 0 13.4 14.200000000000001 25.8 8.4 5.4 67.60000000000001 13 11.4 7.800000000000001 11 8.8 48 33.4 70.2 10.600000000000001 7.2 103.60000000000001 36.4 29.200000000000003 0 0.6000000000000001 0 0 0.4 0 0 0 0 0 0 0.8 0 0 0 0 0.6000000000000001 0 0 0 0 0 0 0 0 0.2 0 0 2.8000000000000003 0 0 0 0 0 0 0 0 0 0 0 0.4 0 0 0.6000000000000001 1.8 0.4 0 0 0 0 0.6000000000000001 0 0 0 0.6000000000000001 0 0 0 0.4 0 13.600000000000001 2.4000000000000004 0.2 2 0 0 2.6 3.4000000000000004 2.4000000000000004 1.2000000000000002 0 3.4000000000000004 0 3 0.2 2.6 0 0 3.8000000000000003 5 0 0 0 0 0 0 0 0 0 0 0 0 0.2 0 0 0 0 0 0 0 0 0 0 0 0 0 0 0.4 0 0 0 0 0 0 0 0 0 0 0 0 0 0 0 0 0 0 0 0 0 0 0 0 0 0 0 0 0.4 0 0.2 0 5 3 6 5.4 0.2 0 0.2 2 0 1.6 0.2 2.4000000000000004 1.2000000000000002 0 10.200000000000001 2.2 0 2.8000000000000003 1 4.800000000000001 0 0 0 0 0 0 0 0 0 0 0 0 0 0 0 0 0 0 0 0 0 0 0 0 0 0 0 0 0 0 0.2 0 0.2 0 0 0.4 0 0.4 0 1.8 0 0 0 0 0 0 0 0 0 0 0 0 0.4 0 0 0 0 0 0 0 0 2.2 0 0 0 0.2 2.2 0 0 0 0 1 0 0 0 0 0 0 0 0 0 0 0 0 0 0 0 0 0 0 0 0 0 0 0 0 0 0 0 0 0 0 0 0 0 0.2 0 0 0 0 
 13.4 0 56.400000000000006 48.800000000000004 46.2 92.4 80.60000000000001 36.2 38.2 44.2 13.4 69 46 63.400000000000006 26 47.2 30.200000000000003 27.200000000000003 6 87.2 0 0.6000000000000001 0 0 0.4 0 0 0 0 0 0 0.6000000000000001 0.4 0 0 0 0.6000000000000001 41.2 0.2 41.2 0 0 0 0 0 0 0 0 1.8 0 0 5.6000000000000005 0 0 0 0 0 0 0 0 0.4 0 0 0.6000000000000001 0 0.4 0 0 0 0 0.4 0 0 0 0.6000000000000001 0 0 0 0 0 0.4 6.2 2 10.200000000000001 1.8 1.4000000000000001 0 5.800000000000001 0 10.600000000000001 2.4000000000000004 1.8 0 5.4 3.4000000000000004 5 2.6 3.4000000000000004 0 4.6000000000000005 0 0 0 0 0 0 2 0 0 0 0 0 3.4000000000000004 0 0 0 0 0 1.6 0 0 0 0 0 0 0 0 0 0 0 0 0 1.6 0 0 0 0 0 0 0 0 0 0 0 0 0 0 0 0 0 0 0 0 0 0 0 0 0 0 0 0.8 9.200000000000001 6.4 3.6 4.6000000000000005 3.2 3.2 4.6000000000000005 2 0.2 6.2 6.2 0 1.4000000000000001 4.2 5.4 3 5.2 0.4 0 0 0 0 0 0 0 0.2 0 0 0 0 1.4000000000000001 5.800000000000001 0 0 0 0 0 0 3 0.4 0 0 0 0 0 0 0 0.4 0 0 0 0 0 0 0 0 0 0 0 0 0 0 0 0.4 0 0 0 0.2 0 0 0 0 0 0.4 0 0 0 0 0 0 0 0 0 0 0.2 0.2 0 18.2 39.6 2.8000000000000003 2.6 1.4000000000000001 0 15 0 0 0 0 0 0 0 0.4 0 0 0 0 0 0 0 0 0 0 0 0 3.8000000000000003 3.2 2.8000000000000003 0 0 0 0 0 0 0 0 0 0 0 0 
 14.200000000000001 56.400000000000006 0 98.2 20.8 45.2 36.6 30.200000000000003 55 16.8 40.800000000000004 22.200000000000003 32 14.200000000000001 69.2 42.800000000000004 9.200000000000001 9.600000000000001 6.2 7.4 0.2 0.8 0.8 0.4 0.2 0 0 0 0 0 0 0.8 16.2 0 1 0 1.2000000000000002 0.6000000000000001 0 0 0 0 0 0 0.6000000000000001 0 1 1 0.6000000000000001 0 0 0 0 0 0.4 0.6000000000000001 0 0 0 13 0.4 0 0 1.2000000000000002 0 2.2 0 0 1.2000000000000002 0.6000000000000001 0.4 0 0 0.6000000000000001 1.6 0 0.4 0.6000000000000001 0 0 3.2 6 0.2 6.4 6 2.6 2.2 2 2.8000000000000003 0 2 7 0 2 0.2 2.6 4.4 3.4000000000000004 0.2 0 0 0 2.6 0 0 0 0 0 0 0 0 0 2 2 0 0 0 0 4.2 3 0 0 0 0 0 0 0 0 0 0 0 0 0 0.4 0 0 0 0 0 0 0 0 0 0 0 0.4 0.2 0 0 0 0 0 0 0.2 0 0 0 0 0 0 0.2 7.2 8.8 0.2 3.4000000000000004 7.4 2.6 5.4 3.6 7.800000000000001 5.6000000000000005 0.2 0 1.6 3.2 1.2000000000000002 2.8000000000000003 1 0 0 0 1.4000000000000001 0 0 0 0 3 0 0 0 0 0.2 0.2 1 0 0 0 0 0 0 0 0 0 0 0 0 0 0 0 0 0 0 0 0 0 0 0 0 0.2 0 0 0 0 0 0 0 0.2 0 0 0 0 0 0 0 0 0 0 0 0 0 0 0 0 0 0 0 0 0 0.2 1.6 1.8 1.6 0 0 0 0 0 0 0 0 0.4 0 0.2 0 0 0 0 0 0 0 0 0 0 0 0 0 1.6 0 0 0 0 0 0 0 0 0 0 0 0 0 
 25.8 48.800000000000004 98.2 0 24.8 26.6 35.4 20.200000000000003 74 25.200000000000003 48.6 16.400000000000002 22.400000000000002 27.8 12.600000000000001 31 24.8 79.80000000000001 10.600000000000001 56.6 0 0.6000000000000001 0 0.8 0.2 0 0 0 0 0 0 0.6000000000000001 14.8 0 0 0 0.6000000000000001 0.2 0 0 0 0 0 0 0 0 0 0 1 0 0 11.600000000000001 0 0 0 0 0 0 0 0.2 0.4 0 0 0.6000000000000001 0 0.6000000000000001 0 0 0 6.2 0.4 0 0 0 0.4 0 0 0 0 0 0 2.6 0 4.800000000000001 8.4 2.4000000000000004 0.2 0 0 5.6000000000000005 4 0 0 2.2 4.800000000000001 0.2 3.8000000000000003 1 0 2 2.2 0 4.4 0.4 0 0 0.2 0 3 0 0 0 1.4000000000000001 2.2 0 0 0 0 1.8 2.6 0 0 0 0 0 0.4 0 0 0 0 0 0 0 0 0 0 0 0.4 0 0 0 0 0.4 0 0 0 0 0 0 0 0 0 4.2 0 0 0 0 0 0 0 2 0 7.4 7.6000000000000005 2 3.6 0.2 0.8 2.6 0 5.6000000000000005 4.800000000000001 1.2000000000000002 0.2 1.6 7 2.8000000000000003 5.6000000000000005 0 0 1.6 1.6 0 0.2 0 0 2.6 0 0 3 0 0 5.6000000000000005 0 3.6 0 0 0 0 0 0 0 0 0 0 0 0 0 0 0 0 0 0 0 0.2 0 0 0 0 0 0 0 0 0 0 0 0 0 0 0 0 0 0 0 0 0 0 0 0 0 0 2.6 0 0 0 0.2 17.8 0 0 0.6000000000000001 0 2 0 0 0 0 0 0 0 0 0 0 0 0 0 0 0.2 0 0 0 0 0 0 0 0 0.2 0 2.2 0 0 0 0 0 0 0 0 0 0 0 0 
 8.4 46.2 20.8 24.8 0 65.60000000000001 9.600000000000001 16.2 15.4 63 102 46.6 17.2 17.8 34.800000000000004 64.8 21 9.600000000000001 13.8 104.4 0 0.6000000000000001 0 0 0.6000000000000001 0.4 0.2 0 0 0 0 0.6000000000000001 1.2000000000000002 27 0 0 0.8 0 0.2 15.200000000000001 0 0 0 0 0 0 0 0 0.2 0 0 0.2 0 0 0 0.4 0 0 0 0 0.4 0 0 0.6000000000000001 0 0.6000000000000001 0 0 0 0 0.4 0 0 0 0.4 0 0 0 0 0 0 2.2 0.6000000000000001 5.6000000000000005 10.4 7.6000000000000005 0 3.4000000000000004 0.4 4.2 2.8000000000000003 2.8000000000000003 0 0 2.2 0 2 0 0 0 5.4 0 1.6 0 0 0 2 2.2 0 0 0 0 2 0 0 0 0 0 2.4000000000000004 3.2 0 0 0 0 0 0 0 0 0 0 0 0 0 2 0 3.2 0 0 0 0 0.2 1.2000000000000002 0 0 0 0 0 0 0 0 0 0 0 0 0.2 0 0 0 0 0 8.200000000000001 7.4 3.6 0 0.2 1.4000000000000001 0 0 7 1 4 0 0 0 0 5.6000000000000005 0 1 0 0 1.8 0 0 4.6000000000000005 0 0 0 0 0 0 0 0 2.4000000000000004 0.6000000000000001 4.2 0 0.2 0 1.8 1.8 0 0 0 0 0 0 0 0.2 0 0 0 0 0 0 0 0 0 0 0 0 0 0 0 0 0.4 0 0 0 0 0 0 0 0 0.6000000000000001 0 0 0 0 0 0 0 0 0 0 0 0 17.8 0 0 10.200000000000001 0 0.8 0 0 0 0 0 0 0 4.4 0 0 4.4 0 0 0 0 0 0 0 0 0 0 0 0 0.4 0 0 0 0 0 0 0 0 0 0 0 0 0 0 
 5.4 92.4 45.2 26.6 65.60000000000001 0 29.200000000000003 4.800000000000001 31.6 12.8 39.6 12.8 10.4 16.8 25.6 77 59 29 10.8 11.8 0 8.200000000000001 0.6000000000000001 15.200000000000001 0 0.4 0.8 0.2 0 0 0 0.6000000000000001 20.200000000000003 6.800000000000001 0 0 5.6000000000000005 0.4 8 0 0.4 0 0 0.4 0 0.2 0 0 0.8 0 1.4000000000000001 13 0 0 8.200000000000001 0 0 0.6000000000000001 0.6000000000000001 0 0.4 1.8 0.6000000000000001 0.6000000000000001 0.2 0.6000000000000001 0.2 0 1.4000000000000001 0.6000000000000001 0.4 0.2 0 0 0.8 1.4000000000000001 0.2 1.6 0 0 0 0 2.6 4.6000000000000005 3.2 0 0 2.4000000000000004 0 0 5 7.6000000000000005 0 0 2.8000000000000003 3 3.8000000000000003 7.2 0 0 0 0 0 0 0 0 0 0 0 0 0 0 4.2 0 0 0 2.8000000000000003 1.6 2 2 0 0 0 0 0 0 0 0 0 0 0 0 0 0 0 0 0 0 0 0 0 0 0 0 0 0 0 0 0 0 0 0 0 0 0 0 0 0.2 0 0 0 2.6 15 2.4000000000000004 5.800000000000001 1 0.2 3.4000000000000004 11.600000000000001 3.4000000000000004 9 0.4 9 0 2.8000000000000003 1 3 2.2 0 0 0.2 0.4 0 3.2 0 0 4 0 0 0 0 0 7.2 3.6 0 2.4000000000000004 2.8000000000000003 0 0 3.2 0 0 0 0 0 0 0 0 0 0 0 0 0 0 0 0 5.2 0 0.4 0 0 0 0 0 0 0 0.2 0 0 0 0 0 0 0 0 0 0 0 0 0 0 0 0 0 0 0.2 0 0 9 0 0 0.4 0 0 1 0 0 0 0 0 0 0 3.6 0 0 0 0 0 0 0 0 0 0 0 0 0 0 0 0 0 0 0 0 0 0 0 0 0 0 0 
 67.60000000000001 80.60000000000001 36.6 35.4 9.600000000000001 29.200000000000003 0 21.200000000000003 51.800000000000004 66.8 6.6000000000000005 46 85.80000000000001 79.80000000000001 40.2 137 47.6 11 25.8 17.6 0 0.6000000000000001 0 0 0.4 0 0 0 0 0 0 0.6000000000000001 0 0 0 0 0.6000000000000001 0 0 0.6000000000000001 0 0 0 0 0 0 10 0 0.4 0 0 0 0 0 0 0 0 0 0 0 0.4 0 0 0.6000000000000001 0 0.4 0 0 0 0 0.4 0 0 0 0.6000000000000001 0.2 0 0 0 8.6 0 11.4 0.2 0 0 0 7.800000000000001 7.2 0 1.4000000000000001 0 0 5.6000000000000005 2.6 0.2 6 4.6000000000000005 5.2 0 5.2 0 0 0 0 0 0 0 0 0 0 0 0 9.600000000000001 0 0 0 1 0 0 0 0 0 0 0 0 0 0 0 0 0.2 0 0 0 0.4 0 0 0 0 0 2.6 0 0 0 0 0 0 0.2 0 0 1 0 0 0 0.2 0 0 0 0 0 0 3.8000000000000003 6.2 3.4000000000000004 9 0.4 2.2 3.8000000000000003 0 2.8000000000000003 4.800000000000001 0.4 2.4000000000000004 3.2 2.8000000000000003 6 0.2 0.4 5.2 4.4 0 0 0 0 0 0 0 0 0 0 0 0 0 0 0 0 0 0 0 0 0 0 0 0 0 0 0 0 0 0 0 0 0 0 0 0 0 0 0.4 0.2 0 0 3.8000000000000003 0 0 0 0 0 0 0 0 0 0 0 0 0 0 0 0 0 0 0 2.2 0 0 0 0.2 10.600000000000001 0.4 0.4 1.6 0.4 2.2 2.2 0 0 0 0 0 15 0 0.2 0 0 0 0 0 0 0 0 0 0 0 0 0 0 0 0 0 0 0 0 0 0 0 0 0 0 0 0 1.4000000000000001 
 13 36.2 30.200000000000003 20.200000000000003 16.2 4.800000000000001 21.200000000000003 0 16.2 25.200000000000003 9.600000000000001 24 38.800000000000004 18.400000000000002 29 11.600000000000001 25.6 97.4 44.2 47.2 0.6000000000000001 0.6000000000000001 0.4 0 0 0 0.2 0 0.4 0 0 0.6000000000000001 0 0 0 0.2 0.6000000000000001 0.4 0 1 0 0 0 0 0 0.8 0 0.4 0 0 0.2 0 0 0 0 0 0 0 0 0 0.4 0 0 1.2000000000000002 0 0.6000000000000001 1 0 0 0 1 1 0 0 1.2000000000000002 0 0.4 0.6000000000000001 0 0.4 0 5.6000000000000005 8 2.4000000000000004 2.2 2.4000000000000004 2.6 8.8 2.8000000000000003 0 0 2.4000000000000004 6.4 2 4.6000000000000005 0 0 0 8.8 1.4000000000000001 0 0 0 0 0 0 0 0 0 0 0 0 0 0 0 0 0 0 0 0 0.4 0 0 0 0 0 0 0 0 0 0 0 0 0 0 0 0 0 0 0 0 0 0 0 0 0 0 0 0 0 0 0 0.6000000000000001 0 0.2 0 0 0 0 0 4 4.800000000000001 0 0 0 0 0 2.6 0 3 0.2 2.6 4.4 2 3.2 4 4.6000000000000005 5.6000000000000005 15 3.8000000000000003 0 0 0 0 0 0 0.2 0 0 0 0 0 0 0 0 0 0 0 0 0 0.2 0 0 0 0 0 0 0 0.4 0 0 0 0 0 0 0 0 0 0 0 0 0 0 0 0 0 0 0 0 0 0 0 0 0 0.2 0 0 0 0 0 0 0 0 0 0 17.2 0 0 0.4 9 0 2.2 0 0 0 0 0 0 0 0 2.4000000000000004 0 0 0 0 0 0 0 0 0 0 0 0 0 0 0 0 0 0 0 0 0 0 0 0 0 0 0 0 0 
 11.4 38.2 55 74 15.4 31.6 51.800000000000004 16.2 0 40.400000000000006 52 14.600000000000001 19 25.200000000000003 31.200000000000003 76.60000000000001 9.8 8.4 23.8 17.2 0 2.6 0 0 0.4 0 0 0 0 0.6000000000000001 0 0.6000000000000001 0 0 4.800000000000001 0 0.6000000000000001 0 0 0 0 0 0 0 0 0 0 0 0.4 0 0.2 12.200000000000001 0 0 0 0 0 0 0 0.4 0.4 0 0 0.6000000000000001 0 0.6000000000000001 0 0 0.6000000000000001 0 1 0 0 0 0.4 0 0 0 0 0 0 0 0 6.2 2 2 2.8000000000000003 0 0 2 3.6 4 0 0 2.4000000000000004 8 2.4000000000000004 0.4 1.8 0 2 0 0 0 0 0 2.4000000000000004 0 0 0 0 0 9 0 0 0 0 0.4 13.4 0 0 0.2 0 0 0 0 0 0 0 0 0 0 0 0 1.4000000000000001 0 0 0 0.2 0 0 0 0 0 0 0 0 0 0 0 0 0 0 0 0 0 0 0 0 0 0 0 0.2 0 2.4000000000000004 2.2 7.4 3 0.8 0 8.8 0 0 4.2 0 3.4000000000000004 4.800000000000001 1.6 0 0 0 0 0.4 0 0 0 0 0 0 0 0 0 2 0 2.8000000000000003 0 0 0 0 4.800000000000001 0 0 0 0 0 0.2 0.2 0 0 0 0 0 0 0 0 0 0 0 0 0 0 0 0 0 0 0 0 0 0 0.2 0 0 0 0 0 0 0 0 0 0 0 0 0 0 0 0 0 0 17.8 18 3.6 1 0 0 0 0 0 0 0 0 0 0 0 0 0 0 0 0 0 0 0 0 0 0 0 0 4.2 2.2 0 0 0 0 0 0 0 0 0 0 0 0 
 7.800000000000001 44.2 16.8 25.200000000000003 63 12.8 66.8 25.200000000000003 40.400000000000006 0 69.8 11.4 27.400000000000002 18.6 50 43.800000000000004 49 50.2 12.8 23.200000000000003 0 0.6000000000000001 0 0 0 0 0 0.6000000000000001 0 0 0 0.6000000000000001 15 0 0 0.4 0.8 0.4 0 0 0 0 0 0 0 0 0 0 0 0 0.4 0 0 17 0 0 0 0 0 0 0.4 0 0 0.6000000000000001 0 0.6000000000000001 10.4 0 0 0 0.4 0 0 0 0.4 0 0 0 0 0 2.8000000000000003 2 3.8000000000000003 6.800000000000001 2 1.4000000000000001 0 2 2 2.2 2.2 5.2 0 1.8 0 4 3 0 0 0 0 0.2 0.4 0 0 0.2 0 0 0.2 0 0.2 0.2 3.8000000000000003 0 0 0 0 0.4 2.8000000000000003 0 0 0 0 0 0 0 0 0 0 0 0.6000000000000001 0 0 0.4 0 0 0 0 0.4 0 0 0 0 0 0 0.2 0 0 0 0 0 0 0 0 0 0 0 0 0 0 1 3 0 0.2 2 0.6000000000000001 8.200000000000001 1.6 0 2.4000000000000004 0 0.4 0 3.8000000000000003 1.4000000000000001 0 4.2 1.2000000000000002 0 0 0.6000000000000001 0 0 0 0 0.2 0 0 0 0 0 0.4 0 0.4 0 0.2 0 0 0 0 0 0 0 0.4 0 0 0 0 0 0 0 0 0.2 0 0 0 0 0 0.6000000000000001 0 0 0 0 0 1.6 0 0.2 0 0 0 0 1.2000000000000002 0 0 0 0 0 0 0 0 0 0 0.2 0 0 0 0 0 1.2000000000000002 18 1.8 1 0 0 0 0 0 0 0 0 0 0 0 0 0 0 0 0 0 0 0 0 0 0 0 0 1.8 0 0 0 0 0 0 0 0 0 0 0 0 0 
 11 13.4 40.800000000000004 48.6 102 39.6 6.6000000000000005 9.600000000000001 52 69.8 0 36.800000000000004 4.2 10.600000000000001 52.6 19 43.6 42 12.4 52.800000000000004 15.4 0.6000000000000001 0 0 0.2 0 0 41.6 0.4 0 0.4 0.6000000000000001 0 15.4 0.4 0.6000000000000001 1 0.2 0 0 0 0 1 0.4 0 0 0 0 1.2000000000000002 0 0 3.6 0 0 0 0.4 0 0.8 0 0 0.8 0 0 0.6000000000000001 0 0.4 0 0 0 0 5 0 0 0 0.6000000000000001 0 0 0 0 0 0 0 0 5.6000000000000005 7.2 3.8000000000000003 0 0 3 5.6000000000000005 3 3.8000000000000003 0 0.2 0 4 1.8 2.4000000000000004 0 0 2.4000000000000004 0 0 0 0 0 4 0 3.4000000000000004 0 0 0 4.800000000000001 0.2 0 2 0 0 6.800000000000001 0 0 0 0 0 0 0 0 0 0 0 0.4 0 0.2 0 0 0 0 0 0 0 0 0 0 0 0 0.4 0 0 0 0 0 0 0 0 0 0 0 0 0 0 0 2 0.4 0 5.4 7 9.4 2.8000000000000003 3 0.4 7.2 0.2 0.6000000000000001 5.800000000000001 0 2.2 0.2 1.2000000000000002 0 0 0 0 0 0 0 0.2 1.6 4.4 0 0 0 0 2.6 0 5.2 0 0 0 3.2 7.800000000000001 0 0 0 0 0 0 0 0 0 0 0 0 0 0 0 0 0 0 0.2 0 0 0 0 0 0 0 0.4 0 0 0 0 0 0 0 0 0 0 0 0 0 0 0 0 0 0 0 1.2000000000000002 0.4 16.8 0.2 3 0 0 0 0 0 0 0 0 0 0 0 0 0 0 0 0 0 0 0 0 0 0 0 0 0 4.6000000000000005 5.6000000000000005 0 0 0 0 0 0 0 0 0 0 0 0 
 8.8 69 22.200000000000003 16.400000000000002 46.6 12.8 46 24 14.600000000000001 11.4 36.800000000000004 0 7.800000000000001 50.6 50.2 25.8 18.400000000000002 13.8 10.600000000000001 6.2 0 9.200000000000001 0 5.2 8.200000000000001 0 0 15 0 0 0 1.4000000000000001 0 2.4000000000000004 0.2 6.4 1 0 0 14.8 0 0 0 0 0 0 0 0 0.2 0 0 12 0 0 0 0 0 0 0 0 0.4 0 0 0.6000000000000001 0 0.4 0 0 0 0 0.4 0 0 0 0.6000000000000001 0 0 8.8 0 0 0 0 0 2.8000000000000003 2.8000000000000003 14.4 0 3.2 2.6 2 3.4000000000000004 0 0 0 2.6 0 0 0 0 0 4.2 0 4.4 0 0 0 1.8 2 6 0 0 0 1.4000000000000001 1.8 2.8000000000000003 0 2.4000000000000004 0 0 0 0 0 0 0 0 0 0 0 0 0 0 0 0 0 0 0 0 0 0 0 0 0 0 0 0 0 0 0 0 0 0 0 0 0 0 0 0 0 0 0 0 0 0 0 3 5.6000000000000005 0 0 0 0.2 2 0 0 0 0 3 4.800000000000001 1.6 0 0 6.4 6 0.2 0.2 0 0 0 0.2 0 2.6 0 0 2.6 0 5.2 0 0 0 2 0 0 0 0 0 0 0 0 0 0 0 0 0 0 0 0 0 0 0 0 0 0 0 0 0 0 0 0 0 0 0 0 0 0 0 0 0 0 0 0 0 0 0 0 0 0 0.4 0.6000000000000001 0 1.4000000000000001 17.6 0.4 2.6 0.4 0 0 0 0 0 0 0 0 0 0 0 0 0 0 0 0 0 0 0 0 0 0 0.2 0.2 3.8000000000000003 0 0 0 0 0 0 0 0 0 0 0 0 
 48 46 32 22.400000000000002 17.2 10.4 85.80000000000001 38.800000000000004 19 27.400000000000002 4.2 7.800000000000001 0 23.6 6.800000000000001 8.200000000000001 50.6 40.400000000000006 10.200000000000001 22.6 0 0.6000000000000001 14.4 0 0.2 0 0 0 0 0 0 0.6000000000000001 0 0 0 0.4 0.6000000000000001 0 0 0 0 0 0 0 0 0.2 0 0 3 0 0 0 0 0 0 0 0 0 0 0 0.4 0 0 0.6000000000000001 0 0.4 0 0 0 0 0.4 0 0 0 0.6000000000000001 0 0 0 0 0 2.8000000000000003 2.8000000000000003 2.4000000000000004 5.2 0 0 0 0 6 4.2 0 0 10 7 4.800000000000001 0 0 0 14.200000000000001 3.4000000000000004 0 0 0 0 0 0 0 0 0 0 0 0 0 0 0 0 0 0 2.8000000000000003 0 0 0 0 0 0 0 0 0 0 0 0 0 0 0 0 0 0 0 0 0 0 0 0 0 3.8000000000000003 0 0 0 0 0 0 0 0 0 0 0 0 0 0 0 4 2 4.2 0 6.4 0 2 0 0 1.8 0 1.2000000000000002 5.6000000000000005 1.4000000000000001 4.6000000000000005 4.6000000000000005 4.800000000000001 6.800000000000001 0 0 0 0 0 0 0 0 0.2 0 0 0 0 0 0 0 0 0 0 0 0 0.2 0 0 0 3 0 0 0 0 0 0 0 0 0 0 0 0 0 0 0 0 0 0 0 0 0 0 0 0 0.4 0 0 0 0 0 0 0 0 0 0 0 0 3.2 0 0 0 0.4 19 0 0 0 2.6 1.4000000000000001 0 0 0 0 0 0 0 0 0 0 0.2 0 0 0 0 0 0 0 0 0 0 0 0 0 3 0 0 0 0 0 0 0 0 0 0 0.2 0 0 
 33.4 63.400000000000006 14.200000000000001 27.8 17.8 16.8 79.80000000000001 18.400000000000002 25.200000000000003 18.6 10.600000000000001 50.6 23.6 0 64.60000000000001 14 16.6 6 35.4 16.8 0 1 0 0 0.2 0 0.4 0 0 0 0 0.6000000000000001 0 0 0 0 0.6000000000000001 0.6000000000000001 0 0 0 0 0 0 0 0 0 0 0.2 0 0 12.600000000000001 0 0.4 0 0 0 0 0 0 0.4 0 0 0.6000000000000001 0 0.6000000000000001 0 0 0 0 0.4 0 0 0 0.8 0 0 0 0 0 6 1.8 4 3 0 4.4 0 6.6000000000000005 0 2.8000000000000003 2.2 0 6.6000000000000005 0 5.6000000000000005 0 2.2 4.800000000000001 4 5.800000000000001 0.2 0 0 0.4 0 0 0 0 0 0 0 0 0 0 0 0 0.4 0 0 0 0 0 0 0 0 0 0 0 0 0 0 0 0 0 0 0 0 0.4 0 0 0 0 0.4 0 0 0 0 0 0 0 0 0 0 0 0 0 0 0 0 0 9.600000000000001 3.2 2.8000000000000003 2.2 2 0.2 0 2.4000000000000004 5.800000000000001 0 3.6 0 1.6 0 3.6 5.6000000000000005 3 2.8000000000000003 3.2 0 0 0 0 0 0 0 0 0 0 0 0 0 5.4 0 0 0 0 4.800000000000001 0 0 0 0 0 0 0 0 0 0 0 0 0 0 0 0 0 0 0 0 0 0 0 0 0 0 0 0 0 0.4 0 0 0 0 0 0 0 0 0 0 0 0.2 0 3.8000000000000003 0 0 0 0.8 0.6000000000000001 0 0.4 0.4 0.2 1.8 0 0 0 0 0 0.4 0 0 0 0 4 0 0 0 0 0 0 0 0 0 0 0 0 0 0 0.2 0 0 0 0 0 0 0 0 0 0 0 0 
 70.2 26 69.2 12.600000000000001 34.800000000000004 25.6 40.2 29 31.200000000000003 50 52.6 50.2 6.800000000000001 64.60000000000001 0 69.2 29.400000000000002 26.200000000000003 14.600000000000001 18 0 0.6000000000000001 0 15.8 0.2 0 0 0 0 19 0 0.6000000000000001 15 0 0 0 0.6000000000000001 0 0 0 0 0 0 0 0 0 0 0 0 0 0 0 0 0 0.4 0 0 0 0 12.8 0.4 0 0 0.6000000000000001 0 0.4 0 0 0 0 0.4 0 0 0 0.6000000000000001 0 0 0 0 0 2 3.4000000000000004 5.2 0 0 0 2.6 0.2 4.6000000000000005 1.8 0 0 3 0 3.6 4.2 4.4 5.2 2.4000000000000004 2.2 0 0 0 0 0 0 0 0 0 0 0 0 3.4000000000000004 0 0 0 0 0 0 0 0 0 0 0 0 0 0 0 0 0 0 0 0 0 0 0 0 0 0 0 0 0 0 0 0 0 0 0 0 0 0 0 0 0 0 0 0 0 0 0 0.4 7.800000000000001 0 2 0 4 7 0 1.8 5.800000000000001 1.2000000000000002 0 1.8 2.6 0.2 6.6000000000000005 0 2.6 13.200000000000001 0 0 0 0 0 0 0 0 0 0 0 0 0 1.6 0 0 0 0 0 0 0 0 0 0 0 0 0 0 0 0 0 0 0 0 0 0 0 0 0 0 0 0 0 0 0 0 0 0 0 0 0 0 0 0 0 0 0 0 0 0 0 0 0 0 0 0 0.4 0 0 0.6000000000000001 10 0.2 1.2000000000000002 1.4000000000000001 0 0 0 0 0 0 0 0 0 2 0 0 0 0 0 0 0 0 0 0 0 0 0.2 0 0 0 0 0 0 0 0 0 0 0 0 0 0 
 10.600000000000001 47.2 42.800000000000004 31 64.8 77 137 11.600000000000001 76.60000000000001 43.800000000000004 19 25.8 8.200000000000001 14 69.2 0 33 14.600000000000001 6.6000000000000005 18 0 0.6000000000000001 0 0 0.2 0.2 0 0 0.2 0.6000000000000001 0 0.6000000000000001 27 0.4 0 0.4 0.6000000000000001 0 0.4 0 0 0.4 0 0 0 0 0 0 0 0 0 0 0 0 4.6000000000000005 0 0 0 0 0 0.4 0 0 0.6000000000000001 0 0.4 0 0 0 0.4 0.4 0 0 0 0.6000000000000001 0 0 0 0 0 0 7 0 2.4000000000000004 6 9.4 0 4.4 0.2 3.4000000000000004 10.4 6 0 0 0 1 3.8000000000000003 8 0.4 0 0.4 0 0 0 0 0 0 0 0 0.2 0.4 0 11.8 2.6 0 0 0 0 0 0 0 0 0 0 0 0 0 0 0 0 0 0 0 0 0 0 0.4 0 0 0 0 0 0 0 0 0 0 0 0 0 0 0 0 0 0 0 0 0 0 0 0.2 2.6 2.6 13.200000000000001 2 4.800000000000001 3.8000000000000003 0.4 2.2 7.2 0 6 0 4.2 0 0 0 2.2 0 0 1.8 12.8 0 0 0 0 5.6000000000000005 0 0 0 0 0 0.8 0 0 0 0 0 0 0 0 0 0.2 3 0 0 0 0 0 0 0 0 0 0 0 0 0 0 0 0.4 0.2 0 0 0 0 0 0 0 0 0 0 0 0 0 0 0 0 0 0 0 0 0 0 0 0 0.2 0.4 0.4 1.4000000000000001 11.8 0 2.4000000000000004 6.6000000000000005 0 0 0 0 0 0 0 0 0 0 0 0 0 0 0 0 0 0 0 0 0 0 0 0 0 0 0 0 0 0 0 0 0 0 0 0 0 
 7.2 30.200000000000003 9.200000000000001 24.8 21 59 47.6 25.6 9.8 49 43.6 18.400000000000002 50.6 16.6 29.400000000000002 33 0 13.8 31 79 15.4 0.6000000000000001 0 0.4 1.6 0 0 0 0 0 0 0.6000000000000001 12.200000000000001 0 0 0.6000000000000001 0.6000000000000001 0.4 0.6000000000000001 0.4 0 0.6000000000000001 0 0 0 0.4 0 0 0 0.6000000000000001 0 0 0 0 0 0 0 0 0 0 0.4 0 0 0.6000000000000001 0 0.6000000000000001 0 0 0 0 0.4 0 0 0 0.4 0.6000000000000001 0 0 0 0 0 1.4000000000000001 4.800000000000001 3.2 2.4000000000000004 0 1.6 0 3.8000000000000003 11 15.8 0 4.6000000000000005 9.8 1.8 0 7.2 4.6000000000000005 0 0.4 0 0 0 0 0 0 0.2 0 4.4 0 0 0 0 0.4 0 2.4000000000000004 0 0 2 0 0 0 0 0 0 0 0 0 0 0.2 0 0.2 0 0 0 0 0 0 0 0.4 0 0 0 0 0 0 0 0 0.8 0.6000000000000001 0 0 0 0 0.8 0 0 0 0 0 4.800000000000001 2.2 2.4000000000000004 3 0 0 2.8000000000000003 0 6 1.2000000000000002 1.6 4.6000000000000005 0 1.8 2.6 2.4000000000000004 2.8000000000000003 0 0 0 1.4000000000000001 1.6 0 0 0 0 4 5.6000000000000005 0 0 0 0 3.6 0 1 0.2 0 0 3.6 2.8000000000000003 0 0 0 0 0 2.8000000000000003 0 0 0 0.2 0 0 0 0 0 0 0 0 0 0 0 0.4 0 0 0 0 0 0 0 0 0 0 0 0 0 0 0 0 0 0 0 0 0 0 0 0.6000000000000001 0.2 0.4 0.6000000000000001 0 0 0.4 0 0 0 0 0 0 0 0 0 0 2.8000000000000003 0 0 0 0 0 0 0 0 0 0 0 0 3 3.2 0 0 0 0 0.2 0 0 0 0 0 0 0 0 
 103.60000000000001 27.200000000000003 9.600000000000001 79.80000000000001 9.600000000000001 29 11 97.4 8.4 50.2 42 13.8 40.400000000000006 6 26.200000000000003 14.600000000000001 13.8 0 6.800000000000001 10.600000000000001 0 0.6000000000000001 0.4 0 0.4 0 0.2 0 0.4 0.2 0.4 0.6000000000000001 0.2 12 0 0 0.8 0 2.4000000000000004 0 0 0 0.4 0 0 0 0 0 0.4 0 0 0.2 0 0 0 0 0 0 16.2 0 0.4 0.4 0 0.6000000000000001 0.4 0.4 0 0.2 1.8 0 0.4 5.2 0 0 0.6000000000000001 0 8.200000000000001 0 0 0 0 4.6000000000000005 5.6000000000000005 1.4000000000000001 10 3.4000000000000004 0 0 0.4 1.2000000000000002 8.200000000000001 4.2 2.8000000000000003 4.6000000000000005 2.2 0 0.2 0 0.4 2.6 6.6000000000000005 0 0 0 0 0 0 0 0 0 0.4 0 0 0 0 0 0 0 1.2000000000000002 3 0 0 0 0 0 0 0 0 0 0 0 0 0 0 0 0 0 0 0 0 0 3.4000000000000004 0 1.8 0 0 0 0 0 0 0 0 0 0 0 4.2 0 0 0 0 0.2 4 5 2.8000000000000003 0.2 0 0.2 0.2 3.2 8.6 3.6 4 5.6000000000000005 0 2.6 5.800000000000001 1.8 5.800000000000001 0 0 1.8 0 0 0.6000000000000001 0 0 0 0 0 0 0 0 0.2 4.2 2.6 0 0.2 0 1.8 1.8 0 0 0 0 0 0 0 0 0 0 0 0 0 0 0 0 0.2 0 0 0.4 0 0 0.2 0 0 0 0 0 0 0 0 0 0 0 0 0 0 0 0 0 0 2.2 0 0 0 0.4 27 0 1.6 0.6000000000000001 0 0.4 0 0 0 0 0 0 0 0 0 0 0 0 0 0 0 0 0 0 0 0 0 0 0 0.8 0 0 0 0 0 0 0 0 0 0 0 0 0 0 
 36.4 6 6.2 10.600000000000001 13.8 10.8 25.8 44.2 23.8 12.8 12.4 10.600000000000001 10.200000000000001 35.4 14.600000000000001 6.6000000000000005 31 6.800000000000001 0 44.6 0 0.6000000000000001 0 0 0.2 0 0 0 0 0.2 0 0.6000000000000001 15.8 0 0 0.4 0.6000000000000001 0.2 0 0 0 0 0 0 0 0 15.600000000000001 0 0 0 0 0 0 0 0 0 0 0 0 0 0.4 0 0 0.6000000000000001 0.6000000000000001 0.6000000000000001 10 0 0.6000000000000001 0 0.4 0 0 0 0.4 0 0 0 0 0 7.2 1 2.2 0 0 0 1.4000000000000001 3.4000000000000004 2 0 0 0 2.8000000000000003 0 0 0.2 2 0 3.6 1.6 0 0 0 0 0 0 0 0 0 0 0 0 0 0 0 0 4.6000000000000005 0 0 0 0 0 0 0 0 0 0 0 0 3.8000000000000003 0 0 0 0 0 2.2 0 0 0 0 0 0 0 0 0 0 0 0 0 0 0 0 0 0 0 0 0 0 0 0 6.2 0 0 0 0 0 0 7.4 0 0 0 0.2 0 8.4 4.4 1.6 0 3.8000000000000003 1.8 2.2 0 0 0 0 0 0 0 0 0 0 0 0 0 0 0 0 0 0 4.4 0 0 0 0 0 0 0 0 0 0 0 0 0 0 0 0 2 0 0 0 0 0 0 0 0 0 0 0 0 0 0 0 0 0 0 0 4 0 0 0 0 0 0 0 0 0 0 0 0 0 0.4 0 1.6 0 0 0 0 0 0 0 0 0 0 0 0 0 0 0 0 0 0 0 0 0 0 0 0 0 0 0 0 0 0 0 0 0 0 0 0 0 1.8 
 29.200000000000003 87.2 7.4 56.6 104.4 11.8 17.6 47.2 17.2 23.200000000000003 52.800000000000004 6.2 22.6 16.8 18 18 79 10.600000000000001 44.6 0 0 0.6000000000000001 0 0 0.2 0 0 0 0 0 0 0.6000000000000001 15.8 0 0 0.4 0.6000000000000001 0 0 0 0 0 0 0 0 0 0 0 0 13 12.4 0 0 0 0 0 0 0 0 0 0.4 0 0 0.6000000000000001 0 0.4 0 0 0 0 0.4 0.2 0 0 0.6000000000000001 0 0 0 0 0 5.2 8.6 5.800000000000001 1.8 2 1.4000000000000001 4.4 3.2 0 0 5.800000000000001 2.6 2 1.4000000000000001 0 3 2 0 3 0 0.2 0 0 0 0 0 0 0 0 0.4 0.2 0 2.8000000000000003 0.2 0 0 0 0 0 0 0 0 0 0 0 0 0 0 0 0 0 0 0 0 0 0 0 0 0 0 0 0 0 0 0 0 0 0 0 0 0 2.8000000000000003 0 0 0 0 0 0 0 0 11.8 0.4 0 0.4 0 0 1.8 2.8000000000000003 0 0 0 2 0.6000000000000001 2.2 5.6000000000000005 0 3.8000000000000003 0 0.4 3.8000000000000003 0 0 0 0 0 0 0 0 0 0 0 0 0.4 0 0 0 0 0 0 0 0 0 0.2 0 0 0 0 0 0 0 0 0 0 0 0 0 0.4 0 0 0.2 0.4 0 0 0 0 0 0 0 0 0 0 0 0 0 0 0 0 0 0 0 0 0 0 0 0 0.4 0.2 0 0.4 0.6000000000000001 0.4 1.4000000000000001 0 0 0 0 0 0 0 2.8000000000000003 0 0 0 0 0 0 0 0 0 0 0 0 0 0 0 4.2 0 0 0 0 0 0 0 0 0 0 0 0 0 0 
 0 0 0.2 0 0 0 0 0.6000000000000001 0 0 15.4 0 0 0 0 0 15.4 0 0 0 0 33 34 67 51.2 8.200000000000001 28 11.200000000000001 11 14.600000000000001 7.2 23.8 7.800000000000001 82.4 23 22 28.400000000000002 35 65.2 24.400000000000002 0.4 0 0 0.6000000000000001 0 0 0.6000000000000001 0.4 12.4 2.2 0 0.2 1 0 0.6000000000000001 0.4 1.4000000000000001 0 0 0 0 0.4 0 0.6000000000000001 0 0 1 0 0 0 0.6000000000000001 0 0 0 1.2000000000000002 0 11.4 0.6000000000000001 0 0 0 0 0 1.4000000000000001 0 0 0 0 0 0 0 0 0 0 0 0 0 3.2 1.2000000000000002 0 2.4000000000000004 2.6 2.2 7 0 0 0.2 3.8000000000000003 4.6000000000000005 4.6000000000000005 0 8 0 3.8000000000000003 0 3.4000000000000004 0 9 2.2 4.6000000000000005 0 0 0 0 0 0 0 1.4000000000000001 0 0 0 0 1.8 0 0 0 0 0 0 0 0 0 0 0 0 0 0 0 0 0 1 0 0 0 0 1.2000000000000002 0 0 0.2 10.200000000000001 0 0 0 0 0 0 0 0 0 0.4 0 0 0 0 0 0 0 0 0 0 2 0 4.6000000000000005 2 3.8000000000000003 0.2 1.6 3.8000000000000003 1.8 2.6 4.4 9 1.8 8.8 4.6000000000000005 2.4000000000000004 1.4000000000000001 3.2 0.4 2.6 0 0 0 0 0 0 3.2 0 0 0 0 0 0 0 0 0 0 0 3.2 0 0 0 0 0 0 0 0 0 0 0 0 0 0 0 0 0 0 0 0 0 0 0 0 0 0 0 0 0 0 0.2 0 0 0 0 0.6000000000000001 0.4 0.4 0.4 17.6 0.2 0.4 0.4 0 0 0 0 0.8 0 0 0 0 0 0 0 0.4 0 2.4000000000000004 0 0 0 0 1.2000000000000002 0 0 0 0 2.6 0 0 0 
 0.6000000000000001 0.6000000000000001 0.8 0.6000000000000001 0.6000000000000001 8.200000000000001 0.6000000000000001 0.6000000000000001 2.6 0.6000000000000001 0.6000000000000001 9.200000000000001 0.6000000000000001 1 0.6000000000000001 0.6000000000000001 0.6000000000000001 0.6000000000000001 0.6000000000000001 0.6000000000000001 33 0 73.2 24.8 47 7.2 31.400000000000002 130.4 91.2 23.8 14.4 6.6000000000000005 16.400000000000002 18 119.60000000000001 28.400000000000002 54.400000000000006 13 33.6 28.400000000000002 0 0 4 1.8 0 0 0.6000000000000001 0 0 1.6 0 0 0 0.2 0.6000000000000001 0.4 0 0 0 0 0.2 0 0 0 0 0 0.6000000000000001 0 0 0 0.6000000000000001 0 0 0 0 0 0 0.6000000000000001 0 0 0 0 0 0 11.600000000000001 0 0 0 0 0 0 0 0 0 0 0 0 0 0 0 3.4000000000000004 6.4 3.6 12.600000000000001 6.2 0.2 10.200000000000001 0.4 0 0 4.2 0 0 5.4 9 1.8 4.6000000000000005 5 2.2 4 0 0 0 0 0 0 0 0 0 0 0 0 0 0 0 0 0 0 0 0 0 0 0 0 0 1.4000000000000001 1.2000000000000002 0 0 0 0 0 0 0 0 0 0 0 0 0 0 0 0.2 0 0 0 0 0 0 0 0 0 0 0 0.2 0 0 0 0 0 0 4 9.8 5.800000000000001 2 0 2.2 7.800000000000001 0 0.8 0 5.4 0 2 4 1.8 3.6 2.2 3.4000000000000004 0 0.4 0 0 0 0.4 0 0 0 0 0 0.4 0 0 0 0 0 0 0 0 2.6 0 0 0 0 0 0 0 0 0 0 0 0 0 0 0 0 0 0 0 0 0 0 0 0 0 0 0 0 0 0 0 0 0 0 0.6000000000000001 0 0.6000000000000001 0 0 0.4 0.8 0.6000000000000001 0 0 0 0 2.4000000000000004 0 0 0 0 0 0 0 0 0 0 0 0 0 0 0 0 0 0 0 0.8 0 0 0 
 0 0 0.8 0 0 0.6000000000000001 0 0.4 0 0 0 0 14.4 0 0 0 0 0.4 0 0 34 73.2 0 82.4 26.6 6.4 17.2 63.2 13.8 73.4 35.800000000000004 60.400000000000006 27.8 29 85.2 17 29.200000000000003 54.6 19 85.80000000000001 0 0 0 0.6000000000000001 0.4 0 1.2000000000000002 0.4 0.2 0 0 0 0.2 0 0.6000000000000001 5.800000000000001 1.2000000000000002 0 0 0 0 0 0 0 0.6000000000000001 1 0.6000000000000001 0 0 0 0.6000000000000001 0 0 0 0.6000000000000001 0 0 0.6000000000000001 1.6 0 0 0 0 0 2.2 0.2 0 0 0 0 0 0 0 0 0 0 0 0 0 0 2.4000000000000004 1.6 1.4000000000000001 0.2 2.4000000000000004 0.2 4.6000000000000005 5.2 0 9.600000000000001 6.800000000000001 1.2000000000000002 2.2 0.4 3.2 3.4000000000000004 4.4 0.2 1.6 11 0.4 0.2 0 0 0 0 0 0 0 0 0 0 0 1.2000000000000002 0 0 0 0 6 3.2 0 0 0 0 0 1.8 1.2000000000000002 0 0 0 0 0 0 3 0 0 0.4 0 0 0 0 0 0 0 0 2.2 0 0 0 0 0 0 0 0 0 6.800000000000001 0 0 0 0 0 4 10.4 0 2 0 2.6 0 7.6000000000000005 0.4 1.8 5 0 8.6 0 0.6000000000000001 2.6 0 8.6 0 0 0 0 0 0 0 0 2 2.6 0 0 0.4 1.6 0 0 0 0 0.4 2 2.2 0 0 0 0 0 0 0 0 3 0 0 0 0 0 0 0 0 0 0 0 0 0 0.2 0 0 0.2 0 0 0 0 0 0 0 0 1 0 0 1.8 0.4 0.2 0.2 2.2 0 0 0 0 2.4000000000000004 0 0 0 0 0 0 0 0 0 0 0 0 3.8000000000000003 0 0 0 0.4 0 0 0.2 0 0 0 
 0 0 0.4 0.8 0 15.200000000000001 0 0 0 0 0 5.2 0 0 15.8 0 0.4 0 0 0 67 24.8 82.4 0 44.800000000000004 62.6 15.8 18.6 52.6 80.2 27.200000000000003 7.800000000000001 11.600000000000001 18.6 47.6 38.400000000000006 18.8 21.8 58.6 27 12.4 0 0 0.6000000000000001 0 0 13.200000000000001 0 0 0 0 0 0 0 0.6000000000000001 0.4 0 0.2 13 0.4 0 0 0 0 1.4000000000000001 1 0.6000000000000001 0 0.6000000000000001 0 0.6000000000000001 0 0 0 0 0 0 9.600000000000001 0 0 0 0 0 0 0 0 0 0 0 0 0 0 0 0 0 0 0 0.4 0 0 0 5.6000000000000005 3.4000000000000004 6 9 9.600000000000001 0 0 4.800000000000001 6.2 8.4 3 0 0 1.8 0 3.8000000000000003 4 0 3 0 3 5 0 0 0 2.8000000000000003 2 0 0 0 0 0 8.6 3.6 0 0 0 3.6 6.4 0 0 0 0 0 0.8 0.8 0 0 0 0 0 0 0 0 0 0 0 0.4 0 0 0 0 0 0 0 0 0 0 1 0 0 0 0 0 0 0.6000000000000001 0 0 0 0 0 2.8000000000000003 0 5 0 2.2 0 2.8000000000000003 4 7.2 3.2 0 0.2 0 2 0.4 3.8000000000000003 0 0 1.8 0 0 0 0 0 3.6 2 0.2 0 0 0 0.6000000000000001 1.6 0 0 1.4000000000000001 0 0 6.4 0 0 0 0 0 0 0 0 0 0 0 0 0 0 0 0 0 2.4000000000000004 0 0 0 0 7.6000000000000005 0 0 0 0 0 0 0 0 0 0 0 0.8 0 0.4 1 0.4 0.4 2.4000000000000004 2.8000000000000003 0 0 0 0 0 0 0 0 0 0 0 0 0 0 0 0 0 0 0 1 0 0 1.6 1.6 0 0 0 0 
 0.4 0.4 0.2 0.2 0.6000000000000001 0 0.4 0 0.4 0 0.2 8.200000000000001 0.2 0.2 0.2 0.2 1.6 0.4 0.2 0.2 51.2 47 26.6 44.800000000000004 0 13.200000000000001 5.800000000000001 15.200000000000001 55.400000000000006 35 51.6 30.200000000000003 10.4 15 26.8 21.200000000000003 27 15.4 100.60000000000001 17.2 11.600000000000001 0 0 0.6000000000000001 0 0 0.4 0.2 0 0 0 0 0 0 0.4 0.4 0 0 12.8 0.4 0.4 0 0.2 0.4 0.4 3 0.8 0.4 0 0 1 0.4 0.4 0 0.2 0.4 0.4 0.6000000000000001 0 0 0 0 0 0 0 0 0 0 0 0 0 0 0 0 0 0 0 0 0 0 0 7.4 5.4 0 5.800000000000001 9 0.2 2 0 9.8 4 0 0 0 1.6 0 3.6 1.8 0 2 0 4 2.6 0 0 0 0 1.4000000000000001 0.4 0 0 0.2 1 6.800000000000001 2.8000000000000003 0 2.4000000000000004 0 8 9 1.2000000000000002 0 0 0 1.2000000000000002 0 0 0.6000000000000001 0 0.2 0.2 0 0 0 0.6000000000000001 0 0 0 0 0 0 0 0 0 0 0 0 0 3.6 0 0 0 0 0 0.6000000000000001 0 0.2 0 0 0 0 0.2 2.2 0 4.2 2 0 0 7.6000000000000005 5.2 6.800000000000001 1.6 0 0 0 5.2 0 0.2 0 0 10.4 2 0.2 0 0 0 1.4000000000000001 0 0 0 0 0 14.8 4.6000000000000005 0 0 2.8000000000000003 0 4.6000000000000005 0.2 0 0 0 0 0 0.4 0 0 0 0 6.6000000000000005 0 0 0 0 0 0 0 0 0 0 0 0 0 0 0 0.4 0 0 0 0 0 0 0 4 1 0 16.400000000000002 2.2 0 0.8 0.4 0 0 0 0 0 0 0 0 0 0 0 0 0 0.4 0 0 0 0 0 0 0 0 0 2 0.2 0 0 0 
 0 0 0 0 0.4 0.4 0 0 0 0 0 0 0 0 0 0.2 0 0 0 0 8.200000000000001 7.2 6.4 62.6 13.200000000000001 0 8.8 7.6000000000000005 9.600000000000001 50.800000000000004 31.400000000000002 25.400000000000002 10.200000000000001 24.200000000000003 52.800000000000004 32.800000000000004 10.8 11 9 9.4 12 0.6000000000000001 0.2 0.6000000000000001 0 9.4 14.4 12.4 0.4 0 0 0 0 0 9.4 0.8 0.4 0 15 22.8 0.6000000000000001 0 0 0 0 0 0.6000000000000001 1 0 0 0.6000000000000001 0 0 0 0 0.8 0 0.6000000000000001 0 0 0 0 0 0 0 0 0 0 0 0 0 0 0 0 0 0 0 0 0 0 0 0 0 0 0 1.6 0 0 0 0 1.6 5.800000000000001 0 0 0 0 0 0 0 0 3.4000000000000004 9.200000000000001 1.4000000000000001 0 0 0 7.6000000000000005 4.800000000000001 0 1.8 0 1.2000000000000002 5.2 7.2 5.800000000000001 1.8 1.8 2.4000000000000004 4 2.2 0 0 0 0 0 0 0 0 0 0 0 0 0 0 0 0 2 0 0 0 0 0 0 0 0 0 0 0 0 0 0 0 0 0 0 0 1.4000000000000001 0 0 0 0 0 0 0 1.2000000000000002 2.4000000000000004 0 0 0 0 0 7.6000000000000005 0 0 0 0 0 3.2 0 0 2.4000000000000004 0 0 3.8000000000000003 6.2 0 12.4 3.6 5 6 2.8000000000000003 0.2 2.2 0 3.2 0 7.2 9.8 2.2 0 0 0 0 0 0 0.2 0 0 0 0 0 0 0 0 0 0 0 0 0 0 0 0 0 0 0 0 0 0 0 0 0 0 0 0 1.2000000000000002 0 0 15 0 0 2.6 0.8 0 0 0 0 0 0 0 0 0 0 0 0 0 0 0 0 0 0 0 0 2 0 6.4 0 0 0 0 0 
 0 0 0 0 0.2 0.8 0 0.2 0 0 0 0 0 0.4 0 0 0 0.2 0 0 28 31.400000000000002 17.2 15.8 5.800000000000001 8.8 0 92 6.6000000000000005 20.8 11.4 35.4 25.400000000000002 24.400000000000002 21.400000000000002 7.4 21.200000000000003 23.200000000000003 34 36.2 0 0.6000000000000001 1.2000000000000002 0.6000000000000001 0.2 0 1 0 0.2 0.4 0 0.2 0 1.2000000000000002 0.6000000000000001 0.4 0 0.6000000000000001 5.6000000000000005 0.4 0 0 0 0.6000000000000001 0 0.2 0.6000000000000001 0 0 0 1 0.6000000000000001 0.2 0.2 1.8 0 0 0.6000000000000001 0 0 0 0 0 0 1.8 2.8000000000000003 0 0 0 0 2.4000000000000004 0 0 0 0 0 0 0 0 0 2 0.2 5 0 9.600000000000001 0 4 0 0 3.6 0 0 2 7.4 7.2 7.2 0.4 3.6 3.4000000000000004 4.800000000000001 0.2 0 0 0 0 0 0 0 0 0 0 0 0 0 0 0 0 0 0 0 0 0.2 0 0 0 0 0 0 0.6000000000000001 0 0 0 0 0.2 0 0 0.4 0 0 0 0 0 0 0 2 3.8000000000000003 0 0 0 0 0 1.6 0 0 0 0.2 0 0 0 0 3 3.8000000000000003 4.4 7.2 0 14.8 4.800000000000001 0 2.4000000000000004 1.4000000000000001 4.6000000000000005 0 0 2.4000000000000004 13.600000000000001 0.2 4.6000000000000005 0 2.2 3.6 0 0 0 0 0 0 4.800000000000001 0 0 3.2 0 0.2 0 0 0 0 0 0 0 0.2 0 0 0 0 0 0 0 0 0 0 0 0 0 0 0 0 0 0 0 0 0 0 0 0 0 0.4 14.4 0 0 0 0 0 0 0 1 0 0 1.2000000000000002 0 0 1 0 0.8 0 0 0 0 0 0 0 0 0 0 0 0 1.6 0 0 0 4 0 0 0 0 0 0 1 0 0 0 
 0 0 0 0 0 0.2 0 0 0 0.6000000000000001 41.6 15 0 0 0 0 0 0 0 0 11.200000000000001 130.4 63.2 18.6 15.200000000000001 7.6000000000000005 92 0 34.2 21.400000000000002 9 27.8 71.8 33.6 26.200000000000003 39 90.2 20.200000000000003 36.4 25.8 0 0 0 0.6000000000000001 0 0 0.6000000000000001 0 0.2 0 0 0.2 0 0 0.6000000000000001 0.6000000000000001 1.8 0 0 0 0 10.200000000000001 0 0 0 0 0.6000000000000001 0 0 0 0.6000000000000001 1.6 0 0 0 0 0 0.6000000000000001 0 0 0 0 0 0 0 0 0 0 0 0 0 0.2 0 0 0 0 0 0 0 0 0 1.8 3.2 5.4 3 4.800000000000001 8.6 0 4.800000000000001 3.4000000000000004 3 3 2.6 1.8 13.600000000000001 2 4.800000000000001 0 3 5.800000000000001 0 0 0 0 0 0 0 0 0 0 0 0 0 0.2 0 0 0 0 0 0.4 0 3 0 0 0 0 0 0 0.8 0 0 0 0 0 0 0 0 0 0 0 0 2.4000000000000004 0 0 0 0.2 0 0 0 0 0 3.6 0 0 0 0.6000000000000001 0 0 0 0 2.6 4.6000000000000005 12.4 3.4000000000000004 1.6 0 0 6.6000000000000005 2.6 1.8 4.2 6 0 3.8000000000000003 0 0.4 9.200000000000001 0 6.2 0 0 0 0 0 0 0 0 0 0 0 0 0 0 0 0 0 0 0 3.8000000000000003 0.8 0 0 0 0 0 2.4000000000000004 0 0 0 0 0 0 0 0 0 0 0 0 0 0 0 0 0 0 0 0 0.2 0 0 0 0 0 0 0 1.8 0 0 15.8 0 0.8 15.4 0.2 0 0 0 0 1.8 0 0 0 0 0 0 0 0 3 0 0 0 3.6 0 1.2000000000000002 0 0 0 0 0 0 0 0 
 0 0 0 0 0 0 0 0.4 0 0 0.4 0 0 0 0 0.2 0 0.4 0 0 11 91.2 13.8 52.6 55.400000000000006 9.600000000000001 6.6000000000000005 34.2 0 27.6 17.400000000000002 8 15 33.2 50.800000000000004 43 10.200000000000001 21.200000000000003 41.2 33 0.4 0 0 1 0 0 1.6 0 0 0.2 1.2000000000000002 0 0 0.2 0.6000000000000001 0.4 0 0 4.4 0.2 0 0 0 0 0 0 0.6000000000000001 0 0 0 9.8 0 0 0 0 0 0 0.6000000000000001 0 0 0 0 0 0 0 0.2 0 0 0 0 0 0 2.6 0 0 0 0 0 0 0 0 2.4000000000000004 5.4 4.2 10 0 4.4 2.6 0 6.4 5.800000000000001 0 0 2 2.2 2 5.2 3.8000000000000003 0 4.4 0 3.8000000000000003 4.2 0 0 0 0.2 1.6 0 0 0 0 0 4.2 2.4000000000000004 1.4000000000000001 0 0 3 6.800000000000001 0 0 0 0 0 1.4000000000000001 1.2000000000000002 0 0 0 0 0 0 0 0 0 0.2 0 0 0 0 0 0 0 0 0 0 0 0 3.8000000000000003 0 0 0 0 0 0 0.6000000000000001 0 0 0 3.2 0 2.2 0.2 3.4000000000000004 2 3.4000000000000004 5.4 0 3.6 2.6 1.2000000000000002 0 0 0 4 2.2 2.6 2.8000000000000003 0.2 4.800000000000001 0 0 0 0 0 5.6000000000000005 0 0 0 0 0 0 2 0.4 0 0 0 0 0 0 0 0 0 0 0 0 0 0 0 0 0 0 0 0 0 0 0 0 0 0 0 0 0 0 0 0 0 0 0 0 0 0 0 30.6 0.4 0 0 16.6 0 0.4 1.2000000000000002 0 0 0 0 0.8 0 0 0 0 0 0 0 0 0 0 0 0 0 0 0 0 0.2 0 3.2 0 0 0 0 
 0 0 0 0 0 0 0 0 0.6000000000000001 0 0 0 0 0 19 0.6000000000000001 0 0.2 0.2 0 14.600000000000001 23.8 73.4 80.2 35 50.800000000000004 20.8 21.400000000000002 27.6 0 27.200000000000003 23.6 23.400000000000002 30.8 23.400000000000002 35 21.6 58.400000000000006 17.8 90.80000000000001 0 0 13.8 0.6000000000000001 0 0 0.6000000000000001 0 0 0.8 0.6000000000000001 0 2 4.6000000000000005 0.6000000000000001 0.4 0 10.8 0 41.800000000000004 0 0 0 0 0.8 0.8 0.6000000000000001 0 0 0 1.2000000000000002 0 0 0 0 12.600000000000001 0 0.6000000000000001 0 0 0 0 0 0 0 0 0 0 0 0 0 0 0 0 0 0 0 0 0 0 0 7.800000000000001 0 5.800000000000001 2 5.6000000000000005 5.2 5.2 1.8 13.4 0 1.8 1.4000000000000001 0 8.8 6.6000000000000005 0 5 0 10.4 0 0.2 0 0 0 0 0 0 0 0 0 0 0 4 0.2 0 0 0 2.4000000000000004 2.4000000000000004 0 0 0 0 0 0 0 0 0 0 1 0 0 0 0 1.2000000000000002 0 0 0 1.2000000000000002 0 0 0.4 0 0 3.2 0 0 0 0 0 0 0 0 1.2000000000000002 0 0 0 0 0 0 0 0 0 2.2 1.6 0 2.4000000000000004 7.6000000000000005 1.2000000000000002 0 5.6000000000000005 0 0 0 3.4000000000000004 0 9.200000000000001 2.6 0.2 0 0 0 0 0 0 1.4000000000000001 2 0 0 0 0 5.6000000000000005 0 0 0 0 0 0 1.4000000000000001 0 0 0 0 0 0 0 0 0 0 0 0 0 0 0.4 0 0 0 0.4 1 0 0 0 0 0 0 0 0 0 0 0 0 0 0 0.6000000000000001 0 0 9.8 15.4 0.4 0.4 0.6000000000000001 0 0 0 0 0 0 0 0 0 0 0 0 0 0 0 0 0 2.8000000000000003 0 10.600000000000001 0 0 0 0 0 0 0 0 
 0 0 0 0 0 0 0 0 0 0 0.4 0 0 0 0 0 0 0.4 0 0 7.2 14.4 35.800000000000004 27.200000000000003 51.6 31.400000000000002 11.4 9 17.400000000000002 27.200000000000003 0 27.400000000000002 5.4 24.8 36.800000000000004 35.2 122.80000000000001 43.6 7.2 12.200000000000001 0.2 0 0 0.6000000000000001 0 0 0.6000000000000001 0 1 0.2 41.6 0 0.2 0 0.6000000000000001 0.4 1.2000000000000002 0 12.600000000000001 6.4 0 0 0 0 2.2 10.200000000000001 0.6000000000000001 0.2 0 0 0.6000000000000001 0 0 0 0 0 0 0.6000000000000001 11.8 0 0 0 4 0.4 0 0 0 0 0 0 0 0.2 0 0 0 0 0 0 0 0 0 3.8000000000000003 2.2 3.8000000000000003 1.8 3 0 4.2 4 11 7 6.2 0 0 0 0 0 0 0 0.2 0 2.2 0.2 0 0 0 3.4000000000000004 0.8 0 0 0 0 0 9.4 6.800000000000001 1.8 4 2.8000000000000003 5 6.6000000000000005 0.4 0 0 0 0 0.2 0 0 0 0 1.6 0 0 0 0 0.4 0 0 0 0 0 0 0 0 0 0 0 0 0 0 0 0 0.4 0.2 0 0 0.4 0 0 0 0 0 3.6 0 3.8000000000000003 3.6 0 0 7 4.800000000000001 5.800000000000001 10.200000000000001 0 0.2 0 0.4 0 2.4000000000000004 0 0 1.6 0 0 0 0 0 6.6000000000000005 2.6 2.2 0 0 0 2.4000000000000004 3.2 0 0 0 0 2.8000000000000003 5.4 0 0 0 0.4 0 0 0 0 0 0 0.2 0 0 0 0 1 0 0 0 0 0 0 0 0 0 0 0 0 0 0 0 0 0 0 2.4000000000000004 0 0.4 0 15.200000000000001 0.4 0.2 0 0 0 0 0 0 0 0 0 0 0 0 0 0 0 0 0 0 0 0 0 0 0 2.4000000000000004 0.2 0 0 0 0 
 0.8 0.6000000000000001 0.8 0.6000000000000001 0.6000000000000001 0.6000000000000001 0.6000000000000001 0.6000000000000001 0.6000000000000001 0.6000000000000001 0.6000000000000001 1.4000000000000001 0.6000000000000001 0.6000000000000001 0.6000000000000001 0.6000000000000001 0.6000000000000001 0.6000000000000001 0.6000000000000001 0.6000000000000001 23.8 6.6000000000000005 60.400000000000006 7.800000000000001 30.200000000000003 25.400000000000002 35.4 27.8 8 23.6 27.400000000000002 0 4.4 52.2 21.400000000000002 64 73.2 43.400000000000006 20.400000000000002 9.8 13.4 0 0.2 0.6000000000000001 0 0 21.400000000000002 12.200000000000001 0 0 0 0 12.600000000000001 0 0.6000000000000001 0.4 1.6 0 0 0.4 0 0 0 0 0 0.2 0.4 0 0 0 0.6000000000000001 0 0 0 0 0 0 0.6000000000000001 0 0 0 0 0 0 0 0 1.8 0 0 0.2 0 0 0 0 0 0 0 0 0 0 2.6 3.2 1.4000000000000001 0.4 0 2 0 0.8 0 6.2 3 2.8000000000000003 2.4000000000000004 0 0 5.6000000000000005 0.4 0 0 3.4000000000000004 0 0.2 1.8 0 0 0 4.2 0 0 0 0 1.4000000000000001 0 2.4000000000000004 0 2.4000000000000004 0 0 2.4000000000000004 2 0 0 0 0 0.2 0 0 0.6000000000000001 0 0 0 0 0 0 0 0 5 0 0 0 0 0 0 0 0 0 0 0 0 0 0 0 0 0 0 2 0.4 0 0 0 0 0 2 0 1.4000000000000001 2.6 2 3.2 15 3.2 7.6000000000000005 14.8 0 3.4000000000000004 0 2 0 0 1.8 0 0.2 5 0 1.4000000000000001 0.2 0.4 3.2 0 0 0 0 0 7.4 0 0 0 1.8 0 7 0.2 0 0 0 0 0.4 0 0 0 0.6000000000000001 0 0 0 0 0 0 0 0 0 0 0 0 0 0 0 0 0 0 0 0 0 0 0 0 0 1.4000000000000001 0 0.4 30.200000000000003 2.4000000000000004 0.2 2.6 0 0 0 0 0 0 0 0 0 4 0 0 0 0 0 2.8000000000000003 0 0 1.4000000000000001 0 0 0 0 0 0 0.2 0 0 0 
