 0 37.4 42.6 28.400000000000002 9.200000000000001 9.4 85.80000000000001 38 70.2 8 8 53 55.800000000000004 29.400000000000002 43.400000000000006 38.800000000000004 64.60000000000001 41.800000000000004 10.8 103.4 14.8 0 0 0 0 0 0.4 0 0 0 0 0 0 0 0 0 0 0 0 0.4 0 0 6.2 0 0 0.4 0.6000000000000001 0 0.6000000000000001 0 13 5.800000000000001 0 0 0 0 0 0 0 0 0.6000000000000001 0 0.6000000000000001 0.6000000000000001 0.4 0.6000000000000001 0 0 0 0 0 0.4 0 0 0 0 0 0 0.2 0 3 2.2 0 5.6000000000000005 3.8000000000000003 3.8000000000000003 3.4000000000000004 2.6 2.4000000000000004 2.6 0.2 5.800000000000001 7.6000000000000005 0 0 3.6 0.4 7.800000000000001 0.2 0 0 0 0 0 0 0 0 0 0 0.4 0 0 0 0 0 0.6000000000000001 0 0 2 0 0 0 0 0 0 0 1.8 0 0 0 0 0 0 0 0 0 0 0 0 0 0 0 0 0 0 0 0 0 0 0 0 0 0 0 0.2 0 0 0.2 0 0 0 0 3.4000000000000004 0 0.2 0.2 0 0 0 0.2 0 5.6000000000000005 0 1.6 1.4000000000000001 1.8 0 1.8 0.8 3.8000000000000003 0 0 0 0 0 0 0 0 0 0 5.800000000000001 0 0 0 0 0 0 0 0 0 0 0 0 0 0 0 0 0 0 0 0 0 0 0 0 0 0 0 0 0 0 0 0 0 0 0 0 0 0 0 0 0 0 0 0 0 0.2 0 0 0 0 2.6 0 0 2.4000000000000004 0.4 18 0.4 0 0.6000000000000001 0 1 2.6 0 0 0 0 0 0 0 0 0 0 0.2 0 0 0 0 0 0 0 0 0 0.2 0 2.2 0 0 0 0 0 0 0 0 0 0 0 0 0 0 
 37.4 0 35.4 9.200000000000001 31.200000000000003 25.400000000000002 53.800000000000004 37 41 50.400000000000006 5.6000000000000005 22.8 6.2 34.6 22.200000000000003 52.2 32.4 53.2 11.8 86.4 0 1 0 0 0.8 0 0.4 0.4 0 0 0 0 0 0 0.2 0 0 0 1.8 0.4 0.2 0 0 0 12.600000000000001 0.4 0.8 0 0.6000000000000001 0 0.4 0 0 0 12.8 0 0 0 0 0.6000000000000001 0 0 0.8 0.6000000000000001 0.8 1.4000000000000001 0 0 0 0.6000000000000001 0 0.2 0 0.6000000000000001 0 0 0 0 0.4 1.4000000000000001 0 4.6000000000000005 1.4000000000000001 2 4.800000000000001 0 3.8000000000000003 0 1.6 3.2 4.2 2 0 2.6 2.8000000000000003 7.4 3.8000000000000003 2.4000000000000004 3.2 5 0.4 0 0 0 0 0 4.800000000000001 0 0.4 0 0 0 4 0 0 0 0 2.6 0 0 0 0 0 0 0 0.4 0 0 0 0 0 0 0 0 0 0 0 0 0 0 0.4 0 0 0 0 0 0 0 0 0 0 0 0 0 0 0 0 0 0 0 0 1.8 5.4 2.2 2.6 0 0 0 3.6 7 0.4 5.4 2.4000000000000004 0 0.4 4.2 2 4.6000000000000005 0 0 0 0 0 0 0 0 0 0 0 0 0.4 0 0 0 0 0 0 0 3.8000000000000003 0 0 0 0 0 0 0 0 0 0 0 0 0 0 0 0 2.2 0 0 0 0 0 0.4 0 0.2 4.2 0 0 0 0 0 0 0 0 0.2 0 0 0 0 0 0 0 0 0 0 0 0.2 0.4 0 0.4 0 0 2 0 0 0 0 0 0 0 0 0 0 0 0.4 0 0 0 0 0 0 0 0 0 0 0 0 1.8 0.2 0 0 0 0 0 3.2 0 0 0 0 0 0 
 42.6 35.4 0 46.2 30 37 50.2 40.400000000000006 23.6 109 8.6 6.2 7.800000000000001 75.8 25 54.6 45.6 6 9 5.6000000000000005 0 0 0.8 0 0 0 1.2000000000000002 0 1.6 0.4 0 0 0 0 0.8 0 0.8 0.6000000000000001 0.8 15 0 0 0.6000000000000001 0 0 0.4 1.2000000000000002 0 0.6000000000000001 0 1 0 0 0 0 0 0 0.4 0 0 1.2000000000000002 0 0.6000000000000001 0.6000000000000001 1 0.6000000000000001 0.6000000000000001 0 0 0 0.6000000000000001 0 0 0 0 1 0.6000000000000001 0 1 0 0.4 0 0 0.4 6.800000000000001 4.800000000000001 4 2.2 1.4000000000000001 1.4000000000000001 6 6.2 1.8 2.2 0 5.800000000000001 2.6 0 0 0 2 3 2 0 0 0 5.6000000000000005 0 0 0 0 0 0.2 2 0 1.4000000000000001 0 0 3 3 0 0 0 0 0 0.6000000000000001 0 0 0 0 0 0.2 0 0 4.4 0 0 0 0 0 0 0 0 0 0 0 0 0 0 0 0 0 0 0 0 0 0 0 0 0 0 0 1.4000000000000001 2.2 2.6 0.2 0 4.6000000000000005 3.2 5.4 0 7.800000000000001 3.4000000000000004 0.4 0 10.4 1.8 3 2 0 0 0 0 0 0 0 0 2 0 0 0 0 2.4000000000000004 1.8 0 0 0 0 5.4 2.4000000000000004 0 0 0 0 0 0 0 0 0 0 0 0 0 0 0 0 0 0 0 0 0 0 0 0 0 0 0 2 0 0 0 0 0 0 0 0 0 0 0 0 0 0 0 0 0 0.2 0 0 2.8000000000000003 0.8 0 1.4000000000000001 0 0 0 0 0 0 0 0 15 0 0 0 0 0 0 0 0 0 0 0 0 0 0 0.6000000000000001 0 0.2 0 0 0 0 0 0 0 0 0 0 0 0 
 28.400000000000002 9.200000000000001 46.2 0 35 77.2 20 61.400000000000006 17 37.800000000000004 80.4 29.8 19.8 14.4 11.200000000000001 75.60000000000001 28 25.200000000000003 17.400000000000002 66.8 0.6000000000000001 0 0.4 1 0 0 1.4000000000000001 0 0 0 0.6000000000000001 0 15.8 0 6 0 1 0 15 15 0.4 0 0 0.6000000000000001 0 0.4 1.2000000000000002 13 1.2000000000000002 0 1 0 0.6000000000000001 0.4 0 0 0 0 0 1.2000000000000002 1.2000000000000002 0 0.6000000000000001 0.6000000000000001 0.6000000000000001 0.6000000000000001 0 0 0 0 0 10.200000000000001 0 0 0 1.8 0 0 1.2000000000000002 0 4.2 0.4 0 3 5.800000000000001 6.6000000000000005 3.2 2.4000000000000004 1.8 5 0 7.800000000000001 1.4000000000000001 0 0 2 3.4000000000000004 11.200000000000001 0 0.2 2.4000000000000004 3 3.4000000000000004 0 0 0 1.6 0 2 0 0 0 0 5.2 0 1.4000000000000001 0 0 10.4 5.2 0 0 0 0 0 0 0 0 0 0 0 0 0 0 0 0 0 0 0 0 0 0 0 0 0 0 0 0 0 0 0 0 0 0 0 0 0 0 0 0 0.2 0 2 0.2 0.2 0.4 0 0 0.2 4.6000000000000005 0 4.4 0 0.2 0.2 4.2 0 5 0.4 6.4 0 0 0 0 0 0 0 6 2.8000000000000003 0 0 3.8000000000000003 2.8000000000000003 1.4000000000000001 0.6000000000000001 0 0 0 2.8000000000000003 4 0 0 0 0 0 0 0 0 0 0 0 0 0 0 0 0 0 0 0 0 0 0 0 0 0 0 0 0 0 0 0 0 0 0 0 0 0 0 0 0 0 3 0 0 0 1.2000000000000002 18.8 0.2 0.4 0.4 0.4 1.2000000000000002 2.6 0 0.4 0 0 0 0 0 0 0 0 0 0 0 0 0.2 0 0 0 0 0 0 0 2.4000000000000004 0.2 0 0 0 0 0 0 0 0 0 0 0 0 0 
 9.200000000000001 31.200000000000003 30 35 0 18 12.200000000000001 32.6 34.2 17 20.8 50 9.600000000000001 15 17 35.2 46 40.6 11.600000000000001 15.4 7.4 17.8 0.2 0 0 0 31.400000000000002 2 0.2 0 0 0 6.6000000000000005 35.4 0 7.2 4.2 18.8 14.8 0.4 0 0 0 0 0 0.4 0.6000000000000001 0 0.6000000000000001 0 0.6000000000000001 0 0 0 0 0 0 0 0 0 0 0 0.6000000000000001 0.8 0.6000000000000001 0.4 0 0 0 0 0 0 0 0 0 0 0 0 0.6000000000000001 0 0 2.4000000000000004 0.4 3.6 3.2 9.8 0.2 0 1 14.4 0 0 0 0 0.2 0 2.6 0 0 0 0.2 2.2 3.8000000000000003 7.4 0 0 0.2 1 2.2 2 0 0 0 6 11 0 0 0 5.6000000000000005 2.2 0 0 0 0 0 0 0 0 0 0 0 0 0.4 3.6 0 0 0 0 0 0 0 0 0 0 0 0 0 0.2 0 0 0 0 0 0 0 0 0.2 0 0 0.2 0 0 0 2.2 0 2.4000000000000004 0 0 2.8000000000000003 3.2 0 2.2 0 0.4 0 5.800000000000001 3.6 0 0 0 1 4.4 0 0 0 0 0.4 0 6 0 13 0 7.2 1.2000000000000002 0 0 0.2 0 1.8 4.6000000000000005 0 0 0 0 0 0 0 0 0 0 0 0 0.2 0 0 0 0 0 0.2 0.4 0 0 0 0 0 0 0 0 0 0.2 0 0 0 0 0 0 0 0 0 0 0 3 0 0 0.2 0.6000000000000001 0.2 0 0 0.4 0 2 0 0 0.4 0 0 0 0 0 0 2 0 0 0 0 0.4 0 0 0 0 0 0 0.2 0 0 0 0 0 0 0 0 0 0 0 0 0 0 0 0 
 9.4 25.400000000000002 37 77.2 18 0 26.8 7.4 70.8 54 16.400000000000002 56.800000000000004 6.800000000000001 9.600000000000001 31.6 59.800000000000004 32.6 24.6 10 52 14.8 0 0.6000000000000001 0 0 0 19.8 0 0 0.4 0 15.4 7.800000000000001 0 0.2 0 0 0.4 0.4 15.600000000000001 0 0 0 0.8 0 0.4 0.6000000000000001 0 0.6000000000000001 0 0.4 1.4000000000000001 0.4 0 0 0 0 0 0 0.4 0 0 0.6000000000000001 0.6000000000000001 0.6000000000000001 0.8 0 0 0 1.6 0 0 0 0 0 0 0 8.4 0.6000000000000001 0 0 5 4.4 2.8000000000000003 6.2 1.4000000000000001 0 0 2.8000000000000003 4.4 6.4 10.8 0 0 2 4.6000000000000005 3 0 0 0 2.4000000000000004 4 2 0 0 0 11.8 0 0 0.4 0 0 4 1.8 0 2.2 0 0 3.8000000000000003 16.2 0 3.4000000000000004 0 0 0 0 0 0 0 0 0 5.2 0 0 0 0.4 0 0 0 0 0 0 0 0 0 0 0 0 0 0 0 0 0 0 0 0 0 0.2 0 0 0.2 2.2 2 2.6 8.8 3.8000000000000003 0.2 0 0 4.2 9.200000000000001 3.6 0 0.6000000000000001 0 1.6 3.2 2 0 0 0 0 0 0 0 0 2 2 0 0 0 0 0 6.2 0 2.8000000000000003 0 0 9.600000000000001 0.2 0 0 0 0 0 0 0 0 0 0 0 0 0 0 0 0 0 0.2 0 0 0 0 0 0 0 0 0 0 0 0 0 0 0 0 0 0 0 0 0 0 0 0 0 0 0 1.4000000000000001 0.2 0 0 19.6 0.4 2.2 0 0.2 0 0 0 0 0 0 0 0 2.6 0 0 0 0 0 0 0 0 0 0 0 0 0 0 2.6 0 0 0 0 0 0 0 0 0 0 0 0 
 85.80000000000001 53.800000000000004 50.2 20 12.200000000000001 26.8 0 66.4 76 69.2 11.8 48.400000000000006 18.2 35.2 27.6 61.6 28 10.600000000000001 16.400000000000002 64.60000000000001 0 13 0 0 0 0 0.6000000000000001 0.4 0 0 0 0 0 0 0.4 0 1 0 0 0.8 0 0 0 0 0 0.4 0.6000000000000001 0 0.6000000000000001 0 0.6000000000000001 0 0 0 0 0 0 0 0 0 0 0 0.4 0.6000000000000001 0.6000000000000001 0.4 0 0 0 0 0 0 0 0 0 0 0 0 0.6000000000000001 0 2 3 1.4000000000000001 2.2 1.8 0 7.800000000000001 1.8 2 3.6 6.800000000000001 2 1.8 10.600000000000001 4.800000000000001 2.6 1.2000000000000002 3.6 8.200000000000001 6.800000000000001 0 0 0 0 0 0 11.600000000000001 0 0 0 0 0 0 0 0 0 0.4 0 0 0 0 0 0 0 0 0 0 0 0.2 0 0 0 0 0 0 0 0 0 0 0 3.6 0 0 0 0 0 2.8000000000000003 0 0 0 0 0 0 0.4 0 0 0 0 0 0 0 2.2 8.4 0.8 0 0.2 5.6000000000000005 5 0 0 0 3 6.6000000000000005 2 0 0 0 0 2 0 0 0 0 0 0 0.4 0 0.4 0 0 0 0 0 4.2 0 0 0 0 2.8000000000000003 0 0 0 0 0.2 0 0 0 0 0 0 0 0 0 0 0 0 0 0 0 0 0 0 0 0 0 0 0 0 0 0 0 0 0 0 0 0 0 0 0 0.4 0 0 0 0 0 0 0.2 0.4 0.4 0 0.6000000000000001 2.2 0 0 0 0 0 0 0 0 0 0 0 0 0 0 0 0 0 0 0 0 0 0 0 5.2 1.8 2 0 0 0 0 0 0 0 0 0 0 0 0 
 38 37 40.400000000000006 61.400000000000006 32.6 7.4 66.4 0 23 25.400000000000002 8 7.2 44.6 83 35.6 74 19.6 28.200000000000003 45.800000000000004 66.60000000000001 0.4 0.4 0.2 0.2 0.2 0.2 1 0 0.4 0.8 0.2 0.6000000000000001 0 0.4 0.4 0.4 0.4 0.6000000000000001 0.4 0.4 0 0.4 0 0.6000000000000001 0.4 0.8 0.6000000000000001 0 0.6000000000000001 0.4 1 0.4 0.4 1.6 0.4 0 0 0.4 0 0 0 0 0.6000000000000001 0.8 0.6000000000000001 0.4 0.6000000000000001 0 0 0.2 0.2 0 0 0 0 0 0 0 0.6000000000000001 0.2 2 2.8000000000000003 0 0 6.6000000000000005 0 5.2 5.800000000000001 2.8000000000000003 0 0 0 3.8000000000000003 0 2.6 2 2.6 2.8000000000000003 0.2 2 0 0 0.2 0 0 0 0 0 0 0 0 0 0 0 0.4 0 0 0 1 0 0 0 0 2.2 0 0 0 0 0 0 0 0 0 0 0 0 0 0 0 0 0 0 0 0 0 0 0 0 0 0 0 0 0 0 0 0.4 0 0 0 0 2 2.4000000000000004 5 0 0.2 0.6000000000000001 0 0 4 0 2 0 0 0 2.2 3 4.2 4.800000000000001 2.8000000000000003 0 0 0 0.2 0 0 0 0 0 0 0 0 0 0 0 0 0 0 0 0.4 4 0 0 0 0 0 0 0 0 0 0 0.2 0 0 0 0 0 0 0 0 0 0 0 0 0 0 0 4.2 0 0 0 0 0.4 0 0 3 0 0 0 0 0 0 0 0 0 0 1 0.6000000000000001 0 0 0.6000000000000001 0 5.2 3.6 0 0 0 0.2 0.4 0 0 0 0 0 0 0 0 0 0 0 0 0 0 0 0 0 1.6 0 0 0 0 0 0 0 0 0 0 0 0 0 0 
 70.2 41 23.6 17 34.2 70.8 76 23 0 86.4 69.2 52.6 10.600000000000001 38.2 35.2 39.2 28.8 22.200000000000003 33.800000000000004 18.6 0.2 0.6000000000000001 0 0 0 0 0.4 0 0 0 0 0 19.8 0 0 0 0 0 0.4 0.6000000000000001 0 0 0 0 0 0.4 0.6000000000000001 0 0.6000000000000001 0 0.4 0 0 0 0 0 0 0 0 0 0 0 3.8000000000000003 0.6000000000000001 0.4 0.6000000000000001 0 0 0 8 0 0 0 0 0 0 0 0 0.4 0 0 1.6 5 3.8000000000000003 0 0.2 7.6000000000000005 3.4000000000000004 2 0.4 0 3.8000000000000003 0 1.8 0 5.6000000000000005 4.2 2 2.6 1.8 0 0 0 0 0 0 0 0 0 0 0 0 0 0 0 0 0 0 0 0 0 0 0 0 0 0 0 0 0 0 0 0 0 0.2 0 0 0 0 0 0 0 0 0 0 0 0 0 0 0 0 0 0 0 0 0 0 0 0 0 0 0 0 0.6000000000000001 2.8000000000000003 5 0 0 0 1.8 1.2000000000000002 3.2 3.4000000000000004 0 0.4 1.2000000000000002 4.2 7.800000000000001 2.2 0 3 0 0 0 0 0 0 0.2 2 0 0 0 1.8 0.2 0 0 0 0 0 0 2 0 0 0 0 0 0 0 0 0 0 0 0 0 0 0 0 0 0 0 0 0 0 0 0 0 0 0 2.6 0 0 0 0 0 0 0 0 0 0 0 0 0 0 0 0 0 0 8.6 0.2 0 0.4 0.2 1.2000000000000002 0 0 0 0 0 0 0 0 0 0 1.6 0 0 0 0 0 0 0 0 0 0 0 0 3.4000000000000004 1.6 0 0 0 0 0 0 0 0 0 0 0 0 0 
 8 50.400000000000006 109 37.800000000000004 17 54 69.2 25.400000000000002 86.4 0 17.400000000000002 32.4 5.4 16.6 77.60000000000001 57.6 33.6 21.8 14.4 39 0.6000000000000001 0 0.6000000000000001 0 0 0 17.2 0 0 0 0 0.4 0.4 0.6000000000000001 0 0.8 0 0.2 15.4 1.4000000000000001 0 0 0 0.6000000000000001 0 0.8 0.6000000000000001 0.2 0.6000000000000001 0 1.2000000000000002 0 0.2 0 0 0.4 0 0 0.6000000000000001 0.6000000000000001 1.2000000000000002 0 0.6000000000000001 0.6000000000000001 0.6000000000000001 0.4 0.2 0 0 0 0.6000000000000001 0 0 0 0 1 0 0 0.6000000000000001 0 0 2.4000000000000004 2.4000000000000004 0 12.4 0 0 0 2.6 0 7.2 4 0 0 1 11.600000000000001 0 0 0.4 0 3.4000000000000004 0 3.2 3 0 0 11.4 0 0 0 0 0 4.800000000000001 0 0 0.4 0 0 0.2 0 0 0 0 0 0 0 0 0 0 0 0 2.4000000000000004 0 0 0.4 0 0 0 0 0 0 0.4 0 0 0 0.4 0 0 0 0 0 0.4 0 0 0 0 0 0 0 0 0.2 1 9.200000000000001 6 2 1.2000000000000002 0 0 4 3.8000000000000003 6.4 1.8 0 1 0 0.8 3.2 3.6 0 0 0 0 0 0 0 0 2.2 0 0 0 0 3 3.6 0.2 0 0 0 0 5.800000000000001 5.4 0 2.4000000000000004 0 0 0 0 0 0 0 0 0 0.8 0 0 0 0 0 0 0 0 0 0 0 0 0.4 0 0 0 3.2 0 0 0 0 0 0 0 0 0 0 0 0 0 0 0 0 0.2 0 0 0.4 0.8 0.2 3.6 0 0 0 0 0 0 0 0 0.4 0 3.8000000000000003 0 0 0 0 0 0 0 0 0 0 0 0 0.2 0 6.6000000000000005 0 0 0 0 0 0 0 0 0 0 0 0 
 8 5.6000000000000005 8.6 80.4 20.8 16.400000000000002 11.8 8 69.2 17.400000000000002 0 28.6 7.2 5.800000000000001 10.200000000000001 36.4 34.6 50 32.4 35.2 0 0 0 0 0 0.4 5.2 0 0 0 0 0 15 0 0 0 0.2 0 14.8 0.6000000000000001 0 0 0 0 0 0.4 0.6000000000000001 0 0.6000000000000001 0 0.4 0 0 0 0 0 0 0.4 0 0 0 0 0.6000000000000001 0.6000000000000001 0.4 0.6000000000000001 0 0 0 0 0 8.8 0 0 0 0 0 0 0.4 10.600000000000001 1.6 2.4000000000000004 0 3.4000000000000004 4.6000000000000005 4.4 3.2 4.6000000000000005 0 3 6.4 3.6 1.6 0 0 7 0 4.4 0 0 0 0 0 0 0 0 3.2 4.4 4 2.6 3 0 7.2 0 0 3 0 0 2 3.4000000000000004 0 0 0 7 0 0 0 0 0 0 0 0 0 0 0 0 0 0 0 0 0 0 0 0 0 0 0 0 0 0 0 0 0 0 0 0 0 0 0 0 0 0 2 0.2 2.8000000000000003 5 0 0 0 6.2 6 0 0 1.2000000000000002 0 2 0 5.6000000000000005 0 1.8 0 2.8000000000000003 0 0 0 0 7 10.8 0.6000000000000001 0 0 0 5.800000000000001 0 0 5 0 2.8000000000000003 0 7.2 0 2.4000000000000004 0 0 0 0 0 0 0 0 0 0 0 0 0 0 0 0 0 0 0 0 0 0 0 0 0 0 0 0 0 0 0 0 0 1.2000000000000002 0 0 0 0 0 3.8000000000000003 0 0 0 0.4 36.4 0 1.2000000000000002 0.2 0 2.6 4.4 0 0 0 0 0 0 0 0 0 0 0 0 0 0 0 0 0 0 0.2 0 0 0 4.4 2.2 0 0 0 0 0 0 0 0 0 0 0 0 0 
 53 22.8 6.2 29.8 50 56.800000000000004 48.400000000000006 7.2 52.6 32.4 28.6 0 3.4000000000000004 9.600000000000001 51.6 51.800000000000004 14 9.600000000000001 7.2 4 14.8 0.2 0 0 0.8 0 25.400000000000002 0 0 0 0 0.6000000000000001 14.4 10.600000000000001 0.6000000000000001 0.2 14.8 0.4 26.6 15.4 0 0 0 0 0.6000000000000001 0.4 0.6000000000000001 0 2.8000000000000003 0 0.6000000000000001 0 0 0 5.2 0 0 0 0 0.4 0.6000000000000001 0 0.6000000000000001 0.6000000000000001 0.6000000000000001 0.4 0 0 0 0.2 0 0 0 0 0 0 0 0 0.6000000000000001 0 0 1.2000000000000002 0.2 0 6.6000000000000005 4.800000000000001 0 0 2.4000000000000004 0 3 3 0 0 0 0 0.2 0.4 0 0 3.6 0.4 1.6 2.6 0 0 0.2 1.8 9.600000000000001 0 0 0 9.4 0 8.200000000000001 0.2 0.4 0 0 3.2 0 0 0 0 0 0 0 0 0 0 0 0.4 0 0 0 0 0 0 0 0 0 0 0 0.2 0 0 0.2 0 0 0 0 0 0 0 0 0 0 0 0 0 0 0 0 0 0 6.4 0 0 0 1.6 0.2 0 0 1.4000000000000001 0 0 0 2 0 0 1.4000000000000001 2.6 0 0 0 0 5 3 2 0 0 2.4000000000000004 12.8 4.800000000000001 0 2.8000000000000003 0 0 3 9.4 0 1 0 0 0 0.4 0 0 0 0 0 0 0 0 0 0 0 0 0 0 0 6 0 2.8000000000000003 1.8 0 0 0 0 0 0 0 0.2 0 0 0.2 0 0 0 0 0 0 0 0 0 1 0.8 0 0.4 1.2000000000000002 0 0 0 0 0 0 0 0 0 0 0 0 2.4000000000000004 0 0 0 0 0 0 0.4 0 0 0 0 0 0 0 0 0 0 0 0 0 0 0 0 0 0 0 0 
 55.800000000000004 6.2 7.800000000000001 19.8 9.600000000000001 6.800000000000001 18.2 44.6 10.600000000000001 5.4 7.2 3.4000000000000004 0 32 42.2 4.2 44.800000000000004 44.2 40.800000000000004 9 0 0 0.4 0 7.2 0 0.4 0 0 0 0 0 0 0 0 0 0 0 0 0.4 0 0 0 0 0 0.4 0.6000000000000001 13.200000000000001 0.6000000000000001 0 0.4 0 0 0 0 0 0.2 0 0 0 0 0 1.2000000000000002 0.6000000000000001 0.6000000000000001 3.6 0 0 0 0 0 0 0 0 0 0 0.2 0 0.6000000000000001 0 3.8000000000000003 0 0 0.2 0 0 3.8000000000000003 3 0 0 0.2 0.2 6.4 0.2 4.2 0 5 0 2 4.800000000000001 0 0 0 0 0 0 3.2 0 0 0 0 0 0 0 0 0.2 0 0 0 0 0 1 0 0 0 0 0 0 0 0 0 0 0 0 0 0 0 0 0 0 0 0 0 0 2.8000000000000003 0 0 0 0 0 0 0 0 0 0 0 0 0 0 0 13.200000000000001 0 3.4000000000000004 0 0 0 0 1.8 2 0 0 0 0.8 3.6 2.4000000000000004 0 3.6 0 7.6000000000000005 3.6 0 0 0 0 0 0 0 0 0 0 0 0 0 0 0 0 0 0 0 0 0 0 0 0 0 0 0 0 0 0 0 0 0 0 0 0 0 0 0 0 0 0 0 0 0 0 0 0 0 0 0 0 0 0 0 0 0 0 0 0 0 0 0 0 0 0 0 0.2 0.2 0 0 1.6 0 0 0.4 0 0 0 0 0 0 0 0 0 0 0 0 0 0 0 0 0 0 0 0 0 0 0 0 0 0 0 0 0 0 0 0 0 0 0 
 29.400000000000002 34.6 75.8 14.4 15 9.600000000000001 35.2 83 38.2 16.6 5.800000000000001 9.600000000000001 32 0 35.800000000000004 90 5.800000000000001 15.4 18.2 57.6 0 1 0 0.4 0 0 0.6000000000000001 0 0 0 0 0 0 0 0 0.2 0 0 0.2 0.4 0 0 0 0 0 0.4 0.6000000000000001 0 0.6000000000000001 0 0.6000000000000001 0 0 0 0 0 0 0 0 0 0 0 0.6000000000000001 0.6000000000000001 0.6000000000000001 0.6000000000000001 0 0 0 0 0 0 0 0 0 0 0 10.200000000000001 0.6000000000000001 0 8 3.8000000000000003 1.6 4 0 0 5.800000000000001 3.4000000000000004 1.6 2.8000000000000003 5.2 0 5.2 9.600000000000001 3.6 0 5.6000000000000005 7.2 8.4 13 0 0 0 0 0 0 0.2 1.2000000000000002 0 0 0 0 0 0 0 0 0 0 0 0 0 0.4 0 0 0 0 0.6000000000000001 0 0 0.2 0 0.4 0 0 0.2 0 0 0 0 0 0.4 0.2 0 0 0 0.2 0 0 0 0 0 0 0 0 1.4000000000000001 0 0.2 0 0 0 5.4 0 6.2 1 0 0 9.4 5.4 2 7 0 3.2 2.4000000000000004 0 2.4000000000000004 4.2 0 0 6 0 0 0 0 0 0 0 0 0 0 0 0 0 0 0 0 0 0 0.4 0 0 0 2 0 0 0 0 0 0 0 0 0 0 0 0 0 0 0 0 0 0 0 0 0 0 0.2 0 0 0 0 0 0 0 0 0 0 0 0 0 0 0 0 0 0 0 0 0.4 0.2 0 0 0 2.4000000000000004 2.8000000000000003 0 0 0 0 0 0 0 0 0 0 0 0 0 0 0 0 0 0 0 0 0 0 0 0 2.2 0 0 0 0 0 0 0 0 0 0 0 0 0 
 43.400000000000006 22.200000000000003 25 11.200000000000001 17 31.6 27.6 35.6 35.2 77.60000000000001 10.200000000000001 51.6 42.2 35.800000000000004 0 53.400000000000006 8.6 23.8 13.600000000000001 42 0 0 0 0 0 0 0.6000000000000001 0 0 0 0 0 0 0 0 0 0 0 0 0.4 0 0 0 0 0 0.4 0.6000000000000001 0 0.6000000000000001 0 0.6000000000000001 4 12.4 0 0 0 0 0 0 0 0 0 0.6000000000000001 0.6000000000000001 0.6000000000000001 0.4 0 0 0 0 0 1.2000000000000002 0 0 0 0 0 0 0.6000000000000001 0 3.8000000000000003 0 8 0 2.2 0 5.800000000000001 6.4 0.2 0 5.4 1.2000000000000002 3.6 5.2 2.4000000000000004 3.8000000000000003 0 0 2.2 2.8000000000000003 0 0 0 0 0 0 3.2 0 0 0 3 0 0 0 0 0 0 0 0 1.8 0 0 0 0 0 0 0 0 0 0 0 0 0 0 0 0 0 0 0 0 0 0 0 0 0 0 0 0 0 0 0 0 0 0 0 0 0 2.6 0 0 0 0 6.4 0 0 0 2.2 5 0 0 0 3.4000000000000004 3 5.800000000000001 1.2000000000000002 0.2 3.6 0.8 2.6 3.8000000000000003 0 0 0 0 0 0 0 0 0 0 0 0.4 0 0 0 0 0 0 1.8 0 0 0 0 2.2 3.6 0 0 0 0.4 0 0 0 0 0 0 0 0 0 0 0 0 0 0 0 0 0 0 0.4 0 1.4000000000000001 0 0 0 0 0 0 0.4 0 0.2 0 0 0 0 0 0 0.6000000000000001 0.4 0 0 0.4 0 1 0 0 0 0 0 0 0 0 0 0 0 0 0 0 0 0 0 0 0 0 0 0 0 0.2 0 0 0 0 0 0 0 0 0 0 0 0 0 0.4 
 38.800000000000004 52.2 54.6 75.60000000000001 35.2 59.800000000000004 61.6 74 39.2 57.6 36.4 51.800000000000004 4.2 90 53.400000000000006 0 16.400000000000002 33.6 10.200000000000001 65.60000000000001 0 0 0 0 0 0 0.6000000000000001 0 0 0 0 0 0.4 0 0 0 0 0 0 0.4 0 0 0 0 0 0.6000000000000001 0.6000000000000001 0 0.6000000000000001 8.6 0.6000000000000001 0 0 0 0 0 0 0 0 0 8 0 0.4 0.6000000000000001 0.6000000000000001 0.4 7 0 0 0 0 0 0 0 0 0 0 0 0.6000000000000001 0 0.4 4.4 1.4000000000000001 5.4 1.2000000000000002 0 5 0.6000000000000001 3.8000000000000003 2.6 4.800000000000001 2.2 0.8 5.800000000000001 3.2 2.8000000000000003 1.2000000000000002 4.2 3 3.4000000000000004 0 0 0 0 0 0 0 0 0 0 0 0 0 0 0 0 0 0 0.2 0 0 0 0 0 0 0 2 0 0 0 0 0 0 0 0 0 0 0.2 0 0 0 0 0 0 0 0 0 0 0 0 0 0 0 0 0.6000000000000001 0.4 0 0 0 0 0 2.2 2 2.2 3 0.4 2.8000000000000003 2.4000000000000004 0 0.2 0 3 2.4000000000000004 0 0 3.6 0 5.2 2.6 0 0 0 0 0 0 0 0.2 0 0 0 0 0 0 0 0 0.2 5.6000000000000005 0 0.4 0 0 0 0 0 0 0 0 0 0 0 0 0 0 0 0 0 0 0 0 0 0 0 0 0 0 0 0 0 0 0 0 0.4 0 0 0 0 0 0 0 0 0 0 0 0 0 0.4 0.2 0.2 0 0.4 2.2 3.6 0 0 0 0 0 0 0 0 0 0 0 0 0 0 0 0 0 0 0 0 0 0 0 4.4 2.6 0 0 0 0 0 0 0 0 0 0 0 0 0 
 64.60000000000001 32.4 45.6 28 46 32.6 28 19.6 28.8 33.6 34.6 14 44.800000000000004 5.800000000000001 8.6 16.400000000000002 0 38.800000000000004 11.200000000000001 9.4 0 41.800000000000004 14.600000000000001 0 0.4 0 0.4 0 0 0 0 0.4 15 0 0 0 14.8 0 0.2 0.4 0 0 0 12.8 0 0.4 0.6000000000000001 0 0.6000000000000001 0 0.4 0 0 0 0 0 0 0 0 0 0 0 0.6000000000000001 0.6000000000000001 0.6000000000000001 0.6000000000000001 0 0 0 0 0 0 0 0 0 0.2 0 0 0.6000000000000001 10 2.8000000000000003 11 7.800000000000001 2.2 1.8 1.6 0 3 3.4000000000000004 9.200000000000001 0 0.2 0 0 3.6 5.4 2.2 4.4 0 0 0 0 0 0 0 0 0.4 2 0 0.2 0 0 1.4000000000000001 0 0 0 0 0 2.4000000000000004 0 0 0 0.4 0 0 0 0 0 0 0 0 0 0 0 0 0.2 0 0 0 0.4 0 0 0.2 0 0 0 0 0 0 0 0 0 0 0 0 0 0 0 0 0 0 4.6000000000000005 2 2.8000000000000003 0.2 1.6 0.4 0.2 2.2 0 2.8000000000000003 1.4000000000000001 0.2 0 0 5.800000000000001 10.8 1.6 0 0 0 0 0 0 0 0 0.2 0 0 0 0 0 0 0 0 0 0 0 0.2 5.800000000000001 0 0 0.4 0 0 0 0 0 0 0 0 0 0 1 0 0 0.4 0.4 0 0 0 0 0 0 0 0 0 0 0 2.2 0 0 0 0 0 0 0 0 0 0 0 7.800000000000001 0 0 0 0.4 17 0 0 8.8 0 2 3.6 0.4 0 0 0 0 0 0 0 0 0 0 0 0 0 0 0 0 0 0 0 0 0 5 0 3.6 0 0 0 0 0 0 0 0.2 0 0 0 0 
 41.800000000000004 53.2 6 25.200000000000003 40.6 24.6 10.600000000000001 28.200000000000003 22.200000000000003 21.8 50 9.600000000000001 44.2 15.4 23.8 33.6 38.800000000000004 0 8.200000000000001 37.2 0 0 0 0 0.8 0 16 0 0 0 0 0.4 18.8 0 17.8 0 0 0 0.2 8.200000000000001 12 0 0 0 0 0.4 0.6000000000000001 9.200000000000001 0.6000000000000001 0 0.6000000000000001 0 0 0 0 0 0 0 0 0 0 0 0.6000000000000001 0.6000000000000001 1.8 19.8 0 0 0 0.2 0 0 0 0 0 0 0 0 0.6000000000000001 0 2.8000000000000003 5.2 1.6 3.6 0 2.4000000000000004 0 2.8000000000000003 2 6 0 3.8000000000000003 0.4 0.2 4.800000000000001 20.6 0 7.2 0 0.2 0 0 0 0 0 0 0 0 0 0 0 0 3.2 0 0 0 0 0 0 0 0 0 0 0 0 0 2.6 0 0 0 0 0 0.2 0 0 0 0 0 0 0 0 0 0 0 0 0 0 0 0 0 0 0 0 0 0.8 2.2 0 0 0 0 2.2 1.8 2 2.2 4.6000000000000005 6.4 3 0 1 6 1.8 8 0 0 0 6 3.2 10.600000000000001 0 0 0.4 6 0 0 0 0 2.2 0 0 0 0 0 0.2 0 0 0 0 4.2 0 0 0 0 0 0 0.4 0 0 0 0 0 0 0 0.4 0 0 0 0 0 0.4 0.2 0 0 0 0 0 0 0 0 0 0.4 0 0 0 0 0 0 0 0 0 0 0 0 0 0 0.4 0 0.4 0 17 17.6 0 1.2000000000000002 2 0 0 0 0 0 0 0 0 0 0 0 0 0 0.2 0 0 0 0 0 0 0.4 0 4.2 2.4000000000000004 0 0 0 0 0 0 0 0 0 0 0 0 0 
 10.8 11.8 9 17.400000000000002 11.600000000000001 10 16.400000000000002 45.800000000000004 33.800000000000004 14.4 32.4 7.2 40.800000000000004 18.2 13.600000000000001 10.200000000000001 11.200000000000001 8.200000000000001 0 64.2 0 0 0 0 0 0 13.4 0 0 0 0 0.2 0 0.4 0 0 0 0.2 0 0.4 0 0 0 0 0 0.4 0.6000000000000001 0 13 0 0.6000000000000001 0 0 0 0 0.4 0 0 0 0 0 0 0.6000000000000001 0.6000000000000001 0.6000000000000001 0.6000000000000001 0 0 0 10.200000000000001 0 0 0 0 0 0 0 0 0.6000000000000001 0 0 4 4.2 1.2000000000000002 0 0 12 2.8000000000000003 0 5.4 0 0 5 5.6000000000000005 2 0 6.2 2.4000000000000004 7.6000000000000005 6.800000000000001 2.4000000000000004 1 0 0 0 0 0 0 0 0 0 0 0 0 0 0 0 0 0 0 0 0 0 3 0 0 0 0 0 0 0 0 0 0 0 0 0 0 0 0 0 0 0 0 0 0 0 0 0 0 0 0 0 0 0.2 0 0.6000000000000001 0 0 0 10.600000000000001 2.6 2.4000000000000004 0 2.6 0 4.2 0 4 2.6 0 0 1.2000000000000002 3 4.2 0 0 0 1.6 3.6 0 0 0 0 0 0 0 0 0 0 0 3.2 0 0 0 0 0 0 0 0 0 1.6 0 0 0 0 0 0 0 0 0 0 0 0 0 0 0 0 0 0 0 0 0 0 0 0 0 0 0 0 0 0 0 0 0 0 0 0 0 0 0 0 0 0 0 0.2 0.2 0 0.4 0 0 3 0 0 0 0 0 0 0 0 0 0 0 0 0 0 0 0 0 0 0 0 0 0 0 0 1.8 0 0 0 0 0 0 0 0 5.2 0 0 0 0 
 103.4 86.4 5.6000000000000005 66.8 15.4 52 64.60000000000001 66.60000000000001 18.6 39 35.2 4 9 57.6 42 65.60000000000001 9.4 37.2 64.2 0 0 0 0 0 0 0 0.4 0 0 0 0 0 0 0 0.2 0 0 0 0 0.6000000000000001 1.2000000000000002 0 0 0 0 0.4 0.6000000000000001 0 0.6000000000000001 0 0.4 0 0 0 0.8 0 24.8 0 0 0 0 0 0.6000000000000001 0.6000000000000001 6.4 1.4000000000000001 0.4 0 0 0 0 0.8 0 0 0.2 0 0 0 0.4 0 3.2 5.800000000000001 2.6 1.8 2.2 0 16.400000000000002 2.4000000000000004 11.600000000000001 2.4000000000000004 3 0.2 2.6 15.200000000000001 2.2 1.8 1.8 10.600000000000001 10.200000000000001 3.6 0 0 0 0 1.8 0 0 0 0 0 0 0 0 2.2 0 0 0 9 0 0 0 0 0 0 0 0 0 0 0 0 0 0 0 0 0 0 0 0 0 0 0 0 0 0 0 0 0 0 0 0 0 0 0 0 2.4000000000000004 0 0.4 0 0 0 2 8.6 1.8 2 2 0 11.200000000000001 0.4 2.6 2.2 0 0 2 2 0.6000000000000001 3.2 1 2.6 0 3.2 0 0 0 0 0 0 0 0 0 0 0 0 0 0 0 0 0 0 0 0 0 0 0 0 0 0 0 0 0 0 0 0 0 0 0 0 0 0 0 0 0 0 0 0 0 0 0 0 0 0 0 0 0 0 0 0 0 0 0 0 0 0 0 0 0 0.2 0 0.6000000000000001 0 0.4 2.4000000000000004 1.4000000000000001 3 0 0 0 0 0 0 0 0 0 0 0 0 0 0 0 0 0 0 0 0 0 0 3.4000000000000004 1.6 0 0 0 0 0 0 0 0 0 0 1.8 0 1.6 
 14.8 0 0 0.6000000000000001 7.4 14.8 0 0.4 0.2 0.6000000000000001 0 14.8 0 0 0 0 0 0 0 0 0 39.6 69.60000000000001 13.8 51.400000000000006 7.2 29.400000000000002 68.2 8 26.6 8.8 23.6 59.6 26.8 38.800000000000004 37.4 8.4 7.4 56.400000000000006 67.60000000000001 0 0 0 0.4 0 0.4 0 0 0 0.6000000000000001 1 0 0.4 0.6000000000000001 13.8 0 0 0 0.2 0 0 1 0.6000000000000001 0.6000000000000001 0 0 0.4 0 0 0 0 0 0 0 0 0.6000000000000001 0.6000000000000001 0.4 0 1 0 0 2 0 1.4000000000000001 2.4000000000000004 0 0 0 0 1.8 0 0 0 0 0.2 0 0 0 0 8.4 0 5.4 2.4000000000000004 0 2.2 0 5 2.4000000000000004 6.2 3.8000000000000003 1.8 0.2 2 1.8 1.8 1 2.2 0 1.6 0 0 0 0 0 0 0 2 0 0 0 2.4000000000000004 0.4 0 0 0 0 0 0 0 0 0 0 0 0 0 0 0 0 0 0.4 0 0 0 0 0 0 0 0 0 0 2.6 0 0.8 0.2 0 0 0 0 0 2 0 0 0 0 0 0 0 0 0 1.6 3.4000000000000004 2.4000000000000004 0 4 0 2.6 5.6000000000000005 6.6000000000000005 5.6000000000000005 11.600000000000001 6 0.2 5.4 2.4000000000000004 8.4 0 2.8000000000000003 2 0 0 0 0 0 0 0 0 0 0 0 0 0 0 2.4000000000000004 0 0 0 0 2.8000000000000003 0.2 0 0 0 0 0 0 0 0 0 0 0 0 0 0.4 0 0 0 0 0 0 0 0 0 0 0 0 0 0 0 0.8 0 0 0 0 0 0 0 5.4 0 0 0 0 3.6 0 0 0 0 0 0 0 0 0 0 0 0 0 0 0 0 1.4000000000000001 0 0 0 0 0 0 2.6 0 0 0 
 0 1 0 0 17.8 0 13 0.4 0.6000000000000001 0 0 0.2 0 1 0 0 41.800000000000004 0 0 0 39.6 0 30.400000000000002 44.400000000000006 52.6 10.4 18.400000000000002 18.2 90 8 11 7.800000000000001 28.400000000000002 52.800000000000004 83.60000000000001 9.200000000000001 51.400000000000006 14.8 78.2 23.200000000000003 0 0 0 0 1.2000000000000002 0 0 0 2 0.6000000000000001 1.4000000000000001 0 12.4 0.6000000000000001 0 0 0 0 0 0 0.6000000000000001 0.4 0.6000000000000001 4.2 0 0 0 0 0 0 0 0 0 0 0 0.6000000000000001 8 0 0 10.200000000000001 0 0 0 0 0 0.2 0 0 0 0 0 0 0 0 0 0 0 0 0 0 10 4.6000000000000005 0 6.800000000000001 11 0 5.800000000000001 3 5.6000000000000005 1 2.2 0.8 2.6 6.6000000000000005 10.8 5.6000000000000005 4.4 2 5.800000000000001 4 0 0 0 0 0 0 0 5.6000000000000005 0 0 0 0 0 0 0 0 0 0 2 0 1.2000000000000002 0 0 0 0 0 0 2 0 0 0 0 0 0 0 0 0 0 0 0 0 0 0 0 0 4.4 0.2 0 0 0 0 0 0 0 0 0.2 0 0.4 0 0 5 5.4 3 1.8 0 0.4 1.8 0.8 6 0 5.6000000000000005 0 7 1.2000000000000002 5.4 0 0 0 0 2.2 0 0 0 0.4 0 0 0 0 0 0 0 0 0.2 0 0 0 0 0 0 0.4 0 0.2 0 0 0.4 0.4 0 0 0 0 0 0 0 0 0 0 0 0 0 3 0 0 0.2 0 0 0.4 0 0 0 0 0 0 0 0 2 0 0.8 0 0.4 0.2 0.2 0.6000000000000001 0 0 0 0 0 0 0 0 0 0 0 0 0 0 0 0 0 0.8 0 2 0 0 2.8000000000000003 0 0 0 0 0 
 0 0 0.8 0.4 0.2 0.6000000000000001 0 0.2 0 0.6000000000000001 0 0 0.4 0 0 0 14.600000000000001 0 0 0 69.60000000000001 30.400000000000002 0 38 14.4 24 94.4 46.2 25.400000000000002 49.800000000000004 48.2 14.200000000000001 16.2 23.8 33.6 59.2 34.800000000000004 12.600000000000001 7.800000000000001 22.8 0 1.2000000000000002 0 0.6000000000000001 0.4 0 0 0.2 0.2 0.8 0.8 0.2 12.4 0.6000000000000001 0 4.6000000000000005 0 0 12.600000000000001 0 0 0.8 0.4 0.6000000000000001 1.2000000000000002 0 0 0.4 0 0 0 0 0.6000000000000001 0 0.2 0 0 0.4 0 1.2000000000000002 0 0 0 0 0 0 2.4000000000000004 0 0 0 0 0 0 0 0 0 2.2 0 0 0 3 3 0.2 4 0.6000000000000001 0.8 6.4 3.8000000000000003 2.4000000000000004 1.4000000000000001 2 9.4 1.6 7 4 1.4000000000000001 1.4000000000000001 0.2 5 0.2 0.2 0 0 0 0 0 1 0 0 0 0 0 6.800000000000001 0.2 2.8000000000000003 0 0 0 7.2 5.2 0 0 0 0 0 0 0 0 0 0 0 0 0 0 0 0 5.4 0.2 0 0 0 0.2 0 0 0 0 0.8 0 0 0 0 0 0 0 0 0 0 0 0 0 2.4000000000000004 0.4 10 4.6000000000000005 4.4 3 0 1.4000000000000001 2.6 4.4 1.4000000000000001 5.4 0.4 2.2 0 3.8000000000000003 0 0.4 0 0 0 0 0 0 0 0 3.6 0 0 0 0 0 2.2 4.6000000000000005 0 0 0 0 4.800000000000001 0 0 0 0 0 0 0 0 0 0 0 0 0 0 0 0 0 0 0.2 0 0 0 0 1.8 0 0 0 0.2 0 0 0 0 0 0 0 2 0.4 0 17.8 9.600000000000001 0.2 0 0 0 0 0 0 0 0 0 0 0 0 0 0 0 0 0 0 0 1.2000000000000002 0 0 0 0 0 0 2.2 0 0 0 
 0 0 0 1 0 0 0 0.2 0 0 0 0 0 0.4 0 0 0 0 0 0 13.8 44.400000000000006 38 0 14.600000000000001 8 61.2 49 22.200000000000003 48.2 46.2 59.400000000000006 10.8 31.6 56.6 39.2 65.4 24.6 16.6 18.2 0 0 0 0 0 0 0 25.400000000000002 0 0.4 9.600000000000001 0 0 13.600000000000001 0 0 0 0 13 12.600000000000001 0 0.4 0.4 1 0 0 0.2 0 0 0 0 0 0 0 0 2.2 0 0 0 0 0 2.6 0 0 0 0 0 0 0 0 0 0 0 0 0 0 0 0 0 0 5.6000000000000005 2.6 1.6 4 5.4 0 3.8000000000000003 3.2 3.8000000000000003 6.6000000000000005 2 6.6000000000000005 4.2 6 0 3.4000000000000004 7.2 5.6000000000000005 0 0.2 4.2 0 1.4000000000000001 0 0 0 0 10.8 0 0 0 0 0.2 2 3.2 0 0 0 3.2 0 0 0 0 0 2.4000000000000004 0 0 0 0 0.2 0 0 0 0 0 0 0 1 0.4 0 0 0.6000000000000001 0 0 0 0 0 0.2 0 0 0 0 0 0 0 0 0 0 3.6 0 4 2.2 2.2 2.4000000000000004 2.8000000000000003 5.6000000000000005 0 1.4000000000000001 3.8000000000000003 4.2 1.4000000000000001 0 0 2 6.800000000000001 0.2 0 3.6 1.2000000000000002 3.6 6.800000000000001 0 1.4000000000000001 0 0 0 2.8000000000000003 0 0 0 0 5.2 0.4 6.2 0 0 3 0 4.2 5 0 0 0 0 0 0 0.4 0 0 1.8 0 0 1.4000000000000001 3 0 0 0 0 0 0 0 0 0 0 0 0 0 0 0 0 0 0 0 0 0.6000000000000001 0 0.2 2.2 0.4 0 0.8 0.2 0 0 0 0 0 0 0 0 0 0 0 0 0 0 0.2 0 0 2.2 0 0 0 0 0.4 0 3.2 0 0 0 
 0 0.8 0 0 0 0 0 0.2 0 0 0 0.8 7.2 0 0 0 0.4 0.8 0 0 51.400000000000006 52.6 14.4 14.600000000000001 0 34.4 13.4 56.400000000000006 11.4 58.2 16.2 28.8 65.60000000000001 10.8 57.800000000000004 55.800000000000004 11 14.600000000000001 28.200000000000003 15.8 0.4 0 0 0 0 0 0.2 25 6 1.4000000000000001 0.2 0 0.2 13.4 0.8 12.4 0.2 12.8 0.2 19.8 9.8 0.4 0.6000000000000001 0 0 0 0 0 0 0 0 0 0 0 0 0.6000000000000001 0 0 0 0 0 0 0 0 0 0 0 0 0 0 0 0 0 0 0 0 0 0 0 0 0 0 0 0 4.2 7.800000000000001 0 0 0 0 0 2.8000000000000003 0 0 0 0 0 6.800000000000001 0 0 4.6000000000000005 7.4 4 1.6 0 0 3.2 0.4 6.2 9.8 3.8000000000000003 0 2.8000000000000003 8.6 3 4 2.8000000000000003 2.8000000000000003 7.4 4.6000000000000005 0 0 0 0.2 0 0 0 0 0 0 0 0 0 0 0 0 0 0 1.2000000000000002 0 0 0.2 0 1.8 0 0 0 1.2000000000000002 0 0 0 0 0 0.4 0 0 0 0 0.8 0 0 0 0 0 0 0 0 0 0 0.2 2.8000000000000003 0 0 0 0 0 0.2 2 0 0 3.8000000000000003 2 13 0 2.4000000000000004 0 10.4 4.2 0 2.2 0.2 2.6 4.800000000000001 0 2.4000000000000004 5.4 5.4 1.2000000000000002 3 5.6000000000000005 0 0 0 0 0 0 0 0 0 0 0 0 0 2.6 0 0 0 0 0 0 0 0 5.6000000000000005 0 0 0 0 0 0 0 0 0 0.4 0 1.2000000000000002 0 0.2 0 0 0.2 0.2 0 0.4 0 0 4 0 0 0 0 0 0 0 0 0 0 0 0.2 0 0 0 0 0 0 2.4000000000000004 0 0 0 0 0 
 0 0 0 0 0 0 0 0.2 0 0 0.4 0 0 0 0 0 0 0 0 0 7.2 10.4 24 8 34.4 0 9 25.6 86.2 25.6 57.6 11.8 6.4 10.600000000000001 16.6 23.200000000000003 23.400000000000002 53.400000000000006 11 11.200000000000001 0 0.2 0.6000000000000001 0 0 0.2 13.8 13.8 0 0.4 3 0 13.600000000000001 13 0.2 0.4 0 0 0 12.600000000000001 0 1 0.4 0 0 0 0.6000000000000001 0 0 0 0 0 0 0 0 6 0 0.2 0 0.2 0 0 0.4 0 0 0 0 0 0 0 0 0 0 0 0 0 0 0.4 5 0 0 0 3.4000000000000004 0 7.800000000000001 0 0 0 0 4.6000000000000005 0 2.2 0 0 0 0 3.8000000000000003 0 0 0 3.6 1.2000000000000002 0 0 0 0 1.4000000000000001 7.2 7 2.6 0 0 12.200000000000001 1.8 1.8 3.2 0 1.4000000000000001 0 0.4 0 0 0 0.2 0 0 0 0 0 0 0 0 0 0 0 0 0 0 1.8 0 0 0 0 0 0 0 4.6000000000000005 0 0 0 0 0 0 0 0 0 0 0 0 0 0 0 3.8000000000000003 2 6 3 0 3.2 0 5.800000000000001 0.6000000000000001 2.6 0 0 0.4 0.2 7.6000000000000005 0.8 0 0 6.6000000000000005 0 0 0 0 0 0.2 5 9.8 0 0 0 2.2 0 4 0 2.2 0 0.2 0 0 0 0 0 0 0 0 0 0 0 0 0 0 0 0 0 1.6 0 0 0 0 0 1 0 0 0 0 0 0 0 0 0 0 0 0.4 0.4 0.2 0.8 14.8 0 1.2000000000000002 0 0 0 0 0 6.4 0 0 0 0 0 0 0 0 0 0 0.4 0 0 0 0 0 0 0 0 0 0 0 0 
 0.4 0.4 1.2000000000000002 1.4000000000000001 31.400000000000002 19.8 0.6000000000000001 1 0.4 17.2 5.2 25.400000000000002 0.4 0.6000000000000001 0.6000000000000001 0.6000000000000001 0.4 16 13.4 0.4 29.400000000000002 18.400000000000002 94.4 61.2 13.4 9 0 20.200000000000003 25.8 52.400000000000006 7.800000000000001 48.6 21.200000000000003 29.200000000000003 10 7.6000000000000005 25.8 10.4 26.200000000000003 27.6 0 0 0.6000000000000001 0.4 0.4 0 0 0 1.4000000000000001 0.2 1.2000000000000002 0 12.200000000000001 13.600000000000001 0.6000000000000001 0 0 0 0 0 0.8 0.4 0.4 0.8 0 0 0 0 0 0.4 0 0 0.6000000000000001 0 0 0.6000000000000001 0.6000000000000001 0 5 0.4 0 0 2 0 5.6000000000000005 5.6000000000000005 0 0 0 0 2.2 2.8000000000000003 0 0 0 0 0 0 0 0.4 4.800000000000001 3 3.6 6.800000000000001 3.8000000000000003 0 6.4 4.4 6 0 2.4000000000000004 0 2.6 6.800000000000001 5.800000000000001 4.6000000000000005 0 0 10.600000000000001 9.200000000000001 0 0 0 3 0 0 0 0 0 0 0 2.2 0.2 0 0 0 0 0.2 0 0 0 0 0 0 0 0 0 1.2000000000000002 0 0 0 0 0 0 0 0 0 0 0 0 0 0 0.4 0 2.4000000000000004 5.800000000000001 0 0 0 0 4.2 1 0 0 0 0 0 0 0 0 3.2 6.2 0 3 0 0 5 5 3.2 0 4 5 3.4000000000000004 12 2.4000000000000004 6.4 0 2.8000000000000003 7.800000000000001 2 0 2.6 0 0 0 0 0 0 0 0 0 0 0 0 0 0 4 0 0 0 0 0 0 0 0 0 0 0 0 0 0 0 0 0 0 0 0 0 0 0 0 0 0 0 0 0 0 0 3.8000000000000003 13.4 0 0 0 0 1 0 0.4 0 0 0 0.6000000000000001 0.8 7.4 0 0 0 0 0 0 0 0 0 0 0 0 0 2.2 0 0 0 0 2 0 0 0 0 0 0 0 0 
 0 0.4 0 0 2 0 0.4 0 0 0 0 0 0 0 0 0 0 0 0 0 68.2 18.2 46.2 49 56.400000000000006 25.6 20.200000000000003 0 16.400000000000002 26 84.60000000000001 9.8 71.8 17.8 14.200000000000001 48.400000000000006 10 21.200000000000003 29.6 44 0.4 0 0 0 0 0 0 0 0 0.4 0.8 0 0 0.6000000000000001 0 0.4 0 0 0 0 0 1.2000000000000002 0.4 0 0 0 0 0 0 0 12.8 0 0 0 1.2000000000000002 0.4 0.2 0 0 0.4 0 0 0 0 0 1.6 0 0 0 0 0 0 0 0 0 0 0 0 2.6 0 4 9.8 6 6.2 0 1.8 0 4 0.2 8 4.6000000000000005 0.4 1.4000000000000001 4.4 4.4 1 4 1.6 1 0 0 0 0 0 0 0 0 0 0 0 0 0 7.2 0 0 0 0 0 0 0 0 0 0 0 0 0 0 1 0 0 0 0 0 0 0 0 0 0 0 0 0 0 0 0 0 0 0 0 0 0 0 0 0 0 0 0 0 0 0 0 5.6000000000000005 2.8000000000000003 2.2 6.6000000000000005 0.2 0 0 2.2 6.6000000000000005 8.6 0 3.8000000000000003 0 4.2 5 6 1.8 2.2 1.8 0 0 0 0 0 0 0 0 0 0 0 0 0 0 0 0 0 0 0 2 0.2 0 0 0 0 0 0 0 0 0 0 0 0 0 0 0 0 0 0 0 0 0 0 2 0 0 0 0 0 0 0 0 0 0 0 1.4000000000000001 0 0 32.4 1 0.2 0.8 0 0.2 0 0 0 0 0 0 0 0 0 0 0 0 0 0 0 0 0 0 0 0 0 0 0 2.2 0 0 0 
 0 0 1.6 0 0.2 0 0 0.4 0 0 0 0 0 0 0 0 0 0 0 0 8 90 25.400000000000002 22.200000000000003 11.4 86.2 25.8 16.400000000000002 0 43.400000000000006 23.200000000000003 30.200000000000003 20.200000000000003 50 95 45 45 30.8 57.800000000000004 23.8 0 0 0 0.6000000000000001 0 0 0 0 0 0.4 0.8 0.4 0 1.2000000000000002 0 2 0.6000000000000001 0 0 0 0.2 0.4 0.4 0 0 0 0 0 0 0 0.6000000000000001 0 0 0.2 0 0.2 11.200000000000001 0 0 0 0 0 0 0 0 0 0 0 0 0 0 0 0 0 0 0 0 0 0 0 3.2 5.4 3.4000000000000004 1 3 0 0 2.6 2.8000000000000003 5.6000000000000005 6.6000000000000005 11.600000000000001 0 3.6 3.8000000000000003 0 0 2.2 3.6 3 0 0 0 0 0 0 0 7.6000000000000005 0 0 0 0 7 0 0 0 0 0 1 2.4000000000000004 0 0 0 0 0 0 0 5.2 0 0 0 0 0 0 0 0 0 0 0 0 0 0 0 0 0 0 0 0 0 0 0 0 0 0 0 0 0 0 0 0 3.8000000000000003 0 3.2 4.6000000000000005 3.2 6.2 0 0.2 2 2.4000000000000004 6.800000000000001 4.800000000000001 0 8 4.4 2 6 2 0 0 2 2 0 0 0 0 3.8000000000000003 0 0 4 0 0 2.2 0 0 0 0 0 0.2 0.2 0 0 0 0 0 0 0 0 0 0 0 0 0 0 0 0 0 0 0.4 0 0 0 2.8000000000000003 0 0 0 0 0 0 0 0 0 0 0 1.8 0 0.2 0 0.2 0.2 0.2 1.8 0.4 0 0 0 4.2 0 0 0 0 0 0 0 0 0 0 0 0 3.2 0 0.2 0 0 0 0 0 0 0 0 
 0 0 0.4 0 0 0.4 0 0.8 0 0 0 0 0 0 0 0 0 0 0 0 26.6 8 49.800000000000004 48.2 58.2 25.6 52.400000000000006 26 43.400000000000006 0 27.8 55 53.400000000000006 14 65.60000000000001 21.400000000000002 20 28.400000000000002 39 63 0 0 0 0 0 0 0 0 0 0.6000000000000001 1.2000000000000002 0 0 0.6000000000000001 0 2.2 0 0 13.600000000000001 0 0 0.4 0.4 0 0 0 0 0 0.2 0.4 0 0 0 0 0 0.6000000000000001 0 0 0 0.6000000000000001 2 0 0 0 0.4 0 0 0 0.2 0 0.4 0 0 0 0 0 1.8 0 0 0 3.8000000000000003 2.8000000000000003 9.8 0 2.4000000000000004 3.8000000000000003 0.6000000000000001 3.6 0.2 3.8000000000000003 3.2 12.600000000000001 0 4.800000000000001 0 3.4000000000000004 0 3.8000000000000003 0 0 5.800000000000001 0 0 0 0 0.4 2.8000000000000003 12.4 0 0 0 0 2.2 0 3.4000000000000004 0 0 0 0 3.4000000000000004 0 0 0 0 0.4 0 0 0 0 0 0 0 0 0 0 0 0 0 0 0 0 1 0 0.4 0 0 0.4 0 0 0 0.2 0 0 0 0 0 0 0 1 0 2.2 0 0 2.2 12 5.6000000000000005 0 0 4.6000000000000005 8.4 3 5.800000000000001 0.6000000000000001 0 2.2 3.6 5 0.4 2.2 0 2.2 2 0 0 0 0 3.8000000000000003 0 0 0 0 0 2.8000000000000003 0.8 0 0 0 0 0 6.6000000000000005 0 0 0 0.2 0 0 0 0 0 0.4 0.2 0 0 0 0 0 0 0 0.4 0 0 0 0 0 0 0 0.2 0 0 0 0 0 0 0 4.6000000000000005 0 0.2 1.8 20.200000000000003 0.6000000000000001 0 0.4 0 0.2 0 0 2.4000000000000004 0 0 0 0 0.4 0 0 0 0 0 0 0 0 0 0.2 0 0 0 0 0 0 0 0 
 0 0 0 0.6000000000000001 0 0 0 0.2 0 0 0 0 0 0 0 0 0 0 0 0 8.8 11 48.2 46.2 16.2 57.6 7.800000000000001 84.60000000000001 23.200000000000003 27.8 0 15.200000000000001 10 57.400000000000006 31.6 37.800000000000004 66 9.4 8.6 22.400000000000002 0 0 0 0 0 0 0 0 0 0.2 0.2 0 0.2 0.6000000000000001 0 0 16.2 0 12.200000000000001 0 0 0.4 0.4 1 0 0 11.4 0.2 0 0 0 0 0 0 0 0.4 0 0 0 0 0 0 0 0 0 0 0 0 0 2.2 0 0 0 0.2 0 0 0 0 0 0 0.8 4.4 0 5.6000000000000005 6.2 0 0 2.6 0 1.4000000000000001 1.8 3.4000000000000004 0.8 6 2.8000000000000003 5.4 7.6000000000000005 3.4000000000000004 0 0.2 0 0 0 0 0 0 0 0 0 0 0 0 3.4000000000000004 0 0 0 0 0 3.6 2.6 0 0 0 0 0 0 0.4 0 0.4 0 0 1.8 0 0 0 0 0.2 0.4 0 0 0 0 0 0 0 0 0 0 0 0 0 0 0 0 0 0 0 0 0 0 3.6 2.4000000000000004 12.4 2.8000000000000003 0 5.2 0 2.6 0.6000000000000001 3.4000000000000004 0 6.800000000000001 0 0 2.8000000000000003 2.6 0 6 0 0 0 0 0 0 0 0 0 0 0 0 0.4 0 2 1.8 0 0 0 0 5.800000000000001 1.6 0 0 0 0 0 0 0 0 0 0 0 0 0 0 0 0 0 0 0 0.4 0 0 0 0 0 0 0 0 0 0 0 0 0 0 2.2 0 0 1.6 15.4 0.6000000000000001 1 0 0 0 0 0 0 0 0 0 0 0 0 0 0 0 0 0 0 0 0 0 0 0 0 0 3 0 0 0.2 
 0 0 0 0 0 15.4 0 0.6000000000000001 0 0.4 0 0.6000000000000001 0 0 0 0 0.4 0.4 0.2 0 23.6 7.800000000000001 14.200000000000001 59.400000000000006 28.8 11.8 48.6 9.8 30.200000000000003 55 15.200000000000001 0 4.2 8.4 15 64.60000000000001 57.6 9.4 6.2 5.800000000000001 0 0 0 0 0 0 0 12.4 0 0.6000000000000001 0.4 0 0 8 0 0 0 0 0.4 0 3.2 0.6000000000000001 0.4 0 0 0 0 0 0 0 0 0 0 0 0 0.2 0 10 0 1 0 0 0 0 0 0 0 0 0 0 0 0 0 0 0.4 0 0 0.2 0 0 0 0 0 0 0.2 4.800000000000001 0 10.600000000000001 0 0 0 7.2 0.2 0 0 0 0 0 2.4000000000000004 0 1.2000000000000002 3.4000000000000004 1.8 0.2 0 0 0 4.800000000000001 0 0.2 0 0 6 2 1.8 2 4 3.2 10 4.4 0 0 0 0 0 0 0 0 0 0 0 0 0 0 0 0 0 0.2 0 0 0 0.6000000000000001 0 0 0 0.2 0 0 0 0 0 0 0 0.4 0 0 0 0 8.4 0 0 0 6.800000000000001 2.4000000000000004 4.6000000000000005 1.8 0 2.8000000000000003 0 8 0 5.800000000000001 0 0 0.2 5.4 2.2 0.4 0 0 8.8 0 1.4000000000000001 0 0 0 7 0 0 0 0 0 1.8 4.800000000000001 0.2 3.8000000000000003 5.2 0 6.4 3.4000000000000004 0 0 0 0 0 0 0 0 0 0 0 0 0 0 0 0 0 0 0 0 0 0 0 0 0 3.8000000000000003 0 0 0 0 0 0.2 0 0 0.4 0.4 0 15.4 0.2 0.4 0.8 0 0 0 0 0 2.2 0 0 0 0 0 0 0 0 0 0 0.2 0 0 0 0 0 0 0 0 0 0 0 0 
 0 0 0 15.8 6.6000000000000005 7.800000000000001 0 0 19.8 0.4 15 14.4 0 0 0 0.4 15 18.8 0 0 59.6 28.400000000000002 16.2 10.8 65.60000000000001 6.4 21.200000000000003 71.8 20.200000000000003 53.400000000000006 10 4.2 0 45.800000000000004 3.4000000000000004 51 6.2 25.400000000000002 19.6 64.8 0 0 0 0 1.2000000000000002 0 0 0 0.4 0.4 0 0 0 0.6000000000000001 0 0 0 0 0 0 0 0.4 0.4 0 0 0.2 0 0 0 0 0 0 0 0 0 0.2 0 0 0 0 0 0 0 0 0.2 4.4 0 0 0 2.2 0 3.6 0 0 0 0 5.2 0 0 0 2.4000000000000004 0 0 2.2 0 0 2.4000000000000004 0 2.2 1.6 0 0 6.4 0.2 3.4000000000000004 0.2 7.800000000000001 0 3 0 0 0 0 0 0 2.2 0 0 0 0 0 0 0 0 0 0 0 0 0 0 0 0 0 0 0 0 0 0 0 0 0 0 0 0 2.6 0 0 0 0 0 0 0 0 0 3.4000000000000004 2 0 0 0 3.6 0 1.2000000000000002 0 0 0 2 3 0 0 0 0 3.8000000000000003 0 0 0 0 3.4000000000000004 1.8 1.8 0 0 3 1.6 0.2 0 0 0 0.2 0 4.4 0 0 0 0 0 0 0 0 0 0 0 0 0 0 0 0 0 0 0 0 0 0 0 0 0 0 0 0 0 0 0 0 0 0 0 0 0 0 5.6000000000000005 0 0 0 0 0 0 0 4 0 0.2 0 0 0 0 0 0 0.4 0.4 0 0 0.2 0 0 0 0 0 0 0 0 12.4 0 0 0 0 0 0 3 0 0.6000000000000001 0 0 0 0 0 0 0 0 0 0 0 0 
