 0 101.80000000000001 26.8 11.200000000000001 23 11.600000000000001 15.600000000000001 64.2 51.6 23.400000000000002 40.800000000000004 40.6 55 26.8 23.8 24 38.6 33.6 17.2 9.8 0 0 0 0 0 0 0 0.4 0.4 0.6000000000000001 0.6000000000000001 0 0 14.600000000000001 0 0 1.6 0.4 30.400000000000002 0 0.6000000000000001 1.2000000000000002 0 2.2 0 0 0 0 0.4 0 0 0 0 0.6000000000000001 0 0 0 0.4 0 0 0 0 0 0.6000000000000001 0 0 0.4 0 0 0 0 0.6000000000000001 0 0.4 0 0 0 0 0 0.6000000000000001 0 2 0.2 0.2 0.4 4 2.8000000000000003 14.200000000000001 7.4 2.8000000000000003 9.4 0 0 6.2 7.6000000000000005 0 2.2 9.8 0 4 0 0 0 0 0 0 0 0 0 0 0 0 0 0 2 0 0 0 4 2 2.6 0 0 0 0 0.2 0 0 0 0 0.4 0 0 0 0 0 0 0 0 0 0 0 0 1.8 1.6 0 0 0 0 0 0 0.2 0 0 0 0 0 0 0 0 4 0 0 5.2 0 3.4000000000000004 0 0 2.2 1.2000000000000002 2.4000000000000004 0.6000000000000001 2.4000000000000004 11.200000000000001 2.4000000000000004 0 2 1.2000000000000002 4.2 3 3.4000000000000004 0.2 0 0 0 0 0 0 0 0.2 0 0 0 0 0 0 0 0 1.4000000000000001 0.2 0 0 0 0 0 0 0 0 0 0 0 0 0 0 0 0 0.8 0 0 0 0 0 0 0 0.2 0 0 0 0 0 0 0 0 0 0 0 0 0 0 0 0 0 0 0 0 0 0.4 0 0.4 0.4 1.2000000000000002 0.8 2 0 0 0 0 0 0 0 0 0 0 0 0 0 0 0 0 0 0 0 0 0 0 0.2 4 11.4 0 0 0 0 0 0 0 0 0 0 0 0 
 101.80000000000001 0 43 13.4 25 69.60000000000001 80.80000000000001 57.800000000000004 27.200000000000003 7.4 52.2 16.6 10.8 8.8 11.8 87.60000000000001 62.400000000000006 51.2 6.4 17.8 0 0.4 0 0 0 0 0 0.4 0 0.6000000000000001 4.800000000000001 0 0.4 0 0 14.4 0 0.4 30.400000000000002 0.2 0.6000000000000001 0.6000000000000001 0 1 0 0 0 0 0.4 0 0 0 0 0.6000000000000001 0 0.2 0 0.4 0 0 0 0 0 0.6000000000000001 0 0 0 0 0 0 0 0.4 0 0.6000000000000001 0 0 0 0 0 0 0.2 5.6000000000000005 2.6 5.6000000000000005 2.6 4.2 0 1 5.800000000000001 2 4.4 0 0 2.8000000000000003 4.6000000000000005 0 0 5.800000000000001 0 1.6 0 0 0.4 0 0 0 0 0 0 0 0.4 0 0.4 0 2 0 0 0 5.6000000000000005 0.8 2.6 0 0 0 0 0 0 0 0 0 0 0 0 0 0 0 0 0 0 0 0.8 0 0 4.800000000000001 0.8 0 0 0 0 0 0 0 0 0 0 0 0 0 0 0 0 0.2 0 3.2 0 2 1.6 1.2000000000000002 7.800000000000001 1.2000000000000002 2.6 4 0 6 0 0 2 0.4 4.6000000000000005 1.2000000000000002 3.2 0 0 0.4 0 0 0 0 0 0.2 0 0 0 0 0 0.2 0 0 4.6000000000000005 2.2 0 0 0 0 0 0 0 0 0 0 0 0 0 0 0 0 0 0 0 0 0 0 0 0 0 0 0 2.8000000000000003 0 0 0 0 0 0 0 0 0 0 0 0 0 0.8 0 0 0 0 0.2 0.2 0.8 0.2 3.6 0.4 2 0 0 0 0 0 0 0 0 0 0 0 0 0 0 0 0 0 0 0 0.4 0 0 0 3.4000000000000004 2.6 0 0 0 0 0 0 0 0 0 0 0 0 
 26.8 43 0 59.2 74.8 5.6000000000000005 17 65.4 66.60000000000001 29 69.60000000000001 8.8 51 54.400000000000006 26 63.800000000000004 28 14.4 8.6 11.8 15 0 1 0.4 0 0 0 0.4 0.4 0.6000000000000001 0.6000000000000001 0 0 0 0 0 0 0.4 30.8 0 0.6000000000000001 0.6000000000000001 0 0 0 0 0 0 0.4 0 0 0 0 0.6000000000000001 0 0 1.4000000000000001 0.4 0 0 0 0 0 0.6000000000000001 0 0 0 0 0 0 0 0.6000000000000001 0 0.6000000000000001 0 0 0 0 0 0.6000000000000001 6 13.8 2 9.8 6.800000000000001 1.8 0 5.2 0 4 6.2 11.200000000000001 2.6 6 7 6.4 8.200000000000001 3 0 1 0.2 0 0 0 0 0 0.4 0 2.8000000000000003 0 0 0.2 6 0 4.6000000000000005 0 0 0 0 0 0.2 0 0 0 0.4 0 0 0 0 0 0 0 0 0 0 0 0.4 0 0 0 0 0 0 0 0 0 0.4 0 0 0 0 0 0 0 0.2 0 0.2 0 0 0 10.600000000000001 3.6 0 7.4 2.6 2 4.2 0 5.800000000000001 11.200000000000001 8 0.2 0 5.4 3.2 4.4 0.4 1.8 0 3.8000000000000003 0 0 0 0 0 0 0 0 0 2.6 0.2 0 0.2 0 0 0 0 0 3.2 0 0 0 0 0 0 0 0 0 0 0 0 0 0 0 0 0 0 0 0 0 0 0 0 0 0 0 0 0 0 0 0 0 0 0 0 0.4 0 0 0 0 0 0 0 0 0 0.4 0 0 18 2.8000000000000003 0 1.4000000000000001 2.4000000000000004 0 0 0 0 0 0 0 0 0 3.4000000000000004 0 0 0 0 0 0 0 0 0 0 0 0 0 9.200000000000001 0 0 0 0 0 0 0 0 0 0 0 0 0 
 11.200000000000001 13.4 59.2 0 62 26.6 16 63.6 15 59.6 32.6 107.2 56.400000000000006 60.800000000000004 7.4 10.600000000000001 9 38 73.8 12.600000000000001 15.200000000000001 1.6 0 0.6000000000000001 0.6000000000000001 0 0 0.8 0.8 1.2000000000000002 1.2000000000000002 0 0 14.8 16.400000000000002 0 0.4 0.4 16.400000000000002 0.2 0.6000000000000001 0.6000000000000001 0 0 0.6000000000000001 0.4 0 0 1.6 0.8 0.6000000000000001 0.6000000000000001 0 1.8 0 0 1.4000000000000001 0.4 0 0 0 0 0.2 0.6000000000000001 0 0.4 0.8 0 0 0 0 1 1.2000000000000002 2.8000000000000003 0 0 0 0.2 0.2 0.6000000000000001 0 3 2.4000000000000004 3.6 2.2 8.8 0 0 0.4 6 6.6000000000000005 13.4 0 0 0 4.2 5.6000000000000005 3.6 0 0 0.2 2.8000000000000003 0 0 0 0.2 1.2000000000000002 3.6 9.200000000000001 0 0 0 7 2 5 0.2 0 0 0 0.8 4 0.2 0 0 0 0 0 0 0 0 0 0 0 0 0 0 0 0 0 0 0 0 0 0 0 0 0 0 0 0 0 0 0 0 0 1.4000000000000001 0 0 0 0 0.4 0 0.2 3 5.6000000000000005 0.2 0 0 0 6.4 3.8000000000000003 12 0 0 0 9 0 0 0 0 0 0 0 0 0 0 2.2 0 0 0 0 0 2.6 4 2.6 0 1.8 0 0 4.6000000000000005 0 0 0 0 0 0 0 0 0 0 0 0 0 0 0 0 0 0 0 0 0 0 0 0.2 0 0 0 0 0 0.2 0 0 0 0 0 0 0 0 0 0 0 0 0 0 0 1 1 0.4 0.4 37.6 0.2 1.8 0.6000000000000001 0 0 0 0 0 0 0 0 0 3.6 0 0 0 0 0 0 0 0 0 0 0 0 0 0 0 0 0 0 0 0 0 0 0 0 0 0 0 
 23 25 74.8 62 0 90.4 10.4 24.6 34.6 40.2 63.400000000000006 36.800000000000004 17.8 18.2 22.200000000000003 53 9.4 42.800000000000004 31.6 18.8 0.4 0.6000000000000001 0.2 0.4 0.4 0 0 0.4 0 0.6000000000000001 0.8 0 0 0 0 0 0.6000000000000001 0.8 7.4 0 0.4 1.2000000000000002 0 0 0 0 0 0 0.4 0 0 0.4 0 0.6000000000000001 0 0.6000000000000001 1 6.800000000000001 0.4 0.4 0 0 0.6000000000000001 0.8 0 0 0.6000000000000001 0 0 0.2 0.4 0.4 0 0.8 0 0 0 0 0 0.6000000000000001 0 2.4000000000000004 2.4000000000000004 3.4000000000000004 0 7.800000000000001 0 0 0 2.4000000000000004 1.8 5.2 0 0 0.2 2 5.4 7.800000000000001 0 0 1.2000000000000002 2.8000000000000003 0 0 0 0 1.4000000000000001 0 0.2 0 0 0 2.2 3 6.2 0.4 0 0 0 0 0 0 0 0 0 0.2 0 0 0 0 0 0 0 0 0 0 0 0 0 0 0 0 0 0 0 0 1.6 0 0 0 0 0 0 0 0 0.6000000000000001 0 0 0 0 0 3.8000000000000003 5.800000000000001 0 1.6 3.6 0 3.4000000000000004 5.4 2 5.4 5 0 0 0 4.2 3.4000000000000004 4.2 0 0 0 0 0 0 0 0 2.4000000000000004 0 0 0 0 0 0 4.6000000000000005 4.4 0 0 0 2.8000000000000003 4.2 0 0 0 0 0.4 0 0 0 0 0 0 0 0 0 0 0 0 0 0 0 0 0 0 0 0 0 0 0 0 0 0 0 0 0 0 0 0 1.2000000000000002 0 0 0 0.2 0 0 0 0.6000000000000001 18.2 0 0.4 35.4 0 3 6.4 0 0 0 0 0 0 0 0 0 0 0 0 0.4 0 0 0 0 0 0 0 0.4 0 0.2 0.6000000000000001 0 0 0 0 0 0 0 0 0 0 0 0 0 
 11.600000000000001 69.60000000000001 5.6000000000000005 26.6 90.4 0 10.200000000000001 9.200000000000001 10 34 33.800000000000004 70.4 6.6000000000000005 30.400000000000002 6.800000000000001 10.4 14.600000000000001 11.200000000000001 17.8 15.600000000000001 0 30.6 0 0 0 0 1.6 0.4 0.2 0.6000000000000001 0.6000000000000001 0 0.4 0 19.400000000000002 0 0 0.4 38 14.8 0.6000000000000001 1 0 0 0 0.6000000000000001 0 0 0.4 0 0 0 0 0.6000000000000001 0 0 0 1.2000000000000002 0.2 0 0 0 0 7.2 0 0 0 0 0 0 0 0.6000000000000001 0 1.4000000000000001 0 14.200000000000001 0 0 0 0.6000000000000001 0 0.2 1.6 4.800000000000001 0.8 3.8000000000000003 0 0 0 0 0 0.4 0 2 0 0 3.6 2.2 0 0 1.6 4 0 2.6 0 0 3 2.2 4.800000000000001 0 0 0 0 0 3 0 4.4 0 2.8000000000000003 12 0 0 0 0 0 0 0 0 0 0 1.8 0 0 0 0 0 0 0 0 0 0 0 0 0 0 0 0 0 0 0 0 0 0 0 0 0 0 0 0 0 2.2 0 2.6 0 6.2 10.8 0 0 1 3 0 0 0 0.4 0 3.8000000000000003 0.6000000000000001 0.2 0 0 3 2.2 0 0 0 0 6.6000000000000005 0 2.8000000000000003 0 0 0 2.8000000000000003 0.2 2.4000000000000004 4.800000000000001 0.2 0 6.6000000000000005 2.6 0 0 0 0 0 0 0 0 0 0.2 0 0 0 0 0 0 0 0 0 0 0 0 0 0 0 0 0 0.4 0 0 0 0 0 0 0 0.8 0 0 0 0 0 0 0 0 0 0 0.6000000000000001 0.2 2 9.4 0 0.4 2.6 0 0 0 0 0 0 0 0 0 0 0 0 0 0 0 0 0 0 0 0 0 0 3.6 0 0 0 0 0 0 0 0 0 0 0 0 0 0 
 15.600000000000001 80.80000000000001 17 16 10.4 10.200000000000001 0 74 43 11 24.6 4.4 36 12.200000000000001 5.4 39.800000000000004 30.200000000000003 49.6 8.8 32 0 0.6000000000000001 0.4 0 0.2 0.4 0 0.6000000000000001 0 1.2000000000000002 1 0 0.4 0.4 0.4 0.8 0.2 0.4 0.4 0 1 1 0.4 1.4000000000000001 0 0.4 0 0 0.4 0 0 0.4 0.2 1 0 0 0 0.8 0 0.4 0 0 0 0.6000000000000001 0 0.4 0 0 0.2 0 0 0.4 0 0.6000000000000001 0 0 0 0 0 0.2 0 4.4 2.4000000000000004 8.8 3.4000000000000004 0 0 0 0 0 0 0 3.2 7.800000000000001 1 3.8000000000000003 4 0 2.4000000000000004 1.6 0 0 0 0 0 2.2 0 0 0 0 0 0 0 0 0 0 0 0 0 0 0 0 0 0 0 0 0 0.4 0 0 0 0 0 0.4 0 0 0 0 0 0 0 0 0 0 0 0 0 0 0 0 0 0 0 0 0 0 0 0 0.2 0 7.2 0 0.4 0 0.4 0 1.8 2.8000000000000003 0 2 0 0.2 2.6 0 0 0 0 0 5.6000000000000005 2.8000000000000003 0 0 0 0 0 0 3.2 0 0 0 0 0 0 0 0 0 0.2 0 0 0 0 0 0 0 0 0 0 0 0 0 0 0 0 0.2 0 0 0 0 0 0 0 0 0 0 4 0 0 0 0 0 0 0.4 0 0 0 0 0 0 0 0 0 1.4000000000000001 0 0 0 0 0.2 0 0 0 0.4 0 0 0.4 0 0 0 0 0 0 0 0 0.4 0 0 0 0 0 0 0 0 0 0 0 0 0 3 0 0 0 0 0 0 0 0 0 0 0 0 0 
 64.2 57.800000000000004 65.4 63.6 24.6 9.200000000000001 74 0 79 9.8 10.8 10.8 37.2 17 12.600000000000001 73.60000000000001 24.6 37.2 14.4 19.400000000000002 0 0 0 0 0 0 0 0.4 0 0.6000000000000001 0.6000000000000001 0 0.2 0 0.4 0.4 0 0.4 0.6000000000000001 0 0.4 2.8000000000000003 0 0 0 0 0 0 0.4 0 0 0 0 0.6000000000000001 0 0 0.4 0.4 0 0 0 0 0 0.6000000000000001 0 0 0 0 0.4 0 0 0.4 0 0.6000000000000001 0 0 0 0 10.200000000000001 0 0 3.8000000000000003 4.4 2.2 2.4000000000000004 3.2 0 4.800000000000001 6.800000000000001 5 6.2 3.6 0 5.800000000000001 11.200000000000001 3 3.8000000000000003 7.4 0 2.2 0 0 0 0 0 0 0 0 0 0 0 0 0 0 0 2.2 0 0 0 0 2.6 0 1.8 0 0 0 0 0 0 0 0 0 0 0 0 0.2 0 0 0 0 0 0 0 0 0.8 0 0 2 0 0 0 0 0 0 0 0 0 0 0 0 0.2 2.6 2.8000000000000003 5.4 3.6 0 0 9 3.6 0.8 1.8 9.600000000000001 1.8 7.800000000000001 0 0 1.4000000000000001 4.6000000000000005 0 0 0 0 0 0 0 0 0 0 0 1 0 0 0 0 0 0 0 0 0 0 4 0 0 0 0 0 0 0 0 0 0 0 0 0 0 0.2 0 0 0 0 0 0 0.4 0 0 0 0 0 0 0 0 0 0 0 0 0 0 0 0 0 0 0 0 0 0 0 9.8 0 18.2 0.4 4.6000000000000005 0.4 0 0 0 0 0 0 0 0 0 0 0 0 0 0 0.4 0 0 0 0 0 0 0 0 0.2 4.4 1.8 0 0 0 0 0 0 0 0 0 0 0 0 
 51.6 27.200000000000003 66.60000000000001 15 34.6 10 43 79 0 10.600000000000001 7.4 12 82.80000000000001 22 48.800000000000004 15.600000000000001 46 22.400000000000002 30.400000000000002 16.6 0 0 15 0 0.6000000000000001 0.8 0 0.4 0.6000000000000001 0.6000000000000001 1.2000000000000002 0.6000000000000001 0 0 0 0 0.4 0.8 0.4 0.6000000000000001 1 14 0 1.8 0.4 0.4 1.2000000000000002 0 0.4 0.6000000000000001 0.6000000000000001 0 0 0.6000000000000001 0 0.6000000000000001 0 0.8 0 0 0 0 0.2 1 0.6000000000000001 0 0 0.4 1.6 0.6000000000000001 0.6000000000000001 0.4 0 0.6000000000000001 0.6000000000000001 0.6000000000000001 0 0 0 0.2 5.4 4 4.6000000000000005 4.2 6.800000000000001 0 2 7.4 2.4000000000000004 3.8000000000000003 0.2 2.6 1.6 7.6000000000000005 7 1.6 1.6 0 0.2 4.6000000000000005 0 0 0 0 0 0 0 0 0 0 0 0 0 0 0 0.2 0 0 0 0 0 0 0 0.2 0 0 0 0 0 0 0 0 0 0.2 0 0 0 0 0 0 0 0 0 0 0 0 0 0 0 0 1.2000000000000002 0 0 0 0 0 0 0 0 0 12.4 0.4 0.2 3 3.8000000000000003 0 6.2 0 1.6 0.6000000000000001 4.800000000000001 3.2 2.8000000000000003 2.8000000000000003 3.4000000000000004 0 3.2 11 4 3 0 0 0 0 0 0 0 0 0 0 0 0 0 0 0 0 0 0 0 0 0 0 0 0 0 2.8000000000000003 0 0 0 0 0 0 0 0 0 0 0 0 0 0 0 0.2 0 0 0 0 0 0 0 0 0 0 0 0 0.2 0 0 0 0 0 0 0.6000000000000001 0 0 0 0.2 0 0 13 0.4 0 1.2000000000000002 0 0 0 0 0 0 0 0 0 0 0 0 0 0 0 0 0 0 0 0 0 0 0.4 2.2 5.2 0 0 0 0 0 0 0 0 0 0 0 0 0 
 23.400000000000002 7.4 29 59.6 40.2 34 11 9.8 10.600000000000001 0 29.6 17.2 12.4 23.200000000000003 13 17 11.600000000000001 10.600000000000001 17.400000000000002 18.2 4.6000000000000005 0 0.2 1.8 0 0 16.2 1.4000000000000001 1 0.6000000000000001 0.6000000000000001 0 0 0.6000000000000001 1 0 1 1.4000000000000001 8 0 0.8 0.6000000000000001 0 0.6000000000000001 0 0 0 0 0.6000000000000001 0 0 0 0 0.6000000000000001 1 0.6000000000000001 0 0.4 1 0 0 0 0 0.6000000000000001 0 0.2 0 0 0 0 0 0.6000000000000001 0 8.8 0 0 0 0 0 0.6000000000000001 0 0.4 0 5.800000000000001 2.2 5.6000000000000005 0 0 3 5.4 4 7.6000000000000005 0 2.8000000000000003 0 3.2 0 9.200000000000001 0 0 5 0.2 0 0 0 0 0 4 0.6000000000000001 0 0 0 6.2 0 0.4 0 0.2 0 2 4.2 0 0 0 0 0 0 0 0 0 0 0 0 0 2.2 0 0 0 0 0 0 0 0 0 0 0 0 1.4000000000000001 0 0 0 0 0 0 0 0 0 0 0 0 0 0 0 0 15.200000000000001 1.6 1.8 0 0 2 3 0.2 0.2 0 0.4 0 0 0 2 2.4000000000000004 0 0 2.2 0 0 0 0 4 0 0 0 0 0 0 0 0 0 2 0 3.4000000000000004 9.600000000000001 0 0 0 0 0 0 0 0 0 0 0 0 0 0 0 0 0 0 0 0 0 0 0 0 0 0 0 0.4 2.8000000000000003 0 0 0 0 0 0 0 0 0 0 0 0 0 0 0 0 0.4 0.4 0 0 17.400000000000002 2.2 0 0 0 0 0 0 0 0 0 0.2 0 0 0 0 0 0 0 0 0 0 0 0 0 0 2.6 0 0 0 0 0 0 0 0 0 0 0 0 0 0 
 40.800000000000004 52.2 69.60000000000001 32.6 63.400000000000006 33.800000000000004 24.6 10.8 7.4 29.6 0 71.4 6 6.4 10.600000000000001 32 27.400000000000002 90.4 7.6000000000000005 13.8 0 0 0 0.2 0 0 0.6000000000000001 0.4 0 0.6000000000000001 0.6000000000000001 0 0 0 14.8 0 0 0.4 14.4 0 0.6000000000000001 0.6000000000000001 0 1.4000000000000001 0 0 0 0 0.4 0 0 0 0 0.6000000000000001 0 0.4 0.2 0.4 0 0 0 0 0 0.6000000000000001 0 0 0 0 0 0 8.4 0.4 0 0.6000000000000001 0 0 0 0 0 0.2 0 0 7 0 2.8000000000000003 3 0 0 7 8.8 7.6000000000000005 8.8 0 0 2 0 3.8000000000000003 9.8 0 0 0 3 0 0 0 2.8000000000000003 0.2 0 0 0 0 0 6.2 2.2 7.6000000000000005 0 0.2 0 2.4000000000000004 0 0 0 0 0 0.4 0 0 0 0 0.2 0 0 0 0 0 0 0.4 0 0 0 0 0 0 1.2000000000000002 0 0 0.4 0 0 0 0 0 0 0 0.4 0 0.2 0 0 0 0 0 0.4 0 0 2.8000000000000003 3.6 0 2.2 0 2 12.600000000000001 0 0.4 0 4 1 2.4000000000000004 12 0.4 2.4000000000000004 0 0 0 0 0 2.4000000000000004 0 0 0 0.2 0 3.4000000000000004 2.8000000000000003 2.2 0 0 0 1.4000000000000001 0.2 0 0 0 0 0 0 0 0 0 0 0 0 0 0 0 0 0 0 0 0 0 0 0 0 0 0 0 0 0 0 0 0 0 0 0 0.4 0 0 0 0 0 1.8 0 0 0 0 0.2 0 0.6000000000000001 26.8 0 1 0.4 0 0 0 0 0 0 0 0 0 0 0 0 0 0 0 0 0 0 0 0 0 0 3.4000000000000004 0 0 0 0 0 0 0 0 0 0 0 0 0 0 
 40.6 16.6 8.8 107.2 36.800000000000004 70.4 4.4 10.8 12 17.2 71.4 0 48.2 16 6.4 23.8 14.8 17 11 13.4 0 15.200000000000001 0.4 0 0 0 16.2 0.4 0 0.6000000000000001 0.6000000000000001 0 16.400000000000002 0.2 0 0 0 0.4 0.8 0 0.6000000000000001 0.6000000000000001 0 0 0 0 0 0 0.4 0 0 0 0 0.6000000000000001 0 0 0 0.4 0 0 0 0 1.2000000000000002 0.6000000000000001 0 0 0 0 0 0 0 0.6000000000000001 0 0.4 0 0 0 0 0 0.6000000000000001 0 0 0 4.4 0 4.6000000000000005 0 0.2 3.6 0 0 9.4 0 2.6 0.2 2.2 0 10.200000000000001 0.2 0.2 3.8000000000000003 5.4 0.2 0 0 0 1.8 0 4 0 0 0 2 0.4 0 3.4000000000000004 4 0 4.4 2.6 0 0 0 0 0 0 0 0 0 0 0 0 0 0 0 0 0 0 0 0.4 0 0 0 0 0 0.4 0 0 0 0 0 0 0 0 0 0.6000000000000001 0 0 0 0 0 2.8000000000000003 2.8000000000000003 0 1.6 0 0.2 3.8000000000000003 3 2.8000000000000003 0 4.4 0 0 0 0 1.8 5 0 1.2000000000000002 0 2.2 0 0 0.4 0 4 0 0 0 0 0.2 2.4000000000000004 2.2 4 0 0 0 3.8000000000000003 3 2.4000000000000004 0 0 0 0 0 0 0 0 0 0 0 0 0 0 0 0 0 0 0 0 0 0 0 0 0 0 0 0 0 0 0 0 0 0 0 0 0 0.4 0 0 0 0 0 0 0.8 18 0.4 0.2 17.400000000000002 1.4000000000000001 0.8 0 0 0 0 0 0 0 0 0 0 0 0 0 0 0 0 0 0 0 0 0 0.4 0 0 0 0 0 0 0 0 0 0 0 0 0 0 0 0 
 55 10.8 51 56.400000000000006 17.8 6.6000000000000005 36 37.2 82.80000000000001 12.4 6 48.2 0 38 79 43 31 50 40.6 13.200000000000001 0 1.2000000000000002 14.8 0 0 0.4 0 0.8 0 0.6000000000000001 0.6000000000000001 0 0 0 0 0 0 0.6000000000000001 0.4 0 14.600000000000001 0.6000000000000001 0 1.2000000000000002 0 0.4 0 0 0.4 0 0 0 0 0.6000000000000001 0 0 0.8 0.8 0 0 0 0 0 0.6000000000000001 0 0 0.6000000000000001 0 0 0 0 0.4 0 0.6000000000000001 1.2000000000000002 0 0 0 0 0 2.6 1.8 6.6000000000000005 2.4000000000000004 3.4000000000000004 0 2.2 6.4 6.800000000000001 1.2000000000000002 3.8000000000000003 3.2 0 2 5.4 4 2 0 0 6.800000000000001 0 0 0 0 0 0 0 0 0 0 0 0 0 0 0 0 0 0 0 0 0.2 0 0 0 0 0 0 0 0 0 0 0 0 0 0 0 0 0 0 0 0 0 0 0 1 0 0 0 0 0 0 0 0 0 0 0 0 0 0 0 2 2 2 4 0 0 6.6000000000000005 2 4 0 0 2.8000000000000003 5.6000000000000005 4 2.8000000000000003 0 0 0.2 3.4000000000000004 8.4 0 0 0 0 0.4 0 0 0 0 0 0 0 0 0 0 0 0 0 0 0 0 0 0 0 0 3 0 0.4 0 0 0 0 0 0 0 0 0 0 0 0 0 0 0 0 0 0 0 0 0 0 0 0 0 0 0 0 0 0 0 0 0 0 0 0 0 0.2 0 0.4 18.2 0.6000000000000001 2 0.6000000000000001 0 0 0 0 0 0 0 0 0 0 0 0 0 0 0 0 0 0 0 0 0 0 0 0 4.2 0 0 0 0 0 0 0 0 0 0 0 0 0 
 26.8 8.8 54.400000000000006 60.800000000000004 18.2 30.400000000000002 12.200000000000001 17 22 23.200000000000003 6.4 16 38 0 21.8 27.400000000000002 12.4 53.2 40.400000000000006 23 0.2 0 0 0 0 0.4 0.4 0.4 0 0.8 1.2000000000000002 0 0.6000000000000001 0 0 0 0 0.4 0.8 0 0.6000000000000001 1 0 1 0 0 0 0 0.4 0 0 0 0 0.6000000000000001 0 0.8 0 1 0 0 0 10 0.4 0.6000000000000001 0 0 0 0 2.8000000000000003 0 0.2 0.4 0 0.6000000000000001 0 0 0 0 0 0 2.4000000000000004 0 4.4 1.8 2.2 1.8 8.6 4.800000000000001 8.8 2.4000000000000004 4.6000000000000005 0 1.6 3 0 0 0.6000000000000001 0.6000000000000001 7.4 1.4000000000000001 0 0 0 0 0 0 0 0 0 0 0 0 0 0 0 0 0 0 3.8000000000000003 0.4 0 0 0 0 0 0 0 0 0 0 0 0 0 0 0 0 0 0 0 0 0.8 0 0 0 0 0 0 0 0 0.4 0 0 0 0.8 0 0 0 0 0 0 0 2.8000000000000003 0 0.2 7 0 0 0 3 0.2 0.4 3.6 0 5 4 2.4000000000000004 3.6 0 0 1.8 0 0 0 0 0 0 0 0 0 0 0 0.8 0 0 0 0 0 0 3.2 2 0 0 0 0 0 0 0 0 0 0.2 0 0 0 0 0 0 3.6 0 0 0 0 0 0 0 0 0 0 0 0 0 0 0 0 0 0 0 0 0 0 0 0 0 0 0 0 0.2 0 0.4 0.2 0.4 3.8000000000000003 2 0 0 0.2 0 0 0 0 0 0 0 0 0 0 0 0 0 0 0 0 0 0 0 0 2 0 0 0 0 0 0 0 0 0 0 0 0 0 0 
 23.8 11.8 26 7.4 22.200000000000003 6.800000000000001 5.4 12.600000000000001 48.800000000000004 13 10.600000000000001 6.4 79 21.8 0 68.8 24.8 12.600000000000001 33.800000000000004 25 0 0 0 0 0 0 0.4 0.4 0 0.6000000000000001 15.200000000000001 0 0 0 0 0 0 0.4 0.6000000000000001 0 0.6000000000000001 0.6000000000000001 0 0 0 0 0 0 0.4 0 0 0 0.4 1 0 0 0 1 0 0 0 0 0 0.6000000000000001 0 0 0 0 0.6000000000000001 9 0 0.4 0 0.6000000000000001 0 0 0 0 0 0 2.6 12.200000000000001 7 4.2 2.6 0.2 2 7.4 2 6 4 3.2 0.6000000000000001 0 2.6 9.200000000000001 0.2 2.4000000000000004 0 1.8 0 0 0 0 0.2 0 0 0 0 0 0 0 0 0 0 0 0 0 0 0 0.2 0 0 0 0 0 0 0 0 0 0 0 0 0.4 0 0 1.2000000000000002 0 0 0 0 0 0 0 1.2000000000000002 3 0 0 0 0 0.2 0 0 0 0 0 0 0 0 0 3.4000000000000004 11.4 5 2.6 0.4 0 2 7.6000000000000005 4.800000000000001 0 0.4 5.4 0.8 2 0 0 1.6 4 0 0 0 0 0 0 0 0 0 0 0 0 0 0 0 0 0 0 0.2 0 0 0 0 0 0 0 0 3.6 0 0 0 0 0 0 0 0.2 0 0 0 0 0 0 0 0 0 0 0 0 0.4 0 0 0 0 0 0 0 0 0 0.4 0 0 0 0 0 0 0 0 0 9.8 0 19.8 0.2 2.6 0.8 0 0.4 0 0 0 0 0 0 0 0 0 0 0 0 0 0 0 0.2 0 0 0 0 0 0 4.2 0 0 0 0 0 0 0 0 0 0 0 0 0 
 24 87.60000000000001 63.800000000000004 10.600000000000001 53 10.4 39.800000000000004 73.60000000000001 15.600000000000001 17 32 23.8 43 27.400000000000002 68.8 0 59 88.60000000000001 9.200000000000001 13.8 0.6000000000000001 0 0 0 0 0 0 0.4 0 0.6000000000000001 0.6000000000000001 0 0 0 0.2 0 0 0.4 0.4 0 0.6000000000000001 0.6000000000000001 0 0 0 0 0 0 0.4 0 0 0 0 0.6000000000000001 0 0 0 0.4 0 0 0 0 0 0.6000000000000001 0 0 0 0 0 0 0 0.4 0 0.6000000000000001 0 0 1.2000000000000002 0 0 0.2 0 6.800000000000001 0 10.200000000000001 10 2.8000000000000003 0 7.800000000000001 4.6000000000000005 2 1.6 2.4000000000000004 0.2 0.2 7.6000000000000005 4.6000000000000005 0 7.4 0 5.800000000000001 0 0 0 0 0.2 0 0 0 0 0 0 0 0 0 0.2 0 0 0 0 0 3.2 0 0 0 0.4 0 0 0 0 0 0 0 0 0 0 0 2.8000000000000003 0 0 0 0 0 0 0 1 0 0.4 4.800000000000001 0 0 0 0 0 0 0.4 0 0.2 0 0 0 6.800000000000001 1.6 3.6 5.6000000000000005 4.4 0 2.2 6.2 12.200000000000001 4.800000000000001 7.4 8 2.2 14 6.6000000000000005 3 6.2 5.4 0 0 0 0 0 0 0 0 0 0 0 2 0 0 0.2 0 0 0 0 0 0 0 0 0 0 0 0 0 0 0 0 0 0 0 0 0 0 0 0 0 0 0 0 0 0 0 0 0 0 0.2 0 0 0 0 0 0 0 0.2 0 0 0 0 0 0 0 0 0 0 17.2 0 9.4 0 0 1 0 0 0 0 0 0 0 0 0 0 5.2 0 0 0 0 0 0 0.4 0 0 0 0 0 0 5 2.8000000000000003 0 0 0 0 0 0 0 0 0 0 0 0 
 38.6 62.400000000000006 28 9 9.4 14.600000000000001 30.200000000000003 24.6 46 11.600000000000001 27.400000000000002 14.8 31 12.4 24.8 59 0 30.400000000000002 9.8 8 0 0.2 0 0 0 0 15 0.4 0 0.6000000000000001 0.6000000000000001 0 0 0.2 0 0.4 0 0.4 7.6000000000000005 0 0.6000000000000001 0.6000000000000001 0 1.4000000000000001 0 0 0 0 0.4 0 0 0 0 2.2 0.4 0 0 0.4 0 0 0 0 0 0.6000000000000001 0 0 0 7.4 6 0 0 0.4 0 0.6000000000000001 0 0 3.6 0 0 0.2 0.4 4.800000000000001 3.6 3.6 4.6000000000000005 0 6 5.4 9.200000000000001 7.800000000000001 1.8 2 0 0 8.6 0 0 0.6000000000000001 0 4.6000000000000005 0 0 0 0.4 0.8 0 0 0 0 0 0 0 0 0 0 0 0.4 0.2 2 0 0.2 0 0 0 0 0 0.2 0 0 0 0 0.4 0 0 0 0 0 0 0 0 0 0 0 1 0 0 0 0 0 0 0 0 0 0 0 0 1.8 0 0 0 4.6000000000000005 0 0 2.2 4.2 2.6 8.6 0.6000000000000001 0 0.6000000000000001 0 7 2 3.6 4 0.2 5.800000000000001 13.4 3.2 1.6 2.4000000000000004 0 0 0 0 0 0 0 0 0 0 0 0 0 0 0 0 0 0.2 0 0 0 0 0 0 0 0 0 0 0 0 0 0 0 0 0 0 0 0 0 0 0 0 0 0 0 0 0 0 0 0 0 0 0 0 0 0 0 0 0 0 1.8 0 0 0 0 0.4 0 1.2000000000000002 0 0 0 0 3.2 0 0 0.4 0 0 0 0 0 0 0 0 0 0 0 0 0 0 0 0 0 0 5.2 7.800000000000001 0.2 0 0 0 0 0 0 0 0 0 0 0 0 
 33.6 51.2 14.4 38 42.800000000000004 11.200000000000001 49.6 37.2 22.400000000000002 10.600000000000001 90.4 17 50 53.2 12.600000000000001 88.60000000000001 30.400000000000002 0 11.600000000000001 23 0 0 0 0 0 0 0.2 0.4 0 1 0.6000000000000001 0 0 0.2 0 0 0 0.6000000000000001 15.8 0 0.6000000000000001 1 18 1 0 0 0 0 0.4 0 0 0 0 0.6000000000000001 0 0 0 0.4 0 0 0 0 0 0.6000000000000001 0 0 0.2 0 0 0 0 0.6000000000000001 0 0.6000000000000001 0 0 0 0 0 0.6000000000000001 0 4.6000000000000005 4.4 0.6000000000000001 0 2.4000000000000004 0 2.8000000000000003 5.2 8.200000000000001 1.4000000000000001 8.200000000000001 0 3.2 5.2 0 2 11.8 1.8 0 0 3 0 0 0 0 0 0.2 0 0 0 0 7.6000000000000005 3 5.6000000000000005 0 0 0 0 0 2.8000000000000003 0 0 0 0 0 0 0 0 0.4 0 0 0 0 0.4 0 0 0 0 0 0 0.4 0 0.6000000000000001 0.6000000000000001 0 0 0 0 0 0 0 0 0 0 3.8000000000000003 0 0.2 0 0 3.4000000000000004 0 3 4.800000000000001 0 2.2 3 1.8 1 2 3.2 6.2 0 4.800000000000001 0 0.6000000000000001 0 2.8000000000000003 5.2 0 1.6 0 0 0 0 0 2.4000000000000004 0 0 0.8 0 0 0 3.8000000000000003 4.800000000000001 0 0 0 2.2 2.4000000000000004 0 0 0 0 0 0 0 0 0 0 0 0 0 0 0 0 0 0.2 0.4 0 0 0 0 0 0 0 0 0 0 0 0.2 0 0 0 0 0 0 0 0 0 0 1.4000000000000001 0 0 0 0.6000000000000001 1.4000000000000001 0.6000000000000001 0 17.6 0.6000000000000001 0.8 2.6 0 0 0 0 0 0 0 0 0 0 0 0 0 0 0 0 0 0 0 0 0 0 0 0 2.2 0 0 0 0 0 0 0 0 0 0 0 0 
 17.2 6.4 8.6 73.8 31.6 17.8 8.8 14.4 30.400000000000002 17.400000000000002 7.6000000000000005 11 40.6 40.400000000000006 33.800000000000004 9.200000000000001 9.8 11.600000000000001 0 44.400000000000006 0 0 0 0 12.200000000000001 0 0 0.4 0 16 15.4 0.4 0 14.4 0 0 6.800000000000001 0.4 0.4 0 0.4 0.6000000000000001 0 2 0 0 0 0 0.4 0 0 0 0 0.6000000000000001 0 0 0 0.4 0 0 0 0 0 0.6000000000000001 0 0 0 0 0 0 0 0.4 0 0.6000000000000001 0 0 0.4 0 0.2 0 0.2 0 0 0 0 0 6.4 2.8000000000000003 0 0 0 0 0 4.4 2.8000000000000003 1.8 2.4000000000000004 0 0.6000000000000001 0 0 0 0 0 0 0 0 0 0 0 0 0 0 0 0 0 0 0 0 0 0 0 0 0 0 0 0 0.4 0 0 0 0 0 0.4 0 0 0 0 0 0 0 0 0 0 0 0 0 0 0 3.6 0 0 0 0 2.6 0 0 0 0.2 0.4 4 4.800000000000001 2.2 0 0.4 0 6 2 1 7 0 0 5.4 3.6 5.4 0 0 0 4.6000000000000005 5.6000000000000005 0 0 0 0 0 0 0 0 0 0 0 0 0 0 0 0 0.2 0 0 0 0 0 0 0 0 0 0 0 0 0 0 0 0 0.2 0 0 2.4000000000000004 0 0 0 0 0 0 0 0 0 0 0 0 0 0 0.4 0 0 0 0 0 0 0 0 0 0 0 0 0 0 0 0.4 0 0 0 6 0 0.4 0 0 0 0 0 0 0 0 0 0 0 0 0 0 0 0 0 0 0 0 0 0 0 0 0 0 0 0 0 0 0 0 0 0 0 0 
 9.8 17.8 11.8 12.600000000000001 18.8 15.600000000000001 32 19.400000000000002 16.6 18.2 13.8 13.4 13.200000000000001 23 25 13.8 8 23 44.400000000000006 0 0 0 0 0 0 0.2 0 0.4 0 0.6000000000000001 0.6000000000000001 0 0 0 0.4 0.4 0 0.4 0.6000000000000001 0.2 0.6000000000000001 0.6000000000000001 0 1.4000000000000001 0 0 0 0 0.4 0 0 0.2 0 0.6000000000000001 0 0 2.2 0.4 0 0 0 0 0 0.6000000000000001 0 0 0 0 3 0 0 0.6000000000000001 0 0.4 0 0 0 0 0 0.4 0.4 0 2.4000000000000004 0.6000000000000001 2 0 3.2 0 2.4000000000000004 2.4000000000000004 0 0 0 1.2000000000000002 0 1.4000000000000001 0.4 0 2 0 0 0 0 0 0 0 0 0 0.2 0 0 0 0 0 0 0 0 0 0 0 0 0 0 0 0 0 0 0 0 0 0 0 0 0 0 0 0 0 0 0 0 0 0 0 0 0 0 0.2 0 0 0 0 0 0.2 0 0 0 0 0 0 0 0.2 1.8 0.2 12.8 0 1.8 2.4000000000000004 2.6 0.6000000000000001 0 6.6000000000000005 0 0 0 0 3.6 0 5 0 0 0 0 0 0 0 0 0 0 0 0 0 0 0 0 2.6 0 0 2 0 0 0 0 0 0 0 0 0 0 0 0 0 0 0 0 0 0 0 0 0 0 0 0 0 0 0 0 0 0.2 0 0 0 0 0 0 0 0 0 0 0 0 3.2 0 0 0 0.6000000000000001 0.4 0 0.8 0 0 2.4000000000000004 0 0 0 0 0 0 0 0 0 0 0 0 0 0 0 0 0 0 0 0 0 0 0 2 0 0 0 0 0 0 0 0 0 0 0 0 0 0 
 0 0 15 15.200000000000001 0.4 0 0 0 0 4.6000000000000005 0 0 0 0.2 0 0.6000000000000001 0 0 0 0 0 94.80000000000001 25.400000000000002 28.6 8.200000000000001 9.8 59.800000000000004 9 69.60000000000001 8.8 22.6 8.200000000000001 26 44.6 23.6 32.6 6.4 24.400000000000002 53.400000000000006 17.2 0 0 0 0 0 0.6000000000000001 0 0 0.4 0 0.6000000000000001 0 0.4 0 0 0 0.4 0.8 0 0 0 0 0.4 0 1.8 2 0 0 0 0 0 0 1.6 0.6000000000000001 0.4 0 0.4 1.2000000000000002 0.4 0.4 0 0.4 0 0 1.6 2.8000000000000003 0.2 0 0 3.6 3.4000000000000004 2.2 0 0 0 0.2 0 0.2 0 0 3.2 2.8000000000000003 2.6 0 0.8 2 0.6000000000000001 6.6000000000000005 3.2 6.4 0 4.2 5.6000000000000005 1 9 4.6000000000000005 0.2 1.6 0.2 7.4 0 0 0 0 0 0 7.800000000000001 0 0 0 0 0 0 0 0 0 0 0 0 0 0 0 0 0 0.4 0 0 1 0 0 0 0 0 0 0.2 0 0.4 0.2 0 0 0 0 0 2.2 0 0.4 0 0 0.6000000000000001 0 0.2 0 0 0.4 0.2 0 0 0 0 0 3.6 3.2 1.6 0 2.4000000000000004 4.800000000000001 3.4000000000000004 4.2 0.4 4.2 1 1.2000000000000002 1.4000000000000001 2.6 2 1.6 6.800000000000001 3.8000000000000003 2.4000000000000004 0 0 0 0 0 0 0 0 0 2.2 0 0 0 0 0.2 0 0 0 0 0 0 0 0.4 0 0.4 0 0 0 0 0 0 0 0 0 0 0 0 0 0 0 0 0 0 0 0 0 0 0 0 0 0 0 0.2 0 0 2.6 0 0 1.6 0.2 0.4 0.2 2.4000000000000004 0 0 0 0 0 0 0 0 0 0 0 0 0 0 0 0 0 0 0 0 0 0 0 0 0 0 0 0 
 0 0.4 0 1.6 0.6000000000000001 30.6 0.6000000000000001 0 0 0 0 15.200000000000001 1.2000000000000002 0 0 0 0.2 0 0 0 94.80000000000001 0 21 29.200000000000003 5.6000000000000005 48.400000000000006 36.2 15 92.2 6.6000000000000005 10 10.4 12.600000000000001 17.400000000000002 41.400000000000006 36 9.4 39 29.400000000000002 23.400000000000002 0 0 0 0 0 0 41.2 0 0 0 0 0 0.4 0 0 0 0 0.8 0 0 0 0 0.6000000000000001 0 0.2 0 0 0 0 0 0 0 0 0 0.6000000000000001 0 0 0 0 0 0.2 0 0 0 0.2 5.4 0 0 0 1.4000000000000001 0 0.4 0 0.2 0 0 0 0 0 0 1 9.4 3.2 5.6000000000000005 1.4000000000000001 0.8 1.2000000000000002 0 2.8000000000000003 0.6000000000000001 0.2 2.4000000000000004 1.4000000000000001 2.2 5.2 6.4 12.4 4.4 0.6000000000000001 6.800000000000001 0 0 0 0 0 0 1.2000000000000002 0 0 0 0 0 0.2 0 0 0 0 0 0 1.6 0 0 0 0 0 0 0 0.2 0 0 0 0 0 0 0 0 0 0 0.4 0 2.4000000000000004 0 0 0 0 2.8000000000000003 0 0 0 0 0 0 0 0.2 0 0 0 0 0 0 2 5.2 1.8 5.4 2.4000000000000004 3 9.200000000000001 0.6000000000000001 5 2 0.2 2.4000000000000004 2.6 0.2 13.4 9 5 2.8000000000000003 5.4 1.4000000000000001 3.6 0 0 0 0 0 1.4000000000000001 0 0 0 0 0 0 0 0 0 0 0 0 0 0 0 0 0 0 0 0 0 0 0 0 0 0 0 0 0 0 0 0 0 0 0 0 0 0 0.2 0 0.2 0 0 0 0 0 0 2.2 0.4 0 31 0 0 0.4 4.800000000000001 0 0 0 0 1.8 0 0 0 0 0 0 0 0 0 0 0 0 0 0 0 0 0 0.4 0 0 0 0 0 
 0 0 1 0 0.2 0 0.4 0 15 0.2 0 0.4 14.8 0 0 0 0 0 0 0 25.400000000000002 21 0 36.4 9.600000000000001 40 26.6 74.4 30.200000000000003 61.800000000000004 8.6 35.6 11 64.8 42 20.6 50.6 16.400000000000002 9.4 26.200000000000003 0 10.4 0 0 0 0.4 0 0 0.6000000000000001 0.4 0.6000000000000001 0 14.600000000000001 0 0.4 0 0.6000000000000001 0.2 0.4 0 0 0 0.6000000000000001 0 1.2000000000000002 1.4000000000000001 0 0.4 0 0 0 0 1 0.2 0.4 0 0 0.6000000000000001 0.4 0.6000000000000001 0 0 0.4 0 0 0 0 0 0 0 0 0 0 0 0 0 0 0 0 0 0 0.2 6 0 0.4 0 3.8000000000000003 1.2000000000000002 0 5.4 5 1.6 4 0.8 0.2 5.2 0 0 2.8000000000000003 1.8 0 0 0 0 0 0 0.2 0.2 0 0 0 0 0 0 2 0 0 0 0 0 0 0 0 0 0 0 0 0 0 0 0 0 0 0 0 0 0 0 0 0 0 0 0 0 0.4 0.6000000000000001 0 0 0 0 0.6000000000000001 0 0 0 0.8 0 0 0 0 0 7.800000000000001 0.2 6.2 2.2 3.2 5.2 0 10.200000000000001 4.6000000000000005 0 10.4 2.8000000000000003 2.6 4 3.8000000000000003 4.2 1.6 9.8 0 0 0 0 2.8000000000000003 0 0 0.4 3.2 0 0 0 0 0 3.8000000000000003 0.4 0 0 0 0 0 0 0 0 0 0 0 0 0 0 0 0 0 0 0 0 1.4000000000000001 0 0 0 0 0 0 0 1 0 0 0 0 0 0 0 0 0 0 0 4.2 0 0 0 2 0 0.2 0 0 0 0 0 0 0 0 0 0 0 0 0 0 0 0 0 0 0 0 2.8000000000000003 0 0.2 0 0 0 0 0 0 
 0 0 0.4 0.6000000000000001 0.4 0 0 0 0 1.8 0.2 0 0 0 0 0 0 0 0 0 28.6 29.200000000000003 36.4 0 15.4 8.200000000000001 92.4 32.4 88.80000000000001 31.6 25 35.2 26.200000000000003 37.4 30.400000000000002 28 12.8 37.2 12.8 19.200000000000003 0 0 0 0.4 0 0 0 0 1.4000000000000001 0 0.6000000000000001 0 0.4 0 0.8 0 1 0 1.4000000000000001 0 0 0 0.6000000000000001 0 1.6 2.6 0 0.2 0 0 0 0 0.4 12.600000000000001 0.4 0 0 0.6000000000000001 0.4 0.6000000000000001 0 0 0 0 0 0 0 0 0.2 0 0 0 0 0 0 0 0 0 0 0 0 0 5.6000000000000005 0 3.6 2.6 7.6000000000000005 14.4 2.2 4.4 2 7 0 0.2 0 3 0.8 1.6 0 0.2 0 0 0 0.4 0 0 6.6000000000000005 0 0 2 0 0 1.4000000000000001 3.4000000000000004 0 0 0 0 3.6 1.4000000000000001 0 0 0 0 0 0 0 0 0 0 0 0 0 0 0 0 0 0 0 0 0 0 0 4 0 0 0 0 0 0 0.8 0 0 0 0.8 0 0 0 0 0 4 0.2 1.8 2 5 8.8 0 5.4 5 3.6 4.800000000000001 1.2000000000000002 0.2 2.2 0 0 4 1.2000000000000002 0 0 0 0 0 4 0 0 0 2 0 0 0 0 0 0.2 2 0 0 0 2.8000000000000003 0 0 0 0 0 0 0 0 0 0 0 0 0 0 0 0 0 0 0 0 0 0 0 0 0 0 0 0 0 0 0 0 0 0 0 0.8 0 0 2.4000000000000004 0.2 0 0.4 0.2 0 0 0 0 0.2 0 0 0 0 0.2 0 0 0 0 0 0 0 0 0 1.6 3 0 0 0 0 0 0 0 
 0 0 0 0.6000000000000001 0.4 0 0.2 0 0.6000000000000001 0 0 0 0 0 0 0 0 0 12.200000000000001 0 8.200000000000001 5.6000000000000005 9.600000000000001 15.4 0 36 8 8.8 57.800000000000004 30.6 23.400000000000002 42.6 12.600000000000001 57.400000000000006 56.400000000000006 56.6 33 67.2 13 15.8 10.8 7.2 0.2 0.4 0 0 15.600000000000001 13 6.800000000000001 0 0.6000000000000001 10.8 0.4 0.8 12.600000000000001 0 1.4000000000000001 0 18.6 12.4 1 0 0.4 0 0.6000000000000001 0.6000000000000001 0 0.2 0 0.2 1 0 0.4 0.4 0.6000000000000001 0 0 0.8 1 0.6000000000000001 0 0 0 0 0 0 11.8 0 0 0 0 0 0 0 0 0 0 0 0 0 0 0 0 0 0.2 4.4 0 1.8 0 0 0.2 2.8000000000000003 0 0 0 5.6000000000000005 0 11.8 0 0 6 0 0 2 2.2 0 12.4 3.8000000000000003 5 2.2 4.2 0 4.4 3 1.6 2 0 7.4 5.800000000000001 4.6000000000000005 0 0 0 0 0 1.2000000000000002 0 0 0 0 0 0 0 0 0 0 0 0.2 2.2 0 0 0 0 0 0 0 0 0 0 0 0 0 0 0.4 0 0 0 0 0 0 0 2.2 0 2.2 3.4000000000000004 0 0 0 2 2.6 2.2 5.4 0 3.8000000000000003 0 0 2.6 0 0 0 5.2 5.2 2.8000000000000003 2.6 2.2 0 4.4 6.2 0 1.8 6.4 0 3 0 2.2 11.4 4.2 0 0 9.8 0 0 0 0.2 0 0 0 0 0 0 0 0 0 0 0 0 0 0 0 0 0 0 0 0 0 0 0 0 0 0 0 0 0 0 2.4000000000000004 0 0 0.8 1.4000000000000001 0.2 3.8000000000000003 0 0 0 0 0 0 0 0 0 0 0 0 0 0 0 0 0 0 0 0 0 1.4000000000000001 0 0 0 2.6 0 0 0 
 0 0 0 0 0 0 0.4 0 0.8 0 0 0 0.4 0.4 0 0 0 0 0 0.2 9.8 48.400000000000006 40 8.200000000000001 36 0 6.6000000000000005 60.2 11.8 91.80000000000001 56 16.2 49 24 12.600000000000001 31.200000000000003 56.800000000000004 58 10 10.8 12.600000000000001 0 0 0.2 0 0 0 0 0.4 0 0.6000000000000001 0 17.8 0 0 0 0.6000000000000001 0 6 0 4.6000000000000005 0 0.6000000000000001 0 0.6000000000000001 0.6000000000000001 0 0.6000000000000001 0 0 0 0 0.4 0.2 0.6000000000000001 0 0 0.6000000000000001 0.6000000000000001 0.6000000000000001 0 0 0 0 0 0 0 0 0 0 0 0 0 0 0 0 0 0 0 0 0 0 2.4000000000000004 3.4000000000000004 1.6 3.8000000000000003 2 7.800000000000001 3.6 7.2 2.4000000000000004 9.8 0 0 0 2.6 7.4 0.2 0 0 2.2 0.2 0 0 0.4 0 2.8000000000000003 0 0 2 0 0 2.6 2 2.2 0 0 0 0.2 1.8 0 4.2 0 0 0 0 0 0 0 0 0 0 0 0 0 0 0 0 0 0 0 0 0 0 0 0 0 0 0 2.6 0.2 0 0 0 0.2 0 0 0 0 0 0.2 0 4 2.6 7.6000000000000005 3 0 0.4 5.4 2.6 7.4 9.4 0.2 0 0 0 2 0 0 0 7.4 0 0 0 0.2 0 5.6000000000000005 0 0 0 0 0 13.600000000000001 9.200000000000001 2.4000000000000004 0 1 0 1.8 0 0 0 0.2 0 0 0 0 0 0 0 0 0 0.4 0 0 0 0 0 0 0 0 0 1.8 0 0 0 0 0 0 0 0 0 0 0.4 6 0.2 0.2 0.8 22.400000000000002 0.4 6.4 0.2 0 0 0 0 0 0 0 0 0 0 0 0 0 0 0 0 0 1 0 5.6000000000000005 0 0 0 0 2.2 0 0 0 
 0 0 0 0 0 1.6 0 0 0 16.2 0.6000000000000001 16.2 0 0.4 0.4 0 15 0.2 0 0 59.800000000000004 36.2 26.6 92.4 8 6.6000000000000005 0 31.400000000000002 113 5.800000000000001 22.8 22.200000000000003 55.6 27.400000000000002 13.600000000000001 20.6 17.8 14.4 26.400000000000002 34 0 0 0 0 0 1 0 0 0.4 0 0.6000000000000001 0 1 0 0 0.4 0.8 1.4000000000000001 0 0 0 0 18.2 0 0.6000000000000001 0.6000000000000001 0 0.4 0 0 0 0 0.4 0.2 0.4 0 0 0.6000000000000001 1.2000000000000002 0.6000000000000001 0 0 0 0 1.2000000000000002 9 0 0 0 0 4 0 0 0 0 0 0 0 0 0 8.200000000000001 3.4000000000000004 5.2 5 2.6 0 1.8 6.4 7.4 14.8 3 0 1.8 0 3.8000000000000003 6 2.6 2.2 5 5.2 0 0 0 0 0 2.6 0.2 0 0 0 0 0 0 0 0 0 0 0 0 0 0 0.4 0.2 0 0 0 0 0.4 0.6000000000000001 0 0.4 0 0 0 0.4 0.2 0 0 0 0 0 0 3.4000000000000004 2.8000000000000003 0 3.2 0 0 0 0 1.4000000000000001 0 0 0 1.4000000000000001 0 0 0 0 0 0.4 2.4000000000000004 7 2.6 2.4000000000000004 7 5.800000000000001 0 2.6 4 0.6000000000000001 2.4000000000000004 7 0 1.2000000000000002 2 4.6000000000000005 2.8000000000000003 0 0.2 0 0 0 0 0 0 0 0 0 0 0 3.6 0 0 0 0 0 0 0 0 0 0 0 0 0 0 0 0 0 0 0 0 0 0 0 0 0 0 0 0 0 0.2 0 0 0 0 0 0 0 0 0 0 0 0 1.6 0 0.4 16 0 0 0.6000000000000001 0.4 0 0 0 0 2 0 0 0 0 0 0 0 0 0 0 0 0 0 0 0 0 0 0 2.8000000000000003 0 0 0 0 
 0.4 0.4 0.4 0.8 0.4 0.4 0.6000000000000001 0.4 0.4 1.4000000000000001 0.4 0.4 0.8 0.4 0.4 0.4 0.4 0.4 0.4 0.4 9 15 74.4 32.4 8.8 60.2 31.400000000000002 0 35.800000000000004 12.4 68.8 16.400000000000002 38.800000000000004 106.2 35 33.4 46 18 8.6 29 0 0 0 0.2 0 0 0 0 0.4 0 0.6000000000000001 0 0.4 0.4 0 0 0.6000000000000001 0 0 0 0 10 0.6000000000000001 0 1.8 10.4 0 0.2 0 0 0 0 0.4 0.2 0.4 0 0.2 0.6000000000000001 0.4 0.6000000000000001 0 0 0 0 0 0 0 0 0 0 0 0.4 0 0 0 0 0.4 0 0 0 0 0 13 5.2 2.8000000000000003 0 7.4 0.6000000000000001 0.2 12.4 2.6 5.4 4.4 0 0 2.4000000000000004 0 0 2.6 1.8 0 0.2 0 0 0 0 0 0.4 0.2 0 0 0 0 0 4.4 0 0 0 0 0 0 0 0 0 0 0 0.2 0 0 0 0 0 0 0 0 0 0 0 0 0 0 0 0 0 0 3 0 0 0 0 0.4 0 0 0 0.4 0 0 0 0 0 4.2 4.6000000000000005 9.200000000000001 1.8 5.2 6.2 0.2 8.4 3.2 0.2 8 2.6 2.4000000000000004 2.6 0 0.2 4.2 8 0 0 0 0.4 0 0 0 0 3 0 0 0 0 0 3.8000000000000003 3 5.4 0 0 0 0.2 0 0 0 2.6 0 0 0 0 0 0 0 0 0.4 0 0 0 0 0 0 0 0 0 0 1.6 0 0 0 0 0 0 0 0 0 0 0 0.4 0.4 0.4 0 15.600000000000001 0 0 0 0 0 0 0 0 0 0 0 0 0 0 0 0 0 0 0 0 0 0 6.800000000000001 0 0 0 1.6 0 0 0 1.6 
 0.4 0 0.4 0.8 0 0.2 0 0 0.6000000000000001 1 0 0 0 0 0 0 0 0 0 0 69.60000000000001 92.2 30.200000000000003 88.80000000000001 57.800000000000004 11.8 113 35.800000000000004 0 22.200000000000003 31.6 24.8 66.60000000000001 114.2 19.6 84.80000000000001 35.6 30 11.200000000000001 60.800000000000004 0 0 0 0.2 0.4 0.6000000000000001 0.6000000000000001 0 0.4 0.2 0.6000000000000001 0.6000000000000001 13 0 0 0.4 0.6000000000000001 0 0.4 0 0 0 0.4 0.4 0.6000000000000001 0.6000000000000001 0.6000000000000001 0.2 0 0.8 0 0 0.4 0.4 0.4 0 0 0.6000000000000001 0.4 10.8 0 0 0 0 2.2 0 0 0 0 0.2 0 0 0 0 0 0 0 0 0 0 0 3.4000000000000004 4.800000000000001 2.4000000000000004 5 1.4000000000000001 1.8 1.8 2.4000000000000004 5.800000000000001 2 5 4.2 8.4 2.4000000000000004 2 0 2.6 0 7 0 0 0 0 0 0 0.2 0 0 0 0 0 0 0 0 0 0 0 0 0 0 0.4 0 0 0 0 0 1 0 0 0 0 0 6 0 0 0 0 0 0 0 0 0 0 0 0 0 0 0 0 0.6000000000000001 0 0 0 0.8 0 0 0 0 0 5 7 4.800000000000001 3 3 3.2 1.4000000000000001 4.800000000000001 2.4000000000000004 7.4 0 2.4000000000000004 4.4 2.4000000000000004 1.8 4.2 4.800000000000001 4.4 2.2 1.4000000000000001 0 0 0 0 0 0 0.2 0 0 0 0 0 0 2.6 0 0 0 0 2.6 0.2 0 0 0 0 0 0 0 0 0 0 0 0 0 0 0 0 0 0 0 0 0 0 0 0 0 0 0 0 0 0 0 0 0 0 0.8 0.4 0.8 37.800000000000004 0 0.4 0.4 2.6 0 0 0 0 0 0 0 0 0 0 0 0 0 0 0 0 0 0 0 0 0 0 0 1.6 0 0 0 0 
 0.6000000000000001 0.6000000000000001 0.6000000000000001 1.2000000000000002 0.6000000000000001 0.6000000000000001 1.2000000000000002 0.6000000000000001 0.6000000000000001 0.6000000000000001 0.6000000000000001 0.6000000000000001 0.6000000000000001 0.8 0.6000000000000001 0.6000000000000001 0.6000000000000001 1 16 0.6000000000000001 8.8 6.6000000000000005 61.800000000000004 31.6 30.6 91.80000000000001 5.800000000000001 12.4 22.200000000000003 0 33.4 63.800000000000004 11.600000000000001 15.200000000000001 32.800000000000004 50.2 61.800000000000004 24.400000000000002 16.400000000000002 35.2 12.200000000000001 0 0 0.2 0 0 0 0 0.4 0 0.8 0 30.400000000000002 0 0 0 0.6000000000000001 0 24.200000000000003 0 1.2000000000000002 0 0.6000000000000001 0 0.6000000000000001 0.6000000000000001 0 0.4 0 0 0 0 0.4 0.2 0.4 0 0 0.6000000000000001 0.4 13.200000000000001 0 0 0 0 0 0 0 0 0 0 0 0 0 0.8 4 0 0 0 0 0 0 0 0 1.8 2.2 2.4000000000000004 0 1.8 0 0 0 17.6 0 0 0 2.8000000000000003 3.6 2.6 0 0 2 2.4000000000000004 0 0 0.6000000000000001 0 5 1.2000000000000002 0 0 1 0 2.6 4.800000000000001 1.8 0 0 0 2.2 1.6 0 0 0.2 0 0 0 0 0 0 0 0 0 0 0 0 0 0 0.8 0 0 0 0 0 0 0 0 0 0 0 0 0 0 0 0 0 0 0 1.6 0 0 0.2 2.2 0 6.4 7.800000000000001 0 0 0.4 2.4000000000000004 0.2 3.4000000000000004 5 0 0 0 0 2 2.4000000000000004 0 0 1.8 0 1.2000000000000002 0 0 0 1.6 0 0 0 0 0 10 14.4 4.6000000000000005 0 0 0 8 5 0 0 0 0 0 0 0 0.2 0 0 0 0 0.4 0 0 0 0 0 0 0 0 0 0 0 0 0 0 0 0 0 0 0 0 0.4 6 0.2 0.6000000000000001 1.4000000000000001 1.4000000000000001 0 2.8000000000000003 0.4 0 0 0 0 0 0 0 0 0 0 0 0 0 0 0.2 0 0 1.6 0 0 0 0 0 0 2 0 0 0 
 0.6000000000000001 4.800000000000001 0.6000000000000001 1.2000000000000002 0.8 0.6000000000000001 1 0.6000000000000001 1.2000000000000002 0.6000000000000001 0.6000000000000001 0.6000000000000001 0.6000000000000001 1.2000000000000002 15.200000000000001 0.6000000000000001 0.6000000000000001 0.6000000000000001 15.4 0.6000000000000001 22.6 10 8.6 25 23.400000000000002 56 22.8 68.8 31.6 33.4 0 90.4 6.4 51.400000000000006 56.800000000000004 18.6 79.2 43.400000000000006 4 29 0 0 0 0.4 0 0 0 0 0.4 0 0.6000000000000001 0 13.600000000000001 0 0.2 0 0.6000000000000001 0 0.4 0 0.2 0 0.4 0 0.6000000000000001 1.2000000000000002 0 0.2 0 0.8 0 0 0.4 0.4 0.4 0 0 0.6000000000000001 0.4 0.6000000000000001 0 0 0 0 0 0 0.4 0 0 0 0 0 0 0 2.4000000000000004 0 0 0 0 0 0 0 2.2 0 7.6000000000000005 6.2 0 3.2 0.2 1.8 4.800000000000001 4.6000000000000005 0 2.2 0 8.4 3.6 8 0 2.4000000000000004 0 2.4000000000000004 0 0 0.2 0 13 0 0 2 0 0 4.2 10.4 0 0 0 0 4 3.4000000000000004 0 0 0 0 0.2 2.4000000000000004 0 0 0 0 0 0 0 0 0 0 0 0.4 0 0 0 0 0 0 0 0 0 0 0 0 0 0 0 2.4000000000000004 0 0 0 0 0 0 2.8000000000000003 2.2 0 7.800000000000001 5 6 0 3 4.2 0 5.6000000000000005 4 0 0 0 1 6.4 0 0 0 0 0 0 2.6 0 0 0.6000000000000001 2 0 0 0 0 5.800000000000001 2.6 1.8 0 0 0 14.4 0 0 0 0 0.2 0 0 0 0.6000000000000001 0 0 0 0 0 0 0 0 0 0 0 0 0 0 0 0 0 0 0 0 0 0 0 0.2 0 0 1 0 0.2 14.8 2 0.6000000000000001 2.4000000000000004 0 0 0 0 0 0 0 0 0 0 0 0 0 0 0 0 0 0 1.6 0 2.4000000000000004 1.6 0 0 0 0 0 0 0 
 0 0 0 0 0 0 0 0 0.6000000000000001 0 0 0 0 0 0 0 0 0 0.4 0 8.200000000000001 10.4 35.6 35.2 42.6 16.2 22.200000000000003 16.400000000000002 24.8 63.800000000000004 90.4 0 7.2 8.200000000000001 7.2 10.8 13.8 34.2 7.6000000000000005 7.6000000000000005 12.200000000000001 0.6000000000000001 6 0.2 0 0 26 13 0.4 0 0.4 0 14.200000000000001 0 0.2 0 0.8 0 9.200000000000001 13 0.8 0 0.4 0.2 0.6000000000000001 0.6000000000000001 0 0 0 0 0.8 0 0.6000000000000001 1 0.4 0 0.2 0.6000000000000001 0.4 0.6000000000000001 0 0 0 0 0 0 0 0 0 0 0 0 0 0 0 0 0 0 0 0 0 0 1.8 2 0 7 0.2 2 2 5 0 14.4 0 0 0 2.4000000000000004 2.2 0 0 0 3.6 3.2 0 0 0 0 6.4 4.2 0 1.2000000000000002 3.6 0 8 4.4 9.200000000000001 0 2.4000000000000004 4.800000000000001 4.4 3.8000000000000003 0 0 0 0 0 0 0 0 0 0 0 0 0 0 0 0 0 1 0 0 0 0 4 0 0 0 0.4 0 0 0 0.2 0 0 0 0.2 0 0 0 0 0 1.8 0 0 0 0.2 0 0.4 0 0 1.2000000000000002 0 7.2 0 0 0 0 6 2.2 0 0 6.4 2.2 3.6 3.6 1.8 0 0 0.4 0 0 0 0 4.6000000000000005 2.4000000000000004 4.2 4 3 0 9.200000000000001 11 0.4 0 0 0 0 0 0 0 0 0 0 0 0 0 0 0 0 0 0 0 0 0 0.4 0 0 0 0 0 0 0 0 0 0 0 0 0 0 0.4 0.4 0 0.4 0.4 0 0 0 0 0 0 0 0 0 0 0 0 0 0 0 0 0 0.4 0 0 0.8 0 0 0 0 0 0 0 
