 0 39 27.200000000000003 14.600000000000001 51 8.200000000000001 36.6 28.200000000000003 14.8 11.4 9.200000000000001 26.6 10.200000000000001 33.800000000000004 28.6 8.6 113.60000000000001 67.8 62.6 33.800000000000004 0.6000000000000001 0.6000000000000001 0.6000000000000001 0.4 0 0 0 0.2 1.2000000000000002 0.2 0.6000000000000001 0.6000000000000001 0 0.6000000000000001 0.6000000000000001 0 0 0.6000000000000001 0 0 0.4 0 0.6000000000000001 0.4 0.6000000000000001 0.6000000000000001 0.4 0 0.2 1.6 1 0 0 0 5.4 0.6000000000000001 1.2000000000000002 0.4 0 0 0 0.8 0.2 0 0.6000000000000001 0.6000000000000001 0 0 0 0.4 0.6000000000000001 0.6000000000000001 0 0.4 0 0.4 0.2 0.4 0 0 9.4 0 0 4.800000000000001 0 0.2 9 4.6000000000000005 3 11 0.2 0 3.6 4.4 2 0 6.2 2.6 8 18.400000000000002 0.2 0 0 0 1.6 0 0 0 0 0 0 0 0.2 0 0 0 0 0 1 0 0 0 0 0 0 0 0 0 0 0 0 1 0 0 0 0 0 0 0 0 0.2 0 0.2 0.4 0 5.4 0 3.8000000000000003 0 0 0 0 0 0 0 0 0 0 0 0 3.4000000000000004 0 1.6 6.2 0 0 2.2 5.6000000000000005 0.8 0.2 0.2 4.4 1.2000000000000002 4 6.4 0 2 0 10.200000000000001 0 0 0 0 0 0 0 0 0 0.4 0 0 0 0 0 0 0 0 0.2 6.2 0 0.4 0 0 4 0 0 0 0 0 0 0 0.2 0 0 0 0 0 0 0 0 0 0 0 0.4 0 0.4 0 0 0 0 0 0 0 0 0 0 0 0 0 0 0 0 0 0 0 0.4 0.4 0 0.2 0.4 0.4 3 0 0 0.2 0 0 0 0 0 0 0 0 0 0 0.2 0 0 0 0 0 0 0 0 0 0 0 0 0 0 0 0 0 0 0 0 0 0 0 0 
 39 0 39 47.2 9.4 5.6000000000000005 72.4 38 46 10.200000000000001 36.800000000000004 40.6 33.800000000000004 27.200000000000003 29 19.400000000000002 106.80000000000001 22 9.600000000000001 9.600000000000001 0.6000000000000001 0 0 0.6000000000000001 0 0 0 0.2 0 0.4 1.6 0.4 0 0.6000000000000001 0.2 0 0 0.6000000000000001 15.4 0 0 0 0.6000000000000001 0 0.6000000000000001 0.6000000000000001 0 0 0 0 0.6000000000000001 0 0 0 8 1.2000000000000002 13 0.8 0 0 0 0 0 0 0 0 0 0 0 0.4 0 0 0 0.4 0 0 0 0 0 0 4.4 0.2 2.8000000000000003 2.8000000000000003 4.2 0.8 2 9.600000000000001 6 6.4 9.8 3.2 2.2 0 15.4 3.6 0 4.6000000000000005 0 2.6 0 0 0 0 0 0 0 0 0 0 0 0 0 0 0 0 0 0 4 0 0 0 0 0 0 0 0 0 0 0 0 0 0 0 0 0 0 0 0 0 0.2 0 1.4000000000000001 0 0 0 0 0 0 0 0 0 0 0 0 0 0 0 0 0 3 3.6 1.6 8.8 0 3.4000000000000004 3.6 5.6000000000000005 2.4000000000000004 0.8 3.4000000000000004 4 0 13 1.8 2.2 1.8 3.8000000000000003 0 0 0 0 0 2 0.2 0 0 0 0 0 0 0 0 0 0 0 0 0 4.2 3.4000000000000004 0 0 0 0 0 0 0 0 0 0 0 0 0 0 0 0 0 0 0 0 0 0 0 0 0 0 0 0 0 0 0 0 0 0 0 0 0 0 0 0 0 0 0 0 0 0 1.2000000000000002 0 18 0 1.8 0.6000000000000001 2.8000000000000003 0 0 0 0 0 0 0 0 0 3.6 0 0 0 0 0 0 0 0 0 0 0 0 0 1.8 0 0 0 0 0 0 0 0 0 0 0 0 0 
 27.200000000000003 39 0 34.800000000000004 11.4 48.2 132.20000000000002 83.2 63.6 53.6 51.2 27 75.2 28.6 75.8 27.400000000000002 47.400000000000006 47.400000000000006 30 79.60000000000001 1 0 0 0 0 0 0 0 0.4 0.2 0.6000000000000001 0.6000000000000001 0 0.6000000000000001 0 0 0 0.6000000000000001 0 0 0 0 7.6000000000000005 0 0.6000000000000001 0.6000000000000001 0 0 0 0 0.6000000000000001 0.4 0 0 0 0 0.6000000000000001 0.4 0 0 0 0 0.4 0 0 0 0 0 0 0.4 0 0 0 0.4 0 0 0 0 0 0 5.800000000000001 1.6 2.2 7.4 0 0 1.6 5.800000000000001 2.8000000000000003 4.6000000000000005 0 0 4 4.800000000000001 2.2 0.2 4 2.4000000000000004 0 17.6 0 0 0 0 0 0 0 0 0 0 0 0 0 0 0 0.2 0 0 0.6000000000000001 0 0 0 0 0.4 0 0 0 0 0 0 0 0 0 0 0 0 0 0 0 0 0.2 0 0 0 0 0 0.4 1 0 0 0 0 0 0 0 0 0.4 0 0 0.4 0.6000000000000001 0 0.4 4 0 0 0 11.4 4 0.2 0.2 1.4000000000000001 0 3 4 1.8 10.200000000000001 0 4.2 0 0 0 0 0 0 0 0 0 0 0 0 0 0 0 0 1.8 0 0 7.6000000000000005 0 0 0 0 0 0 0 0 0 0 0.4 0 0 0 0 0 0 0 0 0 0 0 0 0 0 0 0 0 0 0 0 0 0 0 4 0 0 0 0 0 0 0 0 0 0 0 0 0.2 0 0.8 0 0.4 1.8 0 0 0 0 0 0 0 0 0 0 0 0 0 0 0 0 0 0 0 0 0 0 0 0 0 0 0 0 0 0 0 0 0 0 0 0 0 0 
 14.600000000000001 47.2 34.800000000000004 0 52 26.200000000000003 45.800000000000004 30.6 33 29 77 47.6 36.2 43.400000000000006 29.8 58.400000000000006 10 27.6 40.2 16.8 0.6000000000000001 0 0 0 0 0 0 3.2 0 0 1.2000000000000002 0.8 14.8 0.6000000000000001 0.4 0 0 0.6000000000000001 14.600000000000001 0 0 0 0.6000000000000001 0 0.4 0.4 0 0 0 10.600000000000001 0.6000000000000001 0 0 0 0 0 0.6000000000000001 6.800000000000001 0 0 0 0 0 0 0 0 0 0 0 2.2 0 0 0 0.4 0 0 0.6000000000000001 0 0 0 3.6 2 1.8 5 2 7 1.2000000000000002 5.2 2 2.2 5 14 0 0.8 6.6000000000000005 8.6 3.2 2.6 4 4 0 0 0 0.4 0 0 0.2 2.4000000000000004 0 0 0 0 2.4000000000000004 2.2 0 0 0 0 1.2000000000000002 0 0 0 0 0 0 0 0 0 0 0 0 0 0 0 0 0 0 0 0 0 0.2 0 0 0 0 0 0 1.6 0 0 0 0 0 0 0 0 0 0 0 0 0.6000000000000001 0.2 2.6 5.2 3.8000000000000003 6 0 6.2 0 3.8000000000000003 1.8 19.400000000000002 0 0 3 0 3.4000000000000004 4.4 0 0 3.8000000000000003 0.2 0 0 0 0 0 3.4000000000000004 0 0 0 0 4.4 0 2.6 0 0 0 2.8000000000000003 2.8000000000000003 0 2 0 0 0 0 0 0 0.4 0 0 0 0 0 0 0 0 0 0 0 0 0 0 0 0 0 0 0 0 0 0 0 0 0 0 0 0 0 0 0 0 0 0 0 0 18.2 21.8 0 0.2 3 0 0.6000000000000001 0.4 0 0 0 0 0 0 0 0 0 0 0 0 0 0 0 0 0 0 0 0 0 0 0.6000000000000001 0 0 0 0 0 0 0 0 0 0 0 0 0 0 
 51 9.4 11.4 52 0 14 7.2 31.200000000000003 17 68 41.2 49 15.200000000000001 12.4 18.2 102.2 8.200000000000001 12.4 12.8 22.8 11.8 0.2 15.200000000000001 0 0 0 15.600000000000001 0 0 0 0.6000000000000001 0.6000000000000001 43 15.8 21 0 0 0.6000000000000001 27.8 0.2 0 12.8 0.6000000000000001 0 0.6000000000000001 0.6000000000000001 0 0 0 0 0.6000000000000001 0 0 0 0 0.4 0.6000000000000001 0.4 0.6000000000000001 0.6000000000000001 0 0.6000000000000001 0 0 0 0 0 0 0 0.4 0 0 0 0.8 0 0 0.2 0 0 0.4 0.4 0 2.2 0 8.6 1.2000000000000002 0 0 0 0.2 5 1.6 0 0 0 5.4 0 0 0 0 5.4 3.2 0.2 0 0 0.6000000000000001 5.6000000000000005 0.2 0 0 2.2 0 6.4 4.4 0 2.6 0 13.200000000000001 2.8000000000000003 0 0 0 0 0 0 0 0 0 0 0 0 0 0 0 0 0.2 0 0 0 0 0.2 0 0 0 0 0 0 0 0 0 0 3.6 0 0 0 0 0 0 0 0 0 3 3 1.4000000000000001 2.6 7.6000000000000005 0 0 0.2 3.2 2.2 8.4 0 0.4 0.4 0 0 0 0 0 7.2 3.8000000000000003 0 0 0 0 0 6.4 2.2 0 2.8000000000000003 0 3.2 8.6 1.8 0 0 0 0.8 5.6000000000000005 0.2 2.2 0 0 0 0 3.2 0 2.6 0 0 0.4 0 0 0 0 0 0 0 0 0 0 0 0 0 0 3.2 0 0 0 0 0 0 0 0 0 0 0 0 0 0 4.6000000000000005 0 0 0 0 9.8 0.6000000000000001 0.2 28.200000000000003 0 3.6 0 0 0 0 0 0 0 0 0 0 0 0 0 0 0 0 0 0 0 0 0 0 0 2.4000000000000004 1.6 0 0 0 0 0 0 0 0 0 0 0 0 0 
 8.200000000000001 5.6000000000000005 48.2 26.200000000000003 14 0 55.6 53 52.6 8 33.4 27.200000000000003 8.8 15.4 8.8 16.400000000000002 13.8 8.6 55.400000000000006 16.400000000000002 17.400000000000002 0 0.4 0 0 0 27.8 30.400000000000002 31.400000000000002 12.4 1.2000000000000002 1.2000000000000002 0.6000000000000001 1.2000000000000002 0.2 49 0.6000000000000001 0.6000000000000001 12.4 75.2 0 0.2 1 0 1.2000000000000002 1.2000000000000002 0.4 0 0 0.4 1 0 0.4 0.4 0 0.6000000000000001 1 0.8 0 0 0 0 0.2 0 0.8 0 8 0 0.4 0.4 0 0 0 0.4 0 14.200000000000001 0.2 0 0 0 0 3 0 0.2 2.6 0 0 0 0 0.4 0 2.2 0 0 0 0 0 0 0 0 5.6000000000000005 2 7.4 5.6000000000000005 0 0 2 9 2 6.2 0 0.4 6.800000000000001 2 3.6 5.800000000000001 1.8 4 2 5.4 0 0 0 0 0 0 0.2 0 0 0 0 0 0 0 0 0 0 0 0 0 0.4 0 0 0 0 2.6 0 0 0 0 0 0.2 0 0 0 0.4 0 0.2 0 0 0 1.6 0 0 5.2 0.2 0 0 0 0 3 3.8000000000000003 0 0 0 0 0 0.6000000000000001 0 0.4 8.8 7.800000000000001 4.4 6.4 0 0 3.6 6.6000000000000005 5.2 0 0.2 2.2 16.2 4.6000000000000005 7.4 6 2.8000000000000003 0 3.4000000000000004 6.800000000000001 0 0 3.6 0 0 0 0 0 0 0 0 0 0 0 0 0 0 0 0 0 0 0 0 0 0 0 2.2 0 0 0 0 0 0 0 0 0 0 0 0 0 0 0 0 0 0 0.8 1 0 0 9.200000000000001 0 0.8 0 0 0 0 0 0 0 0 0 3.4000000000000004 0 0 0 0 0 0 0.4 0 0 0 0 0.2 0 2.2 0 0 0 0 0 3.2 0 0 0 3.8000000000000003 0 0 0 0 
 36.6 72.4 132.20000000000002 45.800000000000004 7.2 55.6 0 18.6 32.800000000000004 7.4 26 16.2 81.60000000000001 95.60000000000001 52.400000000000006 23.6 25.400000000000002 7.6000000000000005 17 50.800000000000004 0.6000000000000001 0.2 0.2 0.4 0.4 0.2 0 0 0 0.2 1 0.6000000000000001 0.4 21.8 0 0 0 0.6000000000000001 0 0.4 0 0 0.8 0 0.4 0.4 0 0 0 1.4000000000000001 0.6000000000000001 0 0 0 0 0 0.6000000000000001 0.6000000000000001 0 0 0 0 5.4 0 0 0 0 0 0 0.4 0 0 0 0.4 0 0 0.6000000000000001 0 0 0 6.2 1.8 3.8000000000000003 9.600000000000001 0 2 2.2 5 2.8000000000000003 3.8000000000000003 3.8000000000000003 0 4.4 2 5 1.8 4.4 4.4 0 8.8 0 0 0 0 0 0 0 0 0 0.4 0 0 0 0 0 0 0 0 5.4 0 0 0 0 0 0 0 4.4 0.2 0 0 0.4 0.4 0.2 0 0 0 0 0 0 0 4.4 0 0.2 0 0 0 0 0.6000000000000001 0 0 0 0 0 0.2 0 0 0 0 0 0 1.4000000000000001 0 2 5.6000000000000005 0 0.4 0 4 2 3 5.6000000000000005 3.8000000000000003 0 3.6 0 0 2.2 3.6 0.6000000000000001 0 0 0 0 0 0 0 0 0 0 0 0 0 0 0.2 0 0 0 0 5.800000000000001 0.4 0 0 0 0 0 0 0 3.2 0 0 0 0 0 0 0 0 0 0 0 0 0 0 0 0 2.2 0 0 0 0 0.2 0.2 0 0 0 0 0 0 0 0 0 0 0 0 0 0 0.4 17.6 0.4 0.4 0 0 2.4000000000000004 0 0 0.2 0 0 0 0 0.2 0 0 0 0 0 0 0 0 0 0 0 0 0 0 0 0 0 0 0 0 0 0 0 0 0 0 0 0 0 0 
 28.200000000000003 38 83.2 30.6 31.200000000000003 53 18.6 0 35 25.8 5.2 28.400000000000002 19.400000000000002 35.4 29.8 46.400000000000006 10.8 5.4 29.8 9.600000000000001 0.6000000000000001 0 0 0 0 0.6000000000000001 0 0 0 0.4 0.6000000000000001 0.8 0 0.6000000000000001 0 0 0 0.6000000000000001 0 41 12.4 0 6.800000000000001 0 0.6000000000000001 0.6000000000000001 0 0 0 11.4 0.6000000000000001 0 0 0 0 0 0.6000000000000001 0.4 0 0 0 0 0 0 0 0 0 0 0 0.4 0 0 0 0.4 0 0 0.4 0 0 0 3.4000000000000004 8 5.800000000000001 0 0 6 0 0.2 1.4000000000000001 2.4000000000000004 1.8 2 1.6 6.2 2.8000000000000003 8 3.2 7.2 2.2 2.2 0 0 0 0 3.6 0 0.2 2 0 0 0.4 0 0 0.4 0 0 0 0 0 0 0 0 0 0 0 0 0 0 0 3.8000000000000003 0 0 0 0 0 0 0 0 0 0 0.4 0 0 0 0.2 0 0 0 0 0 0 0 0 0 0.4 0 0 0 0 0 0.8 1.8 0 0.2 3.6 1.8 1.6 2.2 0.2 2.2 2.2 4.2 2.2 1 9.4 0 3.6 2.8000000000000003 2.4000000000000004 2.8000000000000003 0 0 0 0 0 0 0 0 0 0 0 0 0 0 0 0 0 0.2 0 0 0 0 0 0 0 0 0 0 0 0 0 0 0 0 0.2 0 0 0 0 0 0 0 0.2 2.6 0 0 0 0 0 0 0 0.2 0 0.2 0 2.8000000000000003 0 0 0.4 0 0 0 0 0 0 0 0.4 0 0.2 0 3.6 3.2 0 0 0 0 0 0 0 0 0 0 0 0 0 0 0 0 0 0 0 0 0 0 0 0 0.2 0 0 0 0 0 0 0 0 0 0 0 0 0 
 14.8 46 63.6 33 17 52.6 32.800000000000004 35 0 75.2 13 6.4 73.4 36.2 37.4 37.4 118 8 19.8 33.4 0.6000000000000001 0 0 0.4 0 0 0.2 0 0 0.2 0.6000000000000001 0.6000000000000001 0 0.6000000000000001 0 0 0.2 0.6000000000000001 0 0 0 0 0.6000000000000001 0 0.6000000000000001 0.6000000000000001 0.6000000000000001 0 0 0.4 0.6000000000000001 0 0 0 0 0 0.6000000000000001 0.4 0 0 0 0.8 0 0 0 0 0 0 0 0.4 0 0 0 0.4 0 0 0.2 0 0 0 3 0.2 2.8000000000000003 0.2 4.2 0 0 5.800000000000001 4.2 0 0 3.6 0 1 10.200000000000001 0 1.4000000000000001 3 0 2 0 3 0 0 0 0 2.6 0 0 0 1.2000000000000002 0 3.4000000000000004 0 0.2 0 0.4 0 0 0 0 0 0 0 0 0 0 0 0 0 0 0 0 0 0 0 0 0 0 0 0.2 0 0 0 0 0 0 0.8 0 0 0 0 0 0 0 0 0 0 0 2 3 4 3 2.2 0 2 3.8000000000000003 0 1.6 0.8 0 0.2 0 4.2 5.2 4.4 1.4000000000000001 0.2 0 0 0 0.2 0 0 0 0 0.4 0 0 0 0 0.4 0 0 0 0 0.4 0 2.8000000000000003 2 0 0 0 0.4 0 0 0.2 0 0 0 0 0 0 0 0 0 0 0 0 0.2 0 0 0 0 0 0 0 0.4 0 0 0 0 0.2 0 0 0 0 0 0 0 0 0 0 0 0.2 0 0.6000000000000001 0.4 18 0 2.8000000000000003 2 1.6 0 0 0 0 0 0 0 0 0 0 0 0 0 0 0 0 0 0 0 0 0.4 0 0 0.8 0 0 0 0 0 0 0 0 0 0 0 0 0 
 11.4 10.200000000000001 53.6 29 68 8 7.4 25.8 75.2 0 156.20000000000002 25.8 52.400000000000006 48.2 18.8 38 53 34 13 32 12.600000000000001 2.8000000000000003 14.600000000000001 14.8 0 0 12.600000000000001 0 0 0.6000000000000001 0.6000000000000001 0.6000000000000001 0 0.8 14.8 0 0 0.6000000000000001 24.8 15.8 0 0 0.6000000000000001 0 0.4 0.4 0 0 0 0 0.6000000000000001 0 0 0 0 0 0.6000000000000001 0.6000000000000001 0 0 0 0 1 0 0 0 0 0 0 0.4 0 0 0 0.4 0 0 0.4 0 0 0 0 0 0 5.6000000000000005 3 3.6 0.2 0 1.2000000000000002 6 0 0 0 0 0 0 5.6000000000000005 2.2 0 6 0 4 0 0 0 0 11.600000000000001 0 0 0.6000000000000001 0 0 4.800000000000001 2 0 5.4 0 0 10 0 0 0 0 0 0 0 0 0 0 0 0 0 0 0 0 0 0 0 0 0 0.2 0 0 0 0 0 0 7.6000000000000005 0 0 0 0 0 0 0 0 0 0 0 0 0 12.8 0 2.2 2.6 0 2 0 0 2.2 6.6000000000000005 0 0 2.4000000000000004 7.2 2 0 1 0 0.2 1.6 4.2 0 0 0 0 0 2.2 0 0 0.4 0 12.8 5.2 0 0 0 0.2 0 0 0 0 0 0 0 0 0 0 0 0 0 0 0 0 0 0 0 0 0 0 0 0 0 0 0 0 0 0 0 0 0 0 3 0 0.2 0 0 0 0 0 0 4.6000000000000005 0 0 0 0 0.4 0 0 9.4 0.6000000000000001 3 0 0 0 0 0 0 0 0 0 0 0 0 0 0 0 0 0 0 0 0 0 0 0 0 0.4 0 0 0 0 0 0 0 0 0 0 0 0 0 
 9.200000000000001 36.800000000000004 51.2 77 41.2 33.4 26 5.2 13 156.20000000000002 0 10.8 17 8.4 18.6 62.6 32.800000000000004 56.6 5.800000000000001 61 13 0 0.4 0 0 0 0.2 0.8 0 0 1 0.6000000000000001 17.6 0.6000000000000001 15.200000000000001 0.4 0 0.6000000000000001 19.8 0 0 0 0.6000000000000001 0 0.6000000000000001 0.6000000000000001 0 0 0 0 0.6000000000000001 0 0 0 0 1.4000000000000001 0.6000000000000001 1 0 0 0 0 0.4 0 0 0 0 0 0 0.4 0 0.2 0 0.8 0 0 0.2 0 0 0 2.6 0 3.8000000000000003 3.6 2.2 2.2 1.2000000000000002 2.8000000000000003 6 4.4 6.2 7.800000000000001 0 0 2.8000000000000003 15.4 3.2 2.4000000000000004 0 0 0 0 0 0.2 0 0 2.4000000000000004 0.4 0 0.4 0 0 3 0 0 0 0 0.2 6.6000000000000005 0 0 0 0 0 0 0 0 0 0 0 0 0 0 0 0 0.4 0 0 0 0 0.2 0 1.4000000000000001 0 0 0 0 0 0 0 3.4000000000000004 0 0 0 0 0 0 0 0 0 0 0 3.4000000000000004 4.800000000000001 5.4 5.2 0 0 2.6 2.2 3.8000000000000003 7.4 0 2 0 0 0 6.2 0 0 7 0 0.2 0 0 0 0 7.2 0 0 0 0 10.4 0 2.2 0 0 0.2 0 2.2 0 2 0.2 0 0 0 0 0 0 0 0 0 0 0 0 0 0.4 0 0 0 2 0.2 0 0 0 0 0 0 0 0 0 0 0 0 0 0 0 0 0 0 0 0 0 0 0 0 13.4 0.4 1 0.6000000000000001 0.2 1.6 0 0 0 0 0 0 0 0 0 0 1.2000000000000002 0.2 0 0 0 0 0 0 0 0 0 0 0 0.4 0.2 3 0 0 0 0.8 0 0 0 0 0 0 0 0 
 26.6 40.6 27 47.6 49 27.200000000000003 16.2 28.400000000000002 6.4 25.8 10.8 0 8 81.60000000000001 25.8 31 32 41.2 9 80 15.4 0.6000000000000001 14.600000000000001 0.2 0 15.4 19.8 0 0 0.6000000000000001 0.6000000000000001 0.8 0 3.6 0 1 0 0 42.6 0.2 0 0.2 0.6000000000000001 0 0.6000000000000001 1.2000000000000002 0 0 8.8 0 0.2 0 0 0.2 0 1 1.4000000000000001 0 1.4000000000000001 0.2 0.8 0 0 0 1 0 1 0 1.2000000000000002 0 0 0 0 0 0 0.4 0.4 0.4 0.8 0 3.6 0 2 7 4.800000000000001 3 1.2000000000000002 2.8000000000000003 2.8000000000000003 5.2 5 2 0.4 3.8000000000000003 2 14.8 0.8 0 0 5 0 10.600000000000001 0 0 0 0 2.6 0 0 0 2.4000000000000004 3.4000000000000004 2.6 4.4 0 11.4 0 0.2 4 0 0 0 0 0 0 0 0 0 0 0 0 0 0 0 0.4 0 0 0 0 0 0.4 0 0.4 0 0 0 0.2 0.2 0 0 0 0 0 0 0 0 0 0 0 0 1.6 2.6 0 5.2 3 0 0.2 4.4 3.4000000000000004 0.4 4 6.6000000000000005 0 4.2 0 0 5.800000000000001 3.4000000000000004 0 0 2.8000000000000003 2 0 0 0 0 0 2.6 0 0 2.8000000000000003 0 2 2.2 0 0 2.2 0 12.200000000000001 3 0 0 0 0 0 0 0 0 0 0 0 0 0 0 0 0 0 0 0 0 0 0 0 0 0 0 0 0 0 0 0 0 0 0 0 0 0 0 0 0 0 4.2 0 0 0 0.8 0.8 0 0 17.6 0.2 1.4000000000000001 0 0 0 0 0 0 0 0.4 0 0 0 0 0 0 0 0 0 0 0 0 5.6000000000000005 0 0 0 2.6 0 0 0 0 0 0 0 0 0 0 0 0 0 
 10.200000000000001 33.800000000000004 75.2 36.2 15.200000000000001 8.8 81.60000000000001 19.400000000000002 73.4 52.400000000000006 17 8 0 52 38 6.6000000000000005 27.6 5.6000000000000005 12.8 17.8 0.8 0 0 1.2000000000000002 0 0 0 0.2 0 0.6000000000000001 0.6000000000000001 0.2 0 0.6000000000000001 0 0 7.800000000000001 0.6000000000000001 40.800000000000004 0 0 0 0.6000000000000001 0 0.6000000000000001 0.6000000000000001 0 0.2 0 0 0.6000000000000001 0 0 0 0 3.2 0.8 0.8 0 0 0 0 0 0 0 0 0 0 0 10.8 0 0 0 0.4 0 0 0.8 0 0 0 6.800000000000001 6.800000000000001 17 1.2000000000000002 0 0 2 9 2 2.2 3.4000000000000004 0 0.2 2.2 5.4 3.8000000000000003 2 5.4 2.2 2.8000000000000003 0 0 0 0 0 0 0 0 0 0 0 0 0 0 0 0 0 0 0 0 0 0 0 0 0 0 0 0 0 0 0 0 0 0 0 0 0 0 0 0 0.2 0 0 0 0 0 0 0 0 0 0 0 0 0 0 0 0 0.2 0 0.2 4 15 7.6000000000000005 2.2 0 2 2.8000000000000003 0 4.4 0.4 0 2.8000000000000003 0 10.200000000000001 3.2 5.4 2.4000000000000004 3.6 0 2.6 0 0 0 0 0.2 0 0 0 0 0 0 0 0 3 0.6000000000000001 0 0 0 0 2.2 0 0 0 0 0 0 0 0 0 0 0 0 0 0 0 0 0 0 2.4000000000000004 0 0 0 0 0 0 0 0 0 0 0 0 0 0 0 0 0 0 0 0 0 0 0 0 0 0 0.6000000000000001 1 0 0.2 0.2 0 1.6 3.2 0 0 0 0 0 0 0 0 0 2.2 0 0 0 0 0 0 0 0 0 0 0 0 0 1.8 0 0 0 0 0 0 0 0 0 0 0 0 0 
 33.800000000000004 27.200000000000003 28.6 43.400000000000006 12.4 15.4 95.60000000000001 35.4 36.2 48.2 8.4 81.60000000000001 52 0 21 110.60000000000001 33.6 4 18.6 16.400000000000002 0.6000000000000001 0 0 0 0 0 0 0 0 0.4 0.6000000000000001 0.6000000000000001 0 0.8 0 0 0.2 1.2000000000000002 0 0 0.6000000000000001 0 0.6000000000000001 0 0.6000000000000001 0.6000000000000001 0 0 0 13 0.6000000000000001 0 0 0 0 0.2 0.6000000000000001 0.4 0 0 0 0 0.8 0 0 0 0 0 0 0.4 0 0 0 0.4 0 0 0 0 0 0 0 3.4000000000000004 2.6 2 0 1.8 0.2 4.6000000000000005 0.4 3.4000000000000004 0.2 4 2 0 7.6000000000000005 3.2 4 0.4 5.2 0.2 0 0.4 0 0 0 0 3.8000000000000003 0 0 0 0 0 0 0 0 0 0 0 7.4 0 0 0 0 0 0.4 0 0 0 0 0 0 0 0 0 0 0 0.4 0 0 0 0 0 0 0 0 0 0 0 0.4 0 0 0 0 0 0 0 0 1.2000000000000002 0 0.8 6.6000000000000005 2.6 0 0.4 5.2 2.2 0 4.6000000000000005 0.2 3.8000000000000003 2.2 0.8 0.2 8 4 4 3.4000000000000004 1.6 0 0 0 0 0 0 0 0 0 0.4 0 0 0 0 0 0 0 0 0 0 0 2 0 0 0 0 0 0 0 0 0 0 0 0 0 2 0 0 0 0 0 0 0 0 0 0 0 0 0 0 0 0 0 0 0 0.2 0 0 0 0 0 0 0 0 0 0 0 0 0.2 0.2 0.6000000000000001 0 4 2.2 0 0 0.2 0 0 0 0 0 0 0 0.2 0 0 0 0 0 0 0 0 0 0 0 0 0 1.2000000000000002 0 0 0 0 0 0 0 0 0 0 0 0 0 
 28.6 29 75.8 29.8 18.2 8.8 52.400000000000006 29.8 37.4 18.8 18.6 25.8 38 21 0 14.600000000000001 20.200000000000003 51.2 29 31.6 0.6000000000000001 0.2 0 0.2 0 0 0.2 0 0 0.4 0.6000000000000001 0.6000000000000001 0 0.6000000000000001 0 0.4 0.2 1.4000000000000001 0 0 0 0 0.4 0 0.6000000000000001 0.6000000000000001 0 0 0 0 0.6000000000000001 0 0 0 0 8.6 0.6000000000000001 0.4 0 0 0 0 0 0 0 0 0 0 0 0.4 0 0 0 0.4 0 0 0 0 0 0 13.200000000000001 2 15.200000000000001 2.6 0 0 5 7.800000000000001 3.8000000000000003 1.8 2.8000000000000003 0 4.800000000000001 0 3 2.8000000000000003 2 9.200000000000001 6.4 4.6000000000000005 0 0 0 0 0 0 0 0.4 0 0 0 0 0 0 0 0 0 0.2 1.8 0 0 0 0 0 0 0 0 0 0 0 0 0 0 0 0 0.4 0 0 0 0 0.2 0 0.4 0 0 0 0 0 0 0 0 0 0 0 0 0 0 0 0 0 4.800000000000001 1.2000000000000002 1.8 2.8000000000000003 0 2 6.6000000000000005 3.6 2 2.2 0 2.2 1 4.2 0 6 3.8000000000000003 1.6 3.4000000000000004 2.4000000000000004 0 0 0.4 0 0 0 0 0 0 0 0 0 0 0 0 0 0 0 4.4 2 0 0 0.2 0 0 0 0 0 0 0 0 0 0 0 0 0 0.4 0 0 0 0.2 0.2 0 0 0 0 0 0 0 0 0 0 0 0 0 0 0 0 0 0 0 0 0 0 0 0.4 9.8 0 0.4 0 0.4 0.4 6.2 0 0 0 0 0 0 0 0 0 1.2000000000000002 0 0 0 0 0 0 0 0 0 0 0 0 0 0 0 0 0 0 0 0 0 0 0.2 0 0 0 0 
 8.6 19.400000000000002 27.400000000000002 58.400000000000006 102.2 16.400000000000002 23.6 46.400000000000006 37.4 38 62.6 31 6.6000000000000005 110.60000000000001 14.600000000000001 0 61.400000000000006 87 12.4 15.4 1.4000000000000001 0.6000000000000001 15.200000000000001 0.6000000000000001 0.4 0 0 0 0.2 0 1.2000000000000002 1.2000000000000002 14.8 1 0 0 1.4000000000000001 1.6 29.8 0 0 0 0.6000000000000001 0.4 0.8 0.6000000000000001 0 0.2 0 0 1.6 0.6000000000000001 0.6000000000000001 8 0 0 1.4000000000000001 1.2000000000000002 0 0 0.2 0 0.6000000000000001 0.2 1.2000000000000002 0 0 0.6000000000000001 0 1.6 0 0 0 7.6000000000000005 0.4 0.2 1.4000000000000001 0 0 0 0 0 2 2.2 0.6000000000000001 0.8 1.2000000000000002 18.2 0.2 0 8.8 19 0 3.6 3.6 5.4 2.2 0.2 0.4 3.8000000000000003 0 0 0 0 0 0.4 3.6 0.2 0 0 0 0 0 0.4 0 3.6 0 0 0.2 0 0 0 0 0 0 0 0 0.4 0 0 0 0.6000000000000001 4.800000000000001 0 0 0 0.2 0 0 0 0.6000000000000001 0 0 0 0 0 0 1.4000000000000001 0.2 0 0 0 0 0 0 0 0 0 0 0 3 8.6 0 2.4000000000000004 2.8000000000000003 3 0 5 1 0 4.4 7 0 0 3 4.6000000000000005 3.8000000000000003 2 0 0 4 0 0 0 0 0 0 2.2 0 0 0 0 0 3.6 2 0 0 0 3.8000000000000003 0 0 3.8000000000000003 0 0 0 0 0 0 0 0 0 0 0 0 0 0 0 0 0 0 0 0 0 0 0 0 0.4 0 0 0 0 0 0 0 0 0 0 0 0 0 0 0 0 0 0 0 0 0 0.4 0.8 0.2 1.4000000000000001 0 0 0 0 0 0 0 0 0 0 0 0 0 0.4 0 0 0 0 0 0 0 0 0 0 4.6000000000000005 0 0 0 0 0 0 0 0 0 0 0 0 0 
 113.60000000000001 106.80000000000001 47.400000000000006 10 8.200000000000001 13.8 25.400000000000002 10.8 118 53 32.800000000000004 32 27.6 33.6 20.200000000000003 61.400000000000006 0 53.2 65.2 9.4 0.8 0 1.2000000000000002 0 0 0.2 0 0 0 0.4 0.6000000000000001 0.6000000000000001 0 0.8 1.2000000000000002 0 0 0.6000000000000001 7.2 0 0 0 0.6000000000000001 0 0.4 0.4 0 0 0 0 0.6000000000000001 0 0 0 0 0 0.6000000000000001 0.6000000000000001 1.2000000000000002 1.2000000000000002 0 1.2000000000000002 0 0 0 0 0 0 0 0.4 0 0 14.200000000000001 0.4 0 0 0.4 0 0 0.8 3.4000000000000004 0 0.6000000000000001 1.2000000000000002 0.2 2 0 19.8 5.800000000000001 2.4000000000000004 8.8 4 2.2 1.8 9 2.6 0 0 0 5.6000000000000005 0 0 0 0 0 0.2 1.8 0 0 0 0 0 0 0 0 0 0 0 4.6000000000000005 0 0 0 0 0 0 0 0 0 0 0 0 0 0 0 0 0 0 0.2 0 0 0.8 0 0.8 0 0 0 0 0 0.2 0 0 0 0.4 0 0 0 0 0.8 0 0 3.6 2.6 2 2.4000000000000004 5 5.2 7.4 2.8000000000000003 9.8 0.6000000000000001 4.4 0 0 0.2 0 6 1.8 2.8000000000000003 0 0 0 0 0 0 0 0 0 0.2 0 0 0 0 0 0 0 0 0 0 1.8 0.6000000000000001 0 0 0 0 0.4 0 0 0 0 0 0 0 0.4 0 0 0 0 0 0 0 0 0 0 0 0 0 0.4 0 0 6.6000000000000005 0 0 0 0 0 0 0 0 0 0 0 0 0 0 0 0 0.6000000000000001 0 0.2 0.4 0 2 2.8000000000000003 0 0 0 0 0 0 0 0 0 0 0 0 0 0 0 0 0 0 0 0 0 0 0 2.2 2.8000000000000003 0 0 0 0 0 0 0 0 0 0 0 0 
 67.8 22 47.400000000000006 27.6 12.4 8.6 7.6000000000000005 5.4 8 34 56.6 41.2 5.6000000000000005 4 51.2 87 53.2 0 6.800000000000001 64 13.200000000000001 0 0 0 0 0 12.8 0 0.2 0.2 0.6000000000000001 0.6000000000000001 0 0.6000000000000001 15 0 0 0.6000000000000001 15 14.8 0 0 0.6000000000000001 0 0.4 0.4 0 0 0 0 0.6000000000000001 0 0 0 0 10.8 0.6000000000000001 0.6000000000000001 0 0 0 0 1 0 0 0 0 0 0 0.4 0 0 0 1 0.2 0 0.4 0.2 8.200000000000001 0.8 0 0 0 4.4 0 2.4000000000000004 5.2 1 2.8000000000000003 4.2 9.4 0 3 2.2 0.4 9 4 0.2 0 7 0 1.6 0 0 0 0 4.4 0 0 0.2 0 0 3.8000000000000003 10 0 2.8000000000000003 0 0.2 9.600000000000001 0 0 0 0 0.2 2.2 0 0 0 0 0 0 0 0 0 0.4 0 0 0 0 0 0.4 0 1 0 0 0 0.2 0.8 0 4.2 0 0 0 0 0 0 0 0 0 0.2 0 0.8 0 5.6000000000000005 2.2 0 2.8000000000000003 2 1.8 2.2 8.4 2.6 0 2 2.2 2 2.6 2.4000000000000004 0 0 0.2 4 0 0 0 0 0 0 0 0 4 0 4.4 1.8 0 0 0 2 0.6000000000000001 3 0 0 0 0 0 0 0 0 0 0.2 0 0 0 0 0 0 0 0 0 0 0 0 0 0 0 0 0 0 0 0 0 0 0 3.2 0 0 0 0 0 0 0 0 0 0 0 0.6000000000000001 0.4 0 0.6000000000000001 25.6 0 0.6000000000000001 0 0 0 0 0 0 0 0 0 0 2 0 0 0 0 0 0 0 0 0 0 0 0 0 0 0 0 0 0 0 0 0 0 0 0 0 0 0 
 62.6 9.600000000000001 30 40.2 12.8 55.400000000000006 17 29.8 19.8 13 5.800000000000001 9 12.8 18.6 29 12.4 65.2 6.800000000000001 0 32.2 0.8 0.4 1 0.2 0 1.8 0.2 0 0 0.2 0.6000000000000001 0.6000000000000001 0.2 1.6 1.4000000000000001 0.4 0.4 1 0.4 15.8 8.4 0 1.8 0 0.6000000000000001 0.8 0 0 0.2 0 1.6 0.8 0 0 0 0 2 0.8 0.6000000000000001 0.6000000000000001 0 2.2 0 0 0.8 0 0 1.2000000000000002 0.2 1.4000000000000001 0 0.4 0 1.6 0.2 2 1 1.6 0.6000000000000001 0.4 0 0 0 0 0 1.6 5.2 0 1.6 1.8 4.6000000000000005 14.4 5 2.8000000000000003 0 1.8 3.4000000000000004 7.2 2.4000000000000004 2.4000000000000004 0 0.4 0 0 0 0.2 0 2.4000000000000004 0 3.8000000000000003 0 0 0 0 0 0.2 0 0 2.8000000000000003 0 0 0 0 0 0.4 0 0 0 0 0.4 0 3 0 0 0 0 0.4 0.4 0 0 0 0 0.8 0 0 0 0 0 0.4 0 0 0 0 0 0 0 0 0.4 0 1.4000000000000001 12.4 0 0 0.4 0 0 2.6 0 0 0 0.4 0 3.2 0 1.4000000000000001 0 0.8 0.4 10.200000000000001 2.2 0 0 0 0 0 0 0 0.4 0 2.2 0 0 0 0 0 0 0 0 0 0 0 0 0 0 0.2 0 0 0 0 0 0 0 0 0 0 0 8.6 0 0 0 0 0 0 0 0 0 0 0 0 0 0 0 0 0.2 0 0 0 0 0 0 0 0 0 0 0 0 0 0 0 0.4 0 1.2000000000000002 0 0 0 0 0 0 0 0 0 0 0 0 0 0 0 0 0 0 0 0 0 0 0 0 0 0 0 0 0 0 0 0 0 0 0 0 0 0 
 33.800000000000004 9.600000000000001 79.60000000000001 16.8 22.8 16.400000000000002 50.800000000000004 9.600000000000001 33.4 32 61 80 17.8 16.400000000000002 31.6 15.4 9.4 64 32.2 0 1.2000000000000002 0 0 14.8 0 0 0 0 0 1.2000000000000002 1.2000000000000002 0.6000000000000001 0 1.2000000000000002 0 0.4 0 0.6000000000000001 0 0 0 0.2 0.6000000000000001 13.200000000000001 1.4000000000000001 1.2000000000000002 0 0 1.6 0 0.6000000000000001 0 0 0 2 0 1 0.4 0 0 0 0 0 0 0.4 0 0 0 0.4 0.4 0 0 0 0.4 0 0 0 0 0 4.2 2 0 0 1.8 0 0.8 6 3.4000000000000004 2.2 0 0 0 2.2 0.4 1.8 0 2.6 0.4 7.6000000000000005 6 0 0 0 0 0 0 0 0 0 0 0 0 0 0 0 0 0 0 2.4000000000000004 0 0 0 0 0 0 0 0 0 0 0 0 0 0 0 0 0 0 0 0 0 0.2 0 0.2 0 0 0 0 1 0 0 0 0 5 0 0 0 0 0 0 0 6.800000000000001 0 0 4.6000000000000005 0 0 4.4 7.800000000000001 1.8 0 0.4 2.8000000000000003 0.2 0.2 2.8000000000000003 0 2.2 0 2.6 0 0 0 0 0 0 0 0 0 0 0 0 0 0 0 0 0 0 0 4 0 0 0 0 0 0 0 0 0 0 0 0 3.2 0 0 0 0 0 0 0 0 0 0 0 0 0 0 0 0 0 0 0 0 0 0 0 0 0 0 0 0 0 0 0 0 0 0.2 0 0.4 0.8 0.6000000000000001 0 0 3.8000000000000003 0 0 0 0 0 0 0 0 0 0 0 0 0 0 0 0 0 0 0 0 0 0 0 0 0 0 0 0 0 0 0 0 0 0 0 0 1.2000000000000002 
 0.6000000000000001 0.6000000000000001 1 0.6000000000000001 11.8 17.400000000000002 0.6000000000000001 0.6000000000000001 0.6000000000000001 12.600000000000001 13 15.4 0.8 0.6000000000000001 0.6000000000000001 1.4000000000000001 0.8 13.200000000000001 0.8 1.2000000000000002 0 36.4 30.200000000000003 29.8 5.4 50.400000000000006 80.80000000000001 25.400000000000002 23.6 22.200000000000003 6.4 29.200000000000003 30.8 51 69.2 11.200000000000001 62.400000000000006 49.6 48.400000000000006 11.600000000000001 0.6000000000000001 9.8 0.6000000000000001 0 0 0 0 0 0.6000000000000001 0 0.6000000000000001 0.2 0 0 0 0 0.6000000000000001 0.4 0 0 1 0 0.6000000000000001 0 0 0 0 0 0 0 0 0 0 0.4 0 0 0 0 0.6000000000000001 0 0 0 0 2 2.6 0 0 0 2.8000000000000003 1.8 0 0 5 0 0 0 2.4000000000000004 0 0.2 2.4000000000000004 0.2 0.2 3.8000000000000003 0.6000000000000001 0 0 3.8000000000000003 2 8.4 8 3.6 0 2.6 1.2000000000000002 3.8000000000000003 1.8 3.2 9.600000000000001 2.4000000000000004 5.4 0 0 0 0 0.4 0 0 0 0 0 0 0 3 0 0 0 0 0 0 0 0.4 0 0 0 0 0 0 0 0 0 0 0.4 0 0 0 0 0 0 0 0 0 3.2 0 1.2000000000000002 0 0.2 0.4 0 0 0 0 0 0 0 0.2 0 0 0 0 0 4.6000000000000005 6 1.2000000000000002 0.2 4 2.8000000000000003 1.4000000000000001 0.2 12.8 4.6000000000000005 1.6 0 3.6 5.800000000000001 2.2 3.2 5.800000000000001 8 2.4000000000000004 3.4000000000000004 0 0 0 0 0 0 0 0 0.2 1.2000000000000002 0 0 3 0 0 0 0 0 3.6 0 0 0 2 0 0 0 0 0 0 0 0 0 0 0 0 0 0.4 0 0 0 0 0 0 0 0 0.2 0 0 0 0.2 0 0 0 0 2 0 0.4 0.4 0.6000000000000001 0.4 0.4 3 0 0 0 0 3.6 0 0 0 0 0.4 0 0 0 0 0 0 0 0 0 0 0 0 0 0 3 0 0 0 
 0.6000000000000001 0 0 0 0.2 0 0.2 0 0 2.8000000000000003 0 0.6000000000000001 0 0 0.2 0.6000000000000001 0 0 0.4 0 36.4 0 85.60000000000001 10.8 13 6.800000000000001 39.6 35.2 69 19.200000000000003 22.200000000000003 9.4 78 24 57.6 43.400000000000006 22 108 12.4 92 0.6000000000000001 0 0.8 0 0 0 0 0 1.2000000000000002 0 1.2000000000000002 0.2 0 0.4 0 0 0.6000000000000001 0.4 0 0 0.2 0 0.6000000000000001 0.6000000000000001 0 9.600000000000001 0 0 0 0 0 0 0 1.8 0 0 1 0 0.6000000000000001 0 0 0 1 0 0.2 2.6 0 0 0 0 0 0 0.4 0 0 0 0 0 0 3 3 2 4.800000000000001 10.8 2.2 2 0 2.6 4 2 0 5.2 2.4000000000000004 3.4000000000000004 0.2 5 5.2 2.6 4.800000000000001 2 0 0 0.4 0 0 0 0 0 0 0 0 0 0 1 0 0 0 0 0.4 0 0.2 0 0 2 0 0 0 0 0 0 0 0 0.2 0.8 0 0 0 0 0 0 0 0 0 0 2.2 0 0 0 0 0.8 0 0 0 0 0 1.2000000000000002 0 0 0 0.6000000000000001 0 5.4 5.2 2.8000000000000003 0 0 7.4 1 3 3.4000000000000004 1.2000000000000002 1.8 3 2.6 4.6000000000000005 1.6 4.2 0 1.8 0.2 0 0 0 4 0 2.2 0 0 0 0 0 0 1.8 0 0 0 0 0 4.2 2.8000000000000003 0 0 0 0 0 0 0 0 0 0 0 0 0 0 0 0 0 0 0 0 0 2.4000000000000004 0 0 0 0 0 0 0 0 0 0 0 0 1.4000000000000001 0.4 0.6000000000000001 15.600000000000001 0 0 10.8 0.4 0 0 0 0 0 0 0 0 0 0 0 0 0 0 0 0 0 3.6 0 0 0 0 0 0 0 0 0 0 
 0.6000000000000001 0 0 0 15.200000000000001 0.4 0.2 0 0 14.600000000000001 0.4 14.600000000000001 0 0 0 15.200000000000001 1.2000000000000002 0 1 0 30.200000000000003 85.60000000000001 0 66.8 48.800000000000004 8.4 48.400000000000006 71.60000000000001 72.8 26.200000000000003 56.2 8.6 18.2 40.400000000000006 12.4 13.200000000000001 26 9.4 22.8 27 0.6000000000000001 0 42 0 0 0 0 0 0.6000000000000001 0 0.6000000000000001 0.4 0 0 0 0.4 1 0.4 6 12.4 3.4000000000000004 0 0.4 0.2 0 0.4 0 4 0 0 0.2 0.4 0 0.4 0.2 0 0 0 0.6000000000000001 0 0 0 0 0 2.4000000000000004 2 0 0 0 0 0 0 0 0 0 0 0 0 0 0 5.6000000000000005 3.6 5 0 4.2 2 0.2 0 5.800000000000001 3.6 1.8 9 0 5.4 2.6 6.4 2.6 13.600000000000001 0 3.2 0 0 0 0 0 0 0 0 0 0.2 0 0 3 0 1.4000000000000001 0.4 0.2 0 0 2 0.2 0.4 0 0 0 0 0 0 0 0 0 0 0 2.2 0 0 0 0 0 0 0 1.6 0 0 0 0 0 0 1.8 0 3 0 0 0 0 3.6 0.2 0 0 0.4 0 5.4 6.6000000000000005 0 8 0.2 4.2 3.6 2.4000000000000004 5.4 1.6 8.8 0 0.2 4.4 0 0 0 0.2 0.2 0.4 0 0 0 0 0 0 0 0 0 0 0 7.2 0 0 0 0 0 0 1.8 0 0 0 0 0 0 0 0 0 0 0 0 0 0 0 0 0 0 0 0 0 0.2 0 0 0 0 0 0 0 0 0 0.2 0 0 2 0.4 0 0.6000000000000001 0 0.4 0 0 0 0 0 0 7 0 0 0 0 0 0 0 0 0 0 0 0 1.6 0 0 0 0 0 3.2 0 0 0 0 
 0.4 0.6000000000000001 0 0 0 0 0.4 0 0.4 14.8 0 0.2 1.2000000000000002 0 0.2 0.6000000000000001 0 0 0.2 14.8 29.8 10.8 66.8 0 51 21.8 23.8 47.2 32.800000000000004 27.200000000000003 100.2 26.8 21.6 18.2 39.800000000000004 30.200000000000003 27 54.6 20 33.6 13.4 0.2 0.6000000000000001 0 0 12.200000000000001 5.2 13.200000000000001 0.6000000000000001 0 0.6000000000000001 0 0 0 0 0.8 0.4 0.4 25.400000000000002 0 1.8 0 0.6000000000000001 0 0 0 0 0 0 0 0 0 0 0.4 2 0 0 0 0.4 0 0 0 0 0 0 0 0 0 0 2.6 0 0 0 0 0 0 0 0 0 0 8 0.2 0 2 11 6.4 0 0 4.800000000000001 0.2 7 2.2 0 7.6000000000000005 7.800000000000001 0 2.8000000000000003 0 0 0.8 1.2000000000000002 0 0 0 0 0 0 0 0 0 0 0 0 0.2 1.6 4.2 7.4 0.4 0 8 0.4 0 0 0 0 0.4 0 0 0 0 0 0 0 0 0 0 0 4.6000000000000005 0 0 0 0 0 0 0 0 0 0 0 0.4 0 0 0 0 0 1 0 0 0 1.2000000000000002 2.2 1.8 8.4 13 14.600000000000001 4.800000000000001 0 4 0.6000000000000001 4 4.2 5.4 3.4000000000000004 0 3 2.6 0 1.6 0 0 2.2 0.2 0 0 0 0 0 1.8 3 0 0 0.2 2 0 5 0.8 1.8 0 4.2 7.2 2.8000000000000003 0.2 0 0 0 0 0 0 0 0.2 0 0.4 0 3.2 0 0 0 0 0 0 0 0 0.4 0 0 0 0.2 0 0 0 0 0 0 0 0.6000000000000001 0.4 0.4 14.8 0 0 2 0.2 0 0 0 0 0.4 0 0 0 0 0 0 0 0 0 0 0 0 0 0 0 0 0 0 0 0 0 0 0 
 0 0 0 0 0 0 0.4 0 0 0 0 0 0 0 0 0.4 0 0 0 0 5.4 13 48.800000000000004 51 0 27 7.6000000000000005 30 14.8 67.4 47.2 58.6 55 14.600000000000001 28.6 37.4 11 53 15 14.600000000000001 0.6000000000000001 25 0.6000000000000001 0 0 0 0 2.8000000000000003 24 0 0.6000000000000001 0 7.2 0 12.8 11.4 0.6000000000000001 0.4 18.2 1.4000000000000001 1.2000000000000002 0 0.6000000000000001 0.4 0 0 0 0 0 0 0 0 0 0.4 0 0 0 0 0.6000000000000001 0 0 0 0 0 0 0 0 0 0 0 0 2.6 0 0 0 0 0 0 0 0 1.4000000000000001 0 2 0 2.4000000000000004 3.6 0 0 4 2.2 1.4000000000000001 7.2 0 0 0 0 2.8000000000000003 2.8000000000000003 0 0 6.4 5.2 7.6000000000000005 1.8 0 0 0.6000000000000001 0 0 0 0.2 0 7.6000000000000005 0.2 1.8 0 4 0 8.6 2.8000000000000003 0 0 0 0 0 0 0 0 0 0 0 0 0 0 0 0 0 0 0 0 0 0 0 0 0 0 0 0 0 0 0 0 0 0 0 0.8 0 0 0 0.4 0 5.4 5.800000000000001 3.2 3 7.2 0 0 1.8 1 2.4000000000000004 9 0 0 0 0 0 0 0 0 0 0 0 0.2 0 0 1.8 1.2000000000000002 0 6.6000000000000005 2.4000000000000004 0 6 2.2 0.2 4 5.6000000000000005 0 0 10 0 0 0 0 2.6 0 0 0 0 0 0 0 0 0 0 0 0 0 0 0 0 1.2000000000000002 5.4 0 0 0 0.4 0 0 0 0 0 0 0 1.2000000000000002 0 0 8.6 0.2 0.4 4 0 0 0 0 0 2.6 0 0 0 2.4000000000000004 0 0 0 0 0 0 0 0 0 0 0 0 0 0 0 0 0 0 0 
 0 0 0 0 0 0 0.2 0.6000000000000001 0 0 0 15.4 0 0 0 0 0.2 0 1.8 0 50.400000000000006 6.800000000000001 8.4 21.8 27 0 65.2 6 54.400000000000006 27.6 29.200000000000003 61.400000000000006 5.6000000000000005 60.800000000000004 20.8 19.6 83 24.8 9.4 9.4 13 12.600000000000001 1.6 0 0 0.2 0.2 0.4 12.8 0 0.6000000000000001 0.4 25.400000000000002 10.8 4.800000000000001 29.200000000000003 0.6000000000000001 0.6000000000000001 12.600000000000001 13.8 0 0 0.4 1.4000000000000001 0 0 0 0 0 0 1.6 0 0 0.4 3.6 1 0 4.800000000000001 0.6000000000000001 0 0 0 0 0 0 0 0 3 0 0 2.2 2.2 0 0 0 0 0 0 0 0 0 0 2.8000000000000003 1.6 0.2 3.4000000000000004 0 0 2.4000000000000004 0 1.6 0 0 1.2000000000000002 3.4000000000000004 0 3.4000000000000004 1.8 0 0.2 5.6000000000000005 5 3.2 3 0 0 10.4 2.2 1.8 0.4 8.200000000000001 4.800000000000001 7.800000000000001 4.2 3.2 0 7.6000000000000005 3.6 5.2 3.6 0.4 0 0 0 0 0 1 0 0 2 0 0 0 0 0 0 0 0 1 0 0 0 0 0 0 0 0 0 0 0 0.8 2 0 0 0 0 0 0 0 0 0 0 0 2.4000000000000004 7.2 3.6 0 0 0 6 0.2 0 0 0 2 0 3.4000000000000004 6.6000000000000005 0 1.2000000000000002 5.6000000000000005 0 4.4 4.800000000000001 0 0 1.8 1.6 2.6 2 2.4000000000000004 0 0 10.4 4.2 2.8000000000000003 0 2 8.200000000000001 2.6 3.8000000000000003 0 0 0 0 0 0 0 0 0 0 0 0 0 0 0 0 0 0 0 0 0 0 0 0 0 0 0 0 0 0 0 0 0 1.2000000000000002 0 0 7.800000000000001 1 2.2 1 0 0 0 0 0 0 0 0 0 0 0 0 0 0 0 0 0 0 0 0 1.8 0 0 0 0 0 1.4000000000000001 0 0 
 0 0 0 0 15.600000000000001 27.8 0 0 0.2 12.600000000000001 0.2 19.8 0 0 0.2 0 0 12.8 0.2 0 80.80000000000001 39.6 48.400000000000006 23.8 7.6000000000000005 65.2 0 119.80000000000001 31 23.8 26.400000000000002 62.6 62.800000000000004 15.200000000000001 42.6 23 10 25.400000000000002 9.8 73.4 0.6000000000000001 0 41 0 0 0 0 0 0.6000000000000001 0 1.2000000000000002 0 0 0 0 13.600000000000001 0.6000000000000001 0.4 0 0 0 0.8 0.4 0 0 0 0 0 0 0 0 0 0 0.4 0 0 5 0 0.6000000000000001 0 0 0 0 0 2.4000000000000004 0 0 0 0.2 0 0 0 0 0 0 0 0 0 0 0 10.600000000000001 7 7.800000000000001 2.8000000000000003 2.4000000000000004 0 8.6 4 0.2 0 3.2 0 17.6 10.600000000000001 6 9.4 0.2 5.2 1.6 2.6 0 0 0 0 0 0 0 0 0.4 0 0 0.4 0 0 0 0 0 0 6.2 0 0.4 0 0 0 0 0 0 0 0 2.2 0 1 0.2 0 0 0 0 0 3.2 0 0.4 1 0.8 0 0 0 3.2 0 0 0 0 0 0 0 0 0.2 0 2 0 0 0 7.2 0 5.4 4.6000000000000005 0 3 0 8 0.2 0 5.800000000000001 1.6 3.6 4.4 1.2000000000000002 0.2 0.4 3.2 8.8 0 0 0 0 0 0 5.800000000000001 0 0 0 0 2.8000000000000003 0 0 0 0 0 0 3.8000000000000003 0 0 0 0 0 0 0 0 0 0 0 0.2 0 0 0.2 0 0 0 3 0 0 0 0 0 0 0 0.4 17.8 0.4 0 5 0 0 0.4 0 3.4000000000000004 0.2 0 0 0.4 0.4 0 0.4 0 0 0 0 0 0 0 0 0 0 0 0 0 1.8 0 0 0 12.8 0 0 0 1.8 0 2.6 0 0 0 0 
 0.2 0.2 0 3.2 0 30.400000000000002 0 0 0 0 0.8 0 0.2 0 0 0 0 0 0 0 25.400000000000002 35.2 71.60000000000001 47.2 30 6 119.80000000000001 0 13.600000000000001 27.6 12 4.2 29 19.200000000000003 41.400000000000006 20 4.2 22.8 18 22 0.8 0 0.6000000000000001 0 0 0 0 0 0.6000000000000001 0 0.6000000000000001 0 0 0 0 0 0.6000000000000001 0.4 0 12.600000000000001 0 0 0.4 0 0 0 0 0 0 0 0 0 0 0.4 0 0 2.4000000000000004 0 0.6000000000000001 0 0 0 0 0 0 0 0 0 0 0 0 2.8000000000000003 0 0 0 0 0 0 0 0 7.4 0 0 2.2 1.4000000000000001 0.2 0 3.4000000000000004 10.200000000000001 6 3.4000000000000004 3.4000000000000004 5.6000000000000005 4.2 0 3.8000000000000003 2 5.6000000000000005 0 14.4 0 0 0 0 0 0 0 0 0 0 0.4 0 0 1.2000000000000002 0.8 0 0 0 2.4000000000000004 2.4000000000000004 0.4 0 3.6 0 0 0.2 0 0 0.2 0 0 0 0 0 0 0 0 0 0 0 2.2 0 0 0 0 0 0 0 0 0 0 0.2 0 0 0 0.6000000000000001 0 0.2 0 0 1.2000000000000002 2.2 3.8000000000000003 4.4 0.2 2.4000000000000004 1.6 0 1.4000000000000001 3.8000000000000003 0 6.2 3.2 3.4000000000000004 0 0 4.800000000000001 0 0 0 0 0 0 0 0 0 0 0 0 0 0 0 2.6 0 0 0 0 0 2.4000000000000004 0.2 0 0 0 0 0 0 0 0 0 0 0 0 0 0 0 0 0 0 0 0 0 0 0 0 0 0 0 0 0 0 0 0 0 0 0.6000000000000001 0.2 0 18.400000000000002 0 0.4 0.4 4.4 0 0 0 0 0 0 0 0 0 0 0 0 0 0 0 0 0 0 0 2.6 0 0 0 0 0 0 0 0 
 1.2000000000000002 0 0.4 0 0 31.400000000000002 0 0 0 0 0 0 0 0 0 0.2 0 0.2 0 0 23.6 69 72.8 32.800000000000004 14.8 54.400000000000006 31 13.600000000000001 0 31 6.800000000000001 15.600000000000001 46.400000000000006 47.800000000000004 14.8 30.6 24.8 51.400000000000006 13.600000000000001 19.6 1 12.200000000000001 0.6000000000000001 0 11 0 0 1.2000000000000002 0.6000000000000001 0 0.8 0 0 0 0 0 0.6000000000000001 0.6000000000000001 41.400000000000006 0 0 0 0.6000000000000001 0 0.2 0 0 0 0 0 6.2 0 0 0.4 0 0 0.2 0 0.6000000000000001 0 0 0 0 0 0 0 0 0 0 0 0 0 0 0 0 0 0 0 0 2.6 4 4 7.2 1 5.6000000000000005 1.8 2 4.6000000000000005 0.2 4 0 0 4.4 4 7 4.6000000000000005 0.6000000000000001 6.2 1.8 3 0 0 0 0 0 0 0 0 0 0 2.2 0 0 0 0 0 0 0 3 0 0 0 0 0 0 0 0 0 0 0 0 0 2 2.6 0 0 0 0 0 0 0 0 0 0 2.6 0 0 0 0 0 0 0 0 0 0 0 0 0 0 0 7.2 8.8 12 2.6 4 0 17.6 2.6 5 0 0 4.2 1.2000000000000002 9 6.2 9.8 0.2 0 6.6000000000000005 6.2 0 0 0 0 0 0 0 0 0 2.4000000000000004 0 0 0 0 0 0 0 0 0 0 0 0 0 0 0 0 0 0 0 0 0 0 0 0 0 0 0 0 0 0 0 0 0 0 0 0 0 0 0 0 0 0 0 0 1.2000000000000002 0.4 0.4 0 17 0.4 0.8 0 0 0 0 0 0 0 0 0 0 0 0 0 0 0 0 0 0 2.4000000000000004 0 0 0 0 0 1.8 3 0 0 0 
 0.2 0.4 0.2 0 0 12.4 0.2 0.4 0.2 0.6000000000000001 0 0.6000000000000001 0.6000000000000001 0.4 0.4 0 0.4 0.2 0.2 1.2000000000000002 22.200000000000003 19.200000000000003 26.200000000000003 27.200000000000003 67.4 27.6 23.8 27.6 31 0 35.2 51.400000000000006 50.800000000000004 60.800000000000004 46.800000000000004 39.800000000000004 32.800000000000004 24.400000000000002 57.6 32.6 0.6000000000000001 0 0.6000000000000001 0 0 0 0 0 0.6000000000000001 0 0.6000000000000001 0 0 0 0 12.200000000000001 0.8 0.4 0 1.8 0 0 0.4 0 0 0 0 0 0 0 0 0 0 0.4 0 0 0 0 0.6000000000000001 0 0 0 0 0 0 0 0 0 0 0 0 0 0 0 0 0 0 0 0 0 7.2 3.4000000000000004 2.4000000000000004 3.2 2 2.2 0 1.2000000000000002 5.800000000000001 4.4 0.2 3.2 2 0 6.4 1.8 3 0.2 1.4000000000000001 2 0 0 0 0 0.4 0.4 1.6 0 0 0 0 0 0 0 0 0 0 0 0 2.4000000000000004 0 0 0 0 0 0 0 0.2 0 0 0 0 0 1.6 0 0 0 0 0 0 0 0 0 0 0 0 0 0 0 0.4 0 0 0 0 0.2 1 0 0 0 1.2000000000000002 2.6 0 0 7.2 3.8000000000000003 1.8 2 0 2.8000000000000003 3.6 6.2 3.8000000000000003 0 2.2 6.6000000000000005 1.6 3 3.6 1.6 1.4000000000000001 0 0 0 0 0 0 0 0 0 0 0 0 2 0 2.6 0 0 0 6.6000000000000005 2.8000000000000003 0 0 0 3.6 0 0 0 0 0 0 0 0 0 0 0 0 0.4 2 0 0 0 0 0 0 0 0 0.4 0 0 0 0 0 0 0 2.2 0.2 0 0.2 15.200000000000001 0 2.4000000000000004 0 0 0 0 0 0 0 0 0 0 0 0 0 0 0 0 0.2 0 0 0 0 0 0 0 2.8000000000000003 0 0 0 0 
 0.6000000000000001 1.6 0.6000000000000001 1.2000000000000002 0.6000000000000001 1.2000000000000002 1 0.6000000000000001 0.6000000000000001 0.6000000000000001 1 0.6000000000000001 0.6000000000000001 0.6000000000000001 0.6000000000000001 1.2000000000000002 0.6000000000000001 0.6000000000000001 0.6000000000000001 1.2000000000000002 6.4 22.200000000000003 56.2 100.2 47.2 29.200000000000003 26.400000000000002 12 6.800000000000001 35.2 0 48.2 18.6 21.8 9.200000000000001 19.8 41 26.200000000000003 7.2 13.8 13.4 13 0.6000000000000001 0 0 0 0 12 5.800000000000001 0 1 0 0.8 0.4 0 0 0.6000000000000001 0.8 25.400000000000002 0 1.6 0 0.4 0 0 0 0 0 0 0 0 0 0 0.4 2.4000000000000004 0 0 0 0.6000000000000001 0 0 0 0 0 0 0 0 0 0 0 0 0 0 0 0 0 0 0 0 0 5.2 0 1.6 3.6 8.6 5 0 0 2.6 0 8.200000000000001 6.800000000000001 0 4 0.2 0 5 1.8 0 3.2 3.6 0 2.2 0 0 0 3.4000000000000004 0 0 2.8000000000000003 0 0 2 0.2 3.8000000000000003 0 9.4 0.2 0 5.6000000000000005 0 0.2 0 0 0 0 1.2000000000000002 0 0 0 0 0 0 0 0 0 0 0 4.2 0 0 0 0 0 0 0 0 0 0 1.4000000000000001 0 0 0 0 0 0 0 0 0 0.8 0 4.4 0.2 3.6 7.6000000000000005 0 2.4000000000000004 0.4 3.6 8.200000000000001 8 8.6 0 0 3 0 2.4000000000000004 0 0 0 4.2 0 0 0 0 0 0 2.6 2.4000000000000004 0.6000000000000001 0 0 2.4000000000000004 0 3.2 0.8 10.4 0 0 5.2 1.8 0.4 0 0 1.6 0 0 0 0 0 0 0.4 0 0 0 0 0 0 0 0 0 0 0 0 0 0 0 0 0 0 0 0 0 0 1.6 0 0 29.8 0 0.4 2.4000000000000004 0.2 0 0 0 0 0 0 0 0 0 0 0 0 0 0 0 0 0 0 0 6.2 0 0 0 0 0 0 0 0 
