 0 37.2 20.6 91 15.8 96 63.400000000000006 30.200000000000003 19.6 21 27.8 24.8 15.4 7.4 35.2 23.8 34.2 10.200000000000001 8 12 0 0.6000000000000001 0.4 0.6000000000000001 0.4 0.2 0.4 0 0.4 0.2 1 1 0 0 0.4 41.2 2 0.2 0 0.4 0.4 0 0.4 0.4 0.4 0.6000000000000001 0.4 0.4 0 0.6000000000000001 0.4 0 0.6000000000000001 0.4 0.4 0 0.4 0.4 1 0.6000000000000001 0.2 0.4 0 0.8 0.4 1 0 0 0 0.4 0 0 0 0 0 0 0.4 0.6000000000000001 0 0.2 0 2 4.800000000000001 9 5.800000000000001 4.800000000000001 0 0.2 5 2.2 1.8 5.4 0 2.4000000000000004 2.2 4 3.8000000000000003 6.800000000000001 0 0 0 0 0 0 0 0 0 0 0 0 0 0 0.2 2.4000000000000004 0 0 0 0.4 5.2 0 0 0 0 0 0 0 0 0 0 0 0 0 0.4 0 0 0 0 0 0 0 0 0.2 0 0 0 0 0 0.4 0 0.4 0 0.2 0 0 0 0 0 0 0 0 0 0 0 3.6 1.4000000000000001 1.4000000000000001 0.4 2.6 0 0 0 1.6 0 0 1.4000000000000001 3.2 0 0.2 0 2.6 0 0.2 0 0 0 0 0.4 0.4 0 0 0 0 1.6 0 0 0 0 0 0 0.2 0 0 0 0 0 0 0 0 0 0 0 0 0 0 0 0 0 0 0 0 0 0 0 0 0 0 0 0 0 0 0.2 0 0 0.4 0 0.2 0 0 0 0 0 0 0 0 0 0 0.4 0 1 0.8 2.2 2.2 3.6 0 0 0 0 0.2 0 0 0 0 0 0.2 0 0 0 0 0 0 0 0 0 0 0 0 0 0 0 0 0 0 0 0 0 0 0 0 0 0.2 
 37.2 0 68.60000000000001 13.4 23.8 35.6 66.2 57.800000000000004 79.60000000000001 6.4 6 49.400000000000006 20.400000000000002 85.2 64.60000000000001 33.6 24.6 12 12.4 54.800000000000004 0 0.6000000000000001 0 41.2 0 0 0 0.2 0.2 0 0.6000000000000001 0.6000000000000001 0 0 0.4 0 0 0 0 0 0 0 12.4 0 0 0.6000000000000001 0 0 0 0.6000000000000001 0 0 0.6000000000000001 0 0 0 0 0.4 0.6000000000000001 1 0 0.4 9.200000000000001 0.6000000000000001 0 0 0.6000000000000001 0 0 0 0 0 0.4 0 0 0 0 0 0 0 1.8 3.2 9.200000000000001 5.2 0 0 5 11.200000000000001 12.600000000000001 6.4 3 1.8 0 4.800000000000001 4.4 0 1.2000000000000002 1.4000000000000001 2.6 0 0 0 0 0 0 0 0 0 0 0 0 0 0 0 0 0 0.4 0 1.6 0 0.2 0 0 0.2 0 0 0 0 0 0 0 0.2 0 0.6000000000000001 0 0 0 0 0 0 0 0 0.8 1.4000000000000001 0 1 0 0 0 0 0 0 0 0 0 0 0 3 0 0 0 0 1.4000000000000001 10.4 0 3 2 3.6 0.4 10 3 0 3.2 3.2 2.6 0 0 0.2 1.8 0.8 0 0.2 0.4 3.6 1.4000000000000001 0 0.2 0 0 0.2 0 0 1.6 0 0 0 0 0 0 0 0 0 0.2 0 0 0 0 0 0 0 4.2 0 0 0 0 0 0 0 0 0 2.6 0 0.2 0 0 0 1.6 0 0 0 0 0 0 0 0.2 0 0.4 0 0 0 0 0 0 0 0 0.6000000000000001 0 0 0.4 0 0.2 0.8 0 0 0.4 0 0 0 0 0 0 0 0 0 0 0 0 0 0 0 0 0 0 0 0 5.2 0.2 0 0 0 0 0 0 0 0 0 0 0 0 0 
 20.6 68.60000000000001 0 16.400000000000002 67.8 6.2 14.200000000000001 36.800000000000004 34.4 51 42.400000000000006 25.8 37.4 28.8 15.600000000000001 63.6 24.200000000000003 16 12.200000000000001 29.8 0 0.6000000000000001 0.2 41.6 0 0 0 0 0.4 0 1 0.6000000000000001 0 0.4 0.4 0 0 0 0.4 0 0 0 0 0 0 0.6000000000000001 0 0 0 0.6000000000000001 0 0 0.6000000000000001 0 1.6 0 0 0.4 0.6000000000000001 1 0 0.6000000000000001 0 0.6000000000000001 0 0 0 0 0 0 0 0 0 0 0 0 0 0 0 0 4.2 4.4 8.6 7.4 4.2 0 5.4 7.6000000000000005 4.4 0.2 3.4000000000000004 7.4 2.2 3.8000000000000003 0 0.2 3.2 0 2.4000000000000004 0.6000000000000001 0 0.2 0 0 0 0 0 0.4 6.2 0 0 0 0.8 1.2000000000000002 2.4000000000000004 1.8 0.2 0 0 0 0 0 0 0.4 0 0 0 0 0 0 0 0 0 0.6000000000000001 0 0 2.6 0 0 0 0 0 0.2 0 0 0.8 0 0 0 0 0 0 0 0 0 0 0 0.8 0 0 1.8 0 0 3.2 0 0 2 7.800000000000001 2.2 5 4.6000000000000005 0 2.2 4 0.2 0 3.6 2.4000000000000004 2 0.6000000000000001 0 0.2 0 0 0 0 0.2 7.6000000000000005 0 0.8 0 0 0 0 0 0.4 0 0 2.4000000000000004 0 0 0 0 0 0 0 0 0 0 0 3.8000000000000003 0 0 0 0 0 0 0 0 0 0 0 0 0 0 0 0 0 0 0 0 0 0 0 0.2 0 0.2 0 0 0 0 2 0 0 0 0 0 0.4 1 0 0 1.6 0 0 0 0 0 0 0 0 0 0 0 0 0 0 0 0 0 0 0 0 0 0 0 6.4 8.4 0 0 0 0 0 0 0 0 0 0 0 0 0 
 91 13.4 16.400000000000002 0 73 52 38.6 18 37 72.8 71.8 18.2 57.2 22 8 22.8 97.60000000000001 43.800000000000004 17 10.200000000000001 0 15.8 0 0 0 41.6 0.6000000000000001 14.8 0.2 0 0.6000000000000001 0.6000000000000001 56.2 30.400000000000002 0.4 0 16.6 0 0 3.4000000000000004 0 0 0 0 0 0.6000000000000001 0 0 0 0.6000000000000001 0 11.200000000000001 0.6000000000000001 0 0 0 0 0.4 0.6000000000000001 1 0 0.6000000000000001 0 0.6000000000000001 0 0 0 0 0 0 0 0 0 0 0 0 0 0 0 0 0 0 0 2.8000000000000003 8.200000000000001 3.2 4.4 0 2.4000000000000004 0 2.6 0 0 0.2 4 7.800000000000001 4.6000000000000005 0 0 0 5.800000000000001 7 2 0 0 0 6.6000000000000005 3.8000000000000003 3.8000000000000003 0 0 0 5.4 3.8000000000000003 1.8 1.8 0 0 4 3.4000000000000004 0 0 0 0 0 0 0 0 0 0 0 0 0 0 0 0 0 0 0 0 0 0 0 0 0 2.6 0.2 0 1 0.2 0 0 0 0 0 0 0 0 0 0 0 0 0 0 2 0 2.4000000000000004 3 3.8000000000000003 0 0.4 5.4 0 0 0 0 0 2.4000000000000004 2 0.6000000000000001 7.4 7.2 0 0 0 0 5.800000000000001 0 0 0 0 0 4 0 4.2 0 0 0 0.2 2 0 0 0 2 0 0 0 0 0 0 0 0 0 0 0 0 0 0 0 0 2.6 0 0 0 0 0 0 0 0 0 0 0 0 0 0 0 0 0 0 0 0 0.2 0 0 0 0.2 21.200000000000003 0 18 17.400000000000002 1.6 1.2000000000000002 0 0 0 0 0 0 0 0 0 0 0 0 0 0 0 0 0 0 0 0 0 0 0 0 3 0 0 0 0 0 0 0 0 0 0 0 0 0 
 15.8 23.8 67.8 73 0 55.6 15.8 9.600000000000001 45.2 37.800000000000004 54.800000000000004 48.800000000000004 15.8 31.400000000000002 13.8 16.400000000000002 46.2 39 15.200000000000001 13.200000000000001 0 15.600000000000001 15 0 0 0 0.2 0 0.4 0 0.6000000000000001 0.8 22.200000000000003 13.4 0.6000000000000001 0 0 0 0 30 0 0 0 0 0 0.6000000000000001 0 0 0 0.6000000000000001 0 0.2 0.6000000000000001 0 0 0 0 0.4 1.4000000000000001 0.8 0 0.6000000000000001 0 0.6000000000000001 0 0 0 0 0 0 0 0 0 0 0 0 0 0.2 0 0 0 2 0 0.2 6.4 0 0.6000000000000001 0 0 0 1.4000000000000001 2.8000000000000003 0 2.6 1.6 1.4000000000000001 1.8 1.4000000000000001 0 0 0.2 7.6000000000000005 10 0 0 0 7.6000000000000005 0.8 0.2 0 2.8000000000000003 0 5.6000000000000005 7.800000000000001 1.6 0 0.2 0 0.2 2.2 0 0 2.2 0 0 0.2 0 0 0 0 0 0 0 0 0 0 3.6 0 0 0.4 0 0 0 0 0 0 0 0 1.2000000000000002 0 0 0 0 0 0.2 0 0 0 0 0 0 0 0 5 3.8000000000000003 1.4000000000000001 0.4 0 0.2 0 0.8 0.2 0 0 1.4000000000000001 0 0 0.2 0 2.2 6.6000000000000005 4 3.8000000000000003 5 0 0 5.4 1.4000000000000001 4.2 2.2 1.6 0 0 2.4000000000000004 3.2 0 3.8000000000000003 0 0 1.8 0 0 0 0 0 0 0 0 0 0 0 0 0 0 0 0 0 0 0 0 0 0 0 0 0 0 0 0 2.8000000000000003 0 0 0 3.4000000000000004 0 0 0 0 0 0 0 0 0 0 0 0 0.6000000000000001 18 0 0.6000000000000001 1.8 0 4.800000000000001 2.6 0.8 0 0 0 0 0 0 0 0 2.2 0 0 0 0 0 0 0 0 0 0 0 0 0 0 0 0 0 0 2.4000000000000004 0 0 0 3.4000000000000004 0 0 0 0 
 96 35.6 6.2 52 55.6 0 7 4.6000000000000005 26.200000000000003 9.200000000000001 16.6 22 49 30.200000000000003 29.200000000000003 31.8 28.400000000000002 63.6 8.8 11.4 0.4 5 3.6 0.2 5.6000000000000005 0 19.8 0 0.2 0 1.4000000000000001 5.800000000000001 14.8 15 0.4 0 0 0.4 37.800000000000004 17.400000000000002 0 0 0 0 0.4 1.2000000000000002 0.6000000000000001 0 0 13.200000000000001 0 0 0.6000000000000001 0.6000000000000001 0 0 0 0.4 1 0.6000000000000001 0 0.6000000000000001 0.6000000000000001 0.6000000000000001 0 0.4 0 0 0 6.4 0 0 0 0 0.6000000000000001 0 0 0 0 0.6000000000000001 0 0 2 3 1.8 1 0 0 2 2 0 3.8000000000000003 0 0 0 1.4000000000000001 2.4000000000000004 2.4000000000000004 0 0 3.4000000000000004 3.4000000000000004 2 0 0 0 6 6.4 0.2 0.4 0 0 0 3.8000000000000003 0 0 0 0 1.6 4.6000000000000005 0 0 0 0.8 9.8 0 0 0 0 0 0.2 0 0 0 0 0 0 0 0 0 0 0 0 0 0 0 0 0 0 0 0 0 0 0 0 0 0 0 0 0 0 0 0.2 0 2.6 0 0 1.4000000000000001 0 0 2 0 0.4 3 0 0 0 3 0 0.2 5.4 3.2 2.2 1.8 0 0 0.4 0 0 0 0 0 0 1.8 2.8000000000000003 0 3 0.4 0 0 0 0 0 0.2 0 0 0.4 0 0 0 2.6 0 0 0 0 0 0 0 0 0 0 0 0 0 0.2 0.4 0 0 0 0 0 0 0 0 0 0 0 0 0 0 0 0 0 0 0 0.4 0.8 0 0.2 18.2 0 2.2 0 0.6000000000000001 0 0 0 0 0 0 0 0 0 0 0 0 0 0 0.4 0 0 0 0 0 0 0 0 0 0 0 0 0 0 0 0 2.8000000000000003 2.4000000000000004 0 0 0 
 63.400000000000006 66.2 14.200000000000001 38.6 15.8 7 0 66.8 23.8 14 7.6000000000000005 10.600000000000001 108 24.200000000000003 5.4 27.400000000000002 57.2 91.80000000000001 71.4 81 0.4 0.6000000000000001 0 0 0 0 0 9.4 0.4 0 1.4000000000000001 1 0 0 0.6000000000000001 0 0.4 0 0 0 0 0 0 0 0 0.6000000000000001 0 0 0 0.6000000000000001 0 0 0.6000000000000001 0 0 0 0 0.4 1.2000000000000002 0.8 0 0.6000000000000001 0 1 0 0 0 1 0 0 0 0.2 0 0 0 0.6000000000000001 0 1 0.2 0 1.8 5.2 0 0.4 2.6 0 6 0 0 7.6000000000000005 5.4 4.800000000000001 5.6000000000000005 19 14.4 1.8 3.4000000000000004 5.800000000000001 0 13 0 0 0 0 0 0 0 0 0 0 0 0 0.4 0.2 0 0 0 0 0.2 0 0 0 0 0 0 0 0 0 0.2 0 0 0 0 0 0 0 0 0 0 0 0 0 1 0 0 0.2 0 0 0 0 0 0 0 0.2 0 0 0 0 0.8 0 5.2 4.2 4.2 0 1.6 1.4000000000000001 4.2 8 3.2 0 0.6000000000000001 0.2 6.4 0.4 5.4 4.2 1.2000000000000002 0.2 5.4 5 0 0 0 0 0 0 0 0 0 0 0 0.2 0 0 0 0 0 0 0 0.2 0 0 0 0 0 0 0 0 0 0 0 0 0 0 0 0 0 0 0 0 0 0 0 0 1.4000000000000001 0 0 0 0 0 0 0 0 0 0 2.4000000000000004 0 0 0 0 0 0 0 0 0 0.4 0 0.2 0 0 0 0.4 2.2 0 0 0 0 0 0 0 0 0 0 0 0 0 0 0 0 0 0 0 0 0 0 0 4 0 0 0 0 0 0 0 0 0 0 0 0 0 
 30.200000000000003 57.800000000000004 36.800000000000004 18 9.600000000000001 4.6000000000000005 66.8 0 33.2 67.8 66.2 25.200000000000003 42.6 38 30.200000000000003 13.4 8.6 25.6 30.8 64 0 0.6000000000000001 0 0 0 0.2 0 0 0.4 0 0.6000000000000001 0.6000000000000001 0 0 0.4 0 0.2 0 0 0.8 0 0 0 0 0 0.6000000000000001 0 0 0 0.6000000000000001 0 21.6 0.6000000000000001 0 0.4 0 0 0.4 0.6000000000000001 1 0 0.6000000000000001 0 0.6000000000000001 0 0 0 0 0 0 0 0 0.4 0 0 0 0 0 0 0 4.800000000000001 4.800000000000001 0 0.6000000000000001 2 3 1.4000000000000001 0.2 4.2 0 5.6000000000000005 0 0 6.800000000000001 1.8 3 3.6 0 1.8 6.4 0 0 0 0 0 0 0 0.2 0 0 0 0 0 0.4 0 0 0 0 2.4000000000000004 4 0 0 0 0 0 0 0 0 0.4 0 0 0 0 0 0 0 0 0 0 0 0 0 1.2000000000000002 0 0 1.4000000000000001 0 0 0 0 0 0 0 0 0 0 0 1.6 0 0 0 2 0 0 12.200000000000001 4.800000000000001 2.6 4.800000000000001 2.4000000000000004 5.800000000000001 0.2 0.4 6.6000000000000005 1 2 1.2000000000000002 0 4.2 0 0 3 0 0 0 0 0 0 0 0 0 0 0.4 1.2000000000000002 0 0 0 0 0 2.6 0 0 3.6 0 0 0 0.4 0 0 3.4000000000000004 0 0 0 0 3 0 0 0 0 0 0 0 0 0 0 0 0 0 0 0 0 0 0 0 0 0 0 0 0 0 0 0 2.4000000000000004 0 0 0 0 18.8 0.2 0.2 0.2 2.2 1.2000000000000002 0.2 0 0 0 0 0 0 0 0 0 0 0 0 0 0 0 0 0 0 0 0 0 0 5.2 8.200000000000001 0 0 0 0 0 0 0 0 0 0 0 0 0 
 19.6 79.60000000000001 34.4 37 45.2 26.200000000000003 23.8 33.2 0 59.800000000000004 25.400000000000002 49.6 23.400000000000002 55.6 13.200000000000001 47.2 42.400000000000006 19 64.8 28.6 0 1.2000000000000002 0 1 0 0.4 0.4 0 1 0.6000000000000001 0.4 1 0.4 0 16.2 0.6000000000000001 0.6000000000000001 1 0 0 1 0 0 0 0.4 0.6000000000000001 0 0.4 0 0.6000000000000001 0.4 0.4 0.6000000000000001 0 0.8 0.4 0.4 1.2000000000000002 1.2000000000000002 1.2000000000000002 0 0.6000000000000001 0 0.6000000000000001 0 0.4 0 0 0 0 0.6000000000000001 0.4 0.4 0.6000000000000001 0 0.4 0 1 0 0.6000000000000001 0 9.4 6.800000000000001 0.2 8.200000000000001 0 2 5.6000000000000005 2.8000000000000003 0 3 6 2.6 7.800000000000001 3.2 5.4 7.2 3 0.4 0 0 0.2 0 0 0 0.2 0 0 2 0 0 0 0.8 1.6 2 1.8 0 0 0.4 0 0 0 0 0 0 0 0 0 0 2.6 0 0 0 3.4000000000000004 0 0 0 0.2 0 0 0 0 0 0 0 0.8 0 0 0 0 0 0 0 0 0 0 0 0.6000000000000001 0.2 0 3 0 0 0.2 2.2 6.4 0 4.6000000000000005 0 0.8 1.8 0 0 5.4 2 0 4 7 0 2.2 0 0 0 0 0 0.2 0 0.2 0 0 0 0 0 0 6.4 3.4000000000000004 0 0 0.6000000000000001 0.4 0 0 0 0 0 0 0 0 0 0 0 0 0 0 0 0 0 2.2 0.2 0 0 0 0 0 0 0 0 0 0 0 0 0 0 0 0 0 0 0 0 0 0 1 0 0 0 0.8 0.2 0 0.2 0 0.4 1 4.6000000000000005 0.2 0 0 0 0 0 0.4 0 0 0 0 0 0 0 0 0 0 0 0 0 0 0 2.6 2.8000000000000003 0 0 0 0 0 0 0 0 0 0 0 0 0 
 21 6.4 51 72.8 37.800000000000004 9.200000000000001 14 67.8 59.800000000000004 0 28.8 59 9.4 31 59.400000000000006 16.8 44.6 27.200000000000003 18.400000000000002 12.4 0 1 0.2 0 0.6000000000000001 0 0 0 0.2 0 1.2000000000000002 0.6000000000000001 8.200000000000001 0 0.6000000000000001 0 0 0.6000000000000001 0.4 14.8 0 0 0.2 0 0 0.6000000000000001 0 0 0 0.6000000000000001 0 0 0.6000000000000001 0 2.8000000000000003 0 0 0.4 12.600000000000001 1 0.4 0.6000000000000001 0.2 0.6000000000000001 0.4 0 0 0 0 0 0 0.6000000000000001 0 1 0 0 0 0 0 0.4 6 7.800000000000001 3.4000000000000004 0 14 0.4 0.4 0.4 4.2 1.2000000000000002 2.2 2 0 4.2 3.6 10.4 8.200000000000001 8.4 0 0 0 0 0.4 0 0 0 10.200000000000001 0 0 0 0 0 4.800000000000001 1.6 3.6 0 0 0 0.4 2.4000000000000004 0 0 0 0 2 0 0 0 0 0 0 0 0 0 0 0 0 0 0 0 0 2.2 0 0 0.2 0 0 0 0 0 0 0 0 0 0 0 0 0 0 4 0.8 0 1.8 9 2.2 2 0 2.6 2.2 4.2 4.6000000000000005 3 0 0.8 2 2.2 3 5 0 2.6 3.6 0 0 3.8000000000000003 0 0 0.6000000000000001 0 0 0 0 0 0 0 3 3.8000000000000003 0 6.800000000000001 6.2 1.8 0 0 0 0 0 0 0 0 0 0 6.2 0 0 0 0 0 0 0 0.4 0 0 0 0 0 0 0 0 0 0 0 0 0 0 0 0 0 0 0 0 0 0 3.2 0 0 0 0.4 0.4 0 1.2000000000000002 0.2 6.800000000000001 3.8000000000000003 3.4000000000000004 0 0 0 0 0 0 0 0 0 0 0 0 0 0 0 0 0 0 0 0 0 0 0 2 1.2000000000000002 0 0 0 0 0 0 0 0 0 0 0 0 
 27.8 6 42.400000000000006 71.8 54.800000000000004 16.6 7.6000000000000005 66.2 25.400000000000002 28.8 0 24.8 11.600000000000001 25.400000000000002 12.600000000000001 22.200000000000003 24.8 35.800000000000004 68 33 0 15.4 0 0 0 0 11 0 0.2 0.4 0.4 0.6000000000000001 15.200000000000001 30.200000000000003 0.6000000000000001 0 0 0 16.6 0.2 1.6 0 0 0 0 13 0 0 0 0.6000000000000001 0 0.4 0.6000000000000001 0 0 0 0 0.4 8.8 1 0 0.6000000000000001 0 0.6000000000000001 0 0 0 0 0 0 0.4 0 0 0 0 0 0.6000000000000001 0.4 0 0 0 2.8000000000000003 2.8000000000000003 5.800000000000001 4.2 10.200000000000001 0 4.6000000000000005 7.4 1.8 3 7 0.4 0.2 0 0 2.2 0 0 0 2.8000000000000003 2 1.8 0 0 0 0 2.8000000000000003 4 0 3 0 6.6000000000000005 0 0.6000000000000001 0 0.2 0.2 11 2 0 0 0.4 0.8 0.8 0 0 0 0 0 0 0 0.2 0 0 0 0 0 1.2000000000000002 0 0 0.4 0 0 0 0 0 0 0 0 0 0 0 0 0 0 0 1.4000000000000001 0 0 0 2 0.4 0 0 0 0.2 6.2 3.2 0 1.6 4.4 0 2.8000000000000003 0.2 3.4000000000000004 0.2 0 0 0 3 0.4 0 0 0 0 4.2 1.8 0 0 0 0 1.6 1.8 5.6000000000000005 0 0 0 3 3.4000000000000004 0 0 0 0 0 0 0 0 0 0 0 0 0 0 0 0 0 0 0 0 0.6000000000000001 0 0 0 0 0 0 0 0 0 0 0 0 0.2 1.6 0 0 0 0 0 0 0 0 0 0 0.8 0 0.4 0 0.4 2 2.4000000000000004 0 0 0 0 0 0 0 0 0.2 0 2.4000000000000004 0 0 0 0 0 0 0 0 0 0 0 0 0 0 0.2 0 0 0 0 0 0 0 0 0 0 0 0 
 24.8 49.400000000000006 25.8 18.2 48.800000000000004 22 10.600000000000001 25.200000000000003 49.6 59 24.8 0 5 25.200000000000003 8 48.6 41.6 49.2 5.2 7.800000000000001 0 0.6000000000000001 0 14.8 0 0 7 0 0.2 0 0.6000000000000001 0.6000000000000001 15 0.2 0.4 0 0.2 0.4 14.8 15.4 0 0 0.2 0 0 0.6000000000000001 0 0 0 0.6000000000000001 0 0 0.8 0 0.8 0 0 0.4 0.6000000000000001 0.8 0 0.4 1.4000000000000001 0.6000000000000001 6.6000000000000005 0 0 0 0.6000000000000001 0.6000000000000001 0 0 0 0 0.4 0 0 0 0 0 0.2 4.2 4.6000000000000005 0 11.600000000000001 5.6000000000000005 2.2 2.2 2.6 0 0 0 0 0 0 0 8.8 0 0 0 2 4 3.2 0 0 0 6.800000000000001 3.6 0 0 0 0.2 2 3.2 1 0 0 0 0.2 5.2 3.2 0 0 0 0 0 0 0.2 0 0 0 0 0 0.4 0 0 0 0 0 0 0 0 0 0 2.2 0 0 0 2.2 0 0 0 0 2.2 0 0 0 0 0 0.2 2.2 0 0.4 0 0 4 0 2.2 0 0.2 2.6 0 0 2.2 0 0 0 8 0 0.2 6.6000000000000005 2.8000000000000003 0 0.2 0 0 2 0 0.2 0 0 0 1.2000000000000002 0 2.2 0 0 5 0.2 1.8 0 0 0 0 0 0 0 0 0 0 1.4000000000000001 0 0 0 0.4 0 0 0 0 0 0 0.2 0 0.4 2.6 0 0 0 0 0 0 0 0 0 0 0 0 0 0 0 0 0.8 0 0 0 0.6000000000000001 0 0 0.4 35.800000000000004 2.2 3.2 0 0 0 0 0 0 0 0 0 0 0 0 0 0 0 0 0 0.4 0 0 0 0 0 0 4 1.4000000000000001 0 0 0 0 0 0 0 0 2.2 0 0 0 
 15.4 20.400000000000002 37.4 57.2 15.8 49 108 42.6 23.400000000000002 9.4 11.600000000000001 5 0 31 20 14 3.4000000000000004 10 84 65.4 0 0.6000000000000001 0 0 0 0.2 0 0 0 0 0.6000000000000001 0.6000000000000001 0.2 0 0.4 0 0 0 0 0 0 0 0 0 0 0.6000000000000001 0 0 0 0.6000000000000001 0 0 0.6000000000000001 0 0 0 0.2 1.6 0.6000000000000001 1 0 0.6000000000000001 0 0.6000000000000001 0 0 0 0 0 0 0 0.2 0.8 0 0 0 0 0 0 0 5.6000000000000005 6 0 0.4 3.4000000000000004 0 0 3.6 0 0 4.6000000000000005 0 6 2.6 2 0 2 0 2 14.200000000000001 0 0 0 0 0 0 0.4 0 0 0 0 0.4 0 0 0 0 0 0 0 0 0.4 0 0 0 0 0 0 0 0 0 0 0 0 0.2 0 0 0 0 0 0 0 0 1.6 0 0 0 0 0 0 0 0 0 0 0 0 0 0 0 0 0.4 3.8000000000000003 3.2 2.8000000000000003 0 0 4.2 4.6000000000000005 0 0 3.2 0 0 6 0 2 5.6000000000000005 3.4000000000000004 0 1.8 3.2 0 0 0 0 0 0 0 0 0 0 0 0 0 0 0 0 0 0 0 0 0 0 0 0 0 0 0 0 0 2.4000000000000004 0 0 0 0 5.800000000000001 0 0 0 0 0 0 0.2 0 0 2.2 0 0 0 0 0 0 0 0 0 0 0 0 0 0 0 0 0 0 0 0 0.2 0.2 0.2 0 0.4 0 2.4000000000000004 0.4 0 0.4 0 0 0 0 0 0 0 0.4 0 0 0 0 0 0 0.2 0 0 0 0 0 0 3.6 0 0 0 0 0 0 0 2 0 0 0 0 0 
 7.4 85.2 28.8 22 31.400000000000002 30.200000000000003 24.200000000000003 38 55.6 31 25.400000000000002 25.200000000000003 31 0 23.400000000000002 46 22.8 14.600000000000001 46.6 106.2 0 0.6000000000000001 0 0.8 0 0 0 0 0.4 0 0.6000000000000001 0.6000000000000001 0 0 0.8 0.2 0 0 0 1.2000000000000002 1.2000000000000002 0 0 0 0 1 0 0 0 0.6000000000000001 0.8 0.6000000000000001 0.6000000000000001 0 6.800000000000001 1.2000000000000002 0 0.4 0.6000000000000001 1 0 0.6000000000000001 0 0.6000000000000001 0 0 1 0 0 0.8 0 0 1 0 0 1.2000000000000002 0 0 0 0 5.800000000000001 11.4 6 3.2 3.6 0 6.6000000000000005 9.200000000000001 4.6000000000000005 0 0.8 4 2.6 6.800000000000001 1.8 0.2 1.8 0 4.800000000000001 5.2 0 0 0 0 0 0 0 0 0 0 0 0 0 0 0 0 0 0 0 0 0 0 0 0 0 0 0 0 0 0 0 0 1.8 0 0 0 0 0 0 2.4000000000000004 0 0 0 0 0 0.8 0 0 0 0 0 0 0 0 0 0 0 0.6000000000000001 0 0 1.8 0 3.2 4.6000000000000005 0 0 4.4 7.6000000000000005 2.4000000000000004 4.2 4.800000000000001 0 6.800000000000001 4 0 1.6 0 0 4.2 2 0 0 0 0 0 0 0 0 0 0 0 0 0 0 0 0 0 0 3.6 0 0 4.6000000000000005 0 0 0 0 0 4 0 0 10.8 0 0 0 0 0 0 0 0 0 0 0 0 1 0 0 0 0 0 0 0 0 0 0 0 0 0 0 0 0 0 3.6 0 0 0 0.4 0.6000000000000001 0.2 0.4 0 0 1 0 0 0 0 0.4 0 0 0 0 0 0 0 0.4 0 0 0 0 0 0 0 0 0 0 5.6000000000000005 0 0 0 0 0 0 0 0 0 0 0 0 0 2 
 35.2 64.60000000000001 15.600000000000001 8 13.8 29.200000000000003 5.4 30.200000000000003 13.200000000000001 59.400000000000006 12.600000000000001 8 20 23.400000000000002 0 34.2 27.200000000000003 5.2 37.800000000000004 39.2 0.4 0.6000000000000001 0.4 0 0 0 0 0 0.2 0 0.6000000000000001 0.6000000000000001 0 0.2 0.4 0 0 25.200000000000003 0 0 0 0 0 0 0 0.6000000000000001 0 0 0 0.6000000000000001 0 0 11.600000000000001 0 0 0 11.4 13 0.6000000000000001 0.8 0 0.6000000000000001 0 0.6000000000000001 0 6.800000000000001 0 0 0 0 0 0 0 0 0 0 0 0 0 0 2.8000000000000003 4 3.2 3 2.2 0 3 4.2 3.4000000000000004 4.800000000000001 0 0.2 0 5 5.2 2 2.8000000000000003 5.800000000000001 4.4 4 0 0 0 0 0 0 0 0 0.2 0 0 0 0 0.4 0 0 0 0 1.8 0 0 0 0 0 0 0.2 0 0.2 0.4 0 0 0 0 0 0 0 0 0 0 0 0 0 0 0 0.6000000000000001 0 0 0 0 0 0 0 0 0 0 0 0 0 0 0 0 2.2 7.800000000000001 3.8000000000000003 0 0 3.8000000000000003 6.6000000000000005 7.800000000000001 7.4 0.2 3 11.200000000000001 0 1 5.2 4.2 2.8000000000000003 7.6000000000000005 2.8000000000000003 2.6 0 0 0.2 0 0 0 0 0 0 0 0.4 0 0 0 0 0 0.2 8.8 0 0 0 0 0 0 0 0 0 0 0.4 0.2 0 0.4 0 0 0 0 0 0 0 0 0 0 0 0 0 0 0 0 0 0 0 0 0 0 0 3.8000000000000003 0 0 0 0 0 0 0 0.2 0 0 0 0 17 0.2 2.6 0 0 0 0 0 0.2 0 0 0 0 0 0 0 0 0.4 0 0 0 0 0 0 0 0 3.4000000000000004 0 1.2000000000000002 0 0 0 0 0 0 0 0 0 0 0 0 
 23.8 33.6 63.6 22.8 16.400000000000002 31.8 27.400000000000002 13.4 47.2 16.8 22.200000000000003 48.6 14 46 34.2 0 94.60000000000001 25.8 71 10.600000000000001 0 0.6000000000000001 0 0.2 0 0 0 0 0.2 0 0.6000000000000001 0.6000000000000001 2.8000000000000003 0 0.4 0 0 0 0 0 0 0 0 0 0 0.6000000000000001 0 0 0 0.6000000000000001 0 24.6 0.6000000000000001 0 0 0 12.8 0.8 0.6000000000000001 1 0 0.4 0 0.6000000000000001 0 0 0 0 0 0 0 0 0 0 10 0 0 0 0 0 0 2.6 5 7.800000000000001 0.6000000000000001 0 4.6000000000000005 6.6000000000000005 7 3.2 12.600000000000001 8 2.2 0.2 2.4000000000000004 5.4 2.4000000000000004 2.2 0 0.2 0 0 0 0 0 0 0 0.2 0 0 0 0 0 0 0 0 0 0 4.6000000000000005 10.600000000000001 0 0 0 0 0 0 0 0 0 0 0 0 0 0 0 0 0 0 0 0 0 0 0 0 0 0 0 0 0 0 0 0 0 0 0 0 0 1.2000000000000002 0 0 0.6000000000000001 2.8000000000000003 0 0 3.4000000000000004 6.2 0.8 1.6 4.800000000000001 0.4 4.2 0.4 2.2 2.6 2.2 0 0 2.6 3 4.800000000000001 2.8000000000000003 0 0 0 0 0 0 0 0 0 0 0 0 0 0 0 0 0 4.6000000000000005 0 0 0 0 0 0 0.4 0 0 0 0 0 0 0 0 0 0 0 0 0 0 0 0 0 0 0 0 0 0 0 0 0 0 0 0 0 0 0 0 0 0 0 6.6000000000000005 0 0 0 0 26.200000000000003 0 0.4 0 0.2 3 0 0 0 0 0.4 0 0 0 0 0 0 0 0 0 0 0 0 0 0 0 0 0 0 0 0.2 0 0 0 0 0 0 0 0 0 0 0 0 0 
 34.2 24.6 24.200000000000003 97.60000000000001 46.2 28.400000000000002 57.2 8.6 42.400000000000006 44.6 24.8 41.6 3.4000000000000004 22.8 27.200000000000003 94.60000000000001 0 35 11.4 7.800000000000001 0 0.6000000000000001 0 0 0.8 0 0 0 0.2 0 0.8 0.6000000000000001 0 0 0.4 0 0 0 0.4 0 0 0 0 0 0 0.6000000000000001 0 0 0 0.6000000000000001 0 0 0.6000000000000001 0 1 0 0 0.4 0.6000000000000001 1 0 10 0 0.6000000000000001 0 0 0 0 0 0 0 0 0 0 0 0 0 0 0 0 2.6 11.200000000000001 5.800000000000001 10.600000000000001 9.4 0 5.6000000000000005 0.6000000000000001 6.6000000000000005 2 3.4000000000000004 6 0 0.2 5.2 18.2 9.4 10.8 0 0.2 0.2 0.2 0 0 0.4 0 5 0 0 0 0 0 6 0 0 0.2 0 0 2 0 0 0 0 0 0 0 0 0 0 0 0 0 0 0 0 0 0 0 0 0 0 0 0 0 0 0 0 0 0 0 0 0 0 0 0 2.6 0 0.4 0 0 1.6 7.2 0 7 0 0 2.2 0 2.2 2.8000000000000003 5 0 0 1.8 1.4000000000000001 0 0 5 2.6 1 3 3.8000000000000003 0 0 0 0 0 0 0 0 0 0 0 0 0 0 0 0 2.8000000000000003 0 0 0 0 0 0 0 0 4 0 0 4.2 0 0 0 0 0 0 0.2 2 0 0 0 0 0 0 0 0 0 0 0 0.2 0 0 0 0 0 0 0 0 0 0 2.4000000000000004 0 0 0 0.2 0 0 0.4 2 0 1.4000000000000001 0 0 0 0 0 0 0 0 0 0 0 0 0 0 0 0 0 0 0 0 0 0 0 0 0 0 0 0 0 0 0 0 0 0 0 0 0 0 
 10.200000000000001 12 16 43.800000000000004 39 63.6 91.80000000000001 25.6 19 27.200000000000003 35.800000000000004 49.2 10 14.600000000000001 5.2 25.8 35 0 11 8.200000000000001 0 0.6000000000000001 0.2 0 0.2 0 0 0 0.2 0 0.6000000000000001 0.6000000000000001 5 17.2 0.6000000000000001 42.2 0 0 0.4 14.600000000000001 0 0 0.4 0 0 0.6000000000000001 0 0.4 0 0.6000000000000001 0 5.800000000000001 0.6000000000000001 0 0 0 0 0.6000000000000001 0.6000000000000001 0.6000000000000001 0 0.6000000000000001 0.2 0.6000000000000001 0 0 0.6000000000000001 0 0.4 0 0 0 0.4 0 0 0 0 0 0.4 0 2 0.2 0 0 6.6000000000000005 2 0.4 0.2 2 2.4000000000000004 2 0.2 0 0 0 4.2 2.6 3.6 0 0.4 0.4 0 2.4000000000000004 0 0.2 0 8 0 1.4000000000000001 0 0 0 8.200000000000001 2.4000000000000004 5.2 1.6 0 0 0 3.4000000000000004 0 0 0 0 0 0 0 0 0 0 0 0 0 0 0 0 0 0 0 0 0 0 0 1.4000000000000001 0 0 0 0 0 0 0 0 0 0 0 4 0 0.2 0 0 0 3 0.6000000000000001 0 2 3.4000000000000004 0 0 1.2000000000000002 2.2 1 0 0 0 0.2 0 3.6 9.200000000000001 0 0 8.4 6.4 0 0 0 0 1 4.800000000000001 0 0 0 0 0 3 2.8000000000000003 2.6 0 0 2.6 1.2000000000000002 0 0 0 0 0 0 0 0 0 0 0 0 0 0 0 0 0 2.6 0 0 0 0 1.2000000000000002 0 0 0 0 0 0 0 0.4 0 0 0 0 0 0 0.4 0 0 0 0 0 0 0 0.2 0 0.2 0 0.6000000000000001 0 3.6 0.2 0 0 0 0.4 0 0 0 0 0 0 0 0 0 0 0 0 0 0 0 0 0 0 0 3.4000000000000004 0 0 0 0 0 0 0 0 0 0.2 0 0 0 
 8 12.4 12.200000000000001 17 15.200000000000001 8.8 71.4 30.8 64.8 18.400000000000002 68 5.2 84 46.6 37.800000000000004 71 11.4 11 0 41.800000000000004 0 0.6000000000000001 0.2 40 0 0 0 0 0 0 0.6000000000000001 0.6000000000000001 0 0 0.4 0 0 40 0 16.2 0 0 0 0 0 0.6000000000000001 0 0 0 0.6000000000000001 0 0.4 0.6000000000000001 0 0 0 0.6000000000000001 3 0.6000000000000001 0.8 0 0.6000000000000001 0 0.6000000000000001 0 0 0.2 0 0.4 0 0 0.6000000000000001 0 0 0 0 0 0 0 0 3.8000000000000003 0.6000000000000001 0 0 0 0 0 10.600000000000001 0 0 0 0 9 0.2 4.4 0 0 0 5.800000000000001 0 0 0 0 0 0 0 0 0 0 0 0 0 0 0 0 0 0 0 0 0 0 0 0 0.2 0 0 0 0 0 0 0 0 0 0 0 0 4.4 0 0.2 0 0 0 0.6000000000000001 2.8000000000000003 0 0 0 0 0 0 0 0 0 0 0 0 0 0 0 0 2.6 2.2 0.8 0 0 2.6 1.8 0 0 2.8000000000000003 0 0 3.6 5.800000000000001 2 0 0 0.4 7.800000000000001 1.8 0 0 0 0 0 0 0 0 0 0.4 0 0 0 0 0 0 0 0 0 0 0 0 0.4 0 0 0 0 0 0 0 0 0 0 0 0 0 0 0 0 0 0 0 0 0 0.2 0 0 0 0 0 0 0 0 0 0.4 0 0 0 0 0 0 0 0 0 0 0.8 0.2 0 1 0 0.2 1 0 0 0 0 0 0.2 0 0 0 0 0 0 0 0 0 0 0 0 0 0 0 0 0 0 0 0 0 0 0 0 0 0 0 0 0 0 0 0 
 12 54.800000000000004 29.8 10.200000000000001 13.200000000000001 11.4 81 64 28.6 12.4 33 7.800000000000001 65.4 106.2 39.2 10.600000000000001 7.800000000000001 8.200000000000001 41.800000000000004 0 0 0.6000000000000001 0 1 0 0 0.2 0 0.2 0 0.8 0.6000000000000001 0 0 0.4 0 0 0 0 1.2000000000000002 0.8 0 0 0 0 1 0 0 12.8 0.6000000000000001 0.8 0 0.6000000000000001 0 0.8 1.2000000000000002 0 0.4 0.6000000000000001 0.6000000000000001 0 0.6000000000000001 0 0.6000000000000001 0 0 0 0 0 0.8 0 0 12.4 0 0 1.2000000000000002 0 0 0 0 5.4 9 2.2 0 0 0 5.2 6.800000000000001 0 3.8000000000000003 1.8 0 0 4.6000000000000005 3.2 2.8000000000000003 0 3 5 8.4 0 0 0 0 0.4 0 0 0 0 0 0 0 0 0 0 0 0 0 0 0 0 0 0 0 0 1.8 0 0 0 0 0 0 0 0 0 0 0 0 0 0 0 0 0 0 0 0.6000000000000001 0 0 0 0 0 3 0 0 0 0 0.4 2.2 0 0 2.8000000000000003 0.2 4.800000000000001 0 0 2.6 1.8 3 0 6.2 0.2 0 9.600000000000001 2.8000000000000003 3.6 2.6 4 0 2.2 2 0 0 0 0 0 0 0 0 0 0 0 0 0 0 0 0 0 0 0.4 0 0 0 0 0 0 0 0 0 0 0 0 0 0 0.4 0 0 0 0.2 0 0 0 0 0 0 0 0 0 0 0 0 0 0 0 0 0 0 0 0 0 0 0 0 0 0 0 0 0.4 0 0 0 0 4 0 0 0 0 0 0 0 0 0 0 0 0 0 0 0 0 0 0 0 0 0 0 0 5.2 7.6000000000000005 0 0 0 0 0 0 0 0 0 0 0 0 0 
 0 0 0 0 0 0.4 0.4 0 0 0 0 0 0 0 0.4 0 0 0 0 0 0 14.600000000000001 41 25 20 6.2 47 47 24.8 21.8 5 24.400000000000002 20.400000000000002 23.6 50.2 14.8 16.400000000000002 13.8 22.6 25.400000000000002 0 0 0 0 0 0 0 0 0 0 0.6000000000000001 13.4 0 0.6000000000000001 0 0 0 0 0 0.4 0 0 12.200000000000001 0 0 0 0.8 0 0.2 0.6000000000000001 0 0 0 0.6000000000000001 1.4000000000000001 0 0 0 0 0 0 0 0 0 0 3.6 0 0 0 0 0 0 0 0 0 0 0 0 0 0 3 0 0 11.8 7.800000000000001 3.6 0 6.4 2.4000000000000004 0 0 6.6000000000000005 0 0.4 6 6 21.400000000000002 1 0 5 0 0 0 0 0 0 2 0 0 0 0 0 4 0 0 0 0 0 2.8000000000000003 2.8000000000000003 0 0 0 0 0 0 0 0 0 0 0 0 0 0 0.6000000000000001 0 0.4 0 0 0 0 0 0 0.2 0 0 0 0 0 0 0 0 0 0 0 0 0 0 0 0 9.600000000000001 4 2.8000000000000003 3.2 5.2 3.8000000000000003 3.4000000000000004 2.6 0 0 7.2 0 7 5.2 10.200000000000001 12.4 0.2 0 0 0.2 0 1.8 0 0 0 0 0 0 0.2 0 0 0 0 0 0 0 0 0 1.8 2.4000000000000004 0 0 0 0 0 0 0 0 0 0 0 0 0 0 4.800000000000001 0 0 0 0 0 0 0 0.2 0 0 0 0 0 0 0 0 0 0 0 2.6 2 0 15.8 0.2 0.4 0.6000000000000001 3.4000000000000004 0 0 0 0 0 0 0 0 0 0 0 0 0 0 0 0 0 4 0 3.8000000000000003 0 0 0 0 0 0 0 0 
 0.6000000000000001 0.6000000000000001 0.6000000000000001 15.8 15.600000000000001 5 0.6000000000000001 0.6000000000000001 1.2000000000000002 1 15.4 0.6000000000000001 0.6000000000000001 0.6000000000000001 0.6000000000000001 0.6000000000000001 0.6000000000000001 0.6000000000000001 0.6000000000000001 0.6000000000000001 14.600000000000001 0 65.60000000000001 15 22.6 7.2 64.8 54.6 7.6000000000000005 54.400000000000006 22.8 42 25.8 50.6 22 34.4 15.200000000000001 27 27.8 22.8 0.2 0.4 0.4 0 0.2 0.2 0 0 0 0.6000000000000001 0.8 0.6000000000000001 0.4 0 0 0 0.6000000000000001 0 0 0 0 0.8 0 0 0 0.8 0 0 0.4 0.6000000000000001 0 0 0 0.6000000000000001 1.4000000000000001 0 0 0 0 0.4 0 0 0 0 0 0 0.2 0 0 0 0 0 0 0 0 0 0 0 0 0 2.2 3.2 4.6000000000000005 3.6 8.8 3.2 2.2 6.2 5.800000000000001 9.8 1 0 1.8 11.200000000000001 7.4 10.4 3.6 2.4000000000000004 0 1.8 2.8000000000000003 0 0.2 0 0 0 6.800000000000001 0 0 0 0 0 2.8000000000000003 1.6 0 0.2 0 0 2.8000000000000003 0 0 3.6 0 0 0 0 0 0 0.2 0.6000000000000001 0 0 0 0 0 0 0 0 0 0 0 0 3.4000000000000004 0.2 5.2 0 0 0 3 0 0 0 0 0 0 0 0 0 0 0 2.4000000000000004 1.6 2.2 4.6000000000000005 3.6 4.4 1.8 0.2 0 0 4.4 0 2.6 7.4 2.2 4.6000000000000005 4.2 0 0.2 2.4000000000000004 0 0 0 0.4 0 0 2.4000000000000004 0.2 0.4 0 0 0 2.2 0 0 1.6 0 0 0 2 0 0 0 0 0 0 0 0 0 0 0 0 0 0 6.4 0 0 0 0 0 0 0 0.2 0 0 0 15.600000000000001 0 0 0 0 0 0 0 2 0 0 0.2 1.2000000000000002 0 0.6000000000000001 0 0 0 0 0 0.8 0 0 0 0 0 0 0 0 0 0 0 0 0 0 0 0 0 0 2.4000000000000004 0 0 0 0 
 0.4 0 0.2 0 15 3.6 0 0 0 0.2 0 0 0 0 0.4 0 0 0.2 0.2 0 41 65.60000000000001 0 32.4 7.800000000000001 4.2 75 18.2 50.6 38.6 20.8 7.800000000000001 35.4 30 43.2 15.4 22.8 10.600000000000001 24.8 25.400000000000002 0 0 0 0 0 0 0.2 0 0 0 0.6000000000000001 0.6000000000000001 25.400000000000002 0 0 0 0 0 13 12.600000000000001 0 0 0 0 0 0 0.6000000000000001 0 0.2 0.6000000000000001 0 0 0 0.6000000000000001 0.6000000000000001 0 0 0 0 11.200000000000001 0 0 0 0 0 0 0 0 0 0 0 0 0 0 0 0 0 0 0 0 3.8000000000000003 0 16 8.4 0 2.8000000000000003 6.6000000000000005 2.2 2.6 2 4.2 1.6 0 0 0.4 7 4.4 4 0 1.8 0 0 0 0 0 0 0 0 0 0 0 0 0.2 4.2 2.6 0 0 1.4000000000000001 4.4 0 0.4 0 0 0 0 0 1.8 0 0 0 0 0 0 0 0 0 0 0 0 0.2 0 0 0 1 2.4000000000000004 0 0 1.8 1.4000000000000001 0 0 1.4000000000000001 0 0 0 0 0 0 0 0 11.4 0.2 2.2 1.8 6.4 1.6 0 0.2 0 2 6.4 10.8 0 1.8 2.2 9.200000000000001 3.6 4.6000000000000005 0.2 0 2.6 0 0 0 0 0 3.6 0 0 0 0 0 0 0 0 0 0 0 4.2 0 2 0 0 0 0 0 0 0 0 0 0 0 0 2.2 0 0 0 0 0 0 0 0 0 0 0 0 0 0 0 0 0 0 0 0 2 0 0.8 1 0 0 0 0 0 0 0 0 0 0 0 0 0 0 0 0 0 0 0 0 0 0 0 0 0 0 0 2.4000000000000004 0 0 0 0 
 0.6000000000000001 41.2 41.6 0 0 0.2 0 0 1 0 0 14.8 0 0.8 0 0.2 0 0 40 1 25 15 32.4 0 48.6 62.2 58.2 37.6 57.800000000000004 44.400000000000006 24.200000000000003 26 69.4 28.200000000000003 74 8.8 13.200000000000001 85.2 14.200000000000001 14.200000000000001 4.6000000000000005 13.8 0 0 0 0 0 0 0 0 0.8 0.6000000000000001 0 13.200000000000001 12.4 0 0 0 4.4 0 0 0 0.6000000000000001 0 0 0 0.6000000000000001 0 0.4 0.6000000000000001 0 0 0 0.6000000000000001 1.2000000000000002 0 0 0 0 0 0 0 0 0 0 0 0 0 0 0 0 0 0 0.4 0 0 0.2 0 0 0 0.2 0 2.2 3.8000000000000003 1.8 0 1.8 0 1.4000000000000001 2.4000000000000004 0 1.8 0 0 3.8000000000000003 0 5.4 0.2 0 0.4 5.6000000000000005 0 2.4000000000000004 0.4 0 0 7.4 2.4000000000000004 2.2 0.2 0 0 4.4 0 8.6 8.4 0.2 0 4.4 4 0 0 0 0 0 0 0.6000000000000001 0 0 0 0 0 0 0 0.2 0 2 0 0 3.8000000000000003 0 0 0 0 0.8 0 0 0 0 2 0 0 0 0 10.4 0 0 1 0 0.4 2.4000000000000004 2.8000000000000003 0 4.2 0 0 2.8000000000000003 0 2 0 5 0 2 0 2.8000000000000003 2.2 1.8 0 0 0 4.6000000000000005 0.2 0 2 1.8 0 1.6 4.6000000000000005 3 0 0 0 0 0 1 2.4000000000000004 5.2 0 0 1.8 0 0.2 0 0 0 0 0 0 0 0 0 3.4000000000000004 0 0 0 0 0 0 0 0 0 0 6.6000000000000005 0 0 0 0 0 0 0 0 0 0 0 2 0 0 15 0.6000000000000001 0 1 0.2 0 0 0 0 0 0 0 0 0 0 0 0 0 0 0 0 0 0 0 0 0 0 0 0 0 0 0 0 
 0.4 0 0 0 0 5.6000000000000005 0 0 0 0.6000000000000001 0 0 0 0 0 0 0.8 0.2 0 0 20 22.6 7.800000000000001 48.6 0 51.400000000000006 53.6 7.800000000000001 11.4 22.200000000000003 51 28.8 17.6 58.2 17.2 38.400000000000006 22.6 25.6 10.200000000000001 51.2 12.600000000000001 25 0 6.800000000000001 0 0 0.4 4 0 0 0.6000000000000001 0.6000000000000001 0 14.8 2.6 0 0 0 0 0.4 0 0 0 0 0 0 0 0 0.4 0.6000000000000001 0 0 0 0.6000000000000001 0.6000000000000001 0 0 3.6 0 0 0 0 0 0.2 0 0 0 0 0 0 0 0 0 0 0 0 0 0 0 0 0 0 2 1.8 1.6 0 0 0.4 2.4000000000000004 5.4 2 0 0 0 2 3 0.6000000000000001 3.6 0 0 3.8000000000000003 0 0 0 1.2000000000000002 0 4 2.6 4.2 1.6 0 1.2000000000000002 5.6000000000000005 0 4 9.600000000000001 0.2 0 0 19.6 0 0 0 0.6000000000000001 0 0.2 0 0.2 0 0 0 0 0 0 0 0 0 0 0 0 2.6 0 0 0 0.6000000000000001 0 0 0 0 1.8 0 0 0 0 1 0 0 0.6000000000000001 0 0 0 0 3.2 0 10.8 0.2 0 0 2 2.6 2.8000000000000003 4.2 0 0 0 0 0.4 0 3 0 2.4000000000000004 0 0 1.4000000000000001 0 1.4000000000000001 8.200000000000001 6.2 2 2.6 0 0 8.200000000000001 2 2 0 12.4 5.4 3.6 9.8 0 0 0 0 0 0 0 0 0 0 0 0 0 0 0 0 0 0 0 0 0 0 0 0 0 0 0 0 0 0 0 0 0 0 1.8 0 0 14.8 9 1 0 1 0 0 0 0 0 0 0 0 0 0 0 0 0 0 0 0 0 0 0 0 0 0 9 0 0 0 0 0 
 0.2 0 0 41.6 0 0 0 0.2 0.4 0 0 0 0.2 0 0 0 0 0 0 0 6.2 7.2 4.2 62.2 51.400000000000006 0 6.800000000000001 19.8 4.800000000000001 14.600000000000001 18.400000000000002 69.4 49.400000000000006 96.4 10.4 10.200000000000001 8.4 54.800000000000004 10.8 11 27.200000000000003 0.2 25.8 0 0.2 0.4 0 12.200000000000001 0 0 10.200000000000001 1 6.6000000000000005 12.8 38.6 13 0 11 13 0.2 0 0 0 0 0 9.200000000000001 0 0 0.2 0.6000000000000001 0 0 0 1.8 0.6000000000000001 0 0 0 0 0 0 0 0 0 0 0 3.2 0 0 0 0 0 0 0 0 0 0 0 0 0 0 0 0.4 0 0 0 0 0 0 0 0 0 0 0 0 0 0 0.4 0.4 0 14.4 7.6000000000000005 4.6000000000000005 3.4000000000000004 0.6000000000000001 0 4.800000000000001 1.8 9.200000000000001 3.8000000000000003 2.8000000000000003 0 4.4 6.800000000000001 3.4000000000000004 6.6000000000000005 5.6000000000000005 9.600000000000001 6 0.4 0 0.4 0 0.8 0.4 0 0 0 0 0 0 0 0 0.4 0 0 0 0.2 0 0 0 0 0 0 0 0 0 0 0 0 0 0 0 0 0 0 0 0 0 0 0 0 0 0.2 5.6000000000000005 0 0 0 0 0 0 3.6 0 0 0 0 0 0 0 0 0.2 5.6000000000000005 2.6 6.4 0 0 0 8.4 3.4000000000000004 4.6000000000000005 0 0.4 2.4000000000000004 5.6000000000000005 6.2 2.4000000000000004 1.8 0 0 5 0 0 0 0 0 0 0.2 0.2 0 0 0 0 0 0 0.6000000000000001 0 0 0 0.2 0 0 0 3.6 0 0 8.4 0 0 0 0 0 0 0 0 3.6 0.4 0 0 0 2 0 0 0 0 0 0 0 0 0 0 0 0 0 0 0 0 0 0 0 0 0 0 0 0 8 3.4000000000000004 0 3.2 0 0 
 0.4 0 0 0.6000000000000001 0.2 19.8 0 0 0.4 0 11 7 0 0 0 0 0 0 0 0.2 47 64.8 75 58.2 53.6 6.800000000000001 0 38 45.400000000000006 67.60000000000001 51.800000000000004 12 32 123.2 105.80000000000001 39.400000000000006 24.6 21.8 46 35.800000000000004 0 0 0 0 0 0 0 0 0 0 0.6000000000000001 0.8 0 0 0 0 0 0 0 0.2 0 0.6000000000000001 0.6000000000000001 0 0 0 0 0 0.4 1.6 0 0 0 0.6000000000000001 1.2000000000000002 0 5.6000000000000005 0.2 0 0 0 0 0 0 0 0.6000000000000001 0 0 0 0.2 0 0 0 0 0 0 0 0 0 0 6.800000000000001 3.8000000000000003 5.6000000000000005 0.2 4.800000000000001 8 6.2 9.200000000000001 0.2 4.4 2 3.8000000000000003 3.2 6.4 0.2 3.2 3.6 4.4 0 5.4 0 0 0 0 0 0.2 0 0 0 0 0 0 0.2 2.4000000000000004 0 0 0 0 2 0 0.4 1 0 0 0 0 0 0 0 1.2000000000000002 0 0 1.2000000000000002 0 0 0 0.2 0 0 0 0 0 0 0 1.8 0 0 0 0 0 2 0 0 0 0 0 0 0 0 0 0 0 2 2 2.8000000000000003 0 4.2 0.2 0 1.8 0 1.4000000000000001 9.600000000000001 10 8.8 6.2 4.800000000000001 4.4 2.4000000000000004 13.200000000000001 0 0 0 0 0 0 0 0 0 0 0 0 0 0 0 0.4 0 0 2.2 2.2 0 0 0 0.2 0 0 0 0 0 0 0 0 0 0 5.800000000000001 0 0 0 0 0.2 0 0 0 0 0 0 0.4 0 0 15 0 0 0 0 1.8 0 0 0.4 0 0.8 0 3.8000000000000003 0 0 0 0 0 0 0 0 0 0 0 0 0 0 0 0 0 0.2 0 0 0 0 0 0 2.4000000000000004 0 0 0 
 0 0.2 0 14.8 0 0 9.4 0 0 0 0 0 0 0 0 0 0 0 0 0 47 54.6 18.2 37.6 7.800000000000001 19.8 38 0 29.400000000000002 58.400000000000006 10.4 7.800000000000001 26.400000000000002 27.8 63.2 19.8 23.6 5.4 9.8 28 0 0 0 0 0 0 0 0.2 0.4 0 0.6000000000000001 0.6000000000000001 0 0 0 0 0 0 0 0.2 0 0 0 0 0 0 0.6000000000000001 0 0.4 0.6000000000000001 0 0 0 0.6000000000000001 0.6000000000000001 0 0 0 0 0 0 0 0 0 0.2 0 0 0 0 0 0 0 0 0 0 0 0 0 0 0 2.6 3.8000000000000003 0 0.6000000000000001 8.6 1.4000000000000001 1.8 1.8 1.6 0.2 0 1.8 1.8 4.4 4.800000000000001 8.200000000000001 3.2 5 0 0 0 0 0 0 0 0.2 4.4 0 0 0 0 0 4 0 0 0 0 0 6.4 0 0 0.4 0 0 0 0 0 0 0.6000000000000001 0.4 0 0 0 0 0 0 0.4 0 0 0 0 0.6000000000000001 0 3.4000000000000004 1.6 0 0 0 0 0 0 0 0 0 0 0 4 0 0 0 2.8000000000000003 2.8000000000000003 0 2 3.8000000000000003 0.6000000000000001 1.4000000000000001 2.6 1.6 4.2 2.2 0 1.8 3.2 0 6.4 1.8 0 6 2.4000000000000004 0 0 0 0 0 0 0 0 0 0 0 0 0 0 0 0 0 0 0.2 1.8 0 0 0 0.4 0 0 0 0 0 0 0 0 0 0 6 0 0 0 0 0.4 0 0 0 0 0 0 15 0 12.4 0 0 0 0 0 2.4000000000000004 0 0.2 0.2 15.8 0.2 0.2 0 0 0 0 0 0 0 0 0 0 0 0 0 0 0 0 0 0 0 0 0 0 0 0 0.6000000000000001 0 0 0 0 
 0.4 0.2 0.4 0.2 0.4 0.2 0.4 0.4 1 0.2 0.2 0.2 0 0.4 0.2 0.2 0.2 0.2 0 0.2 24.8 7.6000000000000005 50.6 57.800000000000004 11.4 4.800000000000001 45.400000000000006 29.400000000000002 0 32.800000000000004 5.800000000000001 23.8 95.80000000000001 27.200000000000003 34.6 69.4 11 7.6000000000000005 52.800000000000004 42.6 0 0 0 0 0 0 0.6000000000000001 0 0 0 0.6000000000000001 0.6000000000000001 12.8 0 0 0 0.6000000000000001 0 12.600000000000001 0.2 0 0 0.4 0 0 0 0.6000000000000001 0 0.6000000000000001 0.6000000000000001 0 0 0 0.6000000000000001 1 0 0 0.6000000000000001 0 0 0 0 0 0 0 0 0 0 0 0 0 0 0 0 0 0 0 0 0 0 6 0 2.6 5.6000000000000005 0.6000000000000001 2.8000000000000003 7 8.8 5.800000000000001 4.4 5 1.8 0 2.2 0 2.4000000000000004 13.4 0 0 0 0 0 0 0 0 0 0 0 0 0 0.4 0 0 2.4000000000000004 0 0 0 0 0 2.6 0 0.2 0 0 0 0 0 0 0 0 0 0 0 0 0 0 0 0 0 0 0 0 0 0.6000000000000001 0 0 0 2.8000000000000003 0.8 0 0 1.8 0 0 0.2 0 0 0 0 0 3 2.8000000000000003 0 2.6 0 1.6 7.2 0 0 0 15.600000000000001 9.8 0 2.2 6.2 5.4 7.800000000000001 2 0 3.2 0.2 0 0 0 0 0.2 3.6 0 0 0 0 0 0 0 0 0 0 0 2 0 0 0 0.2 0 0 0 0 0 0 0 0 0 0 0 0 0 0 0 0 0 0 0 0 0 0 0 0.2 0 0 0 0 0 0 0 2 0 0 16.2 0 0 0.4 0 0 0 0 0 0 0 13.600000000000001 0 0 0 0 0 0 0 0 0 0 6 0 0 0 0 0 0 0 0 0 0 
 0.2 0 0 0 0 0 0 0 0.6000000000000001 0 0.4 0 0 0 0 0 0 0 0 0 21.8 54.400000000000006 38.6 44.400000000000006 22.200000000000003 14.600000000000001 67.60000000000001 58.400000000000006 32.800000000000004 0 71 60 17 20.200000000000003 90.2 35.6 25.400000000000002 22.8 58 35.2 0 0 0 0 0 0.6000000000000001 0 0 0 0.2 0.6000000000000001 0.6000000000000001 0 10.200000000000001 0 0 0 0.4 0 6 0.6000000000000001 0 0 0 0 0 1 0 0.2 0.6000000000000001 0 0 0 0.6000000000000001 0.6000000000000001 0.8 0 0 0 0.6000000000000001 0 0 0 0 0 0.4 0 0 0 0 0 0 0 0 0 0 0 0 0 0 0.2 0 4 3.6 7.2 2.2 4.2 0.4 1.6 2.2 0 3.8000000000000003 0 3.6 8.6 0 11.8 5.4 0 0.2 0 0 0 0 0 0 0 0 0 0 0 0 0 0 0 0 0 0 5.800000000000001 2.8000000000000003 0 0 0 0 0 4.2 0.6000000000000001 0 0 0 0 0 0 0 1.6 0 2.8000000000000003 0 0 1.8 0 0 0 0 0 0.8 0 0 0 0 0 0 6.800000000000001 0 0 0 0 0 0 0 2.4000000000000004 4.4 2.8000000000000003 2.4000000000000004 0 2 0 1 13.600000000000001 1.8 8 2.6 0 2.4000000000000004 0 2.8000000000000003 4.800000000000001 1.8 2.8000000000000003 2.2 0 0 0 0 0 0 0 0 0 0 0 0 0 0 0.2 0 0 0 2 0 0.2 0 0 0 0 0 0 0 0 0 0 0 0 0.2 2 0 0 0 12.4 0 0 0 0 0 0 0 0 0 0 0 0 0 0 0 1.6 0.4 0.2 37.4 0 0 3.4000000000000004 0.2 0 0 0 0 0 0 0 0 0 0 0 0.6000000000000001 0 0 0 0 0 4.4 0 0 0 0 0 0 0 0 0 0 
 1 0.6000000000000001 1 0.6000000000000001 0.6000000000000001 1.4000000000000001 1.4000000000000001 0.6000000000000001 0.4 1.2000000000000002 0.4 0.6000000000000001 0.6000000000000001 0.6000000000000001 0.6000000000000001 0.6000000000000001 0.8 0.6000000000000001 0.6000000000000001 0.8 5 22.8 20.8 24.200000000000003 51 18.400000000000002 51.800000000000004 10.4 5.800000000000001 71 0 88.80000000000001 18.6 53.2 15.200000000000001 87.2 49.400000000000006 42.6 5.4 16.6 0 0 0 0 0 0 0 0 0 0 0.8 0.6000000000000001 0 0 0 0.2 0 0.2 0 0.2 0 0 0.8 0 0 0 0 0.4 0.8 0.4 1 0 0.2 1.2000000000000002 0.8 0 0 0 0 2.8000000000000003 0 0 0 0 0 0 0 0 0 0.4 0 0 0 0 0 0 0 0 0 0 0 0 3.2 3.2 2.2 6.2 0.2 0 4 3.4000000000000004 2.6 3.8000000000000003 0 0 0 3.8000000000000003 0 1.8 0 0 2.4000000000000004 0 3 0 0 0 0 2.4000000000000004 4.2 0 0 0 0 0 4.4 6.800000000000001 0 0 3.8000000000000003 3 1.4000000000000001 10.600000000000001 0 0 0 0 1.4000000000000001 0.2 0 0 0 0 0.4 0 0 0 0 0 0 0.4 0 0 0 0 0 0 0 0 0 0 0.2 0 0 0 0 0 0 0 0 0 0.2 0 0 3.4000000000000004 5.800000000000001 0 0 0 2 0.2 3.2 2 0.4 0 0 0 0 2.4000000000000004 0 0 0 0 0 0 0 0 2.8000000000000003 0.2 2.8000000000000003 0.4 0 0 4.2 0 0 0.6000000000000001 0.4 0 3 3.8000000000000003 0 0 0 0 0 0 0 0 0 0 0 0 0 0 0 0 0 0 0.4 0 0 0 3.8000000000000003 0 0 0 0 0 0 0.4 0 0 0 0 1.6 0 0 15.200000000000001 0 0.4 0 0.4 0 0 0 0 5.2 0 0 0 0 0 0.4 0 0 0 0 0 0 0 0 0 0 0 0 0 0 0 0 0 
