 0 97.80000000000001 42.400000000000006 10.600000000000001 8.8 8.4 28.200000000000003 134.20000000000002 15.600000000000001 4.6000000000000005 6.800000000000001 19.8 29.8 47.800000000000004 23.8 87.2 104 9.8 10 9.4 0 0.6000000000000001 0.6000000000000001 0 0 0 0 0 0.4 0.6000000000000001 0 0.4 0.6000000000000001 0.2 0.8 0 0 0 16.2 0 0 0 0 0.4 0.6000000000000001 0 0 0.4 0 0 9 0.6000000000000001 0.2 0.6000000000000001 0 2 0.4 0 0 0.6000000000000001 0.6000000000000001 0.6000000000000001 0 0 0 0 6 1.2000000000000002 0.2 0.6000000000000001 0 0 0 0.6000000000000001 0 0 0 0 0 0 0 7.4 6 2.2 2.6 0 0.2 10.4 2.2 0 1.6 4.2 4.4 0 4.6000000000000005 5.800000000000001 0.4 3 0 1.8 0 0 0 0 0 0 0 0 0 0 0 0 0 0 0 0 0 0 4.800000000000001 0 0 0 0 0 0 0 0 0 0 0 0 0 0 0 0 0 0 0 0 0 0 0 0 0 0 0 0 0 0 0 0 0 0 0 0.6000000000000001 0 0 0 0 0 2.4000000000000004 5.800000000000001 0 0.2 0 2.2 3.8000000000000003 3.4000000000000004 0 0 4.800000000000001 4.6000000000000005 2.8000000000000003 0 3.6 3.2 0 7.800000000000001 0 3.2 0 0 0 0 0 0 0 0 0 0 0 0 0 0 0 0 0 0 0 0 0 0 0 0 0 0 0 0 0 0 0 0 0 0 0 0 0 0 0 0.2 0 0 0 0 0 0 0 0.4 0 0 0 0 0 0 0 0 0 0 0 0 0 0 0 0 0 0.4 0 0.2 0 0 0.2 0 0 0 0 0 0 0 0 0 0 0 2.8000000000000003 0 0 0 0.2 0 0 0 0 0 0 0 0 0 0 0 0 0 0 0 0 0 0 0 0 0 0 0 
 97.80000000000001 0 54.6 12.8 31.8 6.6000000000000005 13.600000000000001 33.4 32.4 13.200000000000001 5.6000000000000005 10 5.4 29 11.600000000000001 46.2 39 52.2 26.8 57.400000000000006 0 0.6000000000000001 0 0 0 0 0 0 0 0.6000000000000001 0 0.4 8 0 0.4 0 0 0 21.6 7 0 0 0 0.4 0 0 0 0.4 0 0 0.6000000000000001 0.2 0 0 0 0.6000000000000001 0 0 0 0.2 6.800000000000001 0.6000000000000001 0 0 0 0.2 0.8 0.4 0 0 0 8.200000000000001 0.4 0.6000000000000001 0 0 6.6000000000000005 0 0 0 0.4 2.4000000000000004 3 0 0 4.6000000000000005 0 2 0.4 3.2 6.2 0 0 0 0 0 2.4000000000000004 0.2 0 0 0 0 0 0 0 0 0 0 0 2.2 0 0 0 0 0 2.2 0 0 0 0 0 0 0 0 0 0 0 0 0 0 0 0 0.4 0 0 0 0 0 0 0 0 0 0 0 0 0 0 0 0 0 0 0 0 0 0 0 0 0 0 0 10 5.800000000000001 4.800000000000001 0.8 0 0 3 4.4 0 3 4.4 5.2 3.4000000000000004 3.6 0 3.4000000000000004 0 5.6000000000000005 0 5.2 0 3 0 0 0 0 0 0 0 0 1 0 3 0 0 0 0 0 0 0 0 0 0 0 0 0 2.6 0.2 0 0 0 0 0 0 0 0 0 0 0 0 0 0 0 3.8000000000000003 0 0 0 0 0 0 0 0 0 0 0 0 0 0 0 0 0 0 0 0 0 0.4 0.2 0 0.6000000000000001 0 0 0.8 0 0 0 0 0 0 0 0 0 0 0 0 0 0 0 0 0 0 0 0 0 0.4 0 0 0 0 0 0 0 0 0 0 0 0 0 0 0 0 
 42.400000000000006 54.6 0 54.2 9.8 28.8 58.6 72.60000000000001 59 16.6 11.200000000000001 47.800000000000004 31.400000000000002 42 30 38.6 108.60000000000001 24.200000000000003 48.400000000000006 52.800000000000004 1 0.6000000000000001 0.6000000000000001 0 0.6000000000000001 0 0 0 0.4 0.6000000000000001 0 0.2 16.2 0 0.4 0.6000000000000001 0 0.2 7.4 15 0 0 0 0.4 0 0 0 0.4 1.2000000000000002 0 0.6000000000000001 0 0 0 0 1.2000000000000002 0.2 1.2000000000000002 0 1.4000000000000001 0.6000000000000001 0.6000000000000001 0 0 0 0 1 0.6000000000000001 0.2 9.4 0.8 0.6000000000000001 0 0.6000000000000001 0 0 0 0 0.6000000000000001 0 0.8 3.4000000000000004 5.4 0 6 2.6 0 0 2 1.2000000000000002 3.2 0 1.4000000000000001 0 0 0.2 4 0 0 1.6 0 0 0 0 0 0 3.6 0 2.8000000000000003 0 0 4 2.2 0 0 0 0 0 3.6 0 0 0 0 0 0 2.4000000000000004 0 0 0 0 0 0 0 0 0 0 0 0.2 0 0 0 0 0 0 0 0 0 0 0 0 0 0 0 0 0 0 0 0 0 0 4.800000000000001 2.4000000000000004 0 0.8 1.8 1.4000000000000001 0 6.4 2.8000000000000003 11.8 4.4 4.4 2.8000000000000003 0 0 4.800000000000001 0 7.2 0 0.6000000000000001 2.4000000000000004 0.2 0 0 0 0 2.6 2.8000000000000003 0 1.6 0 0 2.4000000000000004 0 0 0 0 0 0 0 0.2 0 0 0 0.2 0 0 0 0 0 0 0 0 0 0 0 0 0 0 0 0.2 0 0 0 0 0 0 0 0 0 0 0 0 0 0 0 0 0 0 0 0 0 0 0 0 0 0.4 0.2 0 0.2 1.6 12.600000000000001 0 0 0 0 0 0 0 0 0 0 0 0 0 0 0 0 0 0 0 0 0 0 0 0 0 0 0 0 0 0 0 0 0 0 0 0 0 0 
 10.600000000000001 12.8 54.2 0 20 70.4 42 16.6 31.6 20.200000000000003 60.2 44.2 60 29.6 12.200000000000001 50 26 30.8 61 30.6 0 0.6000000000000001 0.4 0 0 0.4 0 0 0 0.6000000000000001 0.6000000000000001 0.4 17.400000000000002 0 0 0 2 0 18.2 16.400000000000002 0 0 14.4 0.4 0 1.2000000000000002 0 0.4 0 0 3 0 0 12.4 0 1.4000000000000001 0 7.6000000000000005 0 1.8 0.6000000000000001 0.6000000000000001 0 0 0 0 0 1.2000000000000002 1 0 0.8 0 0 1.2000000000000002 0 0 0.6000000000000001 0 0.2 3.4000000000000004 2.4000000000000004 3.4000000000000004 5.6000000000000005 2.2 4.800000000000001 0 0 2.6 2 4.800000000000001 1.6 5.800000000000001 0.2 2.2 0 3.6 4.6000000000000005 4.4 0 0 0 2.2 0 0 6.800000000000001 0 4.800000000000001 1 0 0 0 0 0 0 0 0 0 0 6.800000000000001 1.2000000000000002 0 0 0 0 0 0 4.4 0 0.4 0 0 1.2000000000000002 0 0 0 0.4 0 0.2 0 0 0 0 0.2 0 0 0 0 0 0 0 0 0 0 0 0 0 0 1.8 0 0 1.8 0 5.2 2.2 5.6000000000000005 10.600000000000001 0 3.2 6.4 4.2 0.8 0 0 0 2.4000000000000004 3.6 2.6 5.4 0 0 4.800000000000001 1.6 0 0 0 0 9.4 11 0 0 0.2 0 0 3 0 0 0 0 3.2 2 0 0 0 0 0 0 0 0 0 0 0 0 0 0 0 0 0 0 0 0 0.2 0 0 0 0 1.6 0 0 0 0 0 0 0 0 0 0 0 0 0 0 0 0 0 0 0 0.6000000000000001 1.2000000000000002 0.4 1.2000000000000002 19 2.2 1.2000000000000002 0 0 0.4 0 0.2 0 0 0 0 0 2.6 0 0 0 0 0 0 0 0 0 0.2 0 0 2.8000000000000003 0 4.4 0 0 0 0 0 0 0 0.2 0 0 0 0 
 8.8 31.8 9.8 20 0 12.4 13.200000000000001 58.6 57.6 22 79.80000000000001 42.400000000000006 21.200000000000003 15 55.2 17 11 26.6 18.6 12.200000000000001 0 15.600000000000001 0 0 0.4 0 0 32.6 0 0.6000000000000001 0 0.4 21 19.400000000000002 0.2 0.4 0 27.400000000000002 19.200000000000003 14.8 0 11.8 0 0.4 1.2000000000000002 0 0 0.4 0 0 0.6000000000000001 0.8 0 0.8 0 0.6000000000000001 0 0.2 0.4 0 0.6000000000000001 0.6000000000000001 0 0 0 0.8 0.6000000000000001 0.6000000000000001 0.6000000000000001 0 0.6000000000000001 0.6000000000000001 0 0.4 0 0 0 0 1 0 0 0 0.2 0 3.4000000000000004 2.4000000000000004 0 0 0 0 2 0 0 0 0 0 0 0 0 0 11.8 2 0 0.4 0 0 3.8000000000000003 2.8000000000000003 0 2.4000000000000004 0 0 2.6 4 2.2 0.4 3 0 8.4 5.800000000000001 0 0 0 0 0 0 0 0 0 0 0 0 0 0 0 0 0 0 0 0 0 0 0 0 0 0 0 0 0 0 0 0 0 0 0 0.6000000000000001 2.2 0 0 0 3 0 0 0.2 1.4000000000000001 1.2000000000000002 0 0 0 4.6000000000000005 4.6000000000000005 0 0.2 0 0 0 5.2 0 0 0 2.2 1.6 3.2 0 0 0 0.6000000000000001 3.6 0 3 0.4 4.4 5.2 3.2 4 2.6 4.800000000000001 3.8000000000000003 8.4 5.2 0 0 0 0 0 0 0 0 0 0.4 0 0 0 0 1.8 0 0 0 0 0 0 0 2.8000000000000003 0 0 0 0 0 0 0 0 0 0 0 0 0 0 0 0 0 0 0 0 0 0 1 23.8 0 0 0.4 0 0.8 0 0 0 0 0 0 0 0 14.8 0 0 0 0 0 0.2 0 0 0 0 0 0 0 0 0 0 2 0 3.6 0 0 0 0 0 0 0 0 0 0 
 8.4 6.6000000000000005 28.8 70.4 12.4 0 46.6 5.6000000000000005 19 18 34.6 40.800000000000004 6.800000000000001 6.800000000000001 8.6 13 81.2 23 12.200000000000001 7 0 0.6000000000000001 0 0 0.4 0.4 0 0 0 0.6000000000000001 0 0.4 25 0.4 0 0 0 0 15.4 22.200000000000003 0.6000000000000001 0 0 0.4 0 0.6000000000000001 0 0.4 0 0 1 0 0.2 0 0 13.200000000000001 0 0 0 0.4 0.4 0.6000000000000001 0 1 0.4 0 0 1.2000000000000002 0.8 0 0.6000000000000001 0 0.6000000000000001 1 0 0 0 0 0 11 0 2.4000000000000004 4 2.2 2.8000000000000003 2.8000000000000003 0 0 2.2 4.2 4.2 2.4000000000000004 0.4 1.2000000000000002 0 0 2.6 4.6000000000000005 0 0 0 2.6 0 0.8 0 0 2.8000000000000003 2.2 0 0.2 0 0 0 0 0 0 0.4 0 3 0 0.4 0 0 0 0 0 0 0 0 0 0 1.2000000000000002 0 0 0 0 0 0 0 0 0 0 0 0 0 0 0.4 0 0 0 0 0 0 0 0 0 0 0 0 0 1 0 1.8 2.4000000000000004 2.8000000000000003 4.2 0 4.800000000000001 3.6 1.8 0 0 0 0 2.6 3.6 2.4000000000000004 0 0.4 2.2 4 8.6 0 0 0 0 7.2 0 0 0 2.8000000000000003 0 0 2 0 2.6 0 0 3 2.6 0 0 0 0 0 0 0 0 0 0 0 0 0 0 0.2 0 0 0 0 0 0 0 0.4 0 0 0 0 0 0 0 0 0 3.2 0 0 0 0 0 0 0 0 0 0 0 0 0 9 0 0.2 19 0.2 0.2 0 0 0 0 0 0 0 0 0 0 0 0 0 0 0 0 0 0 0 0 0 0 0 2.8000000000000003 0.6000000000000001 2 0 0 0 0 0 0 0 0 0 0 0 0 
 28.200000000000003 13.600000000000001 58.6 42 13.200000000000001 46.6 0 15 14 27.200000000000003 8.4 23.400000000000002 64.60000000000001 17 8.200000000000001 54.2 6.6000000000000005 7 13.4 101.60000000000001 0.4 0.6000000000000001 0.6000000000000001 0 0 0 0 0 0.2 1.6 0 0.4 0.8 0 0.4 0 0 0 0 0 0.4 0 0.8 0.4 0 0 0 0.6000000000000001 1.6 0 0.6000000000000001 0 12.8 0 7.2 1.2000000000000002 0 0 0 0 0.6000000000000001 0.6000000000000001 0.4 0 0 0 0.6000000000000001 0.6000000000000001 0.2 0 0 0.6000000000000001 0 0.6000000000000001 0 0 0 0 0.6000000000000001 0 3.2 5 0 1.8 0 0 0.4 0.4 7 0 0.4 1.8 2.6 0.2 1.8 5 0 0 1.8 2.4000000000000004 0 0 0 0 0 0 0 0 0 0 0 0 0 0 0 0 0 0 0 0 0 0 0 0 0 0 0 0 0 0 0 0 0 0.4 0 0 0 0 0 0 0.4 0 0 0 0 0.4 0 0 0.6000000000000001 0 0.2 0 0 0 0.4 0 0 2 0 0 0 2.8000000000000003 6.6000000000000005 0.2 0 0 3.8000000000000003 7.4 2.8000000000000003 0 0 3.4000000000000004 2.8000000000000003 8.8 0.2 0 0 0 2.2 1.8 0 0 0 0.2 0 0 0 0.4 0 0 0 0 0 0 0 0.2 0 0 0 0 0 0 0 0 0 0 0 0 0 0 0 0 0.2 0 0 0 0 0.4 0 0 0 0 0 0.4 0 0 0 0 0 0 0 0 0.4 0 0 0 0 0.6000000000000001 0 0 0 0 0 0 0 0 0.4 0 10 0.4 0 0.4 0 0 0 0 0 0 0 0 0 0 0 0 0 0 0 0 0 0 0 0 0 0 0 0 0 0 0 0 0 0 0 0 0 0 0 0 0 0 
 134.20000000000002 33.4 72.60000000000001 16.6 58.6 5.6000000000000005 15 0 21.6 30.200000000000003 25 11 21.6 66.4 28 27.400000000000002 50.6 28.8 33.2 46 0 0.6000000000000001 0 0 0 0 0.2 0.4 0.4 0.6000000000000001 0 0.4 0.6000000000000001 0 0.6000000000000001 0 0 0 0 0 5.6000000000000005 0 0 0.4 0 0 0 0.8 0 0 0.6000000000000001 0 0 0 0 1.2000000000000002 0.2 0 0 0.6000000000000001 0.6000000000000001 0.6000000000000001 0 0 0 0.4 0.4 0.6000000000000001 0.2 0 0 0 0 0.6000000000000001 0 0 0 0 0 0 0 2.8000000000000003 0.6000000000000001 2.8000000000000003 0.2 0.4 2.8000000000000003 8 2.8000000000000003 2.6 13.600000000000001 0 0 5 3 1.8 6.4 0.4 0 2.4000000000000004 0.4 0 0 0 0 0 0 0 0 0 0 0 0 0 2.2 0 0 0 0 0 0 0 0.4 2.8000000000000003 0 0 0 0 0 0 0 0 0 0 0 0 0 0 0 1 0 0.4 0 0 0 0 0 0 0 0 0 0 0 0 0 0 0 0 0 0 5 11.4 9.4 3.6 0 0 4.800000000000001 0 3.4000000000000004 0 9.4 8.6 4.4 4 0 3 0 6.6000000000000005 2.6 2.2 0 0 0 0 0 0 0 0 0 0 0 0 3.4000000000000004 0 0 0 0.4 0 0 0 0 0 0 0 0 0 0 0 0 0 0 0 0 0 0 0 0 0 0 3.8000000000000003 0 0 0 0 0.2 0 0 0 0 0 0 0 0 0 0 0.6000000000000001 0 0.2 0 0 0 1.2000000000000002 0 0 0 0 0 0.2 0.2 0 0 2 0 0 0 0 0 0 0 0 0 0 0 0 0 0 0 0 0 0 0 0 0 0 0 3.8000000000000003 0 0 0 0 0 0 0 0 0 0 0 0 0 0 
 15.600000000000001 32.4 59 31.6 57.6 19 14 21.6 0 66.60000000000001 40.800000000000004 75.2 68.2 58.6 102.4 137 8.6 8.200000000000001 15.8 18.6 0 0.6000000000000001 0 0 0 0 0 0 0.4 0.6000000000000001 0 0 0.6000000000000001 0 0 0 0 0 15 16.6 0 0 0 0.4 0 0 0 0.4 0 0 0.6000000000000001 0 0 0 0 0.8 0 0 0 0.4 0.6000000000000001 0.6000000000000001 0 0 9.8 0 0.2 0.6000000000000001 0.4 0 5.2 0 0 0.4 0 0 0 0 7.2 0 10.600000000000001 2.8000000000000003 6 0 4.4 0.2 1.8 5.800000000000001 1.8 2.2 0 3 0 2.4000000000000004 0 3 2 1.8 0 0 0 8.200000000000001 0 0 0 0 0.2 0 0 0 0 0 0 0 0 0 0 0 5 1.6 0 0 0 0 0 0 0 0 0 0 2 0 0 0 0 0 0 0 0 0 0 0 0 0 0 0 0 0 0 0 0 0 0 0 0 0 0 0 0 0 5.4 0 2 3.2 7.6000000000000005 0 0 2.6 2 3.2 0 0 2.8000000000000003 0 0 0 0 4.800000000000001 0 2 6.800000000000001 0 0 0 0 0 2.4000000000000004 1.6 0 0 0 0 0 11.8 0 1.4000000000000001 0.2 0 0.2 0 0 0 0 0 0 0 0 0 0 0 0 0 1.8 0 0 0 0 0 0 0 0 0 0 1.4000000000000001 0 0 0 0 0 0 0 0 0 0 0 0 0 0 0 0 0 0 0 0 0 0.4 1.6 0 0 0 6.4 1.6 0 0 0 0 0 0 0 0 0 0 2.4000000000000004 0 0 0 0 0 0 0 0 0 0 0 0 2.8000000000000003 0 1.8 0 0 0 0 0 0 0 0 0 0 0 0 
 4.6000000000000005 13.200000000000001 16.6 20.200000000000003 22 18 27.200000000000003 30.200000000000003 66.60000000000001 0 72.8 45.800000000000004 52.2 33 35.6 41.2 27.6 91 29.8 69 0.6000000000000001 0.6000000000000001 0 0 0 14.600000000000001 0 1 0.4 0.6000000000000001 0 0.4 0.6000000000000001 0 0 0 0 0 0 16 0 0 0 0.4 0 0 0 0.4 0.4 0 0.6000000000000001 0 0 0 12.8 1.2000000000000002 0 0 0 0 0.4 9.200000000000001 0 0 0 0 1.4000000000000001 0.4 0 0 0 0 0 0.6000000000000001 0 0 0 0 0 0 0 3.4000000000000004 0 9.4 0 0 0.6000000000000001 0 2.8000000000000003 8.6 3 6.800000000000001 1.4000000000000001 3.4000000000000004 5.800000000000001 13 2.6 0 0 2.4000000000000004 0 4.4 0 0 0 0.2 0 0 0 0 0.4 0 0 0 0 0 0 0 3 0 0 0 0 0 0 0.2 0 0 0 0 0 0 0 0 0 0 0 0 0 0 0 0 2 0 0 0 0 0 0 0 0 0 0 0 0 0 0 0 0.4 9 0 2.8000000000000003 9.600000000000001 0.2 3.6 0 0 5 3.4000000000000004 3.8000000000000003 5.6000000000000005 5.4 0 2 0.2 1.6 2.2 4.800000000000001 3 0 2.6 0 0.4 0 0 0 0 0 0 0 0 0 0 4 0 0.4 0 0 2.4000000000000004 0 0 0 0.4 0 0 0 0.2 0 0 0 0 0 0 0 0 0 3.6 0 0 0 0 3.8000000000000003 0 0 0 0 0 0 0 0 0 0 0 0 0 0 0 0 0 0 0 1.2000000000000002 0 0 0 0 1 0.6000000000000001 0.2 0.8 0 0.4 0 0 0 0 0 0 0 0 0 0 0 0 0 0 0 0 0 0 0 0 0 0 0 6.2 1 1.8 0 0 0 0 0 0 0 0 0 0 0 0 
 6.800000000000001 5.6000000000000005 11.200000000000001 60.2 79.80000000000001 34.6 8.4 25 40.800000000000004 72.8 0 12.600000000000001 6.800000000000001 10.4 29.200000000000003 77.2 45.2 30.400000000000002 9 30.200000000000003 0.2 0.6000000000000001 0 0 0 0 15.200000000000001 26.200000000000003 0 0.6000000000000001 0 0.4 1.2000000000000002 15 0 0 0 0 15.4 29 0 0 0 0.4 0 0 0.2 0.4 0 0 0.6000000000000001 0 0 0 0 5 0 0 0 0 0.6000000000000001 0.6000000000000001 0 0 0 0 0 1 0.2 0 0 0 0 0.6000000000000001 0 0 0.2 0 0 0 3.2 0 3.8000000000000003 5.800000000000001 0 2.8000000000000003 0.2 2.8000000000000003 7.2 2.8000000000000003 1.6 7 0 0 0.4 3.8000000000000003 5.800000000000001 4 0 0 0 4.4 0 0 0 0 0 3 0.2 0 0 0 0.6000000000000001 3 0 0 0 0 5 0 2.8000000000000003 0 0 0 0 0 0.4 0 0 0 0 0 0 0 0 0 0 0 0 0 0 0 0 0 0 0 0 0 0 0 0 0 0 0 0 0 0 0 0 0 0.6000000000000001 0 2.2 0 3 0.4 0 0.2 6.2 6.6000000000000005 0 0.2 0 2.8000000000000003 0.2 0.4 2.4000000000000004 7.6000000000000005 0.2 0 4.2 1.6 0 0 0.4 0 0 3.6 0 0.4 0 0 0 2.8000000000000003 0 3 0 3.8000000000000003 13.4 2 0 0 0 0 0 3.2 0 4.800000000000001 0 0 0 0 0 0.4 0 0 0 0 0 0 0 0 0 0 0 0 0 0 0 0 0 0 0 0 0 0 0 0 0 0 0 1 0 0 0 0 18.8 0 0.8 1.2000000000000002 2.4000000000000004 0.4 2.6 0 0 0 0 0 0 0 0 0 3.4000000000000004 0 0 0 0 0 0 0 0 0 0 0 0 0 3.4000000000000004 1 0 0 0 0 0 0 0 0 0 0 0 0 
 19.8 10 47.800000000000004 44.2 42.400000000000006 40.800000000000004 23.400000000000002 11 75.2 45.800000000000004 12.600000000000001 0 6.2 12 28.6 10.4 24 54.400000000000006 12 17.8 0 0.6000000000000001 0 0 0 0 14.8 0.2 0 0.8 15.200000000000001 0.4 15.4 29.6 0 0 0.4 15 0 15.600000000000001 0 0 0 0.4 0.8 0 0 0.4 0 0 0.6000000000000001 0.2 0 0 0 0.6000000000000001 0 0 0 0 0.4 0.6000000000000001 0 0 0 0.2 0 0.4 0 0 0 0 0 0.6000000000000001 0 0 0 0 0 0.6000000000000001 0 2.8000000000000003 0 4.800000000000001 4.2 2.2 0 2.8000000000000003 1.2000000000000002 7.6000000000000005 3 3 0 5 0 2 0 2.8000000000000003 4.6000000000000005 0 0 9.4 2.6 0 0.4 0 2 0 0 2.2 0 0 3.2 2.2 0 2.6 2.2 0 3.4000000000000004 0 0 0.4 0 0 0 0 0 0 0 0 0 3.8000000000000003 0.2 0 0.2 0 0 0 0 0 0 0 0 0 0 0 0 0 0 0 0 0 0 0 0 0 0 0 0 0 0 0 2.6 1.6 2.2 4.4 0 3.4000000000000004 1.6 3.2 4 2 0 0 1.6 4.6000000000000005 2.2 0 0 0 0 0 3 0 0 0 0 4 4.800000000000001 3 0 0 1.4000000000000001 1.4000000000000001 6.2 0 8 0 4.800000000000001 9 0 0 0 0 0 0 0 0.4 0 0 0 0 0 0 2.2 0 0 0 0 0 0 0 0 0 0 0 0 0 0 0 0 0 0 0 0 0 0 0 0 0 0 0 0 0 0 0 17.6 0.4 17.8 0 0 0 0 0 0.4 0 0 0 0 0 0 0 0 0 0 0 0 0 0 0 0 0 0 0 0 2.2 2 0 0 0 0 0 0 0 0 0 0 0 0 0 
 29.8 5.4 31.400000000000002 60 21.200000000000003 6.800000000000001 64.60000000000001 21.6 68.2 52.2 6.800000000000001 6.2 0 37.2 11 11.8 9.600000000000001 8.8 21.6 45.800000000000004 0.4 0.6000000000000001 0 0.6000000000000001 0 0 0 0 0.2 1.2000000000000002 0.6000000000000001 0.4 0.6000000000000001 0 0.8 0 0.4 15.8 0 0 0 0 1.6 0.4 0 0.6000000000000001 0 0.4 0 0 0.6000000000000001 0.4 0 0 0.2 1.2000000000000002 0.6000000000000001 0 0 0 0.6000000000000001 1 0.6000000000000001 0 0.2 0 0 1.2000000000000002 0.4 0.6000000000000001 0.6000000000000001 0 0 0.4 0 0 0 0 0.2 0 0.6000000000000001 4.6000000000000005 0 4 0 0 3.8000000000000003 0 1.2000000000000002 2.8000000000000003 0 2 4.800000000000001 2.8000000000000003 4.6000000000000005 2.6 0 0 10.4 3 0 0 0 3.4000000000000004 0 0 0 0 0 0 0 0 0 0 0 0 0 0 0 0 0 0 0 0 0 0 0 0 0 0 0 0 0 0.2 0 0 0 0 0 0 0.2 0 0 0 0 0 0 0 0 0 0 0 0 0 0 0 0 0.2 0 0 1.8 0 0 1.8 0 0 5.800000000000001 2.8000000000000003 0 0 0 11.4 2.8000000000000003 9.8 0 2.8000000000000003 0 0 0 1.8 0 0 0 0 0 0 0 0.2 0 0 0 0 0 0 0 0.4 0 0 0 0 0 0 0 1.2000000000000002 0 0 0 0 0 1.8 0 0 0.2 0 0 0 0 0 0 0 0 0 0 0 0 0 0 0 0 0 0.2 0 0 0 0 0 0 0 0 0 0 0.2 0.8 0 0 0 0.2 0.2 21.200000000000003 0 0 1 0 0 0 0 0 0 0 0 0 0 0 0 0.4 0 0 0 0 0 0 0 0 0 0 0 2.6 0 0 0 0 0 0 0 0 0 0 0 0 0 
 47.800000000000004 29 42 29.6 15 6.800000000000001 17 66.4 58.6 33 10.4 12 37.2 0 43 72.4 29.200000000000003 8.6 16.8 101.60000000000001 0 0.6000000000000001 0 0.4 0 0.2 0 0 0.2 0.6000000000000001 0 0.4 0.6000000000000001 0 0 0 0 0 0 0 0 0 12.200000000000001 0.4 0 0 0 0.4 0.6000000000000001 0 0.6000000000000001 0 0.4 0 0 2.6 0 0 0 0 0.6000000000000001 0.6000000000000001 0 0 0 0 0 0.6000000000000001 0.6000000000000001 0 0 0 0 0.4 0 0 0 9.8 0.4 0 3.4000000000000004 3.2 5.6000000000000005 0.6000000000000001 4.2 3.4000000000000004 2 9.8 2.4000000000000004 0 1.6 7.2 2.8000000000000003 3.6 5.2 6.800000000000001 2.6 4.6000000000000005 0 5.6000000000000005 0 5.800000000000001 0 0 0 0 0 0 0 0 0 0 1.8 0 0 0 0 0 0.2 0 0 0 0 0 0 0 0 0 0.2 0 0 0 0 0 0 0.2 0 0.2 0 0 0 0 0.4 0 0 0 0 0 0 0 0 0 0 3.2 0 0 0 0 0 0 4 4 3.4000000000000004 0 0 0 3.6 1.8 3.4000000000000004 0.4 0 0.2 2.4000000000000004 3 0.4 0 1.2000000000000002 3.4000000000000004 0 7.800000000000001 0 0 0 0 0 0 0 0 0 0 0 0 0 0 0 0 4 0 0 1.8 0 0 0 0 0 0 0 0 0.4 0 0 0 0 0 0 0 0 0 0 0 0 0 0 0 0 0 0 0 0 0 0 0 0 0 1.6 0 0 0 0 0 0 0 0 0 0 0.4 0.2 0 0 0 0 2.2 0 0 0 0 0 0 0 0 0 0 4.2 0 0 0 0 0 0 0 0 0 0 0 0 0.2 0 0 0 0 0 0 0 0 0 0.4 0 0 0 0 
 23.8 11.600000000000001 30 12.200000000000001 55.2 8.6 8.200000000000001 28 102.4 35.6 29.200000000000003 28.6 11 43 0 78.80000000000001 6.2 52.800000000000004 17 41.800000000000004 0 0.6000000000000001 0 22 0 0.4 0 0 0.2 1.2000000000000002 0.4 0.4 15.600000000000001 0 0 0 0 14.8 0.2 0 0 0 1.2000000000000002 0.4 0 0 0 0.4 0 0 0.6000000000000001 0 0 0 0 0.6000000000000001 0 0 0 0 0.4 0.6000000000000001 0 0 10 0 1 0.4 0 0 2.6 0 0 0.6000000000000001 0 0 0 0.4 0 0 9 0.2 8.4 2.6 0 0 0.4 1.8 0.6000000000000001 6.800000000000001 0 5.6000000000000005 0.2 15 6.4 0 0.2 0 14.200000000000001 0 0 0 0 0 0 0 0 1.2000000000000002 0 0 0 0 1 0 0 0 0 0 0 0 0 0 0 0 0 0 0 0 0 0 0 0 0 0 0 0 0 0 1.4000000000000001 0 0 0 0 0 0 0 0 0 0 0 0 0 0 2 0 0 0 0 0 0 11.4 0.2 1.8 1.8 4.800000000000001 0 2.2 2.8000000000000003 0 5.2 0 0.2 0 0 0.2 2 3.2 0.2 0 6.4 0.4 0 0 0 0 0 0.2 0 0 0 0 0 0 2.8000000000000003 0 0 0 5.2 1 1.6 0.2 0 0 0 0 0 0 0 0 0 0 0 0 0 0 0 0 0 0 0 0 0 0 0 0 0 0 0 0 0 0 0 0 0 0 0 0 0 0 0 0 0.2 0 0 0 0 0.4 0 0.2 0.2 2.6 0.6000000000000001 0 0 0 0 0 0 0 0 0 0 0 0 0 0 0 0 0 0 0 0 0 0 0 3.2 2.2 0.2 0 0 0 0 0 0 0 0 0 0 0 0 
 87.2 46.2 38.6 50 17 13 54.2 27.400000000000002 137 41.2 77.2 10.4 11.8 72.4 78.80000000000001 0 36.4 51.400000000000006 9 55.800000000000004 0 0.6000000000000001 0 0 0 0.2 0 0 0.2 0.6000000000000001 0 0.4 0.6000000000000001 0 0 0 0 0 0.2 0 0 0 0.2 0.4 0 0 0 0.4 0 0 0.6000000000000001 0 0 0 0 1.6 0 0 0 0 0.6000000000000001 0.6000000000000001 0 0 0 0 4.6000000000000005 0.6000000000000001 0.4 0 0 0 0 0.4 0 0 0 0 0.2 0 0 7.6000000000000005 8.6 2 7.2 0 0 2.2 9.8 4 2.4000000000000004 2 0 0.2 4 6.2 15 2.6 0 1.8 0 0 0 0 0 0 3.4000000000000004 0 0 0 0 0 2.6 0 0 0 0 0 5.4 0 0 0 0 0 0 0 0 0 0 0 0 0.4 0 0 0 0 0 0.2 0 0 0 0 0.4 0 0 0 0 0 0 0 0 0 0 0 0 0 0.2 0 0 0 3.8000000000000003 4 2.6 2.4000000000000004 3.4000000000000004 1.8 1.8 2.6 7.4 2.2 2.4000000000000004 3.2 0 0 0 2.8000000000000003 0 11.200000000000001 2.4000000000000004 0 2.2 0 0 0 0 0.4 0.4 2.6 0 5.2 0 0 0 0 0 0 0 0 4 0 0 0 3.4000000000000004 0 0 0 1.6 0 0.4 0 0 0 0 0 0 0 0 0 0 0 0 0 0 0 0 0 0.4 0 0 0 0 0 0 0 0 0 0 0 0 0 0 0 0 0 0 0.2 0 0.4 0.4 11.200000000000001 0 0 0 0 0 0 0 0 0 0 0 0 5.2 0 0 0 0 0 0 0 0 0 0 0 0 3.8000000000000003 2.2 0 0 0 0 0 0 0 0 0.4 0 0 0 0 
 104 39 108.60000000000001 26 11 81.2 6.6000000000000005 50.6 8.6 27.6 45.2 24 9.600000000000001 29.200000000000003 6.2 36.4 0 32.4 25.200000000000003 23.200000000000003 0.6000000000000001 1.6 0 0 0 0.4 15 0 0 0.6000000000000001 0 0.4 7.6000000000000005 0 0.6000000000000001 0.6000000000000001 0.6000000000000001 0 17.6 0 0.6000000000000001 20.6 0.4 0.4 0.4 0 1.2000000000000002 0.8 0 0 1 0 0 0.6000000000000001 0 2.4000000000000004 0 1 0 0 1 0.6000000000000001 0.4 0 2.4000000000000004 0.2 0 1.2000000000000002 0.8 0.4 0 0 1 0.4 0.6000000000000001 0 0 1 0.6000000000000001 0.2 0 2.8000000000000003 7.2 2.2 1.6 0 0 4.6000000000000005 5.800000000000001 6.800000000000001 7.2 4.2 0 0 2.4000000000000004 2.6 10.4 3.2 0 2 0.4 0.2 0 0 0 0 0 1.2000000000000002 0 0 0 0 0 0 0 0 0 0 2 0 0 0 0 0 0 0 0 0 0 0 0 1.4000000000000001 0 0 0 0 0 0 0 0 0 0.4 0 0 0 0 0 0 0 0 0 0 0 0 0 0 0 0 0 0 10.8 4.6000000000000005 5 3 0 2.2 4.4 0 1.8 0 2 2 3.4000000000000004 6.6000000000000005 0.4 3 0.6000000000000001 5.4 0 2.6 2.8000000000000003 1.4000000000000001 0 0 0 0 1.6 1.2000000000000002 0 0 0 0 0 0 0.4 0 0.4 0 4.4 3 0 0 0 0 0 0.2 0 0 0 0 0 0 0 0 0 0 0 0 0 0 0 0 0 0 0.4 0 0 0 0 0 0 0 0 0 0 0 0 0.4 0 0 0 0.8 0 0 0 0 0.2 0 0.2 9.4 0.4 0.6000000000000001 1.4000000000000001 0 0 0 0 0 0 0 0 0 2.6 0 0 0 0 0 0 0 0 0 0 0 0 0 0 0 0 0 0 0 0 0 0 0 0 0 0 0 
 9.8 52.2 24.200000000000003 30.8 26.6 23 7 28.8 8.200000000000001 91 30.400000000000002 54.400000000000006 8.8 8.6 52.800000000000004 51.400000000000006 32.4 0 8.200000000000001 27.6 0.4 0.6000000000000001 0 0.4 0 0 16 0 0.2 0.6000000000000001 0.4 0.4 16 0 0 0 0.2 0 15.8 14.8 0.6000000000000001 0 0 0.4 0 0 0 1 0 0 1.4000000000000001 0.2 0 4.6000000000000005 0 0.8 0 0 0 0.6000000000000001 0.6000000000000001 0.6000000000000001 0 0 0 0 0 3.2 0.6000000000000001 0 0 0 0 0.4 0 0 0 0 1 1.2000000000000002 0 0 0 16.8 2.8000000000000003 1.8 2.2 0 4.800000000000001 4.4 0 9 0 0.8 3.6 3.6 4.6000000000000005 4.800000000000001 0 4.2 2 2.2 0 0 0 0 2.2 0 0 0 0 0 0.4 0 0 0 0 0 3 0 0 0 0 0 0 0.2 3.4000000000000004 0 0 0 0 5.4 0 0 0 0 0 0.2 0 0 0 0 0.4 0 0 0 0 0 0 0 0 0 0 0 0 0 0.2 0 0 0 0 2.2 4.4 6.4 6.800000000000001 3.4000000000000004 0 0.2 3.6 1 0 0.6000000000000001 0 3.2 6.800000000000001 8.8 4.800000000000001 2 2.4000000000000004 0 2 0 0 0 0 0.4 6.4 0 0.2 2.2 0 0 0 1.8 0 0 2.4000000000000004 0 0 1.6 0 0 0.4 0 0 0 0 0 0.4 0 0 0 0 0 0 0 0 0 0 0 3.2 0 0 0 0 0 0.4 0 0 0 0 0 0 0 0 0 0 0 0 0 0 1 0 0 0 0.6000000000000001 0.4 0 0.2 37.2 0 0 0 0 0.2 0 0 0 0 0 0 0 0 0 0 0 0 0 0 0 0 0 0 0 0 2.8000000000000003 3.8000000000000003 1.8 0 0 0 0 0 0 0 0.4 0 0 0 0 
 10 26.8 48.400000000000006 61 18.6 12.200000000000001 13.4 33.2 15.8 29.8 9 12 21.6 16.8 17 9 25.200000000000003 8.200000000000001 0 31.200000000000003 0.6000000000000001 0.6000000000000001 0 0 0.4 0 0 0.8 0.4 1 0 0.4 1 0 0 0.6000000000000001 0.6000000000000001 0 1 0.4 1.2000000000000002 0.6000000000000001 0.4 0.4 0 1.2000000000000002 0.6000000000000001 0.4 0 0 1.8 0.4 0 0 0 0.6000000000000001 0.8 0.8 0 0 1 0.6000000000000001 0 0 0.8 0.8 0.4 1 0.6000000000000001 0 1.2000000000000002 0.8 0 1 0.6000000000000001 0.2 0 3.6 0.2 0 0 0 0 0 0 0 0.2 3 0 0 1.4000000000000001 0 0 0 1.2000000000000002 0 0 0 0.2 0 0 0 0 0 0 0 0 0 0 0.2 0 0 0 0 0 0 0 0 0 0 0 0 0 0 1.8 0 0 0 0.2 0 0.4 0 0 0 0 0 0 0 0 0 0 0.2 0 0 0 0 0 0 0 0 0 0 0 0 0 0 0 0 0 0 2.2 4 0 0 0 0 2 0 0 0 0 0 2.2 0 0.8 0 0.8 0 0 8.6 0 0 0 0 0 0 0 0 0 0 0 0 0 1.8 0 0 0 0 0 0 0.4 0 0 0 0.4 0 0 0 0 0 0 0 0 0 0 0 0 2.2 0 0 0 0 0 0 0 0 0 0 0 0 0 0.4 0 0 0.4 0 0 0 0 0 0 0 0 0 0 0 0.4 0 0 0.2 0 0.2 0 0 0 0 0 0 0 0 0 0 0 0 0 3.2 0 0 0 0 0 0 0 0 0 0 0 0 0 0 0 0 0 0 0 0 0 0 0 0.2 
 9.4 57.400000000000006 52.800000000000004 30.6 12.200000000000001 7 101.60000000000001 46 18.6 69 30.200000000000003 17.8 45.800000000000004 101.60000000000001 41.800000000000004 55.800000000000004 23.200000000000003 27.6 31.200000000000003 0 0 0.6000000000000001 0 0 0 0 0 0 0.8 0.6000000000000001 0 0.4 0.6000000000000001 0 0 0.2 0 0 0 0 0 0 0 0.4 0 0 0 0.4 0 0 0.6000000000000001 0 0 0 0 1.6 0 0 0 0 0.6000000000000001 11.200000000000001 0 0 0 0 0.4 0.6000000000000001 0.4 0 0 0.4 0 0.4 0 0 0 0 0.2 0 0 5 0.2 4.4 0 0.4 1.8 6.2 6 5 2.8000000000000003 0 0 9 2.4000000000000004 12.8 3.6 0 3.8000000000000003 2.6 0 0 0 0 0 0 0 0 0.4 0 0 0 0.2 0 0 0 0 0 0 0 0 0 0 0 0 0 0.2 0 0 0 0 0 0 0 0 0 0 0 0 0 0 0 0 0 0 0 0 0 1 0 0 0 0 0 0 0 0 0 0 0 0.2 4.6000000000000005 5.6000000000000005 0 0 0 0 2.2 4.6000000000000005 0.2 2.6 9 0 4.2 0 1.8 0 7.6000000000000005 4 2.2 0 0 0 0 0.2 0 0 0 0.4 0 0 0 0 0.2 0 0 0 0 0 0 0 0 0 0 0 0 0 0 0 0 4.2 0 0 0.2 0 0 0.4 3 0 0 0 0 0 0 0 0 0 0 0 0 0 0 0 0 0 0 0 0 0 0 0 2 0 0 0 0.2 0 0.2 17.2 0.2 0 0.4 0 0 0 0 0 0 0 0 0 0 0.2 0 0 0 0 0 0 0 0 0 0 0 0 3 1.8 0 0 0 0 0 0 0 0 0 0 0 0 0 
 0 0 1 0 0 0 0.4 0 0 0.6000000000000001 0.2 0 0.4 0 0 0 0.6000000000000001 0.4 0.6000000000000001 0 0 64.4 59.2 90 10 14.4 45 24.400000000000002 21.200000000000003 71.2 17.400000000000002 24.8 12 24 57.800000000000004 27 65.8 22.8 25.400000000000002 32.6 0 0 0 13 0 0 0.2 0.4 13 0 0 0 0.8 0.2 0 0.6000000000000001 0 0.6000000000000001 10.200000000000001 0 0 0 0 0.4 0 0 0.4 0.6000000000000001 0 0 0.6000000000000001 0 0 0 0.6000000000000001 0 0 0 0.4 0 0 0 0 0.2 0 0 0 0 0 0 0 0 0 0 0 0 0 0 0 0 3.2 4.2 6 0 4 11 4 0 18.400000000000002 0 15.200000000000001 2.8000000000000003 2.6 2 5 5 5.6000000000000005 1.8 0 13.4 0 0 0 0 0 0 4.2 0 0 0 0 0 3.8000000000000003 0 0 0 0 0.2 1.6 0.2 0 1.2000000000000002 0 0 0 0 0 0 0 0 0 0 0 0 0 0.6000000000000001 0 0 0 0 4.6000000000000005 2.4000000000000004 0 0 0 2.4000000000000004 0.4 0 0 0 0 0 1.4000000000000001 0 0 0 0 0 0 0.2 4.800000000000001 4.2 1.8 6.6000000000000005 0 0.2 0 3.8000000000000003 0.2 3.6 5.800000000000001 2 0 3.4000000000000004 0 7.4 0 3.8000000000000003 0 0 0 0 0 0 1.8 0 1.4000000000000001 0 0 0 0 0 3.6 0 0 5.6000000000000005 0 0 1.6 0.2 0 0 0 0 0 0 0 0.2 0 0 0 0.4 0.4 0 0 0 0 0 0 0 0 0 0 0 0 0 0 0 0 0 0 0 0 0 0.8 0 0.4 31.8 0 0 0 0 0 0 0 0 3.8000000000000003 0 0 0 0 0 0 0 0 0 0 0.2 0 0 0 3.6 0 0 0 3 0 0 0 0 
 0.6000000000000001 0.6000000000000001 0.6000000000000001 0.6000000000000001 15.600000000000001 0.6000000000000001 0.6000000000000001 0.6000000000000001 0.6000000000000001 0.6000000000000001 0.6000000000000001 0.6000000000000001 0.6000000000000001 0.6000000000000001 0.6000000000000001 0.6000000000000001 1.6 0.6000000000000001 0.6000000000000001 0.6000000000000001 64.4 0 31.400000000000002 159.8 34.4 64.60000000000001 9.8 34 8.4 7.800000000000001 58 7.800000000000001 66.8 21.8 64.4 27.6 4.2 22.400000000000002 24.8 26 0 0 0 41.2 0.2 0 0.4 0.4 0 0 0 0.4 10.600000000000001 1.4000000000000001 40.800000000000004 41.400000000000006 0 1.4000000000000001 0 0.6000000000000001 0 0 0 0.4 0 0 0.4 0.6000000000000001 0 0 0.8 0 0 0 0.6000000000000001 0 0 0 0.4 0 0 0 0 0 0 0 0 0 0 0 0 0 0 0 0 0 0 0 0 0 8 2.4000000000000004 2.6 3.6 3.2 0 2.6 3.4000000000000004 2.6 7.2 0.4 2.6 0 2.6 4.2 3.2 2.2 3.8000000000000003 0 10.200000000000001 0 0 0 0 0 0 3.8000000000000003 0 0 0 0 0 8.4 0 2.6 0.2 4.6000000000000005 0 3.8000000000000003 0 0 0 0 0 0.6000000000000001 0 0 0 0 0 0 0 0 0 0 7.6000000000000005 0 0.2 0 0 0 0.8 0 0 1.2000000000000002 0 0 0 0 0 0 0 1.2000000000000002 1 0 0 0 0 0 0 7 2 7.4 0 4.2 2.4000000000000004 4.6000000000000005 2 11.8 5 0.4 8.6 1.4000000000000001 0 6 5 4.4 2.4000000000000004 0 1.8 0 0 0 0 0 3 0 0.4 0 0 0 0 5.2 0 0 0 0 0 3 0 0 0 0 0 0 0 0 0 0 0 2.6 0 0 0 0 0 1.4000000000000001 0 0 0 0 0 0 0 0 0 0 0 0 0 0 0 0 0 1.2000000000000002 0 0 31 21 0 0.8 4.4 0 0 0 0 0 0 0 0 0 0 0 0 0 0 0 0 0 2.4000000000000004 0 2.8000000000000003 0 0 0 0 0 0 0 0 
 0.6000000000000001 0 0.6000000000000001 0.4 0 0 0.6000000000000001 0 0 0 0 0 0 0 0 0 0 0 0 0 59.2 31.400000000000002 0 30.6 26 41.400000000000006 37.800000000000004 47.6 27.400000000000002 58.2 88.2 36.2 18.400000000000002 49 39.400000000000006 41.800000000000004 16.6 10.8 7 10.600000000000001 0 0 0 5.800000000000001 0 0.2 0.4 0.4 0 0.8 0 1 0.8 0 0 0.6000000000000001 0.8 6.4 0 0 1.4000000000000001 0 2.2 0.6000000000000001 0 0 1.6 1.8 1.2000000000000002 0 1.8 0 0 0 0.6000000000000001 0 0 0 0.4 0 0 0 0 0.2 0 0 0 0 0 0 0 0 0 0 0 0 0 0 0 0 2.8000000000000003 3 4.800000000000001 5.2 3 1.6 3 0 13.4 0 2.4000000000000004 10.4 0 1.8 15.200000000000001 3.6 5.6000000000000005 4.2 0 0 0 0 0 0 0 0 2.2 0 0 0 0 0 1.4000000000000001 0 0 0 0 0 9.4 2 0 0 0 0 0 0 0 0 0 0 0 0 0 0 0 0 0 0 0 0 0 0.8 0 8.200000000000001 0 0 0 0 0 0 0 2.6 0 0 0 0 0 0 0 0 0 1.4000000000000001 12.200000000000001 0 7.4 0 7.6000000000000005 0 3.8000000000000003 5.6000000000000005 2.4000000000000004 1.2000000000000002 0 0 3.8000000000000003 4 0.8 4.4 0 0 0 0 0 0 0 0 0 0 0 0 0 0 12.200000000000001 0 0 2.6 0 0 0.8 3.6 0 0 0 0 0 0 0 0 0 0 0 0 0 0 0 0 0 0 0 0 0 0 0 0 0 0 0 0 0 0 0 0 0 0 1.4000000000000001 0 0 1.4000000000000001 0 0 20.200000000000003 0 0 0 0 0 0 0 0 0 0 0 0 0 0 0 0 0 0 0 0 0 0 0 0 1.6 0 0 0 0 
 0 0 0 0 0 0 0 0 0 0 0 0 0.6000000000000001 0.4 22 0 0 0.4 0 0 90 159.8 30.6 0 24.8 79.80000000000001 9 48.400000000000006 16.8 79.4 71.4 24.6 44.6 61.6 59 61.6 25.8 18.8 27 16 0 0 0 0 0 0 0.6000000000000001 0.4 0 4 0 0 12.8 0 0 0.6000000000000001 0 0.6000000000000001 0 5.2 0 0 0 0.6000000000000001 0 0 0.6000000000000001 0.6000000000000001 0 0 0.6000000000000001 0.4 0 0 1.2000000000000002 0 0 0 0.4 0 0 0 0 0 0 0 0 0 0 0 0 0 0 0 0 0 0 0 0 0 1.8 2 4 5.4 6.2 0.4 0 3 1 7.4 2.2 6.6000000000000005 0 0 0 2.2 9 7.6000000000000005 0 3.4000000000000004 0 0 0 0 0 0 2.8000000000000003 0 0 0 0 0 2.4000000000000004 0 2.4000000000000004 0 3 0 4.2 0 0 0 0 0 0 0 0 0 0 0 0 0 0.4 0 0 0.2 0 0 0 0 0 4.2 0 0 0 0.4 0 0 0 0 0 0 0.8 0 0 0 0 0 0 0.4 5 0 8.6 6.4 12.600000000000001 2.4000000000000004 0 0 6.2 10 7.6000000000000005 5 0 3.4000000000000004 7.2 7.2 0.8 4.6000000000000005 0 0 0 0.4 0 0 0 0 1.2000000000000002 2.8000000000000003 0 0.2 0 0 11.600000000000001 0 0 0 0 0 2.8000000000000003 2.4000000000000004 0 0 0 0 0 0 0 0 0 0 0 0 0 0 0 0 0 0 0 0 0 0 0 0 0 0 0 0 0 0 0 0 0 0 6 0.4 0 1.2000000000000002 0.4 0.4 0.8 3.2 0 0 0 0 0 0 0 0 0 0 0 0 0 0 0 0 0 0 0 3.4000000000000004 0 0 0 0 0 0 0 0 
 0 0 0.6000000000000001 0 0.4 0.4 0 0 0 0 0 0 0 0 0 0 0 0 0.4 0 10 34.4 26 24.8 0 77 7.800000000000001 13 20.400000000000002 37.800000000000004 19 35.4 15 13.600000000000001 34.800000000000004 78.2 27.6 8.8 15.600000000000001 14 4.2 13 0 0 0 0 40 0.4 0 0 2.2 0 31.400000000000002 4.2 0 0.6000000000000001 0 0.6000000000000001 0 14.4 0 0 0 0.6000000000000001 1.2000000000000002 0 0.4 0.6000000000000001 0 0 1 0 0.4 0 1.2000000000000002 0 0 0 0.4 9.8 0 2 0 0 0 0 0 0 0 0 0 0 0 0 0 0 0 0 0 0 0 0 0 7.4 0.6000000000000001 8.8 0 1.6 3.6 3 1.4000000000000001 3.8000000000000003 0 0 0.8 0 1 1.4000000000000001 0 0 6.4 2.6 0 0 1.6 0 4.2 0 0.2 0 0 0 7.2 0 3.2 0 0 0 2 8.6 0 0 0 0 0 0 1.8 0 0 0 0 0 0 0 0 0 0 1.8 0 0 0 0.2 0 0 0 0 0 0 0 0 0 0 0.2 0 0 0 0 0 0 2.4000000000000004 0 2 2 1.4000000000000001 4.6000000000000005 1.8 0 0 0 0.2 0 1.4000000000000001 0 0 2.2 0 0 1.8 0 0 6.4 0 0.2 2 0 0 3 2.8000000000000003 0 1 0 0 2.8000000000000003 2.4000000000000004 1.6 1 0 0 6.6000000000000005 8.6 0 0 0 0 0 0 0 0 0 0 6.800000000000001 0 0 0 0 0 0 0 0 0 0 0 0.6000000000000001 0 0 0.2 0 0 0 0 0 0 0 0 4 0 0.6000000000000001 0.8 1 0 1 6.4 0 0 0 0 0 0 0 0 0 0 0 0 0 0 0 0 0 0 0 2 0 0 0 0 0 0 0 0 
 0 0 0 0.4 0 0.4 0 0 0 14.600000000000001 0 0 0 0.2 0.4 0.2 0.4 0 0 0 14.4 64.60000000000001 41.400000000000006 79.80000000000001 77 0 26.200000000000003 15 24.400000000000002 17.2 35.800000000000004 18.6 24.6 63 68.8 24.8 30 12.8 11 11.600000000000001 0 6.800000000000001 13.4 0 0 0 12.600000000000001 0.4 0 0 0 0 25.6 0 0 0.6000000000000001 0 1 12.4 0 0 0 0.4 11 0.4 0.2 0.4 0.6000000000000001 0.4 0 0.6000000000000001 0 0 0 0.6000000000000001 0 0 0 0.6000000000000001 0 0 0 0 0 0 0 0 0 0 0 0 0 0 0 0 0 0 0 0 0 0 0 2.2 5.6000000000000005 5.800000000000001 3.8000000000000003 0 1.6 0 3.8000000000000003 2 3.2 0 0 0.2 1.4000000000000001 2 2.2 0.4 0 0 1.8 0.4 2.8000000000000003 0.2 0 9.8 4.6000000000000005 2.2 0 2.4000000000000004 0 0 0 8.200000000000001 0 0 1.4000000000000001 3.4000000000000004 0 0 0 3.2 0 0 0.2 0 0 0 0 0 0 0 0 0 0 0 0 0 0 0 2.8000000000000003 0 0 0 0 0 0 1.2000000000000002 0.2 0 0 0 0 0 0 0 0 0 0 0 1.2000000000000002 1.2000000000000002 10 2 0.2 0 0 3 1.8 0 7 0 2.8000000000000003 6 1.2000000000000002 1.2000000000000002 2.2 0 0 2.2 0 0.2 0.2 0 0 7.4 0 0.2 0 0 0 1.4000000000000001 0 0 2.8000000000000003 0 0 10.4 4.4 0 0 0 0 0.4 0 0 0 0 0 0 0 0 0.4 0 0 0 0 0 0 0 0 0 0 0 15.200000000000001 0 0 0 0 0 0 0 0 1.2000000000000002 0 0 1.8 0 0 0 4 0 0 0 0 0 0 0 0 0 0 0 0 0 0 0 0 0 0 0 6.2 0 0.2 0 0 2 0 0 0 
 0 0 0 0 0 0 0 0.2 0 0 15.200000000000001 14.8 0 0 0 0 15 16 0 0 45 9.8 37.800000000000004 9 7.800000000000001 26.200000000000003 0 30 28.200000000000003 27.400000000000002 20.8 19.400000000000002 48.2 5 8.6 6.800000000000001 17 3.8000000000000003 27.400000000000002 17.6 0 0 4.6000000000000005 1 0 0 0.2 0.4 0 0.2 0 0 0.6000000000000001 0 0 0.6000000000000001 0 0.6000000000000001 12.4 0 0.4 0 0 0.2 0 0.2 0.4 7.6000000000000005 0.4 0.4 0.6000000000000001 0 0 10.4 1 0 0 0.2 0.6000000000000001 0 0 0 0.2 0 6.6000000000000005 10.600000000000001 0 0 0 0.2 0 11.200000000000001 0 0 0 0 0 0.6000000000000001 0 0 3.4000000000000004 3.6 3.6 0.2 1.2000000000000002 0 8.200000000000001 0 3.6 2 0 2.8000000000000003 2 5.800000000000001 6.800000000000001 4.800000000000001 1.6 3.2 12.200000000000001 4.6000000000000005 0.4 0 0 0 0 0 0 3.6 0 0 0 0.2 0 0 0 0 0 0 0 0 0 1.4000000000000001 0 0 0 0 0 0 0 0 0 0 0 0 0 0 0 0 0 0 0.6000000000000001 0 0 3.4000000000000004 2.8000000000000003 5.4 0 0.2 0 1 1.8 0 0 0 0 0 0 0.6000000000000001 0 0 2.2 0 0.8 2.8000000000000003 0 0 4.4 0.8 0.2 4.2 3.2 0 0 3.2 0.2 1.6 3.6 0 0 2 0 0 0 0 0 0 0 0 0 0 0 0 0 0 0 3.4000000000000004 0 0 0.4 2 0 0 0 0 0 0 0 0 0 0 0 0 0 0 0 0 0 0 0 0 0 0 0 0 0 0 0 0 0 14.8 0 0 0.6000000000000001 0 2.2 0 0 0 0.2 0 0.4 0 0 0 0 0 0 0 0 0 0 0 0 0 0 0 0 0 0 0 0 2 0 0 0 0 0 0 0 0 
 0 0 0 0 32.6 0 0 0.4 0 1 26.200000000000003 0.2 0 0 0 0 0 0 0.8 0 24.400000000000002 34 47.6 48.400000000000006 13 15 30 0 13.4 17.400000000000002 15.4 6.4 45 27.6 27.400000000000002 10 35.800000000000004 20.400000000000002 52 37.6 13.600000000000001 0 0 0 0 0 0.4 0.4 0 0 0.4 0.4 0.8 0 0 0.6000000000000001 0 0.6000000000000001 0.8 0 0 0 0 0.6000000000000001 0.4 0 0.4 0.6000000000000001 0 0 1.2000000000000002 0 0.4 0 0.6000000000000001 0 0 0 0.4 0 0 0 0 0 0 0 0 0 0 0 0.2 0 0 0 0 0 0 0 0 0 2.4000000000000004 0.4 0.8 0.2 3.8000000000000003 8.8 2.4000000000000004 1.2000000000000002 2.6 0 2.8000000000000003 1.8 0 0 0.4 2.4000000000000004 12.600000000000001 1.2000000000000002 4.800000000000001 5 1.8 0 0 0.4 0 0.2 0 0 0 0 0 0 2 0 0 0 0 0 1.6 0 0 0.2 0 0 0 0 0 0 0 0 0.2 0 0 0 0.4 2.4000000000000004 0 0 0 0 0 1.2000000000000002 0 0 0 0.4 0 0 0 0 1.8 0 0.6000000000000001 0 0 0 0 1.8 0 0 5.800000000000001 4.2 0 7 3.4000000000000004 0.4 0 13.600000000000001 0 2.4000000000000004 3.4000000000000004 3.8000000000000003 4 8.200000000000001 0 7 0 8.200000000000001 2.8000000000000003 1.4000000000000001 0 0 0 0 0 0 0 0 0 0 0 0 1.4000000000000001 0 0 0 0 0 1.8 0.2 0 0 0 0 0.2 0 0 0 0.4 0 0 0 0 0 0 2.2 0 0 0 0 0 0 0 0 0 0 0 0 0 0 0 0 0 0 1.6 0 0 0 0 0 0.4 0.4 0 0 0 0 0 0 0 0 0 0.4 0 0 0 0 0 1.8 0 1.6 0 4 0 0 0 0 0 0 0 0 
 0.4 0 0.4 0 0 0 0.2 0.4 0.4 0.4 0 0 0.2 0.2 0.2 0.2 0 0.2 0.4 0.8 21.200000000000003 8.4 27.400000000000002 16.8 20.400000000000002 24.400000000000002 28.200000000000003 13.4 0 96.60000000000001 27 8.8 79.2 17.6 86.4 63.2 15.4 8.4 19.6 10.8 0 0 0 0 0 0 0.4 0.4 0 0 0.8 0 0.4 0 0 1 0 0.6000000000000001 0.8 0 0 0 0 0.6000000000000001 0.6000000000000001 2 1.6 0.6000000000000001 0 0 0.6000000000000001 0 0 0 0.6000000000000001 0 0 0 0.4 1.6 0 0 0.4 0 0 0 0 0 0 0 0 0.2 0 0 0.8 0 0 0 0 0 2.8000000000000003 2 7.6000000000000005 4.800000000000001 2.8000000000000003 2.4000000000000004 3.6 0 4.800000000000001 4.4 0.2 7.6000000000000005 0 0 4.2 6.6000000000000005 1.6 10 0 0 0 0 7.800000000000001 0 0.4 0 0 2.4000000000000004 0 0 0 0 1.2000000000000002 0 0 0 1.4000000000000001 0 0.4 2.2 0 0 0 0.4 0 0 0 0 0 0 0 0 0 0 2.8000000000000003 0 0 0 0 0.2 0 0 0.2 0 0.2 0 0.2 0.2 0 0 0 0 0 0.4 0 0 0 0.4 0 0 0 0 1.2000000000000002 2.6 6.800000000000001 9.8 4 0.2 3.4000000000000004 3.6 2.6 0.6000000000000001 0 0.2 0.2 0.2 0 3.6 0 0 0.2 0 0 0 0.2 0 0 2 0 0 0 0 5.800000000000001 2 0 2.6 0 0 0 2.4000000000000004 0 0 0 0 0 0 0 0 0 0.2 0 0 0 0 0 0 0 0 0 1.2000000000000002 0 0 0.4 0 0 0 0 0 0 0.2 0 0 0 0 2.2 0 0.4 0.2 0 0 0.4 0 0 0 0 0 0 0 0 0 0 0 0 0 0 0 0 0 0 0 0 0 0 0 0 0 2 0 0 0 
 0.6000000000000001 0.6000000000000001 0.6000000000000001 0.6000000000000001 0.6000000000000001 0.6000000000000001 1.6 0.6000000000000001 0.6000000000000001 0.6000000000000001 0.6000000000000001 0.8 1.2000000000000002 0.6000000000000001 1.2000000000000002 0.6000000000000001 0.6000000000000001 0.6000000000000001 1 0.6000000000000001 71.2 7.800000000000001 58.2 79.4 37.800000000000004 17.2 27.400000000000002 17.400000000000002 96.60000000000001 0 22 18.400000000000002 52.400000000000006 13.600000000000001 101.80000000000001 55 42.400000000000006 11 31 11.4 0 0 0 0.4 0 0.2 0.4 0.6000000000000001 0.4 0.4 0.8 0 0.6000000000000001 0.2 0 0.6000000000000001 13.200000000000001 0.8 0 0 0 0 0 0.4 0.4 0.8 1.6 1.8 1.2000000000000002 0 1.2000000000000002 0 0 0 1.6 0 0 0 0.4 0 0 0 0 0 0 0 0 0 0.2 0 0 0 0 0 0 0 0 0 0 0 2.4000000000000004 3 1.4000000000000001 2.4000000000000004 0.2 14.8 3.6 0.2 5.6000000000000005 2.4000000000000004 6.2 15.200000000000001 0 1.6 9.4 10.200000000000001 3 2.4000000000000004 0 2.6 0 0.2 2.4000000000000004 0 0 0 0.4 2.6 0 0 0 0 3.8000000000000003 0 0 0 1.8 0 1.6 3 0 0 0 0 0 0 0 0 0 0 0 0 0 0 0 0 0 0 0 0 0 1 0 0 0 0 0 0 0 0 0 0 0.2 0 0 0 0 2 0 0.2 3.6 2 3 0 0 7 2.4000000000000004 0 2.2 2 0 5 0 0 0 4.2 4.2 5.4 0 0.2 0.2 0 0 0.2 0 0 0 0 0 0 0 0 3.4000000000000004 0 0 2.8000000000000003 0 0 1.2000000000000002 2.2 0 0 0 0 0 0 0 0 0 0 0 0 0 0 0 0 0 2.6 0 0 0 0 0 0 0 0 0 0 0 0 0 0 0 0 2.8000000000000003 0 0 8.8 0 0 0.2 0 0 0 0 0 0 0 0 0 0 0 0 0 0 0 0 0 0 0 0 0 0 0 0 1 2.4000000000000004 0 0 0 
 0 0 0 0.6000000000000001 0 0 0 0 0 0 0 15.200000000000001 0.6000000000000001 0 0.4 0 0 0.4 0 0 17.400000000000002 58 88.2 71.4 19 35.800000000000004 20.8 15.4 27 22 0 15.8 8.200000000000001 27.8 82.60000000000001 53.6 72.2 37 23.400000000000002 43.2 0 0 0 0 0 0 0.4 0.4 0 0 0.6000000000000001 0 0.2 0.2 0 0.6000000000000001 0 0.6000000000000001 0.2 0 0 0 0 0.6000000000000001 0 1 0.4 0.6000000000000001 0 0 3.8000000000000003 0 0 0 0.6000000000000001 0 0.4 0 0.4 0 0 0 0 0 0 0 0 0 0 0 0 0 0 0 0 0 0 0 0 0 0 0.6000000000000001 3.8000000000000003 6 7 4.4 0.2 0 11.200000000000001 5.2 0.2 9.8 0 0 0 2.6 7 14.4 0.4 3.2 0 0 0 0 0 0 0 0 0 0 0 0 3.8000000000000003 0 0 0 0 0 7 0 0 0 0 0 0 0.2 0 0 0 0 0 0 0 0 0 0 0.2 0 0 0 0 4.6000000000000005 0 0 0 0 0 0 0 0 0 0 0 0 0 0.6000000000000001 0 0 0 0 7.800000000000001 0 4.800000000000001 5.2 8 0 6.4 0 14 10.8 4.800000000000001 2.2 0 2 12.600000000000001 7.4 1 6.2 0 0 0 0 0.2 0 0 0 0 0 0 0 0 0 8 0 0 0 0 0 0 0 0 0 1.8 0 0 0 0 0 0 0 0 0 0 0.4 0 0 0 6.2 0 0 0 0 0 0 0 0.2 0 0 0 0 0 0 0 0 3.8000000000000003 0 0 0.4 15.200000000000001 0.4 0.4 0 0 0 0 0 0 0 0 0 0 0 0 0 0 0 0 0 0 0 0 3.2 0 0.2 0 0 0 0 0 0 
