 0 19.6 60.400000000000006 29 9.4 50.6 31.6 56.800000000000004 63.6 16.6 5.4 4.2 16.400000000000002 27 39 31.8 7.800000000000001 30 22.8 30 0.6000000000000001 0 0 0.6000000000000001 0.4 0 0.2 0 0 0.4 0 0.2 0 0 0 0 0 0 0.4 0 0.6000000000000001 0.6000000000000001 0 0 0 0.4 0 0 0 0.6000000000000001 0 0.4 0 0 3.8000000000000003 0 0 0 0.4 0 0 0 0 0.2 0 0 0 2.8000000000000003 0.2 0 0 1 0 0.4 0.2 0 0 0.4 0.6000000000000001 0.6000000000000001 6 1.6 6.800000000000001 1.8 1.4000000000000001 6.6000000000000005 0 3.8000000000000003 8.6 2.8000000000000003 4.4 4.2 6.2 2 3.4000000000000004 1.8 2.2 2.2 0 0 0.2 0 0 0 0 0.4 0 0 0 0 0 0 0 0 0 0 0 0 2 0 0 0 0 0 0 0 0 0.6000000000000001 0 0 0 0.2 0 0 0 0 0 0 0 0 0 0 0 0 1.4000000000000001 0 0 0 0.2 0 0 0 0 0 0 0 0 0 0.4 0 2 2 3.6 5 0.4 2.6 0 0.8 3.8000000000000003 4 0 6.2 3 0.4 3.4000000000000004 3.2 0 2.8000000000000003 0 0 0 0 0 0 0 0 0 0 0 0 0 0 0.2 0 0 0 0 0 0 4.4 0 0.4 0.2 0 0 0 0.8 0 0 0 0.4 0 0 0 0 0 0 0 0 0 0 0 0 0 0 0 0 0 0.4 0 0 0 0 0 0 0.2 0 0 0 0 0 2.4000000000000004 0 0 0 0.2 0.2 0 0.6000000000000001 1.6 0.2 1.8 9.600000000000001 3 0 0 0 0 0 0 0.6000000000000001 0 2.6 0 0 0.2 0 0 0 0 0 0 0 2.6 0 2.2 0.2 0 0 0 0 0 0 0 0 0 0 0 0 0 
 19.6 0 18.400000000000002 11.8 51.2 9.200000000000001 33.6 55.6 21.6 54.2 17.6 9 9.4 39.2 14.600000000000001 53.800000000000004 67.4 67 28.400000000000002 38 1 0 0.8 0.4 0.2 0.2 0 1.6 0 0 0 0.2 14.8 0 0 0 0 0 0.6000000000000001 0 0.6000000000000001 0.6000000000000001 0.4 0 0 0.4 0 0 0 1.8 0 0.6000000000000001 0 0 0 0 1.2000000000000002 0 0.4 0 1.2000000000000002 0 0 0 1.4000000000000001 0 0 1.2000000000000002 0.6000000000000001 0 0.4 0.2 0 1.4000000000000001 0 0 0 1 0.6000000000000001 0.6000000000000001 8.4 1.6 7.4 0.2 0 5.6000000000000005 7.4 1.4000000000000001 0 1.6 5.800000000000001 3 8 3.6 11.600000000000001 4.800000000000001 0.4 3.6 0 0 0 0 0 0 0 0.2 0 0.4 1.6 0 0 0 0 0 0 0 0 0 0 0 0 0 0 0 0 0 0 0 0 0 0 0 0 0 0 0 0 0 4.4 0 0 0 0 0.2 0 0 0 0 0 0.4 0 0 0 0 0 0 0 0 0 0 0 7 0 0 4.4 3.6 0 2.2 5.2 6.4 0.2 4.4 2.4000000000000004 0 3.8000000000000003 0 1.6 0.8 0 2.8000000000000003 0 0 0 0 0.4 0 0 2.4000000000000004 0 0 0 0 0 0 0 0.6000000000000001 2.6 0 2.4000000000000004 4.2 0 0 0 0 0.2 0 1.8 2.6 0 0 0 0 0 0 0 0 0 0 0 0 1.2000000000000002 0 0 2.8000000000000003 0 0 0 0 3 0 0 0 0 0 0 0 0 0 0 0 0 0 0 0 4.2 0 0 0 0.2 0 0 0.6000000000000001 2.8000000000000003 0 0 0 0 0 0 0 0 0 3.8000000000000003 0 0 0 0 0 0 0 0 0 0 0 0 0 0 5.2 0 0 0 0 0 0 0 0 0 0 0 0 
 60.400000000000006 18.400000000000002 0 38.2 25.6 5.6000000000000005 57.400000000000006 34.800000000000004 79.2 121 29 36.2 18.6 17.8 12 9.8 33.4 9.8 7.800000000000001 51.6 0.6000000000000001 0 0 0.4 0 0 5.800000000000001 0 0 3.2 0 0.2 0.4 0.4 0 0 0 0 0.8 0.6000000000000001 0.6000000000000001 0.6000000000000001 0 0.6000000000000001 0.4 14 0.4 0 0 0.8 0 0 0 0 0 0.4 0.4 0 0.4 0 0 0 0 0 0 1 0.2 0 0.6000000000000001 6.4 0 0 0 2 0.4 0 0.4 0.6000000000000001 0.4 0.6000000000000001 5.2 3.2 3.8000000000000003 6.4 4 0.2 9.4 1.2000000000000002 0.2 7.6000000000000005 2 2.8000000000000003 4.6000000000000005 3.2 1.6 2.2 7.4 5.2 5.6000000000000005 1.6 0.4 2.8000000000000003 2.4000000000000004 0.4 0 0 0 3.4000000000000004 0 0 0 0 0 0 3.4000000000000004 0 0.4 0.4 0 0 0 0 0 0 0 0 0 0.2 0 0 0 0 0 0 0 0 0 0 0 0 0 0 0 4.6000000000000005 0 0 0 2.4000000000000004 0 0 0 0 0 0 0 0 0 0 0 0 3.2 3.2 0 1.2000000000000002 6.4 2.2 0 0 2.2 0 0.2 0 0 6.2 3 4.800000000000001 8.8 4 0 0 0 0 0.2 0 0 0 0 0.8 0.4 0 0 0 0.2 0.2 0.6000000000000001 0 0 0 3.6 0 0 0 0 0 0 0 0 0 0 2.2 0 0 0 0 0 0 0 0 0 0.2 2.4000000000000004 0 0 0 0 0 0 0.6000000000000001 0.6000000000000001 0 0 0 0 0 0 0 0.2 0 0 0 0 0 0 0 0 0 0.4 0 0 36.6 0 0.8 0 0 0 0 0 0 0 0 0 0 0 0 0 0 0 0 0 0 0 0 0 0 0 1.8 0.8 0 0 0 0 0 0 0 0 0 0 0 0 0.2 
 29 11.8 38.2 0 14.600000000000001 11.600000000000001 29.8 30.400000000000002 23.8 14.4 29 11.600000000000001 27.400000000000002 30.8 12.600000000000001 71 45 77.4 15 14.200000000000001 15.600000000000001 14.8 0 0.4 41.400000000000006 0 0.2 0 0 0 0 0.4 15.8 15.4 0 0 0 0 0.6000000000000001 14.200000000000001 0.6000000000000001 0.6000000000000001 0 0 0 0.4 0 0 0 0.4 0 0 0 0 0 0 0 0 0.4 0 0 0 0 0 0 0.2 0 0 0.6000000000000001 0 0 0 0 0.6000000000000001 17.6 0 0 0.6000000000000001 0.4 0.6000000000000001 2.2 5.800000000000001 3.6 2.8000000000000003 1.8 5.800000000000001 0 5.800000000000001 6 2.6 0 4.2 0 0 3 0 0 2 0 0 0 0 0 0 0 0 4.800000000000001 0 7 0 0 0 3.2 0 0 0 0 0 8.6 0.6000000000000001 0 0 0 1.8 0 0 0 0 0 0 0 0 0 0 0 0 0 0 0 0 0 0 0 0 0 0 0 0 0 0 0 0 0 0 0 0 0 0 0 0 2.8000000000000003 0 3.4000000000000004 1.4000000000000001 0 5.2 0 1.8 0 0.2 4.6000000000000005 7.6000000000000005 0 11.8 3.8000000000000003 4.800000000000001 1.2000000000000002 0 0 0 3 0 0 0 0 0 4.800000000000001 0 0 0 0 0 0 2.4000000000000004 0 0 0 0 1 0 0 0 0 0 0 0 0 0 0 0 0 0 0 0 0 0 0 0 0 0 0 0 0 0 0 0 0 0 0 0 0 0 0 0 0 0 0 0 0 0 0 0 0 0 0 0.4 35.2 0 17.400000000000002 0.6000000000000001 2 0.8 0 0 0.2 0 0 0 0 0 0 0 0 0 0 0 0 0 0 0 0 0 0 0 0.4 0 3.2 0 0 0 0 0 0 0 0 0 0 0 0 0 
 9.4 51.2 25.6 14.600000000000001 0 36.800000000000004 51.2 12 40 31.400000000000002 49 49 32.2 27.400000000000002 23.200000000000003 51 10.200000000000001 14.8 52 17 15.4 15 0 0.4 0.2 0 0 1 0.4 0 17.2 0 0.2 5 22.200000000000003 15 0.4 0.4 18 0.6000000000000001 0.6000000000000001 0.6000000000000001 0 0.2 0 0.4 0.6000000000000001 0 0.2 1 0 0 0 0 0 0.4 0.4 0 0.4 0 0.6000000000000001 0 0 0 0.2 0.4 0 0 0.6000000000000001 0 0 0.2 0 1 0 0.4 0 7.800000000000001 0.6000000000000001 0.6000000000000001 2.4000000000000004 5.4 0 3.6 0.4 3.4000000000000004 0 2.6 7.6000000000000005 7.6000000000000005 2 7 0 0 0 0 2 2 0 0 0.2 0 0.2 0 0 0 0 0.4 0 0 0 0 0 4.6000000000000005 2.6 1.2000000000000002 0 3.4000000000000004 0 2 0 0 0 0 0 0 0.2 0.6000000000000001 0 0 0 0 0.2 0 0 0 0 0 0 0 0 0 0.4 0 0 0 0.4 0 0 0.6000000000000001 0 0 0 0 0 0.4 0 0.4 0 0 0 5.2 6 0 3.8000000000000003 0 0 0 0 0 2.2 4.800000000000001 0 0 3.4000000000000004 0 2.4000000000000004 4.6000000000000005 0 0 0 0 0 0 0 0 6.800000000000001 2.8000000000000003 0 0 0 0.2 2 4.800000000000001 4.2 0.2 0 0 6.6000000000000005 3.6 0 0 0 0 0 0 0 3.8000000000000003 0 0 0 0 0.2 0 0.4 0 0 0 0 0 0 0.2 0 0 0 0 0 0 0 0 0 0 0 0 0 0 0 0 0 0.2 0 2 0 0 0 0.4 0.4 0 0 0.2 0 0.4 0 0 0 0 0 0 0 0 0 0 3.2 0 0 0 0 0 0 0 0 0 0 0 0 0 0 0 0 0 0 0 0 0 0 0 0 0 0 0 
 50.6 9.200000000000001 5.6000000000000005 11.600000000000001 36.800000000000004 0 23.8 8.8 29 29.6 15 13.4 6.800000000000001 14.8 30.8 18.2 30.400000000000002 26.400000000000002 9.200000000000001 15 15.600000000000001 0 0 0.4 0.6000000000000001 0 15 4.6000000000000005 0 0 1 0 16.400000000000002 0 0.4 0 0 0 34.6 14.8 0.6000000000000001 0.6000000000000001 0 0 0 0.4 0 0 0 0.6000000000000001 0 0 0 0 0 0 0 0 0.4 0 0 0 0 0 0 0 0 0 0.6000000000000001 0 0 0.8 0 0.4 0 0 0 1 1.8 0.6000000000000001 0 0 0 2 0 7.4 0 0 1.8 0 2 7.800000000000001 0 0 0 1.4000000000000001 2 4.800000000000001 0 0 0 1.2000000000000002 0 0 0 0 6.4 1.8 8.200000000000001 0 0 0 7.800000000000001 6.2 0 0 0 0 3.4000000000000004 5 0 0 0 0 0 0 0 0 0 2.2 0 0.4 0 0 0 0 0.4 0 0 0 1.2000000000000002 0 0 0 0 0 0 0 0 0.6000000000000001 0 0.8 0 0 0 0 0 0 0.2 0 0 0 6.800000000000001 15.600000000000001 3.6 4.2 0 0 0 0 6.2 0.6000000000000001 0 0 0.2 4 0 0 2.4000000000000004 0 4.800000000000001 3.2 0 2.2 0 0 20.8 0 0.4 0 0 0 2 4.2 0.2 0.2 2.8000000000000003 0 8.6 0.2 0 0.8 0.4 0 0 0 0 2.8000000000000003 0 0 0 0 0 0 0 0 2.6 0 0 0 0 0 0 0 0 0 0 0 0.2 0 0 0 0 0 0 0.4 0 0 0 0 0 0 0 0 0 1.2000000000000002 17.6 0 0.2 1 1.6 0.6000000000000001 0 0 0 0 0 0 0 0 0 0 0 0 0 0 0 0 0 0 0 0 0 0 0 0 0 3 0 0 0 0 0 0 0 0 0 0 0 0 
 31.6 33.6 57.400000000000006 29.8 51.2 23.8 0 27.400000000000002 12 59.6 70.2 5.6000000000000005 13.600000000000001 29.8 42 91.2 15.8 9 26 28.8 17 0 0 0.4 0.2 0 0.2 0 0 0 0 0.4 0 0 0 0 0 0 0.6000000000000001 0 0.6000000000000001 0.6000000000000001 0 0 0 0.4 0 0 0 0.6000000000000001 0 0 0 0 0 0.2 0 0 0.4 0 0 0 0 0 0 0 0.2 0.6000000000000001 0.4 0 0 0.6000000000000001 0 0.4 12.4 0 0 0.4 0.6000000000000001 0.6000000000000001 4.4 0.2 11.8 0.2 2 2.2 4.800000000000001 0 11.8 0 7.4 0 5 5.6000000000000005 1.2000000000000002 2.2 0 4.2 6.2 0 0 0 0 0 0 0 0 0 0 0 0 0 0 0 0 0 0 0 5.4 0 7.6000000000000005 0 0 0.4 0 0 3.2 0 0 0 0 0 0 0 0 0 0 0 0 0 0 4.4 0 0 0 0 0 0 0 0 0 0 0 0.2 0 0 0 0 0 0 5.2 2.8000000000000003 4 2.6 2.2 0 0.8 4 6 3.6 1.4000000000000001 4 0.2 5.800000000000001 1.8 3.4000000000000004 2.2 8.4 1.6 3 0 0 0 0.4 0 0 0 0 0 0 0 0 0 0 0 0 0 0 1.8 0 0 0 0 0 0 0 0 0 0 0 0 0 0 0 0.4 0 0 0 0 0 0.4 0 0.4 0 0 0 0 0 0 0 0 0 0 0 0 0 0 0 0 0 0 0 0 0 0 0 0.6000000000000001 0.4 0 18.6 0 1 3.8000000000000003 0 0 0 0 0 0 0 0 0 0 0 0 0 0 0.2 0 0 0 0 0 0 0 2.4000000000000004 4.6000000000000005 0 0 0 0 0 0 0 0 0 0 0 0 0 
 56.800000000000004 55.6 34.800000000000004 30.400000000000002 12 8.8 27.400000000000002 0 7.6000000000000005 25.6 23.400000000000002 9.8 23.6 89 19.200000000000003 7 24 7 29.200000000000003 35 1.2000000000000002 0 0.4 0.8 0.6000000000000001 0 0 0 0 0.4 0 0.8 0.4 0 0.6000000000000001 0 0 0 1 0 0.6000000000000001 0.6000000000000001 0.6000000000000001 0 0 0.4 0.4 0 0 1.2000000000000002 0 0 13.200000000000001 0 0 0.4 0.4 0 0.8 0 0 0 0 0.4 0 0 0 1 0.4 0 0 0.6000000000000001 0 0.4 0 0 0 0.4 1.2000000000000002 0.6000000000000001 0 1.6 6 3.2 1.4000000000000001 0 0 5.4 4.6000000000000005 2.6 5.6000000000000005 4 8.6 2.2 3.4000000000000004 0.2 1.8 0 0.2 2.2 0 0 0 0 0 0 0 0 0 0 0 0 0 0 0 0 0 0 0 0 0 0 0 0 0 0 0 0 0 0 0.2 0.2 0.2 0 0 4.6000000000000005 0 0 0 0 0 0 0 0 0 0 0 0 0.2 0 0 0 0 0 0 0 0 0 0.4 0 0 0 0 0 0.4 4.6000000000000005 0 0 0.4 0 0.4 2.2 3.2 0 3 0 1 0 0.8 0 0 0 0 0 0 0 0 1.8 0 0 0 0 0 0 0 0 0 0 0.2 0 0 0.4 0 0 0 0 0 0 0 0 0.4 0 0 0 0 0 0 0.2 0 0 1 0 0 0 0 0 0 0 0.4 0 0 0 0 0 0 0.2 0 0 0 0 0 1.6 0 0 0 0 0.2 0.4 0 0 0 1.2000000000000002 0 0 0.4 0 0 0 0 0 0 0 2.6 0 0 0 0 0 0 0 0 0 0 0 0 0 0 1.8 0 0 0 0 0 0 0 0 0 0 0 0 
 63.6 21.6 79.2 23.8 40 29 12 7.6000000000000005 0 53.800000000000004 10.4 26.8 25.8 17 36 30.400000000000002 25.8 41.800000000000004 19 32.4 0.8 0 0 6.6000000000000005 0 0.4 15 0 0 0 0 0 0 0 0 0 0 0 15.8 0 0.6000000000000001 0.6000000000000001 0 0 0 0.4 0 1 0 0.4 0 0 0 0 0 0 0 0 0.4 0 0 0 0 0 0 0.4 0 0 0.6000000000000001 0 6 0 0 9.200000000000001 6 0 0 0.6000000000000001 0.4 0.6000000000000001 3.8000000000000003 3.4000000000000004 0 0 0 6.2 0 0.2 5.4 1.8 0 1.8 0 0 4 1.8 2.4000000000000004 1 0 1.2000000000000002 0 0 0 0 0 0 6.4 0 2.8000000000000003 0 0 0 5 0 0 0 0 0 0 2.4000000000000004 0 0 0 0 0 0 0 0 0.4 0 0 0 0 0 0 0 0 0 0 0 0 2 0 0 0 0 0 0 0 0 0 0 0 0 0 0 0 0 0 0 0 4.4 5.4 0 0 1.8 0 0 0 5.6000000000000005 5.2 1.2000000000000002 0 0.2 0 2.8000000000000003 0 4.4 1.2000000000000002 0 5.2 0 0 0 0 0 4 0 0 0 0 0 0 1.8 0 0 0 0 5.6000000000000005 2.4000000000000004 0 0 0 0.4 0 2.4000000000000004 2.2 0 0 0 0 0 0 0.2 0 0 0 0 0 0 0 0 0 0 0 0 0 0 0 0 0 0 0 0 0 0 0 0.4 0 0 0 0 0 0 0 0 17.400000000000002 0 0.6000000000000001 0.2 0.4 0.8 0 0 0 0 0 0 0 0 0 0 0 0 0 0 0 0 0 0 0 0 0 0 0 2 0 0 0 0 0 0 0 0 0 0 0 0 0 0 
 16.6 54.2 121 14.4 31.400000000000002 29.6 59.6 25.6 53.800000000000004 0 41.6 30.400000000000002 9.600000000000001 13.4 52.400000000000006 140.20000000000002 23.6 23.6 19 39.2 16.2 0 0 0.4 0.4 0.4 12.200000000000001 0 0 0 0 0 14.8 0 0 3.6 0 0 0.6000000000000001 0 0.6000000000000001 0.6000000000000001 12.600000000000001 0 0 0.4 0 0 0 0.6000000000000001 0 0 0 0.4 0 0 0 0 0.4 0 0 0 0 0 0 1.2000000000000002 0 0 0.6000000000000001 0 0 0.2 0 0.6000000000000001 0 0 0 0.6000000000000001 0.6000000000000001 0.6000000000000001 3.4000000000000004 1.8 5.800000000000001 0.2 0 14.8 3.4000000000000004 0 1.8 2 7.2 1.8 0 0.4 6 5.4 2 5 1 2.2 0 0 0 0 0 0 8 2.8000000000000003 0 0 0.2 0 6 0 0 3.2 0 0 3.4000000000000004 0 0 0 0 0 0 0 0 0 0 0 0 0 0 0 0.2 0 0 0 0 1.4000000000000001 0 0 0 0 0 0 0 0 0 0 0 0 0 0 0 0 0 0 0 0 5.2 10.200000000000001 0 0.6000000000000001 0.8 2 0.2 1.2000000000000002 1.2000000000000002 5 3.4000000000000004 0.2 0 0.2 2.2 1.4000000000000001 2.4000000000000004 5.2 2.6 3.2 0 0 3 0 0 0 0 2.6 0 0 0 0 0 0.8 0 3.2 5.800000000000001 0 6.6000000000000005 2.6 0 0 0 0 0 0 1.8 3.4000000000000004 0 0 0 0 0 0 0 0 0 0 2.2 0 2.2 0 0 0 0 0 0 0 0 0 0 0 0 0 0 0 0 0 0 0 0 0 0 0 0 0.6000000000000001 0.4 0 0.8 0.2 0.2 0.2 0 0 0 0 0 0 0 0 0 0 0.6000000000000001 0 0 0 0 0 0 0 0 0 0 0 0 2.2 0 3 0 0 0 0 0 0 0 0 0 0 0 0 
 5.4 17.6 29 29 49 15 70.2 23.400000000000002 10.4 41.6 0 46.6 4.6000000000000005 23.200000000000003 31.400000000000002 63 35.4 53.800000000000004 7 13.200000000000001 0.6000000000000001 0 0 0.4 0.2 0 5 0 0 0 0 0.2 14.600000000000001 0 0 0 0 0 5.4 4 0.6000000000000001 0.6000000000000001 0 0 0 0.4 0 0 0 0.6000000000000001 0 0 0.8 0 0 0 0 0 0.4 0 0 0 0 0 0 0.4 9.8 0 0.6000000000000001 0 0 0.4 0 0.4 7.800000000000001 0 0 0.6000000000000001 0.6000000000000001 0.6000000000000001 4.6000000000000005 2.4000000000000004 5 3 2 11 0.4 0 4.800000000000001 8.200000000000001 2 0 0 4.4 2.2 0 1.4000000000000001 0 0 1.4000000000000001 0 3 3.4000000000000004 0 0 0 3.2 0 2 0 0 0 2.6 5.800000000000001 8.200000000000001 2.6 0 7.2 6 0.4 6.6000000000000005 0 0 0 0 0 0 2 0.4 1.4000000000000001 0 0 0 0 0 0 0 0 0 4.800000000000001 0 0 2 0 0 0 0 0 0 0 0 0 0 0 0 0 0 0 0 0 0 2 0 7 0 1.6 0 1.2000000000000002 0 0 3.4000000000000004 0 0 4 0 4.6000000000000005 2.4000000000000004 1.6 0 0 0.2 0 0.8 0 0 0 1.6 4.6000000000000005 0 0 0 0 1.8 9.8 0 1.4000000000000001 6.2 0 4.4 3.2 0 0 0 0.4 0 0 0 0 0 0 0 0 0 0 0 0 0 0 0.4 0 2.6 0 0 0 0 0 0 0 0 0 0 0 0 0 0 0 0 0 0 0 0 0.2 0 0 0 0.8 17.400000000000002 0.2 0.6000000000000001 19 0 1 0 0 0 0 0 0 0 0 0 0 0 0 0 0 0 0 0 0 0 0 0 0 0 1.6 7.2 4 0 0 0 0 0 0 0 0.2 0 0 0 0 
 4.2 9 36.2 11.600000000000001 49 13.4 5.6000000000000005 9.8 26.8 30.400000000000002 46.6 0 7 68.8 49.6 7.4 34.4 28 23.400000000000002 8.8 17 22.8 0 0.4 0.2 0 29.6 0.8 0 0 1.2000000000000002 0.8 0 16 15.4 0 0 0 5.4 15 0.6000000000000001 0.6000000000000001 1.4000000000000001 0 0 0.4 0 0 0 0.6000000000000001 0 0 0.8 0 0 0 0 0 0.4 0 0 0.2 0 0 0 2 0 0 0.4 0 0 0.6000000000000001 0 7.2 0 0 0 0.4 0.6000000000000001 1.6 2.2 6.4 4.2 0 6.800000000000001 0.8 2.8000000000000003 2.2 0 8.6 0 8 0 0 3.4000000000000004 0 1 5 3.8000000000000003 1 0 2 2 0 0.4 0 0 5.800000000000001 0.8 0 0 0 0 6 7.4 2.4000000000000004 1 3 2.4000000000000004 0.2 0 0 0 0 0 0 0 0 0 0.2 0 0 0 0 0 0 0 0 0 0 0 0 0 0 0 0 0 0 0 0 0 0 0 0 0 0 0 0 0 0 0 4 0 11.600000000000001 0.2 5.2 0 0.6000000000000001 0.2 0.2 0.6000000000000001 0 0 0 4.4 0.8 3.2 1.2000000000000002 0 0 0.2 0 5.800000000000001 0 0 0 0 2 0 0 0 0 1.8 4.4 2 3 5.800000000000001 0 0.2 9 0 0 0 0 0 0 0 0.2 0 0 0 0 0 0 0 0 0 0 0 0 0 0 0 0 0 0 0 0 0 0 0 0 0 0 0 0 0 0 0 0 0 0 0 0 0 1.2000000000000002 17.8 0 0 17.6 0 3.6 0 0 0 0 0 0.4 0 0 0 0 0 0 0 0 0 0 0 0 0 0 0 0 0 1.4000000000000001 0 0 0 0 0 0 0 0 0 0 0 0 0 0 
 16.400000000000002 9.4 18.6 27.400000000000002 32.2 6.800000000000001 13.600000000000001 23.6 25.8 9.600000000000001 4.6000000000000005 7 0 18.400000000000002 8.200000000000001 8.4 16.2 21.8 39 16.6 0.6000000000000001 0 0 0.8 0.2 0 15.4 0.2 0.2 0 0 0.4 0 0 0 0 0 0.6000000000000001 0.6000000000000001 0 0.6000000000000001 0.6000000000000001 0.2 0 0.6000000000000001 0.4 0 0.4 0 0.6000000000000001 0.4 16.400000000000002 0 0.4 0 0 0 0.4 1 0.4 0 0 0 0 0.2 0 3.8000000000000003 8 0.8 11.4 0 0.2 0 0.6000000000000001 0 0 0 0.6000000000000001 0.6000000000000001 0.6000000000000001 0 2 0 2.8000000000000003 0 0 0.4 3.8000000000000003 0 0 0 2.6 1.8 3 3 0.2 0 2 3.4000000000000004 4 0 0 0 0 0 0 0 0 0 0 0 0 0 0 0 0 0 0 0 0 0 0 0 0 0 0 0 0 0 0 0 0 0 0 0 0 0 0 0 0 0 0 0 0 0 0 0 0 0 0 0 0 0 0 0 0 0 0 0 0 5 0.2 0 0 0 0 3.8000000000000003 0 0 2 3.6 3.8000000000000003 2.6 6.4 2 0 0 0 5.800000000000001 8 0 0 0.8 0 0 0 0.2 0 0 0 0 0 2.8000000000000003 0 0 0 0 0 0 0 0 0 0 0 0 0 0 0 0 0 0 0 0 0 0 0 0 0 0 0 0 0 0 0 0 0 0 0 0 0 0 0 0 0 0 1.6 0 0 0 0 0 0 0 0 0 0.4 0 0 1.4000000000000001 0 2 0.8 0.2 0 0 0 0 0 0 0 0 0 0 0 0 0 0 0 0 0 0 0 0 0 0 0 0 0 0 0 2.4000000000000004 0 0 0 0 0 0 0 0 0 
 27 39.2 17.8 30.8 27.400000000000002 14.8 29.8 89 17 13.4 23.200000000000003 68.8 18.400000000000002 0 52.800000000000004 46 27 25.6 61.400000000000006 78.60000000000001 1.8 0 0.6000000000000001 0.4 1 0 0 0 0.4 0.6000000000000001 0 0.2 2.2 0 0 0.4 0 1 0.6000000000000001 0 0.6000000000000001 0.6000000000000001 0 0 0 0.4 0 0 0 0.4 0 0 0.6000000000000001 6.2 0 0 0 0 0.4 7.800000000000001 0 0 0 0 0 0 0 1 0.6000000000000001 0 0 6.4 0 0.6000000000000001 0 0 0 0.6000000000000001 0.4 0.6000000000000001 0 9.600000000000001 11 4 1.8 0 3.2 5.2 6 2 6.4 5.4 12.600000000000001 2.6 3.8000000000000003 0 3.8000000000000003 2.6 3.8000000000000003 0.2 0.4 0 0 0.4 0 0 0 0.2 0 0 0 0 0.2 0 0 3.2 0.4 0 0 0 0.2 1.4000000000000001 0 2.8000000000000003 0 0 0 0.2 0 0 0 0 0 0 0 0 0 0 0 0 0 0 0 0 0 0 0 0 0 0 0 0 0 0 0 0 0 0 0 0 0.4 3.6 2 0 0 2 3.6 2 0.4 0 0 6.6000000000000005 6.4 1.6 4.4 2.4000000000000004 4.6000000000000005 2.2 2 2.6 0 0 0.2 0 0 0 0 0 0 0 0 0 0 1 0 0 0 0 0 0 0 0 0 0 0 0 0 0 0 0 0 0 0 0 0 0 0 0 0 0.2 1.4000000000000001 0 0 0 0 0 0 0 0 0 0 0 0 0 0 0 0.2 0 0 0 0 1.8 0 0 0 0.4 0.2 0 0 0.2 0.2 2.8000000000000003 0 0 0 0 0 0 0 0 0 0 2.2 0 0 0 0 0 0 0 0 0 0 0 0 0 0 0 0 0 0 0 0 0 0 0 0 0 0 0 
 39 14.600000000000001 12 12.600000000000001 23.200000000000003 30.8 42 19.200000000000003 36 52.400000000000006 31.400000000000002 49.6 8.200000000000001 52.800000000000004 0 46.800000000000004 6.2 6 16.6 23.8 0.6000000000000001 0 0 0.4 0.2 0 0 0 0.4 0 0 0.2 1.4000000000000001 0 0 0 0.6000000000000001 0 15.8 0 0.6000000000000001 0.6000000000000001 0 0 0 0.4 0 0 0 0.4 0.4 0 0 0 0 0 0 0.2 0.8 0 0 0 1.2000000000000002 0 0 0 0 0 0.6000000000000001 0 0 0.8 0 0.6000000000000001 0 0 0 0.6000000000000001 1.2000000000000002 0.6000000000000001 3.8000000000000003 2.8000000000000003 7.4 0 0 2.2 2.8000000000000003 0.6000000000000001 10.8 2.4000000000000004 2.4000000000000004 0 1.8 1.8 2.4000000000000004 2.4000000000000004 0.2 0.4 0 0 0 0 0 0 0 0 0.2 0 0 2.6 0 0 0 2.6 0 0 0 0 4 0.2 0 0 0 0 0 0 0 0 0 0 0 0 0 0 0 0 0 0 0.2 0 0 0 0 0 0 0 0 11.600000000000001 0 0 0.4 0 0.4 0 0 0 0 0 0 0 1.4000000000000001 4.2 4.4 1.4000000000000001 3.2 0 0 5 4 1.2000000000000002 2.2 1.6 0 0 3.4000000000000004 2.2 1.6 5.4 2.6 1.8 0 0 0 0 0 0.4 5.2 0 0 0 0 0 0 0.2 0 0 0 0 2.2 0 0 0 0 0 0 0 0 0.2 0 0 0 0 0 0 0 0 0 0 0 0 0 0 0 0 0 0 0 0 0 0 0 3.8000000000000003 0 0 0 0 0 0 0 0 0 0 0 0 0 0.4 0.4 0 0.6000000000000001 0.2 0 0.6000000000000001 0 0 0 0 0 0 0 0 0.6000000000000001 0 2.8000000000000003 0 0 0.4 0 0 0 0 0 0 0 0 0 2.4000000000000004 0 0 0 0 0 0 0 0 0 0 0 0 0 0 
 31.8 53.800000000000004 9.8 71 51 18.2 91.2 7 30.400000000000002 140.20000000000002 63 7.4 8.4 46 46.800000000000004 0 17.400000000000002 52.400000000000006 11 18.2 0.6000000000000001 0 0 0.4 0.2 0 0 0 0 0 0.2 0.2 0.4 0 0 0.2 0 0.4 15.600000000000001 15.200000000000001 0.6000000000000001 0.6000000000000001 0 0 0 0.4 0 0 0 0.6000000000000001 14.8 0 0 0 0 0 0 0 0.4 11.4 7.2 0 0 0 0 0 0 0 0.6000000000000001 0 0 0.2 0 0.6000000000000001 6.2 0 0 0.6000000000000001 0.6000000000000001 0.6000000000000001 6.4 0.4 2.2 4.6000000000000005 1.8 8.200000000000001 2.8000000000000003 0.4 8.4 0.4 0 3.4000000000000004 4 5.4 0.6000000000000001 6.2 0.2 0 0 0 1.8 0 0 0 0 0 0 0 0 0 0 0 0 2.8000000000000003 0 0 0 1.2000000000000002 0 5.4 0 0 0 0 0 2.6 0 0 0 0 0 0 0.4 0 0 0 0 0 0 0 0 0 0.2 0 0 0 0.2 0 1 0 0 0 0 0.2 0 0 0 0 0 0 2 2.8000000000000003 14.600000000000001 0.2 3.4000000000000004 2.8000000000000003 0 2 2.8000000000000003 4.2 2.6 0.2 0 0.6000000000000001 4.4 3.4000000000000004 1.6 8 2.2 2 0 0 0 0 0 0 2.2 0 0 0 0 0 0 0 0 0 0 0 2.8000000000000003 3.4000000000000004 0 0 0 0 0 0 3 2.8000000000000003 0 0 0 0 0.4 0 0.2 0 0 0 0 0 0 6.2 0 0 0 0 0 0 0 0 0 0 0 0.4 0 0 0 2.2 0 0.4 0 0 0 0 0 0.8 0.2 0.4 0.4 19 0 1.4000000000000001 0 0 0 0 0 0 0 0 0 0 2.8000000000000003 0 0 0 0 0 0 0 0 0 0 0 0 2.4000000000000004 5.2 0 0 0 0 0 0 0 0 3.8000000000000003 0 0 0 0 
 7.800000000000001 67.4 33.4 45 10.200000000000001 30.400000000000002 15.8 24 25.8 23.6 35.4 34.4 16.2 27 6.2 17.400000000000002 0 45.400000000000006 67.60000000000001 27.400000000000002 0.6000000000000001 0 0.8 0.4 0 0 16.8 0 0 0.4 0 0.4 0 0 0 12.600000000000001 0 0 1 15.200000000000001 0.6000000000000001 0.6000000000000001 0 0 0 0.4 0 0 0 0.4 0 0 1 0 8.4 0 0 0 0.4 0 0.4 0 0 0 0 0.2 0 1 0.6000000000000001 0 0 0 0 0.6000000000000001 0 0 0 0.6000000000000001 0.2 0.6000000000000001 0 2.8000000000000003 6.2 4 7 0 7.4 5 0 2.4000000000000004 2.8000000000000003 3.2 3 0 2.6 2 2.6 6.4 2.8000000000000003 0 0 0 0 0 0 0.4 3.8000000000000003 0 4 0 2 0 2 0 0 0 0 0 0.2 5.800000000000001 0 0 0 0 0.4 0 0 0 0 0 0 0 0 2.4000000000000004 0 0 0 0 0 2.8000000000000003 0 0 0 0 0 0 0 0 0 0 0 0 0 0 0 0 0 0 0 0 2.4000000000000004 0 3.8000000000000003 3.4000000000000004 0 5.2 3 1.6 0 2.2 5.4 6.800000000000001 0 3.8000000000000003 6 1 4 0 0 0 2.6 0 0 0 0 0 1.2000000000000002 0.2 0 0 0 0 0 0 0.2 0 1.6 0.4 2.2 0.4 0 0 0 0 0 0 0.2 0 0 0 0 0.2 0 0 0 0.2 0 0 0 0 1.4000000000000001 0 0 0 0 0 0 0 0 0 0 0 0.4 0 0 0 0 0 0 0 0 0 0 0 0 0.2 2.2 0 9.4 23.6 3.4000000000000004 0.6000000000000001 2.8000000000000003 0 0 0 0 0 0 0 0 0 0 0 0 0 0 0 0 0 0 0 0 0 0 0 0 0 0 0 0 0 0 0 0 0 0 0 0 0 
 30 67 9.8 77.4 14.8 26.400000000000002 9 7 41.800000000000004 23.6 53.800000000000004 28 21.8 25.6 6 52.400000000000006 45.400000000000006 0 49.400000000000006 8 0.6000000000000001 0 0 0 0 0 0 0 0 0.2 0 0.2 11.8 0 0 0 0 14.8 14.600000000000001 14.600000000000001 0 12.8 0 0 0 0 0 0 0 0 0 0 0 0 0 0 0 0 0 0 6 0.2 0 0 0 0 0.2 0 0 0 0 0 0 0 0 0 0 0 0 0 4.4 3.6 0 10.600000000000001 3 1.6 3.2 7.6000000000000005 6 7.2 2.2 4.6000000000000005 0 7.800000000000001 3.2 4.800000000000001 1.8 3.2 0 0 0 0 0 0 0 0 0 0.2 3.4000000000000004 0 0 0.6000000000000001 0.2 0 0 0 0 0 2 4 0.4 3.4000000000000004 0 3 0.2 0 0 0.2 0.2 0 0 0 0 0 0 0 0 0 2.6 0 0 0 0 0 0 2.6 0 0 0 0 0 0 0 0 0 0 0 0.4 0 0 7.4 0 2.8000000000000003 0 0 4.4 0 0.2 0.2 3.4000000000000004 1.4000000000000001 0 0.2 2.8000000000000003 2 0.6000000000000001 2.8000000000000003 2.4000000000000004 0 0 2.2 0 0 0 0 0 1.8 0 0 0 0 0 0 1.8 0 0 0 0 1.4000000000000001 0 0 0 0 0.2 0 0 2 4 0 0 0 0 0 0.4 0 0 0 0 0 0.2 0 0 0 0 0 0 2.2 0.2 0 0 0 0 0 0 0 0 0 0 0 0 0 0.4 0 0 0 1 1.8 0 17.6 17 2.6 1.8 0 0 0 0 0 0 0 0 0 0 0 0 0 0 0 0 0 0.2 0 0 0 0 0 0 0.2 0 0 0 0 0 0 0 0 0 0 0 0 0 
 22.8 28.400000000000002 7.800000000000001 15 52 9.200000000000001 26 29.200000000000003 19 19 7 23.400000000000002 39 61.400000000000006 16.6 11 67.60000000000001 49.400000000000006 0 24 1 0 0 0.4 0.2 0.2 0 0.4 0 0 0 0.2 0 0 0 0 0 0.2 0.6000000000000001 0.6000000000000001 0.6000000000000001 0.6000000000000001 0 0 0 0.4 0 0 0 0.2 0 0 0 0 0 0 0 0 0.4 0 0 0 0 0 0 0 0 1 0.6000000000000001 0 0 0 0 0.6000000000000001 0 0 0 0.6000000000000001 0.2 0.6000000000000001 0 0 4 0 0 2.8000000000000003 0 0.2 0 0 2.4000000000000004 0 0 2.2 4.2 0 0 3.6 8 13 0 0 0 0 0 0 0 0 0 0 0 0 0 0 0 0 0 0.6000000000000001 0 0 0 0 0 0 0 0 0 0 0 0 0 0 0 0 0 0 0 0 0 0 0 0 0 0 0 0 0 0 0 0 0 0 0 0 0 0 0 0 0 0 0 0 0 0 0 0 13.200000000000001 3.6 5 2.2 0 2 12 3 0 0 1.4000000000000001 0 1.2000000000000002 7.6000000000000005 0 0 0 0 0 0 0 0 0 0 0 0 0 0 0 0 0 0 0 0 0 0 0 0 0 0 2 0 0 0 0 0 0 0 0 0 0 0 0 0 0 0 0 4.800000000000001 0 0 0 0 0 0 0 0 0 0 0 0 0 0 0 0 0 0 0 0 0 0.4 0 0 0.2 1 0 0.6000000000000001 2 0 2 0 0 0 0 0 0 0 0 0 0 0 0 0 0 0 0 0 0 0 0 0 0 0 0 0 0 0 0 0 0 0 0 0 0 0 
 30 38 51.6 14.200000000000001 17 15 28.8 35 32.4 39.2 13.200000000000001 8.8 16.6 78.60000000000001 23.8 18.2 27.400000000000002 8 24 0 0.6000000000000001 0 0 0.4 0 0 0 0 0 0 0 0.2 0 0 0 0 0 0 0.6000000000000001 0 0.6000000000000001 0.6000000000000001 0 0 0 0.4 0 0 0 0.4 0 0 0 0 0 0 0 0 0.4 0 0 0 0 0 0 0 0 2.6 0.6000000000000001 0 0 0 0 0.6000000000000001 0 0 0 0.6000000000000001 0.4 0.6000000000000001 0 0.2 6.2 2.8000000000000003 0 0 5.6000000000000005 4.2 3 1.2000000000000002 7.2 0.2 2.4000000000000004 7.6000000000000005 0 5.2 2.6 1.2000000000000002 0.8 0.2 0 0 0 0.4 0 0 0 0 0 0 0 0 0 0 0 0 0.4 0 0 0 0 0 0 0 0 0 0 0 0 0 0 0 0 0 0 0 0 0 0 0 0 0 0 0 0 0 0 0 0 0 0 0.8 0 0 0 0 0 0 0 0 0.2 3 0 0 4.6000000000000005 0 0.2 1.4000000000000001 10 1.4000000000000001 0 0.4 3.8000000000000003 0.6000000000000001 2.8000000000000003 0 4.2 2.8000000000000003 2.2 10 0 0 0 0 0 0 0 0 0 0 0 2 0 0 0 0 0 0 0 0 0 0 0 0 0 0 1.4000000000000001 0 0 0 0 0 0 0 0 0 0 0 0 0 0 0 0 0 0 0 0 0 2.6 0 0 0 0 0 0 0 0.2 0 0 0 0 0 0 0 0 0 0 0 0.2 18 0 1.4000000000000001 1.2000000000000002 0 0 0 0 0 0 0 0 0 3.8000000000000003 0 0 0 0 0 0 0 0 0 0 0 0 0 0 0 0 0 0 0 0 0 0 0 0 0 0 0 
 0.6000000000000001 1 0.6000000000000001 15.600000000000001 15.4 15.600000000000001 17 1.2000000000000002 0.8 16.2 0.6000000000000001 17 0.6000000000000001 1.8 0.6000000000000001 0.6000000000000001 0.6000000000000001 0.6000000000000001 1 0.6000000000000001 0 22.400000000000002 24.6 22.400000000000002 11.600000000000001 26 31.200000000000003 69.2 6 24.6 6.2 10.600000000000001 68.2 35.2 13.4 23.200000000000003 22.200000000000003 25.200000000000003 53.6 12.4 0 0 0.4 0.4 0 0.6000000000000001 0 0.6000000000000001 0.2 0 0 0 0.4 0 0.4 0 0 0.2 0 0 0.4 0 0 0 0 0 0.6000000000000001 0 0.6000000000000001 0 0 0.8 0.4 0 0.6000000000000001 0 0 0 0 0 0 0 0 0.2 0 0 0 0 0 0 0 15.4 0 0 0 0 0 1.8 0 0 7.800000000000001 1.2000000000000002 2.8000000000000003 0 0 0 1.4000000000000001 6.4 7.800000000000001 0 2.6 2.4000000000000004 4.2 1.8 0.4 4 0 0.2 6.4 7.800000000000001 0.4 0 0 0 0 0 0 0 0 3.6 0.2 0 0.2 0 0 0 0.4 0 2.4000000000000004 0 0 4.4 0 0 0 0 0 0 0 0.8 0 0 0 0 0 0 0 1.8 0 0 0 1 0 0 0 0 0 0 0 0 0 4.4 0 0 1.6 0.8 0 2.8000000000000003 0 0 4.2 2.4000000000000004 2.4000000000000004 2 0 0 5.800000000000001 0 0 2.6 2.8000000000000003 7.6000000000000005 0 4.6000000000000005 1.8 0.2 2.4000000000000004 2.6 2.6 3.8000000000000003 0 0 0 0 0 0 0 0 0 0 0 0 0 1 0 0 0 0 2.4000000000000004 0 0 0 0 0 0 0 0 0 0 0 0 0 0 0 0 0 0 0 0 0 0 0 2.6 0 0 0 0 0 0 0 0 0.2 0 0 0.6000000000000001 0 0.8 0 0 0.4 0.8 0.2 0 0 0 0 0 0 0 0 0.2 0 0 0 0 0 0 0.2 0 0 0 0 0 0 0 0 0 0 0 0 
 0 0 0 14.8 15 0 0 0 0 0 0 22.8 0 0 0 0 0 0 0 0 22.400000000000002 0 15.4 7 39.2 21.8 19.8 18.2 8 47.2 8.6 13.200000000000001 11.4 50.800000000000004 34 74 39.2 35.4 8.4 68.2 0 0 0.4 0.2 0 0.6000000000000001 0 1 0 0 0 0 0.6000000000000001 0 0.4 0 0.2 0 12.4 5.2 0.4 0 0 0 0 0 0.6000000000000001 0 0.6000000000000001 0 0 0.4 0.4 0 0.6000000000000001 0 0 0 0 10.200000000000001 0 0 0 0 2.8000000000000003 0 0 0 0 0 0 0 0 0 0 0 0 0 0 0 7.6000000000000005 0.2 0 3 4.6000000000000005 6.6000000000000005 1.6 7.2 4.800000000000001 1.8 3.2 9.200000000000001 0 4.2 1.6 5.4 2.8000000000000003 0 0 0 2 0 0 0 0 0 0 0 0 0 0 0.2 2.2 0 0 0 0 0 5.6000000000000005 0 0 0 3.6 0 0 0 0 0 3.2 0.2 0 0 0 0 0.8 4.4 0 0 0 0 0 0 0 0 0 0 0 0 0 0 0 0 0 0 0 0 0 0 0 0 0 0 0 1.8 0 0.2 0 0 2.4000000000000004 2.4000000000000004 5.4 2 1 3 0 4.6000000000000005 1.6 5.6000000000000005 0 2.4000000000000004 0 0 0 0 0 0 0.4 1.4000000000000001 0 0 0 0 0 0 2 0 0 0 4.4 0.2 0 0 0 0 0 0 0 0 0 0 0 0 0 0 0 0 0 0 0 0 0 0 3 0 0 0 0 0 0 0 0 0 0 0 0 0 0.2 0.8 0 0 0.2 0 0 0 0 0 0 0 0 0 0 0.2 0 0 0 0 0 0 0 0.2 0 0 0 0 0.4 0.2 0 0 0 0 
 0 0.8 0 0 0 0 0 0.4 0 0 0 0 0 0.6000000000000001 0 0 0.8 0 0 0 24.6 15.4 0 47.2 65 22.6 92.80000000000001 75.8 34.4 28.6 25.8 54.2 22.400000000000002 41.800000000000004 99.60000000000001 21.400000000000002 53.2 32 12.4 46.2 0 0 0.4 0.2 0 0.8 0 1 0 0.6000000000000001 0 0.4 13.200000000000001 0 0.4 0 0 0.6000000000000001 0 0 0 1.8 0 0 0 0 0.6000000000000001 0 0.6000000000000001 0.2 0.2 0.8 0.4 1.4000000000000001 0.6000000000000001 0 0 0 0 0.4 0 0 0 4 0 0 0 0 0 0 3.2 0 0 0 0 0 0 0 0 0 5 23.400000000000002 8.4 4.4 3.6 4 5.4 0.2 4.6000000000000005 3.6 4 2.6 0 2.4000000000000004 5.4 0 1.8 1.6 8.4 1.8 0.4 0 0 0 0 0 4.2 0.4 3 0 0 0.8 0 2.4000000000000004 0 0 0 0 0 0 0 0 0 0 0 0 0 0 0 0 0 0 0 0 0.2 0 0 0 0 3.4000000000000004 0 2.4000000000000004 0 0 0 0 0 0 0 0 0 0 0 0 0 0 0 0 0 0 6.6000000000000005 8.200000000000001 2 0.2 0.2 2.2 0.4 1.8 4.6000000000000005 3.6 4.6000000000000005 2.4000000000000004 3.4000000000000004 0 0 2.8000000000000003 3.8000000000000003 5 0 0.8 0 0 0 0 0 1.2000000000000002 0 0 0 0 0 0 0.2 0 0 0 0 0 2.8000000000000003 3 0 0 0 0 0 0 0 0 0 0 0 0 0 0 0 0 0 0 0 0 0 0 0 0 0 0 0 0 0 0 0 0 0 0 1.8 0 0.2 0 0 0.4 0.4 0.6000000000000001 0 0 0 0 2.6 0 0 0 0 0 0 0 0 0 0 0 0 3 0 0 0 0.2 0 2 0.2 0 0 0 
 0.6000000000000001 0.4 0.4 0.4 0.4 0.4 0.4 0.8 6.6000000000000005 0.4 0.4 0.4 0.8 0.4 0.4 0.4 0.4 0 0.4 0.4 22.400000000000002 7 47.2 0 20 6.800000000000001 68 44.6 25.200000000000003 46 31 8.6 12.8 34.6 104.2 26.6 13.200000000000001 27.6 68.4 50.400000000000006 0 0 0.4 1 1 0.6000000000000001 0 1.6 0 0.4 0 0 1.6 12.4 0.4 0.4 0.6000000000000001 0 0 0 0 0.4 0.6000000000000001 0.6000000000000001 0.6000000000000001 0 0.6000000000000001 0.6000000000000001 0.8 1.2000000000000002 1.4000000000000001 1 0.4 1 0.8 0 0.4 0.2 0 0.2 0 0 0 0 0 0 0 0 0 0 0 0 0 0 0 0 0 0 0 0 0 4.800000000000001 2.8000000000000003 4 8 0 5.4 0 0 0.2 1.8 0 1 0 4.6000000000000005 0 6.2 3.8000000000000003 3.4000000000000004 0 0 0 0 0 0 0 0 0 0 0 0 0 2.8000000000000003 4.2 0 0 0 0 0.2 3.2 0 2 0 3.2 0 0 0 0 0 0 0 0 0 0 0 0 0 0 0 0 0 0 0 0 0.4 0 0 0 0 0 0 0 0 0 0 0 0 0 0 0 1.8 4.800000000000001 4.6000000000000005 3 3.8000000000000003 0.4 5.6000000000000005 3.2 7.800000000000001 7.4 3.4000000000000004 0 0 0 6.2 3.8000000000000003 0 9.4 0 0 0 0 0 0 0 0 0 0 0 0 0 0 5.800000000000001 1.6 0 0 0 0 0 8.4 0 0 0 0 0 0 0 0 0 0 0 0 0 0 0 0 0 0 0 7 0 0 0 0 0 0 0 0 0 0 0 0 0 0 0 0.2 0.4 0.8 0.4 0.6000000000000001 0 3.2 0 0 0 0 0 0 0 0 0 0 0 0.4 0 0 0 0 0 0 0 4.6000000000000005 0 0 0 0 0 0 0 0 
 0.4 0.2 0 41.400000000000006 0.2 0.6000000000000001 0.2 0.6000000000000001 0 0.4 0.2 0.2 0.2 1 0.2 0.2 0 0 0.2 0 11.600000000000001 39.2 65 20 0 74.2 7.6000000000000005 32.4 27.8 35 32.4 44.6 60.400000000000006 29.400000000000002 31.8 31 27.200000000000003 16.8 105.2 16 12.4 3.2 0.6000000000000001 0.6000000000000001 0 0.6000000000000001 8 4.800000000000001 0 0 3.4000000000000004 0 0.4 0 0.6000000000000001 0 0 0 7.800000000000001 16.8 0 0 0 0 0 0 0.6000000000000001 0.2 0.6000000000000001 0.4 0 2.8000000000000003 0.6000000000000001 0 2.4000000000000004 0 0 0 0 0 0 0 0 1.8 0 0 0 4.4 0 0 0 0 0 0 0 0 0 0 0 0.4 2.6 0 2.6 2.6 0.2 1.8 0 0 1.6 4.2 3.2 2.8000000000000003 0 0 0.2 7 4 0.2 0 0 0.6000000000000001 0 0.2 0 0 0 4.4 4.4 0 2.8000000000000003 0.4 0 3.4000000000000004 0 0.8 0.8 3.8000000000000003 2.4000000000000004 5.2 3.4000000000000004 1 0 1.2000000000000002 0 0 0 0 0 5.4 0 0 0 0 0 0.2 0 0.2 0 0 2.8000000000000003 0 0 0.2 0 3 0 0 0 0 0 0 0 0 0 0 0 0 0 0 0 0 0 0.6000000000000001 2.2 4 4.2 0 0 6.2 3.4000000000000004 2.2 1.6 0 0 0 2 2.6 2.8000000000000003 0 0 7.6000000000000005 16.400000000000002 2.2 1.8 0 0 2.4000000000000004 6 0 0 2.2 0 3 3 0.2 1.6 2.8000000000000003 3.2 3.2 12 0 0 0 0 0 0 0 0 0 0 0 0 0 0 0 0 0 0 0 0 0 0 0 0 0 0 0 0 0 0 0 0 0 0 0.6000000000000001 0.6000000000000001 0.2 15.4 8.200000000000001 0.4 8.8 0.2 0 0 0 0 0 0 0 0 0 0 0 0 0 0 0 0.4 0 3.4000000000000004 0 0 0 0 0 1.8 0 0 0 0 
 0 0.2 0 0 0 0 0 0 0.4 0.4 0 0 0 0 0 0 0 0 0.2 0 26 21.8 22.6 6.800000000000001 74.2 0 9.200000000000001 46.6 26.6 10 39 57.400000000000006 15.8 13.200000000000001 45 23 48 71.60000000000001 11.600000000000001 52.6 12.600000000000001 12.200000000000001 0.6000000000000001 0.6000000000000001 0 0.6000000000000001 0 0.8 0 0 0 0 4.6000000000000005 12.4 0.4 0 0 0 25 3.2 0 0 0 0 0 0 0.6000000000000001 0 0.6000000000000001 0 0.6000000000000001 0.4 0.6000000000000001 0.4 11.200000000000001 0 0 0 0 0.8 0 0 0 0 0 0 0 0.2 0 0 0 0 0 0 0 0 0 0 0 0 0 4.2 0 1.8 13 0 0 2 0 0.2 0.2 1.8 0 0 1.8 5.2 1.2000000000000002 0 0 1.2000000000000002 0.2 1.6 0 0 0 0 0.4 1.4000000000000001 4.4 0 0 0 5.4 4.2 0 0 1.8 0 13.600000000000001 0 0.4 0 0 0 0 0 0 0 0 0 0 0 0 0 0 0.2 0 0 0 0 0 0 3 0 0 0 0 0 0 0 0 0 0 0 0 0 0.2 0 0 0 0 0.4 2 4 1.8 2 0 0 2.4000000000000004 0 7.800000000000001 2.8000000000000003 0 1 3.8000000000000003 1.8 2.2 3.8000000000000003 0 0 1 2.8000000000000003 0 0 0 0 1.8 1.8 0 0.6000000000000001 0 0.2 0 4 2 0 0.2 2.2 9.600000000000001 3.4000000000000004 0 0 0 0 0 0 0 0 0 0 0 0 0 0 0 0 0 0 0 0 0 0 0.2 0 0 0 0 0 0 0 0 0 0 0 0 0 0 0 1.2000000000000002 0 0 0 0 0 0 0 0.4 0 0 0 2.6 0 0 0 0 0 0 0 0 0 0 0 0 0 0 0 0 0 0 0 
 0.2 0 5.800000000000001 0.2 0 15 0.2 0 15 12.200000000000001 5 29.6 15.4 0 0 0 16.8 0 0 0 31.200000000000003 19.8 92.80000000000001 68 7.6000000000000005 9.200000000000001 0 70.8 23.8 25.6 22.8 22.8 20.200000000000003 10.200000000000001 65 9.200000000000001 54.400000000000006 19 91.80000000000001 20 0 0 0.6000000000000001 0.6000000000000001 0.6000000000000001 0.6000000000000001 0.6000000000000001 5.6000000000000005 0 0.6000000000000001 0 0 5 0 0.4 0.6000000000000001 0.6000000000000001 0.6000000000000001 0 0 0.2 0.8 0 0 0 0.6000000000000001 0.6000000000000001 7.4 0.6000000000000001 0.8 1 0.4 0.6000000000000001 2.8000000000000003 1 0.2 0.6000000000000001 0 0 0 0 0 1.8 0 2.2 0 0 0 0 0 0 0.6000000000000001 0 0 0 0 0 2.8000000000000003 0 0 7.6000000000000005 1.8 7.800000000000001 2 0 1.4000000000000001 10 2.4000000000000004 7.2 0.2 1.8 0 5.800000000000001 0.4 5.2 2 4.4 3.2 2.4000000000000004 0.4 0 0.2 0 0 0 0 0 0 0 0 0 0 1.8 0 0 0 0 0 3.8000000000000003 0 0 0 0 0 0 0 0 0 0 0 2.2 0.4 0 0 0.4 0 2 0 0 0.2 1.8 0 0.2 2.8000000000000003 0 1.6 0 0 0 0 0.4 0 0 0 0.8 4.2 0.4 0 0.2 0 0.2 0 9.200000000000001 0 0.6000000000000001 0 7.6000000000000005 1.8 5.6000000000000005 6.4 0 0 0.2 2.2 0 2.6 2.8000000000000003 2.4000000000000004 4.6000000000000005 6 0 0 0 0 0.2 0 0 0 0 0 0 0 0 0 0 0 0 0 0 3.2 0 0 0 0 0 0 0 0 0 0 0 0 0 0 0 0 0 0 0 0 0 0 0 0 0 0 15.200000000000001 0 0 0 0 0 0 0.2 0.8 0.4 0.4 0.2 0 0 0.4 6.6000000000000005 0 0 0 0 0.2 0 0 0 0 0 0 0 0 0 0 0 0 0 2.2 0 0 0 0 0 0 0 0 0 
 0 1.6 0 0 1 4.6000000000000005 0 0 0 0 0 0.8 0.2 0 0 0 0 0 0.4 0 69.2 18.2 75.8 44.6 32.4 46.6 70.8 0 32.6 22.200000000000003 34.2 36.6 30.6 35 25.8 15 13.200000000000001 23.400000000000002 11 18 0 0 0.6000000000000001 0.6000000000000001 0.4 0.6000000000000001 0 0 0 0 0 0 0.4 0 0.4 0 0 0 53.6 0 0 0.8 1.8 0 0 0 0.6000000000000001 0 0.6000000000000001 0.2 0 0.4 0.6000000000000001 4.6000000000000005 0.6000000000000001 0 10 0 0 0.2 0 0 0 0 0 0 0 0 0 0 0 0 0 0 0 0 0 0 0 0.2 4.4 12.200000000000001 10 4 3.6 0.2 3.8000000000000003 0 4.800000000000001 5 2 2.2 0 3.8000000000000003 2.8000000000000003 0 7.4 5.6000000000000005 6.2 5.6000000000000005 0 0 0.4 2.4000000000000004 0 0 0 0 0 2.4000000000000004 0 0 0.6000000000000001 0.6000000000000001 0 0 0 0 5.2 2.8000000000000003 0 0 0 0 0 0 0 0 0 0 0 0 0 0 0 0 0.4 0 0 0 0 0 0 2.6 0.4 0 0 0 0 0 0 0 0 0 0 0 11.600000000000001 0 0 0 7 2.4000000000000004 3 2.4000000000000004 4.4 2 3.8000000000000003 0.4 4.2 7.6000000000000005 6.6000000000000005 0 5.2 0 1.8 0 1.8 2.8000000000000003 0 4.2 0 0 0 0 0 0 0 0 0 0 0 0.4 0 0 0 0 0 0 3.4000000000000004 4.800000000000001 0 0 0 0 0 0 0 0 0 0 0 0 0 0 0 0 0 0 0 0 0 0 0 0 0 0 0 0 0 0 0 0 0 0 1 0.2 0.8 0 0.2 0.2 0.2 1.6 0 0 0 0 2.2 0 0 0 0 0 0 0 0 0 0 0.2 0 0 0 0 0 0 0 0 2.6 0 0 0 
 0 0 0 0 0.4 0 0 0 0 0 0 0 0.2 0.4 0.4 0 0 0 0 0 6 8 34.4 25.200000000000003 27.8 26.6 23.8 32.6 0 48.2 76.2 62 52.6 75 39.400000000000006 26.400000000000002 28.6 37.4 49 44.2 0 0 13.8 0.6000000000000001 0 0.6000000000000001 0 0 0 0.4 0 0 0.4 0 0.4 0 0 0 12.600000000000001 3.8000000000000003 0 0 5.4 0 0 0.6000000000000001 1 0.2 0.6000000000000001 0 0 0.4 0.6000000000000001 0 0.6000000000000001 0 0 0 0 0 0 0 0 0 0 0 0 0 0 0 0 0 0 0 1.4000000000000001 0 0 0 0 0 5.4 4 2.4000000000000004 0 12.4 8.8 2.6 0 1.4000000000000001 0.4 4 8 0 3.8000000000000003 3.2 4.4 5.2 6.800000000000001 0 1.6 0 0 0 0 0 0 5.6000000000000005 1 2.8000000000000003 0 0 0 4.6000000000000005 0 0 0 0 0 6.2 2 0 0 0 0 0 0 5 0 0 0 0 0 0 0 0 0 0 0 0 0 0 0 0 0 0 0 0 0 0 0 0 0 0 0 0 0 0 0 0 0 5.6000000000000005 13 10 2.4000000000000004 2.2 0.2 0 3.6 4.4 2.8000000000000003 4.800000000000001 2.4000000000000004 3 0 6.6000000000000005 7.2 5.2 4.800000000000001 0 0 0 0 0 0 0 0 0 4.2 0 0.4 0 0 0 0 0 0 0 0 3.6 0 0 0 0 0 0 0 0 0 0 0 0 0 0 0 0 0 0 0 1.6 0 0 3.4000000000000004 0 0 0 0 0 0 0 0 0 0 0 0 0.4 0 0.2 15.4 0 0.2 0 2.6 0 0 0 0 0 0 0 0 0 0 0 0 0 0 0 0 0 0 0 0 0 0 0 0.2 0 0 0 0 
 0.4 0 3.2 0 0 0 0 0.4 0 0 0 0 0 0.6000000000000001 0 0 0.4 0.2 0 0 24.6 47.2 28.6 46 35 10 25.6 22.200000000000003 48.2 0 19.400000000000002 22.8 27.8 14 67.60000000000001 30.400000000000002 28.200000000000003 24.6 18.400000000000002 51.800000000000004 0 0 0.4 0.4 0 0.6000000000000001 0 5.2 2 0 0.4 0 0.4 0 0.4 0 0 0 0.4 0 0 1 0.6000000000000001 0 0 0.2 0.6000000000000001 0 0.6000000000000001 0.4 0 0.8 0.4 1.6 0.6000000000000001 0 0 0 0.4 0 0 0.4 0 0 0 0 0 0 0 0 0 0.4 0 0 0 0 0 0 0 0 5 4.800000000000001 3.6 5.6000000000000005 1.2000000000000002 4.4 2.2 0 2.8000000000000003 6.6000000000000005 0 0 2.2 14.4 0.8 0 2 0 4.800000000000001 0 2.2 1.2000000000000002 0 0 0 0 0 0 0 0 0 0 0.2 7 0 0.2 0 0 0 4 0 0 0.6000000000000001 0 0 0 0 3.2 0.2 0 0 0 0 0 0.4 0 0 0 0 0 0 0 0 0 0 0 0 0 0 0 0 0 0 0 0 0 0 0 0 0 6.2 4 0 2.2 3.8000000000000003 2.2 4.800000000000001 1 8 2.4000000000000004 2 0 6.4 0 0 2.2 3.8000000000000003 12 0 1 0.6000000000000001 0 0 0.2 0 0 0 0 1.4000000000000001 0 0.2 0 3.6 1.2000000000000002 2.2 0 1.4000000000000001 0 0 0 0 0 0.4 2.2 0 0 0 0 0 0 0 0 0 0 0 0 0 0 0 0 0 0 0 0 0 0 0 0 0 0 0 0 0 0 0.4 0 0.4 14.600000000000001 17.400000000000002 0 0.4 0 0 0 0 0 3 0 0 0 0 0 0 0 0 0 0 0 0 0 0 6.4 0 0 0 0 2.4000000000000004 0 0 0 
 0 0 0 0 17.2 1 0 0 0 0 0 1.2000000000000002 0 0 0 0.2 0 0 0 0 6.2 8.6 25.8 31 32.4 39 22.8 34.2 76.2 19.400000000000002 0 17 7.2 86.2 44 16.400000000000002 107.4 63.6 23.8 28.6 0 0 0.6000000000000001 0.6000000000000001 0 0.6000000000000001 12.200000000000001 1 0 0 0 0 0.4 0 0.4 0 0 0 0 0.4 0 0.4 0 0 0 3.6 0.6000000000000001 0 0.6000000000000001 0 0 0.4 0.6000000000000001 0 1.4000000000000001 0 0 0 0 0 0 1.8 0 0.4 0 0 0 0 0 0 0 0.8 0 0 0 0 0 0 0 0 2.4000000000000004 1.6 1.2000000000000002 2 2.8000000000000003 0 3 1.8 0 1.8 5.800000000000001 3.8000000000000003 0 0 2 4.6000000000000005 2.4000000000000004 7.2 0 1.8 0 0 0 0 0 0 7.2 0 4.2 0 0 0 2.6 2 0 0 6.4 0 6.4 2.6 0 0 0 0 0 0 0 0 0 0 0 0 0.4 0 0 0 0 0 0 0.4 0 0 0 0 0 0 0 0 0.2 0 0 0 0 0 0 0 0 0 0 0 4.800000000000001 16.2 6.4 4 6 2.2 0 3 0.2 6.4 7.4 7 0 1.8 1.6 0 0.2 3.4000000000000004 0 0 0 0 0 0 0 0 0 1.6 2.2 1.8 0 0 0 0 0 0 2.6 0 6.800000000000001 0 0 0 0 0.4 0 0 0 0 0 0 0 0 0 0 0 0.4 0 0 0 0 0 0 2.8000000000000003 0 0 0 0 0 0 0 0 0 0 0 2.2 0 0.6000000000000001 22.6 0.4 0.4 0 3.6 0 0 0 0 0 0 0 0 0 0 0 0 0 0 0 0 0 0 0 0 0 0 0 0 0 0 0 0 
 0.2 0.2 0.2 0.4 0 0 0.4 0.8 0 0 0.2 0.8 0.4 0.2 0.2 0.2 0.4 0.2 0.2 0.2 10.600000000000001 13.200000000000001 54.2 8.6 44.6 57.400000000000006 22.8 36.6 62 22.8 17 0 7.2 20 41 6.800000000000001 23.8 63 21.400000000000002 22.6 0 0.8 0.6000000000000001 0.6000000000000001 0 0.6000000000000001 2.8000000000000003 6 0 0 0 0 0.4 0 0.4 0 0 0 12.4 5.2 0 1.4000000000000001 0 0 0 0 0.6000000000000001 0.2 0.6000000000000001 0.2 0 1.8 1 0 1.6 0 0 0 0 0 0 0 0 0 3.4000000000000004 0 0 0 0 0 0 0 0 0 0 0 0 0 0 0 0 5.4 2.6 4.6000000000000005 5 0 2.8000000000000003 0 0 0 6.2 0 0 0 2 0 1.4000000000000001 1.6 0 0 0 0 1.6 0 0 0 0 0 0 2.8000000000000003 0 0 0 4.2 0.6000000000000001 0 2.8000000000000003 0 8.4 0 0 0 0 0 0 0 0 0 6.4 0 0 0 0.4 0 0 0 0 0 0 0 0 0 0 0 0 0 0 0 0.2 0 0 0 0 0.4 0 0 0 0 0 0 2.4000000000000004 3.4000000000000004 6.6000000000000005 3 5.800000000000001 1.8 0 0 8.8 7 2 0 0 0 0 2.4000000000000004 0 0 0 0 3.6 2.4000000000000004 0 0 0 0 2.8000000000000003 0 0 0 0 0 14 4.800000000000001 0 0.2 2.6 0 4 2.4000000000000004 0 0 0 0 0 0 0 0 0 0 0 0 0 0 0 0.4 0 0 0.2 0 0 0 0 0 0 0 0 0 0 0.4 0 0 0 0 1.2000000000000002 0 0.4 1 0 0.2 0 3.6 0 0 0 0 0.2 0 0 0 0 0 0 0 0 0 0 0 0 2.4000000000000004 0 4.2 0 0 0 2.4000000000000004 0 0 0 0 
