 0 18.8 74.4 29.200000000000003 8.8 38 48 31.200000000000003 7.6000000000000005 13.600000000000001 4.800000000000001 10.600000000000001 48.400000000000006 36.800000000000004 32 6.800000000000001 40.6 12.200000000000001 43.2 45.6 0 0.2 0 0 14.8 0 0 0 0 0.8 0.2 0 0 0.4 0.4 0 0.6000000000000001 0 15 0 0 0.6000000000000001 0 0 0 0.6000000000000001 0 0 0 0 0 0 0 0.4 7.800000000000001 0 0.4 0 0 0 0.2 0 0 1.6 0.6000000000000001 0 0 0 0 6.2 0.8 0 0 0 0 0.6000000000000001 0 0 0 0 6.800000000000001 3 7.2 5.2 0 0.2 2.2 3.4000000000000004 3.8000000000000003 2.8000000000000003 7.6000000000000005 0 0 1.8 3.6 3.2 4 0 2.4000000000000004 2.4000000000000004 0.2 0 0 0 0 0.4 0 0 0 0 0 0 0 2.4000000000000004 0 0 0 0 4.2 1.2000000000000002 0 0 0 0 1.2000000000000002 0 0 0.2 0 0 0 0 0 0.2 0 0 0 0 0 0 0 2.4000000000000004 0.8 0 0.4 0 0 0 0 0 0 0 0 0 0 0 0 0 0 0 5.2 2.4000000000000004 2.2 3.2 0 0 4.800000000000001 3.8000000000000003 2 0 0 0 0 1.2000000000000002 4 0 2 0 1.2000000000000002 5.800000000000001 0 0 0 0 0 0 0 0 0 0 0 0 0 0 0 4 0 0 0 0 0 0 0 0.4 0.2 2.2 0 0 0 0 0 0 0 0 0 0 0 0 0 0 0 0 0 0 0 2.2 0 0 0 0 0 0 0 0 0 0 0 0.4 0 0 0 0 0 0 0 0.4 0.4 0.2 0.4 0.2 0.4 2 0 0 0 0 0 0 0 0 0 0 0 0 0 0 0 0 0 0 0 0 0 0 0 0 0.6000000000000001 0 0 0 0 0 0 0 0 0 0 0 0 0 
 18.8 0 70.8 74 7.6000000000000005 24 22 45.6 34.2 5 7.4 24.400000000000002 97.4 48.800000000000004 14.8 114 101.2 48.2 20.400000000000002 15 0 0 0.6000000000000001 0 0.4 0.4 0 0 0.2 0.4 0 0 18.400000000000002 0 0.4 0 0.2 0 0 14.8 0 1.2000000000000002 0 0 0 0.6000000000000001 0 0 0 0 0 0 0 1.4000000000000001 0.2 0 0.6000000000000001 0 0 0.2 0 0 0 0 0.6000000000000001 1.4000000000000001 0 0 0 0 0 0 0 0 0 0.4 0.8 0 0 6.800000000000001 3.6 3.2 3.6 5.2 6.2 1.8 0 5.4 0 3.8000000000000003 4.4 1.6 0 4.2 2.8000000000000003 6.6000000000000005 3.2 9.4 3.8000000000000003 0 2.6 0 0 0 0.4 0 1.4000000000000001 0 0 0 0 0 2 0 2 0 0 0 3 0 0 0.8 0 0 0 0 0 0 0 0 0 0 0 0 0 0 0 0 0 0 0 0 1.6 0 0 0 0.4 0 0.4 0 0 0.4 0 0 0 0 0 0 0 0 5.6000000000000005 0 5.2 11.200000000000001 2.2 2.4000000000000004 0 0 2.8000000000000003 1.6 7.4 0.8 0 0.2 0 0.2 2.6 0 1.2000000000000002 0.4 0 0 0 0 0 0.2 0 0 0 0 0 0 6.6000000000000005 2 2.8000000000000003 0 0 0 2.2 2.2 0 0.2 0 0 0 0 0 0 0 0 0 0 0 0 0 0 0.4 0 0 0 0 0 0 0 0 0 0 0 0 0 0 0 0 0 0 0 0 0 0 0 0 0 0 0 0 0.4 0 0 18.2 17.8 0 2.2 0 0.2 0 0 0 0 0 0 0 0 0 0 0 0 0 0 0 0 0 0 0 0 0 1.8 3.2 0 0 0 0 0 0 0 0 0 0 0 0 0 
 74.4 70.8 0 39 29.8 33 56.400000000000006 43.6 31.400000000000002 16.6 70 11 25.400000000000002 46 16 93 16 10.8 13.4 7.4 0 0 0 0 0.4 1.2000000000000002 0 0 0 0.8 0.8 0 0 0 1.2000000000000002 1.2000000000000002 16.400000000000002 0 0 0 0 0.6000000000000001 0 0 0 0.6000000000000001 0 0 0 0.8 0.8 0 0 0.4 0.2 0 1.2000000000000002 0 0 0 0 0 0 0 0.2 0 0 0 0.8 0.4 0 0 0 0 0.8 0.6000000000000001 0 0 0 0 0 5 0.2 6.4 6.2 6 0 2 6.800000000000001 2 2 8.6 0 5.4 0.2 2.8000000000000003 3.4000000000000004 2.2 3.8000000000000003 0 0 0 0 0 0 0 0.2 2.2 0 0 0 0 0 1 0.2 0 0 0 2.8000000000000003 0 0 0 0 0 0 0 0 0 0 0 0 0.2 0 0 0 0 0 0 0 0.8 3.8000000000000003 0 0.2 0 0 0 0 2 0 0.6000000000000001 0 0 0 0 0 0.4 0.2 0 0.4 0 0.4 0.8 3.8000000000000003 0.8 0 0.2 3.2 2 0 7 8.4 4 0 2.4000000000000004 2 0 4.2 1.4000000000000001 0 0 0 0 0 0 1.2000000000000002 0 0 0 1.2000000000000002 0 0 0 3.2 0 1.8 0 0 3.4000000000000004 3.4000000000000004 5.800000000000001 0 0 0 0 0 0 0 0 0 0 0 0 0 0 0 0 0 0 0 0 0 0 0.2 0 0 0 0 0 0 0 0 0 0 0 0 0 0 0 0 0 0 0 0 0 0 0 17.6 0 0.2 17.8 0.2 1 0 0 0 0 0 0 0 0 0 0 0 0 0 0 0 0 0 0 0 0 0 0 0 4.6000000000000005 0.2 0 0 0 0 0 0 0 0 0 0 0 0 0 
 29.200000000000003 74 39 0 35 36.6 26 14.8 32.4 52 51.800000000000004 25 17.2 102.2 51 24.400000000000002 27.8 56.400000000000006 15 10.4 0 0 0 0 0.6000000000000001 0 2 0 0 0.4 0 0 15 0 0.6000000000000001 0 0 0 12.8 12.200000000000001 0 1.2000000000000002 0 0 0 0.6000000000000001 0.4 0 0 0 0 0 0 0.6000000000000001 15.4 0 1.6 0 1.8 0.2 0.8 0 0 0 0.6000000000000001 0 0 0 6 0 0 0 0 0 0 10.200000000000001 2.4000000000000004 0 0 0 0 0.2 0.2 4.800000000000001 1.8 10.8 0 0 3.8000000000000003 0 2.8000000000000003 0 0 0.2 0 1.8 1 9.600000000000001 0 0 3.8000000000000003 3.2 0 0 0 0 3.4000000000000004 1.8 3.8000000000000003 2 0 0 0 1.8 0 0 0 0 23 7.6000000000000005 0 0 0 0 0 0 0 0 0 0 0 0 0 0 0 0 0 0 0 0 0 0.4 0 0 0 0 0 0 0 0.4 0 0 0 0 0 0 1.4000000000000001 0 0 0 0.2 0.2 6 0 0 3 0 0 1.6 4.2 2 3 0 3 0 0 0 4.2 0 0 2.4000000000000004 11 2.6 0 0.4 0 3.4000000000000004 3.4000000000000004 0.2 0 2.2 0 4.4 0.4 0.2 0 1.4000000000000001 0 0 0 0 0 0 0 0 0 0 0 0 2.2 0.2 0 0 0 1.8 0 0 0 0 0 0 0 0 0 0 0 0 0.4 0.4 2.4000000000000004 0 0 0.4 0 0 0 0 0 0 0 0 0 0 0 0 0.4 0.8 0 0.2 18 0 1.2000000000000002 0 0 0 0 0 0 0 0 0.2 0 1.4000000000000001 0 0 0 0 0 0 0 0 0 0 0.4 0 2.2 2.8000000000000003 0 0 0 0 0 0 0 0 0 0 0 0 0 
 8.8 7.6000000000000005 29.8 35 0 137.20000000000002 59.400000000000006 17.6 20 16.2 19 23.400000000000002 72.4 22.8 40 16 14.600000000000001 8.8 12.600000000000001 10.600000000000001 0 14.8 5.2 0 0.4 0 24.8 19.200000000000003 0 0.4 0 0 20.200000000000003 24.200000000000003 21 15.600000000000001 0 0.4 0.6000000000000001 2.6 0 0.4 0 16.2 12.200000000000001 1.2000000000000002 0 0 0 0 0 0 0 3.2 0.2 0 0.6000000000000001 0 0 0.4 0 0 0 0 0.6000000000000001 0 0 0 0 0 0 0 0 0 0 0.4 0 0 0 0 0 0.4 0 0.6000000000000001 3 4.6000000000000005 0 2.2 0.8 0 0 5.800000000000001 0 0 0 0 0 0.2 0 0 5.2 1.4000000000000001 0 2.2 0.4 0 5 0 5.800000000000001 1.6 0 0 8.8 2.8000000000000003 0 5.2 1.8 11.200000000000001 8 12.8 0 0 0 0 0.2 0 0 0 0 0 0 0 0 0 0 0 0 0 0 0 2.8000000000000003 2.2 0 0 0 0 0 0 0 0 0 0 1.2000000000000002 0 0 0 0 0 0 0 0 0.4 5.4 2.8000000000000003 0 4.2 0 0 0 2.8000000000000003 3 2.2 0 0.6000000000000001 0 0 0 0 0 0 8.200000000000001 10.200000000000001 15.4 0 0 0 1.8 10.8 2.2 4 0 0 6.800000000000001 0 0.4 4 2 0 6.2 6.4 0 0 0 0 0 0 0 0 0 0 0 0 0 0 0 0 0 0 0 0 0 0 0 0 0 0 0 0 0 0 0 0 0 0 0 0 0.4 0 0 0 0 0 0 0 0.4 0.6000000000000001 0.6000000000000001 0.8 0 0 0 1.4000000000000001 0 0 0 0 0 0 0 0 0 0 0 0 0 0 0.4 0 0 0 0 0 0 0 0 2 0 0 0 0 0 0.2 0 0 0 0 0 0 0 0 
 38 24 33 36.6 137.20000000000002 0 23.6 10.600000000000001 23.200000000000003 48 53.400000000000006 71.4 9.600000000000001 47.2 44 33.800000000000004 76 11.4 11.4 10.200000000000001 5.6000000000000005 29 14.8 0 0.4 0 16.2 0 0 0.6000000000000001 0 0 15.4 14.8 15.200000000000001 0 0.8 0 18 0.4 0 0.4 0 0.4 0 1.4000000000000001 0 0 0 0 0 0 0 2.8000000000000003 13.200000000000001 0 0.6000000000000001 0.2 0 0.2 0 0 0 0 0.6000000000000001 0 0 0 0 0 0 0 0 0 0 9.200000000000001 0.6000000000000001 0 0 0 0 0.2 0 5.4 4 6.4 0 0 5 0 3.2 1.6 0 0 0 2.6 2.2 7 0 0 0 0 0 0.6000000000000001 1.8 0 4.6000000000000005 3.8000000000000003 4 3 0 0 1 0.2 0 2 0.2 3 9.600000000000001 3.4000000000000004 0 0 0 0.2 0 0 0 0 0 0 0 0 0 0 0 0 0 0 0 0 0 0 0.2 0 0 0 0 0.2 0 0 0 0 0 0 0 0 1.2000000000000002 0 0 0 0 0 7.2 3.4000000000000004 1.6 5.6000000000000005 0.4 0 0 0 3.2 0 0 2 0.2 0 0 0.2 0 0 0 8 0 0 0 0 1 1.6 0 0 0 0 2 0 3.8000000000000003 1 3.6 0 0 0.2 0 0 0 0 0 0 0 0 0 0 0 0 0 0 2.6 0 0 0 0 2 0 0 0 0 0 0 0 0 0 0 0 0 0 0 0.4 1.6 0 0 0 0 0 2.4000000000000004 0 0 0 0.2 17.2 0 0.8 20 0 3 0 0 0 0 0 0 0 0 0 0 1 0 0 0 0 0 0 0 0 0 0 0.6000000000000001 0 0.4 2 0 0 0 0 0 0 0 0 2.4000000000000004 0 0 0 0 
 48 22 56.400000000000006 26 59.400000000000006 23.6 0 68.4 17.8 6.800000000000001 6.4 7.4 74.8 36 8.6 26.200000000000003 49.400000000000006 9.200000000000001 29.8 26.400000000000002 0 0 0 16 0.4 0 0 0 0 1.2000000000000002 0 0 0 0 15.8 0 0.6000000000000001 0 0 0.6000000000000001 10.600000000000001 0.2 0 0 0 0.6000000000000001 0 0 0 0 0 0 0 0.4 0.4 0 0.6000000000000001 1.6 1.4000000000000001 0.8 0 0 0 0 0.6000000000000001 0 0 0 0 0 0 0 0 0.8 0 0.2 0.2 0 0 0 0.2 12.8 4.6000000000000005 2 0 0 3 0.4 2 6.6000000000000005 7 0 0.2 7.4 5.6000000000000005 0 0 0 0 2.8000000000000003 0 0.4 0 0 0 0 0.2 0 0 0 0 0.2 0 0 0 0 0 0 0.2 0 0.4 0 0 0 0 0 0 0 0 0 0 0 0 0 0 0 0 0 1.8 0 0 0 6.4 0 0 0 0 0 0 2.4000000000000004 0 0 0 0 0 0 0 0 0 0 0.8 1 0 2.8000000000000003 4.6000000000000005 0 8 4.2 0.2 4.4 0 1.6 1 2.6 3.2 1.6 2.6 4 1 4.6000000000000005 0 0 3.4000000000000004 0 0 0 0 0 0 0 0 0 0 0 0 0 0 0 0 0 0 0 0 0 0 0 0 0 0.4 0 0 0 0 0 0 0 0 0 0 0 0 0 0 0 0 0 0.2 0 0 0 0 0 0 0 0 0 0 0 0 0 0 0 0 0 0 0 0.2 0.4 0.4 0 0.2 0.8 0 0 0 0 0 0 0 0 0 0 0 0 0 0 0 0 0 0 0.2 0 0 0 0 0 0 0 0 0 0 0 0 0 0 0 0 0 0 0 
 31.200000000000003 45.6 43.6 14.8 17.6 10.600000000000001 68.4 0 57.6 4.6000000000000005 5.800000000000001 38.6 39.2 73.60000000000001 14 42.400000000000006 65.60000000000001 63 29.400000000000002 10.8 0.2 0.8 0 0.4 0.4 0 0 0 0.4 0.8 0 0 0 0 1 0 0.2 0.6000000000000001 0.6000000000000001 0 0 0.4 0 0 0 0.6000000000000001 0 0.6000000000000001 0.2 0 0.6000000000000001 0 0.6000000000000001 0.4 0.2 13 1.2000000000000002 0 0.4 0.2 0 0 0 1 0.6000000000000001 0.4 0 0.6000000000000001 1.2000000000000002 0 0 0.4 0 0.6000000000000001 0 0.4 0 0.6000000000000001 0 0 9.4 3.4000000000000004 6.4 8.8 2.2 0 0 8.8 5 4.6000000000000005 5 10.200000000000001 0 6.6000000000000005 2.6 2.8000000000000003 4.6000000000000005 1 0.4 2 0 0 0 0 0 1.6 0 0 0 0 0 0 0.4 0 0 0 0 0 0 0 0 0 0 0 0 0 0 0 0 0 0 0 0 0 0.8 0 0 0 0 0 0 0.2 0.6000000000000001 0 0 0 0 1.2000000000000002 0 0 0 0 0 0 0 0 0 0 0 0 7.800000000000001 2.6 5.4 2.6 1.8 2.2 0 0 0 6.2 5.2 3.4000000000000004 0 0 0 0 2.8000000000000003 0.4 0.8 4.800000000000001 0 0 0 2 0 0 0 0 0 0 0 0 12 0 0 0.2 0 0 2.4000000000000004 2.6 0 0 0 0 0 0 0 0 0 0 0.2 0 0 2 0 0 0 0 0 0 0 0 0 0 0 0 0 0 0 0 0 0 0.2 0 0 0 0 0 0 0 0 0 0 0 0 0.4 0 0.2 0.4 0 0 1 0 0 0 0 0 0 0 0 0 0 0 0 0 0 0 0 0 0 0 0 0 0 0 0.2 4 0 0 0 0 0 0 0 0 0 0 0 0 0 
 7.6000000000000005 34.2 31.400000000000002 32.4 20 23.200000000000003 17.8 57.6 0 47.400000000000006 61.400000000000006 50.2 51 47 22.8 48.400000000000006 18.2 8.6 22.8 8.8 0.4 0.4 0.2 0 0.4 0 0.4 0.4 0.6000000000000001 0.4 0 0.4 0.4 0.4 0.4 0.4 0 0.4 0.2 0.4 0 0.6000000000000001 0 0 0 0.6000000000000001 0 0 0 0 0 0 0 0.4 0 0 0.4 0 0 0 0 0 0 0 0.6000000000000001 0 0 0 0 1 0 0.2 0 0 0 0.6000000000000001 0 0 0 0 0 3 3.4000000000000004 12.8 2.2 0.6000000000000001 4.800000000000001 0 3.4000000000000004 2.2 5 3.2 0 2.2 5.2 0 0 0.8 0.4 6.2 0 0.2 0.4 0 0 0 3 4.800000000000001 0 0 0 0 0 0 0 0 0 0 0 0 0.2 0 0 0 0 0.2 0.2 0 0.2 0.4 0 0 0 0 0 0 0 0 0 0 0 0 0 0 0 0 0 0.2 4.2 0 0 0 0 0 0 0 0.8 0 0 0.2 0 0 1.8 0 5 2.4000000000000004 0 3.4000000000000004 3.6 3 3.2 0 0 0.2 0.2 0 4.800000000000001 3.2 2 2.8000000000000003 0 0 0.2 0 0 0 2 0 0 0 0 0 4.6000000000000005 4 0 1.8 1.2000000000000002 0 2.8000000000000003 2.4000000000000004 0 0 0 0 0 0 0 0 0.2 0 0 0 0 0 4 0 0 0 0 0 0 0 0 0 0 0 0 0 9.4 0.4 0 0 0 0 0 0 0 0 0 0 0 0 0 0 0 0 0 0 0.6000000000000001 0 0 1.8 0 0 0 0 0 0 0 0 0 0 0 0 0 0 0 0 0 0.2 0 0 0 0 0 0 5.6000000000000005 3.2 0 0 0 0 0 0 0 0 0 0 0 0 
 13.600000000000001 5 16.6 52 16.2 48 6.800000000000001 4.6000000000000005 47.400000000000006 0 30.400000000000002 33.6 12 64.60000000000001 100 27.6 67 22.200000000000003 13.600000000000001 45.400000000000006 1.8 6 0 0 1 1 0.8 1 0.2 0.8 0 0.8 0.4 1.2000000000000002 0.8 0.6000000000000001 0 1 14.600000000000001 0.6000000000000001 0.6000000000000001 0.4 0.6000000000000001 1.2000000000000002 1 1 1 0 0.6000000000000001 0 0.4 0 0 1.6 8 0.6000000000000001 1.8 0 0.6000000000000001 0.2 0 0 0 0 0.6000000000000001 0 0 0 0 0 0.6000000000000001 0.6000000000000001 0 0.4 0 11.200000000000001 0.6000000000000001 0.8 0 0 4 2.8000000000000003 8.6 2.2 0 0.4 1.4000000000000001 3 2.6 7.4 7.2 0 3 3.8000000000000003 3.8000000000000003 12.4 2.8000000000000003 3.6 2.2 5.800000000000001 0 0 0 0 0 0 3.4000000000000004 0 0 0.2 0 0 0 0 0 0 0 0 6.800000000000001 6.800000000000001 0 0 0 0 0 0 0 0 0 0 0 0 0 0 0 0.2 0 0 0 0 0 0 0 0 0 0 0 0 0.2 0 0 0 0.2 0 0 0 2.6 0 0 0 0 0.2 3.6 5.800000000000001 6.4 3 0 4 8.200000000000001 5.4 0 0.2 0 4.4 3.4000000000000004 4 0.4 6.4 0 5.4 0 0 0 0.4 0 0.2 1 0.6000000000000001 0 0 0 0 0 0 0 0.2 4 0 4 0 0 0.4 0 0 0 0 0 0 0 0 0 0 0 0 2 0 0 0 0 0 0 0 0 0 1.4000000000000001 0 0 0 0 0 0 0 0 0 0 0 0 0 0 0 0 2.2 0 0 0 0.2 10.200000000000001 0 0 0.8 0.2 0.6000000000000001 0.4 0 0 0 0 0 0 0 2.2 0 1.2000000000000002 0 0 0 0 0 0 0 0 0 0 0 0 0 2.4000000000000004 0.6000000000000001 0 0 0 0 0 0 0 0 0 0 0 0 
 4.800000000000001 7.4 70 51.800000000000004 19 53.400000000000006 6.4 5.800000000000001 61.400000000000006 30.400000000000002 0 6.800000000000001 8.200000000000001 69.4 54.400000000000006 33.6 59.400000000000006 53.6 8.4 9.4 0 0 0 0.6000000000000001 1 0.6000000000000001 0.4 0.4 0 0.6000000000000001 0.6000000000000001 0.6000000000000001 31.200000000000003 5.2 0.4 0 0.6000000000000001 0.6000000000000001 0 32 0 0.6000000000000001 0 0.4 13 1.2000000000000002 0 0 0 0 0 0.4 0 0.4 2 0 13 0.4 2.4000000000000004 12.600000000000001 0 0 0 0 0.6000000000000001 0.4 10 0 0 1.6 0 0.4 0 9.8 0 0.6000000000000001 0.8 0 1.2000000000000002 0 0 11.600000000000001 0 11.8 0 2 0 2.4000000000000004 11 0 0 7.800000000000001 2.8000000000000003 0 2.8000000000000003 3.8000000000000003 8.6 4 0 2.4000000000000004 3.6 5.800000000000001 0.2 0 0.2 0 5.4 3.2 0 0.2 0 0 2 0 2 3.2 0 4 17 0.8 6 0 0.4 0 0 0 0 0 0 0 0 0 0 0 0 0 0 0 0 0 0 0 0 0 0 0 0 0 0 0 0 0 0 0 0 0 0.2 0.4 0 0 0 0.6000000000000001 3.6 11.8 3 0 0 0 3.2 3.8000000000000003 3 0.6000000000000001 0 2.8000000000000003 3 3 0.4 7.800000000000001 0 0 3.2 0 0 0 0 0 2 0.8 3.2 0 0 0 8.8 2.6 4.6000000000000005 2 3 0 0.4 0.2 0.2 0 0 0 0 0 0.4 0 0 0 0 0 0 0 1.6 0 0 0 0 0 0 0 0 0 0 0 0 0 0 0 0 0 0 0 0 0 0 0 0 0 0 0.2 0 0 0 0 1 0 0.8 19 0.4 1.2000000000000002 0 0 0 0 0 0 0 0 0 0 2.2 0 0 0 0 0 0 0 0 0 0 0 0.4 1.8 0 5.2 0 0 0 0 0 0 0 0 0 0 0 0 
 10.600000000000001 24.400000000000002 11 25 23.400000000000002 71.4 7.4 38.6 50.2 33.6 6.800000000000001 0 4.2 19.200000000000003 29.8 8.200000000000001 84.80000000000001 25.8 6.2 6 0 15 0 0 0.4 0.8 21.8 0.2 0 1 0 0.4 30.6 30.6 0.4 14.8 0.4 0.4 31.200000000000003 5.6000000000000005 0 0.4 0 1.8 0 1.6 0 0 0 0 0 0 0 12.8 7.4 0 0.6000000000000001 0 0 0.2 0 0 0 0 0.6000000000000001 0 4 0 0 0.6000000000000001 0 0.2 0 0 0 0.6000000000000001 0 0.2 0 0 0 4 0 0 5 4 0 0 1.2000000000000002 0 2.4000000000000004 1.4000000000000001 0 0 0 3.8000000000000003 1.8 1.8 0 0 0.4 2.4000000000000004 2.6 0 0 0 2.6 9.600000000000001 3.4000000000000004 3 0 4.800000000000001 0 2.8000000000000003 0 2 0 0.2 5.4 6 0 0 0 0 0 0 0 0 0 0 0 0 0 0 0 0.4 0 0 0 0 0 0 0 0 0 0.4 0 0 0 0 0 0 0 0 0 0 0 0 0 0 0 0 2 2.8000000000000003 12 4.2 0 0 0 0 6.4 4.2 0 1.2000000000000002 0 0 0 0 0 2.4000000000000004 0 5.6000000000000005 0 0.2 0 0 0 6.4 1.8 0 0 0 2.8000000000000003 5.4 0 1.8 0 0 0.2 0 0.2 0 0 0 0 0 0 0 0 0.4 0 0 0.4 0 0 0 0 0 0 0 0 0 0 0 0 0 0 0 0 0 0 0 0 0 0 0 0 0 0.4 0 0 2.6 0 0 0 0 17.2 0.2 1.8 7.2 0 1.4000000000000001 3.6 0 0 0 0 0 0 0 0 0 0 0 0 0 0 0 0 0 0 0 0 0 0 0 6.6000000000000005 2.6 0 0 0 0 0 0 0 0 3.4000000000000004 0 0 0 
 48.400000000000006 97.4 25.400000000000002 17.2 72.4 9.600000000000001 74.8 39.2 51 12 8.200000000000001 4.2 0 58.400000000000006 28 25 52 10.600000000000001 61.800000000000004 47.400000000000006 0.4 0 0 0 0.4 0.4 0 0 0 0.6000000000000001 0.4 0 0 0 0.6000000000000001 0 0.2 0 0.4 1.4000000000000001 0 0.2 0 0 0 0.6000000000000001 0 0 0 0 0.6000000000000001 7.6000000000000005 0.4 0.4 0.4 0 1 0 0 0.4 0 0 0 1.4000000000000001 0.6000000000000001 0 0 0.6000000000000001 0 2.8000000000000003 1.4000000000000001 2 0.2 0 1 0 0.8 1.8 0 0 3.2 0 7.2 1.4000000000000001 0 0 5.4 0.2 3.2 1.4000000000000001 0 0 0 1.4000000000000001 5.4 0 3.2 0.2 7 6.4 0 0 0 0 0 0 0 0 0 0 0 0 0.4 0 0.4 0 0 0 0 0 0 0 0 0 0 0 0 0 0 0 0 0.4 0 0 0 0 0 0 0 0 0 0 0 0 0 0 0 0 0 0 1 0 0 0 0 0.2 0 0 0.2 0 0 8 0 0 0 0 0 9.8 4.2 1.6 0 0 3 2 2.8000000000000003 4.2 0 1.2000000000000002 5 3 0 0 0 0 0 0 0.2 0 0 0 0 0 0 0 0 0 0 0 0 0 0 0 0 0 0 0 0 0 0 3.6 0 0 0 0.2 0 0 0 0 0 0 0 0 0 0 0 0 0 0 0 0 0 0 0 0 0 0 0 0 0 0 0 0 0 0 0 0.4 0 0.4 0.4 0 0 2.2 0 0 0 0 0 0 0 0 0 0 0 0 0 0 0 0 0 0 0 0 0 0.6000000000000001 0 0 0 0 0 0 0 0 0 0 0 0 0 0 0 0 
 36.800000000000004 48.800000000000004 46 102.2 22.8 47.2 36 73.60000000000001 47 64.60000000000001 69.4 19.200000000000003 58.400000000000006 0 40.2 26.8 111.2 10.8 17.400000000000002 32.800000000000004 0.4 18.8 0 0 0.4 0 0.2 0 0 0 0 0.2 0 0 0.4 0 0 0 14.600000000000001 14.8 0 0.4 0 0 0 1 0 0 0 0 0 0 6.4 0.4 6.6000000000000005 0 0.6000000000000001 0 0 0.2 0 0 0 0.2 0.6000000000000001 9 0 0 0 0 1.4000000000000001 0 0 0 0 1 0 0 0 0 0.2 9.200000000000001 0 8.6 2.8000000000000003 1.8 0 3.2 7 0 7.6000000000000005 9.200000000000001 0 4.6000000000000005 2 3 4.2 0 0 2.2 0 0 0 0 0 0 0 0 0 0 0 0 0.2 0 0 0 0 0 11.4 2 0 0 0.2 0 0 0 0 0 0 2.8000000000000003 0 0 0 0 0 0 1.8 0 0 0 0 0 2 0 0 0 0 0 0 0 0 0 0 0 0 0 0 0 0 0 0.2 0 4.6000000000000005 1.6 0 0 0.2 2 0 9 6.6000000000000005 2 0 2.4000000000000004 0 0 6.800000000000001 1.2000000000000002 0 2.8000000000000003 0 0 0 0 0 0 0 0.2 0 0 0 0 3.6 0 0.4 0 0 0 2.2 2 0 0 0 2.4000000000000004 0 0 0 0 0 0 0 0 0 0 0 0 0 0 0 0 0 0 0 0 0 0 2.6 0 0 0 0 0 0 0 0 0 0 0 0 0 0 0 0 0 0 0.8 0 0 0.2 0.2 0 0.4 0 0 0 0 0 0 0 0 0 0 0 0 0 0 0 0 0 0 0 0 0 0 0 1.8 3 0 0 0 0 0 0 0 0 0 0 0 0 0 
 32 14.8 16 51 40 44 8.6 14 22.8 100 54.400000000000006 29.8 28 40.2 0 17.6 40.400000000000006 25.200000000000003 51.6 17.6 0.6000000000000001 0 1.2000000000000002 0 0.4 0 22.400000000000002 0 0 0.6000000000000001 0 0 0.4 0.8 0.4 0 0 0 12 14.8 0 0.4 0 0 0 0.6000000000000001 0.2 0 0 0 0 0 0 0.6000000000000001 14 0 0.6000000000000001 0 9.8 0.6000000000000001 0 0 0 0 0.6000000000000001 0 6.2 0 0 0 0 0 0 0 0 6.800000000000001 0.2 0.6000000000000001 0 0 0 0 3.2 4.6000000000000005 3.2 5 10.4 2 3.4000000000000004 3.6 9.8 0 3.2 1 4.2 6.800000000000001 7 6.2 1.6 7 1.8 0 0 0 0 0 5 2.6 0 0 0 0 3 0 0 0 0 0.4 5.800000000000001 5.2 0 0 0 0 0 0 0 0 0 0 0.4 0 0 0 0 0 0 0 0 0 0 0 0 0 0 0 0 0 2.4000000000000004 0.8 0 0 0.2 0 0 0 2.2 0 0 0 0.4 2.8000000000000003 10.200000000000001 1.6 0 0.8 0 3.2 12.600000000000001 0 0 2.2 0 2 3.6 1.6 4.4 6.2 0 1.2000000000000002 0 0 0 0 0 0 4 0 0.2 0 0 0 8.4 0 0 0 0.2 0 0 0 0 0 0 0 0 0 0 0.4 0 0 0 0.4 0 0 0 0 0 0 0.4 0 0 0 0 0 0 0 0 0 0 0 0 0 0 0 0 0 0 0 0 0 0 0 0 0 0 0.4 0.4 0 0.8 18 3 1.6 0 0 0 0 0 0 0 0 0 0 2.4000000000000004 0 0 0 0 0 0 0 0 0 0 0 0 0 2.2 0 0 0 0 0 0 0 0 0 0 0 0 0 
 6.800000000000001 114 93 24.400000000000002 16 33.800000000000004 26.200000000000003 42.400000000000006 48.400000000000006 27.6 33.6 8.200000000000001 25 26.8 17.6 0 62.400000000000006 10.4 11.600000000000001 41 0 0 0 0 0.4 0 0 0 0 0.4 0 0 6 0 0.4 0 0 0 0.4 4.6000000000000005 0 0.4 0 0 9.600000000000001 0.6000000000000001 0 0 12.8 0 0 0 0.4 0.4 0.2 0 0.6000000000000001 0 0 0.2 0 0 0 0 0.6000000000000001 0 0 0 0 0 0 0 0 0 0 0.6000000000000001 1.4000000000000001 0 0 0 0 5.2 0 7 4.800000000000001 0 2 0 2.8000000000000003 0.2 1 3.6 0 3 2.6 0.2 4.6000000000000005 6.2 0 7 0 0 0 0.2 0 0 4.2 2.4000000000000004 0 0 0 0 0.4 1.8 0.6000000000000001 3 0.2 0 0 0 0 0 0 0 0 0 0 0 0 0 0 0 0 0 0 0 0.4 0 0 0 0 0 0 0 0 0 0 0 0 0 0 0 0 0.2 0 0 0.4 0 0 0 0 0 2.4000000000000004 9.200000000000001 2 2 0 0 0 3.4000000000000004 6.6000000000000005 0.2 0.4 0 0 3.2 6.800000000000001 0 0.4 13.4 0 0 0 0 0 0 2.8000000000000003 0 0 0 0 0 4 2.4000000000000004 3.4000000000000004 2.4000000000000004 2 0 0.2 0.6000000000000001 0 0 0 0 0 0 0 0 0 0 0 0 0 0 3.8000000000000003 0 0 0 0 0 0 0 0 0 0 0 0 0 0 0 0.4 0 0 0 0 0 0 0 0 0 0 0 0 0 0 0 0.4 0 0.2 9.600000000000001 0 1.2000000000000002 0.4 0 0 0 0.2 0 0 0 0 0 12.600000000000001 0 0 0 0 0 0 0 0 0 0 0 0 0 5.6000000000000005 2.6 0 0 0 0 0 0 0 0 0 0 0 0 
 40.6 101.2 16 27.8 14.600000000000001 76 49.400000000000006 65.60000000000001 18.2 67 59.400000000000006 84.80000000000001 52 111.2 40.400000000000006 62.400000000000006 0 73 10.200000000000001 9.200000000000001 0 0 0 4.2 0.4 0 0.4 0 0 0.8 0 0 0 0 0.4 2 0 0 0 0 0 0.4 0 0 0 0.6000000000000001 0 0 0 0 0 0 0 0.4 13.600000000000001 0.2 0.6000000000000001 0 0 0.2 0 0 0 0 0.6000000000000001 0 0 0 0 0 0 0 0 0 0 0.6000000000000001 0 0 0 0 3 6.2 1.8 5.800000000000001 2.4000000000000004 0 0.2 10.4 1.8 0.2 8.4 8.200000000000001 2.2 4.6000000000000005 1.2000000000000002 12.200000000000001 7 2.4000000000000004 0.2 0.6000000000000001 2.8000000000000003 1.6 0.2 0 0 0 7 3 0 0 0 4 0 0 0 0 0 0 0.4 3.6 2 0 0.2 0 2.6 0 0 0 0 0 0 0 0 0 0 0 0 0 0.4 0 0 0 0 0 0 0 0 0 0 0 0 0 0 0 0 0 0.6000000000000001 0.2 0 0 8.200000000000001 4.2 4.800000000000001 3.4000000000000004 2.4000000000000004 0.2 0 0 8.4 3 0 2.4000000000000004 3 4.2 2 4 3.6 0.2 0.4 0 0 0 0 0 0 0 1.2000000000000002 0.2 0 0 0 0 1.4000000000000001 2.6 0.4 2 2 0 0 0 2.6 0 0 0 0 0 0 0 0 0 0 0 0 0 1.6 0 0 0 0 0 0 0 0 0 0 0 0 0 0 0 0 0 0 0 0 0 0 0 0 0 0 0 0 0 0 0.2 0.4 0.2 0.2 0 2 1.8 0 0 0 0 0 0 0 0 0 0 0 0 0 0 0 0 0 0 0 0 0 0 0 0 2.2 3.8000000000000003 0 0 0 0 0 0 0 0 0 0 0 0 
 12.200000000000001 48.2 10.8 56.400000000000006 8.8 11.4 9.200000000000001 63 8.6 22.200000000000003 53.6 25.8 10.600000000000001 10.8 25.200000000000003 10.4 73 0 24.6 20.8 0.2 0 0.6000000000000001 0 0.4 0 0 0 0 0.4 0 0 15 0 0.4 0 0.4 0 0 0 0 11.4 0 0.4 0 0.6000000000000001 0 0 18.400000000000002 0 0 0 0 0.4 0 0 0.4 0 0 0 0 0 0 0.4 0.4 0 0 0 0 0 0 0 0 0 0 9.600000000000001 0 0 0 0 4 2.8000000000000003 5.2 0.6000000000000001 3.8000000000000003 1 2.8000000000000003 4.2 2.2 3.8000000000000003 6.2 4 0 4.2 2.6 8.200000000000001 3.4000000000000004 8 0 5.6000000000000005 2.6 0.2 0 0 0 0.2 0 0.4 0.4 0 0 0 1.2000000000000002 0 0.8 0 0 0 0.4 2.4000000000000004 0 0 0 0 0 0 0 0.2 0 0 0 0 0 0.4 0 0 0 0 0 0 0 0 0 0 0.2 0 0 0 0.6000000000000001 2 0 0 0 0 0 0 1 0 0 0 6.2 2.8000000000000003 7.800000000000001 0 7.6000000000000005 4.6000000000000005 0 0 6 0.4 3.2 5 0 1 2 0 4.800000000000001 8 2 3 4 0 0 0 0 0 0 0 0 0 0 0 13 1.6 0 0 0 0 0.2 2 0 0 0 0.2 0 0 0 0 0 0 0 0 0 0 0.2 0 0 0 0 0 0 0 2.6 0 0 0 0 0 0 0 0 0 2.2 0 0 0 0 0 0 0 0 0 0 0 0 0.4 17.8 1 9.8 0.8 0 1.8 0 0 0 0 0 0 0 0 0 0 0 0 0 0 0 0 0 0 0 0 0 0 0 3.4000000000000004 4.4 0 0 0 0 0 0 0 0 0 0 0 0 0 
 43.2 20.400000000000002 13.4 15 12.600000000000001 11.4 29.8 29.400000000000002 22.8 13.600000000000001 8.4 6.2 61.800000000000004 17.400000000000002 51.6 11.600000000000001 10.200000000000001 24.6 0 24.8 0 0.4 0 0 0.6000000000000001 0 0 0 0.2 0.8 0.4 0.2 0 0 0.4 0 0.2 0 0.6000000000000001 0 0 1 0 0 0 1.2000000000000002 0 0 0 6.6000000000000005 0 0 0 0.4 0 0 0.4 5.6000000000000005 0 0 0 0 0 0 0.6000000000000001 0 0 0 0.6000000000000001 0 0.6000000000000001 0 0 0 0 0.6000000000000001 0 0 0.6000000000000001 0 0.4 0.2 4.2 2.8000000000000003 0 0 0 0.6000000000000001 0 4.2 0 1 0 2.2 0 1.8 0 0 5.6000000000000005 5.4 0 0 0 0 0 0 0 0 0 0 0 0 0 0 0 0 0 0 0 0 0 0 0 0 0 0 0 0 0 2.2 1.2000000000000002 0 0 0 0 0.2 2.6 0 0 0 0 0 0 0 0 0 0 0 0 0 1.4000000000000001 0 0 0 1.4000000000000001 0 0 0.2 3.4000000000000004 0 0 4.2 0 0 2.2 0 3.2 0 0.4 0 0 2 1.6 0 1.8 3.8000000000000003 1.4000000000000001 0 2.4000000000000004 1.2000000000000002 0 0 0 0 0 0 0 0 0 0 0 0 0 0 2 0 0 0 0 0 0.2 0 0 0 0 0 0.2 0 0 0 0 2.2 0.2 0 0 0 0 0 0 0 0 0 0 0 0 0 0 0 0 0 0 0 0 0 0 0 0 0 0 0 0 0 0 0 0 0 0 0 0.4 0.2 0 1.2000000000000002 0 0 0 0 0 0 0 0 0 0 0 0 0 0 0 0 0 0.2 0 0 0 0 0 0 0 0 0 0 0 0 0 0 0 0 0 0 0 0 
 45.6 15 7.4 10.4 10.600000000000001 10.200000000000001 26.400000000000002 10.8 8.8 45.400000000000006 9.4 6 47.400000000000006 32.800000000000004 17.6 41 9.200000000000001 20.8 24.8 0 0 0.4 0 0 5.4 0 0 0 0 0.6000000000000001 0 0 0 0 0.4 0 0 0 0.6000000000000001 0 0 1 0 0 0 1.2000000000000002 0 0 0 0 0 0 0 0.4 0 0 0.4 0 0 0 0 0 0 0 0.6000000000000001 0 0 0 0.6000000000000001 0 0.6000000000000001 0 0 0 0 0.6000000000000001 0 0 0.6000000000000001 0 5.2 0 3.8000000000000003 2 0.4 0 0.2 0.8 0 3.4000000000000004 0.2 0 0.8 0 0 0.2 3.4000000000000004 0.2 12 7.6000000000000005 0 0 0 0 0.2 0 0 0 0 0 0 0 0 0 0 0 0 0 0 0 0 0 0 0 0 0 0 0 0 0 0 0 0 0 0 0 0 0 0 0 0 0 0 0 0 0 0.2 0 0 0 0.8 0.2 0 0 0 0 0 0 0 0 20.200000000000003 4.800000000000001 3.6 0 3.2 0 3.2 0 0.8 0.4 2 0 4.2 1.6 0 5 0 3.4000000000000004 0 6.6000000000000005 0 0 0 0 0 0 0 0 0 0 0 0 0 0 0 0 0 0 0 0 0 0 0 0 0 0 0 0 0 0 0 0 0 0 0 0 0.2 0 0 0 0 0 0 0 0 0 0 0 1.6 0 0 0 0 0 0 0.4 0 0 0 0 0 0 0 0 0 0.4 0.2 0 0 0 1.8 2.4000000000000004 0 0.4 0 0 0 0 0 0 0 0 0 0 0 0 0 0 0 0 0 0 0 0 0 0 0 0 0 0 0 0 0 0 0 0 0 0 0 0 
 0 0 0 0 0 5.6000000000000005 0 0.2 0.4 1.8 0 0 0.4 0.4 0.6000000000000001 0 0 0.2 0 0 0 32 37 10.200000000000001 42.2 14.8 23 58.2 32 42.400000000000006 51.2 82.60000000000001 14.8 27.8 47.400000000000006 37 22.200000000000003 20.400000000000002 25.400000000000002 28.200000000000003 0 0 1 0.8 0.6000000000000001 0 40.800000000000004 13.600000000000001 0 0 1.2000000000000002 0.6000000000000001 0 1.4000000000000001 0.6000000000000001 0.8 3.8000000000000003 0.8 27.400000000000002 1.2000000000000002 0 0 0.2 0 0.6000000000000001 0.4 0.2 1.4000000000000001 0 0 0 1.4000000000000001 0.2 0 0 0 0 0 0 0.4 0 0 0 0 0 0 0 0 0 0 0 0 0 0 0 0.2 0 0 0 0 1.8 0 8.6 5.2 2.4000000000000004 4.800000000000001 0.4 4.4 3.2 0 8 3.8000000000000003 2.2 0 11.4 0.2 8.8 2 0 0 0 0 0 0 0 0 3.6 0 0 0 0 0.4 2 0 0 0 0 0 4.6000000000000005 6.800000000000001 0 1.8 0 0 0 0.4 0 0 0 0.4 0 0 0 0.8 0 0 0 0 0 0 0 0 0 0.6000000000000001 0 0 0 0.4 0 0.2 0 0 0 0 0 0 0 0 0 0.4 2.2 4.800000000000001 2.8000000000000003 6.800000000000001 2.8000000000000003 2.6 2.8000000000000003 0 2.2 4.6000000000000005 4.800000000000001 1.8 0 2.4000000000000004 3.2 9.200000000000001 2.4000000000000004 2.4000000000000004 0 3.8000000000000003 0 0 0 0 0 0 0 0 0 0 0 0 2.6 0 0 0 0 0 0.2 4.6000000000000005 0 0 0 0 0 0 0 0 0 0 0 0 0 0 0 0 0 0 0 0 0 0 0 0 0 0 0 0 0 0 0 0 0 0 0.6000000000000001 0.4 0 16 0 0.4 0.8 0 0 0 0 0 0 0 0 0 0 0 0 0 0 0 0 0 0 0 0 0.2 0 0.4 0 0.2 0 0 0 0 
 0.2 0 0 0 14.8 29 0 0.8 0.4 6 0 15 0 18.8 0 0 0 0 0.4 0.4 32 0 35.2 99.4 42.800000000000004 9.200000000000001 19.200000000000003 33 13.4 11.8 37.4 14 23.400000000000002 21 10.4 19.200000000000003 34.2 20.400000000000002 14 7 0 0 4.4 2.2 0 1 0 0.4 0 0 0.6000000000000001 0 13 2 0 0.2 1.2000000000000002 0.6000000000000001 12.8 0.6000000000000001 0 0 0 0 0 0.6000000000000001 0 0.4 0 0 0 0.6000000000000001 0 0 0 0 9.8 0 0 0.4 0 0 0 0.4 0 3 0 3.8000000000000003 0 0 0 2.4000000000000004 0 0 0 0 0 0 0 0 4.800000000000001 0 0 6.4 4.2 10.200000000000001 2.2 0 2.6 9.200000000000001 7.800000000000001 4.6000000000000005 4 0 1.8 2.6 5 4.4 3.8000000000000003 5.2 0 0 0 0.4 0 0 0 0 0 2.8000000000000003 0 0 1.8 0 0 0 0 0 1.8 0 0 0 0 0 0 0.8 0 0 0 0 0 0 0 0 0 0 0 0 0 0 0 0 0 1.8 1.4000000000000001 0.4 0 0 0 0.2 0 0 0 0 0 0 0 0 0 0 2.2 13 8.200000000000001 3.6 2.8000000000000003 2.4000000000000004 0 4.6000000000000005 0.8 3 0 1.4000000000000001 0 3 3 0 6.2 1.8 0 0 3 0 0 0 0 0 0.2 0 0 0 0 0 2.8000000000000003 2 0 0 0 0 0 1.8 0 0 0 0 0 0 0 0 0 0 0 0 0 0 0 0 0 0 0 0 0 0 0 0 0 0 0.4 0 0 0 0 0 0 0 5.2 0.4 0 0 0 0 0.8 2 0 0 0 0 0 0 0 0 0 0 0 0 0 0 0 0 0 0 0 0 0 0 0 0 0 0 0 0 
 0 0.6000000000000001 0 0 5.2 14.8 0 0 0.2 0 0 0 0 0 1.2000000000000002 0 0 0.6000000000000001 0 0 37 35.2 0 37.4 33.6 23.6 13.8 40.2 50 42.800000000000004 60.800000000000004 7.800000000000001 28.400000000000002 8.4 11.8 34.6 19.200000000000003 13 9 4.6000000000000005 0.6000000000000001 0 1.2000000000000002 0 0 0 0 0.4 0 0.2 0.6000000000000001 0.2 0.2 42.2 0 0.6000000000000001 0 0.6000000000000001 0.6000000000000001 0.6000000000000001 0 0 0 0 0 0.6000000000000001 0 1.2000000000000002 0 0 0 0.6000000000000001 0 0 10 0 0.2 0 0 0.4 0 0 0 0 0 0 0 0 0 0 0 0 0 0 0 0 0 0 0 0 2.8000000000000003 3.8000000000000003 5 3.6 0 4.6000000000000005 2.8000000000000003 0 2.6 0.2 7.2 0 11.600000000000001 0 6.4 2.2 8.200000000000001 1.2000000000000002 4.6000000000000005 4 0 2.2 2.6 0 0 0 1.8 0 0 0 0 0 0 4.6000000000000005 0 0 0 0 3.6 3.4000000000000004 0 0.6000000000000001 0 0 0 0 0 0 0 0 0 0 0.4 1.6 1.2000000000000002 0 0 0 0 0 0 0 0 0 0 0 1.8 0 0 0.2 0 0 0 0 0 0 0 0 0 0 10.600000000000001 7 10.8 6.2 5.4 9.600000000000001 0 0 0 14.200000000000001 2.4000000000000004 1.8 2.8000000000000003 9.200000000000001 0.4 2.8000000000000003 5 4.6000000000000005 2.6 3.6 0 0 0 0 0 0 1.6 0 0 0 0 0 0 0.4 0 2 0 0 2.4000000000000004 9 0 0 0 0 0 0 0 0 0.4 0.2 0 0 0 0 0 0 0 0 0 0 0 0 1.4000000000000001 0 0 0 0 0 0 0 0 0 0 0 1.2000000000000002 0 0.2 0 0.8 0.4 2.4000000000000004 0.4 0 0 0 0 1.8 0 0 0 0 0 0 0 0 0 0 0 0 0 0 6.6000000000000005 0 0 0 0 0 0 0 0 
 0 0 0 0 0 0 16 0.4 0 0 0.6000000000000001 0 0 0 0 0 4.2 0 0 0 10.200000000000001 99.4 37.4 0 36.6 30.6 106.2 34.6 24.200000000000003 29 78.4 12 18.2 14.4 15 6.6000000000000005 54.6 37.6 18.2 14 19.8 0.2 1.4000000000000001 0 0 0.6000000000000001 12.8 13 0 0 0.6000000000000001 0 17.400000000000002 0.8 12.8 13.600000000000001 0 0.6000000000000001 0.4 12.8 0 0.6000000000000001 0 0 0.6000000000000001 0.6000000000000001 0.6000000000000001 0.4 0 0 0 0.6000000000000001 0 0 0 0 0 0 0 1 0 0 0 0 0 0 0 0 0 0 0 0 0 0 0 0 0 0 0 0 0 0 0 5.6000000000000005 6 2.8000000000000003 2 0 0 5.6000000000000005 6 4.2 0 0.6000000000000001 0 0 2.6 1.8 0 0 5.6000000000000005 5 6 0 0 0 3 0 4.4 0 0 0 1.6 3.6 3.6 0 0 3.6 3.4000000000000004 1 0 0 0 0 0 0 0 0 1.4000000000000001 0 0 0 0 0 0 0 0 0 0 0 0 0.2 0 0 0 0 0 0 0 0.2 0 0 0.6000000000000001 0 0 0 0 0 0 0 0 0 2.2 4.800000000000001 4.4 9.200000000000001 0 0 0 2.4000000000000004 0.2 6.2 0 0 0 3 3.4000000000000004 4.6000000000000005 0 0 18.2 0 5.2 0 0 0 3 0.6000000000000001 2.6 2 0.2 0 3.6 6 0 0 0 0 0.2 3.4000000000000004 0 0 0 0 0 0 0 0 0 0 0 0 0 0 0.2 0 0 0 0 0 0 0 0 0 0 0 0 0 0 0 0 0 0 0 2.4000000000000004 0 0.4 7.800000000000001 16.400000000000002 0 0.2 0.4 0 0 0 0 0 0 0 0 0 0 0 1.6 0 0 0.2 0 0 3.2 0 2.8000000000000003 0 0 0 0 0 0 0 0 
 14.8 0.4 0.4 0.6000000000000001 0.4 0.4 0.4 0.4 0.4 1 1 0.4 0.4 0.4 0.4 0.4 0.4 0.4 0.6000000000000001 5.4 42.2 42.800000000000004 33.6 36.6 0 44.6 9.4 19.6 39.2 39.6 35.800000000000004 101.60000000000001 16.6 56.400000000000006 60.6 49.6 9.4 8.8 19.400000000000002 14.4 0 4.800000000000001 0.4 0 0.2 0 0 3.6 13.200000000000001 0.6000000000000001 0.6000000000000001 0 13 0.6000000000000001 14 12.600000000000001 0 0.6000000000000001 0.4 0.6000000000000001 0 0 0 0 0 0.4 0.2 1 0 0 0 0.6000000000000001 0.2 0 0 0 0 0 0 0.4 0 0 0 0 0 0 0 0 0 0 0 0 0 0 0 0 0 0 0 0 3.4000000000000004 3.6 5.800000000000001 4 0.2 4.2 0.4 0 0 0 7 0.2 2 0 0.2 0 6.4 2.2 0 1.4000000000000001 11.200000000000001 0.2 2.4000000000000004 4.2 0.2 0 1.4000000000000001 2 0 1.6 0.8 0 1 3.8000000000000003 3.2 3 0 7.6000000000000005 0.2 2 0.2 0 0 0 0 0 0.6000000000000001 0 0 0 0 0 0 0 0 0 0 0 0 0 0 0 0 0 1.6 0 0 0 0 0.4 1.8 0 0 0 0 0 0 0 0 0 0.2 4.2 2 1.6 4.2 2.6 0.4 0 0 1.6 0.2 0 0 2.6 0 3 2.6 2.8000000000000003 0 0.2 6.4 6 4.6000000000000005 0.2 0 0 4 0 1.4000000000000001 0 3.8000000000000003 0 5.800000000000001 0 0 0 0 0 7 4.6000000000000005 0 0 0 0 0 2.6 0 0 0 0 0 0 0 0.4 0 0 0 0 0 0 0 0 0 0 0 0 0 0 0 0 0 0 0 0 1 0.4 0 0.2 0.4 0.2 2.8000000000000003 0.6000000000000001 0 0 0 0 2 0 0 0 4 0 0 0 0 0 0 0 0 0 0 0 0 0 0 0 0 0 0 0 
 0 0.4 1.2000000000000002 0 0 0 0 0 0 1 0.6000000000000001 0.8 0.4 0 0 0 0 0 0 0 14.8 9.200000000000001 23.6 30.6 44.6 0 6 34.6 22.6 8.6 40.400000000000006 56.6 8.8 26.200000000000003 25.6 40.2 11.8 19.200000000000003 56 25.6 1.2000000000000002 0 1.2000000000000002 0 0.2 1.2000000000000002 0 0.6000000000000001 12.600000000000001 0 13.200000000000001 0 24.6 0.8 13 0.8 0 0.6000000000000001 13 13.4 0 0 0 11.8 0 0.4 0.2 0.4 0 0 0 0.6000000000000001 0.2 0 0.4 0.4 0 0.4 0 0.4 0 0 0 0 0 0 0 0 0 0 0 0 0 0 4.4 0 0.2 0 0 0 0 0 0.2 4.2 3.2 0 0 0 0 6.4 0.6000000000000001 2 0 0 3.4000000000000004 0.2 0.4 2 0 0 2 0 0 3 0 0 5 0 4 0 0 0 2.8000000000000003 0 2.6 0.4 0 0 0 0.2 0 0 0 0 0 0 7.2 0.2 0 0 0 0 0 0 0 0 0 0 0 0 0 0 0 0 0 0 0 0 0 0.2 2.6 0 0 0.8 0 0 0 0 0 0 0 0 2 6.2 2.8000000000000003 9.4 0 0 4.4 2.8000000000000003 1.8 7.800000000000001 0.4 0 0 2.8000000000000003 4.2 0.2 0 0 10.200000000000001 3.6 8.4 0 0 0 3.8000000000000003 0 0 0.2 1.8 0 0.2 1.8 2.6 0 0.2 0 2 3.8000000000000003 0 0 0 0 0 0 0 0 0.2 0 0 0 0 0 0 0 0.4 0 0 0 0 0 1.4000000000000001 0 0 0 0 0 0 0 1.2000000000000002 0 0 0 0.2 0 0 15.8 14.8 0 0.2 0.4 0 0 0 0 0.4 0 0 0 4.4 0 0 0 0 0 0 0 0 0 0 2.2 0 0 0 0 0 0 0 0 
 0 0 0 2 24.8 16.2 0 0 0.4 0.8 0.4 21.8 0 0.2 22.400000000000002 0 0.4 0 0 0 23 19.200000000000003 13.8 106.2 9.4 6 0 31.8 67.2 9.600000000000001 47.6 51.800000000000004 52.6 72.60000000000001 22 27.400000000000002 9.200000000000001 24.8 37 93.2 0 0 0.4 0.8 0 0.6000000000000001 1 0.4 12 0.8 0.6000000000000001 0 0 2 0 0 0 0.6000000000000001 0.4 1 1 0 0.4 0 0 0.6000000000000001 0 0 0 0.2 0 0.6000000000000001 0.4 0 0 0 0 0 0 0.4 0 0 0 0 0 9.4 0 0 0 0 0 1.6 0 0 0.2 0 0 0 0 0 3.6 0.2 0 0 2.6 0 8.200000000000001 5.2 0 1.2000000000000002 0 0.2 0.2 4.4 3.2 11 0 6.6000000000000005 0 0 0 0 0 0 0 0.4 0.4 0 0 0 0 0 0 0 0 0 0 0 0 0 0 0 0 0 0 0 0 0 4.4 0 0 0 0 0.2 0 0 0 0 0 0 0 0 0 3 1.8 6 0.2 0 0 0.2 2.2 0 0 0 0 0 0 0 0 0 2.4000000000000004 8.6 2.4000000000000004 1.8 0.2 0 2.4000000000000004 13.600000000000001 1.8 0.2 3.8000000000000003 1.4000000000000001 0.6000000000000001 9.200000000000001 0 6.2 0 0 2.8000000000000003 4.4 0 0 0 3.8000000000000003 0 0 0 0 0 0 0 0 0 0 0.6000000000000001 0 0 0 0 0 0 0 0 0 0 0 0 0 0 0 0 0 0 0 0 0 0 0 0 0.4 0 0 0 0 0 0 0.2 0 0 0 0 0 0 0 1.8 0 0 30.8 0 0 0.4 0 0 0 0 0 0 0 0 0 0 0 0 0 0 0 0.2 2.6 0 0 0 0 0 0 0.4 1.4000000000000001 0 0 0 0 
 0 0 0 0 19.200000000000003 0 0 0 0.4 1 0.4 0.2 0 0 0 0 0 0 0 0 58.2 33 40.2 34.6 19.6 34.6 31.8 0 74.8 71.8 66.8 23.400000000000002 85 61.6 26.8 30.400000000000002 5.2 9.8 37 8 0 0 0.4 0 0 0 0 0.6000000000000001 0 0 0.6000000000000001 0 0.2 0.6000000000000001 0.4 0 0.2 0.6000000000000001 6.6000000000000005 0.6000000000000001 0 0 0 0 0 0.4 0.2 1.4000000000000001 0 0 0 5.800000000000001 0.2 0 0 0 0 0 0 0.4 0 0 0 0 0 0 0 3.6 0 0 0 0 0 0 0 1.8 0 0 0 0 0 0 4.6000000000000005 2.2 0 0 3.8000000000000003 2.2 1.6 0.2 9.4 1 2.4000000000000004 0 5.800000000000001 2.8000000000000003 9.600000000000001 2.2 0 0 0 0 0 0 0 0 6.6000000000000005 0 0 0 0 0 0.2 0 0 0 0 0 0.4 3.8000000000000003 0 1.4000000000000001 0 0 0 0 0 0 0.6000000000000001 0 0 0 0 1.4000000000000001 2.8000000000000003 0 0 0 5.4 0 0 0 0 0 0 0 0.2 0 0 0 0 0 0 0 0 0 0 0 0 0 1.8 0.2 10 5.800000000000001 0 2.4000000000000004 0.8 5.4 1.8 5.6000000000000005 8.6 1.8 0 0 0 5.2 2.6 2.8000000000000003 3.4000000000000004 6.6000000000000005 0 0 0 0 0 0 0 0 0 0 0 0 0.2 0 8 1.2000000000000002 0 0 0 5.2 0 0 0 0 0 0 0 0 0 0 0 0 0 0 0 0 0 0 0 0 0 0 0 0 0 0 0 0 0 0 0 0 0 0 2.6 0 0 0.2 0 0.8 0.4 0.4 0 0 0 0 2 0 0 0 0 0 0 0 0 0 0.4 0 0 0 0 3.6 0 0 0 0 0 0 0 0 
 0 0.2 0 0 0 0 0 0.4 0.6000000000000001 0.2 0 0 0 0 0 0 0 0 0.2 0 32 13.4 50 24.200000000000003 39.2 22.6 67.2 74.8 0 36.6 40.400000000000006 9.4 28.6 30.200000000000003 20 18.2 21.8 63 41.2 29.8 0 0 0.4 0 0 0.6000000000000001 0.4 0.4 0 0 0.6000000000000001 0.2 13 0.6000000000000001 0 0 0.6000000000000001 1.2000000000000002 1 1.6 0 0 0 0 0 0.6000000000000001 0 0.4 0 0 0 0.6000000000000001 0 0 0 0 0 0 0 0.4 0 0 0 0 0 0 0 0 0 0 0.2 0 0 0 0 0 0 0 1.8 0 3 3.8000000000000003 2.2 2.4000000000000004 0 1.2000000000000002 3.8000000000000003 2 1.6 3.8000000000000003 1.2000000000000002 0 2 1.8 3.2 5.6000000000000005 5.6000000000000005 5.6000000000000005 0 1.6 0 0 0 0 0 0 0.6000000000000001 0 0 0 0 0.2 0 0 0 0 0 0 0 0 0 0 0 0 0.2 0 0 0 0 0 0 0 0 0.8 2.8000000000000003 0 0 0 0 0 0 0 0 0 0 0 0 4 0 0.2 0 0 0.4 0 0 0 0.2 0 0 0 6 0 5.2 8 3.2 2.4000000000000004 1.2000000000000002 0 1.6 11.4 0.8 2.4000000000000004 2.8000000000000003 3.6 0.2 0.6000000000000001 2.4000000000000004 0 4.2 4.2 3 0 0 0 0 0 0.2 0 0 0 0 0 0 2.2 0.2 0 0 0 0 2.4000000000000004 0 0 0 0 0 0 0 0 0 0 0 0 0 0 0 3.6 0 0 0 4 0 0 0 0 0 0 0 0 0 0 0 0 0 0.4 4.4 0.4 0.4 7.800000000000001 0 0 2.8000000000000003 0 0 0 0 16.6 0 0 0 0 0 0 0 0 0 0 0 0 0 0 0 4 0 0 0 0 0 0 0 0 
 0.8 0.4 0.8 0.4 0.4 0.6000000000000001 1.2000000000000002 0.8 0.4 0.8 0.6000000000000001 1 0.6000000000000001 0 0.6000000000000001 0.4 0.8 0.4 0.8 0.6000000000000001 42.400000000000006 11.8 42.800000000000004 29 39.6 8.6 9.600000000000001 71.8 36.6 0 47.6 21 11 13.600000000000001 19.6 38 11.8 65.2 25.400000000000002 12.8 0 0.2 0.4 0.2 0 0.6000000000000001 1.2000000000000002 0.4 0.2 0.4 1 0 13.200000000000001 0.6000000000000001 11.600000000000001 0.6000000000000001 0.6000000000000001 0.4 0.8 1 0 0 0 0 0.6000000000000001 0.6000000000000001 0 1 0.4 0 0.6000000000000001 0.6000000000000001 0 0.2 0.4 0 0.6000000000000001 0.8 0 0.4 0 0 0 0 0 0.2 0 0 0 0 0 0.2 2 0 0 0 0 0 0 0 0 3.8000000000000003 5.2 2 0 0 2.8000000000000003 2.8000000000000003 0.8 4.4 9.600000000000001 2.4000000000000004 4.800000000000001 1.8 2.2 0.2 0.2 1.8 0 2 0 0 0 0 0 0 0 0 0 0 0 0 0 0 0 0 0 0 2 3 0 0.6000000000000001 0 0 0 0.2 0 0 0 0 0 0 0 0.8 0 0 0 0 0 0 0 0 0 0 0 0 0 0 0 0.2 0 0 0 0 0 0 0 0 0 0 0.6000000000000001 0 5.4 7.800000000000001 5.6000000000000005 5 1.2000000000000002 0.2 2.8000000000000003 8 2.4000000000000004 0 0 3 0.2 0 2 2.4000000000000004 4.6000000000000005 4.800000000000001 3 0 0 0 0 0 0.2 0 0 0 0 0 0 2 0 0 0 0 3.6 2.2 0 0 0 0 0 0 0 0 0 0 0 0.2 0 0 0.6000000000000001 0 0 0 0 0 0 0 0 0 0 0 0 0 0.2 0 0 0 0 0 2 0 0 0 0 0.2 2.4000000000000004 0 0 0 0 0 0 0 0 0 0 0 0 0 0 0 0 0 0 0 0 2.4000000000000004 0 0 0 0 0 0 0 0.2 
 0.2 0 0.8 0 0 0 0 0 0 0 0.6000000000000001 0 0.4 0 0 0 0 0 0.4 0 51.2 37.4 60.800000000000004 78.4 35.800000000000004 40.400000000000006 47.6 66.8 40.400000000000006 47.6 0 13 6.2 95.80000000000001 14.200000000000001 55 45 29 8.200000000000001 59 14.600000000000001 0 1.4000000000000001 0 0 0 0 0.4 0 0 0.6000000000000001 0 15.600000000000001 0.6000000000000001 0.2 1 0 0.6000000000000001 12.8 13.200000000000001 0 0 0 0 0 8.4 0 0 0 0 0 0.6000000000000001 0 7.2 0 0 0 0 0 0.4 0 0 0 0 0 0 0 0 0 0 0 0 0 0 0 0 0 0 0 0 0 2 3.6 4.6000000000000005 5.6000000000000005 7.4 3.6 0 0 8.6 5.2 5.2 1.2000000000000002 0 4 0 7 0 0 0 0 0 0 0 0 0 1.8 0 2.6 0 0 0 2.2 0 0 0 0 0 6.6000000000000005 0 0 0.4 0 0 0 0 0 0 0 0 0 0 0 0 0 0 0 0 2.2 0 0 0 0 0 0 0 0 0 0 0.2 0 0 0 0 0 0 0 0 0 0 0 4.2 2.4000000000000004 0 4.6000000000000005 8.8 0.4 0 2.8000000000000003 4.800000000000001 2 6.2 0 3.6 0 0 4.800000000000001 0 0 0.4 7 0.4 0 0 0 0 0 0.2 2 0 0 0 4.4 7.4 2 0 0 0 0.2 2.2 0 0 0 0 1.6 0 0 0 0 0 0 0 0 0.4 0 0 0 0 0 0 0 0 0 0 0 0 0 0 0 0 0 0 0 0 3.2 0 1.2000000000000002 1 0 0.2 3.6 0.8 0 0 0 0 0 0 0 0 0 0 0 0 0 0 0 0 0 0 0 2.8000000000000003 0 0 0 0 0 0 0 0 
 0 0 0 0 0 0 0 0 0.4 0.8 0.6000000000000001 0.4 0 0.2 0 0 0 0 0.2 0 82.60000000000001 14 7.800000000000001 12 101.60000000000001 56.6 51.800000000000004 23.400000000000002 9.4 21 13 0 11.600000000000001 14 7.4 63.2 34.6 13.200000000000001 35.4 10.600000000000001 0 12.4 0.4 0 0 0 12.200000000000001 13 12.200000000000001 0 0.6000000000000001 0 0.4 0.6000000000000001 0 0 0 0.6000000000000001 7.4 13.200000000000001 0 0 1 0 1 1 0 0 0 0.4 0 1 0 0 0 0 0 2.6 1.2000000000000002 0.4 0 0.2 0 0 0 0 0 0 0 0 0 0 0 0 0 0 0 0 0 0 2 0.2 2.4000000000000004 1.8 7.800000000000001 4.6000000000000005 0.2 2.6 1.2000000000000002 0 2.4000000000000004 5.2 2.4000000000000004 0 6.2 0 4.800000000000001 0 0 0 2.4000000000000004 5.6000000000000005 0 0 0 0 0 2.4000000000000004 1.6 0 0 0 4.2 2 2.4000000000000004 0 2.8000000000000003 3.8000000000000003 7 2.4000000000000004 0 1 0 0 0 0 0 0 0 0.2 0 0 0 1 0 0 0 0 1.4000000000000001 0 0 0 0 0 0 0 0 0 0 0.2 2.8000000000000003 0 0 0 0 0 0 0.8 0 0 1.8 2.6 1.6 4.2 5 3.6 0 0 1 0 1.4000000000000001 0 0 2.6 0.2 2.8000000000000003 4 2.8000000000000003 2 3 1.8 0 2 2.2 0 0 4 0 0 0 0 0 11 0.2 2.6 0.4 0 0 4.4 0 0 0 0 0 1.2000000000000002 0 0 0 0 0 1.2000000000000002 0 0 0 0 0 0 0 0 0 0 0 0 0 0 0 0 0 0 0 0 0.2 0 0 0.8 0.2 0.4 0.2 0 0 0 0.8 0 0 0 0 0 0 0 0 0 0 0 0 0 0 0 0 0 0 0 2.4000000000000004 0 0.2 0 0 0 0 0 0 
