 0 58.400000000000006 20.6 8.200000000000001 8 8.4 55.400000000000006 14 61.6 24 5.800000000000001 8.200000000000001 50.2 55.2 31.6 33.6 23.200000000000003 22.200000000000003 24.6 8.4 0.6000000000000001 0 0 0.4 0 0 0 0.2 0 17.8 0.4 0.4 0.4 0.2 0 0.2 0 0.2 0 0 0 0 0 0 0 0.6000000000000001 0.6000000000000001 0 0 7.4 0.6000000000000001 0 0 0 0 0 0 0 0.6000000000000001 0 0 0.4 0.6000000000000001 0 0 0 0 0 0.6000000000000001 0.6000000000000001 0 0 2.2 0.6000000000000001 0 0.6000000000000001 0 0 0 0.4 4.2 2 8.4 0 2.6 0 7.6000000000000005 1.8 0 0 0.6000000000000001 0 4.2 9.4 2.2 8.200000000000001 0 2 6.4 1.2000000000000002 0 2 0 0 0 0 0.2 0 0 0 0 0 10.200000000000001 0 0 0 0 0 0 0 0 0 0 0 0 0 0 0 0 0 0 0 0 0 0 0 0 0 0 0 0 0 0 0 0 0.4 0 0 0 0 0 0 0 0 0 0 0 0 0 0 4.2 0 7.4 0 0 0 7.800000000000001 6 1.2000000000000002 3 3.8000000000000003 0.4 6.6000000000000005 2.2 4 1.4000000000000001 4.4 0 0 2 0 1.2000000000000002 0 0 0 0 0 0 0 0 0 0 0 0 0 0 0 0 0 4.2 0 0 0 0 0 0 0 0 0 0 0 0 0 0 0 0 0 0 0 0 0 0 0 0 0 2.2 0 0 0 0 0 0.2 0 0 0 0 0 0 0 0 0 0 0 0 0 0 0.4 0.4 0 0 0 1.4000000000000001 0 0 0 0 0 0 0 0 0 0 0 0 0 0 0 0 0 0 0 0 0 0 0 0 0 0 0 0 0 0 0 0 0 0 0 0 0 0 
 58.400000000000006 0 83.4 11.600000000000001 7.2 100 18.2 21.400000000000002 27 77 37.4 44.2 46.2 16.8 39.2 28.6 6 24.400000000000002 6.2 24.6 1.4000000000000001 0 0 0.6000000000000001 0 0 0 0 23.6 0.6000000000000001 0 0 1.2000000000000002 0.4 0.4 0.2 0 0.8 22.400000000000002 24 0.6000000000000001 2.2 0 0 1 0.6000000000000001 0.6000000000000001 0 0 0 0 0 0 0 0 0 0 0 0.8 0.2 0 0.4 1.2000000000000002 0 0 0 0 0 1.6 0 0 0 0 0.6000000000000001 0.6000000000000001 2.2 0.2 0 0 0.4 0 2.2 0 11.8 3.6 3 0 2.4000000000000004 2 5 7 0 3 6 4.800000000000001 5.2 3.8000000000000003 3.4000000000000004 1.6 2.2 0 0 0 0 0 0 0 0 0 0 0 0 2.2 0 0 0 0 0 3.6 0.6000000000000001 0.4 0 0 0 0 0 0 0 0 0 0 6.6000000000000005 0 0 1.8 0 0 0 0 0 0.4 0 2.6 0 0 0 0 0 0 0 0 0 0 0 0.2 0 0 0 0 0 0 3 0.8 2 4.800000000000001 9 0.2 0 0 3 5.2 5.4 1.2000000000000002 0 2.6 6.2 3 6.6000000000000005 0 0 3.6 0 0 0 0 0 0 0 0 0 0 0 0 2.8000000000000003 0.8 0 0 0 1.8 4.6000000000000005 0 0 0 0 0 0 0 0 0 0 0 0 0 0 0 0 0 0 0 0 0 0 0 0 0 0 13.8 0 0 0 0 0 0 0 0 0 0 0 0 0 0 0.2 0 0 0 0.6000000000000001 0 0.2 0.6000000000000001 0.2 2.8000000000000003 0 0.6000000000000001 0 0 0.4 0 0 0 0 0 0 0.2 0 0 0 0 0 0 0 0 0 9.8 0 0 4.4 2.2 0 0 0 0 0 0 0 0 0 0 0 0 0 
 20.6 83.4 0 52.800000000000004 27.200000000000003 27.200000000000003 31.400000000000002 19 32.2 24.6 7 26.400000000000002 58.400000000000006 44.2 25.8 7.800000000000001 28.400000000000002 77.80000000000001 7.800000000000001 7.6000000000000005 0.6000000000000001 0 0.2 0 0 0 0 0 15.8 0.6000000000000001 0 0 14.8 0.4 0.8 0 0 0 31.400000000000002 22.400000000000002 0 2.4000000000000004 0 0 0 0.6000000000000001 0.6000000000000001 0 0 0 0 0 0 0 0 0 0 0 0.6000000000000001 0 0 7.2 0.6000000000000001 0 10.600000000000001 0 0 0 1.4000000000000001 0 0 0 0 0.4 0 0.6000000000000001 0 0 0 0.4 0 3.4000000000000004 5.2 9 6.4 0 0 0 0 4.6000000000000005 2.6 3.2 0 0 3.8000000000000003 0 12.8 0 0 4.6000000000000005 0 0 0 0 2.2 0 0.2 0 0 0 0 0 4 5.4 0 0 0 0 2.8000000000000003 0.4 0 0 0 0 0 0 0 0 0 0 0 4.4 0 0 0 0 0 0 0.2 0 0 0.4 1.8 0 0 0 0 0 0 0 0 0 0 0 0 0 0.2 0 0 0 2.8000000000000003 5.4 0.4 1.4000000000000001 4.800000000000001 2.8000000000000003 3.6 0 0 0 3.8000000000000003 8 0 0 0 4.4 0.4 0.2 0 0.8 0 2.6 0 0 0 0 0 0 0 0 0 0 0 0 4.6000000000000005 2.2 0 0 1.8 5.2 0 0 0.2 0 0 0 0 0 0 0 0 0 0 0 0.4 0 0 0 0 0 0 0 0 0 0 0 0 0 0 0 0 0 0 0 0 0 0 0 0 0 0 3.2 0 0 0 0 0.6000000000000001 0 0 0 0 2.2 4.4 0 0 0 0 0 0 0 0 0 0 0 0 0 0 0 0 0 0 0 0 2 0 2 0 0 0 0 0 0 0 0 0 0 0 0 0 0 
 8.200000000000001 11.600000000000001 52.800000000000004 0 39.2 25.400000000000002 59 17 19.6 71.4 91.2 51 34.4 82 11.200000000000001 123.2 27.200000000000003 48.800000000000004 64.60000000000001 15.200000000000001 22.6 0 0 0.4 0.2 0 0 0.4 0 1 0.4 0.4 8.200000000000001 0.4 0 0 0 0.6000000000000001 3.2 15.200000000000001 0 5.6000000000000005 0 0 6 0.6000000000000001 1 0 0 0 0 0 0 0 0 0 0 0.4 0.6000000000000001 0 0 0.6000000000000001 0.6000000000000001 0 0 0 0 0 2 0 0 0.2 0 0.6000000000000001 0 0.6000000000000001 0.4 0 0 0.4 0 0 3 8.200000000000001 1.6 0 0 0 5.4 8 6.800000000000001 12 0 5.2 11.600000000000001 0 4.4 5 0 0 3 0 1.4000000000000001 0 0 0 2.6 0 0 0 0 0.2 2.2 0 2.6 0 0 0.4 2.8000000000000003 3.4000000000000004 0 0 0 0 1.4000000000000001 0 0 0 0 0 1.4000000000000001 0.2 0 0 0 0 0 0 0 0 0.2 0 0 0 0 0 0 0.4 0 0 0 0 0 0 0.2 0 0 0 1 0 0 8.8 7.800000000000001 2.8000000000000003 2 4.800000000000001 1.8 2 0 4.6000000000000005 6.6000000000000005 2.8000000000000003 0 0 6.6000000000000005 0 6 4.4 0 0 0 2 0.4 0 0 0 6.4 0 0 0 0 0 0 0 2.6 2.6 3.2 0 0 6.4 0 0 0 0 0 0 0 0 0 0 0 0 0 0 0 0 0 0 0 0 0 0 0 0 0 0 0 0 0 0 0 0 0.4 0 0 0 0 0 0 0 0 0 0 0 0 0 18 0 0.8 1.2000000000000002 3.2 0.4 3.2 0 0 0 0 0 0 0 0 0 1 0 0 0 0 0 0.2 0 0 0 0 0 0 3.6 0.2 0 0 0 0 0 0 0 0 0 0 0 0 0 
 8 7.2 27.200000000000003 39.2 0 74.4 10.8 34.800000000000004 15.8 33 36.6 12 37.4 18.6 13.600000000000001 62.2 72.60000000000001 13.200000000000001 55 15.600000000000001 33.6 8.8 0 0 0 0 0 15 21.8 15.4 0 0.4 0.6000000000000001 15.4 20.400000000000002 26 0 0.4 0 15.600000000000001 0 0 0.4 0 0 0.6000000000000001 0.6000000000000001 0 0 0 0 0 0 0 0 0 0 0 0.6000000000000001 0 0 0.6000000000000001 0.6000000000000001 0 0 0 0 0 0.6000000000000001 0 0 0 0 0.6000000000000001 5 0.6000000000000001 0 0 0 0.4 0 0 0.2 0.2 0 6 3.8000000000000003 2.8000000000000003 3.8000000000000003 2.4000000000000004 0 5 0 0 0 2.6 5.6000000000000005 3 0 0 3.2 0 4.4 0 0 0 4.4 4.4 5 0 0 0 0.2 0 0.4 0.4 1.6 0 3.4000000000000004 3.8000000000000003 0 0 0 0 0 0 0 0 0 2 0 2.2 0 0 0 0 0 0 0 0 0 0 0 0 0 0.2 0 0 3.6 0 0 0 0 0 1.2000000000000002 0 0 0 0 0 2.6 1.4000000000000001 3 1.8 2 2.8000000000000003 4.4 4.2 2.6 4 0.2 1.6 0 0 0.2 0.2 2 0.8 0 0 2.4000000000000004 0 6.2 0 0 0 7.2 0 0 3.2 0 0 2.8000000000000003 5 0 2 5.4 0.2 4.4 7.4 0 0 0 0 0 0 0 0 0.2 0.4 0 0 0 0 0 0 0 0 0 0 0 0 0 0 0 0.2 0 0 0 0 0 0 0 0.4 0 0 0 0 0 0 0 0.2 0 0 0 0.4 3.6 0.4 0.4 18 0 5.6000000000000005 0 0.4 0 0 0 0 0 0 2.4000000000000004 0 0 0 0 0 0 0 0 0 0 0 0 0 0 0 0.2 0 0 0 0 0 0 0 0 0 0 0 0 0 
 8.4 100 27.200000000000003 25.400000000000002 74.4 0 7 54.2 13.8 59.800000000000004 32 120.2 7.800000000000001 9.200000000000001 50.6 36.800000000000004 13.4 34.6 48.800000000000004 12.4 15.200000000000001 15.600000000000001 0 15.8 0 0.4 15 3.2 12 0.6000000000000001 0 0.4 17.6 30.6 29.6 0.8 0.4 0 15.200000000000001 12.4 0 0 0 0 0 0.6000000000000001 0.6000000000000001 0 0.6000000000000001 0 0 0.6000000000000001 1.2000000000000002 0 0 0 0 0 0.8 0 0.4 0.4 0.6000000000000001 0 0.4 0.4 0 0 2.2 0 0 0 1.6 0.6000000000000001 1 0.8 0.2 0 0 1 0 0 2 3.8000000000000003 3.8000000000000003 2.2 0 0 3.2 2.6 3.8000000000000003 2.8000000000000003 0 0 0 0 0 0 0 1 2 2 3.4000000000000004 0 0 0 5.2 7.2 0 0 0 0 10.600000000000001 2.6 5.2 0 7 0 0.4 8 0 0 0 0 0 0 0 0 0 0 0 0 0 0 0 0 0 0 0 0 0 0 0 0 0 0 0 0 0.8 0 0 2 0 0 0 0 0 0 0 0 0.2 0 0.2 1.8 0 0.4 0 0 0 0 0 0 0 0 0 3.2 2.8000000000000003 2.6 0 0.4 2.8000000000000003 5.800000000000001 4.6000000000000005 0 0 0 1.8 0 0.2 2 0 2.2 1.8 4.6000000000000005 2.4000000000000004 2.4000000000000004 4.800000000000001 0 8.4 3.8000000000000003 0 0 0 0 0 0 0 0 0 0 0 0 0 0 0 0 0 11 0 0.4 0 0 0 0 0 0 0 0.4 0 0 0 0 0 0 0 0 0 0 0 0 0 0 0 0 0 0 1 0 0.2 18.2 0 0 0 0 0 0 0 0 15 0 0 0 12.4 0 0 0 0 0 0.2 0 0 0 0 0 0 4.6000000000000005 0 0 0 0 0 2 0 0 0 0 0 0 0 0 
 55.400000000000006 18.2 31.400000000000002 59 10.8 7 0 36.4 66.4 6.800000000000001 22.8 67.8 19 43 24.6 48.400000000000006 33.4 5.2 12.8 90.2 0.6000000000000001 0 0 0.2 0 0 0 0.2 0 0.6000000000000001 0 0 0 0.2 0 0 0.2 1 0 0.4 0.2 0 0 0 0 0.6000000000000001 0.6000000000000001 0 0.6000000000000001 0 0 0 0 1.2000000000000002 0 0 0 0 1 0 0 0.6000000000000001 0.6000000000000001 0 0 0 0 0 0.6000000000000001 0 0 0 0 0.6000000000000001 0 0.6000000000000001 0 0 0 0.4 2.2 0 0 0 0 0 2.2 0.6000000000000001 2.2 0 1.8 0 16.400000000000002 2 1.4000000000000001 1 2 4.800000000000001 6.6000000000000005 0.2 0 0 0 0.6000000000000001 0 0 0 0 0 0 0 0 0 0 0 0 0 0 0 0 0 0 0 0.2 0 0 0 0 0 0 0 0 0 0 0 0 0 0 0.4 0 0 0 0 0 0 1.2000000000000002 0 0 0 0 0 0 0 0 0 0 0 0.8 0 0 0.2 0 0 1 0 0 0 3.6 1.6 2.8000000000000003 0 0 5 6.800000000000001 0 2 3.8000000000000003 0 0 2.2 0 0 0 0 0 0 0 0.4 0 0 0 0 0 0 0 0 0 0 0 0 0 0 0 0 0 0 0 0 0 0 0.2 0 0 0 0 0 0 0 0 0 0 0 0.2 0 0 0 0 0 0 0 0 3 0 0 0 0 0 0 0 0 0 0 0 0 0 0.4 0.4 0.4 0 0 0 0.6000000000000001 0 0 0.2 0 0 0 0 0 0 0 0 0 0 0 0 0 0 0 0 0 0 0 0 1.8 0 2 0 0 0 0 0 0 0 0 0 0 0 0 
 14 21.400000000000002 19 17 34.800000000000004 54.2 36.4 0 14.8 7.6000000000000005 6.800000000000001 51.800000000000004 25.400000000000002 74 6.4 72.2 7 6 33.800000000000004 15 0.6000000000000001 0.8 0 0.4 1 0 0.4 0 0 0.6000000000000001 0.4 0.4 17.6 0.4 0.4 0.6000000000000001 0.4 0.8 41 0.4 0 0 0 0 0 0.6000000000000001 0.6000000000000001 0 0 0 0 0 0 0 0 0 0 0.6000000000000001 0.6000000000000001 0 0 0.6000000000000001 0.8 0 0 0.4 0 0 0.6000000000000001 0 0.2 0.4 1.2000000000000002 0.6000000000000001 0 0.6000000000000001 0 0 0.6000000000000001 0.4 5.800000000000001 4.4 0.8 0 3.8000000000000003 0 8.6 0 8 3.4000000000000004 4.800000000000001 0 2 7.2 2.6 0 2.4000000000000004 0 1.8 0 0 0 3 0 0 0 0 0 0 0 0 0 0.2 0 0 0 0 0 6 0 3.6 0 0 0 0 0 0 0 0 0 0 0 0 0 0.4 0 0 0 0 0 0.2 0 0 0 0 1.6 0 0 0 0 0 0 0 0 0 0.2 0 0 0 0 3.6 0 2 2.4000000000000004 2 0.4 3.2 0 4.4 0 0 0 0 2.6 0 0 4.800000000000001 0 0 0 0 0 0 0 0 0 0 0 0 0 0 0 0 0 0 0 0 0 0 2.2 0 0 0 0 0 0 0 0 0 0 0 0 0 0 0 0 0 4.800000000000001 0 0 0 0 0.2 0 0 0 0 0 0 0 0 0 0 0 0 0 0 0 0 0 0 0 0 0 0 0.4 0.8 0 18.2 0 0 1 0 0 0 0 0 0 0.4 0 0 0 8.8 0 0 0 0 0 0 0 0 0 0 0 0 3.6 0 2.8000000000000003 0 0 0 0 0 0 0 0 0 0 0 0.2 
 61.6 27 32.2 19.6 15.8 13.8 66.4 14.8 0 86 11.600000000000001 43.800000000000004 57.6 37.800000000000004 33.6 36.4 44.400000000000006 43 69 16.8 0.6000000000000001 0 0.4 0 0 0 0 0 0.4 1 0 0 0 0.2 0 0 0 0.2 1.6 0 0 0.6000000000000001 0 5.800000000000001 0 0.6000000000000001 0.8 0 0 0 0 0 0 0 0 0 0 0 0.6000000000000001 0 0 0.8 0.4 0 0 0 0 0 0.6000000000000001 0 0.4 0 0.4 0.6000000000000001 0.2 0.6000000000000001 0 0 0 0.4 4.6000000000000005 2.6 5.4 0.4 0 3.6 0 4.6000000000000005 0 0 4.2 0 0 3 0 6 7.4 9.8 0 5.2 0 0 0 0 0 0 0 0 0 0 0 0 0 0 0 0 0 0 0 0.4 0 0 0 0 0 0 0 0 0 0 0 0 0 0 0 0 0 2 0 0 0 0.2 0.8 0 0 0 0 0 0 3 0 0 0 0 0 0 0.4 0 0 0 1.6 5.2 5 5.6000000000000005 0 2 2.8000000000000003 4.2 0 2.8000000000000003 4.800000000000001 8.4 3.8000000000000003 0 9.4 0.6000000000000001 0 4 2.6 0.2 0 0 0 0 0 0 0 0 0 0 0 0 0 0 0 0 0 0 0 3.4000000000000004 0 0 0.4 0 0 0 0 0 0 0 0 1 0 0 0.2 0 0 0 0 0 0 0 0 0 0 0 0 0 0 0 0 0 0 0 0 0 0 0 0 0 0 0 0 0 0 0.2 0 0 0 0.2 3.2 0.6000000000000001 0 0 0 0 0 0 0 0 0 0 0 0 0 0 0 0 0 0 0 0 0 0 0 0 3 0 0 0 0 0 0 0 0 0 0 0 0 0 
 24 77 24.6 71.4 33 59.800000000000004 6.800000000000001 7.6000000000000005 86 0 62.800000000000004 45.6 20.200000000000003 16.6 50.400000000000006 64.60000000000001 11 24.6 38.2 21 0.6000000000000001 0 0 0 0 15.200000000000001 0.4 0 0 1 0 0 0.2 13.4 0 0 0 0.2 21.8 0 0 1.4000000000000001 0 0 0.6000000000000001 0.6000000000000001 13.600000000000001 0 0 0 0 0 0.2 0 0 0 0 0 0.6000000000000001 0 0 0.6000000000000001 0.6000000000000001 0 0 0 0 0 0.6000000000000001 0 0 0 0 0.6000000000000001 1.6 0.6000000000000001 0 0 0 0.4 0 0 7.2 3.2 4.4 2.6 0 2 3.2 4.800000000000001 3.4000000000000004 5 0 2 2.8000000000000003 0 4.800000000000001 2 0 0 0 0 0 0 0 0 2 0 0 0 0 0.4 1.2000000000000002 0 0 0 0 0 2 3 0 0 0 0 0 0 0 0 0 0 0 1.8 0 0 0 0 0 0 0 0 0.4 0 0 0 0 0 0 0.2 0 0 0 0 0.2 0 0 0 0 0 0 0 2.6 1 1.8 0 3 6.2 5.4 4.6000000000000005 2 5.6000000000000005 7.6000000000000005 6.6000000000000005 0.2 0 7 1.8 6.800000000000001 11.8 0 0.2 0 0 0.2 0 0 0 0 0 0 0 0 0 0 3.2 0 0 0 0 1.8 2.2 0 0 0 0 0 0 0 0 0 0 0 0 0 0 0 0 0 0 0 0 0 0 0 0 0 0 0 0 0 0 0 0 0 5.4 0 0 0 0 0 0 0 0.4 0 0 0 0.4 0 0 0 17.8 2.4000000000000004 1.8 0 0 0 0 0 0 0.4 0 0 0 0 0 0 0 0 0.4 12.4 0 0 0 0 0 0 0 1.8 0 0 0 0 0 0 0 0 0 0 0 0 0 
 5.800000000000001 37.4 7 91.2 36.6 32 22.8 6.800000000000001 11.600000000000001 62.800000000000004 0 23.400000000000002 151.4 7 30.8 35.800000000000004 53.2 62 15.200000000000001 83 15.8 0.4 0.6000000000000001 0 0.4 0.4 0.6000000000000001 0.6000000000000001 0.2 0.6000000000000001 0.4 0 15.4 0.4 11 0.6000000000000001 0.6000000000000001 0.6000000000000001 14.8 24.200000000000003 0 0 0.4 0 0 0.6000000000000001 0.6000000000000001 0 0 0 0.4 0 0 0 0.2 0 0 0 0.6000000000000001 0 0 0.6000000000000001 0.8 6.4 0 0.4 0 0 0.6000000000000001 0 0.2 0.8 0 0.6000000000000001 1.2000000000000002 0.6000000000000001 0 0 0.6000000000000001 0.4 0 6.4 2 3.6 6.2 1.4000000000000001 0 0.4 1.6 2.2 0 2.6 0 4.4 0 4 7 6.800000000000001 0 3.4000000000000004 0 0.4 0 0 0 0 2.2 0 0 0 0 0 2 0.4 0 0 0 0 2.6 6.2 0 0 0 0 0 0.2 0 0 0 0 0 0.4 0 0.4 0 0 0 0 0 2.6 0 0 0.4 0 0 0 0 0 0 0 0 0 0 0 0 0 0 0 0 0 3 5.800000000000001 0 0 1.8 0 0 0.4 3 0 0.4 5 0 0 9.4 0.6000000000000001 0 5.6000000000000005 0 0 0 0 0 0 0 0 3.2 0 0 0 0 0 2 0 0 2 0 0 0.6000000000000001 3 0 4 0 0 0 0 0 0 0 0 0 0 0.4 0.2 0 0 0 0 2.8000000000000003 0 0 0 0 0 0.4 0 0 0 0 2.4000000000000004 0 0.4 0 0 0.4 0 0 0 0 0 0 0 0 0 0 0.4 2.8000000000000003 0.4 0.4 38 3.4000000000000004 0.6000000000000001 0 0 0 0.2 0 0 0 0 0 0 0 0 0 0 0.4 0 0 0 0 0 0 0 0 0 0.4 0 0 0 0 0 0 0 0 0 0 0 0 0 
 8.200000000000001 44.2 26.400000000000002 51 12 120.2 67.8 51.800000000000004 43.800000000000004 45.6 23.400000000000002 0 9.8 26.400000000000002 5 110.60000000000001 15.600000000000001 57.6 47.800000000000004 7.4 7 0.4 0 0 0 0.4 0.6000000000000001 14.600000000000001 0 1.2000000000000002 0 0.4 14.8 15.600000000000001 20.200000000000003 0 0.4 0.4 30.8 0 0 1.2000000000000002 0 0 0 0.8 0.6000000000000001 12.200000000000001 0 0 0 0 0 0 0 0 0 0 0.6000000000000001 0 0 0.4 0.6000000000000001 0 0 0 0 0 0.6000000000000001 0.2 0 0 0 3.8000000000000003 0 0.6000000000000001 0 0 0 0.4 0 0 3.8000000000000003 5.4 7 7.800000000000001 0 0 0.2 3.6 1.8 1.8 0 3 0 0 7.4 8 0 0 3 0 0.4 0 2.6 0.2 2 3.8000000000000003 0 0 0 0 0 9.600000000000001 3.2 0 2.2 0 8.4 0 0 0 0 0 0 0 0 0 0 0 0 1.4000000000000001 0 0 0 0 0 0 0 0 0 0 4.2 0 0 0 0 0 0 0 0 0 0 0 0 0 0 0 0 0 0.2 0 2.8000000000000003 0 2.2 1 0 2.2 0 0 3 5.6000000000000005 0.2 0 0.2 3.6 0 0.4 0 0 5.800000000000001 2.2 0 0 1.4000000000000001 0 2.2 0 0 0 0 0 6.6000000000000005 0 5.4 2.2 0 3 4.4 3.8000000000000003 0 0.4 0 0 0 0 0 0 0 0 0 0 0 0 0 0 0 0 0 0 0.2 0 0 0 0 0 0 0 0 0 0.2 0 0 0 0 0 0 2.2 0 0 0 2.8000000000000003 0 0 0 0.6000000000000001 0.6000000000000001 0.2 0 0.8 0 0 0 0 0 0 0 0 0 0 0 0 0 0 0 0 0 0 0 0 0 0 0 0 0 0 0 0 0 0 0 0 0 0 0 0 0 0 0 0 
 50.2 46.2 58.400000000000006 34.4 37.4 7.800000000000001 19 25.400000000000002 57.6 20.200000000000003 151.4 9.8 0 16.6 23.200000000000003 9 18 50.2 34 39.6 0.8 0 0 0.2 0 0 0.4 0 0 0.6000000000000001 0 0 0.4 0.4 0.4 0.2 0 0 0.2 0 0 0 0 0 0 0.6000000000000001 0.6000000000000001 0 0 0 0 0.2 0 0 0 0 0 0.4 0.6000000000000001 0 0 0.4 0.6000000000000001 0 0.2 0.4 0 0 0.6000000000000001 0 0 0.4 0 12.8 0.6000000000000001 0.6000000000000001 0 0.4 0 0.4 0 5.2 2.8000000000000003 1.8 0 0 0 5 0 0 0.4 2.6 1.6 2.2 1.4000000000000001 9.200000000000001 0.4 5.800000000000001 3.2 0.2 0 0 0 0 0 0 0 0 0 0 0 0 0 0 0 0 0 0 0 0 0.4 0 0 0 0 0 0 0 1.6 0 0 0 0 3 0.4 0 0 0 0 0 0.2 0 0 0 0 0 0 0 0 0 0 0 0 0 0 2 0 0 0 0 4 0 3 0 0 3.2 2.8000000000000003 5 0 8.6 4.2 2.4000000000000004 4.6000000000000005 0.2 11.8 4 2.6 8 0 0 0 0 0 0 0 0 0 0 0 2 0 0 0 0 0 0 0 0 0 0 0 0 0 0 0 0 0 0 0 0 0 0 0 0 0 0 0 0 0 0 0 0 0 0 0 0 0 0 0 0 0 0 0 0 0 0 0 0 0 0 0 0 0 0 0 0 0 0 0 0.6000000000000001 2.4000000000000004 0.2 0 0 0 0 0 0 0 0 0 0 0 0 0 0 0 0 0 0 0 0 0 0 0.2 0 1.8 0 0 0 0 0 0 0 0 0 0 0 0 0 
 55.2 16.8 44.2 82 18.6 9.200000000000001 43 74 37.800000000000004 16.6 7 26.400000000000002 16.6 0 106 8.200000000000001 47.400000000000006 17.8 25.200000000000003 45.6 0.6000000000000001 0 0 0 0 0 0 0 0 0.6000000000000001 0.4 0.4 0.4 0.2 0 0 0 0.2 0 19.200000000000003 0 0 0 0 0 0.6000000000000001 0.6000000000000001 0 0 0 0 0 0 0 0 0 0 0.4 0.6000000000000001 0 0 0.6000000000000001 0.6000000000000001 0 0 0 0 0 0.6000000000000001 0 0 0 0 0.6000000000000001 0 1 0 0 0 0.4 3.6 2 0 3.6 0.2 0.2 1.8 0.2 0.6000000000000001 0 1.2000000000000002 0 5.6000000000000005 4 3.4000000000000004 4.800000000000001 2.2 1.8 5 0 0.2 0 0 0 0 0 0.4 0 0 0 0 0 0 0 0 0 0 0 0 0 0 0.8 0 0 0 0 0 0 0 0 0 0 0 0 0 0 0 0 0.2 0 0 0 0 0 0 1.6 0 0 0 0 0 0 2.8000000000000003 0 0 0 0 0 0.4 0 6 2.4000000000000004 0.2 4.6000000000000005 0.4 0 0 0 0 0.2 0.6000000000000001 2.4000000000000004 2.8000000000000003 1 3 0 6.2 0.2 6 2.8000000000000003 0 0 0 0 0 0 0 0 0 0 0 0 0.4 0 0 0 0 0 0 0 0 0.2 0 0 0 0 0 7.6000000000000005 0 0 0 0 0 0 0 0 0 0 0 0 0.4 0 0 0 0 0 0 0 0 0 0 0 0 0 0 0.2 0 0 0 0 0 0 0 0 0 0.4 0 0 0.4 0.2 0 1.6 0 0 0 0 0 0 0 0 0 0 0 0 0 0.6000000000000001 0 0 0 0 0 0 0 0 0 1 0 2.8000000000000003 0 0 0 0 0 0 0 2 0 0 0 0 
 31.6 39.2 25.8 11.200000000000001 13.600000000000001 50.6 24.6 6.4 33.6 50.400000000000006 30.8 5 23.200000000000003 106 0 57 29.200000000000003 50.800000000000004 76.60000000000001 21 0.6000000000000001 0 0 0 0 0 0.2 0 0 0.6000000000000001 0 0 0.4 0.8 0 0.4 0 0.6000000000000001 0 0 0 0 0 0 0 0.6000000000000001 0.6000000000000001 0.6000000000000001 0 0 0.6000000000000001 0 0 0 0 0.4 0 0 0.6000000000000001 0.4 0 0.4 0.6000000000000001 0 0.8 0 0 0 0.6000000000000001 0.2 0 0.4 0.6000000000000001 0.6000000000000001 0 0.6000000000000001 0 0 0.6000000000000001 0.4 0 6.800000000000001 6.800000000000001 2.2 0 0 3 8.200000000000001 3.8000000000000003 0.2 0 0 10.4 6.6000000000000005 0 0.2 0.2 7 2.6 4 0 0 0.2 0 0 0 3.2 0 0 0 1 0 2.2 0 0 0 0 0 0 0 0 0 0 0 0 0 0 0 0 0 0 0 0 0 0 0 0 0 1.4000000000000001 0.4 0 0 0 0 0 1 0 0 0 0 0 0 0 0 0 0 0 0.8 0 0 0.2 4.800000000000001 3 1.4000000000000001 0 0 3 3.4000000000000004 1.8 6 0.4 4.800000000000001 8 4.6000000000000005 5 1.6 5 2 0 2.4000000000000004 0 0 0 0 0 0 0 0 0 0 0 0 0 0 0 0 0 0 0 0 0 0 0 0 0 0 0 0 0 0 0 0 0 0 0 0 0 0 0 0 0 0 0 0 0 0 0 0 0 0 0 0 0 0 0 0 0.4 0 0 0 0 0 0 0 0 0.2 0 0 0 0.6000000000000001 6 0 0 0 0 0 0 0 0 0 0 0 0 0 0 0 0 0 0 0 0 0 0 0 0 0 0.6000000000000001 2.6 0 0 0 0 0 0 0 0 0 0 0 0 
 33.6 28.6 7.800000000000001 123.2 62.2 36.800000000000004 48.400000000000006 72.2 36.4 64.60000000000001 35.800000000000004 110.60000000000001 9 8.200000000000001 57 0 31.6 67.4 70.2 62.2 0.6000000000000001 0 0 0 0 0 0 0.2 0 0.8 0 0 8.6 0.4 0.4 0 0 0.4 15.200000000000001 0 0 0 0 0 14.200000000000001 0.6000000000000001 0.6000000000000001 0 0 0 0 0 0 0 0 0 0 0 0.6000000000000001 0 0.4 0.6000000000000001 0.4 0 0 0 0 0 0.6000000000000001 0 10 0.4 1.4000000000000001 0.6000000000000001 0 0.6000000000000001 4.2 0 0 0.4 0 0 15.200000000000001 1.2000000000000002 5.2 3 8.6 1.4000000000000001 8.6 3.2 13 2.2 0 3 1.8 0 2.4000000000000004 2 0 1.8 3.8000000000000003 0 1.8 0 0 0 2.8000000000000003 0 3 0 0 0 0.2 0 4.800000000000001 0 0 0 6.6000000000000005 4.6000000000000005 0 0 0 0 0 0 0 0 0 0 0 1.8 0 0 0 0 0 0 0 0 0 0 0 0 0 0 0 0 0 0 0 0 0 0 0 0 0 0 0 0 0 0 9.8 2.4000000000000004 1.8 5.2 6.4 3.2 4.6000000000000005 5 4.4 1.8 1.6 0 4.6000000000000005 0 0 8 0 0 0 0 0.6000000000000001 0 0 0 0 0 0 0 0 0 0 1.4000000000000001 2.4000000000000004 0 0 0 0 6 0 0 0 0 0 0 0 0 0 0 0 0 0 0 0 0 0 0 0 0 0 0 0 0 0 0 0 0 0 0 0 0 0 0 0 0 0 0 0 0 0 0 0 0 0 0.8 0.4 0 10.4 9.4 0.4 2 0 0 0 0 0 0 0 0 0 0 2.2 0 0 0 0 0 0 0 0 0 0 0 0 0 0 0 0 0 0 0 0 0 0 0 0 0 0 0 
 23.200000000000003 6 28.400000000000002 27.200000000000003 72.60000000000001 13.4 33.4 7 44.400000000000006 11 53.2 15.600000000000001 18 47.400000000000006 29.200000000000003 31.6 0 33.2 56.400000000000006 8.8 15.4 0 0 0.4 0 0 0 0 0 0.6000000000000001 0.4 0.4 19.6 17.2 0 0 0.4 0.2 0.4 14.8 0 0.6000000000000001 0 0 0 1 0.6000000000000001 0 0.4 0 0 0.4 0 0 0.6000000000000001 0 0 0 0.6000000000000001 0 0 0.6000000000000001 0.6000000000000001 0 0.4 0 0.2 0.4 0.6000000000000001 0 0 0 0.6000000000000001 0.6000000000000001 0 0.6000000000000001 1 0 0 0.4 3.4000000000000004 0 6.6000000000000005 4.2 3.8000000000000003 0.2 0 2 0 4 13 0.2 0 1.8 0 0.6000000000000001 0.6000000000000001 1.6 0 0 0.2 0 0.2 0 0 0 0.2 0 0 0 0 0 12.600000000000001 0.8 0 0 0 0 2.8000000000000003 2 0 0 0 0 0 0 0 0 0 0 0 0 0 0 14 0 0 0 0 0 0 0 0.4 0 0 0 0 0 0 0 0 0 0 0 0 0 0 0 5.2 0 2.8000000000000003 0 6 0 4.2 0 0 2.6 9 2.6 0 0.2 1 0 3.4000000000000004 3.4000000000000004 9.200000000000001 0 0 0 0 0.6000000000000001 0 0 0 0 0 0 0 0.2 0 0.4 0 2.2 0 0.4 1.8 0 3 0 0 0 0 0 0 0 0 0 0 0 0 0 0 0 0 0 0 0 0 0 0 0 0 0.4 0 0 0 0 0 0.4 0 0 0 0 0 0 0 0 0 0 0 0 0 0 0 0.2 17.8 0 17.6 0 0 1.2000000000000002 0 0 0 0 0 0 0 0 0 0 0 0 0 0 0 0 0 0 0 0 0 0 0 0 0 0 0 0 0 0 0 0 0 0 0 0 0 0 
 22.200000000000003 24.400000000000002 77.80000000000001 48.800000000000004 13.200000000000001 34.6 5.2 6 43 24.6 62 57.6 50.2 17.8 50.800000000000004 67.4 33.2 0 21.8 9.8 15.4 0 0.2 0 0 0.4 0 0 0.2 0.6000000000000001 0 0 4.4 0 0.6000000000000001 2.4000000000000004 0 0.4 0.2 19.400000000000002 0 0 0.4 12.4 1.6 0.6000000000000001 0.6000000000000001 0 0 0 0 0 0 0 0 0 0 0 0.6000000000000001 0 0 0.6000000000000001 0.4 0 0 0 0 0 1.2000000000000002 0 0 0 0 0.6000000000000001 0 0.6000000000000001 0 0 0 0.4 0 0 4.2 10.4 0.2 0 0 2.8000000000000003 4.800000000000001 4.800000000000001 4.6000000000000005 9.8 0 4.6000000000000005 2.8000000000000003 0 0.2 3.4000000000000004 0 0 0.4 0 0.2 0 0 0 8.200000000000001 0 3.2 0 0 0 1.6 0 0.2 0 0 0 2.6 0.2 0 0 0 0 0 0 0 0 0 0 0 0 0 0 0 0 0 0 0 0 0 0 0.4 0 0 0 0.2 0 0 2 0 0 0 0 0 0 0 0 0.4 0 0.4 2.4000000000000004 2.2 3.4000000000000004 5 4.800000000000001 2.8000000000000003 3 0 5.800000000000001 6.800000000000001 2.8000000000000003 0.2 0 5.800000000000001 1.8 3.8000000000000003 6.6000000000000005 1 0 0 2 5 0 0 0 2.2 0 0 0.8 0 0 0.4 0 0 1.4000000000000001 0 0 0 2.8000000000000003 0 0 0 0 0 0 0 0 0 0 0 0.4 0 0 0 0 0 0 0 0 0.2 0 0 0 0 0 0 0 0 0 0 0 0 0 0 0 0 0 0 0 0 0 0 0 0 0.8 18.2 0 0.4 0 2.8000000000000003 2.2 2.4000000000000004 0 0 0 0 0 0 0 0 0 0.2 0 0 0 0 0 0 0 0 0 0 0 0 7.2 1.8 0 0 0 0 0 0 0 0 1.8 0 0 0 0 
 24.6 6.2 7.800000000000001 64.60000000000001 55 48.800000000000004 12.8 33.800000000000004 69 38.2 15.200000000000001 47.800000000000004 34 25.200000000000003 76.60000000000001 70.2 56.400000000000006 21.8 0 20.6 0.6000000000000001 0 0 0 0.4 0.8 0 0 0 0.8 0.4 12 0.2 0.2 0 0 0 0.6000000000000001 0.6000000000000001 0 0.6000000000000001 0.2 0 0.8 0 0.6000000000000001 0.6000000000000001 0 0 0 0 0 0.2 0 0.2 0 0.8 0.6000000000000001 1 0 0 0.6000000000000001 0.6000000000000001 0 1.2000000000000002 0 0 0 1 0 0 0 0.8 0.6000000000000001 0 0.6000000000000001 0 0.8 0 0.4 4.2 3.8000000000000003 2.4000000000000004 3 0 0 8.200000000000001 3 0 0 0 0 1.4000000000000001 4.4 0 3.6 0 6.6000000000000005 10.600000000000001 4.6000000000000005 0 0 0 0 0 0 0 0 0 0 0 0 0 0 0 2 0 0 0 0 0 0 0 0 0 0 0 0 0 0 0 0 0 0 0 0 0 0 1.6 0 0 0 0 0 0 0 0 0 0 0 0 0 0 0 0 0 0 2.2 0 0 0 6.800000000000001 0 0 0 0 2.4000000000000004 0.2 1.4000000000000001 3.4000000000000004 2.8000000000000003 3.2 14.4 4.800000000000001 2.2 6.2 7.2 2 0.4 1.8 0 0 0 0 0 0 0 0 0 0 0 0 0 0 0 0 0 0 2.2 0 0 0 0 0 0 0 0 0 2.2 0 0 0 0 0 0 0 0 0 0 0 0 0 0 0 0 0 0 0 0 0 0 0 0 0 0 0 0 0 0 0 0 0 0 0 0 0 0 0.2 0 0 3.4000000000000004 3.4000000000000004 0 0 0 0.2 0 0 0 0 0 0 0 0.4 0 0 0 0 0 0 0 0 0 0 0 0 2.8000000000000003 0 0 0 0 0 0 0 0.2 0 0 0 0 0 
 8.4 24.6 7.6000000000000005 15.200000000000001 15.600000000000001 12.4 90.2 15 16.8 21 83 7.4 39.6 45.6 21 62.2 8.8 9.8 20.6 0 0.6000000000000001 0 0 0 0 0.2 0 0 0.2 0.6000000000000001 0 0 0 0.4 0.4 0 0 1.8 0 0 0.6000000000000001 0.4 0 0 0 0.6000000000000001 6.2 0 0 0 0 0 0 0 0 5.4 0 0 1 0 0 0.4 0.6000000000000001 0 0 0 0 0 0.6000000000000001 0 0 0 0 0.6000000000000001 0 0.6000000000000001 0.2 0 0 0.4 8.4 4 0 0 0 0 9.200000000000001 2 3.4000000000000004 0 0 0 8.6 0.2 5.6000000000000005 6 0 0 3.6 5 0 0 0 0 0 0 0 0 0 0 0 0 0 0 0 0 0 0 0 0.2 0 0 0 0.4 0 0 0 0 0 0 0.2 0 0 2.4000000000000004 0 0 0 0 0 0 0 0.2 0 0 0 0 0 0.6000000000000001 0 0 0 0 0.2 0 0 0 0.4 0 0 0.8 0 1.2000000000000002 0 0 3.8000000000000003 0 1.8 0 0 0 0 0 2.8000000000000003 16.2 1.4000000000000001 0 0 0 1.6 5.2 0 0 0 0 0 0 0 0 0 0 0 0 0 0 0 0 0 0 0 0 2.8000000000000003 0 0.4 0 0 0 0 0 0 0 0 0 0 0 0.2 0 0.6000000000000001 0 0 10.600000000000001 0 0 0 0 0 0 0 0 0 4 0 0 0 0 0 0 0 0 0.2 0 0 0 0 0 0 0 0 0 0.8 0 0.2 1 0 0 0 0 0 0 0 0 0 0 0 0 0 0.2 0 0 0 0 0 0 0 0 0 0 0 0 0 0 0 0 0 0 0 0 0 0 0 0 
 0.6000000000000001 1.4000000000000001 0.6000000000000001 22.6 33.6 15.200000000000001 0.6000000000000001 0.6000000000000001 0.6000000000000001 0.6000000000000001 15.8 7 0.8 0.6000000000000001 0.6000000000000001 0.6000000000000001 15.4 15.4 0.6000000000000001 0.6000000000000001 0 46.400000000000006 30.400000000000002 6.800000000000001 11.4 4.6000000000000005 39 88.80000000000001 26.200000000000003 36 24.6 26.8 67 26.8 45.6 37.6 10.600000000000001 24.200000000000003 27.200000000000003 9 0 0 0 0 0 0.2 0 0 0.6000000000000001 0.6000000000000001 1.2000000000000002 0 0 0 0.4 0 0.2 0 0 0 0 0 0 0 0 0 0.4 0 0.4 1 0 0.6000000000000001 0 0 0.4 1 0 0 9.4 0.4 0 0 0.2 4.800000000000001 1.2000000000000002 2.2 0 0 0 4 0 5 0 0 0 0 0 0 0 0 0.4 4.4 0.8 0.2 0 2.4000000000000004 1.6 3.6 6.2 0 0 1.6 0 12 3.8000000000000003 3.8000000000000003 1.8 2 0 0 0 0 0 0 0 0 3.2 1.8 0 0 0 0 0 0 0 0 0 0 5.6000000000000005 0 0 0 0 0 0.2 0 0 0 0 0 0 0 0 0 3.8000000000000003 0 0 0 0 0.2 1.6 0 0 0 0.2 0 0 0 0 1.6 0 0 0 0 0 0 0 1 0 0 4 1.2000000000000002 8.4 9 2.8000000000000003 0.4 2 0.6000000000000001 0 0 0 0 2.8000000000000003 0.2 6.800000000000001 3.8000000000000003 0.4 0 6 8.6 0.8 0 0 0 0 0 0 0 0 0 0 0 0 0 0 0 0.2 0 0 0 0 0.4 0 0 0.2 0 0 0 0 0 0 0 0 0 0 0 0 0 0 0 0 2.4000000000000004 0 0 0 0 20.400000000000002 0 0 0 0 0 0 0 1.6 0 0.4 15.200000000000001 0 0.2 0.8 0.8 0 0 0 0 1.4000000000000001 0 0 0 0 0 0 0 0 0 0 0 0 0 0 0 0 0 0 0 0 0 0 0 
 0 0 0 0 8.8 15.600000000000001 0 0.8 0 0 0.4 0.4 0 0 0 0 0 0 0 0 46.400000000000006 0 65.60000000000001 62.6 7.800000000000001 21.200000000000003 35 33.800000000000004 24.6 24.400000000000002 77.60000000000001 21.200000000000003 10.600000000000001 10 9.600000000000001 40.800000000000004 24.400000000000002 26.200000000000003 26.400000000000002 6.6000000000000005 0 32.4 0 0 0 0 0 0 41.800000000000004 0.6000000000000001 0.6000000000000001 0 13 0.2 0.2 0 0 0 3.6 12.4 0 0 0 1.2000000000000002 0 0 0 0 0.4 0.4 0 8.8 0 0 0 0.8 0 0 0 0 0.4 0 0 2 0 3.4000000000000004 0 0 0 0 0 0 0 0 0 0 0 0 0 0 2.4000000000000004 3.2 1.6 2 0 1.8 1.6 10.8 0.2 0 4.6000000000000005 3.8000000000000003 3.6 0 0 3.2 6.800000000000001 2.4000000000000004 4.2 0 0 0 0.4 0 0 0 2 2.2 0 0 0 0 13.8 0 0 0 0 0 2 0.2 0 0 0 0 0 0 0 0 0 0 0.8 0 0 0 0 0 0 2.4000000000000004 0 0 2 0 0 0 0 0 0 0 0 0 0 0 0 0 0 0 0 1.2000000000000002 0 0 2.2 0 4.6000000000000005 11 5.6000000000000005 0 2 8.6 5.2 1.8 0 17.6 0 2 4.4 4.2 2 4.2 2.6 2.8000000000000003 1.6 0 0 0 0.2 0 0 0 0.2 0 0 0 0 0 0 0 0 0 4.4 0 0 0 1.2000000000000002 0.4 0 0 0 0 0 0 0.2 0 0 0 0 0 0 0 0 0 0 0 0 0 0 0 0 0 0 0 0 0 0.4 0 1.2000000000000002 0.4 0 32.6 8.6 0.4 2.6 0.2 0.4 0 0 0 1.8 0 0 0 0 0.4 0 0 0 0 0 0 0 3.8000000000000003 0 4.6000000000000005 0 0 0.4 2.2 0 0 0 0 
 0 0 0.2 0 0 0 0 0 0.4 0 0.6000000000000001 0 0 0 0 0 0 0.2 0 0 30.400000000000002 65.60000000000001 0 66.8 54.800000000000004 26.400000000000002 58.400000000000006 22.200000000000003 16 25.8 25.6 62.800000000000004 14.200000000000001 10.8 8.6 56.2 41.6 9.4 49 5.6000000000000005 0.6000000000000001 1 1.6 0 0.6000000000000001 0 3.4000000000000004 0 0.6000000000000001 0.6000000000000001 1 0.4 15.8 0 0 0 0.8 0 0 25.200000000000003 0 1.2000000000000002 0.6000000000000001 0 0 0 0.4 0 0.4 0.6000000000000001 0 5.800000000000001 0 0 0.4 1.2000000000000002 0.8 0 0 1.6 0 0 0 0 0 2.2 0 0.2 0 0.4 0 0 2.4000000000000004 0 0 0 0 0 0 0 0 5.4 2.2 2.2 3.4000000000000004 4.800000000000001 0 2.8000000000000003 2 0.4 4.4 2.2 0 0 0.6000000000000001 5.6000000000000005 6 4.4 0 0 0 0 0 0 0 0 8 0.2 0 0 0 0 7.4 0.2 0 0 0 0 4.4 6.4 0 0 0 0 0 0 0 3.6 0 0 0.4 0 0 0 0 0 0 0 0 0 0 0 0 0 0 0 0.8 0 0 0 0 0 0 0 0 0.4 0 0.4 0 0 0 1.8 0 5.800000000000001 4.2 0.2 0 1.8 10 2.2 3.4000000000000004 7.6000000000000005 0 0.2 2.2 0 0.2 4.2 0 0 4.800000000000001 0 3 0.2 0 0 1.6 1.6 0 0 0 0 2 3.6 4 0 0 0 8.4 4.2 0 1.8 0 0 0 1 0 0 0 0 0 0 0 0 0 0 0 0 0 0 0 0 5.800000000000001 0 0 0 0 0 0 0 0 0 0 0 0 0 0 16.6 0.2 0 0 1.2000000000000002 0 0 0 0 2 0 0 0 0 0 0 0 0 0 0 0.2 0 3.6 0 1.8 0 0 1.8 1.8 2 0 0 0 
 0.4 0.6000000000000001 0 0.4 0 15.8 0.2 0.4 0 0 0 0 0.2 0 0 0 0.4 0 0 0 6.800000000000001 62.6 66.8 0 16.2 24.200000000000003 16.6 15.8 49.2 50.2 13.4 70.8 9.200000000000001 15.4 17.400000000000002 34.800000000000004 25.8 31.6 17 14 0 12.600000000000001 0 0 0 0 14.200000000000001 0 0.6000000000000001 0.6000000000000001 0.6000000000000001 0 1.4000000000000001 14.4 18.2 0.2 0 0 3 24.8 0 0 0 0 0 0 0 0 0.4 0.4 0 0.4 0 0 0 0 0.4 0 0.8 0 0 0.2 0 0 0 0 0 0 0 1.2000000000000002 0 0 0 0 0 0 0 0 0 0 0 0.4 2.2 1.8 4.800000000000001 2.2 2 5 0 5.4 0.2 7 8.6 0 0 0 2.4000000000000004 4.4 0 0.4 3 2.2 0 0 0 0.4 6.2 2.4000000000000004 0 0 0 0 2.4000000000000004 0.2 0.4 0 0 0 0 9.200000000000001 0.6000000000000001 0 0 0 0 0 0 0 0 0 0 0 0 3.2 0.4 0 0 0 0 0 0 0 0.4 4.2 0 0 0 0 0 0 0 0 0 0 0 0 0 0 0 0 0 0 3.6 8.8 0.2 4.800000000000001 0 0.8 0.4 1.8 6.6000000000000005 5 0.2 0 0 4.4 0 4 0 0 0.2 0 0 1.6 0 0 4 4.2 0 0 0 0 0.2 0 0 2.6 2.2 2.6 0.2 2.8000000000000003 0 0 0 0 0 1.8 0 0 0 0 0 0 0 0 0.4 0 0 0 0 0 0 0 0 0 0 0 0 0 0 0 0 0 0 0 0 0.4 0.2 25 1.4000000000000001 0 0 0 0 0 0 0 0 0 0 0 0 0 0 0 0 0 0 0 0 0 0 2.6 0 0 0 0 0.2 0 0 0 
 0 0 0 0.2 0 0 0 1 0 0 0.4 0 0 0 0 0 0 0 0.4 0 11.4 7.800000000000001 54.800000000000004 16.2 0 50.6 69 15.4 12.600000000000001 22 34.6 22 18.6 15.4 22 16.2 68.4 8.200000000000001 15.8 72.2 14 12.8 0 0 0 0 1.4000000000000001 12.4 0.6000000000000001 0.6000000000000001 0.6000000000000001 0 12.4 7 12.4 0 0 0 16.2 0.2 0 0 0 0 0 0 0 0 0.4 0.4 0 0 0 0 0 0 0 0 0 0.4 0 0 0 0 0 0 0 0 0 0 0 0 0 0.4 0 0 0 0 0 0 2.2 3 0 1.2000000000000002 2 1.4000000000000001 0 0.2 1 6.2 2.4000000000000004 2.2 1.4000000000000001 4.800000000000001 0.2 1.8 0 0 0 0 2.2 0.2 3 0 0 0 3.4000000000000004 4.4 0 2 0 0 0 0 0 0 1 0 2.6 0 0 0 0 0 0 0 0 0.2 0.4 0 0 0 0 0 0 0 0 2.8000000000000003 0.2 0 0 0 0 0 0 0 0 0 0 0 0 0 0 0 0 0 0 0 0 0 3.2 1.2000000000000002 0 3 0 3.2 0 4.2 0 0 4 5.6000000000000005 2.2 0 0 0 0 2.4000000000000004 0 0.4 0 0 9.4 2 10.8 0 7 5.6000000000000005 1.8 0 0 0 6 3.2 0 0.4 0 3.6 3.8000000000000003 2.8000000000000003 0 0 0 0 0 0 0 0 0 0 0 0 0 0 0 0 0 0 0 0 0 0 0 0 0 0 0 0 0 0 0 0 0 0 1.4000000000000001 0 0.6000000000000001 0.4 0 0 0.4 1.4000000000000001 0 0 0 0 0 0 0 0 0 0 0 0 0 0 0 0 0 0 0 0 0 0 3 0 0 0 0 0 
 0 0 0 0 0 0.4 0 0 0 15.200000000000001 0.4 0.4 0 0 0 0 0 0.4 0.8 0.2 4.6000000000000005 21.200000000000003 26.400000000000002 24.200000000000003 50.6 0 5.800000000000001 9 8.4 70.60000000000001 33.6 25.200000000000003 3.8000000000000003 64.60000000000001 13.4 20.6 20.400000000000002 28.200000000000003 12.200000000000001 12.4 0.4 0.2 0 0 0 0 18.6 12.4 4.6000000000000005 0.6000000000000001 0.6000000000000001 12.8 5.2 35.2 7.2 0 42.6 0 25.200000000000003 28.8 0 0 0 0 1.4000000000000001 0 0 0 0.4 0.4 0 10 0 0 0 0 0 0 0.8 0 0 0 0 0 0 0 0 0 0 0 0 0 0 0 0 0 0 0 0 0 0 0 0 1.4000000000000001 2 2.4000000000000004 0 0 0 0 4.6000000000000005 0 0 0 0 0 0 0 0 0 11.600000000000001 2.8000000000000003 4 0 0 0 8.4 3.2 1.2000000000000002 0 0 0 0 6 0.2 0.2 0 0 8 7.800000000000001 0 0 0 0 0 0 0 0 3.6 4.2 1.4000000000000001 0 0 0 0 0 0.4 2.6 0 0 0 0 0 0 0 0 0 0 0 0 0 0 0 0 0 1.8 0 0 0 0 0 0 0 2.6 2.2 2.2 0.4 0 2 3.4000000000000004 0 2 0 0 0 0 0 0 0 0 5 0 0 2.8000000000000003 0 0 0 5.2 1.2000000000000002 6.6000000000000005 0 0 5.6000000000000005 2.6 5.800000000000001 2.6 3.6 10 5.2 2 0 0 0 0 0 0 0 0.4 0 0 0.2 0 0 0 0 0 0 0 1.2000000000000002 0 0 0 0 0 0 0 0 0 0 0 0 0 0 0 1 0.2 0.2 0.2 8.8 1.2000000000000002 1.2000000000000002 0.4 0 0 0 0 0 0 10.600000000000001 0 0 0 0 0 0 0 0 0 0 0 0 3.2 0 0 0.4 0.2 0 0 0 0 
 0 0 0 0 0 15 0 0.4 0 0.4 0.6000000000000001 0.6000000000000001 0.4 0 0.2 0 0 0 0 0 39 35 58.400000000000006 16.6 69 5.800000000000001 0 17 60.6 24 23.200000000000003 23.8 26.6 77 66 32.800000000000004 76 19.200000000000003 62.6 123 0 0 4.6000000000000005 0 0 0 0 0 0.6000000000000001 0.6000000000000001 0.8 0 0 0 0 0.2 0 0.2 0.2 0 0 1 0 0 0 0 0 0.4 0.4 0.4 0 0 0 0 0 0 0.8 0 0 1.2000000000000002 0.2 0 0 0 0 4.2 0 0 0 0 0 0 0 0 0 0 0 0.4 0 0 0.6000000000000001 7.4 1.8 3.6 0 0 3.8000000000000003 11.8 4.2 9.600000000000001 0 2.2 6 5.4 5 12.200000000000001 0.2 2 0 0 0 0 0.2 0 0 0 0 0 0 0 0 0 2.2 0 0 0 0.4 0 0 0.2 1.8 0 0 0 0 0 0 0 0.8 0 0 0 0 0 0 0 0.4 0 0 0 0.4 0 0 0 0 0 0 0 0 0 0 0 0 0 0 0 0 0.8 0 0 3.6 2.6 5.2 0 4.2 0 5.4 2.4000000000000004 3 1 2.8000000000000003 11.8 6.800000000000001 0.2 2 2.4000000000000004 2.4000000000000004 2.8000000000000003 1.8 2 0 0 0 0 0.6000000000000001 0 0 0 0 0 0 0 0 0 0 0 0 0 2.6 0 0 0 0 0 0 0 0 0.4 0 0 0.4 0 0 0 0 0 0 0 0 0 0 0 0 0 0 0 0 0 0 0 0 0 0 0 0.4 0 0.2 0.2 0.6000000000000001 0.2 2.2 0 0 0 0 0.2 0 0 0 0 0 0.4 0 0 0 0 0 0 0 1.6 0 3.4000000000000004 0 0 0 3.8000000000000003 0 0 0 0 
 0.2 0 0 0.4 15 3.2 0.2 0 0 0 0.6000000000000001 14.600000000000001 0 0 0 0.2 0 0 0 0 88.80000000000001 33.800000000000004 22.200000000000003 15.8 15.4 9 17 0 24.8 24.6 27.6 8.4 56.6 20.6 39.2 33.4 7 6 14.600000000000001 21.6 0 0 0 0 0 0 0 0 1.2000000000000002 0.6000000000000001 10.200000000000001 1 0 0 0 0 0 0 0.8 12.4 0 9.600000000000001 0 0 0 0 0 0 0.4 0.4 0 1.4000000000000001 10.8 0 0 1.4000000000000001 0.6000000000000001 0 0 0 0 0 0 0 0 1 0.2 0 0 0 0 0.2 0 0 4.800000000000001 0 0.4 0 0.2 0 4.800000000000001 2.4000000000000004 2.4000000000000004 0 1.4000000000000001 5.4 3.2 2.4000000000000004 4.2 4.2 4.6000000000000005 8 0 0 7.4 0 15.4 5.6000000000000005 0 2.2 0 0 0 0 0.2 0 2.2 0.6000000000000001 0 0.2 0 0 11.4 0 0 0 0 0 3.8000000000000003 2 0 0.4 0 0 0 0.4 0 0 0.4 0 0 0 0 0 0.4 0 0 0 0 0 0 0.2 0 0 0 0 0 0 0 0 0 0 0 0 0 0 0 0 0 0 7.800000000000001 4.4 0.2 5.4 1.8 0 5.6000000000000005 11.4 0.2 5 1.4000000000000001 0 3.6 9.8 0 0.8 1.2000000000000002 2.8000000000000003 2.2 1 0 0 0 0 0 0 0 0 0 0 0 0 0 0 0 0 0 0 0 6 0 0 0 0 0 0 0 0 0 0 0 0 0 0 0 0 0 0.4 0 0 0 0 0 0 0 0 0 0 0 0 0 0 0 0 4.2 0.4 0.2 1.6 0 0 0.4 0 0 0 0 0 2.2 0 0 0 0 0 0 0 0 0 0 0 0 0 0 0 0 0 0 0 2 0 0 0 
 0 23.6 15.8 0 21.8 12 0 0 0.4 0 0.2 0 0 0 0 0 0 0.2 0 0.2 26.200000000000003 24.6 16 49.2 12.600000000000001 8.4 60.6 24.8 0 73.60000000000001 27 6.4 48.2 51.2 52.2 44.2 91.4 13.200000000000001 19.6 13.200000000000001 0 0.8 0 0 0 0 0 0 0.6000000000000001 0.6000000000000001 6.2 0 1.4000000000000001 0 0 0 0.2 0 1.2000000000000002 5.800000000000001 0 9.600000000000001 0 0 1 0 0 0 0.4 0.4 0 0 0 0 0 0 0 9.8 0 0 0 0 0 0.2 3.4000000000000004 4.6000000000000005 0 0 0 0 0 0 0 0 0 0 0 0 0 0 9.4 3.6 8.6 0 0 0 6.4 31.400000000000002 0.6000000000000001 0 0 1.6 7.6000000000000005 0.6000000000000001 1.8 0 2 0 3.6 1.8 0 0 0 0 0 0 2.2 0 0 2.2 0 0 0 0 0 0 0 0 0 3.8000000000000003 0 0 0 0 0 0 0.2 0 0.6000000000000001 0 0 0 0 0 3.4000000000000004 0 0 0 0 0 1.8 0 0 0 0.2 0 4.6000000000000005 0 0 0 0 0 0 0 0 0 0.4 1.2000000000000002 0 0 2.6 4 8.8 0.2 2.2 1.4000000000000001 3.8000000000000003 0 0 8.200000000000001 4.2 3.4000000000000004 4.6000000000000005 4 0.2 3 5.4 3.2 4.6000000000000005 1.6 0 0 0 0 0 0 0.2 0 0 0 0 0 0 0 0 0 0 0 0.2 0 0 0 0 0 0 1.2000000000000002 0 0 0.4 0.2 0 0 0 0 0 0 0 0 0 0 0 0 0 0 0 0 0.2 0 0 0 0 0 0 0.4 0.2 0 0.2 1.4000000000000001 15.8 0.4 1.8 0 0 0 0 0 0 0 0 0 0 0 0 0 0 0 0 0 0 0 0 2.2 0 0 0 0 0 0 0 0 
 17.8 0.6000000000000001 0.6000000000000001 1 15.4 0.6000000000000001 0.6000000000000001 0.6000000000000001 1 1 0.6000000000000001 1.2000000000000002 0.6000000000000001 0.6000000000000001 0.6000000000000001 0.8 0.6000000000000001 0.6000000000000001 0.8 0.6000000000000001 36 24.400000000000002 25.8 50.2 22 70.60000000000001 24 24.6 73.60000000000001 0 31.8 20.400000000000002 11.600000000000001 55.400000000000006 41.400000000000006 16 83.4 79 93.2 21.400000000000002 0 0 0 0 0 0 36.6 0 0.6000000000000001 5.4 1 1.6 13.200000000000001 5 12.8 0 0 0 0 27.8 0 0 0 1.2000000000000002 0 0 0 0.6000000000000001 0.8 0.4 0 0.2 0 0.4 0 0 0 0 1.6 0 0.2 0 0 0 0 0 0 0 0 0 0 0 0 0 0 0 0 0 0 0 1.8 2.8000000000000003 0 5.4 7.800000000000001 12.600000000000001 4.2 3.4000000000000004 6 0 0 4 0 0 0 9.600000000000001 4.4 6.800000000000001 0 0 5.2 0 0 0 0 0 0 0.2 0 0 0 0 4.4 2.6 3.2 0 0.4 0 0 8.8 1.6 0 0 0 0 0 0 0 0 0 1 0 0 0 0 0 0.4 0 0 0 1.2000000000000002 0 0 0 0 0 0 2.8000000000000003 0 0 0.8 0 0 0 2.4000000000000004 0 0 0.8 0 0 0 3.4000000000000004 2.8000000000000003 7.2 4.4 0 1.6 5.4 0.8 3.8000000000000003 2.2 4 3.2 0 0 1.2000000000000002 0 0.8 1 1 8.200000000000001 0 0 0 0 0 6.4 9.200000000000001 0 0 0 0 0 2.4000000000000004 0 4.2 2 1.8 0.4 0 0 0 0 1 0 0 0 0.4 0 0 0.4 0 0 0 0 0 2.4000000000000004 3.2 0 0 0 0 0.2 0 0 0 0.4 0 0.2 0 0 0.2 0 0 0.2 0.2 0.4 0 0 0.6000000000000001 0.6000000000000001 0 0 0.4 0 0 0 0 0 0 0 0.4 0 0 0 0 0 0 0 0 0 0 0 0 0 0 0 0 0 0 
 0.4 0 0 0.4 0 0 0 0.4 0 0 0.4 0 0 0.4 0 0 0.4 0 0.4 0 24.6 77.60000000000001 25.6 13.4 34.6 33.6 23.200000000000003 27.6 27 31.8 0 12.8 9 9.200000000000001 59.6 32.6 35.2 27.200000000000003 23.6 22.200000000000003 0 0 0 0 0 0 0 0 0.6000000000000001 0.6000000000000001 0.6000000000000001 1 13.600000000000001 0.4 0.2 0 0 0 24.8 12.8 0 0 0 0 0 0 0 0 0.4 0.4 0 6.4 0 0.2 0 1.4000000000000001 0 0 0 0 0 0 0 0 0 0 0 0 0 0 0 0 0 0 0 0 0 2.6 0 0 0 3.8000000000000003 0.2 1.6 1 6 0 0.2 4.2 4 6.800000000000001 3.4000000000000004 0 4 0 8.4 6 3.2 0.2 7 0.2 0 0 0 0 0 3.8000000000000003 1.2000000000000002 0 0 0 0 4 0 0 0 0 0 3.8000000000000003 4.4 0 0 0.2 0 0 0 0 0 0 0 1.8 0 0 0 0 1.8 1.6 0 0 0 0.4 0 0 0 0 0 0 0 0 0 0 0 0 0 0 0 0 0 0 0 0 9.200000000000001 3.2 7.800000000000001 3 1.8 0 12.600000000000001 4 0 3.4000000000000004 4.6000000000000005 3.2 0 1.4000000000000001 0.2 0 0.2 1.2000000000000002 1.4000000000000001 3.6 0 0 0 0 0 0.2 5 0 0 0 0 0 2.8000000000000003 0 0 0 0 2 4.2 0 0 0 0.2 0 0 0 0 0 0 0 0 0.4 0 0 0 0 0 0 0 0 0 2 0 0 0 0 0 0 0 0 0 0 0 0.6000000000000001 0.4 0.8 37.6 0 0 2.2 0.2 0 0 0 0 2.2 0 0 0 0 0 0 0 0 0 0 0 0 0 0 4.6000000000000005 0 0 0 0 2 0 0 0 
 0.4 0 0 0.4 0.4 0.4 0 0.4 0 0 0 0.4 0 0.4 0 0 0.4 0 12 0 26.8 21.200000000000003 62.800000000000004 70.8 22 25.200000000000003 23.8 8.4 6.4 20.400000000000002 12.8 0 7.4 6.800000000000001 46.800000000000004 23.8 33 34.800000000000004 5.2 50.2 0.8 0.2 0 12.600000000000001 0 0 29.200000000000003 14.4 0.6000000000000001 0.6000000000000001 0.6000000000000001 0.6000000000000001 0 0 13 0.2 0 0 30.200000000000003 1.4000000000000001 0 0 0 0 0 0 0 10.600000000000001 0.4 0.4 0 0.4 0 0 0 0 0 0 0 0.2 0 0 0 0 0 0 0 0 0 0 0 0 0 0 0 0 0 0 4.2 0 0 3.8000000000000003 0.2 3.6 10.4 6 3 0 4 4 1.6 4.6000000000000005 0 3.8000000000000003 3 3.8000000000000003 6.800000000000001 9.8 0 0.4 5.4 4.2 0 0 0.4 0 3 13.600000000000001 0 0 0 0 3.8000000000000003 3.8000000000000003 1.8 0 0 0 2.8000000000000003 3 0.6000000000000001 0 0 0 0 0 0 0.6000000000000001 0 0 0 0 0 0 0.4 1 0 0 0 0 0 0 0 0 0 0 0.2 0 0 0 0 0 0 0 0 0 0 0 0 0 3.8000000000000003 3.8000000000000003 2.4000000000000004 0 5.2 5.6000000000000005 0 1.6 7.4 0 4.6000000000000005 0 0.2 0 3.4000000000000004 0 1.6 0 2 0 3.6 2.8000000000000003 0.8 2.8000000000000003 0 0 6 7.6000000000000005 1.8 4 0 0 6.6000000000000005 2.8000000000000003 0 0 0.4 2.8000000000000003 0 5.6000000000000005 0 0 0 0 0 0 0 4 0 0 0 0 0 0 0.4 0 0 0 0 0 0 0 2.6 0 0 0 0 0 0 0 0 0 0 0 0.4 0 0.2 0 16 0.4 0.4 0 0 0 0 0 2.6 0 0 0 0 0 0 0 0 0 0 0 0 0 0 0 0 0 0 0 0 0 0 0 
