 0 123.2 24 10.8 41.400000000000006 7.2 99.2 19.200000000000003 15.4 27.8 21.400000000000002 58.800000000000004 26.400000000000002 24.200000000000003 39.6 36.4 49.2 60 47.800000000000004 34 0.8 0 0.4 0 0 0 0.2 0.4 0.4 0 0.2 0 0 0.6000000000000001 0 0 0 0 0.8 0 0 0 0 0 2 0 0 0.4 0 0 0 0 0 0 0 1 0 0 0 0 0.6000000000000001 0.6000000000000001 0.6000000000000001 0.4 10.200000000000001 0 0.2 0 0 0.4 0 0 0 0 0 0 0 0.4 9.200000000000001 1.4000000000000001 1.8 5.4 3.4000000000000004 3.2 5.2 0 4.800000000000001 6.4 4.4 2.8000000000000003 1.2000000000000002 5.4 5.2 2 3 0 0.6000000000000001 1.4000000000000001 0 2.8000000000000003 0 0 0 0 0 0 0 0 0 0 0 0 0 0 0 0 0 0.2 0.8 0 0 0 0 0 0 0.4 0.4 0 0 0 0 0 0 0 0 0 0 0 0 0 0 0 0 0 1.8 0 0 0 0 0 0 0 6 0 0 0 0 0 0 0 5 2.8000000000000003 3.8000000000000003 8 0 3 0 12.4 1.6 0 0 3.8000000000000003 3 1.8 3 6 0 2.8000000000000003 0 0.2 0 0 0 0 0 0 0 0 0 0.4 0 0 0.2 0 0 0 0 0 0 3.4000000000000004 0 0 0 0 0 0 0 0 0 0 0 0 0 0 0 0 0 0 0 0 0 0 0 0 0 1.8 0 0 0 0 0 0 0 0 0 0 0 0 0 0 0 0 0 0 0 0.8 0 0 0 3.6 0 0.6000000000000001 0.4 0 0 0.4 0 0 0 0 0.2 0 0 0 0 0 0 0 0 0 0 0 0 0 0 0 3.4000000000000004 0 0 0 0 0 0 0 0 0 0 0 0 0 
 123.2 0 34.800000000000004 52.400000000000006 24.8 42.2 15.4 36.6 32.4 34.800000000000004 42 9.600000000000001 23.8 14.4 31.200000000000003 29.400000000000002 17.400000000000002 26.200000000000003 27 12.8 0.6000000000000001 0 0.4 0.4 0.4 0.4 0 0 1 0.4 0 0 0.4 0.6000000000000001 0 0 0 0 1.2000000000000002 0.6000000000000001 0 0 0.6000000000000001 0 0.4 0 0 0.6000000000000001 0.4 0 0 0 0 0 0 0.8 0 0 0 0 0.6000000000000001 0.6000000000000001 0.6000000000000001 0.4 0.2 0 0.4 0 0 0.6000000000000001 0 0 0 0.4 0 0 0 0.4 0 0 0 8 13.200000000000001 1.4000000000000001 1.6 1.8 5 0 4.4 6.4 7.6000000000000005 2.4000000000000004 0 5.2 1.8 6.2 4.4 8.200000000000001 0.2 8.200000000000001 0.2 0 0 0 0 0 3.2 0 0 0 0 0 0 0 0.2 0 0 0 4.2 0 0 0 0 0 0 0 0 2 0 0 0 0 0.2 0 0 0 0 0.4 0 0 0 0 0 0 0 0 0.2 0 0 0 0 0 0 0 0.4 0 0 0 0.6000000000000001 0 3.2 7.4 0 0 3 5.2 2 4 3.2 1.6 7.2 0 0 0 3 2 10 0 0 1 2.6 0 0 0 0 0.4 0.2 0 0 0 0 0 2.4000000000000004 0 0 0 1.8 0 1.8 1.8 0 0 0 0 0 0 0 0 0 0 0 0 0 0 0 0 0 0 0 0 0 0 0 0 0 0 0 0 0 0.2 0 0 0 0 0 0 0 0 3.6 0 0 0 0 0 0 0 0 0 0 0.2 3.8000000000000003 1.2000000000000002 0 0 0 0 0 0 0 0 0 0.2 0 0 0 0 0 0 0 0 0 0 0 0 0 0 0 3.6 0 0 0 0 0 0 0 0 0 0 0 0 
 24 34.800000000000004 0 68.2 37.6 12.4 37.800000000000004 17.6 79 28.8 61 57.400000000000006 50.400000000000006 31 15.8 10.4 22.400000000000002 17.2 12.600000000000001 31.400000000000002 0.6000000000000001 0.4 1 0.4 0.6000000000000001 0.4 0.8 0.4 1.4000000000000001 0 0.8 0.8 0.4 1.2000000000000002 0.8 0.4 16.6 0 9 0.4 0 0.2 0.4 0.4 1.6 0 0 0.8 1 0 0 0.4 0 0 0 1.2000000000000002 0.4 0 0 0.4 1.8 0.6000000000000001 0.6000000000000001 7 6.2 0 0 10 0.2 0.4 0 0.2 0 0 0 0 0.8 0.8 0 0 4.6000000000000005 3.4000000000000004 0 12 0 2 3.8000000000000003 2.4000000000000004 6.6000000000000005 2 2.4000000000000004 2.6 0.4 2 0.2 2.6 3.4000000000000004 1.6 0 3.8000000000000003 0 0 0 0 0 0 1.2000000000000002 0 0 0 0 0 4.4 0 0 0 0 0 0.2 0 0.2 0 0 0 0 0 0 0 0 0 0 5 0 0 0 0 0 0 0 0 0 0 0 0 0 0 0 0 0 0 0 1.8 1.2000000000000002 0 0 0 0 0 0.2 0 0.2 0.4 0 5.6000000000000005 0.6000000000000001 0 9 2.2 3.8000000000000003 0.2 4 2.2 6.800000000000001 5 1.6 0.2 1.8 2.4000000000000004 2.8000000000000003 0.2 0 0 0 0 0 0 0 0 0 0 0.4 0 0 0 0 0 0.4 0 0 0 0 0 2.4000000000000004 0.4 0 0 0 0 0 0 0 0 0 0 0 0 0 0 0 0 0 0 0 0 0 0 0 0 0 0 0.4 0 0 0 0.4 0 0 0 0 0 0 0 0 0 0 0 19 0 0 0.6000000000000001 0 3.8000000000000003 0 0 0 0 0 0.2 0.4 0 0 0 0 0.4 0 0 0 0 0 0 0 0 0 0 0 0.2 2.6 0.2 0 0 0 0 0 0 0 0 0 0 0 0 
 10.8 52.400000000000006 68.2 0 55.800000000000004 38.6 35.6 72.2 39.2 35.4 51.400000000000006 73.2 12.4 12 27 28.400000000000002 38 13 12 10 0.6000000000000001 0 0.4 0 0 0 19.8 0 0 0 0 0 14.8 7.2 4 0 0.2 0.4 2.4000000000000004 30.400000000000002 0 0 0 0 0.4 0 0 0.6000000000000001 0 0.2 0 6.4 0 0.6000000000000001 12.8 0 0 0 0 0 1 0.6000000000000001 0.6000000000000001 0.6000000000000001 0.4 0 0 0 0.6000000000000001 0.8 0 0 0 0 6 0 0.2 0.4 0 0 0.2 6.6000000000000005 13 3.2 2.8000000000000003 1.8 0.2 0 2.8000000000000003 1 1.2000000000000002 6.800000000000001 0 0 0 0 1.8 7.6000000000000005 0 0 4.800000000000001 5.6000000000000005 0 0 0 0 1.8 2.2 2 0 0 0 2.8000000000000003 9.200000000000001 0 0 0 0 2.2 9.600000000000001 0 0 0 0 0 0 0 4.4 0 0 0 0 0 0 0 0 0 0 0 0 0 0 0 0 0 0 0 0 0 0 0 0 0 0 0 0 0 0 0.6000000000000001 0 0 0 1.2000000000000002 0 2.2 4.4 0 0 11.4 4.4 5.2 3.8000000000000003 0 0 0.2 0 1 0 0 0 3 2.2 0 0 0 0 1.6 0.2 2.8000000000000003 0 0 0 10 2.8000000000000003 0.2 0 0 0 4 2.2 0 0 0 0 0 0 0 0 0 0 0 0 0 0 0 0 0 0 0 0 0 0 0 0 0 0 0 0 0 0 0 0 0 0 0 0 0 0 0 0 0 3.8000000000000003 0 0 0 0.2 0.2 0 0.4 17.6 0 1.2000000000000002 0 0 0 0 0 0 0 0 0 0 2.8000000000000003 0 0 0 0 0 0 0 0 0 0 0 0 0 2.6 0 0 0 0 0 0 0 0 0 0 0 0 0 
 41.400000000000006 24.8 37.6 55.800000000000004 0 33.6 14.200000000000001 11.600000000000001 53.2 23.200000000000003 56.800000000000004 26.400000000000002 16 120 57.6 29 49.6 93.4 11.8 32.2 1 0 0.4 0 0 0 0.2 29.400000000000002 0.4 0 0 0 14.600000000000001 0.8 0.2 0.4 0 5.4 1.2000000000000002 14.600000000000001 0 0 0 4.2 1.2000000000000002 0 0.2 0.6000000000000001 2.4000000000000004 0.2 4.2 0 0 0 0 4.800000000000001 0 0 0 0 0.6000000000000001 0.6000000000000001 0.6000000000000001 0.4 9 0 0 0.6000000000000001 3 9.4 0 10.200000000000001 0 1 0 0 0 0.4 0 0 0 5.2 7.6000000000000005 7 2.8000000000000003 1.2000000000000002 0.2 3.2 3.4000000000000004 0.2 6.6000000000000005 3.6 8.200000000000001 0 0.2 0 0 11.200000000000001 0 0 2.6 0 0 0 0 0 0 3 0 1.2000000000000002 0 1.4000000000000001 2.2 4.2 0 0 0 0 1.6 6 0 0 0 0 0 0 0 0 0 0 0 0 0 0 0 0 0 0 0 0 0 0 1.4000000000000001 0 0 0 0 0 0 0 0 0 0 0 0 0.4 0 0 0 0 0 0 2.8000000000000003 2.6 0.2 0 0 5 0 10.200000000000001 6 3.8000000000000003 0 3.4000000000000004 0 0 2 3 0 0 3 0 0 3 0 0 0 2.6 2.6 0 0.2 0 0 0 0 2 0.2 0 0 0 0 0 0 0 0 0 0 0 0 0 0 0 0 0 0 0 0 0 0 0 0 0 0 0 0 0 0 0 0 0 0.2 0 0 0 0.2 0 0 0 0 0 0 0.2 0 0 0 0.4 1 0 1 0.6000000000000001 0 3 0 0 0 0 0 0 0 0 0 0 0 0 0 0 0 0 0 0 0 0 0 0 0 0 5.2 0 0 0 0 0 0 0 0 0 0 0 0 0 
 7.2 42.2 12.4 38.6 33.6 0 42 44.6 79.4 55 32.2 36.2 4.800000000000001 7.2 25.8 14.8 51 20.8 25.6 8.8 0.6000000000000001 0 9.600000000000001 0 0 0.4 7.4 46.800000000000004 0.2 0 0.2 0.2 1.8 6 15.600000000000001 7.2 0 0 15.4 8.200000000000001 0 0 0 0 0.4 0 0 0.6000000000000001 1 0 0 1.6 0 1.8 0 0 0 0 0 0 0.6000000000000001 0.6000000000000001 0.4 0.6000000000000001 0 0 0.8 0 0 0.4 0 0.6000000000000001 0 0 1.4000000000000001 0 0 0.4 0 0 0 1.6 2 2.6 0 0 0 0 0.6000000000000001 5.2 1.8 7.4 0 0 0 0 0 3 0 0.2 7.6000000000000005 4.6000000000000005 0 0 0.2 0 2 0.4 0 0 0 0 0 6.2 3.2 0 0.4 2 7.4 3.2 1.6 0 0 0 0 0 0 2 0 0 0 0 0 0 0 0.2 0 0 0 0 0 0 0 0 0 0 0 0 0 0.4 0 0 0 0 3 0 0 0 0.8 0 0 2.6 0 0 4.4 2 0 0 2.8000000000000003 2.4000000000000004 2.2 0.2 0 0.6000000000000001 0 1 0 0 0 0 0 0 3.4000000000000004 0 0 0 2.6 0 2.8000000000000003 0 0 0.4 4.800000000000001 0.4 2.8000000000000003 0 0 0 1.8 1.4000000000000001 0.2 0 0 0 0 0 0 0 0 0 0 0 0 0 0 0 0 0.2 0 0 0 0 0 0 0 0 0.2 0.4 0 0 0 0 0.2 0.4 0 0 0 0 0 0 0 0 0 0 0 1 19.200000000000003 0.2 0.6000000000000001 0 0 1.8 0 0 0 0 0 0 0 0 0 0 0 0 0 0 0 0 0 0 0 0 0 0 0 0 4 0 0 0 0 0 0 0 0 0 0 0 0 0 
 99.2 15.4 37.800000000000004 35.6 14.200000000000001 42 0 27.8 72.8 48.6 24 50.800000000000004 17 40 25 7.2 9.200000000000001 26 27.400000000000002 42.400000000000006 0.6000000000000001 0.2 0.4 0 0.2 0 0 0 0.4 0.2 0 7.6000000000000005 0 0.6000000000000001 12.8 0.2 0.4 0.2 0.8 9 0 0 0 0 1 0 0 0.6000000000000001 0 0 0 0 0 0 0 0.6000000000000001 0 0 0 0.4 0.6000000000000001 0.6000000000000001 1.8 0.4 8.4 0 0 0 0 0.4 0 0 0 0 0 0 0 0.4 0 0 0.2 7.2 0 2 0 1.8 2.8000000000000003 3.8000000000000003 0 0.2 4.6000000000000005 4.6000000000000005 7.2 1.8 6 0.2 0 4.4 3.2 0.2 0 0 0 0 0 0 0 0 0 0 0.4 0 0 0 0 0.4 0 0 0 0 0 0 0 0 0 0 0 0 0 0 0 0 0 0 0 0 0 0 0 0 5 0 0 0 0.6000000000000001 0 0 0 0.2 0 0 0 0 0 0 0 0 0 0 0 3 3.4000000000000004 0 3 0 2.8000000000000003 2.6 2.2 3.8000000000000003 0 5.2 0 0.6000000000000001 2.6 1.6 2 0 2.8000000000000003 0 1.6 0 0 0 0 0 0 0.4 1.6 0 0 0 0 0 0 0 0 0 0 1 0.6000000000000001 0 0 0 0 0 0 0 0 0 0 0 0 0.4 0 0 0 0 0 0 0 0 0 0 0 0 0 0 0 0 0 0 0.2 0 0 0 0 0 0 0 0.2 0 0 0 0 0.2 0 0 0.4 0 10.8 0 1.8 0 0 0 0 0 0 0 0 0 0 0 0 0 0 0 0 0 0 0 0 0 0 0 0 1.8 0 0 0 0 0 0 0 0 0 0 0 0 0 
 19.200000000000003 36.6 17.6 72.2 11.600000000000001 44.6 27.8 0 17.2 26.6 67.60000000000001 7.6000000000000005 63.400000000000006 27 26.200000000000003 8.8 17.2 55 31.8 8 0.6000000000000001 0.2 0.8 0 0 0 0 1.2000000000000002 0.2 0 1.2000000000000002 0.8 0 0.6000000000000001 0 0 1.2000000000000002 0.4 0.8 0 0 0 0.4 0.6000000000000001 1.4000000000000001 0.8 0 0.6000000000000001 0 0 0 0 0.4 0.8 0 0.6000000000000001 0.8 0 0 0 0.6000000000000001 0.6000000000000001 1.4000000000000001 0.4 0.4 0 0.2 0 16.6 0.8 0 0.4 6.800000000000001 0 0 0.6000000000000001 1.2000000000000002 0.4 0.8 0 0.4 1.8 4.2 0 2.4000000000000004 0 2 3 0 5.2 0.6000000000000001 2.2 0 2 2 1.6 3 1.4000000000000001 0.4 7.800000000000001 0 0 0 0 0 0.4 1.4000000000000001 0 0 0 0 0 0.2 0 3.4000000000000004 2.8000000000000003 0 0 3.2 0 0 0 0 0 0 0 0 1.8 0 0 0 0 0 0 0 0 0 0 0 0 0 0 0 0.2 0 0 0 0 0 0 0 0 0 0 0 0 0 0 0.8 0 10.600000000000001 8.200000000000001 2.8000000000000003 0.4 2.8000000000000003 8.4 10.600000000000001 3 2 5.4 0.4 0.8 0 0.6000000000000001 2.8000000000000003 3.2 4.800000000000001 0 1.8 0.2 0 0 0 0 0.4 0 0 0 0 0.4 0 0 2.6 0 0 0 0 0 0 0 0 0 0 0 0 3.2 0 0 0 0 0 0 0 0 0 0 0 0 0 0 0 0 0 0 0 0 0 0 0 0 0 0 0 0 0 0 0 0 0 0 0 0 0 0 0 0.2 0 0 0 0.2 0 4 0 0 0 3.4000000000000004 0 0 0 0 0 0 0 0 0 0 0 0 0 0 0 0 0 0.8 0 0 0 3.2 0 0 0 0 0 0 0 0 0 0 0 0 
 15.4 32.4 79 39.2 53.2 79.4 72.8 17.2 0 38.800000000000004 43 95.60000000000001 60.400000000000006 18.2 35 24.200000000000003 12.4 43 11 13.200000000000001 0.6000000000000001 0 0.4 0 0 0 0 0.2 0.2 0 0 0.2 0 0.6000000000000001 0 0 0 0 0.6000000000000001 0 0 0 0 0 1.4000000000000001 0 0 0.4 0 0 0 0 0 0 0 1.2000000000000002 0 0 0 0 0.6000000000000001 0.6000000000000001 0.6000000000000001 0.4 0 0 0.8 0 0 0.4 0 0 0 0 0.8 0 0 0.4 0 0 2.2 2 0.4 8.6 1.8 0 2.4000000000000004 0 9.600000000000001 0 0.8 4 0 0.2 2 0 0.2 8.200000000000001 0 0 0 0.6000000000000001 0 0 0 0 5.6000000000000005 3 0.2 0 0 0 3.8000000000000003 0 3 0 0 0 2.2 4.2 0 0 0 0 0 0 0 0 0.2 0 0 0 0 0 0 0 3 0 0 0 0 0 0 0 0 0 0 0 0 0 0 0.2 1.2000000000000002 0 2.8000000000000003 0 0 0 0 0 4 3.6 10 4 10 3 3.4000000000000004 13.8 0 0 5 4.4 0 2 0 2.2 4.4 0 0 0 0 0 0 0 0 0 0 0 0.4 0 0 0 7.800000000000001 0.8 2.4000000000000004 0.4 0 0 4 2 0 2.8000000000000003 0.4 0 0 0 0 0 0.6000000000000001 0 0 0 0 0 0 0 0 0 0 0 0 0 0 0 0 0 0 0 0 1.6 2.2 0 0 0 0 0 0 0 0 0 0 2.8000000000000003 0 0 0 19.400000000000002 0.2 0.4 0 1.4000000000000001 0 1.8 0 0 0 0 0 0 0 0 0 0 0 0 0 0 0 0 0 0 0 0 0 0 0 0 4 4.4 0 0 0 0 0 0 0 0 0 0 0 0 
 27.8 34.800000000000004 28.8 35.4 23.200000000000003 55 48.6 26.6 38.800000000000004 0 24.400000000000002 79.2 9 83.80000000000001 15.200000000000001 52.6 59 45.2 16.8 19 1 0 0.4 0 0 0 13.4 15.4 0.4 0 0.2 0 0 0.6000000000000001 0 0 0 0 28.400000000000002 0 0 0 0 0 0.6000000000000001 0 0 0.4 0 0 0 0 12.4 0 0 0 0 0 0 0 1.4000000000000001 0.6000000000000001 0.6000000000000001 0.4 0 0 0 0 0 0.4 0 0 0 0 0 0 0 0.4 0 0 4.4 3.4000000000000004 5.800000000000001 5.2 9 7 6.800000000000001 2.2 5.6000000000000005 0 6.4 0.2 0 6.800000000000001 9.8 6.6000000000000005 2.8000000000000003 8.4 2 0 2.2 2.2 0 0 0 0 3.2 0 0 0.2 0 0 0.2 4 0 0 0 0 2 3.8000000000000003 0 0 0 0 0 0 0 0 0 0 0 0 0.4 0 0 0 0.2 0 0 0 0 4.2 0 0 4.2 0 0.2 0 0 0 0 0 0 0 0.2 0 0 0.2 0 0 0.4 0 0 3.2 2.8000000000000003 3.2 4.2 0.2 0 0 0 4 2.2 0 6.4 3.6 4.2 0.6000000000000001 0 3 2.4000000000000004 0 0 0 0 0.2 6.2 1.2000000000000002 2.8000000000000003 0 0 0 0 0 2.8000000000000003 0 0 0 2.2 0 0 0 0 0 0 0 0 0 0 0 0 0 0 0 0 0 0 0 0 0 0 0 0 0 0 0 0 0 0 0 0 0 0 0 0 0 0 0 1.6 0 0 0 0 0 0 0.6000000000000001 0.2 0.2 18.2 18 0 1.2000000000000002 0 0 0 0 0 0 0 0 0 0 0 0 0 0.2 0 0 0 0 0 0 0 0 0 2.8000000000000003 0 0 0 0 0 0 0 0 0 0 0 0 0 0 
 21.400000000000002 42 61 51.400000000000006 56.800000000000004 32.2 24 67.60000000000001 43 24.400000000000002 0 10.8 25.8 7.4 12.200000000000001 11.8 104.2 76.2 8.4 27.200000000000003 0.6000000000000001 0.8 0.4 0.2 0 0 63.6 0.4 0.6000000000000001 0.4 0 0 0.8 15.8 15.8 0 0 0 0.6000000000000001 0.4 0 0 0 0 0.6000000000000001 0 0 0.4 0 0 0 0 0 0 0 0 0 0.6000000000000001 0 0 12.200000000000001 0.6000000000000001 0.6000000000000001 0.6000000000000001 6 0 0.6000000000000001 0 0 0.4 0 0 0 0 0 0 0 0.4 0 0 2.2 3.2 2 6.4 0 2.4000000000000004 2.8000000000000003 0 0.4 0.2 3 6.4 0 0 0 0 2.8000000000000003 6 0 0 0.4 4.2 0 0 1.8 0 3.6 0 2.8000000000000003 0 0 0 3.8000000000000003 0 0 0 0.2 0 3 4.4 0 0 0 0 0.2 0 0 1.8 0 0 0 0 0 0 0 0 0 0 0 0 0 0 0 0 0 0 0 0 0 0 0 0 0 0 0 0 0 0 1 0 0 2.2 3 2.6 6 0.6000000000000001 3.6 4.800000000000001 3 8.200000000000001 2.6 6.6000000000000005 3 4.6000000000000005 2 0 3.2 0.4 0 0 2.2 15 0 0 0 0 1.4000000000000001 0 0.2 0 0 0 0.8 2.8000000000000003 3.4000000000000004 3.4000000000000004 0 0 2.4000000000000004 0 0 0 0 0 0 0 0 0 0 0 0 0 0 0 0 0 0 0 0 0 0 0 0 9.4 0 0 0 0 0 0 0 0 0 0 0 0.2 0 0 0 0 0 0 0 0 0 0.6000000000000001 0 0 0.2 2 0.8 0.4 0 0 0 0 0 0 0 0 0 0 0 0 0 0 0 0.4 0 0 0 0 0 0 0 0 2.8000000000000003 3.4000000000000004 0 0 0 0 0 0 0 0 0 0 0 0 
 58.800000000000004 9.600000000000001 57.400000000000006 73.2 26.400000000000002 36.2 50.800000000000004 7.6000000000000005 95.60000000000001 79.2 10.8 0 7.2 26.6 22.400000000000002 49 18.8 18.8 11.600000000000001 25.200000000000003 0.6000000000000001 0 15.600000000000001 0 0 0 30.200000000000003 16.8 0.2 0.2 0.4 0 14.600000000000001 15 15 16 15 0.4 15.200000000000001 14.8 0 0 0 0 0.8 0 0 0.6000000000000001 0 0 0 0 0 0 0 0.4 0 0 0 0 0.6000000000000001 0.6000000000000001 0.4 10.4 0 0 0.8 0 0 0.4 0 0.6000000000000001 0 0 0 0 0 0.4 0 0 2 2.6 4.6000000000000005 2.8000000000000003 9.8 0 0 0 3.8000000000000003 2.6 0 0 0 0 0 0 14.200000000000001 2.4000000000000004 0 0 1.2000000000000002 10.200000000000001 0 0 0 0 8.8 0 3.4000000000000004 0 0 0 3 4 0.4 0 0 1.2000000000000002 2.4000000000000004 0 0 0 0 0 0.2 0 0 0 0 0 0 0 0 0 0 0 0 3.2 0 0 0 0 0.2 0 0 0 0 0 0 0 0 0 0.6000000000000001 0 0 0.2 0 0 0 0 1.8 1.8 1.8 6.800000000000001 6.6000000000000005 5.800000000000001 3.2 2.8000000000000003 0 1.4000000000000001 2.2 9.200000000000001 1.8 5.800000000000001 0 2 0.2 0 0 0 0 2 0 0 0 0 5.4 0.8 7 0 0 0 0 5.6000000000000005 8.200000000000001 0 0 0 2.4000000000000004 0 0 0 0 0 0 0 0 0 0 0 0 0 0 0 0 4.2 0 0 0 0 0 0 0 0 0 0 0 0 0 0 0 0 0 0 0 0 0 0 0 0 0 0 0 0 0 0 17 0 17.400000000000002 0.2 0 3 0 0 0 0 0 0 0 0 0 0 0 0 0 0 0 0 0 2.4000000000000004 0 0 0 0 0.8 0.4 0 0.2 0 0 0 0 0 0 0 0 0 0 0 0 
 26.400000000000002 23.8 50.400000000000006 12.4 16 4.800000000000001 17 63.400000000000006 60.400000000000006 9 25.8 7.2 0 80.4 6 44 22.200000000000003 41.6 16 46.800000000000004 0.6000000000000001 0 0.6000000000000001 0 0.4 0.4 0 0 0.2 0 0 0.4 0 0.6000000000000001 0 40.2 0.4 0.2 0.6000000000000001 0 0 0 0 0 0.4 0 0 0.6000000000000001 0 0 0 0 0 0 0 0 0 0.2 0 0 1 0.6000000000000001 0.6000000000000001 10.200000000000001 8.8 0 0 0 0 0.4 0 0.4 0 0 0 0 0 0.4 0 0 3.2 2.8000000000000003 0 3 3.8000000000000003 0 2.2 0 3.8000000000000003 2.6 2.2 0.8 2.2 0 1.2000000000000002 0.2 1.6 1.4000000000000001 1 2.8000000000000003 0 0 0 0 0 0 0 0 0 0 0 0 3 0 0 0 0 0 0 0.6000000000000001 0 0 0 0.2 2 0 0 1.8 0 0 0 0 0 0 0 0 0 0 0 0 0 0 0 0 0 0 0 0 0 0 0 0 0.6000000000000001 0 0 0.2 0 0 0 0 0 2.6 0 5 0.2 1 3.2 3 16.6 0 4.2 2 3.8000000000000003 7.6000000000000005 5.4 0 0 6.2 0 2.8000000000000003 0 0 0 0 0 0 0 0 0 0 0 0 3.8000000000000003 0 0 0 0 0 5 0 0 0 0 0 0 0 0 0 0 0 0 0 0 0 0 0 0 0 0 0 0 0 0 0 0 0 0 0 0 0 0 0 0 0 0 0 0 0 0 0 0 0 0 0 0 0.8 17 0 0.2 18.2 0.4 1.8 0 0 0 0 0 0 0 0 0 0 0 7.2 0 0 0 0 0 0 0 0 0 0 0 0.4 0 0.2 0 0 0 0 0 0 0 0 0 0 0 0 
 24.200000000000003 14.4 31 12 120 7.2 40 27 18.2 83.80000000000001 7.4 26.6 80.4 0 40.2 14 15.200000000000001 72 50.800000000000004 84.80000000000001 0.6000000000000001 0 0.6000000000000001 0 0.4 0 0 0 0 0 0 0 0 15.4 0 41.2 0 0 0.6000000000000001 0.4 0 0 0 0 0.4 0 0 0.6000000000000001 0 0 0 0 0 11 0 0.2 0 0.4 0 0 0.6000000000000001 0.6000000000000001 0.6000000000000001 6.4 0 0 0 0 0 0.4 0 0 0 0 0 0 0 0.4 0 0 4.6000000000000005 6 0 2.6 0 10.600000000000001 0.2 5.4 3 2.4000000000000004 3.8000000000000003 0 7.4 9 12 0 3 0 0.6000000000000001 4.2 0 0 0 0 0 0.2 0 0 0 0 0 1.8 0 0 0 0 0 0 2.2 0 0 0 0 1.6 0 0 0 0 0 0 0 0.4 0 0 0 0 0 0 0 0 0 0 0 0.4 0.4 0.4 0 0.2 0 0 0 0 0.8 0 4.6000000000000005 0.2 0 0 0 0 5 4.2 4.4 4 0 5 3.2 0 8.4 2.8000000000000003 0 0 3.8000000000000003 0.2 0.2 0 2.2 2.2 2.6 2.6 0 0 0 0 0.2 0 0 0 0 0 0 0 0 0 0 0 0 0 0 0 0 0 0 0 0 0 0 0 0 0 0 0 0 0 0 0 0 0 0 3.4000000000000004 0 0 0 0 0 0 0 0 0 0 0 0 0 0.6000000000000001 0 0 0 0 0 0 0 0 0 0 0 0 1.6 0.4 0.8 3.6 0 1.4000000000000001 0 0 0 0 0 0 0 0 0 0 0 0 0 0 0 0 0 0 0 0 0 0 0 1.8 0 0 0 0 0 0 0 0 0 0 0 0 0 0 
 39.6 31.200000000000003 15.8 27 57.6 25.8 25 26.200000000000003 35 15.200000000000001 12.200000000000001 22.400000000000002 6 40.2 0 31 10.4 49.800000000000004 16.2 23 0.6000000000000001 0 0.6000000000000001 0.2 0.4 0.4 0 0.4 1.6 0.4 0 0.6000000000000001 0.4 1 0.4 0.4 0.4 0.6000000000000001 0.6000000000000001 0.4 0 0 14.200000000000001 0.6000000000000001 0.4 0.8 0 0.6000000000000001 0 0.2 0 0 0 0 0.6000000000000001 0 0 0 0.4 0 1 0.6000000000000001 0.6000000000000001 1 0 0 0 0 0 0.4 0 0.6000000000000001 0.4 0 0 0 0.4 0.4 0 0 0 2.4000000000000004 4.800000000000001 0 0 0 8.8 4.800000000000001 3.4000000000000004 6 6.800000000000001 0 8.8 0 3.6 2.6 8 4 0 1.6 0 0 0 0.4 0 0 0 0 0 0 0 0 0 0.4 0 0 0 0 2.4000000000000004 0 0 0 0 0 0 0 0 0 0 0 0 0 0 0 0 0 0 0 0 0 0 0 0 0 1.2000000000000002 0 0 0 0 0.4 0.2 0 0.2 0 0 0 0 0 0 0 0 0 12.200000000000001 0 0 2.2 1.4000000000000001 0 7.800000000000001 0 6.6000000000000005 0 0 0 2.8000000000000003 0.4 0.4 2 0 0 0 0 0 0 3.8000000000000003 0 3.6 0 0 0 0 0 0.6000000000000001 0 0 0 0 0 3.8000000000000003 2 0 0 0 0 0 0 0 0 0 0 0 0 0 0 0 0.4 0 0 0 0 0 0 0 0 0 0 0 0 0 0 0 0 0 0 0 0 0 0 0 0 0 0 0 0 0 0 0 0 0 0.2 4 2.8000000000000003 0 0 0 0 0 0.4 0 0 0 0 0 0 0 0 0 0.4 0 0 0 0 0 0 0 0 0 0 0 0 0 0 0 0 0 0 0 0 0 0 
 36.4 29.400000000000002 10.4 28.400000000000002 29 14.8 7.2 8.8 24.200000000000003 52.6 11.8 49 44 14 31 0 19.400000000000002 48.800000000000004 24.8 54 0.6000000000000001 0.2 0.4 0 0 0 0 0 0.4 0.4 0 0.6000000000000001 0 1.2000000000000002 0.4 11.8 0 0.4 0.6000000000000001 0.4 0 0 0 0.2 1.2000000000000002 0.2 0 0.6000000000000001 0 0.2 0 2.4000000000000004 0 0 0.4 0.4 0 0 0 0 0.6000000000000001 0.6000000000000001 0.6000000000000001 1.6 0.8 0 0.2 0 0 0.4 0.8 0 0 0.8 3.4000000000000004 0 0 0.4 0 0 2.8000000000000003 1.6 4.2 2.2 2 0.2 8.8 2 2.6 2.8000000000000003 4 2.2 2.4000000000000004 3.2 4 0.2 3.8000000000000003 8.6 0 9.8 0 0 0 0 0 4.6000000000000005 0 0 0 0 0 0 0 0 0.2 0 0 0 1.6 7.2 0 0 0 0 0 0 0 0 0 0 0 0 0.2 0 0 0.4 0 0 0 0 0 0 0 1.8 0.8 0 0.4 0 0 0 0 0 0 0 0.2 0.8 0 0 0 0 9.200000000000001 2.8000000000000003 3.6 6 0 3.8000000000000003 0.2 3.2 2 0 0 1.6 3.4000000000000004 0 8.8 8 0 4.800000000000001 0 2.2 0.2 0 0 0 0 0 0 0.6000000000000001 0 0 0 0 2 0 0 0 0 0 0 0 0.2 0 0 0 0 0 0 0 0 0 0 0 0 0 0 0 0 0 0 0 0 0 0 0 0 0 0.4 0 0 0.2 0 0 0 0.2 0 1.6 0 0 0 0 0 0 0 0 0 0 0.2 0 0.2 3.6 0.4 2.2 0 0 0 0 0 0.2 0 0 0 0 0 0 0 0 0 0 0 0 0 0 0 0 0 1.8 0 0 0 0 0 0 0 0 0 0 0 0 0 0 
 49.2 17.400000000000002 22.400000000000002 38 49.6 51 9.200000000000001 17.2 12.4 59 104.2 18.8 22.200000000000003 15.200000000000001 10.4 19.400000000000002 0 20.400000000000002 49.800000000000004 4.800000000000001 0.6000000000000001 41.400000000000006 0.4 0 0.4 0.4 14.4 0 0 0 14.8 0.4 15 0.6000000000000001 0 0 0.4 0 0.8 14.8 0 0 0 0 0.6000000000000001 0 0 0.4 0 0 0 0 0 0.4 0 0 1.4000000000000001 0 0 0.8 1.2000000000000002 0.6000000000000001 0.6000000000000001 0.4 0 0 0 0 0 0.4 0 0 0.6000000000000001 0 0 0 0 0.4 0 0 2.4000000000000004 2.8000000000000003 5.800000000000001 3.2 1.4000000000000001 4.6000000000000005 3 0.4 2.2 2.4000000000000004 1.8 1.6 3.4000000000000004 2 2.6 2 0 5.4 0 0 1.6 2.8000000000000003 0 0 0 0 2.2 0 0 0 0 0 3.4000000000000004 2.2 0 0 1 0 0.4 2.2 0 0 0 0 0 0 0 1.6 0 0 0.2 0 0 0 0 0 0 0 0 0 0 0 0 0 0 0 0 0 0.2 0 0 0 0 0 0 0 0 0 7.2 0.4 0 3 0.2 5.2 2.8000000000000003 2.4000000000000004 4 3.8000000000000003 4.2 1 0 0 8 0.2 2.8000000000000003 0 7.4 4.6000000000000005 2.8000000000000003 2.4000000000000004 11.4 0 0 0.2 0 0 0 1 0 0 0 0 5.2 0.4 0 0 0 0 0 0 0 0 0 0 0 0 0 0.4 0 0 0 0 0 0 0 0 0 0 0 0 0 0.4 0 0 0 0 0 0 0.4 0 0 0 0 0 0 0 0 0.6000000000000001 0.2 0.2 0 7.6000000000000005 0 0 0.2 0.4 0.2 0 1.2000000000000002 0.4 0 0.8 0 0 0 0 0 0 0 0 0 0 2.8000000000000003 0 0 0 0 0 0 0.4 0 0 0 0 0 0 0 9.200000000000001 0 0 0 0 0 0 0 0 0 0 0 0 
 60 26.200000000000003 17.2 13 93.4 20.8 26 55 43 45.2 76.2 18.8 41.6 72 49.800000000000004 48.800000000000004 20.400000000000002 0 28.200000000000003 34.2 0.6000000000000001 0 0.4 0 0 0 0.4 0 0.4 1 0 0 0 0.6000000000000001 0 0 0 0 0.6000000000000001 0 0 0 0 0 0.6000000000000001 0 0 13 0 0 0 6.800000000000001 0 0 5.800000000000001 0 0 0 0 0 0.6000000000000001 0.6000000000000001 0.6000000000000001 9.4 6 0 1 0 0 0.4 0 0 0.6000000000000001 0 0.8 0 0 0.4 0 0 2.2 6.800000000000001 3.8000000000000003 3.6 3.4000000000000004 1.8 8.6 0 3.2 4.4 3.4000000000000004 5.4 0.2 4 0.2 1.6 3.8000000000000003 2 0 5 0 0.8 0 0 0 0 0 0 0 0 0 0 0 0 2 0 0 0 1.8 3.4000000000000004 0.2 0 0 0 0 0 0 0 0 0 0 0 0 0 1.6 0 0 0 0 0 0 0 0 0 0 0 0 0 0 0 0 0 2.6 0 0 0.8 0 0 0 0 2 2.6 3.8000000000000003 5.4 0 0 2 0.4 0 0 0.4 0.6000000000000001 5 1.8 4.4 1.4000000000000001 0 0 0 0 3 0 0 0 0 0 0.2 0 0.2 0 0.4 0 3 0 3.8000000000000003 0 0 0 0 0 0 0 0 0 0 0 0 0 0 0 0 0 0 0 0 0 0 0 0 0 0.2 0 0 0 0 0.4 0 0 0 0 0.4 0 1.6 0 0.4 0 0.4 0 0 0 0 0 0 0 0 1.2000000000000002 17.2 0 0 17.2 0 0.4 0 0 0 0 0 0 0 0 0 0 0 0 0 0 0 0 0 0 0 0 0 0 0 0.4 2.8000000000000003 0 0 0 0 0 0 0 0 0 0 0 0 0 
 47.800000000000004 27 12.600000000000001 12 11.8 25.6 27.400000000000002 31.8 11 16.8 8.4 11.600000000000001 16 50.800000000000004 16.2 24.8 49.800000000000004 28.200000000000003 0 41.2 0.6000000000000001 0 0.4 0.2 0 0 0 0 0.6000000000000001 0 0 0 0 0.8 0.2 0 0 0 0.6000000000000001 0 0 0 0 0 0.6000000000000001 0 0 0.4 0 0 0 0 0 0 0 0 0 0 0 0 0.6000000000000001 0.6000000000000001 0.6000000000000001 0.4 0 0 0 0 0 0.4 0 0 0 0 0.6000000000000001 0 0 0.4 0 0 5.4 4.4 2.8000000000000003 0.2 0 0 0 2.4000000000000004 0 3.4000000000000004 0 2 5.800000000000001 0.6000000000000001 4.2 0 0 0 4.6000000000000005 13 0 0 0 0 0 0 0 0 0 0.2 0 0 0 0 3.4000000000000004 0 0.4 0 2.6 0.2 0 0 0 0 0.2 0 0 0 0 0 0 0 0 0 0 0 0 0 0 0.2 0 0 0 0 0 0 0 0 0 0 0 0 0.4 0 0 0 0 0 0 0 0.2 10 3.2 0.8 0 0.4 0 0 1.4000000000000001 3.2 0 0 3.2 0 0 2.4000000000000004 2 0 12.600000000000001 1.6 0 0.2 0 0 0 0 0 0 0 0 0 0 0 0 0 0 0 0 0 0 0 0 0 0 0 0 0 0 0 0 0 0 0 0 0 0 0.2 0 0 0 0 0 7 0 0 0 0 0 0 0 0 0 0 0 0 0 0 0 0 0 0 0 0 0 0 0.4 0.4 0 0.4 0.4 0.4 1.8 0 0 0 0 0 0 0 0 0 0 0 0 0 0 0 0 0 0 0 0 0 0 0 0 0 0 0 0 0 0 0 0 0 0 0 0 0 0 
 34 12.8 31.400000000000002 10 32.2 8.8 42.400000000000006 8 13.200000000000001 19 27.200000000000003 25.200000000000003 46.800000000000004 84.80000000000001 23 54 4.800000000000001 34.2 41.2 0 0.6000000000000001 0 1.2000000000000002 0 0 0 0 0 0 0 0 0 0 0.6000000000000001 0 0 0 0 0.6000000000000001 0 0 0 0 0 0.4 0 0 0.6000000000000001 0 0 0 0.2 0 0 1.8 0 0 0 0 0 0.6000000000000001 0.6000000000000001 0.6000000000000001 6.4 5.6000000000000005 0 0 0 0 0.4 0 0 0 0 0 0 0 0.4 0 0 7.800000000000001 4.6000000000000005 0 6.2 0 0 3 2.8000000000000003 4.4 2.2 3 11.4 7.800000000000001 11.200000000000001 2.2 0 3 0 0 4.2 0 0 0 0 0 0 0 0 0 0 0 0 0 0 0 0 2.6 0 0 0 0 0 0 0 0 0 0 0 0 0 0 0 0 0 0 0 0 1.4000000000000001 0 0 0 0 0 0 0 0 0 0 0 0 0.2 0 1.6 0 0 0.4 0 0 0 0 0 2.6 0 5.6000000000000005 0 0 0 2.2 6.6000000000000005 0 0.2 0 6.6000000000000005 5.800000000000001 1.8 0 0 0.2 0 0 0 0 0 0 0 0 0 0 0 0 0 0 0 0 0 0 0 0 0 0 0 0 0 0 2.8000000000000003 0 0 0 0 0 0 0 0 0 0 0 0 1.4000000000000001 0 0 0 0 0 0 0 0 0 0 0 0 0 0 0 0 0 0 0 0 0 0 0 0 0 0 0 0.4 1.8 0 0 0.2 0 4 2.4000000000000004 0 0 0 0 0 0 0 0 0 0 0 0 0 0 0 0 0 0 0 0 0 0 4.4 2.8000000000000003 0 0 0 0 0 0 0 0 0 0 0 0 0 
 0.8 0.6000000000000001 0.6000000000000001 0.6000000000000001 1 0.6000000000000001 0.6000000000000001 0.6000000000000001 0.6000000000000001 1 0.6000000000000001 0.6000000000000001 0.6000000000000001 0.6000000000000001 0.6000000000000001 0.6000000000000001 0.6000000000000001 0.6000000000000001 0.6000000000000001 0.6000000000000001 0 31.6 33.6 24 55 18.400000000000002 61.6 28.6 20.8 23.6 22.8 25.200000000000003 40.800000000000004 45.400000000000006 7 23.6 23.200000000000003 17.8 23.6 12.200000000000001 0 0 0.8 0 0 0.4 0 0 0 0 0 0 0 0 0 1 0.4 0.6000000000000001 0 0 2.6 0 0 0 0 0 0 0 0 0 0 0 0 0.4 0 0 0 10.600000000000001 1.4000000000000001 0 0 0 0 0 0.2 0 0 0 0 0 0 0 0 0 0 0 0 0 0 0 0 3.2 8.6 14 3.2 3.6 0 8.6 7 5.2 6.2 4.6000000000000005 2.2 6.6000000000000005 0.2 2 4.4 5.800000000000001 0.4 2.2 0 0 0 0 0 0 1.6 0 0 0 0 0 0 3 0 0.2 0 0 3.2 2.6 0 0 0.2 0 0 0 0 0 0 1 0.4 0 0.4 0 0 0 0 0 0 0 0.2 0 0 0.4 0 0.2 0 0 0 0 0 0.2 0 0 0 0 0 0 0 4 1.2000000000000002 4 4.6000000000000005 7.2 5 0 0 3.8000000000000003 5 5.800000000000001 8.6 10.8 4.6000000000000005 1.6 5.800000000000001 7.6000000000000005 5.800000000000001 2.6 0 2.4000000000000004 0 0 0 0 0 0 0 0 0 0 0 0 0 0 0 0 0 0 1.6 3.4000000000000004 0 0.4 0 0 0 0 0 0 0 0 0 0 0.4 0 0 0 0 0 0 0 0 0 0 0 0 0 0 0 0 0 0 0 0 0 1 0 0 0 27.200000000000003 0.4 11.8 0 0 0 0 0 0 0 0 0 0 0 0 0 0 0 0 0 0 0 0 0 0 0 0 0 2 0 0 1.8 
 0 0 0.4 0 0 0 0.2 0.2 0 0 0.8 0 0 0 0 0.2 41.400000000000006 0 0 0 31.6 0 65.60000000000001 20.200000000000003 22.200000000000003 69.60000000000001 14.200000000000001 83.60000000000001 30.400000000000002 9.8 42.800000000000004 38 62 73.60000000000001 14.600000000000001 7 19 53.400000000000006 14.600000000000001 9.200000000000001 0.2 0 0.6000000000000001 1.6 0.6000000000000001 0.2 10.200000000000001 0.6000000000000001 0 0 0 0 0 0 0.2 0 0.6000000000000001 0.6000000000000001 0 0 0.2 0.6000000000000001 0.6000000000000001 0.4 0 0.2 0.2 0 0.4 0.4 0 0 0 0.4 0 0 0 0.4 0 0 0 0 0 0 0 3.6 0 0 0 0 0 2.6 0 0 0 0 0 0 0.2 0 1.2000000000000002 2.4000000000000004 6 2 3.4000000000000004 7.2 0 0.6000000000000001 3.8000000000000003 2.6 6.6000000000000005 0.2 0 0 1.6 0.4 3.4000000000000004 4.4 0 3.2 3.2 0 0 0 0 0 6.800000000000001 0 0.8 0 0 0 0 0 0 0 0 0 3 7.2 0 0 0 0 0 0 0 0 0 0.2 0.8 0 0 0 0 0 0 0.2 0 0.2 0 0 0 0 0 0.2 0 0 0 0 0 0 0 0 0 0 0 0 0 1.6 0 8 4.2 2.8000000000000003 4.6000000000000005 0.2 0 0 0 0 4 0 0 2.4000000000000004 2 10.8 7.800000000000001 7.2 0 2.8000000000000003 0 0 0 0 0 0 0 0.2 0 0 0 0 5.2 0 0 0 0 0 2.8000000000000003 9.4 0 0 0 2 0 0 0 0 0 0 0 0 0 0 0 0 0 0 0 0 0 0 0 0 0 0 0 0 0 0 0 0 0 0 2.4000000000000004 0 0.4 18 7.4 0.4 0.4 0 0 0 0 0 0.2 0 0 0 0 0 0 0 0 0 0 0 0 1.6 0 0 0 0 0 1.2000000000000002 0.2 0 0 0 
 0.4 0.4 1 0.4 0.4 9.600000000000001 0.4 0.8 0.4 0.4 0.4 15.600000000000001 0.6000000000000001 0.6000000000000001 0.6000000000000001 0.4 0.4 0.4 0.4 1.2000000000000002 33.6 65.60000000000001 0 56 51 8.6 84 103.4 15.200000000000001 61 67.4 26.400000000000002 35.4 29.200000000000003 28.6 14.8 28.6 27.200000000000003 43 32.2 0 0.2 0.6000000000000001 0 0.6000000000000001 0 0 0 0 0 0 0 0 0 0 0 0.6000000000000001 0.6000000000000001 0 0 0.4 0.2 0 0.8 0.2 0 0 0 0.2 0 0 0 0 0.4 0 0 0 0 0.8 0 0 0 0 0 0 0 0 0 0 0 0 0 0 0 0 0 0 0 0 0 5.800000000000001 4.2 3.6 5.2 4.800000000000001 4.4 2.4000000000000004 3.8000000000000003 0 3 6 3.2 1.8 3.2 0 3.8000000000000003 1.4000000000000001 4.6000000000000005 0 2.8000000000000003 0 0 3 0 0 0 4.6000000000000005 1.6 0 0 2.2 0 1.4000000000000001 0 0 0 0 0 0 0 0 0 0 0 0 0 0 0 0 0 0 0 0 0 0 0.4 0 0 0 0 0 0 0 0 0 0 0 0 0 0 0 0 0 1.2000000000000002 0 0 0 0 0 0 3.6 0 2.2 1.8 1.8 0 2.4000000000000004 2.6 2.8000000000000003 2.8000000000000003 4 11 2.6 0.2 0 3 5.6000000000000005 1.8 0 0 0 0.2 0 0 0 0.2 2.4000000000000004 2 0 0 0 0 0 0 0 0 0 0 0.4 0 0 0 0 0 0 0 0 0 0.4 0 0 0 0 0 0.2 0 0 0 0.4 0 0 0 2 0 0 0 0 0 0 0 0 0 0 0 0.8 0 0.4 16.8 0 0.4 0.4 2 0 0 0 0 0 0 0 0 0 0 0 0 0 0 0 0 0 0 0 2.2 0 0 0 2 1.4000000000000001 0 0 0 
 0 0.4 0.4 0 0 0 0 0 0 0 0.2 0 0 0 0.2 0 0 0 0.2 0 24 20.200000000000003 56 0 38.400000000000006 27.6 19.6 60.2 86.2 57.6 33.6 25.6 34.2 35.4 7.6000000000000005 11.200000000000001 51.6 43.2 11.8 13.200000000000001 5.800000000000001 0 0 0 0 0 0 0 0 0 0 0 4.4 0.2 13.4 0 0.6000000000000001 0.6000000000000001 12.600000000000001 0 0 1 0 0.8 0.2 0 0 0 0 0 0 0 0 0.4 0 0 0 0 0 0 0 0 0 0 0 0 0 0 0 0 0 0 0 0 0 0 0 0 0 0 1.8 0 0 0.2 5.6000000000000005 6 0 2.6 3.8000000000000003 4.2 13.8 2.6 0 0 2.2 1.6 3.8000000000000003 3.6 0.2 0.2 1.6 0 2 0 0 0 5 1.8 6.2 0 2.4000000000000004 0 6.2 0.2 4.6000000000000005 0 0 2.4000000000000004 2.6 4.6000000000000005 0 0 0 0 0 0 0 0 0 0 0 0 0 0 0 0 0 0 0 0 0 0 0 0 0 0 0 0 0 0 0 0 0 0 0 0 1 0 4 2 0 0 0 2 3.6 2 0 0 0 8.200000000000001 2.8000000000000003 2.6 0 3.8000000000000003 2.6 3.4000000000000004 7.4 3.4000000000000004 0 0 0 1 0 0 0 0 2.4000000000000004 0 0 0 0 0 6.800000000000001 0 0 0 0 0 7.800000000000001 7 0 0.2 0 0 0 0 0 0 0 0 0 0 0 0 0 0 0 0 0 0 0 0 3.4000000000000004 0 0 0 0 0 0 0 0 0 0 0 4 0 0.4 33.2 0.4 0 0.8 2.2 0 0 0 0 0 0 0 0 0 0 0 0 0 0 0 0 0 0 0 0 0 0 5.4 0.8 0 0 0 0 
 0 0.4 0.6000000000000001 0 0 0 0.2 0 0 0 0 0 0.4 0.4 0.4 0 0.4 0 0 0 55 22.200000000000003 51 38.400000000000006 0 23.400000000000002 13 32.6 82 39.2 31.8 10.200000000000001 18.8 77.2 55 17.8 54.400000000000006 41 14.8 20 0 13 0.8 0 0 0.4 0 0 0 12.600000000000001 0 0 5 11.200000000000001 0 0.4 0.6000000000000001 0.8 12.8 5 0.8 10.4 0 0.2 0.4 0 0 0 0 0 0 0 0 0.4 0 0 0 10 0 0 0 0 0 0 0 0 0 0 0 0 0 0 0 2 0 0 0 0 0 0 8.200000000000001 0 0 4.800000000000001 8.200000000000001 0 0.4 0 1.8 2.4000000000000004 8 0 0 0 0 0 0.2 11.4 0 0 0 4.2 0 0 0.2 0 0 0 0 0 0 3.6 7.6000000000000005 4.6000000000000005 3.6 4.4 0 0 7 3 0 0 0 0 0 0 0.2 0 0 0 0 0 0 0 0 0 0 0 0 0 0 0 0.8 0 0 0.2 0 0 0 0 0.8 0 0 0 0 0 0 0 0 0 3.6 1.4000000000000001 0.4 6.2 6.4 1.6 0.2 0 2.4000000000000004 0.2 0 10 0.4 2.6 2.4000000000000004 4.2 10.8 5.2 0 0 0.8 0 0 0 4.6000000000000005 0 2 0 0 0 4.4 0 8.200000000000001 0 0 0 0 0 4.6000000000000005 14.200000000000001 0 0 0 0.2 0 0 0 0 0 0 0 0.2 0 0 0 0 0 1.8 0 0 0 0 0 0 0 0 0 0 0 0 0 0 0 0 1.8 0 0.8 37.2 9.200000000000001 0 0.4 0 0 0 0 0 0 0 0 0 0 0 0 0 0 0 0 0 0 0 0 2 0 0 0 7.800000000000001 0 0 0 0 
 0 0.4 0.4 0 0 0.4 0 0 0 0 0 0 0.4 0 0.4 0 0.4 0 0 0 18.400000000000002 69.60000000000001 8.6 27.6 23.400000000000002 0 46 28.400000000000002 9.600000000000001 28 45.400000000000006 13.8 7.4 24.400000000000002 11.200000000000001 62 34.800000000000004 26.8 18.2 31 0 0.2 13.4 0.2 0 0.4 0 0 0 4 0 0 0 0 0.4 12.8 0.6000000000000001 0.6000000000000001 0 0 0 5.6000000000000005 0.2 0.4 0.4 0 0 0 0 0.4 0.2 0 0 0.4 0 0 0 0 0 0 0 0 0 0 0 0 0 0 0 0 0 0 0 0 0 0 0 0 0 0 2.2 0 1.2000000000000002 4.4 1.6 8.200000000000001 0.4 0.2 3.2 7.6000000000000005 3.8000000000000003 0.4 0 0 0 0 0 2.2 0.2 0 4.800000000000001 0 2.6 0 0.4 0 1.4000000000000001 1 0 4 0 0 0 4.6000000000000005 0 0 2.2 0 0.4 1.6 0 0 0 0 0 0 0 0 0 0 0 0 0 0.8 0 0 0 0 0 0 0 0 0 0 0 0.2 0 0 0 0 0 0 0 0 0 0 0 0 0 1.2000000000000002 6.800000000000001 3 4.6000000000000005 5.2 4.4 0 0 0 1.8 0 2.6 1.4000000000000001 0 6.2 2.6 7 9.4 6.800000000000001 0 0 1.8 5.2 0 0 0 0 0 2.2 0 0 0 0 0 3.2 2.4000000000000004 2.8000000000000003 0 0 3 6 0 0 0 0 0.2 0 0 0 0 0 0 0 0 0 0 0 0 0 0 0 0 0 1.2000000000000002 0 0 0 0 0 0 0 0 0 0 0 2.6 0.4 0.4 16 8.200000000000001 0 0.2 0.2 0 0 0 0 0 0 0 0 0 0 0 0 0 0 0 0 0 0 0 1.6 0 0 0 2.2 0 0 0 0 
 0.2 0 0.8 19.8 0.2 7.4 0 0 0 13.4 63.6 30.200000000000003 0 0 0 0 14.4 0.4 0 0 61.6 14.200000000000001 84 19.6 13 46 0 35.6 9.8 9.200000000000001 9.200000000000001 50.2 41.6 31.6 28 17.6 27.200000000000003 20.6 77.4 30.400000000000002 0 0 0.6000000000000001 0 0 0 0 0 0 0 0 0 0 0.6000000000000001 0 0 0.6000000000000001 0.6000000000000001 0 0 0 0 0 0 0 0 0 0 1 0 0 0 0 0.4 0 0 0 0 0 0 0 0 0 0 2.4000000000000004 0 0 0 0 3.6 0 3.2 0 0 0 0 1.6 0.4 0.4 0 16.2 5 3.4000000000000004 0.8 0 0 4.800000000000001 5.6000000000000005 1.8 0 1.8 0 0 10.4 0 0 1.8 1.8 0 4.2 0 0 0 0 0 0 0 0 0 0 0 0 0 0 0 0 0 0 0 0 0 0 0 0 0.4 2.4000000000000004 0 0.4 0 0 0 0 0 0 0 0 0 0 0 0 0 0 3.4000000000000004 0 6 2 0 0 0 1.8 1.4000000000000001 3 0 0.6000000000000001 0 1.4000000000000001 0 0 0 0 3.4000000000000004 4.6000000000000005 3.4000000000000004 0 0 0 6.2 0.2 4.800000000000001 1.8 0 0 2.4000000000000004 3.2 0 0 0 0.2 5.4 0 0 0 0 0 0 0 0 0 0 0 0 0 0 0 0 0 0 0 0 0 0 0 0 0 0 0 0 0 0 0 0.4 0 0 0 0 0 0 0 0 0 0 0 0 0 0 0 15.4 0 0 0 0 0 0 0 4.800000000000001 0.2 0 0 0 0.8 0 0 0.2 0 0 0 0 0 0 0 0 0 0 0 0 0 0 0 0 0 0 0 0 0 0 0 0 0 0 0 
 0.4 0 0.4 0 29.400000000000002 46.800000000000004 0 1.2000000000000002 0.2 15.4 0.4 16.8 0 0 0.4 0 0 0 0 0 28.6 83.60000000000001 103.4 60.2 32.6 28.400000000000002 35.6 0 21.6 10.4 40.2 94.80000000000001 31.200000000000003 31 43.6 15.600000000000001 55.400000000000006 7.6000000000000005 138.8 52 0.2 0 41.6 0 0 41 0 0 0 0 0 0 0 0 0 0 0.6000000000000001 0.6000000000000001 0 0 0.4 0 0 0 0 0 1.6 0 0.6000000000000001 0 0 0 0 0.4 0 0 0 0 0 0 0 0 0 0 1.8 0 0 0.2 0 0 0 0.2 0 0 0 0 0 0 0 0 4.4 2.2 0.2 0 0 0 2 0 1.2000000000000002 2.8000000000000003 0 1.4000000000000001 0.2 4 0.6000000000000001 4 0 1.6 0 1.8 0 0 0 0 0 0 0 0 0 0 0 0 0 0 0 0 0 0 0 0 0 0 0 0 0 0 0 0 0 1.4000000000000001 0 0 0 0 0 0 0 0 0 0.8 0 0 0 0 0.2 0 0 0 0 0.2 0 0.4 0 0.8 0 0 0 0 0 0 0 2.2 0.2 0 0 0 6 5.6000000000000005 2.6 0 0 4.2 0 6 0 2.6 0.4 1.4000000000000001 2.4000000000000004 0 0 0 0 0 0 0 0 0.2 0 0 0 0.2 3.2 0 0 0 0 0 4 2 0.6000000000000001 0 0 0 0 0 0 0 0 0 0 0 0 0 0 0 0 0 0 0 0 0 0 0 0 0 0 0 0 0 0 0 0 0 1.4000000000000001 0.4 0.4 15 0 0.2 0.8 0 0 0 0 0 0 0 0 0 0 0 0 0 0 0 0 0 0 12.600000000000001 0 0 0 0 0 0 0 0 0 0 
 0.4 1 1.4000000000000001 0 0.4 0.2 0.4 0.2 0.2 0.4 0.6000000000000001 0.2 0.2 0 1.6 0.4 0 0.4 0.6000000000000001 0 20.8 30.400000000000002 15.200000000000001 86.2 82 9.600000000000001 9.8 21.6 0 77 8 14 27 32.2 36.4 42.2 24.200000000000003 15.200000000000001 15.200000000000001 54.2 12.600000000000001 0 0 15.600000000000001 0.4 0 0 0.6000000000000001 0 0.4 0 0 0 0 0.8 0 0.6000000000000001 0.6000000000000001 12.4 0 0 2 0 0 0 0 0 0.4 0.4 0 0.2 0.6000000000000001 0 1 0 0 8.4 9.200000000000001 1 1.2000000000000002 0 0 0 0 0 4.4 0 0 0 0 0 2.4000000000000004 0 0 0 0 0 0 0 0 2.2 2.4000000000000004 2.2 0 2.6 4.2 1.8 7.800000000000001 5.2 7.800000000000001 2.6 3.6 0 0.2 5.6000000000000005 0 7 1.6 0 4.2 0 0 0 0 0 0 2 0 0 0 0 0 0 0 0 0 0 0 2 2.2 0 0 0 0 0 0 0 0 0 0.6000000000000001 1 0 0 0 0 0 0 0.2 0 0.2 0 0 0 0 0 0 0 0.2 0 0.2 0 0 0 0 0 0 0 0 1 7.6000000000000005 3.8000000000000003 3.4000000000000004 0 3.6 3.2 0.2 6.6000000000000005 0 0 2.4000000000000004 3.8000000000000003 1.8 1.4000000000000001 0 4.800000000000001 4.6000000000000005 5 1.8 2.2 7.4 0.2 3.2 0 0 3.8000000000000003 0 2.4000000000000004 3 0 0 0 0 7 0 0 0 0 0 0 3.8000000000000003 0 0 0 0 0 0 0 0 0 0 0 0 0 0 0 0 0 0 0 0 0 0 0 0 0 19.6 0 0 0 0 0 0 4 0 2.6 0 0.8 0.2 6.4 0 0.4 0 0 0 0 0 6.4 0 0 0 0 0 0 0 0 0 0 0 0 2.2 0 0 0 1.4000000000000001 0 0 0 0 0 0 
 0 0.4 0 0 0 0 0.2 0 0 0 0.4 0.2 0 0 0.4 0.4 0 1 0 0 23.6 9.8 61 57.6 39.2 28 9.200000000000001 10.4 77 0 63.2 47.400000000000006 29.6 48.2 62.6 59 19.6 15.200000000000001 46.2 18.2 12.4 0 0 0 0 1 0 0 0 0.8 0 0 12.600000000000001 0.2 0.8 0 0.4 0.6000000000000001 1.6 0 7.4 0.4 0 0.8 0.2 0 0 0 0 0 0 0 2.2 0.4 0 0 0 0 4.6000000000000005 0.8 0 0 0 0 0 3 0 0 0 0 0 0 0 0 2.2 0 0 0 0 0 2.6 0 1.6 6 0.2 2.4000000000000004 0 4.6000000000000005 1.6 7.4 0 0 3 0.4 0.6000000000000001 4.2 2.4000000000000004 6.2 1.8 0 0.6000000000000001 0 0 0 0 0 3.2 0 0 0 0 0 1.6 0 0 0 0 0.2 0 0 0 0 0 0 0 0 0 0 0 0 0 0 0 1.4000000000000001 0 0 4 0 0 0 0 0 0 0 1.2000000000000002 0 0 0 0 0 0 0 0 0 0.4 0 0 2 1.6 0.8 2.6 0.2 4.2 12.4 4.6000000000000005 2.6 0 2.8000000000000003 2.4000000000000004 0.6000000000000001 2.2 6.6000000000000005 3 3.8000000000000003 2.2 4.2 2.4000000000000004 1.6 0 0 0 2.2 0 0 0.4 0 0 2.8000000000000003 0 0 0 0 4.2 0 0 0 0 0 2 0.2 0 0 0.2 0 0 0 0 0 2.2 0 0 0 0 0 0 0 0 0 0 0 0 0 0 0 0 0 0 0 0 0 0 0 0 0 2.4000000000000004 0.6000000000000001 0.2 14.600000000000001 0.6000000000000001 0 0.8 3.8000000000000003 0 0 0 0 0 0 0 0 0 0.2 0 0 0 0 0 0 0 0 0 13.8 0 0 0 2.2 3.8000000000000003 0 0 0 
 0.2 0 0.8 0 0 0.2 0 1.2000000000000002 0 0.2 0 0.4 0 0 0 0 14.8 0 0 0 22.8 42.800000000000004 67.4 33.6 31.8 45.400000000000006 9.200000000000001 40.2 8 63.2 0 26.8 40.2 28.6 14.600000000000001 15.8 89.4 36.6 60.800000000000004 11.4 6.800000000000001 0 0.6000000000000001 0 0 1 13.600000000000001 0 0 0 0 0 5.800000000000001 0 12.4 0 0.8 0.6000000000000001 12.4 0 0.2 0.2 0 0.4 0.4 0 0 0 0 0 0 0 0 0.4 0 0 0 0 1.4000000000000001 0 0 0 0 0 0 0 0.4 0 0 0.4 0 0 0 0 0 0 0 0 0 0 2.8000000000000003 0 2.6 10.4 0 0.2 0 0 1.6 3 2.6 3.6 2.2 4.2 0.2 2.2 3 13 0 0 3 0 0 0 0 0 0 0 3 0 0 0 1.2000000000000002 3.4000000000000004 3 0.4 0 1.6 0 3.4000000000000004 0 0 0 0 0 0 0 0 0 0 0 0 0 0 0 0 0 0 0 0 0 0 0 0.2 0 0.4 0 0 0 0 0 0 0 0 0 0.4 0 0 0.2 0.2 0 5.4 3.2 6.4 4 0 0 3.8000000000000003 2 0.4 4.4 20.8 4.4 3.2 0.4 4.6000000000000005 4.800000000000001 5.4 0.2 0 0 1.8 0 0 0 0 0 0.2 0 0 0 0 1.2000000000000002 1.2000000000000002 0 0 0 0 6.6000000000000005 8.6 0 0 0 0 0 0 0 0 0 0 0 0 0.2 0 0 0 0 0 0 0 0 0 0 0 0 0 0 0 0 0 0 0 0 0 0.8 0 0.4 2 15.600000000000001 0 2.6 1.8 0 0 0 0 0 0 0 0 0 0 0 0 0 0 0 0 0 0 0 0 0 0 2.4000000000000004 2.8000000000000003 2 0 0 0.4 
 0 0 0.8 0 0 0.2 7.6000000000000005 0.8 0.2 0 0 0 0.4 0 0.6000000000000001 0.6000000000000001 0.4 0 0 0 25.200000000000003 38 26.400000000000002 25.6 10.200000000000001 13.8 50.2 94.80000000000001 14 47.400000000000006 26.8 0 6 8 7 13.200000000000001 32 104.2 7.2 7.2 27.6 0.6000000000000001 0.6000000000000001 0 1.6 12.600000000000001 0 0 12.8 0 0 0 24.8 0 0.6000000000000001 0.6000000000000001 0.8 4.2 0 0.2 0.8 0.2 1.2000000000000002 0.8 0.8 1.2000000000000002 0.8 0 0.4 0 0 0 0 0.4 0 1 0.8 0.2 3.4000000000000004 0 0 0 0 0 0 0 0 0 0 0 0 0 2.6 0 0 0 0 0 0 0 0 0 2.2 2 9.200000000000001 8 0.4 1.2000000000000002 1.4000000000000001 3 0 0 0.8 0 2 2.6 1.4000000000000001 0.4 0 0.4 4 2.8000000000000003 0 0 0 0 9.8 10.8 2.2 0.2 0 2.2 4.4 1.6 2 0 2 0 5.4 0.2 0 0 0 0 0 0 0 0 0 0 0 0 0 0 0 0 0 0 0 0 0 0 0 0 0.2 0 0 0 0 0 0 0 2.6 0 0 0 7.2 0 0.4 2.6 2.4000000000000004 0 1.8 5.2 0.2 1.4000000000000001 0 0 0 2.2 4.6000000000000005 2.8000000000000003 3.8000000000000003 0 2.6 2 0 4 0 0 9.600000000000001 1.4000000000000001 7.800000000000001 0 0 0 0 6.800000000000001 0 0 1 0.2 4.800000000000001 0 0 2.4000000000000004 0 2.8000000000000003 0 1.4000000000000001 0 0 0.6000000000000001 0 0.2 0 0 1.2000000000000002 0 0 0 0.2 0 0 0 0 0 0 0 0 0 0 1.8 0 0 0 0 0 0 0 0 0 0 0 1.8 0 0 0.2 0 0.4 0.6000000000000001 2.2 0 0 0 0 0 0 0 0 0 0 0 0 0 0 0 0 0 0 0 0 0 0 0 0 2.8000000000000003 0 0 0 
