 0 33.2 39 19.400000000000002 11 24.400000000000002 26.8 32.800000000000004 27 50 7.6000000000000005 48.6 37 5.6000000000000005 41.800000000000004 6 6.4 5 11.200000000000001 16.400000000000002 0 0 0 0 0.2 0.4 0.6000000000000001 0 0 1.6 0 0 0 0 0.4 0 0 0 0 0.8 0 12.200000000000001 0.4 0.8 0 0 0 0 0 0.6000000000000001 0 0 0 0.4 0.4 0 0 0.6000000000000001 0.2 0 0 0.6000000000000001 0 1 0 0 0 0.4 0 0 0 0.6000000000000001 0 0 0 0 0.6000000000000001 0 0 0 2.6 9.4 3.2 4.2 3.6 4.2 3.6 9.600000000000001 2 2.6 3.6 3.4000000000000004 7.800000000000001 6.2 3.4000000000000004 0 2.6 2.8000000000000003 0.2 7.4 0 0 0 0 0 0 0 0 0 0 0 0 0 0 0 0 0 0 4.4 0 0 0 0 0 0 0 0.2 0 0 0 0 0 0 0 0 0 0.4 0.4 0 0 0.8 0 0 0 0 0 0 0 0 0 0 0 0 0 0 0 0 0 0 0 0 4.800000000000001 4.2 1.2000000000000002 0 0 4.4 0 6 1.8 0 1.8 0 4.6000000000000005 0 0 0.4 0.4 7.6000000000000005 6.4 0.4 0 0 0 0 0 0 0 0 0.2 0 0.2 0 0 0 0 0 0 0 0 0 0 0 0 0 0 2.6 0 0 0 0 0 0 0 0 1 0 0 0 0 0 0 0 0 0 0 0 0 0 0 0 5 0.2 0 0.2 0 0.4 0 0.4 0 0 0 0 0 0.2 0 0 0 0.2 0.4 3.8000000000000003 0.6000000000000001 2.2 0 0 0 0 0 0 0.2 0 0 3.2 0 0 0 0 0 0 0.2 0 0 0 0 0 0 0 0 0 0 0 0 0 0 0 0 0 0 0 0 
 33.2 0 39.2 15.200000000000001 18.400000000000002 25.6 16.400000000000002 21.400000000000002 23.200000000000003 50.800000000000004 18 23.8 7.6000000000000005 49.6 50.6 149 29.8 24.200000000000003 105.2 70.2 0 0.6000000000000001 0 1.2000000000000002 0 1.2000000000000002 0.6000000000000001 0 0 0 0.4 0 0 0.8 0 0 0.2 14.8 0 0.4 0.6000000000000001 14.4 0 12.600000000000001 0 0.6000000000000001 0 1.2000000000000002 0 0 0.8 0.6000000000000001 0 0 0 0 1.6 0 0 0 0 0 1 4 0 0.4 0 0 0.4 0 0 0 1.2000000000000002 1.4000000000000001 0.6000000000000001 0 0 0 0 0 5.4 0 13.600000000000001 10.200000000000001 0 0 0 2 1.8 0 2 0 1.8 0 12.8 5.6000000000000005 0 4.6000000000000005 5 10.8 0 0 0 0 0 0 0 0 0 0 0 0 1.4000000000000001 0 0.4 0 0 0 5.4 0.2 0 0 0 0 0 0 0 0 0 0 0 0 0 0 0 0 0 0 0 0 0 0 0 0 0 0 0 0 0 0 0 0 0 0 0 0 0 0 0 0 6 2 1.2000000000000002 2.2 0 0 2.6 3.6 1.8 5.4 0 1.8 3.8000000000000003 2.4000000000000004 3.2 4.800000000000001 0 0 0 0 0 0 0 0 0 0 2.4000000000000004 0 0 3 0 0 2.2 0 0 0 0 0.6000000000000001 1.4000000000000001 0 0 0 0 0 0 0 0.2 0 0 0 0 0 0 0 0 0 0 0 0 0 0 0 0 0 0 0 0 0 0 0 0 0.4 0 0 0 0 0 2.6 0 0 0 0 0 0 0 0 0 0 18.2 2.2 0.6000000000000001 5 2.8000000000000003 0 0 0 0 0 0 0 0 0.4 0.4 0 0 0 0 0 0 0 0 0 0 0 0 0 0 0 0 0 0 0 0 0 0 0 0 0 0 0 
 39 39.2 0 26.400000000000002 28.200000000000003 40.6 17.2 73.4 27.8 97 39.6 60.400000000000006 98.80000000000001 54.800000000000004 31.200000000000003 59.6 69.8 24.200000000000003 94.80000000000001 25.400000000000002 0 0.6000000000000001 0.2 0.8 0.4 0 1 0 0.6000000000000001 0.8 0.6000000000000001 0 0.2 0.2 0 0.4 0 15 13.200000000000001 0.8 0.4 0.6000000000000001 0 13.4 0.4 0.6000000000000001 0 11.200000000000001 0 0.6000000000000001 0.4 1 0.4 0.4 0 0 0.8 1 0.6000000000000001 0 0 0 0.6000000000000001 0.8 0.4 1 0 0.4 0.4 0 0 0.4 0 0.2 0.4 0 0 0.4 0 0 1 2.6 11.600000000000001 4.4 2.8000000000000003 10.200000000000001 0 2 8.6 3 5.2 0 0 2.8000000000000003 9.200000000000001 9.8 4.800000000000001 1 7.4 4.800000000000001 0 4.800000000000001 0 0 4.4 0 2.4000000000000004 0 0 0 0 0 1 0 0 0 0 0.8 5.4 2.2 0 0.2 0 0 0 0 0 0 0 0 0 0 0 0 0 0 0 0 0 0 0 1.2000000000000002 0 0 0 0 0 0 0 0 0 0 0.2 3.4000000000000004 0 0 0 0 0 0 4.2 2.4000000000000004 8.4 7.2 0 8.6 0 3.4000000000000004 4.2 2.6 0 2.6 2 3 2 4.4 0 4.2 0 0 0 4.2 0 0 0 0 2.8000000000000003 0 0 0 0 0 2 0 0 0 0 0 1 0 0 0 0.2 0 0 0 0 0 0 0 0 0 0 0 0 0 0 0.4 0 0 0 0 0 0 0 2.8000000000000003 0.2 0.2 0 0 0 0 0 0 0 0 2.2 0 0 0 0 0 0 0 0 0 18.8 0 17.6 17.8 1.8 6 2 0 0 0 0 0 0 0 0 0 0.4 0 0 0 0 0 0 0 0 0 0.4 0 0 2.6 1.8 3.8000000000000003 0 0 0 0 0 0 0 0 0 0 0 0 
 19.400000000000002 15.200000000000001 26.400000000000002 0 38.2 24.6 23.8 43.400000000000006 51 56.6 13 55.6 14.4 17.400000000000002 30.400000000000002 10 6.800000000000001 28 20.200000000000003 19.8 12.4 0.6000000000000001 0 0 0 0 0.6000000000000001 0 0 0 0.6000000000000001 0 15 20.400000000000002 0 0 0 0 0 11.4 0.6000000000000001 0.6000000000000001 0 0.4 0.2 6.800000000000001 0.8 0 0.6000000000000001 0.2 0 0.6000000000000001 0.4 0 0 0 0.4 0 0 0.2 0 0 0.6000000000000001 0.6000000000000001 0 0.6000000000000001 0 0.2 0.4 0.8 0 0 0 0 0.4 0 0.4 0 0 0 2.8000000000000003 4.4 3.4000000000000004 1.2000000000000002 0.4 0 2 0.8 0.4 5.800000000000001 2.4000000000000004 10.200000000000001 6.4 0.2 0 0 2.2 5.6000000000000005 0 5.4 3.6 9 0 0 0 0 4.2 4.2 0 0 0 0 6.2 2.6 2.2 0 0 0 5.6000000000000005 5 0 0 0 0.4 0 2.8000000000000003 0 0 0 0 0 0 0 0 0 0 0 0 0 0 0 0 0 0 0 0 0 0 0 0 0 0 0 0 0.2 1.6 0 0 0 0 0 0 5.6000000000000005 3.4000000000000004 0 8.200000000000001 0 0 0 0.8 4.6000000000000005 0 0 1.2000000000000002 1.6 5 0 7.6000000000000005 0 0 0 0 0 0 0 0 5.4 6.4 0 0 0.4 0 0 2 7.6000000000000005 0 0 0 11 0 0 0 0 0 0.2 0 0 0 0 0 0 0.2 0 0 0 0 0 0 0 0 0 0 0 0 0 0 0 0 0 0 0 0 0 0 0 0 0 0 0 0 0 2.4000000000000004 0 0 0 0 0.6000000000000001 0 0.2 0.8 0 1 0 0 0 0 0 0 0 0 0.2 0 0 0 0 0 0 0 0 0 0 0 0 0 0 0 2 0 0 0 0 0 0 0 0 0 0 0 0 0 
 11 18.400000000000002 28.200000000000003 38.2 0 49.800000000000004 35 13.4 29.6 34.4 29.6 13.600000000000001 18.400000000000002 16.400000000000002 35.6 33 65.60000000000001 27 15 13 15.200000000000001 1 0 0.2 0 0 0.6000000000000001 15 0 0 0.8 0 0 0 20.8 0 0 21 0.4 0.2 0.6000000000000001 0.6000000000000001 0.4 0.2 0.4 0.6000000000000001 0 0 0 0 0 0.6000000000000001 0 0 0 0 0.4 0 0 0 0 0 0 0 0 0.4 0 0 0 0 0 0 0 0.6000000000000001 0.6000000000000001 0 0.4 0 0.2 0 0 2.6 6.4 4.6000000000000005 6.2 5 0 0 0.4 0 8.4 4.800000000000001 0 0 0.2 0.2 2.2 4.4 0.2 0 0 0 0 0.2 3.2 0 6.2 0 0.4 0 0 0 1.8 0 2.8000000000000003 0 3.2 0 2.6 0.4 0 0 0 1.8 0 3.2 0 0 0 0 0 0 0 0 0 0 0 0 0 0 0 0 0 0.2 0 0 0 0 0 0 2.6 1.2000000000000002 0 0 0 0 3.2 0 0 0.4 0.2 0 0 2.2 3.6 0.2 0 1.4000000000000001 2.2 1 0.4 4.2 0 0 0 1.2000000000000002 0 1.8 0 0 0 0 0 0 0 0 3.8000000000000003 0.4 3 0 3.4000000000000004 0 6 0 0 0 1.6 0 1.8 11.8 0 0 0 0 0 0 0 0 0 0 0 0 0 0 0 0 0 0 0 0 0 0 0 0 0 0 0 0 0 0 0 0 0 0 0 0 0 0 0 0 0 0 0 0 0 0.2 9.600000000000001 0.2 0 9.4 0 1.4000000000000001 0 0 0 0 0 0.2 0 0 0 0.6000000000000001 1.6 0 0 0 0 0 0 0 0 0 0 0 0 0 0.4 0 0 0 0 1.8 0 0 0 0 0 0 0 0 
 24.400000000000002 25.6 40.6 24.6 49.800000000000004 0 8.4 8.8 29.400000000000002 30.6 28.400000000000002 74.60000000000001 49.400000000000006 25.6 59.6 35.2 26.6 76.2 9 25.8 20.6 15.200000000000001 15.200000000000001 0 0 0 0.6000000000000001 0 6.6000000000000005 0 0.4 0 15.8 0 7.2 15.200000000000001 15 0.4 15.8 0.4 0.6000000000000001 0.6000000000000001 0 0.4 0 0.6000000000000001 0 0 0 0 0 0.6000000000000001 0.2 0 0 0 0.4 0 0 0 0 0 0.2 0.6000000000000001 0.6000000000000001 0.4 0 0 0.4 0 0 0 0 0.6000000000000001 0.6000000000000001 0 0.4 0 0.2 0 0 0.2 2.2 2.4000000000000004 0.2 16 0 0.2 0 2 7.4 1.4000000000000001 0 2 0 4.6000000000000005 4.800000000000001 7.2 0 0 17.2 7.4 2.2 0 0 0 4 10.200000000000001 0 3.6 0 0 1.6 3.4000000000000004 2.8000000000000003 0 2.8000000000000003 3.4000000000000004 8.6 1.4000000000000001 0 0 0 0 0 0 0 0 0 3.4000000000000004 0 0 0 0 0 0 0 0 0 0 0 0 0 0 0 0 0 0 0 0 0 0 2.2 1.4000000000000001 0 0 0 0 0.4 0 0 0.2 3.4000000000000004 6.4 0 3.2 0 0 3 0.4 4 1.8 0 0 0 1.4000000000000001 2.4000000000000004 5 0 0 0 8 0.6000000000000001 0.2 0 0 4.6000000000000005 0 0 3.4000000000000004 0 3 3.6 3.2 1.4000000000000001 2.6 0 2.4000000000000004 1.6 0 0 0 0 0 0 0.4 0 0 0 0 0 0 0 0 0 0 0 0 0 0 0 0.2 0 0 0 0.4 0.2 0 0 0 0 0 0 0 0 0 0 0 0 0 0 4.2 0 0 0 0.2 1.4000000000000001 0.2 0.2 18 0.4 3.6 0 0 0.4 0 0 0 0 0 0 0 0 0 0 0 0 0 0 0 0 0 0 0 0 1.2000000000000002 3.4000000000000004 0 0 0 0 0 0 0 0 0 0 0 0 0 
 26.8 16.400000000000002 17.2 23.8 35 8.4 0 13.600000000000001 33 14 7.2 56.2 56.400000000000006 41.400000000000006 15.200000000000001 6.800000000000001 24.6 47.800000000000004 42.400000000000006 66.4 0 0.6000000000000001 0.2 0.6000000000000001 0 0 0.4 0.6000000000000001 0.6000000000000001 0 0.6000000000000001 0 0 0.6000000000000001 0 0 0.4 0 0.4 0.4 0.6000000000000001 0.6000000000000001 0 0.8 0 0.6000000000000001 0 12.4 0.2 0.4 0 0.6000000000000001 0.2 0 0.6000000000000001 0 0.4 0 0 0.4 0 0.4 0.4 0.8 0 0 0 0 0.4 0.6000000000000001 0 0 0.4 0.4 0.6000000000000001 0 0 1 0 2 5 3 0 0 0 0 4.4 3.4000000000000004 8 0 0 0 3.6 5.4 4 1.8 0 0 3 1.4000000000000001 0 0 0 1.4000000000000001 0 0 0 0 0 0 0 0 0 0 0.4 0 0 0 0 0 0 0 0 0 0 2.6 0 0 3.6 0 0 0 0 0 0 0 0 0 0 0 0 0 0 0 0 2.2 0 0 0 0 0 0 0 0 0 0 0 0 0 0 1.2000000000000002 9 0 0 0 0 2.4000000000000004 0 0 4.6000000000000005 0 0 6.800000000000001 3.6 0 0 0 0 0 3.4000000000000004 0 0 0 0 0.2 0 0 0 0 0 0 0 0 0 0 0 0 0 0 0 0 0 0 0 0 0 0 0 0 0 0 0 0 0 0 0 0 0 0 0 0 0 0 0 0 0 0.4 0 0 0 0 0 0 0 0 0 0 0 0 0 0 0 0 0 0 0.8 0 0 0.2 0 0 2.6 0 0 0 0 0 0 0 0 0 0 0 0 0 0 0 0 0 0 0 0 0 0 0 0 0 0 0 0 0 0 0 0 0 3.6 0 0 0 0 
 32.800000000000004 21.400000000000002 73.4 43.400000000000006 13.4 8.8 13.600000000000001 0 43.2 86.80000000000001 8.8 69.4 28.6 49.2 59.2 26 18.8 87.80000000000001 13.200000000000001 51.800000000000004 0 0.8 0 0 1 0 0.4 0 0 0.4 2 0.6000000000000001 0 0 0 0.6000000000000001 1.6 0.6000000000000001 17.8 4.6000000000000005 0.4 0.6000000000000001 0.8 13.4 1 0.6000000000000001 0 0.2 0.6000000000000001 2.6 0.8 0.6000000000000001 0 0 0.6000000000000001 0.8 12.600000000000001 0 0 0 0 0.4 0.8 0.4 0 1.4000000000000001 0 1 1.2000000000000002 0 0 0 9 1 1.6 0 1.2000000000000002 0.4 0.6000000000000001 0.6000000000000001 1.2000000000000002 8 15.4 0 2.6 9 0.2 4.2 1.4000000000000001 0 0.4 2 0 9.4 0 0 5.2 3 1.8 2.8000000000000003 0 0 0 0 0 0.4 0 0.4 0 0 0 0 0 2.6 0 0 0 0 0.6000000000000001 2 0 0 0 0 0 0 0 0 0 0 0 0 0 3.4000000000000004 4.4 0 0 0 0 0 0 0 0 0 0 0 0.8 0 0 0 0 0 0 0 0 0 0 0 0 0 3.6 2.2 12.200000000000001 9.200000000000001 0 1.8 0 9.8 4 4.6000000000000005 0.2 2.2 0 0 5 2.2 8 3.8000000000000003 0 0 0 0 0 0 0 0 2 0 0 0 0 0 3.2 0 0 0 0 0 2.2 3 0 0 0 0 0 0 0 2.2 0 0 0 0 0 0 0 0.2 0 0 0 0 0 0 0 0 0 0.4 0 0 0 0 0 0 0 0 0 0 0 0 0 0 0 0.2 0 0 0 0.6000000000000001 0.2 0 18.400000000000002 17.6 4 2 0 0 0 0 0 0 0 0 0 0 0 0 0 0 0 0 0.4 0 0 0.4 0 0 0 0 0 4 0 0 0 0 0 0 0 0 0 0 0 0 
 27 23.200000000000003 27.8 51 29.6 29.400000000000002 33 43.2 0 37.4 7.4 23.8 29.8 67.8 14.8 74.2 76.2 31.400000000000002 34.800000000000004 47.2 0 0.6000000000000001 0 0 0 0 0.8 0 0 0 0.4 0 0 0.4 0 0 0 0 0 0.4 0.6000000000000001 0.6000000000000001 0.4 0.2 0 0.6000000000000001 0 0 0 0.2 0 0.6000000000000001 0.2 0 0 0 0.4 0.4 0 0 0 0 0.2 0.6000000000000001 0 0.4 0 0 0.4 0.6000000000000001 0 0 0 0.6000000000000001 0.6000000000000001 0 0 0 0.2 2.6 10.200000000000001 1.8 1.4000000000000001 0 0 2.8000000000000003 2.2 4.2 5.2 0 5 5.800000000000001 1.8 1.6 3.4000000000000004 3.6 1.4000000000000001 6.800000000000001 1.2000000000000002 2.2 3.2 0 0 0 0 0 3.6 0 0 0 0 0 0 0 0.4 0 0 0 11.200000000000001 0 0 0 0 2 0 0 0 0 0 0 0 0 0 0 0 3.8000000000000003 0 0 0 0 0 0 0 2.2 0 0 0.4 0 0 0 0 0 0 0 0 0 0 0 0 0 11.200000000000001 1.8 5 5.800000000000001 0 0 0 4 0 2.4000000000000004 6.2 9 2.6 3.4000000000000004 6.6000000000000005 6.800000000000001 5 4.4 0 0 0 0 0 0 0 0 1.2000000000000002 0 0 0 0 0 0 0 0 0 0 0 0 0 0 0 0 0 0 0.2 0 0 0 0 0 0 0 1.2000000000000002 0 0 0 0 0 0 0 0 0 0 0 0 0.4 0 0 0 0 0 0 0 0 0 0 0 0 0 0 0 0 0 0 0.2 0.2 0.4 0.2 0.2 0 1 0 0 0 0 0 0 0 0 0 0 0 0 0 0 0 0 0 0 0 0 0 0 0 0 2.8000000000000003 4.4 0 0 0 0 0 0 0 0 0 0 0 0 
 50 50.800000000000004 97 56.6 34.4 30.6 14 86.80000000000001 37.4 0 54.800000000000004 75.60000000000001 14 26.200000000000003 19 21.200000000000003 34.800000000000004 67.8 20 29.6 0.4 0.6000000000000001 0 0 0 0 1.4000000000000001 0 0.6000000000000001 0.6000000000000001 1.4000000000000001 0 0 1.2000000000000002 15.600000000000001 0 0 0 29.8 1 0.6000000000000001 1.2000000000000002 0.4 0.2 0.4 0.6000000000000001 0.6000000000000001 0 0 0 0 0.8 1.4000000000000001 0 0 0.6000000000000001 0.4 0 0 0.6000000000000001 0 5.4 0.8 0.8 0.2 0.2 0.4 0 0.8 0 0 0.2 12.600000000000001 0.4 0.6000000000000001 0 0 0.2 0.8 0.2 2 3 12.8 3.6 4.6000000000000005 6.800000000000001 0 0 0 0 1.6 4.800000000000001 0 2 0 1.6 4.6000000000000005 2.2 0 0 0.2 10.4 0 0.2 0 0 5 0 0 0 0 0 5.4 2.8000000000000003 0 0 0 0 0 5.4 0 0 0 2.4000000000000004 0 0 0 0 0 0 0 0 0 0 0 0 0 0 0 0 0 0 0 0 0 0 0 0 0 0 0 0.2 0 1.4000000000000001 0 0 0 0 0 0 0.4 0 3.8000000000000003 2.6 6.4 4.4 0 1.8 4.4 3.4000000000000004 0.2 1.6 0 0 1.4000000000000001 2.2 3.4000000000000004 10.4 0 0 0 2.2 0 0 0 0 0 0 0 0 0 0 5 0 3.2 0 0 0 2.4000000000000004 6.4 0 0 0 0 0 0 0 0 0 0 0 0 0 0 0 0 0 0 0 0 0 0 0 0 0 0 0 0 3.8000000000000003 0 0 0 0 0 0 0 0 0 0 0 0 0 0 0 0 0.4 18.6 0 0.4 18 0.2 1.2000000000000002 0.4 0 0 0 0 0 0 0 0 0 0.2 0 0 0 0 0 0 0 0 0 0 0 0 0 1.8 1.6 0 0 0 0 0 0 0 0 0 0 0 0 
 7.6000000000000005 18 39.6 13 29.6 28.400000000000002 7.2 8.8 7.4 54.800000000000004 0 12 5.4 8.6 54.400000000000006 55 25.8 67 6.4 15.8 0.4 15.600000000000001 0.2 0 0 0 15.600000000000001 0.2 0 0 0.4 0 0 0 0 0 0 0 0 0.2 9.8 0.8 0.2 0 0 0.6000000000000001 0 0 0 0 0 0.6000000000000001 0.4 0 0 0 0.4 0 0 0 0 0 0 1.2000000000000002 0 0.4 0 0 0.6000000000000001 0 0 0 0 0.6000000000000001 0.6000000000000001 0 0 0 0.2 0 0.2 4.6000000000000005 4.6000000000000005 8.4 0.8 2 0 1.8 3.8000000000000003 0 2.4000000000000004 3.4000000000000004 0 0 3 0 0.6000000000000001 3.2 11 4.4 8.4 3 0 0 0 0 0.8 0 0 0 0 0 5.4 2 0 0 0 0 6.6000000000000005 0 0 0 0.2 0 0 0 0 0 0 0 0 0 0 0 0 0 0 0 0 0 0 0 0 0 0 0 2.6 0 0 0 0 0.2 0 0 0.2 0 1 0 0 0 4.4 0.4 0.2 2 3.4000000000000004 3.6 0 5.800000000000001 11.600000000000001 2.2 0 0.4 0 1.2000000000000002 5 4.6000000000000005 0.2 0 0.4 0 0 0.2 2.6 0 0 0 4.6000000000000005 0 0 0 0 0 3.6 0 3.4000000000000004 0 0 0 1.4000000000000001 5.2 0 0 0 0 0 0 0 0 0 0 0 0 0 0.4 0 0 0 0 0 0 0 0 0 0 0 0 0 0 0 0 0 1.4000000000000001 0 0 0 0 0 0 0 0 0 0 0 0 0 0 0.8 0 0 1.8 0 0.8 2.2 0 0 0 0 0 0 0 0 0 2.2 0 0 0 0 0 0 0 0 0 0 0 0 0 0 0 0 0 0 0 0 0 0 1.6 0 0 0 0 
 48.6 23.8 60.400000000000006 55.6 13.600000000000001 74.60000000000001 56.2 69.4 23.8 75.60000000000001 12 0 5.6000000000000005 12.600000000000001 4.800000000000001 35.4 30.200000000000003 34.6 8.8 9 0 15.200000000000001 15 0.6000000000000001 0.6000000000000001 0.2 31.200000000000003 0 0.6000000000000001 0 0.6000000000000001 0 0 14.8 13 16.400000000000002 0.4 0 20.400000000000002 0.6000000000000001 1.2000000000000002 1 0.4 7.6000000000000005 0.4 1.2000000000000002 0 0 0 0 0 0.6000000000000001 0 0 0 0 1 0 0.4 0 0 0 1.2000000000000002 1.2000000000000002 1 0 0 0.4 0.8 0 0 0.4 0 0.2 0.4 0 0 0 0 0 1.8 6.6000000000000005 12.200000000000001 0.2 6 9.600000000000001 0.2 0.6000000000000001 0 0 0.4 0 0 4.6000000000000005 0 4.6000000000000005 2 0 0 2.4000000000000004 0 5.6000000000000005 0 3.2 0 0 2.2 3.6 0 2.6 2 0 0 3.2 0 0 0 0 0 2.2 0 0 0 0 0 0 0 0 0 0 0 0 0 0 0 0 0.2 0.2 0 0 0 0 1.4000000000000001 0 0 0 0 0 0 0 0 0 0 1.2000000000000002 0 0 0 0 0 0 0 3 3.6 4.4 1.2000000000000002 0 0 6 0.2 3.6 0 11.8 0 0 0 0 5 11.200000000000001 0 0 2.8000000000000003 18.6 0 0 0 0 0.4 0 0 0.2 0 0.4 0 3 0 3.4000000000000004 0 0 0 3.2 0 0 0 0 2.4000000000000004 0 0 0 0 0 0.4 0 0 0 0 0 0 0 0 0 0 0 0 0 0 0 0 0 0 0 0 0 0 0 0.4 0 0 0 0.2 0 0 1.8 0 0 0.4 0.8 0.4 0.4 0.6000000000000001 0.4 4.2 6.6000000000000005 0 0.8 0 0 0 0 0 0 0 0 0 0 0 0 0 0 0.2 0 0 0 0 0 0 0.2 2 1.8 0 0 1 0 0 0 0 0 0 0 0 0 
 37 7.6000000000000005 98.80000000000001 14.4 18.400000000000002 49.400000000000006 56.400000000000006 28.6 29.8 14 5.4 5.6000000000000005 0 16.2 57.6 10.4 23.200000000000003 7.2 68.2 30.8 0 1.4000000000000001 0 0 0 0 0.8 0 0 0 0.6000000000000001 0.4 0 0.4 16.2 0 0 0.4 0 0.2 0.4 0.6000000000000001 2.8000000000000003 13.600000000000001 0 0.6000000000000001 0.4 0 0 0.8 0 0.6000000000000001 0 0 0 0 0.8 0 0 0 0.2 0 0.6000000000000001 0.6000000000000001 0 0.4 0 0 0.6000000000000001 6.4 0 0.2 0 10 0.4 0 0.2 0 0 0.4 4 0 0 0 0 0 0.4 3 8.4 0 2 0 2.4000000000000004 4 0 0.2 0 0.2 2.8000000000000003 2.6 0 0 0 0.4 0 0 0 1.8 0 0 0 0 0 0 0 0 0 0 0 0 0 0 0 0 0 0 2.8000000000000003 0 0 0 0 0 0 0 0 0 0 0 0 0 0 0 0 0 0 0 0 0 0 0 0 0 0 0 0 0 6.800000000000001 0 0 0 0 3.4000000000000004 0 0 0 0 4.4 2.6 0 0 0 0 0 0 0 0 4 0 4.6000000000000005 0 0 0 0 0 0 0 0 0 0 0 0 0 0 0 0 0 0 0 0 0.2 0 0 0 0 0 0 0 0 0 0 0 0 0 0 0 0 0 0 0 0 0 0 0 0 0 0 0 0 0 0 0 0.4 0 0 0 11.200000000000001 0 0 0 0 0 0 0 0 0 0 0 0.2 0 0.4 0.4 3.4000000000000004 0 0 0 0 0 0 0 0 0 0 0 0 0 0 0 0 0 0 0 0 0 0 0 0 0 0 0 0 0 0 0 0 0 0 0 0 0 5.800000000000001 
 5.6000000000000005 49.6 54.800000000000004 17.400000000000002 16.400000000000002 25.6 41.400000000000006 49.2 67.8 26.200000000000003 8.6 12.600000000000001 16.2 0 37.6 27.6 67.2 4.2 51.800000000000004 43.800000000000004 0 0.6000000000000001 0 0 0 0 0.4 0 0 40.800000000000004 0.6000000000000001 0 40.800000000000004 0 0 0.4 0 0 15 0.2 0.4 0.6000000000000001 0.4 0.4 0 0.6000000000000001 0 0 0 0 0 0.6000000000000001 0 12.4 0 0 0.4 0 1 0 0 0 0.6000000000000001 0.6000000000000001 0 0.4 0 0 0.4 0 0 0 0 0.2 0.4 0 0 0 0 2.4000000000000004 9.8 0 1.2000000000000002 0 0 2 0 6 10 2.8000000000000003 2.4000000000000004 0 2.4000000000000004 2.2 15.4 3.2 9.200000000000001 1.4000000000000001 0 3.8000000000000003 0 0.4 0 0 0 0 0.4 0 0 0 0 0 0 0 0 0 0 0 0 0 0 0 0 0 4.2 0 0 0 0 0 0 0 0 0 0 0 0 0 0 0 0 0 0 0 0 0 0 0 0 0 0 0 0 2.2 0.2 0 0.4 0 0 0 6.6000000000000005 1.8 5.6000000000000005 2.2 0 0.2 0 2.6 0 6 0 5.4 2.2 1.8 2.6 1.6 6.800000000000001 3.4000000000000004 0 3.2 0 0 0 0 0 0 0 0 0 0 0 0 0 0 0 0 0 0 0 0 0 0 0.2 0 0.4 0 0 0 0 0 0 0.2 0 0 0 0 0 0 0 0 0 0 0 0 0 0 0 0.2 0 0 0 0 0 0 0 0 0 0 0 0 0 0 0 0 0 0.8 0.8 0 0.6000000000000001 0.2 0 1.4000000000000001 0 0 0 0 0.4 0 0 0 0 0 1.4000000000000001 0 0 0 0 0 0 0 0 0 0 0 0 0 0 3.6 0 0 0 0 0 0 0 0 0 0 0 0 
 41.800000000000004 50.6 31.200000000000003 30.400000000000002 35.6 59.6 15.200000000000001 59.2 14.8 19 54.400000000000006 4.800000000000001 57.6 37.6 0 14.200000000000001 24.6 25.8 38 35 0 0.6000000000000001 0 0 0 0 0.4 0 0 0 0.6000000000000001 0 0 0.4 0 0 0 0 0.6000000000000001 0.2 0.6000000000000001 13.600000000000001 0 0.2 0 0.6000000000000001 0 12.8 0 0 0 0.6000000000000001 0 0 0 0 0.8 0 0 0 0 0 0.4 0 0 0.6000000000000001 0 0 0 0 0 0 0 0.4 0.6000000000000001 0 0 0 0.2 0 1.6 6.4 4.2 9.200000000000001 2.4000000000000004 2 11.4 0 12.8 0 0 3 6 0 2.8000000000000003 1.6 2.2 0.2 2.4000000000000004 8 0 0 0 0 0 0 0 0 0 0 0 0 0 0 0 0 0 0 3.4000000000000004 2.2 0 0 0.4 0 0 0 0 0.2 0 0 0 0 0 0 0 0 0 0 0 0 0 0 0 0 0 0 0 0 3.2 0 0 0 0 0 0 0.4 0 0 0 0 5.800000000000001 2.6 2.2 4.2 3.2 0 2.4000000000000004 1.8 2.2 5.4 0 0.2 2.8000000000000003 7.4 1.8 0 0 0.2 0.4 1.8 0 0 0 0 0 0 0 0 0 0 0 0 0 0.2 0 0 0 0 2.2 2 0 0 0 0.4 0 0 0 0 0 0 0 0 0 0 0 0 0 0 0 0 0 0 0 0 0 0 0 0 0 0 0 0 0 0 0 0 0 0 0 0 0 0 0 0 0 0.4 17.6 0 0.4 0.2 0 1 2.8000000000000003 0 0 0 0 0 0 0 0 0 0.2 0 0 0 0 0 0 0 0 0 0 0 0 0 0 0 0 0 0 0 0 0 0 0 0 0 0 0 
 6 149 59.6 10 33 35.2 6.800000000000001 26 74.2 21.200000000000003 55 35.4 10.4 27.6 14.200000000000001 0 53 142.20000000000002 26.6 11.200000000000001 0.6000000000000001 0.6000000000000001 0 0.6000000000000001 0 0 0.4 0.6000000000000001 0.6000000000000001 0 0.6000000000000001 0.4 0 0.6000000000000001 0 0 0.4 0 15.600000000000001 0 0.6000000000000001 1 0 15 0 0.6000000000000001 0 0 0.4 7.4 0.4 0.6000000000000001 0 0 0.6000000000000001 0 12.600000000000001 0 0 0.2 0 0.2 0.4 0.6000000000000001 0 0.6000000000000001 7.800000000000001 0 0.4 0.6000000000000001 0 0 0 0.4 0.6000000000000001 0 0.8 0 0.4 0 11.4 3 3 0.2 1.4000000000000001 2.6 2.2 2.2 0 2.4000000000000004 0 2.8000000000000003 3 0 4.4 1.8 0 2.4000000000000004 1.6 11.8 0.4 1.8 0 0 0 0 3.2 4.2 0 0 0 0 1.4000000000000001 0 0.4 0 0 0 2.6 0 0 0 0 0 0 0 2.8000000000000003 0 0 0 0 0 0 0 0 0 0 0 0 0 1.4000000000000001 0 0 0 0 0 0.2 0 0 0 0 0 0 0 2.2 0 2.6 0 0 0 0.4 1.4000000000000001 0 3.2 0 0 0.4 5.6000000000000005 1.6 3.2 0 0 0 0 0 2 3.8000000000000003 5.6000000000000005 0 0.2 0.2 0 0 0 0 0 7.6000000000000005 0 0 0 0 0 3.8000000000000003 2 0 0 0 0 0 0.2 0 0 0 0 0 0.2 0 0 0 0 0 0 0 0 0 0 0 0 0 0 0 0 0 0 0 0 0.4 0 0 0 0 0 0 0 0 0 0 0 0 0 0 2.4000000000000004 0 0 0 0 0 0 17.6 38.2 0.6000000000000001 1.4000000000000001 0 0 0 0 0 0 0 0 0 0 0 0 0 0 0 0 0 0 0 0 0 0 0 1.4000000000000001 0 0 0 0 0 0 0 0 0 0 0 0 0 0 
 6.4 29.8 69.8 6.800000000000001 65.60000000000001 26.6 24.6 18.8 76.2 34.800000000000004 25.8 30.200000000000003 23.200000000000003 67.2 24.6 53 0 47.800000000000004 34.800000000000004 106.60000000000001 0 0.6000000000000001 0 0 0 0 0.4 0 0 0 0.6000000000000001 0 0 0 0 0 0 0 0 0.4 0.4 0.6000000000000001 0.4 0.4 0 0.6000000000000001 0 0 0 0 0.2 0.6000000000000001 0 0 0 0 0.4 0 0 0 0 0 0.6000000000000001 0.4 0 0.6000000000000001 0 0 0.2 0 0 0 0 0.2 0.4 0 0 0 0 0.6000000000000001 8 0 9.4 1.8 0 0 0 1.4000000000000001 7.4 2.8000000000000003 5.800000000000001 0 1.2000000000000002 2 9.4 11.600000000000001 1.4000000000000001 3.6 2.2 7.800000000000001 0 0 0 0 0 0 0 0 0 0 0 0 1.4000000000000001 0 0 0 0 0 2.6 0 0 0 0 0 0 0 0 0 0 0 0 0 0 0 0 0 0 0 0 0 0 0 0 0 0 0 0.4 0 0 0 0 0 0 0 0 0 0 0 0 0 10.200000000000001 5.800000000000001 4.2 2.6 0 0 0 2.2 1.4000000000000001 5 0 2.4000000000000004 3 0.6000000000000001 6.6000000000000005 4.800000000000001 5.4 0.8 0 5.800000000000001 0 0 0 0 0 0 3.6 0 0 0 0 0 1.6 0 0 0 0 0 1.4000000000000001 0 0 0 0 0 0 0 0 0 0 0 0 0 0 0 0 0 0 0 0 0 0 0 0 0 0 0 0 0 0 0 0 0 0 0 0 0 0 0 0 0 0 0 0 0 0 0.2 0 0 0.6000000000000001 0.2 0 1.4000000000000001 0.4 0 4.4 0 0 0 0 0 0 0 0 0 0 0 0 0 0 0 0 0 0 0 0 0 0 2.8000000000000003 0 0 0 0 0 0 0 0 0 0 0 0 
 5 24.200000000000003 24.200000000000003 28 27 76.2 47.800000000000004 87.80000000000001 31.400000000000002 67.8 67 34.6 7.2 4.2 25.8 142.20000000000002 47.800000000000004 0 8.200000000000001 4 0 0.6000000000000001 0 0 0 0 0.6000000000000001 0 0 0 0.4 0 14.600000000000001 0 0 0 0 0.4 4.800000000000001 0 0.6000000000000001 0.8 0.4 0.2 0 0.6000000000000001 0 0 0 0.2 0 1.4000000000000001 0.4 0 0 0 0.4 0 0 0 0 0 0 0.6000000000000001 0 0.4 0 0 0.6000000000000001 0 0 0 0 0.6000000000000001 0.6000000000000001 1.2000000000000002 0 0 2 0 1.6 2.8000000000000003 2.2 3.2 0.6000000000000001 23.400000000000002 0 1.8 0 2.2 5.4 3.4000000000000004 0 2.8000000000000003 0 3.2 3.8000000000000003 4.4 0 0 0 4.6000000000000005 0 2 0 0 4.6000000000000005 0.2 0 0 0 0 5.2 0.2 0 0 0 0 0 1.4000000000000001 0 0 0 1.8 0 0 0.4 0 0 0 0 0 0 0 0 0 0 0.4 0 0 0 0 0 0 0 0 0.8 0 0 0 0 0 0 0 0 3.8000000000000003 0 0 0 0 2 0 3.6 8.4 0 4 0 5.6000000000000005 3.6 6.2 0.8 2.6 0 0 1.8 6 10.8 6.2 0 0 0.2 3.8000000000000003 0 0 0 0 4.800000000000001 0 0 0.4 0 0 6.2 0 0 0 0 0 1.6 3 0 0 0 0 0 0 0 0 0 0 0 0 0 0 0 0 0.4 0 0 0 0.2 0 0 0 0 0 0 0 0 0 0 0 0.4 0.2 0 0 0 0 0.2 0 0 0.2 0 0 0 0 0.6000000000000001 0.2 0 25.6 0.2 1.8 0 0 0 0 0 0 0 0.4 0 0 0 0 0 0 0 0 0 0.4 0 0 0 0 0 0.2 2 0 0 0 0 0 0 0 0 0 0 0 0 0 
 11.200000000000001 105.2 94.80000000000001 20.200000000000003 15 9 42.400000000000006 13.200000000000001 34.800000000000004 20 6.4 8.8 68.2 51.800000000000004 38 26.6 34.800000000000004 8.200000000000001 0 67 0 1 0 0 4.2 0.2 0.4 0 0.6000000000000001 1.2000000000000002 1 0 0.4 0.6000000000000001 0 0 0 0 0 0.8 0.6000000000000001 0.6000000000000001 0.8 0.2 0 0.6000000000000001 0 0 0 0 0 0.6000000000000001 0 0 0.6000000000000001 0 0.4 0.8 0 0.2 0.6000000000000001 0 0.4 0.6000000000000001 0 0.4 0.2 0 0.4 0.4 0 0 0 0.4 0.6000000000000001 0 0 0 0 0 3.6 0 1.4000000000000001 0 0.2 0 0.2 6.800000000000001 10.200000000000001 0.2 0 0 2.6 0 14.4 7.2 2 2 0.8 3 0 0 0 0 0 0 0 0 0 0 0 0 0 0 0 0 0 0.4 0 0.6000000000000001 0 0 0 0 0 0 0 0 0 0 0 0 0 0 0 0 0 0 0 0 0 0 0 0 0.2 0 0 0 0 0 0 0 0 0 2.6 0 0 0 0 0 5.800000000000001 0.4 2 0 0.2 0 0.8 0.2 0 2 0 2 3.2 3.2 0.4 3.4000000000000004 0 0 0 11 0 0 0 0 0 0 0 0 0 0 0 0 0 0 0 0 0 0 0 0 0 0 0 0 0 0 0 0 0 0 0 0 0 0 0 0 0 0.4 0 0 0 0 0 0 0 0 0 0 0 0 0 0 0 0 0 0 0 0 0 0 0 0 0 0 0 0 0.2 0 0.6000000000000001 0.4 0.4 2 0 0 0 0 0 0 0 0 0 0 3.4000000000000004 0 0 7 0 0 0 0 0 0 0 0 0 0 0 0 0 0 0 0 0 0 0 0 0 0 0 0 
 16.400000000000002 70.2 25.400000000000002 19.8 13 25.8 66.4 51.800000000000004 47.2 29.6 15.8 9 30.8 43.800000000000004 35 11.200000000000001 106.60000000000001 4 67 0 0.4 11.4 0 0 0 0 0.4 0.2 0 0 0.6000000000000001 0 0 0 0 0 0 0 0 0.6000000000000001 0.6000000000000001 12.4 0.4 0.2 0 0.6000000000000001 0 0 0 0 0 0.6000000000000001 0.4 0 8.6 0 0.4 0 0 0 0 0 0.4 0.6000000000000001 0 0 0 0.4 0.4 0 0 0 0 0.4 0.6000000000000001 0 0 0 0 1.2000000000000002 4 3.4000000000000004 0 4 0 0 4.2 3.4000000000000004 2.8000000000000003 0 0 0 0.2 2.4000000000000004 3.8000000000000003 2.2 2 2.4000000000000004 2.6 13.4 0 0 0 0 0 0 0 0 0 0 0 0 0 0 0 0 0 0 0 0 0 0 0 0 0 0 0 0 0 0 0 0 0 0 0 0 0 0 0 0 0 0 0 0 0 0 0 0 0 0 0 0 0.4 0 0 0 0 0 0 3.2 5.2 2.8000000000000003 2.2 0 1.4000000000000001 0 8.6 0.2 0.8 0.6000000000000001 0 3.2 3.4000000000000004 7 4.4 7.6000000000000005 5.2 0 4.4 3.6 0 0 0 0 0 0 0 0 0 0 0 0 0 0 0 0 0 0 0 0 0 0 0 0 0 0.2 0 0 0 0 0 0 0 0 0 0 0 0 0 0 2.4000000000000004 0.4 0 0 0 0.2 0.2 0 0 0 0 0 0 0 0 0 0 0 0 0 0 0 0 0 0 0.4 0.4 0 0.4 0 0.2 24 0 0 0 0 0 0 0 0.2 0 0 2.4000000000000004 0 0 0 0 0 0 0 0 0 0 0 0 0 0 0 0 0 0 0 0 0 0 0 0 0 0 0 
 0 0 0 12.4 15.200000000000001 20.6 0 0 0 0.4 0.4 0 0 0 0 0.6000000000000001 0 0 0 0.4 0 29.6 15.8 29.6 26.8 10.8 75.60000000000001 15.8 20.8 7.6000000000000005 6.2 5.2 66.2 28.400000000000002 13.4 12.200000000000001 67.2 12.8 27.200000000000003 51 0.2 0 0.4 0 0 0 0 0 0 0.6000000000000001 0 0 0 0 0 0 0.4 0.4 0.6000000000000001 0 0 0 0 0 0 1.8 0 0 0 0 0 0 0 0 0 0 0 0 0 0 0 0 0 0 0 0 0 0 0 2.2 0 0 0 0 0 0 0 0 0 0 6.800000000000001 1.8 4 0 2.4000000000000004 0 0 8.200000000000001 4.4 0 0 0 0 2 7.4 1.8 1.8 3.4000000000000004 4.800000000000001 0 0 0.2 0 0 0 0 0 0 0.4 0 0 0 0 0 0 0 0 0 0 0 0 0 0 0 0 0 0 0 0 0 0 1.2000000000000002 0 0 0 0 1.2000000000000002 0 0 0 0 0.2 0 0 3 2.6 0 0 0 0 2.4000000000000004 0 0 0 0 0 0.8 3.4000000000000004 0 0.2 4.2 3 2.8000000000000003 0 3.2 1 0.4 12.600000000000001 4.2 8.200000000000001 6.6000000000000005 2 6.4 6 8 7 9 3.4000000000000004 2.4000000000000004 5.4 0 0 0 0 0 0 4 0.2 0 0 0 0 0 0 0 0.2 0 0 4 0 0 0 0 0 0 0 0 0.4 0 0 0 0 0 0 0 0 0 0 0 0.2 0 7 0 0 0 0 0 0 0 0 0 0 0 0 2.6 0 0 1.2000000000000002 0 0 0.6000000000000001 2.4000000000000004 0 0 0 0 0.4 0 0 0 0 0 0 0 0 0 0 0 0 4.4 0 0.6000000000000001 0 0 0 0 0 0 0 0 
 0 0.6000000000000001 0.6000000000000001 0.6000000000000001 1 15.200000000000001 0.6000000000000001 0.8 0.6000000000000001 0.6000000000000001 15.600000000000001 15.200000000000001 1.4000000000000001 0.6000000000000001 0.6000000000000001 0.6000000000000001 0.6000000000000001 0.6000000000000001 1 11.4 29.6 0 38.400000000000006 38.6 13.200000000000001 8 18.2 67.2 11.8 8.6 38 9.600000000000001 25.200000000000003 5.4 29.8 31.8 28.200000000000003 7.6000000000000005 26.8 13.8 0.4 0 0.4 40.800000000000004 0 0 0 0 0 0.6000000000000001 0.2 0 0.2 0 0 0 0.4 0.6000000000000001 6.6000000000000005 0 0 0 0 0 1.8 0.6000000000000001 0 0 0 0 0 0 0 0 0 0 0 0 0 0 0 0 0 0 0.2 0 0 0 0 0 0 0 0 0 0 0 0 0 0 0 4 5.800000000000001 2.8000000000000003 4.800000000000001 8.4 0 0 5 4 0.8 5.800000000000001 0.2 0.2 10.8 1 14.8 4.6000000000000005 8.6 2 0.2 1.8 0.2 0.2 0 0 0 4.2 0 0 0 0 2.2 0 0.4 0 0 0 0 0 2.6 0 0 0 0 0 0 0 1.6 0 0.6000000000000001 0 0 4.2 0 0 0 0 0 0 0 0 0 0 0.2 1.6 2.2 0 0 0 0 0 0 0 0 2.8000000000000003 0 0 0 0 0 2.4000000000000004 3.8000000000000003 2.2 0.6000000000000001 3.8000000000000003 0 2.2 0.2 1.4000000000000001 8.6 0 4.2 2 4.2 2 5.4 2.8000000000000003 5.800000000000001 0 11.600000000000001 0 1.6 0 0 0 0 5.4 0 3.8000000000000003 1.6 0 0 0 0 0 0 0 0 3.8000000000000003 0 2.6 0 0 0 0 0 0 0 0 7.4 0.2 0 0 0 0 0 0 0 0 0 0 0 0 0 0 0 0 0 0 0 0 0 0 0 2.8000000000000003 0 0 0.2 15.4 0 2 0 0 0 0 0 0 0 0 1.2000000000000002 0 0 0 0 0 0.2 0 0 0 0 0 0 0 0 0 4.6000000000000005 0 0 0 0 
 0 0 0.2 0 0 15.200000000000001 0.2 0 0 0 0.2 15 0 0 0 0 0 0 0 0 15.8 38.400000000000006 0 27.400000000000002 66.60000000000001 4.800000000000001 20.200000000000003 35 52.800000000000004 24.200000000000003 7.6000000000000005 5.2 13.4 11.200000000000001 42.400000000000006 34.2 14.200000000000001 7.800000000000001 29.400000000000002 42.400000000000006 0 0.2 0.4 0 0 0 0 0 0 0.6000000000000001 0 0 0 0 0 12.200000000000001 0.4 0.4 0.6000000000000001 0 0 0 0 0 1.6 0.6000000000000001 0 0 0 0.2 9.8 0.2 0 0 0 0 0.2 0 5.6000000000000005 0 2.4000000000000004 0 0 0 0.4 0 0 0 0 0 0 0 0 0 0 0 0 0.2 0 0 2.8000000000000003 3.4000000000000004 6.6000000000000005 1.4000000000000001 2.2 0 0 4.2 7.6000000000000005 1.6 0.6000000000000001 2.2 2.4000000000000004 7.800000000000001 2.4000000000000004 0 4.800000000000001 0.4 0 0.2 0 0.4 0 0 0 0 0 0 2.4000000000000004 0 0 0 0 0 0 0 0 0.4 2 2.6 0 0 0 0 0 0 0 0 0 0.4 0 0 0 0 0.4 0 0 0 0 0 0 0.4 0 0 2.2 0 0 0 0 0 0 0.4 0 0 0 0 0 0 0 0.4 5.2 12.8 1.6 1.4000000000000001 2.8000000000000003 0 0 5.6000000000000005 0 9.200000000000001 4 0.8 1.8 3.8000000000000003 2.8000000000000003 11 4.2 3.2 0 6 0 0 0 0 0 0 4 0 3 0 0 0 2.2 0 0 0.4 0 0 5.6000000000000005 2.8000000000000003 0 0 0 0 0 0 0 0.2 0 0 0 0 0 0 0 0 0 0 0 0.4 0 0 0.2 0 0 0 0 0 0 0 0 0 0 0 1.2000000000000002 0.4 0.4 0.6000000000000001 0.4 0 3.2 0 0 0 0 0 0 0 0 0 0 0 0 0 0 0 0 0 0 4.2 0 2.4000000000000004 0 0 0 0 0 0 0 0 
 0 1.2000000000000002 0.8 0 0.2 0 0.6000000000000001 0 0 0 0 0.6000000000000001 0 0 0 0.6000000000000001 0 0 0 0 29.6 38.6 27.400000000000002 0 61 10.600000000000001 21.8 16.8 56.2 48.2 34.800000000000004 41.800000000000004 40.400000000000006 22.200000000000003 15 6.800000000000001 37 24.8 59.800000000000004 40 12.600000000000001 0.6000000000000001 0.2 0 0 41.800000000000004 0.2 11 0 1.6 0.6000000000000001 0 19.8 0.4 0 0 0.4 0.4 17.6 4.2 0 0.4 0 0 0 3 0 0 0 0 0 0 0 0.4 0 0 0 0 0 0 0 0 0 0 0.2 0 0 0 0 0 0 0 0 0 0 0 0 0 0 0 4.800000000000001 0 1.6 2.6 6.4 2.6 0 0.2 1.2000000000000002 0 0.2 0 0 2.4000000000000004 5.800000000000001 3.4000000000000004 10.600000000000001 9.4 0 0 0 5.800000000000001 2.8000000000000003 0 0 0 2.4000000000000004 0 2.2 0 0 0 0 2 0 1 0 0 0 4.800000000000001 0 0 0.4 0 0 0.8 0 0 0 0 0 0 0 0 0.2 0 0 0 0 0 0 0 0 0.4 0 0 0 0 0 0 0 0 0 0 0 0 0 0 0 0 0.2 0 2.6 0 4.2 5.4 0 3.6 2.4000000000000004 7 0 5.6000000000000005 0 3 6.6000000000000005 0 3.6 6.6000000000000005 0 3.6 0 0 0 0 0 0 0 0 0 3.2 0 0 3.4000000000000004 0 2 0.2 0 0 0.2 0.8 0 0 0 0 0 0 0 0 0 0 0.4 0 0 0 0 0 0 0 0 0 0 0 1 0 0 0 0 0 0 0 0 0 0 0 1 0.4 0 25.8 0.2 0.4 2 0 2.4000000000000004 0 0 0 2.2 0 0 0 0 0 0 0 0 0 0 0 0 0 0 0 0 0 0 0 0 0 0 0 
 0.2 0 0.4 0 0 0 0 1 0 0 0 0.6000000000000001 0 0 0 0 0 0 4.2 0 26.8 13.200000000000001 66.60000000000001 61 0 121.4 14.600000000000001 35.2 27.6 30.200000000000003 30.8 26.200000000000003 30 17.8 15 17.6 74 6.2 21.8 17.6 0.4 0 0 0 0 0 12.8 0 0 13.200000000000001 0 0 0 0 0 0 0.4 0.4 13 3.2 0 0 0 0 0 0.6000000000000001 0 0 0 0.2 0 0 0 0 0 0 0 0 0 0 0 0.4 0 0 0 0 0 0 0 0 0 0 0 0 0 0 0 0 0 0 3.4000000000000004 0 2 4.800000000000001 7 5.6000000000000005 0 1.6 4.800000000000001 4.800000000000001 7 6.2 0 0.2 0 4.4 0 3.8000000000000003 0 1.8 1.8 3 0 0.2 0 0 3.4000000000000004 0.2 0.4 0 0 0 0 0 0 5.800000000000001 0 0 5 2 0 0 1.8 0 0 0 0 0 0 2.4000000000000004 0 0 0 0 0 0 0 0 0 0.2 0 0.6000000000000001 0 0 0 0 0 0 0 0 0 0 0 0 0 0 0 0 0 0 0.2 2.6 2.2 2.2 4 1.6 0 0.4 4 4.800000000000001 0 4.2 0 0 3 3 0 1.8 0 0 0 0 1.4000000000000001 0 0 0 2.6 1.4000000000000001 0 5.6000000000000005 0.2 0 4.6000000000000005 0 2.4000000000000004 0 0 0 6 10.200000000000001 0 0 0 0 0 0 0 0 0 0 0 0 0 0 0 0 0 0 1.2000000000000002 0 0 0 0 0 0 0 0 0 0 0 0 0 0 0 3 0 0.4 0 0 0 2 0 0 0 0 0 0 0 0 0 0 0 0 0 0 0 0 0 0 0 0 0 0 0 0 0 2 0 0 0 
 0.4 1.2000000000000002 0 0 0 0 0 0 0 0 0 0.2 0 0 0 0 0 0 0.2 0 10.8 8 4.800000000000001 10.600000000000001 121.4 0 7.6000000000000005 24.200000000000003 7.4 45.2 45.2 9.4 7.4 11 56 34.800000000000004 28.6 29 7.4 8.4 0 13.600000000000001 0.4 1 0.8 0.4 24.6 0.8 0.2 1.4000000000000001 0.4 0 0.8 12.4 11.200000000000001 0.4 0.4 1 26.6 0 0.4 0.6000000000000001 0.6000000000000001 8.4 10.200000000000001 1.8 0 0.6000000000000001 0.4 1.2000000000000002 0 0.4 0.8 0 1.2000000000000002 0 0.4 0.6000000000000001 0 0.2 0 0 0 0 0 0 0 0 0 0 0 0 0 0 0 0 0 0 0 0 0 0 2.2 2.8000000000000003 2.4000000000000004 5.4 0 0 2.6 1.4000000000000001 6.800000000000001 11 0 0.4 0 6.2 0 2.4000000000000004 0 0 1.6 2.6 5.4 0 0 0 5.2 0 0 0 0 0 4.4 0.2 1.2000000000000002 10.4 3 0 4.4 3.8000000000000003 0 0 0 0 0 0 0 0.8 0 0.4 0 0.4 0 0 0 0 0 0 0 0 0 0 0 0.4 0 0 0 0 0 0 0 0 0 0 0 0 0 0 0 0 0.2 0 0 0 0 5.800000000000001 0 0 2.8000000000000003 0.4 2.6 1.4000000000000001 0 0 0 3.4000000000000004 4.4 2.4000000000000004 0 0 2.6 3.2 0 0 4.4 0 3 0 13.4 3.4000000000000004 0 0 1.6 0 4.800000000000001 0 0 0 4.4 9.8 0 0 0 0 0 0 0 0 0 0 0.4 0 0 0 0 0 2 0 0 0 0 0 0 0 0 0 0 0 0 0 0 0 0.2 0 3 0.4 1 16 0 1.2000000000000002 0 0 6.4 13 0 0 1.4000000000000001 0 0 0 0 0 0 0 0 0 0 0 0 0 0 0 0 0 0 0 2.2 0 0 0 
 0.6000000000000001 0.6000000000000001 1 0.6000000000000001 0.6000000000000001 0.6000000000000001 0.4 0.4 0.8 1.4000000000000001 15.600000000000001 31.200000000000003 0.8 0.4 0.4 0.4 0.4 0.6000000000000001 0.4 0.4 75.60000000000001 18.2 20.200000000000003 21.8 14.600000000000001 7.6000000000000005 0 45.400000000000006 16.2 8.8 50.800000000000004 10.4 43.2 22.6 47.2 52 6.2 34 58.800000000000004 23.8 1.2000000000000002 0.8 0.4 0 0 0 0 0 0 0.6000000000000001 0 0 0 1.2000000000000002 0 10 0.4 0.4 17.2 5.800000000000001 0 0 0 0 0 0.6000000000000001 0 0 0.2 0.4 0 0 0 0 0 9.600000000000001 0 0 0 0 0 0 0 0 3.2 0.2 0 0 0 1.4000000000000001 0 0 0 0 0 0 0 0 0 0 4.2 6 6.2 1.8 0.2 0 7.800000000000001 0 0.2 0 2 0.2 4 5 1.4000000000000001 5.4 0 0.4 2 6 0 0 0 0 0 0 0 0 0 0 0 2 0 0 0 0 0 0 0 0.2 0 0 0 0 0.4 0.4 0 0 0 0 0 0.4 0 0 0 0 0.2 0 0.4 0 0 0 0 0 2.6 2.2 0 0 0 0 0 1.4000000000000001 0.4 0 0 0 0 0 0 0 13.200000000000001 0 5.2 2.2 0.4 0 6.4 2.8000000000000003 5.6000000000000005 0.8 0 0 4.4 0.8 5.4 5.800000000000001 2.2 0 0 7.800000000000001 0 0 0 0 0 0 0 0 0 0 0 0 0.8 0 0 0 0 0 0 3.8000000000000003 0 0 0 0 0 0 3.4000000000000004 0 0 0 0 0 0 0 0 0 0 0 0 0 0 0 0 0 0 0 0 0 0 0 0 0 0 0 3 0 0.4 0 0.2 0.4 0 1.2000000000000002 0 0 0 0 0 0 0 0 0 0 0 0 0 5.800000000000001 0 0 0 0 0 8.200000000000001 0 0 0 2.4000000000000004 0 0 0 0 
 0 0 0 0 15 0 0.6000000000000001 0 0 0 0.2 0 0 0 0 0.6000000000000001 0 0 0 0.2 15.8 67.2 35 16.8 35.2 24.200000000000003 45.400000000000006 0 28.6 18.400000000000002 4 6.800000000000001 85.80000000000001 26 25.6 54.800000000000004 21 64.8 30.200000000000003 63.400000000000006 0 1 0.4 40.800000000000004 0 0.2 0 0 0 0.6000000000000001 0 0 0 0 0 0 0.6000000000000001 0.4 0.6000000000000001 12.600000000000001 0 0 0 0 0 10.8 0 0 0 0.2 0 0 0 0 0 0 0 0 0 0 0 0 0 0 3.6 0 0 0 0 0 0 0.6000000000000001 0 0 0 0 0 0 0 0 8.200000000000001 0 0.4 1.8 0 0 12.4 3.6 2 1.6 0 1.4000000000000001 6.2 1.8 8 7.4 9.8 3.2 2.2 5.4 0 0.4 0 0 0 0 0 0 0 0 0 0 0 0 0 0 0 0.4 0.2 0 0 0 0 0 0 0 0.2 0.4 0 0 0 1 0 0 0 0 2.8000000000000003 0 0 0 0 1.2000000000000002 0 0 3.6 0 0 2.2 0 0 2.4000000000000004 0.6000000000000001 0 0.2 0 0 0 2.6 0 0 2.4000000000000004 0 5.6000000000000005 4.800000000000001 1.2000000000000002 1.4000000000000001 5.800000000000001 3.8000000000000003 5.800000000000001 2.8000000000000003 7.4 2 2.8000000000000003 0.2 4.2 1 2.8000000000000003 2.4000000000000004 0.2 4.4 0 0 2.4000000000000004 0 0 0 0 0 0 0 0 0 0 0 0 0 0 2.4000000000000004 0 0 0 0 0 0 0 0 4.800000000000001 0.2 0 0 0 0 0 0 0 0 0 0 0 0 0 0 0 0 0 0 0 0 0 0 0 0 0 0 0 0.6000000000000001 0 0 0 0.8 0.2 0.4 0 0 0 0 0.4 0 0 0 0 0.4 0 0 0 0 0 0 0 0 0 4 0 0 0 0.2 0 0 0 0 
 0 0 0.6000000000000001 0 0 6.6000000000000005 0.6000000000000001 0 0 0.6000000000000001 0 0.6000000000000001 0 0 0 0.6000000000000001 0 0 0.6000000000000001 0 20.8 11.8 52.800000000000004 56.2 27.6 7.4 16.2 28.6 0 29.6 68 20 50.400000000000006 35.2 32.4 12.600000000000001 35.2 5.4 19.6 15 0 0 0.2 0 0 0 0 0 0 1.4000000000000001 0 0 0 0 0 0 0.4 0.4 15 0 0 0 0 0 0 1 0 0 0 0 0 6 0 0 0 0 0 0 0 0 0 0 0 0 0 0 0 0 0 0 0 0 0 0 0 0 0 0 2.6 0 1.4000000000000001 0 2.2 6.4 2.4000000000000004 0 0 2.8000000000000003 4.2 4 2.6 7.6000000000000005 0 2.4000000000000004 3.6 3.8000000000000003 15.8 8.200000000000001 0.4 4.800000000000001 0 0 0 0 0 0 3 0 0 0 0 0 3.2 0 0 0 0 0 0.2 6.2 0 0 0 0 0 0 0 0 0 0.8 0 0 0 0 0 0 0 0 0 0 0 0 0 0 0 0 0 0 0 0 0 0 0 0 0 0 0 0 0 0 4.6000000000000005 2.2 1.4000000000000001 4.2 5.2 5 0 0.2 10 3.6 1.2000000000000002 1.4000000000000001 0 5 2.4000000000000004 3.2 1.6 0.4 4.4 2.2 0 0 0 0 0 0 0.2 0 0 0.2 0 1.6 17 2.4000000000000004 0 0 0 0 2.6 8 0 0 0.4 0 3.2 0 0 0 0 0.2 0 0 0 0 0 0 0 0 0 0 0 0 3.8000000000000003 0 0 0 0 0 0 0 0 0 0 0 1.2000000000000002 0.2 0.8 0 0 0.2 2.4000000000000004 0 0 0 0 0 0 0 0 0 0 0 0 0 0 0 0.4 0 0 0 0 0 0 0 0 0 2 0 0 0 
 1.6 0 0.8 0 0 0 0 0.4 0 0.6000000000000001 0 0 0 40.800000000000004 0 0 0 0 1.2000000000000002 0 7.6000000000000005 8.6 24.200000000000003 48.2 30.200000000000003 45.2 8.8 18.400000000000002 29.6 0 34 5.6000000000000005 68.4 40 16.8 53 27.8 21.8 20.6 20.200000000000003 2.2 0 0 0 0.2 0 17.400000000000002 12.4 0 0.6000000000000001 0 0 15.8 0 0.2 0 0.6000000000000001 0.6000000000000001 0.8 12.200000000000001 0 0 0 0 0 0.6000000000000001 0 0 0 0 0 0 0 0 0 0 0 0 0 0 0 0 0 0 0 0 0 0 0 0 0 1.8 0 0 0 0 0 0 0 0 0.4 0 2.2 2.2 9.4 9.200000000000001 0 2.8000000000000003 5.6000000000000005 5.2 10 2.2 0 3.6 0 0 0 7.4 0 0 2 5.800000000000001 1.8 0 3.8000000000000003 0 3.2 0 1 0 1 0 0 0 0 1.6 0 0 4 2.8000000000000003 0 0 0 0 0 0.2 0 0.4 0 0 0 0 0 0 0 0 0 0 0 0 0 1.2000000000000002 0 0 0 0 0 0 0 0 0 4.2 0 0 0 0 0 0 0 0 0 2 0 2.2 5.6000000000000005 0.2 0 2.8000000000000003 3 4.4 0.2 0.2 0 0 2.8000000000000003 0 12.200000000000001 5 0 0 0.2 1.8 0 0 0 0 0 0.2 1.8 0.2 0 0 6 0 4.800000000000001 0.2 0 0 0 5.6000000000000005 0 0 0 0 0 0 0 0 0 7 0 0 0 0 0 1.8 0 0 0 0.2 0 0 0 0 0 0 0 0 0 0 0 0.4 0 0 2.4000000000000004 0 0.4 7.800000000000001 14.8 0.2 2 0 0 0 0 0 0 0 0 0 0 0 7.800000000000001 0 0 0 0.2 0 0 0 0 0 0 0 0 0 0.8 0 0 0 
 0 0.4 0.6000000000000001 0.6000000000000001 0.8 0.4 0.6000000000000001 2 0.4 1.4000000000000001 0.4 0.6000000000000001 0.6000000000000001 0.6000000000000001 0.6000000000000001 0.6000000000000001 0.6000000000000001 0.4 1 0.6000000000000001 6.2 38 7.6000000000000005 34.800000000000004 30.8 45.2 50.800000000000004 4 68 34 0 21.400000000000002 7.6000000000000005 5.2 14.600000000000001 71.60000000000001 37.2 24.8 20.8 11.200000000000001 0 0 0 0 0 0 25.400000000000002 0 0 0.6000000000000001 0 0 25.200000000000003 0 0 0 12.600000000000001 0.6000000000000001 27 25 2.2 0 0 0 0 0.6000000000000001 0 0 0 0 0 0 0 0 0 0 0 0.2 0 0 0 0 0 0 0 0 0 0 0 0 0 0 0 0 0 0 0 0 0 0 4.2 0 2.2 3.6 2.8000000000000003 2.2 0 0 0.4 1.2000000000000002 14 2 0 0.2 0 3.6 0 2.6 0 0 0 2 1.6 0 0 0 7.800000000000001 8 0 0 0 0 6 2.4000000000000004 0 0 0 0 5.4 3.6 0 0 0 0 0 0 0 1 0 0.8 0 0 4.2 0 0 0 0 0 0 0 0 0 0 0 0 0.8 0 0 0 0 3.2 0 0 0 0 0 0.8 0 0 0 0 5.800000000000001 0 4 8.4 0 0 0 0 8.200000000000001 3 5.2 0 0 0 2.2 2.4000000000000004 1.8 0 0 1.2000000000000002 0 0 0 0 0 1.4000000000000001 0 0 2 0 0 3.2 0.4 2.6 0 0 0 9.600000000000001 14 0 0 0 0 0 0 0 0 0 1.8 0 0 0 0 0 2.2 0 0.4 0 0 0 0 0 0 0 0 0 0 0 0 0 0 0 0.4 0.8 0 0 15 20.8 0 0.8 0 0 0 0 0 0 0 0 0 0 0 0 0 0 0 0 0 0 0 0 0 0 0 0 0 0.2 0 0 0 
