 0 56.400000000000006 15.600000000000001 24.400000000000002 8 22.8 26.400000000000002 40.6 40.400000000000006 8 24 27.6 29.200000000000003 6.800000000000001 7 22.200000000000003 7 3.8000000000000003 11.200000000000001 29.6 0.4 0 0 0 0.4 0.2 0.2 0 0.2 0.6000000000000001 0 0 0.4 0.4 0 0 0.6000000000000001 0 0.6000000000000001 0 0 0.6000000000000001 0.6000000000000001 0 0 0.6000000000000001 0.2 0.6000000000000001 0.6000000000000001 0 0 0 0 0 1.2000000000000002 0.4 0 0.4 0 0.2 0 0 0 0 0 0.6000000000000001 0.4 0.4 0.2 0.8 0 0 0.4 0 0 0 0 0.4 0 0 4 0 5.6000000000000005 1.2000000000000002 0 0 11.4 2.2 0 8.8 3.8000000000000003 7.6000000000000005 6.2 5.4 6.6000000000000005 1.8 2.6 7 0 7.800000000000001 0 0 0 0.2 0 0 0 0 0 0 0 0 0 0 0 0 0 0 0 0 0 0 0 0 0 0 0 0 0 0 0 0 0 0 0 0 0 0 0 0 0 0 0 0 0 0 0 0 0 0 0 0 0 0 8.6 0 0 0 0 0 8.200000000000001 0 2.2 5.4 0 0 2.4000000000000004 3.4000000000000004 0 4.800000000000001 2.8000000000000003 1.8 4 5 0.8 3.4000000000000004 5.800000000000001 2.2 3.8000000000000003 8.8 0 0 0 0 0 0 0 0 0 0 0 0 2.6 0 0 0 0 0 0 3.6 0 0 0 0 0 0 10 0 0 0 0 0 0 0 0 0 0 0 0 0 0 0 0 0 0 0 0 0 0 0 0 0 0 0 0 0 0 0 0 0 0 0 0 0 0 0 0 0 0 0 0 3 5 0 0.4 0 0 0 0 0 0 0 0 0 0 0 0 0 0 0 0 0 0 0 0 0 1.8 0 0 0 0 0 0 0 0 0 0 0 0 0 
 56.400000000000006 0 30 87.4 25.8 21 13 36.6 26 69.8 42.2 41.2 44 9.200000000000001 55.800000000000004 58.6 27.6 19.8 7.6000000000000005 24.6 0.4 0.4 0 0 0 0.2 0.4 0 0.2 0.6000000000000001 0.4 0 15 0 0 1.2000000000000002 0 0 0.6000000000000001 0.6000000000000001 0 0.6000000000000001 1.4000000000000001 0 0.2 1.2000000000000002 0.8 0.6000000000000001 0.6000000000000001 0 0 0 0 0.2 0 0.4 0 1 0 0.6000000000000001 0 0 0 0 0 0.6000000000000001 0.4 0.4 0 0.2 0.2 0 0.6000000000000001 0 0 0 0 0 0 0 0.4 0 2.8000000000000003 3 9.600000000000001 2.4000000000000004 3.6 3.2 2.6 10.4 7 13.600000000000001 0 1.8 0 4.4 9.8 5.6000000000000005 0 4.4 2.8000000000000003 0 0 0 0 0 1.2000000000000002 0 0 0 0 0 0.2 3.6 0 0 0 0 3.4000000000000004 1.4000000000000001 0 0 0 0 0 0 0 0.6000000000000001 0 0 0 0 0.2 0 0 0 0 0 0 0 0.2 0 0 0 0 0 0 0 0 0 1.2000000000000002 0 0 0 7 0 0 0 0 0 2.8000000000000003 0 4 3.6 0 6.800000000000001 0.2 3.2 0 3.8000000000000003 4.4 6.4 2.6 3.8000000000000003 3.8000000000000003 8.6 6.800000000000001 4.6000000000000005 0.4 3.2 0 0 0 0 0 0 3.4000000000000004 0 0 0 0 0 6.2 3 0 0 0 0 0 3.4000000000000004 0 0 0 0 0 0 0 1.4000000000000001 0 0 0 0 0 0 0 0 0.2 0.2 0 1.2000000000000002 0 0 0 3.6 0 0 0 0 0 0 0 0 0 0 0 0 0 0 0 0 0 1.8 0 0 0 0.4 0.4 0 0.4 0 0 3.4000000000000004 3.6 0 0 0 0 0 0 0 0.2 0 0.2 0 0 0 0 0 0 0 0 0 0 0 0 2.8000000000000003 12.4 2.2 0 0 0 0 0 0 0 0 0 0 0 0 
 15.600000000000001 30 0 29.400000000000002 26.6 6.4 57.2 24.200000000000003 36.6 15.600000000000001 33 44 30.200000000000003 47.800000000000004 31.200000000000003 133.20000000000002 12.4 66.2 10.8 4.6000000000000005 0.6000000000000001 0 0 0 0 0.4 0.4 0 0.4 0.6000000000000001 0.4 0 0.4 0 0 0.4 0 0 1 0.4 0 0.8 1.2000000000000002 0.4 0 0.6000000000000001 0.4 1.2000000000000002 0.6000000000000001 0 0 0 0 0 0 0 0 0 0 12.200000000000001 0.4 0 0 0 0 0.4 0.6000000000000001 0.6000000000000001 0 0 0 0 0.2 0.4 0.4 0 0 0 0.2 0 2 3.6 2.2 0 7 1.8 2.6 2 2 0 2.4000000000000004 2.6 2.4000000000000004 5.4 1.8 2.6 12.600000000000001 5.4 0 5.800000000000001 3 0 0 0 0 0 1.6 0 0 0 0 0 0 3.4000000000000004 0 0 0 0 0.2 2.2 0 0 0 0 0 0 0 0 0 0 0 0 0 0 0 0 0.4 0 0 0 1.8 0 0 0.2 0 0 0 0 0 0 1.6 0 0 0 0 0 0 0 0 0 3 5 6.800000000000001 2.2 1.4000000000000001 4 0 2.6 0 6.6000000000000005 7 2.2 2.8000000000000003 1.4000000000000001 1.8 3.8000000000000003 4.4 7 6.2 0 0 0 0 0 0 0 0.2 0 0 0 0 0 3.8000000000000003 3.4000000000000004 0 0 0 0 0 0.2 0 0 0 0 0 0 0 0 0 0 0 0 0 0 0 0 0 0 0 0 0 0 0 0 0 0 0 0 0 0 0 0 0 0 0 0 0 0 0 0 0 0 0 0 0 0.2 0.6000000000000001 0 18.2 0 2.8000000000000003 19.400000000000002 2.8000000000000003 0 0 0 0 0 0 0 0 0 0 0 0 0 0 0 0 0 0 0 0 0 0 3 0 4 0 0 0 0 0 0 0 0 0 0 0 0 
 24.400000000000002 87.4 29.400000000000002 0 55.2 23.8 21 39.800000000000004 25.400000000000002 64.8 37.6 70.8 13.600000000000001 16.400000000000002 15.4 21.8 19 47.6 31.400000000000002 11 15.600000000000001 0 0 0 0 1 19.8 0 0.4 0.8 0 0 15.4 0 1 0 0 0.4 30.8 15 0 0.8 0.6000000000000001 1 0 0.6000000000000001 0.4 0.6000000000000001 0.6000000000000001 0 0.4 0 0 0 0 0 0 1.2000000000000002 0 0.4 0 0 0 0.4 0 0.4 0.4 0.6000000000000001 0 0 0 0 0 0.6000000000000001 0 0 0 0 0 0 0.8 0 2.4000000000000004 8 11.200000000000001 3 0 2.4000000000000004 0 5 7.2 0 0 0 0 2.4000000000000004 7.800000000000001 2.4000000000000004 0 0 2.8000000000000003 0 0 0 0 3.2 2.2 0.4 3.6 1 0.4 0 0.2 7.2 1.2000000000000002 0 0 0 5 6 0.6000000000000001 0 0 0 0 0 0 0 0 0 0 0 0 0 0 0 0 0 0 0 0.4 0 0 0.2 0 0 0.2 0 0 0 1.8 0 0 0 0 0 0 0 0 0 0 0 4.4 0 2.2 6.800000000000001 0 0 0 4.4 2.2 6.6000000000000005 0 0 0 0 1.8 2.8000000000000003 0 0 7.6000000000000005 2 0 0 0 0 4 3.2 0 0 0 0 8 3.6 6.6000000000000005 0.2 0.4 0 0.8 0 0 0 0 0 0 0 0 0 0 0 0 0 0 0 0 0 0 0 0 0 0 0 0 0 0 0 0 0.4 0 0 0 0 6 0 0 0 0 0 0 0 0 3.2 0 0 0 0.4 0.6000000000000001 0 0.6000000000000001 17.8 0 0 0 0 0 0 0 0 0 0 0 0 0 0 0 0 0 0 0 0 0 0 0 0 0 4.2 6 3.6 0 0 0 0 0 0 0 0 0 0 0 0 
 8 25.8 26.6 55.2 0 77.4 12.200000000000001 11.8 11.600000000000001 98 18 12.200000000000001 55 67.2 26.400000000000002 33.6 16.2 57.800000000000004 51.6 30 0.6000000000000001 0 0 0 0.4 0.4 14.8 0 0.4 0.2 0 0 5.4 0 0 0.2 0 0 6 0.2 0 0.6000000000000001 0.6000000000000001 0 0 0.4 0 0.6000000000000001 0.6000000000000001 0 0 0 0 0 0 0 0 0 0.6000000000000001 0.4 0.6000000000000001 0 0 0 0 0.4 0.4 0.4 0 0 0 0 0.4 0 0 0 10 0 0 0 6.2 3.2 4.2 2 1 4.6000000000000005 0 0 0 4.6000000000000005 2.4000000000000004 4.2 0 4 0 1.6 0.2 10.600000000000001 3 0.4 4.800000000000001 0 0 0 0.2 0 3.4000000000000004 3 0 1.2000000000000002 0 0 3 4.4 0 0 0 0 3.8000000000000003 5.800000000000001 2.6 0 0 0 0 0 0 0 2.8000000000000003 0 0.4 0 0 0 0 0 0 0 0 0 1.2000000000000002 0 0 0 0 0 0 0 0 0 0.2 0 0 0 0 0 0 0 0.4 0.2 0 3.8000000000000003 6.2 0 2.6 0.2 0.4 0 4 9.4 4 3.4000000000000004 0 1.8 0 0 0 5.800000000000001 3 0 2.2 2.2 0 0 0 0 0 0 0 0.6000000000000001 0 0 0 4 3 0 0 0.8 3.4000000000000004 5 0 0 0 0 0 0 0 0 0.2 0 0 0 0 0 0 0 0 0 0 0 0 0 0 0 0 0.4 0 0 0 0 0 0 0 0 0.2 0 0 0 1.8 0 0 0.4 0 0 0.4 0 0.4 0 0.4 1.8 0.4 0.8 0 0 0 0 0 0 0 0 0 0 2.4000000000000004 0 0 0 0 0 0 0 0 0 0 0 0 1.4000000000000001 0 3.2 0 0 0 0 0 0 0 0 0 0 0 0 
 22.8 21 6.4 23.8 77.4 0 88.4 7.4 11.8 39.6 64.60000000000001 88.80000000000001 7.2 9.4 16 36.800000000000004 47 10.600000000000001 7.2 12.8 0.4 0 0 0 0 0.4 15.8 14.4 0.6000000000000001 0.6000000000000001 0 0.2 29.6 0 31.8 0 0 0 0 2 0 0 0 0 0.8 0 10 0.8 0.4 0 0.4 0 14 0 0 0.6000000000000001 0 13.600000000000001 0 0 0.8 0 0.4 0.4 0 0 0 0 0 0 0 0 0 0 0 0 0 0 0 0 0 0 3.2 2.6 4.6000000000000005 2 0 0 0 3 0 5.6000000000000005 0 0 0 0.2 2.2 0 0 0 7.4 2 0 2 0.2 0 0 1 0 4.4 0 0 13.8 6.4 3.2 0 0 2 8.4 0 0 0 5.2 0 0 0 0 0 0 0 0.2 0 0 0 0 1.8 0 0 0 0 0 0 0 0 0 0 0 0 0.2 0 0 1.4000000000000001 0 0 0 0 0.2 0 0 0 0 0 1.8 0 5 0 0 0.4 0 8.200000000000001 0 1.8 0 0 0 0 0.6000000000000001 0 0 0 0 4 0 0 0 0 4 6 0 0 0 0 4 2 4.4 2.6 3.6 5.2 3 6.2 0 0 3.6 0.2 0 2.6 0 2.2 0 0 0 0 0 0 0 0 0 0 0 0 0 0 0 0 0 0 0 0 0 0 0 0 0 0 0 0 0 0 0 0 0 0.4 0 0 0 0.8 1.4000000000000001 0.2 1 0.2 0 1.6 0 0 0 0 0 0 0 0 0 0 1.6 0 0 0 0 0 0 0 0 0 0 0 0 1.6 4.2 0 0 0 0 0 0 0 0 0 0 0 0 0 
 26.400000000000002 13 57.2 21 12.200000000000001 88.4 0 20.8 19.400000000000002 7.2 47.800000000000004 24.8 67.4 47.2 20 49.2 66.60000000000001 64.2 26 47.400000000000006 0.6000000000000001 0 0 0 0 0.6000000000000001 0.4 0 0.6000000000000001 1.6 0 0 40.6 0 0 0.4 0 0 0.6000000000000001 0 0 0.4 0.6000000000000001 0 0 0.6000000000000001 0 0.6000000000000001 0.6000000000000001 0 0 0 0 0 0 0 0 0 0 0 0.2 0 0 0 0 0.4 0.4 0.6000000000000001 0 0 0 0 0 0 0 0.4 0 0 0 0 7 7.4 7 2.4000000000000004 0 0 6.4 2.4000000000000004 7.800000000000001 0.2 17.400000000000002 14.4 3.2 4.4 2 2.2 0.2 6.2 5.800000000000001 0 0 0 0 0 0 0 0.2 0 0 0 0 0 0 0 0 0 0 0 0 0 0 0 0 0 0 0 2.2 0 0 0 0 0 0 0 0 0 0 0 0 0 0 0 0 0.6000000000000001 0 0 0.6000000000000001 0 0 0 0 0 0 0 0 0 0 0 3.4000000000000004 0 2.4000000000000004 8.4 5.6000000000000005 0 0 0 1.8 0 15.200000000000001 2.8000000000000003 2 0.4 0.8 6.2 2 0 3.2 2.8000000000000003 3.2 3.6 0 0 0 0 0 0 0 0 0 0 0 0 0 0 0 0 0 0 0 0 0 0 0 2 0 0 0 0 0 0 0 0 0 0 0 0 0 0 0 0 0 0 0 0 0 0 0 0 0 0 0 0 0 0 0 0 0 0 0 0 0 0 0 0 0 0.2 18.400000000000002 0.4 0.8 0.4 0.2 1.6 0 0 0 0 0 0 0 0 0 0 0 0 0 0 0 0 0 0 0 0 0 0 0 0 0 0 0 0 0 0 0 0 0 0 0 0 0 0 
 40.6 36.6 24.200000000000003 39.800000000000004 11.8 7.4 20.8 0 34 25.8 3.2 11 45.400000000000006 98.80000000000001 38.2 35.800000000000004 4.4 45.400000000000006 33 27.400000000000002 41.400000000000006 0 0.4 0 0 0.2 0.8 0 0.8 1 41 0 15.8 5.800000000000001 0.6000000000000001 0.6000000000000001 0 0.4 1.2000000000000002 0 0.2 1 1.6 0.6000000000000001 0.6000000000000001 1.4000000000000001 0.2 1.4000000000000001 0.8 0.6000000000000001 0.6000000000000001 0 0 0.2 0.2 0.2 0.4 0.4 1 5 0 0 0 0 0.8 1.2000000000000002 0.4 0.6000000000000001 0 0 0.2 0.6000000000000001 0.6000000000000001 0 0 0 0 0.4 0 0 4 2 6 12.4 2.4000000000000004 2.4000000000000004 0 3.8000000000000003 1.6 5 5 2 0.6000000000000001 8.4 2.8000000000000003 3 1.8 4 0 7 0 0 0 0 0 0 1.6 0 0 0 0 0 0 1.4000000000000001 0 0 0 0 0 0 0 0 0 0 0 0 0 0 0 0 0 1 0 0 0 0 0 0 0 0 0 0 0 0 1.2000000000000002 0 0 0.2 0 0 0 0 0 0 0 0 0 0 0 0 4 3 0 11.200000000000001 0.2 0 2.2 3.2 1.8 0 1.8 3.6 1.8 3.8000000000000003 5.4 0 0 0 2.6 3 0 0 0 0 0 0 0 0 0 0 0.2 0 0 0 0 0 0 0 0 0 0 0 0 0 0 0 0 0 0 0 0 0 0 0 0 0 0 0 0 0 0.4 0 0 0.2 0 4.800000000000001 0 0 2.4000000000000004 0 0 0 0 2.2 0 0 0 0.4 0 0 0 3.2 0 0 0 0 0 0 0 0.6000000000000001 0.4 0.6000000000000001 0 0 0 0 0 0 0 0 0 0 0 0 0 0 0 0.6000000000000001 0 0 0 0 0 0 0 0 2.8000000000000003 0 0 0 0 0 0 0 0 0 0 0 0 0 
 40.400000000000006 26 36.6 25.400000000000002 11.600000000000001 11.8 19.400000000000002 34 0 45.2 4.6000000000000005 8 40 85 42 36.4 30.6 14.8 80.2 96.80000000000001 0.4 0 0 0 0 0.2 0.4 0 0.2 0.4 0 0 17.6 0 0 0 0 0 0.6000000000000001 0 0 0.6000000000000001 0.6000000000000001 0 0 0.4 0.2 0.6000000000000001 0.6000000000000001 0 0 0 0 0 12.4 0 0 0.6000000000000001 0 0.4 0 0 0 0 0 0.4 0.4 0.4 0 0 0 0 0.4 0.6000000000000001 0 0 0 0 0 0 5.4 0 0.4 7.6000000000000005 0 0 7.4 0.2 3.8000000000000003 2.2 3.4000000000000004 4.800000000000001 2.6 2.2 0 0 4.2 2.8000000000000003 2 2.2 0 0 0 0 0 0 2.8000000000000003 2.8000000000000003 0 0 0 0 0 1.4000000000000001 0 0 0 0 3 2.8000000000000003 0 0 0 0 0 0 0 2.2 0 0 0 0 0 0 2.2 0 0 0 0 0 0 0 0 0 1.8 0 0 0 0 0 0 0 0 0 0 0 0 0 0 0 5 0.4 3.4000000000000004 1.4000000000000001 0 0 0 8.4 5.800000000000001 0 2.2 2.6 0.4 5.800000000000001 23 3.4000000000000004 6.2 0 2.2 0 0 0 0 0 0 0 2.8000000000000003 0 0 0 0 0 0 0 0 0 0 0 0 3 0 0 0 0 0 0 0 1.2000000000000002 0 0.2 0 0 0 0 0 0 0.2 0 0 0.4 0 0 0 0 0 0 0 0 0 0 0 0 0 0 0 0 0 0 0 0 0 1.6 0 0 0 0 0.2 0 0.2 0.2 0.4 0.6000000000000001 1.8 0 0 0 0 0 14.600000000000001 0 0.4 0 0.2 0 0 0 0 0 0 0 0 0 0 0 0 0 0 0 0 0 0 0 0 0 0 0 0 0 0 0 
 8 69.8 15.600000000000001 64.8 98 39.6 7.2 25.8 45.2 0 74.2 10.8 6.4 59.6 26.400000000000002 83.2 48.400000000000006 31.6 17 14.4 0.6000000000000001 0 0 0 0 0.4 33.6 0 0.4 0.2 15.200000000000001 0 31.400000000000002 0 0 0 0 0 0.6000000000000001 0 0 0.6000000000000001 0.6000000000000001 0 0 0.4 0.4 0.6000000000000001 0.6000000000000001 0 0 0 0 0 0 0 0 0.6000000000000001 0 0 0 0 0 0 0 0.4 0.4 0.4 0 0 0 0 0.4 0 0 0 0 0 0 0 0.2 0 1.2000000000000002 6 2.6 3.8000000000000003 0 0 0 4.800000000000001 0 3.6 0 0.4 0 0 4 0 0 0 5.800000000000001 0 0 0 0 0 9.4 0.4 0 0 0 3.6 1.6 7.6000000000000005 0 11.600000000000001 0 0.2 7.6000000000000005 3 0 0 0.4 0 0 0 0 0 0 0 0 0 0 0 0 0 0 0 0 0 7 0 0 0 0 0 0 0 0 2.8000000000000003 0 0 0 0 0 0 0 0 0 0 0 0 1.6 0 4.800000000000001 4.800000000000001 0 0 0 9.200000000000001 3 6.2 0 5.4 0 0 0 2.8000000000000003 0 0.4 4 12.4 0 0 0 0.2 6 0 2 0 0 0 0 3.4000000000000004 2.2 0 0 0 2.6 1.2000000000000002 0 0 0 0 0 0 0 2 0 0 0 0 0 0 0 0 0 0 0 0 0 0 0 0 0 0 0.2 0 0 0.2 0.2 0.4 0 0 0 0 0 0 0 0 0 1.6 0 0 0 0.6000000000000001 0.4 0.4 0 0.6000000000000001 0.4 1.4000000000000001 0 0 0 0 0 0 0 0 0 0 0.2 0 0 0 0 0 0 0.2 0 0 0 0 0 3.6 0 0.4 0 0 0 0 0 0 0 0 0 0 0 0 
 24 42.2 33 37.6 18 64.60000000000001 47.800000000000004 3.2 4.6000000000000005 74.2 0 44.6 8 9.4 26.6 18.400000000000002 47.800000000000004 29.8 9.200000000000001 13.8 15.4 0.2 0 0.8 0.2 0.4 5.800000000000001 4.6000000000000005 0.8 0.6000000000000001 0.4 21.200000000000003 0.8 0.6000000000000001 7.2 0 0.2 0 15.4 0.2 1.2000000000000002 0.6000000000000001 0.6000000000000001 0 0.6000000000000001 0.4 0 0.6000000000000001 0.6000000000000001 0 0 0 0 0.4 0 0 0 0.6000000000000001 0 0.4 0 0 0 0 0 0.4 0.4 0.4 0 0.4 0 0 0.4 0 0 0 0 0 0.8 0 0 0 1.6 2 6 7.6000000000000005 0 4.6000000000000005 0 4 0.2 6.2 0 0 0 2.2 7.4 3.8000000000000003 2.4000000000000004 0 6.6000000000000005 0 0 0 0 0 0.2 0.2 2.8000000000000003 3 0 0 1.8 13 0 0 0 0.2 14.200000000000001 2.8000000000000003 0 0 0 0 0 0 0 0 0 0 0 0 0.4 0 0 2.8000000000000003 0 0 0 0 0 0 0 1 0 0 0 0 0 0 1.6 0 0 0 0 0 0 0 0 0 0 2.6 5.2 0 2.6 6 0 0 0 5.2 0 1.4000000000000001 0 0 0 0 0.8 0 0.4 0 2.6 0 0 0 0 0 0.4 3 0.2 0 0 0 6.6000000000000005 1.6 10.200000000000001 0.2 2.6 0 0.2 2.2 0 0 0 0 0 0 0 1.8 0 0 0 0 0 0 0 0 0.4 0.4 0 0 0 0 0 0 0 0 0 2.8000000000000003 0 0 0 0 0 0 0 0 0 0 0 0 0 0 0 0 0 0 35 0 0.4 1.2000000000000002 0 0.4 0 0 0.4 0 0 0 0 0 0 0 5.6000000000000005 0 0 0 0 0 0 0 0 0 0 0 0 4.800000000000001 3.2 5.2 0 0 0 0 0 0 0 0 0 0 0 0 
 27.6 41.2 44 70.8 12.200000000000001 88.80000000000001 24.8 11 8 10.8 44.6 0 11.600000000000001 10.200000000000001 27 53.2 40.2 61.6 6.6000000000000005 6.4 0.4 0.2 0 0 0 0.2 0.2 4.4 0.2 0.4 0 0 0.6000000000000001 0 8.200000000000001 0 0.2 0 0.8 0 0 0.6000000000000001 0.6000000000000001 0 1 0.4 0.4 0.6000000000000001 0.6000000000000001 0 13.600000000000001 0 0 0 0 0 0 0.6000000000000001 0 0.4 0 0 0 0 0 0.4 0.4 0.4 0 0 0 0 0.4 0 0 0 0 0 0 0 0 2.6 10.4 0.2 4.4 4.4 2 2 0 1.8 0 6.2 3 0.4 0 4.2 7 9.4 0 2.2 3 0 0 0 0 0 0 0.2 0 3.4000000000000004 0 0 4 4.4 0 0 0 0 0 0 0 0 4.6000000000000005 0 0 0 0.2 0 0 0 0 0 0 0 0 5.2 0 0 0 0 0 0 0 1.2000000000000002 0 0 0.8 0.2 0 0.2 0.6000000000000001 0 0 0 0 0 0 0 0 0 2.6 4.800000000000001 2.8000000000000003 1.4000000000000001 2.4000000000000004 2.8000000000000003 0 3.2 0 4 2 0.2 0 2 3.6 3.4000000000000004 2.2 0 0 0 0 0 0 0 0 0 3.4000000000000004 2.8000000000000003 5 0 0 0 5.6000000000000005 1.6 3.2 0 3.8000000000000003 0 0.2 3.4000000000000004 0 0 0 0 0 0 0.4 0 0 0 0 0 0 0 0 0 0 0 0 0 0.2 0 0.4 0 0 0 0 0 0 0 0 0 0 0 0 0 0 0 0 0 0 0 0 0 0 1 18 0 0.2 0 0 2.4000000000000004 2 0 0 0 0 0 0 0 0 0 2.8000000000000003 0 0 0 0 0 0 0 0 0 0 0 0 3.2 1.6 0 0 0 0 0 0 0 0 0 0 0 0 0 
 29.200000000000003 44 30.200000000000003 13.600000000000001 55 7.2 67.4 45.400000000000006 40 6.4 8 11.600000000000001 0 18.400000000000002 79 35 57.6 9.600000000000001 66.8 63.2 1.2000000000000002 0 15.4 0.4 0.2 0.8 0 0 0.4 0.6000000000000001 0.2 0.2 0.8 0.2 0 0.8 0.4 0.2 2 0.4 0 0.6000000000000001 0.6000000000000001 0.4 0.4 0.8 0.8 1.6 1.6 0.6000000000000001 0.4 0.6000000000000001 0.4 0.4 0.4 0.4 0 0 0 0.8 0 0 1.6 0.4 0.4 0.4 0.4 1 8.6 7.800000000000001 0.4 0.4 0.4 16.400000000000002 0.2 0 0 0 0 1.2000000000000002 4.6000000000000005 2.8000000000000003 2.4000000000000004 5.6000000000000005 0 0 7.4 0.2 5.2 1.8 8.200000000000001 6.6000000000000005 4.800000000000001 0 1.4000000000000001 2.4000000000000004 2.8000000000000003 3.2 0 5.4 0 0 2 0 0 0 0 0 0 0 0 2.4000000000000004 0 0 0 0 0 0 0 0 0 0 0 0 0 0 0 0 0 0 0 0 0.2 0 0 0 0 0 0 0 0 0 0 0 0 0 7 0 0 0 0 0 0 1.6 0 0 2.6 0 0 0 2.8000000000000003 3 2.6 5.800000000000001 0 0 0 3 0 0 2 1.8 9.8 8.6 6.2 5 8.4 0.6000000000000001 13.200000000000001 6 0 0 0 0 0 0 0 0 0 0 0 0 0 0 0 0 0 0 0 0.4 0 0 0 0 0 0 0 0 0 0 0 0 0 0 0 0 0.2 0.2 0 0.4 0 0 0 0 0 0 0 0 0 0 0 0 0 0 0 0 0 0 0 0 0 0 0 0 0 0 0.6000000000000001 0 0.6000000000000001 0.4 0 2.4000000000000004 5.4 0 0 0 0 0 0.2 0 0.4 0 0 0.4 0 0 0 0 0 0 0 0 0.4 0 0 0 0 0 0 0 0 0 0 0 0 0 0 0 0 0 
 6.800000000000001 9.200000000000001 47.800000000000004 16.400000000000002 67.2 9.4 47.2 98.80000000000001 85 59.6 9.4 10.200000000000001 18.400000000000002 0 52.800000000000004 25.400000000000002 18.8 10.200000000000001 23 35.2 0.6000000000000001 0 0 0 17.400000000000002 0.8 16 0 0.4 0.2 0 0 0.4 0 0 0 0.4 0 0.6000000000000001 0 0 0.4 0.6000000000000001 0 0 0.6000000000000001 0.4 0.6000000000000001 0.6000000000000001 0 0 0 0 0 0 0 0 0 0 0.2 0 0 0 0 0 0.4 0.4 0.6000000000000001 0 0 0 0 0.2 0 0 0 0 0 0 0 6 3.8000000000000003 9.600000000000001 0 0 0 6.4 0 9.8 0 4 0.6000000000000001 5 2.8000000000000003 3 0 3.4000000000000004 0 0 2.6 0.2 0 0 0 0 0 0 0 0 0 0 0 0 0 0 0 0 0 0 0 0 0 0 0 0 0 0 0 0 0.4 0 0 4 0 0 0 0 0 0 0 0 0 0.4 0 0 0 0.8 0 0 0 0 0.4 0 0 0 0 0 0 0 0 2.6 2.4000000000000004 10.600000000000001 0.4 0 0 0 0 2.4000000000000004 0 0 0 2.6 2.4000000000000004 3.2 7 2.6 0.4 8.8 0 0 0 0 0 0 0 0 0 0 0 0 0 0 0 0 0 0 0 0 0 0 0 0 0 0 0 0 0 0 0 0 0 0 0 0 2.6 0 0 0 0 0 0 0 0 0 0 0 0 0 0 0 0 0 0 0 0 0 0 0 0 0 0 0 0 0 0.2 0.2 0 0 0.2 0 0.8 1.6 0 0 0 0 0 0 0 0 0 0 0 0 2.2 0 0 0 0 0 0 0 0 0 0 0 0 0 0 0 0 0 0 0 0 0 0 0 0 
 7 55.800000000000004 31.200000000000003 15.4 26.400000000000002 16 20 38.2 42 26.400000000000002 26.6 27 79 52.800000000000004 0 40 68 39.2 37.4 41.800000000000004 1.2000000000000002 0 0 0.4 0.2 1 0.2 1.2000000000000002 0.4 0.4 0 1.6 1 0 0 0 0 0.6000000000000001 0.6000000000000001 0.2 0 1.2000000000000002 1.4000000000000001 0 1.2000000000000002 0.4 0 0.6000000000000001 1.4000000000000001 0 0.4 0.2 0 0.2 0 0 0 13.8 0.4 0 0 0.2 1 0 0 1.6 0.4 1.6 2.4000000000000004 0.8 0 2 0.4 0 0.2 0.4 1.4000000000000001 10.200000000000001 0 0 0 6.6000000000000005 2.4000000000000004 0.2 2.6 0 2.6 7 10.8 0.6000000000000001 3 4 0 4 5 4.800000000000001 5.4 14.200000000000001 5 3.4000000000000004 0 0 0 0 0 0 1.8 0 0 0 0 0 0 0 0 0 0.4 0 0 0 0 0 0 0 0 0 0 0.2 0 2.6 0 0 0.2 0 0 0 0 0 0 0 0 0 0 5.2 0 0 1.2000000000000002 0 0 0 0.2 0 0 0 0 0 0 0 0 0 2 3 0.4 0 1.8 0.4 0 7.6000000000000005 1 0 3.2 0.2 2.2 3 2.6 1.8 0 3.2 0.8 6 0 0 0 0.4 0 0 0.2 0 0 0 0 0 0 0 0 0 0 0 0 0 0 0.2 0 0 0 0 0 0 0 0 0 0.2 0 0 0 0 0 0.2 0 0 0 0 0 0 0 0 0 0 0 0 0 0 0 0 3.2 0 0 0 0 0 0 0 0 0 0 0 25.8 0 18.2 0.6000000000000001 4.4 3 0 0 0 0 0 0 0 0.4 0 0 0 0 0 0 0 0 0 0 0 0 0 0 0 0.6000000000000001 4 0 0 0 0 0 0 0 0 0 0 0 0 2.2 
 22.200000000000003 58.6 133.20000000000002 21.8 33.6 36.800000000000004 49.2 35.800000000000004 36.4 83.2 18.400000000000002 53.2 35 25.400000000000002 40 0 15.4 47.400000000000006 7.800000000000001 50 0.6000000000000001 0 0 0 0.2 0.6000000000000001 0.2 0.2 0.4 0.2 0 0 0.4 0 0 0 0 0 0.6000000000000001 0.4 0 0.4 0.6000000000000001 0 0 0.6000000000000001 0.4 0.6000000000000001 0.6000000000000001 0 0 0 0 0 0 0.6000000000000001 5.6000000000000005 0 0 0.4 0 0 0 0 0 0.8 0.4 0.6000000000000001 0 0 0 0 0 0 0 0 0 0 0 0 2.4000000000000004 0.2 0 6.2 0.2 2.8000000000000003 4.6000000000000005 3.6 3.4000000000000004 3.4000000000000004 4.2 4 0 3.4000000000000004 3 6.800000000000001 0 2 2.4000000000000004 4.800000000000001 2 0 0 0 0 1.8 0 0 0 0 0 0 0 1.4000000000000001 0.4 0 0 0 2.6 0 0 0 0 7.6000000000000005 0 0 0 0 0 0 0 0 0 0 0 0 0 0 0 0 0 0.2 0 0 2.2 0 0 0 2 2.8000000000000003 0 0 0 0 0 0 0 0.4 0 0 4.6000000000000005 0 2.8000000000000003 0.6000000000000001 0 0 0 0.6000000000000001 0 1.8 0 3 8.8 1.4000000000000001 4.4 3 1.6 0.2 0 7.4 0 0 0 0 0 0 0 3.2 0 0 0 0 0 0 2.6 0 0 0 0 0 0 0 0 0 0 0 0 0.4 0 0 0 0 0 0 0 0 0 0 0 0 0 0 0 0 0 0 0 0 0 0 0 0 0 0 0 0 0 0 0.4 0 0 0 0 0 0 0.2 0 0 0.4 0 0 1.2000000000000002 6.2 0 0 0 0 0 0 0 0 0 0 0 0 0 0 0 0 0 0 0 0 0 0 1.4000000000000001 4.4 0 0 0 0 0 0 0 0 0 0 0 0 0 
 7 27.6 12.4 19 16.2 47 66.60000000000001 4.4 30.6 48.400000000000006 47.800000000000004 40.2 57.6 18.8 68 15.4 0 49.800000000000004 10.8 10.600000000000001 0.8 0 0.4 1.2000000000000002 0 0.2 5.800000000000001 0 0.2 0.6000000000000001 37.4 0 0.6000000000000001 0.2 0.2 0.2 1.4000000000000001 0 15.200000000000001 16.6 1.2000000000000002 0.6000000000000001 0.6000000000000001 0 10.8 1 0.4 1 1 0.4 0 0.2 0 1 0.6000000000000001 0 0 0 0 0.4 0 0 0.6000000000000001 0 0 0.4 0.4 0.6000000000000001 1 0 0 0 0.6000000000000001 0 0 0 0 1 0.8 0.2 4 5.4 5.4 4 0.6000000000000001 3.8000000000000003 0 0.2 3.4000000000000004 0 8.8 5.800000000000001 0 4.2 0.2 0.2 4.800000000000001 3.8000000000000003 0 0 2.4000000000000004 0 0 0 0 0.2 0 0.2 0 0 0 0 0 3.4000000000000004 0 0 0 0.4 6.2 2.4000000000000004 0 0 0.2 0 0.2 0 0 0.6000000000000001 0 0 0 0 0 0 0 0 0 0 0 0 0 0 0 0 0 0 2 0 0 0 0 0 0 0 0 0 0 0 0 0 0 3.6 5.4 0 3.2 0.2 0 0 7.800000000000001 4.6000000000000005 2 2.4000000000000004 3 4 0 2.6 0 2.8000000000000003 0 0 2.8000000000000003 1.4000000000000001 0 0 0 0.2 1.8 4 4.2 0 0 0 0 0.2 2.8000000000000003 0 0 0 0.2 0.4 0 0 0 0 0 0 0 1.2000000000000002 0 0 0 0 0 0 0 0 0 0 0 0 0 0 0 0 0 0 0.4 0 0 0.4 0.4 0 0 0 0 0 0 0 0 0.2 0 0 0 0 0 0.6000000000000001 0.8 0 0.4 17.2 0 1.4000000000000001 0 0.4 0.2 0 0 0 0 0 0 0 0 0 0 0 0 0 0 0.4 0 0 0 0 0 2.8000000000000003 0 0 0 0 0 0 0 0 0 0 0 0 0 0 
 3.8000000000000003 19.8 66.2 47.6 57.800000000000004 10.600000000000001 64.2 45.400000000000006 14.8 31.6 29.8 61.6 9.600000000000001 10.200000000000001 39.2 47.400000000000006 49.800000000000004 0 8.200000000000001 48.6 0.6000000000000001 0.4 0 0 0 0.4 30.400000000000002 0 0.4 0.8 0 0 0.4 0 0 0 0.4 0 0.6000000000000001 0 0 0.4 0.6000000000000001 0 0 0.6000000000000001 0 0.6000000000000001 0.6000000000000001 0 0 0 0 0 0 0 0.4 0 0 12.600000000000001 0 0 0 0 0.4 0.4 0.4 0.4 0 0 0 0.2 0.2 0 0 0 0 0 0.6000000000000001 0 2 4.800000000000001 8.4 3.4000000000000004 4 5.4 0 0.8 1.4000000000000001 2.2 2.8000000000000003 5 0 6 2.8000000000000003 0.4 5.800000000000001 0 0 2.8000000000000003 5.4 0 0 0 0 0 3.6 0 0 0 1.6 0 4 7.2 0 0 0.2 0 2.4000000000000004 0.8 0 0 0 0 0 0 0 0 0 0 0 0.2 0 0 0 0 0 0 0 0 1 0 0.4 0 0 0 0 0 0 0 0.2 0 0 0 0 0 0 2.2 0 0 1 6.800000000000001 1.8 0 7.800000000000001 0 0 2.4000000000000004 3.8000000000000003 5.800000000000001 4.800000000000001 5 0 0.2 0.6000000000000001 2.4000000000000004 0 3.6 0 0 0 3.2 0 0 0 0 0 0 0 0 0 0 0.8 0.2 2.8000000000000003 0.2 0 0 0 0 0 0 0 0 0 0.2 0 0 0 0 0 0 0 0 0 0 0 0 0 0 0 0 0 0 0 0.4 0 0 0.2 0 0 0 0 0 0 0 0 0 0 0 0 0 0 0 0 0 0.4 0.4 12.200000000000001 0.6000000000000001 2.2 1.4000000000000001 0 0 0 0 0 0 0 0 0 0 0.2 0 0 0 0 0 0 0 0 0 0 0 0 2.6 0 4 0 0 0 0 0 0 2.6 0 0 0 0 0 
 11.200000000000001 7.6000000000000005 10.8 31.400000000000002 51.6 7.2 26 33 80.2 17 9.200000000000001 6.6000000000000005 66.8 23 37.4 7.800000000000001 10.8 8.200000000000001 0 72.2 0.4 0 0 0 0.4 0.4 0.4 0 0.2 0.6000000000000001 0 0.2 0.4 0 0 0 0.4 0 0.6000000000000001 0 0 0.6000000000000001 0.6000000000000001 0 0 0.4 0.4 0.6000000000000001 0.6000000000000001 0 0 0 0 0 0 0 0 0 0 0 0 0 0 0 0 0.4 0.4 0.4 0.6000000000000001 0 0 0 0.4 0 0 0 0 0 0 0.2 0 0 0 1.8 0 0 1.8 0 4.800000000000001 0 0 0 13.4 1.6 3 0 0 0 5.800000000000001 0 0 0 0 3 0 0 0 0 0.4 0 0.2 0 0 0 0 0 0 0 0 0 0 0 0 0 0 0 0 0 0 0 0 0 0 0 0 0 0 0 0 0 0 0 0 0 2.4000000000000004 0 0.4 0 0 0 0 0 0 0 0 0 0 0 0 0 0 0 0 3.8000000000000003 0.4 0 7.800000000000001 3.2 2.6 0 0 0 0 0 7.2 4.800000000000001 0 0 0 3.6 0 0 0 0 0 0 0 0 0 0.4 0 0 0 0 0 0 0 0.2 0 0 0 0 0 0 0 0 0 0 0 0 0.2 0 0 0 0 0 0 0 0 0 0 0 0 0 0 0 0 0.2 0 0 2.4000000000000004 0 0 0 0 0 0 0 0 0 0 0 0 0 0 0.4 0 0 0.4 0 0 1 0 0 0 0 0 0 0 0 0 0 0 0 0 0 0 0 0 0 0 0 0 0 0 0 0 0 0 0 0 0 0 2.8000000000000003 0 0 0 0 0 0.4 
 29.6 24.6 4.6000000000000005 11 30 12.8 47.400000000000006 27.400000000000002 96.80000000000001 14.4 13.8 6.4 63.2 35.2 41.800000000000004 50 10.600000000000001 48.6 72.2 0 15.200000000000001 0 0 0 0.4 0.4 0.4 5 0.2 0 0 0.4 0.4 0.6000000000000001 0 0 0 0 0.6000000000000001 0 0 0.6000000000000001 0.6000000000000001 0 0 0.4 0.4 0.6000000000000001 0.6000000000000001 0 0 0 0 0 0 0 0 0 0.6000000000000001 0 0 0 0 0 0 0.4 0.4 0.4 0 0 0 0 0.4 0 10.200000000000001 0 0 0 0 0 4.800000000000001 1.8 0 3.6 0 0 2 1 2 2.2 6 5.2 10 0 2.4000000000000004 4.4 0 0 11.600000000000001 3 0 0 0 0 1.2000000000000002 0 0 0 0 0 0 0 0 0 2.8000000000000003 0 0.4 0 0 0 0.4 0 0 0 0 0 0 0.2 2.2 0 0 0 0 0 0 0 0 0 0 0 0 0 0 0 0 0 0 0 0 0 0 0 0 0 0 0 0 0 0 0 0.2 0.2 7.800000000000001 2.4000000000000004 0 0 2.8000000000000003 2 1.8 0 0 2 8.200000000000001 3 1 6.2 2.8000000000000003 0 3.6 0.4 0.2 0 0.2 0.4 0 2 0.4 0 0 0 0 0 0 0 0 1 0 0 0 0 0 0 0 0 0 0 0 0 0 0 0 0.4 0 0 0 0 0 0 0 0 0 0 0 0 0 0 0 0 0 0 0 0 0 0 0 0 0 0 0 0 0 0 0 0 0 0 0 0 8.4 0.4 0 0.8 0 0 0 0 0 0 0 0 0 0 0 0 0 0 0 0 0 0 0 0 0 0 0 0 0 0 0 0 0 0 0 0 0 0 0 0 0 0 
 0.4 0.4 0.6000000000000001 15.600000000000001 0.6000000000000001 0.4 0.6000000000000001 41.400000000000006 0.4 0.6000000000000001 15.4 0.4 1.2000000000000002 0.6000000000000001 1.2000000000000002 0.6000000000000001 0.8 0.6000000000000001 0.4 15.200000000000001 0 52 30.6 11 20.6 18.2 36.800000000000004 59.400000000000006 23.6 7.2 6.800000000000001 20.8 28.6 33 7 14.4 45.6 7.4 12.200000000000001 40.800000000000004 0 0 0.2 0 0.6000000000000001 0 0.8 0.6000000000000001 1.4000000000000001 0.2 0 0.6000000000000001 13 0.4 0.4 0 1 0 1.2000000000000002 0.4 0 0.8 0 0 0 0 8.200000000000001 0 0.8 1.2000000000000002 15 2 0 0 10.8 0 0.8 0.4 0.4 0 0 0 0 0 0 0 0 0 0 0 0 0 0 0 0 0 0 0 0 0 0.4 9.600000000000001 0.8 7.800000000000001 7.6000000000000005 0.2 0 0 7.2 2.4000000000000004 3.8000000000000003 3.8000000000000003 7 1.8 8.200000000000001 6.4 3.8000000000000003 2.6 1.2000000000000002 0.2 0 0 0 0 0 0 2.6 0 0 0 0 0 0 0 0 0 0 0 0 0.2 0 0 0 0 0.4 0 0 0 0 0 0 0 0 0 0.2 0.4 0 0 1.4000000000000001 0 0 0 0 0 0 6.2 0 0 0 0 0 0 0 0 0 0 0 0 0 0 12.4 1.8 0.2 2.4000000000000004 3 0.2 10.4 0 0 10 6 0.2 4.800000000000001 4 4.800000000000001 5.2 2.8000000000000003 0.2 8 4.2 0 0 0 0 0 0 2.2 0 0 0 0 0 0.4 0 0 0 0 0 3 0 0.4 0 0 0 0 0 0 0 0 0 0 0 0 0 0 0 0.2 0 0 0 0 0 1.8 0 0 0 0 0 0 0 0 0 0 0.2 1.2000000000000002 0 0 0.2 15.4 0 0.4 0.2 0 0 0 0 0 0 0 0 0 0 0 0 0 0 0 0 0 0 0 1.2000000000000002 0 0 0 0 0 0 0 0 
 0 0.4 0 0 0 0 0 0 0 0 0.2 0.2 0 0 0 0 0 0.4 0 0 52 0 71.4 33.2 8.4 37.800000000000004 21.8 44.400000000000006 11 12.200000000000001 9.200000000000001 5.4 29.400000000000002 8.6 7.6000000000000005 39.800000000000004 7.2 10.4 43.2 39.400000000000006 0 0 0 0 0.6000000000000001 0 0.2 0 0 0 0 0.6000000000000001 6.6000000000000005 4 0 0 0.6000000000000001 0 0 0 0 0.6000000000000001 0 0 0.2 0 0.4 0.4 0.2 0 0.6000000000000001 0 0 0.8 0 0 0 0.6000000000000001 1 10.8 0 0 0 0 0 8.200000000000001 0 0 3.8000000000000003 0 0 0 0 0 0 0 0 0 0 0 3 4 2.8000000000000003 0.2 2.6 0 3 2.2 0 1.6 2.8000000000000003 0 0.4 2.2 2.6 2.8000000000000003 4.800000000000001 0 1.4000000000000001 0 0 0 0 0 0 0 0 0 0 0 3.4000000000000004 0.4 0 0 0 2.4000000000000004 0 0 0 0 0 0 0 0 0 0 0 0 0 0 0 0.8 0 1.2000000000000002 8.6 0 0 0 0 0 0 0 0 0 0 3.4000000000000004 0 0 0 0 0 0 0 0 0 0 0 0 0 0 0 0 0 0 0 0 1.4000000000000001 3.8000000000000003 2.8000000000000003 11.4 8.4 0 3.4000000000000004 5 10 0 4.800000000000001 3.4000000000000004 3.4000000000000004 11.4 0 0 0 0 0 0 0 0 2.8000000000000003 0 0 0 0 0 0 0 0 0.2 0.4 0 0 0 0 0 0.6000000000000001 0 0 0 0 0 0 0.2 0 0 0 0 0 0 0 0 0 0 0 0 0 0 0 0 0 0 0 0 0 0 3 0 0 0 0 0 0 0 0 0 0 0 0 0 0 0 0 0 0 0 0 0 0 0 0 0 0 4 0 0 0 0 0 0 0 0 
 0 0 0 0 0 0 0 0.4 0 0 0 0 15.4 0 0 0 0.4 0 0 0 30.6 71.4 0 20.400000000000002 11.4 17 15.200000000000001 18.2 73.60000000000001 36.4 21.8 8 34.6 27.200000000000003 11.600000000000001 57.800000000000004 112.60000000000001 37.800000000000004 54.6 23.400000000000002 0 0 0 0 0.6000000000000001 0 0.2 0 0 0 0 0.6000000000000001 1.4000000000000001 20.8 0 0.6000000000000001 0.6000000000000001 0 0.2 12.600000000000001 0.2 0.6000000000000001 0 0 0 0 4.4 0 0 0.2 0.4 0.6000000000000001 0 0 0 0 0 0.6000000000000001 0.4 0 0 0 0 0 0 1.8 0 0 0 0 0 0 0 0 0 0 0 0 0 0 2.8000000000000003 0 7.800000000000001 2.6 2.6 0 0 0 0 3.6 4.800000000000001 6 3.8000000000000003 2 0 5 1.4000000000000001 2.8000000000000003 0 0 2 2.2 0 0 0 0 0 0 0 0 0 0 2.8000000000000003 0 0 0 0 0 0.8 5.2 0 0 0 0 0 0 0 0 0 0 0 0 0 0 0 0.2 1.6 0 0 0 0 0 0 0 0 3.4000000000000004 0 0 0 0 0 0 0 0 0 0 0 0 0 0 0 1.6 8.8 2 1.8 0 0 1 0 7.4 10.600000000000001 10.200000000000001 2.8000000000000003 0.8 0.2 0.8 0 4.4 2.8000000000000003 0 0 0 0 0 0 0 0 0 0 0 0 0 1.6 2.2 2.6 0 0 0 2.4000000000000004 6 0 0 0 0 0 0.2 0 0.6000000000000001 0 0 0 0 0 0 0 0 0 0 0 0 0 0 0.2 0 0 0 0 0 0 0 0 0 0 0 0.8 0 0.2 0 0 0 0.4 0 0 0 0 0 0 0 0 0 0 0 0 0 0 0 0 0 0 2 0 0 0 0 0 2.2 2 0 0 0 
 0 0 0 0 0 0 0 0 0 0 0.8 0 0.4 0 0.4 0 1.2000000000000002 0 0 0 11 33.2 20.400000000000002 0 38 34.2 66.60000000000001 62 45.2 75.8 45.400000000000006 8.8 17 30.200000000000003 30.8 12.4 23.6 36.800000000000004 14.600000000000001 61.800000000000004 0 0 0 0 0.6000000000000001 0 0.4 0 0 0 0 0.6000000000000001 15.4 0 0 0 0.6000000000000001 12.4 0 0.4 5.2 1.2000000000000002 0 0 0 0 0 0 0 0 0.6000000000000001 0 0 0 0 0 0 0.4 0.4 0 0 0 0 0 0 0 0 0 0.2 0 0 0 0 2 0 0 0 0 0 0 4.2 9.8 1.2000000000000002 5.800000000000001 6 2.8000000000000003 0 4.2 0 2.8000000000000003 4.2 1.8 0.2 8.4 3.6 7.800000000000001 3.4000000000000004 5.800000000000001 0 0 0 2.4000000000000004 0 0 0 0 2.4000000000000004 0 0 0 0 0 0 0.2 0 0 3.4000000000000004 0 0.6000000000000001 4.2 0 0 0 0 0 0 0 0 0 0 0 0 0 0 1.6 0 0 0 0.8 0 0 0 0 0 0 0 2.8000000000000003 0 0 0 0 0 0 0 0 0.8 0 0 0 0 2.4000000000000004 3.6 0.2 2.6 0 3.8000000000000003 6.800000000000001 0 1.2000000000000002 4.2 10.4 0.2 0 0 2.6 0 0 3.2 0.2 0.2 0 0 0 0 0 0 3.4000000000000004 0 0 0 0 0.4 0.2 0 0.2 0 0 0 0.4 2.2 0 0 0 0 0 0 0 0 0 0 0 0 0 0 0 0 0 0 0 0 0 0 0 0 0 0 0 0 0 0 0 0 0 0 0.6000000000000001 0.4 0 0.4 0 0.4 0.4 0.4 0 0 0 0 0 0 0 0 0 0 0 0 0 0 0 0 0 0 0 1.8 0 0 0 0 0 0 0 0 
 0.4 0 0 0 0.4 0 0 0 0 0 0.2 0 0.2 17.400000000000002 0.2 0.2 0 0 0.4 0.4 20.6 8.4 11.4 38 0 18.400000000000002 53.400000000000006 26.6 19.8 47.2 27.200000000000003 27 15.8 30.6 47.2 17.2 23.400000000000002 83.2 10.8 60.400000000000006 6.6000000000000005 0 0 0 1.2000000000000002 0.6000000000000001 0 0.2 0.4 0 0.6000000000000001 42.800000000000004 13 18.400000000000002 6.6000000000000005 0 0.6000000000000001 0.6000000000000001 12.8 0.6000000000000001 0.4 3.2 0 0.4 0 0.6000000000000001 0 0 0 0 0.6000000000000001 0.8 0 0 0 0 0 0.6000000000000001 0.4 0 0 0 0 0 0 0 0 0 0 0 0 0 0 0 0 0 0.4 0 0 0 0 2.2 0 1.6 2.6 2.2 0 1.8 0.6000000000000001 0 5 2.2 2 0 6.2 3 0 4.6000000000000005 2.2 0 3 0 0 0 0 0 6 0 0 0 0 0.8 2.6 0.2 4.800000000000001 0.2 0 0 0 2.2 0 0 0.4 2.2 0 0 0 0 0 0 0 0.2 0 0 0 0 0 0 0 0.8 0 0 0 0 1.8 0 0 0 0.4 0 0 0 0 0 0 0 0 0 0 0 0 2.2 2.2 2.2 3.6 2 6.6000000000000005 0 0.8 0 0 3.4000000000000004 0 0 0 2.6 0 2.8000000000000003 0.2 0 0 5.2 0.2 0 0 0 4.2 1.4000000000000001 0 0 0 0 3.8000000000000003 0 2.8000000000000003 3 16.2 0 4.6000000000000005 2.2 0 0 0 0 0 0 0 0 0 1.2000000000000002 0 0 0 0 0 0 0 0 0 0 0 0 0 0 0 0 0 0 0 0 0 0 0 0 65 0 0.4 2 0 0.6000000000000001 0 0.4 0 0 0 0 0 0 0 0 0 0 0 0 0 0 0 0 0 0 0 0 0 0 0 0 0.6000000000000001 0 0 0 
 0.2 0.2 0.4 1 0.4 0.4 0.6000000000000001 0.2 0.2 0.4 0.4 0.2 0.8 0.8 1 0.6000000000000001 0.2 0.4 0.4 0.4 18.2 37.800000000000004 17 34.2 18.400000000000002 0 8.8 35.800000000000004 12 23.200000000000003 59 16.400000000000002 10 12.200000000000001 8.6 41.6 40.800000000000004 36.6 10.4 69 12.8 3 0 14.8 0.6000000000000001 0.2 0.8 0 12.600000000000001 13.200000000000001 0 0.6000000000000001 26.6 0 5.4 0 0.6000000000000001 0 23.6 0.2 9.4 0.6000000000000001 0 0 0 0 0 0 0 0 0.6000000000000001 0 0 0 0 0 0 0.6000000000000001 0.4 0 0 0 1.2000000000000002 0 0 0 0 0 0 0 3.6 0 0 0 0 0 0 0 0 3.8000000000000003 0 0.2 4 7 1 0 0 0 0 3.2 9.600000000000001 0 0 0 0 5.800000000000001 5.6000000000000005 5.2 0 0 0.2 4.2 2.6 2.8000000000000003 3.6 0 4.4 0 0 0 2.6 0 2.6 0 4.4 0 0.6000000000000001 0 7.6000000000000005 10.8 0 0 0 0 0 0 0 0 0 0 0 0 0.4 0 0.6000000000000001 0 0 0 1.2000000000000002 0 0 1.2000000000000002 0.2 0.4 0 0 0 1.8 0 0 0 0 0.8 0 0 0 0 0 0 0 4.6000000000000005 12.600000000000001 0 0 2.6 6 4 0 0 0 4.2 4 0 0 2.8000000000000003 0 0 0.2 1 0 0 0 3.6 0 0 0 0 2.6 4.2 2.6 0 0 0.8 3 3.6 3 3.8000000000000003 1 0 2 0 0 0 0 0 0 0 0 0 0 0 0 0 0 0 0 0 0 0 0 0 0 0 0 0 0 0 0 0 0 0 0 0 0 3.6 0.8 0 15.200000000000001 0 0.2 1.8 0 0 0 0 3.4000000000000004 2.4000000000000004 0 0 0 0 0 0 0 0 0 0 0 0 2.6 0 3.4000000000000004 0 0 0 2.6 0 0 0 0 
 0.2 0.4 0.4 19.8 14.8 15.8 0.4 0.8 0.4 33.6 5.800000000000001 0.2 0 16 0.2 0.2 5.800000000000001 30.400000000000002 0.4 0.4 36.800000000000004 21.8 15.200000000000001 66.60000000000001 53.400000000000006 8.8 0 33.4 14.8 9.4 5 20 47 28.400000000000002 7.2 7 9.200000000000001 6.4 84.2 28 0 0 0.6000000000000001 0 0.6000000000000001 0 1 0 0 11.600000000000001 0 0.6000000000000001 0.4 0.4 0.8 0 1.2000000000000002 0.8 0 0.4 0 0.6000000000000001 0 0 0 0 0 0 0 0.6000000000000001 0.4 0 0 0 0 0 0 0.6000000000000001 0.4 0 0 0 0 2.2 0.2 2.6 0 0 0 3.6 5.6000000000000005 0 0 0 0 0 0 0 0 0 4.6000000000000005 2.2 4 0 6.2 0 0.4 0 9 0 0.2 0.2 1.2000000000000002 2.2 2.6 2.6 0 0.4 7.800000000000001 3 0 0 0 0 0 0 0 0 0 3.6 0 1.4000000000000001 0 0 0 0 0 0 0 0 0.8 0 0 0 0 0 0 0 0 0 0 0 0 1 0 0 0 0 0 0 0 0 2 0 6.4 1.2000000000000002 0 0 0 2.4000000000000004 1.4000000000000001 5.6000000000000005 0 0 0 0 0 3.6 0 0 8.200000000000001 3.2 0 3.8000000000000003 0.6000000000000001 0.4 0 10.200000000000001 0 3.8000000000000003 3.6 1.8 4 1.8 7 0.2 0 0 0.2 0 0 0 0 0 0 0 3.2 0 0 0 0 0.2 0 0 0 0 0 1 1.8 0 0.2 0 0 0 0 0 0 0 0 0 0 0 0 0 0 0 0.4 0 0 0 0 0 1 0 0 0 0 0 0 14.8 0 0 0 0.4 0.2 0.4 0 0.2 15.4 0 0 0.4 0 0 0 0 4.2 0 0 0 0 0 0 0 0 1.8 0.2 0 0 0 0 0 0 0 0 0 0 0 0 0 
 0 0 0 0 0 14.4 0 0 0 0 4.6000000000000005 4.4 0 0 1.2000000000000002 0.2 0 0 0 5 59.400000000000006 44.400000000000006 18.2 62 26.6 35.800000000000004 33.4 0 27.8 9.600000000000001 20.400000000000002 9.4 74.2 36.4 22.6 4.2 9.4 79.4 40.6 26.6 0 0 0 1.2000000000000002 1.4000000000000001 0 0.2 0 0 0 0 19.200000000000003 7.4 41 0 0 0.6000000000000001 0.8 0 0.4 10.200000000000001 0.6000000000000001 0 0 0 0 0 0 0 0 0.6000000000000001 0 0 0 10.200000000000001 0 0 0.4 0.4 0 0 0 0 0 1.2000000000000002 2.8000000000000003 0 0 0 0 4.6000000000000005 0 0 0 0 0 0 0 0 0 1.6 6.4 10.8 5 4.4 2.4000000000000004 2.8000000000000003 0.2 0 3.8000000000000003 4.800000000000001 4 3.4000000000000004 0 4.6000000000000005 7 5 0 0 0 0 0 0 0 0 0 0 0 0 0 0 0 0.6000000000000001 0 0 2.4000000000000004 0 0 0 0.4 0 0 0 0 0 0 0 0 0 0 0 0 0 0 0.8 0 0 0 0 0 0 0 0 0 2.4000000000000004 0 0 0 0 0 0 0 0 0 0 0 0 0 0 0 3.4000000000000004 5.2 2.4000000000000004 0 0.2 0.4 6.4 14.200000000000001 0.2 6.4 6.2 1.4000000000000001 7 4.6000000000000005 4.4 2.8000000000000003 3 0 1.8 2.4000000000000004 0 0 0 0 0 0 0 0 0 0 0 0 2.6 0 0 0 0 0 2.4000000000000004 0.2 0 0 0 0 1.6 0 0 1.8 0 0 0 0 0 0 0 0 0.4 0 0 0 0 0 0 0 0 0 15.8 0 0 14.8 0 0 0 0.4 2 0.4 0.4 0 0 0 0 0 2.2 0 0 0 0 0 0 0 0 0 0 0 0 0 0 0 0 1.4000000000000001 0 5.800000000000001 0 0 0 0 0 0 0 0 
 0.2 0.2 0.4 0.4 0.4 0.6000000000000001 0.6000000000000001 0.8 0.2 0.4 0.8 0.2 0.4 0.4 0.4 0.4 0.2 0.4 0.2 0.2 23.6 11 73.60000000000001 45.2 19.8 12 14.8 27.8 0 14.4 22.6 27 41.2 57 66.4 9.8 29 28.400000000000002 45.6 41.2 0 0 0 0 0.6000000000000001 0 0.2 0 0 0 0 0.6000000000000001 0.6000000000000001 0 0.8 0 2.6 0 0 0.4 10.200000000000001 3.4000000000000004 0 0 0 1.4000000000000001 1.2000000000000002 0 0 0 0.6000000000000001 0 0 0 0 0 0 0.6000000000000001 0.4 0 0 0 0 0 0.2 0 0 0 2.2 0 0 0 0 0 0 0 0 0 0 0 1.2000000000000002 3.6 5.4 4.4 6.800000000000001 3.6 0 5 2.4000000000000004 0 2.2 5 6.2 0 2.8000000000000003 3.8000000000000003 3 5.800000000000001 2.6 3.8000000000000003 0 0 0 0 0 0 0 0 0 0 0 0 1.4000000000000001 0 0 0 0 0 0 1.6 0 0 0 0 0 0 0 0 0 0 0 0 0 0 0 0 0 0 0 0 0.2 0 0 0 0 2.6 0 0 0 0 0 0 0 0 0 0 0 0 0 0 2.6 7.2 2.2 2 0 0 3.6 7.4 4 9.200000000000001 0.6000000000000001 1.8 3 0.2 0 6.6000000000000005 0 7.6000000000000005 6.2 5 0 0 0 0 0 0 0 0 0 0 0 0 0 0 0.2 0 0 0 7.2 0 0 0 0 0 0 0 0 0 0 0 0 0 0 0 0 0 0 0 0 0 0 0 0 0 0 0 0 0 0 0 0 0 0 0 4.2 0.2 0 0 15.4 0 0.4 0 0 0 0 0 0 0 0 0 0 0 0 0 0 0 0 4 0 0 0 1.4000000000000001 0 0 0 0 1.8 0 0 0 
 0.6000000000000001 0.6000000000000001 0.6000000000000001 0.8 0.2 0.6000000000000001 1.6 1 0.4 0.2 0.6000000000000001 0.4 0.6000000000000001 0.2 0.4 0.2 0.6000000000000001 0.8 0.6000000000000001 0 7.2 12.200000000000001 36.4 75.8 47.2 23.200000000000003 9.4 9.600000000000001 14.4 0 17.6 61.400000000000006 10.600000000000001 14.4 35.800000000000004 47.800000000000004 33.4 38.800000000000004 14.600000000000001 32.6 0 0.4 0.6000000000000001 0 0.8 0.6000000000000001 0.2 0.6000000000000001 30 0 0 0.8 18 11.200000000000001 0 0.6000000000000001 0.6000000000000001 0 0 13.200000000000001 9.600000000000001 0.6000000000000001 0 0 0 0.6000000000000001 11.4 0 0 0 0.6000000000000001 0.2 0.6000000000000001 0.2 0 0 0 0.4 0.4 0 0 0 0 0 0 1.8 0 0 0 0 0 0 0 0 0.4 0 0 0 0 0 2.4000000000000004 0 0 2.8000000000000003 2.2 2.2 0 0 4 0 2.8000000000000003 3.6 0 4.4 0 2.4000000000000004 1.4000000000000001 6.2 0 0 4 5.2 0 0 0 0 3.2 1.6 0.4 0 0 0 9.4 1.8 3 0 0 0 0 2.2 0 0 0 0 0 0 0 0.2 0 0 0 0 0 0 0 1.8 0 0 0 1.6 0 0 0 0 0 0 0 0 0 0 1 0 0 0 0 0 0 0 0 0 0 1.6 5.6000000000000005 4.800000000000001 2 0 0 2.2 2 2.4000000000000004 2.6 2.8000000000000003 0 2.4000000000000004 3.6 0.4 0 1.8 0 0 3.4000000000000004 2 0.2 0 0 0 4.4 0 0 0 0 0 6.4 1.2000000000000002 3.4000000000000004 0.2 0 0 3.4000000000000004 3.6 0 0 0 0 0 0 0 0 0 0 0.4 0 0 0 0 0 0 0 0 0 0 0 0 0 0 0.2 0 0 0 0 0 0 0 0 1.8 0 0 14.600000000000001 0 0.2 0.4 0 0 0 0 0 0 0 0 0 0 0 0 0 0 0 0 0 0 0 0 0 0 0 0 1.8 0 0 0 0 
 0 0.4 0.4 0 0 0 0 41 0 15.200000000000001 0.4 0 0.2 0 0 0 37.4 0 0 0 6.800000000000001 9.200000000000001 21.8 45.400000000000006 27.200000000000003 59 5 20.400000000000002 22.6 17.6 0 27.6 10.4 24.8 21.8 19.200000000000003 46.2 59 7 30.8 0.2 0 0 0 0.6000000000000001 0.2 12.600000000000001 0 0 0 0 0.6000000000000001 2 10.600000000000001 0 0 0.6000000000000001 0.2 3.6 0.6000000000000001 6.2 0.6000000000000001 0 0 0 0 0 0 0 0 0.6000000000000001 0 0 0 0 0 0.6000000000000001 0.6000000000000001 10.600000000000001 0 0 0 0 0 0 0 0 0 0 0 0 0 0 0.4 0 0 0 0 0.2 0 4.2 0 0.4 2.6 2.6 3 0 4 2 0 2.6 4 0 0 0 3 7.6000000000000005 1.4000000000000001 0 0 3.6 4.2 0 0 0 0 6.2 0 0 0 0 6.2 3.4000000000000004 0 4.2 0 2 0 0.2 3.2 0 0 0 0 0 0 0 0 0.4 0.2 0 0 0 0 0 0.2 0 0 0 0 0 0 0 0 0.2 1.4000000000000001 0 0 0 0 4 0 0 0 0 0 0 0 0 0 0 5 2 2.6 1.4000000000000001 3.6 0 0.2 0.2 0 3.2 4.4 0.4 0 0 3.6 0 0 0 0 0 0 0.2 0 0 0 0.2 0 0 0 0 0 2.4000000000000004 2.4000000000000004 4.4 0 0.6000000000000001 2 17.2 6 0 0 0 0 0 0 0 0 0 0 0 0 0 0 0 0 0 0 0 0 0 0 0.2 0 0 0 0 0 0 0 0 0 0 0 3.8000000000000003 0.2 0 0.2 0 0.2 0 0 0 0 0 0 1.6 0 0 0 0 0 0 0 0 0 0 0 0 0 0 0 0 0 0 0 0 0 0 0 
 0 0 0 0 0 0.2 0 0 0 0 21.200000000000003 0 0.2 0 1.6 0 0 0 0.2 0.4 20.8 5.4 8 8.8 27 16.400000000000002 20 9.4 27 61.400000000000006 27.6 0 8.6 6 7.4 21.200000000000003 17.2 12.200000000000001 7 6.2 6 4.6000000000000005 0.2 0 0.6000000000000001 0 5.2 0 12.8 12.600000000000001 0 0 12.8 0 3 0 2 0 14 24.8 0.2 0 1 0 0 0.6000000000000001 0 0.6000000000000001 0 0 8.4 0.4 0 0 0 0 6.800000000000001 0 0 0 0 0 0.4 0 0 0 0 0.4 0 0 0 0 0 0 0 0.2 0 0 0 0 0 2.6 0 3 9 4.2 0 0 2.8000000000000003 0.2 7.4 3 0 0 0 0 0.2 0 0 2.6 6.4 0 0 3.2 0 0 2.8000000000000003 7.2 4.2 0 0 0 3.6 1.8 5.4 0 0 0 0.2 0 0 0 0 0 0 0 0 0 0 0 0 0 0.2 0 0 1.2000000000000002 0 0 0 1.4000000000000001 0 0 0.4 0 1 0 0 0 0 0 0 0 0 0 0 0 0 0 0 0 1.6 0 3.8000000000000003 7.800000000000001 7.6000000000000005 0 0 0 2.2 0.4 0 4.2 4.2 2.4000000000000004 0 0 2.2 0.4 0 0 8.4 8 7 0 0 0 4.2 0 0 0 0 0 6.4 5.6000000000000005 2.4000000000000004 4.2 3 0 5.2 4.2 0 0 0 0 0 0 0 1.4000000000000001 0 0 0 0 0 3.4000000000000004 0 3.8000000000000003 0 0 0 0 0 0 2.6 0 0 0.4 0 0 0 0 0 0 0.4 0 1.4000000000000001 0 0 30 12.8 0.6000000000000001 4 0.4 0 0 0 0.4 4.2 0 0 0 0 0 0 0 0 0 0 0 0 0 0 0 0 3.2 0 2 0 0 0 0 
