 0 93.80000000000001 35.800000000000004 11.200000000000001 53.6 11 52.2 57.6 11.8 86.80000000000001 8.8 7.800000000000001 26.8 96.2 56.400000000000006 62.400000000000006 7.800000000000001 64.2 27.6 35.4 0.4 0.4 1 1.4000000000000001 0 0.4 0.6000000000000001 0 0 0 0 0.6000000000000001 0 0.6000000000000001 0.2 0 0 0 0 0 0.6000000000000001 1.2000000000000002 5.800000000000001 0.4 0 1 0 0.6000000000000001 0.6000000000000001 0 5.800000000000001 0 0 0 0 0 0.6000000000000001 0 0.6000000000000001 0 0.6000000000000001 0.6000000000000001 0 0 1 0 0 0 0 0 0 0.6000000000000001 0 0.6000000000000001 0 0.6000000000000001 0 0.6000000000000001 0 0 4.2 1.8 5.2 1.4000000000000001 4.2 0 8 0 3.2 1.6 5 0 0 1.6 0 0.2 2.8000000000000003 2.2 3.4000000000000004 2 0 0 0 0 0.2 0 0 0 0 0 0 0 0 0 8.4 0 0 0 0.2 0 0 0 0 0 0 0 0 0 0 0.2 0 0 0 0 0 0.2 0 0 0 0 0 0.4 0 0 0.4 0 0 0 0 0.4 0 1.8 0 0 0 0 0 0 0 0 9.8 3.8000000000000003 0.6000000000000001 5.800000000000001 2.2 0 2.4000000000000004 6.800000000000001 2.8000000000000003 0 1.4000000000000001 5.6000000000000005 0 5.4 5.800000000000001 4.4 7.800000000000001 0 0.2 9.600000000000001 0 0 0 0 0.2 0 0 0 0 0 0 0 0 0 0 0 0 0 0 0 0 0 0 0 0 0 0 4.4 0 3.6 0 0 0 0 0 0 0 0 0 0 0 0 0 0 0 0 0.2 0 0 0 0 0 0 0 0.4 0 0 0 0 0 0 0 0 0 0.4 0.4 17.8 0.4 0.6000000000000001 0.4 0 1 0 0 0 0 0 0 0 0 0 0 0 0 0 0 0.4 0 0 0 0 0 0 0.2 0 0 0 0 0 0 0 0 0 0 0 0 0 0 0 0 
 93.80000000000001 0 62.400000000000006 14 22.8 3.6 98.60000000000001 62.6 13 133 67 5.6000000000000005 87.2 16.2 34.6 26.8 31.200000000000003 29.6 71 36.2 0.2 0.6000000000000001 1 1 0 0.8 0.4 0 0 0.4 0.4 0.8 0.4 0.6000000000000001 0 0 0 0 0 0 0.6000000000000001 1.2000000000000002 13.600000000000001 0.4 0 1.8 0 0.6000000000000001 0.6000000000000001 0 0 0.4 0 0 0 0 0 0 0.6000000000000001 0 0 0.6000000000000001 0 0 1 0 0 0 0.4 0.4 0 0.4 0 11.200000000000001 0 0.6000000000000001 0 0.4 0 0 18 4.4 13.200000000000001 9.200000000000001 3.4000000000000004 2.4000000000000004 6.6000000000000005 2 9.8 0 5.6000000000000005 2.2 3.2 7 7.4 3.4000000000000004 3.8000000000000003 4.6000000000000005 17.400000000000002 4.2 0 0 0 0 0 0 0 0 0 0 0 0 0 1.8 0 0 0 0 0 1.8 0 0 0 0 0.2 0 0 0 0.4 0 0 0 0.2 0 0 0 0 0 0 0 0 0.4 0 0 0.4 0 0 0 0 0.6000000000000001 0 3.4000000000000004 0 0 0 0.4 0 0 0 0 5.4 9 4.800000000000001 13.4 0 0 6 2 3.4000000000000004 1.6 0.2 3 4.4 8.200000000000001 5.2 0 2.8000000000000003 0 0 2.8000000000000003 0 0 0 0 0 0 0 0 0 0 3 0 0 0.2 0 0 0 0 0 7.6000000000000005 0 0 0 1.8 0 5.4 0 0 0 0 0 0 0 0 0 0 0 0 0 0 0 0 3 0 0 0 0.2 0 0 0 0 0 0 0 0.4 0 0 0 0 0 0 4.2 0 0 0.4 0.2 0 0 0 0.4 0 1.8 0 0 0.4 0 0 0 0 0 0 0 0 0 0 0 0 0 0 0 0 0 0 0 0 3.8000000000000003 4.2 0 0 0 0 0 0 0 0 0 0 0 0 0 
 35.800000000000004 62.400000000000006 0 32.6 46 6.4 127 32 56.400000000000006 66.8 4.2 40.2 79.80000000000001 12 49.2 32 21.400000000000002 62 12.8 8.4 0.8 0.6000000000000001 0.6000000000000001 0.4 0 0.6000000000000001 0.2 0 0 1.4000000000000001 0.4 0 36.6 0 0.2 0 0.6000000000000001 0 0.4 0.6000000000000001 1.2000000000000002 1.8 0 0.4 0 0.6000000000000001 2.4000000000000004 0.6000000000000001 0.8 0.6000000000000001 0 0 0 0 0 0 0 0 0.6000000000000001 0 0 1.8 0.4 0 1.4000000000000001 0 0 0 1.2000000000000002 0 0.6000000000000001 0.6000000000000001 0 0 0.6000000000000001 1.8 0.4 0.4 0 0.2 3.6 4 2.2 0.8 0.2 2 0.2 2.6 3 3.8000000000000003 5.800000000000001 0 0 3.2 0 0 0 0 2.8000000000000003 1.2000000000000002 2 0 0 0 0 0 0 0 0.2 0 0 0 1.4000000000000001 0.2 3 0 0 0 3 0.2 0 0 0 0 0 0 0 0 0 0 0 0 0 0 0 0 0 0 0 0 0 0 1.4000000000000001 0 0 0 0 0 0 0 0 0 0 0 0 0 0 0 0 0 0 0 8 3.8000000000000003 3.8000000000000003 10 0 3 0 5.800000000000001 6.800000000000001 0 0 4.2 2.8000000000000003 0 0 3 0 8 2 0 0.2 0 0 0 0.8 2 0 0 0 0 0 0 2.2 0 0 0 3.4000000000000004 7.2 0 0 0 0 0 0 0.4 0 0 0 0 0 0.2 0 0 0 0 0 0 0 0 0 0 0 0 0 0 0 0 0 0 0.2 0.4 0 0 2.4000000000000004 0 3 0 0 0 1.4000000000000001 0 0 0 0 9.600000000000001 0 0 18.2 0 0 0 0 0.2 0 0 0 0 0.2 0.4 0 0.6000000000000001 0 0 0 0 0 0 0 0 0 0 0 0 0 6 2 0 0 0 0 0 0 0 0 0 0 0 0.4 
 11.200000000000001 14 32.6 0 21.8 10.8 22 22 12 35.800000000000004 46 49.2 15.8 10.8 97 46.6 9.8 28.200000000000003 15.200000000000001 9.200000000000001 8 0.4 0.4 0.8 0 0.8 15 0 0 0 0 0.2 16.6 0 0.4 0 0.4 0 14.8 18.8 0 0.6000000000000001 0.8 0.4 0 0.6000000000000001 0 0.6000000000000001 0.8 0 0 0 0 0.8 0 0 0 0 0.6000000000000001 0 0 0.6000000000000001 0 0.4 0.6000000000000001 0 0 10.4 1 0 0 0.6000000000000001 0 0 0 0.6000000000000001 0 0.4 0 0 0 0 4.4 2.6 5.2 3.8000000000000003 0 0.2 0 2.2 0.2 4.800000000000001 0 0 3 3.8000000000000003 1.2000000000000002 2.4000000000000004 0 0 0 4.2 0 0 0 0 12 0 1.8 2 0 0 7.2 2.2 0 0 0 0 6.2 4.4 0 0 0 0 0 0 0 0 0 0 0 0 0 0 0 0 0 0 0 0 0 1 0 0 0 0 0 0 0 0 0 0 0 0 0 0.6000000000000001 0 0 0.6000000000000001 0 0 0.4 0 0 4.4 7.6000000000000005 0 4.2 0 4.2 2.2 2.2 0 0 3 0 0 3.2 0 0 0 1.8 2 0 0 2.2 2.4000000000000004 3.2 0 0 0 0 3.4000000000000004 5 0 0 0 0 1.6 5.800000000000001 0 0 0 0 0 0 0 0 0 0 0 0 0 0 0 0 0 0 0 0 0 0 0 0 0 0 0 0 0 0 0 0 0 0 0 0 0 1.4000000000000001 0 0 0 0 0 0 0 0.2 0.2 0.4 17.400000000000002 0.4 2.2 1.8 0 0 0 0 0 0 0 0 0 0 1.8 0 0 0 0 0 0 0 0 0 0 0 0 0 0 3 0 0 0 0 0 0 0 0 0 0 0 0 
 53.6 22.8 46 21.8 0 35.2 10 54.2 50.2 81.80000000000001 39 8.4 22.200000000000003 91.60000000000001 34.4 32.4 44.400000000000006 86.2 12 32.6 0.4 0.2 0.4 0.8 0 0.4 0 0 0 0 0 0 15 0 0 0 0 0 0.2 0 0 0.6000000000000001 5.4 0.4 0 0.6000000000000001 0 0.6000000000000001 1 0 0.2 0 0 0 0 0 0 0 0.6000000000000001 0 0 0.4 0 0 0.6000000000000001 0 0 0 0 0 0 0.6000000000000001 0 0 0 0.6000000000000001 0 0.4 0 0 0.2 3.4000000000000004 2 0 2.8000000000000003 2.8000000000000003 1.8 3.6 1 2.2 2.8000000000000003 0.2 0 0 3.6 0 0 5 0 0.4 2 0 0 0 0 0 2.8000000000000003 0 0 0 0 0 0.2 0 0.2 0 0 0 4 0 0 0 0 0 0 0 0 0 0 0 0 0 0 0 0 0 0 0 0 0 0 0.2 0.2 0 0 0 0 0 0 0 0 2.8000000000000003 0 0 0 0 0 0 0 0 2.8000000000000003 4.2 2.6 5.6000000000000005 4.6000000000000005 2.6 0 5.800000000000001 2.6 2.8000000000000003 3.8000000000000003 1.4000000000000001 2.6 1.4000000000000001 2 0 0.6000000000000001 7 0 1.2000000000000002 1.4000000000000001 0 0 0 0 0 0 0 0 0 1.4000000000000001 0 0.4 3 4 0 0 0 4.2 8.4 0 0 0 0 0 0 0 0 0 0 0 0 0 0 0 0 0 0 0 0 0 0 0 0 0 0 0 0 0 0 0 0 0 0 0 0 0 0 0 0 0 0 0 0 0 1.4000000000000001 1.4000000000000001 0 0.8 1.4000000000000001 0 1 2 0 0 0 0 0 0 0 0 0 0 0 0 0 0 0 0 0 0 0 0 0 0 3.6 0 0 0 0 0 0 0 0 0 0 0 0 0 0 
 11 3.6 6.4 10.8 35.2 0 6.6000000000000005 43.400000000000006 25.200000000000003 50.400000000000006 37.6 28.200000000000003 6.4 7.6000000000000005 12.200000000000001 67.8 16.400000000000002 26 12 12.600000000000001 0.2 0 0 0.4 0 0.4 30 15.600000000000001 0.4 0.2 0 0.4 0 0 31 0 7.800000000000001 0 16.400000000000002 14.600000000000001 0 0.6000000000000001 0 0.4 0 0.6000000000000001 0 0.6000000000000001 0.6000000000000001 0 13 0 0 0 0 0 0 0 0.6000000000000001 0 0 0.6000000000000001 0.4 0.6000000000000001 0.6000000000000001 0 0 0 0 0 0.4 0.6000000000000001 0 0 0 0.6000000000000001 0 0.4 0 0 0 0 0 1.8 3 3.8000000000000003 0 0 0 4 0.2 5.2 0 0 0 0 0 2.4000000000000004 0 0 2.8000000000000003 5.800000000000001 0 0 0 0 8.4 7.2 0 0 2.2 0 0.2 8.4 2.4000000000000004 0 0 9.4 1.2000000000000002 9.4 0.2 0 0 0 0 0 0 0 0 0 0 0 0 0 0 0 0 0 0 0.2 0 0.2 0.4 0 0 0 0 0 0.4 0 1 0 0 0 0 0.2 0 0 0.2 0.2 0 0 0 0 0 0 0 0 2.4000000000000004 0 0 2.4000000000000004 0 0 0 0 0 6.800000000000001 0 0 5.6000000000000005 3.2 2.2 0 0 0 6.6000000000000005 0.2 4.2 0 0.4 0 2 7.6000000000000005 0 4 0 2.8000000000000003 2 9.600000000000001 0 0 0.4 0 0 0 0 0 0 0 0 0.4 0 0.4 0 0 0 0 0 0 0 0 0 0 0 0 0 0 0.4 0 0 0 0 0 0 0 0 0 0 0.4 0 0 2.4000000000000004 0 0 0.8 0 0.2 17.8 19 2.6 8.4 2.2 0 2.8000000000000003 0 0 0 0 0 0 0 0 0 0 0 0.4 0 0 0 0 0 0 0 0 0 1.6 0.2 0 0 0 2 0 0 0 0 0 0 0 0 
 52.2 98.60000000000001 127 22 10 6.6000000000000005 0 57.400000000000006 9.4 8.4 25.200000000000003 9 116.2 100 25 9.8 10.200000000000001 25.8 61.800000000000004 55.800000000000004 0.4 0 0 1 0.2 0.6000000000000001 0 0.2 0 0 0 0.4 0 0 0 0 2 0 0 0 0 0.6000000000000001 0 1 0 0.6000000000000001 0.8 0.6000000000000001 0.6000000000000001 0.6000000000000001 0.6000000000000001 0 0.2 0 0 0.4 0.4 0 0.6000000000000001 0 0 0.6000000000000001 0.6000000000000001 0.6000000000000001 0.6000000000000001 0 0 0 0.6000000000000001 0.4 0 0.6000000000000001 0 0 0.4 0.6000000000000001 0.2 0.4 0 0 2.2 4.800000000000001 0 7 0 3.8000000000000003 4 2.6 6.4 3 3.2 1 3.8000000000000003 3.8000000000000003 0 0 5.4 3.6 3 5.800000000000001 0 0 0 0 0.2 0 0 0 0 0 0 0 0 0 0 0 0 0 0 0 0 0 0 0 0 0 0 0 0 0.2 0 0 0 0 0 0.2 0 0 0 0 0 0 0 0 0 0 0 0 0 1.2000000000000002 0 0 0 0 0 0.2 0 0 0 0 1.6 3.6 1.8 0 0.2 0 2.2 0 2.8000000000000003 3.2 2.6 0 2.2 6.6000000000000005 0 3.8000000000000003 3.6 0 3.8000000000000003 3 0.2 0 0 0 0.2 0 0 0 0 0 0.4 0 0 0 0 0 0 0 0 0 0 0 0 0 0 0 0 0 0 0 0 0 2.2 0 0 0 0 0 0 0 0 0 0 0 0 0 0.2 0 0 3.4000000000000004 0 0 0 0 0.4 0 0 0 0 0 0 5.800000000000001 0 0 0.4 0.4 0.4 0.4 0 0.6000000000000001 0 2.8000000000000003 0 0 0 0 0 0 0 0 0 0 0 0 0 0 0 0 0 0 0 0 0 0.4 0 3.4000000000000004 2.8000000000000003 0 0 0 0 0 0 0 0 0 0 0 0 0 
 57.6 62.6 32 22 54.2 43.400000000000006 57.400000000000006 0 61.800000000000004 29.8 17.400000000000002 32.4 41 24.8 13.600000000000001 7.800000000000001 10.8 26.200000000000003 14 22.8 0.4 0 0.6000000000000001 0.6000000000000001 0 0.6000000000000001 0 0 14.8 0 0.4 0 0 0 0.4 0 0 0.2 0 0 0 0.6000000000000001 12.8 0.4 0 0.6000000000000001 0 0.6000000000000001 0.8 0 0 0 0.6000000000000001 0 0 0 0 0 0.6000000000000001 0 0.8 0.6000000000000001 0 0 0.6000000000000001 0.6000000000000001 0 0 1 0 0 0.6000000000000001 10.200000000000001 0 0 0.6000000000000001 0 0.4 0 10.4 5.4 0.2 3.8000000000000003 7.4 0 3.8000000000000003 1.4000000000000001 0 7.2 4.4 8.6 2 0.8 4 0 0.2 4.800000000000001 2.8000000000000003 3.6 0.2 0.2 0 0 0 0 0 0 0 0 0 0 0 2.2 0 0 0.2 0 0 0 0 0 0 0 0.2 0 0 0.2 2 0 0 0 0 0 0 0 0 0 0 0.2 2.4000000000000004 0 0.4 0 0 0 0 0 0.4 0 0 0 2.2 0 0 0 0 0 0 0 0 2 4.6000000000000005 4.4 2.4000000000000004 2 4.2 0 10.600000000000001 1.6 5.4 6 3.2 0 3 5.4 0.4 0.2 2.4000000000000004 0 0.8 0 0 0 0 0 0 0 0 0 0 0 0 0 0 0 0 0 0 0 0 0 0 0 0 0 0 0 0 0 0 0 8.8 0 1.8 0 0 0 0 0.2 0 0 0 0 2.4000000000000004 0 0 0 0 0 0 0 0 0 0 0 0 0 0.4 0 0 0 0 0 0 0 0.2 17.8 0.2 0 0.2 0.4 1.4000000000000001 0.4 0 0 0 0 0 0 0 0 0 0.4 0 0 0 0 0 0 0 0 0 0 0 0 0.6000000000000001 3 0 0 0 0 0 0 0 0 0 0 0 0 0 
 11.8 13 56.400000000000006 12 50.2 25.200000000000003 9.4 61.800000000000004 0 36.4 59.400000000000006 9.600000000000001 61 51.400000000000006 39.2 43.2 58.800000000000004 32.2 35.6 11.600000000000001 0.4 0 0.4 0.6000000000000001 0 0.6000000000000001 0.2 0 15.600000000000001 0 0 0 1.8 0 0 0 0 0.2 10.200000000000001 0 0 0.6000000000000001 0.4 0.4 0 0.6000000000000001 0 0.6000000000000001 1 0 0 0 0 0 0 0 0 15 0.6000000000000001 12.600000000000001 0 0.6000000000000001 0 0 0.6000000000000001 0 0 0 0 0 0 0.6000000000000001 0 0 0 0.6000000000000001 0 0.4 0 10.4 0 4.800000000000001 0 0 6.2 2.8000000000000003 0 1.4000000000000001 0.4 12.600000000000001 0.4 2.8000000000000003 0 0 5.800000000000001 4 0 2.8000000000000003 11.200000000000001 0.2 5.2 0 0 0 0 0 3.6 0 0 0 0 0 0.4 2.4000000000000004 0.2 0 0 0 5.6000000000000005 0 0 0 0 0 0 0 0 0 0 0 0 0 0 0 0 0 0 0 1.4000000000000001 0.4 0 0 0 0 0 0 0 0 0.2 0 0 0 0 0 0 0 0 0 0 0.2 0 2.6 3.2 11.8 2.2 3.8000000000000003 0 3.8000000000000003 4.2 2 6 0 0 1.8 0 2.2 0 5.6000000000000005 0 0 3.2 0 0.2 0 0 0 1.2000000000000002 0 0 0 0 0 2 3 1 0 0 0 3.8000000000000003 4 0 0 0.2 0 0 0 0 0 0 0 0 0 0 0.2 0.4 0 0 0 0 0 0 0 0 1.4000000000000001 0 0 0 0 0.2 0 0 0 0 0 0 0 0 0 0 0.2 0 0 1.8 0 0 0 0.4 0 0.2 22.400000000000002 0.4 1.4000000000000001 2 0 0 0 0 0 0 0 0 0 0 0 0 0 0.2 0 0 0 0 0 0 0 0 2.2 0 0 0 0 0 0 0 0 0 0 0 0 0 0 
 86.80000000000001 133 66.8 35.800000000000004 81.80000000000001 50.400000000000006 8.4 29.8 36.4 0 38.6 27.200000000000003 32 17.8 43.800000000000004 36.6 9.200000000000001 57.800000000000004 18.6 62.6 15 14 0.4 0.4 0 0.4 0 0 0 0 0 0 14.600000000000001 0 0.2 0 0 0 0 14.8 0 0.6000000000000001 12.600000000000001 8 0 0.6000000000000001 0 0.6000000000000001 0.6000000000000001 0 0 0 0 0 0 0 0 0 0.6000000000000001 0 0 0.6000000000000001 0 0 0.6000000000000001 0 0 0 0 0 0 0.6000000000000001 0 1 0 0.6000000000000001 0 0.4 0 0 6.2 10 1.4000000000000001 2.8000000000000003 3.4000000000000004 0 1.4000000000000001 4.4 2.6 0 7.2 0 5.4 2 6.4 9 3.2 5 2.2 0 0.2 0 0 0 0 0 1.8 0 0 4.4 0 0 2.2 0.4 2 0 0 0 5.800000000000001 0 0.2 0 0 0 0 0 0 0 0 0 0.4 0 0 0 0 0 0 0 0 0 0.4 0.4 1.2000000000000002 0 0.2 0.4 0 0 0 0 0 1.4000000000000001 0 0 0 4.800000000000001 0 0 5.800000000000001 0 1.8 1.4000000000000001 6 3.2 8.6 0 2.6 2 2.2 0.4 0.4 4.2 3 4.800000000000001 2.6 2 2 0.2 0 2.8000000000000003 0.4 0 0 0 2 0 3 0.4 0 0 0 0 0.2 0 0.2 0 2 0.4 0 2.8000000000000003 0 0 0 0 0 0 0 0 0 0 0.2 0 0 0 0 0 0 0 0 0 3.2 0 0 0 0 0 0 0 0 0 0 0 0 0 0 0 0 0 0 0 0 0 0 0 0 0 18.400000000000002 0 0.6000000000000001 1.2000000000000002 0.4 0.8 0 0 0 0 0 0 0 0 0 0 0 0 0 0 0 0 0 0 0 0 0 0 0 5.6000000000000005 2.8000000000000003 1 0 0 0 0 0 0 0 0 0 0 0 0 
 8.8 67 4.2 46 39 37.6 25.200000000000003 17.400000000000002 59.400000000000006 38.6 0 27 18.400000000000002 17.6 17.8 32.800000000000004 46.6 11.8 7.4 9.4 0.2 0.2 0.4 0.6000000000000001 0.2 0.6000000000000001 16.2 14.8 0 0 0 0 0.2 0 15.200000000000001 0 0 0 8.6 16.6 0 0.6000000000000001 1 1 0 0.6000000000000001 0 0.6000000000000001 0.6000000000000001 0 0 0 0 0 0 0 0.4 0 0.6000000000000001 0 0 0.6000000000000001 0 0 1.2000000000000002 0 0 0 0 0 0 0.6000000000000001 0 0.6000000000000001 0 0.6000000000000001 0 0.4 0 0 3.8000000000000003 2 3 6.2 2.4000000000000004 8.8 0 5.6000000000000005 0.2 4.2 1.2000000000000002 1.8 3.6 3.8000000000000003 5.6000000000000005 5.2 5.800000000000001 2.6 0 0 0 0 0 0 0 0 6.6000000000000005 0 10 0 0 0 1.8 5.800000000000001 0 0 0 0 2.2 2.6 2 0 0 0 0 0 0 0 0 0 0 0 0 0 0 0 0 0 0 0 0 0.4 0 0 0 0 0 0 0 0.2 0 0 0 0 0 0 0 0 2 0 0 0 6.4 1 0 4.2 1.8 0 1.6 5 0 0.2 0 0 0 2.6 0 3.8000000000000003 0 0 0.2 2.6 0 0 0 2.8000000000000003 2.6 0 0.2 0 0 0 7 0 0 0 0 0 2 5.800000000000001 0 0 0 0 0 0 0.2 0 0 0 0 0 0 0 0 0 0 0 0 0 0 0 0 0 0 0 0 0 0 3.8000000000000003 0 0.4 0 0 0 0 0 0 0 0 0 0 0 0 0 0 0 0.6000000000000001 0 0 0 3.4000000000000004 0 0 0 0 0 0.2 0 0 0 0 3.8000000000000003 0 0 12.8 0 0 0 0 0 0 0 0 0 9.4 1.6 0 0 0 0 0 0 0 0 0 0 0 0 0 
 7.800000000000001 5.6000000000000005 40.2 49.2 8.4 28.200000000000003 9 32.4 9.600000000000001 27.200000000000003 27 0 4 25.200000000000003 8.6 9.4 50.2 48.800000000000004 8.8 7.2 7.6000000000000005 0 0 0.4 0 0.4 0.2 0 0 0 0.2 0 6.2 0 0.2 0 0 0 0 3.6 0 0.6000000000000001 0.6000000000000001 0.4 0 1 0 0.6000000000000001 1 0 0 0 0 0 0 0 0 0 0.6000000000000001 0 0 0.4 0 0 0.6000000000000001 0 0 0 9.8 0 0 0.6000000000000001 0 0 0 0.6000000000000001 0 0.4 0 0 0 0 2 2 8.4 6.6000000000000005 0 0 0 2.2 0 0 0 0 2.2 4.800000000000001 2 3 0 0 0 3.2 0 0 0 0 2.2 0 2 9 0 0 11.8 2.6 0 2.2 0 0 2.2 0.2 0 0 0 0.2 0 0.4 0.4 0 0 0 0 0 0 0 0 0 0 0 0.4 0 0 0 1.6 0 0 0 0 0.2 0 0 0 0 0 0 0 1 0 0 0.6000000000000001 0 0 11.8 0 7 5.6000000000000005 6.2 0 4 1.4000000000000001 2.6 10.8 0 0 0 6.6000000000000005 2.2 0 2.6 0 0 5.4 0 2 0 0 3 4 2.2 1 0 0 0 6.4 0 0 0 0 0 10.600000000000001 4 0 0 0 0 0 0 0 0 0 0 0 0 0 0 0 0 0 0 0.2 0 0 0 0 0 0 0 0 0 0 0 0 0 1.6 0 0 0 0 0.2 0 0 0 0 0 0 0 0.8 0.2 0 0.8 0 0 0.4 0 0 0 0 0 0 0 0 0 0 0 0 0 0 0 0 0 0 0 0 0 0 0 0 2 2.4000000000000004 0 0 0 0 0 0 0 0 0 0 0 0 
 26.8 87.2 79.80000000000001 15.8 22.200000000000003 6.4 116.2 41 61 32 18.400000000000002 4 0 25.6 7 8 26.200000000000003 4.4 35.800000000000004 47 0.2 0 0.4 0.8 0 0.6000000000000001 0.2 0 0 0 0 0.2 0 0 40 0 1 0 0.4 0 0 1 0 1.4000000000000001 0.2 1 0 0.6000000000000001 0.6000000000000001 0.6000000000000001 0 0.6000000000000001 0 0.6000000000000001 0 0 0.4 0 0.6000000000000001 0 0 0.6000000000000001 0 0 1 0 0 0.8 0 0 0 0.6000000000000001 0.4 0 0 0.6000000000000001 0 0.4 0.4 0.6000000000000001 5.6000000000000005 7.4 0 0 0 0 9 2 8.200000000000001 0 0.4 0 0 4.2 0 0 0 0 2.4000000000000004 21.400000000000002 0 0 0 2.6 0 0 0 0 0 0 0 0 0.4 0 0 0 0 0 0 0 0 0 0 0 0 0 0 0 0 0 0 0 0 0 0 0 0 0 0 0.4 0 0.4 0 0 1 0 0.6000000000000001 0 0.2 2 0 0.8 2.4000000000000004 0 0 2.4000000000000004 0 0 0 0.2 6.800000000000001 2.2 3.6 0 0 0 7.6000000000000005 5.800000000000001 4.2 2.4000000000000004 3.8000000000000003 0.4 0 10.200000000000001 7 4.4 2.8000000000000003 0 9.200000000000001 8.200000000000001 0 0.2 0.2 0 0 0 0 0 0 0 2 0 0 0 0 0 0 0 0 0 0 0 0.2 0 0 0 0 0 0 0 0 0 0 0.2 0.4 0 0 0 0 0 0 0 0 0.2 0 0 0 0 0.2 0 0 0 0 0 0 0 0 0 0 0.2 0 4.2 0 0 0 0.6000000000000001 0.2 0 0 0 0 1.2000000000000002 0 0 0 0 0 0 0 0 0 0 0 0 0 0 0.2 0 0 0 0 0 0 0 0 0 4 0 0 0 0 0 0 0 0 0 0 0 0 0 
 96.2 16.2 12 10.8 91.60000000000001 7.6000000000000005 100 24.8 51.400000000000006 17.8 17.6 25.200000000000003 25.6 0 23.200000000000003 7.4 71 27 18.400000000000002 58 0.2 1 0.6000000000000001 0.4 0 0.4 0 0 0 0 0.8 0.6000000000000001 0.6000000000000001 0 0 0.6000000000000001 0 0.2 13.600000000000001 0 0 0.6000000000000001 13.200000000000001 0.4 0 1.2000000000000002 0 0.6000000000000001 1.6 0 0 0.2 0 0 0 0 0.4 0 0.6000000000000001 0.6000000000000001 0 0.4 0 0 0.6000000000000001 0 0 0 0 0 7 0.6000000000000001 0 3.8000000000000003 0 0.6000000000000001 0 1.2000000000000002 0 0 0.4 2.2 5.4 7.800000000000001 3.8000000000000003 3.8000000000000003 6.6000000000000005 0 3 7.6000000000000005 2.4000000000000004 2 0.2 2.4000000000000004 2 2.2 6.2 4.4 6.6000000000000005 4 0.2 0 0 0 0 0 0 0 0 0 0 0 0 4 0.2 0 3 0 0 0 0 0 0 0 0 0 0 0 0 0 0 0 0 0 0 0 0 0 0 0 0 0.4 0 0 0 0 0 0 0 0 0 2.8000000000000003 0 0 0 0 0 0 0 0 0 4 4.6000000000000005 2.4000000000000004 0.6000000000000001 0 2 0 0.4 0.4 1.2000000000000002 0 3.8000000000000003 0 2.8000000000000003 2.2 0 3 0 0 0 0 0 0 0 0 0 0 0 0 0 0 4.6000000000000005 0 0 0 0 0.6000000000000001 0 0 0 0 2.6 0 0 0 0.4 0 0 0 0 0 0.2 0 0 0 0 0 0 0 0 0 0 0 0 0 0 0 0 0 0 0.2 0.4 0 0 0 0 0 0 0 0 2.8000000000000003 0 0 0 0.4 0.2 0 0.6000000000000001 0 0 3.4000000000000004 0 0 0 0 0 0 0 0 0 0 0 0 0 0 0 0 0 0 0 0 0 0 0 0.6000000000000001 0 0 0 0 0 0 0 0 0 0 0 0 0 0.4 
 56.400000000000006 34.6 49.2 97 34.4 12.200000000000001 25 13.600000000000001 39.2 43.800000000000004 17.8 8.6 7 23.200000000000003 0 14.8 11.600000000000001 14 56.800000000000004 60 0.4 0 0 0.4 0 0.4 0 0 0 0 0 0.2 0 0 0 0 0 0 0 0 0 0.6000000000000001 0 13 0 0.6000000000000001 0 0.6000000000000001 0.6000000000000001 0 0 0.2 0 0 0 0 0 0 0.6000000000000001 0 0 0.6000000000000001 0 0 0.6000000000000001 0 0.8 0 0 0 0 0.6000000000000001 0 0 0 0.6000000000000001 0 0.4 0 0 0.8 6 2 3.8000000000000003 0 7.6000000000000005 6.2 6.6000000000000005 0.6000000000000001 0.6000000000000001 2.8000000000000003 2.4000000000000004 3.8000000000000003 0 3.4000000000000004 0 6.800000000000001 6.800000000000001 7.6000000000000005 1.4000000000000001 0 0 0 0 0 0 0 0 0 0 0 0 0 0.2 0.2 0 0 0 3 0.2 0 0.4 0.4 0 0 0 0 0 0 0 0 0 0 0 0 0 0 0 0 3.8000000000000003 0 0.2 0 0 1 0 0 0 0 1.8 0 0 0 0 0 0 0 0 0 0 1.6 0.6000000000000001 5.2 0 2.6 0 0 3.4000000000000004 0.2 2 3.6 3.6 3.8000000000000003 1.2000000000000002 0 0 6.4 2.8000000000000003 0 6.4 1.8 0 0 0 0 0 0 0.4 0 0 0 0 0 0 1.6 0.4 0 2.8000000000000003 7.6000000000000005 2.8000000000000003 0 0 0 0 0 0 0 0 0 0 0 0 0.4 0 0 0 0 0 0 0 1.6 0 0 0 0 0 0 0 0 0 0 0 0 0.4 0 0 0 0 0 0 0 0 0 0 0 0 0 0 0.4 17.6 0 3 0 0 0 0 0 0 0 0 0 0 0 0 0 0 0 0 0 0 0 0 0 0 0 0 0 0 0 0 0 0 0 0 0 0 0 0 0 0 
 62.400000000000006 26.8 32 46.6 32.4 67.8 9.8 7.800000000000001 43.2 36.6 32.800000000000004 9.4 8 7.4 14.8 0 71 25 10 17.2 0.4 0 0 15.4 0.2 0.4 0 0 0 0 0 0 14.600000000000001 0 0 0 0 15 4 3.2 0 0.6000000000000001 0.2 0.4 0 0.6000000000000001 0.2 2.6 1 0 0 0 0 0 0 0 0 0 0.6000000000000001 0 0 0.4 0.6000000000000001 0 0.6000000000000001 0 0 0 0 0 0 0.6000000000000001 0 0 0 0.6000000000000001 0 0.4 0 0 2.8000000000000003 0.2 0.2 2.6 4.4 5.800000000000001 0 0 0 3.6 1.8 0 0 0 0 4.6000000000000005 0 2.4000000000000004 0 0 2.2 0 0 0 0 0 3.4000000000000004 0 0 0.4 0 0 0 2.4000000000000004 1.8 0 0 0 0.8 4.6000000000000005 0 0 0 0 0 0 0 0 0 0 0 1.6 0 0 0 0 0.4 0 0 0 0 0.4 0.8 0 0 0 0 0 0 0 0 0 0 0 0 0 0 0 0 0 0 2.8000000000000003 3.4000000000000004 3.6 0 1.8 0 4 1.2000000000000002 3.4000000000000004 5.2 5.4 0.2 0 0 0.2 0.6000000000000001 4.6000000000000005 0 1.8 4 3 0 0 0 0.4 8.4 0 0 0 0 0 0 5.2 1.8 3.8000000000000003 0 0 1.6 5 0 0 0 0.2 0 0 0 0.2 0 0 0 0 0 0 0 0 0.2 0 0 0 0 0 0 0 0 0.2 0 0 0 0.4 0 0 0 0 0 0 0 0 0 0 0 0 0 0 0 0 35.2 1 0.6000000000000001 8.200000000000001 2.2 0.4 1.8 0 0 0 0 0 0 0 0 0 0 0 0 0 0 0 0 0 0 0 0 0 0 0 1.4000000000000001 0 0 0 0 0 0 0 0 0 0 0 0 0 
 7.800000000000001 31.200000000000003 21.400000000000002 9.8 44.400000000000006 16.400000000000002 10.200000000000001 10.8 58.800000000000004 9.200000000000001 46.6 50.2 26.200000000000003 71 11.600000000000001 71 0 17.2 21.200000000000003 6.800000000000001 0.4 0 0 0.4 0 0.4 0.2 0 0 0 0 0.4 14.600000000000001 0.2 0 0 0 15.200000000000001 15 15 0 0.6000000000000001 0.2 0.4 0 0.6000000000000001 0.8 0.6000000000000001 0.6000000000000001 0 0 0 0 0 0 0 0 0 0.6000000000000001 0 0 0.6000000000000001 0 0 0.6000000000000001 0 0 0 0 0 0 0.6000000000000001 0 0 0 0.6000000000000001 0 0.4 0 0 0 2.4000000000000004 0 0.8 4 4 1.8 0 3.4000000000000004 4.4 0 0 0 0.8 2.2 4.800000000000001 0 1.8 0 0.2 2.2 0 0 0 0 0 2.8000000000000003 0 0 0 0 0 0 2.2 1.8 0 0.2 0.2 2.2 0 0 0.2 0.6000000000000001 0 0 0 0 0 0 0 5.2 4.4 0 0 0.2 0 0 0 0 0 0 0.4 1 0 0 0 0 0 0 0 0 0 0 0 11.600000000000001 0 0 0 0 0 0 2 6 1.6 1.6 1.8 2.6 0 4.800000000000001 3.4000000000000004 1.8 0.4 5.4 0 0.4 1.6 0 7.2 0 0 8.4 0 0 0 0 0 1.6 0.2 1.4000000000000001 0 0 0 5.4 5.4 0 0.2 0 0.2 2.8000000000000003 7.6000000000000005 0 0 0 0 0 3 0 0 0 0 0 0 0 0 0 0 0 0 0 0 0 0 0 0 0 0 0 0 0 0 0 0 0 0.2 0 0 0 0 0 0 0 2 0 0 0 0.2 19 0 0 17 0 1 3.2 0.2 0 0 0 0 0 0 0 0 0 0 0 0 0 0 0 0 0 0 0 0 0 0 1.6 0 0 0 0 0 0 0 1.4000000000000001 0 0 0 0 0 
 64.2 29.6 62 28.200000000000003 86.2 26 25.8 26.200000000000003 32.2 57.800000000000004 11.8 48.800000000000004 4.4 27 14 25 17.2 0 7 26.200000000000003 15.600000000000001 0 0.4 0.4 0 0.6000000000000001 41.6 0 0 0 0 0 14.8 0.2 0 0.2 0 0 0 15 0 0.6000000000000001 15.8 0.4 0 0.6000000000000001 0.2 0.6000000000000001 0.6000000000000001 0 0 0 0 0 0 0 0 0 0.6000000000000001 0 0 0.6000000000000001 0 0 0.6000000000000001 0 0 0 5.4 0 0 0.6000000000000001 0 0.8 0 0.6000000000000001 0 0.4 0 0 7.6000000000000005 6.2 4.6000000000000005 0 4.6000000000000005 0 1.2000000000000002 1.4000000000000001 0 3.4000000000000004 5.2 0 7.6000000000000005 9.4 10.200000000000001 4 0 6.2 0 0 0 0 0 0 0 0 7 0 0 2.8000000000000003 0 0 2 2.2 3.4000000000000004 0 0 0.2 6.2 0.2 0 0.2 0 0 0 0 0 0 0 0 0 0.4 0 0 0.2 0 0 0 0 0 0 0.2 1.4000000000000001 0 0 0 0 0 0 0 0 1.4000000000000001 0 0 0 0.6000000000000001 5 0 0.4 0 0 1.2000000000000002 11 6 5 0 1.8 0 0 7 0 4.4 0 0.4 2.4000000000000004 4 1.8 0 0 1.8 0 0 0 0 0 0 1.2000000000000002 3.2 0 0 0 0 2.8000000000000003 0 0.2 0 0 0 0 6 0 0 0 0 0 0 0 0 0.2 0 3.8000000000000003 0 0 0 0 0 0 0 0 0 0 0 0 0 0 0 0 0 0 0 0 0 0 0.2 0 0 0 0 5.6000000000000005 0 0 0 0 0 0 0.4 19.8 0 0 17 0 0.4 0 0 0 0 0 0 0 0.4 0 0 0 0 0 0 0 0 0 0 0 0 0 0 0 2.8000000000000003 0 6.800000000000001 0 0 0 0 0 0 0 0 0 0 0 0 
 27.6 71 12.8 15.200000000000001 12 12 61.800000000000004 14 35.6 18.6 7.4 8.8 35.800000000000004 18.400000000000002 56.800000000000004 10 21.200000000000003 7 0 56.6 0.2 0 0.6000000000000001 15.600000000000001 0 0.8 0 0 0.6000000000000001 0 0.2 0.4 0.2 0 0 14.200000000000001 0 0 0 0 0 0.6000000000000001 0 0.8 0 0.6000000000000001 0 0.6000000000000001 0.6000000000000001 0 0.8 0 0 0 0.8 0 0 0 0.6000000000000001 0 0 5.4 0 1.2000000000000002 0.8 0.2 0 0 0 6.2 0 0.6000000000000001 0 0 0 0.6000000000000001 0 0.4 0 0 3.6 0.4 5.2 0.2 0 0 3 0.6000000000000001 3 0 0 0.8 7.2 0 0 0 0 3.6 5.6000000000000005 1.2000000000000002 0 0 0 0 0 0 0 0 0 0 0 0 0 0 0 0 0 0 0 0 0 0 0 0 0 0 0 0 0 0 0 0 2.8000000000000003 0 0 0 0 3 0 0 0 0.4 0 0 0.4 0 0 0 0 1 1.4000000000000001 0 0.4 0 0 0 0 0 0 0 4.2 2.4000000000000004 5.800000000000001 0 0 0 5 0 0 0.6000000000000001 0.4 1.6 0 6 0 0 2.2 0 3.2 7 0 0 0 0 0 0 0 0 0 0 0 0 0 0 0.2 0 0 0 0 0 0 0 0 0 0 0 0 0 0 0 0 0 0 0 0 0 0 0.4 0 0.4 0 0.4 0 0 0 0 0 0 0 0 0 0 0 0 0 0 0 0 0 0 0 0 0 0 0 0.6000000000000001 0.4 0 0 0.2 0 1.8 0 0 0 0 0 0 0 0 0.2 0 0 0 0 0 0 0 0 0 0 0 0 0.2 0 0 5.6000000000000005 0 0 0 0 0 0 0 0 0 0 0 0 0 
 35.4 36.2 8.4 9.200000000000001 32.6 12.600000000000001 55.800000000000004 22.8 11.600000000000001 62.6 9.4 7.2 47 58 60 17.2 6.800000000000001 26.200000000000003 56.6 0 0.4 0 0 0.4 0 0.4 0 0 0 0 0 0.4 0 0 0 0.8 0 0 0 0 0 0.6000000000000001 12.8 0.4 0 0.6000000000000001 0.8 0.6000000000000001 0.6000000000000001 0 0 0 0 0 0 0 0 0 0.6000000000000001 0 0 0.6000000000000001 0 0 0.6000000000000001 0 0 0 0 0 0 0.6000000000000001 0 1.2000000000000002 0 0.6000000000000001 0 0.4 0 0 25.8 4.800000000000001 8 8.6 0 0 8.6 0.4 7 3 10 0 6.2 3.2 7.4 0.2 4 4.4 6 2.8000000000000003 0 0 0 0 0 0 0 0 0 0 0.4 0 0 0 0 0 0 0 0 0 0 0 0 0 0 0 0 0 0 0 0 0 0 0 0 0 0 0 0 0 0 0.2 0 0 1.8 0 0.2 0 0 0.6000000000000001 0 1.8 0.2 0 0 0 0.2 0.2 0 0 6.4 3.6 1.8 2 0 0 2.2 2.2 7.2 0 0 4 3.8000000000000003 6 4.6000000000000005 0.2 3.2 0 0 3.2 0 0 0 0 0 0 0 0 0 0 0 0 0 0 0 0 0 0 0 0.2 0 0 0 0 0 0 0 3.2 4.4 0 0 0 0 0 0 0 0 0 0 0 0 0 0 0 0 0 0 0 0 0 0 0 0 0 0 0 0 0 0 0 0 0.4 0 0 0 0 18 0 0.4 0 0 1.2000000000000002 0 0.2 0 0 0 0 0 0 0 0 0 0 0 0 0 0 0 0 0 0 0 0 0 0.2 4.4 0 0 0 0 0 0 0 0 0 0 0 0 0 
 0.4 0.2 0.8 8 0.4 0.2 0.4 0.4 0.4 15 0.2 7.6000000000000005 0.2 0.2 0.4 0.4 0.4 15.600000000000001 0.2 0.4 0 24.200000000000003 72.8 11.4 10.4 10.200000000000001 13.4 14.200000000000001 69.8 53.800000000000004 31.8 23.8 13 8.8 32.4 41.6 23 4.4 6.800000000000001 54.400000000000006 0.4 0.4 0 0.4 0 0 0 0 0.8 0.6000000000000001 0 0.6000000000000001 0.6000000000000001 0 0.4 0 0 0 0 16.2 0.6000000000000001 0 0 0.4 0.4 0 0 0.8 0 0.8 0 0.4 0.4 0.4 0.2 0.4 0.4 0.4 0 0.4 0 0 0 0 0.2 0 0 0 0 0 0 0 0 0 0 0 0 0 0 0 14.4 7.2 0.6000000000000001 0 0.8 0 1.2000000000000002 0 0 5.6000000000000005 3.8000000000000003 0 0.2 0 2.4000000000000004 3.8000000000000003 7.800000000000001 10.600000000000001 0.4 0 0 0 0 0 0 0 0 0 0 0 0 0 0 0 0 0 2.6 0 0 4 0 0.2 0.4 0 0 0 0 0 0 0 0 0 0 0 0 1.2000000000000002 0 0 1 0 0 0.4 0 0 2.2 0 0 0 0 0 1.2000000000000002 0.4 0 0 1.8 0 0 0 0 0 3.2 3.8000000000000003 8.6 6.2 0 0 2.4000000000000004 8.200000000000001 2.8000000000000003 0 0 8.6 0 0 0 1.4000000000000001 2.2 2.2 0 0 0 0 0 0 0 0 1.8 0 0 0 0 0 0 0 0 0.2 0 0.2 0 0 0 0 0 0 0 0 0 0 0 0 0 0 0 0 0 0 0 0 0 0 0 0 0 0 0 0 0.4 0 0 0 0 0 0 0 0.8 0 0.4 0 15.200000000000001 0 0.4 0 0 0 0 0 0 0 0 0 0 0 0 0 0 0.4 0.4 2.4000000000000004 0 6 0 0 0 0 0 0 0 0 0 0 
 0.4 0.6000000000000001 0.6000000000000001 0.4 0.2 0 0 0 0 14 0.2 0 0 1 0 0 0 0 0 0 24.200000000000003 0 51.6 31.200000000000003 23 25.6 9.200000000000001 43.6 20.400000000000002 18 65.2 21 9 29 9 13.600000000000001 10.8 95.60000000000001 49.800000000000004 56.400000000000006 0 0 1 0.4 0 0 12.200000000000001 0 0.6000000000000001 0.6000000000000001 0.2 0.6000000000000001 16.8 0 0 0 0 0 12.4 12.4 0 0 0 0 1 0 0 0.2 0 0 0 0.4 0 0 0 0 0 0 0 0.6000000000000001 0 0 0 0 0 0 0 0 0 0 0 0 0 0 0 0 0 0 0 0 6.800000000000001 0 9.200000000000001 6.4 3.4000000000000004 0.2 0 0.4 10.600000000000001 0 1.8 0 0 0 0.2 4.6000000000000005 9.8 0 0 0 2.4000000000000004 0 0 0 0 0 1.4000000000000001 0 0 0 0.6000000000000001 1.6 0 1.8 0 0 1.6 0 1.4000000000000001 0 0 0 0 0 0 0 0 0 0 0.2 0 0 0 0.2 0 0 0 0 0 0 0 0 0 0 0 0 0 0 0 0 0 0 0 0 0 0 0 0.4 0 0 2 0 2.2 6.6000000000000005 0 6 2.6 5 0 4.2 1.6 1.8 0 0 2.4000000000000004 7 6.800000000000001 7.4 0 0 0 10.4 0 0 1.8 0 6 2.4000000000000004 0 0 0 0 0 0 1.8 0 0 0 2.6 4.6000000000000005 0 0 0 0 0 0 0 0 0 0 0 0 0 0 0 0 0 0 0 0 0 0 0 0 0 0 0 0 0 0 0 0 0 0 0.8 0 0.4 6.800000000000001 0 0 0.2 2 0 0 0 0 1.6 0 0 0 0 0 0 0 0 0 0 0 0 2 0 2.6 0 0 0 2.4000000000000004 0 0 0 0 
 1 1 0.6000000000000001 0.4 0.4 0 0 0.6000000000000001 0.4 0.4 0.4 0 0.4 0.6000000000000001 0 0 0 0.4 0.6000000000000001 0 72.8 51.6 0 21.400000000000002 25.400000000000002 21.400000000000002 26.6 31.6 43.6 8.8 23.400000000000002 39 30.400000000000002 101.60000000000001 11.4 52.6 8.6 84.4 49.6 18 0.4 1 0 0.8 0 0.6000000000000001 0 5 1.4000000000000001 0.6000000000000001 0 0.6000000000000001 24.6 0.4 0.6000000000000001 0 0 0 18.8 0 1 0 6.4 0 0 0 0.2 0.6000000000000001 0 0 0 0 0.2 9.4 0.4 0 0 0 0 0.6000000000000001 0 0 0 0 0 0 0 0 0 0 0 0 0 0 0 0 0 0 0 0 0 2.8000000000000003 3 2.6 4.4 0 0 0.2 4.6000000000000005 0 0 0.2 0 0 0 10.200000000000001 2.4000000000000004 1.8 0 0 0.6000000000000001 2.6 0 0 0 0 0 2.6 0 0 0 0 2 2.6 0.8 0.4 0 0 8.200000000000001 0 0 0 0 0 0 0 0 0 0 0.2 1.8 0 0 0.6000000000000001 0 0 0 0 0 0 0 0 0 0 0 0 0 0 0 0 0 0.2 0 0 0 0 0 0 0 0 0 0 0.2 6.4 2 17 0 4.4 0 3.2 0 20.200000000000003 0.2 0 6.800000000000001 3 1.6 2.8000000000000003 0 0 0 2.4000000000000004 0.6000000000000001 0 1.4000000000000001 0 3 3 0 0 0 0 1.8 0 2 0.4 0 0 0 5.2 0 0 0 0 0 0 0 0 0 0 0 0 0 0 0 0 0 0 0 0 0 0 0 0 0 0 0 0 0 0 0 0.2 0 0 2.6 0 0 16.400000000000002 0 0.4 0.4 0.4 0 0 0 0 1.4000000000000001 0 0 0 0 0 0 0 0 0 0.4 0 0 0 0 2.6 0 0 0 0 1.4000000000000001 0 0 0 
 1.4000000000000001 1 0.4 0.8 0.8 0.4 1 0.6000000000000001 0.6000000000000001 0.4 0.6000000000000001 0.4 0.8 0.4 0.4 15.4 0.4 0.4 15.600000000000001 0.4 11.4 31.200000000000003 21.400000000000002 0 56 56.2 20.200000000000003 54.6 47.800000000000004 28 28.6 7 12 65.8 55 14.8 24.6 10.600000000000001 13 14.200000000000001 0 0 0.4 0.4 0 0 0 0.6000000000000001 1 0.6000000000000001 0 15.8 12.8 0 6.4 1.4000000000000001 0 0 1.2000000000000002 2 0 0 0 0.8 0 1 0 0.8 0 0 0 0.4 0.8 0 0 0 0 0 0 0.6000000000000001 0 0 0 0 0 0 0 0 0 0 0 0 0 0 0 0 0 0 0 4.2 0 0 1.6 13.4 5 3 2.4000000000000004 2.2 0.2 0 0 2.2 0 0 2.2 3.6 5.2 12.200000000000001 0 0 1.6 0 2.2 0 0 0 0 0 0 0 0 3.2 2.2 3.4000000000000004 0 0 0 0 6.4 5 0.2 0 0 0 0 0 0 0 0 0 0.2 0 0 0 0.6000000000000001 0 0 0 0 0 0 0 0 0 0 0 0 0 0 0 0.2 0 0 0 0 2.4000000000000004 0 2.6 0 0 0 1.2000000000000002 2.2 3.2 6 2.2 0 0 0 2.6 1.2000000000000002 0 1.2000000000000002 2 4.2 1.2000000000000002 0 0 0 0 2.4000000000000004 0 0 0 0 0 0.2 0 1.4000000000000001 0 0 0 0 3 0 0 0 0 10.8 0 0 0 0 0 0 0 0 0 0 0 0 0 0 0 0 0 0 0 2.4000000000000004 0 0 0 0 0 0 0 0 0 0 0 0 0 0 0 2.2 0 0.4 16.2 15.200000000000001 0.6000000000000001 0.4 0 3.4000000000000004 0 0 0 0 0 0 0 0 0 0 0 0 0 0 0 0 0 0 3.6 0 0 0 0 0 0 0 0 
 0 0 0 0 0 0 0.2 0 0 0 0.2 0 0 0 0 0.2 0 0 0 0 10.4 23 25.400000000000002 56 0 20.200000000000003 11 34.2 15.8 57.400000000000006 14 25.6 16 54.6 14.4 21 23.200000000000003 25.8 10.4 14 0 1 0.2 0.4 0 0.4 0.6000000000000001 0.8 0.2 0.6000000000000001 0 0.6000000000000001 37.2 0.6000000000000001 6 0 0.6000000000000001 0 0.2 0.2 0.8 0 0 0 0 0.8 0.6000000000000001 0.6000000000000001 0 0.8 0 6.6000000000000005 0 0 0.4 0 9.600000000000001 0.6000000000000001 0.4 0.4 0 0 0 0 0 0 0 0 0 0 0 0 0 0 0 0 0 0 0 0 0.2 0 0 5 0 2.2 0 0 0 0 2 4.800000000000001 0 0 0 2.8000000000000003 0 0 0 0 4.800000000000001 5 2 1.6 0 0 6 0 0 0.4 0 0 0 2.4000000000000004 6 6 1.8 0 1.2000000000000002 8 0 0 0 0 0 0 0 0 0 0 0 0 0 0.8 0 0 0 0 0 0 0 0 0 0 0 0 0 0 0 0.2 0 0 0 0 0 0 0 0.4 0 0 2.4000000000000004 0 0 1 2.4000000000000004 2.2 0 0 0 1.2000000000000002 0 0 0 3.8000000000000003 2.2 0 0 2.6 0 0 2 6 0.2 0 2.2 0 0 7.6000000000000005 1.6 0 1.6 0 0.8 1.8 0 0.2 0.8 2.4000000000000004 4.6000000000000005 2 0 0 0 0 0 0 0 0 0 0 0 0 0 0 0 0 0 0 0 0 0 0 0 0 0 0 0 0 0 0 0.4 0 0 0 0.2 0 0.4 0 0 0 0.6000000000000001 0.6000000000000001 0 0 0 0 0 0 0 0 0 0 0 0 0.4 0 0 0 0 0 0 0 0 0 0 0 0 0 0 0 
 0.4 0.8 0.6000000000000001 0.8 0.4 0.4 0.6000000000000001 0.6000000000000001 0.6000000000000001 0.4 0.6000000000000001 0.4 0.6000000000000001 0.4 0.4 0.4 0.4 0.6000000000000001 0.8 0.4 10.200000000000001 25.6 21.400000000000002 56.2 20.200000000000003 0 5.4 20.6 10 44.400000000000006 26.8 22.6 11.600000000000001 11.4 10.4 11.600000000000001 16.400000000000002 11 12.4 65.2 0 0 0 0.4 0 0 12.4 14.200000000000001 22.400000000000002 0.6000000000000001 0 0.6000000000000001 13.8 19.8 0 0 13.8 0 15.200000000000001 0.4 0 0 0 0 1.2000000000000002 0 0 0.4 0 0 0 0 0.4 0 0 0 0 0 0 0.6000000000000001 0 0 0 0 0 0 0 0 0 0 0 0 0 0 0 0 0 0 0 0 0 0 0 0 2.4000000000000004 4.2 0 0 0 3.2 0 2 0 0 0 2.2 3.2 1.8 0 0 3.8000000000000003 6.4 6 7 0 0 6.800000000000001 2 0 4.4 0.2 0 1.8 2 11.600000000000001 12.4 6 0 0 8.4 0 0.4 0 0 0 0 0 0 0 0.2 0 0 0 0 0 0 0 0 0 0 0 0 3 0 0 0 0 3.2 0 0.8 0 0 0 0 0 0 3.6 0 0.4 0 0 0 0 1.8 0.6000000000000001 2.2 0 3.6 0 6.800000000000001 1.8 0.8 0 0.4 0.2 4.4 0 0 0 0 1.8 1.6 5.6000000000000005 2.8000000000000003 0 0 0.8 1.2000000000000002 0 4.4 2.2 4.2 9.4 0 4.2 0 0.2 1.2000000000000002 0 2 0 0 0 0 0 0 0 0 0 0 0 0 0 0 0 0 0 0.4 0 0 0 0 0 0 0 0 0 0 0 0 0 0 0 0 3.4000000000000004 0 0 15.4 0 0.6000000000000001 1.2000000000000002 0 0 0 0 0 0.8 0 0 0 0 0 0 0 0 0 0 0 0 0 0 0 0 0 0.4 0 0 0 0 0 
 0.6000000000000001 0.4 0.2 15 0 30 0 0 0.2 0 16.2 0.2 0.2 0 0 0 0.2 41.6 0 0 13.4 9.200000000000001 26.6 20.200000000000003 11 5.4 0 36 42.800000000000004 30 25.6 7.4 34.6 29.6 4.800000000000001 11 29.200000000000003 9.4 41.400000000000006 8 0 0 1.4000000000000001 0.4 0 1.2000000000000002 0 0 1.2000000000000002 0.6000000000000001 0 0.6000000000000001 0.6000000000000001 0 0 0 0 0 0.2 0 0 0 0 0 1.2000000000000002 0 1.2000000000000002 1.4000000000000001 0 0 0 0 0 0 0 0 0 0 0 0.4 0 0 2.2 4.800000000000001 0 0 0 0 0 0.2 2 5.4 0 0 0 0 0 0 0 0 0 5.6000000000000005 2.8000000000000003 2.2 6.2 0 9 2.2 5.6000000000000005 1.4000000000000001 2 5.4 5.4 5.4 4.2 5.6000000000000005 0 1.8 7.6000000000000005 6.6000000000000005 0 0 0 0 0 0 0 0 0 0 0 0 4.4 0 0 0 0 0 2.4000000000000004 0 0 0.2 0 0 0 0 0 0 0 0 0 0 0 4.6000000000000005 0.8 0 0 0 0 0 0 0.6000000000000001 0 0 0 3 0 0 0 0 0 2.4000000000000004 0 0 0 0 0 3.8000000000000003 0 0 4.800000000000001 7.2 0 0.2 1 0 8.6 4 3.2 6 4.6000000000000005 3.8000000000000003 3.2 6.4 21.200000000000003 6.800000000000001 8.200000000000001 6.4 2.8000000000000003 1.4000000000000001 0 0 0 0 0 0 0 0 0 0 0.8 0 3.4000000000000004 0 0 0 0 0 0 0 0 0 0 0 0 0 0 0 0 0 0 0 2 0 0 0 0 0 0 0 0 0 2.8000000000000003 0 0 0 0 0 12.8 0 2.2 0 0 0 1.4000000000000001 0.4 0.4 17 0.2 0 2.6 0 3.4000000000000004 0 0 0 0 0 0 0 0 0 0 0 0 0 0 0 0 0 0 0 0 0 0 0.2 1.2000000000000002 0 0 0 
 0 0 0 0 0 15.600000000000001 0.2 0 0 0 14.8 0 0 0 0 0 0 0 0 0 14.200000000000001 43.6 31.6 54.6 34.2 20.6 36 0 12.600000000000001 36.6 10.8 27.200000000000003 91.80000000000001 49 10.200000000000001 10.200000000000001 35.4 51.6 60 7.2 0.6000000000000001 0 0.4 0.8 0 0 0 0 0.2 0.6000000000000001 1.4000000000000001 0.6000000000000001 13 0 0 1 0.6000000000000001 0 7.4 0.4 0.2 0 1 0 1 0 0 1 0.6000000000000001 0 0 6 0.8 0.6000000000000001 1 0 0 0 0 0.4 0 0 9 0.2 0 0 0 0 0 0 0.2 6.800000000000001 0 0 0 0 0 0 0 0 0 5.2 5 0 0.4 0 6.800000000000001 0.2 5 1.8 2 2.8000000000000003 9.8 3.2 3.4000000000000004 4.6000000000000005 2.6 3.6 7 4.6000000000000005 0 0 0 0 0 0 0 0 0 0.2 0 0 0.2 0 0 0 0 0 3 0 0 0 0 0.8 0 0 0 0 0 0.2 0 0 0.2 4 0 0 0 0 0 5.2 0 2.8000000000000003 0 0 0 2.2 0 0 0 0.6000000000000001 2.8000000000000003 0 0 0 0 0 0 4.4 0.2 0 4.2 2.4000000000000004 0 2.2 0 1.8 11 4 1.2000000000000002 4.2 0 2.6 0.2 7.4 3.2 5 0.8 4 2.6 2.2 0 0 0 0 1.6 0 0.2 0 0 0 0 0 2.6 0 2.8000000000000003 0 0 0 0.6000000000000001 2.4000000000000004 0 0 0 0 0 0 0 0 0 0 0 0 0 0 0 0.2 0 0 0 0 0 0 3 0 0 0.4 0 0 14.8 0 0 0 0 0 1.6 0 0.4 37 0.2 0.4 2.6 0 2.4000000000000004 0 0 0 2 0 0 0 0.6000000000000001 0.2 0 0 0 0 0 0 0 0 0 0 0 0 0 0 0.2 0 0 0 
 0 0 0 0 0 0.4 0 14.8 15.600000000000001 0 0 0 0 0 0 0 0 0 0.6000000000000001 0 69.8 20.400000000000002 43.6 47.800000000000004 15.8 10 42.800000000000004 12.600000000000001 0 32.2 34 26 13.8 55 11.8 63 24 69.2 28 59.6 0 0 0 0.4 0 0 0 0 0.4 0.6000000000000001 0 0.6000000000000001 0.6000000000000001 0 0 0 0 0 6.4 0 0 0 0 0 0 0 1 0.6000000000000001 0 0 0 0 0 0 0 0 0 0 0 10.200000000000001 0 0.2 0 0 0 0 0.4 0 0 0 0 0 0 0 0.4 0 0 0 0 0 1.6 2.8000000000000003 3.4000000000000004 17.2 8.4 0 0 1.8 0 2.4000000000000004 0 3 0 1.6 0.8 6.800000000000001 9.200000000000001 0 0 0 0 0 0 0 0 0 1.8 0 0.6000000000000001 0 0 0 10.4 0 0 0 0 0 4.6000000000000005 4.4 0 0.4 0 0 0 0 0 0 0 0 0.6000000000000001 0 0 0.2 1.8 0 0 0 0 0 0 0 0 0 0 0 0.4 0 0 0 1.8 0 0 0 0 1.2000000000000002 0 1.6 0.2 0 0 0.8 4.2 4.800000000000001 2 2.8000000000000003 0 5.2 0 2.2 3.6 4.4 1.6 3 5.6000000000000005 4.800000000000001 4.2 5.4 0 0 0 0 0 0 0 0 2 2.2 0 0 0 0 0.6000000000000001 0 0 1.4000000000000001 0 2 3.8000000000000003 0 0 0 0.4 0 0 0.2 0 0.4 0 0 0 0 0 0 0 0 0.4 0 0.2 0 0 0 0 0 0 0 0 0 0 0 0 0 0 0 1.6 0 0 16.400000000000002 0 0 0 0.4 0 0 0 0 0.2 0 0 0 0 0 0 0 0 0 0 0 0 0 0 5.2 0 0 0 0 2.8000000000000003 0 0 0 
 0 0.4 1.4000000000000001 0 0 0.2 0 0 0 0 0 0 0 0 0 0 0 0 0 0 53.800000000000004 18 8.8 28 57.400000000000006 44.400000000000006 30 36.6 32.2 0 61 24.200000000000003 16.400000000000002 87.4 31.400000000000002 20.200000000000003 34.4 54.6 30.400000000000002 73 0 0 7.6000000000000005 0.4 0 0 12.4 0 1 0.6000000000000001 0 0.6000000000000001 5.4 0 0 1.4000000000000001 7.6000000000000005 0 0.8 12.4 0 0 0 0 0.8 0 1 0.6000000000000001 0 0 0 0 0 0 0 0 0 0 0 0.4 0 0 0 0 0 0 0 0 0 0 0 0 0 0 0 0 0 0 0.2 0 0 1.4000000000000001 1.4000000000000001 5.6000000000000005 4.800000000000001 0 6 0 2.6 3 2.6 2.6 0 0 0 4.4 9.200000000000001 6.800000000000001 0 0 0 2.2 0.4 0 0 0 3 0 0 0 0 1.4000000000000001 2.2 0 0 0 0.4 0 2 0 0 0 0 0 0 0.2 0 0 0 0 0 0.2 0 0 0.8 0 1.6 0 0 0 0 2 0 1.8 0 0 0 0 0 0 0 2.8000000000000003 0 0.4 0 0 0 0 0 0 0 3.4000000000000004 2.6 7.2 21.200000000000003 4.6000000000000005 0.2 2.2 0 9.4 1.8 0 1.6 3 2.2 4.4 0.4 0.2 0.2 0 0 0.2 0.4 0 0 0 4.6000000000000005 2.8000000000000003 0.2 0 0 0 0 0 2 1.8 0 6.800000000000001 0 2 0 0 0 0 2.2 0 0 0 0 0 0 0 0 0 1.8 0 0 0 0 0 0 0 0 0 0 0 0 0 1.4000000000000001 0 0 0 0 0 2.2 0 0.4 31 30.200000000000003 0 1.8 0 0 0 0 0 1.2000000000000002 0 0 0 0 0 0 0 0 0 0.2 0 0 0 0 6.800000000000001 0 0.8 0 0 0 0 0 0 
 0 0.4 0.4 0 0 0 0 0.4 0 0 0 0.2 0 0.8 0 0 0 0 0.2 0 31.8 65.2 23.400000000000002 28.6 14 26.8 25.6 10.8 34 61 0 19.400000000000002 10.200000000000001 29 19.400000000000002 29.8 32.2 111.60000000000001 24.400000000000002 15 0 0 0 0.4 0 0 0 12.600000000000001 0.2 0.6000000000000001 0 0.6000000000000001 13 0.6000000000000001 0 0 0.4 0.4 0.2 0.4 0 0 0 0.4 11.200000000000001 0 0 0.6000000000000001 0 0.6000000000000001 0 0 0.4 0 0 0 0 0.6000000000000001 0.2 0.4 0 0 0 0 0 0 0 0 0 0 0 0 0 0 0 0 0 0 0 0 5.2 0 0 4.6000000000000005 1.4000000000000001 4.800000000000001 0 1.4000000000000001 0 7 0 1.8 0 0 1.4000000000000001 0 8.8 1.2000000000000002 0.2 0 2 3 3.2 0.4 0 0 0.4 0 0 0 0 0 4 9.200000000000001 0 0 2 0 0.6000000000000001 4 0 0.2 0 0 0 0 0 0 0 0 0 0 0 0 1 0 0 0 0 0 0 0 0 0 0 0.4 0 0 0 0 1 0 0.4 0 0 9.600000000000001 0 5.6000000000000005 0 0 0 4.4 1.6 2 8.8 1.8 0 2.4000000000000004 0 5.2 1.6 3 1.6 11.200000000000001 2.2 5.800000000000001 2.6 2.4000000000000004 0 0 5 0.2 2 0 0 0 0.2 1.6 0 0 0 0 4.800000000000001 4 5 9.600000000000001 0.2 1.6 6.4 2.4000000000000004 0 0 0 0 0 0 0 0 0 0 0 0 0 0 0 0 0 0.4 0 0 0 0 0 0 0 0 0 0 0 0 0 0 0 0 2 0 0.6000000000000001 15.200000000000001 0.2 0 0.2 0 0 0 0 0 1.6 0 0 0 0 0 0 0 0 0 0 0 0 0 0 0 0 0 0 0 0 0 0 0 
