 0 39.800000000000004 56.800000000000004 57 9.200000000000001 6 86.2 29.200000000000003 23.400000000000002 7.2 16.2 22.6 32.4 68.60000000000001 25.6 6 9.8 28.200000000000003 29.8 13.200000000000001 0.6000000000000001 0 0 1.4000000000000001 0 0.6000000000000001 0 0 0 0.6000000000000001 0.4 0 0.4 0 0.6000000000000001 0 0 0 0 0.2 0.4 0.4 0 0 0 0.6000000000000001 0 0 1.6 0 0.6000000000000001 0 0 0 0.4 0 0.2 0 0.6000000000000001 0 0 0 5.800000000000001 0 0 0 0.2 0.6000000000000001 0 0 0 0 0 0 0 0.4 0 0.6000000000000001 0.6000000000000001 0 1.4000000000000001 0 9.600000000000001 0 2 0 3.2 1.8 5.2 9.600000000000001 0 0 0.2 0.2 2 7 2.8000000000000003 1.6 0 0 0 0 0 0 0 0 0 0 0 0 0 0 0 0 0 0 0 0 0 2.4000000000000004 0 0 0 0 0 0 0.4 0 0 0 0 0 0 0 0 0 0 0 0 0 0 0 0 0 0 0 1 0 0 0 0 0 0 0 0 0 0 0 0 0 5.2 3 4 0 0 0 0 3 0 4 0.4 0 0 10.200000000000001 2.6 0 0.2 0 2.4000000000000004 0 0 0 0 0 0 0 0 0 0 0 0 0 0 0 0 0.2 0 0 0 0 0 0 0 0 0 0 0 0 0 0 3.6 0 0 2.2 0 0 0 0 0 2.8000000000000003 0 0 0 0 0 0 0.2 0 0 0 0 0 0 0 0 0 0 0 0 0 0 0 0 0 0 0 0.4 0 0 17.6 0 1.6 0 0 0 0 0 0 0 0 0 0 0 0 0 0 0 0 0 0 0 0 0 0 0 0 0 0 0 0 0 0 0 0 0 0 0 0 0 0 
 39.800000000000004 0 61 13.4 8.200000000000001 36.800000000000004 85.4 21.200000000000003 52.2 61.400000000000006 25.200000000000003 19.400000000000002 72 12.8 28.400000000000002 30.6 26.6 50.400000000000006 6.4 84 0.6000000000000001 0.6000000000000001 0 0.6000000000000001 0 1.4000000000000001 0.4 0 0.4 0 0 0 0 0.4 0.6000000000000001 0.4 0.6000000000000001 1 0 0.2 0.4 0.4 0 0 0 0.2 0.6000000000000001 0 0 0 0.6000000000000001 0 0 0 0 0 0 0 0.6000000000000001 0 0 0.2 0 0 0.6000000000000001 0 0 2.4000000000000004 0 0 0.4 0 0 0 0 0.4 0 0.6000000000000001 0.6000000000000001 0.2 4.2 5.800000000000001 2.8000000000000003 0 0 0.8 5.800000000000001 6.800000000000001 6.4 7 0 0 7.2 3.4000000000000004 10.600000000000001 2 7 17.8 8.6 5.6000000000000005 0 0 0 0 0 0 0 0 0 0 0 0 0 0 0 0 0 0 0 0 0 0 0 0 0 0 0 0 0 0 0 0.8 0 0 0 0 0 0 0 0 0 0 0 0 0 0 0 0 0 0 0 0 0 0 0 0 0 0 0 0 3.4000000000000004 0 5 2.2 4 0 5 0 5.4 0 0 2.8000000000000003 0 0.6000000000000001 0 0 8.4 3 5.6000000000000005 9.4 0 0 0 0 0 0 0 0 0 0 0 0 0 0 0 0 0 0 0 0 0 0 0 0 0 0 0 0 0 0 0 0 0 0 0 0 0 0 0 0 0 0 0 0 0 0 0 0 0 0 0 0 0 0 0 0 0 0 0 0 0 0 0 0 0 0.8 17.6 0.2 0 0.2 0 0.6000000000000001 0 0 0 0 0 0 0 0 0 0 1.8 0 0 0 0 0 0 0 0 0 0 0 0 0 2 0 0 0 0 0 0 0 0 0 0 0 0 0 
 56.800000000000004 61 0 66.60000000000001 22.400000000000002 38.800000000000004 82.4 44.2 46.2 27.8 42.400000000000006 29.6 20.200000000000003 33.6 31 27.200000000000003 32.6 21.200000000000003 5.800000000000001 65.2 0.6000000000000001 1.2000000000000002 0 1 0.2 0.6000000000000001 0.8 0 0.8 0 0.4 0 16.6 0.4 0.6000000000000001 0 0 0 25.400000000000002 0.2 0.6000000000000001 0.6000000000000001 0.2 0.2 0 0 0.4 0.4 3.2 0.8 0.6000000000000001 0 0 0 0 0 0 11 0.6000000000000001 0 0 0 0 0 0 0 0 0.4 0 0 0 0 11 0 0 0 0 0.6000000000000001 0.6000000000000001 5.4 2.4000000000000004 7 2.8000000000000003 3.8000000000000003 2.6 3 3.6 1.8 15.8 0 5.2 3 3.8000000000000003 7.800000000000001 2.2 0 7 0 2 0 0 0 0 0 0 0 0 0 0 0 0 0 3.2 2 0 0 0 0 4.800000000000001 5 0.4 0 0 0 0 0 0 0 0 0 0 0 0 0.4 0 0 0 2.4000000000000004 0 0 0 0 0 0 0 0 0 0 0 0 0 0 0 0 0 3.4000000000000004 0.2 0.4 0 0 4.6000000000000005 0 0.2 0 8.8 2.2 0 6.800000000000001 3.6 5 0 0.2 0 0 2.8000000000000003 2 0 0 1 0 0 0 0 0 0 0 0 0 0 0 0 0 0 0 0 3.2 0 0 2.4000000000000004 0.2 0 0 0 0 0 0 0 0.4 0 0 0 0 0 0 0 0 0 0 0 0 0 0.2 0 0 0 0 0 0 0 0 0 0 0 0 0 0 0 0.2 0 0 0 0 0 0 0 0 4.2 0 19.200000000000003 0.2 11.4 1.6 0 0 0 0 0 0 0 0 0 0 0 0 0 0 0 0 0 0 0 0 0 0 0 0 2.8000000000000003 0.2 0 0 0 0 0 0 0 0 0 0 0 0 
 57 13.4 66.60000000000001 0 80.60000000000001 22.200000000000003 16 35.2 43.400000000000006 56.6 30.200000000000003 34.6 32.800000000000004 30.200000000000003 35.2 26.200000000000003 44.400000000000006 25.8 14.8 37.2 0.6000000000000001 2 0 1.6 0.4 15.8 15.4 0 0 0.2 0 0 59.2 16 1 0.6000000000000001 0.8 0 36.4 0 0.6000000000000001 0.6000000000000001 0 0 0.2 0.8 8.8 0 0.6000000000000001 0.6000000000000001 0.6000000000000001 0 0 0 0.2 0.2 0 0 0.6000000000000001 0.6000000000000001 0 0 0 0 0 0 1 0.8 0 0 0.2 0 0.2 0 0 0 0 0.4 0.6000000000000001 0 0.4 2.6 1.8 13.200000000000001 15.8 4 0 0 5.6000000000000005 3.4000000000000004 6.4 8.8 0 5.6000000000000005 2.8000000000000003 0.4 0 10.600000000000001 0 0 0 0 0 0 0 0 6 0 0.2 0.2 0 0 2.8000000000000003 1 0 4.4 0 1.2000000000000002 13.600000000000001 4.2 0 0 0 0 0 0.2 0 0 0.2 0 0 0.2 0 0 0 0 0 2.2 2.6 0 0 0 0 0 0 0 0 0 0 0 0 0.4 0 0 0.2 0 1.8 0 0.4 0 2 0 0 3.6 12.8 5.6000000000000005 0 3.6 8.4 4.6000000000000005 2.4000000000000004 13 0.2 0 0.4 4.6000000000000005 0.4 0 3 0 0 0 0 0 0 0 0.4 0 0 0.2 0 0 3.6 3.8000000000000003 7 2.8000000000000003 0 0 0 0 0 0 0 0 0 0 0 0 0 0 0 0 0 0 0 0 3.4000000000000004 0 0 0 0 0 0 0 0 0 0 0 0 0 0 0 0 0 0 0 0 0 0 0 0 2.6 0 0 0 1.2000000000000002 19.200000000000003 0 21.200000000000003 3.2 0 1.4000000000000001 1.2000000000000002 0 0 0 0 0.2 0 0 0 0.4 0 0 0 0 0 0 0 0 0 0 0 0 0 0 6 0 0 0 0 0 0 0 0 0 0 0 0 0 
 9.200000000000001 8.200000000000001 22.400000000000002 80.60000000000001 0 34.4 9.600000000000001 12.4 23.8 20 27.8 91.60000000000001 18.2 34.4 13.8 23.400000000000002 28.400000000000002 24 26.6 24.200000000000003 2.8000000000000003 17.2 0.4 1 0.8 0.6000000000000001 0.2 0.4 0.4 0.6000000000000001 0.4 0.2 34.2 1 15.600000000000001 0.2 0.6000000000000001 1.2000000000000002 0.4 0.2 0.6000000000000001 0.6000000000000001 0 0 1.4000000000000001 0 0 0 0.4 0 1 0 0 0 6.800000000000001 0 0 0 0.6000000000000001 0 0 0.4 0 0 0.2 0.6000000000000001 0.4 0.2 0 0.4 0.4 1.4000000000000001 10 0 0 0.4 0.4 1 1 0.4 6 0 2.4000000000000004 3.6 7.6000000000000005 0.4 0 0 0 0 1.8 0 0 0 3 0 6.4 2.8000000000000003 0 0 2.4000000000000004 2 2.6 0 0 0 0.2 1.6 2.8000000000000003 0 0 3.8000000000000003 3.2 3 0.6000000000000001 3.8000000000000003 0 0 0 3.8000000000000003 0.4 0 0 0 0 0 0 0 0 0 0 0 0 0 0 0 0 0 0 0 0 0 5 1 0 0 0 0 0 0 0 0 1.6 0 0 0 0.2 0.2 0 0 0 0 0.2 1.8 0 7.4 0 0 0 1.8 1.2000000000000002 3.6 0 0 0 3.2 0 3.8000000000000003 0 0 7 2.4000000000000004 0 0 0 0 1.8 0 0 0.2 0 2.4000000000000004 2.4000000000000004 0 0.2 1.4000000000000001 4.2 2.4000000000000004 0 7 0 0 0 0 0.4 0 0 0.4 0 0 0 0 0 0 0 0 0 0 0 0 0 0 0 0 0 0 0 0 0 0 0 0 0 0 0 0 0 0 0 0 0 0 0 0 0 0 0.2 0 0.6000000000000001 0.6000000000000001 0 3.6 0 0 0 0 0 0 0.4 0 0 2.6 0 0 0 0 0 0 0 0 0 0 0 0 0 4 2.8000000000000003 0 0 0 0 0 0 0 0 0 0 0 0 0 
 6 36.800000000000004 38.800000000000004 22.200000000000003 34.4 0 40.400000000000006 7.2 49.2 9.600000000000001 13.4 11.4 9 10.8 6.4 33 29.200000000000003 29.200000000000003 10.600000000000001 10.8 0.6000000000000001 0 0 0.6000000000000001 0 0.8 32.800000000000004 0 14.8 0.4 0 0.6000000000000001 7.4 40 28 30 0 15 29.400000000000002 12.4 0.4 0.4 0 0 0 0 0.6000000000000001 0 0 0.6000000000000001 0.6000000000000001 0 0.6000000000000001 0 12.8 0.8 0 0 1 0 0 0 0 0 0.4 0 0 0.6000000000000001 0 0.4 0 1 0 0 0.2 1 0 0.6000000000000001 2.4000000000000004 0 0 0 0 0.2 0 2 0 2.2 0 0 1.8 0.2 0 0 0 11.600000000000001 3 0.2 0 0 0.2 5 3.2 0 0 0 6.800000000000001 2.4000000000000004 7.2 0 0 0 4.6000000000000005 6.2 3 1.6 0 2.8000000000000003 17.8 3 0 0 0 0 0 0 0 0 0 0 0 0 0 0 0 0 0 0 0 0 0 0 0 0 0 0 0 0 0 0 0 0 0 0 2.4000000000000004 1.2000000000000002 0 0 0 0 3.6 1.8 0 0 2.8000000000000003 4.2 0 0 0 0 0 3 0 0 0 3.6 2 1.2000000000000002 0 0 4.2 1 2.8000000000000003 0 0 0 4 0 0 3.6 0 0 7.2 6.800000000000001 5.800000000000001 4 3.6 0 0 2.6 0 0 0 0 0 0 0 0 2.2 0 0 0 0 0 0 0 0 0 0 0 0 0 0 0 0 0 0 0 0 0.2 0 0 0 0 0 0 0.2 0 0 0 0 0 1.2000000000000002 0 0 0 9.8 0 1.2000000000000002 17.6 0.2 1.2000000000000002 0 0 0 0 0 0 0 0 0 0 0 0 0 0 0 0 0 0 0 0 0 0 0 0 0 3.4000000000000004 0 0 0 0 0 0 0 0 0 0 0 0 
 86.2 85.4 82.4 16 9.600000000000001 40.400000000000006 0 37.2 30 16.6 9.4 30.8 78.4 52.800000000000004 28.8 23.6 43 21.400000000000002 10.600000000000001 22.200000000000003 0.8 0.2 0 0.6000000000000001 0 1 0 0 0 0 0 0 0 0 0.6000000000000001 0 0 0 0 0.2 0.4 0.2 0 0 0 0 0 0 0 0 0.6000000000000001 0.2 0 0 0 0 0 0 0.6000000000000001 0 0 0 0 0 0 0 0 1 0 0 0 0.4 0 6.2 0 0.6000000000000001 0 0.6000000000000001 0.6000000000000001 0 0 2 3.2 0 1.4000000000000001 0.2 8.200000000000001 3.8000000000000003 3 1.6 0 2 0.2 0 8.4 2.6 7.6000000000000005 4.4 1.8 0 0 0 0 0 0 0 0 0 0 0 0 0 0 0 0 0.2 0 0 0 0 0 0 0 0 0 0 0 0 0 0 0 0 0 0 0 0 0 0 0.2 0 0 0.4 0 0 0 0 0 0 0 3.2 0 0 0 0 0 0.4 0 0 0 0 2.8000000000000003 2 3 6.2 0 0 1 2.8000000000000003 8 0 2 3.2 2.4000000000000004 1.6 3 2.8000000000000003 3.6 2 6.2 3 0 0 0 0 0 0 0 0 0 0 0 0 0 0 0 0 0 0 0 0 0 0 0 0 0 0 0 0 0 0 0 0 0 0 0 0 0 0 0.4 0 0 0 0 0 0 0 0 0 0 0 0 0.2 0 0 0 0 0 0 0 0 0 0 0 0 0 0 0 0.4 0.2 0.4 0.4 1.8 0 0 0 0 0 0 0 0 0 0 2.6 0 0 0 0 0 0 0 0 0 0 0 0 2.4000000000000004 0.2 0 0 0 0 0 0 0 0 0.4 0 0 0 0 
 29.200000000000003 21.200000000000003 44.2 35.2 12.4 7.2 37.2 0 52.2 49.6 50.800000000000004 7.800000000000001 48.6 55.6 8.8 8.8 16.6 21.8 32.2 32 12.8 0 0 0.6000000000000001 0.2 0.6000000000000001 0.2 0 0 0 0 0 14.8 0 0.6000000000000001 0 0 0 4.6000000000000005 0 1.2000000000000002 0.4 0 0 0 0 13.4 0 0 0 0.6000000000000001 0 0 0 0 0 0 0 0.6000000000000001 12.200000000000001 0 0 0 0 0 0 0 0.6000000000000001 0 0 0 0 0 0 0 0.2 0 0.6000000000000001 0.6000000000000001 0 2.8000000000000003 2 0 0.6000000000000001 0 4.2 3 2.4000000000000004 5.2 2.6 2 4.4 2.4000000000000004 2.2 2.8000000000000003 2 0 0 4.2 2.2 0 1.4000000000000001 0 0 0 0 0 0 0 0 0 0 0 2 0.2 0 0 0 0.2 0 0 0 0 0 0 0 0 0 0 0.2 0 0 0 0 0 0 0 0.2 0.2 0 0 0 0 0 0 0 1 0 0 0 0 0 0 0 0 0.4 0 0 0 0 0 1.4000000000000001 3.4000000000000004 0 1 0 0 1.4000000000000001 2 11.200000000000001 0.2 0 0 3.6 0 3.6 3 0 1.8 2 0 0 0 0.6000000000000001 0 0 0 0 0 0 0 0 0 0 0 0 0.2 0 2 0 0 0 0 0 0 0 0 0 0 0 0.6000000000000001 0 0 0 0 0 0 0 0.4 0 0 0 0 0 0 0 0 0 0 0 0 0 0 0 0 0 0 0 0 0 0 0 0 0 0 0.4 0 0 0.4 0.4 0 0.4 0 0 0 0 0 0 0 0 0 0 0.2 0 0 0 0 0 0 0 0 0 0 0 0 0 2.2 0 0 0 0 0 0 0 0 0.4 0 0 0 0 
 23.400000000000002 52.2 46.2 43.400000000000006 23.8 49.2 30 52.2 0 11.600000000000001 6.800000000000001 8.200000000000001 60.800000000000004 63.400000000000006 55.400000000000006 31.200000000000003 45.6 74.2 15.600000000000001 18.2 1 0.4 0 0.6000000000000001 0.4 0.6000000000000001 0 0 0 0 0 0 22.8 0 0.6000000000000001 0.2 0 0 44.400000000000006 0.4 0.6000000000000001 0.6000000000000001 0 0 0 0 0 0 0.4 0 0.6000000000000001 0 0 0 0 0 0 0 0.6000000000000001 0 0 0 0 0 0 0.2 0 0.2 0 0 0 0 0 0 0 0 0 0.6000000000000001 0.6000000000000001 0 2.2 6.2 4 7.6000000000000005 6 2.2 3.2 3.4000000000000004 9.600000000000001 0.2 5.6000000000000005 2 3.8000000000000003 8 2.4000000000000004 0 5.2 7.2 2.2 2.8000000000000003 0 0 0 0 0 0 0 0 0 0 0 0 2.6 0.2 0 0 0 0 5.6000000000000005 7.800000000000001 0 0 0 0 0 0 3 0 0 0 0 0 0 0 0 0 0 2 0 0 0 0 1.6 0 0 0 0 0 0 0 0 0 0 0 0 0 0 2 0 0 3.2 0.2 0 5.2 4.6000000000000005 2 0 0 3.4000000000000004 3.4000000000000004 2.2 8.6 1.8 0 0 4.2 0 2.6 1.2000000000000002 0.2 2.6 0 0 0 0 0 1.6 0 0 0.2 0 0 0 0 0 3.2 0 0 2.2 2.6 0 0 0 0 0 0 0 0 0 0 0 0 0 0 0 0 0 0 0 0 0 0 0 0 0 0 0 0 0 0 0 0 0 0 0 0 0 0 0 0 0 0 0 0 0 0.6000000000000001 9.4 0 0 0 0 0.6000000000000001 2.2 0 0 0 0 0 0 0 0 0 0.2 0 0 0 0 0 0 0 0 0 0 0 0 0.2 5.800000000000001 0.4 0 0 0 0 0 0 0 0 0 0 0 0 
 7.2 61.400000000000006 27.8 56.6 20 9.600000000000001 16.6 49.6 11.600000000000001 0 10.4 28 27.400000000000002 81 40.800000000000004 76.60000000000001 48.6 7.800000000000001 42 73.4 0.6000000000000001 0 0 0.6000000000000001 0.2 0.6000000000000001 0 0.2 0 0 0 0 0 0.4 0.6000000000000001 0 0 0 0.2 14.8 0.4 0.4 0 0 0 0 0 0 17.8 0 0.6000000000000001 0 0 0 0 0 0 0 0.6000000000000001 0 0 0 0 0 0 0 0 0.6000000000000001 0 0 0 0 0 0 0 0.2 0 0.6000000000000001 0.6000000000000001 0 0 14 12.8 2 0 2.2 3.8000000000000003 1.8 2.4000000000000004 1 0 4.6000000000000005 3.8000000000000003 4 9.600000000000001 12 3.8000000000000003 19.8 4 0 0 0 0 0 1 0 0.4 0 0 0 0 0 2.8000000000000003 0 0 0 0 4.6000000000000005 1.6 1.2000000000000002 0 0 0 0 0 0 0 0 0 0 0 0 0 0 0 0 0 0 0 0 0 0 0 0 0 0 0 0 0 0 0 0 0 0 0 0 0 0 0 0 2.4000000000000004 2.8000000000000003 2.8000000000000003 3.2 4.800000000000001 0 3.8000000000000003 0.2 10.600000000000001 1.8 2.4000000000000004 3.4000000000000004 0 0 2.6 0 9 11.600000000000001 5.4 3 7.2 0 0 0.2 0 0 0 0 0 0 0 0 2.6 0 5 0 0 0 0.2 0 0 0.4 0 0 0 0 0 0 0 0 0 0 0 0 0 0 0 0 0 0 0 0 0 0.4 0 0 0 0.2 0 0 0 0 0 0 0.2 0 0 0 0 0 0 0 0 0 0 0 0.4 0.4 1 38.800000000000004 2.8000000000000003 1.4000000000000001 0 0 0 0 0 0 0 0 0 0 2.8000000000000003 0 0 0 0.4 0 0 0 0 0 0 0.2 0 0 0 0 0 0 0 0 0 0 0 0 0 0 0 0 
 16.2 25.200000000000003 42.400000000000006 30.200000000000003 27.8 13.4 9.4 50.800000000000004 6.800000000000001 10.4 0 6.4 52.400000000000006 7.4 15.4 34 36.4 7.6000000000000005 5 12.600000000000001 0.8 0.2 5.2 4 0 0.6000000000000001 14.8 0 3.2 6.4 0 0 14.8 0 5.800000000000001 0 0 0 21 0 0.4 0.2 0 0 0 0 0 0 0 0 0.6000000000000001 0 0 0 0 0 0 0 0.6000000000000001 0 0 0 0 0 0 0 0 0.6000000000000001 0 0 0 0 0 0 0 0.6000000000000001 0 0.6000000000000001 0.6000000000000001 0 0 2.2 4.800000000000001 5.2 3.8000000000000003 0 0 1.8 4.800000000000001 0 0.4 0 0 3.6 2.2 3 5.4 2.6 0 0 0 0 0 0 0 0 2.6 0 3 0 0 0 2 0 0 0 0 0 5 7 0 0 0 0 0 0 0 0 0 0 0 0 0 0 0 0 0 0 0 0 0 0 0 0 0 0 0 0 0 0 0 0 0 0 0 0 0 0 0 0 4.2 0.2 0.2 2 3 5.800000000000001 0 4 2.8000000000000003 2 2.2 2.8000000000000003 0 0 2.4000000000000004 3 0.6000000000000001 3.2 0 0 3 0 0 0 0 0 1.6 0 0 0 0 0 2.4000000000000004 2.2 2.2 0.2 0 0 0 6.6000000000000005 0 0 0 0 0 0 0 0.2 2.4000000000000004 0 2 0 0 0 0 0 0 0 0 0 0 8.8 0 0 0 0 0 0 0 0 0 0 0 0 0 0 0 0 0 0 0 0 0 0 0 0.4 18.400000000000002 0 1.2000000000000002 17.8 0 0.6000000000000001 0 0 0 0 0 0 0 0 0 0 0 0 0 0 0 0 0 0 0 0 0 0 0 0 3 0 0 0 0 0 0 0 0 0 0 0 0 0 
 22.6 19.400000000000002 29.6 34.6 91.60000000000001 11.4 30.8 7.800000000000001 8.200000000000001 28 6.4 0 6 7.6000000000000005 6.6000000000000005 7.2 16.400000000000002 30 5.800000000000001 27 16.2 1.2000000000000002 0.4 1.4000000000000001 1 0.4 0 0 0 0 1.4000000000000001 0.4 10 15.600000000000001 15.600000000000001 15.200000000000001 0.4 0.6000000000000001 31.6 15.600000000000001 0.6000000000000001 0.6000000000000001 0 0.6000000000000001 0.2 2 0.6000000000000001 0 0.4 0.4 0.8 0 0 0 0 0.2 0.4 0.8 1.2000000000000002 0.6000000000000001 0 0.6000000000000001 0 0 0.6000000000000001 0 14 0 0 0.4 0 6.2 0 0 0 0 0 0.4 0.6000000000000001 0.4 0 0 2.4000000000000004 5.800000000000001 1.8 16.2 3.8000000000000003 0.6000000000000001 0 3.8000000000000003 2.2 3.8000000000000003 0 0 5.2 0 3 4 2.6 3.2 1.6 2.4000000000000004 3.6 0 0 0 3 5.2 0 0 0 1 5.6000000000000005 2.6 1.6 1.6 0 5.2 3.4000000000000004 1.2000000000000002 0 0 0 0 0 0 0 0 0 0 1.4000000000000001 0 0 0 0 0 0 0 0 0 0 0 2.6 0 0 0 0 0 0 0 0 0 0.2 0 0 0 0 0 0 0 0 0 0 5.4 0 9 2.2 0 5.800000000000001 2 0.4 4.800000000000001 0 0 0 0 2 2.6 3.6 2 7.800000000000001 0 10.600000000000001 0.4 0.4 0 0 0 0 3.2 0 0 5.2 0.4 4.6000000000000005 5.6000000000000005 0 0 0.4 0.2 0 0 0 0 0 0 2 0 2 0 0 0 0 0 0 0 0 0 0 0 0 0 0.4 0 0.4 0 0 0.2 0 0 0 0 0 0 1.8 0 0 0 0 0 0 0 0 0 0 0.6000000000000001 0 0 0 17.2 0.4 1.6 1.6 0.4 0 0 0 0 0 0 0 2.8000000000000003 1.6 0 0 0 0 0 0 0 0 0 0 0 0 0.4 0 0 0 0 0 0 0 0 0 0 0 0 0 0 
 32.4 72 20.200000000000003 32.800000000000004 18.2 9 78.4 48.6 60.800000000000004 27.400000000000002 52.400000000000006 6 0 59 26.8 23.200000000000003 8.6 8.200000000000001 18.400000000000002 14.4 1.2000000000000002 4.800000000000001 0 0.6000000000000001 0.2 0.6000000000000001 0 14.8 0 0.4 0 0.2 0 0 30 0 0.4 0.2 0 0 0.4 0.4 0 0 0 0 0 0 0 0 0.6000000000000001 0 0 0 0 0 0 0 0.6000000000000001 0 0 0 0 0 0 0 0 0.6000000000000001 0 0 0 0 0 0 0 0.2 0 0.6000000000000001 0.6000000000000001 0 0 5.800000000000001 3.8000000000000003 0 0 0 0 0 0 0 0 0 0 2.8000000000000003 0 0 0.4 2.6 0 0.2 0 0 0 0 0 3.6 0.2 0 0 0 0 0 0 0 0 0 0 0 0.2 0 0 0 0 0 0 0 0 0 0 0 0.4 0 0 0 0 0 0 0 0 0 0 0 0 0 0.2 0 0 0 0 0 0 0 0 0 0 0 0 0 0 0.4 1.8 1.4000000000000001 0 0 0 0 0 1.4000000000000001 5.6000000000000005 0 2.2 0 0 0 5.800000000000001 4 3 0 5.800000000000001 0 0 0.2 0 0 0 0 0 0 0 0.4 0 0 0 0 0 0 0.2 0 0 0 0 0 0 0 0 0 0 0 0 0 0 0 0 0 0 0 0 0 0 0 0 0 0 0 0 0 0 0 0.2 0 0 0 0 0 0 0 0 0 0 0 0 0 0 0 0 0.4 0.2 0.4 0.8 0 0.4 1.6 0 0 0 0 0 0 0 0 0 0 0 0 0 0 0 0 0 3 0 0 0 0 0 0 0 0.2 0 0 0 0 0 0 0 0 0 0 0 0.2 
 68.60000000000001 12.8 33.6 30.200000000000003 34.4 10.8 52.800000000000004 55.6 63.400000000000006 81 7.4 7.6000000000000005 59 0 25.400000000000002 30.200000000000003 27.6 6 18 42.400000000000006 0.6000000000000001 0.4 0.2 0.6000000000000001 0.2 0.8 0 0 40.800000000000004 0 0 0 0 0 0.6000000000000001 0 0 18.8 0 0 0.6000000000000001 0.6000000000000001 0 0 0 0 0 0 0.2 0 0.6000000000000001 0 0 0 0 0 0 0 0.6000000000000001 0 0 0 0 0 0 0 0 0.4 0 0 0 0 0 0 0 0 10.200000000000001 0.6000000000000001 0.6000000000000001 0 2.2 0 3 0 1.6 0 7.4 0 3.4000000000000004 16 0 1.2000000000000002 2.2 0 1 2 12.200000000000001 5 3 2 0 0 0 0 0 0 0.2 0 0 0 6.6000000000000005 0 0 0 0 0 0 0 3.8000000000000003 0.2 0 0 0 0 2.8000000000000003 0 0 0 0 0 0 0 0 0 0 3.6 0 0 0 0 0 0.8 0 0 0 0 0 0 0 0 0 0 0 0 0 0 0 0 0 0 0 0 3.8000000000000003 4 1.6 7 1.8 6 7.2 4 0 0 1 4 0.2 0 1.8 2.8000000000000003 6.6000000000000005 0 2.2 0 0 0 0 0 0 0 0 0 0 0 0 0 0 0 0 0 0 0 0 0 0 0 0 0 0 0 0 3 0 0 0 0 0 0 0 0 0 4 0 10 0 0 0 0 0 0 0 0 0 0 0 0 0 0 0 0 0 0 0 0 0 0 0 0.8 0.2 0.4 11 0 0.2 1.8 0 0 0 0 0 0 0 0 0 0 0 0 0 0 0 0 0 0 0 0 0 0 0 2 0.4 0 0 0 0 0 0 0 0 0 0 0 0 0 
 25.6 28.400000000000002 31 35.2 13.8 6.4 28.8 8.8 55.400000000000006 40.800000000000004 15.4 6.6000000000000005 26.8 25.400000000000002 0 33.6 28.400000000000002 10.600000000000001 14.600000000000001 57.2 0.6000000000000001 0 0 0.6000000000000001 0.2 0.6000000000000001 0 0.2 0 0.4 0 0.2 0 0.2 0.6000000000000001 0 0 0 0 15.600000000000001 0.6000000000000001 0.6000000000000001 0 0 0.2 0 0 0 1.4000000000000001 0 0.6000000000000001 0.4 0 0 0 0 0 0 0.6000000000000001 0 0.4 0 0 0 0 0 0 0.6000000000000001 0.6000000000000001 0 0 1.4000000000000001 0 0 0 0.2 0 0.6000000000000001 0.6000000000000001 0 0 0 0.2 0 0 0 0.4 0 8.8 6.2 0 2.8000000000000003 3.8000000000000003 0.2 5.4 15 0 9.8 4 0 0 0 0 0 0 0 0.2 0.2 0 0 0.2 0 3.8000000000000003 0 0 0 0 0 4.2 1.8 0 0 0 0 0 0 0 0.4 0 0 0 0 0 0 0 0 0 2.4000000000000004 0 0 0 0 0 0 0 0 0 0 0 0 0 0 0 0 0 0 0 0 0 0.4 3.8000000000000003 2 5.800000000000001 0 6.800000000000001 0.6000000000000001 4.6000000000000005 5.6000000000000005 4.4 0 2.4000000000000004 0 1.8 6.800000000000001 1.8 0 6.6000000000000005 2 3 0 4.800000000000001 0 0 0 0 0 2.6 0 0 0.4 0 0 0 0 0 0 0 0 2.4000000000000004 2 0 0 0 0 0 0 0 0 0 0 0 0 5.2 0 0 0 0 0 0 0 0 0 0 0 0 0 0 0 0.2 0 0 0 0 0 0 0 0 0 0 0 0 0 0 0 0 0 0.2 0.2 1 17.2 0 20 0 0 0 0 0.4 0 0 0 0 0 0 0 0.4 0 0 0 0 0 0 0 0 0 0 0 0.4 0 0 0 0 0 0 0 0 0 0 0 0 0 
 6 30.6 27.200000000000003 26.200000000000003 23.400000000000002 33 23.6 8.8 31.200000000000003 76.60000000000001 34 7.2 23.200000000000003 30.200000000000003 33.6 0 39.6 23 24.6 76 0.6000000000000001 0 0 1 0.2 0.6000000000000001 0 0 0 0.4 0.6000000000000001 0 15.4 0.4 0.6000000000000001 0.6000000000000001 15.600000000000001 0 0 0 0.6000000000000001 0.6000000000000001 0 0 0 0 0 0 0.2 1.4000000000000001 0.6000000000000001 0 0 0 0 0 0 0 0.6000000000000001 0 0.2 0 0 0 0 0 0 0.6000000000000001 0 0.2 0.2 0 0.2 0 0 0.4 0.2 1 0.8 0.2 2.6 5 6.6000000000000005 3.2 4.6000000000000005 0 3.8000000000000003 3.6 2.8000000000000003 5.800000000000001 2.2 0 4.6000000000000005 1.6 17.6 0 11.8 22.6 7.6000000000000005 4.800000000000001 0 0 0 0 0 0 0 0 0 0 0 0 0.2 0 0 0 0 1.6 0.2 2.8000000000000003 0 0 0 0 0 0 0 0 0 2 0 0 0 0 0 0 0 0.4 0 0.2 0 0 0.4 0 0 0 0 0 0 0.2 0 0 0 0.2 0 0 0 0 0 0 2.6 0 3.2 4 3 0 4.800000000000001 0 6.6000000000000005 2.4000000000000004 4.6000000000000005 8 0 0 0.4 2 5.6000000000000005 8.200000000000001 6.2 5.2 2.6 0 0 0 0 0 3.8000000000000003 0 0 0 0 0 0 0 0.4 0.2 0 0 0 3.2 0 0 0 0 0 0 0 0 0 0 3.8000000000000003 0 0 0 4 1 2 0 0 0 0 0 0 0 0 0 0 0 0 0 0 0 0 0 0 0 0 0 0.2 0 0 0 1.8 0 0 0 17 0.4 0 0.2 0.4 1.6 0 0 0 0 0 0 0 0 0 0 1.2000000000000002 0 0 0 0 0 0 0.2 0 0 0 0 0 0 4.800000000000001 0 0 0 0 0 0 0 0 0 0 0 0 0 
 9.8 26.6 32.6 44.400000000000006 28.400000000000002 29.200000000000003 43 16.6 45.6 48.6 36.4 16.400000000000002 8.6 27.6 28.400000000000002 39.6 0 38.2 25.200000000000003 44.6 1 1 0 0.6000000000000001 0.4 0.4 4.6000000000000005 0 0 0.4 0 14.4 12.200000000000001 0.6000000000000001 0.6000000000000001 0.2 1 0.4 0.2 14.8 1 0.6000000000000001 0 0 0 0.2 0 0 0.4 0 0.6000000000000001 0 0 0 0 0 0 0 0.6000000000000001 0 0 0 0 0 0 5.2 0 0 0 0 0 0.2 0 0 0 0 0 0.4 0.6000000000000001 0 0 0 0 3.2 5.6000000000000005 0 7 6 3.2 7.800000000000001 1.6 0.2 3.4000000000000004 0 11.8 2.4000000000000004 12.8 11.600000000000001 12 3 0 0 0 0 0 0 0 0 0 0 0 0 0 2.6 0 0.4 0 0 3.4000000000000004 2.4000000000000004 0 0 0 0 0 0 0 0 0 0 0 0 0 0 0 0 0 0 0.4 0 0 0 0 0 0 0 0 0 0 0 0 0 0 0 0 1.6 0 0 0 0 0 1.6 3.6 2.6 3.2 0.6000000000000001 5.2 1.2000000000000002 8.6 2.8000000000000003 2.2 6.4 0 0 0 5 6.6000000000000005 6.800000000000001 4.6000000000000005 6 0 0 0 0 0 0 3.2 0 0 0 0 0 1.6 7.800000000000001 0 0 0 0 0 2.8000000000000003 0 0 0 0 0 0 0 0 0 0 0 0.2 0 0 0 0 0 0 0 0 0 0 0 0 0 0 0 0 0 0 0 0.4 0 0.4 0 0 0 0 0 0 0 0 0 0 0 0.8 0 0 0.6000000000000001 0 0 1.2000000000000002 0 0 0 0 0 0 0 0 0 0 7.6000000000000005 0 0 0 0 0 0 0.2 0 0 0 0 0 0 3.6 2.8000000000000003 0 0 0 0 0 0 0 0 0 0 0 0 
 28.200000000000003 50.400000000000006 21.200000000000003 25.8 24 29.200000000000003 21.400000000000002 21.8 74.2 7.800000000000001 7.6000000000000005 30 8.200000000000001 6 10.600000000000001 23 38.2 0 26.8 7.2 0.6000000000000001 0 0 42.2 0.2 0.6000000000000001 27.400000000000002 0 0.2 0.2 0 0 14.600000000000001 0 0.6000000000000001 0 0 0 18.8 14.600000000000001 0.6000000000000001 0.6000000000000001 0 0 12.4 0 0 0 13 0 1.2000000000000002 0.4 0 0 0 0 0 0 1 0 1.2000000000000002 0 0 0 0 0 0 0.6000000000000001 0 0 0 0 0 0 0 0 0 0.6000000000000001 0.6000000000000001 0 0.4 0.2 1.8 6 4.2 4 0 0.2 2 0.2 4.4 4.2 2.2 6.2 0.6000000000000001 2 1.6 0 1.2000000000000002 5.2 1.4000000000000001 0 0 1.6 0 0 1.4000000000000001 1.4000000000000001 0 0 0 0 0 2.2 0 0 0 0 0.2 0.2 0 0 0 0 0 0 0 0 0 0 0 0 3.2 0 0 0 0 1.8 0 0 0 0 0 0 0 0 0 0 0 0 0 0 0 0 0 1.2000000000000002 0 0 0 0 0 4 1.8 2.2 1.8 2.8000000000000003 3.4000000000000004 0 0 4.2 1.6 2.8000000000000003 0 0 3.2 6 3.2 2.6 1 1.2000000000000002 0 0 0 0 0 0 2.2 0 0 3.2 0 0 0.8 2.2 0 0.2 0 0 2.4000000000000004 5.2 0 0 0 0 0 0 0 0 0 0 0 0 0 0 0 0 0 0 0 0 0 0 0 0 0 0 0 0 0 0 0 0 0 0 0 0 0 0 0 0 0 2.6 0 0 0 0.2 0 0 0.6000000000000001 0.4 0.2 1.4000000000000001 1.4000000000000001 0 0 0 0 0 0 0 0 0 0 0 0 0 0 0 0 0 0 0 0 0 0 0 0 2.8000000000000003 0 0 0 0 0 0 0 0 0 0 0 0 
 29.8 6.4 5.800000000000001 14.8 26.6 10.600000000000001 10.600000000000001 32.2 15.600000000000001 42 5 5.800000000000001 18.400000000000002 18 14.600000000000001 24.6 25.200000000000003 26.8 0 33.6 0.6000000000000001 0 0 0.6000000000000001 0.2 0.6000000000000001 0 0.2 0.4 0.6000000000000001 0 0 0 0 0.8 0 0.6000000000000001 0 0 0 0.6000000000000001 0.6000000000000001 0 0 0 0 0 0 7 0 0.6000000000000001 0 0 0 0 0 0 0 0.6000000000000001 0 0 0 0 0 0 0 0.2 0.6000000000000001 0 0 0 0 0 0 0 0.2 0 0.6000000000000001 0.6000000000000001 0.8 5.800000000000001 2.8000000000000003 1.8 0 0 2.4000000000000004 1 0 0 0 1.2000000000000002 2.8000000000000003 7.6000000000000005 8.4 0 0 0 0 0 2.4000000000000004 0 0 0 0 0.2 0 0 0 0 0 0 0 0 0 0 0 0 0.4 0 0 0 0.4 0.2 0 0 1 0 3 0 0 0 0 0 0 0 0 2.8000000000000003 0 0 0 0 0 0 0 0 0 0.6000000000000001 0 0.2 0 0 0 0 0 0 0 0 0 0 0 0 2.2 0 0 0 0 2.2 0 0 3.8000000000000003 0 0 3 0 4 0 0 0 0 2.2 0 0 0 0 0 0 0 0 0 0 0 0 0 0 0 0 0 0 0 0 0 0 0 0 0 0.4 1.6 0 0 0 0 0 0 0 0.2 0 0 0 0 0 0 0 0 0 0 0 0 0 0 0 0 0 1.6 0 0 0 0 0 0 0 0 0 0 0 0 0.4 0 0 0 0 3.4000000000000004 1.4000000000000001 0 0 0 0 0 0 0 0 0 0 0 0 0 0 0 0 0 0 0 0 0 0 0 0 0 0 0 0 0 0 0 0 0 0 0 0 0 0 
 13.200000000000001 84 65.2 37.2 24.200000000000003 10.8 22.200000000000003 32 18.2 73.4 12.600000000000001 27 14.4 42.400000000000006 57.2 76 44.6 7.2 33.6 0 0.6000000000000001 0 0.4 7.800000000000001 0.2 0.6000000000000001 0 0.6000000000000001 0.2 0.2 0.2 0.8 0.4 0 0.8 0 0.4 0 0.2 0 0.6000000000000001 0.6000000000000001 0 0 0 0.8 0 0 12.8 0 0.6000000000000001 0 0 0 0 0.4 0 0 1.2000000000000002 11.600000000000001 0 0 0 0.6000000000000001 0.6000000000000001 0 1.2000000000000002 0.4 0 0 2.4000000000000004 0 0 0 0 0 0 0.6000000000000001 0.6000000000000001 0 0.2 19.400000000000002 11.4 0 0 0.2 1.8 4.6000000000000005 2.2 5.2 0 2.8000000000000003 5.800000000000001 5 5.4 2.6 6.800000000000001 11.600000000000001 6.2 3.4000000000000004 0 4 0 0 0 0 0 0 0.4 0 0 0 0 0 0 0 0 0 0 0 0 0 0 0 0 2.2 0 0 0.4 0 0 0.4 0 0 0 0 0 0 0 0 0 0 0 0 0 0 0 0 0 0 0.4 0.2 0 0 0.4 0 0 0 0 0 1.6 5 0 2.8000000000000003 0.2 0 7.800000000000001 0.2 6.6000000000000005 0 2 4.2 0 0 2.4000000000000004 2.4000000000000004 5.4 6.4 4.4 9.600000000000001 0 0 0 0 0 0 0 0 0 0 0.2 0 0.2 0 0 0 0 0 0 0 0 0 0 0 0 0 0 0 0 0 0 0 0 0 0 0 0 0 0 0 0 0 0 0 0 0 0 0 0 0 0 0 0 0 0 0 0 0 0 0 0 0 0 0 0 2.4000000000000004 1 0.4 1 0.2 2.8000000000000003 2.4000000000000004 0 0 0 0 0 0 0 0.4 0 0 1.4000000000000001 0 0 0 0 0 0 0 0 0 0 0 0 0 2.8000000000000003 0 0 0 0 0 0 0 0 0 0 0 0 0 
 0.6000000000000001 0.6000000000000001 0.6000000000000001 0.6000000000000001 2.8000000000000003 0.6000000000000001 0.8 12.8 1 0.6000000000000001 0.8 16.2 1.2000000000000002 0.6000000000000001 0.6000000000000001 0.6000000000000001 1 0.6000000000000001 0.6000000000000001 0.6000000000000001 0 47 35.4 29.8 21.400000000000002 51.800000000000004 8.8 28.8 20.8 16.6 12.4 21.200000000000003 21.8 75 22.8 20.400000000000002 24 74 23.200000000000003 12 40.6 0.2 0.6000000000000001 0.6000000000000001 0.4 1 14 0 0.6000000000000001 0.6000000000000001 0 0.6000000000000001 1.6 0.4 3.4000000000000004 1 0 0.6000000000000001 13.200000000000001 0 1.2000000000000002 0 0.6000000000000001 0.2 0 0 1.2000000000000002 0 0 0.2 0 0 1 0 0 0 0 2.2 2.4000000000000004 0 0 0 0 1.8 2.2 10.600000000000001 0 0 0 0 0.4 0 0 0 0 0.6000000000000001 0 0 0 0 3.8000000000000003 0 3.8000000000000003 4.2 2 0 0 0.2 1.4000000000000001 9.600000000000001 5.6000000000000005 0.2 0 0.4 5.800000000000001 7.2 2 1.8 0.4 0 0.8 0 0 0 0 0 0 0 0 0 0 0 0.6000000000000001 1.6 0 0 0 0 0.4 0 0.4 0 4.2 0 0 0 0.6000000000000001 0.4 0 0 0 0 0.4 0 0 0 0 0 0 0.4 0 0 0.2 0 0 5 0 0 0 0 0 0 0 0 0.2 0 0 0.4 0 0.2 4.4 5 0 4.800000000000001 3 2.2 3 5.4 2.4000000000000004 0.2 11.4 2.8000000000000003 0 1 1 1.8 4.2 2.4000000000000004 0 3.6 0 0 0 0 0 0 0 0 0 0 0 0 0 0 0 0 0 0 0 0.4 0 0 0 0 0 0 0 0.2 0 0 0 0 0 0 0 0 0 0 0 0 0 0 0 0 0 0 0 0.4 0 0 0 0 0 0 3.6 0 0.4 15.4 15.4 0.2 1.8 0 0 0 0.4 0 3.4000000000000004 0 0 0 0 0 0 0 0 0 0 0 0 0 0 1.6 0 0 0 0 0 0 0 0 
 0 0.6000000000000001 1.2000000000000002 2 17.2 0 0.2 0 0.4 0 0.2 1.2000000000000002 4.800000000000001 0.4 0 0 1 0 0 0 47 0 66.4 15 23.200000000000003 7.6000000000000005 28.400000000000002 14.4 8 50.6 7.800000000000001 10.200000000000001 8 24.8 24 11.200000000000001 67.60000000000001 27 26.200000000000003 31.8 0 0 0 0 0 0 0 0 0 0 0 0 0 0.6000000000000001 15.200000000000001 0 0 0 12.200000000000001 0.2 0 0.6000000000000001 0.4 0 0 0 0.4 0 0 0 0 8.200000000000001 0 0 0 0 0 0 0 0 0 0 0 0 0 0.2 0 0 0 0 0 0.4 0 0.2 0 1.8 0 0 0 0 10 4.6000000000000005 1.6 5.6000000000000005 1.6 3.8000000000000003 4 3.4000000000000004 7 9.600000000000001 2.2 3.2 0 2.2 2 4.6000000000000005 0 1.8 0.2 0 4.4 0 0 0 0 0 0 0 1.6 0.4 0.2 0.2 0 3 0 0 0 0 0 4.6000000000000005 0 0 0 0 0 0 0 0 0 0 0 0 0 0 0 0 0 0 0.8 0 0 0 0 2.6 0 0 0 0 0 0 3.2 0 0 0 0 0 0 0 0 0 0 2.2 0 2.4000000000000004 0 4 0 7.2 0.2 7.6000000000000005 5.2 2.4000000000000004 0.4 0.4 3.4000000000000004 5.800000000000001 4.800000000000001 0 2 2.6 0 0 0 0 0 0 3 0 0 0 0 0 0 0.4 0.2 0 0 0 0.2 3.6 0 0 0 0 0 0 0 0 0 0 0 0 0 3.8000000000000003 0 0 0 0 0 0 0 0 0 0 0 0 0 0 0 0.2 0 0 0 0 0.4 0 0 16.8 0.2 0 2 0 0 0 0 0 0.2 0 0 0 0 0 0 0 0 3.4000000000000004 0 0 0 13.200000000000001 0 3.2 0 0 0 0 0 0 0 0 
 0 0 0 0 0.4 0 0 0 0 0 5.2 0.4 0 0.2 0 0 0 0 0 0.4 35.4 66.4 0 68.4 27.8 22 13.4 21.6 93.2 27.8 24.400000000000002 7.800000000000001 56.400000000000006 54 8.8 36.4 23.200000000000003 43.2 17 9.200000000000001 0 0 0 0.4 0.2 0 0 0.2 0.2 0.6000000000000001 0.6000000000000001 0 18.6 0.4 0 0.6000000000000001 0.6000000000000001 0 12.8 0.2 0.2 0 0.2 0 0.6000000000000001 0.6000000000000001 0.6000000000000001 0 0 0 0.4 0.6000000000000001 0 0 0 0 1.8 0.4 0 0 0 0 0 0 0 0 0 0 0 0 0 0 0 0 0.2 0 0 0 0 0 3.8000000000000003 0 3.2 11.200000000000001 3.2 2 0 0 0.6000000000000001 4.4 2.4000000000000004 0 0 3.6 0 5.2 7.6000000000000005 1.8 0 0 3.4000000000000004 0 0 0 0 0 5.800000000000001 0 4 0 0 0 2.6 1.8 0 0 0.2 0.2 6.800000000000001 9.600000000000001 0 0 0 0 0 0 0 0 0 0 0 0.2 0 1 0 0 0 0 0 0 0 0 0 0 0 0 0 0 0 0 0 0 0 0.2 0 0 0 0 0 0 0 2.6 2 1.2000000000000002 8.4 2.4000000000000004 0 6 6.4 0 10 9 0 0 0 3.6 3.6 5.2 0 0 3.2 0.4 0 0 0 0 9 0 0 0 0 0 0 0 0 0 0 0 0.2 5.800000000000001 0 0 0 0 0 0 0 0 0 0 0 0 0 0 0 0 0 0 0 0 0 0 5.4 0 0 0 0 0 0 0 0 0 0 0 1.4000000000000001 0 0 16 0.2 0.6000000000000001 2.8000000000000003 0 0.2 0 0 0 0 0 0 0 0 0 0 0 0 0 0 0 0 1.2000000000000002 0 2.6 0 0 0.2 0.2 0 0 0 0 
 1.4000000000000001 0.6000000000000001 1 1.6 1 0.6000000000000001 0.6000000000000001 0.6000000000000001 0.6000000000000001 0.6000000000000001 4 1.4000000000000001 0.6000000000000001 0.6000000000000001 0.6000000000000001 1 0.6000000000000001 42.2 0.6000000000000001 7.800000000000001 29.8 15 68.4 0 70 22.8 33 30.400000000000002 35.2 57.2 27.6 22 15 22.6 43.2 55.6 30.400000000000002 35.2 37.4 8.4 0 0 0 0 0 0.6000000000000001 0 0.4 0 0 0 0 19.6 13.200000000000001 0.4 0 0 0 0 13.4 0 0 0.2 0.4 10.8 0 1 0 0 0 0 0 0 0.2 0 10.4 3.4000000000000004 0 0 0 0 0 0 0 0 0.4 0 0 0 0 0 0 0 0 0 5.4 0 0.2 0 0 0 0 0 5.800000000000001 1.8 5.6000000000000005 0 4 6 0.4 4 1.6 0 0.8 0.2 0 7.2 0 0 0 1.8 1.4000000000000001 0 0 0 0 3.2 0 0 0 0 0 9.4 0 2.2 0 10 0 4.800000000000001 7.800000000000001 0 0 0 0.2 0 0 2.6 0 0 0 2.4000000000000004 0 0 0 0 0 0 0 0 0.8 0 0 0 0.4 0.4 0 0 0 0 0 0.4 0 0 0 0 0 0 0 0 0 0 12.200000000000001 3.4000000000000004 7.4 2.4000000000000004 0 0 9.8 4.800000000000001 0 9.600000000000001 2.6 0.6000000000000001 0 0 0 6.4 10.200000000000001 0 0 2.6 0 0 0 0 0 3.6 0 0 0 0 0 0 2.2 0 0 0 0 4 5.2 0 0 0 0 0 0 0 0 0 0 0 0 0 0 0 0 0 0 0 0 0 0 2.4000000000000004 0 0 0 0 0 0 0 0 0 0 0 8.200000000000001 0 0.2 31 0 0 5.2 0.2 0 0 0 0 0 0 0 0 0 0 0 0 0 0 0 0 0 0 0 0 0 0 1.2000000000000002 2.4000000000000004 0 0 0 0 
 0 0 0.2 0.4 0.8 0 0 0.2 0.4 0.2 0 1 0.2 0.2 0.2 0.2 0.4 0.2 0.2 0.2 21.400000000000002 23.200000000000003 27.8 70 0 45.400000000000006 26.400000000000002 16.8 14.4 23.8 49.6 71.8 18 49.6 18 35.800000000000004 62.800000000000004 16.400000000000002 16.2 14.8 0 16.2 0.2 0 0 0 12.4 0.6000000000000001 0 0 0 0 13.8 0.6000000000000001 12.600000000000001 0.8 1.6 2.4000000000000004 3 15.4 0 0 0.2 0 0 0 0.4 0 0 0 0 0 0 0 0 0 2 0 0 0 0 0 0 0 0 0 0 0 0 0 0 0 0 0 0 0 0 0 0.4 0 0 1.8 1.6 7.6000000000000005 3.8000000000000003 5.800000000000001 0 0 5.6000000000000005 2.6 0 0 0 0 0.2 3.4000000000000004 7.6000000000000005 5.2 0 0 3 0 9.4 3 0 0 3.8000000000000003 4.6000000000000005 7.6000000000000005 0 0 0 7.2 0 2.8000000000000003 0 3.8000000000000003 0 12 8 0 0 0 0 0 0 0 0.2 0 0 0 0.4 0 0 0 0 0 0.4 2 2.4000000000000004 0 0 0 0 0 0 0 0.2 0 0 0 0 0.4 0.8 0 0 0 0.4 0 0 0 2.4000000000000004 0 6.4 2 0 0 0 14.8 1.6 7.2 0 0 0 8.200000000000001 4.4 2.2 2.4000000000000004 0 0 0 0.2 9.600000000000001 0 3.6 0 0.8 0 0 6.6000000000000005 0 0 7.4 1.4000000000000001 5.2 2.6 2.2 0 5.2 8.4 0 0 0.4 0 0 0 0 0 0 0 0 0 0 0 0 0 0 0 0 0 0 0 0 0 0 0 0 0 0 0 0 0 0 0 1.2000000000000002 0.4 0.6000000000000001 1.8 0.4 0.4 0.4 0 0 0 0 0 0 0 0 0 0 0 0 0 0 0 0 0 0 0 0 0 0.2 0 0 4.4 0 0 0 0 
 0.6000000000000001 1.4000000000000001 0.6000000000000001 15.8 0.6000000000000001 0.8 1 0.6000000000000001 0.6000000000000001 0.6000000000000001 0.6000000000000001 0.4 0.6000000000000001 0.8 0.6000000000000001 0.6000000000000001 0.4 0.6000000000000001 0.6000000000000001 0.6000000000000001 51.800000000000004 7.6000000000000005 22 22.8 45.400000000000006 0 7.4 5.2 11.200000000000001 16 84.4 36.2 5.800000000000001 9.600000000000001 9.4 13.8 16.8 55 7.4 8.6 8.6 13 0 0 0 0 0 19.8 0 0 0 0 7.6000000000000005 13 0.2 0 0 6.2 13.200000000000001 30.8 0.2 0 0.4 0.2 1.8 0 0.2 0.2 0.2 0.2 0 1.4000000000000001 0 0.2 0 0 2.6 0.4 0 0 0 0 0 0 1.8 0 0 0 0 0 0 0.2 0 0 0 0 0 0 0 0 0.2 0 0 3.2 2.2 5.800000000000001 0 0 0 0.8 0 0 0 0 0 0 0 0 0 0 4.4 1.4000000000000001 8.6 2.2 0 0 2.2 5.2 1.2000000000000002 0.2 0.4 0.4 15.4 0 2.6 0 3.4000000000000004 0 9.600000000000001 4.2 0 4 0 0 0 0 0 0 0 0 0 0 0 0 0 0 0 0 0 0 0 0 0 0 0 0 0 0 0.4 0 0 0 0 0 0.6000000000000001 0 0 0 0 0 0 0 0 13.600000000000001 4.6000000000000005 0.2 0 0 0 0 0.2 0 0 0 0 0 0 0 0 0 0 2.4000000000000004 3 0 2.2 0 10 0 1.6 0 0 0 3 8.4 0 4.4 10.4 6.2 2.4000000000000004 7.2 0 0 0 0 0 0 0 0 0 0 0 0 0 0 0 0 0 0 0 0 0 0 0.2 0 0 0 0.4 0 0 0 0 0 0 0 3.8000000000000003 0 1.2000000000000002 14.8 0 0.2 1.6 0 0 0 0 0 0 0 0 0 0 0.2 0 0 0 0 0 0 0 0 0 0 0 0 2.6 0 0 0 0 0 
 0 0.4 0.8 15.4 0.2 32.800000000000004 0 0.2 0 0 14.8 0 0 0 0 0 4.6000000000000005 27.400000000000002 0 0 8.8 28.400000000000002 13.4 33 26.400000000000002 7.4 0 33 12.8 8.4 5.6000000000000005 7.2 19.400000000000002 15 8.200000000000001 9.4 7.800000000000001 62.6 22.200000000000003 20.6 0 0 0 0.6000000000000001 0.6000000000000001 0 0.6000000000000001 0 0 0.4 0.8 0.6000000000000001 0 0.4 0.6000000000000001 0.6000000000000001 0 0 0.6000000000000001 0.6000000000000001 0 0.6000000000000001 0.6000000000000001 0.6000000000000001 1.2000000000000002 0.4 1.2000000000000002 0 0.6000000000000001 0.4 0 0.2 0 0 0 0.4 0 0 0 0.6000000000000001 0 0 0 3.4000000000000004 4 1.8 0 0 0.2 0 2 0 0 0.2 0.2 2.4000000000000004 0 0 0 0 1.2000000000000002 0 0 0 0.2 0 6.4 1.6 5.2 2.6 0 3.6 0.2 5.6000000000000005 0 1.4000000000000001 3.2 1.2000000000000002 5 0.8 0 0 0 0 0 0 0 0 0 0 0 0 0 0.2 0 0 0 0.2 0 0 0 0 0 0 0 0 0 0.4 0 0 0 0 0 0 0 4.6000000000000005 0 0 0 0 0 1.6 0 2.8000000000000003 0.2 0 0 0.4 0 0.2 6.4 5.6000000000000005 0 0 0 3.6 0 1.4000000000000001 0 0 0 0.4 0 0.2 0 0 1.2000000000000002 5.6000000000000005 1.4000000000000001 2.6 3.8000000000000003 0 19.400000000000002 7 0.2 0 1.8 3.4000000000000004 0.8 6.4 0 0.4 0 0 0 0 0 0 2 0 0 0 0 0 0 0.4 0 0 0 0 0 0 0.2 0 0 0 0 0 0 0 0 0 0 0 0 0 2.2 0 0 0 0 1.8 0 0 0 0 20.8 0 0 14.8 0 0 0 0 0.4 0 0.2 0 0 0 0 0 0 0 0 0 0.2 0 0 0 0 0 0 0.4 0 3.8000000000000003 0 2.4000000000000004 0 0 0 0 0 0 0 3.2 0 0 0 0 
 0 0 0 0 0.4 0 0 0 0 0.2 0 0 14.8 0 0.2 0 0 0 0.2 0.6000000000000001 28.8 14.4 21.6 30.400000000000002 16.8 5.2 33 0 17.2 55.6 36.6 33.2 17.6 47.800000000000004 67.4 42.6 33 14.4 10.600000000000001 11.600000000000001 40.800000000000004 0 0 0 0 0 0 0 0 0 0 0 0 0.4 0 0 0 0 0 0 0.2 0 0.2 0 0 0 0.6000000000000001 5.800000000000001 0 0 0.2 0 2.2 0 0 0 0 1.6 0 0 0 0 0 0 0 0 0 0 0.2 0 0 0 0 0 0 0 0 0 0 0 2.4000000000000004 2.8000000000000003 1.2000000000000002 0.4 19.200000000000003 2.8000000000000003 0.2 1.2000000000000002 2.2 2 2 4.6000000000000005 3.4000000000000004 0 7.4 12.200000000000001 3.8000000000000003 6.2 0 0 0 0 0 0 0 0 6 0 0 0 0 0 5.6000000000000005 0 0 0 0 0 0 0.2 0 0 0 0 0 0 0 0 0 0 0 0 0 0 0 0 0 0 0.6000000000000001 0.8 0 0 0 0 0 0 0 0 0 2.2 1.6 0 0 0 0 0 0 0 0 0 0 1.8 10.4 5.6000000000000005 1 2.4000000000000004 0 3.2 6.2 5.2 8.200000000000001 1.6 2 2.6 0.4 2.6 4.6000000000000005 4.6000000000000005 2 0 3.2 0 0 0.2 0 0 0 0 0 0 0 0 0 0 0 0 0 0 0.2 4.4 0 0 0 0 0 0 0 0 0 0 0 0 0 0 0 0 0 0 0 0 0 0 0 0 0 0 0 0 0 0 0 0 0 0 2.8000000000000003 0 0.2 8 8.4 0.2 0.2 0 0 0 0 0.2 0 0 0 0 2.8000000000000003 0 0 0 0 0 0 0 0 0 0 0 0 0 0 1.4000000000000001 4 0 0 0 
 0 0.4 0.8 0 0.4 14.8 0 0 0 0 3.2 0 0 40.800000000000004 0 0 0 0.2 0.4 0.2 20.8 8 93.2 35.2 14.4 11.200000000000001 12.8 17.2 0 79.60000000000001 6.2 8.6 17.8 24.6 47.6 15.200000000000001 42.400000000000006 37.2 33 29 0 0 0 0.4 0 4.6000000000000005 0 0.2 0 0 0 0 3.2 0.4 0 0 0.6000000000000001 0 12.200000000000001 0.4 0 0.2 0 0 0.6000000000000001 0 0.6000000000000001 0 0 0.2 0.6000000000000001 0.4 0 0 0 0 0 0.6000000000000001 0.8 0 0 0.6000000000000001 0 0 0 0 0 0 0 0 0 0 0 0 0 0 0 0 0 0 0 0 2.4000000000000004 10.4 0 1 0 4 0 0.2 4.6000000000000005 1.6 0.8 0.8 0 2.8000000000000003 6.2 0 0 0 4 0 2.8000000000000003 0 0 0 7.2 0 4.2 0 0 0 0.2 2 0 0.4 0 0 5.6000000000000005 8 0 0 0 0 0 0 0 0 0 0 0 0 0 2.4000000000000004 0 0 0 0 0 0 0 0 0 0 0 0 0 0 0 0 0 0 0 0 0 0 0 0 0 0 1.8 7.2 1.8 0 5.6000000000000005 4 0 6 2.2 0 6.800000000000001 3.4000000000000004 0 2 2 0 5.4 5.800000000000001 0 0 3.2 0 0.2 0 0.6000000000000001 0 5.6000000000000005 0 0 0.4 0 0 0 0 0 0 0 0 1.2000000000000002 0.8 0 0 0 0 0 0 0 0 0.4 0 0 0 0 0 0 0 0 0.2 0.2 0 0 0 3 0 0 0 0 0 0 0.2 0 0 0 0.2 2.8000000000000003 0 0.4 16 0.6000000000000001 0.4 3 0 0.2 0 0 0 2.8000000000000003 0 0 0 0 0 0 0 0 0 0 0 0 4 0 1.4000000000000001 0 0 0 0 0 0 0 0 
 0.6000000000000001 0 0 0.2 0.6000000000000001 0.4 0 0 0 0 6.4 0 0.4 0 0.4 0.4 0.4 0.2 0.6000000000000001 0.2 16.6 50.6 27.8 57.2 23.8 16 8.4 55.6 79.60000000000001 0 50 37 58 49.800000000000004 22.6 70.2 43.2 45.400000000000006 21.200000000000003 26.8 0 0 0 0.6000000000000001 6.800000000000001 0.8 0 0 0 0.6000000000000001 0 0 0 1.4000000000000001 0 0.4 13 0 13 0.4 0 0.2 0.4 0 0.6000000000000001 0 0.2 0 0.6000000000000001 0.6000000000000001 0.6000000000000001 0 0.4 0.6000000000000001 0.4 0.8 0.4 5.800000000000001 0.8 0.4 0 0 0 0 0 0.4 0 0 0 0 0 0 0 0 0 0 0 0 0 0 0 4.2 1.6 15 2.8000000000000003 2.6 0 1.4000000000000001 3 3.4000000000000004 3.4000000000000004 1.6 0 1.4000000000000001 8.6 2 1.6 3 0 0 3.6 0 0 0 0 0 2.2 0 0 0 0 0 1.6 1.6 0 0.4 0 0 0 6.800000000000001 0 0 0 0 0 0 0 0 0 0 0.4 0 0 0 0 0 0 0 3.4000000000000004 0.8 0 0 0 0.4 0.2 0 0 0 0 1.4000000000000001 0 0 0 0 0 0 0 0 0.4 0 2.6 2.6 0.2 3.6 4.4 2.6 2.4000000000000004 4.800000000000001 0.2 3.2 4.2 15.8 0 2 4 3.8000000000000003 1.6 8.4 0 0 0 0 0.2 0 0 0 2.6 0 0 0.4 0 0 0 1.4000000000000001 0 0 0.4 0 0 7.4 0 0 0 0 0 0 0 1 0 0 0 0 0.4 0 0 0 0 0.2 0.2 0 0 3 1.8 0 0 0 0 0 0 0 0 0 0 0 1.2000000000000002 0.6000000000000001 0.4 16 0 0.8 0.4 0 0 0 0 0 1.2000000000000002 0 0 0 0 0 0.4 0.2 0 0 0 0 0 2.2 0 0 0 0 2.4000000000000004 0 0 0 0 0 
 0.4 0 0.4 0 0.4 0 0 0 0 0 0 1.4000000000000001 0 0 0 0.6000000000000001 0 0 0 0.2 12.4 7.800000000000001 24.400000000000002 27.6 49.6 84.4 5.6000000000000005 36.6 6.2 50 0 84.60000000000001 50 8 29.200000000000003 43 49.800000000000004 28.200000000000003 9.600000000000001 8.6 0 0 0 13.200000000000001 0 0 12.8 15.200000000000001 0.2 0 0 0 0.2 0.6000000000000001 19.8 0 0 0 0 7 0 0 0.2 0 0 0 0.4 1 0 0 0 0 0.2 0 0 0 0 0 0 0 0 0 0 0 0 0 0 0 0 0.2 0 0 0 0 0 0 0 0 0 0 0 0 0 0 5.6000000000000005 3.4000000000000004 0 0 0 0 4 0 0 0 2 2.2 3 3.6 0 0 0 0 3.6 0 3 0 7.4 4 0 0 0 0 9.200000000000001 2 2 0 0 0 4.4 3.8000000000000003 0 0 0 0 0 0 0 0 0 0 0 0 0 0 0 0 0 0 1.4000000000000001 1.8 0 0 0 0 0 0.4 0 0 0 0 0 0 1 1 0 0 0 1.4000000000000001 0 0 0 0 11.600000000000001 7.6000000000000005 6.2 5.6000000000000005 0 5.6000000000000005 3.4000000000000004 2 6.2 0.2 0 0 0 4.6000000000000005 0.2 0.2 0 0 0.2 2.6 8.6 0 0 0 0 12.8 3.6 3.4000000000000004 0.2 0 4.6000000000000005 6.800000000000001 10.200000000000001 0 5.4 3.8000000000000003 0.6000000000000001 7.800000000000001 0 0 0 0 1.2000000000000002 0 0 0 0 0 0 0 0 0 0 0 0 0 0 0 0 0 2.8000000000000003 0 0 0.2 0 0 0 0 0 0 0 0 3.8000000000000003 0.4 1 14.600000000000001 8.6 0 0.2 0 0 0 0 0 0 0 0 0 0 0 0 0 0 0 0 0 0 0 0 0 0 0 1.8 0 2 0 0 0 
