 0 44 36 25.6 8.200000000000001 48.6 62 85 91.60000000000001 7.800000000000001 5.4 68.8 9.4 95.4 41.800000000000004 3.8000000000000003 67.4 25.6 48.6 28.8 0 0.6000000000000001 0 0 0.8 0.2 0 0 0 0 0.2 0 0.6000000000000001 1 0.4 0 0.6000000000000001 0 1 0.4 0 0.2 0 0 0 0 4.4 0 2.4000000000000004 0 0 0 0 0.4 0.8 0 0 0 0 0.2 0 0 0 1.2000000000000002 0.6000000000000001 0.4 0.4 0.6000000000000001 0.2 0.6000000000000001 0 0 0.4 0.2 0 0.4 0 0.6000000000000001 0.6000000000000001 0 3.2 7.800000000000001 1 0 1 0 9.600000000000001 7.800000000000001 2 2.6 0 0 4.800000000000001 5.800000000000001 4 13 5.6000000000000005 0.2 2.6 2 0 0 0 0 0 0 3.4000000000000004 0 0 0 0 0 4 0 0 0 0 0 0 0 0 0 0 0 0 0 0 0 0 0 0 0 0.2 0 0 0 0 0 0 0 0.4 0 0 0 0 0 0 0.8 0 0.4 0 0 0 0 0 0 0 0 0 0 0 6 2.8000000000000003 0.2 4.4 0 0 7.800000000000001 3.2 2.4000000000000004 2.8000000000000003 5.4 4.2 0 7.800000000000001 0.4 2.6 5.2 4.2 0 0 0 0 0 0 0 0 0 0 0 0 0 0 0 0 0 0 0 0 0 0 0 0 0 0 0 0 0 0.4 0 0 0 0 0 0 0 0.4 0 0 0 0 0 0 0 0 0 0 0 0 0 0 0 0 0 0 0 0 0 0 0 0 0 0 0 0 0.4 17.400000000000002 0.4 0.4 1.6 0 1.2000000000000002 3.4000000000000004 0 0.4 0 0 0 0 0 0 0 0 0 0 0 0 0 0 0 0 0 0 0 0 4.4 0 0 0 0 0 0 0 0 0 0 0 0 0 0 
 44 0 85.60000000000001 35.800000000000004 22.400000000000002 28.200000000000003 17.2 72.8 33.6 66.8 44.400000000000006 29.200000000000003 52 36.4 7.2 24.400000000000002 27.200000000000003 7 46.800000000000004 30 0.6000000000000001 0.6000000000000001 0 0 0 0 0.6000000000000001 0.4 0 0 0 0.6000000000000001 15.8 0 0 0 0.4 0 15.8 1.2000000000000002 0.6000000000000001 0 0.6000000000000001 0 0 0 0 1.6 0 0.6000000000000001 0 0.6000000000000001 0.2 0.4 0.6000000000000001 0 0.4 15.600000000000001 1.4000000000000001 0 0 0 0.2 0.4 0.6000000000000001 0.6000000000000001 0.8 7 0.2 0.8 0.2 0 0.4 0 0.8 0.6000000000000001 0.2 0.4 0.6000000000000001 0 3.2 6.6000000000000005 1.8 6.800000000000001 0 0.2 2.2 0.4 3 15 6.4 0.4 0.2 0 2.8000000000000003 2.4000000000000004 2 0.6000000000000001 0 0 0 0 0 0 0 0 3 0 0 0 0 0 3.6 3.4000000000000004 0 0 0 0 3.2 1.6 0 0 0 0 0 0 0 0 0 0 0 0 0 0 0 0 0 0 0 0 0 0 0 0 0 0 0 0 0 0 0 2 0 0 0 0 0 0 2.2 0 0 6.4 0.2 0.2 9.8 0 3.6 8.200000000000001 2.8000000000000003 1.2000000000000002 0 0 0 2.4000000000000004 7.4 3.6 0 2 1.8 3.4000000000000004 0 0 0 0 0 0 0 0 0 0 0 0 2.2 0 0 0 0 0 3.8000000000000003 0 0 0 0 0 0 0 0 0 0 0 0 0 0 0 0 3.8000000000000003 0 0 0 0 0 0 0 0 0 0 0 0 0 0 0 0 0 0 0 0 0.4 0 0 0 0 0 0 0 0 0.4 0.6000000000000001 0 0.8 0 0.4 2 0 0 0 0 0 0 0 0 0 0 0 0 0 0 0 0 0 0 0 0 0 10.200000000000001 0 2 0 2.8000000000000003 0 0 0 0 0 0 0 0 0 0 0 0 
 36 85.60000000000001 0 47.2 26.6 4.2 14.4 38 56.2 52 28 72.4 11 35.6 43.2 17 18.6 7.800000000000001 15.200000000000001 19.200000000000003 0 0.6000000000000001 0.4 0.4 0 0 0 0.4 0 0 0.4 41.2 15 0 0 0 0.2 0 7.6000000000000005 15 0 0 0 0 0 0 0 0 0 0 0 0 0.2 0.4 0.6000000000000001 0 0 0 0 0 0 0 0 0.2 0.6000000000000001 0.6000000000000001 0.6000000000000001 0.6000000000000001 9.600000000000001 0.6000000000000001 0.4 0 0.4 0 0 0.6000000000000001 0 0.6000000000000001 0.6000000000000001 0 3 0.4 6 3.4000000000000004 1.8 2.6 0.4 0 1.2000000000000002 1.6 0 3.6 0 3.4000000000000004 2.4000000000000004 1.4000000000000001 0 2.2 0 3.4000000000000004 2.6 0.2 0 0 0 0 2.6 0 0 0 0 0 0 3.4000000000000004 0 0 0 0 0 2.8000000000000003 4 0 0 0 0 0 0 0 0 0 0 0 0 0 1.6 0 0 0 0 0 0 0 0 0 0 0 0 0 0 0 0 0 0 0 0 0 0 0 0 0 2.2 6.6000000000000005 1.4000000000000001 2.2 6.6000000000000005 1.4000000000000001 6 5.4 0.6000000000000001 0.8 1.6 0 0 0 0 5 0.4 1.6 1.8 6 0 0 0 0 0 0 0 0 0.4 0 0 0 0.2 0 0 0 0 0 0 2.2 0 0 0 0 0.2 0 0 0 0 0 0 0 0 0 0 0 0 0.4 0 0 0 0 0 0 0 0.4 0 0 0 0 0.2 0 0 0 0 0 0 0 0 0 0 0 1.8 0 0 0.4 0.8 0 0.4 0.4 0 3.8000000000000003 0 0 0 0 0 0 0 0 0 0 0 0.2 0 0 0 0 0 0 0 0 0 0 0 0 2 0.2 0 0 0 0 0 0 0 0 0 0 0 0 
 25.6 35.800000000000004 47.2 0 74.60000000000001 7.6000000000000005 13.8 62 18.400000000000002 14.4 83.2 24.400000000000002 15 26 7.2 22.400000000000002 42.800000000000004 35 16.8 12 29.200000000000003 0.6000000000000001 0 0 0 0 0 0 0 0 0 0 15.8 1.4000000000000001 0.4 0 0.2 0.4 0.6000000000000001 21.6 0 0 0 0 0 0 0 0 0 0 0 0 0.2 0.4 0.6000000000000001 0 0 0 0 0 0 0 0 0.2 0.6000000000000001 0.6000000000000001 0.6000000000000001 0.6000000000000001 7 0.6000000000000001 0.2 0 0.4 0 0 0.6000000000000001 0 0.6000000000000001 0.6000000000000001 0 0 0.2 1.4000000000000001 2.4000000000000004 3.6 4 0.2 0 0.2 2.2 2.4000000000000004 2 2.6 0 0 2.8000000000000003 2.2 1.4000000000000001 0 0.2 0 0 0 0 6.4 2.8000000000000003 5.6000000000000005 3 0.4 0 0 0 0 16.2 2.6 0 0 0 0.8 0 0 0 0 0 0.2 0 0 0 0 0 0 0 0 0 0 0 0 0 0 0 0 0.4 0 0 0 0 0 0 0 0 0 0 0 0 0 0 0 1.4000000000000001 0 0 0 5.6000000000000005 4 4.6000000000000005 5.2 0 0 3.2 0 6.800000000000001 0 3.2 0 3.4000000000000004 1 0.6000000000000001 0 0 0 0 0.2 2.2 0 0 0 0 0 0 0.2 0 0 0 3.6 2.6 1.8 0 0 0 0 1.4000000000000001 0 0 0 0 0 0 0 3 0 0 0 0 0 0 0 0 0 0 0 0 0 0 0 0 0 0 0 0 0 0 0 0 0 0 0 0 0 0 0 0 0 0 0 0 0 0.4 24.400000000000002 0 10.4 0 0 2.6 0 0 0 0 0 0 0 0 0 0 0 0 0 0 0 0 0 0 0 0 0 0 0 0 0 0 0 0 0 0 0 0 0 0 0 0 0 0 
 8.200000000000001 22.400000000000002 26.6 74.60000000000001 0 24.6 23.8 18.6 57.800000000000004 17.8 58.2 57 16 36.2 56.2 11.200000000000001 10.8 11 17 22.8 0 0.6000000000000001 0 0.2 0 0 29.6 0.8 14.8 14.600000000000001 15.4 0 32.6 0 21.8 0 0 0.4 30.6 15.4 0 0 0 0 0 0 0 13 13.600000000000001 0 0 0 0 0.4 0.6000000000000001 0 0 0 0 0 0.2 0.2 0 0 0.6000000000000001 0.4 0.4 6.6000000000000005 5.6000000000000005 0.6000000000000001 0.2 0.4 0.4 0 5.6000000000000005 0.8 0 0.6000000000000001 1.2000000000000002 0 0 4 0 0 0.2 1.2000000000000002 2.6 0 0 11.600000000000001 0 2.4000000000000004 0 0 0 0 0 0 0 0 5 0 2.6 2.6 0 0 0 0 0 2 4.2 0 2 2.8000000000000003 2.6 1.8 11.4 2.6 7.4 0.6000000000000001 0 0 0 0 0 0 0 0 0.2 0.2 0 0 0 0 0 0 0 0 0 0 0 0 0 0 0 0 0 0 1.8 0 0 0.2 0 0 0 1 0 0 0 0 0 0.6000000000000001 2.8000000000000003 0 10 0 0 10.200000000000001 0 2.6 0 3.8000000000000003 0.6000000000000001 0 0 0 0 0 0 0 7 2.8000000000000003 5 0 0 0 3 11.4 4.800000000000001 5.2 4.800000000000001 1.4000000000000001 5 1.8 2.2 7.4 11.4 2.2 3.4000000000000004 2.6 0 0 0 0 0 0 0 0 0 0 0 0 0.4 0 0 0 0 0 0 0 0 0 4 0 0 0 0 0 0 0 0 0 0 0 0 0.2 0 2.4000000000000004 0 0 0 0 0 0 0 1 17 0.2 0 0.4 0 2.2 0 0 0 0 0 0 0 0 0 0 0 0 0 0 0 0 0 0 0 0 0 0 0.2 0 0 0 0 0 0 0 0 0 0 0 2 0 0 0 
 48.6 28.200000000000003 4.2 7.6000000000000005 24.6 0 5.6000000000000005 20 26.6 30.6 35.2 68.2 7 10.600000000000001 7.2 19.6 11.8 11.600000000000001 53 27.200000000000003 15.200000000000001 0.8 0 0 0 0 33 0.2 16.400000000000002 0.2 0 0 16.2 0 14.8 0 0 0 15.4 20.6 0 0 0 0 0 1 0 0 0 0 0 1 0.2 0.4 0.6000000000000001 0 0 0 0 0 0.8 0 0 0.4 0.6000000000000001 0.6000000000000001 0.6000000000000001 0.4 0 0.4 0.4 0 0.6000000000000001 0 0 0.6000000000000001 0 0.4 10 0 1.8 0 0 4.4 0 4 2.4000000000000004 0 0 3.8000000000000003 0.2 1.6 0 0 0 3 0.2 0 0 0 2.6 0 3.8000000000000003 2.8000000000000003 1 0 2.6 4.2 0 5.2 0 0 2.8000000000000003 0 2.4000000000000004 2.2 7.6000000000000005 3 2 7 3.8000000000000003 0 0 0 0 0 0 0 0 0 0 0 0 1.4000000000000001 0 0.4 0 0 0 0 0 0 0 0 0 0 0 0 0 0 0 0.2 0 0 0 0 0 0 0 0 0 0.2 3.2 1.8 1.2000000000000002 5 0 1.8 2.8000000000000003 4.2 0 0 1 0 0 0 2.2 2 0 0 11.200000000000001 0 0 0 0 0 7.2 1.2000000000000002 7.2 4.4 0 0 10 0 0 1.8 1 3.2 7.4 6.2 0 0 0.4 0 0 0 0 0 0 0 0 3.2 0 0 0 0 0 0 0 0 0 0 0 0 0 0 0 0 0 0 0 0 0 0 0 0 0 0 1.2000000000000002 0 0 0 0 0 0 1.2000000000000002 0 0.2 1.8 0.4 2.2 1.8 0 2.8000000000000003 0 0 0 0 0 0 0 0 2 0 0 0 0 0 0 0 0 0 0 0 0 0.8 2.2 0 0 0 0 0 0 0 0 0 2 0 0 0 
 62 17.2 14.4 13.8 23.8 5.6000000000000005 0 34.6 25.400000000000002 50.2 6.800000000000001 9.600000000000001 67.8 56.2 45 6.4 25.6 68.4 112.60000000000001 26.8 0 0.6000000000000001 0 0 0 0 0 0 0 0 0 0 0.6000000000000001 0 0 0 0.4 0 0.6000000000000001 0.4 0 0 0 0 0 15.4 0 0 0 0 0 0 0.4 0.4 0.6000000000000001 0 0 0 0 0 0 0 0 1 0.6000000000000001 0.6000000000000001 0.6000000000000001 0.4 0 0.4 0.4 0 0.4 0 0 0.6000000000000001 0 0.4 0.6000000000000001 0 5.800000000000001 2 3.2 0 0 0 6 4 2 3.8000000000000003 0 2.8000000000000003 4.4 3 1.8 3.6 13.4 4 2.8000000000000003 9.200000000000001 0 0 0 2 0 0 0 0 0 0 0 0 0 0 0 0 0 0 0 0 0 0 0 0 0 0 0 0 0 0 0 0 0 0 0 0 0 0 2 0 0 0 0 0 0 0 0 1.4000000000000001 0 0 0 0 0 0 0 0 0 0 0 0 0 0 3.8000000000000003 3.4000000000000004 6.4 0 3.2 2.6 0 1.2000000000000002 8 1.6 4.6000000000000005 1.2000000000000002 4.2 0.4 3.6 8.6 0.2 0 3.2 0 0 0 0 0 0 0 0 0 0 0 0 0 0 0 0 0 0 0 0 0 0 0 0 0.2 0 0 0 0 0 0 0 0 0 0 0 0 0 0 0 0 0 0 0 0 0 0 0 0 0 0 0 0 0 0 0 0 0 0 0 2.4000000000000004 0 0 0 0.4 8.4 0 0.2 0.8 0 2.2 0 0 0 0 0 0 0 0 0 0 0 0 0 0 0 0 0 0 0 0 0 0 0 0 3.6 0 0 0 0 0 0 0 0 0 0 0 0 0 
 85 72.8 38 62 18.6 20 34.6 0 53.6 25.6 25.6 74.8 61.800000000000004 43.2 29 18 9.600000000000001 11.600000000000001 11.4 24.6 0.4 0.6000000000000001 0 0.2 0 0 0.4 0 0 0 0 0 1 0 0 0 0.2 0 0.6000000000000001 21 0 0 0 0 11.8 0 0 0 0 0 0 0 0 0.4 0.6000000000000001 0 0.6000000000000001 0 0 13.200000000000001 0.4 0 0 1 1.2000000000000002 0.4 0.4 0.6000000000000001 0 0.6000000000000001 0.4 0.4 0.4 0 0 0.4 0 0.6000000000000001 0.6000000000000001 0 1.8 6.2 3.4000000000000004 1 0 3.2 2.6 0 17.8 2 5.6000000000000005 1.6 0.2 0 0 5 0 0 0 0 0 0 0 0 0 0 7.6000000000000005 0 0 0 0 0 4.6000000000000005 0 0 0 0 0 0 4 3.8000000000000003 0 0 0 0 0 0 0 0 0 0 0 0 0 0 0 0 0 0 0 0 0 0.2 0 0 0 0 1.8 0 0 0 0 0 0 0 0 0 0 0 0 0 5.6000000000000005 5.2 0 3.8000000000000003 2.4000000000000004 0 2.6 5.800000000000001 7.2 0.2 6.2 0 1.4000000000000001 0.2 3.4000000000000004 0 0.4 0 0 0 0 0 0 0 0 0 0 0 0 0 0 9.4 3.2 0 0 0 0 2.6 0 0 0 0 0 0 0 0 0 0 0 0 0 0 0 0 0 0 0 0 0 2 0 0 0 0 0 0 0 0 0 0 0 0 0 0 0.4 0.2 0 0 0 0 0 0 0 0 0 26.200000000000003 0 0.6000000000000001 18 2.2 0.4 2.8000000000000003 0 0 0 0 0 0 0 0 0 0 0 0 0 0 0 0 0 0 0 0 0 0 1.8 2.2 3.4000000000000004 0 0 0 0 0 0 0 0 0 0 0 0 
 91.60000000000001 33.6 56.2 18.400000000000002 57.800000000000004 26.6 25.400000000000002 53.6 0 56.800000000000004 51.6 9.8 57.800000000000004 40.400000000000006 70.4 24.8 71.8 29.6 46 36.800000000000004 0 0.6000000000000001 0 0.4 1 0 0 0 0 0.4 0 0 0.6000000000000001 0.4 0 0 0.6000000000000001 0 0.6000000000000001 0.6000000000000001 0 0 0 0 0.4 0 0.6000000000000001 0 0 0 0 0.4 0 0.4 0.6000000000000001 0 0.4 0 0 0 0 0 0 2 0.6000000000000001 0.4 0.4 0.6000000000000001 0.2 0.6000000000000001 0.4 0.4 0.4 0 0 0.4 0 0.6000000000000001 0.6000000000000001 0 5.800000000000001 2.2 3.4000000000000004 0 0 0 4.800000000000001 5.6000000000000005 4.2 0 1.8 0 12.200000000000001 2.4000000000000004 0 6.800000000000001 9 8 3.8000000000000003 3.2 0 0 0 0 0 0 2.2 0 0 0.2 0.8 0 4 0 0 0 0 0 0 0 0 0 0 0 0 0 0 0 0 0 0 0 0 2.8000000000000003 0 0 0 0 0 0 0 0 0 0 0 0 0 0 0 0 0.2 0.4 0 0.4 0 0 0 0.8 0 0 3 4 0 2 0 0 0 3 6.6000000000000005 0.4 2 2 2.8000000000000003 5.800000000000001 8.4 4 3.8000000000000003 1.8 10.4 0 0 0 0 0 0.2 0 0 0 0 0 0 0 0 0 0 0.2 0 0 0 0 0 0.4 0 0 0 0 0 0 2.8000000000000003 0 0 0 0 0 0 0 0 0 0 0 0 0.4 0 0 0 0 0 0 0 0 0 0 0 0.4 0.2 0 0 0 0 0 0 0 0 0 0 0.4 0.6000000000000001 0 0.6000000000000001 1.8 0 1.2000000000000002 3.4000000000000004 0 0.4 0 0 0 0 0 0.2 0 1.8 0 0 0 0 0 0 0 0 0 0 0 0 4.4 1.6 0 0 0 0 0 0 0 0 0 0 0 0 0 
 7.800000000000001 66.8 52 14.4 17.8 30.6 50.2 25.6 56.800000000000004 0 16.2 7.800000000000001 11 26.400000000000002 29.200000000000003 25.400000000000002 34.2 42.400000000000006 62.2 49.800000000000004 15.4 0.6000000000000001 0 0 0 0 0.4 0.6000000000000001 0 0 0 0 1.4000000000000001 0 0 0 0.4 0.8 0.6000000000000001 0.4 0 0 0 0 0 0.4 0 0 0 0 0 0 0 0.4 1 0 0 0 0 0 0 0 0 1.4000000000000001 0.6000000000000001 0.8 0.4 0.6000000000000001 0 0.6000000000000001 0.2 0 0.4 0 0 0.8 0 0.6000000000000001 0.6000000000000001 0 0 3.2 0.8 4 0 2 2 6.4 2.2 4 2.4000000000000004 0 4.2 0 3.8000000000000003 0.2 4 2.6 0 1.6 0.2 0 0 0 0 0 4.800000000000001 2.8000000000000003 0 0 0 0 6.4 0.2 0 1.4000000000000001 0 0 0.2 5.2 0 0 0 0 1.8 0 0 0 0.2 0 0 0 0 0 0 0 0 0 0 0 1.4000000000000001 0 0 0 0 0 0 0 0.4 0 0 0 0 0 0 2.8000000000000003 0 0 0 0 0 3.8000000000000003 0.2 0 0 1.8 0 0.4 7.6000000000000005 0 0.2 1.8 0 2.2 0 4.2 4.6000000000000005 2 0 0 3 0 0 0 0 0 0.4 0 2.4000000000000004 0.4 0 0 4 0 0 0.4 0.2 0 2 3.6 0 0 0 0 0 0 0 0 2.8000000000000003 0 0 0 0.4 0 0 0 0 0 0 0 0 0 0 0 0 0 0 0 0 0 0 0 0 0 0 0 0 0 0 0 0 0 0 0 0 0 0 0 0 19 0 1.8 3.4000000000000004 0 0 0 0 0 0 0 0 0 2 0 0 0 0 0 0 0 0 0 0 0 0 7 0 0 0 0 0 0 0 0 0 0 0 0 0 0 
 5.4 44.400000000000006 28 83.2 58.2 35.2 6.800000000000001 25.6 51.6 16.2 0 33.800000000000004 9.4 31.400000000000002 8.8 10.4 28.6 30 54.400000000000006 13.4 15.8 0.6000000000000001 0 0 0 0 15.8 0 0.2 0 0 0 30.200000000000003 0 0.6000000000000001 0 0 0.6000000000000001 0.6000000000000001 26.400000000000002 0.4 0 0.6000000000000001 0 0 0 0 0.6000000000000001 0 0 0.4 0 0.2 7.4 0.6000000000000001 0 0.4 0.6000000000000001 0 0 0 0 0 0.2 1.2000000000000002 0.6000000000000001 1.2000000000000002 0.6000000000000001 0.4 0.6000000000000001 0.2 0 1.4000000000000001 0.4 0 0.6000000000000001 0 0.6000000000000001 1.4000000000000001 0 1.8 0.2 2.2 1.2000000000000002 7 1.6 0.2 0 0.2 0 3.6 2.8000000000000003 0 0.2 0.2 5.6000000000000005 2.6 0 0.4 0 3 0 0 0 0 0 5 0 0 2.4000000000000004 0 0 0 3 0 0.4 0 0 5 0 0.2 0 0 0 0 0 0 4 0 0 0 0 0 0 0 0 0 0 0 1.6 0 0 0 0 0 0 0 0 0 0 0 1.8 0 0 4.800000000000001 0 0 0 0 0 0 1.8 0.4 2 0 0 0 0 0 3.6 0 0.2 0 1.6 0 0.4 0 0 0 0.2 0 0 0 0 0 0 1.2000000000000002 1.8 0 0 0 0.2 6.2 0 1.4000000000000001 0.2 0 7.6000000000000005 0 2.8000000000000003 0 0 0 0 0 0 0 0 0 0 0 0 0 0 0 0 0 0 0 0 0 0 0 0 0 0 0 0 0 0 0 0 0 0 0 0 0 0 0.2 0 0 0 0 0 0 0.4 0.8 0.4 17 0.2 2.8000000000000003 1.4000000000000001 0 0 0 0 0 0 0 0 0 0 0 0 0 0 0 0 0 0 0 0 0 0 0 0 2.2 0 0 0 0 0 0 0 0 0.2 0 0 0 0 
 68.8 29.200000000000003 72.4 24.400000000000002 57 68.2 9.600000000000001 74.8 9.8 7.800000000000001 33.800000000000004 0 6 90.60000000000001 85.80000000000001 23.6 114 43.2 8.6 52.2 0.8 0.6000000000000001 0 0 0.4 0 4 0 0 0 0 0.6000000000000001 1 0.4 0 0.2 0.8 0 0.8 1.6 0 0 0 0 0 0 6.800000000000001 0 0 0 0 0 0 0.4 0.6000000000000001 0 0 0 0 0 0 0 0 1.8 1.6 0.6000000000000001 0.6000000000000001 0.6000000000000001 0 0.6000000000000001 0.2 0 0.4 0 0 0.6000000000000001 0 0.6000000000000001 0.6000000000000001 0 1.8 2.6 4.4 0.2 0 0.6000000000000001 0 3.6 4 0.8 3.4000000000000004 0 2 3 0 1.2000000000000002 3.6 0 0 2.6 0.2 0 0 0 0 0 2 0 0 0 0.4 0 7.6000000000000005 0 0 0 0.2 0 2.6 5.6000000000000005 4 0 0 0 0 0 0 0 0 0 0 0 0 0 0 0 0 0 0 0 0.2 0 0.4 0 0 0 0 0 0 0.2 0 0 0 0 0 0 0 0 0 0 2 12.200000000000001 1.4000000000000001 0 7.2 1 2.2 10 6.4 4.2 2 5 4.4 0 0 3.2 0 2.2 0 0 3.2 0 0 0 0 0 0.2 0 9.200000000000001 2.2 0.4 0 0.2 1.6 0 0 0 0 6.4 0.2 0 0 0 0 0 0 0 0 0.2 0 0 0 0 0 0.4 0 0.2 0 0 0 0 0 0 0 0 0 0 0 0 0 0 1.4000000000000001 0 0 0 0 0 0 0 0 0 0 0 0 0 0 0.8 0 0.6000000000000001 0.4 3.8000000000000003 2 5.2 0 0 0 0 0 0 0 0 0 0 0 0 0 0 0 0 0 0 0 0 0 0 6.2 0.4 2 0 0 0 0 0 0 1.4000000000000001 0 0 0 0 0 
 9.4 52 11 15 16 7 67.8 61.800000000000004 57.800000000000004 11 9.4 6 0 29.8 17.8 5.6000000000000005 9.200000000000001 25.200000000000003 108.2 50 0.4 0.6000000000000001 0 0 0 0.4 0 0 4.2 0 0 0 0.6000000000000001 0 0 0 0.2 0 0.6000000000000001 14.8 13.600000000000001 0 0 0 0 0.4 0 0 0 0 0 0 0 0.4 0.6000000000000001 12.600000000000001 0 0 0 0 6.4 0 0 0 0.6000000000000001 0.4 0.4 0.6000000000000001 0 0.6000000000000001 0.4 0 0.4 0 0 0.4 0 0.6000000000000001 0.6000000000000001 0 0 3 3 0 0 0 4.2 1.8 5.2 0 0 0 0.2 7.4 6.6000000000000005 2.2 0 3.8000000000000003 4.2 3.4000000000000004 0 0 0 0 0 0 0 0 0 0 0 0 0 0 0 0 0 0 0 0 0 0 0 0 0 0 0 0 0 0 0 0 0 0 0 0 0 0 0 0 0 0 0 0 0 0 0 1 0 0 0 0 0 0 0 0 0 0 0 5.4 3.8000000000000003 0 0 2 0 0 3.2 1.8 1.6 0 2 0 4.6000000000000005 1.2000000000000002 0 0 0 0 5.800000000000001 1.2000000000000002 0 0 0 0 0 0 0 0 0 0 2.4000000000000004 0 0 0 0 0 0 0 0 0 0 0 0 0 0 0 0 0 0 0 0 0 0 0 0 0 0 0 0 0 0 0 0 0 0 0 0 0 0 0 0 0 0 0 0 0 0 0 0 0 0 0 0 0 0 0.4 0 0 0 17.6 0 2.8000000000000003 0 0 0 0 0 0 0 0 0 0 0 0 0 0 0 0 0 0 0 0 0 0 0 0 3 0 0 0 0 0 0 0 0 0 0 0 0 0 
 95.4 36.4 35.6 26 36.2 10.600000000000001 56.2 43.2 40.400000000000006 26.400000000000002 31.400000000000002 90.60000000000001 29.8 0 43.400000000000006 17.2 29.400000000000002 7.2 55.800000000000004 22.6 0 0.6000000000000001 0 0 0 0.4 0.2 0 0 0 0 0.4 0.6000000000000001 0 0 0 0.6000000000000001 0.2 0.6000000000000001 0.4 0 1 0 0 0 0 0 0 0 0 0 0 0 0.8 0.6000000000000001 0 0 0 0 0 0.8 0 0 0 0.6000000000000001 0.4 0.4 0.6000000000000001 0 0.6000000000000001 0 0 0.4 0 0.6000000000000001 0.4 0.4 3.2 0.6000000000000001 0 9.4 0.2 1.4000000000000001 4.4 0 0 1.4000000000000001 3.4000000000000004 1.2000000000000002 0.2 0.4 0.2 2 10 9.600000000000001 4.6000000000000005 0 0 0 7.800000000000001 0 0 0 0 0 0 0 0 0 0 0.4 0 0 0 0 0 0 1.2000000000000002 0 0 3 0 0 0 1.8 0 0 0 1.4000000000000001 0 2 0 0 0 0 0 0 0 0 0 0.2 0 0 0 0 0 0 0 0 0.2 0 0 1.6 0 0 0 0 1.2000000000000002 0 0 4.800000000000001 2.6 4 4.2 5.2 1.4000000000000001 3 3 0 2.6 1.6 0.4 3.6 5.2 5.2 9 1.4000000000000001 2.8000000000000003 3.8000000000000003 7.2 0.4 0 0 0 0 0 0.2 0 0 0 0.4 0 0 0 0 0 0 0 0 0 0 0 0 0 0 0 0 0 0.2 1.4000000000000001 0 0 0 0 0.4 0.6000000000000001 0.2 0 0 0 0 0 0 0 0 0 0 0 0 0 0 0 0 0 0 0 0 0 0 1.6 0 0 0 0 0 0 3.8000000000000003 0 0.4 0.4 0 2.8000000000000003 0 0 0 0 0 0 0.4 0 0 0 0 0 0 0 0 0 0 0 0 0 0.4 0 0 0 2 0 0 0 0 0 0 0 0 0 0 0 0 0 
 41.800000000000004 7.2 43.2 7.2 56.2 7.2 45 29 70.4 29.200000000000003 8.8 85.80000000000001 17.8 43.400000000000006 0 26.200000000000003 34.6 23.200000000000003 33.2 23.8 0 0.6000000000000001 0.4 0.2 0 0 0 0 0.2 0 0 0 0.6000000000000001 0 0 0 0.2 0 0.6000000000000001 0.8 0 0 0 0 0 0 0 0 0 0 0 0 0.2 0.4 0.8 0 0 0 0 0 0 0 0 1.4000000000000001 1.2000000000000002 0.6000000000000001 0.6000000000000001 0.4 0 0.4 0.2 0 0.4 0 0.4 0.6000000000000001 0 0.4 0.6000000000000001 0.6000000000000001 2.6 3 6.2 0.2 0 0 0 12.4 11.200000000000001 2.2 1.8 2.8000000000000003 5.4 0.2 1.2000000000000002 0.4 3.6 7 0.8 0 0 0 0 0 0 1 4.6000000000000005 0 0 0 0 0 0 0 0 0 0 0 0 0 0 0 0 0 0 0 0 0 0 0 0 0 0 0 0 0 0 0 0 0 0 0 0 0 0 0 0 0 0 0 0 0 0 0 2.8000000000000003 0 0 0.2 0 0 7.4 2 2 0 3.2 0 1.8 2.2 4.6000000000000005 2.6 5.2 0.2 0 0.4 0 4.800000000000001 8.4 12 5.4 3.2 0 0 0 0 0 0 0 0 0 0 0 0 0 0 0 0 0 0 0 0 0 0 0 0 0 0 0 0 0 0 0 0 0 0 0 0 0 0 0 0 0 0 0 0 0 0 0 0 0 0 0 0 0 0 0 0 0 0 0 0 0 0 3.4000000000000004 0 0 0 0.2 0 0.4 18 0 2.8000000000000003 2.8000000000000003 0 0 0 0 0 0 0 0 0 0 0 0 0 0 0 0 0 0 0 0 0 0 0 4.2 5.4 0 0 0 0 0 0 0 0 0 0 0 0 
 3.8000000000000003 24.400000000000002 17 22.400000000000002 11.200000000000001 19.6 6.4 18 24.8 25.400000000000002 10.4 23.6 5.6000000000000005 17.2 26.200000000000003 0 22 42.2 33 53.6 30.200000000000003 1.6 0 0 3.8000000000000003 0 0 0 0 0.2 0 0 0.6000000000000001 0.2 0 0 0.2 0.4 0.6000000000000001 15.4 0 0 0 0.4 0.4 0.4 0 0.2 0 0 0 0 0.2 0.4 0.6000000000000001 0.4 0 0 0 0.2 0 0 0 0.2 0.6000000000000001 0.6000000000000001 0.6000000000000001 0.6000000000000001 0 0.6000000000000001 0.4 0 0.4 0.6000000000000001 0 0.6000000000000001 0 0.6000000000000001 0.6000000000000001 0 4.2 2.4000000000000004 0 1.8 4.4 2.2 0 0 5.800000000000001 3.4000000000000004 2.2 0 1.2000000000000002 0 6 5.6000000000000005 0 3.4000000000000004 3.6 5.6000000000000005 0 0 0 0 0 0 0.2 5 0 0 0 0 2 0 0 0 0 0 2 3.2 5.2 0 0 0 0 0 0 1.6 0 0 0 0 0 0 0 0 0 0.4 0 0 0 0 0 0 0 0 0.2 3.8000000000000003 0 0 0 0 0 0 0 0 0 0 0.2 0 2.8000000000000003 0 1.8 2.4000000000000004 4.800000000000001 4 0.4 0 2.6 1 3 0.2 0 1.8 1 4.4 0 3.8000000000000003 3 3.8000000000000003 2.8000000000000003 0.2 0 0 0 0 0 0.2 0 0 0 0 3.8000000000000003 3.2 0 0.2 0 0 1.4000000000000001 2.6 0 0 0 0 0 0 0 0 0 0 0 0 0 0 0 0 0 0 0 0 0 0 0 0.4 0.2 0 0 0 0 0 0 0 0 0 0 0 0 0 0 0.4 0 3.2 0 0 0 0 0.2 0 0.2 17.400000000000002 0.6000000000000001 2.6 0 0 0 0.4 0 0 0 0 0.2 0 4 0 0 0 0 0 0 0 0 0 0 0 0.8 2.2 1.8 0 0 0 0 0 0 0 0 0 0 0 0 0 
 67.4 27.200000000000003 18.6 42.800000000000004 10.8 11.8 25.6 9.600000000000001 71.8 34.2 28.6 114 9.200000000000001 29.400000000000002 34.6 22 0 15.8 43.2 51 0 0.6000000000000001 0.4 0.4 0.6000000000000001 0 0 0 1 0 0.2 0 0.6000000000000001 0.4 0.4 0.2 0.8 0 0.6000000000000001 0.4 0.4 0 0 0.6000000000000001 0 0 0 0 0 11.8 0 0 0.6000000000000001 0.4 0.6000000000000001 0 0 0.2 0.2 0 0 0 0 2 1.2000000000000002 2.6 0.4 0.6000000000000001 10 0.6000000000000001 0.2 0 1 0 0.2 0.4 0.4 0.6000000000000001 0.6000000000000001 0 3 0.4 2.2 1.2000000000000002 0 0 0 3.2 2 0.2 2.2 2.8000000000000003 1 0 9.200000000000001 4 5.4 3.4000000000000004 0 0 0 0 0 0 0 0 3.4000000000000004 0 0 0 0 0 0.8 0 0 0 0 0 0 0 3 0 0 0 0 0 0 0 0 0 0 0 0 0 0 0 0 0 0 0.2 0.8 0 0 0 0 0 0 0 0 0 0 0 0 0.4 0 0 0 0.8 0 0 4.4 0 10.4 0 5 1.4000000000000001 2.6 0.2 4.2 1.8 3.8000000000000003 0.4 0 5.6000000000000005 3.2 0.6000000000000001 3.8000000000000003 1.6 0 2.8000000000000003 0 0 0 0 0 6.2 0 0 0 0 0 0 4.2 0.6000000000000001 0 0 0 0 0 0 0 0 0 0 0 0 0 0 0 0 0 0 0 0.2 0 0 0 0 0 0 0 0 0 0 0 0 0 0 0 0 0 0 0 0 0 0 0 0 0 0 0 0 0 0 0 0.4 8.6 0 1.2000000000000002 17.400000000000002 0.2 3.2 5 0 0 0 0 0 0 0 0 0 0 0 0 0 0 0 0 0 0 0 0 0.4 0 0.8 2 0 0 0 0 0 0 0 0 0 0 0 0 0.4 
 25.6 7 7.800000000000001 35 11 11.600000000000001 68.4 11.600000000000001 29.6 42.400000000000006 30 43.2 25.200000000000003 7.2 23.200000000000003 42.2 15.8 0 47.400000000000006 24.200000000000003 15 0.6000000000000001 0 0 0 0 0 0 0 0 0 0 0.6000000000000001 0 0 0 0.2 0.2 0.6000000000000001 15.600000000000001 0 0 0 0 0 0 0 0 0 0 0 0 0.2 0.4 0.6000000000000001 0 0 0 0 0 0 0 0 2 0.6000000000000001 0.6000000000000001 0.6000000000000001 0.6000000000000001 9.4 0.6000000000000001 0.2 0 0.4 0 0 0.6000000000000001 6.800000000000001 0.6000000000000001 0.6000000000000001 0 4.800000000000001 11.4 3.4000000000000004 0.2 0.2 5.4 6 0 0 3.2 2.2 2.4000000000000004 3 0 2.6 3.8000000000000003 0 5.2 3.6 8.4 0 0 0 0 0 0 4.6000000000000005 2.8000000000000003 0 0 0 0 5 0 2.4000000000000004 0 0 0 0.2 0 0 0 0 0 0 0 0 0 0 0 0 0 0 0 0 0 0 0 0 0 0 0 0 0 0 0 0 0 0 0 0 0 0 0 0 0 0 0 0 0 0 5.800000000000001 5.4 1.6 1.4000000000000001 0 0 0.8 3.2 0 2.2 14.8 0 1.2000000000000002 2.2 10.200000000000001 0 0 0 0 0.2 2.2 0 0 0.2 0 0 0 0 0 0 0 2.2 3.4000000000000004 2.4000000000000004 0 0 0 0 1.2000000000000002 0 0 0 0 0 0 0 0 0 0 0 0 0 0 0 0 0 0 0 0 0 0 0 0 0 0 0 0 0 0 0 0 0 0 0 0 0 0 0 0 0 4 0 0 0 1.4000000000000001 17 0 8.8 26.6 0 2.6 3.2 0 0 0 0 0 0 0 0 0 0 0 0 0 0 0 0 0 0 0 0 0 0 4.800000000000001 0.2 0.2 0 0 0 0 0 0 0 0 0 0 0 0.4 
 48.6 46.800000000000004 15.200000000000001 16.8 17 53 112.60000000000001 11.4 46 62.2 54.400000000000006 8.6 108.2 55.800000000000004 33.2 33 43.2 47.400000000000006 0 38 0.8 0.6000000000000001 0 0 0 0 0 0 0 0 0 0 0.6000000000000001 0 0 0.4 0.2 0 0.6000000000000001 0.4 0 0 0 0 0 0 0.6000000000000001 0 0 0 0 0 0.4 0.4 0.6000000000000001 0 0 0.4 0 0 1.4000000000000001 0 0 0.6000000000000001 0.4 0.6000000000000001 0.6000000000000001 5.4 0 0.4 0 0 0.4 0 0 0.6000000000000001 0 0.2 0.6000000000000001 0 4.2 3 0 2.6 0 0 0 2.8000000000000003 2.4000000000000004 0 0 0 1.4000000000000001 8.8 1.6 2.8000000000000003 1.4000000000000001 3.2 4.6000000000000005 3 0 0 0 0 0 0 0 0 0 0 0 0 0 2.2 0 0 0 0 0 0 2.8000000000000003 0 0 0 0 0 0 0 0 0 0 0 1.8 0 0 0 0 4.2 0 0.4 0 0 0 0 0 0 0 0 0 0 0 0 0 0 0 0 0 0.6000000000000001 2.8000000000000003 0 4 0 2 2.6 2.2 0 2.2 0.4 2.6 2.8000000000000003 4.4 0 2.8000000000000003 2.2 4.6000000000000005 4.4 1.8 1.2000000000000002 8 2.6 0 0 0 0 0 0.4 0 0 3.8000000000000003 0 0.2 0 0 0.2 0 0 0 0 0 0 0 0 0 0 0 0 0 0 0 0 0 0 0 0 0 0 0 0 0 0 0 0 0 0 0 0 0 0 0 0 0 0 0 0 0 0 0 0 0 0 0 0 2.6 0 0 0.2 17.400000000000002 0 0.4 0.2 0.2 4.2 0 0 0 0 0 0 0 0 0 0 0 0 0 0 0 0 0 0 0 0 0 0.2 0 0 0 0 0 0 0 0 0 0 0 0 0 0 0 0 
 28.8 30 19.200000000000003 12 22.8 27.200000000000003 26.8 24.6 36.800000000000004 49.800000000000004 13.4 52.2 50 22.6 23.8 53.6 51 24.200000000000003 38 0 0 0.6000000000000001 0 0 0 0 0.2 0 0 0 0 0 0.6000000000000001 0 0 0 0.2 0 2.2 0.4 0 0 0 1 0 0 0 0 0 0.6000000000000001 0 0 0 0.4 0.6000000000000001 0 0 0 0 0 0 0 0 0 0.6000000000000001 0.4 0.4 0.6000000000000001 0.4 0.6000000000000001 0 0 0.4 0 0 0.4 0.4 0.6000000000000001 0.6000000000000001 0 5.4 5.4 0 4.4 0 0 9.4 4.800000000000001 0.2 4.2 1 0 7 3.6 3.8000000000000003 3 0 13.600000000000001 3.2 9.600000000000001 0 0 0 0 0 0 0 0 1.8 0.4 0 0 0 0 0 0 0 0 0 0 0 0 0 0 0 0 0 0 0 0 0 0 0 0 0 0 0 0.2 0 0 0 0 0 0 0 0 0.2 1.2000000000000002 0 0 0 0.2 0 0 2.8000000000000003 0 0 0 0 0 0.6000000000000001 0 2.2 4 0.6000000000000001 0 8 0.4 2 0 1.4000000000000001 3 0 9.8 1.8 11.200000000000001 11.8 0 2.2 3.8000000000000003 0 0.4 0 0 0.2 0 0 0 0 0 0 0 0 0 0 0 0 0 0 0 0 0 0 0 0 0 0 0 0 0.4 0 0 0 0 0 0 0 0 0 0 0 0 0 0.2 0 0 2.2 0 0 0 0 0 0 0.2 0.2 0 0 0 0 0.2 0 2 0 0 0 0 17.2 0 0 1.2000000000000002 0.4 1.4000000000000001 0 0 0 0 0 0 0 0 0 0 0 0 0 0 0 0 0 0 0 0 0 0 0 0 0.2 0 0 0 0 0 0 0 0 0 0 0 0 0 
 0 0.6000000000000001 0 29.200000000000003 0 15.200000000000001 0 0.4 0 15.4 15.8 0.8 0.4 0 0 30.200000000000003 0 15 0.8 0 0 34 60.800000000000004 53 5.2 24 18 7 55.6 10.8 22.8 9 26.400000000000002 10.8 8 64.2 9.4 6.2 23.6 11.200000000000001 0 0 0 0 0.6000000000000001 0.2 0 0 0 0 0 0 0 0 0 0.6000000000000001 0 0 0 0.6000000000000001 0.8 0 0 0 0.2 0 0 0 0 0 0 0 0.6000000000000001 0 0 0.2 0.4 0.6000000000000001 0 0 0 0 0 4 11.8 0 0 0 0 3.8000000000000003 0 2.2 0.2 0 0 0 0 0 0 0 0 0 3.6 0 0 0 0 12.200000000000001 1.4000000000000001 3.4000000000000004 0 0 4.800000000000001 0 8.200000000000001 1 7.6000000000000005 3 1.4000000000000001 0 0 0 0 0 0 0 0 0 1.8 0 0 0 0.2 0 0.2 0 0.2 0 0.4 0 0 0 0 0 0 0 0 0 0 0 0.2 0 0 0 0 0.2 0 0 0.4 0 1.2000000000000002 0 0 4.4 0 4.2 0 0 0 2.6 0 3.6 0 0 0.4 0 0 0 0 0 9 3.4000000000000004 2 0 0 0 7.2 2.8000000000000003 0 0 0 2.6 10.200000000000001 6.4 5 2.4000000000000004 3.8000000000000003 0.6000000000000001 9 2.4000000000000004 0 0 0 0 0 0 0 0 0 0 0 0 0 0 0 0 0 0 0.2 0 0 0 0 0 0 0 0 0 0 0 0 0 0 0 0 0 0 0 0 0 0 0 0 0 0 0 0 0 14.4 0 0 0 0 0 0.8 0.4 0.4 0 0 0 0.4 0 0 0 0 0 0 0 0 0 0 0 0 0 0 3.2 0 0 0 0 0 0 0 0 0 0 0 0 0 0 
 0.6000000000000001 0.6000000000000001 0.6000000000000001 0.6000000000000001 0.6000000000000001 0.8 0.6000000000000001 0.6000000000000001 0.6000000000000001 0.6000000000000001 0.6000000000000001 0.6000000000000001 0.6000000000000001 0.6000000000000001 0.6000000000000001 1.6 0.6000000000000001 0.6000000000000001 0.6000000000000001 0.6000000000000001 34 0 31.8 35.800000000000004 34.800000000000004 22.6 75.4 20.400000000000002 28 50.400000000000006 10.4 35.4 8.200000000000001 28.200000000000003 24.8 27.400000000000002 21 21.200000000000003 5 54.400000000000006 0 0 0.4 0 1.2000000000000002 0.4 0.4 0 0 0 0 0 7.4 0 0 0 0.2 0 0.2 0.6000000000000001 0 0 0 9.600000000000001 0 0 4.6000000000000005 0 0 0 0.6000000000000001 0 0.6000000000000001 0 0 0.4 0.6000000000000001 0.6000000000000001 0 10.4 0.4 0 0 0 0 0 0 0 0 0 0 0 0 0 0 0 0 0 0 0 0 2 4.800000000000001 2.8000000000000003 4 10.4 0.6000000000000001 6 11.4 5.6000000000000005 5.6000000000000005 0 0 0 9.4 3.6 2.4000000000000004 2.6 0 0 0 0 0 3.2 0 0 4.6000000000000005 0.4 0 0 0 0 0 2.6 0 0 0 0 1.8 2.6 1 0 0 0 0 0 0 0 1.2000000000000002 0 0 0 0 0 0.4 0 0 0 0 0 1.2000000000000002 0 0 0 0 0 0 0 0 0 0 0 0 0 0 0 1.4000000000000001 0 0 0 0 0.4 2.6 0.4 2.2 7.800000000000001 1.2000000000000002 3.8000000000000003 0.2 2.4000000000000004 2.8000000000000003 4 0 3 0.8 0 0.2 13.600000000000001 0 0 0 3.6 0 0 0.6000000000000001 0 3.2 3.8000000000000003 0 0 0 0 0 0 0 0 0.2 0 9.200000000000001 3 0 0.4 0 0 0 0 0 0 0 0 0 0 0 0 0 0 0 0 0 0 0 0 2.2 0 0 0.4 0 0 8 0 0 0 0 0 3.8000000000000003 0 0 7.800000000000001 0.2 0.4 0.4 2.4000000000000004 0 0 0 0 0.2 0 0 0 0 0.4 0 0 0 0 0 0 0 0.4 0 1.8 0 0 0 0 0 0 0 0 
 0 0 0.4 0 0 0 0 0 0 0 0 0 0 0 0.4 0 0.4 0 0 0 60.800000000000004 31.8 0 66.60000000000001 58.2 24.8 55.6 17.6 102 54.6 5.2 38.800000000000004 55.6 23.8 86.80000000000001 45.800000000000004 26.400000000000002 60 6 8.6 0 1.4000000000000001 0 0 0.6000000000000001 0 0 0.2 0 0 0 0 0 0 0 0 0 0 0 3.2 0 0 0 0 0 0 1.2000000000000002 0 0 0 9.8 0 0.6000000000000001 0 0 0.2 0.4 0.6000000000000001 0 2.2 0 0 0 0 0 0 0 0 0 0 0 0 0 0 0 0 0 0 0 0 3.8000000000000003 5.800000000000001 4.4 8.6 10.600000000000001 10.8 0.2 0 2 2.6 6.4 4 0 0 0 1.8 0 3.8000000000000003 0 0.2 0 1.6 0 0 0 0 0 2 0 0 0 0 2.8000000000000003 5.4 1.8 0 0 4.6000000000000005 0 2 0.6000000000000001 0 0 0 0 0 0 0 2.2 0 0 0 0.2 0 1.4000000000000001 0 0 0 0 0 0 0 0 0 0 0 0 0 0 0 5 0 0 0 0 0 0 0 0 0 0 2 8 5.800000000000001 2.8000000000000003 4.2 1.2000000000000002 0 2.6 7 2.2 2.8000000000000003 0 4 0 1.8 0.4 0 0 0 3.6 0.2 0.2 0 0.4 0 8.6 1.6 0 0 0 0 0.4 0 0 0 0.2 0 2.6 0.4 0 0 0 0 0 0.8 0 0 0 0 0 0.4 0 0 0 0 0 0 0 0 0 0 0 0 0 0 0 0 0 0 0 0 0 0 1.8 0 0 9.600000000000001 15.4 0 3.6 0 0 0 0 0 0.2 0 0 0 0 0 0 0 0 0 0 0 0 0 0 2.8000000000000003 0 0 0 1.2000000000000002 0 0 0 0 
 0 0 0.4 0 0.2 0 0 0.2 0.4 0 0 0 0 0 0.2 0 0.4 0 0 0 53 35.800000000000004 66.60000000000001 0 94.60000000000001 36.6 61.6 25.400000000000002 18.400000000000002 17.6 26.200000000000003 33.2 12.8 15.4 76 61 6.6000000000000005 21 17.8 17.6 0 0.2 0 0 14 0 2 0.6000000000000001 0.6000000000000001 0 0.6000000000000001 0 0.2 0.2 0 0 0 0 12.600000000000001 1.4000000000000001 0 0 0 0 0 0 0 0 0.6000000000000001 1.4000000000000001 0 0 1.2000000000000002 0 0.2 0.6000000000000001 0.6000000000000001 0.6000000000000001 0 0 0 0 0 0 0 0 0 0 0 0 0 0 0 0 0 0.2 0 0 0 0 2.4000000000000004 5.800000000000001 3.8000000000000003 2.8000000000000003 3.2 7.2 0.4 0 5.6000000000000005 2.4000000000000004 5.2 3.6 0 0.2 0 0.4 0.2 1.4000000000000001 0 0 0 0 0 0 0 0 3.6 4.4 0 0 2 0 1.8 2.2 3.4000000000000004 1.4000000000000001 0 1.6 1.8 1.8 0.6000000000000001 0 0 0 0 0 0 0.4 1 0 0 0 0 0 0.4 0 0 0.4 0 0 0 0 0 0 0 0 0 0 0 0.4 1.8 0 0 0 0 0 0 0 0 0 0 0.2 2.2 6 6.4 5.2 0 0 0 0 1.4000000000000001 3.4000000000000004 0 0 0 7.800000000000001 3.4000000000000004 0 0 0 4.4 0 0 0 0 0 13.8 0 0.2 3.8000000000000003 0 0 0 0.4 10.600000000000001 0 0.6000000000000001 0 0 4.4 0 0 0 0 0 0 0 0 0 0 0 0 0 0.2 0 0 0 0 0 0 0 0 0 0 0 0.4 0 0 0.2 0 0 0 0 0 1.2000000000000002 0 0.4 0.2 17.6 0.2 6.800000000000001 0.4 0 0 0 0 0 0 0 0 0 0 0 0 0 0 0.4 0 0 0 0 2.4000000000000004 0 0 0 0 0 0 0 0 
 0.8 0 0 0 0 0 0 0 1 0 0 0.4 0 0 0 3.8000000000000003 0.6000000000000001 0 0 0 5.2 34.800000000000004 58.2 94.60000000000001 0 38.6 9.200000000000001 27.8 30.8 17.400000000000002 33.4 11.8 13 31.400000000000002 27.6 27.200000000000003 7.6000000000000005 23 15.4 60.400000000000006 12.8 8.6 0 0 0.6000000000000001 0 0.4 0.4 0 0 0 0 0 0 12.8 13 0 0.6000000000000001 0.2 13.600000000000001 0 0 0 0 0 0 0.2 0 0 0 0 0 0.6000000000000001 0 0 0.2 0.4 0.6000000000000001 0 0.8 0 0 0 0 0 0 0 0 0 0 0 0 0 0 0 0 0 0 0 0 4 4.4 2.2 2.4000000000000004 3 11.600000000000001 0 0 0 4.2 2.6 2.6 0 0 2.6 0 1.8 0 0 0 0.2 7.4 7 1.4000000000000001 0 0 10.4 1.8 0 2 0 0 10.8 0 2.8000000000000003 2.4000000000000004 2 0.2 0 3 0 0 0 0 0 0 0 0 3 0 0 0 0 0 1.6 0 0 0 0 0 0 0 0 0 0 0.4 0 0 0 0 0 0 0 0 0 0 0 0 0 0 0 0 2 2.6 0.6000000000000001 5.2 0 0 5.800000000000001 6 0 0 0 0 0.2 0 0 0 0 0 9.4 0 0 0 2.2 0 3 0 0.2 4.4 0 3 3.2 2.8000000000000003 1.6 0 5 8.6 4 0.2 0 0 0 0 0 0 0 0 0 0 0 0 0 0 0 0 0 0 3.4000000000000004 0 0 0 0 0 0 0 0 0 0 0 0 0 0 0 0.8 0 0.4 35 0 0.4 1.4000000000000001 0.4 0 0 0 1.4000000000000001 2.4000000000000004 0 0 0 0 0 0 0 0 0 0 0 0 0 0 2.2 0 0 0 2.2 0 0 0 0 
 0.2 0 0 0 0 0 0 0 0 0 0 0 0.4 0.4 0 0 0 0 0 0 24 22.6 24.8 36.6 38.6 0 4.6000000000000005 4.2 52.400000000000006 40.2 34.2 10.4 9.200000000000001 12.200000000000001 58.400000000000006 34 26.8 41.2 24.400000000000002 11.4 16.400000000000002 0.6000000000000001 0 0 0.6000000000000001 0.2 0 1 0.6000000000000001 0 0 0 0 0 13.200000000000001 22.8 0.4 0 31.400000000000002 15.4 0 0 9.600000000000001 0 0 0.2 0 0.4 0 0.8 0 1.8 0.6000000000000001 0 1 0.4 1 0.6000000000000001 0 0 0 0 0 0 2.2 0 0 0 0 0.8 0 0 0.2 0 0 0 0 0 0 0 3.8000000000000003 1 1.8 0 0 3.8000000000000003 0 0 0 5.2 0 1.8 2.2 0 1.6 7.6000000000000005 0 6.800000000000001 0 1.8 0 0 2.4000000000000004 0 0 0 0 1.4000000000000001 0 2 0 0 10.600000000000001 0 6.4 0 0.2 7.4 4.2 5.2 0.2 0 0 0 0 0 0 0 12 0 0.2 0 0.2 0 1.4000000000000001 0 0 0 0.4 0 0 0 0 0.2 0 0 0 0 0 0 0 0 0 0 0.4 0 0 0 0 0 2.2 0 0 0 2.8000000000000003 2.6 1 0 0 0 0 0 0 2.8000000000000003 0 0 1 0 0 0 0 0 4 0 0 0 2.4000000000000004 1.8 3.4000000000000004 0 0 0 5.4 2.2 0 0 1.6 4.2 4.800000000000001 12.600000000000001 0 0 0 0 0 0 0 0 0 0 0 0 0 0 0 3.2 0 0 0 0 0 0 0 0 0 0 0 0 0 0 0 0 0 0 1.8 0 0 1.6 1.6 0 1.4000000000000001 0 6.2 0 0 0 0 0 0 0 0 0 0 0 0 0 0 0 0 0 0 0.4 0 0 0 0 0 0.2 0 0 
 0 0.6000000000000001 0 0 29.6 33 0 0.4 0 0.4 15.8 4 0 0.2 0 0 0 0 0 0.2 18 75.4 55.6 61.6 9.200000000000001 4.6000000000000005 0 34.4 15.8 69.8 20.200000000000003 23.8 90.80000000000001 44.800000000000004 12.8 25.400000000000002 8.8 6.800000000000001 28.400000000000002 43.6 40.400000000000006 0.6000000000000001 0 0 1.2000000000000002 0 0.2 12.4 0.2 0 0 0 0 0.8 40.6 0.2 0.4 0.4 0 0.6000000000000001 9 0.4 0 0 0.4 0 0 0 0 0 0.6000000000000001 0.4 0.8 0 0 0.2 0.4 0.6000000000000001 0.4 0 0 0 0 0 0 0 0 0 0 0 0 0 0 0 0 0 0 0 0 0 4.6000000000000005 2.2 3 4.2 0.4 0.2 2 0 5.2 11.200000000000001 0.6000000000000001 0 0.4 9.4 4.6000000000000005 0 2.6 1.6 6.4 5 0 0 0 0 0 0.4 0 0 0 0 0 0 0 0 2 0 0 0 1.4000000000000001 0 0 0.4 0 0 0 2.6 0 0 0.4 0 0 0 0 0 0.2 1.2000000000000002 4.6000000000000005 0 0.2 0 0 0 0 0 3.4000000000000004 0 0 0.8 0 0 0 0 1 0 1.8 0 0 0 0 0 5.6000000000000005 0.4 0.2 0 3.8000000000000003 0 4.2 7 7.800000000000001 1.8 6.2 5.4 9 0 0 3.4000000000000004 0.2 6.4 4.2 0 0 0 0 0 0 0 0 0 0 0 0 0 0 0 0 0 0 0 0.4 0 0 0 3.2 0 0 0 0 0 0.2 0 0 0 0 0 0 0 0 2.2 0 0 0 0 0.2 0 0 0 0 0 0 0 0 0.4 0 0 1.6 0.4 0.6000000000000001 0.2 0 0.4 0.4 0 0 0 0 0 0 0 0 0 0 0 0 0 0 0 0 0 0 0 0 0 0 0 0 0 0 0 0 0 
 0 0.4 0.4 0 0.8 0.2 0 0 0 0.6000000000000001 0 0 0 0 0 0 0 0 0 0 7 20.400000000000002 17.6 25.400000000000002 27.8 4.2 34.4 0 76.60000000000001 26.400000000000002 20.8 49.6 18 87.80000000000001 102 16.8 20.200000000000003 23.6 27.8 16.400000000000002 0 0.6000000000000001 0 0 0.6000000000000001 0 0 0.2 0 0 0 0 0.2 0 0 0 0 0 0 0.6000000000000001 0.8 0 0.8 0 0 0 0 0.6000000000000001 0 0 0 0 0.6000000000000001 0 0 0.4 0.6000000000000001 0.6000000000000001 0 0 0 0 0 0 0 0.2 0 0 0 0 0 0 0 0 0 0 0 0 0 0 0.2 2.6 2.6 7.4 6.6000000000000005 1.6 2.6 1.8 4.6000000000000005 0.2 6.6000000000000005 4.4 0 3.2 3 0 4.800000000000001 0 0 1.4000000000000001 0 0 0 0 0 0 8.4 0 0 0 0 0 0 0 0 0 0 0 3.8000000000000003 2.4000000000000004 0 0 0 0 0 0 0 0 0 0 3 0.2 0 0 0 0.2 0 0 0 0 0 0 0 0 0 3.6 0 0 0.4 0 1.4000000000000001 0 0 0 0 0 0 0 0 0 0 2.2 1.6 2.4000000000000004 8 1.4000000000000001 3 0.2 3.8000000000000003 5.800000000000001 7.2 6.6000000000000005 0 2.8000000000000003 0 3.4000000000000004 1.2000000000000002 4.4 0 0 0 0 0 0 0 0 2 0 0 0 0 0 0 0 0 0 0 0 0 0.8 0 0 0 0 0 0 0 0 0 0 0 0 0 0 0 0 0 0 0 0 0 0 0 0 0 0 0 0 0 0 0 0 0 0 0.4 0 0 15.200000000000001 1.2000000000000002 0 4.6000000000000005 0 0 0 0 0 0 0 0 0 0 0 0 0 0 0 0 0 0 0 0 3 0 0 0 0.2 1.8 4.2 0 0 
 0 0 0 0 14.8 16.400000000000002 0 0 0 0 0.2 0 4.2 0 0.2 0 1 0 0 0 55.6 28 102 18.400000000000002 30.8 52.400000000000006 15.8 76.60000000000001 0 35.6 24.200000000000003 29 43.800000000000004 40.800000000000004 86.60000000000001 26.400000000000002 11 11 28.200000000000003 41.400000000000006 0 0.4 0.2 0 0.6000000000000001 0 1.4000000000000001 0.2 0.6000000000000001 0 0 0.2 0 0 0 0 0.6000000000000001 0 0 0.4 1.2000000000000002 0 0.6000000000000001 0 0.6000000000000001 0 0.4 1.4000000000000001 10.4 0 0.6000000000000001 0 0.6000000000000001 0 0 0.4 0.4 0.6000000000000001 0 0 0 0 0 0 0 0 0 0 0 0 0 0 0 0 0 0 0 0.4 0 0 3 2.4000000000000004 4.2 19.200000000000003 5.4 0.6000000000000001 2.4000000000000004 1.8 2.6 7.800000000000001 0 0 0 1.8 7.800000000000001 0.2 1.8 0 0 5.800000000000001 0 0 0 2.8000000000000003 0 0 0 0 0 0 0 0 0 0.2 0 0 0 0 1.8 6.4 0 0 0 0 0 0 0 0.2 0 0 0 0 0 0 0 1.2000000000000002 0 0 0 3.6 0.2 0 0 0 0 0 0 0 0 0 0 0 0 0 0 0 0 0 0 0.4 4.4 0 0 9.600000000000001 6.800000000000001 0 2.6 2.6 6.2 4.6000000000000005 3.4000000000000004 3.8000000000000003 4 1.8 1.6 9 2 3.8000000000000003 1.6 0 0 0 0.2 1.4000000000000001 0.4 0 3 0 0 0 0 0 0 0.4 0 0 0 0 0 3.6 0 0 0.2 0 0 0 0 0 0 0 0 0.4 0 0 0 0 0 4.6000000000000005 0 0 0 0 0 0 0 0 0 0.4 0 0 0 0 0 0.2 1.6 0 0.4 0.2 15.4 0.2 0.4 0 0.4 0 0.4 0 0 0 0 0 0 0 0 0 0 0 0 0 0 0 0 4.2 0 0 0 3.4000000000000004 2.6 0 0 0 
 0 0 0 0 14.600000000000001 0.2 0 0 0.4 0 0 0 0 0 0 0.2 0 0 0 0 10.8 50.400000000000006 54.6 17.6 17.400000000000002 40.2 69.8 26.400000000000002 35.6 0 30.8 12.8 25.200000000000003 61.6 29 73.2 68.60000000000001 86.2 24.8 36 0 0 0 0.6000000000000001 0.4 0.2 0.6000000000000001 3.4000000000000004 0 0.4 0 12.600000000000001 0 0.4 0 0 0 0 12.8 14.4 0 0 0.8 0 9.8 0.4 0.8 0.6000000000000001 0 0 0 0 0.6000000000000001 0 0 0.6000000000000001 0.6000000000000001 0.6000000000000001 0 0.4 0 0 0 0 0.4 0 0 0 0 0 0 0 0 0 0 0 0 0 0 0 0.2 7.6000000000000005 2.4000000000000004 8.8 4.800000000000001 1.2000000000000002 3.6 0.2 3.2 3 6.6000000000000005 0 0 8.200000000000001 0 2 0 3.4000000000000004 0 2.4000000000000004 0.4 0 2.4000000000000004 0 0 0 0 0 0 0 0 0 0 9.600000000000001 1.6 0 0 3.4000000000000004 1.8 6.800000000000001 0 0 0 0 0 0 0.4 0 0 0.2 0 0 0 0 0 1.2000000000000002 0 0 0 0 0 0 0 0 0 0 0 0 0 0 0 0 0.4 0 0 0 0 0 0 0 2.4000000000000004 0.2 5 0 10.200000000000001 2 5.6000000000000005 4.800000000000001 0.6000000000000001 6.800000000000001 14.600000000000001 3.6 0 0 0.4 9.600000000000001 0.6000000000000001 1.4000000000000001 0 0.2 0.2 0 0 0 0 0 0 1.8 4.2 0 0 0 0 2 0 0 0 0 0 9.4 0 0 0 0 0 0 0 0 0 0 0 0 0 0 0 0 0 2.4000000000000004 0 0 0 0 0 0 0 0 0 0 0 0 0 0 0 0 0 0.4 0 0.8 0.2 0.2 0 0 0 0 0 0 0 0 0 0 0 0 0 0 0 0 0 0 0 0 0 5.4 0 0 0 0 0 0 0 0 
 0.2 0 0.4 0 15.4 0 0 0 0 0 0 0 0 0 0 0 0.2 0 0 0 22.8 10.4 5.2 26.200000000000003 33.4 34.2 20.200000000000003 20.8 24.200000000000003 30.8 0 25.6 11.200000000000001 27.400000000000002 13 34.800000000000004 54.6 37.6 4.800000000000001 62.800000000000004 16.6 13.200000000000001 0 0 0.6000000000000001 0 12.4 0.4 0 0 0 0 23.6 0.2 0 0 0.4 0.2 17.400000000000002 13 0 1.4000000000000001 0 0 0 0 0 0 9.8 0.2 0 0 0.6000000000000001 0 9.600000000000001 0.4 0.6000000000000001 0.6000000000000001 0 2 0 0 0 0 0 0 0 0 0 0 0 0 0 0 0 0 0 0 0 0 0 3.6 0 3.2 0 0 0 5 2.6 2.8000000000000003 0.4 6.6000000000000005 0 0 4.2 2.4000000000000004 0 2.2 0 0.4 3.8000000000000003 10.600000000000001 2 0 0 0 4.2 3.6 0 0.2 0 0 6.4 2 0 3.6 0 0 9.200000000000001 5 0 0 0 0 0 0 0.6000000000000001 0 0 3.8000000000000003 0 0 1.6 0 0.4 0 0 0 0 0 1.2000000000000002 0 0 0 0 0 0 0 0 0.2 0 0 0 0 0 0 0 0 0 0.2 0 0 0.2 0 2.6 2.8000000000000003 0 4.2 0 0 2.6 6.2 0 3.2 1 0.2 3.6 4.800000000000001 0 0 2 0 5.6000000000000005 0 0.2 0 0 0 0 2 0 0 0 3.6 0 3.6 0 0 6 2.6 0 0 0.4 0 0 0 0 0 0 0 0 0.2 0 0 0 0 0 0 0 0 0 0 0 0 0 0 0 0 0 0 0 0 0 0 1 0 0 15.200000000000001 2 0 0.4 0.4 0 0 0 0 1.6 0 0 0 0 0 0 0 0 0 0 0 0 2.2 0 0 0 0 0 0 0 0 0 0 
