 0 18.8 73.4 57 72 7.800000000000001 80.2 59 36.2 66.60000000000001 27.6 21.400000000000002 74.8 10.200000000000001 20.8 65.60000000000001 17.8 68.4 27.8 48.2 0 0.2 0 0 0 0.6000000000000001 0 16.400000000000002 0 0 0.4 0 0 17.2 0 0 0.4 0 16.2 0 0 0 0 0 0.2 0.4 0 0 0 0 0 0 0.6000000000000001 0 0 0 0 0 0 0 0 0 0.6000000000000001 0 0 0.4 0 7.2 0 0.6000000000000001 0 0 0 0 0 0 0.2 0 0 0 3.6 2 2.2 3.6 1 6.4 0 4 11.200000000000001 1.2000000000000002 0.2 0 0.2 3.6 0 3.4000000000000004 0.2 2 2.2 0.8 3.8000000000000003 0 0 0 0 0 5.2 0 0 0.2 0 0 6.2 2.8000000000000003 0.2 0 0.6000000000000001 0 0 0 0 0 0 0 0 0 0 0 0 0.4 0 4 0 0 0 0 0 0 2.8000000000000003 0 0 0 0.2 0 0 0 0 0 0 0 0 0 0 0 0 0 0 0 0 0 2 0 6.800000000000001 0 7.800000000000001 0.2 1.4000000000000001 0.6000000000000001 2.6 2.2 0.2 0 3.4000000000000004 3 5.6000000000000005 0 14.200000000000001 0 3.4000000000000004 0.4 0 0 0 0 0 0 2 0 0.2 0 0 0 0.2 0 0 0 0 0 2.2 0 0 0 0 0 0 0 0 0 0 0 0 0 0 0 0 0 2 0 0 0 0 0 0 0 0 0 0 0 0 0 0 0 0 0 0 0 0 0 0 0 0 5.6000000000000005 0 0 0 0 1 0.2 0.8 0 0.4 0.4 0 0 0 0 0 0 0 0 0 0 0 0 0 0 0 0 0 0 0 0 0 0 0 0 2 0 0 0 1.6 0 0 2 0 0 0 0 0 0 
 18.8 0 16.8 42.400000000000006 9 25.6 23.8 38.6 29.8 59.800000000000004 25.400000000000002 38 13.200000000000001 15.4 37.800000000000004 35.800000000000004 26.200000000000003 48.6 8.6 16.400000000000002 0 0 0 0 0 0.6000000000000001 0 0.6000000000000001 0.4 0.4 0 0 0 0 0 15.4 0.2 0 0 0 0 0 0 0 0.6000000000000001 0.6000000000000001 0 0 0 0 0 0 0.6000000000000001 0 0 0 0 0 0 0 0 0 0.4 0 0 0.4 0 0 0 0.6000000000000001 0 0 0 0 0.2 0 0 0 0 0 0 5 2.6 5.4 0 0 2.4000000000000004 5 2.2 2.2 9.200000000000001 0 2.8000000000000003 12.4 2.6 0 3.8000000000000003 11.200000000000001 7 1.4000000000000001 0 0.4 0 0 0 0 0 0 0 0 0 0 0 0 0 0 0 0 1.2000000000000002 0 0 2.2 0 0 0 0 0 0.2 0 0 0 2 0 0 0 0 0 0 0 0 0 0 0 0.2 0 0 0 0 0 0 0 0 0 0 0 0 0 0 0 0 8.200000000000001 2 0 5.4 0 0.4 0 1.4000000000000001 8.200000000000001 4.800000000000001 6.6000000000000005 0 0 5.2 0 0 0 2.2 5.800000000000001 0 0 0 0 0 0 0 0 0 0 0 0 0 0 0 0 0 0 0.6000000000000001 0 0 0 0 2.4000000000000004 0 0 0 0 0 0 0 0 0 0 0.2 0 0 0 0 0 0 0 0 0 0 0 0 0 0 0 0 0 0 0 0 0 0.2 0 0 0 0 0 0.6000000000000001 0 0 0 0.4 0.2 0 0.4 0.2 0 1.4000000000000001 0 0 0 0 0 0 0 0 0 0 2.8000000000000003 0 0 0 0.4 0 0 0 0 0 0 0 0 4.800000000000001 0 0 0 0 0 0 0 0 0 0 0 0 0 0 
 73.4 16.8 0 38.6 7.2 42.2 22.8 26 83.2 107.80000000000001 56 31 12.200000000000001 15 51 15.8 65.4 56.2 67 48.400000000000006 0 0 0 0 0 0.6000000000000001 0 0.6000000000000001 0.2 0 0 0 14.600000000000001 0 0 0 0.4 0 0.2 0 0 0 0 0 0.4 0.4 0 0 0 0 0 0 0.6000000000000001 5.4 0 0 0 0 0 0 0 0 0.6000000000000001 0 11.8 0.4 0 0 0 0.6000000000000001 0 0 0 0 0 0 0 0 0 0 8 15.200000000000001 3.6 11 1.8 2.2 2.8000000000000003 0 3.8000000000000003 2.2 3.4000000000000004 1.8 0 4.4 2.8000000000000003 2.8000000000000003 5.800000000000001 7 0 3 7.4 3.8000000000000003 0 0 0 0 0 2 3.4000000000000004 0 0 0 3 0.2 0 6 0 0 3 6.2 0 0 0 0 0 0 0 0 0 0 0 0 0 0 0 0 0 0 0 0 0 0 0 0 0 0 0 0 1.6 0 0 0 0 0 0 0 0 0 0 0 0 2.8000000000000003 3 3.2 3.4000000000000004 0 0 0 0 5.4 2.6 1.6 1.8 0 2.6 5 7.6000000000000005 3.2 0 2.2 0 1.8 0 0 0 0 4.2 0 2.6 0 0 0 0 1.8 0 0 0 0 0.4 2 0 0 0 0 0 0 0 0 0 0 0 0 0 0 0 0 0 0 0 0 0.4 0 0 0 0 0 0 0 0 0 0 0 0 0 0 0 0 0 0 0 0 0 0 0 0 0.4 0.2 0.4 19 17.6 0 0 0 0 0 0 0.2 0 0 0 0 0 3.6 0 0 0 0 0 0 0 0 0 0 0 0 0 1.6 2.6 0 0 0 0 0 0 0 0 0 0 0 0 
 57 42.400000000000006 38.6 0 36.800000000000004 28.200000000000003 11.600000000000001 49.6 19.8 29.200000000000003 90.80000000000001 9.8 13.4 57.2 16.2 11.8 12 13.4 16 70.4 0 0 14.600000000000001 0.4 3.6 0.6000000000000001 0 0.6000000000000001 0.4 0 0 0 18.2 0.8 0 0 0.2 0 0.2 0 0.2 0.2 0 0 0.6000000000000001 0.6000000000000001 0.2 0 0 0 0 0.2 0.6000000000000001 0.2 0 0 0.2 0 0 0 0 0 0.4 0 0 0.4 0 0.8 0 0.6000000000000001 0 0 0 0 0 0 0 0 0 0 11 1 5 7.6000000000000005 2.6 2.8000000000000003 4.2 4 10.200000000000001 0 4.6000000000000005 0 0 6.800000000000001 4 5.2 0.4 6 0 1.6 0 0 0 0 0 0 0 0 0 0 0 0 0.4 0 0 2 0.4 0 2 2 0 0 0 0 0 0 0 0 0 0.4 0.2 0 0 0 0 0 0 0 0 0 0 0 0.2 0 0 0 0 0 0 0 0.6000000000000001 0 0 0.4 0 0 0 0 0 0 5 5 2.6 1.6 2.4000000000000004 0 4.6000000000000005 0.8 5.2 0 6.6000000000000005 0 0 0 0 0.4 0.4 3.2 0 0.4 0 0 0 0 0 0 0 0 1.2000000000000002 0 0 0 0 0 0 0 0 0 9 0 0 0 0 0 0 0 0 0 0.4 0 0 0 0 0 0 0 0 0 0 0 0 0 0 0 0 0 0 0 0 0 0 0 0 0 0 0 0 0 0 0 0 0 0 0 0 0.8 2 0 0.2 0.2 0.2 0.6000000000000001 0 0 0 0 0 0 0 0 0 0 5 0 0 0 0 0 0 0 0 0 0 0 0 0.2 0 0 0 0 0 0 0 0 0 0 0 0 0 0 
 72 9 7.2 36.800000000000004 0 15.200000000000001 12.200000000000001 17.6 48.400000000000006 18.400000000000002 28.200000000000003 34.6 14.8 18.2 35.2 59.6 10 53.2 12.600000000000001 59.400000000000006 29.400000000000002 24.8 0.8 0.4 0 0.6000000000000001 7.2 8 0.2 0 0 0 0 29.8 15 0 0 17.8 0.6000000000000001 14.8 0 0.6000000000000001 0 0 13.4 0.4 0.2 0 0 0 0 0 0.6000000000000001 4.6000000000000005 0 0 0.4 14.600000000000001 0.6000000000000001 0.4 0 0 0.6000000000000001 0 0.4 0.4 0 0.6000000000000001 0.4 0.4 0 0 0 0 4 0 0 0 0 0.8 0 0 5.6000000000000005 3.4000000000000004 5.4 7.2 2 0 2.2 0 2 0.6000000000000001 0 0 1.8 6.4 3 2.6 0 0 3.2 0 0 0 0 0 0.2 2.8000000000000003 5.6000000000000005 0.4 2.6 2.2 0 8 8.8 1.2000000000000002 4.2 0 4.6000000000000005 4.2 0 0 0 0 0 0 0 0 0 0 0 0 0 0 0 0 0 0 3 0 0.2 0 0 0 0 0 0.4 3 0 0 0.4 0 0 0.8 0 0 0 0 0 0 0 4.6000000000000005 5.2 0 1.2000000000000002 3 0 0 0 0.2 0 5.4 0 0 6.6000000000000005 0 3.4000000000000004 0.2 0 0 1.8 2 3 0 0 0 0 7.2 1.2000000000000002 0 0 0 3.4000000000000004 2 4.800000000000001 2.6 0 2.2 19 2.2 0 0 0 0 0 0 0 0 0 0 0 0 0 0 0 0 0 0 0 0 0 0 0 0 0 0 0 0 0 0 0 0 0 0 0 0 0 0 0 0 0 0 1.4000000000000001 0 0 0.4 17.6 0.2 0.4 0 0.2 0 1.4000000000000001 0 0 0 0 0 0 0.2 0 0 0 0 0 0 0 0 0 0 0 0 0 0 0 0 0 0 0 0 0 0 0 0 0 0.6000000000000001 0 0 0 0 
 7.800000000000001 25.6 42.2 28.200000000000003 15.200000000000001 0 11.4 24.6 48.6 16 24 12.4 6.4 50.800000000000004 11.200000000000001 12.200000000000001 46.2 31.400000000000002 10.4 11.200000000000001 19.6 0 0.8 12.200000000000001 0.8 0.6000000000000001 0.4 0.8 0.4 0 14.600000000000001 0 31.200000000000003 4.800000000000001 0 0 0.2 0 0 0 0 0 0 0 0 0.4 0 0 0 0 0 0 5 0 11.8 0 0 0 0 0 0 0 12.4 0 0 0.4 0 0.6000000000000001 0 0.4 0 0 0 0 0 9.4 0 0 0 0 0.2 0 8 2.8000000000000003 4.2 4.2 1.8 0.4 0 2 3.8000000000000003 7 2.8000000000000003 0 2.2 2 4 1.6 0 0 0.2 3.2 0 0 0 0 0.2 0.4 2.6 0 8.200000000000001 0 4.800000000000001 2.8000000000000003 0 1.6 0 0 2 8.4 0 0 0 0 0 0 0 0 0 0 0 0.2 0 0 3.8000000000000003 0 0 0 0 0 0 0 0 0 0 0 0.8 0 0 0 0.6000000000000001 0 0 0.8 0 4.4 0 0 0 0 2 3 1.6 0 5.800000000000001 2.4000000000000004 0.2 0 4.2 2 0 2.6 0.2 0 2.6 0.4 4 3.8000000000000003 0 0 0 3 3.2 8.8 0 0 9.200000000000001 4 1.2000000000000002 8.200000000000001 0 0 1.8 2 0 0 0.4 0 2.6 0 0 0 0.4 0 0 0 0 0 0 0 0 0 0 0 0 0 0 0 0 0 0 0 0 0 0 0.2 0 0 2.4000000000000004 0 0 0 0 0 0 0 0 0.4 0 0 0 3.6 0 0 0.2 1.2000000000000002 19.6 0 8.6 0.4 0 0.2 0 0 0 0 0 15 0.6000000000000001 0 0 0 0 0 0 0 0 0 0 0 0 0 0.4 0 0 0 2.2 0 0 0 0 0 0 0 0 0 0 0 0 0 
 80.2 23.8 22.8 11.600000000000001 12.200000000000001 11.4 0 16.8 52.400000000000006 25.200000000000003 10 49.2 37.2 81.80000000000001 47 41.800000000000004 26 68.2 15.8 9 0 0 0 0 0 0.6000000000000001 0 0.6000000000000001 1 0 0 0 0 0 0 0 0.2 0 0 0.4 0 12.600000000000001 0 0 0.2 0.4 0 0 0 0 0 0 0.6000000000000001 0 0 0 0.2 0 0 0 0 0 0.6000000000000001 0 0 8 0 0.2 0 0.6000000000000001 0 0 0 0 0 0 0 0 0 0 7.2 5.800000000000001 0 11.200000000000001 0 0.6000000000000001 3.8000000000000003 0 3.8000000000000003 0.2 5.6000000000000005 1.2000000000000002 8.200000000000001 0 8.6 3.8000000000000003 0 3.2 4.4 4.4 0 0 0 0 0 0 0 0 0 0 0.2 0 0 0 0 0 0 0 0.2 0 0 0 0 0 0 0 0 0 0 0 0 0.4 0 0 0 0 0 0 0 0 0 0 0 0 0 0 0 0 0 0 0 0 0 0 0 0.4 0 0 0 0 8 0 7.4 4 0 0 5.6000000000000005 4.4 3 5.2 2 0 0 2.8000000000000003 3.6 0.4 6.6000000000000005 0 8 0.2 0 0 0 0 0 0 0.4 0 0 0 0 0 0 0 0 0.2 0 0.4 0 0 0 0 0.2 0 0 0 0 0 0 0 0 0 0 0 0 0 0 0 0 0 0 0 0 0 0 0 0 0 0 0 0 0 0 0 0 0 0 0.2 0 0 0 0 0 0 0.4 0.2 0.4 0 0.4 0 0.2 1.8 0.2 0.2 0 0 0 0 0 0 0 0 0 0 0 0 0 0 0 0 0 0 0 0 0 2 0 0 0 0 0 0 0 0 0 0 0 0 0 0 
 59 38.6 26 49.6 17.6 24.6 16.8 0 33.4 29 10 26.6 150.4 42 52.2 51.800000000000004 8 41.800000000000004 34.6 9.600000000000001 0 0.4 0 0 0 0.6000000000000001 0 0.6000000000000001 0.4 0 0 0.4 0 0.2 0 0 0.4 0 0 0 0 0 0 0 0.2 0.4 0.2 0 0 0 0 0 0.6000000000000001 0 0 0 0 0 0 0 0 0 0.6000000000000001 0 0 0.4 0 0.2 0.8 10.200000000000001 0 0.4 0 0 0 0 0 0 0 0 6.2 5 4 6 0 2 2 5.800000000000001 3.4000000000000004 1.8 3 4 0 5.800000000000001 0.2 2 3.2 0.2 0 7.2 0 1.8 0 0 0 0 0 0 0 0 0 0 2 0 0 0 0 0 0 0 0 0 0 0 0 0 0 0 0 0 0 0 0 0 0 0 0 0 0 0 0 0 0 0 0 0 0 0 0 0 0 0 0 0 0 0 0 0 0 0 0 1.8 0 2.2 1.4000000000000001 0 2 3.2 3.8000000000000003 0.4 4 0 2.6 5.2 1 2.6 0 4.6000000000000005 0 6.2 0 0 0 0 0 0 0.2 0 0 0 0 0 0 0 0 0 0 0 0 0 0 0 0 0 0 0 0 0 0 0 0 0 0 0 0 0 2.2 0 0 0 0 0 0 0 0 0 0 0 0 0 0 0 0 0 0 0 0 0 0 0 0 0 0 0 0 0.4 0 0.4 0 17.8 3.6 1.2000000000000002 0 0 0 0 0 0 0 0 0 0 3.2 0 0 0 0 0 0 0 0 0 0 0 0 0 0 0 0 0 0 0 0 0 0 0 0 0 0 0 
 36.2 29.8 83.2 19.8 48.400000000000006 48.6 52.400000000000006 33.4 0 62 79.4 42.400000000000006 20.6 41 184.20000000000002 77.80000000000001 68.60000000000001 50.800000000000004 14.200000000000001 32.4 0 0 0 0 0 0.6000000000000001 0 0.6000000000000001 15 0 0 0 0 0 0 4.2 0.2 0 0 0.2 0 0 0 0 0.6000000000000001 0.6000000000000001 0 0 0 0 0 0 0.6000000000000001 0 0 0 0 0 0 0 0 0 0.4 0 10 0.4 0 0 0 0.6000000000000001 0 0 0 0 0 0 0 0 0 0 10 5.2 6.6000000000000005 9.8 4.4 4.2 0.6000000000000001 0 2.2 2 8 1.8 2.6 3.6 9.200000000000001 1 9.4 10 0 1.6 0 0 0 0 0 0 3.8000000000000003 0 0 0 0 0 0 0 0 0 0 0 1.4000000000000001 1.8 0 0 0 0 0 0 0 0 0 0 0 0 0 0 0 0 0 0 2 0 0 0 0 0 0 0 0 0 0 0 1 0 0 1.4000000000000001 0 0 3 0 0 0 6.4 2.2 5.4 4.4 2.8000000000000003 0.2 2.6 1 0.2 2.6 0.8 0 0 3.6 9.600000000000001 0 4.2 0.2 0 3.4000000000000004 0 0 0 0 0 0 2.8000000000000003 0 0 0 0 0 0 0 0 0 0 0 2.4000000000000004 0.2 0 0 0 0 0 0 0 0 0 0 0 0 0 0 0 0 0 0 0 0 0 0 0 0 0 0 0 0 0 0 0 0 0 1.4000000000000001 0 0 0 0 0 0 0 3.2 0 0 0 0 25.8 0 0.4 0 4.2 0.4 0 0 0 0 0 0 0 0 0 0 0 0 0 0 0 0 0 0 0 0 0 0 0 0 0 0 0 0 0 0 0 0 0 0 0 0 0 0 
 66.60000000000001 59.800000000000004 107.80000000000001 29.200000000000003 18.400000000000002 16 25.200000000000003 29 62 0 21 9.8 52.800000000000004 79 22.200000000000003 51.800000000000004 38.400000000000006 48.400000000000006 32 15 0 0 0 0 0 0.6000000000000001 0 0.8 0.4 0 0 0 29.200000000000003 0 0 0 0.2 0 0 0 0 0 0 0 0 0.4 0 0 0 0 0 0 0.4 0 0 0 0 0 0 0 0 0 0.6000000000000001 0 0 0.4 0 0.4 0 0.6000000000000001 0.6000000000000001 0 0 0 0 0 0 0 0 0 2.8000000000000003 0 2.8000000000000003 2.2 0 0.2 0 3 8.200000000000001 4.6000000000000005 2 0.4 0 10.8 3 0.2 0.2 3 3.4000000000000004 0 1.6 0.2 0 0 0 0 2.2 1.2000000000000002 15 0 0 0 0.6000000000000001 0 0.2 1.4000000000000001 0 0 0 4.6000000000000005 0 0 0 0 0 0 0 0 0 0 0 0 0 0 2.6 0 0 0 0 0 0 0 0 0 3.4000000000000004 0 0 0 0 0 0 0 0 0 0 0 0 2.8000000000000003 0.4 0 4.4 8 0 0 0 0 0.2 2.6 10 0.4 5 0 0.6000000000000001 0 0.4 7.2 4.6000000000000005 5.2 2 0.2 0 0 0 0 0 0 11.4 0 4.6000000000000005 0 0 0 0 0 0 0 0 8.200000000000001 3 0 0 0 0 0 0 0 0 0 0 0 0 0 0 0 0 0 0 0 0 0 0.2 0 0 0 0 0 0 0 0 0 0 0 0 0 0 0 0 0 0 0 0 0 0 0 0 0 0.2 0 0.4 0.6000000000000001 0 0.2 0.2 0 0 0 0 0 0 0 0 0 2.4000000000000004 0 0 0 0 0 0 0 0 0 0 0 0 5.800000000000001 2.8000000000000003 0 0 0 0 0 0 0 0 0 0 0 0 0 
 27.6 25.400000000000002 56 90.80000000000001 28.200000000000003 24 10 10 79.4 21 0 31 26.400000000000002 24.8 46.6 56.2 66 15.600000000000001 51.400000000000006 56.800000000000004 0 0 0.2 0.4 0 1 0 0.6000000000000001 0.4 0.2 0 0 0 14.8 0 15.4 1 0 14.600000000000001 0 0 0 0 0 1 0.8 0.4 0 0 0.4 0.4 0 3.6 2.8000000000000003 0.4 0 0.2 0 0.6000000000000001 0 0 0 0.4 0 0 0.4 0 0 0 0.6000000000000001 0 0 0 0 0.8 0 0 0 0 0 3.2 2.8000000000000003 3 7.2 5 6.800000000000001 4.4 2 3 0 4.4 1.2000000000000002 0 2.6 4 5.4 2.6 4.6000000000000005 0 2.2 2 0 0 0 0 0 0 0 0 0 0.2 0 3 0 0.2 1.4000000000000001 0.2 0 7.2 1 0 0 0 0 0 0 0 0 0 0.4 0 0.4 0 0 0 0 0.2 0 3.8000000000000003 0 0 0 0 0 0 2.4000000000000004 0.8 0 0 0 0.8 0 0 0.6000000000000001 0 0.4 0 0 0 0 0 5 7.2 0 2.2 3.6 0 2.6 3.8000000000000003 0.6000000000000001 2 4.2 0 0 5.4 1.8 3.4000000000000004 1.2000000000000002 0 1 0 0 0 0 0 0 0 0 1.4000000000000001 0 0 0 2.2 3.6 0 0.2 0 0 4.800000000000001 2.2 0 0 0.2 0 0 0 0 0 0 0 0 0 2.4000000000000004 0 0 0 1.8 0 0 0 0 0 0 0 0 0 0 0 0 0 0 0 0 0 0 0 0 0 0 0 0 0 0 0 0.4 0.4 17.400000000000002 0.4 0 0.4 3.4000000000000004 1.2000000000000002 1.8 0.2 0 0 0 0 0 0 0 0 0 0.2 0 0 0 0 0 0 0 0 0 0.2 0 0 0 0 0 0 0 0 0 0 0 0 0 0 0 0 
 21.400000000000002 38 31 9.8 34.6 12.4 49.2 26.6 42.400000000000006 9.8 31 0 11 64.4 26.8 25 55.6 59.800000000000004 6.6000000000000005 4.6000000000000005 0.8 15.600000000000001 0 0 0 1.6 15 1 0.4 0.2 0.4 0.6000000000000001 0.4 3.4000000000000004 4 0.4 0.2 0.6000000000000001 0.2 0 0 0 0.4 1.6 1.6 0.4 0.6000000000000001 0.2 0.4 0 0 6.4 1.6 0 0 0 0 0 0 0.6000000000000001 0.4 0 0.6000000000000001 0 0.6000000000000001 0.8 0.6000000000000001 0.2 0 0.6000000000000001 0 0 0 0 0 0.4 0 0 0 0.6000000000000001 0.6000000000000001 3.2 7.4 10.600000000000001 0 2.2 3.6 0.4 0.4 0 4.4 0.4 0 3.8000000000000003 2.8000000000000003 0 4.2 17.8 0 0 0 0 0 0 0 0 0.2 0 0 1.6 0 0 0 2.6 0 0 0 0.2 7.2 0 0 0 0 0 0 0 0.4 0 0 0 0 0.2 0 0 0 0 0 0 0 0 0 0 0 0 0 0 0.6000000000000001 0 0 0 0 0 0 0 0 0.2 0 0 0 0 1.8 0 3 0 0.2 2 0 0 2.8000000000000003 7.4 0 2.2 0 0 7.2 4.2 5 4.800000000000001 0 0 0 0 0 0 0 0 2.4000000000000004 0 0 0 0 0 2 0 1.6 3.2 0 0 0 3.2 0 0 0.4 0 0 0 0 0 0 0 0 0 0 2.2 0 0 0 0 0 0 0 0 0 0 0 0 0 0 0 0 0 0 0 0 0 0 0 0.4 0 0 0 7 0 0 0 0 0.8 0 0.2 0.2 0.2 0.2 0.2 4 0 0 0 0 0 0 0 0 0 0 0 0 0 0 0 0 0 0 0 0 0 0 0 4.4 0 0 0 0 0 0 0 0 0 0 0 0 
 74.8 13.200000000000001 12.200000000000001 13.4 14.8 6.4 37.2 150.4 20.6 52.800000000000004 26.400000000000002 11 0 92.80000000000001 9.4 28.8 52 46 64.2 28.400000000000002 0 0 0 0.2 0.2 0.6000000000000001 0 5 0 0 0.2 0 0.2 0 0 0 0.2 0 0 0 0 0 0 0 6.6000000000000005 0.4 0 0 0 0 0.4 0 0.4 0 0 0 0.8 0 0 0 0 0 0.6000000000000001 0 0 7.6000000000000005 0 0.4 0.6000000000000001 0.6000000000000001 0 2.2 0.6000000000000001 0 0 0 0 0 0 0 4.2 0.2 0 4 0 0 1.4000000000000001 8 1.8 5 0 0 3 1.8 0 0 0 0 1.6 0 0 0 0 0 2.6 0 1.2000000000000002 0 0 0 0 0 0 0 0 0 0 0 0 0.2 0 0 0 0 0 0 1.4000000000000001 0 0 0 0 0 0 0 0 0 0 0 0 0 0 0 0 0 0 0.2 0 0.2 0.4 0 0.6000000000000001 0 0 0 0 0 0 0 0 0 2.8000000000000003 0 0 0 0 0 5.2 3.8000000000000003 7 0 0.2 0 9.200000000000001 15.200000000000001 0 1.2000000000000002 0.4 0 4 0 0 0 0 0.2 0 0 0 0 0 0 0 0 0 0 0 0 0 0.6000000000000001 0 0 0 0 0 0 0 0 0 0 0 0 0 0 0 0 0 0 0 0 0 0 0 0 0 0 0 0 0 0 0 0 0 0 0 0.2 0 0 0 0 0 0 0 0 0 0 0 0.2 0.2 0.2 0.2 0 0 0.4 0 0 0 0 0 0 0 0 0 0 0 0 0 0 0 0 0 0 0 0 0 0 0.4 6.4 0 0 0 0 0 0 0 0 0 0 0 0 0 0 
 10.200000000000001 15.4 15 57.2 18.2 50.800000000000004 81.80000000000001 42 41 79 24.8 64.4 92.80000000000001 0 65.8 73.2 26.6 24.8 69.2 60.800000000000004 0.2 0 0 0 0 1 0 0.6000000000000001 1.6 0 0.4 0 0 0.2 0 0.2 0.2 0 0 0.4 0 0.2 0 0 1.4000000000000001 1.4000000000000001 0.4 0.4 0 0.2 0 0 0.8 1.2000000000000002 0 0 0.2 0 1 0 0 0 0.6000000000000001 0.4 0 1 0 0 0.4 1.2000000000000002 0 0.6000000000000001 0 0 0.6000000000000001 0.2 0.8 0.6000000000000001 0 0 4.4 2 2.8000000000000003 3.6 0 3 12.200000000000001 3 0 8.4 3.2 0.6000000000000001 4.4 5 6.800000000000001 6.6000000000000005 0 8 0 0 0.8 0 0 0 0 0 0 0 0 0 0 0 0 0 0 0 0 0 2 0 0 0 5 0 0 0 0 0 0 0 0 0 0 0 0 0 0 0 0 0 0 0 0 0 0 0 0 0 0 0 2 0 0 0.4 0 0 0 0 0 0 0.6000000000000001 2.4000000000000004 0 0 1.4000000000000001 0 1.8 4 4 4 2.2 0 0 0 0.2 2.8000000000000003 2.4000000000000004 1.8 4.4 0.2 0 0 0 0 0 0 0 0 0.2 0 0.6000000000000001 0 0 0 0 0 0 0 5.800000000000001 0 0 0 0 0 0 0 0 0 0 0 0 3.6 0 0 0 0 0 0 0 0 0 0 0 0 0 0 0 2.4000000000000004 0 0 0 0 0 0 0 0.4 0 0 0 0 0 0 0 0 0 0.4 18 0 0 0.6000000000000001 0.4 0.2 0 0 0.2 0 0 0 0 0 0 0 3.2 0 0 0 0.2 0 0 0 0 0 0 0 0 5.800000000000001 0 0 0 0 0 0 0 0 1.2000000000000002 0 0 0 0 0 
 20.8 37.800000000000004 51 16.2 35.2 11.200000000000001 47 52.2 184.20000000000002 22.200000000000003 46.6 26.8 9.4 65.8 0 42.800000000000004 10.200000000000001 10.8 50.400000000000006 62.800000000000004 0 0 0 0.4 0 1.6 0 1.4000000000000001 0.2 0 0 0 0 0.4 0 15.4 0.4 0 0 0 0 0 0 0 0.2 0.8 0 0 0.4 0 0 0 1 0 0 0 0 0 0 0 0 0 0.6000000000000001 0 0 0.4 0 0.8 0.6000000000000001 0.8 0 0 0 0 0 0 0 0 0 0 9.4 3.4000000000000004 2.4000000000000004 2.8000000000000003 0 7.2 2.2 2.6 6 1.6 10.8 4.800000000000001 0.2 6.6000000000000005 4.4 0.8 2.2 2 0 5.800000000000001 0 0 0 0 0 0 0 0 0 0 0 0 0 0 0 0 0 0 0 0 0 0 0 0 0 0 0 0.2 0 0 0 0 0 0.4 0 0 0 0.4 3.4000000000000004 0 0 0 0 0.2 0 0 0 0 0 0 0 0 0 0 0 0 0 0 0 0 2.2 0 2.4000000000000004 4.4 0 0.4 0.2 5.6000000000000005 0 2.6 1.6 0 0 5.4 6.6000000000000005 2.4000000000000004 4.6000000000000005 0 0.6000000000000001 4.6000000000000005 0 0 0 0 0 0 0 0 0 0 0 0 0 0.4 0 0 0 0 2.4000000000000004 0 0 0 0 0 0 0 0 0 0 0 0 0.2 0 0.4 0 0 1.8 0 0 0 0 0 0 0 0 0 0 0 0 0 0 0 0.4 0 0 0 0 0 0 0 0 0.2 0 0 0 0.8 0.4 0 0.2 0 3.2 0.8 0 0 0 0 0 0 0 0 0 0 0.2 0 0 0 0 0 0 0 0 0 0 2 0 0 0 0 0 0 0 0 0 0 0 0 0 0 0 0 
 65.60000000000001 35.800000000000004 15.8 11.8 59.6 12.200000000000001 41.800000000000004 51.800000000000004 77.80000000000001 51.800000000000004 56.2 25 28.8 73.2 42.800000000000004 0 57.6 32.6 35 28.6 0 0 0 0 0 0.6000000000000001 17.6 0.6000000000000001 0.4 0 0 0 0 0.4 0 0 0.4 0.4 0 0 0 0 0 0 0 0.4 0 0 0 0 0.2 0 0.4 0 0 0 0 0 0 0 0 0 2.6 2.2 0 0.4 0 0.6000000000000001 0 0.8 0.8 0.8 0 0 0 0 0 0 0 0 0 5.2 0 0 0 0 0 6.800000000000001 5.4 1 3.6 0 2.6 5.4 0 1.8 0 0.2 5.2 10.4 0 0 0 0 0 0 0 0 0 0.4 0 0 0 0 0 0 0 0 0 0 0 0 0 0 0 0 1.8 0 0 0 0 0 0 0 0 0 0 0 0 0 0 0 0.4 0 0 0 0 0 0 0 0 0 0 0 0 0 0 0.2 0 0 7.2 0 0 3.8000000000000003 0 0 0 1.6 16.8 0.2 4.6000000000000005 3 0 7.6000000000000005 0 6 0 0 10.200000000000001 0 0 0 0 0 0 0 0 0 0 0 0 0 0 0 0 4 0 0 0.4 0 0 0 0 0 0 0 0 0 0 0 0 0 0 0 0 0 0.2 0 0 0 0 0 0 0 0 0 0 0 0 0 0 0 0 0 0 0 0 0 0 0 0 0 0 0 0 0 0.2 0 1 0.2 2 1.2000000000000002 0 3.8000000000000003 0 0 0 0 0 0 0 0 0 0 0 0 0 0 0 0 0 0 0 0 0 3.4000000000000004 0.2 0 0 0 0 0 0 0 0 0 0 0 0 0 
 17.8 26.200000000000003 65.4 12 10 46.2 26 8 68.60000000000001 38.400000000000006 66 55.6 52 26.6 10.200000000000001 57.6 0 49.400000000000006 7 48.2 0 0 0.2 0 0 0.8 0 0.6000000000000001 0.4 0 0 0 26.400000000000002 18.2 0 0 0.4 0 17.400000000000002 0 0 0 0 0 0.4 0.4 0 0 0 0.4 0 0 0.6000000000000001 0 0 0 0 0 0 0 0 0 0.6000000000000001 0 0 0.4 0 0 0 0.6000000000000001 0 0 0 0.6000000000000001 0 0 5.6000000000000005 0 0 0 4.2 3.2 7.6000000000000005 1 1.6 3.8000000000000003 3.2 0.2 0 2.4000000000000004 0.4 11.8 0 7.6000000000000005 8 0 6 2.2 0 0 0.4 3.4000000000000004 0.2 1.4000000000000001 0 0 6.800000000000001 2.8000000000000003 2.4000000000000004 0 0.4 0 12.600000000000001 0.6000000000000001 0 12.8 0 0 6.4 7.4 0 0 0 0 0 0 0 0 0 0 0 0.2 0 0 0 0 0.4 0 0 0 0 0 0 0 0 0 0 1.8 0 0 0 0 0 0 0 0 0 0 0 0 0 0 1.8 0.2 5.4 2 0 0 0 7.2 3 1.8 0.8 0 4.6000000000000005 3.8000000000000003 12.600000000000001 2 0 0.6000000000000001 0 1.2000000000000002 0 0 0 0 4.6000000000000005 0 7.2 0 0 0 0 1.4000000000000001 0 0.4 0 0 0 2 0 0 0 0 0 0 0 0 0 0 0 0 3.2 0 0 0 2 0 0 0 0 0 0 0 0 0 0 0 0 0 0 0 0 0 0 0 0 0 0 0 0 5.4 0 0 0.2 0.4 9 0.2 1.2000000000000002 17.400000000000002 0 0.4 0 0.4 0 0 0 0 0 0 0 0 0 0 0 0 0.4 0 0 0 0 0 0 0.4 0 0 1.6 6.6000000000000005 0 0 0 0 0 0 0 0 0 0 0 0 
 68.4 48.6 56.2 13.4 53.2 31.400000000000002 68.2 41.800000000000004 50.800000000000004 48.400000000000006 15.600000000000001 59.800000000000004 46 24.8 10.8 32.6 49.400000000000006 0 34.800000000000004 21.8 0 0 0 0 0 0.6000000000000001 0 0.6000000000000001 0.6000000000000001 0 0 0 21.8 0 0 0 0.2 0 0 0 0 0 0 0 0.2 0.4 0 0 0 1.2000000000000002 0 0 0.6000000000000001 0 0 0 0 0 0 0 0.4 0 0.6000000000000001 0 0 0.4 0 0 0.2 0.6000000000000001 0 0.4 0 0 2.4000000000000004 0 0 0 0 0 3.4000000000000004 2 3.8000000000000003 3.8000000000000003 1.4000000000000001 1.2000000000000002 2.2 3.2 8.6 3.2 0 3.4000000000000004 1.8 8 0 1.6 6.4 0.6000000000000001 5 1.2000000000000002 1.2000000000000002 4.2 0 0 0 0 0 0 2.6 0 0 0 2.8000000000000003 0 0 1.8 0 0 0 1.8 0 0 0 0 0 0 0 0.2 0 0 0 0 0 0.4 0 0 0 0 0 0 0 0 0 0 0 0 0 0 0 0 1 0 0 0 0 0 0 0 0 0 2.8000000000000003 0 0 1.8 3.6 0.4 1 7 8.200000000000001 0 3.2 0 0.2 0 2.4000000000000004 4.800000000000001 3.4000000000000004 5.2 3.8000000000000003 0.6000000000000001 0 1.6 0 0 0 0 5.800000000000001 0 0.2 0 0 0 0 1.8 0 0 0 0 0.4 0 0 0 0 0 0 0 0 0 0 0 1.8 0.2 0 0.4 0 0 0 0 0 0 2 0 0 0 0 0 0 0 0 0 0 0 0.4 0 0 0 0 0 0 0 0 0.4 0 0 0 0.8 0.4 0 17.8 1.4000000000000001 0 1.2000000000000002 0 0 0.2 0 0 0 0 0 0 0 0.8 0 0 0 0 0 0 0 0 0 0 0 0 11 2.8000000000000003 0 0 0 0 0 0 0 0 0 0 0 0 0 
 27.8 8.6 67 16 12.600000000000001 10.4 15.8 34.6 14.200000000000001 32 51.400000000000006 6.6000000000000005 64.2 69.2 50.400000000000006 35 7 34.800000000000004 0 51.6 0 0 0 0 0 0.6000000000000001 0 0.6000000000000001 0 0 0.2 0 0 0 0 0 0.2 0.4 0 0 0 0 0 0 0.4 0.4 0 0 0 0 0 0 0.6000000000000001 0 0 0 0 0 0 0 0 0 0.6000000000000001 0 0 0.4 0 0 1 0.6000000000000001 0 0 0 0 0 0 0 0 0 0 7.6000000000000005 4 0.2 0.2 0 0 2.4000000000000004 3.6 6.4 1.2000000000000002 8.200000000000001 3 3.2 13.200000000000001 2.8000000000000003 5 0 0 6 17.2 0 0 0 0 0 0 0 0 0 0 0 0 0.4 0 0 0 0 0 0 0.2 0 0 0 0.4 0 0.2 0 0 0 0 0 0 0 0 0 0 0 0.2 0 0 0 0 0 0 0 0.2 0 0 0.2 2 0 0 0.4 0 0 0 0 0 0 0 2 0 0 8.200000000000001 0 0 0 3.2 2.6 0 0 0 0 6.4 2.2 2.2 0 0 10.200000000000001 9.200000000000001 0 0 0 0 0 0 0 0 0 0 0 2.8000000000000003 0 0.2 4 0 0 0 0 0 0 0 0 0 0 0 0 0 0 0 0 0.2 0 0 0 0 1 0 0 0 0 0 3 0 0 0 0 0 0 0 0 0 0 0 0 0 0 0 0.2 0 0 0 0 0 0 0.2 0 0 0 0.4 0 0 0 0 0 0 0 0 0 0 0 0 2.6 0 0 0 0 0 0 0 0 0 0 0 0 0 0 0 0 0 0 0 0 0 0 0 0 0 0 0 
 48.2 16.400000000000002 48.400000000000006 70.4 59.400000000000006 11.200000000000001 9 9.600000000000001 32.4 15 56.800000000000004 4.6000000000000005 28.400000000000002 60.800000000000004 62.800000000000004 28.6 48.2 21.8 51.6 0 0.4 0 0 0.4 0 1 0 0.6000000000000001 0.4 0 0.2 0 0 0 0.2 0 0.4 0 0.2 0.2 0 0 0 0 0.2 0.4 0 0 0 0 0 0 0.6000000000000001 0 0 0 0 0 0 0 0 0 0.6000000000000001 0 0 0.4 0.6000000000000001 0.4 0 8.8 0 0 0 0.8 0 0 0 0 0 13.8 1.8 8.8 0 0 0 0.2 1 0 0 0 3.4000000000000004 2.2 7.4 0.8 2.6 5.800000000000001 0 0 8.6 7.2 0 0 0 0 0 0 0 0 0 0 0 0 0 0 0 0 0 0 0 0 0 0.4 0 0 0 0 0 2 0.4 0 0 0 0 0 0 0.2 0 0 0 0 1.8 0 0 4.2 0 0 0.2 0 0 0.2 0 0 0 0.4 0 0 0 0 0 0 1 0 0 8 0 0 0 12.600000000000001 0 0 2 0 0 6.2 1.6 3 0 0 5.4 7.6000000000000005 0.4 0 0 0 0 0 0 0 0 0 0 0 0 0 0.2 0 0 0 0 0 0 0 0 0 0 0 0 0 0 0 0 0 0 0 0 0 0.4 0 0 0 0 0 0 0 0 0 0 0 0 0 0 0 0 0 0 0 0 0 0 0 0 0 0 0 0 0 0.6000000000000001 0 0.6000000000000001 0 0.6000000000000001 0 0 0 0 0 0 0 0 0 0 0 0 0 0 0 0 0 0 0 0 0 0 0.4 0 0 0.4 0 0 0 0 0 0 0 0 0 0 0 0 0 
 0 0 0 0 29.400000000000002 19.6 0 0 0 0 0 0.8 0 0.2 0 0 0 0 0 0.4 0 49.2 76.80000000000001 23.200000000000003 7.4 7 40.2 29.6 24.400000000000002 8.4 6.6000000000000005 7 25.6 55.800000000000004 10.200000000000001 8.6 7 22.6 40 31.400000000000002 0 0 0 0 12.8 0.4 0 0 0 0 0 0 0.4 0.2 0.2 0 0 0.4 15.8 0.6000000000000001 0.6000000000000001 0 0.4 0 0 0 0 0.2 0.4 0.4 0.4 0 1.2000000000000002 0.6000000000000001 0 0 0 0 0.4 0 0 0 0 0 0 2.2 0 0 0 0 0 0 4.6000000000000005 0 0 0 0 4.4 0 0 4.2 4 2.4000000000000004 0 0.2 0 5.4 4.2 6.4 10.4 4.800000000000001 0 0 7.4 7.800000000000001 0 1.6 1 2.8000000000000003 2 0 0 0 0 0 0 0 0 2.2 0 0.4 0 0 0 3.8000000000000003 0 0 0 0 0 0 0 0 0 0 0 0 0 0 0 0 0 0 0 0 0 0 0.4 0 0 0 1.8 0 2.6 0 2.8000000000000003 0 0 0 0 2.6 0.2 0 0 0 0 0 0 0 0 5.6000000000000005 0 7.800000000000001 0.8 0 1.8 2.2 12.600000000000001 3 4.800000000000001 0 6.4 2.4000000000000004 4 3.8000000000000003 3.6 4.4 0 4.800000000000001 5.4 0 0 0 0 0 0.2 0 0 0 0 0 0 0 0 0 0 0 0 0 0 0 0 0 0 0 0 0 0 0 0 0 0 0 0 0 0 0 0 0 0 0 0 1.8 0 0 0 0 0 0 0 0 0 0 0 1.6 0 0 1.4000000000000001 16.2 0 0.4 0 0 0 0 0 0 0 0 0 0 0 0 0 0 0 0 0 0 0 0 2.4000000000000004 0 0 0 2.2 0 0 0 0 
 0.2 0 0 0 24.8 0 0 0.4 0 0 0 15.600000000000001 0 0 0 0 0 0 0 0 49.2 0 40 17.8 53 6.2 41.6 35.2 43.800000000000004 29.200000000000003 41.6 65.4 7.4 36.4 82.60000000000001 49.800000000000004 27.400000000000002 29.200000000000003 27.6 46.2 0 0.2 0.2 0 0 0 0 0.2 0 0 0 1.2000000000000002 0.4 0 0.4 0.4 0 0.4 14.200000000000001 0.6000000000000001 0.6000000000000001 0 0.6000000000000001 0 0.2 0.4 0 0.2 0.4 0 0.6000000000000001 0 0.6000000000000001 0 0 0.2 0 0 0.6000000000000001 0 0 0 0 0 0.2 2.6 0 0 0 0 0 0 0 0 0 0 0 0 0 0 4.4 1.6 0.2 0.8 1 11.200000000000001 6 3.8000000000000003 7.2 11 3.2 0 0 5.2 2.6 0 2.4000000000000004 5.800000000000001 2.2 0 0 0 0 0 0 0 5.2 0 0 0 0 0 0 6.2 0 0 0 0 3 2.6 0 0 0 0 0 0 0.6000000000000001 4.2 0 0 0 0 0.2 0 0 0 1.8 0 0 0 0 1.2000000000000002 0 0 0 0.4 0 0 0 0 0 2.6 0 0 0 0 0.2 0 0 0 1.2000000000000002 2.6 2.2 2.6 3.2 4.800000000000001 0 6.800000000000001 2 4.4 0 8.6 0.2 0.2 5.6000000000000005 7.800000000000001 0 0 10.200000000000001 4.800000000000001 0 0.2 0 0 0 0 0 2.2 0 0 0 0 6.6000000000000005 0 0 0.2 2.8000000000000003 0 2.2 9.200000000000001 0 0 0 0 0 0 0 0 0 0 0 0 0 0 0 0 0 0 0 0 0 0 0 0 0 0 0 0 0 0 0 0 0 0 0.4 0 0.4 15 32 0 0.4 0 0 0 0 0 2 0 0 0 0 0 0 0 0 0 0 0 0 0 0 3.8000000000000003 0 0 0 0 3.6 0 0 0 
 0 0 0 14.600000000000001 0.8 0.8 0 0 0 0 0.2 0 0 0 0 0 0.2 0 0 0 76.80000000000001 40 0 79.2 9 9 75 15.8 14.4 29.400000000000002 10.8 10.200000000000001 58.800000000000004 12.600000000000001 24 18.6 9.8 40.2 22.400000000000002 24.6 0 0 0 0 12.600000000000001 0 23.200000000000003 0 0 0 0 0 0.6000000000000001 0.4 0 0 0 0.6000000000000001 16 0.6000000000000001 0.6000000000000001 0 0.4 0 0 0 0 0 0.4 0 0.4 0 0.6000000000000001 0 0 0 0 0 0.4 0 0 0 0.4 0 0.2 0 0 0 1.2000000000000002 0 0 0 0 0 0 0.4 0 0 0 0 0.2 2.6 1.8 2.6 11.600000000000001 2.8000000000000003 0.2 7.6000000000000005 0 0 4.4 8.4 0 2.8000000000000003 4.2 11 7.6000000000000005 0 2.6 2.2 0 2.4000000000000004 3 0 0 0 2.4000000000000004 2.8000000000000003 0 0 0 0 4.800000000000001 0 2 0.8 0 0 5.6000000000000005 0 0 0 1 0 0 0 0 0 0 0 0 0 0.6000000000000001 0 0 2 0 0 0 0 0.2 0 0 0 0 0 0 0 0 0.6000000000000001 0 0.4 0 0 0 0.2 1.6 0 0 0.8 3.6 4.4 5 2.8000000000000003 8.6 0.2 0 3.8000000000000003 6.2 3.4000000000000004 4.6000000000000005 7.800000000000001 3 1.6 2.4000000000000004 2.6 0 7 0.2 2.8000000000000003 4.4 2.2 0 0 0 0 2.4000000000000004 2 0 0 0 0 1.8 0 1.8 0.2 0.4 2.2 0 1.4000000000000001 0 0 0 0 0 0.4 0 0 0 0.2 2 0 0 0 0 0 0 0 0 0 0 0 1.4000000000000001 0 0 0 0 0 0 0 0 0 0 0.2 0.8 0 0.4 30.200000000000003 0 0.2 3.6 1.4000000000000001 0 0 0 0 0 0 0 0 0 0 0 0 0 0 0 0 0 0 0 2.6 0 0 0 0 0 0 0 0 
 0 0 0 0.4 0.4 12.200000000000001 0 0 0 0 0.4 0 0.2 0 0.4 0 0 0 0 0.4 23.200000000000003 17.8 79.2 0 31.400000000000002 37.800000000000004 46.6 22 93.60000000000001 18.6 6.4 41.800000000000004 29.400000000000002 60.2 29.6 19.200000000000003 7.800000000000001 47.2 54.800000000000004 55.400000000000006 0 0 0.2 0 15 0 0.2 0 0.8 0 0 0 1.4000000000000001 0 0.6000000000000001 0.4 0 0.4 12.4 0.6000000000000001 1.4000000000000001 0 0.4 0 0 0 0 0 0.4 0 0.4 0 0.6000000000000001 1.2000000000000002 1.2000000000000002 0 0 0.2 0.4 0 0 0 0 0 0 0 0 0 0.2 0 0 0 1 0 0 0 0 0 0 0 0.2 7.4 4.4 0 2 3.8000000000000003 0.4 6.800000000000001 6.2 3.8000000000000003 0 0 0 3.8000000000000003 3.6 3.8000000000000003 2.8000000000000003 0.4 0 1.8 0 0 3 0 0 0 3 2.6 2 0 0 0 0 0 8.6 1.4000000000000001 0 0 2.2 0.2 0 0 0 0 0 0 0 0 0 0 0 0 0 0 0 0 0.4 0 0 0 0.4 0 0 0 0 1.6 0 0 0 0 0 0 0 0 0 0 0 0 2.6 0.4 1.4000000000000001 0 0 4.4 4.800000000000001 6 0 4.2 0 6.800000000000001 3 6.2 2.4000000000000004 3.8000000000000003 0 6.6000000000000005 3.2 2.2 2 0 0 0 0 0 0.4 0 0 0 0.2 0 0.2 0 0 2.2 0 2.4000000000000004 0 0.2 2.4000000000000004 0 0 0 0 0 0 0 0 0 0 0 1.8 0 0 0 0 0 0 0 0 0 0 0 1.8 0 0 0 0 0 0 0 0 0 0 0 1 0 0 15.600000000000001 0.2 0 0.6000000000000001 0 0 0 0 0 0 0 0 0 0 0 0 0 0 0 0 0 0 0 0 7.4 0 0 0 0 0 0 0 0 
 0 0 0 3.6 0 0.8 0 0 0 0 0 0 0.2 0 0 0 0 0 0 0 7.4 53 9 31.400000000000002 0 27.200000000000003 10.8 27.400000000000002 33.4 45.6 45.6 64.2 14.600000000000001 29.400000000000002 20 52.6 43.800000000000004 26 22.200000000000003 12.200000000000001 0 12.8 0 0 0 0.2 0 0.4 0 0 0 1.2000000000000002 13 0 13 9 0 0.4 0 6.6000000000000005 0.6000000000000001 0 1.2000000000000002 0 0 0 0 0 0.4 0 0.4 0 0.6000000000000001 0 0 0 1.2000000000000002 0 0.4 0 0 0 0 0 0 0 0 0 0 0 0 0 0 0.2 0 0 0 0 0 0 0 0.2 0 7.2 8 8.4 0.4 9.4 0 2.2 0 0.2 0 0 0 0 0 3 0 0 0 0 0 0 0 0 6.800000000000001 0 0 0 2.6 0 6.4 0.6000000000000001 4.2 0 2.2 0.2 6.6000000000000005 1.8 0 0 0 0 0.4 0 0 0 0 0 0 0 0 0 0 1 0.8 0 0 0.4 0.8 0 0 0 0 0 0 0.2 0 0.4 0 0 0 0 0 0 0 0 0 0.4 2.2 0 0 3.2 1.8 6.2 0 1.2000000000000002 2.4000000000000004 13 0 2.4000000000000004 0 0 0 5.4 1.2000000000000002 0 0 0 8.8 2.2 2 0 0 0 2.2 0 0 0 2.4000000000000004 0 1.8 0 0 3.4000000000000004 3 10.600000000000001 1.8 3 0 0 0.2 0 0 0 0 0 0 0 0.2 0 0 0 0 0 0 0 0 0 0 0 0 0 0 0 0 0.2 0 0 0 0 0 0 1 0.6000000000000001 0.8 17.6 15.200000000000001 0 0.2 0 0 0 0 0 0 0 0 0 0 0 0 0 0 0 0 0 0 1.6 0 0 0 0 0 3.2 0 0 0 0 
 0.6000000000000001 0.6000000000000001 0.6000000000000001 0.6000000000000001 0.6000000000000001 0.6000000000000001 0.6000000000000001 0.6000000000000001 0.6000000000000001 0.6000000000000001 1 1.6 0.6000000000000001 1 1.6 0.6000000000000001 0.8 0.6000000000000001 0.6000000000000001 1 7 6.2 9 37.800000000000004 27.200000000000003 0 13 12.200000000000001 25 9.600000000000001 43 43.2 5 56.6 24.400000000000002 13.4 15.600000000000001 25.200000000000003 30.6 9.600000000000001 0.2 0.6000000000000001 0 0 0 0 26 0 10.8 1.2000000000000002 0 12.200000000000001 0.4 26.200000000000003 0 12.4 0 0.4 25 19 0.6000000000000001 0 0.4 0 0.8 0 0 0 0.4 0 0.4 0 0.6000000000000001 12 0 0 0 0 0.4 0 3.2 0 0 0 0 0 0 0 0 0 0 0 0 0 0 0 0 2.6 0 0 0 0 1.8 0 5.2 0 0 0 0 6.6000000000000005 2.4000000000000004 0 0 0 0 2.4000000000000004 3.2 0.2 0 0 1.8 5.6000000000000005 2.6 2.2 0 0 7.4 0 0 0 0.4 0 7.6000000000000005 8.4 0 2.2 0 0 0 2.4000000000000004 0 0 0 0 0 0 0 2.6 1 0 0.2 0 0 0 0 0 0 0 0.4 0.8 0 0 0 0 0 0 2.8000000000000003 0.6000000000000001 0 2.2 0 0 0 0 0 0 0 0 0 1 0 2.2 0 1.6 1.2000000000000002 3.2 0 0 0 2 11.200000000000001 0 0 0 2 3.2 0 0 0 0 3.6 5 2.8000000000000003 0.4 5.800000000000001 0 3.6 4.800000000000001 4.6000000000000005 4 6.4 0 2 3.6 2.6 4.4 0 3.8000000000000003 2.6 8.200000000000001 0 0.4 0 0 9.600000000000001 0 0 0 0 0 0 0.2 0 0 0 0 0 0 0 0 0 0 0 0 0 0 0 0 0 0 0 0 0 0 0 0.2 0 0.8 0.2 0 0 0.4 0 5.6000000000000005 0 0 0 0 0 0 0 0 0 0 0 0 0 0 0 0 0 0 0 0 1.6 0 0 2.8000000000000003 0 0 
 0 0 0 0 7.2 0.4 0 0 0 0 0 15 0 0 0 17.6 0 0 0 0 40.2 41.6 75 46.6 10.8 13 0 56.800000000000004 77.60000000000001 31.400000000000002 9.200000000000001 21.200000000000003 64.60000000000001 31.6 36.800000000000004 29.400000000000002 8.6 80.60000000000001 20.8 43.6 0 0 0.2 0 12.8 0 0 0 0 1.6 0 0 0.4 0 0 0 0 0.4 0 0.6000000000000001 0.6000000000000001 0 0.4 0 0 0 0 0 0.4 0 0.4 0 0.6000000000000001 1 0 0 0 0 0.4 0 0 0 0 0 3.8000000000000003 0 0 0 0 0 0 3.2 0 0.4 0 0 0 0 0 0 2 4.6000000000000005 1.6 1.4000000000000001 2.8000000000000003 4 6.6000000000000005 4.2 2.2 0 0 0 4.4 5.4 1.8 0 3.8000000000000003 0.8 1.8 2.2 0 0 0 0 0 0 0 0 5.6000000000000005 0 0 0 0.4 0 0 2.6 0 0 1.8 0 0 0 0.8 0 0.2 0 0 0 0 0 0 0 0.2 0 0 0 0 0 0 0.2 0 0 0 4.800000000000001 4 0.2 0 0 0 0.2 0 3 0 2.6 0 0 0 3.6 0 0 10.4 2.8000000000000003 3.8000000000000003 5.800000000000001 2 1.6 5.6000000000000005 2.4000000000000004 0 1.8 0.6000000000000001 3.8000000000000003 7.4 0 2.2 14 3.4000000000000004 5.2 1.4000000000000001 1.8 0 0 0 0 0 0 0.4 0 0 0 0 0 0 0 0 0 0 0 2.8000000000000003 0 0 4 0 0 0 0 0.4 0 0 0 0 0 0 0 0 0 0 0 0 0 0 0 1.2000000000000002 0 0 0 0 0 0 16.6 0 0 0 2 0.8 0 0.6000000000000001 8.6 0.2 0 0.2 3.6 0 0 0 0 0 0 0 0 0 0 0 0 0 0 0 0 0 0 0 7.2 0 0 0 0 0 0 0 0 
 16.400000000000002 0.6000000000000001 0.6000000000000001 0.6000000000000001 8 0.8 0.6000000000000001 0.6000000000000001 0.6000000000000001 0.8 0.6000000000000001 1 5 0.6000000000000001 1.4000000000000001 0.6000000000000001 0.6000000000000001 0.6000000000000001 0.6000000000000001 0.6000000000000001 29.6 35.2 15.8 22 27.400000000000002 12.200000000000001 56.800000000000004 0 16.400000000000002 18.8 9.8 22.6 21.200000000000003 33.6 9.200000000000001 11.600000000000001 6.4 13.4 29 26.200000000000003 0 0 0.2 0 0 0 0.6000000000000001 0 0 0 0.4 0.6000000000000001 13.200000000000001 0 0 0 0 0.4 0 1.2000000000000002 0.6000000000000001 0.4 0.4 0 0 0 0 0.2 0.4 0 0.4 0 1 0 0 0 0 0.2 0.6000000000000001 0 0 0 0 0 5 0 0 4 0 0 0 0 0 0 0 0 0.2 0 0 0 5.800000000000001 2 0 0.2 0 3.4000000000000004 0 4.6000000000000005 3.6 0 2.2 1.6 0 11.8 2.2 0 0 2.8000000000000003 0 0 0 0 0 0 0 0 2.8000000000000003 0 0 0 0 4.2 0 0 0 0 0 0.8 3.2 0 0 0 0 0 0 0 0 0 0 0 0 0 0 0 0 0 1 0 0 0 0 0 0 2 3.8000000000000003 0 0.2 0 0 0 0 0 0.2 3.8000000000000003 0 0 0 0 0 0 6.2 0 0 3 1 4.6000000000000005 0 3.6 0 8 0 6.6000000000000005 2.8000000000000003 2.6 0 2.2 0.2 4.4 2.4000000000000004 4.800000000000001 0.8 0 0 0 0 0 0 0 0 0 0 0 0 0 0 0 0 0 0 0 0 0 0 0 0 0 0.2 0 0 0 0 0 0 0 0 0 0 0 0 0 0 0 0 0 0 0 0 0 0 6.800000000000001 0 0 0.2 0 0 0 0.2 15.4 0.2 0 0.4 0.4 0 0 0 0 0 0 0 0 0 0 0 0 0 0 0 0 0 0.2 0 5 0 0 0 0 0 0 0 0 
 0 0.4 0.2 0.4 0.2 0.4 1 0.4 15 0.4 0.4 0.4 0 1.6 0.2 0.4 0.4 0.6000000000000001 0 0.4 24.400000000000002 43.800000000000004 14.4 93.60000000000001 33.4 25 77.60000000000001 16.400000000000002 0 33.800000000000004 15 51.400000000000006 19.400000000000002 24.8 35.6 18.2 20.400000000000002 13.4 20 41 0.4 0.6000000000000001 0.4 0 0.6000000000000001 0 0 0.4 0.4 0.4 0 0.4 0.8 0 0 0 13.200000000000001 0.8 0.6000000000000001 0.6000000000000001 0.6000000000000001 0 0.4 0 0 0.2 0 0 0.8 0 0.4 0 0.6000000000000001 0 0 0 0 0 0.4 0 0 0 0 7.2 0 0 0 0 0 0 0 0 0 0 0 0 0 0 0 0 0 7 4.2 0.2 2 1.2000000000000002 1 3 2.4000000000000004 6.4 0 3.6 0 0 0 0 2.6 7.6000000000000005 0 0 0 0 0 0 0 0 2.6 0 3.2 0 0.2 0 0 0 1.8 0 0 0 0.4 3 0 0 0 0 0 0 0 4.4 0 0 0 0 0 0 0 0 4 0 0 0 0 0.2 0 4.4 0 0.2 0 0 0 0 0 0 0 0 0.2 0 0 0 0.2 0 2.2 2.4000000000000004 0 1.2000000000000002 2.6 7.6000000000000005 0 3.6 0 3.2 6.2 0.8 2.4000000000000004 0 0.2 2.4000000000000004 2.8000000000000003 2.8000000000000003 2.6 0 0 0 0 0 0 0 2.8000000000000003 0 0 0 0 0 4.6000000000000005 0 0 0 0 0 3 5.2 0 0 0 0 0 0 0 0 0 0 2.4000000000000004 0 0 0 0 0 0 0 0.4 0 0 0 0 0 0 0 0 0 0.4 0 0 0 0 0 0.4 0.4 0.4 0.4 0.4 0 0.4 0.2 0 0 0 0 0.2 0 0 0 0 0 0 0 0 0 0 0 0 0 0 0 0 0 0 0 4 0 0 0 
 0 0.4 0 0 0 0 0 0 0 0 0.2 0.2 0 0 0 0 0 0 0 0 8.4 29.200000000000003 29.400000000000002 18.6 45.6 9.600000000000001 31.400000000000002 18.8 33.800000000000004 0 43.2 21.200000000000003 14.4 14.600000000000001 33 49 31 29.400000000000002 24.6 18.6 0.6000000000000001 0.6000000000000001 42.6 0.4 0 0 12.200000000000001 0.6000000000000001 4.4 0.2 0.6000000000000001 1.4000000000000001 0.4 0 0 0 0 0.4 25.6 0.6000000000000001 1.4000000000000001 0 0.4 0 0 1 1 0 0.6000000000000001 0 0.4 0 0.6000000000000001 0 0 0 0 0 0.4 1.2000000000000002 0 0 0 0 0 0 0 0 0 0 0 0 0 0 0 0 0.2 0 0 0 0 2.2 0 3.6 5.800000000000001 9 4 4 0 2 9.4 2 0 0 0.8 0 1.6 4.2 0.6000000000000001 0 0 2.2 0 0 0 0 10 0 0 0 0 0 7.2 3 0 0 0 0 7.4 4.4 0 0 0 0 0 0 0 3.8000000000000003 0 0 0 0.2 0 0 0 0 0.4 0 0 0 0 0 0 0 0 0 0.4 0 0.6000000000000001 0.6000000000000001 0 0 0 0 0 0 0.4 0 2 1.2000000000000002 0.4 3 1.6 6.6000000000000005 6 2.6 0 1 4 4.2 2.6 4.6000000000000005 3 0 1.8 11.4 1.8 0.2 0 0 0.2 2.2 0.2 0 0 0 7.4 2.2 0.2 0.2 0 0 7.6000000000000005 0 1.4000000000000001 0 0 0 2 5.2 0 0 0 0.2 0.2 0.4 0 0 0.2 0 0.2 0 0 0 0 0 0 0 0 0 0 0 0 0 0 0 0 0 3.2 0.4 0 0 0 0 2 0.2 0.2 16 19.400000000000002 0.4 1.4000000000000001 0 0 0 0 0 2 0 0 0 0 0 0 0 0 0 0 0 0 1.6 0 3.2 0 0 0 2.8000000000000003 5.2 0 0 0 
 0.4 0 0 0 0 14.600000000000001 0 0 0 0 0 0.4 0.2 0.4 0 0 0 0 0.2 0.2 6.6000000000000005 41.6 10.8 6.4 45.6 43 9.200000000000001 9.8 15 43.2 0 27.8 9.200000000000001 5.4 21.8 17.400000000000002 31 22.200000000000003 22.8 10.600000000000001 0 0 0 0 4.800000000000001 0 12.4 0.2 0.4 0 0.6000000000000001 5.4 0.6000000000000001 17.400000000000002 2 0.8 0.2 0.8 13.200000000000001 0.6000000000000001 2.8000000000000003 0.2 0.4 0.6000000000000001 0 0 0.2 2.4000000000000004 0.4 0 0.4 0 0.6000000000000001 0 0 0 0 9.8 0.6000000000000001 0.2 0 0 0 0 0 0.2 0 0 0 0 0 1.6 0 0 0 0 0 0 0 0 0 0 2.4000000000000004 0.2 3.4000000000000004 1.8 3.8000000000000003 0.8 0 9.4 4.4 0 0 0 0 0 3.8000000000000003 11.200000000000001 0 0 0 0 2.4000000000000004 0 0 0 2.4000000000000004 0 0 0 0 0 7 6 0 0.2 0 0.2 1.2000000000000002 2.4000000000000004 0 0 0 0 0 0 0 1.8 1.6 0 0 0 0 0 0 0 0 0 0 0 0 0 0 0 0 0 0 0 0 0 0 2 0 0 0 0 0 0 0 0 0.2 3 0 0 5.2 2.6 0 2.2 1.6 0 5 1.6 2.8000000000000003 0 2.2 1.6 1 0 0 0 0 0 0 0 0 0 1.8 7.4 0 2.4000000000000004 0 0 2.4000000000000004 2.8000000000000003 3 0 0 0 0.2 6.6000000000000005 0 0 0 0 0 0 0 0 0 0 0 0 0 0 0 0 0 0 0 0 0 0 0 0 0 0 0 0 0 0 0 0 0 0 1.2000000000000002 0 0 0.6000000000000001 1.4000000000000001 0.4 0 0.2 0 0 0 0 0 0 0 0 0 0 0 0 0 0 0 0 0 0.8 0 0 0 0 0 2.8000000000000003 2.4000000000000004 0 0 0 
 0 0 0 0 0 0 0 0.4 0 0 0 0.6000000000000001 0 0 0 0 0 0 0 0 7 65.4 10.200000000000001 41.800000000000004 64.2 43.2 21.200000000000003 22.6 51.400000000000006 21.200000000000003 27.8 0 8 8.4 37 23.8 31.200000000000003 109.4 83.80000000000001 38.2 0 0 0 0 0 0.2 0 0 0 0 0 2 0.4 0 0 0 0 0.4 0 0.6000000000000001 0.6000000000000001 0 0.4 0 0 0.2 11 0 0.6000000000000001 0 0.4 0 11.8 0 0 0 0 0 0.4 0 0 0 0 0 0 0 0 0.2 0 0 0 0 0 0 0 0 0 0 0 0 0.8 2.8000000000000003 7.2 3.4000000000000004 3 0 2.2 3.8000000000000003 0.4 8 0.6000000000000001 4 0 0.2 0 3.8000000000000003 2.2 3.6 0 0 0 0 0 0 0 0 5.4 0 0 0 0 0 3.8000000000000003 2 2.2 0 0 0 0 0 1.8 0 0 0 0 0 0 4.800000000000001 0 0 0 0 0 2.6 0 2.6 3.2 0 0 0 0 0.6000000000000001 0 0 0.2 4 0 0 4 0 0 0 0 0.4 0 0.4 0 0 0 0 0.8 3.4000000000000004 0 0 0 4.4 0 0.4 2.2 7.2 3.8000000000000003 1.8 2 0 3.2 3.2 0.2 0.2 0 2.4000000000000004 0 0 2.8000000000000003 1 0 0 1.8 0 0 0 0 0 3.2 0 0 0.2 0 0 8.8 0.6000000000000001 0 0 0 0 0 0 0 0 0 0 1.8 0 0 0 0 0.2 0 0 0 0 0 0 0 0 0 0 0 0 0 0 0 0.2 0 0 0.4 0 1.2000000000000002 1.2000000000000002 15 0 0.8 0 0 0 0 0 0 0 0 0 0 0 0 0 0 0 0 0 0 0.2 0 0 0 0 0 0 0 0 0 0 
 0 0 14.600000000000001 18.2 0 31.200000000000003 0 0 0 29.200000000000003 0 0.4 0.2 0 0 0 26.400000000000002 21.8 0 0 25.6 7.4 58.800000000000004 29.400000000000002 14.600000000000001 5 64.60000000000001 21.200000000000003 19.400000000000002 14.4 9.200000000000001 8 0 17.8 64.4 8 3 9.200000000000001 96 42.6 0 0 0 0 0.2 0 1.4000000000000001 0 0 0 0 0 13.200000000000001 0.2 0.6000000000000001 0 0 0.4 0 0.6000000000000001 0.6000000000000001 0.6000000000000001 0.4 0 0 0 0 0 0.6000000000000001 0 0.4 0 0.6000000000000001 0 0 0 0.8 0 0.4 0 0 0 4.2 2.4000000000000004 2 1.8 0 0 0 0.8 0 1.6 0 0 0 0 2.8000000000000003 0 0 0 3.4000000000000004 11.600000000000001 0 0 4.4 0 0 2.4000000000000004 9 0 5.2 0.2 3.8000000000000003 0 0 7.6000000000000005 0 1.6 0.2 7.2 0 0 0 0 0 0 0 0 0.2 0 0 0 0 0 0 0 0 0 0 2.4000000000000004 0 0 10 0 0 0 0 0 0 0.2 0 0 3 0 0 0 0 0 0 0 0 0 0 2.8000000000000003 8 0 0 0 0 0 0 0 2 0 0 0 8.8 1.8 0 0 6.6000000000000005 5.4 0.4 0 0 0.6000000000000001 4.6000000000000005 3.8000000000000003 4.2 0.6000000000000001 3.2 2.4000000000000004 3 2.4000000000000004 0.2 0 0.8 6.800000000000001 2.6 4.2 0 0 0 0 0 0 0 0 0 0 0 0 0 0 0.4 0 0 0 0 0 0 0 0.4 0 0 0 0 0 0 0 0 0 0 0.2 0 0 0 0 0 0.4 0 0 0 0 0 0 0 0 14.8 22 0 0 0 0 0 0 0 15.8 0 0 0.4 1.4000000000000001 0 0.2 0 0 0 0 0 0 0 0 0 0 0 0 0.6000000000000001 0.2 0 0 0 2.6 0 0 0 0 0 0 0 1.6 
