 0 39 33.4 9.600000000000001 12.4 52.800000000000004 33.800000000000004 11.600000000000001 26.200000000000003 83.4 24.400000000000002 21.8 53.800000000000004 50.400000000000006 31.8 44.800000000000004 28.6 24.6 34.4 29.200000000000003 0 0.4 0.8 0.2 0 0.6000000000000001 0 0 1.2000000000000002 0 0 0.6000000000000001 0 0 0.2 0 0 0 0 0 0 1 0.6000000000000001 0.8 0.2 0.4 0 0.6000000000000001 0 0 0 0 0 12.600000000000001 0 0 0 0 0.6000000000000001 1.6 0 0 0 0 0 0 0 0 0 0.6000000000000001 0.6000000000000001 0 9.600000000000001 0 0 0 0.6000000000000001 0 0 0.6000000000000001 3.8000000000000003 5 5.4 4.2 0 0 2.8000000000000003 12.200000000000001 7.2 0.6000000000000001 9.200000000000001 0.2 2.4000000000000004 3.4000000000000004 0.8 3.2 5.6000000000000005 3.6 1.6 2 0 0 0 0 0 0 0 0 0 0 0 0 0 0 0 0.2 0 0 3.8000000000000003 0 0 0 0.2 0 0.2 0 0 0 0 0 0.2 0 0 0 0 0 0 0.2 0 0 0 0 0 0 0 0 0 0 0 0.2 0 0 0 0 0 0 0 0 0 0 0 4.800000000000001 0 5.2 0 3.4000000000000004 0 3.6 6.2 4.4 4.2 0 12.600000000000001 5.4 3.4000000000000004 2.8000000000000003 4 0 2.6 2.6 0 0 0 0 0 0 0 0 0 0.4 0 0 0 0 0 0 8.4 0 0 0 0 0 0 0 0 0 0 0.4 0 0 0 0 0 0 0 0 2 5.2 0 0 0 0 0 0 0 0 0 0 0 1.2000000000000002 0 0 2.8000000000000003 0 0 0 0 0 0 0 0 9.4 0 0 0 0 29 0 0 0 0 1.2000000000000002 0 0 0 0 0 0 0 0 0.2 0 0 0 0 0 0 0 0 0 0 0 0 0 0 0 0 0 0 0 2.8000000000000003 0 0 0 0 0 0 0 0 0 
 39 0 39.800000000000004 18.6 53.6 53.2 16.8 14.200000000000001 31.8 43.400000000000006 16.8 10.200000000000001 54.6 44 10 72.4 67.2 32.800000000000004 28 62.400000000000006 0.4 0.4 0.6000000000000001 0 0 0.6000000000000001 0 0 0.6000000000000001 0.4 0 0.8 0 0 0 0 4.2 0.4 0 0 0 0.4 0.6000000000000001 0.6000000000000001 0 0.4 3 0.4 0 4.4 0 0 0 0 4.4 0 4.4 0 0 0 0 6.4 0 0.2 0 0 0 0 0 0.6000000000000001 0.4 0 0 0 0 0.6000000000000001 0.4 0 0 0.6000000000000001 3.6 10.4 2.2 2.8000000000000003 3.4000000000000004 0 1.8 3 10 6.4 2 5.6000000000000005 7 6.6000000000000005 0 8.6 5.800000000000001 2.2 1.4000000000000001 2.8000000000000003 0 0 0 0 0 0 3.8000000000000003 0 0 0 0 0 0.2 0 0 0.2 0 0 0 0 0 0 0 0 0 0 0 0 0 0 3.6 0 0 0 0 0 0 0 0 0 0 0 0 0 0 0 2.4000000000000004 0 0 0 0 0 0 0 0 0 0 0 0 0 13.200000000000001 0 6 0 0.6000000000000001 0 2.4000000000000004 0 0 3.2 2.8000000000000003 0 0 0 1.6 1.4000000000000001 4 1.8 0 4.800000000000001 0 0 0 0 0 0 3.6 0 0 0 0 0 0 0 0 0 0 2.8000000000000003 0 0 0 0 0 0 0 0 3.8000000000000003 0 0 6.2 0 0 0 0 0 0 0 0 2.6 0 0 0 0 0 0 0 0 0 0 0 0 0 0 0 0 0 0 0 0 0 0 3.6 0 0 0 0 1.8 0 0.2 0.6000000000000001 0 0.4 2.4000000000000004 0 0 0 0 0 0 0 0 0 0 0 0 0 0 0 0 0 0 0 0 0 0 0 2.2 0 0 0 0 0 0 0 0 0 0 0 0 0 
 33.4 39.800000000000004 0 35.800000000000004 11.8 11.4 31.6 59.400000000000006 62 47.800000000000004 5.4 6.800000000000001 31 27.6 30.6 49.2 74 17 10 7 0 0.4 16 0 0 0.6000000000000001 7.2 0 1.2000000000000002 0 0 0.6000000000000001 29.8 0 0.2 0 0 0.4 0.4 7 0 1.2000000000000002 0.6000000000000001 0.6000000000000001 0 0.4 0 0.6000000000000001 0 0 0 0.4 0 0 0 0 0 0 0 0 0 0 0 0 0 0 0 0 0 0.6000000000000001 0.6000000000000001 0.2 0 0 0 3.8000000000000003 0.6000000000000001 0 0 11.600000000000001 3.2 0 6.2 4.6000000000000005 2.6 2.6 3 0 6.4 2.8000000000000003 4 0 0.4 2.4000000000000004 3 3.6 3.2 6.4 2 0 0 2.2 0 0 0 0 3.6 0 0 0 0 0 5.4 0 0 0.4 0.2 0 7.800000000000001 0 0 0 0 0 0 4 1.2000000000000002 0 0 0 0 0 0.4 0 0 0 0 0 0 0 0 0 0 0 0 0 0 0 0 0 0 0 0 0 0 0 0 0 0 0 0.4 1.4000000000000001 9.600000000000001 8.4 0 2 5 0 1.6 2.4000000000000004 9 1.8 0 0 4.2 6 0 0 2.8000000000000003 0.2 2 0 0 0.2 0 0 1.2000000000000002 0 0 0 0 0 0 2.8000000000000003 3.2 2.8000000000000003 0 0 4 6 0 0 0 0 0 0 0 0 0 0 0.2 0 0 0 0 0 0 0 0 0 0 0 0 0 0 0 0 0 0.4 0 0 0 0 0 0 0 0 0 0 0 0 0 0 0 0 0.4 0.2 0 0 12.4 0 4.4 2.6 0 0.2 0 0 0 0 0 0 0 0 0 0 0 0 0 0 0 0 0 0 0 0 0 1.2000000000000002 2.2 0 0 0 0 0 0 0 0 0 0 0 0 
 9.600000000000001 18.6 35.800000000000004 0 48 36.800000000000004 18.400000000000002 32.800000000000004 57.800000000000004 61.6 27.8 31.6 13.8 48.6 10.200000000000001 53.6 19.8 5 12.4 52.800000000000004 0 0.8 1 0.2 0 0.6000000000000001 0.6000000000000001 0.6000000000000001 1.4000000000000001 0 0 0.6000000000000001 21.400000000000002 0.6000000000000001 15.8 0 0 0 15.200000000000001 23.400000000000002 0 0.8 0.6000000000000001 1 0 0.4 0 0.6000000000000001 0 0 0.4 0 0 0.2 0 0 0 0 0 0.2 0 0 0 0 0.2 0 0 0 0 0.6000000000000001 0.6000000000000001 0 0 0 0 0 0.6000000000000001 0.4 0 0.6000000000000001 2.8000000000000003 0 4.6000000000000005 8 10.600000000000001 6.800000000000001 0 0 2.8000000000000003 1.8 7.2 2 0 0 3.6 10.8 0.2 0 0 0 2.2 2.8000000000000003 0 0 0.4 0 6 4.800000000000001 0.2 0 0 0 4.4 0 1.2000000000000002 0 0 0 3.4000000000000004 3.8000000000000003 0 0 0.2 0 0.4 0 0 0 3.6 0 0.4 0 0 0 0 0 0 0 0 0 0 0 0 0 0 0 0 0 0 0 0 0.8 0 0 0.8 5.2 0 0 0 0 0 0 0 1.8 0 3 0 0.6000000000000001 4.2 0 5.2 2.6 0 0 0 0.8 2.4000000000000004 0 0.2 0 3.8000000000000003 0 0 0 0 0 2 5.2 0 0 0 0 7.800000000000001 4.4 0 0 0 0 0.2 3 0 0 0 0 0 0 0 0.2 0 0 2.8000000000000003 0 0 0 0 0 0 0 1.6 0 0 0 0 0 0 0 0 0 0 0.2 0 0 0 0 0 0 0 0 0 0 0 0 0 0 0 17.400000000000002 0 0.2 0.6000000000000001 1.2000000000000002 0 1.2000000000000002 0 0 0 0 0 0 0 0 0.4 0 0 0 0 0 0 0 0 0 0 0 0 0 0 3.2 0 0 0 0 0 0 0 0 0 0 0 0 0 0 
 12.4 53.6 11.8 48 0 13.600000000000001 11.200000000000001 30 50.800000000000004 57.400000000000006 26.6 54.6 34 59.6 12 27.8 13.600000000000001 32.4 8.6 15 7 15.8 7.6000000000000005 0.2 0.4 1 0.2 0 1 0 0 1 15.4 0 18.8 0 1.2000000000000002 0 19.200000000000003 31 0 0.6000000000000001 0.6000000000000001 0.6000000000000001 0 0.4 0 0.6000000000000001 0 0 5.2 0 0 0 0 0 0 0 0 0 10 0 0 0 0 0 0 0 0 0.6000000000000001 0.4 0 0 0.4 0 0 0.4 0 0 0.6000000000000001 3.6 0 3.8000000000000003 0.4 12.200000000000001 6.4 0 1.2000000000000002 4.2 6 0 4 0 0 0 4.800000000000001 0 0.2 0 0 6.4 0.4 2 0 0 0 15 0 2 0 0 0 6.2 3.6 0.4 7.800000000000001 0 0 0.2 3.8000000000000003 0 0 0 0 0 0 0 0 0 0 0 0 0 0 0 0 0 0 0 0 0 0 0 0 0 0 0 0 0 0 0 0.4 0 4.4 0 7 0 0 0 0.2 3.2 0.4 0 1.2000000000000002 5.4 0 0 0 0.6000000000000001 0 0 11.600000000000001 0 0 0 0.8 0 4.4 0 0 7.6000000000000005 2.6 0 0 0 0 7.4 0 0 0.2 0 0 0 5.2 0 3 0.2 2.8000000000000003 4.800000000000001 6 0 0 0 0 0 0 0 0 0 0 0 0 0 0 0 0 0 0 1 0 0 0 0 0.4 0 0 0 0 0 0 0 0 0 0 0 0 0 0 0 0 0 0 0 0 0 0.2 0 0 0.8 22.400000000000002 0 2 0 0 0 0 0 0 0 0 0 0 0 0 0 0 0 0 0 0 0 0 0 0 0 0.2 0 0 0 0 0 0 0 0 0 0 0 0 0 0 
 52.800000000000004 53.2 11.4 36.800000000000004 13.600000000000001 0 73.4 33.2 23.6 67.8 53.400000000000006 11.4 6.4 66.2 26.8 18.2 27.8 11.200000000000001 7.800000000000001 68 0 0.4 0.4 42 0 0.6000000000000001 0 0 1 0 0 0.8 8 0.2 0.4 0 0 0 14.8 0.2 0 0.6000000000000001 0.6000000000000001 0.6000000000000001 0 0.4 0 7.6000000000000005 0 0 0.2 0.2 0 0 0 0 0 0 0 0.6000000000000001 0 0 0 0 0 0 0 0 0 0.6000000000000001 0.6000000000000001 0 0 0 0 0.4 0.6000000000000001 0 0 0.6000000000000001 15.600000000000001 0 2 0 2.6 2.6 0 0 6.4 3.6 6.6000000000000005 5.4 0 0 4.2 5.6000000000000005 0 1.8 0.2 2.6 1.4000000000000001 0 0 0 0 0 6.800000000000001 5 0.2 0 0 0 2 2 4.6000000000000005 0.2 0 0 0.2 2 0 0 0 0 0 0 0 0 0 0 0 0 0 0 0 0 0 0 0 0 0 0 0 0 0 0 0 0 0 0 0 0.2 0 0 0.8 0 0 0 0 0 0 4 0 2.4000000000000004 0 0.2 0 0 0.6000000000000001 3.2 4.4 3.2 0 2.8000000000000003 0 2 2.2 2.4000000000000004 0 0 4.6000000000000005 0 0 0 0 5.2 4.6000000000000005 4 0 0 0 0 3 0 0 0.4 0.2 0 0 1.6 0 0 0 0 0 0 0 0 0 0 0 0.2 0 0 0 0 0 0 1.8 0 0 0 0 0.4 0 0 0 0 0 0 0 0 0 0 0 0 0 0 0 0 0 0 0 0 0 0 0 0.2 17 0.6000000000000001 0 2 0.4 0 0 0 0 0 0 0 0 0 7 0 0 0 0 0 0 0 0 0 0 0 0 4 0.2 0 0 0 0 0 0 0 0 0 0 0 0 0 
 33.800000000000004 16.8 31.6 18.400000000000002 11.200000000000001 73.4 0 99 10.8 7.800000000000001 3.4000000000000004 25.8 25.200000000000003 36.2 46.800000000000004 7.6000000000000005 25.200000000000003 10.200000000000001 51.6 73.2 0 0.4 0.8 0 0 0.8 0.2 0 1 0 0 0.6000000000000001 0 0 0.4 0 0.2 0 0 0 0 1 0.6000000000000001 0.6000000000000001 0 0.4 0 0.6000000000000001 0 0 0 0 0 0 0 0 0 0 0 0 0 0 0 0 0 0 11.200000000000001 8.8 0 0.6000000000000001 0.6000000000000001 0 0 4.2 0 0.4 0.6000000000000001 0 0 0.6000000000000001 3.4000000000000004 4.2 2.6 2.6 0 0 5.2 2 2.4000000000000004 0 0 2.8000000000000003 0 9 4.6000000000000005 0 0.6000000000000001 5.2 2.6 0.2 0 0 0 0 0 1.2000000000000002 0 0 0.2 0 0.4 0 0 0 0 0 0 2 0 0 0 0 0 0 0 0 0 0 0 0 0 0 0 0 0 0 0 0 0 0 0 0 0 0 0 0.2 0 0 0 0.6000000000000001 0 0 0 0 0 0 0 0 0 0 2.4000000000000004 6 3.6 0 0.2 0 1.2000000000000002 0 0 14.4 0 0.4 0.8 7 3.2 3.4000000000000004 2 3.8000000000000003 1.2000000000000002 2.8000000000000003 0 0 0 0 0 0 0 2.4000000000000004 0 0 0 0 0 0 0.2 0.2 0.2 0 0 0 0 0 0 0 0 0 0 0 0 0 0 2 0 0 0 0 0 0 0 0 0.2 0 0 0 0 0 0 0 0 2.4000000000000004 0 0 0 0.2 0 0 0 0 0.4 0 0 0 0 0 0 0.8 0.2 0 0 0 3.4000000000000004 1 0 0 0 0 0 0 0 0 0 0 1 0 0 0 0 0 0 0 0 0 0 0 0 0 0 0 0 0 0 0 0 0 0 0 0 0 0 0 
 11.600000000000001 14.200000000000001 59.400000000000006 32.800000000000004 30 33.2 99 0 29.6 5.4 34.6 5.800000000000001 25 12.600000000000001 47.6 26.400000000000002 10.4 47 13.600000000000001 12.8 0 0.2 0.4 0 0 0.6000000000000001 0 0 0.8 0 0 0.6000000000000001 0 0 0.2 15.600000000000001 0 0 0 0 0 1.4000000000000001 0.6000000000000001 0.6000000000000001 0 0.4 0 0.6000000000000001 0 0 13 0 0 0 0 0 0 0 0 0 0.2 10 0 0 0 0 0 0 0 0.6000000000000001 0.6000000000000001 0 0 0 0 0 0.6000000000000001 0 0 0.6000000000000001 4 0 3 4.6000000000000005 0.4 13.200000000000001 3.8000000000000003 0 0 8.8 3.8000000000000003 0 0 2 5.6000000000000005 0 5.2 2.8000000000000003 9.200000000000001 3.2 0 0 0 0 0 0 0 0 0 0 2.6 0 0 0 0 0 0 0 1.4000000000000001 2.2 0 0 0 0 0 0 0 0 0 0 0 0 0 0 0 0 0 0 0 0 0 0 0 0 0 1.4000000000000001 0 0 0 0 0 0 0 0 0 0.4 0 0 0 0 16.400000000000002 0 2.2 0 0 0 0 2 6.800000000000001 0 0 3.4000000000000004 1.4000000000000001 4.6000000000000005 8 3.2 3.6 3.4000000000000004 2.6 1.6 0 0 0 0 0 0 0 0 0 0 0 0 0.6000000000000001 2.2 0 0 0 0 2.8000000000000003 0 0 0 0 0 0 0 0 0 0 0 0 0 0 0 0 0 0 0 0 0 0 0 0.4 0 0 0 0 0 0 0 0 0 0 0 0 0 0 0 0 0 0 0 0 0 0 0.4 0 0 0 0.2 2 1 0 0 0 0 0 0 0 0 0 0 0.2 0 0 0 0 0 0 0 0 0 0 0 0 0 0 0 0 0 0 0 0 0 0 0 0 0 0 0 
 26.200000000000003 31.8 62 57.800000000000004 50.800000000000004 23.6 10.8 29.6 0 44 10.600000000000001 8.200000000000001 20.200000000000003 17.400000000000002 14 99.2 28.200000000000003 11.8 12.4 30.200000000000003 0 0.2 1 0 0.2 1.4000000000000001 14.8 41.800000000000004 1 0 0 1.2000000000000002 18.6 0.2 0.2 0 0.6000000000000001 0.2 0.4 7 0.4 1.2000000000000002 0.6000000000000001 1 0.4 0.4 5.2 0.6000000000000001 1.6 0.2 10.8 0 0 1 0 0 0 0 0 12.4 0 0 0 0.2 0 0.2 0 0 0 0.6000000000000001 1.6 0 0 0.4 10.200000000000001 0.4 0.6000000000000001 0 0.2 0.6000000000000001 2.6 0 13 4.800000000000001 10.200000000000001 6 0 0 7.2 12.200000000000001 4.4 2.8000000000000003 2.8000000000000003 0 6 4 3.6 0 1.2000000000000002 6.6000000000000005 0.2 2.2 0 0 0 0 7.4 0 0 0 0 0.2 8.8 0 0 2 0.2 0 7.2 0 0 0 0 0 0 1 3.8000000000000003 0 0 0 0 0 0 0 0 0 0 0 0 0 0 0 0 0 0 0 0 0 0 0 0 0.8 0 0 0 0.8 0 0 0 0 3.6 2.2 3.2 5.4 0 5.800000000000001 0 0 3.4000000000000004 2.2 4.800000000000001 9.4 0 0 0 3 0 2.4000000000000004 0 2 2 0 0.2 0 0 0 7.800000000000001 0 0 0 0 0 0 5.2 3.6 2.8000000000000003 0 0 1.2000000000000002 2.2 0 0 0 0 0 0 0 0 0 0 0 0 0 0 0 0 0 0 1.8 0 0 0 0 0 0 0 0 0 0 0 0 0 0 0 0 0 0 0 0 0 0 0 0 0 9 0 0.4 0 0.8 17.2 0 0.2 0 0 0 0 0 0 0 0 0 0 0 0 0 0 0 0 0 0 0 0 0 0 0 0 2.4000000000000004 0 0 0 0 0 0 0 0 0 0 0 0 0 
 83.4 43.400000000000006 47.800000000000004 61.6 57.400000000000006 67.8 7.800000000000001 5.4 44 0 37.800000000000004 40.800000000000004 59.2 14.200000000000001 16.6 42.6 95.60000000000001 23.200000000000003 15 52.6 0 0.2 0.4 0 0 0.6000000000000001 14.8 0 0.8 0 0 0.6000000000000001 0 0 0.2 41.6 0 0 0 0.4 0 1.4000000000000001 0.6000000000000001 1.2000000000000002 0 0.4 0 0.6000000000000001 0 0 14.600000000000001 0 0 0 0 0 0 0 0 0 0 0 0 0 0 0 0 0 0 0.6000000000000001 1.2000000000000002 0 0 0 0 0 0.6000000000000001 0.4 0 0.6000000000000001 3.4000000000000004 6.6000000000000005 8 0 6 3.4000000000000004 0 9 8.200000000000001 15.4 2.8000000000000003 7.4 1.8 0 4 8 1.2000000000000002 7.2 1.2000000000000002 5.800000000000001 0 0 0 0 0 0 4 2 0 0 0 0 2.6 0 0.2 2.2 0 0 4 1.6 0 0 0 0 0 0 1.4000000000000001 0 0 0 0 0 0 0 0 0 0 0 0 0 0 0 0 0 0 0 0 0 0 0 0 0.6000000000000001 0 0 3.4000000000000004 0.2 0 2.8000000000000003 0 0 0 2.2 5.800000000000001 1.8 0.6000000000000001 2 0 5.6000000000000005 0 8.6 4.2 1.8 0 0 0 3.8000000000000003 0 4.4 0 1.8 0 0 0 0 2 0 4.800000000000001 1.4000000000000001 0 0 0 0 0 0 2.6 5.2 0 0 1.8 0.2 0 0 0 0 0 0 0 2.6 0 0 0 0 0 0 0 0 0 0 1.2000000000000002 0 0 0 0 0 0 0 0 0 0 0 0 0 0 0 0 0 0 0.2 0 0 0 0 0 0 0 0 0 0.4 0.4 19 0 0.4 0 0 0 0 0 0 0 0 0 0 0 0 0 0 0 0 0 0 0 0 0 0 0 0 5.6000000000000005 0 0 0 0 0 0 0 0 0 0 0 0 0 
 24.400000000000002 16.8 5.4 27.8 26.6 53.400000000000006 3.4000000000000004 34.6 10.600000000000001 37.800000000000004 0 10.200000000000001 27.200000000000003 24 52.400000000000006 62 25.200000000000003 13 18.2 32.4 0 16 0.8 0 0.4 0.6000000000000001 0 0 6.800000000000001 3.8000000000000003 0 1 16.400000000000002 0.2 15.4 0 6.800000000000001 0.8 15 0.2 0.6000000000000001 0.8 1 0.6000000000000001 0 0.4 0.6000000000000001 0.6000000000000001 0 0.6000000000000001 12.8 0 0 0 0 0 0.6000000000000001 0.8 0 0.4 0.2 0 0 0.6000000000000001 0 0 0.4 0 0 0.6000000000000001 0.6000000000000001 0 0 0 1.2000000000000002 0 0.6000000000000001 0 0.2 0.6000000000000001 5.2 1.6 0 2.4000000000000004 3.8000000000000003 4.4 0.2 2.6 3 2.6 4.6000000000000005 0 1.6 2.4000000000000004 0 0 2.4000000000000004 0 0 0 1 0 0 0 0 0 9 0.4 0.2 0 0 0 0 2.8000000000000003 2 0 0.2 0 0.4 1.8 0 0.4 0 0 0 0 0 0 0 0 0 0 0 0 0 0 0 0 0 0 0 0 0 0 0 0 0 0 0 0 0 7.800000000000001 0 0 1.4000000000000001 1.2000000000000002 0 0 0 0 3.8000000000000003 0 0 0 0 0.4 0 2.2 3 2.2 0 2.2 0 0.2 0.2 0 6.800000000000001 2.2 0 3 1.8 0 0 0 0 2.8000000000000003 0 3.4000000000000004 0 0 0 0 0 2.6 0 3 0 4.2 4 0 0 0 0.4 0 0 0 0.4 0 0 0 0 0 0 0 0 0 0 0 0 0 0 0 0 0 0 0 0 0 0 0 0 0 0 0 0 0 0 0 0 0 0 2 0 0 0 0 10 0 1.6 0.2 0 2 0 0 0 0 0 0 0 0 0 0 0 0 0 0 0 0 0 0 0 0 0 0 0 0 0 0 0 0 0 0 0 0 0 0.2 0 0 0 0 
 21.8 10.200000000000001 6.800000000000001 31.6 54.6 11.4 25.8 5.800000000000001 8.200000000000001 40.800000000000004 10.200000000000001 0 11 6.4 28.6 6 26.8 12.8 21.8 10.4 0.6000000000000001 0.2 0.4 0 0 1 0.2 0.4 1 0.4 1 0.6000000000000001 18.6 0.2 0.8 0.6000000000000001 0 0 7.800000000000001 15 0 0.6000000000000001 0.6000000000000001 0.6000000000000001 1.4000000000000001 0.4 0.4 0.6000000000000001 0 0 0 0 0 0 0 0 7.2 0 0.6000000000000001 0 0 0 0.4 9.200000000000001 0 0 0 0 0 0.6000000000000001 0.6000000000000001 0 0 0.8 0 0.6000000000000001 0.6000000000000001 0 0 0.6000000000000001 2.8000000000000003 0 0 2.4000000000000004 2 1.2000000000000002 0 3.8000000000000003 4.800000000000001 0 0 2.8000000000000003 3.2 0 3.8000000000000003 0 0 4.2 2.8000000000000003 2.6 0 0 1.6 0.2 0 0 0 0 0 0 0 0 8.4 0 0 0 2.2 0 5.6000000000000005 4.800000000000001 0 0 0 0 0 3 0 0 0 0 0 0 0 0 0 0 0 0 0 0 0 0 0 0 0 0 0 0 0 0 0 0 0 0 0 0 0 0 0 0 0 4.6000000000000005 0 0 5.6000000000000005 0 2 2 2.6 1.8 0 2.6 2.4000000000000004 0 1.4000000000000001 0 2.4000000000000004 5 0 0 0 0 2.2 1.4000000000000001 0 0 4.4 0 1.8 0 0 0 3.8000000000000003 0 1.4000000000000001 1.2000000000000002 0 2.6 2.6 5.4 0 0 0 0 0 0 0 0 0 0 0 0 0 0 0 0 0 0 0 0 0 0 0 0 0 0 0 0 0 0 0 3.6 0 0 0 0 0 0 0 0 0 0 0 0 0 0 17.2 0 0.4 18 0 0.6000000000000001 0 0 0 0 0 0 0 0.2 0.4 0 3 0 0 0 0 0 0 0 0 0 0.4 0 0 1.6 0 2.4000000000000004 0 0 0 0 0 0 0 0 0 0 0 0 
 53.800000000000004 54.6 31 13.8 34 6.4 25.200000000000003 25 20.200000000000003 59.2 27.200000000000003 11 0 31 9.200000000000001 70.4 52.400000000000006 25.6 75 42.6 1.6 0.4 0.4 0 0 0.6000000000000001 14.600000000000001 0 1 0 0 0.6000000000000001 0 0 0.4 40.400000000000006 0.2 0.2 0 0 0.6000000000000001 0.8 0.6000000000000001 0.6000000000000001 0 0.4 0 0.6000000000000001 0 0 0 0 0 0.4 0 0 0 0 0 0.6000000000000001 6.6000000000000005 0 0 0 0 0 0 0 0 0.6000000000000001 0.6000000000000001 0 0 0 0 0 0.6000000000000001 0 2.2 0.6000000000000001 0 9.8 2.8000000000000003 1.8 2.8000000000000003 0 1.4000000000000001 6.6000000000000005 6.4 2.4000000000000004 1.8 2.2 4.6000000000000005 10.200000000000001 0 2.2 2.2 2 4.4 5 0 0 0 0 0 0 0 0 0 0 0 0.2 0 0 0 0 0 0 0 0.4 0 0 0 0 0 0 0 0 0 0 0 0 0 0 0 0 0 0 0 0 0 0 0 0 0 0 0 0 0 0 0 0 0 0 0 0 0 0 0 0 2.2 0 4.4 6 0.8 2 0.2 5.800000000000001 1.4000000000000001 5 3.2 0 0 4.4 6.2 4.800000000000001 5.2 2.4000000000000004 0 3.2 0 0 0 0 0 0 0 0 0 0 0 0 0.2 0 0 0 0 0 0 0 0 0 0 0 0 0.4 0 0 0 0 0 2.6 0 0 0 0 0 0 0 0 0.2 0 0 0 0 0 0 0 0 0 0 0 0 0 0 0 0 0 0 0 0 1.4000000000000001 0 0 0.2 0.4 36 0.4 0.4 0.4 0 2.8000000000000003 0 0 0 0 0 0 0.2 0 0 0 0 0 0 0 0 0 0 0 0 0 0 0 0 0 2.4000000000000004 0 0 0 0 0 0 0 0 0 0 0 0 0 
 50.400000000000006 44 27.6 48.6 59.6 66.2 36.2 12.600000000000001 17.400000000000002 14.200000000000001 24 6.4 31 0 35.2 40.400000000000006 26.6 42.400000000000006 56 35.4 0.4 0.2 0.4 0.2 0.6000000000000001 0.6000000000000001 0.2 0 1 0 0 0.6000000000000001 0 0.6000000000000001 0.2 0 0 0 0 0 0 1 0.6000000000000001 0.6000000000000001 0 0.4 0 0.6000000000000001 0 0 0 0 0 12.600000000000001 0 0 0 0 0 0 0 0 0 0 0 0 0 0 0 0.6000000000000001 0.4 0 0 0 0 0 0.4 0 0 0.6000000000000001 10.8 5.6000000000000005 9 2.6 0 0 5.6000000000000005 14.600000000000001 0.6000000000000001 4.4 3.8000000000000003 3.8000000000000003 5.6000000000000005 8.200000000000001 0 1.8 4 0 0 0 0 0 0 0 0.4 0 0 0 0 0 0 0 0 0 0.2 0 0 0 0 0 0 0 0 0 3.2 0 0 0 0 0 0 0 0 0 0 0 0 0 0 0 0 0 0 0 0 0 0 0 0 0.2 0 0 0 0 0 0 0 0 0 0 4.800000000000001 0 3.4000000000000004 0 0.2 0 6.2 0 1.6 0 0.4 0 0.8 6.2 7 2.6 2.6 0 3.2 3 0 0 0 0 0 0 4.4 0 0 0 0 0 0 0 0 0 3.4000000000000004 0 0.2 0.2 0 0 0 0 0 0 0 0 0 0 0 0 0 0 0 0 0 0 7.2 0 0 0 0 0.2 0 0 0 0 3.4000000000000004 0 0 3.4000000000000004 0 0 0 0 0 0 0 0 0 3 0 0 0 0.2 19.400000000000002 0 0 0 0 2.2 0 0 0 0 0 0 0 0 0 0 0 0 0 0 0 0 0 0 0 0 0 0 0 0 0 0 0 0 2.6 0 0 0 0 0 0 0 0 0 
 31.8 10 30.6 10.200000000000001 12 26.8 46.800000000000004 47.6 14 16.6 52.400000000000006 28.6 9.200000000000001 35.2 0 15 29 7.800000000000001 74.60000000000001 36.6 0 0.4 0.4 0.2 0 0.8 0 0 1 0 0 0.8 0 0 0.4 0 0 0 0 0 0 1 0.6000000000000001 0.6000000000000001 0 0.4 0 0.6000000000000001 0 0 0 0 0 0 0 0 0 0.2 0 0 0 0 0 0 0 0 0 0 0 0.4 0.6000000000000001 0 0 0 0 0 0.6000000000000001 0 0 0.6000000000000001 5.6000000000000005 0.4 0 2 0 2 2.6 2 5 0 3.8000000000000003 0.6000000000000001 0 4 7.4 0 0 3.6 2.8000000000000003 7.4 0 0 0 0 0 0 0 0 0 0 0 0 0 0 0 0 0 0 0 0 0 0 0 0 0 0 0 0 0 0 0 0 0 0 0 0 0 0 0 0 0 0 0 0 0 6.4 0 0 0 0 0 0 0 0 0 0 0 0 0.2 0 0 2.4000000000000004 0 3.8000000000000003 0.4 0 0.2 0 0 5 0.2 2.4000000000000004 0 0 6.2 1.6 10.200000000000001 2.2 0 0.2 0 0 0 0 0 0 0 0 0 0 0 0 0 0 0 0 0 0 0 0.2 0 0.2 0 0 0.4 0 0 0 0 0 0 0 0 0 0 2.2 0 0.4 0 0 0 0 0 0 0 0 0 0 0 0 0 0 0 0 0 0 0 0 0 0 0 1.6 0 0 0 0 19 0 0 0 1 32.800000000000004 0 0 0 0 0 0 0 0 0 0 2.2 0 0 0 0 0 0 0 0 0 0 0.4 0 0 0 0 0 0 0 0 0 0 0 0 0 0 0 0 
 44.800000000000004 72.4 49.2 53.6 27.8 18.2 7.6000000000000005 26.400000000000002 99.2 42.6 62 6 70.4 40.400000000000006 15 0 17.6 27.200000000000003 37.4 30.6 0 0.4 0.4 0 0 0.6000000000000001 0.2 0 1.4000000000000001 0 0 0.6000000000000001 7.4 0.2 0.2 0 0 0 0.2 6.2 0 0.6000000000000001 0.6000000000000001 0.6000000000000001 0 0.4 0 0.6000000000000001 0 12.200000000000001 12.8 0 0 0 0 0 0 0 0 0 0 0 0 0 0 0 0 0 0 0.6000000000000001 0.6000000000000001 0 0 0 0 0.6000000000000001 0.6000000000000001 0 0 0.6000000000000001 5.6000000000000005 6.800000000000001 1.4000000000000001 2.6 3.8000000000000003 3.4000000000000004 0.4 6.2 5 2.6 3.6 0 5.4 6.2 0.2 6.800000000000001 5.800000000000001 4 1.4000000000000001 0 0.2 0 0 0 0 0 5 0.4 0 0 0.2 0 0 0 0 0 0 0 2.6 0 0 0 0 0 0 0 0 0 0.6000000000000001 0 0 0 0 0 0 0 0 0 0 0 0 0 0 0 0 0.4 0 0 0 0 0 1.4000000000000001 0 0 0 1.2000000000000002 0.4 0 0 0 5.4 1.6 0 1.8 0 2 2.6 3 3.4000000000000004 4.2 4.800000000000001 2 0 0.4 1.8 0.2 5.6000000000000005 2 0 4.800000000000001 0 0 2.2 0.6000000000000001 0 0 0.6000000000000001 0.2 0 0 0 0 0 6.800000000000001 0 0 0 0 1.4000000000000001 0 0 0 0 0 0 0 0 0 0 0 0 0 0 0 0 0 0 0 0 0 0 0 0 0 0 0 0 0 0 0 0 0 0 0.4 0 0 0 0 0.2 0 0 2.6 0 0 0 0.2 9.4 0.2 0.6000000000000001 0.4 0 3.8000000000000003 2.4000000000000004 0 0 0 0 0 0 0 0 0 0 0 0 0 0 0 0 0 0 0 0 0 0 0 0 0 0 0 0 0 0 0 0 0 0 0 0 0 
 28.6 67.2 74 19.8 13.600000000000001 27.8 25.200000000000003 10.4 28.200000000000003 95.60000000000001 25.200000000000003 26.8 52.400000000000006 26.6 29 17.6 0 21 27.8 9 0 0.4 0.4 0 0 0.6000000000000001 0 0.4 1 0 0 0.6000000000000001 0 0.2 0.2 0.2 0 0 0.2 0.2 0 0.8 0.6000000000000001 0.6000000000000001 0 0.4 0 0.6000000000000001 0 0 0 0.2 0 0 0 0 0 0.2 0 0 0 2 0 0 0 0 0 0 0 0.6000000000000001 0.6000000000000001 0 0 0 0 0 0.6000000000000001 0 0 0.8 8 0 2.6 0 0 0 0 2 12.8 3.4000000000000004 0.2 5.800000000000001 0 2.6 4.4 3.2 0 7.800000000000001 2.8000000000000003 2.6 0 0.4 0 0 0 0 4 0 0 1.4000000000000001 0 0 0 0 0 0.2 0 0 0.4 0 0 0 0 0 0 0 0 0 0 0 0 0 0 0 0 0 0 0 0 0 0 0 0 0 0 0 0 0 0 0.2 0 0 0 0 0 0 0 0 0 0 0 0.6000000000000001 0.6000000000000001 1.8 0 0 0 0 0 2 0.2 4.2 0 0.4 1.6 2.8000000000000003 2.8000000000000003 0.4 0 3.2 0 0 0 0 0 0 3.6 0 0 0 0 0 0 0.2 0 0 0 0 0 0 0 0 0 0 0 0 0 0 0 0 0 0 0 0 0 0 0 0 0.8 0 0 0 0 0 0 0 0 0 0 0 0 0 0 0 0 0 0 0 0 0 0 0 0 0 0 0.2 17.400000000000002 0 0 0.4 0 1.4000000000000001 0 0 0 0.2 0 0 0 0 0 0 2.2 0 0 0 0 0 0 0 0 0 0 0 0 0 0 0 0 0 0 0 0 0 0 0 0 0 0 2 
 24.6 32.800000000000004 17 5 32.4 11.200000000000001 10.200000000000001 47 11.8 23.200000000000003 13 12.8 25.6 42.400000000000006 7.800000000000001 27.200000000000003 21 0 36.6 90.80000000000001 0 0.4 0.4 0 0.2 1 1.4000000000000001 0 1 0.6000000000000001 0 0.8 0.4 0.6000000000000001 0.6000000000000001 0.4 0 0.8 7.2 16.6 0.4 0.6000000000000001 0.6000000000000001 0.6000000000000001 0.6000000000000001 0.4 0.2 0.6000000000000001 0 0 12.600000000000001 0 0 0 0 0 0 0 0 0.2 0 0 0 0 0 0 0 0 0 0.4 0.6000000000000001 0 1 0.4 0.2 0 0.6000000000000001 0 0 0.6000000000000001 2.8000000000000003 4.2 0 3.8000000000000003 4.6000000000000005 4.6000000000000005 2.8000000000000003 10.4 0.2 4.2 4 2.2 1.6 7.2 0 5.2 4 0 1.6 1.8 4.2 0 0 0 0 0 4.2 0 0.2 0 0 0 3 0 0.4 16.6 0 0 0.4 0 0 0 0 0 0 0 0 0 0 0 0 0 0 0 0 0 0 0 0 0 0 3 0 0 0 0 0 0 0 0 0 0.8 0 3.8000000000000003 0 0.8 0 0 0 0 6.6000000000000005 0.4 0 0 3 0.4 0 0 0.6000000000000001 2.8000000000000003 0 7.4 0 2 0 2.2 11 11.200000000000001 0 5.6000000000000005 4.800000000000001 0 0 0 0 0 1.8 0 0 0 0 0 0 2.2 0 0 0.2 0 3.2 6.4 0 0 0 0 0 0 0 0 0 0 0 0 0.2 0 0 0 0 0 0 0 0.2 0 0 0.4 0 0 0 0 0 0 0 0 0 0 0 0 0 0 0 0 0 2.2 0 0 0 0 9.8 0 0 20.200000000000003 8 0.8 0 0.4 0 0 0 0 0 0 0 0 0 0 0 0 0 0 0 0 0 0 0 0 0 0.2 0.2 0 0 0 0 0 0 0 0 0 0 0 0 0 
 34.4 28 10 12.4 8.6 7.800000000000001 51.6 13.600000000000001 12.4 15 18.2 21.8 75 56 74.60000000000001 37.4 27.8 36.6 0 25.200000000000003 0 1 0.4 0 0 0.6000000000000001 0.2 0 24.400000000000002 0 0 0.6000000000000001 0.2 0 0.2 0 0 0 0 0 0 1 0.6000000000000001 0.6000000000000001 0.4 0.4 0 0.6000000000000001 0 0.6000000000000001 0 0 0 0 0 0 0 0.4 0 0.6000000000000001 0.4 0 0 0 0 0 0.4 0 0 0.6000000000000001 0.6000000000000001 0 0 0 0 3 0.6000000000000001 0.2 0 0.6000000000000001 0 4.4 0.2 2.6 0 0 2 9.4 2.4000000000000004 0 2 0 4.800000000000001 11 0 0.2 2.8000000000000003 9.200000000000001 2.8000000000000003 1.8 0 0 0 0 0 0 0 0 0.4 0 0 0 0 0 0.2 0 0 0 0 0 0 0 0 0 0 0 0 0 0 3 0 0 0 0 0 0 0 0 0 0 0 0 0 0 0 0 0 0 0 0.2 0 0.2 0 0 0 0 0.6000000000000001 0 0 0 6.6000000000000005 2.4000000000000004 0 2.8000000000000003 0.2 0 2.4000000000000004 0 0.2 4.800000000000001 3 0 0 2.8000000000000003 7.6000000000000005 5.2 9 0.2 0 3.6 0 0 0 0 0 0 0 0 0 0 0 0 0 0 0 0 0.4 0 0 0 0 0 0 0 0 0 0 0 0 0 0 0 0 0 0 0 0 0 0 0 0.4 0 0 0.2 0 2 0 0 0 0 0 0 0 0.4 0 0 0 0 0 0 0 1.4000000000000001 0 0 0 0.4 12.4 0 0 0 1.8 1.4000000000000001 2.8000000000000003 0 0 0 0 0 0 0 0 0 0 0 0 0 0 0 0 0 0 0 0 0 0 0 0 0 0 0 0 0 0 0 0 0 0 0 0 0 
 29.200000000000003 62.400000000000006 7 52.800000000000004 15 68 73.2 12.8 30.200000000000003 52.6 32.4 10.4 42.6 35.4 36.6 30.6 9 90.80000000000001 25.200000000000003 0 0 0.2 0.4 0 0 0.6000000000000001 0 0 0.6000000000000001 0 0 0.6000000000000001 0.4 0 0.2 0 0 0 0 0.2 0 1.2000000000000002 0.6000000000000001 0.6000000000000001 0 0.4 0 0.6000000000000001 0 0 0 0 0 0 0 0 0.2 0 0 0 0 0 0 0 0 0 0 0 0 0.6000000000000001 0.6000000000000001 0 0 0 0 0 0.6000000000000001 0 0 11.600000000000001 2.8000000000000003 8.6 4.6000000000000005 0 4.4 0 5.6000000000000005 8.6 2.2 3.8000000000000003 2.8000000000000003 4.4 0 0.2 4.2 4.2 0 4.2 0.2 10.4 0 0 0 0 0 0 0 0 0 0 0 0.2 0 0 0 0 0 0 0 0.4 0 0 0 0 0 0 0 0 0 0 0 0 0 0 0 0 0 0 0 0 0 0 0 0 0 0 0 0 0 0.6000000000000001 0 0 0 0 0 0 3.2 0 0 0 3.2 0.2 6.2 2 0.8 0 1.6 0 0.2 2 0 0 2.2 2 0 0 0 2 1.6 0 0 0 0 0 0 0 0 0 0 0 0 0 0.2 0 0 0 0 0 0 0 0 0 0 0 0 0.4 0 0 0 0 0 5 0 0 0 0 0 0 0 0 0 0 0 0 0 0 0 0 0 0 0 0 0 0 0 0 2.8000000000000003 0 0 0 0 0 0 0 0.2 1 0 0.6000000000000001 0 0.4 0 2.6 0 0 0 0 0 0 0 0 0 0 0 0 0 0 0 0 0 0 0 0 0 0 0 0 2.6 0 0 0 0 0 0 0 0 0 0 0 0 0 
 0 0.4 0 0 7 0 0 0 0 0 0 0.6000000000000001 1.6 0.4 0 0 0 0 0 0 0 99 54.6 10.4 53.6 10 63.2 67.8 17.6 84.4 6.2 69.2 12.8 38.2 48.2 32.6 20.8 111.4 29 82.60000000000001 1.2000000000000002 0.8 0.4 0 0 0 0 40.800000000000004 0 0 0.2 4.2 0 0.4 0.6000000000000001 0 0 0 0.4 1 0 0.4 0 0.2 0 0 0 0.6000000000000001 0 0.6000000000000001 0 0 0 0 0 0 0 0 0 0 0 0 0 0 0 2.2 0 0 0 0 0 0 0 1.4000000000000001 0 0 0 0 0 0 6 0.4 4 1.8 3.2 1.8 9.600000000000001 0.4 10.600000000000001 6.4 0.6000000000000001 6.4 8.200000000000001 4.6000000000000005 2.6 0 2 4 0 5.800000000000001 0 0 0 0.2 0 0.2 0 0 0 0.4 0 0 2.2 0 0 0 0 0 0.2 0 0 0 0 0.4 0 0 0 0 0 0 0 0 0 0 0 0 0 0.4 0 0 1.6 0 0 0.2 0 2 0 0 0 0 0 0 0 0 0 0 0 0 0 0 0 4.2 0 2 2.4000000000000004 2 2 0 2 2.2 8.8 1.8 1.4000000000000001 0 4.4 4.4 8 3.4000000000000004 6.2 0 0 0 0 0 0 0 0 0 0 0 0 0 0 0 7.6000000000000005 0 0 0 0 0 0 0 1.4000000000000001 0 0 0 0 0 0 0 0 0 0 0 0 0 2.2 0 0.2 0 0 0 0 0 0 0 0 0 0 0 0 0 0 0 7 0 0.4 0.2 15.4 3.4000000000000004 0.6000000000000001 0.2 0 0 0 0 0 0 0 0 0 0 0 0 0 0 0 0 0 0 0 0.2 0 0 0 0 0.4 0 0 0 
 0.4 0.4 0.4 0.8 15.8 0.4 0.4 0.2 0.2 0.2 16 0.2 0.4 0.2 0.4 0.4 0.4 0.4 1 0.2 99 0 54 74.4 52.800000000000004 14.600000000000001 28.6 20 13.200000000000001 9.8 5 32 7.6000000000000005 16 40 76.80000000000001 65.8 21.8 17.2 59.2 0.4 0.4 2.2 0 0 0 0 0 0 0 0.4 42 0 0.4 41.2 0 32 0 0.6000000000000001 0 0 0.6000000000000001 0 0 0 0 0 0 0 0.6000000000000001 0 0 0 0 1 0 0 0 0 0 0 0 0 0 0 0 0 0 0 0 0 0 0 0 0 0 0 0 0 0 3.4000000000000004 0 0.2 2.2 6 0 4 1.2000000000000002 6.4 0.2 3.8000000000000003 0 0 2 4.4 0 3.8000000000000003 4.6000000000000005 0 0.2 0 0 9.8 5 0 0 1.6 0 0 0 0 0 2 0 0 0 0 0 4.2 0 0.2 0 0 0 0 0 0 0 0 0 0 0 0 0.2 0 0 0.4 0 0 0 0 0 5.2 0 0 0.6000000000000001 0 0 0 0 0 0 0 0 0 0 0 0 0 0 2 0.2 8.8 8 14.600000000000001 0 0 0 1.8 2.8000000000000003 4 4.800000000000001 0 0 0.8 9.4 0 7.800000000000001 3 0 0 0 0.2 0 0 0 0 0 0 0 0 0 1.8 0 1.8 0 0 0 1 0 0 0 0 0 0 0 0 0 0 0 0 0 0.2 0 0 0 0 0 1.8 0 0 0 2.8000000000000003 0 0 0 0 0 15.4 0.4 0 0 0 0 1.2000000000000002 0 0 0 0 0 0.4 0 0 0 0 0 0 0 0 0 0 0 0 0 0 0 0 0 0 0 0 0 0 0 0 0 2 0 0 0 
 0.8 0.6000000000000001 16 1 7.6000000000000005 0.4 0.8 0.4 1 0.4 0.8 0.4 0.4 0.4 0.4 0.4 0.4 0.4 0.4 0.4 54.6 54 0 21.400000000000002 10.600000000000001 68.8 40.400000000000006 74.2 60.800000000000004 11.4 9.4 47.400000000000006 25.400000000000002 59.400000000000006 64.4 44 10.200000000000001 28.8 122.80000000000001 26.6 1.4000000000000001 0.4 0.4 0 0 0 41.2 0 0 0 0.4 4.4 0 0 0 0 0 0 0.4 0 0 0.2 0 0 0 0 0 0 0 0.6000000000000001 0 0 0.6000000000000001 0 0.6000000000000001 0 0 0 0 4 0 0 0 0 0 2.2 0 0 0 0 0 0 0 2.4000000000000004 0 0.4 0 0 0 0 2.8000000000000003 0.2 5.4 2.8000000000000003 2.4000000000000004 0 10.8 0.2 7.6000000000000005 2 0 2.6 6 7.800000000000001 0 0 3.4000000000000004 5.2 0 7.4 0 0 0 0.2 0 0 0.2 0.8 0 0.2 0 0 0 0 0 0 0 0 0 0 0 0 0 0.6000000000000001 0.2 0 0 0 0 0 0 0 0 0 0.4 0 0 0 0 0 0 1 0 0 0 3.4000000000000004 0 1.2000000000000002 0 0 0 0 0.2 0.2 0 0 0 0 0 3.8000000000000003 0.2 5.6000000000000005 0.2 2.6 2.4000000000000004 0 2 2.8000000000000003 4 6 3.8000000000000003 0 0.4 4.2 4.800000000000001 8.200000000000001 4.800000000000001 8 7.2 2 0 0 0 0.4 0 0.2 0 0 0 0 0 0 0 0 0 0 0 0 0.2 0 0 0 0.2 0 0 0 0 0 0 0 0 0 0 0 0 0 0 0 3.4000000000000004 0 0 0 0 0 0 0 0 0 0 0 0 0 0 0 2.4000000000000004 0.4 0.6000000000000001 15.200000000000001 0 0 4.2 0 0 0 0 0 0 0 0 0 0 0 0 0 0 0 0 0 0 0 0 0 0 0 0.2 0 2.2 0 0 0 
 0.2 0 0 0.2 0.2 42 0 0 0 0 0 0 0 0.2 0.2 0 0 0 0 0 10.4 74.4 21.400000000000002 0 49.6 32.6 19.6 18.6 33.6 31 12.4 13.600000000000001 11.200000000000001 28 27.6 33 30.200000000000003 21.6 13.8 57.400000000000006 0.4 0.4 0.4 0 0 0 0 0 0 0 0.2 0.4 13.4 12.4 0 0 0 0 6.2 12.200000000000001 0 0.4 0 0.6000000000000001 0.6000000000000001 0 0 0 0 0.6000000000000001 0 0 0 0 0 0 0 0 0 0 0 0 0 0 0 0 0 0 0 0 0 0 0 0 0 0 0 0 0 0 1.6 0.8 0.8 8.6 0 3.6 0 4.4 2.6 14.600000000000001 5 8.200000000000001 0 6.2 5 5.6000000000000005 2.2 0 0 2 0 0 0 0 0 0 1.4000000000000001 0 0 0 0.4 0 1.4000000000000001 2.4000000000000004 4.6000000000000005 0 2.8000000000000003 0 1 0.4 0 0.8 0 0 1.6 1 0 0 0 0 1.2000000000000002 0.4 0 3.2 0 0 0 0 0 0 0.4 1 0 0 0 0 0 1.2000000000000002 0 0 0 2.6 0 0 0 0 0 0 0 1.2000000000000002 3.2 5.800000000000001 0.8 0 3.2 2 0 2.8000000000000003 2.2 5.800000000000001 2.2 6.6000000000000005 1.4000000000000001 10.200000000000001 0 8.4 2.2 8.8 0 0 2.2 0 2.8000000000000003 0 0 0 5 0 0 1.8 0 0 0 0.2 0 1.4000000000000001 0.2 0 4.6000000000000005 6.2 0 0 0.4 0 0 0 0 0.2 0 0 0 0 0 0.4 0 2.6 0 0 0.8 0 0 0 0 0 0 0 0 0 0 0 0 0 0 0 0 0 0.4 6.800000000000001 16.8 0 4.4 0 0 0 0 0 0 0 0 0 0 0 0 0 0 0 0 0 0 2.6 0 3.2 0 0 0 0 0 0 0 0 
 0 0 0 0 0.4 0 0 0 0.2 0 0.4 0 0 0.6000000000000001 0 0 0 0.2 0 0 53.6 52.800000000000004 10.600000000000001 49.6 0 42.2 7.800000000000001 10.200000000000001 29.8 27 28.8 14.4 9.4 16.2 29.8 71 72 10.200000000000001 6.2 6.6000000000000005 13.200000000000001 0.2 0.8 0 0 0 17.400000000000002 5.4 4.4 12.8 0.4 0.4 6.2 13.600000000000001 12.200000000000001 0 0 0 16.8 12.4 0 0.2 0 0 1.2000000000000002 0 0 0 10.8 5.6000000000000005 0 0 0 0 0 0 0 0 0 0 0 0 0 0 0 0 0 0 0 0 0 0 0 0 0 2.4000000000000004 0 0 0 0 0 3.4000000000000004 3.8000000000000003 3.4000000000000004 3.8000000000000003 2.4000000000000004 0 0.2 0 0.2 2.6 3.6 0 5.800000000000001 0 2.4000000000000004 5.800000000000001 3.6 0.4 0 0.2 3 0 1.4000000000000001 0 0 2.8000000000000003 0 3.2 4.6000000000000005 0.2 0 2 5.2 2.4000000000000004 2.4000000000000004 3.6 2.2 2 1.8 0 0 0.4 0 0 0 0 0 0 0 0 0 0 0 0 0 0 0 0 0 0 0 0 0 0 0 0 0 0 0 0 0 0 0 0 0 0.2 0.6000000000000001 0 0 0 3.6 10 3.8000000000000003 4.4 0 1.6 0 1.2000000000000002 2.6 1.6 0.4 0 0 0 4.6000000000000005 0 2.8000000000000003 0 2 5.6000000000000005 0 2.4000000000000004 0 0 0 0 1.6 0 0 0.4 0 1.8 1.6 2 3.6 0.2 0 7.6000000000000005 5.4 0 0 0 0 0 0 0 0 0 0.4 0.2 0 0 0 0 0 0 0 0 0 0 0 3.8000000000000003 0 0 0 0 0 0 0 0 0.2 0 0 2 0.6000000000000001 0.4 32.800000000000004 0.4 0.4 0.8 0.8 0 0 0 0 0.2 0 0 0 0 0 0 0 0 0 0 0 0 0 0 0.8 0 0 0 0 0 1.6 0 0 
 0.6000000000000001 0.6000000000000001 0.6000000000000001 0.6000000000000001 1 0.6000000000000001 0.8 0.6000000000000001 1.4000000000000001 0.6000000000000001 0.6000000000000001 1 0.6000000000000001 0.6000000000000001 0.8 0.6000000000000001 0.6000000000000001 1 0.6000000000000001 0.6000000000000001 10 14.600000000000001 68.8 32.6 42.2 0 8.8 26.200000000000003 50.2 24.8 15.8 27.8 2 10.200000000000001 21.6 16.400000000000002 10.4 13.600000000000001 11.4 5.800000000000001 25 0.2 0.4 0 1.2000000000000002 3 5.800000000000001 12.4 24.8 0 0.2 0.4 25 12.4 26.6 0 0 0 34.4 24.8 0.4 0 0 0 0 0.4 0 0 0 0.6000000000000001 0.6000000000000001 0 0 0 0 0 0 0.2 0 0 0 0 0 0 0 0 0 0 0 0 0 0 0 0 0 0 0 0 0 0 0 0 0 0.2 0 0.2 0 0 0 3.8000000000000003 0 0.6000000000000001 0 0 0 0 0 0 0.2 0 2.6 1.8 0 2 0 0 0.6000000000000001 5.4 0 5.4 2.4000000000000004 0.2 0.2 11.8 5.6000000000000005 4.4 5.800000000000001 2 0 14.8 0 1 0.4 0 1 1.4000000000000001 0 0 0 0 1.2000000000000002 0 0 1.6 0 0 0 2.6 0 0.6000000000000001 0 0 0 0 0 0 0 0 0 0 0 0 0 0 0 0 0.4 0 0 0 0 0 0 0 0 11.200000000000001 0 0 0 0 0 0 0 0 0 0 0.4 0 0 0 2.2 11.200000000000001 8 0 3.2 0 3.8000000000000003 3.4000000000000004 4.2 7 3 0 5.2 9.4 6.6000000000000005 3.6 4 0 0 11.4 0 0 0 0 0 0 0.2 0 0 0 0.4 0 0 0 0 0 0 0.2 0 0 0 0 0 0 0 0 0 0 0 0 0 0 0 0 2.6 0 0 0.2 0 0 0 0 0 0 0 0 0 0 0 0 0 2.8000000000000003 0 0 0 0 0 0 0 0 0 0 0 0 0 0 0 2.4000000000000004 0 0 
 0 0 7.2 0.6000000000000001 0.2 0 0.2 0 14.8 14.8 0 0.2 14.600000000000001 0.2 0 0.2 0 1.4000000000000001 0.2 0 63.2 28.6 40.400000000000006 19.6 7.800000000000001 8.8 0 31.200000000000003 11.200000000000001 23.400000000000002 8.6 7.2 41.6 79.2 25 38 20.6 11 24.200000000000003 24.8 0.4 0.4 0.8 0 1.2000000000000002 0 0.2 0 0 0 0.4 12.600000000000001 0.2 0.2 0.4 0 0 0 1 0.6000000000000001 0 0.2 0 0.6000000000000001 0 0 0 0.6000000000000001 0 10.200000000000001 0 0 0.4 9.600000000000001 0 0 0 0 0.8 0 0 0 0 0 1 1.4000000000000001 0 0 3.8000000000000003 0 0 0 0 0 0 0.2 0 0 0 0 0.2 1.6 5.4 1.8 2.8000000000000003 1.4000000000000001 10.600000000000001 0 1.8 0.8 0 2.4000000000000004 6.6000000000000005 5.800000000000001 0 2.8000000000000003 2 4 2.8000000000000003 3.8000000000000003 0 0 0 0 0 4 0.8 0 0 0 0 0 0 0 0 0 0 0 0 0 0 0 0 0.8 0 0 0 0 0 0 0 0 0 0 0 0 0.4 0 0 0 0 0 0 0.2 1.8 1.8 0 0 0.4 0 1.4000000000000001 0 0 0 0 1 0 0 0 0 0.4 4.2 0.2 2.6 2.4000000000000004 0 2 0 0 3.6 0 0 1.8 2.6 6.2 0 8.4 0 9.600000000000001 9.8 0 0 0 0 0 0 0 0 0 0 0 0 0 0 0.2 0 0 0 0.4 0 0 0 0 0 0 0 0 0 0 0 0 0 0.2 0 0 0 0 0 2.4000000000000004 0 0 0 0 0 0 0.2 0 0 0 7 0 0 0 3.2 0.8 0 0 15.4 0 0.4 0 0 0 0 0 0 0 0 0 0 0 0 0 0 0 0 0.6000000000000001 0 0 0 0 0 0 0 0 0 2.8000000000000003 0 0 0 
 0 0 0 0.6000000000000001 0 0 0 0 41.800000000000004 0 0 0.4 0 0 0 0 0.4 0 0 0 67.8 20 74.2 18.6 10.200000000000001 26.200000000000003 31.200000000000003 0 89.4 28.6 8.200000000000001 8 30.8 14.200000000000001 31.8 43.2 8.6 4.800000000000001 40.800000000000004 10 1.6 0.4 0.4 0 0 0 0 0 0 0 0.4 12.200000000000001 0 0 0 0 0 0 0.4 0 0 0.4 0 0 0 0 0 0 0 0.6000000000000001 0 0 0 0 0 0 0 0 0 0 0 0 0 0 0 0 0 0 0 0 0 0 0 0 0 0 0 0 0 0 1.8 9.600000000000001 4.2 3.8000000000000003 0 0 1.8 5.4 2.4000000000000004 4.4 10 2.8000000000000003 0 9 4.2 4.2 7.800000000000001 6.2 0 0 0 0 0 0 0 0 0.2 0 0 0 0 0 0 0 0 0 0 0 0 0 0 0 0 0 0 0 0 0 0 0 0 0 0 0 0 0 0 0 0 0 2.2 0 0 0 0 0 0 0.2 0 0 0 0 0 0 0 0 0 0 0 0.6000000000000001 0.2 5.800000000000001 6.800000000000001 0.2 8.4 2.2 0 7 0.4 0 6.4 3.2 4.4 5.2 0 4.800000000000001 5 0.2 0 6.800000000000001 0 0 0 0 0 0 3.6 0 0 0 0 0 1.8 0.2 1.6 0.2 0 0 0 0 0 0 0 3.8000000000000003 0 0 0 0 0 0 0 0 0 0 0 0 0 0 1.8 1.4000000000000001 0 0 0 0 0 0 0 0 0 0 0 0 0 0 2.6 0 0 15.200000000000001 0.2 0 1 0 0 0 0 0 0 0 0 0 0 0 0 0 0 0 0 0 0 2.2 0 0 0 0 0 0 2 0 0 0 
 1.2000000000000002 0.6000000000000001 1.2000000000000002 1.4000000000000001 1 1 1 0.8 1 0.8 6.800000000000001 1 1 1 1 1.4000000000000001 1 1 24.400000000000002 0.6000000000000001 17.6 13.200000000000001 60.800000000000004 33.6 29.8 50.2 11.200000000000001 89.4 0 66 22 21.6 14.200000000000001 16.2 21.200000000000003 91.80000000000001 60 55.2 16 10.8 5 0.2 0.4 0.6000000000000001 0 1.6 0 0 0.6000000000000001 1.2000000000000002 0.6000000000000001 0.2 0.4 0.2 0 0 0.6000000000000001 0.8 1 1.8 0.4 0.4 0 1 1.4000000000000001 0 1 0 0 0.6000000000000001 0.8 0 1.6 0 1.2000000000000002 0 0 0 0.4 0 0 0 0 0 0 0 0 0 0 0 0 0 0 0 0 0 0 0 0 0 0 0 0 2.8000000000000003 5.2 1.2000000000000002 0 3.8000000000000003 0 2.4000000000000004 8 2 0 3.8000000000000003 0.4 2 3 0.2 0 0.2 0 3 0 0 0 0 0 0 0 0 1.6 0 0 0 0 0 0 0 4.6000000000000005 0.2 0 0 0 0 0 0 0 0 0 0 0 0 0 0 0 0 0 0 0 0 0 0 2.2 0 0 0 0.4 0 0 0 0.2 0 0 0 0 0 0 0 0 0 0 0 0.2 0 0 0.4 0 2.2 2.2 0 10.200000000000001 3.6 0 0 0 0 5.800000000000001 0.2 0.2 0.2 2.8000000000000003 0 0 0 0 0 1.8 6.2 5.6000000000000005 0 0 0.4 3.2 5.800000000000001 0 7 0 0 0 0 0 0 0 0 0 0.2 0 0 0 0 0 0 0 0 0 0 0 0 0 0 0 0 0 0 0 0 0.2 0 0 0 0 0 0 0 1 0 0 0 0.2 0.2 0.6000000000000001 0 0.4 0 0 0 3.2 0 0 0 0 0 0 0 0 0 0 0 0 0.2 0 0 0 0 0 0 0 0 0 0 
 0 0.4 0 0 0 0 0 0 0 0 3.8000000000000003 0.4 0 0 0 0 0 0.6000000000000001 0 0 84.4 9.8 11.4 31 27 24.8 23.400000000000002 28.6 66 0 37.6 21.8 6.6000000000000005 31.6 18.6 19.400000000000002 51.6 14.4 23.8 55.6 0.6000000000000001 0.4 0.4 0 0 0 0.2 0 0 0 0.4 4.2 20.200000000000003 5.800000000000001 0 0 0 0 13 3.8000000000000003 0 0.2 0 9.200000000000001 1.6 0 0 0 0 0.6000000000000001 0 0 1.4000000000000001 0 0 0 0 0 0 0 0 0 0 0 0 0 0.2 0 0 0 0 0 0 0 0 0 0 0 0 0 0 0 0 2.4000000000000004 5.800000000000001 3.2 1.2000000000000002 0.2 0 9.200000000000001 0.2 1.6 0 5.6000000000000005 0.2 0 0.2 1.8 0 2 0.8 2.6 0 0.2 0 0 3 0 0 0 7.800000000000001 0 1.8 2.8000000000000003 2.4000000000000004 0 7 0 6.2 0 0 0 0 0 1.2000000000000002 1.4000000000000001 0 0 0 0 1.2000000000000002 0 0 0.4 0 0 0 0 0 0 0 0 2.8000000000000003 0 0 0.2 0 0 0 0 0 0 0 0 0 0 0 0 0 0 0 1.2000000000000002 4.2 0.4 0.2 2 0 0 17 0 4 3.4000000000000004 2 0 0 0.2 8 0 2 0 2.4000000000000004 0 1 0 0 0 3.8000000000000003 0 0 0 0 0 6.4 8.8 0 8.8 0 0 3.6 3.6 0 0 0 0 0 2.4000000000000004 0 0 2 0 3 0 0 0 0 0 0 0 0 0 0 0 0 0 0 0 0 0 0 0 0 0 0 0.4 5.6000000000000005 0 0 0.4 0 0.6000000000000001 0.2 0 0 0 0 0 4 0 0 0 0 0 0 0 0 0 0 0 0 3.6 0 0 0 0 0 1.8 0 0 0 0 
 0 0 0 0 0 0 0 0 0 0 0 1 0 0 0 0 0 0 0 0 6.2 5 9.4 12.4 28.8 15.8 8.6 8.200000000000001 22 37.6 0 39.6 49.800000000000004 61.800000000000004 13.8 16 32.6 32.4 6 12.600000000000001 0.4 0.4 0.4 0 0 0 13.200000000000001 0 3.6 0 0.2 0.2 13.4 25.400000000000002 0 0 0.4 0.4 18.8 24.8 0 1 0.4 0 0 0 0 0 0 0.6000000000000001 0 0 0 0.4 0 0 0 0 0 0 0 0 0 0 0 0 0 0 0 0 0 0 0 0 0 0 0 0 0 0 1.8 0 1.4000000000000001 4 8.6 0 0 0 2.6 2.6 0 4.4 0 2.6 0 0 0.2 0.4 0 2 0.6000000000000001 9.600000000000001 0 0 2.2 0 0 0.4 0.2 0 0 0 0 1.6 3.8000000000000003 0 3.2 0.2 0.2 0.2 0 4.6000000000000005 0 0 1.6 1.8 0 0 0 0 7.6000000000000005 0 0 0.6000000000000001 0 0 0 0 0 3.2 0 1 0 0 0 0 0 1.2000000000000002 0 0 0 0 0 0 0 0 0 0 0 1.4000000000000001 1.4000000000000001 2 6 0.8 3.8000000000000003 5.2 0 2.8000000000000003 2.6 3 1.6 1.8 2 8 0 3.8000000000000003 3.2 7.4 0 0 5.6000000000000005 0.2 2.4000000000000004 0 0 0 0 1.6 1.4000000000000001 1.6 0 0 11.200000000000001 3.2 2.8000000000000003 1.6 0.2 0 4.6000000000000005 4.800000000000001 0 0 0 0 0 0 0 0 0 0 0 0 0 12.4 0 0 0 0 0 0 0 0 0 0 0 0 0 0 0 0 0 0 0 0 0.6000000000000001 0 0 16.8 15.200000000000001 0 4.2 0 0 0 0 0 2.6 0 0 0 0 0 0 0 0 0 0 0 0 0 0 3.6 0 0 0 2 0 0 0 0 
 0.6000000000000001 0.8 0.6000000000000001 0.6000000000000001 1 0.8 0.6000000000000001 0.6000000000000001 1.2000000000000002 0.6000000000000001 1 0.6000000000000001 0.6000000000000001 0.6000000000000001 0.8 0.6000000000000001 0.6000000000000001 0.8 0.6000000000000001 0.6000000000000001 69.2 32 47.400000000000006 13.600000000000001 14.4 27.8 7.2 8 21.6 21.8 39.6 0 4 48.6 59 24.6 76.4 80.80000000000001 49.6 3 0.4 0.4 0.4 0 1.6 0 0 0 0 0 0.4 0.6000000000000001 12.4 0 0 0 0.6000000000000001 0 0.4 13 0 0.2 0 0 0 0.4 0 0 0 0.6000000000000001 0 0 0 0 0 0 0 0 0 0 0 0 0 0 0.4 0 0 0 0 0 0 0 0 0 0 0 0 0 0 0 0 0 0 5.800000000000001 8.4 6.2 0 2 0 6 2.8000000000000003 2.2 0 0 0 0 0 8.8 0 0 3.4000000000000004 6 0 3.2 0 0 3.2 2.2 1.8 0 0 0.2 5.2 0 4.2 0 0 0 1.8 1.4000000000000001 0 0 0 0 0 0 0.2 1.8 0 0 0.4 0 0 0 0 0 0 0 0 0 0.8 0 0 0 0 0 0 0 0 0 0 0 0 0 0 0 0 0 0 0 0 0 8.4 3.6 3 6.2 0 0 4.2 0 5.2 6.4 0 0 0 2 2 0.6000000000000001 0 0 0.6000000000000001 1.8 0 0 0 0 2.2 8 7.800000000000001 0 0.2 0 13 6 4.800000000000001 0.2 0.6000000000000001 0 3.8000000000000003 0 0.2 0 0 0 0 0 0.2 0 0 0 0 0 0 2.4000000000000004 0 0 0.2 0 0 0 0 0 0 0 0 0 0 0 0 0 0 0 0 0 2.4000000000000004 0.4 0.2 0.4 0.6000000000000001 0.4 0.4 0.2 0 0 0 0 2.8000000000000003 0 0 0 0 0 0 0 0 0 0 0 0 0 0 0 0 0 0 0 0 0.2 0 0 
