 0 39.400000000000006 17 31.200000000000003 28 51 23.6 50.2 43.2 53.6 26.8 5.6000000000000005 47.6 31.200000000000003 55.2 10.8 7.800000000000001 5.800000000000001 55.2 62.6 0 0 0 0 0.4 0 0 0.2 0 0 0.2 0 0 0.4 0 0 0 0 0.4 0.4 0 2 0 0.6000000000000001 0.4 0 0 0 0 0 0.6000000000000001 0 0.6000000000000001 0 0 0.4 0 0 0 0 0 0 0.6000000000000001 0 0 0 0 0 0 0 0 0 0 0 0.4 0.2 7.2 0.6000000000000001 0 0 5.6000000000000005 1 0.4 0.8 2.2 0 5.4 8 2.4000000000000004 0 2.8000000000000003 0.2 3.2 6.6000000000000005 0 6.6000000000000005 1.2000000000000002 1.4000000000000001 0 0 0 0 0 0 0 0 0 0 0 0 0 0 0 0 0 0.4 0.2 0 0.2 0.2 0.4 0 0 0 0 0 0 0 0.2 0 0 0 0 0 0 0 0 0 0.2 0 0 0 2.4000000000000004 0 0 0 0 0 0 0 0 0 0 0 0 0 0 0 0.4 0.8 8 6 3 6.2 1.4000000000000001 0 0 0 0.6000000000000001 0 1.6 2 11 0 7.2 0 0.2 2.8000000000000003 0 1.8 0 0 0 0 0.2 0 0 0 0 0 0 0 2.6 0.2 0 0 0 0 0 0 0 0 0 0 0 0 0.2 0 0 0 0 0 3.6 0 0 0 0.4 0 0 0 0 0 0.2 0 0 0 0 0 0 0.4 0 0 0 0 0 0 0 0 0 0 0 0 0 0 0 0.2 0 0 0 0.2 0.4 0.4 0 0 0 0 0 0 0 0 0 0 2 0 0 0 0 0 0 0 0 0 0 0 0 2.6 1.6 3.8000000000000003 0 0 0 0 0 0 0 0 0 0 0 0 
 39.400000000000006 0 34.4 8.8 25.400000000000002 9.4 33 32.4 46.800000000000004 10.200000000000001 7.6000000000000005 34.800000000000004 26.400000000000002 45.400000000000006 26 29.200000000000003 22.200000000000003 22.8 19.6 31.200000000000003 0 0 0 0 15.200000000000001 0 0.2 0 0 0 0 0 0.4 0 0 0 0 0 0.8 15 0 0 0 0 0.4 0 0 0.2 0 0 1.2000000000000002 0 1.8 0 0 0.4 13.4 0.6000000000000001 0 0 0 11 0.6000000000000001 0 0 0 0 0 0 0 0 0 0.2 0 0.4 0.2 0 0.6000000000000001 0 0 0 3 3.8000000000000003 2.2 9.4 0.2 4 4 11 0 4.2 1.4000000000000001 2.6 0 2.4000000000000004 3.6 5.6000000000000005 6.2 0 5 0 0 0 0 0 0 2.4000000000000004 0 0 0 0 0 2.4000000000000004 0 0 0 0 0 0.2 6.800000000000001 0 0 2.4000000000000004 0 0 0 0 0 0 0 0 0 0 0 0 0 0 0 0 0 0.4 0 2 0 0 0 0 0 0 0 0 0 0 0 0 0 0 0 0 0 2.6 2.8000000000000003 2.2 8.200000000000001 0.4 6 1.6 6.800000000000001 1.4000000000000001 0 0 0 4.2 0 1 4.800000000000001 8.8 0 1.2000000000000002 1.6 0 0 0 0 0.4 0 3.8000000000000003 0 0 1.6 0 0.4 0 0 0 0 0 0 0 0 0 0 0 0 0 0.2 0 0 0 0 0 0 0 0 0 0.2 0 0 0 0 0 0 0 0 0 0 0 0 0 0 0 0 0 0 0 0 0.2 0 0 0 0 0 0 0 0 0 1.2000000000000002 0 0.2 0 0 1 0 0 0 0 0 0 0 0 0 0 0 0 0 0 0 0 0 0 0 0 0 0 0 0 1.6 0 0 0 0 0 0 0 0 0 0 0 0 0 
 17 34.4 0 35 65.4 16 15.8 22.8 33 75.60000000000001 26.200000000000003 23 16.6 15.200000000000001 59.800000000000004 30 96.2 90 8.4 11.200000000000001 0.4 0 0 0.6000000000000001 0.8 0 2.2 0 0 0.8 1 0 0.2 0.2 0 0.6000000000000001 0 0 0.2 12.600000000000001 0 0 0.6000000000000001 0.6000000000000001 0.4 0 0 0.4 0.4 0.6000000000000001 0.6000000000000001 0.4 0 8.200000000000001 0 1.6 6.800000000000001 1 0 0 0 0.2 1.2000000000000002 0 0.8 0.8 0 0.6000000000000001 0.4 0 0 0.2 0 0 0.4 0.2 0.4 0.4 0 0 2.8000000000000003 0.4 2.6 4.800000000000001 10.8 0.2 0 0 2.4000000000000004 7.800000000000001 6 5 0 1.8 2.2 0 6.2 3.4000000000000004 0 0 1.8 0 0 0 0 0 0 0 0 0.2 0 0.2 2.4000000000000004 3.4000000000000004 0 0 0.2 0 0.2 4.800000000000001 0 0 0 0 0 0 0 0 3.2 0 0 0 0 0 0 0 0 0 0.4 0 0 0 0.8 0 0 0 0 0 0 0 0 0 0.2 0 0 0 0 0 0 0 2.4000000000000004 2.4000000000000004 3 2.4000000000000004 5.800000000000001 0.4 0 2.2 0 5.6000000000000005 7.4 1.8 0 0 0.2 8.4 3.8000000000000003 2 0 0.6000000000000001 0 0 0 0 0 0 1.6 0 0 0 0 0 0 3.8000000000000003 0 0 0 0 5 2 0 0 0 0 0 0 0 0 0 0 0 0 0 0 0 1.4000000000000001 0 2 0 0 0 0 0 0 0 0 0 0 0 0 0 0 0 0 0 0 0 0 0.2 0 0 2 0 0 0 0 18.2 0 0.2 0 1.4000000000000001 0 2 0.2 0 0 0 0 0 0 0 0 0 0 0 0 0.4 0 0 0 0 0 0 0.2 0 2.4000000000000004 4.800000000000001 0 0 0 0 0 0 0 0 0.4 0 0 0 0 
 31.200000000000003 8.8 35 0 42.2 67.2 17.400000000000002 59 33.2 112.2 33.4 70.60000000000001 15 33 18.400000000000002 89.2 14 49.400000000000006 53.2 17.2 15.200000000000001 0 0 0 0.4 0 0 0.2 0.8 0.4 0 0 15.200000000000001 21.8 0 0.4 0 0 15.200000000000001 33.800000000000004 0.6000000000000001 0 0.2 0 1.2000000000000002 0 0 0 0 0 0.6000000000000001 0 0 9.4 0.2 0.4 0 0.8 13 0.4 0 0 0.2 0.2 0 0 10.600000000000001 0 0 0 0 0 0.6000000000000001 0 0.4 0.6000000000000001 0 0.6000000000000001 0.8 0 3 1.4000000000000001 2.6 1.2000000000000002 3.6 3 0 2.4000000000000004 0 3.2 8.4 1.6 0.2 0.2 0.2 1.6 2.6 0 0 0 6 0 6 0 0 0 3.4000000000000004 8.8 0 0 0 0 11.600000000000001 6.4 0 0 0 0 2 3.6 0 0 0 0 0 0 0.4 0 0 0 0 0 0 0 0 0 0 0 0 0 0 0.4 0 0 0 0 0 0 0 0 0 0 0 0.6000000000000001 0 0 0 0 1.2000000000000002 0.4 1 4.6000000000000005 0 0 3.6 0 0 1.8 0.4 4.6000000000000005 4.2 2.8000000000000003 0 0 2 0 0 3.8000000000000003 0.4 0 4.800000000000001 2.4000000000000004 0 0 0 0 6 0 0 0.2 0 0 11.600000000000001 3.4000000000000004 0 2.2 0 0 0 7 0 0 0 0.4 0 0 0 0 0 0 0 0 0 0.4 0 0 0 2.2 0 0 1.4000000000000001 0 0 0 0 0 0 0 0 0 0 0 0 0 0.4 0 0 0 0 0 0 0 0 0 0 0 17.6 0.4 0.2 1.4000000000000001 2 0.6000000000000001 0 0 0 0 0 0 0 0 0 0 0 0 0 0 0 0 0 0 0 0 0 0 0 2.2 3.6 1.6 0 0 0 0 0 0 0 0 0 0 0 0.2 
 28 25.400000000000002 65.4 42.2 0 35.2 8 29.6 19.6 51.400000000000006 16.8 65.4 11.200000000000001 58.800000000000004 37.2 16 52.800000000000004 43.6 12.4 21 15.200000000000001 0 0 0 0.4 0 0.4 8.200000000000001 0 0 0.4 0.2 26.8 15.600000000000001 12.600000000000001 14.8 0 0 15 6 0 0 0.4 0 0.4 0 0 0 0 0 0.6000000000000001 0.4 0 0.4 0 0.4 6.4 0 0 0 0 0 0.4 0 0 0 0 0.6000000000000001 0 0 0.6000000000000001 0 0 0 0.4 0.4 0 0.6000000000000001 0 0 0 0 1 11.8 14.8 0.4 0 0 2.8000000000000003 2.2 2.8000000000000003 0 0 0 0 2 5.6000000000000005 7.6000000000000005 0 0 0.4 2.6 9.200000000000001 0 0 0 3.6 7.800000000000001 3.6 0 0 0 3.4000000000000004 14.4 2.4000000000000004 0 2 0 9.8 5 0 0 0.2 0.6000000000000001 0 0 0 0 2.8000000000000003 0 0 0.2 0 0 0 0 0 0 0 0 0 0 3.8000000000000003 0 0.2 0 0 0 0 0 0 0 2.4000000000000004 0 0 0 0 0 0 0 0 0 0 0 0 2.2 0 0 0 0.4 0 0.4 0.4 0 0 2.4000000000000004 0 3 0.2 0 5.4 0 0 0 0 0 9.4 1.8 4 0 0 0 17.2 0 0 0.8 3 0 7.6000000000000005 4.800000000000001 0 0 0 0 0 0 0 0 0 0 0 0 0 0 0 0 0 0 0 0 0 0 0 0 0 0 0 0.4 0 0 0 0 0.4 0 0 0 0 0 0 0 0 0 0 0 0 1 27.6 0 0 0.6000000000000001 0 0.4 0 0 0 0 0 0 0 0 0 0 0 0 0 0 0 0 0 0 0 0 0 0 0 0 0 0 0 0 0 0 0 0 0 7 0 0 0 0 
 51 9.4 16 67.2 35.2 0 6.6000000000000005 9 13.4 25.400000000000002 23.200000000000003 9 51.800000000000004 9 25.6 10.4 36.6 55.800000000000004 11.600000000000001 9.8 15.600000000000001 0 8 0.4 0.8 0 19.200000000000003 29.8 0.8 0.4 0.4 0.4 0.6000000000000001 0 17.6 6.4 15.200000000000001 0.8 0.6000000000000001 16.2 0 0 0.6000000000000001 0.2 0 0.4 0 0 0 2 0.6000000000000001 0 0 15 0.8 0.4 0.8 1.4000000000000001 0 0.6000000000000001 0 0 0.6000000000000001 1.4000000000000001 0 0 0 0 0 0 0.4 0 2.4000000000000004 0 0.6000000000000001 0 0 7.2 0 1 0.2 0 0 1.2000000000000002 0 5.4 0 0 0 3.6 0.6000000000000001 2.8000000000000003 0.4 0.4 0 0.2 0 0.2 0 0 2.2 1.6 0 0 0 0.2 1.2000000000000002 0.2 4.800000000000001 0 0 0 2.2 3.8000000000000003 4.2 0.8 1.4000000000000001 2 2 0 0 0 0 0 0 0.4 0 0 0 0 0 0 0 0 0 0 0 0 0 0 0 0 1.2000000000000002 0.4 0 0 0.4 0 0 0 0 0 0 0 4.4 0 0 0 0 0 0 4.800000000000001 0 0 1.2000000000000002 5.4 0 3.6 0 2.2 7.6000000000000005 2.4000000000000004 0 0 0 0.2 2.2 2.2 0 0 5.6000000000000005 1.8 1.8 0 0 0 5.6000000000000005 2.6 0.2 0 0 0 1.8 0 0 3 0 0 0.4 0 0 0 0.2 0 0 0 0 0 0 0 0 0 0.2 0 0 0.4 0 3 2.2 0 2.6 1.6 0 0 0 0 0 0 0 0 0 0 0 0 0 0 0 3.8000000000000003 0 0 0 0 3.8000000000000003 0 0 0 0 0 2.6 0.4 2 1.6 0 0 0 0 0 0 0.4 0.4 0 0 0 0 0 0 0 0 0 0 0 0 0 0 0 0 2 0 0 0 0 0 0 0 0 0 0 0 0 0 
 23.6 33 15.8 17.400000000000002 8 6.6000000000000005 0 96 68 10.600000000000001 8 5.2 120 79 4.4 49.800000000000004 9 6.800000000000001 11.600000000000001 26.8 0 0 0 0 0.6000000000000001 0 0 0.2 0 0 0 0 0 0 0 0.2 0 0 0.4 0.4 0 0 0 0 0 0 0 0 0 0 0.8 0 0 0 0 0.4 0 0 0 0 0.4 0 0.6000000000000001 0 0 0 0 0 0 0 0 0 0 0 0.6000000000000001 0 0 0.4 0 0 2.6 3.4000000000000004 0.6000000000000001 0 0 0 1.6 8.6 11 0 2.8000000000000003 2 13.4 4.4 3.2 1.8 2.6 0.2 2.2 5.6000000000000005 0 0 0 0 0 0 0 0 0 0 0 0 0 0 0 0 0 0 0 0 0 0 0 0 0 0 0 0 0 0 2.2 0 0 0 0 0 0 0 0 0 0 0 0 0 0 0 0 0 0 0 0 0 0 0 0 1 0 0 0 0 0 1.6 5.6000000000000005 0 0 0 6 0 2.4000000000000004 0 0 0 7.800000000000001 0 2.8000000000000003 0 2 0 2.6 2 0 0 0 0 0 0 0 0 0 0 0 0 0.2 0 0 0 1.8 0 0 0 0 0 0 0 0 0 0 0 0.4 0 0 0 0 0 0 0 0 0 0 0 0 0 0 0 0 0 0 0 0 0 0 0 0 0 0 0 0 0 0 0 0 0 0 0 0 0.8 0 0.4 0 0 0 1 0 0 0 0 0 0 0 0 0 0 0 0 0 0 0 0 0 0 0 0 0 0 0 0 0.2 0 0 0 0 0 0 0 0 0 0 0 0 0 
 50.2 32.4 22.8 59 29.6 9 96 0 32.2 8.8 32.6 22.400000000000002 29.8 40.6 28.400000000000002 43.800000000000004 22.400000000000002 26.8 16.8 46 0 0 0.2 0 13.200000000000001 0 0 0 0 0 0 0 0.8 0 0 0 0 0 0.8 1.2000000000000002 0.4 0 0 0 0.2 0 0 0.2 0 0 0.6000000000000001 0 0 0 0 19.400000000000002 0 0.6000000000000001 0 0 0 0 11.8 0.2 0.2 0 0.4 0 0 0 0 0 0 0 0.4 0 0 0.4 0 10.600000000000001 4.800000000000001 3.6 9.600000000000001 4.4 3.8000000000000003 0 2.2 8 4 0 0 0.2 1 6.4 0 0 7.6000000000000005 2.2 0 0 0 0 0 0 0 0 0.2 0 0 0 0 0 0.2 0 0 0 0 0 0.2 3.6 0 0 0 0 0 0 0 0 0 0 5.2 0 0 0 0 2 0 0.2 0 0 0 0 1.8 0 0 0 2.8000000000000003 2 0 0 0 0 0 0 0 0 0 0 0 0 4.2 3.8000000000000003 0.6000000000000001 2.4000000000000004 0 0 0 0.2 4.4 0.6000000000000001 1.8 0 11.200000000000001 1.8 2 0 1.8 0 3 0.4 0 0 0 0 0 0.4 3.6 0 0 0 0 0 0 0 0 0 0 0.4 0.2 0 1.2000000000000002 0 0 0 0 0 0 0 0 0 0 0 0 0 0 0 0 0 0 0 0 0 0 0 0 0 0 0 0 0 0 0 0 0 0 0 0.4 0 0 0 0 0 0 0 0 0.4 18.2 0.4 0 0 0 0.6000000000000001 0 0 0 0 0 0 0 0 0 0 0 0 0 0 0 0 0 0.2 0 0 0 0 0 0 0 0 0 0 0 0 0 0 0 0 0 0 0 0 
 43.2 46.800000000000004 33 33.2 19.6 13.4 68 32.2 0 18.8 7 8 15 59.2 32.2 15.200000000000001 19.400000000000002 10 36.4 27 0.2 0 0 0 0.4 0 0 0 0 0 0 0 0 0 0.4 0 0 0 0.6000000000000001 0.4 0 0.6000000000000001 0 0 0.2 0 0 0 0 0 1.2000000000000002 0.4 1.6 0 0 0.4 0 0.6000000000000001 0 0 0 0 0.6000000000000001 0 0 0 9.4 0.4 0 0 0 0 0 0 0.4 0.2 0 0.6000000000000001 1 0 4.800000000000001 9.600000000000001 7 2.2 0 0 1.6 0.2 4 2 2 4.4 3 7.800000000000001 7 1.8 3.2 3.6 0 0 0 0 0 0 0 0 0 0 0.2 0 0 0 0 0.6000000000000001 0 0 0 0 0 0 0 0 2.8000000000000003 0 0 0 0 0 0.4 0 0 0 0 0 0 0 0 0 0 0 0 1.4000000000000001 0 0 0 0.2 0 0 0 0 0.4 0 0 0 0 1.2000000000000002 1.8 2.6 0.2 0 3.2 0 2 0.6000000000000001 0 3.6 3.2 0 10.4 0 0 0 2.2 5.4 2.2 0 6.2 0 1.6 0 0.6000000000000001 0.2 0 0 0 0 0 1.4000000000000001 0 0.2 0 0 0 0 0 0 0.4 0 0 0 0 0 0 0 0 0 0 0 0 0 0 0 0 0 0 0 0 0 0 0 0 0 0 0 0 0 0 0 0 0 0 0 0 0 0 0 0 0 0 0 0 0.2 0 0 2 0.2 0.4 0.4 0.2 0 0 0.8 0 0 0 0 0 0 0 0 0 0 0.4 0 0 0 0 0 0 0 0 0 0 0.4 0 0.2 1.4000000000000001 0 0 0 0 0 0 0 0 0 0 0 0 0 
 53.6 10.200000000000001 75.60000000000001 112.2 51.400000000000006 25.400000000000002 10.600000000000001 8.8 18.8 0 17 25.6 10.600000000000001 18.8 15.600000000000001 42 25.6 75.60000000000001 17.400000000000002 17.2 0.2 0 0 0 1.2000000000000002 0 0.4 14.600000000000001 0 0 0 0 0.2 15 0.4 0 0 0 0.2 46.800000000000004 0 0 6.800000000000001 0 0.4 0 0 0 0 0 0.6000000000000001 0 0 7.4 0.2 0.4 12.4 0.4 0 0 0 0 0.4 0 0.4 0 0 0 0 0 0 0 0 0 0.4 0.4 0 0.6000000000000001 0.4 0 0 0 2.4000000000000004 6.2 2.8000000000000003 12.600000000000001 0 0 1.2000000000000002 3 3.6 0 0 0 0 0.8 3 2.4000000000000004 0 0 3.2 0 2.6 0 0 0 1.4000000000000001 4 0 0 2.8000000000000003 0 12.600000000000001 6.4 0 0 0 0 1.8 4.800000000000001 0 0 0 0 0 0 0 2 0 0 0 0 0 0 0 0 0 0 0 0 0 0 1.2000000000000002 0 0 0 0 0 0 0 0 0 0 0 0 0 0 0 0 0 0 0.8 0 0 0.8 2.2 0 0 1 2 0 2.2 0 0 0 5.800000000000001 0 5.2 0 0 3.6 3.2 0 0 0 0 5.4 4.6000000000000005 0 0 0 0 4 5.2 0 2.2 0 0 2.8000000000000003 2.8000000000000003 0 0 0 0 0.2 0 0 0.4 0 0 0 0 0 0 0 0 0 1.8 0 0 0 0 0 0 0 0 0 0 0 0 0 0 0 0 0 0 0 0 0 0 0 0 0 0 0 0.4 18.400000000000002 0.4 0.4 20 1.2000000000000002 0 0 0 0 0 0 0 0 0 0 0 0 0 0 0 0 0 0 0 0 0 0 0 0 0 0 0 0 0 0 0 0 0 0 0 0 0 0 0 
 26.8 7.6000000000000005 26.200000000000003 33.4 16.8 23.200000000000003 8 32.6 7 17 0 32.800000000000004 9.8 7.4 43.400000000000006 55.6 40 77.2 5.2 16.8 0 0 5.2 0 0.4 0 0 0 0 0 0 0 0 0 0.2 0 0 0 0.4 15.200000000000001 0 0.6000000000000001 7 0 0.4 0 0 0 0 0 0.6000000000000001 0 0 9.4 0 0.4 0 0.4 0 0 0 0 0.4 0 0 0.2 0 0 0 0 0 0 0 0 0.4 0.6000000000000001 0 0.6000000000000001 0 0 14.8 2.2 4 5.800000000000001 0.2 4.2 0 2 1 3.4000000000000004 2.6 4.4 0 5.4 7.6000000000000005 0 3.8000000000000003 3.4000000000000004 0 0 1.6 0 0 0 0 0 2.4000000000000004 0 0 0 0 0 1.6 1.4000000000000001 0 0 0 2 0 0.2 0 0 0 0 0 0 0 0 0.2 0 0 0 0 0 0 0 0 0 0 0 0 0 2 0 0 0 0 0 0 0 2.6 0 0 0 0 0 0 0 0 1 4.800000000000001 6.800000000000001 2 3.6 9 0 0 7.4 1.2000000000000002 4.4 15 7.2 2 0 0.2 2.8000000000000003 1.8 4.2 0 0 0 0 0 0 0 0 4 0 0 0 0 2 8.6 2.4000000000000004 0 0 0 0 5.2 2.6 0 0 0 0 0 0 0 0 0 0 0 0 0 0 0 0 0 3.8000000000000003 0 0 0 0 0 0 0 0 0 0 0 0 0 0 0 0 0 0 0 0 0 0 0 1.8 0 0 0 0.4 0.4 0 0 1 1.8 0.4 1.4000000000000001 0 0 0 0 0 0 0 0 0 2 0 0 0 0 0 0 0 0 0 0 0 0 2.4000000000000004 2.4000000000000004 0 0 0 0 0 0 0 0 0 0 0 0 0 
 5.6000000000000005 34.800000000000004 23 70.60000000000001 65.4 9 5.2 22.400000000000002 8 25.6 32.800000000000004 0 9 8 8.8 24.6 33.800000000000004 32.4 9.8 5.4 12.8 0 0.4 0.2 0.4 0 0 15.600000000000001 0 0 0 0 13.200000000000001 14.4 0.2 0.6000000000000001 0 0 14.4 35.4 0 0 28 0 0 0 0 0 0 0 12.8 0 0 0 1.2000000000000002 0.4 12.600000000000001 0.4 0 0 0 0 0.2 0 0 0 0 0 0 0 0 0 0.2 0 0.4 0.6000000000000001 0 0.6000000000000001 0 0 0 0 3 4.2 5.2 4 5.6000000000000005 0 10 4.2 2 0.2 0 0 2.2 5.4 1.6 5.2 0 0 6 0 4.2 0 0 0 4.4 3.4000000000000004 5.4 0 0 0 12.4 2.2 0.6000000000000001 0 0 0 7.2 5 0 0 0 0 0 0 0 0 0 0 0 0 0 0 0 0 0 0 0 0 0 0 0.8 0 0 0 0 0 0 0 0 0 0 3 0 0 0 0 0 0 0 1 3.2 0 0 3.4000000000000004 1.2000000000000002 0 0 3.4000000000000004 0 0.2 0 0 5 1.4000000000000001 3.6 0 0 0 0 0 0 0 0 0 4.2 0 0.2 1.2000000000000002 0 0 1 0 0 0 2.2 0 5.800000000000001 6.2 0 0 0 0 0 0 0 0 0 0 0 0 0 0 0 0 0 0 0 0 0 0 0 0 0 0 0 0 0 0 0 1.2000000000000002 0 0 0 0 0 0 0 0 0 0 0 0 0 0.4 8.8 0 18 35.4 0.8 1 0 0 0 0 0 0 0 0 0 0 0 0.2 0 0 0 0 0 0 0 0 0 0 0 0 0 0 0 0 0 0 0 0 0 0 0 0 0 0 
 47.6 26.400000000000002 16.6 15 11.200000000000001 51.800000000000004 120 29.8 15 10.600000000000001 9.8 9 0 36.6 11.200000000000001 6.6000000000000005 7.4 7.800000000000001 21.400000000000002 24.200000000000003 0 0 0 0.4 0.4 0 0.2 0 0 0 0 18 0 0.2 0 3.4000000000000004 0 0 0.8 0.4 0 0 0 0 0 0 0 0 0 0 1.2000000000000002 0 0 14.200000000000001 0 0.4 0 0.6000000000000001 0 0 0 0 0.6000000000000001 0 0 0 0 0 0 0 0 0 0 0 0.4 0.2 0 0.6000000000000001 0 0 5.4 0.2 7.6000000000000005 0 0 0 2 11.200000000000001 0 0 0 0 0.2 2.8000000000000003 0 0.4 3.8000000000000003 0 0.2 3 0 0.4 0 0 0.2 0 0 0 0 0 0 0 0 0 0 0 0 0 0 0 0 0 0 0 0 0 0 0 0 0 0.2 0 0 0 0 0 0 0 0 0 0 0 0 0 0 0 0 0.4 1 1.2000000000000002 0 0 0 0 0 0 0 0 0 0 0 4.2 0 0 0 0.4 3.8000000000000003 3.2 2 0 0.2 0 6.800000000000001 5.800000000000001 0 0 0.2 0 1.6 1 0 0 0 0 0 0 0 2 0.2 0 0 0 0 0 0 0.2 0 0 0 0 0 0 0 0 0 0 0 0 0.2 0 0 0 0 0 0 0 0 0 0 0 0 0 0 0 0 0 0 0 0 0 0 0 0 0.2 0 0 3 0 0 0 0 0 0 0 0 0 0 0 0 0 0 1.4000000000000001 0 0 0 0 0 0 0 0 13.4 0 0.6000000000000001 0 0 0 0 0 0 0 0 0 0 0 0 0 0 0 0 0 0 0 0 0 0 0 0 0 0 0 
 31.200000000000003 45.400000000000006 15.200000000000001 33 58.800000000000004 9 79 40.6 59.2 18.8 7.4 8 36.6 0 17.6 82.4 50.6 19.6 22.8 37 0 0 0 0.2 0.4 0.2 1 0 0 0 0 0 0 0 0 40.800000000000004 0 0 0.6000000000000001 0.4 12.200000000000001 1 0 0.2 0.2 0 1 0 0 0 0.6000000000000001 0 0.2 0 0 0.4 0 0.4 0 0 0 0 0.6000000000000001 0 0 0 0 0.6000000000000001 0 8 0 0.2 0 0 1.6 0 0 0.4 10.4 0 10.200000000000001 4.800000000000001 0 1.8 0 0 9 6.800000000000001 8.8 2.4000000000000004 1.8 3.4000000000000004 2 10.4 1.8 8.8 8.8 3.8000000000000003 0 0 0 0 0 0 0 3.6 0 0 0 0 0 0 0 0 0 0 0 0 0 0.2 0 0 0 0 0 0 0 0 3 0 0 0 0 0 0 0 0 0 0 0 0 0 0 0 0 0 0 0 0 0 0 0 0 0 0 0 0 0 0.4 1.6 0 1.6 5.2 2.4000000000000004 2 0 5.4 0 0.6000000000000001 1.8 1.8 0 4.4 0 11.600000000000001 9 6.6000000000000005 3.4000000000000004 0 2 0 0 0 0 0 0 0 0 0 0 0 0 2 0.2 0 0 0 0 0 0 0 0 0 0 0 0 0 0 0 0 0 0 0 0 0 0 0 0 0 0 0 0 0 0 0 0 0 0 0 3 0 0 0 0 0 0 0 0 0 0 0 0 0 0 0 0.4 0 0 18 0.4 0.4 1 0 0 0 0 0 0.2 0 0.4 0 0 2.4000000000000004 0 0 0 0 0 0 0 0 0 0 0 0 1.4000000000000001 0 3.2 0 0 0 0 0 0 0 0 0 0 0 0 
 55.2 26 59.800000000000004 18.400000000000002 37.2 25.6 4.4 28.400000000000002 32.2 15.600000000000001 43.400000000000006 8.8 11.200000000000001 17.6 0 40.6 32.2 29.400000000000002 20.8 42.6 0 0 0 0 0.4 0.4 0 0 0 0 1.2000000000000002 0 0.2 0 11 0 0 0 0.8 4.2 0 0.8 0 0 0.2 0 0 0 0 0 0 0 0 5.6000000000000005 0 0.2 0 0 0.6000000000000001 0 0 0 0 0 0 0 0 6.800000000000001 0 0 0 0 0 0 0 0 0 0 0 0 5.6000000000000005 2 4 6.2 2 0 1.8 2.2 0 0.4 10.600000000000001 6.2 0 4.4 0 6.6000000000000005 0.2 0.2 0 0 0 0 0.2 0.4 0 0 0 0 0 0 0 0.4 1.4000000000000001 0 0 0 0 0 3 0.6000000000000001 0 0 0 0 0 0 0 0 0 0 0.2 0 0 0 0 0 0 0.2 0 0.4 0 0 0.8 0 0 0 0 0 0 0 0 0 0 0 0 0 0 0 0 0.6000000000000001 2.6 5.4 0 7 1.8 3 0 2 0.2 2.4000000000000004 12.8 4.4 0 0 3.8000000000000003 2.8000000000000003 7.6000000000000005 1.4000000000000001 0 0.2 0 0 0 0 0 0 4.2 0 0 0 0 0 0 0.2 0 0 0 0 6 1.8 0 0.4 5.4 0 0 0 0 0 0 0 0 0 0 0 0 0 0 0 0.2 0 0 0 0 0 0 0 0 0 0 0 0 0 0 0 0 0.2 0 0 0 0 0 0 0 0 0 0 0.4 0 0.4 0.2 0 0 2.2 0.8 0 0 0 0 0 0 0 0 3 0 0 0 0 0 6.800000000000001 0 0 0 0 0 0 0.8 5 0 0 0 0 0 0 0 0 0 0 0 0 0 
 10.8 29.200000000000003 30 89.2 16 10.4 49.800000000000004 43.800000000000004 15.200000000000001 42 55.6 24.6 6.6000000000000005 82.4 40.6 0 73.8 39.400000000000006 27.200000000000003 51.6 0 0 0 0 0.4 0 0 14.8 0 0.4 0 0 0.4 15.600000000000001 0.2 0 0 0.2 0.6000000000000001 5 0 12.4 12.200000000000001 0 0 0 0 0 0 0 1 0 13.4 0 0 0.4 0 0.2 0 0 0 0 11.200000000000001 0 0 0 0 0 0 0 0 0 0 0 0.4 10.600000000000001 0 0.6000000000000001 0 0 4 1.6 0 0.2 0 3.4000000000000004 0 0.2 15.600000000000001 3.6 2 8.200000000000001 1.8 7.800000000000001 6.4 5 2.4000000000000004 1 0 1.6 0 0 0.6000000000000001 0 0.4 0 0 0 0 0 0 0 0 0 0 0 0 0 0 0 0 0 3.4000000000000004 0 0 0 0 0 0 0 0.2 0 0 0 0 0 0 0.4 0 0.2 0 0 0 0 0 0 0 0 0 2.2 0 0 0 0 0 0.6000000000000001 0 0 3.2 1 4.6000000000000005 1.4000000000000001 6.800000000000001 5 0.2 5.800000000000001 6 1.8 3 4.800000000000001 1.4000000000000001 5.2 5.800000000000001 0 6.800000000000001 3.2 22.6 0 3.2 2 0 0.2 0 0 0 0.2 0 0 0 0 0 0 1.8 0 0 0 0 0 0.2 3 0 0.2 0 0 0 0 0 0 0 0 0 0 0 0 0 0 0 0.2 0.4 0 0 0 0 0 0 0 0 0 0 0 0 0 0 0 0 0 0.2 0 0 0 0 0 0 0 0 0.2 0 0 0.6000000000000001 18 0.4 0 0.4 0 0 0 0 0 0 0 0 0 0 0 0 0 0 0 0 0 0 0 0 0 0 4.6000000000000005 0 4.800000000000001 0 0 0 0 0 0 0 0 0 0 0 0 
 7.800000000000001 22.200000000000003 96.2 14 52.800000000000004 36.6 9 22.400000000000002 19.400000000000002 25.6 40 33.800000000000004 7.4 50.6 32.2 73.8 0 86.4 25.200000000000003 49.2 0 0 0.4 0.2 0.4 0 0.6000000000000001 0 0 0.2 0 0 0 0 0.2 41.400000000000006 0 0 0.2 31.200000000000003 0 0 6 0 0.8 0 0 0 0 0 0.6000000000000001 0 0 0 0 0.4 12.4 0.4 0 0 0.2 0 0.6000000000000001 0 0 0 0 0 0 0 0 0 0 0 0.6000000000000001 0 0 0.4 0 0 9.600000000000001 0.2 1.4000000000000001 5.4 0 6 0 1.2000000000000002 2.4000000000000004 8 0 7 0 3.2 5.2 0 5.2 7.800000000000001 0 0 0 0 0 0 0.2 0 0 0 0 0 0 0 2.2 1 0 0 0 0 0.2 1.8 0 0 0 0 0 0 0 0 2.8000000000000003 0 0.4 0 0 0 0 0 0 0 0 0 0 0 1.2000000000000002 0 0 0 0 0 0 0 4.800000000000001 0 0 0 0 0 0 0 0 0 1 0.6000000000000001 2.6 2.4000000000000004 0.2 5.2 0 0 0.4 5.800000000000001 5 4.4 0 0.4 0 8.8 5 0.2 0 0 2.6 2.2 0 0 0 0.4 0 9 0 2.6 0 0 1.8 0.2 0.2 2 0 0.4 5 2 0 0 0 0 0 0 0 0 0 0 0 0 0 0 0 0 0 0 0 0 0 0 0 0 0 0 0 0 0.2 0 0 0 0 0 0 0 1.6 0 0 0 0 3 0 0 0 0.6000000000000001 17.2 0.2 0.4 9.8 0 0 2 0 0 0 0 0 0 0 0 0 0 0 0 0 0 0 0 0.2 0 0 0 0 0 0.6000000000000001 0 0 0 0 0 0 0 0 0 0 0 0 0 0 
 5.800000000000001 22.8 90 49.400000000000006 43.6 55.800000000000004 6.800000000000001 26.8 10 75.60000000000001 77.2 32.4 7.800000000000001 19.6 29.400000000000002 39.400000000000006 86.4 0 8.4 9 0.4 1.2000000000000002 0.4 0.2 0.6000000000000001 0.4 0.2 3.8000000000000003 1 0 0 0.2 15.600000000000001 14.600000000000001 0.6000000000000001 0.4 0.4 0.2 0.6000000000000001 15 0 0.6000000000000001 1.2000000000000002 0 0 1.8 1 0.6000000000000001 0 0 0.6000000000000001 0.6000000000000001 0 0 0 1 13.200000000000001 0.2 0 0 0 0 1 0 0.6000000000000001 0 0 0 1.2000000000000002 0 0 10.600000000000001 0.6000000000000001 0 0.4 0.2 0 0.6000000000000001 0 0 0.2 2.6 7.6000000000000005 2.2 3.6 0.2 0.4 0 6.4 4 0 8.4 0 2.6 4.2 0.6000000000000001 4.6000000000000005 3.2 0 0 0.4 0 0.2 0 0 0 0 5.2 0 0.4 0.4 0 3.8000000000000003 3.6 1 0 0 0 3 4.2 0 0 0 0 0 0 0 0 2.8000000000000003 0 0 0 0 0 0 0 0.2 0 0 0 0 0 1 0 0 0 0 0.2 0 0 0 0 0 0 0 0 0 0 0 0 2.2 0.2 5.4 4.4 0.2 9 3.6 0 0 2.8000000000000003 0.8 0.8 0 2.6 0 4.6000000000000005 6.800000000000001 0 0 0 3 1.8 0 0 0 0 18.400000000000002 0 0 4.2 0 0 4.2 0.2 0 0.6000000000000001 0 0 2.4000000000000004 8 3.6 0 3.4000000000000004 0 0 0 0 0 0 0 0 0 0 0 0 0 0 0 0 0 0 0 0 0 0 0 0 2.6 0 0 0 0 0 0 0 0 0 0 0 0 0 0 0 0 0 0.8 18 0.6000000000000001 1 0.4 0 0 1.6 0 0 0 0 0 0 0 0 0 0 0 0 0 0.4 0 0 0 0 0 0 3 0 2.2 0 0 0 0 0 0 0 0 0 0 0 0 0 0 
 55.2 19.6 8.4 53.2 12.4 11.600000000000001 11.600000000000001 16.8 36.4 17.400000000000002 5.2 9.8 21.400000000000002 22.8 20.8 27.200000000000003 25.200000000000003 8.4 0 18.400000000000002 0.4 0 0 0 0.8 0 1 0.6000000000000001 0.4 0.4 0.6000000000000001 15.4 0.6000000000000001 0.4 0.4 0 0.4 1 0.6000000000000001 0.4 0 12.4 0 0 0.4 0.4 0 0 0 0 15.4 0.2 1.6 0.6000000000000001 0.2 0.4 0.6000000000000001 0.4 0 0.6000000000000001 0.2 0.4 0.6000000000000001 0 1.2000000000000002 2 0 0.6000000000000001 0 0.2 0.8 2.2 0 0 0.4 0.8 0 1.2000000000000002 0.2 0 0 3.8000000000000003 0.2 0.4 0 0 3.8000000000000003 0 1.2000000000000002 0 0 1.8 3.6 3 2 0 0 0 2.6 7.2 0 0 0 0 1.2000000000000002 0 0 0.4 0 0 0 0 0 0 0 0.4 0 0 0 0 0 0 2 0 0 0 0 0 0 0 0 0 0 0 2.2 0 0 0 0 0 0 0 4.6000000000000005 0 0 1.4000000000000001 0 0 0 0 0 0 0 0 0 0 0 0 0 0 2.4000000000000004 0 0 4 0 0 2.6 3.2 1.8 0 0 0 1.8 0 1.2000000000000002 0 2.6 0 9.8 5 0 0 0 0 0 0 0 0 0 0 0 0 0 0 0 0 0 0 0 0 0 0 0 0.2 2.4000000000000004 0 0 0 0 0 0 0 0 0.2 0 0 0 0 0 0 0 0 0 0 0 0 0.4 0 0 0 0 0 0 0 0 0 0 0 0 0 0 0 0 0 0 0.4 0 0 0.4 0 0 0.8 0 0.4 0 0 0 0 0 0 0 0 0 0 0 0 0 0 0 0 0 0 0 0.2 0 0 0 0 0 0 0 0 0 0 0 0 0 0 0 0.2 
 62.6 31.200000000000003 11.200000000000001 17.2 21 9.8 26.8 46 27 17.2 16.8 5.4 24.200000000000003 37 42.6 51.6 49.2 9 18.400000000000002 0 0 0 0 0 0.4 0 0 0 0.6000000000000001 0 0 0.4 0.2 0 0 0.2 0 0 1 0.8 0 0 0 0 0.4 0 0 0 0 0 1 0.8 0 0 0 0.4 0 0 0 0.6000000000000001 0 0 6.4 0 0 0 0 0 0.2 0.4 0.4 0 0 0 0.4 0.6000000000000001 0 0.6000000000000001 0 0 0.6000000000000001 3.2 0 0 2.4000000000000004 0 0 8 4 1.4000000000000001 3.6 0 3.8000000000000003 0.2 0 3.8000000000000003 1.8 2.2 0 1.8 0 0 0 0 0 0 0 0 0 0 0 0 0 0 0 0 0 0 0 0 0 0 2.2 0 0 0 0 0 0 0 0 0 0 0 0 1.4000000000000001 0 0 0 0 0 0 0 0 0 0 0 0 0 0 0 0 0 0 0 0 0 0 1.2000000000000002 0.4 4.800000000000001 4 2.2 0 0 0 0.6000000000000001 4.4 0.2 1.8 1.6 2.6 4.800000000000001 1.8 5.800000000000001 3.2 0 0 3.4000000000000004 2 0 0 0 0 0 0 0 0 0 0 0 0 2.4000000000000004 0 0 0 0 0 0.2 0 0 0 0 0 0 0 0 0 0 0 0 0 0 0 0 0 0 0 0 0 0 0 0 0 0 0 0 0 0 0 0 0 0 0 0 0 0 0 0 0 0 0 0 0 0 0.6000000000000001 0.6000000000000001 0 0 0 0 0.2 0 0 0 0 0 0 0 0 0 0 0 0 0 0 0 0 0 0 0.2 0 0 0 0 2.2 1 1.6 0 0 0 0 0 0 0 0 0 0 0 0 
 0 0 0.4 15.200000000000001 15.200000000000001 15.600000000000001 0 0 0.2 0.2 0 12.8 0 0 0 0 0 0.4 0.4 0 0 38.6 17.400000000000002 12.200000000000001 7.6000000000000005 49.400000000000006 98.2 41.6 9.200000000000001 5.4 10.600000000000001 7 61.800000000000004 24.8 18 40.800000000000004 21 47.2 11.4 31.6 0 0.4 1 0 1 5.6000000000000005 0.6000000000000001 0.6000000000000001 0.6000000000000001 0.6000000000000001 0 0.4 0 0 0 0.4 0.8 0 0 0.2 0 0 0 0 0.6000000000000001 0 0 0.4 0 0 0 0 0 0 0 0.4 0 0 0.4 0 0 0 0 0 1.8 3 0 0 0 0 0 0 0 0 0 0 0 0 0 0 2.8000000000000003 2.2 5.6000000000000005 0.6000000000000001 1.6 0 6.6000000000000005 3 5 4.800000000000001 3.2 0.6000000000000001 2.8000000000000003 0.6000000000000001 3 4 5 4.2 1.8 5.6000000000000005 0 0 0 0 0 0 0 0 0 0 0 0 0 0 0 0.4 0 0 0 0 0 0 0 0 0 0 0 0 0 0 0 0 1.2000000000000002 0 0 0 0 0.4 0 0 1.4000000000000001 0 0 0 9.4 0 0 0 0 0 0 1 0.4 0 0 0 0 0.8 0 0 2 7.4 4.2 0 0 4.6000000000000005 1.2000000000000002 3.8000000000000003 1.6 1.8 2 0 0.4 3 13.8 3.8000000000000003 3 6.2 0.4 0 0 0 0 0 0 0 0.2 0 0 0 0 0 0 0 0 0 0 0.2 2.4000000000000004 0 4.4 0 0.4 0 0 0 0 0 0 0 0 0 0 0 0 3.4000000000000004 0 0 0 0 0 0 0 0 0 0 0 0 0 15.200000000000001 0 0 0 0 1.2000000000000002 0.4 0.6000000000000001 0 0.8 0.4 0 0 0 0 0 0 0 0 0 1.2000000000000002 0 0 0 0 0 0 0 0 0 0 0 4.800000000000001 0 0 0 1.2000000000000002 0 0 0 0 
 0 0 0 0 0 0 0 0 0 0 0 0 0 0 0 0 0 1.2000000000000002 0 0 38.6 0 50.800000000000004 14.8 40 34.800000000000004 25.200000000000003 13.200000000000001 44.2 40 23.200000000000003 28.8 26.6 11.4 24.8 24.400000000000002 61.2 54 15.600000000000001 9.200000000000001 0 0.4 1 0 0.6000000000000001 0 0.6000000000000001 0.8 0.6000000000000001 0 0 0.4 0 0 0 1 0.8 0.4 0.4 13 0 0 0.2 0 0.6000000000000001 0 0 0.4 0.8 0 0 0 0 0 0 0.6000000000000001 0 0 0.4 0 0 0 0.4 0 0.2 0 0 0 0 0 0 0 0 0 0 0 0 0 0 3 0 6.4 3.4000000000000004 5 4.6000000000000005 0.2 2.4000000000000004 0 5.4 5.6000000000000005 0.2 3.8000000000000003 1.2000000000000002 0 4.4 0 0.2 0 0 1.6 2 4.2 0 0 0 0 0 0 0 0 0 0 1.8 0.4 0 0 0 0 2 3.2 0 0 0 0 0 0.4 0 0 0 0 0 0 0 0 0 0.2 0 0 0 0 1.6 0 0 0 0 0.4 0 0 0 0 0 0 0 0 0 0 0.2 0 0 0 0 1.2000000000000002 4 0 7.800000000000001 0 0 0.2 2.2 7.6000000000000005 2.2 5.4 0 3.6 0.4 2.4000000000000004 1 6.4 0 7.4 0 0 0 0 0 0 5 0.6000000000000001 0 0 0 0 4 0 0 0 0 0 2 7.800000000000001 0 0.4 0 0 0 0 0 0 0 0 0 0 0.2 0 0 0 0 0 0 0 0 0 0.2 0 0 0 0 0 0 0 0 0 0 0 1.6 0 0.4 19 15.4 0.2 0.4 3 0 0 0 0 0 0 0 0 0 0 0 0 0 0 0 0 0 0 0 0 0 0.4 0 0 3 0 0 0 
 0 0 0 0 0 8 0 0.2 0 0 5.2 0.4 0 0 0 0 0.4 0.4 0 0 17.400000000000002 50.800000000000004 0 43.2 33.6 23.400000000000002 52.400000000000006 77.2 58.400000000000006 37.2 10.200000000000001 25.200000000000003 18.8 13.8 42.6 11.600000000000001 58.400000000000006 14.600000000000001 52.800000000000004 13.600000000000001 0 0.6000000000000001 1 0 0.8 0.2 0.6000000000000001 0.6000000000000001 0.6000000000000001 1.6 0 0.4 0 0 0.4 0.4 0.8 0.2 0 0.2 0 0 0 0.4 0.4 0.2 0 0.4 0 0 0 0 0.8 0 0 1.4000000000000001 0.2 0 0.6000000000000001 0.4 0 0 0 0 0 0 0 0 0 0 0 0 0 0 0 0 0 0 0 0 0 5.2 3.4000000000000004 0 5 3.4000000000000004 0 0 6 2.4000000000000004 8.4 1.8 0 2.8000000000000003 3.6 5 4.2 5.4 0 0 1.8 0.2 0 0 0 0 6 0 0 0 0 0 0 3 0 4 0 0 1.8 0.2 1.8 0 0 0 0 0 0 1.6 0 0 0 0 0 0 0 0 0 0 0 0 0 0 0 0 5.800000000000001 0 0.2 0 0 0 0 0 1.6 0 0 0 0 0.4 0 5.4 0 0.2 8.8 9.200000000000001 0.2 1.6 0 9 2.4000000000000004 6.2 2.8000000000000003 0 0.6000000000000001 0 0.4 8.8 9.600000000000001 0.4 0 0 0 0.2 0 0 0 0 3.4000000000000004 0 0 0 0 0 3.6 0 0 0 0 0 0 2.6 0 0 0 0 0 0 0 0 0 0 0 0 1.2000000000000002 0 0 0 0.4 0 0 2 0 0 0 0 0 0 0 0 0 0 0 0 0 0 1 0.4 0 1 0 0.4 0.4 0 0 0 0 0 0 0 0 0 0 0 0 0 0 0 0 0 0 1.8 0 0 0 3.2 0 0 0 0 0 0 
 0 0 0.6000000000000001 0 0 0.4 0 0 0 0 0 0.2 0.4 0.2 0 0 0.2 0.2 0 0 12.200000000000001 14.8 43.2 0 42.2 8 42.6 13.200000000000001 71.2 44.400000000000006 29.400000000000002 11.8 34.4 61 31.200000000000003 42.6 18.6 35.2 75.8 10 0 0.4 1 0 1 0.4 0.6000000000000001 13 0.6000000000000001 0 0 0.4 0.2 0 0 0.4 1 0.2 5.800000000000001 6 0 0 0.4 0 0.6000000000000001 0 0 0.4 1.4000000000000001 0.6000000000000001 0 0 0 0 0 2 0 0 0.4 0 0 0 0 0 0 0 0 0 0 0 0 0 0 0 0 0 0 0 0 0 6.2 1.4000000000000001 2.6 5.6000000000000005 1.8 2.6 0.4 2.2 4.6000000000000005 2.6 2.6 4.2 0 2.2 4.800000000000001 4 3.6 7.800000000000001 1.2000000000000002 0 0 0 2 0 2.4000000000000004 0 1.6 6 0 0 0 0 2.4000000000000004 0 0.4 0 0 2.4000000000000004 8.200000000000001 1.8 0 0 0 0 0.2 0 0 0 0 0 0 0 0.8 0 0 0 0 0 0.4 0 0 0 0 0 0 0 0 0 0.2 0 0 0 0 0 0 0 0 0.4 0 0.2 0 0 4.4 5 11.200000000000001 4.800000000000001 0 2.8000000000000003 4.2 2.4000000000000004 5.6000000000000005 0.2 0 3 2.6 0 5.6000000000000005 6.6000000000000005 4 1.8 0.4 1.2000000000000002 0 0 0 0 0 0 0 0 0 0 0 2.4000000000000004 0 0 0 0 0 6 0 0 0 0 0 0 0 0 0 0 0 0 0 0 0 0 0.2 0 0 0 0 0 3.8000000000000003 0 0 0 0 0 0 0 0 0 0 0 0.6000000000000001 0.4 0.2 0.4 0.2 0 2.4000000000000004 0 0 0 0 0 0 0 0 0 0 0 0 0 0 0 0 0 0 0 0 0.8 0 0 0 0 0 0.2 0 0 
 0.4 15.200000000000001 0.8 0.4 0.4 0.8 0.6000000000000001 13.200000000000001 0.4 1.2000000000000002 0.4 0.4 0.4 0.4 0.4 0.4 0.4 0.6000000000000001 0.8 0.4 7.6000000000000005 40 33.6 42.2 0 60 77.80000000000001 8.6 31 86.60000000000001 49.2 15.4 18.6 17.6 24.8 33 70 38.800000000000004 13.4 55.2 12.8 1 42.6 0 1.8 0.4 26 0.8 0.6000000000000001 0 13.8 0.4 4.4 25 0.2 0.4 0.6000000000000001 0.2 12 12.4 0 0 0.4 0 0.4 0 0 0.4 1.8 0 0 0 0 0 0 0.8 0 0 0.6000000000000001 0 0.4 0 0 0 0 0 0 0 0 0 0 0 0.2 0 0 0 0 0 0 0 0 1.8 2.6 0 6.6000000000000005 7.2 0 0 2.6 2.4000000000000004 2 3.2 0.2 0 4 3 0 0 0 0 0 0.8 4 0.4 0 0 0 5.6000000000000005 0 0 0 0 2.4000000000000004 8 0 1.8 4 0 10.4 6.2 0 0 0 0.2 0 0 1 0 0 0 0 0 0 0 0 0 0 0 0 0 0 0 0 0 0 0 0 0 0 0 0 0 1.8 0 0 0 0 0 0 0 0.2 0 6 0.2 8.6 5.4 0 0 2.4000000000000004 1.4000000000000001 11 0 0 0 2.4000000000000004 2.4000000000000004 5.2 2.4000000000000004 0 0.2 8 0 1.8 2.6 0 0 5.4 0 2 0.6000000000000001 9.8 0 6.2 3.8000000000000003 1 10.4 0 2 1.4000000000000001 7 0 0 0 0 0 0 0 0 0.4 0 0 0 0 0 4 0 0 0 0 0 0 0 3.6 0 0 0 0 0 0 0 0 0 0 0 0.2 0.4 0 16 0 0 1.2000000000000002 0 0 0 0 0 0 0 0 0 0 0 0 0 0 0 0 0 0 1.8 0 0 0 0 2 0 0.2 0 0 0 
 0 0 0 0 0 0 0 0 0 0 0 0 0 0.2 0.4 0 0 0.4 0 0 49.400000000000006 34.800000000000004 23.400000000000002 8 60 0 9 48.400000000000006 11 29.8 79 68.60000000000001 59.2 10.600000000000001 38.800000000000004 20 13.8 75.60000000000001 14.200000000000001 23.400000000000002 0.2 13 0.6000000000000001 0 0.6000000000000001 0.2 6.6000000000000005 12.600000000000001 0.6000000000000001 0 6 0.4 12.600000000000001 5 0 1.8 0.6000000000000001 0.4 28.8 25.400000000000002 0 0 0.6000000000000001 0 0.6000000000000001 0 0 0.4 0.6000000000000001 0 0 0 0 0 0 0.4 0 0 0.4 0 0 0 0 0 0 0.2 0 0.4 0 0 0.4 0 0.2 0 0 0 0 0 0 0 0 1.2000000000000002 0 2.4000000000000004 0.2 2.2 0 0 2.2 4.4 0 8 0 0 2.4000000000000004 1.2000000000000002 0 0.2 0 0 1.6 1.8 6 6.6000000000000005 0 0 0.2 3.2 0 2.2 1.4000000000000001 2 2.4000000000000004 0 0.6000000000000001 0 5.6000000000000005 0 3 1.8 0 0 0.2 1.6 1.8 0 1.6 0 0 0 0 0 0 0 0.4 0 0 0 0 0 0 0 0 0.4 0 0 0 0 0 0 0 0 0 0 0 0 0 0 0 0 4 0 0 2 3.8000000000000003 0.2 0 0 0 2.4000000000000004 0 3.6 0 0 4.4 0.4 1.8 1 0 0 0.4 0 0 0 0 0 3.6 1.8 0 4 0.2 2.2 5.800000000000001 0 0.2 0.2 2.6 1.2000000000000002 0 1.4000000000000001 0 0 1.6 0 0 3 0 0 0 0 0 0 0 0 0 0 0 0 0 0 0 0 0 0 0 0 0 0 0 0 0 0 0 0 2.8000000000000003 0 0.6000000000000001 7.4 7.2 0.2 0 0 0 0 0 1.6 0 0 0 0 0 0.4 0 0 0 0 0 0 0 0 0 0 0 0 0.6000000000000001 0 2.2 0 0 0 
 0 0.2 2.2 0 0.4 19.200000000000003 0 0 0 0.4 0 0 0.2 1 0 0 0.6000000000000001 0.2 1 0 98.2 25.200000000000003 52.400000000000006 42.6 77.80000000000001 9 0 32 16.6 9.4 6.4 20.200000000000003 22.6 25.400000000000002 70 46.400000000000006 32.6 61.6 12 23.200000000000003 0 0.4 1 0.2 1 0 0.6000000000000001 0.6000000000000001 0.6000000000000001 1 0 0.4 0 0 0 0.4 0.6000000000000001 0.4 0 40.2 0 0 0 0 0.6000000000000001 0 0 0.4 0 0 0 0 0 0 1 3.8000000000000003 0 0 0.4 0 0 0.2 0 0 0 2.8000000000000003 0 0 0 0 0 0 0 0 0 0 0 0 0 0 1.6 5.4 3 0 0 0 2.8000000000000003 0 5.4 5.4 2.4000000000000004 2.6 0 3 7.4 4.2 7.800000000000001 12 0 0 0 0.4 0 0 0 0 0.4 0 0 0 0 0 0 0 0 0 0 0 0 0 0 0 0 0 0 0 0 0 0 0 0 0 1.2000000000000002 0 0 0 0.4 0 0 0 0 0 0.4 0 6.4 1.6 0 0 0.2 0 0 0.2 0 0 0 0 0 1 0 0.4 3.6 4.2 4.800000000000001 1.6 0.2 1.8 0.2 5.800000000000001 4 4 5.6000000000000005 0 0 0.2 12.8 3.2 2.6 4.4 0 0 0 0 0 0.4 0 0 0 0 0 0 0 0 0.2 0 0 0 0 0 3.4000000000000004 0 0 0 0 0 0 0 0 0 0 0 0 0 0 0 0 0 0 0 0 0 0 0 0 0 0 0 0 0 0 0 0 0 0 0 1.2000000000000002 0 0.2 0.2 0.2 0 2 0 0 0 0 0 0 0 0 0 0 0 0 0 0 0 0 0 0 0 0 0 0 0 0 0 0 0 0 5 
 0.2 0 0 0.2 8.200000000000001 29.8 0.2 0 0 14.600000000000001 0 15.600000000000001 0 0 0 14.8 0 3.8000000000000003 0.6000000000000001 0 41.6 13.200000000000001 77.2 13.200000000000001 8.6 48.400000000000006 32 0 19.400000000000002 5.6000000000000005 13.4 9.600000000000001 102.4 76.4 77 58.400000000000006 52.800000000000004 5 30.400000000000002 8.6 0 4.4 0.8 0 1 2.4000000000000004 0.6000000000000001 0.6000000000000001 0.6000000000000001 0 0 0.4 0 0 0.2 2.4000000000000004 7 0 0 41.800000000000004 0 0 0 0 0.4 0 0 0.4 0 0 0.4 0 0 0 0 0.4 0 0 0.6000000000000001 0 0 0 0 0 6.6000000000000005 5 0 0 0 0 0 0 0 0 0 0 0 0 0 0 0.6000000000000001 0 0 0 0 1.8 14 3.2 2.4000000000000004 1.4000000000000001 5.4 3.4000000000000004 1.2000000000000002 0 0 4.2 0.2 0.2 2.4000000000000004 1.2000000000000002 0 0 0 3.6 0 0 0 0 0 0 0 0 0 0 0 0 0 0 0 0 0 0 0 0 0 0 0 0 0 0 0 0 2.4000000000000004 0 0 0 0 0 0 0 0 0 0 0 3.4000000000000004 0 0 0 0 5 0 0 0 0 0 0 0 3.4000000000000004 1.8 0.6000000000000001 5.800000000000001 7.2 0 0.2 0 2.8000000000000003 6 6 7.6000000000000005 0 0 3 0.6000000000000001 4.2 6.800000000000001 8 9.600000000000001 0 3.2 0 5 0 0 0 0 0 6.2 0 0.2 0 0 0 2 0 0 0 0 0 0 0 0 0 0 0 0 0 0 2 0 0 0 0 0 0 0 0 0 0 0 0 0 0 0 0 0 0 0 0 0 0.2 0 0 0 0 3.2 0 0 0 0.4 0.2 0.2 0 0 0 0 0 0 0 0 0 0 0 0 0 0 0 0 0 0 0 0 2.2 0 0 0 0 0 0 0 0 
 0 0 0 0.8 0 0.8 0 0 0 0 0 0 0 0 0 0 0 1 0.4 0.6000000000000001 9.200000000000001 44.2 58.400000000000006 71.2 31 11 16.6 19.400000000000002 0 78 6.6000000000000005 17 21 10.600000000000001 46.2 67.2 19.400000000000002 6.2 56.800000000000004 10.4 0 0.4 0.8 0 1.6 0 0.6000000000000001 0.6000000000000001 0.6000000000000001 0 0 0.4 0 0 0 1.8 1 0.2 0 1 0 0 0 0.4 0.4 0 0 0.4 0 0 0 0 0 0 0 13.4 0 0 0.4 0.4 0 0 0 0 0 0 0 0 2 0 0 0 0 0 0 0 0 0 0 0 0.2 4.6000000000000005 11.4 4.6000000000000005 5.2 2 0 0 0.6000000000000001 3.2 7.800000000000001 4.2 0 0 4 5.2 2.6 6 0 0 4.2 3 0 0 0 0 3.6 0 3.8000000000000003 0 0 0 0 6 0 4.4 0 0 0 0.4 1 0 0 0 0 0 0 0.8 0 0 0 0 0 0 0 0 0 0.2 0 0 0 0 0 0 0 0 0 0 0 0 0 0 0.4 0 0 0 0 0 0 3.6 0 0.4 4.6000000000000005 2 3.8000000000000003 2.8000000000000003 0 1.8 2.2 3.8000000000000003 2.8000000000000003 6.800000000000001 0.2 0 6.6000000000000005 5.800000000000001 2.8000000000000003 2.4000000000000004 0 0 0 1 0 0 0 0 9.8 0 0 0 0 0 3.4000000000000004 0 0 0 0 0 0 0.8 0 0 0.4 0 0 0 0 0 0 0 0 0 0 0 0 0 0 0 0 0.2 0 0 0 0 0 0 0 0 0 0 0 0 0 0 0.8 0.2 0.6000000000000001 4.2 7.6000000000000005 0.2 0.4 0 1.6 0 0 0 0 0 0 0 0 0 0 0 0 0 0 0 0 0 0 0 0 0 0 0 0 0 0 0 
 0 0 0.8 0.4 0 0.4 0 0 0 0 0 0 0 0 0 0.4 0.2 0 0.4 0 5.4 40 37.2 44.400000000000006 86.60000000000001 29.8 9.4 5.6000000000000005 78 0 24.400000000000002 23.400000000000002 9.600000000000001 12.8 19.8 45.6 22 12.600000000000001 60.2 63.2 0 0.4 1 0 17.2 0 1 15.200000000000001 0.6000000000000001 0 0 0.4 0 0 13.600000000000001 0.4 0.8 0.2 4.6000000000000005 12.600000000000001 1 0 0.2 0 0.4 0 0 0.4 0.2 0 0 0 0 0 0 0.4 0 0.6000000000000001 0.4 0 0 0 0 0 0 0 0 0 0 0 0 0 0 0 0 0 0 0 0 0 1.2000000000000002 0.4 0 1.4000000000000001 4.6000000000000005 6.4 0 0 4.6000000000000005 0.6000000000000001 1.8 0.2 0 2.4000000000000004 0 2.8000000000000003 0 9 0 0 8.8 0 0 0 0 0 6.2 0.2 2.4000000000000004 0 0.2 0 4.2 2.6 2.2 2.6 2.2 0 4 4.2 0.4 0.4 0.2 0 2 0 0 0.2 0 0 0 0.4 0 0 0 0 0 0 0 0 0 0 0 0 0 0 0 0 0 0 0 0 0 0 0 0 0 0.8 0 0 0.8 0 2.4000000000000004 11.200000000000001 7 3.4000000000000004 0 8.8 1.8 0 3 2.8000000000000003 0 0 0 2 2.8000000000000003 2.2 0 0 0.2 1.6 0.2 0 0 0 5.2 2 0 0 0 0 4.4 2.2 0.4 0 0 0 0 5.6000000000000005 0 0 0 0 1 0 0.4 0.2 0 0 0 0 0 0 0 0 0 3.6 0 0 0 0 4.2 0 0 0 0 0 0 0.4 0 0 0 0 0.4 0.4 0 15.8 0.8 0 2.6 0 0 0 0 0 0 0 0 0 0 0 0 0 0 0 0 0 0 1.8 0 0 0 0 0 0 2.4000000000000004 0 0 0 
 0.2 0 1 0 0.4 0.4 0 0 0 0 0 0 0 0 1.2000000000000002 0 0 0 0.6000000000000001 0 10.600000000000001 23.200000000000003 10.200000000000001 29.400000000000002 49.2 79 6.4 13.4 6.6000000000000005 24.400000000000002 0 34.2 24.8 7.800000000000001 10 19.400000000000002 44.2 23.8 34.4 8.4 13.200000000000001 5.4 0.8 0.4 0.8 12.8 13.8 44 1 0 0 0.4 0 13.600000000000001 0 1.4000000000000001 1 42.2 0.2 1.2000000000000002 0 0 0 0.4 0.6000000000000001 0 0.8 0.4 0 0 2.2 0 0 0 0 0.4 0 0.6000000000000001 0.4 0 2.8000000000000003 0 0 0 0 0.4 0 0 0 0 0 0 0 0 0.4 0 0 0 0 0 3.4000000000000004 0 0 5.4 3.8000000000000003 6.4 0 2.6 4.2 0 0 6.4 0 0 0.4 0.2 1.2000000000000002 0 0.2 0 3 0 0 0 0 0 0 4.6000000000000005 2.6 0 4.4 0 3 6.2 4.2 0 2.8000000000000003 0 10.8 2.2 0 1.6 0 0 2.2 0 0 0 0 0 0 0 0.6000000000000001 0 0 0 0 0 0 0.2 0 0 0 0.8 0 0 0 0 0 0 0 0 0 0 2.4000000000000004 0 0 0 0 0 0 0 6.6000000000000005 5.800000000000001 0 5.800000000000001 0 0 0.2 0 2.8000000000000003 0.2 0 2.6 0 1.8 2 4.2 3.6 2.4000000000000004 2.4000000000000004 0.2 3.6 2.6 1.8 0 3 2.2 2.6 0 0.6000000000000001 0 11.200000000000001 3 0 1.6 0 3.4000000000000004 6.4 0 0 0 0 0 0.2 0 0 0 0 0 0 0 0 0 0 0 0 0 0 0 0 0 2.8000000000000003 0 0 0 0 0 0.2 0 0 0 0 0 1.6 0 0.6000000000000001 8 0 0 0.8 0 0 0 0 0.2 0.4 0 0 0 0 0 0 0 0 0 0 0 0 1.8 0 1 0 0 0 0 0 0 0 0 
 0 0 0 0 0.2 0.4 0 0 0 0 0 0 18 0 0 0 0 0.2 15.4 0.4 7 28.8 25.200000000000003 11.8 15.4 68.60000000000001 20.200000000000003 9.600000000000001 17 23.400000000000002 34.2 0 8.4 4.2 8.4 65.8 17.6 17.6 6.4 7.4 0 0.4 2 0.6000000000000001 1 0.4 1.2000000000000002 0.6000000000000001 0.6000000000000001 0 12.8 0.4 13.200000000000001 0 0 0.4 1.4000000000000001 0.6000000000000001 5 12.4 0.8 0 0.4 0.2 0.8 0.6000000000000001 0 1.2000000000000002 0.8 0.4 0.8 0 0 0 0.8 0.8 0 1.2000000000000002 0.4 1.2000000000000002 0 0 0 0 0 0 0 0 0 0 0 0 0 0 0 0 0 0 0 0 2 0 0 1.4000000000000001 3.4000000000000004 6.4 0 0 4.6000000000000005 0 0.2 1 0 2.2 0 0.4 0 2.8000000000000003 3 0 2 1 0 0 0 0 4.4 2.8000000000000003 0.6000000000000001 0 3.4000000000000004 0 2.6 1 0 0 3 0 2.6 3 0 0 0 0 4.800000000000001 0 0 0 0.8 0.4 0 0 0 0 0 0 0 0 0 0 0 0.2 0 0 1 0 0 0 0 0 0 0 0 0 0 0 0 0 0 0 0 0 4.6000000000000005 7.2 0 2.2 0 0.6000000000000001 1.6 0 0 0 0 0 0 5.2 4.2 0 0 0 4 0.2 1.8 0 0 0 5.4 4.2 2.6 1.8 2.4000000000000004 0 6.4 0 0 0 0 0 1.8 0 1.8 0 0 0 0 0 0 0 0 0 0 0 0 0 0 0 0 0 0 0 0 0 0 0 0 0 0.2 0 0 0 0 0 0 0 1.4000000000000001 0 0.2 0.2 0.2 0 3.4000000000000004 0 0 0 0 0 0 0 0 0 0 0 0 0 0 0 0 0 0 1.8 0 0 0 0 0 0 2.6 0 0 0 
 0 0.4 0.2 15.200000000000001 26.8 0.6000000000000001 0 0.8 0 0.2 0 13.200000000000001 0 0 0.2 0.4 0 15.600000000000001 0.6000000000000001 0.2 61.800000000000004 26.6 18.8 34.4 18.6 59.2 22.6 102.4 21 9.600000000000001 24.8 8.4 0 26.200000000000003 9 7.2 21.400000000000002 71.2 26 44.6 0.4 1.8 14.4 0 1 0.4 0.6000000000000001 1 1 0.6000000000000001 0 1 0 0.4 1.4000000000000001 1.4000000000000001 0.8 0 0 0.4 0 0 0 0.4 1.4000000000000001 0 0 0.4 0 0 0.8 0.4 0 0 0 0.4 0.4 0.6000000000000001 0.4 0 0 0 0 0 4 0 0 0 0.2 0 0 6.800000000000001 0 0 0 0 0 0 0 0 6 0.2 5.6000000000000005 2 0 0 1.6 12.200000000000001 7.6000000000000005 4.4 3.6 2.8000000000000003 5.6000000000000005 0 5.800000000000001 2.4000000000000004 5.2 9 3.8000000000000003 5.6000000000000005 0 0 0 0 0 0 0 0 0 0 0 0 0 0 0 0 0 0 0 0 0 0 0 0 0 0 0 0 0 0 0 0 0 0 0 0 0 0 0 0 0.4 0 0 0 0.6000000000000001 0 0 0 0.2 0 0 0 0 0 0 0 0 0 0 0 2.8000000000000003 9 2.4000000000000004 1.2000000000000002 0 2.2 4 3.2 4.2 4.2 0 2.4000000000000004 1.6 0 3 0 4.2 2.8000000000000003 0 1.6 0 0 0 0 0 0 0 0 0 0 0 0 0 4.4 0 0 0 0 0 0 0 0 0 0 0 0 0 0 0 0 0 0.2 0 0 0 0 0 0 0.2 0 0 0 0 0 0 0 0 0 0 15.4 0 3.8000000000000003 0 0 2.4000000000000004 0.4 0.4 0 0 0 0.4 9.8 0 0 0 0 0 0 0 0 0 0 0 0.4 0 0 0 0 0 0 0 3.2 0 0 0 1.4000000000000001 0 0 0 0 
