 0 38.800000000000004 15.8 22.6 43.400000000000006 7.800000000000001 18.6 29.6 41 32.800000000000004 10.600000000000001 27 8.6 90.60000000000001 14 48.6 42 10.600000000000001 10.4 37.4 0 0.4 0.6000000000000001 0.4 0 0 0.4 0.6000000000000001 0.6000000000000001 0.2 0.4 0 0.4 1 0 0 0.2 0 0.4 0.4 0 0 0.8 0 0.8 0 0 0.4 0 0 0 0 0.6000000000000001 0 0.4 0 0.6000000000000001 0.4 0 0 0 0 0.6000000000000001 0 0.6000000000000001 0 4 0.4 0 0 0.4 0 0 0 0 1 0 0.2 0.2 0 1.4000000000000001 0.2 6 7 0 1.4000000000000001 5 9.8 6.2 3.2 2 1.6 5.800000000000001 1 1.6 3 0.2 0.4 5.6000000000000005 9 0 0 0 0 0 0 0 0.2 0 0 4.2 0.4 0 0 0 0 0 0 2.8000000000000003 0 0 0 0 0 0 0 0 0 0 0 0 0 0 0 0 0.4 0 0 0 0 0 0 0 0 0 0 0 0 3.8000000000000003 0 0 0 0 0 0 0.4 0 0 0 0 0.4 0.4 1.4000000000000001 2 0 0 9.600000000000001 4.2 0 3.6 0 3.2 5.800000000000001 5.800000000000001 3.6 2.6 0 0.2 0 4 0 0 0 0 0 0 0 0 0 0 0.2 0 1.6 0 0 0 0 0 0 0 0 0 0 0 0 0 0 0.4 0 0 0 0 0 1.4000000000000001 0 0 3 0 0 0 0 0 0 0 0 0 0 0 0 0 0 0 0 0 0 0 0 0 0 0 0 0.4 0 0 0 0 0 0.2 0.4 11.8 0 2.8000000000000003 1.6 0 0 0 0.4 0 0 0 0 0 0 0 0 0 0 0 0 0 0 0 0 0.4 0 0 4.2 0 0 0 0 0 0 0 0 0 0 0 0 0 
 38.800000000000004 0 21.200000000000003 8 12 6.800000000000001 41 78.80000000000001 29 23.400000000000002 25.8 50.6 26.8 9.600000000000001 28 75.8 24.8 7 53.800000000000004 67.8 0 0.4 0.6000000000000001 0.4 0 0 0 0 0 0.4 0.4 0 0.4 0 0 0 0 0 21.8 15.600000000000001 0 0 0.8 0 0.4 0 0 0 0 0 0 0 0.6000000000000001 0.4 0 0 0 0.4 0 0 0 0.2 0.6000000000000001 0 0.6000000000000001 0 0 0 0 0 0 0 0 0 0 0 0 0 0 0 8 5 0 8.6 0.2 0.2 9.4 6 8.200000000000001 1.8 9.600000000000001 2.6 2 1 3.4000000000000004 7 6.6000000000000005 5.4 2.8000000000000003 5 0 0 0 0 0 0 2.2 0 0 0 0 0 0 0 0 0 0 0 1.2000000000000002 1.4000000000000001 0 0 0 0 0 9 0 0 0 0 0 0 0 0 0 0.4 0 0 0 0 0 0 0 0 0 0 0 3.4000000000000004 0 0 0 0 0 0 0 0 0 0 0 0 1.6 0 2 2 3.8000000000000003 0 0 2.6 2 3.2 0.2 0 3.2 2.6 0.2 1.8 5.6000000000000005 3.6 0 3.6 0 0 0 0 0 0 2.8000000000000003 2.6 0 0 0.2 0 3.2 0 0 0 0 0 0 0 0 0 0 0 0 0 0 0.4 0 0 0 0 0 0 0 0 2.2 0.4 0 0 0.4 0.2 0 0 0.2 0 0 0 0 0 0 0 0 0 0 0 0 0 0 0 0 0 0 0 0.2 0 0 0.4 0.4 0.2 0 1.4000000000000001 0.2 0 0 0 0 0 0 0 0 0 0 0 0 0 0 0 0 0 0 0 0 0 0 1.8 3.4000000000000004 0 0 0 0 0 0 0 0 0 0 0 0 0 
 15.8 21.200000000000003 0 105 28.8 5.800000000000001 33.800000000000004 29.200000000000003 32.2 45.400000000000006 33.4 7.2 10 54 26.8 58.800000000000004 12.4 29.8 76.60000000000001 52.800000000000004 0 0 0.6000000000000001 0.4 6 0 0 0.4 0 0 0.4 0 32 15 0 0.2 0 0 23.200000000000003 7.2 0 0 0.6000000000000001 0 0.4 0 0.4 0 0 0 0 0.2 0.2 0.4 0 0 0 0.4 0 0 1.2000000000000002 0 0.6000000000000001 0 0.6000000000000001 0 1.4000000000000001 0 0 0 0 0 0 0 0 0 0 5.800000000000001 0.6000000000000001 0 0 5.2 7.800000000000001 3.8000000000000003 5.800000000000001 3.2 1.6 0 0.4 3 0 6.2 0 2.6 3.8000000000000003 0 0.2 7.2 2.2 4.6000000000000005 6.4 0 0 0 0 0 1.8 0 0 0 0 0 8.4 0 0 0 0 0.2 0 0 0 0 0 0 0 0.4 0 0 0 0 0.2 0 4.6000000000000005 0 0 0 0.4 0 0 0 0 0 0 0 0 0.2 0 0 0 0 0 0 3 0 0.6000000000000001 0.2 0 0 0 0 0 4.800000000000001 0 2.2 1.8 0 0 0 8.200000000000001 0 2.4000000000000004 2.8000000000000003 0 0 0 8 4.4 3.6 2.2 0 9.4 1.4000000000000001 0 0 0 0 4.4 5.2 0 0 0 0.4 0 1.8 0 0 0 2 0 0.2 0 0 0 0 0 0 0 0 0 0 0 0 0 0 0 0 0 1.2000000000000002 0 0 0 0 0 0 0 0 0 0 0 0 0 0.2 0 0.4 0 0 0 0 0 0 0 0 0 0 0 0 19.200000000000003 0.4 0.2 0.4 0 1.4000000000000001 0 0.2 0 0 0 0 0 0 0 0 0 0 0 0 0 0 0 0 0 0 0 0 0 2.6 0.2 2.4000000000000004 0 0 0 0 0 0 0 0 0 0 0 0 
 22.6 8 105 0 51.800000000000004 8.8 15.4 24 32 15.8 57.2 29.200000000000003 36.6 148 41 29.6 29 24.200000000000003 12 75 8.200000000000001 0 0.6000000000000001 0.4 0 0 4.800000000000001 12.200000000000001 14.8 0.6000000000000001 0.4 0 0.8 19.6 0 0 0 0 29.8 15.200000000000001 0 0 0.8 0 0.4 0 0 0 0 0 0 0 0.6000000000000001 0.4 1.2000000000000002 0 0 0.4 0 0 0 0 0.6000000000000001 0 0.6000000000000001 0 1 0 0 0 10 0 0 0 0 0 0 0.4 0.6000000000000001 0 0.2 4.2 4.6000000000000005 4.2 0 3 3.2 0 0 3 0.2 4.2 3.4000000000000004 0.2 2.8000000000000003 0.6000000000000001 0.8 4 6.4 6.2 3 0 0 0.2 0 0 0 0 4.2 0 0 0 5.6000000000000005 0 0 1.4000000000000001 0 0 2 0 0 0 0 0 0 0.4 0 0 0 0 0 0 0 0 0 0 0.4 0 0 0 0 0 0 0 0 0.6000000000000001 0 0 0 0 0 0 0 0 0.2 0.2 0 0 0 0 0 2.2 0 3.6 1 0.4 0.8 0.2 2 0 1 1.8 0 0 3.4000000000000004 4.6000000000000005 1.8 0 0 0 0 1.8 0 0 0 0 6.4 2.4000000000000004 0 0 0 0.4 1.4000000000000001 0 0.2 0 0 2.2 3.6 1.8 0 0 0 0 0 0.2 0 0 0 0 0 0 6.4 0 0 0 0 0 0 0 0 0 0 0 0 0 0 0 0 0 0 0.2 0 0.4 0 0 0.2 0 0 0 0 6.6000000000000005 0 0 0 0 18.2 0 0.6000000000000001 4.4 0.2 1.2000000000000002 3.4000000000000004 0.2 0 0 0 0 0 0 0 0 3.4000000000000004 0 0 0 0 0 0 0 0 0 0 0 0 2.2 0 0 0 0 0 0 0 0 0 0 0 0 0 0 
 43.400000000000006 12 28.8 51.800000000000004 0 62.2 16 48.800000000000004 13.4 34.4 38.400000000000006 16.8 11.8 23.8 32.800000000000004 48.800000000000004 35.2 42.6 58.2 33.2 7.2 0 1.6 0.4 0 0 15.4 16.2 0 0.4 0.4 0 0.6000000000000001 14.8 0.4 0 0 0 30.400000000000002 1 0.4 0 0.4 0 0.6000000000000001 0.6000000000000001 0 0 0 0 0 0 0.6000000000000001 0.4 0 0 0.6000000000000001 0.4 0.6000000000000001 0 0 0.4 0.6000000000000001 0 0.6000000000000001 6 0.4 0 0 0 0 0 0 0 0 0 8.4 0 0 0 0 0 0 2.4000000000000004 4.4 4.6000000000000005 0 0 1.6 3 3 2.8000000000000003 0 0 0 6.4 3.6 3.2 0 0 4 1.2000000000000002 0 12.200000000000001 0 0.2 0 0.2 0 3.2 0 0 2.4000000000000004 4.2 1.6 0.2 0 1.8 3.4000000000000004 4.6000000000000005 0 0 0 0 0.4 0 0 0.2 0 0 0.4 0 0 0 0 0 0 0 0 0 3 0.4 0 0 0 0 0 0.2 0 0 0 0 0 0 0 0 0 0 1 0 0.4 0 0 0 2.2 1.8 1.8 0 0 0.2 3.8000000000000003 0 0 0 1.2000000000000002 1.8 7.800000000000001 0 0 0 5.4 6.800000000000001 0 2 0 0 4.6000000000000005 1.6 2 3 0 0 2.2 0 2.6 5.800000000000001 1.6 3.4000000000000004 2.6 0 0 0 0 0 0 0 0 0 0 0 0 0 0 0 0 0 0 0 0 0 0 0 0 0 0 0 0 0 0 0 0 0 0 0 0 0 0 0 0.2 0 0 0 0 0 0 0.6000000000000001 0.4 0 21.200000000000003 17.400000000000002 0 2.8000000000000003 2.8000000000000003 0 0 0 0 0 0 0 0 0 0 0 0 9.4 0 0 0 0 0 0 0 0 0 0 1.6 0 0 0 0 0.4 0 0 0 0 0 0 0 0 
 7.800000000000001 6.800000000000001 5.800000000000001 8.8 62.2 0 7.6000000000000005 4.800000000000001 9.200000000000001 13.600000000000001 11 9.200000000000001 11.8 9.200000000000001 9.4 20.400000000000002 13.8 18.2 34.4 10.4 56.800000000000004 0 30.8 0.6000000000000001 0.8 0 20.6 0.8 16.400000000000002 15.200000000000001 0.8 0.6000000000000001 28.8 5.4 16.6 0 0.6000000000000001 19.400000000000002 1 44.2 0 0 1 0.4 0.4 0 0.8 0.4 0.6000000000000001 2.4000000000000004 0 0.8 0.6000000000000001 0.2 0 0.4 0 0.4 0 14.200000000000001 0 0.4 0.6000000000000001 0 1.2000000000000002 0 0 0 0.2 0 0 1.2000000000000002 0 0 0.4 0 0.4 0 0.6000000000000001 0.4 0 0 0 0 5.800000000000001 2.8000000000000003 0 0 0 0 0 0 0 0 0 0 0 0 0 0 2.6 1.2000000000000002 7.2 3.8000000000000003 0 0 2.6 6.2 2.2 2.8000000000000003 0.6000000000000001 0 2.4000000000000004 8.200000000000001 11.4 0.2 2.6 0.8 2 2.4000000000000004 0 0 0 0 0 0 0 0 0 0 0 1.6 0 0 0 6.2 0 0 0 0 0 0 0 0 0 0 0 0 0 0.2 0 0.4 0 0 0.6000000000000001 0 0 0 0 0.4 0 0 0 0 2.2 10.200000000000001 0 0.4 1 0 0 3.8000000000000003 0 0 0 0 0 0 0 0 2.2 5.6000000000000005 0 0 2 0 5.6000000000000005 2.4000000000000004 0.4 10.200000000000001 0 0 3 5.4 7.800000000000001 7 2.8000000000000003 3.6 1.2000000000000002 5.800000000000001 0 0.4 0 0 0 0 0 0 0 0 0 0 0 0 0 0 0.2 0 0 0 0 0 0 0 0 0 0 0 0 0 0 0 0 0 0 0 0 0 0.4 0 0 0 0 0 0 0.2 0.8 0.2 0 17.2 0 1.6 0 0 0 0.4 0 0 0 0 0 0 0 0.4 0 0 3.2 0 0 0 0 0 0 0 0 0 0 0 0 2.2 0 4.2 0 0 0 0 0 0 0 0 
 18.6 41 33.800000000000004 15.4 16 7.6000000000000005 0 37.4 72 8.4 5.6000000000000005 7.4 61.800000000000004 57.6 9 7.6000000000000005 49 24.200000000000003 22.8 59.2 0 0.4 7.4 0.4 4.2 0 0 0 0 0.6000000000000001 0.4 0.2 0.4 0 0 0 0 0 0.4 0.4 0 0 0.4 0 0.4 0 0 0 0 0 0 0 0.6000000000000001 0.2 12.600000000000001 0 0 0.4 0 0 0 0.2 0.6000000000000001 0 0.6000000000000001 0 0 0 0 0 0 0 0 0 0 0 0 0 0 0 2.8000000000000003 3.8000000000000003 0 0 0 0 0 1.4000000000000001 0 1 0 0 2.2 4.800000000000001 8 0 0 0 2.4000000000000004 4.4 0 0 0 0 0.4 0 0 0 0 0 0 0 0 0 0 0 0 0 0.4 0 0.2 0 0 0 0 0 0 0 0 0 0 0 0 0 0 0 0 0 0 0 0 0 0 0 0 0 0 0 0 0 0 0 0 0.2 0 0.4 0 0.2 0 0 0.4 0 0 0 0 0 0.2 0 0 2.4000000000000004 0 0 4.800000000000001 0 4 0 2 2.6 1.8 2.2 0.4 0 0 0 0 0 0 0 0 1.6 1.6 0 0 0 0 0 0 0.2 0 0 0 0 0 0 0 0 0 0 0 0 0 0 0 0 0 0 0 0 1.4000000000000001 0 4.2 0 0.4 0.4 0 0 0 0 0 0 0 0 0 0 0 0 0 0 0 0 0 0 0 0 0 0.4 0.2 0 0 0 0.4 1.6 0 0 0 0 0 0 0 0 0 0 0 0 0 0 0 0 0 0 0 0 0 0 0 3 0 0 0 0 0 0 0 0 0 0 0 0 0 0 
 29.6 78.80000000000001 29.200000000000003 24 48.800000000000004 4.800000000000001 37.4 0 45.6 11.200000000000001 6 11.4 46 33.4 44.800000000000004 24.400000000000002 13.4 6.6000000000000005 14 29.6 0 0.4 1.2000000000000002 0.4 0.6000000000000001 0 0 0.6000000000000001 0 0 0.4 0.4 0.4 0 0 0 0 0.4 0.4 0.4 0.6000000000000001 0 0.6000000000000001 0.4 0.4 0 0.4 7.4 0.2 0.4 0 0 0.4 0 0 0 0 0.4 0 0 0 1 0.6000000000000001 0 0.6000000000000001 0 0 0.2 0.2 0 0 1.4000000000000001 0 7.4 0.2 0 0 0.2 0.6000000000000001 0 1 6.2 3.2 3.4000000000000004 0 1.4000000000000001 17.8 2.4000000000000004 4.4 1.6 1.8 1.8 5.4 2.4000000000000004 0.2 10.4 5.2 0.2 2.8000000000000003 2 0 0 0 0 0 0 1.6 0 0.6000000000000001 0 0 0 0 0 0 0 0 0 0 0 0 0 0 0 0 5 0 0 0 0 0 0 0 0 0 0 0 0 0 0 0 0 0 0 0 0 0 0 0 0 0 0 0 0 0 0.8 0 0 0 0 3.6 2.2 0 7 0 0.2 2.2 0.6000000000000001 6.6000000000000005 10 0 4.4 4.6000000000000005 0 5 6.2 0 4.800000000000001 3.4000000000000004 2.4000000000000004 0 0 0 0 0 0 0 0 0 1.4000000000000001 0 0 0 0 0 0 0 0 0.2 0 0 0 0 0 0 0 0 0 0 0 0 0 0 1 0 0 0 0 0 0 0 0 0 0 0 0 0 0 0 0 0.6000000000000001 0 0 0 0 0 0 0.2 0 0 0 0 0 0 0 0 0.2 0 0.4 10 0 3.2 1.6 0 0 0.2 0 0 0 0 0 0 0 0 0 0 0 0 0 0.4 0 0 0 0 0 0.2 2.8000000000000003 0 0 0 0 0 0 0 0 0 0 0 0 0 
 41 29 32.2 32 13.4 9.200000000000001 72 45.6 0 15 32.4 15.200000000000001 55.800000000000004 17.8 32.2 47 10.200000000000001 39.6 13.4 31.6 0 0.4 0.6000000000000001 0.4 0 0 0 0 0 0.2 0.4 0 0.4 0 0 0.2 0 0.2 4.800000000000001 0.4 0 0 12.8 0 0.4 0 0.2 0 0 0 0 0 0.6000000000000001 0 0 0 0 0.4 0 0 0 0 0.8 0 0.6000000000000001 0 0 0 0 0 0 0 0 0 0 0 0 0 0.4 0 5 12 3.8000000000000003 2 0 0.2 15.200000000000001 4 5.2 2.2 0 2 5 0.8 5.6000000000000005 0 6.4 0 7 8.8 2.2 0 0 0 0 0 8.6 0 2 0 0 0 0 0 0 2 0 0 0 0 0 0 0 0 0 0 0 0 0 0 0 0 0 0 0 0 0 0 0 0 0 0 0 0 0 0 0 0 0 0 0 0 0 0 0 0 0 0 0 0 4.2 0 0 1.8 0 0 0 6.4 1.8 2.4000000000000004 1 8.200000000000001 3.6 2.2 0 2.2 0.8 2.4000000000000004 2 2.6 0 0 0 1 0 0 0 0 0 0 3.4000000000000004 0 0 0 4 0 0 0 3.8000000000000003 0 0 0 0 0 0 0 0 0 0 0 0 0 0.2 1.8 0 0 0 0 0 0 0 0 0 0 0 0 0 0 0 0 0 0 0 0 0 0 0 0 0 0 0 0 0 0 0 0.4 17.400000000000002 0 0.4 0.8 0 2 0.2 0 0 0 0 0 0 0 0 0 0.6000000000000001 0 0 0 0 0 0 0 0 0 0 0 0 1.8 0 0 0 0 0 0 0 0 0 0 0 0 0 0 
 32.800000000000004 23.400000000000002 45.400000000000006 15.8 34.4 13.600000000000001 8.4 11.200000000000001 15 0 19 44.6 9.200000000000001 50 15.4 51.400000000000006 9.600000000000001 47.800000000000004 16.400000000000002 21.6 0 0 0.8 0.8 0 0 14.600000000000001 0 0 0.2 0.4 0 7 1 15 0 0.4 0 14.8 16 0 0.8 0.8 0 0.4 0 0 0 0 0.2 0 0 2.2 0 0 1 0 0.4 0 0 2.4000000000000004 0 0.6000000000000001 0.2 0.6000000000000001 0 0 0 10.200000000000001 0 0 0 0 0 0 0 0 0 0.2 0 0.2 0 2.6 7.6000000000000005 8.200000000000001 7 0 3.2 2.4000000000000004 0 6 5.800000000000001 3 2 1.2000000000000002 2.6 0 10.600000000000001 2.8000000000000003 3.2 0.4 0.2 0 0 0 0 6 2.4000000000000004 0.2 0 1 0 4.4 0 2.8000000000000003 0 0 0 3.8000000000000003 3.4000000000000004 0 0 0.2 0 0 0 0 0 0 0.4 0 0 0 0 0 0 0 0 0 0 0 0 0 0 0 0 0 0 0 0 0 0 0 0 3.6 0 0.4 0 0 0 0 5.800000000000001 6.800000000000001 3.6 4.4 0 0.2 0 1.2000000000000002 3.4000000000000004 0 0 0.4 0 0 0 0 0 0 0.2 3.4000000000000004 3.2 0 0 0 0 0 4.2 0 2 0 0 3.8000000000000003 3.6 6.6000000000000005 0.4 0.6000000000000001 0.2 4.2 3.8000000000000003 0 0 0 0 2 0 0 0 0 0 0 0 0 0 0 0 0 0 2 0 0 0 0 0 0 0 0 0 0 0 0 0 0 0 0 0 0 0.2 0 0 0 0 0 0 0 0.6000000000000001 10.200000000000001 0 0.2 0.4 3.6 1.6 0 0 0 0 0 0 0 0 0 0 0 0 0 0 0 0 0 0 0 0 0 0 0 0 2.8000000000000003 2.2 0 0 0 0 0 0 0 0 0 0 0 0 
 10.600000000000001 25.8 33.4 57.2 38.400000000000006 11 5.6000000000000005 6 32.4 19 0 11.8 54.400000000000006 23.6 34 35 48.2 105.60000000000001 8.8 8.200000000000001 0.2 0.2 1 0.4 0 0 26.200000000000003 5.800000000000001 14.8 0.6000000000000001 0.6000000000000001 0 0.4 20 0 0 0 0 27.6 4.4 0 0 0.4 0 0.4 0 0 0 0 0 0 0 1.6 0 0 2 0 0.4 0 0 1 0 0.6000000000000001 0 0.6000000000000001 0.4 0 0 0 0 2 0 0 0 0 0 6 0 0.4 1 0 0 0 5 2.4000000000000004 3.2 5.2 2.6 2.4000000000000004 0 5.6000000000000005 2.8000000000000003 0 3.2 0 0 0 3.6 0 0 8.8 0 0 0 0 0 13 0 2 0 0 0 2.2 0 0 2 0 0 4.800000000000001 0 0 0 0 0 0 0 0 0 0 0 0 0 0 0 0 0 2.4000000000000004 0 0 0 0 0 0 0 0 1 0 0 0 0 0 0 0 0 0 0 0 0 0 0 0 2.2 0 4.6000000000000005 14.200000000000001 1.2000000000000002 0 0 3.8000000000000003 1.8 0 3.6 0 0 0 0 0 1.8 0 0 2 2.6 0 0 0 0 7.6000000000000005 0 0 0 0 0 4 2.2 0 0 0.2 2.8000000000000003 12.4 0.2 0 0 0 0 0 0 0 0 0 0 0 0 0 0 0 0 0 0 0 0 0 4.2 0 0 0 0 0 0 0 0 0 0 0 0 0 0 0 0 0 0 0 0 0 0 0 1 0 0.4 9.4 0.8 0.8 3 0 0 0 0 0 0 0 0 0 0 0 0 0 0 0 0 0 0 0 0 0 0 0 2 0 0 0 0 0 0 0 0 0 0 0 0 0 0 
 27 50.6 7.2 29.200000000000003 16.8 9.200000000000001 7.4 11.4 15.200000000000001 44.6 11.8 0 8.6 23.6 16.2 51.6 48.6 25.6 41 8.4 15 0 1.2000000000000002 0.4 15 0 5.4 0 14.8 4.800000000000001 0.6000000000000001 0 28.6 0 20.200000000000003 0 0 0 12.600000000000001 15.600000000000001 0 0 0.4 0 0.4 0 0 0 0 0 0 0 0.6000000000000001 0.2 0 12.4 0 0.4 0 0.4 9 0 0.6000000000000001 0 0.6000000000000001 0 0 0 0 0.6000000000000001 0 0 0 7.6000000000000005 0 0 0.4 0 0.6000000000000001 0 2.6 3 4 0 5 6.800000000000001 2.8000000000000003 2.4000000000000004 5.800000000000001 0 3.6 0 2.8000000000000003 3 0 3.8000000000000003 7.2 0.2 0 0 0 0 0.4 2 0 0 0 3 0 0.2 0.2 0 7.2 4.2 6.4 0 0 0 0 8.4 4.2 0 0 0 0 0 0 0 0 3.2 0 0 0 0 0 0 0.2 0 0 0 0 0 0 0 0 1 0 0 0 0 0 0 0 0 0 0 0 0 0 0 0 2.2 1.4000000000000001 5.800000000000001 0 0 4.2 1 5.800000000000001 7.800000000000001 0 0 0 0 0.2 0 1.6 0.4 0 2.4000000000000004 1.4000000000000001 4 0 2 0 0 0.2 0 0 0.8 0 0 1.8 2.8000000000000003 9 0.4 3.4000000000000004 0 0.4 3.2 0 0 0 0 0 0 0 0 0 0 0 0 0 1.2000000000000002 0 0 0 0 0.2 0 0 0 0 0 0 0 0 0 0 2.6 0 0 0 0 0 0 0 0 0 0 0 0 0 0 0 0.2 0 0 0 19 0 5 0 0 0 0 0 0 0.4 0 0 0 0 0 0 0 0 0.4 0 0 0 0 0 0 0 2 0 0 0 0 1.4000000000000001 0 0 0 0 3.6 0 0 0 0 
 8.6 26.8 10 36.6 11.8 11.8 61.800000000000004 46 55.800000000000004 9.200000000000001 54.400000000000006 8.6 0 33.2 5 6.4 11.8 8.200000000000001 34.6 9 0 0 0.6000000000000001 0.4 0 0 0 0 0 0.4 0.4 0 0.4 0 0 0 0 0 0.4 0.4 0 0 10.8 0 0.4 0 0 0 0 0 0 0 0.6000000000000001 0 0 0 0 0.4 0 0 0 0.2 0.6000000000000001 0 0.6000000000000001 0 0 0 0 0 0 0 0 0 0 0 0 0 0 0 2.8000000000000003 7.4 2.4000000000000004 0.2 0 0 1.2000000000000002 2 0 0 0 1 0.2 4.4 5.6000000000000005 2 2 0 5 1.2000000000000002 0 0 0 0 0 0 0 0 0 0 0 0 0 0 0 0 0 0 0 0 0 0 0 0 0 0 0 0 0 0 0 0 0 6.6000000000000005 0 0 0 0 0 0 0 0 0 0 0 0 0 0 0 0 0 0 0 0 0 0.4 0 0 0 0 1.8 0 0 4 0 1.8 0.2 0 0 7.2 3.6 3.6 5.6000000000000005 0 3.2 3 3.4000000000000004 3.2 2.8000000000000003 1.8 0 0 0 0 0 0 0 0 0 0 0 0 0 3.8000000000000003 0 0 0 0 0 0 0 0 0 0 0 0 0 0 0 0 0 0 0 0 0 0 0 0 0 0 0 0 0 0 0 0 0 0 0 0 0 0 0 0 0 0 0 0 0 0 0 2.2 0 0 0 0.4 0.6000000000000001 0.4 0 0 0 1.2000000000000002 0 0 0 0 0.4 0 0 0 0 0 4.2 0 0 0 0 0 0 0 0 0 0 0 0 2.8000000000000003 0 0 0 0 0 0 0 0 0 0 0 0 0 0 
 90.60000000000001 9.600000000000001 54 148 23.8 9.200000000000001 57.6 33.4 17.8 50 23.6 23.6 33.2 0 59.2 28.8 72.2 6.6000000000000005 36.4 104.60000000000001 15.200000000000001 0 0.6000000000000001 0.4 0 0 0.4 0 0 0.4 0.4 0 0.4 0.4 0.2 0 0.4 0 0.6000000000000001 0.4 0 0 0.8 0 0.4 0 0 0 0.6000000000000001 0 0 0 0.6000000000000001 0.4 0 0 0 0.4 0 0 0 0.2 0.6000000000000001 0 0.6000000000000001 0 0 0 0 0 6.6000000000000005 0 0 0 0 0 0 0 0 0 0.2 6.6000000000000005 11.600000000000001 6.800000000000001 0 1.6 0 1.4000000000000001 5.4 5.800000000000001 3 1.4000000000000001 0.4 4.800000000000001 4.2 7.800000000000001 5.4 6.6000000000000005 2 5.6000000000000005 0 0 0 2.8000000000000003 0 0 0 0 0.4 0.4 0 0 0 0 0 0 0 0 4.4 0 0 0 0 0 0 0.4 0 0 0 0 0 0 0 0 0 0 0.2 0 0 0 0 0 0 0 0 1 0 0 0 0 0 0 0 0 2.6 0 0 0 0.2 0 0 1.6 3.4000000000000004 3.4000000000000004 0 2.4000000000000004 1.8 1 0 0.2 3.4000000000000004 0 2.8000000000000003 0 3.2 3 3.2 0 0 0 0 0 0 0 0 0.2 0 0 0 0 0 0.2 4 0 0 0 0 0 0 0 0 0 0 0.4 0 0.4 0.2 0 0 0 0.2 0 0 0 3.2 0.4 0 0 0 0 0 0 0 0 0 0 0 0 0 0 0 0.4 0 0.2 0 0 0.4 0 0 0 0 2.4000000000000004 0 0 0 0.4 18 0.2 0 17.6 3.2 1.2000000000000002 2.8000000000000003 0.4 0 0 0.4 0 0 0 0 0 3.8000000000000003 0 0 0 0 0 0 0 0 0 0 0 0 0 0.2 0 0 0 0 0 0 0 0 0 0 0 0 2.6 
 14 28 26.8 41 32.800000000000004 9.4 9 44.800000000000004 32.2 15.4 34 16.2 5 59.2 0 15.8 50.800000000000004 7.800000000000001 10.200000000000001 45 0 0 0.6000000000000001 0.4 0 0 0.4 1.8 0 0.4 0.8 1 18.6 0.4 0.4 0 0.6000000000000001 15.600000000000001 16 2.2 0 0 0.4 0.6000000000000001 0.6000000000000001 0.2 0 0 0 0 0.6000000000000001 0.2 0.6000000000000001 0.4 0.2 0 1.6 0.8 0 0 0 0 0.6000000000000001 0.6000000000000001 0.6000000000000001 0 0 0 0 0.6000000000000001 0.6000000000000001 0.4 0 0 0 0.6000000000000001 0.8 0.4 0.2 0 4 0 0 0.2 0 1.4000000000000001 12 0 0 6.800000000000001 5.800000000000001 4.4 9.4 3.6 0.2 2.4000000000000004 2.2 0.2 4.800000000000001 2.6 0.4 0 0 0 0 0 2.4000000000000004 0 3 0 0 0 0.2 0 0 0.2 0 0.4 0 2.4000000000000004 0 0 0 1.4000000000000001 0 0 0 0 0 0 0 0 0 0 0 0 0 0 0 0 0 0 0 0 0.2 0.8 0 0 0 0 0 4.6000000000000005 0 0 0 0 0 0 0 0 12.4 11.4 2.6 3.6 0.4 0 3.2 0.2 4.800000000000001 0 0 0.4 0 0 2.2 8.6 0 6.6000000000000005 2 0.2 0 0 0.6000000000000001 0 0 0 0 0 0 0 0 0 4.2 0 0 0 0 3.4000000000000004 0 0 0 0 0 0 0 0 0 0 0 0 0 0 0 0.4 0 0 0 0 0 0 0 0 0 0 0 0 0 0 0 0 0 0 0 0 0 0 0 0 0 0 0 0 0 0 0 0 0.2 0 0.2 9.200000000000001 0.2 3.4000000000000004 2.6 0 0 0 0 0 0 0.2 0 0 0 0 0 0 0 0 0 0 0 0 0 0 0 1.8 0.4 0 0 0 0 0 0 0 0 0 0 0 0 0 
 48.6 75.8 58.800000000000004 29.6 48.800000000000004 20.400000000000002 7.6000000000000005 24.400000000000002 47 51.400000000000006 35 51.6 6.4 28.8 15.8 0 78.4 62 56 46.400000000000006 0.4 0 0.6000000000000001 0.4 1.6 0 2.6 1.8 0 0.2 0.4 0 30.6 0.2 0.4 0 1.8 0 28 0.4 0 0 0.8 0 0.4 0 0.2 0 0 0 0 1.2000000000000002 0.4 0.4 0 0 0.6000000000000001 0.4 13 0.6000000000000001 0 0 0.6000000000000001 0 0.6000000000000001 0 0 0.4 0 0 0 0 0 0 0 0 0 0 0.6000000000000001 0 0.6000000000000001 4.6000000000000005 7.2 5.6000000000000005 1 0.4 0.2 2.2 5.4 0.6000000000000001 2.4000000000000004 7.2 0 4.4 2.2 7.6000000000000005 8.8 2.2 0 6.4 4.800000000000001 0 0.2 0 0 0 0 0 0 0 0 0 4.800000000000001 0 0 1.8 0 0 2.6 3.6 0 0 0 0 0.4 0 0 0 0 0 0 0 0 0.2 0 0 0 0 0 9.200000000000001 0 0.4 0 0 0 0 0 0.2 0 0 0 0 0.2 0 0 0 0 0 0 0 4 0 8.4 5.6000000000000005 2 1.8 0 0.8 0 3.4000000000000004 4 3.6 0.4 3 3 8.4 5.4 0 0 0 2.2 0 0 0 2 0 4 0 0 0 0 0 2.2 0.2 0.4 0 0 2.4000000000000004 7.4 0.2 0 0 0 0 0 0 0 0 0 0 0 0 0 0 0 0 0 0 0 0.2 0 0 0 0 0 0 0 0 0 0 0 0 0 0 0 0 0 0 0 0 0 2.4000000000000004 0 0 0 0 1 0 0.6000000000000001 0 0 2.4000000000000004 0 0 0 0 0 0 0 0 0 0 4 0 0 0 0 0 0 0 0 0 0 0 0 0 3.6 0 0 0 0 0 0 0 0 0 0 2 0 0 
 42 24.8 12.4 29 35.2 13.8 49 13.4 10.200000000000001 9.600000000000001 48.2 48.6 11.8 72.2 50.800000000000004 78.4 0 52 54.400000000000006 61.800000000000004 0.2 0.2 0.6000000000000001 0.4 0 0.2 0 0 0 0 0.4 0 0.4 0 0 0 0 0 11.4 13.600000000000001 0 0 0.8 0 0.4 0 0.4 0 0 0 0 0 1.8 0 0 0.6000000000000001 0 0.4 0 0 0 0 0.6000000000000001 0 10.8 0 0 0 0 0 0 0 0 0 0 0 0 0 0.6000000000000001 0 0 0 1 3.6 1.8 1.8 6.800000000000001 4.800000000000001 2.6 3.2 6.4 0 5.2 8 5.800000000000001 0 0.2 2 6.800000000000001 8.6 1.8 0 0 1 0 0 4.4 0 2 0 0 0 0.2 0 0 2 0 0 10.4 0 0 0 0 0 0 0 0 0 0 0 0 0 0 0 0.2 0 0 0 0 0 0 0 0 2.8000000000000003 0 3.2 0 0 0 0 0 0 0 0 0 0 0 0 0 0 0 3.8000000000000003 3.4000000000000004 6.2 3.6 0 0.4 0.2 0 1.4000000000000001 0 0 1 0 1.2000000000000002 6.2 2 0 0 0.2 0 0 0 0.4 0 0 4.800000000000001 0 3.4000000000000004 0 0 0 8.6 0 0 0 0 0 9.200000000000001 0 0 0 0 0 0 0 0 0 0 0 0 0 0.2 0 0 1 0 0 2.8000000000000003 0 0 0 0 0 0 0 0 0 0 0 0 0 0 0 0 0 0 0 0 0 0 0 0 0 0 0.2 0.6000000000000001 0 0.6000000000000001 2.2 3.8000000000000003 0.6000000000000001 3.2 0 15 0 0 0 0 0 0 0 0 0 0 0 0 0 0 0 0 0 0 0 0 0.4 0 0 0 0 0 0 0 0 0 0 0 0 0 0 
 10.600000000000001 7 29.8 24.200000000000003 42.6 18.2 24.200000000000003 6.6000000000000005 39.6 47.800000000000004 105.60000000000001 25.6 8.200000000000001 6.6000000000000005 7.800000000000001 62 52 0 63 22.8 0.2 12.8 0.6000000000000001 0.4 0.4 0 15.4 15.600000000000001 0 0.2 0.4 0 15.4 0 0 0.2 0 0 36.800000000000004 15 0 0 0.8 0 0.4 0 0 0 0 0 0 0 1.6 0.4 0 0.8 0 0.4 0 0 0 0 0.6000000000000001 0 0.6000000000000001 0 0 0 0 0 0 0 0 0 0 0 0 0 0.2 0 2.4000000000000004 0 2.6 4.2 4.4 5 0 1.4000000000000001 7.2 0.8 4.2 0.2 0.2 0 0 3 3.4000000000000004 0 0.2 4.800000000000001 3 0 0 0 0 0 2 0 2.8000000000000003 0 0.2 0 7.800000000000001 0 0 0.8 0 0 0.4 1.6 0 0 0 0 0 0 0 0 0 0 0 1.6 0 0 0 0 0 0 0 0 0 0 0 0 0 0 0 0 0 0 0 0 0 0 0 0 0 0 0 0.4 2 0 3.8000000000000003 0 5.4 0 0 2.8000000000000003 0 4.4 2.6 0.2 3.6 4.4 0 1.8 5 0 0 0 2.6 2.8000000000000003 0 0.2 0 0 8.4 1.8 0.2 0 0 0 0.6000000000000001 3 0.2 0 0 4.2 5.800000000000001 0 0 0 0 0 0 0 0 0 0 0.2 0 0 0.4 0 0 0 0.2 0 0.2 0 0 0 0 0 0 0 0 0.2 0 0 0 0 0 0 0 0 0 0 0 0 0 0 0 0 0 0 0.4 0.2 17.2 0 0 1.6 0 0 0 0 0 0.2 0 0 0 0 0 0 0 0 0.2 0 0 0 0 0 0 0 0 0 0 0 0 0 0 0 0 0 0 0 0 1.2000000000000002 0 0 
 10.4 53.800000000000004 76.60000000000001 12 58.2 34.4 22.8 14 13.4 16.400000000000002 8.8 41 34.6 36.4 10.200000000000001 56 54.400000000000006 63 0 37 0.6000000000000001 0 1.2000000000000002 0.4 0.2 0 0 0.6000000000000001 0.2 0.2 0.4 0.6000000000000001 0.6000000000000001 0 0.4 0.6000000000000001 0.2 0 0.4 0.4 0.6000000000000001 0.2 1 0 0.4 0 0.4 1.4000000000000001 0.2 0 0 0 0.2 0 0.8 0 0 0.4 0 0 0 0 0.6000000000000001 0 0.6000000000000001 0 0 0 0 0 0 0 0 0 0 0 0.6000000000000001 0 0.6000000000000001 10.4 2.8000000000000003 0 0 0.2 0 0 0 2 0 0.4 0 4.4 12.8 4.4 6.6000000000000005 0 0 1.4000000000000001 9.600000000000001 0 0 0 0 0 0 0 0 0 0 0 8 0 0 0 0 0 0 0 0 0 0 0 0 0 0 0 0 0 0 0 0 0 0 0 0 0 0 0 0 0 0 0 0 0 0 0 0 0 0 0 0 0.4 0 0 0 0 0 0 0 0.4 4 6.6000000000000005 0 0 0 0 6.6000000000000005 2.2 0 0 0 0 0 5.6000000000000005 0 0 0 0.2 5.4 9.600000000000001 0 0.4 0 0 0 0 0 0 0.4 0 0 0 0.2 0 0 0 0 0 0 0 0 0.4 0 0 0 0 0 0 0 0 0 0 0 0 0 0 0.2 0 0 0 0 0 0 0 0 0 0 0.2 0 0 0 0 0.2 0 0 0 0 0 0 4.4 0 0 0 0 0 0 0 0 1.4000000000000001 0.2 3.2 1.4000000000000001 0 0 0 0 0 0 0 0 0 0 0 0 0 0 0 0 0 0 0 0 0 0 0 0 0 0 0 0 0 0 0 0 0 0 0 0 0 0 
 37.4 67.8 52.800000000000004 75 33.2 10.4 59.2 29.6 31.6 21.6 8.200000000000001 8.4 9 104.60000000000001 45 46.400000000000006 61.800000000000004 22.8 37 0 0 0 0.8 0.4 0 0 0.4 0 0 0.4 0.4 0 1.4000000000000001 15.4 0.2 0 0 0 0.4 0.4 0 0 0.4 0 0.4 0 0 8.4 0 0 0 0 0.6000000000000001 0 12.600000000000001 0 0 0.4 0 0.4 0 0 0.6000000000000001 0 0.6000000000000001 0 0 0 10.4 1 0 0.4 0 0 0 0 0 0 0.2 0 3 0.8 0.4 4.800000000000001 0 0 3.4000000000000004 5.2 2.8000000000000003 4 6 0 4 4.2 2.8000000000000003 3 2.2 2.4000000000000004 5.6000000000000005 0.4 0 0 0 0 0 0 0 0 0 0 3.8000000000000003 0 0 0 0 0 0 0 2.2 0 0 0 0 0 0 0 0 0 0 0 0 0 0 0 0.4 0 0 0 0 0 0 2 0 0 0 0 0 0 0 0 0 0 0 0 0 0 0 0 0 0 3.8000000000000003 0.4 0.8 7.4 0 0 3.8000000000000003 2.4000000000000004 0 0 2.6 0 5.2 7.6000000000000005 5.800000000000001 1.2000000000000002 3 0 0 6.6000000000000005 0 0 0.4 0.2 0 4.800000000000001 0 0 0 0 0 0 1.8 0 0 0 0 0 0 0 0 0 0 0 2 0 0 3 0 0 0 0 0 0 0 0 0 0 0 0 0 0 0 0 0 0 0 0 0 0 0 0 0 0 0 0 0.4 0 0 0 0 0 0 0 0 0.2 0 0 0.2 20.6 0 3.6 4.800000000000001 0 0 0 0 0 0 0 0 0 0 0 0 0 0 0 0 0 0 0 0 0 0 2.6 3.6 0 0 0 0 0 0 0 0 0 0 0 0 0 
 0 0 0 8.200000000000001 7.2 56.800000000000004 0 0 0 0 0.2 15 0 15.200000000000001 0 0.4 0.2 0.2 0.6000000000000001 0 0 27.200000000000003 27.200000000000003 26.6 6.4 7.4 56.6 70.4 70.2 38.800000000000004 16 10.4 25.6 62.400000000000006 19.200000000000003 22.400000000000002 16 45.6 68 23.8 0.4 0.8 0.6000000000000001 0 0.4 0.6000000000000001 0 0.2 0.8 0 0 0 0.4 0.6000000000000001 0 0 0.4 0.2 0.6000000000000001 0.4 0 0.4 0 0.6000000000000001 0.4 0 0 0 0.2 0 9.600000000000001 0 0 0.4 0.4 0 0.6000000000000001 0.6000000000000001 0.6000000000000001 0.4 0 0 2.8000000000000003 0 6 3.8000000000000003 0 0 0 0 0 0 0 0 0 0 0 0 0 0 0 1.8 0.2 0 0 0 0 1.2000000000000002 2 0 0 1.6 0 4.6000000000000005 6 2.2 0 5.4 5.2 5 0 0 0 0 0 0 0 0 0 0 0 0 0 0 0 0 0 0 0 2.2 0 0 0 0 0 0 0.4 0 0 0 0 0 0.6000000000000001 0 0.2 0 0 0 0.6000000000000001 0 0 0 0.4 0 0.6000000000000001 8.6 0 4.6000000000000005 1.4000000000000001 0 0 6.4 0 0 1.2000000000000002 0 0 0 0.4 0 0 2.2 0.2 0 2 0 8.8 2.2 3 6.800000000000001 0 1.6 2.8000000000000003 1.6 10.200000000000001 3.8000000000000003 4.800000000000001 3.8000000000000003 3.2 3 0 0 0 0 0 0.4 0 0 0 0 0 0 0 0 0 0 0 0 0 0 0 1 0.4 0.4 0 0 0 0 0 0 0 0 0 0 0 0 0.2 0 0.2 0 0 0 0 0 0 0 0.2 0 0.2 9.200000000000001 0 0 0 0 3.6 0.4 0.2 0 0 0 0 0.4 0 0 0 0 3.6 0 0 0 0 0 0 0 0 0 0 0.2 0 2.2 0 0 0 0 0 0 0 0 0 0 
 0.4 0.4 0 0 0 0 0.4 0.4 0.4 0 0.2 0 0 0 0 0 0.2 12.8 0 0 27.200000000000003 0 27.400000000000002 46.400000000000006 52 24.400000000000002 37.800000000000004 42.2 31 20.200000000000003 70.2 33.2 81 12.8 36.4 89.2 45.2 43.800000000000004 54.800000000000004 10.8 4.2 0.4 1.2000000000000002 0 0.4 0.6000000000000001 0.2 0.8 0.6000000000000001 0 0 0 0.4 0.2 0.8 0 0.2 1.4000000000000001 0.6000000000000001 0 0 0 0 0.6000000000000001 0 0 0 0.2 0.4 0.6000000000000001 0.4 0 0 0.4 0 0 0.2 0.6000000000000001 10.200000000000001 0 0 0 0 0 0 0 0.2 0 0 0 0.2 0 0 0 0 0 0 0 0 0 2.8000000000000003 6.800000000000001 1.2000000000000002 0 0 6.800000000000001 1.8 2.4000000000000004 3.8000000000000003 14.200000000000001 7.2 0.4 0 0.2 0 8.200000000000001 7.2 2.6 0 0 0 0 0 0 0 0 5.800000000000001 0 0 0 0 0 7.4 0 0 0 0 0 5.6000000000000005 2.6 3.8000000000000003 0 0 0 0.2 0 0 0 0 0 0 1.4000000000000001 0 0 0 0 0 0.6000000000000001 0.2 0 0.4 0 0 0 0 0 0 0 0 0 0 0 0 0 0 0 0 0 0 0.8 0.2 0 4.800000000000001 3.8000000000000003 0.2 0 2.6 2.4000000000000004 6.6000000000000005 1.8 6 2.6 0 0 0 3 1.4000000000000001 0 0 4.4 0.6000000000000001 1 0 0 0 0 2 0.4 0 0 0 0 1 0.2 0 0 0 0 0 4.4 0 0 0 1.6 0 0 0 0 0 0 0 0 0 0 0 0 0 0 0 0 0 0 0 0 0 0 0 0 0 0 0 0 0 0 3.2 0 0 15.600000000000001 15.4 0.4 0.4 1.6 0 0 0 0 0 0 0 0 0 0 0 0 0 0 0 0 0 0 0 3.4000000000000004 0 0 0 3 2.4000000000000004 0 0 0 
 0.6000000000000001 0.6000000000000001 0.6000000000000001 0.6000000000000001 1.6 30.8 7.4 1.2000000000000002 0.6000000000000001 0.8 1 1.2000000000000002 0.6000000000000001 0.6000000000000001 0.6000000000000001 0.6000000000000001 0.6000000000000001 0.6000000000000001 1.2000000000000002 0.8 27.200000000000003 27.400000000000002 0 32.800000000000004 24.8 8 16.8 70.8 28.400000000000002 58 103 72 54 42.800000000000004 62 31.400000000000002 12.600000000000001 115 26.200000000000003 11 0.4 0 0 0.2 0 0.6000000000000001 0 4.800000000000001 0 0 0.2 0 0 0.4 0 0 0 1 0.6000000000000001 14.8 0.2 0 0 0.6000000000000001 0 0 0 1 5.6000000000000005 0 0.4 0 0 0.8 0.2 0 10.200000000000001 0.6000000000000001 1.2000000000000002 0 0 0 0 0 0.2 0 0 0 0 0 0 0.2 0 0 0 0 0 0.2 0 1.8 0 5.800000000000001 9.8 3 7.800000000000001 0 0 3.2 0 0 8.8 0 2.2 2.2 0 1.2000000000000002 3.4000000000000004 4 2.2 1.8 1.4000000000000001 0 0 0 0 0 0 4 0 0 0 5.6000000000000005 0 0 2.4000000000000004 0.2 0 0 0 0 0 0 0 0 0 0 0 0 0 0 0 0 0 0 0 0.4 0 0 0.4 0 0 0 0 0 0 7.2 0 6 0 0 0 0 0 0 0.2 0 0 0 0 0 0.2 2.6 0 4.2 5 0 0 0 2 3.4000000000000004 4.4 0 0 6 4 6.2 1.4000000000000001 2.6 4 0 2 0 2.4000000000000004 0 0 0 0 0 0 0.4 0 0 0 0 0 0 0 0 0 0.2 0 0.4 0 0 0 0 0 0 0 0 0 0 0 0 0 0 0 0 3.2 0 0 0 0 0 0 0 0 0 0 0 0 0 0 0 1.4000000000000001 0 0.8 18.6 0 0 0.4 0.2 0 0 0 0 0 0 0 0 0 0 0 0 0 0 0 0 0 2.2 0 0 0 0 0 0 2.8000000000000003 0 0 0 
 0.4 0.4 0.4 0.4 0.4 0.6000000000000001 0.4 0.4 0.4 0.8 0.4 0.4 0.4 0.4 0.4 0.4 0.4 0.4 0.4 0.4 26.6 46.400000000000006 32.800000000000004 0 13.200000000000001 6.2 33.4 41.6 20.6 48.2 30 16 65 17.2 27.6 31.6 22.400000000000002 20.200000000000003 15.200000000000001 14.200000000000001 0.4 0 0.2 0 0 0.6000000000000001 13.200000000000001 0 0 0 0 0 12.4 0 19 0 0 0 0.6000000000000001 18.8 0 0 0 0.6000000000000001 0 0 0 0 0.6000000000000001 0 0.4 0 0 0.4 0 0 9.8 0.6000000000000001 1 0 0 0.4 0 0 0 0 0 0 0 0 0 0.4 0 0 0 0 0.2 0 0 0 0.2 0 9 0.2 5.4 2.8000000000000003 0 0 2.8000000000000003 1.8 0.2 9 0 2.6 2.2 0.2 4.4 1.6 0 0 0 0.2 0 0.2 0 0 0 0.2 0 1.4000000000000001 0 0 1.8 0 7.4 5.800000000000001 0 0.4 2.4000000000000004 4 0 0 0 0 0 0 0 0 0 0 0 0.8 0 0 0 0 0 0 0 0 0 0 0 0 0 0.6000000000000001 0 0 0 0 0 0 0 0 0 0 0 0 0 4.2 0 0 2 2.8000000000000003 0 2 2.8000000000000003 1.8 0.6000000000000001 0.8 1.8 8 0.2 0 0 0 2.4000000000000004 0.4 0 0.2 2.8000000000000003 0 1.8 0 0 0 4 2.6 1.8 0 0 0 5.4 0 1.2000000000000002 1.8 0 0 8.4 2.4000000000000004 0 0 0 0 0 0 0 0 6.2 0 0.4 0 0 0 0 0 3.2 0 0 0 0 0 0 0 0 0 0 0 0 0 0 0 0 0 3 0.2 0 6.800000000000001 1.6 0.4 0 1.4000000000000001 0 0 0 2.4000000000000004 0 0 0 0 0 0 0 0 0 0 0 0 0 0 0 0 0 0 5 0 0 0 0 0 
 0 0 6 0 0 0.8 4.2 0.6000000000000001 0 0 0 15 0 0 0 1.6 0 0.4 0.2 0 6.4 52 24.8 13.200000000000001 0 62.2 9.600000000000001 37.800000000000004 37.6 81.4 32.4 42 13.8 17 37.2 39 41.6 16.2 56 22.6 0.4 0 0.4 0 0 0.8 0 0 0 0 0.2 0.2 0 0.4 0.2 0 1.2000000000000002 0 5 0.2 0 0 0 0.6000000000000001 0 0 0 1 0 0 0.6000000000000001 0 0 0.4 0 0 0.2 0.6000000000000001 0.6000000000000001 0 0 0 0 0.2 0 0 0 0 0 0.4 0 0 0 0 0 0 0 0 0 1.4000000000000001 0 3.4000000000000004 0.4 2.2 1.4000000000000001 2.4000000000000004 0.2 2.2 1.6 0.8 5.6000000000000005 5.800000000000001 1.6 0 0 2.2 2 2.2 0 0 0 3.2 0 0.2 0 0 4.4 3.4000000000000004 0 0 2.8000000000000003 3.2 2.8000000000000003 0 2.6 0 0 0 2.6 4.800000000000001 0 0 0 1.8 0 0.2 0 0 0 2.2 0 0 0 0 0 0.4 0 0 0 0 0 0 0 0 0 0 0 0 0 0 0 0.2 0 0 0.6000000000000001 0 0 0 0 0 0 0 8.4 5.4 8 4.800000000000001 0 3.4000000000000004 4.4 0 0 2.2 0 0 1.8 6.2 0 1.8 0 0 3.4000000000000004 4.6000000000000005 3.6 0 0 2 0.2 0 3.2 2 0 0 4 0 1.8 0 3.2 3.2 0.6000000000000001 1.6 0 0 0 0 0 0 0 0 0 0 0 0 0 0 0 0 0 0 0 0 0 0 0 0 0 0 0 0 0 0 0 0 0 0.2 3 0 0 9.8 8.4 0 2.8000000000000003 0 0 0 0 0 0 0 0 0 0 0 0 0 0 0 0 0 0 0 0 0 0 0 0 4.4 2.4000000000000004 0 0 0 
 0 0 0 0 0 0 0 0 0 0 0 0 0 0 0 0 0.2 0 0 0 7.4 24.400000000000002 8 6.2 62.2 0 52 15.8 44.2 16.400000000000002 36.4 7 12.4 8.6 34.2 26 37 14 13.200000000000001 55 12.8 0.4 0.2 0 0 0.6000000000000001 21 0 0 0.4 0 0 0.8 0 0 4.6000000000000005 43.400000000000006 13.600000000000001 24.6 0 0 0 0 0.8 0.4 0.6000000000000001 0 0.2 0.4 0 0.4 0.2 0 0.4 0 0 0.2 0.6000000000000001 0.6000000000000001 0.2 0 0 0 0 0 0 0 0 0 0 0 0 0 0 3.6 0 0.4 3.8000000000000003 0 0 0 3.8000000000000003 0 0.4 2.2 3.6 0 2.8000000000000003 6.6000000000000005 2 5.4 0 0 0 0.2 2.6 0.4 0 0 0 0.4 4.4 0.2 0 0 0 2.2 0.4 0 3.6 0 0.2 11.600000000000001 7.2 0.6000000000000001 12.200000000000001 5.4 0.2 13 2.8000000000000003 0 0 0 1.2000000000000002 0 0 0 0 0 0 0 0 0 0 0 0 1 0 0 0 1.2000000000000002 0 0 0 0 0.6000000000000001 0 0 0 0 0 0 0 0 0 0 0 0 0 0 0 0 3.8000000000000003 3.6 3.2 3 0 3.6 5.6000000000000005 0 1.8 4 0.4 0 0 1 0.2 0.2 0 0 1.8 0.2 0.2 0 0 0 3.4000000000000004 0 0 2.2 0 0 2.4000000000000004 5.6000000000000005 3.4000000000000004 0 0 0 2.2 2.2 0 0 0 0 0 0 0 0 0.4 0 0 0 0 0 0 0 0 0 0 0 0 0 0 0 0 0 0 0 0 0 0 0 0 0.4 3 0 1.6 29.8 15 0.6000000000000001 0.6000000000000001 1.6 0 0.2 0 3 0 0 0 0 0 0 0 0 0 0 0 0 0 0 0 0 0 0 0 2.6 2.4000000000000004 0 0 0 
 0.4 0 0 4.800000000000001 15.4 20.6 0 0 0 14.600000000000001 26.200000000000003 5.4 0 0.4 0.4 2.6 0 15.4 0 0.4 56.6 37.800000000000004 16.8 33.4 9.600000000000001 52 0 25.8 43.800000000000004 9 22.6 11.200000000000001 60.800000000000004 59.800000000000004 26.400000000000002 7.4 7.4 7.2 26.200000000000003 26.400000000000002 0.4 0 0 0 0 0.6000000000000001 0 0 0 0 0 0 0.2 0.2 0 0 0 0.8 41 0 0.2 0 0 0.6000000000000001 0 0 0 0 0.6000000000000001 0 1.2000000000000002 0 0 0.4 0 0 0 0.6000000000000001 0.6000000000000001 1 0 0 0 2.8000000000000003 7.800000000000001 6.2 0 0.2 0 0 0 3.4000000000000004 0 0 0 0 0 2.8000000000000003 0 0 5 1.6 0 0 0 0 5.4 6.2 0 0 0.2 2.8000000000000003 2.2 0.8 7.4 0.2 2.6 4.800000000000001 2.4000000000000004 4.4 0 0 0 0 0 0 0 0 0 0 0 0 0.2 0 0.2 0 0 0 0 0 0 0 0.2 0 0 0 0 0 0 0 0 0 0 0 0.2 0 0 0 0 0 0 0 0 2.4000000000000004 5.6000000000000005 1.8 0 0 1 0 0 5.4 0 0 0 0 0 2.6 0 0 4.6000000000000005 4.4 0 0 0 0 4.2 2.2 2 0.2 0 1.6 2.4000000000000004 3.4000000000000004 8 4.2 2.6 5.6000000000000005 0.2 0 0 0 0 0 0 0 0 0 0 0 0 0 0 0.2 0 0 0 0 0 0 0 0 0 0 0 0 0 0 0 0 0 0 0 0 0 0 0 0 0 0 0 0 0.4 0 0 0 15 0 5.2 14.8 0 0 0 0 1 0 0 0 0 0 0.2 0 0 0 0 0 0 0 0 0 0 0 0 0 0 0 0 1.6 0 0 0 2.6 0 0 0 0 0 0 0 0 
 0.6000000000000001 0 0.4 12.200000000000001 16.2 0.8 0 0.6000000000000001 0 0 5.800000000000001 0 0 0 1.8 1.8 0 15.600000000000001 0.6000000000000001 0 70.4 42.2 70.8 41.6 37.800000000000004 15.8 25.8 0 51.400000000000006 84.80000000000001 45.800000000000004 38 26.8 31 16 27.6 27.200000000000003 22.8 34 12.600000000000001 0.4 0 0.4 14.8 0 0.6000000000000001 0 0.6000000000000001 0 1.8 0.2 0 0 0.4 0 0 0 0 0.6000000000000001 0 0 0 0 0.6000000000000001 0.6000000000000001 0 0 1.8 0 0.4 1.2000000000000002 0 0 0.4 0 0 0 0.6000000000000001 0.8 1.4000000000000001 0 0 4 0 0.4 2.6 0.2 0 0 0 0.2 0 0 0 0 0 0 3.2 0 0 4.800000000000001 1.6 2.4000000000000004 0 6 5 0 0 2.2 1.8 6.800000000000001 5.2 2.2 0.2 0 5 2 2.2 2.2 0 0 0 0 0 0 0 1 1.2000000000000002 0 0 0 3 2 0 0 0 0 0 3.8000000000000003 1.8 0 0 0 0 0 0 0 0 0 0 0 1.4000000000000001 0 0.4 0 0 0 0 0.2 0 0.4 0 0 0 4 0 0 1.4000000000000001 0 0 0 4.6000000000000005 0 0 0.8 0 0 0 0 0 2.4000000000000004 3.8000000000000003 2.6 2.4000000000000004 2.2 3.4000000000000004 6.800000000000001 0.2 3.6 0 7 6 0 0 0 3 0 6 0 5.4 0 0 0 0 0 0 0 0.4 0 0 0 0 0.2 0 0 1.2000000000000002 0 0 0 3 0 0 0 0 0 0 0 0 0 0 0 0 0 0 0 0 0 0 0 0 0 0 0 0 0 0 0 0 12.200000000000001 0 0 0 0 0 1.6 0 0 15.4 0 0.4 1.8 1.2000000000000002 0 0 0 0 0 0 0 0 0 0 0 0 0 0 0 0 0 0 0 2.2 0 0 0 0 1.6 0 0 0 
 0.6000000000000001 0 0 14.8 0 16.400000000000002 0 0 0 0 14.8 14.8 0 0 0 0 0 0 0.2 0 70.2 31 28.400000000000002 20.6 37.6 44.2 43.800000000000004 51.400000000000006 0 31.200000000000003 5.6000000000000005 4.2 31.8 45.6 37 12 51.6 6.6000000000000005 19.6 13.8 0.4 0 0.4 0.6000000000000001 0.6000000000000001 0.6000000000000001 0.6000000000000001 0.8 0 0 0 0 0.6000000000000001 0.2 0.2 0.6000000000000001 0.8 0 9.600000000000001 0.6000000000000001 0 0.8 0 0.6000000000000001 0.8 0 0 0.6000000000000001 0.4 0 0.4 0 0 0.4 0.8 0 1 0.6000000000000001 0.6000000000000001 0.8 0 0 0 0 0 1.4000000000000001 0 0 0 0 0 0 0 0 0 0 3.8000000000000003 0 0 0 2 1.8 0 6.2 0 3.2 2.2 3.6 5.4 2 2 4.6000000000000005 2 2.2 2.8000000000000003 2.4000000000000004 2.2 3 2.2 0 0 0 0 0 0 0 0 0 0 0 0 0 3 0.2 0 0 7 0 0.2 3.2 0 0 0 2 0 0 0 0 0 0 0 0 0 0 0 0 0.2 0 0 0 0 0 0 0 1.4000000000000001 0 0 0 0 0 0 2.2 0 0 0 0 1.8 0 0 0.8 0.4 4 10.200000000000001 1.4000000000000001 1.8 0 0 2.4000000000000004 4.4 1.8 0.8 6.4 0 0 0 3.4000000000000004 0 0 0 2.4000000000000004 2.2 1 0 0 1.4000000000000001 0 0 0 0 0 0 0 0 0 0.2 0 0 0 0 1.4000000000000001 0 0 0 0 0 0 0 0 0 0 0 0 0 0 0 0 0 0 0 0 0 0 0 0 0 0 0 0 17.8 0 0 0 0 0 1.4000000000000001 0 0 15.4 14.8 0 0 0 0 0 0 0 0 0 0 0 0 0 0 0 0 0 0 0 0 0 0 13 0 0 0 0 2.8000000000000003 0 0 0 
 0.2 0.4 0 0.6000000000000001 0.4 15.200000000000001 0.6000000000000001 0 0.2 0.2 0.6000000000000001 4.800000000000001 0.4 0.4 0.4 0.2 0 0.2 0.2 0.4 38.800000000000004 20.200000000000003 58 48.2 81.4 16.400000000000002 9 84.80000000000001 31.200000000000003 0 76.2 34.6 7.6000000000000005 13.200000000000001 148.6 87.60000000000001 9.200000000000001 45.6 18.6 37 13.4 0 0.2 0 0 0.6000000000000001 0 0 11.200000000000001 0 0 0 41.400000000000006 0.6000000000000001 0.4 0 0 0 18.400000000000002 0 0 0 0 0.6000000000000001 0 0 0 0 0.2 0 0.4 0 10.200000000000001 0.4 0 0 0 0.6000000000000001 1.2000000000000002 0.2 0.2 0 0 0 0 0 0 0 0 0.4 0 0 0 0 0 0 0 0 0 0 0 2.2 4.2 3 0.2 2.2 0.2 1.8 5.4 8.200000000000001 0.2 1.4000000000000001 0.2 0 0 0 0.2 3 0 0 6.4 0 0 0 0 0 0 0 0 2 0 0 5 1.6 0 0 2.2 0 0 8.6 0 0 0 3.2 0 0.2 0 0 0 0 0 0 0 0 0 0 0.4 0.4 0 0 0 0 0 0 0 0 0 0 0 0 0 0 0 0 0.6000000000000001 0 0 0 0 0 6 1.8 3 0 7.2 2.6 3.8000000000000003 0.2 3 2.8000000000000003 5 2 0 0 0 0 3.2 2.4000000000000004 0 4 1.6 0 0 0 0 0 9.200000000000001 0 0.4 0 0 1.6 2.4000000000000004 0.2 0 0 0 0 0 4.2 0 0 0 0 0 0 0 0 0 0 0 0 0 0 0 0 0 0 0 0 0 0 0.2 0 0 0 0 0 0 0 0 0 0 0 1.4000000000000001 0 0 34.800000000000004 0.4 0.4 2.2 0 0 0 0 0 3.6 0 0 0 0 0 0 0 0 0 0 0 0 0 0 0 0 3.4000000000000004 0.4 3.6 0 0 0 0 
 0.4 0.4 0.4 0.4 0.4 0.8 0.4 0.4 0.4 0.4 0.6000000000000001 0.6000000000000001 0.4 0.4 0.8 0.4 0.4 0.4 0.4 0.4 16 70.2 103 30 32.4 36.4 22.6 45.800000000000004 5.6000000000000005 76.2 0 23.400000000000002 53.400000000000006 21 85.60000000000001 78 98.4 29.6 53.2 96.60000000000001 13.4 0 0.2 0 0 0.6000000000000001 0 0.8 0 0 0 0 0 15.600000000000001 0 0 0 0 0.8 0 0 0 0 0.6000000000000001 0 0 0 0 0.4 6 0.4 0 0 0.4 0 0 0 0.8 0.6000000000000001 0 0 0 0 0 0 0 0 0 0 0 0 0 0 0 0 0 1.4000000000000001 0 0 0 0.2 4.6000000000000005 0.4 0.2 14 1.2000000000000002 0 3 3.2 2.6 6.4 4.6000000000000005 0.2 3 0.2 5 4.2 6.800000000000001 0 0 0 0 2.4000000000000004 0 0 0 2.2 0 0 2.4000000000000004 0 0.2 0 4 0 0 3 0.2 4.2 3.4000000000000004 0 0 0 0 0 0 0 0 0 0 0.4 0 0 0 0 0.2 0.2 0 0 0 0 0 0 0 0 2.8000000000000003 0 2.2 0 0 0 0 0 0 1 2 4.2 0 0 0 2.2 1.8 8.200000000000001 11.600000000000001 2.8000000000000003 0 0 3.2 9 0 5.6000000000000005 4.6000000000000005 0 0 1.8 1.4000000000000001 0 2.2 0 2.6 5.6000000000000005 6.800000000000001 0 0 0 0 0 2 9.8 0.2 0 0 2 0 2 0 0 0 0 1.8 0 0.2 0 0 0 0 0 0 0 0 0 0 0.4 1.6 0 0 0 0 0 0 0 0 0 0 0 0 0 0 0 0 0 0 0 0 2.6 0 0.6000000000000001 0.8 0 0 2.8000000000000003 0.2 0 0 0 0 0 0 0 0 0 0 0 2.8000000000000003 0 0 0 0 0 0 0 0 0 0 0 2.6 2.8000000000000003 0 0 0 
 0 0 0 0 0 0.6000000000000001 0.2 0.4 0 0 0 0 0 0 1 0 0 0 0.6000000000000001 0 10.4 33.2 72 16 42 7 11.200000000000001 38 4.2 34.6 23.400000000000002 0 82.2 5.2 66.4 20.200000000000003 38.800000000000004 43.6 6.4 22.6 0.4 0 0.4 1.4000000000000001 0 0.6000000000000001 12.8 0.4 0 0 0.2 0 0 0.2 0 0 0 0.6000000000000001 0.6000000000000001 0 0 0 0 0.6000000000000001 0 0 0 0 0 0 0.6000000000000001 0 0 0.4 0 0 0 0.6000000000000001 0.6000000000000001 0 0 0 0 0 0 0 0 0 0 0 0 0 0 0 0 0 0 0 0 0 0 6.4 10.600000000000001 1.8 3.6 12.8 0 3.4000000000000004 2.6 1.8 0.2 3.8000000000000003 0 2 0 2.4000000000000004 0.2 6.6000000000000005 0 0 1.6 0 6 0 0 0 1.6 0 0 4.6000000000000005 0 2 4 4 1.4000000000000001 3.6 4.800000000000001 0 2.4000000000000004 3.2 0 0 0 0 0 0 0 0 0 0 0 4.4 0 0 0 0 0 0 0 0 0 0 0 0 0 0 0 4.800000000000001 0 0 0 0 0 0 1 0 0 0 0 0.2 2 0 3.4000000000000004 8.4 2 8.200000000000001 2.8000000000000003 2.6 11.8 1.8 4.800000000000001 2.6 0 0.6000000000000001 3.6 2.8000000000000003 3 2.2 0 2.8000000000000003 0 0 0 0 0 0 8.4 0 0 0 0.4 0 4.800000000000001 0 2.2 0 0 0 5.2 8.6 0 0 0 0 0 0 0 0 0 0 0 0.4 0 0.2 0 0 3.4000000000000004 0 0 0 0 0 3.8000000000000003 0 0 0 0 0 0 0 0 0 0 0 0.8 0 0.4 0 0.4 0 1.4000000000000001 2.8000000000000003 0 0 0 0 0 0 0 0 0 0 5.2 0 0 0 0 0 0 0.8 0 0 0 0 0 0 0 0 0 0 
