 0 47 32.6 30.400000000000002 38.400000000000006 27.8 33 25.6 89.80000000000001 16.400000000000002 40.400000000000006 26.200000000000003 47.6 79 43.800000000000004 6 5.800000000000001 24.400000000000002 10 8 0 0 0 0.4 0 0 41 0.6000000000000001 0.6000000000000001 0 0.6000000000000001 0 0 0.6000000000000001 0.4 0 0 0 0.2 0 0 0 0 0 0 0 0 0.6000000000000001 0.4 0 0 0 0 0 0.6000000000000001 0 0.6000000000000001 0 0 0 0 0 0 0 0.4 0.2 0 0 0 0 0.4 0 0.6000000000000001 0.6000000000000001 0.4 0 7.800000000000001 0 0 0 6.6000000000000005 0 5.800000000000001 3.2 3 4.2 4 3.8000000000000003 0 0 2.8000000000000003 0.2 0.2 2.4000000000000004 6.4 10.4 3.6 1 4.800000000000001 0 0 0 0 0.2 0 0 0 0 0 0 0 0 0 0 0 0 0 0.4 3 2 0 0.4 0 0 0 0 0 0 0 0 0 0 0 0 0 0 0 0 0 0 0 0 1.2000000000000002 0.4 0 0 0 0 3.2 0 0 0 0 0.2 0 0 0 0 0 0 4.800000000000001 0 2 4.4 0 0.2 7.6000000000000005 3.2 6.6000000000000005 0 2.6 11.8 5.800000000000001 0 0.2 3.6 2.4000000000000004 0.6000000000000001 1.8 0.2 3.6 1.6 0 0 0 0 0 3.2 0 0 0.4 0 2.8000000000000003 0 0.4 0 0 0 0.4 0 0 0 0 0 0 0.2 0 0 0 0 0 0 0 0.2 0 0 0 0 0 0 0 0 0 0 0 0 0 0 0 0 0 0 0 0 0 0 0 0 0 0 0 0 0 0 0 0 0.2 0 0 0.6000000000000001 0 32.2 0 0 0 0 0 0 0 0 0 0 2.2 0 0 0 0 0 0 0 0 0 0 0 0 0 0 2 0 0 0 0 0 0 0 0 0 0 0 0 
 47 0 85.4 11.600000000000001 69.2 9.200000000000001 77.4 91.2 28.8 46.800000000000004 22 25.200000000000003 13.200000000000001 28.8 10.4 51.800000000000004 8.200000000000001 79.80000000000001 27.400000000000002 9.8 0 0 0.2 0.4 0.4 0.2 0.6000000000000001 0.6000000000000001 0.8 0.4 1 0.4 29.8 0 0.4 0 0.4 0 0 0.4 0 0 0.6000000000000001 0.4 0.2 0.6000000000000001 0.4 1.2000000000000002 0.4 0.4 0 0 0 0 0.6000000000000001 0.4 0.6000000000000001 0 0.8 0.8 0.4 0 0.4 0 0.4 0.2 0.4 0 0.4 0.2 0.4 0.2 0.6000000000000001 1 0.8 0.4 0 0 0 0.6000000000000001 4.800000000000001 7.6000000000000005 4.6000000000000005 4.2 4.800000000000001 3 0 1 3.4000000000000004 4.6000000000000005 5.2 8.8 3.6 4 3.6 9.8 0.4 3.6 0.2 2.4000000000000004 0 2.2 0 0 0 0 0 0 1.2000000000000002 0 0 0 0 0 0.4 0 0 0 4.800000000000001 4 0 0 0 3.2 0.4 0 0 0 0 0 0 0 0 0 0 0 0 0.2 0 0 0.4 0 0 0 0 0.8 0 0 0 0 0 1.4000000000000001 0 0 0 0 0.2 0 0 0 0 3.6 2.2 0 0.2 0 1.8 4 3 3.6 0 0.2 4.800000000000001 0.2 2 3 6.6000000000000005 3.4000000000000004 0 5.4 2.2 0 0 0 0 0 0 0 0 0 0 0 0.4 0 0 0 0 0 0 0 0 2.2 0 0 0 0 0 0 0 0 0 0 0 8.200000000000001 0 0 0.2 0 0 0 0 0 0 0 0 0 0 0 0 0.4 0.4 0 0 0 0 0 0 0 0 0 0 0 0 0 0 0.2 0 0.4 0 0 3.8000000000000003 3.2 0 0 0 0 0 0 0 0 0 0 0 0 0 0 0 0 0 0 0 0 0 0 0 0.2 0 0 0 0 0 0 0 0 0 0 0 0 0 0 
 32.6 85.4 0 88.2 56.6 112 78.2 18.6 39.400000000000006 69 9.4 25.6 56.400000000000006 10.8 83 30.8 45.800000000000004 30.8 7 54.6 0 0 0 0.4 0 0.4 16.2 0.6000000000000001 1.2000000000000002 0.4 1 0.4 0.6000000000000001 0.4 0.4 0 0 0.2 0.4 4.4 1 0 1 0 0.6000000000000001 0.6000000000000001 12.4 1 0.4 0.2 0.6000000000000001 0.6000000000000001 0 0 0.6000000000000001 0 0.6000000000000001 0.4 0 0 0 0 0 0 1 0.4 0.2 0 0 0 0.8 0 0.6000000000000001 0.6000000000000001 0.4 0 0.4 0.4 0 0 3.2 5.800000000000001 0 4 4.6000000000000005 0 2.2 5 0 12 0.8 4 8.200000000000001 8.4 0.2 0 4.800000000000001 0.2 6.800000000000001 4.2 0 4.2 0 0 1 0 0.8 0 0 0 0 0 0 4 0 0 0 0 0 0 0 2.8000000000000003 0 0 0.2 0 0 0 0 2.8000000000000003 0 0 0.4 0 0 0 0.4 0 0 0 0.6000000000000001 0.2 0 0 0 0 0 0 0 0 0 0 0 0.6000000000000001 0 0 0 0.2 0 0 0 2.2 2.2 0 2.2 2.6 0 3.8000000000000003 1.2000000000000002 7 2.2 2.2 2.4000000000000004 1.8 2.4000000000000004 2.8000000000000003 4.2 6 0 2 0 0 0 0 0 0 0.4 0 1.8 0 0 0 0 0 1.8 0 0 0 0 0.2 0 2.4000000000000004 0 0 0 0 0 0 0 0 0 0 0 0 0 4 0 0 0 0 0 0 0 0 0 0 0 0 5 0 0 0 0 0 0 0.2 0 0 0 0 0 2.2 0 0 0 0.4 18.2 0.4 0.4 0.2 0 1.2000000000000002 0 0.2 0 0 0 0 0 0 0 0 0 0 0 0 0 0 0 0 0 0 0 0 0 0 4 1.6 0 0 0 0 0 0 0 0 0 0 0 0 
 30.400000000000002 11.600000000000001 88.2 0 54.2 19 19.200000000000003 12.200000000000001 20.400000000000002 53.2 27.6 27.8 22.6 19.200000000000003 42.800000000000004 57.2 11.200000000000001 38 55.800000000000004 35.4 22.6 0 0 0.8 1.8 0 5.800000000000001 0.6000000000000001 0.6000000000000001 0.4 0.6000000000000001 0 0.4 0.2 0.4 0 0 0 0.2 15.600000000000001 0 0 0 0 0 0 0 0.6000000000000001 0.4 0 0 0 0 0 0.6000000000000001 0 0.6000000000000001 0 0 0 0.6000000000000001 0 0 0 0.4 0.4 0 0 0 0 0.4 0 0.6000000000000001 0.6000000000000001 0.4 0 0 0 0 0 3 2.8000000000000003 2 5.6000000000000005 5.800000000000001 2.8000000000000003 2.6 3.2 0.2 8.200000000000001 5.6000000000000005 4.6000000000000005 3.4000000000000004 6.6000000000000005 5 4.6000000000000005 8.4 4.6000000000000005 0 6 0 0 0 0 0 0 3.8000000000000003 0 0 0 0 0 0 0 0.2 0 0 0 2.6 0 0 0 0 0 0 0 0 0 0 0 0 0 0 0 0 0 0 0 1.6 1.8 0 0 2.2 0 0.2 0 0 0 0 0 0 0 0 0 0 0 0 0 0 0 0 0 0.2 6.4 0.6000000000000001 0 0 0 2.6 1.8 1 0 3.4000000000000004 2 8.200000000000001 0 0.6000000000000001 5.800000000000001 0 0 0 0 0 0 0 0 0 0 0 0.2 0 0 2.6 0 6.6000000000000005 0.2 0 0 0 5.6000000000000005 0 0 0 0 0 0 0 0 0 0 0 0 0 0 0 0 0 0 0 0 0 0 0 0 0 0 0 0 0 0 0 3.6 0 0 0 0 0 0 0 0 0 3.4000000000000004 0 0 0 0.4 0.2 0.2 0.8 0 0 3 0 0 0 0 0 0 0 0 0 0 0 0 0 0 0 0 0 0 0 0 0 0 0 2 6.800000000000001 0 0 0 0 0 0 0 0 0 0 0 0 0 
 38.400000000000006 69.2 56.6 54.2 0 63 9.4 40.400000000000006 19 15.8 34.4 64.60000000000001 31 34.800000000000004 78.4 49.800000000000004 73.2 28 11.4 34 0 1 0 0.6000000000000001 0 0 15.4 0.6000000000000001 0.6000000000000001 0 0.4 0 14.8 0 0.4 0 0 0 0 5 0 0.4 0 0.4 0 0 0 0.6000000000000001 0.4 0 0.8 0 0 0 0.6000000000000001 0 0.6000000000000001 0 0 0 0.6000000000000001 0 0 0 0.4 0.4 0 0 0 0 0.6000000000000001 0 0.4 0.6000000000000001 0.4 0 0 1.6 0 0 8.200000000000001 0 4.800000000000001 6.2 4.2 4.6000000000000005 0.4 4 0.2 1.4000000000000001 3.4000000000000004 8.6 0 1 7.6000000000000005 7.6000000000000005 11.8 7.800000000000001 0 3 0 4 0.2 0 0 0 1.2000000000000002 0 1.2000000000000002 0 0 0 0 3.8000000000000003 0 0 0 0 1.4000000000000001 3.8000000000000003 0 0 0 0.2 0.2 0 0 0 0 0 0 0 0 0 0.2 0 0 0.4 0 0 0.2 0 0.4 0 0 0 0 0 0 0 0 7.4 0 0 0 0 0.4 0 0 0 0 0.2 3.2 4.800000000000001 5.4 0 0 0 1.6 3.2 2 0 0 0 3.2 0 2 2.6 0 0 2 0 0 0 0.2 0 0 0 2.6 0 0 0 3 0 1.8 0 0 0 0 2.6 0 0 0 0 0 0 0 0 0 0 0 0 0 0 2.6 0 0.4 0 0 0 0 0 0 0 0 0 0 0 0 0.2 0 0 0 0 2.6 0 0 0 0 0 0 3.2 0 0 0 0.4 0.6000000000000001 0 0.4 0.2 1.8 0.4 0 0 0 0 0 0 0 0 0.4 0 0 0 0 0 0 0 0 0 0 0 0 0 0 1.4000000000000001 0.4 0 0 0 0 0 0 0 0 0 0 0 0 0 
 27.8 9.200000000000001 112 19 63 0 5 8.6 52.2 36.4 62.2 30.200000000000003 7.2 26 63.2 22 12 7.2 10.200000000000001 12.600000000000001 16.400000000000002 0 0 0.2 0 0 0.8 0.8 0.6000000000000001 0 1 0 15 0.2 0.4 0 0 0.4 0 14.8 0 0 0 0.2 0.4 0 0 0.6000000000000001 0.4 0.2 0 0 0 0 0.6000000000000001 0 0.6000000000000001 0.2 0 0 2.8000000000000003 2 0 0 0.4 0 0 2 0 0 0.4 0.2 1 0.6000000000000001 2.8000000000000003 0.6000000000000001 1.2000000000000002 0 1 0 1.2000000000000002 0 0 2 12 2.8000000000000003 0 0.2 0.2 2.2 6 6 0 3.8000000000000003 2.2 4.6000000000000005 5.2 2 0 0 0 0 0 0 0 0 1.8 1.6 0 1.8 0 7.4 3 0 0.2 2.6 2.4000000000000004 2.8000000000000003 2.4000000000000004 6.800000000000001 0 0 0 0 0 0 0 0 0 0 0 0 0 0 0 0 0 0 0 0 0 0 0 0 0 0 0 0 0 0 0.6000000000000001 0 0 0 0 0 0.4 0 0 0 0 1.4000000000000001 7 4.2 0.8 0 4.4 0 0 0 1.4000000000000001 0.4 0 0 7.2 0 0.6000000000000001 5.6000000000000005 0 0 5.4 0 0 0 0 0 2.2 2.6 0 0.2 5.2 0 0.2 2.2 1.2000000000000002 0.2 0 2.2 3.8000000000000003 4.800000000000001 0 0 0 0 0 0 2 0 0 0 0 0 0 0 0 0 0 0 0 0 0 0 0 0 0 0 0 0 0 0.2 0 0 0 0 0 0 0 0 0 0 0 3 0 0 0 1 0.2 0 0.4 1 0 3 0.2 0 0 0 0 0 0 0 0 0 0 0 0 0 0 0 0 0 0 0 0 0 0 2 0 0 0 0 0 0 0 0 0 0 0 0 0 0 
 33 77.4 78.2 19.200000000000003 9.4 5 0 58 50.2 9.200000000000001 24 49.2 100.4 17.8 10.600000000000001 34.4 27 7.6000000000000005 47.6 65 0.4 0 0 0.8 0 0 0.6000000000000001 0.6000000000000001 21.400000000000002 0.4 0.6000000000000001 0 0 0.6000000000000001 0.4 0 0 0 0 0 0 0 0 0 0 0 0 0.6000000000000001 0.4 0.4 0 0 0 0.8 0.6000000000000001 0 1 0 0 0 0 0 0 0 0.4 8.6 0 0 0 0 0.4 0 0.6000000000000001 0.6000000000000001 0.4 0.4 0 0 0 0 2.8000000000000003 2.4000000000000004 3.2 0 0 0 1.6 0 0.2 0 0 0 10 9.200000000000001 4 0 2 2.2 3.8000000000000003 5.6000000000000005 0 0 0 0 0 0 0 0 0 0 0 0 0 0 0 0 0 0 0 0 0 0 0 0 0 0 0 0 0 0 0 0 0 0 0 0 0 0 0 0 0 0 0 0 0 0 0 0 0 0 0 2 0 0 0 0 0.8 0 0.4 0 0 1.8 0 2.2 0 2 0 1.8 0.2 6 0 0 0.4 4.6000000000000005 5.800000000000001 2 5.4 2.6 5.6000000000000005 6.6000000000000005 0 0.4 0 0 0 0 0 0 0 0 0 0 0 0 0 0 0 0 0 0.2 0.4 2 0 0 0 0 0 0 0.4 0 0 0 0.4 0 0 0 0 0 0 0 0 0.4 0 0 0 0 0 0 0 0 0 0 0 0 0 0 0 0 2.6 0 0 0 0 0 0 0.6000000000000001 0.4 0.2 0 9.200000000000001 0 2 0 0 0 0 0 0 0 0 0 0 0 0 0 12.4 0 0 0 0.2 0 0 0 0 0 0 0 0 0 0 0 0 0 0 0 0 0 0 0 0 
 25.6 91.2 18.6 12.200000000000001 40.400000000000006 8.6 58 0 100.60000000000001 24.8 12.600000000000001 23.6 40.800000000000004 38.400000000000006 12.8 19.6 25.8 50.400000000000006 57 26.8 0 1 0 0.4 0.4 0.2 0.6000000000000001 0.6000000000000001 0.6000000000000001 0 1 0 29.8 0 1 0 0 1.2000000000000002 0.2 0 0 0.6000000000000001 0 0 0 0 0 0.6000000000000001 0.4 0 0.6000000000000001 0 0 0 0.6000000000000001 0.4 0.6000000000000001 0 0 0 0 0 0 0.4 0.4 0 0.4 0 0 0.6000000000000001 0.4 0 0.6000000000000001 0.6000000000000001 0.4 0.4 0 0 0.6000000000000001 0 2.6 0 10.8 2.2 2.2 2.6 0 3 3 1.4000000000000001 4.2 3 1.6 2.6 2.6 4.6000000000000005 0 7.4 7.4 2.2 0 7.6000000000000005 0 0 0 0 0 0 0 0 0.4 0 0.2 0 0 0 0 0 0.6000000000000001 3 0 0 0 0 0 0 0 0 0 0 0 0 0 0 0 1.6 0 0 0 0 0 0 0 0 0 0.4 0 0 0 0 0 0 0 0 0 0 1 0 0 0 1.4000000000000001 3.2 0 0 0.4 0 0 4.800000000000001 0.2 6.2 0 0 1.6 1.4000000000000001 1.2000000000000002 3.2 1.6 0.4 0.2 4 2 0 0 0 0 0 0.4 0 0 0 0 0 0 0 0 0 0 0 0 0 0 1.8 0 0 2 0 0 0 0 0 0 0 0 0 0 0.4 0 0 0 0.2 0 0 0 0 0 0.2 0 0 0 0 0 0 0 0 0 0 0 0 0 0 0 0 0 0 0 0.4 0 0 0.4 0.4 2.8000000000000003 2.2 0 0 0 0 0 0 0 0 0 0 4.800000000000001 0 0 0 0 0 0 0 0 0 0 0 0 0 0 0 0 0 0 0 0 0 0 0 0 0 0 0 
 89.80000000000001 28.8 39.400000000000006 20.400000000000002 19 52.2 50.2 100.60000000000001 0 50.6 53.400000000000006 26 58.400000000000006 74.2 46.400000000000006 47.2 35 18 76.2 17.2 0.8 0 0 15.8 0 0 0.6000000000000001 0.6000000000000001 0.6000000000000001 0 0.6000000000000001 0 0 0.6000000000000001 0.6000000000000001 0 0 0 0 0 12.600000000000001 0 0 0 0 0 0 0.6000000000000001 0.4 0 0 0 0 0 0.6000000000000001 0 0.6000000000000001 0 0 0.4 0.4 0 0 0 0.4 0 0 0 0 0 0.4 0 0.6000000000000001 0.6000000000000001 0.4 0 0 0 0 0 2 3.8000000000000003 0.6000000000000001 0 1.4000000000000001 0 2.2 3.6 0.2 1.6 0 2 3 2 3.4000000000000004 2 4 2.2 5.800000000000001 2 0 0 0 0 0 0 0 0 0 0.4 0 0 2 0 0 0 0 0 1 0 0 0 0 0 0 0 0 0 0 0 0 0 0 0 0 0 0 3.8000000000000003 0 0 4 0 0 0 0 0 0 0 0 0 0 0 0 1 0 0 0 0 0 0 2.6 2.4000000000000004 4.6000000000000005 3 0 3.8000000000000003 4.800000000000001 5 7.800000000000001 0 4.4 2.2 5.4 0 0.2 4 4.2 0 2 3.8000000000000003 0 0 0 0 0 0 0 0 0 0 0 0 0 0 0 0 0 0 0 0 0 1.8 0 0 0 0 0 0 0 0 0 0 0 0 0 0 0 0 0 0 0 0 0 0 0 0 0 0 0 0 0 1.4000000000000001 0 0 0 0 0 0 0 0 0 0 0 0 0 0.6000000000000001 17.400000000000002 0 0 18.6 0 2.6 0 0 0.2 0 0 0 0 0 0 0 0.2 0 0 0 0 0 0 0 0 0 0 0 0 0 0 1.6 0 0 0 0 0 0 0 0 0 0 0 0 
 16.400000000000002 46.800000000000004 69 53.2 15.8 36.4 9.200000000000001 24.8 50.6 0 34.4 44.2 10 16.6 80.60000000000001 54.2 26.8 51.6 33 23.6 15.200000000000001 0 0 0.4 0 0 0.6000000000000001 0.8 0.6000000000000001 0 0.6000000000000001 0 37.4 0 0.6000000000000001 0 0 0 14.600000000000001 0.2 0 0 0 0 0 0 0 0.6000000000000001 0.4 0 0 0 0 0 0.6000000000000001 0 0.6000000000000001 0 0 0 0.6000000000000001 0 0 0 0.4 0 0 0 0 0 0.4 0 0.6000000000000001 0.6000000000000001 0.4 0 0 0 0 0 0 0.2 7 0.4 0.2 7.2 0 2.6 5.800000000000001 0 3.8000000000000003 10.8 0 0 0 11.8 4.2 4.6000000000000005 2.4000000000000004 0 0 1.4000000000000001 0 0 0 0 0 0 0 2.4000000000000004 0 0 0 1.2000000000000002 0 0 0 0 18.2 0.4 0 0 0 0 0 0 0 0 0 0 0 0 0 0 0 0 0 0 0 0 1.2000000000000002 0 0 0 0 0 0 0.2 0 0 0 0 0 1.2000000000000002 0 0 0 0 0 0 0 0 12.200000000000001 3 4 5.800000000000001 4.4 4.2 2.4000000000000004 5.6000000000000005 0 2.2 0.2 0 7.4 1.8 1.8 1.8 0 3.8000000000000003 0 2 0 0 0.2 0 0 0 0 0 0 0 0 0 3.8000000000000003 0 0 0 0.2 7.800000000000001 0 0 0 0 0 0 0 0 0 0 0.2 0 0 0 0 0 0 0 0 0 0 0 0 0 0 0 0 0 0 0 0 0 0 0 0 0.2 0.4 0 0 0 0 0 0 0 0 0 3.6 0 0.6000000000000001 0 0 3.4000000000000004 0 0 0 0 0.4 0 0 0 0 0 2.2 0 0 0 0 0 0 0 0 0 12.200000000000001 0 0 2.4000000000000004 3 2 0 0 0 0 0 0 0 0 0 0 0 0 
 40.400000000000006 22 9.4 27.6 34.4 62.2 24 12.600000000000001 53.400000000000006 34.4 0 69.2 24.400000000000002 23.8 13.600000000000001 34.6 38.6 27.6 5 12.200000000000001 0 1 0 0.4 0 0 0.6000000000000001 1.4000000000000001 0.6000000000000001 0 0.6000000000000001 4.800000000000001 5.800000000000001 0.4 15.4 0 0 0 6.6000000000000005 0.2 0.4 4 4.2 2.2 0 0 0 0.6000000000000001 0.4 4.4 0 1.4000000000000001 0 0 0.8 0 0.8 4.4 0.2 0.2 0 0 0 0.6000000000000001 0.4 0.8 1.4000000000000001 1.2000000000000002 0 0 0.4 0 0.6000000000000001 0.6000000000000001 1.6 0 0 0 0 2 3.2 1.8 2.2 0 0 5.2 2.2 0 3.2 2.8000000000000003 2.8000000000000003 2 0 3.8000000000000003 2.8000000000000003 3.8000000000000003 3.6 2.8000000000000003 0.2 2.8000000000000003 0 0 0 0 0 0 2.6 0 2.8000000000000003 0 0 0 0 9.200000000000001 2.2 0 0 0 3 4 0 0 0 0.4 0.4 0 0 0 0 0 0 0 0 0 0 0 0 0 0 0 1 0 0 0 0 0 0 0 0 0 0 0 1.8 0.8 0 0 0.2 0 0 0 0 0 0 3.2 3.6 5.800000000000001 0 6.6000000000000005 0 0 4.6000000000000005 0 0 0 5.2 0 1.6 0 0 0 0 0 0 0 0.2 0 0 0 0 0 0 0 0.4 0.2 0 2 0 0 2.2 0 0 0 0 0 0 0 0 0 0 0 0 0 0 0 0 0 0 0 0 0 0 0 0 0 0 0 0 0 0 0.4 0.4 0 0 0 0 0 0 0 0 0 0 0 0 0 0 1 24.400000000000002 0 0 19.200000000000003 0 2.4000000000000004 0 0 0.2 0 0 0 0 0 0 0 0 0 2.4000000000000004 0 0 0 0 0 0 0 0 0 0 2.2 0 2.6 0 0 0 0 0 0 0 0 0 0 0 0 
 26.200000000000003 25.200000000000003 25.6 27.8 64.60000000000001 30.200000000000003 49.2 23.6 26 44.2 69.2 0 30 25.8 39.6 61.400000000000006 38.400000000000006 31.8 7.6000000000000005 9.600000000000001 0 0 0 0.6000000000000001 0 0 30 0.8 0.6000000000000001 0 0.4 0 20.200000000000003 15.4 15.200000000000001 0 0 0.4 15 0.4 0 0 0 0 0 0 0 0.6000000000000001 0.4 0 0 2.2 1 0 0.6000000000000001 1 0.6000000000000001 0 0 0 0 0 0 0 0.4 0.2 0 0 0 0 0.4 0.8 0.6000000000000001 0.6000000000000001 0.4 0 0 0 0 0 4 0 10 8.8 3.8000000000000003 3 0 0.4 5.800000000000001 0 6.4 4 0 0 2.6 3.2 4.2 0.4 0 0 0 6.4 5 0 0 0 0 2.8000000000000003 0 0 0 0.2 1.8 3.6 1.8 0 0 0 6.6000000000000005 8.6 0 0 0 0 0 0 0 0 0 0 0 0 0.2 0 0 0 0.2 0 0 0.6000000000000001 0 0.4 0.4 0 0 0 0 0 0 0 0 0 0 0 0 0 0 0.4 0 0 0 0 6.2 2.6 6.800000000000001 0.2 0 0 3.8000000000000003 6 0.4 9.200000000000001 0 0.2 3.2 0 0.2 0 0 0 5.800000000000001 2.2 0 0 0 0 0.2 0 4.4 0 0 0 2.6 0 7.800000000000001 0 0 0 0 3 0 0 0 0 0 0 0 0 0 0 0 0 2.8000000000000003 0 0 0.2 0 0 0.2 0.4 4 0 0 0 0 0 0 0 0 0 0 0 0 0 0 0 0 0 0 0 0 0 0 0 0 0.8 18.8 0 0.6000000000000001 0.2 0 3.4000000000000004 1.4000000000000001 0 0 0 0 0 0 0 0 0 0 0 0 0.4 0 0 0 0 0 0 0 0 0 1.8 0 1.4000000000000001 0 0 0 0 0 0 0 0 0 0 0 0 
 47.6 13.200000000000001 56.400000000000006 22.6 31 7.2 100.4 40.800000000000004 58.400000000000006 10 24.400000000000002 30 0 72 51.6 18.8 8.200000000000001 22.8 23 45.2 0.4 0 0 0.2 0 0.4 0.6000000000000001 0.6000000000000001 0.6000000000000001 0 0.6000000000000001 0 0 0.6000000000000001 0.4 0 0 0 0.4 0 0 0 0 0 0 0.2 0 0.6000000000000001 0.4 0 0 0 0 0 0.6000000000000001 0 0.6000000000000001 0 0 0 0 0 0 0 0.4 0 0 0 0 0 0.4 5.4 0.6000000000000001 0.6000000000000001 0.6000000000000001 0 0 0 0 0 6.2 0.2 6.2 5.800000000000001 0 10.4 4.800000000000001 0.4 2.8000000000000003 0 0 0 2.6 2.6 7.6000000000000005 0 5 6.2 0 0 0 0 0 0 0 0 0 0 0 0 0 0 0 0 0 0 0 0 0.2 0 0 0 0 0.4 0.4 0 0 0 0 0 0 0 0 0 0 0 0 0.2 0 0 1.6 0 2.4000000000000004 0 0 0 0 0 0 0 0 0 0 0 0 0 0.2 0.2 0 0 5.2 2.6 0.2 2.4000000000000004 0 0.6000000000000001 0.2 0 2.2 0 0 0.2 4 1.4000000000000001 3.8000000000000003 0 1.8 0 1.2000000000000002 0 0 0 0 2.6 0 0 0 0 0 0 0 0 2.4000000000000004 0.4 0 0 0 0 0 0 0 0 0 0 0 0 0 0 0 0 0 0 0 0 0 0 0 0 0 0 0 0 0 0 0 0 0 0 0 0.4 0.4 0 0 0 0 0 0 0 0 0 0 0 0 0 0 0 0 0 0 9.8 0 2 0 0 0 0 0 0 0 0 0 0.4 0 0 0 0 0 0 0 0 0 0 0 0 2.2 0 0 0 0 0 0 0 0 0.2 0 0 0.4 0 0 0 
 79 28.8 10.8 19.200000000000003 34.800000000000004 26 17.8 38.400000000000006 74.2 16.6 23.8 25.8 72 0 46 10 51.400000000000006 22.8 13.200000000000001 42.6 0 0 0 0.6000000000000001 0 0 41.2 0.6000000000000001 0.6000000000000001 0 0.4 0 0 0.4 0.4 0 0 0 0.2 0 0 0 11.600000000000001 0 0 0 0 0.6000000000000001 0.4 0 0 0 0 0 0.6000000000000001 0 1.2000000000000002 0 0 0 0 0.2 11.600000000000001 0 0.4 0.2 0 0 0 0 0.4 10 0.6000000000000001 0.6000000000000001 0.4 0 0 0 0 0 3.2 0 8 2.2 2.8000000000000003 5 0 3.8000000000000003 11.600000000000001 0 2.4000000000000004 0 3.2 6.4 2 3.4000000000000004 2 5.2 3.6 0 0 0 0 4 0.4 0 0 0 0 0 0 0 0.4 0 0 0 0 0 0 3.6 0 0 0 0 0 0 0 0 0 0 0 0 0 0 0 0 0 0 0 0 0 0 0.4 0 0 0.2 0 0 0 0 0 0 0 0 0 0 0 0 0.2 0 4.4 0.2 0 7.800000000000001 0.2 0.6000000000000001 3.8000000000000003 0 1.4000000000000001 0 0 0 7 2.4000000000000004 0.2 0.4 2.8000000000000003 0.4 6.800000000000001 0 5 0 0 0 0 0 0 0 0 0 0 0 2 0 0 0 0 0 0 0 0 0 0 0 0 0 0 0 0 0 0 0 0 0 0 0.2 0 0 0 0 0 0 0 0 0 0.4 0 0 0 1.6 0 0 0 0 0 0 0 0 0 0 0 0.4 0 0 0 0.4 0 0 0.4 0.4 0 4.4 0 0.4 0 0 0 0 0 0 0 0 2.2 0 0 0 0 0 0 0 0 0 0 0 0 0 0 0 0 0 0 0 0 0 0 0 0 0 0 0 
 43.800000000000004 10.4 83 42.800000000000004 78.4 63.2 10.600000000000001 12.8 46.400000000000006 80.60000000000001 13.600000000000001 39.6 51.6 46 0 75.60000000000001 77.80000000000001 7.2 15.600000000000001 43.800000000000004 0.4 0 0 9 0.4 0 4.6000000000000005 0.6000000000000001 1.2000000000000002 0.6000000000000001 0.6000000000000001 0.6000000000000001 0 0.4 0.8 0 0 0.2 2 14.8 0 0 0 0 0 0 0 1 1 0 0 0 0 0 1 0 1 0 12.4 0 0 0 0 0 0.6000000000000001 0 0 0 0 0 0.4 0 0.6000000000000001 0.6000000000000001 0.4 0.6000000000000001 0 0 0 0.4 0.2 0 1.2000000000000002 2.8000000000000003 1.8 0.2 0 9 3.8000000000000003 1.4000000000000001 2.4000000000000004 4.800000000000001 3 10.600000000000001 1.6 0 2.6 1.2000000000000002 0.2 6.6000000000000005 0 0 0 0 0 0 1.4000000000000001 0 0 0 0 0 0 0 0 1.8 2 0 0 0 0 0 0 0 0 0 0 0.4 0 0 0 0.4 0 0 0 0 0 3.2 0 0 1 0 0.4 0.2 0 0 0 0 0.4 0 0 0 0 1.4000000000000001 0 0 0 0 0 0 3 0 0.4 3.6 0.6000000000000001 4 9.4 1.8 2.8000000000000003 1.4000000000000001 4 1 0.4 0 2.6 0.2 5.4 4.4 12 0.2 0 0 0 0.4 0 0 0 0 0 0 0 0 1.4000000000000001 0 0.4 0 0 0 0 4.2 0 0 0 0 0 0 0 0 0 0 0 0 0 0 0 0 0 0 0 0 0 0 0 0 0 0 0.2 0 0 0 0 0 0 0 0 0 0 0 0 0 0 3 0 0 0 0.6000000000000001 17.6 0 0.4 0.2 0.4 0.8 0 0 0 0 0 0 0.2 0 0 0 0 0 0 0 0 0 0 0 0 0 0 0 0 0 0 4.4 0 0 0 0 0 0 0 0 0 0 0 0 
 6 51.800000000000004 30.8 57.2 49.800000000000004 22 34.4 19.6 47.2 54.2 34.6 61.400000000000006 18.8 10 75.60000000000001 0 53.800000000000004 27.8 7.4 15.200000000000001 0 0 0 0.4 0 0 17.2 0.6000000000000001 0.8 0 0.6000000000000001 0 14.8 0.4 0.8 0 0 0 0 14.600000000000001 0 0 0.6000000000000001 0.4 0.4 0 0 0.6000000000000001 0.4 0 1.8 0 0.2 0 0.6000000000000001 0 1.4000000000000001 0.2 0 0 1 0.4 0 0 0.4 0 0 0 0 0 0.4 0.4 0.6000000000000001 1 0.4 0 0.4 0 0 0 0 0 13.8 2 11.600000000000001 0 0.8 1 2.6 2 4 5.4 0 3.8000000000000003 6.2 2.2 8 4.2 0 0 0 1.8 0 0 0 0 1.8 0 0 0 0.2 0 1.8 0 0 0 0 1.6 4 0.2 0 0 0 0 3.4000000000000004 0 0 1.2000000000000002 0 0 0 0 0 0 0 0 0 0 0 0 0 0 0 0 0 0.4 0 0 0 0 0 0 3.2 0 0 0 0.8 0 0.2 0 1.4000000000000001 2.6 6 4 3.6 1.6 0 0.2 0 10.200000000000001 0.8 0 0 1.4000000000000001 6.800000000000001 0 1 3 0 5.2 0 1.8 0 0.6000000000000001 0 0 0 0 0 0 0 0 0 0 0.4 0 0 0 0 4.6000000000000005 0 0 0 0 5.6000000000000005 0 0 0 0 0 0 0 0.2 0 0 0 0 0 0 0 0 0 0 0 0 0.2 0 0 0 0 0 0 0 0 0 0 0 0 0 0 0 3.2 0 0 0 0.8 0.4 0 0.2 1.4000000000000001 0.6000000000000001 0.4 0 0 0.4 0 0 0 0 0 0 0 0 0 0 0 0 0 0 0 0 0 0 0 0 2 0 0 0 0 0 0 0 0 0 0 0 0 0 0.4 
 5.800000000000001 8.200000000000001 45.800000000000004 11.200000000000001 73.2 12 27 25.8 35 26.8 38.6 38.400000000000006 8.200000000000001 51.400000000000006 77.80000000000001 53.800000000000004 0 31.400000000000002 21.6 50.2 0.8 0 0.4 0.2 0 0 29.400000000000002 1 0.6000000000000001 0 0.6000000000000001 0.6000000000000001 30 0.8 0.4 0.4 0.6000000000000001 0 0 14.8 0 0 0 0 0 0 0 0.6000000000000001 0.4 0 0.6000000000000001 0 0 0 0.6000000000000001 0.6000000000000001 14 0 0 0.6000000000000001 0.6000000000000001 0 0 0.2 0.4 0 1.6 0 0.4 0 0.4 0 0.6000000000000001 0.6000000000000001 0.8 0 0 0 0 0 0 0 9.8 4.6000000000000005 6.4 0 3.6 0 2.6 3 2.2 3 4.2 0.2 2.6 0.2 2.2 3.2 0.2 2.2 0 6 4 0 0 0 2 0 0 0.2 0 0 1.4000000000000001 3.4000000000000004 0 0 0 0 4 0.8 0 0 0 0 0 0 0 0 0 0 0 0 0 0 0 0 0 0 0 0 0 0 0 0 0 0 0 0 0 0 0 0 0 0 0 0 0.8 0 0 0 1.4000000000000001 2.6 2.8000000000000003 0 4 0.6000000000000001 0 2 0 11.8 4.2 2 0 1.4000000000000001 1.6 0 6 2.8000000000000003 0 4.6000000000000005 0 1.8 0 0 0 0 0 0 0.4 0 0 0 2.2 0 1.6 0 0 0 0 2.2 0 2 0 0 2.6 0 0 0 0 0 0 0 0 0 0 0 0 0 0.2 0 0 0 0 0 0 0 0 0 0 0 0 0 2.6 0 0 0 0 0 0 0 0 2.8000000000000003 0 0 0 0.4 0 0 0.4 14.600000000000001 0 0.8 0 0 0 0 0 0 0 0 0 0 0 0 0 0 0 0 0 0 0 0 0 0 0 0.2 0 0 0 0 0 0 0 0 0 0 0 0 0 0 
 24.400000000000002 79.80000000000001 30.8 38 28 7.2 7.6000000000000005 50.400000000000006 18 51.6 27.6 31.8 22.8 22.8 7.2 27.8 31.400000000000002 0 28.6 17.6 3.4000000000000004 0 0.4 1 0 0 0.6000000000000001 0.6000000000000001 1.2000000000000002 0 0.6000000000000001 0.4 7 0 0.8 0.4 0.2 0.6000000000000001 14.600000000000001 0 0 0 0 0.4 0 0.2 0 0.6000000000000001 0.4 0 0.6000000000000001 0.6000000000000001 0 0.4 0.6000000000000001 0.6000000000000001 0.6000000000000001 0 0 0.4 0.2 0 0 0 10.600000000000001 0.4 0 0 0.4 0.4 0.4 0 0.6000000000000001 0.6000000000000001 0.6000000000000001 0 0 1.6 11.4 0 0.2 3.2 5.800000000000001 7.2 2.8000000000000003 4.800000000000001 0 2 2.6 3.8000000000000003 0 4.2 3.6 0.8 3.4000000000000004 9.8 1.4000000000000001 16.8 0 2.4000000000000004 0 3.8000000000000003 0 0.2 0 0 2.4000000000000004 0 0 0 0 0 0.2 0 0 0 0 0.2 7.6000000000000005 0 0 0 0 0 0 0 0 0 0 0 0 0 0 0 0 0 0 0 0 1.4000000000000001 0 0 2.4000000000000004 0 0 0 0 0 0 0 0 0 0 0 0 0.4 0 0 0 0 2.4000000000000004 1.4000000000000001 4.800000000000001 1.8 0 0 6.2 4.2 5.2 3.6 0 0 0.2 2 0 3.6 3.2 0.4 0 4.800000000000001 0 1.4000000000000001 0 1.8 0 0 0 0 0.4 0 0.4 0 3.4000000000000004 0 3 0 0 0 0 0 0 2.6 0 0 2.4000000000000004 0.2 0.4 0 0 0 0 0 0 0.4 0 0 0 0 0 0 0 0 0 0 0 0 0 0 0 0 0 0 0 0 0 0 0 0 0 0 0 0.2 0 0 0 0 0.4 0.2 0.4 0 0 1.4000000000000001 0 0 0 0 0 0 0 0 0 0 0 0 0 0 0 0 0 0 0 0 0 0 0 0.2 2 0.2 0 0 0 0 0 0 0 0 0 0 0 0 
 10 27.400000000000002 7 55.800000000000004 11.4 10.200000000000001 47.6 57 76.2 33 5 7.6000000000000005 23 13.200000000000001 15.600000000000001 7.4 21.6 28.6 0 50.6 0 0 0 0.8 0 0 0.6000000000000001 0.6000000000000001 0.6000000000000001 0 0.6000000000000001 0 0 0.6000000000000001 1 0 0 0 0 0 0 0 0 0 0 0 0 0.6000000000000001 0.4 0 0 0 0 0 0.6000000000000001 0 0.6000000000000001 0 0 0 0 0 0 0 0.4 0 0 0 0 0 0.4 0 0.6000000000000001 0.6000000000000001 0.4 0 0 0 0 0 0 0 0 0 0 0 1.8 0 0.2 1.4000000000000001 0.2 0 9 2.8000000000000003 0 0 0 0 7.2 5.2 0 0 0 8.6 0 0 0 0 0 0 0 0 0 0 0 0 0 0 2.6 2.2 0 0 0 0 0 0 0 0 0 0 0 0 0 0 0 0 0 0 0 0 0 0 0 0 0 0 0 0.4 0 0 1 0 0 0 0 0 0 0 0 0 0 2.4000000000000004 0 0 0 0 0.2 8 0 0.4 0 0 0 0 0 6 2.2 0 0.4 1.8 0 0 0 0 0 0 0 0 0 0 0 0 0 0 0 0 0 0 0 0 0 2.4000000000000004 0 0 0 0 0 0 0 0.4 0.4 3.4000000000000004 0 0 0 0 1.4000000000000001 0 0 0 0 0 0 0 0 0 0 0 0 0 0 0 0 0 0.4 0 0 0 0 0 0 0 0 0 0 0 0 0 0.4 0.4 0 0.6000000000000001 0 0 0 0 0 0 0 0 0 0 0 0 0 0 0 0 0 0 0 0 0 0.2 0 0 0 0 0 0 0 0 0 0 0 0 0 0 0 0 
 8 9.8 54.6 35.4 34 12.600000000000001 65 26.8 17.2 23.6 12.200000000000001 9.600000000000001 45.2 42.6 43.800000000000004 15.200000000000001 50.2 17.6 50.6 0 0.4 0 0 0.4 0.6000000000000001 0 20.200000000000003 0.6000000000000001 0.6000000000000001 0 0.6000000000000001 0 0.4 0.6000000000000001 0.4 0 0 0 0.4 0 0 0 0 0 0 0 0 0.6000000000000001 0.4 0 0 0 0 0 0.6000000000000001 0 0.6000000000000001 0 0 1 0 0 0 0 0.4 0 0 0 0 0 3.4000000000000004 0 0.6000000000000001 0.6000000000000001 0.4 0 0 0 0 0 3.2 0 7.4 2.8000000000000003 0 2.8000000000000003 0 0 2.4000000000000004 0 0 0 3.8000000000000003 3 3.8000000000000003 0 1.6 1.6 3.2 7.2 0 0 0 0 0 0 0 2.8000000000000003 0.2 0 0 0 0 0 0 0 0 0 0 0 0 0 0 0 0 0 0 0.4 0 0 0 0.4 0 0 0 0 0 0 0 0 0 0 1 0.2 0 0 0 0 0.2 1.8 0 0 0 0 0 0 0 0 0 0 5.4 2.2 0 2.2 0 0 0 1.8 0.2 2.2 3.4000000000000004 0 0 4 0 5.6000000000000005 2.4000000000000004 2.2 8.4 4.4 0 0 0 0.4 0 0 0 0 0 0 0 0 3.8000000000000003 0 0.2 0 0 0 0 2.6 0 2 0 0 3.4000000000000004 0 0 0 0 0 0 0 0 0 0 0 0 0 0 0 0 0 0 0 0 0 0.2 0 0 0 0 0 0 0 0 0 0 0 2.8000000000000003 0 0 0 0 0 0 0.2 0 0 0 0 0.2 0.6000000000000001 0 0 0 0 0 0 0 0 0 0 0 0 0 0 0 0 0 0 0 0 0 0 0 0 0 0 0 0 0 0 0 0 0 0 0 0 0 0 
 0 0 0 22.6 0 16.400000000000002 0.4 0 0.8 15.200000000000001 0 0 0.4 0 0.4 0 0.8 3.4000000000000004 0 0.4 0 97.80000000000001 62.800000000000004 12.600000000000001 8.200000000000001 6.6000000000000005 46.2 8.6 12.600000000000001 15.8 24.6 12.4 25.200000000000003 24.8 8.6 7.800000000000001 36.6 57.800000000000004 16 37.2 0 0.4 0.6000000000000001 0 0.6000000000000001 0 0 0 0 0.4 0 0 0 0 0 0 0 0 0 0 0 0.6000000000000001 0.4 0 0 0 0 0 0.4 0.6000000000000001 0 0 0 0 0 1 0 0 0 0.4 0 0 0 0.4 4.800000000000001 0 0 0 0 0 0 0 0 0 0 0 0 0 0 0 3 0 2.2 1.8 2.4000000000000004 2 6.4 2.2 0 5.6000000000000005 0.2 6.4 8.6 5.800000000000001 2.8000000000000003 8.4 6 1.6 0.4 11.600000000000001 0 0 0 0 0 0 0 0 0 0 0 0 0 0.2 0 0 0 0 1.4000000000000001 0 0 0 0 0 0 0 0 0 0 0 0 0 0 0 0 0 0 0 0 0 0 0 0 0 1.8 1.6 0 0.2 0 1.8 0 1.4000000000000001 0 0 0 0 0 0.2 0 0 2 1.4000000000000001 2.6 0 0 4.800000000000001 4.6000000000000005 6 2.8000000000000003 2.2 9 0.4 2 4 5.2 4 0 2.8000000000000003 1.6 2.4000000000000004 0 0 0 0 0 0 0 0 0 0 0 0 0.2 0 0 0 0 0 0.4 2.8000000000000003 0 0 0 0 0.2 0 0 0 0 0.2 0 0 0.4 0 0 0 0 0 0 0 0 0 0 0 0 0 0 0 12.200000000000001 0 0 0 0 0 2.2 0 0.4 0.4 15.200000000000001 0.4 0 1.4000000000000001 0 0 0 0 0 0 0 0 0 0 0 0 0 0 2 0 0 0 0 5 0 0 0 0 0 0 0 0 
 0 0 0 0 1 0 0 1 0 0 1 0 0 0 0 0 0 0 0 0 97.80000000000001 0 31.6 25.400000000000002 50.6 20 44 20.6 39.2 24.8 6.6000000000000005 11 15.200000000000001 58.400000000000006 54.6 10.4 33.800000000000004 21.8 67.60000000000001 19 0 0.6000000000000001 0.6000000000000001 0 0.6000000000000001 0 0 0 0.4 0.4 0.4 0 0.6000000000000001 0 0 1 0 0 0 0 0 0.6000000000000001 0.4 0 0 0 0 0 0 0.6000000000000001 0 10.600000000000001 0 0 0 1.2000000000000002 0 0.2 0 0.4 0 0 0 4.800000000000001 1.2000000000000002 10.200000000000001 0 0 0 0 2.2 0 0 0 0 0 0 0 0 0 6 1.6 6.4 0 3.6 1.4000000000000001 7.4 5.4 0 3.2 0.2 0.2 0 0.2 3.6 1 4.800000000000001 6.800000000000001 0.8 3.4000000000000004 0 0 0 0 0 0 0 4.4 0 0 0 0 0 0 0 0 0 0 0.2 0 0 0 0 0 0 0 0 0 0 0 0 0.4 0.4 0 0 0 0 0 0 0.4 0 1.8 0 0 0 3.6 0 0 0 0.2 0 2.8000000000000003 0 0 1.2000000000000002 0 0 0 0 0 3.6 4.2 1.8 0 0 2.6 6.4 12.8 9.4 0 2.6 5 2.2 7.800000000000001 1.8 0.2 1.6 0 5.2 1.8 0 0 0 0 0 0 0 0 0 0 0 0 0 0 0 0 0 0 1.4000000000000001 0 0 0 0 0 0 0 0 0 0 0 0 0 0 0 0 0.4 0 3.4000000000000004 0 0 0 0 0 0 0 0 15 0 0 0 0 0 0 0 1.6 0 0 15.200000000000001 0 0 0 3.6 0 0 0 0 0 0 0 0 0 0 0 0 0 0 0 0 0 0 0 3.2 0 0 0 0 0 0 0 0 
 0 0.2 0 0 0 0 0 0 0 0 0 0 0 0 0 0 0.4 0.4 0 0 62.800000000000004 31.6 0 36.4 10.200000000000001 7.800000000000001 14.600000000000001 39.400000000000006 71.8 40.6 29.6 8.4 15 44.800000000000004 39 55.400000000000006 35.4 37.800000000000004 22.200000000000003 8 0.2 0.4 0.6000000000000001 0 0.6000000000000001 0 0 0 0 0.4 0 0 0.4 0 0 0.4 0 0 0 0 0 0.6000000000000001 0.4 0 0 0 0 0 0.4 0.6000000000000001 0 0 0 0 0 0 0 0.2 0 1.6 0 0 0 0 0 0 0 0 0 0 0 0 0 0 0 0 0 0 0 0 6 0 0.6000000000000001 1.2000000000000002 1.4000000000000001 2.2 1.8 2.2 2.8000000000000003 0.6000000000000001 2.2 8.4 8.8 2.8000000000000003 4.2 11 2.4000000000000004 0 0 0 0 0 0 0 0 0 0 0 3.8000000000000003 0 0 0 0 0 0 3.8000000000000003 0 0 4.2 0 0 0 0 0.4 0 0 0 0 0 0 0 0 0 0 0 0 0 0 0 0 0 0 0 1.6 0 0 0 0 0 0 0 0 0 2.8000000000000003 0 0 0 0 0 0 2 0 1.8 0.2 0 10.600000000000001 4.6000000000000005 0 0 0 5.800000000000001 2.8000000000000003 1.4000000000000001 7.6000000000000005 0 4.4 5.2 6.6000000000000005 0 0 0 0 0 0 0 0 5.800000000000001 0 0.2 0 0 0 0 1.8 0 0 0 0 7.800000000000001 0 0 0 0 0 0 0 0 0 0 0 0 0 0 0 0 0 0 0 0 0 0 0 0 0 0 0 0 0 0 0 0 0 0 0 2 0 0 15.200000000000001 0.2 0 0.4 1.8 0 0 0 0 0 0 0 0 0 0 0 0 0 0 0 0 0 0 0 5.2 0 0 0 0 0 0 0 0 
 0.4 0.4 0.4 0.8 0.6000000000000001 0.2 0.8 0.4 15.8 0.4 0.4 0.6000000000000001 0.2 0.6000000000000001 9 0.4 0.2 1 0.8 0.4 12.600000000000001 25.400000000000002 36.4 0 123.80000000000001 11.600000000000001 27 13 53.2 32.6 53.400000000000006 24.6 11 25.8 34 25 21.8 9.4 10.8 26.400000000000002 0 0.6000000000000001 1.2000000000000002 0 0.6000000000000001 0 12.600000000000001 0 0 0.4 0 0 14 0 0 0 0 0 12.4 0 0.4 0.6000000000000001 0.4 0 0 0 0 0.8 0 0.6000000000000001 0 0 0 0.2 0 0.8 0 0 0 0.6000000000000001 0 0 0 0 0 0 0 0 0 0 0 0 0 0 0 0 0 0 0 0 2.6 0 5.2 4.4 2.4000000000000004 4 0 0 1.2000000000000002 0 4.6000000000000005 0 0 0 0 0 0 2.2 0 0 0 0 0 0 0 0 0 0 0 0 0 0 4 0 0 0 4.4 4.6000000000000005 6.2 4 0 0 0 0.2 1.2000000000000002 0 0 0 0 0 0 0 0 0 0 0 0 0 0 0 3.8000000000000003 0 0 0 0 0 0 0 0 0 0 0 0 0 0 0 0 0 2.8000000000000003 0 2.6 1.4000000000000001 3.4000000000000004 2 2 1.4000000000000001 0 2.6 11.4 5 9.200000000000001 5 0 2 2.4000000000000004 3.8000000000000003 5.2 2.2 0 0 0 0 0 0 0 0 1.4000000000000001 0 0 0 0 0 3.4000000000000004 4.800000000000001 0 0 0 0 3.8000000000000003 2.4000000000000004 0 0 0 0 0 0 0 0 0 0 0 0 0 0 0 0 0 0 0 0 0 0 0 0 0 0 0 0 0 0 0 0 0 1.8 2.2 0.4 0 0.2 0 0.4 0.6000000000000001 0.4 0 0 0 0 0 0 0 0 0 0 0 0 0 0 0 0 0 1.4000000000000001 0 0 0 0 0 2.4000000000000004 0 0 0 0 
 0 0.4 0 1.8 0 0 0 0.4 0 0 0 0 0 0 0.4 0 0 0 0 0.6000000000000001 8.200000000000001 50.6 10.200000000000001 123.80000000000001 0 46.2 8.6 10.200000000000001 42.6 17.6 48.400000000000006 49.2 12.600000000000001 7.6000000000000005 14.600000000000001 16 9.4 29.6 8.200000000000001 12.8 8.4 0.6000000000000001 0.6000000000000001 0 0.6000000000000001 0 11 0.6000000000000001 0 0.4 0 3 4.800000000000001 0.6000000000000001 0 0 0 0 16.2 0 0 2.8000000000000003 3 0 0 0.4 0 0 1 2.6 10 0 0.4 0 0.6000000000000001 2 0 0 10.200000000000001 0.4 1.8 0 0 0 0 0 0 0 0 0 0 0 0 0 0 0 0 0 0 0 0.2 0 0 2.4000000000000004 0 2.4000000000000004 0 0 1.4000000000000001 0 3 0 0 0 0 2 0 0 0 0 0 0 2.4000000000000004 0 0 0 2.8000000000000003 0 2 3.6 0 0 0 4 4 9.4 0 1.4000000000000001 8.200000000000001 4 0 0 0 1.8 1.2000000000000002 0 0 0 0 0 0 0 0 0 0 0 0 0 0 0 0 0 0 0 0 0 0 0 0 0 0 0 0 0 0 0 0 0 0 0 0 0 0 11 4.800000000000001 0.6000000000000001 0 0 2.6 0.2 0 4.2 0 0 0 3.8000000000000003 0.8 2.8000000000000003 0 0 6 2.4000000000000004 0 4.4 0 0.2 3.2 5.4 4.6000000000000005 0 0 0 3.4000000000000004 2.4000000000000004 0 0 0.2 0 3.6 0 0 0 0 0 0 0 0 0 0 0 0 0 0 0 0 0 0 0 0 0 0 0 0 0 0 0 0 0 0 0 0 0 0 0 2.4000000000000004 0.4 0.4 16.2 0 0 0 0 0 0 0 0 0 0 0 0 0 0 0 0 0 2 0 0 0 0 0 0 0 0 0.2 0 0 4.2 0 0 
 0 0.2 0.4 0 0 0 0 0.2 0 0 0 0 0.4 0 0 0 0 0 0 0 6.6000000000000005 20 7.800000000000001 11.600000000000001 46.2 0 6.4 11 24.6 12.600000000000001 75.8 70.8 51.400000000000006 5.2 9.600000000000001 12 11.4 26.400000000000002 58.2 13 13.200000000000001 0.8 0.8 0 1.6 0 26.6 0 14 0.4 0 7 31.6 0 13.4 13 0 0 0.2 15.200000000000001 0 7.2 0.4 0.6000000000000001 0 0 0 0 0 0.6000000000000001 0 0.6000000000000001 2.2 0 0 0 0 0 0 0.4 0 0 0 0 0 0 0 0 0 0 0 0 0 0 0 0 0 0 0 0 0 0 0 2 4.4 8.6 0 0 0.6000000000000001 0 0 3.4000000000000004 0 0 0.2 0 0 0 0 0 3.4000000000000004 4.6000000000000005 0 4 0 0 9.200000000000001 3.4000000000000004 1.2000000000000002 4.6000000000000005 0 0 0 2.4000000000000004 6 0 0 1.8 0.6000000000000001 7.2 0 0 0 0.2 1.4000000000000001 0 0 1.6 0 0 0 0 0.2 0 0 0 0 1 0 0.2 0 0 0 0 0 0 0 0 0 0 0.4 0.4 0 0 0 0 0 0 0 2.4000000000000004 0 0 0 2.2 3.6 3.4000000000000004 0 0 2.6 3.8000000000000003 0 2 0 0.4 0 4.2 2.4000000000000004 0 0 0 3 1.6 3.6 3.8000000000000003 0 2.2 2.6 12.600000000000001 0 0 2.8000000000000003 0 7.2 4.2 3.4000000000000004 0.6000000000000001 4 0 2 3.8000000000000003 0 0 0 0 0 0 0 0 0 0 0 0.8 0 0 0 0 0 0 0 0 0 0 0 0 0 0.2 0 0 0 0 0 0 0 0 1.2000000000000002 1 0.4 0.2 0 0.8 0.2 0 0 0 0 0 4.4 0 0 0 0 0 0 0 0 0.4 0 0.4 0 0 0 0.2 0 0 4 0 0 0 0 0 
 41 0.6000000000000001 16.2 5.800000000000001 15.4 0.8 0.6000000000000001 0.6000000000000001 0.6000000000000001 0.6000000000000001 0.6000000000000001 30 0.6000000000000001 41.2 4.6000000000000005 17.2 29.400000000000002 0.6000000000000001 0.6000000000000001 20.200000000000003 46.2 44 14.600000000000001 27 8.6 6.4 0 34 24.200000000000003 22.200000000000003 13 19.6 85.2 28.200000000000003 7.2 12.200000000000001 13 4.2 29.200000000000003 29.200000000000003 0 0.6000000000000001 0.6000000000000001 0 0.6000000000000001 0 0 0 0 0.4 0 0 0 0 0 0 0 0 0 0 0 0.6000000000000001 0.4 0 0 0 0 0 0 0.6000000000000001 0 9.200000000000001 0 0 0 1.4000000000000001 0 0 0 0.4 0 0 0 0.2 0.8 0 0 5.800000000000001 0 1.2000000000000002 2 3 0 0 0 0 0 0 0 0 3.2 2.4000000000000004 6.6000000000000005 0 3.8000000000000003 0.4 3.4000000000000004 5.800000000000001 0 6.6000000000000005 2 0 4.6000000000000005 1.4000000000000001 0 3.2 4 12.200000000000001 13 4.6000000000000005 3.8000000000000003 0.4 0 0 0 0 0.2 0 0 0 0 0 0 0 0 0 0 0 0.2 0 0 0 0 0 0 0 0 0 0 0 1.4000000000000001 9.200000000000001 0.2 0 0 0 0 0 0 0 2.2 1.6 2.6 0 8.200000000000001 1.6 0 0 4 2.6 2.4000000000000004 0.2 0 1 1.2000000000000002 0 0.4 2.6 2.2 0 5.2 7.800000000000001 2.6 0.2 0 0 3.8000000000000003 9.8 15.4 0 1 7.2 0 3.4000000000000004 8 0.4 0 0 5 4.2 0 0 0 0 0 0.2 0 0 0 0 0 0 0 0 0 1.8 0 0 0 0 0 0 0 0 0 0 0 0 0 0 0 0 0 0 0 0.2 0 0 0 0 0 2.4000000000000004 0 0 0 0 0 0 14.8 0 0 0 0 0 2.2 0 0 0 0.2 0 0.8 0 0 0 0 0 0 0 0 0 0 0 0 0 0 0 0 0 0 0 0 0 0 0 0 0 0 0 0 1.4000000000000001 
 0.6000000000000001 0.6000000000000001 0.6000000000000001 0.6000000000000001 0.6000000000000001 0.8 0.6000000000000001 0.6000000000000001 0.6000000000000001 0.8 1.4000000000000001 0.8 0.6000000000000001 0.6000000000000001 0.6000000000000001 0.6000000000000001 1 0.6000000000000001 0.6000000000000001 0.6000000000000001 8.6 20.6 39.400000000000006 13 10.200000000000001 11 34 0 113.4 53.800000000000004 24.400000000000002 6 52.2 9.8 82.80000000000001 13.8 8.4 8.8 15 12 0 0.6000000000000001 0.6000000000000001 0 0.6000000000000001 0 0 0 0 0.4 0 0.2 1 0 0 0 0 0 13 0 0 0.6000000000000001 0.4 0.6000000000000001 0 0 0 0 0 11.200000000000001 0 0 7.4 0 0 0 0 0 0 0.4 0 0 0 0 0 11.600000000000001 0 0 0 4.2 0.2 0 0 0 0 0 0 0 0 0 2.8000000000000003 0 0.4 0 0.2 0 2 10.600000000000001 3.4000000000000004 0 0 2.8000000000000003 2.6 5.800000000000001 3.2 1.8 3 0.2 3 0.2 0 0.4 0 0 0 0 0 0 0 0 0 0 0.2 0 0 0 0 0 0 1.8 0 0 0 0 0 0 0 0 0.2 0 0 0 0.2 0 0 0 0 0 0 0 0 0 0 0 1.2000000000000002 8.6 0.2 0 0 0 5 0 0 0 0 0 0 0.2 0 0 0 2.8000000000000003 6.4 5.6000000000000005 3.4000000000000004 0.2 4.800000000000001 0.2 1.6 5.4 3 0 8.200000000000001 0.6000000000000001 0 6.4 4 5 2.8000000000000003 1.4000000000000001 0 0 0 0 0 0.4 0 0.4 0 0.4 0 0 3.6 0 0 0 0 0 2.2 0 0 0 0 0 0 0 0 1.4000000000000001 0 0 0 0 0 0 0 0 0 0 0 0 0 0 0 0 0 0 0 0 0 0.2 0 0 0 0 2 0.4 0.4 0 0.2 0 2.2 0.4 0 0 0 0 0 0 0 0 0 0 0 0 0 0 0 0 0 0 0 0.2 0 0 0 0.2 0 0 0 0 
 0.6000000000000001 0.8 1.2000000000000002 0.6000000000000001 0.6000000000000001 0.6000000000000001 21.400000000000002 0.6000000000000001 0.6000000000000001 0.6000000000000001 0.6000000000000001 0.6000000000000001 0.6000000000000001 0.6000000000000001 1.2000000000000002 0.8 0.6000000000000001 1.2000000000000002 0.6000000000000001 0.6000000000000001 12.600000000000001 39.2 71.8 53.2 42.6 24.6 24.200000000000003 113.4 0 91.2 38.2 18.8 49 16.6 17 25.8 54.800000000000004 7.4 17 25.8 0 0.6000000000000001 0.6000000000000001 0 0.6000000000000001 0 14.4 0 0 0.4 0 0.4 13.8 0 0 0 10.8 0 18.8 0 0 0.6000000000000001 0.4 0 0 0 0 0 0.2 0.6000000000000001 0 0 0 0 0 0.6000000000000001 0 0.2 0 0.4 0 0 0 0 0 2.8000000000000003 0 0 0 0 0 0 0 0 0 0 0 0 0 0 2.2 0 6.2 4 2.2 7.6000000000000005 0 2.8000000000000003 1.2000000000000002 0 5.6000000000000005 0 0 0 0 0 2.6 2.2 0 0 1.4000000000000001 0 0 0 0 0 3.2 0 0 0 0 0 4.4 0.2 0 0 1.2000000000000002 0 6.4 4.6000000000000005 0 0 0 0 0.2 0 0 0 0 0 0 0 0 0 0 0.4 0 0 0 0 0 0 0 0 1.8 2.2 3.4000000000000004 0 0 0 0 0 0 0 0 0 0.4 0 0 0 1.2000000000000002 4.2 2 0 2.4000000000000004 5 0.2 2.2 2.2 6 1.8 1.6 1 0 2.2 0 4.2 6.2 3.6 0 0 0 0 0 0 0 1.6 0 0.2 0 0 0 14.200000000000001 2.8000000000000003 0 0 0 0 2.2 3 0 0 0 0 0 0.4 0 0 0 0 0 0 0 0 2.8000000000000003 0 0.2 0 0 0 0 0 0 0 0 0 0 0 0 0 0 0 0 0 1 0 0 14.8 0 0 0.6000000000000001 0.4 0 0 0 0 0 0 0 0 0 0 0 0.2 0 0 0 0 0 1.8 0 0 0 0 0 2.6 0 0 0 0 
 0 0.4 0.4 0.4 0 0 0.4 0 0 0 0 0 0 0 0.6000000000000001 0 0 0 0 0 15.8 24.8 40.6 32.6 17.6 12.600000000000001 22.200000000000003 53.800000000000004 91.2 0 34.2 66.60000000000001 53.400000000000006 9.8 50.800000000000004 41.2 39 5 13.200000000000001 18.400000000000002 0 0.6000000000000001 0.6000000000000001 0 1 0 0 0 0 0.4 0.8 0 5 0 0 25.200000000000003 0.6000000000000001 0 13 0 0 1.2000000000000002 0.4 0.8 0 0 0 0.8 0.4 11.600000000000001 0 0 0 0 0.6000000000000001 1.2000000000000002 0 0 0 0.4 0 1 0 0 0 0 0 0 0 0 0 0 0 0 0 0 0 0 0 0 2.6 1.8 2.6 1.6 4 6.6000000000000005 4.2 3.6 4.4 4.6000000000000005 5.800000000000001 3.8000000000000003 2.6 0 1.8 2.2 4 2 0 0 1.6 0 0 0 0 0 3.4000000000000004 0 0 0 0 0 3 0.2 0 0 0 0 7 6 0 0 0 0 1.2000000000000002 0 0 0 0 0 0 0 0 0 0 0 0 0 0 0 0 2.2 0 0 0 0 0 0 0 0 0 0 0 0 0 0 0 0 0 0 3.4000000000000004 3.4000000000000004 1.8 9.200000000000001 3.6 2.4000000000000004 1.8 2 2.6 3.4000000000000004 4.6000000000000005 6.800000000000001 5.4 4.800000000000001 0.2 6 9.200000000000001 0.6000000000000001 0 0 0 0 0 0 0 0 3.2 0 0 0 0 0 3.4000000000000004 0.2 0 0 0 0 2.4000000000000004 0 0 0 0 0 0 0 0 0 0 0 0 0 0 0 0 0 0 0 0 0 0 0 0 0 0 0 0 0 0 0 0 0 0 0 0.4 0 0 9 15 0.4 5 0.4 0 0 0 0 0 0 0 0 0.2 0 0 0 0 0 0 0 0 0 0 5.2 0 0 0 0 2 0 0 0 
 0.6000000000000001 1 1 0.6000000000000001 0.4 1 0.6000000000000001 1 0.6000000000000001 0.6000000000000001 0.6000000000000001 0.4 0.6000000000000001 0.4 0.6000000000000001 0.6000000000000001 0.6000000000000001 0.6000000000000001 0.6000000000000001 0.6000000000000001 24.6 6.6000000000000005 29.6 53.400000000000006 48.400000000000006 75.8 13 24.400000000000002 38.2 34.2 0 24.8 10.8 22 17 48.800000000000004 18.6 23.400000000000002 23 17.400000000000002 1 0.6000000000000001 2.2 0 1.2000000000000002 0 0 0 0 0.8 0.6000000000000001 0 15.600000000000001 0 0 0 0 0 12.4 0 0 0.6000000000000001 0.8 0.4 0 0.4 0.4 0 0 0.6000000000000001 0 0 0 0 0 1.4000000000000001 0 0 0 0.4 0 0 0 0 0 0 0 0 0 0 0.4 0 0 0.8 0 0 0 0 0 0 2.8000000000000003 0 6.4 4.800000000000001 3.4000000000000004 7.6000000000000005 1.8 15.8 5.2 0 3.4000000000000004 0 0 0 0 0.6000000000000001 0 3.2 0 0 3.4000000000000004 0.2 0 0 0 0 2.8000000000000003 0 0 0 0 0 0 2.4000000000000004 0 0 2.6 0 10 4.4 0 0 0 0 0.2 0 0 0 0 0 0 0 0.4 0 0 0 0 0 0 0.2 0 0 0 0 0 0 0 0 0 0 0 0 0 0 0 0 0 0 0 0 0.6000000000000001 1.2000000000000002 1.8 0.4 0 0.4 0 3.8000000000000003 11.600000000000001 2.8000000000000003 0 7.800000000000001 0 2.8000000000000003 0 3.6 8.8 4.4 0 0 0 0.2 0 0 0 0 0.6000000000000001 0 0 0 0 0 6 0.4 2.2 0 0 0.2 6.4 0 0 0 0 0 0 0 0 0 0 0 0 0 0 0 0 2.8000000000000003 0 0 0 0 0 0 1.8 0 0 0 0 0 0 0 0 0 0 0 2 0.2 0.4 14.600000000000001 0 0.2 1.2000000000000002 0.8 0 0 0 0 0 0 0 0 0 0 0 0 0 0 0 0 0 0 0 0 0 0 0 3 0 0.6000000000000001 0 0 
