 0 22 18.8 26.8 11.600000000000001 9.200000000000001 74.2 29.6 54.6 27.8 9.8 6.6000000000000005 14.600000000000001 74.60000000000001 6 21 10 23 31.8 9.600000000000001 0.2 0 0 14.4 1.2000000000000002 0 0 0 0.2 0.6000000000000001 0.6000000000000001 0.4 0 0 0 7.800000000000001 0 0 0 0.2 0 0 0 0 0 0 0.6000000000000001 0.6000000000000001 0 0.8 0 0 0 0 0.2 14.600000000000001 0 0.6000000000000001 0.6000000000000001 0 0 0 0 0 0.4 0 0 0.4 0 0.4 0 0.6000000000000001 0.6000000000000001 0.6000000000000001 0 0 0.6000000000000001 0 1 0.8 1.6 3.4000000000000004 9.4 2.8000000000000003 0 7.800000000000001 2.8000000000000003 3.4000000000000004 0.2 2.4000000000000004 5.800000000000001 0 5.6000000000000005 2.8000000000000003 4.2 4.2 12 0 2.2 0 2 0 0 0 0 0 0 0.2 0 0 0 0 0 0 0.2 0 0 0 0 0 0 0 0 0 0 0 0.2 0 0 0 0 0 0 0 0 0 0 0 0 0 0.2 0 0 3.6 0 0 0 0 0 0 0 0 0 0 0 0 0 0 0 0 0 3.4000000000000004 0.4 0.4 0 3.2 4.800000000000001 3.6 2 0.4 2 1.8 0 4.2 5.6000000000000005 0 2.4000000000000004 6.800000000000001 4 0 1.4000000000000001 0 2 0 0 0.4 0 0 0 0.4 0 0 8 0 0 0 1.6 0 2.4000000000000004 0.6000000000000001 0 0 0 0.4 0 0 0 0 0 0 0.4 4.4 0 0 0 0 0 0.4 0 0 0 1.6 0 0 0 0 0 0 0 0 0 0 0 0 0 0 0 0 0 0 0 3.2 0 0 0 0.4 0.6000000000000001 0 0.4 0 0 0.8 0 0 0 0 0 0 0 0 0 0 0 0 0 0 0 0 0 0 0 0 0 0 0 0 0 2.2 0 0 0 0 0 0 0 0 0 0 0 0 
 22 0 46.2 50.6 26 6.800000000000001 30.200000000000003 61 78.4 72 68.4 23.8 21.400000000000002 48.2 44.800000000000004 44.400000000000006 67.2 44 30.8 10.200000000000001 0.2 0 0 0 0.6000000000000001 0 0 0 0.2 0.4 0.6000000000000001 0.4 1.4000000000000001 0 0 0 0 0 0.2 14.8 0 0 0 0 0 0 0.6000000000000001 0 13 0.4 0 0 0 0 0.4 12 0 0.6000000000000001 0.6000000000000001 0 0 0 0 0 0.4 0 0 0.4 0 0.4 0 0.6000000000000001 0 0.6000000000000001 0 0 0.6000000000000001 0 0.6000000000000001 0 5.4 6.6000000000000005 4.4 3 3.8000000000000003 4 3.2 4.4 6.2 0 1.8 0 1.4000000000000001 0 2 5.4 5.6000000000000005 8 1.2000000000000002 2.6 0 0 0 0 0 0 0 0 0 0.2 0 0 9.200000000000001 0 0 2.8000000000000003 0 0 4.6000000000000005 0 0 0 0 0 0.2 0 0 0 0 0 0 0 0 0 0 0 0 0 0 0 0 0 0 0 0 0 0 0 0 0 0.2 0 0 0 0 0 0 0 0 0 1 2.8000000000000003 4.2 10.8 1 2.2 0 2 0 4.800000000000001 7.6000000000000005 0 0.2 0 5.800000000000001 3 3.6 11 2 1 2.2 0 0 0 0 0 0 0 0 0 0 0.4 4.800000000000001 0 0 0 0 0 2.6 2.8000000000000003 0 0 0 0 0 0 0.2 0 0 0 0 0 0 0 0 0 0 1.2000000000000002 0 0 0 0 0 0 0.4 0 0 0 0 0 0 0 0 0 0 0 0 0 0 0 0 3.4000000000000004 0 0 0 0.4 0 0.4 0 0.6000000000000001 0 2.4000000000000004 0 0 0 0 0 0 0 0 0 0 9.200000000000001 0 0 0 0 0 0 0 0 0 0 0 0 0 0 0 0 0 0 0 0 0 0 0 0 0 0 0 
 18.8 46.2 0 46.800000000000004 10.4 6 13.200000000000001 94 37.6 32.2 12.8 67.8 11.600000000000001 25.200000000000003 11 21.8 9.8 33.800000000000004 28.6 9.200000000000001 0.2 0 0 0 0.6000000000000001 14.600000000000001 15 0.2 0.2 0.8 0.6000000000000001 0.4 13.4 0 0.4 0 5.6000000000000005 0 29.6 0 0 0 0 0 0 0 0.6000000000000001 0 13 0.8 0 0 0 0 0.2 0.8 0 0.6000000000000001 0.6000000000000001 0 0 0 0 0 0.4 0 0 0.4 0.6000000000000001 0.4 0 0.6000000000000001 0 0.6000000000000001 0 0 0.6000000000000001 0.4 0.6000000000000001 0 2.2 4 6.2 1.6 2.6 10.4 0 0 6 9.8 4 4.800000000000001 0 2.6 2.2 0 8.4 9.200000000000001 0 4.800000000000001 0 0 0 0 0 0 2 0 0 0 0 0 0 0 0 0 0 0 4.4 2.6 0 0 0 0 0 0 0 0 0 0 0 0 0 0 0 0 0 0 0 0 0 9 0 0 0 0 0 0 0 0 0 0 0 0 0 0 0 0 0.2 0 0 3.4000000000000004 0.2 2 0 0 0 2 5.800000000000001 5 2.6 4 2.8000000000000003 0 4.6000000000000005 0 0 2.2 0 0 0 0 0 0 0 0.2 1.4000000000000001 0.2 0 0 0 0 0.4 0 0 0 0 0 2.6 5.6000000000000005 0 0 0 0.2 0 0 0 0 0 0 0 0 1.8 0 0 0 0 0 0 0 0 0 2 0 0 0 0 0 0 0 0 0 0 0 0 0 0 0 0.4 0 0 3.4000000000000004 0 0 0 0 1.2000000000000002 0 0.2 17.6 3.6 0.4 4.2 0 0 0 0 0 0 0 0 0 11.8 0 0 0 0 0 0 0 0 0 0 1.4000000000000001 0 0 0 0 0 0 0 0 0 0 0 0 0 0 0 0 
 26.8 50.6 46.800000000000004 0 40.2 34 12 33.2 47 37 53 31 9.4 44 30.400000000000002 26.400000000000002 27.6 67 30.200000000000003 52.400000000000006 0.4 0.2 0 0 0.8 0 39.6 0 0.6000000000000001 0.4 0.6000000000000001 0.4 16.6 0 5 0 0.2 0 0.2 16.400000000000002 0 0 0 0 0 0 0.6000000000000001 0 7.6000000000000005 0.8 0 0 0 0 0.2 0.8 0 0.6000000000000001 0.6000000000000001 0 0 0 0 0.6000000000000001 0.4 0 0 0.6000000000000001 0 0.6000000000000001 0 0.6000000000000001 0 0.6000000000000001 0 0 0.6000000000000001 0 0 0.2 5 2.6 6.2 0 8.8 2 0 0.4 5.2 0 0 2.4000000000000004 0 0 0 7.4 1.2000000000000002 6 0.2 2 1.8 5.2 0 0 0 0 5.800000000000001 3.2 0 0 0 0 5.4 0 0 2.6 0 0 0.8 8.4 0 0 0 0 0 0 0 0 0 0 0 0 0 0 0 0 0 0 0 0 0 0 0 0 0 0 0 0 0.2 0 0 0 0.4 0 0 0 0 0 0 0 1 3.2 2.8000000000000003 4 0 0 0 1.4000000000000001 5.6000000000000005 2.6 5.6000000000000005 3 0 0 4.6000000000000005 0 0 5.2 0 0 0 2.2 2.8000000000000003 0.2 0 0 0 0.2 0 0 0 0 3 0 0 0 0 0 6.4 0.4 0 0 0 0 3.4000000000000004 0.4 0 0 0 0 0 0 0 0 0 0 0 0 0 0 0 0 0 0 0 0 0 0 0 0 0 0 0 0 0 0 0 0 0 0 0 3.2 0 0 0 0.6000000000000001 0.8 0.4 0 0.2 0 0.6000000000000001 0 0.2 0 0 0 0 0 0 1.8 0 3 0 0 0 0 0 0 0 0 0 0 0 0 0 0 0 0 0 0 0 0 0 0 0 0 0 0 0 
 11.600000000000001 26 10.4 40.2 0 57.2 12.8 61.6 27.6 35.2 23 33.800000000000004 12.200000000000001 14.4 53.6 30.400000000000002 86 26.6 11.4 12.600000000000001 0.4 1.4000000000000001 0.2 0 1.2000000000000002 0.6000000000000001 0.4 1 0.4 0.8 0.6000000000000001 0.8 15.200000000000001 0 0.8 1.4000000000000001 0.2 0.4 0.4 17.8 0 0.4 0 12.8 1 1 0.8 0 0.2 0.8 0 0.4 0.2 0.2 0.8 0.6000000000000001 0.6000000000000001 1.6 0.8 0.4 0 0 0 0.2 0.4 0 0 0.6000000000000001 0.8 0.4 0 0.6000000000000001 2 0.6000000000000001 0.4 1.2000000000000002 0.6000000000000001 0.8 0.6000000000000001 7.4 1.4000000000000001 0 6.6000000000000005 0 0 4.4 0 0 2.4000000000000004 0.4 2 2.6 0 0 5.4 2 8.200000000000001 0 0 0 0.4 4 0 0 0 0 0 0 0.2 0 0.2 0 9.600000000000001 4 2.8000000000000003 0 0 0 0 0 0 0 0 0 0 0 0 0 0 0 0 0.2 0 0 0 0 0 0 0 0 0 0 0 0 0 0 0 0 0 0 0 0 0 0 0 0 0 0 6.4 0 0 2.8000000000000003 4.6000000000000005 4.2 2 2.6 0 0.2 0 3.6 1 0 0 0.2 4 1.2000000000000002 0.6000000000000001 0 0 0 4.6000000000000005 0.2 0 0.2 0 0 5 0 3.6 6.6000000000000005 3.2 2.2 3 0 2.8000000000000003 0 0 0 5.6000000000000005 2.4000000000000004 2.8000000000000003 0 0 0 0 0 0 0 0 0 0 0 0 0 0 0 0 0 0 0.2 0 0 0 0 0 0 0 0 0 0 0 0 0 0 0 0 0 0 0 0 0 0 0 0 0 0.6000000000000001 1.2000000000000002 0 0 0.2 0 6 0 0 0 0 0 0.4 0 0 0 0 0.4 0 0 0 0 0 0 0 6 0 0 0 0 0 4.6000000000000005 0 0 0 0 0 0 0 0 0 0 0 0 0 
 9.200000000000001 6.800000000000001 6 34 57.2 0 5.800000000000001 6.2 9.600000000000001 9.8 32.4 11.4 6 19.6 27.200000000000003 10.200000000000001 10.8 8.4 22 8.4 0.2 29.8 3.8000000000000003 0 0.6000000000000001 0 29.6 20.200000000000003 15.200000000000001 30.400000000000002 0.6000000000000001 0.4 0 20.200000000000003 12.4 0.4 14.8 0 15.8 29.6 0 0 0 0 0 0 0.6000000000000001 0 0.2 0.4 0 8.4 0 0 0 0.6000000000000001 0 0.6000000000000001 0.6000000000000001 0 0 0 0 0.2 0.4 0 0 0.6000000000000001 0 0.4 0 0.6000000000000001 0 0.6000000000000001 0.8 9.4 0.6000000000000001 0 0.4 0 0 0 0 0 9.600000000000001 3 0 0 3.6 0 0.4 6.2 3.2 0 0.2 0 0 0 0 0 3 6 4.2 0.2 0 0 6.800000000000001 5.4 4.2 1.8 5.2 0 2.8000000000000003 0 3 0 0.2 2 0 7.4 0 0 0 0 0 0 0 0 0 0 0 0 0 0 0 0 0 0 0 0 0 0 0 0 0 0 0.4 0 0.4 0 0 0 0 0 0 0 0 0 0 0 3.4000000000000004 0 0.2 0 2.4000000000000004 0.6000000000000001 0 0 0 0 0 3 0.2 0 0 0 0 0 0 0 12.200000000000001 8.8 8.6 0.4 0 0 2.2 0 0.2 3.2 5.4 1.8 5.6000000000000005 2.2 2.8000000000000003 0 2.8000000000000003 0.4 0.6000000000000001 0 0 0 0 0 0 0 0 0 0 0 0.2 0 0 0 0 0 0 0 0 0 0 0 0 0 0 0 0 0 0 0 0 0 0 0 0 0 0 0 0 0 0 0 0.2 0 0 0 0.2 0.2 0.2 0 0 3.4000000000000004 0 0 0 0 0 0 0 0 0 0 0 0 0 0 0 0 0 0 0 0 0 0.4 0 0 4.6000000000000005 0 0 0 0 0 0 0 0 0 0 0 0 0 
 74.2 30.200000000000003 13.200000000000001 12 12.8 5.800000000000001 0 68 35.4 28.8 3 35.4 37.6 8.4 26.8 25.400000000000002 22.400000000000002 80.4 9.8 13.600000000000001 0 0 0.4 0 0.6000000000000001 14.600000000000001 0 0 0.6000000000000001 0.6000000000000001 1.2000000000000002 0.6000000000000001 0 0.8 0 0 0 0.4 0 0.4 0 0.4 0 0.6000000000000001 0 0.2 0.6000000000000001 0 0 0.4 0 0 0 0.6000000000000001 0 0.6000000000000001 0 1 0.6000000000000001 0 0 0.4 0 0.4 0.4 0 0 0.8 0.6000000000000001 0.4 0 0.6000000000000001 0.4 0.6000000000000001 0.2 0.8 0.6000000000000001 0 0.2 0 0 3.4000000000000004 2.4000000000000004 0 0 0 2 11.8 0 23.8 1.6 0 4.6000000000000005 11.4 2.2 0 0 0.2 2.6 0 0 0 0 0 0 0 0 0 0 0 0 0 0 0 0 0 0 0 0 0 0 0 0 0 0 0 0 0 0 0 0 0 0 0 0 0 0 0 0 0 0 0 0 0 0 0 0 0 0 0 0 0 0 0 0 0 0 0.4 0 1.4000000000000001 0 0 0.2 0.4 0 0 5.2 2.6 2.8000000000000003 1 0 1.6 1.8 7.6000000000000005 4.2 2.6 0 1.6 3 0 0 0 0 0 0 0 0 0 0 0 0 0 0 0 0 0 0 0 0 0 0 0 0 5 0 0 0 0 0 0 0 0 0 0 0 0 0 0 0 0 0 0 0 0 0 0 0 0 0 0 0 0 0 0 0 0 0 0 0 0 0 0 0 0 0 0.6000000000000001 0.4 0 18.2 0 0 1.4000000000000001 0 0 0 0 0 0 0 0 0 0 0 0 0 0 0 0 0 0 0 0 0 0 0 0 0 0 0 0 0 0 0 0 0 0 0 0 0 0 
 29.6 61 94 33.2 61.6 6.2 68 0 33.800000000000004 46.6 21.8 52 17.8 47.6 13 41 42.2 27 8.4 11 0 0 0 0 0.6000000000000001 0 0 0 0.4 0.4 0.6000000000000001 0.4 15.200000000000001 0 0 0 0 0 0 0 0 0 0 0 0 0.4 0.6000000000000001 0 8.8 0.6000000000000001 0 0 0 0 0.2 0.6000000000000001 0.6000000000000001 0.6000000000000001 0.6000000000000001 0 0 0 0 0.2 0.4 0 0 0.6000000000000001 0 0.4 0 6.4 0.2 0.6000000000000001 0 0 0.6000000000000001 0 0.4 0 17 5 3 5.2 2.2 5.800000000000001 0 2.8000000000000003 5.4 3.2 2.8000000000000003 0.6000000000000001 0 1.8 3 7.2 1 1.8 2.4000000000000004 4.6000000000000005 0 0 0 0 0.4 0 2.8000000000000003 0 0 0 0 0 0 0.2 0 0 0 0 0.2 0 0 0.4 0 0 0 0.2 0 0 0 0 0 0 0 0 0 0 0 0 0 0 0.4 0 0 0 0 5 0 0 0 0 0 0 0 0 0 0.4 0 0 0 0 0 5.4 5.800000000000001 3.2 1.8 4 0.6000000000000001 3.6 0.4 12.8 0 0 0 2.4000000000000004 3.6 1.4000000000000001 0 1.6 1.8 0 0 0 0 0 0.2 0 0 0 0 0 0 0 0 0 0 0 0 0 2.6 0.2 0 0 0 0 0 0 0 0 0 0 0 0 0 0 0 0 0 0 0 0 0 0 0 0 0 0 0 0 0 0 0 0 0.4 0 0 0 0 0 0 0 0 0 0 0 0 0 0.2 0 0.4 9 0.4 4 0 0 0 0 0 0 0 0 0 0 2 0 0 0 0 0 0 0 0 0 0 0 0 0 0 2.4000000000000004 0 0 0 0 0 0 0 0.4 0 0 0 0 
 54.6 78.4 37.6 47 27.6 9.600000000000001 35.4 33.800000000000004 0 79.80000000000001 45 44.800000000000004 52.400000000000006 24.6 19.6 56.400000000000006 28.400000000000002 15.600000000000001 25.200000000000003 31 0 0 0 0 0.6000000000000001 0 15.200000000000001 0 0.6000000000000001 0.4 0.6000000000000001 0.4 0 0.4 0 0 0 0 14.8 0 0 0 0 0 0 0.2 0.6000000000000001 0 0 0.4 0 0 0 0 12.4 2.6 0 0.6000000000000001 0.6000000000000001 0 0 0 0 1 0.4 0 0 0.6000000000000001 0 0.6000000000000001 0 0.6000000000000001 0 0.6000000000000001 0 0 0.6000000000000001 0 0 0.2 0 4.6000000000000005 3 1.4000000000000001 1.8 8.200000000000001 1.8 2.6 6.2 7.4 5 0 0 6.2 4.6000000000000005 5.4 0 1 0 2.4000000000000004 1.8 0 0 0.4 0 0 0 0 0 0 0 0 0 0 0.6000000000000001 0 0 0 0 2 0 0 0 0 0 0 0 0 0 0 0 0 0 0 0 0 0 0 0 0 0 0 0 0 0 0 0 0 0 0 0 0 0.2 0 0 0 0 0 2 0 0 0 0 3.4000000000000004 0 0.8 2.6 0 0.2 0 3.6 4.4 1.2000000000000002 5.6000000000000005 0.4 0.4 1 3.6 0 0 1.6 4.2 0 0 0 0 0 0.2 0 0 0 0 1.4000000000000001 0 0 0 0 0 5.6000000000000005 0.4 0 0 2 0.4 0 0.2 0 0 0 0 0 0 0 0 0 0 0 0 0 0 0 0 0 0 0 0 0 0 0 0 0 0 0 0 0 0 0 0 0 0 0 3.8000000000000003 0 0 0 0.2 0.4 0.4 5.800000000000001 0 0 1.4000000000000001 0.4 0.4 0 0.4 0 0 0 0 0 0 2 0 0 0 0 0 0 0 0 0 0 0 0 0.4 2.6 0 0 0 0 0 0 0 0 0 0 0 0 0 
 27.8 72 32.2 37 35.2 9.8 28.8 46.6 79.80000000000001 0 85.2 8.8 48.400000000000006 43.400000000000006 64.4 102.60000000000001 145.4 18.8 56.2 34 0 0 0 0 0.6000000000000001 0 0 0 0.6000000000000001 15.200000000000001 0.6000000000000001 0.4 0 0 0 0 0 0 0 0 0 0 0 0 0 0 0.6000000000000001 0 0 0.6000000000000001 0 0 0 0 12.4 2 0 0.6000000000000001 0.6000000000000001 0 0 0 0 0.4 0.4 0 0 0.6000000000000001 0 0.4 0 0.6000000000000001 0 0.6000000000000001 0 0 0.6000000000000001 9.200000000000001 0.2 0 2 2.4000000000000004 2.8000000000000003 4.6000000000000005 0 11 4 0 1.4000000000000001 9.600000000000001 7.4 0 0 10.600000000000001 4.2 2.4000000000000004 1.8 7.4 0 4.800000000000001 0 0 0 0 0 0 0 0 0 0 0 3.4000000000000004 0 0 0 0 0 0 0 0 0 0 0 0 0 0 0 0 0 0 0 0 0 0 0 0 0 0 0 0 0 0 0 0 0 0 0 0 0 0 3 0 0 0 0 0 0 0 0 0 0.4 8.200000000000001 0 4.2 1 2.4000000000000004 0 9.600000000000001 1.8 0.8 3.2 5.2 0 8.4 2 0.4 0 5.4 2.6 0 0 0 0 0 2.8000000000000003 0 0 0 0 0 0 0 0 0 0 0 0 0 3.2 0 0 0 0 0.4 0 0 0 0 0 0 0 0 0 0 0 0 0 0 0 0 0 0 0 0 0 0 0 0 0 0 0 0 0 0 0 0 0 0 0 0 0 2.2 0 0 0 0.4 0.8 0 11.200000000000001 17.2 0 2.8000000000000003 4 0 0 0 0 0 0 0 0 0 0.2 0 0 0 0 0 0 0 0 0 0 0 0 0 0 5.4 0 0 0 0 0 0 0 0 0 0 0 0 
 9.8 68.4 12.8 53 23 32.4 3 21.8 45 85.2 0 30.6 16.6 6.4 29.8 32.6 86.60000000000001 51.2 9.4 23.6 14.8 0 0 0 0.6000000000000001 0 25.400000000000002 0.4 0.8 0.4 0.6000000000000001 0.4 0 0 14.8 0.4 0 0 24.400000000000002 1 0 1.6 0 0 0 0 0.6000000000000001 0 0 0.8 0 0 0 0 7 0.6000000000000001 0 0.6000000000000001 1.8 0 0 0 0 0.4 0.4 0 1.6 0.6000000000000001 0 0.4 0 0.6000000000000001 0 0.6000000000000001 0 0 0.6000000000000001 0 0.2 0.4 2 0.4 2.6 4 0.2 0 0 3.8000000000000003 0 6.2 3.2 2.8000000000000003 0 2.4000000000000004 0 3 2.8000000000000003 0 0 2.8000000000000003 1.2000000000000002 3.4000000000000004 0 2.2 0 0 0 0 0.2 0 0 0 2.2 0.2 2.2 4.4 0 0 0.4 0.8 0 0 0 0 0 0 0 0 0.4 0 0 0 0 0 0 0 0 0.4 0 0 0 0 0 0 0.4 0 0 0 0 0 0 1.8 0 0 0 4.2 0 0 1 0 0 0 0 10.4 0 2.2 0 0 2.6 0 0.4 7.2 0 0 4.6000000000000005 3 0 3.6 0.4 0 0 0.2 0 0 0 0 0.2 0.2 0.2 0 0 0 7.2 0 0 0 0 0 0 2.4000000000000004 0.2 0 0 0 0 0 0 0 0 0 0 0 0 0 0 5.2 0 0 0 0 0.4 0 0 0 0 0 0 0 0 0 0 0 0 0 0 0 0.2 0 0 0 0 3.2 0 0 0.4 0.2 19.6 0 20.200000000000003 38.2 0 2.2 0 0 0.4 0 0 0 0.2 0 0 0 0 0 0 0 0 0 0 0 0 0 0 0 0 2.2 0 0 0 0 0 0 0 0 0 0 0 0 0 0 
 6.6000000000000005 23.8 67.8 31 33.800000000000004 11.4 35.4 52 44.800000000000004 8.8 30.6 0 8.4 7.4 25.200000000000003 9.200000000000001 35.6 58.400000000000006 5.800000000000001 48.400000000000006 7.4 29.6 0.4 0 0.6000000000000001 0 32.6 0 0.6000000000000001 0.4 0.6000000000000001 0.4 17.400000000000002 0 0 0 0 0 26.6 0 0 1 0 0 0 0 0.6000000000000001 0 0.2 0.4 0 0 0 0 0 0.6000000000000001 0 0.6000000000000001 4 0 0 0 0 0.8 0.4 0 0.8 0.6000000000000001 0 3.2 0 0.6000000000000001 0 0.6000000000000001 0 0 8.4 0 0.2 1.4000000000000001 0.2 0 0.2 3.4000000000000004 8 5.2 0.2 0 7.2 0 2.4000000000000004 3.2 0 0 0.2 3.2 0 2.8000000000000003 0 0 2.8000000000000003 0 0 3.2 0 0 0.2 0.2 0 0 0.2 0 2.4000000000000004 5 5 1.8 0 0 7.2 3.4000000000000004 0 0 0 0 0 0 0.2 0 0 0 0 0 0 0 0 4 0 0 0 0 0 0 0 0 0 0 0 0 0.2 0 0 0 0 0 0 0 0 0 4 0 0.8 0 0.4 0 2 3.4000000000000004 0 0.2 4.4 0 0 0.2 0 0 0 0 0 0 0 0 0 6 0.2 0 0 0 6.800000000000001 2.8000000000000003 2.6 8.200000000000001 0 0 2.2 0 1.4000000000000001 0 0.2 3 3.2 8.200000000000001 0 0 0 0 0 0 0 0 0 0 0.4 0 0 0 0 0 0 0.4 0 0 0 0 0 0 3.8000000000000003 0 0 0 0 0 1.2000000000000002 0 0 0 0 0 0 0 0 0 0 0 0 0 0 0.2 19.8 0.4 1.4000000000000001 0.8 2.8000000000000003 0.6000000000000001 0 0 0 0 0 0 0 0 0 0 0 0 0 0 0 0 0 0 0 0 0 0 0 5.2 9.600000000000001 0.2 0 0 0 0 0 0 0 0 0 0 0 0 
 14.600000000000001 21.400000000000002 11.600000000000001 9.4 12.200000000000001 6 37.6 17.8 52.400000000000006 48.400000000000006 16.6 8.4 0 32.2 28 25 24 26.6 36.2 33.6 0 0.4 0 0 0.6000000000000001 0 0 0 0.6000000000000001 0.4 0.6000000000000001 0.4 0 0.2 0 0 0 0 0.4 0 0 0 0 0 0 0 0.6000000000000001 0.6000000000000001 0 0.4 0 0 0 0 6.6000000000000005 1.8 0 0.8 1 0 0 10 0 0.4 0.4 0 0 0.6000000000000001 0 0.4 0 0.6000000000000001 0.8 0.6000000000000001 0 0 0.6000000000000001 0 0.2 0 0.4 4 1.8 0 0 0.2 3 6 0 6.2 0.8 0.4 8.200000000000001 12.600000000000001 5 2.6 0 0.2 2 3.6 0 0 2.2 0 0 0 0 0 0 0 0 0 0.2 0 0 0 0 0 0 0 0 2 0 0 0 0 0 0 0 0 0 0 0 0 0 0 0 0 0 0 0 0 0.2 0 0 0 0 0 0 0 1 0 0 0 0 0 1.8 1.8 0 0 0.4 1.4000000000000001 0.2 3.6 0 1.6 0.8 2 3.2 0.2 4.800000000000001 0 3 1.4000000000000001 0 12.600000000000001 6 2.4000000000000004 1.6 0 0 0 0 0 0 0 0 0 0 0 0 0 0 0 0 0 0 0 0.2 0 0 0 0.4 0 0 0 0.2 0 0 0 0 0 0 0 0 0.4 0 0 0 0 0 0 0 0 0 4.800000000000001 0 0 0 0 0 0 0 0 0 0 0 0 0 0 0 3.2 0 0 0 0 0.2 0.4 18 0 0 3.2 0 0 0 0 0 0 0 0 0 0 0 0 0 0 0 0 0 0 0 0 0 0 0 0 0 0 0 0 0 0 0 0 0 0 0 0 0 0 
 74.60000000000001 48.2 25.200000000000003 44 14.4 19.6 8.4 47.6 24.6 43.400000000000006 6.4 7.4 32.2 0 33.4 29 30.400000000000002 47 70.2 30.200000000000003 0 0 0 0 0.8 0 0.8 0 0.4 0.8 1 0.4 0 0 0 0 0 0 0 0 0 0 0.6000000000000001 0 0 0 0.6000000000000001 0 0 0.6000000000000001 0 0 0 0 0 1.2000000000000002 0 0.6000000000000001 0.6000000000000001 0 0 0 0 0.2 1 0 0.2 0.6000000000000001 0.4 0.4 0.4 1 0 0.6000000000000001 0 0 1 0.4 0.6000000000000001 0 1.4000000000000001 0.2 4.4 3 0 2.8000000000000003 11.600000000000001 0.4 0 2 2.4000000000000004 0 5.2 0 1.4000000000000001 2.2 0.2 0 2 14 0 0 0 0 0 0 0 0 0 0 0 0 0 0 0 0 0 0 2.8000000000000003 0 0 0 0 0 0 0 0 0 0 0 0 0 0 0 0 0 0 0 0 0 0 0 0 2.8000000000000003 0 0 0 0 0 0 1 0 0 0 0 0 0 0 0 0 2.4000000000000004 1.4000000000000001 2.4000000000000004 3 2.2 2.8000000000000003 4.2 6.800000000000001 0 0.2 2.2 0 0 4.2 0 0 8.8 4.4 3.8000000000000003 1.4000000000000001 0 0 0 0 0 0 0 0 0 0 0 0 0 0 0 0 0 0 2.8000000000000003 0 0 0 0 0 0 0 0 0 0 0 0 0 0 0 0 0 0 0 0 0 0 0 0 0 0 0 0 0 0 0 0 0 0 0 0 0 0 0 0 0 0 2 0 0 0 0.4 0.2 0 0 17 0 1.6 0 0 0 0 0 0 0 0 0 0 0.2 0 0 0 0 0 0 0 0 0 0 1.8 0 0 0 3 0 0 0 0 0 0 0 0 0 0 0 0 
 6 44.800000000000004 11 30.400000000000002 53.6 27.200000000000003 26.8 13 19.6 64.4 29.8 25.200000000000003 28 33.4 0 48 86.60000000000001 15.600000000000001 13.200000000000001 74.8 0 0 0 1.2000000000000002 0.6000000000000001 0 0.2 14.600000000000001 0.4 1.6 1 0.4 4.6000000000000005 0.4 0 0 1.2000000000000002 0 14.600000000000001 0 0 0 0 0 1.6 0 0.6000000000000001 0.4 0 0.4 0 12.600000000000001 0 0.8 12 0.6000000000000001 2 0.6000000000000001 0.6000000000000001 0 0 0 0 0 1.2000000000000002 0.8 0 0.6000000000000001 0 0.4 0 0.6000000000000001 0 0.6000000000000001 0 0 0.8 0.6000000000000001 0.6000000000000001 0 5.6000000000000005 4.4 1.4000000000000001 7 0.4 4.800000000000001 0 3.6 6 0 3.2 4.4 2.2 3 1.4000000000000001 6.2 5 2.6 0 0 0 0 0 0 0 0 0 0 0 0 0 0 4.6000000000000005 0 0 0.4 0 0 0 0 0 2.2 0 0 0 0 0 0 0 0 0 0 0 0 0 0 0 0 0 0 0 0 0 0 0 0 0 0 0 0 0 0 0.4 0 0 0 0 0 0.6000000000000001 0.2 0 9.200000000000001 7 3.4000000000000004 5.4 0.8 0 1.2000000000000002 4 3.2 6.800000000000001 6 0 0 3.4000000000000004 2.4000000000000004 0 0 0.6000000000000001 0 0 0 0 0 1.6 0 1 0 0 0 0 0 0 0 0 0 0 0 0 2.2 0 0 0 0 0 0 0 0 0 0 0 0 0 0 0 3.8000000000000003 2 0 0 0 0 0 0 0 0 0 0 0 0 0 0 0.2 0 0 0 0 0 0 0 0 0 0 0 0 0 0 19.6 0 0.6000000000000001 0.6000000000000001 0.2 1.2000000000000002 3.2 0 0 0 0 0 0 0 0 0 0 0 0 0 0.2 0 0 0 0 0 0 0 0 0 0 0.6000000000000001 0 0 0 0 0 0 0 0 0 0 0 0 
 21 44.400000000000006 21.8 26.400000000000002 30.400000000000002 10.200000000000001 25.400000000000002 41 56.400000000000006 102.60000000000001 32.6 9.200000000000001 25 29 48 0 30.6 45.400000000000006 49.800000000000004 30.400000000000002 0 0 1.2000000000000002 0 0.6000000000000001 0 0 0 0.4 0.4 0.6000000000000001 0.4 7.2 0 0 0.4 0 0 0 0 0 0 0 0 0 0 0.6000000000000001 0 0 0.6000000000000001 0 0 0 0 13.200000000000001 0.6000000000000001 12.4 1.8 0.6000000000000001 0 1 0 0 0 0.4 0 0 0.6000000000000001 0 0.4 0 0.6000000000000001 0 0.6000000000000001 0 0 1 0.6000000000000001 0.6000000000000001 0 2.8000000000000003 2.6 2.6 5 0 0.8 4.2 0 2.2 7.2 2.2 3.2 0 2.8000000000000003 4.2 0.8 2.8000000000000003 0 2 4.800000000000001 0 0 0 0 0 0 0 0 0 0 0 0 3 0 0 0.2 0 0 3.8000000000000003 0 0 0 0 0 0 0 0 0 0 0 0 0 0 0 3.2 0 0 0 0 0 0 0 0 0 0 0 0.2 0 0 0 0 0 0 0 0 0 0 0 0 0 2.2 1.8 6.800000000000001 4 9.8 3.2 0 1.8 2 0.4 4.2 4 0.4 4 3.8000000000000003 0.4 2.8000000000000003 5.800000000000001 0.2 2.4000000000000004 0 0 0 0 0 0 1.8 0 0 0 0 0 0 0 0 0 0 0 0 1.8 0 0 0 0.2 0 0 0 0 0 0 0.4 0 0 0 0 2.6 0 0.2 0 0 0 0 0 0 0 0 0 0 0 0 0 0 0 0 0 0 0 0 0 0 0 0 0 0 0 0 17.6 0 5.4 17.8 0 1 0 0 3 0 0 0 0 0 0 0 0 0 0 0 0 0 0 0 0 0 0 0.2 0 0 0 1.8 0 0 0 0 0 0 0 0 0 0 0 0 
 10 67.2 9.8 27.6 86 10.8 22.400000000000002 42.2 28.400000000000002 145.4 86.60000000000001 35.6 24 30.400000000000002 86.60000000000001 30.6 0 28.6 7.4 8.8 0 0.6000000000000001 0.6000000000000001 0 0.6000000000000001 0.2 19.8 0 0.4 0.4 0.6000000000000001 1 15.600000000000001 0 0 0 0 0.4 0 0 0 0 0.4 0 0.6000000000000001 0 0.6000000000000001 0 12.600000000000001 0.8 0 0 0.4 0 0.8 1.2000000000000002 0.6000000000000001 0.6000000000000001 2.2 0 0.6000000000000001 0 0 0 0.4 0.6000000000000001 0 0.6000000000000001 0 0.4 0 0.6000000000000001 0 0.6000000000000001 0.8 0 0.6000000000000001 0 0.6000000000000001 0 3.4000000000000004 0.2 3.8000000000000003 1.2000000000000002 3.6 4.2 0 2.8000000000000003 5.4 13.600000000000001 5.2 0 0 6.4 5.4 3.6 14.200000000000001 7.6000000000000005 0 0.4 0 0 0 0.6000000000000001 0 0 0 0 0 0 0.2 0 0 0 0.4 1.8 0 0 3.4000000000000004 0 0 0 0 0 0 0 0 0 0 0 0 0 0 0 0 0 0 0 0 0 0 0 0 0 0 0 0 0 0 2 0 0 0 0 0 0 0 0 0 0 0 5.800000000000001 2 6.6000000000000005 0 2 0 0 4.800000000000001 5.6000000000000005 8.4 5.6000000000000005 4.4 0.4 0.4 6 1.4000000000000001 0 0 0 1.4000000000000001 0 0 0 0 0 2.6 0 0.4 0 0 0 2 0 0 0 0 0 2.2 0 0 0 0 0 0 0 0 0 0 0 0 0 0 0 0 0 0 0 0 0.4 0 0 0 0 0 0 0.2 0 0 0 0 0 0 0 0 0 0 0 0 0 0 0 0 0 0 0 1.2000000000000002 0.2 0.2 0.4 0 2.8000000000000003 5 0.4 0 0 0 0 0 0 0 0 0 0 0 0 0 0 0 0 0 0 0 0 0 0 0 0 0 0 0 0 0 0 0 0 0 0 0 0 
 23 44 33.800000000000004 67 26.6 8.4 80.4 27 15.600000000000001 18.8 51.2 58.400000000000006 26.6 47 15.600000000000001 45.400000000000006 28.6 0 16.400000000000002 7.800000000000001 0 0 0 0 0.6000000000000001 0.2 15 0 0.4 0.4 0.6000000000000001 0.4 8.6 0 0 0.2 0.2 0 14.8 0.4 0 0 0 0 0 0 0.6000000000000001 0 13 0.4 0 0 0 0 0.2 1.8 0 0.6000000000000001 0.6000000000000001 0 0 0 0 0 0.4 0 0 0.6000000000000001 0.2 0.4 0 0.6000000000000001 0 1.2000000000000002 0 0 0.6000000000000001 1.8 0.6000000000000001 0 4.2 0 1.6 0.2 10.8 9 8.200000000000001 2.4000000000000004 10.8 2.8000000000000003 2.8000000000000003 4 0 0 4 3.8000000000000003 6.800000000000001 7.800000000000001 1.8 1.4000000000000001 0 0 0 0.2 0 0 2 0 0 0 0.4 0 2 0 0 0.6000000000000001 0 0 7.2 0 0 0 0.4 0 0 0 2.6 0 0 0 0 0 0 0 0 1.2000000000000002 0 0 0 0 0 0 0 0 0 0 0 0 0 0 0 0 0 0 0 0 0 0 0 0 2.8000000000000003 0 3.2 5 2.4000000000000004 0.6000000000000001 0.2 0 11 2.2 5.800000000000001 2.6 0.2 0 0.4 0 3 4.4 0 1.8 0.4 3 0.4 0 0 0 0 0.4 0 0 0 0 0 0 0 0.4 0.2 0 4.800000000000001 3.4000000000000004 0 0 0 0 0 0 0 0 0 0 0 0 0 0 0 0 0 0 0 0 0 0 0 0 0 0 0 0 0.4 0 0 0 0 0 0.4 0 0 0 0.2 1.8 0 4.6000000000000005 0 0 0 0.2 1.4000000000000001 0 0.4 0.4 3 1.6 3.8000000000000003 0 0.4 0 0 0 0 0 0 0 0.2 0 0 0 0 0 0 0 0 0 0 0 0 0 3.8000000000000003 0 0 0 0 0 0 0 0 0 0 0 0 0 
 31.8 30.8 28.6 30.200000000000003 11.4 22 9.8 8.4 25.200000000000003 56.2 9.4 5.800000000000001 36.2 70.2 13.200000000000001 49.800000000000004 7.4 16.400000000000002 0 75.4 0 0 0.4 0.6000000000000001 0.6000000000000001 0 0 0.2 0.4 1.6 0.6000000000000001 0.4 0 0 0.6000000000000001 0 0.6000000000000001 0.2 0 0.6000000000000001 0 0 0.8 0 1.8 0.4 0.6000000000000001 0 0 0.4 0 0.2 0 1.6 0 2 0 0.6000000000000001 0.6000000000000001 0 0 0 2.2 0.4 0.8 0.4 0 0.6000000000000001 0.8 0.4 0 0.6000000000000001 6.2 0.6000000000000001 0 0 1.4000000000000001 0 7.6000000000000005 0 0 0 1.2000000000000002 0 0 4.4 5.800000000000001 0 0 0 0 0 2 0 0 2 0 0 1.2000000000000002 9.8 0 0 0 0 0 0 0 0 0 0 0 0 0 0 0 0 0 0 0 2.6 0 0 0 0 0 0 0 0 0 0 0 0 0 0 0 0 0 0 0 0 0 0 0 0.2 0 0 0 0 0 0 0 0 0 0 0 0 0 0 0 1.4000000000000001 2.8000000000000003 0 0 7.2 0 0 0 2.2 0 0.6000000000000001 2.2 0 0 1.4000000000000001 2.8000000000000003 4 6.6000000000000005 3.4000000000000004 3.4000000000000004 0 0 0 0 0 0 0 0 0 0 0 0 0 0 0 0.2 0 0 0 3.4000000000000004 0 0 0 0 0 0.2 0 0 0 0 0 0 0 3.4000000000000004 0 0 0 0 0 0 0.4 0 0 0 0 0 0 0.2 0 0 0 0 0 0 0 0 0 0 0 0 0 0 2.2 0 0 0 0 0 0 0 0.4 0 2.6 0 0 0 0 0 0 0 0 0 0 0.4 0 0 0 0 0 0 0 0 0 0 0 0 0 0 0 0 0 0 0 0 0 0 0 0 0 0 0 
 9.600000000000001 10.200000000000001 9.200000000000001 52.400000000000006 12.600000000000001 8.4 13.600000000000001 11 31 34 23.6 48.400000000000006 33.6 30.200000000000003 74.8 30.400000000000002 8.8 7.800000000000001 75.4 0 0 0 0 0 0.6000000000000001 0 0 0 0.4 0.4 0.6000000000000001 0.4 0 0 0 0 0 0 0 0 0 0 0 0 0 0 0.6000000000000001 0.6000000000000001 0 0.4 0 0 0 0 11.600000000000001 0.8 0.2 0.6000000000000001 0.6000000000000001 0 0 0 0 0.2 0.4 0 0 0.6000000000000001 0 0.4 0 0.6000000000000001 0 0.6000000000000001 0 0 0.6000000000000001 0 0.6000000000000001 0 0.2 4.2 0 0 0 0 8 4 0 5.6000000000000005 0.2 0 0.2 2.2 0.2 0 0 0 5.4 1.8 0 0 0 0 0 0 0.4 0.4 0 0 0 0 0 0 0 0 0 0 0 0 0 0 0 0 0 0 0.4 0 0 0 0 0 0 0 0 0 0 0 1.6 0 0 0 0 0 0 0 0 0 0 0 2.2 0 0 0 0 0 0 2 0 0.4 3.2 2 0.2 2.6 0 1.4000000000000001 2.2 2.4000000000000004 0 1.2000000000000002 2.4000000000000004 0.4 0 8.4 0 7.4 6.2 0.2 3 0 0 0 0 0 0 0 0 0 0 0 0 0 0 0 1.8 0 0 0 0 0 0 0 0 0 0 0 0 0 0 0 0.2 0 0 0 0 0 0 3 0 0 0 0.4 0 0 0 0 0 0 0 3.6 0.6000000000000001 1.8 0 0 0 0 0 0 0 0 0 0 0 0 0 0 0.2 0 17.2 0 0 2 0 0 0 0 0 0 0 0 0 0 0 0 0 0 0 0 0 0 0 0 0 0 0 0 0 0 0 0 0 0 0 0 0 0 0 0 0 0 
 0.2 0.2 0.2 0.4 0.4 0.2 0 0 0 0 14.8 7.4 0 0 0 0 0 0 0 0 0 50 13 25.8 44 11.600000000000001 29.6 10.600000000000001 27 29.8 49.6 23.8 35.800000000000004 46.800000000000004 37.6 24.200000000000003 55.2 33.800000000000004 9.4 10.8 0.4 1 0 0 0 0.4 0 0.4 0 0.4 0 0.4 0.4 0.6000000000000001 0 0 0 0 13.4 0 0.6000000000000001 0 0 0.6000000000000001 0 0 0.8 0 0 0.6000000000000001 0 0 0.4 0 0.6000000000000001 0 0 0.4 0 1.4000000000000001 0 0 0 1.4000000000000001 4 2.8000000000000003 0 0 0 0.2 1.6 0 0 0.4 0 0.4 0 0 0 0 3.6 0 1.4000000000000001 3.8000000000000003 2.6 0.6000000000000001 0 5.6000000000000005 1.6 0 0.4 0 0 1.8 0 3.4000000000000004 1.6 4.2 3.4000000000000004 11.600000000000001 1.8 0 0 0 0 0 3.2 0 0 0 4.4 0 0 0 0 0 0.2 0 3 0 0 0 0 0 0 0 0 0 0 0 0 0 0 0 0 0 0 0 0 0 0 0 0.2 0 0.2 2.8000000000000003 0 0 0 0 0.2 0 0 0 0 0.2 0 0 0 0 0.8 8.4 4.800000000000001 2.4000000000000004 0 0 3.4000000000000004 0.2 1.6 2.6 8.6 0 1.4000000000000001 0 0.2 1.8 0 4.2 2.2 2.6 0 0 0 0 0 0 0 0 0 0 0 0 2.2 0 0 0 0 0 2.2 0.2 0 0 0 0 0 0 2.8000000000000003 0.2 0.2 0 0 0 0 0 0 0 0 0 0 0 0 0 0 0 0 0 0 0 0 0 0 0 0 0 3.8000000000000003 0 0 16 0 0 0 0.4 0 0 0 0 0 0 0 0 0 0 0 0 0 2.4000000000000004 0 0 0 0 0 0 0 0 0 1 0 0 0 0 
 0 0 0 0.2 1.4000000000000001 29.8 0 0 0 0 0 29.6 0.4 0 0 0 0.6000000000000001 0 0 0 50 0 36.6 55.6 64.2 6 18 123.60000000000001 13.600000000000001 6.4 5.800000000000001 26.8 15.4 26.200000000000003 54.800000000000004 22.200000000000003 5.6000000000000005 23 54.800000000000004 12.200000000000001 0.4 1.2000000000000002 0 0 0 0.4 0 0.4 0 0.4 0 0 0.6000000000000001 0.6000000000000001 0 0 0 0.4 12.8 0 0.6000000000000001 0 0 0.6000000000000001 0 0 0.6000000000000001 0 0 1 0 0 0.4 0 0.6000000000000001 0 0 0.6000000000000001 0 9.600000000000001 0 0 0 1.2000000000000002 3 0 0 0.2 0 0 2 7.6000000000000005 2.2 0 0 0 0 0 0 0.2 4.4 2.2 6.2 6.4 0 0 0 5.800000000000001 1.4000000000000001 3.6 7.4 0.4 1.8 2.2 2.2 4.6000000000000005 0.6000000000000001 2.2 0 6 0 0 0 0 0 0 2.4000000000000004 0 0 0 0 0 0 0 0.4 0 0 0 0 0 0 0 0 0 0 0 0 0 0 0 0 0 0 0 0 0 0 0 0 0 0 0 0 0 2.8000000000000003 0 0 0 0 0 0.4 0 0 0 0 0 0 0 0 1 0 3.4000000000000004 4 6.800000000000001 2.2 0 2.6 11.4 1.8 6.2 0 6 2.6 11.8 1.4000000000000001 9.200000000000001 3 6.800000000000001 6.4 1.4000000000000001 0 0 0 0 0 0 0 2.6 0 0 0 0 0 0 1.6 0 0 0 0.4 0 0 0 0 0 0 0 0 0 0 0 0 0 1.2000000000000002 0 0 0 0 0 0 0.2 0 0 0 0 0 0.4 0.4 0 0 0.2 0 0 0.4 0 1.2000000000000002 0.2 0.2 0 0.4 0 0.4 2.6 0 0 0 0 0 0.4 0 0 0 0 0 0 0 1.8 0 0 0 1.6 0 0 0 0 0 0.4 0 0 0 0 
 0 0 0 0 0.2 3.8000000000000003 0.4 0 0 0 0 0.4 0 0 0 1.2000000000000002 0.6000000000000001 0 0.4 0 13 36.6 0 21 69.4 24.400000000000002 56 34.4 42.6 48.6 7.800000000000001 22.6 30.6 8.4 54.6 131.8 23.400000000000002 48.2 93.4 75 0.4 0.8 0 0 0 0 0 0.4 0.4 0 0 0 0.4 0.8 0.2 0 0 0.6000000000000001 9 0 0.6000000000000001 0 0 0.6000000000000001 0 0 3.4000000000000004 0 0 0 0 0 0.4 0 0.6000000000000001 0 0.8 0.6000000000000001 0.4 0 0 0 0 0 0 0 0 0 0 0 0 2.2 0 0 0 1.8 0 0 0 0 2.6 13 0 5.2 1.6 4 2.4000000000000004 1.6 2 2.8000000000000003 3 1.6 0 0 0 0 17.8 3.4000000000000004 0 2.6 0 0 0 0 0 0 2 0 0 0 0 2.6 0.2 0 0 0 2 0 3.8000000000000003 5.6000000000000005 0 0 0 0 0 0 1.2000000000000002 1.2000000000000002 0 0 0 0 0 0 0 0 0 0 0 0 0 0 0 9 0 0 0 0 0 0 0 0 0 0 0 0 0 0 0 1.2000000000000002 5.2 0 3.8000000000000003 2.6 0 10.8 4.6000000000000005 5.800000000000001 1.2000000000000002 0 2.2 13 1.8 9.200000000000001 0 4.2 2.2 0 0 2 0 0 0 0.2 0 0 8 2.2 0 0 0 0 1.6 0.2 8.4 0 0 0 0 4.4 0 0 0 4 0 0 0 0 0 0 0 0 0 0 0 0 0.4 0 0 0 0 0 0 0 0 0 0 0 0 0 0 0 0 0 0 0 0.2 15.200000000000001 0 0 0.4 0.2 0 0 0 0 2.6 0 0 0 0 0 0 0 0 0 0 0 0 0 0 0 0 0 0 0 0 0 0 0 
 14.4 0 0 0 0 0 0 0 0 0 0 0 0 0 1.2000000000000002 0 0 0 0.6000000000000001 0 25.8 55.6 21 0 53 11 64.2 13.600000000000001 34 35.6 35.6 43.800000000000004 11 18.6 30.8 27 23.200000000000003 9.200000000000001 13.200000000000001 12.600000000000001 13.8 0 0.2 0 0.2 0 16.400000000000002 0.4 0 0.4 0 0 19.200000000000003 19 0.6000000000000001 8 0 0 21.6 13.4 0.6000000000000001 0 0 0.6000000000000001 0 0 0 0 0 8.8 0 0 0.4 0 0.6000000000000001 0.6000000000000001 0 0.6000000000000001 0 0 0 0 0 0.2 0 0 0 0 0 0 0 0 0 0 0 0 0 0 0 0 0 0 0 0 3.6 1.8 0 0 0 4.4 0 23 0 0 0 0.2 4.800000000000001 3.4000000000000004 0 0 5 0.8 0.2 0 0 0 1.8 6.2 0 0 0.6000000000000001 0 7 0 9.8 3.8000000000000003 3.6 0 0 3 0 0 0 0 3.2 0 0 0 0 0.4 0 0 0 0 0 0 0 0 0 0 0 0 0 0 0 0 0 0 0 0.2 0 0 0 5 0 0 0.4 1.2000000000000002 0.4 0 0 0.2 0 7.6000000000000005 10.600000000000001 4.2 0 0 0 3.2 5 8.4 4.2 0 0 0 3.4000000000000004 4 0 0 0 0 0 1.8 0.4 0 0 6 2.6 0 0 4 6.800000000000001 1.6 9.600000000000001 4.6000000000000005 1.6 0 2.6 9.200000000000001 0 1.2000000000000002 0 0 0 0 0 0 0 0 0 0 0 0 0 0 0 0 0 0 0 0 0 0 0 0 0 0 0 0 0 0 0 0 2.2 0.4 0.4 0 15.200000000000001 0 7 0.2 0 0 0 0 0 0 0 0 0 0 0 0 0 0 0 0 0 0 0 0 0 0 2.8000000000000003 0 0 0 0 0 
 1.2000000000000002 0.6000000000000001 0.6000000000000001 0.8 1.2000000000000002 0.6000000000000001 0.6000000000000001 0.6000000000000001 0.6000000000000001 0.6000000000000001 0.6000000000000001 0.6000000000000001 0.6000000000000001 0.8 0.6000000000000001 0.6000000000000001 0.6000000000000001 0.6000000000000001 0.6000000000000001 0.6000000000000001 44 64.2 69.4 53 0 93.60000000000001 11.4 8.6 49.6 77 65.2 108 27.200000000000003 15.4 15.8 16.400000000000002 7.4 9.200000000000001 10 29 26.6 0 0 0 7 0 19.6 13 0 0.4 0 0 19.8 25.6 6 0 13 13 13.600000000000001 0.2 0.6000000000000001 0 0 0.6000000000000001 0 0 0 0 0 0 1 0 0.8 0 0.6000000000000001 0 0 0.6000000000000001 0 0 0 0 0 0 0 0 0 0 0 0 0 0 0 0 0 0 0.2 0 0 0 0 0 3 3.6 0.2 11.8 0 0 0 2 5.800000000000001 5.2 0 2.6 0 2.6 0 3 0 0 3.6 0 3.6 0 0 0 2.8000000000000003 0.4 0 0 3.8000000000000003 0 6 0 0 3.8000000000000003 4.6000000000000005 0 0 2.4000000000000004 0 0 0 0 0 0 0 0 0 2.6 0 0 0 0 0 0 0.2 0 0 0 0 0 0 0 0 0 0 0.2 0 0.2 0.2 0 0 0 0 0 0 2 0 0 1.8 2.2 0 0 2.4000000000000004 6 2.6 0 0.2 0 0 0 0 0 0 2.6 4 0 0 0 3 2.8000000000000003 2 0.2 0 0 5.2 4 0 0 0 0 0 5 4.4 2.4000000000000004 4.4 5.4 9.8 4.6000000000000005 0 0 0 0 0 0 0 0 0 0 0 0 0 0 0 0 0 0 0 0 0 0 0 0 0 0 0 0 0 0 0 0 0 0 1 0.6000000000000001 0 24.200000000000003 16 0 3.6 0 0 0 0 0 0 0 0 0 0 0 0 0 0 0 0 0 0 0 0 0 0 0 0 0 0 0 0 0 
 0 0 14.600000000000001 0 0.6000000000000001 0 14.600000000000001 0 0 0 0 0 0 0 0 0 0.2 0.2 0 0 11.600000000000001 6 24.400000000000002 11 93.60000000000001 0 21.6 12 30.400000000000002 10.600000000000001 16 70.8 7.6000000000000005 56.2 74 80.2 12.8 26.400000000000002 13.200000000000001 36.4 0.4 0 0.2 0 0 0 26.6 0.8 0 0.6000000000000001 0 0 12.8 43.2 12.600000000000001 13 12.600000000000001 13 23.8 11 0.6000000000000001 0 0 0.6000000000000001 0 0 8 0 0.2 0 0.2 0 0.4 0 0.6000000000000001 0.2 0 0.6000000000000001 0 0 0 0 0.2 0 0 0 0 0 0 0 0 0 0 0 0 0 0 0 0 0 0 0 0 4 2 3.4000000000000004 0 0 0 1.8 0 5 0 0 0 0 12.4 2 0 0 1.8 0 1.2000000000000002 0 0 0 4.800000000000001 0.8 0 0.2 2.4000000000000004 0 8 2.4000000000000004 0 0 0 0 3.2 5.4 0 0 0.2 0 0 0 0.8 1.4000000000000001 0 0 0 0 0 0 0 0 0 0 0 0 0 0 0 0 0 0 0 0 0 0.2 0 0 0.2 1.2000000000000002 0 0 0 2.4000000000000004 0 0 0 0 2.6 0 6 8.6 0.8 0 0 0 2.8000000000000003 3.6 0 0 0 1.2000000000000002 0.2 2 0.2 0 0 0 8.6 0 3 0 5.6000000000000005 3.4000000000000004 2.2 0 0.2 0 3 4.800000000000001 7 0 2.2 4 1.8 7 0 0 0 0 0 0 0 0 0 0 0 0 0 0 0 0 0 0 0 0 0 0 0 0 0 0.2 0 0 0 0 0 0 0 0 1.4000000000000001 0 0.4 0 16.400000000000002 0.6000000000000001 4.2 0 0 0 0 0 0 0 0 0 0 0 0 0 0 0 0 0 0 0 0 0 0 0 0 0 0 0 0 0 
 0 0 15 39.6 0.4 29.6 0 0 15.200000000000001 0 25.400000000000002 32.6 0 0.8 0.2 0 19.8 15 0 0 29.6 18 56 64.2 11.4 21.6 0 78.4 103 9.600000000000001 9.4 6.6000000000000005 144 12.4 25.400000000000002 21.6 50.6 26 93 27.8 0.4 2 0.4 0 0 0 0 0.4 0.6000000000000001 0.2 0 0 0.4 0.8 0.6000000000000001 0.6000000000000001 6.800000000000001 0.4 0.6000000000000001 0 0.6000000000000001 0 0 0.8 0.4 0 0 0.4 0 0.6000000000000001 0.6000000000000001 0.4 0.4 0 2 0 0.6000000000000001 1.2000000000000002 0 0 0 0 0 8.200000000000001 2.8000000000000003 0 0 0 0 0 7.800000000000001 7.2 0 0 0 2.6 0 6.4 0 0 1.8 2.2 0.2 0 0 0 9 0 2 2.8000000000000003 3.6 0 0 1 5.6000000000000005 2.2 2.8000000000000003 0 5.800000000000001 5.800000000000001 0 0 0 0 0 0 0 0 0 0 0 0 0 0 0 0 0 0 0 0 0 0 0 0 0 0 0 0 0 0.4 0 0 0 0 0 0 0 0 1 0 2 0 0 0 1.6 0 0 0 4.6000000000000005 0 0 5 0 0 0 0 0.4 0 0.4 0 0 5.800000000000001 11.600000000000001 0 0 0 0.2 7.2 1.6 0.2 0 0.2 0 1.8 3.4000000000000004 0 4.800000000000001 0 0 6.6000000000000005 0 0 0 0 0.4 0 0 0 0 0 0 0 0 0 0 0.4 0 0 0 0.4 0 0 0 0 0 0 0 0 0 0 0 0 0 0 0 0 0 0 0 0 0 0 0 0 0 0 15 0 0 0 2.4000000000000004 0 0 0 32.6 0 0.4 15.4 0 0 0 0 0 0 0 0 3.8000000000000003 0 0 0 0 0 0 0.2 0 2 0.2 0 0 0 0 0 0 0 0 0 0 0 0 0 
 0 0 0.2 0 1 20.200000000000003 0 0 0 0 0.4 0 0 0 14.600000000000001 0 0 0 0.2 0 10.600000000000001 123.60000000000001 34.4 13.600000000000001 8.6 12 78.4 0 92 32.2 6.2 21.8 38 31 8.8 41.6 30 9 14.4 54.6 0.4 0.4 0 0 1.8 0 0 0.4 0 0 0 0 0.8 0.6000000000000001 5.6000000000000005 0 12.8 0 0 0 0.6000000000000001 0 0 0.6000000000000001 0 0 0 9.200000000000001 0.2 1 0 0 0.4 0 1.8 0 0 0.4 0 0 0 0 0 0 0 0 0 0 0 0 0 1.2000000000000002 0 0 0 0 0 0 0 0 4.6000000000000005 2.6 4.6000000000000005 1.2000000000000002 2.2 0 2.8000000000000003 4.6000000000000005 2 5.2 7.800000000000001 0 0 3.4000000000000004 5.4 2.8000000000000003 2 4.6000000000000005 0 2.6 0 0 0 0 0 0 0 0 0 0 0 0 0 0 0 0 0 0 2 3.4000000000000004 0 0 0 0 0 0 1.4000000000000001 0.2 0 0 0 0 0 0 0 0 0 0 0 0 0 0 0 0 2.4000000000000004 0 0 0 0 0 0 0 0 0 0 0 0 0 0 0.8 6 5 5.6000000000000005 2.8000000000000003 0 4.2 2.2 3 4 0 5 5 2.8000000000000003 14.600000000000001 0.2 3 2 0 0 1.6 0 0 0 0 0 0 12.4 0 0 0 0 0 0 0.2 0 0 1.4000000000000001 0 0 9 0 0 0 0 0 0 0 0 0 0 0 0 0 0 0 0 0 0 0 0 0 0 0 0 0 0 0 0 0 0 0 0 0 0.2 1.8 0.2 0.4 16.6 0.2 0.4 0 0 0 0 0 0 1.2000000000000002 0 0 0 0 0 0 0 0 0 0 0 0 0 0 2.4000000000000004 0 0 0 0 0.2 0 0 0 
 0.2 0.2 0.2 0.6000000000000001 0.4 15.200000000000001 0.6000000000000001 0.4 0.6000000000000001 0.6000000000000001 0.8 0.6000000000000001 0.6000000000000001 0.4 0.4 0.4 0.4 0.4 0.4 0.4 27 13.600000000000001 42.6 34 49.6 30.400000000000002 103 92 0 44.6 24.8 64 33.4 22.8 22 22.200000000000003 75.4 41 13.600000000000001 38.800000000000004 0.4 0 0.2 0 12.600000000000001 0 5.2 0.6000000000000001 0.2 0.2 0 0 0.6000000000000001 0.8 0 0 0 0.2 11 0 0.6000000000000001 0 0 0.6000000000000001 0 0 0 0 0 0 0 0 0.4 0 0.6000000000000001 0 0 1 0 0 0 0 0 0 0 0 0 0 0 0 0 0 0 0 0 0 0 0 0 0 0 0 2.4000000000000004 9 2 8.8 0 2.8000000000000003 1.6 0 3.2 5.4 0 2.8000000000000003 0 4.800000000000001 10 4.2 0 0 0 0 0 0 0 0 2 3.6 0 0 0 0 6 0 0 0 0.2 0 4.2 12.8 0 0 0 0 0.4 0 0 0 0 0 0 0 0 0 0 0 0 0 0 0 0 0 0 1.8 0 0 0 0 0 2 0 0 0 1.4000000000000001 0 0 0 1 0.4 0 3.2 1.6 0 0.2 3.6 8.6 0 2.4000000000000004 2.2 0 0.2 3.8000000000000003 2.2 2.2 0 17.400000000000002 0 3 0 0 0 0 0 0 0.4 0 12.4 4 0.2 0 0 0 8.200000000000001 0 3 0.4 0 0 0 5.2 0 0 0 0 0 0 0 0 0 0 0 0 0 0 0 0 0 0 0 0 0 0 0 0 0 0 0 0 0 0 0 0 0 0 3 0 0.2 35.2 0.8 0.8 4 0 0 0 0 0 3.6 4.2 0 0 0 0 0 0 0 0 0 0 0 0 0 0 0 0 0 0.2 0 0 0 0 
 0.6000000000000001 0.4 0.8 0.4 0.8 30.400000000000002 0.6000000000000001 0.4 0.4 15.200000000000001 0.4 0.4 0.4 0.8 1.6 0.4 0.4 0.4 1.6 0.4 29.8 6.4 48.6 35.6 77 10.600000000000001 9.600000000000001 32.2 44.6 0 98.2 11 14.4 60.2 24.6 63 85.2 10.200000000000001 13.600000000000001 28.6 12.8 0 0 0 0 0 0 0.4 0.2 0.2 0 0 1.4000000000000001 0.6000000000000001 0 0 0 12.4 14 0 0.6000000000000001 0 0 0.6000000000000001 0 0.4 0 0 0 0 0.2 0 0.4 0 0.6000000000000001 0 0 9.200000000000001 0 0 0 0 0 0 0 0 0.2 0.4 0 0 0 0 0 0 0 0 0 0 0 0 4.2 0 4.2 4.800000000000001 1.4000000000000001 0 3 5.4 5.4 0 5.4 4 0 0 4.4 0 0 7.2 0 0 0 0 0.4 0 0 0 0 0 0 0 0 0 0 0 0 0 2 0 2.4000000000000004 0 0 0 0 0 0 0 0.4 0 0.4 0 0 0 0.4 0 0 0 0 0 0 0 0 0 0 0 2.6 0 0 0 0.6000000000000001 0.2 0.6000000000000001 0 0 0 0 0 0 0 0 0 4.2 2.2 3.2 0 2.2 0 6.6000000000000005 0 11.600000000000001 4.4 5 0 2.4000000000000004 8.6 2.8000000000000003 0 0.6000000000000001 3.4000000000000004 0 0 0 0 0 0 0 0 0 0.2 0 0 0 0 0 0 0 0 0 0 0.4 0 0 0 0 0 0.4 0 0 0 0 0 0.4 0 0 0 0 0 0 0 2 0.2 0 0 0 0 0 0 0 0 0 0 0 0.2 0 0 3 0 0.6000000000000001 0.8 0 0.8 0 0 0 0 0 0 0 0 0 0 0 0 0 0 0 0 0 0 0 0 0 0.2 0 0 0 0 0 0 0 0 
 0.6000000000000001 0.6000000000000001 0.6000000000000001 0.6000000000000001 0.6000000000000001 0.6000000000000001 1.2000000000000002 0.6000000000000001 0.6000000000000001 0.6000000000000001 0.6000000000000001 0.6000000000000001 0.6000000000000001 1 1 0.6000000000000001 0.6000000000000001 0.6000000000000001 0.6000000000000001 0.6000000000000001 49.6 5.800000000000001 7.800000000000001 35.6 65.2 16 9.4 6.2 24.8 98.2 0 57.6 21.6 26.400000000000002 55.6 49.400000000000006 29.8 83.2 60 37 0.4 0 0.2 0 0.4 0 0.2 1 0 0.4 0.4 0 0.4 1 0 0.6000000000000001 0.2 10 12.8 6.4 0.6000000000000001 0 0 0.6000000000000001 0.6000000000000001 0.6000000000000001 0 0 0 0 0 0 0.4 0 0.6000000000000001 4.4 0 0.6000000000000001 0 0 0 0 0 0 0 0 0 0 0 0 0 0 0 0 0 0 0 0 0 0.4 0 3.8000000000000003 6.4 5 9.4 2.8000000000000003 0 3.6 5.2 0.6000000000000001 2.6 8.200000000000001 0 7.2 0 3.2 8.200000000000001 6.800000000000001 0 3.6 1.6 0 0 1.6 0 0 0.2 0 0 0 0 0 0 0 2.2 0 0 2.8000000000000003 3.6 0 0 0 0 0 0 0 0 0 0 0 0 0 0 0 0 0 0 0 0 0 0 0.2 0 0 0 0 0 0 0 0 0.4 0 0 0 0 0 0 0 0 0 2 12.8 1 1.6 3.6 0 4.4 0.6000000000000001 2.6 0.4 5.6000000000000005 13.600000000000001 0 0.6000000000000001 2 5.2 3 6.6000000000000005 0 0 0 0 0 0 0 0 1.4000000000000001 0 0 0.4 0.4 0 3.4000000000000004 0 0.2 0 0 0 4.800000000000001 0 0 0 0 0 0 0 0 0 0 0 0 0 0 0 0 0 0 0 2 0 0 0 0 0 0 0 0 0 0 0 0 0 15.200000000000001 0 3.4000000000000004 0 0 16.2 15.8 0 0 0 0 0 0 11 0 0 0 0 0 0.2 0 0 0 0 0.2 0 0 0 0 0 0 0 0 2.2 2.4000000000000004 0 0 0 
