 0 70.60000000000001 53.6 30.8 3.4000000000000004 7 44.800000000000004 34 46.400000000000006 8.6 7.6000000000000005 7.6000000000000005 53.6 7.4 90 46 47.800000000000004 23.400000000000002 11 67.4 0 0 1.2000000000000002 0.8 0.4 0 0.6000000000000001 0 0 0.2 0.4 0.2 0 0 0 0.6000000000000001 0 0.4 0 0 0.6000000000000001 12.8 0.6000000000000001 0.6000000000000001 1 0 0 0.4 0.6000000000000001 0 0 0 0 0 0.6000000000000001 0.2 0.6000000000000001 1.2000000000000002 0.4 0.4 0 0.6000000000000001 0 0 0 0 0.4 0 0 0.4 0 0.6000000000000001 0 0.6000000000000001 0.4 0 9 0.4 1.4000000000000001 0 2.8000000000000003 0 5 3 0 2.8000000000000003 2 4.6000000000000005 6.800000000000001 6.2 0 0 5.2 4.2 4 5.800000000000001 1.4000000000000001 2.8000000000000003 0 0.8 0 0 0 0 0 0 1.4000000000000001 0 0 0 0 0 0 0 0 0 0 0 0 1.4000000000000001 0 0 0 0 0 0 0 0 0 0 0 1.6 0 0 0 0 0 0 0 0 1.2000000000000002 0 0 0 0 0 0.6000000000000001 0 3.8000000000000003 0 0 0 0 0 0 1.2000000000000002 0 0 0 0 0 0 2.6 0 1.6 2 2 0.8 2.2 2.8000000000000003 3.4000000000000004 1.6 0 2.8000000000000003 3 3 0 8.200000000000001 0.2 0 0 0 0 0 0 0 0 0.2 0 0 0 0 0 3.4000000000000004 0 0 0 3.4000000000000004 0 0 0 0 0 0 0 0 0 0 9.4 0 0 2 0 0 0 0 0 0 0 0 0 0 0 1.8 0 1.8 0 0 0 0 0 0 0 0 0 0 0 0 0 0 0 0 0 0 0 0 19 0 0 20.6 0 3.2 0 0 0 0 0 0 0 0 0 0 0 0.4 0 0 0 0 0 0 0 0 0 0 0 0 3.2 0 0 0 0 0 0 0 0 0 0 0 0 0 
 70.60000000000001 0 15.4 30 5.4 8 35.6 40 42 9.4 5.6000000000000005 5 26 14.200000000000001 96.80000000000001 12.600000000000001 9 55.6 33 26.6 0.4 0.4 1.2000000000000002 1.4000000000000001 1 1.6 0.8 0 0.2 0.4 1 1.2000000000000002 0 1.6 1.2000000000000002 1.2000000000000002 0.6000000000000001 0.6000000000000001 0 0.8 0.4 0.4 0.6000000000000001 0.8 1.2000000000000002 0.6000000000000001 0 0 0.6000000000000001 0.6000000000000001 0.6000000000000001 0 0 0 0.6000000000000001 0.6000000000000001 0.6000000000000001 0.6000000000000001 0.6000000000000001 0.4 0.6000000000000001 0.6000000000000001 0.4 0 0.4 0 0.4 0.2 0 1.4000000000000001 0 0.6000000000000001 0.4 2 0.6000000000000001 1.6 0 0 0 7.2 2.8000000000000003 9.600000000000001 0.2 0.4 3.8000000000000003 3.8000000000000003 0 11 3.6 1.8 4 8.4 1.4000000000000001 1.8 0 0 2.8000000000000003 2.8000000000000003 0.6000000000000001 4.2 0 0 0 0 0 0 0.2 0 0 0.4 0 0 0 0 0 0 3.4000000000000004 0 0 1 0 0 0 0 0 0 0 0 0 0 0 0 0 0.4 0.2 0 0 0 0 0 0.4 0 0 0 0 0 0 0 0 0 2.6 0.4 0 0 0 0.6000000000000001 0.4 0 0 0 2.4000000000000004 5.6000000000000005 0 2.8000000000000003 0 0 3.6 6.4 2.4000000000000004 2.6 0.2 0 9.4 6.2 0.6000000000000001 0 6.4 2.4000000000000004 8 0 0 0 0 0 0 0 0 0.8 8.200000000000001 0 0 0 0 0.2 0 0 0 0 0 0 0.2 0 0 0 0 0 0 0 0 0 0 0.2 0 0 0 0 0 0 0 0 0 0 0.2 0 0 0 0 0 0 0 0 0 0 0 0 0 0 0 0 0 0 0 0 0 0 0 0.2 0 0 0.4 0 2.4000000000000004 0.4 0 0 0 0 0 0 0 0 0 0 0 0 0 0 0 0 0 0 0 0 0 0.6000000000000001 2.6 0 0 0 0 0 0 0 0 0 0 0 0 0 2.2 
 53.6 15.4 0 38.800000000000004 32.6 19.200000000000003 59.400000000000006 44.800000000000004 13.600000000000001 81 59.6 9.200000000000001 9.600000000000001 6.2 29 45.2 53 27.200000000000003 6.2 10 0 0.2 0.6000000000000001 0.8 0.2 0 0 0 0 0 0.4 0.2 15 0.8 0 0 0 0.2 0.8 0 0 0.4 0.6000000000000001 0 0.2 0 0 0 0.6000000000000001 0 0.4 0 0 0 0.6000000000000001 0 0 0.6000000000000001 0.4 0.6000000000000001 0 0.6000000000000001 0 0 0 0 0.6000000000000001 0 0 0.4 0 7.800000000000001 0 0.4 0 0 0 0 0 0 3.8000000000000003 0 5.4 0.2 5 3.2 0.2 0 5.6000000000000005 4.2 0 1.8 3.8000000000000003 2.8000000000000003 1.4000000000000001 10.600000000000001 2 3.6 0 0 3 0 0 0 0 0 5.2 0 0 1.8 0.4 0 0 2.6 0 0 0 0 2 4 0 0 0 0.2 0 0 0 0 0 0 0 0.2 0 0 0 0 0 0 0 0 0 0 0 0 0 1.4000000000000001 0 0 0 0 0 0 0 0 0 0 0 1.2000000000000002 0.2 0 0 0 2.8000000000000003 0.4 4 2.4000000000000004 5 0 2.4000000000000004 4 5.2 6.6000000000000005 0 2.8000000000000003 6.2 4.6000000000000005 0 7 0.2 0 0 0 0 0 2.2 0 1.8 0.2 0 0 0 0 12.200000000000001 2.6 0 0 0 0 5.6000000000000005 0 0 0 0 0 0.4 0 0 0.4 2.4000000000000004 0 0 0 0 0 0 0 0 2.8000000000000003 0 0 0 0 0 0 0 0 0 0 0 0 0 0 0 0 0 0 0 0.2 0 0 0 0 0 0 0 0 18 0 0.6000000000000001 17.6 0.4 0.8 0 0 0 0 0 0 0 0 0 0 0 0 0 0 0 0 0 0 2.8000000000000003 0 0 0 0 4.6000000000000005 0 0 0 0 0 0 0 0 0 0 0 0 0 0 
 30.8 30 38.800000000000004 0 64.8 32.6 24 31.200000000000003 32 51.2 54.400000000000006 84.60000000000001 10 31.6 17 24 26 10.600000000000001 18 20.400000000000002 0.2 0 1.2000000000000002 0.8 0.2 0 0 0 0 0.2 0.8 0 15.200000000000001 0 0.2 0.2 0 0 15 15 0.2 0.4 0.6000000000000001 0 0.6000000000000001 0 0 0 0.6000000000000001 0.2 1.8 0 0 0 0.6000000000000001 0.4 0.2 1.2000000000000002 0.4 0.2 0 0.6000000000000001 0 0 0 0 0.6000000000000001 0.4 0 0.4 0 0 0.2 0.6000000000000001 0 0 0 0 0 0 2.2 0.2 3.2 2 2.6 5.6000000000000005 0 0.2 0 8.200000000000001 5.4 2.8000000000000003 1.6 0 0.8 2.2 0.2 0.2 0.2 0 2 2.2 3.2 0 0 0 6.800000000000001 0 0 0 0 0.2 0 0 0 0 0 0 2 4.800000000000001 0 0 0 0 0 0 0 0 0 0 0 0 0 0 0 0 0 0 0 0 0 0 0 0 0 0.4 0 0 0 0 0 0 0 0 0.8 0 0 1 0.2 0 0 0 0.4 1.8 4.800000000000001 0.2 0 0 7.4 2.4000000000000004 0 7 3.8000000000000003 3.4000000000000004 0.2 5.800000000000001 4.6000000000000005 6.800000000000001 2.8000000000000003 0 0 0 1.2000000000000002 0 0 0 0 1.2000000000000002 0 0 0 0 0 11 0 0 0 0 0.2 4.800000000000001 0 0 0 0 0 0 0 0 1.8 0 0 0 0 0 0 0 0 2.6 0 0 0 0 0 0 0 0 0 0 0 0 0 0 0 0 0 0 0 0 0 0 0 0 0 0 0 0.2 8.4 0 0.8 18.400000000000002 0 0 0 0 0 0 0 0 0 0 0.8 0 0 0 0 0 0 0 0 0 0 0 0 2.8000000000000003 0 0 0 0 0 0 0 0 0 0 0 0 0 0 0 0 
 3.4000000000000004 5.4 32.6 64.8 0 45 28.400000000000002 80.4 27.200000000000003 30.8 34.4 26 27.400000000000002 15 55.6 24.400000000000002 73.4 8 17.2 17.8 0.2 15.4 0.6000000000000001 0.6000000000000001 0 0 0 15 15.600000000000001 0 0.4 0 28.400000000000002 0 0 0.4 0 0 16.8 15.4 0 0.8 0.6000000000000001 14 0.4 0 0 0 0.6000000000000001 12.200000000000001 0 0 0 0 0.6000000000000001 0.2 0 0.6000000000000001 0 0.4 5.4 0.6000000000000001 0 0 0 0.4 0.4 0 0 0.4 0.6000000000000001 0 0 0.6000000000000001 0 0 1.8 0 0 0.6000000000000001 3 2.6 2 2.6 0 5.2 0 0 0 10.200000000000001 0.2 0 0 1.2000000000000002 4.800000000000001 4.6000000000000005 5 0 0.4 0 6.4 0 2.8000000000000003 0 0 0 5.2 0 4.800000000000001 3.2 0 5.4 0.2 0 0 0.4 2.6 0 4.800000000000001 9.4 0 0 0 0 0 0 0 0 0.2 0.4 0 0 0 0 0 0 0 0.2 0 0 0 0 0 0 0.6000000000000001 0 0 0 0 0 0 0 0 0.4 4.2 0 0 4 0.6000000000000001 0 0 0 0 2.6 2.6 19.200000000000003 3.8000000000000003 0 0 6.800000000000001 0 0.2 3.4000000000000004 0 0 4.6000000000000005 4.4 5.6000000000000005 0 0 0 0 0 0.4 0 0 0 2 0 3 0 0 2.8000000000000003 2.2 0 1.8 0 2.6 9 4 0 0 0 2.8000000000000003 0 0 0 0 1.4000000000000001 0 0 0 0 0 0 0.2 0.4 2 0 0 0 0 0 0 0.4 0 0 0 0 0 0 0 0 0 3 0 0 7 0 0 0 0 0 0 0 0.6000000000000001 20.400000000000002 0 0.6000000000000001 18 0 0 0.2 0 0 0 0 0 0 0 2 0 3 0 0 0 0 0 0 0.2 0 0 0 0 0 0 0 0 0 0 0 0 0 0 0 0 0 0 0 0 
 7 8 19.200000000000003 32.6 45 0 49.800000000000004 4.800000000000001 12.200000000000001 88.4 48 70.60000000000001 7.2 19.8 9.600000000000001 16 27.400000000000002 12.600000000000001 21.6 16.400000000000002 42.400000000000006 0 0.6000000000000001 0.8 0 0 16.400000000000002 0.2 0 0 0.4 0 0 15.4 14.4 0 0 0.2 29.8 30.200000000000003 0 0.4 0.6000000000000001 1.4000000000000001 0.2 0 0 0 0.6000000000000001 0 0 0 0 0 0.6000000000000001 0 0 0.6000000000000001 0.4 0.6000000000000001 0 0.6000000000000001 0 0 0 0 0.4 0 0 0.4 0 0 0 0.6000000000000001 0 0 0 0 0 0 0 0 6.800000000000001 0 0 6 0 0 0 8 3 0 2.6 0 1.8 6.2 4.4 0 0 0 1.6 3 0 0 0 0 6.4 1.4000000000000001 0 0 0.2 0.2 6 0 0.2 2.6 0 2 1.4000000000000001 0.4 0 0 0 0 0 0 0 0 0 0 0 0 0 0 0 0 0 0 0 0 0 0 0 0 0 0 0 0 0.4 0 0 0 0 0 0 0 0 0 0 0 0 0 0.2 0 2 0 0 0 3 0.2 0 6 0.8 2.8000000000000003 0 3 3.6 2 1 0 5.4 0 4 2.8000000000000003 0 0 0 10.200000000000001 5.6000000000000005 0 0 0 0 0 0 0 0.4 2 2 1.6 0 0 0 0 0.2 0 0 0 0 0 0 0 2 0 0 0 0 2.6 0 0 0 0 0 0 0 0 1.4000000000000001 0 0 2 0 0 0 0 0 0 0 0.4 0 0 0 0 2.8000000000000003 0 0 0.2 0.2 0 18.2 27.6 0 2.6 0 0 0 0 0 0 0 0 2.8000000000000003 0 3.6 0 0 0 0 0 0 0 0 0 0 0 0 0 0 0 0 0 0 0 0 0 0 0 0 0 0 0 
 44.800000000000004 35.6 59.400000000000006 24 28.400000000000002 49.800000000000004 0 34.800000000000004 91.4 92.2 6 48 48.2 27 4.800000000000001 24.400000000000002 25.200000000000003 18.8 15.200000000000001 83 0.4 0 0.6000000000000001 1 0 0 0 0 0 0 0.4 0 0 0 0 0 0 0 0 0 0 0.4 0.6000000000000001 0 0.2 0 0 0 0.6000000000000001 0 0 0 0.2 0 0.6000000000000001 0.2 0 0.6000000000000001 0.2 0.6000000000000001 0 0.6000000000000001 0 0 0 0 6.800000000000001 1.6 0 0.4 0 0 0 0.6000000000000001 0 0 0 0 0 0 5.2 4.4 4.4 4 0 0 7.800000000000001 0.6000000000000001 0 0 0.2 0.6000000000000001 3.4000000000000004 3.4000000000000004 4.800000000000001 2 4 5.6000000000000005 4 2 0 0 0 0 0 0 0 0 0 0 0 0 0 0 0 0 0 0 0 0 0 0 0 0 0 0 0 0 0 0 0 0 0 0 0 1.4000000000000001 0 0 0 0 0 0 0 0 1.6 0 0 0 0 0 0 2.4000000000000004 0 0 0 0 0 0 1.6 0 0 6 0 2.2 0 1 4.4 0 5.2 0 3.6 0 4.6000000000000005 4.2 5.4 2.8000000000000003 7.6000000000000005 2.6 0 3.4000000000000004 0 0 0 0 0 0 0 0 0 0 0 0 0 0 0 0 0 0 0 0 0 0 0 0 0 0 0 0 0 0 0 0 0 0 0 0 0 0 0 0 0 0 0.2 0 0 0 0 0 0 0 0 0 0 0 0 0 0.8 0 0 0 0 0 0 0 0 0 0.2 0 0 0.2 0 0.4 0 0 0 0 0 0 0 0 0 0 0 0 0 0 0 0 11.200000000000001 0 0 0 0 0 0 3 0 0 0 0 0 0 0 0 0 0 0 0 0 0 
 34 40 44.800000000000004 31.200000000000003 80.4 4.800000000000001 34.800000000000004 0 18.8 27 25.200000000000003 8.6 46.400000000000006 14.8 31.8 112.4 7.800000000000001 26.6 98.60000000000001 9.8 0 0.4 0.6000000000000001 1.4000000000000001 0 1 0 0.2 0.2 0.4 0.8 0.4 15.4 1 0.2 1 0 1.4000000000000001 18.6 0 0 10.600000000000001 0.6000000000000001 1 13.4 0 13.600000000000001 0 0.6000000000000001 0.2 0 0 0 0 0.6000000000000001 1.2000000000000002 0 0.6000000000000001 0.4 0.4 0 11.200000000000001 0 0 0 9 0.4 0 0.4 1.2000000000000002 0 0.4 0 1.8 0 0 0 0 0.6000000000000001 0 3.4000000000000004 6.6000000000000005 0 10.200000000000001 3.4000000000000004 8.200000000000001 0 8.4 5.6000000000000005 4 0 0 0 3.6 0 3.2 0.8 0.2 2.6 0 0 0 0 0 0 0 1.6 2 0 0 0 0 0 0 0 0 0 0 0.2 11.600000000000001 0 0 0 0 0.2 0 0.2 0.2 0 0 0 0 0 0 0 0 0 0 0 0 0 0 0 0 0 0.4 0 0 0 0 0 0.2 0.4 0 3 0 0 1.8 0.8 0 0 4.6000000000000005 2 2.2 0 0.4 0.2 3.4000000000000004 2 6 3.8000000000000003 4.2 0 0.2 2.8000000000000003 9.8 5 2 3 0 0 0 4.4 0 0 0 0 0 0 0 0 0.4 3.4000000000000004 3.2 0 0 0 0 3.8000000000000003 0.2 0 0 0 0 0 0.2 0.4 0 1 0 0 0 0 0 0 0 2.2 0 0 0 0 0 0 0 0 0.4 0 0 0 0 0 0 0 0 0 0 0 0 0 0 0 0 0 0 0 0 4.800000000000001 0.2 1.2000000000000002 0 0.2 2.4000000000000004 0 0 0 0 0 0 0 0 0 0 0 0 0 0 0.4 0 0 0 0 0 0 0 0 0 6.2 0 0 0 0 0 0 0 0 0.2 0 0 0 0 
 46.400000000000006 42 13.600000000000001 32 27.200000000000003 12.200000000000001 91.4 18.8 0 31.200000000000003 28.200000000000003 110.2 53.6 38.800000000000004 32.6 20.6 37.4 22 61.6 32.4 0.2 0 0.6000000000000001 0.8 0 0 0.2 0 0 0 0.4 0 0 0 0 0 0 0 14.600000000000001 15.8 0.2 0.4 0.6000000000000001 1.2000000000000002 0.6000000000000001 0 0 0 0.6000000000000001 0 0 9.600000000000001 0 0 0.6000000000000001 0.4 0 0.6000000000000001 0.4 0.2 0 0.6000000000000001 0 0 0 0 0.6000000000000001 0 0 0.4 0 0 0.2 0.6000000000000001 0 0 0 0 0 0 2.2 2.2 4.6000000000000005 0.4 0 1.8 0.6000000000000001 6.6000000000000005 3.4000000000000004 4 28.400000000000002 2.8000000000000003 0 1.6 0 3.8000000000000003 5.800000000000001 2.2 1.6 4.4 0 3.2 0 0 0 0 4.4 0.2 0 0 0 0 4.2 0 0.2 0 0 0 0.4 0.2 0.2 0 0 0 0.4 0 0 0 0 0 0 0 0.4 0 0 0 0 0 0 0 0 0 0 0 0 0 0 0 0 0 0 0 0 0 0 0 0 0 0 0.4 2.6 10.200000000000001 0 0 0 0.8 2 1.4000000000000001 8.200000000000001 2.6 5 6.2 1.6 0 1.6 0.6000000000000001 5.800000000000001 0.4 1.2000000000000002 0 0 0 1.8 0 0 0 0 0 0 0 0 0.2 0 0 0 0 0 0 0 0 0 0 0 0 0 0 0 0 0 0 0 0 2 0 0 0 0 0 0 0 0 0 0 0 0 1.2000000000000002 0 0 0 0 0 0 0 0 0 0 0 0 0 0 0 0 0 0 0 0 21.400000000000002 0 23.400000000000002 0 0 1.8 0 0 0.2 0 0 0 0 0 0 0 3.4000000000000004 0 0 0 0 0 0 0 0 0 0 0 0 2 0.2 0 0 0 0 0 0 0 0 0 0 0 0 0 
 8.6 9.4 81 51.2 30.8 88.4 92.2 27 31.200000000000003 0 116.80000000000001 4.800000000000001 11.200000000000001 33 43.6 36.2 37.800000000000004 10.600000000000001 15.4 57.6 0.8 0.2 1.2000000000000002 1 0.6000000000000001 0 0.4 15 0 0 0.8 0.6000000000000001 20 1.2000000000000002 0.6000000000000001 0.4 0 0 0 0.4 0.2 0.4 1.8 0 0.6000000000000001 0.4 0 0 0.6000000000000001 13.8 0 0 0 0 0.6000000000000001 0.4 0 0.6000000000000001 0.4 0.2 0.4 0.6000000000000001 0 11.600000000000001 0 0 0.6000000000000001 0 0.2 0.4 0 0.6000000000000001 0.4 0.6000000000000001 0 0.4 0 0 0 0 0 0 0 2.8000000000000003 3.2 2.2 0 0 2 3.4000000000000004 0.2 5 0 0 3.4000000000000004 1.8 0 4.2 0 0 4.2 0 0 0 0 0 2 3.2 0 0 0 1 4.4 0 0 0 0 0 4.800000000000001 7 0 0 0 0 0 0 0 0 0 0 0 0 0 0 0 0 0 0 0 0 0 0 0 0 0 0.8 0 0 0 0 0 0 0 0 0.8 0 0.2 2.6 0.6000000000000001 0 0 0 3.4000000000000004 3 2.8000000000000003 4.2 3.6 0 2.4000000000000004 4.800000000000001 2.8000000000000003 3.2 1.6 0 0 1 2.8000000000000003 0 0 0 1.2000000000000002 0 0 0.2 0 0 3.8000000000000003 1.4000000000000001 0 0 0.2 0 5 0 0 0 0 0 2 4.800000000000001 0 0 0 0 0 0 0 0 0 0 0 0 0 0 0 0 0 2.4000000000000004 0 0 0 0 0 0 0 0 0 0 0 0 0 0 0 0 0 0 0 0 0 0 0 0 0 0 0 0 0.2 0 0.4 24.200000000000003 2.6 1.6 1.8 0 0 0 0 0 0 0 2 0 0 0 0 0 0 0 0 0 0 0 0 0 0 1.8 0 0 0 0 0 0 0 0 0 0 0 0 0 0 
 7.6000000000000005 5.6000000000000005 59.6 54.400000000000006 34.4 48 6 25.200000000000003 28.200000000000003 116.80000000000001 0 30.200000000000003 7.6000000000000005 20.200000000000003 77.2 27.400000000000002 56.400000000000006 33.2 15.600000000000001 13.600000000000001 0 0.2 0.6000000000000001 1 0.6000000000000001 0 0.6000000000000001 7.2 0 0.6000000000000001 0.6000000000000001 1.6 7 0 0 0.4 0.4 0.6000000000000001 0.2 0.6000000000000001 0 0.4 2.4000000000000004 0 0.4 0 0 0.6000000000000001 0.6000000000000001 5.6000000000000005 0 0 0.6000000000000001 0 0.6000000000000001 0.2 0 0.6000000000000001 0 0.8 0.4 1.2000000000000002 0.4 0 0 0 0.8 0 0 0.4 0.8 10.8 0 1.2000000000000002 0 0 0 0 0 0 0 0 0.2 3.8000000000000003 2.8000000000000003 3 0 0 0.4 3.8000000000000003 4.4 4 0 2.2 1.8 0 0 0.2 0 0 3 2 3.2 0 0 0 5.800000000000001 3.2 3.4000000000000004 0 0 2.6 1.8 0 0 0 0.2 0 7.4 3 0 0 0 0 0 0 0 0 0 0 0 0 0 0 0 0 0 0 0 1.4000000000000001 0 0 0 0 0 1 0 0 0 0 0 0 0 0 0.4 0 0 2.6 0.2 0 0 0 0 2.8000000000000003 2.6 4.800000000000001 1.8 0 0.2 0 2 10 1.2000000000000002 0 0 5 2.8000000000000003 0.2 0 0 0 0 1.6 0 0.4 0 2.6 8.4 0 0 0 0 2 1.6 0 0.2 0 0 2.2 4 0 0 0 0.2 0 0 0 0 0 0 0 0 0 0 1.4000000000000001 0 0 2.4000000000000004 0 0.2 0.4 0 0 0 0 0 0 0 0 0 0 0 0 0.2 0 0 0.4 0 0 0 0 0 0 0 0 0 0 0.2 10.600000000000001 18.400000000000002 0.4 0.6000000000000001 0 0 0 0 0 0 0 0 2.4000000000000004 0 5.800000000000001 0 0 0 0 0 0 0 0 0 0 0 0 2.4000000000000004 0 0 0 0 0 0 0 0 0 0 0 0 0 0 
 7.6000000000000005 5 9.200000000000001 84.60000000000001 26 70.60000000000001 48 8.6 110.2 4.800000000000001 30.200000000000003 0 7.4 12.4 27.400000000000002 10.8 34 56.800000000000004 13.600000000000001 53.400000000000006 0.2 0.8 0.6000000000000001 2.4000000000000004 0 0 15.600000000000001 0.4 15.600000000000001 0 0.4 0 15.4 0.4 0.4 0 0 0 14.8 9 0.2 0.4 0.6000000000000001 2.2 0.6000000000000001 0 0 0 0.6000000000000001 0 0 0 0 0 0.6000000000000001 0.4 0 0.6000000000000001 0.2 0.2 0 0.6000000000000001 0 0 0 0 0.6000000000000001 0 0 0.4 0 0 0.4 0.6000000000000001 0 0 0 0 0 0 0 0 2.6 0 0 1.6 0 0 0 4.2 2.6 0 0 0 0.2 3.4000000000000004 4 0 0 0 0 3.2 2 0 0 0.4 3.2 2 0 0 0 0 0 0 2.4000000000000004 0 1 0 1 2.6 0 0 0 0 0 0 0 0 0 0 0 0 2 0 0 0 0 0 0 0 0 0 0 0 0 0 0 0 0 0 0.2 0 0 0 0 0 0 0 0 0 2 0 1.6 2.2 6.4 0 0 0 0 0.2 0 3.4000000000000004 1 0 0 0 2.2 0 0 0 0 3.2 3.6 2.8000000000000003 0 0 4.4 12.8 1.8 0.4 0 0 7 3 0 11 0 0 2 5 0 0.2 0 0 0 0 0 0 0 0.2 2 0 0.8 0 0 0 0 0 0 0 0 0 0 0 0 0 0 0 0 0 0 0.4 0 0 0 0 0 0 0 0 0 3.4000000000000004 2.4000000000000004 0 0 0.8 0.2 0 18.2 18.400000000000002 0 3 2 0.2 0 0 0 0 0 0 2.2 0 4.2 0 0 0 0 0 0 0 0 0 0 0 0 0 0 0 0 0 0 0 0 0 0 0 0 0 0 0.2 
 53.6 26 9.600000000000001 10 27.400000000000002 7.2 48.2 46.400000000000006 53.6 11.200000000000001 7.6000000000000005 7.4 0 97.80000000000001 11.8 41.400000000000006 49.400000000000006 14.200000000000001 37.6 35 0.2 0 0.6000000000000001 1 0 0 0 0 0 0 0.4 0 0 40 0 0 0 0 0.4 0 0.2 0.4 0.6000000000000001 0 0.6000000000000001 0 0 0 0.6000000000000001 0 0 0 0 0 0.6000000000000001 0.4 0 0.6000000000000001 0 0.2 0 0.6000000000000001 0 0 0 0 0.6000000000000001 0 0 0.4 0 0 0.4 0.6000000000000001 0 0 0 0 0 0 5.4 4.800000000000001 0 6.6000000000000005 0 0 3.2 2.8000000000000003 0.2 0 0 0.4 2.8000000000000003 0.2 0 8 4 9.200000000000001 10.200000000000001 2.8000000000000003 0 0 0 0 0 0 0 0 0.2 0 0 0 0 0 0 0 4.2 0 0 0 0 0 0 0 0 0 0 0 0 0 0 0.2 0 0 0 0 0 0 0 0 0 2.6 0 0 0 0 0 0 0 0 0 0 0 0 0 0 0 0 1.2000000000000002 0 0.2 4.800000000000001 0 0 0 2.8000000000000003 9.200000000000001 0 0.8 0.4 2 0 5.6000000000000005 2.8000000000000003 6.800000000000001 7.2 3.6 0 0.2 3 0 0 0 0 0 0 0 0 0 0 0 0 0 0 0 0 0 0 0 0 0 0 0 0 0 0 0 0 0 0 0 0 0 0 0 0 0 0 0 0 0 0 0 0 0 0 0 0 0 0 0 0 0 0 0 0 0 0 0 0 0 0 0 0 0 0.4 0 0 0 0 0 1 0 0 0 0 0 0 0 0 0 0 0 0 0 0 0 0 0 0 0 0 0 0 0 2.6 2.8000000000000003 0 0 0 0 0 0 0 0 0 0 0 0 0 
 7.4 14.200000000000001 6.2 31.6 15 19.8 27 14.8 38.800000000000004 33 20.200000000000003 12.4 97.80000000000001 0 69 8.6 27 57.400000000000006 23.6 98 0.2 0 0.6000000000000001 3.2 0 0 0 0.8 0 0.8 0.4 0 0 0 0 0 0 0.4 0 0.2 1.8 1.2000000000000002 2.8000000000000003 0 1.4000000000000001 0 0 0 0.6000000000000001 12 0 0 0 0 1.8 0.4 0 0.8 0.4 0.2 0 1.8 0.8 0 0 0 0.6000000000000001 0 1.2000000000000002 0.4 0 0 1.6 0.6000000000000001 0 0 0.8 0 0 0 0 0 0.2 2.8000000000000003 8.4 0.2 4.2 0 2.2 0 4.2 4.6000000000000005 4 1.4000000000000001 2 0.4 1.8 5 2.4000000000000004 1.8 0 0 0 0 0 0 0 0 0 0 0 0 0 0 0 2 0 0 0 0 0 0 0 0 0 0 0 0 0 0 0 0 0 0 0 0 0 0 0 0 0.8 0 0 0 0 0 0 0 0 0.4 0 0.6000000000000001 0 0 0 0.6000000000000001 0 0 0 0 2.8000000000000003 0 2.2 1.8 0 0 8.200000000000001 0 8 2.8000000000000003 1.8 0 4.4 0 0 4.800000000000001 2.8000000000000003 0 4.800000000000001 2.2 0 0 0 0 0 0 0 0 0 0 0 0 0 0 0 0 0 0 0 0 0 0 0 0 0 0 0 1.4000000000000001 0 0 0 0 0 0 0 0 0 0 0 0 0 0 0 0 0 0 0 3 0 0 0 0 0 0 0 0 0 0 0 0 0 0 0 0 0 0 0 0.4 0 0.4 0 2.6 0 0 0 0 0 0 0 0 0 0 0 0 0 0 0 0 0 0 0 0 0 0 0 2.6 3.4000000000000004 0 0 0 0 0 0 0 0 0 0 0 0 0 
 90 96.80000000000001 29 17 55.6 9.600000000000001 4.800000000000001 31.8 32.6 43.6 77.2 27.400000000000002 11.8 69 0 46.400000000000006 26.200000000000003 31.8 19.400000000000002 24.8 0.2 1.6 0.6000000000000001 2.8000000000000003 0 0.6000000000000001 0 0 0.4 0 0.4 0.2 0.4 0.2 0 0 0 0 0 0.6000000000000001 0.2 0.4 2 0 0.6000000000000001 0 0 0.6000000000000001 0.6000000000000001 0.8 0.4 0.4 0 0 0.8 0.4 0 0.6000000000000001 0.4 0.2 0.6000000000000001 1 0.6000000000000001 0 0 0 0.6000000000000001 0 0 0.4 0 0.6000000000000001 0.2 0.6000000000000001 0 0 1 0 0.4 0 0.2 5.2 4 2.2 8.6 6.6000000000000005 0 8 10.600000000000001 2.6 2.6 5.2 1 9 0.4 0.2 0.6000000000000001 4.2 0 0.4 0 0 0 0 0 0 0 0 0 0 0 0 0 2.6 0 0 0 0 0.2 2.2 0 0 0.4 0.2 0 0 0 0 0 0 0 0 0 0 0 0 0.4 0 0 0 0.4 0 0 0 0 0 0 0 0 0 0 0 0 0 0 0 0 0 2.6 0 0.4 3.4000000000000004 9 0.2 2 0 8 7.800000000000001 3.6 2 2.8000000000000003 0.6000000000000001 2.4000000000000004 3.4000000000000004 0.2 9.600000000000001 0 1.8 1.8 0 0 0 0 0 0 0 0 0 0 0 0 0 2.8000000000000003 0 0 0 0 0 2.8000000000000003 0 0 0 0 0 0 0 0 0.2 0 0 0 0 0 0.4 5.4 0 0 0 0 0 0 0 0 0 0 0 0 0 0 0.4 0 0 0 0 0 0 0 0 0 0 0 0 0 0 0 0 1 0 1 18.2 0 0.6000000000000001 0 0 0 0 0.4 0 0 0 0 0 0 0 0 0 0 0 0 0 0 0 0 0 0 0 2 0 0 0 0 0 0 0 0 0 0 0 0 0 
 46 12.600000000000001 45.2 24 24.400000000000002 16 24.400000000000002 112.4 20.6 36.2 27.400000000000002 10.8 41.400000000000006 8.6 46.400000000000006 0 39 26.200000000000003 11.200000000000001 31.8 0 0 0.6000000000000001 0.8 0 0 0 0 0 0 0.4 0.2 21.8 0 0 0 0 0 0.4 0 0 0.4 0.6000000000000001 0.8 0.4 0 0 0 0.6000000000000001 0 0 0 0 0 0.6000000000000001 0.2 0 0.6000000000000001 0.4 0.4 0 0.6000000000000001 0 0 0 0 0.4 0 0 0.4 0 9.8 0 0.6000000000000001 0 0 0 0 0 0 1.2000000000000002 2 2.4000000000000004 4.800000000000001 1.4000000000000001 2.8000000000000003 0.4 2 2 1.2000000000000002 0.2 4.2 0 5 2 3.6 2 2.2 0 1 0 0 0 0 0 0 0 0.4 0 0 0 0 0 0 6.800000000000001 0 0 0 0 6.4 0 0 0 0.4 0 0 0 0 0 0 0 0.2 0 0 0 0 0 0 0 0 0 0 0 0 0 1.4000000000000001 0 0 0 0 0 0 0 0 1.4000000000000001 0 0 1.2000000000000002 0 0 0 0 6.4 2 2.8000000000000003 5.6000000000000005 3.2 3.4000000000000004 3 0 0 4.6000000000000005 0 0 0.2 6 0 2.2 0.6000000000000001 0 0 0 0 0 0 0 5.6000000000000005 2 1.6 0 0 0 5.800000000000001 3.2 0 0 0 0 0 2 0 0 0 0 0.2 0 0 0.2 0.2 0 0 0 0 0 0 0 0 0 0 0 0 0 0 0 0 0 0 0 0 0 3.2 0 0 0 0 0 0 0 0 0 0 0 0 0 0 0 0.8 0 1 0.4 0.4 2.6 2 0 0 0 0 0 0 0 0 0 3.8000000000000003 0 0 0 0 0 0 0 0 0 0 0 0 2 2.6 0 0 0 0 0 0 0 0 0 0 0 0 0 
 47.800000000000004 9 53 26 73.4 27.400000000000002 25.200000000000003 7.800000000000001 37.4 37.800000000000004 56.400000000000006 34 49.400000000000006 27 26.200000000000003 39 0 14.200000000000001 21.8 6.800000000000001 1.4000000000000001 0.6000000000000001 0.6000000000000001 0.8 0.4 0.2 1 14.8 0 0 0.4 0 14.8 0 0 0 0 0 14.8 15 0 1.2000000000000002 0.6000000000000001 7.2 0.4 0 0 12.8 0.6000000000000001 12.8 0 0.4 0 0 0.6000000000000001 0.2 0 1 0 0.4 0.6000000000000001 0.6000000000000001 0 0 0 0 0.4 1.2000000000000002 0 0.4 0.4 0 0 0.6000000000000001 0 0 0 0.6000000000000001 0 0 2 4.2 13.8 0 1.6 1.8 0 0 0 3.8000000000000003 4.800000000000001 0 0 3.6 4 6 4.6000000000000005 3.4000000000000004 0 4.6000000000000005 6 2.6 0 0 0 0 3 0.6000000000000001 0 0.4 0 0 4.2 0 1.4000000000000001 0 0 0 7.6000000000000005 3.2 0 0 0 5 0 0 0 0 0 0 0 0 0 0 0.2 0 0 0 0 0 0 0 0 0 1.2000000000000002 0 0 0 0 0 2.6 0 0 0 0 0 0 0 1.2000000000000002 0 4.4 0 0 1.6 0 0.8 0 0 5 4.2 2 2.6 0 0 1.6 0.8 3.4000000000000004 3 0 0 0 0 1.4000000000000001 0 0 0 0 2 0 0 0 0 2.8000000000000003 0.2 0 0 0 0 8.8 3 0.2 0 0 0 0 0 0 0 0 0 0 0.2 2.2 0 0 0 0 0 0 0 0 0 0 0 0 0 0 0 0 0 0 0 0 0 0 0 0 0 0 0 0 0 0 0 0 0.4 17.6 0.2 17.2 0 0.4 5.4 2.4000000000000004 0 0.4 0 0 0 0 0 0.2 7.4 3.6 0 0 0 0 0 0 0 0 0 0 0 0 0 3.2 0 0 0 0 0 0 0 0 0 0 0 0 0 
 23.400000000000002 55.6 27.200000000000003 10.600000000000001 8 12.600000000000001 18.8 26.6 22 10.600000000000001 33.2 56.800000000000004 14.200000000000001 57.400000000000006 31.8 26.200000000000003 14.200000000000001 0 20.200000000000003 18 0.2 0 0.6000000000000001 1.4000000000000001 0 0 0 14.8 0 0 0.4 0 0 0 0 0 0 0 0.4 0 0.6000000000000001 0.4 2.4000000000000004 0 0.6000000000000001 0 0 0 0.6000000000000001 0 0 0 0 0.4 0.6000000000000001 0.4 0 0.6000000000000001 0 0.2 0 0.6000000000000001 0 0 0 0 0.6000000000000001 0 0 0.4 0 0.4 0.8 0.6000000000000001 0 0 0 0 0 0 0.2 5.6000000000000005 0 6.4 4 0.6000000000000001 3 6 3.8000000000000003 0.2 5.4 12 0 5 0 2.2 0.6000000000000001 4.6000000000000005 3.4000000000000004 2.8000000000000003 0 0 0 0 0 0 0 0 0 0 0 0 3.4000000000000004 4.2 0 0 0 0 2 0 0 0 0 0.4 0 0 0 0 0 0 0 0 0 0 0 0 0.2 0 0 0 3.8000000000000003 0 0 0 0 0.6000000000000001 0 0 0 0 0 0 0 0 0 1.6 0 0 1.4000000000000001 0 4 4 2.6 2.2 3.2 4 11.200000000000001 6.6000000000000005 3.2 0 6.4 0 4.4 3 4 2 4 2 3.4000000000000004 0 0 0 0 0 0 0 4.2 0 0 0 0 0 2 2.2 1.6 0 0 0 0 2 0 0 0 0 0 0 0 0.2 0 0 0 0 0 0.2 0.4 0 0 0 0.4 0 0 0 0 0 0 0 1.6 0 0 0.2 0 0 0 0 0 0 0 0 0 0 0 0 0 0 0 0 0 0.4 0.8 0 0 1.8 0 0 0 0 0 0 0 0 0 0 0 0 0 0 0 0 0 0 0 0 0 0 0 4 5.6000000000000005 4.4 0 0 0 0 0 0 0 0 0 0 0 0 
 11 33 6.2 18 17.2 21.6 15.200000000000001 98.60000000000001 61.6 15.4 15.600000000000001 13.600000000000001 37.6 23.6 19.400000000000002 11.200000000000001 21.8 20.200000000000003 0 24.6 0.4 8.200000000000001 0.8 2 0.2 0.6000000000000001 0.8 0.8 0.4 0.2 0.8 0.2 0.2 0.2 0.4 0.4 0.4 0.2 0 0.8 0.4 0.4 1 1 0.6000000000000001 0 0 0 0.6000000000000001 0.4 0 0.4 0.4 0 0.6000000000000001 0.6000000000000001 0 0.6000000000000001 0 0 10.4 0.6000000000000001 0.2 0.4 0.4 0.4 1.4000000000000001 0.4 0.4 0.8 0 0.4 0.4 0.6000000000000001 0 0.4 0 0.2 0 0 1.8 3.8000000000000003 2 4.4 0 2.6 0 6 6.6000000000000005 0 1.6 0.6000000000000001 0.2 0 0 1.8 5.4 5.800000000000001 4.2 2.2 2.6 0 0 0 0 0 0.4 0 0 0 0 0 0 0 0 0 0 0 0 0 0 0 0 0 0.2 0 0 0.2 0 0 0 0 0 0 0 0 0 0 0 0 0 0 0 0 0 0 0 0 0 0 0 0 0.4 0 0 0 0 0.2 0 0.2 3.4000000000000004 11.600000000000001 2.8000000000000003 0 0 0 4.4 6.4 3.6 3.2 5.2 0.6000000000000001 4 1.4000000000000001 3.6 4.800000000000001 4.6000000000000005 0 2 0 0 0 0 2.6 0 0 0 0 0 0 0 0.4 0 2.2 0 0 0 0 1.8 0.2 0 0 0 0 0 0.2 0 0 0 0 0 0 0 0 0 0 0 0 0 0 0 0 0 0 0 0.4 0 0 0 0 0 0 0 0 0 0 0 0 0 0.4 0 0 0 0 0 0 2.2 0 0.8 0.6000000000000001 0 3 0 0 0 0 0 0 0.4 0 0 0 0 0 0 0 0.2 0 0 0 0 0 0 0 0 3.4000000000000004 0 0 0 0 0 0 0 0 0 0 0 0 0 0 
 67.4 26.6 10 20.400000000000002 17.8 16.400000000000002 83 9.8 32.4 57.6 13.600000000000001 53.400000000000006 35 98 24.8 31.8 6.800000000000001 18 24.6 0 0.2 0 0.8 0.8 0 0 0 0 0 0 0.6000000000000001 0.2 0.2 0 0 14.4 0 0 0 0 0.2 0.4 0.6000000000000001 0 0.6000000000000001 13 0 0 0.6000000000000001 0 0 0 0 0 0.6000000000000001 0.4 0 0.6000000000000001 0.2 0.2 0 1 0 0 0 0 0.4 0 0 0.4 0 0 0 0.6000000000000001 0 0 0 0 0 0 10.200000000000001 0.2 5.4 0 2.8000000000000003 0 3.8000000000000003 0.2 2 3.8000000000000003 2 2.8000000000000003 7 4 2.2 0 9.200000000000001 0 0.2 2.2 0 0 0 0 0 0 0 0 0 0 0 0 0 0 0 0 0 0 0 0 0 0 0 0 0 0 0 0 0 0 0 0 0 2 0 0 0 0 0 0 1.2000000000000002 0 0 0 0 0 0 0 0.6000000000000001 1.4000000000000001 0 0.6000000000000001 0 0 0 1.2000000000000002 0 0 0 0 0 0 3.8000000000000003 0 2.2 1.2000000000000002 2.8000000000000003 0 4.4 0.4 2 0 2.2 3.2 2.2 4.6000000000000005 0 6.800000000000001 12.4 2 0 0 0 0 0 0 0 0 0 0 0 0 0 0 0 0 0 1.6 0 0 0 0 0 0 0 0 0 0 0 0 0 0 0 0 0 0 0 0 0 0 0 0 0 0 0 4.2 0 0 0 0 0 0 0 0 0 0 0 0 0.2 0 0 0 0 0 0 0.2 0 0 0 18 0.4 4.2 0 0 0 0 0 0 0 0 0 0 0 0 0 0 0 0 0 0 0 0 0 0 0 0 0.2 0 0 0 0 0 0 0 0 0 0 0 0 0 
 0 0.4 0 0.2 0.2 42.400000000000006 0.4 0 0.2 0.8 0 0.2 0.2 0.2 0.2 0 1.4000000000000001 0.2 0.4 0.2 0 55.6 21.8 21.400000000000002 10.200000000000001 9.200000000000001 59.2 38.6 114 23.6 48.800000000000004 7.4 7.6000000000000005 10.8 37.4 10.600000000000001 30.8 20.400000000000002 28.400000000000002 55 0 0.6000000000000001 0 0.4 0.4 0 0 0 0 0.2 7.2 0 0 0 0 0 0 0.6000000000000001 13 0 0.8 0 0 0.6000000000000001 0 0 0 0 0 0 0.6000000000000001 0.6000000000000001 0 0 0 0 0 0 0 0 0 0 0 0 0.4 0 0 0 0 0 0.4 0 0 0 0 0 0 0 0 0 0.2 1.4000000000000001 2.6 0 2.4000000000000004 3.4000000000000004 0 1.8 9.200000000000001 11 11.4 1.6 1.4000000000000001 6.4 4.800000000000001 8 5.4 9.8 0 0 0 0 0.2 0 0 1 0.2 0 0 0 0 0 9.600000000000001 0 0.2 0 0 0.2 2.4000000000000004 2.4000000000000004 1.8 0 0 0 0 0 0.4 0 0 0 0.6000000000000001 0 0 0 0 0 0 0 0 0 0 0 0 0 0 0.2 0 0 0 0.4 0 0 0 0 0 0 0 0 1 0 3 8.4 2 2.2 1.2000000000000002 0 0.4 2 5.2 4 2 7.2 0 2.8000000000000003 10.200000000000001 2.4000000000000004 1.6 0 2 0 0 0 0 0 0 0.4 0 0 0 0 0 0 2 2 0 0 0 0 0.6000000000000001 2.6 0 0 0 0 0 0 0 0 0 0 0 0.2 0 0 0 0.4 0 0 0 0 0 0 0 0 0 0.2 0 0 0 0 0 0 0 0 0.8 0.4 0 18 15.8 0 0.8 0 0 0 0 0 0.8 0 0 0 0 0 0 0 0 0 0 0 0 0 0 0 0 0 0 0 0 0 0 0 
 0 0.4 0.2 0 15.4 0 0 0.4 0 0.2 0.2 0.8 0 0 1.6 0 0.6000000000000001 0 8.200000000000001 0 55.6 0 22.200000000000003 12 9 6.6000000000000005 35.2 39 82.80000000000001 15.200000000000001 3.6 71.4 16.2 23.200000000000003 96.4 12.200000000000001 78.80000000000001 7.6000000000000005 8.8 96 0 0.8 0 0 0.4 0 0 0.4 11.600000000000001 1.2000000000000002 1.2000000000000002 0 0 0 0.6000000000000001 0 0 2 0.4 0 1.6 0.4 0.6000000000000001 0.6000000000000001 0 0 0 0 0 0 0.6000000000000001 0.6000000000000001 0 0 0 0 0.6000000000000001 0 0 0.4 0 0 0 0 0 0 0 0 0 0 0 0 0 0 0 0 0 0 0 0 3.6 11.8 3.4000000000000004 4 4.6000000000000005 0.8 1.4000000000000001 1.8 4 2 7.2 3.8000000000000003 0.2 4.2 7.2 6.2 5 3 2.6 2 4 0 0 0.4 0 0 0 0 0 0 0 0 2.2 0 1.6 0 0 0 4 0 0 0 0 0 0 0 0 0 0 0 0.6000000000000001 0 0 0 0 0 0 0 0 0 0 0 0 0 0 2.6 0 0 0 0 0 0 0 0.2 0 0 0 0 0.6000000000000001 0 7.4 4.800000000000001 1.8 1.6 4.2 0 0.4 2 0 2.6 2 7.4 2.4000000000000004 0 6 2 9.200000000000001 0.2 0.2 0 0 3.4000000000000004 0 0 0 0 6.2 0 0 0 0 0 2 0 0 0 0 0 0 2.4000000000000004 0 0 0 2.2 0 0 0 1.6 3.8000000000000003 0 0 0 0 0 0 0 0 0 0 0 0 0 0.2 0 0 0 0 0 0 0 0 0 0 0 0.8 0 0.4 16.2 15.4 0 0 0 0 0 0 0 0 0 0 0 0 0.2 0 0 0 0 0 0 0 1.6 0 0 0 0 0 0 0 0 0 0 
 1.2000000000000002 1.2000000000000002 0.6000000000000001 1.2000000000000002 0.6000000000000001 0.6000000000000001 0.6000000000000001 0.6000000000000001 0.6000000000000001 1.2000000000000002 0.6000000000000001 0.6000000000000001 0.6000000000000001 0.6000000000000001 0.6000000000000001 0.6000000000000001 0.6000000000000001 0.6000000000000001 0.8 0.8 21.8 22.200000000000003 0 69.2 14.8 25 31.400000000000002 48.6 39.400000000000006 9.8 57.400000000000006 17.400000000000002 29.6 78.4 82.2 49.400000000000006 81.80000000000001 8.200000000000001 22.400000000000002 9.8 0 0.4 0 0.2 0.4 0 0 0 0 0.2 0.6000000000000001 0 0 0 0.2 4.6000000000000005 0 0.6000000000000001 13 0 0 0 0 0.6000000000000001 0 0 0.4 0 0 0 0 0.6000000000000001 0 0 0 0 0 0 10.600000000000001 0 0 0 0 0 0 0 0 0 0 0 0 0 0 0 0 0 3.8000000000000003 0 0 0 2.4000000000000004 8.8 0.2 0 1.8 5.4 5.2 0 5.6000000000000005 3.6 6.2 1.8 2.8000000000000003 1.8 3 4.2 8.200000000000001 2.8000000000000003 0 0.2 0 0 0.2 0.4 0 3 3.6 0 0 0 0 0 0 0 0.2 0 0 0 4 4.6000000000000005 0 0 0 1 0 0 0 0 0 0 0 0 0 0 0 0 0 0 0 0 0 0 0 0 0 0 0 0 0.2 0 0 0 0 0.2 0 0 0 0.2 0.2 0 6 9.8 11.4 0 2 0 0.4 0 4.6000000000000005 11.4 4 9.8 0.4 0 6.6000000000000005 3.8000000000000003 6.4 4.800000000000001 0 1.8 0 0 0 0 0 0 2 1.4000000000000001 0 0 0 0 5.6000000000000005 2 0 0 0 0 0.2 0 0 0 0 0 0 0 0 0 0 0 0 0 0 0 0 0 0 0 0 0 0 0 0 0 0 0 0 0 0 0 0 0 0 0 1.6 0.2 0 0 0 0 1.4000000000000001 3.6 0.2 0 0 0 0 0 0 0 0 0.2 0 0 0 0 0 0 0 0 0 5.6000000000000005 0 0 0 0 0 0 0 0 
 0.8 1.4000000000000001 0.8 0.8 0.6000000000000001 0.8 1 1.4000000000000001 0.8 1 1 2.4000000000000004 1 3.2 2.8000000000000003 0.8 0.8 1.4000000000000001 2 0.8 21.400000000000002 12 69.2 0 21.200000000000003 8.4 16 16.8 13.600000000000001 52.800000000000004 33.800000000000004 12.600000000000001 11.4 104.4 19.6 53.2 21.400000000000002 16.8 19.6 29.200000000000003 8.200000000000001 1.4000000000000001 0.8 0 0.8 0 0 14.8 0 0.6000000000000001 0.6000000000000001 1.2000000000000002 0 0 0.6000000000000001 3.8000000000000003 0 0.6000000000000001 0 0.6000000000000001 0 0.6000000000000001 0.4 0.8 0 9.8 0 0.6000000000000001 0 0 0 0.8 0 0 0 0 0.4 0.2 0 0 0 0 0 0 2.4000000000000004 0 0 0 0 0 0 0 0 0 0 0 0 0 0 0 2 2.2 0 5.4 0 3.4000000000000004 0 0 2.4000000000000004 0 2.2 1.2000000000000002 0 0 2 0 2.6 0 0 0 7 2.4000000000000004 1.4000000000000001 0 0 0 4.2 2.4000000000000004 2.4000000000000004 2 0 0 9.4 0 2 0 0 7 3.6 2.6 0 0 0 0 0 0 0 0 0 0 0.4 0 0 0 0 0.2 0 0 0 0 0 0 0 0 0 0 0 0 0 0 1.6 0 0 0 0 0 3.4000000000000004 0 0 0 0 1.8 0 1.8 2.6 7.4 0 0 0 2.6 5.4 0 0 0 0 1.6 2.8000000000000003 0 0 0 2.2 5.2 0 0 0 0 5.800000000000001 0 0 0 0 0 0 0 3.8000000000000003 0 0 0 0 9.8 0 0 0 0 0 0 0 0 0 0 0 2.2 0 0 0 0 0 0 0 0 0 0 3.2 0 0 0 0 0 0 0.4 0 0 0.2 0 0 0 0.4 0 0.2 0 0.6000000000000001 0 0 0 0 0 0 0 0 0 0 0 0 0 0 0 0 0 0 0 0 0 0 0 0 0 0.2 0 0.2 0 
 0.4 1 0.2 0.2 0 0 0 0 0 0.6000000000000001 0.6000000000000001 0 0 0 0 0 0.4 0 0.2 0 10.200000000000001 9 14.8 21.200000000000003 0 92.2 12 28.400000000000002 44.800000000000004 48.6 18 40 13 24.8 71.4 97 73.60000000000001 39.2 16.8 104 0 0.4 0.8 0 0.4 0 0 0 0 0.4 0.6000000000000001 0.4 13.600000000000001 0 0.4 0 0 1.2000000000000002 15.200000000000001 12.4 0 0 1.6 0.4 0 10.200000000000001 0 0 1.2000000000000002 0 0 0.6000000000000001 0 0 0 0 2.2 0 0.2 0 0 0 0 0 0 0 0 0 0 0 0 0 0 0 0 0 0 0 0 0 2 2.8000000000000003 5 4.2 0 5.2 3.4000000000000004 0 6.4 10.8 4 0.2 0 3.6 1.8 4.6000000000000005 3.6 4.800000000000001 0 0 2.2 3.8000000000000003 0.2 0 0 0 2 0 0 0 0 0 0 1.8 2.4000000000000004 0 0 0 4.2 5.4 0 0 0 0 0 0 0 0 0 0 1 0 0 0 0 0 0 0 0 0 0 0 0 0 0 0 0 0 0 0 0 0 0 0 0 0 0.2 0 0 0 1 6.4 1.8 0 3 1.2000000000000002 0 0 1.8 2.6 12.200000000000001 7.4 0 0 4 0 3.6 1.6 0 0 0 0 1.8 0 0 0 4.2 0 0 0 0 0 6.2 1.8 0 0 0 0 0.2 0 0 0 0 0 0 0 0 0 0 0 0 0 0 0 0 0.2 0 0 0 0 0 0 0 0 0 0 0 0 0 0 0 0 0 0 0.4 0.4 0.4 0 1.6 1 1 2.2 0 0 0 0 0 0 0 0 0 0 0 0 0 0 0 0 0 0 0 3.8000000000000003 0 0 0 0 4 0 0 0 
 0 1.6 0 0 0 0 0 1 0 0 0 0 0 0 0.6000000000000001 0 0.2 0 0.6000000000000001 0 9.200000000000001 6.6000000000000005 25 8.4 92.2 0 50 10.8 8.6 26 30.6 44 11 12 6.4 28.200000000000003 53.400000000000006 56.800000000000004 53 12.600000000000001 13.200000000000001 12.8 0 0 0.4 0 18.2 6.2 6 0.2 0.6000000000000001 0 0 12.4 12.8 1 0 4.2 12.8 0 0 0 2.6 0.6000000000000001 0 0.2 0 0 0.2 0 0 0.6000000000000001 0 9.8 0 0 0.6000000000000001 0 0 0 0 0 0 0 0 0 0 0 0 0 0 0 0.4 0 0 0 0 0 0 0 0 0 4 3.4000000000000004 5 0 0 0 0 3 3.4000000000000004 0 0.4 0 0 0 0 0 0 0 5.6000000000000005 1 7.2 0 2.8000000000000003 0 8.8 4.800000000000001 0 3.8000000000000003 0.2 0 1.2000000000000002 10.600000000000001 0 1.6 2.8000000000000003 0 0 4.6000000000000005 0 0 0 0 0 0 2.8000000000000003 0 0 0 0 0 0 0 0 0 0 0 2.2 0.4 0 0 1.4000000000000001 0 0 0 0 0 0 0 0 0 0 0 0 0 0 0 0 0 0.2 0 2.6 0 4.4 3 0 0 0.2 0 2 3 0 0 0 0 2.2 0 0 0 1.2000000000000002 4.2 5.4 0 0 2.2 1.8 3.6 2.8000000000000003 3.8000000000000003 0 0 5 0 6.800000000000001 0.8 0 0 6.2 3 0 0 0 0.4 0 0 0 0 0 0 0 0 0 0 0 0 0 0 0 0 0 0 0 0 0 0 0 0 0 0 0 0 0 0 2 0 0.2 15.200000000000001 0.8 1.4000000000000001 0.6000000000000001 0.4 0 0 0 0 0 0 0 0 0 0 0 0 0 0 0.4 0 0 0 0 0 0 0 0 0 2 1.6 0 0 
 0.6000000000000001 0.8 0 0 0 16.400000000000002 0 0 0.2 0.4 0.6000000000000001 15.600000000000001 0 0 0 0 1 0 0.8 0 59.2 35.2 31.400000000000002 16 12 50 0 29.400000000000002 29.8 15.4 4.6000000000000005 20.200000000000003 52.2 64.2 40.400000000000006 22.6 7.2 8.200000000000001 19.6 92.80000000000001 0 0.4 0 1 0.4 0 0 0 0 0.4 0.6000000000000001 0 0 0 0 0 0 1.4000000000000001 0.6000000000000001 0 0 0 0 0.6000000000000001 0 0 0 0 0 0 0 0.6000000000000001 0 0 4.4 0 0 0.4 0 0 0 0 0.4 0 0 0 0 0 0 0 0 0 0 0.4 0 0 0 0 0 0 1.4000000000000001 11.200000000000001 2.4000000000000004 0 7 0 0.2 2 0.6000000000000001 0.2 13 1.6 6.800000000000001 6.800000000000001 8.8 7.4 9.4 6 0.2 3.2 0 0 0 0 0 0 0.4 0 0 0 0 0 0 0 0 0.2 0 0 0 0 0 0 0 0 0 0 0 0 0 0 0.4 0 0 0 0 0 0 0 0 0 0 0 0 0.2 1.8 0.6000000000000001 0 0 0 0 0 2.4000000000000004 0 0 0 0 0 0 1.2000000000000002 0.2 9.4 5.6000000000000005 1.4000000000000001 5.800000000000001 0 0 8.8 7 9.4 12.600000000000001 0 1.6 7 2 4 11.8 7 0 2.2 0 0 0 0 0 0 0 0 0 0 0 0 0 4 0 0 0 0 0.4 0 0 0 0 0.4 0 0 0 0 0 0 0 0 0 0 0 0 0 0 0 4.6000000000000005 0 0 2.2 0 0 0 0 0 0 0 0 0 0 0 0 1.4000000000000001 0 0.8 31 0.4 0.4 0.2 0 0 0 0 0 2.8000000000000003 0 0 0 0 0 0 0 0 0 0 0 0 1.6 0 0 0 0 0 0 0 0 0 0 
 0 0 0 0 15 0.2 0 0.2 0 15 7.2 0.4 0 0.8 0 0 14.8 14.8 0.8 0 38.6 39 48.6 16.8 28.400000000000002 10.8 29.400000000000002 0 14.8 67 8.6 26.400000000000002 16.2 35 51.800000000000004 76.80000000000001 23 8 31.8 84 0.4 0.4 0.6000000000000001 0.4 1 0 0.4 0 0 10.8 1 0 0.6000000000000001 0.2 0 0 0.4 1 8.4 0.6000000000000001 0.8 0.2 1.4000000000000001 1 0 0 0.4 0 0 0.2 1 0.6000000000000001 0 0.4 0 0.4 0 0.6000000000000001 0 0 0 0 0 0 0 0 0 0 0 0 0 0 1.2000000000000002 0 0 0 0 0 0 0 0.2 1.4000000000000001 5.2 0 4 0 1.6 8.8 14.4 2.4000000000000004 5.800000000000001 5.4 5.800000000000001 8.200000000000001 0.4 3.2 4.4 0.2 11.200000000000001 0.4 0 0 0 0.4 0 0 0 1 0 0 0 0.2 0 0 0 0 0 0 0 0 0 0 0 0 0 0 0 0 0 0 0 0 0 0 0 0 0 0 0 0 0 0 0.2 0 0 5.800000000000001 0 0 0 0 0 0 0 0 0 0 0 0.2 4.2 0 6.6000000000000005 1.2000000000000002 0 0 0 0.2 1.8 0 1.8 0 3.2 7.800000000000001 0.2 0.8 0 5.4 3.8000000000000003 5.800000000000001 0.4 2.4000000000000004 0 0 0 0 0 0 0 0 0 0 0 0 0.2 1.8 0 0 0 0 0.2 0.2 0 0.2 0 0 0 0 0 0 0 0 0 0 0 0 0 0 0 0 0 0 0 0 0 0 0 0 0 0 0 0 0 0 0.4 0 1.2000000000000002 0 0.4 0 2.6 0 0 0 0 0 0 0 0 0 0 0.4 0 0.2 0 0.4 0 1.4000000000000001 0 3.4000000000000004 0 0 0 2 0 0 0 0 0 0 0 0 
 0 0.2 0 0 15.600000000000001 0 0 0.2 0 0 0 15.600000000000001 0 0 0.4 0 0 0 0.4 0 114 82.80000000000001 39.400000000000006 13.600000000000001 44.800000000000004 8.6 29.8 14.8 0 16.2 26.6 8.8 35 64.60000000000001 46.400000000000006 30.8 34.2 7.800000000000001 18.6 49.6 0 0.4 0 0.6000000000000001 1 0 0 0 0 0.8 1.2000000000000002 0 0 0 0.4 0.4 0.4 0.6000000000000001 13.4 0 2 0 0 0.6000000000000001 0.6000000000000001 0.4 0 0 0 0 1.4000000000000001 1 0 0 0 0 0 0.4 0 0 0 0 0 0 0.2 0 0 0 0 0 0 0 0 0 0 0 0 0 0 0 0.2 0 2.6 4.2 3.6 2.8000000000000003 2 0 4.6000000000000005 10.600000000000001 0.4 2 0 3.4000000000000004 0 0 0 3 3.6 3.2 0 0 0 0 0 0 0 0 0 0 0 0 0 3 0 0 0 0.4 0 1.4000000000000001 0 0 6.800000000000001 0 0 0 0.2 0 0 0 0 0 0 0 0 0 0 0 0 0 1.6 0 0 0 0 3.2 0 0 0 0.2 0 0 0 0 0 0 0.2 0 0 0 2.4000000000000004 8.200000000000001 1.6 2 2.6 0 0 4 1.8 20.400000000000002 0.4 3.4000000000000004 0 1.6 7.4 0 0.4 0 0.2 0 0 0 0 0 0 0.2 3.4000000000000004 0 0 0.4 0 0 2 0 0 0 0 0 1.8 0 0 0 0 0 0 0 0 0 0 0 0.2 0.2 1.8 0 0 0.2 0 0 0 0 0 1.8 0 0 0 0.4 0 0 0 0 0 0 0 0 0.4 0 0 1 0 0 0 1.6 0 0 0 0.6000000000000001 0.2 0.2 0 0 0 0 0 0 0 0 0 0 0 2.8000000000000003 0 2.6 0 0 0 0 0 0 0 0 
 0.2 0.4 0 0.2 0 0 0 0.4 0 0 0.6000000000000001 0 0 0.8 0 0 0 0 0.2 0 23.6 15.200000000000001 9.8 52.800000000000004 48.6 26 15.4 67 16.2 0 60.800000000000004 23.8 6.800000000000001 21.200000000000003 18.6 77 24.200000000000003 39.2 19.8 36.800000000000004 12.4 0 0 0 0.4 0 12.4 0 0 0.2 0.6000000000000001 0 0 0 0 0 4.6000000000000005 0.6000000000000001 0.6000000000000001 0 0 0 0 0 0 9.600000000000001 0 0 0.8 0.6000000000000001 0 0.2 0 0 0.4 0 1.6 0 0 0 0 0 0.2 0 0 0 0 0 0 0 0 0 0 0 0 0 0 0 0 0 4.6000000000000005 3.6 0 7.6000000000000005 0.2 3.4000000000000004 1.8 0.2 7 0 6.2 5.800000000000001 3.8000000000000003 4.4 2.8000000000000003 0 4 0 4.6000000000000005 0 0 7.6000000000000005 0 0 0 0 2.8000000000000003 5.800000000000001 0.4 0 0 0 0.2 0 2 0 0 0.2 10.4 2.4000000000000004 0 0 0 0 0 0 0 0 1 0 1.2000000000000002 0 0 0 0 0 0 0 0 0 0 0 0 0 0.2 3.6 0 0.4 0 0 0 0 1.4000000000000001 0 0 0 1.8 0 0 0 2.8000000000000003 2.2 0 0 1.8 9.4 0 0.2 3.8000000000000003 2.8000000000000003 4.4 0 0 0 0 4.6000000000000005 3.2 4.2 1.8 0 2.2 2.4000000000000004 1.6 0 0 0 5.800000000000001 4.4 0 0 0 0 0 0 10.600000000000001 0 0 0 2.4000000000000004 2.4000000000000004 0 0 0 0 0 0 0 0 2.2 0 0 0 0 0.4 0 0 0 0 0 0 0 0 0 0 0 0 0 0 0 0 0 0 0 0 0.8 0 0.4 0 19.6 0 0 0 0 0 0 0 0 0 0 0 0 0 0 0 0 0 0 0 0 0 0 0.8 0 0 0 0 2.6 0 0 0 
 0.4 1 0.4 0.8 0.4 0.4 0.4 0.8 0.4 0.8 0.6000000000000001 0.4 0.4 0.4 0.4 0.4 0.4 0.4 0.8 0.6000000000000001 48.800000000000004 3.6 57.400000000000006 33.800000000000004 18 30.6 4.6000000000000005 8.6 26.6 60.800000000000004 0 77.2 9.200000000000001 22.6 14.200000000000001 18.8 14.4 39.6 6 14.200000000000001 16.400000000000002 1 0 0.2 0.4 0.4 25.200000000000003 12.4 0.2 0.8 1 0 0 0.2 0.4 0.8 4.800000000000001 0.6000000000000001 4.4 13 0 0.2 0.8 1.2000000000000002 0 8.200000000000001 0 0 0.6000000000000001 0.4 0 0.6000000000000001 0 0 0 0 1 0 0 0 0 0 0 0 0 0 0 0 0 0 0 0 0 0 0 0 0 0 0 0 0 0 1.8 10.200000000000001 6.800000000000001 4.2 0 0 0 1.6 0 0.4 0 0 0 0 0 0 0 0 2.4000000000000004 6.6000000000000005 6.6000000000000005 0 0 0 4.800000000000001 5.2 6.800000000000001 5 0 0 4.4 3 0.2 1.6 0 4.2 4.800000000000001 5.2 0 0 0 0 0 0.4 0 0 0 1.6 0 0.2 0 0.2 0.4 0 0 0 0 0 0 0 0 0 0 0 0 0 0 0 1.2000000000000002 0 0 0 0 0 0.8 0 0 0 0 0 0 3.6 2.6 4.800000000000001 0 0 0.2 0 7.4 0 0 1.4000000000000001 0 0 0.8 0 0 0 5.6000000000000005 2.4000000000000004 8.200000000000001 0 2.2 0.2 8.200000000000001 4.4 0 0 0.4 0 1.2000000000000002 0 6.800000000000001 0 0 4.2 9.4 7.4 0 0 0 0 0 0 0 0 0 0 0 0 0 0 0 0 0 0 0 1.4000000000000001 0 0 1.8 0 0 0.2 0 0 0 0 0 0 0 0 0.4 0.2 0 1.2000000000000002 1.2000000000000002 0 0.4 0.2 0 0 0 0 0 0 0 0 0 0 0 0 0 0 0 0 0 0 0 0 0 0 0 0 2.6 0 0 0 
