 0 58.6 16.8 31.6 6.4 11.600000000000001 27.200000000000003 44.6 25.8 44 26.400000000000002 5.2 33.2 52.6 87.60000000000001 28 38.800000000000004 5 16.2 30.8 0.8 1.8 0.8 0.4 0.8 0.2 0.4 0 0 0.4 1.2000000000000002 0 0 0 0.6000000000000001 1.2000000000000002 1.4000000000000001 0.6000000000000001 0.2 0 12.8 0.6000000000000001 1.8 0.4 0 0 1 0 0 0.8 2.4000000000000004 0 0.4 0.4 0.6000000000000001 1.6 0 1.2000000000000002 0.6000000000000001 0 0.8 1.2000000000000002 0.2 1 1.4000000000000001 1.2000000000000002 0.4 2.2 0 0.2 0 0 1.2000000000000002 0.8 1.8 0 0 0 0 0.8 11 1.6 3.2 0 0 0 3.8000000000000003 2 9.200000000000001 3 6.6000000000000005 3.4000000000000004 2 4.800000000000001 10.600000000000001 2.2 0 0 0 4.2 0 0 0 0 0 5 0 0 0 0 0 2.2 0 0 0 0 0 0 6.800000000000001 0 0 0 0 0 0 0 0 0 0 0 0 0 0 0 0 0 0 0 0 3.6 0 0 2.6 0 0 0 0.8 0 0 0 0 0 0 0 0 0 0.2 0 0 0 6.4 6.2 0.2 3.2 6.800000000000001 0 2.8000000000000003 4.800000000000001 3 0 1 0.8 13.4 3.2 5.4 2.4000000000000004 3.2 1.6 0 0 0 0 0 0 0 3 0 0 0 0 0 0 0 0 0 0 0 0 0 0 0 0 0 0 0 0 0 0 0 0 0 0.4 0 0 0 0 0 0 0 0 0 0 0 0 0 0 0 0 0 0 0 0 0 0 0 0 0 0 0 0 0 0 0 0 0 0.4 0.2 0 0.2 0 0.4 0 1 0 0 0 0 0 0.2 0.6000000000000001 0 0 1.6 0 0 0 0.4 0 0 0 0 0 0 0 0 0 0 0 0 0 0 0 0 0 0 0 0 0 0 0 
 58.6 0 101 90.2 9 9.8 39.800000000000004 42.6 70.2 28.400000000000002 10 6.4 26.8 28.8 52 124.2 10.4 7.800000000000001 49.800000000000004 12.8 0 0.2 0.6000000000000001 0 0 0.4 0.2 0.4 0 0.6000000000000001 0.2 0.4 0 0 1.2000000000000002 0 0.6000000000000001 2.2 0.2 15.8 1.8 0 0 0 0 0 0 0.2 0.8 0 0.4 0 0.4 0 0 0.4 0 0.4 0.6000000000000001 0.6000000000000001 1.2000000000000002 0.6000000000000001 0 0.6000000000000001 0 0.4 0 0.6000000000000001 1.4000000000000001 2.2 0.6000000000000001 0 0 0 1 0 0 0 0 0.6000000000000001 0 2.8000000000000003 3 0.4 0.2 0.2 0 7 5.2 0.2 11.4 2.2 3.8000000000000003 5.800000000000001 4.2 6.6000000000000005 4.2 0 2.8000000000000003 2.2 0 0 0 0 3.4000000000000004 0 0.2 1.4000000000000001 0 0 0 0 3.6 0 0 0 0 0 5.2 0 0 0 0 0 1.2000000000000002 0 0 0 0 0 0 0 0 0 0 0 6 0 0 0 0 0 0 0 0 0 0 0 0 0 0 0 0 2.8000000000000003 0 0 0 0 0 0 7.2 0 3.2 2 0 0 0 2 0.2 2.6 6.2 2.6 3.4000000000000004 9.200000000000001 0 2.4000000000000004 0 7.800000000000001 0 3.2 0 0 0 0 0 0 0.4 0 0 0 0 0 1.4000000000000001 0 0 0 0 0 0 1.6 0 0 0 0 0 0 0 0 0 0 0 0 0 0 0 0 0 0 0 0 0 0 0 0 0 0 0 0 0 0 0 0 0 0 0 0 0 0 0 0 0 3.2 0 0 0 0.6000000000000001 18.2 0 18.400000000000002 0.4 0 4.800000000000001 0 0 0 0 0 0 0 0 0 0 0 0 0 0.4 0 0 0 0 0 0 0 0.4 0 3.4000000000000004 2.6 0 0 0 0 0 0 0 0 0 0 0 0 0 
 16.8 101 0 43.6 47.400000000000006 53.6 14 37.800000000000004 70.2 11.4 26.400000000000002 44.2 11.4 56.400000000000006 27.8 33.2 46.800000000000004 42.800000000000004 60.6 6.4 0 0 0.6000000000000001 15 0.2 0 0 0 0 12.600000000000001 0.4 0.2 0 0 1 0 0.6000000000000001 0.6000000000000001 22 6 0 0 0 0 0 0 0 0 0 0 1.2000000000000002 0 0.4 0 0 0.8 0.2 0 0.6000000000000001 0 0 0.6000000000000001 0 0.6000000000000001 0 0.4 0 0.6000000000000001 0 0 0 0 0 0 0.6000000000000001 0 0 0 4.800000000000001 0.6000000000000001 0 0 0 2 6 2.8000000000000003 0.6000000000000001 3.6 5.4 6.2 0 2.4000000000000004 1 0 0 2.8000000000000003 3.4000000000000004 2.2 0.2 0 0 0 0 0 0 0.2 6.2 0.2 0 0 0 0 2 2.8000000000000003 0 0 5.4 0 0 0 0 0 0 0 0 0 0 0.4 0 0 0 0 0 0 0 0 0 0 0 3.2 2.2 0 0 0.2 7 0 0 0 0 0.4 0 0 3.2 0.2 0 0 0 0 0 0 10.600000000000001 1.8 3 2.6 1.4000000000000001 0 0 3 0.2 6.800000000000001 0.2 0.4 3.8000000000000003 3.8000000000000003 0.6000000000000001 8.200000000000001 1.8 3.6 1.4000000000000001 4.800000000000001 5 9.4 0 0 0 0 2.4000000000000004 0.2 0 0 0 0 1.2000000000000002 2 0 0 0 0 2.4000000000000004 3.8000000000000003 0 0 0 0 0 0 0 0 0 0 0 0 2.6 0 0 0 0 0 0 0 0 0 0 0.4 0 0 0 0 0 0 0 0 0.2 0 0 0 0 0 0 0 0 0 0 0 0 0.2 0 0.4 10 18.8 0 1.8 0 0 0 0 0 0 0 0 0 0 0 0 0 0 0 0 0 0 0 0 0 0 0 0 5.800000000000001 0 0 0 0 0 0 0 0 0 0 0 0 0 
 31.6 90.2 43.6 0 41.6 48.2 38.800000000000004 11 57 59 20.6 19.200000000000003 15.600000000000001 37.4 70.8 44 61.2 46.2 15.200000000000001 70 0 0 0.6000000000000001 0 0 0 0 0 0 3.2 0 0 0 0 0.6000000000000001 0 0.6000000000000001 0.6000000000000001 30.8 0 0 0 0 0 0 0 0 0 0 0 0 0 0.4 0 0 1.4000000000000001 0 0 0.6000000000000001 0 0 0.6000000000000001 0 0.4 0.2 0.4 0 0.6000000000000001 0 0 0 0 0 14.600000000000001 0.6000000000000001 0 0 0 0 0.6000000000000001 0 0 2 1.6 6 2.8000000000000003 0 4 4.4 0.6000000000000001 2 1.4000000000000001 0 2.6 3.4000000000000004 4 0 3.6 0 0.4 0 0 0 0 0.2 0 5.800000000000001 0.2 0 0 0.2 0 0 0.2 0 0 0 0 4.2 0 0 0 0 0 0 0 0 0 0 0 0 0 0 0 0 0 0 0 0 0.2 0 0 0 0 0 3.2 0 0 0 0 0 0 0 0 0 0 0 0 0 0 3.4000000000000004 0.6000000000000001 1.4000000000000001 2.6 0 2.6 0 0 0 7.800000000000001 0.8 1.2000000000000002 0 10 0 2 0 4 1 0 3.2 0 0 0 0 0 3.4000000000000004 0 0 0 0 0 0.4 2.2 0 0 0 0 0 4 0 0 0 0 0 0 0 0 0 0 0 0 0 0 0 0 0 0 0 0 0 0 0 0 0 0.4 0 0 0 0 0 0.2 0 0 0 0 0 0 0 0 0 0 0 0 0 0 0 0.4 2.2 18 0.4 2 3 0.8 0 0 0 0 0 0 0 0 0 0 0 0 0 0 0 0 0 0 0 0 0 0 7 0 0 0 0 0 0 0 0 0 0 0 0 0 
 6.4 9 47.400000000000006 41.6 0 20.6 54.400000000000006 9.4 22.200000000000003 25.6 34 30.6 18 59.400000000000006 23.6 36.4 7.6000000000000005 24 16 20.200000000000003 4.6000000000000005 0 0.6000000000000001 0 0.2 0 0.4 0.6000000000000001 0 0 0 0 0 6.4 28 0 7.800000000000001 0.6000000000000001 0 15.4 0 0 0 0 0 0 0 0 0.8 0 0.2 0 0.4 0 0 0.6000000000000001 0 0 0.6000000000000001 0.4 0 0.6000000000000001 0 0.6000000000000001 0 0.4 0 0.6000000000000001 0.4 0 0 0 0 0 0.6000000000000001 0 0 0 0.6000000000000001 0.6000000000000001 0 0 0 6.800000000000001 3.2 0 0 0 3.8000000000000003 2 2 6.4 1.4000000000000001 0 0 0.2 0 2.8000000000000003 0 0 0 0 0 0 0 0 0.2 0.6000000000000001 4.800000000000001 3.4000000000000004 0 0.8 7.2 2.8000000000000003 0 0 1.6 0 6.4 0 0 2.6 0 0 0 0 0.4 0 0 0 0 0 0 0 0 0 2.8000000000000003 0 0 0 0 0 0 0 0 0 0 2.4000000000000004 0 0 0 0 0 0 0 0 0 0 0 0 3 2 0 1.2000000000000002 4.800000000000001 3.6 0 0 3.2 5.800000000000001 0 3 0 0 0 0 3.4000000000000004 6.2 0 0 3.4000000000000004 5.6000000000000005 0 0 0 0 0.4 1.8 2.2 3.8000000000000003 0 0 1.8 3.8000000000000003 5 0 0 0 9.600000000000001 5.800000000000001 0 0.4 0 0 0 0 0 0 0.4 0 0 0 0 0 0.2 0 0 0 0 0 0 0 0 0 0 0 0 0 0 0 0 0 0 0 0 0 0 0 0.2 0 0 0 0 0 0 0.6000000000000001 0.4 1 18.8 17.400000000000002 0.4 1.4000000000000001 0 0 0 0 0 0 0.6000000000000001 0 0.2 0 0 0 0 0 0.4 0 0 0 0 0 0 0 0 0 2.2 0 0 0 0 0 0 0 0 0 0 0 0 0 
 11.600000000000001 9.8 53.6 48.2 20.6 0 11.200000000000001 6.2 82.60000000000001 73.8 37.6 60.6 9.600000000000001 9.4 33 38.400000000000006 52 20.400000000000002 11 10.4 15.200000000000001 0 0.6000000000000001 0 0.4 0 0 0.4 0.6000000000000001 0.4 0.6000000000000001 0.6000000000000001 0 0 0.6000000000000001 0 0.6000000000000001 5.2 32.6 48.400000000000006 0 0 0 0 0 0 0 0 0 6.2 0 0 0.4 0 0 1.2000000000000002 0 0 0.6000000000000001 0 0.4 0.6000000000000001 0 0.8 0.4 0.4 0 0.6000000000000001 0 0 0 0.4 0 0 0.4 0 0 0 3 0.6000000000000001 0 0 3.6 4.4 9.600000000000001 5.4 0.4 12.200000000000001 2.6 6.4 5.4 5 0 0 0 3 0.2 1.6 0 0.4 0.2 0.2 0 0 0 0 5.4 0 0 0 0 0 4.2 3.2 2.4000000000000004 0 0.6000000000000001 0 0 3 0 0 0 0 0 2 0 0 0 0 0.4 0 0 0 0 0 0 0 0 3 0 0 0 0 0 0 0 0 0 0 2 0 0 0 0 3.6 0 0.2 0 0 3.2 3.8000000000000003 1 0.6000000000000001 0.4 1.6 0 0 0 11.600000000000001 2.4000000000000004 5.2 0 0 0 4.2 5.6000000000000005 3.6 0.8 0 3.8000000000000003 0 0 0 0 0 5.4 2 8.4 0 0 0 5.2 0.2 5.4 2.8000000000000003 0 0 2.8000000000000003 0 0 0 0 0 0 0 0 0 0 0 0 0 0.4 0 0 0 0 0 0 0 0 0 0 0 0.2 0 0 0 0 0 0 0 0 0 0 0 0 0 0 0 0 0 0 0 0 2.4000000000000004 17.2 0 18 0.6000000000000001 2.4000000000000004 2.8000000000000003 3.8000000000000003 0 0 0 0 0 0 0 0 0 0 0 0 0 0 0 0 0 0 0 0 0 0 3.4000000000000004 4.2 2.6 0 0 0 0 0 0 0 0 0 0 0 0 
 27.200000000000003 39.800000000000004 14 38.800000000000004 54.400000000000006 11.200000000000001 0 38.2 9.4 33.800000000000004 26.6 5.800000000000001 69.60000000000001 13.4 29 14.600000000000001 8.200000000000001 15.600000000000001 10.600000000000001 53.2 0.2 0.4 0.6000000000000001 0.6000000000000001 0 0 0 0 0 0 0 0 0 0 0.6000000000000001 0 0.8 0.6000000000000001 0 0.2 1.6 0 0 0 0.6000000000000001 0 0 0 0 0 0 0 0.4 0 0 0.6000000000000001 0 0 0.6000000000000001 0 0 0.6000000000000001 0.2 0.4 0.6000000000000001 0.4 0 0.4 0 0.2 0.2 0 0 0 0.4 0 0 0 0 0.6000000000000001 0.2 4.2 3.4000000000000004 2.8000000000000003 2.2 0 0 3 0.6000000000000001 5.6000000000000005 0.2 0 1 5.4 3.2 1.2000000000000002 5.6000000000000005 1.2000000000000002 0 5.800000000000001 0 0.2 0 0 0 0 0.2 0 0 0 0 0 0 0 0 0 0 0 5 0 0 0 0 0 0 0 2.2 0 0 1.8 0.2 0 0 0 0 1.8 0 0 0 0 0 0 0.6000000000000001 0 0 0 1 0 0 0 0 0 1.2000000000000002 0 0 0 0 0 0 0 11.200000000000001 0 0 0 0 0 4.800000000000001 0 0 0 2.2 3.6 0.2 2 0 0 0 6 0 0 0 0 0 0 0 0 0 0 0 0 0 0 0 0 0 0 0 0 0 0 0 0 2.6 0 0 0 0 0 0 0 0 0 0 0 2.8000000000000003 0 0 0 0 0 0 0 0 0 0 0 0 0 0 0 0 0 0 0 0 0 0 0 0 0 0 0 0 0 0 0 0 0.4 0.8 0.4 0 1.8 0 0 0 0 0 0 0 0.2 0 0 0 0 0 0 3.8000000000000003 0 0 0 0 0 0 0 0 2.2 0 0 0 0 0 0 0 0 0 0 0 0 0 0.4 
 44.6 42.6 37.800000000000004 11 9.4 6.2 38.2 0 23 48.400000000000006 9.4 7.2 65.4 33.800000000000004 48.6 9 5.4 24.400000000000002 51 49.2 0 0 0.6000000000000001 0 0 0 0 0 0 41 0 0 0.4 0 0.6000000000000001 0 0.6000000000000001 0.8 0 0 0 0 0 0 0 0 0 0 0 0 0.4 0 0.4 0 0 0.6000000000000001 0 0 0.6000000000000001 0 0 0.6000000000000001 0 0.6000000000000001 0 0.4 0 0.6000000000000001 0 0 0 0 0 0 0.6000000000000001 0 1.2000000000000002 0 0 0.6000000000000001 6.800000000000001 2.4000000000000004 0 0 0 0 6 3.8000000000000003 0.4 1.4000000000000001 2.2 0.2 7.4 7 8.6 9.8 4.800000000000001 2.4000000000000004 5.4 11.200000000000001 0 0 0 0 0 0 0 0 0 0 0 0 0 0 0 0 0 0 0 0 0 0 0 0 0 0 0 0 0 0 0 0 0.2 0 1.4000000000000001 0 0 0 0 0 0 0 0 0 0 0 0 0 0 0 0 0 0 0 0 0 0.2 0 0 0.4 0 21.8 0 0 0 0.2 3 4.4 2.4000000000000004 0 0 0 3.8000000000000003 0 6 7 2 0 0 1.6 0 3.8000000000000003 0 0 0 0 0 0 0 0 0 0 0 0 0 0 0 0 0 0 0.4 0 0 0 0 0 0 0 0 0 0 0.2 0 0.4 0 0 0.2 0 0 0 0 0 0 1.4000000000000001 0 0 0 0.2 0 0 0 0 0 0 0 0 0 0 0 0 0 0 0 0 0 0.4 0 0 0.8 0.2 0.4 2.2 0 0.4 0.4 0 0 0 0 0 0 0 0 0 0 0 0 0 0 0 0 0 0 0 0 0 0 0 0 0 0 0 0 0 0 0.4 0 0 0 0 
 25.8 70.2 70.2 57 22.200000000000003 82.60000000000001 9.4 23 0 75.2 10.4 87.60000000000001 62 16.400000000000002 57.800000000000004 32.4 89.2 41.400000000000006 90 9.200000000000001 15.4 0 0.6000000000000001 1.2000000000000002 0 0 0 0 0 0.4 0 0 0 0 1 0.6000000000000001 0.6000000000000001 0.6000000000000001 39.400000000000006 15.8 0 0 0 0 0 0 0 0 0 0.4 0.6000000000000001 0 0.4 0 9.4 1.2000000000000002 0 0 0.4 0 0 0.6000000000000001 0 0.6000000000000001 0 0.4 0 0.6000000000000001 0 0 0 0 0 0 0.8 0 0 0 0.4 0.6000000000000001 0 0 0 2.4000000000000004 3.2 3 0 5.6000000000000005 4 1.6 2.4000000000000004 2 2 0.2 2.8000000000000003 2.8000000000000003 3 2 0.4 2.6 0 0 0 0 0 0.4 5.2 0.2 0 0 0 0 2.4000000000000004 0.2 3.6 0 0 0 0 0 0 0 0 0 0 0 0 0 1.4000000000000001 0 0 0 0 0 0 0 0 0 0 4.6000000000000005 0 0 0 0 0 0 0 0.2 0 0 0 1.6 0 0.4 0 0 0 0 0 0 3.2 4.2 2 3.2 0 1.6 0 2.2 0 6 1.2000000000000002 1.6 0.2 0.8 3.2 6.4 0.2 0 1.4000000000000001 0.4 3.2 0 0 0 0 0 5.2 0 3.2 0 0 0 1.6 0 0 0 0 0 2.6 0 0 0 0 0 0 0 0 0 0 0 0 0 0 0 0 0 0 0 0 0 0 0 0 0.2 0 0 0 0 0 0 0 0 0.4 0 0 0 0 0 0 0 0 0 0 0 0 0.2 0 0 18.8 19.400000000000002 2 3.4000000000000004 3.4000000000000004 0 0 0 0 0 0 0 0 0 0.4 0 0 0 0 0 0 0 0 0 0 0 0 0 3.6 1.2000000000000002 0 0 0 0 0 0 0 0 0 0 0 0 
 44 28.400000000000002 11.4 59 25.6 73.8 33.800000000000004 48.400000000000006 75.2 0 121.60000000000001 7.6000000000000005 70.2 47.800000000000004 53.400000000000006 47.2 5.4 32.6 15 40.400000000000006 0.4 0 2.4000000000000004 0 0 0 14.8 0 0 0 0 0 0 0 0.6000000000000001 0 0.6000000000000001 1 0.6000000000000001 1.2000000000000002 0 0 0 0 0 0 0 0 0 0 0.6000000000000001 0 0.4 0 0 0.4 0 0 0.6000000000000001 0 7.800000000000001 0.6000000000000001 0 7.4 0 0.4 0 0.6000000000000001 0 0 0 0 0 0 0.6000000000000001 0 0 0 0 0.6000000000000001 2.2 0 4.6000000000000005 0 4 2 0 7 0.2 2.6 3.4000000000000004 3.2 3.6 0.8 6.800000000000001 2.8000000000000003 5.800000000000001 0 3 4.6000000000000005 0 0 0 0 0 0 0 0 0 0 0 0 2 0 0 0 0.2 0 3 9.200000000000001 0 0 0 0 0 0 0 0 0 0 0 0 0 0 0 0 0 0 0 0 0 0 2.6 0 0 0 0 0 0 0 2.2 0 0 0 0 0 0 0 0 0 5 0.4 4.2 4.800000000000001 0 0 0 0 0 1.8 10.200000000000001 8.8 2.2 4.4 0 0 0.2 5.2 0 8.6 0 0 0 0 0 0 0 2.4000000000000004 2.2 0 0 0 0 0 0 1.8 0 0 2.6 0 0 0 0 0 0 0 0 0 0 0 0 0 0 0 0 0 0 0 0 0 0 0 0 0 0 0 0 0 0 0 0 0 0 0 0 0 0 0 0 0 0 2.8000000000000003 0 0 0 0.4 18 0 0.2 0 0 2.8000000000000003 0 0 0 0 0 0 0 0 0 0 0 0 0 0 0 0 0 0 0 0 0 0 0 5.800000000000001 0 3.2 0 0 0 0 0 0 0 0 0 0 0 0 
 26.400000000000002 10 26.400000000000002 20.6 34 37.6 26.6 9.4 10.4 121.60000000000001 0 73.8 51.2 45.6 13.200000000000001 55.6 26.200000000000003 64.4 10.600000000000001 11.8 0.6000000000000001 0.6000000000000001 0.6000000000000001 0 0.4 0.4 0.4 0 0 0.8 1.4000000000000001 0.2 0.2 0 1.2000000000000002 0.2 0.6000000000000001 1.4000000000000001 0.2 7 0 0 1.6 1.6 0 0 1.4000000000000001 0 0.6000000000000001 1.4000000000000001 0.2 0 0.4 0 0 2 0 1.4000000000000001 0.6000000000000001 0 0 0.6000000000000001 0 1 0 0.6000000000000001 0.6000000000000001 1.4000000000000001 0.2 0.2 0.4 0 0 0.8 1.8 0 0 8.4 0.6000000000000001 0.6000000000000001 4.6000000000000005 0 4.4 0 9.8 4 0 5.4 7 12 1.4000000000000001 2.6 0 2.8000000000000003 2 2.6 3.4000000000000004 0.2 0 0 0 0 0 0 0 0 0.2 2.4000000000000004 0 0 0 0 2 3 2.6 2 0 0 10 0 0 0 0 0 0 0 0 0 0.4 0 0 0 0 0 0 0 0 0 0 5 0 0 0 0 0 0 0 0 0 0 0.2 0 0 0 0 0 0 0 0 1.6 4.800000000000001 4.2 2.8000000000000003 1.6 14.4 0 0.8 6 4.4 2 3 6.4 0 0 9 0 8.200000000000001 5.800000000000001 0 0 1.8 0 0 0.4 0 0 0 0 0.4 0 0 0 0 1.8 0 0 0 0 4.800000000000001 0 0 0 0 0 0 0 0 0 0 0 0 0 0 0 0 0 0 0 0 0 0 0 0 0 0 0 0 0 0.4 0 0 0 0 0 0 0.2 0 0 0 0 0 0 0 0 0 0.8 0.6000000000000001 0 0.2 0.4 0 2.2 0 0 0 0 0 0 0 0 0 0 0.8 0 0 0.4 0 0 0 0 0.2 0 0 0 0 8 0.2 4.2 0 0 0 0 0 0 2.4000000000000004 0 0 0 0 0 
 5.2 6.4 44.2 19.200000000000003 30.6 60.6 5.800000000000001 7.2 87.60000000000001 7.6000000000000005 73.8 0 7.800000000000001 8.8 8.8 5.800000000000001 53.6 24 8.200000000000001 5.800000000000001 27 0 0.6000000000000001 0 0 0 37.6 0.2 0 0.4 0 0 15.4 0 31 0 0.6000000000000001 0.6000000000000001 31.8 0.2 0 0 0 0 0 0 0 0 0 11 0.2 0 0.4 0 0 0.8 0 0 0.6000000000000001 0 0 0.6000000000000001 0 0.6000000000000001 0 0.4 0 0.6000000000000001 0 0 0 0 0 0 0.6000000000000001 0 0 0.2 0.2 0.6000000000000001 0 0 0 9.600000000000001 4 1.2000000000000002 0.2 0 0.2 0.2 0 3.8000000000000003 0 0 0 2 0.4 6 0 0 1.6 2.4000000000000004 0 2.4000000000000004 0 0 7 2 4.800000000000001 4.2 0 0 13.4 6.2 4.2 0 4.6000000000000005 0 3.8000000000000003 4 0 0 0 0 0 0 0 0.4 0 0 0.2 0 0 0 0 0 0 0 0 0 0 0 0 0 0 0 0 2 0 0 0.6000000000000001 0 0 0 0 0 0 0.6000000000000001 0 0 0 0.2 0 0 4.800000000000001 3 0 0 0 4.6000000000000005 0 0 0 0 0 0.8 2.2 0 0 0 0.2 6 5.6000000000000005 0 0 0 2 5.4 2.4000000000000004 2 0 0 0.4 5.2 0 0.4 2.8000000000000003 0 5 3.8000000000000003 0 0 6.4 0 0 0 0 0 0 0 0 0 0.2 0 0 0 0 0 0 0 0 0 0 0 0.2 0 0 0 0 0 0 0 0 0 0 0 0 0 0 0 0 0 0 0 0 0.8 0.4 0 0.2 17 0.2 1.4000000000000001 0 0 0 0 0 0 0 0 0.2 0 0 0 0 0 0 0 0 0 0 0 0 0 0 0 0 0 0 0 0 0 0 0 0 0 0 0 0 0 
 33.2 26.8 11.4 15.600000000000001 18 9.600000000000001 69.60000000000001 65.4 62 70.2 51.2 7.800000000000001 0 20.400000000000002 12.4 26 7.800000000000001 6.800000000000001 34 28.6 0 15.200000000000001 0.6000000000000001 0 0 0 0 0.6000000000000001 0.2 0 0 0 0 0.4 0.6000000000000001 14.600000000000001 0.6000000000000001 0.6000000000000001 0 0 0 0 0 0 0.4 0 0 0 0 0 14.4 0 0.4 0 0 0.6000000000000001 0.4 0 0.6000000000000001 0 0 0.6000000000000001 0.4 0.4 0.6000000000000001 0.4 0 0.4 0 0.2 0 0 0 0 0.4 0 0 0 0 0.4 0 8.6 0 0 0.2 0 0 2 3.2 0 0 0 4.800000000000001 1.8 4.6000000000000005 2.2 1 3.4000000000000004 6.2 7.2 0 0 0 0 0 0 0 0 0.4 0.2 0.8 0 0 0 0 0 0 0 0 0 0 0 0 0 0 0 0.2 0 0 4.6000000000000005 0 0 0 0 0 0 0 0 0 0 0 0 0.6000000000000001 0 0 0 0.4 0 0 0 0 1.2000000000000002 0.8 0 0 0.4 0 0 0 0 0 7.800000000000001 4 0.4 0 0 1.8 2.2 2.6 0 0.2 0 2 0 0 4 0 3.8000000000000003 2.6 2 0 0 0 0 0 0 2.4000000000000004 0 0 0 0 0 0 0 0 0 0 0 0 0 0 0 0 0 0 0 0 0 0 0 0 0 0 0 0 0 0 0 0 0 0 0 0 0 0 0 0 0 0 0 0 0 0 0 0 0 0 0 0 0 0 0.2 0 0 0 0 0.4 0 0 0 0 0.4 0 0 0 0 0 0 0 0 0 0 0 0 0 0 0 0 12.4 0 0 0 0 0 0 3 0 0 0 0 0 0 0 0 0 0 0 0 0 0 
 52.6 28.8 56.400000000000006 37.4 59.400000000000006 9.4 13.4 33.800000000000004 16.400000000000002 47.800000000000004 45.6 8.8 20.400000000000002 0 52.400000000000006 42.800000000000004 49.2 19.8 39.2 73.4 0 0 0.6000000000000001 0 0.4 0 0 0 0 0 0 0 0 0 0.6000000000000001 0 0.6000000000000001 0.6000000000000001 0 0.2 0 0 0 0 0 11 0 0 0 0 0 0 0.4 0 0 1 0 0 0.6000000000000001 0 0 0.6000000000000001 0.2 0.4 0.6000000000000001 0.4 0 0.4 0.8 0.2 0 0 0 5.6000000000000005 0.4 0 0 0 0 0.6000000000000001 11 1.6 4.800000000000001 0 6.6000000000000005 0 7.6000000000000005 2.2 4.4 7 3.6 6 3.2 3.6 4.4 0 8.4 0 6.4 0 0 0 0 0 0 0 2.2 0 0 0 0 0 0 0 0 0 0 0 6 0 0 0 0 0 1.8 0 0 0 2.2 0 0 0 0 0 0 0 0 0 0.4 0 0 0 0.4 0 0 0 0.2 0 0 0 0 0 0 0 0 0 2 0 0 0 2.8000000000000003 2.2 4 1.8 3.4000000000000004 0 1.6 1.8 3.8000000000000003 0 6.2 4.4 5.800000000000001 2.2 3.2 0 2 2.2 0 3.8000000000000003 0 0 0 0 0 0 0 0 0 0 0 0 0 0 0 0 0 0 0 0 0 0 0 0 0 0 0 0 0 0 0 0 0 0 0 0 0 0 0 0 0 0 0 0 0 0 0 0 0 0 0 0 0 0.2 0 0 0 0 0 0 0 2.8000000000000003 0 0 0 0 18.6 0.2 0.2 0 0 0.4 0 0 0 0 0 0 0 0 0 0 2 0 0 0 0 0 0 0 0 0 0 0 0 0 0 0 0 0 0 0 0 0 0 0 0 0 0 0 
 87.60000000000001 52 27.8 70.8 23.6 33 29 48.6 57.800000000000004 53.400000000000006 13.200000000000001 8.8 12.4 52.400000000000006 0 19.6 6.800000000000001 10.600000000000001 20.200000000000003 38.800000000000004 0 0 0.6000000000000001 0 0 0 0 0 0.6000000000000001 0 0 0.2 0 0 0.6000000000000001 0 0.6000000000000001 0.6000000000000001 0 14.8 0 0 0 0 0 0 0 0 0 0 0.2 0 0.4 0 0 0.6000000000000001 0 0 0.2 0 10.200000000000001 0.6000000000000001 0 0.6000000000000001 0 0.4 0 0.6000000000000001 0.4 0 0 0 0 0 0.6000000000000001 0 0.6000000000000001 0 0 0.6000000000000001 2.6 9 1.8 0 0 0.2 6.4 1.8 7.800000000000001 0 5.6000000000000005 3.6 2.2 2.2 2.2 6.2 0 0 0.4 2.6 0 0 0 0 0 0.4 0 0 0 0 0 0 3 0 0.2 0 0 0 3.8000000000000003 0 0 0 0 0 0 0 0 0 0 0 4.6000000000000005 0 0 0 0 0 0 0 0 0 0.4 0 0 0 0 0 0.6000000000000001 0 0 0 0 0 0 0.4 0 0 0 0 0 0 2.2 2 4.800000000000001 0 0 0 2 1.8 2.6 3.6 0.6000000000000001 1.4000000000000001 2.2 0 0 0 0 5.4 2 8.6 0.2 0 0 0 0 2.6 0 0 1.8 0 0 0 2.4000000000000004 0 0 0 0 0 0 3.4000000000000004 0 0 2.2 0 0 0 0 0 0 0 0 0 0 0 0 0 0 0.4 0 0 0 0 0 0.2 0 0 0 0 0 0 0 0 0.4 0 0.4 0 0 0 0 0 0 0.4 0 0 0.4 0.4 0.4 0 18.6 0.4 0.4 2.6 0 0 0 0 0 0 0 0 0 0 0 0 0 0 0 0 0 0 0 0 0 0 0 0 0.4 0 0 0 0 0 0 0 0 0 0 0 0 0 
 28 124.2 33.2 44 36.4 38.400000000000006 14.600000000000001 9 32.4 47.2 55.6 5.800000000000001 26 42.800000000000004 19.6 0 31.400000000000002 17.8 8 36 0 0 0.8 0 0 0 0 0.6000000000000001 0 0 0 0 0 0 0.6000000000000001 0 0.6000000000000001 0.6000000000000001 14.8 15.200000000000001 0 0 0 0 0 0 0 0 0 0 0 0 0.4 0 0 0.6000000000000001 0 0 1 0 0 0.6000000000000001 0 0.4 0.2 0.4 0 0.6000000000000001 0 0 0 0 0 0 0.6000000000000001 0 0 0 0 0.6000000000000001 0 5.6000000000000005 10 1.8 11 0 0 3.8000000000000003 2.2 2.4000000000000004 5.6000000000000005 2.2 0 3.4000000000000004 2.4000000000000004 10.4 6.6000000000000005 5.2 0 2.8000000000000003 0 0 0 0 0 0 2.4000000000000004 0 0 0 0 0 0.2 0 4.800000000000001 0 0 0 7.2 0.2 0 0 0 2.6 9 0 0 0 0 0 0 0 0 0 0 0 0 0 0.4 0 0 0 0.4 0 0 0 0 0 0 0 0 0 0 0 0 0 0 0 0.4 0 10.4 1.2000000000000002 0 2.2 3.4000000000000004 10.200000000000001 0 0 2.6 3.4000000000000004 2.2 7.2 0 9 0 3.2 5.800000000000001 6 0 2.6 0.2 0 1.8 2.8000000000000003 0 0 0.8 0 0 0 0 0 0 2 0 0 0 0 3.8000000000000003 0 0 0 0 0 0 0 0 0 0 0 0 0 0 0 0 0 0 0 0 0 0 0 0 0 0 0 0 0 0 0 0 3.2 0 0 0 0 0 0 0 0 0 0 0 0 0 0.2 17.400000000000002 0 0.4 0.6000000000000001 0 4.2 0 0 0 0 0 0 0 0 0 0 0 0 0 0 0 0 0 0 0 0 0 0 0 2.2 0 0.4 0 0 0 0 0 0 0 0 0 0 0 0 
 38.800000000000004 10.4 46.800000000000004 61.2 7.6000000000000005 52 8.200000000000001 5.4 89.2 5.4 26.200000000000003 53.6 7.800000000000001 49.2 6.800000000000001 31.400000000000002 0 31 13.8 7 15.4 0 0.6000000000000001 1.2000000000000002 0.6000000000000001 0 0.6000000000000001 0.2 0.6000000000000001 0.4 0 0.2 0.6000000000000001 1 1.2000000000000002 0.4 1 0.6000000000000001 15.4 15.600000000000001 0 0 1 0.4 13.200000000000001 0 0 0 0 0 0.6000000000000001 0 0.4 0 4.800000000000001 1 0.2 3.4000000000000004 0.2 0 0 0.6000000000000001 0 0.6000000000000001 0 0.4 0 0.6000000000000001 0 1 0.6000000000000001 0 0 0 0.6000000000000001 0 0 0 0 0.6000000000000001 0 3.6 2 2.4000000000000004 0.8 2 0 5.2 0 2.2 9.4 3.6 0 0 2.8000000000000003 7.800000000000001 0 3.6 0 0 0 0 0 0 0 0 5 0.2 0 0 0 0 2.6 0 0.4 0 0 0 0 0 0 0 0 0 0 0 0 0 0 0 0 0 0 0 0 0 0 0 0 0 0 0 0 0 0 0 0 0 0 0 0 0 0 0 0 0 0.2 0 0 0 2.6 0 1.4000000000000001 1.8 0 4.6000000000000005 0 0 0 5.800000000000001 1.8 5.800000000000001 0.6000000000000001 0 0 3.4000000000000004 0.2 0 3.4000000000000004 0 0 0 0 0 0 0 4.6000000000000005 0 3.2 0 0 0 2 7.2 0 0 0 0.8 3 0 0 0 0 0 0 0 0 0 0 0 0 0.2 0 0 0 0 0 0 0 2.6 0 0 0 0 0 0 0 0 0 0 0 0 0 0 0 0 0 0 0 0 0 0 0 0 0 0 0.2 0 17.400000000000002 0.6000000000000001 1.8 1.8 3 0 0 0 0 0 0 0 0 0 1 0 0 0 0 0 0 0 0 0 0 0 0 0 8.4 0 0 0 0 0 0 0 0 0.2 0 0 0 0 
 5 7.800000000000001 42.800000000000004 46.2 24 20.400000000000002 15.600000000000001 24.400000000000002 41.400000000000006 32.6 64.4 24 6.800000000000001 19.8 10.600000000000001 17.8 31 0 5.6000000000000005 4 15.4 0 0.6000000000000001 0 0 0 1.6 1.4000000000000001 0 0.4 0.6000000000000001 41.6 0.4 15.600000000000001 17 0.4 0.6000000000000001 0.6000000000000001 12.200000000000001 32.800000000000004 0 0 0.6000000000000001 0 0 0 0.4 0 0 0.4 0 0 0.4 0 0 0.6000000000000001 0 0.4 0.6000000000000001 0 0 0.6000000000000001 0 0.6000000000000001 0.2 0.4 0.2 1 0 0 0 0 0 0.4 9 0 0 0 0.6000000000000001 0.6000000000000001 0.2 0 9 3.2 7.2 1.8 0 7.800000000000001 3.8000000000000003 5.6000000000000005 0.2 5.2 0 0.4 0 0 3.6 2.8000000000000003 0 0 0 0 0 0 0 0 0 0 0 0 0 0 6.800000000000001 0.4 1.4000000000000001 0 0 0 3.2 2.8000000000000003 0 0 0 0 0 0 0 0 0.4 0 0 0 0 0 0 0 0 0 0 0 0 0 0 0 0 0 0 0 0 0 0.8 0 0 0 0 0 0 0 0 0 3 0.2 0.2 0 1.8 2.8000000000000003 0 0 0 1.6 10.600000000000001 8 0.2 0 0.2 0.4 3.6 3 1 0 2.2 1.8 0 0.4 0 0 4.6000000000000005 3.4000000000000004 8.4 0 0 0 3.4000000000000004 6.800000000000001 0 2.8000000000000003 0 0 6.6000000000000005 2.8000000000000003 0 0 0.4 0 0 0 0 0 0 0 0 0 0 0 0 0 0 2.8000000000000003 0 0 0 0 0 0 0 0 0 1.8 0.4 0 0 0 0 0 0 0.2 0 0 0 0.2 0 0 0 0 0 0.2 16.8 0 0.6000000000000001 18.6 0 0.6000000000000001 0 0 2.6 0 0 0 0 0 0 0 0 0 0 0 0 0 0 0 0 0 0 0 0 2 3.8000000000000003 2.4000000000000004 0 0 0 0 0 0 0 0 0 0 0 0 
 16.2 49.800000000000004 60.6 15.200000000000001 16 11 10.600000000000001 51 90 15 10.600000000000001 8.200000000000001 34 39.2 20.200000000000003 8 13.8 5.6000000000000005 0 23.200000000000003 0.4 0.2 1.2000000000000002 1.2000000000000002 0.4 0.4 0 0 0 0.6000000000000001 0 0 0 0 0.6000000000000001 0 1.2000000000000002 1.2000000000000002 0 0 0 0 0 0 0 0 0 0 0 0 1 0.4 0.8 0 0 1 0 0.6000000000000001 1 0.6000000000000001 0 0.6000000000000001 0 0.6000000000000001 0 0.4 0 0.6000000000000001 0 0 0 0.6000000000000001 0 0 0.6000000000000001 0 0 0 0.2 0.6000000000000001 2.8000000000000003 0.4 0 0 0 0 12.8 0 0 0 2.2 0 8.4 0 1.6 0.2 2.4000000000000004 2.4000000000000004 2 3 0 0 0 0.4 0 0 0 0 0 0 0 0 0.2 0 0 0 0 0.4 0 0 0 0 0 0 0 0.2 0.2 0 0 0 0 0.2 0 0 0 0 0 0 0 0 0 0 0 0 0 0 0 0 0 0 0 0 0 0 0 0 0 0 0 0 1.8 3 6.4 0 0 0 2 2 2.4000000000000004 0.6000000000000001 0 0 6.4 2.8000000000000003 0.6000000000000001 5.2 0 0 1.2000000000000002 3.2 0 0 0 0 0 0 0 0 0 0 0 0 0 0 0 0.2 0 0 0 0 0 0 0 2.8000000000000003 0 0 0 0 0 0 0 0 0 0 0.4 0 0 0 0 0 0 3.2 0 0 0 0 0 0 0 0 0 0 0 0 0 0 0 0 0.2 0 0 0 0 0 0 0.2 0 0.2 0.4 0 0 1.8 0 0 0 0 0 0 0 0 0 0 0 0 0 0 0 0 0 0 0 0 0 0 0 0 0 0 0 0 0 0 0 0 2.4000000000000004 0 0 0 0 0 
 30.8 12.8 6.4 70 20.200000000000003 10.4 53.2 49.2 9.200000000000001 40.400000000000006 11.8 5.800000000000001 28.6 73.4 38.800000000000004 36 7 4 23.200000000000003 0 0 0 0.8 0.6000000000000001 0 17 0.4 0 0 0 0 0.2 0 0 0.6000000000000001 0 0.6000000000000001 0.6000000000000001 0 0 0 0 0 0 0.6000000000000001 0 0 0 0 0 1.2000000000000002 0 0.4 0 0 0.4 0 0 0.6000000000000001 0 0 0.6000000000000001 0 0.6000000000000001 0 0.4 0 0.6000000000000001 0 0 0 0 0 0 0.6000000000000001 0 0 0 0 0.6000000000000001 3.4000000000000004 4.800000000000001 1.6 0 3.2 0 2.2 0 0 0 0 2 0 15 3 0.2 0 3.6 4 5.800000000000001 0 0 0 0 0 0 0 0 0 0 0 0 0 0.2 0 0 0 0 0 0 0 0 0 0 0 0 0 0 0 0 0 0 0 0.2 0.2 0.4 0 0 0 0 0 0 0 0 0 0 0.8 0 0 0 0 0 0.2 0 0 0 0 0 0 0 3.6 2 0 2 0 0 4.4 0 0 0 4.800000000000001 1.6 0.2 4 0 0 0 6 2.8000000000000003 0.2 0.2 0 0.4 0 0 0.2 0 0.4 0 0 0 0 0 0 0 0 0 0 0 0 0.2 0 0 0 0 0 0 0 0 0.4 0 0 0 0 0 0 0 0 0 0 0 0 0 0 0 0 0 0 0 0.4 0 0 0 0 0 0 0 0 0 0 0 0 0 0 0 0.4 0.6000000000000001 0.4 0 0 0 1.6 0 0 0 0 0 0 0 0 0 0 0 0 0 0 0 0 0 0 0 0 0 0 0 2.8000000000000003 0 0 0 0 0 0 0 0 0 0 0 0 0 0 
 0.8 0 0 0 4.6000000000000005 15.200000000000001 0.2 0 15.4 0.4 0.6000000000000001 27 0 0 0 0 15.4 15.4 0.4 0 0 36 21.6 31.8 17 7.6000000000000005 96.60000000000001 11.200000000000001 12.600000000000001 25.8 56.2 7.6000000000000005 7.4 17.400000000000002 16.8 32.2 9.600000000000001 22.400000000000002 43.2 60.800000000000004 0 0.4 0 0 0.6000000000000001 0.6000000000000001 1.4000000000000001 0 0 0.6000000000000001 0.2 0 0 0 0 0 0.8 0 0.6000000000000001 0 0.8 0 0 1.4000000000000001 0 0 0 0.8 0.4 0 0 0 0 0.6000000000000001 0 0.4 0 0.4 0 0.8 0 0 0 3.8000000000000003 0 4.2 0 0 0 0.2 0 0.6000000000000001 0 0 0 0 0 1.2000000000000002 0 0 2.6 3.6 0 1.8 0 0.2 8.4 5.4 7.2 0 1.6 0 5.2 4.4 2.4000000000000004 0.4 3.6 0.4 0.4 2.8000000000000003 0 0 0 0 0 0 0 0.2 0 0 0 0 0 0 0 0 0 0 0 0 0 0 0 0 0.4 0 0 0 0 0 0.2 0 0 0 0 0 3.6 2.4000000000000004 0 0 0 0 0.4 0 0.2 0 0 0 0 0.8 0 3.4000000000000004 0 0 0.6000000000000001 0 0 0 0 0 5.800000000000001 5 0.8 0 0 0 6.2 3.8000000000000003 8.8 0 0.8 0 0.6000000000000001 1.8 0 0 0 0 1.8 2.2 0 0 0 0 0 0 0 0 0 0 0 0 0 0 0 0 0 0 0 0 0 0 0 0 0 0 0 0 0 0 0 0 0 0 0 0 0 0 0 0 0 0 0 0 0 0 0 0 0.2 14.8 2.2 0 0 0 3.4000000000000004 0.4 0 0 0 0.2 1 0 0 0 0 0 0 0 0 0 0 0 0 0 0 0 0 0 0 0 0 0 0 0 0 0 0 0 0 0 
 1.8 0.2 0 0 0 0 0.4 0 0 0 0.6000000000000001 0 15.200000000000001 0 0 0 0 0 0.2 0 36 0 23.6 33.2 61.2 11.8 33.800000000000004 60.800000000000004 44 68.4 138 17.400000000000002 57 27.200000000000003 103.60000000000001 34.800000000000004 19.400000000000002 27.400000000000002 25.6 43.400000000000006 1.2000000000000002 0.2 0 0 1.2000000000000002 0.6000000000000001 0.4 0 0 0.6000000000000001 0 0 0 0.4 0 1.2000000000000002 0.6000000000000001 0 3.2 0 0.6000000000000001 1.2000000000000002 0.4 0.8 1.2000000000000002 0 0 0.4 0.6000000000000001 0 10.4 0 1.2000000000000002 0.6000000000000001 0 2 0 0.4 0 0.6000000000000001 0 0 0 0 0 0 0 0 0 0.4 0.2 0 0 0 0.4 0 0 0 0 0 2.8000000000000003 2.2 2 2 9.600000000000001 0.4 4 4 4.4 3.6 6.6000000000000005 3.4000000000000004 0 5.4 1.4000000000000001 10.4 12.8 6 1.6 3.4000000000000004 0 0 0 0 0 0.4 0.2 0.4 0 3.2 0 0 4.6000000000000005 0 2.4000000000000004 0 0 0 0 0 0 0 0 0 0.2 0 0 0 0 0 0 0 0 0 0.2 1.6 0 0 0 0 0 0 0 0 12.600000000000001 3.6 0 0 0 0 0 0 0 0 0 0 0 0 0 0 0 5 4.6000000000000005 2.6 3.2 2.2 2.4000000000000004 13.4 2 4.2 4.2 0 5.4 6.2 2.4000000000000004 2.4000000000000004 0 2.8000000000000003 0 0 0 0 0 0 0 0 0 0 0 0 0 0 2.6 0 0 0 0 0 0 1.8 0 0 0 0 0 0 0 0 0 0 0 0 0 0 0 0 0 0 0 0 0 0 3 0 0 0 0 0 0 0 0 0 0 0 1.6 0 0.2 0 39.2 0.2 1 0 0 0 0 0 0 0 0 0 0 0 0 0 0 0 0 0 0 0 0 2.4000000000000004 0 0 0 1.6 0 0 0 0 
 0.8 0.6000000000000001 0.6000000000000001 0.6000000000000001 0.6000000000000001 0.6000000000000001 0.6000000000000001 0.6000000000000001 0.6000000000000001 2.4000000000000004 0.6000000000000001 0.6000000000000001 0.6000000000000001 0.6000000000000001 0.6000000000000001 0.8 0.6000000000000001 0.6000000000000001 1.2000000000000002 0.8 21.6 23.6 0 37.6 21 21.8 30.8 76.80000000000001 61.2 28 13.200000000000001 22.8 86.60000000000001 26.8 15.8 41.800000000000004 103 65.60000000000001 39 22.400000000000002 0 0.2 0 0 0.6000000000000001 0.6000000000000001 0.4 0 0.2 0.6000000000000001 0.8 0 12.600000000000001 0 0 0 0.2 0 0.6000000000000001 0 0.6000000000000001 0 0 0 0 0 0 0.4 0 0 0 0 0 0.6000000000000001 0 0 0 0.4 0 0 0.2 0 0 0 0 2.4000000000000004 0 2.4000000000000004 0 0 0 0 0 0 0 0 0 0 0 0 4.4 3.8000000000000003 8.8 1.8 5.2 0 0.2 0 0.8 0 4 5 0.4 2.4000000000000004 0.8 6.4 0 2.4000000000000004 0 2.8000000000000003 0 0 0 0 0 0 1.4000000000000001 2.8000000000000003 0 0 0 0 1 3.8000000000000003 0 0 0 0 0 5.800000000000001 0 0 0 0 0 0 0 0 0 0 0 0 0 0 2.6 0 0 0 0 0 0 0 2.2 0 1 0 0 0 0 0 0 0 0 0 2.2 0 0 0 0 0 2 3 2.2 11.4 4 3 0.2 0 7.6000000000000005 6.6000000000000005 8.8 5.4 2.2 2.6 13.4 3.2 2 4.4 0 2.8000000000000003 0 0 0 0 0 0 0 0 1.4000000000000001 0 0 0 4.2 0 0 0 0 0 1.8 3.2 0 0 0 0.4 0 0 0 0 0 0 0 0 0 0 0 0 0 0 0 0 0 0 3.2 0 0 0 0 0 0 0 0 0 0 0 1.4000000000000001 0 0.4 7.6000000000000005 0 0.4 0.8 0 0 0 0 0 0 0 0 0 0 0 0 0 0 0 0 0 0 2.8000000000000003 0 2.6 0 0 0 0 0 0 0 0 
 0.4 0 15 0 0 0 0.6000000000000001 0 1.2000000000000002 0 0 0 0 0 0 0 1.2000000000000002 0 1.2000000000000002 0.6000000000000001 31.8 33.2 37.6 0 27.200000000000003 38.6 62.800000000000004 29 27 50.800000000000004 90.80000000000001 6.6000000000000005 33.4 36 9.200000000000001 34.4 24 62.800000000000004 21.200000000000003 10.200000000000001 0 0.4 0 1 0.6000000000000001 0.6000000000000001 12.8 0 0 0.6000000000000001 0 0 0 0.8 0.2 0 11.4 0 0.6000000000000001 12.200000000000001 0.6000000000000001 0 0 0 0 0 0 0.4 0 10.600000000000001 0 0 1.6 0.6000000000000001 0 0 0 0.4 0 0 0 0 0 0.2 0 0 0 0 0 0 0 0 0 0 0 0 0 0 0 0 4 0.2 0.2 8.6 2.4000000000000004 0 0 10 0 0 5 4.800000000000001 0 1.8 0 5 0.2 0 0 3.2 0 0 0 0 0 0 0 5.4 0 0 0 0 0.2 0 0 0.4 0 0 0 0 0 0 0 0 0 0 0 0 0 0 0 0 1.8 0 3.2 0 0 0 0 0 0 0 0 0 0.2 0 0 0 0 0 0 0 0 0 0 0 0 0 0.2 0 0.4 1 0 0 0.2 2.6 1.6 0 0.2 3.4000000000000004 2.8000000000000003 0.2 0 4.800000000000001 2.8000000000000003 4.800000000000001 2.2 0 0 0 0 0 0 0 0 0 0 0 0 0 0 0 0 0 0 0 0 0 0 1.8 0 0 0 0 0 0 0 0 0 0 0 0 0 2.4000000000000004 0 0 0 0 0 0 0 0 0 0 0 0.2 0 0 0 0 0 0 0 0 0.8 0 0.8 15 0.2 0.4 2.4000000000000004 0.4 0 0 0 0 0 0 0 0 0 0 0 0 0 0 0 0 0 0.2 0 0 0 0 0 0 0 0 0 0 
 0.8 0 0.2 0 0.2 0.4 0 0 0 0 0.4 0 0 0.4 0 0 0.6000000000000001 0 0.4 0 17 61.2 21 27.200000000000003 0 32.4 53.800000000000004 48.400000000000006 88.2 15.200000000000001 50.6 35.2 15.200000000000001 17.400000000000002 13.4 23.400000000000002 29.200000000000003 22.6 15.8 10.200000000000001 1 6.4 0 0.4 0.6000000000000001 0.6000000000000001 0.4 0.4 4 0.6000000000000001 0.6000000000000001 0 0.6000000000000001 5.800000000000001 0.4 0 13 0 6.6000000000000005 0 0.6000000000000001 0 0.4 0 0.8 0 1.6 0.4 0 0 0 0 0 0.6000000000000001 0.2 0 0 0.4 0 0 0 0 0 0 0 0 0.2 0 0 0 0 0 0 0 0 0 0 0 0.4 0 2.4000000000000004 1.6 7.6000000000000005 1.4000000000000001 2.2 2.6 0 4.6000000000000005 3.4000000000000004 1.8 4.800000000000001 3.4000000000000004 0 0.2 3 3.2 2.8000000000000003 3.4000000000000004 0 1 0.4 0 0 0 0 0 0 2.2 0 0 0 0 1.2000000000000002 2 5.4 2 0 0 0.8 2 0 0 0 0 0 0 0 0 0 0 0 0 0 3.4000000000000004 0 0 0 0 0 0 0 0.2 0 0 0.4 0 0 0 0 0 0 0 0 0 0 0 0 0 0 0 2 2.4000000000000004 3.8000000000000003 5 6.4 2.6 0 2.8000000000000003 4.2 0 3.2 2 0 3 2.2 0 4.2 2.6 0 0 5.2 1.6 0 0 0 0 3.4000000000000004 0 0 0 0 0 5.2 0 2.6 0 0 0 2.6 2 0 0 0 0 0 0 6.6000000000000005 0 0 0 0 0 0 0 0 0 0 0 0 0 0 0 0 0 0 0 0 0 0 0 0 0 0 0 1 0 0 0.2 29.400000000000002 0.4 0.4 0 0 0 0 0 1.8 0 0 0 0 0 0 0 0 0 0 0 0 0 0 0.4 0 0 1.6 0 2.4000000000000004 0 0 0 
 0.2 0.4 0 0 0 0 0 0 0 0 0.4 0 0 0 0 0 0 0 0.4 17 7.6000000000000005 11.8 21.8 38.6 32.4 0 7 7.2 22.8 25.6 101.80000000000001 13.8 9.8 9.600000000000001 8.200000000000001 21.200000000000003 18.400000000000002 25.6 10.8 11.200000000000001 0 20.6 0 5.4 0.6000000000000001 0.6000000000000001 0.6000000000000001 12.600000000000001 12.600000000000001 0.6000000000000001 0 0 0 0 0 0 10.200000000000001 0 18.8 12.4 4.2 1.4000000000000001 0 0 0 0 1.2000000000000002 0.4 0 0 0 0 0 0.6000000000000001 0 0 0 0.4 0 0 0 0 0 0 0 0 0 0 0 0 0 0 0 0 0 0 0 0 0 0 0.2 0 0 2.2 6.800000000000001 3.2 0 0.4 0 0 0 6.4 0 0 0 0 0 2 0 0 7 0 4 0.4 0 0 0 1.6 2.2 0 0 0 0 0 2.2 0 0 0.2 2.4000000000000004 2.8000000000000003 0 0 0 0 0 0 0 0 0 0 2.4000000000000004 0 0 0.6000000000000001 0 0.4 0 0 0 0 0 0 0 0.8 0 0 0 0 0 0 1.6 0 0 0 0 0 0 0 0 0 0.2 0.2 0 0 0.2 0 0 0 0 2.2 0.2 4 0 0.2 0 2.2 0 2.2 0 0 8 1.8 0 6.800000000000001 0 0 2.6 8.200000000000001 0 3 0 0 0 0.4 0 3.6 2 0 1.8 1.6 1.6 0 0 0 0 0 0.2 0 0 0.2 0 0 0 0 0.4 0 2.4000000000000004 0 3 0 0 0 0.4 0 0 0 0 0 0 0 0 0 0 0.4 1.2000000000000002 0 0 0 0.2 0 0.2 0 0.4 0 0 0 0 0 0 0 0 0 0 0 0 0 0 0 0 2.6 0 0 0 0 1.8 0 0 0 0 0 
 0.4 0.2 0 0 0.4 0 0 0 0 14.8 0.4 37.6 0 0 0 0 0.6000000000000001 1.6 0 0.4 96.60000000000001 33.800000000000004 30.8 62.800000000000004 53.800000000000004 7 0 18 56.2 25.200000000000003 8.8 8.8 130 31.400000000000002 8.4 10.600000000000001 13 12.200000000000001 95.60000000000001 46.6 0 0.2 0.4 12.4 0.6000000000000001 0.6000000000000001 0.4 0 0 0.6000000000000001 0.2 0 0 0 0 0.4 0 0 0.6000000000000001 0 0.6000000000000001 0 0 0.6000000000000001 0 0 0.2 0.4 0 0 0 0.4 0 0.6000000000000001 0 0 0 0.4 0 0 0 0 0 8 0.2 2.2 0 0 0 0 0 1.8 0 0 0 0 0 0 0 0 1.6 6.4 0 4.2 2.4000000000000004 0 2 3 4.4 0 0 0 6.800000000000001 8.4 6.4 2.4000000000000004 8.8 1.2000000000000002 3 7.6000000000000005 0 0 0 0 0 0 0 0 0 0 0 0 2.2 0 0 0 0 0 0 0 0 0 0 0 0 0 0 0 0 0 1.2000000000000002 0 0 0 0 0 0 1 0 0 0 0 0 0 3 0 0 2.4000000000000004 0 2.4000000000000004 0 0 0 0 0 0 0 0 0.4 0 0 8.4 0.2 1.8 0 0 8.200000000000001 7 9.200000000000001 5.800000000000001 2.8000000000000003 0 3.8000000000000003 0 0 5.800000000000001 1.4000000000000001 0 7.800000000000001 6 0 0 0 0 0 0 0 0 0 0 0 0 0 0 0 3.2 0 0 0 0 0 0 0 0 0 0 0 0 0 0 0 0 0 0 0 0 0 0 0 0 0 0 1.4000000000000001 0 0 0 0 0 0 15.4 1.8 0 0 0 2.2 0 0 0 0.2 0.4 0.6000000000000001 0 0 0 0 0 0 0 0 0 0 0 0 0 0 0.2 0 0 0 0 0 1.6 0 0 0 0.2 0 0 0 0 
 0 0.4 0 0 0.6000000000000001 0.4 0 0 0 0 0 0.2 0.6000000000000001 0 0 0.6000000000000001 0.2 1.4000000000000001 0 0 11.200000000000001 60.800000000000004 76.80000000000001 29 48.400000000000006 7.2 18 0 34.2 59.2 24.8 13.200000000000001 30.8 66.8 25.6 9 25 12.200000000000001 9.200000000000001 56.2 0 0 1.2000000000000002 0 0.6000000000000001 0.6000000000000001 0.8 0 5 1 0.4 0 0 0 0 0.6000000000000001 13.200000000000001 0.4 0.4 0 0.6000000000000001 0 0.4 0.2 0 0 1 1 0 0.6000000000000001 0 0 0 1 0.6000000000000001 0.2 0.2 0.4 0 0 0 0 0 0 0 3.4000000000000004 0 0 0 0 0 0 0 0.2 0 2 0 0.4 0 0 9.200000000000001 3.2 4.4 0 0 3 0 0.8 8.200000000000001 2.4000000000000004 0.6000000000000001 9.200000000000001 3 0.2 1.4000000000000001 0 2 2.8000000000000003 0 4.6000000000000005 0 0 1.4000000000000001 0 0 0 0 0 0 0.2 0 0 7 2.6 0 0 0 0 0.4 2.2 0 0 0 0.4 0 0 0 0.6000000000000001 0 0 0 0 0 0 0.2 2.8000000000000003 0 0 0 0 0 0 0 0 0 0 0 0 0 0 0 0 0 0 0 0 0 0 0 0.4 4.4 1.2000000000000002 3.8000000000000003 5.4 13.8 8.6 0 7.2 0 0 6.800000000000001 2.2 2 0 5.4 4.2 5.800000000000001 0 2.2 2.8000000000000003 0 0 0 0 0 0 2.6 2.4000000000000004 0 0 0 0 0 0 0 0 0 0 0 0 0 0 0 0 0 0 0 0 0 0 0 0 0 0 0 0 0 0 0 0 0 0 0 0 0 0 0 0 0 0 0 0 0 0 0.4 0.4 0 8.8 0 0 2.2 0 12.600000000000001 0 0 0 2.8000000000000003 0 0 0 0 0 0 0 0 0 0 0.4 0 3.8000000000000003 0 0 0 0 0 0 4.6000000000000005 0 0 0.2 
 0 0 0 0 0 0.6000000000000001 0 0 0 0 0 0 0.2 0 0.6000000000000001 0 0.6000000000000001 0 0 0 12.600000000000001 44 61.2 27 88.2 22.8 56.2 34.2 0 22 14.8 22.8 104.60000000000001 19.8 43.6 101.80000000000001 39.400000000000006 33.6 35.6 25.8 0.2 0.2 0 1 1.8 0.6000000000000001 0.4 0 0.2 0.6000000000000001 1.2000000000000002 0.8 0 0.6000000000000001 0.6000000000000001 0 0.2 0.2 24.400000000000002 0.4 1.2000000000000002 0 0 0.8 0 0 0 0.4 0 0 0 0.8 0 0.6000000000000001 0 1.2000000000000002 0 0.4 0 0 0 0 0 0 0 0 0 0 0 0 0 0 0 0 0 0 0 0 0 0 2.8000000000000003 0.2 1.6 1 3.8000000000000003 5.800000000000001 3.2 3 4.2 4.4 6.800000000000001 0 0 0 0 7.2 0 12.600000000000001 1 0 0 0 0 0.2 0 0 0 0 0 0 0 0 0.6000000000000001 0 0 0 0 0 2.2 0 0 0 0 0 0 0 0 0.8 1.4000000000000001 0 0 0 0 0 0 0 0 0 0 0 0 0 0 0 0 2.4000000000000004 0 0 0 0 0 0 0 0 0 0 0 0 0 0 0 1.8 4 0 4.6000000000000005 0 2 0 2.6 0 2.6 0.4 3.6 3.6 1.4000000000000001 0 0 2.4000000000000004 0 0 0 0 0 0 0 0 2.2 0 0 0 0 0 0 0 0 0 0 0 1.8 1.6 0 0 0 0 0 0 0 0 0 0 0 0 0 0 0 0 0 0 0 0 0 0 0 0 0 0 0 0 0 0 0 0 0 0 1 0.2 0 15.600000000000001 11.600000000000001 0 0.4 5.800000000000001 0 0 0 0 0 0 0 0 0 0 9.4 4.4 0 0 0 0 0 0 0 0 0 0 0 1.6 0 0 0 0 
 0.4 0.6000000000000001 12.600000000000001 3.2 0 0.4 0 41 0.4 0 0.8 0.4 0 0 0 0 0.4 0.4 0.6000000000000001 0 25.8 68.4 28 50.800000000000004 15.200000000000001 25.6 25.200000000000003 59.2 22 0 46.400000000000006 8.8 31.8 80.60000000000001 59.2 46.800000000000004 30.400000000000002 39.800000000000004 17.6 61.800000000000004 0 0.4 0 0.6000000000000001 0.6000000000000001 0.6000000000000001 0.4 0 0 0.6000000000000001 0 0 9.4 12.8 0 0 15.4 0 0.6000000000000001 0 3.6 0.2 0 0 0 0 0 0.4 0 0 0 0 0 0.6000000000000001 0 0 0 0.4 0 0 0 0 0 0 0 0 0 0 0.4 0 0 0 0 0 0 0.2 0 0.4 0 0 4 0 1.4000000000000001 0 2.2 0 1.8 1.2000000000000002 2.6 6 2.2 5.6000000000000005 0 2 0 3.4000000000000004 0 0 0 1 0 0 0 0 0 0 2 0 0 0.2 0 0 0.2 0 1.8 0 3 0 2.6 2.4000000000000004 0 0 0 0.4 0 0 0 0 0 0 0.2 0 0 0 6.4 0 0 0 0 0 0 0 0 0 0 5.4 0 0 0 0 0 0 0 0 0 0 0 0 0 0.4 0 0 3.6 0 0 0 2.6 2 0 6.2 0.2 2 0 2.2 2.2 0 0 5.6000000000000005 0 0 0.2 0 0 0 0 0 0 0 1.2000000000000002 0 0 0 0.2 0 0 0 0 0 3.4000000000000004 2 0 0 0 0 0 0 0 0 0 0 0 0 0 0 0 0 0 0 0 0 0 0 0 0 0 0 0 0 0 0 0.2 0 0 0 2.6 0.8 0 16.8 0 0 3.6 0 12.200000000000001 0 0 0 0 0 0 0 0 0 0 0 0 0 0 0.4 0 0 0 0 0 0 0 4.2 0 0 0 0 
 1.2000000000000002 0.2 0.4 0 0 0.6000000000000001 0 0 0 0 1.4000000000000001 0 0 0 0 0 0 0.6000000000000001 0 0 56.2 138 13.200000000000001 90.80000000000001 50.6 101.80000000000001 8.8 24.8 14.8 46.400000000000006 0 132.4 27.8 69.2 6.6000000000000005 51.6 38.6 29.8 4 16.8 0 0.4 0 6.800000000000001 0.6000000000000001 0.6000000000000001 13.8 0 0 0.6000000000000001 0 0 21.400000000000002 7.6000000000000005 0 0 0 0 0.6000000000000001 12.600000000000001 2.8000000000000003 5.6000000000000005 0 0 0 0 0.8 0.4 0 0 0 0 0 0.6000000000000001 0 0 0 0.4 0 0 0 0 0 0.4 0 0 0 0 0 0 0 0 0 0 0 0 0 0 0 0 4 2.2 6 0 5.4 0.2 0 3.6 1.6 0 6.800000000000001 4.4 0 0 0 7 0 5 0 0 2.2 0 0 3 0 0 2.6 0 1.4000000000000001 0 0 0 0 2.4000000000000004 0 0.2 4.2 0 2.4000000000000004 6.800000000000001 0 0.2 0 0 0 0 0 0 0 0 0 0 0 0.2 0 0 0 0 0 0 0 0 0 1.6 0 0 0.2 0 0 0 0 0 0 0 0 0 0 0 0 0 3.6 4 0 2.4000000000000004 4.2 3 0 0 0.2 3.6 5.6000000000000005 4.6000000000000005 0 2 5 0 2.4000000000000004 0 0 2.8000000000000003 2.6 0 0 0 0 0 2.2 2.4000000000000004 1.6 0 0 0 0 0 0 1.8 0 0 0.6000000000000001 2.2 0 0 0 0 0 0 0 0 0 0 0 0 0 0 0 0 0 0 0 0 0 0 0 0 0 0 0 0 0 0 0 0 0 0 1.4000000000000001 0.4 0.4 4 0.6000000000000001 2 0.4 0 0 0 0 0 0 0 0 0 0 0 0 0 0 0 0 0 0 0 0 0 0 0 0 0 0 0 0 0 
