 0 77.80000000000001 41.2 31.6 9.8 7.2 34.4 71.60000000000001 30.200000000000003 23 39.6 19.6 7.2 31.400000000000002 63.6 8 115 11.200000000000001 24.8 47.6 0 0 0.4 0 0 0.4 0 0 0 0.4 0 0 0 0 0.6000000000000001 0.6000000000000001 0 0.6000000000000001 0 0 0 0 0 0 0 1 0 0 0 0 0 0 0 0 0 0 0.8 0 0 0 0.4 1 0 0 0 0 0 0 0 7.6000000000000005 0 0 1.2000000000000002 0 0 0 0 0.2 1 0 4.6000000000000005 8.200000000000001 4 0 0 9.200000000000001 3.6 5.800000000000001 3.8000000000000003 1 0 7 0 3.6 0 3.8000000000000003 2.4000000000000004 0 4.2 3.6 0 0 0 0 0 0 0 0 0 0 0 0 0 0.4 0 0 0 0 5.2 3 0 0 0 0 0 0 0 0 0 0 0 0 0 0 0 0 0 0 0 0 0 0 0 0 0 0 0 0 0 0 0 0 0 0 0 0 0 0 0 0 3.8000000000000003 0 1.2000000000000002 4.2 2.6 4 0 5.6000000000000005 0 1.2000000000000002 2.8000000000000003 0 8.4 5.800000000000001 4.2 0.2 5.800000000000001 13.8 0 0 0.4 0 1.2000000000000002 0 0 0 0 0 0 0 0 0 5.2 2.4000000000000004 0 0 0 0 2.8000000000000003 0 0 0 0 0 1.6 0 0 0 0 0 0 0 0 0 0 0 0 0 0 0 0 0 0.2 0 0 0 0 0 2 0.2 0 0 0 0 0 0.2 0 0 0 0 0 2 0 0 0 0 0.8 0.2 0 0.6000000000000001 0 0 0.2 0 0 0 0 0 0 0 0 0 0 0 0 0 0 0 0 0 0 0 0 0 0 0 0 0 0 0 0 0 0 0 0 0 0 0 0 0 
 77.80000000000001 0 30 42.400000000000006 5.800000000000001 8.200000000000001 47.800000000000004 20 9.8 56.2 7 42.6 26.6 78.60000000000001 45.800000000000004 28 27.8 24.200000000000003 52.400000000000006 11.4 0 0 0 0 0 0 0 0 0 0 0.4 0 0 0 0.6000000000000001 0.6000000000000001 0 0.8 0 0 0 0 0 0 0 1.8 0 0 0 0 0.4 0 0 0 0 0 0 0 0 0 0.6000000000000001 6.6000000000000005 0 0.6000000000000001 0 1.2000000000000002 0 0 0 0 0 0 0 0 0 0 0.4 0 0 0 9.600000000000001 2 4.6000000000000005 3.4000000000000004 2.2 1 0.2 2 2 7.800000000000001 1.8 0.8 2.6 4.2 6.2 0 0 0 0.4 2 0 0 0 0 0 0 5.800000000000001 0 0 0 0 0 0 0 0.2 0 0 0 0 2.8000000000000003 0 0 0 0.2 0 0 0.4 0 0 0 0 0 0 0 0 0 0 0 0 1.8 0 0 0 0 0 0 3.6 0 0 0 0 0 0 0 0 0 0 0 0 0 2.8000000000000003 0 2.6 3.8000000000000003 2.6 0 2.6 4 4.6000000000000005 2.8000000000000003 0 10.600000000000001 0 3.6 3.2 3.2 0 5.2 2.2 2.4000000000000004 0 0 0.2 0 0 0 0.2 0.4 3 0 0 0 4.4 3 0.8 0 0 0 4.2 0 0 0 0 0 0 0 0 0 0 0 0 0 0 0 0 0 0 0 0 0 0 0 0 0 0 0 0 0 0 0 0 0 0 0 0 0 0 0 0 0 0 2.6 0 0 0 0 17.8 0 0 25 0 2.2 0.8 0 0 0 0 0 0 0 0 0 0 0 0 0 0 0 0 0 0 0 0 0 0 3.4000000000000004 4.6000000000000005 1.4000000000000001 0 0 0 0 0 0 0 0 0 0 0 0.2 
 41.2 30 0 21.8 40.800000000000004 51 24.200000000000003 52.6 14.8 34.4 18.400000000000002 25.400000000000002 13.600000000000001 10 74.8 46 64 68.2 50.800000000000004 30 0 0 0 0 0 0 15 0 0 15 0 0 16.2 0 0.6000000000000001 0.6000000000000001 0 0.6000000000000001 15.4 0 0.2 0 0 0 0 0 0 0 0 6.2 0 0 0 0 0 0 0.2 0 0 0 0.6000000000000001 0 1.2000000000000002 0 0 0 0 0.2 0 0.6000000000000001 1.4000000000000001 1.4000000000000001 0 0 0 0 0.2 0.2 0 0 0 7.4 2.2 6.6000000000000005 2.6 5 3.8000000000000003 0.2 0 9.4 2.8000000000000003 8.8 0 3.8000000000000003 0 0.2 1.8 15.600000000000001 2.8000000000000003 1.2000000000000002 1.2000000000000002 0 0 0 0 0 0 0 0 0 0 0 2.2 0 6.4 0 0 0 13.200000000000001 1.8 0 0 0 0 0 0 0 0 0 0 0 0 0 0 0 0 0 0 0 0 0 0 0 0 2.8000000000000003 0 0 0 0 0 0 6.800000000000001 0 0 0 0 0 0 0 0.2 2 6.2 3 0 3.6 2.6 0 0 0 4 3.4000000000000004 0.6000000000000001 0 2.8000000000000003 0 0 6.4 5.800000000000001 0 0.2 0 0 0 0 0 0 0 0 0 0.2 0 0 2 0 0 7.6000000000000005 0 0 8.6 0.2 0 0 0 0 0 0 0 0 0 0 0 0 0 0 0 2 0 0 0 0 3.8000000000000003 0 0 0 0 0 0 0 0 0 0 0 0 0 0 0 0 0 0 0 0 0 0 0 0 0 8.6 0 0.4 18 0 1.6 0 0 0 0 0 0 0 0 0 0 1.8 0 0 0 0 0 0 0 0 0 0 0 0 0 0 0 0 0 0 0 0 0 0 0 0 0 0 0 
 31.6 42.400000000000006 21.8 0 34.6 22.400000000000002 30 27.200000000000003 24.200000000000003 22.8 75 61.400000000000006 10.4 35.4 36.4 29 56 43.2 34.6 10 0 0 1.4000000000000001 0 0 0 16.2 0 0.4 0 0 0 14.8 0.6000000000000001 0.6000000000000001 0.4 0 0.6000000000000001 0 14.600000000000001 0 0 0 0 0 1.2000000000000002 0 0 0 6.6000000000000005 0 0 0 0 0 0 0 0 1 0 0.6000000000000001 0 0 0 0.2 0 0 0 0 0 0 0.6000000000000001 1 0.6000000000000001 0 0 0 1.2000000000000002 0.6000000000000001 0 3.2 0 0.2 3.8000000000000003 1.8 5.4 0 4.4 0 3.6 0 0 0 0 3 6.6000000000000005 1.2000000000000002 2.4000000000000004 0 3.2 0 0 0 0 0 0 4.2 3 0 0 0 0 3.4000000000000004 0 0 0 0 0 4.2 4.2 0 0 0 0 0 0 0 0 0 2.2 0 0 0 3.8000000000000003 0 0 0 0 0 0 0 0 0 0 0 0 0 1.8 0 0 0 0.4 0 0 0 0 0 0 0 0.2 3.8000000000000003 2.2 7.4 5.4 4.2 6.800000000000001 0 6.4 0.4 3.6 4.4 7 2.4000000000000004 0 4.6000000000000005 0.4 3 0.2 0 0 0.4 1.2000000000000002 0 0.2 0 0 0 0 0 0.2 0 0 10.200000000000001 0.6000000000000001 0.2 0 0 0 3.8000000000000003 0.2 0 0.4 0 0 0 0 0 0 0 0 0 0 0 0 0 0 0 0 0 0 0 0 0 0 0 0 0 0 0 0 0 0 0 0 0 0.4 0 0 0 0 0 2.8000000000000003 0 0 0 0.6000000000000001 27.6 0 0.6000000000000001 9 0 3.4000000000000004 0.2 0 0 0 0 0 0 0 0 0 0 0 0 0 0 0 0 0 0 0 0 0 0 0 4 0 0 0 0 0 0 0 0 0 0 0 0 2.2 
 9.8 5.800000000000001 40.800000000000004 34.6 0 15.200000000000001 11 12 17.2 63.800000000000004 19.400000000000002 39.400000000000006 13.8 13 27.8 60.400000000000006 20.400000000000002 78.60000000000001 11.8 12.600000000000001 0 4.800000000000001 0 0 0 0 29.8 0 0 0 0 0 48.2 0 42.800000000000004 0.6000000000000001 16 0.6000000000000001 28.200000000000003 15.8 0.4 0 0 0 0 0.2 0 0 0 13.4 0 0 12.600000000000001 0 0 0 0 0 0 0 0.6000000000000001 0 0 0 0 0 0 0 0 0 12.8 0.8 0 6.800000000000001 0 0 0 0 0 0 0 0 0 5.4 0 0 0 0 5.2 3 2.8000000000000003 2 0 0 0.2 1.2000000000000002 3.8000000000000003 4.2 0 0 6.6000000000000005 21.6 2.6 0 0 0 0 6.4 0 0 0 0 10 0 11.4 0 0 0 11.8 6.6000000000000005 0 0 0 0 0 0 0 0 0 0 0 0 0 0 0 0 0 0 0 0 0 0 0 0 0 0 0 0 0 0 0 0.6000000000000001 0 0 0 0 0 0 0 0 0 2.6 3.2 10.200000000000001 2.2 3.6 0 0 2 4.4 1.4000000000000001 2.4000000000000004 0 0 2.2 0 2.2 0 0 2.2 4.6000000000000005 0 0 0 0 0 2 2.4000000000000004 0 0 0 0 0 0 1.8 2 3 0 2.6 3.2 0 0 0 0 0 0 0 0 0 0 0 0 0 0 0 0 0 0 0 0 0 0 0 0 0 0 0 0 0 0 0 0 0 0 0 0 0 0 0 0 0 0 0 0 0 0.4 23.8 0.6000000000000001 9.200000000000001 17.400000000000002 0 0.4 0 0 0 0 0 0 0 0 0 0 0 0 0 0 0 0 0 0 0 0 0 0 0 0.6000000000000001 1.2000000000000002 0 0 0 0 0 0 0 0 0 0 0 0 0 
 7.2 8.200000000000001 51 22.400000000000002 15.200000000000001 0 8 8.8 24.200000000000003 75.60000000000001 25.200000000000003 7.800000000000001 8.4 9.600000000000001 14.4 11.200000000000001 76 35.4 8.6 50.400000000000006 14.8 30.6 13 0 0 0.2 40.6 29.8 0 25.200000000000003 0 0 30.8 0 0.6000000000000001 6.6000000000000005 3.6 30.8 15 15.4 0 0 0 0 0 0 0 0 0 0 0 0.2 0 0 0 0 0 0 0 0 0.6000000000000001 0 0 0 0 0 0.2 0 0.2 0 0 0.2 0 0 0 0 0 0.2 0 0 0 0 2.8000000000000003 12.200000000000001 10.200000000000001 0 0 0 0 0 0 0 0 0 0 1 2.6 0 0 0 0 0 9.4 0 0 0 13 12.4 4 4.2 2.2 0 0.2 6.2 0 0 2 3 0 0 0 0 0 0 0 0 0 0.4 0 0 0 0 0 0.2 0 0 0 0 0 0 0 0 0 0 0.2 4.2 0.2 0 0 0 0 0 0 0 0 0 0 0 0.2 0 0 2.8000000000000003 7.6000000000000005 3.8000000000000003 0 0 0 0 3.8000000000000003 0 5.4 11.200000000000001 0 0 0 0 0 0 0 0 0 12.200000000000001 5 4.4 0 0 0 4.2 0 1.8 4 0.4 1.8 8 8.8 0 7.4 0 0 4.4 0 0 0 0 0 0 0 0 0.4 0 0 0 0 0 0 0 0 0 0 0 0 0 0 0.2 0 0 0 0 0.4 0 0 0 0 0 0 0 0 0 3.2 0 0 0 0 0 0 0 17.2 0 0 0.8 0.2 1 0 0 0 0 0 15.4 0 0 2 0 0 0 0 0 0 0 0 0 0 0 0 0 0 0 0.2 0 0 0 0 1.8 0 0 0 0 0.2 0 0 0 
 34.4 47.800000000000004 24.200000000000003 30 11 8 0 50.400000000000006 42.6 26.400000000000002 15.600000000000001 7 32.6 31.8 32.2 6.800000000000001 30 7 28.8 57.800000000000004 0 0 0.2 0 0 0 0 0 0.4 0 0 35 0 0 0.6000000000000001 0.8 0 1 0.8 0 0 0 0 0 0 0 0 0 0 0 0 0 0 0 0 0 0.8 0 0 0 0.4 0.2 0 0.4 0 0.2 0 0 0 0 0 0 0.4 0 0 0 0.4 0 0 0 11.8 4.2 2.8000000000000003 4.4 0 7.4 5.4 5.800000000000001 8.4 1.8 3.2 4 1.8 0 8 5.6000000000000005 2.6 2 2.6 1.2000000000000002 0 0 0 0 0 0 0.2 0 0 0 0 0 0 0 0 0.2 0 0 0 0.2 0 0 0.4 0 0 0 0 0 0 0 0 5.2 0 0 0 0 0 0 0 0 0 0.2 0 0 0 0 1.4000000000000001 0 0 0 0 0 0 0 0 0 0 0 0 0 7.2 0 0 0 0 1.6 2.8000000000000003 8.200000000000001 1 5.800000000000001 3 0 7.2 0.4 0 4.800000000000001 3.4000000000000004 6.4 2.6 0.4 0 0 0 0 0 0 0 0 0 0 0 0 0 0 0 0 0 0 0 0 0 0 0 0 0 0 0 0 0 0 0 0 0 0 0 0 0 0 0 0 0 0 0 0 0 0 0 0 0 0 0 0 0 0 0 0 0 0 0 0 0 0 0 0 0.4 0 0 0 0.4 0 0.4 3 0 0 0 0 0 0 0 0 0 0 0 0 0 0 0 0 0 0 0 0 0 0 0 4 0 3.6 0 0 0 0 0 0 0 0 0 0 0 0 
 71.60000000000001 20 52.6 27.200000000000003 12 8.8 50.400000000000006 0 35 46 17.6 23.200000000000003 83.60000000000001 43.6 55.400000000000006 9.8 44.800000000000004 26.8 11 29.200000000000003 0 0 0 0.6000000000000001 0 0 0.4 0 0 0 0 12.8 15 0 0.6000000000000001 1 0.2 0.6000000000000001 0 0 0 0 0 0 0.4 0.8 0.6000000000000001 0 0 0.4 0 0 0 0 0 0 0 0 0 0 0.6000000000000001 0 0 8.6 0 0.4 0 0.4 0 0 0 0.2 2 0 0 0 0 0 0 0 0 6.6000000000000005 0 0.6000000000000001 0.2 8.200000000000001 12.600000000000001 8 1.4000000000000001 2.2 10 6.4 2.6 5.6000000000000005 0 3.8000000000000003 3 0 1.8 9 0 2 0 0 0 0 3.4000000000000004 0 0 0 0 0 0 0 4.2 0 0 0 4 3 0 0 0 0 0 0 0 0 0 0 0 0 0 0 0 0 0 0 0.4 0 0.2 0 0 0 0 0 0 0 0 0 0 0 0 0 0 0 0 0 0 0 3.8000000000000003 0 3.6 2 2.4000000000000004 4.2 0 4.800000000000001 0 2.2 2.8000000000000003 2.4000000000000004 5.800000000000001 3.6 2.2 0 2.6 2.6 0 3 0 0 0 0 7.6000000000000005 0 0 0 0 0 0 0 4.6000000000000005 2.4000000000000004 0 0 0 0 1.2000000000000002 0 0 0 0.2 0 0 0 0 0 0 0 0 0 2.6 0 0 0 0 0 0 0 0 0 0 0 0 0 2.4000000000000004 0 0 0.4 0.2 0 0 0 0 0 0 0 0 0 0 10.600000000000001 0 0 0 0 17.6 0.2 0 0 4 2.8000000000000003 0.2 0 0 0 0 0 0 0 0 0 0 0 0 0 0.2 0 0 0 0 0 0 0 0 0.2 0 2 0 0 0 0 0 0 0 0 0 0 0 0 
 30.200000000000003 9.8 14.8 24.200000000000003 17.2 24.200000000000003 42.6 35 0 33.4 135.8 25.8 12.4 35.2 59.2 10.8 27.200000000000003 46.800000000000004 16 43.2 0 0 0.4 0 0.2 0.8 0 0.6000000000000001 0 0.6000000000000001 0 1.2000000000000002 14.600000000000001 0 0.6000000000000001 0.4 0.8 0.6000000000000001 12.600000000000001 0 0 0.2 0 0 1.4000000000000001 1.4000000000000001 1 0 0 2.4000000000000004 0 0 0.2 0.4 0 0.2 0.6000000000000001 0.6000000000000001 0.2 1.2000000000000002 0.6000000000000001 0 0.6000000000000001 1.4000000000000001 0.4 0.8 0 0 0.6000000000000001 0.4 0.6000000000000001 1.2000000000000002 0.6000000000000001 0.6000000000000001 0 0 0.4 0.6000000000000001 0.8 0 2.8000000000000003 0 2.4000000000000004 6.2 1.8 6.6000000000000005 0 6.6000000000000005 2 6.800000000000001 5 3.8000000000000003 0 0 0 8 2.2 5 0 2 2.2 0 0 0 0 0 0 0 0 0 0 0 2 0 4 0 0 0 3.6 6.2 0 0 0 0 0 0 0 0 0 0 0 0 0 0 0 0 0 0 0 0 0 0 0 0 0 0 0 0 0 0 0 0 0 0 0 0 0 0 0 0 3.8000000000000003 4.4 8.4 8.200000000000001 0 2.4000000000000004 0 4.800000000000001 8.4 3 3 5 3.4000000000000004 1 2.4000000000000004 0 4.2 0 0 4.6000000000000005 0 0 0 0.4 0 0 0 0 0 0 0 0 0 0 0 0 0 0 3 0 0 0 0 0 0 0 0 0 0 0 0 0 0 0 0 0 0 0 0 0 0 0 0 0 0 0 0 0 0 0 0 0 0 0 0 0 0 0 0 0 0 2.8000000000000003 0 0 0 0.8 0 0.2 0.6000000000000001 0 0 0.6000000000000001 0.2 0 0 0 0.2 0 0 0 0 0 0 0 0 0 0.2 0 0 0 0 0 0.2 0 0 0 0 0 0 0 0 0 0 0 0 0 0 0 0 0 
 23 56.2 34.4 22.8 63.800000000000004 75.60000000000001 26.400000000000002 46 33.4 0 70.2 75.2 10 47.800000000000004 33 14.200000000000001 42 8.4 23.6 11.4 0 0 0 0 0 0 5.4 0 0 0 0 0 0 0 0.6000000000000001 0.6000000000000001 0.2 0.6000000000000001 3.8000000000000003 0 0 0 0 0 0 0.2 0 0 0 5.800000000000001 0 0 0 0 0 0.2 0 13.4 0 0 0.6000000000000001 0 0 0.4 0 0.8 0 0 0.4 0 0 0.2 0.2 0 0 0 0 0.2 0 0 4.800000000000001 3.8000000000000003 5.800000000000001 0 8 1.6 0 6.2 4.2 9.200000000000001 4.6000000000000005 9.8 0.4 4.800000000000001 1.8 0.2 2 2.2 0 1.6 6.6000000000000005 0 0 0 0 0 2.6 0 0 0 0.2 0 0 2 0 0 0 0 2 0 0 0 0 0 0.2 0 0 0 0 0 0 0 0 0 0 0 0 0 0 0 0 0 0 0 0 0 0.6000000000000001 0 0 0 0 0 0 0 0 0 0 0 0 0 0 2.4000000000000004 1.6 4.6000000000000005 0.2 0 0 0 5 1.4000000000000001 3.4000000000000004 2.8000000000000003 0 3 0 8 0 3.2 0 0.4 0.6000000000000001 0 0 0.4 0 0 0 1 0.4 0 0 0 2.4000000000000004 0.2 3.6 0 0 0 13 0 0 0 0 0 0 0 0 0 0 0 0 0 3.8000000000000003 0 0 0 0 0 0 0 0 0 0 0 0 0 0 0 0 0 0 0 0 0 0 0 0 0 0 0 0 0 0 0 0 0 0.2 0.4 0.4 1 0 0.6000000000000001 2.2 0 0 0 0 0 0 0 0.4 0 0 0 0 0 0 0 0 0 0 0 0 0 0 4.2 0 1 0 0 0 0 0 0 0 0 0 0 0 0 
 39.6 7 18.400000000000002 75 19.400000000000002 25.200000000000003 15.600000000000001 17.6 135.8 70.2 0 12 7 10.600000000000001 65.2 12.8 56.800000000000004 8.200000000000001 8.6 17.6 0 0 0 0 0 0 30.8 0 0 0 0 0 31.200000000000003 3.4000000000000004 0.6000000000000001 0.4 0 0.6000000000000001 15 0 0 0 0 0 0 0.2 0 0 0 0.2 0 6.2 0 0 0 0 0 0 0 0.4 0.6000000000000001 0 0 0.4 0 0.2 0 0 0 5.4 0 1 0.4 0.4 0 0 0 0.6000000000000001 0 0 0 2.6 3 0 5.800000000000001 6.800000000000001 0 0.2 1.6 10.600000000000001 3 8.6 0 6.800000000000001 0.4 3 0 3.6 0.6000000000000001 3.4000000000000004 4.800000000000001 2 2 0 0 0 0 2.8000000000000003 0 0 0 0 2 2.8000000000000003 5.2 0 0 0 13 1.8 0 0 0 0 0 0 0 0 0.2 0 0 0.2 0 0.2 0 0 0 0 0 0 0 0 0.4 0 0 0 0 0 0 0.2 0 0 0 6 0 0 0 0 0 0.6000000000000001 2.6 5 5 2.8000000000000003 0 1.6 0 2 2.4000000000000004 0 6.2 0.2 8 0.4 0 2.8000000000000003 4.2 0 0 0.2 5.6000000000000005 0 0 2.6 0 0 0 3.8000000000000003 2.4000000000000004 1.6 0 0 3.8000000000000003 0.6000000000000001 0.4 0 0 0 8.6 1.6 0 0 0 0 0 0 0 0 0 0 0 0 0 0 0 0 0 0 0 0 0 0 0 0 0 0 0 0 0 2.4000000000000004 3 0 0 0 0 2 0 0 0 0 0 0 0 0 0 0.6000000000000001 0 0.2 0.2 0 0 2.4000000000000004 0 0 0 0 0 0 0 0 0 0 0 0 0 0 0.4 0 0 0 0 0 0 0 0 0 0 0 0 0 0 0 0 0 0 0 0 0 0 0 
 19.6 42.6 25.400000000000002 61.400000000000006 39.400000000000006 7.800000000000001 7 23.200000000000003 25.8 75.2 12 0 9.8 8.200000000000001 43.400000000000006 37 63.400000000000006 46.800000000000004 8.4 23.400000000000002 0 0 0 0 0 0 11.8 0 0 0 0 0 8.8 0.2 0.6000000000000001 15.4 0 0.6000000000000001 0 0 0 0 0 0 0 1.6 0 0 0 13.200000000000001 0 0 0 0 0 0 0 0 5.6000000000000005 0 0.6000000000000001 0 0 3.4000000000000004 0 5.800000000000001 0 0 0 0 0 0.2 0 0 0 0 0 0 0 0 4.2 0 0.2 9.600000000000001 0 4.4 0 6.6000000000000005 4.4 4.2 12.200000000000001 2.8000000000000003 0 0 0.4 2 3 0.8 0 0.2 3.4000000000000004 0 0 0 0 0 0.2 2.2 0 0 0 0 1.6 0 2.8000000000000003 0 0 0 4.4 2.6 0 0 0 0 0 0 0 0 0 0 3 0 0 0 0 0 0 0 0 0 0 2.6 0 0 0 0 0 0 0 0 0 1.6 0 0 0 0 0 0 0 0 3.6 0.4 3.6 7.4 15.8 4.2 0 5.4 2 3.4000000000000004 6 2.6 0 3.4000000000000004 6.2 2.2 4.4 0 0 0 2 7.4 0 0 0 0 2.8000000000000003 0 0 0 0 0 4.800000000000001 7.4 2 0 3.6 0 0 0 0 0 0 0 0 0 0 0 0 0 0 0 0 0 0 0 0 0 0 0 0 0 0 0 0.2 0 2.8000000000000003 0 0 0 0 0 0 0 0 0 0 0 0 0 0 2 0 0 0 0 19.200000000000003 0 19.200000000000003 0.2 0 2.6 1.8 0 0 0 0 0 0 0 0 0 0 0 0 0 0 0 0 0 0 0 0 0 0 0 2.4000000000000004 0 0 0 0 0 0 0 0 0 0 0 0 0 
 7.2 26.6 13.600000000000001 10.4 13.8 8.4 32.6 83.60000000000001 12.4 10 7 9.8 0 34 9.200000000000001 7.800000000000001 9 10.600000000000001 32.6 27.8 0 1.6 0 0 0.2 0 0.4 0.8 0 40 0 0.4 0 0 0.2 0.6000000000000001 0 0.6000000000000001 0 0 0 0 0.8 0 11.4 1.2000000000000002 0 0 0.2 0.2 0 0 0.6000000000000001 0 0 0 1 0 0.6000000000000001 0 0 0 0 0 0 0 0 1.2000000000000002 0 0 0 0 0.6000000000000001 0 0 0.4 0.4 0.4 0.6000000000000001 0.4 5.4 6 2.8000000000000003 0 0 0.8 3 3.2 5.2 0 2 3.4000000000000004 2.2 4.4 5.4 0 1.2000000000000002 3.2 3.2 0 0 0 0 0 0 0 0 0 0 0 0 0 0 0 3.2 0 0 0 0 0 0 0.6000000000000001 0 0 0 0 0 0 0 0 0 0 0 0 0 0 0 0 0 0 0 0 0 0 0 0 0.8 0 0 0 0 0 0 0 0 0 0 0 0 0 10.600000000000001 4.6000000000000005 1.4000000000000001 0 0 0 4.800000000000001 5.6000000000000005 0 0 0 0 4.800000000000001 2.8000000000000003 4 5.6000000000000005 0.2 10.200000000000001 0 5.4 0 0 0 0 0 0 0 0 0 0 0 0 0 0 0 0 0 0 0.4 2.8000000000000003 0 0 0 0 0 0 0 0 0 0 0 0 0 0 1.8 0 0 0 0 0 0 0 0 0 0 0 0 0 0 0 0 0 0 0 0 0 0 0 0 0 0 0 0 0 0 0 0 0 0.2 0 2 1.2000000000000002 0 0 0 0 0 0 0 0 0 0 0 0 0 0 0 0 0 0 0 0 0 0 0 2.8000000000000003 0 0.4 0 0 0 0 0 0 0 0 0 0 0 0 
 31.400000000000002 78.60000000000001 10 35.4 13 9.600000000000001 31.8 43.6 35.2 47.800000000000004 10.600000000000001 8.200000000000001 34 0 49.400000000000006 21 134.6 10.600000000000001 62.800000000000004 17.8 0 0 0 0 0 0.2 0 0 0 0.2 0.4 0 0 0 1 0.8 0 13.4 0 1.2000000000000002 0 0 0 0 0 0 12.4 0 0 0 0 12.4 0 0 0 0 0 0 0 0 0.6000000000000001 0 0 0 0 0 0 1.8 0.4 0 0 0.2 0.8 0 0 0 0 0 0 0 3.8000000000000003 0 2.4000000000000004 5 4 4 1.4000000000000001 4 3.6 4 0.4 2.8000000000000003 7.6000000000000005 15.200000000000001 0.2 4.6000000000000005 2 2 0 3.2 0 1.8 0 0 0.4 0 0 0 0 0 0 0 0 0 0 0 0 0 0 0 4.4 0 0 0 0 0 0 0 0.4 0 0 0 0 0 0 0 0 0 0 0 0 0 0.4 0.4 0 0 0.6000000000000001 0 0 0 0 0 0 0 0 0 0 0 0 0 0 4.6000000000000005 0 2.2 0 0 0 0 2.4000000000000004 0 0.4 0.2 2.2 0 0 8 0 8.200000000000001 0 0.4 0 0 0 0 0 0 0 0 0 0 0 0 2.2 0 0 0 0 0 2.8000000000000003 2.2 0 0 0 0 0 0 0 0 0 0 0 0 0 0 0 0 0 0 0 0 0 0 0 0.2 0.4 0 0 0 0 0.2 0 0.4 0 0 0 0 0 0 0.4 0 0 0 3.4000000000000004 0 0 0 0 0 0.4 18.8 0 2.2 0 0 0 0 0 0 0 0 0 0 0 0 0 0 0 0 0 0 0 0 0 0 0 2.4000000000000004 3 1.2000000000000002 0 0 0 0 0 0 0 0 0 0 0 0 
 63.6 45.800000000000004 74.8 36.4 27.8 14.4 32.2 55.400000000000006 59.2 33 65.2 43.400000000000006 9.200000000000001 49.400000000000006 0 63 15 31.8 12.4 39.800000000000004 0 0.4 0.4 0 0 0 41.400000000000006 0 0 0 0 15.4 0 0 41.6 0.8 0 0.6000000000000001 0 0 0 12 0 1.4000000000000001 0.6000000000000001 1 0 0 0 0 0 0 0.4 0 0 0.4 0 1.2000000000000002 1 0 0.6000000000000001 0 0 0.8 0 1.6 8.8 0.4 0 0 0 0.6000000000000001 0.6000000000000001 0.4 0 0 0.2 0.6000000000000001 0 0.2 7 6.2 6.800000000000001 0 4.4 7.4 2 2.4000000000000004 2.4000000000000004 3.8000000000000003 0 6.800000000000001 0 6.2 7.4 0 0 6.2 2.2 1.8 0 0 0 0 0 0 4.2 0 0 0 0 0 0 0 0.2 0 0 0 0 3 0 0 0 0 0 0 0.2 0 0 0 0 0 0 0 0 0 0 0 0 0 0 0 0 0 0 0 0 0 0 0 0 0.4 0 0 0 0 0 0 0 0 4.4 2.6 5 7.4 0.8 2.2 0 6.6000000000000005 4 0 2 7.6000000000000005 2.6 7.6000000000000005 3.6 2.8000000000000003 4.800000000000001 0 0 0 0 0 0.4 0 0 0 0 0.2 0 0 0 0 5.6000000000000005 0.4 1.2000000000000002 0 0 0 4.6000000000000005 0 0 0 0 0 0 0 0 0.4 0 0 0 0 0 0 0 0 0 0 0 0 0 0 0 0 0 0 0 0 0 0 0 0 0 0 0 0 0 0 0 0 0 2.8000000000000003 0 0 0 0 17.6 0.6000000000000001 0 0.6000000000000001 0 0.8 0 0 0 0 0 0 0 0 0 0 0 0 0 0 0 0 0 0 0 0 0 0 0 0 0 0 0 0 0 0 0 0 0 0 0 0 0 0 
 8 28 46 29 60.400000000000006 11.200000000000001 6.800000000000001 9.8 10.8 14.200000000000001 12.8 37 7.800000000000001 21 63 0 15.4 43.400000000000006 50.800000000000004 5.800000000000001 0 13 0 0 0 0.2 15 0 0 0 0 0.4 0.2 0 0.6000000000000001 1.8 0 0.6000000000000001 15.4 0.2 0 0 0 0 0 0 0 0 0 13.4 0 0 0 0 0 0 0.8 0 24.400000000000002 0 0.6000000000000001 0 0 0 0 0.2 0 0 0 0 5.2 0.6000000000000001 0 0 0 0 10 0 0 0 5.4 0.4 2.8000000000000003 7.4 0 5.6000000000000005 0 1.8 0 4 3 2 0 2.2 5 3.4000000000000004 13 4.2 0.2 0 1.8 0 0 0 0 0 0 0 0 0 0 0 2.4000000000000004 0 3 0 0 0 3.4000000000000004 2.6 2.4000000000000004 0 0 0 0 0 0 0 0 0 2.4000000000000004 0 0 0 0 0 0 0.6000000000000001 0 0 0 3.4000000000000004 0 0 0 0 0 0 0 0 0 0.4 0 0 0 0 0 0 0 0 0.4 2.4000000000000004 3 3.2 1.8 0 0 0 4.4 2.8000000000000003 1.4000000000000001 1.8 0 1.8 4.4 4.2 4.800000000000001 7 7 2.2 0 0 0 0 0 0 0 0 0 0 0 0 0 0 0 1.8 0 0 0 0 0 0 0 0 0 0.4 0 0 0 0 0 0 0 0 0 0 0.2 0 0 0 0 0 0 0 0 0 0 0 0 0 0 0 0 0 0 0 0 0 0 0 0 0.2 0 0 0 0.2 17.2 0.4 0 28 0 1.4000000000000001 0 0 0 0 0 0 0 0 0 0 1 0 0 0 0 0 0 0 0 0 0 0 0 0.2 2.4000000000000004 0 0 0 0 0 0 0 0 0 0 0 0 0 
 115 27.8 64 56 20.400000000000002 76 30 44.800000000000004 27.200000000000003 42 56.800000000000004 63.400000000000006 9 134.6 15 15.4 0 29 59.800000000000004 24.6 0 0 0 0 0 0 14.8 0 0 0 0 0 16 0.2 0.6000000000000001 0.8 0.4 1 0 0 0 0.6000000000000001 0.6000000000000001 0 0 0.2 0 0.4 0 12.600000000000001 0 0.6000000000000001 0 0 3.8000000000000003 0 1.2000000000000002 0 0.6000000000000001 0 0.6000000000000001 0 0 4.2 0 5.2 0 0 6.6000000000000005 0 0 0.6000000000000001 0 0.6000000000000001 0 6.800000000000001 0 1 0 0 3.6 7.800000000000001 3.2 2.8000000000000003 2.2 14.8 0 0.2 0 3.2 3.4000000000000004 3.2 0 7 4.2 4 2.4000000000000004 1 0 1.6 2 0 0 0 0.4 0 0 4.800000000000001 0 0 0 0 0 0 0 0 0 0 2.4000000000000004 2 0 0 0 0 0 0 0 0 0.4 0 0 0 0 0 0 0 0 1.6 0 0 0 0 0.2 0 0 0 0 0.4 2.4000000000000004 0 0 0.4 0 0 0 0 0 0 0 0 3.8000000000000003 4.2 4.4 0.6000000000000001 0.2 4.4 0 7 0.6000000000000001 1.4000000000000001 4.4 3 0.2 5.800000000000001 0 4.2 5.800000000000001 2.8000000000000003 2.8000000000000003 0 0 2.4000000000000004 0 0 0 0 0 0 0 0 0 0 2.8000000000000003 0 0 0 0 0 3.6 0 0 0 0 0 0 0 0 0 0 0 0 0 0 0 0 0 0 0 0 0 0 0 0 0 0.2 0 0 0 0 0 0 0 0 0 0 0 0 0 0.4 0 0 0.2 0 0 0 0 17.6 0 0.4 0.8 0.4 2 0 0 0 0 0 0 0 0 0 0 0.4 0 0 0 0 0 0 0 0 0 0 0 0 0 2.6 0 0 0 0 0 0 0 0 0 0 0 0 0 
 11.200000000000001 24.200000000000003 68.2 43.2 78.60000000000001 35.4 7 26.8 46.800000000000004 8.4 8.200000000000001 46.800000000000004 10.600000000000001 10.600000000000001 31.8 43.400000000000006 29 0 6.2 8.4 0.2 0 0 0 0 0.6000000000000001 16.400000000000002 7.4 0 0 0 41.6 10.200000000000001 14.8 0.6000000000000001 0.6000000000000001 0.4 0.6000000000000001 14.600000000000001 15.200000000000001 0 0 0.6000000000000001 13.200000000000001 12.4 0.6000000000000001 0 0 0 0 0 0 0 0 0 0 0 0 11.8 0 0.4 1.2000000000000002 0 0 0 0 0 0 0.6000000000000001 0 3.4000000000000004 0.8 0 0 0 0 0 0 1.2000000000000002 0.6000000000000001 0 0 0 11 0.2 0 0 0 0 0.2 3 4.2 0.2 0 0 3.4000000000000004 3.4000000000000004 5.800000000000001 0.4 0.4 5.2 0 0 0 0 0 1.6 2.6 0 0 1.4000000000000001 0 5 0.2 4.2 0 1.6 0 7.4 5.800000000000001 0 0 0 0 5.4 0 0 0 0 0 0 0.2 0 0 0 0 0 0 0 0 0 0 0 0 0 0 0 0 0 0 0 1 0 0 0 0 0 0 0 0.2 3.4000000000000004 1.8 5.2 7 10.4 2.4000000000000004 0 0.4 0.8 3.8000000000000003 0.4 4 0 0 3.8000000000000003 0 0 0 0 9.8 4 2.4000000000000004 2 0 0 0 5.6000000000000005 0 0 0 0 0 5.2 2.6 8.8 0 0 0 0 0 0 0 0 0 0 0 0 0 0 0 0 0 0 0 0 0 0 0.4 0 0 0 0 0.2 0 0 0 0 0 0 0 0 0 0 0 0 0 0 0 0 0 0 0 0 0 0 0 0.6000000000000001 0 18.6 0.2 0.6000000000000001 2.8000000000000003 0 0 0 0 0 0 0 0 0 0 0 0 0 0 0 0 0 0 0 0 0 0 0 0 10.4 0.2 0 0 0 0 0 0 0 0 0 0 0 0 
 24.8 52.400000000000006 50.800000000000004 34.6 11.8 8.6 28.8 11 16 23.6 8.6 8.4 32.6 62.800000000000004 12.4 50.800000000000004 59.800000000000004 6.2 0 27.8 0.4 0 0 1 14.8 0.6000000000000001 0.4 0.4 0 0 11.8 0 0.6000000000000001 0 24.8 1 0 1.2000000000000002 0.6000000000000001 14.600000000000001 0.6000000000000001 0 0 0 0.4 0.2 0.6000000000000001 0.4 0 0 0 0.4 0.6000000000000001 0 0 0.6000000000000001 3.4000000000000004 0 0 0 0.6000000000000001 0 0 0 0.6000000000000001 0 0 0 1.8 0 0 0.6000000000000001 1 0.4 0 0 0 0.6000000000000001 0 0 5.6000000000000005 3.4000000000000004 7.6000000000000005 5.800000000000001 0 2.8000000000000003 2.2 2.2 2.2 2.8000000000000003 3.6 0.6000000000000001 2.8000000000000003 1.8 7.2 0 0 1.8 3.6 0 0 0 0 0 0 0 0 0 0 0 0 0 0 0 0 0 0 0 0 0 0 0 0 0 0 0 2 0 0 1.8 0 0 0 0 0 0 0 0 0 0 0 0 0 0 0.2 0 0 0 0 0 0 0 0 0 0 0 0 0 0.4 0 10.4 1.6 2.2 6.4 0.2 0 1.6 0.4 4.2 4.800000000000001 0 0 2.2 4.6000000000000005 4 1.6 0 4.6000000000000005 4.2 4.2 0 0 0 0 0 0 0 0 0 0 0 0 0 0 0 0 0 0 0 0.2 0.4 0 0 0 0 0 0 0 0 0 0 2 0 0 0 0 0 0 0.2 0 0.2 0 0 0 0 0 0 0 0 0 0 0 0 0 0 0 0 0 0 0 0 0 0 0 0 0.4 0.4 0 0 18.400000000000002 0 3 0 0 0 0 0 0 0 0 0 0 1.8 0 0 0 0 0 0 0 0.4 0 0 0 0 0 3.8000000000000003 0 0 0 0 0 0 0 0 0 0 0 0 0 
 47.6 11.4 30 10 12.600000000000001 50.400000000000006 57.800000000000004 29.200000000000003 43.2 11.4 17.6 23.400000000000002 27.8 17.8 39.800000000000004 5.800000000000001 24.6 8.4 27.8 0 0.4 0.4 0.6000000000000001 0 0 0.6000000000000001 1 0 0 0 0 0.6000000000000001 0 0 16.2 0.8 0 0.6000000000000001 0 0 0 0 0.6000000000000001 0 0 0 0 0 0 0 0 0 0.6000000000000001 0 0 0 0 0 0 0 0.6000000000000001 0 0 0 0 0 0 0 0 9.4 0 0.4 2.2 0.4 0 0.6000000000000001 0.4 1 0.6000000000000001 10.200000000000001 3.8000000000000003 2.4000000000000004 2.6 5.6000000000000005 0 6.4 4.6000000000000005 6.6000000000000005 3.2 3 2.4000000000000004 4.4 2.2 0 0.4 3.8000000000000003 0 0 3.4000000000000004 6.6000000000000005 0 0 0 0 0 0 0 0 0 0 0 0 0 0 0 0 0 0 0 9.200000000000001 0.4 0 0 0 0 0 0 0 0 0 0 0 0 0 0 0 0 0.2 0 0 0 0 0 0 0 0 0 0 0 0 0 0 0 0 0 0 0 0 0 0 3.8000000000000003 0 0 1.6 0 2.4000000000000004 0 5.800000000000001 2.4000000000000004 5.800000000000001 2.8000000000000003 0 6.6000000000000005 4.4 0.2 0 2 0 0 0 0 0 0 0 0 0 0 0 0 0 0 0 0.4 0 2.4000000000000004 0 0.4 0 0 0 0 0 0 0 0 0 0 0 0 0 0 0 0.4 0 0 0 0 0 0 0 0 0 3.4000000000000004 0 0 0 0 0 0 0 0 0 0 0 0 0 0 0 2 0 0 3.6 0 0 0 0 0.6000000000000001 0 0 0 3 5 0.2 0 0 0 0 0 0 0 0 0 0 0 0 0 0 0 0 0 0 0.4 0 0 0 0 0 0 0 0 0 0 0 0 0 0 0 0 0 0 
 0 0 0 0 0 14.8 0 0 0 0 0 0 0 0 0 0 0 0.2 0.4 0.4 0 27.400000000000002 55.2 10 7.2 6.4 26.6 21.200000000000003 23 63.800000000000004 32.2 13.200000000000001 6.6000000000000005 10.600000000000001 21.8 20.8 21.6 37.800000000000004 5.6000000000000005 32.800000000000004 0 0.6000000000000001 0 0 0 1.4000000000000001 0.6000000000000001 0.6000000000000001 0.2 0.6000000000000001 0 0 0.2 0 0 0 0 1.2000000000000002 0 0 0 0 0 0 0.4 0 1 0 0 0 0 0 0.4 0.4 0.2 0 0 0 0 0 0 0 0 0 0 0 0 0 0 3.4000000000000004 0 0 0 0 0 0 0 0 0 0.4 0 6.4 0.2 0 0 0 1.8 0 1.2000000000000002 3.6 0.2 0 3.2 13.200000000000001 2.8000000000000003 5.2 3.6 12.8 0.4 1.6 0 0 3.6 0 0 0 0 0 0 0 0 0 0 0 0 0 0 0 0.2 0 0.2 0 0 0 0 0.8 0 0 1.8 0 0 0 0.2 0 0 0 0.4 8.8 0 0 0 0 0 0 0 0 0 0 0 0 0 0 0 0 0 0 0 0 0 0 4.800000000000001 2.6 2 2 0 0 1.6 6.2 0 3.8000000000000003 6.800000000000001 5 0 15.4 6 1.4000000000000001 0 0 0 4 0 0 0 0 0 0 0.4 0.2 0 0 0 0 0 0 0 0 0 0 0.4 0 0 0.2 0 0 0 0 0 0 0 0 0 0 0 0 0 0 0 0 0 0 0 0 0 0 0 0 0 0 0 0 0 0 0 0 2.8000000000000003 0 0 1 0 0.4 0 0 0 0 0 0 2 0 0 0 0 0 0 0 0 0 0 0 0 5.6000000000000005 0 0.6000000000000001 0 0 0 0 0 0 0 0 
 0 0 0 0 4.800000000000001 30.6 0 0 0 0 0 0 1.6 0 0.4 13 0 0 0 0.4 27.400000000000002 0 48.800000000000004 49 19 6.4 14.8 56.400000000000006 38.6 44.6 20.200000000000003 65.2 30.200000000000003 32.2 11.8 57.2 41.6 48.6 9.4 43.6 0 0 0.4 0 0 1 13.4 0.4 0 0 0.2 0 0 0 0 0 0.4 0 0 3.8000000000000003 0 0 0 0 0.4 0 0.8 0 0 0 0 0 0 0 0 0 0 0 0 0.4 0 0 0 0 1.6 0 0 0 0 0.4 0 0 0 0 0 0 0 0 0 0 0 2.2 11 2.6 0.2 5 3.2 5.4 5.6000000000000005 2 2.2 3.4000000000000004 4.4 0 0 2.4000000000000004 6.4 0 0 2 0 0 0 0 0 0 0 0 0 0 0 0 0 4 0 2.2 0 0 1.8 0 0 0 0 0 0 0 0 0.6000000000000001 0 0 1.6 0 0 0 0 3.2 0 0 0 0 0 0 0 0 0 3.8000000000000003 0 0 0 0 0 0 0 0 0 0 0 0 0 0 2.6 2.4000000000000004 2.6 0 2.4000000000000004 0 0 8.8 0 2.2 1.4000000000000001 0 0 2 4 0 3.8000000000000003 1.6 2.8000000000000003 18.2 0.2 0 0 2 0.4 0 0 0 0 0 0 0 0 0 4.4 0 0 0 0 0.4 0 0 0 0 0 0 0 0 0 0 0 1.8 0 0 0 0 0 0 0 0 0 0 0 0 0 0 0 0 0 0 0 0 0 0 2.4000000000000004 0 0 16.6 0 0 1.6 2.6 0 0 0 0 2 0 0 0 0 0 0 0 0 0 0 0 0 2.2 0 0 0 0 0 0 0 0 0 0 
 0.4 0 0 1.4000000000000001 0 13 0.2 0 0.4 0 0 0 0 0 0.4 0 0 0 0 0.6000000000000001 55.2 48.800000000000004 0 19.200000000000003 27.200000000000003 9.600000000000001 27.400000000000002 75.60000000000001 22.8 35.6 59.800000000000004 11.600000000000001 32.6 64.8 52.2 53.6 42.2 41.6 12 23.6 0 0 0 0 0 0.4 0 0.4 0 0 0.6000000000000001 0 0 0 0 0 0 1.2000000000000002 0.4 14.600000000000001 0 0 0 0 0.4 0 0 0 0 0 0 0 0 0 0 0 0 0 0 0 0 0 0 0 0 0 0 0 0 0 0 0 0 0 0 0 0 0 0.4 0 0 11.200000000000001 0 3 6 8.4 0 0 6.4 2 0.6000000000000001 0.8 3.2 5.2 0 3.6 6.6000000000000005 2.8000000000000003 0 2.6 0 0 0 0 0 0 0 0 0 0 0 0 0 8.8 0 1.6 0 0.4 2.2 0.2 0 0 0 0 0 0 0 1.2000000000000002 0 0 1.8 0 0 0 0 0 0 0 0 0 0.4 0 0 0 0 0.4 0 0 0 0 0 0 0.4 0.4 0 0 0.4 0 0 0 1.2000000000000002 0 5.6000000000000005 5 3 0 1.4000000000000001 11.200000000000001 5 2 2.6 1.2000000000000002 0 11 1.6 10 3.6 5.4 0 4.4 0 0 0 0 0 0 0 0 0 0 0 0 0 3 1.6 0 0 0 0.4 0 0 0 0 0 0 0 0 0 0 0 0 0 0 0 0 0.4 0 0 0 0 0 0 2.8000000000000003 0 0 0 0.4 0 0 0 0 2.6 0 0 0.2 0 0.2 31.200000000000003 0 0.2 0 4.4 0 0 0 0 0 0 0 0 0 0 0 0 0 0 0 0 0 2.4000000000000004 0 2.6 0 0 0 0 0 0 0 0 
 0 0 0 0 0 0 0 0.6000000000000001 0 0 0 0 0 0 0 0 0 0 1 0 10 49 19.200000000000003 0 50.6 30.200000000000003 14.600000000000001 25.400000000000002 60 13.600000000000001 46 45 14.600000000000001 64.60000000000001 11.4 17.8 4.4 44.800000000000004 18.400000000000002 12 12.4 0.6000000000000001 0 0 0.2 0.4 12.200000000000001 12 0 0 0.2 0.2 5.6000000000000005 0 0 14.4 1.2000000000000002 0 5.6000000000000005 0 0 0 0 0 0.4 0 0 0 0 0 0 0 10 0 0 0 0 0.2 0 0 0 0 0 0 0 0 0 0 0 0 0 0 0 0 0 0 0 0 0 0 0 0 2.6 7.4 2.6 0.2 0 0 0.2 6.800000000000001 15 5.2 0 0 0 2.4000000000000004 3.4000000000000004 3.8000000000000003 0 0 6.6000000000000005 4.2 0 0 0 0 6 6.800000000000001 1 0 1 0 9.600000000000001 4.800000000000001 0.4 0.2 6.800000000000001 2.2 6 8.6 0 0 0 0 0 0 0 0 0 0 0 0 0 0 0.2 0.2 0 0 0 0 0 0 0 2 0 0 0 0 0 0 0 1.2000000000000002 0 0 0.2 0 0.2 0 0 0 0 0 0 1.6 15.4 6.6000000000000005 0 0 4.6000000000000005 5 3.6 6.2 0 0 0 0.2 0.2 1.8 0 0 14.4 4.4 3.6 0 0 0 4.6000000000000005 2.8000000000000003 0 2.2 0 0 1.4000000000000001 0 2.2 3.6 0.4 1.6 1.6 3.6 0 0 0 0 0 0 0 0 0 0 0 0 0 0 0 0 0 0 0 0 0 0 0 0 0 0 0 0 0 0 0 0 0 0 1 0 0.4 2.8000000000000003 0.4 0.2 0.4 0 0 0 0 0 0 0 0 0 0 0 0 0 0 0 0 0 0 0 0 0 0 0 3 2.8000000000000003 0 0 0 0 
 0 0 0 0 0 0 0 0 0.2 0 0 0 0.2 0 0 0 0 0 14.8 0 7.2 19 27.200000000000003 50.6 0 56.400000000000006 10.200000000000001 47.800000000000004 56 54.6 31.8 30.200000000000003 20.8 31 40.6 50.2 4.2 11 29.8 14.200000000000001 1 0 0 0 0 0 1 15.600000000000001 12.4 0.4 0 0 13 12.4 0 0 13 0.8 29.200000000000003 13 0 0.8 0.2 0 0 0.6000000000000001 0.2 0 2.2 0.4 0.4 0.4 0 0 0 0 0 0.4 0 0.4 0.4 2 0 0 0 0 0 0 0 0 0 0 0 0 0 0 0 0.2 0 0 0 2.6 3.4000000000000004 9 2.2 5.4 0 0 9.4 3 6.6000000000000005 6.6000000000000005 0.4 0 0 9 3 2.2 0 0 6.4 2.4000000000000004 3 0 0 0 5.4 2.2 0 0 0 0 5.2 6.6000000000000005 0.2 0.6000000000000001 0.2 0 7 4 0 0 0 0 0 0.4 0 2.2 0 0 0 5.6000000000000005 0 0 0 0 0 0 0.2 0 0 0.4 0.4 0 0 0 0 0 0 0.4 0 0 0 0 0 0 0 0 0 0 1.2000000000000002 0.2 0 2.4000000000000004 4.4 1.4000000000000001 0 0.4 7.4 3.4000000000000004 0.6000000000000001 4.800000000000001 0 0 0 4.800000000000001 10 5.6000000000000005 0 0 3.6 0 2.8000000000000003 0 0 0 3.8000000000000003 0 3 2.4000000000000004 0 0 6.6000000000000005 2.6 1.6 5.6000000000000005 0 0 0 2 0 2 0 0 0.4 0 0 0 0 0 0 0 1.8 0 0 0 0 0 0 0 0 0 1.8 0 0 0.2 0 0 0 0 0 0 0 0 2 0.6000000000000001 0.4 0 1.4000000000000001 1.4000000000000001 1 0 0 0 0 0 0 0 0 0 0.2 0 0 0 0 0 0 0.2 0 0 0 5.6000000000000005 0 0 0.8 2 0 0 0 0 
 0.4 0 0 0 0 0.2 0 0 0.8 0 0 0 0 0.2 0 0.2 0 0.6000000000000001 0.6000000000000001 0.6000000000000001 6.4 6.4 9.600000000000001 30.200000000000003 56.400000000000006 0 49.2 21.400000000000002 25.8 13.4 15.600000000000001 53.800000000000004 8 11.600000000000001 53.6 25 10.200000000000001 13.600000000000001 8.4 13.200000000000001 17.400000000000002 0 3 0 0 0.6000000000000001 12.4 17.8 0 0 0 1 6.800000000000001 12.8 10.600000000000001 4.4 0 0 18.400000000000002 16.2 0 0.2 0 0 0.4 0 0 0 0 0.4 0 0 0 10.600000000000001 0 0 0 1.8 0 0 0 0 0 0.4 0 0 0 0 0 0 0 0 0 0 0 1.6 0 0 0 0 0 0 5.4 1.8 0.8 3 0 0 0.4 0 1.4000000000000001 6.6000000000000005 0 0 0 2.8000000000000003 1.8 0 0 0 0.2 10.200000000000001 1.8 0 3 0 10.600000000000001 0 1.6 0 1.4000000000000001 2 1 15 4.2 3.6 5.6000000000000005 2.6 4.2 2.4000000000000004 0 0 0 0 0.2 0 0 0 0 0 0.4 0 0 0 1 0 0 0 0 0 0 0 0 0 0 0 0 0 0 0 0 0 0 0 0 1.6 0.2 0 0 0 0 0 0 2 5 1.6 0 0 1.8 7.4 1.8 4.4 0 0 0 0 0 3 0 0 3.6 2.2 5.6000000000000005 0 0 0 2.6 2.2 3.6 0.6000000000000001 0 0 7.800000000000001 0.4 2.6 5.2 2.6 1.4000000000000001 5.6000000000000005 4.2 0 0 0 0.2 0 0 0 0 0 0 0 0 0 0 0 0 0 0 0 0 0 0 0 0 0 0 0 0 0 0 0 0 0 0 2.8000000000000003 0.2 0.2 15.8 15.8 0.8 0 0 0 0 0 0 0 0 0 0 0 0 0 0 0 0 0 0 0 0 0 0 0 0 3 0 0 0 0 0 
 0 0 15 16.2 29.8 40.6 0 0.4 0 5.4 30.8 11.8 0.4 0 41.400000000000006 15 14.8 16.400000000000002 0.4 1 26.6 14.8 27.400000000000002 14.600000000000001 10.200000000000001 49.2 0 39 10.4 21.400000000000002 5.6000000000000005 9.4 47 12.4 5.800000000000001 5.2 15.200000000000001 20.8 10.200000000000001 25.200000000000003 0 0 0 0 0 0.6000000000000001 0 0.4 0 13 0.2 0.2 0 0 0 0 0 0 0 0 0 0 0.4 0 3.8000000000000003 0 0 0 0 0 1.4000000000000001 0.6000000000000001 0 0 0 0 0 0 0 0 0 0 0 3.2 2.4000000000000004 0 0 0 0 0 0 2.4000000000000004 0 0 0 0 1.4000000000000001 2.6 0 0 6.2 0 7.6000000000000005 0 0 0 5.4 7.6000000000000005 0.4 0.2 0.8 0 0 4.2 3.6 0 0 3.4000000000000004 7 2.6 0 0 0 0 0 0 0 0 0 0 0 0 0 0 0 0 0 0 0 0 0 0 0 0 0 0 0 0 0 0 0 0 0 0 0 0 0 0 0 0 0 0 0.2 0 2.4000000000000004 1.8 0 0 0 0 3.6 0.2 0 0 0 0 0 0 0 0 2.4000000000000004 1.4000000000000001 5 0 0 0 2.2 0 0 0 0 0 3.4000000000000004 6 7.2 1.4000000000000001 0.2 0 0 2.6 0 0 0 0 0 0 0 0 0 0 0 0 0 0 0 0 0 0 0 0 0 0 0 0 0 0 0 0 0 0 0 0 0 0 0 0 0 0 0 0 0 0 0 0 0 0 0 0 14.600000000000001 0 0 0 0 0 1.6 0 0 0 0 0 0.4 0.4 0 0 0 0 0 0 0 0 0 0 0 0 0 0 1.6 0 0 0 0 1 0 0 0 0 0 0 0 0 
 0 0 0 0 0 29.8 0 0 0.6000000000000001 0 0 0 0.8 0 0 0 0 7.4 0.4 0 21.200000000000003 56.400000000000006 75.60000000000001 25.400000000000002 47.800000000000004 21.400000000000002 39 0 54.400000000000006 41.2 10 23 45.6 35.4 11.4 78.60000000000001 9.200000000000001 40 11.200000000000001 86.60000000000001 0 0 0 0 0 0.4 0 0.4 0 0 0.4 0.2 0 0 0 5 0 0.4 0 0 0 1.6 0 0 0.4 0 0.4 0 0 0 0 0 0.4 0 6.6000000000000005 0 0 0 0 10 0 0 0 0 8 0.4 0 0 0 0 0 0 0 0 0 0.4 0 0 0 0 0.2 0 2 3.4000000000000004 4.6000000000000005 0 5 2.8000000000000003 6.2 13.600000000000001 6.800000000000001 0.2 2.2 2.6 0 10 0.6000000000000001 8.200000000000001 0 1 10 0 0 0 0.4 0.4 0 0 0 0 0.2 0 2 0 0 0.2 0 0 1.6 0 0 0 0.4 0 0 0 0 0 0 0 0 0 0 1 0 0 0 0 0 0 0 0 0 0 0 0 0 0 0 0.4 0 0 0 0 0 0 0 0 0.4 0 0 0 4.4 0.4 4.6000000000000005 0 0 4.2 2.6 0.8 3.6 0 0.2 5.800000000000001 9.8 4.6000000000000005 2.4000000000000004 3.8000000000000003 0 5 0 0 0 0 0 0 0 0 0 0 0 0 0 4.2 0 0 0 0 0 0 0 0 0 0 1.2000000000000002 0 0 0.2 2.4000000000000004 0 0 2.8000000000000003 0 0 0 0 0 0 0 0 0 0 3 0 0 0 0 0 0.4 0 0 1.6 0 0 1.4000000000000001 0 0 8 0 0 1.4000000000000001 0 0 0 0 0 1.8 0 0 0 0 0.4 0 0 0 0 0 0 0 3 0 4 0 0 0 0 0 0 0 0 
 0 0 0 0.4 0 0 0.4 0 0 0 0 0 0 0 0 0 0 0 0 0 23 38.6 22.8 60 56 25.8 10.4 54.400000000000006 0 36.800000000000004 73.2 24 66.2 53.2 51.6 46.2 10 24.8 19.200000000000003 30.8 0 0.8 0 0 0 13.200000000000001 3.8000000000000003 0.4 0 0 0.2 0 12.600000000000001 0 0 0 0 0 12.4 12.600000000000001 0 0 0 0 0.4 0 0.6000000000000001 0 0 0 0 0 0 0 0 0 0 0 0.4 0 0 0 0 0 0 0 0 0 0 0 0 0 0 0 0 0 0 0 0 0 0 3.6 3 8.200000000000001 4.800000000000001 2.6 0 0 21.6 0 4.800000000000001 4.2 0 0 0 12.200000000000001 6.800000000000001 2.6 0 0 2.6 0 0 0 0 0 2.2 0 0 0 0 0.4 1.2000000000000002 2.8000000000000003 0 0 2.2 0 5.2 3.2 0 0 0 0 0 0 0 1.2000000000000002 0 0 0 0.4 0 0 0 2.8000000000000003 0 0 0 0 0 0 0 0 0 0 0 0.2 0 0.4 0 0 0 0 0 0 0 0 0 0 2 3 0 7.6000000000000005 6.4 0.8 0 0 3 6.2 8 2.8000000000000003 0 0 1 5 3 10.600000000000001 0 0 5.4 0 0 0 0 0 3.4000000000000004 0 0 0 0 0 2.2 6.800000000000001 1.2000000000000002 0 0 0 6.4 8.8 0 0 0 0 0 0 0 0 0 0 0 0 0 0 0 0 0 0 0 0 0 0 0 0 0 0 0 0 0 0 0 0 0 2.2 1.6 0 0 15.600000000000001 0 0 0.2 0 0 0 0 0 2.4000000000000004 0 0 0 0 0 0 0 0 0 0 0 0 0 0 3.2 0 0 0 0.2 2.8000000000000003 0 0 0 
 0.4 0 15 0 0 25.200000000000003 0 0 0.6000000000000001 0 0 0 40 0.2 0 0 0 0 0 0 63.800000000000004 44.6 35.6 13.600000000000001 54.6 13.4 21.400000000000002 41.2 36.800000000000004 0 20.6 10.4 29 66.4 32.6 26.400000000000002 42 46.400000000000006 37.800000000000004 99 0.6000000000000001 0 0 0.2 0 1 0.4 0.8 1 0 0.8 0.4 0 0 0 0.6000000000000001 0 0.6000000000000001 0.6000000000000001 0.6000000000000001 0 0 0.2 0.4 0.4 0 0 0 0.4 0.2 0 0 0 0 0 0 0.2 0 0 0 0 0 0 0 2.6 0 0 0 0 0 0 0 0 0 0 0 2.4000000000000004 0 0.4 0 0 0 0 0 0 0 4.4 3.6 2.4000000000000004 4 2.4000000000000004 0 3.4000000000000004 9.600000000000001 4 2.6 2.2 5.6000000000000005 0 2.4000000000000004 0 0 1.6 0 0 0 0 0 0 0 0 0 0 0 0 0 0 0 0 0 0 0 0 0 0 0.6000000000000001 0 0 0 0 0 0 0 0 0.2 2.6 0 1.6 0 0 0.4 0 0 0 2.2 0 0 0 0 0 0 0 0.4 0.4 0 0 0.4 0 0 0 0.4 3.8000000000000003 3.8000000000000003 3.8000000000000003 0 0 2.4000000000000004 2.4000000000000004 0.4 4.2 5 1.8 0 7.800000000000001 6.2 0 2.6 0 0 10.600000000000001 0 0 0 0 0 0 0 0 0 0 0 0 0 0 0 0 0 0 0 0 3.8000000000000003 0 0 0 0 0 0 0 0 0 0 0 0 0 0 0.4 0 0 0 0 0 0 0.2 0 0 0 0 0.2 0 0 0 0 0 0 0.4 0 0 15.200000000000001 0 0 1.6 0 0 0 0 0 0 0 0 0 0 0 0 0 0 0 0 0 0 0 0 0 0 0 0 0 0 0 0 0 
 0 0.4 0 0 0 0 0 0 0 0 0 0 0 0.4 0 0 0 0 11.8 0 32.2 20.200000000000003 59.800000000000004 46 31.8 15.600000000000001 5.6000000000000005 10 73.2 20.6 0 27 50 21.8 63 21.8 48.2 73 50.6 31 12.8 0.8 0 0 0 0.4 17.400000000000002 0.4 0 0 0.4 0 0 0 0 6.800000000000001 0 0 0.2 16.6 0 0 0 0 0.4 0 0 0 0 0 0 8.6 0 0 0 0 0 0 0 0 0 0 0 0 0 0 0 0 0 0 0 0 0 0 0 0 0 0 0 0.2 0 4.6000000000000005 0 14 4.800000000000001 2 0 0 1.2000000000000002 2.4000000000000004 6.800000000000001 2 0 1.8 0 0 2 10.600000000000001 0 0 6.800000000000001 0 0 0 0 0 0 5 0 0 0 0 3.4000000000000004 1.6 0 0 0 5 1.8 2.8000000000000003 0 0 0 0 0 0 0 0 0 1.2000000000000002 0 0 0.2 0 0 0.8 0.4 0 0 0 0 0 0 0 0 0 0 0 0 1.2000000000000002 0 0 0 0 0 0 0 0 0 0 0 5 0 0 5.800000000000001 5.2 0 3.6 2.2 4 2 8.6 0 0 0 0 0 3 0 0 10.200000000000001 0 0 0 0 0 4.2 4 0 0.8 0 0 0 0 3.8000000000000003 3.6 0 2.2 10.600000000000001 2.2 0 0.2 0 0 0 0 0 0 0 0 0 0 0 0 0 0 0 0 0 0 0 0 0 0 0 0 0 0 0 0 0 0 0 0 0.8 0.4 0.8 0 0 1 1 12.200000000000001 0 0 0 0 0 0 0 0 0 0 0 0 0 0 0 0 0 0 0 0 0 0.2 3.2 3 0 0 0 0 
 0 0 0 0 0 0 35 12.8 1.2000000000000002 0 0 0 0.4 0 15.4 0.4 0 41.6 0 0.6000000000000001 13.200000000000001 65.2 11.600000000000001 45 30.200000000000003 53.800000000000004 9.4 23 24 10.4 27 0 24 9.4 38.800000000000004 22 25.6 35.2 13 8.6 12.600000000000001 0.8 0 0 0 0.4 25.400000000000002 5.2 0.4 0 0.4 0 0 0 0 0 0 0 0 18.8 0 0 0 0 0.4 5 0.4 0 0 0 0 0 0 0 0 0 0 0 0 0 0 0 0.2 0 0 0 0 0 0 0 0 0.2 0.2 0 0 0 0 0 0 2.6 0 4.800000000000001 0 13.8 4.2 10.4 0 0 1.4000000000000001 3.4000000000000004 1.8 0 0 0 0 3.4000000000000004 0 3 0.4 0 1.6 4.800000000000001 0 0 0 0 0 7.800000000000001 0 0 0 4 6 3.2 2.2 0.2 6.6000000000000005 2.6 5.2 4.2 0 0 0 0 0 0 0.4 0.8 0 0 0 0 0 0 0 0 0 0 0 0 0 0 0 0 0 0 0 0 0 0 0 0.2 0 1.6 0 0 1.2000000000000002 0 0 0 1.2000000000000002 0 0 2.6 8 2.4000000000000004 0 0 0 0 0 0.4 0 0 0 4.6000000000000005 0 4.6000000000000005 0 0 5.4 0.2 2 4.6000000000000005 0 0 2.4000000000000004 6.4 0 0 3 0 2 5.2 4.6000000000000005 0 2.4000000000000004 1.2000000000000002 2.2 4.4 0 0 0 0 0 0 0 0 0 0 0 0 0 0 0 0 0 0 0 0 0 0 0 0 0 0 0 0 0 0 0 0 0 0 2.4000000000000004 0.4 0.2 0.4 15 0.4 1.2000000000000002 0.2 0 0 0 0 0 0 0 0 0 0 0 0 0 0 0.4 0 0 0 0 0 0 0 2.6 0 0 0 0 0 
 0 0 16.2 14.8 48.2 30.8 0 15 14.600000000000001 0 31.200000000000003 8.8 0 0 0 0.2 16 10.200000000000001 0.6000000000000001 0 6.6000000000000005 30.200000000000003 32.6 14.600000000000001 20.8 8 47 45.6 66.2 29 50 24 0 123.80000000000001 8 24 21.400000000000002 9.600000000000001 58 15 0.4 0 40.400000000000006 0 1.6 41.400000000000006 0 0.4 5.2 0.4 0.8 41.6 0 0.2 0.6000000000000001 0.6000000000000001 40.800000000000004 0.2 40.400000000000006 0 0 0 0 0.4 1.8 0.6000000000000001 0 0 0 0.8 0.6000000000000001 0.8 0 0 0 1 0 0 0.4 0 0 3.2 0.4 6.6000000000000005 0 4.2 0 0 0 0 1.8 4 0.2 0 0 0 3 0.6000000000000001 0 0 7.2 1 1.6 0 0 0 0.6000000000000001 14.600000000000001 0.2 0 0 1.4000000000000001 2.2 2.4000000000000004 8.200000000000001 0.2 0 0 9.4 0 0 0 0 0 0 0 0 0 0 0 0 0 0 0 0 0 0 0 0 0 0 0 0 0 0 0.2 0 0 0 0 0 0 0 1 0 0 0 0 0 0 0 0 1.6 0 0.2 4.800000000000001 0 0 0 0 0 0 0 0 0 0 0 0 0 0.8 6.4 5.6000000000000005 4.4 2.2 0 0 4.800000000000001 4.2 0 0 0.2 0 4.4 5.2 3.4000000000000004 1.8 9 0 5.4 0 0.2 0 0.2 0 0.6000000000000001 0 0 0 0 0 0 0 0 6.2 0 0 0 0 0 0 0 0 0 0 0 0 0 0 0 0.4 0 0 0 0 0 0 0 0 0 0 0 0 0 0 0 0 0 0 19.6 0 0 0 0 0 0.4 0.4 0 0.2 0 0.6000000000000001 0.6000000000000001 0 0 0 0 0 0 0 0 0 0 0 0 11.600000000000001 0 3.4000000000000004 3 0 0 0 0 1.8 0 0 0 0 0 0 0 0 
