 0 52.2 37.6 31.200000000000003 61.2 7.6000000000000005 40.400000000000006 49.800000000000004 18.2 30 27 5.800000000000001 69 61.800000000000004 33.800000000000004 25 28.8 26.6 6.800000000000001 12.8 0 0.6000000000000001 0.2 1 0 0 0.6000000000000001 0 0.6000000000000001 0 0.4 0.8 0.6000000000000001 0.4 0 0.4 0 0 1 1 0 0.6000000000000001 0 1.2000000000000002 0.6000000000000001 0.6000000000000001 0 0.4 0 0 0.6000000000000001 0 0 0.6000000000000001 0.6000000000000001 0 0 0.4 0.6000000000000001 0.6000000000000001 0.6000000000000001 0 0.6000000000000001 0 0.6000000000000001 0 0.6000000000000001 0.4 0 0.6000000000000001 1.6 10.600000000000001 0.4 0.6000000000000001 0 0 0 0 0 2.2 6 6.6000000000000005 6 0 0 0 0 3.4000000000000004 5.6000000000000005 16.6 4.6000000000000005 4.2 0 10.4 2.2 6.4 4.6000000000000005 1.4000000000000001 5 5.2 0 0 0 0 0 0 0 0 0 0 0 0 5.6000000000000005 0 0 0 0 0 0 0 0 3.6 0 0 0 0 0 0 0 0 0 0 0 0 0 0 0 0 0 0 0 0 0 0 0 0 0 0 0 0 0 0 0 0 0 0 0 0 0 0 6.4 6.800000000000001 8 1.2000000000000002 0 2.4000000000000004 2.6 2.4000000000000004 3 3.8000000000000003 0 2.8000000000000003 0 6 1 9.8 0 3.2 2.8000000000000003 0.6000000000000001 0 0 0 0 3.8000000000000003 0 0 0 0 0 0 0 2 0 0 0 0 0 0 0 0 0 0 0 0 0 0 0 0 0 0 0 0 0 0 0 0 0 0 0 0 0 0 0 0 0 0 0 0 0 0 0 0 0 0 0 0 0 0 0 0 3.4000000000000004 0 0 0 0.6000000000000001 0 0.4 0.6000000000000001 0 2.8000000000000003 7.6000000000000005 0 0 0 0 0 0 0 0 0 0 0 0 0 0 0 0 0 0 0.4 0 0 0 0 0 2 0 0 0 0 0 0 0 0 0 0 0 0 0 
 52.2 0 24 47.800000000000004 10.4 22.8 53.400000000000006 66.2 53.6 8.6 104.60000000000001 49 67.2 60.2 39 92 101.60000000000001 46.400000000000006 10.4 55.400000000000006 0 0 0.2 0 0 0 0.4 0 0.6000000000000001 0 0.4 0 0 0 0 0 0.2 0 0.6000000000000001 1.4000000000000001 13.8 0 0 1 1.2000000000000002 12.8 0 0.4 0 0.6000000000000001 0 0.6000000000000001 0 0 0.4 0.6000000000000001 0 0 0.6000000000000001 1 0 0 0.4 0 0.6000000000000001 0 0.6000000000000001 1 0.6000000000000001 0.2 0.4 0.6000000000000001 1 0 0 0 0 0 0 0.6000000000000001 2.6 4.4 1.2000000000000002 0 0.2 4.4 8.200000000000001 7.6000000000000005 4.800000000000001 8.4 3.4000000000000004 14.600000000000001 2.8000000000000003 2.2 0.6000000000000001 1.2000000000000002 3.2 6.6000000000000005 1.6 1.2000000000000002 0 0 3.2 2.2 0 0 0 0.6000000000000001 0 0 0 0 2.8000000000000003 0 0 0 0 0 2.8000000000000003 2.8000000000000003 0 0 0 0 4.2 0 0 0 0 0 0 0 0 3.2 0 0 0 0 0 0 0 1.2000000000000002 0 0.2 0 0 0.4 0 0 0 0 0 0 0 0 0 0 0 0 2.4000000000000004 0 2.2 1 0 0 2.8000000000000003 0 4.4 5 5.6000000000000005 3.2 12.200000000000001 0.2 2.4000000000000004 1.4000000000000001 10 0 3 2.2 0 0.2 0 0 0 0 0 1.6 2 0 0 0 0 2 0 0 0 0 0 0 3.8000000000000003 0 0 0 0 0 0 0 0 0 0 0 0 0 0 0 0 0 0 0 0.4 0 0 0 0 0 0 0 0 0 0 0 0 0 0 0 0 0 0 0 2 0 2.2 0 0 0 0 4.800000000000001 0 0.4 0 3 1.2000000000000002 0 0 0 0 0 0 0 0 0 0 0.2 0 0 0 0.4 0 0 0 0 0 0 0 0 0 0 0 0 0 0 0 0 0 0 0 0 0 0 0 
 37.6 24 0 96.4 9.8 79.80000000000001 11.4 29 49.2 33 5.800000000000001 17.8 52.6 48.400000000000006 49 22 54 28.6 66.60000000000001 52 0 0.4 0 0 0 0.2 0.2 15 0 0 0.6000000000000001 0 0.6000000000000001 0.6000000000000001 0 0 0 0 0 4.800000000000001 0 0.6000000000000001 0 0.6000000000000001 0.6000000000000001 0.6000000000000001 0 1 0 0.2 0 0 0 0 0.4 0 0 0 0.4 0.6000000000000001 0 0 0 0 0.6000000000000001 0 0.6000000000000001 0.4 0 0 0 0.6000000000000001 0.4 0 0.4 0.8 0 0 0 0.6000000000000001 0 9.4 6.2 4.2 1.8 2.8000000000000003 2.2 0 0 4 1.8 3.8000000000000003 0 2.8000000000000003 4 5.2 3 1.8 0 1.2000000000000002 0 0 0 0 0 0 2 0 0.4 0 0 0 2.4000000000000004 0 0 0 0 0 0 3.2 0 0 0 0 0 0 0 0 0 0 0 0 0 0 0 0 0 0 0.8 0 0 5.4 0 0 0 0 0 0 0 0 0 0 0 0 0 0 0 0 0 0 8.200000000000001 1.6 1.8 2 0 5.6000000000000005 0 8.8 0.8 11.8 1.2000000000000002 3.4000000000000004 5.800000000000001 0 0.2 0 13.4 5.4 2.2 2.6 4.2 0 0.4 0 0 0 5.2 0 2 0 0 0 0 0 0 0 0 0 3.8000000000000003 7.800000000000001 0 0 0 0 0.4 0 0 0 0 0 0 0 0 0 0 0 3.8000000000000003 0 0 0 0 0.2 0 0 0 0 0 2.2 0 0 0 2.2 0 0 0.4 0 0 0 0 0.4 0 0 0 0 0 0 0.4 0 0.8 0 0.2 3.4000000000000004 0 0 0 0 0 0 0 0 0 0 0 0 0 0 0 0 0 0 0 0 0 0 0 2.6 6.4 0 0 0 0 0 0 0 0 0 0 0 0 0 
 31.200000000000003 47.800000000000004 96.4 0 33.800000000000004 50.2 19 46.6 37.2 78 34.800000000000004 24.6 14.8 81 78.80000000000001 51.800000000000004 15.8 45 15 13.600000000000001 0 0 0 0 0 0 12.600000000000001 0 0 0 0.2 0 0 0 0 0 0 0 29.8 15.200000000000001 0 0 0 0.6000000000000001 0.6000000000000001 0.8 0 0.4 0 0 0 0 0.6000000000000001 0 0.2 0 0 0.4 0.6000000000000001 0.6000000000000001 0 0.4 0 0 0.6000000000000001 0 0.6000000000000001 0.4 0 0.6000000000000001 0 0.6000000000000001 0.4 0 0 0 0 0 0 0.6000000000000001 0.2 2 0 6.4 2.4000000000000004 2 2.2 0 5 0.4 7.2 12 0 2.8000000000000003 0 0.2 10 4.6000000000000005 1.2000000000000002 3.8000000000000003 0 3.2 0 0 0 0 2 0 0 0.4 0 0 8.8 2.4000000000000004 0 0 0 0 0 7 0 0 0 0 0 0 0 0 0 0 0 0 0 0 0 0 0 0 0 0 0 0.4 0 0 0 0 0 0 0.4 0 0 0 0 0 0 0 0 0 0 1 0 0 0 3.2 10 0.2 0 7.2 0 0 4.2 2.8000000000000003 0 0.4 0 0.8 0.6000000000000001 0 0.2 0 0.2 0 0 0 0 0 3.4000000000000004 1.4000000000000001 0 0 0 0 0.8 0.4 0 0 0 2.4000000000000004 3.2 5 0 2.4000000000000004 0 0 0 0 0 0 0 0 0 0 0 0 0 0 0 0 0 0 0 0 0 0 0 0 0 0 0.2 0 0 0 2 0 0 0 0 0 0 0 0 2 0 0 0 0 0 0.4 0.2 17.2 0.4 1.8 0 0 0 0 0 0 0 0 0 0 0 0 0 0 0 0 0 0 0 0 0 0 0 2.4000000000000004 2.2 0 0 0 0 0 0 0 0 0 0 0 0 0 
 61.2 10.4 9.8 33.800000000000004 0 11.4 7.6000000000000005 28.400000000000002 53.6 33 33.800000000000004 52.400000000000006 59.2 16.8 41 12.8 9.600000000000001 9 11.200000000000001 17.2 0.6000000000000001 0 6.800000000000001 0 0.4 0.6000000000000001 0.6000000000000001 15 1.2000000000000002 0.2 0.4 0 15.4 15 29.8 0 0 15 0 0.4 0 0 0 1 0.6000000000000001 13.4 0 0.8 0 0 0.4 0 0.4 0 0.4 0 0 0.2 0.6000000000000001 0.6000000000000001 0 0 0 0 0.6000000000000001 0 0.6000000000000001 0.4 0.4 0.8 0 0.6000000000000001 1 0 0 0.4 0 0 0 0.8 0 3 0 2 2.2 2 0 0 3.6 0 1.4000000000000001 2.8000000000000003 0 3.4000000000000004 0 2.2 5.4 8 0.2 0 0 2.8000000000000003 3 0 0 0 0.4 2.4000000000000004 2 3 0 0 0 0 4.800000000000001 1.8 2.4000000000000004 0 2.6 5 0 0 0 0 0 0 0 0.4 0 0 0 0 0 0 0 0 0 0.4 0 0 0 0 0 0 0 0 0 0 0 0 0 0 0.2 0 0 0 0.2 0 0 2.2 0.2 2 0 0 1.6 3 0 0.6000000000000001 0 2 1.8 0 0 1.8 2 0 0 4.800000000000001 0 0 2.8000000000000003 2.2 4.6000000000000005 0 0 0 2.6 0.2 1.4000000000000001 0 0 0 3.2 11 0.2 1.6 1 1 5.4 2.2 0.4 3.4000000000000004 0 0 0 0 0 0 0 0 0 0 0 0 0 0 0 0 0 0 0 0 1 0 0 0 1.4000000000000001 0 0 0 0 0 0 0 0 0 0 0 2 0 0 0.2 0 0 0 0.2 17.2 0.6000000000000001 0.6000000000000001 1.4000000000000001 0 2 0 0 0 0 0 0 0 0 0 0 2 0 0 0 0 0 0 0 0 0 0 0 0 0 0 0 0 1.4000000000000001 0 0 0 0 0 0 1.6 0 0 0 
 7.6000000000000005 22.8 79.80000000000001 50.2 11.4 0 7.4 20.200000000000003 7 10.200000000000001 37.4 41.6 7.2 72.2 32.4 33.800000000000004 29.6 26.400000000000002 8.6 10.4 7.4 0 1.2000000000000002 0 0 0.2 17 0 0 0 0.4 0 3 0 0 0 0.2 0 43.800000000000004 16.2 0 0 0 1 0.6000000000000001 1 12.600000000000001 0.4 0 0 0 7.800000000000001 0 0 0.4 0 13 0.8 0.4 0.6000000000000001 0 0 0 13 0.6000000000000001 0 0.6000000000000001 0.4 0 0 0 0.6000000000000001 0.4 0 0 0 0 0 0 1 0 1.8 3.6 1.6 2.4000000000000004 4.4 0 0 2 0 3.4000000000000004 0.2 2.6 0 0 6.6000000000000005 4 9.8 0 0 0.4 2.4000000000000004 1.4000000000000001 2 0 0 2.2 0 1.2000000000000002 0 0 0 1.8 0 8.200000000000001 2.8000000000000003 4.6000000000000005 0 4 4.6000000000000005 0 0 0 0 0 0 0 0.4 0 0 0 0 0 0 0 0 1.2000000000000002 0 0 0 0 0 0 0 0 0 0 0 2.4000000000000004 0 0 0 0 0 0 0.4 0 0 0 0 0 0 0 0 2.2 1.2000000000000002 2 2 0 3.8000000000000003 2.4000000000000004 2.6 0 0.2 0 0 1.6 0.4 0 0 0 0 1 0 2.8000000000000003 0 2.8000000000000003 5.800000000000001 3.2 0 0 0 1.8 0 6.800000000000001 5.6000000000000005 0 0 0 8.4 0 0 0 0.2 0 0 0.4 0 0 0 0 0 0 0.2 3.2 3.6 0 0 0 0 0 0 0 0 0 0 2.4000000000000004 0 0 0 0 0 0 0 0 0 0.2 0 0 0 0 0 0 0 0 1.8 0.2 0 0.6000000000000001 1 0.2 3.2 0 0 0 3.8000000000000003 0 0 0 0 0 0 0 0 0 0.4 0 0 0 0 0 0 0 0 0 1.4000000000000001 3.6 0 0 0 0 0 0 0 0 0 0 0 0 0 
 40.400000000000006 53.400000000000006 11.4 19 7.6000000000000005 7.4 0 33.4 31.8 8.4 9.8 8.200000000000001 37.800000000000004 31.200000000000003 69.4 5.4 24.400000000000002 14 48.6 28.8 0.4 0 0 0 0 4.6000000000000005 0 0 0 0 0.4 0.2 0 0 0 0 0 0 0 0.6000000000000001 0 0.8 0 0.6000000000000001 1.2000000000000002 0.6000000000000001 0 0.4 0 0 0.6000000000000001 0 0 0 0 0 0 0 0.8 0.6000000000000001 0 0 0 0 0.6000000000000001 0 0.6000000000000001 0.4 0 0 0.2 0.6000000000000001 0.4 0 0 0 0 0 0 0.8 11.8 2 4.4 0.2 0 0 7.800000000000001 3.6 1.2000000000000002 10 0 7.4 4.2 4.4 3.8000000000000003 0 0 0 0 12.4 0 0 0 0 0 0 0 0 0 0 0 0 0 0 0 0 0 0 0 0 0 0 0 0 0 0 0 0 0 0 0 0 0 0 0 0 0 0 0 0 0 0 1.4000000000000001 0 0 0 0 0 0 0 0 0 0 0 0 0 0 0 0 0 3.8000000000000003 0 8.200000000000001 0 3.2 0 1 6.2 7.6000000000000005 2.2 0 0 5.2 1.4000000000000001 0 5.800000000000001 4.4 3 11 6.6000000000000005 0 0 0 0 0 0 0 0 0 0 0 2.6 0 0 1.2000000000000002 0 0 0 0 0 0 0 0 0 0 0 0 0 0 0 0 0 0 0 0 0 0 0 0 0 0 0 0 0 0 0 0 0 0 0 0 0 0 0 0 0 0 0 0 0 0 0 0 0 0 0 0.2 0 0 0 0.2 3.2 0 0 0 0 0 0 0 0 0 0 0 0.4 0 0 0 0 0 0 0 0 0 0 0 3.4000000000000004 0 0 0 0 0 0 0 0 0 0 0 0 0 0 
 49.800000000000004 66.2 29 46.6 28.400000000000002 20.200000000000003 33.4 0 13.8 10.8 58.2 49.6 62.2 37.4 24.200000000000003 22.6 41.800000000000004 8.4 12.600000000000001 98.4 0.2 0 0 0 0 0 0 0 0 0 0.4 0 0 0 0 0 0 0 0 0.8 0 0.2 0 0.6000000000000001 0.6000000000000001 13.8 0 0.4 0 0 0 0 0 0 0 0 0 0.4 0.6000000000000001 0.6000000000000001 0 0.2 0 0.4 0.6000000000000001 0 0.6000000000000001 0.4 0.2 0.4 0 0.6000000000000001 0.4 0 0 0 0 0.6000000000000001 0 0.6000000000000001 3.8000000000000003 0.4 3 0 0.4 0 3.6 1 3.6 4 8 3.6 2 13.8 10 4.2 3.6 3 0 7 0 0 0 0 0 0 0 0 0 0.2 0 0 2.2 0 0 0 0 0 0.4 0 0 0 0 0 0 0 0 0 0 0 0 0 0 0 0 0 0 0 0 0 0 0 0 0 0 0 0 0 0.2 0 0 0 0 1 0 1.6 0 0 0 3.2 0 3.6 1.6 0.4 0 2.6 0 5.800000000000001 2.8000000000000003 3.4000000000000004 0 0 0.4 0 4 5.800000000000001 0 6.6000000000000005 0 2.4000000000000004 0 0 0 0 0 0 0 0 0 0 0 0 0 0 0 0 0 0.2 0 2.6 0 3.8000000000000003 1.8 0 0 0 0 0 0 0 0 0 0 0 0 0 0 0 0 0 0 0 0 0 0 0 0 0 0.4 0 0 0 0 0 0 0 0 0 0 0 0 0 3 0 0 0 17.2 0 0.4 0 2.2 2.8000000000000003 0 0 0 0 0 0 0 0 0 0 0 0 0 0 0 0 0 0 0 0 0 0 0 0 1.4000000000000001 0 0 0 0 0 0 0 0 0 0 0 0 0 
 18.2 53.6 49.2 37.2 53.6 7 31.8 13.8 0 35.6 87.60000000000001 38.400000000000006 22.200000000000003 71.4 28 48.800000000000004 28.200000000000003 52.800000000000004 18.6 32 0 0.2 0.4 0 0 0 0.2 0.2 0 0 1 0 0 0 0 0 0 0.4 14.8 16.400000000000002 0 0 0 0.6000000000000001 0.6000000000000001 1.4000000000000001 0 0.4 0 0 0 0 0 0.2 0 0 0 0.4 0.6000000000000001 13.600000000000001 0 0.4 0 0 0.6000000000000001 0 0.6000000000000001 0.4 0 0.6000000000000001 0 0.6000000000000001 0.4 0 0 0 0.4 0 0 0.6000000000000001 0 6.6000000000000005 5.800000000000001 8 0 0.6000000000000001 2.8000000000000003 3 3.8000000000000003 2.6 4.6000000000000005 6 0 2.6 2 2.4000000000000004 7.6000000000000005 0 0 1.8 0 2 0 0 0 0 4.6000000000000005 2.4000000000000004 0 0 0 0 2.4000000000000004 0 2.2 0 0 1.4000000000000001 0 0 0 0 0 0 3 0 0 0 0 0 0 0 0 3.4000000000000004 0 0 0 0 0 0 0 0.4 0 0 0 0 0 0 0 0 0 0 0 0 0 0 0 0 0 0.2 4.800000000000001 0 0 1 8 1.6 0 2.6 1.4000000000000001 0.4 2 6.6000000000000005 2.6 0 0 0 0.6000000000000001 4.4 0.2 0 0 0 0 0 0 0 0 0 1.8 0 0 0 0 2.4000000000000004 0 0 0 0 8.6 0 0 2.6 0 0 0 0 1 0 0 0 0 0 0 0 0 0 0 0 0 0 0 0 0 0 0 0 0 0 0 0 0 0 0 0 0 0 0 0 0 0 0 0 0 0 0 0 5.6000000000000005 0.2 0 0.4 0 0.4 3.2 0 0 0 0.2 0 0 0 0 0 2.4000000000000004 0 0 0 0.4 0 0 0 0 0 0 0 0 0.4 2.2 0 0 0 0 0 0 0 0 0 0 0 0 0 
 30 8.6 33 78 33 10.200000000000001 8.4 10.8 35.6 0 16.8 9.200000000000001 14 77.2 29.400000000000002 40.800000000000004 31.6 15.4 33.800000000000004 37.6 0 0 0 0 0 0.2 7.2 14.8 0 0 0.2 0 1.4000000000000001 6.6000000000000005 0.4 0 0 0.4 14.600000000000001 20.8 0 0 0.2 0.6000000000000001 0.6000000000000001 0.8 0 0.4 0.4 0 0 0 0 0 0.4 0 0 0 0.6000000000000001 0.6000000000000001 0 0.8 0 0 10.200000000000001 0 1 0.4 0.4 0.8 0 0.6000000000000001 0.8 0 0 0 8.200000000000001 0 0 0.6000000000000001 0 3.4000000000000004 1 2.2 6.800000000000001 7 0 0 3.6 1.8 3.2 2.2 0 0 1.8 0 4.6000000000000005 3.6 1.6 0 0 0 0 0 0.2 0 2.4000000000000004 0.2 0 0 0 0 6.6000000000000005 3.4000000000000004 0 0 0 0 6.2 10 0.4 0 0 0 0 0 0 1.8 0 0.8 0 0 2 0 0 0 0 0 0 0.2 0 0 0 0 0 0 0 0 0 0 0 0 0 0 0 0 0.4 0 0 2 0 0 0 6.800000000000001 3.2 3 0 1.8 0 0 5.800000000000001 4.4 0 2.4000000000000004 0 2.4000000000000004 0 2.2 0 0 3.8000000000000003 0 0.2 0 2.2 0 5.2 2.2 6.6000000000000005 0 0 0 2 0.8 0 0 0.2 10.4 6.4 2.6 0 0 0 0 0 0 2 0 0 0 0 0 0 0 0 0 0 0 0 0 0 0 0 0 0 0 0 0 0 0.4 0 0 0 0.2 0 0 0 0 0 0 0 2.8000000000000003 0 0 0.4 0.4 0.6000000000000001 0 17.8 18.2 0 0.4 0 0 0 0 0 0 0 0 15.4 0 0.2 0 0 0 0 0 0 0 0 0 0 0 0 2.6 0 2 0 0 0 0 0 0 0 0 0 0 0 0 
 27 104.60000000000001 5.800000000000001 34.800000000000004 33.800000000000004 37.4 9.8 58.2 87.60000000000001 16.8 0 30.400000000000002 11.600000000000001 41.800000000000004 28.400000000000002 42.400000000000006 72 85.80000000000001 49.800000000000004 9.600000000000001 0.2 0 0 0 0.2 0 0 0 0 0 0.2 0 0 0 0 0 0 0 3.4000000000000004 0.8 0 0 0 0.6000000000000001 0.6000000000000001 6.2 0 0.4 0 0 0 0 0 0 0.4 0 0 0.4 0.6000000000000001 0.6000000000000001 0 0.4 0 19.400000000000002 0.6000000000000001 0 0.6000000000000001 0.4 0 0.6000000000000001 0 0.6000000000000001 0.4 6.6000000000000005 0 0 0 0 0 0.6000000000000001 0 0 0 7 2.2 1.4000000000000001 1.8 2.2 5.800000000000001 1.8 6.6000000000000005 6.6000000000000005 2 3.2 2.6 5 8.200000000000001 3.8000000000000003 1.6 0 0 0 0 0 3 0.2 0.2 0.2 0 0 0 0 4.4 0 3 3.2 0 0 0.4 4 0 0 0 0 1.8 0 0 0 0 0 0 0 0 2.2 0 0 0.2 0 0 0 0 0 0 0 0 0.2 0 0 0 0 0 0 0 0 0 0 0 0 0.2 0.4 2.6 3 0 0 2.4000000000000004 3.8000000000000003 0 1.6 1.6 4.2 1.4000000000000001 2.6 2.2 4.800000000000001 1.6 4.4 0 1.8 0 0 0 0 2.6 0 0 0 0 0 2.8000000000000003 0 0 0 8.200000000000001 3 0 0 0 0 5 0 0 8 0 0 0 0 0 0 0 0 0 0 0 0 0 0 0 0 0 0 0 0 0 0 0 0 0 0 0 0 0 0 0 0 0 0 0 0 0 0 0 2.6 0 0 0 1.8 21.8 0 0.2 1.8 0 1.8 2 0 0 0 0 0 0 0 0 0 4.4 0 0 0 0 0 0 0 0 0 0 0 0 0 2.4000000000000004 0 0 0 0 0 0 0 0 0 0 0 0 0 
 5.800000000000001 49 17.8 24.6 52.400000000000006 41.6 8.200000000000001 49.6 38.400000000000006 9.200000000000001 30.400000000000002 0 9.600000000000001 22.400000000000002 68 9.600000000000001 20.400000000000002 71.8 3.2 49 0 0 0 0 0.2 0 0 3.6 0 15 0.6000000000000001 7.4 15 0 7 0 0 0 0.2 0.4 0 0 0 0.6000000000000001 0.6000000000000001 0.6000000000000001 0 0.4 12.600000000000001 0 0 0 0 0 0.2 0 0 0 0.4 0.6000000000000001 0 0 0 10.200000000000001 0.6000000000000001 0 0.6000000000000001 0.4 0 0 0 0.6000000000000001 0.4 0 0 0.8 0 0 0 0.4 0 3 0 4.800000000000001 2 4.2 2.6 0 4.2 6.800000000000001 2.2 4 2 0 9.200000000000001 1.4000000000000001 0 2 0 2 5.800000000000001 3.4000000000000004 2.2 0 0 0 0 2.6 0 0 0 0 2.8000000000000003 0 6.6000000000000005 6.4 0.4 0 3.4000000000000004 5.2 0 0 0 0 0 0 0 0 0 0 0 0 0 0 0 0 0 0 0 0 0 6 0.4 0 0 0 0 0 0 0 0 0 0 0 0 0 0 0 0 0 0 2.6 0 0 5 0 1.6 2.4000000000000004 0 1.8 2.2 0 9.600000000000001 0.2 2.8000000000000003 3 3.2 0.2 1.8 0 2 3.6 0 0.2 0 0 0 3.6 2 0 0 0.4 3.6 7.4 3.6 0 0 0 2.4000000000000004 0 0 0 0 0 0 0 0.4 0 0 0 0 0 0 0 0 0 0 0 0 0 0 0 0 0.2 0 0 0 0 0 0 0 0 0 0 0 0 0.2 0 0 0 0 0 0 0 0 0.4 17.400000000000002 0 0.6000000000000001 17.400000000000002 0 2.6 0 0 0 0 0 0 0 0 0 0 4.2 0 0 0 0 0 0 0 0 0 0 0 0 2.4000000000000004 0 0 0 0 0 0 0 0 0 0 0 0 0 0 
 69 67.2 52.6 14.8 59.2 7.2 37.800000000000004 62.2 22.200000000000003 14 11.600000000000001 9.600000000000001 0 93.80000000000001 30 6.4 68.60000000000001 8.8 106.60000000000001 76 0.4 0 0 0 0 0 0 0 0 0 0.4 0 5.6000000000000005 0 0 0 0 0 0 0.4 0 0.2 0 0.6000000000000001 0.6000000000000001 0.6000000000000001 0 0.4 0 0 0 0 0 3.4000000000000004 0.6000000000000001 0 0 0.4 0.6000000000000001 0.6000000000000001 0.4 0 0 0 0.6000000000000001 0 0.6000000000000001 0.6000000000000001 0 0 0 0.4 0.4 0 0 0 0 0 0 0.4 1.8 5.2 2.2 0 0 0 0 3.8000000000000003 0 7.6000000000000005 2.8000000000000003 4.2 0 13.600000000000001 1.2000000000000002 5.4 3.6 1.6 3.8000000000000003 1.4000000000000001 0 0 0 0 0 0 0 0 0 0 0 0 5.800000000000001 0 0 0 0 0 0 0 0 0 0 0 0 0 0 0 0 0 0 0 0 0 0 0 0 0 0 0 0 0 0 0 0 0 0 0 0 0 0 0 2.8000000000000003 0 0 0 0 0 0 0 3 5.4 2 0.8 0 2.4000000000000004 0.2 4 2.8000000000000003 2.8000000000000003 0 0.4 0 0.4 0.4 3.2 2.8000000000000003 0 5.2 0.4 0 0 0 0 0 0 0 0 0 0 0 0 0 0 0 0 0 0.2 0 0 0 0 0 0 2.6 0 0 0 0 0 0 0 0.4 0 0 0 0 0 0 0 0 0 0 0 0 0 0 0 0 0 0 0 0.2 0 0 0 0 0 0 0 0 0 0 0 0 0.4 0.2 0 0 0.4 6.6000000000000005 1.6 0 0 0 0 0 0 0 0 0 0 0 0 0 0 0 0 0 0 0 0 0 0 0 0.2 3.4000000000000004 0 0 0 0 0 0 0 0 0.4 0 0 0 0 
 61.800000000000004 60.2 48.400000000000006 81 16.8 72.2 31.200000000000003 37.4 71.4 77.2 41.800000000000004 22.400000000000002 93.80000000000001 0 57.2 16.400000000000002 8.8 52.2 20.400000000000002 27 0 0 40.6 0 0 0.6000000000000001 0 0 0 40.6 0.6000000000000001 0 0 0 0 0 0 0.4 14.600000000000001 0.4 0 0 0 0.6000000000000001 0.6000000000000001 15 0 0.4 0 0 0 0 0 0 0.4 0 0 0 0.4 0.8 0 0 0 8.200000000000001 0.6000000000000001 0 0.6000000000000001 0.4 0 0 0 0.6000000000000001 0.4 0 0 0 0 0 0 0.4 0.2 14.600000000000001 4.800000000000001 0.8 0 0 0 0.4 6.800000000000001 2.2 8.6 2.4000000000000004 2.6 5.2 5 8.4 12.600000000000001 11 0.2 0.2 1.6 0 0 0 0 0 0 0 0 0 0 0 5 0 0 0 0 0 0 0.2 0 0 0 0 0.2 0 0 0 0 0 0 0 0 0.2 0 0 0 0 0 0 0 0 2 0 0 0 0 0 0 0 0 0 0 0 0 3 0 0 0 2.6 5.4 2.6 0 1.4000000000000001 2.2 4.6000000000000005 2.2 0 0 13.4 2 0.2 2 0 3 0 8.4 3.8000000000000003 0.2 0 0 0 0 0 0 0 0 0.2 0 0 0 0 4.2 0 0 0 0 0 0 0 0 3.4000000000000004 0 0 0 0 0 0 0 0 0 0 0 0 0 0 0 0 0 0 0 0 0 0 1.4000000000000001 0 0 0 0 0 1.8 0 0 0 0 0 0 0 0 0 0 0 0 0 0 0 0.2 0.2 0.2 0.2 0.4 0.4 2 0 0 0 0 0 0 0 0 0 0 0 0 0 0 0 0 0 0 0 0 0 0 0 7.6000000000000005 0 0 0 0 0 0 0 2.4000000000000004 0 0 0 0 0 
 33.800000000000004 39 49 78.80000000000001 41 32.4 69.4 24.200000000000003 28 29.400000000000002 28.400000000000002 68 30 57.2 0 41 61.800000000000004 61.800000000000004 14.600000000000001 22.200000000000003 0 1.2000000000000002 0 0 0.6000000000000001 0.6000000000000001 0 0 0 0 15.8 0 0 0 0 0 0 0.4 1.2000000000000002 0.4 0 0.8 0 0.6000000000000001 0.6000000000000001 0.8 0 0.4 0 0 0 12.8 0 0.8 0.4 0 0 0.4 0.6000000000000001 0.6000000000000001 1.2000000000000002 0 0 0 1.8 0 0.6000000000000001 0.4 0 0 0 10.600000000000001 0.4 0.4 0 0 0 0 0 1.6 0 12.200000000000001 11.600000000000001 2.2 0 2.8000000000000003 3 7.6000000000000005 0.2 3 2 11.200000000000001 0 6.800000000000001 6 2.6 7.2 4.800000000000001 0.2 3 0 0 0 0 0 0 0 0 0 0 0 0 5.2 0 0 0 0 0 0 0.2 0 0 0 0 5.800000000000001 0 0 0 0 0 0 0 0 3.6 0 0 0 0 0 0 0 1.2000000000000002 0 0 0 0 0 0 0 0 0 0 0 0 0 0 0 0 0 0.2 6.2 1.2000000000000002 1.6 0 0 1.8 0 4.4 5.4 3.4000000000000004 0 6 1.6 0 0.2 2 2.6 4.6000000000000005 1.8 0 0 0 0 0 0.4 0 0 0 0 0 0 0 0.2 0 0 0 0 4.2 0 3 0 3.2 0.4 0 0 0 0 0 0 0 0 0 0.2 0 0 0 0 0 0 0 0 0 0 0 0 0 2.6 0.4 0 0 0 0 0 0 0 0 0 0 0 0 0 0 0 0 0 0 0.2 0 0.2 0 2.8000000000000003 2.8000000000000003 0.6000000000000001 0 0 0 0 0 0 0 0 0 0 0 0 0 0 0 0 0 0 0 0 0 0.2 0 0 0 0 0 0 0 0 0 0 0.2 0 0 0 0 
 25 92 22 51.800000000000004 12.8 33.800000000000004 5.4 22.6 48.800000000000004 40.800000000000004 42.400000000000006 9.600000000000001 6.4 16.400000000000002 41 0 52 45.6 22 13.600000000000001 0.4 0 0.6000000000000001 0 0 0 0 0.6000000000000001 0 0 0.6000000000000001 0 0 0.4 0.4 0 0.6000000000000001 0 0.6000000000000001 11 0.4 0 0 0.6000000000000001 1 25.400000000000002 0 0.8 0 0.4 0.2 0.2 0 0.4 0.4 0 0 0 0.4 0.6000000000000001 0 0 0 0 0.6000000000000001 0 0.6000000000000001 1 0 0 0 0.4 0.4 0 0 0 6.4 0 0 0.4 0 3.2 0 2.6 2.2 8.8 2 3.2 4.6000000000000005 2 3.4000000000000004 4.2 2 0 3.8000000000000003 7.800000000000001 8.6 9.4 2.8000000000000003 0 0 0 0 0 0 0 2 0.4 0 0 0 0 2.6 0 0 0 0.2 0 5.6000000000000005 3 0 0 0 0 3.2 0 0 0 0 0 0 0 0 2 0 0 0 0 0 0 0 0 0 0 0 0 0 0 0 0 0 0 0 0 0 0 0 0 0 3.4000000000000004 3 2.2 0 1.4000000000000001 0.4 5.4 0 0 1 4 10.200000000000001 2.2 1.8 4 2 4.800000000000001 0 7.2 0 0.2 2.6 0 0 0 0 0.4 3.4000000000000004 1.8 4.800000000000001 0 0 0 1.6 0 0 0 0 0 3.2 4.4 1.4000000000000001 0 0 0 0 0 0 0 0 0 0.2 0 0 0 0 0 0 0 0 0 0 0 0 0 0 0 0 0 0 0 0 0 0 0 0 0 0 0.2 0 0 0 2.4000000000000004 0 0 0 0.2 8 0 1.4000000000000001 0.2 0 1.6 1.8 0 0 0 0 0 0 0 0 0 0.4 0 0 0 0 0 0 0 0 0 0 0 0 0 0 0.4 0 0 0 0 0 0 0 0 0 0 0 0 
 28.8 101.60000000000001 54 15.8 9.600000000000001 29.6 24.400000000000002 41.800000000000004 28.200000000000003 31.6 72 20.400000000000002 68.60000000000001 8.8 61.800000000000004 52 0 67 27 5.4 0 0 0 0 0 0.2 0.4 0.4 0 0 0.4 0 0 14.8 0 0 0 0 0 0.4 0.6000000000000001 1.4000000000000001 0 0.6000000000000001 0.8 0.8 0 0.4 0.4 0 0 0 0 0 0 0 0 0.4 1 0.6000000000000001 0 0 0 1.8 0.6000000000000001 0.6000000000000001 0.6000000000000001 0.4 0 0.2 0 0.6000000000000001 1 0 0 0 0 0 0 0.6000000000000001 4.800000000000001 4 7 2.6 2.8000000000000003 0 0 2.4000000000000004 0 1.2000000000000002 3.6 3.4000000000000004 0 2.4000000000000004 10 2.6 0 0.2 0 2.8000000000000003 0 0 0 0 0 0 0 0 0 0 0 0 2.8000000000000003 2.6 0.2 0 0 0 2.2 0 0 0 0 0 0 0 0 0 1.8 0 0 0 0 0 0 0 0 0 0 0 0 0 0 0 0.4 0 0 0 0 0 0 0 0 0 0 0 0 0 0 1.6 2.6 0 6.800000000000001 0.2 2.8000000000000003 9.4 0 4.4 3.2 0 8.6 1.6 4.4 0 0 3 4.4 2.8000000000000003 3 3.4000000000000004 2 0 0 0 0 0 2.2 2.2 0 0 0 0 0 1.4000000000000001 0 0 0 0.2 0 3.8000000000000003 0 0 0 0 0 0 0 0 0 0 0 0 0 0 0 0 0 0 0 0 1 0 0 0 0 0 0 0 0 0 0 0 0 0 0 0 0 0 0 0 0 1.6 0 0 0 0.4 19.200000000000003 0 0.4 0.6000000000000001 0.2 1.2000000000000002 2.2 0 0.2 0 0 0 0 0 2.6 0 0 0 0 0 0 0 0 0 0 0 0 0 0 0 0 2.8000000000000003 0 0 0 0 0 0 0 0 0 0 0 1 
 26.6 46.400000000000006 28.6 45 9 26.400000000000002 14 8.4 52.800000000000004 15.4 85.80000000000001 71.8 8.8 52.2 61.800000000000004 45.6 67 0 5 4.6000000000000005 0 0 0 0 0 0.6000000000000001 0 0 0 0 0.4 0 0 0 0 0.4 0 0 14.4 15.4 0 0 0 17 0.6000000000000001 0.6000000000000001 0 0.4 0 0 0 0 0.4 0 0 0 0 0 0.6000000000000001 0.6000000000000001 0 0 0 0.8 0.6000000000000001 7.800000000000001 0.6000000000000001 0.4 0 0.2 0 0.6000000000000001 0.4 0 0 0 0 0 0 0.6000000000000001 0 3.6 0 5.2 0 6.2 3.8000000000000003 3.6 2.2 6.4 10.600000000000001 8 2 0 16.8 2.6 6.800000000000001 6.2 1.6 1 0 0 4.2 0 0 0 0 0.4 0 0 0 0 4.2 0 0 0 0 0 0 4.2 0 0 0 0 1.8 0 0 0 0 0 0 0 0 2.6 0 0 0 0 0 0 0 1 0 0 0 0 0 0 0 0 0 0 0 0 0 0 0 0 0 0 2.8000000000000003 0 0 0 2 0.8 0 2 2.6 4.800000000000001 4.800000000000001 9.4 12 0.6000000000000001 0.2 5.800000000000001 2.8000000000000003 0 2.2 0 1.6 0 0 0 0 0 0 0 0 0 0 0 1.2000000000000002 0 0 0 0 0 2.8000000000000003 3.6 0 0 0 0 0 0 0 0 0 0 0 0 0 0 0 0 0 0 0 0 2.2 0 0 0 0 0 0 0 0 0 0 0 0 0 0 0 0 0 0 0 0 5.4 0 0 0 0.8 0.6000000000000001 0.4 0.6000000000000001 1 0 1.4000000000000001 2.2 0 0 0 0 0 0 0 0 0 0.4 0 0 0 0 0 0 0 0 0 0 0 0 2.6 3 0 0 0 0 0 0 0 0 0 0 0 0 0 
 6.800000000000001 10.4 66.60000000000001 15 11.200000000000001 8.6 48.6 12.600000000000001 18.6 33.800000000000004 49.800000000000004 3.2 106.60000000000001 20.400000000000002 14.600000000000001 22 27 5 0 77 0 0 0 7.800000000000001 0 0 0 0 0 0.4 0.4 0 0 0 0 0 0.4 0 0 0.4 0 1.2000000000000002 0 0.6000000000000001 0.6000000000000001 0.6000000000000001 0 0.4 0 0 0 0 0 0 0.2 0 0 0.6000000000000001 0.6000000000000001 0.6000000000000001 0 0.2 0 0 0.6000000000000001 0 0.6000000000000001 0.4 0 0.4 5.800000000000001 0.6000000000000001 0.4 0 0 0 0 0 0 0.6000000000000001 0.2 2.6 2.8000000000000003 0 0 0 2.2 2.6 0 0 0.4 0.2 3.4000000000000004 0 2.4000000000000004 0 2 0 2.6 2.4000000000000004 0 0 0 0 0 0 0 0 0 0 0 0 0 0 0 0 0 0 0 0 0 0 0 0 0.4 0 0 0 0 0 0 0 0 3.2 0 0 0 0 0 0 0 0 0 0 0 0 0 0 0 0 0 0 0.4 0 0 0.4 0 0 0 0 3 0 5.4 0 0 0 0 2 2.2 0.4 0 0 0 2 0 0 2 3.2 3.6 4.4 0 0 0 0 0 0.4 0 0 0 0 0 0 0 0 0 0 0 0 0 0 0 0 0 0.2 0 0 0 0 0 0 0 0 0 0.4 0 0 0 0 0 0 0 0 0 0 0 0 0 0 0 0 0 0 0 0 0 0 0 0 0 0 0 0 0 0 0 0 0 0 0.2 0 0 0.4 0 0 0 0 0 0 0 0 0 0 0 0 0 0 0 0 0 0 0 0 0 0 0 0 0 0 0 0 0 0 0 0 0 0 0 0 0 0 
 12.8 55.400000000000006 52 13.600000000000001 17.2 10.4 28.8 98.4 32 37.6 9.600000000000001 49 76 27 22.200000000000003 13.600000000000001 5.4 4.6000000000000005 77 0 0.4 40.2 0 0 0 0 0 0 0 0 0.4 0 0 0 0 0 0 0 0 0.4 0 0 0 0.6000000000000001 0.6000000000000001 0.6000000000000001 0 0.4 0.4 0 0 0 0 0 0 0 0 0.4 0.6000000000000001 0.6000000000000001 0 0.2 0 0 0.6000000000000001 0 0.6000000000000001 0.4 0 0.4 0.2 1 0.4 0 0.8 0 0 0 0 0.6000000000000001 2.4000000000000004 4.800000000000001 2.8000000000000003 0 0 0 6 6 0 0.6000000000000001 0.2 0 2.4000000000000004 0 0 0.2 2.4000000000000004 0 6.4 0.6000000000000001 0 0 0 0 0 0 0 0 0 0 0 0 0 0 0 0 0 0 0 0 0 0 0 0 0 0 0 0 0 0 0 0 0 0 0 0 2.4000000000000004 0 0 2.8000000000000003 0 0 0 0 0 0 0 0 0 0 0 4.2 0 0 0 0 0 0 0 0 2 0 0 4 0 0.8 1.4000000000000001 0 0 0 0 0 0.6000000000000001 2.4000000000000004 0 1.6 0 0 3 0.6000000000000001 0 0 0 0 0 0 0 0 0 0 0 0 0 0 3 0 0 0 0 0 0 0 0 0 0 0 0 0 0 2 0 0 0 0 0 0 0 0 0 0 0 0 0 0 0 0 0 0 0 0 0 0 0 0 0 0 0 0 0 0 0 0 0 0 0 0.4 0 0.4 0.6000000000000001 0 0.2 3.6 0 0 0 0 0 0 0 0 0 0 0 0 0 0 0 0 0 0 0 0 0 0 0 0 0 0 0 0 0 0 0 0 0 0 0 0 0 2 
 0 0 0 0 0.6000000000000001 7.4 0.4 0.2 0 0 0.2 0 0.4 0 0 0.4 0 0 0 0.4 0 75.60000000000001 13.600000000000001 10.200000000000001 13 22.6 26.200000000000003 86.4 52 8.4 66.2 11.8 56 11.600000000000001 26.8 18.400000000000002 105.60000000000001 32 85 41 0 0.6000000000000001 0.6000000000000001 0 0 0.4 12.8 0 0 13 0.8 0.2 0 0 0 0.4 0 0.4 0 0 0 0 0 0 0 0.4 0 0 1.4000000000000001 0.6000000000000001 0 0 0 0 0 0.4 0 0 0 0 0 0 0 0.2 0.8 0 0 0 0 0 0 0 0 0 0 0 0 0 0 0 0 1.8 7.6000000000000005 0.2 3.6 8.4 0.8 3.8000000000000003 0 0.2 0.4 2 0.4 0 0 4.6000000000000005 1 2 4.2 0 0 0.2 0 0 2.6 9.200000000000001 0 0 0 0 0 0 2.6 1.2000000000000002 0 0 0 0.4 0 2.6 0 0 0 0 0 0 0 0 0 0 0 0.4 0 0 0.8 2.2 0 0 0 0 0 0 0 0 0 0 0 0.6000000000000001 0 0 0 2.8000000000000003 0 0 0 0 0 0 0 0 0 2 7.2 2.4000000000000004 2.4000000000000004 3.6 4.6000000000000005 5.4 1.8 8 0.8 0 1.4000000000000001 2.6 0 6.6000000000000005 1.6 0 3.6 2.2 0 3 0 0 0 0 0 0 0 0 0 0 0 0 0 0 0 0 0 0 0 0 0.4 0 0.4 0 0 0 0 0 0 0.4 0 0 0 0 0 0 0 0 0 0 0 0 0 0 0 0 0 0 0 0 0 0 0.6000000000000001 0 0.4 24 0 0.4 2.2 0 4 0 0 0 0.8 0 0 0 0 0 0 0 0 0 0 0 0 0 0 0 0 0 0.4 0 1.4000000000000001 0 0 0 
 0.6000000000000001 0 0.4 0 0 0 0 0 0.2 0 0 0 0 0 1.2000000000000002 0 0 0 0 40.2 75.60000000000001 0 49.6 86 7.6000000000000005 24.200000000000003 29.8 17.2 30.400000000000002 58.800000000000004 23.6 35.6 8.4 67.2 39 15 38.6 52.800000000000004 33.800000000000004 7.4 0 0.6000000000000001 0.6000000000000001 0 0.8 0.2 0 0 0 6.6000000000000005 0.6000000000000001 3.4000000000000004 3.8000000000000003 1.2000000000000002 0 0.4 0 0.2 0 12.4 0 0 10 0 0 0.4 0 0 0.2 0 0 0 0 0 0 0.4 0 0 0 4.6000000000000005 0 0 0 0 0 0 0 0 0 0 0 0 0 0.2 0 0 0 0 0 0 0.2 5.4 2.8000000000000003 9 1.6 13.200000000000001 0 10.200000000000001 2 5.4 1.8 5 0 0.2 1.6 3 0 0 0 2 2 0 0 0 2.8000000000000003 0 4 8 0 0 0 0 2 0 4.800000000000001 0 0 0 12.4 0.4 0 0 0 0 0 0 0 0 0.2 0 0 0 0 0 0 0 0 0 0 0.4 0 0 0 0 0 0 0 0 0 0 0 0 0.2 0.2 0.2 0 0.8 0 2 2.6 0 8.4 0 4.6000000000000005 2.6 2.6 0.2 0 0 0 6.2 3.2 0 3.6 0.8 4.4 7.2 6.800000000000001 0 0.4 2.2 0 2.4000000000000004 0 0 0 0 0 0 0.2 0 0 0 0 2.2 0 0 0 0.2 0 0 0 0 0 0 0 0 0 0 0 0 0 0 0 0 0 0 0 0 0 0 0 2.6 0 0 0 0 0 0 0 0 0 0 0 1 0.4 0.4 21.400000000000002 0.4 0 0.4 2.6 0 0 0 0 0 0 0 0 0 0 0 0 0 0 0 0 0 3.6 0 1.6 0 0 0 0 0 0 0 0.4 
 0.2 0.2 0 0 6.800000000000001 1.2000000000000002 0 0 0.4 0 0 0 0 40.6 0 0.6000000000000001 0 0 0 0 13.600000000000001 49.6 0 19.6 5.2 8.4 50 23.8 24 78 12.8 7.800000000000001 47.400000000000006 29.200000000000003 52.800000000000004 11.4 22 9.4 22.6 41.400000000000006 0 0.6000000000000001 0.4 0 0 0.4 12.8 0.4 0 0 0.6000000000000001 0.6000000000000001 14.600000000000001 15 0 0.6000000000000001 0 0.4 12.600000000000001 12.600000000000001 0 0 0 0 0 0.4 0 0 0 0 0 0 0 0 0 0.4 0 0 8.4 0 0 0 1.8 0 0.2 0 0 0 0 0 0 0 0.2 0 0 0 0 0 0 0 3.4000000000000004 0 2.2 5.2 0 0 0 6 5.4 6.2 0 2.6 0 1.8 3.4000000000000004 4.800000000000001 5.800000000000001 0 0 2.6 1 0 0 0 0 0 0 7.4 0 0 0 0 2.2 0 0 0 0 0 2.2 0 0 0 0 0 0 0 0 0 0 0 0 0 0 0.2 0.2 0.8 0 0 0 0.4 0.8 0 0 0 0 0 0 0 0 3.2 0 0 0 1 0 0 0.2 0 1 0.8 0 4.6000000000000005 0 7 6.4 2.2 4 0 0 0.2 0 5.4 0.2 3.8000000000000003 0 5.4 6 0 0 15 0 0.4 3 0 0 0 3.2 2.4000000000000004 0 0 0 2.2 1.6 0 3.8000000000000003 0 0 0 2.2 0.2 0 0 0 0 0 0 0 0 0 0 0 0 0 0 0 0 0 0 0 0 0 0 0 0 0 0 0 0 0 0 0 0 0 0 3.2 0 0.2 0.2 26.400000000000002 0 0 0 0 0 0 0 0 0 0 0 0 0 0 0 0 0 0 0 0 1.8 0 0 0 0.2 0 0 0 0 0 0 
 1 0 0 0 0 0 0 0 0 0 0 0 0 0 0 0 0 0 7.800000000000001 0 10.200000000000001 86 19.6 0 83 60 61 76.80000000000001 30.200000000000003 21.8 20.6 29.400000000000002 56 67 11.4 14.600000000000001 21.8 25 11.600000000000001 16.6 0 0.6000000000000001 0.2 0 0 0.2 0 0 0 0 0.6000000000000001 0 11 0 0 0.6000000000000001 0 0.2 0 12.600000000000001 0 0 0 0 14.4 0.4 0 0 0 0.2 0 0 0 0 0 0.4 0 0 0 0 0 0 0 0 0 0 0 0 0 0 0 0 0 0 0 0 0 0 0 0 2.6 9 1.8 9 3 0 0 5.4 2 3.4000000000000004 2.4000000000000004 3.4000000000000004 0 1.2000000000000002 0.2 0 0 6.6000000000000005 0 0 2.2 0 0 0 0 0 0 0 0.2 0 0 0 4.6000000000000005 6.4 2.2 0.2 0 2.4000000000000004 4.4 5.800000000000001 0 0 0 0 0 0 0 0 0 0 0 0 0 0 0 0 0 0 0 0.2 0 0 0 0 0 0 0 0 0 0 0 0 1.6 0 0.6000000000000001 0 0 0 0 0 3 2 1.2000000000000002 16 5.2 4.2 0 2.2 0 2.6 5.2 12.600000000000001 2.2 0 0 0 5.4 0 0 0 2.6 0 3.2 0 0 0 1.2000000000000002 2.6 0 0 0 5 0 2.4000000000000004 3.8000000000000003 0 0 0 8.4 2.4000000000000004 0 0 0 0 0 0 0 0 0 0 0 0 0 0 0 0 0 0 0 0 0 0 0 0 0 0 0 0 0 0 0 0 0 0 2.2 0 0 15.200000000000001 0 0.4 0.6000000000000001 1.8 0 0 0 0 0 0 0 0 0 0 0 0 0 0 0 0 0 0 0 1.4000000000000001 0 0 0 0 0 0 0 0 
 0 0 0 0 0.4 0 0 0 0 0 0.2 0.2 0 0 0.6000000000000001 0 0 0 0 0 13 7.6000000000000005 5.2 83 0 31.6 54 34 37.2 18.2 25 87.4 99.4 54.800000000000004 11.600000000000001 32.800000000000004 30.8 48.400000000000006 13.8 19 0 10.600000000000001 0.4 0.2 0 0 0.2 5.6000000000000005 19.6 0 0.6000000000000001 0 12.8 12.8 1.8 0.6000000000000001 0 0 1.4000000000000001 13 0.6000000000000001 2.8000000000000003 0.2 0 0 0.4 0 0 0 0 0 0 0 0.2 0 0.4 0 0.4 0 0.6000000000000001 0 0 0 0 0 0 0 0 0 0 0 0 0 0 0 0 0 0 0 0 0 3.2 11 0 4 4.2 0 2 0.6000000000000001 1.6 0 5 0 0.2 0.6000000000000001 0 0 4.4 0 0 0 0 0 0 0 0 4.4 2.8000000000000003 1.4000000000000001 2.8000000000000003 0 0 10.8 4.2 0 0.2 0 4.4 4.4 6 0 0 0 0 0 0 0 0 0 0 3 0 0 0 0 0 0 0 0 0.2 0 0 0 0 0 0 0 0 0 0 0 0 0.6000000000000001 0 5.6000000000000005 0 1.2000000000000002 0 0.2 0 3.6 0 0 4.800000000000001 2.2 0 0 3.8000000000000003 0 3.8000000000000003 2.4000000000000004 0 0 0 0 0 4.2 5.4 0 0 0 0 0 0 0 0 11 0 0.2 1.6 0.2 0 4.4 0 0 2.4000000000000004 0 2 0 3.6 0 0 0 0 0 0 0 0 0 0 0 0 0 0 0 0 0 0 0 0 0 0 0 0 0 4 0 0 0 0 0 0 0 0 1.6 0 0.2 15.200000000000001 0.2 0 0.6000000000000001 0 0 0 0 0 0 0 0 0 0 0 0 0 0 0 0 0 0 0 0 2.2 0 0 0 0 0 0 0 0 
 0 0 0.2 0 0.6000000000000001 0.2 4.6000000000000005 0 0 0.2 0 0 0 0.6000000000000001 0.6000000000000001 0 0.2 0.6000000000000001 0 0 22.6 24.200000000000003 8.4 60 31.6 0 11.4 69.8 20.6 11.600000000000001 25.200000000000003 11.600000000000001 10 12 25.8 75.4 23.6 15 12 21.200000000000003 0.2 13.600000000000001 1 0 2 0.4 0 12.4 13 0 0.6000000000000001 12.4 0.6000000000000001 10.8 4 13 0 0 13.4 12.4 0 2.2 0 0 0 0.4 0 0 0 1.4000000000000001 0 0 0 0 0 0.4 0 0 0 0 0 0.2 0 0 0 0 0 0 0 4.800000000000001 0 0.6000000000000001 0 0 2.6 0 0 0.4 0 0.4 0 2.4000000000000004 2 0 1.8 0 0 2 0 3.8000000000000003 0 6 0 0 0.2 0 0 2.6 0 0 0 0 0 4.800000000000001 0 0 0 0 0 0 0 2.8000000000000003 9.8 6.6000000000000005 1.4000000000000001 2.2 0 14 1.8 5.2 0 0 1.2000000000000002 0 0.8 0 0 0.4 0 0 0.4 0 0.2 0 0 0 0 1 0 0 3 0 3.8000000000000003 0 0.4 0 2.2 0 7.4 0 0 0 2.8000000000000003 0.8 0 0 2.8000000000000003 0 2.2 0.2 2 0 0.2 9 2.4000000000000004 1.8 0 3.8000000000000003 0 5.800000000000001 4 0.4 0 0 0 0 3.2 1 0 0 1.8 4.6000000000000005 0 3 0 0 3 2.4000000000000004 4.800000000000001 2 1.8 0 6.800000000000001 2.2 0 2.4000000000000004 0 2.2 0 4.800000000000001 0 2.8000000000000003 0.6000000000000001 0 0 0 0 0 0 0 0 0 0 0.4 0 0.2 0 0 0 0 0 0 0 0 0 0 0 0 0 0 0 0 0 0 0.6000000000000001 0 0.2 15.600000000000001 0.2 1.2000000000000002 0.8 0 0 0 0 0 0 0 0 0 0 0 0 3.2 0 3 0 0 0 0 0 0 0 0 0 0 0 0 0 0 
 0.6000000000000001 0.4 0.2 12.600000000000001 0.6000000000000001 17 0 0 0.2 7.2 0 0 0 0 0 0 0.4 0 0 0 26.200000000000003 29.8 50 61 54 11.4 0 36.2 54.2 16 7.6000000000000005 8.4 65.60000000000001 12.8 15.8 26.400000000000002 20.8 9.200000000000001 163.20000000000002 132 0 0.6000000000000001 0.4 0 0 0.4 12.4 0 0 0 0.6000000000000001 13.600000000000001 0 0 0 0.6000000000000001 0 0.2 0 0 0 0 0 0 0 0.4 0 0 0 10 0 0 0 0 0 0.4 0 0 0.4 0 0 0 0 0.6000000000000001 3.2 0 0 0 0 0 1.8 0 0 0 0 0 1.4000000000000001 2 0.4 0 4.6000000000000005 2.8000000000000003 1.2000000000000002 6.4 1.4000000000000001 0 3.6 6.800000000000001 5.6000000000000005 0.2 0.2 1.4000000000000001 0 4.2 6.4 2.4000000000000004 0 0 0 3 0 0 0 0 0 0 1.4000000000000001 0 0 0 0 0 2.4000000000000004 0.2 0 0 0 0 0 2.8000000000000003 0 0 0 0.4 0 0 0 0 5.4 0 0 0 0 0 0.2 0 0 0 0 0.2 0 0 0 1.8 0 0 0 12 0 0 0.2 0 0 0 0 0 0 0 0 0 0 6 3.2 3.6 0 0 8.200000000000001 0 13.200000000000001 2.2 0 0 2.4000000000000004 2.6 1.6 0 0 0 2.4000000000000004 14.4 0 0 0 0 0 0 0 0 0 0 0 0 0 0 2.6 0 0 0 0.2 0 0 0 0 0 0 0 0 0 0 0 0 0 0 0 0 0 0 0 0 0 0 0 0 0 0 0 0 0 0 14.8 0 0 0 0 3.2 0.2 0.4 0 0.2 0.8 5.2 0 0 0 0 0 0 0 0 0 0 0 0 0 0 0.2 0 0 0 0.4 0 0 0 0 0 0 0 0 0 0 
 0 0 15 0 15 0 0 0 0.2 14.8 0 3.6 0 0 0 0.6000000000000001 0.4 0 0 0 86.4 17.2 23.8 76.80000000000001 34 69.8 36.2 0 25.200000000000003 5.6000000000000005 37.2 11.200000000000001 44.6 28.8 19 50.800000000000004 19 47.800000000000004 11.4 49.400000000000006 0 0.6000000000000001 0.4 0 0 0.4 0.2 0 41 0.2 0.6000000000000001 0 0 41 0 0.6000000000000001 0 0.4 0 0 0 0 0 0 10 0.4 0 0 0 0 0 0 0 0 0 1 0 0 7.4 0 0 0 1.2000000000000002 0 2.2 5.800000000000001 0 0 0.2 0 2.2 0 0 0 0 0 0 0 0.4 0 4.6000000000000005 1.6 6.2 0.2 5.2 0.4 5.2 2.6 0 0 2.4000000000000004 0.6000000000000001 3.8000000000000003 4.6000000000000005 2 6.6000000000000005 2.2 11.600000000000001 0 1.4000000000000001 0 0 0 0 0 0 0 2.8000000000000003 0 0 0 0 0.2 2.4000000000000004 0 0 0 0 0.2 1.8 0 0 0 0.4 0 0 0 0 1 0 0 0 0 0 0.2 0 0 0 0 0.2 0 0 0 7.2 5 0 0 0.4 0 0 0 6.2 0 0 0 0 0 0 0 0 7 6.2 2.6 2.8000000000000003 1.8 0 3.2 1.8 4.6000000000000005 2.6 2.4000000000000004 0.2 0 2.8000000000000003 2.8000000000000003 0 2.8000000000000003 1 4.800000000000001 0 0 0 0 0.2 0 0 0 0 0 0 0 0 0 0 0 0 0 0 2.2 0 0 0 3 0 0 0 0 0 1 0 0 3.8000000000000003 0 0 0 0 0 0 0 0 0 0 0 0 0 0 0 0 0 0 0 0 0 0 1.2000000000000002 0.6000000000000001 0.2 8.6 8 0.4 2.8000000000000003 0 0 0 0 0 0 0 0 0 0 0 0 0 0 0 0 2.8000000000000003 0 0 0 0 0 0 0 0.2 0 0 0 0 
 0.6000000000000001 0.6000000000000001 0 0 1.2000000000000002 0 0 0 0 0 0 0 0 0 0 0 0 0 0 0 52 30.400000000000002 24 30.200000000000003 37.2 20.6 54.2 25.200000000000003 0 29.400000000000002 43.6 59.2 52.2 50.400000000000006 31 49.800000000000004 68.8 13.8 12.8 37 0 0.6000000000000001 0.6000000000000001 0 0.4 0.4 0 0 0 0 0.6000000000000001 0.8 0 0 0 0.4 0 0.4 0 0 0 0 0 0 0 0.4 0 0 0.2 0 0 0 0 0 0.8 0.4 0 0 0 0 0 0 0 0 0 0.2 0 0 0 0 0.2 0 0 0 0 0.4 0 0 0 0 4.6000000000000005 1.8 0 8.8 0 1.2000000000000002 0 4.2 5.800000000000001 8.8 5.2 1.8 0 1.8 4.4 0 2.8000000000000003 3.8000000000000003 5.4 2.2 0 0 0 0 0 0 0 0.2 0 0 0 0 3.6 0 0 0 0 0 3.4000000000000004 0.6000000000000001 0 0 0 0 0 0 0 0 2.8000000000000003 0 0 0 0 0 0 0 0 0 0 0.2 0 0 0 0 0 0 0 0 0 0 0 0 1 0.2 0.4 0 0.4 0 0 0 1.4000000000000001 3.6 1.4000000000000001 11 1.8 0 0 0 0.2 0 15.8 4 0 3.6 4.2 0 5 9.4 0.2 2.8000000000000003 0 0 0 0 0 0 0 0 0 0 0 0 5.4 0 0.4 0 0 0 2.4000000000000004 0 0 0 0 0 0 0 0 0 0 0 0 0 0 0 0 0 0 0 7 0 0 0 0 0 0 0 0 0 0 0 0 0 0 0 0.8 0.4 0.8 0 0 0 0.4 0.2 0 0 0 0 6 0 0 0 0 0 0 0 0 0 0 0 0 1.8 0 2.2 0 0 0 0 0 0 0 0 
 0 0 0 0 0.2 0 0 0 0 0 0 15 0 40.6 0 0 0 0 0.4 0 8.4 58.800000000000004 78 21.8 18.2 11.600000000000001 16 5.6000000000000005 29.400000000000002 0 24.8 31.6 15.200000000000001 19.6 40.2 33.800000000000004 41.6 12.8 14.4 26 0 0.6000000000000001 0.4 0 0.2 0.6000000000000001 0 0 0 0 0.6000000000000001 1.2000000000000002 3.8000000000000003 0 12.8 0.6000000000000001 0 0.4 0 12.600000000000001 0 0 0 0 0 0.4 0 0.4 0 0 0 0 0 0 0 0.8 0 0 0 0 0 0.2 0 0 0 0 0 0 0 0 0 0 0 0 0 0 0 0 0 0 2 2 3 6.4 2.4000000000000004 8.200000000000001 0 4.4 0.8 7.4 3.2 2 0 2.2 5.4 1.6 0 0 0 0.8 2.2 0 0 0 0 0 2 3.4000000000000004 0 0 0 0 8.6 5.2 2.4000000000000004 0 2.2 0 12.200000000000001 8.8 0 0 0 0 0 0 0 0 0 0 0 0 0 0 0.2 0.4 0 0 0 0.2 0 0 0 0 0 0 0 0 0 0 0.4 0 0 0 0 0 4 0 0.4 0 0 7.800000000000001 1.4000000000000001 5.6000000000000005 8.4 7 0 0 0 4 2.6 3.2 0 0 2.6 5.2 6.4 2.8000000000000003 0 0 3 0 2.2 0 0 0 1.4000000000000001 0 0 0 0 0 0 0 2.2 0 0 0 0.2 2.4000000000000004 0 0 0 0 0 0 0 0 0 0 2.4000000000000004 0 0 0 0 0 0 0 0 0 0 0 2.6 0 0 0 0 0 0 0 0 0 0 0 3 0 0 0.8 0.8 0 0.6000000000000001 0.2 0 0 0 0 0 0 0 0 0 0 0 0 0 0 0 0.4 0 0 0 0 0 0 0 0 0 0 0 0 
 0.4 0.4 0.6000000000000001 0.2 0.4 0.4 0.4 0.4 1 0.2 0.2 0.6000000000000001 0.4 0.6000000000000001 15.8 0.6000000000000001 0.4 0.4 0.4 0.4 66.2 23.6 12.8 20.6 25 25.200000000000003 7.6000000000000005 37.2 43.6 24.8 0 37.2 57 18.6 47.2 36.800000000000004 123.80000000000001 35.4 23 48 0 0.6000000000000001 0.4 0 1 0.4 0.2 0 0 0 0.6000000000000001 1 0.4 0 0.2 0.6000000000000001 0.4 0.4 0 0 0.4 0 0 0 0 0.4 0 0 0 0 0 0.2 0 0.8 3.2 0.4 0 0 0 0.6000000000000001 0 0 0 0 0 0 0 0 0.4 0 0 0 0 0 0 0 0 0 0.4 0 3.4000000000000004 3 3.6 0.2 5.800000000000001 5.2 0 2.2 2 7.4 3.4000000000000004 4.4 0 1.4000000000000001 0.4 0 2 9.600000000000001 0 0 0 0 0.2 0 0 0 0.8 0 0 0 0 0 3.2 7.6000000000000005 0 1.8 0 0 2.2 7.6000000000000005 0 0 0 0.4 0 0 0.4 0 2.2 0 0 0 0 0.4 0.6000000000000001 2.4000000000000004 0 0 0 0 0 0 0 0 0 0 0 0.2 0 0 0 0 0.6000000000000001 0 0 0 0 0 0 0 0 1.2000000000000002 2 5.800000000000001 2.2 5.2 3.8000000000000003 5.800000000000001 3.6 4 8.6 0 1.4000000000000001 0 0 0 2.6 3.2 0 0 1.6 0 0 0.2 0 0 1.6 0 0 0 0 0 1.8 0 0 0 0 0 2.8000000000000003 3 0 0 0 0 0 0 0 0 0 0 0 0 0 3 0 0 0 0 0 0 0 0 0.2 0 0 0 0 0 0 0 0 0 0 0 4.6000000000000005 0.2 0 15.4 0.8 0 1.2000000000000002 0.2 0 0 0 0 2.2 0 0 0 0 0 0 0 0 0 0 0 0 0 0 0.2 0 0.4 0 0 0 0 0 0 
 0.8 0 0 0 0 0 0.2 0 0 0 0 7.4 0 0 0 0 0 0 0 0 11.8 35.6 7.800000000000001 29.400000000000002 87.4 11.600000000000001 8.4 11.200000000000001 59.2 31.6 37.2 0 163.20000000000002 4 27.200000000000003 90.2 60.800000000000004 60.400000000000006 6 7.6000000000000005 0 0.6000000000000001 0.6000000000000001 0 0 0 0.2 13.200000000000001 13.600000000000001 0 0.8 0.2 15 0 0 0.4 0 0 12.4 17 0 0 0 0.2 0 0.4 0 0 0 0 0 0 1 0 0 0.4 0 0 0 0 0 0 0 0 0 0.2 0 0 0 2.6 0 0 0 0 0 0 0 0 0 0 0 0.2 3 4 0 7.2 0.4 2.4000000000000004 1.8 1.8 6.6000000000000005 0.2 0 0.2 0 0 0 0 0 0 0 0 0 3.8000000000000003 0 0 0.2 1.8 3.2 2.4000000000000004 0 0 3.8000000000000003 3.6 0.2 2.8000000000000003 0.4 0.8 10.200000000000001 3 0 0 0 0 0 0 0.2 0 0 0 0.2 0 0 0 0 0 0 0 0 0.4 0 0 0 0 0 0 0 0 0.4 0 0 0 0 0 0 2.6 1.2000000000000002 0 0 0 2.8000000000000003 0 3.8000000000000003 4.4 6 2.6 0 0.4 0 0 0 12.4 0 0 0 0 5.800000000000001 3.6 0 0 0.8 0 3.2 0 0 0 2.4000000000000004 5.2 3.8000000000000003 1.8 0 0.2 2 0 4 0 1.8 0.2 0 0.6000000000000001 0 0.2 0 0 0 0 0 0 0 0 0 0 0 0 0 0 0 0 0.2 0 0 0 0.2 0 0 0 0 0 0 0 0 0 0 0 1.4000000000000001 0.2 0 0 0 0.6000000000000001 0.4 0 0 0 0 0 0 0 0 0 0 0.2 0 0 0 0 0 0 0 0 0 0 0 0 0 4.2 0 0 0 0 
