 0 53.6 15 10.4 12.4 8.200000000000001 54.800000000000004 47.2 29.6 8 25.400000000000002 51.2 86.80000000000001 38.6 28.200000000000003 5.2 41.800000000000004 112.2 11 45.400000000000006 0.6000000000000001 0.8 0 0.6000000000000001 0 0 0 0.6000000000000001 0 0 15.600000000000001 0.4 0 1 0.4 0.2 0.6000000000000001 0.2 0 0 0 0.6000000000000001 0 0 13 0 0 0 0.4 0 0 0 0.6000000000000001 0 0 0 0.8 0 0 1.4000000000000001 0.6000000000000001 0 0 0.2 0.2 1.8 0 0 0 0 0 0 0.4 0 0.6000000000000001 0.4 0 0 0.4 0.4 3.4000000000000004 1 0 0.2 10.200000000000001 0 4.2 5 3 3.6 0 2.8000000000000003 5.4 5.6000000000000005 3.4000000000000004 6.800000000000001 0 0 2.2 0 0 0 0 0 0 0 0 0 0 0 0 0 0.2 0 0 0 0 0 1.2000000000000002 0 0 0 0 0 4 0 0 0 0 0 0 0 0 0 0 0 0 0 0 0 0 0 0 0 0 1.2000000000000002 0 0 0 0 0 0 0 0 4.4 0 5.2 0 0 0 7.6000000000000005 0 0 0 0 2 4.2 0 9.4 0 2.6 2 4.800000000000001 0 0 2.4000000000000004 3 2.8000000000000003 0 4.4 0 0 0 0 0 0 0 0 0 0 0 0.4 0 1 0 0 0 0 4.2 2.4000000000000004 0 0 0 0 0 0 0 0 0 0 0 0 0 0 0 0 0 0 0 0 0 0 0 0 0 0 0 0 0 0 0 0 0 0 0 0 0 0 0 0 0 0 0 0 0 0.4 0 0 0.2 0 2 3 0 0 0 0.2 0 0.2 0 0 0 0 0 0 0 0 0 0 0 0 0 0 0 0 0 0 0 0 0 0 0 0 0 0 0 0 0 0 0 0 
 53.6 0 22.6 36.6 19.8 23.200000000000003 36.2 19.200000000000003 59.2 12.600000000000001 17 40.800000000000004 52.2 86.60000000000001 20.400000000000002 50.400000000000006 31.200000000000003 45.6 56.800000000000004 10.8 0 1 0 0 0 0 0 0.6000000000000001 0.2 0 0 0.8 0 0 0.4 0 0 0 7.800000000000001 0 0.8 0 0 0 0.4 0 0 0 0.4 0 0 0 13.8 0 0 0 0.4 0 0.4 0.6000000000000001 0 0 0 0 1 0.6000000000000001 0 0 0 0 0 0 0.6000000000000001 0 0.6000000000000001 0.2 0 0 0.2 0 0.2 4 2 2.8000000000000003 2 5 2.4000000000000004 7.6000000000000005 15.8 7.6000000000000005 2.8000000000000003 0 2.8000000000000003 2.8000000000000003 7.2 8 3.8000000000000003 6.800000000000001 3.8000000000000003 3 0 4.4 0 0 0 0 0 0 0 0.2 0 0 2.8000000000000003 0 0 0 0 0 6.6000000000000005 0 0 0 0.2 0 0 0 0 0.2 0 2.6 0 0 0 0 0 0 0 0 0 0 0 0 0 0 0 0.2 1 0 0 0 0 0.2 3.2 0 0 0 0 0 0 0 0 1.4000000000000001 2.6 3.8000000000000003 0 6.6000000000000005 0 6.2 4.6000000000000005 4.800000000000001 0 7.4 0 0 0.6000000000000001 1.8 11.8 4.4 0 1 0 0 0 0 0 0 2 0 0 0 0 0 1.4000000000000001 0 0 0 0 0 2.6 0 0 0.2 0 0 0 0 0 0 0 0 0 0 0 9.4 0 0 0 0 0 0 0 0 0 0 0 0 0 0 0 0 0 0.4 0 0 0 0 0 0 0 0 0 0 0 0 0 0.4 28.400000000000002 0 0 0 4.4 3.6 1.6 0 0 0 0 0 0 0 0 0 0 0 0 0 0 0 0 2 0 0 0 0 0 0 0 0 0 0 0 0 0 0 0 0.4 0 0 0 0 
 15 22.6 0 24.200000000000003 37.4 87.2 32 82 18.400000000000002 93.80000000000001 7 56.2 16.400000000000002 12.600000000000001 32.6 56.400000000000006 110.80000000000001 28.400000000000002 7 24.200000000000003 14.8 1.2000000000000002 0.6000000000000001 0.8 0.6000000000000001 0 2.2 0.6000000000000001 0.2 0 0.4 0.6000000000000001 14.8 0.4 0.4 0 1 0 18.8 3 0.4 0 0.4 0.2 0.4 0 0 0 0.6000000000000001 0.6000000000000001 0 0 0.6000000000000001 0.4 0 0 0.6000000000000001 0.8 0.6000000000000001 0.6000000000000001 0 0 0 0 0.2 0.2 0 0 0 0 0 0 10.4 0.4 0.6000000000000001 0.8 0 0 0.6000000000000001 0.4 5.800000000000001 7.4 0 4 3.8000000000000003 1.2000000000000002 0 0.2 0 2.2 2.2 8.8 2 2.6 2.8000000000000003 0.4 0 2.8000000000000003 0 4.4 0 1.4000000000000001 0 0 0 0 3.8000000000000003 0 0.2 0 0 3.8000000000000003 2.4000000000000004 0 0 0.2 0 0 0 5.800000000000001 0 0 0 0 0 0 0 0 0.6000000000000001 0 0 0 0 0 0 0 0 0 0 0 0 0 0 0 0 0 0 0 0 0 0 0 0 0 0 0 0 0 0 0 2.2 0 2.4000000000000004 7.2 7 0 0 4.800000000000001 0 4 0 2 0 3.8000000000000003 6.4 6 5.2 0.4 0 4.800000000000001 2.4000000000000004 0 0 0 0 1.4000000000000001 0 2 0 0 0 0 1.4000000000000001 0 0 0 0 0 1.4000000000000001 0.2 0 0 0 0 0 0 0 0 0 0 0 0 0 0 0 0 0 0 0 0 0 0 0 0 0 0 2.6 2.8000000000000003 0 0 0 0 0 0 0 0 0 0 0 0 0 0 0 0 0 0.4 0 0 18.400000000000002 0.2 0 2.4000000000000004 0 0 0 0 0 0 0 0 0.8 0 0 0 0 0 0 0 0 0 0 0 0 0 0 7 4.4 0 0 0 0 0 0 0 0 0 0 0 0 0 
 10.4 36.6 24.200000000000003 0 115.4 54.800000000000004 13.4 113.2 16 104.2 56.2 27.200000000000003 17 33.4 99.60000000000001 110.80000000000001 27 33.4 59.800000000000004 12.600000000000001 0 15.4 0 0 0.4 0 7.4 0.8 0.2 0 0.6000000000000001 0.4 0 7 0.8 0.6000000000000001 0.2 14.8 0.4 0 0.4 0 0 6.2 0.8 1.4000000000000001 0 0 0.8 0 0 1.2000000000000002 1 1.2000000000000002 0.6000000000000001 0.6000000000000001 0.4 0 0.4 0.6000000000000001 0 1.2000000000000002 0 0 0.8 0.6000000000000001 0 0.6000000000000001 0.6000000000000001 0 0 0.6000000000000001 0.6000000000000001 0.6000000000000001 1.2000000000000002 1 0 0.4 0.2 0.2 0 1.8 3.8000000000000003 0 5 4 0 1.6 0.2 4.6000000000000005 3.4000000000000004 1.4000000000000001 0.2 3.4000000000000004 0 0.2 2.6 7.800000000000001 1.8 0 2.6 1.6 0 0 0 0 2.2 0 3.6 0 0 1.8 4.800000000000001 2 0 2.6 0.2 0 0 0 0 0 0 0 0 0 0 0.2 0 0 0 0 0 0 0 0 0 0 0 0 0 0 0 0 0.2 0.2 1.2000000000000002 0 0 0 0 0 0 0 0 0 0 0 0 0 0.4 1.6 3 11 3.2 3 0 4.6000000000000005 3.6 3 0 0 0 0 1.8 3.4000000000000004 3.2 0 0 0 0 7.6000000000000005 2.2 0 0 0 2.8000000000000003 0 0 0 4.2 0.2 0 3.4000000000000004 0 0 0 0 0 0 0 0 0 0 0 0 0 0 0 0 0 0 0 0 0 0 0 0 0 0 0 0.2 0 0 0 0 0 0 0 0 0 0 0 0 0 0 0 0 0 0 0 2 0 0 0 0.4 10.8 0 0.6000000000000001 0.2 0 4 1.4000000000000001 0 0 0 0 0 0 0.2 0 0 0 0 0 0 0 0 0 0 0 0.4 0 0 0 0.2 2.4000000000000004 0 0 0 0 0 0 0 0 0 0 0 0 0 
 12.4 19.8 37.4 115.4 0 94.4 12 61.400000000000006 16.8 33 66.60000000000001 74.4 61.2 16.2 53.400000000000006 22.200000000000003 8 27.400000000000002 11 12.600000000000001 0 15.600000000000001 0 1.6 0 0 33 0.6000000000000001 0.2 0.2 0 0.8 0 15.200000000000001 16 0 0 0 4.2 0 0.8 0 0 12.8 0.4 14.8 0 0 0.6000000000000001 0 0 0 0.6000000000000001 0 0 1.2000000000000002 0.4 0 0 0.6000000000000001 0 0 0 0 0 0.8 0 0 0 0 0 0 0.4 0 0.6000000000000001 0.4 0 0.6000000000000001 0.4 0 0 0 0 4 7 3.6 0 0 0 2.8000000000000003 11 1.8 0 0 0 0 0 2.8000000000000003 0 0 0.6000000000000001 4.800000000000001 0 3.4000000000000004 0 0 4.6000000000000005 2.2 7.4 0 0 3 3.6 0 3 7.6000000000000005 0 3.4000000000000004 2.8000000000000003 2.4000000000000004 0 0 0 0 0 0 0 0 0 0 0 0 0 0 0.4 0 0 0 0 0 0 0.2 0 0 3.4000000000000004 0 0 0 0 0 0 0 0 0 8 0 0.4 0 0 0.2 0 0 0 2 6.2 0 0 0 0 0 0 3.2 0 0 0.4 0.6000000000000001 0 1.6 0 0 4.800000000000001 0 3 0.2 0 0.2 7.2 0 4.2 3.8000000000000003 0 0 4.4 0 3.8000000000000003 2.8000000000000003 3.2 0 2.8000000000000003 1.8 0 0 0 0 0 0 0 0 0 3.4000000000000004 0 0 0 0 0 0 0 2.6 0 0 0 0 0 0 0 0.4 0 0 0 0 0 0 0 0 0 0 0 0 0 3.4000000000000004 0 0 0 0 0 0.4 0 0 4.2 23.200000000000003 0.2 2.6 0 0.4 0 0 0 0 0 0 0 0 0 0 0 0 0 0 0 0 0 0 0 0 0 0 2.2 0 0 0 0 0 0 6.4 0 0 0 0 0 0 
 8.200000000000001 23.200000000000003 87.2 54.800000000000004 94.4 0 23.400000000000002 18.2 23.6 27.400000000000002 54.400000000000006 26.6 4 19.400000000000002 27.8 36.4 29.6 52.800000000000004 25.400000000000002 6.4 6.800000000000001 0.8 0 0 0 0 12.8 0.6000000000000001 0 0 0 1.2000000000000002 20.200000000000003 15.600000000000001 1.2000000000000002 1 0 0.4 5.2 23.400000000000002 0 0.4 0 0.4 2.8000000000000003 0.2 0 0 0.6000000000000001 0 0.6000000000000001 0 1.6 0 1 0 0.8 0 0.4 6.2 0.4 0.2 0 0.4 1 0.4 0.8 0 0.4 0.2 0.4 0.2 0.4 0 1.4000000000000001 0.6000000000000001 0.4 0.2 0.6000000000000001 0 0 6.800000000000001 0 7.4 2.4000000000000004 4 2 4.800000000000001 0.2 0 0 2 0 0 0 3.2 2.8000000000000003 3.6 0 0 0 0.2 3.2 0 0 0 1.8 3.2 3.6 0 0 1.6 0.6000000000000001 0.4 0.6000000000000001 3 2.8000000000000003 2.8000000000000003 0.4 0 0 0 0 0 0 0 0 0.4 0 0 0 0 0 0 0 0 0 0 0 0 0 0 0 0 0.4 0 0 0 0 0 3 0.4 0 0 0 0 1.4000000000000001 0 0 0 0 3 4 0 7 2.8000000000000003 0 0 0.4 0 8.4 4.800000000000001 0 0 2 0.4 0 0 0 0 0 11.600000000000001 0 0 0 2.8000000000000003 3.4000000000000004 2.2 0 0 5 0 1.6 0 4.6000000000000005 1.6 0 0 1.4000000000000001 2.8000000000000003 0 0.4 0 0 0 0 0 0 0 0 0 0 0 0 0 0 0 0 0 0 0 0 0 0 2.8000000000000003 0 0 0 0 0 0 0.2 0 0 0 0 0 0 0 0 0 0 0 0 0 0.2 0.2 0 0.4 1.4000000000000001 0 0.2 1 0 0.4 0 0.4 0 0.2 0 0 0 0 0 0 0 0 0 0 0 0 0 0 0 0 0 0.4 2 0 0 0 0 0 0 0 0.2 0 0 0 0 
 54.800000000000004 36.2 32 13.4 12 23.400000000000002 0 12.600000000000001 10.200000000000001 27.200000000000003 24.200000000000003 13.200000000000001 59 118.60000000000001 6.2 8 34.2 5.6000000000000005 26 7.4 14.8 0.6000000000000001 0 0 0.2 0 0 0.6000000000000001 0.4 0 0 0.6000000000000001 15.4 3.8000000000000003 0.6000000000000001 0 0.4 0 15 3.4000000000000004 0.4 0.8 0 0 0.6000000000000001 0.6000000000000001 0 0 0.4 0 0 0 0.6000000000000001 0 0 0 0.8 0 0 0.6000000000000001 0 0 0.8 1.8 0.2 0.6000000000000001 0 0 0 0.8 0 1.2000000000000002 0.6000000000000001 0 0.6000000000000001 0.4 0.2 0 0.6000000000000001 0.2 7 15 0 2.6 4.2 0 11.600000000000001 1.6 3 6.6000000000000005 0 7 11.600000000000001 2.2 5.800000000000001 5.800000000000001 0 0 0 0 0 0 0 0 0 0 0 0 0 0 0 0 0 0 0 0 0 0 1.2000000000000002 1.4000000000000001 0 0 0 0 0 0 0 0 0 0 0 0 0 0 0 0 0 0 0 0 0 0 0 0 0 0 0 0 0 0 0 0 0 0 0 0 0 0 0 1.8 0 0 2.4000000000000004 5.2 2.2 2 2.8000000000000003 0 3 0.2 2.6 4.800000000000001 0 3.8000000000000003 0 0 6.2 3 0 9 0 0 0 0 0 0 0 2 0 0 0 0 1.4000000000000001 0 0 0 0 0 1.6 0.2 0 0 0 0 0 0 0 0 0 0 0 0 0 0 0 0 0 0 0 0 0 0 0 0 0 0 0 0 0 0 0 0 0 0 0 0 0 0 0 0 0 0 0 0 0 0 0.4 0 0 0.4 2.2 0.4 0 0 0 0 0 0 0 0 3 0 0 0 0 0 0 0 0 0 0 0 0 0 0 6.2 0 0 0 0 0 0 0 0 0 0 0 0 0 0 
 47.2 19.200000000000003 82 113.2 61.400000000000006 18.2 12.600000000000001 0 38.2 105.4 9.4 51 17.8 16.400000000000002 59.6 9.600000000000001 28.400000000000002 5.800000000000001 51.800000000000004 39.400000000000006 0 0.6000000000000001 0 0 0.6000000000000001 0.6000000000000001 0.2 0.6000000000000001 0.4 0 0.6000000000000001 0.6000000000000001 0.4 0 0.4 0 0.6000000000000001 0.4 0 0 0 0 0 0 0.4 0.2 0 0 0.4 2.8000000000000003 0 0.2 0.6000000000000001 0 0 0.6000000000000001 1.4000000000000001 0 0 0.6000000000000001 0 0 0 0.8 0 0.6000000000000001 0 0 0 1 0 0.2 0.6000000000000001 0 0.6000000000000001 0.2 0 0.2 0.2 0 0 1.4000000000000001 3.4000000000000004 0 0.2 0 2.2 0 0 0.2 0.4 3.6 2.2 6 2.2 2.6 2.4000000000000004 3.8000000000000003 8 0 0 0 0 0 0 0 0 0 0 0 0 0 0 0 0 0 0 0 0 0 0.2 0 0 0 0 0.4 0 0 0 0 0 0 0 0 0 0 0 0 0 0 0 0 0 0 0 0 3.8000000000000003 0 0 0 0 8 0 0 0 0 0 0.2 0 0 8.6 3.2 2 0 0.4 0.4 3.8000000000000003 7 3.2 7.800000000000001 0 0 2.8000000000000003 2.2 3.2 2.8000000000000003 5.800000000000001 0 1.8 9.4 0 0 0 0 0 0 0 0 0 0 0 0.4 0 0 0 0 0 0 3.2 0 0 0 0 0 0 0 0 0 0 0 0 0 0 0 0.4 0 0 0 0 0 0 0.2 0 0 0 0 0 0 0 0 0 0 0 0 0 0 0.2 0 0 0 0 0 0 0 0 0.4 0 0.2 0.2 0.2 0.4 0.8 0 0 0 0 0 0 0 0 0 0 5 0 0 0 0 0 0 0.2 0.2 0 0 0 0 0 0 0 0 0 0 0 0 0 0 0 0 0 0 0 
 29.6 59.2 18.400000000000002 16 16.8 23.6 10.200000000000001 38.2 0 48.400000000000006 8.200000000000001 21.400000000000002 18.6 53.6 26.400000000000002 15.8 45.800000000000004 29.8 50 35.4 0 0.6000000000000001 0 0 0 0 0 0.6000000000000001 0.4 0 0 0.4 0 0 0.4 0 0 0 0 0 0.4 0 0 0 0.4 0 0 0 0.4 0.8 0 0 0.6000000000000001 0.4 0 0 0.4 0 0.6000000000000001 0.6000000000000001 8.8 0 0 0 1.6 0.4 7.4 0 1.4000000000000001 0 0 0 0.4 0 0.6000000000000001 0.4 0 0.6000000000000001 0.4 0 0 0.2 2 0 2.6 2.8000000000000003 0 2.4000000000000004 5.2 5.800000000000001 15 2.8000000000000003 0.8 0 1.6 0.2 0 5.4 3.2 2.8000000000000003 0 2 0.2 0 0 0 1.8 0 0 0 0 0 0.4 3 0 0 0 0 0.6000000000000001 0 0 0 0 0 0 0 0 0 0 0 0 0 0.2 0.2 0 0 0 0 0 0 0 0 0 0.4 0 0 0 0 0 0 0 0 0 0 2.4000000000000004 0 0 0 0 0 0 5.2 16.400000000000002 0.2 2.4000000000000004 0 0 3.2 2.4000000000000004 2.4000000000000004 1 0 0.8 1.2000000000000002 1.8 5.6000000000000005 1.2000000000000002 3.6 3.4000000000000004 0 0 0.2 0 0 0 0 0.4 0 0 0.2 0 0 1 1.2000000000000002 0 0 0 0 2.4000000000000004 4.800000000000001 0 0 0 3.6 0 0 4.2 0 0 0 0 0 0 0 0 0 0 0 0 2.2 0 0 0 0 0 0 0 0 0 0 0 0 0 0 0 0 0 0 0 0.2 0 0 0 0 0 0 0.2 0 0.6000000000000001 18.2 0 1.6 2.8000000000000003 0 0.4 0 0 0 0 0 0 0 4.4 0 0 0 0 0 0 0 0 0 0 0 0 3 0 0 0 0 0 0 0 0 2.6 0 0 0 0 0 
 8 12.600000000000001 93.80000000000001 104.2 33 27.400000000000002 27.200000000000003 105.4 48.400000000000006 0 35 17.2 8.8 19.6 23.400000000000002 42.800000000000004 23.400000000000002 27.200000000000003 35.2 76.80000000000001 15 0.6000000000000001 0 0 0 0 0 0.6000000000000001 0.2 0 0 0.8 14.8 0.4 0.4 0 0 0 14.8 6.2 0.4 0 0 0.2 0.4 0 0 0 0.6000000000000001 0 0 0 0.6000000000000001 0 0 0 0.4 0 0 0.6000000000000001 0 0 0 0 0 9.600000000000001 0 0 0 0 0 0 0.4 0 0.6000000000000001 0.6000000000000001 0 0 0.6000000000000001 0 8.8 3.2 0 3.4000000000000004 0.2 0.6000000000000001 0 0.4 3.6 5 4.2 2 4.4 2.6 1.6 0 0 3.2 2.8000000000000003 6.6000000000000005 0 1.6 0 0 0 0 3.2 0 0 0 0 0 0 0 0 0 0 0 0 0 0 0 0 0 0 0 0 0 0 0 0 0 0 0 0 0 0 0 0 0 0 0 0 0 0.2 0 0 0 0 0 0 0 0 0 0 0 1 0 0 0 4 0.4 5 2 5.2 0.8 0 7.800000000000001 0 8.8 0 2 0 0 8.200000000000001 2 4.4 3.8000000000000003 3 0 0.2 0 0 0 0 0 0 2 0 0 0 0.4 3.2 0 0 0 0 0 1.2000000000000002 0 0 0 0 0 0 0 0 0 0 0 0 0 0 0 0 0 0 0 0 0 0 0 0 0 0 0 0 0 0 0 0 0 0 0 0 0 0 0 0 0 0 0 0 0 0 0 0.4 0 0 0.4 0 2 0 0 0 0 0 0 0 0 0 0 12.600000000000001 0 0 0 0 0 0 0 0 0 0 0 0 2.8000000000000003 0 0 0 0 0 0 0 0 0 0 0 0 0 0 
 25.400000000000002 17 7 56.2 66.60000000000001 54.400000000000006 24.200000000000003 9.4 8.200000000000001 35 0 88 4.2 27.6 41 58.800000000000004 32.800000000000004 29.6 7.800000000000001 9.8 30 1.4000000000000001 0 0 0 0 0.4 0.6000000000000001 0.2 0 0.8 0.4 34.4 22.8 15.4 0 0.8 0 19.400000000000002 2 1.8 0 0 0 1 0.4 0 0 0.4 0 0 0.8 0.6000000000000001 0.4 0.8 0 0.4 0 0.8 0.6000000000000001 0 1.2000000000000002 0 0 0 0.6000000000000001 0 0.2 0 0 0 2.8000000000000003 2.4000000000000004 0.2 0.6000000000000001 1.8 0.4 0 0.2 0 3.2 2.8000000000000003 0 7 0 6 0 6.2 2.8000000000000003 2 0.2 2 0 0.2 5.4 6.6000000000000005 9.600000000000001 3 0 0 0 0 0 0 2.4000000000000004 0 3 1.6 3.2 0 0 0 4 3.6 0 0 0.2 0 14.4 3.2 0 0 0 0 0 0 0.4 0 0 0 0 0 0 0 0 0 0 0 0 0 0 0 0.2 0 1.2000000000000002 0 0 0 0.2 0 0 0 0 0 0 0 1.4000000000000001 0 0 0 0 0 5.4 2.2 0.8 3 0 0 4.6000000000000005 1.8 10 14.200000000000001 0 0 1 2.8000000000000003 0 3 0.8 0 0 2.2 0 0 0 0 2.8000000000000003 4.6000000000000005 2.6 0 0 0 4 1.6 0 0 0 0 0.4 4.800000000000001 0 0 0 0 0 0 0 0 0 0 0 0 0 0 0 0.4 0 0 0 0 0 0 0 0 0 0 0 0 0 0 0 0 0 0 0 0 0 0 0 0 0 0 0 0 0 0.8 19.8 0 0.6000000000000001 17.6 4.4 2.4000000000000004 1.2000000000000002 0 0 0 0 0 0 0 0 0 0 0.2 0 0 0 0 0 0 0 0 0 0 0 0 4.4 1 0 0 0 0 0 0 0 0 0 0 0 0 
 51.2 40.800000000000004 56.2 27.200000000000003 74.4 26.6 13.200000000000001 51 21.400000000000002 17.2 88 0 8.4 38.6 23.6 33 22.200000000000003 48 6 9.8 22 15.4 0 6.2 0.4 0.2 0 0.6000000000000001 0.8 0 0 0.4 15.600000000000001 16 0.4 0 0 0.2 31.6 27.200000000000003 1.4000000000000001 0 0 0 0.4 0 0 0 0.8 0 0.4 0 0.6000000000000001 0 0 0 0.4 0 0 0.6000000000000001 0 0 0 0 1 0.6000000000000001 0 0 0 0 0 0 0.6000000000000001 0 0.6000000000000001 0.2 1 0 0.2 0 1.8 2.2 0 6.2 0 11.600000000000001 0 7 0.8 10.200000000000001 0 2.8000000000000003 0 0 0 3.4000000000000004 4.800000000000001 2.2 0 0 0.2 0 0 0 0 0 2.8000000000000003 1.4000000000000001 0 0 0 0 0 0.4 0 1.6 0 0 2.2 5.4 0 0 0 0 0 0 0 0 0 0 0 0 0 0 0 0 0 0 0 0 0 0 0 3.8000000000000003 0 0 0 0 0 0 0 0 0 0 0 0 0.8 0 0 0 0 2.2 7.800000000000001 8.6 0 0 0 0 4.2 0 10.600000000000001 20 0 0 4.800000000000001 3.4000000000000004 0 2 0.2 0 2.2 6.6000000000000005 5 0 0 0 3.8000000000000003 3.4000000000000004 1.8 1.8 0 0 4 3 0 0 0.2 0 5.6000000000000005 2.8000000000000003 0 0 0 0 0 0 0 0 0 0 0 0 0 0 0 0 0 0 0 0 0 0 0 0 0 0 0 0 0 0 0 0 0 0 0 0 0 0 0 0 0 0 0 0 0 0.8 1 0.4 17 1 0 1 1.6 0 0 0.4 0 0 0 0 0 0 0 0 0 0 0 0 0 0 0 0 0 0 0 3.6 1.8 0 0 0 0 0 0 0 0 0 0 0 0 0 
 86.80000000000001 52.2 16.400000000000002 17 61.2 4 59 17.8 18.6 8.8 4.2 8.4 0 40.6 25.200000000000003 9.600000000000001 5.800000000000001 4.6000000000000005 16 45 40 0.6000000000000001 0 0.6000000000000001 0 0 0 0.6000000000000001 0.6000000000000001 0 0 0.4 0 0.6000000000000001 0.4 0.2 15.4 0 0 0 0.2 0 0 12.600000000000001 0.4 0 0 0 0.4 0 0 0 0.6000000000000001 0 0 0 0.4 0 0 0.6000000000000001 0.6000000000000001 0 0 0.2 0.2 0.4 0 0 0 0 0 0.2 0.4 0.4 0.6000000000000001 0.4 0 0 0.4 0 6.800000000000001 6 3.6 5.2 0 0 9.4 2.2 2.6 0 0 0 0 4 2.6 0 0 0 2.2 3.6 0 0 0 0 0 0 0 0 0 0 0 0 0 0 0 0 0 0.4 2.2 0 0 0 0 0 0.2 0 0 0 0 0 0 0 0 0 0 0 0 0.4 0 0 0 0 0 0 0 0.2 0 0 0 0 0 1.8 0 0 0.4 0 0 0 0 0 5.6000000000000005 3 0 0 0 0 6 3 6.2 0.4 0 0 0 5.800000000000001 4 0 0.2 0 0.2 7.800000000000001 0 0.4 0 0 0 0 0 0 0 0 0 0 0.4 0 0 0 0 0.4 0.2 0 0 0 0 0 0 0 0 0 0 0 0 0 0 0 0 0 0 0 0 0 0 0 0 0 0 0 0 0 0 0.2 0 2.2 0 0 0.4 0 0 0 0 0 0 0 0 0 0 0 0.4 0.2 0 0.4 0 1.6 0 0 0 0.2 0 0 0 0 0 0 0 0 0 0 0 0 0 0 0 0 0 0 0 0 0 0 0 0 0 0 0 0 0 4 0 0 0 0 
 38.6 86.60000000000001 12.600000000000001 33.4 16.2 19.400000000000002 118.60000000000001 16.400000000000002 53.6 19.6 27.6 38.6 40.6 0 65.60000000000001 45.2 17.2 52 22.6 17.2 0 0.6000000000000001 0 0 0 0 0.4 0.6000000000000001 0.2 0 0 0.4 0 0 0.4 0.2 0 0 0 0 0 0 0 0 0.4 0 0 0 0.4 0 0 0 0.6000000000000001 0 0 0 0.4 0 0 0.6000000000000001 0 0 0 0 0.6000000000000001 0.4 0 0 0 0 0 0 0.4 0 0.6000000000000001 0.4 0 0 0.4 0 6.800000000000001 2 0.2 4.2 0 2.8000000000000003 5 15.200000000000001 3 2 0 0 0 3.6 5.4 2.8000000000000003 1.8 2.2 5.800000000000001 8.4 0 0 0 0 0 0 0 0 0 0 0 0 0 0 0 0.2 0 0 0 2.6 0 0 0 0 0 0 0 0 0 0 0 0 0.2 0 0 0 0 0 0 0 0 0 0 0.4 0 0 0 0 0 0 0 0 0 0 0 0 0 0 0 0 0.4 3.8000000000000003 2.2 0 0 2.8000000000000003 0.2 0.4 7.2 0.4 7 2.8000000000000003 0 0 6.800000000000001 2.8000000000000003 0 0 0 1.8 0 0 0 0 0 0 0 0 0 0.2 0 0 0 0 0 0 3 0 0 6 0 0 0 0 0 0 0 0 0 0 0 0 0.4 0 0 0 0 0 1.8 0 0 0 0 0 0 0 0 0 0 0 3.8000000000000003 0 0.2 0 0 0 0 0 0 0 0 0 0 0 0 0.2 0 0.4 0.2 0.4 3.8000000000000003 0.4 2 0 0 0 0 0 0 0 0 0 0 0 0 0 0.2 0 0 0 0 0 0 0 0 0 2.2 0 0 0 0 0 0 0 0 0 0 0 0 0 
 28.200000000000003 20.400000000000002 32.6 99.60000000000001 53.400000000000006 27.8 6.2 59.6 26.400000000000002 23.400000000000002 41 23.6 25.200000000000003 65.60000000000001 0 36.4 67.4 59.2 13.4 29.200000000000003 0 0.6000000000000001 0 0 0 0 0 0.8 0.2 0 0 0.6000000000000001 0 0.8 0.4 0 0 0 0 0 0.4 0 0 0.2 0.4 0 1 0.8 0.6000000000000001 0.4 0 0 0.6000000000000001 0 0 0 0.4 0 0 0.6000000000000001 0 0 0 0 4.6000000000000005 0.2 9.200000000000001 0 0 0 0 0.2 0.4 0 0.6000000000000001 0.6000000000000001 0 0 0.6000000000000001 0 2.8000000000000003 6.4 0 0 2.2 4.6000000000000005 0 3.4000000000000004 3.6 2.8000000000000003 0 1 0.6000000000000001 7.2 3.6 0.8 6.6000000000000005 7 2.8000000000000003 8.8 0 0 0 0 0 0 0 0 0 0 0 1 4.2 0.2 0 0 0 0 0 14.8 0 0.6000000000000001 0 0 0.2 0 0 0 0 0 0 0 0 0 0 0 0 0 0 0 0 0 0 0 0 1.6 2 0 0 0 0 0 0 0 0.6000000000000001 0 0 0 0 0 0 1.2000000000000002 5.4 2.4000000000000004 0 4.2 0.2 0 7 2.8000000000000003 3 0 0 0 4.2 6 6 4.2 0 0.2 2.4000000000000004 0.4 0 0 0 0 0 2.8000000000000003 0 0 3.8000000000000003 0 0 1.8 0 0 0 0 0.4 2.4000000000000004 0 0 0 0 0 0 0 0 0.2 0 0 0 0 0 0 0 0 0 0 0 0 0 0 0 0 0 0 0 0 0 0 0 0.2 0 0.4 0 0 0 0 0 0 0 0 0 0 0 0.2 0 18 0 0.4 2.4000000000000004 2.6 0 0 0 0 0 0 0 0 0 0 0 0 0 0 0 0 0 0 0 0 0.4 0 0 9.8 0 0 0 0 0 0 0 0 0 0 0 0 0 
 5.2 50.400000000000006 56.400000000000006 110.80000000000001 22.200000000000003 36.4 8 9.600000000000001 15.8 42.800000000000004 58.800000000000004 33 9.600000000000001 45.2 36.4 0 33.6 46.6 10 7.6000000000000005 0 1 0 30.8 0 0 0.6000000000000001 0.6000000000000001 1 0.6000000000000001 0 0.8 0 0.2 0.4 0 7.2 0 16.2 0 12.8 0 0 0 0.4 1 0 0 0.4 0 0 0 0.6000000000000001 0.4 0 0 1.6 0.4 1 0.6000000000000001 0 0 0 0 1.6 0.6000000000000001 0 0 0 0 0 0 0.6000000000000001 0 0.6000000000000001 0.2 0 0 0.2 0 1.8 14 4.2 0.2 0 2.8000000000000003 0 4.6000000000000005 0 2.8000000000000003 11.200000000000001 0.4 0.4 5 0 2.2 7.6000000000000005 5.6000000000000005 7.6000000000000005 0 0 2 0 0 0.2 0 0.2 0 0 0 0 0 1.6 3 0 0 0 0 3.6 4.4 0 0 0 0 2.6 0 0 0 0 0 0 0 1.6 0 0 0 0 0 0 0 0.6000000000000001 0 0 0.2 0 0 1.4000000000000001 0 0 0 0 0 0 0 0 0 0 0 0 0 0 1.8 12.4 4.800000000000001 0 7.6000000000000005 0 0.8 8 3.8000000000000003 3.6 0 0 0 7 8.200000000000001 3 2.2 4.6000000000000005 0 2 0.2 0 0 0 0 0.2 0 0 0.2 0 0 2.6 0.2 0 0 0 0 2 6.800000000000001 0 0 0 0 0 0 0 0 0.2 0 0.2 0 0 0 0 4.800000000000001 0 0 0 0 0 0 0 0 0 0 0 0 0 0 0 0 0 2.2 0 0 0 0.2 0 0 0 0 0 0 0 0.4 19.6 0 18.2 17.6 0 1.8 2.6 0 0 0 0 0 0 0 0 0 0 0 0 0 0 0 0 0 0 0 0 0 0 0 1.6 0 0 0 0 0 0 0 0 0 0 0 0 1.4000000000000001 
 41.800000000000004 31.200000000000003 110.80000000000001 27 8 29.6 34.2 28.400000000000002 45.800000000000004 23.400000000000002 32.800000000000004 22.200000000000003 5.800000000000001 17.2 67.4 33.6 0 25.400000000000002 43 9.200000000000001 15 0.6000000000000001 0 0 0 0 0 1.2000000000000002 0.2 0 0 0.8 27.6 0.6000000000000001 0.4 0 0 4.2 19.200000000000003 11.600000000000001 0.4 0 0 0.6000000000000001 0.4 0 0 0 0.4 1 0.6000000000000001 0 0.6000000000000001 0 0 0 0.4 0 0 0.6000000000000001 0 0 0 0 1.2000000000000002 0.6000000000000001 0.4 0 0 0 0 0.8 8.4 0 0.6000000000000001 0.2 0 0 0.2 0 0 1.4000000000000001 0 8.200000000000001 3.4000000000000004 3 3.2 6 2.8000000000000003 4.800000000000001 5.2 3.4000000000000004 11.200000000000001 2 2 8.6 2.6 6.800000000000001 0 3.6 0 0 0 0 0 0 0 0 0.2 0 0 0 0 0.2 0 0 0 0 1.6 0 0 0 0 0 0 0 0 0 0 0 0 0 0 0 0 0 0.2 0 0 0 0 0 0 0 0 0 0 0 0 0 0 0 0 0 0 0 2 0 0 0 0 6.4 8 0 0.2 5.4 0 6.6000000000000005 0 4.2 4.6000000000000005 6 0 2 7.4 0.6000000000000001 3.6 3.4000000000000004 0 0.2 0 0 0 0 0 0 0 2 0 0 0 0 2 0 0.2 0 0 0 4.6000000000000005 0.2 0 0 0 0 0 0 0 0 0 0 0 0 0 0 0 0 0 0 0 0 0.4 0 0 0 0 0 0 0 0 0 0 0 0 0 0 0 0 0 0 0 0 0 0 0 0 0 0 0 0.6000000000000001 0.2 5 0.2 1.2000000000000002 0 0 0 0 0 0 0 0 0 2.4000000000000004 0 0 0 0 0 0 0 0 0 0 0 0 3.6 0 0.4 0 0 0 0 0 0 0 0 0 0 0 0 
 112.2 45.6 28.400000000000002 33.4 27.400000000000002 52.800000000000004 5.6000000000000005 5.800000000000001 29.8 27.200000000000003 29.6 48 4.6000000000000005 52 59.2 46.6 25.400000000000002 0 6.800000000000001 13.200000000000001 0 0.6000000000000001 0 0 9 0.4 0.2 0.6000000000000001 1.4000000000000001 0.6000000000000001 0.2 1 0 0.6000000000000001 0.4 0 0 0.8 15.8 0 1.6 0 0 0.2 13 0.2 1.6 0.8 0.6000000000000001 1 0 0.6000000000000001 0.6000000000000001 0 0 0 0.4 0 0.8 0.6000000000000001 0 0 0 0 1.6 0.2 0 0 0 0 0 0 0.4 1 0.6000000000000001 0.6000000000000001 0 0 0.6000000000000001 0 2.6 5.4 0 4.2 2 1.4000000000000001 0 8 0 9.200000000000001 3 3.6 2.6 2 1.4000000000000001 2 5.2 4.800000000000001 0 0 0 0 0 0 0 0 0.4 0 0 0 0 0 0.4 3.4000000000000004 0 0 0 0 0 2 0 0 0 0 0 0 0 0 0 0.4 0 0 0 0 0 0 0 0 0 0 0 0 0 0 0 0 0 0 0 0 0 0 0 0 0.6000000000000001 0 0 0.4 0 0 0 1.8 10 9.600000000000001 2 0 0.4 0 0 0 0 4 0 0 4.4 4.6000000000000005 2.8000000000000003 3.2 0 0.2 2.6 0 0.4 0 0 0 0.6000000000000001 0 0 0 0 0 1 1.6 0 0 0 0 3.6 6.2 0 0 0 0 0 0 0 0 0 0 0 0 0 0 0 0 0 0 2.8000000000000003 0 0 0 0 0 0 0 0 0 0 0 0 0 0 0 0 0 0 0 0 0 0 0.4 0 0 0 0.2 0.4 0 9 0.4 0 0.8 0.6000000000000001 0 0 0 0 0 0 0 0 0 0 0 0 0 0 0 0 0 0 0 0 0 2 4.2 1.4000000000000001 0 0 0 0 0 0 0 0 0 0 0 0 0 
 11 56.800000000000004 7 59.800000000000004 11 25.400000000000002 26 51.800000000000004 50 35.2 7.800000000000001 6 16 22.6 13.4 10 43 6.800000000000001 0 12.4 0 0.6000000000000001 0 0 0 0 0 0.6000000000000001 0.4 0 0 1 0 0 0.4 0 0 0 0 0 0 0 0 0.2 0.4 0 0 0 8.200000000000001 0 0 0 0.6000000000000001 0 0 0 0.8 0.4 0 0.6000000000000001 0 0 0 0 0.4 1.4000000000000001 0 0 0 0 0 0 0.4 0 0.6000000000000001 0.6000000000000001 0 0 0.6000000000000001 0 0.2 0 0.4 0 4.800000000000001 0 10.600000000000001 0 2.6 2 0 0 6.2 2 0 4.800000000000001 0 0 0 10.200000000000001 0 0 0 0 0 0 0 0 0 0 0 0 0.2 0 0 0.4 0 0.4 2 0 0 0 0 0 0 0 12.200000000000001 0 0 0 0.4 1.6 0 0 0 0 0 0.4 0 0 0.8 0 0 0 0 0 3.2 0 0 0 0 0 0 0 0.4 0 0 0 0 0 0 5.6000000000000005 0 0 0 0 0 4.4 0.2 3.2 0 2.8000000000000003 2.2 0 4.6000000000000005 0 4.2 3.2 4.2 7.4 0 0 0 0 0.4 0 0 0 0 0 0 0 0.4 0 0 0 0 0.4 4.6000000000000005 0 0 0 0.4 0 0 0 0 0 0 0 0 0 0 0 0 0 0 0 0 0 0 0 0 0 0 0 0 0 0 2.4000000000000004 0 0 0 0 0 0 0 0 0 0 0 0 0 0 0 0 0.6000000000000001 0 0 0 0.2 1.8 0 0 0.4 0 0 0 0 0 0 0 0 0 0 0 0.4 0 0 0 0 0 0 0 0 0 0 0 0 0 0 0 0 0 0 0 0 0 0 0 
 45.400000000000006 10.8 24.200000000000003 12.600000000000001 12.600000000000001 6.4 7.4 39.400000000000006 35.4 76.80000000000001 9.8 9.8 45 17.2 29.200000000000003 7.6000000000000005 9.200000000000001 13.200000000000001 12.4 0 0 0.6000000000000001 0.4 0 0 0 0 2 0.8 0.2 0 0.6000000000000001 0 0 1.2000000000000002 0 0.2 0 0 0 0.4 0 0 0.6000000000000001 0.4 0 0 0 1 0 1.2000000000000002 0.4 0.6000000000000001 0 0 0 0.4 0 0 0.6000000000000001 0 0 0 0 0 0.2 1 0 0 1.2000000000000002 0 0 0.4 0 1.4000000000000001 0.6000000000000001 0 0 1.6 0 0 0 1.2000000000000002 0 1 0 1 1.4000000000000001 14.600000000000001 0.2 0 2 0.2 13.200000000000001 2.4000000000000004 0.4 0 3.2 14 3.2 0.2 0 0 0 0 0 0.2 0 0 0 0 0 0 0 0 0 0 0 0.2 0 0 0 0 0 0 0 0 0 0 0 0 2 0 0 0.4 0 0 0 0 3.8000000000000003 0 0.2 0 0 0 1.2000000000000002 0.4 0 0 0 0 0 0 2 1 0 0 0 0 0.2 0.4 2 0 4.4 0 4.4 0 2 5 5.800000000000001 0 0 3.4000000000000004 8.200000000000001 0 0 3 2.4000000000000004 2.4000000000000004 4.800000000000001 0 0 0.2 0 0 0.2 0 0 0 0 0 0 0 1.8 0 0 0 0 0 0 0 0 0 0 0 0 0 0 0 0 0 0 0 0 0 0 0 0 0 0 0 0 1.2000000000000002 0 0 0.4 0 0 0 0 0 0 0.2 0 0 0 0 0 0 0 0 0 0 0 0 0 0.2 0 0.4 0 0 1.8 0 0 0 0 0 0 0 0 0 0 0 0 0 0 0 0 0 0 0 0 0 0 0 3.6 0 0 0 0 0 0 0 0 0 0 0 0 0 0 
 0.6000000000000001 0 14.8 0 0 6.800000000000001 14.8 0 0 15 30 22 40 0 0 0 15 0 0 0 0 42.800000000000004 20 28 26.200000000000003 14 29.8 144.6 51 8.6 9.600000000000001 30.400000000000002 16.8 63.400000000000006 29.400000000000002 49.800000000000004 8.200000000000001 10.600000000000001 19.200000000000003 46 0.6000000000000001 1 0 0.6000000000000001 1.2000000000000002 0 0.6000000000000001 0 0.4 0 0 1.8 0.2 0.2 0.4 0 0 0 0 0 0 0 0.4 0.4 0 0.2 0 0 0.6000000000000001 0 0 0 0.6000000000000001 0 0 0 0.6000000000000001 0 0.4 3 0 0 0 3.4000000000000004 0 3.4000000000000004 0 0 0 0 0 2.8000000000000003 0 0 0 0 0 0 2.4000000000000004 0 0 0 0 9 3 0 8.4 3.8000000000000003 2.6 3.8000000000000003 2.2 0 4 0 0 1.6 0.2 6.4 2.4000000000000004 9 0 0 0 0 0 0 0 0 0 0 0 0 0 0 0 0 0 0 0 4.2 0 0 0 0 0 0 0 0 0 0 0 0 0 0 0 0 1.4000000000000001 0 0 0 0 0 4.4 0 2 0 0 0.2 0 0 4.2 0.4 0 0 0 0 0 0.4 0.8 0 0 0.4 8.4 3 0 0 2 4.4 5.800000000000001 1.8 0.2 2.8000000000000003 3.4000000000000004 6.2 3.4000000000000004 5.2 2.8000000000000003 3.2 2.8000000000000003 0.2 0 0 0 0 0 0 0 0 0 0 0 0 0 6.2 0 0 0 0.4 3.2 0 0.4 0 0 0 0 1.6 5.800000000000001 0 0 0 0 0 0 0 0 0 0 0 0 0 0 0 0 0 0 0 0 0 0 0 0 0 0 0 2 0.2 0.4 0.4 0.4 0.2 0.8 0 1.6 0 0 0 2 0.2 0 0 0 0 0 0 0 0 0 1.8 0 0 0 1.6 0 0 0 0 0 0 0 0 
 0.8 1 1.2000000000000002 15.4 15.600000000000001 0.8 0.6000000000000001 0.6000000000000001 0.6000000000000001 0.6000000000000001 1.4000000000000001 15.4 0.6000000000000001 0.6000000000000001 0.6000000000000001 1 0.6000000000000001 0.6000000000000001 0.6000000000000001 0.6000000000000001 42.800000000000004 0 78.60000000000001 34.4 7 53.6 50.6 26 27.400000000000002 7.2 23 89.4 12.4 48 62.6 20.400000000000002 21.200000000000003 89.4 11 15.8 1.2000000000000002 0 0 15.8 0.4 11.200000000000001 0.4 0 0.6000000000000001 0 0 1 0 0.8 0.8 0.2 0 0 9 0.2 0 0.6000000000000001 0 0 0 0.4 10.600000000000001 0.8 0.4 0.4 0 0.2 0 0 0.4 0.6000000000000001 0 10.8 0.8 0 0 0 0 0 2.2 3 0 0 0 0 0 0 0 0 0 0 0 0 0 0 2.2 0 6.2 0.8 4 0 3.2 4.4 0.8 2.2 4.2 15 2.4000000000000004 0.8 3.6 5 5 3.2 0 9.8 0 0 0 0 0 0 0 0 0 0 0 0 2 6.6000000000000005 0 0 0 0 0.2 0.2 0 0 0 0 2.2 0 0 0 0 0 0 0 0 0 0 0 0 0 0 0 0 0 0 0 2.6 0 0 0 1.4000000000000001 0 0 0 0 0 0 0 0 0 0.4 0 3.6 2.6 7 4.800000000000001 6.2 2 4.800000000000001 3.8000000000000003 6.4 9.600000000000001 3.6 0.6000000000000001 0 3.4000000000000004 3.4000000000000004 7.6000000000000005 5.4 6.6000000000000005 0 0 0 0 0 0 0 0 0 0 0 0.4 0 0 0 0 5.800000000000001 0 0 0 0 2 0 0 0 0 0 0 0 0 0 0.2 0 0 0 0 0 0 0 0 0 0.4 0 0.8 0 0 0 0 0 0 0 0 0 0 0 0 1.2000000000000002 0 0 0.2 0.8 0 0 0.2 0 0 0 0 0 0 0 0 0 0 0 0 0 0 0 0.2 0 2 0 0 0 0.4 0 3.6 0 0 0 0 
 0 0 0.6000000000000001 0 0 0 0 0 0 0 0 0 0 0 0 0 0 0 0 0.4 20 78.60000000000001 0 43.2 8.8 11 25 97.80000000000001 47.6 24.6 26.200000000000003 23 12.200000000000001 8.8 41.800000000000004 13.200000000000001 32.6 13 5.800000000000001 11 1 0 0 1 0.2 12.600000000000001 0.4 0 0.4 0.6000000000000001 0.6000000000000001 0.4 0 0 0.4 0.6000000000000001 0.6000000000000001 0 28 12.4 0 0 0.6000000000000001 0 0.6000000000000001 0.6000000000000001 0 1.4000000000000001 0 0 0.4 0.6000000000000001 0.4 0 0 0 0.6000000000000001 0.4 0 0.6000000000000001 0 0 0 0 0 2.4000000000000004 0 0 0 0 0 0 0 0 0 0 0 0 0 0 0.8 0 3.8000000000000003 2.2 14.8 0.2 0 0.4 6.4 4.800000000000001 7 3.2 0 0 3 0 0 6.800000000000001 0 0 3.4000000000000004 0 0 0.4 0 0 0 0 0 0 0 0 1 6.2 0 0 0 0 5 0.4 0 0 0 0 0 0 0 0 0 0 0 0 0 0 0 0.4 0 0 0 0 0 0 0 0 0 0 3.6 0.4 0 0 0 0 1.4000000000000001 0 0 0 0 0 0 0 7.2 3.2 0 5.2 6.2 0 0 3.8000000000000003 3.8000000000000003 6.6000000000000005 0 5.4 0 0 4.2 2 0.8 0.2 0 0 0 4 0.4 0 0 0 2.4000000000000004 0.8 0 0 0 0 4 0 5 0 4 0.2 3.8000000000000003 1 0.2 0 0 0 0 0 0 0 0 0 0 0 0 0 0 0 0 0 0 0 0 0 0 0 0 0 0 0 0 0 0 0 0 0 2.2 0 0 15.4 0 0 1.8 0.4 0 0 0 0.2 0 0 0 0 0 0 0 0 0 0 0 0 0 0.8 0 0 0 0 0 0 3.4000000000000004 0 0 0 
 0.6000000000000001 0 0.8 0 1.6 0 0 0 0 0 0 6.2 0.6000000000000001 0 0 30.8 0 0 0 0 28 34.4 43.2 0 23.6 26.6 31.6 38 40.400000000000006 54.2 114.60000000000001 93.4 40.2 17.8 34.4 44.800000000000004 26.8 26 60.6 32.2 1 0 0 0.6000000000000001 0.6000000000000001 21.8 0.4 0 0.4 0 0 5 0 0 0.6000000000000001 0.6000000000000001 0 0 5.2 0.2 0 0 0.6000000000000001 2.6 0.4 0.4 0 1.2000000000000002 0 0 0 0 0.6000000000000001 0.4 0 0.2 0.6000000000000001 0 0.8 0.6000000000000001 0 0 0 0 0 2.2 0.2 0 0 0 0 0 0 0 0 0 0 0 0 0 5 2.2 3.6 5.4 4.4 3 2.8000000000000003 1.4000000000000001 2.4000000000000004 5 11.8 4.800000000000001 4.2 1.4000000000000001 6.6000000000000005 0 0 7.6000000000000005 0 0.8 0.2 0 0 0 0 0 0 0 0 0 0 0 3.4000000000000004 3.2 0 0 0 0 2 5.4 0 0 0 0 0 0 0 0 0 0 0 0 0 0 0 0 0 0 0 0 0 0 0 0 0 1.8 2 0 0 0 0 0 1.6 0 0 0 0 1.8 0 0 4.2 2.4000000000000004 0 5 3 0 0.2 0 6.2 9.8 3.8000000000000003 0.2 0.8 0 5.4 5 14 1.8 0 0 0 0 0 0 0 0 0 0 0 0 0 0 0 1.4000000000000001 2.8000000000000003 0 0 0 2.8000000000000003 3.2 0 0 0 0 0 0 0 0 0 0 0 0 0 0 0.2 0 0 0 0 0 0 0 0 0 0 0 0 0 0 0 0 0 0 0 1.2000000000000002 0.4 0 9.600000000000001 3.2 0 2.2 0 0 0 0 0 0 0 0 0 0 0 0 0 0 0 0 0.8 0 0 0 0.4 0 0 0 0 0 0 0 0 
 0 0 0.6000000000000001 0.4 0 0 0.2 0.6000000000000001 0 0 0 0.4 0 0 0 0 0 9 0 0 26.200000000000003 7 8.8 23.6 0 86.80000000000001 8 23.400000000000002 82.60000000000001 67.4 17.400000000000002 21.400000000000002 32.6 15.8 20.400000000000002 30.200000000000003 26.400000000000002 7.2 14.200000000000001 14 21 0 0 0.6000000000000001 0.6000000000000001 0 1.2000000000000002 0 0.4 0 0 5.2 13.4 12.4 12.8 0.6000000000000001 0 0 11.200000000000001 15.600000000000001 0 0 0.6000000000000001 0 0 0.4 0 0 0 0 0 0 0.4 0 0 0 0.6000000000000001 0 0 0.6000000000000001 0 0 0 0 0 0 0 0 0 0 0 0 0 0 0 0 0 0 0 0 0 0 1.6 3.4000000000000004 4.2 2.8000000000000003 0 0 0 3.4000000000000004 4.800000000000001 2.6 0 0 0 0.2 2.8000000000000003 0 0 0 6.6000000000000005 1.8 0 0 0 0 2.2 2.6 3.4000000000000004 3.6 0 0 1.8 3 0 0 0 0 2.2 9.600000000000001 0 0 0 0 0 0 0 0 0 0 0 0 0 0 0 0 0 0 0 0 0 0.4 0 0 0 0 0 0 0.2 0 0 0 0.2 0 0 0 0 0 0 0 0 0 0 0 3.4000000000000004 4.4 0 0 0 2.8000000000000003 2.6 4 0 0 0 0 3 1.8 0 0 0.2 0.2 5 0 1.6 0 3 8.6 0 0 1.4000000000000001 0.2 3.2 1.6 0 2 0.2 0 5.800000000000001 0 0 0 0 1.2000000000000002 0 0 0 0 0 0 0 0 0 0 0 0 0 0 0 0 0 0 0 0 0 0 0 0 0 0 0 0 0.2 0 3.8000000000000003 0.2 0.4 8.4 0 0 0.6000000000000001 2.4000000000000004 0 0 0 0 0 0 0 0 0 0 0 0 0 0 0 0 0 0 0 0.6000000000000001 0 0 1.4000000000000001 0 0 3.6 0 0 
 0 0 0 0 0 0 0 0.6000000000000001 0 0 0 0.2 0 0 0 0 0 0.4 0 0 14 53.6 11 26.6 86.80000000000001 0 6 24.6 6.6000000000000005 23.8 15.200000000000001 72.4 8.6 61.800000000000004 74.2 39.800000000000004 39.800000000000004 10.4 50.6 50.6 0.6000000000000001 0.6000000000000001 0 1 0.6000000000000001 0 12.600000000000001 0 13.600000000000001 13 0 1 25.200000000000003 14 30.6 0 0 0.2 1.6 24.6 0 0 0.4 0.4 0 0.4 0 0 0 0 0 0 0.6000000000000001 0 0 0 1.8 0 0.4 0.6000000000000001 0 0 0 0 0 0 0 0 0 0 0 0 0 0 0 0 0 0 0 0 0 0 7 2.2 0.8 0 0 0 0 2.2 2 4 0 0 0 0 0 0.2 0 0 4 0 0 0 0 0 7.4 4.800000000000001 0 0 2 0 0 1.6 1.2000000000000002 1.4000000000000001 0 0 0 2 0 0 0 0 0 0 0 0 0 0 0 1.6 0 0 0 0 0 0 0 0 0 1 0 0 0 0 0 1.4000000000000001 0 0 0 0 0 0 0 0 0 0 0 0 0 0 0 0 0 2 0 0 1.2000000000000002 5.6000000000000005 3 4.800000000000001 0 0 0 0 1.6 1.6 3.6 0.2 1.6 3.8000000000000003 1.4000000000000001 0 0.2 0 0 0 0.2 2.8000000000000003 4.2 0 1.6 5.800000000000001 0.6000000000000001 2 3.6 0.2 1.6 4 0 0 0 0 0 0 0 0 0 0 0 0 0 0 0 0 0 0 0 1.6 0 0 0 0 0 0 0 0 0 0 0 0 0.2 0 3.4000000000000004 0 0.6000000000000001 14.8 0.2 1.2000000000000002 0 2.6 0 0 0 0 0 0 0 0 0 0 0 0 0 0 0 0 0 0 0 1.2000000000000002 0 0 0 0 0 0 0 0 
 0 0 2.2 7.4 33 12.8 0 0.2 0 0 0.4 0 0 0.4 0 0.6000000000000001 0 0.2 0 0 29.8 50.6 25 31.6 8 6 0 26.400000000000002 12.4 40 4.4 40.800000000000004 82.80000000000001 30 24.200000000000003 32.4 7.800000000000001 19.200000000000003 20.8 68.4 1.6 0 0 11.8 0 13.200000000000001 0.6000000000000001 0 0.4 0 0 0.4 0 0 1 0 0.6000000000000001 0 0 0 0 0 0.4 0.4 0 0.4 0 0 0.6000000000000001 10.4 0 0 1.4000000000000001 0 0 0 0.6000000000000001 0 1.6 1 0 0 0 0.2 3 2.6 0 0 0 2 0 1.2000000000000002 0 0 0 0 0 0 0 0 6.2 0.6000000000000001 0 3.2 0 0 3.6 0.4 5 1 0 0.6000000000000001 1.8 2 6.4 12.4 3 6.2 0 3 0 0 0 0 0 0 0 0 0 0 0 0 0 0 0 0 0 0 0 0 1.4000000000000001 0 0 0 0 0 0 0 0 0 0 0 0 0 0 0 0 2.2 0.4 0 0 0 0 0.2 5 0 0.4 0.2 0 0 0 0 0 1.4000000000000001 0 0 0 0 0 0 2.6 5.2 2.4000000000000004 12.200000000000001 0 0 5.4 0 2.6 3.8000000000000003 2.6 0 0 2.2 5 0 10.4 5.800000000000001 3.2 0 0 0 0 0 0 0 0 0 0 0 0 0 0 0 0 0 0 0.2 0 0 0.4 0.4 0 0 0 0 0 0 0 0 0 0 0 0 0 0 0 0 0 0 0 2.6 0 0 0 0 0 0 0 0.2 0 0 0 0 1.6 0 0 0 4.6000000000000005 0.8 0 0 0 0 0 0 3.2 0 0 0 0 0 0 0 0 0 0 0 0 0 0 0 0 0 0 0 0 0 0 0 
 0.6000000000000001 0.6000000000000001 0.6000000000000001 0.8 0.6000000000000001 0.6000000000000001 0.6000000000000001 0.6000000000000001 0.6000000000000001 0.6000000000000001 0.6000000000000001 0.6000000000000001 0.6000000000000001 0.6000000000000001 0.8 0.6000000000000001 1.2000000000000002 0.6000000000000001 0.6000000000000001 2 144.6 26 97.80000000000001 38 23.400000000000002 24.6 26.400000000000002 0 37.4 22 13.8 9.4 60.400000000000006 16.8 69.4 7.800000000000001 7.4 26 10.200000000000001 24.400000000000002 0.8 0 0 0.6000000000000001 1.2000000000000002 0.2 0.6000000000000001 0 0.4 0 0 2.6 0 0 0.4 0 0 0 0 0 0 0 0.4 0.4 0 0.4 0 0 1.2000000000000002 0 7.800000000000001 0 0.6000000000000001 0 0 0 0.6000000000000001 0 0.2 2.4000000000000004 0 0 0 0 0 0 0 0 0 0 0 0 0 1 0 0 0 0 0 0 0 3 8.4 6 10.8 1.8 0 2 5.800000000000001 8.200000000000001 8.8 3.8000000000000003 0 0 0.2 2.8000000000000003 2.4000000000000004 0 0 4.4 7.6000000000000005 0 0 0 0 0 0 2.2 0 0 0 0 0 0 0 0 0 0 9.200000000000001 2.8000000000000003 0 0 2 0 0 0 0 0 0 0 0 0 0 0 0 0 0 0 1.4000000000000001 0 0 0 0 0 0 0 0.6000000000000001 0 0 0 0 0 1.6 0 0 0 0 0 0 0 1.8 0 1.6 5.800000000000001 2.6 2.4000000000000004 0 0 0 8 3.4000000000000004 0 0 0 7.2 1.2000000000000002 8.200000000000001 10.4 3.8000000000000003 0.2 3.8000000000000003 0 0 0 0 0 0 3.6 0 0 2.8000000000000003 0 0 3.8000000000000003 0 0.2 0 0 2.8000000000000003 0 0 0 0 0 0 0 0 0 0 0 0 0 0 0 0 0 0 0 0 0 0 0 0 0 0 0 0 0 0 0 0 0 0 0 1.6 0.4 0.4 0 0 0 1.6 0 0 0 0 0 3 0 0 0 0 0 0 0 0 0 0 0 0 1.8 0 2.4000000000000004 0 0 0 3.6 0 0 0 0 
 0 0.2 0.2 0.2 0.2 0 0.4 0.4 0.4 0.2 0.2 0.8 0.6000000000000001 0.2 0.2 1 0.2 1.4000000000000001 0.4 0.8 51 27.400000000000002 47.6 40.400000000000006 82.60000000000001 6.6000000000000005 12.4 37.4 0 61.6 58 82.2 20.200000000000003 32 50.400000000000006 13.600000000000001 27.200000000000003 44.2 61 16 0.8 0.4 0 0.6000000000000001 0 0.2 0.4 0 0.4 0 0 0.4 0 13.200000000000001 0.4 0 0 0 25.400000000000002 14 0 0 0.6000000000000001 0 0 0 0 0.6000000000000001 0 0 0 0 0.4 0.4 0 0 0.6000000000000001 0 0 0.6000000000000001 0 1 0 0 0 0 0 0 0.2 0 0 0 0 0 0 0 0 0 0 0 2.4000000000000004 2.6 1.8 0 4.2 0 0 2.6 0 2 1.6 7.4 0 1.2000000000000002 0 0 0 1.2000000000000002 0 0 0 0 0 0 0 0 0 0 2.2 0 0 0 6 2.6 0 0 0 0 5.2 6.2 0 0 0.2 0 0 0 0 0 0 0 0 0 0 0.2 0 0 0 0 0 0 0 0 0 0 0 0 0 0 0 0 0 0 0 0 0 0 0 0 0 0 0 2.6 1.8 13 4.2 2.4000000000000004 0 2.4000000000000004 0 0 3.2 9.8 0 0 0 0 5.6000000000000005 2 0 0 0.4 1.8 0 0 0 0 2.4000000000000004 0 0 0 0 2.4000000000000004 4.4 0 5.6000000000000005 0 0 0 2.4000000000000004 2.4000000000000004 0 0 0 0 0 0 0 0.2 3.6 0 0 0 0 0 0 0 0 0 4 0 0 0 0 0 0 0 0.4 0 0 0 0 0 0 0 1 0.2 0.2 17.400000000000002 0 0.2 0.6000000000000001 0 0 0 0 0 0 0 0 0 0 0 0 0 0 0 0 0 0 1.4000000000000001 0 3.8000000000000003 0 0 0 0 1.2000000000000002 0 0 0 
 0 0 0 0 0.2 0 0 0 0 0 0 0 0 0 0 0.6000000000000001 0 0.6000000000000001 0 0.2 8.6 7.2 24.6 54.2 67.4 23.8 40 22 61.6 0 32 15.8 82.60000000000001 33.4 38.2 24.6 24.200000000000003 21.8 35.4 65.8 0.4 0 0 0.6000000000000001 0 0 0.6000000000000001 0 0.4 0 0 0.4 0 0 0.4 0 0.8 0 0 16.2 0 0 0.6000000000000001 0 0 0.2 0 9.4 0.8 0 0 0 0.4 0.4 0 5.800000000000001 1 0 0 1.2000000000000002 0 0 0 0 0 0 0 0 0 0 0 0 4 0 0 0 0 0 0 0.2 0 1.8 2 0 0 4.4 0 0.8 4.4 6 0.4 0 0 4.800000000000001 4.800000000000001 0 6.2 2 0 1.2000000000000002 2.6 0 0 0 0 0 4.4 2.2 0 0 0 0 0 0 0 0 0 0.2 0 0.2 0 0 0 0 0 0 0 0 0 0 0 0 0 0 0 0 0 0 0 3.2 0 0 0 0 0.4 0.2 0.8 0 0 0 0 0 0.4 0.6000000000000001 0.2 0 0 0 0 0 0 0 3.2 4.6000000000000005 5.2 3 0.2 0.4 4 2.6 0.8 4 0 0 4.2 4.800000000000001 0 6 1.6 0 1.2000000000000002 0 0 0 0 0 4 2.4000000000000004 0 0 0 0 2.4000000000000004 0 0 0 3 0 0 0 0 0 0 0 0 0 0.4 0 0 0 2.8000000000000003 0 0 0 0 0 0 0 0 0 0 0 0 0 0 0.4 0 0 0 0 0 0 0 0 2.6 0 0.4 25.200000000000003 16 0.2 0 2.4000000000000004 0 0 0 0 4 0 0 0 0 0 0 0 0 0 0 0 0 0 0 0 0 0 0 7.6000000000000005 0 0 0 0 
 15.600000000000001 0 0.4 0.6000000000000001 0 0 0 0.6000000000000001 0 0 0.8 0 0 0 0 0 0 0.2 0 0 9.600000000000001 23 26.200000000000003 114.60000000000001 17.400000000000002 15.200000000000001 4.4 13.8 58 32 0 42.2 7 10 40 14.4 43.2 32.800000000000004 48.400000000000006 10.200000000000001 1 0 0 0.6000000000000001 0 0.6000000000000001 0.6000000000000001 0.6000000000000001 1.2000000000000002 0.2 0 0.4 0 13 0.4 0 0.4 0 18 0.2 0 0 1.2000000000000002 1.6 0 0 0 1.2000000000000002 0 0 0 21 0.6000000000000001 0 0 0 1.8 0 0.4 0.6000000000000001 0 0 0 0 0 0 0 0 0 0 0 0 0 0 0 0 0 0.4 0 0.4 0 4.800000000000001 3.2 0 2.8000000000000003 8.200000000000001 0 3 0 3.4000000000000004 6 2.6 0 0 0 0 0 1.8 0 0 2.8000000000000003 1.4000000000000001 0 0 0 0 0 0 2.6 0 0 0 2.6 4.4 2.2 0 0 0 5 3.8000000000000003 0 0 0 0 0 0 0 0.4 0 0 0 0 0 0 4 0 0 0 0 0 0 0 0 0 0 0.4 0 0 0 0 0 0 0 0 0.4 0 0 0 0 0 0 0 1.2000000000000002 3 11.8 4.800000000000001 0 3.8000000000000003 0 0 4.6000000000000005 9.8 0 2.2 0 1.2000000000000002 0 5.6000000000000005 0 0 2.4000000000000004 4 0 0 0 0 5.6000000000000005 2.4000000000000004 0.4 0 0 0 6 0 4.4 0 2.6 0 0.2 0.8 0 0 0.2 0 0 0 0 0 2.8000000000000003 0 0 0 0 0 0 0 0 3 0 0 0 0 0 0 0 0 0 0 0 0 0.2 0 0 0 3.6 0 0 15.8 0 0.2 0.2 0 0 0 0 0 0 0 0 0 0 0 0 0 0 0 0 0 0 7.800000000000001 0 2.6 0 0 0 0 1.8 0 0 0.2 
