 0 13.4 88.2 72.4 26.400000000000002 9.8 80.60000000000001 29.6 10.8 7.6000000000000005 22.400000000000002 30.200000000000003 52.2 16 58.6 21.8 31.400000000000002 10 32.4 29.200000000000003 0 0 0 0 0 0 0 0 0 0.4 0 0.4 0 0.6000000000000001 0 13.4 1.2000000000000002 0 0 0 0 0 0 0 0.6000000000000001 0.6000000000000001 0 0 0 0 0 0.6000000000000001 0 0.4 0 0.6000000000000001 0 0.4 1.8 0 0 0 0 0 0 0 0 0 0 0 0 0.6000000000000001 0 0 0 0 0 9.4 0 0 0 4.6000000000000005 0 2.4000000000000004 0 0 3.6 1.4000000000000001 2 0 2.8000000000000003 0 8 2.4000000000000004 2 0 0 3.6 2 5.800000000000001 0 0 0 0 0 0.4 0 0 0 0 0 0 0 0 0 0 0 0 0 0 0 0 0 0 0 0 0 0.4 0 0 0 0 0.4 0 0 0 0 0 0 0 0 0 0 1.4000000000000001 0 0 0 0 0 0 0 0 0 0 0 0 0 0 0 0 0 0.4 5.6000000000000005 0 0 0 0 2.4000000000000004 0 3 0 1.8 1.6 4.6000000000000005 0 1.4000000000000001 0 0 0 0 0 0 0.4 0 0 0 0 0 0 0 0.2 0 0.4 0 0 0 0 0 2 3.2 0 0 0 0 0.4 0 0 0 0 0 0 0 0.4 0 0 2.4000000000000004 0 0 0 0 0 0 0 0 0.2 0 0 0 0 0 0 0 0 0 0 0 0 0 0 0 0 0 0 0 0 0.8 20.6 0 0.4 0 0.4 2.8000000000000003 0 0 0 0 0 0 0 0 0.2 0 0 0 0 0 0 0 0 0 0 0 0 0 0 0 3.6 0 0 0 0 0 0 0 0 4.4 0 0 0 0 
 13.4 0 22.6 102.2 55.400000000000006 10.600000000000001 53.6 71.60000000000001 38 49.2 53 43.6 27.8 29.400000000000002 108.4 69.4 9.200000000000001 13.4 31.400000000000002 23.200000000000003 0 0 0 0 0 0 0 0 0.2 0.2 0 0 0 1 0 0 0 1 0 0 0.4 0.8 9.4 0 0.6000000000000001 0.8 1.2000000000000002 12.8 6.800000000000001 0 0 0.6000000000000001 0 0.4 12.600000000000001 0.6000000000000001 0 0.6000000000000001 0 0 0 0 0 0 0 0 0 0 0 0 0 0.6000000000000001 0 0 0 0 0 0 0 0 0 0.4 2 5.2 3.2 1 2.8000000000000003 0 7.2 2.6 3.2 4.2 4 5.2 4.800000000000001 0 6.4 1.6 0 0 0.2 2.8000000000000003 0 0 0 0 0 0 0 0 0 0 1.4000000000000001 0.4 0 0 3.2 0 3.2 2.8000000000000003 0 0 0 0 0 0 0 0 0.2 0 0 0 0 0 0 0 0 0 0 0 0 0 0 0 0 0 0 0.4 0 0.4 0 0 0 0 0 0 0 0 0 0 2 5.6000000000000005 3.6 0 0 0 0 1.8 8.4 2.8000000000000003 0 2.6 0 0 4 1.2000000000000002 4.6000000000000005 0.2 5 1.6 0 0 0 0 0 1.2000000000000002 2.8000000000000003 0 0 0 0 0.2 0.4 0 0 0 0 2.4000000000000004 5 2 0 0 0 0 0 3.4000000000000004 0 0 0 0 0 0 0 0 0 0 0 0.2 0 0 0 0 0 0 0 0 0 0 0.2 0 0 0 0 0 0 0 0 0 0 0 0 0 0 0 0 0.4 0 0 0 0.4 0 2.2 2.6 0 0 0 0 0 0 0 0 0 0 0 0 0 0 0 0 0.4 0 0 0 0 0 0 2.8000000000000003 0 0 0 0 0 0 0 0 0 0 0 0 0 
 88.2 22.6 0 42.6 54.400000000000006 5.2 13.4 39.400000000000006 32.800000000000004 45.400000000000006 25.200000000000003 6.6000000000000005 16.400000000000002 27.6 8.4 65.2 41 45.800000000000004 49.6 7.4 0 0.4 0.4 0 0.6000000000000001 0.6000000000000001 15 0.6000000000000001 0 0.2 0.4 0 22.400000000000002 0.6000000000000001 0 1.4000000000000001 0.6000000000000001 0.6000000000000001 17 15.200000000000001 0.4 0 0 0 0.6000000000000001 1 0.6000000000000001 0 0 0 0 0.6000000000000001 0.4 0.4 0 0.6000000000000001 0 0.4 0 0 0 0 0 0 0 0 0 0 0.4 0 0 0.8 0 0 0 0 0.8 0 0 0 2.4000000000000004 1 2.2 7.6000000000000005 6.800000000000001 2.4000000000000004 6.4 4.4 0 2.2 2.2 0.2 0 5.2 2 3.2 3.2 7.800000000000001 2.2 1.4000000000000001 0.2 0 0 0 0 0 0.6000000000000001 3 0 0 0 0 2 4 4.800000000000001 2.6 0.2 5.4 3.6 1.2000000000000002 0 0 0 0 0 0 0 0 0 0 0 0 0 0 0 0.6000000000000001 0 0 0 0 0 0 0 0 0 0 0 0 0 0 0 0 0 0 0 0 0 0 0 0 0 0 0 6.4 3.4000000000000004 0 3.6 2.6 0 1.4000000000000001 1.8 1.6 1.8 0 8.6 5 0.4 3 2.4000000000000004 4.6000000000000005 3.6 0 0 0 0 0 0 0 0 0 0 0 5 7.6000000000000005 0.2 0 0 0 6.4 0 0 0 0 0 0 0 0 0 0.2 0 0 0 0 0 0 0 0 0 0 0 0 0 0 0 0 0 0 0 0 0 0 0 0 0 0 0 0 0 0 0 0 0 0 0 0 0 8.8 0 0.2 0.4 0 1.4000000000000001 0 0 0 0 0 0 0 0 0 0 0 0 0 0 0 0 0 0 0.2 0 0 0 0 2.8000000000000003 3 0.2 0 0 0 0 0 0 0 0 0 0 0 0 
 72.4 102.2 42.6 0 49.400000000000006 22.200000000000003 19.6 38 43.2 25 13.600000000000001 35.800000000000004 55.400000000000006 32.4 52.6 54.400000000000006 48.800000000000004 41.400000000000006 21.200000000000003 25.200000000000003 0.2 0 0 0 0 0 0.2 0 0.4 0 0 0.6000000000000001 24.400000000000002 7.2 7 0.2 0 0 0.2 14.8 0 0 0 0 0.4 0.6000000000000001 0 0 0 0 0 0.6000000000000001 12.200000000000001 0.4 0.2 0.6000000000000001 0 0.4 0 0 0 1 0 0 0 0 0 0 0 0 0 0.4 1.2000000000000002 0 0 0 0 0 0 0 0 6.2 1.8 11.600000000000001 2.6 2.2 0.4 0.2 0 0 3.2 10.200000000000001 0 0 0 1.2000000000000002 0 3.8000000000000003 0 0.2 3.2 0 6.4 0.2 0 0 2.6 3 4.6000000000000005 0 0 0 2.6 3.4000000000000004 2.8000000000000003 3.6 5.2 2 2.8000000000000003 0.8 0 0 0 1.6 0 0 0 2.2 0 0 0 0 0 0 0 0 0.4 0.2 0 0 0 0 0 2 0 0 0 0 0 0 0 0 0.4 0 0 0 0 0 0 0 2.4000000000000004 0 0.2 16 0 2.2 2.2 0 0 5.800000000000001 4.800000000000001 4.800000000000001 3 2.2 2.6 2.4000000000000004 5.4 1.8 0 1 6.800000000000001 0 0 0.6000000000000001 0 0 2.4000000000000004 0 0.4 0 0 0 4.6000000000000005 2.8000000000000003 3.4000000000000004 0 0 0 1 15.200000000000001 0 0 0 0 0 0 0 0 0 0 0 4.4 0 0.4 0 1.4000000000000001 0 0 0 0 0 0 0 0 0 5 0 0 0 0 0 0 0 0.4 0 0 0.2 0.2 0 0 0 0 0 0 0 0.4 10.600000000000001 0 0.6000000000000001 0 0 2.2 0 0 0 0 0 0 0 0 0 0 0 0 0 0 0 0 0 0 0 0 0 0.2 0 2.4000000000000004 2.4000000000000004 3.2 0 0 0 0 0 0 0 0 0 0 0 0 
 26.400000000000002 55.400000000000006 54.400000000000006 49.400000000000006 0 17 12.200000000000001 46.2 57.6 15.600000000000001 35 13.200000000000001 14 72.60000000000001 34.4 15.200000000000001 26.6 27.200000000000003 10.600000000000001 20.8 14.4 32 15.200000000000001 0.2 0 0.4 0 0 0 16.400000000000002 0 0.2 0 15.200000000000001 39 0 0 41.6 15.200000000000001 30.400000000000002 0 1.8 0.2 0 0.6000000000000001 1.4000000000000001 2.2 0 0 1.2000000000000002 0 0.6000000000000001 13.4 0.4 0.2 0.6000000000000001 0.8 0.4 0.4 0 0 4.6000000000000005 0 0 0 0.2 0 0 0 0 0 1.4000000000000001 2 0 0 0 0 0 0 0 0 3 0 3.6 0 5.2 0 0 0 0 5.2 6.2 0 0 0 0.4 0 0 0 0 2.6 0 8.8 0 0 0 1.8 0.4 4 2.4000000000000004 0 0 4.4 0 0 2.2 11.4 3.6 7 5 0 0 0 0 0 0 0 0.6000000000000001 0 0 0 0 0 0 0 0 0 0 0 0 0 0 0 1.4000000000000001 0 0 0 0 0 0 0 0 0 0 0 0 0 0 0 2.8000000000000003 1.8 0 0.2 0.2 1.2000000000000002 5.2 2 0 8.8 11.200000000000001 0.6000000000000001 7 0 1.8 5.6000000000000005 0.4 6.4 0 0.2 1.4000000000000001 7.4 3.8000000000000003 0 1.8 0 0 2.4000000000000004 0 4 0 0 0 5 3.2 2.2 0.4 3 2 2.4000000000000004 10.4 0 0 0 0 0 0 2.6 0 0 0 0 0 0 0 0 0 0 0 0 0 0 0 0 0 0 0 0 0 0 0 0 0 0 0 0 0 0 0 0 0 0 0 0 0 0 0 1.2000000000000002 1.2000000000000002 0.4 0.8 0.2 1.4000000000000001 0 0 0 0 0 0 0 0 0 0 0 0 0 0 0 0 0 0 0 0 0 0 0 2.6 0 3.6 0 0 0 0 0 0 0 0 0 0 0 0 
 9.8 10.600000000000001 5.2 22.200000000000003 17 0 23 7.800000000000001 18.6 27.8 31.6 45.6 13 13.600000000000001 26.6 13.200000000000001 10.8 13.200000000000001 10.8 12.200000000000001 14.8 14.8 0.6000000000000001 0.4 0.8 0.6000000000000001 0.4 0.4 0 0.4 0 0.6000000000000001 0.4 0.6000000000000001 15.600000000000001 0.6000000000000001 15.200000000000001 5 42.2 0 1 0.4 0.4 0.4 1 0.6000000000000001 0 0.8 0.4 0 0.4 0.6000000000000001 0 0.4 0 0.8 0.4 0.6000000000000001 1 0 0.6000000000000001 0 0.2 0 0.4 0 0 0.2 0.4 10.200000000000001 0.6000000000000001 0.8 0 0 0.4 0 0 0 0.2 0 0 2.4000000000000004 2.2 3.4000000000000004 0 3.6 0 0 0.4 0 0 0 0 4 0 1 0 0.2 0 0 0 0 0 0 0 0 2.2 0 0 3.6 0 0.2 1.8 0 2 2 0.8 0 0 4.4 0 0 0 0 0 0 0 0.4 0.4 0 0 0 0 0 0 0 0 3.8000000000000003 0 0 0 0 0.2 0 0 0 0 0 2.2 0 0 0 0 0 0 0 0 0 0 0 0.8 0 0 11.200000000000001 0.2 4.6000000000000005 0 0 0 0 1 0 0 0 0 0 1.2000000000000002 0 0 3.6 0 3.6 0 0 0 0 5 0.4 0 0 0 0 2.8000000000000003 0 4.2 2 0.2 1.8 0 1.2000000000000002 0 0 0 0 0 0 0 0 0 0 0 0 0 0 0 0 0 0 0 0 0 0 0 0 0.2 0 0 0 0.4 0 0.2 0 0 0 0 3.8000000000000003 0 0 0 0 0 0 0 0 0.2 0.2 0 0 1.6 19 0 1.6 3.2 0 0 0 0 0 0 0 0 0 0.2 0 0.4 0 0 0 0 0 0 0 0 0 0 0 0 0 0 0 0 0 0 0 0 0 0 0 0 0 
 80.60000000000001 53.6 13.4 19.6 12.200000000000001 23 0 81.80000000000001 69.2 10.200000000000001 65.8 14.200000000000001 60.800000000000004 77.4 35.6 6.800000000000001 57.2 51.2 29.8 67.2 7.800000000000001 0 0 0 0 0.2 0 0 0 0.4 0 0 0 0.6000000000000001 0 0 0.4 0 0 0 0 0 0 0 0.6000000000000001 0.6000000000000001 0 0 12 0 0 0.6000000000000001 0 0.4 0 0.6000000000000001 0 0.4 0 0 10 0 0 0 0 1.8 0 0 0 0 0 0.6000000000000001 0 0 0.4 0 0 0 0 0 3.2 5.4 1.8 2.2 0 0 6.2 3.8000000000000003 2 5.2 2.4000000000000004 0 0 3.6 4.2 2 2 0 5.2 4.2 0 0 0 0 0 0 0 0 0 0 0 0 0 0 0.2 0 3.2 0 0 0 0 0 0 0 1.4000000000000001 0 0 0 0 0 0 0 0 0 0 0 0 0.2 0 0 0 0 0 0 0 0.4 0 0 0 0 0 1.8 1.2000000000000002 0 0.2 0.4 0 0 0 0 0 5 3 0 0 0 8.6 2.6 0 0.2 5.2 0 0.4 2.8000000000000003 0 0 2 4.800000000000001 0 1 0 0 0 0 0 0 0 0 0 0 0 0 0 0.4 0.4 0 0 0 0.4 0.4 0 0 0 0 0 0 0 0 0 0 0 0.2 0 0 0 0 0 0 0 0 0 0 0.2 0 0 0 0 0 0 0 0 0 0 0 0 0 5.6000000000000005 0 0 0 0 1.6 0 0 0 0 0.2 0 0.4 0.4 0 3.2 0.4 0 15 0 0 0 0 0 0 0 3.6 0 0 0 0 0 0 0 0 0 0 0 0 0.2 0 0 0 0 0 0 0 0 0 0 0 0 0 0 
 29.6 71.60000000000001 39.400000000000006 38 46.2 7.800000000000001 81.80000000000001 0 13.8 82.60000000000001 72 43.400000000000006 16 16 20.8 22.200000000000003 25.8 26.400000000000002 67.4 114.60000000000001 0 0 0 0 0 0 0 0 0 0 0 0 0 0.6000000000000001 0 0 0 0 0 0 0 0 0 0 0.4 0.6000000000000001 0 0 7.4 0 0 0.6000000000000001 0 0.4 0 0.6000000000000001 0 0.6000000000000001 0 0 0 0 0 0 0 0 0 0 0 0 0 0.4 0 0 0 0 0 0 0 0 2.2 4 7 9 2.8000000000000003 1.8 8.4 1.8 6.4 7.2 8.6 3.2 0 7 3.6 3.8000000000000003 10.600000000000001 3.6 1 10.8 0 0 0 0 0 0 0 0 0 0 0 0 0 0 0 0 0 0 0 0 0 0 0.4 0 0 0 0 0 0 0 0 0.2 0 0 0 0 0 0 0 0 0 0.4 0 2.6 0 0 0 0 0 0 0 0 0 0 0 0 0 0 0 2.2 0.2 1 0 3 0 0 7.2 5.800000000000001 2.6 0.2 0.4 0.4 3.2 0 1.2000000000000002 0.2 2.8000000000000003 0 2 2 0.4 0 0 0 0 0 0 0 0 0 0 0 0 0 0 0 0 0 0.4 0.4 0 0 0 0 0 0.4 0 0 0 0 0 0 0 0 0 0 0.2 0 0 0 0.2 0 0 0 0 0 0 0.4 0 0 0 0 0 0 0 0.2 0.4 0 0 0 0 2 0 0 0 0 36.4 0.2 0.6000000000000001 0.4 3.2 1.4000000000000001 1.8 0 0 0 0 0 0 0 0 0 3 0 0 0 0 0 0 0 0 0 0 0.4 0 1.8 0 2.2 0 0 0 0 0 0 0 0 0 0 0 0 
 10.8 38 32.800000000000004 43.2 57.6 18.6 69.2 13.8 0 88.60000000000001 6.2 40.800000000000004 18.400000000000002 45 34.2 47.800000000000004 25.8 36.6 37.800000000000004 10.4 0.2 0 0 0 0 0 0 0 0 0.4 0.2 0 14.8 0.6000000000000001 0 0 0 0 15.200000000000001 0.4 0 0.8 7.6000000000000005 0 0.6000000000000001 0.6000000000000001 0 0 0 11 0 0.6000000000000001 0 0.4 17.8 0.6000000000000001 0 0.4 0 0 0 0 0 0 0 0 0 0 0 0 0 0.6000000000000001 0 0 0 0 0 0.4 0 0 2 5.4 3.8000000000000003 7 6.4 0 0 2 5.2 0.2 6 2.6 0 6.2 0.6000000000000001 4.2 4 8.4 0 0 0 0 0 0 0 0 0 0 0 0 0 0 5.4 0.4 1.4000000000000001 0 0 0 0.4 10 0 0 0 0 0 0 0 0 0 0 0 0 0 0.2 0 0 0 0 0 0 0 0 0 0 0 0 0 0.4 0 0.8 0 0 4.6000000000000005 0 0 0 0 0 0 0 0.4 4 3.8000000000000003 4.2 0.2 2.6 0 0 1.2000000000000002 0 2.6 4.2 0 0 2.8000000000000003 3.8000000000000003 4.2 4.4 0 3.8000000000000003 0 0 0 0 0 0 3 0 0 0 0 0 0.6000000000000001 4 0 0 0 0 6.2 1.8 0 0 0 0 0 0 0 0 0 0 0.2 0 0 0 0 0 0 0 3.8000000000000003 0 0 0 0 0 0 0 0 0 0 0 0 0.4 0 0 0 0 0 0 0 0 0 0 0 0 0 0 0.6000000000000001 0.2 0 26.200000000000003 0 3.2 2 0 0 0 0 0 0 0 0 0 0 0 0 0 0.2 0 0 0 0 0 0 0 0 0 2 0 0 0 0 0 0 0 0 0 0 0 0 0 
 7.6000000000000005 49.2 45.400000000000006 25 15.600000000000001 27.8 10.200000000000001 82.60000000000001 88.60000000000001 0 46.800000000000004 40.800000000000004 13 49.2 36.2 37.2 47.6 32.4 60 40 0 0.4 0.2 4.800000000000001 0 0 0 1.2000000000000002 0 0.4 0 0 27.6 0.6000000000000001 0 0 0 0 12.200000000000001 0 0 0.4 0 0 0.6000000000000001 0.6000000000000001 0 0 12 0 0.6000000000000001 0.6000000000000001 0 0.4 12.4 0.6000000000000001 0 0.4 0 0 0 0 0 0 0 0 0 0 0 0 0 0.6000000000000001 0 0 0 0 0 0 0 0 1.2000000000000002 3.4000000000000004 4 13 3.8000000000000003 0 0.4 0 4.6000000000000005 2.2 0 5.4 0 9.200000000000001 6.4 7.6000000000000005 2 5 0 4 3 0 0 0 0 0 0.4 5.800000000000001 0 0 14.600000000000001 0 5.2 0 3.2 2 0 0 6 0 0 0 0 0 0 0 0 0 0 0 0 0 0 0 0 0 0 0 0 0 0 0 0 0.4 0 0 0 0 0 0 0 0 0 0 0 0 0 0 0 0 2.2 4.800000000000001 2 11.8 1.8 0 2 3.8000000000000003 0 1.2000000000000002 3.4000000000000004 2.6 1.6 0 2.2 1.4000000000000001 7.800000000000001 2.2 2 4.2 3.2 0 0 0 0 0 3.8000000000000003 0 0.2 0 0 0 2.2 3.6 0 0 0 0 1.2000000000000002 0 0 0 0 0 0 0 0 0 0 0 0 0 0 0 0 0 0 0 0 0 0 0 0 0 0 0 0 0 0 0 0 0 0 0 0 0 0 0 0 0 0 0 0 0 0 0 0.4 0 0.8 0.6000000000000001 0.4 0.8 0.4 0 0 0 0 0 0 0 0 0 0 0 0 0 0 0 0 0 0 0 0 0 0 3.2 2 5.800000000000001 0 0 0 0 0 0 0 0 0 0 0 0 
 22.400000000000002 53 25.200000000000003 13.600000000000001 35 31.6 65.8 72 6.2 46.800000000000004 0 48.2 51.800000000000004 23.8 66.4 15.8 41 43.400000000000006 7.2 18 0.2 0 0 0 0 0 0 0 0.4 0.2 0 0.4 0 0.6000000000000001 0 0 0.4 0 15.4 14.8 0 0.8 0 0 0.6000000000000001 1.8 0.8 0 0.2 0 0 0.6000000000000001 0 0.4 0.4 0.6000000000000001 0 0.4 0 0 0 10.600000000000001 0 0 0 0 0 0 0 0 0 0.6000000000000001 0 0 0 0 0 0 0 0 0 14.4 6.6000000000000005 9.600000000000001 3 0 3.6 0 0.4 2.4000000000000004 0 12.4 2.2 11 8.6 7.6000000000000005 0.2 0.4 0 1.6 0.2 0 0 0 0 0.2 0 0 0 0 0 0 0 0 0 0 0 0 2.8000000000000003 5.800000000000001 0 0 2.4000000000000004 0 0 0 0 0 0 0.4 0 0 0.2 0 0 1.2000000000000002 0 0 0 0 0 0 0 0 0 0 0 0 0 0 0 0 0 0.2 0 0 0 0 0 0 3 1 0 3.8000000000000003 0.8 4 4.4 5.800000000000001 9.600000000000001 2.6 4.4 0.2 1.8 0 11 0 8.6 2.2 2.4000000000000004 4.6000000000000005 2 0 0 0 0 0 0 0 3.2 0 0.4 0 0.2 0 0 0 0 0 3 2 0 0 0 0 0.2 0 0 0 0 0 0 0 2.8000000000000003 3 0 0 0 5.4 0 0 0 0 0 0 0.2 0 0 1.2000000000000002 4.6000000000000005 0 0 0 0 0 0 0 0 0 0 0 0 0 0 0 0 0 0.2 0.2 17.400000000000002 20.6 0 3 2.4000000000000004 0 0 0 0 0 0 0 0 0 0 0 0 0 0 0 0 0 0 0 0 0 0 2.8000000000000003 2.8000000000000003 2.8000000000000003 0 0 0 0 0 0 0 0 0 0 0 0 
 30.200000000000003 43.6 6.6000000000000005 35.800000000000004 13.200000000000001 45.6 14.200000000000001 43.400000000000006 40.800000000000004 40.800000000000004 48.2 0 4 59.400000000000006 39.6 29.400000000000002 40 11.600000000000001 10.200000000000001 27 0 0 0 0 0.2 0.2 0 0 0 0 0 0 8 0.6000000000000001 0 0.4 0 0.8 17.6 0 0 0.2 0.2 0 15 0.6000000000000001 0 0 12.8 0 0 0.6000000000000001 0 0.4 12.8 0.6000000000000001 0.4 0.4 0 0 9.4 0 0 0 0 0 0 0 0.6000000000000001 0 0 0.4 0 0 0 0 0 0 0 0 2.8000000000000003 6.4 1.4000000000000001 15.200000000000001 6.6000000000000005 0 0 0 3.8000000000000003 3.2 5.800000000000001 12 2.2 8.8 2.2 1.4000000000000001 2.2 7.800000000000001 0.2 0 0 0.6000000000000001 0.2 0 0 0 0 0 0 0.2 0 0 0 0 3.6 0 0 0 0 0 0 0 0 0 0 0 0 0 0 0 0 0 1.8 0 0 0.4 0 0 0 0 0 0 0 1.6 0.4 0 0 0 0 0 0 0 0 0 0 0 0 0 0 0 0.2 5.800000000000001 2 2.2 0 0 2 1.6 0 4.2 2 6 0 1.8 0.2 8.6 6.6000000000000005 2.4000000000000004 0.8 4 0 0 0 0 3.6 0 0 0 0 0 0 0 9.200000000000001 0 0 0 0 0 6.6000000000000005 4.2 0 0 0 0 2.2 0 0 0 0 0 0 0 0 0 0 0 0 0 0 0 0 0 0 0 0 0 0 0 0 0 0 0.2 0 0 0 1.6 0 0 0 0 0 0 0 0 0 0 0.8 0.4 0.4 0.2 0 2.2 2.4000000000000004 0 0 0 0 0 0 0 0 0 0 0 0 0 0.4 0 0 0 0 0 0 0 0 2.6 9.8 5.2 0 0 0 0 0 0 0 0 0 0 0 0 
 52.2 27.8 16.400000000000002 55.400000000000006 14 13 60.800000000000004 16 18.400000000000002 13 51.800000000000004 4 0 38.800000000000004 30.6 6.6000000000000005 7.2 15 20.8 38.400000000000006 0.4 0 20.6 0 0.4 0 0.4 0 19.400000000000002 0.2 0.2 0.2 0 0.6000000000000001 0.4 0.2 0.6000000000000001 0.4 0 0.6000000000000001 0 10.8 0 0 0.6000000000000001 1.4000000000000001 0 0 0.4 0.6000000000000001 1.4000000000000001 0.6000000000000001 0 0.4 0.4 0.6000000000000001 0 0.4 0.4 6.4 0 0 0 0 0 0 0 1.2000000000000002 0 0 0 0.6000000000000001 0 11.4 0.4 2.4000000000000004 0 0 0 0 4.2 0.2 0 2 0 0 3.4000000000000004 0 15 4 2.6 4 4.2 2 2.4000000000000004 0 0 0 0 0 0 0 0 0 0 0 0 0 0 0 0 0 0 0 0 0 2.6 0 0 0 0 0 0 0 1.8 0 0 0 0 0 0 0 0 0 0 0 0 0 0 0 0 0 0 0 0 0 0 0 0 0 0 0 0 0 2.8000000000000003 0 0 0 0 0 2 0 0 0 0 0 2 5.800000000000001 0 0 2.6 0 1.4000000000000001 7 5 0 0 0 0 0 0 0 0.2 0 0 0 0 0 0 0 0 0 0 0 0 0 0 0 1.8 0 0 0 0 0 0 0 0 0 0 0 0 0 0 0 0 0 0 0 0 0 0 0 0 0 0 0 0 0 0 0 0 0 0 0 0 0 0 0 0 2.6 0 0 0 0 0 0 0.4 0 0 0 0.4 0.4 0 0 0 0 0 0 0 0 1.8 0 0 0 0 7.4 0 0 0 0 0 0 0 0 0 0 2.8000000000000003 0 0 0 0 0 0 0 0 0 0 0 0 0 
 16 29.400000000000002 27.6 32.4 72.60000000000001 13.600000000000001 77.4 16 45 49.2 23.8 59.400000000000006 38.800000000000004 0 63.2 40.800000000000004 24.400000000000002 28.6 45 55.400000000000006 1.6 0 0 14.600000000000001 0 0 0.2 0 0.4 0.2 0 0 0 0.6000000000000001 0 0.4 0 0.6000000000000001 15 0 6.800000000000001 0 0 0 0.6000000000000001 0.6000000000000001 0 0 0 0 12.8 0.8 0.6000000000000001 0.4 0.2 0.6000000000000001 0 0.4 0.4 0 0.4 0 0 0 0 0 0 0 0 0 0 0.8 0 0 0 0 0 0.4 0 0 1.8 8.4 3.4000000000000004 4.800000000000001 3 0 3.6 0 9.200000000000001 5 2.2 0 2 6.6000000000000005 5.800000000000001 1.4000000000000001 4.2 1.6 3 0 0 0 0.4 0 0 0 0 0 0 0 0 0 0 0 0 0 3 0 0 7 0 0 0 0 0 0 0 0 0 0 0 0 0 0 0 0.2 0 0 2.8000000000000003 0 0 0 0 1.4000000000000001 0.2 0 0 0 0 0 0.8 0 0 0 0 0 0 0 0 0 2 3.2 0 2 0 3.8000000000000003 0 0 0 0.4 2 5 0 0.6000000000000001 0 0 4.2 0 0.2 5.4 0 0 0 0 0.4 0 0 0 0 0 0 0 0.2 0 0 0 0 0 3.8000000000000003 3.8000000000000003 0 0 0 0 0 0 0 0 0 0 0 0 2.8000000000000003 0 0 0 0 0 0 0 0 0 0 0 0 0.2 0 0 0 0 0 0.4 0 0 0 0 0 0 0 0 0 0 0 0 0 0 36.800000000000004 0 0.8 17.400000000000002 0 2.4000000000000004 2.2 0 0 0 0 0 0 0 0 0 3 0 0 0.4 0.2 0 0 0 0 0 0 0 0 0 0 0 0 0 0 0 0 0 0 0 0 0 0 0 
 58.6 108.4 8.4 52.6 34.4 26.6 35.6 20.8 34.2 36.2 66.4 39.6 30.6 63.2 0 13 12 8.4 35.6 60.2 0 0 0.4 14.8 0.6000000000000001 0 0 0.4 0 1.2000000000000002 0 1.2000000000000002 0 0.6000000000000001 0.4 0 0.6000000000000001 0 4 14.8 0.6000000000000001 0 0 0 0.6000000000000001 0.6000000000000001 0 0.6000000000000001 0 0.8 0 0.6000000000000001 0.6000000000000001 13.600000000000001 0.4 0.6000000000000001 0 0.4 0 0 0 0 0 0 6.4 0 0 0 0 0 0 0.6000000000000001 0 0 0 0.8 0.6000000000000001 0 0 0 1.8 3 1.6 5.800000000000001 1.8 2 4.4 2 1.8 4.800000000000001 2.2 6.6000000000000005 3.8000000000000003 0.2 2.2 4 0 2.8000000000000003 0 5.2 0 0 0 0 0 0 0 0 0 0 0 0 0 0 0 0 3.6 0 0 2 0 0 0 0 0 0 0 0 0 0 0 0 0 0 0 0 0 0 0 0 0 0 0 2.4000000000000004 0 0 0 0 0 0 0 0 0 0 0.2 0 0 0 0 0 0 0 0 4.6000000000000005 2.6 1.6 2.6 3.2 0 0 2.8000000000000003 0 3.2 0 1.2000000000000002 0.2 2.2 0 0.2 0.4 0 0 0.2 0 0 0 0 0 0 0.4 0 0 0 0 0 0 0 0.4 0.2 0.4 0 0 0 0 0 0 0 0 0 0 0 0 0 0 2.4000000000000004 0 0 0 0 0 0 0 0 0 0 0 0 0 0 0 0 0 0 0 0 0 0 0 0 0.2 0 1.8 0 0 0 0.4 18.6 0 0.6000000000000001 9.600000000000001 0 2.6 0 0 0 0.2 0 0 0 0 0 0 3.8000000000000003 0 0 0 0 0 0 0 0 0 0 0 0 1.8 0.4 2 0 0 0 0 0 0 0 0 0 0 0 0 
 21.8 69.4 65.2 54.400000000000006 15.200000000000001 13.200000000000001 6.800000000000001 22.200000000000003 47.800000000000004 37.2 15.8 29.400000000000002 6.6000000000000005 40.800000000000004 13 0 79.4 110.4 54.2 10.8 0.2 0 0 0 1.4000000000000001 0.2 0 0 0 0.2 0 0.8 29.8 0.6000000000000001 0 0 0.4 0 0 14.8 0 0 12.600000000000001 0 0.6000000000000001 0.6000000000000001 0 0 0 0 0 0.6000000000000001 0 0.4 0.6000000000000001 0.6000000000000001 0 0.4 0 0 0 0 0 0 0 0 0 0 0 0 0 0.6000000000000001 0 0 0 0 11.8 0 0 0 1.8 7 0 8.8 5.6000000000000005 3 3.8000000000000003 2.8000000000000003 3.2 2 5.4 3 0 3.2 0 1.4000000000000001 3.8000000000000003 10.4 2.4000000000000004 0 0 0 0 0 0 0 2.2 0 0 0 0 0 2.8000000000000003 0 4.4 0 0 4.4 3.6 4.6000000000000005 0 0 0 0 0 0.8 0 0 0 0 0 0 0 0 0 0 0 0 0 0 0 0 0 0.4 0 0 0 0 0 0 0 0 0 0 0 0 0 0 0 0 0 0 1.4000000000000001 5 4 0 4 0 2.8000000000000003 2.2 0 4.800000000000001 0 1.8 10.200000000000001 2 3 5.800000000000001 0 2 0 0 0 0 0 0 0.2 0 0 0 0 0 0.8 5.4 0 0 0 0 12.200000000000001 3.4000000000000004 0 0 0 0 0 0 0 0 0 0 0 0 0 0 0 0 0 0 0 0 0 0 0 0 0 0 0 0 0 0 0 0 0 0 0 0 0 0 0 0 0 0 0 0 0 0.2 8.200000000000001 0 0 18.400000000000002 0.4 0.8 0 0 0 0 0 0 0 0 0 0 0 0 0 0 0 0 0 0 0 0 0 0 0 2.8000000000000003 2.6 0 0 0 0 0 0 0 0 0 0 0 0 0 
 31.400000000000002 9.200000000000001 41 48.800000000000004 26.6 10.8 57.2 25.8 25.8 47.6 41 40 7.2 24.400000000000002 12 79.4 0 27.400000000000002 42.400000000000006 17.400000000000002 0.4 0 0.2 0 0.2 0.4 0 0 0 2.4000000000000004 0 0.4 5.6000000000000005 18.400000000000002 0 2.4000000000000004 0 0.2 15.200000000000001 7 0 0 5.800000000000001 0.6000000000000001 0.6000000000000001 2.2 0 0 7.4 0 0 0.6000000000000001 0 0.4 0.2 0.6000000000000001 0 0.4 0 0 0 0 5.2 0 0 0 0 0 0 0.2 0 0.6000000000000001 0 0.4 0 0 0 0.6000000000000001 0 0 3.2 0.8 6.4 7.2 4.800000000000001 0 5 4.800000000000001 2 7.800000000000001 5 3.2 0.2 6.2 8.4 6.4 2.6 7.6000000000000005 5.4 4 3 0.4 0 0 0 0 0 0 0 0 0 0.8 0 3 1.6 0 0 0 0.2 2.6 0 0 2.4000000000000004 0 0 0 0 0 0 0 0 0 0 0 0 0 0 0.4 0 0 0 0 0 0 0 0.2 0 0 0 0 0 0 0.6000000000000001 0 0 0 0 0 0 0 7.800000000000001 4.800000000000001 0 7.6000000000000005 0 0 0.2 3.2 2.8000000000000003 4.6000000000000005 3 0 0 0 4.800000000000001 4.2 1.8 1.8 3.6 3.4000000000000004 2.2 0 0 0 0 2 0 0 0 0 0 0 2.2 0 0.2 0 0 0 0.2 1.6 0 0 0 0 0 0 0 0 0 0 0 0.4 0 0 0 0 0 0 0 0 0 0 0.2 0 0 0 0 0.6000000000000001 0 0 0 0 0 0 0 0 0 0 0 0 0 0 0 0 0 0.6000000000000001 0.2 0 0 0.4 0 2.8000000000000003 2.4000000000000004 0 0 0 0 0 0 0 0 0 0 0 0 0 0 0 0 0 0 0 0 0 0 0 0.6000000000000001 0 0 0 0 0 0 0 0 0 0 0 0 0 
 10 13.4 45.800000000000004 41.400000000000006 27.200000000000003 13.200000000000001 51.2 26.400000000000002 36.6 32.4 43.400000000000006 11.600000000000001 15 28.6 8.4 110.4 27.400000000000002 0 59 10 0.4 0 0 0 0 0 0.4 0 15 0.4 0 0 13 0.6000000000000001 0.2 0 0 0 0 0.2 0 0 0 0 0.6000000000000001 0.6000000000000001 0 0 0 0 0.2 8.6 0 0.4 0 0.6000000000000001 0 0.4 0 0 0 0 0 0 5.6000000000000005 0 0 0 0 0 0 0.6000000000000001 0 0 0 0 0 0 0 0 1.4000000000000001 5.4 0 3.2 2.2 0.2 4.800000000000001 7.6000000000000005 5.2 1.4000000000000001 2 5.6000000000000005 0.2 4.800000000000001 3.4000000000000004 6.2 2 1.4000000000000001 1.6 9 0 0.2 0 0.2 0.2 0 2 0.2 0.2 0 0 0 1.8 0 2.2 0 0 2.2 2.2 4.2 0 0 0 0 0 0 0 0 0 0 0 0 0 0 0 0 0 0 0 0 0 0 0 0 0 0 0 0 0 0 0 0 0.8 0 0 0 0 0.2 0 0 0.2 0 0.2 4.6000000000000005 0 0 3 3.6 0 0.2 0.4 1.6 2.8000000000000003 0 3.6 4 0.6000000000000001 4.800000000000001 0.2 2.8000000000000003 0.2 0 0 0 0 0.4 0 0 3 0 0 0 2.6 5.2 0 0 0 0 3.6 0 0 0 0.2 0 0 2.6 0 0 0 0 0 0 0 0.4 0 0 0 0 0 0 0 0 3 0.4 0 0 0 0 0 0 0 0 0 0.4 0 2.4000000000000004 0 0.2 0 0 0 0 0 0 0 0.6000000000000001 0.2 0 0.4 4.800000000000001 0.6000000000000001 1.6 0 0 0 0 0 0 0 0 0 0 0.2 0 0 0 0 0 0 0 0 0 0 0 0 2.6 0 0.8 0 0 0 0 0 0 0 0 0 2 0 0 
 32.4 31.400000000000002 49.6 21.200000000000003 10.600000000000001 10.8 29.8 67.4 37.800000000000004 60 7.2 10.200000000000001 20.8 45 35.6 54.2 42.400000000000006 59 0 45 0.6000000000000001 2 0 0.4 0 1 0.2 0.4 0.8 0.8 0 0.4 0.4 1 0 0 0 0 0 0 0 0 0 0 0.6000000000000001 0.6000000000000001 3.8000000000000003 1.2000000000000002 13.600000000000001 0 0 0.6000000000000001 0 0.4 0 0.6000000000000001 0 0.4 0.4 0 0 0 0 0 0 0 0 0.6000000000000001 0 0.6000000000000001 0 0.6000000000000001 0 0.4 0 0 1.2000000000000002 0 0 0 2 3.2 1.4000000000000001 8.6 4.4 0 7.6000000000000005 4.2 2.4000000000000004 4 14.200000000000001 0 8 4.800000000000001 2 0 6 4.4 8 5.800000000000001 0 0 0 0 0 0 0 0 0 0 0 0 0 0.2 0 0 0 2.4000000000000004 0.4 0 0 0 0 0 0 0 0 0 0 0 0 0 0 0 0 0 0 0 0 0.2 0 0 0 0 0.2 0 0 0.2 0 0 0 0 0 0 1 0 0 0 0 0 7.4 2 2.4000000000000004 0 0 0 3.6 0.2 2.2 2.2 0.2 0.4 0 2 0 0 3.4000000000000004 3.4000000000000004 1.8 2 0 0 0 0 0 0 0 0 0 0 0 0.2 0 0 0 0 0 0 3.4000000000000004 0 0 0 0 0 0 0 0.6000000000000001 0 0 0 0 0 0 0 0 0 0 0.2 0 0 0 0 0 0 0 0 0 0 0 0 0 0.4 0 0 0 0 0 0 0 0 0 0 0 0 0 0.4 8.8 0 0.6000000000000001 0.4 0 1.6 0 0 0 0 0 0 0 0 0 0 0 0 0 0 0 0 0 0 0 0 0 0 0 0 3.6 0 0 0 0 0 0 0 0 0 0 0 0 0 
 29.200000000000003 23.200000000000003 7.4 25.200000000000003 20.8 12.200000000000001 67.2 114.60000000000001 10.4 40 18 27 38.400000000000006 55.400000000000006 60.2 10.8 17.400000000000002 10 45 0 0 0 0 0 0 0 0 0 0 0.2 0 0.2 0 0.6000000000000001 0.2 0.4 0 0 0 0 0 0 0.2 0 0.6000000000000001 0.6000000000000001 0 0 7.6000000000000005 0 0 0.6000000000000001 0 0.4 0 0.6000000000000001 0 0.4 0.4 0 0 0 0 0 0 0 0 0 0 0 0 0.6000000000000001 0 0 0 0 0 0 0 0 0 5.800000000000001 0 8.8 3 1.4000000000000001 1 0 1.2000000000000002 3.2 7.2 2.2 2 5.4 7.800000000000001 0 0.8 0 2.4000000000000004 0 0 0.2 0 0 0 0 0 0 0.4 0 0 0 0.4 0 0 0 0.4 0 0 0 0 0.4 0.4 0 0 0 0 0 0 0 0 0.4 0 0 0.4 0 0 0 0 0 0 0 0 2 0 0 0 0 0 0 0 0 0 0 0 0 0 0 0 0 0 1.6 0.2 0 0 0 2.4000000000000004 0 2.6 2.4000000000000004 0 2.8000000000000003 1.4000000000000001 5.6000000000000005 0 0 4.800000000000001 0 2.4000000000000004 2 0 0 0 0 0 0 0 0 0 0 0 0 0 0 0 0.2 0 0 0 5 0 0 0 0 0 0.2 0 0 0 0 0 0 0 0 0 0 0 0 0.2 0 0 0 0 0 0 0 0 1 0.2 0 0 0 0 0 0.4 0 0 0 0 0 0 0 0 0 0 0 3.6 0.2 0.6000000000000001 0.6000000000000001 0.6000000000000001 0 2.4000000000000004 0 0 0 0 0 0 0 0 0 0 0 0 0 0 0 0 2.6 0 0 0 0 0 2.6 0 3.6 0 0 0 0 0 0 0 0 0 0 0 0 
 0 0 0 0.2 14.4 14.8 7.800000000000001 0 0.2 0 0.2 0 0.4 1.6 0 0.2 0.4 0.4 0.6000000000000001 0 0 50 14.4 10.4 6.800000000000001 9.600000000000001 43.2 10.200000000000001 5.2 10.4 9.200000000000001 8.200000000000001 24.400000000000002 31 26.8 10.600000000000001 6.2 26.6 55.6 17.400000000000002 0.6000000000000001 0.4 0.2 0.4 0.6000000000000001 0.6000000000000001 0.6000000000000001 1.4000000000000001 14 1.8 0.6000000000000001 0.4 14.8 0 0.6000000000000001 0 1.6 0.6000000000000001 0.8 0 1 4 0 0 0.6000000000000001 0.4 0 0 1.6 1 0 0.8 1.8 0.6000000000000001 0.4 0.6000000000000001 1.2000000000000002 0.8 0.4 0 0 0 2.4000000000000004 0 2.2 3.2 0 0 0 1 0 0 0 0 0 0 1 0.4 0 0.4 6.2 0 6.4 0.8 0 0 1.8 2.6 3.6 6.2 1.4000000000000001 0.2 5.6000000000000005 6.2 2.6 1.4000000000000001 7.6000000000000005 3.2 2.4000000000000004 0 0 0 0 0 0 0.4 0 0 0 0 0.8 0 0 0 0 0 0 2.4000000000000004 0 0 0 0 0 0 0 0 0 0 0 0 0 0 0 0 0 0 0 0 0 0 0 1.6 0.2 0 5.4 5 0 0 0 0 2.2 1.6 0 0.2 0 2.2 1.4000000000000001 1.2000000000000002 0 0 0 0 4.800000000000001 4 0.2 0.2 2.4000000000000004 3.4000000000000004 0.2 0 0 0.2 4 1.8 0 0.4 4 2.2 2.2 0 0 0 0.2 0 0 0 0 0 0 3.2 0.2 0 0 4 0 0 0 0 0 0 0 0 0 0 0 0 0 0 0 0 0 0.4 0 0 0 0 0 0 0 0 0 0 0 0 0 0 0 0 0 0 0 0 0 0 0.4 0 0 0 15.200000000000001 0 0.2 0.4 0 0 0 0 0 0 0 0 0 0 0 0 0 0 0.2 0 0 0 0 0 0 0 0 0 0 0 0 0 
 0 0 0.4 0 32 14.8 0 0 0 0.4 0 0 0 0 0 0 0 0 2 0 50 0 25.6 60.2 35.6 12.600000000000001 55.6 97.4 80.2 12.4 66.4 24.200000000000003 25.200000000000003 33.6 31.200000000000003 65.4 9.4 8.8 67.2 7.4 0 0 0.6000000000000001 0 0 0 0 0 1.2000000000000002 0 0 0 0 0 0.4 0 0.6000000000000001 0.4 0 0.4 0 0 0 0 0 0 0 0 0.2 1.4000000000000001 0 0 0 0 1 0 0 0 0.4 0 0 0 0 0.2 0 0 0 0 0 0 0 0 0 0 0 0 0 0 0 0 0 1.8 3.2 17.6 6.6000000000000005 2.4000000000000004 0 6.2 5.800000000000001 0 2.2 0 4.800000000000001 3.2 1.6 4.4 1.2000000000000002 0.2 6.800000000000001 0 0 0 0 0 0 0 0 2.2 0 0 0.4 0 2.6 1.8 0 0 0 0 6.4 2.2 0.8 0 0 0 0 0 0.2 0 0.4 0 0 0 0 0 0 0 0 0 0 0 1 0 0 0 2.2 0.8 0 0 0 0 0 1 0 0 0 1 2.8000000000000003 0 0 0.2 0.2 1.8 0 7.800000000000001 5.6000000000000005 1.6 3.6 0 3.8000000000000003 4.2 4.4 0 1.2000000000000002 0.2 2.6 7.2 11.600000000000001 5.4 0.4 5.6000000000000005 0 0 0 0 0 0 8.4 0 0 0 0 0 0 0 0 0.4 0 1.4000000000000001 2.2 1.8 0 0 0 0 0 0 0 0 0 0.4 0 0 0 0 0 0 0 0 0 0 0 0 0 0 0 0.2 0 0 0 0 0 0 0 0.2 0.2 0.4 0 1.4000000000000001 9 0 0 0 0 0 0 0 1.2000000000000002 0 0 0 0 0 0 0 0 0 0.2 0 0 0 0 1.4000000000000001 0 0 0 0 0 0 0 0 
 0 0 0.4 0 15.200000000000001 0.6000000000000001 0 0 0 0.2 0 0 20.6 0 0.4 0 0.2 0 0 0 14.4 25.6 0 57.400000000000006 46 20 33.2 17.6 56.2 42.800000000000004 35.800000000000004 18.400000000000002 13.8 15.4 38.800000000000004 39.800000000000004 10.600000000000001 30.6 8.200000000000001 15.200000000000001 0.8 7 0.2 0 0 0.6000000000000001 10 2.2 0.6000000000000001 0.8 0 0 0.4 14.8 0.4 0.6000000000000001 0.6000000000000001 0.4 1.6 9.8 0 0 0 0 0 0 0.2 0.4 0.2 0 0.6000000000000001 0 0 1 0.4 0.8 0 0 0.4 0 0 0 0 0 0 0 0 3.2 0 0 0 0 0 0 0 0 0 0 0 0 2.2 3.6 2.4000000000000004 13.600000000000001 3.6 5.6000000000000005 4 0 0 3 3.2 6.2 2.6 0 3 4.4 5.4 4 0 4 0 0 0 0 0 0 2 0 0 0 0.4 0 0 2.4000000000000004 0 0 0 0 6.2 5 0 0 0 0 0 0 0.2 0 0.4 0 0 0 0 0 0 0 0 0 0 0 0 0 0 0 0.4 0 0 0 0 0 2.4000000000000004 0 0 0 0 0 0 0 0 0 1.4000000000000001 2.2 7 0 1.6 2.2 0 2 6.800000000000001 3.6 4.6000000000000005 7.800000000000001 0 2.2 0 5.4 4 2.6 0 0 5 0 0 0 0 0 3.4000000000000004 2.8000000000000003 5.6000000000000005 0 0 0 3.8000000000000003 0 0 0.4 0 0 0 6.6000000000000005 0 0 0 0 0 0 0 0 0 0.4 0 0 0 0 0 0 0 0 0 0 0 0 0 0 0 0.2 0 0 0 0 0 0 0 0.2 1.2000000000000002 0 0.4 0 0.2 0 0 1.8 0 0 0 13.600000000000001 0 0 0 0 0 0 0 0 0 0 0.2 0 0 0 0 0 0 0 0 0 2.8000000000000003 0 0 0 
 0 0 0 0 0.2 0.4 0 0 0 4.800000000000001 0 0 0 14.600000000000001 14.8 0 0 0 0.4 0 10.4 60.2 57.400000000000006 0 34 50.2 80.2 47 53.2 80.80000000000001 24.6 52.6 10.200000000000001 72.60000000000001 46.800000000000004 96.80000000000001 10.600000000000001 88.60000000000001 15 29.8 0 0 1 0 0 0 9.8 0.2 0.6000000000000001 0 0 0 0 12.8 0.4 5 0.6000000000000001 0.4 0.2 0 0 0 0 0 0 0 0 0 0 1.6 0 0 0 0.2 1.6 0 0 0 0.4 0 0 0 0 0 0 0 0 0 0 0 0 0 0 0 0 0 0 0 0 0 2.6 7 2.4000000000000004 0 13.200000000000001 9 5.2 0 4.6000000000000005 2.4000000000000004 1.8 2.6 0 0 11.4 5.2 0 4.4 0 4.2 0 0 0 0.2 0 0 2.4000000000000004 0.2 0 0 0 0 3.2 0 0 0 0 0 2.8000000000000003 12.200000000000001 0 0 0 0 0 0 0 0 0 0 0 0 0 0 0 0 0 0 0 0 0 0 0 0 0.4 0.4 0 0 0 0 2.6 0 0 0 0 0 0 0 0 0 1.6 4.4 1.4000000000000001 2.6 0 0 0 5.4 4 9.600000000000001 7.6000000000000005 6.2 0 2.4000000000000004 2.2 15.8 0.2 2.6 0 0.2 4.800000000000001 0 0 0 0 0.2 3.8000000000000003 2 2 0 0 0 7.4 0 0 0 0 0 4 11 0 0 0 0 0 0 0 0 0 0 0 0 0 0 0.4 0 0 0 0 0 0 0 0.4 0 0 0 0 0 0 0 0 0 0 0 3 0 0 0.4 0.2 0.4 0.4 0.2 0 0 0 0 0 0 0 0 0 0 0 0 0 0 0 0 0 0 0 4.2 0 0 0 0 0 0 0 0 
 0 0 0.6000000000000001 0 0 0.8 0 0 0 0 0 0.2 0.4 0 0.6000000000000001 1.4000000000000001 0.2 0 0 0 6.800000000000001 35.6 46 34 0 30.6 26.6 25.400000000000002 33.6 37.800000000000004 32 45.2 14.4 14 34.6 35.6 70.4 57.6 12 18.400000000000002 12.8 0 12.8 0 0 0 12.200000000000001 12.200000000000001 0.6000000000000001 0 0 0 0 12.4 5 0 0.6000000000000001 0.4 24.8 13.8 10 0 0 0 0 0.4 0 0 0 0 0 0 0 0 0.4 0 0 16.8 0.4 0 0 0 0 0 0 0 0 0 0 0.2 0 0 0 0 0 0 0 0 0 0 0 2.6 1.4000000000000001 6 2.4000000000000004 4.4 1.6 2.2 1.6 0 2.4000000000000004 2.6 0 0 0.4 3 0 0 0 0 6.4 3.4000000000000004 0 4 0 0 0 0 0 0 3.4000000000000004 1.8 5 1.8 0 0 0 0 5.2 4.6000000000000005 1 0 0 0 0 0 0 0 0 0.2 0 0 0.4 0 0 0 0 0 0 0 0 0 0 0 1.2000000000000002 0 0 0 0 0 0 0 0 0 0 0 0 0 0 0 0 1 0 8 9.200000000000001 2.6 0 0 2 3.8000000000000003 2.8000000000000003 0.2 0 0 0 1.2000000000000002 4.4 2 0 0 2 0 1.8 0 0 0 6 0 0 0 0 0.2 0.2 0.6000000000000001 1.8 0 3.8000000000000003 2.4000000000000004 0 5.2 0 0 0 0 0 0 0 0 0 0.2 0.4 0 0 0 3.6 0 0 0 0 0 0 0 0 0 0 0 0 0 0 0 0 0 0 0.2 0.6000000000000001 0.2 0 15 15 0 0.4 1 0 0 0 0 0 0 0 0 0 0 0 0 0 0 0 0 0 0 0 2.2 0 0 0 0 0 0 0 0 
 0 0 0.6000000000000001 0 0.4 0.6000000000000001 0.2 0 0 0 0 0.2 0 0 0 0.2 0.4 0 1 0 9.600000000000001 12.600000000000001 20 50.2 30.6 0 6.4 8.200000000000001 53 32.6 81.60000000000001 47.6 5.6000000000000005 14.200000000000001 11.8 26 95.4 32 12 15.4 0 0 0.6000000000000001 0 0 0 8.200000000000001 0 0.6000000000000001 0 0 0 0 5.800000000000001 13.600000000000001 0 0.6000000000000001 0.4 10.600000000000001 17 0 0 0 0 0 0 0 0 0.6000000000000001 0 0 0 0 0.4 0.6000000000000001 0 0 0 1 0 0 0 0 0 0 0 0 0 0 0 0 0 0 0 0 0 0 0 0 0 0 0 0 5.2 1.8 1.2000000000000002 0 0 0 0 0 1.8 0 0 0 0 0 0 0 0 5.2 2.4000000000000004 0.4 0 2.4000000000000004 0 1.4000000000000001 2.4000000000000004 0 5 2.2 2.4000000000000004 1 8.200000000000001 16 0 0 0.4 2.4000000000000004 2.4000000000000004 0 0 0 0 0.2 0 0 0 0 0 0 0 0 0 0 0 0 0 0 0 0 0 0 0 0 0 0 0 0 0 0 0 0 0 0 0 0 0 0 0 0 0 0 7.2 3 3.2 0 0 0 3 6.2 2.4000000000000004 0 0 0 0 2 4.2 0 0 10 2 1.4000000000000001 0 0 0 9.8 8 0 0 0 4.4 3.6 7.6000000000000005 3.6 2.4000000000000004 4 5.4 9.4 2.6 0 0 0 2.2 0 0 0 0 0 0 0 0 0.2 0 0 0 0 0 0 0 0 0 0 0 0 0 0 0 0 0 0 0 0 0 2.2 0.8 0 16.400000000000002 0 1.2000000000000002 0.6000000000000001 0 0 0 0 0.2 0 0 0 0 0 0 0 0 10.8 0 0 0 0 0 0 3.8000000000000003 0 0 0 0 2 0 0 0 
 0 0 15 0.2 0 0.4 0 0 0 0 0 0 0.4 0.2 0 0 0 0.4 0.2 0 43.2 55.6 33.2 80.2 26.6 6.4 0 33.800000000000004 53.2 38.800000000000004 7 23.8 15.4 13.600000000000001 20.6 31.400000000000002 10.8 79.2 12.200000000000001 10.600000000000001 0 0 0 0 0 0 0.2 2.8000000000000003 0.6000000000000001 0 0 0 0 4 0.4 0 0.6000000000000001 0.4 2.4000000000000004 1 0 0.4 0 7.2 0 0 0 0 0.4 0 0 0 0 0 0.4 0 0 0 0.4 0 0 0 0 0 0 0 0 0 0 0 0 0 0 0 0 0 0 0.4 0 0.4 5.6000000000000005 6.4 3.8000000000000003 0 2 2.2 3.6 2.2 7.800000000000001 6.800000000000001 3.8000000000000003 3.8000000000000003 2.6 3.4000000000000004 8.8 3.6 2.4000000000000004 3 0 0 0 0 0 5 0 0.4 0 0 0 0 1.4000000000000001 0 3.6 0 1.6 0 0 0 4.4 0 0.4 0 0 0 0 0 0 0 0 0 0 0 0 0 0 0 0 0 0 0 0 0 0 0 0 0 0 0 0 0 0 0 0 0.2 0 0.4 0 0 0 0 4.6000000000000005 0 5.800000000000001 0.4 20.8 2.8000000000000003 0 11.600000000000001 0 3.2 0.4 2.2 0 0 0.8 4 0 0 0 0 0 0 0 0 0 0 0 0 0 0 0.2 0 0 0 0 0 0 0 5 2.8000000000000003 0 0 0 0 0 0 0 0 0 0 0 0.4 0 0 0 0 0 0 0 0 0 0 0 0 0 0 0 0 0 0 0 0 0 0 4.2 0 0 0.4 0 0 0.4 0 0 0 0 0 0 0 0 0 0 0 0 0 0 0 0 0 0 0 0 0 0 0 0 3.2 0 0 0 0 
 0 0 0.6000000000000001 0 0 0.4 0 0 0 1.2000000000000002 0 0 0 0 0.4 0 0 0 0.4 0 10.200000000000001 97.4 17.6 47 25.400000000000002 8.200000000000001 33.800000000000004 0 86.80000000000001 32.800000000000004 51 65.4 17 78.80000000000001 13.600000000000001 38.2 24 23.400000000000002 56.6 11.8 0 0 0.8 0 0 0 0 0 0.6000000000000001 0 0 0 0 0 0.4 0 0.6000000000000001 0.4 0 0.4 0 0 0 0 0 0 0 0 0.2 5.2 0 0 0 0 1.4000000000000001 0.6000000000000001 0 0 0.4 0 0 0 0 0 0 0 0 0 0 0 0 0 0 0 0 0 0 0 0 0 2.2 5.6000000000000005 8.4 16 4.2 8.6 2.2 0 11.600000000000001 6 10.4 6.800000000000001 0 6.4 0.2 0.2 9.600000000000001 0 0 0 0 0 0 0.4 0 0 1 0.4 0 0 0 0 6.800000000000001 0.2 2.8000000000000003 0 0 0 9.8 5.4 0 0 0 0 0 0 0 0 0 0 0 0 0 0 0 0 0 0 0 0 0 0 0 0 1.8 0.2 0 0 0 4 0 0 0 0 0 0 0 0 0 0 2 7.6000000000000005 4.6000000000000005 3.6 3 6 0 8 2.8000000000000003 2.2 6.2 1.2000000000000002 0 0 2.4000000000000004 16.2 4.4 10 0 2 0 0 0 0 0 0.4 0 0 0.4 0 0 0 0 0.4 0 0 0 0 10 0 0 0.4 0 0 0 0 0 0 0 0 0 0 0 0 0 0 0 2.4000000000000004 0 0 0 0 0 0 0 0 0 0 0 0 0 0 0 0 2 0 0 17.400000000000002 1.6 0.4 7.4 3.8000000000000003 0 0 0 0 3.6 0 0 0 0 0 0 0 0 0 0 0 0 0 0 0 0 0 0 2.6 0 0 0 0 
 0 0.2 0 0.4 0 0 0 0 0 0 0.4 0 19.400000000000002 0.4 0 0 0 15 0.8 0 5.2 80.2 56.2 53.2 33.6 53 53.2 86.80000000000001 0 36.4 26.200000000000003 62.400000000000006 35.800000000000004 33.800000000000004 41 40.400000000000006 96.4 41 16.400000000000002 15.600000000000001 0 0.6000000000000001 0.4 0 0 12.8 0 0 0.6000000000000001 0 0.2 0.4 0 0 0.4 0 0.6000000000000001 0.8 0 0.4 0 0 0 0 0.2 0 0 0.4 0.4 3 0 0 0 0.4 2 0 0 0 1.8 0.4 0 0 0 0 0 0 0 0 1.4000000000000001 0 0 0 0 0 0 0 0 0 0 0 0.4 7.2 6.2 0 4.2 3.4000000000000004 4.800000000000001 0.2 8 3 4.2 5 0 4 2.6 3.8000000000000003 0.2 2.4000000000000004 0 3.6 0 0 0 0 0 0 0 0 0 0 0 0 0.8 0 0 0 0 0 2 0 4.2 0 0 0 0 0 0 0 0 0 0 0.4 0 0 0 0 0 3.2 0 0 0 0 0 0 0.8 0 0 0 0 0 0 0 0 0 0 0 0 0 0 0 1.6 4.4 3.8000000000000003 4.2 0.2 5.6000000000000005 0 2.4000000000000004 0 4.2 6 1.6 0 1.8 2 9.600000000000001 4.2 2.6 0 2.2 0 0 0 0 0 0 0 0 0 0 0.4 3 5.2 0 0 0 0 0 4.2 5.4 0 0 0 0 0 0 0 0 0 0 0 0 0 0 0 0 0 0 0 0 0 0 0 0 0 0 0 0 0 0 0 0 0 0 0.6000000000000001 0 0.6000000000000001 12.200000000000001 15.8 0 3 1.6 0 0 0 0 3.6 0 0 0 0 0 0 0 0 0 0 0 0 0 0 0 0 0 0 0 0 0 0 0 
 0.4 0.2 0.2 0 16.400000000000002 0.4 0.4 0 0.4 0.4 0.2 0 0.2 0.2 1.2000000000000002 0.2 2.4000000000000004 0.4 0.8 0.2 10.4 12.4 42.800000000000004 80.80000000000001 37.800000000000004 32.6 38.800000000000004 32.800000000000004 36.4 0 35.4 32 41.800000000000004 48 57.6 31 18.6 28.400000000000002 13.600000000000001 28.200000000000003 0.4 0 4.4 0 0 0 13.8 0 0.6000000000000001 0 0 0 0 12.4 0.4 0 0.6000000000000001 1 9 8.200000000000001 0 0 0 0 0 0 0 0 0.4 3.2 0 0 0 0 1 0 0 0 0.4 0 0 0 0 0 0 0 0 0 0 0 0 0 0 0 0 0 0 0 0 0 1.8 2.6 0 10.600000000000001 5.2 4 0 0.4 0.2 2.4000000000000004 3.6 0 0 3.6 2.8000000000000003 1.8 3.2 4.2 0 3.8000000000000003 0 0 0 0 1.2000000000000002 0 1.6 0 0.2 0 0 0 0 2 1.2000000000000002 0.4 0 0 3.8000000000000003 4.4 0 0 0 0 0.2 0 0 0 0 0 0 0 0 0 0 0 0 0 0 0 0 0 0 0 0.4 1 0 0 0 0 0 0.2 0 0 0 0 0 0 0.6000000000000001 0 0.4 4.2 2.2 7.2 2.8000000000000003 3.6 0 0 6.2 8.8 4.6000000000000005 3.4000000000000004 0.4 2.4000000000000004 0 3.6 7.4 2 0 2.4000000000000004 2 0 0 0.4 0 0 4 0 1.8 0 0 0 3.8000000000000003 0.2 0 0 0 0 2.6 4 0 2.8000000000000003 0 0 0 0 0 0 0 0 0 0 0 0 0 0 0 0.4 0 0 0 0 0.4 0 0 0 0 0 0 0 0 0 0 0 1.2000000000000002 0 0 2.8000000000000003 0.4 0 1 0 0 0 0 0 1.6 0 0 0 0 0 0 0 0 0 0 0.4 0 0 0 2.6 0 0 0 0 0 0 0 0 
 0 0 0.4 0 0 0 0 0 0.2 0 0 0 0.2 0 0 0 0 0 0 0 9.200000000000001 66.4 35.800000000000004 24.6 32 81.60000000000001 7 51 26.200000000000003 35.4 0 28.8 6 110.80000000000001 14.4 16.400000000000002 29.6 75.60000000000001 9.600000000000001 23.200000000000003 0 0 0 0 0 0 12.4 0 0.6000000000000001 0 0 0.2 0.6000000000000001 12.8 0.4 0 0.6000000000000001 0.4 0.4 0 0.4 0 0 0.2 0 0 0 0 0.4 0.4 0.2 0.6000000000000001 0 0 0.4 0 0 0.4 0.4 0 0 0 0 0 0 0 0 0 0 0 0 0 0 0 0 0 0 0 0 0 4.800000000000001 4 1.4000000000000001 2.2 2.4000000000000004 3.2 0 6.4 0.2 0 5.4 1.8 0 5.800000000000001 1.4000000000000001 0.4 0 1.4000000000000001 1.6 0 6.800000000000001 2.2 3.6 0 0 0 0 0 0.2 0 0 0.2 4.2 6.4 2.6 0.4 0 0 3 4 2.2 0 0 0 0 0 0 0 0 0 0 0 0 0 0 0 0 0 0 0 0 0 0 0 0 0 0 0 0 1 0 0 0 0 0 0 0 0.2 0 0 3 0 2.8000000000000003 6.800000000000001 9.4 2.6 0 2.4000000000000004 0 7.2 4 8.8 0.4 0 0 0 5.800000000000001 0 0 2.6 5.4 0 0 0.2 0 0 4.4 0 0 0 0 0 2.8000000000000003 0.2 2 0.2 4.2 0 1.4000000000000001 1.2000000000000002 0 0 0 0 0 0 0 0 0 0 0 0 0.2 0 0 0 0 0.4 0 0 0 0 2.8000000000000003 0 0 0 0 0 0 0 0 0 0 0 0 0.4 0.4 23.6 15.4 0.4 0 0.4 0 0 0 0 2.4000000000000004 0 0 0 0 0 0 0 0 0 0 0.4 0 6.6000000000000005 0 6.2 0 0 0 0 0 0 0 0 
 0.4 0 0 0.6000000000000001 0.2 0.6000000000000001 0 0 0 0 0.4 0 0.2 0 1.2000000000000002 0.8 0.4 0 0.4 0.2 8.200000000000001 24.200000000000003 18.400000000000002 52.6 45.2 47.6 23.8 65.4 62.400000000000006 32 28.8 0 11.200000000000001 21 23.400000000000002 30.6 49 21.8 47.800000000000004 9.200000000000001 0 0 0 0 0 0.4 12.4 0 0.6000000000000001 0 0 0.2 0 20.8 2.2 0 0.6000000000000001 0.4 0.2 12.8 0 1 0.4 0 0 0 0 0.6000000000000001 0.6000000000000001 0 0 0.4 0 0.6000000000000001 0.6000000000000001 0 0 0 0.8 0 0 0 0 0 0 0 0 0 0 0 0 0.4 0 0 0 0 0 0 0 0 4.800000000000001 3.2 2 2.4000000000000004 0.4 2 0 3 3 3.6 6.6000000000000005 3.8000000000000003 0 0 2.8000000000000003 5.800000000000001 0 0 0 0 4.4 2.6 0 0 0 0 0 0 0 0 0 2.2 2.2 8.200000000000001 1.4000000000000001 0 0 0 7.800000000000001 4.4 1.2000000000000002 0 0 0 0 0 0 0 0 0 0 0.4 0 0 0 0 0 0 0 0 0 0 0 0 1.2000000000000002 0 0 0 0 2.8000000000000003 0 0 0 0 0 0 0 0 0.2 0 2.2 2.6 0.2 4.4 6.2 0.4 0 3.6 0.2 2.2 3.8000000000000003 3 0 0 2.4000000000000004 0.4 0 0.2 0 0 7.2 0 0 0 0 0 3.2 1.8 0 0 0 0 0 0.2 2 0 5 0.2 0 8.4 0 0 0 0 0 0 0 0 0 0 0 0 0 0 0 0 0 0 0 0 0 0 0 0 0 0 0 0 0 0 0 0 0 0 1.6 1.8 0 24 0 0 4.6000000000000005 0 0 0 0 0 0 0 0 0 0 0 0 0 0 0 0 0 0 3.8000000000000003 0 0 0 0 0 0 2.8000000000000003 0 0 0 
