 0 46 31.6 29.6 23.400000000000002 4.4 31.200000000000003 30.400000000000002 10.8 9.600000000000001 7.2 5.4 28.200000000000003 25.200000000000003 31.6 43.2 73.4 24.6 12.200000000000001 10.600000000000001 0 0 0.4 0 0 0 0 0 0.4 0 0 0 0.6000000000000001 0 0 0.4 0.4 0.4 0 0 0 0.6000000000000001 0.8 0 0.6000000000000001 0 0.6000000000000001 0.6000000000000001 0 0 0 0.6000000000000001 0.6000000000000001 0 0 0 0.4 0.6000000000000001 0 0.6000000000000001 0.6000000000000001 0 0.8 0 0 0 0 0 0 0 0 0.4 0 0.4 0.6000000000000001 0 0 0 0 0 3.4000000000000004 4.2 0 0 0 2.4000000000000004 2.4000000000000004 5.800000000000001 0.4 2.6 2.8000000000000003 0 9.8 4.6000000000000005 2.6 2 7.2 8 0 4.800000000000001 0 0.4 0 0 0 0 0 1.6 0 0 0 0 0 0 0 0 0 0 0 0 2.8000000000000003 0 0 0.2 0 0 0 0 0 0 0 0 0 0.2 0 0 0 0 0 0 0 0 0 0 0 0 0.2 0 0 2.2 0 0 0 0 0 0 0 2 0 0 6.800000000000001 4 0 0 0 0 0 4 5.4 0.2 2.2 7.6000000000000005 0.8 2.6 4.2 3.8000000000000003 0 0.2 4.6000000000000005 0 0 0 0 0 1.8 0 2 0 0 0 0 0 2.8000000000000003 1.2000000000000002 0 0 0 0 0 0 0 0 0 0 0.2 0 0 0 0 0 0 0 0 0 0 0 0 0.2 0 0 0 0 0 0 0 0 0.4 0 0 0 0 0.2 0 0 0 0 0 0 0 0 0 2 0 0 0 0.2 0.4 0.4 0.4 0.4 0.4 4.2 1.2000000000000002 0 0 0 0 0 0 0 0 0 0 0 0 0 0 0 0 0 0 0 0 0 0 1 0 0 0 0 0 0 0 0 0 0 0 0 0 0 
 46 0 96.2 33.4 45.2 57.400000000000006 36.2 64.2 48.2 98.80000000000001 41.2 19.400000000000002 10.600000000000001 25.200000000000003 10.600000000000001 46.400000000000006 18.6 24.200000000000003 54.800000000000004 8.4 0 0 0.4 0 0.4 0 0.4 0 0 0 0 0 0.4 0.4 0 0.6000000000000001 0.4 0.4 11.4 0.2 0 0.6000000000000001 0.6000000000000001 0 0.6000000000000001 0 0.6000000000000001 0.6000000000000001 0 0 0 0.6000000000000001 0.6000000000000001 0 0 0.4 0.4 1 0 0.6000000000000001 0.6000000000000001 2.4000000000000004 1.4000000000000001 0 0 0 0 0 0 0 0 0 0 0.4 0.6000000000000001 0 0.2 0 0 0 0 5.2 4 0 0 2 0 3.6 1.8 0 3.6 3 2 5.800000000000001 5.800000000000001 5.6000000000000005 6 8.4 0 0.4 1.2000000000000002 0 0 0 0 0 0 0 0 0 0 0 6 0 3.2 0 0 0 0 0 0 0.2 0 0 0 0 0 0 0 0 0 0 0 0 0 0 0 0 0 0 0 0 0 0 0 0 0 0 0 0.4 0 0 0 0 0 0 0 0.2 0 0 0 0 0.2 0 3.4000000000000004 3.8000000000000003 0 2.4000000000000004 8 7 0 3.6 0 0 0 0 0 12.200000000000001 0 2.2 0 0 0 0 0 0 13.600000000000001 0.6000000000000001 0.2 0 0 0 7.2 2.6 0 0 0 0 0 0 1.6 0.2 0 0 0 0 0 0 0 0 0 0 0 0 0 0 0 0 0 0 0 0 0.2 0 0 0 0 0 0 0.2 0 0 0 0 0 0 0 0 0 0 0 0.2 0 0 0.2 0 0 0 0.4 0.6000000000000001 1 0.8 0 0 0 0 0 0 0 0 0 0 0.6000000000000001 0 0 0 0 0 0 0 0 0 0 0 0.4 2.6 0 0 0 0 0 0 0 0 0 0 0 0 0 0.4 
 31.6 96.2 0 69 10.8 10.4 38.400000000000006 17.2 58.400000000000006 43.800000000000004 27.8 23.8 38 30.400000000000002 59.800000000000004 27.8 71.4 65.4 6.4 29 0 0 0.4 0 0 0 0 0 0 0 0 0 0 0 0 0.2 0.4 0.6000000000000001 0 0 0 0.6000000000000001 0.6000000000000001 0 0.6000000000000001 0 0.4 0.2 0 0 0 0.6000000000000001 0.6000000000000001 0 0 0 0.4 0.6000000000000001 0 0.6000000000000001 0.6000000000000001 0 0.4 0 0 0 0 0 0 0 0 0 0 0.6000000000000001 0.4 0 0 0 0 0 0 1.8 2 3.2 2.8000000000000003 0 0.2 2.4000000000000004 11.4 4 14.200000000000001 7 2.8000000000000003 4.800000000000001 2.4000000000000004 3.6 0 2.4000000000000004 4.2 4.2 2.8000000000000003 0 0 0 0 0 0 0 0 0 0 1 0 0 0 0 0.4 0 0 0.4 0 0 0 0 0 0 0 0 0 0 0 0 0 0 0 0 0 0 0 0 0 0.2 0 0 0 0 0.2 0 0 1.2000000000000002 0 0 0 0.4 0 0 0 0 0 0 0 4 3.8000000000000003 3.4000000000000004 1 0 0 3.2 2.8000000000000003 8.200000000000001 0 0 0.4 3.8000000000000003 0.2 2 2 14.200000000000001 0 2.4000000000000004 0 0 0.4 0 0 0 3 0 0 0 0 0 6.800000000000001 0 0.2 0 0 0 0 0.2 0 0 0 0 0 0 0 0 0 0 0 0 0 0 0 0 0.2 0 0 0 0 0 0 0 0 0 0 0.4 0 0 0 0.4 0 0 0 0 0 0 0 0 0 0 0 0 0 1 0 0 0 12.600000000000001 3 1.2000000000000002 0 0 0.2 0 0 0 0 0 0 0 1.8 0 0 0 0 0.2 0 0 0 0 0 0 0 0 0 0 0 0 0 0 0 0 0 0 0 0 0 0 
 29.6 33.4 69 0 41.800000000000004 23.6 24 17 41 19.6 18.8 30.400000000000002 16.400000000000002 12.200000000000001 13.4 32.4 32 9.8 20 13.4 14.600000000000001 0.2 0.4 0 0 46.6 0 0 0 0 0 0 18.8 0.4 0 0.2 0.4 0.6000000000000001 35 28.8 0 0.6000000000000001 1.8 0 0.6000000000000001 0 0.6000000000000001 0.6000000000000001 0 0 0 0.6000000000000001 0.6000000000000001 0 0 0 0.4 1 0 0.6000000000000001 0.6000000000000001 0 0.6000000000000001 0 0 0 0 0 0 0 0 0.2 0 0.6000000000000001 0.6000000000000001 0 0 0 0 0 0 6.2 2.8000000000000003 3.2 6.6000000000000005 3.8000000000000003 0.2 3 4.2 0 7.800000000000001 0 0 0 0 3.8000000000000003 1.8 5.2 0 0 2 3.8000000000000003 0 0 0 0 5.800000000000001 1 4.6000000000000005 0 0 2.2 6 3.8000000000000003 8.6 0 0 0 4 1.4000000000000001 0.2 0 0 0 0 0 0 0 0 0 0 0 0 0 0 0 0 0 0 0 0 0.2 0 0 0 0 0 0 0 0 0 0 0 0 0 0 0 0 0.2 0 0 0 0.8 2 6 3.4000000000000004 0 1 1.2000000000000002 0 0.4 4 0 0 0 2 2.2 0.2 0.2 0 6.6000000000000005 0 0 0 0 0 5 3.6 0 0 4.2 0 0 5.800000000000001 1.8 2 6.2 0 3.4000000000000004 2.2 0 0 0 0 0 0 2.2 0 0 3 0 0 0 0 0.2 0 0 0 0 0 0 0 0 0 0 0 0 0.2 0 0.2 0 0 0 0 0 0 1.4000000000000001 0 0 0 0 0 1.8 0 0 0.6000000000000001 16.2 0 0.6000000000000001 0.2 0.4 0.8 2.2 0 0 0 0 0 0 0 0 0 0 0 0 0 0 0 0 0 0 0 0 0 0 0 1.4000000000000001 0 0 0 0 0 0 0 0 0 0 0 0 0 
 23.400000000000002 45.2 10.8 41.800000000000004 0 28 55 13.8 42.6 17.8 28.400000000000002 61.400000000000006 17.2 24.6 12.600000000000001 22.200000000000003 31 22.200000000000003 15 57.6 16.400000000000002 0.6000000000000001 15.200000000000001 0.2 1 0 13.4 14.600000000000001 19.400000000000002 0.4 0.6000000000000001 0.4 30 0 0 0 21 16.2 17.8 0 0.4 0.6000000000000001 1.2000000000000002 0 0.6000000000000001 9.200000000000001 0.6000000000000001 0.4 0 0 0 1 0.6000000000000001 0 0 0 0.4 0.6000000000000001 0 0.6000000000000001 0.6000000000000001 0 0.4 0 0 0.4 0 1 0 0 0 0 0 0.6000000000000001 0.4 0 0 0 0 0 2.8000000000000003 0 4.4 0 3.4000000000000004 5.2 2.8000000000000003 5 4.4 0 2.8000000000000003 5.6000000000000005 0 0 4.2 1.6 2.8000000000000003 2.8000000000000003 0 0.2 6 0 2 0 0.4 0 4 3.2 0.4 0 4 0 2.4000000000000004 2.4000000000000004 4.2 0 0 0.4 0 2.4000000000000004 0 0.4 0 0 0 0 0 0.4 0 1.8 0 0 0 0 0 0 0 0 0 0 0 0 0 0 2.4000000000000004 0 0 0 0 0 0 0 0 0 0 0 0 0.4 0 0 4 1.8 0.4 3 0 1.4000000000000001 0 0 2 3.4000000000000004 0 3.6 0 0.8 0 0 0 5 0 2.2 0 0 0 0.6000000000000001 0 0 20.8 0.2 3 0 5.800000000000001 0 3.4000000000000004 3 3.4000000000000004 0 0.2 0 0 0 0 0 0.2 0 0 0 0 1.6 0 0 0 0 0 0 0 0 0 0 0 0 0 0 0.4 0 0 0 0 0 0 0.4 0 0 0 0 0 0 0 3 0 0 0 0 0 0 0 1 0.4 0 0.4 0 3.2 1.4000000000000001 2.2 0 0 0 0 0 0 0 0 0 2.8000000000000003 0 0 0 0 0 0 0 0.4 0 0 0 0 0 0 0 0 0 0 0 0 0 0 0 0 0 0 0 
 4.4 57.400000000000006 10.4 23.6 28 0 9 108.4 31.400000000000002 27.6 66.4 20.200000000000003 8.200000000000001 27.400000000000002 17.6 13.600000000000001 9.8 10 8.8 13 15 15.4 14 0 0 0 30.200000000000003 14.8 29.6 0 0.2 0 29.6 31.200000000000003 15.200000000000001 0.2 0.4 12.600000000000001 37.800000000000004 22.200000000000003 0 0.6000000000000001 1.4000000000000001 0 0.6000000000000001 0 0.6000000000000001 0.6000000000000001 0 0 0 0.6000000000000001 0.6000000000000001 0 0 0 0.4 0.8 0.2 0.6000000000000001 0.6000000000000001 0 0.6000000000000001 0 0 0 0 0 0 0 0 0.2 0 0.6000000000000001 0.6000000000000001 0 0 1 0 0 0 0 0 0 0 0 0 0 0 0 0 0 0 0.4 0 0 0 0.2 0 0 0 6.4 0.4 2.2 0 0 4.2 10.4 9.4 0.8 0.4 6.800000000000001 1.6 0.2 0.2 2.4000000000000004 0 11.4 9.200000000000001 5.6000000000000005 0 0 0 0 0 0 2 0 0 3.2 0 0 0 0 0 0 0 0 0 0 0 0 0 0 0 0 0 0 0 0 0 0 0 0 0 0 0 0 0 0 0 0 1 0 5 6 0 1.4000000000000001 0 1 4.4 0 0 0 0 0 0 0 0 0 11.200000000000001 6.6000000000000005 0 0.2 0 0.6000000000000001 2.2 8.6 2.8000000000000003 1.2000000000000002 0.2 3 0 0 12.200000000000001 5.6000000000000005 0.2 8.6 4 3.4000000000000004 0 0 0 0 0 0 0 0 0 0 0 0 0 0 0 0 0 0 0 0 0 0 0 0 0 0 0 0 0 0 0 0 0 0 0 0 0 0 0 0 0 0 1.2000000000000002 0 0 0 18.400000000000002 0.2 18.2 9.4 0 1.4000000000000001 0 0 0 0 0 0 0 0 0 0 0 0 0 0 4.800000000000001 0 0 0 0 0 0 0 0 0 0 2.8000000000000003 0 11.4 0 0.8 0 0 0 0.2 0.2 0 0 0 
 31.200000000000003 36.2 38.400000000000006 24 55 9 0 53.6 14.200000000000001 48.400000000000006 22.6 10.4 48.2 52.2 69.2 57 10.200000000000001 33.800000000000004 38.400000000000006 76.80000000000001 0 0 0.8 0 0 0 0 0.2 0 0 0 0 0.2 0.2 0 0.2 0.4 0.6000000000000001 0 0 0 0.6000000000000001 0.2 0 0.6000000000000001 0 0.6000000000000001 0.6000000000000001 0 0 0 0.6000000000000001 0.6000000000000001 0 0 0 0.4 1 0 0.6000000000000001 0.6000000000000001 0 0.6000000000000001 0 0 0 1 0 0 0 0 0 0 0.4 0.6000000000000001 0 0 0 0 0.2 0 4.800000000000001 3.4000000000000004 5.4 0 0.4 2.6 0 0.2 9.4 0 0 3.2 16 0 5.2 3.2 5 8 3.4000000000000004 0 0 0 0 0 0 0 0 0.2 0 0 0 0 0 0 0 0 0 0 0 0 0 0 0 0.4 0 0 0 0 0 0 0 0 0 0 0 0 0 0 0 0 0.2 0 0 0 0 0 0 0 1.2000000000000002 0 0.2 0 0 0 0 0 0 2 0 0 0 4.2 1.8 0.8 0 5.2 2.2 6.4 0.4 0 0 3 8.6 0 6.6000000000000005 5.800000000000001 0 0.2 5.2 0.2 0.2 0 0 0 0 0 0 0 0 0 0 4.2 0 0 0 0 0 2 0 0 0 0 0 0 0 0 0 0 1.6 0 0.4 0 0 0 3.8000000000000003 0 0 0 0 0 0 0 0 0 0 0 0 0 0 0 0 0 0 0 0 0 0 2.6 0 0 0 0 0 0 6.4 0 0.4 0.2 0.4 0.2 2.2 0 0 0 0 0 0 0 0 0 0 0 0 0 0 0 0 0 0 0 0 0 0 0 0 0.4 0 0 0 0 0 0 0 0 0 0 0 0 0 
 30.400000000000002 64.2 17.2 17 13.8 108.4 53.6 0 47 18.400000000000002 4.6000000000000005 6 40.2 33 47.400000000000006 26.6 9.600000000000001 49.400000000000006 76.80000000000001 28.400000000000002 15.600000000000001 0 1 1 0 0.4 0 0 0 0 0.4 0.8 0.2 0 0 0.2 1 1 0 0 0 0.6000000000000001 0.4 0 1.6 0 0.6000000000000001 0.8 0 0.2 0.4 0.8 0.6000000000000001 0 0 0.4 0.8 0.6000000000000001 1 0.6000000000000001 0.6000000000000001 0 0.6000000000000001 0.8 0.6000000000000001 0 0.6000000000000001 0 0 0.6000000000000001 0.6000000000000001 0.2 0.4 0.6000000000000001 0.8 0.6000000000000001 0.2 0.4 0 0 4.800000000000001 2 4.6000000000000005 5.4 0 0 2.8000000000000003 7.2 0 3.8000000000000003 0 0 3.2 8.4 2.8000000000000003 4 0 0.2 6.2 6.4 0 0 0 0 0 0 0 0 0 0 0 0 0 0 0 0 0 0 0 0 0 0 0 0 0 0 0 0 0 0 0 0 0 0 0 0.2 0 0 0 0 0.2 2.6 0.2 0 0 0 0 0 0 0 0 0 0 0 0.6000000000000001 0 0 0.6000000000000001 0 0 2 0 3.2 0 0 0 1.8 3 2.8000000000000003 0 0 0 4.2 1.6 0 0 3 0 0 6.6000000000000005 0 0 0 0 0 0 0 0 0 0 0 0 0 0 0 0 2.4000000000000004 0 0 0 0 0 0 0 0 0 0 0.2 0 0 0 0 0 0 0 0 0 0.2 0 0 0 0 0 0 0 0 0 0 0 0 0.2 0 0 0 0 0 0 0 0 0 0 0 0 0 0 0.4 0 0 0.2 0 0.4 0.4 0 0 0 0 0 0 0 0.4 0 0 0 0 0 0 0 0 0 0 0 0 0 0 0 0 2.2 0 0 0 0 0 0 0 0 0 0 0 0 0 
 10.8 48.2 58.400000000000006 41 42.6 31.400000000000002 14.200000000000001 47 0 33.6 50.800000000000004 20 72.2 33 35.6 93.80000000000001 68.60000000000001 51.800000000000004 24.6 17.6 0.4 0 0.4 0 0 0 0 0 0 0 0 0 0.4 0.4 0 0.4 0.4 0.8 0 15.8 0 0.6000000000000001 0.4 0 0.6000000000000001 0 0.6000000000000001 0.6000000000000001 12.600000000000001 0 0 0.8 0.6000000000000001 0.6000000000000001 0 0 0.4 1 0 0.6000000000000001 0.6000000000000001 0 0.6000000000000001 0 0.4 0.4 0 0 0 0 0 0.8 0 0.6000000000000001 0.6000000000000001 0 0 0 0 0 3 7.800000000000001 5 9.600000000000001 10.4 0.4 1.2000000000000002 2.8000000000000003 2 7.4 7.6000000000000005 11.4 0.6000000000000001 3.2 6.800000000000001 2 5.4 0 0 0 1.8 0 0.2 0 0 0 0 0 0 0 0 0 0 0 1 0 0 0 0 0 0 0 0 0 0 0 0 0 0 0 0 0 0 0 0 0 1.6 0 0 0 0 0 0 0 0 0 0 0 0 0 0 0 0 0 0 0 0 0 0 0 0 4.800000000000001 6.2 2.2 4.6000000000000005 0 0 14.8 0 6.6000000000000005 2 0 0 0 2.2 2.6 1.8 17.400000000000002 0 2 0.4 0 0 0 0 0 3.6 0 0 0 0 0 4.2 0 0 0 1 0 6.2 10.4 0 0 0 0 0 0 0 0 0 1.6 0 0 0 0 0 0 0 0 0 0 0 0 0 1.8 0.4 0 0 0 0 0 0 0 0 0 3 0 0 0 0 0 0 0 0 0 0 0.2 0 0 0 17.6 0.4 0.2 0 0 0 0 0 0 0 0 0 0 3.8000000000000003 0 0 0 0 0 0 0 0 0 0 0 0 5.6000000000000005 1.8 0 0 0 0 0 0 0 0 0 0 0 0 0 
 9.600000000000001 98.80000000000001 43.800000000000004 19.6 17.8 27.6 48.400000000000006 18.400000000000002 33.6 0 22.6 7.2 12.600000000000001 39.400000000000006 41.6 36 50.2 51.2 39.800000000000004 36 0 0 0.4 0 0 0.4 17.2 0 0 0 0 0.2 0.4 0.4 0 0.4 0.4 0.4 15.600000000000001 10.4 0 0.6000000000000001 0.2 11 0.6000000000000001 0 0.6000000000000001 0.6000000000000001 0 0 0 0.6000000000000001 0.6000000000000001 0 0 0 0.4 0.6000000000000001 0 0.6000000000000001 0.6000000000000001 0 1.2000000000000002 0 0 0 0 0 0 0 0 0 0 0.4 0.6000000000000001 0 0 0 0 0 2.8000000000000003 4.6000000000000005 2.8000000000000003 2.6 0 2.8000000000000003 5.4 2.4000000000000004 2.8000000000000003 4.800000000000001 0 5 2.6 2.8000000000000003 2.8000000000000003 1.8 3.6 2.8000000000000003 1.8 2.4000000000000004 0 0 0 0 0 0 0.4 0 0 0 0 0 8 0 2.8000000000000003 0 0 0 0 0 0 0 0 0 0.2 0 0 0 0 0 0 0 2.4000000000000004 0 0 0 0 0 0.8 0 0 0 0 0 0 0 0 0 0 0 0 0.4 0 0 0 0 0 0 0 0 0.4 0.2 3.2 0 10 0 0 4.800000000000001 2.6 9 0 0 2.2 0 2.6 0.6000000000000001 0 0 0 0 0 0.4 0 0 0 0 0.2 2.8000000000000003 0 0 0 0 5.2 2.2 0 0 0 0 0 0.2 0 0 0 0 0 0 0 0 0 0 0 0.4 0 0 0 0 0 0 0 0 0 0 1 0 0 0 0 2.6 0 0 0 0 0 0 0 0.6000000000000001 0 0 0 0 0 0.2 0 0 0 0 0 0.6000000000000001 0.2 35 0 0.2 0 0 0 0 0 0 0 0 0 0 2.2 0 0 0 0 0 0 0 0 0 0 0 0 6.6000000000000005 2 0 0 0 0 0 0 0 0 0 0 0 0 0 
 7.2 41.2 27.8 18.8 28.400000000000002 66.4 22.6 4.6000000000000005 50.800000000000004 22.6 0 28.200000000000003 8.6 11.200000000000001 31.8 61 22.400000000000002 54 95.2 14.4 4.800000000000001 0.2 0.4 0 0.4 0.4 15.600000000000001 0 0 0.4 0 0 16.2 1 0 0.4 0.4 0.4 28 45 0.2 0.6000000000000001 2.6 0 0.6000000000000001 4 0.6000000000000001 0.6000000000000001 0 0 0 0.6000000000000001 0.6000000000000001 0 0 0 0.4 1 0 0.6000000000000001 0.4 0 1.4000000000000001 0 0 0.2 0 0.4 0 0 0 0 0 0 0.6000000000000001 0.2 0.2 0 0 0 0 0 0 2.8000000000000003 6 0 0 0.8 0 3 0.2 0 0 1.4000000000000001 0 0 3.4000000000000004 2.2 0 0 0 6.6000000000000005 0 0.2 0 0 7.800000000000001 0.6000000000000001 4.4 0 0 0 3 0 6.2 0 0 0 2.2 3.2 1.8 0 0 0.4 0 0 0 0 0 0 0 7 0 0 0 0 0 0 0 0 0 3.2 0 0 0 0.4 0 0 0 0 0 0 0 0 0 0 0 0 0.8 0 0 0 2.2 6.800000000000001 4.6000000000000005 1.8 0 0 0.4 3.8000000000000003 4.2 1.2000000000000002 0 0 0 2.4000000000000004 2 0.6000000000000001 0 0 0.2 0.6000000000000001 0 0 0.4 1.6 0.4 1.4000000000000001 0 0 0 0 2.6 4.2 4 1.4000000000000001 0 0 0.2 2 0 4.2 0 0 0.4 0 0 0 0 0 0 0 0.2 0 0 0 0 0 0 0 0 0 0 0 0 0 0 0 0 0 0 0 0 0 0 0 0 0 0 0 0 0 3.2 0 0 0 1 0.2 8.4 35.2 0 3.4000000000000004 0 0 0 0 0 0 0 0 0 0 0 0.4 0 0 0 0 0 0 0 0 0 0 0 1.6 0 4.2 0 0 0 0 0 0 0 0 0 0 0 0 
 5.4 19.400000000000002 23.8 30.400000000000002 61.400000000000006 20.200000000000003 10.4 6 20 7.2 28.200000000000003 0 24.400000000000002 23.200000000000003 7.6000000000000005 38.400000000000006 16.8 13.8 14 7.4 7.2 0 0.4 0 0 0 34.6 29.8 0 15 0 14.8 0 0.4 0 0 0.4 0.6000000000000001 22.6 19.8 0 0.6000000000000001 2.6 0 0.6000000000000001 0 0.4 0.2 0 0 0 0.6000000000000001 0.6000000000000001 0 0 0 0.4 1 0 0.6000000000000001 11 0 0.4 0 1 0 0 0 0 0 0 0.8 0 0.6000000000000001 0.4 0 0 0 0 0 2.8000000000000003 5.800000000000001 2.4000000000000004 4.800000000000001 2.2 3.4000000000000004 0 4 2.8000000000000003 5.6000000000000005 9.8 3 0 0 3.4000000000000004 2 0 2 0 0 4 2 0 0 0 0 5.800000000000001 12 4.2 0 1.4000000000000001 2.8000000000000003 2 3.2 8.8 0 0 3 2 6.4 7.6000000000000005 0 0 0 0 0 0 0 1.6 0 0 0 0 0 0 0 0 0 0 0 0 0 0 0 0 0 0 0 0 0 0 0 0 0 0 0 0 0 3.2 0 0 1.4000000000000001 5 4.2 5.6000000000000005 0.6000000000000001 0 1.2000000000000002 0.2 0 2.8000000000000003 4.800000000000001 0 0 2 5.2 2 6.2 0 2 0.2 6.800000000000001 0 0 0 0 6.2 3.2 1.4000000000000001 3 0.2 0 0 2.2 6.4 0 0 2.4000000000000004 5 11.600000000000001 0 0 0 0 0 0 0 0 0 0 1.8 0 0 0 0 0 0 0 0 0 0 0.4 0 0 0 0 0 0 0 0 0 0 0 0 0 0 0 0 0 6.2 0 0 1.6 0 0 0.8 23.200000000000003 0.2 0.4 0.2 2.4000000000000004 1.6 0 0 0.2 0 0 0 0 0 0 0 0 0 0 0 0 0 0 0 0 0 0 0 0 0 0 1.8 0 0 0 0 0 0 0 0 0 0 0 0 
 28.200000000000003 10.600000000000001 38 16.400000000000002 17.2 8.200000000000001 48.2 40.2 72.2 12.600000000000001 8.6 24.400000000000002 0 31.400000000000002 33.6 40.800000000000004 50.400000000000006 43.2 79 70.4 14.8 0 0.4 0.4 0.6000000000000001 3 0.4 0.2 0 0 0 1.2000000000000002 0.8 0.8 0.4 1 0.4 0.6000000000000001 0 0.4 0 2 0.4 0 1.6 0 1 1.2000000000000002 0 1 0 0.6000000000000001 1 0 0.6000000000000001 0 1 1 0.8 1.2000000000000002 0.6000000000000001 0.8 0.6000000000000001 0.4 1.2000000000000002 1.2000000000000002 0.6000000000000001 0 0 0 0.4 1 1.6 0.6000000000000001 0.6000000000000001 0 0 0 0 0 0.2 6.800000000000001 3.2 8.200000000000001 0 0 0 4 3.2 2 2 5.800000000000001 2.4000000000000004 2.4000000000000004 0.4 0.2 2.4000000000000004 0 4 2 0 0 0 0 0 0 0 1 0 0 0 0 0 0 0 0 0 0 0 0 0 0 0 0 0 0 0 0 0 0.2 0 0 0 0 0 0 0 0 0 0 0 0 0.2 0 0 0 0 0.2 0 0 0 1.4000000000000001 0 0 0 0 0 0 0 0 0 11.600000000000001 5.4 2.8000000000000003 0 0 2.8000000000000003 4.6000000000000005 0.6000000000000001 0 2.8000000000000003 0 0 3.6 2.8000000000000003 5 2.8000000000000003 4.4 3.4000000000000004 2.6 0 0 0 0 0 0 0 0 0 0 0 0 0 0 0 0 5.6000000000000005 0.2 2.2 0 0 0 0 0 0 0 0 0 0 0 0 0 0 0 0 0 0 1.2000000000000002 0 0 0 0 0 0 0.4 0 0 0 0 0 0 0 0 0 0 0 0 0 0 0 0 0 0 0 0 0.2 0.2 0 0.4 0 0 0.4 0 0 0 0 0 0 0 0 0 0 0 0 0 0 0 0 0 0 0 0 0 0 0 0 2.2 0 0 0 0 0 0 0 0 0 0 0 0 0 
 25.200000000000003 25.200000000000003 30.400000000000002 12.200000000000001 24.6 27.400000000000002 52.2 33 33 39.400000000000006 11.200000000000001 23.200000000000003 31.400000000000002 0 91.4 43.6 23.8 11 70.60000000000001 52.400000000000006 0.2 0.2 0 0.2 0.2 0.8 0.4 0 1.6 1 0.2 0.6000000000000001 0 0 0.4 0.4 0 0.4 0 0 0 0.8 0.6000000000000001 0 0 0 0 0 0 0.8 0 0.4 0 0 0 0 0 0.4 0 0 0 0.8 0 0 1.2000000000000002 0 0.4 0 0 0 0 0.6000000000000001 11.600000000000001 0 0 0 0 0 0 0 7.6000000000000005 4.2 5.6000000000000005 1.6 0 3 0 3 2.2 3.8000000000000003 0.6000000000000001 0 1.2000000000000002 2.8000000000000003 1 0 4.2 2.6 4.800000000000001 4 0 0 0 0 0 0 0 0 0 0 2 0 0 0 0 0 0 0 0 0 0 0 0 0 0 0 0 0 0 0.2 0 0 0 0 0 0 0 0 0 0 0 0.2 0 0 0 0 0 0 0 2 0 0 0 0 0 0 0 0.6000000000000001 0 0 0.2 0 2.8000000000000003 0 1.8 0 0 0.2 4.4 0.6000000000000001 2.8000000000000003 0 4 8 2.8000000000000003 0 9 0 0.2 5.6000000000000005 0 2.6 0 0 0 0 0 0 0 0 0 0 0 0 0 0 0 0 0 1.8 0 0 0 0 0 0 0 0 0 0 0 0 0 0 0 0 0 0 0 0 0 0 0 0 0 0 0 0 0 0 0 0 0 0 0 0 0 0 0 0 0 0 0 0 0 0.2 0 0 0.4 17.400000000000002 0.2 0.4 1.8 0 3.2 0 0 0 0 0 0 0 0 0 0 0 0 0 0 0 0 0 0 0 0 0 0.2 0 0 0 0 0 0 0 0 0 0 0 0 0 
 31.6 10.600000000000001 59.800000000000004 13.4 12.600000000000001 17.6 69.2 47.400000000000006 35.6 41.6 31.8 7.6000000000000005 33.6 91.4 0 66.2 8 45.800000000000004 46.2 57.800000000000004 0 0 0.4 0 0 0 0 0 0.2 0 15.200000000000001 0 15.200000000000001 0.4 0 11.4 0.4 0.6000000000000001 0 0.2 0 0.6000000000000001 1.8 0 0.6000000000000001 0 0.6000000000000001 0.4 0 0 0 1.4000000000000001 1.4000000000000001 0 0 0 0.4 1.4000000000000001 0 1 0.6000000000000001 1.2000000000000002 0.4 0 0.4 0 1.2000000000000002 0.8 0 0 0 0 0 0.6000000000000001 1.6 0 0.8 0 0 0 2.6 5.6000000000000005 1.6 7.4 0 0 2.6 0 5.2 2.4000000000000004 0 0.6000000000000001 1.2000000000000002 7 8.6 2.6 0 3.6 2.8000000000000003 6.800000000000001 0 0 0 0 0 0 0 0 0 0 0 0 0 0 0 0 0 0 0 0 0 1.8 0 0 0 0 0 0 0 0 0 0 0 0 0 0 0 0 0 0 0 0 0 0 0 0 0 0 0 1.6 0 0 0 0 0 0 0 0.6000000000000001 0 0 0 0 1.6 0 0.4 0 3 6.4 2.2 0.8 0 0 2.6 3.4000000000000004 0 2.4000000000000004 4.4 4.2 0 2 0 0 0 0 0 0 0 2.2 0 0 0 0 0.4 0 0 0 0 0 0 0 0 0 0 0 0 0 0 0 0 0 0 0 0 0 0 0 0 0 0 0 0 0 0 0 0 0 0 0 0 0 0 0 0 0 0 0 0 0 0 0 0 0 0 0 3.8000000000000003 0 0 0 0.2 1.2000000000000002 0 1.6 0 0 0 0 0 0 0 0 0 0 0 0 0 0 0 0 0 0 0 0 0 0 0 0 2 0 0 0 0 0 0 0 0 0 0 0 0 0 
 43.2 46.400000000000006 27.8 32.4 22.200000000000003 13.600000000000001 57 26.6 93.80000000000001 36 61 38.400000000000006 40.800000000000004 43.6 66.2 0 56.6 130.20000000000002 50.2 24.400000000000002 0 0 0.4 0 0 0 0 0 0.4 0 0 0 0.2 0.2 14.600000000000001 0.8 0.4 0.6000000000000001 14.8 0 0 0.6000000000000001 0.2 0 0.6000000000000001 0 0.6000000000000001 0.6000000000000001 0 0 0 0.6000000000000001 0.6000000000000001 0 0 0 0.4 0.8 0 0.6000000000000001 0.6000000000000001 0 0.6000000000000001 0 0 0 0 0 0 0 0 1 0 0.4 0.6000000000000001 0 0 0 0 0 3.4000000000000004 5.2 5.800000000000001 2.8000000000000003 0.2 6.4 2.8000000000000003 2.4000000000000004 2.2 5.6000000000000005 10.8 5.6000000000000005 0 4.4 2.6 2.2 3 11.200000000000001 0 3 0 0 0 0 0 0 2 0 0 0.4 0 0 0 0 2.6 0 0 0 0 0 0 0 0 0 0 0 0 0 0 0 0 0 0 0 0.4 0 0 0 0 0 0 2 0 0 0 0 0 0.4 7.6000000000000005 0.6000000000000001 0 0 0 0 0 0 0 0.2 0 0 0 2.4000000000000004 3.6 0 2.2 0.8 0 2.4000000000000004 0.2 0.2 2 5.2 0.4 0.2 6.2 0 2 11.8 0 0 0 0 0 0 0 0 2.4000000000000004 3.2 0 2.8000000000000003 0.4 0 0.2 1.8 0 0.2 0 0 0 0 0 0 0 0 0 0 0 0 0 0 0 0 0.4 0 0 0 0 0 0 0 0 0 0 0 0 0 0 0 0 0 0 0 0 0 2.2 0 0 0 0 0 0 0 0 0 0 0 0.4 0 0.8 0 5.4 2.2 0 0 0 0 0 0 0 0 0 0 1.8 0 0 0 0 0 0 0 0 0 0 0.4 0 0 0 0 0 0 0 0 0 0 0 0.4 0 0 0 0 
 73.4 18.6 71.4 32 31 9.8 10.200000000000001 9.600000000000001 68.60000000000001 50.2 22.400000000000002 16.8 50.400000000000006 23.8 8 56.6 0 13 29.400000000000002 7.4 0.6000000000000001 0 0.4 0 0 0 0 0 1.2000000000000002 0 0 0 0.4 0.4 0 0.2 0.4 0.8 12 0.2 0 0.6000000000000001 0.2 0 13.4 0 0.6000000000000001 0.6000000000000001 0 0 0 0.6000000000000001 0.6000000000000001 0 0 0 0.4 1.2000000000000002 0 0.6000000000000001 0.6000000000000001 0.4 0.6000000000000001 8.4 0 0 0.2 0 0 0 0 10.200000000000001 0 0.6000000000000001 0.6000000000000001 0 0 0 0 0 2.8000000000000003 3 2.8000000000000003 2 4.800000000000001 4.2 1.4000000000000001 6.2 16.8 5.800000000000001 0 6 5.800000000000001 0 5 1.8 7.6000000000000005 4.6000000000000005 0 0 0 0 0 0 0 0 2.2 0 0 0 1.4000000000000001 0 0 0 3 0 0 0 0 0 0 0 0 0 0.4 0 0 0 0 0 0 0 0 0 0 0 0 0 0 0 0 0 0 0 0 0 0 0 1.2000000000000002 0 0 0 7 0 0 0 0 0 0 3 0 0 0 0 6 1.8 0 2 1.4000000000000001 3.8000000000000003 0.2 4.4 0 0 0.6000000000000001 1.4000000000000001 4 0 0 0 0 0.2 0 0 0 0 14.200000000000001 3.8000000000000003 0 2 0 0 0.6000000000000001 2.8000000000000003 0 1.4000000000000001 0.8 0 0 0 0 0 0 0 0 0 0 0 0 0 0 0.4 0 0 0 0 0 0 0 0 0 0 0 0 0 0 0 0 0 0 0 0 2.8000000000000003 0 1 0 0 0 0 0 0 0 0 0 0 0.2 0.4 0.2 0.2 0.6000000000000001 0 1.6 1.8 0 0 0 0 0 0 0 0 0 2.4000000000000004 0 0 0 0 0 0 0 0 0 0 0 0 3.8000000000000003 0 0 0 0 0 0 0 0 0 0 0 0 0 0 
 24.6 24.200000000000003 65.4 9.8 22.200000000000003 10 33.800000000000004 49.400000000000006 51.800000000000004 51.2 54 13.8 43.2 11 45.800000000000004 130.20000000000002 13 0 63.800000000000004 53.800000000000004 0 0 0.4 0 0.2 0 0.2 0 0 0 0 15 0.4 0.4 0 0.4 0.4 0.4 0 0 0 0.6000000000000001 0.2 0 0.6000000000000001 0.6000000000000001 0.6000000000000001 0.6000000000000001 0 0 0 0.6000000000000001 0.6000000000000001 0 0 0 0.4 1 0 0.6000000000000001 0.6000000000000001 0 0.6000000000000001 0 0 0 0 0 6 0 0 0 0 0.4 0.6000000000000001 0 0 0 0 0.6000000000000001 4.4 4.800000000000001 2.2 2.8000000000000003 0 3.4000000000000004 4.2 6.6000000000000005 3 6.2 4.4 6 3.2 7.4 1.8 2.4000000000000004 14.4 3.8000000000000003 3.8000000000000003 4.800000000000001 0 0 0 0 0 0 0 0 0 0 0 0 0 0 0 0 0 0 0.4 0 0 0 0 0 0 0 0 0 0 0 0 0 0 0 0 0 0 0 0 0 0 0 0 0 0 0 0 0 0 1 0 0 0 0 0 0 0 0 0 0 10.200000000000001 6 4.6000000000000005 3.2 0 0 0 5.4 3.6 0 0 2.2 3 3 4.4 4.2 5.6000000000000005 4.2 0 2.4000000000000004 0 0.4 0 0 0 0 0 0.2 0.4 0 0 0 2.8000000000000003 0 0 0 0 0 3 0 0 0.4 0 0 0 0 0 0 0 0 0 0 0 0 0 0 0 0 0 0 0 0 0.4 0 0 5.6000000000000005 0 0 0 0 0 1.8 0 0 0 2 0 0 0 2 0 1.4000000000000001 0 0 0.4 0 0.2 0 1 1.2000000000000002 0 34 0 0 0 0 0 0 0 0 0 0 0 0 0 0 0.4 0 0 0 0 0 0 0.2 0 0.2 0 0 0 0 0 0 0 0 0 0 0 0 0 0 
 12.200000000000001 54.800000000000004 6.4 20 15 8.8 38.400000000000006 76.80000000000001 24.6 39.800000000000004 95.2 14 79 70.60000000000001 46.2 50.2 29.400000000000002 63.800000000000004 0 36.800000000000004 0.4 0 0.4 0 0 0 0 0.2 0.4 0 0 15 0.2 0 0 0.4 0.4 0.6000000000000001 0 0 0 0.6000000000000001 0.4 0 0.6000000000000001 0.2 0.6000000000000001 0.6000000000000001 0 0 0 0.6000000000000001 0.6000000000000001 0 0 0.4 0.4 1 0 0.6000000000000001 0.6000000000000001 0 0.4 0 5.800000000000001 0 0 0 0 0 0 0 0 0.6000000000000001 0.4 0 0 0 0 0 0.2 3.2 4.4 5.4 0 0 0 0 4.4 3 0 1.2000000000000002 2.8000000000000003 2.8000000000000003 7.800000000000001 0 5.800000000000001 0 5.2 3.2 0 0 2.8000000000000003 0 0 0 0 0 0 0 0 0 0 0 0 0 0 0 0 0 0 0.2 0 0 0 0 0 0 0 0 0 0 0 0 0 0 0 0 0 0 0 1 1.4000000000000001 0 0 0 0.6000000000000001 0 0 0 0 0 0 0 0 0 0 0.8 0 0 0 0 1.8 0 0 0 0 2.6 2 0 0.2 0 10.600000000000001 9.8 0 2 7.4 2.6 0 7.4 0 0 0 0 0 0 0 0 0 1.8 0 0 0 0 0 0 0 0 2.4000000000000004 0 0 0 0 0 0 0 0 0 0 0 0 0 0 0 0 0 0 0 0 1.4000000000000001 0 0 0 0 0 0 0 0 0 0 0 0 0 0 0 0 0 0 0 0 0 0 0 0 0 0 0 0.2 0.4 0 0 1.8 0 0 0 0 0 0 0 0 0 0 0 0 0 0 0 0 0 0 0 0 0 0 0 0 2.2 0 0 0 0 0 0 0 0 0 0 0 0 0 
 10.600000000000001 8.4 29 13.4 57.6 13 76.80000000000001 28.400000000000002 17.6 36 14.4 7.4 70.4 52.400000000000006 57.800000000000004 24.400000000000002 7.4 53.800000000000004 36.800000000000004 0 0 0.2 0.4 0 0 0 0 0 1 0 4.6000000000000005 0.4 1.6 0 0 0.6000000000000001 0.4 0.4 0 0 0 0.6000000000000001 0.2 0 0.6000000000000001 0 0.6000000000000001 0.6000000000000001 0 0 0 0.6000000000000001 0.6000000000000001 0 0 0 0.4 0.6000000000000001 0 0.6000000000000001 0.6000000000000001 0 0.6000000000000001 0 0 0 0 0 0 0 0 0 0 0.4 0.6000000000000001 0 0 0 0 0 2.8000000000000003 2.8000000000000003 4.6000000000000005 7 0 0.2 3.2 0 0 7.6000000000000005 3 0 0 12.4 3.2 5 5.6000000000000005 1.8 6.4 5.800000000000001 0 0 0 0 0.2 0 0 0.2 0 0 0 0 0 0 0 0 0 0 0.4 0 0 0.4 0 0 0 0.2 0 0.4 0 0 0 0 3 0 0 0 0 0 0 0 0 0 0 0 0 0 0 0 0 0 0 0 0 0 0 1.6 0 0.4 0 0 0 0 3 0 0 0 5.2 2.8000000000000003 2.4000000000000004 0 1.8 1.4000000000000001 2 5.800000000000001 0.2 7.2 0.4 0.6000000000000001 5.800000000000001 0 0 0 0 0 0 0 0 0.2 0.2 0 0 0 0 0 0 0 0 0 0 0 0 0 0.2 0 0 0 0 0 0 0 0 0 0 0 0 0 0 0 0 0 0 0 0.4 0 0 0 0 0 0 0.4 0 0 0 0.2 0 0 0 0 0 0 0 0 0 0 0.4 0.4 0 0 1.2000000000000002 0.2 0 1.4000000000000001 0 0 0 0 0 0 0 0 0 0 0 0 0 0 0 0 0 0 0 0 0 0 0 0 3.2 0 0 0 0 0 0 0 0 0 0 0 0 0 
 0 0 0 14.600000000000001 16.400000000000002 15 0 15.600000000000001 0.4 0 4.800000000000001 7.2 14.8 0.2 0 0 0.6000000000000001 0 0.4 0 0 38.6 21.8 10 107.80000000000001 36.6 30.8 30.6 20.200000000000003 21.200000000000003 25.200000000000003 7 29.6 58.800000000000004 23.6 35.4 19.400000000000002 6.800000000000001 7.4 49.6 0 0.8 0.6000000000000001 0 0.4 0 0.4 0 0 0 0 0 0.4 0 0 0.6000000000000001 0 0.4 0 0.6000000000000001 1.4000000000000001 2.4000000000000004 0.6000000000000001 0 0 0.2 0 0 5.6000000000000005 0 0 1.6 0 0 0 2.4000000000000004 0.4 0 0.4 0.6000000000000001 0 0 0 0 5.2 3 0 0 0 0 1.8 0 0 0 0 0.2 0 0 0 0 0 2.6 4 3 0.4 1.6 10 3.8000000000000003 0.2 0 3.6 0 2.2 15.600000000000001 4.4 1.8 3.4000000000000004 0 1.8 4.6000000000000005 2.2 0 0 0 0 0 0 0 0 0 0 0 4 0 0 0 0 0 0 0 0 0 1.8 0 0 0 0 0 0 0 0 0 0.4 0 0 0 0 0 0.8 0 0.8 0 3.4000000000000004 2.8000000000000003 0 7.6000000000000005 0 0 0 0 2.2 0 0 0 0 0 0 1.8 0 0 1.8 0 1.4000000000000001 2.8000000000000003 1.6 0 0 0.2 9 0 5.800000000000001 0 0 2.8000000000000003 2.4000000000000004 1.4000000000000001 5.2 0 0 2.2 0 0 0 0 0 0 0 0 0 0 0 0 0 0 0 0 0 2.2 0 0 0 0 0 0 0 0.2 0 0.4 0 0 0 0 0 0 0 0 0 0 0 0 0 0 0 0 0 0 15.200000000000001 0 12.4 0 0 0 0 0 2.4000000000000004 0 0.8 15.200000000000001 0 0 0 0 0 0 0 0 0 0 0 0 0 0 0 0 0 0 0 0 0 0 0 0 0 0 0 0 0 0 0 0 
 0 0 0 0.2 0.6000000000000001 15.4 0 0 0 0 0.2 0 0 0.2 0 0 0 0 0 0.2 38.6 0 77.2 60.400000000000006 10 11 72.60000000000001 41.2 80.80000000000001 13.200000000000001 8 22.400000000000002 7.6000000000000005 39.2 95.80000000000001 9 24.200000000000003 44.2 14.200000000000001 52.800000000000004 0 0 0.6000000000000001 0 0 0 0.8 0 0 41.2 0 0.4 0 0.6000000000000001 0 0.6000000000000001 0.2 0.2 0 0.6000000000000001 0 0.8 0.6000000000000001 0 0 0 0 0 1.2000000000000002 0 0 0 0 0 0 1.4000000000000001 0.4 3 0.4 0.6000000000000001 0 0 0 0 0 0 0 0 0 0 0.2 0 0 0 0 0 0 0 0 0 0.2 2.2 9.600000000000001 2.2 4.6000000000000005 0 0 2.2 0 3 10.200000000000001 1.4000000000000001 3.4000000000000004 3.6 2.4000000000000004 7.2 2.2 2.8000000000000003 2.2 2.6 0 0 0 0 0 0 0.2 0 0.4 0.4 0 0 0 0 0 0 0 0 0 0 0 0 0 0 0 0 1.4000000000000001 0 0 0 0 0 0 0 0 0 0 0 0 0 0.2 0 0 0 0 0.2 0 0 0 0 0 0 0 0 0 0 0 0 0 0 2.8000000000000003 5 0 8.6 4.4 2 0.6000000000000001 2.2 2.6 0 3.4000000000000004 1.6 3.4000000000000004 2.2 13.8 4.2 3 2.6 0 3.4000000000000004 2 0 0 0 0 0 0.4 0.4 0 0.6000000000000001 0 0 0 0 0 0 0 0 0 1.6 0 0 0 0 0 0 2.8000000000000003 0 0 0 1.6 0 2.8000000000000003 0 0 0 0 0 0 0 0 0 0 0 0 0.4 0 0 0 0 0 0 0 0 1.8 0 0 3.2 0 0 2.8000000000000003 0 0 0 0 0 0 0 0 0 0 0 0 0 0 0 0 0 0 11.600000000000001 0 2 0 0 0 2.4000000000000004 4.800000000000001 0 0 0 
 0.4 0.4 0.4 0.4 15.200000000000001 14 0.8 1 0.4 0.4 0.4 0.4 0.4 0 0.4 0.4 0.4 0.4 0.4 0.4 21.8 77.2 0 32.2 50.6 22.8 72 70 47.2 14.200000000000001 25 43 32.800000000000004 29.6 30.6 39.400000000000006 43.6 38 22.200000000000003 8.6 0 0 0.6000000000000001 0 0.4 0 0.4 0 0 0 0 0 0 1 0 0.6000000000000001 2.6 0.2 13.200000000000001 6.2 0 0 0.6000000000000001 0 0 0.2 0 0 0.6000000000000001 1.4000000000000001 0 0 0 0 1.2000000000000002 0.4 0.6000000000000001 0 0.4 0.6000000000000001 0 0 0 0 0 0 0 0 0 0 0 0 0 0 0 0 0 0 1.6 0 0.2 0 2.4000000000000004 2 5.2 4 0 0 3.2 4 3.4000000000000004 0 0 0 0.2 0 2.2 2.8000000000000003 2 0.6000000000000001 0 0 0 0 0 0 7.6000000000000005 0 0.8 0 0 0 1.4000000000000001 0 0 0 0 0 3.2 0 0 0 0 0 0 0 0 0 0 0 0 0 0 0 0 0 0 0 0 0 1.4000000000000001 0 0 0 0 0 0 0 0 0 0 0 0 0.6000000000000001 0.2 0 0 0 0 0 0 2.6 2.6 3.8000000000000003 5.2 1.8 4 0 0 0 9.4 4.4 2.8000000000000003 2.4000000000000004 4.2 4.2 2.2 2.2 0 0 0.8 0 0 0 0 0 0 0 0 0 0 0 4.4 6 0 0.4 0.4 0 3.6 6.6000000000000005 0 0 0 0 0 0 0 0 0 0 0 0.2 0 0 0 0 0 0.2 0.2 0 0 0 0 0 0 0.2 0 0 0 0 0 0 0 0 2 0 0 0.4 0 0 0.4 0 0 0 0 0 0 0 0 0 0 0 0 0 0 0 0.4 0 0 0 0 1.6 0 0 0 0 0 0 0 0 
 0 0 0 0 0.2 0 0 1 0 0 0 0 0.4 0.2 0 0 0 0 0 0 10 60.400000000000006 32.2 0 39.400000000000006 6.6000000000000005 16.8 31.400000000000002 82.2 35 26.6 105.60000000000001 30.200000000000003 46.400000000000006 85.60000000000001 22 41.2 24.200000000000003 28.400000000000002 33 0 0 0.6000000000000001 0 0 0 0.4 0 0 0 0 0 0 1.2000000000000002 0.2 0.6000000000000001 4 0 12.8 5.4 0 0.2 0.6000000000000001 0 5.2 0.2 0 0 0.6000000000000001 1 0 0 10 0 0.6000000000000001 0.6000000000000001 0.4 0 0.4 0.6000000000000001 0 0 0 0.2 2 0 0 0 0 0 0 0 0 0 0 0 0 0 0 0 2.2 0 0 2 6 3.6 0 1.4000000000000001 3 0 5.6000000000000005 0 0.2 0.2 1.6 2.6 2.6 7.800000000000001 1.8 0.2 4.800000000000001 0 0 0 0 0 12 0.4 0.6000000000000001 0 0.2 0 3.6 0 0 0 0 1.6 2.8000000000000003 0 0 0 0 0 0 0 0.2 0 0 0 0 0 0 0 0 0 0 0 0 0 1 0 0 0 0 0.2 0 0 0 0 0 0 3.8000000000000003 0.6000000000000001 0 0 0 0 0.2 0 0 1.4000000000000001 3.4000000000000004 8 3.2 9.200000000000001 2.4000000000000004 1.4000000000000001 0 0 4.6000000000000005 3.2 2.8000000000000003 0.2 0.2 2.6 5.800000000000001 1.8 0 0 12.8 0 0 0 0.2 0 0 0 3.4000000000000004 0 0 0 9.8 5.4 0 0 0 0 3.4000000000000004 4.6000000000000005 0 0 0 0 0 0 0 0 0 0 0 0 0 0 0 0 0 0 0 0.2 0 0 0 0 0 0 0 0 0 0 0 0 0 0 1.8 0 0.2 0.4 0.8 0.6000000000000001 0 0.4 0 7.2 0 0 0 0 0 0 0 0 0 0 0 0 0 0 0 0 0 4.6000000000000005 0 0 3.6 0 0 0 0 0 
 0 0.4 0 0 1 0 0 0 0 0 0.4 0 0.6000000000000001 0.2 0 0 0 0.2 0 0 107.80000000000001 10 50.6 39.400000000000006 0 83.60000000000001 12.4 26.8 35.4 94 23.200000000000003 31 59.2 18.400000000000002 33.800000000000004 25.8 27.6 55.6 19.6 17.8 0 12.600000000000001 0.6000000000000001 0 2.2 12.600000000000001 0.4 12.4 0 0 0 0 0 0.2 0 0.6000000000000001 3.4000000000000004 0 24.8 16.2 0 0 0.6000000000000001 0 0 0 0 0 1 1.6 0 0 0 0 0.4 0.4 0.4 0.2 0.4 0.6000000000000001 0 0 0 0 0 0 0 1.4000000000000001 0 0 0 0 0 0 0 0 0 0 0 0.2 0 0 0 8.4 5.800000000000001 9.8 0 0 5 8.200000000000001 0 0 0 0 0 0.2 2.8000000000000003 0.4 0 0 0 0.2 3.6 0 0 0 6.4 3.6 1.8 0 0 0 6.800000000000001 0 3.4000000000000004 4.800000000000001 0 2 7 0 0 0 0 4.2 0 0 0 0 0 0 0 1.2000000000000002 0 0 0 0 0 0 0 0 0 0 0 0 0 0 0 0 0 0 2.2 0 0 0 0 0 1.2000000000000002 0 0 0 0 0 5.4 2 6.6000000000000005 7.6000000000000005 0 0.2 0 3.6 3.8000000000000003 4.4 0 0.8 0 0 3.8000000000000003 4 0 0 0 0 0 0 0 0 5 2.8000000000000003 2.4000000000000004 0 0 0 2.4000000000000004 6 0 0 3.6 0.2 2.4000000000000004 2.8000000000000003 0.4 0 0 0 0 0 0 0 0 0 0 0 0 0 0.2 0 0 0 0 0 0 0 0 0 0 0.2 0 0 0 0 0 0 0 0 1 0.6000000000000001 0.4 0.6000000000000001 15.200000000000001 0 0 0 0 0 0 0 0 0.4 0 0 0 0 0 0 0 0 0 0 0 0 0 0 0 0 0.6000000000000001 0.2 0 0 0 0 
 0 0 0 46.6 0 0 0 0.4 0 0.4 0.4 0 3 0.8 0 0 0 0 0 0 36.6 11 22.8 6.6000000000000005 83.60000000000001 0 119.60000000000001 6.800000000000001 9.200000000000001 14 34.6 15.200000000000001 7.6000000000000005 54.6 25.8 78.4 11.200000000000001 39.400000000000006 9.8 14 13.4 0.2 7.4 0.2 1.8 0 12.8 0 0 0 0 0 0 4.4 7.800000000000001 0.6000000000000001 26.400000000000002 0 0 0.8 2.2 0.6000000000000001 0.6000000000000001 0 0 0.6000000000000001 0 0 1 0 0 0 0 0 3.4000000000000004 1 0.6000000000000001 0 0.4 0.6000000000000001 0 0 0 0 0 0.2 0 0.4 0 0 0 0 0 0 0 0 0 0 0 0 2.2 2.6 3 0 2.8000000000000003 2 2.6 0 2 2.4000000000000004 0 1.4000000000000001 0 0 0.2 4.2 4.2 0 0 0 7.800000000000001 2.4000000000000004 2.2 0 0 3.2 0 2.2 0 7 1.8 0 3.8000000000000003 0 0 3.6 1.2000000000000002 4.2 3.6 2.4000000000000004 0 0 0 0 0 0 0 0 0 0 0 0 0 0 0 0 0 0 0 0 0 0 0 0 0 0 0 0 0 0 0 0 0 0 0 0 0 0 0 0.4 0 0.6000000000000001 15.4 0 6.4 2.6 0 2.6 2.2 0 4.4 3.2 0.2 4.4 5.6000000000000005 0.6000000000000001 0 0 0 0 2.2 0 0.4 0 0 0 5.4 2 2.4000000000000004 2.4000000000000004 0 0 2.4000000000000004 0 3.2 3.4000000000000004 0 0 2.6 0 0 0 0 0.4 0 0 0 0 0 0 0 0 0 0 0 0 0 0 0 0 0 0 0 0 0 0 0 0 0 0 0 0 0 0 2.2 0.2 0.2 1 0 0 0.2 0 0 0 14.600000000000001 0 0 0 0 0 0 0 0 0 0 0 0 0 0 0 0 0 0 0.4 10.600000000000001 0 0 2.8000000000000003 0 0 
 0 0.4 0 0 13.4 30.200000000000003 0 0 0 17.2 15.600000000000001 34.6 0.4 0.4 0 0 0 0.2 0 0 30.8 72.60000000000001 72 16.8 12.4 119.60000000000001 0 24.200000000000003 31.400000000000002 8.4 9.600000000000001 6.4 72.4 31.8 29.400000000000002 5 21.8 35 28.200000000000003 31.200000000000003 0 0 2.6 0 0 12.600000000000001 0.4 0 0 0 0 0 0 0 0 0.6000000000000001 0 0.2 0 0.6000000000000001 0 0 1.2000000000000002 7.2 0 0.4 0 0 0 0 0 0 0 0 0 0.4 0.6000000000000001 0.2 10.200000000000001 0.6000000000000001 0 0 0 2.8000000000000003 0 2.8000000000000003 0 0 0 0 0 0 0 0 0 0 0 0 0 0 10.200000000000001 3.6 7.2 1 0 0 4.4 14.8 4.4 0 1 5.4 8 6.4 6 3.4000000000000004 0 3.8000000000000003 0.4 3.6 0 0 0 0 0 0 0 0 0.2 0 0 0 0 0 0 0 0 0 0 0 0 0 0 0 0 0 1.4000000000000001 0 0 0 0 0 0.4 0.2 0 0 0 0 0 0 1.6 0 0 0 3.2 3.4000000000000004 0 0 0 1.8 0 0 0 7.800000000000001 0 0 0 0 0 0 5.4 10.8 0 0 0 0 6.2 4.800000000000001 4.2 0 8.200000000000001 0 5.800000000000001 8.200000000000001 3.8000000000000003 0.2 0.2 4 3.4000000000000004 2 0 0 0 0 0 1.4000000000000001 0 0.2 0 0 0 0 0 0 0 0 0 0 0 0 0 0 0 0 0 0 0 0 2.6 0 0 0 0 0 0 2.8000000000000003 0 0 0 0 0 0 2.2 0 0 0.2 0 0 0 4.800000000000001 0 0 0 0 3.8000000000000003 0.4 0.4 0 0 0.4 0.4 0 0 0 0 0 0 0 0 0 0 0 0 0 0 1.4000000000000001 0 0 0 0 0 0.2 0 0 0 2.8000000000000003 0 0 0 0 
 0 0 0 0 14.600000000000001 14.8 0.2 0 0 0 0 29.8 0.2 0 0 0 0 0 0.2 0 30.6 41.2 70 31.400000000000002 26.8 6.800000000000001 24.200000000000003 0 12.8 23.6 8.4 29.400000000000002 58 39.400000000000006 29.200000000000003 23.400000000000002 83.60000000000001 46.800000000000004 30.8 69.4 0 0.2 1.6 0 0 0 0.4 0 0 0 0 0 0 0 0 0.6000000000000001 0 0 0 0.6000000000000001 0.2 0 0.6000000000000001 0 0 0 0 0 1.2000000000000002 0 0 0.4 0 0 0 0.6000000000000001 0.4 4.2 0.4 0.6000000000000001 0 0 0 0 0 3.4000000000000004 0 0 0 0 0 1 0 2.8000000000000003 0 0 0 0 0 2.8000000000000003 2 9.200000000000001 4 6.4 0 5.2 8.6 9.200000000000001 10 0.8 8.8 3.8000000000000003 3.4000000000000004 6.4 2.8000000000000003 4.800000000000001 1.6 4.4 4.6000000000000005 4.4 0 0 0 2.4000000000000004 0 0 3.4000000000000004 0 0 0 0 0 0.4 0.2 0.8 0 0 0 0 0 0 0 0 0 0 0 0 0 0 0 0 0 0 0 0.4 0 0 0 0 0 4.800000000000001 0 0 0.4 0 3.2 0 0 0 0 0 0 0 1.2000000000000002 0 0 0.2 0 0 3.2 1.6 5.4 9.8 6.2 0.4 2.2 3 7.4 4.6000000000000005 1.2000000000000002 6.2 0.4 0 0 6.2 0.2 4 1.2000000000000002 3.6 0 0.4 0 0 2.2 0 0 0 0 0 0 0 0 2.8000000000000003 0 0 0 0 0 2.6 0 0 0 0 0 0 0 0 0.2 0 0 0 0 0 0 0 0 0 0.2 0 0 0 0 2 0 0 0 0 0 0 0 0 0 0 1.6 2.2 0 0 16.2 0 0 0 0 0 0 0 0 6.800000000000001 0 0 0 0 0 0 0 0 0 0 0 0 0 0 6.4 0 0 0 0 7.4 0 0 0 
 0.4 0 0 0 19.400000000000002 29.6 0 0 0 0 0 0 0 1.6 0.2 0.4 1.2000000000000002 0 0.4 1 20.200000000000003 80.80000000000001 47.2 82.2 35.4 9.200000000000001 31.400000000000002 12.8 0 14 83.80000000000001 19 34.4 61 90.80000000000001 31 13 10.600000000000001 33.6 32.4 1.2000000000000002 0 1.2000000000000002 0 5 0.2 1.6 6.800000000000001 0 0 1.2000000000000002 0.4 0 0 0 5.800000000000001 1.4000000000000001 0.6000000000000001 0 6.800000000000001 0 0 0.6000000000000001 0 0 0.4 0 0 0 0.2 0.4 3 0 0 1.2000000000000002 0.6000000000000001 1.4000000000000001 6.800000000000001 0.4 0.6000000000000001 0 0 0 0 3.6 0 0.4 0 0.2 0 0 0 0 0 0 0 0 0 0 0 2.8000000000000003 10 3.2 5.800000000000001 7.800000000000001 3.8000000000000003 1.6 0 4.6000000000000005 2 3 9.4 0.2 1.6 0.4 2.2 2.8000000000000003 6.800000000000001 13 0 0 0.4 0 0 0 0 2.4000000000000004 0 0.6000000000000001 0 0 0 3.2 0 0.4 0 0 0 2.2 0 0 0 0 0 0 0 0 0 0 0 0.2 0 0 0 0 0 0 0 0 0.4 0.6000000000000001 0 0 0 0 0.8 0 0 0 0 0 0 0 0 0 0 0 0 0 0 2.2 2.8000000000000003 4.800000000000001 6.800000000000001 0.6000000000000001 0 2.4000000000000004 5.800000000000001 0 5 3.6 1.8 2.8000000000000003 3.8000000000000003 6.6000000000000005 10.8 2.4000000000000004 0 2 2.6 0 0 0 0 0 0 0 0 0 0 0 0 0 2.8000000000000003 0 0 0 0.6000000000000001 0 3 0 0 0.4 0 0 0 0 0 0 0 4 0 2.4000000000000004 0 0 0 0 0 0 0 0 0 0 0 0 0 0 0 0 0 0 0 0 0 3 0 0 0.2 0 0 0.2 0 0 0 0 0 3.4000000000000004 0 0 0 0 0 0 0 0 0 0 0.2 0 0 0 4.4 0 0 0 0 0 0 0 0 
 0 0 0 0 0.4 0 0 0 0 0 0.4 15 0 1 0 0 0 0 0 0 21.200000000000003 13.200000000000001 14.200000000000001 35 94 14 8.4 23.6 14 0 58.800000000000004 64 10.200000000000001 59.6 65.4 46 15.200000000000001 29.6 17.2 65.60000000000001 0.4 0 0.6000000000000001 0 0 0.2 5 12.4 0 0.4 0.2 41.2 13 0 0 13 0.2 0 26 13 0 0 0.6000000000000001 10 9.8 0 0 0 0.6000000000000001 1 0 0 0 0 0.8 0.4 0.4 0 0.4 0.6000000000000001 0 0 0 0 0 0 0 0 0 0 0 0 0 0 0 0 0 0 0 0 0 0 0 5.2 2.8000000000000003 14.600000000000001 0 0 1.4000000000000001 2.8000000000000003 6.4 0 0 0 0 0 2.4000000000000004 0 0 0 0.8 0 0.4 0 0 0 11 0 3.6 0 0 0 2.6 4.2 6.2 0.2 0 0.6000000000000001 11.600000000000001 0 0 0 0 0.2 0 0 0 0 0.2 0 1 0 2.2 0 0 0 0 0.2 0 0 0 0 0 0 0 0 0.4 0 0 0 1.2000000000000002 0 0 0 0 0 4.800000000000001 0.4 0 0 0 0 9 1.8 2.8000000000000003 4.6000000000000005 0 0 0 4.4 2.8000000000000003 5.800000000000001 0 0 0 0.4 3.4000000000000004 4 0 0 2 2.4000000000000004 0 0 0 0 2 3.4000000000000004 0.4 0 0 0 11.600000000000001 9.200000000000001 1.8 0 0 0 7.4 4.4 0 0 0 0 0 0 0 0 0 0 0 0 0 0 0 0 0 0 0 0 0 0 0 0 0 0 0 0 0 0 0 0 0 0 2.4000000000000004 0.4 0 15.200000000000001 38 0.6000000000000001 0 2.6 0 0 0 0 0 0 0 0 0 0 0 0 0 0 0 0 0 0 0 0 0.2 0 0.2 0 0 0 0 0 
