 0 24.8 38.800000000000004 9.8 9.8 13.8 30 55.6 23.6 22 7.800000000000001 7.2 39.2 28 25.8 5.800000000000001 47.400000000000006 53.2 22.6 44.400000000000006 0 0 0 0 0.6000000000000001 0.8 0 0 0 0 0 0 0 0.8 0 0 0.6000000000000001 0 0.4 0 0 0 0.6000000000000001 0.2 0 0 0 0 0 0.2 0 0 0 0.4 0 0.6000000000000001 0 0 9 0 0 0 0.6000000000000001 0 0 0.6000000000000001 0 1 0 0 0 1.2000000000000002 0 0 0 0 0 0 0 0 3.8000000000000003 3 5.2 4.6000000000000005 0 0 2 4.800000000000001 8 0 1.6 2 5.6000000000000005 0 0 1.4000000000000001 4 6.2 0 0 0 0 0 0 0 0 0 0 0 0 0 0 0 0 0 0 0 0 0 0.4 0 0 0 0 0 0 0 0 0 0 2 0 0 0 0 0 0 0 0 0 0 0 0 0 0 1.6 0 0 0 0.2 1.6 0 0 0 0 0 0 0 0 0 2.6 1.2000000000000002 0 4.6000000000000005 9.200000000000001 3.2 8.6 0 5.2 0 0.4 0.6000000000000001 2.8000000000000003 2 3.8000000000000003 3.2 0 0 3.2 1.8 0 0 0 0 0 0 0 0 0 0 0 0 0 0 0 0 0 0 0 0 0 0 0 0 0 0 0 0 0 5.6000000000000005 0 0 0 0 0 0 0.4 0 0 0 0 0 0 0 0 0 0 3 0 0.2 0 0 0 0 0 0 0 0 0 0.4 0 0 0 0 0 0.4 0.2 0.4 0.8 0.2 0 1.4000000000000001 0 0 0 0 0 0 0 0 0 0 0.2 0 0 0 0 0 0 0 0 0 0 0 0 0 0 2.2 0 0 0 0 0 0 0 0 0 0 0 0 
 24.8 0 76 29 7.4 9.4 16.6 78 11.8 84.80000000000001 39.400000000000006 5.800000000000001 8.200000000000001 32.4 48.2 56.2 76.60000000000001 43.400000000000006 77 45.6 0.2 0 0 0 0.6000000000000001 0 0 0 0 0 0 0.2 0 0 0.2 0 0.6000000000000001 0 5.4 16.2 0 0 9.200000000000001 1.2000000000000002 0 0 0 0 0 0 0 0 0 0.6000000000000001 0 0.6000000000000001 0 0 0 0 0 0 0.6000000000000001 0 0 0.2 0 0 0 0 0 0 0 0 0.8 0 0 0 0 0 3.8000000000000003 3 1.8 5.6000000000000005 9.8 0 4.2 0 3.2 0.2 0 3.8000000000000003 0 2.2 2.2 1.8 7.4 0.4 0.2 4 0 0 0 0 0.2 0 0 2 0 0 0 0 3.8000000000000003 0 0 0 0 0 0.4 1 0 0 0 0 0 0 0 0 0 0 0 0.2 0 0 0 0 3.8000000000000003 0 0 0 0 0 0 0 0 0 0 0 0 0.2 0 0 0 0 0 0 0 0.2 0 0 0 3.8000000000000003 0 0 3.2 1.8 7.4 7.2 6.4 6.4 2.6 3.8000000000000003 0 2.4000000000000004 2.2 11.200000000000001 5.6000000000000005 3 0 6.6000000000000005 0 0 0 0 0 0 3.6 0 0 0 0 0 0 0 0 0 0 0 3.6 2.6 0 0 0 0 0 0 0 0 0 3.2 0 0 0 0 0 0 0.4 0 0 0 0 0.4 0 0 0 0 0 0 0 0 0 0 0 0 0 0 0 0 0 0 0 0 0 0 0 0.6000000000000001 0 0 0.4 0.4 3.4000000000000004 1.2000000000000002 0.2 0 0 0 0 0 0 0 0 0 0 2 0 0 0 0 0 0 0 0 0 0 0 2.2 1.4000000000000001 1.8 0 0 0 0 0 0 0 0 0 0 0 0 
 38.800000000000004 76 0 25.200000000000003 46.6 7 21.6 23.6 65 76.60000000000001 29.400000000000002 9.8 11.600000000000001 13.4 30.200000000000003 32.2 73.8 61 22.6 6.6000000000000005 18.6 0 0 0 1.8 0 0 0.4 0 0.4 0 0 0 18.8 0 0 0.8 0.6000000000000001 29.8 18.8 0.6000000000000001 1.4000000000000001 0 0 6.2 0.6000000000000001 0 0.6000000000000001 13 0 4.6000000000000005 0.6000000000000001 0 2.4000000000000004 0 1.2000000000000002 0 0 0 0 0 0.4 0.6000000000000001 0.6000000000000001 0 0.8 1 0 0 0.4 0 0 0 0 1.2000000000000002 0.4 0 0 0 0 3.6 2 6.800000000000001 3.6 5.6000000000000005 0 2.2 0 2.4000000000000004 1.6 1.4000000000000001 0.4 0.2 2 2.2 4.6000000000000005 0 0.2 2.8000000000000003 0 0 3.6 0.4 0 0 0 0.4 1.8 0 0 0.2 0 0.2 0 4.6000000000000005 0 0 0 2.2 2.8000000000000003 0 0 0 0 0 0 0 0.2 0 0 0 0 0 0 0 0 0 0 0 0 2.6 0 0 0 0 0.8 0 0 0.2 0 0 0.2 0 0 0 0 0.2 0 0 0 0 3.8000000000000003 0 2.8000000000000003 0 2.8000000000000003 3 3.6 2.2 8.200000000000001 1.8 6 0.2 2.8000000000000003 0.2 6.6000000000000005 1.4000000000000001 5 0 5.6000000000000005 0 0 0 0 0.2 0 0 3.4000000000000004 0 0.2 0 0 0 0 0.2 0 0.2 0 3 2 0 0 0 0 0 0 0 0 0 0 3.2 0 0 0 0 0 0 0 0 0 0 0 0 0 0 0 0 0 0 0 0 0 0 0 0.4 0 0 0 0.4 0 0 0 0 0 0 0 0 0.4 0 18.8 2.4000000000000004 2.4000000000000004 0 0 0 0 0 0 0 0 0 0 0 0 0 0 0.4 0 0 0 0 0 0 0 0 2.2 0 2.2 0 0 0 0 0 0 0 0 0 0 0 0 
 9.8 29 25.200000000000003 0 31.400000000000002 25.6 10 19 27.400000000000002 82 58.800000000000004 26.8 12.200000000000001 32 30.8 26.400000000000002 7.4 47.6 12.600000000000001 16.8 15.8 0 0 0 0.8 0 0 0 0 0 0 0 0 0 0.2 0.2 0.6000000000000001 0 15.4 15 0 0 0.6000000000000001 0 0.4 0 0 0 0 0.4 0.8 0 0 2.8000000000000003 0 0.6000000000000001 0 0 0 0 0 0 0.6000000000000001 0 0 0.2 0 0 0 8.200000000000001 0 0 0 0 0 0 0 0 0 0 1.8 1.6 0 0 3.4000000000000004 0 0 0 0 2.6 0.2 5 0 0 0.2 8 0 0 2.8000000000000003 0 8.4 6.4 0 0 0 0 0.4 1.2000000000000002 3 0 0 2.4000000000000004 4.6000000000000005 2.6 5 0 0.2 0 0 0 0 0 0 0 0 0 0 0 0 0 0 0 0 0 0 0 3.2 0 0 0 0 0 3.4000000000000004 0.4 0 0 0 0 0 0 0 0 0 0 0 0 0 0 0 0 0 1.8 0 0 0 0 3 2.2 0 0 0 0.4 0 3.4000000000000004 0 4.800000000000001 2.8000000000000003 2 0 2.8000000000000003 4.800000000000001 0 0 0 0 0 3.4000000000000004 0 0 0 0 0 0.4 0 0.2 0 0.4 0 5.2 5.2 0 0 0 4.4 0 0 0 0 0 0 0 0 0 0 0 0 0 0 0 0 0 0 0 0 0 0 0 0 0 0 0 0 0 0 0 0 0 0 0 0 0 0 0 0 0 0.2 10 0 0 0 2.6 1.2000000000000002 0 0 0 0 0 0 0 0 0 0 0 0 0 0 0 0 0 0 0 0 0 0 0 0 2.2 0 0 0 0 0 0 0 0 0 0 0 0 0 
 9.8 7.4 46.6 31.400000000000002 0 70.60000000000001 8.6 16 60.2 34 57.400000000000006 61 15 21 18.2 58.6 73.4 8.6 14.200000000000001 19.400000000000002 0.4 14.4 5.6000000000000005 0 43.2 0 0.6000000000000001 14.8 0.2 0 0.4 0 0 3.6 0 2.6 0.6000000000000001 0 0.8 15.8 0 0.2 0 0 0.4 0 0 0 0 0 0.8 0 0 0.6000000000000001 0 12.4 0 0 0 0 0 0 0.4 1.2000000000000002 0 0 0 0 0 0 2.6 0 0 0 0 0 0 0 9.8 0 0 0.2 5 0 6 2.2 0 0 0 0.6000000000000001 9.200000000000001 0 0 0 0 0.2 2 0 0 0 7.6000000000000005 0.2 0 0.2 0 2.8000000000000003 6 3.4000000000000004 3.8000000000000003 0 0 0 2 0.6000000000000001 0.4 0 6 0 1.4000000000000001 0.6000000000000001 0 0 0 0 0 0 0 0 0 0 0 0 0 0 0 0 2.4000000000000004 0 0 0 0 0 1 0.4 0 0 0 0 0 0 0 0 0 0 0 0.2 0 0 0 0 1 0 0 0 3.8000000000000003 5 0 0.8 0 0.4 0 2 0 0 0.6000000000000001 0 2.4000000000000004 0 0 0 1.8 0 1.4000000000000001 0 0 0 2 2.2 0 0 0 0 0.6000000000000001 15.4 0 0 0 1.4000000000000001 5.6000000000000005 4.2 0 0.4 0 0 0 0 0.2 0 0 0.2 0 0.2 0 0 0 0 0.2 2.6 0 0 0 0 0.4 0 0 0 0 0.2 0 0 0 0 0 0 0 0 0 0 0 0 0 3 0 0 0 1.6 12 0 17.8 1.8 0 2.2 0 0 0 0 0 0 0 0 0 0 0 0 0 0 0 0 0 0 0 0 0 0.4 0 0 0 0 0 0 0 0 0 0 0 0 0 0 0 0 
 13.8 9.4 7 25.6 70.60000000000001 0 24 95 14.8 11.200000000000001 36 143.8 59.800000000000004 9 9.8 60.2 14.8 58 10.4 94.80000000000001 15 15 0 0 0.6000000000000001 0.6000000000000001 17 6.6000000000000005 0.6000000000000001 0 0 17.2 0.2 17 0.6000000000000001 4.800000000000001 1 0 15 16.2 0 0.8 0 0 0.6000000000000001 0 0 0.6000000000000001 0.2 0.2 0 1.2000000000000002 0 3.2 0.4 1 0 0 0 0 0 0 0.6000000000000001 0.6000000000000001 1 0 0.4 0.4 0 0 0 6.6000000000000005 0 0 0 0 0 0 0 0 0 0.2 1.6 0 5 4 0 0 0 2.8000000000000003 4.2 0 0 0 0 0 0 0 0 0 11.200000000000001 6.4 0 0 0 0 0 1.8 5.2 0 2.6 0.4 3 6 8 0 3.8000000000000003 0.2 5.6000000000000005 5 1 0 0 3.4000000000000004 0 0 0 0 0 0.2 0 0 0 0 0 0 0 0 0 0 0 0 0.6000000000000001 0.8 0 0 0 0 0 0 0 0.2 0 0 0 0 0.6000000000000001 0 0 0 0 0 0 0 0 6.4 0 2 1.8 0 0 0 0 0 0 0 0 2.2 0.4 0 2.8000000000000003 2 2 0 0 0 6.2 2.2 3.2 0 0 0 4.4 3.2 2.2 6.800000000000001 5 2 2 0.4 0 0 0 0 0 0 0 0 0 0 0 2 0 0 0 0 0 0 0 7 5.4 0 0 0.4 0 0 1.4000000000000001 0 0 0 0 0 0 0 0 0 0 0 0 0 0 0 0 0 0 0 20.6 0 0.2 17.400000000000002 0 1.8 0 0 0 0 0 0 0 0 0 0 0 0 0 0 8.200000000000001 0 0 0 0 0 0 0 0 3 0 0 0 0 0 0 0 0 0 0 0 0 0 0 
 30 16.6 21.6 10 8.6 24 0 37.800000000000004 42.2 6.6000000000000005 7 4.2 28 28 36.2 25.6 8.200000000000001 9 29.8 59.400000000000006 0 0 0 0 0.6000000000000001 0 0 0.2 0 0 0 0 0 0 0 0 0.6000000000000001 0 0.8 0 0 0 0 0.6000000000000001 0 0 0 0 0 0.2 0 0.4 0 0.6000000000000001 0 0.6000000000000001 0 0 0 0 0 0 0.6000000000000001 0 0 0 0 0 0 0 0 0 0 8.6 10 0 0 0 0 0 1.8 0 0 3.2 0 0.2 3.4000000000000004 8.200000000000001 1.6 0 2.4000000000000004 2 6.800000000000001 0.2 4.800000000000001 2.4000000000000004 6 5.4 2 2.4000000000000004 0 0.4 0 0 1 0 0 0 0 0 0 0 0 0 0 0 0 0 0 0 0 0 0 0 0 0 0 0 0 0.2 0 0 0 0 0 0 0 0 0 0 0 0 0 0 0 0 0 0 0.6000000000000001 0 0 0 0 0 0 3.4000000000000004 0 0 0 0 0 4 2.8000000000000003 0 2.8000000000000003 0 2 4 4.2 0 0 2.6 3.4000000000000004 0 3.2 4 1.8 0 3 4.2 0 0 0 0 0 0 0 0 0 0 0 0 0 0 0 0 0 0 0 0 0 0 0 0 0 0 0 0 2.4000000000000004 0 0 0 0 0 0 0 0 0 0 0 0 0 0 0.4 0 0 0 0 0 0 0 0 0 0 0 0 0 0 0 0 0 0 0 0 0 0.4 0 0 0 0 0 0 0 0 0 1.8 0 0 0 0 0 0 0 0 0 0 0 0 0 0 0 0 0 0 0 0 0 0 0 0 0 0 0 0 0 0 0 0 0 0 
 55.6 78 23.6 19 16 95 37.800000000000004 0 23.8 43.2 43.400000000000006 24 18.400000000000002 76.60000000000001 10.8 76.80000000000001 22.200000000000003 24.6 30.6 16 0.4 0 0 0.4 0.6000000000000001 41 1.2000000000000002 0.4 1.6 0 0.2 0.2 0.4 0.6000000000000001 0.2 0.4 0.6000000000000001 0 4.6000000000000005 15.4 0 0 0 0.6000000000000001 13.200000000000001 0.2 0 0 0 0 1 0.2 0 0.6000000000000001 0 0.6000000000000001 12.600000000000001 0.4 0 0.6000000000000001 0 0 0.6000000000000001 0.4 0.4 0.4 0 0 0.6000000000000001 0.4 0 0.6000000000000001 0.6000000000000001 0 1.6 0 0 0 0.6000000000000001 0 0 3.2 2 6.800000000000001 0 3.2 2.8000000000000003 3.2 3.4000000000000004 2.4000000000000004 2 0 0 0 3.6 8.4 0 2 4 0 0 0 0 0 0 0 0.2 0 0 0 0 0 10.600000000000001 0 0 0 0 0 0 4.4 0 0 0 0 0 0 2.8000000000000003 0 0 0 0 0 0 0 0 0 0 0 0 0 0 0 0 0 0 0.8 0 0 0 0 0 3 0 0 0 0 0.4 0 0 0 2.8000000000000003 6.800000000000001 0 2.2 13.200000000000001 0 2.8000000000000003 4 2.6 3.2 12 1.6 0 6.2 2.4000000000000004 5.6000000000000005 2.8000000000000003 5 0 3 1.8 0 0 0 0 0 0 6.2 0 0 0 0 0 0 0 0 0 0.8 7.6000000000000005 0 0 0 0 0 0 0 0 0 0 0 0 0 0 0 0.6000000000000001 0 0 0 0 0 0 0 0 0 0 0 0 0 0 0 0 0 0 0 0 0 0 0 0 0 0 3.4000000000000004 0 0 0 0.4 2 0 0.4 0.8 2 1.4000000000000001 2.2 0 0 0 0 0 0 0 0 0 3.2 0 0 0 0 0 0 0 0 0 0 0 0 0.4 0 0 0 0 0 0 0 0 0 0 0 0 0 0 
 23.6 11.8 65 27.400000000000002 60.2 14.8 42.2 23.8 0 29.200000000000003 115 6.6000000000000005 31.6 47.800000000000004 18.6 54 119.4 26.8 10.4 60.2 14.600000000000001 0 0 0 0.6000000000000001 0.2 0.2 0.4 0.6000000000000001 0 0.2 0 0.2 0 0 0.2 0.6000000000000001 0.2 31.400000000000002 30.200000000000003 0 0 0 0.8 12.4 0 0 0 0 0.4 1.4000000000000001 0.4 0 1.4000000000000001 0 0.6000000000000001 0 0 0 0.2 0 0 0.6000000000000001 2.8000000000000003 0 0.2 0 0 0 0 4.6000000000000005 0 0.4 0 0 0 0.4 0 0 0 0 7.2 2.8000000000000003 7.4 8.4 8 0 0 3.8000000000000003 10.4 3.4000000000000004 0.2 0.4 0 0 0.2 1.6 6.6000000000000005 0 9.200000000000001 0 2 0 0 0 0 3.6 0 2.8000000000000003 0 0.2 0 6.6000000000000005 0 3.8000000000000003 0 0 0 0 3.6 0 0 0 0 0 0 0 0.2 0 0 0 0 0 0 0 0 0.2 0 0 0 0.2 0 0 2.4000000000000004 0 0.8 0 3 0 0 0 2.4000000000000004 0 0 0 0 0.2 0 0 0 6.2 1.4000000000000001 1.4000000000000001 3.8000000000000003 4.4 0 0 0 0 0.8 5 2.6 0 3.6 0 0 4 10.600000000000001 0 0 0 0 0 0 0 0 3 2.4000000000000004 0 0.4 0 0 0 2 0 0 0 0 7.800000000000001 2.2 0.4 0 0 0 0 0 0 0 0 0 0 0 0 0 0 0 4.6000000000000005 0.4 0 0 0 0 0 0 0 0 0 0 0 0 0 0 0 0 0 0 0 0 0.2 0 0 0 0 0 0 0.4 0.6000000000000001 0.2 0.6000000000000001 0.4 0 0.8 0 0 0 0 0 0 0 0 0 0 0 0 0 0 0.4 0 0 0 0 0 0 0 0 0.2 0.2 0 0 0 0 0 0 0 0 0 0 0 0 0 
 22 84.80000000000001 76.60000000000001 82 34 11.200000000000001 6.6000000000000005 43.2 29.200000000000003 0 36 10 10.4 49.6 22.400000000000002 20.400000000000002 36.6 62.400000000000006 50.400000000000006 44.6 16.6 0 0 15.4 0.6000000000000001 0.2 0.4 0.4 0 0 0 0 0 0 0 0.2 0.8 0 29.400000000000002 14.8 0 0 0 0 0.8 0 0 0.6000000000000001 0 1.2000000000000002 0.2 0.6000000000000001 0 5.4 0 0.6000000000000001 0.4 0 0 0 0 0 0.6000000000000001 0 0 0.6000000000000001 0 0 0 0 0 0 0 0 1 0 0 0 0 0 0 3 6.2 1.2000000000000002 4.6000000000000005 0 0 0 2.2 0.4 2.8000000000000003 1.8 0 0 0.8 3.6 0 0 0.2 0 0.2 3.8000000000000003 0 0 0 0 2.6 0 0 0 0 0 3.4000000000000004 0 4.4 0 2 0 2 2 0 0 0 0 0 0 0 0 0 0 0 0 0 0 0 0 1.6 0 0.4 0 0 0 0 0 0 0.8 0 0 0 0 0 0 0 0 0 0 0 0 0 0 0.2 0.6000000000000001 0 3.2 0 0.8 2.4000000000000004 1.6 5.6000000000000005 0 2.4000000000000004 4.6000000000000005 0 1.4000000000000001 0.2 5.2 1.6 2 0 5.4 1.6 0 0 0 0 0 2 0 0 0 0 0 0 0 0 0 0 0 5 3.6 0 0 0 0 0 0 0 0 0 0 0 0 0 0 0 3.8000000000000003 0 0 0 0 0.2 0 0 0 0 0 0 0 0 0 0 0 0 0 0 0 0 0 0 0 0 0 0 0 0 0 0 0 0.4 17.6 3.2 0.2 3.4000000000000004 0 0 0 0 0 0 0 0 0 0 0 0 0 0 0 0 0 0 0 0 0 0 0.6000000000000001 3.2 2.6 0 0 0 0 0 0 0 0 0 0 0 0 
 7.800000000000001 39.400000000000006 29.400000000000002 58.800000000000004 57.400000000000006 36 7 43.400000000000006 115 36 0 72.2 6 8.8 30.400000000000002 20 37.4 50.400000000000006 9.8 51.800000000000004 23.400000000000002 0 0 12.600000000000001 0.6000000000000001 0 15.200000000000001 0.2 0 0 0 0 0 0 0 0 1.2000000000000002 1 45.2 18.2 0 0 0 0 0.6000000000000001 0 0 0 0 0.2 4.6000000000000005 0 0 2.8000000000000003 0 1 0 0 0 0 0 0 0.6000000000000001 1.6 0 0 0 0 0 0 0 0 2 0 0 0 0 0 0 0 0 5.6000000000000005 0.8 0 12.4 6.4 0 0 0 2.8000000000000003 0 0 0 0 0 8 0 2.6 0 0.2 0 7.800000000000001 0 0 0 0 3.2 0 2.4000000000000004 0 0 0 5.6000000000000005 0 4.6000000000000005 0 6.4 0 4.2 8.8 0 0 0 1.2000000000000002 0.2 0 0 4 0 0 0 0 0 0.2 0 0 1.6 0 0 0 0 0 0 3.4000000000000004 1.6 0 0 0 0 0 0 1.6 0 0 0 0 1 0 0 0 0.4 4.6000000000000005 0 0 0 3.6 3.2 2.4000000000000004 3.4000000000000004 0 4.6000000000000005 0.4 0 0.2 0 3.2 1.4000000000000001 5.4 0 2 0 0 0 0 0 0 4.2 4.2 3.8000000000000003 0 0 0.2 2.2 0 0.2 0 0.4 0.2 7.4 4 0 0 0 0 0 0.4 0 0 0 0 0 0 0 0 0 0 0 0.4 0 0 0 0 0 0 0.2 0 0 3.4000000000000004 0 0 0 0 0 0 0 1 0 0 0 0 0 0 0 0 0 0 1 0.4 0 0.8 4.2 1 0 0.8 0 0 0 0 0 0 0 0 0.2 0 0 0 0.6000000000000001 0 0 0 0 0 0 0 0 3.2 3.6 0 0 0 0 0 0 0 0 0 0 0 0 0 
 7.2 5.800000000000001 9.8 26.8 61 143.8 4.2 24 6.6000000000000005 10 72.2 0 9.200000000000001 7 5.2 67 51.800000000000004 77 7.6000000000000005 3.8000000000000003 0 12.600000000000001 0 0 0.6000000000000001 0 0.6000000000000001 15.200000000000001 0 0 0 0 0 0.2 16 15.4 15.4 0 1.6 0 0.2 0 0.4 0 0.6000000000000001 0 1.4000000000000001 0 0 0 1.4000000000000001 1 0 0.6000000000000001 0.6000000000000001 1 0 0 0 0 0 0 0.6000000000000001 1.2000000000000002 0 0.2 0 0.2 0 0 0 0 0 0 0 0 0.6000000000000001 0 0 0 0.2 0 0.6000000000000001 0 3 2.6 0 0 0 2.2 5.6000000000000005 0.2 0 0 0 2.8000000000000003 0 0.2 0 0 5.2 3.8000000000000003 1.8 3 0 0 0.2 2.2 2.2 0 0 0 4.6000000000000005 6.4 3 0.2 3.8000000000000003 0.4 3 0 2 0 0 0 0 0 0 0 0 0.4 0 0 0 0 0 0 0 0 0 0 0 0 1 0 0 0.2 0 0 0 0 0 0 0 0 0 0 4.2 0 0 0 0 0 0 0 2.4000000000000004 5.2 0 0.8 0 0 0 0 0 0 2.8000000000000003 0 0 0 0 0 3.8000000000000003 2.2 2.4000000000000004 0 0 0 0 0 5.800000000000001 1.8 0 0 19.6 4 7.6000000000000005 7 0 6.4 7.6000000000000005 2.2 0 0 0 0 0 0 0 0 0 0 0 2 0 0 0.4 0 0 3 0 0 0 0 0 0 0 0 0 0 0 0 0 0 0 0 0 0 0 0 0 0 0 2 5.2 0 0 0.2 34.800000000000004 0 17.8 0.6000000000000001 0 3 0.4 0 0 0 0 0 0 0 0 0 0 0 0 0 6.4 0 0 0 0 0 0 0 0 0 0 0 0 0 0 4 0 0 0 0 0 0 0 0 
 39.2 8.200000000000001 11.600000000000001 12.200000000000001 15 59.800000000000004 28 18.400000000000002 31.6 10.4 6 9.200000000000001 0 34 108.2 13.200000000000001 7.6000000000000005 6.6000000000000005 30.8 11.4 0 0.4 0 0 1 0.2 0 0 0 0 0.4 0.4 0.4 0 0 0.4 1.2000000000000002 0.2 0 0 0.2 0 0 0.4 0 0 0 0 0.2 0 0 0 13 0.6000000000000001 0.6000000000000001 1.2000000000000002 0 0 0 0 0.4 0 1 0 0 0.6000000000000001 0 0.4 0.6000000000000001 0 0 0 0 10 0.6000000000000001 0 0.8 0 0 0.4 2 14.4 0 0 0 2.4000000000000004 2.2 2 4.800000000000001 2.8000000000000003 0 3.6 1.4000000000000001 0 0 0 0 6.800000000000001 6.800000000000001 2.6 0 0 0 0 0 0 0 0 0 0 0 0 0 0 0 0 0 0 0 0 0 0 0 0 0.4 0 0 0 0 0 0 0 0 0 0 0 0 0 0 0 0 0 0.4 0 0 0 0 0 0 0 0.2 0 0 0 0 0 0 0 0 0 4.2 0.2 2.2 8.6 2 2 1.4000000000000001 0.4 2.2 0.6000000000000001 0 0 6.2 0 6.2 0 0.6000000000000001 0.2 7 0 0 0 0 0 0 0 0 0 0 0 0 0 0 2.6 0 0 0 0.2 0 0 0 0 0 0 0 0 2 0 0 0 0 0 3.8000000000000003 0 0 0 0 0 0 0 0 0 0 0 0.2 0.4 0 0 0 0 0 0 0 0 0 0 0 0 0 0 0 0 0 0 0 0.4 0.4 0 0.4 0 0 0.8 0 0 0.4 0 0 0 0 0 0 0 0 0 0 0 0 0 0 0 0 0 0 0 0 0 0 0 0 0 0 0 0 0 0 0 0 0 0 0 
 28 32.4 13.4 32 21 9 28 76.60000000000001 47.800000000000004 49.6 8.8 7 34 0 62 28.8 8.6 15 41 15.4 0 0 0.2 0 1 0.4 0 15 0 0 0 0 0 0.2 0 0 1 0 0 0 0 0.4 0 0 0.2 0 0.2 0 0 0 0 0 0 0.6000000000000001 0 0.6000000000000001 0 0 14.4 0 0 0 10.600000000000001 0 0 0.6000000000000001 0 0 0 0 0 0 0 0 0.8 0 0 0.2 0 0 11.4 0 2.4000000000000004 3.4000000000000004 0 4 3.2 7.4 0 3.6 0 9.600000000000001 4 8.4 2.6 12.600000000000001 0 5.2 0.2 3.8000000000000003 0 0 0 0 0 0 0 0 0 0 0 0.2 0 0 0 0 0 0.2 0 0 0 0.2 0 0 0 0 0 0 0 0 0 0 0 0 0 0 0.2 0 1 0 0 0 0 0 0 0 0 0 0 0 0 0 0 0 0 0 0 0.6000000000000001 0 2.2 0 0 2.8000000000000003 6 0 0 0.4 0 2 15 1.8 4.800000000000001 1.4000000000000001 5.2 7.4 10.8 0.2 3 1.8 3.8000000000000003 0 0 0 0 0 0 0.2 0 0 0 0 0 0 0 0.2 0 0 0 0.4 0.2 0 0 0 0 0 0 0 0 0 0 0 0 0 0 0 0 0 0 0 0 0 0 0 0 0 0 0 0 0 0 0 0 0 0 0 0 0 0 0 0 0 0 0 0 0 0.2 18 0 0 0.2 0 2.6 0.6000000000000001 0 0 0 0 0 0 0 0 0 2.2 0 0 0 0 0 0 0 0 0 0 0 0 3 2 0 0 0 0 0 0 0 0 0 0 0 0 0 
 25.8 48.2 30.200000000000003 30.8 18.2 9.8 36.2 10.8 18.6 22.400000000000002 30.400000000000002 5.2 108.2 62 0 34.2 24.8 41.800000000000004 8.8 62.6 0 0 0 0 0.6000000000000001 0.8 0 0 0 0 0 0.2 0 0 0 0 0.6000000000000001 0 0.2 0.2 0 0 0 1.4000000000000001 0 0 0 0 0 0 0 0 0 0.6000000000000001 0 0.6000000000000001 0.2 0.2 0 0 0 0 0.6000000000000001 0 0 0.6000000000000001 0 0 0 0 0 0 0 7 0 0 0 0 0 0 3.8000000000000003 0 2.8000000000000003 2 0 2.6 2 6.2 0 2 1.8 4.800000000000001 2.8000000000000003 1 2.4000000000000004 0 7.6000000000000005 3.6 3 0 0 0 0 0 0 0 0 0 0 0 0 0 0 0 0 0 0 0 0 0 0 0 0 0 0 0 0 0 0 0 0 0 0 0 0 0 0 1.8 0 0 0 0 0 0 0 0 0 0 1 0 0 0 0 0 2.6 3 1.2000000000000002 0 0 0 0 6.2 0.2 0 2.2 0 0.2 2.4000000000000004 0 3.4000000000000004 2 5 0 3.4000000000000004 2 0 4.4 1.8 2.6 5.800000000000001 0 0 0 0 0 0 0.2 0 0 0 0 0 0 0 0 0 0 0 0 0 0 0 0 0 0 0 0 0 0 0 0 0 0 0 0 0 0 0 0 0 0 0 0 0 0 0 0 0 0 0 0 0 0 0 0 0 0 0 0 0 0 0 0 0 0 0.4 0 0 0 0.2 0 0.8 0 0 0 0 0 0 0 0 0 0 0 0 0 0 0 0 0 0 0 0 0 0 0 2.4000000000000004 2 0 0 0 0 0 0 0 0 0 0 0 0 0 
 5.800000000000001 56.2 32.2 26.400000000000002 58.6 60.2 25.6 76.80000000000001 54 20.400000000000002 20 67 13.200000000000001 28.8 34.2 0 29.400000000000002 20.200000000000003 25.8 27 0 0 0 0 0.6000000000000001 0 14.8 0 0 0.4 0 0 0 17.8 0 0 0.6000000000000001 0.4 30.200000000000003 3.4000000000000004 0 0 0 0 6.6000000000000005 0 0 0 0 0 0.8 0 0 0.8 0 0.6000000000000001 0 0 0 0 0 0 0.6000000000000001 1.4000000000000001 0 0.6000000000000001 0 0 0 0 0.6000000000000001 0 10 0 0 0 0 0 0 0 0 5.800000000000001 2.2 2.4000000000000004 3.6 6 1.6 3.2 1.4000000000000001 5.800000000000001 3.4000000000000004 0 2.6 2 1.6 4.4 2 2.6 2 0.2 0 0 0 0 0 0 0.2 0 0.2 0 0 0 4.800000000000001 0 0 0 0 0 0 2.6 0 0 0 0 0 0 0 0 0 0 0 0 0 0 0 0 0 0 0 0 0 0 0 1.8 0.2 0 0 0 0 0 0 4.800000000000001 0 0 0 0 0.6000000000000001 0 0 0.2 0 4.800000000000001 0 2.6 0 0 4.6000000000000005 2 2.6 5 2.2 0.6000000000000001 0 3.2 2.4000000000000004 3.2 3.6 8.6 0 0.4 1.4000000000000001 0 0 0 0 0 0.2 3 0 0 0 0 0 2.8000000000000003 0 0 0 0 4.2 0 0 0 0.2 0 0 0 0 0 0 0 0 0 0 0 0 0 0 0 0 0 0 0 0 0 0 0 0 0 0 0 0 0 0 0 0 0 0 0 4.800000000000001 0 0 5.4 0 0 0 0 1.6 0 0.4 17.400000000000002 4.800000000000001 3.2 3.2 0 0.2 0 0 0 0 0 0 0 2.2 0 0 0 0 0 0 0 0 0 0 0 0 2.8000000000000003 0 0 0 0 0 0 0 0 0 0 0 0 0 0 
 47.400000000000006 76.60000000000001 73.8 7.4 73.4 14.8 8.200000000000001 22.200000000000003 119.4 36.6 37.4 51.800000000000004 7.6000000000000005 8.6 24.8 29.400000000000002 0 23.8 22.6 26.400000000000002 0 0 0 0 1 0.4 0 0 0.4 0 0.2 0 0 0 0 0 0.6000000000000001 0 7 14.4 5.6000000000000005 0 0 1.2000000000000002 12.600000000000001 0 0 0 0 0.4 0 0.4 0 0.6000000000000001 0 0.6000000000000001 0 0 0 0 0 0 0.6000000000000001 3.8000000000000003 0 0 0 0 0 0 1.2000000000000002 0 0 0 0 0 0.4 0 0 0 0 0 2.8000000000000003 5.800000000000001 1 0 7 0 2 1.4000000000000001 7.4 0 0 2 0 1.4000000000000001 6.800000000000001 0 0 0.2 0.4 0 0 0 0 0.4 0 1.4000000000000001 0 0 0 0 9.8 0 0 0 0 0 2.6 2.2 0 0 0 0 0 0 0 0 0 0 0.4 0 0 0 0 0 2.8000000000000003 0 0 0 0 0 0 0 0 0.6000000000000001 0 0 0 0 0 0 1.2000000000000002 0 0 0 0 0 0 0 0 1.4000000000000001 0 2.6 5 2.4000000000000004 2.4000000000000004 8.4 2.6 0 2.4000000000000004 2.2 0 0 0 0.2 6.2 0 0 2 2.4000000000000004 0 0 0 0 0 2.8000000000000003 0 0 0 0 0 3.8000000000000003 3.2 0 0 0 0 8 2.4000000000000004 0 0 0 0 2.8000000000000003 0 0 0 0 0 0 0 0 0 0 0 0 2 0 0 0 0 0 0 0 0 0 0 0 0 0 0 0.4 0 0 0 0 0 0 0.2 0 0 0 0 0 0.6000000000000001 0 0 8.8 17.2 0.2 0.4 3.4000000000000004 0.4 0 0 0 0 0 0 0 0 0 0 0 0 0 0 0 0 0 0 0 0 0 0 0 3.4000000000000004 0 0 0 0 0 0 0 0 0 0 0 0 
 53.2 43.400000000000006 61 47.6 8.6 58 9 24.6 26.8 62.400000000000006 50.400000000000006 77 6.6000000000000005 15 41.800000000000004 20.200000000000003 23.8 0 22.200000000000003 21 0 0 0 0 0.6000000000000001 0.6000000000000001 1.4000000000000001 0 0 0 0 0 0.8 0 0 0.6000000000000001 0.6000000000000001 0.4 6 14.8 0.6000000000000001 0 0 0.2 0.2 0.4 0 0 0 0 0.8 0 0 0.6000000000000001 0 0.6000000000000001 0 0 0 0 0 0 0.6000000000000001 0.4 0 0.4 0 0 0 10.8 6.6000000000000005 0 0 0 8.8 0 0 0 0 0 6.6000000000000005 6.2 4.2 5.800000000000001 3.6 0 2 0.2 0 0.2 0 4.2 3.2 4.2 10.200000000000001 0 0 0 3.6 1.6 0 0 0 0 0 0 2 2 0 0 0 0.4 2.8000000000000003 0 0.4 0 0 0 1 0.6000000000000001 0 0 0 0 0 0 0 0 0 0 0 0 0 0 0 0 4.6000000000000005 0 0 0 0 0 0 0 0.4 0 0 0 0 0 0 0 0 0 0 0 0 1.4000000000000001 0 0 0 2.2 3.4000000000000004 0 0 0 2.4000000000000004 3.2 0 9.4 1.8 6.800000000000001 0 3.2 1.8 9.200000000000001 0 4.6000000000000005 0 2.2 0 0 0 4 0 0 3.6 0.6000000000000001 0 3.4000000000000004 0 0 0 0 0 0 0 0 4.2 5 0 0 0.2 0 0 0 0 0 0 0 0 0.4 0 0 0 0 0 0 0.4 0 0 0 0 0 0 0 0 0 0 0 0 0 0 0 0 0.4 0 0 0 0 0 5.6000000000000005 0 0 0 1 0.6000000000000001 0.4 0.6000000000000001 0.4 3.4000000000000004 0.6000000000000001 4.2 0 0 0 0 0 0 0 0 0 0 0 0 0 0 0 0 0 0 0 0 0 0 5.4 0.2 0 0 0 0 0 0 0 0 0 0 0 0 0 
 22.6 77 22.6 12.600000000000001 14.200000000000001 10.4 29.8 30.6 10.4 50.400000000000006 9.8 7.6000000000000005 30.8 41 8.8 25.8 22.6 22.200000000000003 0 59.800000000000004 0 0 0 0 0.6000000000000001 0 0 0.4 0.2 0 0 0 0.2 0 0.2 0 0.6000000000000001 7 0 0 0 0 0 0 0 1.4000000000000001 0 0 0 0 0 0 0 0.6000000000000001 0 0.6000000000000001 0.2 0 0 0 0 0 0.6000000000000001 0 0 0.2 0 0 0 0 0 0 0 0 0 0 0 0 0 0 0 0 0 3.2 0 0 4.800000000000001 0 9.4 0 0 0 0 4.2 4.4 5 0 1.6 0.4 4.800000000000001 0 0 0 0 0 0 0 0 0 0 0 0 0.4 0 0 0 0 0 0 0 0 0 0 0 0 0 0 0 0 0 0 0 0 0 0 0 0 0 0 0 0 0 0.2 0 0 0 0 0 0 0 0.4 0 0 0 0 0 0 0 0 0 0.6000000000000001 0 0.2 0 0 2 1.8 0 3.2 3 0 4.6000000000000005 2.2 0.4 1.2000000000000002 2.6 0.4 0 0.2 0 0 0 0 0 0 0 0 0 0 0 0 0 0 0 0.4 0 0 0 0 0.4 0 0 0 0 0 4.6000000000000005 0 0 0 0 0 0 0 0 0 0 0 0 0 0 0 0 0 0 0 0 0 0 0 5 0 0 0 1.6 0 0 0 0 0 0 0 0.4 0 0 0 0 0 0 0.4 0.4 0 3 0 0 0 0 0 0 0 0 0 0 0 0 0 0 0 0 0 0 0 0 0 0 0 0 0 1.4000000000000001 0 0 0 0 0 0 0 0 0 0 0 0 
 44.400000000000006 45.6 6.6000000000000005 16.8 19.400000000000002 94.80000000000001 59.400000000000006 16 60.2 44.6 51.800000000000004 3.8000000000000003 11.4 15.4 62.6 27 26.400000000000002 21 59.800000000000004 0 0 0 0 0 0.6000000000000001 0 0 0 0 0 0 0 0 0.2 0.4 0 0.6000000000000001 0 0.2 0 0 0 0 1.4000000000000001 0 0 0 0 0 0 0 0 0 0.6000000000000001 0 0.6000000000000001 0 0 0 0 0 0 0.6000000000000001 0 0 0.2 0 0 0 0 0 0 0.2 0 11 0 0 0 0 0.6000000000000001 0 5 2.6 2.4000000000000004 0 0 2.2 0 6.800000000000001 0.2 1.8 0 1.8 0.8 3.6 6.4 4.4 3.2 2.2 2.8000000000000003 0 0 0 0 0 0 0 0 0 0 0 0 0 0 0 0 0 0 0 0 1.8 0 0 0 0 0 0 0 0 0 0 0 0 0 0 0 0 0 0 0 0 0 0 0 0 6.4 0 0 0 0 0 0 0 0 0 0 0 0 0 0 0 1 2 2.6 2.6 2.2 0.6000000000000001 4 2.4000000000000004 0 2 3.6 3.6 0 0.2 0.2 0.2 0 0 0.6000000000000001 0 0 0 0 0 0 0 0 0 0 0 0 0 0 1.2000000000000002 0 0 0 0 0 0 0 0 0 0 0 0 0 0 0 0 0 0 0 0 0 0 0 0 0 0 0 0 0 0 0 0 0 0 0 0 0 0 0 0 0 0 0 0 0 0 0 0 0 0 0 0.4 0.4 0.4 0.4 0 3.2 0 0 0 0 0 0 0 0 0 0 0 0 0 0 0 0 0 0 0 0 0 0 0 0 0 1.8 0 0 0 0 0 0 0 0 0 0 0 0 
 0 0.2 18.6 15.8 0.4 15 0 0.4 14.600000000000001 16.6 23.400000000000002 0 0 0 0 0 0 0 0 0 0 29.400000000000002 17.400000000000002 10.600000000000001 7.6000000000000005 14 27.6 39.800000000000004 17.400000000000002 50 24.8 15.200000000000001 21.8 25 30.400000000000002 13.8 49.800000000000004 21.6 23 20.200000000000003 0 0 0 0 0.4 0.6000000000000001 0 1.2000000000000002 0 0 0 1.6 0 1 0 0 0 0.6000000000000001 0.6000000000000001 1 0 0 0 0 0.6000000000000001 0 0 0 0 0.4 0 0.2 0 0 0 0 0 0 0.6000000000000001 0 0 0 0 0 0 4 0 0 0 0 0 0 0 0 0 0 0 0 0 0 1.2000000000000002 6 4 2.6 5.2 4 2.2 1.4000000000000001 4 0.2 0 13 0.4 5.4 6 1.6 2.8000000000000003 3.4000000000000004 4.4 15 0 0 0.4 0 0 0 0 0 0 0 0 0 0 2.4000000000000004 0 0 0 0 0 3.2 0 0 0 0 0.2 0 0.2 0 0 0 0 0 0 0 0 0 0.4 0 0 0 0 0.4 0 0 0 3.2 0 0 0 0.8 0 1.8 0.2 1.4000000000000001 0 0 0.4 2.6 0 1.4000000000000001 0 1.8 1.6 0.4 1 0 5.6000000000000005 0.4 1.6 0 2 9.200000000000001 2.8000000000000003 4.2 2.4000000000000004 5.6000000000000005 19.400000000000002 2.2 0 7.2 0 0 0 0 0 0 3 0 0 0.4 0 2.2 0 0 0 0 0 0 2.2 0 0 0 0 0.4 0 0 0 0 0 0 0 0 0 0 0 0 0 0 0 0 0 0 0 0 0 0 0 0 0 0 0 0 0 0.4 1.6 0 0.6000000000000001 0.2 15.4 0 0.2 0 0 0 0 0 2.8000000000000003 0 0 0 0 0 0 0 0 0 0 0 0 2.2 0 0 0 0 0 0 0 0 0 0 
 0 0 0 0 14.4 15 0 0 0 0 0 12.600000000000001 0.4 0 0 0 0 0 0 0 29.400000000000002 0 53.800000000000004 16 10 13.200000000000001 75.4 107.60000000000001 41.800000000000004 23.200000000000003 5.800000000000001 6.4 21.200000000000003 24.200000000000003 42 32.6 44.400000000000006 51.2 10.200000000000001 10.8 0.6000000000000001 0 0 0 0.4 0 0 0 0 0 0 0.4 12.600000000000001 0 0 0 0 0.6000000000000001 12.200000000000001 0.4 0 0 0.2 0 1 0 0 0.2 0 0.2 0 0 0 0 0 0 0 0 1.6 0 0 0 0 0 0 0 0 0 0 0 0 0 0 0.2 0 0 0 0 0 0 4.4 2.6 0 7.800000000000001 6.800000000000001 0 0 1.8 4.800000000000001 0 3 0 0 0 2.8000000000000003 4.800000000000001 3.6 10.8 0 2 0 0 0 0 0 0 3 0 0 0 0 0 0 0 3.8000000000000003 0 0 0 2.4000000000000004 0 0 0 0 0 0 0 0 0 0 0 0 0 0 0 0 0 0 0 0 0 0 0 0 0 0 0 0 0 0 0 0 0 0 0 0 0 0 0 0 0 0.2 0.4 1.2000000000000002 9.600000000000001 12.200000000000001 5.4 0 2.4000000000000004 11.600000000000001 7.4 0 4.4 2.8000000000000003 0 10.4 4 2.8000000000000003 0 0 3.4000000000000004 0 0 0 0 0 0 0 0 0 0 0 0 1.2000000000000002 0.2 3.8000000000000003 0 0 0 0.2 0 0 0 0 0 0 0 0 0 0 0 0 0 0 0 0 0 0 0 0 0 0 0 0 0 0 0 0 0 0 0 0 0 0 0 1.2000000000000002 0.4 0.2 25.6 16.6 0 0.4 3 0 0 0 0 1.6 0 0 0 0 0 0 0 0 0 0 0 0 0 0 2.2 0 0 0 0 0 0 0 0 
 0 0 0 0 5.6000000000000005 0 0 0 0 0 0 0 0 0.2 0 0 0 0 0 0 17.400000000000002 53.800000000000004 0 67.2 85.4 8.4 31.6 21 14.600000000000001 33 69.60000000000001 26.8 74.8 22.400000000000002 40.2 73.4 72.8 13 7.800000000000001 40 0 0 0 0 0.4 0 0 12.8 0 0.4 0 0.4 4.2 0 0 0 0 0.8 0.2 0.6000000000000001 0 0 0.8 0 0 0 0 0 0 0.6000000000000001 0 0 0 0.2 0 0 0 0.2 10.600000000000001 0 0 0 0 0 0 0.2 0 0 0 0 0 0.2 0 0 0 0 0 0 0 0 0 0.4 4.4 1.6 5.6000000000000005 0.2 2 0.4 0 19.400000000000002 4.4 1.2000000000000002 1.8 5.6000000000000005 0 0.8 0 0 0 0 0 4.4 0 0 0 0 0 2 3.2 0 0 0 2.4000000000000004 2 0.2 0.2 5.2 0 1.4000000000000001 0.8 0 0 0 0 0 0 0 0 0 0 0 0.2 0 0 0 0 0 0 0 4 0 4.2 0 0 0 0 0 0 0 0.2 0 0 0 1 0 0 0 0 0 0 5.4 2.2 3.8000000000000003 2 7.2 7.800000000000001 0 4 2 2.8000000000000003 4.2 2.2 1.8 2.6 3.6 4 0 2 0 0 0 0.6000000000000001 0 0 0 0 0 0 0 0 0.4 0 2.6 4 0 0 5 0 0 0 0 0 0 0 0 2 0 0 0 0 0 0 0 0 0 0 0 0 0 0 0 0 0 0 0 0 0 0 0 0.4 0 0 0 0 3.2 0 0.2 16 0 0 0.2 2.4000000000000004 0 0 0 0 0 0.4 0 0 0 0.4 0 0 0 0 0 0 0 0 0 0 0 0.4 0 2.4000000000000004 5.2 0 0 0 
 0 0 0 0 0 0 0 0.4 0 15.4 12.600000000000001 0 0 0 0 0 0 0 0 0 10.600000000000001 16 67.2 0 92.60000000000001 22 53.400000000000006 21.6 26 28 43.6 30.200000000000003 34.800000000000004 14.8 25.200000000000003 4.2 12.200000000000001 7.800000000000001 19.400000000000002 26 0 0 0 12.4 0 4.2 0 10.600000000000001 0.2 0 0.2 0.4 25.6 12.200000000000001 0 0 0 0.6000000000000001 15.8 14.4 0 0 0 0 0 0 0 0 0 0 0 0 0 0.4 0 0 0 0.2 0.6000000000000001 0 0 0 0 0 0 0 0.2 0 0 0 0 0 0 0 0 0 0 0 0 0 0 0 0 4 9.4 0.2 2.4000000000000004 3.2 0.4 1.8 7.6000000000000005 0 0 6 0 0.2 0.2 0 0 0 0 3.6 0 0 0 0 0 0.8 5.2 0 0 1.2000000000000002 2 4.6000000000000005 4.2 0 1.4000000000000001 5.6000000000000005 6.4 0.2 0 0 0 0 0 0 0 0 0 0 0 0 0 0 0 1.4000000000000001 0 0 0 0 0 0 0 0 0 0 0 0 0.4 0 0 0 0 0 0 0 1 0 0 0 3.8000000000000003 0.6000000000000001 5 0 4.2 16.2 0 4 2 0 6.4 2.2 0.8 2.4000000000000004 0 0.2 0 0.2 0 0 0 2 0 7.4 0 0 0.4 4.800000000000001 0 0 2.4000000000000004 0 0 11.4 4.6000000000000005 0.2 8 3 5.800000000000001 0.6000000000000001 0 0 0 0 0 0 0 0 0 0 0 0 0 0 0 0 0 0.2 0 0 0 0 0 0 0 0 0 0 0 0 0 0 0 0 5 0 0.2 16 0 0.4 0.2 0 0 0 0 0 0 0 0 0 0 0 0 0 0 0 0 0 0 0 0 0 0 0 0.4 2.8000000000000003 1.2000000000000002 0 0 0 
 0.6000000000000001 0.6000000000000001 1.8 0.8 43.2 0.6000000000000001 0.6000000000000001 0.6000000000000001 0.6000000000000001 0.6000000000000001 0.6000000000000001 0.6000000000000001 1 1 0.6000000000000001 0.6000000000000001 1 0.6000000000000001 0.6000000000000001 0.6000000000000001 7.6000000000000005 10 85.4 92.60000000000001 0 16 20 25.200000000000003 90.60000000000001 26.8 14.8 23 11.8 24.6 27.6 16.400000000000002 91.4 88.60000000000001 19 17.8 0 0.4 10.4 0 0.4 0 7.2 0 0 0 0 0.4 25.8 0.2 5 0 0 0.6000000000000001 4.4 13.200000000000001 0.2 0 0.2 0 0 0 0 0 0 0.6000000000000001 0 0 0 0 0 0 0 0 0.6000000000000001 0 0 0 0 0 0 0 0 0 0 0 0 0 0 0 0 0 0 0 0 0 0 4.4 0 0 8 0.4 0 4 0 5.2 2.6 2.2 1 0 0 1.8 0 0 0 0 0 0.2 3.2 0 0 0.4 0.4 0 5.6000000000000005 0 0 0.4 4.6000000000000005 2 1.8 0.2 2 2.4000000000000004 1 9 0 3 0 0 0 0 0 0 0 0 0 0 0 0 0 0 0 0 0 0 0 0 0 0 0 0.4 0 0 0 0 0 0 0 0 0 0 0 0 0 0 0 0 7.2 6.6000000000000005 4.4 6.2 0 4.4 2.2 5.6000000000000005 0 3.8000000000000003 0 0 8.6 0 0 0 0 0 0 0.4 0 2.2 0 0 0 0.2 2.2 2.6 0.2 2.6 0.2 3.2 0.2 0 0.4 0 2.8000000000000003 6.2 0 0 0 2.2 0 0 0 0 0 0 1.8 0 0 0 0 0 0 0 0 0 0 0 0 0 0 0 0 0 0 0 0 0 0 0 4 0 1.2000000000000002 8.8 16.2 0.4 0.8 1 0 4.4 0 0 0 0 0 0 0 0 0 0 0 7.800000000000001 0 0 0 0 0 0 0 0 0 0 2.4000000000000004 0 0 0 
 0.8 0 0 0 0 0.6000000000000001 0 41 0.2 0.2 0 0 0.2 0.4 0.8 0 0.4 0.6000000000000001 0 0 14 13.200000000000001 8.4 22 16 0 7.2 54.400000000000006 70.2 11 48.800000000000004 43.2 12.200000000000001 9.600000000000001 14.4 19.6 14 28 11.600000000000001 54.400000000000006 5 25.6 0 0 0.8 0 0 0.2 13.8 0 0 1 13 0.4 0 0.8 0 0.6000000000000001 0 13.4 0 0 0 0 0 0.2 0 0 0 0 0 0 0 0.2 0 0 0 0 0.6000000000000001 0 0 0 0 0 0 0 0 0 0 0 0 0 0 0 0 0 0 0 0 0 0 0 0 4 11.600000000000001 5 0 0 0 0 2.2 0 0 0 0 0 2.6 6.800000000000001 0 0 6.800000000000001 0 0 0 0 0 8.6 0 4.800000000000001 0 0.2 0 5.2 5.6000000000000005 5.6000000000000005 0.4 2.8000000000000003 4.4 2.2 0.6000000000000001 0 0 0 0 0 0 1 0 0 0 0 0 0 0 0 0 0 0 2.4000000000000004 0 0 0 0 0 0 1.8 0 0 1.4000000000000001 0 0 0 1.4000000000000001 2 0 0 0 0 0 0.6000000000000001 0 0 0.2 4.800000000000001 0 5.6000000000000005 0 0 0 0.2 0 0 0 0 0 0 0 4 0 0 6.2 4.800000000000001 0 0.2 0 1.2000000000000002 8.200000000000001 5.6000000000000005 6.4 0 6 0 5.800000000000001 4 3.8000000000000003 2.6 2 1.6 4.800000000000001 1.6 0 0 0 0 0 0 0 0 0 0.4 0 0 0 0 0 0 0 0 0 1.2000000000000002 0 0 0 0 0 0 0 0 0 0 0 0 0 0 2 0.2 0 0.4 15 0.4 1.4000000000000001 0 0 0 0 0 0 0 0 0 0 0 0 0 0 0 0 0 0 0 0 0 2.6 0 0 0 1.8 0 0 0 
 0 0 0 0 0.6000000000000001 17 0 1.2000000000000002 0.2 0.4 15.200000000000001 0.6000000000000001 0 0 0 14.8 0 1.4000000000000001 0 0 27.6 75.4 31.6 53.400000000000006 20 7.2 0 43.6 10.600000000000001 4.2 15.200000000000001 23.200000000000003 19.8 32.2 25.400000000000002 41.400000000000006 19.8 39.800000000000004 23.6 43.2 0 0 0 0 0.4 0 0 0 0.2 0 0.2 1.2000000000000002 0 0 0 0 0 0.6000000000000001 0 0.4 0 0 0.2 0 3 0 0 0 0 0.6000000000000001 0 0 0 0 0 0 0 0 0.6000000000000001 0 0 0.6000000000000001 0 0 3.4000000000000004 0 0.2 0 0 3.4000000000000004 0.2 0 0 0 0 0 0 0 0 0 5.4 1.4000000000000001 6.2 3.2 0 3.4000000000000004 0 7.800000000000001 4.800000000000001 3.2 0 3.8000000000000003 5 1.8 0.6000000000000001 4 0 2.4000000000000004 0 5.2 0 0.2 0 0 0 0 0 0 0 0 0 0 0 3.2 0 0 0 0 0 0 0 0 0 1 0 0 0 0 0 0 0 1 0 0 0 0 1.2000000000000002 0 0 0 2.4000000000000004 1.2000000000000002 0 0 0 0 0 0 0 0.8 3.6 0 0 1.6 0 0 0 2.8000000000000003 0 1 2.8000000000000003 2.6 7 0 2 2 0 4.6000000000000005 1.8 0 3.6 9 2.2 6 14.8 2.2 1.2000000000000002 2 3.2 2.8000000000000003 0 3.6 0 0 0 0 0 0 0 0 0 0 0 0 0 0 0 0 3 0 0 0 0 0 0 0 0 0 0 0 0 0 0 0 0 0 0 0 0 0 0 0 0 0 0 0 2 0 0.2 0 0 0 0 0 1.4000000000000001 0.4 0 0 0.2 0.4 0 0 0 0 0 0 0 0 0 0 0 0 0 0 0 2.8000000000000003 0 0 0 0 0 0 0 0 0 0 0 0 0 0 
 0 0 0.4 0 14.8 6.6000000000000005 0.2 0.4 0.4 0.4 0.2 15.200000000000001 0 15 0 0 0 0 0.4 0 39.800000000000004 107.60000000000001 21 21.6 25.200000000000003 54.400000000000006 43.6 0 32.4 57.800000000000004 50 13.200000000000001 57.6 46.400000000000006 67.2 25.200000000000003 36 5 21.8 51.400000000000006 0 0 0 0 0 0 0 0 0 0 0 0.4 0.2 0 0 0 0 0.6000000000000001 0 0.4 0 0 0.2 0 1 0 0 0 0 0.2 0 0 0 0 0 0 0 0 0.6000000000000001 0 0 0 0 0 0 4 0 0 3.8000000000000003 0 0 0 0 0 0 3.8000000000000003 0 1.8 0 0 5 3.6 6 0.2 0.6000000000000001 0.2 0 0.8 3 2.4000000000000004 0 2.6 2.8000000000000003 3.2 2.8000000000000003 11.4 0 7.800000000000001 2.2 6.800000000000001 0 0.2 0 0 0 0 5.4 0 0 0 0 0.4 0 0.6000000000000001 0 0 0.4 0.2 1.2000000000000002 4 0 2 0 0 0.2 0 0 0 0 0 0 0 0 0 0 0 0 0 0 0 0 1.4000000000000001 0 0 0 3 0 0 0 0.2 0 0 0.2 0.8 0 0 0 0 0 0 5 0 3.6 1.8 11.4 0 0 4.4 1 0.4 0.6000000000000001 6.2 0 3.4000000000000004 0 5.800000000000001 7.2 1.2000000000000002 0 5.6000000000000005 0 0 0 0 0 0 0 0 0 0 0 0 2 0 0 0 0 0 0 0 0 0 0.2 0 0 0 0.4 0 0 0 0 0 0 0 0 0 0 0 0 0 0 0 2.4000000000000004 0 0 0 0 0 1.4000000000000001 0 0 0 0 0 0.6000000000000001 0 0.6000000000000001 15.200000000000001 0.2 0 0.4 2 0 0 0 0 0 0 0 0 0 0 0 0 0 0 0 0 0 0 0 2 0 0 0 0 0 0 0 0.4 
 0 0 0 0 0.2 0.6000000000000001 0 1.6 0.6000000000000001 0 0 0 0 0 0 0 0.4 0 0.2 0 17.400000000000002 41.800000000000004 14.600000000000001 26 90.60000000000001 70.2 10.600000000000001 32.4 0 29.400000000000002 20.8 9 40.800000000000004 16.2 11.8 63.6 8 39.6 33.6 15.4 0.2 0 0 0 0.2 0 0 0 0 0 0 0.4 0 0 0 0 0 0.6000000000000001 12.200000000000001 0.4 0 0 0 0 0.2 0.2 0 0 0 0.2 12.8 0 0 0 0 0 0 0 0.6000000000000001 0 0 0 0 0 0 0 0 0 0 0 0 0 0 0 0 0 0 0 0 0 0.2 0 0 3 2.6 2 2.4000000000000004 1.4000000000000001 2 5.2 3.8000000000000003 2 0 2.4000000000000004 1.8 2.6 3.8000000000000003 13 0 2.2 2 0 0 0 0 2.6 0.4 0 0.4 0 0 0 3 0 8.200000000000001 0 0 0 0 4.4 0 0 0 0 3 0 0 0 0 0 0 0 0 0 0 0 0 0 0 0 0.6000000000000001 0 0 0 3 0 0 0 1.4000000000000001 1.2000000000000002 0 0 1.2000000000000002 0 0 0 1.6 0 0 0 0 5 0 10.4 0.2 2.2 1.8 2.2 5.4 9.200000000000001 6.2 6 0 1.8 0 5.6000000000000005 1.8 4 0 0 0 0 0 0 0 0 0 0.2 0 0 0 1.8 0.4 0 0 0 0 0 0.4 2 0 0 0 0 0 0 0 0.2 0 0 4 0 0 0 1 0 5 1.6 0 0 0 0 0 0 0 0 0 0 0 0 0 0 0 0 2 0 0.4 15.4 2 0 2.2 0 0 0 0 0 2.2 0 0 0 0 0 0 0 0 1.2000000000000002 0 0 0 0 0 2.4000000000000004 0 0 0 0 0 0 0 0 
 0 0 0.4 0 0 0 0 0 0 0 0 0 0 0 0 0.4 0 0 0 0 50 23.200000000000003 33 28 26.8 11 4.2 57.800000000000004 29.400000000000002 0 18.2 41 23.6 12.8 48.400000000000006 31.400000000000002 43.6 8.6 19 18.8 57.6 0 0 0 0.4 0 0 0 0 0 0 0.4 0 0 0 0 0 0.6000000000000001 1.4000000000000001 0.4 0 0 0 0.2 0 0 0 0 0 0.6000000000000001 0 0 0 0 0 0 0 0 0.6000000000000001 0 0 0 0 0 0 0 0 0 0 0 0 0 0 0 0 0 0 0 0 0 3.8000000000000003 4.2 3.8000000000000003 16.6 0 6 0 0 1.8 4.800000000000001 0 1.8 0 0 2.2 4.6000000000000005 6.4 11.4 0 1.6 0 0 0 0 5.6000000000000005 0 1.8 0 3 0 0 0 1.6 2 0.2 0 1.4000000000000001 0 8.8 2.8000000000000003 0 0 0 0 0 0 0 0 0 0 0 0 0 0 0 0 0 0 0 0 0 0 0 0 0 0 0 0 0 0 0 0 0 0 0 0 0 0 0 0 0 0.2 3.4000000000000004 3.6 1.6 0 0 2.4000000000000004 3.4000000000000004 2.4000000000000004 0 0 2.6 0 5.6000000000000005 1.2000000000000002 2.2 7.2 0 1.6 0 0 0 0 0 0 0.2 0 0 0 0 0 1.2000000000000002 0 0.2 0 0 0 2 0 0 0 0 0 0 0 0 0 0 0 0 0 0 0 0 0 0 0 0 0 0 0 4.4 0 0 0 0 0 0 0 0 0 0 0 1 0 0.4 8.6 0.2 0 0.4 0.4 0 0 0 0 0 0 0 0 0 0 0 0 0 0 0 0 0 0 0 0 0 0 0 0 1.4000000000000001 0 0 0 
 0 0 0 0 0.4 0 0 0.2 0.2 0 0 0 0.4 0 0 0 0.2 0 0 0 24.8 5.800000000000001 69.60000000000001 43.6 14.8 48.800000000000004 15.200000000000001 50 20.8 18.2 0 45.2 31.8 9.8 21 35.6 39.400000000000006 27.8 10.8 13.600000000000001 0 0 0 0 0.4 0 0 0 0 0 0 0.4 0 0.2 0.2 0 0 0.6000000000000001 0.2 0.4 0 0 1.4000000000000001 0 0.2 0 0 0 0 0.4 0 0 0 0 0 0 0 0 0.6000000000000001 0 0.4 0 0 0 0 0 0 1.8 0 0 0 0 0 0 0 0 0 0 0 0 4 1.8 0.4 4 3.4000000000000004 1.4000000000000001 0.2 9.200000000000001 0 8 2.8000000000000003 4 0 0.8 0 6.4 12 2 0 0 1.6 3.2 0 0 0 0 1.6 0 0 0 0 0 2.8000000000000003 2.8000000000000003 0 0 0 0 0 1.2000000000000002 0 0 0 0 1 0 0.2 0 0 0 0 0 0 0 0 0 0.4 0 0 0 0 0 0 0 0 0 0 0 0 2.6 0 0 0.6000000000000001 0 0 0 0 0.4 0 0.6000000000000001 0.4 4.6000000000000005 4.800000000000001 4.2 0.2 7.6000000000000005 0 4 0 4 0.6000000000000001 10 0 11.600000000000001 7.800000000000001 1 0 8.8 0 1 0 0 0 0 0 0 4.4 0 0 0 0 0 0 0 0 0 0 0 2.8000000000000003 1.4000000000000001 0 0 0 0.4 0 0 0 0 0 0 0.4 0 0 0 0 0 0 0 0 0 0 0 0.2 0 0 0 0 0 0 0 0 0 0 0 2 0.4 0 0.4 0.6000000000000001 0 2 0.4 0 0 0 0 0 0 0 0 0 0 0 0 0 0 0 0 0 0 0 0 0 0 0 0.2 0 0 0 0 
 0 0.2 0 0 0 17.2 0 0.2 0 0 0 0 0.4 0 0.2 0 0 0 0 0 15.200000000000001 6.4 26.8 30.200000000000003 23 43.2 23.200000000000003 13.200000000000001 9 41 45.2 0 24 13.600000000000001 9.600000000000001 29.8 14 27.400000000000002 6.4 6.2 14.600000000000001 0.6000000000000001 0 0 0.4 0 0 0.2 0 1 0 0.4 13.4 0 42 0.2 0 1.2000000000000002 0 7.4 0 0 0 0.4 0 0.2 0 0.4 0 0.4 0 0 0 0.4 0 0 1 0 6 0 0 0 0 0 0 0 0 0 0.4 0 0 0.6000000000000001 0 0 0 0 0 0 0 0 1.6 0 2.6 0.2 2.6 2.8000000000000003 0 11 0 0 4 4.6000000000000005 0 1.6 0.2 0 7 0 0 0 2.2 3.8000000000000003 3.4000000000000004 0 0 0 2 2.2 5.4 0 2 0 3.8000000000000003 16.400000000000002 3.2 0.2 1.6 8 4.4 1.4000000000000001 0 0 0 0 0 0 4 0 0 0 0 0 0 2.4000000000000004 0 0 0.4 0 0 0 0 0 0 0 0 0 0 0 0 0.8 0 0 0.2 0.2 0 0 0 0 0 0.8 2.2 0.4 1.8 0 2 5 0 6 0 0 2.6 2 0 2.6 0 0.6000000000000001 1.4000000000000001 0.2 0 0 0.4 1.4000000000000001 0.2 2.2 0 0 8.200000000000001 4.2 0.2 0 2 0.4 0 8.6 5 0 5.4 2.2 7 8 3.2 0.4 0 0 0 0 0 0 0.2 0 0 0 0 0 0 0 0 0 0 0 0 0 2.6 0 0 0 0 0 0 0 0 0 0 0 4.6000000000000005 0 0.4 15 15 0 0 0.4 0 0 0 0 0 0 0 0 0 0 0 0 0 0 0 0 0 0 0 0 0 0 0 0 1.6 0 0 0 
 0 0 0 0 0 0.2 0 0.4 0.2 0 0 0 0.4 0 0 0 0 0.8 0.2 0 21.8 21.200000000000003 74.8 34.800000000000004 11.8 12.200000000000001 19.8 57.6 40.800000000000004 23.6 31.8 24 0 38.400000000000006 39.800000000000004 3.8000000000000003 66.2 24.6 37.4 88.80000000000001 0 0 0 0 0.4 0 0 0 0.2 0 0 0.6000000000000001 0 0 0 0.2 0 0.6000000000000001 0 0.4 0.2 0 0.2 0 0.4 0 0 0 0 0.2 0 0 0 0 0 0 0 0 0.6000000000000001 0 0 0 0 0 0 0 0 0 0 0 0 0 0 0 0 0 0 0 0 0 4 2.4000000000000004 14.200000000000001 11.600000000000001 1.6 3.6 1.8 4.800000000000001 5.4 7.6000000000000005 2.8000000000000003 11 0.6000000000000001 5.4 5 3.2 2.4000000000000004 6.2 0.4 2.4000000000000004 0 0 0 0 0.4 0.4 0 0 0 0 0 0 0 0 0 0 0 0 4 0.2 1.6 0 0.4 0 1.8 0 0 3 0 0 0 0 0 0 0 0 0 0 0 0 0 0 0 0.2 0 0 0 0 0 0 0 0 0 5.800000000000001 0 0 0 0 0 0 2 7 1.8 0 6 2.4000000000000004 0.2 0 4.4 2 3.8000000000000003 3.2 3.8000000000000003 12.600000000000001 3 0.2 0 6 0 5.800000000000001 0 0 0 0 0 0 0 0 0 0 0 0 0 0 0 0 0 0 0 3.6 0 0 0 0 0 0 0 0 0 0 0 0.4 0 0 0 0 0 0 1.6 0 0 0 0.2 0 0 0 0 0 0 0 0 0 0 0 3.6 0.4 0 0 0 0.4 0 0 0 0 0.4 0 0 0 0 0 0 0 0 0 0 0 0 0 0 0.2 0 0 0 0 0 2 0 0 0 0 
