 0 17.8 56.800000000000004 26.6 16 11.4 23.6 46.400000000000006 43.2 9.200000000000001 33.6 27.6 16.400000000000002 38.6 12.200000000000001 13.8 106.60000000000001 26.400000000000002 19.200000000000003 16.6 0 0 0 0 0 0 0.2 0.4 0.6000000000000001 0 0 0 0 0 14.8 0 0.4 0.4 14.8 0.6000000000000001 0 0 0 0 0 0 0 0 0 0 0 0 0 0 0 0 0.6000000000000001 0.4 0 0.6000000000000001 0 0 0.4 0 0.6000000000000001 0 1.8 0.2 0 0.6000000000000001 5.800000000000001 0.4 0 0.4 0 0.6000000000000001 0.4 0 0 0 1.6 4.4 6 0.2 0 1.8 0.4 16.8 0 2 0 2 0.4 5 3.4000000000000004 1.4000000000000001 8.200000000000001 4 0.2 2 0 0 0 0 0 1.4000000000000001 0 0 0 0 0 0.2 0 0 0 0 0 0 3.8000000000000003 0 0 0 0 0 0 0.6000000000000001 0.4 0 0.4 0 0.8 0 0 0 0 0 0 0 0 0 0 0 0 0 0.6000000000000001 0 0 0 0 0 0 0 0 0 0 0 0 1.8 2 0 0 3 4.6000000000000005 0 2 0 2.2 6.800000000000001 3.2 0 0 0 3.6 1.4000000000000001 2 3 0 1.2000000000000002 3.2 1.8 0 0 0 0 0 0 0.4 0 0 0 0 0 3.2 1.4000000000000001 0 0 0 0 2 0 0 0 0 0 0 0 0 0 0 0 0.4 0 0 0 0 0 0 0 0 0.4 0 0 0 0 0 0.4 0 0 0 0 0 0 0 0 0 0 0.2 0 0 0 0 0 0 0 0 0.2 19 0 17.400000000000002 0 0.4 2.8000000000000003 0 0.4 0 0 0 0 0 0 0 0 0 0 0 0 0 0 0 0.2 0 0 0 0 0 0.6000000000000001 0 0 0 0 0 0 0 0 0 0 0 0 0 0 
 17.8 0 56.400000000000006 17 7.800000000000001 8.8 18.2 53.6 16.400000000000002 60 19.400000000000002 30.400000000000002 47.6 10 30 9.8 39.800000000000004 41.800000000000004 28.6 25.200000000000003 40.800000000000004 0.8 0 0 0 0.2 0 0 0.4 0 0 0 0 0 0 0 0.2 0.4 0 15.600000000000001 0 0.8 0 0 0 1.4000000000000001 0 0 0 0 0 0.6000000000000001 0 0 0.4 0 0.4 0.4 0 0.4 0 0 0 0 0 0 0 0.6000000000000001 0 0.4 0 0 2.8000000000000003 0.4 0 0.6000000000000001 0.4 6.2 1 0 4 2.8000000000000003 4 0 0 3.6 4.6000000000000005 4.800000000000001 3.2 5.800000000000001 0.4 3.2 1.8 3.8000000000000003 2.6 6 3 2.6 1.8 3.6 2.4000000000000004 0 0 0 0 0 0 0 0 0 0 0 2.2 0 1.2000000000000002 0 0 0 0 5 0 0 0 0 0 0 0.4 0 0 0 0 0 0 0 2.2 0 0 0 0 0 0 0 0 0 0 0 0 0 0 0 0 0 0 0 0 0 0 1.2000000000000002 0 0 1.4000000000000001 3.6 0 5.4 4.800000000000001 2.2 0.6000000000000001 0 3.4000000000000004 3.2 2.8000000000000003 3.6 2.8000000000000003 2.8000000000000003 3.4000000000000004 2.8000000000000003 5.2 2.2 3 2.8000000000000003 0 0 0 2.2 0 0 0 0 0 0 0 0 0 0 0 0 0 0 0 0 0 0 0 0 0 0 0 0 0 0 0 0 0 0 0 0 0 0 0 0 0.2 0 0 0 0 0 0 0 0 0 0 0 0 0 0 0 0 0 0 0 0 0 0 0 0 0 0 0 0 0.4 2.6 4.6000000000000005 2.8000000000000003 0 0 0 0 0 0 0 0 0 0 0 0 0 0 0 0 0 0 0 0 0 0 2 0 0.2 0 0 0 0 0 0 0 0 0 0 0 0 
 56.800000000000004 56.400000000000006 0 45 10.8 27.400000000000002 10.600000000000001 14 20.6 43.2 31.400000000000002 72 15 70.4 49.400000000000006 7.6000000000000005 56.400000000000006 53 84.60000000000001 9.8 0.6000000000000001 0 0 0 0 0 0.2 0 0.6000000000000001 0 0.6000000000000001 0.2 14.600000000000001 7.4 0.6000000000000001 0 0 1 26.8 13.4 0.4 0.4 0.4 0 0 0.8 0 0 0 0.2 0 0.6000000000000001 0.6000000000000001 0 0.8 0.4 13.600000000000001 0.6000000000000001 0.6000000000000001 13.8 0 0.6000000000000001 0.2 0 0 0 0.4 0.4 0 0.6000000000000001 7 0 0 1 0 4.2 0.8 0 11 0 4 3.2 9.4 1.8 0.4 9 2.2 0 0.6000000000000001 15.8 0 3 2 4.2 1.4000000000000001 5.4 3.8000000000000003 9.600000000000001 0.2 6.800000000000001 17.400000000000002 4 0 0 0 1.6 2.8000000000000003 0.2 0 0 0 0 0 4 0 0 0 0.4 5.6000000000000005 0 0 0 0 0 0 0.4 0 0 0 1.4000000000000001 0 0 0 0 0 0 0 0 0 0 0 0 0 0 0 0 0 0 0 0 0 0 0 0 0 0 0 0.6000000000000001 0 0 1.8 1.8 5.4 4.2 0 0 3.2 6.4 7.4 0 0 3.4000000000000004 2.8000000000000003 0 0 0 2.2 0.4 5.2 1.6 0 4.2 0 0 0 0 0.2 0 0 0 0 0 0 0 0 0 1 0 0.2 4.2 0 0 0 0 0 0 0 0 0 0 0.2 0 0 0 0 0 0 0 0 0 0 0 0 0 0 0 0 0 0 0 0 0 0 0 0 0 0.4 0 0 0 0 3.8000000000000003 0 0 0 0 24.200000000000003 0 0.8 23.8 0.4 1.4000000000000001 0 0 0 0 0 4.4 0 0 0 0 0 0 0 0 0 0 0 0.4 0 0 0 0 0 0 4 0 0 0 0 0 0 0 0 0 0 0 0 0 
 26.6 17 45 0 19 7 24.8 13.8 17.400000000000002 35.800000000000004 10 58.800000000000004 13.8 23 38.6 23.8 30.200000000000003 31.6 34.6 19.200000000000003 0 21 0 0.2 0 0 0 0.4 0.6000000000000001 0 0 0 0 7.4 0 0 0 0.4 3.4000000000000004 18 0 0 0 0 0 0 0 0 0 0 0 0.2 0 0 0.2 0 0.6000000000000001 0.4 0 0.6000000000000001 0 0 0.4 0 0 0 0.6000000000000001 0.2 0 0.6000000000000001 0.6000000000000001 0 0 0.4 0 0.6000000000000001 0.4 0 11.200000000000001 0 0 4.2 0.2 7.6000000000000005 2 0 3 10 0.6000000000000001 2.2 8.4 1.8 0 0 2 0 4 0 0 3.6 2.6 0 3.2 0 0 0 0 2.6 0 0 0 0 0.2 2.2 0 0 0 0 2.8000000000000003 0 0 0 0 0 0 3.2 0 0 0.4 0 0 0 0 0 0 0 0 0 0 0 0 0 0 0 1.4000000000000001 2.2 0 0 0 0.6000000000000001 0 0 0 0 0 0.2 0 0.2 0 0 2.8000000000000003 0.2 6.4 0.2 0 0 4.4 2 1.6 3.2 1.8 1.6 0 1.8 6.2 0.2 4.6000000000000005 0 0 2.6 0 6.2 0 0 0 0 0 3 0 2.4000000000000004 0 0 8.4 0 0 0 10.200000000000001 0 0.2 2.6 0 0 0 0 0.4 0 0 0 0 0 0 0 0 0 0 0 0 0 0 0 0 0 0 0 0.2 0.2 0 0 0 0 0 0 0 0 0 0 0 0 0 0 0 0 0 0 0 0.4 0 0 0 1 0.4 2.2 0 0.4 0 0 0 0 0 0 0 0 0 0 0 0 0 0 0 0 0 0 0 0 0 2.2 3.2 0 0 0 0 0 0 0 0 0 0 0 0 0.4 
 16 7.800000000000001 10.8 19 0 39 8 10 58 25.6 66.60000000000001 48.800000000000004 20 14.8 22.400000000000002 38 32 52.400000000000006 50.6 13 0.2 0.6000000000000001 14.8 0.4 0 0 30.200000000000003 25.6 0.4 0 0 0 14.8 3.6 14.8 14.600000000000001 0 0.4 0 0.8 12 0.4 12.4 0 0 0 0 0 0 0 0 0.6000000000000001 0 0 0.6000000000000001 0 0.4 0.4 0 0.4 0 9 0 0 0 0 1.2000000000000002 0.6000000000000001 0 0.2 0 0 0.2 10.8 0 0.6000000000000001 0.4 0 0 0 0 0 3.8000000000000003 0.2 3.4000000000000004 0.6000000000000001 0 1.8 0 0.2 0 4.800000000000001 0.4 3.6 0 0.2 1.8 0 0 0 0 0 0 1.2000000000000002 0.4 0 5.800000000000001 5.800000000000001 5.800000000000001 0 0 1.6 2.2 0 2.2 0 0 0 3.6 0.6000000000000001 0 0 0 0 0.4 0 0 0 0 0 0 0 0 0 0 0 0 0 0 0 0 0 0 0 0 0 0 0 0 0 0.2 0 0 0 0 0 0 0 0 0 0.2 1.2000000000000002 0 2 5.2 2 0 2.2 0 2 2.8000000000000003 1.6 0 0 0.2 0 0 0 0 0.2 0.2 4.4 0 1.4000000000000001 0 2.2 6 8 0.6000000000000001 3 0.2 0 0 3.8000000000000003 3.4000000000000004 1.4000000000000001 0 3 9.8 2 0 0.4 0 0 0 0 0 0 0.2 0 0 0 0 0 0 0 0 0 0 0 0 0 0 0 4.4 0 0 0 0 0 0 0 0 0 0 0 0 0 0 0.2 0 0 0 0 0 0 18.2 0.6000000000000001 0 17.400000000000002 0 2.6 0 0 0.2 0 0 0 0 0 0 0 0 0 0 0 9.8 0 0 0 0 0 0 0 0 0 2.8000000000000003 0 0 0 0 0 0 0 0 0.4 0 0 0 0 
 11.4 8.8 27.400000000000002 7 39 0 8.8 8.6 8 35 56.6 42.400000000000006 6.800000000000001 10.4 14.8 19.400000000000002 72.4 11.8 7.4 39.400000000000006 0.4 16.2 15.200000000000001 0 0 0 32.800000000000004 18.400000000000002 2.2 14.600000000000001 0 1.6 62.400000000000006 28 15 0.4 0 0.4 33.2 45.800000000000004 0 0 0 0 0 0 0 1.2000000000000002 0.6000000000000001 0 1.2000000000000002 0.6000000000000001 0 0 1.2000000000000002 0 1.2000000000000002 14.600000000000001 0 0.6000000000000001 0 0.8 0.4 0 0 1.2000000000000002 0.6000000000000001 0.2 0 0.6000000000000001 0.6000000000000001 0 0 0.4 0.4 0.8 1.2000000000000002 0 1 0 0 0 0 0.2 6.6000000000000005 6.6000000000000005 0.2 0 0 2.8000000000000003 0 9 0 0 0 0.4 0 0 0 0 5.6000000000000005 3.8000000000000003 0.2 2 0 0 8.200000000000001 0.4 6.800000000000001 4.4 0.2 0 6.4 5.800000000000001 2 3.8000000000000003 4.6000000000000005 1.8 2.8000000000000003 6 0 0 0 0 0 0 0 0 0 0 0.2 0 0 0 0 0 0 0 0 0 0 0 0 0 0 0 0 0 0 0 0 0 0 0 0 0 0 0 0 0 0 0 0 2.2 0.2 0 0 0 2 0 1 0.4 0 0 0 0 2.8000000000000003 0 0 0 5 7.2 2.8000000000000003 0 0 4.4 6.800000000000001 4 0.2 4.800000000000001 0 0.2 4 0.2 0.2 0 1 0 4.4 4.2 0 0 0 0 0 0 0 0 0 0 0 0 0 0 0 0 0 0 0 0 0 0 0 0 0 0 0 0 0.2 0.2 0 0 3.6 0 0 0 0 0 0 0 0 0 0 0 0 0.8 0.2 0 0.6000000000000001 0 0 0 0 0 0 0 0 0 0 0 0 0 0 0 0 0 0 0 0 0 0 0 0 0 0 0 0.2 0 0 0 0 0 0 0 0 10.8 0 0 0 0 
 23.6 18.2 10.600000000000001 24.8 8 8.8 0 74.2 8.8 28.8 5 8.4 47.800000000000004 13.200000000000001 22.8 7.2 28.400000000000002 42.400000000000006 20.6 29.400000000000002 0 0 0 0 0 0 0 0 0.4 0 0 0.4 0.4 0.4 0 0 0 0.4 0.2 0.6000000000000001 0.6000000000000001 12.600000000000001 0 0 0 0.2 0 0 0 0 0 0.4 0 0 0.4 0 0.4 0.4 12.600000000000001 0.4 8 0 0 6.2 0 0 0.2 0.6000000000000001 0.2 0.6000000000000001 0.2 0 0 0.4 0 0.6000000000000001 0.4 0 0 0 0 4.2 0 8 0 0 7.2 4 2 0.2 5 0 0 0 0.4 0.6000000000000001 6 0 4 2.8000000000000003 0 0 0 0 0 0 0 0.4 0 3.2 0 0 1.8 0 0 0 0 0 2.2 0 0 0 0 0 0 0 0 0 0 0 0 0 0 0 0 0 0 0 0 0 0 0 0 0 0 0 0 0 0 0 0 2.8000000000000003 0 0 0 0 0 0 0 0 2.2 1.4000000000000001 2.4000000000000004 2.2 0 0 2.2 0.8 0 2.4000000000000004 0 3.8000000000000003 2.6 5.4 0.6000000000000001 1 0.4 4.4 0.2 0 0 0 0 0 0 0 0 0 0 0 0 0 0 0 0 0 0 2.4000000000000004 0 0 0 0 0 0 0 0 0 0 0 0 0 0 0 0.2 0 0 0 0 0 0 0 0 0 0.4 0 0 0 0.2 0 0 0 0 0 0 0 0 0 0 0 0 0 0 0 0 0 0.2 0 0 0.8 0.2 0 2.2 0 0 0.4 0 0 0 0 0 0 0 0 0 0 0 0 0 0 0 0 0 0 0 0 1.8 0 0 0 0 0 0 0 0 0 0 0 0 0 0 
 46.400000000000006 53.6 14 13.8 10 8.6 74.2 0 43.400000000000006 6.2 5.6000000000000005 59.2 27.200000000000003 35.2 16.6 50.800000000000004 8.200000000000001 16.2 88.60000000000001 26.200000000000003 0 0 0 0 0 0.4 0 0 0.4 0 0 0.6000000000000001 0 0 0.2 0 0 0.8 0.2 0.6000000000000001 0.2 0 0 0 0 2.2 0 0 0 0 0 0.6000000000000001 0 0 1 0 0.4 0.4 0 0.4 0 0 0 0 0 0 0 0.6000000000000001 0 0.4 0 0 0 0.4 0 0.6000000000000001 0.4 0 0 0 0 1.4000000000000001 0 0.4 0.2 0 0 0 2.4000000000000004 1.4000000000000001 1.2000000000000002 0 0.2 0 4.6000000000000005 1.4000000000000001 4.800000000000001 0 0.4 11 0 0 0 0 0 0 0 0 0 0.2 0 0 9.4 0 2 0 0.2 0 0 0.2 0 0 0 0 6.4 0 0 0 0 0 0 0 0 0 0 0 0 0 0 0 0 0 0 0 0 0 4.6000000000000005 0 0 0 0 0.4 0 0 0 0 0 0 0 0 0 4 3 2 0.2 0 2 1.6 3.2 0 0 1.8 2 2.8000000000000003 1.2000000000000002 2.2 4.6000000000000005 0 3.4000000000000004 0.6000000000000001 0 0 0 0 0 0 0 0 0 0 0 0 0 0 0 0 0 0 0 0 0 0 0 0 0 0 0 0 0 0.2 0 0 0 0 0 0 0 0 0 0 0 0 0 0 0 0 0 0 0.2 0 0 0 0 0 0 0 0 0 0 0 0 0 0 0 0 0 0 0 0 0 4.6000000000000005 1.2000000000000002 0 0 0 0 0 0 0 0 0 0 0 0 0 0 0 0 0 0 0 0 0 0 0 1.8 0 0 0 0 0 0 0 0 0 0 0 0 0 0 
 43.2 16.400000000000002 20.6 17.400000000000002 58 8 8.8 43.400000000000006 0 31.200000000000003 4 42.6 17.6 44.2 19.400000000000002 17.400000000000002 25.8 34.2 56.400000000000006 54.2 1 0 0 0.4 0.6000000000000001 0 0 0 0.4 0 0 0 1.4000000000000001 1 0.2 0 0 1 2.2 1 0 1.2000000000000002 0 0 0.6000000000000001 0.4 0 0 0.6000000000000001 0.2 1.4000000000000001 1.2000000000000002 0 0 0.6000000000000001 0.4 1 0.4 0 1.2000000000000002 0 0.4 0.4 0 0 0.8 0 0.6000000000000001 0.8 0 0.2 0 8.200000000000001 2.2 0.6000000000000001 0.6000000000000001 0.4 0 0 0 0 0.2 4.4 3.2 2.8000000000000003 0.2 0.2 0.2 4.6000000000000005 6.6000000000000005 3.8000000000000003 3.8000000000000003 0 3 4 4.800000000000001 0.2 2 0 5.4 0 0.2 0 0 0 0 3.2 0 0 0 0 0 7.6000000000000005 0 1.4000000000000001 0 0 0 3.2 2.6 0 0 0 0 0 0 0.2 0 0 0 0 0 0 0 0 0 0 0 0 0 0 1.4000000000000001 0 0 0 0 0 0 0 0 0 0 0 0 0 0 0 0.6000000000000001 0 0.2 0.2 2.8000000000000003 6.4 0.2 3.2 2 2.8000000000000003 0 0 2.4000000000000004 1.8 5 0.4 0 4.6000000000000005 5 0.2 2.8000000000000003 0 2.8000000000000003 0 0 0 0 0 0 0 0.2 0 0 0 0 6.800000000000001 0 0 0 0 0 0 3.4000000000000004 0 0 0 0 0 0 0 0 0 0 0 0 0 0 0 0 0 0 0 0 0 0 0 0 0 0 0 0 0 0 0 0 0 0 0 0 0 0 0 0 0 0 0 0 0 0.4 17.6 0 0 0 2.8000000000000003 2.2 0 0 0 0 0 0 0 0 0 0 5.2 0 0 0 0 0 0 0 0 0 0 0 0 1.4000000000000001 0 0 0 0 0 0 0 0 0 0 0 0 0 0 
 9.200000000000001 60 43.2 35.800000000000004 25.6 35 28.8 6.2 31.200000000000003 0 50.400000000000006 8 14.8 55.400000000000006 101 53.2 44 18.2 41.6 30 0.4 0 0 0.2 1.4000000000000001 0.6000000000000001 0 0 3.4000000000000004 0.8 0.6000000000000001 1.4000000000000001 15.8 0.2 0.2 0.2 0.6000000000000001 2 0 0.6000000000000001 0 0.8 1.2000000000000002 0 0 1.8 0 0.6000000000000001 0.2 1.4000000000000001 0.6000000000000001 1 0 0 2.6 1.6 0.4 1 0 0.4 0 1.8 0.4 0 0 0.6000000000000001 0.2 0.6000000000000001 0 1 1.4000000000000001 2.2 0 2.2 2.2 1.8 1.4000000000000001 0 1.8 0 5.800000000000001 2.2 10.600000000000001 6.4 2.8000000000000003 10.600000000000001 7.6000000000000005 0 2.6 9.600000000000001 0.2 5 1.6 0 5.4 12.200000000000001 3.6 5.800000000000001 0 3 0.4 5.2 0 0 2.6 0 4 0 0 0 0 0 0 6.800000000000001 0 0 0 0 4.800000000000001 4.4 0 0 0 0 0 1.6 0 0 0 0 0 0 0 0 0 0 0 0 0 0 0 0 0 0 0.6000000000000001 0 0 0 2.6 0 0 0 0 0.4 0 0 0 0 0 0 3.4000000000000004 2.8000000000000003 0 5.6000000000000005 0 0.4 0 0 2 3.8000000000000003 2.2 0 3.4000000000000004 0.2 1.8 2 9 1.8 2.2 3.6 0 0 0 0 0 0 0 0.2 0 0 0 0 0 0 0 0 0 3.6 2 6.800000000000001 0 0 0 0 0 0 0 0 0 0 0 0 0 0.4 0 0 0 0 0 0 0 0 0 0.2 0 0 0 0.4 0 0 0 0 0.4 0 0 0 0 0 0 0 0 2.8000000000000003 0 0 0.2 0.4 0.4 0 0 0.2 0.4 1.8 4.800000000000001 0 0.4 0.4 0 0 0 0 0 0 0 0 0 0 0.4 0 0.2 0 0 0 0 0 0 3.4000000000000004 5.4 0 0 0 0 0 0 0 0 0 0 0 0 0 
 33.6 19.400000000000002 31.400000000000002 10 66.60000000000001 56.6 5 5.6000000000000005 4 50.400000000000006 0 13 50 8.8 59.6 43 68 76.2 7.4 11.600000000000001 0 0 0.2 0 0 0 14.8 15.200000000000001 0.4 0.2 0 0 17.6 16.400000000000002 0 0.2 0.4 0.4 0 15.8 0 0 0 0 0 0 0 0 0 0 0 0.4 0 0 0.4 0 0.4 0.4 0.8 0.4 0 0 0 0 0 0 0.2 0.6000000000000001 0 0.6000000000000001 0.2 0 0 0.4 0 0.6000000000000001 0.4 0 0 0 0 0 10.4 0.2 8 4.2 1.2000000000000002 2.2 2.2 2.6 0.2 3 0 3.2 0 1.6 3.2 2.2 0 0 3.2 0 0 0.4 0 0 1.4000000000000001 0 4.2 0 0 2 1.2000000000000002 0 6.6000000000000005 0 0.6000000000000001 0 8.200000000000001 3 0 0 0 0 0 0 0 0.4 0 0 0 0 0 0.4 0 0 0 0 0 0 0.4 0 0.2 0 0 0 0 0 0.2 0 0 0 0 0 0 0 0 0 0.4 0.4 0 4.6000000000000005 3.4000000000000004 4.6000000000000005 0.6000000000000001 0.2 0 0 1.6 5.800000000000001 0.4 0 0 0 0.4 1.8 0.2 9.8 0 0.2 0 7.4 0 0 0 2 2 5 0 0.2 0 0 1.8 2.2 0 1.8 0 2 12 0.8 0 0 0 0 0 0 0 0 0 0 0 0 0 0 0 0 0 0 0 0 0 0 0 0 0 0 0 0 0 0 0 0 0 0 0 0 0 0.4 0 0 0 0 0 0 0 0 6.4 0 1.2000000000000002 2.4000000000000004 0 1 0.2 0 0 0 0 0.4 0 0 0 0 1.8 0 0 0 0 0 0 0 0 0 0 0.2 0 0 3.2 0 0 0 0 0 0 0 0 0 0 0 0 0 
 27.6 30.400000000000002 72 58.800000000000004 48.800000000000004 42.400000000000006 8.4 59.2 42.6 8 13 0 9.8 67.60000000000001 8.200000000000001 62.400000000000006 80.2 30.200000000000003 7.6000000000000005 7.2 0.2 0 0 0 0.2 0 4 0 0.4 0 0 0.2 15.200000000000001 0 0.2 0 0 0.4 15 12.8 0 5.800000000000001 0 0 0 0 0 0 0 0 10 0.6000000000000001 0 0 0.6000000000000001 0 0.4 0.4 0 0.4 0 0 0 0 0 0 2.4000000000000004 0.6000000000000001 0 0.4 0 0 0 10.200000000000001 0 0.6000000000000001 0.4 0.2 0 0 0 0 2.8000000000000003 0 5.6000000000000005 2.8000000000000003 0 0.4 0 2 0 0.2 0 3.4000000000000004 0 4.800000000000001 0 0 0 0 0 0 0 0 0 0 0 7.2 0 1.4000000000000001 0 1.8 1.6 0 2.6 0 0 0 0.4 0 0 0 0 0 0 0 0 0 0 0 0 0 0 0 0 0 0 0 0 0 0 0 0 0 0 0 0 0 0 0 0 0 0 0 0 0 0 0 0 1.4000000000000001 0 3 0 0 4 4.2 0 1.8 2 0.2 2 1.6 0 0 0.6000000000000001 0.2 0 3.8000000000000003 0 0 0 0 0 0 0 0.4 2.2 3.4000000000000004 0 2 0 0 5 0.2 0.2 1.8 0 0 7.4 3 0 0 0 0 0 0 0 0 0 0 0 0 0 0 0 0 0 0 0.2 0 0 0 0 0 0 0 0 0 0.2 0 0 0 0 0 0 0.2 0 0 0 0 0 0 0 0 0 1.2000000000000002 6.800000000000001 0 0.6000000000000001 17.6 2.8000000000000003 1.8 0 0 0 0 0 0 0 0 0 0 0.2 0 0 0 0 0 0 0 0 0 0 0 0 0 3 1.8 0 0 0 0 0 2.8000000000000003 0 0 0 0 0 0 
 16.400000000000002 47.6 15 13.8 20 6.800000000000001 47.800000000000004 27.200000000000003 17.6 14.8 50 9.8 0 14.8 12.600000000000001 8.200000000000001 4.2 51.2 74 73.60000000000001 0 0.4 0 0.6000000000000001 0.4 0.8 0 0 0.4 0.4 0 17.6 0 0 0 0 0.2 1 0 0.6000000000000001 0.2 0 0 0 0 1.4000000000000001 0 0 0 0 0 0.4 0 0 0.4 0 0.4 0.6000000000000001 0 0.4 0 0 0.2 0 0 0 0.4 0.4 0 0.4 0.4 0 0 0.4 0 0.6000000000000001 0.4 0 0 0 4.6000000000000005 1.4000000000000001 3.4000000000000004 2.2 0 0 3.6 3.4000000000000004 3.8000000000000003 0.2 3.8000000000000003 0 5.2 3 2.4000000000000004 2.4000000000000004 2.6 2.2 3.8000000000000003 9.600000000000001 0 4.4 0 0 0 0 0 0 0 0 0 0.4 0 0 0 0 0 0 0 0 0 0 0 0 0 0.4 0 0 0 0 0 0 0 0 0 0 0 0 0 0 0 0.2 0 0 0.4 0 3 0 0 0.2 0 0 0 0 0 0 0 0 0 0 0 0 0 4.4 0 0.8 2 0 6 0 0 0.2 0 3.2 0 2.6 4.4 1.6 6.800000000000001 0.2 0 0 0 0 0 0 0 0 0 0 0 0 0 0 0 0 0.4 0 0 0 0 0 0 0 0 0 0 0 0 0 0.2 0 0 0 2.6 0 0 0 0 0.2 0 0 0 0 0 0 0 0 0 0 0 0.4 0 0 0 0 2.8000000000000003 0 0 0 0 0 0 0 0 0 0 0 18.6 0.6000000000000001 0 1.6 0 0 0.4 0 0 0 0 0 0 0 0 0 0 0 0 0 0 0 0 0 0 0 0 0 0 0 0 0 0 0 0 0 0 0 0 0 0 2.8000000000000003 
 38.6 10 70.4 23 14.8 10.4 13.200000000000001 35.2 44.2 55.400000000000006 8.8 67.60000000000001 14.8 0 69.4 4.800000000000001 52.400000000000006 66.60000000000001 39.800000000000004 16.2 0 0 0.4 0.4 0.2 0 0 0 1 0 0 0 0 0 0 0 0 0.4 0.4 1 0 0 0 0 0 0 0 0 0 0 0 0.8 0 0 0.4 0 4.800000000000001 0.6000000000000001 0 0.4 11 0 0 0 0 0 0.2 0.6000000000000001 0 6.6000000000000005 0.2 0 0 0.4 0 0.6000000000000001 0.4 0 0 0 3.4000000000000004 6.2 10.4 5.2 0 0 3.4000000000000004 6.800000000000001 0 2.6 0 2.8000000000000003 1.2000000000000002 3.2 9.4 2 4 4.2 0 3.2 0 0 0 0 0 8.8 0 0 0 0 0 0 0 0 0 0 0 0 0 0 0 0 0 0 0 2 0 0 0 0 0 0 0 0 0 0 0 0 0 0 0 0 0 0 2.4000000000000004 0 0 0 0 0 0 0 0 0 0 0 0 0 0 0 3.6 0 8.8 0 0 3.8000000000000003 3 10.8 1.6 2.6 0 0 5.2 0.2 8.6 2.6 2.4000000000000004 0.4 2.8000000000000003 8.4 0 0 0 0 0 0 0 0 0 0 0 0 4.4 0 0 0 0 0 0 0 0 0 0 0 0 0 0 0 0 0 0.2 0 0 0 0 0 0 0 0 0.2 0 0 0 0 0 0.2 0 0 0 0 0 0 0 0 0 0 0.4 0 0 0 0 3.6 0 0 0 0.2 0.2 0 0.8 0.2 0 1.8 0 0 0 1.2000000000000002 0.2 0 0 0.4 0 0.4 0 0 0 0 0 0 0 0.4 0 0 0 0 0 0 0 0 0 0 0 0 0 0 0 0 0 0 0 0 
 12.200000000000001 30 49.400000000000006 38.6 22.400000000000002 14.8 22.8 16.6 19.400000000000002 101 59.6 8.200000000000001 12.600000000000001 69.4 0 30.400000000000002 9 41.6 40.400000000000006 22 0.2 1.2000000000000002 0.2 0 0 0.4 0.2 0 0.4 0 0 0 0 0 0 0 0.4 0.8 0 0.6000000000000001 0 0 0 0 13.200000000000001 0 0 0.2 0 0 0 8 0 0.4 0.6000000000000001 0 0.4 0.4 0 0.4 0 0 0 0 0 0 0 0.6000000000000001 0 0.2 0 0 0 0.4 0 0.6000000000000001 0.4 0.4 0 0 4.2 6.2 12.8 7.6000000000000005 0 0 6 12.4 1.6 3.6 3 0 7 4.6000000000000005 9.200000000000001 2.4000000000000004 3.2 10.4 5.2 6.6000000000000005 0 0 0 0 0 12 0 0 0 0 0 0 0 0 0 0 0 0 1.8 0 0 0 0 0 0 3.6 0.6000000000000001 0 0 0 0 0 0 0 0 0 0 0 0 0 0 0 0 0 1 0 0 0 2 0 0 0 0 0 0 0 0 0 0 0 6.6000000000000005 0.2 14.600000000000001 2 0 4 1.2000000000000002 9.4 4 3.6 0 0 3.2 1.2000000000000002 2.4000000000000004 1 4.800000000000001 0 2.6 10.4 0 0 0 0 0 0 0 0 0 0 0 0 4.800000000000001 0 0 0.2 0 0 0 0 0 0 0 0 0 0 0 0 0 0 0 0 0 0 0 0 0 0 0 0 0 0 0 0 0 3.4000000000000004 0 0 0 0 0 0 0 0.4 0 0 0 0 0 0 0 2 0 0 0 0.2 0 0 0.8 0.2 0.2 1.8 0 0 24 0 0 0 0 0 0 0 0 0 0 0 0 0 0 0 0 0 0 0 0 2 0 0 0 0 0 0 0 0 0 0 0 0 0 0 
 13.8 9.8 7.6000000000000005 23.8 38 19.400000000000002 7.2 50.800000000000004 17.400000000000002 53.2 43 62.400000000000006 8.200000000000001 4.800000000000001 30.400000000000002 0 44 25.6 9 55 0 0 0 0 1 0 15 0 0.4 0 0 0 0.2 0 0 0 0 0.4 0.2 0.6000000000000001 0 0 0 0 0 0 0 0 0 0 0 8.200000000000001 0 0 0.2 0 0.6000000000000001 0.4 0 0.6000000000000001 0 0 0.2 0 0 0 0.4 0.4 0 0.6000000000000001 0.4 0 0 0.4 0 0.6000000000000001 0.4 0 0.8 0 0 4 6.6000000000000005 5.6000000000000005 2.8000000000000003 4.6000000000000005 2.2 2.8000000000000003 1.4000000000000001 2.4000000000000004 2.4000000000000004 6.2 0 2 1.6 2.2 3.2 0 0 10.4 0 0.2 0 0 0 0 3 2 0 0 0 0 0 0 0 0 0 0 5.800000000000001 2.6 0 0 0 0 0 0 0 0 0 0 0 0 0 0 0 0 0 0 0 0 0 0 0 0 0 0 0 0 0 0 0 0 0 0 0 0 0 0 0 1 0 3.8000000000000003 2.8000000000000003 0.4 8.200000000000001 2 0 2 0 6.4 2.2 5.2 0 2.8000000000000003 2.6 0.2 0 2.6 0 0 0 0 0 0 0 0 0 0 0 0 0.4 0 0 2 0 2.2 0 0 2.4000000000000004 2 0 0 0 0 0 0 0 0 0 0 0 0 0 0 0 0 0 0 0 0 0 0 0 1 0 0 0 0 0 0 0 0 0 0 0 0 0 0 0 0 0 0 0 0 0 0 36.4 0 0 0.2 0 1 0 0 0 0 0 0 0 0 0 0 0 0 0 0 0 0 0 0 0 0 0 0 0 1.2000000000000002 2 1.6 0 0 0 0 0 0 0 0 0 0 0 0 
 106.60000000000001 39.800000000000004 56.400000000000006 30.200000000000003 32 72.4 28.400000000000002 8.200000000000001 25.8 44 68 80.2 4.2 52.400000000000006 9 44 0 40.2 10.4 10.8 0 0 0 0 0 0.4 17.2 0 0.4 0 0 0 29.400000000000002 0 0 0 0 0.8 7.800000000000001 13.4 0 0 0 0 0 0 0 0 0 0 0 0.2 0 0 0.2 0 0.6000000000000001 0.4 0 0.6000000000000001 0 0 0.2 0 0 0 0.4 0.4 0 0.6000000000000001 0.4 0 0 0.4 0 0.6000000000000001 0.4 0 0 0 0 1.2000000000000002 7.800000000000001 0 6.4 5.6000000000000005 0 3.4000000000000004 2 1.4000000000000001 0 6.2 0 4.6000000000000005 0 1.6 2.4000000000000004 0 0 0 2.2 4.4 0 0 0 0 0 4.2 0 0 0 0 2.4000000000000004 4 1.4000000000000001 0.4 0 0 5 3.2 0 0 0 0 0 0 0 0 0 0 0 0.2 0 0 0.4 0 0.4 0 0 0.2 0 0 0 0 0 0 0.2 0 3.8000000000000003 0 0 0 0 0 0 0 0 0 0 0.6000000000000001 0 6.2 3 0.8 6.6000000000000005 0.2 0 0.8 0 2.4000000000000004 1.6 3.6 6.2 0 0 2 4 7.2 0 0 0 3.6 0 0 0 0 0.2 6 0.2 0 0 0 2.8000000000000003 2.4000000000000004 0 0 0 0 3.6 10.200000000000001 0 0 0 0 0 0 0 0 0 0 0 0 0 0 0 0 0 0 0 0 0 0 0 0 0 0 0 0 0 0 0 0 0 0 0 0 0 3 0 5 0 0 0 0 0 0.6000000000000001 28.6 0 0.4 18.2 3 3 3 0 0 0 0 0 0 0 0 0 2 0 0 0 0 0 0 0 0 0 0 3.2 0 0 3.8000000000000003 2.2 0 0 0 0 0 0 0 0 0 0 0 0 
 26.400000000000002 41.800000000000004 53 31.6 52.400000000000006 11.8 42.400000000000006 16.2 34.2 18.2 76.2 30.200000000000003 51.2 66.60000000000001 41.6 25.6 40.2 0 26.200000000000003 7.4 0 0 0 0.4 0 16.8 0 0 0.6000000000000001 0 0 0.2 0.6000000000000001 0.8 0 0 0.4 0.4 3.6 15.8 0 0.6000000000000001 0 0 0 0.4 0 0.8 0 0 0 0.2 0 0 0.2 0 0.6000000000000001 0.4 0 1.2000000000000002 0 0 0.2 0 0 0.4 0.6000000000000001 0.4 0 0.6000000000000001 0.6000000000000001 0 0.4 1 0 0.6000000000000001 0.4 0 0 0 5.4 8.4 2.8000000000000003 6.2 1.8 5.4 2 0 4 8.8 2 0 2.6 4.800000000000001 0.6000000000000001 13 4.2 11.4 0 8.4 1.6 0 0 0 0 0 0 0 0 0 0 0 1.6 0 1.8 0 0 0 1 0 0 0 0 0 0 0 0 0 0 0 0 0 0 0 0 0 0 0 0 0 0 0 2.4000000000000004 0 0 0 0 0 0 0 0 0 0 0 0 0 0 0.2 0 0.6000000000000001 3.6 0 0 6 1 0.2 2.8000000000000003 0 1.4000000000000001 2.8000000000000003 0 9 4.2 2.4000000000000004 0 0.2 4.2 0 2 1 0 5 0 0 0 0 0 0 0 0 8 0 1.4000000000000001 0 0 0 0 0 0.2 0.2 0 0 0 9.4 0 0 0 0 0 0 0 0 0 0 0 0 0 0 0 0 0 0 0 0 0 0 0 0 0 0 0 0 0 0 0 0 0 0 0 3.2 0 5 0 0 0 0 18 0.6000000000000001 0.6000000000000001 9 3.6 2.8000000000000003 0 0.4 0 0 0 0 0 1.2000000000000002 0 0 0 0 0 0 0 0 0 0 0 0 0 0 0 0 1.6 0 0 0 0 0 0 0 0 0 0.4 0 0 0 
 19.200000000000003 28.6 84.60000000000001 34.6 50.6 7.4 20.6 88.60000000000001 56.400000000000006 41.6 7.4 7.6000000000000005 74 39.800000000000004 40.400000000000006 9 10.4 26.200000000000003 0 48.400000000000006 0 0 0 0 0 0 0 0 0.6000000000000001 0 0 0 0 0 0 0 0 0.4 0.2 0.6000000000000001 0 0 0 0 0 0.8 0 0 0 0 0 0.4 0 0 0.2 0 0.6000000000000001 0.4 0 13.200000000000001 0 0 0.2 0 0 0 0.4 0.4 0 0.6000000000000001 0.4 0 0 0.4 0 0.6000000000000001 0.4 0.4 0 0 5 6 0 4.2 0 0 0.6000000000000001 9.200000000000001 1 2.6 0 0.2 6.2 0.6000000000000001 5.6000000000000005 2.2 4 0 0.2 1.8 0 0 0 0 0 0 0.2 0 0 0 0 0 0 2 0 0 0 0 0 0 0 0 0 0 0 4.6000000000000005 0 0 0.2 1 0 0 0 0 0 0 0 0 0 0 0 0 0 0 0.8 0 0 0 0 0 0 0 0 0 0 0.2 0.2 0.2 0 0 2.6 1.8 0 2.8000000000000003 0 0 3 4.2 5.4 1.2000000000000002 0 0 4.2 2.8000000000000003 2 2.6 6.6000000000000005 0 2.8000000000000003 3 0 0 0.4 0 2.2 0 0 0 0 0 0 0 3.4000000000000004 0 0 0 0.6000000000000001 0 0 0 0 0 0 0 0 0.2 0 0 0 0 0 0 0.8 0 0 0 0 0 0 0 0 0.2 0 0 0 0 0 0 0 0 0 0 2.2 0 0 0 0 0 0 0 0 0 0 0 0.2 0.4 0 0 0 0 0 1.2000000000000002 0 0 0 0 0 0 0 0 0 0 0 0 0 0 0 0 0 0 0 0 0 0 0 2.8000000000000003 0 0 0 0 0 0 0 0 0 0 0 0 0 0 
 16.6 25.200000000000003 9.8 19.200000000000003 13 39.400000000000006 29.400000000000002 26.200000000000003 54.2 30 11.600000000000001 7.2 73.60000000000001 16.2 22 55 10.8 7.4 48.400000000000006 0 0 0 0 0 0 0 0 0 0.6000000000000001 0 0 0 0 0 0 0 0.2 0.4 0 0.6000000000000001 0 0 0 0 0 19.8 0 0 0 0 0 0.2 0 0 0.2 0 0.6000000000000001 0.4 0 0.6000000000000001 0 0 0.4 0.4 0 0 0.6000000000000001 0.2 0 0.6000000000000001 0.6000000000000001 0 0 0.4 0 0.6000000000000001 0.4 0 0 0 3.2 3 2.4000000000000004 5.6000000000000005 0 0 8 6.6000000000000005 1.4000000000000001 0.4 1.8 2.6 16.400000000000002 5.800000000000001 3.4000000000000004 0 3.8000000000000003 6.4 5 2 0 0 0 0 0.2 0 0.2 0 0 0 0 0 0 4 0 0 0 5.6000000000000005 0 0 0 0 0 0 0 1.4000000000000001 0 0 0 0 0 0 0 0 0 0 0 0 0 0 0 0 0 0 1.4000000000000001 0 0 0 0 0 0.4 0 0 0 0 0 0 1 0 2.2 6.6000000000000005 0 3.8000000000000003 0.4 0 0.4 5.800000000000001 9 3.2 2 0 0 7.800000000000001 2.8000000000000003 2.2 0.4 2.6 0 0 2.2 0 0 0.4 0 0.2 0 0 0 0 2.2 0 0 4.6000000000000005 0.4 0 0 0 0 0 0 0 0 0 0 0 0.2 0 0.2 0.2 0 0 0 0 0 0 0 0 0 0 0 0 0.2 0 0 0 0 0 0 0 1 0 0 0 0 0 0 0 0 0 0 0 0 0 0 0 0 0 0 0 0 0.4 2.2 0 0 0 0 0 0 0 0 0 0 0 0 0 0 0 0 0 0 0 0 0 0 0 0 0 0 0 0 0 0 0 0 0 0 0 0 0 0 
 0 40.800000000000004 0.6000000000000001 0 0.2 0.4 0 0 1 0.4 0 0.2 0 0 0.2 0 0 0 0 0 0 50.400000000000006 15.8 11.8 27.6 11.600000000000001 24.200000000000003 60 23.6 32.800000000000004 55.2 14.600000000000001 11.8 27 24.400000000000002 11.8 37.800000000000004 80.80000000000001 9.200000000000001 20.6 0 0 0 0 0.6000000000000001 0.4 0 0 0 13.200000000000001 0.6000000000000001 0.6000000000000001 0 0 0 0.6000000000000001 0 0 0 0 0 0 0 0 0 0 0 0 0 0 0.4 0 0 0.2 0 0 0 0.6000000000000001 0 0.4 0 0 0 0 0 0 0 0 0 0 0 0 0 0 0 0 0 0 0 0 2.8000000000000003 5.800000000000001 4.800000000000001 5.2 8 1.8 2.6 1.8 5.800000000000001 6.2 8.8 0 0 0 1.4000000000000001 2.6 0 2 0 0 0 0 0 0 0 0 0 0 0 0 0 0 1.6 0 0 0 0 0 2.8000000000000003 0 0 0 0 0 0 0 0 0 0 0 0 0 0 0 0 1.2000000000000002 0 0 0 0 0 0 0 0 0 0 0 0 0 0 0 0 0.8 0 0 0 0 0 0 0 0 7.2 5.2 1.6 16.400000000000002 2.2 6.2 0 9.200000000000001 0 4.2 11.200000000000001 0 3.8000000000000003 6 5.6000000000000005 1.8 2 0 0 0 0 0 0 0 0 4 0 0 0 0 0 3 3.8000000000000003 0 0 0 0 5.2 0 0 0 0 0 0 0 0 0 1 0 0 0 0 0 0 0 0 0 0 0 0 0 2.2 0 0 0 0 0 0 0 0 0 0 0 0 0 0.4 16.400000000000002 1.8 0.2 1 0 0 0 0 0 0 0 0 0 0 0 0 0 0 0 0 0 0 0 0 0 0 0 0 0 3.6 0 0 0 
 0 0.8 0 21 0.6000000000000001 16.2 0 0 0 0 0 0 0.4 0 1.2000000000000002 0 0 0 0 0 50.400000000000006 0 35.2 17 19.200000000000003 21.8 29.6 12.600000000000001 23.6 20.200000000000003 25.8 9.200000000000001 35.6 54.400000000000006 36.4 6.800000000000001 41.2 28.400000000000002 52.6 31.400000000000002 0.4 0.6000000000000001 0 0 1 0.8 0 0 0 0 1.4000000000000001 0.6000000000000001 4.2 0 0.4 1 0.2 0 0 0.4 0.4 0 0.6000000000000001 0 0 1.2000000000000002 0 0 0.6000000000000001 0 1 0 1 0.8 0.6000000000000001 0 1 1 0 0.6000000000000001 0 0 0 0 0 0 0 0 0 0 0 2.2 0 0 0 2 0 0 0 0 4.2 0 10.200000000000001 2.6 0.2 0 5.4 2.2 4 3 0 2.6 3.6 5.2 0 7.4 0 0 0.4 0 0 0 0 0 0 0 0 0 0 0.2 0 0 0 0 0 0 0 0 0.2 0 0.8 0 0 0.2 0 0 0 0 0 0 0 0 0 0 0 0 0 0 0 0.4 0 0 0 0 3.8000000000000003 3.2 0 0 0 0 1.4000000000000001 2 0.8 0 5.2 0 0 0 0 0 6.6000000000000005 2.2 6.4 0.2 2.4000000000000004 2.8000000000000003 4.6000000000000005 2.8000000000000003 6.2 1.8 3.2 6.6000000000000005 3.8000000000000003 9.8 3.2 0.6000000000000001 5.2 0 0 0 0 0 0 0 0 0 0 0 0 0 0 0 0 0 0 0 0 0 0 0 0 0 0 0 0 0 0 0 0 0 0 0 0 0 2.2 0 0 0 0 0 0 2.8000000000000003 0 0 0 0.2 0 0 0 0 0 0 0 0 1.6 0 0.4 0 15.600000000000001 0 1.6 2.6 0 0 0 0 2.2 0 0 0 0.2 0 0 0 0 0 0 0 0 0 0 0 0 0 0 3.6 0 0 0 0 
 0 0 0 0 14.8 15.200000000000001 0 0 0 0 0.2 0 0 0.4 0.2 0 0 0 0 0 15.8 35.2 0 39.2 9.200000000000001 6 57.6 67.8 46.6 25.400000000000002 53.400000000000006 50.800000000000004 12.4 59.800000000000004 30 82.4 42.400000000000006 42.2 11.8 24.6 0 0 0 0 0.6000000000000001 0.4 0 0 0 1 0.6000000000000001 0.6000000000000001 0 0 0 0.4 0 0 0 0 0 0 0 0 0 0 0 0 0 0 0.4 2 0 0.2 0 0 0 0.6000000000000001 0 0.4 0 0 0 0 0 0 0 0 0 0 0 0 0 0 0 0 0 0 0 0 2.6 1.8 1.4000000000000001 1.4000000000000001 2.4000000000000004 0 6.800000000000001 0.2 7.6000000000000005 2 0.8 5.4 0 3 7.6000000000000005 0.4 8.200000000000001 1 5 3.2 0 0 0 0 0 0 2.8000000000000003 0 0 0.4 0 0 0 0 0 0 0 0 0 0 1.6 4.2 0 0.4 0 0 0.4 0 0 0 0 0 0 0 0.2 0.4 0 0 0 0.2 0 0 0 0.4 0 2.2 0 0 0 0 0 0 0 0 0 0 0 0 0 0 3.8000000000000003 0.2 3.8000000000000003 6 1.4000000000000001 3.6 1 2.2 0 1 3.2 2.8000000000000003 4 5.6000000000000005 0 3.2 1.6 6.4 0.8 1.6 0 0 0 0 0 0 0 2.2 0 1.4000000000000001 0 0 0.4 0 0 0 0 0 4.4 0 0 0 0 0 0 0 0 0 0 0 0 0.4 0 0 2.4000000000000004 0 0 0 0 0 0 0 0 0 0 0 0 0 0 0 0 0 0 0 0.2 0.4 0.2 0 15.200000000000001 0.4 0 3 0 0 0 0 0 0 0 0 0 0 0 0 0 0 0 0 0 0 0 2 0 0 0 0 0.6000000000000001 0 0 0 
 0 0 0 0.2 0.4 0 0 0 0.4 0.2 0 0 0.6000000000000001 0.4 0 0 0 0.4 0 0 11.8 17 39.2 0 14.4 29 35.4 30.8 53.800000000000004 26.400000000000002 13 34.800000000000004 15.4 16.6 25.200000000000003 26.400000000000002 24.400000000000002 52.6 15 10.600000000000001 13 0.4 0.6000000000000001 0.2 0.6000000000000001 0.6000000000000001 0 0.2 0.2 0.8 0.6000000000000001 13.4 0.4 26.400000000000002 0 0.6000000000000001 0.2 0.6000000000000001 9.600000000000001 0.4 0 0 0 0.4 0 0 0.2 0.6000000000000001 0.2 0 0.6000000000000001 0.4 0 0.4 0 0.2 0 0.6000000000000001 0 0.8 0 0 0 0 0 0 0 0 0 0 0 0 0 0 0.2 0 0 0 0 0 0 0.8 4.4 8.6 2.2 3 0 1.8 3.6 0.2 5.4 0 0 0.4 0 3.4000000000000004 0 6.2 0 0 0 0.8 1.8 0 0 0 14 0.2 1.6 4.800000000000001 0 0 3.4000000000000004 11.8 0 4.6000000000000005 0 0 0 8 0 0 0 0 0 0 0 1 0 2 0 0 0 1.6 1.4000000000000001 0 0.4 0 0 0 0 0.4 0 0 0 0 0 0 0 0 0 0 0 0 0 0 0 0 0 0 0 4.800000000000001 0 2 3 6.2 3.6 0 0 0 5 4.2 0 3.6 2.4000000000000004 1.2000000000000002 4 4 0.4 0 0 2.6 0 0 0 0 0 0 0 0 0 0 5 5.800000000000001 0 4.2 2 0 0.2 2.4000000000000004 0 0 0 0 0 0 0 0.2 0 0 0 0.4 0 0 0 0 0 0 0 0 0 0 0 0 0 0 0 0 0 0.2 0 0 0 0 1 0 0.2 46 0.2 0 0.4 0.2 0 0 0 0 0 0 0 0 0 0 0 0 0 0 0 0 0 0 0 2.6 0 0 0.2 0 0 0 0 0 
 0 0 0 0 0 0 0 0 0.6000000000000001 1.4000000000000001 0 0.2 0.4 0.2 0 1 0 0 0 0 27.6 19.200000000000003 9.200000000000001 14.4 0 11.4 25.200000000000003 29.8 66.2 20.200000000000003 54.400000000000006 9.200000000000001 25.200000000000003 55 17.6 49.6 6.800000000000001 38.2 10.4 18 0 0.4 0.4 0 0.6000000000000001 0.4 10.8 0 0 0 0.6000000000000001 0.6000000000000001 3.8000000000000003 13 0 0.4 0 0 24.8 12 0 0 0 0 0 0 0 0 0 0 0.2 0 0 0.2 0.2 0 0 10.8 0.6000000000000001 0.6000000000000001 0 0 0 0 0 0 0 0 0 0 0 0 0 0 0 0 0 0 0 0 2.6 0.2 1.8 5.6000000000000005 2.4000000000000004 5.6000000000000005 0 0 0 5.4 6.2 1 0 0.2 3.4000000000000004 6.6000000000000005 0.2 10.200000000000001 0 0.2 4.2 0 0 0 0 0 2.4000000000000004 0.6000000000000001 0 0 0 0 0.2 0 1.8 0 0.2 2.4000000000000004 2.6 0 0.2 0 0 0 0 0 0 0 0 0 0 0 0 0 0 0.6000000000000001 0 0 0 0 0 0 0 0 0 0 0 0.4 0 0 0 0 0 0 0 0 0 0 0 0 0 0 2.2 0 2.6 3.6 0 0 2.2 0 3.2 4.4 0 0.2 3.2 4.4 1.6 6.2 0 0 0 0 0 0 0 0 8.6 2.2 0 3.8000000000000003 0 0 5.6000000000000005 0.2 1 0 0 0 4.800000000000001 4.4 0 0 0 0 0 0 0 0 0.2 0 0 0 0 0 0 0 0 0 0 0 0 0 2.2 0 0 0 0 0 0 0 0 0 0 0 1.4000000000000001 0 0 15 0.2 0 0 0.6000000000000001 0 0 0 0 0 0 0 0 0 0 0 0 0 0 0 0 0 0.2 0 0 0 0 0 0 0 0 0 0 
 0 0.2 0 0 0 0 0 0.4 0 0.6000000000000001 0 0 0.8 0 0.4 0 0.4 16.8 0 0 11.600000000000001 21.8 6 29 11.4 0 12 22.6 10.600000000000001 11.600000000000001 69.2 28.400000000000002 48 26.400000000000002 21.200000000000003 15 9.600000000000001 12.600000000000001 12.8 23 0 12.4 0.2 0.2 1.8 0.4 14 12.4 12.8 5 0.6000000000000001 5.4 0 24.8 4.4 13.600000000000001 0 0.2 18.400000000000002 0 0 0 0 0.6000000000000001 5.6000000000000005 0 0 0 0 0.8 0.6000000000000001 0 3.6 0.2 0 0 0.4 6.2 0 0.4 0 0 0 0 0 0 0 0 0 0 0 0 0 0 0 0 0 0 0 0 0 0 0 5.800000000000001 4 0 0 0 0 0 0.2 0.8 0 0 0 2.4000000000000004 0 0 0 0 0.2 4.800000000000001 7.2 2 0 0 4.4 4.4 3 4.6000000000000005 0 0 6.6000000000000005 6.4 1.4000000000000001 2.2 5 0 2.2 5.6000000000000005 0 0 3.4000000000000004 0 0 0 0 2.4000000000000004 0 0.4 0 0 0 0.6000000000000001 3.2 0 0 0 4 0 0.2 0 0 0 0 0 0 0 0 0 0 0 2.2 0 0 0 0 0 0 0 0 0 2.4000000000000004 0 0 3.4000000000000004 0 0 2.2 0 0.4 2 0 0 0 0 0 2.2 0 0 8 4.6000000000000005 0 0 6.2 0 7.4 0 2.6 0.4 0 0.2 2.4000000000000004 6.4 17.6 1.4000000000000001 0 4.800000000000001 1 2.4000000000000004 0 0 0 0 0 0 0 0 0 0 0.2 0 0 0 0 0 0 0 0.4 0 0 0 6.2 0 0 0.2 0 0 0 0 0 0 0 0 1.4000000000000001 0 0 15.4 7.800000000000001 0 5 0 0 0 0 0 0 0 0 0 0 0 0 0 0 0 0 0 0 0 0 2.4000000000000004 3.6 0 0 0 0 1.8 0 0 
 0.2 0 0.2 0 30.200000000000003 32.800000000000004 0 0 0 0 14.8 4 0 0 0.2 15 17.2 0 0 0 24.200000000000003 29.6 57.6 35.4 25.200000000000003 12 0 40.2 7.2 11.8 14.8 4 17.8 40.400000000000006 24.400000000000002 10.600000000000001 13.4 15.600000000000001 56 27.400000000000002 0 0 0.4 0 0.6000000000000001 0.4 0 0 0.2 0 0.6000000000000001 0.6000000000000001 0 4 0 0.6000000000000001 12.4 0 0.4 0 0 0 0 0 0 0 0 0 0 0 0 0 0.4 0.2 0 0 0 0.6000000000000001 0 0.6000000000000001 0 0 0 0 3.8000000000000003 3 0 0 0 0 0.2 3.4000000000000004 0 1 0 0 0 0 0 0 0.2 2.2 4.2 2.6 0 2.8000000000000003 9.600000000000001 4 2.6 2.4000000000000004 0 2.2 7.2 2.4000000000000004 1.6 6.800000000000001 0 2.8000000000000003 0 0 0 0 0 0.4 2 0 0 0.4 0 0 0 0.4 0 2.4000000000000004 0 0 0 0 0 0 0 0 0 0 0 0 0 0 0 0 0 0 0 0 0 0 0 0 0 0.6000000000000001 0 0 0 3.8000000000000003 9.600000000000001 1.8 0 0 0.6000000000000001 0 2.2 0 0 0 0 0 0 2 0 0 1.4000000000000001 0.2 1.4000000000000001 0.4 2 2.4000000000000004 6.800000000000001 3.4000000000000004 4.6000000000000005 3.8000000000000003 3.2 7.800000000000001 4.6000000000000005 3.4000000000000004 1.4000000000000001 2 0 0 2.8000000000000003 3.2 0 0 0 0 0 0 0 0 0 0 0 0 1.4000000000000001 0 0 0 0 0 0 0 0 0 0 0 0 0 0 0 0 0 0 0 0 3.8000000000000003 2 0.4 0.2 0 0 0 0 0 2 0 0 0 0 0 0 0 0 0 0 0 0.4 0.2 0 0 0 0 0.4 0 0 0 0 0 1.8 0 0 0 0 0.4 0 0 0 0 0 2.4000000000000004 0 0 0 0 0 0 0 3.4000000000000004 0 0 0 0 
 0.4 0 0 0.4 25.6 18.400000000000002 0 0 0 0 15.200000000000001 0 0 0 0 0 0 0 0 0 60 12.600000000000001 67.8 30.8 29.8 22.6 40.2 0 20.400000000000002 48 35.4 25.400000000000002 16.6 33 62 25.400000000000002 39 69.4 11 27 0 0 0.6000000000000001 0 0.6000000000000001 0.4 0 0 0 0.4 1.8 1.8 12.600000000000001 0.4 0.6000000000000001 1 0 0 0 0.6000000000000001 0 0.2 0.2 0.4 0 0 1.2000000000000002 0 0.2 0 0.2 0.4 0 9.200000000000001 0.2 0.8 0 1 0 1 0 0 0 0 0 0 0 0 0 0 0 0 0 0 0 0 0 0 0 1 0 6.4 1.6 0.4 7.4 0 3.8000000000000003 3.6 4.2 2.2 10.4 0 1.8 3 3 2.2 2.4000000000000004 2.2 0.2 4.800000000000001 0 0 0 0 0 0 0 0 0 0 0 0 2 0 0 3 0 0 4.4 0 0 0 0 0 0 0 0 0 0 0 0 0 0 0 0 0 0 0 0.4 0 0 0 0 2.4000000000000004 5.4 2.8000000000000003 0 0 0 0 2.6 3.8000000000000003 0 0 0 0 0 0 0 0 0 14.200000000000001 0 2 7.4 3.8000000000000003 13.8 6 3.6 5 4.6000000000000005 3.2 1.4000000000000001 2.4000000000000004 7 0 0.4 0.2 1.4000000000000001 0 0 0 0 0 0 0 3.8000000000000003 0 0 0 0 0 0.4 3.4000000000000004 0 0 0 0 0.2 0 0 0 0 0 0 0 0 0 0 0 0 0 0 0 0 0 0 0 1.8 0 0 0 0 0 0 0 0 0 0 15 0 0 0 0 0.2 0.2 0.6000000000000001 1.8 15.200000000000001 0 2.2 0 0 0 0 0 2 0 0 0 0 0 0 0 0 0 0 0 0 0 0 0 0 0.4 0 0 0 0 0 0 
 0.6000000000000001 0.4 0.6000000000000001 0.6000000000000001 0.4 2.2 0.4 0.4 0.4 3.4000000000000004 0.4 0.4 0.4 1 0.4 0.4 0.4 0.6000000000000001 0.6000000000000001 0.6000000000000001 23.6 23.6 46.6 53.800000000000004 66.2 10.600000000000001 7.2 20.400000000000002 0 30.6 10.200000000000001 107.2 15.8 29.200000000000003 16.6 74.4 37.6 78.4 12.4 27.200000000000003 0 0 0.2 0.2 0.6000000000000001 0.4 15.4 0 0 2.6 0.6000000000000001 0.6000000000000001 0.2 0 0 1 0 0 13.600000000000001 13.200000000000001 0 1.2000000000000002 0 0 0 0 0 0.4 0 0 0.4 0 0 0.4 0 0 0.4 0.6000000000000001 0 0.6000000000000001 0 0 0 0 0 0 0 0 0 0 0 0 0 0 1.8 0 0 0 0 0 2.6 0 5.4 0.2 0 2.8000000000000003 0 0 0.4 9.4 0 7 1.6 0 6 8.8 2.8000000000000003 10 0 0 0 0 0 0 0 0 8.6 0 0 0 0 0 0 0 1 0 0 0.4 3.4000000000000004 3 0.6000000000000001 0 0 0 0 0 0 0 0 0 0 0 0 0 0 0 0 0 0 0 0 0 0 0 0 0 0 0 0 0 0 0 1.2000000000000002 0 0 0 0 0 0 0 3 0 4.4 2.8000000000000003 6.4 10 0 0 3.2 0 4.4 3.4000000000000004 0 5 1.6 2.2 6.6000000000000005 5.2 0 0 0 0 0 0 0 0 0 3 0 0 0 0 4.4 0.2 2.2 0 0 0 0.2 7.4 0 0 0 0 0 0 0 0 0 0 0 0 0 0 0 0 0 0 0 0 0 0 0.2 0 0 0 0 0 0 0 0 0 0 0 1.6 0 0 1.8 15.4 0.4 0.4 2.8000000000000003 0 0 0 0 0 0 0 0 0 0.4 0 0 0 0 0 0 0 2.4000000000000004 0 1.8 0 0 0 0 0 0 0 0 
 0 0 0 0 0 14.600000000000001 0 0 0 0.8 0.2 0 0.4 0 0 0 0 0 0 0 32.800000000000004 20.200000000000003 25.400000000000002 26.400000000000002 20.200000000000003 11.600000000000001 11.8 48 30.6 0 26 22.400000000000002 69.60000000000001 28.6 35.2 50.400000000000006 42.800000000000004 54.400000000000006 13.8 50 0 0 0 0 0.6000000000000001 0.4 0 0.4 0 0.2 0.6000000000000001 0.6000000000000001 0 0 0 13 0 0 0 0 0 0.4 0 0 0 0 0 0 0 0 0.2 0 0 0.2 0 0 0 0.8 0 0.6000000000000001 0 0 0 0 0 6.2 0 0 0.4 0 0 0 0 0 0 0 0 0 0 0 0 6.4 2.4000000000000004 8 9 2 2.6 1.6 2.2 0 9.200000000000001 5.6000000000000005 0 2.6 0.2 0 9.4 3.2 1.8 11.600000000000001 0 0.2 0 0 0 0 0.2 0 0 0 0 0 2 0 0 0 0 4.2 5 0 10.200000000000001 0 0 0 0 0 0 0 0 0 0 0 0 0 0 0 0 0 0 0 0 0 0 0 0 3 0 0 0 0.2 0 0 0.4 0 0 0 0 0 0 0 3.6 4.4 4.800000000000001 2.2 2 4.6000000000000005 5 1.6 4.6000000000000005 5.2 0 9.200000000000001 0 2.4000000000000004 2.4000000000000004 0 4.2 5.6000000000000005 0 0 0 0 0 0 0 0 3 0 0 0 0 0 5.4 5.2 3.4000000000000004 0 0 0 0 2.2 0 2.2 0 0 0 0 0 0 0 4.6000000000000005 0 2 0 0 0 0 0 0 0 0 0 0 0 0 0 0 0 0 0 0 0 0 0 0 0.2 0 0.2 23.400000000000002 8.4 0.6000000000000001 1.8 13 0 0 0 0 0 0 0 0 0 0 0 0 0 0 0 0 0 0 0 0 0 0 0 0 0 0 0 0 
 0 0 0.6000000000000001 0 0 0 0 0 0 0.6000000000000001 0 0 0 0 0 0 0 0 0 0 55.2 25.8 53.400000000000006 13 54.400000000000006 69.2 14.8 35.4 10.200000000000001 26 0 14 8 24.400000000000002 17.8 40.2 40 47.400000000000006 6.800000000000001 38 0 0 0 0 0.6000000000000001 0.4 13.200000000000001 0 0 0 0.6000000000000001 0.6000000000000001 0.2 0.2 0 0.6000000000000001 0 0 26.200000000000003 12.600000000000001 0 0 0 0 0 0 0 0 0 0 0.2 0 0 0.2 0 0 0 4.2 0 0.6000000000000001 0 0 0 0 0 0 0 0 0 0 0 0 0 0 0 0 0 0 0 0 0 7 2.8000000000000003 3 11.8 7 5.800000000000001 0 0 4.6000000000000005 6.4 2.8000000000000003 0.4 2.4000000000000004 0.8 0.6000000000000001 1.8 3.8000000000000003 0 0 0 0 0 0 0 0 3.6 0 0 0 0 0 0.4 0 0 0 0 0 1.8 0 0 0 0 0 0 0 0 0 0 0 0 0 0 0 0 1 0 0 0 0 0 0 0 0 0 0 0 0 0 0 0 0 1 0 0 0 0 0 0 0 5 0 3.2 0.2 1 1.8 2.2 0 4.2 0 2.2 4.4 0 0 8.6 4.6000000000000005 0 2.4000000000000004 0 1.6 0 0 0 0 0 0 4.6000000000000005 0 0 0 0 0 1.6 0 4.800000000000001 0 0 0 3.2 2.8000000000000003 0 0 0 0 0 0 0 0 0 0 0 0 0 0 6.6000000000000005 0.2 0 0 0 0 0 0 1.8 0 0 0 0 0 0 0 0 0 0 0 0.4 0 0.4 1.2000000000000002 0.8 0 1.2000000000000002 0 0 0 0 0 0 0 0 0 0 0 0 0 0 0 0 0 0 2.6 0 0 0 0 0 0 0.4 0 0 0 
 0 0 0.2 0 0 1.6 0.4 0.6000000000000001 0 1.4000000000000001 0 0.2 17.6 0 0 0 0 0.2 0 0 14.600000000000001 9.200000000000001 50.800000000000004 34.800000000000004 9.200000000000001 28.400000000000002 4 25.400000000000002 107.2 22.400000000000002 14 0 10.8 49 25.6 47.800000000000004 12.8 16.8 10.600000000000001 13 12.4 0.6000000000000001 0.6000000000000001 0 1.8 1.6 3.8000000000000003 0 0 0.4 0.8 0.6000000000000001 0 12.200000000000001 0.4 1.2000000000000002 0 0.2 10.8 5 0 0.6000000000000001 0 0 0 0 0.4 0 0 0 0.6000000000000001 0 0 0.8 0 0 0.4 0.6000000000000001 0 0.6000000000000001 0 0 0 0 0 0 0 0 0 0 2 0 0 0 0 0 0 0 0 0 0 6.4 3 4.4 5.2 6.4 0 1.4000000000000001 4.2 0 4.2 1.6 0 0 0 4.4 0 5.800000000000001 0 0 0 0 3.2 0 0 0 9.4 3 0 3 0 0 0.2 7.800000000000001 0 3.8000000000000003 0 0 0 4.6000000000000005 0 0 0 0 0 0 0 0 0 0.4 0 0 0 0 0.6000000000000001 0 1.4000000000000001 0 0 0 0 0 0 0 0 0 0.8 0.2 0 0 0 0 0 0 0 0 0 0 0 0 0 6.4 0 2.4000000000000004 2.2 3.4000000000000004 2.6 0 5.4 0 5.2 2.4000000000000004 0 3.2 5.6000000000000005 1 2 2.8000000000000003 0 0 0 4 0.2 0 0 0 0 2.8000000000000003 0 0 0 0 3.6 7.6000000000000005 7.6000000000000005 1 0.8 0 0.4 1.8 0 0 0 0 0 0 0 0 0.2 0 0 0 0 0 0 0 2.4000000000000004 0.2 0 0.2 0 0 0 0 0 0 0 0 0.2 0 0 0 0 0 1.6 0.4 0.4 50.800000000000004 14.8 0 0.4 0.2 0 0 0 0 0 0 0 0 0 0 0 0 0 0 0 3.6 0 0 0 3.2 4 0 0 0 0 0 0 0 
