 0 20.8 38 18.2 6 51.400000000000006 48 26.6 9.4 41.400000000000006 68.8 11.600000000000001 8 17.2 7.2 48 15.600000000000001 46 12.200000000000001 58.6 0 0.6000000000000001 0.6000000000000001 0.2 0.6000000000000001 0 0 0.8 0 0 1.8 0 0.4 0 0 0.6000000000000001 0 0.6000000000000001 0 0.2 0 0 0 0 0.6000000000000001 0 0.6000000000000001 0.4 0 0 0.4 0.2 0 0.6000000000000001 0 0 0 0 0 0 0.2 0 0 0 0 0 0 0.2 0 0 0.8 0 0.6000000000000001 0.4 0 0.4 0 0 0 0 0.2 2.6 4.2 0 0 0 3.4000000000000004 1.8 9.200000000000001 2 0 0 7.2 0 3.8000000000000003 4.2 2.6 3.6 5.2 9.200000000000001 0 0 0 0 0 0 0 0 0 0.2 0 0 2.8000000000000003 0 0 0.4 0 0.2 2 0 0 0 0 0 0 0 1.4000000000000001 0 2 0 0 0 0 0 0 0 0 0 0.4 0 0 3.2 0 0 0 0 0 0 0 0 0 0 0 0 0 0 0 0 0 0 0 4.2 0 2.4000000000000004 1.6 0 0 3.6 0 4.800000000000001 0 0.6000000000000001 0 4.800000000000001 3.8000000000000003 2.2 3.6 2 2 0 0 0 0 0 0 0 3.6 0 0 0 0 0 0 0 0 0.2 0 0 0 0 0 0 0 0 0 0 0 0 0 0 0 0 0.2 0 0 0 0 0.2 0 0.2 0 0 0 0 0 0 0 0 0 0 0 0 0 0 0 0 0 0 0 0 0 0 0 0 0 0.4 0.2 0 9.200000000000001 0 0 1.2000000000000002 0 0 0 0 0 0 0 0 0 0 0.2 0 0 0 0 0 0 0 0 0 0 0 0 2.6 0 0 0 0 0 0 0 0 0 0.4 0 0 0 0 
 20.8 0 88.60000000000001 13 4 6 28.6 34.800000000000004 45 24.8 7.2 65 18.2 52.6 69.4 34 27.6 80.4 40.2 14.200000000000001 0 0.2 0 0 0.6000000000000001 0 0 14.8 0 0 0.6000000000000001 0 0 0 0 0.4 0.4 0.6000000000000001 0 1 0 0 0 0 1.2000000000000002 0 0 0.4 0 2.6 0.6000000000000001 1.4000000000000001 0.6000000000000001 6.6000000000000005 0 0 0 0 0 0 0.6000000000000001 0 0 0 0 0 0 0.6000000000000001 0 0 0.6000000000000001 0 0.6000000000000001 0.4 0 0.6000000000000001 0 0 0 0 1.4000000000000001 4.4 0 6 3.8000000000000003 0 2.6 3.4000000000000004 5.6000000000000005 5.6000000000000005 2.2 0.2 4.6000000000000005 11.8 1.6 3.4000000000000004 2.4000000000000004 3.4000000000000004 3.4000000000000004 2.4000000000000004 0 0 1.8 0 0 0 3.6 0 0 0 0 0 0 0 0 0 0 0 0.2 0 0 0 0 2.4000000000000004 0 0 0 0 0 0 2.2 0 0 0 0 0 0 0 0 0 0 0 0 0 0 0 0 0 0 0 0 0 0 0 0 0 0 0 0 0 0 6.800000000000001 5 3 0 1 2 7.2 2.6 0 2.6 0 3.8000000000000003 5 4.6000000000000005 4 5.2 2 6 0.2 0 0 0 0 0 0 0 0 0 0 0 0 2.2 0 0 0 0 0 0 3.6 0 0 0 0 0.4 0 0 0 0 0 0 0 0 0 0 0 0.4 0 0 0 0 0 0 0 0 0 0 0 0 0 0 0.4 0 0 0 0 0 0 0 0 0 0 0 0 0 0.4 0.4 0 0 17.6 0.4 2.4000000000000004 0 0 0.4 0 0 0 0 0 0.4 0 0 0 0 0 0 0 0 0 0 0 0 0 0 0 6.4 0.2 0 0 0 0 0 0 0 0 0 0 0 0 
 38 88.60000000000001 0 50.800000000000004 25.400000000000002 8.4 34.2 73.8 50.2 54 23.200000000000003 54.6 12 32.800000000000004 10.8 34.4 15 27.400000000000002 22.6 9 0 0.8 0.4 0 1 0 0 0.6000000000000001 0.4 0 0.6000000000000001 0 0.8 1.6 0 0.8 0 0.6000000000000001 14.600000000000001 0.6000000000000001 0 0 0.4 0 1.6 0.8 0 0.4 0.8 0 0.8 0.8 0.6000000000000001 0.6000000000000001 0 0 1.2000000000000002 0 0 0 0.2 0 0 0 0 5.4 0 0.2 0.6000000000000001 0 0.4 0 1.2000000000000002 0.4 0 0.4 0 0 0.4 0.8 0 3.2 3.6 9.8 6.6000000000000005 7 0 1.4000000000000001 0 7.2 4.2 0.4 0 15 0 0.2 0.2 2.6 2.6 0 2.2 2.8000000000000003 0 0 0 0 5 0 0 0 0 0 4 0 3.2 0 2 0 6.2 4.800000000000001 0 0 0 0 0 0 0 0 0 0 0 0 0 0 3.2 0 0 0 0 0 0 1.8 0 0 0 0 0 0 0 0 0 0 0 0 0 0 0 0 0 0 0 0 1.8 0 0 1.2000000000000002 0 8.8 2 6 3.6 1.6 0 0 6.2 3.2 0 3.8000000000000003 0 0 2 0 0 0 0.4 0 3.8000000000000003 0 0 0 0 0 0.2 0 2 0 0 0 0 5 0 0 0 0.2 0 0 0 0 0 0 0 0 0 0 4.6000000000000005 0 0 0 0 0 0 0 0 0 0 0 5 0 0 0 0 0 3 0 0 2 0.2 0 0 0 0 0 0 0 0 0 0 0 0 0.2 3.2 0.8 1.2000000000000002 0 0 0 0 0 0 0 0 0 0 0 0 0 0 0 0 0 0 0 0 4.2 0 0 4.800000000000001 0 0 0 0 0 0 0 0 0 0 0 0 0 
 18.2 13 50.800000000000004 0 14.600000000000001 24.6 22.6 32.4 31.400000000000002 18.400000000000002 23.400000000000002 48 60.800000000000004 59.2 11.600000000000001 68.4 46.800000000000004 50.6 17.6 11 17.8 0.4 0 0 0.6000000000000001 0 0 0.6000000000000001 0 0 0.6000000000000001 0 15 30 0 0.4 0 0.6000000000000001 15.600000000000001 0.2 0 0 1.8 12.4 0.6000000000000001 7.4 0 0.4 0 0 0.6000000000000001 0 0 0.6000000000000001 0 0 0 0 0 0 0.6000000000000001 0 0 0 0 0 0 0.6000000000000001 0 0 0.6000000000000001 0 0.6000000000000001 0.4 0 0.6000000000000001 0 0 0 0 0 2.6 2 2.8000000000000003 2.6 10.8 0 0 2 1.8 3.2 13.200000000000001 0.4 2.2 2.6 3.2 2.8000000000000003 0 0.4 2 0 0 0 0 0 0 1 0 0 2.4000000000000004 0 0 12 0 0 0.2 0 0 3.8000000000000003 0 0 0 0 0 0 0 2.4000000000000004 0 0 0 0 0 0 0 0 3.4000000000000004 0 0.2 0.4 0 0 1.6 0 0 0 0 0 0 0 1.2000000000000002 0 0 0 0 0 0 0 0 0 0.4 1 0 3.6 0 6.4 0 0 6.2 3.6 3 3.4000000000000004 2.4000000000000004 0 0 0 3.4000000000000004 0 0 0 0 0 5 0 0 0 0 4.2 0.2 0 5.2 0 0 0 0 0 3.6 0 0 1.6 4 0 0 0 0 0 0 0 0 0 0 0 0 0 0 0 0 0 0 0 0 0 0.4 0 0 0 0 0 0 0 0 0 0 0 0 0 0 0 0 0 0 0 3.4000000000000004 0 0 0 0.8 0.4 0 0.6000000000000001 2 2 1.4000000000000001 0.2 0 0 0 0 0 0 0 0 0 0 0 0 0 0 0 0 0 0 0 0 0 0 2.6 0.6000000000000001 0.4 0 0 0 0 0 0 0 0.4 0 0 0 0 
 6 4 25.400000000000002 14.600000000000001 0 31.6 9.8 11.4 30.200000000000003 14.8 60.6 37.6 12.200000000000001 15.8 33.6 17.8 7.6000000000000005 9.600000000000001 15.600000000000001 13.4 0 1.6 14.8 0 0.6000000000000001 0 0.4 0.6000000000000001 0 0 0.6000000000000001 0 0.6000000000000001 0.2 0 0.6000000000000001 0 0.6000000000000001 44.800000000000004 17.400000000000002 0 0 0 0 0.6000000000000001 0 0 0.4 0 0 0.4 2.2 0 0.6000000000000001 0 0 0 0 0 0.2 0 6.4 0 0 0 0 0.4 0 0 0 0.2 0 0.6000000000000001 0.4 0 0.2 0 0 0 0 0 0 2 2.2 4.6000000000000005 4.2 0 0 0 3.6 0 3.2 0 0 6.800000000000001 6 0 0 0 0 8.6 5.6000000000000005 0.8 0 0 0 1.2000000000000002 2.8000000000000003 0 1.2000000000000002 2 0.2 3.8000000000000003 6 6 0 3.2 0 13.600000000000001 0 0 0 0 0 0 0 0 0 0 0 0 0 0 0 0 0 0 0 0 0 0 0 0 0 0 0 0 0 0 0 0 0 0 0 0 0.2 3 0 0 0 2.4000000000000004 0 0.2 0 0 0 0 0 0 2 2.6 2 0 0 3.2 2.8000000000000003 0.2 2 0 0 11.4 3.6 0 0 0 0 0 2.2 4.6000000000000005 1.8 2 0 2 0 0 2.8000000000000003 0 0 5.2 6.6000000000000005 0 0 0 0 0 0 0 0 0 0 0 4.6000000000000005 0 0 0 0 0 0 1.2000000000000002 0 0 0 0 0 0 0 0 0 0 0 0 0 0 0 0 0 0 0 0 0 0 0 0 0 0 0.4 18 0 0 0.6000000000000001 0 2.4000000000000004 2.4000000000000004 0 0.2 0 0 0 0 0 0 0 0 0 0 0 0 0 0 0 0 0 0 0 0 0 0 0 0 0 0 0 0 0 0 0 0 0 0 0 
 51.400000000000006 6 8.4 24.6 31.6 0 6.4 7.6000000000000005 7.6000000000000005 28 14.8 12.600000000000001 6.6000000000000005 12.8 10 37 11.4 45.800000000000004 15.4 48.400000000000006 12 15 14.600000000000001 0.4 0.6000000000000001 0 0 5.800000000000001 15.4 14.8 15.600000000000001 0.4 13.8 7.4 6.800000000000001 0.6000000000000001 0.4 8.6 32 19.8 0 0 0 0 0.6000000000000001 0 0 0.4 0 0 0.6000000000000001 1.6 0 0.6000000000000001 0 0 0 0 0 0 0.6000000000000001 0 0 0 0 0 0 0.4 0 0 0.6000000000000001 1 0.6000000000000001 0.4 0 0.6000000000000001 0 0 0 0 0 0 4 4.6000000000000005 3 0 0 0 0 0 1.4000000000000001 0 0 0.2 0 0 0 0 0 0 7.800000000000001 8 0 4.2 0 0 4.4 8.4 0.2 3.8000000000000003 0 0 4 8.8 0 0 6.800000000000001 0.4 3 5 0 0 0 0 0.4 0 0 0 0 0 0 0 0 0.4 0 0 0 0 0 0 0 0 0 0 0 0 0 0 0 0 0 0 0 1 0.4 0.8 0 0 0 0 0.4 1.4000000000000001 0.8 0 3 3.2 0 0 0 0 0 2.2 0 0 0 0 0 0 0 0 6.6000000000000005 5.6000000000000005 0 0 0 1.2000000000000002 0 1.2000000000000002 3.6 3.8000000000000003 2.2 0.4 2.6 4 5.2 6 2 0 9.200000000000001 1.2000000000000002 0.4 0 0.4 0 0 0 0 0 0.2 0 0 0 0 0 0 0 0 0 0 0 0.4 0 0 0 0 0 0 0 0 0 0 0 0 0 0 0 0 0 0 0 0 0 0 0 0 0 0.4 0 0.8 18.6 0 0.8 0 0 0 0 0 0 0 0 1.2000000000000002 0 0 0 0 0 2.6 0 0 0 0 0 0 0 0 1.8 0 0 0 0 0 1.4000000000000001 0 0 0 0 0 0 0 0 
 48 28.6 34.2 22.6 9.8 6.4 0 115.2 33.4 26 24.200000000000003 54.6 43.6 31 26 49 28.200000000000003 61.2 50.800000000000004 136.4 0.4 0.4 0 0.2 1.4000000000000001 0 0 0.6000000000000001 0 0 0.6000000000000001 0 0 0 0.4 0.6000000000000001 0 0.6000000000000001 0 0.6000000000000001 0 0.4 0 0 0.8 0 0 0.4 0 0 0.4 0 0 0.6000000000000001 0.4 0 0.4 0 0 0 0.6000000000000001 0.6000000000000001 0 0 0 0 0 0.6000000000000001 0 0 0.6000000000000001 0 0.6000000000000001 0.4 0 0.6000000000000001 0 0 0 0 7.4 4 2.8000000000000003 2.4000000000000004 0 0 5.6000000000000005 2.4000000000000004 5 2.4000000000000004 0 0 2.4000000000000004 0 4.4 0 6.800000000000001 7.4 7.4 9.200000000000001 0 0 0 0 0 0 0 0 0 0 0 0 0.2 0 0 0 0 0 0 1.8 0 0 0 0 0 0 1 0 0.2 0 0 0 0 0 0 0 0 0 0 0.4 0 0 0.2 0 0.2 0 0 0 0 0 0 0 0 0 0 0 0 0 0 0 2.8000000000000003 8.8 0.8 1.2000000000000002 4.2 0 2.4000000000000004 0.2 6.4 0.2 0 0 0 3.6 2.4000000000000004 2 6.2 0.2 6.2 1.8 0 0 0.2 0 0 0 0 0 0 0 0.4 0 0 0.4 0 0 0 0 0 0 0 0 0 0 0.2 0 0 0 0 0 0 0 0 0 0 0 0.2 0 0 0 0 0 0 0 0 0 0 0.2 0 0 0 0 0.2 0 0.2 0 0 1.4000000000000001 2.8000000000000003 0 0 0 0 0 0 0.8 0.2 0 18.400000000000002 0 0.4 0.6000000000000001 0 0 0 0 0 0 0.4 0 0 0 0 0.4 0 0 0.2 0 0 0 0 0 0 0 0 0 0 0 0 0 0 0 0 0 0 0 0 0 0 0 
 26.6 34.800000000000004 73.8 32.4 11.4 7.6000000000000005 115.2 0 29.6 48 18.6 64.2 108.2 49.6 29.8 54 6.4 40 54.800000000000004 26.6 0 7.800000000000001 0 16.2 0.6000000000000001 0 0 0.6000000000000001 0 0 0.6000000000000001 0 0 0.4 0 0.4 0 0.6000000000000001 0.2 0.4 0 0 0 0 0.6000000000000001 0 1.6 0.4 0.4 0 0.6000000000000001 0 0 0.6000000000000001 0 0 0 0 0 0 0.6000000000000001 0 0 0 0 0 0 0.4 0 0 0.6000000000000001 0 0.6000000000000001 0.4 0 0.6000000000000001 0 0 0 0 3.2 5.4 3.2 2.4000000000000004 0.2 2.2 2.4000000000000004 2 2.4000000000000004 3.2 2.6 0 2.4000000000000004 4 1.8 11.200000000000001 7.6000000000000005 2 8 0 0 0 0 0 0 0 1.6 3.2 0 0 0 0 2 0 0 0 0 0 0 1.4000000000000001 0 0 0 3.8000000000000003 0 0 0.6000000000000001 0 0 0 0 0 0 0 0 0 0 0 0 0 0 0 0 0 0 0 0 0 0 0 0 0 0 0 0 0 0 0 0 0 2.6 8.8 9.600000000000001 0 0 0 2.8000000000000003 6.2 11.8 2 0 1.8 0 2.6 0 2.6 12.200000000000001 0.2 4.4 2.2 0 0 0 0 0.4 0 0 0 0 0 0 0 0 0 0 0 0 0 0 0 0 0 0 0 0 0 0.2 0 0 0 0 0 0 0 0.4 0 0 0 0 0 0 0 0 0 0 0 0 0 0 0 0 0 0 0 0 0 0 0 0 0 0 0 0 0 0 0.4 0.4 0 0.2 0.8 3 0.4 0 0.4 0 0 0 0 0 0 0 0 0 0 0 0 0 0 0 0 0 0 0 0 0 0 4.4 0.2 0 0 0 0 0 0 0 0 0 0 0 0 
 9.4 45 50.2 31.400000000000002 30.200000000000003 7.6000000000000005 33.4 29.6 0 53.6 48.400000000000006 9 19.6 23 18.6 52.400000000000006 22.8 60.800000000000004 25 28.6 0.4 0.2 0.2 0 0.6000000000000001 0 0 0.6000000000000001 0.2 0 0.6000000000000001 0 0 0.2 0 15.200000000000001 0 0.6000000000000001 0.4 0.4 0 0 0 0 0.6000000000000001 0 0 0.4 0 0 0.6000000000000001 0.8 0 0.6000000000000001 0 0 0 0 0 0 0.6000000000000001 0 0 0 0 0 0 0.4 0 0 0.6000000000000001 0 0.6000000000000001 0.4 0 0.6000000000000001 0 0.4 0 0 2 0 11.4 7.800000000000001 0 0 0 1.4000000000000001 2.6 18.2 1.8 0 2.6 5 6 2.2 0 3.6 3.8000000000000003 0 2.2 2.6 0 0 0 0 3 0 0 0 0 0 0.2 1.4000000000000001 0 0 0 0 0 3.4000000000000004 0 0 0 0 0 0 1.4000000000000001 0 0 0 0 0 0 0 0 0 0 0 0 0 0 0 0 0 0 0 0 0 0 0 0 0 0 0 0 0 0.2 0 0 0 1.2000000000000002 5.2 0.4 2.8000000000000003 2.6 1.2000000000000002 0 3.4000000000000004 4.2 0.2 0 0 0 0 4.6000000000000005 0 2.2 2 3.6 0 2 0 0 0 0.4 0 0.8 0 0 0 0 0 0 0 2.6 0 0 0 0 3.8000000000000003 0 0 0 0 0 0 0.2 0 0 0 0 0 0 0 0.4 0.2 0 0 0 0 0 0 0 0 0.2 0.4 0 0 0 0 0 0 0 0 0 0 0 0 0 0 0 0 0 0 0 0 0.2 0 9.200000000000001 0 0.4 0 1.6 0 0 0 0 0 0 0 0 0 0 0 0 0 0.4 0 0 0 0 0 0 0 0 0 0 0 0 0 0 0 0 0 0 0 0 0 0 0 
 41.400000000000006 24.8 54 18.400000000000002 14.8 28 26 48 53.6 0 35.6 89 27.400000000000002 29.400000000000002 16.400000000000002 67.2 53 23.400000000000002 106.60000000000001 57.400000000000006 0 0.4 0 0 0.6000000000000001 0 0 0.6000000000000001 3.2 0 0.6000000000000001 0 14.8 18 0 0.6000000000000001 0 0.6000000000000001 0 0.2 0 0 0 0 0.6000000000000001 0 0 0.4 0 0 0.4 0 0 0.6000000000000001 0 0 0 0 0 0 0.2 0.2 0 0 0 0 0.6000000000000001 0.6000000000000001 0.4 0 0.2 0 1 0.4 0.6000000000000001 1.2000000000000002 0 0 0.2 0.2 3.4000000000000004 6 0 9 0 0 2.6 0 5.2 5.2 7.800000000000001 0 0 3.6 2.8000000000000003 4.6000000000000005 1.8 3.2 3.8000000000000003 0 1 2 0 0 0 0 0 0 0 0 0 0 0 0 0 0 0 0 0 2.4000000000000004 0 0 0 0 0 0 0 0 0 0 0 0 0 0 0 0 0 0 0 0 0.2 0 0 1.8 0 0 2.8000000000000003 0 0 0 0 0 0 0.4 0 0 0 0 0 0 0 2.2 2.4000000000000004 3.2 6.6000000000000005 0 0 0 2 0 2.6 0 0 5.800000000000001 5.6000000000000005 0 4.4 0 0 2.4000000000000004 0.8 0 0 0 0 0 0.4 0.2 0 0 0 0 0 0 0.4 0 0 0 0.8 3 0 0 0 0 0 0 0 0 0 0 0 0.2 0 0 0 0 0 0 0 0 0 0 0 0.2 0 0 0 0 0 0 0 0 0 0.4 0 0 0 0 0 0 0 0 0 0 0.4 0.6000000000000001 0.2 0 17.400000000000002 0.2 0 1.2000000000000002 0 0.4 0 0 0 0 0.4 0 0 0 0 2 0 0 0 0 0 0 0 0 0 0 0 0 3.4000000000000004 0 0 0 0 0 0 0 0 0 0 0 0 0 
 68.8 7.2 23.200000000000003 23.400000000000002 60.6 14.8 24.200000000000003 18.6 48.400000000000006 35.6 0 55.400000000000006 7.800000000000001 10.600000000000001 9.8 39 96.2 58.800000000000004 50 58.6 0.4 0.4 0 0 15.600000000000001 0 0 0.6000000000000001 0 0 0.6000000000000001 0 0 0 0 0.6000000000000001 0 1 0 0.2 0 0 0 0 0.6000000000000001 0 0 0.4 0 0 0.4 0 0 0.6000000000000001 0 0 0 0 0.4 0 0.2 0 0 0 0 0 0 0.2 0 0 0.4 0 0.6000000000000001 0.4 0 0.4 0 0 0 4.6000000000000005 2 5 8.4 2.6 0 0.2 0 0 9.600000000000001 14 0 2.8000000000000003 0.2 3 11.200000000000001 10 3.8000000000000003 2.2 0 2.4000000000000004 0 0 0 0 0 0 0 0 0 0 0 0 5.6000000000000005 0 0 0 0 0 0.2 0 0 0 0 0 0 0 2.6 0 0 0 0.4 0 0 0 0 0 0 2 0 0.2 0 0 0.4 0.2 0.4 0 0 0 0 0 0 0 0 0 0 0 0 0 0 0 3.4000000000000004 3.6 5 2 3 2 0 4 3.6 4.6000000000000005 2.8000000000000003 0.2 0 0.2 2.6 0 2.6 2.6 0 0.8 0 0 0.4 0.2 0 0 2 0 0 0 0.2 0 0 0.4 0 0 0 0 0 0 0 0 0 0 0.4 0 0 0 0 0 0 0 0 0 0 0 0.4 0 0 0 0 0 0 0 0 0 0 0 0 0 0 0 0.4 0 0.2 0 0 0 0 0 0 0 0 0 0 0 31 0.2 11.8 0.2 0 2.4000000000000004 2 0 0 0 0 0 0 0 0 0 1.2000000000000002 0 0 0 0.4 0 0 0 0 0 0 0 0 2.8000000000000003 0 3.6 0 0 0 0 0 0 0 0 0 0 0 0 
 11.600000000000001 65 54.6 48 37.6 12.600000000000001 54.6 64.2 9 89 55.400000000000006 0 58.2 8.4 26 24.8 20.200000000000003 48.6 49.800000000000004 12 0 0.6000000000000001 0 1.4000000000000001 0.6000000000000001 0 0 0.4 0 0 0.6000000000000001 0 6.800000000000001 4.6000000000000005 0 0.6000000000000001 0 0.8 14.8 0.4 0 0 0 0 1 0 0 0.4 0 0.6000000000000001 0.4 0 0.4 0.4 0 12.4 0 0 0 1.8 0 0 0 0 0 0 0 0 0 0 0 0 0.4 0.4 0 0 0 0 0 0 2.2 5.4 0 5.6000000000000005 6.4 3.4000000000000004 0 0 1.8 1.8 1.6 8.4 0 1.8 4 6.800000000000001 1.8 4 0.2 0 6.800000000000001 2.6 0 0 0 0 0 0 0 0 0 3.2 1.4000000000000001 4.4 0 0 0 0 7.4 2.8000000000000003 0 0 0 0 0 0 0 0 0 0 0 0 0 0 0 0 0 2.6 0 0 0 0 0 0 0 0.2 0 0 0 0 0 0 0 0 0 0.2 0 0 0 0 0 2.8000000000000003 0 0 4.2 0 0 2.8000000000000003 3.4000000000000004 0.2 0.6000000000000001 0.2 0 0 3.6 2 1.8 0 0 0 2 0 0 0 0 5.6000000000000005 0 0 0 0.2 0 0.2 2.4000000000000004 0 2 4.2 0.2 0 3 8.200000000000001 0 0 0 0 0 0 0 0 0 0 0 0 0 0 0 0 0 0 0 0 0 0.4 0 0 0.8 0 0 0 0 0.2 0 0.8 0 0 0 0 0.4 0 0 0 0 0 0 0 0 0.4 1.2000000000000002 0 0 17.400000000000002 0 2.2 0 0.2 0 0 0 0 0 0 0 0 0 0 0 0 0 0 0 0 0 0 0 0 0 2.8000000000000003 8.8 2 0 0 0 0 0 0 0 0 0 0 0 1.6 
 8 18.2 12 60.800000000000004 12.200000000000001 6.6000000000000005 43.6 108.2 19.6 27.400000000000002 7.800000000000001 58.2 0 34 71.60000000000001 6.6000000000000005 5.6000000000000005 23.400000000000002 23.200000000000003 16.2 0 0.8 0 0.2 0.8 0.4 0 0.4 0 0 0.6000000000000001 0 0.4 0.4 0 1 0 0.6000000000000001 0 0.8 0 0 0 0 1.4000000000000001 0.4 0 0.4 1 0 0.6000000000000001 0.2 0 0.4 0 0 0.6000000000000001 0 0 0.4 0 0 0 0 0 0 0 0 0 0 0 0 0.4 0.6000000000000001 0 0 0 0 0 0.4 7.6000000000000005 6.6000000000000005 0 0 3.6 0 4.800000000000001 1 2.6 10 0 0.4 2.4000000000000004 5.2 0 15.200000000000001 5.6000000000000005 3.8000000000000003 5 0.2 0 0 0 0 0 0 2.8000000000000003 0 0 0 0 0 1.8 0 0 0 0 0 0 0 0 0 0 4.6000000000000005 0 0 0 0 0.4 0 0.4 0 0 0 0 0 0 2.2 0 0 0 0 0.4 0 0.4 0 0 0 0 0 0 0 0 0 0 0 0 0 0 0 5.6000000000000005 6.6000000000000005 0.8 0 0 0 6 4.6000000000000005 5.800000000000001 0 0.2 0 3 0 0 0.4 9.8 0 0 2 0 0 0.4 0 0 0 1 0.2 0 0 0 0 2 0.2 0 0 0 0 5.6000000000000005 0 0 0 0 0 0 5.6000000000000005 0 0 0 2.8000000000000003 0 0 0 0 0 0 0.2 0 0 0 0 0 0 0 0 0 0 3.2 0 0 0 0 0.4 0 0.4 0 0 2 0 0 0 0 0 0 0 0.4 8.6 0 0.2 18.8 0 0 0 0 0 0 0 0 0 0 0 0 0 0 0 0 0.4 0 0 0 0 0 0 0 0 5.800000000000001 2.2 2.2 0 0 0 0 0 0 0 0 0 0 0 0 
 17.2 52.6 32.800000000000004 59.2 15.8 12.8 31 49.6 23 29.400000000000002 10.600000000000001 8.4 34 0 36 5.2 9.600000000000001 6.4 29.6 22.200000000000003 0 0.6000000000000001 0 0.2 1 0.4 0.6000000000000001 1.4000000000000001 0 0 0.6000000000000001 0 0 0 0.6000000000000001 1 0 1 0.4 1.2000000000000002 0 0 0 0 1.8 0 0 0.4 0 0 0.8 0.4 0 0.6000000000000001 0 0.4 0.4 0.4 0 6 6.800000000000001 0 0 0 0 0 0 0 0.2 0 0 0 0.6000000000000001 0.4 0 0.4 0 0 0 0 2.2 5.6000000000000005 0.4 2 0 0 0 0 2.4000000000000004 0 0 0.2 6 0.2 2.8000000000000003 6 3.2 0 2.8000000000000003 2.2 0 0 0 0 0 0 0 0 0 0.2 0 0 1.4000000000000001 0 0.6000000000000001 0.4 0 0 0 0 0 0 0 0 0 0 0 0 0 0 0 0 0 0 0 0 0 0 0.4 0 0 1 0 0 0 0 0 0 0 0 0 0 0 0 3 0 0 0 0 0.4 6.4 4.6000000000000005 0.6000000000000001 0 0 0 6.4 6.800000000000001 1.4000000000000001 3.8000000000000003 0.6000000000000001 2.2 0 0 0 6 0.4 2 3.4000000000000004 2 0 0 0 0 0 0 5.800000000000001 0 0 0 0 0 0 0 0 0.2 0 0 0 0 0 0 0 0 0 0 0.4 0 0 0 0 0 0 0 0 0 0 0.2 0 0 0 0 0 0 0 0 0 0 0 0 0 0 0 0 0 0 0 0 0 0 0 0.2 0 0 0 0 17.8 0 0.4 0 0.4 0 0 0 0 0 0 0.2 0 0 0 0 0 0 0 0 0 0 0 0 0 0 0 0 0 3.2 3 0 0 0 0 0 0 0 0 0.4 0 0 0 0 
 7.2 69.4 10.8 11.600000000000001 33.6 10 26 29.8 18.6 16.400000000000002 9.8 26 71.60000000000001 36 0 52.6 92.60000000000001 25.6 37.2 40.2 40.6 0.6000000000000001 0 0 0.6000000000000001 0 0 1 0 0.4 0.6000000000000001 0 0 0 0.2 0.6000000000000001 0 0.6000000000000001 0 0.4 0 0 0 0 0.6000000000000001 0 0 13 0 0 0.4 0.8 0 0.6000000000000001 12.8 0 0 0 0 0 0.4 0 0 0 0 0 0 0.2 0 0 0.4 0 0.6000000000000001 0.4 0 0.4 0 0 0 0 3.2 4.800000000000001 2 0.6000000000000001 2.4000000000000004 2.6 6.800000000000001 16.6 5.2 0.6000000000000001 4.2 3.8000000000000003 0.4 3.8000000000000003 0 3.6 3.2 6 0.4 0 0 0.2 0 0 0 0 2.8000000000000003 0 0 0 0 0 2.6 1.4000000000000001 0 0 0 0 0 5.800000000000001 0 10.8 0 0 0 0 1.4000000000000001 0 0 0 0 0 0.4 0 0 0 2.6 0 0.4 0 0 0 0 0 0 0 0 0 0 0 0 0 0 0 0 0 0 0 0 0.4 4.800000000000001 0 0 11.4 0.2 1.4000000000000001 2.6 12.200000000000001 0 0 0 5 3.4000000000000004 5.2 1.8 4.800000000000001 2.2 4.2 0.2 1.6 0 0 0 0.4 0 0 1.8 0 0 0 2 0 1.2000000000000002 0 0 0.2 0 0 0 0.2 0 0 0 0 0 0 1.2000000000000002 0 0 0 0 0 0 0 0 0 0 0 0 0 0 0.4 1.8 0 0 0 0 0 0 0 0 0 0 0 0 0 0 0 0 0 0 0.2 0 0 0 0.4 0.2 0 0.4 9.200000000000001 1.4000000000000001 1.2000000000000002 0.2 0 0 0 0 0 0 0 0 0 0 0 0 0 0 0 0 0 0 0 0 0 0 0 0 0 0 0 0 0 0 0 0 0.4 0 0 0 0 
 48 34 34.4 68.4 17.8 37 49 54 52.400000000000006 67.2 39 24.8 6.6000000000000005 5.2 52.6 0 61.800000000000004 32 29.200000000000003 13.600000000000001 0.6000000000000001 0.8 0 0 0.6000000000000001 0.4 0 0.8 0 0 0.6000000000000001 0 14.600000000000001 17.400000000000002 0.2 0.6000000000000001 0 0.6000000000000001 0 0.2 0 0 0 0 1.2000000000000002 0 0 0.4 0 0 0.4 12.8 0 1.2000000000000002 0 0 0 0 0 0 0.4 0 10.200000000000001 0 0 0 0 0.2 0 0 1 0 0.6000000000000001 0.4 0 1.4000000000000001 0 0 0 0 0.2 2.6 2.8000000000000003 6.6000000000000005 0 0 2.8000000000000003 8 2 6.4 3.8000000000000003 0 5.4 5 2 4.2 2.2 0 0.2 1.8 1.4000000000000001 2 0 0 0 0 0 0 0 0 0 0 0 8.200000000000001 0 0 0.2 0 0 3 0 0 0 0 0 0 0 0 0 0 0 0 0 0 0 0 3 0 2.6 0 0 0 0 0 0 0 0 0 0 0 0 0 0 0 0 0 0 0 0 0 4 0.2 5 6.2 2.6 0 3.2 2.4000000000000004 0 0 2 0 2.4000000000000004 4 5.800000000000001 0 4 0 2.8000000000000003 3 0.6000000000000001 0 0 0 0 0 0 0 0 0 0 0 0.2 0 0.4 0.2 0 0 0.2 3 0 0 0 0 0 0 0 0 0 0 0 0.2 0 0 0 0 0 0 0 0 0 0 0 0 0 0 0 0 0 0 0 0 0 0 0 0 0 0 0 0 0 0 0 0 0 0.8 0 0 0.2 0.4 0 1.6 0 0 0 0 0 0 0 0 0 0 0 0 0 0 0 0 0 0 0 0 0 0 0 0 0 0 0 0 0 0 0 0 0 0 0 0 0 0 
 15.600000000000001 27.6 15 46.800000000000004 7.6000000000000005 11.4 28.200000000000003 6.4 22.8 53 96.2 20.200000000000003 5.6000000000000005 9.600000000000001 92.60000000000001 61.800000000000004 0 58.400000000000006 27.400000000000002 12 0 0.4 0 0 0.6000000000000001 0 0.4 0.6000000000000001 0 0 0.6000000000000001 0 6.4 2.6 0 0.8 0 1.6 0 0.4 0 0 0 0 0.6000000000000001 0 0 0.4 0 0 0.6000000000000001 0 0 0.6000000000000001 0 0 0 0 0 0 0.8 0 0 0 0 0 0 0.4 0 0 0.6000000000000001 0.6000000000000001 0.6000000000000001 0.4 0 10.8 0 0 0 0 0.2 3.6 11.8 6.4 3.6 0 2.2 4.6000000000000005 3.4000000000000004 2.8000000000000003 4.800000000000001 1.6 5.4 1.4000000000000001 2.6 3.8000000000000003 2 12.4 0.6000000000000001 0 3.4000000000000004 2.6 0 0 0 0 0 0 0 0 0 0 0 0 0 0 0 0 2.8000000000000003 7.800000000000001 0 0 0 0 0 0 2 0 0 0 0 0 0.2 0 0 0 0 0 0.2 0 0 0 0 4.4 0 0 0 0 0 0 0 0 0 0 0 0 0 0 0 0.2 0 0 0 5.2 5.6000000000000005 0 0 0.8 0 0 0 0 3.2 3 0 0 0 2.2 4.2 3.8000000000000003 1.8 0 0 0.2 0 0 2.4000000000000004 0 0 0 0 0 2 0 1.8 0.4 0 0 2.2 2 0 0 0 0 0 0 0 0 0 0 0 0 0 0 0 0 0 0 0 0 0 0 0 0 0 0 0 0 0 0 0 0 0 0 0 0 0 0 0 0 0 0.4 0.2 0 0 0 0 0.4 1 16.8 0.4 3.4000000000000004 0.2 0 0 0 0 0 0 0 0 0 0 0 0 0 0 0 0 0 0 0 0 0 0 0 0 0 0 0 0 0 0 0 0 0.2 0 0 0 0 
 46 80.4 27.400000000000002 50.6 9.600000000000001 45.800000000000004 61.2 40 60.800000000000004 23.400000000000002 58.800000000000004 48.6 23.400000000000002 6.4 25.6 32 58.400000000000006 0 26.200000000000003 35.800000000000004 0 0.4 15 0.2 0.6000000000000001 0 0.2 0.6000000000000001 0 0 0.6000000000000001 0 0 0 0 1 0 0.8 0.4 0.4 0 0 0 0 0.6000000000000001 0 0 0.4 0 0 0.4 0 0 0.6000000000000001 0 0 0 0 0 0 0.4 0 0 0 0 0 0 0.2 0 0 0.4 0 0.6000000000000001 0.4 0 0.4 0 0 0 0 4.800000000000001 6 4.800000000000001 2.6 3.6 0.2 0 0.2 5.800000000000001 6.800000000000001 0 0 0 1.6 10 5.800000000000001 5 11.4 3.2 2.6 0 0 0 0 0 0 0 0 0 0 0 0 0 0 0 0 0 0 0 0.2 0 0 0 0 0 0 0 0 0 0 3.2 0 0.4 0 0 0 0 4.2 0 0 0 0 0 0 0 0 3.4000000000000004 0 0 0 0 0.4 0 0 0 0 0 0 0 0 0 5.4 8 1 4.6000000000000005 0 0 0 2.4000000000000004 0 8.200000000000001 0 0 3.6 16.400000000000002 0 3.6 0.4 2.2 2.2 0 0 0 0 0 0 0.2 0 0 0 0 0 3.4000000000000004 0 0 0.2 0 0.2 0 0 0 0 0 0 0 0 0 0 0 0 0 0 0 0 0 0 0 0 0 0 0 0 0 0 0 0 0 0 0 0 0 0 0 0 0 0.2 0 0 0 0 0 0 3.4000000000000004 0 0 0.4 16.8 0 17.2 17.6 0.6000000000000001 0.8 2.8000000000000003 0 0 0 0 0 0 0 0 0 1.4000000000000001 0 0 0 0 0 0 0 0 0 0 0 0 0 2.8000000000000003 2.8000000000000003 0 0 0 0 0 0 0 0 0 0 0 0 
 12.200000000000001 40.2 22.6 17.6 15.600000000000001 15.4 50.800000000000004 54.800000000000004 25 106.60000000000001 50 49.800000000000004 23.200000000000003 29.6 37.2 29.200000000000003 27.400000000000002 26.200000000000003 0 25.400000000000002 0.6000000000000001 6.6000000000000005 0 0 0.6000000000000001 0 0 0.6000000000000001 0 0.4 0.6000000000000001 0 0.2 0.4 15.4 0.6000000000000001 7 0.6000000000000001 0 0 0 0 0 0 0.6000000000000001 0 2.4000000000000004 0.4 0.2 0 0.4 0 0 0.6000000000000001 0 0 0 0 0 0 0.4 0 9.8 0 0 0.2 0.2 0.2 0 0 0.4 0 0.6000000000000001 0.4 0 0.4 0 0 0 0 0 4 1.8 0 0 0 7 3.8000000000000003 2 1.8 3.6 0 3.6 3.6 2 4 0.6000000000000001 0 10.200000000000001 4.800000000000001 0 0 0 0 0 0 0 0 0 0 0 0 0 0 0 0 0 0 0 0 0 0 0 0 0 0 0 0 0.2 0 0 0.2 0 0 0 0 0.2 0 0 0 0.4 0 0.2 0 0.2 0 0 0 0 0 0 0 0 0.2 0 0 0 0.4 0 0 0.2 0.6000000000000001 2.8000000000000003 4.6000000000000005 0 0 3.8000000000000003 1.8 1.2000000000000002 0 3.8000000000000003 0 10 5.2 6.800000000000001 0 8.4 0 0 0 0.4 0 0 0 0 0 0 0.4 0 0 0 0 0 0 0 0 0 0 0 12 0 0 0 0 0 0 0 0 0 0 0 0 0 0 0 0 0 0 0 0 0 0 0 0 0 0 0 0.2 0 0 0 0 0.2 0.2 0.2 0 0 0 0 0 0 0 0 0 0 0.8 0.2 0.2 0.6000000000000001 0 0.8 0.8 0 0.2 0 0 0 0 0 0.4 14.8 0 0 0 0 0 0.2 0 0 0 0 0 0 0 0 0 1.8 0 0 0 0 0 0 0 0 0 0 0 0 0 
 58.6 14.200000000000001 9 11 13.4 48.400000000000006 136.4 26.6 28.6 57.400000000000006 58.6 12 16.2 22.200000000000003 40.2 13.600000000000001 12 35.800000000000004 25.400000000000002 0 0 0.2 0 0 0.6000000000000001 0 0 0.6000000000000001 0.4 0.2 0.6000000000000001 0 0 0 0 0.4 0 0.6000000000000001 0 0.4 0 0.4 0 0 0.6000000000000001 0 9.8 0.6000000000000001 0 0 0.6000000000000001 0 0 0.6000000000000001 12.8 0 0 0 0 0 0.6000000000000001 0 0 0 0 0 0 0.6000000000000001 0 0 0.6000000000000001 0 0.6000000000000001 0.4 0.2 0.6000000000000001 0.2 0 0 0 2 3.6 9.4 0 0 0 4.4 0 5.2 2.4000000000000004 0 0 2 0 6 5.2 5.4 4.2 0.6000000000000001 10.600000000000001 0 0 0 0 0 0 0 0 0 0 0 0 0 0 0 0.2 0.2 0 0 0 0 0 0 0 0 0 2 0 0 0 0 0 0 0 0 0 2.6 0 0 0 0 0 0 0 0 0 0 0 0 0 0 0 0 0 0 0 0.4 0.6000000000000001 0 0 4.4 5.800000000000001 4.2 2.4000000000000004 4.2 0 4.6000000000000005 0 1.6 3.4000000000000004 2.2 1 0 2.6 4.2 0 0.4 2.6 2.6 10 0 0 0 0 0 0 0 0 0 0 0 0 0 0 0 0 0 0 0 0 0 0 0 0 0 0 0 0 0 0 0 0 0.2 0 0 0.4 0 0.2 0 0.2 0 0 0 0 0 0.2 0 0 0 0 0 0 0 0 0 0 0 0 0 0.4 0 0 0 0 0 0 0.4 0 1 0 0.2 1.8 0 0 0 0 0 0 0 0 0 0 2 0 0 0 0 0 0 0 0 0 0 0 0 0 0 0 0 0 0 0 0 0 0 0 0 0 0 0 
 0 0 0 17.8 0 12 0.4 0 0.4 0 0.4 0 0 0 40.6 0.6000000000000001 0 0 0.6000000000000001 0 0 52.6 66 18.6 9.200000000000001 6 79.4 130.20000000000002 36 38.400000000000006 41.400000000000006 26 16.400000000000002 17 118.4 12 24.200000000000003 37.4 11.8 16.400000000000002 0.6000000000000001 0.6000000000000001 2.4000000000000004 0.4 0 0.4 0 0 0 0.4 0 0 0 0 0 0 0 0 0.2 0 1.4000000000000001 0 0.4 0 0 0 0.4 0.4 0 0.2 0 0.6000000000000001 0 0 0 0.2 0 0.4 1.2000000000000002 0 0 0 0 0 0.6000000000000001 0 0 2 0 0 0 0 0 0 0 0 0.4 0 0 0 0 2.2 2.8000000000000003 4 0.8 2.4000000000000004 2.4000000000000004 3.4000000000000004 8.200000000000001 0 3.6 2.6 6.4 0 0.4 3 3.4000000000000004 10 3.8000000000000003 1.6 0 0 0 0 0 0 5 0 0 0 0 0 0 0 0 2.4000000000000004 0 0 3 4.4 0 0 0 0 0 0 0 0 0 0 0 0 0 0.4 0 0 0 0 0 0 0.4 0 0 0.2 0.2 0 0 0 0 0 0 0 0 0 0.4 0 0 0 0 0 0 5.6000000000000005 0 0 3.8000000000000003 0.2 0.2 0.2 0 9.600000000000001 2 1.8 1.4000000000000001 0 9.600000000000001 3 0.8 2.2 5.6000000000000005 0.4 0 0 0 0 0 0 0 0 0 0.4 0 0 2.2 0 0 0 0 1.8 10.200000000000001 4 0 0 0 0 0 0 0 0.4 0 0 0 0 0 0 0 0 0 0.2 0 0 0 2.4000000000000004 0 0 0.6000000000000001 0 0 0 0 0 0 0 0 0 4.2 0.4 0 0.4 0 0 0.4 5.4 0 0 0 0 0 0 0 0 11.200000000000001 0 0 0 0 0 0 0.2 0 0 0 0 0 0 0 0 0 0 0 0 
 0.6000000000000001 0.2 0.8 0.4 1.6 15 0.4 7.800000000000001 0.2 0.4 0.4 0.6000000000000001 0.8 0.6000000000000001 0.6000000000000001 0.8 0.4 0.4 6.6000000000000005 0.2 52.6 0 31.8 43.6 22.6 5.6000000000000005 49.800000000000004 132.4 26.400000000000002 87 21 20.200000000000003 46.6 25.8 80 133.4 21 45.6 8.8 44.6 0.6000000000000001 0.6000000000000001 0 0.6000000000000001 0 3.8000000000000003 0 0 0 0 0 0 0 0 0 0 0 0 0 0 0.6000000000000001 0 0.4 0 0 0.2 6.800000000000001 1.2000000000000002 0 0.2 0 0.6000000000000001 0 0 0 0 0 0 0 0 0 2.8000000000000003 0 0 0 2.6 0 0 0 0 0 0 0.2 0 0 0 0.2 0 0 0 2.6 4.6000000000000005 2.4000000000000004 3.8000000000000003 3.4000000000000004 1.8 0 0 6.800000000000001 8.200000000000001 3.2 0 0 0 4.2 4.4 4.800000000000001 6.800000000000001 2 0 5 0 0 0 0 0 5.6000000000000005 0 0 0 0 0 1.8 0 1.4000000000000001 0 0 0 1.8 0 0 0 0 0 0.4 0 0 0 0 0 0 0 0 0 0 0 0 0 0 0 0 0 0 0 0 0.2 0 0 0 0 0 0 0 0 0.6000000000000001 0 0.4 0 0 0 6.800000000000001 3.4000000000000004 2.4000000000000004 2.4000000000000004 0 0 4.4 6.6000000000000005 7.800000000000001 0 5.4 0.2 0 5.6000000000000005 13 2.2 1.4000000000000001 0 3.6 0 0 0 0 0 0 0 0 0 0 0 0 0 1.6 0 2.2 0 0 0 0 5 0 0 0 0 0 0 0 0 0.4 0 0 0 0 0 0 0 0 0 0 0 0 0 1.2000000000000002 0 0 0 0 0 0 0 0 0 0 0 4.800000000000001 0 0 17.8 0 0 0.6000000000000001 2.2 0 0.4 0 0 0 0 0 0 0 0 0 0 0 0 0.2 0 0 0 0 1.6 0 0 0 0 0 0 0 0 
 0.6000000000000001 0 0.4 0 14.8 14.600000000000001 0 0 0.2 0 0 0 0 0 0 0 0 15 0 0 66 31.8 0 37.4 8.4 47.800000000000004 48.800000000000004 68.2 13.600000000000001 13.8 24.6 6.6000000000000005 33.4 28.8 96.4 27 56.6 32 9 66 0.6000000000000001 0.6000000000000001 0 0 0 0 0 0 0 0 0 0 0 0 0 0 0 0 1 0 0.6000000000000001 0 0.4 0 0 9.200000000000001 0.4 0.4 0 0 9.600000000000001 0.6000000000000001 0 0.2 0 0 0 0 2.2 0 0 0.2 0 0 0 0 0 0 0 0 0 0 0 0 0 0 0 0 0 0 0 2.4000000000000004 3 0 2.2 5.800000000000001 3.6 0 20 0.4 2.4000000000000004 4.6000000000000005 2.8000000000000003 2.2 0 5.800000000000001 1.6 2.4000000000000004 0 0 6.800000000000001 0 0.4 0 0 0 6.6000000000000005 0 0 0 0.4 0.2 0 0 1.4000000000000001 0.2 0 0 6 4 0 0 0 0 0 0 2.2 0.2 0 0 0 0 0 0 0 0 0 0 0 0 0 0 0 0 0.2 2 0 0 0 0 0 0 0 0 3.8000000000000003 0 0 0 0 0 0 17 0.2 10 4.2 2.4000000000000004 0 1.8 1.6 3.4000000000000004 0 0 4.6000000000000005 0 0.4 1.2000000000000002 3.8000000000000003 3.8000000000000003 2.4000000000000004 0.6000000000000001 0 0.2 0 0 0 0 0 0 0 0 2.2 0 7.4 0 0 0 0 0 9.200000000000001 3.8000000000000003 0 0 0 0 0 0 0 0 0 0 0 0 0 0 0 0 0 0 0 0 0 0.2 0 0 0 0 0.4 0 0 0 0 0 0 0 2.8000000000000003 0.4 0.4 17.6 0 0 0.4 2.4000000000000004 0 0.4 0 0 0 0 0 0 0 0 0 0 0 0 0 0 0 0 0 0 0 0 0 0 2.6 0 0 0 
 0.2 0 0 0 0 0.4 0.2 16.2 0 0 0 1.4000000000000001 0.2 0.2 0 0 0 0.2 0 0 18.6 43.6 37.4 0 57 23.6 121.80000000000001 36.800000000000004 51 68.2 87.60000000000001 27 12 22.6 56 37.800000000000004 54 23.400000000000002 58.6 18 0.4 0.6000000000000001 0 0 0 0 0 0 0 0 0 0 0 0 0 0 0 0 12.600000000000001 0 0.6000000000000001 0 0.4 0 0 0 0.4 0.6000000000000001 0 0 0 0.6000000000000001 0.2 0.4 0 0 0 0 0 0 0 0 0 0.2 0 0 0 0 0 0 0 0 0 0 0 0 0 0 0 0 0 0 0 0 3 0.8 0 0.2 5.800000000000001 4.6000000000000005 2.6 0 0 0 0 0 2.4000000000000004 5.800000000000001 0 0 9.8 0 0 0 0 0 5.6000000000000005 1.2000000000000002 0 0 0 0 4.2 0 2.6 0 0.2 0 0 1.8 0 0 0 0 0.2 0 0 0 0 0 0 0 0 0 0 0 0 0 0 0 0 0 0 0 0 0 0 0 0 0 0 0 0.8 0 0 0 0 0 0 0 0 3.8000000000000003 2 0 2.4000000000000004 6 1.6 5.800000000000001 7 2 6.800000000000001 6 0 0 2.4000000000000004 2.4000000000000004 6 2.6 0 0 0.8 0.4 1.8 0 0 0 4 0 0 0 0 0 3.8000000000000003 2.2 5 0 0 0 0.2 6.800000000000001 0 0 0 0 0 0 0 0 0 0 0 0 0 0 0 0 0 0 0 0 0 0 0 0 0 0.2 0 0 0 0 0 0 0 0 2.8000000000000003 0 0.8 15.200000000000001 3.8000000000000003 0.4 4 2.8000000000000003 0 0 0 0 0 0 0 0 0 0 0 0 0 0 0 0 0 0 0 0 0 0.2 0 0 0 0 0 0 
 0.6000000000000001 0.6000000000000001 1 0.6000000000000001 0.6000000000000001 0.6000000000000001 1.4000000000000001 0.6000000000000001 0.6000000000000001 0.6000000000000001 15.600000000000001 0.6000000000000001 0.8 1 0.6000000000000001 0.6000000000000001 0.6000000000000001 0.6000000000000001 0.6000000000000001 0.6000000000000001 9.200000000000001 22.6 8.4 57 0 31.8 14 16.2 18.8 25.8 74.8 30.400000000000002 15.200000000000001 60.6 15.600000000000001 40.800000000000004 39.400000000000006 9.8 12.600000000000001 19 12.8 0.6000000000000001 0 0.2 0.6000000000000001 0.4 13.4 12.600000000000001 6.2 0 0.6000000000000001 0.6000000000000001 4 12.200000000000001 0.2 0.6000000000000001 0.4 0.4 0 0.6000000000000001 1.8 0 6.4 0 0.4 0.4 0.4 0.4 0.6000000000000001 0 0 0.6000000000000001 0.4 1.4000000000000001 0 0.4 0 0.8 0 0 0 0 0 0 0 0 0 0 0 0 0 0 0 0 0 0 0 0 0 0 0 0 0 3.4000000000000004 0 11.200000000000001 0 0 0.4 3.6 0 5.4 0 0 0 3.8000000000000003 0 1.8 0 0 8 0 5 0 0 0 1.8 0 3.8000000000000003 0 4.4 0 3.6 2.2 6.4 0.2 0 0 4.800000000000001 1.4000000000000001 0 0 0 0 0 0 0 0 0 0 0 0 0 0 1 0 0.4 0 0 0 0 0 3.2 0 0 0.4 0 0 0 0 0 0 0 0 0 0 0 0 0 0 0 0 3.2 0 0.8 2.6 0.2 0 2.8000000000000003 2.8000000000000003 0 6.2 0 0 0 0 0.2 0 0 0 5 0 0 0 0 0 4.4 2 1.8 0 0.2 1.4000000000000001 9.8 2 2 0 0 0 5.800000000000001 0 0 0 0 0 0 0 0 0 0 0 0 0 0 0 0 0 0 0 0 0 0 0 0 0 0 0.8 0.4 0 0 0 0 0 0.4 0 3 0.2 0 23.200000000000003 0.4 0.4 0.4 1.2000000000000002 0 0.4 0 0.4 0 0 0 0 0 0 0 0 0 0 0 0 0 0 0 2.4000000000000004 0 0 0 12 0 0 0 0 
 0 0 0 0 0 0 0 0 0 0 0 0 0.4 0.4 0 0.4 0 0 0 0 6 5.6000000000000005 47.800000000000004 23.6 31.8 0 124.80000000000001 9.600000000000001 21.6 21 65.4 33.6 6.800000000000001 19.400000000000002 8.4 15.8 79.4 10.600000000000001 13 54.2 33.4 20 0 0 0 0 12.600000000000001 12.8 18.6 0.6000000000000001 0.6000000000000001 0 26.200000000000003 37 0 31.8 5 14.600000000000001 15.600000000000001 23.200000000000003 0.6000000000000001 0 0.4 0 2.4000000000000004 0 1 0.8 0 6 0 0.6000000000000001 0 0.4 0 0 0.2 0 0 0 0 0 0 0 0 0 0 0 0 0 0 0 0.2 0 0 0 2 0 0 0 0 0 2.2 0 0 2 0 3.6 0.2 0 2.8000000000000003 1.6 1.8 0 6.4 0 0 1 0 0 0.2 4.4 4.2 1 4.2 0 0.2 1 2.8000000000000003 0 0 6.2 1 4 2 3.8000000000000003 2.8000000000000003 1.6 1.8 0 0 0 0 0 1.2000000000000002 1.8 0 0 0 0 0 0.2 0 0 0 0 0 0 0 0 0 0 0 0 1 1.2000000000000002 0 0 0 0 0 0 0 0 0.6000000000000001 0 0 0 0 0 2.6 0 1.8 0.4 0 0 1.4000000000000001 0 0.2 1.6 2.2 4.2 0.2 0 0 0 1.4000000000000001 0 0 0 4 5 2.6 0 0 0 0 4.800000000000001 10.600000000000001 6.6000000000000005 1.4000000000000001 0.8 0 2.2 5.800000000000001 2.2 0 3.8000000000000003 0 0.6000000000000001 0 0 0 0 3 0 0 0 0.4 0 0 0 0 0 0.2 0 0 0 0.2 0 0 0 0 0 0 0 0 0 0 0 0 0 0 0 2.6 0 0.2 0 15.4 2.6 0.8 0 0 0 0 0 0 0 0 0 0 0 1.6 0 0 0 0.2 0 0 0 0 0 0 0 0 0 0 0 0 0 
 0 0 0 0 0.4 0 0 0 0 0 0 0 0 0.6000000000000001 0 0 0.4 0.2 0 0 79.4 49.800000000000004 48.800000000000004 121.80000000000001 14 124.80000000000001 0 113.80000000000001 67.60000000000001 30.200000000000003 75.2 82.2 53.2 80.2 29.200000000000003 37.6 52.400000000000006 25.6 77.4 17.400000000000002 0.6000000000000001 0.6000000000000001 0.6000000000000001 0 0.4 0 0 0 40.6 0 0.2 0 0.6000000000000001 0 0 40.6 0 0 0 0 0.6000000000000001 0 1 0 10.200000000000001 0 0.4 2.8000000000000003 0.6000000000000001 5.800000000000001 0 0.8 0 0.4 0 0 0 0 0.4 0 0 0 0 0 4 4.800000000000001 0 0 0 0 1.2000000000000002 0.4 0 0 0 0 5.4 0 0.2 0 0 4.6000000000000005 6.800000000000001 0.2 3.8000000000000003 4 1.8 6.2 8.200000000000001 0.2 3 2 1.8 4.2 1.8 9.200000000000001 8.200000000000001 8.6 3.6 6 0 0 0 0 0 0 2.4000000000000004 0 0 0 0 0 0 0 0 0 0 0 4 0 0 0 0 0 0 0 0 0 0 0 0 0.6000000000000001 0 0 0 0 0 0 0.2 0 0 0 0 3 2.2 6 0 0 0 0 0 8 0 0 0.2 0 0.4 0 0 0 8.200000000000001 6.2 3.2 0 8.200000000000001 0 7 7.6000000000000005 0 7.6000000000000005 2.8000000000000003 0 3.2 1.6 1 6.2 4.800000000000001 7.4 0 1.2000000000000002 0 0 0 1.8 0 0 0 0 0 0 0 0 0 0 0 0 0 0.2 0 0 0 0 0 0 0 0 0 0 0 0 0 0 0 0 0 0 0 0 0 0 0 0.2 0.2 0 0.8 0 0 0 0 0 0 0 0 0 2.4000000000000004 0.4 0.8 0 0 0.6000000000000001 0.4 0 0 0 0 0 3 0 0 0 0 0 0 0 0 0 0 0 0 0 0 0.2 0 0 0 0 0 0 0 0 
 0.8 14.8 0.6000000000000001 0.6000000000000001 0.6000000000000001 5.800000000000001 0.6000000000000001 0.6000000000000001 0.6000000000000001 0.6000000000000001 0.6000000000000001 0.4 0.4 1.4000000000000001 1 0.8 0.6000000000000001 0.6000000000000001 0.6000000000000001 0.6000000000000001 130.20000000000002 132.4 68.2 36.800000000000004 16.2 9.600000000000001 113.80000000000001 0 36.800000000000004 41.800000000000004 81 20.6 45.2 48.400000000000006 99.80000000000001 82.4 16.400000000000002 75.60000000000001 34 77.4 0.4 0.6000000000000001 0.4 0 0 0 0 0.6000000000000001 0 15.600000000000001 0 0.2 0 0 0 0 0 0.2 0 0 0.6000000000000001 0 0.4 0 0 0 0.4 1.8 0 0.2 0 0.8 0 0 0 0 0 0 0 0 0 0 0 0 2.4000000000000004 0 0 0 0 0 0 0 0 0 0 0 0.4 0 0 1 0 5.4 2 4.4 5.6000000000000005 0.2 0.2 0 6.6000000000000005 1.8 3 0 3.4000000000000004 0 0.4 7.800000000000001 11 3.6 0 5.2 4 0 0 2.8000000000000003 0 0 1.6 0 0 0 0 0 0 0 0 3.8000000000000003 0 0 0 0 0 0 0 0 0.2 0 0 0 0 0.2 0 0 0 0 0 0 0 0 2.6 0 0 0 0 0 0 3.6 0 0 0 0 0 0 0 0 0.4 0 0.4 0 0 0 0 0.2 0 2.2 5.800000000000001 0 3.6 3.2 0 2.6 0.2 0 2 2 8 15.600000000000001 11 2.8000000000000003 1.6 1.6 2.4000000000000004 0 2.8000000000000003 0 0 0 0 0 0 0.4 0 0 0 0 0 0 0 0 0 1.6 2 0 0 0 0 0 0 0.4 0.2 0 0 0.4 0 0 0 0 0 0.2 0 0 0 1.8 0 0 0 0 0 0 0 0 0 0 0 1.6 6.2 0 0 18.6 0 0.4 0.4 2 0 0 0 0 3.8000000000000003 0 0 0 0 0 0 0 6.800000000000001 0 0.4 0.2 0 0 0 0 0 0 0 0 0 0 0 0 
 0 0 0.4 0 0 15.4 0 0 0.2 3.2 0 0 0 0 0 0 0 0 0 0.4 36 26.400000000000002 13.600000000000001 51 18.8 21.6 67.60000000000001 36.800000000000004 0 31.400000000000002 87.60000000000001 8.200000000000001 15.8 21.200000000000003 35.4 33.2 63.2 13.200000000000001 19.400000000000002 75 0.4 0.8 0 0.2 0 0 0 0 0 0 0 0 0 0 0 0 0 0 4.2 0 0.6000000000000001 0 0.4 0 0.2 0 0.4 2.8000000000000003 0 0.2 0 1.6 0 0 0 0 0.2 0 0 0 0 0.2 0 0 0 0 0 0 0 0 0 0 0 0 0.4 0 0 0 0 0 2.6 3.4000000000000004 4.6000000000000005 0 6.2 5.800000000000001 0 2.2 3.6 2.8000000000000003 0 3.8000000000000003 1.6 6.4 3.6 0.4 9 3.4000000000000004 0 2.6 5.6000000000000005 0.2 0.4 0 0 0 0 2 0 0 0 0 0 0 2.4000000000000004 0 0 0 1.6 5.4 0 0 0 0 0 0 0 0.2 0 0 0 0 0 0 0 0 0 0 0 0 0 0 0 0 0 1.2000000000000002 0 0 0 0 0 0 1.2000000000000002 0 0.4 0 0 0 0 0.2 2.4000000000000004 4.6000000000000005 0.6000000000000001 3.4000000000000004 1.8 2.2 12 8.8 0 0 2.2 1.4000000000000001 2.2 4.4 5 6.2 7.800000000000001 0.2 0.2 0 0 0 0.2 0 0 0 3 0 0 0 0 0 3.2 0 1.8 0 0 0 5.800000000000001 2.2 0 0 0 0 0.2 0 0 0 0 0 0 0 0 0 0 0 0 0 0 0 0 0 0 0 0 0 0 0 0 2 0 0 0 0 1.8 0 0 15 15 0.4 6.6000000000000005 0 0 0 0 0 1.4000000000000001 0 0 0 0 0 0 0 0 0 0 0 0 0 0 0 0 0 0 0 0 0 0 0 
 0 0 0 0 0 14.8 0 0 0 0 0 0 0 0 0.4 0 0 0 0.4 0.2 38.400000000000006 87 13.8 68.2 25.8 21 30.200000000000003 41.800000000000004 31.400000000000002 0 92.60000000000001 68.4 35.800000000000004 56.400000000000006 36.6 53.2 31.6 57.400000000000006 11.600000000000001 35.6 0.6000000000000001 13.200000000000001 0.8 0 0.4 0 41.400000000000006 0 0 0 0.4 0 0.4 0 0 0 0.4 13.4 0 0.4 1.2000000000000002 0 0.8 0 0.4 0.8 0.4 0.6000000000000001 0 0 0 1 0 0.4 0 0 0 0.4 1.8 0 0 0 0 0 0 0 0 0 2.4000000000000004 0 0 0 0 0 0 0 0 0 0 0 0 2.8000000000000003 3 2.6 0 2.4000000000000004 4.6000000000000005 0.6000000000000001 12 0 5 0 0 0 0.2 3 4.2 4 0.2 1 2.8000000000000003 0.4 0 0 1.4000000000000001 0 7.2 0 0 0 0.4 0 0 0 2.6 0 3 0 13.200000000000001 13.200000000000001 0 0 0 0 0 0 0.4 0 0 0 0 0 0 0.4 0 0 0 0 0 2 0.2 0 0 0.2 0 0.2 0 0 0 0 0 0.4 0 0 0.4 0 0 0 0 0 0 5.2 0.4 4.800000000000001 3.4000000000000004 2.6 0 4 0.2 0 4.800000000000001 4.4 0 0 7.6000000000000005 2.2 0 1.6 3.6 0.8 4 1.8 0 0 0 0 0 0.2 0 0 0 0 1.2000000000000002 2.6 0 0 0 0 2 0 0 0 0 0 0 0 0 0 0 0 0 0 0 0 0 0 0 0.4 0 0 0 0 0 0 0 0 0 0 0 0 0 0 0 0 0 0.4 0.6000000000000001 15.4 27.200000000000003 0.2 1 0.2 0 0 0 0 0 0 0 0 0 0 0 0 0 0 0 0.2 0 0 0 0 0 0 0 0 0 0 0 0 
 1.8 0.6000000000000001 0.6000000000000001 0.6000000000000001 0.6000000000000001 15.600000000000001 0.6000000000000001 0.6000000000000001 0.6000000000000001 0.6000000000000001 0.6000000000000001 0.6000000000000001 0.6000000000000001 0.6000000000000001 0.6000000000000001 0.6000000000000001 0.6000000000000001 0.6000000000000001 0.6000000000000001 0.6000000000000001 41.400000000000006 21 24.6 87.60000000000001 74.8 65.4 75.2 81 87.60000000000001 92.60000000000001 0 62.2 29 71.2 35.800000000000004 55.2 23.400000000000002 63.2 23 30 0.6000000000000001 0.6000000000000001 0 0 0 0 0 0 0 0 0 0 0 0 0 0.6000000000000001 0 0 0 0 0.6000000000000001 0 0.4 0 0.2 0 0.4 0.4 0 0 0 0.6000000000000001 0 0.2 0 0 0 0 1.4000000000000001 0 0 0 0 0 0.2 0 0 0 0 0 0 0 0 0 0 0 0 0 0 0 0 3.4000000000000004 2.2 3 0 2.4000000000000004 3.4000000000000004 2.2 16.8 0 0.4 0 0.4 1.2000000000000002 0.2 4.6000000000000005 6.800000000000001 4.4 0 2 2.8000000000000003 0 0 0 0 0 2.2 0 0 0 0 0 0 0 2.6 0.2 0 0 7.800000000000001 5.2 0 0 0 0 0 0.2 0 0 0 0 0 0 0 0 0.6000000000000001 0 0 0 0 0 0 0 0 0 0 0 0 2.4000000000000004 0 0 0 0 0 0 0.4 0 0.4 0 0 0 0 6.2 0 10.4 6.6000000000000005 2.4000000000000004 2.2 3.6 0 0.4 2.4000000000000004 0.2 1.8 0.2 4 4.4 1.2000000000000002 4.2 2.8000000000000003 1.8 0 0 0 0 0 0 0 0 0 0 0 0 1.4000000000000001 0.4 0 0 0 0 2 0 0 0 0 0 0 0 0 0 0 0 0 0 0 0 0 0 0 0 0 0 0 0 0 0 0 0 0 0 0 0 0 0 0 0 0.8 0.2 0.2 15 0.8 0.4 0 0.6000000000000001 0 0 0 0 0 0 0 0 0 0 0 0 0 0 0 0 0 0 0 0 0 0 0 0 0 0 0 0 
