 0 99.2 13.8 72.4 4.2 10.4 47.2 34 31.400000000000002 74 21.400000000000002 23.8 10.600000000000001 27.400000000000002 18.400000000000002 88 6.4 52.800000000000004 88.4 9 0 0 0.6000000000000001 0 0 0 0 0 0.4 0 0.4 0 0 0.6000000000000001 1 0.2 0 0.4 0 12 0 0 0.6000000000000001 0 0 0 0 0 0 0 0 0 0 0 14.4 0 0 0 0.6000000000000001 0 0 0 0 0 0.2 0 0 0.2 0 0.4 0.4 0.4 0.6000000000000001 0.4 0 0 0 0 0 0.8 0.4 0 0 0 0 0 2 7.4 1.6 0.2 0 0 5.6000000000000005 2.6 0.2 5.2 0 4.2 0 7.2 0 0 0 0 0 0 0 0.4 0.2 0 0 0 0 0 0 0 0 0 3 0 0 0 0 0 0 0 0 0 0 0 0 0 0 0 0 0 0 0 0 0 0 0 0 0 0 0 0 0 0.2 0 0 0 0 0 0 0 0 0 0 0 2 2.6 0 0 3.6 0 3.6 5.4 0 1 1.6 0 0 4.2 2.6 0 11.4 0.2 2.2 3.8000000000000003 0 0 0 0 0.2 0 0 0 0 0 0 0 0 0 0 0 0 0 0 0 0.4 0 0 0 0.2 0 0 0 0 0 0 0 0 0 0 0 0 0 0 0 0 0 0 0 0 0 0 0 0 0 0 0 0 0 0 0 0 0 0 0 0 0 0 0 0 0.2 0 0 0.8 0 0 2.4000000000000004 0.6000000000000001 0 0.4 0 0 0 0 0 0 0 0 0 0 0 0 0 0 0 0 0 0 0 0 0 0 0 0 0 0 0 0 0 0 0 0 0 0 0 
 99.2 0 91.2 71.60000000000001 8.6 23.400000000000002 63 63.6 84.4 11 5.6000000000000005 23 20.400000000000002 17.8 58.400000000000006 92.4 7.2 29.8 11.4 84.60000000000001 22.8 0 0.8 0.2 0 0 14.8 0 0 0 0 0.4 0.2 0.4 0.6000000000000001 0 0.2 1 15.4 0 0 0 0.6000000000000001 0 0.6000000000000001 12.200000000000001 0 0 0 0 0 0 12.600000000000001 0 0 0 0 0 0 0 0 0 0 0 0.4 0 0 0.4 0 0.4 8.6 0.4 0.4 0.4 0 0 0 0 0 0 4 0 3.4000000000000004 3.6 2.2 3 3.8000000000000003 3.6 1.8 4 7.2 5 0 3.6 8.8 6.4 4.2 2.2 5.4 0 0 0 0 0 0 0 0 0 0 0 0 0 2.2 0 0 0 0 0 2.6 0 0.4 0 0 0 0 0 0 0 0 0.4 0 0 0 0 0 0 0 0 0 0.2 0 0 0 0 2.8000000000000003 0 0 0 0 0 0 0 0 0.2 0 0.4 0 0 0 0 0.2 3.8000000000000003 1.2000000000000002 1.6 10.8 0 1.2000000000000002 6.2 6.800000000000001 2.2 5 0 1.8 0 0 1.8 3.6 2.6 0 0 0 0.2 0 0 0 2.4000000000000004 0 0 0 0 0 0 1.8 0 0 0 0.4 0 4.800000000000001 3.6 0 0 0 0 0 0.2 0 0 0 0 0 0 2 0 0 0 0 0 0 0 0 0 0 0 0 0 0 2.6 0 0 0.2 0 0 0.2 0 0 0 0 0 0 0 0 0 0 0 0.4 0.6000000000000001 0 17.6 0 0 1.4000000000000001 1.8 0 0 0 0 0 0 0 0 0 0 0 0 0 0 0 0 0 0 0 0 0 0 0 0 0 0 0 0 0 0 0 0 0 0 0 0 0 
 13.8 91.2 0 22.200000000000003 141.20000000000002 51.800000000000004 12 22.400000000000002 34 45.400000000000006 40.400000000000006 7 15.4 98.2 13.4 31.200000000000003 22.8 55 24.6 55.6 0 14.8 0.6000000000000001 0.8 0 0 16 0.2 0 0 0 0.4 11.8 15.200000000000001 0.6000000000000001 0.2 0 0.4 0.4 16.400000000000002 0 13.200000000000001 0.6000000000000001 0 0 0 0 0 0 0 0 0 0.4 0 7.4 0 0 0 0 0 0 0 1.8 0 0 0 0.4 0 0 0.4 0 0.4 0.6000000000000001 10.4 0 0 0 0 0 0 2.4000000000000004 0 0 4.4 5.800000000000001 8.4 5.2 2 0 7 10.4 1 3.2 0 0.2 5.6000000000000005 2.8000000000000003 3.8000000000000003 0 0 0 2 0 0 0 0 5.800000000000001 0 0 0 0 2.8000000000000003 4.2 1.4000000000000001 0 0 0 0 3.6 2.2 4 0 0 0 0 0 0 0 0 0.2 0 0 0 0 0 0 0 0 4.2 0 0 0 0 0 0 0 0 0 0 0 0 0 0 0 0 0 0 0 0 0 0 0 2.6 0.8 3.8000000000000003 0 0 0 0 2 4.2 2.4000000000000004 0 0 0 0 1 1.4000000000000001 0 0 4.4 0.2 0.2 0 0 0 0 0 0 0 0 0 7 2.2 6.2 0 0 0 4.800000000000001 3 0 3.2 0 0 0 0 0 0 0 0 0 0 0 0 0 0 0 0 0 0 0 0 0 0 0 0 0 0 0 0.4 0 0 0 0 0 0 0 0 0 0 0 0 0 0 0 0 0 0 0.4 25 0 0 0 0 0 0 0 0 0 0 0 0 0 0 0 0 0 0 0 0 0 0 0 0 0 4.6000000000000005 3.4000000000000004 0 0 0 0 0 0 0 0 0 0 0 0 0 
 72.4 71.60000000000001 22.200000000000003 0 18.8 11.200000000000001 38.6 12.200000000000001 15 44.2 12 67.8 15.4 26.400000000000002 33.4 27.200000000000003 26.8 46.6 75.60000000000001 18.2 0 0 0.4 0 0 0 0.4 0.2 0.2 0 0.4 0 0 15 15.8 0 0.2 0.4 0 15.200000000000001 0 0 0.6000000000000001 0 0 0 0 0 3.2 0 0 2 0.4 0 0 0 0 0 0 0.8 0 0 0 0 0.6000000000000001 0 0 0.6000000000000001 0 7.800000000000001 0 0.4 0 0.4 0 0 0 0 0 0 5 2.2 2 8 6.2 0 0 3.2 0.6000000000000001 2.6 6.800000000000001 1.4000000000000001 0 0 2.2 7.6000000000000005 7 0.2 0.2 0.4 0 2.8000000000000003 0 0 0 3.8000000000000003 3.4000000000000004 0.4 0.2 1.4000000000000001 0 0.2 2 6.800000000000001 0 0.2 2.2 0 2.6 0 0 0 0 0 0 0 0 0 0 0 0.4 0 0 0 0 0 0 0 0 0 0 0 0 0 0 0 0 0 0 0 0 0 0 0 0 0 0 0 0 0 0 4.4 3.8000000000000003 5.2 3.4000000000000004 3 0 0 2.6 1.8 3 0 0 0 0 2.4000000000000004 0 0 0 0 2 1.8 1.8 0 0 0 0.8 2.2 4 0 0 0 3.8000000000000003 1.8 3.8000000000000003 0 0 0 3 0 0.2 0 0 0 0.2 0 0 0 0 0 0 0 0 0 0 0 0 0 0 0 0 0 0 0 0 0 0 0 0 0 0 0 0 0 0 0 0 0 0 0 0 0 0 0 0 0.4 0 0 0 0 0 2.2 0 0 0 0 0 0 0 0 7.6000000000000005 0 0 0 0 0 0 0 0 0 0 0 0 0 0 0 0 0 0 0 0 0 0 0 0 0 0 0 0 0 
 4.2 8.6 141.20000000000002 18.8 0 49.400000000000006 13.8 41.800000000000004 63.800000000000004 16.2 70.2 73.2 23.200000000000003 16.6 18 39.6 36.2 49.6 17.400000000000002 18.8 14.4 0 0.4 0 0 0 19.200000000000003 16.8 0 16.2 0 0 19.400000000000002 31.200000000000003 0.6000000000000001 0 14.8 0.4 15.4 0.2 0 0 0.6000000000000001 0 0 0 0 0 2.4000000000000004 0 0 0 0 0 0 0 0 0 0 0 0 0 0.4 0 0.6000000000000001 0 0 0.6000000000000001 0 7.4 0 0.4 0.2 0.4 0 0 0 0 0 0 0 0 8.8 1.4000000000000001 0 16.6 0 0 0 5.2 10.4 2 0 0 0 0 1.2000000000000002 9.600000000000001 0 0 0 1.4000000000000001 2.6 0 0 0 2.6 0 0 0 3.6 2.2 8.6 2.2 0 0 0 0 2.4000000000000004 5.2 0.4 0 0 0 0 0 0 0 0 0.4 0 2.6 0 0 0 0 1 1 3.6 0.4 0 0 0 0 0 0 0 0 1 0 0 0 0 0.2 0 0.4 0 0 0 0 0 0 1.8 2 4 3 0 0 0 0 2.6 1.2000000000000002 0 0 0 0 2 0 0 0 1.4000000000000001 0.2 0 0 0 0 3.2 6.4 0 1.8 0 0 5.4 1.2000000000000002 2 0 0.4 0 2.6 8.200000000000001 0 0 0 0 0 0.2 0 0 0 0 0 0 0 3.2 0 0 0.2 0 0 0 0 0 0 9 0 0 0 0 0 0 0.2 0 0 0.2 0 0 0 0 0 0 0 0 0 0 0 0 0 0 0 0.6000000000000001 0 1.8 0.4 0 0 0 0 0 0 2.2 0 0 0 0 0 0 0 0 0 0 0 0 0 0 0 3.6 1.6 1.8 0 0 0 0 0 0 0 0 0 0 0 0 
 10.4 23.400000000000002 51.800000000000004 11.200000000000001 49.400000000000006 0 10 23.6 10.200000000000001 70.2 59.400000000000006 9.8 8.8 16.2 14 11.200000000000001 11.600000000000001 56.2 10.4 55.800000000000004 6.4 0 0.8 0 0 0 4.2 0.2 0.2 0 0 0 19.6 7.800000000000001 1 0.4 15.8 0.8 0.6000000000000001 0.2 0 0 1.2000000000000002 0 0 0 0 0 0 0 0 0 0.4 0 0 0.4 0 0 0 0 0 0 0 1.4000000000000001 0 0 0 0 0 0.4 0 0.4 0.6000000000000001 2 0 0 0 0 0 0 0 0 3 0.8 5.6000000000000005 3.6 2.2 0 1.6 0 0 1.8 0.2 0 0 2.2 2.6 7.2 0 0 0 0 0 0 0 0 3.6 0 2.8000000000000003 0.2 0 2 8.8 7 2.8000000000000003 1.8 0.4 0 5.2 0 0 0 0 0 0 0 0 0 0 0 0 0 0 1.8 0 0 0 0 3.8000000000000003 0 0 0 0.2 0 0 0 0 0 1.6 0.2 0 0 0 0 0 0 0 0 0 0 1.8 0 0.2 1.6 2.4000000000000004 2.2 0 2.4000000000000004 0 2.6 0 2.4000000000000004 0 0 0 0.4 0 0 0 0 0 0 2.6 8 0 0 0.8 0 2 0 0 0 4 2.2 6.800000000000001 0 0 0 2.8000000000000003 1.8 0 0 0 0 0 0 0 0 0 0 0 0 0 0 0.2 0 0 0 0 0 0 0 0 0 0 0 0 0 0 0 0 4.2 0 0 0 0 0 0 0 0 0 0 0 0 0 0 0.4 0 0.2 0.2 5 0 0.8 0.4 0.4 0 0 0 0 0 0 0 0 0 0 0 0 0 0 0 0 0 0 0 0 0 2.2 1.4000000000000001 0 0 0 0 0 0 0 0 0 0 0 0 
 47.2 63 12 38.6 13.8 10 0 39.800000000000004 15.200000000000001 9.8 6.4 49.800000000000004 61.2 34.6 75.2 68 15 29.200000000000003 72.4 12 0 0 1.4000000000000001 0.4 0 0 0.6000000000000001 0.6000000000000001 0.4 0 0 0 0 0.6000000000000001 1.4000000000000001 0.2 0 0.4 0 0.6000000000000001 0 0 0.6000000000000001 0 0 0.6000000000000001 0 1 0.4 0 0 1 0.2 0.8 0.4 0 0 0 0.4 0 0.6000000000000001 0.6000000000000001 0 0 1 0 0 0.2 0 1 0 0.4 0.6000000000000001 0.4 0 0 0 0 0 2 0 18 2 3.6 0 0 1.6 2.8000000000000003 3.8000000000000003 0 0 0 5.4 2.2 0 2.8000000000000003 0 6 0 7.800000000000001 0 0 0 0 0 0 0 0 0 0 0 0 0 0 0 0 0 0 0 0 0 0 0 0 0 0 0.2 2.6 0 0.4 0 0 0 0 0 0 0 0 0 0.4 0 0 0 0 0 0 0 0 0.4 0 0 0 0 0 0.4 0 0 0 0 0 2.6 0.4 0 0 0 0 2.8000000000000003 0 3.8000000000000003 0 6.6000000000000005 2.4000000000000004 0.6000000000000001 2.8000000000000003 8.8 3.8000000000000003 0 0.2 2 0 3 0 0 0 0 0 0 0 0 0 0 0 0 0 0 0 0 0 0 0 0 0 3 0 0 0 0 0 0 0 0 0 0 0 0 0 0 0 0 0 0 0 0 0 0 0 0 0 0 0 0 0 0 0.2 0 0 0 0 0 0 0 1 0 0 0 0.2 17.6 0 0.8 0 0 1.8 0 0 0 0 0 0 0.4 0 0 0 2.6 0 0 0 0 0.2 0 0 0 0 0 0 0 0 0 0 0 0 0 0 0 0 0 0 0 0 0 0 
 34 63.6 22.400000000000002 12.200000000000001 41.800000000000004 23.6 39.800000000000004 0 71 25.8 15.8 11.4 43.6 20.400000000000002 12.200000000000001 39.6 6.4 22.6 17.400000000000002 11.600000000000001 0 0 0.4 0 0 0 0 0 0 0 0 0.4 0 0.4 0.6000000000000001 0 0 0.8 11.600000000000001 0 0 0.4 0.6000000000000001 0 0 0 0 0 0 0 0 3 0.2 0 0 0 0 0 0 0.2 0 0 0 0 0.6000000000000001 6.4 0 0.6000000000000001 0 0.4 0 0.4 0.2 0.4 0.4 0.4 0 0 0 0 0 0 5.6000000000000005 0.2 3 12 5 2.2 6 8.200000000000001 3.6 1.4000000000000001 3 2.2 0 0 2.2 3 2.2 5 0 0 0 0 0 0 7.2 0 0 0 0 0 0 0.2 0 0 0 0 8.8 0 0 0 0 0 0 0 0 0 0.2 0 0 0 0 1 0 0 0 0 0.2 0 0.4 0 0 0 0 0 0 0 3 0 0 0 0 0 0 0 0 0 0 0 1.8 0 11.8 0 3.8000000000000003 0.2 1.8 1 3.8000000000000003 2.8000000000000003 0.8 4.6000000000000005 0 2.8000000000000003 2.6 0 2.8000000000000003 2.4000000000000004 0 0 3.6 0 0 0.4 0 0 0 0.2 0 0 0 0 15.4 0 0.4 0 0 0 0.2 3.4000000000000004 0 0 2.6 2.2 0 0 0 0 0 0 0 0 0 0 0 0 0 0 0 0 0 0 0 3.2 0 0 0.2 0 0 0 0 0 0 0 0 0 0 0 0 0 0 0 0 0 0 0 0.2 0.2 0 0 4 0.8 0 0 0 0 0 0 0 0 0 0 0 0 0 0 0 0 0 0 0 0 0 0 0 6.4 0 0 0 0 0 0 0 0 0 0 0 0 0 0 
 31.400000000000002 84.4 34 15 63.800000000000004 10.200000000000001 15.200000000000001 71 0 57.400000000000006 26 28.6 23.400000000000002 20.200000000000003 43.2 54.2 48.6 53.2 35.800000000000004 35.4 0 0 0.6000000000000001 0 15 0 15 0 0 0 0 0 14.8 0.6000000000000001 0.6000000000000001 0.2 0 0.4 7.6000000000000005 15.4 0 0 0.6000000000000001 0 0 0 0 0 1.8 0 0 2 0.4 0 0 0 0 0 0 0.8 0 0 0 8.4 0 0 0 0.2 0 7.800000000000001 0 0.4 0.6000000000000001 0.4 0 0 0 0 0 0 0 0 9.200000000000001 0.2 2.8000000000000003 2 2.6 3.8000000000000003 5 11.8 8.8 0.8 3.8000000000000003 13.600000000000001 2 0 2.8000000000000003 6 0.2 0 0 0 0 0 0 0 7.800000000000001 0 2 0 0 0 0.2 1.8 0 0 0 0 8.200000000000001 3 0 0 0 0 0 0 0 0 0 0.2 0 0 0 2 0 0 0 0 0 0.2 1.2000000000000002 0 0 0 0 0 0 0 0.2 0 0 0 0 0.4 0 0.2 0 0 0 0 3.4000000000000004 12.200000000000001 3.8000000000000003 12.4 3.2 3 2.8000000000000003 7.6000000000000005 4 5.2 3 0 0 0 9.200000000000001 5 2.2 3.2 0 0 0 0.4 0 0 0 0 0 0 4.4 0 0 0 7.800000000000001 0 1.8 0 0 0 5.2 4.800000000000001 0 0 0 0 0 0.4 0 0 0 0 0 0 0 0 0 0 0.4 0 0 0 0 0 0 0 0 0 0 0 0 0 0.2 0 0 0.4 0 0 0 0 0 0 0 0 0 0 0 0 19.400000000000002 0.2 0.4 0 0 1 3.4000000000000004 0 0 0 0 0 0 0 13.8 0 0 0 0 0 0 0 0 0 0 0 0 0 0 3.4000000000000004 2 0 0 0 0 0 0 0 0 0 0 0 0 0 
 74 11 45.400000000000006 44.2 16.2 70.2 9.8 25.8 57.400000000000006 0 75 43.400000000000006 39.2 60.2 30 56.2 29 56 29.8 36 0 0 0.6000000000000001 0 0 7 15.600000000000001 1.2000000000000002 0 0 0.4 0 0 0.6000000000000001 1 0.6000000000000001 0.6000000000000001 0.4 0 26.6 0 0 0.6000000000000001 0.4 0 0 0 0.6000000000000001 2.4000000000000004 0 0 0.4 0.6000000000000001 0 0 0.6000000000000001 0.2 0.4 0 0.8 0.6000000000000001 0.2 1 0 0.4 0.4 0 0.6000000000000001 0.6000000000000001 7.6000000000000005 0 0.4 0.6000000000000001 0.4 0 0 0 0 0 0.6000000000000001 3 0 2.8000000000000003 0 1.2000000000000002 6.6000000000000005 1.6 0.2 0 8.4 5 3.2 1.6 1.8 3.8000000000000003 0.6000000000000001 2 2.6 2 0 0 0 0 0 0 0 0 0 0 0 0 0 2.2 4.800000000000001 3.8000000000000003 1.8 0 0 0 3.8000000000000003 0 0 0 0 0 0 0 0 0 0 0 0 0 0 0 0 0 0 0 0 0 0 0 0 0 0 0 0 0 0 0 0 2.2 0 0 0 0 0 0 0 0.2 13.4 3.4000000000000004 18.8 0 2.2 1.2000000000000002 5.4 3.8000000000000003 0 0 0 0 0 12 12 4.6000000000000005 5 0 3.6 1.8 0.6000000000000001 0.2 0.4 0 0 4.800000000000001 4 3.6 0 0 0 0 0 0.4 0 0 0 7.4 10.200000000000001 0 0 0 0 0 0 2.8000000000000003 0 1.4000000000000001 0 0 0 0 0 0 0 0 0 0 0 0.4 0 0 0 0 0 0 0 0 0 0 0 0 0 0 0 0 0 0 0 0 0 0 0 0 0.6000000000000001 4.800000000000001 0.2 17.400000000000002 17.8 0 2.8000000000000003 0 0 0 0 0 0 0 0 0 0 0 0 0 0 0.2 0 0 0 0 0 0 0.4 0 6.4 0.6000000000000001 0 0 0 0 0 0 0 0 0 0 0 0 0 
 21.400000000000002 5.6000000000000005 40.400000000000006 12 70.2 59.400000000000006 6.4 15.8 26 75 0 30.400000000000002 5.2 9.4 13.4 30.200000000000003 18.6 11.8 9.600000000000001 27.200000000000003 19 0 0.6000000000000001 0 0 0.4 0.6000000000000001 0.4 1 1 0 0.6000000000000001 15.200000000000001 15.200000000000001 0.8 0 0 1.6 0 35 0 1 0.6000000000000001 0 0 0.6000000000000001 0 0 1.8 0.2 0 0 0 0 0.4 0 0 0.4 0 0 0 0.2 2.6 2 0.8 0.8 0 0.6000000000000001 0 9.8 1.8 0.4 0 0.4 1.2000000000000002 0.8 0.6000000000000001 1 0 0 0 0 3.4000000000000004 2 2.2 11 0 0 2 1.4000000000000001 5.2 1.4000000000000001 0 0 0 2.2 2 3 0 0 0 0.2 2.8000000000000003 0 0 0 6.800000000000001 0 0 0 11 1.6 2.6 14 3.2 4.4 0 0 0 4 0 2.8000000000000003 0 0 0 0.4 0 0 0 0 0 0 0 3.4000000000000004 0 0 0 0 2.2 0 0 0.2 0 0 0 0 0 0 1.6 0 0 0 0 0 0 0 0.4 0 0 0 0 0 3.4000000000000004 2.6 2.8000000000000003 6.2 0 0 0 7 0.2 2 0 0 0 0 2.2 0 0 1.8 4.2 0 0 0 0 0 4 3.6 3.2 0 0 0 3 1.8 1.8 0 0 0 5 3 0 0 0 2.2 0 0 0 0 0 0 0 0 0 0 0 0 0 0 0 0 0 0 0 0 0 1.2000000000000002 0 0 10.600000000000001 0 0 0 0 0 0 0 0 0.2 0 0 0 0 0 0 0 0 0.4 0 0.2 25.6 3.6 4.800000000000001 0 0 0 0 0 0 0 0.2 0 0 0 0 0 0 0 0 0 0 0 0 0 0 0 3.2 2.2 3.2 0 0 0 0 0 0 0 0 0 0 0 0 
 23.8 23 7 67.8 73.2 9.8 49.800000000000004 11.4 28.6 43.400000000000006 30.400000000000002 0 9.4 7.800000000000001 9.200000000000001 25 17.400000000000002 16.2 6.800000000000001 21.8 8 0 0.4 0.2 1.2000000000000002 0 0.2 0 0 0 0 0 5 0.6000000000000001 21.400000000000002 0 0 0.4 24.8 14.600000000000001 0 0 1.2000000000000002 1.2000000000000002 0 0.4 0 0.2 1.4000000000000001 0 0 0.4 0.4 0 0 0 2.6 0.2 0.4 1.2000000000000002 7.2 0 0.8 0 0.6000000000000001 0 0.2 0.4 0 10.8 0 0.4 0.2 0.4 1.2000000000000002 0 0.8 0 0 0.8 0 0 2 0.2 0 5.6000000000000005 0 4.4 0 7.800000000000001 4.800000000000001 0 0 0 0 0 3.4000000000000004 6.6000000000000005 0 0 0 0 4.4 0 0 0 4.2 0 0 2.2 2.2 2 4.6000000000000005 8.8 0 0 1 0 11.8 2.2 0.4 2.4000000000000004 0 0 0.4 0 0 0 0 0.4 0 0.2 0 0 0 0 0 0 3.8000000000000003 0 0 0 0 0 0 0 0 0 2.2 0 0 0 0 0 0 0.4 0 0 0 0 0 0 2.8000000000000003 0 0 5.2 0 0 0 0 0 2.4000000000000004 0 0 0 0 2.6 0 0 0 0.2 2.8000000000000003 2 0 0 0 2.6 6.6000000000000005 2.8000000000000003 0 0 0 2.2 3.6 4.6000000000000005 0 0.4 0 0.2 3.2 0 0 0 0 0 0.2 2.4000000000000004 0 0 0 0 0 0 0 0 0 1.2000000000000002 0 0 0 0 0 0 0 0 0 0 0 0 0 0 0 0 0 0 0 0 0 0.2 0 0 0 0 0 0 0 0 0.4 0 0.8 0 4.800000000000001 0 0 0 0 0 0 0 0 0 0 0 0 0 0 0 0 0 0 0 0 0 0 0 3.8000000000000003 0.2 2 0 0 0 0 0 0 0 0 0 0 0 0 
 10.600000000000001 20.400000000000002 15.4 15.4 23.200000000000003 8.8 61.2 43.6 23.400000000000002 39.2 5.2 9.4 0 34.6 29.6 20 86 64.8 92.2 80 0 0 16 1 0 0 0 0.6000000000000001 0 40.2 0 0.4 0 0.4 1.2000000000000002 0 0 0.8 0 0 0 0 0.6000000000000001 0 0.6000000000000001 0 0 0 0 0 0 0 0.4 0 0.6000000000000001 0 0 0 0 0 0 0 0 0.4 0.4 0 0 0.4 0 0.4 0 0.4 0.4 0.4 0 0 0 0 0 0 0.2 7 0.6000000000000001 3.6 0 0 3.8000000000000003 0.2 2.6 2.2 3.6 8.4 3.8000000000000003 5.2 6.800000000000001 0 2.6 2 4.2 0.4 2.8000000000000003 0 0 0 0 0 0.4 0.4 0 0 0 0 0 0 0 0 0 0 0 0 0 0 0 0 0 0 0 0 0 0 0 0 0 0 0 0 0 0 0 0 1.2000000000000002 0 0 0 0 0 0 0 0 0 0 0 0 0 0 0 0 2.6 0 0 2.2 6.6000000000000005 2.4000000000000004 4 3.8000000000000003 0 4.800000000000001 6.4 5.2 0 2.6 1.2000000000000002 5.2 0 5.800000000000001 5.6000000000000005 2.4000000000000004 7.4 0 0 0.2 0 0 0 0.2 0 0 0 0 1.4000000000000001 0 0 0 0 0 0 0 0 4 0 0.4 0 0 0 0 0 0 0 0 0 0 0 0 0 0 0 0 0 0 0 0 0 0 0 0 0 0 0 0 0 0 0 0 0 0 0 0 0 0 0 0 3 0 0 0 0 34.4 0 18.2 0.4 0.2 0.8 0 0 0 0 0 0 0 0 0 0 2.4000000000000004 0 0 0 0 0 0 0 0 0 0 0.2 0 3.2 0 0 0 0 0 0 0 0 0 0 0 0 0 0 
 27.400000000000002 17.8 98.2 26.400000000000002 16.6 16.2 34.6 20.400000000000002 20.200000000000003 60.2 9.4 7.800000000000001 34.6 0 78.60000000000001 11 40.2 53 41.6 156 0 0 0.6000000000000001 0 0 0 0.2 0 0 0 0 0.2 0.4 0.8 0.6000000000000001 0.2 0 0.6000000000000001 0 0 0 0 0.6000000000000001 0 0 0 0 0 0 0 0.4 0 0 0 1 0 0 0.6000000000000001 0 0 0 0 0.6000000000000001 0 0 10 0 0.2 0 0.4 0.8 0.4 0.6000000000000001 0.4 0 0 0 0 0 0 5.800000000000001 5.2 0 2 0 0 5 6.6000000000000005 0 2 4 4.6000000000000005 5.4 0 4 2.2 0 0.4 2 11.8 0 0 0 0 0 0 0 0 0 0 0 0 0 0 0 0 0 0 0 0 0 0 0 0 0 0 0 0.2 0 0 0 0 2.8000000000000003 5.2 0 0 0 0 0 0 0 0 0 0 0 0 0.4 0 0 0.4 1.4000000000000001 0 0 0 6.6000000000000005 0 0 0 0 0 5 2 2 1.4000000000000001 0 0 5.800000000000001 5.6000000000000005 1.8 0 0.2 0.8 3.4000000000000004 9.600000000000001 2.8000000000000003 2.8000000000000003 3.2 1.4000000000000001 3.4000000000000004 10.8 0 0 0 0 0 0 0.2 0 0 0 0.2 0 0 0 0 0 0 0 2.6 0 0 0 0 0 0 0 0 0 0 0 0 0 0 0 0 0 0 0 0 0 0 0 0 0 0 0 0 0 0 0 0 0 0 0 0 0 0 0 0 0 0 0 0 0 0 0.4 0 0 20 0.4 0 3 0 0 0 0 0 0 0 0 0 0 0 0 0 0 0 0 0 0 0 0 0 0 0 0 0 0 0 0 0 0 0 0 0 0 0 0 0 0 
 18.400000000000002 58.400000000000006 13.4 33.4 18 14 75.2 12.200000000000001 43.2 30 13.4 9.200000000000001 29.6 78.60000000000001 0 91.2 16.2 51.800000000000004 65.2 42.6 0 0 1 0 1 1.2000000000000002 0 0 0.4 0.4 0 0.4 0 0.6000000000000001 0.6000000000000001 0.2 0 1 0 0 0 0 0.6000000000000001 2.2 0.6000000000000001 0.8 0 0 0 0 0.6000000000000001 1 18.400000000000002 0 0 0 0.8 12.4 0.4 0 0 0 0.8 0.6000000000000001 0 0.6000000000000001 0 0 0 1 0 0.4 0.6000000000000001 0.4 11.600000000000001 0.4 0.8 0.6000000000000001 0 0.8 5.800000000000001 4.2 0 3.2 0 0 2.8000000000000003 4.800000000000001 0 7.6000000000000005 1.6 1.6 12.200000000000001 1.8 5 5.6000000000000005 0 4.4 2 18.8 0 0 0 0 0 0 0 0 0 0 0 0 0 0 0 0 0 0 0 0 0 0 0 0 0 0 0 0 0 0 0 0 0 0 0 0 0 0 0 0 0 0 0.2 0 0 0 0 0 0 0.4 0 0 0 0 0 0 0 0 0 0 11 4.6000000000000005 0.4 5.2 0.4 0 4.2 5 2.2 0 5.4 2.4000000000000004 2.8000000000000003 2.6 15.4 6.6000000000000005 8 3 5.4 3.6 0 0 0 0 0 0 0 0 0 0 0 0 0 0 0 0 0 0 0 0 0 0 0 0 0 0 0 0 0 0 0 0 0 0 0.2 0 0 0 0 0 0 0 0 0 0 0 0 0 0 0 0 0 0 0 0 0 0 0 0 0 0 0 0 0 0 0 8.200000000000001 0 1 0 0 1.4000000000000001 0 0.4 0 0 0 0 0 0 0 0 0 0 0 0 0 0 0 0 0 0 0 0 0 3.2 0 0 0 0 0 0 0 0 0 0 0 0 0 0 
 88 92.4 31.200000000000003 27.200000000000003 39.6 11.200000000000001 68 39.6 54.2 56.2 30.200000000000003 25 20 11 91.2 0 48.400000000000006 52.6 42.400000000000006 20.6 1 0 0.4 0 0 0 0.2 0 0.4 0 0 0.2 0 0.4 0.6000000000000001 0 0 0.4 8 16.6 0 0 0.6000000000000001 0 0 0 0 0 1 0 0 2.2 0.4 0 0 0 0 0 0 0.6000000000000001 0 0 0.6000000000000001 0 1 0 0 0.6000000000000001 0.6000000000000001 10.600000000000001 0 0.4 0.2 0.4 0 0 0 0 0 0 0 2 5 0 2.8000000000000003 2.4000000000000004 3 5.800000000000001 0 8.200000000000001 6.4 1.8 11.4 5.800000000000001 2.8000000000000003 1.8 3.4000000000000004 12.8 0 2 0 0 0 0 0 0 4.6000000000000005 0 0 0 0 0 0 3.8000000000000003 0 0 0 0 6 0 0 0 0 0 0 0 0 0 4.6000000000000005 0 0 0 0 0 0 0.4 0.4 0 0 0 2 0 0.4 0 0 0 0.2 0 0 0.2 0 0 0 0 0 0 0 0 0 0 1.6 1.4000000000000001 4.800000000000001 4.2 0 3.2 3.4000000000000004 6.4 5.2 0 2.6 2.4000000000000004 0 0.2 8 0 0 1.6 2.2 0 0 0 0 0 0 0 0.4 2 3.8000000000000003 0 0.4 0 5.4 0 2 0 0 0 2.6 4.6000000000000005 0 0 0 0 0 0 0 0 0 0 0 0 0 0 0.4 0 0 0 0 0 0 0 0 0 0 0 0 0 0 0 0 0 0 0 0 0 0 0 0 0 0 0 0 0 0 0.4 17.2 0 0.8 0.2 0 0.6000000000000001 0 0 0 0 0 0 0 0 0 0 3 0 0 0 0 0 0 0 0 0 0 0 0 6 0 0 0 0 0 0 0 0 0 0 0 0 0 0 
 6.4 7.2 22.8 26.8 36.2 11.600000000000001 15 6.4 48.6 29 18.6 17.400000000000002 86 40.2 16.2 48.400000000000006 0 10.8 17 15.200000000000001 0 0 1.8 12.200000000000001 0.4 0 13.200000000000001 0 0 0.2 0 0 12.8 15.200000000000001 0.8 0 0 0.8 0 14.4 0 0 1 0.4 0.4 0 0 0 0.4 0.4 0.4 0.4 0.4 0 0 0 0 0.2 0 0 0 0.2 0.6000000000000001 0 0.4 0 0 0.4 0 0.4 0 0.4 0.4 0.4 0 0 0 0.4 0 0 11 1.6 2.2 9 0 2.6 0 0 2.2 5.800000000000001 4.2 2.2 1.8 2.4000000000000004 6.2 0 0.2 1.8 2.2 0 0 1.8 0 0 0 0 4.800000000000001 0 0 0 1.4000000000000001 0 2 1.8 0 0 0 0 0 2.2 0 0 0 0 0 0 0 0 0 0 0 0.6000000000000001 0 0 0 0 0 0 0 0 0 0 0 0 0 0 0 0 0 0 0 0 0 2.8000000000000003 0 0 0 0 0 0 1.2000000000000002 3.8000000000000003 2.6 5.4 3.8000000000000003 0.2 0 2 5.6000000000000005 0.2 0.2 0 0 0 5.800000000000001 5.800000000000001 0 2.8000000000000003 0 0 5 0.2 0.2 0 0 0 0 0.2 0 0 0 0 2.8000000000000003 0.2 2.2 0 0 0 2.6 0.2 0 0 0 0 0 0 0 0 0 0 0 0 0 0 0 0 0 0 0 0 0 0 0 0 0 0 0 0 0 0 0 0 0 0 0 0 0 0 0 0 0 1.6 0 0 0 0.6000000000000001 17.6 0 0.4 16.6 0 1.2000000000000002 0.2 0 0 0 0 0 0.4 0 0 0 2.6 0 0 0 0 0 0 0 0 0 0 0 0 6.6000000000000005 1.2000000000000002 0 0 0 0 0 0 0 0 0 0 2.2 0 0 
 52.800000000000004 29.8 55 46.6 49.6 56.2 29.200000000000003 22.6 53.2 56 11.8 16.2 64.8 53 51.800000000000004 52.6 10.8 0 8.4 16.2 0 0.4 0.6000000000000001 14.600000000000001 0 0 0 0 0 0 0 0 0 0.2 0.6000000000000001 0.2 0 0.4 3.6 0 0 0 0.6000000000000001 0 0 0 0 0 0 0 0 2 0 0 0 0 0 0 0.2 0 0 0 0 0 0 0 0 0.2 0 0.4 0 0.4 0.6000000000000001 0.4 0 0 0.2 9.4 0 0 4 2.6 4.4 3.8000000000000003 3.8000000000000003 0 2.8000000000000003 0.2 1.8 0.2 0.4 4.6000000000000005 1.4000000000000001 0 2 3.8000000000000003 7 0 4.6000000000000005 1 0 0 0 0 0 0 7.2 0 0 0 0 0 0 0.2 0 0 0 0 3 0 0 0 0 0 0 0 0 0 0 0 0 0 0 0 2.6 0 0 0 0 0 0 0 0 0 0 0 0 0 0 0 0 0 0 0 0 0 0 0 0 0 0 5 4.6000000000000005 4 6.4 0 2.8000000000000003 2.6 7.6000000000000005 2 0.4 3 0 0 0 8.4 2 1.4000000000000001 0.4 0 2.8000000000000003 0 0 0 0 0 0 0 0 0 0 0 4.6000000000000005 0 0 3.2 0 0 2.6 0 0 0 0 0 0 0 0 0 0 0 0 0 0 0 0 0 0 0 0 0 0 2 0 0 0 0 0 0 0 0 0 0 0 0 0 0 0 0 0 0 0 0 0 0 0 0.6000000000000001 0.6000000000000001 0 18.8 0.4 0 1.6 0.4 0 0 0 0 0 0 0 0 0 0 0 0 0 0 0 0 0 0 0 0 0 0 0 0 0 0 0 0 0 0 0 0 0 0 0 0 0 
 88.4 11.4 24.6 75.60000000000001 17.400000000000002 10.4 72.4 17.400000000000002 35.800000000000004 29.8 9.600000000000001 6.800000000000001 92.2 41.6 65.2 42.400000000000006 17 8.4 0 22.200000000000003 0 0 0.4 14.600000000000001 0 0 0 0 0.2 0 0 0 0.4 0.4 1 0 0 0.8 0 0 0 0 0.6000000000000001 0 0 0 0 0 0 0 0 0 0.2 0 0 0 0 0 0 0 0 0.6000000000000001 0 0 9.4 0 0 0.4 0 0.4 0 0.4 0.4 0.4 0 0 0 0 0 0 8.4 0.6000000000000001 0.2 0 0 0 0 4.2 0 3.4000000000000004 0 0 13.4 1.8 1.2000000000000002 2.2 0 2 0 11.200000000000001 0 1.4000000000000001 0 0 0 0 0 0 0 0 0 0 0.2 0 0.4 0 0 0 0 0 0 0 0 0 0 0 0 3.8000000000000003 0 0 0 0 0 0 0 2.8000000000000003 0 0 0 0 0.6000000000000001 0 5.4 0 0 0 0 0 0 0 0 0 0 1.8 0 0 0 0 0 2.8000000000000003 5.4 4.2 0 4.800000000000001 0.4 0 6.800000000000001 5.2 3.6 0 0.2 0 2 5.800000000000001 8.200000000000001 4.800000000000001 0 3.6 2.8000000000000003 0 0 0 0 0 0 0 0 0 0 0 0 0 0.4 0 0 0 0 0 0 0 0 0 0 0 0 0 0 0 0 0 0 0 0 0 0 0 0 0 0 0 0 0 0 0 0 0 0 0.4 0 0 0 0 0 0 0 0 0 0 0 0.4 0 0 0 0 0 0.2 9.8 0.2 0.2 0 0.2 0.6000000000000001 0 0 0.4 0 0 0 0 0 0.2 0 0 0 0 0 0 0 0 0 0 0 0 0 0 3.8000000000000003 0 0 0 0 0 0 0 0 0 0 0 0 0 0 
 9 84.60000000000001 55.6 18.2 18.8 55.800000000000004 12 11.600000000000001 35.4 36 27.200000000000003 21.8 80 156 42.6 20.6 15.200000000000001 16.2 22.200000000000003 0 0.4 0 0.8 0 0 0 0.8 0.6000000000000001 0.2 0 0 0.2 0 0.4 1 0 0 0.8 0.4 0 0 0.6000000000000001 0.6000000000000001 0 0 0.6000000000000001 0.2 0.6000000000000001 0.4 0 0 0 2.2 0 0 0 0 0 0.6000000000000001 0 0.4 0.8 0.4 0.2 1.2000000000000002 0 0.2 0.6000000000000001 0 0.8 0.4 0.4 0.8 0.4 0 0.2 1.2000000000000002 0 0.2 0.6000000000000001 0 2.6 2.2 4 0 0 8.8 0 6.6000000000000005 3.8000000000000003 0 5.4 0 0.6000000000000001 7.800000000000001 0 0 0 4.4 7 0 0 0 0 0 0 0.2 0 0 0 0 0 0.4 0 0 0 0 0 0 0 0 0 0 0 0 0 0 0 0 0 0 0 0 0 0 0 0 0 0 0 0 0 0 0 0 0.4 0 0 0 2 0.6000000000000001 0 0 0 0 0 0 0.2 0 0 0.8 5.4 4.4 3.4000000000000004 3.8000000000000003 0 2.2 3 1.2000000000000002 0 2.2 0 4.4 9 4.2 7 4.800000000000001 4.6000000000000005 0 7.2 0 0 0 0 0 0 0 0 0 0.2 0 0 0 0 0 0 0 0 4 0 0 0 0 0 0 0 0 0 0.4 0 0 0 0 0 0 0 0 0 0 0 0 0 0 0 0 0 0 0 0 0 0 0.2 0 0 0 0 0 0 0 0 0 0.2 0 0 0 0 21.8 0.6000000000000001 17.8 0 0.2 3.2 0 0 0 0 0.2 0 0 0 0 0 3.6 0 0 0 0 0 0 0 0 0 0 0 0 0 0 0 0 0 0 0 0 0 0 0 0 0 0 0 
 0 22.8 0 0 14.4 6.4 0 0 0 0 19 8 0 0 0 1 0 0 0 0.4 0 20.8 17 28.200000000000003 7.2 9.200000000000001 18 18.6 21.200000000000003 24.6 50.2 21.400000000000002 10.8 6 40.6 77 21.8 35.6 23.8 12.4 0 0 0 0.6000000000000001 0.6000000000000001 0.4 0.6000000000000001 0.4 0.6000000000000001 0 0 0.2 0.4 0 0.4 0 0.2 0 12.200000000000001 0 0.4 0 0 0.4 0.4 0 0.6000000000000001 0.6000000000000001 0 0 0.4 0.2 0 0 0 0 0.6000000000000001 0.6000000000000001 0 0 0 0 0 0 0 0 0 0 0 0 0 0 0 0 0 0 0 2.4000000000000004 0 0 6.2 4.4 4 0 0 0 7.6000000000000005 5.6000000000000005 10 5.800000000000001 2.2 4.800000000000001 3 4.2 3.4000000000000004 3.2 8.4 9.4 5 2.2 0 0 0 0 0 0 5.6000000000000005 0 0 0 0 10 0 0 0 0 0.4 0 5.800000000000001 3 0 0 0 0 0 0 0 0 2.6 0 0 0 0 0 0 0 0 0 0 0 0 0 0 0 0 8.6 0 0 0 0 0 2 0 0.2 0 0 0.2 0 0 0 0.2 3.4000000000000004 3.6 3.2 0 0 2.8000000000000003 3.2 0 2.2 4.4 5.4 0 2.2 3.6 2.2 2 1.4000000000000001 2 3 0 0 0 0 0 0 0 0 0 0 0 0 0 0 0 0 0 0 2.4000000000000004 0 0 0 0 0 0 0 0 0 0 0 0 0 0 0 3.8000000000000003 0 0 0 0 0 0 0 1.4000000000000001 0 0 0 0 0 0 0 0 0 0 0 0 0 0 22.6 0 0 0 0 0 0 0 0 1.4000000000000001 0 0 0 0 0 0 0 0 0 0 1.4000000000000001 0 0 0 1.8 0 0.2 0 0 1.8 0 0 0 
 0 0 14.8 0 0 0 0 0 0 0 0 0 0 0 0 0 0 0.4 0 0 20.8 0 51 47 40.2 39.6 33.2 30 53.400000000000006 24.8 6.800000000000001 23.400000000000002 24.6 23 45.400000000000006 54 23.400000000000002 29.6 26 10 0 0 0 0.6000000000000001 0 0.4 12.8 0.4 0.6000000000000001 0 0 0.6000000000000001 13.200000000000001 0 0 0 0 0 12.600000000000001 0.2 0.4 0 0 0 0 0 6.4 0.6000000000000001 0 0 1 0 0 0 0 0 0.6000000000000001 0.6000000000000001 0 0 0 0 0 0 0 0 0 0 0 0 0 0 0 0 0 0 0 0 0 0 4 8.4 6.800000000000001 7.4 0.2 3.2 0.4 7.4 2.2 3 4.2 9.600000000000001 0 2 3.6 0 7.2 5 0 0 0.4 0.4 0 0 0 0 3.8000000000000003 1 0 0 2.8000000000000003 0 0 3.6 0 0 0 0 3.8000000000000003 7.6000000000000005 0.4 0 0 0 0 0 0 0 0 0 0 0.8 0 0 0 0 0 0.2 0 0 0 0 0 0 0 0 0 1 0.4 0 0 0 0 1 0 0.2 0.2 0 0 0 5.6000000000000005 5.2 0 0 3.6 10.600000000000001 2.2 0 3.6 0 6 5.2 1.8 4.6000000000000005 0 0 9 22.400000000000002 0 0 0 0.4 0 0 0 0 0 0 0 0 0 0 0 0 0 0 0 0 6.2 13.8 0 0.4 0 0.2 0 0 0 0.2 0 0 0 0 0.4 0 0 0 0 0 0 0 0 0 4 0 0 0 0 0 0 0 0 0 0 0 0.4 0.4 0 15.600000000000001 0 0 3.4000000000000004 5.6000000000000005 0 0 0 0 0 0 0 0 0 0 0 0 0 0 0 0.2 0 0 0 1 0 0 0 4.6000000000000005 0 0 0 0.2 
 0.6000000000000001 0.8 0.6000000000000001 0.4 0.4 0.8 1.4000000000000001 0.4 0.6000000000000001 0.6000000000000001 0.6000000000000001 0.4 16 0.6000000000000001 1 0.4 1.8 0.6000000000000001 0.4 0.8 17 51 0 19 39.800000000000004 29 33 22 14.200000000000001 30.200000000000003 20 34.4 51.2 7 86.4 11 73.60000000000001 69.8 9 7.4 0 0 0.6000000000000001 0.6000000000000001 0 1.2000000000000002 0.6000000000000001 1.6 2.8000000000000003 0.2 0.8 0.2 14 0.2 0 0 0.2 0 4.4 4.2 0.4 0.2 0 0.8 1.2000000000000002 0.8 0.8 0.6000000000000001 9.600000000000001 0.8 0 0.8 0.4 1.4000000000000001 0 0 1.8 0.6000000000000001 1.2000000000000002 1.2000000000000002 0 0 0 0.2 0 0 0 0 0 0 0 0 0.2 0 0 0 0 0 0 0 0 0.2 2 10.200000000000001 4.2 7.800000000000001 0.2 3.8000000000000003 0.2 0.4 6.2 3.2 2.6 3.2 2.6 3.8000000000000003 0.2 0.4 0 5.800000000000001 0 2 0 0 0 0 0 1.8 0 0 0 0 0 0 0 0 0 0 0 3.8000000000000003 3.4000000000000004 0 0.6000000000000001 0 0 0 0 0 0 0 0 0 0 0 0 0 0 0 0 0 0 0 0 0 0 0 0 0.6000000000000001 0 0 0 1.2000000000000002 0 0.8 0 0 0 0 0 0 0 1.4000000000000001 4.4 3.2 0 0 0.2 0 0.2 2.2 3.8000000000000003 0 0 6.6000000000000005 2.6 3.8000000000000003 1.8 5.4 0.6000000000000001 0 0 0 0 0 0.4 0 0 0 0 3.4000000000000004 0.2 0 10.600000000000001 0 0 0 0 0 2 1.4000000000000001 0 0 0 0 0 0 0 0 0 0 0 0 0 0 0 0 0 0 0 0 0 0 0 0 0 0.4 0 0 0 0 0 0 0 0 2.8000000000000003 0 0 17 0.4 0 3.2 0 0 0 0 0 0 0 0 0 0 0 0 0 0 0.2 0 0 0 0 0 2.4000000000000004 0 0 0 0 0 0 0 0 
 0 0.2 0.8 0 0 0 0.4 0 0 0 0 0.2 1 0 0 0 12.200000000000001 14.600000000000001 14.600000000000001 0 28.200000000000003 47 19 0 31.6 7.6000000000000005 56 36.6 64 31.6 9.4 83.80000000000001 13.8 32.6 40.400000000000006 44.400000000000006 59.400000000000006 61 17.6 58.800000000000004 0 0 0 0.6000000000000001 0 0.4 13.8 0.4 1 0.4 0 0.2 13 0.2 0 0 0 0 25.200000000000003 0 0.4 0 9.600000000000001 0 0 0 0.4 0.6000000000000001 0 0 0.4 0 0 0 0 0 0.6000000000000001 0.6000000000000001 0 0 0 0 0 0 0 0 0 0 0 0 0 0 0 0 0 0 0 0 0 0 4.4 9.4 9 2.6 0 2 0 4.2 6 2.6 2 7 0 0 6.2 5.6000000000000005 5.800000000000001 2.4000000000000004 1.8 1.8 0 0 0 0 0.4 1.6 2.6 0 0 0 0 0 0.2 0 0 0 0 0 2.6 2.2 0 0 0 0 0 0 0 0 0 0.2 0 0.4 0 1.4000000000000001 0 0 0.2 0 0 0 1.6 0.2 0 0 0 3.6 0 0 0 0 0 0 0 0.2 0 0 3 0 0 0 4.2 3.6 0.2 1 2 3.4000000000000004 2.6 0 4 4 3.4000000000000004 3.6 1 0.2 0.4 6.6000000000000005 5.6000000000000005 5 0 2.2 0 0.4 0 0 0 0 0 0 0 0 0 0 0 0 0 0 0 0 3 2.8000000000000003 0 0 0 1.8 0 0 2.6 0 0 0 0.2 0 0 0 0 0 0 0 0 0 0 0 2 0 0 0 0 0 0 0 0 0 0 0 1.2000000000000002 0 0.4 0 0 0 0.6000000000000001 4.6000000000000005 0.6000000000000001 0 0 0 0 0 0 0 0 0 0 0 0 0 0 0 0 0 0 2.4000000000000004 0 0 0 0 0 0 0 0 
 0 0 0 0 0 0 0 0 15 0 0 1.2000000000000002 0 0 1 0 0.4 0 0 0 7.2 40.2 39.800000000000004 31.6 0 61 10.8 17.400000000000002 64 52.800000000000004 44 18.6 33.6 16.6 28 33.4 9.4 12.200000000000001 9.8 36.4 0.2 0.6000000000000001 0 1.4000000000000001 0.4 1.4000000000000001 5.2 0.4 0.6000000000000001 0 0.8 0.4 11.4 20.200000000000003 0 2.2 1.2000000000000002 0 14 13.200000000000001 0.4 0.6000000000000001 1.2000000000000002 0.8 0 0 0.4 10 0 0.8 1.6 0.8 0 0 1 0 0.6000000000000001 0.6000000000000001 0 0 0 1.6 0 0 0 0 0 0 0 0 0 0 0 0 0 0 3.6 0 0.6000000000000001 0 0 2.2 8.200000000000001 6.4 6.800000000000001 8.8 0 0 0 0 0.6000000000000001 0.2 0.2 0 0 3 0 0 0 0 1.6 4 0 3 0 0 6.6000000000000005 3.6 0 1.8 3 0 2.8000000000000003 9 0.2 0 0.2 6.6000000000000005 7.2 6.4 0 0 1.4000000000000001 0 0 0 0 0 0 0 0 0 0 0 0 0 0 0 0 0 0.6000000000000001 0 0 0 0 0 0 0 0 0 0 0 0 0 0 0 0.4 0 0 0.2 0 0 0.4 1.8 2.4000000000000004 1.6 0 0 4.800000000000001 4.4 5.800000000000001 5.2 0 0 0 5.2 4 2.6 0 0 2 2.6 0.2 0.4 0 0 2.4000000000000004 0.4 0 2.2 0 0 10.200000000000001 0 0 3.8000000000000003 0 3.2 2.8000000000000003 9.8 0 0 0 0 0.2 0.4 0 0 0 0 0 0 0 0 0 0 0 0 0 0 0 0 0 0 0 0 0 0 0 0 0 0.2 0 0 0.6000000000000001 0 0.4 10 8.8 2.4000000000000004 9.600000000000001 0 0 0 0 0.4 0 0 0 0 0 0 0 0 0.2 0 0 0 0 0 1.6 0 0 0 0 0 0 0 0 0 
 0 0 0 0 0 0 0 0 0 7 0.4 0 0 0 1.2000000000000002 0 0 0 0 0 9.200000000000001 39.6 29 7.6000000000000005 61 0 7.6000000000000005 7.2 21.400000000000002 28 44 12.4 5.4 13.200000000000001 10.600000000000001 48.6 13.4 22.200000000000003 9.200000000000001 76.80000000000001 0.2 0 0 1.6 0 0.4 0.8 0.4 0.6000000000000001 0.4 0 0.2 4 12.600000000000001 0.2 1 0 0 12.4 12.4 0.4 0 0 0 10.200000000000001 0 0.4 0.6000000000000001 0 0 2.2 0.2 0.6000000000000001 0 0 0 0.6000000000000001 0.6000000000000001 0 0 0 0 0 0 0 0 0 0 0 0 0 0 0 0 0 0 0 0 0 0 0 1.8 7 11 5.2 5.2 0 0 0 3.6 2.8000000000000003 0 0 0 0 1.8 0.2 0.2 0 0 2 10 1.4000000000000001 4.800000000000001 3 0 4.4 5.4 0 0 2.2 0 2.6 8.6 3.6 0 1.8 6.6000000000000005 6 10.8 0 0 6.2 0 0 0 0 0 0 0 0 0 0 0 0 0 0 0 0 0 0 0 0 0 0 0 0 0 0 0 1.6 0 0 0 0 0 0 0 0.2 0 0 0 2.2 1.4000000000000001 2.6 7 0 0 3 2.4000000000000004 3.6 3.2 0 0 0 5.2 1.2000000000000002 3.8000000000000003 0 0 6 2.2 0.2 0.2 0 0 2.8000000000000003 0 1.2000000000000002 0 0 0 4.6000000000000005 2.4000000000000004 2.2 3.4000000000000004 7.6000000000000005 2 0.4 7 0 0 0 0 0 0 0 0 0 0.2 0 0 0 0 0 0 2 0 0 0 0 0 0 0 0 0 0 0 0 0 0 0 0 0 0.4 0.4 0.6000000000000001 12.600000000000001 14.8 1.4000000000000001 0.4 0 0 0 0 5.2 0 0 0 0 0 0 0 0 0 0 0 0 0 0 0 0.4 0 0 0 0.2 0 0 0 0 
 0 14.8 16 0.4 19.200000000000003 4.2 0.6000000000000001 0 15 15.600000000000001 0.6000000000000001 0.2 0 0.2 0 0.2 13.200000000000001 0 0 0.8 18 33.2 33 56 10.8 7.6000000000000005 0 18.400000000000002 10.4 7.800000000000001 11.600000000000001 52.400000000000006 48.2 38.2 12.600000000000001 24.6 37 10.8 9 15.200000000000001 0 6 0 0.6000000000000001 0 0.4 0.6000000000000001 0.4 0.6000000000000001 0.6000000000000001 0.2 0.4 0.2 0 0 0.4 0 0 0 0 0.6000000000000001 0 0 2.2 1.2000000000000002 0 7 0.6000000000000001 1.2000000000000002 0 0 1.2000000000000002 0.4 1.6 0 0 0.6000000000000001 0.6000000000000001 0 1 0 0 0.4 1.6 1.4000000000000001 3.6 0 0 0.2 1.2000000000000002 9.4 0.2 0 0 0 2.2 0 2.8000000000000003 0 0 2.8000000000000003 6.4 3.6 0 0.2 0 2.8000000000000003 7.4 0.2 0 0 2.8000000000000003 7.4 0.4 6.2 1.6 4.800000000000001 4 2.6 7.800000000000001 0 0.4 0 0 0 0 0 0 0 0 0 0 0 4.2 0 0 0 0 0 0 0 0 1 0 0 0 0 0 0 0 2.2 0 0 0 0 0 0 0 0 0 0 0 0 0 2.6 0 0 0 0.4 0.2 0 0 0 0 0 0.2 0 0 0 1.6 6 4.800000000000001 2.8000000000000003 6.4 1.6 0 0 0.4 3.2 0 1.4000000000000001 0 4.6000000000000005 9.4 6 2 1.4000000000000001 2.8000000000000003 0 1.6 0 0 0 0 0 0 0 0 0 0 0 0 0 0 0 0 0 0 0 0 0 0 0 0.2 0 0 0.4 0.2 0 0 0 0 0.4 0 0 0 0 0 0 0 0 0 0 0 0 0 0 0 0 0.6000000000000001 0 0 0 0 1 0 0 0.6000000000000001 0 0.2 0.2 3.2 0 0 0 0 0 0 0 0 0 0 0 9.200000000000001 0 0 5.2 0.2 0 0 0 0 0 0 0 0 0 0 0 0 
 0 0 0.2 0.2 16.8 0.2 0.6000000000000001 0 0 1.2000000000000002 0.4 0 0.6000000000000001 0 0 0 0 0 0 0.6000000000000001 18.6 30 22 36.6 17.400000000000002 7.2 18.400000000000002 0 18.6 93.60000000000001 6.2 15.600000000000001 20.8 40 17 57.400000000000006 107.4 11 32.2 53.400000000000006 0.4 12.4 0.6000000000000001 0.6000000000000001 0 0.4 1.4000000000000001 0.4 0.6000000000000001 0 1.2000000000000002 0 0.2 0 0 0 2.4000000000000004 0 0 0.2 0.4 0.8 1.4000000000000001 0 0 0 0.4 1 0 0.4 0 0.2 0 0.8 0 0 0.6000000000000001 0.6000000000000001 0 0 0 0 0 1.8 2.4000000000000004 3.8000000000000003 0 0 0 0 0 1.4000000000000001 0 0 0 0 0 0 0 0 6.2 2.2 18.400000000000002 0 0.2 0 4.2 6 6.6000000000000005 0.4 8.4 0 2.2 1.8 0 2.8000000000000003 4.2 7.4 0.2 3.8000000000000003 0 0 0 0 0 0 0 0 0 0 0 0 0 0 0 0 0 0 0 0 0 0 2.2 0 0 0 0 0 0 0 0 0 0 0 0 1.6 0 0 0 0 0 0 0 0 0.2 1.6 0 0 0 0 0 2.8000000000000003 0 0 0.4 0 0 0 0 0.2 4.6000000000000005 0 1.8 4.4 1.6 0 8.6 1.4000000000000001 2.8000000000000003 9.200000000000001 1.6 5.2 2 1.2000000000000002 7 9 1.4000000000000001 0 8.4 2.8000000000000003 0 0 0 0 0 0 0 0 0 0 0 0 0 0 0 0 0 0 0 1.8 0 0 0 0 0 0 0 0 0 0 0 0 0 0 0 0 0 0 0 0 0 0 0 0 0 0 0 0 0 14.8 0 0 0 0 0.4 0 0.4 0.2 0 0.6000000000000001 2 2.8000000000000003 0 0 0 0 0 0 0 0 0 0 0 0 0 0 0.2 0 0 2.8000000000000003 0 0 0 0.4 0 0 0 0 0 0 
 0.4 0 0 0.2 0 0.2 0.4 0 0 0 1 0 0 0 0.4 0.4 0 0 0.2 0.2 21.200000000000003 53.400000000000006 14.200000000000001 64 64 21.400000000000002 10.4 18.6 0 74 67.8 7 12.600000000000001 16.6 41.2 33.800000000000004 17.6 39.2 27.400000000000002 23 0.2 0 0 13.8 0.6000000000000001 12.8 0.8 0.4 1 0 0.4 0.4 1 0 0.2 0.6000000000000001 0 0 10.8 0 0.4 0 0 0.4 0.2 0 0.6000000000000001 0.6000000000000001 0 0.6000000000000001 0 0 0 0 0 9.600000000000001 0.6000000000000001 0.6000000000000001 0 0 0 0 0 0 1.2000000000000002 0 0 0 0 0 0 0.4 0 0.2 0.2 0 0 0 0 0 0.6000000000000001 3.6 7.800000000000001 6.4 2.8000000000000003 0.8 0 0 1.4000000000000001 5.2 0 4 0 0 0.6000000000000001 0 1.4000000000000001 0.2 0 0.4 1.2000000000000002 0 0 0.8 0 0 0 0 0 0 0 0 0 2.8000000000000003 4.800000000000001 0 0 0 3.6 5.4 0 0 0 0 0 0.2 0 0 0 0 0 0.8 0 0 0 0 0 0 0 0 0 0 0 0 0 0 0 7.4 0 0 0 0 0 1.2000000000000002 0 0 0 0 0 0 0.4 5.2 3 0 1.2000000000000002 1.4000000000000001 6.800000000000001 0 0 0 5.6000000000000005 3.4000000000000004 1.4000000000000001 4 0 2.2 1.8 1 0 0 0.2 0 0 0 0 0 0 1.8 0 0.2 0 0 2.4000000000000004 0 0 2.2 0 0 2.2 0 0 0 0 0.2 0 0 0 0 0 0 0 0 0 0 0 0 0 0 0 0 0 0 0 0 0 0 0 0 0.2 0 0 0 0 0 1 0.4 0.6000000000000001 0.2 0.2 0.6000000000000001 0 0.4 0 0 0 0 2.6 0 0 0 0 0 0 1.6 0 0 0 0 0 0 0 0 0 0.4 0 0 0 0 0 0 
 0 0 0 0 16.2 0 0 0 0 0 1 0 40.2 0 0.4 0 0.2 0 0 0 24.6 24.8 30.200000000000003 31.6 52.800000000000004 28 7.800000000000001 93.60000000000001 74 0 56 36.2 13.8 101.2 16 69.8 14.4 23.200000000000003 8.8 25 0 0 1 1.8 1 0.4 0.8 0.4 0.6000000000000001 0 1 0.2 28.400000000000002 1 0 1.4000000000000001 0.2 0.4 13 1.4000000000000001 0.6000000000000001 10 0 0 1.6 0 1.2000000000000002 0.6000000000000001 1.2000000000000002 0 0.6000000000000001 0.4 0.4 0.6000000000000001 0 0 0.6000000000000001 0.6000000000000001 0 0 0 0 0 0 0 0 0 0 0 5.4 0 0 0 0 0 0 0.4 0 0 0 2.8000000000000003 4 3.4000000000000004 1.8 4.6000000000000005 4 0 1 2.2 3.8000000000000003 4.6000000000000005 0 0 0 0 0 1.4000000000000001 3.8000000000000003 0 0.4 2.2 0.2 0 5.800000000000001 0 0 0.2 2 0 0 0 0.2 0 2.6 0.4 0.2 0.2 0 3.6 5.2 0 0 1.2000000000000002 0 0 0 0 0 0.4 0 0 0 0 0 0 0 0 0 0 0 6.4 0 0 0 0 0 0.2 0 0 0 0 0 0 0 0 0 0.4 0 0 0 0 1.2000000000000002 4.4 0.2 2.8000000000000003 7.800000000000001 0 0 1.4000000000000001 0.4 6.6000000000000005 4 0 3 0 4.4 2.8000000000000003 3 0 0 6 0 0 0.2 0 0 2 0 0 0 0 0 4.2 2 3.8000000000000003 2.2 0 2.4000000000000004 5.4 2.6 0 0 0.2 0 0 0 0.2 0 0 0 0 0 0 0 0 0 0 0 0 0 0 0 2 0 0 0 0 0 0 0 0 0 0 0 1.6 0 0 15.4 15.4 0 0.6000000000000001 0 0.2 0 0 0 3 0 0 0 0 0 0 0 0 0 0 0 0 0 0 2 0 0 0 2.6 1.6 0 0 0 
 0.4 0 0 0.4 0 0 0 0 0 0.4 0 0 0 0 0 0 0 0 0 0 50.2 6.800000000000001 20 9.4 44 44 11.600000000000001 6.2 67.8 56 0 9.4 6.4 6.800000000000001 27.400000000000002 40.400000000000006 20.400000000000002 22 8.6 17.6 0 0 0 0.6000000000000001 0 0.4 13 0.4 0.6000000000000001 0 0 0.2 12.600000000000001 7.2 0 0 0 0 0.8 12.8 0.6000000000000001 0 0 0 0 0 0.4 0.6000000000000001 0 0 0.6000000000000001 0 0 0 0 0 0.6000000000000001 0.6000000000000001 10.4 0 0 0 0 0 0 0 0 0 0 0 0 0 0 0 0 0 0 0.2 0 0 0 0 0 2.8000000000000003 2.6 4 0 0 0 3.8000000000000003 4.6000000000000005 6.800000000000001 0 0 0 0 0.2 0 0 0 2.8000000000000003 7.6000000000000005 0.4 0 0 0 3.8000000000000003 0 2.2 0 0 0 2.4000000000000004 4.2 0.6000000000000001 0 0.4 0.2 0 0.2 0 0 0 0 0 0 0 0 0 0.6000000000000001 0 0 0 0 0 0 0 0 0 0 0 12.8 0 0 0 0 0 0 0 0 0 0 0 0 0 0 0.2 0 0 0 0 0 7.6000000000000005 0 0.2 8.8 0 0 0.2 0 0 7.4 0 0 0 3.2 0 0.2 2 0 4.800000000000001 0.6000000000000001 1.6 0 0 0 2.6 2.2 0.2 0 0 0 2.6 2.4000000000000004 6.6000000000000005 2.6 7 0 2 3 0 0 0 0 0 0 0 0 0 0 0 0 0 0 0 0 0 0 0 0 0 0 0.2 0 0 0 0 0 0 0 0 0 0 0 2 0 0.4 15.200000000000001 0.6000000000000001 0 0.2 0 0 0 0 0 2.8000000000000003 0 0 0.8 0 0 0 0 0 0 0 0 0 0 0 0 0 0 0 0 0 0 0 0 
 0 0.4 0.4 0 0 0 0 0.4 0 0 0.6000000000000001 0 0.4 0.2 0.4 0.2 0 0 0 0.2 21.400000000000002 23.400000000000002 34.4 83.80000000000001 18.6 12.4 52.400000000000006 15.600000000000001 7 36.2 9.4 0 5.4 5.6000000000000005 13.4 57.6 20.200000000000003 15.4 5.4 60.800000000000004 0 0 0 0.6000000000000001 0 0.4 0.6000000000000001 0.4 0.6000000000000001 0 0 0.2 4.800000000000001 0 0 0 0 0 17.6 43 0.4 0 0 0 4 0 1 0.6000000000000001 0 9.200000000000001 0 0 10.4 0.4 0 0 2 0.6000000000000001 0 0 0 0 0 0 0 0 0 0 0 0 2.8000000000000003 0 0 1.8 0 0 0 0 0 0 14 7.800000000000001 10.200000000000001 4 5.800000000000001 0 0 11.600000000000001 6.4 0 0.2 1.4000000000000001 0 0 2.8000000000000003 5.800000000000001 12 9.600000000000001 4.4 0 0 0 0 0 0 0 0 0 0.2 0 0 0 2 0 0 0 0 0 0 0 0 0 2.4000000000000004 0 0 0 0 0 0 0.6000000000000001 0 0 0 0 0 0 0 0 0 0 0 2 0 0 0 0 0 0 0 0 0 0 0 0 0 0 6.4 0 0 0 5.6000000000000005 5.800000000000001 0.4 6.4 0 0 2.2 0 5.2 4.2 6.800000000000001 3.8000000000000003 0.2 2.2 0.2 9.4 2.8000000000000003 4.6000000000000005 0 2.4000000000000004 0 0.2 0 0 2.2 0 0 0 0 0 0 0 0 0 0 0 0 0 0 2.8000000000000003 0 0 0 0 0 0 0 0 0 0 0.4 0 0 0 0 0 0 0 0 0 0 0 2.8000000000000003 0 0 0 0 0 0 0 0 0 0 0 2.6 0 0.2 15.600000000000001 0.2 0 0 0 0 0 0 0 0.2 0 0 0 0 0 0 0 0 0 0 0 0 2.2 0 2 0 0 0 0 4 0 0 1.2000000000000002 
