 0 22.8 25.200000000000003 14.4 54.2 40.800000000000004 119.60000000000001 31.400000000000002 20.6 16.2 5 10 37.4 24.200000000000003 16.8 20.6 10 6.800000000000001 66.60000000000001 16.400000000000002 0 0.4 0 0 0.6000000000000001 0.2 0 15.8 0.6000000000000001 0 0 0 0 0 0 0 0 40.400000000000006 0.4 0 0 0 0 0 0 0 0.4 0 0 0 0 0 0.6000000000000001 0 0 0 0 0 0 0 0 0.6000000000000001 0 0.6000000000000001 0 0 0 0.4 0 0.6000000000000001 0 0 0.4 0 0 0 0 0 0 0 0.6000000000000001 0 0 3.8000000000000003 0 0 0 6.2 4.2 0 0 3.2 0.2 11.600000000000001 1.6 2 3 3 0 1.4000000000000001 0 0 0 0 0 0 1.4000000000000001 0 0 0 2.8000000000000003 0 0 0 0 0 0 0 0 0.4 0 0 0 0 0 0 0 0 0 0 0 0 0 0 0 0 0 0 0 0 0 0 2.8000000000000003 0 0 0 0 0 0 0 0 0 0 0 0.6000000000000001 2.2 0 0 0 0 0.2 1.8 10.200000000000001 7.800000000000001 0 2.6 0.2 5.6000000000000005 6.6000000000000005 3.8000000000000003 0 0 0.8 0 6.2 2.8000000000000003 0 0 0 5.6000000000000005 0 0.4 0 0 2.2 0 2.6 0 0 0 0 0 0 0 0 0 0 0 0.2 0 0 0 0 0 0 0.2 0 0 5.800000000000001 0 0 0 0 0 0 0 0 0 0 0 0 0 0 0 0 0 0 0 0 0 0 0 0.4 0 0 0 0 0 0 0 0 2.6 0 0 0 0.4 0 0.4 0.2 0 0.2 1 0 0 0 0 0 0 0 0 0 0 0 0 0 0 0 0 0 0.2 0 0 0 0 0 0 0 0 0 0 0 0 0 0 0 0 0 0 0 0 
 22.8 0 30.400000000000002 11.600000000000001 42.2 33 49.2 40.800000000000004 31.400000000000002 35.4 10.8 29.400000000000002 10.4 27.400000000000002 68.2 47.2 55.800000000000004 44 6.2 9.600000000000001 16.6 0 0 0 0.6000000000000001 0.4 0.2 0 0.6000000000000001 0 0 0 0.4 0 0 0 0 0 17 0 0 0 0 0 0.8 0 0.8 0 0.2 0 0 0 0.6000000000000001 0 0 0.4 0 0.4 0 0 0 0.4 0.6000000000000001 0.6000000000000001 0 0 0.6000000000000001 0.8 0 11.200000000000001 0 0 0.4 0 10.600000000000001 0 9 0 0.8 0 5 4.4 6.4 5.800000000000001 1.6 18.6 2.8000000000000003 2.8000000000000003 8.6 5.4 11.8 5.4 5.6000000000000005 0 6 5.4 1 3.6 0.4 2.8000000000000003 0 0 0 0 0 0 0 1.6 0 0 0 0 0 0.2 3.2 0 0 0 3 10.8 0.2 0 0 0 0 0 0 0 0 0 0 0 0 0 0 0 0 0 0 0 0 0 0 3.8000000000000003 0 0 0 0 0 0 0 0 0.4 0 0 0 0 0 0 0 2.6 0 0.2 0 0 2.6 0 3 3.8000000000000003 0 0 4.4 0 0.2 2 6.800000000000001 2.8000000000000003 0 0.2 3 3.8000000000000003 0.4 0 0 0 0 4.4 0 0 0 0 0 0 0 0.4 0 0 0 4 0 1.4000000000000001 0 0 5.6000000000000005 0 0 0 0 0 0 0 0 0 0 0 3 0.2 0 0 0 0 0 0 0 0 0 0 0 0 0.2 0 0 0 0 0 0 0 0 0 0 0 0 0 0 0 0 2.2 0.4 0.2 0.4 0 0.4 0 0 0 0 0 0 0 0 0 0 1.6 0 0 0 0 0 0 0 6.6000000000000005 0 0 0 0 3 0 0 0 0 0 0 0 0 0 0 0 0 0 0 
 25.200000000000003 30.400000000000002 0 67.4 7.800000000000001 61.6 99.4 32 42.800000000000004 11.600000000000001 17 52 33.2 29.400000000000002 28.8 11.4 11.8 42.800000000000004 68.60000000000001 94.60000000000001 0 0 0.2 0.4 0.6000000000000001 0 0 5.6000000000000005 0.6000000000000001 0 0.2 0 0 0 0 1.4000000000000001 0 0 1.4000000000000001 0 0 0 0 0.2 0.4 0.4 0.4 0 0 0 0.4 0.4 1 0 0.4 0 0.4 0 0 0.6000000000000001 0.8 0.6000000000000001 0 0.6000000000000001 7.4 0.6000000000000001 0 1.2000000000000002 0.4 0.8 0 0.4 0.8 0 0 0 0 0.4 0 0 1.8 4.2 9.200000000000001 0 0 1.8 2.2 3 4.4 13 0.2 3.2 0 0 2.8000000000000003 6.4 3.6 8 13.8 1 0 0 0 0 0 0 2.6 0 0 0 0 0 0 0 0 0 0 0 2.6 0 0 0.2 0.4 2 0 0 0 0 0 0 0 0 0 0.2 0 2.6 0 0 0 0 0 0 0 0 0 0 0 0 0 0 0 0 0 0.4 0 0 0 0 0 0 0.6000000000000001 1.4000000000000001 0 0 0 0 0 2.8000000000000003 4.2 0 0 4.2 2.4000000000000004 4.6000000000000005 0 3.4000000000000004 0 5.800000000000001 0 1.2000000000000002 0.4 3.4000000000000004 0 0 0 0 0.2 0 0 0 0 0 0 0 0 2.6 0 0 3 2.4000000000000004 0 0.4 0 0 0 0 0 0 0 0 0 0 0 0 0 0 0 0.4 0 0 0 0 0 0 0 0 0 1 0.2 0 4.800000000000001 0 0 0 0 0 0 0 0 0 0 0 0 0 0 0 0 0.2 0 17.8 1.8 0.4 2 0 0 0 0 0 0 0 0.2 0 0 0 0 0 0 0 0 0.4 0 0 0 0 0 0 3 0 0 0 0 0 0 0 0 0 0 0 0 0 
 14.4 11.600000000000001 67.4 0 60.400000000000006 10.8 60.6 20.200000000000003 31.6 42.2 42 56.800000000000004 54.800000000000004 16.8 14.4 21.400000000000002 29.400000000000002 7.4 16.400000000000002 49.400000000000006 7.2 0.4 0.4 0 0.8 0 13.600000000000001 15.8 0.6000000000000001 0 0 0 20 0 0.2 0.8 0.4 0 31.400000000000002 15 0 0 0.4 0.8 0.6000000000000001 0 0.4 0.4 0 0 0 0 0.6000000000000001 0 0.4 0 0 0 12.8 0 0 0.4 0 0.6000000000000001 0.4 0 0 0.4 0 0.6000000000000001 0 0 0.4 0 0 0.8 0.6000000000000001 0 0 0 2 4.6000000000000005 0 5.800000000000001 8.6 0 0 0 4.2 0 3 1.4000000000000001 0 4.2 0 0 4.2 11.200000000000001 0 0 4.4 0 0 0 0 0 3.4000000000000004 0.4 0 0 0 0 0.4 0.8 0 2.2 3.6 0 1.8 0 0 0 0 0 0 0 0 0 0 0 0 0 0 0 0 0 0 0 0 0 0 0 0 0 0 0 0.2 0.4 0 0 0 0 0 0 0 0 0.2 0 0 0.2 4 0 2.4000000000000004 2 5.2 12.600000000000001 0 4.2 16.400000000000002 5.4 0 1.8 0 3.8000000000000003 0 0 0 2.6 0 0 2.8000000000000003 0 0 0 0 0 4.800000000000001 2.2 0 0 0 0 0 8 0 0 0 2.2 1.8 0 0 0 0 0 2 0 0 0 0 0.4 0.4 0 0 0 0 0 0 0 0.2 0 0 0 0 0 0 0 0 0 0 0 0 0 0 0 0 0 0 0.2 0 0 0 1.6 0 0 0 1 0.4 0.2 10.8 17.6 0 2.6 0 0 0 0 0 0 0 0 0 0 0 0 0 0 0.4 0 0 0 0 0 0 0 0 0 4.2 0 0 0 0 0 0 0 0 0 0 0 0 0 
 54.2 42.2 7.800000000000001 60.400000000000006 0 70.8 11.600000000000001 11 12.200000000000001 25.6 27.200000000000003 42.800000000000004 15.4 11.4 13.200000000000001 49.400000000000006 68.60000000000001 11.600000000000001 96.80000000000001 11.8 0.6000000000000001 0 18.6 0 0.8 0 14.8 0 0.6000000000000001 0 0 0 0 0.6000000000000001 0.2 0 0 0 20.200000000000003 0.2 0 0 0 0 2.4000000000000004 0 14.4 0 0 0 0 0 0.6000000000000001 0 0 12.600000000000001 0 0 0 0 0 0.6000000000000001 0 0.6000000000000001 0 0 0 0.4 0 0.6000000000000001 0 0 0.4 0 0 0 0 0 0 0 2.4000000000000004 0 0 0 0 0 2 2.8000000000000003 0 2.2 2.2 4 0 0 0 2.6 0 0 0 0 0 4.6000000000000005 0 0 0 0 0 4.2 0 0 0 0 5.6000000000000005 1.8 6.6000000000000005 0 2.6 0 2.4000000000000004 3 0 0.4 0.2 0 0 0 0 0 0 0 0 0 0 0.4 0 0 0 0 0 0 0 0 0 0 0 0 0 0 0 0 0 2 0 0.4 0 0 0 0 0.4 0 4 0 0 0 5.6000000000000005 0.2 0 7.4 0 3.8000000000000003 0.6000000000000001 0 0 0 0 5.4 0 0 0 0 3.6 10.200000000000001 3.8000000000000003 0 0.4 0 2.6 4.800000000000001 2.4000000000000004 0 3.2 0 4.4 0 2.2 0 2.8000000000000003 0 4.6000000000000005 5.2 0 0 0 0 0 0 0 0 0 0 0 0 0 0 0 0 0 0.2 0 0 0 0 0 0 0 0 0 0.4 0.4 0 0 0 0 0 0 0 0 0 0 0 0 0.4 0 0 0 0.6000000000000001 35.6 0.6000000000000001 0.2 0 0 2.6 0.6000000000000001 0 0 0 0 0 0 0 0 0 1.6 0 0 0 0 0 0 0 0 0 0 0 0 3.6 0 2.6 0 0 0 0 0 0 0 0.2 0 0 0 0 
 40.800000000000004 33 61.6 10.8 70.8 0 26.8 22 28 27.8 39 114.2 6.4 10.600000000000001 25.6 39.400000000000006 41 28.400000000000002 11 7.2 14.4 0 0 0 0.6000000000000001 0 0 0 17.6 0 0.6000000000000001 0 7.4 29.200000000000003 15.4 0.2 0 0 19.400000000000002 16.400000000000002 0 0 0 0 1.6 0 0.8 0 0 0 0 0 0.6000000000000001 0 0 0 0 0 0 0 0 0.2 0 0.6000000000000001 11 0 0 0.4 0 11.4 0 0 0.4 0 0 0 0 0 0 0 5 0 3.2 0 2.8000000000000003 7.4 3 1.6 0 1.8 8.8 2.2 0 0 2.8000000000000003 3.2 1.8 3 0 0 0 0 0 0 0 0 0 3.8000000000000003 0.2 0 0 0 3 0 1.6 2.8000000000000003 0 3 7 2.4000000000000004 0 3.2 0 0 0 0 0.2 0 0 0 0 0 0 0 0 0 0 0 0 0 0 0 0 0 0.8 0 0 0 0 0 0 0 0 0 0 0 0 0 0 0 3 0 0 0 0 6.4 0 3.4000000000000004 2.6 1.2000000000000002 5.800000000000001 0 0 0 2 5.6000000000000005 0 0 0.4 0 4 0 2.4000000000000004 0 0.2 0 2.8000000000000003 2.2 0 0 13 0 6.6000000000000005 0 0 5.4 1.8 0 5.4 2.8000000000000003 0 0 0 0 0 0 0 0 0 0 0 0 0 0 8.200000000000001 0 0 0 0 0 0 0 0 0 0 0 0 0 0 0 0 2.6 0 0.4 0 8.200000000000001 0 0 0 0 0 0 0 0 0 0.2 3.2 0 1.4000000000000001 1.2000000000000002 0 1.4000000000000001 0 0 0 0 0 0 0 0 0 0 0.2 0 0 0 0 0 0 0 0 0 0 0 0 5.800000000000001 0 0 0 0 0 0 0 0 0 0 0 0 0 0 
 119.60000000000001 49.2 99.4 60.6 11.600000000000001 26.8 0 58.2 32.6 69.8 52.800000000000004 48.800000000000004 41.800000000000004 30 123.4 15.200000000000001 40.2 43.6 7.6000000000000005 24.8 0 0 16 0.4 0.6000000000000001 0 0 0.2 15.600000000000001 1.4000000000000001 0 0.2 0.4 12.4 0.4 0.4 1 0 0.6000000000000001 0.6000000000000001 0 0 0.8 0 0.8 0 1.6 0 0 0 0 0 0.4 0 0 0 0 0.2 0 1.2000000000000002 0 1.4000000000000001 0 0.2 0 0 0 0.4 1.2000000000000002 0.6000000000000001 0 0.8 1.8 0 0 0 6.800000000000001 0 0 0 0 9.200000000000001 5.800000000000001 6.4 0 7.4 4 1.4000000000000001 12 16.6 5.4 4.800000000000001 6.6000000000000005 4 0.2 10.200000000000001 1.8 4 1 7.2 0 0.2 0 0 0 0 0 0 0 0 0 0 3 0 0 0 0 0 0 0.2 0 0 0 0 0 0 0.2 0 0 0 0 0 0 0 0.2 0 0 0 0 0 0 0 0.4 0 0 0 0 0 0 0 0 0 0 0.2 0 0 0 0 0 0 0 0 1.6 0 0 4.800000000000001 1.8 2.8000000000000003 12.600000000000001 0 0 6.800000000000001 5.800000000000001 0.2 1.4000000000000001 3.2 5 6.4 0 7.4 0 0 0 0 0 0 0 0 0 0 0 0 0 0 0 0 0 0 0 0 0 0 0 0 0 0 0 0 0 0 0 0 0 0 0 0 0 0 0 0 0 0 0 0 0 0 0 0 0 0 0 0 0 0 0 0 0 0 0 0 0 1.4000000000000001 0 0 0.2 0.4 0.4 0.4 0.8 9.200000000000001 0 2 0 0 0 0 0 0 0 0 0 0 2 0 0 0 0 0 0 0 0 0 0 0 0 0 0 0 0 0 0 0 0 0 0 0 0 0 0 0 
 31.400000000000002 40.800000000000004 32 20.200000000000003 11 22 58.2 0 51.2 11.600000000000001 4.800000000000001 27.6 37.2 12.4 34.800000000000004 46.400000000000006 64.60000000000001 32.4 31.6 13.600000000000001 0.4 0 1 0 0.6000000000000001 0 0 0.2 0.6000000000000001 0 0 0 0 0 0 0 0 0.6000000000000001 15 0 0 0 0 0 0 0 1.2000000000000002 0.6000000000000001 0 0 0 0 0.6000000000000001 0 0.2 0 0 0 0 0 0 0.6000000000000001 0 0.6000000000000001 0 0 0 0.4 0 16 0 0 1.6 0 1.4000000000000001 0 23.400000000000002 0 0 0 2.4000000000000004 9 7.800000000000001 3 2.8000000000000003 4.2 0.6000000000000001 3 5.800000000000001 5.2 3.8000000000000003 1.6 0 0.4 10.4 0 7.2 7.2 0 3 0 0 0 0 0 0 1.8 0 0 0 0 0 2.4000000000000004 0 0 0.2 0 0 0 0 0.4 0 0 0 0 0 0 0 0 0 0 0 0 0 0 0 0 0 0 0 0 0 0 0.2 0 0 0 0 0 0 0 0 0.2 0 1 0 0 0 0.2 0 6 7 8.8 0.2 3 0 1.6 5.2 2 0.8 4.4 0.2 5.6000000000000005 0 0 6 1.4000000000000001 6.800000000000001 0 2.4000000000000004 0.2 0 0 0 0 0 5.4 0 0 0 0 0 1.8 0.2 0 0 0 0 6.800000000000001 0 0 0 0 0 0 0 0 0 0 0 0 0 0 0 0 0 0 0 5.800000000000001 0 0.2 0 0 0 0 0 0 0 0 0 0 0 0 0 0 0 0 0 0 0 0 0 0 0 0 0.4 17.400000000000002 0.4 0 17.400000000000002 0 1.6 2.2 0 0 0 0 0 0 0 0 0 0 0 0 0 0 0 0 0 0 0 0 0 0 0 0 0 0 0 0 0 0 0 0 0 0 0 0 0 
 20.6 31.400000000000002 42.800000000000004 31.6 12.200000000000001 28 32.6 51.2 0 30.200000000000003 33.6 61.2 40 44.2 56.400000000000006 28.6 30.200000000000003 42.800000000000004 20.8 17.8 0 0 0 0 1.8 0 0 16 0.6000000000000001 14.8 0 0 0 0 0 0 0 0 0.6000000000000001 0 0 0 0 0 0 0 2.4000000000000004 1.4000000000000001 0 0 0 0.4 0.6000000000000001 0 0.4 0 0 0 0 0.6000000000000001 0 0.2 0.2 1 0 0 0 0.4 0 6 0 0 1.6 0 0 0 0.6000000000000001 0.2 0 0.2 0 4.800000000000001 2.2 0.2 12.200000000000001 11 0.6000000000000001 3.6 2.6 7.4 10.200000000000001 4.800000000000001 0 2.4000000000000004 12.200000000000001 1.8 8.6 27.200000000000003 0 2.6 0 0 0 0 0 0 2 0 0 0 0 0 0 2 0 0.2 0 0 2.4000000000000004 0 0 0 0 0 0 0 0 0 0 0 0 0 0 0 0 0 0 0 0 0 0 0 0 0 0 0 0 0 0 0 0 0 0 0 5 0 0 0 0 0 3.6 5 4 2.4000000000000004 0 0 0 3.4000000000000004 3.8000000000000003 0 5.2 0.2 2 0 5.4 6.4 0 4 0 0 0.2 0 0 0 0 0 3.8000000000000003 0 0 0 0 0 0 0 0 0 0 0 4.2 0 0 0 0 0 0 0 0 0 3.6 0 0 0 0 0 0 0 0 0 0 0 0 1.6 0 4.4 0 0 0 0 0 0 0.8 0 0 0 0 0 0 0 0 0 0 0 0 0 0 0 18.400000000000002 0 0.6000000000000001 28.400000000000002 1.4000000000000001 13.4 2.2 0 0 0 0 0 0 0 0 0 0 0 0 0 0 0 0 0 0 0 0 0 0 0 0.4 0 0 0 0 0 0 0 0 0 0 0 0 0 
 16.2 35.4 11.600000000000001 42.2 25.6 27.8 69.8 11.600000000000001 30.200000000000003 0 146.6 78.60000000000001 26.200000000000003 14.600000000000001 24.8 68.4 7.800000000000001 7.2 20.400000000000002 56.800000000000004 0.2 0 0 0 0.6000000000000001 0 0 0.8 0.6000000000000001 0 0 0 15 0 0 0 0 0.2 15.200000000000001 0.2 0 0 0 0 1.4000000000000001 0 0.4 0 0 0 0 0 0.6000000000000001 0 0 0 0 0 0 0.6000000000000001 0 0 0 0.6000000000000001 0 0 0 0.4 0 0.6000000000000001 0 0 0.4 0 0 0 0 0 0 0 0 0 0 8.8 0 2.2 0 0 5 0 3.4000000000000004 16 0 0.8 3.8000000000000003 7.6000000000000005 0.2 4 0 0.4 0 0 0.4 0 0 0.2 0.2 3.2 0 0 0 0 2 2.2 3.2 0 3.8000000000000003 0 2.4000000000000004 0 0 0 0 0 0 0 0 0 0 0 0 2.8000000000000003 0 0 0 0 0 0 0 0 0 0 0 0 0.6000000000000001 0 0 0 0 0 0 0 0 0 0 0 0 0 1 0 0 0 6.2 0 3.2 0.6000000000000001 1.2000000000000002 3.8000000000000003 3 10.4 1.6 2.6 3.6 0 2 0 2.2 0.4 0 2.2 0 2.4000000000000004 0 0 0 0 2.2 0 0 0 0 0 6.800000000000001 1.6 0 0 0 0 4.2 0.4 0 0 0 0 0 0 0 0 0 0 0 0 0 3.2 0 3 0 0 0 0 0 0.4 0 0 0 0 0 0 3.6 0 0.2 0 0 0 0 0 0 0 0 0 0 2.4000000000000004 0.4 0 0 0 23.8 0 0.4 18.2 0 2.2 0 0 0 0 0.2 0 0 0 0 0 2.4000000000000004 0 0 0 0 0 0 0 10 0 0 0 0 0 0 4 0 0 0 0 0 0 0 0 0 0 0 0 
 5 10.8 17 42 27.200000000000003 39 52.800000000000004 4.800000000000001 33.6 146.6 0 22.6 5.6000000000000005 51 98.2 11.8 19.400000000000002 49.6 12.600000000000001 57.6 12.4 0 0.2 0.4 0.6000000000000001 0.2 0 0 0.6000000000000001 0.4 0.6000000000000001 0 23.8 4.2 1.4000000000000001 0 0 0 1 20 0 0 0 0 0 0 1.8 3.6 0.6000000000000001 0 0 0 1 0 13.8 0 0 0.6000000000000001 0 0 0 0.4 0 1 0 0 0 0.4 7 4.6000000000000005 0 0 0.8 0 0 0 0.4 0 0 0 0 0 2 0 2.8000000000000003 1 0 0 0 4 2.8000000000000003 4.6000000000000005 0 4.4 2 0 3.8000000000000003 4.4 0 0 0.2 0.2 0 0 0 0 6.800000000000001 0 0 0 0 0 3.4000000000000004 3 0.2 0.4 6.800000000000001 0 3 4.800000000000001 0 6.2 0 0 0 0 0 0 0 0 0 0 0 0 0 0 0 0 0 0 0 0 0 0 1 0 0 0 0 0.4 0 0 0 0 0 0 0 0 0 0 0 0 0 0 2.8000000000000003 5.4 0 0 2.4000000000000004 2.8000000000000003 5.4 7.6000000000000005 0 0 1.2000000000000002 4 0 0 0 0 0 0.4 0 0 0 0 1.8 3 0 0 0 0 0 2.8000000000000003 0 7 4.2 0 3.2 10 0 0 0 0 0 0.4 0 0 0 0 0 0 0 0 0 0 0 0 0 4.4 0 0 0 0 2 0 0 0 0 0 0 0 0.2 0 0 0 0 0 0 0 0 0 0 0 0 0 17.6 0.2 0.4 1 1 2.6 0 0 0 0 0 0 0 0 0 0 0 0 0 0 0 0 0 0 0 0 0 3.8000000000000003 0 2 3.2 6 0 0 0 0 0 0 0 0 0 0 0 0 
 10 29.400000000000002 52 56.800000000000004 42.800000000000004 114.2 48.800000000000004 27.6 61.2 78.60000000000001 22.6 0 8.4 6.2 50.2 90.2 32.4 31 9 13 3.6 0 0.6000000000000001 0 0.6000000000000001 0 0.4 0 0.6000000000000001 0 0 0 14.8 7 0 0 0 0 15.4 6.800000000000001 0 0 0 0 0 0.2 1.8 0.4 0 0 0 0 0.6000000000000001 0 0 0 0 0.4 0 0 0 0.2 0 0.6000000000000001 0 0.4 0 0.4 0 6.800000000000001 0 0 0.4 0 0 0.6000000000000001 0 0 0 0 0.2 0 1.6 2.8000000000000003 2.6 1.8 0.2 6.800000000000001 2.6 0 5.6000000000000005 8.6 0 0.2 1.6 2.6 0 2.2 0.4 0 0 0 0 0 0 0 0 6.2 0 0 0 0 2.2 0.2 1.6 2.8000000000000003 2.6 0 2.2 0 0 2.2 0.2 0 0 0 0 0 0 0 0 0 0 0.2 0 0 0 0 0 0 0 0 0.4 0 0.4 0 0 0 0 0 0 0 0 0.4 0 0 0 0 0 0 3 0 0.2 0 0.2 4.6000000000000005 0.4 3.6 6.800000000000001 3 4.6000000000000005 0 0 0 10.200000000000001 2.6 0 0.2 0 0 3.6 0.2 3.6 0 0 0.2 2.2 3.2 0 0 0 0 2.4000000000000004 0 0 3 2.8000000000000003 0 1.8 2 0 0 0 0 0 0 0 0 0 0 0 0 0 0 0 0 0 0.2 0 0 0 0 0 0 0 0 0 0.4 0.4 0 0 0 0 0 0 0 0 0 0 0 0 0 0 0 0 0.6000000000000001 34.6 0.4 0.2 0.4 0 0.2 0 0 0 0 0 0 0 0 0 0 0 0 0 0 0 0 0 0 0 0 0 0 0 5.6000000000000005 0 2.8000000000000003 0 0 0 0 0 0 0 0 0 0 0 0 
 37.4 10.4 33.2 54.800000000000004 15.4 6.4 41.800000000000004 37.2 40 26.200000000000003 5.6000000000000005 8.4 0 36 27.6 54.800000000000004 10 50.6 104.2 55.800000000000004 0 11.4 0 0 40.6 0 0 14.4 0.6000000000000001 0 0 0 0.2 0.4 0 0 0 0 15 0 0 0 0 0 1.2000000000000002 0 0.4 0 0 0 0 0 0.6000000000000001 0 0 0 0 0 0 0 0 0.2 0 0.6000000000000001 0 0 0 0.4 0 0.6000000000000001 0 0 2.6 0 0 0 0 0 0 0 0 0.2 0 20.8 2 0 6.6000000000000005 4 2.6 2.8000000000000003 0 3 2.6 3.8000000000000003 3 0.2 2 2.6 3.6 2 0 0 0 0 0 0 0 0 0.2 0 0 0 0 0 0 0 0 0 0 0 0 0 0 0 0 0 0 0 0 0 0 0 0 0 0 0 0 0 0 0 0 0 0 1 0 0 0 0 0 0 0 0 0 0 0 0 0 0 0 0 1.8 1.6 4 2 0 0 2.4000000000000004 1.6 3 0 2 0.2 7.4 9 0.2 0 4 10.4 0 1.2000000000000002 0 0 0 0 0 0 4.6000000000000005 0 0 0 0 0 0 3 0 0 0 0 0 0 0 0 0 0 0 0 0 0 0 0 0 0 0 0 0 0 0 0 0 0 3.2 0 0 0 0 0 0 0 0 0 0 0 0 0 0 0 0 0 0 0 0 0.8 0 0 0 0.4 0.2 0.4 0.6000000000000001 0.6000000000000001 0 1.8 2.2 0 0 0 0 0 0 0 0 0 0.2 0 0 0 0 0 0 0 0 0 0 0 0 0 0 0 0 0 0 0 0 0 0 0 0 0 0 0 
 24.200000000000003 27.400000000000002 29.400000000000002 16.8 11.4 10.600000000000001 30 12.4 44.2 14.600000000000001 51 6.2 36 0 54.400000000000006 6 9 25.6 36.2 45.6 0 0.4 0 0 0.6000000000000001 0 0 0 1.2000000000000002 0 0 0 0 0 0 0 0 0 0.4 0 0 0 0 0 0 0 0.6000000000000001 0 0 0 1.8 0 0.6000000000000001 0 0 0.4 0 0.8 0 0 0 0.4 0 0.6000000000000001 0 0.6000000000000001 0.6000000000000001 0.4 0.6000000000000001 0.6000000000000001 0 0.4 0.6000000000000001 0 0 0 0 0 0 0 0 9 6.800000000000001 5.6000000000000005 0 0 4.2 3.4000000000000004 7.6000000000000005 0.8 0 4 11.4 2 1.4000000000000001 6.4 5.2 2.2 10 3.4000000000000004 0 0 0 0 0 0 0 0 0 0 0 0 0 0 0 0 0 0 0 0 0 0 0 0 0 0 0 0 0 0 0 0 0 0 0 0 0 0 0 0 0 0 0 0 0 0 0 0 0 0 0 0 0 0 0 0 0 0 0 0 0 2.4000000000000004 5 2.6 0 0 7.4 9.8 2.6 3.6 2.4000000000000004 0 2 0.2 8.4 0 7 0 0.4 0 0 0 3.6 0.4 0 0 0.2 0 0 0 0 0 0 0 0 0 0 0 0 0 0 0 0 0 0 0 0 0 0 0 0 0 0 0 0 0 0 0 0 0 0 0 0 0 0 0 0 0 0 0 0 0 0 0 0 0 0 0 0.2 0 0 0 0 0 0 0 0 0.2 10.4 0 0 1.8 2.2 0 0 0 0 0 0 0 0 0 0 0 0 0 0 0 0 0 0 0 0 0 0 0 0 0 0 0 0 0 0 0 0 0 0 0 0 0 
 16.8 68.2 28.8 14.4 13.200000000000001 25.6 123.4 34.800000000000004 56.400000000000006 24.8 98.2 50.2 27.6 54.400000000000006 0 28.6 28.6 25.6 34.6 67.60000000000001 0 0.6000000000000001 14.8 0.2 1 0 0 0.2 0.8 0.4 0.8 0 0 0 0.4 0.6000000000000001 0 0.2 0.4 0 0 0 0.4 0.6000000000000001 0 0 0.4 0 0 0.2 13.200000000000001 0 0.6000000000000001 0 0.2 0.8 0.4 0.4 0 0.2 0 0.6000000000000001 0 0.6000000000000001 0 0 1.2000000000000002 0.4 1.2000000000000002 0.6000000000000001 0 0.2 0.4 0.6000000000000001 0 0 8.6 0 0.4 0.4 5.4 7.2 7.800000000000001 2.4000000000000004 0 1.8 13.8 9.4 6 4.4 4.2 3.8000000000000003 6.2 0 0 4.2 2 2.8000000000000003 2.4000000000000004 5.2 0 0 0 0.2 0 0 0.4 0 0 0 0 0 0 0 0.2 0 0 0 0 5 0 0 1.8 0 0 0 0 0 0 0 0 0 0 0 0 0 0 0 0 0 0 0 0 0 0 0 0 0 0 0 0 0 0 0 0 0 0 0 0 0 3 2.8000000000000003 0 0 0 0 1.6 3 2.6 0 0 3 3.6 1 0 3 4.800000000000001 7.4 0 8.8 0 0 0 0 0 0 0 0 0 0 0 0 0 0 0 0 0 0 0 0 0 0 0 0.4 0 0 0 0 0 0 0 0 0 0 0 0 0 0 0 0 0 0 0 0 0 0 0 0 0 0 0 0 0 0 0 0 0 0 0 0 0 1.4000000000000001 0.4 0 0 0 0 0.6000000000000001 0.2 17.2 0 0.8 0 0 0 0 0 0 0 0.4 0 0 0 0 0 0 0 0 0 0 0 0 0 0 0 0 0 0 0 0 0 0 0 0 0 0 0 0 0 0 
 20.6 47.2 11.4 21.400000000000002 49.400000000000006 39.400000000000006 15.200000000000001 46.400000000000006 28.6 68.4 11.8 90.2 54.800000000000004 6 28.6 0 63.2 88 9.4 72.4 0 0.4 0 0 0.6000000000000001 0 0 24 0.6000000000000001 0 10.200000000000001 0 0 0 0 0 0 0 15.8 0.4 0 0 0 0 0.4 0 0.6000000000000001 0 0 0 0 0 0.6000000000000001 0 0 0 0 0 0 0 0 0.6000000000000001 0 0.6000000000000001 0 0 0 0.4 0 9.600000000000001 0 0 0.4 0 0 0 7.800000000000001 0 0 0 4.4 0 0.2 8.4 3 8.200000000000001 3.6 3.2 3.4000000000000004 4 6.2 4.4 0 2.6 5.4 4.4 0 7.2 0 0.2 0 0 0 0 0 0 0 2.2 0 0 0 0 0 2.8000000000000003 0 2.2 0 0 2.6 0.2 0 0 0 0 0 0 0 0 0 0 0 0 0 0 0 0 0 0 0 0 0 0 2.8000000000000003 0 0 0 0 3.2 0 0 0 0 0 0 0 0 0 0 0 0 7.2 0 0 2.2 0.2 1.2000000000000002 0 3.8000000000000003 5 0 0 0 0 3 11 2.8000000000000003 0 2.4000000000000004 0 2.8000000000000003 3.2 2.6 0 0 0 0 15.200000000000001 0 0 0 0 0 2.2 0 0 0 0 0 4.800000000000001 0 0 0 0 0.6000000000000001 0 0 0 0 2 0 0 0 0 0 6.4 0 0 0 0 0 0 0 0 0 0 0 0 0 2.8000000000000003 0 0 0 0 0 0 0 0 0 0 0 0 0 0 0 0 0.2 8.8 0 0.6000000000000001 0.2 0 6 0 0 0 0 0 0 0 0 0 0 0 0 0 0 0 0 0 0 0 0 0 0 0 2.8000000000000003 0 0 0 0 0 0 0 0 0 0 0 0 0 0 
 10 55.800000000000004 11.8 29.400000000000002 68.60000000000001 41 40.2 64.60000000000001 30.200000000000003 7.800000000000001 19.400000000000002 32.4 10 9 28.6 63.2 0 28.8 7.800000000000001 45.400000000000006 0 0 0.2 0 0.6000000000000001 0 0 0 0.6000000000000001 0 0 0 0 0 0 0 0 0 10.600000000000001 0 0 0 0 0 0.4 0 1.2000000000000002 0 0 0 0.2 0 0.6000000000000001 0 0 0 0 0 0 0 0 0.6000000000000001 0 0.6000000000000001 0 0 0 9.600000000000001 0 9.200000000000001 0 0 0.4 0 0 0 0.6000000000000001 0 0 0 3.8000000000000003 7 16.400000000000002 4.2 0.8 10.200000000000001 3.6 7.6000000000000005 5.4 5.4 2 6.4 0.4 2 3.8000000000000003 3.2 0 11 4.6000000000000005 1.2000000000000002 2 0 0 0.4 0 0 0 2.8000000000000003 2.8000000000000003 0 0 0 0.4 2 0.4 2.6 0 0 4.4 2.6 0 0 0 0 0 0 0 0 0 0 0 0 0 0 0 0 0 0 0 0 0 0 0 0 0 0 0 0 0 0 0 0 0 0 0 0 0 0 0 0 5 0 2.4000000000000004 0 0 0 1.2000000000000002 4.2 11.4 3.8000000000000003 0 2 0 4.800000000000001 0 4 0 5.800000000000001 0 1.2000000000000002 0 0 0 0 0 0 2.2 0 2 0 0 0 0 0 0 0 0 0 6.800000000000001 0 0 0 0 0 1.6 0 0 0 0 0 0 0 0 0 0 0 0 0 0 0 0 0 0 0 0.2 0 0 0 0 0 0 0 0 0 0 1.8 2.8000000000000003 0 0 0 0 0 0 0 0 0 9 0.2 10 17.400000000000002 0 3.8000000000000003 0 0 0 0 0 0 0 0 0 0 0.2 0 0 0 0 0 0 0 0 0 0 0 0 0 1.6 0 0 0 0 0 0 0 0 0 0 2.8000000000000003 0 0 
 6.800000000000001 44 42.800000000000004 7.4 11.600000000000001 28.400000000000002 43.6 32.4 42.800000000000004 7.2 49.6 31 50.6 25.6 25.6 88 28.8 0 5.800000000000001 45 0 1.4000000000000001 0.6000000000000001 0.2 0.8 0 0 0 0.8 0 0 0 0 0 0 0 0 0 0.8 0 0.2 0 0 0 0 0 15.4 1 0 0 0 3.6 0.6000000000000001 0 0.2 0 0 0 0 0 0 0.4 0 0.6000000000000001 0 0 0 0.4 0 6.2 0 0 1.2000000000000002 0 0 0 0 0 0 6.800000000000001 0 0 4.2 2.8000000000000003 3.2 6.800000000000001 2 6.6000000000000005 3 9.4 2.2 5 2.4000000000000004 0 8.4 2.8000000000000003 2.2 7.2 3.4000000000000004 5.2 2.2 0 0 0 0 0 2 0 0 0 0 0 0 0 0 0 0 0 2.2 0 0 0.4 0.2 0 0 0 0 0 0 0 0 0 1.8 0.4 0 0 2.8000000000000003 0 0 1.2000000000000002 0 0 0 0 0 0 0 0 0 0 0 0 0 0.4 0 0 0 0 0 0 3.8000000000000003 1.6 0.2 0 0 0 0 1.6 8.200000000000001 0 4.800000000000001 5.800000000000001 2.8000000000000003 4.2 0 2.8000000000000003 0 3.2 0 2.4000000000000004 0.4 1.6 0 0 0 0 5.4 0 0 0 0 0 0 0 0 8.6 0 0 5.800000000000001 5.6000000000000005 0 0 0 0 0 0 0 0 0 0 0 0 0 0 0 0 0 0.2 0 0 0 0 0 0 0 0 0 2.2 0.4 0 0 0 0 0 0 0 0 0 0 0 0 0.4 0 0 0 0.2 17.400000000000002 0 0 17 1.2000000000000002 1.4000000000000001 2.6 0 0 0 0 0 0 0.4 0 0 0.2 0 0 0 0 0.2 0 0 0 0 0 0 0 0 2 0 0 0 0 0 0 0 0 0 0 0 0 0 
 66.60000000000001 6.2 68.60000000000001 16.400000000000002 96.80000000000001 11 7.6000000000000005 31.6 20.8 20.400000000000002 12.600000000000001 9 104.2 36.2 34.6 9.4 7.800000000000001 5.800000000000001 0 80.2 0 0.2 0 0 0.6000000000000001 0 0 0 0.6000000000000001 0.4 0 0.2 0.4 0 0 0 0 0.2 0.4 1 0 0 0 0 17.2 0.4 0.4 0 0 0 0 0 0.6000000000000001 0 0 0 0 0 0 0 0 0.6000000000000001 0 0.6000000000000001 0 8 0 0.4 0 0.6000000000000001 0.8 0 0.4 0 0 0 0 0 0 0 7.4 0 0.6000000000000001 1.6 0 0 2.2 2.8000000000000003 0 0 0 0 0.2 6 0 0.2 0.2 2 0 3.2 0 0 0 0 0 0 0 0 0 0 0 0 0 0 0 0 0 0 0 0 0 0 0 0 0 0 0 0 0 0 0 0 0 0 0 0 0 0 0 0 0 0 0 0 0 0 0 0 0 0 0 1.2000000000000002 0 0 0 0 0 0 0 0 4 2.4000000000000004 2.6 0 0 0 2 4.4 0 2.4000000000000004 0 0 4.2 0.2 0.8 0 1 0 5.6000000000000005 6.6000000000000005 0 0 0 0 0 0 0 0 0 0 0 0 0 0 3 0 0 0 0 0 3.2 0 0 0 0 0 0 0 0 0 0 0 0 0 0 0 0 0 0 0 0 0 0 0 0 0 0 0 0 0 0 0 4.2 0 0 0 0 0 0 0 0 2 0 0 0 0.2 0.2 0 1 0 0 1.8 0 0 0 0 0 0 0 0 0 0 0 0 0 0 0 0 0 0 0 0 0 0 0 0 0 0 0 0 0 0 0 0 0 0 0 0 0 0 
 16.400000000000002 9.600000000000001 94.60000000000001 49.400000000000006 11.8 7.2 24.8 13.600000000000001 17.8 56.800000000000004 57.6 13 55.800000000000004 45.6 67.60000000000001 72.4 45.400000000000006 45 80.2 0 0 0 0 0 0.6000000000000001 0 0 0 0.6000000000000001 0 0 0 0 0 0 0 0 0 0.4 0 0 0 0 0 0 0 0.4 0 0 0 0 0 0.6000000000000001 0 0 0 0 0 0 0 0 0.6000000000000001 0 0.6000000000000001 0 0 0 0.4 0 0.6000000000000001 0 0 1.6 0 0 0 0 0 0 0 1.4000000000000001 9.600000000000001 2 7 2.6 0 2.4000000000000004 0.2 7.800000000000001 4.6000000000000005 0 0.2 5.6000000000000005 2.6 2 5 4.800000000000001 5.800000000000001 0.2 5.6000000000000005 0 0.4 0 0 0 0 0 0 0 0 0 0 0 0 0 0 0 0 0 0.2 0 0 0 0.4 0 0 0 0 0 0 0 0 0 0 0.4 0 0 0 0 0 0 0 0.2 0 0 0 0 0 0 0 0 0 0 0 0 0 0 0 0 0 9 5.6000000000000005 2.8000000000000003 0 0 0 2 2.6 1.6 2.4000000000000004 0 2.8000000000000003 5 5.2 0 0.6000000000000001 3.6 7.2 4.800000000000001 2 0.2 0 0 0 0 0.4 0 0 0 0 0 0 0 0 0 0 0 0 0 0 0 0 0 0 0 0 0 0 0 0 0 0 0.2 0 0 0 0 0 0 0 0 0 0 0 0 0 0 0 0 0.2 0 0 0 0 0 0 0 0 0.4 0 0 0 0 0 0.4 0 0 0.2 17.400000000000002 17 0 1.4000000000000001 2 0.4 0 0 0 0 0 0 0 0 0 0 0 0 0 0 0 0 0 0 0 0 0 0 0 0 0 0 0 0 0 0 0 0 0 0 0 0 
 0 16.6 0 7.2 0.6000000000000001 14.4 0 0.4 0 0.2 12.4 3.6 0 0 0 0 0 0 0 0 0 63.800000000000004 19.400000000000002 14 8.4 6.4 45.2 11.8 7.2 12.200000000000001 63.6 9.600000000000001 127.2 56.400000000000006 52.6 44.800000000000004 6.800000000000001 33.4 18 22.200000000000003 0 0 0 0 0.6000000000000001 0.2 0.8 0 0.4 0 0 0 0 12.4 0.2 0 0.2 0 0.6000000000000001 0.6000000000000001 0 0 0 0.4 0 4 0.4 0 0 0 0 0 0 0 0 0.6000000000000001 8.4 0.6000000000000001 0 0 0 0 0 0 0 0.2 0 0 0 0 0 0 0 0 0.2 0 4.4 0.2 0 0 2.6 2 2.4000000000000004 0 2.6 0 2.6 1.2000000000000002 4.4 0 2.6 4.800000000000001 0.4 3 0.2 0.6000000000000001 12.200000000000001 2.8000000000000003 2.4000000000000004 0 0 1.2000000000000002 0 0 0 0.2 0 0 0.2 0 0 0 0 0 0 0 0 0.4 1.2000000000000002 0 0 0 0 0 0.8 0 0 0 0 0 0 0 3.8000000000000003 0 0.4 0 0 0 0.4 0 0 0 0 3.6 3.6 5 0 0.4 0 3.4000000000000004 2 0 0.2 0 0 0 0 0 0.4 0 4.800000000000001 1.8 0.2 6.2 4.4 0.2 0 5 7.6000000000000005 4 2.2 0 1.6 7 2.4000000000000004 5.2 3.2 2.6 0.2 0 0 0 0 0 0 0 0 0.4 0 0 0.4 0 0 0 0 2.6 0 0 0.4 0 0 1.6 0 0 0 0 0 0 0 0 0 0 0 0 0 0 0 0 0 0 0 0 0 0 0 0 14.8 0 0 0 0 0 0 0.2 1.4000000000000001 0.4 0 0.2 0 0.8 0.4 0 0 0 0 0 0 0 0 0 0 0 0 0 0 1.6 0 2.6 0 2.6 0 0 0 0 0 1.6 2.6 0 0 0 
 0.4 0 0 0.4 0 0 0 0 0 0 0 0 11.4 0.4 0.6000000000000001 0.4 0 1.4000000000000001 0.2 0 63.800000000000004 0 55.2 23.6 30.6 10 29.8 20.6 36.800000000000004 68.2 45.6 6.4 63.400000000000006 43.800000000000004 44 61.2 53.400000000000006 26.200000000000003 9.4 8.6 0 0 0 0 0.8 0 1.4000000000000001 0 0.4 0 5.2 0 0 0 0.4 3.4000000000000004 11.4 0 0.6000000000000001 0.8 0 0 0 0 0 1.8 0.4 0 0 0 0 0 0 0 0 0.4 0.2 0.4 9.600000000000001 0 0 0 0 0 0 0 0 0.2 0 0 0 0 0 0 0 0.2 0 0 1.4000000000000001 0 6.2 0.4 8.4 0.4 9.4 1 0 1.8 3.2 8.4 3 10.600000000000001 0 3.6 0 3.8000000000000003 2.8000000000000003 6.800000000000001 0 0 0.4 2.8000000000000003 0 0 0 0 0.2 4 0.2 0 0 0 0 0 4.800000000000001 0 0 0 3.8000000000000003 0 0.2 0 0 0 1.2000000000000002 0 0 0 0 0 0 0 0 0 0 0.2 0 0 0 0 0 0 5 0 0 2.8000000000000003 0 0 0 0 0 0.4 0 0 0 0 0 0.4 0 0 4.6000000000000005 0 0.6000000000000001 3.8000000000000003 9.8 0.2 0 4 0.6000000000000001 8.4 0 4 0 6.800000000000001 0.2 4.4 0.2 3.4000000000000004 0 7.4 0 0 0 0 0 3.4000000000000004 0 0 0 0 0 0 0 7.4 0 9.600000000000001 0 0 4.800000000000001 0.2 0 0 0 0 0 0 0 0 0 0.2 0.4 0 0 0 0.4 0 0 0 0.2 0 0 0 0 0 0 0.2 0 0 0 0 0 0 0 0 2.6 0 0.8 1.4000000000000001 0 0 0.6000000000000001 0.4 0 0 0 0 0.2 0 0 0 0 0 0 0 0 0 1.2000000000000002 0 0 3 0 0 0 0 0 2.2 4 0.8 0 0 
 0 0 0.2 0.4 18.6 0 16 1 0 0 0.2 0.6000000000000001 0 0 14.8 0 0.2 0.6000000000000001 0 0 19.400000000000002 55.2 0 19.8 22.6 14.4 42 21.200000000000003 80.2 27.6 19 14 56.2 5.2 53.800000000000004 43.800000000000004 53 72.4 8.200000000000001 34.2 0 0 0 0 0.6000000000000001 0 1 0 0.4 0 0 0 0 0 0.4 0 0 0 0.6000000000000001 0.6000000000000001 0 0 0 0 0.2 0 0.4 0 0 0 0 0.4 0 0 0 0.4 0 0.4 0 0 0 0 0 3.4000000000000004 0 0 0 0 0 0 0 0 0 0 0 0 0 0 0 0 5 6.4 2.6 2.2 3.2 0 1.4000000000000001 2 0 5.2 0 5.2 7 4.6000000000000005 4.4 6.2 10 0.2 2.6 0 0 0 0 0 0 2.4000000000000004 0 0.2 0 0 4.2 0 0 0 0 0 0 0 4 0 0 0 0 0 0 0 0 0 0 0 0 0 0 0.4 0 0.6000000000000001 0 0 0 0 0 0 0 1 5.6000000000000005 5 0 0 0 0 0 0 0 0 0 0 1 0 0 0 9 0.2 1.8 5.2 8.8 0 1.2000000000000002 6.4 3.4000000000000004 2 0 7.4 0.2 8.6 6.2 2.4000000000000004 1.4000000000000001 8.4 0 1.6 0 0 0 0 0.4 0.4 0 0 0 0 0 0 0 0.6000000000000001 0 0 0 0 2.6 7.4 0 0 0 0 0 0 0 0 0 0 0 0 0 0 0 0 0 0 0 0 0 1.4000000000000001 0 0 0 0.4 0 0 0 0 0 0 0 0 2.8000000000000003 0.4 0.4 15.200000000000001 0 0.4 3 2 0 0 0 0 0 0 0 0 0 0 0 0 0 0 0 0 0 0 0 0 0 0.2 0 0 0 0 0 0 
 0 0 0.4 0 0 0 0.4 0 0 0 0.4 0 0 0 0.2 0 0 0.2 0 0 14 23.6 19.8 0 32.4 12.8 30.6 24 36 86.2 12.600000000000001 25.6 18.2 40.6 53.2 8.4 52.6 22.8 21.200000000000003 15.200000000000001 0 0 0 0 0.6000000000000001 0 0.8 0 0.4 0 0.8 0 5.800000000000001 13.200000000000001 0 8 0 0 0.6000000000000001 12.8 0.4 0 0 0 0 0 1.4000000000000001 0 0 0 0 0 0 0 0 0.6000000000000001 0.2 0.6000000000000001 10 0 0 0 0 0 0 0 0 0 2.2 0 0 0 0 0 0 0.2 0 0 0 0.4 3.4000000000000004 2.4000000000000004 2.4000000000000004 2.6 0 10.600000000000001 0 1.2000000000000002 5.6000000000000005 0 3 4.4 3.2 5.6000000000000005 0.4 0 2.4000000000000004 3.4000000000000004 0 6.6000000000000005 0 0 3 0 0 0 2 0 1.4000000000000001 0 0 0 1.8 0 5.4 0 2 0 0 7.800000000000001 1.4000000000000001 0 0 0 0 0 0.4 0 0 0 0 0 0 0.8 0 0 0 0 0 0 0 0 0.2 0 0 0 0 0 0 0 0 0 0.2 0 0 0 0 0 0 0 1.2000000000000002 7.2 0 6.2 5 0.2 0 0 6 8.6 1.8 6.2 0 3.4000000000000004 6.2 0 0 2.6 0 0.2 0 3 3.8000000000000003 0 0 0 0 0.4 0 0 0 2.2 6.800000000000001 4 0 0 0 6 0 0 0 0 0 0 0 0 1 0 0 0 0 0 0 0 0 0 0 0 3.8000000000000003 0 0 0 0 0 0 0 0 0 0 0 0 0 0 0 1.2000000000000002 0 0.4 15 15 0.4 0 0.2 0 0 0 0 5.4 0 0 0 0 0 0 0 0 0 0 0 0 2.4000000000000004 0 2.6 0 0 0 1.8 0 0 0 0 
 0.6000000000000001 0.6000000000000001 0.6000000000000001 0.8 0.8 0.6000000000000001 0.6000000000000001 0.6000000000000001 1.8 0.6000000000000001 0.6000000000000001 0.6000000000000001 40.6 0.6000000000000001 1 0.6000000000000001 0.6000000000000001 0.8 0.6000000000000001 0.6000000000000001 8.4 30.6 22.6 32.4 0 32.4 7.6000000000000005 12.8 37.6 17.8 63 24.400000000000002 13.600000000000001 71.2 28 92 27.8 22.8 11.600000000000001 58.800000000000004 0 0 0.2 0 0 0 0.6000000000000001 0 0 0 0 0 14.600000000000001 0 0 0 0.4 0 0 17.400000000000002 0 0.4 0 0 0 1 0.2 0.6000000000000001 0.6000000000000001 0 0 0.4 0 0 0 0 0.2 0 0.8 0 0 0 0 0 0 0 0 0 0 0 0 0 0 0 0 0 0 0 0 0.4 0 0 6.6000000000000005 8.4 9.200000000000001 0 0 0 2 4.4 1.8 5.4 0 0 0 2.6 0 5.6000000000000005 0 0 0 3.6 0 0.8 0 0 7.4 5.800000000000001 4.2 4 0 0.4 0.2 4.2 2.6 0 2.4000000000000004 0 7 3 0 1.6 0 0 0 0 0.4 0 0 0 0 0 0 0 0 2.4000000000000004 0 0 0 0 0 0 0 0 0 0 0 0 0 0 0 0 0.8 0 0 0 0 0 0 0 0 1.2000000000000002 6.2 2.6 8.8 2 0 0 2.2 5.4 0 4.4 0 0 0 0 0 3.2 0 0 0 0 0 0 0 0 0 0 3.6 2.2 0 0 2.8000000000000003 5.2 0.4 1.6 2.2 0 10.600000000000001 3 0 0 0 0 0 0 0 0 0.4 0 0 0 0 0 0 0 0 0.2 0 0 0 0 0 0 3.6 0 0 0 0 0 0 0 0 0 0.4 0.2 0.8 8.8 22.8 0.4 0.4 3.2 0 0 0 0 0 0 0 0 0 0 0 0 0 0 0 0 0 0 0 0.2 0 0 0 0 3.2 0 0 0 
 0.2 0.4 0 0 0 0 0 0 0 0 0.2 0 0 0 0 0 0 0 0 0 6.4 10 14.4 12.8 32.4 0 3.4000000000000004 27.6 15.600000000000001 22.8 86 24.8 49 22.400000000000002 11.4 40.800000000000004 13.4 12.8 53 25.8 12.200000000000001 0 0 0 0.6000000000000001 0.2 24 18.6 13.200000000000001 0.8 0 0.2 0.8 28.200000000000003 0.2 4.6000000000000005 13.200000000000001 0 31.8 6.800000000000001 1 0 0 0.6000000000000001 0 0 0.6000000000000001 0.4 0 0 0 9 0 0 0 0.6000000000000001 0.6000000000000001 0.6000000000000001 0.2 0.2 0 0 0 0 0 4.6000000000000005 0 0 0 0 0 0 0 0 0 0 0 0.2 0 0 0 0 2 6 0 0 0 0 4.6000000000000005 0 0 0 0 0 0 6.6000000000000005 0 0 0 0 3.8000000000000003 0.2 6.6000000000000005 1.4000000000000001 0 2.2 7.2 0.2 7.6000000000000005 5.4 1.6 2.4000000000000004 8.8 6.6000000000000005 2.6 1.6 2.2 2 2 3.6 0 0 0 0 0 0.2 0 0 0 0 0 0 0 0 0 0 0 1.2000000000000002 0 0 0.4 0 0 0 0 0 0 0 0 0.2 0 0 0.6000000000000001 0 0 0 0 0 2 0 0 0 0 1 2.8000000000000003 5.4 0 0 0 0 4.800000000000001 0 0 0 0 0 1.8 2.6 0 0 2.4000000000000004 1.4000000000000001 1 0 0 0 3.6 1.6 11.8 3.2 0.2 0 6.6000000000000005 0 1.4000000000000001 3.8000000000000003 5.6000000000000005 0.8 4.2 2.8000000000000003 0 0 0 0 0 0 0 0 0 0 0 0 0 0 0 0 0.2 0 0 0 0 0 0 0 0 0 0 0 0 0 0 0 0.4 0 0.4 1 0 30 15.8 0.4 1.2000000000000002 1.8 0 0 0 0 0.2 0 0 0 0 0 0 0 0 0 0 0 0 0 0 0 0 0 3.6 0 0 0 0 0 
 0 0.2 0 13.600000000000001 14.8 0 0 0 0 0 0 0.4 0 0 0 0 0 0 0 0 45.2 29.8 42 30.6 7.6000000000000005 3.4000000000000004 0 13.600000000000001 24.400000000000002 44.2 4.6000000000000005 7.6000000000000005 44.2 37.4 22 51.800000000000004 8.8 23.400000000000002 26.200000000000003 64.2 0 0 0 0 0.6000000000000001 0 0.8 0 0.4 0 3.2 0 0 0 0 0 0 0 0.6000000000000001 0.6000000000000001 0 0 0 0 0.8 0 0.4 0 0 0 0 0.8 0 0 0 0.6000000000000001 0 0.6000000000000001 0 0 6.6000000000000005 0 0 0 0 1.6 0 0 0 0 0 0 0 0 0 0 0.4 0 0 0 5.800000000000001 20 0.2 2.6 0 2 2.4000000000000004 3 4.6000000000000005 2 3.6 4.2 2.6 7.4 6.2 3.4000000000000004 2.4000000000000004 6.2 1.4000000000000001 0 0 0 0 0 0 2.2 0 0 0 0 0 0 0 0 0 0.2 0 0.2 2 0 0 0 0 0 0.2 0 0 0 0 0 0 0 0 0 0 0 0 0 0 0 0 0 0 0.4 0 0 0 0.2 0 0 0 0 0.4 0 0 0 0 0 0 0 2 6.4 2 0 5.800000000000001 0 0 4.800000000000001 0 2.4000000000000004 5.2 0 4.2 2.2 1.6 2.4000000000000004 0.2 0 0 4.2 0 0 0 2.2 0 0 0 0.2 0 0 0.2 0 0 0 0 0 0 0 1.8 0 0 0 0.4 0 0 0 0 0 0 0 0 0 0 0 0 0 0 0 0 0 0 0 2.2 0 0 0 0 0 0 0 0 0 0 0.4 1.8 0 0.8 0 0 0 0 0 0 0 0 0 0 0 0 0 0 0 0 0 0 0 0 0 0 0 0 0 0 0 0 3 0 0 0 0 
 15.8 0 5.6000000000000005 15.8 0 0 0.2 0.2 16 0.8 0 0 14.4 0 0.2 24 0 0 0 0 11.8 20.6 21.200000000000003 24 12.8 27.6 13.600000000000001 0 16.6 41.400000000000006 35.800000000000004 20 84.80000000000001 43.800000000000004 24.200000000000003 34.800000000000004 26.400000000000002 8.4 13.200000000000001 37.6 0 0 0.6000000000000001 0.4 1.2000000000000002 0 1 0 0.4 0 0.2 0.4 12.8 0 0 0 0.4 0 10.4 1.8 0 0 1.6 0.2 1 2 0.4 0 0 0 0 0 0 0 0 0.6000000000000001 0 0.6000000000000001 0 0 0 0 0 2.4000000000000004 2.8000000000000003 0 0 0 0 0 0 0 0 2.2 2.4000000000000004 0 2.6 2.6 0 0 0 2.8000000000000003 7.800000000000001 3.6 6.6000000000000005 0.8 0.4 0 3.2 5.6000000000000005 2 0 0 0 1.2000000000000002 2.2 6.800000000000001 6.6000000000000005 0 0 0 0 0 1.8 0 0 2.4000000000000004 0 0 0 0 0 2 0 0.2 0 0 0 0 2.2 0 0 0 0 0 0 0 2.2 0 0 0 0 0 0 0 1.8 0 3 0 0 2.6 3.6 0 3.4000000000000004 0 0 0 0 0 0 0 0 0 0 0 1.4000000000000001 1.4000000000000001 0 0 0 0 2.8000000000000003 0 9.4 0 2.4000000000000004 2.4000000000000004 0 6 2 0 13.8 0 0.4 3.6 0 3.4000000000000004 3.8000000000000003 0 1.8 0 0 0 0 0 1.4000000000000001 0 0 0 0 0 0 0 0.6000000000000001 0 0 0 0 0 3.2 0 1.8 0.8 0 0 0 0 0 0 0 0 0 0 0 0 0 0 0 0 4 0 0 0 0 0 0.2 0.4 0 0 0 0 0 0 0 1.2000000000000002 0 0 0.4 0 0.4 3 0 0 0 0 0 0 0 0 0 0 0 0 0 0 0 0 0 0 0 0 0 0 0 0 0 0 0 0 0 
 0.6000000000000001 0.6000000000000001 0.6000000000000001 0.6000000000000001 0.6000000000000001 17.6 15.600000000000001 0.6000000000000001 0.6000000000000001 0.6000000000000001 0.6000000000000001 0.6000000000000001 0.6000000000000001 1.2000000000000002 0.8 0.6000000000000001 0.6000000000000001 0.8 0.6000000000000001 0.6000000000000001 7.2 36.800000000000004 80.2 36 37.6 15.600000000000001 24.400000000000002 16.6 0 32.800000000000004 8.6 22.8 56.400000000000006 16.8 18.6 24.400000000000002 59.6 15.4 74.8 12.8 0.6000000000000001 0 0.2 0 0.6000000000000001 0 0.6000000000000001 0 0.4 0 0 0 13.200000000000001 0 0.2 0 0 0.6000000000000001 0.6000000000000001 24.6 0.2 0 0 0.8 0 0 1.6 0 1.4000000000000001 0 0 0 0 0 0 0.6000000000000001 0.2 0.6000000000000001 10.200000000000001 0 0 0 0 0 0 3.2 0 0 0 0 0 0 0 0 0 0 0 0 0 0 1.4000000000000001 3.2 1.8 0 8.200000000000001 3 0 6.4 0.2 4.6000000000000005 3.4000000000000004 0 0.8 0 0 0 0 6.6000000000000005 0 0 2 4.2 0 0.2 0 0 3.6 7 1.2000000000000002 4 0 0 1.4000000000000001 9.200000000000001 5.800000000000001 0 0 0 8 0 0 0 0 0 0.6000000000000001 0 0 0 2.6 0 0 0 0 1.6 0 0 0 0 0 2 0 0 1.2000000000000002 0 0 0.4 0 0 0 0 0 0 0 0.4 0 0 0 0.2 0 0 0.6000000000000001 0 3.8000000000000003 0.4 6.2 0 0 2.8000000000000003 0 3.2 3.2 14 0 0 0 6.800000000000001 11 3.4000000000000004 0 5 0 0 4.2 0 0 2.8000000000000003 0 0 4.800000000000001 0 0 0 0.2 2.4000000000000004 0 2 0 0 0.4 0 0 0 0 0 0 0 0 0 0 0 0 0 0 0 0 0 0 0 0 0 0 0 0 0 0 0 0 0 0 0 0 0 0 0 0.8 0 0 0.2 0.2 0.2 0.8 0 0 0 0 0 3.2 0 0 0 0 0 0 0 0 0 0 0 0 0 0 0 0 0 0 0 0 0 0 0 
 0 0 0 0 0 0 1.4000000000000001 0 14.8 0 0.4 0 0 0 0.4 0 0 0 0.4 0 12.200000000000001 68.2 27.6 86.2 17.8 22.8 44.2 41.400000000000006 32.800000000000004 0 36 29.200000000000003 11.200000000000001 15 36.6 38.6 17 91 15 91.2 0 0 0 0 0.6000000000000001 0 0.8 0 0.4 0 1.2000000000000002 0 13.8 0 0 0 0 0 13.200000000000001 1.2000000000000002 0 0 0 0 1 0 0.4 0 0 0 0.2 1.6 0 0 0 0.6000000000000001 0.2 0.6000000000000001 6.800000000000001 3.4000000000000004 0 0 0 0 0 3 0 0 0 0 0 0 0 0 0 0 0 0 0 0 2 4 1.4000000000000001 7.6000000000000005 4.4 9 0 3.8000000000000003 7 1.8 3 7.800000000000001 3.2 0.4 4.2 13.600000000000001 0.4 2.4000000000000004 3.8000000000000003 1.8 0 0 0 0 0 2.6 0.4 0.2 0 0 0 0 3.8000000000000003 0 4.4 0 0 1.8 5 0 0.6000000000000001 0 0 0 0.2 0 0 0 0 0 0 0 0 0 0 0.4 0.2 0 0 0 2.8000000000000003 0 1 0 0 0 0 0 0 0 0 0 0 0 0 0 0 0 0 0 0 2 9.8 6.800000000000001 4.800000000000001 1.2000000000000002 0.4 0 0 10.4 4.2 0 0 0 3.2 3.6 1.8 1.2000000000000002 0.4 4.4 0 0 0 0 0 0 0 0 0 0 0 0 4.4 0.8 0 0 0 1.6 1.2000000000000002 0 0 0 0 0 0 0 0 0 0 0 0 0 0 0 0 0 0 0 0 0 0 0 1.8 0 0 0 0 0 0 0 0 0 0 0 1.4000000000000001 0.4 0 15.8 0.4 0 1.4000000000000001 0 0 0 0 0 0 0 0 0 0 0 0 0 0 0 0 0 0 0 0 0 0 0 0 0 0 0 0 0 
 0 0 0.2 0 0 0.6000000000000001 0 0 0 0 0.6000000000000001 0 0 0 0.8 10.200000000000001 0 0 0 0 63.6 45.6 19 12.600000000000001 63 86 4.6000000000000005 35.800000000000004 8.6 36 0 93.4 62.800000000000004 26.200000000000003 38.800000000000004 90.2 37.4 112 8.200000000000001 23.8 0 0 0 0 0.6000000000000001 0.4 1 0.2 1 0 0 0 0.2 0.4 0.2 0 0 0 0.6000000000000001 19.6 0 0 0 0 0.2 1 0.4 0 0 0 0 0 0 0.6000000000000001 0 0.4 10 0.4 0 0 0 0 0 0 0 0 0 0 0 0 0 0 0 0 0 0 0 0 0 0 0 0.2 5.800000000000001 1.6 4.2 5.4 0 0 9.600000000000001 7 1.4000000000000001 1.4000000000000001 0 0.2 0 5.2 9.4 14.8 0 0 0 3.8000000000000003 0 0 0 0 0 0 5.4 3.8000000000000003 0 0 0 11.200000000000001 0 0 0 0 5 2.6 0 0 0 0 0 0 0 0 0 0 0 0 0 0.2 0 0.4 0 0 0 0 0 0 0 3.8000000000000003 0 0 0 0 0 0 0 0 0 0 0 0 1.8 0 0 0 0.4 2.8000000000000003 2 4.6000000000000005 0 0 0 0 12.4 4.2 0 13 0 0.4 3.6 0.8 1.6 6 0 0 0.8 0 0 0.4 0 2.4000000000000004 0.4 0 4.800000000000001 0 0 0 0.2 0.4 1.6 2.2 0 0 1.8 4 0 0 0 0 0 0 0 0 0 0 0 0 0 0 0 0 0 0 0 0 0 0 0 0 0 0 0 0 0 0 0 0 0 0 5.2 0.8 0.8 14.8 0 0 3.6 3 0 0 0 0 0 0 0 0 0 0 0 0 0 0 0 0 0 0 0 0.2 0 0 2 0 0 0 0 0 
 0 0 0 0 0 0 0.2 0 0 0 0 0 0 0 0 0 0 0 0.2 0 9.600000000000001 6.4 14 25.6 24.400000000000002 24.8 7.6000000000000005 20 22.8 29.200000000000003 93.4 0 24.200000000000003 27 36.6 33.6 28.200000000000003 57 8.8 13 0 0.2 0 0 0.6000000000000001 0 0.6000000000000001 0 0.4 0.6000000000000001 0.2 0 6.6000000000000005 0 0 0.2 14.4 0 0.6000000000000001 13.200000000000001 0 0 0 0 0 0 2.8000000000000003 0 0 0 0 0 0 0 0 0.6000000000000001 0 0.6000000000000001 0 0 0 2.6 0 0 0 0 0 0 0 0 0 0 0 0 0 0 0 0 0 0 0.4 0 2.6 3.6 0 2 0 0 5.2 3 0.2 2.6 2.8000000000000003 3.8000000000000003 0.2 1.4000000000000001 7.800000000000001 0.4 0 2.2 2 0 0 0 0 0 6 0 0 0 0 2.2 4.800000000000001 10 10.600000000000001 0 0 3.8000000000000003 5.800000000000001 0 3.4000000000000004 0 0 0 0 0 0 0 0 0 0 0 0 1 0 0.8 0 0 0 0 0 0 0 1.2000000000000002 0 0 0 0 0 0.2 0 0 0 0 0 0 0.6000000000000001 0 0 0 0 1 0.2 11.8 2 5.6000000000000005 0 0.2 10 2 2.4000000000000004 10.4 0 3.6 5 0 8 7.4 0 0 0.2 3 0.6000000000000001 0.4 0 0.8 0.4 0 3.8000000000000003 3.2 0 0 0 0 2.4000000000000004 2.6 0 2.4000000000000004 0.2 2.6 0 0 0 0 0 0 0 0 0 0 0 0 0 0 0 0 0 0 0 0 0 0 0 0 0 0 0 0 0 0 0 0 0 0 1.8 0.4 0 10 1.2000000000000002 0 2.6 0 0 0 0 0 0.2 0 0 0 0 0 0 0 0 0 0 0 0 2.4000000000000004 0 15.4 0 0 0 0 2.8000000000000003 0 0 0 
