 0 42.800000000000004 67.4 30.200000000000003 25.200000000000003 29 31.8 49 8.4 26.200000000000003 10.8 6.4 42.800000000000004 88.80000000000001 99.4 35.2 23.6 7 68.8 42.400000000000006 0 0 0.4 0 1.6 0 0.4 0 0.6000000000000001 0 0.8 1.6 0.6000000000000001 0 0.4 0.6000000000000001 0.4 0.4 0.6000000000000001 0.6000000000000001 1.2000000000000002 0.4 0 0.6000000000000001 0.6000000000000001 0 0 0 0.6000000000000001 0.4 0.2 0.4 5 0.6000000000000001 0.4 0 0.8 0 0.8 1 0 0.2 0 0 0.4 1 0.4 1 0.4 0 0 0.6000000000000001 0.2 0.2 0 10.8 0.6000000000000001 0.6000000000000001 0 0 0 1.6 5.2 0.2 1.4000000000000001 0 0 0 15 0 9 0 7.6000000000000005 2 3 9.200000000000001 0 2.8000000000000003 6.2 13.200000000000001 0 0 0 0 0 0 0 0 0 0 0.2 0 0 0.4 0 0 0 0 0 1.8 0 0 0 0 0 0 0 0 0 0 0 0 0 0 0 0.4 0 0.2 0 0 0 0 0 0 0 0.8 0 0 0 0 0 0 2.2 0 0 0 0 0 0 0 0 2.6 0 3.4000000000000004 0 0 1.8 5.2 0.6000000000000001 0 0.4 0.2 2 9 0.2 2 3 1 0 5.2 0 0 0.4 0 0 0 0 0 0 0 0 0.4 0 0 0 0 0 0 0 1.2000000000000002 0 0 0 0 0 2 0 0 0 0 0 0 0 0 0 0 0 0 0 0 0 0 0 0 0 0 0 0 0.4 0 0 0 0 0 0 0 3.2 0 1.6 0 0 0 0 0 0.2 0.6000000000000001 0 0 0.4 0.2 0.4 1 0 0 0 0 0 0 0 0 0 0 0 0 0 0 0 0 0.4 0 0 0 0 0 0 2.8000000000000003 3 1.8 0 0 0 0 0 0 0 0 0 0 0 0 
 42.800000000000004 0 97.4 10.8 9.200000000000001 58.800000000000004 12.200000000000001 41 60.400000000000006 12.8 29.6 38.6 68 9.8 48.6 26.8 27.200000000000003 88.60000000000001 6 8.8 0.8 0 0.2 0 0.2 0.2 18.2 0.4 0.8 0 0.6000000000000001 0.6000000000000001 12.600000000000001 0.4 0.2 0.6000000000000001 0.2 0.8 0 0.2 0 0.4 0 0.6000000000000001 0.6000000000000001 0.2 0 0 0 0.4 0 0 0 0 0 0 0.8 0 0 0.6000000000000001 0.4 0.2 0 0 0.6000000000000001 0 0 0.4 0 0 0 0.6000000000000001 0 0 0.2 0.4 11 0.6000000000000001 0.2 0 0 0 0 5 3.6 3 0 0.6000000000000001 0 7.6000000000000005 0 0 0 2.4000000000000004 3 2 0 0 0 3.6 0 0 0 1 0 0 4.800000000000001 0.2 0 0 0 0 0 0 0 0 0 0 1.8 1.6 0 0 0 0 0 0 0 0 0 0 0 0 0 0 0 0 0 0 0 0 1 0 0 0 0 0 3.6 0.8 0 0 0 0 0 0 0.2 0 0 0 0 0 4.6000000000000005 3.8000000000000003 12 1 2 0.2 2 4 3 4.800000000000001 5 0 0 0 0.8 0.2 0.2 0.4 0.4 0 0 0 0 0 0 0 0 0 0 0 0 0 3.4000000000000004 0 0 0 0 0 0.4 6.6000000000000005 0 0 0 0 0 0 0 0 0 0 0 0 0 0 0 0 0 0 0 0 0 0 0 0.4 0 0 0 2.2 0 0 0 0 0 0.4 0 0 0 0 0 0 0 0 0 0 0 0 17.8 0 17.6 0.4 0 1.4000000000000001 0 0 0 0 0 0 0.2 0 0 0 0 0 0 0 0 0 0 0.4 0 0 0 0 0 0 0.2 0 0 0 0 0 0 0 0 0 0 0 0 0 
 67.4 97.4 0 102.2 12.4 48.2 10.4 50 51.800000000000004 27.6 14.4 39.2 48.800000000000004 12 48.800000000000004 45.800000000000004 40.2 29.400000000000002 7.6000000000000005 17.6 0 0.8 0.4 0 0.4 0.6000000000000001 0 0.8 1.2000000000000002 0.2 0.2 0.8 0 0 0.8 0.6000000000000001 0 1 0 1 0 0.4 0 0.6000000000000001 0.6000000000000001 0.6000000000000001 0 0 0 0.4 0.6000000000000001 0 0 0 0 0 1 0.8 0 0.4 0 0 0 1.2000000000000002 0.4 0.4 0 0.8 0.6000000000000001 0 0 1 0.4 0 0 7 1.2000000000000002 1.2000000000000002 0 0 0 5 0 11.8 7.6000000000000005 1.8 4.2 0.2 0.2 4 0 0.4 6.6000000000000005 12.600000000000001 3.6 3.2 2.6 4.800000000000001 0 5.800000000000001 0 0 0 0 0 0 0 0 0 0 0.4 0 4 0 0 0 0 0 0 2.8000000000000003 0 0 0 0 0 0 0 0 0 0 0 0 0.2 0 0 0 0 0.4 0 0 1.2000000000000002 0 0 0 0 0 0 0 0 0 0 0 9.4 0 0.8 0 0 0 0 0 8.8 7 0.2 2.8000000000000003 1.8 2 4.6000000000000005 0 7.4 4 0 5.800000000000001 0 3.2 3.8000000000000003 6.6000000000000005 5 0.2 2.6 2.4000000000000004 0 0 0 0 0 0 0 0 0 0 0 0.4 0 0 0 0 0 0 0.4 4.800000000000001 0 0 0 0 0 0 0 0 0 0 0 0 0 0 0 0 0 0 0 3.6 0 0 0 0 0 0 0 0 0.2 0 0 0 0.4 0 0 0 0 0 0.4 0 0 1.8 0 0 0 0 0 0 0.4 0.4 0 0.4 0 0 0 2.2 0 0 0 0 0 0 0 0 0 0 0 0 0 0 0 0 0 0 0 0.2 0.2 0 0 0 0 0 0 0 0 0 0 0 0 0 
 30.200000000000003 10.8 102.2 0 15.600000000000001 25 14.4 35 44 17.400000000000002 10.200000000000001 58.6 85.60000000000001 17.400000000000002 35.4 6.800000000000001 78.4 50.6 12.4 41.2 0 0 0.4 0 0 0 0 0 0.6000000000000001 0 0.2 0 0.2 13.600000000000001 0.4 0 0 0 14.8 0 0 0.4 0 0.6000000000000001 0.6000000000000001 0 0 0 0 0.4 0 0 0 0 0 0 0.6000000000000001 0 0 0.6000000000000001 0 0 0 0 0.4 0 0 0 0.2 0 1.2000000000000002 0.6000000000000001 0 0 0 7.6000000000000005 0.6000000000000001 1.4000000000000001 0 0 0 3 2.8000000000000003 11.600000000000001 0 0.2 0.2 3 0 2 1.8 0.2 0 0 2 0 2.6 4 2.6 5.800000000000001 7.2 0 0 0 0 0 0 2.6 1.8 0 0 0 3.8000000000000003 0 0 0 0 4.2 0 0 0 0 0 0 0 0 0 0 0 0 0 0 0 0 0 0 0 0 0 0 0 0 0 0 0 0 0 0 0 0 4.2 0.6000000000000001 0 0 0 0 0 0 0 0 4.6000000000000005 4.6000000000000005 3 6.800000000000001 0 0 2.8000000000000003 0 0 1.8 0 2.2 0 0 0 7 2 0 0 0.4 0 2 0 0 0 0 0 0 0 0 3.6 0 0 4.6000000000000005 0 0 2.4000000000000004 0.2 8.6 0 0 0 0 0 0 0 0 0 0 0 0 0 0 0 0 0 0 0 0 0 0 0 0 0 0 0 0 0 0 0 0 0 0 0 0 0 0 0 0 0 0 1.2000000000000002 0 0 0 0 0 0.4 0 0 0 0.6000000000000001 0 0 0 0 0 0 0 0 0 0 0 0 0 0 0 0 0 0 0 0 0 0 0 0 0 0 0 0 0 0 0 0 0 0 0 0 0 0 
 25.200000000000003 9.200000000000001 12.4 15.600000000000001 0 28.400000000000002 11.4 19 19.8 20 62.400000000000006 42 19 71.4 39 26 30.6 45.2 12.200000000000001 19 16.2 0 0 0 0 0 30 0 0.6000000000000001 0 0.4 0.4 13.600000000000001 0 4.800000000000001 0 0.2 0 14.600000000000001 0.2 0 0.4 0 0.6000000000000001 0.6000000000000001 0 0 0 0 0.4 0 0 0 0 0 0 0.6000000000000001 0 0 0.6000000000000001 0 0 0 0 0.4 0 0 0 0.2 0 0 0.6000000000000001 0 0 0 0.6000000000000001 0.6000000000000001 0.6000000000000001 0 0 0.2 3 3.6 0 2.4000000000000004 0 0 3 1.8 5.800000000000001 0 2.8000000000000003 0 0 0 2.6 4.6000000000000005 2.4000000000000004 0 0 1.8 0.2 0 0 0 0 9.600000000000001 4.800000000000001 0 0 0 0 0 2.2 0 0 3.6 0 4.6000000000000005 1.2000000000000002 0 0 0 0 0 0 0 0 0 0 0 0 0 0 0 0 0 0 0 0 1.8 0 3.4000000000000004 0 0 0 1.4000000000000001 2 0 0 0 2.2 0 0 0 0 0.4 0 0 0 0 0.2 11.600000000000001 3.4000000000000004 2.6 3 0 1 0 3.4000000000000004 5.2 0 0 0 2 0.2 0 1 0 0 0 0 0 1.8 0 0 3.4000000000000004 0 0 3.8000000000000003 2.2 6.4 8.4 6.2 0 7.800000000000001 0.6000000000000001 0 5.4 3.4000000000000004 0 0 0 0 0 0 0 0 0 0 0 0 0 0 0 0.4 0 0 0 0 0 0 0 0 0 0 0 0 0 0 0 0 0 0 0 3.2 0 0 0.4 0 0 0 0 0 0 0.6000000000000001 18 0 18 17.400000000000002 0.4 0.4 3 0 0 0 0 0 0 3 0.2 0 0 0 0 0 0.2 0 0 0 0 0 0 0 0 0 0.6000000000000001 0 0 0 0 0 0 0 0 0 0 0 0 0 
 29 58.800000000000004 48.2 25 28.400000000000002 0 9.8 67 26.400000000000002 19.6 48.2 7.6000000000000005 3.8000000000000003 7.6000000000000005 12 35.6 22.200000000000003 26.200000000000003 10.8 11.8 9 16.6 14.8 0 0 0 0.2 0.8 8.8 1.8 15 0.4 0 18.400000000000002 3.8000000000000003 0.4 0 0.4 16.8 5.4 3 0.6000000000000001 0 0.6000000000000001 0.6000000000000001 0 0 0 0 0.6000000000000001 0 0 0 0 0 0 0.2 0 0 0.4 0 0 0 0.4 0.4 8.8 0 0 0.6000000000000001 0 0 0.6000000000000001 0.6000000000000001 0 0.2 0.6000000000000001 0.8 2 0.2 8.8 0 0 2 1.8 7.2 2.2 0.4 0 0 0 2 8.8 0 0 0 0 1 0 0 0 2.6 0 2.6 8 0 0 0.2 4.4 6 4.800000000000001 2 4 3.8000000000000003 5.6000000000000005 3.8000000000000003 0 0 0.2 4.6000000000000005 1.4000000000000001 0 0 0 0 0 0 0 0.4 0 0 0 0 0 0 0 0 0 0 0 0 0.2 0.4 0.4 0.4 0.2 0 2 0.2 0 0 0 1 0 0 0 0 0 0 0 0 0 0 0.6000000000000001 2.8000000000000003 3.2 2.4000000000000004 0 0 0 0.4 1.8 0 0 0 0 2.8000000000000003 0 0 0 0.4 2.8000000000000003 2.8000000000000003 2.6 0 0 0 5.4 1.8 0 0 0 0 3.2 4.4 3.8000000000000003 2.6 2.6 1 7.6000000000000005 0 0 0 0 0 0 0 0 0 0 0 0 2.6 0 0 0 0 0 0 0 0 0 0 0.2 0 0 0 0 0 0 0 0 0 0 0 0 0 0.4 0 0 0 0 0 0 0 0 1.8 0.4 0 0 0 0 0 0 0 0 0 0 0 0 0 0 0 3.8000000000000003 0 0 0 0 0 0 0 0 0 0 0 0 0.6000000000000001 2.2 0 0 0 0 0 0 0 0 0 5 0 0 0 
 31.8 12.200000000000001 10.4 14.4 11.4 9.8 0 12.8 12 53.6 4.800000000000001 7.800000000000001 19.8 6.800000000000001 6 4.800000000000001 8 6.6000000000000005 40.6 18 0 0 0 0 1.2000000000000002 0 0.2 0 0.6000000000000001 0 0.2 0.4 0 0.6000000000000001 0.4 0.4 0 0 0.6000000000000001 0.6000000000000001 0 0.4 0 0.6000000000000001 1 0 0 0 0.6000000000000001 0.4 0 0.4 0 0 0 0 0.6000000000000001 0 0 1.2000000000000002 0 0 0 0 0.4 0.6000000000000001 0 0.4 0.4 0 0.4 0.6000000000000001 0.2 0 0.6000000000000001 0.6000000000000001 0.6000000000000001 0.6000000000000001 0 0.6000000000000001 10.8 0.2 4 0.2 0 0 6.4 0 2.4000000000000004 0 0.2 0 1.2000000000000002 5 11.200000000000001 0 2.4000000000000004 0 4.800000000000001 0 0 0.2 0 0 0 0 0 0 0 0 0 0 0 0 0 0 0 0 0 0 0 0 1.8 0 0 0 0 0 0 0.2 0 0 0 0 0.2 0.4 0 0.4 0 0 0.2 0 1.8 0 0 2.2 0 0 0 0 0 0 0 0 0 0 0 0 0 0 3.2 0.4 0 0 0 0 3.2 8.4 3.2 0 0 0 3.8000000000000003 2 0 0 0 0 0 3.6 0 0 0.4 0 0 0 2 0 0 0 0 0 0 0 0 0 0 0 0 0 0 0 0 0 0 0 0 0 3.2 0 0 0 0 0 0.4 0 0.4 0 0 0 0 0 0 0 0 0 0 0 0.4 0 0 0 0 0 0 0 0 0 0 0 0 0 0 0 0.2 0 0.4 0 0 0 0 0 0 0 0 0.4 0 0 0 0 0 0 0 0.4 0 0 0 0 0 0 0 0.4 0 0 0 0 0 1 0 0 0 0 0 0 0 0 0 0 0 0.2 
 49 41 50 35 19 67 12.8 0 25.400000000000002 28.400000000000002 10.600000000000001 42 48 37.4 55.2 65.8 15.8 7.4 16.400000000000002 29 0 0 0 0 0 0 0 0 0.6000000000000001 0 0.4 0.4 0 0 0 0.4 0 0 0 0 0 0.4 0 0.8 0.4 0.4 0 0 0 0.4 0 0 0 0 0 0 1 0 0 0.6000000000000001 0 0 0 0 0.6000000000000001 0 0 0 0 0 0 0.6000000000000001 0 0 0 10.4 0.4 9.8 0 0 0 4.6000000000000005 5.800000000000001 3.8000000000000003 7 2 0 3 8.8 8.8 10.600000000000001 0.4 1.8 1.2000000000000002 4 11.200000000000001 0 6.6000000000000005 0 8.8 0 0 0 0 0 0 4 0 0 0 0 0 0 0 0 0.2 0 0 0 1.2000000000000002 0 0 0 0 0 0 0 0 0 0 0 0 0 2 0 0 0 0 0 0 1 0 0 0 0 1.2000000000000002 0 0.8 0 0 0 0 0 0 0.2 0 0.4 0 0 0 2.6 7.800000000000001 8.6 7.4 2 0.2 2.8000000000000003 3.6 0 2 0.2 0 0 3.4000000000000004 4.2 0 2.6 7.4 4.2 2 0 0 0 0 0 0 0 0 0 0 0 0 0 0 0 0 0 0.8 0 4 0 0 0 0 0 0 0 0 0 0 0 0 0 0 0 0.4 0 0 0 0 0 0 0 4 0 0 0 0 0 0 0 0 0 0 0 0 0 0 0.2 0 0 0 0 0 0 0.4 17.6 0 0.6000000000000001 0.2 0.2 0.4 2.2 0 0 0 0 0 0 0 0 0 0 0 0 0 0.2 0 0 0 0 0 0 0 0 0 5.2 0 0 0 0 0 0 0 0 0 0 0 0 0 
 8.4 60.400000000000006 51.800000000000004 44 19.8 26.400000000000002 12 25.400000000000002 0 37 48.400000000000006 34.6 21.200000000000003 15.200000000000001 59.800000000000004 14 49.2 38.2 13.8 47.400000000000006 0.6000000000000001 0 0.4 0 0.2 0.4 0 33.2 1 0.2 0.6000000000000001 0.6000000000000001 0.4 0.4 42 0 0.4 0.2 22.6 33.6 0.4 0.8 0.2 0.6000000000000001 0.6000000000000001 0 0.4 0 0.4 0.8 0.4 0.4 0.4 0.4 0.4 0.4 0.4 0.4 0 0.8 0 0 0 0 0.8 0 0.2 0 0.4 0 0.4 0.6000000000000001 0.2 0.2 0 0.6000000000000001 0.8 1 0.6000000000000001 0 0 3.6 0.2 7 4.2 4.4 0 2.6 0 7 1.6 1.4000000000000001 0 0 2.8000000000000003 8.200000000000001 7.6000000000000005 2.6 0 2.6 1.4000000000000001 0 0 0 0 0 3 0 0 0 0 0 6.6000000000000005 0 4 0 0 0 0 3 0 0 0 0 0 0 0 0 2 0 0 0 0 0 0 0 0 0 0 0 0.4 0 0 0 0 0 0 0.4 0 0 0 0 0 0 0 0 0 0 3 0 3.2 1.6 2 7 2 0 0 0 0 7.2 0 1 0 0 0 3.2 2.2 2.6 2.2 0 2 0 0 0 0 0 0 0 0 2 0 0 0 0 2.6 0 0 0 2.8000000000000003 8.8 0 0 0 0 0 0 0 3.6 0 0 0 0 0 0 0 0 0 0 1 7.800000000000001 0 0 0 4.2 0 0 0 0 0 0 1.8 0 0 0.4 0 0 0 0 0 0 0 2 0 0 0 0 17.6 0 0.6000000000000001 17.400000000000002 0 0.6000000000000001 0.4 0 0 0 0 0.2 0 0 0 0 0 0 0 0 0 0 0 0.4 0 0 0 0 0 2.2 0 0 0 0 0 0 0 0 0 0 0 0 0 0 
 26.200000000000003 12.8 27.6 17.400000000000002 20 19.6 53.6 28.400000000000002 37 0 27 69.4 57.800000000000004 51 34.6 54 72.2 62 29.400000000000002 24.8 14.4 0 0 0 0 0 15 0.2 0.6000000000000001 0.4 0.2 0.4 0 0.2 0 0.2 0 0 14.8 0 0 0.4 0 0.6000000000000001 0.6000000000000001 0 0 0 0 0.4 0.6000000000000001 0 0 0 0 0 0.6000000000000001 0 0 0.6000000000000001 0 0 0 0 0.4 0 0 8.200000000000001 0.2 0 0 0.6000000000000001 0 0 0 0.6000000000000001 0.6000000000000001 1.2000000000000002 0.4 0 0.2 4 4.4 0 11.600000000000001 1.8 0 3 3.4000000000000004 7.6000000000000005 5.2 2.2 0 0 6.2 1.6 2.8000000000000003 4.2 0.4 2 0.4 0 0 0 0 0 7 0 0 0 2.2 0 0 0 1.4000000000000001 0 0 0 2 7.4 0 0 0 0 0 0 0 0 0 0 0 0 0 0.4 0 0 0 0 0 0 0.2 0 0 0 0 0 0 0 0 0 0 0.4 0 0 5.4 0 0 0 0 0 3.8000000000000003 4.6000000000000005 3 2.8000000000000003 0 2 0 0.2 2.8000000000000003 1.8 0 2.4000000000000004 0.4 4.4 3.4000000000000004 3 4.6000000000000005 4.2 2 0 5.800000000000001 6 0 0 0 0 0 1.8 0 0.4 0 0 2.4000000000000004 0 4.6000000000000005 0 0 0 0 0.4 0 0 0.2 0 0 0 0 0.2 0 0 0.4 0 0 0 0 1.8 0 0 0 0 1.2000000000000002 0 0 0 0 0 0.2 0 0 0 0 0 0 0 0 0 0 0 2.2 0 0 0 0 0 0 0 0.6000000000000001 0 0 1 0 0 2 0 0 0 0 0 0 0 0 0 0 0 0 0 0 0 0 0 0 0 0 0 0 1.8 2.2 0 0 0 0 0 0 0 0 0 0 0 0 0 
 10.8 29.6 14.4 10.200000000000001 62.400000000000006 48.2 4.800000000000001 10.600000000000001 48.400000000000006 27 0 11.8 9.8 8.6 34.4 14.600000000000001 36.4 27.6 4.800000000000001 58.800000000000004 44.6 1.4000000000000001 0 0 0 0 39.800000000000004 14.4 0.6000000000000001 11.8 0.2 0.4 22.8 15.4 14.8 0 0 0 14.8 15.4 0 0.4 0 7.6000000000000005 0.6000000000000001 0.2 0 0 0 0.4 0 0 0 0 0 0 0.6000000000000001 0 0 0.6000000000000001 0 0 0 10.200000000000001 6.800000000000001 0 0 0 0 0 0 0.6000000000000001 0 0 0 0.4 0.4 3 7.800000000000001 0 0 0 0 0 0 13.4 0.4 0.2 0 10.4 0 6 0 0 0 0 2.8000000000000003 0 0 0.2 4.800000000000001 2.6 2 0 0 0 12 3.4000000000000004 0 0 0 0 0.2 4.2 0 0 0.4 0.2 4.800000000000001 2.8000000000000003 0 0 0 0 0 0 0 0.4 0 0 0 0 0 0 0 0 0 0 0 0 0 0.4 0.4 0 0.2 0 0 2 0 0 0 2.6 0.2 0 0 0 0 0 0 0 0 0 2 0 0.6000000000000001 0.2 0 5.6000000000000005 0 0 7 0 0 3 0 0 0 1.8 0 0.4 0 0.6000000000000001 3.4000000000000004 0 0 0 0.6000000000000001 3.6 0.2 0 0 0 12.200000000000001 5.2 0.6000000000000001 7.6000000000000005 0 0 11 9.4 0 0 0 0 0 0 0 0 0 0 0 0 0 0 0 0 0 0 0 0 0 0 0.2 0 0 0 0 0 0 0 0 0 0 0 0 0 0.4 0 0 0 0 0 0 0 0 0 24.8 0.2 0.4 1.4000000000000001 0 1 0 0 0 0 0 0 0 0 2.8000000000000003 0 0 0 0 0 0 0 0 0 0 0 0 0 0 0 2.6 0 0 0 0 0 0 0 0 0 2.2 0 0 0 
 6.4 38.6 39.2 58.6 42 7.6000000000000005 7.800000000000001 42 34.6 69.4 11.8 0 15.600000000000001 3.6 8.8 27 16.6 58.400000000000006 21.6 47.6 0 14.600000000000001 14.600000000000001 0 0.6000000000000001 0.6000000000000001 0 0 0.6000000000000001 0 0.4 0.4 14.600000000000001 15 14.600000000000001 0 0.6000000000000001 0.6000000000000001 0.2 0 0 0.4 0 0.6000000000000001 0.6000000000000001 0.2 0 0 12 0.4 0.6000000000000001 0 0.6000000000000001 0 0 0 0.6000000000000001 0 0 0.6000000000000001 0 0 0 0 0.6000000000000001 0 0 0 0 0.2 0.4 0.6000000000000001 0 0 0 0.6000000000000001 0.4 0.8 0 0 2.2 1.4000000000000001 5.4 2 0 0 0.2 3.2 2.2 6.2 1.4000000000000001 0 0 0 10.4 4.2 2.6 1 0 1.6 0 0 1.4000000000000001 0 0 2.8000000000000003 0 0 1.8 0 0.4 0 5.6000000000000005 0 2.6 1.6 0 1.6 0 0 0 0 0 0 0 0 0 4.800000000000001 0 0 0 0 0 0 0 0 0 0.4 0 0 0 0 0 0 0 2 0 0 0 0 0.6000000000000001 0.2 0 0 0 0 0 0 0 0 2.4000000000000004 2.6 6.2 0.2 1.6 1.4000000000000001 0 2 2.8000000000000003 3.8000000000000003 8.200000000000001 5.800000000000001 0 0 2.6 5.6000000000000005 0 2.8000000000000003 0 9 0 2.2 0 0 0 0 0 0 2.8000000000000003 0 2 0.4 1.6 0 0 0 2.6 2.6 2.4000000000000004 7 0 0 0 0 0 0 4 0 0 0 0 3.6 0 0 0 0 0 0 0 0 0 0 0 0 0 0 0 0 0 0 0 0 0 0 0 0 0 0 0.4 0 0 1.6 0 0 0 0.4 0.4 0 2.8000000000000003 0.2 5 0 0 0 0.2 0 0 0 0 0 0 0 0 0 0 0 0.2 0 0 0 0 0 0 0 0 0 2 0 0 0 0 0 0 0 0 0 0 0 0 0 
 42.800000000000004 68 48.800000000000004 85.60000000000001 19 3.8000000000000003 19.8 48 21.200000000000003 57.800000000000004 9.8 15.600000000000001 0 20.6 74.4 18 27 51.400000000000006 15 120.4 0 0 0 0 0.2 0 0 0 0.6000000000000001 0 0.4 0.4 0 0.2 14.600000000000001 6.800000000000001 0 0.4 0 0 0 0.4 0 0.6000000000000001 0.6000000000000001 0 0 0 0 0.4 0.8 1.2000000000000002 0 0 0 0 0.6000000000000001 0 0 0.6000000000000001 0 0 0 0 0.4 0 0 0 0.2 0 0 0.6000000000000001 0 0 0 11.4 0.6000000000000001 11 0 0 0 5.2 5.2 0 0.2 0 0 2.2 0.4 1.4000000000000001 2.4000000000000004 2.2 1.8 4.6000000000000005 9.8 0 2.8000000000000003 6.4 2.2 4.4 0 0 0 0 0 0 3.8000000000000003 0 0 0 0 0 0 0 0 0 0 0 0 0 0 2.4000000000000004 0 0 0 0 0 0 0 0 0 0 0 0 0 0 0 0 0 0 0 0 0.8 0 0 0 0 0 0 0 0 0.4 0 0 1.6 0 0 0 0 0 7.6000000000000005 6.6000000000000005 2.4000000000000004 0 0 0.2 8.200000000000001 4.800000000000001 3.2 0 0 8.200000000000001 0.6000000000000001 6.4 4.6000000000000005 16 6.800000000000001 9 3.2 0 0 0 0 0 0 0 0 0 0 0.4 0 0 0 0 0 0 0 0 0 0.2 5.800000000000001 0 0.2 0 0 0 0 0.2 0.2 0 0 0 0 0 0 0 0 0 0 0 0 0 0 0 0 0 0 0 0 0 0 0 0 0 0 0 0 0 0 0 0 0 0 0 0 0.4 0 0.2 0 0 0.2 0 0 0 0 0 0 0 0 0 0 0 0 0 0 0 0 0 0 0 0 0 0 0 0 0 0 0 0 0 0 0 0 1.8 0 0 0 0 0 0 
 88.80000000000001 9.8 12 17.400000000000002 71.4 7.6000000000000005 6.800000000000001 37.4 15.200000000000001 51 8.6 3.6 20.6 0 51 22.6 12 7.800000000000001 18.400000000000002 32.6 0.6000000000000001 0 0 0 0 0 0 0 1.2000000000000002 0 0.2 0.4 0 0 0 0.2 0 0.2 0.4 0.4 0 0.4 0 0.6000000000000001 0.6000000000000001 0.6000000000000001 0 0.4 0 0.6000000000000001 0 0 0 0 0 0 0.6000000000000001 0 0.4 0.6000000000000001 0 0 0 0 0.4 0.6000000000000001 0 0.2 0.2 1 0 0.6000000000000001 0.2 0 0.4 0.6000000000000001 0.6000000000000001 12.600000000000001 0.6000000000000001 0 0 1 4 0 1 0 0 0 7.4 1.8 7 0 2.4000000000000004 1.8 3 10 0 15.200000000000001 0 3.6 0 0 0 0 0 0 2.8000000000000003 0 0 0 0 0 0 0 0 0 0 0 0 0.4 1.6 11.4 0 0 0 0 0 0 0 0 0 0 0 0 0 0 0 0 0 0 0 0 0.6000000000000001 0 0 0 0 0 0 0 0 0 0 0 0.2 0 0 0 0 0 0.2 0 3.8000000000000003 5 0 0 10.8 3.6 2.8000000000000003 3 0 0.2 2.4000000000000004 3.6 3.4000000000000004 0.2 3.4000000000000004 9.4 4.6000000000000005 1.6 0 0 0 0 0 0 0 0 0 0 0 0 0 0 0 0 0 0 0 0 0 0 0 0 0 0 0 0 0 0 0 0 0 0 0 0 0 0 0 0 0 0 0 0 0 0 0 0 0 0 0 0 0 0 0 0 0 0 1.8 5.2 0 0 0 0 0 17.6 0 0 0.4 0 0 0.8 0.4 0 0 0 0 0 0 0.4 0 0.4 0 0 0 0 0 0 0 0 0 0 0 0 0 0.4 0 2 0 0 0 0 0 0 0 0 0 0 0 0 
 99.4 48.6 48.800000000000004 35.4 39 12 6 55.2 59.800000000000004 34.6 34.4 8.8 74.4 51 0 59.2 10.8 53.800000000000004 58 104.80000000000001 0.2 0 0 0 0 0 0 0.4 0.6000000000000001 0 0.4 0.4 14.4 0 7.4 0 0 0 15 0 0 0.6000000000000001 0 0.6000000000000001 0.6000000000000001 0 0 0 0 0.6000000000000001 0.8 0.4 0 0 0 0 0.2 0 0 0.4 0 0 0 0 0.4 0 1.2000000000000002 0 0.6000000000000001 0 0 0.6000000000000001 0.6000000000000001 0 0 10.8 0.6000000000000001 7.2 0.2 0 0 6.4 3.2 3.4000000000000004 4.4 0.4 0.4 7.800000000000001 5.4 4.6000000000000005 3 2 0 3.2 9 10.200000000000001 2.6 8 3 3.6 0 0 0.2 0 0 0 0 0.2 0 0 0 0 0 0 0 0 0 0 0 0 0 0 0 0 0 0 0 0 0 0 0 0 3.2 0 0 0 0 0 0 0 0.8 0 0 0.4 0 0 0 0 0.4 1.8 0 0 0 0 4.6000000000000005 0 0 0 0 0 2.2 4.4 5.2 6.2 2.2 1.2000000000000002 0.8 2 0 5.4 1.8 2.6 0 7.4 7 1.8 5 8.6 3.6 0 5.2 0 0.2 0 0.4 0 0 0 0 0 0 0 1.4000000000000001 0 0 0 0 0 2 2.2 0 0 0 0 0 0 0 0 0 0 0 0 0 0 0 0 0 0.2 0 0 0 0 0 0 0 0 0 0 0 0 0 0 0 0 2 0 0 0 0 0 0 0 0 0 0 0.4 0.4 0.2 0.8 0.4 1.8 1 2.6 0 0 0 0 0 0 0 0 0 0 0 0 0 0 0 0 0 0 0 0 0 0 0 2.2 0 0 0 0 0 0 0 0 0 0 0 0 0 
 35.2 26.8 45.800000000000004 6.800000000000001 26 35.6 4.800000000000001 65.8 14 54 14.600000000000001 27 18 22.6 59.2 0 13.200000000000001 7 24.8 16.8 0 0 0 0 0 0 0 0 0.6000000000000001 0.6000000000000001 0.8 0.4 0 0 0 0 0.2 0 0 0 0 0.4 0 0.6000000000000001 0.4 0.4 0 0 0 0.4 0 0 0 0 0 0 0.6000000000000001 0 0 0.6000000000000001 0 0 0.2 0 0.6000000000000001 0 0 0 0 0 0 0.6000000000000001 0 0 0 0.2 0.4 0.6000000000000001 0 0 4.4 2 7 0.2 6.6000000000000005 0 4.6000000000000005 4.4 1.6 4.6000000000000005 6.6000000000000005 2 0 0 0.2 8.4 2.8000000000000003 3.2 1.8 3 0 0 0 0 0 0 0 0 0 0 0 0 0 0 1 0.2 0 0.4 0 1.2000000000000002 0 0 0 0 0 0 0 0 0 0 0.2 0 1.6 0.4 0.2 0 0 0 0 0 0 0 0 0 0 0 0 0 0 0 0 0 0 0 0.6000000000000001 0.2 0 0 0 0 0 0 2.8000000000000003 3.4000000000000004 2.6 4.2 12.8 2.8000000000000003 0.2 4.4 0 5.6000000000000005 1.6 3.6 3.6 5 2.4000000000000004 2.8000000000000003 2.2 2 0 0.2 0 0 0 0 0 5 0 0 0 0 0 0 0 0 0 0 0.2 2.2 0 0 0 0 0 2.6 0 0 0 0 0.4 0 0 0 0 0 0 0 0 0 0 0 0 0 0 0 0.4 0 0 0 0 0 0 0 0 0 0 0 0 0 0 0 0 0 0 0.2 0 0 1 0.2 2 1.6 4.6000000000000005 0 2.2 0 0 0 0 0 0 0 0 0 0 0 0.2 0 0 0 0 0 0 0 0 0 4.2 0.2 0 0 0 0 0 0 0 0 0 0 0 0 
 23.6 27.200000000000003 40.2 78.4 30.6 22.200000000000003 8 15.8 49.2 72.2 36.4 16.6 27 12 10.8 13.200000000000001 0 16.2 8.8 44 0 0 0 0 1.2000000000000002 0 0 0 1.8 0 0.6000000000000001 0.4 0 34.800000000000004 0.2 1.2000000000000002 0 7.4 25.400000000000002 0 0 0.4 1.2000000000000002 12.4 0.4 0.4 0 0.8 1.2000000000000002 0.4 0 0 0 0 0 0 0.6000000000000001 0 0 0.6000000000000001 0 0 0.4 0 0.6000000000000001 0 0 0 0 0 0 0.6000000000000001 0 0 0 7.4 0.4 0.8 0.6000000000000001 0 0 7.2 0 1.6 0 0 0 0.2 0.2 1.2000000000000002 2.6 1.6 4.2 4.800000000000001 2.6 2.8000000000000003 5 1.2000000000000002 0 2.2 0 0 0.2 0 0 2.6 0 1.2000000000000002 6.2 0 0 0 3.4000000000000004 0 2.2 0.6000000000000001 0 0.2 3.6 6.6000000000000005 0 0 0 0 0 0 0 0 0 0 0 0 0 0 0 0 0 0 0 0 0 0 0 0 0 0 0 0 0.2 0 0 1.4000000000000001 0 0 0 0 0 0 0 0 1.8 5.800000000000001 0 3.2 0 0 0.2 0 3.4000000000000004 1.6 2 2.8000000000000003 0 0 2.6 2.8000000000000003 8 2 0 2.2 3 0 0.2 0 0.4 0 2.6 0 0 0 1 0 4 4.6000000000000005 2.4000000000000004 0 3.2 0 2.8000000000000003 1.4000000000000001 0 0 0 0 0 0 0 0 0 0 0 0 0 0 0 0 0 0.2 0 0 0 0 0 0.4 0 0 0 0 0 0 0 0 0 0 0 0 0 0 0 0 0 6.2 0 0 0 0.4 0.4 0 0 1.4000000000000001 0 0.6000000000000001 0 0.4 0 0 0 0 0 0 0 0 0 0 0 0 0 0 0 0 0 0 0 0 0 2.6 0 0 0 0 0 0 0 0 0 0 0 0 0 0 
 7 88.60000000000001 29.400000000000002 50.6 45.2 26.200000000000003 6.6000000000000005 7.4 38.2 62 27.6 58.400000000000006 51.400000000000006 7.800000000000001 53.800000000000004 7 16.2 0 5 142 0 0 0 0 0 0 0 0.4 0.6000000000000001 0 0.4 0.4 15 31 0.2 0.4 0 0 25.400000000000002 0 0 0.4 0 0.6000000000000001 0.6000000000000001 0 0 0 0 0.4 0 0 0 0 0 0.2 0.4 0 0 0.4 0 0 0 0 0.4 0 0 0 0.6000000000000001 0 0 0.6000000000000001 0.4 0 0 0.6000000000000001 0.6000000000000001 0.6000000000000001 0.4 0 0.2 0 0.2 6.6000000000000005 0.8 0 0 0 0 5.6000000000000005 1.8 2.6 0 0 2.6 8.4 2.6 0 0.2 7.2 2.4000000000000004 0 0.2 0 0 0 0.2 0.4 4.6000000000000005 0 0 0 0 0 1.6 0 0 0.2 5.800000000000001 2.6 0 0 0 0 0 0 0 0 0 0 0.4 0 0 0 0 0 0 0 0 0 0 0 0 0 0 0 0 0 0 0 0 1.6 0 0 0 0 0 0 0 0 0 0 2.6 4 4.6000000000000005 2 0 3.4000000000000004 0 3.2 4.6000000000000005 0 0.2 0 0 2 3 4 0 0 3 0 2.2 0 0 0 2.2 9.200000000000001 0 0.2 0.4 0 7.4 3.6 2.2 0 8.8 0 14.200000000000001 4.6000000000000005 0 0 0.2 0 0 0 0 0.4 0 0 0 0 0 0 0 0 0 0 0 7.4 0 0 0 0 0 5.800000000000001 0.4 0 0 0 3.4000000000000004 0 0 0 0 0 0 0 0 0 0 0 0 0 0 0.4 0.6000000000000001 0.2 0.2 2.2 1.8 0.8 0 0 0 0 0 0 0 0 0 0 3.6 0 0 0 0.2 0 0 0 0 0 0 0 0 2.4000000000000004 2.6 0 0 0 0 0 0 0 0 0 0 0 0 0 
 68.8 6 7.6000000000000005 12.4 12.200000000000001 10.8 40.6 16.400000000000002 13.8 29.400000000000002 4.800000000000001 21.6 15 18.400000000000002 58 24.8 8.8 5 0 15.200000000000001 0 0 0 14.8 0 0 0 0 0.6000000000000001 0 0.4 0.4 0.2 0 0 0 0 0 0.4 13 0 0.4 0 0.6000000000000001 0.6000000000000001 0 0 0 0 0.4 0 0 1 0 0 0 0.6000000000000001 0 0 0.6000000000000001 0 0 0 0 0.4 0 0 0 0.2 0 0 0.6000000000000001 0 0 0 0.6000000000000001 0.6000000000000001 0.6000000000000001 0 0 6 3 0 3.2 0 0 7.4 1.4000000000000001 11.200000000000001 2.6 2.2 0 4.800000000000001 9.200000000000001 3 2.4000000000000004 0 1.8 4.800000000000001 0.6000000000000001 0 0 0 0 0 0 0 0 0 0 0 0 0 0 0.6000000000000001 0 0 0 0 0 0 0 0 0 0 0 0 0 0 0 0 0 0 0 0 0 0 0 0 0 0 0 0 0 0 0 0 0 0 0 0 0 0 0 2.8000000000000003 0 0 0 0 0 0 0 0 7.4 0 0 0 0.4 8.8 0 1.6 2.2 1.6 0 4 0.4 4.4 4.2 0 7 0 0 0 0 0 0 0 0 0 0 0 3.8000000000000003 0 0 0 0 0 0 0 2.2 0 0 0 0 0 0 0 0 0 0 0 3.2 0 0 0 0 0 0 0 0 0 0 0 0 0 0 0 0 0 0 0 0 0 0 0 0 0 0 0 0 0 0 0 0 0 0.8 0.2 0 0.2 0 0 0.4 0 0 0 0 0 0 0 0 0 0 0 0 0 0 0 0 0 0 0 0 0 0 0 0.6000000000000001 0 2.4000000000000004 0 0 0 0 0 0 0 0 0 0 0 0 
 42.400000000000006 8.8 17.6 41.2 19 11.8 18 29 47.400000000000006 24.8 58.800000000000004 47.6 120.4 32.6 104.80000000000001 16.8 44 142 15.200000000000001 0 0 0 0.2 0.4 0 0.4 0 0 0.6000000000000001 0 0.4 0.4 0 0 0 0 0 0 0 0 0 1 0 19.200000000000003 1.6 0 0 0 0 1 0 0 0 0 0 0 0.6000000000000001 6.2 0 0.6000000000000001 0 0 0 0 0.4 0 0 0 0.2 0 0 0.6000000000000001 0 0 0 7.800000000000001 0.6000000000000001 10.8 0 0 5 3.2 4 6.6000000000000005 0 0 5.2 6.2 2 6.800000000000001 2 0 4.800000000000001 7 4.6000000000000005 1.6 0 5.2 2.8000000000000003 5 0.2 0 0.4 0 0 0 0 0 0 0 0 0 0 0 0 2.8000000000000003 0 0 0 0 0 0 0 0.4 0 2 0 0 0 0 0 0 0.4 0 0 0 0 0 0.2 0.2 0 0 0 0 0 1.2000000000000002 0 0 0 0 0 0 0 0 0 0 0 1.8 0 0 0.4 4 0.4 5.800000000000001 0 0 2.6 2.8000000000000003 0 0 2 3 4 3.6 0 0 4.6000000000000005 2.8000000000000003 2.8000000000000003 6.2 0 0 0 0 0 0.4 0.2 0 0 0 0 0 0 0 0 0 0 0 0 5 0 0 0 0 0 0 0 0 0 0 0 1.8 0 0 0 0 0 0 0 0 0 0 0 0 0 0 0 0 0 0 0 0 0 0 0 0 0 0 0 0 0 0 0 0 0 0 0.4 0.4 0.6000000000000001 0 0.2 0.4 0 0 0 0 0 0 0 0 0 0 0 0 0 0 0 0 0 0 0 0 0 0 0 0 0 0 0 0 0 0 0 0 0 0 0 0 0 0 
 0 0.8 0 0 16.2 9 0 0 0.6000000000000001 14.4 44.6 0 0 0.6000000000000001 0.2 0 0 0 0 0 0 31 31.200000000000003 5.4 13.600000000000001 6.4 27.8 6.6000000000000005 37.800000000000004 21.8 8.6 26.200000000000003 85.60000000000001 9.200000000000001 38.800000000000004 19 4.6000000000000005 20 7.6000000000000005 59.400000000000006 0 0 0 1.2000000000000002 0.4 0.4 0 0 0 42 0 0 0 0 1.2000000000000002 13.200000000000001 0 0 41.2 0 0 0 0 0 0 0 0.2 4 0 0 0.4 0.8 0.4 0 0.2 0.6000000000000001 2.2 3.6 0.6000000000000001 0 0 0 0 0 0.2 7.800000000000001 0 0 0 1.6 0 5 0 0 0 0 0 0 0 0 7 0 4.800000000000001 1.4000000000000001 1.8 0 4.4 2.8000000000000003 2 0 5.800000000000001 0 3.4000000000000004 8 1 0 0 0 2.2 3.8000000000000003 0 0 0 0 0 0 6 0 0 0 0.4 3.6 0 0 0 0.2 0 0 3.2 2 0 0 0 0 0 0 0 0 0.2 0 0 0 0 0 0 0 0 0 0 0 0 0.4 0.2 0.4 2.2 2.4000000000000004 3.2 0.6000000000000001 0 0 2.8000000000000003 0 0 0 0.2 0 5 0 0 0 5.800000000000001 6.2 2.8000000000000003 4 0 2.2 0 5.6000000000000005 0 0 0.2 0.2 2.8000000000000003 6.800000000000001 2.6 4.6000000000000005 6.4 0 0.6000000000000001 3.8000000000000003 0 0 0 0.2 0 0 0 0 0 0.2 0 0 2 0 0 0 0 0 0 0 0 0 0 0 0 0 0 0 0 0 0 0 0 0 0 0 0 0 0 0 0 0 0 0 0 0.4 15.4 0 0 0 0 2.2 0 0 2.8000000000000003 0 0.4 0 0 0 0.2 0 0.4 0 0 0 0 0 0 0 0.4 0 0 0 0 0 0.2 0 0 0 0 2.4000000000000004 0 0 0 0 6.2 0 0 0 
 0 0 0.8 0 0 16.6 0 0 0 0 1.4000000000000001 14.600000000000001 0 0 0 0 0 0 0 0 31 0 76.60000000000001 31 7.4 26.200000000000003 30.8 38.2 75 54.2 24.200000000000003 26.200000000000003 11.4 31.400000000000002 70.2 22.8 7 35 8.8 42 0.8 0 0 1.4000000000000001 0.4 0 0 0 0 0.6000000000000001 0 0 0 0 0.6000000000000001 0.6000000000000001 0.4 0 13.4 0.2 0 0.4 0 0.6000000000000001 0.4 0.6000000000000001 0 1 0 1 0.4 0 0 0 0 0.4 0.4 1.4000000000000001 0.6000000000000001 0 0 0 0 0 0 0.2 0 0 0 0 0 1.2000000000000002 0 0 0 0 0 0 0.4 0 1.6 2.8000000000000003 4.6000000000000005 0 2 9.4 0 2 0 1.2000000000000002 1.6 4.4 3.8000000000000003 2.6 1.2000000000000002 5.4 0 17.400000000000002 2.2 2.2 0 0 0 0 0 0 2 0 2 0 0 0 0 0 0 2 0 0 2.4000000000000004 0.2 0 0.4 0.2 0 0 0 0.2 0 0 0 0.4 0 0 0 0 2.8000000000000003 0 0 0 0 0 0.4 0 0 0.2 1.8 2.8000000000000003 0 0 1 0.2 0 0 0 0 0 0 2.4000000000000004 4.6000000000000005 0 1.2000000000000002 2.2 0.2 4.4 0 0 0.2 0 7.6000000000000005 0 10.4 2.8000000000000003 0 0 2 5.6000000000000005 3.6 1.4000000000000001 3.2 0 0 0 0 0 0 0 2 0 0 0 0.2 0 3.6 3.2 2.2 0 0 0 1.6 0 0 0 0 1.8 0.4 0 0 0 0 0 0 0 0.4 2.2 0 0 0 0 0 0 0 1.6 2 0 0 0 0 0 0 0 0 0 0 0 2.8000000000000003 0 0.4 0 3.4000000000000004 0 0.4 0 0 0 0 0 0 0 0 0 0 0 0 0 0 0 0 0 0 0 0 2 0 0 0 2.4000000000000004 3 0 0 0 
 0.4 0.2 0.4 0.4 0 14.8 0 0 0.4 0 0 14.600000000000001 0 0 0 0 0 0 0 0.2 31.200000000000003 76.60000000000001 0 40.400000000000006 18 5 30.6 44.6 29.8 24.400000000000002 27.200000000000003 10.600000000000001 20.400000000000002 39.800000000000004 86.2 57.6 27.200000000000003 15.200000000000001 9.8 74.60000000000001 13.8 0 41 1.4000000000000001 0.4 0 0 0 0 0.6000000000000001 0 0 0 0 41.6 0 0 0 0.4 0 0 0 0 0.8 1.4000000000000001 0.2 0 0.4 0 0.8 0.4 0.2 0 0 0.4 0 0.2 0.8 0.8 0 0 0 0 0 0 0 0 0 0 0 0 0.2 0 0 0 0 0 0 0 0 1 2 3.8000000000000003 0.6000000000000001 0.4 0 0 5.2 6.4 2.4000000000000004 0.2 3.8000000000000003 11.600000000000001 3 7 3.8000000000000003 6.6000000000000005 5.4 2.2 4 0 0 0 0 0 0 0 0 0 0 0 0 0 1.6 0 0 0 0 0 0 0 1.2000000000000002 0 0 0 0 0 0 0 0 1.8 0 0 0 0 0 0 0 0 0 0 0.2 0 1 1.8 2.6 0.2 0 0 0 0 0 0 0 0 0 1.2000000000000002 0 0 0 5.2 7.6000000000000005 0.6000000000000001 3.6 4.800000000000001 1 0 3 8.200000000000001 3.4000000000000004 6.4 4.2 0 1.6 9.4 2.8000000000000003 6.2 4.6000000000000005 2 0 0 0.2 0 0 0.4 0 0 0 0 0 0 0 0 0 0 0 0 0 1 0 0 0 0 0 0 0 0 0 0 0 0 0 0 0 0 0 0 0 0.4 0 0 0 0 0 0 0 0 0 0 0 0 0 0 0 0.4 0 0 0.2 0.2 0 0.2 0 0 0 0 0 0 0 0 0 0 0 0 0 0 0 0 0 0 0.2 0 0 0 0 0 2.4000000000000004 2.6 0 0 0 
 0 0 0 0 0 0 0 0 0 0 0 0 0 0 0 0 0 0 14.8 0.4 5.4 31 40.400000000000006 0 27.200000000000003 21.8 16.400000000000002 30.200000000000003 25.6 59 41.2 9.8 10 52.2 71.60000000000001 26.200000000000003 37.800000000000004 28.6 10.4 33.2 0 0 2.6 1 0.4 0 12.4 5.2 0 0.6000000000000001 0 0 0 0 1.2000000000000002 0 0 0 0.6000000000000001 5.6000000000000005 0 0 0 0 0 0.2 0 0 0 0.4 0.4 0 0 0 0.6000000000000001 0 0 0 0.6000000000000001 0.2 0 0 0 0 0 0 0 0 0 0 0 0 0 0 0 0 0 0 0 0 0 1.6 6 1.6 0.2 0 0 0 2.6 7.4 0 4.4 0 0 3 1.4000000000000001 4.4 1.6 0 0 7 0 0.4 0 0 0 0.2 1.2000000000000002 1.8 0 0 0 7.2 3.8000000000000003 2.8000000000000003 0 0 0 1.8 0 0 0 0 0 0 0 0 0 0.4 0 0 0 0 0 0 0 0 0 0 0.2 0 0.2 0 1.8 1.8 0 0 0 0 0 0 0 0.8 0 0 0 0 0.4 1.2000000000000002 0 1.4000000000000001 2.4000000000000004 2.2 4 0.4 4.6000000000000005 0.4 0 1.4000000000000001 0 2.2 4.2 0 0 0 0.6000000000000001 1.6 1.8 0 0 2 0.6000000000000001 0.2 0 0.2 0 2.8000000000000003 0.2 1.8 0 0 0 0.2 2 0.2 0 0 0 4.800000000000001 0.6000000000000001 0 0 0 0 0 0 0 0 0 0 0 0 0 0 0 0 0 0 0.2 0 0 0 0 0 0 0 0 0 0 0 0 0 0 0 0 0.2 0.4 15.200000000000001 10.200000000000001 0 0 2 0 0 0 0 0 0 0 0 0 0 0 0 0 0 0.2 0 0 0 0 0 0 0 0 1.8 0 0 0 0 
 1.6 0.2 0.4 0 0 0 1.2000000000000002 0 0.2 0 0 0.6000000000000001 0.2 0 0 0 1.2000000000000002 0 0 0 13.600000000000001 7.4 18 27.200000000000003 0 41.400000000000006 8 16.2 34.800000000000004 36.6 63.400000000000006 72.2 15.4 57.2 72.8 51 57.2 7.800000000000001 51.6 60 0 0 0 0.6000000000000001 0.4 0 13 4.4 0 0.6000000000000001 0 0 0.6000000000000001 13.600000000000001 1.2000000000000002 0 0.4 0 0.4 12.8 0 0 0 1.2000000000000002 0 0.2 0 0.4 0 0 0.4 0 0 0 0.6000000000000001 0.2 0 0.6000000000000001 0.6000000000000001 0 0 0 0 0 0 0 0 0 0 0 0 0 0 0 0 0 0 0 0 0.2 0 2.6 1.8 3.6 2.4000000000000004 9.600000000000001 0.4 3.2 2.2 2.4000000000000004 2 0 0.8 0 0 0 14.4 0 0 0 3.6 0.8 0 0 0.2 0 8.200000000000001 8.200000000000001 0 0 0 0 5.800000000000001 8.8 2.2 2.2 0 0 7.2 0 0 0 0 0 0 0 0 0 0.4 0 0 0 0 0 0 0 0 0 0 0.2 0 0.4 0 0.4 0 0 12.8 0.2 0 0 0 0 0 0 0 0 1.8 0.2 0 0 2.8000000000000003 2.4000000000000004 3 3.8000000000000003 1.6 2.4000000000000004 0 0.4 0 2.6 0 0 0 0 0 0 1.4000000000000001 0 0 2.2 0 0.2 1.8 0 0 0 3.8000000000000003 0 1.6 0 0 0 2.2 4.2 0.2 0 0.8 6.6000000000000005 2.2 4.2 0 0 0 0 0 0 0 0 0 0 0 0 0 0 0 0 0 0 0 2.2 0 0 0 0 0 0 0.2 0 0 0 0 0 0 0 0 0.2 0 16 0 0 0.8 2 0 0.2 0 0 2 0 0 1.2000000000000002 0 0 0 0 0 0 0 0 0 0 0 0.2 0 0 0.4 0 0 0 0 0 
 0 0.2 0.6000000000000001 0 0 0 0 0 0.4 0 0 0.6000000000000001 0 0 0 0 0 0 0 0.4 6.4 26.200000000000003 5 21.8 41.400000000000006 0 11.200000000000001 20.8 21 23.200000000000003 61.400000000000006 22.200000000000003 3.6 21.8 10.200000000000001 28.400000000000002 27.6 32.800000000000004 9.4 8.8 1.6 0 0.6000000000000001 3 0.4 0 15.4 13 0 0.6000000000000001 0 0 0 5.800000000000001 0.6000000000000001 1.6 13.600000000000001 0.4 13.200000000000001 13.4 0 0 9.8 1 0 0.6000000000000001 0 0 0 0.2 0.4 0 1.2000000000000002 0 1.4000000000000001 0.2 0 0.6000000000000001 0.6000000000000001 0.8 0 0 0 0 0 0 0 0 0 0 0.4 0 0 0 0 0 0 0 0 0 0 9.200000000000001 0 3.8000000000000003 2.2 18.400000000000002 0 0 0 6.2 3.8000000000000003 6 0 0 0 3.6 3.2 11.8 0 0 0.4 0 0 0 0 0 10.200000000000001 10.200000000000001 0 0 0 0 5.6000000000000005 0 2.4000000000000004 1.8 0 0 7.4 0.2 0 0 0 0 0 0 0 0 1 0 0 0 0 0 0 0 0 0 0 0 0 0.2 0 0 0.2 0 0 0 0 1 0 0 0 0 0 0 0 0 5.2 0 6.4 0 0 1.8 3.4000000000000004 1.2000000000000002 0 0 0 1.8 3.8000000000000003 0 0 0 3 0 0 0 0 0 0 2.6 1.4000000000000001 0 0 0 4.6000000000000005 0 0 0 0 0 2 5.800000000000001 2.2 0 0 0 0 3 0 0 0 0 0 0 0 0 0 0 0 0 0 0 0 0 0 0 0 0 0 0 2.8000000000000003 0 0 0.4 0 0 0 0 0 0 0 0 0.6000000000000001 0 0 0.2 4.2 0 0.8 0 0 0 0 0 1.6 0 0 0 0 0 0 0 0 0 0 0 0 0 0 2 0 0 0 0 0 0 0 0 
 0.4 18.2 0 0 30 0.2 0.2 0 0 15 39.800000000000004 0 0 0 0 0 0 0 0 0 27.8 30.8 30.6 16.400000000000002 8 11.200000000000001 0 52.800000000000004 9 6.6000000000000005 56.400000000000006 27.200000000000003 80 28 50.2 25.200000000000003 38 22.400000000000002 12 40.400000000000006 1.2000000000000002 0 0 0.6000000000000001 0.4 0 0 0 0 0.6000000000000001 0 0 0 0 0.6000000000000001 0 1.2000000000000002 0.6000000000000001 0.4 0 0 0 0 0.4 0.2 0 0 0 6.800000000000001 0.2 0.4 0 1.2000000000000002 0 1.2000000000000002 0 0 0 0.6000000000000001 0.8 0 0 0 0 0 14.4 0 0 0 6 0 4 0 0 0 0 0 0 0 0 4.4 4.6000000000000005 8.6 0 0.2 0 5.4 1.8 1.4000000000000001 0 1.4000000000000001 4.6000000000000005 2.6 2 2.6 5.4 0 2.2 4.4 17.400000000000002 2.2 0 0 0 0 0 0 0 0 0 0.4 0 0 0 0 0 0 0 0 0 0 0.6000000000000001 0 0 0 0 0 0 0 0 0.2 0 0 0 0 0 0.4 0 0 0.4 0 0.2 0.2 0 0 0 0 5.6000000000000005 0 0 3.2 0 0 0 0 0 0 1.8 0 0 0 1.4000000000000001 4.6000000000000005 5.2 0 0 2.4000000000000004 0.2 5 1.4000000000000001 3.6 1.4000000000000001 12.8 10 4 11.8 5 5.6000000000000005 1.8 4 0 0 0 0 0 0 0 0 0 0 0 0 0 0 0 0 0 0 0 0 0 0 0 0 0 0 0 0 0 0 0 1.6 0 0 0 3.2 0 0 0 0 0 0 0 0 0 0 14.600000000000001 0 0 0 0 0 0 0 0 0 0 15.4 0 0.2 3.8000000000000003 0 0 0 0 0 0 0 0 0 0 0 0 0 0 0 2.2 0 0 0 0 0 0 0.2 0 0 0 0 0 0 
 0 0.4 0.8 0 0 0.8 0 0 33.2 0.2 14.4 0 0 0 0.4 0 0 0.4 0 0 6.6000000000000005 38.2 44.6 30.200000000000003 16.2 20.8 52.800000000000004 0 54.6 7.2 14.200000000000001 43.6 58.6 50.2 92.80000000000001 22 27.6 39.400000000000006 27.200000000000003 94.60000000000001 0.6000000000000001 0 0 2.2 0.4 0 0 0 0 0.6000000000000001 0 0 0 0 0.8 2 0.4 0.6000000000000001 0.4 0.6000000000000001 0 0 2 2 0 10.200000000000001 0.4 0.4 0 0.4 0.4 0 0 0 7.6000000000000005 0 0 0.6000000000000001 1.4000000000000001 0 0 0 0 0 2 0 0 0 0 0 0 2 0 0 0 0 0 0 0.2 0 4.4 8.8 0 3 4.2 0 0 2 4 6.4 2.6 5.6000000000000005 2.2 4.4 0.4 6 2.2 8.8 1.8 4 0 0 0 0 0 0 0 0 0 0 0 0 0 0 0 0 0.2 0 4.2 2.4000000000000004 0 1.8 0 0 0 0 0 0 0 0 0 0 0 0 0.4 2.6 0 0 0 0 0 2.6 0 0 0 0 0 0 0 0 0.2 0 0 0 0 0 0 0 0 2 1.8 0 7 0 1.4000000000000001 3.2 2.8000000000000003 6.4 3.8000000000000003 2 0 5.6000000000000005 9 11.4 10.200000000000001 3.6 0 8 0.2 0 0 0 0 0 0 0 0 0 0 0 0.4 0 1.6 0 0 0 0 0 0 0 0.6000000000000001 0 0 0 0 0 0 0 0 2.2 0 0 0.2 0 0 0 0.4 0 0 0 0 0 0 0 0 0 0 0 0 0 0 0.4 0 0 1.2000000000000002 0.2 0.4 8.200000000000001 16.6 0.4 2.8000000000000003 0 0 0 0 0 0 0 0 0 0 0 0 0 0 0 0 0 0 1.6 0 2 0 0 0 0 0 0 0 0 
 0.6000000000000001 0.8 1.2000000000000002 0.6000000000000001 0.6000000000000001 8.8 0.6000000000000001 0.6000000000000001 1 0.6000000000000001 0.6000000000000001 0.6000000000000001 0.6000000000000001 1.2000000000000002 0.6000000000000001 0.6000000000000001 1.8 0.6000000000000001 0.6000000000000001 0.6000000000000001 37.800000000000004 75 29.8 25.6 34.800000000000004 21 9 54.6 0 36.4 27.200000000000003 36.6 120 36.4 34.800000000000004 44.400000000000006 53.400000000000006 12.8 25.8 78 0 0 0 1.6 0.4 0 12.600000000000001 0 0 42 0 0 0 0 0.6000000000000001 0 0 0 54.800000000000004 0 0 0 1.6 0.8 0 10.8 0 0 0 0 0.4 0 10.200000000000001 0 1.6 0.4 0 0 9.8 0 0 0 0 0 2.2 0 0 0 0 0 0 0 0 0 0 0 0 0 0 0 0 1.8 1.4000000000000001 14.200000000000001 4.6000000000000005 1.6 0 2.4000000000000004 10.4 19.8 0 8 2.2 2.2 2.2 11.4 5.2 8.6 0 0 0.2 0 0 0 0 0 4.6000000000000005 2 0 0 0 0 0 0 0 0 0 0 0 0 0 0 0 1.2000000000000002 0 0 0 0 1 0 0 0 0 0 0 0 0 0 0 0 0 0.2 0 0 0 0 2.4000000000000004 0 0 0 0 0 0 0 0 0 0.2 0 9.600000000000001 0 3.2 6.800000000000001 2.4000000000000004 3.4000000000000004 1.6 1.6 0.2 7.6000000000000005 4.2 2 4 0 0 2.8000000000000003 0 0 4.800000000000001 3.6 0 0 0 0 0 0 0 0 0.6000000000000001 0 0 0 0 3.2 1 0 3 0 0 0 0 0 0 0 0 0 0 0 0 0 0 2.6 0 0 0 0 0 0 0 0 0 0 0 0 0 0 0 0 0 0 0 0 0 0 0 0 0.8 0 0.6000000000000001 15.4 0.4 0 0.4 0.2 0 0 0 0 0 0 0 0 0 0 0 0 0 0 0 0 0 2 0 0 0 0 0 0 0 0 0 0 
 0 0 0.2 0 0 1.8 0 0 0.2 0.4 11.8 0 0 0 0 0.6000000000000001 0 0 0 0 21.8 54.2 24.400000000000002 59 36.6 23.200000000000003 6.6000000000000005 7.2 36.4 0 64.60000000000001 21.200000000000003 14 16.2 136.8 41.6 84.60000000000001 11.200000000000001 25.400000000000002 33.800000000000004 0 0.4 0.4 0.4 0 0 12.8 0 0.6000000000000001 0 0 0 0.2 0 0.4 0.6000000000000001 0 0 12.4 0.6000000000000001 0 0 1 0 0 0.2 0 0 0.4 0 1 0 0.8 0 1.2000000000000002 0 0 0.2 0 0 0 0 0 0 0 0 0 0 0 0 0 0 0 0 0.4 0 0 0 0 0 0 5 1.8 4.800000000000001 4.4 3 0.2 4.2 6.2 5.2 0 1.6 0.4 0.2 4.800000000000001 3.6 11.8 0 0 0 0.2 0 0 0 0 0 5 2 0.4 0 0 0 0 2.8000000000000003 2.4000000000000004 0 0 0 10 2.2 0 0 0 0 0 0 0 0 1.6 0 0 0 0 0 0.4 0 0 0 0 0 0 0.2 0 0.8 2.2 2.8000000000000003 0 0 0 0 0 0 0 0.8 0 0 2 0 0 0 3.6 17.2 2.8000000000000003 4.2 0 0 0.6000000000000001 5.800000000000001 0 1.8 1.8 7.4 0.2 0 0 0 3 4 0 0 0 0 1.6 0 0 0 3.6 0 0 0 0 2.4000000000000004 10.200000000000001 0 2.6 0 2 0 1.2000000000000002 3.6 0 0 0 0.2 0 0 0 0 0.2 0 0 0 0 0 0 0 0 0 0 0 0 0 0 0 0 0.2 0 0 0 0 0 0 0 0 0 0.2 0.6000000000000001 1 0 0 0.4 0.2 0 0 0 0 0 0 0 0 0 0 0 0 0 0 0 0 0 0 0 0 0 0.2 0.4 0 0 0 0 0 
 0.8 0.6000000000000001 0.2 0.2 0.4 15 0.2 0.4 0.6000000000000001 0.2 0.2 0.4 0.4 0.2 0.4 0.8 0.6000000000000001 0.4 0.4 0.4 8.6 24.200000000000003 27.200000000000003 41.2 63.400000000000006 61.400000000000006 56.400000000000006 14.200000000000001 27.200000000000003 64.60000000000001 0 32 11.8 9.4 65.2 35.4 62.400000000000006 44.400000000000006 8.8 12 0.4 0.2 0.4 1.4000000000000001 0.8 0.2 13.200000000000001 5.800000000000001 0.2 1 0.8 0.4 0.2 12.8 0.8 1.4000000000000001 0.6000000000000001 0.6000000000000001 1 12.4 0 0 0 0 0.6000000000000001 0.2 0 0.6000000000000001 0 0 0.4 0.4 0.6000000000000001 0 0.4 0.4 0 1 2.8000000000000003 0 4 0 0 0 0 0 0 0 0 0 0 0 0 0 0 0 0 0 0 0 0 4.6000000000000005 0 4.6000000000000005 2.4000000000000004 1.2000000000000002 0 0 0 6.4 3 3.4000000000000004 0 0 0 0 6.800000000000001 3 0 0 1.8 1.2000000000000002 0 0 0 0.4 3.4000000000000004 7.6000000000000005 0 0 0 0 0.2 4.800000000000001 3 2 0 0.2 4.2 0 0 0 0 0 0 0 0 0 1.2000000000000002 0 0 0 0 0 0 0 0 0 0 0 0 0 0 0 0 0 0 0 0 0 0 0 0 1 0 0 0.4 0 0 0 1.4000000000000001 0 5 2 6.2 4.4 0 0 0 2.4000000000000004 0 0 0 0 3.2 0 0 3.2 0 0 0 0.2 1.2000000000000002 0 0 0 0 0 1.8 0 0 0 0 7.4 0 0.4 0 0 2.6 2.2 0 0 0 0 0 0 0 0 0 0 0 0 0 0.4 0 0 0 0.2 0 0 0 0 2.4000000000000004 0 0 0 0 0 0 0.2 0 0 0 0.2 0.8 0 0 15.4 15.200000000000001 0.2 0.2 1.8 0 0.4 0 0 2.8000000000000003 0 0 0 0 0 0.4 0 0 0 0 0 0 0 0 0.4 0 0 0 0 0 0 0 0 
 1.6 0.6000000000000001 0.8 0 0.4 0.4 0.4 0.4 0.6000000000000001 0.4 0.4 0.4 0.4 0.4 0.4 0.4 0.4 0.4 0.4 0.4 26.200000000000003 26.200000000000003 10.600000000000001 9.8 72.2 22.200000000000003 27.200000000000003 43.6 36.6 21.200000000000003 32 0 6.6000000000000005 19.400000000000002 24.6 22.200000000000003 41.6 18.2 58.6 50 0 0 0 1.8 0.4 0 21.6 0 0 0.6000000000000001 0.4 0 4.6000000000000005 0.6000000000000001 1 1.2000000000000002 0 0 13 0 0 0 1.6 0.8 0 0.2 0.2 0 0 0 0.4 0 0 0 1.4000000000000001 0 10.4 0.8 1 0 0 0 0 0 0 0 0 0 0 0 0 0 0 0 0 0 0.4 0 0 0 0 0 2.4000000000000004 5 5.4 0.8 0 0 3.2 4.4 6 3.8000000000000003 0 0 0 7.800000000000001 7.800000000000001 3.6 0 0 0.2 0 0 0.4 0 0 6.4 10 0 0 0 0 0 7 0 0 0 0 5 2 0 0 0 0 0 0 0 0 1 0 0 0 0 0 0 0 0 0 0 0 0 0.2 0 0 0 2.6 7.2 0 0 0 0 0 0 0 0 0 3.6 0 0 0 13.8 0.2 4.6000000000000005 2 0 3 2.2 6 3.6 0 2.4000000000000004 3.8000000000000003 2 3.8000000000000003 2 0 7.4 1.8 0 0 0 0 1.4000000000000001 0 0 0 5.4 0.2 0 0 0 0 1.6 0.2 2.4000000000000004 0 0 0 0 3.2 1.6 0 0 0 0 0 0 0 0 0 1.4000000000000001 0.2 0 0 0 0 0 0 0 0 0 0 4.4 0 0 0 0 0 0 0 0 0 0 0 0.4 0 1.2000000000000002 15.4 1 0 0.4 0.6000000000000001 0 0 0 0 0 0 0.2 0 0 0.4 0 0 0 0 0 0 0 0 0 2 0 0 0 0 0 0 0 0 
