 0 22.400000000000002 22.200000000000003 16.2 10 9.600000000000001 80.2 44.6 65.60000000000001 8.200000000000001 25.200000000000003 4.6000000000000005 20.200000000000003 61.6 50.800000000000004 4 22 26.200000000000003 25.6 17.400000000000002 0.6000000000000001 0 0.4 0 0 0.6000000000000001 0.2 0.2 0 0.2 0 0 1 0 0 0 1 0 0 0 0.6000000000000001 0 0 0.4 0 3.6 0 1 0 0 0.4 0 0 0.4 0 2 6 0 0 0 0.8 0 0 0.6000000000000001 0 0 0.4 0 0 0 0 0 0 0 0.2 0 0 0.4 0.6000000000000001 0 8.200000000000001 2 0 0 4.800000000000001 1.8 6.6000000000000005 4.2 0.2 8.4 6.6000000000000005 0 8 3.2 7 2.4000000000000004 12.4 6.6000000000000005 0 1 0 0 0 0 0 0 0 0 0 0 0 0 0.4 0 0.2 0 0 0 0.6000000000000001 0.4 4 0 4.4 0 0 0 0 0 0 0 0 0.4 0 0 0.4 0 0 0 0 0 0 0 0 0 0 0 0 0 0 0 0 0 0 0 0 0 0 0 0 0 0.6000000000000001 0.8 6.6000000000000005 0 0 2.2 0 2.4000000000000004 6 0.4 0 2 0 7.4 1.8 0 2.4000000000000004 0 0 2.8000000000000003 0 0 0 0 0 0 0 0 0 0 0 0 0 0 0 0 0 0 2.6 4.800000000000001 0 0 0 0 0.2 0 0 0 0 0.4 0 0 0 6.2 0 0 0 0 0 0 0 0 0 0 0 0 0.2 0 0.4 0 0 0 0 0 0 0.2 0 0 0.2 0 0 0.2 0 0 0 0 0 0 17.8 0.4 0.4 0.6000000000000001 0 0 0 0 0 0 0 0 0.2 0 2 0 0 0 0 0 0 0 0 0 0 0 0 0 0.2 0 0 0 0 0 0 0 0 0 0 0 0 0 
 22.400000000000002 0 44 31 14.8 39.400000000000006 20 12.8 10.200000000000001 29.200000000000003 29 49.2 13.8 9.4 28.6 31.400000000000002 8 60.2 8 41.6 0.6000000000000001 14.600000000000001 0.6000000000000001 0 0.2 0.6000000000000001 0 0 0 0 0 0 0.6000000000000001 0 0 0.2 5.2 0 13.8 0.4 0.6000000000000001 0 0 0.4 0 0.6000000000000001 0 0.6000000000000001 0 0 0.4 0.4 0 0 0 0.4 12.600000000000001 0 0 0 0 0.2 0 0.6000000000000001 0 0 0.4 0 0 0 0 0 0 0 0 0 0 0.4 0 0 3.8000000000000003 12.8 13.8 7.6000000000000005 3.2 0 1.8 1.8 0.6000000000000001 0.8 4.2 3 0.2 3 8.200000000000001 9.600000000000001 0 1 0 3.4000000000000004 0.8 0 0 0 0 0 2.8000000000000003 0 0 0 0 0 0 0 0 0.4 0 0 2 5.2 0 0 0 0 0 0 0 0 0 0 0 0 0 0 0 0 0 0 0 0 0.4 0 0 0 0 0 0 0 0 0 0 0 0 0.4 0 0 0 0 0 0.2 2 8.4 4.6000000000000005 4.6000000000000005 1 0.8 2.4000000000000004 0 0 5 12.4 2 2 0 3.4000000000000004 2 0 0.2 3 0 0 0 0 0 0 0.2 3 0 0 5.800000000000001 0 0 1.4000000000000001 0.2 0.2 0.2 0 0.2 0 1.8 3.8000000000000003 0 0 0 0 0 0.2 0 0 0 0 0 0 0 0 0 0 0 0 0 0.4 0 0 0 0 0 0 0 0 0 0 0 0 0 0 0 0 0 0 0 0 0 0 0 0 0 0 0 0.4 24.6 0.4 2.2 0.4 0 0 0 0 0 0 0 0 0 0 0 0 0 0 0 0 0 0 0 0 0 0 0 0 0 0 0 0 0 0 0 0.2 0 0 0 0 0 
 22.200000000000003 44 0 40.400000000000006 13.8 22.400000000000002 18.2 23 13.600000000000001 17 10.8 12.600000000000001 27.6 50.800000000000004 49.2 40.800000000000004 11.8 66.4 26.6 43.6 0.6000000000000001 14.600000000000001 0.6000000000000001 0.4 0 0.6000000000000001 0 1.6 0 0 0 0 0.6000000000000001 0 0 0 0 0 4 0 0.6000000000000001 0 0.4 0.4 0 0.8 0 0.6000000000000001 0 0 0.4 0 0 0 0 1 0 0 0 0 0 0.2 0 0.6000000000000001 0 0 0.4 0 0 0 0 0 0 0 0 0 0 0.4 0 0 1.6 8 6.4 5.6000000000000005 9 0 1.6 2 2.4000000000000004 1.6 4.2 2 0 4.2 5 1.2000000000000002 6.4 3.4000000000000004 4.800000000000001 2.4000000000000004 0 0 0 0 0 0 1.8 0 0 0 0 0 0 0 0 0 0 0 2 1.8 0 0 0 0 0 0 0 0 0 0 0 0.2 0 0 0.2 0 0 0 0 0 0 0 0 0 0 0 0 0 0 0 0 0 0 0 0 0 0 0 0 0 0 12 2.2 7.800000000000001 0 1 7.2 0 0 0 5.2 0 2.6 2.8000000000000003 0 1.4000000000000001 0.2 1.6 2.4000000000000004 1.6 0 0 0 0 0 0 3.2 0 0 0 0 0 0 0.2 0.4 0 0 0 0 2 3.2 0 0 0 0.4 0 0 0 0 0.2 0 0 0 0 0 0 0 0 0 0 0 0 0 0 0 0 0.4 0 0.2 0 0 0 0 0 0 0 0 0 0.4 0 0 1.8 0 0 0 0.4 0.2 0 0.2 0.4 2.2 1.2000000000000002 0.6000000000000001 0 0 0 0 0 0 0 0 0 0 0 0 0 0 0 0 0 0 0 0 0 0 0 0 0 0 0 0 0 0 0 0 0 0 0 0 0 
 16.2 31 40.400000000000006 0 14.4 8 20.400000000000002 59.2 14 83.2 26.6 51.400000000000006 10.8 13.600000000000001 15.200000000000001 24.400000000000002 33.800000000000004 15.8 14 17.8 31.200000000000003 0 0.6000000000000001 0 0 0.6000000000000001 16 15.4 0 0 0 0 16 20.8 0 0 0.4 0 15.600000000000001 30.8 0.4 0 0 0.4 0.4 0.8 0 0.6000000000000001 0.2 0.4 0.4 0.6000000000000001 0 1.2000000000000002 0.4 0.4 0.4 0 0 0 0 0.6000000000000001 0 0.4 0 0 0.4 0 0 0 0 1 0 0 0 0 0.8 0.6000000000000001 0 0 1.4000000000000001 4.4 0 8.200000000000001 7.2 1.6 0 0 0 0 6 0 0 0 0.2 0 2.8000000000000003 0 0 0 3.8000000000000003 0 1 0 0 0 4.4 1.8 0 0 0 0 4.800000000000001 7.800000000000001 3.2 2.6 0 0 7.2 0.2 0 0 0 0 0 0 0 0 0 0 0 0 1.8 0 2.8000000000000003 0.4 0 0 0 0 0 0.8 0 0.4 0 0 0 0 0 0.4 0 0.4 0 0 0 0.4 0 0 0 0 4.4 2.8000000000000003 10.200000000000001 3.8000000000000003 4.4 8 0 0 1.8 8.6 8.4 6.4 0 0 0 0 0 0 0 0 4 0.8 2 0 0 0 3.4000000000000004 1.4000000000000001 3 0 0 0 4 10.4 4.6000000000000005 3.4000000000000004 0.8 0 10 1.4000000000000001 2.8000000000000003 0 0 0 0 0 0 0 0 0 0 0 0 0 0 0 0.2 0 0 0 0 4.800000000000001 0 0 2.6 0.4 0 0 0 1.2000000000000002 0 0 0 0 0 0 0 0 0 0 0 0 0 0 0 0.4 10.600000000000001 0 0.4 17.400000000000002 0.2 3 2.2 0.4 0 0 0 0 0 0 0 0.8 0 0 0 0 0 0 0 0 0 0 0 0 0 0 2 0 0 0 0 0 0 0 0 0 0 0 0 0 
 10 14.8 13.8 14.4 0 45.800000000000004 10.600000000000001 21 14.4 19.6 19.200000000000003 69.8 11.4 13.600000000000001 11.200000000000001 81 24.8 13.8 13 15.4 29.200000000000003 0 0.6000000000000001 0 0.2 0.6000000000000001 0 7.800000000000001 14.600000000000001 0 0 0 16 0.2 0 0 2.2 0 3.6 15.4 0.4 0 0 0.4 0 0.6000000000000001 0 0.6000000000000001 0 0 0.4 0.2 0 0.4 0 0.4 0 0 0 0 0 0 0 0.4 0 0 0.4 0 0 0 0 0 0 0 0.4 0 0 0.6000000000000001 0 8.6 0 0.8 0 3.6 2.6 5.2 0 2.2 6 0 0 4.2 0 0 0 3.6 0 0 0 0 3.6 5 1.8 0 0 0.4 0 0.2 3.4000000000000004 2.2 0.2 0 2.2 3.8000000000000003 0.2 0 3.6 0 1.8 3 0 0 0 0.4 0 0 0 0 0 0 0 0 0 0 0 0 0 0 0 0 0 0 0 0 0 0 2.4000000000000004 0 0 0 0 0 0 0 0 1.2000000000000002 0 0 0 0 2 2.4000000000000004 0 2 3.2 9.4 0 0 0 0 0 1.2000000000000002 0 0 0.2 0 0.8 3.2 0 0 5.6000000000000005 2.8000000000000003 0 0 0 0 11 0 8 0 0 0.6000000000000001 2 0.8 2.2 6.2 2.2 0 0 6.800000000000001 0 0 0 0 0 0.4 0 0.2 0 0 0 0 0 0 0 0 0 0 0 0 0 0 0 0 0 0 0 0 0 0 0 0 0 0 0 0 0 0 0 0 0 0 0 0 0 0.2 25.6 0 0 0 0 1.6 0.4 0 0 0 0 0 0 0 0 0 0 1 0 0 0 0 0 0 0 0 0 0 0 5.2 0 3.8000000000000003 0 0 0 4.2 0 0 0 0 0 0 0 0.8 
 9.600000000000001 39.400000000000006 22.400000000000002 8 45.800000000000004 0 7 24.200000000000003 9 12.8 30.6 29.400000000000002 7.800000000000001 39.6 9.4 72.2 22 9.8 15.4 7.2 16.2 0.2 0.8 1 0.2 1 0.2 0 15.4 0 0 0 16 0.2 0.4 0 0.2 0.6000000000000001 60.2 0 0.4 0 0 0.4 0 0.6000000000000001 0 0.6000000000000001 0 0 2.6 0.2 0 0 1 0.4 0 0 0 0 0 0 0 0.4 0 0 0.4 0 0 0 0 0 0.4 0 0 0 0 0.6000000000000001 0 0.4 0 8 2 1.4000000000000001 0.2 6.4 0 0 3.6 5.800000000000001 0 8.4 0 0 6 3 0 1.4000000000000001 0 0 6.6000000000000005 1.8 0.2 0.2 0 0 1.4000000000000001 3.2 0 2.8000000000000003 0 0 3 5.2 2.2 0 11 0 0 13 0 0 0 0 0 0 4 0 0 0 0 0 0 0 0 0.4 0 0.4 0 0 0 0 0 0.4 0.2 0 0 0 0 0.4 0 1.8 0 0 0 0.6000000000000001 0 0 0 0 2.4000000000000004 1.8 0.4 2 5.800000000000001 3.8000000000000003 0 0 0 3.6 2 8.4 0 0.4 0 0 4.4 7.800000000000001 0 0 1.6 0 0 0 0 0 0 1.4000000000000001 2.2 3 0 2 4.6000000000000005 8 4.2 0.2 0.2 0 0 6.800000000000001 0 0 0 0 0 0 0 0 0 0 0 0 0 0 0 0 0.2 0 0 0 0 0 0 0 0 0.4 0 0 0 0 0 0 0 0 0 0 0 0 0 0 0 0 0 0 0 0 1 0.2 0.6000000000000001 0.4 2 1 0 0 0 0 0 0 0 0 0 0 0 0 0 0 0 0 0 0 0 0 0 0 0 0 0.4 0 0 0 0 5 0 0 0 0 0 0 0 0 
 80.2 20 18.2 20.400000000000002 10.600000000000001 7 0 36.800000000000004 28.6 6 6 47.400000000000006 52.2 41.400000000000006 30 34.2 6.6000000000000005 6.2 80.2 58.2 0.6000000000000001 0 0.6000000000000001 0 0 0.6000000000000001 0 0 0 0 0 0 0.6000000000000001 0.2 0 0 0.4 0.4 0.4 0 0.6000000000000001 0 0.4 0.4 0 1.2000000000000002 0 0.6000000000000001 0 0 0.4 0 0 0.4 0 0.4 0 0 0 0 0 0 0 0.6000000000000001 0 0 0.4 0 0 0 0 1.2000000000000002 0 0 0 0 0 0.4 0 0 10 9.200000000000001 0 0 0 0 2.6 2.6 4.2 2.8000000000000003 0.4 0.2 4.2 3.4000000000000004 3.8000000000000003 3.8000000000000003 4 0 0 2.2 0 0 0 0 0 0 0 0 0 1.2000000000000002 0 0 0 0 0 0 0 0 3.4000000000000004 0 0 0 3.4000000000000004 0 0 0 0 0 0 0 0 0 0 0 0 0 0 0 0 0 0 0 0 0 0 0 2.4000000000000004 0 0 0 0 0 0 0 0 0.2 0 0 0 0 1.8 7 5 0 3 1 4.2 7.2 3.6 0 0 3.2 2 1 3.4000000000000004 3.6 0 2.6 2.2 4.2 0.2 0 0 0 0 0 0 0 0 0 0 0 0 0.2 0 0 0 0 0 0 0 0 0 0 0 0 0 0 0 3.4000000000000004 0 0 0.4 5.800000000000001 0 0 0 0 0 0 2.4000000000000004 0 0 0 0 0 0 0 0 0 0 0 0 0 0 0 0 0 0 0 0 0 0 0 0 0.8 0.2 0.4 0 0 0 0.2 0 0 0 0 0 0 0 0 0.2 0 0 0 0 0 0 0.4 0 0 0 0 0 0 0 1.8 0 4 0 0 0 0 0 0 0 0 0 0 0 0 
 44.6 12.8 23 59.2 21 24.200000000000003 36.800000000000004 0 16.8 9.4 22 5 17.400000000000002 28.8 30.8 10 44.6 22.8 10.600000000000001 25 0.6000000000000001 0 0.6000000000000001 0.2 0.4 0.8 0 0 0.2 0 0.4 0 1.2000000000000002 0 0.4 0.4 0.4 0.6000000000000001 18 0 1 0 0 0.8 0 2 0 0.6000000000000001 0 0.4 0.4 0 0 0 0 1.4000000000000001 12.200000000000001 0.4 0 0 0 11 0 0.4 0 3.4000000000000004 0.4 0 0.4 0.6000000000000001 0 0.4 0 0 0.6000000000000001 0 0 1 1 0.4 4.6000000000000005 10.4 2 5.800000000000001 0 2.8000000000000003 0 5 6.6000000000000005 2 3.2 4.4 0 0 3.4000000000000004 8 3 2.8000000000000003 0 0 0 0 0 0 0 0 4.800000000000001 0 0 0 0 0 0 0 0 0 0 0 0 11.8 0 0 0 0 0 0 0 0 0 0 0 0 0 0 0.2 0 0 0 0 0 0 2 0 0 0 0 0 0 0 0 0 0 0 4 0 2.2 0 0 0 0 9.200000000000001 4.800000000000001 0.2 0 3 0 0 0.2 6.4 2.2 0 0 3.2 1.4000000000000001 2.2 8 6.800000000000001 1.2000000000000002 5 0 1.4000000000000001 0 0 0 0 0 0 0 0 0 0 0 2.2 0 0 0 0 0 4.6000000000000005 5.800000000000001 0 0 0 0 0 0 0 2.2 0 0 0 0 0 0 0 0 0 0 0 0 0 0 0 0 0 2 0 0 0 0 0 0 0 0 0 0 0 0 0 0 0 0.2 0 0 0 0.2 18.2 0 0 17.6 0 1.2000000000000002 0 0 0 0 0 0 0 0 0 0 2 0 0 0 0 0 0 0 0 0 0 0 0.2 3.8000000000000003 0 4.800000000000001 0 0 0 0 0 0 0 0 0 0 0 0 
 65.60000000000001 10.200000000000001 13.600000000000001 14 14.4 9 28.6 16.8 0 38 41 35 32.4 41.800000000000004 36.6 28 15.8 43.6 16.6 46 1 0 0.8 0 0 1 0 0 0.2 5 0 6.4 1.4000000000000001 0.2 0 6.6000000000000005 0 5.6000000000000005 0.6000000000000001 0.4 4.800000000000001 0 0 0.4 0 1.8 0 0.6000000000000001 0 0 0.4 0 3 1.6 4.2 0.4 0.8 0 0.4 4.2 5.2 0 0 0.6000000000000001 0 0 0.4 0 5.2 0.2 0 2.2 0 0 0 0 0 0.4 0.2 0 0.4 0 7.6000000000000005 0 3 0.6000000000000001 0 0 4.2 5 2.8000000000000003 2 0 7.6000000000000005 0 5.4 4.4 3.4000000000000004 0 0 0 4 0 0.2 0 0 0 0 0 0 0 0 0 0 0.2 0 0 0 0 0 0 0 0 0 0 0 0 0 0 0 0 0 0 0 0 0.4 0 0.4 0 0 0 0 0 0.4 0 0 0 0 0 0 0 0 0 0 0 0 0 0 0.4 0 0.6000000000000001 1.4000000000000001 2 2.8000000000000003 3.8000000000000003 0 4.6000000000000005 2.6 0 0 0.4 0 0.8 9.600000000000001 7 2.6 14.4 4.6000000000000005 4.2 0 0 0 0 0 0.4 0 0 0 0 0 0 0 0 0 0 0 0 0 2.2 0 0 0 0 0 0 0 0 0 0 0 0 0 0 0 0 0 0.2 0 0 0 0 0 0 0 0 0.4 0 0 0 0 1.2000000000000002 0 0 0 0 0 0 0 0 0 0 2.2 0 0 0 0 0 0 3.8000000000000003 17.400000000000002 0.2 2.6 0 0 0 0 0 0 0 0 0 0 0 0 0 0 0 0 0 0 0 0 0 0 0 0 0.2 0 0 0 0 0 0 0 0 0 0 0 0 0 
 8.200000000000001 29.200000000000003 17 83.2 19.6 12.8 6 9.4 38 0 50.6 43.800000000000004 10 32.2 16 37.4 23.200000000000003 10 28.8 31.200000000000003 0.4 0 0.6000000000000001 0.6000000000000001 0 0 15.4 15.8 0 0.6000000000000001 0 0 29.6 4.800000000000001 0.4 0.2 0.2 0 31 15.8 0 0.2 0.4 0 0 0 0 0.6000000000000001 0.6000000000000001 0 0 0 0 2 0.6000000000000001 0 0.4 0 0 0.4 0 0.4 0 0 0 0 0 0.4 0 0 0 0 0 1.2000000000000002 0 0 0 0 0 1.4000000000000001 0 0 2.2 3.2 0.4 0 0 5 0 2.2 0 8.6 0 0 0.2 2.6 1.6 5.800000000000001 0 2 2.4000000000000004 1.6 1.8 0 0 0 0.4 2.8000000000000003 1 0 0 0 2.4000000000000004 7.6000000000000005 0 0.4 2 0 2.8000000000000003 8.4 0 0 0 0 0 0 0 0 0 0 0 0 0 0 3.2 0 0 0 0 0 0.4 0.8 0 0 0 0 0 0 0 0 0 7.6000000000000005 0 2.8000000000000003 0 0 0 0 0 0.2 0 0 0 2.2 14.600000000000001 4.2 0 2 1.8 19.6 4.4 2 0 0 2 0 0 4.2 1.2000000000000002 0 0 0 0 0 0 0.2 3.8000000000000003 0 1.8 0 0 0 6.2 9 0.6000000000000001 0 2 0.2 6 3 0 0 0 0 0 0 0.4 0 0 0 0 0 0 0 0 0 0 0 0 0 0.4 0 0 0 0 0 0 0 0 0 0 0 0 0 0.2 0 0 0 0 0 0 0 0 0 0 0.2 10.8 0 0.8 10.200000000000001 0 2.4000000000000004 0 0 0 0.2 0 0 0 0.4 0 0 0 0 0 0 0 0 0 0.4 0.2 0 0 0 0 0 2.2 0 0 0 0 0 0 0.6000000000000001 0 0 0 0 0 0 
 25.200000000000003 29 10.8 26.6 19.200000000000003 30.6 6 22 41 50.6 0 29.8 10.8 29.8 72.60000000000001 40.2 73.4 10.200000000000001 4.6000000000000005 19.400000000000002 16.400000000000002 0.4 1.2000000000000002 0 0.6000000000000001 1 0 1 0.4 0.4 0.4 0 0.6000000000000001 0 0 0 0 0 23 0 0.8 0.4 0 0.4 0 1.8 1 0.6000000000000001 0 0.6000000000000001 1 0 0.6000000000000001 0.8 1.2000000000000002 1.4000000000000001 12.4 0 0 0 1.2000000000000002 0 0 1 0 0 0.4 0 0.8 0.8 0 0 0 1.2000000000000002 0 0 0 1.4000000000000001 0 0 0 4.4 7.2 1.4000000000000001 4.6000000000000005 1.8 0 2.6 4.6000000000000005 6.800000000000001 0 5.4 0 0 0.8 1.8 0 5.800000000000001 0 0 0 0 2 0 0 0 8.4 0 0 0 0 0 2.8000000000000003 3.8000000000000003 0 0 0 0 5 5.6000000000000005 0 0 0 0 0 0 0 0.4 0 0 0 0 0 0 3.6 0 0.2 0 0 0 0 1.2000000000000002 0 0 0 0 0 0 0 0 0 0.4 0 0 0 2.2 0 0 0 0 0 0 3 0.6000000000000001 1.8 10.8 0 1.8 2.2 0 8.200000000000001 0.2 0 2.8000000000000003 2.2 4 5.4 3.4000000000000004 0 0 0.2 0 0 0 0 0 0 0.2 0 0 0 0 1.4000000000000001 5.4 2.2 0 3.2 0 7.4 9 0 0 0 0 0 0 0 0 0 0 0 0 0 0 0 0 0 0 0 0 0 0 0 0 0 0 0 4.4 0 0 0 0 0 0 0 0 0 0 0 0 0 0 0 0 0 0.8 0.8 0 18.2 0.6000000000000001 0 3.4000000000000004 0.6000000000000001 0 0 0 0 0 0 0.4 0 0 2.2 0 0 0.4 0 0 0 0 0 0 0 0 0 0 0 0 0 0 0 0 0 0 0 0 0 0 0 0 
 4.6000000000000005 49.2 12.600000000000001 51.400000000000006 69.8 29.400000000000002 47.400000000000006 5 35 43.800000000000004 29.8 0 12.4 25.8 7.800000000000001 62 52.6 32 91.4 11.8 15.8 0 0.4 0 0 0.6000000000000001 0.2 14.600000000000001 0 0 0 0 15.600000000000001 0.2 0.4 0 0 0 29 15.8 0.6000000000000001 0 0 0.4 0.4 0.6000000000000001 0 0.6000000000000001 0 0 0.4 0 3.8000000000000003 1.2000000000000002 0 0.4 0.2 0 0 0 0 0 0 0.6000000000000001 0 0 0.4 0 0 0 0 0 0 0 0 0 0 0.4 0.4 0 0 0 3.2 0 5.2 10.4 0 0 2 3.6 0.2 3.2 0.4 2.2 0 0.4 2.2 3.4000000000000004 0 0 3 0.2 0 0 0 0 0.4 4 0.2 0 0 0 3 7.2 0.2 0 2.2 0 0 7 0 1.2000000000000002 0 0 0 0 0 0 0 0 0 0 0 0 0 0 0 0 0 0 0 0 0 0 0 0 0 0 0 0 0 1.6 0 0.2 0.4 0.8 0.8 0 0 0 0 0 3.2 0.2 2.2 4 0 0 0 3.8000000000000003 0.6000000000000001 2.6 0 4.6000000000000005 3 0 0 3.8000000000000003 0 0 2.2 0 0 0 0 0.4 2.8000000000000003 0.4 2.4000000000000004 0 1.6 0 3.6 5 4.4 0.6000000000000001 0 0.4 5.6000000000000005 3.2 0 0 0 0.2 0 0 0 0 0 0 0 0.2 0 0 0 0 0 0 0 0 0 0 0 0 0 0 0 0 0 0 0 0 0 0 0.4 0 0 0 0 0 0 0 0 0 0.4 0 17.6 0.4 17.6 17.400000000000002 0 2.8000000000000003 0 0 0 0 0 0 0 0 0 0 0 0 0 0 0 0 0 0 0 0 0 0 0 0 1.2000000000000002 0 0 0 0 0.2 0 0 0 0 0 0 0 0.4 
 20.200000000000003 13.8 27.6 10.8 11.4 7.800000000000001 52.2 17.400000000000002 32.4 10 10.8 12.4 0 77 47.400000000000006 37 8.6 63.6 64 72.8 0.6000000000000001 0 0.6000000000000001 0 0 0.6000000000000001 0 0 0 15 0 0 0.6000000000000001 0 6.4 0 0 0 0 0 0.4 0 0 0.4 0 1 0 0.6000000000000001 0 0 0.4 0 0 0 0 0.4 0.4 0.4 0 0 0 0 0 0.4 0 0 0.4 0 0 0 0 0.8 0 0 0 0 0 0.6000000000000001 0 0 0.2 0 4.800000000000001 0 4 0 0 2.6 5.4 6.800000000000001 7.6000000000000005 1.4000000000000001 0 9 0 7.4 15.8 2.6 0 2.2 0 0 0 0 0 0 0 0 0 0 0 0 0 0.2 0 0 0 0 0 0 0 0 4.800000000000001 0 0 0 0 0.4 0 0 0 0 0 0 0 0 0 0 0 0 0 0 0 0 0 1.8 0 0 0 0 0 0 0 0.2 0 0 0 0 0 0 0.6000000000000001 0 3 4.2 0 0 4 4.6000000000000005 5.6000000000000005 2 0 7.800000000000001 0 4 0 1.4000000000000001 6.4 3.2 6 8.6 0 0 0 0 0 0.2 0 0 0 0 0 0 0.4 0 0 0 0 0 0.2 0.2 0 0 0 0 0 0 0 0 0 0 0 0 0 0 0 0 0 0 0 0 0 0 0 0 0 0 0 3.4000000000000004 0 0.8 0 0 0 0 0 0 0 0 0 0 0 1 0 0 0 0.4 0 0 0 0 0 2.4000000000000004 0 0 0 0 0 0 0 0 0 0 0 0 0 0 0 0 0 0 0 0 0 0 0 0 2.8000000000000003 0 0 0 0 0 0 0 0 0 0 0 0 0 
 61.6 9.4 50.800000000000004 13.600000000000001 13.600000000000001 39.6 41.400000000000006 28.8 41.800000000000004 32.2 29.8 25.8 77 0 72.2 37.6 3.6 22.400000000000002 54 36.2 0.6000000000000001 0 0.6000000000000001 0 0 0.6000000000000001 0.2 0 0.8 0 0.4 0 0.6000000000000001 0 0 0 0 1 0 0 0.6000000000000001 0 0 0.4 0 2.6 0 0.6000000000000001 0 0 0.4 0 0 0 0 1.6 12 0 0 0 0 0 0 0.6000000000000001 0 0 0.4 0 10.8 0 0 0 0 0 0.2 0 0 0.4 0 0 1.4000000000000001 2.4000000000000004 0 0 4.4 0.2 4 2.2 0 4.2 2 0 5.6000000000000005 3.2 6.6000000000000005 0 10.200000000000001 4.6000000000000005 0 7.800000000000001 0.4 0 0 0 0 0.2 0 0 0 0 0 0 0 0 0 0 0 0 0 0.2 0 0 4 0.2 0 0 0 0 0.4 0 0 0 0 0 0 0 0 0 0 0 0 0 0 0 0 0 0 0 0 0 0 0 0 0 0 1.4000000000000001 0 0 0 0 0 0.6000000000000001 3.8000000000000003 0 0.4 0.6000000000000001 0 3 6.4 3 0 2 0 2.6 3.4000000000000004 2.2 2 0 0 3.4000000000000004 0 0 0 0 0 0 0 0 0 0.4 0 0 0 0.2 0 0 0 0 2.8000000000000003 0.6000000000000001 0 0 1.4000000000000001 0 0 0.2 0 0 0 0 0 0 0 0 0 0 0 0 0 0 0 0 0 0 0 0 0 0 0 0 0 0 0 0 0 0 1.8 0 0 0 0 0.4 0 0 0 0.8 0 0 0.2 0.2 0 2 0 0 0 0 0 0 0 0 0 0 1.8 0 0 0 0 0 0 0 0 0 0 0 0 0 3.6 0 0 0 0 0 0 0 0 0 0 0 0 0 
 50.800000000000004 28.6 49.2 15.200000000000001 11.200000000000001 9.4 30 30.8 36.6 16 72.60000000000001 7.800000000000001 47.400000000000006 72.2 0 52.400000000000006 24.400000000000002 29.400000000000002 17.2 27.400000000000002 0.6000000000000001 0 0.6000000000000001 0 0 0.6000000000000001 0 0 0 0 0 0 0.6000000000000001 0 0 0 0 0 14.8 0.4 0.6000000000000001 0 5.6000000000000005 0.4 0 1.6 0 1 0 0 0.4 0 0 0 0 1 12.8 0 0 0 0 0.8 0 0.6000000000000001 0 9.200000000000001 0.4 0 0 0 0 0 0 0 0 0 0 0.4 0 0 3.8000000000000003 4.4 7.4 0.2 3 0.8 2.4000000000000004 4.6000000000000005 4.4 6.4 3 5.4 2.8000000000000003 1.8 4 11 8.8 4 0 0.6000000000000001 0 0 0 0 0 0 1.8 0 0 0 0 0 0 0 0 0 0 0.2 0 1.8 0 0 3.6 0 0 0 0 0 0 0 0 0 0 0.2 0 0 0 0 0 0 0 0 0 0 0 0 0.2 0 0 0 0 0 0 0 0 0.2 0 0.4 0 0 2.8000000000000003 0.8 2.2 0.2 6.800000000000001 3.4000000000000004 0 3.8000000000000003 4.2 2.2 1.6 0.4 1.8 5.2 3.2 0 8.8 7.800000000000001 2.8000000000000003 3.8000000000000003 0.2 0 0 0 0 0 0 0 0 0 0 0 0.2 1.6 0.2 0 0 0 3.2 0 0 0 0 0 0 0 0 0 0 0 0 0 0 0 0 0 0 0 0.4 0 0 0 0 0 0 0 0 0 0 0 0 0 0 0 0 0 0 0 0 0 0 1.4000000000000001 1.4000000000000001 0 0 0.8 1.2000000000000002 0 0.2 17.400000000000002 2 1.6 0 0 0 0 0 0 0 0 0 0 1.4000000000000001 0 0 0 0 0 0 0 0 0 0 0 0 2.6 0 5 0 0 0 0 0 0 0 0.4 0 0 0 0 
 4 31.400000000000002 40.800000000000004 24.400000000000002 81 72.2 34.2 10 28 37.4 40.2 62 37 37.6 52.400000000000006 0 31.8 91.80000000000001 31.200000000000003 31.200000000000003 1.2000000000000002 1.2000000000000002 0.8 0 0.6000000000000001 1.2000000000000002 0 0.2 0 0 0 0.4 0.6000000000000001 0.2 0 0 0 0 15 0 1.4000000000000001 0 0.4 0.4 0.4 1 0.6000000000000001 0.6000000000000001 0.6000000000000001 0.4 0.4 1 0 0.6000000000000001 0 1.4000000000000001 0 0 0 0 0 0.6000000000000001 0 0.6000000000000001 0 0 0.4 1 0 0 0 0.4 0 0 0 0 0 0.4 10.600000000000001 0.4 5.6000000000000005 3 11.4 7.800000000000001 0 0 0 0.4 2 3 8 6 0 1.4000000000000001 8 5.2 8.200000000000001 4.800000000000001 0.2 1.2000000000000002 0 0 0 0 0 0 1.6 0 0 0 0.2 0 0.4 0 0 0 0 0 0 4.4 0 0 2.8000000000000003 0 0 0 0 0 0 0 0 0 0 0 0 2.8000000000000003 0 1.2000000000000002 0 0 2.4000000000000004 0 0 0 0 0 0 0 0.2 0 0 0 0 0 0 0 0 0 0 0 6.4 2.2 14.600000000000001 3.4000000000000004 0.2 0 0 4 5.6000000000000005 2 3 2 8 6.6000000000000005 2.8000000000000003 2.2 5.2 2.8000000000000003 3.4000000000000004 2 0 0.4 0 0 0 0 0 0 0 0 0 0 0 0 0.2 0 0 0 5 2 0 0 0 0 0 0 0 0 0 0 0 0 0 0 0 0 0 0 0 0 0 0 0 0 0 2.4000000000000004 0 0 0.4 0 0 0 0 0 0 0 0 0 0 0 0 1.8 0 0 0 0 0 0 0 34.6 1.2000000000000002 1.4000000000000001 0 0 0 0 0 0.2 0 0 0 0 0 0 0 0 0 0 0 0 0 0 0 0 0 0 0 0 0 0 0 0 0 0 0 0 0 0 0 0 
 22 8 11.8 33.800000000000004 24.8 22 6.6000000000000005 44.6 15.8 23.200000000000003 73.4 52.6 8.6 3.6 24.400000000000002 31.8 0 13.4 8.4 6.800000000000001 0.6000000000000001 0 0.8 0 0 0.8 15 15.200000000000001 0 24.8 0 0 56.2 9 0 0 0 0.2 16 15.200000000000001 0.6000000000000001 0 0 0.4 0.2 1 0 1.2000000000000002 0 0 0.4 0 0 1.4000000000000001 1.2000000000000002 0.6000000000000001 0.6000000000000001 0 0 0 0 1 0 0.6000000000000001 0 0 0.4 0 0 8 0 0.2 0 0 1.4000000000000001 0 0 0.4 0.6000000000000001 0 0.8 5.2 0.4 17.6 2.6 4.4 0 0.2 13 4.6000000000000005 7.6000000000000005 4 0 1.4000000000000001 0 6.2 5.6000000000000005 0 0 0 0 0 0.2 0 0 0 0 3 0 0 0 0 0.4 0 0 0 0 0 0 3 0 0 0 0 0 0 0 0 0 0 0 0 0 0 9 0 2 0 0 0 0 0.2 0 0 0 0 0 0 0 0 0 3.6 0 0 0 1.4000000000000001 0 8 0 0 5.2 4.2 6.800000000000001 2 8 0 0 0 2.2 8.4 3.2 3.4000000000000004 2.4000000000000004 1.8 5.2 0 5 3.8000000000000003 0 0 1 0 0 1.6 0 0 3.6 0 0 0 0 0 5.800000000000001 2.8000000000000003 0 0 0 0 2.4000000000000004 2.6 0 0 0 0 0 0 0 0 0 0 0 0 0 0 2.8000000000000003 0 0 0 0 0 0 0 0 0 0 0 0 0 0 0 0 0 0 0 0 0 0 0 0 0 0 0 0 0 0 0.4 10.600000000000001 0.2 8.8 5.800000000000001 0 1 0 0 0 0 0 0 0 0 0 0 0 0 0 0 0 0 0 0 0 0 0 0 0 0 0 0 0 0 0 0 0 0 0 0 0 0 0 0 
 26.200000000000003 60.2 66.4 15.8 13.8 9.8 6.2 22.8 43.6 10 10.200000000000001 32 63.6 22.400000000000002 29.400000000000002 91.80000000000001 13.4 0 40.400000000000006 7.6000000000000005 0.6000000000000001 0 1 0 0 0.6000000000000001 0.2 0 0 0 0 41.400000000000006 0.6000000000000001 15 0 0 0 41.400000000000006 46 0 1 0 0.6000000000000001 0.4 0 0.6000000000000001 0 0.6000000000000001 0 0 0.4 0 0 0 0 0.4 0 0 0 0 6.4 0 0 0.6000000000000001 0 0 0.4 0 0 0 0 0 0.8 0 0 0 0 0.4 0 0.6000000000000001 3 1.2000000000000002 7 4.2 0 0 1.6 0.2 5 2 5 7.800000000000001 0 2 9.600000000000001 4.800000000000001 0.4 5 0 3.4000000000000004 4 0 0 2 0 0 2.6 0 0 0 0.4 0 2 0 0 0 0 0 0 5.4 0.2 0 2 0 0 0 0 0 0 0 0 0 0 0 0 0 0 0.2 0 0 0 0 0 0 0 0 0 0 0.4 0 0 0 0 0 0 0 0 0 0 0 3.8000000000000003 1.2000000000000002 0.2 5 0 0 10.4 3 0.4 6.800000000000001 4.800000000000001 0.2 1.6 5.2 4 0 2.4000000000000004 2.8000000000000003 4 4.4 0 0.2 0 0 0 0 0 0 0 0 0 0 2.2 4 3.6 0 0 0 5.4 0.4 0 0 0 0 0 0 0 0 0 0 0 0 0 0 0 0 0 0 0 0 0 0 0 0 0 0 0 0 0.2 0 0 0 0 0 0 0.4 0 0 0 0 0 2.6 0 0 0 0 0 0 1.2000000000000002 0.2 2.2 3.6 0 0 0.2 0 0 0 0 0 0 0 0 0 0 0 0 0 0 0 0 0 0 0 0 0 0 0 0 0 0 0 0 0 0 0 0 0 0 0 
 25.6 8 26.6 14 13 15.4 80.2 10.600000000000001 16.6 28.8 4.6000000000000005 91.4 64 54 17.2 31.200000000000003 8.4 40.400000000000006 0 44.2 0.6000000000000001 0 0.6000000000000001 0 0 0.6000000000000001 0 0 0 0 0 0 0.6000000000000001 0 0 0 0 0 14.600000000000001 0 0.6000000000000001 0 0 0.4 0 0.8 0 1.2000000000000002 0 0 0.4 0 0 0 0 0.4 0 0 0 0 0 0 0 0.6000000000000001 0 0 0.4 0 0 0 0 1.2000000000000002 1.4000000000000001 0 0.6000000000000001 0.8 9.8 0.4 0.2 0 5.2 3.8000000000000003 4.4 0 0.4 0 6.6000000000000005 1.8 3.4000000000000004 2 0 4.2 4.6000000000000005 5 4.6000000000000005 0 4.6000000000000005 2 0 16.8 0 0 3.2 0 0 0.4 0 0 0 0 0 0 0 0 0 0 0 0 3.6 0 0 0 0 0.4 0 0 0 0 0.2 0 0 0 0 0 0 0 0 0 0 0 0 0 0 0 0 0 0 0 0 0 0 3.2 0 0 0 0 0 0 0 0 3.6 4.800000000000001 3.6 0 0.2 0.4 4.800000000000001 9.8 1.6 3 3.4000000000000004 1.8 4.2 1.8 4.2 5 3 0.2 6.6000000000000005 2.8000000000000003 0 0 0 0 0 0 0 0 0 0.2 0 0 0 0.4 0 0 0 0 0 0 0 0.2 0 0 0 0.4 0 0 0 0 0 0 0 0 0 0 0 0 0 0 0 0 0 0 0 0 0.2 0 0 0 0 0 0 0 0 0 0 0 0 0 0 0 0 0 0 0.2 0 0 0 0.2 0 1.8 0 0 0 0 0 0 0 0 0.2 0 0 0 0 0 0 0 0 0 0 0 0 0 0 0 13 0 0 0 0 0 0 0 0 0 0 0 0 0 
 17.400000000000002 41.6 43.6 17.8 15.4 7.2 58.2 25 46 31.200000000000003 19.400000000000002 11.8 72.8 36.2 27.400000000000002 31.200000000000003 6.800000000000001 7.6000000000000005 44.2 0 0.6000000000000001 0 0.6000000000000001 0 0.2 0.6000000000000001 0 0.4 0 0 0 0 0.6000000000000001 0 0 0 0 0 0 0 0.4 0 0 0.4 0 0.6000000000000001 0 0.6000000000000001 0 0 0.4 0 0 0 0 0.4 0 0 0 0 0 0 0 0.4 0 0 0.4 0 0 0 0 0.4 0 0 0 0 0 0.6000000000000001 0 0 4.2 2.2 6.6000000000000005 0 0.2 0 4.800000000000001 3.8000000000000003 2.6 1.6 3.4000000000000004 0 2.6 3.2 5 10.4 6.6000000000000005 0 0 7.6000000000000005 0 0 0 0 0 0 0 0 0 0 0 0 0 0 0 0 0 0 0 0 0 0 0 0 0 0 0 0 0 0 0 0 0 0 0 0 0 0 0 0 0 0.4 0 0 0 0.2 0 0 0 0 0 0 0 0 0 0 0 0 0 0 5 0.4 0 2.2 0 0.2 3 1.4000000000000001 1.2000000000000002 3 2.6 0 2 2 2.4000000000000004 9.4 0.2 2.6 5.4 0 0 0 0 0 0 0 0 0 0.2 0 0 0.2 0 0 0 0 0.4 0 0 0 0 0 0 0 0 0 0 0 0 0 0 0 0 0 0 0 0 0 0 0 0 0 0 0 0 3.4000000000000004 0 0 0 0 0 0 0 0 0 0 1.4000000000000001 0 0 0 0 1.8 0 0 0 0.4 0.2 0.2 0.4 0.2 0.4 1.6 0 0 0 0 0 0 0 0 0 0 0 0 0 0 0 0 0 0 0 0 0 0 0 0 2.6 4.4 0 0 0 0 0 0 0 0 0 0 0 0 
 0.6000000000000001 0.6000000000000001 0.6000000000000001 31.200000000000003 29.200000000000003 16.2 0.6000000000000001 0.6000000000000001 1 0.4 16.400000000000002 15.8 0.6000000000000001 0.6000000000000001 0.6000000000000001 1.2000000000000002 0.6000000000000001 0.6000000000000001 0.6000000000000001 0.6000000000000001 0 50.6 10.4 11.8 9.4 61.400000000000006 26.400000000000002 24.400000000000002 6.4 5 6.800000000000001 5 40 78.4 22.200000000000003 21.8 29.8 8.200000000000001 26 87.80000000000001 0 0 0.6000000000000001 0.2 0 0 0 0 0 0 0 0.6000000000000001 0 0 0 0 0.6000000000000001 0 0 0.4 0 0 0 0 0 0 0 0 0 0 0.6000000000000001 0 0 0 0 0 0 0 0 0 0 0 0 0 0 2.2 0 0 0 0 0 0 0 0 0 0 0 0 0 0 6.800000000000001 5.800000000000001 6.6000000000000005 0 0 0 10.600000000000001 7.800000000000001 2 1.8 0 6.800000000000001 7.2 11.200000000000001 9.4 0 2.4000000000000004 0 8 0.2 0 0 0 0 0 0 0 0 0 0 0 0 0 0 0 0 0 0 0 0 0 0.8 0 0 0 0 0 0 0 0 0 0 0 0 1 0 0 0 1.4000000000000001 0 0 0 0 1 0 7 0 0 0 0 0 3 0 0 0 0 0 0.6000000000000001 2.4000000000000004 0.2 5.800000000000001 7.2 0 0 0 0 4.6000000000000005 2.6 4.6000000000000005 4.6000000000000005 2.2 2.4000000000000004 0 4.2 4.4 6.6000000000000005 5.4 0.2 0 0 0 0 0 0 0 0 0 0 0 0 0 0 0 0 0 0.2 0 0 0 0 0.4 0 0 0 0.2 0 0 0 0 0 0 0 0 0 0 0 0 0 0 0 0 0 0 0 0 0 0 0 0 0 0 0 0 0 3.4000000000000004 0.2 0 0 0 0 1.2000000000000002 4.800000000000001 0 0 0 0 0 0 0 0 0 0 0 0 0 0 0.4 0 0 0 0 5.2 0 0 0 0 0.4 0 0 0 
 0 14.600000000000001 14.600000000000001 0 0 0.2 0 0 0 0 0.4 0 0 0 0 1.2000000000000002 0 0 0 0 50.6 0 34.4 23.6 47.6 33.2 34.800000000000004 64.4 52.6 11.8 15 24.400000000000002 9 54.2 101 17.2 63 44.6 15.600000000000001 10.200000000000001 0 0 0.6000000000000001 0 0 0 0 0 0.6000000000000001 0 0 1 13.200000000000001 0 0 0 0.6000000000000001 0 0 0.4 0 0 0.2 0.2 0 0 0 0 0 0.4 0.6000000000000001 0.2 0 0 0.2 0 0 0.2 0 0.2 0 0 0 0 2.4000000000000004 0 0 0 0 0 0.2 0 0 0 0 0 0 0 0 0 0 0 0 4.2 4 3 0 0 2.6 1.8 4.4 0.2 2.4000000000000004 2.8000000000000003 0.2 0 1.8 0.2 0 0 0 0 0 0 0 0 7.2 0.2 0 0 0 0 0 0 0 0 0 0 1.4000000000000001 3.6 0.2 0 0 0.6000000000000001 0 0 0 0 0 0 0 0 0 0 0 0 0 0 0 0 0 0 0 0 0 0 0 0 0 0 0 0 0 0 0 0 0 0 0 0 0 0 2 3.8000000000000003 1.8 3.8000000000000003 0 0 0 3.8000000000000003 0 3.6 2.6 2.6 0 6.800000000000001 0 0.4 0 0 0 0 0.2 0 0 0 6.4 0 0 0 0 0 2.2 0 0 0 0 0 4.6000000000000005 2.6 0 0.4 0 0 0 0 0 0 0 0.2 0 0 0 0 1 0 0 0 0 0 0 0 0 0 0 0 0 0 0 0 0 0 0 0 2 0 0 18.400000000000002 3.8000000000000003 0 0 0 0 0 0 0 0 0 0 0 0 0 0 0.8 0 0 0 0 0 2.8000000000000003 0 0 0 0 0 0 0 0 0 0 
 0.4 0.6000000000000001 0.6000000000000001 0.6000000000000001 0.6000000000000001 0.8 0.6000000000000001 0.6000000000000001 0.8 0.6000000000000001 1.2000000000000002 0.4 0.6000000000000001 0.6000000000000001 0.6000000000000001 0.8 0.8 1 0.6000000000000001 0.6000000000000001 10.4 34.4 0 35 21.200000000000003 22 18.400000000000002 35 74.8 16 23 23.6 17.400000000000002 98.4 27 55.2 10.4 37.4 5.800000000000001 52 0 0 0.6000000000000001 0 0 4.6000000000000005 0 0 0 0 0.4 0.6000000000000001 4.4 0 1.2000000000000002 0 0.6000000000000001 0 0 0.4 0 0 0 0.4 0 0 0 0 0 0 0.6000000000000001 0 0 0 0 0 0 10.200000000000001 0 0 0 0 0 0 0 0 0 0 0 0 0 0 0 0 0 0 0 0 0 0 0 3.6 0 3.6 6 3.6 0 3.8000000000000003 2 2 3.2 2.6 0 3.2 0 2.6 2 0 0 0 5.2 0 0 0 0 0 3.6 3.6 0 0 0 0 0 0.4 3.4000000000000004 0.2 0 0 7 0.6000000000000001 0 0 0 2.8000000000000003 2.6 0 0 0 0 0 0 0 0 0 0 2.2 0 0 0 0 0 0 0 0 0.6000000000000001 0 0 0 0 0 0 0 0 0 0 0 0 0 0 0 0.6000000000000001 3.4000000000000004 3.6 2.8000000000000003 1.8 0.2 1.2000000000000002 3.8000000000000003 3.2 3.6 5.800000000000001 1.8 5.800000000000001 0 1 2.6 9.600000000000001 0 0 0 0 0.2 0 0 0 0 4 0.2 0 0 0 0.2 5.800000000000001 4.2 0 3.2 0 0 5 2.2 0 0 0 0 0 0 0 0 0 0 2.4000000000000004 0 0 0 0 0 0 0 0 0 0 0 0 0 0 0 0 0 0 0 0 0 0 0 1.2000000000000002 0 0 16 0.2 0 0.8 0 0 0 0 0 0.2 0 0 0 0 0 0 0 0 0 0 0 0 0 0 0 0 0 0.4 1.4000000000000001 0 0 0 0 
 0 0 0.4 0 0 1 0 0.2 0 0.6000000000000001 0 0 0 0 0 0 0 0 0 0 11.8 23.6 35 0 50.2 16.400000000000002 20.8 51.2 66 39.400000000000006 10.8 71.60000000000001 47.800000000000004 21.6 26.400000000000002 40.400000000000006 46.400000000000006 51 113.60000000000001 34.800000000000004 0 0.6000000000000001 0.6000000000000001 0 0.4 0.6000000000000001 0 0 0 0 1.4000000000000001 7.2 0.4 0 4.6000000000000005 0 0.6000000000000001 1.4000000000000001 14.600000000000001 1 0 0 0 0 6.800000000000001 0 0 0.6000000000000001 0 1.2000000000000002 0.6000000000000001 0 10.4 0 0 0.2 0 0 0 0 0 0 0 0 0 2.6 0 0 2.8000000000000003 0 0.4 0 0 0.2 0 0 0.4 0.4 0 0 0 3 0.2 18.6 3 0.2 0.2 5.800000000000001 2.4000000000000004 8.4 6.6000000000000005 12 0.2 7.4 4.2 2.2 5 0.2 0 0 0.2 0 0 0 0.2 0 4.800000000000001 1.8 0 0 0 0 0 1.8 2.4000000000000004 0.2 2 0 0 0 0 0 0 1.8 0 0 0 0 0.2 0 0 0.2 0 0 0 0 0 0 0 0 0 0 0 0 0 0 0 0 0 0 0 0 0 0 0.4 0 0 0 0 0 5.800000000000001 13.600000000000001 1.8 1.8 0.2 3 4.4 3 0.4 3 8.4 3 6.6000000000000005 0 6.800000000000001 1.6 5.2 2.4000000000000004 0.2 0 0 1.2000000000000002 2.6 0 0 0 2.2 1.4000000000000001 0 0 0 0.2 0 2.6 1.8 6.4 0 0 2.6 0 0 0 0 0 0 0 0 0 0 0.2 0 0 0 0 1.6 0 0 0 0 0 0 0 0 0 0 0.4 0 0 0 0 0 0 0 0 5.4 0 0 15 8.200000000000001 0 0 0 0 0 0 0 0 0 0 0 0 0 0 0 0 0 0 0 0 0 0 0.2 0 0 0 1.4000000000000001 4 0 0 0 
 0 0.2 0 0 0.2 0.2 0 0.4 0 0 0.6000000000000001 0 0 0 0 0.6000000000000001 0 0 0 0.2 9.4 47.6 21.200000000000003 50.2 0 12.600000000000001 9 76.80000000000001 34 28.6 16.8 33.4 48.400000000000006 40.800000000000004 31.200000000000003 99.4 11.4 61.400000000000006 16.400000000000002 32.6 0 0 0.6000000000000001 0.2 0 0 0 0 0 0 0.4 0.6000000000000001 6.2 0 0 0 0.6000000000000001 0 0 0.6000000000000001 0 0 9.8 0.6000000000000001 0 0 0 0 0 0 0.6000000000000001 0 0 0 0 0 0 0 0 0 0 0 0 0 0.2 0 0 0 0 0 0 0 0 0 0 0 0 0 0 0 0 2.6 0.2 3.4000000000000004 8.8 0 1.4000000000000001 2 1.8 0 7 3.2 0 0 1.8 1.2000000000000002 4 1 0 0 5.4 0 0 0 0 0 1.4000000000000001 0 0 0 0 0 0 0 0 0 0 0 7.4 0 0 0 0 0.8 0 0 0 0 0 0 0.4 0 0 0 0 0 0 0 0 0.2 0 0 0 0 0 0 0 0 0 0 0 0 0 0 0 0 0 0 0.4 0 0.2 1.8 1.8 2 0 2.2 0.4 5.4 3.8000000000000003 4 3.8000000000000003 0 0 0 0 3.4000000000000004 6 0 0 0 0 0 0 0 0 0 7.2 0 0 0 0.2 0 2.4000000000000004 0 0 0 0 0 4 0 0 0 0 0 0 0 0 0 0 0 0 0 0 0 4.2 0 0 0 0 0 0 0 0 0 0 0 0 0 0 0 0 0 0 0 0.6000000000000001 0.4 0.2 27 0 0 0.4 0 0 0 0 0 0 0 0 0 0 0 0 0 0 0 0 0 0 0 0 0 0 0 0 0 0 0 0 0 
 0.6000000000000001 0.6000000000000001 0.6000000000000001 0.6000000000000001 0.6000000000000001 1 0.6000000000000001 0.8 1 0 1 0.6000000000000001 0.6000000000000001 0.6000000000000001 0.6000000000000001 1.2000000000000002 0.8 0.6000000000000001 0.6000000000000001 0.6000000000000001 61.400000000000006 33.2 22 16.400000000000002 12.600000000000001 0 6 10.8 22 10.600000000000001 74 8.200000000000001 49.800000000000004 9.8 11 16.6 10.200000000000001 12 11.4 54.2 10.8 0.2 14.4 42.400000000000006 0 0 0.4 47.800000000000004 0 12.4 0 0.6000000000000001 0 25.6 13 29.200000000000003 0.8 8.6 25.8 12.8 0 0 0 0 0 0 0 0 0 0 1.6 0 0 0 0 0 0 0.2 0 1 0 0 0 0 0 0 0 0 0 0 0 0 0 0 0 0 0 0 0 0 0 0 0 1.8 4.2 5.800000000000001 0 0 0 0.2 0 3.8000000000000003 0 0 0 0 0.4 0 0 0 0 3 0 3.6 0 0 0 5.800000000000001 0 7.4 3.6 0 0.2 8 1.2000000000000002 7.6000000000000005 1.8 5.2 4.2 2 0 0 0 0 0 0 0.8 1.8 0 0 0 0 0 0 0 0 0.4 0 0 0 0 0 0 0.4 0 0 0 0 0 0 0 0 0.2 0 0 0 0 0 0 0 0 0 0 1.8 0.8 0 0 0.2 0 3.6 0 3.6 0 0 0 0 0 1.8 0 0 3.2 0 6.2 7.4 0 0 2 1.8 3.2 2.2 3.8000000000000003 0 4 9.8 4.6000000000000005 9.8 3.6 4.2 1.8 2.4000000000000004 0 0 0 0 0 0 0 0 0 0 0 0 0 0 0 0 0 0 0 0.2 0 0 0 0 0 0 0.2 0 0 0 0 0 0 0 2.4000000000000004 0 0.2 0 15 0.2 1.4000000000000001 0 0 0 0 0 0 0 0 0 0 0 0 0 0 0 0 0 0 0 0 0 0 0.4 0 0 0 0 0 0 
 0.2 0 0 16 0 0.2 0 0 0 15.4 0 0.2 0 0.2 0 0 15 0.2 0 0 26.400000000000002 34.800000000000004 18.400000000000002 20.8 9 6 0 57.2 65.4 15 7.4 6.6000000000000005 38.400000000000006 30.6 58.6 25.8 5 34 28 70.4 0 0 0.6000000000000001 0.2 0 0 0 0 0 0 0 0.6000000000000001 0 0 0 0 0.8 1.8 0 0.4 0 0 0 0 0 0 0 0 0 0 0.6000000000000001 0 0 0 0 0 0 0.6000000000000001 0 11.8 0 0 0 2.6 0 0 0 0 3.6 0 0 2.8000000000000003 0 0 0 0 0 0 0 0 0 0 0 1.4000000000000001 0 0.6000000000000001 8 0 8.6 0 0 1.4000000000000001 2 4.6000000000000005 6.6000000000000005 1.4000000000000001 1.8 2.4000000000000004 3.6 2.6 0 0 0 0 0 0 0 0 0 0 0 0 0 0 2.8000000000000003 0 0 0 0 0 0 0.2 0 0.2 0.2 0 0 0 0 0.4 0 0.4 0.4 0 3.6 3 0 0 2.6 0 0 0 0 0 4.800000000000001 0 0 0 0 0.4 5.2 0 0 0 0 4.6000000000000005 0 0 0.2 0 0 2.4000000000000004 4.2 0 0 2 0.4 2.2 0 0 0 1.2000000000000002 4.2 3.2 0 0 1.8 0.2 0 2.8000000000000003 0 0 0 0 0 0 0 0 0 0 0 0 0 0 0 0 0 0 3.8000000000000003 0 0 0.2 0 0.2 0.2 0.2 0 0 0 0 0.2 0.4 0 0 0 0 0 0 0 0 0.2 0 0 0 0 0 16 0 0 0 0 0 0 0 1.6 0 0 0 0 0.4 0 3.8000000000000003 0 0 0 0 0 0 0 0 0 0 0 0 0 0 0 0 0 0 0 2.2 0 0 0 3.6 0 0 0 0 
 0.2 0 1.6 15.4 7.800000000000001 0 0 0 0 15.8 1 14.600000000000001 0 0 0 0.2 15.200000000000001 0 0 0.4 24.400000000000002 64.4 35 51.2 76.80000000000001 10.8 57.2 0 28.200000000000003 27.400000000000002 9 20.8 42 51.2 30.6 39.2 18 46.800000000000004 63.800000000000004 27.8 0 0 0.6000000000000001 0 0 0 0 0 0 0 0 0.6000000000000001 0 1.8 0 0 0.8 0 0 0.4 0 10.200000000000001 0 0 0 0 0 0 0 0 0.6000000000000001 0 0 0.4 0 0 0 0 0 0 0 0 0 0.2 0.6000000000000001 2.6 0 0 0 0 0 0 0 0 0 0 0 0 0 0 0 0 5.4 5 0 0.4 5.2 0.6000000000000001 2.8000000000000003 11.600000000000001 0 2.8000000000000003 0 1.8 3.8000000000000003 0.6000000000000001 2.2 4 3.8000000000000003 0 0 0 0 0 0 0 0 0 0 0 0 0.2 0 0 0.2 0 0 0 0 0 0 8 0 0 0 0 0 0 0 0 0 0 0 10.600000000000001 0.4 0 0 0 1 0 0.4 1.4000000000000001 0 0 2.8000000000000003 0.8 0 0.2 0 1.6 0.2 0 0 0 0 0 0 0 0 0 3.6 6.2 2.4000000000000004 2.2 0.2 4 2.4000000000000004 3.2 0 0.2 0 5 11.200000000000001 2.4000000000000004 3.6 0 2 4.6000000000000005 0 0 0 0 0 0 0 0.2 0.4 0 0 0 0 0 1.6 0 0 2.2 0 0 2.8000000000000003 0 0 0 0 0 0 0 0 0 0 0 0 1.4000000000000001 0 0 0 0 0 0 0 0 0 0 0 0 0 14.8 14.8 0 0 0 0 0 0 0 2.8000000000000003 0.4 0 0 0 0.2 0 1.4000000000000001 0 0 0 0 0 0 0 0 0 0 0 0 0 0 0 0 0 2.6 0 1.6 0 0 0 6.2 3.8000000000000003 0 0 0 
 0 0 0 0 14.600000000000001 15.4 0 0.2 0.2 0 0.4 0 0 0.8 0 0 0 0 0 0 6.4 52.6 74.8 66 34 22 65.4 28.200000000000003 0 36.2 11.600000000000001 36.4 96.4 22.200000000000003 38.400000000000006 30.400000000000002 13.8 29.400000000000002 61.2 11.600000000000001 0.4 1 0.6000000000000001 0.6000000000000001 0.6000000000000001 0.4 1.4000000000000001 0 0 0 3.6 0.6000000000000001 14 0.6000000000000001 42.400000000000006 0.2 0.6000000000000001 0.4 0 12.8 1.2000000000000002 0.2 0.4 0 0 0.4 0 0.6000000000000001 0.8 0.8 0.6000000000000001 0 0 1.2000000000000002 0 0 0.4 1 0 0.2 0 0 0 2.4000000000000004 1.4000000000000001 0 0 0 0 0 0 0 0 0 0 0 0 0 0 0.4 0 6.800000000000001 2 2.4000000000000004 4.2 0 0 2.4000000000000004 3.6 0.6000000000000001 6.800000000000001 2.6 0 4 0.4 0 9.4 3.4000000000000004 0 0 0 0 1.6 0 0 0 4.800000000000001 0.4 0 0 0 0 0.2 0 0 0.2 0.2 0 0 4 0 0 0 0 0 0 0 0 0 0 0 0 0 0 0 0 0 0 0 0 0 0 0 0 0 0 0 0 0 0 0 0 0 0 0 0 0.6000000000000001 0 0 0 0 0 1 4.4 3.2 0.4 1.6 3.2 2.2 11.200000000000001 0 2.2 4.6000000000000005 0 0 8.4 4.6000000000000005 0 0 0.6000000000000001 0 0 0 0 0 0 6.4 3 0 0 0 0 3.4000000000000004 1.6 0.2 0 0 0 3.2 0 0 0 0 0 0 0 0 0 0 0 4.800000000000001 0 0 0 2.4000000000000004 0 0 0 0 0 0 0 0 0 0 0 0 0 0 0 0 0 0 0 1.4000000000000001 0 0.6000000000000001 0.4 0 0.4 0.2 0 0 0 0 0 0 0 0 0 0.2 0 0 0 0 0 0 0 0 2 0 4 0 0 0 3.6 0 0 0 0 
 0.2 0 0 0 0 0 0 0 5 0.6000000000000001 0.4 0 15 0 0 0 24.8 0 0 0 5 11.8 16 39.400000000000006 28.6 10.600000000000001 15 27.400000000000002 36.2 0 18.400000000000002 27.400000000000002 12.4 21.8 72.4 37 33.4 39.400000000000006 60.800000000000004 30.400000000000002 3 13.8 0.6000000000000001 0 41.400000000000006 0.4 13.200000000000001 0 0 0 41.6 0.6000000000000001 12.600000000000001 0 0 0 0.6000000000000001 0 13.200000000000001 17.400000000000002 0 0 0 1 0 0 1.6 0 0 0 0.6000000000000001 0 0 0 0 0 0 0.4 0 0 0.2 0 0 0 0 0 0 0 0 0 0 0 0 0.4 0 0 0 0 0 0 0 6.800000000000001 3.8000000000000003 0 4.800000000000001 0 2 11.200000000000001 1.8 0 6.2 5.4 0 0 2 7.800000000000001 0 7.4 0 0 5.2 0 3.6 0 0 0 6.6000000000000005 0.2 0 0 0 0 6.800000000000001 4.800000000000001 0 0 4.2 0 5.2 0.4 0 0 0 0 0 0 0 0 0 0 0 0 0 0 0 0 0 0 0 0 0 0 0 0 0 0 0 3 0 0.8 0 0 0 0 0 0 0 0 0.8 0 0.8 2.4000000000000004 2 3.4000000000000004 1.2000000000000002 12 0 4 3.2 4 4.4 0.2 0 0 0 2.6 7.4 0.2 0.4 0 0 1.4000000000000001 0.2 0 0 0 0 2.6 0 0 0 0 7.4 0.8 2.6 0.2 0 0.2 5 3 0 0 0 0 0 0 0 0 0 0.4 0 0 0 0 0 0 0 0 0 0 0 0 0 0 0 18.2 0 0 0 0 0 0 0 0 2.4000000000000004 0.4 0 23.200000000000003 0 0.2 0 0 0.2 0 0 0 0 0 0 0 0 0 0 0 0 0 0 0 0 0 0 0 0 0 0.2 0 0 0 0 0 
 0 0 0 0 0 0 0 0.4 0 0 0.4 0 0 0.4 0 0 0 0 0 0 6.800000000000001 15 23 10.8 16.8 74 7.4 9 11.600000000000001 18.400000000000002 0 21 24.200000000000003 48 8.8 51 14.4 12 7.6000000000000005 12.200000000000001 1.6 0 1.4000000000000001 0.2 0 0 0 0 0 0 0 0.6000000000000001 4.4 0 3.8000000000000003 41.800000000000004 0.6000000000000001 0 12.4 13 0 0 0 0 0 0 0 0 0 0 0.6000000000000001 0 0 0.8 0 0 0 0 0 0 0 0 0 0 0 0 0 0 0 0 0 0 0 0 0 0 0 0 0 0.2 0.8 0 0 2.4000000000000004 9 4.6000000000000005 0 0 0 0 1.2000000000000002 1.6 0 0 0 3 3.4000000000000004 6.800000000000001 0 0 0.4 0 0 0 0 0 5 4 0 0 0 0 2.6 0 3.6 6.6000000000000005 1.4000000000000001 0 0 6.6000000000000005 0 0 0 0 0 0 0 1 1.4000000000000001 0 0 0 0 0 0 0 0 0 0 0 0 0 0 0 0 0 0 0 0 0 0 0 0 0 0 0 0 0 0 0 0 0 5.6000000000000005 8.6 0.8 3 2 3.4000000000000004 2 3.4000000000000004 2.2 2 0 0 1.6 2.6 0 6.4 0 0 0 0 2.2 2.2 0 0 3 1.4000000000000001 0 0 0 0.2 3.8000000000000003 6.4 6.4 7 0 1.8 0 0 0 0 0 0 0 0 0 0 0 0 0 0 0 0 0 1.4000000000000001 0 0 0 0 0 0 0 0 0 0 0 0 0 0 0 0 0 0 2.8000000000000003 0.4 0 0.4 22.400000000000002 0.2 0.2 0 0 0 0 0 3.6 0 0 0 0 0 0 0 11.600000000000001 0 0 0 0 0 0 0 0 0 0 0 0 0 0 0 
 0 0 0 0 0 0 0 0 6.4 0 0 0 0 0 0 0.4 0 41.400000000000006 0 0 5 24.400000000000002 23.6 71.60000000000001 33.4 8.200000000000001 6.6000000000000005 20.8 36.4 27.400000000000002 21 0 6 48.800000000000004 37.6 41.800000000000004 15 110.4 16.6 8.200000000000001 6 0 0.6000000000000001 0 0 0 0 0 12.8 0 0 0.6000000000000001 29.200000000000003 13.200000000000001 18.8 0 0.6000000000000001 0 5.6000000000000005 0.6000000000000001 0 0 0 8.8 0 0 0 0 0 0 0.6000000000000001 0 0 0 10.600000000000001 0 0 0 0 0 0 0 0 0 0 0 0 0 0 0 0 0 0 0 0 0 0 0 0 0 0 0 0 0 6.800000000000001 10.4 0 0.2 2 0 6.2 2.4000000000000004 0 2.8000000000000003 0 10.8 1.8 0.2 0 0 8.8 9.8 0 0 0 0 6.6000000000000005 0 0 0 0 0 2.6 0.2 0 2.6 5.800000000000001 0 10 0 0 0 0 0 0 0 0.4 0 0 0.2 0 0 0 0 0 0 0 0 0 0 2.6 0 0 0 0 0 0 0.8 0 0 0 0 0 0 0 0 0 0 0 0 2 4.4 8.4 4.6000000000000005 0.2 1.8 0 0 2.2 0 4.4 0 2.6 4.6000000000000005 0 0 8.6 3 0 0.4 7 0.2 3.4000000000000004 0 0 0 2.2 1.8 0.4 0 0 2.6 6.2 0.2 14.200000000000001 5.4 1.8 0 18.400000000000002 2.4000000000000004 0 0 0 0 0 0 0 0 0 0 0 0 0 0 0 1.2000000000000002 0.4 0 0 0 0 0 0.8 0 0 0 0 0 0 0 0 0 0 0 2.2 0 0 15.4 19.400000000000002 0.8 0 0 0 0 0 0 0 0 0 0 0 0.2 0 0 0 0 0 0 0 7.2 0 0 0 0 2.2 0 0 0 0 0 
