 0 66.2 50.400000000000006 30.6 25 9.200000000000001 34.800000000000004 28 9 52.2 8 5.800000000000001 28.6 25.8 12.200000000000001 5.2 25.400000000000002 65.60000000000001 73.2 14.200000000000001 0 0 0.4 0 0.4 40.6 0.2 0.6000000000000001 0 0.4 0 0.6000000000000001 0 0.6000000000000001 0 0 1.2000000000000002 0 0.6000000000000001 0 0 0 0.4 0.6000000000000001 0 0 0 0 0 0.4 0.6000000000000001 0 0.4 0 0 0 0 0 6 1 7.4 0 0 0 0.8 3.4000000000000004 0.6000000000000001 0 0.8 0 0.8 0 0 0 0 0 0.6000000000000001 0 0.6000000000000001 11 6.4 5.800000000000001 2.2 4.6000000000000005 0 0 5 5 3.6 0 0 0 5 6.4 5.800000000000001 6.6000000000000005 1 0 3 0 0 0 0 0 0 0 0 0 0 0 0 0 0 0 0 0 0 0 0 0 0.4 0.4 0 0 0 0 0 0 0 0 0 0 0 0.2 0 0 0 0 0 0 0.4 0 0 0 0 0 0 0 0 0 0 0.4 0 0 0 0 0 0 0 0 2.8000000000000003 4.4 2.4000000000000004 0 0 0 0.4 3.8000000000000003 0 3.2 1.4000000000000001 0 0.6000000000000001 1.8 0 0 1.4000000000000001 1.4000000000000001 3.6 4.800000000000001 0 0 0 0 0 0 0 0 0 0 0 0 0.4 0 0 0 0 0 0 0 0 0 0 0 0 0.4 0 0 0 0 0 0 0 0 0 0 0 0 0 0 0 0 0 0 0 0 0 0 0 0 1.4000000000000001 0 0 0 0 0 0.6000000000000001 0 0 0 0 0.4 0 0 0 0 0 0 0.4 0 0.2 17.8 2 0 0 0 0 0 0 0 0 0 0 0 0 0 0 0 0 0 0 0 0 0.2 0 1.6 0 0 0 0 0 0 0 0 0 0 0 0 0 0 
 66.2 0 87.60000000000001 13.600000000000001 38.800000000000004 27.6 39 108 33 19.200000000000003 66.2 51.2 34.4 45.2 12.8 12.8 24.400000000000002 41.800000000000004 63.6 6.800000000000001 0.6000000000000001 0 2.2 0.4 0.8 0.4 0 1 0 15.8 0 1.8 0 1.2000000000000002 0 0.6000000000000001 1.2000000000000002 0 15.4 0 0.2 0.6000000000000001 0.4 13.8 1.6 0.2 0 0 0 0.6000000000000001 0.6000000000000001 1 0.4 0 0.2 0 0 0.6000000000000001 0 1.2000000000000002 4 0.4 0 0 1 1.4000000000000001 1.8 0 1.4000000000000001 1.8 1.2000000000000002 0 0 0.8 0 0.6000000000000001 0.8 0.8 0 1 2.8000000000000003 2.8000000000000003 11.4 3.8000000000000003 2.6 7.6000000000000005 2.8000000000000003 2.2 4 1 6.2 9.200000000000001 0 2.6 0 3.8000000000000003 0 10.600000000000001 0 0 0 0 0 0 0 0 1.4000000000000001 0 0.2 0 0 0 2.4000000000000004 0.2 0 0 0 0 7.800000000000001 8 0 0.2 0 0 0 0 0 0 0 0 0 0 0 0 0 0 0 0 0 0 0 0 0 0 0 0 0 0 0.4 0 0 0.4 0 0 0 0 0 0 0 0 0 2.6 13.4 2.6 8.200000000000001 6.6000000000000005 2.6 0 2.2 5 3.4000000000000004 5.4 0 0 0 1.4000000000000001 3.2 4 0 0 0 0 0 0 0 0 0 0 0 0 0 0 3.2 0 1.8 0 0 0 4.6000000000000005 2 0 0 0 0 0 0 0 0 0 0 0 0 0 0 0 0 0 0 0 0 0 0 0 0 0 0 0 0 0.6000000000000001 2.2 0 0 0 0 0 0 0.2 0 0 0 0 0 0 0 0 0.4 0.2 0 0.2 0.2 0 10 0 0 0.4 0 0 0 0 0 0 0 2.2 0 0 0 0.2 0 0 0 0 0 0 0.4 0 0 2.4000000000000004 0 0 0 0 0 0 0 0 0 0 0 0 0 
 50.400000000000006 87.60000000000001 0 62.800000000000004 20 4.6000000000000005 37 50.6 17.2 12.600000000000001 80.4 8 41.2 10.200000000000001 55.6 15.8 30 65.4 7.4 51.800000000000004 0 0 0.4 0 0.4 0 0 0.6000000000000001 0 0.6000000000000001 0 0.6000000000000001 16.400000000000002 0.6000000000000001 0 0 1.4000000000000001 0 0.6000000000000001 15.600000000000001 0 0 0 0.6000000000000001 0 0 0 0 0 0.4 0.6000000000000001 0 0.4 0 0 0 0 0 7.2 0.4 0 0 0 0 0.4 1.2000000000000002 0.6000000000000001 0 0.6000000000000001 0 1.8 0 0 0 0 0 0.6000000000000001 0 0 0.6000000000000001 10.600000000000001 11.200000000000001 0 3.2 2.2 0 4.800000000000001 4.4 3.8000000000000003 2.8000000000000003 4.2 5.4 4 3.6 3.8000000000000003 2.8000000000000003 10 0 3.2 0 0 0 0 0 0 0 0.2 0 0 0 5.2 4.4 0 0 0 0 0 0 9.600000000000001 0 0 0 0 0 0 0 0 0 0 0 0 0 0 0 0 0 0 0 0 0 0 0 0 0 2.2 0 0 0 0 0 0 0.4 0 0 0.2 0 0 0 0 0 4.4 9.200000000000001 6.2 4 6.6000000000000005 1.6 0 3.6 1 4 3.8000000000000003 4.4 0 6.800000000000001 0 0 4 5 0 3.6 0 0 0 0 0 0 0 0 0 0 0 0 4.6000000000000005 0 0 0 4.6000000000000005 0 0.4 0 0 0 0 0 0 0 0 0 0 0 0 0 0 0.8 0 0 0 0 0 0 0 0 0 0 0 0 0 0 0 0 0 0 0 0 0 0 0 0 0 0 0 0 0 0 0 0.6000000000000001 0 0.4 0.4 0.4 0 1.2000000000000002 2.2 0 0.2 0 0 0 0 0 0 0 0.6000000000000001 0 0 0 0 0 0 0 0 0 0 0 0 7.2 0 0 0 0 0 0 0 0 0 0 0 0 0 0 
 30.6 13.600000000000001 62.800000000000004 0 33.6 13.600000000000001 33.6 41.400000000000006 16.8 18 45.800000000000004 6 60.800000000000004 33.4 19.400000000000002 61.6 44.800000000000004 25.200000000000003 14.4 14.200000000000001 5.800000000000001 0 0.6000000000000001 0 0.6000000000000001 0 0 0.8 0 0.2 0 0.4 34.2 20.6 0 0 1.4000000000000001 0 16.400000000000002 5 0 0 0 0.6000000000000001 0 0 0 0 0 0.6000000000000001 0.6000000000000001 0.2 0.4 0 0 0 0 0 0 0.4 0 0 0 0 0.4 0.6000000000000001 0.6000000000000001 0.2 0.6000000000000001 0 0.6000000000000001 0 0 0 0 0 0.6000000000000001 0 0 0.6000000000000001 0.4 2.8000000000000003 0 3.8000000000000003 0 0 0 0 7 2.2 6.4 7.6000000000000005 0 0 2.2 2 4 3.2 0 0 5.2 0 0.2 0 0 0 0 0 0.2 0 0 0 0.2 1.6 0 0 0 0 4.4 0.2 2.8000000000000003 0 0 0.4 0 0 0 0 0 0 0 0 0 0 0 0 0 0.2 0 0 0 0 0 0 1.2000000000000002 0 0 0 0 0 0 0 0.8 1.2000000000000002 0 0 0 0 0 0 0 1.6 2.2 6.2 4.800000000000001 0 0 0 1.8 0.6000000000000001 0 4 0 2 0 3.8000000000000003 0.2 0 0 0 0 6.4 0 0 0 0 0.2 0 0.2 0.4 0.4 0 3.6 0 4.6000000000000005 0 1.6 0 4.800000000000001 0 0 0 0 0 0 0 0 0 0 0 0 0 0 0 0 0 0 0 0 0 0 0 0 0 0 0 0.2 1.6 0 0 0 0 0 0 0 0 0 0 0 0 0 0 0 0 0 0.8 11.600000000000001 0.4 0 19 2 2 0.4 0 0 0 0 0 0 0 0 0 6.800000000000001 0 0 0 0 0 0 0 0 0 0 2.6 0 3.8000000000000003 0 0 0 0 0 0 0 0 0 0 0 0 0 0 
 25 38.800000000000004 20 33.6 0 73.8 25.200000000000003 24.8 22.6 15.8 39.800000000000004 9 54.800000000000004 52.400000000000006 36.800000000000004 11.600000000000001 9.200000000000001 26 9.8 13.8 12.4 0.2 15.200000000000001 0 0.4 10.200000000000001 19.6 16 0 0.4 0 0.6000000000000001 27 36 15 0.4 0.8 15.600000000000001 31.400000000000002 17.400000000000002 0 0 0 0.6000000000000001 0 1.2000000000000002 0 0 0 0.4 0.6000000000000001 0 0.4 12.8 0 0 0 0 0.4 0.6000000000000001 0 0 0 0.4 1.4000000000000001 0.6000000000000001 0.6000000000000001 7.4 0.4 0 0 0 0 0 0 0 0.6000000000000001 0 1.6 0.6000000000000001 3.6 4.4 0 3.4000000000000004 0 0 0 0 2.4000000000000004 0.4 1 8.200000000000001 0 0 0 0 5.6000000000000005 0 0 0 8.8 3 7 0 0.2 0.2 4.4 7.800000000000001 2 3.6 0 4.6000000000000005 6.6000000000000005 10.200000000000001 11.8 0 1.6 1.8 16.2 4.2 0 0 0 0 0 0 0 0 0 0 0.4 0 0 0 0 0 0 0 0 0 0 0 0 0 1 0.2 0 0 0 0 0.2 0 0 0 0 0 0 0 0 1 3.6 3 1.8 2.4000000000000004 0.8 0 1.4000000000000001 0 0.2 4.6000000000000005 0 4.4 0 9.4 0 0 0 3.8000000000000003 0 0 2.4000000000000004 4.6000000000000005 5.2 3.6 0 0 9.4 0.4 7.6000000000000005 3.8000000000000003 0 0 0 0 2 10.600000000000001 0 0 8.6 0 0.2 0 0 0 0 0 0 0 0 0 0 0 0 0 0 0 0 0 0.6000000000000001 0 0 0 0 0 0 0 0 0 0 0 0 0 0 0 0 0 0 0 0 0 0 0 0 0 0 0.4 0.6000000000000001 0.2 0.2 0.4 2.4000000000000004 0.6000000000000001 0.6000000000000001 0 0 0 0 0 0 0 0 0.4 0.4 0 0 0 0 0 0 0 0 0 0 0 0 0 0 0 0 0 0 0 0 0 0 0 2.4000000000000004 0 0 0 
 9.200000000000001 27.6 4.6000000000000005 13.600000000000001 73.8 0 6.800000000000001 6.800000000000001 41.400000000000006 21.6 34.6 32.6 56.400000000000006 6.4 51.800000000000004 10.600000000000001 30.8 30 8.8 52.2 14.8 0 6 0.4 0.6000000000000001 0 0 30 0.2 15.200000000000001 15.600000000000001 0.4 14.600000000000001 15.600000000000001 6 0 1 0 25 19.8 0 0 0 0.6000000000000001 0 0 0 0 0 0.6000000000000001 0.6000000000000001 0.6000000000000001 0.4 0 0.2 0 0 0 0 0.4 0 0 0 0 5 0.6000000000000001 0.4 0 0.6000000000000001 0 0 0 0 0 0 0 0.6000000000000001 0 1 0.6000000000000001 0 1.8 2.4000000000000004 0 1.4000000000000001 1.8 0 0 0 0 0 2.6 0 0 0 2 0 8.8 0 0 6 2.2 9 0 0 0 3.6 5.6000000000000005 7.4 3 0 0.2 5.2 4 4.4 0 0 0.4 2.2 13.200000000000001 0 0 0 0.2 0.2 0 0 0 0 0 0 0 0 0 0 0 0 0 0 0 0 0 0 0 0 0 0 0 0 0 0 0 1.2000000000000002 0.4 0 0 0 0 0 0 0 0 6 0 3 7.2 0 0 0 0 0 2.2 0 0 0 2.2 5 1.8 0 0 0.2 9.8 0 2.2 0.4 0 6 4.2 7.4 0 4.2 0 9.600000000000001 0 5.4 5.2 0 1.8 3.8000000000000003 6.4 0 0 0 0 0 0 0 0 0 0 0 0 0 0 0 0 4.2 0 5.800000000000001 0 0 0 0 0 0 0 0 0 0 0 0 0 0 0 0 0 0 3.6 0 0 0 0 0 0 0 0.4 17.2 0 0.2 1 0.2 2.4000000000000004 0 0 0 0 0 0 0 0 0 0 0 0 0 0 0 0 0 0 0 0 0 0 0 0 2 0 0 0 0 0 0 0 0 4 3 0 0 0 
 34.800000000000004 39 37 33.6 25.200000000000003 6.800000000000001 0 106.80000000000001 12.8 7.2 29.400000000000002 77.80000000000001 69 34.6 13.8 18.2 44.2 20 12 17.8 0 0 0.4 0 0.2 0 0.8 1 0 0.6000000000000001 0 0.6000000000000001 0 1 0 0 1.2000000000000002 0 0.6000000000000001 0 0 0 0 0.6000000000000001 0 0 0 0 0 0.4 0.6000000000000001 0 0.4 0 5 0 0 0 0.2 0.6000000000000001 9.600000000000001 0.4 0 0 1 0.6000000000000001 0.6000000000000001 0 0.4 0 0.2 0 6.800000000000001 0 0 0 0.6000000000000001 0 0 0.6000000000000001 11 5.6000000000000005 4 8.4 0 1.2000000000000002 6.2 6.4 4.6000000000000005 6.2 3.6 0.2 0 3.4000000000000004 2.8000000000000003 0 7.6000000000000005 3.8000000000000003 0.2 0 0 0 0 0 0 0 4 0 0.4 0.2 0 0 0 0 0 0 0 0 0 0.4 0 0 0 0 0 0 0.2 0 0.4 0 0 0 0 0 0 0 0 0 0 0 0 0 0 0 0 0.4 0 0 0 0 0 0 0 0 0 0 0 0 0 0 10.200000000000001 2 1.8 3.2 0 0 2.2 3.6 0 0 1.8 12.600000000000001 0 4.6000000000000005 0.2 2.6 0.4 6 0 0.8 0 0 0 0 0 0 0 0 0 0 0 0 0.2 0 0 0 0 0 2 0 0 0 0 0 0 0 0 0 3.2 0 0.2 0 0 0 0 0 0 0 0 0 0 0 0 0 0 0 0 0 0 0 0 0 0 0 0 0 0 0 0 0 0 0 0 0 0 0.8 0 0 0.4 17.6 0 2.2 0 0 0.4 0 0 0 0 5.4 0 0 1.8 0 0 0 0 0 0 0 0 0 0 0 0 3.4000000000000004 2.8000000000000003 3.8000000000000003 0 0 0 0 0 0 0 0 0 0 0 0 
 28 108 50.6 41.400000000000006 24.8 6.800000000000001 106.80000000000001 0 55 32 48 6.800000000000001 61.800000000000004 16.400000000000002 120 24.6 9.600000000000001 41.6 11.200000000000001 29.200000000000003 0 0 0.6000000000000001 0 0.6000000000000001 0.6000000000000001 0 0.6000000000000001 0 0.2 0 0.4 0 0.6000000000000001 0 0 1.2000000000000002 0 1.6 0.2 0 0 0 0.4 0 0 0 0 1.8 0.6000000000000001 0.6000000000000001 0 0.4 0 13 0 1.6 0 0.4 0.4 6.6000000000000005 0 0 0 0.4 0.6000000000000001 0.2 0 0.6000000000000001 0 0 0 0 0 0 0 0.6000000000000001 0 0 0.6000000000000001 4.6000000000000005 2.2 3.4000000000000004 6.2 0 0 0 8.8 4.6000000000000005 2.8000000000000003 5.4 8.200000000000001 4.2 0 2.6 0.2 2.8000000000000003 0 2.6 4.2 0 0 0 0 0 0 0 0 0 0 0 5 0 0 3.2 0 0 0 2.8000000000000003 2.6 0 0 0 0 0 0 0 0 0 0 11.200000000000001 0 0 0 0 0 0 0 0 0 0 0 0 0 0 0 0 0 0 0 0 0 0 0 0 0 0 0 0 0 7.2 2.8000000000000003 2.4000000000000004 4.800000000000001 2.4000000000000004 5.6000000000000005 0 0.4 3.4000000000000004 7.2 2.4000000000000004 4 0 3.2 0 3 0 7 0 0 0 0 0 0 0 0 0 0 0 0 0 0 0 0 0 0 3 0.2 2.8000000000000003 0 0 0 0 0 0 0 0 0 0 2.6 0 0 0 0 0 0 0 0 0 0 0 0 0 0 0 0 0 0 0 0 0 0 0 0 0 0 0 0 0 0 0 0 0 0 0 0 0.4 0.4 0.4 18 0.4 3.4000000000000004 0 0 0 0 0 0 0 0 0 0 2.4000000000000004 0 0 0 0 0 0 0 0 0 0 0 0 0 0 0.4 0 0 0 0 0 0 0 0 0 0 0 0 
 9 33 17.2 16.8 22.6 41.400000000000006 12.8 55 0 58 31.8 24.8 25.8 58.6 25.8 66.2 25.8 28.8 15.4 24.6 0.4 0 41.6 0 0.4 0 0.2 0.6000000000000001 0 0.4 0 0.6000000000000001 7.2 0.6000000000000001 0 0 1.2000000000000002 0 0.8 22.6 0 0 0 0.6000000000000001 0 0 0 0 0 0.4 0.6000000000000001 0.4 0.4 0 0.2 0 0 0.4 0.2 0.4 0 0 0 0 0.4 0.6000000000000001 2.8000000000000003 0 0.4 0 10.4 0 0 0 0 0 0.6000000000000001 0 0 0.6000000000000001 0 1.4000000000000001 0 7.6000000000000005 2 13 1.4000000000000001 3.6 0.2 1.6 8.6 2.6 5.800000000000001 0.2 9.8 6.6000000000000005 0 11.8 3 2 3.8000000000000003 2.8000000000000003 0.2 0 0 0 1.6 0 2.2 0 0 0 4 2 0 0 1.8 0 0.2 1.6 0 0 0 0 0 0 0 0.2 0 0 0 0 0 0 0 0 0 0 0 0 0 0.2 0 0 0 2.6 0.2 0 0 0 0 0 0 0 0 3.2 0 0 0 0 0 0 0 1.8 4.2 0.8 3.2 2.4000000000000004 3.4000000000000004 6.6000000000000005 4 2.2 0 3.6 0 0 3.2 0 0 0 0 0 0 0 0 0 0 2.2 0 0 0 0 2 4.4 2.8000000000000003 7 0 0 2.2 5.2 0 0 0 0 0 1.8 0 0 0 1.8 0.4 0 0 0 0 0 0 0 0 0 0 0 0 0 0.4 0 0 0 0 0 0 0 0 0 0 0 0 0 0 0 0 0 0 0 0 0.8 17.8 0 0 18 0 2.8000000000000003 0 0 0 0 0 0 0 0 0 0 0 0 0 0 0 0 0 0.4 0 0 0 0 0 0 0 0 0 0 0 0 0 0 0 0 0 0 0 0 
 52.2 19.200000000000003 12.600000000000001 18 15.8 21.6 7.2 32 58 0 30.400000000000002 49.6 55.6 72.8 63.400000000000006 48.6 27.8 66.4 11.200000000000001 19.400000000000002 0 0 1 0 0.6000000000000001 0 0 0.6000000000000001 0 0.2 0 0.4 0 0.8 0 0 1 0 0.6000000000000001 15.200000000000001 0 0 0 0.6000000000000001 0 0 0 0 0 13.8 0.6000000000000001 0.4 0.4 0 0.2 0 0 0 0.2 0.4 5.2 0 0 0 0.4 0.6000000000000001 1 0 0.6000000000000001 0 0 0 0 0 0 0 0.6000000000000001 0 0 0.6000000000000001 0 2.8000000000000003 0 8.8 4 11.8 0 0 0 4.800000000000001 17.400000000000002 2.2 2.8000000000000003 0 3 6.6000000000000005 0.2 5.2 2.4000000000000004 1.6 4.800000000000001 2 4.4 0 0 0 3.2 0 2.2 0 0 0 5 1.8 0 0 2 0 0.4 6.800000000000001 0 0 0 2.4000000000000004 0 0 0 0 0 0 0 0 0 0 0 0 0 0 0 0 0 0 0 0 0 0 0 0 0 0 0 0 0 0 0 0 0 0 0.2 0 0 3.2 0 2.4000000000000004 3 0.2 0 2.6 1.8 0.4 4.800000000000001 5.6000000000000005 0 1.6 0 0 7.800000000000001 1.8 0 0 2.6 0 0 0 0.2 0 0 6 0 3.8000000000000003 0 0 5.2 2.2 2.4000000000000004 3.8000000000000003 0 0 15.4 5 0 3.2 0 0 0 0 0 0.4 0 0 0 0 0 0 0 0 0 0 0 0 0 0 0 0 0 0 0 0 0 0 0 0 0 0 0 0 0 0 0 0 0 0 0 0 0 0 17.8 0 1.8 21.400000000000002 0.4 0.4 0 0 0 0 0 0 0 0 0 0 0 0 0 0 0 0 0 0 0 0 0 0 0 0.2 2 0 0 0 0 0 0 0 0 0 0 0 0 0 
 8 66.2 80.4 45.800000000000004 39.800000000000004 34.6 29.400000000000002 48 31.8 30.400000000000002 0 12.200000000000001 9 17.2 31.8 93.60000000000001 16.8 10.8 6 12.8 0.2 0.4 1.2000000000000002 0 0.6000000000000001 0 0.8 0.8 0 0.4 0 0.6000000000000001 14.8 0.6000000000000001 0 1.2000000000000002 1.2000000000000002 0 16.2 0 0 0 0.4 0.6000000000000001 0 0 1 0.8 0 0.4 0.6000000000000001 0 0.4 0 0.2 0.4 0 0 0 0.8 0.2 0 0 0.8 0.4 13.200000000000001 1.4000000000000001 0 0.6000000000000001 0 1.6 0 0 0 0 0 0.6000000000000001 0.4 0 0.6000000000000001 2.2 2.4000000000000004 2 3.4000000000000004 5.800000000000001 2.6 0 2.2 2.4000000000000004 1.4000000000000001 1.8 2 0 4 0 2.2 4.800000000000001 2 3.4000000000000004 0 0 0 0.2 0 0 0 0 0 0 0 0 3.4000000000000004 0 0 0 0 0 0 7 4 0 0 0 0 0 0 0 0 0 0 0 0 0 0 0 0 0 0 0 0 0 0 0 0 0 0 0 0 0 0 0 0 0.8 0 0 0 0 0 0 0 3 0.4 3.4000000000000004 3.8000000000000003 3.4000000000000004 5.6000000000000005 0.8 4.4 2.6 2.2 2 9.200000000000001 0 5.800000000000001 0.2 2.2 6.6000000000000005 3.6 0 2 2.8000000000000003 0 0 0 0 0 0 0 0 0 0 0 7 0 0 0 0 0 2 3.2 0 0 0.4 0 0 0 0 0 0 0 0 0 0 0 0 0 0.4 0 0 0.4 0 0 0 0 0 0 0 0 0 0 0 0 0 0 0 0 0 0 0 0.2 0 0 0 0 0 0.4 0.2 0 0.6000000000000001 0.8 0 1 0 0 0 0 0 0 0 0 0 0 2 0 0 0 0 0 0 0 0 0 0 0 0 3.6 0 0 0 0 0 0 0 0 0 0 0 0 0 0 
 5.800000000000001 51.2 8 6 9 32.6 77.80000000000001 6.800000000000001 24.8 49.6 12.200000000000001 0 11.600000000000001 66.8 9.600000000000001 7.800000000000001 64.2 35.6 28.6 7.4 18.2 0 0.4 0 0.6000000000000001 1 0 15.600000000000001 1 1 0 0.6000000000000001 16.2 0.8 0.8 4.800000000000001 1.4000000000000001 0.4 31 16.6 0 0.8 0 14.200000000000001 0 0 0 0.6000000000000001 0.8 0.4 1.8 0.4 0.4 0 12.600000000000001 0 0.2 2 0 1 3 0 0 0 0.4 1.4000000000000001 1.4000000000000001 0 0.4 0.8 0.6000000000000001 10 0 1.6 0.8 0 0.6000000000000001 0 0 0.6000000000000001 2.4000000000000004 0 7.2 5.4 2.4000000000000004 15.8 3.2 2.6 0 1.6 6.2 2.8000000000000003 0 3.6 0 3.2 0 5.2 1.8 0 3 3.4000000000000004 4.2 0 2.6 4.4 5.4 5 0.2 0 0 0 3.8000000000000003 0.4 0 0 4.4 0 3 4 0 0 0 0 0 0 0 0 0 0 0.2 0 0 0 0 0 0 0 0 0 0 0 0 0 0 0 0 0 0 0 0 0 0.8 0 0 0 0.4 0 0 0 0.2 4 1.2000000000000002 2.2 3.2 7.4 0.8 0 2.6 5.800000000000001 2.4000000000000004 5.4 0 0 0 2.8000000000000003 3 4.2 0 0 3.2 0 0 3 0.4 0 3.2 0.2 0 0 0 0 3.8000000000000003 6 3.4000000000000004 0 1 0 2.6 5 0.4 2.8000000000000003 0 0 0 0 0 0 0 0 0 0 2.2 0 0 0 0 0 0 0 0 0.2 0 0 0 0 0 0 2.6 0 0 3.4000000000000004 0 0 0 3.6 0 0 0 0 0 0 0 0 0 0.2 1.8 0 0.2 2 0 2.8000000000000003 0 0.4 0 0 0 0 0 0 0 0 0 0 0 0 0 0 0 0 0 0 0 0 0 0 2.6 0 0 0 0 2.4000000000000004 0 0 0 0 0 0 0 0 
 28.6 34.4 41.2 60.800000000000004 54.800000000000004 56.400000000000006 69 61.800000000000004 25.8 55.6 9 11.600000000000001 0 83.60000000000001 95.60000000000001 94.80000000000001 27.6 36.6 42.6 45.800000000000004 0 0 1.4000000000000001 0.4 0.4 0 0.2 1.2000000000000002 0 1 0.4 1.8 0 0.6000000000000001 0 0 2.6 1 1.4000000000000001 0 0 0 0 1.2000000000000002 0.8 0 0 0 0 0.4 1.6 0.6000000000000001 0.4 0 0 0 1.8 0.6000000000000001 7 0.6000000000000001 7.6000000000000005 0 0.6000000000000001 0.6000000000000001 0.4 0.6000000000000001 0.6000000000000001 0 0.4 1.6 1 0 0 0.6000000000000001 0.8 0.8 1.6 0 0.4 0.6000000000000001 9.4 0 0 2.6 0 0 0 8.200000000000001 0.2 0 0 0.6000000000000001 4 4 6.4 5.800000000000001 0 0 0 0 0 0 0.2 0 0 0 0 0 0 0 0 5 0 0.4 0 0 0 0 0 0 0 0 0 0 0 0 0 0 0 0 0 0 0 0 0 0 0 0.4 0 0 0 0 0 0 0 0 0 0 0 0 0 0.4 0 1.8 0.2 0 0 0 0 0 0 5 0 0.8 0 0.6000000000000001 0.6000000000000001 1.8 0.4 3.8000000000000003 0 4 2.8000000000000003 0.6000000000000001 14.8 0 0.2 1.6 0 1.8 0 0.2 0 0 0 0 0 0 0 0 0 0 0 0 0 0 0 0 0 0 0 0 0 0 0 0 0.4 0 0 0 0 0 0 0 0 0 0 0 0 0 0 0 0.4 0 0 0 0 0 0 0 0 0 0 0 0.4 0 0 0 0 0 0 0 0 0 0 0.4 0.2 0.2 0.4 0 0 2.2 0 0 0 0 0 0 0 0 0 0 0 0 0 7.2 0 0 0 0 0 0 0 0.4 0 3.2 0 0 0 0 0 0 0 0 0 0 0 0 0 0 
 25.8 45.2 10.200000000000001 33.4 52.400000000000006 6.4 34.6 16.400000000000002 58.6 72.8 17.2 66.8 83.60000000000001 0 22.400000000000002 51.2 3.6 6.4 80.80000000000001 44.400000000000006 0 0 0.4 0 0.2 0 0 2.6 0 0.6000000000000001 0 0.6000000000000001 0 15.8 0 0 1.4000000000000001 0 0.6000000000000001 0 0 0.6000000000000001 0 0.6000000000000001 0 0 4.6000000000000005 0 0 1.4000000000000001 0.6000000000000001 0.6000000000000001 0.4 0 0 0.4 0 0 0 0.6000000000000001 0.6000000000000001 0 0 0 0.4 0.6000000000000001 0.6000000000000001 0 0.4 0 0 0 0 6.4 0 0 1.2000000000000002 0.4 0 0.6000000000000001 0.2 7 5.800000000000001 4 0 4.2 13 0 0 3.2 0 0 2 3 3.4000000000000004 4.4 0 2.2 0 0 0 0 0 0 0 0 0 0 0 0 0 0 0 0 0.2 0 0 0 0 0 0 0 0 0 0 0 0 0 0 0 0 0 0 0 0 0 0 0 0 0 0 0 0 0 0 0 0 0 0 0 0 1 0 0 0 0 0 0 0.4 0 1.2000000000000002 5.800000000000001 0.2 0.4 0 0 3.8000000000000003 3 0 7.800000000000001 0 0 4.6000000000000005 0 2 0 2 5 13.4 3.6 0 0 0 2.6 0 0 0 0 0 3 0 0 0 0 0 0.2 0 0 0 0 0 0 0 0 0 0 0 0 0 0 0 0 0 0 0 0 3.6 0 0 0 0 0 0 0 0 0 0 0.4 0 0 0 0 0 0 0 0 0 0 0 0 0 0 0 0 0 0 0 0 18.6 0 0 2 0.2 0 0.4 0 0 0 0 0 0 0 0 0 0 0 0 0 0 0 0 0 0 0 0 0 3 0 0 0 0 0 0 0 0 0 0 0 0 0 
 12.200000000000001 12.8 55.6 19.400000000000002 36.800000000000004 51.800000000000004 13.8 120 25.8 63.400000000000006 31.8 9.600000000000001 95.60000000000001 22.400000000000002 0 17.8 25.200000000000003 20.400000000000002 37 47.2 0 0 0.6000000000000001 0 0.2 0 0 1 0 0.6000000000000001 0 0.6000000000000001 0 0.6000000000000001 0 0 1 0 0.6000000000000001 0 0 0 0.4 0.6000000000000001 0 0 0 0 0 0.4 0.6000000000000001 0 0.6000000000000001 0 0.2 0 0 0 0.2 1.2000000000000002 0 0 0 0 0.4 2.8000000000000003 0.6000000000000001 0 9.600000000000001 0 0.8 0 0 0 0 0 0.6000000000000001 0 0 0.6000000000000001 5.800000000000001 2.6 0 12.600000000000001 0 0 2.2 3 1.4000000000000001 0.2 4.2 4.6000000000000005 4.6000000000000005 3.2 2.8000000000000003 2.4000000000000004 1.2000000000000002 0 5.2 1.8 0 0 0 0 0 0 0.2 0 0 0 0 6.6000000000000005 0 0 0 0 0 0 0 4.2 0 0 0.4 0 0 0 0 0 0 0 0 0 0.4 0 0 0 0 0 0.4 0 0 0 0 0 0 0 0 0 0 0 0 0 0 0 0 0 0 0 0 0 4 2.2 4.2 0.2 0 1.8 1.2000000000000002 10.4 1.6 2.8000000000000003 2 5 0 3.8000000000000003 0.6000000000000001 0 1.4000000000000001 10.200000000000001 4.4 1.4000000000000001 0 0 0 0 0 0 0 0 0 0 0 0.4 3.2 0 0.4 0 0 0 2 0 0 0 0 0 0 0 0 0 0 0 0 0 0 0 0 0 0 0 0 0 0 0 0 0 0 0 0 0 0 0 0 0 0 0 0 0 0 0.4 0 0 0 0 0 0 0 0 0 0 0 18.6 0 1 2 0 0 0 0 0 0 0 0 0 2 0 0 0 0 0 0 0 0 0 0 0 0 0 0 0 0 0 0 0 0 0 0 0 0 0 0 0 
 5.2 12.8 15.8 61.6 11.600000000000001 10.600000000000001 18.2 24.6 66.2 48.6 93.60000000000001 7.800000000000001 94.80000000000001 51.2 17.8 0 48.6 13 8 57.800000000000004 0 0 0.6000000000000001 0 0.6000000000000001 0 0 1 0 0.2 0 0.4 0 0.6000000000000001 0 0 1.2000000000000002 0 0.6000000000000001 5 0 0 0 0.6000000000000001 0 0 0 0 0 0.6000000000000001 0.6000000000000001 0.4 0.4 0 0.4 0 0 0 0.2 0.4 0 0 0 0 0.4 0.6000000000000001 0.4 0 0.6000000000000001 0 0.6000000000000001 0 0 0 0 0 0.6000000000000001 0 0 0.6000000000000001 0.4 2 0.6000000000000001 2.6 1.8 0 0 0 0 7 5.6000000000000005 7.6000000000000005 3.2 0 5.6000000000000005 6.4 5.800000000000001 4.6000000000000005 2.4000000000000004 1.8 2 0 0 0 0 0 0.2 0 0.2 0 0 3 2 0 0 0 0 0 0 2.2 0 0 0 0 0 0 0 3.8000000000000003 0 0 0 0 0 0 0.4 0 0 0 0 0 0 0 0 0 0 0 0 0 0 0.4 0 0 0 0 0 0 0 0 0 0.2 2.8000000000000003 0.2 3.2 0.2 2.8000000000000003 1.2000000000000002 0.6000000000000001 6.6000000000000005 8.200000000000001 0 6.6000000000000005 3.8000000000000003 0 10.8 0 4.2 6.2 0.4 0 0.2 3.6 0 0 0 0 0 0 0.4 0 0 0 0 6.800000000000001 0 0.4 3.4000000000000004 0.4 0 0 2 0 0 0 0 0 0 0 0 0 0 0 0.2 0 0.2 0.4 2 0 0 0 0 0 0 0 0 0 0 0 0 0 0 0 0 0 0 0 0.2 0 0 0 0 0 0 0 0 0.2 0 17.400000000000002 0 18.400000000000002 34.6 0 1.2000000000000002 0 0 0.4 0 0 0 0 0 0 0 0 0 0 0.2 0.2 0 0 0 0 0 0 0 0 4 0 0 0 0 0 0 0 0 0 0 0 0 0 0 
 25.400000000000002 24.400000000000002 30 44.800000000000004 9.200000000000001 30.8 44.2 9.600000000000001 25.8 27.8 16.8 64.2 27.6 3.6 25.200000000000003 48.6 0 18.2 16.400000000000002 9.200000000000001 14.600000000000001 0 0.6000000000000001 0 0.6000000000000001 0 0 1 0 0.2 0.2 0.4 0.2 15.4 0 0 1.2000000000000002 0 15.600000000000001 0 0 0 0.4 0.6000000000000001 0 0 0 0 0 0.6000000000000001 0.6000000000000001 0 0.4 0 0 0 0 0 0 0.4 9.8 0.4 0 0.6000000000000001 0.4 1.2000000000000002 0.6000000000000001 0.8 6.6000000000000005 0.6000000000000001 1.4000000000000001 0 0.2 0.4 0 0 0.6000000000000001 0 0 0.6000000000000001 6.4 0 3 3 0 2.2 4 2.8000000000000003 3.4000000000000004 1.2000000000000002 0 0 0 5.6000000000000005 2.2 0 2.2 3.4000000000000004 2.8000000000000003 0 0 0 0 0 0 0 2.8000000000000003 0 0 0 0 2.4000000000000004 0 0 0 0 0.2 0 2.8000000000000003 3 0 0 0.2 0 0 0 0 0 3.2 0 0 0 0 0 0 0 0 0 0.2 0 0 0 0 0 0 0 0 0 0 0 0 0 0.8 1 0 0 0 0 0 0 2.8000000000000003 0 0 0 0 3.2 2.8000000000000003 2 0 0 0 4.800000000000001 0 1 0 1.8 0.2 0.2 0 2.8000000000000003 0 1.8 0 0 0 0 0 2.2 0 0 4 0 4.2 0 0 2.4000000000000004 0 0 2.6 2.2 0 0 0 0 0 0 0 0 0 0 0 0 0 0 0 0 0 0 0.4 0 0 3 0 0 0 0 0 0 0 0 0 0 0 0 0 3.8000000000000003 0 0 0 0 0 0 0 0 0 0 17 0 0.6000000000000001 8.4 0 3.2 0 0 0 0 0 0 0 0 0 0 0 0 0 0 0 0 0 0 0 0 0 0 0 4.2 7.2 0 0 0 0 0 0 0 0 0 0 0 0 0 
 65.60000000000001 41.800000000000004 65.4 25.200000000000003 26 30 20 41.6 28.8 66.4 10.8 35.6 36.6 6.4 20.400000000000002 13 18.2 0 24.6 8.6 15 0 0.6000000000000001 0 0.6000000000000001 0 0 15.4 0 41.800000000000004 0.2 0.4 0 15.4 0 0 1.4000000000000001 0 15.200000000000001 0 0 0 0 0.6000000000000001 0 0.2 0 0 0 0.6000000000000001 0.6000000000000001 0 0.4 0 0 0 0 0 0 0.4 11.4 0 0 6.4 0.4 0.6000000000000001 1 0 0.6000000000000001 0 0 0 5.800000000000001 0 0 0 0.6000000000000001 0 0 0.6000000000000001 8 0.2 14 5.800000000000001 1.4000000000000001 7.2 3 14.8 4 1 3.2 2.6 0 3.2 2.2 0 3.6 9 0 0 0 1.2000000000000002 4.2 0 0 0 3.6 7.2 0 0.2 0 0 0 1.8 0 0.4 0.8 0 6.2 19 0 0 0 0 0 0 0 0 0 0 0 0 0 0 0 0 0 0 0 0 0 0 0 0 0 0 0 0 0 0 0 0 1.2000000000000002 1 0 0.2 0 0 0 0 7.800000000000001 2.4000000000000004 2 0 2 15 5.4 3 2 2.8000000000000003 0 6.4 0 3 0 4.800000000000001 0 5 0 0 0 2 0 0 0 0 0 0 0 0 0 0 0 0.2 1 0 0 0 6.6000000000000005 3.8000000000000003 0 0.2 0.4 0.2 0 0 0 0 0 0 0 0 0 0 0 0 0 0 2 0.4 0 0 0 0 0 0 0 0 0 0 0 0 0 0 0 0 0 0 0 0.4 0 0 0 0 0 0 18.2 0.4 0 22 0.4 2 0 0 0 0 0 0 0 0 0 0 2.4000000000000004 0 0 0 0 0 0 0 0 0 0 0 8.8 0 5.6000000000000005 0 0 0 0 0 0 0 0 0 0 0 0 0 
 73.2 63.6 7.4 14.4 9.8 8.8 12 11.200000000000001 15.4 11.200000000000001 6 28.6 42.6 80.80000000000001 37 8 16.400000000000002 24.6 0 46.6 0 0.4 0.4 0 0.4 0 0.2 0.6000000000000001 0 0.4 0 0.6000000000000001 0 1 0 0 1 0 0.6000000000000001 0 0 0.4 0 0.8 0 0 0 0 0 0.4 0.6000000000000001 0 0.4 0 0.4 0 0 0 0 0.4 13.200000000000001 0.4 0 0 0.4 3.6 1 0 1 0 0.2 0 0 0 0 0.6000000000000001 0.8 0 11 1 2.8000000000000003 4.4 9.4 3.2 0 0 11.200000000000001 3.8000000000000003 2.6 0 0 0 0.6000000000000001 8.200000000000001 6.800000000000001 4.6000000000000005 1.4000000000000001 2 0.4 0 0 0 0 0 0 0 0 0 0 0 0 0 0 0 0 0 0 0 0 0 0 0 0 0 0 0 0 0 0 0 0 0 0 0 0 0 0 0 0 0 0 0 0 0 0 0 0 0 0 0 0 0 0 0 0 0 0 0 0 0 1.6 2.2 3.2 0 0 0 2.8000000000000003 0 0.2 1.6 1.8 0 3 0 2.4000000000000004 0 1.2000000000000002 1.6 8.4 0 0 0 0 0 0 0 0 0 0 0 0 3.8000000000000003 0 0 0 0 0 0 0 0 0 0 0 0 0 0 0 0 0 0 0 0 0 1.6 0 0 0 0 6.6000000000000005 0 0 0 0 0 0 0 0 0 1.2000000000000002 0 0 0 0 0 0 0 0 0 0 0 0 0 0 0 2.6 0.4 0.4 0 0 0 0 1 2 0 0 0 0 0 0 0 0 0 0 0 0 0 0 0 0 0 0 0 0 0 0 0 2 0 0 0 0 0 0 0 0 0 0 0 0 0 
 14.200000000000001 6.800000000000001 51.800000000000004 14.200000000000001 13.8 52.2 17.8 29.200000000000003 24.6 19.400000000000002 12.8 7.4 45.800000000000004 44.400000000000006 47.2 57.800000000000004 9.200000000000001 8.6 46.6 0 0 0.6000000000000001 1 0 0 0.4 0 0.6000000000000001 0 0.6000000000000001 0 0.4 0.4 14.8 0 1 0.2 0 0 0 0 0 0 0.4 1.6 0 0.8 0 0 0.2 0 0.4 0 0 0.4 0 0 0.4 0 0 0 0 0 9 0 1 0.2 0.8 0 0.6000000000000001 1 0.6000000000000001 0 0 0 0 0.2 0.4 0 0 0.2 0.2 0.4 5.800000000000001 6.6000000000000005 0 2.4000000000000004 1.2000000000000002 0 1.4000000000000001 0 1.4000000000000001 2.4000000000000004 2.4000000000000004 2.2 2.4000000000000004 0 3 2.8000000000000003 4 0 0 0 0 0 0 0 0 0 0 0 0 7.800000000000001 0 0 0 0 0 0 0 0 0 0 0 0 0 0 0 0 0 0 0 0.2 0 0 0 0 0 0.2 0 0 0 0 0 0 0 0 0 0 0 0 0.6000000000000001 0 0 0.2 0 0 0 0 0 0.8 1.4000000000000001 0.2 0 0 0 0.2 0 1.6 5.800000000000001 2.6 0 4.4 0 2.6 0 1.8 3.2 13 2.8000000000000003 0 0 0 0 0 0 0 0 0 0 0 0.2 0 2 0 0 0 0 0 0 0 0 0 0 0 0 0 0 0 0 0 0 0 0 0 0 0 0 0 0 0 0 0 0 0 0 0 0 0 0 0 0 0 0 0 0 0 0 0 0 0 2.6 0 0 0 0 0 0 0.6000000000000001 0 0 2.2 0.2 0 0.4 0 0 0 0 0 0 0 0 0 0 0 0 0 0 0 0 0 0 0 0 0 0 0 0 0 0 0 0 0 0 0 0 0 0 0 
 0 0.6000000000000001 0 5.800000000000001 12.4 14.8 0 0 0.4 0 0.2 18.2 0 0 0 0 14.600000000000001 15 0 0 0 27.400000000000002 28.8 7.4 9.8 50 103 55 8 8.4 7.2 8.200000000000001 35.2 25 68.2 25 9 22.6 35 8.8 0 0 0.4 0 0 0 0.4 8.4 0 0 0.4 0 0 0 0 0 0 0.8 0 0 0 0.2 0 0.2 0.2 0.6000000000000001 0 0.2 0.4 0 0 0 0 0.6000000000000001 0 0 0 0 0 0 0 0 0 0 2 0 0 0 0 0 0 3.8000000000000003 0 0 0 0 0 0 0 0 4.2 0 1.2000000000000002 2.4000000000000004 8.4 3.4000000000000004 2.6 8.8 0 4.4 1.2000000000000002 0 7.800000000000001 2.8000000000000003 0 1.8 3.6 4 2.8000000000000003 2.2 0 0 2.4000000000000004 0 0 0 0 0 0 0 0.4 0 0 0 0 0 0 0 0 0 0 0 0 0 2.4000000000000004 0 0.4 0 0 0 0 0 0.8 1.6 0 0 0 0 0 0 0.4 0 0.6000000000000001 0 4.2 0.2 0 0 0 6.6000000000000005 0 0 0 0 0 0 0 0 0 0 4.6000000000000005 7 0 4.6000000000000005 1.8 0 4.4 6.4 3.4000000000000004 6.6000000000000005 0 2.8000000000000003 0.6000000000000001 4.6000000000000005 5 0.4 5.800000000000001 1.8 1.2000000000000002 0 0 0.6000000000000001 0 0 2 0 0.4 0 0 0 0 0 0 0 0 0 0 0 0 4.4 0 0 0 0 0 0 0 0 0 0 0 0 0 0 0 0 0 0.4 0 0 0 0 0 0 0 15.600000000000001 13 0 0 0 2 0 0 0 0.8 0 0 8 0 0 0.8 0.4 0 0 0 0 1.8 0 0 0 0 0 0 0 0 0 0 0 0 0 0 3 0 0 0 0 0 0 0 0 
 0 0 0 0 0.2 0 0 0 0 0 0.4 0 0 0 0 0 0 0 0.4 0.6000000000000001 27.400000000000002 0 31.8 52.6 22.6 9.600000000000001 52.6 25.6 41.800000000000004 62.800000000000004 42 9.8 5.4 9.8 31.400000000000002 4.4 12.4 35.4 10 9.600000000000001 0.6000000000000001 0.6000000000000001 0.4 13.4 0.4 0.6000000000000001 0.4 0 0 0 0.4 0.4 12.4 0.6000000000000001 0.6000000000000001 0.4 0 0.4 25.400000000000002 0.6000000000000001 1.4000000000000001 0.2 0.4 0.8 0.6000000000000001 0.8 0.4 10.200000000000001 0.8 0.4 0.2 0 0.6000000000000001 0.6000000000000001 0.8 0.2 0 0.4 0.2 1 0 0 0 0 0 0 0 0 0 0 0 0 0 0 0 0 0 0 0 0 0 4.4 0 0 7 0.2 4.2 2.2 0.2 6.6000000000000005 0 0 0 4.2 5 9.4 5 0 0 0 2.6 0 0 0 0 0 0 0 0 0 0 0 1.8 0 0.4 0 0 4 2.4000000000000004 1.4000000000000001 0 0 0 0 0 0 0.2 0 0 0 0 0 0 0 0.4 0 0 0 0 0 0 0 0 2.2 0 0 0 0 0 0 0 0 0.4 0 5.2 0 0 0 0 0 0 2.2 1.8 0 6.2 0 0 0 22.8 0.4 14 4.800000000000001 0 1.2000000000000002 2 2.4000000000000004 0 5.6000000000000005 0 0 0 2.8000000000000003 0 0 0 0 0 0 0 7.4 0 0 0 0 0 0 0 0 0.2 0 0 0 0 0 0 0 0 0 0 0.4 0 1.6 0 0 0 0 0 0 0 0 0 0 0 0 0 0 0 0 0.2 0 0 0 0 0 2.4000000000000004 0 0 1 18 0.4 0.6000000000000001 0 0 0 0 0 2 0 0 0 0 0 0 0 0.4 0 0 0 0 0 0 0 0 0 0 0 0 0 0 0 
 0.4 2.2 0.4 0.6000000000000001 15.200000000000001 6 0.4 0.6000000000000001 41.6 1 1.2000000000000002 0.4 1.4000000000000001 0.4 0.6000000000000001 0.6000000000000001 0.6000000000000001 0.6000000000000001 0.4 1 28.8 31.8 0 104 25.8 50 15.600000000000001 45.400000000000006 21.400000000000002 77.80000000000001 20.400000000000002 52 12.8 59 30.8 76.2 85 11.8 8.4 9.8 0 0 0.6000000000000001 0 0 0 0.4 0 0 0 0.4 0 5 1 0 0 0 0 0 0 0 0 0 0 0 0.6000000000000001 0 0 0.4 0 0 0.2 0 0.6000000000000001 0.2 0 0 0 0 0 0 0 0 0 0 0 0 0 0 0 0 0 0 0 0 0.2 0 0 0.2 0 2.2 0 3.6 0.2 3 0 1.2000000000000002 0.8 5.6000000000000005 2.2 12.8 0 2.4000000000000004 3.8000000000000003 0 6.2 1.8 0.2 0 1.2000000000000002 0 0 0 0 0 0 0 0 0 0 0 0 0 1.8 0 0 0 0 0 4.2 0 0 0.4 0 0 0.4 0 0 0 0.8 0 0 0 0 0 0.8 0.8 0 0 0 0 0 2.4000000000000004 0 0 3.4000000000000004 0 0 0 0 0 0 2 0 1.4000000000000001 0 0 0 0 0 3.4000000000000004 0 6.800000000000001 2.2 3.8000000000000003 2.8000000000000003 1.8 4 7.800000000000001 0 2.6 0 0 2 3.6 0 1.8 1.4000000000000001 0 0.6000000000000001 0 0 0 0 0 0 8.4 0 0 0 0 0 0 0 0 0 0 0 0 0.2 2.4000000000000004 0 0 0 0 0 0 0 0 0 0.4 0 0 0 0 0 0 0 0 0.2 0 0 3.2 0 0 0 0 0 0 0 0 0 0 0 2.6 0 0.2 0 16 0.2 0.4 1.8 0 0 0 0 0 0 0 0 0 0 0 0 0 0 0 0 0 0 0 0 0 0 0 4.2 0 0 0 0 
 0 0.4 0 0 0 0.4 0 0 0 0 0 0 0.4 0 0 0 0 0 0 0 7.4 52.6 104 0 39.400000000000006 6.6000000000000005 21.400000000000002 20.8 29.8 56.2 19.8 21.6 17 19.200000000000003 41.6 43 15.600000000000001 34.800000000000004 14.4 9.4 0 0.4 0.4 0 0 0 0.6000000000000001 0 0 0 0.4 0 5.6000000000000005 1 0 0 0.2 0.4 12.8 12.4 0 0.4 0 1 0.2 1 0 0 0.4 0.4 9.600000000000001 0 0 0.6000000000000001 0 0 0 0 0 0 0 0 0 0 0 0 0 0 0 0 0 0 0 0 0 0 0 0 0 0 0 0 0 1.6 6 0 3.8000000000000003 8.8 2.2 0.2 2.2 2.4000000000000004 0 0 0.2 6.800000000000001 3.2 0.2 0 0.2 0 0 0 0 0 0 0 0 0 0 0 0 2.2 0 0 0 0 0 5.6000000000000005 2 0 0 0 0 0 0.6000000000000001 0 3.4000000000000004 0 0 0 0 0 0 0 0.8 0.6000000000000001 0 0 0 0 0 0 0 0 0 0 0 0 0 0 0 0.8 0 1.8 0 0 0 0 0 0 0 4 6 2.2 2.4000000000000004 0 0 6.2 0 3.4000000000000004 4 0 3.8000000000000003 4.2 0.4 1.4000000000000001 4.2 0 0.2 0 0 0 0 0 0 2.6 0 0 0 0 0 0 0 0.6000000000000001 0 0 0 0.6000000000000001 0 0 0.2 0 0 0 0 0 0 0 0 0 0 0 0 0 0 0 0 0 0 0 0 4.4 0 0 0 0 0 0 0 0 0 0 0 2.2 0 0.4 8.4 22.8 0 0 2.2 1.2000000000000002 0 0 0 1.8 0 0 0 0 3.8000000000000003 0 0 0 0 0 0 0 0 0 0 0 0 0 0 0 0 0 0 
 0.4 0.8 0.4 0.6000000000000001 0.4 0.6000000000000001 0.2 0.6000000000000001 0.4 0.6000000000000001 0.6000000000000001 0.6000000000000001 0.4 0.2 0.2 0.6000000000000001 0.6000000000000001 0.6000000000000001 0.4 0 9.8 22.6 25.8 39.400000000000006 0 65.8 18.2 29.200000000000003 31.200000000000003 62 44.6 53.400000000000006 18.400000000000002 17.400000000000002 34.800000000000004 26.6 22.8 44.6 54.800000000000004 9.600000000000001 0 0 0.4 0 0 0 12.8 10.600000000000001 0.8 15.4 0.4 0 12.600000000000001 0.8 12.4 0 0.2 0 0.2 12.4 0 0.4 10 0.6000000000000001 0 10 0 0 0.4 0 0 0 0 0.6000000000000001 0 0 0 0 0 0 0 0 0 0 0 0 0 0 0 0 0 0 0 0 0 0 0 0 0 0 0 0 2 2 12.4 2 1.2000000000000002 0 0 2.4000000000000004 0 0 0 0 0 5 5.4 2.8000000000000003 0 0 1.6 2.6 4.2 0 0 4.4 5.2 0 0 0 0.2 0 4 2.6 0 2.8000000000000003 0 2.8000000000000003 2 1.4000000000000001 0 0 0 0.6000000000000001 0 0 0 0 9.600000000000001 0 0 0.4 0.4 0 0 0.4 0 0 0 0 0 0 0 0 0 0 0 0 0 0.2 0 0 0.4 0 0.8 0 0 0 0 0 0 0 2.6 14.4 2.2 0 0 0 3 0 0.4 4.800000000000001 0 4 0 0 0 5.4 0 0 0.2 2 2.2 1.2000000000000002 0 0 1.8 0 2 1.2000000000000002 0 0.2 4.2 2.8000000000000003 0 6.4 1.4000000000000001 0 2.4000000000000004 0 0 0 0 0 0 0 0 0 0 0 1.8 0 0 0 0 0 0 0 0.2 0 0 0 0 0 0 0 0 0 0 0 0 0 0 0.2 37 0 0.4 0.4 15.8 0 0 0 0 0 0 0 0 0 0 0 0 0 0 0 0 0 0 0 0 0 0 2.2 0 0 0 0 0 0 0 0 
 40.6 0.4 0 0 10.200000000000001 0 0 0.6000000000000001 0 0 0 1 0 0 0 0 0 0 0 0.4 50 9.600000000000001 50 6.6000000000000005 65.8 0 48.6 50.800000000000004 10.4 11.600000000000001 32.4 41.6 13.8 13.4 9.8 80.4 80.80000000000001 12.4 9.8 7.800000000000001 0.2 0 13 0 0.6000000000000001 0.6000000000000001 35 6 0.8 0.4 0.4 0.6000000000000001 31 5 25.6 0 0.8 0 0 12.4 0 0.6000000000000001 0 0.4 0 0.6000000000000001 0 0.2 3.4000000000000004 0 0.2 1 0 0.6000000000000001 0 0 0 0 0 0 0 0 0 0 0 0 0 0 0 0 0 0 0 0 0 0 0.4 0 0 0 0 0 0.4 2.4000000000000004 1.8 5.2 0 0.6000000000000001 0 0 0 0.2 0 0.2 0 0 0 2.6 0 2 0.6000000000000001 3 1.4000000000000001 0 2.6 0 6.2 10.200000000000001 3.6 0 0 0 3.8000000000000003 0.6000000000000001 3.8000000000000003 3.2 0.2 6.6000000000000005 8.6 0 2.2 0 0 0.6000000000000001 0 0 0 0 0 0 0 0.2 0.2 0 0 0 0 0 0 0 0 0 0 0 0 0 0 0 0 0.4 0 0 0 0 0 0 0 0 0 0 0 0 0 0 3.8000000000000003 9.8 0 0 0 0 0 0 0 0 0 0 0 3 4.4 0 4.2 7.4 0 0 0 0 4 0.6000000000000001 2.8000000000000003 1.2000000000000002 1.6 0 11.600000000000001 1.4000000000000001 2.4000000000000004 6.4 0 0 2.4000000000000004 4.2 0 0 0 0 0 0 0 0 0 0 0 0 0 0 0 0 0 0 0.2 0 0 0 0 0 0 0 0 0 0 0 0 0 0 0.6000000000000001 3.8000000000000003 0.4 0.2 33.6 0 0.6000000000000001 1 0 0 0 0 0.2 0 0 0 0 0 0 0 0 0 0 0 0 0 0 0 0 0 0 0 0 0 0 0 0 
 0.2 0 0 0 19.6 0 0.8 0 0.2 0 0.8 0 0.2 0 0 0 0 0 0.2 0 103 52.6 15.600000000000001 21.400000000000002 18.2 48.6 0 15.8 23.200000000000003 9.600000000000001 22.400000000000002 29 58.6 19.200000000000003 42.800000000000004 31.6 5.800000000000001 9.600000000000001 69 60 0 0 1.2000000000000002 0 0 0 0.4 0 0 0 0.4 0 0 0 0 0 0 0.4 0.2 0.4 0 1 0.6000000000000001 1 0 0.8 0.4 8.8 0.4 0 0 0 0 0.6000000000000001 0 0 0 0 0.4 0 0 0 0 0 1.4000000000000001 0.2 0 0 0 0 0 0 0 0 0 0 0 0 0 0 2 0 0 6.2 4.2 3 2.6 4.2 0.4 0.4 3.6 4.2 6.6000000000000005 4.800000000000001 7.800000000000001 2.8000000000000003 4.6000000000000005 0.2 5.6000000000000005 0 0.2 0 0 0 0 0 3.8000000000000003 0 0 0 0.4 0 2.2 0 0.2 0 0 0 0.2 0 0 0 0 0 1.6 0 0 0 0 0 5.2 0 0 0 0 0 0 0 0 0 8.4 0 0 0.6000000000000001 1.8 0 0 0 0 2 0 0.2 0.4 0 0 0 0 0 0 0 11.200000000000001 1.6 0 2.8000000000000003 3.8000000000000003 0 7.2 2.8000000000000003 0.2 13.4 0.6000000000000001 1.4000000000000001 5 5.6000000000000005 0 0.2 5 5 0.4 0.2 0 0 0 0 0 0 0 0 0 0 0 0 0 0 0 0 0 0 0 4.2 0 0 0 0 0 0 0 0 0 0 0 0 0 0.4 0 0 0 0 0 0 0 0 0 0 0 0.4 0 0 0 0 0 0 0 0 0.8 0 0.4 0 0 0 0.4 0.4 0 0 0 0 0 0 0 0 0 0 0 0 0 0 0 0 0 0 0 0.2 0 0 0 0 3.8000000000000003 0 0 0 
 0.6000000000000001 1 0.6000000000000001 0.8 16 30 1 0.6000000000000001 0.6000000000000001 0.6000000000000001 0.8 15.600000000000001 1.2000000000000002 2.6 1 1 1 15.4 0.6000000000000001 0.6000000000000001 55 25.6 45.400000000000006 20.8 29.200000000000003 50.800000000000004 15.8 0 47 17.6 4.800000000000001 7.800000000000001 17 33.6 44.400000000000006 9.8 7.800000000000001 12.200000000000001 44 5.4 0 0 0.4 0 0 0 0.4 0 0 0 0.4 0 0 0.6000000000000001 0 12.8 0 0 7 0 0 0.2 0 0.4 0 0.6000000000000001 0 0 0.4 0 0 0 0 0.6000000000000001 0 0 0 0 0 0 0 6 0 0 2.4000000000000004 4.2 0 0 0 5.6000000000000005 2.6 3 0 1.2000000000000002 0 0 0 0 0 0 3 3.6 10 4 0.2 0.4 0 5.2 0 4 5.6000000000000005 0.2 2 3.6 0 10.200000000000001 2 3.4000000000000004 0 3.6 0 0 0 0.2 0 0.4 0 0 0 0 0 0 0 2.6 0 0 0 0 0 2.4000000000000004 0 0 0 0 0.4 0 0 0 0.8 0.2 0 0 0 0 0 0 0 0 0.2 0 0 0 0.2 0 0.2 0 0 0 0 0 0 0 0 0.2 0 3.2 0 0 0 0 0.2 0 7.800000000000001 4.800000000000001 0 2.4000000000000004 0 4.800000000000001 2 5.2 2.6 4.4 0 0.8 8.4 4.6000000000000005 3.8000000000000003 0 0.2 2.6 0 0 0 0 0 0 0 0 0 0 0 0 0 0 1 0 0 0 2.4000000000000004 0 0 0 0 0 0 0 0 0 0 0 0 0 0 0 0 0 0 0 0 0 0 0 2 0 0 0 0 0 0 0 2.4000000000000004 0 0 0 4.2 0.4 0 2.2 15 0 0 0.4 0 0 0 0 3.8000000000000003 0 0 0 0 0 0 0 0 0 1.4000000000000001 0 0 0 0 2.6 0 0 0 0 0 0 0 0 
 0 0 0 0 0 0.2 0 0 0 0 0 1 0 0 0 0 0 0 0 0 8 41.800000000000004 21.400000000000002 29.8 31.200000000000003 10.4 23.200000000000003 47 0 98.80000000000001 41 7.800000000000001 16.6 33 75 90.80000000000001 29.400000000000002 40.2 13.8 9.200000000000001 0 0 0.4 0 0 0 0.4 0.2 0 0 0.4 0 0 0.2 0 5.2 0 0.2 32.6 0 0 0 0 0.2 0 0.6000000000000001 0 0 0.4 0 0 2.2 0 0.6000000000000001 0 0.4 0 0 0 0 0 0.2 0 0 0 0 0 0 0 0 0 0 0 0 0 0 0 0 0 0 0 1.8 0 7 4.2 2.2 2 0 0.2 4.4 3.8000000000000003 5.2 0 4.800000000000001 2.4000000000000004 6 10.4 6.800000000000001 0 0 2.4000000000000004 0.2 0 0 0 0 0 0 0 0 0 0 2.4000000000000004 0 0 0 0.2 0 2.8000000000000003 2.6 0 0 0 0 0 0 0 0.8 0.4 0.6000000000000001 0 0 0 0 0 0.2 1.8 0 0 0 0 0 0 0 0.4 0 0.2 0 0 1.6 0 0 0 0 0 0 0 0 0 0 4.2 0.8 7.800000000000001 2.2 3.4000000000000004 0.4 0 7 1 2.2 7.6000000000000005 4.2 0 4.6000000000000005 2.6 4.4 1.8 0 0 0 0.2 0 0.2 0 0 0 0.2 0 0 1.6 0 0 0 0 0 0 0 0 2.4000000000000004 0.8 0 0 0 0 0 0.4 0 0 0 0 0 0 0 0 0 0 0 0 0 0 0 0 0 0 0 0 0 0 0 0 0 0 0 0 2.2 0.2 0 0 0.4 0 3 0 0 0 0 0 0 0 0 0 0 0 0 0 0 0 0.2 0 0 0 0 0 0 0 0 0 0 0 0 0 
 0.4 15.8 0.6000000000000001 0.2 0.4 15.200000000000001 0.6000000000000001 0.2 0.4 0.2 0.4 1 1 0.6000000000000001 0.6000000000000001 0.2 0.2 41.800000000000004 0.4 0.6000000000000001 8.4 62.800000000000004 77.80000000000001 56.2 62 11.600000000000001 9.600000000000001 17.6 98.80000000000001 0 62.800000000000004 65.8 14.4 17 42.2 29.200000000000003 36.2 29.200000000000003 19.8 20.6 0 0 0.4 13 0 0 11.4 0 0 0 0.4 0 26.6 1 0 0 0 0 14.8 0 0 0 0 0 0.6000000000000001 0.6000000000000001 0.2 0 0.4 8.8 0 0 0 0.6000000000000001 0.2 0 0 0 0 0 0 0 0 0 0 0 0 0 0 0 0 0 0 0 0 0 0 0 0 0 0 0 2.8000000000000003 1.4000000000000001 0.6000000000000001 2 3.8000000000000003 0 8.4 5.800000000000001 4 0 0.4 0.2 3.4000000000000004 6 1.6 2.4000000000000004 0 0 0 0 0.4 0 0 0 6.4 1.2000000000000002 0 0 0 0 0 0 0 0 0 0 1.6 2 1.6 0 0 0.6000000000000001 0 0 0 0 0 0 0 0 0 0 0 0 0 0 0 0 0 0 0 0 0 2.6 0 0 0 0 0 0 1.4000000000000001 0 0.6000000000000001 0 0 0.2 0 0 0.2 0 8.200000000000001 3.4000000000000004 3 18.6 4 0 0.8 0 6.4 5.2 0 0 0.2 0 0 7.800000000000001 2.2 1.6 2 0.4 0 0 0 0 0.2 0 0 4.2 0 0 0 0 0.2 0 0 0 2.2 1.2000000000000002 0 0 0 1 0 0 0 0 0 0 0 0 3.4000000000000004 0 0 0 0 0 0 0 0 0 2.8000000000000003 0 0 0 0 0 0 0 0.2 0 0 0 5.2 0 0.8 15.600000000000001 32 0.4 1 0 0 0 0 0 0 0 0 0 0 0 0 0 0 0 0 0 0 0 0 0.2 0 0 0 2.6 0 0 0 0 
 0 0 0 0 0 15.600000000000001 0 0 0 0 0 0 0.4 0 0 0 0.2 0.2 0 0 7.2 42 20.400000000000002 19.8 44.6 32.4 22.400000000000002 4.800000000000001 41 62.800000000000004 0 25 7.800000000000001 7.2 38.800000000000004 40 47 29 28.6 6.4 0 0 0.4 0 0 0 13.200000000000001 0 0 0 0.6000000000000001 0 18.8 0 0 0 0 0 1.4000000000000001 0 0 0.6000000000000001 0 0.6000000000000001 0.4 0.6000000000000001 0 0 0.4 0 0 0 0 0.6000000000000001 0 0 0 0.6000000000000001 0 0 0 0.2 0 0 0 0 0 0 0 0 2 0 0 0.2 0 0 0 0 0 0 0 2 2.4000000000000004 1.6 2.4000000000000004 0.2 5 0.2 1.6 9.200000000000001 0.4 1 0 2.4000000000000004 2.6 2.2 2.8000000000000003 0.6000000000000001 0 0.2 3 0 0 0 0 0 3.8000000000000003 4 0 0 0 0 2.2 0 0 0 0.2 0 1.2000000000000002 4 3 0 0 1.6 0 0 0 0 0 0 0 0 0 0 0 0 0 0 0.2 0 0 0 0 0 0.4 1.6 0 0 0 0 0 0 4 0 0.6000000000000001 0 0 0 4 0 0 1.6 2 3.2 3.2 1.4000000000000001 0 0 2 0 6.2 1.4000000000000001 0 3 0 0.2 0 9.600000000000001 0 0.2 3 4 0.2 0 0 0 2.8000000000000003 0 0 0.2 2 0 0 0 0.2 0 0 0 2.4000000000000004 2.6 0 0 0 0 0 0.4 0 0 0 0 0 0 0 0 0 0 0 0 0 0 0 0 0 0 0 0 0 0 0 0 0 0 0 0 1.4000000000000001 0.4 0 1.4000000000000001 7.800000000000001 0 2.4000000000000004 0 0 0 0 0 0 0 0 0 0 0 0 0 0 0 0.2 0 0 0 0 0 0 0 0 0 0 0 0 0 
