 0 48.400000000000006 63.2 12.8 11 9.600000000000001 69.2 30 29.6 53.2 8.200000000000001 31.200000000000003 22.200000000000003 46.800000000000004 63 34.4 25.400000000000002 54.400000000000006 8.200000000000001 26.8 0 0 0.4 0.4 0.8 0.2 0 0 0.6000000000000001 0.4 0 0 0.6000000000000001 0.6000000000000001 0 0 0 0 0.4 0 0 0 0 0 0.6000000000000001 0 0 0 0.2 0 0.6000000000000001 0 0 0.6000000000000001 0.4 0 0 0 0.4 0.4 0.4 0.6000000000000001 0 0 0 0 0.6000000000000001 0 0 0 0 9.4 0.4 0 0 0.4 0 0 0 0 0 7.6000000000000005 2 8.200000000000001 0 0 6.6000000000000005 4.800000000000001 4.4 6.800000000000001 0 3.2 2.2 0 0 2.2 6.4 4.800000000000001 0 4.4 0 0 0 0 0 0 0 0 0 0 0 0 0 0 0 0 0 0 0 0 0 0 0 0 0 0 0 0 0 0 0 0 0 0 0 0 0 0 0 0 0 0 0 1 1.6 0 2 0 0.2 0 0 0 0 0 1 0 0 0 0 0 0 0 0.4 0.2 0 1.4000000000000001 2.2 2.4000000000000004 6.6000000000000005 3.2 2.8000000000000003 6 2.6 3.2 8 1.8 6.4 0.2 3.2 1.8 0 0 0 0.6000000000000001 0 0 0 0 0 0 0 0 2.4000000000000004 0 0 0 0 0 0 0 0 0 0 0 0 0 0 0 3.6 0 0.2 0 0 0 0 0 0 0 0 0 0 0 0 0 0.4 0 0 0 0 0 0 0 0 0 0 0 0 0 0 0 0 0 0 0 0 0.4 0.2 0.4 0.8 0.4 0.4 2 0 0 0 0 0 0 0 0 0 0 0 0 0 0 0 0 0 0 0 0 0 0 0 0.6000000000000001 2.4000000000000004 0 0 0 0 0 0 0 0 0 0 0 0 0 
 48.400000000000006 0 35.800000000000004 9.600000000000001 23.200000000000003 7.4 80 52.400000000000006 15.200000000000001 26.8 62.800000000000004 10.8 5 62.2 55.400000000000006 22.6 65.60000000000001 54.6 10 13.200000000000001 0 0 0 0 0.4 0 0 0 0.6000000000000001 0.4 0 0 0.6000000000000001 0.6000000000000001 0 0 41.2 0.6000000000000001 0.2 0.4 0 0 0 0 0.6000000000000001 0 0 0 0.2 0 0.6000000000000001 0 0 0.6000000000000001 0.4 0 0 0 0.4 0.4 0.4 0.6000000000000001 0 1 0 0 0.6000000000000001 0 0 0 0 0 0.4 0 0 0.4 0 0 0 0 0 2 1 8.4 0 0 7.6000000000000005 3.4000000000000004 6 1 3.8000000000000003 8 2.4000000000000004 2.2 0.4 3.4000000000000004 3.2 5.800000000000001 0 0 0 0 0 0 0 0 0 0 0 0 0 0 0 0 0 0 0 0 1.8 0 0 0 0 0 0 0 0 0 0 0 0 0 0 0 1.8 0 0 0 0 0 0 0 0 1.2000000000000002 0.6000000000000001 0 3.6 0 0 0 0 0 0 0 1 0 0 0 2.8000000000000003 0 0 3.6 1.8 0 5.2 0.6000000000000001 1.2000000000000002 2.6 4.6000000000000005 4.800000000000001 0 3.6 0.2 1.8 2 1 3.2 2.6 0 0.2 0 0 0 0 0 0 0 0 0 0 0 0 0.8 0 0 0 0 0 0 0 0 0 3.4000000000000004 0 0 0 0 0 2.2 0 0 0 0 0 0 0 0 0 0 0 0 0 0 0 0 0 0 0 0 0 0 0 0 0 0 0 0 0 0 2.6 0 1.4000000000000001 0 0 0 0.4 0.2 0 0.4 35.800000000000004 0 1.2000000000000002 3 0 0 0 0 0 0 0.2 0 0 1.8 0 0 0 0 0 0 0 0 0 0 0 0 2 0.4 0 0 0 0 0 0 0 0 0 0 0 0 0 
 63.2 35.800000000000004 0 37 26.200000000000003 36.800000000000004 36.6 21.200000000000003 40.6 78.4 6.4 34.800000000000004 51.800000000000004 21 12.4 74.60000000000001 20.400000000000002 27.200000000000003 8.200000000000001 23.6 0 0 0.8 0 0.4 0.6000000000000001 0 0 0.6000000000000001 1 9.200000000000001 0.4 15.200000000000001 0.8 0 0.4 2 0 4.4 0 0 0 0 0 0.6000000000000001 0 0 0.6000000000000001 0.2 0.4 1 0 0.6000000000000001 2.4000000000000004 0.4 0 0.6000000000000001 0 0.4 0.4 0.4 0.6000000000000001 0 0.4 0.4 1.4000000000000001 0.8 0.2 0 1.2000000000000002 0 0 0.4 0 0.6000000000000001 0.6000000000000001 0 0 0.6000000000000001 0.4 4.2 0 2.8000000000000003 1.2000000000000002 1.4000000000000001 0 3.8000000000000003 0.8 4.6000000000000005 1 0 0.8 2.2 2.8000000000000003 2.4000000000000004 2 4 2.2 0.2 2.6 3.8000000000000003 3.8000000000000003 0 0 0 0 1.8 3.4000000000000004 0 0 0 0 0 2.8000000000000003 0 0 0 0 0.2 0 0 0 0 0 0 0 0 0 0 0 0 0 0 0 0 0 0.2 0 0 0 0 0.2 0 0.2 6.2 0 3.8000000000000003 0 0 0 2.8000000000000003 0 0 0 1.4000000000000001 0 0 0 0 0 1.4000000000000001 4.4 18.8 0.6000000000000001 3.4000000000000004 2.2 0 5.800000000000001 2.2 0.2 0 1.4000000000000001 0 1.8 3.6 0.8 2.2 2.8000000000000003 0 0 5.800000000000001 0 0 0 0 0 0 0 0 0 0 0 2.6 0 0 0 0 0 0 0 0 0 0 2.6 0 0 0 0 0 0 0 0 0 0 0 0 0 0 0 0 0 0 0 0 0 0 0 0 0 0 0.2 0 0 0 0 0.4 0 0 0 0 0 1 0 0 0 0 0 0 0 0 0.6000000000000001 1.8 0 0 0 0 0 0 0 0 0 0 2.2 0 0 0 0 0 0 0 0 0 0 0 0 2.2 4.4 2.8000000000000003 0 0 0 0 0 0 0 0 0 0 0 0 
 12.8 9.600000000000001 37 0 39.800000000000004 8.200000000000001 17.8 99.2 24 91 16.8 15.4 52.800000000000004 9.200000000000001 10 14.8 21.8 26.200000000000003 17.400000000000002 47.800000000000004 0 0 0.4 5.2 1 0 23 16.400000000000002 0.6000000000000001 0.4 0.2 0 0.8 0.6000000000000001 0 0.2 0 0 30.400000000000002 15.4 0 0 0 12.8 0.6000000000000001 0.6000000000000001 0.2 0 0 0 14.4 0 0 0.4 0 0 0 0 0 0.4 0.4 0.6000000000000001 0 0 0 0.8 1.4000000000000001 0 0 0 0 0 0.4 0 0 0.6000000000000001 0 0 0 0 0 0 0 3.2 0 10.600000000000001 0 0.4 0 4.4 0.2 10 0 0 0 0 0 0 0 0 2.4000000000000004 0 0 0 0 0 1.6 3.8000000000000003 2.8000000000000003 0 0.2 0 8.200000000000001 0.4 0 0 0.2 0 9.200000000000001 0 0 0.4 0 0 0 0 0 0 0.4 0 0 0 4 0 0 4.4 0 0.2 0 0 0 0 0 0.2 0 0.4 0 0 0 0 0 0 0 0 0 0 0.2 0 0 0 0 0 0 0 0 2.4000000000000004 0 0 0 0 3.8000000000000003 4.4 0 0 0 1.8 2.4000000000000004 0.4 0 0 1.6 2.2 0 0 0 0 5.4 0 3.2 0 0 0 5 2.2 0 0 2 0 1.6 3 0 0 0 0 0 0 0 0 0 0 0 0 1.6 0 0 0 0 0 0 0 0 0 0 0 0 0 0 0 0 0.2 0 0 2.4000000000000004 0 0 0 0 2.4000000000000004 0 0 0 0 0 0 0 0.4 0.4 0.2 18 0 0.2 2.6 0 0 0 0 0 0 0 0 0 0 0 0 0 0 0.6000000000000001 0 0 0 0.2 0 0 0 0 0 0 0 0 0 0 0 0 0 0 0 0 0 0 0.2 
 11 23.200000000000003 26.200000000000003 39.800000000000004 0 27.200000000000003 54.400000000000006 12 37.800000000000004 44.6 35 42.400000000000006 15.8 13.4 15.600000000000001 16 86.60000000000001 85 9.200000000000001 50.6 14.8 0.2 0.4 0 0.4 0.4 21.400000000000002 0.2 4 0.4 0 0 15.600000000000001 15.600000000000001 14.8 0.6000000000000001 2.4000000000000004 15 12.200000000000001 6.6000000000000005 0.8 0.6000000000000001 0 0 6.4 0 0.8 0 0.2 0 0.6000000000000001 0 0.6000000000000001 0.6000000000000001 0.2 1.4000000000000001 0.4 0.4 13.600000000000001 0.4 0.4 1.4000000000000001 0 0.2 0 0 0.6000000000000001 0 0 0 0 0 0.4 0 0 0.4 0 0.8 0 0 0 0 2.8000000000000003 7 4 7.800000000000001 0 0 0 6.2 6.6000000000000005 3.6 0 0.4 1.8 2.6 0 0 0 0 6.2 0 2.8000000000000003 0 0 1.8 3 0.4 2.4000000000000004 2.2 0 0 1.8 2.8000000000000003 3.6 1.4000000000000001 2.6 0 7.6000000000000005 6.800000000000001 0 0 0 0.2 0 0 0 0 0 0 0 0 0 0 0.4 0 0 0 0 0 0 0 0 0 0 0 0 0 0 0 0 0 0 0 0 0 0 0 0 0 0 0 2.2 2.2 0 1.6 0 0 0 0 3.6 0.2 4.6000000000000005 0.2 0.2 3.6 0.6000000000000001 2.4000000000000004 0 0 8.200000000000001 0.2 0.2 9.4 0 0 7.4 1.4000000000000001 0 0.2 0 0 0 1.8 0 0 0 0 6.800000000000001 1.2000000000000002 0 0 0 0 0 0 0 0 0 0 0 0 0 0 0 0 0 0 0 0 0 0 0 0 0 0 0 0 0 4.800000000000001 0 0 0 0 0 0 0 0 0 0.4 0 0 0 0 0 0.4 0.8 0 0.8 3.2 0.4 1 2 0 0 0 0 0 0 0 0 0 0 0 0 0 0 0 0 0 0 0 0 0 0 1.6 0.2 0 0 0 0 0 0 0 0 0.4 0 0 0 0 
 9.600000000000001 7.4 36.800000000000004 8.200000000000001 27.200000000000003 0 5 9 21.200000000000003 10 26.8 10 11 6.800000000000001 54.6 13 55.6 14.8 6.4 57.800000000000004 15.4 4.2 18.6 0.6000000000000001 0.4 0.2 34.4 0.8 4.6000000000000005 0.8 36.800000000000004 0.4 32 0.6000000000000001 55 14.8 14.8 22.200000000000003 14.4 29.8 0.6000000000000001 0.4 0.6000000000000001 0 6.4 0 1.2000000000000002 0 0.2 0 0.6000000000000001 0.4 0.6000000000000001 0.6000000000000001 0.4 0 0.4 1 14.200000000000001 0.4 0.4 1.4000000000000001 0.4 0 0 0 2 0 0 0 0 0 0.4 1 0 0.4 0 1 0 0 0 0 0 0 0 7.6000000000000005 0 0 0 0 0 0 0 0.4 0 0 0 2.2 0 0 3.8000000000000003 2.4000000000000004 5.6000000000000005 3.6 0 0 12.4 10.600000000000001 2.2 6 0 2.6 21 7.4 7.2 3.8000000000000003 2.6 13 2.6 1.8 0 0 0 1.6 0 0 0 0 0 0 0 0 2.2 0 0.4 0 0 3 0 0 0 0 0 0 0 0 0 0 0 0 0 1 0 0 0 0 0 1 0 0 0 0 0.6000000000000001 0 0 1.4000000000000001 0 0 0 0 0 0 0.2 0 0 0 0 0 0 0 0.2 2.6 6.4 0.8 6.6000000000000005 0 4.6000000000000005 11.8 5 1.6 2.2 0 0 5 10.200000000000001 4.6000000000000005 5.800000000000001 2 0 5.2 0 0 0 0 0 0 0 0 0 0 0 0 0 0 0.2 5.2 0 0 1.6 0 0 0 0 0 0 0 0 0 0 0 0 0 0 0 0 0 0 0 0 0.4 0 0 0 0 0 0.4 0.2 0 0 1 0 2.6 0 0 0 0 0 16 0 0 0 0 0.4 0 0 0 3.2 0 0 0 0 0 0 0 0 0 0 0 0 0.2 0 1.6 0 0 0 0.4 0 0 0 0 
 69.2 80 36.6 17.8 54.400000000000006 5 0 85.80000000000001 35.4 54.800000000000004 26 8.4 76.80000000000001 75.8 41.6 85.4 21.400000000000002 8.8 11 30.400000000000002 0 0 0 0 0.4 0 0 0 17.6 0.4 0 0 0.6000000000000001 0.6000000000000001 0 0 3.4000000000000004 0 0 0 0 0 0 0 0.6000000000000001 0 0 0.6000000000000001 0.2 0 0.6000000000000001 0 0 0.6000000000000001 0.4 0 0 0 0.4 0.4 0.4 0.6000000000000001 0 1 0 0 0.6000000000000001 0 0 0 0 0 0.4 0.2 0 1.6 0 0 0 0.2 7 5.4 2.4000000000000004 2.2 0 0 4.4 5 4.800000000000001 1.8 0 0.4 1.4000000000000001 0 1.8 2.4000000000000004 1.8 6.800000000000001 0 2 0 0 0 0 0 0 0 0 0 0 0 0 0 0 0 0 0 0 0 0 0 0 0 0 0.4 0 0 0 0 0 0 0 0 0 0 0 0 0 0 0 0.2 0 0 1.2000000000000002 1.2000000000000002 0 1.6 0 0 0 0 0 0 0 0.6000000000000001 0.2 0 0 0.2 0 0.2 0 3.8000000000000003 2 1.2000000000000002 2 1.4000000000000001 7.6000000000000005 0.6000000000000001 3.4000000000000004 0 6.6000000000000005 4 2.8000000000000003 4.800000000000001 7 5 0.2 1.6 6.4 0 0 0 0.2 0 0 0 0 0 0 0 0 4 0 0 0 0 0 0 0 0 0 0 0 0 0 0.4 0 3.6 0 0 0 0.4 0 0 0 0 0 0 0 0 0 0 0 0.4 0 0 0 0 0 3.4000000000000004 0 0 0 0 0.4 0 0 0 0 0 0 0 0 0 0 1 0 5.800000000000001 0.8 0.4 2.4000000000000004 0 0 0 0 0 0 0 0 0 0 0 0 0 0 0 0 0 0 0 0 0 0 0 2.6 1.8 0 0 0 0 0 0 0 0 0 0 0 0 0 
 30 52.400000000000006 21.200000000000003 99.2 12 9 85.80000000000001 0 20 9.4 115.80000000000001 24.6 16 45 51.400000000000006 27 70.8 7.800000000000001 12 91.60000000000001 0 11.600000000000001 0 0 0.4 0 0 0 1 0.4 0 0 0.6000000000000001 0.6000000000000001 0 0 0 0 0 0 0 0 0.2 0 0.6000000000000001 0 0 0 0.2 0.6000000000000001 0.6000000000000001 0 0 0.6000000000000001 0.4 0 0 0 0.4 0.4 0.4 0.6000000000000001 0 0 0 0 0.6000000000000001 0 0 0 0 0.2 0.4 0 0 0.4 0 0 0 0 4.4 5.4 4.800000000000001 1.6 0 0 8.8 6.2 5.2 4.6000000000000005 0.2 3.2 0.2 5.2 0 7 4.2 7.4 5 0.4 0 0 0 0.4 0 0.8 0 0 0 0 0 0 0 0 1.2000000000000002 0 0 0 0 0.4 0 0 0 0 0 0 0 0.2 0 0 0 0 0 0 0 0.2 0 0 0 0 0 0 0 5 0.4 0 0.8 0 0 0 0 0 0 0 1.2000000000000002 0 0 0 0 0 0 0 0 0 0 0 10.8 0 9.8 9 3 3.4000000000000004 3 0 3.8000000000000003 0 4.4 0 2.2 0.6000000000000001 0 0 0 0.2 0 0 0 0 0 0 0 0 0.6000000000000001 0.4 0 0 0 0 0 0 0 0 0 0 0 0 0 0 2.6 0 0 0.2 0 0 0 2.4000000000000004 0 0 0 0.2 0 0 0 0 0 0 0 0 0 0 0 0 0 0 0 0 0 0 0 0 0 0 0 0 0 0 0.6000000000000001 0 0 0.2 0 2.6 0 0 1.6 0 0 0 0 0 0 0 0 0 0 0 0 0 0 0 0 0 0 0 0 0 1.8 0 0 0 0 0 0 0 0 0 0 0 0 0 
 29.6 15.200000000000001 40.6 24 37.800000000000004 21.200000000000003 35.4 20 0 75.8 14.8 42.6 36.800000000000004 28 21 73 17 31 16.400000000000002 30.200000000000003 29.200000000000003 0 0 0 0.8 0 15 0.4 0.6000000000000001 0.4 0 0.4 8.200000000000001 30.400000000000002 0.2 0 41.6 0 29.400000000000002 29 0 0 0 0 0.6000000000000001 0.4 0.6000000000000001 0 0.4 0 1.8 0 0 1.4000000000000001 0.2 0 0 0.4 0.6000000000000001 0.4 0.4 0.4 0.4 0.4 0 0 0.6000000000000001 0 0 0 0 0 0.4 0 0 0.4 9.8 0 0.4 0 4.2 6.6000000000000005 7.6000000000000005 4.4 1.4000000000000001 0.2 0 2 0 5.2 7.4 5 0 3.6 0 2 0.2 0 0 0 0 0 0 0 0 0 2.4000000000000004 0 0.4 0 0 0 2.6 2.6 0 0 0 0 4.4 3 0 0 0 0 0 0 0 0 0 0 0 0 0 0 0 0 0 0 0 0 0 0 0 0 0 0 0.2 0 0 0 0 0 0 0 3.6 0 0 0 0 0 0 0 0.2 0.2 7.800000000000001 2.2 0 3.8000000000000003 2.6 1.8 4.800000000000001 5.6000000000000005 0 2.4000000000000004 9 2.8000000000000003 0 2.4000000000000004 0 0 5.4 0 0 0 0 0 1.2000000000000002 0 0 0 0 0 1.4000000000000001 2.2 0 0 0.2 0 5.4 2 0 0 0 2.4000000000000004 0 0 0 0 0 0 0 0 0 0 0 0 0 0 0 0.2 0 0 4.4 0 0 0 0 0 0 0 0 0 0 0 0 0 0 0 0 0 0 0.4 0 0 0 0.4 20.6 0.4 17.8 0.2 0.4 2.8000000000000003 0 0 0 0 0.4 0 0 0 0 0 0 0 0 0 0 0 0 0 0 0 10.4 0 0 0 0.2 0 0 0 0 0 0 0 0 0 0 0 0 0 
 53.2 26.8 78.4 91 44.6 10 54.800000000000004 9.4 75.8 0 28.200000000000003 29.400000000000002 9 13.600000000000001 18.6 37.4 25.8 52.800000000000004 42.2 26.400000000000002 0 0 0 0 0.4 0 0.2 6.4 1 0.6000000000000001 0.4 0 0.6000000000000001 26 0 0 0 0.2 29.200000000000003 16.400000000000002 0 0 0 0 0.6000000000000001 0 0 0 0.4 0 0.6000000000000001 0 0 0.6000000000000001 0 0 0 0 0.6000000000000001 0.4 0.4 0.4 0 1 0 0 0.6000000000000001 0.4 0 0.2 0 0 0.4 0 0 0.4 0 0 0 0 0 0 9 7.4 6.6000000000000005 3.8000000000000003 0 2 0.2 2.2 8.4 3.8000000000000003 0 0 6.6000000000000005 4.2 1.2000000000000002 3.2 0 0 0 2.4000000000000004 4 0 0 0.4 0.2 0 0 0 0 0 0 3.2 2.8000000000000003 0 0 0 1.4000000000000001 2.8000000000000003 0.4 0 0 0 0 0.2 0 0 0 0 0 0 0 0 0 0 0 0 0 0.4 0 0 0 0 0 0 0 0.4 0 0 0 0 0 0 0 0 0 0 0 0 4.4 0 5 2.8000000000000003 0 0.4 0 0 3.6 3 0 0 1 0.6000000000000001 1 2.2 1 8.6 0 0 6.4 0 0 2.8000000000000003 0.4 0 0 0 4.6000000000000005 0 0 0 8.8 0 0 0 0 0 18.8 0 0 0 0 0 0 0 0 0 0 0 0.4 0 0 0 0 0 0 0 0 0 0 0 0 0 0 0 0.4 0 0 0 0 0 0 0 0 0 0 0 0 0 0 0 0 0 0 0 4.2 0 0.4 8 0 1.4000000000000001 2 0 0 0 0 0 0 0 0 0 0 0 0 0 0 0 0 0 0 0 0 0 0 1.2000000000000002 0 0 0 0 0 0 0 0 0 0 0 0 0 0 
 8.200000000000001 62.800000000000004 6.4 16.8 35 26.8 26 115.80000000000001 14.8 28.200000000000003 0 9.600000000000001 7.800000000000001 24 44 11 53.400000000000006 25.8 7.800000000000001 13.8 0.6000000000000001 0.6000000000000001 0 0 0.8 0 22.400000000000002 15 1 0.4 0 0 0.6000000000000001 0.4 0 0.4 0.4 0.2 14.8 15.4 0 0 0 0 0.6000000000000001 0 0 0 0 0 0.6000000000000001 0 11.4 0.4 0.4 0 0 13 0 0.4 0.6000000000000001 0.6000000000000001 0 1 0 0.4 1 0 0 0 0 0 0.6000000000000001 0 0.2 0.6000000000000001 0 0 0 0 0 2.6 2.6 10 0.2 5.4 2.6 0 1.8 4.4 2 9.4 2.2 0 2.2 5 7.6000000000000005 2 0 0 3 0 0.4 0 0 0 1.4000000000000001 0 4 3.4000000000000004 0 0 2 0.4 0 0 0.2 0 11 0 0 0 0 0 0 0 0 0 0 0 0 0 0 0 0 0 0 0 0 0 0 0 0.2 0.6000000000000001 0 0 0.2 0 0 0 0 0 0 0 1 0 0 0 0 0 0 0 5 2.4000000000000004 4.6000000000000005 2.4000000000000004 0 0.4 0 1.4000000000000001 3.8000000000000003 6 0 0 1.6 5.800000000000001 11.200000000000001 4.6000000000000005 0 0 0 2.2 0.4 0 0 0 3.2 0 2.4000000000000004 0 0 0 5.4 2.2 0 0 0.2 0 4.2 2.8000000000000003 0 0.2 0 0 0 0 0 0 0 0 0 0 0 2.4000000000000004 0 0 0 0 3 0 0 0 0 0 0 0 0 0 0 0 0 0 0.4 0 0 0 0 0 0.2 0 0 0.2 0 0 0 0 0.2 0 17.400000000000002 3.4000000000000004 0 2.2 3.6 0 0 0 0 0 0 0 0 0 2 0 0 0 0 0 0 0 1.6 0 0 0 0 2.2 0 0 0 0 0 0 0 0 0 0 0 0 0 0 
 31.200000000000003 10.8 34.800000000000004 15.4 42.400000000000006 10 8.4 24.6 42.6 29.400000000000002 9.600000000000001 0 7.6000000000000005 63.400000000000006 9.4 41 25.6 31.8 5 6.800000000000001 3.8000000000000003 0 0 0 0.6000000000000001 0 1.2000000000000002 17.6 0.8 15.4 0 0 15.600000000000001 12.600000000000001 0 0 0 1.4000000000000001 29.400000000000002 5.6000000000000005 0 0 0 0 0.6000000000000001 0 0 0 0.4 0.6000000000000001 0.6000000000000001 0 0 0.6000000000000001 13 0 0 12.8 0.6000000000000001 0.4 0.4 0.4 0 0 0.6000000000000001 0.8 0.6000000000000001 0 0 9.4 0 0 0.4 0.4 0 0.4 0 0 0 0 1.8 0 6.6000000000000005 2.8000000000000003 3.8000000000000003 3.8000000000000003 0 0 4.6000000000000005 7.4 5.6000000000000005 6.2 0.2 0 0 3 6.4 0.2 0 0 0.2 4.800000000000001 0.4 0.2 0 0.2 4.800000000000001 3.8000000000000003 1.4000000000000001 0 0 0 0 0.2 2.8000000000000003 0 2 0 2.2 4.6000000000000005 0 0 0 0 0 0.4 0 0 0 0 0 0 0.4 0 0 0 0 0 0 0.2 0 0 0 0 0 0 0 0 0 0 4 0 0 0 0 0 0 0 0 0 2 1.2000000000000002 3.8000000000000003 2.2 3.2 3.6 0 0 0 0.4 2.6 0 0.4 1.2000000000000002 1.2000000000000002 0 4 6.2 0 0 7.4 2.8000000000000003 0 3 0 0 0 0 3.4000000000000004 0 0 0 4 0 0 0.2 0.4 0 5.4 3.8000000000000003 0 0 0 0 0 0 0 0 0.6000000000000001 0 0 0 0 0 0 0 0 0 0 0 0 0 0 0 0 0 0.2 0 0 0 0 0 0 0 0 0 0 0 0 0 0 0 0 0 0 0.2 21.200000000000003 0 0 1.2000000000000002 0 0.4 0 0 0 0 0 0 0 0 0 0 0 0 0 0 0 0 0 0 0 0 0 0 0 0 1.8 0 0 0 0 0 0 0 0 0 0 0 0 0 
 22.200000000000003 5 51.800000000000004 52.800000000000004 15.8 11 76.80000000000001 16 36.800000000000004 9 7.800000000000001 7.6000000000000005 0 17 5 6.6000000000000005 47.6 25 49 32.4 0 0 0 0 0.4 0 0 0 0.8 0.4 0 0 0.6000000000000001 0.6000000000000001 0 0 0 0 0 0 0.4 12.8 0 0 0.6000000000000001 0 0.2 0.2 0.2 2.2 0.6000000000000001 0 0 0.6000000000000001 0 0.8 0 0.4 0.6000000000000001 0.4 0.4 0.6000000000000001 0 0 0 0 3.2 0 0 0 0 0.4 0.4 0 0 0.4 0 0 0 0 8.8 0.4 0 0 0 5 0 0.2 0.8 0 0 0 1.2000000000000002 8.6 3 0 0 5 8 3 0 0 0 0 0 0 0 0 0 0 0 0 0 0 2.6 0 0 0 0 0 0 0 0 0 0 0 0 0 0 0 0 1.6 0 0 0 0 0.4 0 0 0 0 0 0 0 0 1 0 0 4.6000000000000005 0 0 0 0 0 0 0.2 0 0 0 0 7.800000000000001 3.2 0.4 0 0 0 1.8 3.8000000000000003 0 0 0 0 7.800000000000001 0.4 0.4 0 0.4 0 2.2 4.800000000000001 0 0 0 0 0 0 0 0 0 0 0 0 0 0 0 0 0 0 0 0 0 0 0 0.4 0 0 0 0 0 0 0 0 0 0 0 3.2 0 0 0 0 0 0 0 0 0 0 0 0 0 0 0.4 0 0 0 0 0 0 0 0 0 0 0 0 0 0 0.2 0.4 0 0.6000000000000001 0 0 1.4000000000000001 0 0 0 0 0 0 0 0 0 0 0 0 0 0 0 0 0 0 0 0 0 0 0 0 0 0 0 0 0 0 0 0 0 0 0 0 0 0 
 46.800000000000004 62.2 21 9.200000000000001 13.4 6.800000000000001 75.8 45 28 13.600000000000001 24 63.400000000000006 17 0 96.2 25 7.800000000000001 5 19.200000000000003 19 0 0 0 0 1 0 0 0.2 0.6000000000000001 0.8 0.6000000000000001 0 0.6000000000000001 0.6000000000000001 0 0 0 0.4 0.8 0 0 0 0 0 0.6000000000000001 0 0 0 0.4 0 0.6000000000000001 0 0 0.6000000000000001 0.4 0 0 0 0.6000000000000001 0.4 0.4 0.4 0 1.6 0 0 0.6000000000000001 0 0 0 0 0 0.4 0 0 0.4 0 0 0 0 2.6 1.4000000000000001 2.2 11.4 0 0 2 2.2 7.6000000000000005 4.2 0.2 3.8000000000000003 4.6000000000000005 0 2.2 2.2 5 2.8000000000000003 0 1.8 0 0 0 0 0 0 0 0 0 0 0 0 0 0 0 0 0 0 0 0 0 0 0 0 2 0 0 0 0 0 0 0 0 0 0 0 1.8 0 0 0 0 0 0 0.2 2.6 0 1.4000000000000001 0 0 0 0 0 0 0 0.8 0 0 0 0 0 0 0 3.2 2.4000000000000004 5.4 3.6 1.8 3.2 2.6 1.8 0 2.6 0 4.800000000000001 5.2 10 3.6 3.2 3.6 4.800000000000001 0 0 0 0 0 0 0 0 0 0 0 0 0 0 0 0 0 0 0 0 0 0 0 0 0 0 0 0 2.8000000000000003 0 0 0 0 0 0 0 0 0 0 0 0 0 0 0 0 0 0 0 0 0 0 0 0 0 0 0 0 0 0 0 0 0.2 0 0 0 0 0 0 0 0.6000000000000001 0 1.8 0 0 0 0 0 0 0 0 0 0 0 0 0 0 0 0 0 0 0 0 0 0 0 9.200000000000001 2 2.8000000000000003 0 0 0 0 0 0 0 0 0 0 0 0 
 63 55.400000000000006 12.4 10 15.600000000000001 54.6 41.6 51.400000000000006 21 18.6 44 9.4 5 96.2 0 31.6 63.6 11.4 15.200000000000001 19 0 0 0 0.8 0.6000000000000001 0 0 1 0.6000000000000001 0.4 0.6000000000000001 0 0.6000000000000001 0.6000000000000001 0 0.2 0.4 0.6000000000000001 0.4 0 0 0.4 0.2 0.2 0.6000000000000001 0.2 0.6000000000000001 0.2 0.6000000000000001 0.6000000000000001 1.6 0 0.4 1.6 0.2 0.2 0.2 1 0.8 0.8 0.6000000000000001 0.4 0.2 0.2 0 0 0.6000000000000001 0 0 0 0 0 0.4 0 0 0.8 0 0 0.4 0 0 4.4 2.4000000000000004 5.6000000000000005 0 0 7.4 4.6000000000000005 6.6000000000000005 2.6 6.2 2.8000000000000003 3.6 5 0 4.4 5.6000000000000005 2.6 0 0 0 0 0.6000000000000001 0 4.2 0 0 0 0 0 0 0 0 0 0 0.4 0 0 0 3 0 0 0 0 0 0 0.4 0 0 0 0 0 0 0.4 0 0 0 0 0 0 0 0 0 1.6 0 0.2 0 0 0 0 0 0 0 0 0.4 0 0 0 0 0 0 0 0 0 8.4 0 1.4000000000000001 1.4000000000000001 2.8000000000000003 6.4 0 6 0 1.8 2.6 0 5.800000000000001 2.4000000000000004 0 0 0 0 0 0 0 0 0 0 0 0 0 0 2.6 0 2.4000000000000004 0.4 0 0 0 2.2 0 0 2 0 0 0 0 0 2 0 3.2 0 0 0 0.2 0.4 0 0 0 0 0 0 0.4 0 0 0 0 0 0 0 0 0 0 0.4 0 0 0 0 0 0 0 0 0 0 0 0 20.400000000000002 0 0 17.6 0 1.6 0 0 0 0 0 0 0 0 0 0.2 1.4000000000000001 0 0 0 0 0 0 0 0 0 0 0 0 0 2.2 0 0 0 0 0 0 0 0 0 0 0 0 0 
 34.4 22.6 74.60000000000001 14.8 16 13 85.4 27 73 37.4 11 41 6.6000000000000005 25 31.6 0 41.800000000000004 71.8 7 31.200000000000003 0.4 0 0.8 0 0.4 0 0 15.8 0.6000000000000001 0.4 0 0 0.6000000000000001 1 0 0 0 0 15 0 0 0 10.600000000000001 0 0.6000000000000001 0 0 0 0.2 0 0.6000000000000001 0 0 1.2000000000000002 0.2 0 0 0 0.4 0.4 0.4 0.6000000000000001 0 0 0 0 0.6000000000000001 0 0 0 0 0 0.4 0 0 0.4 0 0 0 0 2.8000000000000003 4 6.2 0 6.6000000000000005 0 1.2000000000000002 3.8000000000000003 4.4 4.2 0.4 4.2 2.8000000000000003 0 4.2 2 9.4 6.4 0.2 2.8000000000000003 0 0 0 0 0 0 0 0 0 0 0 0.2 0 3.4000000000000004 0.2 0 0 0 0 0 0 0 0 0 0 0 0 0 0 0 0 0 0 0 0 0 0 0 0 0 0 0 0 0 1.2000000000000002 0 1 0 0 0 0 0 0 0 4.800000000000001 0 0 0 0 0 1.2000000000000002 1.8 8.200000000000001 6.6000000000000005 0 0.2 4.2 2.2 6.2 3.6 6 4.2 0.2 2.2 4.6000000000000005 0.4 0 0.2 0.6000000000000001 0 0 0 0 0.2 0 0 0 0 0 0 0 0 0.2 0 0 0 0 0 0 0 0 0 0 0 0 0 0 0 2.8000000000000003 0 0 0 0 0 0 0 0 0 0 0 0 0 0 0 0 0 0 0 0 0 0 0 0 0 0 0 0 0 0 0 0 0 0 0 0 0 0 0.4 0.4 0.4 0.2 0.8 0 0 0 0 0 0 0 0 0 0 0 0 0 0 0 0 0 0 0 0 0 0 0 0.4 1.8 3.6 0 0 0 0 0 0 0 0 0 0 0 0 
 25.400000000000002 65.60000000000001 20.400000000000002 21.8 86.60000000000001 55.6 21.400000000000002 70.8 17 25.8 53.400000000000006 25.6 47.6 7.800000000000001 63.6 41.800000000000004 0 16.2 7.800000000000001 40.6 0 23 0 14.4 27.400000000000002 0 14.8 0 0.6000000000000001 0.4 0 0 0.6000000000000001 0.4 0 0 0 0 29 14.8 0 0 0 0 0.6000000000000001 0 0 0 0 0 0.6000000000000001 0 0 0.8 0.4 0 0 0 0 0.4 0.4 0.6000000000000001 0 0 0 0 0.6000000000000001 0 0 0 0 0 0.4 0 0 0.6000000000000001 0 0 10 9.8 8 1 0 6.6000000000000005 2 7.800000000000001 6.6000000000000005 0.4 0 5 6.4 4 0 0 0 2.6 1.8 10.4 4.6000000000000005 1.6 0 0 0 0 3.4000000000000004 0 0 0 0 0 0 0 1.4000000000000001 0.2 11.4 0 0.4 0 4.4 4.2 0 0 0 0 0 0 0 0 0 0 0 0 0 0 0 0 0 0 0 0 0 0 0 1.6 0 0 0.4 1.8 0 0 0 0 0 0 0.8 0 0 0 0 0 0 2.4000000000000004 0 0 2.2 3 3.2 1.4000000000000001 2.6 2.2 6.2 6.2 5 0 0 2.8000000000000003 4 0 2.2 0 4.2 0 0 2.6 0 0 2.4000000000000004 0 0 0 0 0 14.600000000000001 2.8000000000000003 3.6 0 0 0 0.2 2 0 0 0 0 0 0 0 0 0 0 0 0 0 0 0 0 0 0 0 0 0 0 0 0 0 0 0 0 0 0 0 0 0 0 0 0 0 0 0 0 0 1.6 0 0 0 0.4 16.8 0.2 18.400000000000002 0 0 1.8 0 0 0 0 0 0 0 0 0 0 1.2000000000000002 2 0 0 0 0 0 0 0 0 0 0 0 0 0 0 0 0 0 0 0 0 0 0 0 0 0 0 
 54.400000000000006 54.6 27.200000000000003 26.200000000000003 85 14.8 8.8 7.800000000000001 31 52.800000000000004 25.8 31.8 25 5 11.4 71.8 16.2 0 48.6 36 4.2 0 0 0 0.6000000000000001 0 0 0 0.6000000000000001 0.4 0.2 0 30.6 22.8 0 0 0.2 0 14.8 14.8 0 0 0 0 0.6000000000000001 0 0 0 0.4 0 0.6000000000000001 0 0 0.6000000000000001 0.4 0 0 0 0.6000000000000001 13 0.4 0.4 0 0.4 0 0 0.6000000000000001 0 0 0.4 0 0 0.4 0 0 0.4 0 0 0 0 4.800000000000001 2.8000000000000003 6.6000000000000005 3.2 11 0 0.2 0.2 0 2.2 6.4 6.6000000000000005 0.2 4.6000000000000005 3 12.4 0.6000000000000001 1.6 0 0 3.2 2.8000000000000003 0 0 0 0 2.8000000000000003 0 1.4000000000000001 0 0 0 0 3 0 0 0 0 7 2 0 0 1.6 0 0 0 0 0 0 0 0 0.2 0 0 0 0 0 0 0 0 0 0 0 0 0 0 0 0 0 0 0 0 0 0 0 0 0 0 0 0 1.4000000000000001 0 5 8.200000000000001 0.2 0.2 0.2 0 3 3.8000000000000003 3 0 0 0 0 0.2 0.2 7 0.2 0 6.4 0.2 0 0 0 0 0 0 0 0 0 0 13.200000000000001 0 0 0 0 0 8 0 0 0 0 2.4000000000000004 0.2 0 0 0 0 0 0 0 0 0 0 1.4000000000000001 0 0 0 0 0 0 0 0 0 0 0 0 0 0 0 0.4 0 0 0 0 0 0 0 0 0 0.4 0 0 0 0.2 0.8 0.4 0.6000000000000001 21.200000000000003 0 2.2 3 0.4 0 0 0 0 0 0 0 0 0 0 0 0 0 0 0 0 0 0 0 0 0 2.2 0.2 0 0 0 0 0 0 0 0 0 0 0 0 0.2 
 8.200000000000001 10 8.200000000000001 17.400000000000002 9.200000000000001 6.4 11 12 16.400000000000002 42.2 7.800000000000001 5 49 19.200000000000003 15.200000000000001 7 7.800000000000001 48.6 0 38.6 0 0 0.8 0 1.2000000000000002 0 0 0 1 1 0 0 0.8 0 0 0 0 0.2 0 0 0.2 0 0 0 0 0.6000000000000001 0 0 0 2.2 0 0.4 0 0 0 0.2 0 0.4 0 0 0.8 0 0.2 0.6000000000000001 10.4 0.4 8.6 0 0.2 0.6000000000000001 0 0.2 0 0.2 0.6000000000000001 0 1.2000000000000002 0.4 0 0 8.4 0 0 0 0 0 2.4000000000000004 3.6 1.8 0 0 0 2.2 6 7.800000000000001 0 0 3.4000000000000004 6.2 5.800000000000001 0 0 0 0 0 0.4 0 0 0 0 0 0 0 0 0 0 0 0 0 0 0.4 0 0 0 0 0 0 0 0 0 0 0 0 0 0 0 0 0 0 0 0 0 0 0 0 0 0 0.4 0 0 0 0 0 0 0.2 0 0 0 0 0 7.6000000000000005 3.4000000000000004 0 0 0 0 0.6000000000000001 2.4000000000000004 0.4 3.2 0 0 3.2 2.4000000000000004 0 0 0 0.6000000000000001 2.2 3.4000000000000004 1 0 0 0 0 0 0 0 0 0 0 0 0 0 0 0 0 0 0 0 0 0 0 0 0 0 0 0 0 0 0.4 0 0 0 0 3.2 0 0 0 0 0 0 0 0 0 0 0 0 0 0 0 1.6 0 0 0 0 0 0 0 0 0 0 0 0 0 0.4 0 0 0.2 0 0.4 0.8 0 0 0 0 0 0 0 0 0 0 0 0 0 0 0 0 0.2 0 0 0 0 0.2 0 0 0 0 0 0 0 0 0 0 0 0 0 0 0 0 
 26.8 13.200000000000001 23.6 47.800000000000004 50.6 57.800000000000004 30.400000000000002 91.60000000000001 30.200000000000003 26.400000000000002 13.8 6.800000000000001 32.4 19 19 31.200000000000003 40.6 36 38.6 0 0.6000000000000001 0.6000000000000001 0.6000000000000001 0 0.6000000000000001 0 15 0 0.6000000000000001 0.4 0.4 0 1 0.6000000000000001 0.4 0.6000000000000001 0 0 0 0 0.4 0 0 0.6000000000000001 0.6000000000000001 0.6000000000000001 0 0 1 0.6000000000000001 1.2000000000000002 0 0 13 6.800000000000001 0.6000000000000001 0.6000000000000001 0 13.4 12.8 0.4 0.4 0 0 0 0 3.2 0.2 0 0.4 0 0 0.6000000000000001 0 0.2 0.6000000000000001 0 0 0 0 11.600000000000001 2.2 7.800000000000001 0 2.4000000000000004 0.2 0 2 3.6 0 0 0 2.8000000000000003 6.4 7 0 3 8.6 5.2 11.600000000000001 0 0 0 0 0 0 0 0.4 0 0 0 0 0.4 0 0 0 0 0 0 0 0 0 0 0 0 0 0 0 0 0 0 0 0 0 0 0 0 0 0 0 0 0 0 0.2 0.4 0 0 1 0 0 0 0 0 0.2 1 0 0 0 0 0 4.6000000000000005 0 5.6000000000000005 0.2 0 0.2 5.800000000000001 0 1.8 0 0 0 6.6000000000000005 0.2 3 3.8000000000000003 0 0.2 4.2 6.2 0 0 0 0 0 0.8 0 0 0 0 0 0 0 0 0 0 0 0 0 0 0 0 0 0.6000000000000001 0 0 0 0 0 0 0 0 0 0.2 0 0 0 0 0 0 0 3.8000000000000003 0 0 0 0 0 0.2 0 0 0 0 0 0 0.2 0 0 0 0 0.4 0 0 0 0 0 0.4 0 0 0.4 0.2 0 4 0 0 0 0 0 0.4 0 0 0.4 0 0 0 0 0 0 0 0 0 0 0 0 0 0 0 0 4.800000000000001 0 0 0 0 0 0 0 0 0 0 0 0 
 0 0 0 0 14.8 15.4 0 0 29.200000000000003 0 0.6000000000000001 3.8000000000000003 0 0 0 0.4 0 4.2 0 0.6000000000000001 0 37 12 47.2 61 15 8.4 39.6 21.8 9.200000000000001 21.6 20.6 25.8 25.200000000000003 50.400000000000006 23.200000000000003 64.2 16.2 5.6000000000000005 23 0 0.4 0.2 0 0.2 0 0.6000000000000001 0.2 0 0 0 0 0.4 0 0.4 0 0.4 1 0.6000000000000001 2.2 0 0 0 10 0 0 0 0.4 0 0.4 0 0 0.8 0 0 0 0 0 0.6000000000000001 0 0 0 0.2 0.2 1.4000000000000001 0 0 0 0 0 0.2 2.6 0 0 0 2.4000000000000004 0 0 0 0 0 4.6000000000000005 12.4 3.8000000000000003 4.6000000000000005 0 2.6 2.4000000000000004 2 5.6000000000000005 6.800000000000001 1.2000000000000002 0.6000000000000001 0 4.2 4.2 0.6000000000000001 11.200000000000001 2.6 2.4000000000000004 0 0 0 0 0 0 0 0 0 0 0 0 0 0 0 0 0 0 0 6.800000000000001 0 0 0 0 0 0 0 0 0 0 0 0 0 0 0 0 0 0 0 0 0 0 1 0.2 1.8 0 0 0 0 0 2.4000000000000004 0 0 0 0 0 0 3.2 0 0 1.8 3 3.8000000000000003 15.8 0.6000000000000001 4 0 2 0 4.4 0 2 0 7 9.200000000000001 7.4 0.2 10.200000000000001 1.4000000000000001 0.4 0.2 0 0 0 0 0 8 4 0 0 0 0 3.8000000000000003 0 0 0.6000000000000001 0 0 3.2 3.2 0 0 0 0 0 0 0 0 0 0 0 0 0 0 0 0 0 0 0 0 0 0 0 0 0 0 0 0 0 0 0 0 0 0 1.2000000000000002 0 0 17.2 1 0.8 7.4 0 0 0 0 0 0 0 0 0 0 0 0 0 0 0 0 0 0 0 0 0 0 0 0 0 0 0 0 0 
 0 0 0 0 0.2 4.2 0 11.600000000000001 0 0 0.6000000000000001 0 0 0 0 0 23 0 0 0.6000000000000001 37 0 41 17.2 37.2 22.200000000000003 16.400000000000002 33.800000000000004 30.200000000000003 24 68.8 22.8 9.600000000000001 31.400000000000002 24.8 40.2 47 29.8 14.200000000000001 27.6 0 0.6000000000000001 0 0.4 0 0.4 1 0.4 0 0 0.6000000000000001 0 0.4 11.600000000000001 0.4 0 0.8 0.8 1.2000000000000002 0 0 0 1 0.4 0 0 0 0.6000000000000001 0 0.4 0 0.4 1.2000000000000002 0 0 0.6000000000000001 0 0 1 0 0 0 0 0 0 0 0 0 0 0 0 0 0 0 0 0 0.4 0 0 0 0 2 3.2 2.4000000000000004 2 2 0 4 5 10 5.4 5 0 1.8 0.8 7.2 0 4.800000000000001 0 0.2 0 0 0 0 0 0 1.4000000000000001 0 0 0.2 0 0 0.2 0 0 0.4 0 0 8.6 0 0 0 0 1.8 0 0 0 0 0 0 0 0 0 0 0 0 0 0 0 0 0 0 0 0 0 0 0 0 4.4 2.8000000000000003 0 0 0 0 0 0 0 0 0 0 0 2.6 1.6 0 5.800000000000001 13.200000000000001 0 6.2 0 4.800000000000001 0 9 0 0 10.4 5.2 7.6000000000000005 2.6 0 4.4 1.6 0 0 0 0 0 0 0 0.2 0 0 0 0 2.2 0 0 0 0 5.6000000000000005 0 0 0 0 0 0 0 0 0 0 0 0 0 0 0 0 0 0 0 0 0 0 0 2.6 0 0 0 0 0 0 0 0 0 0 0 2.2 0.2 0 18 0 0.8 4.4 0.4 0 0 0 0 0 0 0 0 0 0 0 0 0 0 0 0 0 0.2 0 0 0 0 0 0 0 0 0 0 
 0.4 0 0.8 0.4 0.4 18.6 0 0 0 0 0 0 0 0 0 0.8 0 0 0.8 0.6000000000000001 12 41 0 22.8 35 5.4 24.8 16.400000000000002 47.400000000000006 28.200000000000003 40 48 12.8 11.8 20 10.4 43.6 22.200000000000003 12 8.6 0 0.4 0.2 0 0 0 0.6000000000000001 0 0 0.2 0 0 0.4 0.2 0 0 0.4 0.8 0.8 11.600000000000001 0 0 0 0.8 0 0 0 0.4 1.2000000000000002 0.4 0 0.4 0 14.4 9.4 0.8 0 0 0.6000000000000001 0 0 0 0 0 0 2.4000000000000004 0 0 0 0.2 0 0 0 0 0 0 0 0 0 0 0 0 0 7 0 2.6 0.6000000000000001 4.2 1.4000000000000001 2 5.800000000000001 5.2 3.8000000000000003 0 1 0 0 2.6 0 2 0 0 0 0 0 0 2.4000000000000004 0 0 3.4000000000000004 0 0 5.800000000000001 0 0 0.4 0.2 0.4 0 2.8000000000000003 1.8 0 0 0 0 0 0 0 0 0 0.4 0 0 0 0 0 0 0 0 0 0 0 0 0 0 1.6 0 0 0 0 0 0.2 0 0 0 1.8 0.2 1 0 0 0 2.6 3.2 0 2.8000000000000003 5.4 0 2.4000000000000004 4.800000000000001 0.2 2 5.4 0.2 0 4.4 5.800000000000001 4.800000000000001 0 0 5.4 3.2 0.8 0 0 0 4.4 3.4000000000000004 0 0 0 0 0 1.8 8.6 0 0 2 0 5.6000000000000005 0 0 0 0 2 0 0 0 0 0 0.2 0 0 0 0 0.2 0 0 0 0 0 0 0 2.6 0 0 0 0 0 0 0 0 0 0 0 1.8 0 0 30.400000000000002 0.2 0.2 0 3.4000000000000004 0 0 0 0 0 0 0 0 0 0.4 0 0 0 0 0 0 0 0.2 0 0 0 0 0 0 0 0 0 0 
 0.4 0 0 5.2 0 0.6000000000000001 0 0 0 0 0 0 0 0 0.8 0 14.4 0 0 0 47.2 17.2 22.8 0 20.200000000000003 38.6 16.8 16.400000000000002 53.6 67.4 43 53.2 14.200000000000001 44.6 50 29.200000000000003 33 41.2 19.8 28.8 6 0.4 12.600000000000001 0 0 0.2 6.2 0 0 0 0.6000000000000001 0 0.4 0.4 13.200000000000001 0 0.4 0.8 0.6000000000000001 0 0 0 0.8 10.4 0 0 0 0.4 0 0.4 0 0 1 0 0 0 0 0 0.8 0 0.2 0 0 0 0 0.2 0 0 0 0 0 0 0 0 0 0 0 0 0 0 0 7.800000000000001 8.200000000000001 2.8000000000000003 7 4.4 0 3 3.6 6 2.6 2.2 4.800000000000001 4.800000000000001 4 5.6000000000000005 2 2.6 0 0 9.200000000000001 0.4 0 0 0 0 0.2 5 0 0.2 0 0 7.2 5.4 0.8 4.4 0 0 5 3.2 0 0 1.8 0 0 0.4 0 1.2000000000000002 0.4 0 0 0.6000000000000001 0 0 0 0 0 0 0.2 0 0 0 0 0 0 0 0 0 0 0 0.4 0.8 0 0 0 0 0 0.2 0 0 0 2.2 2.4000000000000004 3.6 2 4.800000000000001 0 6.4 2.6 2.2 2 2 0 0 9 5.4 0 6.800000000000001 0 0 0 8.8 0 0 0 0 4.2 3.8000000000000003 0 0 0 0 4 0 0.4 0 2 0.8 3 0.2 0 2.2 0 0 0 0.4 0 0 0 0 0 0 0.4 0.4 0.4 0 0 0 0 0 0 0 0 0 0 0 0 0 0 0 0 0 0 0 2.2 0 0.4 0.2 15.8 0 0.2 0 0 0 0 0 0 0 0 0 0 0.4 0 0 0 0 0 0 0 0 0 0.4 0 0 0 0 0 0 0 0 
 0.8 0.4 0.4 1 0.4 0.4 0.4 0.4 0.8 0.4 0.8 0.6000000000000001 0.4 1 0.6000000000000001 0.4 27.400000000000002 0.6000000000000001 1.2000000000000002 0.6000000000000001 61 37.2 35 20.200000000000003 0 33.6 14 18.400000000000002 79.60000000000001 78.2 30.200000000000003 25.6 20.6 28.400000000000002 27.400000000000002 28.8 21.6 38.800000000000004 22 13 0.4 13.600000000000001 0 0 0 0 13.4 18.400000000000002 25.6 0.4 0.4 0.2 27 0.8 0 1.2000000000000002 0.4 0.4 13.4 0.4 0 0 1.8 0.2 0 0.6000000000000001 0.4 0.6000000000000001 0.6000000000000001 0.4 0 0.6000000000000001 2.6 0.2 0 0 0 0 0.6000000000000001 0.6000000000000001 0 0 0 0 0 0 0 0 1.6 0 0 0 0 0 0 0 0 0 0 0 0 0 3.2 0 3 0 0 1.6 3 3.8000000000000003 15.200000000000001 7 0 1.8 0 5.2 0 2.6 0 0 0.8 1.8 2 0 0 0 0.2 0.4 0.6000000000000001 3.4000000000000004 2.8000000000000003 0 3.2 0 0 0 3.6 3.4000000000000004 5.800000000000001 0 0 0 0 0 0 0 0 0 0 0 0 0 0 0 0.2 0 0.4 0 0 0 0 0 0 0 0 0 0 0 0 0 0 0 0 0 0 0 0 0 0 0 0 0 0 5 0 10.600000000000001 0 4.4 4 7.800000000000001 3.8000000000000003 6.4 0 0 4.6000000000000005 0 2.4000000000000004 3 0 0 21.8 4.2 5.2 0 0 0 1.6 0.8 3.8000000000000003 0 2.4000000000000004 0 0 4.2 1.8 3.8000000000000003 0.4 6 0.2 4 0 0 0 0 0.4 0 0 3.4000000000000004 0 0 0 0 0 0 0 0 0 0 0 0 0 0 0 0 0 0 0 0 0 0 0 0 0 0 0.4 0.4 0 15.200000000000001 16.8 0.2 0.8 3 0 0 0 0 0 0 0 0 0 0 0 0 0 0 0 0 0 0 0 0 0 0 0 0 0 0 0 0 
 0.2 0 0.6000000000000001 0 0.4 0.2 0 0 0 0 0 0 0 0 0 0 0 0 0 0 15 22.200000000000003 5.4 38.6 33.6 0 21.6 20.8 41.800000000000004 107.60000000000001 70.2 70.4 8.6 18.6 41.800000000000004 30.400000000000002 44.2 61.2 12.8 49.6 9 12.600000000000001 0.2 0 0 0 5.2 6.2 0 13 0.4 0 12.8 0 12.8 0 1 0.6000000000000001 0.6000000000000001 4.2 0 0 0.8 10 0 0.6000000000000001 0.6000000000000001 0.4 0 0.6000000000000001 0 0.4 1.6 0 0 0 0 0 0.6000000000000001 0.4 0 0 0 0 0 0 0 0 0 0 0 0 0 0 0 0 0 0 0 0.4 0 1.6 4.2 2.8000000000000003 0 8.200000000000001 0 0 0.2 3.8000000000000003 3 0 0 0 2.2 7.6000000000000005 0.6000000000000001 2.2 0 0.2 6.6000000000000005 0 0 0 0 0.2 0.4 5.6000000000000005 0 3.4000000000000004 0 4.2 2.4000000000000004 8 2.6 3.2 0 0 4.2 1.2000000000000002 0 0 0 0 0 0 0 0 0 0 0 0 0 0 0.4 0 0 0 0 0 0 0 0 0 0 0 0 0 0 0 0 0.8 0 0 0 0 0 0 0 0 0 3 0.6000000000000001 6.2 0.2 4.6000000000000005 0 0 0 3 2 4 0 1.8 11.600000000000001 3 0 4.6000000000000005 0 0 0.2 6.2 0 0 0 0 2.2 2.2 2.4000000000000004 0 2.4000000000000004 0 2.2 2.6 2 0 2.2 0.6000000000000001 0 3.6 0 0 0 0 0.2 0 0 0.4 0 0 0 0 0 0 0 0 0 0 8.6 0 0 0 0 0 0 0 0 0 0 4.2 0 0 0 0 1.6 1 0 31.6 15.600000000000001 0.2 0.4 2.8000000000000003 0 0 0 0 0 0 0 0 0 0 0 0 0 0 0 0 0 0.2 0 0 0 0 0 0 0 0 0 0 
 0 0 0 23 21.400000000000002 34.4 0 0 15 0.2 22.400000000000002 1.2000000000000002 0 0 0 0 14.8 0 0 15 8.4 16.400000000000002 24.8 16.8 14 21.6 0 31.400000000000002 75.4 50 44.6 10 13.200000000000001 11.600000000000001 19.6 24.6 11.200000000000001 27.8 21.8 66.8 0 0.4 0.2 0 12.600000000000001 0 0.6000000000000001 0 0 0 0 0 0.4 0 0.4 0 0.2 0.6000000000000001 8.200000000000001 0 0 0 0 0 0 0 0 0.4 0 0.4 0 0 0 4 0 0 0 0 0.6000000000000001 0 0 0 0 3.6 0 5.6000000000000005 0 0 0 2.8000000000000003 3.6 2.6 0 0.2 0 0.2 0 0 0 1.8 2.8000000000000003 3.8000000000000003 0.4 5.2 0 0 8.6 3 6.2 2.8000000000000003 0 0 4.800000000000001 10 7.800000000000001 4 5.6000000000000005 4.2 11.600000000000001 5.800000000000001 0 0 0 0 0.4 0 0 0 0 0 0 1.4000000000000001 3.8000000000000003 0.2 0 0 0 0 0 0 0 0 0 0 0.2 0 0.2 0.2 0 0 0 1.4000000000000001 0 0 0 0 0 2.6 0 0 0.4 0 0 0 2.4000000000000004 2.6 0 0 0 0 0 0 0 0 0 2.6 0.2 0 0 0.4 6.800000000000001 0.4 4.4 0 0 0 8 8.4 10.200000000000001 3.2 2.4000000000000004 0 4 2.8000000000000003 3.2 5.6000000000000005 2.2 2 1.6 6 0 0.4 0 0 0 0 0 0 0 0 0 0 0 0 0 0 0 0 0.2 0 0 0 0 0 0 0 0 0 0 0 0 0 0 0 0 0 0 0 0 0.4 0 0 0 0 0 0 0 0 0 0 0.2 0 0 0 0.4 0 0.4 0 0 0 0.2 0 0 0 0 0 0 0 0 0 0 0 0 0 0 0 0 0 0 0 0 3.6 0 0 0 0 0 0 0 0 
 0 0 0 16.400000000000002 0.2 0.8 0 0 0.4 6.4 15 17.6 0 0.2 1 15.8 0 0 0 0 39.6 33.800000000000004 16.400000000000002 16.400000000000002 18.400000000000002 20.8 31.400000000000002 0 44.800000000000004 68 28 6.800000000000001 80 46.800000000000004 34.6 24.200000000000003 45.2 65.2 58.400000000000006 23.400000000000002 0 0.4 0.2 0 0.4 0 0.6000000000000001 0 0 0 0 0 0.4 0 41.2 0 0.2 0.4 13.4 0 0 0 0 0 0 0 0 0.4 0 0.6000000000000001 0 0 0.6000000000000001 0 0 9.600000000000001 0 0 0.6000000000000001 0 0 0 2.4000000000000004 0 0 3.6 0 0 0 0 2.4000000000000004 0 0 0 0 0 0 0 0 0 3 2.6 13.4 5.4 9 0 0.8 0 6.2 4.6000000000000005 0 4.4 2.4000000000000004 0 0 3.2 5.800000000000001 4.4 2.6 2.6 0 0 0 0 0 0 0 0 0 0 0 0 2 0 0 0 0 0 4.4 0 0 0 0 0 0 0 0 0 0 0 0 0 0 0 0 0 0 0 0 0 0 0 0 0 0 2.2 0 0 0 1.6 0 0 0 0 0 0 0 0 0 0 2.6 15 0 2.2 8 4.2 5.6000000000000005 4.4 18.400000000000002 5 2 0 0.2 0.4 4.6000000000000005 0 0 1 9.4 3.6 0 0 0 0 0 0 0 0 0 0.2 0 0 0 0 0 0 0 0 2.6 2.2 0 0 0 0 0 0 0 0 0 0 0 0 0 0 0 0 0 1.6 0 0 0 0 0 0 0 0 7.2 0 0 0 0 0 0 0 3.6 0 0.4 23.400000000000002 0 0.2 0.4 0 0 0 0 0 0 0 0 0 0 0 0 0 0 0 0 0 0 3.8000000000000003 0 0 0 0 0 0.4 0 0 0 0 
 0.6000000000000001 0.6000000000000001 0.6000000000000001 0.6000000000000001 4 4.6000000000000005 17.6 1 0.6000000000000001 1 1 0.8 0.8 0.6000000000000001 0.6000000000000001 0.6000000000000001 0.6000000000000001 0.6000000000000001 1 0.6000000000000001 21.8 30.200000000000003 47.400000000000006 53.6 79.60000000000001 41.800000000000004 75.4 44.800000000000004 0 64.2 8.6 24.400000000000002 38.6 35 64.8 57.2 41.6 78 15.600000000000001 9.600000000000001 14.600000000000001 0.4 0.6000000000000001 0.6000000000000001 7 0 13.600000000000001 0 0 0.4 0 0 16.2 0.2 0.4 0 0.8 0.4 13.200000000000001 12.600000000000001 0 0 0 9 0 0.6000000000000001 0 0.4 0 0.4 0.6000000000000001 0 1.6 21.6 0.6000000000000001 1 0 1.2000000000000002 1.8 0.6000000000000001 0 0.2 0 0 0 4.2 0 0 0 0 0 0 0 0 0 0 0 0 0 0 2.4000000000000004 4.2 8.6 4 4.2 6 2.4000000000000004 0 2.4000000000000004 10 5.2 8.4 2 0 6 6.4 0 1.8 5.6000000000000005 5.6000000000000005 0 0 0 0.2 0 0 2.2 0.2 0 0 0 0 2.4000000000000004 0.2 1.4000000000000001 3 0 0 3.8000000000000003 5.800000000000001 0 0 0.2 3.2 0 0 0 0 0 0 0 0 0 0 0 0 0 0 0 0 0 0 0 0 0 0 0 0 0 0 0 0 0 0 0 0 0 0.6000000000000001 0 0 0 3 4 3.6 0 6.800000000000001 0 1.8 0.6000000000000001 0.4 2.6 3.8000000000000003 0 5.6000000000000005 3.6 4 0 5.4 0 0 0.2 6.6000000000000005 0 0 0 0 6.6000000000000005 4.2 0 0 0 0.4 4.4 2.2 0 0 0 0 2.8000000000000003 5.6000000000000005 0 0 0.4 0 0 0 0 0 0 0 0 0 1.4000000000000001 0 0 0 0 0 0 0 0 0 0 0 0 0 0.2 0 0 0 0 0 0.2 0 2.8000000000000003 0 0.4 15.200000000000001 0.2 0 0.6000000000000001 0 0 0 0 0 0.2 0 0 0 0 0 0 0 0 0 0.4 0 0 0 0 0 0 0 0 0 0 0 0 0 
 0.4 0.4 1 0.4 0.4 0.8 0.4 0.4 0.4 0.6000000000000001 0.4 15.4 0.4 0.8 0.4 0.4 0.4 0.4 1 0.4 9.200000000000001 24 28.200000000000003 67.4 78.2 107.60000000000001 50 68 64.2 0 51.6 15.600000000000001 56.400000000000006 30 34.800000000000004 37.800000000000004 42.2 33 60 32.800000000000004 0 0.4 0.2 0 0 0 0.8 0 0 0 0 0 14.600000000000001 0.6000000000000001 0.4 0 0 0.4 0.6000000000000001 12.4 0 0 0 0.2 0 0 0.2 0.4 0 0.6000000000000001 0 0 0 0 0 0 0 0 0.6000000000000001 0 0 0 0 0 0 0 0 0 0 0 0 0 0 0 0 0 0 0 0 0 0 0 2.6 0 8.4 0 0 2.6 0 0 1.2000000000000002 0 3.6 2.6 0 1.6 5.4 6.4 0 0 0.2 0 0.4 0 0 0 1.4000000000000001 2.6 0 0.2 0 0 20 0.2 0 0 0 0 2.8000000000000003 0 0 0 1.4000000000000001 0.4 0 0 0 0 0 0 0 1.4000000000000001 0 0 0 0 0 0.2 0 0 0 0.2 0 0 0 0 0 0 0 0 0 0 0 0 0 0 0 0.4 0 0 0 5.800000000000001 0.2 2.8000000000000003 14.8 13.600000000000001 0 3.8000000000000003 6.6000000000000005 2.6 7.6000000000000005 5 0 1.8 2.6 3.4000000000000004 2.4000000000000004 7.6000000000000005 0 0 5.2 5.2 0 0 0 0 0.4 0 3.8000000000000003 0 0 0 1.4000000000000001 5.4 7.800000000000001 4 2.6 5 8.4 2.8000000000000003 0 0 0 0 0 0 0 0 0 0 0 0 0 0 0 0 0.4 0 0 0 0 0 0 0 0 0 0 0 0 0 0 0 0 0 1.8 0 0 15.600000000000001 0 0 1 0 0 0 0 0 0 0 0 0 0 0 0 0 0 0 0 0 0 0 0 0 0 0 0 0 6.2 0 0 0 
 0 0 9.200000000000001 0.2 0 36.800000000000004 0 0 0 0.4 0 0 0 0.6000000000000001 0.6000000000000001 0 0 0.2 0 0.4 21.6 68.8 40 43 30.200000000000003 70.2 44.6 28 8.6 51.6 0 56.800000000000004 4.4 10.200000000000001 14 74.4 56.2 52.2 7.800000000000001 16.8 12.600000000000001 0.4 0.2 0 0 0 13.4 0 0 0.4 0 0.2 0.4 0.8 0.8 0 0.2 0.4 0.6000000000000001 14.4 0 0 0 0 0.2 0 0 0.4 0 0.4 0 0 0 0 0 0 0 0 0.6000000000000001 0 0 0 0 0 0 2.4000000000000004 0 0 0 0 0 0 0 0 0 0 0 2.6 0 0 0 4.800000000000001 2.4000000000000004 1.8 7.6000000000000005 2.2 0 4.2 5 0 1.6 3.2 2.2 3.2 4 0 9.200000000000001 10.4 0 3.2 0 0 0 0 0 0 2 0 0 0 0.2 0 2.6 8.8 1.4000000000000001 2.4000000000000004 0 3 3 2.6 0 0 0.4 0 0 0 0 0 0 0 0 1.6 0 0 0 0 0 1.2000000000000002 0 0 0 0 0 0 0 0 0 0 0 0 0 2.6 0 0 0 0 0 0.6000000000000001 0 0 0 2.8000000000000003 4.800000000000001 3.6 12.600000000000001 0 0 5.4 1.6 2.2 4.4 0 0 0.2 7.4 2.8000000000000003 5 2.2 0 0 0.2 2.2 0 0 0 0 9.4 0 0 0 0 0 4.4 0 0 0 0 0 7 0 0 0 0 0 0 0 0.4 0 0 0 0 0 0 0 0 0 0 0 0 0 0 0 0 0 0 0 0 0 0 0 0 0 0 0 3.8000000000000003 0 0.4 9.4 15.200000000000001 0 0.4 0.4 0 0 0 0 0 0 0 0 0 0 0 0 0 0 0 0.4 0 4.2 0 1.6 0 0 0 2.2 2.6 0 0 0 
