 0 25 19.200000000000003 44.400000000000006 49.6 8.6 17.2 29 4.6000000000000005 29.200000000000003 27 7.2 31 44.800000000000004 75.8 49.800000000000004 25 82.2 28.6 25.400000000000002 0 0 0.4 0 0 0 0.6000000000000001 0.2 0 0.2 0 0 0 0.6000000000000001 0 0 0 0.6000000000000001 0 0 0.6000000000000001 14 0 0 0 0 0 0 0.4 0 0 0.6000000000000001 0.8 0 2.4000000000000004 0 0 0.6000000000000001 0 0.4 0 0.4 0 0 0.2 0 0.4 0.4 0.6000000000000001 0 0.4 0 0 0 0 0.6000000000000001 0 0 0 0 4 0 0.4 0 7.2 0.4 2.6 20 1.2000000000000002 0 3.2 3.6 10 3.8000000000000003 2.6 9.8 2.8000000000000003 0 6 2 0 0 0 0 0 0 0 0 0 0 0 0 1.8 0 0 0 0 0 2.2 0 0 0 0 0 0 0 0 0 0 0 0 0 0 0 0 0 0 0 0 0 0 0 0 0 2.6 0 0 0 0 0 0 0 0 0 0 0 0 0 1.4000000000000001 0 2.2 0 8.200000000000001 6.800000000000001 0 2.8000000000000003 4.800000000000001 0 2 0.2 2 2.6 0 0 0 2.2 0 6.6000000000000005 0 0 0 0 0 0 0 0 5 0 0 0 0 0 6.2 0 0 0 0 0 2.2 0 0 0 0 0 0 0 1.8 0 0 0 0 0 0 0 0 0 0 0 0 0 0 0 0 0 0 0 0 0 1 0 0 0 0 0 0 0 0 0 0 0 0 1.8 0 0 0 0.4 0 0 0 9.200000000000001 0.4 0 0 0 0 0 0 0 0 0 0 0 0 0 0 0 0 0 0 0 0 0 0 0 0 1.4000000000000001 0 1 0 0 0 0 0 0 0 0 0 0 0 0 
 25 0 67.4 54.400000000000006 39.800000000000004 42 21.6 63 12.4 23.6 84.2 46.6 10.8 29.6 43.2 31.200000000000003 91.4 23.6 29 10.200000000000001 0.2 0 0.4 0 0 0 0 0 0 0 0 0 0.2 0.6000000000000001 0 0 0 0 0 0 0 0 0 0 0 0 0.2 0.2 0.4 0 0 0.6000000000000001 0.4 0 0.2 0 0 1 0 0.6000000000000001 0.2 2 0 4.800000000000001 8 0 0 0 0.6000000000000001 0 0.2 0 0 0 0.4 0.6000000000000001 0 0 0 0 2.4000000000000004 2.6 1.2000000000000002 5.800000000000001 8.6 0 0 2.2 7.4 3.8000000000000003 0.8 2.2 4 6.2 4.4 2.6 4.6000000000000005 6.800000000000001 0 2.2 0 0 0 0 0 0 3.8000000000000003 0 0 0 0 0 4.6000000000000005 2.4000000000000004 0 0 0 0 5 2.6 0 0 0 0 0.6000000000000001 0 0 0 0.2 0 0 0 0 0 3.8000000000000003 0 0 0 0 0 0 0.2 0 0 0 0 0 0 2 0 0 0 0 0 0 0 0 0 0 2 0 3.2 5.4 8.6 2.2 5.800000000000001 0 0.6000000000000001 5.4 6 0 3.6 3.4000000000000004 3.2 1.2000000000000002 2 2.4000000000000004 0 0 6.6000000000000005 1.4000000000000001 0 0 0 0 0 0 0 0 0 0 0 0 1.4000000000000001 6.2 0 0 0 3.2 5.6000000000000005 0 0 0 0 0 0 0 0 0.4 0 0 0 0 0 0 0 0 0 0 0 0 0 0 0 0 0 0 0 0 0 0 0 0 0 0 0 0 0 0.4 0 0 2 0 0 0 0.8 2.2 0 0 1 0 0.8 0 3 0 0 0 0 0 0 0 0 0 0 0 0 0 0 0 0 0 0 0 0 0 0 2.4000000000000004 3 0 0 0 0 0 0 0 0 0 0 0 3.6 
 19.200000000000003 67.4 0 33.800000000000004 12.600000000000001 78.2 55.2 22.200000000000003 16.400000000000002 69.8 44 28 60.800000000000004 27.200000000000003 12.4 5 26.8 25 6.2 27.400000000000002 3.2 0 1 0 0 0 0 0 0 0.2 0 0 0 0.8 0 0 0 1 12 0 0 0.4 0 0 0 0 0 0.8 0.4 0 0 1 0 0 0.2 0.4 0 0.4 0 1.2000000000000002 0.2 0.4 0.2 0 0 0.4 0.4 0 0.6000000000000001 0 0 0 0 0 0.4 10.600000000000001 0 9.200000000000001 0 0 0 2 0.2 4.4 2.2 1.8 6.4 0.2 0.2 6.4 3.2 5.800000000000001 0 2 2.2 2.4000000000000004 7.4 4.4 6.4 3.6 0 0 0 0 0 0 6 0 0 0 0 0.4 2 2.2 0 0.2 0 0 6.6000000000000005 2 0 0 0 0 0 0 0 0 0.4 0 0 0 0 0 0 0 0 0 0 0 0 2.4000000000000004 0 0 0 0 0.4 0 0 0 0 0 0 0 0 0 1.4000000000000001 0 0 0 0 0 2.8000000000000003 2 3.4000000000000004 2.6 0 1.8 0 8.6 0 2.6 2.4000000000000004 6.6000000000000005 0.8 9.200000000000001 3.8000000000000003 2 3 1.4000000000000001 0 1.8 0 0 0 0 0 3.8000000000000003 0 0 0 0 0 0 2.8000000000000003 0.2 0 0 1.8 5.2 0 0 0 0 0 0 0 0 0 0 0 0 0 0 0 0 0 0.2 0 0 0 0 0 0 0 0 0 0 0 0 0 3.8000000000000003 0 0 0 0 0 0 0 0.4 0 0 0 0 0 0.4 17.8 0 0 1.4000000000000001 0 4.800000000000001 6.4 0 0 0 0 0 0 0 0 0 0 0 0 0 0 0 0 0 0 0 0 0 0 0 2.2 0 0 0 0 0 0 0 0 0 0 0 0 0 
 44.400000000000006 54.400000000000006 33.800000000000004 0 44 48.2 22.8 94.2 32.800000000000004 19.200000000000003 37 62.800000000000004 61.2 60.400000000000006 40.6 51.2 52.400000000000006 63.400000000000006 18 34.2 15.4 0 0.4 0 0 0 0.2 0 0 0 0 0 14.600000000000001 0.6000000000000001 17.2 0 0.2 0 41.6 14.4 0 0.2 0 0 0 0 0 0.2 0.4 0 0 0.6000000000000001 0.2 0 2 0.2 0 13.8 0 0.6000000000000001 0.2 0.8 0 0 1.6 0 0 0 0.6000000000000001 2.2 0 0 0 0 0.4 0.6000000000000001 0.6000000000000001 0 0 0.2 2.4000000000000004 2.4000000000000004 4 8.8 7.2 5.800000000000001 3 1.6 10.4 0.2 1.6 2.8000000000000003 1.6 0 2.8000000000000003 7.4 6.6000000000000005 2 0 0 6.6000000000000005 0 0 0 0 0 3.8000000000000003 2.2 0 0 0 0 2.8000000000000003 2.8000000000000003 0 2.8000000000000003 0 0 8.8 6.6000000000000005 0 0 0 0 0 0 0 0 3.8000000000000003 0 0 0 1.8 0 0 0 0 0 0 0 0 0 0 0 0 0 0 0 0 0 0 0 0 0 0 0 0 0 0 0 0 3.4000000000000004 0.8 4.6000000000000005 5.800000000000001 0.8 0 0 0 0 1.4000000000000001 0 0 5.2 0 6.4 0 2.4000000000000004 0 0.2 0.2 0 0 0 0 0 2.2 0 0.2 0 0 0 4 0 0 0 0 0 2.6 4.800000000000001 0 0 0 0 0 0 0 0 0 0.4 0 0 0 2.8000000000000003 0 0 0 0 0 0 0 0 0 0 0 0 0 0 0 0 0 0 0 0 0 0 0 0 0 0 0 1.4000000000000001 0 0 0 0.6000000000000001 0.2 0 17.8 35.2 2.8000000000000003 1.4000000000000001 0 0 0 0 0 0 0 0 0 0 0 0 0 0 0 0 0 0 0 0 0 0 0 0 5 6.4 0 0 0 0 0 0 0 0 0 0 0 0.2 
 49.6 39.800000000000004 12.600000000000001 44 0 47.800000000000004 9.600000000000001 60 28.400000000000002 35 44.400000000000006 44.6 17 21.8 13.200000000000001 52.6 15.600000000000001 24.400000000000002 16.8 19.200000000000003 14.200000000000001 0 0.6000000000000001 0 0 0 11.200000000000001 13 0.2 0.6000000000000001 0 0 16.2 1 16 13 0 0.4 12.8 11.4 0 0.2 0 0.4 0 0 0 0 0.4 0.4 0 0.6000000000000001 0 0 0.6000000000000001 0.6000000000000001 0.2 0.6000000000000001 0 0.2 0 1.6 1.8 0 0 7.2 0 0 0.6000000000000001 0 0 0 0 0 0 0.6000000000000001 0 0 0 0 0 0 0.8 0 2.8000000000000003 5.800000000000001 0 0.2 2 0.4 1.6 3 0 0 0 0 0 0 0 0 12.600000000000001 3 4.6000000000000005 1.2000000000000002 0.4 0 2.4000000000000004 3 0 1 0 0 4.800000000000001 0 0 0 2 0 0 0 0 0 0 0 0 0 0 0.4 0 0 0 0 1 0 0 0 0 0 0 0 0 0 0 0 0 0 0 0 0 0 0.4 0 0 0 0 0.4 1.4000000000000001 0 0 0 0 2.8000000000000003 4.6000000000000005 3.2 2 8.8 0 0.4 4.800000000000001 7 0 0.6000000000000001 0 0 0 0 7.6000000000000005 0 0.2 0 9.600000000000001 1.8 0 0 0 0 3 10 0.2 0 0 0 4.800000000000001 6.4 4.2 0 0 0 0 4.4 0 0 0 0 0 0 0 0 0 0 0 0 0 0 0 0 0 0 0 0 0 0 0 0 0 0 0 0 0 0 0 0 0 0 0 0 0 0 0 0 0 0 0 0 0 0.8 22 0 1.2000000000000002 0 1.8 1.8 0 0 0 0 0 0 0 0.4 0 0 0 0 0 0 0 0 0 0 0 0 0 0 0 0 2 7.2 0 0 0 0 0 0 0 0 0 0 0 0 
 8.6 42 78.2 48.2 47.800000000000004 0 73.2 81 9.600000000000001 28.200000000000003 29 14 51.6 8.4 9 18.8 29.6 12.600000000000001 11.600000000000001 15 15.4 0 0.4 0 0.4 0 0 18.400000000000002 4.800000000000001 0 0 0 29 32.800000000000004 0 14.4 0 14.8 15.200000000000001 7.6000000000000005 14.600000000000001 0 0 0 0 0 0 0 0.4 0 0 0.6000000000000001 0.4 0 0.4 0 0 0.6000000000000001 0 0.4 0 0.4 0 0 0 0.6000000000000001 0 0 0.6000000000000001 0 0 0 0 0 0.2 0.6000000000000001 0 1.4000000000000001 0 0 0 0.4 0 2 8.8 0 0 0 2.2 0 5.800000000000001 3 0 0 0 0 0 0 0 0 0 0 0 0 7 0 5.4 3.2 2 0 0 0 4.800000000000001 2.2 2.4000000000000004 11.8 3.6 1.4000000000000001 0 9 0 0 0 0 0 0 0.4 0 3.4000000000000004 0 0 0 0 0 0 0 0 0 0.2 0.4 0 0 0 0 0 0 0 0 0 0 0 0 0 0 0 0 0 0 0 0 0 2 2 0 7 6.2 0 0 2 2.8000000000000003 0.2 2 0 0 0 0 1.2000000000000002 0 0 0 2.2 2 2 3.2 0 0 3 0 18.8 2.8000000000000003 3 0 0 2 6 0 2.2 1.8 3 9.200000000000001 0 0 0 0 0 0 0 0 0 0 0 0 0 2.4000000000000004 0 0 0 0 0 0 0 0 0 0 0 0 0 0 0 0 0 0 0 0.4 0 0 0 0 0 0 0 0 0 0 0 0.2 8.8 0.2 18 9.600000000000001 0 1.6 0.4 0 0 0 0 0 0 0 0 0 0 0 0 0 0 0 0 0 0 0 0 0 0 0 0.6000000000000001 1.8 0 0 0 0 0 0 0 0 0 0 0 0 
 17.2 21.6 55.2 22.8 9.600000000000001 73.2 0 78.80000000000001 28.400000000000002 9.600000000000001 8.200000000000001 5.800000000000001 70.60000000000001 61 19.400000000000002 7.6000000000000005 41.2 26.400000000000002 39.800000000000004 69.8 0 0 0.4 0 0 0 0 0 0 0 0.2 0 0 0.6000000000000001 0 0 0 0 0 0 0 0 0 0 0 0 0 0.2 0.4 0 0 0.6000000000000001 0.2 0 1.6 0.6000000000000001 0 0.4 12.200000000000001 0.6000000000000001 0.2 1.2000000000000002 0 0 0 0 0 0 0.6000000000000001 0 0 0 0 0 0.4 0.6000000000000001 0 0 0 0 1.8 3 0 5.800000000000001 0 1.2000000000000002 5.6000000000000005 1.6 6.6000000000000005 6.800000000000001 0 2.6 0 0.4 6.800000000000001 3.4000000000000004 6.4 4.800000000000001 5.6000000000000005 3.4000000000000004 0 0 0 0 0.4 0 0 0 0 0 0 0 0 2.2 0 0 0 0 2.8000000000000003 0 0 0 1.6 0 0 0 0 0 1.8 0.2 0 0 0 0 0.4 0 0 0 0 0 0 0 0 0 0 0 0 0 0 0 0 0 0 0 0 0.2 2.4000000000000004 0.2 0 0 3.4000000000000004 5.6000000000000005 6.800000000000001 4.800000000000001 2 0 2.2 5.800000000000001 0 0 2 0 0.2 2.8000000000000003 8 6 0.2 2 2.2 6.4 0 0 0 0 0 0 0 0 0.4 0 0 0 3.4000000000000004 0 0 0 0 0 0 0 0 0 0 0 0 0 0 0 0 0 0 0 0 0 0 0 0 0 0 0 0 0 0 0 0 0 0 0 0 0 0 0 0 0 0 0 0.2 0 0 0 0 0 0 0 0 0 0.4 0 0 0 0 1.4000000000000001 0 0 0 0 0 0 0 0 0 0 7 0 0 0 0 0 0 0 0 0 0 0 0 0 0 2.8000000000000003 0 0 0 0 0 0 0 0 0 0 0 0 
 29 63 22.200000000000003 94.2 60 81 78.80000000000001 0 25.8 30.6 25.200000000000003 17.6 81.2 42 42.6 73.4 25.8 30.8 15.200000000000001 47.400000000000006 0 0 0.4 0 0 0.2 0 14.4 0.4 0 0.2 0 0 0.6000000000000001 0 0 0 0 0 0 0 12.600000000000001 0 0 0 0 0 0.2 0.4 0 0 0.6000000000000001 0.2 0 0.2 0 0 0.4 0 0.6000000000000001 0 1.8 0 0 3 0 0 0 0.6000000000000001 0 0 0 0 0 0.2 0.6000000000000001 0 0 0 0 2.4000000000000004 3.2 3.2 5 0 0 2.8000000000000003 7.800000000000001 6.4 3.4000000000000004 2.4000000000000004 3 0 2.2 3 6.4 6 5.800000000000001 0 0 0 0 0 0 1.8 0 4.2 0 0 0 0 0 10.4 0 0 0 0 0 7 0 0 0 2 0 0 0 0.2 0 2 0 0 2.8000000000000003 0 0 0 0 0 0 0 0 0 0 0 0 0.2 0 0 0 0 0 0 0 0 0 0 0 0 0 0 0 0.2 6.6000000000000005 6.800000000000001 0.2 3.8000000000000003 0 3.8000000000000003 2 0 0 0.4 0 0 5 0 3.4000000000000004 0.6000000000000001 8.200000000000001 0 4.4 0 0 0 0 0 0 0 0 0 0 0 0 0.4 0 0 0 0 0 3.2 0.4 0 0 0 0 0 0 0 0 0 0 0.8 0 0 0 0 0 0 0 0 0 0 0 0 0 0 0 0 0 0 0 0 0 0 0 0 0 0 0 0 0 0 2 0 0 0 0.4 0.2 0 0 0.4 0.4 1.8 0 0 0 0 0 0 0 0 0 0 0 0 0 0 0 0 0 0 0 0 0 0 0 0 0.2 4 0 0 0 0 0 0 0 0 0 0 0 0 
 4.6000000000000005 12.4 16.400000000000002 32.800000000000004 28.400000000000002 9.600000000000001 28.400000000000002 25.8 0 54.800000000000004 6.6000000000000005 47.6 27.400000000000002 27.400000000000002 13.600000000000001 30.200000000000003 5.800000000000001 68.2 35.800000000000004 7.6000000000000005 0.8 0 5 0.4 0 0.2 0 0 0.4 0 0 0.2 14.4 16.8 0 0 0 0 12.200000000000001 10.4 0 1.6 0 0 0.4 0 0 0 0.4 0.2 0 0.6000000000000001 0 0 0.6000000000000001 1.2000000000000002 0 0.6000000000000001 0 0.4 0 0.4 0.4 0 0 0 0 0 0.6000000000000001 0 0 0 0 0 0.2 0.6000000000000001 0 0 0 0 2.2 2 6.800000000000001 2.6 0 3.4000000000000004 0.2 0 2.4000000000000004 0 6 0 0 2 3.2 5 2.8000000000000003 10.8 0 3.6 2.2 0 0 0 0 0 0 3.4000000000000004 4 0 0 0 2.8000000000000003 2.2 0 0.2 0 0 0 0 0 0 0 0 0.4 0 0 0 0 0 0 0.2 0 0 0 0.4 0 0 0 0 0 0 0 0 0 0.2 0 0 0 0 0 0 0.4 0 0 0 0 0 0 0 2.8000000000000003 2.4000000000000004 0 2.8000000000000003 3 2 0 1.4000000000000001 0 4.2 6.800000000000001 0 4.2 0.4 2 4.800000000000001 10.4 0 0 4.6000000000000005 1.8 0 0 0 0 0 6 5 0 0 0 0 3 4 0 0 0 0 0.2 2.6 0 0 0 0 0 0 0 0 0 0 0 0 0 0 0.4 0 0 0 0 0 0.2 0 0 0 0 0 0 0 0 0 0 0.4 0 0 0 0.4 0 0 0 0 0 0 0 0 0 0.4 10.8 0 0.6000000000000001 0 2.2 1 0 0 0 0 0 0 0 0 0 0 1.8 0 0 0 0 0 0 0 0 0 0 0 0 0.2 2.2 0 0 0 0 0 0 0 0 0 0 0 0 0.2 
 29.200000000000003 23.6 69.8 19.200000000000003 35 28.200000000000003 9.600000000000001 30.6 54.800000000000004 0 33.800000000000004 18 29.200000000000003 62.2 12.4 43.2 72.2 56 22.6 52 15 0 0.4 0 0 0.2 0 0 0.2 0 0.2 0 0 0.6000000000000001 0 0 0 0 14.8 0.2 0 0.2 0 0 0 0 0 0.4 0.4 0 0 0.6000000000000001 0.4 0 0.4 0 0.4 0.8 0.4 0.6000000000000001 0.6000000000000001 0.4 0 0 0 0 10.4 0 0.6000000000000001 0 0 0 0 0 0.6000000000000001 0.6000000000000001 0 0 0 0 0.2 0 2.8000000000000003 7.6000000000000005 2.8000000000000003 0 3.2 10.200000000000001 5.2 1.4000000000000001 2.2 7 5.6000000000000005 0 9.200000000000001 0 2 4.800000000000001 2.4000000000000004 13.8 0 0 0 0 0 0 4.800000000000001 1.2000000000000002 0 0 0 0 0.6000000000000001 3 0 0 0 0 3.8000000000000003 4.800000000000001 0 0 0 0 0 0 0 0 0 0 0 0.2 0 0 0 0 0 0 0 0 0.4 0.8 0 0 0 0 0 0 0 0 0 0 0 0 0 0 0 0 0 0 0 2.8000000000000003 0 3.2 2.4000000000000004 3.8000000000000003 3.2 2.8000000000000003 3.8000000000000003 11.600000000000001 7 2.2 3 0 2.8000000000000003 3.2 6.2 8 2.4000000000000004 2 0 0 0 0 0 0 0 7 0 2.2 0 0 5.6000000000000005 0 0 0 0.2 0 2.6 9 0 0 0 0 0 0 0 0 0 0 0 0 0 0 0 0 0 0 0 0 0 0 0 0 0 0 0 0 0 0 0 0.4 0 0 0 0 0 0 0 0 0 0 0 0 0 0.6000000000000001 0 0 0 17.8 0.2 3 0 0 0 0 0 0 0.2 0 0 0 3.2 0 0 0 0 0.2 0 0.4 0 0 0 0 0 2 2.2 0 0 0 0 0 0 0 0 0 0 0 0 0 
 27 84.2 44 37 44.400000000000006 29 8.200000000000001 25.200000000000003 6.6000000000000005 33.800000000000004 0 28.400000000000002 27 20.200000000000003 40.800000000000004 38.400000000000006 93.80000000000001 76 10.200000000000001 33.4 0.6000000000000001 0.8 0.6000000000000001 0.2 1.2000000000000002 0.8 0 0 0.4 0 1.4000000000000001 0 15.4 15.200000000000001 0 0 0 1.4000000000000001 0.4 1 0 13 7.800000000000001 0 12.4 0 0.6000000000000001 0.4 0.4 0 0 1 0.2 0 0 0 0 0.4 0 0.6000000000000001 0.6000000000000001 0.6000000000000001 1.2000000000000002 0.8 1 0 0 0 1.8 0 0.8 0 0 0.8 1.8 0.6000000000000001 1.2000000000000002 0 0 0.4 3 0 1.8 2.8000000000000003 14.4 3.2 2 1.6 3.4000000000000004 3.2 7 8 6.2 0 3 5.800000000000001 5.6000000000000005 0 0.2 0.6000000000000001 0 0 0 0 0 0 8.4 3.2 0 0 0 0 4.2 7.4 0 0 0 0 6.4 1.8 0.2 0 0 0 0 0 0 0 0 0.2 0 0 0 0 0.4 0 0 0 0 0 0 0 0 0 0 0 0 0.2 0 0 0 1 0.4 0 0 0 0 0.4 0 0 0 0 3.4000000000000004 3.8000000000000003 3 4.4 0 1 0.2 6.800000000000001 3.8000000000000003 3.2 2.4000000000000004 1.4000000000000001 0 4 0 0.2 0 0 0 1.6 0 0 0 0 1.4000000000000001 2.6 0 0 0 0 2 0 2 0 0 0 2 3.2 0 0 0 0 0 0 0 0.2 0 0 0 0 0 0 0 0 0 0 0 0 0 0 0 0 0 0 0 0 0 0 3.6 0 0 0 0 0 0.2 0 0 0 0 1.4000000000000001 0 0 0 0.8 0.2 0.2 0.8 18.6 0 1.4000000000000001 0 0 0 0 0 0 0.4 0 0 0 0 0 0 0 0 0 0 0 0 0 0 0 0 1.6 2.2 0 0 0 0 0 0 0 0 0 0 0 0 0 
 7.2 46.6 28 62.800000000000004 44.6 14 5.800000000000001 17.6 47.6 18 28.400000000000002 0 5.6000000000000005 19.400000000000002 6.6000000000000005 26.8 15.4 33 10.600000000000001 5.2 14.8 14.8 0.4 0 0 0 0.8 0 0 0 0 0 15 15.8 0 14.8 0 6.2 30 14.8 12.4 0.2 0 0 0 0 0 0 0.4 0 0 0.6000000000000001 0.4 0 0.8 0 0 0.6000000000000001 0 0.4 0 0.6000000000000001 0 0 0 0 0 0 0.6000000000000001 0 0 0 0 0 0.2 0.6000000000000001 0 0 0 0.2 1.4000000000000001 2 7.800000000000001 0 0.2 3.8000000000000003 0 0 0 0 2 3.4000000000000004 0 1.8 0 1.4000000000000001 0 2.6 0.2 0 1.4000000000000001 0 0 0 0.2 0 3 5 0 0 0 0.4 0.2 0 2.8000000000000003 3.2 0 0 0 4.6000000000000005 0 0 0 0 0 0 0 0 0 0 0 0 0 0 0 0 0 0 0 0 0 0 0 0 0 0 0 0 0 0 0.2 0 0.8 0 0 0 0 1 0 0 0 0 0 3.4000000000000004 3 3.2 0.2 0 1.8 3.6 0 5 0 0 0 0 3.4000000000000004 0 0 0.2 3 3.4000000000000004 0 0 0 0 5.4 6.4 3.8000000000000003 0 0 3.6 4.6000000000000005 0 2.8000000000000003 0 0.2 0 2 4.4 0 0 0 0 0 0 0 0 0 0 0 0 0 0 0 0 0 0 0 0 0 0 0 0 0 0 0 0 0 0 0 0 0 0 0 0 0.4 0 0 0 0 0 0 0 0 0 0.2 0 17.6 0.6000000000000001 2.8000000000000003 1.6 0.4 0 0 0 0 0 0 0.4 0 0.4 0 0 0 0 0 0 0 0 0 0 0 0 0 4.4 0 0 0 0 0 0 0 0 0 0 0 0 0 0 
 31 10.8 60.800000000000004 61.2 17 51.6 70.60000000000001 81.2 27.400000000000002 29.200000000000003 27 5.6000000000000005 0 81.80000000000001 61.2 8.6 25 23.400000000000002 35.4 19 0 0 0.4 0.2 0 0.2 0 0 0 0 0.2 0 0.4 0.6000000000000001 0 0 0 0.4 0 0 0 0 0 0 0 0 0 0.2 0.4 0.4 15.600000000000001 0.6000000000000001 0 0 0.8 0 0 0.4 0 0.6000000000000001 0 0.4 0 0 0 0 0 0 0.6000000000000001 0 0 0 0 0 0.2 0.6000000000000001 0 0 0 0 2 0 0 0 5.4 0.2 5.4 3.6 3.2 5.6000000000000005 2 0.4 2.2 5.6000000000000005 4.6000000000000005 3 3.2 1.8 0 6.4 0 0 0 0 0 0 0 0 0 0 0 0 2 0 0 0 0 1.4000000000000001 3.8000000000000003 0 0 0 0 0 0 0 0 0 0 0 0 0 0 0 0 0 0 0 0.2 0.4 0 0 0 0 4.2 0 0 0 0 0 0 0 0 0 0 0 0 0 1.2000000000000002 0 4 0.6000000000000001 1.4000000000000001 3.2 4.4 0 3.6 1.2000000000000002 0 3 2.2 2.8000000000000003 3.2 0 2.6 2 0 2.2 4 0.2 0.4 0 0 0 0 2 0 0 0 0 0 0.2 3 0.2 0 0 0 0 0 0 0 0 0 0 0 0 0 0 0 0 0 0 0 0 0 0 0 0 0 0 0 0 0 0 0 0 0 0 0 0 3.8000000000000003 0 0.2 0.4 0 0 0 0 0 0 0 1.4000000000000001 0 0 0 0 0 0 0.4 0.4 0 2.6 0 0 0 0 0 0 0 0 0 0 0 0 0 0 0 0 0 0 0 0 0 0 0 0 0 0 0 0 0 0 0 0 0 0 0 0 0 0 
 44.800000000000004 29.6 27.200000000000003 60.400000000000006 21.8 8.4 61 42 27.400000000000002 62.2 20.200000000000003 19.400000000000002 81.80000000000001 0 20 29.400000000000002 16.2 21.200000000000003 82 19.6 0 0.8 1 0 1.2000000000000002 0.8 0 0.4 0 0 0 0 0.8 0.6000000000000001 0 0 0 2 0 0 0 0 0 0 0 0 0 0 0.4 0 0 0.6000000000000001 0.2 0 4.6000000000000005 0.4 0 0.6000000000000001 0 0.4 0 1.2000000000000002 1.2000000000000002 0 2.4000000000000004 0 0 0 1.8 0 0 9.4 0 0 1.2000000000000002 0.6000000000000001 1.2000000000000002 0 0 3 4.2 7.2 2.8000000000000003 5.2 6.4 3.4000000000000004 10.4 0 5 0.2 5 2 3.4000000000000004 2.6 3 7.800000000000001 7.2 7.800000000000001 1 0 0 0 0 0 0.2 0 0 0 0 0 0 0 0 0 0 0 0 0 6.6000000000000005 0 0 0 0 0 0 0 0 0.2 3.6 0 0 0 0 0.2 0 0 0 0 0 0 0 4.2 0 0 0 0 0 0 0 0 0 0 0 0 0 0.2 0 0 0 0 3 0.2 0 4 3 0 0 0 4 0 2 0.4 0 9.4 2 4 0 7.800000000000001 1.2000000000000002 17.400000000000002 0 0 0 0 0 0 0 0 0 0 0 0 3.8000000000000003 0 0 0 0 0 0.2 0 0 0 0 0 0 0 3 0 0 0 0 0 0 0 0 0 0 0 0 0 0 0 0 0 0 0 0 0 0 0 0 0 0 0 0 0 0 0 0.2 0 0 0.2 0 0 0 0 0 0 0.6000000000000001 17.400000000000002 0 1.2000000000000002 0 0 0 0 0 0 0.4 0 0 0 0 0 0 0 0 0 0 0 0 0 0 0 0 0.2 0.2 0 0 0 0 0 0 0 0 0 0 0 0 0 
 75.8 43.2 12.4 40.6 13.200000000000001 9 19.400000000000002 42.6 13.600000000000001 12.4 40.800000000000004 6.6000000000000005 61.2 20 0 28.6 11.4 28.6 36.6 19.8 0 0 0.4 0 0 0.4 0.2 0 0 5.800000000000001 0 0 0 0.6000000000000001 0 0 0 0 0.4 0.2 0 6 0 0 0 0 0 0.6000000000000001 0.4 0 0 2.2 0.2 0 0 0 0 0.4 0 0.6000000000000001 0.6000000000000001 2 0 0 1.4000000000000001 0 0 0 0.6000000000000001 0 0 0 0 0 0.6000000000000001 0.6000000000000001 0 0 0 0 2.4000000000000004 0 4.800000000000001 7.800000000000001 6 0 0.2 8 8 3 2 4.800000000000001 5.800000000000001 0 5.4 2 3.6 0 0 2.2 0 0 0 0 0 0 5.6000000000000005 0 0 0.2 0.2 0 4 0 0 2.8000000000000003 0 0 3 0 0 0 0 0 0 0 0 0 0 0 0 0 0 0 0 0 0 0 0 0 0 0 0 0 0 0 0 0 0 0 0 0 0 0 0.4 0 0 0 0 0 5.2 2 4.6000000000000005 0 1.8 4.6000000000000005 4.2 0 0 2.2 3.8000000000000003 0.4 0 2.4000000000000004 0.2 0.2 2.8000000000000003 6.4 0 0 0 0 0 0 0 0 0 0 0 0 0 0 1.8 0 0 0 0 0 4 0 0 0 1.8 0 0 0 0 0 0.2 0.4 0 0 0 0 0 0 0 0 0 0 0 0 1.6 0 0 0 0 0 0 0 3.2 0 0 0 0 0 0 0 0.2 0 0 1.2000000000000002 0 0 0 0.4 0.2 0 0 17.400000000000002 0.6000000000000001 1.8 0 0 0 0 0 0 0 0 0.2 0 0 0 0 0 0 0 0 0 0 0 0 0 0 0.2 2 0 0 0 0 0 0 0 0 0 0 0 0 0 
 49.800000000000004 31.200000000000003 5 51.2 52.6 18.8 7.6000000000000005 73.4 30.200000000000003 43.2 38.400000000000006 26.8 8.6 29.400000000000002 28.6 0 37.4 62.6 40.400000000000006 12.200000000000001 0 0 0.4 0 1.2000000000000002 0 0 0 0 0.4 0 0 0 0.6000000000000001 0 0 0 0 0 17.2 0 0.2 0 0 0 0 0 0 0.4 0.4 0 0.6000000000000001 0.4 0 0.4 1.4000000000000001 0 1 0 0.4 0 1.6 0 0 1.6 0 0.8 0 0.8 0 0 0 0 0 0.2 1.2000000000000002 0 0 0 0 1.8 0.2 3 2 0 0 0 0 2 3.8000000000000003 0.6000000000000001 0 6.6000000000000005 0 2 2.2 6.2 0 0 0 4 0 0 0 0 0 0 3 2.4000000000000004 0 0 0 2.8000000000000003 2 0 0.2 0 4.2 1.8 0 0 0 0 0 0 0 0 0 0 0 0 0.2 0 0 0 0.4 0 0 0 0 0.4 0 0 0 0 0 0 0 0 0 0 0 0 0 0 0 0 0 0 0 0 14.4 3.8000000000000003 1.8 0 7 0 0 4.800000000000001 0 9.200000000000001 2.2 3 0.8 0.4 1.8 5.6000000000000005 0 1.8 4 2.6 0 0 0 0 0 3.2 0 0 0 0 0 0 8 0 0 0.2 0 0 3.6 0 0 0 0 0 0.2 0 0 0 0 0 0 0 0 0 0 0 0 0 0 0 0 0 0 0 0 0 0 0 0 0 0.4 0 0 0 0 0 0 4.4 0 0 0 0 0 0 0.2 19.6 0.2 0.2 0.4 2.2 1.4000000000000001 0 0 0 0 0 0 0 0 0 0 0 0 0 0 0 0 0 0.4 0 0 0 0 0 0 1.8 0.4 0 0 0 0 0 0 0 0 0 0 0 0 
 25 91.4 26.8 52.400000000000006 15.600000000000001 29.6 41.2 25.8 5.800000000000001 72.2 93.80000000000001 15.4 25 16.2 11.4 37.4 0 12 6.6000000000000005 26.400000000000002 0 0 0.6000000000000001 0 0 0.2 0 0 0 0 0 0 0 0.6000000000000001 0 0 0 0 0 0 0 0 0 0 0 0 0 0.6000000000000001 0.4 0 0 1.4000000000000001 0 0 1.6 0 0 0.4 0 0.6000000000000001 0.6000000000000001 0.4 0 0 0 0 0 0 0.6000000000000001 0 0 0 0 0 0.6000000000000001 0.6000000000000001 0 0 0 0 1.6 2 0 3.4000000000000004 0.2 9.8 9 1.4000000000000001 11.8 5 0.8 0 0 3 2.2 8.8 4.2 5.2 0 2 0 0 0 0 0 0 3.6 0 0 0 0 0 2.2 2 0 0 0 0 1.8 7 0 0 1.8 0 0 0 0 0 0 0 0 0 0 0 0 0 0 0 0 0 0.4 0 0 0 0 0 0 0 0 0 0 0 0 0 0 0 0 0 0 0 4.2 6.800000000000001 4 10.4 8.6 4.4 2.4000000000000004 5.4 0.8 3.8000000000000003 0 2.6 0.8 0 0 3 2 7.4 6.4 3.6 8.6 0 0 0 0 0 0 0 0 0 0 0.2 3.4000000000000004 3.4000000000000004 0.2 0 0.2 0 2.2 8.8 0 0 0 0 0 0 0 0 0 0 0 0 0 0 0 0 0 0 0 0 0 0 0 0 0 0 0 0 0 0 0 0 0 0 0 0 0 0 0 0 0 0 0 0 0 0.4 1 0 0.4 9.600000000000001 0.4 1 0 0 0 0 0 0 0 0 0 0 0 0 0 0 0 0 0 0 0 0 0 0 0 0 0.4 7.800000000000001 0 0 0 0 0 0 0 0 0 0 0 0 
 82.2 23.6 25 63.400000000000006 24.400000000000002 12.600000000000001 26.400000000000002 30.8 68.2 56 76 33 23.400000000000002 21.200000000000003 28.6 62.6 12 0 8 51.800000000000004 4.6000000000000005 0.2 0.4 0.4 0 31.400000000000002 0.2 0.4 0.2 0 0.4 0 0 0.8 0 0.6000000000000001 0 0.8 0.2 15 0 11.4 0 0.2 0.2 0.2 0 0 0.4 0 0 1 0 0.2 1 0 0 1 0 0.6000000000000001 0.6000000000000001 0.4 5.800000000000001 0 0 0 0 0 0.6000000000000001 0 0 0 0 0 0 0.6000000000000001 0 0 0 6.4 0 1 2.6 7.2 5 0 0 0.8 0 0 1.2000000000000002 5.6000000000000005 0 0 0 1.8 4.2 1 0 0 1.4000000000000001 0 0 0 0 0.6000000000000001 3 0.2 0 0 0 0 5.6000000000000005 0 0 0 0 0 5.6000000000000005 0 0 0 0 0 0 0 0 0 4.4 0 0 0 0 0 0 0 0 0 0 0 0 1 0 0 0 0 0 0 0 0 0 0 0 0 0 0 0 0 0 0 0 0 6.800000000000001 2.8000000000000003 5.2 5.6000000000000005 0 0.6000000000000001 2.2 0.6000000000000001 5.2 1.8 0 3.2 0 3.6 0.2 9 0 2 0 0 0 0 0 0 7.4 4.2 0 0 0 0 2.6 0 1.4000000000000001 0 0 0 2.6 8.4 0 0 0 0 0 0 0 0 0 0 0 0 0 0 0 0 0 0 0 0 0 0 0 0 0 0 0 0 0 0 0 0 0 0 0 0 0 0 0 0 0 1 0 0 0 0 0 0 0 17.8 3.2 3 0 0 0 0 0 0 0.4 0 0 0 0 0 0 0 0 0 0 0 0 0 0 0 0 1.6 0.6000000000000001 0 0 0 0 0 0 0 0 0 0 0 0 0 
 28.6 29 6.2 18 16.8 11.600000000000001 39.800000000000004 15.200000000000001 35.800000000000004 22.6 10.200000000000001 10.600000000000001 35.4 82 36.6 40.400000000000006 6.6000000000000005 8 0 170.60000000000002 0.2 0 0.8 0.4 0 0 0 0.2 0.6000000000000001 0.2 1.2000000000000002 0 0 0.6000000000000001 0.6000000000000001 0.2 0.4 0.6000000000000001 0.4 0.4 0 0 0.6000000000000001 0 0 0 0.6000000000000001 0.2 0.4 0 0 1 0.2 0 0.4 0 0 0.8 0 0.6000000000000001 0.2 2.6 0 0 2.4000000000000004 0 0.4 0.6000000000000001 0.6000000000000001 0.6000000000000001 1.2000000000000002 0.2 0 0.6000000000000001 0.4 1.2000000000000002 0 0 0 0.6000000000000001 4.4 2.8000000000000003 10.600000000000001 5.2 3.6 0 2.8000000000000003 5.800000000000001 3.4000000000000004 3.4000000000000004 0 0.2 6.2 3 9.600000000000001 0 1.4000000000000001 2.6 2.8000000000000003 5.6000000000000005 0 0 0 0 0 0 0 0 0 0 0 0 0 0 0 0 0 0.2 0 0 0 0 3.4000000000000004 0.4 0 0 0 0 0 0 0 0 0 0 0 0.2 0 0 0 0 0 0 0.2 0 0 0 0 0 0 0 2.4000000000000004 0 0 0 0 0 0 0 0.8 0 2 6.2 0 0 0 0 7 5.2 2.6 0 2 0 2 2.4000000000000004 2.6 2.6 2.4000000000000004 4 7.4 5.800000000000001 0 1.6 0 0 0 0 0 0 0 0 0 0 0 0 0 0 0 0 0 0 0 0 0.4 0 0.2 0 0 0 0 0 0 0 0 0 0 0 0 3 0 0 0 0 0 0 0 0 0 0 0.4 0 0 0 0 0 0 0 0 0 0 0 0 0 0 0 0 0.4 0 0 0.2 0 0 1.6 0 0 0 0 0 0 0 0 0 0 2.6 0 0 0 0 0 0 0 0.2 0 0 0 0 0 0 0 0 0 0 0 0 0 0 0 0 0 0 0 
 25.400000000000002 10.200000000000001 27.400000000000002 34.2 19.200000000000003 15 69.8 47.400000000000006 7.6000000000000005 52 33.4 5.2 19 19.6 19.8 12.200000000000001 26.400000000000002 51.800000000000004 170.60000000000002 0 0 0 0.4 0 0 0.4 0 0 0 0 0.4 0.2 0.4 0.6000000000000001 0 0 0 0 0 0 0 0 0 0 0 0 0 0 0.4 0 0 0.6000000000000001 0.2 0 0.4 0.2 0 0.6000000000000001 0 0.4 0 1.2000000000000002 0 0 0 0 0 0 0.6000000000000001 0 0 0 0 0 0.2 0.6000000000000001 0 0 0 0 3.8000000000000003 8.6 3.6 2.2 0 0 4.800000000000001 7.4 0.4 8.8 3.4000000000000004 2 4.6000000000000005 4 0 0 5.4 1.6 9.600000000000001 0 0 0 0 0 0 0 0 0 0 0 0 0 0 0.2 0 0.2 0 0 4.4 0 0 0 2.2 0 0 0 0 0 2.8000000000000003 0 0 0 0 0 0 0 0 0 0 0 0 0.6000000000000001 0 0.2 0 0 0 0 0 0 0 0 0 0 0 0 0 0 0 2.2 0.2 2.2 2.6 0 2.8000000000000003 0 3 3.8000000000000003 0.2 2.8000000000000003 2.4000000000000004 7.4 0.2 3.8000000000000003 0 6.2 0 5.6000000000000005 0.6000000000000001 8.200000000000001 0.4 0.4 0 0 0 0 0 0 0 0 0 0.2 0 0 0 0.2 0 0 0 0 0 0 0 0 0 0 0 0 0 0 0 0 0 0 0 0 0 0 0 0 0 0 0 0 0 0 0 0 0 0 0 0.2 0.2 0 0 0 0 0 0 0 0 0 0 0 0 0.4 0 0.4 0 0 0 2 0 0 0 0 0 0 0 0 0 0 0 0 0 0 0 0 0 0 0 0 0 0 0 0 0 1.2000000000000002 0 0 0 0 0 0 0 0 0 0 0 0 
 0 0.2 3.2 15.4 14.200000000000001 15.4 0 0 0.8 15 0.6000000000000001 14.8 0 0 0 0 0 4.6000000000000005 0.2 0 0 18.2 36 25.200000000000003 17.8 62.2 49.2 13.200000000000001 27.400000000000002 40 10.600000000000001 15.4 47.800000000000004 18.2 42.2 14.8 19.6 10.4 59.400000000000006 12.8 3.8000000000000003 0 0.6000000000000001 0 0 0 0 0 0 0 0 0.4 0.4 0.6000000000000001 0 0 0 0.6000000000000001 12.600000000000001 0 0 0.6000000000000001 0 0 0 0 0 0.6000000000000001 0 0 0.4 0.4 0 2.8000000000000003 0 11.200000000000001 3.2 0 0 0.6000000000000001 0 0 0 1 1.8 2 0 0 0 0 2.4000000000000004 0.2 0 0 0 0 0 0 3.2 0.2 0 12.200000000000001 2.6 0 0 0 0.2 1.8 0 0 1.2000000000000002 1.4000000000000001 2.4000000000000004 3.8000000000000003 0 4.800000000000001 3.8000000000000003 0 0.2 2 2.8000000000000003 0 0 0 0 0 0.2 0 0 0 0 0 1.8 0 0 0 0.2 0 0 0 0 0 0 0 0 0 0 0 1.2000000000000002 0 0 0 0 0 0 0 2.6 0.2 0 0 0 0 0 0 0.6000000000000001 0 0 0.6000000000000001 0 0 0 0 0 0.2 0 0 0 0 0 0 1.4000000000000001 4.800000000000001 0 0 1.8 0 5.800000000000001 3 9 0.8 5 8.8 0 3.8000000000000003 6 3 0.2 5.4 0.2 2.4000000000000004 0 0 0 0 0 0 0 0 0 0 0 0 0 0 0 0 0 0 2 0 0 0 0 0 0 0 0 0 0 0 0 0 0 0 0 0 0 0 0 0 0 0 0 0 0 0 15.600000000000001 0 0 0.2 0 0 0 0 5.2 0 0.2 23.400000000000002 0 0 0.2 2.2 0 0 0 0 1.8 0 0 0 0 0 0 0 0 0 0.8 0 0 0 0 0 0 0 0 0.4 0.2 0 0 0 
 0 0 0 0 0 0 0 0 0 0 0.8 14.8 0 0.8 0 0 0 0.2 0 0 18.2 0 33 56.400000000000006 7.2 9.8 15.200000000000001 81.4 26.400000000000002 17.2 9.200000000000001 7 5.800000000000001 27.8 13.200000000000001 61.6 37.800000000000004 40.800000000000004 20.200000000000003 24.8 0.2 0 0.6000000000000001 0 0 0 0 0 0 0 0 0.6000000000000001 0 0.6000000000000001 0 0 0 0.6000000000000001 0.2 0 0 0.6000000000000001 0 0 0 0 0 0.6000000000000001 0 0 0.4 0.4 0 0 0 1.6 0 0.4 0 0.6000000000000001 0 0 0 0 0 0 0 0 0 0 0 0 0 0 0 0 0 0 0 0 2.4000000000000004 0 0 0 1.8 0 0 5.6000000000000005 3 3.8000000000000003 0 0 2.8000000000000003 0 3 2.4000000000000004 3.4000000000000004 6.6000000000000005 3.6 3.8000000000000003 1.6 0 0 0 2 0 2.4000000000000004 0 0 0 0 0 0.2 0.2 0 0 0 0 0 0 0 0 0 0 0 2.6 0 0 0 0 0 0 0 0 0 0 0 0 0 0 0 0 0 0 0 0 0 0 0 0 0 3.6 0 1.2000000000000002 0 0 0 1.6 0.4 0 0 4.2 3.6 3.6 0 7.2 4 11 6.4 8.6 2.4000000000000004 10.4 0 1.2000000000000002 1.2000000000000002 0 2 0 0.4 0 0 0 0 0 0 0 0 0 0 0 0 0 0 0 2.6 0 0 0 1.8 1.2000000000000002 0 0 0 0 2.4000000000000004 0 0 0 0 0 0 0 0 0 0 1.6 0 0 0 0 0 0 0.2 0 0 0 0 0 0 0 0 0 0 0 1.6 0 0 0.2 0.4 0.2 0 0.4 0 0 0 0 0 0 0 0 0 0 0 0 0 0 0 0 0 0 0 0 0 0 0 2.2 0 0 0 0 
 0.4 0.4 1 0.4 0.6000000000000001 0.4 0.4 0.4 5 0.4 0.6000000000000001 0.4 0.4 1 0.4 0.4 0.6000000000000001 0.4 0.8 0.4 36 33 0 42.400000000000006 26.400000000000002 14.200000000000001 17.2 45 52.400000000000006 18.8 13.200000000000001 41.6 25 28.400000000000002 40.400000000000006 14.600000000000001 59 13.4 10.200000000000001 72.60000000000001 0 3.6 1.2000000000000002 0 0.4 0.8 0 1 0 0.2 0.4 0.4 0.4 0.8 0.2 0.2 4.6000000000000005 0.6000000000000001 12.4 0.2 0 0.6000000000000001 1.2000000000000002 0.4 0 0.4 0 0.6000000000000001 1.4000000000000001 0.6000000000000001 1 0.4 0 0 1.2000000000000002 1 1.6 0 0 10.200000000000001 0 0 0 0 0 3.6 0 0 0 0 0 0 0 0 0 0 0 0 0 0 2.8000000000000003 6.6000000000000005 7 0 0.8 3.2 0 0 0 9.200000000000001 1.8 8 0 0.2 0 0.2 4.2 3.6 2.2 0 7.2 0 0 0 2.6 0 1.2000000000000002 0 0.4 3.8000000000000003 0 0 5.6000000000000005 2.4000000000000004 0 0 0.4 0 0 0 0 0 0 0 0 0 0 0 1.8 0 0 0 0 0 0 0 0 0.4 0 0 0 0 0 0 0 1.8 0 0 0 0 0 0 0 1 0 0 0 0 0 0 2.8000000000000003 2.2 1 0.2 0 0 0 4.6000000000000005 0 2.6 0 8.4 2.8000000000000003 2.2 0.2 0 0 3.6 0 2 0 0 3.6 0 0 0 0 0.4 0 1.6 0 0 0.4 0 0 3 0 0 1.8 2 0 0 0 0 0 0 2.8000000000000003 0 0 0 2.6 0 0 0 0 0 0 0 0 0 0 0 0 0 0 0 0 0 0 0 0 0 0 0 0.6000000000000001 0 0.4 31 0 0 0 2.8000000000000003 0 8.8 0 0 0 0 0 0 0 0.4 0 0 0 0 0 0 0 0 0 4.2 0 0 0 2.8000000000000003 0 0 0 0 
 0 0 0 0 0 0 0 0 0.4 0 0.2 0 0.2 0 0 0 0 0.4 0.4 0 25.200000000000003 56.400000000000006 42.400000000000006 0 25.200000000000003 61.6 15.4 32 30.6 32.6 12.4 37 7.800000000000001 36.800000000000004 25.6 56 70.60000000000001 40.400000000000006 58.2 8 0 5.4 0.6000000000000001 0 0 0 12.600000000000001 0 0 0 0 0.4 0.2 0.4 13.600000000000001 0 0 0.6000000000000001 28 4.2 0 0.6000000000000001 0 0 0 0 2 0.6000000000000001 0.8 0 0.6000000000000001 0.4 0 0 0 0.6000000000000001 1.4000000000000001 0 0 0.6000000000000001 0 0 4.2 0 1.4000000000000001 0 0 0 0 0 0 0 0 0 0 0 0 0 0 0.2 0 0 0.2 0 0 8.8 0 2.6 9.600000000000001 10.600000000000001 0 7.6000000000000005 0 0 2.2 1.8 0 4 0 0 3.6 0 0 0 0 0 1.6 2.8000000000000003 0.4 0.6000000000000001 0 0.2 2.6 4 7 4 0.4 0 5.800000000000001 0 0 0 0 0 2.2 0 0 0 0 0 0 0 0 0 0 0 0 0.4 0 0 0 0 0 0 0 0 0 0 1.8 0 0 0 0 0.4 0 0 0 0 0.4 4.2 0 0 3.2 0 6 3.4000000000000004 0 4 0 2.2 0 10 0 0 0 1.8 0 0 0 3 2 3.8000000000000003 0.2 0 0 0 3.6 0.4 0 3 0 0 4.6000000000000005 0 0 2 0 0 2 1 2.6 0 0 0 0 0 0 0 0 0 0 0 0 0 0 0 8 0 0 0 0 0 0 0 0 0 0 0 0 0 0 0 0 0 2.8000000000000003 0.4 0.4 1.2000000000000002 8 0.8 3 0 0 0 0 0 0 0 0 0 0 0 0 0 0 0 0 0 0 0 0 1.8 0 0 0 2.6 0 0 0 0 
 0 0 0 0 0 0.4 0 0 0 0 1.2000000000000002 0 0 1.2000000000000002 0 1.2000000000000002 0 0 0 0 17.8 7.2 26.400000000000002 25.200000000000003 0 44 11.600000000000001 14.600000000000001 12.600000000000001 73.60000000000001 38 39 52.6 15.600000000000001 31.8 138.8 28.400000000000002 68.60000000000001 18.6 12.4 0 0.4 1.4000000000000001 0 0.8 0 0 0 0.8 0 0 0.4 1 0.6000000000000001 2.8000000000000003 0 0 1.2000000000000002 29.400000000000002 0 0 0.6000000000000001 0 0 0 0 0.4 0.6000000000000001 0 0 1.2000000000000002 0.4 0 0.4 0.6000000000000001 0.6000000000000001 2 0 10.200000000000001 0.6000000000000001 0 0 0 0 0 0 0 0 0.4 0 0 0 0 0.2 0 0 0 0 0 0 0 0.2 10 1.2000000000000002 7.800000000000001 4.6000000000000005 0 3.2 0 5 3.6 7 0 0 0 0.8 4.6000000000000005 1.6 0 0 4 1.4000000000000001 0 0 0 0 3.2 1.2000000000000002 0 0 0 1.8 6.6000000000000005 0 2.4000000000000004 5.6000000000000005 0 0 2.8000000000000003 10.600000000000001 0 0 0 0 0 0 0 0 1.2000000000000002 0 0 0 0 0 0 0 0 0 0 0 0 0 0 2.6 0 0 0 0 8.200000000000001 0 0.4 0 0 0 0 0 0 0 0.4 0 0 0.2 1.2000000000000002 0 1.4000000000000001 3.6 0 0 0 2.2 0 2.4000000000000004 0 0 0 0.2 2.8000000000000003 5.800000000000001 0 0 4 0 0 0 0 0 0 0 2 0.4 0 0 3.8000000000000003 0.2 6.4 0 2.8000000000000003 3.4000000000000004 4.6000000000000005 0 0 0 0 0 0 0 0 0 0 0 0 0 0 0 0 0 0 0 0 0 0 0 0 0 0 0 0 0 0 0 0 0 0 0 2.4000000000000004 0.4 0 17.400000000000002 0.2 0 0.4 4.2 0 0 0 0 0 0 0 0 0 0 0 0 0 0 0 0 0 0 0 0 0 0 0 0 0 0 0 0 
 0 0 0 0 0 0 0 0.2 0.2 0.2 0.8 0 0.2 0.8 0.4 0 0.2 31.400000000000002 0 0.4 62.2 9.8 14.200000000000001 61.6 44 0 49.400000000000006 73.2 26.200000000000003 55.800000000000004 22 25.8 3.4000000000000004 9.200000000000001 11 44.400000000000006 91.2 11 24.400000000000002 51 16.8 1 0.8 0 0 0 12.600000000000001 0.8 25.200000000000003 13 0 0.4 12.600000000000001 5 0.2 0 13.4 0.8 10.600000000000001 12.600000000000001 0 0.6000000000000001 0.6000000000000001 0 0 0.8 0 0.6000000000000001 1 0 0.4 0.4 0 1 0.6000000000000001 0.6000000000000001 3.2 0 0 0.6000000000000001 0 0 0 0 0 0 0 0 0 0 0 0 0 0 0 0 0 0 0 0 3 2.4000000000000004 5.4 2.4000000000000004 7.2 2.2 0 0 0 3.4000000000000004 2.2 7 0 0 0 0 0.2 1.2000000000000002 0 0 1.6 4 0 0 0 0.8 3.2 2 2 2.6 2.4000000000000004 1.8 3.6 1.6 4.2 2.8000000000000003 4.4 4.6000000000000005 3.4000000000000004 9.200000000000001 0 0.2 0 0 0 0.2 0.4 0 0 0 0 0 0 0 0 1.2000000000000002 0 0 0 0 0 0 0 0 0 0 0 0.2 0 0.4 0 0 0 0 0 0 0 0 0 0 9 0 0 0 0 0 0.2 0 0 0 1.8 0 0 0 0 0 0.2 1.6 0 0 2.4000000000000004 0.4 2.2 0 0 0 2.2 3.8000000000000003 0 3.4000000000000004 0.6000000000000001 2 5 3.6 0 3 6.2 1.2000000000000002 4.800000000000001 2.6 0.2 0 0 1.6 0 0 0 0 0 0 0 0 0 0 0 0.4 0 0 0.4 0 0 0 0 0 0 0 0 0 0 0 0 0 0 0 1.8 0 0 15 0 0.4 0.2 0 0 0 0 0 0 0 0 0 0 0 0 0 0 0 0 0 0 0 0 0 0 0 0 0 2 0 0 0 
 0.6000000000000001 0 0 0.2 11.200000000000001 0 0 0 0 0 0 0.8 0 0 0.2 0 0 0.2 0 0 49.2 15.200000000000001 17.2 15.4 11.600000000000001 49.400000000000006 0 35 44.2 61 21 66.8 41 10.4 29 66.60000000000001 5.6000000000000005 15.600000000000001 32.2 24.6 0 0 0.6000000000000001 0 0 0 0 0.2 0 0 0 0.4 0.2 1.4000000000000001 0.2 0 0.4 0.6000000000000001 2.2 0 0 0.6000000000000001 0.6000000000000001 0 10 0 0 0.6000000000000001 0.6000000000000001 0 0.6000000000000001 0.4 0 2 0.6000000000000001 0.4 0.8 0.4 0 0.6000000000000001 0 0 0 0 0.2 2.8000000000000003 0 0 0 0 0 0 0 0 0 0 0 0 0 0 6.800000000000001 4.4 1.6 6.2 1.4000000000000001 0 2.2 0.6000000000000001 3 0 1.8 1.6 2.2 1.4000000000000001 7.4 2.4000000000000004 5.2 0.2 0.2 3.2 0 0 0 0 0 0 0 0 0 0 0 0 2 0 0 0 0 0 0 0 0 0 0 0 0 0 0 0 0 0 0 0 0 0 0 0 0 0 0 0 0.2 0 0 0 0 0 0 0 0 0 0 0 0 0 0 0 0 0 0 0 5.2 3 1.6 3 2 0 0.2 0.2 2.6 1.6 5 0 2.4000000000000004 1.6 0 7.2 9 0 0 2 0 0 0 0 0 0 0 0 0 0 1.2000000000000002 0 0 0 0 0 0.2 0 0 0 0 0 0 0 0 0 0 0 0 0 0 0 0 0 0 0 0 0 0 0 0 0 2.2 0 0 0.4 0 0 0 0.2 0 0 0 0.2 1.6 0.4 0.4 15.600000000000001 15.4 0.2 16 0.2 0 0 0 0 0.2 0 0 0 0 0 0 0 0 0 0 0 0 0 0 0 0 0 0 0 1.8 0 0 0 
 0.2 0 0 0 13 18.400000000000002 0 14.4 0 0 0 0 0 0.4 0 0 0 0.4 0.2 0 13.200000000000001 81.4 45 32 14.600000000000001 73.2 35 0 32.4 67.60000000000001 52.6 36.2 50.2 37 57.800000000000004 18.2 73.2 63 54.2 113.4 0 0 0.6000000000000001 0 0 0 0 0 0 0 0 0.4 0 1.2000000000000002 0.4 0 1.4000000000000001 0.6000000000000001 12.8 0 0 0.6000000000000001 0 0 0 1.2000000000000002 0 0.6000000000000001 0 0 0.4 0.4 0 0 0 0.6000000000000001 0 1.2000000000000002 0 0.6000000000000001 0 0 0 0 0 2.6 0 0.2 0 0 0 0 0 0 0 0 0 0 0 0 9.200000000000001 8.200000000000001 6.2 3.8000000000000003 1.8 0 0 3 0.6000000000000001 1.2000000000000002 5 0.4 2 3 8.4 2.2 3.8000000000000003 8 0.2 0 0 0 0 0 0 0 2.4000000000000004 0 0 0 0 1.6 3.4000000000000004 2 0 0 0 0 0 0 0 0 0.8 0 0 0 0 0 0 0 0 0 0 0 0 0 0 0 0 0 0 0 0 0 0.2 0 0 0 0 0 0 0 0 0 0 0 0 0.2 0.4 0 6.2 0 2.2 5.4 0.2 0.4 0 2.6 1.6 14.8 0.2 1.6 4.6000000000000005 5.4 3.6 3.2 10.8 8.4 0 5.4 0 0 0 0 0 0 0 0 0 0 0 0 0 0 0 0 0 0 0.2 1.6 0 0.4 0 0 0.4 0 0 0 0 0 0 0 0 0 0 0 0 0 0 0 0 0 2 0 0 0 0 0 0 0 0 0 0 0 3.8000000000000003 1.8 0 15.4 0.2 0 0 0 0 0 0 0 0 0 0 0 0 0 0 0 0 0 0 0 0 0 0 3.4000000000000004 0 0 0 2.8000000000000003 0.2 0 0 0 
 0 0 0 0 0.2 4.800000000000001 0 0.4 0.4 0.2 0.4 0 0 0 0 0 0 0.2 0.6000000000000001 0 27.400000000000002 26.400000000000002 52.400000000000006 30.6 12.600000000000001 26.200000000000003 44.2 32.4 0 48.800000000000004 41 18.6 12.4 28.8 33.4 42.800000000000004 51.6 13.600000000000001 54.6 47.6 0.4 12.4 0.6000000000000001 0 0 0 0 0 0 0 0 0.4 0.4 4.800000000000001 0 0 1.6 0.6000000000000001 26.400000000000002 0 0 1.2000000000000002 0 0 0 0 0 0.6000000000000001 0 0 0.6000000000000001 1.2000000000000002 0 1 0 0.4 1.2000000000000002 0 0 0.6000000000000001 0 0 0 0 1.2000000000000002 0.6000000000000001 0 0 0 0 0 0 0 0.4 0 0 0 0 3.4000000000000004 0.4 5.2 9.200000000000001 3.2 0.2 0 0 2 0 0.2 6.800000000000001 0.2 5.6000000000000005 0 0.2 0 0 5.800000000000001 0.2 3.4000000000000004 0 7 0 0 0 0 0 2.4000000000000004 0 0 0 0 0 3.8000000000000003 0 0 0 0 0 3.8000000000000003 0 0 0 0 0 0 0 0 0 0.4 0.2 0 0 0 0.4 0 0 0 0.2 0 0 0 0 0 0 0 0 0 0 0 0 0 0 0 1.2000000000000002 0 0 0 0 0.2 0 2.2 6.800000000000001 0.2 4.6000000000000005 2.2 3.8000000000000003 0 4.6000000000000005 3.6 0 2.4000000000000004 1 0 4.4 0 2.2 2.2 0.2 0 1.8 0 0 0 0 0 0 0 0 0 0 2.6 0 0 2.4000000000000004 0 0 0 0 1.8 0.2 0 0 0 0 0 0 0 0 0 0 0 0 0 0 0 0 0 0 0 0 0 0 0 0 0 0 0 0 0 0 0 0 0 0 0.6000000000000001 0 0 23.400000000000002 0 0 0 0 0 0 0 0 2.8000000000000003 0 0 0 0 0 0 0 0 0 0 0 0 0 0 3.8000000000000003 0 0 0 0 0.4 0 0 0 
 0.2 0 0.2 0 0.6000000000000001 0 0 0 0 0 0 0 0 0 5.800000000000001 0.4 0 0 0.2 0 40 17.2 18.8 32.6 73.60000000000001 55.800000000000004 61 67.60000000000001 48.800000000000004 0 47 28.8 65.2 16 19.400000000000002 27.200000000000003 57.800000000000004 14.600000000000001 89.4 131.6 0 10.8 0.6000000000000001 0 0 0 0.2 0 0 0 0 0.6000000000000001 0.2 0.6000000000000001 0 0 0 0.6000000000000001 10.600000000000001 0 0 0.6000000000000001 0 0 0 0 0 0.6000000000000001 0 0 0.4 0.4 0 1 1.2000000000000002 0.6000000000000001 1.6 0 0 0.6000000000000001 0 0 0 0.2 0 3.6 0 0 0 0 0 0 2.6 0 0 0 0 0 0 0 3.2 4.800000000000001 4 3.6 4.2 0 0 0 0 2.2 0.6000000000000001 4 3 1.6 2.8000000000000003 0.2 2.2 0.4 3.8000000000000003 2.4000000000000004 0.6000000000000001 0 0 0 0 0 2.2 5 0 0 0 0 0 0.2 5.4 0 0 0 0.2 0 0 0 0 0 0 0 0 0 0.2 0 0 0 0 0 0 0 0 0 0 0.2 0 0 0 0 0 0 0 0.2 0.4 0 0 0 0 1.2000000000000002 0 2 0 0 0 0 5.800000000000001 7.800000000000001 2.2 4.4 0.2 0 0.2 0 0 0.2 3.2 4.2 3.6 2.8000000000000003 0 3.2 2 2 0.4 0 0 3.2 0 0 0 0 2.6 0 0.2 0 0.2 0 2.2 0 0 0 0 0 4.2 3.4000000000000004 0 0 0 0 0 0 0 0 0 0 0 0.2 0 0 0 0 0 0 0 0.4 0 0 0 0 0 0 0.2 0 0 0 0 0 0 0.2 2.2 1.2000000000000002 0.6000000000000001 15.200000000000001 0 0 0.6000000000000001 0 0 0 0 0 0 0 0 0 0 0.6000000000000001 0 0 0 0 0 0 0 0 0 0 0 0 0 0 7.2 0 0 0 
 0 0 0 0 0 0 0.2 0.2 0 0.2 1.4000000000000001 0 0.2 0 0 0 0 0.4 1.2000000000000002 0.4 10.600000000000001 9.200000000000001 13.200000000000001 12.4 38 22 21 52.6 41 47 0 34 5.2 25.200000000000003 28 27.200000000000003 72.60000000000001 12.4 22.400000000000002 76.80000000000001 0 23 0.6000000000000001 0 0 0 0 13.8 0 0 0 0.4 0.2 5 17.2 0 0.4 0.8 0.2 12.600000000000001 0 0.6000000000000001 0 0 0 0 0 0.6000000000000001 0 7.6000000000000005 1 0.4 0 1.4000000000000001 0 0.4 0.4 0 0 0.6000000000000001 0 0 0 0 0.2 2.6 0 0 0 0 0 0 0.2 0 0 0 0 0 0 0 0 9.8 6.4 2.4000000000000004 1.8 6.800000000000001 0.4 2.8000000000000003 2.8000000000000003 5.2 2.4000000000000004 13.200000000000001 0 7.800000000000001 0.2 1.8 0.4 1.2000000000000002 4 0 1.6 0.2 0 0 0 0 1.2000000000000002 0.2 0 0 0 0 0.2 1.8 0 3.6 0 0.2 0 0 0 0 2.4000000000000004 0 0 0.4 0 0 0 0 0 1.4000000000000001 0 0 0 0 0 0 0 0 4.6000000000000005 0.4 0 0 0 0 0 0.4 0 0.4 0 0 0 1.4000000000000001 0 0 0 0 0.4 0 0.2 6 0.2 0.6000000000000001 1.8 11.200000000000001 0 3.8000000000000003 2.4000000000000004 0 4 2 0 3.8000000000000003 0 2.8000000000000003 0 4 0 0 0.2 10 0 0 0 0 11.8 2 0 0 0 0 0.6000000000000001 0 4.800000000000001 2.4000000000000004 0 0 4.4 2.8000000000000003 0.2 0 0 0 0 0 0 0 0 0 0 0 0 0 0 0.4 0 0.4 0 0 0 0 0 0 0 0 0 0 0 0 0 0 0 0 3.8000000000000003 0.4 0 0.8 0.2 0 0.4 0 0 0 0 0 0 0 0 3.2 0 0 9.600000000000001 0 0 0 0 0.2 0 0 0 1.8 0 0 0 0 0.2 0 0 0 
