 0 21.8 61 50.6 26.8 17.400000000000002 47 12.600000000000001 30.400000000000002 48.800000000000004 9.600000000000001 8.4 30.8 28.8 30.200000000000003 7.800000000000001 16 25.400000000000002 42.400000000000006 9.600000000000001 0 0 0.8 0 0.8 0 0 0 0.6000000000000001 0 0 0.6000000000000001 0 0 0.8 1.2000000000000002 0 0.8 15.4 0.4 0.2 0.2 0.8 0 0 0 0 0 0.4 0.4 0 0 0 0.4 0 0 0 0 0 0 0 0 0 0 0 0 0 0.4 0.6000000000000001 0 0.2 0 0 0 0.2 0 0 0 0 0.2 14 4 1 1 0 0.2 7.2 6.4 6 0 2.6 7 0 2.2 2.2 3.6 14.8 12 0 0 0 0 0 0 0 0 0 0 0 0 0 0 0 0 0 0 0 0 0 0 0 0 0 0 0 0 0 0 0 0 0 0 0 0 0 0 0 0 0 0 0 0 0 3.8000000000000003 0 0.4 0 3.2 0 0 0 0 4.2 0 0 0 0 0 0 2.6 1.2000000000000002 3.4000000000000004 13.200000000000001 0 0 2.2 3.2 4 6.2 4.4 9.4 0 1.6 13.600000000000001 2.8000000000000003 2.4000000000000004 2.6 0 4.4 3.2 0 0 1.6 0 0 0 0 0 0 0 0 0 4.4 2 0 0 0 0.4 3.2 0 0 0 0 0 0 0 0 0 0 0 0.2 0 0 0 0 0 0 0 0 0 0 0 0 0 13.600000000000001 0 0 0 0.4 0 0 0 0 0 0 0 0 0 0 0 0 4 0 0 0.2 0.2 0 0 0 2.2 6.2 2 2 0 0 0 0 6.2 0 0 0 0 0 0 0 0 0 0 0 0 0 0 0 0 0 0 0.2 0 0 0 0 0 0 0 0 0 0 0 0 0 
 21.8 0 35.2 33.800000000000004 25.6 17 9 29.200000000000003 56.6 42.6 7.800000000000001 15 7.800000000000001 28.6 6 42.2 5.800000000000001 42.800000000000004 17.8 12 0 0 0.6000000000000001 0 0.2 0.4 0.8 0 0.2 0 0 0.6000000000000001 15.4 0 0.2 0 0 0.4 14.8 0.4 0 0 0.4 0 0 0 0 0 1.2000000000000002 0 0.6000000000000001 0 0 0 0 0 0 0 0 0 0 0 0 0 0 1.2000000000000002 0 0.4 10.600000000000001 0.4 0.2 0 0 0 0.2 0 0 6.6000000000000005 0 0 0 4 3.6 2.6 4.6000000000000005 0.2 0.2 0 2 2.4000000000000004 0.2 6.6000000000000005 1.6 0 1.4000000000000001 3.4000000000000004 2.6 5.6000000000000005 0 0 4.2 0 0 0 0 0 0 0 0 0 0 0 0 0 0 0 0 0 7.2 3.6 0 0 0 0 0 2 0 0 0 0 0 0 0 0 0 0 0 0 0 0 0 0 0 0 0 0 0 0 0 0 0 0 0 0 0.4 0 0 0 0 0 1 3 8 0 3.2 2 3 2 5.6000000000000005 4 3.8000000000000003 0 0 2.8000000000000003 0 7.2 3.4000000000000004 1.8 0 2 0 0 0 0 0 0 0 0 0 0 0 0 2 2.2 0 0 0 0 3.2 0 0 0 0 0 0 0 0 0 0 0 0 0 3.6 0 0 0 0 0 0 0 0 0 0 0 0 0.6000000000000001 1.4000000000000001 0 0 0 0 0 0 0 0 0 0 0 0 0 0 2.8000000000000003 0 0 0 0 0.2 0 0.2 4 0 1.6 2 0 0.4 0 0 0 0 0 0 0 0 0 0 0 0 0 0 0 0 0 0 0 0 0 0 3.2 0 0 0 0 0 0 0 0 0 0 0 0 
 61 35.2 0 46.2 12.600000000000001 54.800000000000004 54.400000000000006 57.800000000000004 54 32.2 10.600000000000001 26.8 10.600000000000001 12 24.6 52.400000000000006 102 30.8 53.6 11.200000000000001 0 0.4 1.4000000000000001 0.4 0 0 0 0 14.8 0.4 0 1.8 0.2 0 0 0.4 0 0.4 21.8 0 0.8 0 0.6000000000000001 0.2 0.4 1.2000000000000002 7.800000000000001 0 0.4 3.4000000000000004 0 1.4000000000000001 0 0.6000000000000001 0 0 0 0 0 0.8 0 6.6000000000000005 0 0.8 0 0 0 0.6000000000000001 1.4000000000000001 0 6.800000000000001 0.4 0 0 0 0.8 0 1 0 0 0 0 2.6 2.2 4.2 1.6 0 0 2.6 3 2.4000000000000004 7.800000000000001 0 0 0 0.2 4.6000000000000005 7.6000000000000005 0 0 3.8000000000000003 0 3.2 0 0 0 0 0.4 0 0 0 0 0.2 0.4 2.2 0.4 0 0 2 3.4000000000000004 0 0.4 0 0 0 0 0 0 0 0 0 0 0.2 0 0 0 0 0 3.6 0 0 0 0.2 0 0 0 0 0 0 0 0 0 0 0 0 0 0 0 0 0 0 2.8000000000000003 0 1 0 0 0 2 6.6000000000000005 3.6 4 0 0 0 1.4000000000000001 1.6 2.4000000000000004 2.4000000000000004 0 0 3.8000000000000003 0 0 0 0 0 0 0.2 0 0 0 0 5.2 7.800000000000001 0 0 0 0 0 0.2 0 0 0 0 0 0 0 0 0 0.2 0 0 0 0 0.4 0 0 0 0 0 0 0 0 0 0 0.2 0 0 0 0 0.2 0 0 0 0 0 0 0.4 0 0.2 0 2.8000000000000003 0 0 0 0 0.2 0.2 0 9.600000000000001 2.4000000000000004 3 2 0 0 0.2 0 0 0 0 0 0 0 0 0 0 0 0 0 0.2 0 0 0 0 0 0 5.2 8 0 0 0 0 0 0 0 0 0 0 0 0 
 50.6 33.800000000000004 46.2 0 17.8 40.2 6.2 83.60000000000001 33.6 15.4 34.800000000000004 96.4 14.4 17.400000000000002 31.8 39.6 28 9.8 19 19.6 0.2 0 0.6000000000000001 0 0 0 0 0 0 0 0 1 0 0 0 0 0 0.6000000000000001 14.8 5.800000000000001 0.8 0.2 0.6000000000000001 0 0 0 0 0 12.8 0 0 0 0.2 0 0.2 0 1.2000000000000002 0 0 0 0 0 0 0 0.4 0.8 0 0.6000000000000001 0.6000000000000001 0.8 0 0 0 1.2000000000000002 0 0 0 0.8 0 0.8 0 6.2 3.2 3.8000000000000003 5.800000000000001 0.2 7.6000000000000005 4 0.6000000000000001 6 1.4000000000000001 5.800000000000001 0 0 0 9 6.4 7.6000000000000005 0 0 3.6 0 0 0 0 0 2.4000000000000004 0 0 0 0 0 0 6.2 0 0 0 0 3 1.8 0 0 0 0 0 0 0 0 0 0.4 0 0 0 0 0 0 0 0 0 0 0 0.2 0 0 0 0 0 0 0 0.2 0 0 0 0 0 8.6 0 0 0 0.4 0 2.8000000000000003 0.2 0 3.2 0 0 0.2 0.2 0 2 0.6000000000000001 1.2000000000000002 0 1.8 2 5.800000000000001 4 0 0 0 0 0 0 0 0 4.4 0.2 4.4 0 0 0 3.6 0 0 0.2 0 0 0 2.8000000000000003 0 0 0 0 0 0 0 0 5.800000000000001 0 0 0 0 0 0 0 0 0 0 0 0 0 0 3.4000000000000004 0 0 0.4 0 0 0 0 0 0.4 0 0 0 0 0 0 0 0 0 3 0 0 0.4 0.6000000000000001 0 0.6000000000000001 0.6000000000000001 3.6 1 0.2 0 0 0 0 0 0 0.4 0 0 1.8 0 0 0 0 0 0 0 0 0 0 0 0 0 3 0.2 0 0 0 0 0 0 0 0 0 0 0 0 
 26.8 25.6 12.600000000000001 17.8 0 32.2 6.4 12.8 14.4 70 24.6 31.400000000000002 44.2 33 70.2 63.2 28 9.600000000000001 10.8 39 3 15.200000000000001 20.8 0 0.4 0 35.2 29.6 0 32 0 1.4000000000000001 34.2 0 34.6 0 0 0.4 14.8 15.4 0 0 0.4 0 0.6000000000000001 0 0.4 0 0.6000000000000001 0 0 0.2 0 0 0 0 0 0.4 0 0 0 0 0.4 0.2 0.2 0 0 0.8 0.6000000000000001 0 0 0 0 0.4 0.2 0 0 0.6000000000000001 0 0.6000000000000001 2.4000000000000004 3 6.2 3.8000000000000003 2 1.6 2.6 0.2 6.800000000000001 0.2 2.2 0.2 1.6 1.8 0 0 0 2.8000000000000003 0 4.2 3.4000000000000004 0.2 1.8 5.800000000000001 0 0 4.6000000000000005 5.4 0 2.6 1.2000000000000002 0 0 0 2 3 2.8000000000000003 0.2 3.6 2.2 0 0 0 0 0 0 0 0 0 5.4 0 0 0 0 0 0 0 0 0 0 0 0 0 0 0 0 0 0 0 0 0 0 0 0 0.4 0 0 0 0 0 3 0.4 0 0.4 1.2000000000000002 3 0 0 0 0 2 0 6.6000000000000005 2.2 0 0 0 0 0 0 5.6000000000000005 4.4 0 2 0 0 8.4 3.8000000000000003 5.6000000000000005 0 0.4 0 7.2 0 0 5.800000000000001 1.8 2 5.4 1.8 0 0 0 0 2.8000000000000003 0 0 2 0 0 0 0 0 0 0 0 0 0 0 0 0 0 0 0 0 0 0 0 0 0 0 0 0 0 0 0 0 0 0 0 0 0 0 0 0 2 17.2 0 0.2 0.4 0.4 3.6 0 0 0 0 0 0 0 0 0 0 0 0 0 0 0 0 0 0 0 0 0 0 0 0 0 0 0 0 0 0 0 0 0 0 0 0 0 0 
 17.400000000000002 17 54.800000000000004 40.2 32.2 0 10.4 6.2 62 70.2 36.800000000000004 13 10.600000000000001 9.600000000000001 13.200000000000001 92.4 16.8 92.2 11.600000000000001 18.400000000000002 0 13 1.2000000000000002 0 0 0.2 6.2 12.600000000000001 0 0 0 0.8 19.400000000000002 0 12.4 0.2 0.4 1 16.2 28.8 0 0 0.4 0 0 0 0.4 0 0.2 0.4 0.2 0.2 12.200000000000001 0.6000000000000001 0 0.4 0 0.4 0 0 0 0 0 0 0 0 0 2.8000000000000003 1.4000000000000001 0.4 0 0 0 1.8 0 0.4 0 0.4 0.4 0 0 3.6 3.2 1.8 6.2 7.2 0 0 0 0 0 14.4 0 0 0.4 0 3.2 9.4 0 0 0 0 0.4 2 0 0 2.8000000000000003 0 0.2 0 0 0 2.8000000000000003 0 0 4.2 0 0 2.6 2.2 0 0 0 0 4.4 0 0 0 0 0 0 0 0 0 0 0.4 0 0 0 0.4 0 0 0 0 0 0 0 0 0 0 0 0 0 0.2 0 0 0 0 0 0 0.4 3.2 0 2.2 1 0.2 0 1.2000000000000002 5.800000000000001 3 7.2 2 0 2.6 6.4 0 4.4 0 0 0 2 12.8 0 2.6 0 0 0.2 3.2 0 0 0 0 4.2 14 0 0 3 0 4.2 0 0 0 0.4 0 0 0 0 0 0 0 0 0 0 0 0 0 0 0 0 0 0 0 3.8000000000000003 0 0 0 0 0 0 0 0 0 7.2 0 0 0 0 0 0 0 0 3.2 0 0 0 0 0.2 0 0 0.6000000000000001 3.6 1.6 1.2000000000000002 0 0 0 0 0 0 0 0 0 0 0 0 0 0 0 0 0 0 0 0 0 0 0 6.2 0 0 0 0 0 0 0 0 0 0 0 0 0 
 47 9 54.400000000000006 6.2 6.4 10.4 0 52.6 11.4 40.400000000000006 6.4 27.8 56.800000000000004 29.6 21.400000000000002 10.600000000000001 53.2 10.4 59.6 29.8 0 0 0.6000000000000001 0 0 0 0 0 0 0 0 1 0 0 0 0 0 0.4 0 40.6 0 0 0.4 0 0 0 0 0 0 0 0 0 0 0 0 0 0 0 0 0 0 0 0 0 0 0 0 0.6000000000000001 0.6000000000000001 0 0 0 0 0 0 0 0 0 0 0 8.6 0 0 0 0 1.8 4.2 2.6 0.2 0 0 0 0 4.800000000000001 5.800000000000001 4.2 0.8 2.4000000000000004 3 5.800000000000001 0 0 0 0 0 0 0 0 0 0 0.4 0 0 0 0 0 0 0 0 1.2000000000000002 0 0 0 0 0 0 0 0 0 0 0 0 0 0 0 0 0 0 0 0 0 0 0 0 0 0 0 5.2 0 0 0 0 0 0 0 0 3.4000000000000004 0 0 0 0 0.2 1.2000000000000002 1.2000000000000002 0 0.4 6 7.2 0 1.8 1 4.2 6.6000000000000005 6.800000000000001 6 6 2.2 6.2 5.4 0 0 0 0 0.4 0 0 0 0 0 0 0 0 0 0 0 0 0 0 0.2 0 0 0 0 0 0 0 0 0 0 0 0 0.4 0 0 0 0 0 0 0 0 0 1.8 0 0 0 0 0 0 0 0 0 0 0 0 0 0 0 0 0 0 0 0 0 0 0 0 0.2 0 0.4 0 0 2.6 0 0 0 0 0 0 0 0 0 0 0 0 0 0 1.4000000000000001 0 0 0 0 0 0 0 0 0 0 0 0 0 0 0 0 0 0 0 0 0 0 0 
 12.600000000000001 29.200000000000003 57.800000000000004 83.60000000000001 12.8 6.2 52.6 0 15.4 31.6 28.8 21.8 34.800000000000004 55.400000000000006 70 10.8 8.6 10.4 59.2 31.200000000000003 0 0 0.6000000000000001 0 0.6000000000000001 0 0 0 0 0 14.600000000000001 0.4 0 0 0 0.6000000000000001 0 0.4 0 0 0 0 0.4 0 0 0.4 0 0 0 0 0 0 0 0 0 0 0 0 0 0 0 0 0 0 0 0 0 0.4 12.200000000000001 0 0 0 0.2 0 0.2 0 0 7.4 0 0 0.2 4.2 7.2 0.4 0 0 0 0.4 0 0 0 2 2.4000000000000004 5.4 0 4.4 0 0 0 5.4 0 0 0.2 0 0 0 0 0 0 0 0 1.6 0.2 0 0 0 0 0 0 8 0 0 0 0 0 0 0 0 0 0 3 0 0 0 0 0 0 0 0 0 0.2 0 0 0 0.4 0 0 0 0 0 0 0 0 0 0 0 0 0 0 0 0.6000000000000001 0 0 0 0 0 0.2 1.8 3.8000000000000003 0 0 3 1.8 3.8000000000000003 2 2.8000000000000003 0.8 2.8000000000000003 4.800000000000001 0 0 0 0 0 0 0 0 0 0 0.2 0 0 0 0.2 0 0 0 0 0 0.4 0 0 0 0 0 0 0 0 0 0 0 0 0 0 0 0 0 0.2 0 0 0 0 0 0 0 0 0 0 0 0 0 0.4 0 0 0 0 0 0 0 0 0 0 0 0 0 0.4 0.4 0.2 0 0 0 3.6 0 0 0 0 0 0.2 0 0 0 0 2.4000000000000004 0 0 0 0 0 0 0 0 0 0 0 0 0 0 0 0 0 0 0 0 0 0 0 0 0 0 0 
 30.400000000000002 56.6 54 33.6 14.4 62 11.4 15.4 0 22.6 19.8 26.8 13.600000000000001 13.4 14.8 59.400000000000006 30.6 108.80000000000001 20.6 56.2 0 0 0.6000000000000001 0 0 0 0 0.2 0 0 0 1.2000000000000002 16.6 0 0 0 0 0.4 0.2 1 0 0 0.4 0 0 0 0 0 17 1 0.8 0.2 0 0 0 0 0 0 0 0 0 0 0 17.2 0 0 0 0.4 0.6000000000000001 0 0.4 0 0 0 0.2 0 0 0 0 0 0 2.4000000000000004 4.2 3.8000000000000003 5.6000000000000005 5 0 0 7.2 3.4000000000000004 4.800000000000001 6.2 0 4.2 0 0.2 2.8000000000000003 6.2 0 0 4.6000000000000005 2 0 0 0 0 0 0 0.2 0 0 0 5.800000000000001 0 4.2 0 0 0 3.4000000000000004 2.2 0 0 0 0 0 1.2000000000000002 0 0 0 0 0 0.4 0 0 0 0.4 0 0 0 0 0 0 0 0 0 0 0 0 0 0 0 0 0 0 0 2.6 0 0 0 3 2 5.2 0 2 1.8 2.2 0 0.6000000000000001 0 9.200000000000001 3.4000000000000004 2 0 3.8000000000000003 2 1.6 0.8 2.8000000000000003 0 0.2 2.6 0 0 0 0 0 0.2 1.6 0 0 0 0 1.2000000000000002 3.8000000000000003 0 0 0 0.2 3.6 0 0 0 0 0 0 0 0 0 0 0 0 0 0 0 0 0 0 0 0.2 0.2 0 3.2 0 0 0 0.2 0 0 0 0 0 0 0 0 0 0 0 0 0 0 0 0 0 0 0 0 0.4 0 0.2 35.800000000000004 0 1.6 0.6000000000000001 0 0 0 0 0 0 0 0 0 0 0 0 0 0 0 0 0 0 0 0 0 0 0 7.800000000000001 0 0 0 0 0 0 0 0 0 0 0 0 0 
 48.800000000000004 42.6 32.2 15.4 70 70.2 40.400000000000006 31.6 22.6 0 28.200000000000003 13 31 52 57 36.4 30.200000000000003 13.200000000000001 61.6 51.800000000000004 0 0 0.8 0 1.2000000000000002 0 15 0 0.2 4 0 0.8 0 0 0 0.4 0 0.4 0.2 0.4 0 0 1 0 0 0 0 0 0 0 0 0 0 0 0 0 0 0.8 0 0 0 0 0 0 0 0 0 0.6000000000000001 0.6000000000000001 0 0 0 0 0 0 0 0 8.8 0 0 3.4000000000000004 6 9.200000000000001 4 2 2 6.6000000000000005 3.6 10.8 3.8000000000000003 3.8000000000000003 5.2 0.4 2 0.4 0.4 0 8.4 0 5.2 0 0 0 0 0 0 0 0 0 0.4 0 0 0 0 0 0 0 0 0 4.2 0 0 0 0 0.2 0 0 0 0 0 0 0 0 0.2 0.4 0 0 0.2 0 1.6 0 0 0 0.2 0 0 0 0.8 0 0 0 0 0 0 0 0 0 0.4 0 0 10.200000000000001 3.2 6.6000000000000005 5.2 0 4 2.8000000000000003 5 1 3.4000000000000004 11 2.2 0 13.4 7 0 0 2 5.2 0.2 0 0 0 0 0 0 0 0.2 0 0 0 0 1.8 0.6000000000000001 0 0 0 0 3.6 0 2 0 0 0 0 0 0 0.2 0 0 0 0 0 0 0 0.4 0 0 0 0 0 0 0 0 0 0 0 0 0 0 0 0 0 0 0 0 0.2 0 0 0 0 0 0 0 0 0.4 0.4 0.2 0.8 17.6 0.4 5 0.8 0 0 0 0 0 0 0 1.2000000000000002 0 0 0 0 0 0 0 0 0 0 0 0 0 0 0 0 0 0 0 0 0 0 0 0 0 0 0 0 0 
 9.600000000000001 7.800000000000001 10.600000000000001 34.800000000000004 24.6 36.800000000000004 6.4 28.8 19.8 28.200000000000003 0 57.400000000000006 23.8 14.8 65 53.800000000000004 23.6 26.6 7.4 16.400000000000002 0.4 0 0.6000000000000001 0 0 0 0 0 0.2 0 0 1 24 0 0 0.2 0 0.6000000000000001 41.2 25.6 0 0 0.4 0 0 0 9.4 0 0.4 0 0 0 0 0 0 0 0 0 0 0 0.2 0.4 0 0 0 0 0 0.6000000000000001 0.4 0 6 0 0 0 0 0 0 0 0 0 0 3 3.6 2 0 5.6000000000000005 0 0 0.2 5.6000000000000005 2.8000000000000003 2.8000000000000003 0 0 0 3.6 3.6 1.8 0 0 0 0 1 0 0 0 5.2 0 3.8000000000000003 0 0 0 1.8 4.6000000000000005 0.2 14.600000000000001 0 0 1.6 23 0 0 0 0 0 0 0 0 0 0 0 0 0 0 0 0 0 0 0 0 0 0 0 0 0 0 0.2 0 0.4 0 0 0 0 0 0 0 0.4 0 0 0 2 0 0.2 2.4000000000000004 0 0 0 0.4 0 0 7.2 1.2000000000000002 0.6000000000000001 0 2.2 0 3.2 1 0 0 3 2.4000000000000004 0 0 0 0.4 3.6 2.2 3.8000000000000003 0 0 0 0.2 2 0 0.2 0 1.4000000000000001 0.2 5.2 0 0 0 1.2000000000000002 0 0 0 0 0 0 0 0 0.4 0 0 0 0 0 0 0 0 0 0 0 0 0 0 0 0 0 0 0 0 0 0 0 0 0 0 0 0 0 0 0 0 0 0 0 0 1 0 1 0 0 0 0 0 0 0 0 0 0 0.8 0 0 0 0 0 0 0 0 0 0 0.2 0 0 3.8000000000000003 2.4000000000000004 0 0 0 0 0 0 2.2 0 0 0 0 0 
 8.4 15 26.8 96.4 31.400000000000002 13 27.8 21.8 26.8 13 57.400000000000006 0 25.8 8.200000000000001 69 10.200000000000001 19.400000000000002 35 9.8 12.8 14.8 4.800000000000001 0.6000000000000001 0 0 7.4 0 0 0 0 0 0.8 19.200000000000003 16 0.8 0 0 0.4 4.6000000000000005 21.400000000000002 0 0 0.4 0 0 0 0 0 0 0 0 0 0 0 0 0 0 0 0 0 0 0 0 0 0 0 0 0.4 0.6000000000000001 0 0.2 0 0 0 0.2 0 0 0 0 0 0 8.200000000000001 3.4000000000000004 6.4 2.2 0 0 0 3.8000000000000003 4 11.4 6.800000000000001 0 2 0 2.2 1.8 3.8000000000000003 0 0 0.2 3.8000000000000003 0.2 0 0 0 0 0 3.4000000000000004 0 0 0 2.8000000000000003 5 8.200000000000001 0 3.6 0 4.6000000000000005 2.8000000000000003 0 0.2 0 0 0 0 3.8000000000000003 0 0 0 0 0 0 0 0 0 0 0 0 0 0 0.4 0 0 0 0 0 0 0 0.2 0 0 0 0 0 0 0 0 0 1.8 2.2 2.8000000000000003 0 0 4.2 0 0 0.2 2 0 3.2 1.8 0 1.4000000000000001 4.4 0 3.8000000000000003 6.4 0 0 5.2 3.8000000000000003 0 0 0 0 2.8000000000000003 0 0 0 0 0 2 2.2 3 0 0 4.2 0 16.2 4.6000000000000005 0 0 0 0 0 0 0 0 0 0 0 0 0 0 1 0 0 0 0 0 0 0 0 0 0 0.2 3.6 0 0 0 0 0 0 0 0 0 0 0 0 0 0 0 0 0 1.2000000000000002 17.6 0 2 17.2 0.4 0.8 0.2 0 0 0 0 0 0 0.4 0 0 2.2 0 0 0 0 0 0 0 0 0 0 0 0 4.800000000000001 0 0 0 0 0 0 0 0 0 5.2 0 0 0 0 
 30.8 7.800000000000001 10.600000000000001 14.4 44.2 10.600000000000001 56.800000000000004 34.800000000000004 13.600000000000001 31 23.8 25.8 0 50.800000000000004 17.6 13.4 24.8 11.4 58.6 48.400000000000006 0 0.4 0.6000000000000001 0 0 0 0 0 0 0 0 1 0 0 0 0.2 0 0.4 0 0 0 0 0.4 0 0 0 0 0 0 0 0 0 0 0 0 11.4 0 0.4 0 0 0 0.2 0 0 0 0 0 0.6000000000000001 0.4 0 0 0 0 0 0 0 0 0 0 0 4.2 2.8000000000000003 4.6000000000000005 0 2 0 7.6000000000000005 5.4 0.2 0.2 0.2 2.8000000000000003 3.6 13.4 7.6000000000000005 7 2.2 0 9.4 6 0 0 0 0 0 0 0 0 0 0.4 0 0 0 3 3.4000000000000004 0 0 0 0 1.6 0 0 0 0 0 0 0 0 0 0 0 0 0 0 0 0 0 0.2 0 0 0 0.4 0 1.8 0 0 0 0 0 0 0 0 0 0 0 0 0 0 2.4000000000000004 0 8.200000000000001 1.6 2.6 0.2 0 0 8.8 3.8000000000000003 0 3.6 0.8 2.6 2.2 3 0 7.4 2.4000000000000004 16 4.2 1.8 0 0 0 0 0 0 0 0 0 0 0 0 0 0 0 0 0 0 0 0 3.6 0 0 0 0 0 0 0 0 0 0 0 0 0 0 0 0 0 0 0 0 0 0 0 0 0 0 3 0 0 0 0 0 0 0 0 0 0 3 0 0 0 0 0 0 0 0 0.4 0.6000000000000001 0 0 2.6 0 0 0 0 0 0 0 0 0 0 2 0 0 0 0 0 0 0 0 0 0 0 0 0 0 0 0 0 0 0 0 0 0 0 0 0 0 3.6 
 28.8 28.6 12 17.400000000000002 33 9.600000000000001 29.6 55.400000000000006 13.4 52 14.8 8.200000000000001 50.800000000000004 0 17.6 6.800000000000001 5.4 6.2 41.6 113.80000000000001 0 0 9 0 0 0 0 0 0 0 8.8 0.6000000000000001 0 0 0 0.2 0 0.6000000000000001 14.8 0 0 0 0.8 0 0 0 0 0 0 0 0 0 0 0 0 0 0 0.6000000000000001 0 0 0 0 0 0 0 0 0 0.4 0.6000000000000001 0 0 0 0 0 0.2 0 0 0 0 0 20.400000000000002 3.6 0.6000000000000001 0.2 10.200000000000001 3.6 4.6000000000000005 13.200000000000001 11.600000000000001 4.2 5 1.2000000000000002 1.6 2.8000000000000003 2.8000000000000003 0 2 0.2 2.8000000000000003 6.6000000000000005 0 0 0.4 0 0 0 0 0 0 0 0 0 0.4 0 0 0 0 0 6 0 0 2.2 0 0 0 0 0 0 0 0 0 0 0 0 0 0 0 0 0 0 0.4 0 0 0 0.2 0 0 1 0 0 0 0 0 0 0 0 0 0 0.6000000000000001 0 9 4.2 8.6 3.6 4 5.6000000000000005 3.6 4 0 3.6 3.8000000000000003 3.6 0.2 21 3.6 0 0 7.2 6 0 0 0 0 0 0 0 0 0 0 0.4 0 0 0 0.4 0 0 0 0 5 0 0 0 0 0.4 0 1 0 0 0 0 0 0 0 0 0 0 0 0.4 0 0 0 0 0 0 0 0 0 0 0 0 0 0.2 0 0 0 0 0 0 0 0 0 0 0 0 0 0 0.4 0 18.2 18.6 0 1.8 0.2 0 0 0 0 0 0 0 0 0 0 0 0 0.8 0 0 0 0 3.4000000000000004 0 0 0 0 0 0 0 0 0 0 0 0 0 0 0 0 0 0 0 
 30.200000000000003 6 24.6 31.8 70.2 13.200000000000001 21.400000000000002 70 14.8 57 65 69 17.6 17.6 0 21.200000000000003 44.6 27 20 26 0 0 0.6000000000000001 0 0 0 0 0 0 0 0.6000000000000001 0.8 0 0 0 0 0.2 0.4 0 21.200000000000003 1.2000000000000002 0 0.4 0 0 0 0 0 0 0 0 0 0 0 0 0 0 0 0 0.2 0 0 1 0 0 0 0 0.6000000000000001 0.4 0 0 0 0 0 0 15.200000000000001 0 0 0 0 6.2 6.4 5.4 4.6000000000000005 2.6 0 6.6000000000000005 2.8000000000000003 12 10.4 5.800000000000001 3.4000000000000004 0.2 12 2 11.4 0 5.2 0 8.6 0 0 0 0.4 0 0 0 0 0 0 0 0 0 3.4000000000000004 0 0 0 0 0 0 0 0 0 0 0 0 0 0 0 0 0 0 0 0 0 0 0 0 0 0 0 0 0 0 0 0 0.4 0 0 0 0 0 0 0 0 0 0 0 0 15.4 13.4 3.4000000000000004 2.8000000000000003 0.2 0 4.800000000000001 0.8 0 0.6000000000000001 0 2.8000000000000003 0.4 3.8000000000000003 2.4000000000000004 0.4 2 2.2 0.8 0 0 0 0 0 0 0 0 0 0 0 0 0 0.4 0 0 2 0 0 0 0 0 0 0 0 0 0.4 0 0 0 0 0 0 0 0 0 0 0 0 0 0 0 0 0 0 0 0 0 0 0 0 0 0 0 0 2.6 0 0 0 0 0 0 0 0 0 0 0 0 2.8000000000000003 0.4 0.2 0 2.8000000000000003 0.4 0 0 0 0 0 0 0 0 0 0 0 0 0 0 0.2 0 0 0 0 0 0 0 0 2.8000000000000003 0 0 0 0 0 0 0 0 0 0 0 0 0 0 
 7.800000000000001 42.2 52.400000000000006 39.6 63.2 92.4 10.600000000000001 10.8 59.400000000000006 36.4 53.800000000000004 10.200000000000001 13.4 6.800000000000001 21.200000000000003 0 36.800000000000004 8 54.2 14.4 0 0 0.6000000000000001 0 0.8 0 0 0.2 0 0 0 1 0 0 0 0 8.200000000000001 0.4 15.200000000000001 0.4 0 0 0.4 0 0 0 0 0 0 0 12.8 0 0 0 0 0 12.600000000000001 0 0 0 0 0 0 0 0 0 0.2 0.8 0.6000000000000001 0 0 0 0 0 0.2 0 0 5.800000000000001 0.8 0.2 0 3 0.2 0 5.4 3 3.4000000000000004 5 0 2 1.8 0 0 0 0.2 6.4 0 1.8 0 0 0 0 0.2 0 0 0 0.2 0 0 0 0 0 6.2 6.4 0 0 0 0 4.4 2.2 0 0 0 0.2 0 0 0 0 0 0 0 3.2 0 0.2 0 0 0 0 0 0 0 0 0 0 0 0.4 0 0 0 0 0 0 0 0 0 0 0 3.6 0 0 0 0 0.2 1.8 2.6 0 0 0 2.8000000000000003 0 10.4 0 0 0.8 1.6 0 6.6000000000000005 0 0 0 0 0 0 0 0 1.6 0 0 0 0 0 0 2.4000000000000004 2.6 0 0 0 0.4 0 0 0 0 0 0 0 0 0 0 0 0 0 3.2 0 0 0 0 0 0 0 0 0 0 0 0 0 0 0 0 0 0 0 0 0 0 0 0 0 0 0 0 0 2.8000000000000003 0 0 0.2 1 0 0 0.2 0.2 0.2 3.2 0 0.2 0 0 0 0 0 0 0 0 0.2 0 0 0 0 0 0 0 0 0 0 0 0 0 0 5.6000000000000005 0 0 0 0 0 0 0 0 0 0 0 0 
 16 5.800000000000001 102 28 28 16.8 53.2 8.6 30.6 30.200000000000003 23.6 19.400000000000002 24.8 5.4 44.6 36.800000000000004 0 75.4 42.6 9.8 0.2 0.4 0.6000000000000001 0.4 0 0 0 0 0 0 0 0.6000000000000001 0.4 0 0 0.2 0 0.4 14.8 0.2 0 0 0.4 0 0 0 13.600000000000001 0 0.6000000000000001 12.600000000000001 0.4 0.4 0 0 0 0 0 0 0 0 0 0 0 0 0 0 0 0.6000000000000001 0.6000000000000001 0 0 0 0 8.6 0.4 0 0 0 0 0 4.6000000000000005 0.8 0.2 3.6 4.800000000000001 0 6.800000000000001 7.6000000000000005 8.6 17.2 4 4 0.4 2.8000000000000003 0 6.6000000000000005 1.4000000000000001 6.800000000000001 0 0.4 0 0 0 0 0 0 0 0 0 0 0 0 0 3 0 0 0 0 0 0 0 0 0 0 0.2 0 0 0 0 0 0 0 0 0 0 0 0 0.2 0 0 0 0 0 0 0 0 0 12 0 0 0 0 0 0 0 0 0 0.4 3 0 2.8000000000000003 0.6000000000000001 3.8000000000000003 0 4.800000000000001 7.800000000000001 3.2 0.2 3.4000000000000004 0 2.6 0.2 0 6.800000000000001 2.2 2.8000000000000003 4.6000000000000005 0 4 0 0.2 0 0 0 0 0 0 0 0 0 0 0 0.8 1.8 0 0 0 0 0 0 0 0 0 0 0 0 0 0 0 0 0.2 0 2.4000000000000004 0 0 0.4 0 0 0 0 0 0 0 2.8000000000000003 0 0 0 0 0.4 0 0 0 0 0 0 0 0.2 0 0 0 0 3.4000000000000004 0 0 0.2 0.4 0.2 0 0.4 0 4 1.2000000000000002 0.2 0 0 0 0 0 0 0 0 0 0 0 0 0 0 0 0 0 0 0 0 0 0 0.4 0 0 0 0 0 0 0 0 0 0 0 0 0 0 
 25.400000000000002 42.800000000000004 30.8 9.8 9.600000000000001 92.2 10.4 10.4 108.80000000000001 13.200000000000001 26.6 35 11.4 6.2 27 8 75.4 0 7.2 5.800000000000001 0.4 0 0.6000000000000001 0 5 0.4 0 0 0.2 0 0 6 14.8 0.4 0 0 0 0.8 0 15 0.6000000000000001 0 12.600000000000001 0.4 0 0 0 0 0 1.2000000000000002 4.800000000000001 0 0 0.4 0 0 0.6000000000000001 0 0 0 0 0 0.4 0 1.6 0 0 0.4 0.6000000000000001 0 0.2 0 0 0 0.2 0.4 0 7.4 0 0 0 3.2 5.800000000000001 10.8 5.2 4.6000000000000005 0 0 2.8000000000000003 6.4 6 0 0.4 3.8000000000000003 0 0 0 5.6000000000000005 0 0 0.4 6.800000000000001 0 0 0 0.6000000000000001 2 0 2.8000000000000003 0.4 0 0 3.8000000000000003 2.8000000000000003 2 0.4 0.2 0 5.4 2.6 0 0 0 0 0 0 0 0 0 0 0 0 0 0 0 0 0 0 1.4000000000000001 0 0 0.4 0 0 0 0 0 0 0 0 0 0 0 0 0 0 0 0.4 0 2.4000000000000004 2 8 0 1.8 2.4000000000000004 2.2 0 0.8 2 4.6000000000000005 3.2 4.6000000000000005 0 3.8000000000000003 1.8 3.6 2.4000000000000004 5.4 0 0 0 0 0 0.2 0 0 4 2.6 0 0 0 0 1 0 0 0 0 2.8000000000000003 3.6 0 0 0 0 0 0 0 0 0.2 0 0 0 0 0 0 0 0.4 0 0 0 0 0 0 0 0 0 0 0 0 0 0 0 0 0 0 0 0 0 0 0 0 0 0 0 0 0 0 34.800000000000004 0 0.8 18.400000000000002 0 1.4000000000000001 0.8 0 0 0 0 0 0 0 0 0 0 0 0 0 0 0 0 0 0 0 0 0 0 3 0 0 0 0 0 0 0 0 0 0 0 0 0 0 
 42.400000000000006 17.8 53.6 19 10.8 11.600000000000001 59.6 59.2 20.6 61.6 7.4 9.8 58.6 41.6 20 54.2 42.6 7.2 0 41 0 0 0.6000000000000001 0 0 0.8 0 0 0 0 0.4 1 0 0.2 0 0 0 1.2000000000000002 0 0 1.2000000000000002 0 6 0.8 0 0 0 0 0 0 12.4 0 0 0.8 0 0 1.2000000000000002 0 0 0 0 0 0.8 0 1.2000000000000002 0 0 0.6000000000000001 0.6000000000000001 0 6 0 0 0 0 1.6 0 0 0 0 8.6 0 0.4 0 0 0 12.200000000000001 1.8 0 0.2 0.2 0 0.4 7.4 12.8 13 1.8 2 6.2 6.800000000000001 0 0 0 0 0 0 0 0 0 0 0 0 0 3 0.4 0 0 0 0 0 0 0 0 0 0 0 0.4 0 0 0 0 0 0 0 0.2 0 0 0 0 0 0 0 0 0 0 0 0 0.8 0 0 0 0 0 0 0 0 0 0 0 0 3.6 0 2 3 0 0 3.4000000000000004 8 0 2.2 1.4000000000000001 3.2 2 8.200000000000001 2.8000000000000003 4 2 7.800000000000001 9.4 0 0 0 0 0 0 0 0 0 0 0 0 0 0 0 0.4 0 0 0 0 0 0.2 0 0 0 0 0 0.4 0 2.8000000000000003 0 0 0 0 0.2 0 0 0 0 0 0 0 0 0 0 0 0 0 0 0 0 0 0 0 0 0 0 0 0 0 0 0 0 0 0 0 0 0.4 0.4 0.4 0.4 0 4 0 0 0 0 0 0 0 0 0 0 0 0 0 0 0 0 0 0 0 0 0 0 0 0 0 0 0 0 0 0 0 0 0 0.4 0 0 0 0 
 9.600000000000001 12 11.200000000000001 19.6 39 18.400000000000002 29.8 31.200000000000003 56.2 51.800000000000004 16.400000000000002 12.8 48.400000000000006 113.80000000000001 26 14.4 9.8 5.800000000000001 41 0 0 0 41 0.4 0 0.4 0 0 0 0 0 0.6000000000000001 0.2 16 0 0 0 0.4 0 0.4 0 0.4 0.4 0 0 0 0.4 0 0.6000000000000001 0 0.2 2.2 0 0 0.8 0 0 0 0 0 0 0 0 0.2 0 0 0 0.4 0.6000000000000001 0 0 0 0 0.6000000000000001 0.2 0 0 0 0 0.6000000000000001 2.6 1.6 2.6 2.2 2.8000000000000003 0 5.4 3.6 3.6 1.8 3 6.6000000000000005 2.2 5.6000000000000005 8.8 2.8000000000000003 2 0 0 5.6000000000000005 0.2 0.2 0 0 0 0 0 0 0 0 0 0.2 0 0 0 0 0 0 0 2.8000000000000003 0.4 0 0 1.6 0 0 0.8 0 0 1.6 0 0 0 0 0 0 0.6000000000000001 0 0.4 0 0 0 0 0 0 0 0 0 0 0 0 0 0.4 0 0 0 0 4.2 0 0 4.800000000000001 4 1.2000000000000002 2 0 2.8000000000000003 1.2000000000000002 8.6 0 2.8000000000000003 4.2 2.2 0 5.4 0 0 0 4.800000000000001 2.8000000000000003 0 0 0 0.4 0 0 1.6 0.2 0 0 0 0 0 0 0 0 0 0.2 0 0 0 1.8 0.2 3 0 1.8 0 0 0 0 0 0 0 0 1.8 0 0 0.6000000000000001 2.6 0 0 0.2 0 0 0 0 0 0 0 0 0 0 0 0 0 0 0 0 0 0.2 0 0 0.2 0 0 0 0.6000000000000001 0.4 0 23.400000000000002 0 0.4 3.4000000000000004 0.2 0.2 0 0 0 0 0 0 0 0 0 0 0 0 0 0 0 0 0 0 0 0 0 0 0 0 0 0 0 0 0 0 0 0 0 0 0 0 
 0 0 0 0.2 3 0 0 0 0 0 0.4 14.8 0 0 0 0 0.2 0.4 0 0 0 36 27.400000000000002 11.8 22.400000000000002 5.4 61.800000000000004 62.800000000000004 24.6 37 36.800000000000004 6.4 43 45.6 47.400000000000006 52.800000000000004 36 30.400000000000002 22.200000000000003 11.600000000000001 0 0 0 0 0.6000000000000001 0 1.8 0 0.4 0 0 0 0 0 0 0 0.2 0.4 0 0 0 0 0.6000000000000001 0 11 0 0 0 0 0 0 0 0 3.2 0 0 0 0 0 0.6000000000000001 0 0 0 0 0 0 0 0 0 0 0 0 0 0 0 0 0 0 2.2 0 1.4000000000000001 6.4 4.4 14.4 2.6 1.8 2 6 5.2 4.4 0 0 0 0 1.4000000000000001 3.8000000000000003 8.6 2.6 0 0 0 0 0 0 0 0 0 0 0 0 0 0 1 2.6 0 0 0.2 0 0 0 1 0 0 0 0 0 0 0 0 0 0 0 0 0 0 0 0 0 0 0 0 0 0 0 2.4000000000000004 0 0.4 0 0.8 0 0 0 0 0 0 0 0 0 0.4 0 0 1.8 12 1.4000000000000001 2.6 0 3 4.6000000000000005 4.800000000000001 4 6 1.8 11.4 2.4000000000000004 13.600000000000001 2 5.2 3.6 0 4.4 0 0 0 0 0 0 0 2 0 0.4 0 0 3.6 0.4 0 0 0 0 2.4000000000000004 0 0 0 0 0 0 0 0 0 0 0 3.4000000000000004 0 0 0 0 0 0.2 0 0 0 0 0 0 0 0 0 0 0 0 0 0 0 0 0 1.6 0.4 0 15.600000000000001 0.8 0 3.8000000000000003 0 2.6 0 0 0 2.4000000000000004 0 0 0 0 0 0 0 0 0 0 0 0 0 0 0.2 0 0 0 0 6.4 0 0 0 
 0 0 0.4 0 15.200000000000001 13 0 0 0 0 0 4.800000000000001 0.4 0 0 0 0.4 0 0 0 36 0 36.800000000000004 16 7.6000000000000005 48.800000000000004 45 55.800000000000004 55.6 10.200000000000001 22.400000000000002 10.600000000000001 25.8 40.2 27.8 50.400000000000006 43.400000000000006 6.800000000000001 29.400000000000002 10 0 4.4 0.4 0 0.6000000000000001 0.2 1.2000000000000002 0 0.4 0.4 0 0.2 0 0.6000000000000001 0 0.4 0 0.8 0 12.8 0 0.2 0.6000000000000001 0.8 0.4 0.2 0 0 0.4 0.4 0.4 0.2 1.2000000000000002 1.2000000000000002 0.6000000000000001 1.2000000000000002 0 0.6000000000000001 0.2 0.6000000000000001 0 0 0 0 0 0.2 0 0 0 0 0 0 0 0 0 0 0.4 0 0 0 0.8 8.8 5.800000000000001 3.8000000000000003 4.800000000000001 4 4.4 3.2 4.2 0 0.2 17.8 0 9.8 4 3.4000000000000004 7.2 9.8 2 0 0 0 0 0 0 0 0 0 0 0 0 0 2.8000000000000003 1.6 0 0.4 0 0 0 0.4 0.2 0 0 0 0 0 0 0 0.4 0 0 0 0 0 0 0 0 0 0 0 0 0 0 0 5.2 4 3 0 0 0 0.4 0.2 0 0 0 0 0 0 0 0 6.2 5.800000000000001 6.800000000000001 0.6000000000000001 2.8000000000000003 0 16.400000000000002 6 7.6000000000000005 1.8 0 3.6 1.2000000000000002 6.800000000000001 8.6 7.6000000000000005 4.6000000000000005 4.800000000000001 5.4 5.4 0 0 0 0 0 0.8 0.4 0 0 0 0.2 0 2.8000000000000003 0 0 2 0 0 5 2 0 0 0 0 0 0 0 0 0.4 0 0 0 0 0 3 0 0 0 0 0 0 0 0.2 0 0 0 0 0 0 0 0 0 0 0 0 0.2 0 0 10.4 0.8 0 0 0 0 0 0 2.4000000000000004 0 0 0 0 0 0 0 0 0 0 0 0 0 0 0 0 0 0 0 0 0 0 0.4 
 0.8 0.6000000000000001 1.4000000000000001 0.6000000000000001 20.8 1.2000000000000002 0.6000000000000001 0.6000000000000001 0.6000000000000001 0.8 0.6000000000000001 0.6000000000000001 0.6000000000000001 9 0.6000000000000001 0.6000000000000001 0.6000000000000001 0.6000000000000001 0.6000000000000001 41 27.400000000000002 36.800000000000004 0 60.2 25.400000000000002 33.2 90.4 80.2 60 58 15.200000000000001 8.6 13.200000000000001 22.400000000000002 15.600000000000001 73 19.6 54.2 25 11.200000000000001 0 0 0 0 0.6000000000000001 5 0.6000000000000001 0.2 0.4 0 0.2 0 7.2 0 0.6000000000000001 0 0 0.6000000000000001 0 17 0 0 0.6000000000000001 0 0 0 0.2 0 0.2 0 0 0.2 0.4 0.6000000000000001 0 0 0 0 0 1.4000000000000001 0 0 0 0 0 0 0 0 0 0 0 0 0 0 0 0 0 0 0 0.2 7.800000000000001 9.4 1.6 2.8000000000000003 5.800000000000001 3.4000000000000004 0 4.800000000000001 0 6.800000000000001 4.4 10.600000000000001 0.2 9.8 5 2.8000000000000003 11.4 3 0.2 0 0 0 0.2 0 0.4 0 0 0 0 0 0 0 2.4000000000000004 4.800000000000001 0 0 0 0 6 0 0 0 0 0 0 0 0 0 0 1 0 0 0 0 0 0.4 0 0 0 0 0 0 0 0 0 0 2 0 0 0 0 0 0 0 0 0 0 0 0 0 0 1.8 4.6000000000000005 9 2.8000000000000003 0 0.2 0.2 1.6 5.4 11.600000000000001 8 0 0.6000000000000001 2.8000000000000003 2.6 0 2.2 13.200000000000001 2.8000000000000003 0 4 0 0 0 2 2.6 0 0 0 0 0 2.2 0 1.4000000000000001 0.2 0 0 4.800000000000001 0.2 0 0 0 0 0 0 0 0 0 0 0 0 0 0 0 0 0 0 0 0 0 0 0 0 0 0 0 0 0 0 0 0 0.4 0 1.2000000000000002 0.2 0 0.2 0 0 0.8 2.6 0.4 0 0 2.2 0 0 0 0 0 0 0 0 0 0 0 0 0 0 0 4.2 0 0 0 0 0 0 0 0 
 0 0 0.4 0 0 0 0 0 0 0 0 0 0 0 0 0 0.4 0 0 0.4 11.8 16 60.2 0 44 7 17.2 32.800000000000004 49 16 40 19.400000000000002 39.400000000000006 17.8 66 23.200000000000003 30 37 37.2 26.6 0 0 0 0 0.6000000000000001 0 13 0 0.4 0.4 0 0.2 0.2 6.6000000000000005 0 0.4 0 0.8 0 12.200000000000001 0 0 0.4 0 0 0 0 0 0 0.4 0 0 0.6000000000000001 0.6000000000000001 0 0.4 0 0.6000000000000001 0 0.4 0 0 0 3.8000000000000003 0 0 0 0 0 0 0 0 0 0 0 0 0 0 0 0 6.4 7.800000000000001 6.2 7.2 5.2 0 6.800000000000001 1.8 0 2.4000000000000004 1.8 0 0 3.6 1.2000000000000002 7 2.2 0 0 1.4000000000000001 0 0 0 0 6.6000000000000005 0 0 0 0 0 0 0 4 0 0 0 0 0 0 8.6 0 0 0 0 0 0 0 0 0 0 0 2.6 0 0 0 0 0 0 0 0 0 0 0 0 0 0 0 0 1.2000000000000002 2 0 0 0 0 0 0 0 0 0 0 0.2 0 2.8000000000000003 9.4 3.6 1.4000000000000001 4.4 2.2 0.4 0 6.6000000000000005 1.4000000000000001 0 0 2.8000000000000003 3.8000000000000003 0 0 0 2.8000000000000003 0 0 0 0 0 0 0.2 2.2 0 2 0 0 1.4000000000000001 2 1.2000000000000002 0 0 0 0 0 0 0 0 0 0 0 0 0 0 0 0 0 0 0 0 0 2.4000000000000004 0 0 0 0 0 0 0 0 0 0 0 0 0 0 0 0 0 1.4000000000000001 0 0 0 15.8 0.4 0.4 0 0 0 0 0 0 0 0 0 0 0 0 0 0 0 0 0 0 0 0 8 0 0 0 0 0 0 0 0 
 0.8 0.2 0 0 0.4 0 0 0.6000000000000001 0 1.2000000000000002 0 0 0 0 0 0.8 0 5 0 0 22.400000000000002 7.6000000000000005 25.400000000000002 44 0 73.8 10.200000000000001 19 30.8 28.6 49.2 56.400000000000006 8.8 30 58.800000000000004 15 92.60000000000001 65.8 12 16.8 0 0 0 0 0.6000000000000001 0 12.8 0.4 0.4 0.2 4.2 4.2 14 12.8 0 0 0 4.6000000000000005 0 10.200000000000001 10.600000000000001 0 0.4 0 0 0 0 0.6000000000000001 0.2 0 0 0 2 3.8000000000000003 2.2 0 0 0 0 2.2 0 0 0 0 0 0 0 0 0 0 0 0 0 0 0 0 0 0 0.4 0 0 6.6000000000000005 0 0.2 4.2 5 0 0 0 11.4 2.6 2.6 0 0 3.8000000000000003 3 0 0.4 2.2 10.600000000000001 0 2.6 0.2 0 0 0 0.2 0 0 0 0 0 2 0 0 0 0 0 3.4000000000000004 5.4 0 0 0 0 0 0 0 0 0 1.4000000000000001 0 0 0.2 0 0 0 0 0 0 0 0 0 0 0 0 0 0 0 0 0 0 0 0 0 0 0 0 0 0 0 2 0.2 3.2 12 0 0 2.6 0 0 0 0 2 0 0 2 2.2 0.2 1.8 0 0 0 0 0 2.2 0 0.4 4 0.4 0 0.2 0 0 3 0 4.2 1.6 0 0 0.2 2.2 0 0 0 0 0 0 0 0 0 0 0 0 0 0 0 0 0 0 0 0 0 0 0.8 0 0 0 0.2 0 0 0 0 0 0 0 0.6000000000000001 0.2 0.2 0.8 0 0 0 0 0 8.6 0 0 0.2 0 0 0 0 0 0 0 0 0 0 0.2 0 0 0 3.8000000000000003 0 0 0 2 2.8000000000000003 0 0 0 
 0 0.4 0 0 0 0.2 0 0 0 0 0 7.4 0 0 0 0 0 0.4 0.8 0.4 5.4 48.800000000000004 33.2 7 73.8 0 5.4 51.800000000000004 20.200000000000003 21 55.400000000000006 52.800000000000004 8 30 13.600000000000001 14 40.2 48.400000000000006 8.200000000000001 18.8 0.4 0 0 0 0.6000000000000001 0.4 23.200000000000003 0 0.4 0 0 0 12.600000000000001 1 1.4000000000000001 0 0 0.4 0 12.600000000000001 0.4 0 0.6000000000000001 0 0 0 0 0 0.2 0 0 0 0 0.8 0 0 0 0.6000000000000001 0 0.6000000000000001 4.6000000000000005 0 0 0 1.8 0 0 0 0 0 0 0 0 0 0 0 0.2 0 0 0 0 2 5.2 0.2 3.4000000000000004 2 0 0 0.2 2.6 1.6 5.2 0 0 2.8000000000000003 0 0 0 0 0 1.2000000000000002 0 6.800000000000001 2.8000000000000003 0 0 6.6000000000000005 8.8 0 0 0 0 7.6000000000000005 0 2.4000000000000004 0 0.8 0 5.2 2.4000000000000004 0 0 0 0 0 0 0 0 0 0.4 0 2 2.8000000000000003 0 0 0 0 0 0 0 0 0 0 0 0 0 0 0 0 0.8 0 0 0 0 0 0 0 0 0 0 0 0 4.2 3.4000000000000004 0.4 0 0 1.8 1.8 2.2 2.2 7.800000000000001 0 0 0.2 5.6000000000000005 0 2.4000000000000004 0 2.8000000000000003 0 3 0 2.4000000000000004 0 0 2.2 2.4000000000000004 0 0 0 0 4.800000000000001 0.2 0.2 2 0 2 3.2 2.8000000000000003 0 0 0 0 0 0 0 0 0 0 0 0 0 0 0 0 0 0 0 0 0 0 0 0 0 0 0 0 0 0 0 0 0 0 0.6000000000000001 0 1.4000000000000001 14.600000000000001 15 0.2 0.4 2 0 0 0 0 0 0 0 0 0 0 0 0 0 0 0 0 0 0.2 0 0 2.8000000000000003 0 0 0 0 0 0 0 
 0 0.8 0 0 35.2 6.2 0 0 0 15 0 0 0 0 0 0 0 0 0 0 61.800000000000004 45 90.4 17.2 10.200000000000001 5.4 0 126.80000000000001 93 22.200000000000003 54.800000000000004 22.400000000000002 34.800000000000004 15.600000000000001 32 14.600000000000001 6 9.4 37.6 36.6 0 0 0 0 0.6000000000000001 0 0 0 0.4 0 0.2 0 0 0 0 0 0 0.8 0 0 0 0 0.6000000000000001 0 0 0.2 9.4 0 0 0 0 0 0 0.6000000000000001 0 0 0 0 0 0.6000000000000001 0 0 0 0 0 1.2000000000000002 0 0 0 0 0 0 0 0 0 0 0 0 0 0 12.8 0.2 2.6 4.6000000000000005 0 0 8 3.6 0.4 1.2000000000000002 2.2 9.8 0.2 4.800000000000001 0 8.200000000000001 0 3.2 0 0 0 0 0 0.4 0 0 0 0.4 0 0 0 0 1.2000000000000002 3 2.6 0 0 0 0 2.4000000000000004 0 0 0 0 0 0 0 0 0 0 0 0 0 0 0 0 0 0 0 0 0.4 0 0.4 0 1 0.2 0.8 0 0 0 0 0 0 0 0 0 0 0 0 1.4000000000000001 2.4000000000000004 6.2 4.800000000000001 9.4 1.2000000000000002 1.6 0.4 7.800000000000001 0 1.8 0 0 0 2.2 0 4.2 2.2 0 5.800000000000001 0 0 0 0 0 0 0 0 2.6 0 0 0 0 0 0 0 0 0 0 2.2 0 0 0 0 0 0 0 1.6 0 0 0 0 0 0 0 0 0 0 0 0 0 0 0 0 0 0 0 0.2 0 0 0 0 0 0 0 2.8000000000000003 0.4 0 0 0 0 0 0 0 0 0 0 0 0 0 0 0 0 0 0 0 0 0 0 0 2.2 0 0 0 0 0 1.2000000000000002 0 0 0 2.2 
 0 0 0 0 29.6 12.600000000000001 0 0 0.2 0 0 0 0 0 0 0.2 0 0 0 0 62.800000000000004 55.800000000000004 80.2 32.800000000000004 19 51.800000000000004 126.80000000000001 0 18.2 27.8 10.200000000000001 9.200000000000001 18 70.4 74.60000000000001 24.200000000000003 7.4 10.200000000000001 31.6 10 0 12.600000000000001 0 0 0.6000000000000001 0.4 0.8 0 0.4 0 0 0 0 0 0 0.4 0 0.4 0 0 0 0 0.6000000000000001 0 0 0 0 0 0 0 0 0 0 2.8000000000000003 0 0.6000000000000001 0 0 0.2 0.6000000000000001 0 0 0.4 0.2 0 0 0 0 0 0 0 1.8 0 0 0 0 0 0 0 0 4.4 2.8000000000000003 4.6000000000000005 7.6000000000000005 5.6000000000000005 0.2 7.800000000000001 6.6000000000000005 1 5.2 3.4000000000000004 4.4 0.8 0 4 7.4 3.8000000000000003 7 0.2 0.2 0 0 0 0 0 0 0 0 0 0 0 0 0.4 5.800000000000001 0 0 0 0.4 0 0 0 0 0 0 0 0 0 0 0 0.2 0 0 0 0 0 0 0 0 0 0 0 0 0 1.4000000000000001 6 0 0 0 0 0 0 0 0.8 0.4 0 0 0 0 0 0.2 2.6 2.6 0 8.4 3 0 0.2 1.8 1.2000000000000002 7.800000000000001 6 5.4 2 2.6 4.4 0 3.8000000000000003 2.4000000000000004 4.4 2.6 0 0 0 0 0 0 0 0 0 0 0 0 4.4 0 0 0 0 0 4.6000000000000005 0 0 0 0 0.2 0 0 0 0 0 0 0 0 0 0 0.4 0 0 0 0 0 0 0 0 0 0 0 0 0 0 0 0 0 0 0 1 0 0 0 14.8 0.8 0 0.4 0 0 0 0 3.8000000000000003 0 0 0 0 0 0 0 0 0 0 0 0 0 0 0.2 0 0 0 0 3.4000000000000004 0 0 0 
 0.6000000000000001 0.2 14.8 0 0 0 0 0 0 0.2 0.2 0 0 0 0 0 0 0.2 0 0 24.6 55.6 60 49 30.8 20.200000000000003 93 18.2 0 33.6 38.6 23.8 16.6 58.800000000000004 62 17.400000000000002 56 34.6 44.400000000000006 24.200000000000003 0.8 0.4 0 0 1 0 6.2 13 0.4 0 0 0 12.4 0 0 0 1.2000000000000002 0.4 0 0.2 0 0 0.4 0 0.4 0.8 0 0 0.2 0.8 0 0 0 1.8 0 0 0 0.8 0 1 0 0.4 0 0 0 0 0 0 0.4 0 0 0 0 0 0 0 0 0 0 0 6 1.6 2.6 1.4000000000000001 0.2 6.6000000000000005 0 2.4000000000000004 2.2 5 4.2 1.4000000000000001 0 6.2 4.4 2.8000000000000003 4 0 0 1.4000000000000001 0 0 3.4000000000000004 0 0 0 5.6000000000000005 0 0 3.2 0 0 0 2.4000000000000004 0 0 0 0 3.4000000000000004 6.2 0 0 0 0 0 0 2.6 0 0 0.4 0 0 0 0 0.2 0 0 0 0 0 0 0 0 0 0 0 1.4000000000000001 0 0 0 0 0 0 0 0 0 0 1.8 0 0 0 2 5.2 3.6 0 0 1.4000000000000001 2.2 0 6.2 10 4.800000000000001 0 0 0 3.6 2.6 4.2 2.6 3 0 0 0 0 0 0 1.2000000000000002 0 0 0 0 0 2.2 0 0.2 0 0.2 0 2.4000000000000004 0 0 0 0 0 0 0 0 0 0 0 0 0 0 0 0 0 0 0 0 1.4000000000000001 0 0 0 0 0 0 0 0 0 0 0 0 0 0 0.4 0 0.2 0.2 0 0 6.2 2.2 0 0 0 0 0 0 0 0 0 0 0 0 0 0 0 0 0 0 0 3.4000000000000004 0 0 0 0 0 0 0 0 
 0 0 0.4 0 32 0 0 0 0 4 0 0 0 0 0 0 0 0 0 0 37 10.200000000000001 58 16 28.6 21 22.200000000000003 27.8 33.6 0 49 7.800000000000001 16.8 22.200000000000003 33 34.2 42.800000000000004 37 28.200000000000003 20.200000000000003 0 0 0 0 0.8 0 13 1.6 0 0 0.2 0 0 0.2 0 0 0.2 0.4 0 0 0.2 0 0 0 0 0 0.6000000000000001 0 0.2 0 1 0 0 1 0.4 0 0 14 0.4 0 0 0 0 0.4 0 0 0 0 0 0 0 0 0 0 0.6000000000000001 0 0 0 0 0.2 0 5.800000000000001 0 2.2 2.8000000000000003 4 3 12.200000000000001 2 7.2 5.2 7.2 0 0.2 0.2 5.6000000000000005 2.2 9.600000000000001 0 0.2 0 6.800000000000001 0.6000000000000001 0 0.4 5.6000000000000005 0.2 0 0 0 0 0 2 0 0 0 0 0 3.4000000000000004 0 0 0 0 0 0 0 0 0 0 0 0 0 0 0 0 0.4 0 0 0 0 0 0 0 0 0 0 0.2 0 0 0 0 0 1.6 0 0 0 0 0 0 0 1.6 11.8 7 6.2 0.4 0 3.2 2.8000000000000003 0.2 4 5 2 3.2 0 5.4 2.4000000000000004 6.800000000000001 0 6.800000000000001 0 0 0 0 0 0 0 3 0 0 0 0 0 7.4 0 4 0 0 0 0 0 0 0 0 0 0 0 0 0 0 0 0 0 0 0 0 0 0 0 0 0 0 0 0.2 0 0 0 0 0 0 0 0 0 0 0 0.6000000000000001 0 0 0.4 0 0 4.800000000000001 0 0 0 0 12.600000000000001 4.6000000000000005 0 0 0 0 0 0 0 0 0 0.2 0 0 0 0 0 0 0 0 2 0.8 0 0 0 
 0 0 0 0 0 0 0 14.600000000000001 0 0 0 0 0 8.8 0.6000000000000001 0 0 0 0.4 0 36.800000000000004 22.400000000000002 15.200000000000001 40 49.2 55.400000000000006 54.800000000000004 10.200000000000001 38.6 49 0 39.400000000000006 6.2 31.200000000000003 13.8 14.600000000000001 41.2 39.6 6 14.600000000000001 0.2 0.6000000000000001 0 0 0.6000000000000001 0 25.200000000000003 0 42.2 0 0 0 5.6000000000000005 12.600000000000001 0 0 0 0.4 0 12.8 0 0 0.6000000000000001 0 0 0 0 0 0.2 0 0 0 0 0.6000000000000001 0 1.2000000000000002 0.2 0.4 0 0.6000000000000001 0 0 0 0 0 0 0 0 0 0 0 0 0 0 0 0 0 0 0 0 0 9.8 0 2.6 5.4 1 3.4000000000000004 0 0 12.600000000000001 3 2.8000000000000003 0 0 1.8 6.2 0 0 0 2.2 0 0 6.2 0 0 0 7.800000000000001 0 0 0 0 0 0.4 0 0 0 0 0 7.6000000000000005 6.800000000000001 0 0 0 0 0 0 0 0 0 3.6 0 0 0 0 0 0 0 0 0 0 0 0 0 0 0 0 0 0 0 1.6 0 2.8000000000000003 0 0 0 0 0 0 0.6000000000000001 0 0 0.2 2.4000000000000004 5.6000000000000005 6.2 0.2 1.8 1.4000000000000001 1.6 2.4000000000000004 0 14.600000000000001 0 0.2 4 7.800000000000001 1.4000000000000001 3.8000000000000003 0 0 1.8 0 0 0 0 0 7.2 1.8 0 0 0 0 2.4000000000000004 0.4 1.6 0 0.6000000000000001 0 7.800000000000001 1.8 0 0 0 0 0 0 0 0 0 0 0 0 0 0 0 0 0 0 0 0 0 0 0 0 0 0 0 0 0 0 0 0 0 0 0.2 0.4 0.4 1 16 0.2 0.2 3 0 0 0 0 0 0 0 0 0 0 0 0 0 0 0 0 0 0 0 0 0 0 0 0 1.6 0 0 0 
 0.6000000000000001 0.6000000000000001 1.8 1 1.4000000000000001 0.8 1 0.4 1.2000000000000002 0.8 1 0.8 1 0.6000000000000001 0.8 1 0.6000000000000001 6 1 0.6000000000000001 6.4 10.600000000000001 8.6 19.400000000000002 56.400000000000006 52.800000000000004 22.400000000000002 9.200000000000001 23.8 7.800000000000001 39.400000000000006 0 6.800000000000001 6.6000000000000005 17 10.8 55.6 79.4 7 8.6 1.8 0 0 0.4 15.8 1.4000000000000001 15 0.2 0.8 0 0.4 0.4 6.2 27.400000000000002 1 6.6000000000000005 0.4 0.4 0 2.4000000000000004 0.4 0 0.4 0.4 0.4 0.4 0 2.4000000000000004 0.6000000000000001 1.8 0 0 0.2 0.6000000000000001 0 0 0.2 0.2 0 0.4 0 0 0 0 0 0 0 0 0 0 0 0 0.2 0 0 0 0 0.4 0 0 0 0 0 0 0.4 4 0 0 3.6 3 0.2 0.2 0 0.4 0 0 0 2.2 0 0.2 6.6000000000000005 0.4 3.8000000000000003 2.2 0 0 6 0.8 0.4 0.2 0 0 0.2 0 4.6000000000000005 3 0 0 4.6000000000000005 4.4 0 0.2 0 0 0 0 0 0 0 0 0 0 0 0 0 0 0 0 0 0 0 0.2 0 0 0 0.4 0 0 0 0 0 0 0 0 0 0 0 0 0 0 0.6000000000000001 0 7.2 0 4.800000000000001 2.4000000000000004 0 0 1 0.2 1 1.8 0 0 0 0 0 0 0 0 2 5.6000000000000005 0 1.2000000000000002 0.4 0 2.8000000000000003 0 4.4 0 0 0.4 5 1.8 3.4000000000000004 4 4.2 2 0 7.800000000000001 0 0 0 0 0 0 0 0 0 0 0 0 0 0 0 0 0 0 0 0 0 0 0 0 0 0 0.2 0 0 0 0 0 0 0 1.2000000000000002 0.4 1.2000000000000002 17.6 0.8 2.4000000000000004 0.4 0 0.4 0.4 0 0 0 0 0 0 0 0 0 0 0 0 0 0 0 0 0 0 1.4000000000000001 0 0 0 0 0 0 0 
 0 15.4 0.2 0 34.2 19.400000000000002 0 0 16.6 0 24 19.200000000000003 0 0 0 0 0.4 14.8 0 0.2 43 25.8 13.200000000000001 39.400000000000006 8.8 8 34.800000000000004 18 16.6 16.8 6.2 6.800000000000001 0 16 30.8 13.600000000000001 4.4 20.6 35.4 9.200000000000001 0 0 0 0 0.6000000000000001 0 1.8 0.4 0.4 0.6000000000000001 0 0.2 0 0.6000000000000001 0 0.4 0 0.8 0 0 0 0 0.4 0 0 0 0 0 0 0.4 0 0 0.6000000000000001 0.6000000000000001 0 0.4 0 0 0 0.4 0 0 0 0.8 0 2.4000000000000004 0 0 0 0 0 0.8 0 0.2 0 0 6 0 0 0 2.4000000000000004 0 3.4000000000000004 2 0 2.8000000000000003 8 5 0.8 0 3.6 6.4 0.2 0.6000000000000001 0 0.6000000000000001 5 3.2 2.2 2.2 0 0 0 0.4 0 1.2000000000000002 0 0.4 0 0 0 0 0 0 0 0 2.8000000000000003 0 0 0 0 0 0 0 0 0 0 0 0 0 0 0 0 0 0 0 0 0 0 0 0.4 0 0.4 0.2 0 0 0.2 0 0 0 0 1.8 0.6000000000000001 0 0.2 0 0 0 0 0 1.8 5.800000000000001 0 0 0 0 0.2 6.2 1.4000000000000001 0 8.200000000000001 0.2 9.200000000000001 0 3 1.2000000000000002 4.4 4.6000000000000005 10.8 4.4 0 0 0 0 0 0 0 0 0 0 0 0 0 0 0 0 0 0 0 0 0 0 0 0 0 0.2 0 0 0 0 0 0 0 0 7.800000000000001 0 0 0 0 0 0 0 0 0 0 0 0 0 0 0 0 0 0 0 3.2 0 0 0.2 15.600000000000001 0.4 3.4000000000000004 0 0 0 0 0 0 0 0 0 0 0 0 0 0 0.2 3.6 0 0 0 0 2.8000000000000003 0 0 0 0 0 0 0 0 
