 0 27.200000000000003 37.2 12.200000000000001 9.4 8.200000000000001 38 6.4 32.6 11.8 10.8 9.8 23.400000000000002 33.2 33.800000000000004 15 6.2 18 53.6 24.6 0 0.2 1 0.6000000000000001 0 0.6000000000000001 0.4 0 0 0 0 0.4 0 0 0.8 0.6000000000000001 0.6000000000000001 0 19.400000000000002 0 0.6000000000000001 0 0.8 0 0.4 0 0.2 0.4 0 0.2 0.6000000000000001 0.2 0 0.8 2.2 0 0 0.2 0 4 0.6000000000000001 0 0 0.4 0.2 0 0 0 0 0 0.4 0 0 0 0 0.6000000000000001 0 0 0 0 1.8 4.4 2.2 0 0 0 1.4000000000000001 1.2000000000000002 0.2 0 0 0 6.4 3.6 0 0 0.2 5.2 0.2 3.6 0 0 0 0.2 0 0 3.8000000000000003 0 0 0 0 0 0 0 0 0 0 0 0 0.2 0 0 0 0 0 0 0 0 0 0.2 0 0 0 0 0 0 0 0 0 0 0 0 0 1.4000000000000001 0 0 0 0 0 1 0 0 0 3.6 0 0 0.2 0 0 0 2.8000000000000003 0 4 0 0 0 6.2 0 0 0 0.6000000000000001 0 2 0.2 0 0 3.2 1.8 2.4000000000000004 6.4 0 0 0 0 0 3.2 0 0 0 0 0 0 0 0 0 0 0 2.6 0 0 0 0 0 0 0 0 0 0.2 0 0 0 0 0 0 0 0 0 0 0 0 0 0 0 0 0 0 0.4 0 0 0 0 0 0 0 0 0 0 0 0.4 0 0 4.800000000000001 0 0 0 0.6000000000000001 0 0 0 0.2 0 1.4000000000000001 0 0 0 0 0 0 0 0 0 0 0 0 0 0 0 0 0 0 0 0 0 0 0 0 0 0 0 0 0 0 0 0 0 0 0 0 0 0 
 27.200000000000003 0 78.4 43.2 28.8 17 41.6 45.800000000000004 33.2 9.200000000000001 22.400000000000002 25.8 23.6 8.8 23.6 25.400000000000002 56.2 15.8 74 22 0 0 0.6000000000000001 0.6000000000000001 0.2 0 0.4 0 0 0 0 0.4 0 0 0 0 17.8 0 4.800000000000001 0 0.6000000000000001 0 0.6000000000000001 0 0.4 0 0 0 0 0 0.6000000000000001 0 0 0.6000000000000001 5 0 0 0 0 0.8 0.6000000000000001 0 0 0.4 0 0 0 0 0 0 0.4 0 0 0 0.6000000000000001 0.6000000000000001 0 0 0 0 2 6.2 0.4 4 1.2000000000000002 8.6 3.6 4 3.6 3 4.800000000000001 6 0 4 2 2.6 9.4 3 0 1 0 0 0 0 0 0 0 0.6000000000000001 0.6000000000000001 0 0 0 5.800000000000001 0 0 0 0.2 0 2.2 3.6 0 0 0 0 0 0 0 0 0 0 0 0 0 0 0 0 0.4 0 0 0 0 0 0 0 2.2 0 0 1 0 0 0 0 0 0 0 0 0 0 0 0 4.6000000000000005 3.4000000000000004 5.800000000000001 0 0 0 0 0.2 0 2.8000000000000003 0.2 3.6 3.2 0 2.2 2 0 2.2 0.4 0 0 0 0 0 0 2.4000000000000004 0 0 0.4 0 0 0 2.8000000000000003 0 0 0 0 0 0 6.6000000000000005 0 0 0 0 0 0 0 0 0 0 0 0 0 0 0 0 0 0 0 0 0 0 0 0 0 0 0 1 0 0 0 0 0 0 0 0 0 0 0 0 0 2.8000000000000003 0 0 0 0.4 0 0.4 18.2 17.8 0.4 1.2000000000000002 0 0 0 0 0 0 0 0 0 0 0 0 0 0 0 0 0 0 0 0 0 0 0 4.800000000000001 2.2 0 0 0 0 0 0 0 0 0 0 0 0 0 
 37.2 78.4 0 22.400000000000002 10.200000000000001 22.6 29.8 23.6 15.4 10.4 22.400000000000002 69.4 59 20.200000000000003 63.2 27.6 45.6 11 47.2 44.800000000000004 0 0 0.6000000000000001 0.6000000000000001 0 0 0.8 0 0 0 0 0 0 0 0 0.2 0.8 0 17 15 0.6000000000000001 6.2 0.6000000000000001 0.4 0.4 0.6000000000000001 0 12.200000000000001 0 0 0.6000000000000001 0.6000000000000001 0 0.6000000000000001 0.6000000000000001 0.6000000000000001 0 0 0 2 0.6000000000000001 0 0 0.4 0.6000000000000001 0.4 0 0 0 0 0.4 0 0 6.6000000000000005 0 0.6000000000000001 0.4 0 0 0 0.6000000000000001 0 1.2000000000000002 5 6 0.2 3.6 0.2 0.2 4 0 4 0 7.800000000000001 2.6 3 4.2 4.6000000000000005 0 5.6000000000000005 4.800000000000001 0 0 0 0 0 0 0 0 0 0 0 0 0.2 0.4 0 0 0 2 0 0 0 0 2.2 0.4 0 0 0 0 0 0 0 0 0 0 0 0 0 0 0 0 0 0 0 0 0 0 0 0 0 0 0 0 0 0 0 0 0 0 0 0.2 0 0.4 2.6 11 2.4000000000000004 2 0 7.2 0 4.6000000000000005 6 1.6 0 7.6000000000000005 3.4000000000000004 3.6 3.4000000000000004 0 0 0 0 0 2.4000000000000004 0 3.2 3.6 0.4 0 0 0 0 5.4 2 0 2.2 0 0 0 4.6000000000000005 0 0 0 0 0 0 0 0 0 0 0 0 3 0 0 0 0 0 0 0 0 0 0 0 0 0 0 0 0 0 0 0 0 0 0 0 0.2 0 0 0 0 3.2 0 0 0 0.4 6.6000000000000005 0 0 1 0 0.4 0 0 0 0 0 0 0 0 0 0 0 0 0 0 0 0 0.2 0 0 0 0 0 0.4 5.6000000000000005 1.8 0 0 0 0 0 0 0 0 0 0 0 0 0 
 12.200000000000001 43.2 22.400000000000002 0 37.2 28.200000000000003 15 21.400000000000002 51 23 71.8 10 25.6 13.600000000000001 29.6 42.6 27.200000000000003 47.800000000000004 15.4 9.600000000000001 0 0 0.6000000000000001 0.6000000000000001 0 0 7.2 21 0 0 0 0 5.800000000000001 0 0 0 0.6000000000000001 0 37 0 0.6000000000000001 0 0.6000000000000001 0 0.4 0 0 0 0 0 0.6000000000000001 0 0 0.6000000000000001 0.4 0 1.8 0 0 0 0.6000000000000001 1 0 8.8 0 0 0 0 0 0 0.4 0 0 0 0 0.6000000000000001 0 0 0 0 0 0 3.8000000000000003 0.4 0 6.4 0 7.2 6.6000000000000005 1 3.4000000000000004 2.4000000000000004 0 0.2 3 2.8000000000000003 3.2 9.200000000000001 0 0 5.6000000000000005 0 0 0 0 0 2.6 7.6000000000000005 0 0 0 0 0.4 2.4000000000000004 5.2 0 0 0 0 16.6 0 0 0 0 0 0 0 0 0 0 0 0 0 0 0 0 0 0 0 0 0 0 0 0 0 0 1 0 0 0 0 0 0 0 5 0 0 0 0 0 1.4000000000000001 8.200000000000001 3.8000000000000003 0.6000000000000001 10 4.800000000000001 0 0.2 0 6.800000000000001 2.8000000000000003 6 0.8 0 0.4 0 0 3.8000000000000003 0 0 2.2 0 0 0 0 0 0 3 0 0 0 0 3.2 3.4000000000000004 0 0 0 0 0 2.2 0 0 0 0 0 0 0 0 0 0 0 0 0 0 0 0 0 0 0 0 0 0 0 0 0 0 0 0 0 0 0 0 0 0 0 0 0 0 0 0 0 0 0 0 0 0.4 18.2 0 18.2 11 0 1.4000000000000001 0 0 0 0 0 0 0 0 0 0 0 0 0 0 0 0 0 0 0 0 0 0 0 0 0.4 2.2 0 0 0 0 0 0 0 0 0 0 0 0 
 9.4 28.8 10.200000000000001 37.2 0 20 9.8 18.6 32.6 122 58.6 47.2 11 11.600000000000001 100.60000000000001 50.6 28 46 10.200000000000001 32.6 7.2 0 0.6000000000000001 0.6000000000000001 0.4 0.6000000000000001 23.400000000000002 15.4 0 1.2000000000000002 1 0.6000000000000001 9.8 4 0.4 0.8 1.2000000000000002 1.8 0.2 15.4 0.6000000000000001 1.8 7 0.4 3.4000000000000004 0 0.2 0 0 0 1.2000000000000002 0 0 0.6000000000000001 1.2000000000000002 0 0.2 0 0 1.8 0.6000000000000001 1.6 0 0.8 0 0.2 0 0.4 0.4 9.600000000000001 1 0.6000000000000001 0 0 0 1 0.4 1.2000000000000002 0.8 1.2000000000000002 4.4 0.2 2.8000000000000003 4.6000000000000005 8.200000000000001 3.4000000000000004 0 1.8 0 0 0 0 0 0 0 0 0 2.2 0 0 0.2 0.2 2.8000000000000003 0 0 0 0 5.800000000000001 2.6 3 0 0 5 4.4 4.800000000000001 2 2.8000000000000003 0.2 0.6000000000000001 5.800000000000001 0 0 0 0 0 0 0 0 0 0 0 0 0 0 0 0 0 0 0 0 0 0.4 0 0 0 0 0.2 0 0.2 0 3.6 0 0 0 0 0 0 0 0 0 0 3.4000000000000004 0 0 4.6000000000000005 3.2 0 0 4.2 1.8 6 0 0 0 5.4 0.4 0 4 0 0 0.2 0 0 0 0 0 0 2.6 0 0.4 0 0 14.4 0 0 0.4 0 0 2.4000000000000004 1.8 0 0 0 0 0 0 0 0 0 0 0 0 0 0 0 0 0 0 0 0 0 0 0 0 0.4 0 0 0 0 0 0.4 0 0 0 0 0 0 0 0 0.4 0 0 0 0 0 0.6000000000000001 0.2 0 0 1.6 0 0.6000000000000001 0.4 0 0 0 0 0 0 0 0 0 0 0 0 0 0 0 0 0 0 0 0 0 0 1.2000000000000002 0 0 0 0.4 0 0 0 0.4 0 0 0 0 0 0 
 8.200000000000001 17 22.6 28.200000000000003 20 0 4 8.200000000000001 72 26.8 26 55.6 8.4 11.200000000000001 71.2 64 58.6 48.400000000000006 22 11.600000000000001 15 0.2 15.4 15.4 14 0.4 5.2 0 14.8 0.4 14.8 0 15.600000000000001 29.8 12.200000000000001 7.6000000000000005 1.2000000000000002 0 42.2 33.800000000000004 0.6000000000000001 0.2 0.6000000000000001 0 0.4 11.8 0 0 0 0 0.6000000000000001 9.4 0 0.6000000000000001 0.6000000000000001 0 0 0 0 0 0.6000000000000001 0 0 0.4 0 1.4000000000000001 0 0 0 0 0.4 0 0 0 0 0.6000000000000001 0 0 0 0.2 0 0 2.8000000000000003 0 5.6000000000000005 1.6 0 3.2 3 3.2 3 4.800000000000001 0 0 0 2.8000000000000003 2.2 0 0 0 2.8000000000000003 4.800000000000001 0 0 0 0 0 2.2 2.8000000000000003 0 1.2000000000000002 0 4.800000000000001 0 1.2000000000000002 3 2 1.2000000000000002 4 5.4 0 0 0 0 0 0 0 0 6.2 0 0 0 0 0 0 0 0.4 0 0 0 0 2.6 0 0 0 0 0.2 0 5.800000000000001 0 0 0 0 0 0 0 0 0 0 1 0.8 0 0.8 2 2.6 0 0 1.4000000000000001 2.2 0 0 10 0.8 0 0.4 1.6 0 0 0 0 3.2 0.6000000000000001 6.800000000000001 0 0 0 11.200000000000001 3 0.4 0 0 1.8 14.8 3.8000000000000003 2 0.2 4.800000000000001 0.8 7.4 4 0 0 0 0 0 0 0 0 0 0 0 0 0 0 0 0 0 0 0 0 0 0 0 0 0 0 0 0 0 0 0 0 0 0 0 0 0 0 0 0 0 0 1.8 0 0 2 17.6 0 0.4 17.2 0.2 2.4000000000000004 0 0 0 0 0 0.2 0 0 0 0 0 0 0 0 0 0 0 0 0 0 0 0 0 0 0 0 0 0 0 0 0 0 0 0 3.6 0 0 0 
 38 41.6 29.8 15 9.8 4 0 37.4 20.8 5.4 8.4 8.200000000000001 31.8 45 33.4 43.2 24.400000000000002 7.4 53.400000000000006 31 0.4 0 0.6000000000000001 0.6000000000000001 0 0 0.4 0 0 0.4 0 0.4 0 0 0 19.200000000000003 1 0.2 0 0 0.6000000000000001 0.4 0.6000000000000001 0 0.4 0 0 0 0 0 0.6000000000000001 0 0 13 0.4 0 1 0 0 2 0.6000000000000001 0 0 0.6000000000000001 0 0 0 0 0 0 0.4 0 0.4 0 0 0.6000000000000001 0 0 0 0 8 0 3.4000000000000004 2 0.2 2 8.200000000000001 0.4 5.2 0 1.8 0 0.4 4.800000000000001 2.4000000000000004 2.2 5 0 0 2 0 0 0 0 0 0 0 0 0 0 0 0 0 1.8 0 2.8000000000000003 0 0 0 0 0 0 0 0 0 0 0 0 0.4 0 0 0 0.4 0 0 0 0 0 0 0 0 0 0 9 0 0 0 0 0 1 0 0 0 0 0.4 0 0 0 0 0 2.4000000000000004 1 0.2 0.6000000000000001 0 0 3.8000000000000003 3.2 0.2 2.8000000000000003 6.2 2.8000000000000003 2 1.8 0.2 5.4 3.8000000000000003 0 0 4.6000000000000005 0 0 0 0 0 2.4000000000000004 0 0 0 0 0 0 0 0 0 0 0 0 0 0 0 0 0 0.4 0 0 0 0 0 0 0 0 0 0 0 0 0 0 0 0 0 0 0.2 0 0 0 0 0 0 0.2 0 0 2 0 0 0 0 0 0 0 0 3 0 0 0 0 0 0.4 18 0.2 0 4.2 3.6 0 0 0 0 0 0 0 0 0 0 0 0 0 0 0 0 0 0 0 0 0 0 3.8000000000000003 0.4 0 0 0 0 0 0 0 0 0.2 0 0 0 0 
 6.4 45.800000000000004 23.6 21.400000000000002 18.6 8.200000000000001 37.4 0 37.4 9.600000000000001 6 8.4 51.2 16.400000000000002 16 32 42 10.200000000000001 13.600000000000001 30.400000000000002 0 0 0.6000000000000001 0.6000000000000001 0.2 0.4 0.4 0 0 0 0 0.4 0 0 0.4 0 0.6000000000000001 6.800000000000001 0 0.2 0.6000000000000001 0 0.6000000000000001 0 0.4 0 0 0 0 12.600000000000001 0.6000000000000001 0 0 0.6000000000000001 0.4 0.4 1 0 0 0.4 0.4 0 0 0.4 0 0 0 0 0 0 0.4 0 0.2 0 0 0.6000000000000001 0 0 0 0 3.4000000000000004 7.800000000000001 1.8 0 6.800000000000001 0.2 2.6 0 4.800000000000001 0 3 3.6 7.4 7.2 7.4 4.2 5.800000000000001 2.8000000000000003 4.800000000000001 5.6000000000000005 0 0 0 0 0 0 5 0.2 0 0 0 0 1.6 0 0 0 0 0 0 0 0.4 0 0 0 0 0 0 0 0 0 0 0 0 0 0 0 0 0 3.2 0 0 0 0 0 1.4000000000000001 0 0 0.6000000000000001 0 0 0 0 0 0 0 0 0 0 0 0 0 0 0 6.800000000000001 0 2 2 2.2 0 2.8000000000000003 3.2 0 3.2 3.6 4.4 5.4 3.2 0.2 0 0 0 0 0.2 0.4 0 0.4 0 0 0 0 0 0 0 0 0 0 0 0 0 0 0 0 0 0 0 0 0 0 0 0 0 0 0 0 0 0 0 0 0 0 0 0 0 0 0 0 0 0 0 0 0 0 0 0 0 0 0 0 0 0 0 0 0 0 0 0 0.4 0.2 0.2 0.4 2.2 2 0 8.4 0 0 0 0 0 0 0 0 0 0 0 0 0 0 0 0 0 0 0 0 0 0 2.2 0 0 0 0 0 0 0 0 0 0 1.6 0 0 
 32.6 33.2 15.4 51 32.6 72 20.8 37.4 0 82.4 31.8 28.200000000000003 28 12.8 56 55 45.400000000000006 58 71.60000000000001 32.4 0 0 0.6000000000000001 0.6000000000000001 5 0.4 15.8 0.2 11.8 14.8 0 0 0 0 0 0 0.6000000000000001 0.4 0.2 0 0.6000000000000001 0 0.6000000000000001 0 1.4000000000000001 0 0 0 0 0 0.6000000000000001 0 0 0.6000000000000001 0.4 0 0 0 0 0 0.2 0.2 0 0.4 0 0 0 0 0 0 0.4 0 0 0 0 0.6000000000000001 0 0 0 0.2 3.8000000000000003 2.2 0.2 0.2 2.6 7.2 7.6000000000000005 2.8000000000000003 6 1.6 12.200000000000001 3.4000000000000004 4.6000000000000005 3.2 0 0 7.6000000000000005 2 5.2 1.6 0.2 0.2 0 2.6 0 0 0.4 7.2 0 0 0 0 2.2 0.6000000000000001 0 0 0 0 0 4 0 0 0 0 0 0 0 0 0 0.4 0 0 0 0 0 0 0 0 0 0 0 0 0 0 0 0 0 0.2 3.8000000000000003 0 0 0 0 3.6 0 0 0.4 0 0 0 3.2 4.800000000000001 1.4000000000000001 0 3.2 3.4000000000000004 0 0 1.6 8 4.6000000000000005 0 2.2 6 0 3.4000000000000004 0 0 0 0 3 0 0 0 0 0.2 0 0 0.4 0 0 0 2.8000000000000003 9.200000000000001 0 0.4 0 0 0 2 0 0 0 0 0 0 0 0.2 0 0 0 0 0 0 0 0 0 0 0 0 0 0 0 3.4000000000000004 0 0 0.2 0 0 0 0 0 0 0 0 0 0 0 0.2 0 0 0 0 0 0 0.4 0.4 0 17.400000000000002 17.6 0 2.8000000000000003 0 0 0 0 0 0 0.2 0 0.2 0 2.2 0 0 0 0 0 0 0 0 0 0 0 0 0 2.4000000000000004 0 0 0 0 0 0 0 0 0 0 0 0 0 
 11.8 9.200000000000001 10.4 23 122 26.8 5.4 9.600000000000001 82.4 0 42.400000000000006 10.8 34.4 9.4 45 80 14.4 50.2 15.8 16 0 0 0.6000000000000001 0.6000000000000001 0 0 1 0 0 0 0 0.6000000000000001 0 16 0 0 0.6000000000000001 0 15.8 21 0.6000000000000001 0 1 0.4 0.4 0.4 0.4 0 1 0.2 1 0 0.4 0.8 1 0 1.2000000000000002 0.2 0.4 0.2 0.6000000000000001 0 0 0.4 0.4 0 0 0 0 0 0.4 0.2 0 0 0 0.6000000000000001 0 0.4 0.4 0 0.2 0 3.6 2.8000000000000003 2.2 2 0 3 6 2.8000000000000003 4.4 0 0 0 1.4000000000000001 3 0 2 0 0 0 0 0 0 0 0 2.6 8.8 2 0 0 0 2.8000000000000003 1.8 3.2 0 3.2 0 0 0.2 0 0 0 0 0 0 0 0 0 0 0 0 0 0 0 0 0 0 0 0 0 0 0 0 0 0 0 0 0 0 0.2 0 0.4 0 0.8 0 0 0 0 0 0.6000000000000001 5.800000000000001 3.4000000000000004 0 8.200000000000001 4.800000000000001 0.4 5.6000000000000005 6.4 2 2 0 0.2 0.8 8 1 0.2 2.6 0 0 0 1.4000000000000001 0 0 0 0.2 2.8000000000000003 0.2 0 0 0 0.4 3.8000000000000003 4 0.2 0 0 0 0 2 0 0 0 0 0 0 0 0 0 0 0 0 0 0 0 0 0 0 0 0.2 0 0 0 0.4 0 0 0 0 0 0 0 0 0 0 0 0 0 0 0 0 0 0 0 0 0.4 0 0 0 17.400000000000002 1 0 0.4 0 0 0 0 0 0 0 0 0 0.2 0 0 0 0 0 0 0 0 0 0 0 0 0 0 0 1.6 0 0 0 0 0 0 0 0 0 0 0 0 
 10.8 22.400000000000002 22.400000000000002 71.8 58.6 26 8.4 6 31.8 42.400000000000006 0 14.4 14.200000000000001 20.8 13.600000000000001 58.800000000000004 43.6 11.600000000000001 15 33.2 0 0 0.6000000000000001 0.6000000000000001 0 0 0.6000000000000001 0 0 0 0 0 31.200000000000003 0 0 0 0.6000000000000001 0 31 15 0.6000000000000001 3.6 0.6000000000000001 0 1 0 0 0 0 0 0.6000000000000001 0 0.2 0.6000000000000001 0.4 0 0 0 0 0 0.4 0 0 0.4 0 0 0 0 0 0 0.4 0 1.4000000000000001 0 0 0.6000000000000001 0 0 0 0 0.2 0 3.6 13.4 3 2.6 2.8000000000000003 0.2 6.4 4 5.800000000000001 7.800000000000001 0 8.200000000000001 2.8000000000000003 5.6000000000000005 2.6 3.6 0 2.8000000000000003 7.4 0.4 0 0 0 0 3.2 3.2 0 0 0.2 0 0 1.8 6.4 0 0 0 0.4 2 0 0 0 0 0 0 0 0 0 0 0 0 0 0.4 0 0 0 0 0 0 3 2.8000000000000003 0 2.2 0 0 0 0 0 0 0 0 0 0 1.4000000000000001 0 0 0 0 0 3.2 3.2 4.2 0.2 7.800000000000001 2 1.6 3 10.600000000000001 2 0 2.8000000000000003 0 1 2.6 1.4000000000000001 0 0 0 0 3.6 0 0 0 0 0 3.6 7.4 4 0 0 0 0.2 4 0 0 0 0 0 7.4 0 0 0 0 0 0 0 0 0 0 0 0 0 0 0 0 0 0 0 0 0 0 0 0 0 0 0 0 0 0 0 0 0 0 0 0 0 0 0 0 0 0 0 0 0 0 17.6 0 17.8 0.2 0 0.4 0 0 0 0 0 0 0 0 0 0 0.8 0 0 0 0 0 0 0 0 0 0 0 0 3.2 1.8 0.8 0 0 0 0 0 0 0 0 0 0 0 0 
 9.8 25.8 69.4 10 47.2 55.6 8.200000000000001 8.4 28.200000000000003 10.8 14.4 0 10 6.800000000000001 62.2 7.2 33.800000000000004 77.4 5.2 64.4 0 0 0.8 0.6000000000000001 0 0 5.2 0.2 0 42.6 0 0 0.2 14.8 42 0 0.6000000000000001 0 0.2 3.4000000000000004 0.6000000000000001 0.6000000000000001 0.6000000000000001 0 1.8 0.8 0 0 0 0.4 0.6000000000000001 0.4 0.4 0.6000000000000001 0.4 1.4000000000000001 0.2 0.4 0 0 0.4 0 0 0.4 0 0.2 0 0 0 0 0.4 0 0 0 0 0.6000000000000001 0 0 0 0.2 0.6000000000000001 0 0 2 5.6000000000000005 2.6 0 2.8000000000000003 0 2.2 5.800000000000001 1.6 0 4 0.2 0 0 0 0 3 3 0 2.2 0 0 0 0 0 0 0 0 0 0 0.2 2.2 0 0 0 4.800000000000001 0 0 0 0 0 0 0 0.2 0 0 0 1.8 0 0 0 0 0.2 0 0 0 0 0.4 0 0 0 0 0 0 0 0 0 0 0 0 0 0 0 0 0.2 0 0 0 0 3.4000000000000004 2.4000000000000004 2.8000000000000003 3 11.600000000000001 0 5.2 0 10.4 3 0 2.6 6.800000000000001 1.4000000000000001 3.4000000000000004 5 0 0 2.8000000000000003 0 0 0.2 0 0 0 0.2 0 0 0 0 8.8 2.2 0 2.2 0.2 3.6 0.2 7.6000000000000005 0 0 0 3 0 0.4 0 0 0 2 0 0 0 0 0 0 3.2 0 0 0 0 0 0 0 0 0 0 0 0 0.2 0 0 0 0 0 0.2 0 0 0 0 0 0 0 0 0 0 0.4 0.4 0.4 1.2000000000000002 0 3 0 0 0 0 0 0 0 0 0.2 0 0 0 0 0 0 0 0 0 0 0 0 0 0 1.8 0 0 0 0 0 0 0 0 0 0 0 0 0 0 
 23.400000000000002 23.6 59 25.6 11 8.4 31.8 51.2 28 34.4 14.200000000000001 10 0 101 16.400000000000002 56.800000000000004 14.8 38.2 25.200000000000003 24.400000000000002 0 0 0.6000000000000001 0.6000000000000001 0 0 0.4 0 0 0 0 0 0 0 0 0 0.6000000000000001 0 0 0 0.6000000000000001 0 0.6000000000000001 0 0.4 0 0 0 0 0 0.6000000000000001 0 0.2 0.6000000000000001 0.4 0 13.8 0 0 0 0.2 0 0 0.4 0 0 0 0 0 0 0.4 0 0 0 0 11 0 0 0 0 3.4000000000000004 1.2000000000000002 8.4 2 3.6 0 3.6 0 6 0.2 0 1.2000000000000002 3 4.6000000000000005 11.8 2.6 0.6000000000000001 0 3.8000000000000003 7 0 0 4.4 0 0 0 0 0.4 0 0 0 0 0 0 0 0 0 0 0 0 0 0 0 0 0 0.4 0 0.4 0 0 0 0 0 0 0 0 0 0 0 0 0 0 0 1 0 0 0 0 0 1.6 0 0 0 0 0 0 0 0 0 0 0 3 1.6 0.2 0 2.4000000000000004 7.2 2.8000000000000003 1.8 0 0 5.4 2.8000000000000003 2.6 11.600000000000001 6.4 0.2 0 0 1.8 0 0 0 0 0 0 0 0 0.2 3.2 0.4 0 0 0 0 0 0 0 0 4.2 0 0 0 0 0.4 2.8000000000000003 0 0 0 0 0 0 0 0 0 0 0.4 0 0 0 0.2 0 0 0 0 0 0 0 2.4000000000000004 0 0 0 0 0 0 0 0 0 0 0 0 0.2 0 0 0 0 0 0 0 0 0 1 0 0 0 0 0 0 0 0 0 0 0 0 0 0 0 0 0 0 0 0 0 0 0 6 2.4000000000000004 0 0 0 0 0 0 0 0 0 0 0 0 0 
 33.2 8.8 20.200000000000003 13.600000000000001 11.600000000000001 11.200000000000001 45 16.400000000000002 12.8 9.4 20.8 6.800000000000001 101 0 37 26.400000000000002 60.2 5 57.6 35 0 0 1 0.6000000000000001 14.8 0.4 0.4 0.4 0 0 0 0 0 0 0 0 0.6000000000000001 0 0 0 0.6000000000000001 0 0.6000000000000001 0 0.4 0 0 0 0 0.6000000000000001 0.6000000000000001 0 0 0.6000000000000001 0.4 0 0.6000000000000001 0.6000000000000001 0 0.6000000000000001 0.6000000000000001 0.2 0.6000000000000001 0.4 0 0 0 0 0.4 0 0.4 0 0 0 0 0.8 0 0 0 0 6.800000000000001 3.6 9.8 1.2000000000000002 2.8000000000000003 0 0 2.2 1.6 0.4 0 0 7.800000000000001 4.2 5.800000000000001 3.2 0.2 7 3 1.6 0 0 0 0 0 0 0 0 0 0 0 0 0.2 0 0 0 0 0 0 0 0 0 0 0 0 0 0 0 0 0 0 0 0 0 0 0 0 0 0 0 0 0 0 2.4000000000000004 0 0 0 0 0 8.6 0 0 0 0 0 0 3.6 0 0 0 4 0 2.6 0 1.2000000000000002 0 1.2000000000000002 2.2 0 0 0 0 0 0 0 0 5 4 9.200000000000001 6.4 0 0 0 0 0 0 0 0 0 0 0 0 0.2 0 0 0 3 0 0 0 0 0 0 3.2 0 0 0 0 0 0 0 0 0 0 0 0 0 0 0 0 0 0 0 0 0 0 0 0 0 0 0 0 0 0 0 0 0 0 0 0 0 0 0 0 0 0 0 0 0.2 0.4 0 0 3.4000000000000004 0 0 0 0 0 0 0 0 0 0 0 0 0 0 0 0 0 0 0 0 0 0 1.8 2.2 0 0 0 0 0 0 0 0 0 0 0 0 0 
 33.800000000000004 23.6 63.2 29.6 100.60000000000001 71.2 33.4 16 56 45 13.600000000000001 62.2 16.400000000000002 37 0 36 52.2 97 44.400000000000006 29.200000000000003 0 0 0.6000000000000001 0.6000000000000001 0 0 0.4 0 0 0 0.2 7.800000000000001 14.8 0.4 0 0 0.6000000000000001 0 15.200000000000001 0 0.6000000000000001 0 0.6000000000000001 0 0.4 0 0 0 0 0 0.6000000000000001 0.2 0 0.6000000000000001 0.4 0 0 0 0 0 0.6000000000000001 0 0 0.4 0 11.200000000000001 0 0 0 0 0.4 0 0 0 0 0.6000000000000001 0 0 0 0 2.4000000000000004 6.2 1.6 3 5.6000000000000005 2.6 0.2 2 9 0.2 0 0 3 0.4 0 0 0.2 4.2 2.2 6.4 2 0 0 0 0 0 1.8 3.2 0.4 0 0 0 0 1 2.8000000000000003 0 0 0 0 2.2 0 0 0 0 0 0 0 0 0 0 0 0 0 0 0 0 0.4 0 0 0 0 0 0 0 0 0 0 0 0 0 0 0 0 0 2 0 0 0 0 0 0.6000000000000001 1.8 4.800000000000001 1.8 3.6 2.6 0 5.2 0 0 1.4000000000000001 0.2 0 0 1.8 0 3 4.4 1.6 6.2 0 0 0 0.2 0 0 0 4 0 0 0 0 0 0 0 0 0 0 0 0 0 0 0 0 0 0 0 0 0 0 0 0 0 0 0 0 0 0 0 0 0 0 0 0 0 0 0 0 0 0 0 0 0 0.2 0 0 0 0 0 0 0 0 0 0 0 0.4 0.2 0.4 0.2 0 0.6000000000000001 2 3.4000000000000004 0 0 0 0 0 0 0 0 0 0 0 0 0 0 0 0 0 0 0 0 0 0 0 3.2 0.8 0 0 0 0 0 0 0 0 0 0 0 0 
 15 25.400000000000002 27.6 42.6 50.6 64 43.2 32 55 80 58.800000000000004 7.2 56.800000000000004 26.400000000000002 36 0 35.6 34.4 7.6000000000000005 93.60000000000001 0.2 0.4 0.6000000000000001 0.6000000000000001 0.4 0.6000000000000001 16.400000000000002 1 0 2.2 0.6000000000000001 0 0 0.6000000000000001 0 0 0.6000000000000001 0.8 0.6000000000000001 1.6 0.6000000000000001 0 13.4 0 1.6 0.6000000000000001 0 0.4 0.8 0 1.2000000000000002 0 0.2 0.6000000000000001 12.8 0 0.8 0 0 0 0.6000000000000001 0.6000000000000001 0 1.4000000000000001 0.8 0 0.8 0.6000000000000001 1.2000000000000002 1.2000000000000002 1.2000000000000002 0.8 0.4 0 0 0.6000000000000001 1 0.4 0.4 0 2.6 2.2 5.6000000000000005 2 7.800000000000001 7.800000000000001 5.4 3.6 12.4 4 0.8 0.6000000000000001 4.2 4.6000000000000005 4 5 4.6000000000000005 2 3.6 5 0 0 0 0 0 0 0 2.4000000000000004 0 0 0 0 0 0 0 0 0 0 0 0 0 0 0.4 0 0 0 0 0 0 0 0 0 0 0 0 0 0 0 0 0 0 0 0 0.6000000000000001 0.4 0 0 0 0 0 0 0 0 0 0 0 0 0 0 0 2 5.2 0 2 0 18.400000000000002 2.6 4.4 0 5.6000000000000005 7.4 0 5.800000000000001 5 0 1.8 2.8000000000000003 0.2 0 0.2 0 0 0 0 0 0 0 0 0 0 0 0 0 4 0 0 0 0 0 4 0 0 0 0 0 0 0 0.2 0 0 0 0 0 0 0 0 0 0 0 0 0.2 0 2.8000000000000003 0 0 0 0 0 1.6 0 0 0 0 0 0 0 0 0 0 0 0 0 0 0 0 0.2 0 0.4 8.8 17.400000000000002 0 2.2 0 0 0 0 0 0 0 0 0 0 0 0 0 0 0 0 0 0 0 0 0 0 0 0 2.8000000000000003 0 0 0 0 0 0 0 0 0 0 0 0 0 
 6.2 56.2 45.6 27.200000000000003 28 58.6 24.400000000000002 42 45.400000000000006 14.4 43.6 33.800000000000004 14.8 60.2 52.2 35.6 0 10.8 10 32.6 0 0 0.6000000000000001 0.6000000000000001 0.4 0.2 0.4 0.2 0 0 0 0.2 15.200000000000001 0.4 0 0 0.6000000000000001 0 0 0 0.6000000000000001 0 0.6000000000000001 0 0.8 0 0 0 0 0 0.6000000000000001 0 0 0.6000000000000001 0.6000000000000001 0 0 0 0 0 0.6000000000000001 0 0 0.4 5.6000000000000005 0.6000000000000001 0 0.4 0 0 0.4 0 0 0 0 12.200000000000001 0 0 0 0 1.8 3 2 7.6000000000000005 7.6000000000000005 3.6 8.200000000000001 0.4 0.2 0 3 1.4000000000000001 0 7.4 3.6 7.6000000000000005 6 2.6 2 7.6000000000000005 2.8000000000000003 0 0 0 0 0 0.2 0 0 0 0 0 3.8000000000000003 0.8 3 0 0 0 0 2.4000000000000004 0 0 0 0 0 0 0 0 0 0 0 0 0 0 0 0 0 0 0 0 0 0 0 0 0 0 0 1 0 0 0 0 0 0 0 0 0 0 0 0 0.2 12.600000000000001 3 0.4 1.6 0 2.2 0 3.2 4.6000000000000005 0 6 0.2 0.4 8.200000000000001 2 0 3 0 0 4.4 0 0 0 0 0 0 0 2.8000000000000003 0 0 0 0.6000000000000001 3.6 0 0 0 0 0 7.2 0 0 0 0 0 0 0 0 0 0 0 0 0 0 0 0 0 0 0 0 0 0 0 0 0 0 0 0 0 0 0 0 0 0 0 0 0 0 0 0 0 0 0 0 0 0.6000000000000001 16.8 0.2 0.8 0 4.2 1 0 0 0 0 0.4 0 0 0 0 0 3.4000000000000004 0 0 0 0 0 0 0 0 0 0 0 0 12.8 8.4 0 0 0 0 0 0 0 0 0 0 0 0 0 
 18 15.8 11 47.800000000000004 46 48.400000000000006 7.4 10.200000000000001 58 50.2 11.600000000000001 77.4 38.2 5 97 34.4 10.8 0 7.2 9.600000000000001 0.6000000000000001 1.6 1 0.6000000000000001 16.2 0 16.2 0.2 0 0.6000000000000001 0 0 0 0.4 41.6 0.2 1.6 0 22.6 15.4 0.8 0.4 0.8 0.4 0.4 0.8 0.8 0.6000000000000001 0.6000000000000001 0 0.6000000000000001 0 0.2 0.6000000000000001 0.4 0 2 0.6000000000000001 0 10.8 1.6 0.2 0 0.4 0 0 0 0 0 0.6000000000000001 9.600000000000001 0 0 1.2000000000000002 0 0.6000000000000001 0 0 0 0.6000000000000001 0 0 3.8000000000000003 0 0 4.6000000000000005 3.2 18.6 2.6 8.6 4.6000000000000005 14.200000000000001 2 6.4 2.4000000000000004 0.2 1.8 2.2 0 0 2 0 0 0 0 0 0 4.4 0 0 0 0 8.6 0 0 0 0.4 0 2.4000000000000004 2.8000000000000003 0 0 0.4 0 0 0 0 0 0 0 0 0 0 0.6000000000000001 0 0 0 0 0 0 0 0 0 0 0.4 0 0 0.2 0 0 0 0 0 0 0 0 0 0 0 0 3.6 15 0.8 0 4.2 7.6000000000000005 0 0.2 2.2 5.800000000000001 3.8000000000000003 5 2.8000000000000003 1.4000000000000001 0.4 3 0 3.8000000000000003 0 0 0 0 0 0 0 0 3 0.2 0 0 0 0 10.600000000000001 16.6 0 2.4000000000000004 0 0 0 2 0 0 0 0 0 0 0 0 0 0 0 0 0 0 0 0 0 0 5 0 0.2 3.2 0.2 0 0 0 0 1.6 0 0 0 0 0 0 0 0 0 0 0 0 0 0 0 0 0 0.4 0.4 0.2 0.4 34.2 0.4 2.8000000000000003 0 0.4 0.2 0 0 0 0 0 6.800000000000001 0 0 0 0 0 0 0 0 0 0 0 0 0 0 0 0 0 0 0 0 0 0 0 0 0 0 0 0 0.4 
 53.6 74 47.2 15.4 10.200000000000001 22 53.400000000000006 13.600000000000001 71.60000000000001 15.8 15 5.2 25.200000000000003 57.6 44.400000000000006 7.6000000000000005 10 7.2 0 32.800000000000004 0 0 0.6000000000000001 0.6000000000000001 0.8 0.6000000000000001 0.4 0 0 0 0 0 0 0.4 0 0 1 0 0.2 0 0.6000000000000001 0 0.6000000000000001 0 0.4 0 0 0 0 0 0.6000000000000001 0 0 0.6000000000000001 1 0 0 0 0 1.6 0.6000000000000001 0 0 0.4 0 0 0.2 0 0 0 0.4 0 0 0 0 0.6000000000000001 0 0 0 0 1.8 3.6 11.8 1.4000000000000001 0 0 5.2 0 1.4000000000000001 0 0 0 6.2 6.6000000000000005 0 0 0 7.6000000000000005 0 1.6 0 0 0 0 0 0 0 0 0 0 0 0 0 0 0 0 0 0 0 0 0 0 0 3 4 0 0 1 0 0 0 0 0 0 0 0 0 0 0 0 0 0 0 1.6 0 0 0 0 0 4.800000000000001 0 0 0 0 0 9.200000000000001 0 0 0 0 6.800000000000001 0 0 0.4 0 0 4.800000000000001 0 0 0 1 7.4 3.6 0.4 0 1.4000000000000001 1 0 2.6 2.8000000000000003 0 0 0 0 0 3 0 0 0 0 0 0 0 0 0 0 0 0 0 0 0 0 0 0 0 0 0 0 0 0 0 0 0 0 0 0 0 0 0 0 0 0 0 0 0 0 0 0 0 0 0 0 0 0 0 0 0 0 0 0 0 3.8000000000000003 0 0 0 0 0 0 0.4 0 0 0 3 0 0 0 0 0.4 0 0 0 0 0 0 0 0 0 0 0 0 0 0 0 0 0 4.4 0 0 0 0 0 0 0 0 0 0 0 0 0 0 
 24.6 22 44.800000000000004 9.600000000000001 32.6 11.600000000000001 31 30.400000000000002 32.4 16 33.2 64.4 24.400000000000002 35 29.200000000000003 93.60000000000001 32.6 9.600000000000001 32.800000000000004 0 0 0 0.6000000000000001 0.6000000000000001 0 0.4 0.4 0 0 0 0 0.2 0 0.2 0 0 0.6000000000000001 0.4 0 0 0.6000000000000001 0 0.6000000000000001 0 0.4 0 0 0 0 0 0.6000000000000001 0 0 0.6000000000000001 14.600000000000001 0 0 0 0 0.8 0.6000000000000001 0 0 0.4 0 0 0 0 0 0 0.4 0 0 0 9 0.6000000000000001 0 0 0 0 5 2 0 2.8000000000000003 0 0 4.6000000000000005 4 0.2 3 3 8 2 9 0 2 4 2.6 0 4.2 0 0 0 0 0 0 0 0 0 0 0 0 0 0 0 0 0 0 0 0 0 0 0 0 0 0 0 0 0 0 0 0 0 0 0.2 0 0 0 0 0 0 0 0 0.2 0 0 0 0.2 0 0 0 0 0 0.4 0 2 0 0 0 0 2.6 0 1.4000000000000001 2 0 0 2 3 0 3.4000000000000004 5 2.2 4.6000000000000005 4.4 1.6 5 4.4 2.2 0 1.6 0 0 0 0 0 2 0.4 0.4 0 0 0 0 0 0 0.2 0 0 0.4 0 0.4 0 0 0 0 0 0 5.6000000000000005 0 0 0 0 0 0 0 0 0 0 0 0 0 0 0 0 0 0 0 0 0 0 0 0 0 0 0 0 0 0 0 0 0 0 2.8000000000000003 0 0 0 0 0 0 0 0 0 1 0 0 0 0 0 0 0 0 0 0 0 0 0 0 0 0 0 0 0 0 0 0 0 2 0 0 0 0 0 0 0 0 0 0 0 0 0 0 
 0 0 0 0 7.2 15 0.4 0 0 0 0 0 0 0 0 0.2 0 0.6000000000000001 0 0 0 43.800000000000004 115.80000000000001 13.200000000000001 13.200000000000001 6 49.400000000000006 57.6 37.2 12.4 21.400000000000002 8.200000000000001 21 14.200000000000001 101.4 38.800000000000004 37.4 64.2 4.800000000000001 6.800000000000001 0 1 0 0 0.4 0.2 0 0 0 0 0 0 0 0 0 0 0.6000000000000001 0.6000000000000001 0 0.6000000000000001 0 1.2000000000000002 0 0 0 1.4000000000000001 0 0.6000000000000001 0.6000000000000001 0 0 0.4 0 0 0 0.6000000000000001 6.800000000000001 0.4 0 0 0 0 0 0 0.2 0 0 0 0 0 0 2.8000000000000003 2.2 0 0 0 0 0 0 0 6 10 0.6000000000000001 5.2 2.6 0.2 6.4 3.6 4.2 0 5.800000000000001 7.6000000000000005 0 4.6000000000000005 2 3.6 2.2 6.2 7.2 2.8000000000000003 1 0 0 0 0 0 0 0 0 0 0 0 3.8000000000000003 0 0 0 0 0 0 0 0.2 0 0 0 0 0 0 0 0 0 0 0 0 0 0 0 0 0 0 0 0 0 0 0 2.2 0 0 0 0 0 0 2.8000000000000003 0 0 0 0 1.8 0 1 0 0 3.4000000000000004 9.600000000000001 9.8 0 2.8000000000000003 7.2 0.2 4.6000000000000005 4.4 2.2 2.8000000000000003 4.4 0.6000000000000001 3.4000000000000004 0.2 3 2.4000000000000004 0.8 0 0 0 0 0 0 0 5 0 0 0 0 0 0 0 0 0 0 0 0.4 0 0 0 0 0 0 0 0 0 0 0 2 0 0 0 0 0 0 0 0 0 0 0 0.2 0 0 0 0 0 0 0 0 0 0 0 0.8 0 0.4 0 0 0 0 0.4 0 0 0 0 0 0 0 0 0 0 0 0 0 0 0 0 0 0 0 0 0 0 0 0 4.2 0 0 0 
 0.2 0 0 0 0 0.2 0 0 0 0 0 0 0 0 0 0.4 0 1.6 0 0 43.800000000000004 0 20.6 25.8 65 39.400000000000006 67.60000000000001 40.800000000000004 27.8 31 9 22 76.2 16.6 46.2 34.2 35.6 5.4 26 24.200000000000003 0.6000000000000001 0 0 0 0.4 0 13.600000000000001 0 2.2 0 0 0 0 0 0 0.4 0.6000000000000001 0.6000000000000001 0 0.4 0 0 0 0 0 0 0 0.6000000000000001 0.4 0.6000000000000001 0 0.4 0 0 0 0.6000000000000001 0 0.4 0 0 0 0 0 0 2.6 0 0 0 0 0 0 0 0 0 0 0 0 0 0 0 2 2 1.4000000000000001 0 7.2 3.6 5.800000000000001 1.8 2 2.2 3.6 1.4000000000000001 0 4.6000000000000005 0.2 0.2 0 0 0 0 0 0 0.2 0 0 0 4 0 0 0 0 0 4.6000000000000005 0.4 0 0 0 0 2.2 0 0.8 0 0 0 0 0 0 3 0 0 0 0 0 0 0 0 0 0 0 0 0 0 0 0 0.2 0 0 0 0 0 0 0 0 0 0 0 1.8 0 1.2000000000000002 0 2 5.4 5.2 3.6 4.2 7.4 4.6000000000000005 2 0 2.4000000000000004 10.4 0 0.2 1.8 2 0 4.6000000000000005 0.4 5.800000000000001 0 0 0 0 0 0 0 3.2 0 0 0 0 0 0 0 0 3.8000000000000003 0 0 2.4000000000000004 6.4 0 0 0 0 0 0 0 0 0 0 0 0 0 0 0 0 0 0 0 0 0 0 0 0 0 0 0 0 0 0 0 0 0 0 1.4000000000000001 0.4 0 20.200000000000003 15.200000000000001 0 4.4 0 0 0 0 0 0 0 0 0 0 0 0 0 0 0 0 0 0 0 0 2.2 0 0 0 5.6000000000000005 0.2 0 0 0 
 1 0.6000000000000001 0.6000000000000001 0.6000000000000001 0.6000000000000001 15.4 0.6000000000000001 0.6000000000000001 0.6000000000000001 0.6000000000000001 0.6000000000000001 0.8 0.6000000000000001 1 0.6000000000000001 0.6000000000000001 0.6000000000000001 1 0.6000000000000001 0.6000000000000001 115.80000000000001 20.6 0 38.400000000000006 11.600000000000001 5.800000000000001 60.2 33.800000000000004 47.800000000000004 24.6 25.6 25 10.600000000000001 14 68 58.400000000000006 23.200000000000003 16.2 5.2 19.400000000000002 8.8 0 0 0 0.4 0 0 0 0 0 0 3.2 29.6 0 0 0 0.6000000000000001 0.6000000000000001 0 5.4 0 0 0 0 0 0 0 0.6000000000000001 0.6000000000000001 0 0 1 0 0 0 0.4 0 0.4 0 0 0 0 0 0 0 0 0 0 0 0 0 0 0 0 0 0 1.8 0 0 0 0 5 0.2 2.6 3.2 0 7.800000000000001 0 0.4 7.6000000000000005 3.8000000000000003 4 5.2 2.2 0 3.2 4.800000000000001 3.2 5.4 3 0 0 0 0 0 0 0.2 0 0 0 1.8 0 1.8 0 0 0 0 0 0 3.2 0.8 1 0 0 0 0 0 0 0 0 0 0 0 0 0 0 0 0 0 1.4000000000000001 0 0 0 6 0 0 0 0 0 0 0 0 0 0 0 0 0 0 0.6000000000000001 0 4.4 0 0.6000000000000001 7.2 2.8000000000000003 2.8000000000000003 2 0 2.8000000000000003 4.6000000000000005 2.4000000000000004 0 0 0 5.6000000000000005 2.4000000000000004 3.4000000000000004 6.6000000000000005 4 0 0 0 0 0 0 0 0 0 0.2 0 0 0 0 0 0 0 0 2 0 0 0 0 0 0 0 0 0 0 0 0 0 0 0 0 0 0 0 0 0 0 0 0 0.2 0 0 0 0.4 0 0 0 0 0 0 0 1.4000000000000001 0.4 0 0 0 0 1.8 0 0 0 0 0 0 0 0 0 0 0 0 0 0 0 0 0 0 2.4000000000000004 0 0 0 0 0 0 0 0 0 0 
 0.6000000000000001 0.6000000000000001 0.6000000000000001 0.6000000000000001 0.6000000000000001 15.4 0.6000000000000001 0.6000000000000001 0.6000000000000001 0.6000000000000001 0.6000000000000001 0.6000000000000001 0.6000000000000001 0.6000000000000001 0.6000000000000001 0.6000000000000001 0.6000000000000001 0.6000000000000001 0.6000000000000001 0.6000000000000001 13.200000000000001 25.8 38.400000000000006 0 32.800000000000004 6.6000000000000005 37.6 58 75.8 17.6 20.200000000000003 16.6 42.400000000000006 29 63.800000000000004 11.8 20.6 24.6 12 16.2 0 0 0 0 0.4 13.4 0.2 1 0 0 0 1.6 0.4 0 0.8 0 0.6000000000000001 0.6000000000000001 0 21.200000000000003 0 0 0 0 0 0 0 1.4000000000000001 0.6000000000000001 1 0 1 0 0 0 0.6000000000000001 0 1 0.2 0 0 0 0 0 0 0 0.2 0 0 0 0 0.4 0 0 0 0 0 0 0 0 2.8000000000000003 0 0 3.8000000000000003 0.2 4.2 2.6 0.2 1.4000000000000001 5.800000000000001 13.600000000000001 0.2 3 7.6000000000000005 0 4 9.200000000000001 3 0 0 0 0 4 0 0 0 1.6 0 0 0 3 0 0 0 4.6000000000000005 0 3.2 0 4 1 0 0 0 0 0.8 0 0 0 0 0 0 0 0 0 0 0 0 0 0 0 0 0 0 0 0 0 0 0 0 0 0 0 1 0 0 0 1.2000000000000002 0 4.2 0 2.2 0.6000000000000001 7.4 2.6 4 3 3.2 0 2.2 0 4.6000000000000005 4.2 0 0 2.6 7.2 0 12.8 5 0 4.4 0 0.2 0 0 0 2 0 0 0 0 3.2 0.4 0 0 0.2 0 0 3.2 0 0 0 0 0 0 0 0 0 0 0 0 0 0 0 0 0.4 0 0 0 0 0 0 4 0 0 0 0 0 0 0 0 0 0 0 1.2000000000000002 0 0.2 0 0.4 0 1.6 0 0 0 0 0 0 0 0 0 0 0 0 0.4 0 0 0 0 0 0 0 0 0 0 0 0 0 0 0 0 
 0 0.2 0 0 0.4 14 0 0.2 5 0 0 0 0 14.8 0 0.4 0.4 16.2 0.8 0 13.200000000000001 65 11.600000000000001 32.800000000000004 0 48 35 13 20 36.2 38.800000000000004 42.6 10 12.4 31.400000000000002 14.8 16.6 75 9.200000000000001 14.200000000000001 18 0 12.200000000000001 0 0.4 0 0 0.4 0 0.2 0 0 7 13 0.2 0 0.6000000000000001 0.6000000000000001 13.4 5.2 0 0 0.8 0 0 0 0 0.6000000000000001 1 0 0 2.2 0 0 0.2 1 1.2000000000000002 0.8 0 0 0.2 0 0 0 0 0 0 0 0 0 0 0 0 0.2 0 0 0 0 0 0 0 0 3.8000000000000003 2.6 0.2 6.2 0 1.8 1.8 0 0 4.4 0 0 0.2 0 1.6 7.6000000000000005 0 0 1.6 2 2.6 0.4 0 0 5.800000000000001 2 0 0 4 0 11.4 11 0 2.6 0 0 7 2 0 0.4 0 0 0 0 0 0 2.6 0 0.2 0 0.6000000000000001 0 0 0 0 0.6000000000000001 0 0 0 0 0 0 0 0 3 0 0 0 0 0 0 0 0.4 0 0 0.6000000000000001 0 2.4000000000000004 0 3 2.6 2 3.6 5.4 0 0 4.2 11.200000000000001 0.2 0 4.6000000000000005 0 1.6 2.4000000000000004 1.2000000000000002 2.2 0 0 0 4.4 2.2 0 0 0 2.8000000000000003 3.8000000000000003 0 1.6 0 0 2.4000000000000004 10.8 0 2.8000000000000003 2.4000000000000004 1.6 13 10.600000000000001 0 0 0 0 0 0 0 0 0 0 0 0.2 0 0 0 0 0 0 0 0 0 0 0 0 0 0 0 0 0 6 0 0 0 0 0.4 0 0.2 15.4 17.8 0.2 1.2000000000000002 0.4 0 0 0 0 0 0 0 0 0 0 0 0.4 0 2 0 0 0 0 0 2.2 0 0 0 0 0 0 0 0 
 0.6000000000000001 0 0 0 0.6000000000000001 0.4 0 0.4 0.4 0 0 0 0 0.4 0 0.6000000000000001 0.2 0 0.6000000000000001 0.4 6 39.400000000000006 5.800000000000001 6.6000000000000005 48 0 5.2 18.6 10 47.800000000000004 16 11.4 8.6 25.6 7.800000000000001 32.6 46.2 58.800000000000004 7.4 12.8 0 0.2 0.6000000000000001 0 0.4 0 0 11 0.2 0 0 12 0 12.4 12.4 0 0.6000000000000001 0.6000000000000001 0 0.6000000000000001 0 0 0 0 0.6000000000000001 0 0 0.8 0.6000000000000001 0 0 0.4 0 0 0 0.6000000000000001 0 0.4 0 0 0 0 0 0 0 0 0 0 0 0 0 0 0 0 0 0 0 0 0 0 0 5.800000000000001 2.8000000000000003 0 0.4 6.6000000000000005 0 0.2 0 0 0 3.6 0 0 1.8 4.6000000000000005 0 7.800000000000001 3.8000000000000003 0 10.600000000000001 0 0.6000000000000001 0 3.2 0 3.8000000000000003 0.4 3.8000000000000003 0 0 0 9.200000000000001 5.800000000000001 0.2 0 2.8000000000000003 0 2.6 1 0 0 0 0 0 0 0 0 0 0 0 0 0 0 4 0 0 0 0 0 0 0 0 0 0 0 0 0 2.2 0 0 0 0 0 0 0 0 0 0 0 0 4 0.2 0 13 2.4000000000000004 0 2 0 6 3.2 1 0 0 0 1.6 1.4000000000000001 0 0.4 0 0 1.8 0 0 0 0 7 2 0 5 0 0 1.8 4 4.6000000000000005 3.6 5.800000000000001 2 6.4 11 0 0 0 0 0 0 0 0 0 0 0 0 0 0 0 0 0 0 0 0 0 0 0 0 0 0 0 0 0 0.4 0 0 0 0 3.2 0 0 32.800000000000004 2.6 0 0 0 0 0 0 0 1.6 0 0 0 0 0 0 0 0 0 0 0 0 0 0 2 0 0 0 4.2 0 0 0 0 
 0.4 0.4 0.8 7.2 23.400000000000002 5.2 0.4 0.4 15.8 1 0.6000000000000001 5.2 0.4 0.4 0.4 16.400000000000002 0.4 16.2 0.4 0.4 49.400000000000006 67.60000000000001 60.2 37.6 35 5.2 0 52.400000000000006 79.80000000000001 9 51.2 20 13 100.4 52 21.6 21.6 6.2 23.400000000000002 28.6 0 0 0 0 0.6000000000000001 12 0 0 0 12.4 0 0.6000000000000001 0 0 0 0 0.6000000000000001 13 0 0.6000000000000001 0 1.6 0 0 0 0 0 0.6000000000000001 0.6000000000000001 0 0 0.4 0 0 0 0.6000000000000001 0 10.600000000000001 0 0 2.4000000000000004 0 0 0 0 2.4000000000000004 0 0 0 0 0 2.8000000000000003 0 0 0 0 0 0.2 0 0 0 0 1 2.4000000000000004 0 0 3.6 6.6000000000000005 4.4 0.2 6.4 2.8000000000000003 7.2 0.4 8.200000000000001 0.2 3.4000000000000004 2 3 3 0 0 0 0 0 0 0 0 0 0 0 0 0 0 0 0.4 0 0 0 0 3.4000000000000004 0 0 0 0 0 0 0.2 0 0 0 0 2.8000000000000003 0 0 0 0 0 0 0 0 0 0 0 2 3.2 0 0 0 2 3.6 2.6 0 0 0 0 0 0 0 0 0 3.4000000000000004 8.8 4.2 0 0 5.4 0 5.4 0 2.6 0 0 0 3.6 0.2 3 9.4 8 0 0 0.4 0 0.6000000000000001 0 0 0 0 0 0 0 0.2 0 0 0 0 0 0 0.2 0 0 0 0 0 3.4000000000000004 0 0 0 0 0 0 0 0 0 0 0 0 0 0 0 0 0 2.2 0 0 0 0 0 0 7 0 0 0 0 0.8 0 0 0 0 0 0.2 0 0 0 0 0 0 0 0 0 0 0 0 0 0 0 0 0 0 0 0 0 0 0 0 0 0 0 0 0 
 0 0 0 21 15.4 0 0 0 0.2 0 0 0.2 0 0.4 0 1 0.2 0.2 0 0 57.6 40.800000000000004 33.800000000000004 58 13 18.6 52.400000000000006 0 31.8 23 20.8 25.8 22.200000000000003 37.800000000000004 26.400000000000002 29.200000000000003 12 57.2 22.8 28.400000000000002 0.4 0 0 0 0.4 0 0 0 0 0 0 1.4000000000000001 0 0 0 0 0.6000000000000001 0.6000000000000001 0.8 0.4 0 0.4 0 0 0 0.2 0 0.6000000000000001 0.4 0 0 0.4 0 0 0 0.6000000000000001 0 0.4 0 0 0 0 0 0 0 2.6 0 0 0 0 0 0 0 0 0 0 0 2.6 0 0.2 3.8000000000000003 0 0.2 3.4000000000000004 4.800000000000001 3.2 4.2 2 6.4 2.6 1.2000000000000002 6.4 2 1.6 4.6000000000000005 3.8000000000000003 3 8 0.2 4.6000000000000005 0 0 0 0 0 0 4.800000000000001 0 0 0 0 0 3.2 0 0 0 0 0 0 4.2 0.4 0 0 0 0.2 0 0.2 0 0 0 0 0 0 0 0 0 0 0 0 0 0.4 0 0 0 12.200000000000001 2.6 0 0 0 0.4 5.2 0 0 0 0 0.4 0.6000000000000001 0 0.6000000000000001 0 0 0 4.800000000000001 2.2 0 5.6000000000000005 4.4 0 4.800000000000001 0.6000000000000001 9 0 1.6 2 1.2000000000000002 3.6 0 2.2 3 0 0 0 0 0 0 0 0 0 0 0 0 0 0 0 0 0 0 0 0 8 0 0 0 0 0 0 0 0 0 0 0.2 0 0 0 0 0 0 0 0 0 0 0 1.6 0 0 0 0 0 0 14.4 0 0 0 0 0.2 0.4 0.4 19.6 0 0.4 1.8 0 0 0 0 0 0 0 0 0 0 0 0 0 0 0 0 0 0 0 0 0 0 0 0 0.2 0.2 0 0 0 
 0 0 0 0 0 14.8 0 0 11.8 0 0 0 0 0 0 0 0 0 0 0 37.2 27.8 47.800000000000004 75.8 20 10 79.80000000000001 31.8 0 28.400000000000002 56.6 74.2 12.8 60.800000000000004 38.400000000000006 78 21 29.8 13.600000000000001 33.6 0 0 0 0 0.4 12.4 0 0 0 0 0 0.6000000000000001 0 0 0 0 0.6000000000000001 0.6000000000000001 0 0.6000000000000001 0 0 0 0 0 0 0 0.6000000000000001 0.6000000000000001 0 0 4 0 0 0 0.6000000000000001 0 0.4 0 0 0 0 0 0 0 0 0 0 0 0 0 0.2 0 0 0 0 0 0 0 0 0 6.4 2.2 7.2 0.6000000000000001 4.6000000000000005 4.800000000000001 0.2 0.2 0 4.2 8 2.2 0.4 0.2 5.4 9.600000000000001 3.2 2.8000000000000003 0 3.4000000000000004 0 0 0 0 0 1.4000000000000001 0 0 0 0 0 2.8000000000000003 0 0 0 0 0 2 2 1 0.6000000000000001 0 0.4 0 0 0 0 0 0.4 0 0 0 0.4 0 0 0 0 0 2.2 0.2 0 0 0 0 0 0 0 0 0.4 0 0 0 0 0 0 0 0 0.2 0 2.8000000000000003 5 2.6 6 0 2.4000000000000004 5.6000000000000005 1.6 2.8000000000000003 16.6 3 0 0 0 6.2 5.4 5 5.800000000000001 4.4 0 0 0 0 0 0.2 0 3.8000000000000003 0 0 1.6 0 0 0 0 4 0 0 0 5.2 0 0 0 0 0 0 0 0 0 0 0 0 0 0 0 0 0 0 0 0 0 0 0 2 0 0 0 0 0 0 0 0 0 0 0 0.4 0 0.6000000000000001 0 0 0 0.4 0.2 0 0 0 0 0 0 0 0 0 0.2 0 0 0 0 0 0 0 3 0 0 0 0 0 0 0 0 0 0 
 0 0 0 0 1.2000000000000002 0.4 0.4 0 14.8 0 0 42.6 0 0 0 2.2 0 0.6000000000000001 0 0 12.4 31 24.6 17.6 36.2 47.800000000000004 9 23 28.400000000000002 0 50 38.400000000000006 11.200000000000001 16.400000000000002 31.200000000000003 77 43.6 25.400000000000002 14.8 64.4 0.8 0 0.6000000000000001 0 0.4 0 0 0 1.2000000000000002 0 0 0 6 12.4 0 16.2 0.6000000000000001 0.6000000000000001 12.600000000000001 13.600000000000001 0 0 0 0 0 0 0 0.6000000000000001 10.4 0 0 0.4 0 0 0 0.6000000000000001 0 0.4 0 0 0 8 0 0 0 0 0 0 0 0 0.4 0 0 0 0 0 0 0 0 1 0 0 5.4 9.600000000000001 5.6000000000000005 2 0.2 1.8 0.2 0.2 1.4000000000000001 0 0.2 1.6 0 0 0 0.2 0 0 0 1.6 0 0 0 0 8.4 0 0 0 0 0 9.600000000000001 3.2 0 2.2 0 0 2.6 3 0.2 0 0 0 0 0 0 0 0 0 0 0 0 4 0 0 0 0 0 0 0 0 3.6 0 0 0 2.8000000000000003 0 0 0 0 0 0 0 0 0 0 0 0 1.4000000000000001 0 2.2 1.4000000000000001 0 10.200000000000001 2.6 1.2000000000000002 0.2 0 3.6 4.2 3 0 0 0 0.2 3.2 2.2 0 0 2.4000000000000004 5.6000000000000005 0.4 0 0 0 5.2 3.2 3.8000000000000003 0 0 0 0.2 0 0 0 0 0 3 2.6 0 0 0 3.2 0 0 0 0 0 0 0 0 0 0 0 0 0 0 0 1.8 0 0 0 0 0 0.4 0 0 0 0 0 0 0 0 0 0.4 0.6000000000000001 15.600000000000001 32.800000000000004 0.4 0.6000000000000001 0.4 0 0 0 0 8.4 0 0 0 0 0 0 0 0 0 0 0 0 0 0 0.2 0 0 0 1.4000000000000001 0 0 0 0 
 0 0 0 0 1 14.8 0 0 0 0 0 0 0 0 0.2 0.6000000000000001 0 0 0 0 21.400000000000002 9 25.6 20.200000000000003 38.800000000000004 16 51.2 20.8 56.6 50 0 23.8 8.8 15.8 27.6 17.2 42.800000000000004 24.200000000000003 14.4 17 0 0 0 0 0.4 12.4 0 0 0 0 0 0.4 12.200000000000001 13.600000000000001 0.2 0 0.6000000000000001 0.6000000000000001 26.200000000000003 0.8 0 0 0 0 0 0 0 0.6000000000000001 0.6000000000000001 0 0 0.4 0 0 0 0.4 0 0.4 0 0 0 0 0 0 0 0 0 0 0 0 0 0 0 0 0 0 0.2 0.4 0 0 0 2.8000000000000003 6 5.4 7.4 0 4.800000000000001 0 0 0.6000000000000001 4.2 0 1.6 0 0.2 4.6000000000000005 5.4 4.4 0 0 0 2.6 0 0 0 0 4.2 0 0.4 0 0 0 2.4000000000000004 0 0 2.4000000000000004 3.8000000000000003 0 0 5 0 0 0 0 5.800000000000001 0 0 0 0 0 0 0 0.4 0 0 0 0 0.2 0 0 0 0 0 2.8000000000000003 0 0 1.4000000000000001 0 0 0 0 0 0 0 0 0 0 0 0 1.2000000000000002 2.8000000000000003 8 3.8000000000000003 5.6000000000000005 0.6000000000000001 0 0 0 4.800000000000001 4.4 0 4.4 0 0 3.8000000000000003 0 11.200000000000001 1.4000000000000001 3.8000000000000003 0 4.4 0 0.2 0.2 0 0 1.8 1.8 0 0 0 0 2 0 0 0 0.2 0 4.2 0 0 0 0 0 0.4 0 0 0 0 0 0 0 0 0 0 0 2 0 0 0 0 0 1.6 0 0 0 0 0 0 0 0 0 0 0 0 0 1.2000000000000002 15.600000000000001 14.8 0.4 0.4 0.8 0 0 0 0 0 0 0 0 0 0 0 0 0 0 0 0 0 3 0 0.2 0 0 0 0 0 0 0 0 
 0.4 0.4 0 0 0.6000000000000001 0 0.4 0.4 0 0.6000000000000001 0 0 0 0 7.800000000000001 0 0.2 0 0 0.2 8.200000000000001 22 25 16.6 42.6 11.4 20 25.8 74.2 38.400000000000006 23.8 0 10 12 9 21.400000000000002 35.4 58.2 14.4 48.6 0 0 0 0 0.4 0 0 0 0 0 0 0 12.600000000000001 4.2 0 0 0.6000000000000001 0.6000000000000001 5.800000000000001 40.800000000000004 0 0 0 0 0 0 0 0.6000000000000001 0.6000000000000001 0 0 2.4000000000000004 0 0 0 0.6000000000000001 0 0.8 0 0 0 0 0 0.4 0 0.4 0 0 0 0 0 0 0 0 0 0 0 0 0 0 0 0 2 3.8000000000000003 8.8 4.2 0 0 3.6 0 2.4000000000000004 2.6 0 0 0 2.2 2.2 3.8000000000000003 0 3 0 1.8 0 0 0 0 2.8000000000000003 3.8000000000000003 0 0 2 0.6000000000000001 0 11 2.6 2.4000000000000004 0.4 0 5.4 0.4 0 0 0 0 0.8 0 0 0 0 0 0 0 0 0 0 0 0 0 0 0 0 0 0 0 0 0 0.8 0 2.4000000000000004 0 0 0 0 0.4 0 0 0 0 0 0.6000000000000001 0 0.2 2 0.4 2 2.4000000000000004 0 0 2.4000000000000004 2 6.6000000000000005 8.4 0 0 0 1.4000000000000001 0 9.200000000000001 0 3.6 5.2 4 2.4000000000000004 0 0 0 12.8 1.6 2.8000000000000003 0 0 0 2.2 5.6000000000000005 2 3 0 2.6 5.4 5.800000000000001 0 0 0 0 0 0 0 0 0 0 0 0 0 0 0 0 0 0 0 0 0 0 0 0 0 0 0 0 0 0 0 0 0 0.2 0 0.8 0 0.8 0.2 0.2 0.4 0.2 0 0 0 0 0 0 0 0 0 0 0 0 0 0 0 0 0 0 0 0 0 0 0 4.2 0 0 0 0 
