 0 32 30.200000000000003 27.8 22.400000000000002 10.8 49.6 8.8 54.2 31 25.200000000000003 21.200000000000003 92.4 6.6000000000000005 54 8.6 10.600000000000001 5.2 27 74.8 0.6000000000000001 0 0 0 0 0 0.4 0 0 0 0 0 0 0.4 0.4 0.6000000000000001 0 0.4 0 0.2 0.6000000000000001 0 0 0 0 0.8 0 1.4000000000000001 0 0.6000000000000001 0 0.4 1.4000000000000001 0.6000000000000001 0.4 0 1.2000000000000002 0 0 0 1.4000000000000001 0 0 0 0 0 0 0 0 0.4 0 0.6000000000000001 0 0 0.4 0 0 0 0 0 5.2 1.2000000000000002 2.8000000000000003 1 3.4000000000000004 0 8 2.2 0 0 0.4 0.4 7.800000000000001 9 0.2 3.6 4.4 3.2 0 6.2 0 0 0 0 0 0 0 0 0 0 0 0 0 0 0 0 0 0 0 0 0 0 0 0 0 0 0 0 0 0 0 0 0 0 0.8 0 0 0 0 0 0 0 0 0 0 0 0 0 0 0 0 0 0 0 0 0 0 0 0 0 1.4000000000000001 8.8 3.2 8.8 0 2.4000000000000004 2.4000000000000004 2.8000000000000003 7.2 16.6 0 0.2 3.6 2.4000000000000004 3 0.2 10.4 7.4 4.2 0 0 0 0 0 0 0 0 0 0 0 0 0 0 0 0 0 0 0 0.2 0 0 0 0 0 0 0 0 0 0 0 0 0 0 0 0 0 0 0 0 0 0 0 0 0 0 0 0 0 0 0 0 0 0 0 0 0 0 0 0 0 0 0 0 0 0 0 0 0 0.4 0 0 1.4000000000000001 1.8 0 0 0 0 0 0 0 0 0 0.2 0 0 0 0 0 0 0 0 0 0 0 0 0 3 0 0 0 0 0 0 0 0 0 0 0 0 0 
 32 0 25 17.2 45.400000000000006 111.4 44.6 38 52.6 15.200000000000001 27.8 79.4 44.6 66.4 27.8 8.4 8.8 122.2 31.400000000000002 13.8 1 0 0 0.4 0 0 7.2 0 0.2 0 0 0.6000000000000001 0.6000000000000001 0.4 0 0.8 0.2 0.4 15.200000000000001 0 0.8 0 0 0 0 0.6000000000000001 0.6000000000000001 0 0 0.6000000000000001 0 0.4 0.6000000000000001 0.6000000000000001 0.8 0 0 0 0 0 0.6000000000000001 0 0 0 0 0 0 0 0 0.6000000000000001 0 0 0 0 0.4 0 0 0 0 0.6000000000000001 6.2 2.6 0.2 1.8 1.8 0 0 5.2 8.6 4.2 10 2 0.2 4.2 8 5.2 1.6 4.800000000000001 0 4.4 0 0 0 0 0 0 0 0 0 0 0.4 0 0.2 3.2 0 0 0 0 0 1.8 0 0 0 0 0 0 0 0 0 0 0 0 0 0 0 0 0 0 0 0 0 0 0 0 0 0 0 0 0 0 0 0 0.2 0 0 0 0 0 0 0.2 0 4 6.800000000000001 0 2.8000000000000003 0.2 0 1.8 4.4 2.6 0 0 7.4 2.2 2.2 0 4.6000000000000005 3.8000000000000003 0 0.6000000000000001 0 0 0 0 0.2 0 0 0 0 0 0 0 0 0 0 0 0 0 2.8000000000000003 0 0.4 0 0 0 0.2 0 0 0.4 0 0 0 0 0 0 0 0 0 0 0 0 0 0 0 0 0 0 0 0 0 0 0 0 0 0 0 0 0 0 0 0 0 0.4 0 0 0 0.8 0 0 0 18.8 0.4 1.6 0 0 0 0 0 0.4 0 0 0 0 0 0 0 0 0 0 0 0 0 0 0 0 0 2.8000000000000003 1.6 0 0 0 0 0 0 0 0 0 0 0.8 0 0 
 30.200000000000003 25 0 46.800000000000004 28.200000000000003 26.400000000000002 14.4 16.2 23.200000000000003 63 6.800000000000001 9.600000000000001 59.400000000000006 30.6 28.200000000000003 7.2 26.6 28.200000000000003 26.6 72.4 0.8 0.2 0 0.6000000000000001 0 0 0.6000000000000001 0.6000000000000001 0 0 0 0.6000000000000001 0 2.2 16.2 0.8 0.6000000000000001 0.6000000000000001 0 0.6000000000000001 0.4 0.4 0 0 0 0.6000000000000001 0.6000000000000001 0 0 0.6000000000000001 0 1 0.6000000000000001 0.6000000000000001 0.4 0 0 0 0.4 0.4 2.4000000000000004 0 0 0.4 0 0 0 0 0 0.4 0.6000000000000001 2 0 0.6000000000000001 1.2000000000000002 0.4 0 0 0.2 0 3 2 2.8000000000000003 4.6000000000000005 5.800000000000001 4 2.6 7 2.4000000000000004 1.2000000000000002 6.2 3.6 2.8000000000000003 8.6 0 0 7.4 2 0.2 2.2 2.8000000000000003 0 0 0 0 0 0 0 0 0 2.6 0 0 0 0 0 0 0 0 0 0 0 0 0 0 0 0 0 0 0 0 1.4000000000000001 0 0 0 0 0 7.6000000000000005 0 0 0 0 0 0 1.6 0.4 0 0 0 0 0 0.2 0 0 0 0 0 0 0 0 5.4 0 0 3.8000000000000003 0 0 1.2000000000000002 1.8 0 0.2 2.2 0 0 0 0 3.8000000000000003 0 0.2 2 3.6 1.2000000000000002 0 0 0 0 0 3 0 0 0 0 0 2 0 0 1.8 0.4 0 0 2.4000000000000004 0 0 2 0 0 0 0 0 0 0 0 0 0 0 0 0 0 0 0 0 0 0 0 0 0 0 0 0 0 0 0 0 0 0 0 0 0 0 0 0 0 0 0 0 0 0 18.6 0 0 20.8 0 1.8 0 0 0 0 0 0 0 0 0 0 0 0 0 0 0 0 0 0 0 0 0 0 0 0 0.2 4.2 0 0 0 0 0 0 0 0 0 0 0 0 
 27.8 17.2 46.800000000000004 0 60.400000000000006 32.4 37 92 19.6 25 15.600000000000001 25.6 28.400000000000002 40.2 10.200000000000001 8 45.2 22.8 32.6 29.6 0.6000000000000001 0.2 0 15 0.2 0.8 1 0 0 0 0 0 0 0 0 0.4 0 0.4 14.8 14.8 0.4 0 0 0 0 0.6000000000000001 0 0 0 11.8 14.8 0.6000000000000001 0 0.6000000000000001 0.4 0 0 0 0 0 0 0 0 0 0 0 0 0 0 0.4 0 0 0 6.800000000000001 0.4 0 0 0 0 0 0 2.2 0 2.4000000000000004 4.800000000000001 0 1.8 4.4 0.2 2 2.6 7.4 0 1.4000000000000001 3.4000000000000004 5.6000000000000005 0.2 4.4 0 0 0.2 0 0 0 0 0 4 0 0 0 0 0 0 0 0 1.8 0 0.4 1.8 0 0 0 0 0 0 0 0 0 0 0 0 0 0 0 0 0 0 0 0 0 0 0 0 0 0.2 0 0 0 0 0 0 0 0 0 0 0 0 0 0 0 0 0 0 0 4 2.8000000000000003 0.4 0.2 2.8000000000000003 4.800000000000001 3.6 1.8 0 0 0 1.8 2.2 4.800000000000001 0 1.6 0 0 0 0 0 0 3.2 0 0 0.4 0 0 0 0 6.800000000000001 9 0 0 2 0 3.2 0 0 0 0 0 0 0 0 0 0 0 0 0 0 0 0 0 0 0 0 0 0 0 0 0 0 0.2 0 0 0 0 0 0 0 0 0 0 0 0 0 0 0 0 0 0.4 0.4 0 0.4 0.2 0 1.8 0.4 0 0.4 0 0 0 0 0 0 0 0 0 0 0 0 0 0 0 0 0 0 0 0 0 1.4000000000000001 0 0 0 0 0 0 0 0 0 0 0 0 0 
 22.400000000000002 45.400000000000006 28.200000000000003 60.400000000000006 0 60.2 31 28 16 36.2 25 26.8 32 44.6 13.4 16.2 64 40.6 13.200000000000001 19.6 0.6000000000000001 0 0 0 0 0.2 0.4 0 0 0 0 0 0 0 0 0.4 0.2 0.8 10.600000000000001 0.2 0.6000000000000001 0 0 0 0 0.6000000000000001 0 1 0 0.6000000000000001 0 0.4 0.2 0.6000000000000001 0.4 0 0 0 0 0 0 0 0 0 0 0 0 0 0 0.4 0 0 0 0 0.4 0 0.2 0 0 0 1.4000000000000001 12 11.8 2.2 2.8000000000000003 0 0.4 4.800000000000001 6.2 4.800000000000001 10.200000000000001 3.6 2.6 0 5.6000000000000005 4 9.600000000000001 5.6000000000000005 0 0 3.8000000000000003 0 0 0 0 0 0 0 0 0 0 0 0 3.4000000000000004 0 1.8 0 0 0 0 0 0 0 0 0 0.4 0 0 0 0 0.2 0 0 0 0 0 0 0 0 0 0 0 0 0 3.6 0.4 0 0 0 0 0 0 0 0 0 0 0 0 0 0 0.2 2.4000000000000004 2.8000000000000003 0.6000000000000001 0 2.8000000000000003 0.4 0 3 2.8000000000000003 0.6000000000000001 5 0 0.2 4.2 3.2 3 8 0 1.8 0 0 0 0 0 0 0 0 0 0 0 0 2 0 0 0 0 0 2.4000000000000004 0 0 0 0 0 0 0 0 0.2 0 0 0.4 0 0 0 0 0 0.2 0 0 0 1.8 0 0 0 0 0 0 0 0 0 0.2 0 0 0 0 0 0 0 0 0 0 0.2 0 0 0 1.2000000000000002 18 0 0.6000000000000001 1.2000000000000002 0.4 1 0.6000000000000001 0 0 0 0 0 0 0 0 0 0 0 0 0 0 0 0 0 0 0 0 0 0 0 5.800000000000001 0 0 0 0 0 0 0 0 0 0 0 0 0 
 10.8 111.4 26.400000000000002 32.4 60.2 0 23.400000000000002 61.400000000000006 10.4 73.60000000000001 64.8 58 6.800000000000001 13.600000000000001 9.600000000000001 14.8 29.6 32 11.8 10 15.600000000000001 42.400000000000006 0 0 4.800000000000001 0 17.6 57 7.800000000000001 11.200000000000001 0.6000000000000001 0 16.2 15 1 0.4 24.8 0.6000000000000001 0.6000000000000001 0.6000000000000001 0.6000000000000001 0 0.6000000000000001 0.6000000000000001 0 0.6000000000000001 0 0 0 0.6000000000000001 0 0.4 0 1.2000000000000002 0.4 0 0 0 0 0.6000000000000001 0 0.4 0 0 0 0 0.2 0.2 0 0.4 0 0 0.4 1.4000000000000001 0.4 0.2 0 0 0 1.6 0 9 6.2 0 6.4 13.600000000000001 0 1.2000000000000002 11.4 0.8 2.2 0.6000000000000001 0 0 7 0 8 0 0 0 5.2 0 3.6 11.4 0 0 1.2000000000000002 1.2000000000000002 1.6 0 4.2 0 2.4000000000000004 0 2.8000000000000003 3.2 0 5.2 1.4000000000000001 9.4 0 0 0 1.4000000000000001 0 0 0 0 0 0.2 0 0 0 0 0 0 0 0 0 0 0 0 0 0 1 0 0 0 0 0 0 0 0 0 0 0 0 0 0 0 0 4 0 0.4 0 1 0 0 0 2.8000000000000003 0 2 0 0.8 2 0 0 3.6 0 0.4 0 0 1.8 3 0 0 4.2 0 0.2 0.4 3 0 4.800000000000001 0 4.4 0 9 1.4000000000000001 6.2 5 0 0 0 0.4 0 0 0 0 0 0 0 0 0 0 0 0 0 0 0 0 0 0 0 0 0 0 0 0 1.8 0 0 0 0 0 0 3 0 0 0 0 0 0 0 0 0 0.4 19.400000000000002 0.2 1.2000000000000002 0.2 0.2 1.2000000000000002 0 0 0 0 0.2 0 0 0.4 0 0 0 0 0 0 3.6 0 0 0 0 0 0 0 0 0 3.8000000000000003 0 0 0 0 0 0 0 0 0 0 0 0 0 
 49.6 44.6 14.4 37 31 23.400000000000002 0 76.2 54.6 5.800000000000001 41 31 80.60000000000001 34 58.2 71.60000000000001 14.600000000000001 153.8 35.4 34.4 0.6000000000000001 0 0.4 0 0 0.4 1.2000000000000002 0 0 0 0.4 0 0.6000000000000001 0 0 0.8 0.2 0.4 0 1.4000000000000001 1.2000000000000002 0.4 0 0 0.4 0.6000000000000001 0 0 0 1.2000000000000002 0 0.8 0 1.2000000000000002 0.4 0.2 0 0 0 0 0 0.4 0.6000000000000001 0 0 0 0 0 0 0.4 0 0 0 0.4 0.4 0 0 9.200000000000001 0 0 0.2 6.6000000000000005 2 2.8000000000000003 6.800000000000001 0 2 0.2 9.8 0 5.2 8.4 0 1.6 4.6000000000000005 0.2 10.600000000000001 2.8000000000000003 0 13.600000000000001 0 0 0 0 0 0 0 0.4 0 0 0 0 0 0 0 0 0 0 0 0 0.4 0 0 0 0 0 0 0 0 0 0.4 0 0 0 4 0 0 0 0 0 0 0 0 0 0 0.2 0 0 0 2.6 0 0 0.4 0 0 3.4000000000000004 0 0 0 0 3 1.6 0.8 0 0 6 0 1.2000000000000002 3 3.8000000000000003 0 3.8000000000000003 0 2 10.200000000000001 4.2 2.4000000000000004 5.800000000000001 0 3 0 0 0 0 0 0.4 0 0 0 0 0 0 0 0.2 0 0 0 0 5.4 0 0 0 0 0 0 0 0 0 0 0 0.2 1.2000000000000002 0 3 0 0 0.4 0 0 0 0 0 0 0 0 0 0 0 0 0 0 0 0 0 0 0 0 0 0 0 0 2 0 0 0 0.4 0 0 0 17.6 0 2 0 0 0 0 0 0 0 0 0 0 0 0 0 0 0 0 0 0 0 0 0 0 0 4.2 2.6 0 0 0 0 0 0 0 0 0 0 0 0 0 
 8.8 38 16.2 92 28 61.400000000000006 76.2 0 13.200000000000001 48.800000000000004 6.2 8.4 29.6 62 80.60000000000001 16.6 22.8 22.200000000000003 29.6 34.800000000000004 0.4 0 0 0 0 0 0.6000000000000001 0.6000000000000001 0 0 0 0.8 0 0 0 0.4 1.6 0.4 0.2 0 0.4 0 0.6000000000000001 0 0.8 0.6000000000000001 0 0 0 17.8 0 0.6000000000000001 0 0.6000000000000001 0.4 0 0 0 0.4 0 0 0 0 0 0 0 0 0 0 0.4 0 0 0 0 0.4 0 0 0 0 0 0 7.6000000000000005 10.600000000000001 0.2 10.8 0 5.2 4 6.2 4.6000000000000005 0.4 3.8000000000000003 3.2 4.2 1 5.4 14 4 0 4.4 2.8000000000000003 0 0 0 0 0 4.6000000000000005 0 0 0 0 0 0 0 0 0 0 0 0 0 0 0 0 0 0 0 0 0 0 0 0 0 0 0 0 0 3.2 0 0 0 0.2 0 0 0 0.8 0 0 0 0 0 0 0 0 0 0 0 0 0 0 0 0 2.6 2.2 0 0 2 0 2 6 6.800000000000001 3.2 2.2 0 0 7.4 2 16 8 0 0 0 0 0 0 0 0 0.2 0 0 0 0 0 0 0 6.2 0 0 0 2.6 1 0 0 0 0 0 0 0 0 0 0 0 0 0 0 0 0 0 0 0 0 0 0 0 0 0 0 0 0 0 0 0 0 0 0.2 0 0 0 0 0 0 0 0 0 0 0 0.2 18 0 0.2 0.8 0 1.8 0 0 0 0 0 0 0 0 0 0 0 0 0 0 0 0 0 0 0 0 0 0 0 3.8000000000000003 5.800000000000001 0 0 0 0 0 0 0 0 0 0 0 0 0 
 54.2 52.6 23.200000000000003 19.6 16 10.4 54.6 13.200000000000001 0 82.4 43.400000000000006 7.6000000000000005 40.800000000000004 108 18.2 68.4 31.400000000000002 114.80000000000001 42.6 77.4 0.4 0 0 0 0 0 0.6000000000000001 0 0 14.8 0 0 0 0 0.2 0.4 0 0.4 0 0.2 0.2 0 0 0 0 0.6000000000000001 0 0 0 0.6000000000000001 0 0.6000000000000001 0 7.800000000000001 0.4 0 0 0 0 0 1.6 0 0 0 0 0 0 0 0 0.4 0 0.8 0 0 0.4 0 0 0.2 0 0 4 2.2 0.6000000000000001 1.2000000000000002 0 0 0 0.6000000000000001 3.6 2.2 2.4000000000000004 0 9.8 4 0 3.2 2.6 2.6 2.8000000000000003 2.6 0 0 0.2 0 0 0 0 0 0 0.2 0 0 0 0 0 0 0 0 0 2 0 0 0 0 0 0 0 0 0 0 0 0 0 0 0 0 0 0.4 0 0 0 0.2 0 0.4 0.4 0 0 0 0 0 0.2 0 1.2000000000000002 0 0 0 0 0.2 0 0 1.8 3.6 1.6 0 6 0.4 3.8000000000000003 0 2 0 2.6 2.8000000000000003 5.2 0 0 3 1.8 0 3 0 0 0 0 0 0 0 0 0 0 0 0 0 0 0 0 0 8 0 0 0 0 0 0 0 0 0 0 0 0 0 0 0 0 0 0 0 0 0 0 0 0 0 0 0.4 0 0.4 0 0 0 0 0 0.2 0 0 0 0.2 0.2 2.8000000000000003 0 0.2 0 2.4000000000000004 0 0 0 0 0.4 0 0.6000000000000001 19.400000000000002 0 0.2 0 0 0 0 0 0 0 0 0 0 0 0 0 0 0 0 0 0 0 0 0 0 0 0.6000000000000001 0 0 0 0 0 0 0 0 0 0 0 0 0 0 
 31 15.200000000000001 63 25 36.2 73.60000000000001 5.800000000000001 48.800000000000004 82.4 0 60.800000000000004 23 46.400000000000006 18.6 16.2 34.4 21.6 28 37 102.80000000000001 15.200000000000001 0 0 0 0 0 0.6000000000000001 0 0 0 0 0 15 0 0.4 0.4 0 0.4 5 4 0.4 0 0 0 0 0.6000000000000001 0 0 0 1 0 0.6000000000000001 0 0.6000000000000001 0.8 0 0 0 0 0 0.8 0 0 0 0.4 0 0 0 0 0.4 0 0.2 0 0 0.4 0 0 0 0 0 0 2.2 3.6 1.2000000000000002 4.2 0 1.6 1.8 2.4000000000000004 7.2 2.8000000000000003 0 0 1.4000000000000001 0.2 7.4 5 4.800000000000001 0 1.6 2.2 0 1 0 0 0 0 0 0 0 0 0 0 2.8000000000000003 0 0 0 0 0.8 1.8 0 0.2 0 0.6000000000000001 0 0 0 0 0 0 0 0 0 0 0.6000000000000001 0.4 0 0 0 0 0 0 0 0 0.6000000000000001 0 0 0 0 0 0 0 0 0 0 0 0 0 0 0 1.6 0 0 8.8 1.8 0 1.2000000000000002 0 4.2 2.8000000000000003 0 0 0 0 3.2 0 2.2 6.2 3.6 0 4.2 0 0 0 0 0 3 3.2 5 0 0 0 2.4000000000000004 0.2 0.4 0 0 0 3.2 3 0 0 0 0 0 0 0 0 0 0 0 0 0 0 0 0 0 0.4 0 0 0 0 0 0 0 0 0 0 0 0 0.4 0 0 0 0 0 0 0 0 0 0 0 0 0 0 0.2 22.200000000000003 0 0.4 0.6000000000000001 0.4 1.2000000000000002 2.2 0 0 0 0 0 0 0 0 0 2.4000000000000004 0 0 0 0 0.2 0 0 0 0 0 0 2 0 0.2 0.2 0 0 0 0 0 0 0 0 0 0 0 0 
 25.200000000000003 27.8 6.800000000000001 15.600000000000001 25 64.8 41 6.2 43.400000000000006 60.800000000000004 0 75.2 31.400000000000002 30.8 34 15.600000000000001 52.6 28.6 26.400000000000002 14.4 0.8 0 0 0.4 0 0.8 16.400000000000002 0 0 0 0 0 0 14.8 0 0.4 15.600000000000001 0.4 14.8 30 0.6000000000000001 0 0 0 0 0.6000000000000001 0 1 1 0.6000000000000001 12.8 0.4 0 0.6000000000000001 0.4 0 0 0 1.2000000000000002 0 0 0 0 0 0 0 0 0 0 0.4 0 0 0 1 0.4 0 0 0 0 0 3.8000000000000003 4.4 5.4 2.8000000000000003 0 0 0 0 1.8 6 0.2 3.2 2.6 4 0.6000000000000001 4 6.2 2 0 0.4 0 0 0 0 0 0 1.8 0 0 0 0 0 4.6000000000000005 0.2 0 0.2 0 0 0 0.6000000000000001 0 0 0 0 0 0 2.2 0.4 0 0 1.6 0 0 0 2.6 0 0 0 0 0 0 0 1.6 0 0 0 0 0 0 0 0 0 1.2000000000000002 0 0 0 0 0 0 0 0 3.8000000000000003 5.800000000000001 4.4 4.4 7 0 0 7 4.6000000000000005 4 9.200000000000001 6.800000000000001 0 6.6000000000000005 4.2 2.2 8.4 0.2 0 1.6 0 0.2 0 0 0 0 0 5.6000000000000005 0 0 0 0 0 2 6.800000000000001 0 0 0 0 0 0 0 0 0 0 0 0 0 0.4 0 0 0 0 0 0 0 0 0 0 0 0 0 0 0 0.2 0 0 0 0 0 0 0.2 0 0 0 0 0 0 0 0 0.2 0 0 0 2.4000000000000004 0.6000000000000001 0 0.2 1.2000000000000002 0 1.2000000000000002 2 0 0 0 0 0 0 0 0 0 0 0 0 0 0 0 0 0 0 0 0 2.8000000000000003 0 0 0 0 0 0 0 0 0 0 0 0 0 0 0 0 
 21.200000000000003 79.4 9.600000000000001 25.6 26.8 58 31 8.4 7.6000000000000005 23 75.2 0 28 7.4 8.200000000000001 5 51.6 50 7.2 5.6000000000000005 0.6000000000000001 14.4 0.4 0 0 0 0.6000000000000001 0 0 0 0 0 0 0 7.6000000000000005 0.4 15 0.4 16 15.600000000000001 0.6000000000000001 0 0 0 0 0.6000000000000001 0 0.8 0 0.6000000000000001 0 0.4 0 0.6000000000000001 0.4 0 0 0 0 0 0 0 0 0 0 0 0 0 1 0.4 0 0 0 0 0.4 0.2 7.800000000000001 0 0 0 0.2 12.8 5 0 0 2.4000000000000004 0 2.4000000000000004 14.600000000000001 2.4000000000000004 12.600000000000001 1 2.6 1 7.800000000000001 7.2 5.800000000000001 3 0 0.2 3 0 0 0 0 0 2 0 0 0 0 0 0 5 0 2 0 0 0 0.6000000000000001 0 0 0 0 0 0 0 0 0 0 0 0 0 0 0 0 0 0 0 0 0.4 0 0 0 0 0 0 0 0 0 0 0 1.2000000000000002 0 0 0 0 0 0 0 0 5.6000000000000005 2.2 0.2 0 2.4000000000000004 0 2.6 3 3.8000000000000003 0 9 0 0.8 3.8000000000000003 2.2 2.8000000000000003 7.800000000000001 0.6000000000000001 0 0 0 0 0 0 0 0 2 2.2 0 0 0 2 0 0 2.6 0 0 5.4 8.200000000000001 0 0 0 0 0 0 0 0 0 0 0 0 0 0 0 0 0 0 0 0 0 0 0 0 0 0 0 0 0 0 0 0 0 0 0 0 0 0 0 0 0 0 0 0 0 0.6000000000000001 0.6000000000000001 0 0.2 0.6000000000000001 0 3.2 0 0 0 0 0 0 0.2 0 0 0 0 0 0 0 0 0 0 0 0 0 0 0 0 0 3.8000000000000003 0 0 0 0 0 0 0 0 0 0 0 0 0 
 92.4 44.6 59.400000000000006 28.400000000000002 32 6.800000000000001 80.60000000000001 29.6 40.800000000000004 46.400000000000006 31.400000000000002 28 0 51.800000000000004 19 44.400000000000006 42.2 5.6000000000000005 73.2 51 0.6000000000000001 0 0 0 0 0 0.8 0 0.4 0 0 4.4 0 0 0 0.4 0 0.4 0 0 0.4 0 0 12.200000000000001 0 0.6000000000000001 0 0 0 0.6000000000000001 0 0.6000000000000001 0 0.6000000000000001 0.4 0 0 0 0 0 0.2 0 0 0 0 0 0 0 0 0.4 0 0.4 0 0 0.4 0 0 0 0 0 7.800000000000001 2.2 4.6000000000000005 3.2 3.6 0 9.600000000000001 0.4 7.2 0.2 2 3.8000000000000003 0 7 2.4000000000000004 4 5.4 3.8000000000000003 0.2 17.2 0.2 0 0 0 0 0 0 0 0 0 0 0 0 0 0 0 0 0 0 0.4 0 0 0 0 0 0 0.4 0 0 0 0 0 0 0 3.4000000000000004 0 0 0 0 0 0 0 0 0 0 0 0 0 0.2 0.4 0 0 1.2000000000000002 0 0 0 0 0 0 0 5.800000000000001 0.2 0 1.8 2.8000000000000003 3.2 8.4 1.2000000000000002 6.4 8.4 0 4 6 0 6.4 2.2 8.200000000000001 7.2 2.2 2.8000000000000003 0 0 0.2 0 0 0 0 2.2 2.2 0 0 0 0 0 0 0 0 0 8 0 0 0 0 0 0 0 0 0 0.4 0 0 0 0 0 0 0 0 2.6 0 0.4 0 0.2 0 0 0 0.2 0 0 0 0 0 0 0 0 0.2 0.4 0 0 0 0 0 2 0 0 0 0 0 0 0 0 0 1 5.2 0 0 0 0 0 0 0 0 0 0 0 0.2 0 0 0 0 0 0 0 0 0 0 0 4.6000000000000005 0 0 0 0 0 0 0 0 0 0 0 0 0 
 6.6000000000000005 66.4 30.6 40.2 44.6 13.600000000000001 34 62 108 18.6 30.8 7.4 51.800000000000004 0 67.4 28 23.8 6.800000000000001 50.6 58.800000000000004 1 0 0 0 0 0 0.8 0 0 0.4 0 0 0 0 0 0.4 0 0.4 40.800000000000004 0 0.6000000000000001 0 0 0 0 0.6000000000000001 0 0 0 0.6000000000000001 0 0.4 0 0.6000000000000001 0.4 0 0 0 0 0 0.6000000000000001 0 0 0 0 0 0 0 0 0.4 0 0.4 0 0 0.4 0 0 0 0 0 5.4 4 6.4 6.2 0 0 8.200000000000001 4.4 8.6 0 8 4.6000000000000005 0 0 4.800000000000001 2.8000000000000003 3.6 5.2 0.6000000000000001 0 0 0 0 0 0 0 0 0 0 0.4 0 0 0 0 0 0 0 0 0 0 0 0.4 0 0 0 0 0 0 0 0 0 0 0 0 0 0 0 0 0 0 0 0 0 0 0 0 0 0 0 0 0 0 0.8 0 0 0 0 0.4 0 0 2.8000000000000003 2.8000000000000003 2.6 0 2 0.2 2.6 2.8000000000000003 1.6 2.8000000000000003 1.8 9.8 3 6.4 2 2.2 2.6 0 0 5.2 0 0 0 0 0.4 0 0.4 0 0 0 0 0 2 0 0 0 0 0 2.2 0 0 0 0 0 0.4 0 0 0.2 0 0 0 0 0 0 0 0 0 0 0 0 0 0 0 0 0 0 0 0 0 0 0 0 0 0 0 0 0 0 0 0 0 2.4000000000000004 0 0 0 0.4 0 0.4 0.2 0 0 1.4000000000000001 0 0 0 0 0 0 0 0 3.6 0 0 0 0 0 0 0 0 0 0 0 0 0 0 0 4.800000000000001 3.4000000000000004 0 0 0 0 0 0 0 0 0 0 0 0 
 54 27.8 28.200000000000003 10.200000000000001 13.4 9.600000000000001 58.2 80.60000000000001 18.2 16.2 34 8.200000000000001 19 67.4 0 31.400000000000002 10.200000000000001 7.4 53.6 59.400000000000006 0.4 0 0 0 0 0 0.6000000000000001 0 0 0 0.2 0 0.2 0 0 0.4 0 0.4 0 0 0.4 0 0 0 0 0.6000000000000001 0 0 0 0.6000000000000001 0 0.6000000000000001 0 0.6000000000000001 0.4 0 0 0 0 0 0 0 0 0 0 0 0 0 0 0.4 0 0 0 0 0.4 0 0 0 0 0 2.4000000000000004 0 2 2 2.2 0 2 5.4 9 1.4000000000000001 3.6 0 7.6000000000000005 14 3.6 0.4 6.2 5.4 0 6.2 0 0 0.4 0 0 0.4 0 0 0 0 0 0.4 0 0.2 0 0 0 0 0 0 0 0 0 0 0.2 0 0 0 0 0 0 0 0 0 0 0 0 0 0 0 0 0 0 0 0 0 0 0 0 0 0 0 0.2 0 0 0 0 0 0 0 7.800000000000001 1.8 6.2 0 0 2 0 6.800000000000001 0.2 0 0.4 0 0.2 0 6.4 2.4000000000000004 1.2000000000000002 0 2.6 7.800000000000001 0 0.4 0 0 0 0 0 0 0 0 0 0 0 0 5.4 0 0 0 0.4 0 0 0.2 0 0 0 0 0 0 0 0 0 0 0 0 0 0 0 0 0 0 0 0 0.2 0 0 1.4000000000000001 0 0 0 0 0 0 0 0 0 0 0 0 0 0 0 2.2 0 0 0.2 0 0.4 0.2 0.4 8.6 0 3 0 0 0 0 0 0 0 0 0 0 0 0 0 0 0 0 0 0 0 0 0 0 0 6.800000000000001 0 0 0 0 0 0 0 0 0 0 0 0 0 0 
 8.6 8.4 7.2 8 16.2 14.8 71.60000000000001 16.6 68.4 34.4 15.600000000000001 5 44.400000000000006 28 31.400000000000002 0 12.200000000000001 24.8 32.800000000000004 42.800000000000004 1 0 0 0 0 0 15.4 15 0 0.8 0 0.2 14.8 22.400000000000002 0 0.4 0 0.4 0 15.4 0.6000000000000001 0 0 0 0 0.6000000000000001 0 0 0 0.6000000000000001 0 0.4 0 5 0.4 0 0 0 0 0 0.6000000000000001 0 0 0 0 0 0 0 0 0.4 0 0.6000000000000001 0 0 0.4 0 0.4 0 0 0 1.8 0.2 4.800000000000001 9.600000000000001 2.6 7.2 0 3.2 10.4 0 3.4000000000000004 2.8000000000000003 2.6 10.200000000000001 0.2 0 10.8 0.4 0 5 2.8000000000000003 2 0 0 0 0 2.4000000000000004 0 0 0 0.2 0 0 3.4000000000000004 0 0 0 0 2.6 1.2000000000000002 0 0 0 0 0 0 0 0 0 2.2 0 0 0 0 4.2 0 0 0 0 0 0 0 0 0 2.2 0 0 0 0 0 0 0 0 0 0 0 0 0 0 0 0.2 6 5.4 10.200000000000001 1.8 0.8 0 0 2.2 2.8000000000000003 4 0 4.800000000000001 0 3.2 0 3.2 4 0 0 2 0 0 0 0 0 6.4 0 3.8000000000000003 0 0 0 2 0 0 2.2 0 0 0 2 0 0 0 0 0 0 0 0 0 0 0 0 0 0 0 0 0 0 0 0 0 0 0 0 0 2.4000000000000004 0 0 1.8 0 0 0 0 0 0 0 0 0 0 0 0 0.4 0 0 0 0.4 17.400000000000002 0.2 3.4000000000000004 1 3.4000000000000004 1.4000000000000001 2.6 0 0 0 0.2 0 0 0 0 0 0 0 0 0 0 0 0 0 0 0 0 0 0 0 0 4.2 0 0 3.4000000000000004 0 0 2.6 0 0 0 0 0 0 
 10.600000000000001 8.8 26.6 45.2 64 29.6 14.600000000000001 22.8 31.400000000000002 21.6 52.6 51.6 42.2 23.8 10.200000000000001 12.200000000000001 0 30.6 3.2 5.6000000000000005 0.6000000000000001 0 0 0 0 0 0.6000000000000001 0 0 0 0 0 14.600000000000001 0 0 0.8 0 0.8 0 1 0.6000000000000001 0 0 0 0.6000000000000001 0.6000000000000001 0 1 0 9.600000000000001 0.2 0.4 0 0.6000000000000001 0.4 0 0 0 0 0 1.4000000000000001 0 0 0 0 0 7 0 0 0.4 0 0.6000000000000001 0 0 0.4 1 0 0 0 0 3.6 10 6 5.4 12.8 0 3.8000000000000003 4.800000000000001 2.8000000000000003 4.800000000000001 6.6000000000000005 14.8 0 4.4 5.6000000000000005 8.6 0.4 2.4000000000000004 0 1 0 0 0 0 0 0 1.2000000000000002 0 0 0 0 0 0 0.2 0.2 0 0 0 2.8000000000000003 0 0 0 0 0.4 0 0 0 0 1.8 0.4 0 0 0 0 0.6000000000000001 0 0 0 0 0.2 0 0 0 0 0 0 0 0 0 0 0 0 1.2000000000000002 0 0 0 0.2 0 0 0 1 2.2 5.6000000000000005 11.600000000000001 0 6 3 0.2 4 11.8 5.4 5.6000000000000005 0 1.8 3.4000000000000004 4 0 11.600000000000001 1.8 1.4000000000000001 0 0 0 0 0 0 0.4 0 0 0 0 0 2 0 0 0 0 0 5 0 0 0 0 0.2 0 0 0 0 0 0 0 0.2 0 0 0 0 0 0 0 0 0 0 0 0 0 0 0 0 0 0 0 0 0 0 0 0 0 0 0 0 0 0 0 0 0 0.2 0.2 0 0.4 0.2 0 1.8 1.8 0 0 0 0 0 0 0 0 0 0 0 0 0 0 0 0 0 0 0 0 0 0 0 0.8 0 0 0 0 0 0 0 0 0 0 0 0 0 
 5.2 122.2 28.200000000000003 22.8 40.6 32 153.8 22.200000000000003 114.80000000000001 28 28.6 50 5.6000000000000005 6.800000000000001 7.4 24.8 30.6 0 49.400000000000006 54.800000000000004 0.6000000000000001 0 0 0 0 0.8 4.6000000000000005 0 0 0 0 0 0.8 0.2 0.2 0.8 0 0.8 33 3.4000000000000004 0.6000000000000001 0 0 0 0 0.6000000000000001 0 0 0 6.4 0 0.4 0 0.6000000000000001 0.4 0 0 0 0 0 0 0 0 0 0 0 0 0 0 0.4 7.4 0 0 0 0.4 0 0 0 0 0 0 1.6 0 3.6 0.2 3 0 4.4 0 6.6000000000000005 3.6 4.2 0 1.6 1.6 5.6000000000000005 0 5.6000000000000005 0 0 0.2 2.6 2.2 0 0 0 7 0 0 0 0 0 0 5.2 0 0 0 0 1.6 1.8 0 0 0 0 0 0 0 0 0 0 0 0.4 0 0 0 0 0 0 0 0 0 0 0 0 0.2 0 0 0 0 0 0 0 0.2 0 0 0 0 0 0 0 0 0 2 3 3.4000000000000004 3.2 0 2.2 0 1.6 2.4000000000000004 0.6000000000000001 0 0 0 2.2 5.2 2 0 0 6.6000000000000005 0.2 0 0 0 0 5.2 0 1.8 0 0 0 0 0 2.6 0.2 0 0 2 0 0 0 0.2 0 0 0 0 0 0 0 0 0 0 0 0 0 0 0 0 0 0 0.4 0 2 0 0 0 0 0 0 0 0 0 0 0 0.2 0 0 0.2 0 0 0 0 0 0.4 1 0.8 0.2 17.8 2.6 3 4.2 0 0 0 0 0 0 0 0 0 0 2.8000000000000003 0 0 0 0 0 0 0 0 0 0 0 0 0 0 0 0 0 0 0 0 0 0 0 0 0 0 0 
 27 31.400000000000002 26.6 32.6 13.200000000000001 11.8 35.4 29.6 42.6 37 26.400000000000002 7.2 73.2 50.6 53.6 32.800000000000004 3.2 49.400000000000006 0 72.8 0.6000000000000001 0 0 0 0.6000000000000001 0 0.6000000000000001 0 0 0 0 0.4 0.2 0.4 0.2 0.4 0 0.4 0.4 0 0.6000000000000001 1.2000000000000002 0 0 0.4 0.4 1.2000000000000002 0.8 0 0.4 0 1 0 1.8 0.4 0.8 0 0 0 0 0 0 0.8 0 0 0.8 0 0.2 1.2000000000000002 0.4 0 0 0.2 0.8 0.8 0 0.2 0.8 0.6000000000000001 0 8.4 0.2 0 0 1.8 0 7.2 5.2 6.6000000000000005 1.8 1.2000000000000002 0.2 4.800000000000001 4.800000000000001 2.6 6 3 2.2 1.8 5.4 0 0 0 0 0 0.2 0 0 0 0 0 0.2 0 0 0 0 0 0 0 0 0 0 0 0 0.4 0 0 0 0 0 0 0.4 0 0 0 0 0 0 0 0 0 0 0 0 0 0 0 0 0 0 0 0 1.4000000000000001 0 0 0 0 0 0 0 3.2 4 2.2 0 2.2 0.8 0 3 1.4000000000000001 0.2 0.2 3.2 12.8 0 0 2.6 4.2 0.2 0.2 10 0 0.2 0 0 0 0 0 0 0 0 0 0 0 0 0 0 0 0 0 0 0 0 0.2 0 0 0 0 3.2 0 0 0 0 0 0 0 0 0 0 0 0 0 0 0.2 0 0 0 0 0 0 0 0 0 0 0 0 0 0 0 0 0 0 0.4 0 0 0.4 0.2 0.2 0 0.4 0 0 1 0 0 0 0 0.2 0 0 0 0 0 0 0 0 0 0 0 0 0 0 0 0 0 0 0 0.2 0 0 0 0 0 0 0 0 0.4 0 0 0 0 
 74.8 13.8 72.4 29.6 19.6 10 34.4 34.800000000000004 77.4 102.80000000000001 14.4 5.6000000000000005 51 58.800000000000004 59.400000000000006 42.800000000000004 5.6000000000000005 54.800000000000004 72.8 0 0.6000000000000001 0 0.2 0 0 0 0.4 0.8 0.4 0 0 0 0 0.4 14.600000000000001 0.4 0.4 0.4 0 0 0.6000000000000001 0 0 0 0 0.6000000000000001 0 0 0 0.6000000000000001 0 0.4 0 0.6000000000000001 0.4 0 0 7.2 1 0 0 0 0 0 0 0 0 0 0 0.4 0 0 0 0 0.4 0 0 0 0.2 0 8.6 3.6 0.6000000000000001 0 1.4000000000000001 0.2 2.4000000000000004 2 4.6000000000000005 0 1 0 8.8 4.800000000000001 0 0 3.4000000000000004 0.6000000000000001 13.8 3.8000000000000003 0 0 0 0 0 0 0 0 2.8000000000000003 0 0 0 0 0 0 0 0 0 0 0 0 0 0 0 0 0 0 0 0 0 0 0 0 0 0 0 0 2.4000000000000004 0 0 0 0 0 0 0 0 0 0 0 0 0 0 0.4 0 0 0 0 0 0 0 0.2 5.2 0 0 0 0.2 0 4 0 0 2 0 4.2 5.6000000000000005 1 3.2 4 0.2 2.2 0 0 0 0 0 0 0 0 0 2.2 0 0 0 0 0 0 0 0 0 0 0 0 0 0 0 0 0 0 0 0 0 0 0 0 0 0 0 0 0 0 0 0 0 0 0 0 0 0 0 0 0 0 0 0 0 0 0 0 0 0 0.2 0 1.8 0 0 0 0 0 0.4 0 0 0 1.4000000000000001 0 0 0 0 0 0 0 0 0 0 0 0 0 0 0 0 0 0 0 0 0 0 0 0 0 0 0 0 0 0 0 0 0 0 0 0 0 1 
 0.6000000000000001 1 0.8 0.6000000000000001 0.6000000000000001 15.600000000000001 0.6000000000000001 0.4 0.4 15.200000000000001 0.8 0.6000000000000001 0.6000000000000001 1 0.4 1 0.6000000000000001 0.6000000000000001 0.6000000000000001 0.6000000000000001 0 56.800000000000004 49.2 51.800000000000004 6.4 10.600000000000001 12 32.4 39.2 9.200000000000001 12.4 55.800000000000004 35.6 41.6 21.6 23.200000000000003 6 81.4 50.6 6.800000000000001 12.4 0.4 0 0 0.6000000000000001 0 0 0 0.8 0.2 0 0 7.2 0 0.4 0 0 0 0 0 0 0 0 0 0.6000000000000001 0 0.8 0.6000000000000001 0 0 8.8 0 0 0.4 0 0.6000000000000001 0 0 0 1.4000000000000001 0 0 0 2.8000000000000003 0 2 0 0 0 0 0 0 0.2 0 0 0.2 0 0 0 0 1.2000000000000002 3.4000000000000004 5.800000000000001 7.4 0 2.2 3.8000000000000003 1.4000000000000001 1.2000000000000002 0 1.4000000000000001 8.6 12.8 2.6 3 4 0 0 2 2.4000000000000004 0 0 0 0 0 0 0 0 0 0 0 0 0 0 0 0 0 0 0 0 0 0 0 0 0 1 0 0 0 0 0 0 0 0 0 0.8 0 0 0 0 1.4000000000000001 0 0 0 2.6 4.800000000000001 0 0 0 0 0 0 0 0 0 1 0 0 0 0 0.8 4.2 1.8 5.4 0.4 0 0 0 0 11.600000000000001 2.4000000000000004 0.2 0.4 8.8 5.4 3 2 2 0 1.6 0 0 0 0 0 0 0 0 0 0 0 0 3.4000000000000004 0 0 0 0 0 2.2 0 0 0 0 0.4 0 0 0 0 0 0 0 0 0 0 0 0 0 0 0 0 0 0 0 0 0 0 4.800000000000001 0 0 0 0 0 0 0 1.8 0 0.4 18.2 0 0.4 0.6000000000000001 0 2.6 0 0 0.4 2.2 0 0 0 0 0 0 0 0 0 0 0 0 0 0 2.4000000000000004 0 0 0 0 0 0 0 0 
 0 0 0.2 0.2 0 42.400000000000006 0 0 0 0 0 14.4 0 0 0 0 0 0 0 0 56.800000000000004 0 38.6 12.8 9.4 7.4 119.80000000000001 51.2 10.4 13.200000000000001 29.8 31 27.6 11.600000000000001 33.6 34.6 58 45.6 11 10.200000000000001 0 0 0 0 0 0 0 0 0.8 0 0 0 0 0 0 0 1 0 0 0 0 0 0 0 0 0 0.6000000000000001 0 0 2.2 0 0 0 0 0 0.6000000000000001 0 0 0 0 0 0 0 0 0 1.6 0 0 0 0 0 0 0 0 0.2 0 0 0 0 0.2 2 0 0 3.2 2 0 4.2 0 0 6.2 5.800000000000001 3.4000000000000004 2 4.800000000000001 2.2 8.8 2.2 0 2.2 0 2 0 0 0 0 0 0 2 0 0.2 0 0 0 2.8000000000000003 0 2.4000000000000004 0 0 3.4000000000000004 5.2 0 0 0 0 0 0 0 0 0 0 0.4 0 0 0 0 0.6000000000000001 0 0 0 0 0 0 0 0 0 1 0 0 0 0 0 0 0 0 0 0 0 0 0 0 0 6 3 3.6 1.6 0 2.4000000000000004 5.6000000000000005 4.4 0 2 0 9.600000000000001 5.800000000000001 6.4 3.4000000000000004 0 9.200000000000001 0 3.4000000000000004 0 0 0 0 0 0 3.6 0 0 0 0 0 6.2 0 0 0 0 0 6.2 0 0 0 0 0 0 0 0 0 0 0 0 0 0 0 0 0 0.4 0 0 0 0 0 0.4 0 0 0 0 0 0 0 0 0 0 0.4 2.2 0 0 0.2 0 0.4 0 2.8000000000000003 0 0 0 0 0 0 0 0 0 0 0 0 0 0 0 0 0 0 0 2.2 0 0 0 0 0 0 0 0 
 0 0 0 0 0 0 0.4 0 0 0 0 0.4 0 0 0 0 0 0 0 0.2 49.2 38.6 0 29.400000000000002 10.200000000000001 6.4 10.200000000000001 72.4 27.8 13.4 24 37.2 17 18.6 58.800000000000004 14.4 52.800000000000004 26.6 10 28.400000000000002 0 0 0 0 0 0.2 0 0 0.6000000000000001 0.2 0 0.4 0 0 0 0 0.4 0.2 5 0 0 0 0 0 0 0 0.6000000000000001 0 0 0.8 0 0 0 0 0 1 0.2 0 0 0 0 0 0 0 0 1 0 0 0 0 0 0 0 0 0 0 0 0 0 0 0.2 2.2 0.6000000000000001 0 6.800000000000001 0 1.8 0 2 5.800000000000001 4.4 0.4 1.6 5 2.8000000000000003 2.8000000000000003 5.2 0 0 3 3.8000000000000003 0 0 0.2 0 0 0 2 0 0 0 0 0 2.2 0 0 0 0 2 3.2 0 0 0 0.4 1.6 0 0 0 0 0 0 0 0 0 0 0.6000000000000001 0 0 0 0 0 0 0.4 0 0 0.2 0 5.6000000000000005 1.2000000000000002 0 0 0.2 0.4 0 0 0 0 0 0 0 3 4.2 0 6 6.2 0 0.2 2 1.2000000000000002 0 6.800000000000001 0.2 0.2 10.200000000000001 10 0.2 0 4.4 2.8000000000000003 4.4 0 0 0 0 0 0 1.4000000000000001 0 0 0 0 0 6.800000000000001 0.2 0 0 0 0 2.6 0 0 0 0 0 0 0 0 0 0 0 0 0 0 0 0 0 0 0 0 0 0 0 0 0 0 0 1.6 0 0 0 0 0 0 0 1 0 0.4 1.4000000000000001 0 0 4.6000000000000005 3 0 0 0 0 0 0 0 0 0 0 0 0 0 0 0 0 0 0 0 2.8000000000000003 0 0 0 0 0 0 0 0 
 0 0.4 0.6000000000000001 15 0 0 0 0 0 0 0.4 0 0 0 0 0 0 0 0 0 51.800000000000004 12.8 29.400000000000002 0 46.2 137.8 19 15.600000000000001 37.4 23.400000000000002 51.2 25.400000000000002 15.200000000000001 21 70 76.80000000000001 7.2 45.2 57 57.6 0.2 0 0 0 0 0.8 0 12.600000000000001 4.6000000000000005 0 13.4 0 0 0 12.4 0 0 0 9.4 4.2 0 0.4 0 0 0 0 0.6000000000000001 0 0.2 1.4000000000000001 0 0 0 0 0 1 0 0 0 0 0 0 0 0 0 0.4 0 0 0 0 0 0 0 0 0 0 0 0 0 0 0 0.2 5.4 10.600000000000001 5 5 0 0.4 12.200000000000001 4.2 3.6 2.4000000000000004 0 0 1.4000000000000001 0 2 4.4 0 0 2.8000000000000003 5.4 0 2.6 0 0 4.4 2.6 0 2.4000000000000004 0 0 5.6000000000000005 1 7 0 0 0 2 1.8 0 0.8 0 0 0 0.4 0 0 0 0 0 0 0 0 0.2 0 0 0 0 0 0 0.8 1.2000000000000002 0 0 0 0 0 0 0 0 0 0 0 0 0 0.4 0 0 0 4.2 2 0.8 6.2 1.4000000000000001 8.6 0 2.2 2.6 0 1 7 0 0 0 0 0 5.6000000000000005 0 0 0.2 0 0 0 0 0 4.6000000000000005 0 4.2 3.4000000000000004 0 0 4 10.4 2.4000000000000004 0 0 0 4.2 2.8000000000000003 0 0 0 0 0 0 0 0 0 0 0.2 0 0 0 0 2.8000000000000003 0 0 0 0 0 0 0 0 0 0 0 0 0 0 0 0 0 0 2.4000000000000004 0 0 0.8 8.8 0.2 0.2 0 0 0 0 0 0 0 0 0 0 0.4 0 0 0 0 0 0 0 0 0 0 0 0 0 0 0 0 0 0 
 0 0 0 0.2 0 4.800000000000001 0 0 0 0 0 0 0 0 0 0 0 0 0.6000000000000001 0 6.4 9.4 10.200000000000001 46.2 0 48.400000000000006 51.6 18.2 51 34.800000000000004 67.60000000000001 26.400000000000002 17.8 59.400000000000006 30.400000000000002 25.400000000000002 48 28.400000000000002 14 29.6 0 0 0 0 0.8 0.2 5.2 0 1 0 0 1.4000000000000001 0 12.4 1 0 0 0 7.2 0 0 1 0 0 0 0 0.6000000000000001 0 0 0 0 0 0 0.8 0.8 0.6000000000000001 5.2 0.8 1.2000000000000002 0 0.2 0 0 0 0 0 0 0 0 0 0 0 0 0 0.4 0 0 0 0 0 0 0 1.8 3 0.2 3.2 0 0.4 2 0 1.6 7.6000000000000005 0 0 3 0 0.2 1.8 0 0 2.8000000000000003 2.2 0 0.4 0 4 2.2 1.8 0 1 0 0 8 0 2.4000000000000004 0.4 0 0 2.2 2.2 0 0 0 0 0 0.6000000000000001 0 0 0 0 0 0 0 0 0 0 0 0 0 0 0 0.6000000000000001 1 0.2 0 0 0 0.8 0.4 0 0 0 0 0 0 0 0 0 0 0 0 0.2 0 3.8000000000000003 4 6.6000000000000005 0 0.6000000000000001 0 0 9.200000000000001 4.2 0 0 0 0 0 2.6 0 0 5.2 0 2.2 0 0 0 2.2 0 0 5.4 0 0 0.6000000000000001 7.800000000000001 4.800000000000001 0 2 0.4 11.8 11.8 0.4 0 0 0 0 0 0 0 0 0 0 0 0 0 0 0 0.2 0 0 0 0 0 0 0 0 0 0 0 0 0 0 0 0 0 3.2 0.6000000000000001 0.4 17.400000000000002 15.600000000000001 0.4 0 0 0 0 0 0 0 0 0 0 0 0 0 0 0 0 0 0 0 0.2 0 0 0 0 0 0 0 0 0 0 
 0 0 0 0.8 0.2 0 0.4 0 0 0 0.8 0 0 0 0 0 0 0.8 0 0 10.600000000000001 7.4 6.4 137.8 48.400000000000006 0 13.200000000000001 5.4 14.8 30.8 32.800000000000004 23.400000000000002 6 14.4 26.6 31.8 25.200000000000003 38.400000000000006 15.200000000000001 11.8 0 0 0 0 0 0 0 12.600000000000001 0.6000000000000001 0 0 0.4 0 0 12.4 0 14 0 37.4 15.200000000000001 0 0.4 1.6 0 0 0 0.4 0 0 0 0 0 0 0.6000000000000001 0 1.8 0 0 0 0 0 0 0 0 0 0.4 0 0 0 0 0 0 0 0 0 0 0 0 0 0 2.8000000000000003 0 2.6 6.6000000000000005 4.6000000000000005 7 0 2.6 2.4000000000000004 3.6 4.4 4 0 0 8.6 0 0 8 0 0 5.800000000000001 2 0.2 3.6 0 0 2 0 5.2 1.8 1.6 0 2.8000000000000003 3.4000000000000004 1.6 2.8000000000000003 0.2 0 1.8 4 0 0.6000000000000001 0 0 0 0.4 0 0 0 0 0 0 0 0 1.6 0 0 0 0.2 0 0 0.8 1.2000000000000002 0 0 0 0 0 0.2 0 0 0 0 0 0 0 0.4 0 0 0 0 0 5.6000000000000005 4.4 0 6.6000000000000005 0 7.6000000000000005 0 3 2.8000000000000003 5.800000000000001 0 0 0 0 6 2.8000000000000003 0 0 3.8000000000000003 0 2.2 0 0 0 1.8 0 3.8000000000000003 0 0 0 1.4000000000000001 6.6000000000000005 0 0 0 2.4000000000000004 1.8 2 0 0 0 0 0 0 3 0 0 0 0.2 0 0 0 0 0 0 0 0 0 0 0 3.4000000000000004 0 0 0 0.2 0 0 0 0 0 0 0 1.6 0 0.2 32 0.4 0.4 1 0 0 0 0 0 0 0 0 0 0 0.4 0 0 0 0 0 0 0 3.4000000000000004 0 0 0 0 0 3.6 1.8 0 0 0 
 0.4 7.2 0.6000000000000001 1 0.4 17.6 1.2000000000000002 0.6000000000000001 0.6000000000000001 0.6000000000000001 16.400000000000002 0.6000000000000001 0.8 0.8 0.6000000000000001 15.4 0.6000000000000001 4.6000000000000005 0.6000000000000001 0.4 12 119.80000000000001 10.200000000000001 19 51.6 13.200000000000001 0 42.400000000000006 9.8 40.400000000000006 49.6 5.2 21.400000000000002 59 53.6 25.200000000000003 25.200000000000003 7.6000000000000005 13.200000000000001 104.4 0.2 0 0 0 0.4 0.6000000000000001 0 0 0.6000000000000001 0.2 0 0 0 0 0 1 0 6.2 0 0.2 0.8 0 0 0 0 0 0.6000000000000001 0 0.4 0 0 0 0 0 0 0.6000000000000001 0 0 0 0 0 0 0 0 0 13 0 0 0 0 0 0 0 0 0 0 0 0 0 0 4.800000000000001 8.200000000000001 3 3.2 0 0.2 4.800000000000001 3.8000000000000003 4.2 0.2 2.2 0 3 4.800000000000001 0 4.800000000000001 4.800000000000001 3.2 16.2 19.400000000000002 0 0 0 0 0 0 0 0 0 0 0.2 0.4 0 0 0 0 0 0 3.8000000000000003 0 0 0 0 0 0 0 0 0 0 0 0 0 0 0 0 0 0 0 0 0 0 0 0 4.2 2.4000000000000004 1.4000000000000001 0 0 0 0 3.4000000000000004 0 0 0 0 0 0 0 0 0 5.6000000000000005 2.4000000000000004 1.6 0.2 0 0 6.6000000000000005 2.4000000000000004 1.6 1.6 2.6 2 0.8 3 1 3.8000000000000003 1.4000000000000001 0.8 8 3.2 0 0 0 0 0 0 0 0 0 0 0 0 0 0 0 0 0.4 0 0 0 0 0 0 0 0 0 0 0 0 0 0 0 0 0 0 0 0 0.4 0 0 0 0 0 0 0 0 0.4 0 15 0 3.4000000000000004 0 0 0 3.2 0 0 0 17.2 0 0 0 0 0.2 0 0 0 0 0 0 0 0 0 0 0 0 0 0 0 0 0 1.8 0 0 0 0 0 0 0 0 
 0 0 0.6000000000000001 0 0 57 0 0.6000000000000001 0 0 0 0 0 0 0 15 0 0 0 0.8 32.4 51.2 72.4 15.600000000000001 18.2 5.4 42.400000000000006 0 77 42.2 49.2 7.6000000000000005 88.2 51.400000000000006 63.6 54.2 59.400000000000006 62.800000000000004 15.4 8.4 0 0 0 0.4 0 0 0 0 0.6000000000000001 0.2 0 0.2 0 0 0 0.8 0 0.4 0.4 0 0 0 0 0 0 0 0.6000000000000001 0 0 0 0 0 0 0 0 0.6000000000000001 0 0 0 0.6000000000000001 0 0 0 0 0 4.6000000000000005 0 0 0 0 0 0 0 0 0 0 0 0 0 0 22 12.8 3 5.2 0 0 4.2 13.200000000000001 4.800000000000001 0 2 2.2 2.4000000000000004 4 4.2 6.800000000000001 3 3 2.2 7.800000000000001 0 0 0 0 0 0 0 0.2 0 0 0 0 1 0 0 0 0 0 0 0 0 0 0 0 0 0.6000000000000001 0 0 0 0 0 0 0 0 0 3.6 0 0 0 0 0 0 0 0 0 0.8 0 0 0 0 0 0 0 0 0 0 0 0 0 0 5.6000000000000005 7.2 3 3 0 0 4 4.2 3.4000000000000004 5.800000000000001 19.6 3 4.4 0 9.8 3.6 3.2 5.6000000000000005 6.4 6 0 0 0 3 0 0 1.6 0 0 0 0 0 1.4000000000000001 0 0 0 0 0 2 0 0 0 0 0 0 0 0 0 0 0 0 0 0 0 0 0 0 0 0 0 0 0 0.2 0 0 0 0 0 0 0 0 0 0 0 2.2 0.4 0 31.6 0.2 0.4 0 0.4 0 0 0 0 0.6000000000000001 0 0 0 0 0 0 0 0 0 0 0 0 4.4 0 7 0 0 0 5 0 0 0 0 
 0 0.2 0 0 0 7.800000000000001 0 0 0 0 0 0 0.4 0 0 0 0 0 0 0.4 39.2 10.4 27.8 37.4 51 14.8 9.8 77 0 22.6 21.6 50.800000000000004 23 38.400000000000006 19 36.2 16.2 37.800000000000004 21.200000000000003 19.400000000000002 0 0 0 0 0 0.2 0 0 1 0 0 0 0.4 0.4 0 0.4 8.8 0.2 19.8 0 0 0.4 0 1.8 0 0 0.6000000000000001 0 0 0 0 0.4 11.200000000000001 0 0 0.6000000000000001 10.4 0.2 0 1 0 0 1.2000000000000002 0 0 1.2000000000000002 0 0 0 0 0 0 0 0.2 0 0 0 0 0 0 4.2 0 7.2 7.6000000000000005 1.2000000000000002 2.6 1.6 2.2 3.4000000000000004 0 0.2 9.600000000000001 0 0 2.8000000000000003 0 1.4000000000000001 3 0 3.2 6 0.2 0 0 0 0 0 0 0 0.2 0 0 0 3 0 0 0 0 4.800000000000001 6 0 0 0 0.2 0 0.8 0 0 0 0 0 0 0 0 0 0 0 0 0 0 0 0 1 0 0 0 0 1.6 2 0 0 0 0 0 0 0 0 0 0 0 0 0 6.800000000000001 3 4.6000000000000005 7 0 0 3 1.4000000000000001 5 2.4000000000000004 0 0 3.2 0 0.8 0.8 0 3.4000000000000004 0 0 0 0 0 0 2.4000000000000004 0 0 0 0 0 9.600000000000001 3.2 0 0 0 0 5.4 0 0 0 0 0 0 0 0 0 0 0 0 0 0 0 0 0 0 0 0 0 0 0 0 0 0 0 0 0 0 0 0 0 0 0 2.8000000000000003 0 0.4 9.4 0.2 0.4 4.4 0.4 0 0 0 0 1.2000000000000002 0 0 0 0 0 0 10.4 0 0 0 0 0 0 0 2.6 0 0 0 0 0 0 0 0 
 0 0 0 0 0 11.200000000000001 0 0 14.8 0 0 0 0 0.4 0 0.8 0 0 0 0 9.200000000000001 13.200000000000001 13.4 23.400000000000002 34.800000000000004 30.8 40.400000000000006 42.2 22.6 0 36 12 24 41.6 32.6 38.400000000000006 52.800000000000004 14 29.8 40.400000000000006 0 0 0 0 0 0 14.200000000000001 0 0.6000000000000001 0 0 0 0 19.200000000000003 0.6000000000000001 0.8 0 0 0 0 0 1.2000000000000002 1.2000000000000002 0 0 0 0.6000000000000001 0.6000000000000001 0 0 0 0 7.6000000000000005 0 0 0.6000000000000001 0 0 2 0 0 0 0 0 0 0.2 0 0 0 0 0.2 0 0 0 0 0 0 0 2 0 4 5.4 4 5 2.2 0.2 2.4000000000000004 3.4000000000000004 3 7.800000000000001 1.4000000000000001 1.6 6 0 2.2 2 6 4.800000000000001 2 0.2 0 2.2 0 0 0 0 2.6 0 0 0 0.2 0.4 5.800000000000001 0 0 9.4 0 0 4.6000000000000005 0 0 0 0 0 0 0 0 0 0 0 2.4000000000000004 0 0 0 0 0 0 0 0 0 0 0 0 0 0 1 0 0 0 0 0 0 0 0 0 0 0 0 0 0 2.8000000000000003 4.2 2.6 6 0 2 4.6000000000000005 7.4 1.6 4 4.4 6.800000000000001 2 2.8000000000000003 2 0 4 2 1.4000000000000001 0 0 0 0 0 0 0 0 0 0 0 0 0 0 0 2 0 0.4 0 2.4000000000000004 2.6 0 0 0 0 0 0 0 0 0 0 0 0 0 0 0 0 0 0 0 0 0 0 0.2 0 0 0 0 0 0 0 0 0 0 0 2.4000000000000004 0.4 0.6000000000000001 16.6 8.6 0.4 0 4 0 0 0 0 0 0 0 0 0 0 0 0 0 0 0 0 0 3.4000000000000004 0 2.6 0 0 0 3.6 2 0 0 0 
 0 0 0 0 0 0.6000000000000001 0.4 0 0 0 0 0 0 0 0.2 0 0 0 0 0 12.4 29.8 24 51.2 67.60000000000001 32.800000000000004 49.6 49.2 21.6 36 0 14.200000000000001 53.6 12.4 35.4 48.2 33 34.2 7.800000000000001 14 0 0 0 17.400000000000002 0 0 12.600000000000001 12.600000000000001 0.6000000000000001 0 0 0 0 0 0 2.8000000000000003 0 0 12.200000000000001 0 0 0.8 0 0 0 0 0.4 0 0 0 0 0 0 0.2 5.4 0.6000000000000001 0.2 0 0 0 0 0 0 0 0 0 0 0 0 0 0 0 0 0 2.8000000000000003 0 0 0 0.4 0 0 0 4 4.2 13.200000000000001 3.4000000000000004 0 0 4 5.800000000000001 2 3.8000000000000003 0 0 6.6000000000000005 3 0 6 0 0.2 13.8 0 0.2 3.6 0.4 0.2 0 2.2 0.2 2.8000000000000003 0 0 0.2 2.4000000000000004 2.4000000000000004 0.4 0.4 0 2.6 2 0 0 0 0 0 0 0 0 0 0 1.2000000000000002 0 0 0 0 0 0 0 0 0 0 2.2 1.4000000000000001 0 0 0 0 0 0 0 0 0 0 0 6 0 0 0 0 0 0 0 0 3 1.6 2.4000000000000004 0 0 0.2 3 1.6 5 0 3.6 0 0 2.6 3.8000000000000003 0 0 0 0 3.8000000000000003 0.2 0.4 0.2 1.6 0 4.800000000000001 0 0 0.4 1.8 7.2 1 0.2 0 0.4 5.4 0 0 0.4 4.2 0.4 0 0.2 0.4 0.4 0.4 0.4 0.2 0.2 0.2 0.4 0.4 0.4 0 0.2 0.4 0.8 0.4 0 4 0 0 0 0 0 0 0 0 0 0 0 1.4000000000000001 0 0.2 0 15.8 0.2 0.8 0 0 0 0 0 0 0 0 0 0.4 0 0 0 0 0 0 0 0 0 0 0 0 0.4 0.8 0 0 0 0 0.4 
 0 0.6000000000000001 0.6000000000000001 0 0 0 0 0.8 0 0 0 0 4.4 0 0 0.2 0 0 0.4 0 55.800000000000004 31 37.2 25.400000000000002 26.400000000000002 23.400000000000002 5.2 7.6000000000000005 50.800000000000004 12 14.200000000000001 0 11.600000000000001 79.4 28.400000000000002 95.80000000000001 18.2 45.400000000000006 5 47.800000000000004 0.6000000000000001 0.6000000000000001 0 12.200000000000001 0 0 0 0.2 0.6000000000000001 0.4 0.6000000000000001 0 0 0.2 12.4 0 23.6 0 29.8 0 0 0.4 0.8 0 0 0 0.4 0 0 0.4 0 0 0 0 0 1.6 1.8 0 0 0 0 0 0 0 0 0 0 0 0 0 0 0 1 0 0 0 0 0 0 0 0 3.8000000000000003 5.800000000000001 9.4 10.600000000000001 5.2 0 3.6 5.4 2.4000000000000004 0.2 5.4 0 1.8 6.4 2.8000000000000003 3.4000000000000004 2.8000000000000003 0 0 1.4000000000000001 2.4000000000000004 0 0 0 0 1.2000000000000002 0 2.2 0 1.4000000000000001 0 0 2.2 0 2.4000000000000004 2.6 0 1.8 3.2 0 0 0 0 0 0.4 0 0 0 0 0 0 1.6 0 0 0.6000000000000001 0 0 0 0 0 0 0 0 0 0 0 1.8 1.2000000000000002 0 2 0 0 0 0 0 0 0 0 0 0 0.6000000000000001 3.4000000000000004 1.4000000000000001 3.4000000000000004 0 0 0 2.6 1.6 3.8000000000000003 0 0 0 2 0 0 6 0 0 0 0 2.2 0 0 0 5.4 0 0 0 0 0 5 4.2 0 0 0 0 4.6000000000000005 2 0 0 0 0 0 0 0 0 0 0 0 0 0 0 0 0 0 0 0 0 0 0 0 0 0 0 0 0 0 0 0 0 0 0 4.2 0 0 31.400000000000002 0.4 0.4 5.2 0 0 0 0 0 0 0 0 0 0 0 0 0 0 0 0 0 0 0 0 1.6 0 0 0 0 1.8 0 0 0 
 0 0.6000000000000001 0 0 0 16.2 0.6000000000000001 0 0 15 0 0 0 0 0.2 14.8 14.600000000000001 0.8 0.2 0 35.6 27.6 17 15.200000000000001 17.8 6 21.400000000000002 88.2 23 24 53.6 11.600000000000001 0 18.6 25 27.400000000000002 13.200000000000001 10 32.6 23.400000000000002 2 0.6000000000000001 0.4 0 1.6 0.2 0 0.6000000000000001 0.6000000000000001 0.6000000000000001 1 0 0 1.4000000000000001 0.4 0.8 0.6000000000000001 0 0 0 0.4 1.4000000000000001 0.8 0 0 0.6000000000000001 1.2000000000000002 0 0 0.4 0 0.6000000000000001 0 1.2000000000000002 0.6000000000000001 1.8 1.4000000000000001 0.4 0 1.2000000000000002 0 5.4 2.8000000000000003 9.600000000000001 0 4.2 0 0 0.2 0 0.2 0.6000000000000001 0.4 0 0.2 0.2 0 0 0 0 4.800000000000001 3.6 9 4.800000000000001 0 0 4.800000000000001 2.2 5.4 0 1.8 0 6 3.8000000000000003 0 2 0.2 3.2 9.8 7 0 0 0 0 0 0 0 0 0 0 0 0 0 0 0 0 0 0 0 0 0 0 0 0 0.2 0 0 0 0 0 0 0 0 0 0.6000000000000001 0 0 0 0.4 0 0 2 1.2000000000000002 2.2 0.8 1.2000000000000002 0 0 0 0 0 2.8000000000000003 0 0.2 0 0 0 0 0 0 1.6 2.4000000000000004 3.2 0 0.2 0 10.600000000000001 2.6 0 7 0.2 3.2 2 9.8 1.6 4 0 1.4000000000000001 2.4000000000000004 4.800000000000001 3 0 0 0 0 0 0 0 0 0 0 0 0 0 0.4 0 0 0 0 0 0 0 0 0 0 0 0 0 0 0 0.2 0 0 0 0 0 0 0 0 0 0 0 0 0 0 0 10.4 0 14.600000000000001 0 2.6 0 0 0 1.6 0 0.4 0 0 0 0 0.4 2.6 0 0 0 0.4 0 0 0 0 0 0 0 0.2 0 0 0 0 0 0 0 0 0 0 0 0 0 0 0 
