 0 34.800000000000004 18.400000000000002 56.800000000000004 5.4 42 39.400000000000006 62 59.400000000000006 9.8 8.4 7.6000000000000005 47 26.200000000000003 6 13.4 8 4.800000000000001 30.8 46.800000000000004 0 0.6000000000000001 0 0 0.8 0 0 0 0 0.4 0 0.4 0 0 0 0 0.4 0.4 0 0 0 0.4 0 0 13.200000000000001 0 1.8 1.8 0 0 0 9.600000000000001 0.4 0.4 0 0 0.6000000000000001 0 0.4 0.6000000000000001 0 0.6000000000000001 0 0 0 1.8 0 0 0.4 0 0 0.6000000000000001 0 0 0 0 0 0 0 0 6.2 5.6000000000000005 5.4 0.2 0.2 5.2 6.4 0 5.800000000000001 2.8000000000000003 0.4 2.8000000000000003 2.8000000000000003 3.2 0 2.8000000000000003 1.4000000000000001 2.6 0 2.4000000000000004 0 1.6 0 0 0 3.6 0 0 0 0 0 0 0 0 0 0 0 0 0 0 0 0 0 0 0 0 0 0 0 0 0 0 0 0 0 0 0 0 0 0 0 0.2 0 0 0 0 0 0 0 0 0 0 0 0 0 0 0 0 0 0 3.6 4.2 0 0 0 1 3.8000000000000003 2 0.4 0 2.2 0 0.2 2.2 0 6 4 3 1.8 3.2 0 0 0 0 0 0 0 0 0 0 0 0 0 0.2 0 0 0 2.6 0 0 0 0 0.8 0 0 0 0 0 0 0 0 0 0 0 0 0 0 0 0 0 0 0 0 0 0.4 0.2 0 0 0.2 0 0 0 0 0 0 0 0 0 0 0 0 2.2 0 0 0 0 17.8 0 0 0 0 1.6 0 0 0.2 0 0 0 0 0 0.2 0 0 0 0 0 0 0 0 0 0 0 0 0 0 0 0 0 0 0 0 0 0 0 0 0 0 0 0 0 
 34.800000000000004 0 55 17.8 21 9.200000000000001 30 11.600000000000001 9 6.4 48.800000000000004 8.200000000000001 29.8 79.2 8.8 15 6.4 53.800000000000004 11.8 18.2 0 0.6000000000000001 0 0 0 0 14.600000000000001 0.2 0 0.4 0.4 0 0 0 0 0.4 0.4 0.2 0 0 0 9.4 0 0 0.6000000000000001 0 0.6000000000000001 0 1 0 0 0 0.6000000000000001 0.4 0 0 0.8 0 0.4 0.4 0 0.6000000000000001 0 0 0 1.8 0 0 7.6000000000000005 0 0 0.2 0 0 0 0 0 0 11 0 0.6000000000000001 0 19.400000000000002 2 3 0.6000000000000001 13 6.6000000000000005 0.6000000000000001 0 8.8 9 2 3.8000000000000003 0 12.200000000000001 6.800000000000001 3.4000000000000004 0 0.2 2.6 0 0 0 0 0 0 0 0 0 0 0 1.4000000000000001 0 0 0 0 0 0 6.6000000000000005 0 0 0.2 0 0 0.4 0 0 0 0 0 2.6 0 0 0 0.2 0 0 0 0 0 0 1.6 0 0 0 0 0 0 0 0 0 0 0 0 0 0 0 0 0 0 3.2 0 0.4 0 3.2 7.6000000000000005 2.8000000000000003 6.4 6.800000000000001 2.8000000000000003 0 1.4000000000000001 0 11.200000000000001 2.8000000000000003 4.6000000000000005 8.6 2 4.2 0 0 0 0 0 0 0 0 0 0 0 0 0 0 0 0 4 0 0 0 0 0 0 0 0 0 0 0 0 0 0 0 0 0 0 0 0 0 0 0 0 0 0 0 0.4 0 0 0 0 0.4 0 0 0 0 0 0 0 0 0 0 0 0 0 0 0 0 0 0 0.4 0.4 0.4 3.8000000000000003 0.2 0 0 0 0 0 0 0 0 0 0 0 0 0 0 0 0 0 0 0 0 0 0 0 0 0 0 0 0 0 0 0 0 0 0 0 0 0 
 18.400000000000002 55 0 108.4 12.600000000000001 27 10.8 67 24.8 78.2 30.400000000000002 22.6 25.8 8.8 17 72.2 29.6 34.4 72.8 18 0.2 0.6000000000000001 0 0 0 0.2 5.4 0 0 0.4 0 0 4.2 0.2 0 0 0.4 0.4 23.400000000000002 0 0 0.4 0 0 0.6000000000000001 0 1.6 1.6 0 0 0 0 12.4 0.4 0 0 0.6000000000000001 0 0.4 0.4 0 0.6000000000000001 0 0 0 0.4 0.2 0 0 0 0 0.4 0 0 0 0 0 0 0 0 0.4 2 1.4000000000000001 5.6000000000000005 1.6 2.4000000000000004 2.8000000000000003 1.6 5.4 2.4000000000000004 3 0 1.8 2.6 0.6000000000000001 5.6000000000000005 2.8000000000000003 4 0 0 3 0 0 0 0 2.2 0 0 0 0 0 0 6.800000000000001 0.2 0 0 0 0 0 2 0 0 0 0 3.6 0 0 0 0 0 0 0 0 0 0 0 2.8000000000000003 0 0 0 0 0 0 0 0 0 0 0 0 0 0 0 0.4 0 0 0 0 0 0 0 3.2 0.2 0 3 0 7.800000000000001 3.2 3 4.2 3.4000000000000004 7.6000000000000005 7.6000000000000005 0 0 7 2 0.2 5.6000000000000005 0 3.6 0 0 0 0 0 0 4 0 0 0 0.2 0 0 0.2 0 0 1.6 0 0.2 0 0 0 0 0 0 0 0 0 0 0 0 0 0 0 0 0 0 0 0 0 0 0 0 0 0 0 0 0 0 0 0 0 0 0 0 0 0 0 0 0 0 3.4000000000000004 0 0 0 0.4 35 0.4 0.6000000000000001 0 0 1.4000000000000001 0 0 0.2 0 0 0 0 0 0 0 0 0 0 0 0 0 0 0 0 0 0 0 0 3 0 0 0 0 0 0 0 2.6 4 0 0 0 0 0 
 56.800000000000004 17.8 108.4 0 42 68.60000000000001 11.200000000000001 22 63.6 43.6 84 26.6 38.2 12.600000000000001 29 60.2 92.80000000000001 21.200000000000003 18.6 14.8 0.4 0.6000000000000001 0 0 0.4 0 36.4 0 0 0.4 0 0.4 0.2 0 0.4 0 1 0.2 0 0 8.4 1 0 0.4 1 0.4 0.6000000000000001 0 0 1.4000000000000001 0 0 0.4 0.4 0 0 0.6000000000000001 0 0.4 0.6000000000000001 0 1 0 0 0 0.4 0 0 1.4000000000000001 0.6000000000000001 0 0.6000000000000001 0 0 0 2 0.4 0 0 0 0.2 12 6.800000000000001 3.2 5 0 2 3.4000000000000004 0 2.4000000000000004 5.800000000000001 7.6000000000000005 4.2 4.2 5.4 5.800000000000001 2.2 0 2.8000000000000003 0 3.8000000000000003 0 0 0 0.6000000000000001 0 0.2 0 0 0 0 0 5.2 0 0 0 0 0 3.2 3.4000000000000004 0 0 0 0.2 0 0 0 0 0 0 0 0 0 0 0 0 0 0 0 0 0 0 0 0 3.2 0 0 0 0.2 0 0 0 0.4 0 0 0 0 0 0 0 0 0.6000000000000001 7 5.6000000000000005 6.6000000000000005 1.6 0.2 3.2 0.2 3.8000000000000003 11.200000000000001 0 0 0 0 0 0 8.200000000000001 0 0 0.4 0 0 0 0 0 0 0 0 0 0 0 0 0.2 0 0 0.2 0 4 0 0.4 0 0.2 0.2 0 0 0 0.2 0 0 0 0 0 0 0 0 8.200000000000001 0 0 0 0 0 0 0 0 0 0 0 0 0 0 0.2 0 0 0 0 0 0 0 0 0 0 0 0 0 0 0.4 0.4 0.4 0 0.6000000000000001 1.4000000000000001 4 0 0 0 0 0 0 0 0 0 0 0 0 0 0 0 0 0 0 0 0 0 0 3.2 0 2.2 0 0 0 0 0 0 0 0 0 0 0 0 
 5.4 21 12.600000000000001 42 0 50.2 9.200000000000001 15 14.200000000000001 70.2 62 9.600000000000001 60 43 40.2 16.400000000000002 32 15.600000000000001 17.2 17.6 29 15.4 0 0 0 0.2 1 15.200000000000001 0.4 0.6000000000000001 0 14.4 11.200000000000001 0.2 0 0 19 0.4 15 14.8 0 0.4 0 0.2 0.6000000000000001 0.2 0.6000000000000001 0 0 1.2000000000000002 0 0 2 0.4 0 0 0.6000000000000001 0 0.4 0.6000000000000001 0 0.6000000000000001 0 0 0 0 0.6000000000000001 0 0 0 0 0.6000000000000001 0 0 0 0 0 0 0 0 0 3.2 2 6.800000000000001 0.4 2.4000000000000004 0 3 4.6000000000000005 0 4.4 7.6000000000000005 0 0 3.4000000000000004 3.8000000000000003 7 2.4000000000000004 0 5.2 3.8000000000000003 0.2 0 0 0 0 0.2 2.6 0 0 0 1.8 7 4.800000000000001 3.4000000000000004 4.2 2.8000000000000003 0 8.8 2.8000000000000003 0 0 0 0 0 0 0 0 0 0 0 4 0 0 0 0 0 0 0.2 0 0 0 0 0 0 0 0 0 0 0 0 0 0 0 0 0 0 0 0 0 0 3.2 0 2.8000000000000003 12 0 0 0 0 1.8 3.4000000000000004 1.6 0 0 2.2 0 3.8000000000000003 4 0 0 1 3.8000000000000003 0.8 4 0 0 0.4 1.8 1 0 4 0 15.8 2 2.8000000000000003 0 12.600000000000001 0 7.4 5.4 0 0 0 0 0 0 0 0 0 0 0 0 0 0 0 0 0 0 0 0 0 0 0 0 0 0 0 0 0 0 0 0 0 0 0 0 0 0 0 0 0 0 0 0 0 1 0.6000000000000001 0 0 17.8 4 2 0 0.6000000000000001 0.2 0 0.4 0 0 0 0 0 1.6 0 0 0 0.4 0 0 0 0 0 0 0 0 0 0.2 0 0 0 0 0 0 0 0 0 0 0 0 0 
 42 9.200000000000001 27 68.60000000000001 50.2 0 46.6 10.8 45.400000000000006 27.6 80 14.4 9.8 26.400000000000002 7.4 14 12.8 10.8 11 14.8 15 1.6 0 0 0 1 14.600000000000001 8 0.4 1.2000000000000002 0 0 3.2 0 0.8 0 0.4 0 25.400000000000002 0 0 0.4 0 0 0.6000000000000001 0 1.2000000000000002 0.6000000000000001 0 1.8 0.6000000000000001 1 0.4 0.4 0 0 1 0.6000000000000001 0.4 16 0.2 0.6000000000000001 0 0 1.2000000000000002 12.4 1.2000000000000002 0 0.2 0 0.8 0.6000000000000001 1.2000000000000002 5.800000000000001 0.8 0 1 0 2.2 0.4 0 3.8000000000000003 0.4 3.2 4 12.4 0 0 0 1.6 0.2 0 0 0 0 0 0 2.2 0 0 6 0 0.2 0.6000000000000001 0 2.4000000000000004 0 0 0 0 0 0 4.2 1.8 10.200000000000001 0 2.4000000000000004 0 3.6 7.4 0 0 0 0 0 0 0 0 0 0 0 0 0 0 0 0 0 0 0 0 0 0 0 0 0 0 0 0 0 0 2.2 0 0 0.2 0 0 0.4 0 0 0 0 0 2 2.4000000000000004 0 8.4 0.2 0 0 0 4 5.800000000000001 0 0 0 0 0 2.2 0 0 5.800000000000001 0.2 0 0 0 0 5.800000000000001 0 0 0 0 7.800000000000001 6.6000000000000005 4.4 1.4000000000000001 7 10.200000000000001 0 3.2 5.4 0 0 0 0 0 0 0 0 0 0 0 0 0.4 0 0.2 0 0 0 0 0 0 1.8 0 0 0 0 0 0 0 0 0 0 0 0 0 0 0 0 0 0 0 0 0 0 0 1.4000000000000001 0.4 0 18.6 12.200000000000001 0.2 2.6 0 0 15.200000000000001 0 0 0 0 0 0 0 0 0 0 0 0 0 0 0 0 0 0 0.2 0 1.2000000000000002 1.4000000000000001 0 0 0 0 0 0 0 0 0 0 0 0 0 
 39.400000000000006 30 10.8 11.200000000000001 9.200000000000001 46.6 0 44.800000000000004 26.200000000000003 10 25 5.6000000000000005 67.4 7.4 16.400000000000002 25.8 24 5.6000000000000005 98.4 106.4 0.4 0.6000000000000001 0.2 0 0 0 0.4 0.4 0 0.4 0.4 1.2000000000000002 0 0 0 1.6 0.4 0.8 0 1.2000000000000002 0 7.2 0 0 0.6000000000000001 0 1 0 1.6 0 0.6000000000000001 0.2 2.2 1.6 0 1.2000000000000002 0.6000000000000001 0.4 0.4 0.6000000000000001 0 2.6 7.2 7.2 0.4 0.6000000000000001 0.2 0 0 1.2000000000000002 0 0.6000000000000001 0 0.4 0 0 0 5.800000000000001 0.4 0.2 0.4 3.4000000000000004 0 0.6000000000000001 0.2 0 5.800000000000001 0.6000000000000001 4.6000000000000005 0 10 0.4 0.2 7.4 0 0.2 3 3.6 0.8 3 0 0 0 0 0 0 0 0 0 0 0 0 4 0 0 0 0 0 0 0 0 0 0 0.4 0 0 0 0 0 0 0 0 0 0 0 0 0 0 0 0 0 0 0 0 0 0 0 0 0 0 0 0 0.2 0 0 0 0 0 0 0 4.4 2 0.4 0 0.4 2.8000000000000003 12.4 3.8000000000000003 8.6 0 3 0 0 5.6000000000000005 7 1.8 0 1.8 3.4000000000000004 3.8000000000000003 0 0 0.2 0 0 0 0 0 0 0 0 0 0 0 0 0 0.4 0 0 0 0 0 0.4 0 0 0 0 0.4 0 0 0 0 0 0 0 0 0 0 0 0 0 0 0 0 0 0 0 3.8000000000000003 0 0 0 0 0 0 0 0 0 0 0 0 0 0 0 0 0 0 0.4 0 0.4 0 0 0.2 0 0 0 0 0 0 0 0 0 0 0 0 0 0 0 0 0 0.2 0 0 0 0 0 0 0 0 0 0 0 0 0 0 0 0 0 0 0 0 
 62 11.600000000000001 67 22 15 10.8 44.800000000000004 0 95.2 48.2 24 22.400000000000002 71 9.200000000000001 8.6 47.2 67.8 12.8 80.4 8.6 0.4 0.6000000000000001 0 0 0 0.8 0 0 0 0.4 0.8 0 0 0.6000000000000001 0 0 0.6000000000000001 0.2 0.2 0 0 1.4000000000000001 0 0 0.6000000000000001 0 0.6000000000000001 0 1.8 0 0 0 0.8 0.4 0 0 0.6000000000000001 0 0.4 0.6000000000000001 0 0.6000000000000001 0 0 0 0 0 0 0 0 0 0.6000000000000001 0 0 0 0 0 0 0 0 3.8000000000000003 3 0 0 0 0 0.6000000000000001 4.6000000000000005 0 4.2 5.6000000000000005 0.2 3.8000000000000003 3.8000000000000003 1.8 2.2 6.2 1.2000000000000002 5.2 0 0 0 0 0 0 0 0 0 0 0 0 0 2.8000000000000003 0 0 2 0.4 0 0 0 0 0 0 0 0 0 0.2 0 0 0.2 0 0 0 0 0 0 0 0 0 0 0 0 0 0 0 0 0 0 0 0 0 0 1 0 0 0 0 0 0 0 6.6000000000000005 1.8 1.6 0 6 0 0 1.8 4.800000000000001 3.4000000000000004 4.4 0 5.4 0 0 2 0.2 1.8 7.800000000000001 2.8000000000000003 0 0 0 0 0 0 0 0 0 0 0 0 0 0 0 0 0 0 0 0 0 0 0 0 0 0 0 0 0 0 0 0 0 0 0 0 0 0 0 0 0 1 0 2 0 0 0 0 0 0 0 0 0 0 0 0 0 0 0.2 0 0 0 0 0 0 0.4 0.6000000000000001 0 0.4 0 0 1.8 3.6 0 0.4 0 0 0 0 0 0 0 0 0 0 0 0 0 0 7 0 0 0 0 0 0 0 0.8 0 0 0 0 0 0 0 0 0 0 0 0 
 59.400000000000006 9 24.8 63.6 14.200000000000001 45.400000000000006 26.200000000000003 95.2 0 67.8 25.200000000000003 9 37 12.4 11.200000000000001 69.4 75.60000000000001 18 62.400000000000006 58.2 0 0.6000000000000001 0 14.8 0.4 0 0 0 0 0.4 0 0 13.600000000000001 0 0 0 0.4 0 14.8 14.8 0 12.8 0 0 0.6000000000000001 0 7.2 1.8 0 0 0 0 0.4 0.4 0 0 0.6000000000000001 0 0.4 0.6000000000000001 0 0.8 0 0 0 0 0 0 0 0 0 0.6000000000000001 0 0 0 0 0 0 0 0 2.4000000000000004 9.4 2 0.2 4 3 0 2 0 5.2 4.6000000000000005 2.6 0 3.2 2.2 0 0 0 0 0 1.8 0 0 0 0 0.2 0 0.4 0 0 0 0 3.8000000000000003 0 0 0 0 0.2 0 0.2 0 0 0.2 0 0 0 0 0 0 0 0 0 0 0 0 0.2 0 0 0 0 0 0 0 0 0 0 0 0 0 0 0 0 0 0 0 0 0 0 0 0 1.4000000000000001 0.6000000000000001 2.8000000000000003 1 3.8000000000000003 0.8 0 5.2 1.6 2 5 3 0 1.6 0 4.4 0.4 6.6000000000000005 0.2 0 4 0 0 0 0 0 1.6 3.2 0 0 0.2 0.4 0 1.4000000000000001 1.8 0.2 0 0 0.4 0 0 0 0 0 0 0 0 0 0 0 0 0 0 0 0 0 0 0.4 0 0 0 0 0 0 0 0 0 0 0 0 0 0 0 0 0 0 0 0 0 0 0 2.2 0 0 0 0.2 36.6 0.4 0.4 8.200000000000001 0 2.6 4 0 0 0 0 0 0 0 0 0 0 0 0 0 0 0 0 0 0 0 0 0 0 4.2 2 0 0 0 0 0 0 0 0 0 0 0 0 0 
 9.8 6.4 78.2 43.6 70.2 27.6 10 48.2 67.8 0 25.400000000000002 27 10.4 29.200000000000003 32.2 52.6 39 23.6 17.8 16.6 0 0.6000000000000001 0 0 0 0 14.600000000000001 15 0 0.4 0 0 20 0 0 0 0.4 15 30.200000000000003 0 0 0.4 0 0 0.6000000000000001 0 0.8 0.2 0 1.2000000000000002 0 0 0.4 0.4 0 0 0.6000000000000001 0 0.4 12.8 0 0.6000000000000001 0 0.2 0 0 0 0 0 0 0 0.4 0 0 0 0 0.6000000000000001 0 0.8 0 0 2.4000000000000004 6.2 2.2 7.2 0 0 0 3.2 0.2 0 12.200000000000001 0 0 1.6 2.8000000000000003 3.8000000000000003 0.2 2.4000000000000004 0 4.800000000000001 0 0 0 0 0 0 0 0 0.2 0 0 4.2 4.6000000000000005 0 0 2.2 0 2.2 6.6000000000000005 0 0 0 0 0 0 0 0 0 2.8000000000000003 0 0 0 1.2000000000000002 0 0 0 0 0 0 0 0 0 0 0 0 0 0 0 0 0 0 0.4 0 0 0 1.2000000000000002 0 0 0 0 0 2.4000000000000004 2.2 0 0 0 0 0 2.4000000000000004 3.2 6.4 0 0 0 0 0 4.6000000000000005 0 0 0.2 0 1.8 0 0 0 4.2 0.2 0 0 0 0 1.8 7.2 0 2 0 0 3.8000000000000003 3.6 0 0 0 0 0 0 0 0 0 1.8 0 0 0 0 0 0 0 0 0 0 0 0 0 0 0 0 0 2.8000000000000003 0 0 0 0 0 0 0 0 0 0 0 0 0 0 0 0 0 0 17.6 0.2 0.2 17.400000000000002 0 2.2 0 0 0 0 0 0 0 0 0 0 1.8 0 0 0 0 0 0 0 0 0 0 0 0 4.6000000000000005 0 0 0 0 0 0 0 0 0 0 0 0 0 0 
 8.4 48.800000000000004 30.400000000000002 84 62 80 25 24 25.200000000000003 25.400000000000002 0 84.4 51.400000000000006 23.6 106.60000000000001 13.4 38.2 55.400000000000006 56.2 51.400000000000006 9.4 0.6000000000000001 0 0 0 0 0.4 0 0 0.4 0 0 14.600000000000001 0.4 0 0.4 0.4 0.6000000000000001 0 0 0 0.4 0 0 0.6000000000000001 0 0.6000000000000001 0 0 2 0 0 0.4 0.4 0 0 0.6000000000000001 0.4 0.4 5.800000000000001 0 0.6000000000000001 0 0 0 0 0 0 0 0 0 0.6000000000000001 0.4 0 0 0 0 0 0 0 0 5 4.800000000000001 2 7.6000000000000005 2.8000000000000003 0 0 5 1.6 2.4000000000000004 23.8 0 3 4.2 0 1.2000000000000002 0 0 0 0 0 2 0 0 2 1.4000000000000001 1.8 0 0.2 0 0.6000000000000001 9.4 1.6 0 0 2.2 0 2.6 0.2 0 0 0 0 0 0 0 0 0 0 0 0 0 0 0 0 0 0 0 0 0 0 0 2.2 0 0 0 0 0 0 0 0 2.6 0 0 0 0 0 0 0 2 0.2 4.2 7 14 3 0 3.8000000000000003 2 3 5.4 5.6000000000000005 2.2 0 0 0.2 2.8000000000000003 0.8 0 0.2 1.6 0 2.8000000000000003 0 2.6 0 2.2 2.4000000000000004 0 0 0 0 11 2.6 6.2 0 3.6 0.6000000000000001 2.4000000000000004 2.8000000000000003 0 0 0 0 0 0 0 0 0 0 0 0 0 0 9.4 0 0 0 0 0 0 0 0 0 0 0 0 0 0 0 0 0 0 0 0 0 0 0 0 0 0 0 0 0 0 0 0.2 0.2 9.200000000000001 0 0 0.8 0 0 0 0 0.4 0 0 0 0 0 2.2 0 0 0 0 0 0 0 0 0 0 0 0 0 1.6 2.2 0 0 0 0 0 0 0 0 0 0 0 0 
 7.6000000000000005 8.200000000000001 22.6 26.6 9.600000000000001 14.4 5.6000000000000005 22.400000000000002 9 27 84.4 0 7.2 17 17.8 7.4 48.800000000000004 87 9.8 11 15 0.6000000000000001 15 0 0 0.2 0 0 15 0.6000000000000001 0 0 0.2 0 0 0 0.6000000000000001 0.4 35.2 0 0 0.4 0 0 0.6000000000000001 0 0.6000000000000001 0 0 0 0 0 0.4 0.4 0 0 0.6000000000000001 0.2 0.4 12.8 0 0.6000000000000001 0 0 0 0 0 0 0.2 0 0 0.6000000000000001 0 0 0 0 0 0 0 0 0 2.6 0 2.8000000000000003 0 2.8000000000000003 0 0 3.4000000000000004 0 5.4 2.8000000000000003 0 0 3.8000000000000003 0 5.2 12.4 0 0 0 2.8000000000000003 1.4000000000000001 0 0 0 1.6 5.2 0.2 2.8000000000000003 0 0 0 1 0 0 4.6000000000000005 0 2.8000000000000003 0 0 0 0 0 0 0 0 0 0 0 0 0 0 0 0 0 0 0 0 0 2.8000000000000003 0 0 0 0 0 0 3 0 0 0 0 1 0 0.4 0 0 0 0 0 0 1 0 0 3 0 0 0 2.8000000000000003 0 1.6 2.2 0 0 0 0 2.4000000000000004 0 0 0 4 0 0 0.2 0.4 0.4 0.2 2.2 0.4 0 0 0 5.4 0 9 2 3.2 3 8 5 0 0 0 0 0 0 0 0 0 0 0 0 0 0 0 0 0 0 1 0 0 0 0 0 0 0 0 0 0 0 0 0 0.2 0 0 0 0 0 0 0 0 0 0 0 0.4 1 1.2000000000000002 0 18 0.2 0.8 0 0 0 0 0 0 0 0 0 0 0 0 0 0 0 0 0 0 0 0 0 0 0 0 0 3.8000000000000003 1.8 0 0 0 0 0 0 2.8000000000000003 0 0 0 0 0 
 47 29.8 25.8 38.2 60 9.8 67.4 71 37 10.4 51.400000000000006 7.2 0 48.6 8.8 51.6 24.8 6.2 107.4 33.4 0 0.6000000000000001 0 0 0 0 0 0 0 0.4 0 0 0 0 0 0 0.4 0.4 0 0 0 0.4 13 0 0.6000000000000001 0 1.2000000000000002 0.6000000000000001 0 0 0 0 0.4 0.4 0 0 0.6000000000000001 0.2 0.4 0.6000000000000001 0 0.6000000000000001 0 0 0 1.2000000000000002 0 0 0 0 0 0.6000000000000001 0 0 0 0 0 0 0 0 6.800000000000001 3.2 6.4 1.6 0 3 7.6000000000000005 1.6 2.6 2 0 1.4000000000000001 7.800000000000001 0 2.8000000000000003 10.600000000000001 0 10.4 0.2 0.2 0 0 0 0 0 0 0 0 0 0 0 0 0 0 0 0 0 2.6 0 0 0 0 0 0 0 0 0 0 0 0 0 0 0 0 0 0 0 0 0 0 0 0 0.2 0 0 0 0 0 0 0 0 0 0 0 0 0 0 0 0 0 3.6 3.4000000000000004 0.2 0 0 8.4 6.6000000000000005 2 7.4 4 0 0 0 4.800000000000001 3.8000000000000003 4 3.6 2.6 0 8.4 0 0 0 0 0 0 0 0 2.4000000000000004 0 0 0 0 0 0 0 0 0 0 0 0 0 0 0 0 0 0 0 0 0 0 0 0 0 0 2 0 0 3.8000000000000003 3 0 0 0 0 0 0 0 0 0 0 0 0 0 0 0 0 0 0 0 0 0 2 0 0 0 0.4 17.2 0 0 0.2 0.2 1.2000000000000002 0 0 0 0 0 0 0 0 15.200000000000001 0 0 0 0 0 0 0 0 0 0 0 0 0 0 0 0 0 0 0 0 0 0 0 0 0 0 0 0 0 
 26.200000000000003 79.2 8.8 12.600000000000001 43 26.400000000000002 7.4 9.200000000000001 12.4 29.200000000000003 23.6 17 48.6 0 28 9.4 34.2 24.400000000000002 21.6 38 0.2 0.6000000000000001 0 0 0 0 0.4 0 0 0.4 0 0 0 0.2 0 0 0.4 0.4 0 0 0 0.4 0 0 0.6000000000000001 0 1.8 1.4000000000000001 12.600000000000001 0 0 0 0.4 0.4 0 0 0.6000000000000001 0 0.4 0.4 0 0.6000000000000001 0 0 0 5 0 0 0 0 0 0.4 0 0 0 0 10.200000000000001 0 0 0 8.8 10.8 10.4 2.4000000000000004 4.2 5 6.4 2.8000000000000003 10.200000000000001 2 1.8 7.800000000000001 3.8000000000000003 2.8000000000000003 8 7 4.800000000000001 2 0 0 0.8 0.4 0 0 0 0 0 0 0.2 0 0 0 0 0 0 0 0 0 6.800000000000001 0 0 0 0 0 0 0 0 0 0 0 0 0 0 0 0 0 0 0 0 0 0 0 0.4 0 0 0 0 0 0 0 0 0.4 0 4 0.4 0 0 0 0 0 0.8 8.200000000000001 4.4 0.2 2.4000000000000004 1.4000000000000001 0.2 0 0.4 3 6.2 0.4 0 3.2 2.4000000000000004 10 4.800000000000001 7 0.2 3.2 0 0 0 0 0 0 0 0 0 0.2 0 0 0 0.2 0 0 0 0 2.8000000000000003 0 0 0 0 0 0 0 0 0 0 0 0 0 0 0 0 0 0 0 0 0 0 0 0 0 0 0 0 0 0 0 0 0 0 0 0 0 0 0 0 0 0 2 0 0 0.4 0 17.6 0 0 0.4 2.6 1.4000000000000001 0 0 0.4 0 0 0 0 0 0 0 0 0 0 0 0 0 0 0 0 0 0 0 0 0 0 0 0 0 0 0 0 0 0 0 0 0 0 0 
 6 8.8 17 29 40.2 7.4 16.400000000000002 8.6 11.200000000000001 32.2 106.60000000000001 17.8 8.8 28 0 31.6 38 54.2 35.800000000000004 21.400000000000002 0 0.6000000000000001 0 0.2 0 0 0 0 0 0.4 0 0 11.4 0 0 0 0.4 0.4 0 1.2000000000000002 14 1.4000000000000001 0 12.600000000000001 0.6000000000000001 0 0.6000000000000001 0 0.8 0 0 0 0.4 0.4 0 12.200000000000001 0.6000000000000001 0 0.4 0.6000000000000001 0 0.6000000000000001 0 0 0 0.8 0 0 0.2 0 0 0.6000000000000001 0 0 0 0 0 0 0 0 3 6.6000000000000005 0 4.6000000000000005 4.4 0.2 0.4 7.6000000000000005 7.6000000000000005 1.8 9.8 8.200000000000001 0 7.800000000000001 7.800000000000001 2.4000000000000004 4.2 4.4 0 0.2 0 0 0.4 0.2 0 0 0 0 0 0 0 0 3 0 0 0 0 0 5.4 0 0 0 0 0 0 0 0 0 0 0 0 0 0 0 0 0 0 0 0 0 0 0 0 0 0 0 0 0 0 0 0 0 0 0.4 0 0 0 0 0.4 0 4 3.8000000000000003 10 1.6 1 2.8000000000000003 3.4000000000000004 2.8000000000000003 6.6000000000000005 1.4000000000000001 2.8000000000000003 0 1.4000000000000001 0 2.4000000000000004 0 2 2 2 4.800000000000001 0 0 0 0 0 0 0 0 0 0 0 0 0 0 0 0 0 0 2.6 0 0 0 0 0 0 0 0 0 0 0.4 0 0 0.4 0 0.4 0 0 0 0 0 0 0.2 0 0 0 0 3 0 0 0 0 0 0 0 0 0 0 0 0 0.2 0 0.2 0 0 0 0 0.8 0 0 0 3.4000000000000004 6.2 0 0 0 0 0 0 0 0 0 0 0 0 0 0 0 0 0 0 0 0 0 0 0 0 0.2 2 0 0 0 0 0 0 1.4000000000000001 0 0 0 0 0 
 13.4 15 72.2 60.2 16.400000000000002 14 25.8 47.2 69.4 52.6 13.4 7.4 51.6 9.4 31.6 0 51.2 30.8 27.400000000000002 31 1 1.4000000000000001 0 0 0 0 0 0.6000000000000001 0 0.8 0.8 1.2000000000000002 16 0 0 0 0.4 0.8 0 0 0.4 1.2000000000000002 0 0 1.4000000000000001 0 1 0 0.4 0.4 0.4 0 0.6000000000000001 0.4 1.4000000000000001 0 0.6000000000000001 0 0.4 0.6000000000000001 0 0.6000000000000001 0 1.2000000000000002 0.6000000000000001 0.8 0.6000000000000001 0 0 0 0 0.6000000000000001 1.8 1.2000000000000002 0.4 0 0 0 0.6000000000000001 0 15.4 0 4.6000000000000005 2.2 6.800000000000001 0 2.4000000000000004 6.4 14.200000000000001 3.6 0.4 2.8000000000000003 4.800000000000001 0 8.200000000000001 4.4 2.8000000000000003 1.8 0 0 2.6 0 0 0.4 0 0 0 0 0 0.4 0 0 0 0.2 0 0 2 0 0 1.8 0 0 0 0 0 0 0 0 0 0 0 0 0 0 0 0 0 0 0 0 0 0 0 0 0 0 0 0 0 0 0 0 1.4000000000000001 0 0 0 0 0 0 0 0.6000000000000001 0 4.2 0 3.2 0 3.8000000000000003 4 7.2 1.2000000000000002 0 2.6 0 3.8000000000000003 0.2 0 1.8 0 0.2 0 0 0 0 0 0 0 4.4 0 0 0.2 0 0 3.6 1.4000000000000001 0 2.6 0 0 2.2 2 0 0 0 0 0 0 0 0 0 0 0 0 0.4 0 0 0 0 0 0 0 0 0 0 0 0 0 0 0 0 0 0 0 0 0 0 0 0 0 0 1.2000000000000002 0 0.2 0 0 0 0 0.8 0.2 0 0.6000000000000001 0 3.8000000000000003 3 0 0 0 0 0 0 0 0 0 0 0 0 0 0 0 0 0 0 0 0 0 0 1.4000000000000001 0 0.2 0 0 0 0 0 0 0 0 0 0 0 0 
 8 6.4 29.6 92.80000000000001 32 12.8 24 67.8 75.60000000000001 39 38.2 48.800000000000004 24.8 34.2 38 51.2 0 56.400000000000006 49.800000000000004 27.200000000000003 0 0.6000000000000001 0 0 0 0 0 14.600000000000001 0 0.8 0 0.4 15.600000000000001 0 0 0.4 0.4 0.4 0 0 0 0.4 0 0 1 0 0.6000000000000001 0 0 0.4 0 0 0.4 0.4 0 0 1 0 0.4 0.4 0 0.6000000000000001 0 0 0 0 0 0 0 0 0 0.8 0 0 0.2 0 0 0 0 0 2 8.200000000000001 0 4 11.200000000000001 0.6000000000000001 0 0.2 9 0 2 1.4000000000000001 0 4.4 14.600000000000001 0 4.800000000000001 1.8 0 0 0 0 0 0 0 0 0 0 0.4 0 0 0 6 1.4000000000000001 0 0 0 0 5 0 0 0 0 0 0 0 0 0 0 0.4 1.2000000000000002 0 0 0 0 0 0 0 0 0 0 0 0 0.4 0 0 0 0 0 0 0 0 1.2000000000000002 0 0 0 0 0 0 0 2.2 0.2 8.200000000000001 2 2.8000000000000003 0 3.6 3.8000000000000003 1.6 3.2 3.2 0.2 0 0 0 0.2 1.8 1.2000000000000002 0 0 0 0 2 0 0 0 0 0 0 0.2 0 0 0 11.200000000000001 0 0 0 0 6 0 0 0 0 0 0 0 0 0 0 0 0 0 0 0 0 0 0 0 0 0 0 0 0 0 0 0 0 0 0 0 0 0 0 0 0 0 0 0 0.4 0 0 0.2 0 0 0.2 0.2 0 0 0.4 0 0 1.4000000000000001 0 0 0 0 0 0 0 0 0 0 1.4000000000000001 0 0 0 0 0 0 0 0 0 0 0 0 0 0.2 0 0 0 0 0 0 0 0 0 0 0 0 0 
 4.800000000000001 53.800000000000004 34.4 21.200000000000003 15.600000000000001 10.8 5.6000000000000005 12.8 18 23.6 55.400000000000006 87 6.2 24.400000000000002 54.2 30.8 56.400000000000006 0 28 11.200000000000001 0.4 0.6000000000000001 0.6000000000000001 0.6000000000000001 0 0 0 0 0 1 0 0 0.4 0 0.4 0 0.4 1 0.4 0.4 0 2.2 0 0.6000000000000001 1.2000000000000002 0 0.6000000000000001 0 1.4000000000000001 0 0 0.4 1 0.8 0 0 0.6000000000000001 0.2 0.4 0.2 0 2 0 0 0 0 0 0 0 0.4 0 0.2 0 0 0 0 0 0.6000000000000001 0 0 3 8.200000000000001 0 1.8 0.6000000000000001 0 0.2 8.4 7 3.6 9.600000000000001 5.6000000000000005 0 8.200000000000001 11 1 4.800000000000001 1.4000000000000001 0 0 0 0 0 0 0 0 0 0 0 0 0 0 2.8000000000000003 0 0 0 0 0 5.2 0 0 0 0 0 0 0 0 0 0 0 0 0 0.2 0 0 0 0 2.6 0 2.4000000000000004 0 0 0 0 0 0 0 0 0.2 0 0 0 0 0 0 0 0 0 0 0 1.8 11.200000000000001 8.4 3.2 8 0 9.600000000000001 1.8 6 4.4 4 0 1.8 0 2 0.2 3 2 0.2 0 0 0 0 0 1.8 0 0.2 0 0 0 0 0 0 0 0 0 0 0.4 2.6 0 0 0 0 0 0 0 0 1.4000000000000001 0 0 0 0 0 0 0 0 0 0 0 0 0 0 0 0 0 0 0 0 0 0 0 0 0 0 0 0 0 0 0 0 0 0.2 0 0 0 0.2 0 0 0.4 0.8 6 1.6 3.2 0 0 0 0 0 0 0 0 0 0 0 0 0 0 0 0 0 0 0 0 0 0 0 1.6 6.2 0 0 0 0 0 0 0 0 0 0 0 0 
 30.8 11.8 72.8 18.6 17.2 11 98.4 80.4 62.400000000000006 17.8 56.2 9.8 107.4 21.6 35.800000000000004 27.400000000000002 49.800000000000004 28 0 108.60000000000001 0.2 0.6000000000000001 0 0 0 0 0 0 0 0.4 0 0 0 0 0 0 0.4 0.2 0 0 0 1.2000000000000002 0 9.600000000000001 0.6000000000000001 0 0.6000000000000001 0.6000000000000001 0.4 0 0 0 0.6000000000000001 1 3 0.8 0.4 0 0.4 0.6000000000000001 0 0.6000000000000001 0 0 0 0 0 0 0.4 0 0 0.6000000000000001 0 0 0 0 0 0 0 1.2000000000000002 11.8 1.4000000000000001 0 2.4000000000000004 0 0.2 0 2.8000000000000003 6.800000000000001 2 0 0.2 3.4000000000000004 2.2 1.8 3.2 2 1.8 3.8000000000000003 2.6 0 0 0 0 0 0 0 0 0 0 0 0 0 0 0 0 0 0 0 0.4 0 0 0 2.8000000000000003 0 3.6 0 0 0 0 0 0 0 0 0 0 0 0 0 0 0 0 0 0 0.2 0 0 0 0 0 0 0 0.4 0 0 0 0 0 0 0 0.6000000000000001 0.8 0.2 0 0 0 1.4000000000000001 10 1.8 1.2000000000000002 0 0 0 5.4 0 0 0.2 0 0 0.2 0.4 0 0 0 0 0 0 0 0 0 0 0 0 0 0 0 0 0 0 0 0.4 0 0.2 0 0 0 0 0.2 0 0 0 0 0 0 0 0 2.4000000000000004 0 0 0 0 0 0 0 0 0 0 0 0 0 0 0.2 0 0 0 0.4 0 0 0 0 0 0.2 0 0 0 0.2 0.6000000000000001 0.4 0.8 0 0.4 0.6000000000000001 0.2 0 0 0 0 0 0 0 0 0 0 0 0 0.2 0 0 0 0 0 0 0 0 0 0 0 0 0 0 0 0 0 0 0 0 0 0 0 0 
 46.800000000000004 18.2 18 14.8 17.6 14.8 106.4 8.6 58.2 16.6 51.400000000000006 11 33.4 38 21.400000000000002 31 27.200000000000003 11.200000000000001 108.60000000000001 0 0 0.6000000000000001 0.4 0.2 0 0 0 0 0 0.4 0 0.4 0 0 0 0 0.4 15.200000000000001 0.4 0.4 0 0.4 0 0 0.6000000000000001 0 1.2000000000000002 1.2000000000000002 1 12.8 0 0 0.8 1.2000000000000002 0 0 0.6000000000000001 0.4 0.4 0.4 0 0.6000000000000001 0 0 0.6000000000000001 1 0 0.2 0 0 0 0.2 0 0 0.4 0 0 0 0 0 3.2 0 2 2.6 0 5.800000000000001 2 0 4.4 1.4000000000000001 0 1.8 7.6000000000000005 0 3 2 0 8.6 0 1.6 0 0 0 0 0 0 0 0 0 0 0 0 0 0 0 0 0 0 0 0 0 0 0 0 0 0 0 0 0 0 0 0 0 0 0 0 0 0 0 0 0 0 0 0 0 0 0 0 0 0 0 0 0 0 0 0 0 0 0 0 4.6000000000000005 1.6 0 0 0 3 6.6000000000000005 2.4000000000000004 3 2.4000000000000004 0 0 4.4 4.2 2.4000000000000004 3.8000000000000003 1.8 0 0 11.200000000000001 0 0 0 0 0 0 0 0.2 0 0 0 0 0 0 0 0 0 0 0 0 0 1.8 0 0 0 0 0 0 0.2 0 0 0 0 0 0 0 0 0 0 0 0 0 0 0 0 0 0 0 0 0 0 0 0 0 0 0 0 0 0 0 0 2 0 0 0 0.4 17 0 0.8 0 0 0.8 0 0.4 0 0 0 0 0 0 0 0 0 0 0 0.6000000000000001 0 0 0 0 0 0 0 6.4 0 0 0 0 0 0 0 0 0 0 0 0 0 0 0 0 
 0 0 0.2 0.4 29 15 0.4 0.4 0 0 9.4 15 0 0.2 0 1 0 0.4 0.2 0 0 36.4 25 10.8 10 8.4 32 71.2 8.8 66.4 20.400000000000002 28.200000000000003 38.2 37.800000000000004 52.400000000000006 32 10.4 24 10.200000000000001 24 2.8000000000000003 0 0 0 0 9.4 0.2 0 0.4 3 0.6000000000000001 0 1 0 0 0.6000000000000001 0 0 12.4 0 0.6000000000000001 0 11.4 0 0 0.2 0 0 0 0 0 0.6000000000000001 0.6000000000000001 0 0 0 0 0 0.6000000000000001 0 0 0 0 0 0 7 0 0 0 0 2.4000000000000004 9.4 0 0 0 0 0 0 0 0.4 3 6.4 2.4000000000000004 2.4000000000000004 7.6000000000000005 5 6.2 6.800000000000001 1.6 2 4.4 1.8 4.6000000000000005 4.4 1.6 2 2 9.4 4.6000000000000005 1.8 2.2 0 0 0 0 0.4 0 0 1.4000000000000001 0 0 0 0 0 0 0 0 0 1 0 0 0 0 0 0 0 0 0 0 0 8.4 0 0 0 0 0 0 0 0 0 0 0 0 0 4.800000000000001 0 0 0 0 0 0 3.8000000000000003 0 0 0 0 2.2 0.4 0 0 0 4.4 7.6000000000000005 0 5.2 6 0 1.8 5.800000000000001 0.2 7.800000000000001 2.4000000000000004 12.4 5.2 7.6000000000000005 4.800000000000001 6.4 3.4000000000000004 0 4.800000000000001 0 0 0 0 0 0 0 0 0 0 0 0 0 0 0 0 0 0 0 0 0 0 0 0 0 0 0 0 0 0 2.8000000000000003 0 3.8000000000000003 0 0 0 0 2.4000000000000004 0 0 0 0 0 0 0 0 0 0 0 0 0 0 0 0 2.2 0 0.2 16.2 0 0.4 0 0.2 2.4000000000000004 0 0 0 0 0 0 0 0 0 0 0 0 0 0 0 0 2.2 0 2 0 0 0 2.4000000000000004 0 0 0 0 
 0.6000000000000001 0.6000000000000001 0.6000000000000001 0.6000000000000001 15.4 1.6 0.6000000000000001 0.6000000000000001 0.6000000000000001 0.6000000000000001 0.6000000000000001 0.6000000000000001 0.6000000000000001 0.6000000000000001 0.6000000000000001 1.4000000000000001 0.6000000000000001 0.6000000000000001 0.6000000000000001 0.6000000000000001 36.4 0 50.6 83.4 8.200000000000001 24.6 53.400000000000006 81.60000000000001 44 61.6 92.2 39.6 66.2 68 72 58 26.8 41 112.2 38 0.4 0 0 0 0.4 12.4 0.4 0 0.4 0.6000000000000001 0.6000000000000001 1 12.600000000000001 0 0.4 0 0 0 41.400000000000006 0.2 0.6000000000000001 1.4000000000000001 0 0.6000000000000001 0 0.8 0 0 0 0 0 0.6000000000000001 0.4 0.6000000000000001 0.2 0 0 0 0.6000000000000001 0 0 0 0 0 0 0 0.4 0 0 0 0 0 0.2 0 0 0 0 0 0 0 2 11.600000000000001 14.600000000000001 0 6.6000000000000005 7.4 2.6 4 4 8.200000000000001 6.800000000000001 3.8000000000000003 0 0.2 1.8 0 0 5.800000000000001 0 0.4 0 0 0 2.8000000000000003 0.2 0 4.6000000000000005 0 0 0.2 0 1.6 0 0 0 0 0 0 2.8000000000000003 2.2 0 0 0 0 0 0 0 0 0 0 1.8 0 0 0.4 0 1.8 0 3.8000000000000003 0 0.2 0 0 1.8 0 1 0 0 0 0 0 0 0 0.8 0 2.8000000000000003 0 0.2 0 0 0 0 0.6000000000000001 2.6 6.4 1.8 0.8 3.6 9.600000000000001 6.4 0.8 2.4000000000000004 0.2 0 0.2 2.2 0.4 2 3 0 3 4.800000000000001 0 0 0 0 0 0 0 0 0.4 0 0 0 0 0 0.4 0 0 2 2 0 0.2 0 0 0 0 0 0 0 0 0 0 0.4 0.2 0 0 0 0 0 0 0 0 4.2 0 0 0 0 0 0 0.2 0 0 0 0 1.4000000000000001 0 0 0.2 15.600000000000001 0 0.6000000000000001 2 0 0 0 0 0 0 0 0 0 0 0 0 0 0 0 0 0 0 0 3.8000000000000003 0 0 0 0 0 0 0 2.4000000000000004 
 0 0 0 0 0 0 0.2 0 0 0 0 15 0 0 0 0 0 0.6000000000000001 0 0.4 25 50.6 0 117.4 30 9.600000000000001 46.2 70.60000000000001 24.200000000000003 82 10 68.8 101 73.2 41.6 89.60000000000001 64.2 9 54.800000000000004 24.6 0 0 0 0 41.2 0.4 0.2 0 0.4 0.6000000000000001 0.6000000000000001 0 12.8 0 0 0 0.2 0 0 0 0.6000000000000001 0.8 0 0 0 0.2 0 0 0 0 0 0.6000000000000001 0 0 1.2000000000000002 0 0 0 0.6000000000000001 0 0 0 0 0 0 0 0 0 0 0 0 0 0 0 0 0 0 0 0 0 11 5.2 11 1 5.800000000000001 8.200000000000001 4 5 3.8000000000000003 16 0 0 0.4 0 2.6 3 0 4 0.4 6.800000000000001 0.2 0.6000000000000001 0 0 0 0 2.6 1.4000000000000001 2 0 0 7.2 1.8 1.4000000000000001 0 0 0 0 2 7.4 0 0 0 0 0 0 0 0 0 0 2 0.2 0 0 0 0 0 0 0 0.2 0 0 1.2000000000000002 0 0 0 0 0 0.2 0 0 0.2 0.4 0 0 0 0 0 0 0 3.8000000000000003 0 5.2 2 4.800000000000001 3 0.4 3.2 0 0.4 5.4 2 4.4 0 5.2 13.600000000000001 0 0 0 3.2 5.2 0 0 0 0 0 0 0 0 0 0 0 8.4 2 0 2 0 0 3 0 0 0 0 0 0 0 0 0 0 0 0 0 0 0 0 0 0 0 0 0 0 0 0 0 0 0 0 0 0 0 0 0 0 0 1.8 0 0.4 17.2 16 0.4 0 0 0 0 0 0 0 0 0 0 0 0 0 0 0 0 0 0 0 0 0 2 0 0 0 0 0 0 0 0 
 0 0 0 0 0 0 0 0 14.8 0 0 0 0 0 0.2 0 0 0.6000000000000001 0 0.2 10.8 83.4 117.4 0 77.60000000000001 40 46.2 32.2 103.4 24.6 53.800000000000004 47.400000000000006 94.60000000000001 69.8 31.200000000000003 55.2 84.4 40.6 75.8 29.400000000000002 11.200000000000001 0 0.2 0 0 0.2 12.8 0 0.4 0.6000000000000001 0.6000000000000001 1 7.800000000000001 13 0 0 0.2 0 13 0 0.6000000000000001 0 0 0 12.4 0 0 0 0 0 0 1.4000000000000001 0 0 2 0 0 0 0.6000000000000001 0 0 0 0 0 1.8 0 0 0.4 0 0 0 0.4 0 0 0 0 0 0 0 0 1.6 6.800000000000001 1.6 0.8 3.6 2.6 4.2 0 7 1.6 2.6 2.6 0 2.4000000000000004 0 2.8000000000000003 0 9.200000000000001 0.2 0 1 0 0 0 0 0 2 0 0.2 0 0 0 0 4.800000000000001 0 0 0 0 0.2 3.6 0 0 0 0 4.800000000000001 0 0 0 0 0 0.8 0 0 0 0 1 0 3.2 0 0.4 0 0 0.6000000000000001 0 0 0 0 0 0.4 0 0 0.2 0 0 0 0 0 0 0 0 0 0.6000000000000001 7.2 7.2 1.8 2 3.8000000000000003 2.4000000000000004 2.4000000000000004 1 0 10.4 0 0 0 0.2 0 1.6 0 0 3.8000000000000003 0.2 0 0 0 0 6 0 0 0 0 0 4 0 2 0 0 0 0 5.2 0 0 0 0 0 2.2 0 0 0 0 0 0 0 0 0 0 0 0 0 0 0 0 3.8000000000000003 0 0 0 0 0 0 0 0 0 0 0 1 0 0 15.200000000000001 1.8 0 0.8 2 0 0 0 0 0 0 0 0 0 0 0 0 0 0 0 0 0 0 0 3.4000000000000004 0 0 0 0 0 0 0 0 
 0.8 0 0 0.4 0 0 0 0 0.4 0 0 0 0 0 0 0 0 0 0 0 10 8.200000000000001 30 77.60000000000001 0 28.8 10.600000000000001 12.4 24.200000000000003 53.400000000000006 93.60000000000001 45.400000000000006 54.400000000000006 20.6 18.2 35.6 73.8 20.6 13.600000000000001 12.4 0 0 13.4 0 0 0 15 10.8 0.4 0.6000000000000001 1.2000000000000002 0 13.4 0 23.400000000000002 0 0 0 4.6000000000000005 14.600000000000001 0.6000000000000001 0 0 0 0 0 0 0 0 0 0 0.4 0 0 0 0 0 0 0.6000000000000001 0 0 0 0 0 0 0 0 0.2 0 0 0 0 0 0 0 0 0 0 0 0.4 0 0 4 4.4 2.6 1.6 0 0 1.2000000000000002 4.800000000000001 0 7.2 0 0 0 3.4000000000000004 1.4000000000000001 3.6 0 0 0 0 0 0 0 0 6.4 16.8 0 0 4 0.6000000000000001 4.6000000000000005 5.4 0 2.2 0.6000000000000001 2.2 2.6 0 0 0 0 0 0 0 0 0 0.4 0 0 0 0 0 0.6000000000000001 0 0.4 0 0.4 0.8 0 0 1.4000000000000001 0 0 0 0 5.2 0 3.6 0 0 0 0 0 0 0 0 0 1.2000000000000002 0 0 0 0 4.4 2.4000000000000004 0 0 5.800000000000001 3.4000000000000004 3.4000000000000004 6.2 0 0 0 0 0 3.4000000000000004 0 0 4.6000000000000005 0 0 0.4 0 0.2 7.2 0 0 0 0 0 2.4000000000000004 0 2 7 2.6 0 9.4 0.2 0 0 0 0 1 0 0 0 0 0 0 0 0 1.4000000000000001 0 0 0 0 0 0 0 0 0 0 0 0 0 0 0 0 0 0 0 0 1 0 0 0.4 15.200000000000001 1 1.4000000000000001 0 0 0 0 0 0 0 0 0 0 0 0 0 0 0 0 0 0 0 0 0 0 0 0 0 0 0 0 0 
 0 0 0.2 0 0.2 1 0 0.8 0 0 0 0.2 0 0 0 0 0 0 0 0 8.4 24.6 9.600000000000001 40 28.8 0 13.200000000000001 19.200000000000003 40.800000000000004 28.8 23.8 11.8 10 113.60000000000001 8.4 14.8 31.8 26.8 25.200000000000003 12.600000000000001 25.8 0 17.400000000000002 0 0 0 12.4 5.6000000000000005 0.4 13.600000000000001 0.6000000000000001 0.2 0 15.8 4.800000000000001 0 4.800000000000001 0 4 12.600000000000001 0.6000000000000001 0 0 0 0 0 5 0 0 0 0 1.6 0 0 0 0 0 0 0.6000000000000001 0 0 0 0 0 0 0 0 3.8000000000000003 0 0 0 0 0 0 0 0 0 0 0 0 0 0.4 4.2 3.4000000000000004 0 0.8 0.4 0 9 0 0 0 0 2.8000000000000003 0 0 0 2.2 3.8000000000000003 1.6 1.8 1.8 0 7.2 0 0 2.8000000000000003 0 12 0 2.8000000000000003 0 5 2.8000000000000003 0 0 0 0 2 3 0 0 0 0 0 0 0 0 0 0 1.6 0 0 0 0 1 0 1 0 1 0 0 0 0 0 0 0 0 0 0 0 0 0 0.2 0 0 0 0 0 1.6 0 0 2.6 2.8000000000000003 1 4.6000000000000005 0 2.6 3.2 3.8000000000000003 0 4.800000000000001 0 0 0 0 0 3.2 0 0 6.2 2.2 0 6.800000000000001 0 0 1.8 0 0 0 0 0 2.8000000000000003 2.2 0.2 0 0 1.4000000000000001 1.8 12 0 0.2 0 0 0.4 0 0 0 0 0 0 0 0 0 0 0 0 0 0 0 0 0 0 0 0 0 0 0 0 0 0 0 0 0 2.8000000000000003 1 0.2 0 15 0.2 0.4 4.2 0 0 0 0 2.2 0 0 0 0 0 0 0 0 0 0 0 0 0 0 0.2 0 0 0 0 0.2 0 0 0 
 0 14.600000000000001 5.4 36.4 1 14.600000000000001 0.4 0 0 14.600000000000001 0.4 0 0 0.4 0 0 0 0 0 0 32 53.400000000000006 46.2 46.2 10.600000000000001 13.200000000000001 0 44 41.800000000000004 14.200000000000001 5.2 12.600000000000001 31.200000000000003 66.2 12 41.2 24 42.400000000000006 22.6 14.200000000000001 18.6 1.2000000000000002 0 0 0 0.2 0.8 0 0.4 0.6000000000000001 1.8 8.200000000000001 1.2000000000000002 0 0.2 0.4 0 0 0 0 0.6000000000000001 0 0 0 0 0 0 0 0 0 0 1.4000000000000001 0 0.8 1.2000000000000002 0 0 0 1.4000000000000001 0 2.8000000000000003 0 1.4000000000000001 3.2 0 0.2 0 0 0 3 0 0 0.4 0 0 3.2 2.6 0 0 0 5.2 5 2 0.2 5.800000000000001 7 7.2 0.2 4.2 0 1.6 0 2.4000000000000004 2.2 4.800000000000001 3.2 0 7.6000000000000005 0.2 1.8 0 0 0 0 0 0 0 0 0 0 0 0 0 5.4 0 1.8 0 0 3 0 0 0 0 0 0 0 0 0 0 0 1 0 0 4 0 0 0 0 0 0 0 0 0 2.6 0 8.200000000000001 0 0 0 1.2000000000000002 4 6.800000000000001 3.2 0 0 0 0.4 2.8000000000000003 0 0 2.4000000000000004 1.6 5.800000000000001 1.4000000000000001 0 1.8 3.4000000000000004 3.8000000000000003 5.4 5.2 0 7 0.2 0 3.8000000000000003 0 1.6 6 0.2 0.2 0 0 0 0 0 0 2 0 0 0 0.4 0 6.800000000000001 0 0 0 2 0.4 1.4000000000000001 3 0 0.4 0 0 3.2 0 0 0 0 0 0 0 0 0 0 0 0 0 0 0 0 0 1.6 0 0 0 0 0 0 0 0 0 0 0 2.4000000000000004 0 0 16.6 0 0 1.8 0 0 0 0 0 0 0 0 0 0 0 0 0 0 0 0 0 0 0 0 1.8 0 0 0 0 0 0 0 0 
 0 0.2 0 0 15.200000000000001 8 0.4 0 0 15 0 0 0 0 0 0.6000000000000001 14.600000000000001 0 0 0 71.2 81.60000000000001 70.60000000000001 32.2 12.4 19.200000000000003 44 0 71.2 60.6 22.200000000000003 6.4 39.400000000000006 78.80000000000001 30 35.4 49.2 46 32.2 26.400000000000002 0 0 0 0.8 1.4000000000000001 1.2000000000000002 12.8 0 0.4 1 1 0.6000000000000001 0.8 1 4.4 0 0 0 0 0 1.4000000000000001 0 0 1 0.6000000000000001 0 1 0 0.4 11 0.2 0.6000000000000001 0.6000000000000001 0 0 1 0 0 3 0 0 0 0 0 0 0 0 0 0 0 0.6000000000000001 0 0 0 0 0.2 0 0 0 0 3.8000000000000003 3.2 4.2 1.2000000000000002 9.4 4.4 4.800000000000001 0 7.2 3.8000000000000003 3.6 0.8 0 8.6 0 0.2 1.8 3.2 0 0 0 0 0 0 0 0 0 0 0 0 0 0 0.2 0 0 1.4000000000000001 0 0 0 3.8000000000000003 0 0 0 0 0.6000000000000001 0 0 0 0 0 0.4 0 0 0 0 1 0 1 0.2 2.2 0 0 0.2 0 0 0.8 0 0 0 0 0.2 3 1.6 0 0 0 0 0 0 0 0.6000000000000001 4.6000000000000005 5.800000000000001 2.2 2.8000000000000003 5.4 3.8000000000000003 12.200000000000001 7 9.4 3 0 3.6 3.6 1.6 12.200000000000001 0 8.8 0 2 0.2 0 0 0 0 0 0 0 0 0 0 0 2.8000000000000003 0 0 0 0 0 7.800000000000001 1 0 0 0 0 0 0 0 0 0 0 0 0 0 0 4.800000000000001 0 2.8000000000000003 0 0 0.4 0 0 9.8 0 0 0 0 0 0 7 0 0 0 0 3.2 0 0.4 15.4 0 0.2 2.2 3.2 0.2 0 0 0 0 0 0 0 0 0 0 0 0 1.6 0 0 0 2.8000000000000003 0 0 0 0 0 2.6 0 0 0 0 
 0 0 0 0 0.4 0.4 0 0 0 0 0 15 0 0 0 0 0 0 0 0 8.8 44 24.200000000000003 103.4 24.200000000000003 40.800000000000004 41.800000000000004 71.2 0 109.4 69.4 22 65 52.2 49.6 28 30.400000000000002 19.200000000000003 64.4 29.6 0 3.2 0.4 0.2 0 0.6000000000000001 1.6 0 0.4 0.6000000000000001 0.6000000000000001 0.6000000000000001 13 0.8 0 0.4 0.2 0 0.2 0 0.6000000000000001 0 0 0 0 0 0 0 0 0 0 1 0 0 0.2 0 0 0 0.6000000000000001 6.800000000000001 0 0 0 0 0 0 0 0 0 0 0 0 0 0 0 0 0 0 0 0 1.4000000000000001 1.6 5.2 7.2 2.2 0.4 0.4 3.6 4.2 13 2.2 0 0 0.2 0 4 0 9.200000000000001 0 0 0 0 0 0 0 7.4 2.2 2.6 0 0.2 0 0 2.2 2.8000000000000003 0 0 0 0 1.6 0.6000000000000001 0 0 0 0 0 0 0 0 0 0 0 0 0 0 0 7.6000000000000005 0 1.2000000000000002 0.2 1 0 0 2 0 0 0 0 0.8 0 0 0 0 0 0.2 0 0 0.2 0 3 0.8 0 2 2.2 5.800000000000001 3.4000000000000004 1.8 2.6 2.6 2.4000000000000004 6.2 0 3 4 0 3.6 0 0 0.2 0 2.8000000000000003 10.8 0 0 0 0 0 7.4 0 0 0 0 0 0 0 0 0 1 0.2 3.6 3.8000000000000003 0 0.2 0 0 0.4 0 0 0 0 0 0 0 0 0 0 0 0 0 0 0 0 0 2.2 0 0 0 0 0 0 0 0 0 0 0 2 0.4 0.2 0.2 15 0.2 0.8 2 0 0 0 0 0 0 0 0 0 0 0 0 0 0 0 0 0 0 0 1.4000000000000001 0 0 0 0 2.2 0 0 0 
 0.4 0.4 0.4 0.4 0.6000000000000001 1.2000000000000002 0.4 0.4 0.4 0.4 0.4 0.6000000000000001 0.4 0.4 0.4 0.8 0.8 1 0.4 0.4 66.4 61.6 82 24.6 53.400000000000006 28.8 14.200000000000001 60.6 109.4 0 48 29 23.400000000000002 65.4 38.2 24.8 127.4 8.4 19.8 41.2 0 0 0 0 0 0.2 12.8 0 0.4 0.6000000000000001 1.4000000000000001 0 0 0 0 0 0.6000000000000001 0.6000000000000001 14.4 0 1.2000000000000002 0 0 0 0 0 0 0 0 0 0.4 1.4000000000000001 0 0 2.8000000000000003 0 0 0 0.6000000000000001 0 0 0 0 0 0 0 0 0 0 0 0 0 0 0 0 0 0 0 0 0 0 0 2.8000000000000003 9 1.8 2.4000000000000004 6.4 0 13.600000000000001 0 2.6 1.4000000000000001 0 7.6000000000000005 9.200000000000001 2.6 3 6.4 0 0 0.2 0.2 0 0 0 0 0 3.2 2 0 0 0 5.4 8.6 0 0 0.8 0 0.2 0 0 3.2 0 0 0 0 0 0 0 0 0 0 0 0.8 0 0.2 0 0 0.2 1.4000000000000001 0 0 0 0 0 0.6000000000000001 0 0 0 0 0 0.4 0 0.4 0 0 0.4 0 0 0 0 5.800000000000001 15.600000000000001 2.4000000000000004 9 1.8 0 0 1.6 8.8 8 5.6000000000000005 0.8 4.4 0 2.2 0 1.6 0 0 4.2 0 2.2 0 0 0 1.8 0 0 0 0.4 0 2.2 2 0 4 0 0.4 3.6 4.800000000000001 0 0.4 0 0 0.2 0 0 0 0 0 0 0 0 0 0 0 0 2.6 0 0 0 0 0 0 0 0 0 0 0 0 0 0 0 0 2.4000000000000004 0 1 32.2 0.2 1 2 3.8000000000000003 0 0 0 0 0 0 0 0 0 0 0 0 0 0 0 0 0 4.2 0 0 0 0 0 2 0 0 0 0 
 0 0.4 0 0 0 0 0.4 0.8 0 0 0 0 0 0 0 0.8 0 0 0 0 20.400000000000002 92.2 10 53.800000000000004 93.60000000000001 23.8 5.2 22.200000000000003 69.4 48 0 55.6 7.800000000000001 9.200000000000001 26.6 64 22.8 8.200000000000001 6.800000000000001 24.8 12.8 0 0.4 0 0 0.6000000000000001 21.6 1.2000000000000002 0.4 0.6000000000000001 0.6000000000000001 0 0.6000000000000001 0 0.8 0 0 0 30.400000000000002 0 0.6000000000000001 0 0 0 0 0.8 0 0 0.6000000000000001 0 0.2 0.6000000000000001 0 0 0 0 0 0 0.6000000000000001 0 0 0 0 0 0 0 0 0 0 0 0 0 0 0 0 0 0 0 0 0 0.6000000000000001 0 3 7.4 3.2 6 2.2 0 7.6000000000000005 0 0 10.200000000000001 0 2.8000000000000003 0 0 5.2 0 0 0 6.6000000000000005 0 0 2.2 0 0 0.2 5.4 0 3.6 0 0 2.2 4.6000000000000005 0 0 4 0 5.800000000000001 0 0 0 0 0 0 0 0 0 0 0 0 0 0 0 0 0 0 0.4 0.2 1.4000000000000001 0 0 0 0 0 0 0 3.8000000000000003 0 7 0 0 0 0 0 1.2000000000000002 0 0 0 1.2000000000000002 0 2.8000000000000003 5.4 0 4.2 7.2 0 0 5.6000000000000005 4.6000000000000005 1.6 0 0 3.6 0 1 0 0 0 0 3.2 0 0 0 0 0 3.4000000000000004 0 0 0 0.6000000000000001 0 0.2 0 0 5.800000000000001 2.6 0 6.4 4.6000000000000005 0 0 0 0 0 4.6000000000000005 0 0 0.2 0 0 0 0 0 0 0 0 0 0 0 0 0 0 0 0 0 0 0 0 0 0 0 0 0 3 0.8 0 0.2 17.8 0.4 1.4000000000000001 0 0.2 0 0 0 2.2 0 0 0 0 0 0 0 0 0 0 0 0 2 0 0.2 0 0 0 2.2 0 0 0 0 
 0.4 0 0 0.4 14.4 0 1.2000000000000002 0 0 0 0 0 0 0 0 1.2000000000000002 0.4 0 0 0.4 28.200000000000003 39.6 68.8 47.400000000000006 45.400000000000006 11.8 12.600000000000001 6.4 22 29 55.6 0 7.4 18 9.200000000000001 26.200000000000003 102 74.2 5.800000000000001 9.200000000000001 13.4 0 0 0 0 0.2 13.200000000000001 0 0.4 0.6000000000000001 0.6000000000000001 0 5.2 0.2 0 0 0 0 0 0 0.6000000000000001 0 0 0 0 0 0 0 0 0 0 1.2000000000000002 0 0 0.6000000000000001 0 0 0 0.6000000000000001 0 0 0 0 0 0 0 0 0 0 0 0 0 0 0 0 0.2 0 0.2 0 0 2.2 0.2 0.2 1.8 0 3.4000000000000004 3.2 0.2 0 8.200000000000001 0 1.6 0.2 1.8 1.6 2.4000000000000004 0.4 4 0 0.2 0 0.2 0 0 0 0 3.6 7.4 1.6 0 0 0 5 2.8000000000000003 0 0 0 0 7 15.4 0 0 0 0 0 0 0 0.4 0 0 1 0 0 0 0 0 0 0 0 0 0 0 2 0 0 0 0 0 0 0 0 0 0 0 0 0 0 0 0 0 1.2000000000000002 0 4.4 2.6 3.4000000000000004 4.4 0 3.8000000000000003 0.8 2.4000000000000004 8 12.200000000000001 0.2 0 3.8000000000000003 1.4000000000000001 0 6.2 0 0.2 5.6000000000000005 1.4000000000000001 0 0 0 0 5.800000000000001 0 2 0 0 0 4.4 1.6 2.4000000000000004 0 0.2 0 4.6000000000000005 0 0.2 0 0 0 0 0.2 0 0.2 0 0 0 0 0 0 0 0.4 0 0 0 0 0 0 0 0 0 0 0 0 0 0 0 0 0 0 1.6 0.4 0.4 14.8 8 0.4 0.4 0 0 0 0 0 0 0 0 0 0 0 0 0 7.2 0 0 0 0 0 0 0.8 0 0 0.4 0 0 0 0 0 
