 0 71.8 37.6 10.8 13.200000000000001 74.4 54.2 79.60000000000001 30.8 9.4 79.4 60.6 14.4 18.6 51.400000000000006 8.200000000000001 21.200000000000003 27 12.4 84.60000000000001 0.6000000000000001 0 0.4 0 0.8 0.2 0.6000000000000001 0 0.4 0 0 0.4 0 0 0 0 0.6000000000000001 0.4 15 0 0 0 0 0 0 0 0 0 0 0 0 0 0 0 0 0 0.6000000000000001 0 1 0 0 0 0 0 0 0.6000000000000001 0 0 0 0 0.4 0 0 0 0.4 0 0 0 0 0 0.4 3 0 5.800000000000001 3.8000000000000003 3.8000000000000003 6.2 5.800000000000001 1.8 2.2 0.4 2.2 3.8000000000000003 0 2.6 4.2 4.4 0 0 0 0 0 0 0 0 0 4.800000000000001 0 0 0 0 0 0 0.2 0 0 0 0 2.6 0 0 0 0 0 0 0 0 0 0 0.2 0 0 0 0 0 0 0 0 0 0 0 0 0 0 0 0 0 0 0 0 2.4000000000000004 0 0 0 0 0 0.2 0 0 0.4 3.2 5.2 1 6.800000000000001 0 6.4 3.4000000000000004 3 2.4000000000000004 6.6000000000000005 0.8 0 2.2 0.2 6.800000000000001 5.6000000000000005 0 3 1 4.800000000000001 0.2 0 0.4 0 0.2 0 3.6 0 0 0.4 0 0 0 0 0 0 2.8000000000000003 0 2 0.6000000000000001 0 0 0 0 0 0 0 0 0 0 0 0 0 0 0 0 0 0 0.4 0 0 0 0 0.4 0 0 0 0 0 0 0 0 0 0.6000000000000001 0 0 0 0 1.8 0 0 0 4 0 0 1 8 0 18.2 18 2.2 1 0 0 0 0 0 0 0 0 0 0 0 0 0 0 0 0 0 0 0 0 0 0 0 0.2 0.8 3.2 0 0 0 0 0 0 0 0 0 0 0 0 
 71.8 0 42.800000000000004 32.6 49.6 4.800000000000001 44.800000000000004 88.4 63.2 72.4 70 50.400000000000006 69.2 27.400000000000002 65.60000000000001 19.8 31 54 51.400000000000006 54.6 0.6000000000000001 0 0.4 0 0.6000000000000001 0 0.6000000000000001 0 0 0 0 0.4 5.6000000000000005 0 0 0 7 0 0 0 0 0 0 0 0 0 0 0 0 0 0 0 0 0 1.2000000000000002 0 0 0 0 0 0 0 0 0 0 0.6000000000000001 0 0 0 0 7.2 0 0 0 0.4 0 0 0 0 0 0.2 0.2 9 0.2 2.2 12.4 3.2 2 6.2 0.6000000000000001 1.4000000000000001 2.8000000000000003 2.8000000000000003 1.6 0 3.6 2.2 2.8000000000000003 1.4000000000000001 0 1.2000000000000002 0 0 0 0 0 0.2 0 0 0 0 1.6 0 0 3 0 0 0 0.4 0 0 0 0 0 0 0 0 0 0 0 1.4000000000000001 0 0 0 0.2 0 0 0 0 0 0 0 0 0 0 0 0 0 0 0 0.6000000000000001 0 0 0 0 0 0.2 0 0 0.2 2.2 3.8000000000000003 0 3.4000000000000004 3.8000000000000003 0.2 2.2 8.4 2.2 5.2 1.4000000000000001 0 1.2000000000000002 0 0.4 7.2 3.6 0.4 2 3.4000000000000004 0 0 0 0 0.2 0 0 0 0 0 0 0 0 0 0 0 0 0 2 0 0 0 0 0 0 0 0 0 0 0 0.4 0 0 0 0 0 0 0 0 0 0 1.6 0 0 0 0 0 0 0 0 0 0.8 0 0 0 0 0 0 0 0.4 0 0 0 0 0 0.4 17.8 0 0 22 0.2 0.8 0 0 0 0 0 0 0 0 0 0 1.8 0 0 0 0 0 0 0 0 0 0 0 0 0.2 1.4000000000000001 3.8000000000000003 0 0 0 0 0 0 0 0 0 0 0 0 
 37.6 42.800000000000004 0 50.2 12.4 4.6000000000000005 12.200000000000001 49.400000000000006 28.8 24.200000000000003 11.8 8.200000000000001 10.600000000000001 33.6 52 15.200000000000001 25.8 32.2 34.800000000000004 36.2 0.6000000000000001 0.6000000000000001 1.2000000000000002 14.4 0.6000000000000001 0.6000000000000001 1.4000000000000001 0 0 0 0.6000000000000001 0.4 7 1.8 0.6000000000000001 0.4 0.6000000000000001 0.4 15.4 0 0 0 12.4 0.6000000000000001 0 0 0 0.4 0 0 0 0 0.4 0 0 0 0.8 0 0.6000000000000001 0 0 0 0 0.4 0 0.6000000000000001 0 0 0 10.8 0 0 0 0.6000000000000001 0.4 0.4 0 0 0 0 2.6 7 0 0 0 0.2 3.4000000000000004 6.2 2.8000000000000003 5 2.6 1.8 2.8000000000000003 4.2 2.6 4 1.2000000000000002 2 0 0 1.8 0 0 0 0 0 0 0 0 0 0 0 2.6 2.4000000000000004 10.200000000000001 0 0 0 3.2 0 0 0.6000000000000001 0 0 0 0 0 0 0 0 0 0 0 0 0.2 0 0 0 0 0 0 0 0 0 0 0 0 0 0 0 0.4 0 0 0 0 0 0.2 0 0 0.2 0 7.4 4.4 3 2.6 0 3.8000000000000003 3 0 2.2 5.2 3.8000000000000003 4.2 1.6 1 0 3 5.6000000000000005 2.2 3.4000000000000004 2 0 0 0 0.4 0 0 3 0 0 0 0 0 0 0 0 0 0 0 0 0 0 0 0 0 0 0 0 0 0 0 0 0 0 0 0 0 0 0 0 0 0 0 0.2 0 0 0 0 0 0 0 0 0 0.2 0.2 0 0 0 0 0 0 0 0 0 0 0.2 0.4 0 17.6 0.8 0 1.2000000000000002 0 0 0.4 0 0 0 0 0 0 0 0 0 0 0 0 0 0 0 0 0 6.4 0 0 7.4 6.800000000000001 0 0 0 0 0 0 0 0 0 0 0 0 0 
 10.8 32.6 50.2 0 53.800000000000004 9.4 31.200000000000003 39.2 17.2 41.800000000000004 55 27.8 15.4 21.400000000000002 49.2 9 35.4 52.800000000000004 18.6 20.400000000000002 1 0 0.4 0 0.6000000000000001 0 15.600000000000001 19.200000000000003 0 0 0.4 0.4 5.6000000000000005 19 21 0 0.6000000000000001 0 0.6000000000000001 15 0 0 0 0 0 0 0.2 0 0 0 0.4 0 0 0 0 0 0 0 0 0 0.4 0.2 0 0.4 0 0.6000000000000001 5.800000000000001 0 0 0 0 0 0 0 0.4 0 0.4 0 0 0.8 0 0 0 0 0.6000000000000001 2.8000000000000003 0.2 0.2 6.4 3.8000000000000003 1.4000000000000001 6 0 0 0 3 1.8 5.4 0 0.4 3.8000000000000003 0 0 0 0 0 2 0 0 0 0 0 2.4000000000000004 0 7.800000000000001 0 0 0.2 0 0 0 0 0.4 0 0 0 0 0 0 0.4 0.2 0.2 0 0 0 0 0 0 0 0 0 0 0 0 0 0 0 0 0 0 0.6000000000000001 0 0 0 0 0 0 0 0 0 4.800000000000001 0 0 3 6.4 2.4000000000000004 0 2.2 3.4000000000000004 0 1.4000000000000001 4.2 0 1.2000000000000002 0.2 0 0 4.800000000000001 1.8 0 2.2 0 0 0 0 0 0 0 2.8000000000000003 0.4 0 0 2 2 0 0 0.4 0 1.4000000000000001 2.8000000000000003 0 0 0 0 0 0 0 0 0 0 0 0 0 0 0 0 0 0 0 0 0 0 0 0.2 0 0 0 0 0 0 0 0 0 0 0 0 0 0 0 0 0 1.8 0 0 0 0.8 17.6 0 0.4 0 0 1.2000000000000002 0 0 0 0 0 0 0 0 0 0 0 0 0 0 0 0 0 0 0 0 0 0 0 3.2 0.2 0 0 0 0 0 0 0 0 0 0 0 0 0 
 13.200000000000001 49.6 12.4 53.800000000000004 0 18 8 20.6 77.60000000000001 23 41.6 11.4 16 11.8 36 51.400000000000006 27.200000000000003 31 14.8 19 16.6 4 0 0 0.6000000000000001 1.2000000000000002 20.200000000000003 0 0 9.8 0 0.6000000000000001 15.4 0.8 14.600000000000001 0.4 0.6000000000000001 0.4 57.800000000000004 31.200000000000003 0.4 0 0 0 1 0.8 13.600000000000001 0 8 0 0.4 0 0 0.2 0 0 0.4 0 0 0.6000000000000001 0 0 0 0 0 0.2 0 0 0 0 0 0 0 0 0.4 0 0 10 0 0 0.8 0 0 8.6 7.2 2.4000000000000004 0 4 3.2 0 1.4000000000000001 3.6 0 0 2.4000000000000004 0.4 0 0.2 0 0 6.4 2 2.4000000000000004 2.6 0 0.8 2.2 6.4 2.8000000000000003 0 0 0.8 3.6 2.2 4.800000000000001 0 1.8 0 2.8000000000000003 10 0 0 0 0 0 0 0 0 0 0 0 0 0 0 0 0 0 0 0 0 0 0 0 0 0 0 0 0 0 0 0 0 0 0 3.8000000000000003 0 0 0 0 0.4 0 7.4 1 2.6 0 2.4000000000000004 0 0 0 1.2000000000000002 0 2.2 0 1.8 3 2.4000000000000004 3.6 3.2 0.2 0 0.2 0.8 7.6000000000000005 0 0 0 0.4 0 2.4000000000000004 7.800000000000001 0 2.8000000000000003 9.4 3.2 0 0 0 0 9.4 6.2 0 0 0 1.4000000000000001 0 0 0 0 0 0 0 0 0 0 0 0 0.2 0 0 0 0 0 0 0 0 0 0 0 0 0 1.8 0 0 0 0 0 0 0.4 0 0 0 0 0 0 0 0.6000000000000001 18 0.4 17.8 0.4 2.6 2.4000000000000004 0 0 0 0 0.4 0 0 0 0 0 0 0 0.4 0 4.6000000000000005 0 0 0 0 0 0 0 0 0 0 0 0 0 0 0 0 0 0 0 0 0 0 0 
 74.4 4.800000000000001 4.6000000000000005 9.4 18 0 24.400000000000002 63 61 28.8 38.800000000000004 33 17.2 9 58 63.6 56.400000000000006 32.4 12.4 12.4 0.6000000000000001 0 0 0 0.6000000000000001 0 0.8 0.4 0 0 1 0.8 29.8 0 15 0.2 0.6000000000000001 0.4 0.4 7.6000000000000005 0 0 0 0 6.2 0 0.4 0 0 0 0 0 0 0.2 1.8 0 0 0 0 0 0.4 0.2 9 0 0 0.6000000000000001 0 0 0 0 0 0 0 0 0.4 0 0.4 0 0.6000000000000001 0 0 2 3.8000000000000003 1.6 2.2 9.4 0 0 4.2 0 0 4.6000000000000005 0 0 0 0 6.4 0 0 0 1.4000000000000001 2.4000000000000004 0 0 0 0 4.800000000000001 4.6000000000000005 0 0 0 0 0 0.6000000000000001 0.2 0 1.6 7.800000000000001 2 1.6 0 0 0 0 0.2 0 0 0 0 2 0 0 0 0 0 0 0 0 0 0 0 0 0 0 0 0 0 0.2 0 0 0 0 0 0 1.8 0 0 0 0 0.6000000000000001 2.2 4.4 3.2 11.600000000000001 0 5.800000000000001 0 2 4.4 2.8000000000000003 0.4 2.6 0 0 7.2 0.2 0.2 0 0 0 0 0 0 0 0 0 5.800000000000001 0.4 0 0 0 0 6.4 0 0 0 1.6 0 7 0 0 0 0 0 0 3.6 0 0 0 0 0 0.2 0 0 0 0 0 0 0 0 0 0 0 3.8000000000000003 0 0 0 0 0 0 0 0 0 0 0 5.2 0 0 0 0 0 0 0 0 0 0.2 17 0 0 0 0 3.2 0.2 1 0 0 0 0 0 0 0 0 1.8 0 0 0 0.4 0 0 0 0 0 0 0 0 0 1.8 3.6 0 0 0 0 0 0 0 0 0 0 0 0 
 54.2 44.800000000000004 12.200000000000001 31.200000000000003 8 24.400000000000002 0 30 57.2 17.2 24.200000000000003 22 21 28.8 65 24 28 22.6 12.600000000000001 5.800000000000001 0.4 0 0.4 0.4 15.8 0.6000000000000001 0.6000000000000001 1 0.8 0 0.4 0.6000000000000001 0.6000000000000001 15.4 0.4 0 0.8 0.8 0 0 0 0 0 0.4 0 0 0 0.6000000000000001 0 0 1 0 0 0 0 0.6000000000000001 1.2000000000000002 0 0 0 0 0.4 0 0 0.6000000000000001 0.6000000000000001 0.4 0.6000000000000001 0 0.6000000000000001 0.6000000000000001 1.2000000000000002 0.8 0 1 0.6000000000000001 0.2 0.4 0.2 0.2 4.6000000000000005 1.8 3.4000000000000004 3.4000000000000004 5.800000000000001 5.2 3.6 0 0 2.6 0 0 3.6 7.2 0 4.800000000000001 6.4 0 0 2.2 0 0 0 0 0 0 0.2 0 0 0 0 0 0 0 2 0 0 0 0 0 0.4 0.4 0 0 0 0 0 0 0 0 0 0 0 0 0 0 0 0 0 0 0.4 0 0 0 0 0 0 0 0 0 0.4 0 0 0 0 0 0 0 0 0 8 6 0 11.4 4.4 1.2000000000000002 0 1.6 4.800000000000001 12.200000000000001 2.2 0 0 3 0 4.800000000000001 2 0.8 0.2 0.2 0 0 0 0 0 0 4.4 0 0 0 0 0.2 0 0.4 0 0 0 0 2 0 0 0.4 0 0 0 0 0 0 0 0 0 0 0 3.8000000000000003 0 0 0 0 0 0 0 0.4 0 0 0 0 0 0 0 0.4 0 0 0.2 0 0 0 0 2.8000000000000003 0 0 0 0.4 0 0 0 0 17.400000000000002 0 0 0.2 0 3.4000000000000004 0 0 0 0 0 0 0 0 0.2 0 0.2 0 0 0 0 0 0.6000000000000001 0 0 0 0 0 0 0.6000000000000001 4.2 2.6 0 0 0 0 0 0 0 0 0 0 0 0 
 79.60000000000001 88.4 49.400000000000006 39.2 20.6 63 30 0 71.2 32.2 110.80000000000001 26.400000000000002 17.400000000000002 36.2 76.2 29.200000000000003 25.8 38.2 39.6 16 0.6000000000000001 0.6000000000000001 0.2 0.4 1 0 1 0 0.4 0.4 0.4 0.4 15.200000000000001 0.6000000000000001 0 0 0.6000000000000001 0.4 0 0 0 1.2000000000000002 0 0 0 0 0 0 0 0 0 0 0 0.2 0.4 0 2 0 0.6000000000000001 0 0 0 0 0 0 0.6000000000000001 0 0 0 0 0 0.2 0 0 0.6000000000000001 0 0 0 0.6000000000000001 0.2 10.4 8.200000000000001 2.2 1 2.6 2.4000000000000004 0 2.2 6 4.2 10.4 0 8.200000000000001 6.4 3 3.6 0.2 6.4 0 2.4000000000000004 0 0 0 0 0 0 1.6 0 0 0 0 0 0 0 1.2000000000000002 0 0 0 0 0 1.8 0 0.2 0 0 0 0 0 0.4 2.8000000000000003 0 0 0 0 0 0 0 0 0 0.2 1.4000000000000001 0 0 0 0 0 0 0 0 0 0 0 0 0 0.4 0 0 0 0 1.4000000000000001 9.4 0 5.800000000000001 2.6 3 5.800000000000001 0.6000000000000001 4.6000000000000005 5.6000000000000005 7.2 2.2 4 0 0 2.6 8.4 1.6 0 3 0.2 0 0 0 0 0 0 0 0 0 0 0 0 0 0 0 0 0 0 0.4 0.2 0 0 2.6 0 0 0 0 0 0 3.6 0 0 0 0 0 0.2 0 0 0 0 0 0 0 0 0 0 0 0 0 0 0 0 0 0 0 0 0 0 0 0 0 0 0 0 0 0.6000000000000001 18 0 0.4 0.8 2.6 2.8000000000000003 0 0.8 0 0 0 0 0 0 0 0 0 0 0.4 0 0 0 0 0 0 0 0 0.8 0 0 2.8000000000000003 3 0 0 0 0 0 0 0 0 0 0 0 0 
 30.8 63.2 28.8 17.2 77.60000000000001 61 57.2 71.2 0 36 9.8 25.8 20.6 58 85.80000000000001 31.6 55.400000000000006 105 62.400000000000006 31.8 0.6000000000000001 0 0.2 0.4 0.6000000000000001 0 0.6000000000000001 0.4 0 0.4 0 0.4 15.4 0 15 1 1.2000000000000002 0 14.8 4 0 0 0 0 0.4 0 0 0 0 0 0.4 0 0 0.4 0.8 0 0.4 0.4 0 0 0 0 0 0 0 1 0 0 0 0 0 0.4 0 0 0.6000000000000001 0 0 0.4 0 0 5.2 2.2 6.2 2.8000000000000003 0 2.2 1.8 6.2 6.2 1.8 6.2 3.2 2 1.6 3.6 2.6 1.4000000000000001 0 0 0 2.4000000000000004 0 0 0.4 0 0 0.4 2.8000000000000003 0 0 0 0 3 0 0 0 0.2 0 0 0 0.4 0 0 0 0 0 0 0 0 0 0 0 0 0 0 0 0 0 0 0 0 0.4 0 0.2 0 0.4 0 0 0.4 0 0 0 0 0 0.4 0 0 0 0 0.4 0 5.2 1.4000000000000001 6.2 0 0 3 2 3.8000000000000003 1.4000000000000001 2.8000000000000003 3.8000000000000003 5 0 2.2 1.8 1.6 0 3 3.8000000000000003 0 0 0 0 0 0 0 0 0 0 0 0.2 0 0.4 0 0 0 0 1.8 0 0 0.4 0 0 0 0 0 0 0 0 0 0 0 0 0 0 0 0 0 0 0 0.4 0 0 0 0 0 0 0 0.4 0.2 0 0 0 0 0.4 0 0 0.4 0 0 0 0 0 0 0 0 0.2 0.2 27 2.4000000000000004 2.6 0 0 0 0 0 0 0 0 0.2 0 1.4000000000000001 0 0 0 0 0 0 0 0 0 0 0 0 0 5.6000000000000005 0 0 0 0 0 0 0 0 0 0 0 0 0 
 9.4 72.4 24.200000000000003 41.800000000000004 23 28.8 17.2 32.2 36 0 82.80000000000001 17.6 7.4 30.400000000000002 120.4 70.2 73.2 25.200000000000003 60.6 74 0.6000000000000001 0 0.2 0.2 0.6000000000000001 0 0.6000000000000001 0 0 0.4 0 0.4 12.200000000000001 0 0.2 0 0.6000000000000001 0 0.2 15 0 0 0 0 0 1.4000000000000001 0 0 0 0 0 0 0 0.2 0.6000000000000001 0 0 0 0 0 0 0 0 0 0 0.6000000000000001 0 1.2000000000000002 0 0 0 0.2 0 0 0.8 0 0 0 0 0.4 2.2 4.2 3.4000000000000004 3.4000000000000004 2 0 0 0 11 0.6000000000000001 1.6 6.4 0.4 2.8000000000000003 0 7.800000000000001 0.6000000000000001 8 0 0 6 0 0 2.2 0 0 3.8000000000000003 0.2 0 0 0 0 0 0 4.800000000000001 0 0 0 0 0 0 0 0 0 0 0 0 0 0 0 0 0 0 0 0 0 0 0 0 0 0 0 0 0 0 0 0 0 0 2 3.4000000000000004 0 0 0 0.6000000000000001 0 0 0 0 1.2000000000000002 7 1.8 0.8 4 5.4 6.800000000000001 0 0 9.200000000000001 1.2000000000000002 7.2 2.8000000000000003 0 0 2.6 4 6.2 0 0.2 0 0 0 0 0 0 0 0 0 0 0 0 0 0 0.2 0 0 0 0 0 0 0 0 0 0 0 0 0 0 0 0 0 0 0 0 0 0 0 0 0 0 0 0 0 0 0 0 0 0 0 0 0 0 0 0 0 0 0 0 0 0 0 0 0 0 0 0.4 0.6000000000000001 0 0 0.6000000000000001 0 1.6 0 0 0 0 0 0 0 0 0 0 2.4000000000000004 0 0 0 0 0 0 0 0 0 0 0 0 0 0.2 0 0 0 0 0 0 0 0 0 0 0 0 0 
 79.4 70 11.8 55 41.6 38.800000000000004 24.200000000000003 110.80000000000001 9.8 82.80000000000001 0 12 6.2 9.600000000000001 33 34.800000000000004 112.60000000000001 29 8 15.8 0.6000000000000001 0 0 0 0.6000000000000001 0 3.2 6.800000000000001 0 6.6000000000000005 0 0.4 0.2 29 0.2 0 0.6000000000000001 0.2 7 14.8 0 0 0 0 0 0 0 0 0 0 0 0 0 0 0.2 0 0 0 0 0 0 0 0 0 0 0.6000000000000001 0 0 10.200000000000001 0 0 0 0 0 0.4 0 0 0 2.2 0 0 1.4000000000000001 0 2.8000000000000003 10.600000000000001 7.4 0 0 9.4 4.800000000000001 2.2 12.600000000000001 0 0 0 5 0 2.6 0 0 0 0.2 0 0 0 0 3 1.8 0 0 0 0.4 2.4000000000000004 2.4000000000000004 7.6000000000000005 0.6000000000000001 0 2 4.6000000000000005 2.4000000000000004 0 0 0 0 0 0 0 0 0 0 0 0 0 2 0 0 0 0 0 0 0 0 0.2 0 0 0 0 0 0 0 0 0 0 0 0 0 0 0 0 0 2.6 0 0 9 2 3 0 2 0 5.2 3 6.6000000000000005 0 5.800000000000001 2.2 0.6000000000000001 0 0 1.4000000000000001 0 2.2 0 0 0 0 0 3.4000000000000004 2.8000000000000003 2.4000000000000004 0 0 0 13.8 3.2 0 0 0 0 6.4 2 0 0 0 0 0 3 0 0 0 0 0 0 0 0 0 0 0 0 0 0.4 0 0 3.4000000000000004 0 2 0 0 0 0 0 0 0 0 0 0 0 0 0.2 0 0 0 2.6 0 0 0 1.4000000000000001 1.8 0 0 0.4 0.2 1.4000000000000001 0 0 0 0 0 0 0 0 0 0 0 0 0 0 0 0 0 0 0 0 0 0 0 0 0 1.8 0 0 0 0 0 0 0 0 0 0 0 0 
 60.6 50.400000000000006 8.200000000000001 27.8 11.4 33 22 26.400000000000002 25.8 17.6 12 0 8 10.4 55.400000000000006 33.6 54.800000000000004 34.800000000000004 7.6000000000000005 50.400000000000006 0.4 3.8000000000000003 0 0 1 0 4.2 0 0.2 0 0 0.6000000000000001 7.4 0.4 20 0 0.6000000000000001 0 41.400000000000006 29.400000000000002 0 0 0 0 0 0 0 0 0.8 0 0 0 0 0.6000000000000001 0 0 0 0 0 0.4 0 0 0 0 0 0.2 0 0 0 0 0 0.8 0 0.4 0.4 0 0 0 0 1.4000000000000001 0 1.2000000000000002 2.4000000000000004 6.800000000000001 5.6000000000000005 2.2 0.2 3 2.6 0 5.800000000000001 2.4000000000000004 0 0 1.8 0.4 3.8000000000000003 0.2 0 0.8 2 2.2 0 0 0 3.8000000000000003 4.6000000000000005 0.6000000000000001 0 0 0 0 0.2 0.4 0 0 0 0 1.8 0 0 0 0 0 0 0 0 0 0 0.2 0.4 0 0 0 0 4.2 0 0 0 0 0 0 0 0 0 0 0 0 0 0 0 2.8000000000000003 0 0 0.8 0 0 0 0 3 0 3.8000000000000003 3.2 5.4 0 5 0 0.2 2.2 0.8 0 9.200000000000001 0 0 4.6000000000000005 1.4000000000000001 6.800000000000001 2.8000000000000003 0.2 0 0 0 1.8 0 0 0 3.6 0 0 0 0 0 2 0.2 0 0 0 0 4.4 3.2 0 0 0 0 0 3.8000000000000003 0 0 0 0 0 0 0 0 0 0 0 0 0.4 0 0 0 0 0 0.6000000000000001 0 0 0 0 0 0 0 0 0 0 0 0 0 0 0 0 0.2 0 0 0 0 17.2 0 17.6 0 2.6 1.8 2.6 0 0 0 0 0 0 0 0 0 0 0 0 0 0 0 0 0 0 0 0 0 0 0 2.4000000000000004 0 0 0 0 0 0 0 0 0 0 0 0 0 
 14.4 69.2 10.600000000000001 15.4 16 17.2 21 17.400000000000002 20.6 7.4 6.2 8 0 24 6.4 27.400000000000002 66 28 52 14.200000000000001 0.6000000000000001 5.6000000000000005 0.4 0.2 0.6000000000000001 0 0.6000000000000001 0 0 0.2 0.2 0.4 0 15.4 0 0 0.6000000000000001 0 0 0 0 0 0 0 0 0 0 0 0 0 0 0 1 0 0 0 0.6000000000000001 0 0 0 0 0 0.6000000000000001 0 0 0.6000000000000001 0 0 0 0 0 0 0 0 0.4 0 0 0 0 0 4 0 2 3.4000000000000004 0 2 0 1.6 1.8 0 1.8 0 3.8000000000000003 9.4 0 0 2.6 0 0 4 0 0 0 0 1.4000000000000001 0 0 0 0 0 0 0 0 0 0 0 0 0 0 0 0 0 0.4 0 0 0 0 0 0 0 0.4 0.4 0 0 0 0 0 0 0 0 0 0 0 0 0 0 0 0 0 0 0 0 0 0 0 0 0 0 0.4 0 5 2.6 0 1.4000000000000001 0 0 1.2000000000000002 1.8 2 1.8 0 0 0 6.800000000000001 0 3.2 0.2 2.2 3 2.4000000000000004 0 0 0 0 0 0 0 0 0 0 0 0 0 0 0 0 0 0 2 0 0 0 0 0 0 0 0 0 0 0 0 0 0 0 0 0 0 0 0 0 0 0 0 4.800000000000001 0 0 0 0 0 0 0 0 0 0 0 0 0 0 0 0 0 0 0 0 0 0 0 0.2 0 0.2 2 1.4000000000000001 0 0 0 0 0 0 0 0 0 0 0 0 0 0 0 0 0 0 0 0 0 0 0 0 1.8 0 0 0 0 0 0 0 0 0 0 0 0 0 
 18.6 27.400000000000002 33.6 21.400000000000002 11.8 9 28.8 36.2 58 30.400000000000002 9.600000000000001 10.4 24 0 37 7.4 17.400000000000002 26 46 26.6 0.6000000000000001 0 0.4 0 0.6000000000000001 0 0.6000000000000001 0 0 0 0 0.4 0 0 0.4 0 0.6000000000000001 0 0 0 0 0 0 0 0 0 0 0 0 0 0 0 0 0 0 0 1.8 0 0 0 0 0 0 0 0 0.6000000000000001 0.4 10 0 0 0 0.4 0 0 0.4 0 0 0 0 2 3.6 0 0 5.4 0 3.6 5.2 0 0 5.2 3.2 0 0 0 3.2 2.8000000000000003 5.4 7.800000000000001 2.8000000000000003 3 0 0 0 0 0 0 2 0 0 0 0 0 0 0 0 0 0 0 0 0 0 0 0 0 0 0 0 0 0 0 0 0 0 0 0 0 0 0 0 0 0 0 0 0 0 0 0 0 0 0 0.8 0 0 0 0 0 0 0 0 0 6.6000000000000005 4 0 2.6 5.6000000000000005 3.4000000000000004 0.8 0 5.4 3.2 2 0.2 8.6 4.800000000000001 0 2.6 0.6000000000000001 6.2 3 0 0 0 0 0 0 0 0 0 0 0 0 0 0 0 0 0 0 0 1.8 0 0 0 0 0 0 0 0 0 0 2.6 0 0 0 0 0 0 0 0 0 0 0 0 0 0 0 0 0 0 0 0 0 0 0 5 0 0 0 0 0 0 0 0 0 0 0 0 0.2 0 0.2 0 0 2 0 0 0 0 0 0 0 0 0 0 0.2 0 0 0 0 0 0 0 0 0 0 0 0 4.800000000000001 0 0 0 0 0 0 0 0 0 0 0 0 0 0 
 51.400000000000006 65.60000000000001 52 49.2 36 58 65 76.2 85.80000000000001 120.4 33 55.400000000000006 6.4 37 0 68.8 34.2 73.8 57.800000000000004 89.4 0.6000000000000001 0 0.2 0 0.6000000000000001 0 0.6000000000000001 0.2 0 0 0 0.4 30 0 0 0.4 0.6000000000000001 0 0 0 0 0 0 0 0 0 0 0 0 0 0 0 0.2 0.2 1 0 0 0 0 0 0 0 0 0 0 0.6000000000000001 0 0 0 0 0 0.4 0 0 0.4 0 0 0 0 0.8 0.6000000000000001 2.6 7.2 0 7 0.2 0 2.8000000000000003 2.6 0 0 5 0 1.4000000000000001 0 3.4000000000000004 0.6000000000000001 10.4 1 0.2 1.4000000000000001 0 0 0 0 0 4.800000000000001 0 0 0 0 0 0 0 0 0 0 0 0 0 0.2 0 0 0 0 0 0 0 0 0 0 0 0 0 0 0 0 0 0 0 0 0 0 0 0 0 0 0 0.2 0 0 0 0 0 0.4 0 0 0 0 0.4 10.4 2.8000000000000003 1.4000000000000001 1.8 4.6000000000000005 6.4 4.2 1.2000000000000002 13 2.8000000000000003 4.4 0 0 0.2 5 2.6 7.2 3 0.2 2.8000000000000003 0 0 0 0 0 0 3 0 0 0 0 0.4 0 0.2 0 0 0 0 0 0 0 0.2 0.2 0 0 0 0 0 0 0 0 0 0 0 0 0 0 0 0 0 0 2.2 0 0 3.6 0 0 0 0 0.2 0 0 0 0 0 0 0 0 0.2 0 0 0 0 0 0 0.2 17.2 0.6000000000000001 0 0.2 0.2 1.4000000000000001 0.2 0 0.4 0 0 0 0 0 0 0 1.6 0 0 0 0 0 0 0 0 0 0 0 0 2.4000000000000004 1.6 3 0 0 0 0 0 0 0 0 0 0.2 0 0 
 8.200000000000001 19.8 15.200000000000001 9 51.400000000000006 63.6 24 29.200000000000003 31.6 70.2 34.800000000000004 33.6 27.400000000000002 7.4 68.8 0 54.400000000000006 41 7.800000000000001 78.4 0.6000000000000001 0 0 0 0.6000000000000001 0 0.6000000000000001 0 0 0 0 0.4 19 0 0 0 1 0 15 4.2 0 0 0 0 0 0 0 0 0 0 0 0 0 12.8 1 0 0 0 0 0 0 0 0 0 0 0.6000000000000001 0 0 0 0 0 1 0 0 0.4 0 0 0 0 0 0 3 8.4 4.800000000000001 5.6000000000000005 3.4000000000000004 0 0 10.8 0 7.2 7.2 5.4 2.6 0 0.4 0 0.4 0 0 3.8000000000000003 0 0 0.8 3.6 0 0.2 6.4 0 0 0 0 2.8000000000000003 0.2 11.600000000000001 0 0 0.2 2 0 0 0 0 0 0 0 0 0 0 0 0 0 0 0 0 0 0 0 0 0 0 0 0 0 0 0 0 0 0 0 0 0 0 0 1.2000000000000002 0 0 0 0 0.4 0 4.4 3 0.2 0 0.4 0 2 5 0 2.6 5.800000000000001 0 0 0 7.6000000000000005 8.8 0 5.6000000000000005 0 0 0 0 0 0 0 2 0 0 0 0 0 0 1.2000000000000002 0 0 0 0 4.2 0 0 0 0 0 0 4.6000000000000005 0 0 0 0 0 0 0 0 0 0 0 0 0 0 0 0 0 0 0 0 0 0 0 0 0 2.2 0 0 0 0 0 0 0 0 0 0 0 0 0 0 0 0 0 0 0 1 2.2 0 0 0 0 0 0 0 0 0 2 0 0 0 0 0 0 0 0 0 0 0 0 0.2 2.2 0 0 0 0 0 0 0 0 0 0 0 0 0 
 21.200000000000003 31 25.8 35.4 27.200000000000003 56.400000000000006 28 25.8 55.400000000000006 73.2 112.60000000000001 54.800000000000004 66 17.400000000000002 34.2 54.400000000000006 0 14 50.400000000000006 51.6 1.2000000000000002 0 0.2 0 0.6000000000000001 0.8 0.8 0 0 0 0 0.4 0 14.8 1.4000000000000001 0 0.6000000000000001 0 2.2 0 0 0 0 0 0 0.6000000000000001 0 0 0 0 0 0 0 0 0.2 0 0.2 0 0 0 0 0 1.2000000000000002 0 0 0.6000000000000001 0 0 8.4 0 0 1 0 0 0.4 0 0 0.6000000000000001 0 1.8 0 2.6 14.8 3.2 10.600000000000001 8.4 2.8000000000000003 3.2 3.6 6.6000000000000005 8.200000000000001 2 2.6 0 0 9.8 0.2 2.4000000000000004 0 0 0.2 0 0 0 0 0 0 0 0 0 0 0 2.2 0 2.8000000000000003 0 0 0 0 0 0 0 0 0.4 0 0 0 0 0 0 0 0 0 2.4000000000000004 0 0 0 0 0 0.2 0 0 0 0 0 0 0 0 0 0 0.8 0 0 0 0 0 0 0 0 0 0.4 1.4000000000000001 4 0 3.4000000000000004 0.4 0 3.4000000000000004 0 11.8 4.800000000000001 0 0 2 2.2 0 3.2 6.6000000000000005 4.2 1 1.8 0 0 0 0 0 0 0 0 0 0 0 0 3.2 0 0 0 0 0 3.8000000000000003 0 0 0 0.4 0 0.2 0 0 0 0 0 0 0 0 0 0 0 0 0 0 0 0 0 0 0 0 0 0.4 0 0 0 0.4 0 0 0 0 0 0 0 0 0 3.8000000000000003 0 0 0 0 0 0.2 0 9.200000000000001 0.8 2.8000000000000003 3.6 0 0 0 0 0 0 0 0.2 0 0.2 0 0 0 0 0 0.4 0 0 0 0 0 0 4.2 2.2 0 0 0 0 0 0 0 0.2 0 0 0 0 0 
 27 54 32.2 52.800000000000004 31 32.4 22.6 38.2 105 25.200000000000003 29 34.800000000000004 28 26 73.8 41 14 0 51.6 26 16 0 0.4 0.2 1.2000000000000002 0 0.6000000000000001 0.2 4.2 0.2 0.4 0.8 0.8 0.4 0.8 0.2 0.8 0.4 18.400000000000002 15.4 0 0 0.4 0.6000000000000001 0.6000000000000001 0.6000000000000001 0 0.6000000000000001 1.2000000000000002 1.2000000000000002 0.2 0 0 0.2 0.4 0.6000000000000001 0.8 0.4 0.4 0 0 0.4 0 0 0.2 1.8 0 0 0.6000000000000001 0 0 0.8 0.6000000000000001 0.8 1.6 0 0 0 0 0 2.4000000000000004 2.4000000000000004 0.4 11.4 3.8000000000000003 0 3.8000000000000003 4 3.6 0.6000000000000001 0 1.8 0.2 1.6 0 0.2 2 0.2 0 2.6 2 0 0 0 0 0 0 1.6 0 0 0 0 1.8 0 4.4 0 0 0 2 4.800000000000001 0 0 0 0 0.2 0 0 0 0 0 0 0 0 0.2 0 0 0 0 0 0 0 0 0 0 0 0 0 0 0 0 0 0 0 0 0 0 0 0 0 0 8 5.2 0 1.2000000000000002 0 0 4 2.4000000000000004 11.600000000000001 1.4000000000000001 1.8 2.8000000000000003 2 1 10 7.6000000000000005 6 0 0 4 0 0 2 0 0 0 0 0 0.6000000000000001 2.8000000000000003 0 2.4000000000000004 0 0 0 0 0 0 3.2 2 0 0 0.2 0 0 0 0 0.2 0 0.2 0 0 0 0 0 0 0 0 0 0 0 0 0 0 3.4000000000000004 0 0 0 0 0 0 0 0 0 0 0 0 0 0 0 0 0 0 0 0 0.2 0.4 0 0.2 17.2 0 1.8 0 0 0 0 0 0 0 0 0 0 0 0 0 0 0.2 0 0 0 0 0 0.8 0 0 0 0.2 0 0 0 0 0 0 0 0 0 0 0 0 0 
 12.4 51.400000000000006 34.800000000000004 18.6 14.8 12.4 12.600000000000001 39.6 62.400000000000006 60.6 8 7.6000000000000005 52 46 57.800000000000004 7.800000000000001 50.400000000000006 51.6 0 44.400000000000006 0.6000000000000001 0 0.6000000000000001 0.4 0.6000000000000001 1 0.6000000000000001 0.4 0 0 14.8 0.8 0.6000000000000001 20.200000000000003 0 0 0.6000000000000001 0.4 0.2 0 0 0 0 0 0 0 0 0.6000000000000001 0 0 0 0 0 0 0 0 3.4000000000000004 0 0 0 0 0.6000000000000001 0 0 0 0.6000000000000001 0 0.6000000000000001 0 0.6000000000000001 0.2 0.4 0.2 0 0.6000000000000001 0.4 0 0 0 0 2.8000000000000003 5.2 0 0 0 2.2 0 4.800000000000001 0 2.2 0 0 4.2 14.200000000000001 0 0 0 3.2 0 5.800000000000001 0 0 0 0 0 0 0 0 0 0 0 0 0 0 0 0 0 0 0.4 0 0 0.6000000000000001 0 0 0 0 0 0 0 0 0 0 0 0 0 0 0 0 0 0 0 0 3 0 0 0 0 0 0 0 3.8000000000000003 0 0 0 0 0 0 0 0 0.2 3.8000000000000003 2.2 2.2 0 0 0 1.4000000000000001 2.8000000000000003 0 2 0 5.6000000000000005 0 6 0 2.8000000000000003 4 0.8 0.2 2 0 0 0 1.4000000000000001 0.4 0 0 0 0 0 0 0 0 0 0 0 0 0 0 0 0 0 0 0 0 0 0 0 0 0 0 0 0 0 0 0 0 0 0 0 0 0 0 0.2 0 0 0 0 0 0 0 0 0 0.2 0.2 0 0 0 0 0 0 0 0 0 0 0.2 0 0.4 0.4 0.2 0 2.6 0 0 0 0 0 0 0 0 0 0 0 0 0 0 0 0 0 0 0 0 0 0 0 0 0 0 0 0 0 0 0 0 0 0 0 0 0 0 
 84.60000000000001 54.6 36.2 20.400000000000002 19 12.4 5.800000000000001 16 31.8 74 15.8 50.400000000000006 14.200000000000001 26.6 89.4 78.4 51.6 26 44.400000000000006 0 1 0 0.6000000000000001 0 0.6000000000000001 0.4 0.6000000000000001 0 0 0 0 0.4 0 0 0 0 0.6000000000000001 0 0 0 0 0 0 0 0 0 0 0 0 0 0 0 0 0 0 0 0 0 0 0 6 0 0 0 0 0.6000000000000001 0.6000000000000001 0 0 0 0 0 0 0 0.4 0 0 0 0 0 4.2 3.2 1.4000000000000001 0 0 0 4.6000000000000005 2.8000000000000003 0.4 0.2 0.2 0 0.2 12.600000000000001 0 3.8000000000000003 0 0.4 2.8000000000000003 5.6000000000000005 0 0 0 0 0 0 0 0 0 0 0 0 0 0 0 0 0 0 0 0 0 0 0 0 0 0 0 0 0 0 0 0 0 0 0 0 0 0 0 0 0 0 0 0 0 0 0 0 0 0 0 0 1.6 0 0 0 0.4 0 0 0.2 3.2 0 0.6000000000000001 0 0.6000000000000001 0 8 0 3.2 2 5 2.4000000000000004 2.2 1 0.2 2.4000000000000004 4.800000000000001 1.8 0 3.4000000000000004 0 0 0 3.6 0.4 0 0 0 0 0.2 0 0 0 0 0 0 0.4 0 0 0 0 0 0 0 0 0 0 0 0 0 1.6 0 0 0 0 0 0 0.2 0 0 0 0 0 0.2 0 0 0 0 0 0 0 0 0 0 0 0 0 0 0 0 0 0 0 0 0 0.2 0.4 0.4 0 0.6000000000000001 0.4 1.2000000000000002 0 0 0 0 0.4 0 0 0 0 0 0 0 0.4 0 0 0 0 0 0 0 0.4 0 0 0 0 0 0 0 0 0 0 0 0 0 0 0 0 0 
 0.6000000000000001 0.6000000000000001 0.6000000000000001 1 16.6 0.6000000000000001 0.4 0.6000000000000001 0.6000000000000001 0.6000000000000001 0.6000000000000001 0.4 0.6000000000000001 0.6000000000000001 0.6000000000000001 0.6000000000000001 1.2000000000000002 16 0.6000000000000001 1 0 35.6 15.8 52.400000000000006 47.6 6.4 60.800000000000004 18.8 22.8 29.6 31.400000000000002 97.4 25.200000000000003 5.2 39.2 40.400000000000006 35.6 21.6 64.8 52.2 0 0 0 0 0 0.4 0 0 12.4 0 0 0 0 0.4 0 0 0 0.8 0 0 0 0 0 1 0 0 0 0 0 0 0 0 0 0.6000000000000001 0.6000000000000001 0 0 0 0 0.4 0 0 0 0 0 4 0 0 0 0 0 3.8000000000000003 0 0 0 0 0 0 0 0 0 1.6 3.2 2 4.4 1.4000000000000001 3.2 7.800000000000001 3.8000000000000003 2.4000000000000004 0.2 2.4000000000000004 3.6 0 1 3 1.8 5 0 3.4000000000000004 0 0 0 0 0 0 0 0 0 0 0 0 2.6 0 0 0 5.4 0 0 0 0 0 0 0 0 0 0 0 0 0 0 0 0 0 0 0 0 0 0 0 0 0.8 0 0 0 0 0 0 0 0 0 0 0 0 0 0 0 0 0 0 13 8.8 5.800000000000001 1 0.2 10.600000000000001 2.6 2 9.200000000000001 14.200000000000001 7.4 2 0 2 5.800000000000001 0.2 17.6 3.8000000000000003 3.6 5 0 0 0 0 0 0 2.4000000000000004 2 0 0 0 0 0.2 2 0 0 0 0 0 0.6000000000000001 0 0 0 0 0 2.4000000000000004 0 0 0 0 0 0 0 0 0 0 0 0 0 0 0 0 3.6 0 0 0 0 0 0 0 0 0 0 0 1.4000000000000001 0 0 15.600000000000001 0.2 0 0.4 0 0 0 0 0 0 0 0 0 0 0 0 0 0 0 0 0 0 1.8 0 2.8000000000000003 0 0 0 0 2.6 0 0 0 
 0 0 0.6000000000000001 0 4 0 0 0.6000000000000001 0 0 0 3.8000000000000003 5.6000000000000005 0 0 0 0 0 0 0 35.6 0 14 20.6 8.6 9.600000000000001 36.2 27.200000000000003 57.800000000000004 4.800000000000001 16.2 19.200000000000003 49.400000000000006 12.4 41.800000000000004 25.8 106 49 41.6 28.6 0 0 0.2 0 0 0.4 0 0 1 0 0 0 0 0.2 0 0 0 0.6000000000000001 0 0 0 0 0 0 0 0 0.4 0 0 0 0 0 0 0.6000000000000001 0.4 0 0 0.4 0 0.4 0 0 0 0 0 2.6 0 0 0.2 0 0 0 0 0 0 0 0 0 0 1.6 0 2.6 2.8000000000000003 1.4000000000000001 9 1.8 3.8000000000000003 2.6 3 0.2 4 5.6000000000000005 2.6 4.4 0.2 0.4 4.6000000000000005 2.4000000000000004 0 1.8 0 0 0 0 0 0 0 0 0 0 0 0 0 0 0 0 0 0 0 0 0 0 0 0 0 0 0 0 0 0 0 0 0 0 0 0 0 0 0 0 0 0 0 0 0 2.2 0 0 0 0 0 0 0 0 0 0 0 0 0 0 5.4 2 4 4.6000000000000005 0.2 6.2 0 1 0.6000000000000001 8 13.4 2.2 2.2 5.4 22.200000000000003 2.6 2 2.8000000000000003 0 4.2 0 0 0 0 0 0 2.4000000000000004 0 0 0 0 0 0 0 0 0 0 0 7.2 0 0 0 0 0 0 0 0 0 0 0 0 0 0 0 0 0 0 0 0 0 0 0 0 0 0 0 14.600000000000001 0 0 0 0 0 0 0 1 0.4 0 0.2 15.4 0 0 0 0 0 0 0 0 0 0 0 0 0 0 0 0 0 0 0 0 1.6 0 0 0 0 0 0 0 0 0 0 
 0.4 0.4 1.2000000000000002 0.4 0 0 0.4 0.2 0.2 0.2 0 0 0.4 0.4 0.2 0 0.2 0.4 0.6000000000000001 0.6000000000000001 15.8 14 0 111.2 27.400000000000002 43.400000000000006 14.200000000000001 75.2 43.6 12.8 8 50.2 13.8 19 28.8 24.6 13.4 22.6 95.2 68 41.2 0.2 0 0 0 0.4 12.600000000000001 0 1 0 0 0 0 2.6 0.2 0 0 0.6000000000000001 0 12.4 0 0 0 1 0 0 0 0 0 0 0 0 0 0.6000000000000001 0.4 0 0 0 0 0.4 0 0 0 0 0 1.8 0 0 0 0 0 0 0 0 0 0 0 0 0 0 0 3.6 10.4 0.2 0 9.200000000000001 0 0 1.4000000000000001 11.8 0.2 2.6 0 0 0.2 5.4 1.2000000000000002 2.8000000000000003 2.6 0 0 2.2 0 0 0 0 1.8 0 2 0 0 0 0 2.6 11.4 0 0 0 2.6 0 0 0.4 0 0 0 0 0 0 0 0 0 0 0 0.2 0 0 0 0 0 0 0 0 0 0 0 0 0 0 0 0 0 0 3.4000000000000004 0 0 0 0 0 0 0 0 8 0.2 5.4 1.6 0 1.2000000000000002 6 2.4000000000000004 2.2 4.6000000000000005 0 8.200000000000001 0 0 0 2.6 3.6 1.8 2 0.4 0 0 0 0 0 0 0 0 0 0 0 8.4 8 0 0 0 0 1.6 2.2 0 0 0 0 0 0 0 0 0 0 0 0 0 0 0 0 0 0 0 0 0 0 0 0 0 0 0 0 0 0.2 0 0 0 0 3.2 0 0.2 0.4 0.2 0.8 0.6000000000000001 0.2 0 0 0 0 0 0 0 0 0 0 0 0 0 0 0 0 0 0 0 0 0 0 0 0 0 0 0 0 
 0 0 14.4 0 0 0 0.4 0.4 0.4 0.2 0 0 0.2 0 0 0 0 0.2 0.4 0 52.400000000000006 20.6 111.2 0 20.6 9.200000000000001 76.60000000000001 13.600000000000001 55.6 31 31.400000000000002 55 29.6 10.4 10.8 38.6 12.8 28.6 76.4 57.400000000000006 0 0 5.4 0.6000000000000001 0 0.4 14 1.4000000000000001 0 0 0 0 7.2 0.2 0 1 0 0.6000000000000001 11.600000000000001 13.8 0 9.200000000000001 0 0 0 11 0 0 0 0 0 0 0 0.6000000000000001 0.4 0 0 0.4 0 0.4 0 0 0 0 0 0 1.2000000000000002 3.6 0 0 0 0 0 0 0 0 0 2 0 0 0 2.4000000000000004 0.4 2.6 0.4 0.4 4.4 2.6 4.4 0 0 4.800000000000001 0.8 3 0.2 0.2 0 9.4 0 1.8 0 0 0 0 0 0 0 0 3.4000000000000004 4.800000000000001 0 0 0 0 3.6 0 3.6 0 3.2 4 0 0 0 0 0 0 0 0 0 0 0 0.6000000000000001 0 0 0 0 0 0 0 0 0 0 0 0 1.2000000000000002 0 0 0 0 0 0 0 0 0 0 1.8 0 0 0 0 7.6000000000000005 9 3.6 3.4000000000000004 4 7.6000000000000005 2.6 1.2000000000000002 4.800000000000001 8.6 2.8000000000000003 1.4000000000000001 0 0.4 5.6000000000000005 8.8 0 2 0 1.6 0 0 0 0 0 0 0 0 0 0 0 0 4.4 0 1.6 0 1.2000000000000002 0.4 2.6 0 0 0 0 0 0 0 0 0 0 0 0 0 0 0 0.4 0 0 0 0 0 0 0 7.4 0 0 0 0 0 0 0 0 0 0 0 0.8 0 0.2 0.4 0 0.2 0.8 1.8 0 0 0 0 0.2 0 0 0 0 0 10.200000000000001 0 0 0 0 0 0 0 0 2.4000000000000004 0 0 0 0 0 0 0 0 
 0.8 0.6000000000000001 0.6000000000000001 0.6000000000000001 0.6000000000000001 0.6000000000000001 15.8 1 0.6000000000000001 0.6000000000000001 0.6000000000000001 1 0.6000000000000001 0.6000000000000001 0.6000000000000001 0.6000000000000001 0.6000000000000001 1.2000000000000002 0.6000000000000001 0.6000000000000001 47.6 8.6 27.400000000000002 20.6 0 65.2 94.4 11.200000000000001 32.800000000000004 29 37.2 15.4 16.6 15.600000000000001 14.4 32.6 14.4 10 15.600000000000001 15.8 0 0 0 0 0 0.6000000000000001 1 0 0 0.8 0.2 0.2 0.2 0.8 0.6000000000000001 0.2 12.600000000000001 0.6000000000000001 0.2 25.6 0 0 0 0 0 0 0 0 0 0 0 0 0 0.6000000000000001 0.4 0 0 1.4000000000000001 0 0.4 0 0 0 0 2.8000000000000003 0 0 0 0 0 0 0 0 0 0 0 0 0 0 0 0 0 0 3.6 4 6.800000000000001 0 0 4 2.2 5.2 0 2.6 0 2.4000000000000004 9.600000000000001 1.8 0 0 0 2.6 8.8 6.4 2 0 0 4.800000000000001 0 0 7.2 1.4000000000000001 2 4.2 0 3.2 9 2.8000000000000003 0 6.4 4.800000000000001 0 0.2 0 0 0 0 0 0 0 0 0 0 0 0 0 0 0 0 0 0.4 0 0 0 0 1.4000000000000001 0 0 0 0 0 0 0 0 0 0 0 0 0 0 0 0 4.6000000000000005 0 5.800000000000001 3.2 5.6000000000000005 0 0 4.2 0 0 4.2 0 0 0 11.8 0 0 0 0 0 0 0.2 0 0 4 2.2 3.2 3 0 0 1.8 5 5.2 2 4.2 9.600000000000001 3.2 4 7.6000000000000005 0 0 0.2 0 0 0 0 0.4 0 1.4000000000000001 0 0 0.4 0 0 0 0 0 0 0 0 0 0 0 0 0.2 0 0 0 0 0 0 0 0 1.8 0 1 15.4 2.2 0 4 0.4 0 0 0 0 0 0.2 0 0 0.4 0 0 0 0 0 0 0 0 0 0 0 0 0 0 2.6 0 0 0 0 
 0.2 0 0.6000000000000001 0 1.2000000000000002 0 0.6000000000000001 0 0 0 0 0 0 0 0 0 0.8 0 1 0.4 6.4 9.600000000000001 43.400000000000006 9.200000000000001 65.2 0 7.2 27.400000000000002 41.400000000000006 51.2 44.6 10.8 4.6000000000000005 59.400000000000006 7.800000000000001 33.2 70.60000000000001 56.2 51.800000000000004 11 41.800000000000004 4.800000000000001 0 0 0 1 0.2 0 0 0 0 0 4.6000000000000005 1.4000000000000001 0 0.2 0 0.6000000000000001 12.600000000000001 25.400000000000002 0 0 0 0 0 10 0 0 0 0 0 0 0 0.6000000000000001 0.4 0 0 0 0.2 0.4 0 0 0 0 0 0 0 0 0 0 0 0 0 0 0 0 0 0 0 0 0 0 0 5.800000000000001 6.2 9.4 0 0 8.6 4.4 14 0 2.6 0 0 2.6 2.6 0.2 0 2.2 0.2 4.800000000000001 0 0.2 0 0 6 2.2 0 2.8000000000000003 0 0 0 0 6 3.4000000000000004 3.2 0 14.4 0 0 0 0 0 0.4 0 0 0 0.2 0 0 0 0.2 0 0 0 0 0 0 0 0 0 0 0 0 0 0 0 0 0 0 0 0 0 0 0 0 0 0 0 0 3.4000000000000004 0 7 7.2 0 0 0 0.4 0 0 6.2 0 0 0 8.6 2 0 0 0 0 0 0 0 0 0 1.8 5 0 3.6 0 0 12.200000000000001 2.6 5.2 1.6 0.4 0 1.6 6.2 0 0 0 0 0 0 0 0 0 0 0 0 0 0 0 0 0 0 0 0 0 0 0.2 0 0 0.2 0 0 0 0 0 0 0 0 1 1 0 15.4 11 0 4.2 0.4 0 0 0 0 0 0 0 0 0 0 0 0 0 0 0 0 0 0 0 0 0 0 0 2 0 0 0 0 
 0.6000000000000001 0.6000000000000001 1.4000000000000001 15.600000000000001 20.200000000000003 0.8 0.6000000000000001 1 0.6000000000000001 0.6000000000000001 3.2 4.2 0.6000000000000001 0.6000000000000001 0.6000000000000001 0.6000000000000001 0.8 0.6000000000000001 0.6000000000000001 0.6000000000000001 60.800000000000004 36.2 14.200000000000001 76.60000000000001 94.4 7.2 0 68.4 72.60000000000001 8.6 9.600000000000001 6.4 30.8 10.8 42 18 45.6 32.6 90 27.8 0 0 0 0 0 0.4 0 0 1.2000000000000002 0 0 0 0 0.4 0 0 0 0.6000000000000001 0 0 0 0 0 0 0 0 0 0 0 0 0 0 7.6000000000000005 0.6000000000000001 0.4 0 0 10.200000000000001 0 0.4 0 0 0 0 0 2.6 0 0 0 0 0 0 0 0 0 0 0 0 0 0 6 5 15.4 0 0 2.4000000000000004 4.2 0.2 6 6 0 0.2 2.8000000000000003 8 0 5 3 3.2 2.4000000000000004 3.6 0 0 0 0 0 0 0 0 0 0.2 0 0 0 4.2 0 0 0 0 0 0 0 0 0.4 0 2.6 0 0 2.2 0 0 0 0 0 0 4.4 0 0 0 0 0 0.2 0 0 0 2.2 2.4000000000000004 0 0 0 0 0 4 0 0 0 0 0 0 0 0 6.2 0 3.8000000000000003 3 1.8 0 0 1.8 7.800000000000001 2 11.600000000000001 7.6000000000000005 3.8000000000000003 8.200000000000001 5.4 3.4000000000000004 0 2.4000000000000004 1 2.6 0 0 0 0 0 0 0 0 0 0 0 0 0 0 0 0 0 0.2 0 0 0 0 0 0 0 0 0 0 0 0 0 0 0 0 0 0.4 0 0 0 0 0 0 0 0 0 0 14.8 0 0 0 0 0 0 0 1 0 0 0 0 1.2000000000000002 0.2 0 0 0 0 0 2.2 0 0 0 0 0 0.4 0 0 0 0 0 0 0 0 0 0 0 0 0 0 0 0 0 
 0 0 0 19.200000000000003 0 0.4 1 0 0.4 0 6.800000000000001 0 0 0 0.2 0 0 0.2 0.4 0 18.8 27.200000000000003 75.2 13.600000000000001 11.200000000000001 27.400000000000002 68.4 0 34.6 3.8000000000000003 9.600000000000001 48.400000000000006 61.2 39.800000000000004 32.800000000000004 7.4 20.6 7.2 10.8 67.60000000000001 0.4 0 1.6 0.2 0 0.4 0 0 0.6000000000000001 0 0.8 0.6000000000000001 0 0.4 0 0 0 0.6000000000000001 0 0.4 0.4 0 0 0.4 0 0 0 0 0 0 0.4 0 9.600000000000001 0.6000000000000001 0.4 0 0 0 0.4 0.8 0 0 0 0 0 1.8 0 0 0 0 0 0.4 0 0 0 0 0 0 0 0 1.6 6 8.4 0 4 6.2 0 0 0.2 12.4 0.6000000000000001 2.2 0 3.8000000000000003 0 5 0 4.6000000000000005 4.2 0 0 0 0 0 0 0 0 0 0 0 0 0 3.6 0.2 0 0 0 0 0 0 0 0 0 0 0 0.2 0 0 0 0 0 0 0 0 0 0 0 0 0 0 0 0 0 0 2.4000000000000004 0 0 0 0 0 0 4.2 0 0.2 0 0 0 0 0 0 2.4000000000000004 4.6000000000000005 0.2 4.2 0 0 3.4000000000000004 5.4 6.6000000000000005 1.6 4.800000000000001 3.6 4.4 2.8000000000000003 2.2 0 4 10 3.4000000000000004 1.8 0 0 0 0 0 0 0 0 0 0 0.4 0 2.6 3.6 0.2 0 0 0 0 4.4 0 0 3.6 0 0 0 0 0 0 0 0 0 0 0 0 0 0 0 0 0 0 0 0 0 0 0 0 0 0 0 0 0 0 0 0.8 0 0.4 7.800000000000001 0.2 0 0 0 0 0 0 0 0 0 0 0 0 0 0 0 0 0 0.2 0 0 0 0 0 0 0 0 0 0.8 0 0 0 
 0.4 0 0 0 0 0 0.8 0.4 0 0 0 0.2 0 0 0 0 0 4.2 0 0 22.8 57.800000000000004 43.6 55.6 32.800000000000004 41.400000000000006 72.60000000000001 34.6 0 13.4 10.200000000000001 12.200000000000001 16 45.2 20.200000000000003 32.800000000000004 85.80000000000001 90.4 63.6 31 0 0 0 12.4 0 0.4 12.8 0 0 0 0 0 0 1 0 15.600000000000001 0 0.6000000000000001 0 12.600000000000001 0 0 0 0 0 0 0 0 0 0 0.2 0 0 0.6000000000000001 0.4 0 0 0 0 0.4 0 0.2 0 0 0 0.8 0 0 0 0 0 0 0 0 0 0 0 0 0 0 0 4.4 2.4000000000000004 0 5 5.800000000000001 0 0 4.2 8.8 5.4 2 2.2 0 3.4000000000000004 9.4 2.2 0 0 0 2.8000000000000003 1.6 0 0.4 0 0 1.6 2.2 0 0 0 0 0 0 2.2 0 0 0 4 0 0 0 0 0 0.2 0 0 0 3.4000000000000004 0 0 0 0 0 0 0 0 0 0 0 0 0 0 0 0 0 0 0 0 0 0 0 0 0 0 0 0 0 0 0 6.4 3 0 3.6 1.8 4.800000000000001 0 4.4 0 5.2 0 1.8 2.4000000000000004 2.8000000000000003 0 0.2 3.8000000000000003 1.4000000000000001 0 1.8 0 0 0 0 0 0 0 0 0 0.2 0 0 9.200000000000001 2.6 2.4000000000000004 0 0.4 0 1.8 3.8000000000000003 0 0 0 0 0 0 0 0 0 0 0 0 0.2 0 0 0 0 0 0 0 0 0 0 0 0 0.4 0 0 0 0 0 0 0 0 1.8 0.4 0.2 0.4 8.8 0 0.4 0.4 0 0 0 0 0 0 0 0 0 0 0 0 0 0 0 0 0 0 0 0 0 0 0 1.2000000000000002 1.8 0 0 0 
 0 0 0 0 9.8 0 0 0.4 0.4 0.4 6.6000000000000005 0 0.2 0 0 0 0 0.2 0 0 29.6 4.800000000000001 12.8 31 29 51.2 8.6 3.8000000000000003 13.4 0 43.6 32.4 13 13 23.6 57.400000000000006 49.2 9.200000000000001 20.8 20.400000000000002 0 0 0 0 0 0.4 12.4 0 0 0 0 0 12.600000000000001 0.8 0 0.2 0 0.6000000000000001 23.400000000000002 12.4 0 0 0 0 0 0.2 0 0 0 0 0 0 0 0.6000000000000001 0.4 0 0 0 0 0.4 0 0 0 0 0 0 0 0 0 0 0 0 0 0 0 0 0 0 0 0 0 0 0 6 4 6.2 0 0 0.2 5.2 9 0 1.6 0 0 4.800000000000001 2 0.2 0 0 1.8 2 0 0 0 0 2.2 1.2000000000000002 0 3.8000000000000003 0 0 1.8 0 7.6000000000000005 3 1.2000000000000002 0 2.6 0 0 0 0 0 0 0 0 0 0 0 0 0.4 0 0 0 0 0 0 0 0 0 0 0 0.4 0 0 0 0 0 0 0 0 0 0 0 0 0 0 0 0 0 1.4000000000000001 2.4000000000000004 0 3.8000000000000003 0 2.8000000000000003 2.4000000000000004 2 2.2 5.800000000000001 7 0 0 2.4000000000000004 3.6 0 2.6 0 0 4 0 0 0 0 0 4.4 5.800000000000001 2 4 0 0.4 7.800000000000001 2 3.8000000000000003 0 1 0.2 0 1.8 0 0 0 0 0.6000000000000001 0 0 0 0 0 1.6 0 4.4 0 0.2 0 0 0 0 0 0 0 3.4000000000000004 0 0 0 0 0 0 0 0 0 0 0 5 0 0 25 0.2 0 3.8000000000000003 0.2 0 0 0 0 0 0 0 0 0 0 0 0 0 0 0 0 0 0 0 2.8000000000000003 0 0 0 2.2 0.2 0 0 0 
 0 0 0.6000000000000001 0.4 0 1 0.4 0.4 0 0 0 0 0.2 0 0 0 0 0.4 14.8 0 31.400000000000002 16.2 8 31.400000000000002 37.2 44.6 9.600000000000001 9.600000000000001 10.200000000000001 43.6 0 14.4 15.4 6.6000000000000005 16.400000000000002 18.2 59.2 31.8 7.2 28.8 0 0 1.6 0 0 0.4 0.2 0 0 0 0 0 19.8 0.4 0 0 0 0.6000000000000001 24 0.6000000000000001 0 0 0 0.2 0 10.4 0 0 0 0 0 0 0 0.6000000000000001 0.6000000000000001 0 0 0 0 0.4 0 0 0 0 0 0 0 0 0 0 0 0 0 0 0 0 0 0 0 0 0 0 3.2 11 7.6000000000000005 4.2 0.4 0 0.2 2.6 6 0 0 0 0 3 4.2 5.2 0 0 3 0 0 0 0 0 2.2 0 0 4.2 0 0 0 2.6 4.4 5.2 0 0 6 2.8000000000000003 0 0 0 0 0 0 0 0 0 0 0 0 0 0 0 0 0.4 0 0 0 0 0 0 0 0.8 0 0 0 0 0 0 0 0 0 0 0 0.4 0.2 0 0 0 0.2 4 0 2.6 3.8000000000000003 2 2 2.4000000000000004 5.2 7.800000000000001 3.2 0 4.800000000000001 3.6 5.6000000000000005 0.2 2.8000000000000003 0 0 2.6 0 0 0.2 0 0 3.4000000000000004 3 0 4.4 0 0 17.400000000000002 1 4.4 0.4 0.2 0 2.6 2 0 0 0.4 0 0 0 0 0 0 0.2 0 0 0 0.2 0 0 0 0 0 0 0 0 8.6 0 0 0 0.2 0 0 0 0 0 0 0 3.4000000000000004 0 0 0.2 0 0 5 2 0 0 0 0 0 0 0 0 0 0 0 0 0 0 0 0 0 1 0 5.6000000000000005 0 0 0 0 0 0 0 0 
 0.4 0.4 0.4 0.4 0.6000000000000001 0.8 0.6000000000000001 0.4 0.4 0.4 0.4 0.6000000000000001 0.4 0.4 0.4 0.4 0.4 0.8 0.8 0.4 97.4 19.200000000000003 50.2 55 15.4 10.8 6.4 48.400000000000006 12.200000000000001 32.4 14.4 0 26.6 5.4 20.8 18.6 44.2 43.800000000000004 8.6 20.400000000000002 0 0 0 0 0 0.4 4.4 12.4 0 0 0 0 0 0.4 0 42 13 0.6000000000000001 23.400000000000002 1.6 0 0 0 0 0 0.2 0 0 0 10 0 0 0 0.6000000000000001 0.4 0 0 0 0 0.4 0 0 0 0 0 0 0 0 0 0 0 0 0 0 0 0 0 0 0 0 0 2.4000000000000004 0.2 2.2 2.4000000000000004 0.2 0 2.4000000000000004 0 2.4000000000000004 0 2.4000000000000004 1.8 0 2.6 14.8 11.600000000000001 5.2 0 0 4.2 0 4.2 1.8 0 0 0 4.6000000000000005 2.6 1.4000000000000001 0 0 1.8 0 1.8 0 4.800000000000001 0 0 2.8000000000000003 0 0 0 0 0 0 0 0 0 0 0 1.2000000000000002 0 0 0 0 0 0 0 0 0 0 0 0 0 0 0 0 0 0 0 0 0 0 0 0 0 1.4000000000000001 0 0 3.2 5 0 3.8000000000000003 2 6.800000000000001 2.4000000000000004 3.8000000000000003 3.8000000000000003 3 2.8000000000000003 0.2 0 0 5 0 3.2 0 0 4.4 1.8 0 0 0 0 0 3.6 0.2 0 0 0 1.6 0 0 2.4000000000000004 0 1.2000000000000002 0 2.4000000000000004 0 0 0 0 0 0 0 0 0 0 0.2 0 0 0 0 0 0 0 0 0 0 0 0 3.6 0 0 0 0 0 0 0 0 0 0 0.4 0.6000000000000001 0.2 0.4 8.200000000000001 17 0.2 0.4 0.4 0 0 0 0 0 0 0 0 0 0 0 0 0 0 0 0 0 0 0 3.6 0 0 0 0 0 0 0 0 
 0 5.6000000000000005 7 5.6000000000000005 15.4 29.8 0.6000000000000001 15.200000000000001 15.4 12.200000000000001 0.2 7.4 0 0 30 19 0 0.8 0.6000000000000001 0 25.200000000000003 49.400000000000006 13.8 29.6 16.6 4.6000000000000005 30.8 61.2 16 13 15.4 26.6 0 16 10.4 15.600000000000001 22.8 25 44.2 47.6 7.800000000000001 0 0 0.6000000000000001 0 0.4 0.2 0 0 0 3.6 0 0.4 0.4 2 1 0 12.8 0 0.4 1 0 0 0.2 0.4 0 0 0 0 0 0.6000000000000001 0.2 1 0.6000000000000001 0.6000000000000001 0 0 0.8 0.6000000000000001 1.4000000000000001 0 1.8 0 3.4000000000000004 0 0 0 0 8.6 0 0 6.6000000000000005 0 0 0 0 0 0 0 0 8.4 0 5.4 4.800000000000001 3 0 8 5.4 2 0 0 0 0 2.4000000000000004 2.8000000000000003 7.800000000000001 9.600000000000001 0 0 3.6 0 0 0 0 0 0 0 0 0 0 0 2.4000000000000004 0 0 0.6000000000000001 0 2 0 0 0 0 0 0.4 0.4 0 0 0 0 0 0.2 0.4 0 0 0 0.6000000000000001 0 0 0 0 1 0.2 1.8 0.6000000000000001 4 0 4.4 0 0 0.2 1.2000000000000002 0 2.4000000000000004 0 0 2.2 1.6 4 0 0 0 0 0 3.8000000000000003 3.4000000000000004 0 1.6 2.8000000000000003 2.8000000000000003 3.6 5 2.6 2.2 0 2.6 7.2 6.800000000000001 3.8000000000000003 0 0.4 0 0 0 0 0 0 0 0.2 0 0 0 0 0 0 0 0 0 0 0 0 0 0 0 0 0 0 0 0 0 0 0 0.4 0 0 0 0 0.4 0 0 0 0 0 0 1.6 0 0 0 0.4 0 2.4000000000000004 3.6 0 0 0 0.4 3.6 0.2 0 0 0 0 0.4 0 0 0 0 0 2.2 0 0 0 0 0 0 0 0 0 0 0.4 0 0 0 2.4000000000000004 0 0 0 0 0 0 0 0 
