 0 22.8 15.200000000000001 11.600000000000001 49.6 17.2 53.800000000000004 31.8 53.800000000000004 38 54.2 11 33.4 32.4 137.8 63.2 17.2 87.60000000000001 51.800000000000004 71.8 0 0 0.6000000000000001 0 0 0 0 0.6000000000000001 0 0.4 0.4 0 0.6000000000000001 0.4 0 0.4 0.4 0 0.4 0 0.6000000000000001 0 0 0 0 0 0.4 0 0.6000000000000001 1 0 0 0 0 0.4 0.6000000000000001 0 0 0 0.6000000000000001 6.2 0.6000000000000001 0 0 0 0.8 0.8 1 8.4 0.2 0 0.6000000000000001 0 0.4 0.6000000000000001 0 0 0 0 0.2 10.200000000000001 0 7 0 7.4 0 4.4 7 5.6000000000000005 3.4000000000000004 1.6 17.2 2.6 3.6 2 2.2 4.4 9.8 0 3.2 0 0 0 0.4 1.2000000000000002 0 0.2 0 0.4 0 0 0 0 0 0 0 0 0 1.8 0 0 0 0 0 0 0 0 0 0 0.2 0 0 0 0.2 0 0 0 0 0.2 0 0.4 0 0 0 0 0 0 0 0 0.2 0 0 0 0 0 0 0 0 0 0 7.800000000000001 4.800000000000001 0 3.6 2.4000000000000004 0.2 4 1.4000000000000001 2.4000000000000004 4.800000000000001 0 2.4000000000000004 0.2 2 0 0 0 0 0 0 0.4 0 0 0 0 0 0 0 0 0 0 0 1.8 0 0 0 0 0 0 0.2 0 0 0 1.2000000000000002 0.4 0 0 0 0 0 0 0 0 0 4.6000000000000005 0 0 0 0 0.4 0 0 0 0 0.4 0.4 0 0 0 0 0 0 0 0 0 0 0 0 0 0 0 1.8 0 0 0 0.4 0.6000000000000001 0 10.8 18 0 3 3 0 0 0.4 0 0 0 0 0 0 0 0 0 0 0 0 0 0 0 0 0 0 0 2.8000000000000003 0 0 0 0 0 0 0 0 0 0 0 0 0 0 
 22.8 0 33.6 57.400000000000006 6 38.400000000000006 39.2 17.2 61.6 90.2 11.600000000000001 52.800000000000004 112.80000000000001 21.6 47.400000000000006 28.200000000000003 25.400000000000002 58.800000000000004 7.800000000000001 22 0 1.2000000000000002 0.8 0.4 0 0 0.2 0.4 0 0.6000000000000001 0.6000000000000001 0 16 0.4 0 0.4 0.8 0.4 0.6000000000000001 0.6000000000000001 3.8000000000000003 0 0 0 0 0 0.2 0.6000000000000001 0.6000000000000001 0.4 0 0.2 0.6000000000000001 0 0.2 0.6000000000000001 0.6000000000000001 0 0 0.8 0.2 0.6000000000000001 9.600000000000001 0 0 0.4 0 10.600000000000001 0 0 5.800000000000001 1.4000000000000001 0 0.4 0.6000000000000001 0 0.8 0 0.6000000000000001 0 7.6000000000000005 2.6 4.2 0.2 3.8000000000000003 2.2 5.6000000000000005 6.2 0 2 2.6 5 0 3.4000000000000004 2.6 8 2.2 0 2 0 0 0 0 0.2 0 0 4.800000000000001 0 0 0 0 0 0 0 0 0 0 0.2 4.6000000000000005 0 0 0 0 0 0 0 0 0 0 0.4 0 0 0 0 0 0 0 0 0 0 0 0 0 0 0 0 0 0 0 0.4 0 0 0 0 0 0 0 0 0 0 7 1.4000000000000001 2.8000000000000003 3.2 0 0 2 5.2 1.6 10.8 0.6000000000000001 1.8 0 5.800000000000001 0.2 5.6000000000000005 7.6000000000000005 10 0 4 0 0 0.2 0 0 0 0 0 0 0 2.6 0 2.2 0 3.8000000000000003 0 0 0 0.2 0 0 0 0 0 0.2 0 0.4 0 0 0 0 0 0 0 0 0 0.2 0 0 0 0 0 0 0 0 0.2 0 0 0 0 0 0 0 0 0 0 0 0 0 0 0 0 0 0 0 0 0.2 0.4 10.600000000000001 17.6 0 0.8 0 0 0 0 0.4 0 0 0 0 0 0 0 0 0 0 0 0 0 0 0 0 0 0 0 0 0 0 0 0 0 0 0 0 0 0 0 0 0 
 15.200000000000001 33.6 0 25.200000000000003 10 7 17 29.400000000000002 18.2 76.2 11.200000000000001 5.4 28 47.2 6.6000000000000005 38.6 26.8 39.2 5.800000000000001 6.2 0.8 0 0 1.2000000000000002 0 0 5.2 0 0 0 0.8 14.600000000000001 32.2 1.2000000000000002 1.2000000000000002 0 0 0 14.600000000000001 18.2 1.2000000000000002 0 0 0 0 0.4 0.2 0.6000000000000001 0.6000000000000001 0.2 0 0.4 0 0 0 12.4 0 0 0 0.6000000000000001 0 0.6000000000000001 0 0 0 0 0 0.6000000000000001 0 0 0 1.4000000000000001 0 0.6000000000000001 0.6000000000000001 0 0.8 0 0 0 11.600000000000001 2.6 5.6000000000000005 8.8 0.2 3.2 0.2 3.2 3.4000000000000004 4.4 0 0 0.2 1.4000000000000001 0 2.4000000000000004 3.6 5.6000000000000005 0 2 0 0 0 0 2.4000000000000004 0 5.6000000000000005 4.2 0 0 0 0 0.2 6.6000000000000005 0 0 0.2 0.2 0 0 0 0 0 0 0 0 0 0 0 0 0 0 0 0 0 0 0 0 0 0 0 0 0 0 0 0 0 0 0 1.6 0 1.4000000000000001 0.8 0 0 0 0 0 0 0 0 2.6 8.4 1.4000000000000001 0 0 2.6 1.8 1.4000000000000001 2.2 2.2 3.6 2.6 5 2.8000000000000003 9.8 3 5.6000000000000005 0 1.8 0 5.6000000000000005 0 0 0 0 0 2.4000000000000004 3 0 0 0 2.6 0 0 0 0 0 4 0 0 0 0 0 0 0 0 0 0 0 2.6 0 0 0 0 0 0 0 0 0 2.4000000000000004 0 0 0 0 0 0 1.2000000000000002 0 0 0 0 0 0 0 0 0 0 0 0 0 0 0 0 0 0 0 0 0.4 0 0.4 2.8000000000000003 0 0 0 0 0 0 0 0 0 0 0 0 0 0 0 0 0 0 0 0 0 0 0 0 0 0 0 0 0 0 0 0 0 0 0 0 0 0 
 11.600000000000001 57.400000000000006 25.200000000000003 0 32.800000000000004 53 17.400000000000002 33.2 61.6 21.200000000000003 88.60000000000001 28.8 13.8 11 58.6 10.200000000000001 70.60000000000001 77 15 16.400000000000002 11.600000000000001 0.4 0 0.4 0 0.4 13.8 0 0 0 0.8 0 16 15.600000000000001 0.6000000000000001 14.600000000000001 0.2 0 0.8 36 0.6000000000000001 0 0 0 13.200000000000001 0 0.2 0 0.6000000000000001 0.6000000000000001 0 1 0 0 0 0.6000000000000001 0 0 0 0.6000000000000001 0 0.6000000000000001 0 0 0 0.4 0 0.6000000000000001 0.2 0 0 1 0 0.4 0.8 0 0 0 0.2 0 0 2 0 0.4 1.6 2 0 0 5 2.8000000000000003 3.6 0 0 0 1.6 0 2.6 0 0 0 1.4000000000000001 4.2 0 0 0 0 2.8000000000000003 0 0 0 0 0 6.800000000000001 5.6000000000000005 3.6 0 0 0.2 4.6000000000000005 3.8000000000000003 0.4 0 0 0 0 0 0 0 0 0 0 0 0 0 0 0 0 0 0 0 0 0 0 0 0 0 0 0 0 0 0 0.2 0 0 0 0 0 0 0.6000000000000001 0 0 2.6 3.6 1 2.2 0.8 0 1 2 7.800000000000001 0 2.2 0 2.8000000000000003 2.6 5.6000000000000005 6.800000000000001 3 0.4 0 4 1.8 6.2 0 0 0 1.8 5.4 2 0 0 0 7.800000000000001 0.2 0 0 1.8 0 4 0.2 0 0 0 0 0.6000000000000001 0.4 0 0 0 0 0 0 0 0 0 0 0 0 0.4 0 0 0 0 0 0 0 0 0 0 0 0 0.4 0 0 0 0 0 0 0 0 0 0 0 0 0 0 9.8 0 1.2000000000000002 17.2 0 2.2 0 0.2 0 0 0 0 0 0 0 0 4.2 0 0 0 0 0 0 0 0 0 0 0 0 0 0 2 0 0 0 0 0 0 0 0 0 0 0 0 
 49.6 6 10 32.800000000000004 0 46.800000000000004 51.2 14 8 59.2 76.60000000000001 75.2 97.80000000000001 51.6 61 64.4 7.800000000000001 23 11 21.400000000000002 15 15.200000000000001 21 5 0 0 0.6000000000000001 20.8 6.4 0 0 0 0.8 18 31 0.2 6.4 0 17.400000000000002 17.2 4.800000000000001 0 0 0 0 0 0.2 12.4 0.6000000000000001 0 0 0 0 0 0 0.6000000000000001 0 0 0 0.6000000000000001 0 0.6000000000000001 0 0 0 0 0 0.6000000000000001 0 0 0.2 0.6000000000000001 0 0.6000000000000001 0.6000000000000001 0 0 0 0 0 0 0 0 3.6 7.4 3.4000000000000004 0 0 3.4000000000000004 2.2 3 0 0 0.2 0.2 0.2 0.2 2.2 0 0 0.4 3.4000000000000004 0 0 1.8 0 3 2 0.4 2 5.2 0 0.2 3.6 4 0 2.2 2 0 0 0 0 0 0 0 0 0 0 0 0 0 0 0 0 0 0 0 0 0 0 0 0 0 0 0 0.8 0 0 0 0 0 0 0 0.8 3 0 0 0 0 0 0 0 0 0 1.8 5 0 0 0 0 0 0.2 0 0 0 0.4 0 0 0 0 0 0 2.8000000000000003 0 0 0 0 2.8000000000000003 2.2 0 0 0 2.4000000000000004 2 4.4 2.6 2.2 0 5.6000000000000005 3.8000000000000003 0 0 0 0 0 1.4000000000000001 0 0 0 0 0 0 0 0 0 0 0 0 0 0 0 0 1.8 0 0 0 0 0 0 0 0 0 0 0 0 0 0 0 0 0 0 0 0 0 0 0.4 0.4 0.2 1.2000000000000002 0 0 0.6000000000000001 0 0 0 0 0 6.6000000000000005 0 0 0 0 0 0 0 0 0 0 0 0 0 0 0 0 0 0 3.4000000000000004 0 0 0 0 0 0 0 0 0 0 0 0 0 
 17.2 38.400000000000006 7 53 46.800000000000004 0 43 23.8 133 19.200000000000003 17 55 9 28.8 32 11.600000000000001 13.4 54.800000000000004 9.200000000000001 16.6 11.600000000000001 0 0.2 0 0.8 0 15.600000000000001 0.8 2.2 0 0 0 0.6000000000000001 13 13.200000000000001 0 0 0 15 15.600000000000001 0.6000000000000001 0 0 0 0 0 11.4 0 0.6000000000000001 0 0 0 0 0 0 0.6000000000000001 0 0 0 0.6000000000000001 0 0.6000000000000001 0 0 0 0 5.800000000000001 0.2 0 0 0 0.6000000000000001 0 0.4 0.6000000000000001 0 0 0 0 0 0.4 2 0 0 6.6000000000000005 6.4 0 5.800000000000001 3.8000000000000003 0 11 4.6000000000000005 0 6.4 2 5.2 2.6 3.4000000000000004 0 0 0 11.8 0 0 0 0 0 0.4 0 0 0.2 0 2 2 0.2 0 6.800000000000001 0.8 3.4000000000000004 0.2 0 0 0 0 0 0 0 5.2 0 0 0 0 0 0 0 0 0 0 0 0 0 0.6000000000000001 0 0.2 0 0 0 0 0 0 0 0 0 2 0 0 0 0 0 0 5.2 2 6 3.6 7.4 2.2 4 0 1.2000000000000002 3.4000000000000004 0 3.4000000000000004 0 0 0 0.2 0 0 0 0 0 0 5 0 0 0 0.2 2.6 3.2 0 0 0 7.800000000000001 3.2 2 0 2 0 0.2 3.2 0 0 0 0 0 0 0 0 0 0.4 0 0 0 0 0 0 0 0 0 0 0.2 0 0 0 0.4 0 0 0 0 0 0 0 0 0 0 0 0 0.2 0 0 0 0 0 0 0 0.2 0 0 1.8 0.2 0 4.4 8.8 0 0 0 0 0 0 0 0 0 4.6000000000000005 0 0 0 0 0 0 0 0 0 0 0 0 0 0 0 0 0 0 0 0 0 0 0 0 0 0 0 
 53.800000000000004 39.2 17 17.400000000000002 51.2 43 0 19.6 51.800000000000004 24.8 24.200000000000003 95.4 104.80000000000001 37 62.400000000000006 24.8 4.800000000000001 9.600000000000001 9.4 59.2 0 0.4 0 0 0 0 0 0 0 0 0 0 0.6000000000000001 0.4 0 0 0 0 0.4 0.4 0.6000000000000001 0 0 0 0 0 0 0 0.6000000000000001 0 0 0 0 0 0 0.6000000000000001 0 0 0 0.6000000000000001 0 0.6000000000000001 0 0 0 0 0.4 0.6000000000000001 0 0 0 0.6000000000000001 0 0.4 0.6000000000000001 0 0 0 0 0 6.2 3.8000000000000003 0 2.2 2 0 0.2 5.800000000000001 3 0 0 2 0 3.8000000000000003 0 3.6 2.2 6.800000000000001 0.4 7.2 0 0 0 0 0 0 0 0 0 0 0 0 0 0 0 0.4 0 0 1.6 0 0 0.4 0 0 0 0 0 0 0 0 0 0 2.2 0 0 0 0 0 0 0 0.4 0 0 0 0 0 0 0 0 0 0 0 0 0 0 0.4 0 0 0 1.8 9.600000000000001 8 1.4000000000000001 1.4000000000000001 2.8000000000000003 0.4 3.2 2 4.6000000000000005 0.4 6.800000000000001 2.6 8.200000000000001 0.6000000000000001 1.4000000000000001 1.2000000000000002 0 0 3 0.2 0 0 0 0 0.2 0 0 0 0 0.4 0 0 2.6 0 0 0 0 0 0 0 0 0 0 1 0 0 0 0 0 0 0 0 0.4 0 0 0 0 0 0 0 0 0 0 0 0 0 0 0 0 0 0 0 0 0 0 0 0 0 0 0 0 0 0 0 0 0.4 0 0.4 18.2 0.4 2.8000000000000003 1.2000000000000002 2.4000000000000004 0 0 0 0 0 0 0 0 0 0 0 0 0 0 0 0 0 0 0 0 0 0 2.8000000000000003 0 0 0 0 0 0 0 0 0 0.4 0 0 0 0 
 31.8 17.2 29.400000000000002 33.2 14 23.8 19.6 0 32.4 25.8 35.4 11.8 53.6 39.2 37 9.4 16.8 8.200000000000001 25.200000000000003 13.8 0 0 0 0.2 0 0 0 0 0 0 0 0 15.600000000000001 0.4 0.4 0.2 0.4 0 21.400000000000002 0 0.6000000000000001 1 0 0 0 0 0.8 0 0.6000000000000001 0.6000000000000001 0 0.6000000000000001 0 0 0 0.6000000000000001 0 0 0 0.6000000000000001 0 0.6000000000000001 0 0 0 0 0 0.6000000000000001 0 0 0 0.6000000000000001 0 0.4 0.6000000000000001 0 0 0.2 0 0 1.8 5.2 5 3.8000000000000003 7.2 4.6000000000000005 2.2 0 5 5 12.600000000000001 1.8 3.4000000000000004 1.8 14.8 5.2 5 6.4 0.2 7.2 0 0 0 0.4 0.2 0 0.2 2.4000000000000004 0 0 0 0 1.6 4.2 0 0 0 0 4.800000000000001 0 0 0 0 0 0 0 0 0 0 0 0 0 0 0.4 0 0 0 0 0.2 0 0 0 0 0 0 0.4 0 0 0 0 0 0 0 0 0 0 0 5.4 0.4 0 0 2.8000000000000003 2.2 3.2 0 3.2 4.4 0 2.4000000000000004 0 0.6000000000000001 3.4000000000000004 3 2.6 11 4.2 3.8000000000000003 0 0 0 0.2 2.6 0 0 0 0 2.4000000000000004 0 0 0 0 0 3.2 0 0 0.2 0 0 4 0 0 0 0 0 0 0 0 0 0.2 0 0.4 0 0 0 0 0 0 0 0 0 0 0 0 0 0.4 0 0 0 0 0 0 0 0 0 0.4 0 0 0 0 0 0 0.2 0 0 0 0 34.800000000000004 0 0 0.4 0 2.2 0 0 0 0 0 0 0 0 0 0 0 0 0 0 0 0 0 0 0 0 0 0 0 0 0 2.6 0 0 0 0 0 0 0 0 0 0 0 0 
 53.800000000000004 61.6 18.2 61.6 8 133 51.800000000000004 32.4 0 45.800000000000004 54.400000000000006 13.8 17.400000000000002 99 71.60000000000001 50.6 9 51 14 57 0 0 0 0.4 0 0 0 0 0 0 0 0 16 0.4 0.2 0 0 0.2 0 1.2000000000000002 2 0 0 0 0 0 0.4 1.4000000000000001 0.6000000000000001 0 0 0 0 0 0 0.6000000000000001 0 0 0 0.6000000000000001 0 0.6000000000000001 0 0 0 0 16.400000000000002 0.4 0 0 0 0.6000000000000001 0 0.4 0.6000000000000001 0 0 0 0 0 0 1.8 0 0 6 1.6 0 10 5.800000000000001 0 4.6000000000000005 0.4 0 7.6000000000000005 2.8000000000000003 7.2 5 6.4 0 3.2 0 0 0 0 0.2 2.6 3.6 0.2 0 0 0 0 0.2 0 0 0 0 0 3.8000000000000003 0 0 0 0 0 0 0 0 0 0 0 0 0 0 0 0 0.2 0 0 0 0 2.6 0 0 0 0 0 0 0 0 0 0 0 0 0 0 0 0 0 0 0 6.4 2.2 4 0.8 0.8 0.6000000000000001 3.4000000000000004 6.4 1.8 17.2 0 6.2 0 0 0 5.4 4 3.8000000000000003 0 2.2 0 0 1.6 0 0 0 0 0 0 0 0.4 0 2.6 0 0 0 0 0 0.4 0 0 0 0 2 0 0 0 0 0 0 0 0 0 0 0 0 0 0 0 0 0 0.2 0 0 0 0 0 0 0 0 0 0 0 0 0 0 0 0 0 0 0 0 0 0 0 0 0 0.4 18 0.2 3.2 3 3 0 0 0 0 0 0 0 0 0 0 0 0 0 0 0 0 0 0 0 0 0 0 2.6 0 0 0 0 0 0 0 0 0 0 0 0 0 0 
 38 90.2 76.2 21.200000000000003 59.2 19.200000000000003 24.8 25.8 45.800000000000004 0 31.200000000000003 9 17.8 41.2 69.4 35.4 46.800000000000004 43 79.80000000000001 23.6 0 0.4 0.4 0 0 0.2 1.2000000000000002 0 0 0 0 0 32.6 0.8 0 0 0 0 14.4 1.4000000000000001 1.6 0 0 0 0 0 0.4 0.8 1.2000000000000002 0 0 0 5.800000000000001 0 0 0.8 0.6000000000000001 0 0.6000000000000001 0.6000000000000001 0 1 0 1 0 0.4 0 0.6000000000000001 0 0 0 0.6000000000000001 0 0.4 0.6000000000000001 0 0 0 0.4 0 5.4 1.8 6.2 10 0 5.800000000000001 4.2 9.600000000000001 0 2.2 2.2 2.2 0 6.4 12 0 5 0 2.4000000000000004 0.4 0 0 0 0 0 0 8 0 0 0 0 0 2.2 0 0 0 0 0.2 6.4 0 0 0.2 0 0 0 0 0 0.2 0 0 0 0 0 2.2 0 0 0 0 0 0 0 0 0 0 0 0 0 0.2 0 1.8 0 2 1 0 0 0.2 0 0 0 0 3 1.6 5.6000000000000005 0 0 0.2 3.8000000000000003 0.8 7.4 4.4 0 1.6 0 0.2 2.2 3.4000000000000004 2.8000000000000003 3 0 0.2 0 4.800000000000001 0.2 0 0.4 0 0 2.4000000000000004 4.2 0.2 0 0 4 0.2 0 0 0 0 0 0 0 0 0 0 0 0 0 0 0 0 0 0 0.2 0 0 0 0 0 0 0 2.6 0 0 2.4000000000000004 0 0 0 0 0 0.2 0 0 0 0 0 2.6 0 0 0 0 0 0 0 0 0 0.8 0 0 10.4 10.4 0 1.8 0 0 0 0 0 0 0.2 0 0 0 0 0 0 0 0 0 0 0 0 0 0 0 0 0 0 0 0 0 0 0 0 0 0 0 0 0 0 0 
 54.2 11.600000000000001 11.200000000000001 88.60000000000001 76.60000000000001 17 24.200000000000003 35.4 54.400000000000006 31.200000000000003 0 78.4 68.8 28.400000000000002 15.600000000000001 34.2 24.200000000000003 27.200000000000003 26.200000000000003 18.2 15.4 0 0 0 0 0 15.600000000000001 0 0 0.2 0 0 32.2 0.4 0 15 0 0 14.8 15 1.8 0 0 0 0.6000000000000001 0 2 0 0.6000000000000001 1 0 0.6000000000000001 0 0 0 0.6000000000000001 0 0 0 0.6000000000000001 0 0.6000000000000001 0 0 0 0 0 0.6000000000000001 0 0 0 1.6 0.4 0.6000000000000001 0.6000000000000001 0 0 0 0 0 0 4 8.6 0.6000000000000001 1 3.8000000000000003 0 3.8000000000000003 1.2000000000000002 2.2 3.2 1 2.4000000000000004 0 1.6 0 5.2 0 0 2 1.4000000000000001 0 0 0 2 0 12.200000000000001 0 0 0 0 0 2 3.6 2.4000000000000004 0 0 0 5.2 0 0 0 0 0 0 0 0 0 0 0 0 0 0 0 0 0 0 0.4 0 0 0 0.2 0 0 0 0 0 0 0 0 0 0 0 0 0 0 0 0 0.2 0 0 3.2 0.4 0 0 3.6 0 0 3.6 2.4000000000000004 0.4 1.8 0 2.2 2.8000000000000003 10.200000000000001 0 4 0 0 0 4.2 0 0 0 0 1.4000000000000001 5.800000000000001 0 0 0 0 9.200000000000001 14 0 0 3 2.8000000000000003 2 0 0 0 0 0 0 0 0 0 0 0 0 0 0 0 0 0 0 0 0 0 0 0 0 0 0 0 0 0 0 0.2 0 0 0 0 0 0.4 0 0 0 0 0 0 0 0 0 0.4 18 0.4 0.4 9.4 0 2.4000000000000004 0 0 0 0 0 0 0 0 0 0 0 0 0 0 0 0 0 0 0 0 0 0 0 2.2 0.4 3 0 0 0 0 0 0 0 0 0 0 0 0 
 11 52.800000000000004 5.4 28.8 75.2 55 95.4 11.8 13.8 9 78.4 0 92.4 7.6000000000000005 7.4 11.8 15.4 52.800000000000004 5.800000000000001 9.200000000000001 12.4 15 0 0 6.2 0 14.8 0 0 0.2 0 0 34.2 16.8 1.2000000000000002 0 0 0.4 0 21 0.6000000000000001 0 0 0 0 0 0 2.4000000000000004 0.6000000000000001 0 0 0 0 4.2 0 0.6000000000000001 0 0 15.200000000000001 0.8 0 0.6000000000000001 0 0 0 0 0 0.6000000000000001 0 0 0 0.6000000000000001 0 0.6000000000000001 0.6000000000000001 0 0 0 0 0 0 0 0 1.8 1.6 2.4000000000000004 0 0 4.4 0 3.8000000000000003 0 0 0 0 0 0 0 0 0 1.2000000000000002 4.800000000000001 0 0 0 0 2.8000000000000003 0 0 0 0 0 9.200000000000001 0 2 0 0 0.2 2 5.6000000000000005 0 0 0 0 0 0 0 0 0 0 0 0 0 0 0 0 0 0.4 0 5.800000000000001 0 0 0 0 0 0 0 0 0 0 2.2 0 0 0 0 0 0 0 0 0 0 2.4000000000000004 4 0.4 3.8000000000000003 0.8 0 0 2 7.800000000000001 0.4 0 2.6 0 0 2.6 4 0 0 0 2.2 5.6000000000000005 2.8000000000000003 0 0 0 0 5 0 0 0 0 6 0.4 0 0 2 3 11.4 0 0 0 0 0 4 0 0 0 0 0 0 0 0 0 0 0 0 0 0 0 0 0 0 0 0 0 0 0 0 0.2 0 0 0 0 0 0.4 0 0 0 0 0 0 0 0 0 0 0.4 0.2 1.2000000000000002 17.6 0 0 0 0 0 0 0 0 0 0 0 0 5.4 0 0 0 0 0 0 0 0 0 0 0 0 0 0 0 0 0 0 0 0 0 0 0 0 0 0 0 
 33.4 112.80000000000001 28 13.8 97.80000000000001 9 104.80000000000001 53.6 17.400000000000002 17.8 68.8 92.4 0 68.2 6.2 48.400000000000006 3.8000000000000003 45.2 47.800000000000004 44 0 0 0 0 0.2 0 0 0 0 0 0 0 0.6000000000000001 0.4 0 0 0 0 0 0.2 0.6000000000000001 0 0 0 0 0 0.2 0 0.6000000000000001 0 0 0 0 0 0 0.6000000000000001 0 0 0 0.6000000000000001 0 0.6000000000000001 0 0 0 0 0 0.6000000000000001 0 0 0 0.6000000000000001 0 0.4 0.6000000000000001 0 0 0 0 5.6000000000000005 9.4 0 0.2 0 7.4 0 4 8.6 6 5 0.2 0 6.2 0.8 5.2 2 3.4000000000000004 11.200000000000001 0 7 0 3.8000000000000003 0 0 0.2 0.4 0 0 0 0 0 0 0 0 0 0 0 0 0 0 0 0 0 0 0 0 0 0 0 0 0 0 0 0 0 0.2 0 0 0 0 0 0 0 0 0 0 0 0 0 0 0 0 0 0 0 0 0 0 0 0 6.6000000000000005 2.2 1.4000000000000001 5.6000000000000005 0 0 8 0 0 0 2.2 0 3.4000000000000004 2.8000000000000003 4.800000000000001 0 6 3 0 0 0 0 0 0 0 0 1.2000000000000002 0 0 0 0 0 1.6 0 0 0 0 0 0.2 0.2 0 0 0 0.4 0 0 0 0 0 0 0 0 0 0 0 0 0 0 0 0 0 0 0 0 0 0 0 0 0 0 0 0 0.4 0 0 0 0 0 0 0 0 0.8 0 0 0 0.2 18.2 0.2 0.4 0 0 1.6 3.2 0 0 0 0 0 0 0 0 0 0 0 0 0 0 0 0 0 0 0 0 0 0 0 0 0 0 0 0 0 0 0 0 0 0 0 0 0 
 32.4 21.6 47.2 11 51.6 28.8 37 39.2 99 41.2 28.400000000000002 7.6000000000000005 68.2 0 23.8 53.800000000000004 8.6 80.2 36.4 21.400000000000002 0.2 0 0 0 0 0 0.4 0.2 0.4 0 0.2 0.2 0.6000000000000001 0 0 0 0 0 0 0 0.6000000000000001 0 0 0 0 0 3.4000000000000004 0 0.6000000000000001 0.8 0 0 0 0 0 0.6000000000000001 0 0 0 0.6000000000000001 0 0.6000000000000001 0 0 0 0 0 0.6000000000000001 0 0 0 0.6000000000000001 0 0.6000000000000001 0.6000000000000001 0 0 0 0 0 15.600000000000001 3.6 6.800000000000001 0 10 2.2 3.2 2.8000000000000003 4.2 0.2 2 4 0 2.8000000000000003 4.6000000000000005 0.2 11.4 8.4 0 0.2 0 0 0 0 0 0 0.4 0 0 0 0 0 0 0 0 0 0 0 3 0 0 0 0 0 0 0 0 0 0 0 0 0 0 0 0 0 0.4 0 0 0 0 0 0 0 0 0 0 0 0 0 0 0 0 0 0 0 0 0 0 0 4.800000000000001 2.6 1.2000000000000002 6 0 3 1.8 3.2 0.2 3.6 6.800000000000001 0.4 3.4000000000000004 9.600000000000001 0 3.2 2.8000000000000003 5 0 2.2 1 0 0 0 0 0 0 0 0 0 0 0 0.2 0 2 0 0 0 0 0.2 0 0 0 0.6000000000000001 0 0 0 0 0 0 0 0 0 0 0 0 0 0 0 0 0.2 0 0 0 0 0 0 0 0 0 0 0 0 0 0 0 0 0 0 0 0 0.2 0 0 0 0.4 17.2 0.4 0 17.8 3.2 3.4000000000000004 3.4000000000000004 0 0 0 0 0 0 0 0 0 0 0 0 0 0 0 0 0 0 0 0 0 0 0 0 0 0 0 0 0 0 0 0 0 0 0 0 0 
 137.8 47.400000000000006 6.6000000000000005 58.6 61 32 62.400000000000006 37 71.60000000000001 69.4 15.600000000000001 7.4 6.2 23.8 0 30.6 17.6 6.4 56.400000000000006 47.400000000000006 0 0 0 0.4 0 9 0 0 0 0 0 0 0.6000000000000001 0.8 0 0 0 0 0 0 0.6000000000000001 0 0.4 0 0 0 0 0 0.6000000000000001 0 0 0 0 0 0.4 0.6000000000000001 0 0 1 13 0.6000000000000001 0.6000000000000001 0 0 0 0 0 10 0 0 0 0.6000000000000001 0 0.6000000000000001 1.4000000000000001 0 0.4 0 0 10 0.4 2.2 3.2 2.8000000000000003 1.2000000000000002 0 2.2 2.2 5.4 2.2 0 0 0 5.6000000000000005 2.2 3.4000000000000004 2.2 6 2.2 6.6000000000000005 0 0 0 0.4 0 0 0 0 0 0 0 0 0 0 0 0 0 0 1.6 0 0 0 0 0 0 0 0 0 0 0 0 0 0 0.4 0 0 0 0 0 0 1.2000000000000002 0 0 0 0 2.4000000000000004 0 0 0 0 0 0 0 0 0 0 0 0 0 0 6.6000000000000005 8 0 0.4 0 0 5.800000000000001 2.4000000000000004 4.6000000000000005 1.8 0.6000000000000001 0 0.8 0.2 2.8000000000000003 2 0 0 2 10.8 0 0 0 0 0 0 0 0 0 0 0 0 2.6 0 0 0 0 0 0 0 0 0 0 2 0 0 0 0 0.2 0 0.4 0 0 0 0 0 0 0 0 0 0 0 0 0 0.4 0 0 0 0 0 0 0 0 0 0 0 0 0 0 0 0 0 0 0 0 0.6000000000000001 0 0 17.6 0 3.4000000000000004 0.8 0 0 0 0 0 0 0 0 0 0 0 0 0 0 0 0 0 0 0 0 0 0 0 2 3.2 0 0 0 0 0 0 0 0 0 0 0 0 0 
 63.2 28.200000000000003 38.6 10.200000000000001 64.4 11.600000000000001 24.8 9.4 50.6 35.4 34.2 11.8 48.400000000000006 53.800000000000004 30.6 0 8.4 39.800000000000004 51 17.6 0.6000000000000001 0 0 0 0 0 0.6000000000000001 0 0.4 0 0 0.4 1.4000000000000001 0 0 0 0 0 0 36.2 1.4000000000000001 0 0 0 0 0 1 0.6000000000000001 0.6000000000000001 0.2 0 0 0 0 0 0.6000000000000001 0 0 0 0.6000000000000001 0 0.6000000000000001 0 0 0 0 0.2 0.6000000000000001 0 0 0 0.6000000000000001 0 0.4 0.6000000000000001 0 0 0 0 0 3.4000000000000004 0 0.2 2.6 4.4 2.4000000000000004 0 1.6 6.6000000000000005 1.2000000000000002 4.2 1.4000000000000001 0 0 0 1.2000000000000002 0 4.800000000000001 0 1.6 0 0.2 0 0 3.2 0 5.2 2.4000000000000004 0 0 0 0 9 0.4 0.2 0 0 0 0 0 0 0 0 0 0 0 0 0 0 0 0 0 0 0 0 0 0 0 0 0 0 0 0 0 0 0 0 0 1.6 0 0 0 0 0 0 0 0 0 0 0 1.6 4.6000000000000005 0 0.2 0 12.200000000000001 0 0 0.4 12.600000000000001 1.4000000000000001 2.6 0 0 0 0.8 0.8 5.2 0 0 0 0 0 0 0 0 0 0 0 0 0 0 3.2 0.4 0 0 0 0 6.6000000000000005 2 0 0 0 1.6 0 0 0 0 0 0 0 0 0 0 0 0 0 0 0 0 0 0 0 0 0 0 0 0 0 0 0 0 0 0 0 0 0 0 0 0 0 0 0 0 0 0.4 0 0.4 0.2 0.2 0.2 1 0 0 0 0 0 0 0 0 0 0 0 0 0 0 0 0 0 0 0 0 0 0 0 2.6 0 0 0 0 0 0 0 0 0 0 0 0 0 0 
 17.2 25.400000000000002 26.8 70.60000000000001 7.800000000000001 13.4 4.800000000000001 16.8 9 46.800000000000004 24.200000000000003 15.4 3.8000000000000003 8.6 17.6 8.4 0 24.200000000000003 8.4 87.60000000000001 0 0 0.4 0.2 0 0 0 0 0 0 0 0 31 0.4 0 0 0 0 15.200000000000001 3.6 0.6000000000000001 0 0 0 0 0 0 0 0.6000000000000001 0 0 0 0 0 0 0.6000000000000001 0 0 0 0.6000000000000001 0 0.6000000000000001 0 0 0 0 0 0.6000000000000001 0 0 0 0.8 0 0.6000000000000001 0.6000000000000001 0 0 0 0 0 6.4 5.2 13.8 4.2 0.2 4.6000000000000005 6.800000000000001 2.2 0.4 3.6 2.2 7.2 0 0 2.4000000000000004 0 7.4 0.4 1 3.4000000000000004 0.4 4 0 0 0 0 0.4 0 0 0 0 0 7.6000000000000005 3.4000000000000004 0 0 0 0.2 6 0 0 0 0 0 0 2.8000000000000003 0 0 0 0 0.2 0 2.4000000000000004 0 0 0 0 0 0 0 0 0 0 0 0 0 0 0 0 0 0 1.2000000000000002 0 0 0 0 0 0 0.6000000000000001 0 0.4 0 4 1 2 0 5 6.6000000000000005 2.6 0 3.2 2 0 2.4000000000000004 6.2 10.200000000000001 3.8000000000000003 2.8000000000000003 3 4.4 0 2.6 2.2 0 0 0 2.2 0.4 2.2 0 0 0 7 0 0 0 0 0 0 0 0 0 0 0 0 0 0 0 0 0 0 0 0 0 0 0 0 0 0 0 0 0 0 0 0 0 0 3.6 0 0 0 0 0 0 2.4000000000000004 0 0 0 0 0 0 0 0 0 0 0.2 17.6 0 0 17 3.8000000000000003 1 0 0 0 0 0 0 0 0 0 0 4 0 0 0 0 0 0 0 0 0 0 0 0 0 0 3.6 0 0 0 0 0 0 0 0 0 0 0 0 
 87.60000000000001 58.800000000000004 39.2 77 23 54.800000000000004 9.600000000000001 8.200000000000001 51 43 27.200000000000003 52.800000000000004 45.2 80.2 6.4 39.800000000000004 24.200000000000003 0 7.4 6 0.2 0 0 0.4 0 0.2 15.600000000000001 0 0 0 0 0 5.4 0.4 0 0 0 0 0 28 0.8 0 0 0 0 0 0 0.8 0.6000000000000001 0 0 0 0 0 0 0.6000000000000001 0 0 0 0.6000000000000001 0 0.6000000000000001 0 0 0 0 0.4 0.6000000000000001 0 0 0 0.6000000000000001 0 0.6000000000000001 0.6000000000000001 0 0 0 0 0 0 0 0 6.2 4.2 0 4.2 8.6 3.8000000000000003 4.6000000000000005 2.2 2 0 1.6 2.4000000000000004 0.6000000000000001 2.4000000000000004 4 0 0 0 0 0 0 4.800000000000001 0 2.8000000000000003 3 0 0 0 0 0 2.2 0 0 0 0 8.4 0 0 0 0 0 0 0 0 0 0 0 0 0 0 0 0 0 0 0 0 0 0 0 0 0 0 0 0 0 0 0 0 0 0 0.2 0 0 0 0 1 0 3.6 4.4 3.2 5.800000000000001 2.4000000000000004 0 3.6 0 2.8000000000000003 5.4 2.6 7.2 3 3.2 3 5.6000000000000005 5 3.4000000000000004 0 0 0 0 3 0 0 0 1.8 0 0 0 0 0 12.600000000000001 0 0 0 0 0 0 0 0 0 0 0 2.4000000000000004 0 0 0 0 2.2 0 0 0 0 0 0 0 0 0 0 0 0 0 0 0 0 0 0 0 0 0 0 0 0 0 0 2.6 0 0 0 0 0 0 0 0 0.2 18 0 17.8 0.4 0 0.6000000000000001 2.4000000000000004 0 0 0 0 0 0 0 0 0 0.2 0 0 0 0 0 0 0 0 0 0 0 0 0 0 3.8000000000000003 0 0 0 0 0 0 0 0 0 0 0 0 
 51.800000000000004 7.800000000000001 5.800000000000001 15 11 9.200000000000001 9.4 25.200000000000003 14 79.80000000000001 26.200000000000003 5.800000000000001 47.800000000000004 36.4 56.400000000000006 51 8.4 7.4 0 33.2 0 0 0 0.2 0 0.4 0 0 0 0 0 0 0.6000000000000001 0 0 0 15 0 0 0 0.6000000000000001 0 0 0 0 0 0.2 0 0.6000000000000001 0 0 0 0 0 0 0.6000000000000001 0 0 0 0.6000000000000001 0 0.6000000000000001 0 0 0 0 0 0.6000000000000001 0 0 0 0.6000000000000001 0 11 0.6000000000000001 0 0 0 0 0 2.2 0.2 0.2 2.8000000000000003 0.2 0 9 1.6 0 4 0.2 0 6.4 5.2 3.8000000000000003 3.8000000000000003 2.6 0.4 5.4 4.800000000000001 0 0 0 0 0 0 0 2 0 0 3 0 0 0 0 0 0 0 0 0 0 0 0 0 0 0 0 0 0 0 0 0 0 0 0 0 0 0 0 0 0 0 0 0 0 0 0 0 0 0 0 0 0 0 2.8000000000000003 0 0 0 0 0 1.6 3.2 1.8 0.2 0 0 3.2 0 0 0 0.4 0 5.800000000000001 0 6.4 0 5.6000000000000005 0 1.8 2.8000000000000003 0 0 4 0 0 0 0 0 0 0 0.2 0 0 0.2 0 0 1.2000000000000002 0 0 0 0 0 0 0 0 0 0 0 0 0 0 0 0 0 0 0 0 0 0 0 0 0 0 0 0 0 0 0 0 0 0 0 0 0 2 0 0 0 0 0 0 0 0 0 0 0 0.2 0 0 0 0 0.8 0.2 0 0 0 0 0 0 0 0 0 0 0 0 0 0 0 0 0 0 0 0 0 0 0 0 0 0 0 0 0 0 0 0 0 0 0 0 0 
 71.8 22 6.2 16.400000000000002 21.400000000000002 16.6 59.2 13.8 57 23.6 18.2 9.200000000000001 44 21.400000000000002 47.400000000000006 17.6 87.60000000000001 6 33.2 0 0 0.8 0.2 0.8 0.8 0.4 1.2000000000000002 0 0 0.2 0.8 0.4 0.8 1.4000000000000001 1 0 0 0.4 0 0 0.6000000000000001 0 0 0.2 0.8 1.4000000000000001 0.2 0 0.6000000000000001 0 0 0.6000000000000001 0 0 0.4 0.6000000000000001 13.200000000000001 1.2000000000000002 0 0.6000000000000001 0 0.6000000000000001 0 0 1.2000000000000002 0 0 0.4 0 0 1 1 0 0.4 0.6000000000000001 0.4 0.4 0 0 0 7.6000000000000005 0.4 9.4 2.2 0 0 7.2 5.800000000000001 1.6 8.4 0.4 0 6.4 0 6.6000000000000005 12.600000000000001 0 0.2 6.4 6 0.2 0 0 0 0 0 0.2 0 0 0 0 0 0 0 0 0 0 0 0 0 0 0 3.6 0 0 0 2 0 0 0 0 0 0 0 0 0 0 0 0 0 0 0 0 0 0 0 0 0 0.2 0 0 1.4000000000000001 0 0 0.6000000000000001 0 0 0 0 0 0 0 0 0.6000000000000001 0 0.2 8.4 4 3 0 2.8000000000000003 0 0 2.2 6.800000000000001 3.8000000000000003 4 0 1.2000000000000002 4.6000000000000005 0 0 0 0 0 0 0 0 0 0 0.4 0 0 0 0 0 0 0 0 0 0 0 0 0 0 0 0 0 0 0 0 0 0 0 0 0 0 0 0 0 0 0.2 0 0 0 0 0 0 0 0 0 0.8 0 0 0 0 0 0 0 0 0 2 0 0 0 0.6000000000000001 0.2 0 0 0.4 0 2 0 0 0.4 0 0 0 0 0 0 0 0 0 0 0 0 0 0 0 0 0 0 0 0 0 3.4000000000000004 0 0 0 0 0 0 0 0 0 0 0 0 0 
 0 0 0.8 11.600000000000001 15 11.600000000000001 0 0 0 0 15.4 12.4 0 0.2 0 0.6000000000000001 0 0.2 0 0 0 41.800000000000004 32 33.2 57.400000000000006 41 19.400000000000002 25.8 39.400000000000006 21.200000000000003 29.200000000000003 48.2 34.4 13.200000000000001 82.4 69.4 6.2 39 66 10.200000000000001 0 0 0 0 0.6000000000000001 0 0.4 0 0 0 0 0 0 0 0.4 0.6000000000000001 0 0 0.6000000000000001 0.4 0 0 0 0.6000000000000001 0 0 0 0 0.4 0 0 0.4 0 0 0 0.4 0 0 0 0.6000000000000001 0 0 0 0 0 8.200000000000001 0 0 0 1.6 0 0 0 0 0 0 0 0 0 0 5.800000000000001 6 1.6 1.8 0 0.4 2.6 2.4000000000000004 4 0 2 0 5.4 1.4000000000000001 4.4 1.4000000000000001 0 6.2 2.2 2.2 0 0 0 0 0 0 0 0 0.2 0 0 0 0 1.8 0 0 0 0 2.8000000000000003 0 0 0 0 0.8 0.6000000000000001 0.8 0 0 0 0 0 0 0 0 0 0 0 0 0 0 0 0 0.2 0 1.2000000000000002 0 0 0 0 0 1.8 0 0 1 0 0.2 0.4 0.2 0 0 3.8000000000000003 2.6 0.2 2.4000000000000004 6 0 3.8000000000000003 5.6000000000000005 2.6 5 1.6 2.4000000000000004 2.4000000000000004 2 0.6000000000000001 2.6 8.4 1.4000000000000001 4.2 1.6 0 0 0 0 0 0 0 0 0 0 0 0 2.4000000000000004 0 0 0 0 0 4.4 2.6 0 0 0 0 0 0 0 0 0 0 0 0 0 0 0 0 0.4 0 0 0 0 0 0 0 0 15.4 0 0 0 16.8 0 0 0 0.4 1.6 0 0 0 0.6000000000000001 0.6000000000000001 1.4000000000000001 0.4 2.4000000000000004 0 0 0 0 0 0 0 0 0 0.4 0 0 0 0 0 0 0 0 0 0 0 0 0 0 0 0 0 
 0 1.2000000000000002 0 0.4 15.200000000000001 0 0.4 0 0 0.4 0 15 0 0 0 0 0 0 0 0.8 41.800000000000004 0 82.60000000000001 33.800000000000004 7.6000000000000005 10 41.800000000000004 56 31 8.6 101.2 9.4 63.800000000000004 57.2 25.400000000000002 30.8 55 7.6000000000000005 80.80000000000001 23.6 0 0 0 0.6000000000000001 0.6000000000000001 0.4 0 0 0 0 0 0.2 41.2 0 0.8 0.6000000000000001 41.2 0 0.6000000000000001 0.4 2 0 0 0.6000000000000001 0 0.8 0 0 0.4 0 0 0 0.2 0 0.2 0.4 0 1.2000000000000002 0.2 0.6000000000000001 0 0 1 0 0 0 0 0 0 0 0.4 1.4000000000000001 0.4 0 0 0 0 0 0 0.2 5.2 7 3 4 0 0 0 13.8 4.4 0 2 0 2.8000000000000003 2.2 2.4000000000000004 0 2.6 0.2 0 4.800000000000001 0.4 0 0 0 0 0 0 0.2 0 0 0 0 0 2.4000000000000004 0 0 0 0 0 0 0 0 0 0 0 0.8 0 0 0 0 0 0 0 0.4 0 0 0 0 0 0 0 0 0 0 0 0.4 0 0 5 0 0.2 2.4000000000000004 0 0 0 0 0 0 0 0.2 7.6000000000000005 3.2 0.2 0 0 0 2 0 2.4000000000000004 0 5.800000000000001 0 2 17.2 8.6 3.2 1.8 0.4 0 5.6000000000000005 0 0 0 0.4 0 0 0 0 0 0 0 0 0 0 0 0 0 0 0 0 0 0 0 0 0 0 0 0 0 0 0 0 0 0 0 0 0 0 0 0 0 0 0 0 0 0 0 0 0 0 0 0 0 0 0.6000000000000001 0 0.4 15.200000000000001 15.4 0.4 3.6 0.4 0 0 0 0 0 0 0 0 0 0 0 0 0 0 0 0 0 0 0 1.4000000000000001 0 0 0 0 3.2 0 0 0 
 0.6000000000000001 0.8 0 0 21 0.2 0 0 0 0.4 0 0 0 0 0 0 0.4 0 0 0.2 32 82.60000000000001 0 59.800000000000004 23.8 26.200000000000003 63.800000000000004 33 33.2 34 89.80000000000001 39.2 13.200000000000001 24.6 16 71 59.800000000000004 17.400000000000002 45.2 25.400000000000002 0.4 0.2 0.6000000000000001 0.4 0.6000000000000001 1.8 0.2 0 0 0.2 0 0.4 9.4 0.8 0.8 1.8 0.4 0 13.4 1.2000000000000002 0 0 1.2000000000000002 0.6000000000000001 0 0 0 0 0.6000000000000001 0 0 0 0 1.2000000000000002 0 0.6000000000000001 0 0 0 0.6000000000000001 0 0 0 0 0.2 0.2 0 0 0 0 0 0 0 0 0 0 0 0 0 0 0 1.4000000000000001 6.800000000000001 0.2 4.800000000000001 1.8 0 3.8000000000000003 0.2 6.4 3 3.2 0 0 0.2 7 4 5.6000000000000005 0 0.2 2.2 0 0 0 0.2 0 1.6 0 0 0 0 0 1.8 7 0 0 0.4 0 0 1 0 0 0 0 0 0 0 0 0 0 1 0 0 0 0 0 0 0 0 0 0 0 0 0 0.2 0 0 0 0 0 0 0 0.8 2.6 0 0 0 0.2 0 0 10 2.4000000000000004 0 1.6 4.6000000000000005 3.4000000000000004 2.6 0.2 2.4000000000000004 0 2.2 6.2 1.6 0 0 4.800000000000001 4 6.800000000000001 0 0.2 0 0 0 0 0 1.2000000000000002 4.2 1.4000000000000001 0 0 0 0 9.200000000000001 5.6000000000000005 0 0.2 0 0 2.2 3.4000000000000004 0 0 0 0 0 0 0 0 0 0.2 0 0 0 0 0 0 0 0 0 0 0 0 0 0 0 0 0 0 0 0.2 0 0 0 0 1.6 0 0 0.8 0 0.4 0.6000000000000001 2.2 0 0 0 0 0 0 0 0 0 0 0 0 0 0 0 0.2 0 0.2 0 1.6 0 0 0 0 2.2 0 0 0 
 0 0.4 1.2000000000000002 0.4 5 0 0 0.2 0.4 0 0 0 0 0 0.4 0 0.2 0.4 0.2 0.8 33.2 33.800000000000004 59.800000000000004 0 26.8 38 22 29.200000000000003 29.8 97.2 135.8 10.8 13.4 29.200000000000003 13.600000000000001 10.8 15.600000000000001 31.400000000000002 21.8 26 0 0 0.8 0 0.6000000000000001 0 1 41.6 0.2 0 1.2000000000000002 0.2 25.8 0.2 0.4 1.2000000000000002 0 0 20.400000000000002 6.800000000000001 0 0 0 0.8 0 0.2 0 0 0.6000000000000001 0 0 0.8 0 0 0 0.4 0.8 0 0 0.6000000000000001 3.8000000000000003 0 0 0 0 0 0 0 0 0.2 0 0 0 0 3.8000000000000003 0 0 0 0 0 2.6 4.2 6.800000000000001 5 4.2 0 0 2.2 3.8000000000000003 7.4 3.2 12 0 0 3.4000000000000004 1.8 1.4000000000000001 6.800000000000001 0 0 3 0 0.2 0 0 0 1.4000000000000001 0 0 0 0 0 0 2.6 0.2 0.2 0 0 7.2 4.800000000000001 0 0 0 0 2.4000000000000004 0.6000000000000001 0 0 0 0 0 0 0 0 0 0 0 0 0 0 0 0 0 0 0 0 0 0 0 0 0 0 0.4 0.6000000000000001 0 0 0 0 0 0 4.2 0 0 1.8 0 6.800000000000001 0.6000000000000001 0 1.8 8.6 8.200000000000001 3.6 1.2000000000000002 0 0 6.6000000000000005 0 2.4000000000000004 4 0 0 6.2 2.4000000000000004 0 0 0 3.2 0 0 0 0 0 1.4000000000000001 1.8 0 0 0.2 0 5.800000000000001 8.200000000000001 0 0 4.800000000000001 0 0 0 0 4.2 0 0 0 0 3.8000000000000003 0 0 0 0 0 0 0 0 0 0 0 0 0 0 0.2 0 0 0 0 0 0 1 0 0.4 8.8 0 0 0.4 0.2 0 0 0 0 0 0 0 0 0 0 0 0 0 0 0.2 0 0 1.4000000000000001 0 0.2 0 0 0 0 2.2 0 0 0 
 0 0 0 0 0 0.8 0 0 0 0 0 6.2 0.2 0 0 0 0 0 0 0.8 57.400000000000006 7.6000000000000005 23.8 26.8 0 30.8 9.4 53 24.8 14.4 16.400000000000002 69.4 53.800000000000004 11.200000000000001 87 18 9.200000000000001 22 12.200000000000001 52.800000000000004 13 0 0 0 1.2000000000000002 0.6000000000000001 24.6 28.8 0.4 0 0.6000000000000001 0.6000000000000001 0 12.8 13 0.6000000000000001 0.8 13.200000000000001 1.2000000000000002 26.8 0 0.4 0 1 0.6000000000000001 0 0 0 0.6000000000000001 0.6000000000000001 0.6000000000000001 0 0 0 0.6000000000000001 7.2 0.6000000000000001 0.4 0 0.6000000000000001 0 0 0 0 0 0.4 0 0 0 0 0 0 0 0 0 0 0 0 0 0 6.4 4 5.800000000000001 5.800000000000001 2.8000000000000003 1.4000000000000001 3 0 1.8 0.4 0 0.4 0 0 0 2.6 2.6 2.6 0 0 6.2 4.800000000000001 1.2000000000000002 6.800000000000001 0 5.6000000000000005 1 2.4000000000000004 6.2 0 0 0 1.6 0.6000000000000001 0.2 6.800000000000001 1.2000000000000002 0 0.8 0 0 0 0 0 0 0 0 0 0 0 0 0 0 0 0 0 0 0 0.6000000000000001 0 0 0 0.6000000000000001 0 0 0 0 0 0 0 0.4 0 0 3.8000000000000003 0 0.4 0 0 0 0 0.4 0 0 6 11.600000000000001 1.2000000000000002 2.2 0 0 3.2 0 1 0 4.2 0 0 2.2 2.4000000000000004 0 0.6000000000000001 2.4000000000000004 0 0 0 0 0 0.2 7.2 0 5.4 0 0 0 9.4 4.2 6.4 0 0 0 9.4 0 0 0 0 0 0 0 0 0 2.2 0 0 0 0 0 0 0 0 0 0 0 0 0 0 0 0 0 0 0 0 0 0 0 0 2 0.6000000000000001 0 1 0.2 0.4 0 0.8 0 0 0 0 5.4 0 0 0 0 0 0 0 0.4 0 0 0 0 0 0 0.4 0.2 0 0 0 0 0 0 0 
 0 0 0 0.4 0 0 0 0 0 0.2 0 0 0 0 9 0 0 0.2 0.4 0.4 41 10 26.200000000000003 38 30.8 0 8 8 8.6 42.6 48.2 36.6 9.600000000000001 11.600000000000001 10.8 32.800000000000004 13.8 69 32.4 9.600000000000001 0.6000000000000001 0 0 0 0.6000000000000001 0 0.4 0.4 0 0 0.4 0 23.400000000000002 1.6 1.4000000000000001 0.6000000000000001 0.4 0 38 24.6 0 1.2000000000000002 0 0.6000000000000001 0.2 0 0 8 0.2 0 0 0 0 0 0.4 1 0 0.4 0 10.200000000000001 0 0 0 0 1.8 0 0 0 0 0 0.2 0 0 0 0 0 0 0 0 0 0 0 2.2 1.4000000000000001 3.2 3.4000000000000004 0 0 0 3.8000000000000003 2.8000000000000003 5 0 0 0 0 6.4 4.800000000000001 0 0 6 0 0 0 0 0 2.8000000000000003 0 0.6000000000000001 0.2 0 0 0 3 4.800000000000001 0 0 0 11.8 3 0 1.6 0 0 0 2.2 0 0 0.2 0 1 0.4 0 0 0 0 0 0 0 0.8 0 0 0 3.8000000000000003 0 0 0 0 0 0 0.2 0 1.8 0.2 0 0 0 0 0 0.2 0 0 0 5.2 1.2000000000000002 2.2 0 0 3.8000000000000003 1.8 10 15.4 0 0 0 6 0 5 0 0 0 3.8000000000000003 10.600000000000001 0 0 0 2.6 1 0 0 0 0 0.4 5.800000000000001 0 0.2 0 0.2 4.800000000000001 10.4 0 0 0 0 0 0 0 0 0 0 0 0 0 0 0 0 0 0 0 0 0 0 0 0 0 0 0 0 0 0 0 0 0 0 0.8 0 0.2 0.6000000000000001 0 2 0 1.8 0 0 0 0 4.4 0 0 0 0 0 0 0 0 0 0 0 0 3.4000000000000004 0 1.8 0 0 0 0 0 0 0 0 
 0 0.2 5.2 13.8 0.6000000000000001 15.600000000000001 0 0 0 1.2000000000000002 15.600000000000001 14.8 0 0.4 0 0.6000000000000001 0 15.600000000000001 0 1.2000000000000002 19.400000000000002 41.800000000000004 63.800000000000004 22 9.4 8 0 36.2 67.8 9.200000000000001 25.400000000000002 69.8 50 79.60000000000001 13.4 34.6 56.400000000000006 8 23.8 35 12.8 0 0 0 0.6000000000000001 0 4.2 0 0 40.400000000000006 0 0 0 0 0.4 0.6000000000000001 0 0 0.6000000000000001 0.4 0 0 0 0.6000000000000001 0 0 0 0 10.600000000000001 0 0 1.6 0 0 0 0.4 0 0 4.800000000000001 0.6000000000000001 0 0 0.2 3.8000000000000003 1.8 4.6000000000000005 0 0 0 0.4 0 1.8 0 2.6 0 0 0 2.8000000000000003 0 7.2 6.4 3.2 0.2 1.6 0 0.2 7.800000000000001 2.8000000000000003 0 0 0 0 0 0.8 1.8 0.2 9.600000000000001 0 0 9.600000000000001 0 0 0 0 0 0.2 0 0 0 0 0 0 0.2 0 0 0 0 0 0 0 0 0.8 0 0 0 0 0 0 0 0.6000000000000001 0 0.2 0.8 0.6000000000000001 0 0 3 0 0 0 0 0 0.6000000000000001 4.4 2.8000000000000003 2.8000000000000003 0 0 0.2 0 0 0 0 0 0 0 0 0 0 0 5.4 3.2 10.4 0 0 0 2.2 5.800000000000001 1.2000000000000002 0 0 0.2 2.6 8.200000000000001 5 7 2.4000000000000004 0 0 2.8000000000000003 0 0 0 0 2.6 0 0 0 0 0 0 0 0 0 0 0 0 0 0 0 2.6 0 0 0 0 0 0 0 0 0 0 0 0 0 0.2 2 0 0 0 0 0 0 0.4 0 0 0 0 0 0 16.400000000000002 0 0 0 0 1 0.2 0 0 15.200000000000001 0 0.4 0 0 0 0 0 0 0 0 0 0 0 0 0 0 0.8 0 0 0 0 0 5.2 0 0 0 0 0 0 0 0 
 0.6000000000000001 0.4 0 0 20.8 0.8 0 0 0 0 0 0 0 0.2 0 0 0 0 0 0 25.8 56 33 29.200000000000003 53 8 36.2 0 78 26.200000000000003 8.4 50.6 78.60000000000001 102 70.2 22.200000000000003 32.800000000000004 16.8 57 28.400000000000002 0 0 0 0 0.6000000000000001 0 0.4 0 0 0 0 0 40.800000000000004 0 0.4 0.6000000000000001 40.800000000000004 0 0.6000000000000001 0.4 0 0 0 0.6000000000000001 0 0.2 0 0 0.4 0 0 0 0 0 0 0.4 0 0 0 0.6000000000000001 0 0 0 0 0 5.6000000000000005 0 0 0 0 0 0 0 0 0 0.2 0 0 0 0 4.6000000000000005 1.6 3.8000000000000003 3 0 0 3 0 8.200000000000001 1.8 12.600000000000001 0 0 1.6 5.6000000000000005 2 0 3.4000000000000004 0 1.6 0 0 0 0 0 0 0 0.4 0.4 0 0 0 0 0 0 0 0 0 0 0 0 0 0 0 1 1.6 0 0 0 0 0 0 0 0 2.6 0 0 0 0 0 0 0 1.8 0 4.4 0 0 0 0 0 1.2000000000000002 0 0 0 0 0 0 0 0 3 1 0 1.8 3.2 0.6000000000000001 0.2 9.600000000000001 6.2 4.4 5.4 4 2.6 1.4000000000000001 2.8000000000000003 6 3.4000000000000004 3.2 0 4.6000000000000005 10.8 0 0 0 0 0 0 0 0 0 0.2 0 0 0 0 0 0 0 0 0 0 0 0 0 0 0 0 0 0 0 0 0 0 0 0 0 0 0.2 0 0 0 0 0 2 0 0 0 0 0 0 0 0 0 0 0.2 1.8 0.4 0.2 7.800000000000001 1.4000000000000001 0.6000000000000001 3 0 0 0 0 0 0.2 0 0 0 0 0 0 0 0 0 0 0 0 0 0 0 0 0 0 0 0.4 0 0 0 
 0 0 0 0 6.4 2.2 0 0 0 0 0 0 0 0.4 0 0.4 0 0 0 0 39.400000000000006 31 33.2 29.8 24.8 8.6 67.8 78 0 24.400000000000002 65.8 7.800000000000001 22.400000000000002 34.2 23.6 41.400000000000006 11.4 27 42.2 30.8 0.2 0 0 0 0.6000000000000001 0 0.2 0 0 0 0 0 13.200000000000001 0.4 0.4 0.6000000000000001 0 0 13.200000000000001 11.4 0 0 0 0.6000000000000001 0 0 0 0 0.4 0 0 0 0 0 0 0.4 0 0 0 0.6000000000000001 0 0 0 0 0 0 0 0 0 0 0 0 0 0 0 0 0 0 0 0 7.4 1.4000000000000001 4.4 3.6 0 0 3 4.2 5.2 1.8 7 0 0 0 9.8 1.2000000000000002 0 5.4 0 1.6 0 0 0 0 0 0.2 0 0 0 0 0 2.4000000000000004 0.2 0 0 0 0 0 9.200000000000001 3 0 0 0 0 1.4000000000000001 0.6000000000000001 0 0.2 0 0 0 0 0 0.2 0 0 0 0 0 0 0 0 2 0 0 0 0 0 0 0 1.2000000000000002 0 0 0.2 0 0 0 0 0 0 3.6 4.4 0 8.8 3.8000000000000003 0.4 3 4.2 2.2 5.800000000000001 7 2 3.2 4.800000000000001 12 12.200000000000001 1.4000000000000001 0 3.4000000000000004 0.4 0 3.6 5.4 0 0 0 0 0 0 0 0 0.4 0 0 0 0 0 0 0 4.2 0 0 0 0 0 0 0 4.2 1 0 0 0 0 0 0 0 0 0 0 0 0 0 0.6000000000000001 0 0 0.2 0 0 0 0 0 0 0 0.2 1.4000000000000001 0 0 1.6 35 0.2 2.6 0 0 0 0 0 0 0 0 0 0 0 0 0 0 0 0 0 0 3.4000000000000004 0 0.2 0 0 0 0 4.6000000000000005 0 0 0 
 0.4 0.6000000000000001 0 0 0 0 0 0 0 0 0.2 0.2 0 0 0 0 0 0 0 0.2 21.200000000000003 8.6 34 97.2 14.4 42.6 9.200000000000001 26.200000000000003 24.400000000000002 0 72.8 6 12.4 12.600000000000001 38 22.200000000000003 10.600000000000001 51 16 15 0 0 0.4 0.4 0.6000000000000001 0 0.2 0 0 0 1.2000000000000002 0.2 17 0.2 42 0.6000000000000001 0 0 19.400000000000002 16.6 0 0.8 0 0.6000000000000001 0 0 0 0 0.2 0 0 0 0 0 0 0.4 0 0 0 0.6000000000000001 0 0 0 0 0 0 0 0 0 0 0 0 0 0 0 0 0 0 0 0 1.4000000000000001 0 3.4000000000000004 5.4 12.4 0.8 0 1.4000000000000001 2 5.6000000000000005 4.6000000000000005 7.2 0 0 1.2000000000000002 0 1.6 2 0 0 1.8 0 0.2 0 0 0 1.6 2.4000000000000004 0 0 0 0 0 1.4000000000000001 0 0.2 0 0 16.6 2.4000000000000004 0 0 0 0 0.8 0.2 0 0 0 0 0 0 0 0 0 0 0 0 0 0 0 0 0 0 0 0 0 0 0 0 0 0 0.8 0 0 0 0 0 0 0 1.8 2.6 0 3 0 4.800000000000001 0 0 3.2 7.800000000000001 10.600000000000001 4.2 0 0 0 7.800000000000001 0 3.2 2 0 0 2.6 5 0 0 0 2 1.6 0 0 0 0 3.4000000000000004 3.8000000000000003 0 0.2 0 0 8.8 3.6 0 0 0 0 0 0 0 4.2 0 0 0 0 3.2 6 0 0 0 0 0 0 0 0 0 0 0 0 0 0 0 0 0 0 0 0 2.4000000000000004 0.2 0 0.6000000000000001 0 0.6000000000000001 0.4 0.4 0 0 0 0 0.2 0 0 0 0 0 0 0 0 0 0 0 0 1 0 0 0 0 0 0 0 0 0 0 
 0.4 0.6000000000000001 0.8 0.8 0 0 0 0 0 0 0 0 0 0.2 0 0 0 0 0 0.8 29.200000000000003 101.2 89.80000000000001 135.8 16.400000000000002 48.2 25.400000000000002 8.4 65.8 72.8 0 51.6 10.4 6.2 40.800000000000004 20.400000000000002 48.400000000000006 52.800000000000004 49.6 28 0 0 0 0.8 0.6000000000000001 0 12.600000000000001 0 0.2 0 0.8 11.4 12.200000000000001 11.8 0.4 16.2 0 0 0.8 0.6000000000000001 0 0.2 0 0.6000000000000001 0 0.8 0 0 0.2 0 0 0 0 0 0 0.4 10 0 0 0.6000000000000001 0.2 0 0 0 0 0 0 0.2 0 0.2 0 0 0.2 0 0 0 0 0 0 0.2 5.4 0 0 0.4 6.800000000000001 2.8000000000000003 3.2 11.600000000000001 4.2 4.4 4.2 2.2 0 0 0 0.2 0 5 0 0 0.2 3.8000000000000003 0 2.8000000000000003 0 0 7 2.2 3.8000000000000003 0 0 0 0 2 2 0 2.6 0 12.600000000000001 0 0 0 0 0 3.8000000000000003 0 0 0 0.4 0 1.8 0 0 0.4 0.4 0 0 0 0 0 0 0 4.2 0 0 0 0 0 0.8 0 1 0 0 0 0 0 0 0 0 0.4 0 4.800000000000001 2 9.8 0.4 9.600000000000001 2 6.800000000000001 1.8 2.2 3.8000000000000003 8.4 0 5 7.2 0 1.8 4.2 0 1.8 0 6 5.2 0.2 0 0 1.2000000000000002 0.2 0 4.2 0 0 6.800000000000001 2.2 1.8 4.2 0 0 6.2 1.2000000000000002 0 0 0 0 0 0 0 0 0 4 0 0 0.2 0 0 0.4 0 0 0 0 0 0 0 0 0 0 0 0 0 0 0 0 0 0 2 0 0.4 1.8 2 0.2 2.4000000000000004 2 0 0 0 0 0 0 0 0 0 0 0 0 0 0 0.2 0 0 0 0 2.4000000000000004 0 0 0 0.8 0 0 0 0 
