 0 17.8 49.400000000000006 11.8 10 8.200000000000001 88.60000000000001 45.2 11.4 6.2 7.2 8.8 11.200000000000001 59.6 10.600000000000001 8.8 9.200000000000001 7 18.2 27 0 0 1.2000000000000002 0 0.6000000000000001 0.6000000000000001 0 0 0 0.6000000000000001 0.8 0 0.4 1.2000000000000002 0.2 0.6000000000000001 0.6000000000000001 0.4 0.4 1.2000000000000002 0 1.2000000000000002 1.8 0.4 0.6000000000000001 0 0.4 0.6000000000000001 0 0.4 0 0.4 0 0.6000000000000001 0 0 0 0 0 0 0 0 0.6000000000000001 0 0 0.6000000000000001 1 0 0.4 0.2 0 0 0.4 0.2 0 1.2000000000000002 0 0 0 0.4 1.8 1.6 2.8000000000000003 3.2 0.4 0 2.8000000000000003 0 0.2 6.2 9.4 4.4 2.8000000000000003 0 0 1.8 2.8000000000000003 4.800000000000001 0 0 0 0 0 0 0 0 0 0 0 0 0 0 0 0 0 0 0 1.8 0 0 0 0 0 0 0 0 0 0 0 0 0 0 0 0 0 0 0 0 1.6 2.8000000000000003 0 0 0 0 0 0 0 1 0 3.4000000000000004 0 0 0 0 0 0 0 0 0 0.2 0 4 0 0 2.8000000000000003 0.2 2.8000000000000003 0 4.800000000000001 0 0.4 0 0 1.8 2.6 0 0 0 0.8 2.2 0 0 0 0 0 0 0 0 0 0 0 0 0 0 0 0 0 0 2.4000000000000004 0 0 0 0 0 0 0 0.2 0 0 0 0 0 0 0 0 0 0.4 0.2 0 0 2.2 0 0 0 0 0.4 0 0 0 0 0 0 0 0 0 0 0 0 0 0 0 0 0 0 0 0.8 17.6 0 0.2 0 0 1.4000000000000001 0 0 0 0 0 0 0 0 0 0 2 0 0 0 0 0 0 0 0 0 0 0 0 2 0 0 0 0 0 0 0 0 0 0 0 0 0 0 
 17.8 0 20.8 74.60000000000001 28.400000000000002 23.8 39.2 47.2 51.6 47.2 22.8 84.60000000000001 15.4 12.600000000000001 12.600000000000001 25.200000000000003 66.60000000000001 4.2 10 8.200000000000001 0.6000000000000001 0.6000000000000001 0.4 0.6000000000000001 0 0.8 15 0 0 0 0 0 3.2 1 0.4 0 0.6000000000000001 0 15.200000000000001 0.6000000000000001 0 0 0 0 0 0 0 0.6000000000000001 0 0 0 0 0 0 0.2 0 0 0 0 0 0 0 0.6000000000000001 0 0 0 0 0.2 0.6000000000000001 0 0 0 0.4 0.6000000000000001 0.2 0 0 0 0 7 0 0 3 2.2 7.2 3.6 0 3.4000000000000004 4.800000000000001 1.4000000000000001 6 2.8000000000000003 0 3 3.4000000000000004 10.4 4.2 3.4000000000000004 6 0 0 0 0.2 0 0 0 0 0 0 0 0 0 4.4 0.2 0.2 0 0 0 0 3 0 0 0 0 2.4000000000000004 0 0 0 0.2 0 0 0 0 0 0 0 0 0 0 0 0 0 0 0 0 0 0 0 0 0.2 0 0 0 0 0 0 0 0.4 0 0 3.2 0 2.8000000000000003 6.2 2.6 0 0 2.2 2.2 6.2 0.2 0 0 0 0 0.8 4 1.8 0 0 0 0 0 0 0 0 5 0 0.4 0 0.4 0 1.4000000000000001 0.4 2.6 0 0 0 0 3 0.2 0 0 0 0 0.2 0 0 0 0 0 0 0 0 0.2 0 0 0 0 0 0 0.4 0 0 0 0 0 0 0 0 0 0 0 0 0 0 0 0 0 0 0 3.6 0 0 0 0 0 0 0.2 18.2 0 5.6000000000000005 0 0 0.4 0 0 0 0 0 0 0 0 0 0 0 0 0 0 0 0 0 0 0 0 0 2.8000000000000003 0.2 0 0 0 0 0 0 0 0 0 0 0 0 
 49.400000000000006 20.8 0 79.2 5.800000000000001 52.400000000000006 53 21.200000000000003 16.2 47.400000000000006 25.200000000000003 10.4 8.8 114.2 53.400000000000006 29.200000000000003 38 40.2 3.4000000000000004 4.4 0 0 0.4 0 0.4 0.6000000000000001 0 0 0 15 0 0 0 0.6000000000000001 0.4 0 0.6000000000000001 0 0.4 1 0 0 1.4000000000000001 0 0 0 0 0.6000000000000001 1.6 0 0 0 0 0 0.2 0 0 0 0 0 0 0 0.6000000000000001 0 0 0 0 0.4 0.4 0 10.4 0 0.4 0 0 0 0 0 0 0.4 3.4000000000000004 4 3 0 4 0 0 2.4000000000000004 2.4000000000000004 6.4 5.6000000000000005 0 3.2 8.200000000000001 2 0.2 4.6000000000000005 0 0 0 0 0 0 0 0 0 0 0.6000000000000001 0 0 0 0 0 0 0 0 0 0 1.8 0 0 0 0 0 0 0 0 0 0 0 0 0 0 0 0 0 0 0 0 2 0 0 0 0 0 0 0 0 0 0 0 0 0 0 0 0 0 0 0 0 5.4 5 3 2 0 0 1.2000000000000002 2 6.4 0 2 2.2 0 0 4.2 5.800000000000001 0.8 0 0 5.800000000000001 0.2 0 0 0 0 0 0 0 0 0.4 0 0 0 0 0 0 0 0 2.2 0.4 0 0 0 0 1.2000000000000002 0 0 0 0 0 0 0 0 0 0 0 0 0 0 0 0 0 0 0 0 0 0 0 0 0 0 0 0 0 0 0 0 0 0 0 0 0 0 0 0 0 36.2 0 0.2 17.6 0 0 0 0 0 0 0 0 0 0 0 0 2.2 0 0 0 0 0 0 0 0 0 0 0 0 0 0 3.8000000000000003 0 0 0 0 0 0 0 0 0 0 0 0 
 11.8 74.60000000000001 79.2 0 54.6 63.800000000000004 29.8 35.2 36.4 26 37.4 69.2 10 13.8 12.4 65.8 8.8 73.2 12 17 6 0 0.4 0 0 0.6000000000000001 0.4 0.6000000000000001 0 0 0 0 31.8 13.600000000000001 15 0 1 0.2 3.8000000000000003 1 0 0 0 0 0 0 0 0.6000000000000001 0 0 0 0 0 0 12.600000000000001 0 13 0 0 0 0 0 9.4 0 0 0 0 0 0.6000000000000001 0 0 9 0.4 7.800000000000001 0.2 0 0 0 0 0.4 0 0 3 3.4000000000000004 10.600000000000001 10 0 0 0 2 3.6 8.200000000000001 0 5.4 3.8000000000000003 0 4.6000000000000005 1.8 0 0 2.4000000000000004 7 0 8.4 0 0 1.8 3.8000000000000003 0.4 0 0 0 4.800000000000001 7.2 0 0 0 0 4.6000000000000005 0 0 0 0 0 0 0 0 0 0 0 0 0.2 0 0 0 0 0 0 0 0 0 0 0 0 0 0 0 0 0 0 0 0 0 0 0 0 0 0 0.4 2.2 4.6000000000000005 0 4.2 0.2 1.8 8.6 0 0 2.6 0 0.4 3 0 0 0 2 0 0 0 0 4.800000000000001 0 0 0 0 0 0 2.8000000000000003 4.4 1.8 0 0 5.4 1.8 6.2 6 0 4 2.6 1.8 0 0 0 0 0 0 1.4000000000000001 0 0 0 0 0 0 0 0 0 0 0 0 0 0 1.2000000000000002 0 0 0 0 0 0 0 0 0.4 0 0 0 0 0 0 0 0 0 0 0 0 0 0 0.4 0 0 0 17.6 0.8 1.6 0 0 0 0 0 0 0 0 0 0 0 0.4 0 0 0 0 0 0 0 0 0 0 0 0 0.2 0 0 0 0 0 0 0 0 0 0 0 0 0 
 10 28.400000000000002 5.800000000000001 54.6 0 61.2 10.8 13.600000000000001 35 52.800000000000004 13.600000000000001 38.6 10.200000000000001 59.400000000000006 66 64.2 16.400000000000002 68.4 48.400000000000006 15 14.600000000000001 0 0.8 0.6000000000000001 0.2 1 31 15.8 0.2 0 0 0 4 0.8 15.200000000000001 15.4 17.2 0 14.8 19 0.4 0.4 0 0.8 12.200000000000001 0 0 0.6000000000000001 0 0.4 12.200000000000001 0 0 0 0.2 0 12.200000000000001 0 0 0 0 0 0.4 0 0 0 0.2 0 0.6000000000000001 0 0 0 0.4 0 0.4 0 0 0 0 9.200000000000001 3.4000000000000004 0 4.4 5.6000000000000005 6.2 13 0 0.4 1.8 0 0 3.4000000000000004 0 9.600000000000001 4.4 2.2 0.2 5.6000000000000005 0 0 0 4.2 0 0 0 0 1.4000000000000001 0 0 5.4 0.4 0 0.2 10.4 0 0 2.8000000000000003 0 0 0 0 0 0 0 0 0 0 0 0 0.2 0 0 0 0 0 0.2 0 0 0 0 3 0 0 0 0 0.4 0 0 0 0 0 3.2 0 0 0 0 0 0 0 0 0 0 0.6000000000000001 2 0.4 6.2 0 2.2 0 0 4.2 4 0 0 0 0 2.6 2.4000000000000004 0 0 6 0 0 0.2 0 0 0.4 2 2.8000000000000003 0.2 0 0 2.8000000000000003 0 0 0 0 7.4 0 3.4000000000000004 0 0 0 0 0 0 0 0 0 0 0 0 0 0 0 0 0 0 0 0 0 0 0 0 0 0 0 0 0 0 0 0 0 0 0 0 0 0 0 0 0 0.4 0 0 0 0.4 0 0 17.8 2.2 0 1.6 3.4000000000000004 0 0 0.2 0 0 0 0 0 0 0.2 0 0 0 0 0 0 0 0 0 0 0 0 1.6 0 4.6000000000000005 0 0 0 0 0 0 0 0 0 0 0 0 
 8.200000000000001 23.8 52.400000000000006 63.800000000000004 61.2 0 26 42.6 13.200000000000001 8.6 51.400000000000006 13 3.4000000000000004 28.400000000000002 21.200000000000003 78 35 28 7.6000000000000005 10.8 0 4 0.4 0 0 0.6000000000000001 0 0 0 14.600000000000001 0 0 14.8 0.6000000000000001 0.2 0.2 0.6000000000000001 0 22.6 1.2000000000000002 0 0 0 0 0 0 0 0.6000000000000001 0.6000000000000001 0 0 0 0 0 0.4 0 0 0 0 0 0 0 0.2 0 0 0 0 0 0.6000000000000001 0 0 0 0.4 8.4 0.6000000000000001 0 0 0 0 0.4 1.6 2.2 6.2 3 0.6000000000000001 0 0 0 2.4000000000000004 0 10.4 2.6 0.2 0.2 0 7.6000000000000005 9.600000000000001 4.800000000000001 0 0 1.4000000000000001 0 0 0 0 0 1.6 1.8 0 1.8 0 0 4.2 0 0.2 0 0.4 0 9.200000000000001 1.8 0 0 0 0 0 0 0 0 0 0 0 0 0 0 0 0 0 0 0 0 0 0 0 0 0 0 0 0 0 0 0 0 0 0 0 0 0 0 0 0 0 3.2 0 3 0 0 0 2.2 5 1.8 2.2 0.6000000000000001 0 0 0 0 3 6.6000000000000005 0 0 0 2 0 2.8000000000000003 3 0 1.2000000000000002 0 3.2 3.4000000000000004 0 0 0 0 2.8000000000000003 2.8000000000000003 2 0 10.200000000000001 3 0 0 0 0 0 0 0 0 0 0 0 0 1.8 0 0 0 0 0 0 0 0 0 0 0 0 0 0 0 0 0 0.4 0 0 0 0 0 0 0 0 0 0 0 0 0 0 0.8 0 0 0.2 18.400000000000002 2.2 3.4000000000000004 0 0 0 0 0 0 0 0 0 0 0 0 0 0 0 0 0 0 0 0 0 0 0 0 3.6 2.8000000000000003 0 0 0 0 0 0 0 0 0 0 0 0 
 88.60000000000001 39.2 53 29.8 10.8 26 0 42.400000000000006 71.2 8.8 9.600000000000001 7.800000000000001 42.800000000000004 81.2 13.200000000000001 25.6 12 65 11.4 9.200000000000001 0 0.4 0.4 0 4.4 1.2000000000000002 0 0 0 0 0 0.2 0 1 1 0 0.6000000000000001 0 0 0.6000000000000001 1 0.4 1.4000000000000001 0.4 0 0 0 0.6000000000000001 0 0 0 0 0 0 13 0 0 0 0.6000000000000001 0 0 0.6000000000000001 0.4 0.2 0 0 0 0.4 7 0.4 0.2 0 0.6000000000000001 8 0.6000000000000001 0 0 0 0 0.8 2.8000000000000003 0 0 0 0 0.2 8 0 8 4.2 3.8000000000000003 2 2.8000000000000003 4.4 2.8000000000000003 0 0 1.8 11.200000000000001 1.6 0 0 0 0 0 0 0 0 0 0 0 0 0 0 0 0 0.2 0 0 0 0 0 0 0 0 0 0 0 0 0 0 0.4 0 0.4 0 0 0 0 0 1.2000000000000002 0 0 0 0 0 0 0 0.2 0 1 0 0 0 0 0 0 0 0 0 0 1.4000000000000001 10 2.6 1.4000000000000001 0 2 4 3.4000000000000004 0 0 3.8000000000000003 1.8 1.8 0.2 0 2.8000000000000003 2 2.2 2.2 0 0 0 0 0 0 0 0 0 0 0 0 0 0 0 0 0 0 0 0.4 0 0 0 0 4.2 0 0 0 0 0 0 0 0 0 0 0 0 0 0.2 0 0 0 0 0 0 0 0 0 0 0 0 0.2 0 0 0 0 0 0 0 0 0 0 0 0 0 0 0 0.8 0.4 0 0 0 0.4 2.8000000000000003 0 0 0 0 0 0 0 0 0 0.6000000000000001 0 0 0 0 0 0 0 0 0 0 0 0 2.4000000000000004 0 0 0 0 0 0 0 0 0 0 0 0 0 0 
 45.2 47.2 21.200000000000003 35.2 13.600000000000001 42.6 42.400000000000006 0 52.400000000000006 6.800000000000001 10 26.400000000000002 19.8 98.4 61.2 24.6 25.6 4 28.400000000000002 8.8 0 0 0.8 0 0.4 0.6000000000000001 0 0 0.6000000000000001 0 0 0 0 0.6000000000000001 0.8 0 1.2000000000000002 0.4 14.600000000000001 0.8 1.4000000000000001 0.4 0.2 0 0 0 0 0.6000000000000001 0 0 0 0 0.6000000000000001 0 1 6 0 0 0 0 0 0.2 0.6000000000000001 0 0.6000000000000001 0 1.4000000000000001 0 0.6000000000000001 0 0 0 0.4 0 0 0 0 0 0 0.6000000000000001 8 8 4.2 0.2 3.8000000000000003 0 2.6 0 0 4 7.2 2 6.2 0 3.6 8.8 4.2 8 0 7 0 0 0 0 0 2.2 3.8000000000000003 0 0 0 0 4 16 0 0 0 0.2 0 3.4000000000000004 0 0 0 0 0 0 0 0 0 0 0 0 0 0 0 0 0 0 0 0 0 0 0 0 0 0 0 0 1 0 0.6000000000000001 0 0 0 0 0 0 0 0 0 0 0 0.8 0.2 2.6 0 0 2 0 9.200000000000001 2.8000000000000003 0 0 3 2.8000000000000003 5.4 2 2.8000000000000003 3.8000000000000003 2.8000000000000003 0 0 0 0 0 0 0 0 0 0 0 0 0 0 0 0 0 0 0 2.8000000000000003 0 0 0 0 0 0 0 0 0 0 0 0 0 2 0 0 0 0 0 0 0 0 0 0 0 0 0 0 0 0 0 0 0 0 0 0 2.4000000000000004 1.2000000000000002 0 0 0 0 0 0 0 0 0 18 0 0.2 0.4 0.4 1.8 0 0 0 0 0 0 0 0 0 0 0 0 0 0 0 0 0 0 0 0 0 0 0 0 5.2 0 0 0 0 0 0 0 0 0 0 0 0 0 
 11.4 51.6 16.2 36.4 35 13.200000000000001 71.2 52.400000000000006 0 32.6 48.6 6.4 34.2 121.4 29.200000000000003 41.800000000000004 23 9 10 13.200000000000001 0 0 0.4 0 14.4 1 12.8 0.4 0.2 0 0 0 46.400000000000006 0.6000000000000001 0 0 0.6000000000000001 0 9.600000000000001 0.6000000000000001 0 0 0 0 0 0 0 0.6000000000000001 0 0 0 0 0 0 0.4 0 0 0 0 0 0 0 0.4 0 0 0 10.200000000000001 0 0.6000000000000001 0 0 0 0.4 0 0.6000000000000001 0 0 0 0 9.600000000000001 0 2 6 3 8.200000000000001 1.4000000000000001 1.6 3.8000000000000003 1.6 0.2 6.2 9.8 0 2.8000000000000003 6.2 7 10.8 3.2 2.6 0.2 0 0 0 2.2 0 0 2.6 1.8 2.6 0 0 0 2.6 0 0 0.4 0 0.4 4.4 0 0 0 0.4 0 0 0.2 0 0 0 0 0 0 0 0 0 0 0 0 0 0.4 0 0 0 0.4 0 0 0 0 0 0 0 0 0 0 0 0 0 0 0 0 5.2 2.2 5.800000000000001 7.800000000000001 2.2 0 0 1.8 3.4000000000000004 5.800000000000001 1.8 0 0 0 1.2000000000000002 2 9.600000000000001 1.8 0 0 0 0 0 0 0.4 0 0 0 0 0 0 0 0 0 3.6 0 2.4000000000000004 0.2 2.2 2.6 0 0 0 0 0 0 0 0 0 0 0 0 0 0 0 0 0 0 0 0 0 0 0 0 0 0 0 0 0 0 0 0 0 0 0 0 0 1.2000000000000002 0 0 0 1 0 0 0 0 0 0 0.2 17.400000000000002 0.4 2.2 0 0 0 0 0 0 0 0 0 0 0 0 0 0 0 0 0 0 0 0 0 0 0 0 6.6000000000000005 2.8000000000000003 0 0 0 0 0 0 0 0 0 0 0 0 
 6.2 47.2 47.400000000000006 26 52.800000000000004 8.6 8.8 6.800000000000001 32.6 0 84.80000000000001 9.600000000000001 28 77.80000000000001 54 34.800000000000004 10.4 29.8 8.8 20.8 0.8 0 0.4 0 0.2 0.6000000000000001 3.4000000000000004 0 0 0 0.2 0 14.600000000000001 36 0 0 0.6000000000000001 0.2 0.2 57.400000000000006 0 0 0.2 0 0 0 0 0.6000000000000001 0 0 0 0 0.4 0 13.200000000000001 0 0 0 0 0 0 0 0.2 0 0 0 0 0 0.6000000000000001 0 0 0 0.4 0 0.6000000000000001 0 0 0 0 0.4 12.4 2.8000000000000003 7 6.2 6.6000000000000005 1.2000000000000002 0 7.6000000000000005 0 2 9.600000000000001 0 3.6 3.6 3.8000000000000003 4.2 4.4 0 0 0 0 1.4000000000000001 0 0 0 0 0.2 0 0 0 0 0 2.4000000000000004 0 0 0.2 0 0.2 1.4000000000000001 2 0 0 0.2 0 0 0.4 0 0 0 0 0 0 0 0 0 0 0 0 0 0 0 0 0 0.2 0 0 0 0 0 0 0 0.8 0 0.4 0 0 0 0 0 0 9.4 4.800000000000001 3.8000000000000003 2 0 0.8 5.4 4 3.8000000000000003 0 2.2 0 4.4 3.6 6.800000000000001 6.800000000000001 0 5.2 0 2.2 2.6 0 0 3.8000000000000003 0.2 3.4000000000000004 4.4 0 0 0 0 0 0 2.4000000000000004 2.2 0 0 0.4 0.6000000000000001 0 0 0 0 0 0 0 0 0 0 0 0 0 0 0 0 0 0 0 0 0 0 0 0 0 0 0 0 0 0 0 0 0 0 0 0 0 0 0 0 0 0 0 0 0 0 0.6000000000000001 20.400000000000002 0 0.4 17.400000000000002 0 2 0 0 0 0 0 0 0 0 0 0 0 0 0 0 0 0 0 0 0 0 0 0 0 1.6 2.4000000000000004 0 0 0 0 0 0 0 0 0 0 0 0 0 
 7.2 22.8 25.200000000000003 37.4 13.600000000000001 51.400000000000006 9.600000000000001 10 48.6 84.80000000000001 0 44 6.800000000000001 53.6 34.2 31.6 38.2 65.60000000000001 6.4 12.600000000000001 0.4 0.8 0.4 0 0.2 0.6000000000000001 14.600000000000001 0 0 0 0.4 0 0.2 20.6 11 0.8 0.6000000000000001 0.4 14.8 5.800000000000001 0 0 0 0 0 0 0 0.6000000000000001 0 7 0 0 0 0 0.2 0 0 0 0 0 0 0 1.4000000000000001 0 0 0 0 0 0.4 0 0 0 0.4 0 0 0 0 0 0 0.4 0.4 0 2.4000000000000004 0 6.2 0 0 0 0 0 2 0 0 0 3.6 4.800000000000001 2.2 3 0 0 4.800000000000001 7.2 0 10.600000000000001 0 0.2 1.8 1.6 0 0 0 0 8.8 3.6 0 0 0 0 4.6000000000000005 7.4 0 0 0 0 0.2 0 0 0 0 0 0 0 0 0 0 0 0 0 0 0 0 0 0 0 0 0 0 0 0 0 0 0 0 0 0 0 0 0 0 0 0 0.2 1.2000000000000002 2.4000000000000004 0 10 0 2.4000000000000004 5 3 4.4 0 0 0 1.4000000000000001 0.4 3.8000000000000003 2.4000000000000004 0 0 4.6000000000000005 0 0 0.4 0 0 17 4 6 1.6 0 0 3.8000000000000003 2.4000000000000004 3.6 0.2 0 0 9.4 5.4 0 0 0 0 0 0 0 0 2.4000000000000004 0 0 0 2 0 0 0 0 0 0 0 0 0 0 0 0 0 0 0 0 0 0 0 0 0 0 0 0 0 0 0.4 0 0 4.4 0 0 1 0.4 0.2 0 0.2 0 2.4000000000000004 0 0 0 0 0 0 0 0 0 0 0 0 0 0 0 0 0 0 0 0 0 0 0 0 5.4 5 0 0 0 0 0 0 0 0 0 0 0 0 
 8.8 84.60000000000001 10.4 69.2 38.6 13 7.800000000000001 26.400000000000002 6.4 9.600000000000001 44 0 5.4 27.400000000000002 11.4 27.200000000000003 15.4 22.6 47.400000000000006 6.4 0 15.200000000000001 0.4 0 0.2 0.6000000000000001 0.2 0 0 0 0 0 15 14.8 0.4 14.8 0.6000000000000001 0 7.6000000000000005 6 0 0 0.6000000000000001 0 1.6 0 0 0.6000000000000001 0 0 0 0 0 0 0.4 0 0 0 0 0 0 0 1 0 0 0 0.2 0 0.2 0 0 6.4 0.6000000000000001 0 0 0 0 0 0 11 2.4000000000000004 1.6 5.800000000000001 7.800000000000001 4.4 2 0 0 3.6 0.4 5.800000000000001 3.4000000000000004 0 0 1.6 8.4 3.2 5.800000000000001 1.8 0 1.6 2.6 0 0 0 0 0 2.8000000000000003 0 0 0 0 5.4 0 0 0 0 1.4000000000000001 0 0.8 0 3.2 0 0 0 0 0 0 0 0 0 0 0 0 0 0 0 0 0 0.2 0 0 0 0 0 0 0 0 0 0 0 0 0 0 0 0 0 0 0 0 0 0 0 0 2 5.4 0 2.6 1.8 3.8000000000000003 7.2 7.4 0 0 0 0 3.6 2.4000000000000004 0 0 2.8000000000000003 0 0 0 0 0 0.2 4.4 0 1.2000000000000002 0 0 2.2 0 5 0 2 0 7.4 5.4 0 0 0 0 0 0 0 0 0 0 0 0 0 0 0 0 0 0 0 0 0 0 0 0 0 0 0 0 0 0 0 0 0 0 0 0 0 0 0 0 0 0 0 0 0 0.8 0 0 0.2 0.4 0 0 0 2.6 0 0 0 0 0 0 0 0 0 0 0 0 0 0 0 0 0 0 0 0 0 0 0 2.8000000000000003 0 3.2 0 0 0 0 0 0 0 0 0 0 
 11.200000000000001 15.4 8.8 10 10.200000000000001 3.4000000000000004 42.800000000000004 19.8 34.2 28 6.800000000000001 5.4 0 14.4 11 27 10.4 23 21 27.400000000000002 0 0 0.8 0 4.2 0.6000000000000001 0 0 0.2 0 0.2 0 0.6000000000000001 0.6000000000000001 0 0 0.8 0 0 0.6000000000000001 0 0 0 0 0 0 0 0.6000000000000001 0 0 0 0 0 0 21.8 0 0 0.4 0 0 0 0 0.6000000000000001 0 0 0 0 0 7.4 0 0 0 0.4 0 0.2 0 0 0 0 0.4 7.4 4.800000000000001 0 0 4.2 0 9.600000000000001 0 3.2 0 0 2.8000000000000003 3.2 2.6 8.4 0 2 0 6.6000000000000005 0 0 0 0 0 0 0 0 0 0 2.4000000000000004 0 0 0 0 0 0 0 5.6000000000000005 0 0 0 0 0 0 0 0 0 0 0 0 0 0 0 0 0 3.2 0 0 0 0 1 0 0 0 0 0 0 0 0 0.6000000000000001 0 0 0 0 0 0 0 0.8 0 0.2 4.4 2 3 7.2 0 0 5.800000000000001 0.4 0.2 0.2 0.4 0 3.8000000000000003 0 0.2 7.2 0.2 2 0 1.8 0 0 0 0 0 0 0 0 0 0 0 0 0 0 0 0 0 0 0 0 0 0 0 0.2 0 0 0.2 0 0 0 0 0 0 0 0 0 0.4 0.2 0 0 0 0 0 0 0 0 0 0 0 0 0 0 0 0 0 0 0 0 0 0 0 0 0 0 0 0 18.2 0 0.4 0.4 0 3 2.6 0 0 0 0 0 0 0 0 0 0 0 0 0 0 0 0 0 0 0 0 0 0 5.4 0 0 0 0 0 0 0 0 0 0 0 0 0 0 
 59.6 12.600000000000001 114.2 13.8 59.400000000000006 28.400000000000002 81.2 98.4 121.4 77.80000000000001 53.6 27.400000000000002 14.4 0 51.800000000000004 28.400000000000002 8 23.6 33.2 63.800000000000004 0 0 0.4 0 4.800000000000001 0.6000000000000001 0 0 0 0 0 0 0 0.6000000000000001 0 0 0.6000000000000001 0 0.2 0.6000000000000001 0 0 0 0 0 0 0 0.6000000000000001 0 0 0 0 0 0 0 0 0 0 0 0 0 0 0.6000000000000001 0 0 0 0 0 10 0 0 0 0.6000000000000001 0 0 0 0 0 0 0.4 7.6000000000000005 7.4 0.2 3.2 0 0 11.4 0.2 4 4.800000000000001 6.2 6.6000000000000005 6.6000000000000005 6.800000000000001 4.800000000000001 4 3.2 0.2 5 2 0 0 0 0 0 0 0 2.6 0 0 0 0 0 0 0 0 0 0 0 0 0 0 0 0 0 0 0 0 0 0 0 0.2 0 0.2 0 0 0 0 0 0.2 0 0 0 0 0 0 0 0.4 0 0.8 0 0 0 0 0 0 0 0 0 0.2 2.6 6.4 2.6 1.4000000000000001 0 0 3.2 1.6 3 0 0 0.2 3.2 10.200000000000001 5 3.6 2.2 4.6000000000000005 2.6 0.2 0 0 0 0 0 0 0 0 4.2 0 0 0 0 0 0 0 0 0 2.8000000000000003 0 0 0 0 0 0 0 0 0 0 0 0 0 2.6 0 0 0 0 0 0 0 0 0 0 0 0 0 0 0 0 0 0 0 0 0 0 0 0 0 0 0 0 0 0 0 0 0.4 9.4 0 0.2 0.2 0.4 1.6 2.8000000000000003 0 0 0 0 0 0 0 0 0 0 0 0 0 0 0 0 0 0 0 0 0 0 2.4000000000000004 0 0 0 0 0 0 0 0 0 0 0 0 0 0 
 10.600000000000001 12.600000000000001 53.400000000000006 12.4 66 21.200000000000003 13.200000000000001 61.2 29.200000000000003 54 34.2 11.4 11 51.800000000000004 0 38.400000000000006 16 49.800000000000004 28 42.800000000000004 0 0 0.4 0 0.6000000000000001 0.6000000000000001 0 0 0 0 0 0 1 0.6000000000000001 0 0 0.8 0 1 0.6000000000000001 0 0 0 0 0 0 0 0.6000000000000001 0 0 0 0 0 0 0 0 0 0 0 0 0 0 0.6000000000000001 0 0 0 0 0 7 0 0 0 0.4 0 0 0 0 0 0 0.4 13.200000000000001 0 4.6000000000000005 0.2 0 0 1.8 5.2 4.2 2.6 0 0 2.2 3.2 4.4 5.4 0 0 0 0.2 0 0 0 0 0 0.2 1 0 0 0 0 0 5 0 0 0 2 0 2.8000000000000003 0 0.2 0 0 0.2 0.2 0 0 0 0 0 0 0 0 0 0 0 0 2.6 0 0 0 0 0 0 0 0 0 0.6000000000000001 0.2 0.2 0.2 0 0.2 0 0.2 0 0 0 0 0 0.2 4.800000000000001 0 4.4 0 0 2 2.4000000000000004 3.2 0 0 0 5.4 2.6 2.8000000000000003 0.6000000000000001 0 9 0 0 0 0 0 0 0 0 0.2 0 0 0 0 0 0 0 0 0.2 0 0 2.2 0 0 0 0 0 0 0 0 0 0.2 0 0 0 1.4000000000000001 0 0 0 0 0 0 0 0 0 0 0 0 0 0 0 0 3 0 0 0 0 0 0 0.2 0 0 0 0 0 0 0 0 0.6000000000000001 18.6 0 1.2000000000000002 0.6000000000000001 3.8000000000000003 1.8 2.8000000000000003 0 0 0 0 0 0 0 0 0 0 0 0 0 0 0 0 0 0 0 0 0 0 2 3.8000000000000003 0 0 0 0 0 0 0 0 0 0 0 0 0 
 8.8 25.200000000000003 29.200000000000003 65.8 64.2 78 25.6 24.6 41.800000000000004 34.800000000000004 31.6 27.200000000000003 27 28.400000000000002 38.400000000000006 0 16.8 25.200000000000003 7 12 0 0.6000000000000001 1 0 14.8 0.6000000000000001 0.4 0 0.2 0 0 0.6000000000000001 15.4 0.6000000000000001 0.8 0.4 0.6000000000000001 0 40.400000000000006 1.2000000000000002 0.2 0.6000000000000001 0 0 0 0.2 0 0.6000000000000001 0 0.8 0 0.2 0 0 0.2 0.2 0 0 0 0 0 0 0.6000000000000001 0.2 0 0 0 0 0.8 0 0 0 0.4 0 0 0 0.4 0 0 14.8 12.200000000000001 0.2 8.4 0 5 4.800000000000001 0.4 0.2 4.4 0.4 2.2 4.6000000000000005 0 3.2 5 2.2 3 8 3.6 0 3.2 0 0 0 0 0 1.6 0 0 0 0 0 3.2 0 3.8000000000000003 0 0.6000000000000001 0.6000000000000001 0.2 0.4 0 4.4 0 0.2 0 0 0 0 0 0 0 0 0 0 0 0 0 0 0 0.8 0 0 0 0 0 0 0 0 0 0 0.2 0 1.8 0 0.4 0 0 0 0 0 0 3.6 0 3 0 1.2000000000000002 0 1.4000000000000001 5.2 7.2 4.2 2 0 4.4 0 2.6 3.4000000000000004 5.800000000000001 3.2 0 0 0 0 0 0 0 0 0 0 0 0 0 0 1.8 0.2 0 0 0 3 4.4 0 0 0 0 0 0 0 0 0.2 0 0 0 0 0 0 0 2.2 0 0.2 0 0 0 0 0 0 0 0 0 0 0 0 0 0 0 0 0 0 0 0 0 0 0 0 0 0 1.2000000000000002 0.2 0 1 17.400000000000002 2.2 1.2000000000000002 2.4000000000000004 0 0 0 0 0 0 0 0 0 0 0 0 0 0 0 0 0 0 0 0 0 0 1.8 0 3.2 0 0 0 0 0 0 0 0 0 0 0 0 
 9.200000000000001 66.60000000000001 38 8.8 16.400000000000002 35 12 25.6 23 10.4 38.2 15.4 10.4 8 16 16.8 0 29.200000000000003 52.6 9.8 0 0.4 0.4 0 0 0.6000000000000001 14.4 0 0.4 0.4 0 0.2 32.4 0.6000000000000001 0 0 0.6000000000000001 0 0.4 0.6000000000000001 0 0.4 0.4 0 0 0 0 0.6000000000000001 0 0.2 0 0 0 13 0.2 0 0 0 0 0 0 0.4 0.6000000000000001 0 0 0 0 0 0.4 0 0 0 0.4 0 0 0 0 0 0 8.8 0 0.2 0 8.8 6 0 0 0.2 9.4 0 0.2 3.8000000000000003 5.4 0 3.4000000000000004 10.200000000000001 2 0.2 3.8000000000000003 0 0 0 0 2.6 0.4 1 1 0.4 0 0 0 0 6.4 0 0 0 0 0 8.4 1.8 0 0 0 0 0 0 0 0 0 0 0 0 0 0 0 0 0 0 0 0 0 0 0 0 0.4 0 0 0 0 0 0 0 0.4 0 0 0 0 0 0 0 0 4 3.2 5.2 2 0 1.4000000000000001 0 5.4 0.8 0 5 0 0 0 0 2 3.6 0 0 0 0 0 0 0 0.2 2.4000000000000004 0.2 0 0 0 0 2 0 9 0 0 0 2.4000000000000004 0.2 0 0 0 0 0 0 0 0 0 0 0 0.2 1.2000000000000002 0 0 0 0 0 0 0 0 0 0 0 0 0 0 0 0 0 0 0 0 0 0 0 0 0 0 0 0 1.2000000000000002 0 0 0 0 0.2 0 0.4 17.400000000000002 3.4000000000000004 1 0 0 0 0.4 0 0 0 0 0 0 0 0.2 0 0 0 0 0 0 0 0.4 0 0 0 0 3.8000000000000003 0 0 0 0 0 0 0 0 0 0 0 0 0 
 7 4.2 40.2 73.2 68.4 28 65 4 9 29.8 65.60000000000001 22.6 23 23.6 49.800000000000004 25.200000000000003 29.200000000000003 0 4.6000000000000005 4.4 0 0 0.4 0 0 0.6000000000000001 3.6 0 0.6000000000000001 0 0 0 14.4 35.6 0 0 0.6000000000000001 0 18.8 15.600000000000001 0 0 1.4000000000000001 0 0.6000000000000001 0 0 0.6000000000000001 0.8 0 0 0 0 0 0.2 0 0 0 0 0 0 0 2.6 0.8 0 0.2 0 0 0.2 0 0 4 0.6000000000000001 0 0 0 0 0 0 1 0 2 5.2 0 8.4 1.8 0 0 2.4000000000000004 1.8 1.8 0.2 0 0 0 0 2.6 0 0 0 6.2 3.2 0 0 0 0 0.4 4.2 1.2000000000000002 0 0 0 5.800000000000001 0 5 0 0.4 0.2 4.4 2.2 0 0 0 2 0 0 0 0 0 0 0 0.2 0 0.2 0 0 0 0 0 2 0 0 0 0 1.8 0 0 0 0 0 0 0 0 0 0 0 0 0 0 0 2.4000000000000004 8 0.6000000000000001 1.2000000000000002 0 2.4000000000000004 0 2.4000000000000004 6.4 6 4.4 5.2 0 0 3.2 2.8000000000000003 0 3.4000000000000004 0 2.6 3.4000000000000004 0 0 0 0 0 0 0 0 2 0 0.4 0 3.6 0 0 0 0 6.800000000000001 0.2 0 0 0 0 0 0 0 0 0 0 0 0 0 0 0 0 0 0 0 0 0 0 0 0 0 0 0 0 0 0 0.4 0 2.8000000000000003 0 0 0 0 0 0 0 0 0 0 0 0 0 34 0 1.4000000000000001 18 2.4000000000000004 1 0 0 0 0 0.2 0 0 0 0 0 1.8 0 0 0 0 0 0 0 0 0 0 0 0 0 5 2.6 0 0 0 0 0 0 0 0 0 0 0 0 
 18.2 10 3.4000000000000004 12 48.400000000000006 7.6000000000000005 11.4 28.400000000000002 10 8.8 6.4 47.400000000000006 21 33.2 28 7 52.6 4.6000000000000005 0 37 0.2 0 14.200000000000001 0 0 0.6000000000000001 0 0 0 0 0 0 0 0.6000000000000001 0 0 0.6000000000000001 0 0.4 1 0 0 0 0 0 0 13 0.6000000000000001 0 0 0 0 0.4 0 0 0 0 0 0 12.4 0 0 0.6000000000000001 0 0 0 0 0 0.4 0 0 0 0.4 0 0 0 0 0 0 0.4 0 2.4000000000000004 0 0 0 0 8.6 10.200000000000001 0 5 0 0 0.2 0 0 0.2 0.2 0 2 4.4 0 0 0 0 0 0 0 0 0 0 0 0 0 0 0 0.4 0 0 0 0 0 0 0 0 0 0.2 0 0 0 0 0 0 0 0 0 0 0.2 0 0 0.4 0 0 0 0 0 0 0 0.2 0 1.6 0 0 0 0.2 0 0 0 0 0 0 0 0.4 0 0 0 0 0.2 2.8000000000000003 0 0.2 0 0 2.2 4 2 0.2 1.8 0 2.4000000000000004 6.800000000000001 0 0 0 0 0.4 0 3 0 0 0 0 0 0 0 0 0 0 0 0 0 0 0 0 0 0 0 0 0 0 0 0 0 0 0 0 0 0 0 3 0 0 0 0 0 0 0 0 0 0 0 0 0 0 0 0 0 0 0 0 0 0 0 0 0 0 0 0 0 0.4 0 0 2.6 0 0 0 0 0 0 0 0 0 0 0 0 0 0 0 0 0 0 0 0 0 0 0 3 0 0 0 0 0 0 0 0 0 0 0 0 0 0 
 27 8.200000000000001 4.4 17 15 10.8 9.200000000000001 8.8 13.200000000000001 20.8 12.600000000000001 6.4 27.400000000000002 63.800000000000004 42.800000000000004 12 9.8 4.4 37 0 0 0.4 0.4 0.4 0 1 0 0 0 0 0.4 0 0.2 13.4 0 0.2 9.200000000000001 0 15 1.4000000000000001 0 0 13 0 0 0 0.6000000000000001 1.2000000000000002 0 0 0 0 0 0 0 0 0 0 0.8 0 0 0 0.6000000000000001 0 0 0 0 0 0.4 0 0 0 0.4 0 0 0 0 0 0 0.4 0 1.8 3.2 0 0 0 3.2 3 0 0 0 0 0.2 3.2 0 0 1.8 0 0 0 0 0 0 0 0 0.2 0 0 0 0 0 0 0 0 0 0 0 0 0 0 0 0 0 0 2.4000000000000004 0 0 0 0 0.2 0 0 0 0 0 0 0 2.8000000000000003 0 0 0 0 0 3.2 0 0 0 0 0 2 0.2 0 0 0 0.4 0 0 0 0 0 2.8000000000000003 0 0 0 0 0 4.4 2.2 0 0 0 3.8000000000000003 9.600000000000001 12 0 1.6 0 3 0 0.4 0 0 0 0 0 0 0 0 0 0 0 0 0 0 0 0 0 0 0 0 0 0 0 0 0 0 0 0 0.2 0 0 0 0 0 0 0 0 0 0 0 0 0 0 0.2 0 0.2 0 0 0 0 0 0 0 0 0 0 0.2 0 0 0 0 0 0 0 0 0 4.6000000000000005 0.4 0.4 0.4 0 3.8000000000000003 0 0 0.4 0 0 0 0 0 0 0 0 0 0 0 0 0 0 0 0 0 0 0 0 0 0 0 0 0 0 0 0 0 0 0 0 0 0 0 
 0 0.6000000000000001 0 6 14.600000000000001 0 0 0 0 0.8 0.4 0 0 0 0 0 0 0 0.2 0 0 41.6 33.4 26.6 55.6 6.4 36.6 10.600000000000001 87.60000000000001 70.60000000000001 5.800000000000001 10.600000000000001 19.400000000000002 25.400000000000002 27.6 24 22.200000000000003 18.8 81.80000000000001 14.600000000000001 0 0.6000000000000001 0.6000000000000001 0 0 0 0.6000000000000001 0 1.8 0 0 1 4.2 0 1.6 0 12.4 0 0 0 0 0 0 0 0.4 0 1.4000000000000001 0 0.2 0 0.6000000000000001 0.4 0 0 0.6000000000000001 0 0 0 0 0 0 0 0 2.2 0 3.8000000000000003 0 0 0 0 0 0 0 0 0 0.2 0 0 0 0 2.4000000000000004 2.6 0 3.8000000000000003 4.800000000000001 5.2 3.2 8.6 14.8 3 0.6000000000000001 0 1.8 7.2 7.2 0 1.6 0 0 2.8000000000000003 0 0 0.2 0 0 0 0 0 3.8000000000000003 0 0 0 0.2 0 0 0 0 0.2 2.4000000000000004 0 0 0 0 0 0.4 0 0 0 0 0 0 0.4 0 0.2 0 0 0 0 0 0 0 0 0.4 0 4.2 0 0 0 0 1.2000000000000002 0.2 2.2 0 0.4 0 0 0 0.8 0 0.4 9.200000000000001 6.4 5.800000000000001 9.200000000000001 2.8000000000000003 0.6000000000000001 2.2 0 8 5.2 0 0.2 1.6 0.6000000000000001 0 4.2 0 5.6000000000000005 0.6000000000000001 0 0 0 0 0 0 0.4 0.6000000000000001 0 0 0 0 0 0 2.2 0 0 0 0 0 0 0 0 2.8000000000000003 0 0 0 0 0 0 0 0 0 0.2 0 0 0.2 0 0 0 0 0 0 0 0 0 0 0 0 0 0 0 0 0 0 0 0 0.2 8.6 16.6 0 3 0 0 0 0 0 1.4000000000000001 0 0 0 0 0 0 0 0 0 0.4 0 0 0 0 0 0 0 0 0 0 0 0 0 
 0 0.6000000000000001 0 0 0 4 0.4 0 0 0 0.8 15.200000000000001 0 0 0 0.6000000000000001 0.4 0 0 0.4 41.6 0 26 20.8 21 9.8 38.2 32.2 38.2 44.2 24.400000000000002 21 7.2 58.800000000000004 29.400000000000002 32 11.600000000000001 40.400000000000006 66.8 7.6000000000000005 0 0.4 0.6000000000000001 0 0.4 0 0.6000000000000001 0 1.4000000000000001 0.4 0 0 0 0 12.8 0 0.2 10.8 0 0 0 0 0.4 0 0.4 0 0.4 0 1 0 0.6000000000000001 0.6000000000000001 0 0.6000000000000001 0.4 0 0 0 0.6000000000000001 1 0 0.4 0 0 0 0 0 0 0 0 0 0.2 0 0 0 0 0 0 0 0 8.200000000000001 2.2 7.6000000000000005 0 0 0 3.2 4 5.4 6.2 4.2 0 0.8 2 0.4 4 0 2.6 2.2 2 0 0 0 0 0 0 0 0 0 0 0 0 1.8 0 0 0.2 0 0 5 0 0.2 0 0 0 0 0 0 0 0 0.4 0 0 0 0 0 0 0.2 0 0 0 1.4000000000000001 0 0 0 1.2000000000000002 3 0 0 0 0.4 1.4000000000000001 0 0.4 0 0.2 0 0 1.6 0 0 0 7.4 0 15.200000000000001 0 2 2.4000000000000004 6.6000000000000005 2.2 4.800000000000001 3.8000000000000003 2 0.4 5.800000000000001 3.6 4.6000000000000005 8.200000000000001 3 4.6000000000000005 3 0 0 0 0 0 0 3.8000000000000003 0 0 0 0 0 0 0 0 0 0 0.2 0 0 0 6.800000000000001 0 0 0 0 0 0 0 0 0 0 1 0 0 0 0.4 0 0 0 0 0 1.6 0 0 0 0 0 0 0 0 0 0 0 1.4000000000000001 0 0.8 0 0.2 0.4 0.8 0 0 0 0 0 0 0 0 0 0 0 0 0 0 0 0 0 0 0 0 0 0 0 0 1.6 0 0 0 0 
 1.2000000000000002 0.4 0.4 0.4 0.8 0.4 0.4 0.8 0.4 0.4 0.4 0.4 0.8 0.4 0.4 1 0.4 0.4 14.200000000000001 0.4 33.4 26 0 38.800000000000004 50 49.2 18.6 13.8 21 38 16.8 9.4 31.400000000000002 31.400000000000002 52.800000000000004 7.2 30.200000000000003 39.2 16.2 8.4 0 0.6000000000000001 0.6000000000000001 0.4 0 0 0.6000000000000001 0 0.6000000000000001 0 0 0 0.8 15 0 0 0 0 12.4 0 0 0 1.2000000000000002 0 0.4 0 1 0 0.2 0 0.6000000000000001 0.4 0 0 5.4 0 0 0 0.8 0 0 0 0 0 0 7 0 0 0 0 0 0 0 0 0 0 0 0 0.2 0 2.2 0 7.6000000000000005 13.200000000000001 5.2 4.800000000000001 1.8 5 7.800000000000001 0.2 4 9 0 6.4 5 11.200000000000001 5 2.6 0 1.8 0 0 0 0 0 0 0 3.8000000000000003 0 0 0 0 11.600000000000001 0 0.2 2 0 0 4.4 0 0 0 3 0 1.4000000000000001 0 0 0 0 0 0 0 0 1.6 0 0 0 0 0 0 0 0 0 0 6.800000000000001 0 0 1 0 0 4 0 0 0 0 0.8 0 0.2 0 0 1.6 4.4 3.6 2.8000000000000003 7 6.6000000000000005 6 2.6 3.4000000000000004 0.2 8.4 0 0 0 0 1.8 0 2.2 0 0 2.2 0 0 0 0 0 2.4000000000000004 0 0 0 0 0 2 0 3 0 0 0 0 0 0 0 0 0 0 0.4 0 0 0 0 0 0 0 0 0 0 0 0 0 0 0 0 4.800000000000001 0 0 0 0 0 0 0 0 0 0.2 0 1.8 0.4 0 31.6 0.2 0 0.2 0 0.2 0 0 0 0 0 0 0 0 0 0 0 0 0 0 0 0 0 0 2.8000000000000003 0 0 0 0 0 0 0 0 
 0 0.6000000000000001 0 0 0.6000000000000001 0 0 0 0 0 0 0 0 0 0 0 0 0 0 0.4 26.6 20.8 38.800000000000004 0 16.400000000000002 30 67.2 11 14 25.200000000000003 31.8 10.200000000000001 26.400000000000002 18.400000000000002 28.6 82.2 11.4 29.6 18.2 16.6 4.6000000000000005 0.6000000000000001 0.6000000000000001 1 0.2 0 0.6000000000000001 0 0.6000000000000001 0 0 0.6000000000000001 14 24.400000000000002 6.6000000000000005 0 0 0 0.2 0 0 0 1.2000000000000002 0 0.4 0 0.6000000000000001 0.6000000000000001 0.6000000000000001 0 0.6000000000000001 0.6000000000000001 0 0 0.6000000000000001 0 0 0 1.2000000000000002 0 0 0 0 0 0 0 0 0 0 0 0 0 0 0 0 0 0 0 0 0 0 0 3.4000000000000004 0.4 0 5.4 0 0 0 0 4 9.4 0 1.8 3 4 2.4000000000000004 1 0 0 2 3.8000000000000003 2 0.2 0 0 3.8000000000000003 0 1.8 0 2.6 0 4 1.6 0.2 5.800000000000001 11 1.8 0.4 0 0 3.6 0.2 0.4 0 0 0 0 0 0 0 0 0 0 0.8 0 0 0 0 0 0 0 0 0 0 0 0 0.4 0 0 0 0 0 0 0 0.4 0 0 0 0 0 0 1.6 0 4.2 3.4000000000000004 0.4 0 1.6 0 0 3.4000000000000004 0 0 0 0.2 0 0 0 4.6000000000000005 1.8 0 2 0 0 0 3.6 4.2 3.6 3.2 0.2 0 2.6 2 0 2.6 0 3.4000000000000004 0.6000000000000001 9 0 0 0 0 0 0 0 0 0.2 0 0 0 0 0 0 0 0 0 0 0 0 0 2 0 0 0 0 0 0 0 0 0 0 0 1 0 0 15.4 15.4 0.6000000000000001 0.8 0 0 0 0 0 1.6 0 0 0 0 0 0 0 0 0 0 0 0 0 0 0 0 0 0.2 0 0 0 0 0 
 0.6000000000000001 0 0.4 0 0.2 0 4.4 0.4 14.4 0.2 0.2 0.2 4.2 4.800000000000001 0.6000000000000001 14.8 0 0 0 0 55.6 21 50 16.400000000000002 0 47.800000000000004 10.600000000000001 27 44.2 22.200000000000003 33.800000000000004 39.800000000000004 26.200000000000003 37.2 36.2 27.200000000000003 28 36.800000000000004 14.600000000000001 31.8 0 0.6000000000000001 0.6000000000000001 42.800000000000004 0.2 0 0.6000000000000001 12.8 1.6 0 0 2.8000000000000003 1 0 1.4000000000000001 0 0 0 4.800000000000001 0 0 0 0 0 1 0 0.6000000000000001 0 0.8 0 0.6000000000000001 0.6000000000000001 0 0.6000000000000001 0.4 0 0 0 0.2 0 0.4 0.2 0 0 0 0 2.6 0 2.6 0 0 4 0 2.6 2.8000000000000003 0 0 0 2 0 0 0 11.8 0 3.8000000000000003 7 2.8000000000000003 8 15.8 7.2 2.4000000000000004 1.6 0 8.8 4.2 6.2 0 5.6000000000000005 0 0 0 3.8000000000000003 0 0 0 0 0 3.6 0.2 0 0 0 2.2 0 4.2 0 0 0 6.800000000000001 0 0 0 0 6.6000000000000005 0.8 0.2 2.4000000000000004 0 0 0 0 0 0 1.2000000000000002 0 0 0 0 0 0 8 1.8 2.4000000000000004 1.4000000000000001 0.8 0 0 0.4 0 0 0 0 0 0 0 7.4 0.4 4.6000000000000005 0 0 3.6 3.6 2.6 5 0.2 1.4000000000000001 3.8000000000000003 2.6 3.6 4.4 3.8000000000000003 1.8 0.2 2.6 0 3 7 13.600000000000001 0 0 3 0 0.2 0 0 0 6.2 0 0 0 0 0 3.4000000000000004 2.4000000000000004 2.4000000000000004 0 0 0 0 0 0 0 0 0.2 0 0.2 0 0 0 0 0 0 0 0 0 0 0 0 0 0 0 0 0 0 0 0 0 0 0 0 0 0 2.2 0 2.6 0 0.2 0.2 0.8 0 3 2 0 0 0 0 0 0 0 0 0 0 0 0 0 0 0 0 0 0 0 2.8000000000000003 0 0 3 0 0 0 0 0 
 0.6000000000000001 0.8 0.6000000000000001 0.6000000000000001 1 0.6000000000000001 1.2000000000000002 0.6000000000000001 1 0.6000000000000001 0.6000000000000001 0.6000000000000001 0.6000000000000001 0.6000000000000001 0.6000000000000001 0.6000000000000001 0.6000000000000001 0.6000000000000001 0.6000000000000001 1 6.4 9.8 49.2 30 47.800000000000004 0 9 6.4 12.600000000000001 55 12.8 25.6 49.6 16.2 13.200000000000001 58 30.8 11.4 13 26.400000000000002 0.2 2.4000000000000004 0.6000000000000001 12.4 0.8 0 4.4 0.6000000000000001 0.6000000000000001 12.600000000000001 0 0 12.4 30 0 0 0 1.2000000000000002 14.200000000000001 0.2 13.8 0 0 0 0.6000000000000001 0 3 0 1 0 10.4 0.6000000000000001 0.4 0 18.400000000000002 0 0 0 0 0.2 0 2.2 0 0 0 0 0.2 0 0 0.2 0 0 0.4 0 0 0 1.8 0.4 0 0 0 0 0 0 3.6 0.2 0 0 0 0 2.4000000000000004 2.4000000000000004 0 0 0 2.2 3.8000000000000003 0.2 0 0 5.800000000000001 2.4000000000000004 2 0 2.4000000000000004 0 7.2 0 10.8 0 0 0 0 2.2 0.2 6.800000000000001 0 5.800000000000001 0.4 0 0 1.2000000000000002 0 0 0 0 0 0 0 0 0 0 0 0 0.6000000000000001 0 0 0 0 0 0 0 0 0.2 0.4 0 0 1.8 0 0 1.2000000000000002 0 0 0 0 1.8 0 0 0 0 0 0 0 0 2.6 1.6 0 0 0 0 0 1.4000000000000001 0 0 0 0.2 0.2 0 0 0 5.6000000000000005 2.6 2 0 0 0 8.6 1.2000000000000002 3 2.2 0 0 0 0 10.4 0 4.6000000000000005 5.2 2.2 8 0 0 0 0 0 0 0.4 0.4 0 0 0 0 0 0 0 0 0 0 0 0.2 0 0 0 0 0 0 0 0 0 0 0 0 0 0 1.2000000000000002 0.4 0.8 0 0.8 0.2 1.6 0.4 0 0 0 0 0 0 0 0 0 0 0 0 0 0 0 0 0 0 0 0 2.4000000000000004 0 2.8000000000000003 0 0 0 0 0 
 0 15 0 0.4 31 0 0 0 12.8 3.4000000000000004 14.600000000000001 0.2 0 0 0 0.4 14.4 3.6 0 0 36.6 38.2 18.6 67.2 10.600000000000001 9 0 81.4 25.400000000000002 8.8 7.800000000000001 90.80000000000001 65 20 25 26.6 22.6 22.200000000000003 8.6 23.200000000000003 0 0.6000000000000001 0.6000000000000001 0 40.400000000000006 0 0.6000000000000001 0 1 0 0 40.2 0.2 0 0 1.2000000000000002 0.2 0 0 0 0 0 0 0 8 0.4 0.6000000000000001 0 0.4 0 0.6000000000000001 1 0.6000000000000001 0 0.4 0 0 0 0 10.600000000000001 0 0.2 0 4.800000000000001 8.6 5.2 0 0 0 0 0.2 6 0 0 5.6000000000000005 2.2 0 0.8 0 0 2.8000000000000003 2.8000000000000003 0 2.8000000000000003 0 0.8 0.4 0.2 5.6000000000000005 3.2 0 0 2 2.4000000000000004 6.4 0 4 0 5.6000000000000005 2 2.4000000000000004 0 0 0 0 0 0 0 0 0 0 0 0 0 0 0 0 0 0 0 0 0 0 0 0 0 0 0 0 0 0 1.4000000000000001 0 0 0 0 0 0 1.4000000000000001 0 0 0 1.6 2.6 1.6 3.4000000000000004 0 0 2 4.4 0 4.2 0 0 0.6000000000000001 0 1.2000000000000002 0 0 0 5.2 0 0.6000000000000001 4.4 0 0 0 0.2 4 0 0 0 1.8 2.4000000000000004 0 0 0 0 0 6 0 0 0 0 0 0 0 0 0 0 0 0 0 3.6 0 0 0 0 0 0 0 0 0 0 0 0 0 1.8 0 0 0 0 0 0 0 0 0 0 0 0 0 2.4000000000000004 2.4000000000000004 0 0 0 0 0 5.2 17.400000000000002 0 0 0 0 1 0 0 17 0 0.2 0 0 0 0 0 0 3 0 0 0 0 0 0 0 0 0 2 0 0 0 0 0 0 0 0 0 0 0 0 0 
 0 0 0 0.6000000000000001 15.8 0 0 0 0.4 0 0 0 0 0 0 0 0 0 0 0 10.600000000000001 32.2 13.8 11 27 6.4 81.4 0 40.800000000000004 12.200000000000001 16.2 36.4 18.2 42.400000000000006 11.200000000000001 21.8 40 64 12 7.800000000000001 0 0.6000000000000001 0.6000000000000001 0 0.2 0 0.6000000000000001 0.8 0.6000000000000001 0 0 0.2 0 0 0.2 0 13 0 0 0 0 0 0 0 0.4 0 0.4 0 0.8 0.2 0.6000000000000001 0.6000000000000001 0 0 0.4 0 0 0 0.2 0 0 0 0 2.8000000000000003 0 12.8 0 0 0 0 0 4.2 0 0 0 0 0 0 0 0 0 0 1.6 0 2.6 2.6 0 3.4000000000000004 2.6 11.200000000000001 3.6 0 0 3.6 0.2 3.6 5.4 2.2 0 0 0 0 0 0 0 0 0 0 0 0 0 0 11 0.4 5.6000000000000005 0 0 0 2.6 2 0 0 0 0 0 0 0 0 0 0 0 3.6 0 0 0 0 0 0 0.4 0 0 0 0 0 3.2 2.8000000000000003 0 0 0 0 1 0 0 0 0 0 0 0 0 0 4.2 0 6.800000000000001 6.2 8.8 2 0.2 2.4000000000000004 6.6000000000000005 0 6.2 4.2 0 7 0 4.4 3.8000000000000003 1.6 0 2.6 0 0 0 0 0 0 6.800000000000001 0 0.2 0 0 0 0 0 0 0 0 0 0 0 0 0 0 0.2 0 0 0 0 0 0 0 0 0 0 0 0 0 0 0 0 0 0 0 0 0 0 0 0 0 0 0 0 0 0 1.4000000000000001 0 0 0.2 0 0 0 0 0 0 0 2 0.2 0 0 0 0 0 0 0 0 0 0 0 0 0 0 1.4000000000000001 0 0 0 1.4000000000000001 2.4000000000000004 0 0 0 
 0 0 0 0 0.2 0 0 0.6000000000000001 0.2 0 0 0 0.2 0 0 0.2 0.4 0.6000000000000001 0 0 87.60000000000001 38.2 21 14 44.2 12.600000000000001 25.400000000000002 40.800000000000004 0 31.6 18.6 31.200000000000003 17.6 68.60000000000001 37.800000000000004 7.800000000000001 24.200000000000003 54.6 19.6 14.200000000000001 0.2 4.800000000000001 29.400000000000002 0.6000000000000001 0.4 0.6000000000000001 1 0 0.6000000000000001 0 0 0 0 0 0.6000000000000001 0.6000000000000001 1 0.4 0 0 0.6000000000000001 0 0.2 0.6000000000000001 1.2000000000000002 0.4 9.600000000000001 0 0.8 0 0.6000000000000001 1.2000000000000002 0.2 0.6000000000000001 0.4 0 0.6000000000000001 0 0.6000000000000001 0 0 0 0 0 4.800000000000001 0.2 0 0 0 0 0 0 0 0 0 0 0 0 0 0 0 0 1.8 0.4 3.6 2.6 2 5.2 7.4 5.800000000000001 4 0.2 0 1.8 0 2.4000000000000004 1.2000000000000002 2.4000000000000004 1.8 0 0 0 0 0 0 0 0 0 0 0 0 0 2.6 0 0 0 3.6 0 4.4 2.6 0.4 0 0.2 0 0 0 0 0 0 0 0 0.4 0 0 0 0 0 0 0 0 0 0 0 0 0.2 0 0 0 0 0.4 0 0 0 0 0 0 0 1 0 0.2 0 2.8000000000000003 10.200000000000001 10.200000000000001 5.800000000000001 9 0.2 3.2 3 1.8 10 4.4 0.2 6.4 1.6 4.4 3.4000000000000004 1.8 0 0 0.2 0 0 0 0 0 7.6000000000000005 2.4000000000000004 0 0 0 0 0 0 0 0 0 0.2 0 0 0 0 0 0 0 0 0 0 0.2 0.4 0 0 0 0 0 0 0 0 0 0 0 0 0 0 0 0 0 0 0 0 0 0 0 0 4.6000000000000005 0 0.2 0.2 0.2 0.4 0.2 0.4 0 0 0 0 0 0 0 0 0 0 0.2 0 0 0 0 0 0 0 0 2.2 0 0 0 1.4000000000000001 3 0 0 0 
 0.6000000000000001 0 15 0 0 14.600000000000001 0 0 0 0 0 0 0 0 0 0 0.4 0 0 0 70.60000000000001 44.2 38 25.200000000000003 22.200000000000003 55 8.8 12.200000000000001 31.6 0 48 11.4 26 36.800000000000004 47.400000000000006 46.800000000000004 35.2 23.200000000000003 70.2 50.2 0 0.6000000000000001 0.6000000000000001 0 0.2 0 0.6000000000000001 0 1.6 0 0 0.6000000000000001 0 0 0 0 0.4 0 0 0 0 0 0 0 0.4 0 0.4 0 0.6000000000000001 0 7.6000000000000005 0.6000000000000001 0 0 0.4 0 0 0 0.2 4.6000000000000005 0 0 0 0 0 2.2 0 0 0.4 0 0 0.2 0 0 0 0 0 0 0 0.4 9.4 0 2.6 2 3.8000000000000003 0.2 8.200000000000001 4.6000000000000005 12.600000000000001 2.8000000000000003 0 2.4000000000000004 0 11.200000000000001 8 5 6.800000000000001 2.6 2 4.800000000000001 0 0 0 0 0 0 0 0 0 0 0 0 0.2 0 0 0 0 0 3.6 0 0 0 0 0 0 0 0 0 0 0 0 0 0 0 0 0 0 0 0 0 0 0 0 0 0 0.2 0 0 0 0.4 0 0 0 0 0 0.4 0 0 0 1.2000000000000002 7.800000000000001 5.6000000000000005 5.4 6 2.8000000000000003 1.4000000000000001 6 0.4 6.2 14.200000000000001 0 0 9.4 0 2.8000000000000003 7.4 2.8000000000000003 4 0 0 0 0 0 0 2.4000000000000004 0 0 0 0 2.4000000000000004 0 0 0 0 0 0.2 0 0 0 0 0 0 0 0 0 0 0 0 0 0 0 0 0 0 0 0 0.4 0 0.2 0 0 0 0 0 0 0 0 0 0 0 0 0 0 0.4 0 0 0 30.8 9.4 0.2 0.4 0 0 0 0 0 0 0 0 0 0 0 0 0 0 0.4 0 0 0 0 0 0 0 0 0 0 0 0 0 0 
 0.8 0 0 0 0 0 0 0 0 0.2 0.4 0 0.2 0 0 0 0 0 0 0.4 5.800000000000001 24.400000000000002 16.8 31.8 33.800000000000004 12.8 7.800000000000001 16.2 18.6 48 0 13 9 51.400000000000006 15.4 21.200000000000003 65.4 11 17.6 30.400000000000002 16.8 1 0.6000000000000001 0.4 0.6000000000000001 0.2 0.6000000000000001 0.6000000000000001 0.6000000000000001 0.8 0.2 0 7.4 12.8 6.6000000000000005 0.2 0 0 0.2 0.6000000000000001 0 0 0 0 0.4 0 0.6000000000000001 0 0.6000000000000001 0.8 0.6000000000000001 0.6000000000000001 0 0 3.2 0 0.2 0 0 0 0 0 3 0 0 0 0 0 0 0 0 0 0 0 0 0 0 0 0 0 2 0 5.2 2 3.4000000000000004 9.8 2.8000000000000003 6 7.4 3.4000000000000004 2.6 2.2 0 0 2 2.6 1.6 12 0.4 0 3.6 2.6 0.6000000000000001 0 0 0 0 0 0 2.4000000000000004 2.6 0 4.6000000000000005 2.6 2 4.6000000000000005 2 0 6.6000000000000005 0 0 0 0 0 1 0 0 0 0 0 0 0.4 0 0 0 0 0 0 0 0 0 0 0.4 0 0 0 0 1.4000000000000001 0 0 0 0.4 0 0.4 0 1 0 0 0 0 0 1.4000000000000001 4.2 2 0 2.6 0 3.6 4 2.2 4.6000000000000005 2.4000000000000004 0 0 0 0 0 1.2000000000000002 0 0 0.2 0 0 0 0 0.4 0 1.4000000000000001 0 1.6 0.2 0 11.600000000000001 0 0 2.4000000000000004 2 0 2.8000000000000003 6.6000000000000005 0 0 0 0 0 0 0 0 0 0 0 0 0 0 0 0.2 0 0 0 0 0 0 1.4000000000000001 0 0 0 0 0 0 0.2 0 0 0 0 0.4 0.4 0 14.600000000000001 0.8 0 0.8 0.2 0 0 0 0 0 0 0 0 0 0 0 0 0 0 0.4 0 0 0 0 0 0 0 0 2 2.4000000000000004 0 0 0 
 0 0 0 0 0 0 0.2 0 0 0 0 0 0 0 0 0.6000000000000001 0.2 0 0 0 10.600000000000001 21 9.4 10.200000000000001 39.800000000000004 25.6 90.80000000000001 36.4 31.200000000000003 11.4 13 0 7.4 23.6 38.2 7.6000000000000005 27.8 13 9.200000000000001 9.200000000000001 4 0.6000000000000001 0.6000000000000001 0 0.2 0 0.6000000000000001 0 0.6000000000000001 0 0 0 0.2 12 8.200000000000001 0 0 0 13.4 0.2 0 0 0 0 0.4 0 0.4 0 0.6000000000000001 0 0.6000000000000001 0.6000000000000001 0 0 0.6000000000000001 0 0 0.2 0.2 1.2000000000000002 0 0 0 0.2 0 0 0.4 0 0 0 0 0 0 0 0 0 0 0.2 0 0.2 4 0 0.2 5.2 9.200000000000001 0.4 0 0 0 2 0 2 0 0 8.6 3.6 1.8 1 0 0 2.4000000000000004 0 0 0.4 0 0 0 5.2 0 0 3.6 0 2.6 2 0.2 5.2 0 0 5.2 0.2 0 0 0 0 1.2000000000000002 0 0 0 0 0 0 0 0 1.2000000000000002 0 0 0 0 0 0 0 0 0 0 3.6 0 0.2 0.4 0 0.4 0 0 0 0 0 0.4 0 0 0 0 0 2.8000000000000003 4.6000000000000005 0 3.8000000000000003 3 0 2.6 0.2 0 14.200000000000001 9.600000000000001 0 0 0 3.6 2.4000000000000004 1.6 0 0.2 4.4 0 0 4 0 0 1 3.6 4.6000000000000005 0 0.2 0 4.800000000000001 0 6.2 3.6 0 3.4000000000000004 0.2 5.4 0 0.4 0 0 0.4 0 0 1 0 0 0 0 0 0 0 0 0 0 0 0 0 0 0 0 0 0.2 0 0 0 0 0 0 0 0 0.4 0 0 15 0 0 0 1 0 0 0 0 0.2 0 0 0 0 0 0 0 0 0 0 0 0 0 0 6.2 0 1 0 2 4 0 0 0 
