 0 19 13 33 40.6 9.8 58.2 53.6 30.8 25 22.200000000000003 9.200000000000001 52.2 70.8 55 30.6 28.200000000000003 9 12.4 35.2 0.2 0 0 0 40.800000000000004 0 0 0 0.6000000000000001 0.4 0.2 0.8 0.4 40.400000000000006 0.6000000000000001 0.6000000000000001 0.6000000000000001 18 0 0.2 0 0 0.4 0.4 0.8 0 0 0 0.4 0 0 0 0.6000000000000001 0 0 0 0 0.4 0 0 0 0 0 0 0 0 0 0 0 0.6000000000000001 0 0 0.6000000000000001 0 0.4 0 0.6000000000000001 0 5.6000000000000005 0.4 5 12.4 3 7 0 0 4.800000000000001 4.800000000000001 5.2 6.6000000000000005 2.8000000000000003 1.8 0 0 3 0.6000000000000001 0 8.6 3 2.2 0.2 0 0 0 0 0 0 0 0 0 0 0.2 0 0 0 0 0 0 0 0 0 0 0 0 0 0 0 0 0 0 0 0 0 0 0 0 0 0.4 0 0 0 0 0 0 0 0 0 0 0 0 0 1.4000000000000001 0 0 0 0 1.2000000000000002 0 0 0.2 2.4000000000000004 2.2 2 2.2 0 7.6000000000000005 4 0 2.8000000000000003 0 0 1.8 1.8 4.6000000000000005 2.2 0 2 0 0 0 0 0 0 0 0 0 0 0 0 0 0 0 0 0 0 0 0 0 0 0 0 0 0 0 0 0 0 0.2 0 0 0 0 0 0 0.2 0 0 0 0 0 0 0 0 0 0 0 0 0 0 0 0 0 0 0 0 0 0 0 0 0.4 0 0 0 0 0 0.4 0.4 0.4 0 0 0 0.6000000000000001 2.8000000000000003 0.2 0 0 0 0 0 0 0 0 0 0 0 0 0 0 0 0 0 0 0 0 0 0 1.4000000000000001 4 0 0 0 0 0 0 0 0 0 0 0 0 
 19 0 13.8 51.6 23.6 14.8 33.6 34.800000000000004 31.200000000000003 10.200000000000001 22 21 17.8 42.400000000000006 13 29.200000000000003 24.6 7 33.6 42.400000000000006 0.2 0 0 0 0 0 0 0 0.6000000000000001 0.6000000000000001 0 0.6000000000000001 0 0 0.6000000000000001 0.6000000000000001 0.6000000000000001 0.6000000000000001 0.2 41.6 0 0.2 0 0.4 0.4 0 0 0 0 0 0 0.2 0.6000000000000001 0 0 0 13.600000000000001 0 1 0 0 0 0 0 0 0 0 0 0 0.6000000000000001 0 0 0 0 0.4 0 0.6000000000000001 0 0 0.4 3.6 2.8000000000000003 0 0 0 4.4 2 0 2.4000000000000004 1.6 0 0 3 3.2 4.6000000000000005 2.8000000000000003 11.4 1.4000000000000001 0.2 6.800000000000001 4.4 0 0 0 0 0 0 0 0 0 0 0 0 0 0 0 0 0 0 1.8 0 0 0 0 0 0 0 0 0 0 0 0 0 0 0 0 0 0 0 0 0 0 0 0 0 0.4 0.4 0 0 0 0.2 0 0 0 0 0 0 0 0 0 3.8000000000000003 0 1.6 1.6 4 5.800000000000001 3.4000000000000004 0.4 0 2.2 0 3.4000000000000004 0 2.2 2.6 0.4 0 0 0 0.2 0 0 0 0 0 1.4000000000000001 0 0.2 0 0 0 0 0 0 0.2 0 0 0 0 0 0 0 0 0 0 0 0 0 1.8 0 0 0 0 0 0 0 0 0 0 0 0 0 0 0 0 0 0 0.2 0 0 0 0 0 0 0 0 0 0 0 0 0 0 0 0 0 0 0.4 0.4 0.2 0 0 1.8 0 0 0 0 0 0 0 0 3.2 0 0 0 0 0 0 0.2 0 0 0 0 0 0 0 0 0 0 0 0 0 0 0 0 0 0.4 0 0 0 0 
 13 13.8 0 61.400000000000006 26.400000000000002 25.6 12 36.4 69.4 26.8 18.400000000000002 5.6000000000000005 57.2 11.200000000000001 11.600000000000001 12.600000000000001 46.400000000000006 24.8 11.600000000000001 8.8 0.4 0 0 0 0 0 0 0 0.6000000000000001 0.4 0 0.4 0 0 0.8 0.6000000000000001 0.6000000000000001 0.4 0.2 0.2 0 0.4 0 0 0.8 0 1.2000000000000002 0 0.2 0 0 0 0.6000000000000001 0 12.4 0 0 0 0 0 0 0 0 0 0 0 0 0.8 0 0.6000000000000001 0 0 0 0 0.4 0 0.6000000000000001 0 0 0.6000000000000001 3.2 7.2 2.6 7 3.2 0 0 0.2 4 1 12.8 2.2 3.2 3.4000000000000004 0.4 1.8 0 0.2 0 2.8000000000000003 0 0 0 0 0 0 0 0 2.2 0.2 0 0 5.2 0 0 0 0 0 0 2.2 0 0 1.8 0 0 0 0.4 0 0.4 0 0 0 0 0 0 0 0 0 0 0 0 1.4000000000000001 0 0 0 0.4 0.4 0 0 0 0 5.6000000000000005 1.2000000000000002 0 1.6 0 0 0 0 0 0 3.8000000000000003 2 4.800000000000001 2.8000000000000003 2 2.2 1.8 4.800000000000001 6.6000000000000005 4.6000000000000005 1.8 0 0.6000000000000001 0.6000000000000001 9.8 0 5.4 0 3.4000000000000004 9.200000000000001 0.2 0 0 0 0 1.6 0 0 0 0 0 0 0 9.8 1.4000000000000001 0.2 0 5.4 3 0 0 0 0 0 0 0 0 0.2 0 0 0 0 0 0 0 0 0 0 0 0 0 0 0 0 0 2.2 0 0 0 0 0 0 0 0 0 0 0 0 0 0 0 0 0 0 0.2 1.6 0 0.2 18 3.4000000000000004 2 0 0 0 0 0 0 0 0.4 0 0 0 0 0 0 0 0 0 0 0 0 0.4 0 0 0 0 0 0 0 0 0 0 0 0 0.4 0 0 0 0 
 33 51.6 61.400000000000006 0 124.80000000000001 27.8 19.8 75.2 35.4 20.400000000000002 36.2 42.2 103.4 11 19 13.600000000000001 59.800000000000004 29 14 33.4 14.8 0 0.2 0 0 0 30.8 0 0.6000000000000001 0.4 0 0.6000000000000001 14.8 0.2 0.6000000000000001 0.6000000000000001 0.6000000000000001 0.4 14.600000000000001 0.2 0 0 0.4 0.4 0.4 0 0.2 0 0 0 0 0 0.6000000000000001 0 0.4 0 12.4 0 0 0 0 0 0 0 0 0.6000000000000001 0 0 0 0.6000000000000001 0 0 2.8000000000000003 0 0.4 0 0.6000000000000001 0 0 0.4 7.2 8.4 0.4 0 4.4 1.2000000000000002 2 1.8 6.4 13 2 9.8 10 1.8 2.4000000000000004 0.6000000000000001 0 2.6 4.800000000000001 3 0.6000000000000001 4.800000000000001 0 0.4 0 0 0.6000000000000001 0 0 0 2.6 0 2.2 0.2 3.2 1.6 0 0 0 6.800000000000001 0 0 0 0 0 0 0 0 0 0 0 0 0 0 0 0 2.6 0 0 0 0 0 0.4 0 0 0 0 0 0 0 0 0 0 0 0 0.2 0.2 3 3 0 3.6 4 5 4 0 4.4 6.2 1.4000000000000001 3.2 3.8000000000000003 6.6000000000000005 0 0 1.8 0.6000000000000001 2 2 0.2 0 1.6 1.8 2.2 4.2 0 0 0 0 0 0.2 2.2 0 0 2.8000000000000003 0.8 3.2 0 2 0 6 2.4000000000000004 0 0 0 0 0 0 0.4 0 0 0.2 0 0 0 0.2 0 0 0 0 0 0 0 0 0 0 0 0 0 0 0 0 0 0 0 0 0 0 0 0 0 0 0 3 0 0 0 0 18.6 0 18.6 0 3.8000000000000003 4.2 2 0 0 0 0 0 0 0 0 0 0 0 0 0 0 0 0 0 0 0 0 0 0 2.2 0 0 0 0 0 0 0 0 0 0 0 0 0 0 
 40.6 23.6 26.400000000000002 124.80000000000001 0 24.200000000000003 13.8 26.6 21.200000000000003 60.400000000000006 57.2 28.6 20.400000000000002 25.6 35.4 28.6 35 7.4 12 34 14.8 0 0.2 0.4 0.4 0 16.400000000000002 0 0.6000000000000001 0.4 0 0.6000000000000001 1.2000000000000002 0 0.6000000000000001 1 0.6000000000000001 0.8 0 15.600000000000001 0 0.4 0 0.2 0.4 0 0 0 0 0 0 0 0.6000000000000001 0 0 0 0 0 0.8 0 0 0 0 0 0 0 0 0 0 0.6000000000000001 0 0 4.2 0 0.4 0 0.6000000000000001 0 0 0.4 0 5.6000000000000005 0.2 0 2.6 0 0 0 4.6000000000000005 6.4 3.2 7.6000000000000005 0 0 3 2.2 2.8000000000000003 0 1.8 0 7.2 1.8 0 0 0 0 0 0 0 0.2 0 0 2.6 0 0 0 0 0 0 3 0 0 0 0 0 0 0 0 0 4 0 0 0 0 0 0 1 0 0 0 0 0 0 0 0 0 0 0 0 0 0 0.2 0.6000000000000001 0 0 0 0 0 0 0 5.800000000000001 2.4000000000000004 2.8000000000000003 1.8 0 9.600000000000001 0 0 6.4 0 0 4.800000000000001 0 1.6 0 2.2 19.8 0 0 0 2 0 0 0 0 0 0.2 0 0 0 0 0 0 0.2 0.2 0.2 0 0 0 0.2 0 0 0 0 0 0 0 0 0 0 0 0 0 0 0 0 0 0 0 0 2.8000000000000003 3 0 0 0 0 0 0 0 0 0 0 0 0 0 0 0 0 0 0 0 0 0 0 0 0 0 0 17.2 0.8 3.8000000000000003 3.6 5.2 0 0 0 0 0 0 0 0 0 2.6 0 0 0 0 0 0 0 0 0 0 0 0 4.800000000000001 0 1.6 0 0 0 0 0 0 0 0 0 0 0 0 
 9.8 14.8 25.6 27.8 24.200000000000003 0 2.4000000000000004 71.2 44.400000000000006 28.6 58.6 12.8 5.4 51.2 12.4 31.400000000000002 14.600000000000001 9.200000000000001 6.2 14.8 16.400000000000002 0 0 0 6.800000000000001 0 0 0 0.8 0 0 0 15.200000000000001 0 0 0.6000000000000001 0.4 0.4 14.8 0.4 0 0.2 0 0.4 0.4 0 0 0 0 0 0 0 0.4 0 5.800000000000001 0 0 0 0 1.8 0 0 0 0 0 0 8.4 1.2000000000000002 0 0 0 0 0.6000000000000001 0 0 0.4 0 0.6000000000000001 0 0 0 0 5.4 4.800000000000001 3.4000000000000004 2.4000000000000004 0 0 0 0 5.2 5 0 0 0 1.8 0 0 0 0 2.2 3.8000000000000003 0 1.4000000000000001 0 0.2 0 0.4 4.800000000000001 2.8000000000000003 0 0 6.4 4.800000000000001 0.2 3.8000000000000003 3 0 9.200000000000001 0 0 0 0 0.4 0 0 0 0 0 0 0.4 0 0 0 0 0 0 0 0 0 0 1.6 0 7 0 0 0 0 0 0 0 0 0.2 0 1.6 0 0 0 10.200000000000001 0 0.2 8.6 0 3.2 5.6000000000000005 0 1.8 0 3.2 2.8000000000000003 3 2 0 0 0 6.800000000000001 0 3.6 0.4 0 11.4 3.8000000000000003 0 0.4 0 0 4.800000000000001 1 0 0.2 0 0 5.2 3.4000000000000004 5.4 5 0 0 0.2 4 0 0 0 0 0 0 0 0 0 0 0 0 0 0 0 2.6 0 0 0 0 0 0 0 0 0.4 0 0 0 0 0 0 0 0.2 0 0 0 0 0 0 0 0 0 0 0 0 0.2 0.2 0 0.6000000000000001 35.800000000000004 3.6 2.2 0 0 0.4 0 0 0 0 0 2.8000000000000003 0 11.200000000000001 0 0 0 0 0 0 0 0 0 0 0 0 0 0 0 0 0 0 0 0 0 0 0 0 0 0 0 
 58.2 33.6 12 19.8 13.8 2.4000000000000004 0 22 112.80000000000001 7 3.2 24.200000000000003 22 45.400000000000006 77.60000000000001 25.8 7 42.6 35 9.8 0.4 0 0 0 0 0 0 0 0.6000000000000001 0.4 0 0.6000000000000001 0 0.2 0.6000000000000001 0.6000000000000001 0.8 24.200000000000003 0 0.2 0 0.2 0.4 0.2 0.6000000000000001 0 0 0 0 0 0 0 0.6000000000000001 0 0 0 0 0 0 0 0 0 0 0 0 0.6000000000000001 0 0 0 0.6000000000000001 0 0 0 0 0.4 0 0.6000000000000001 0 0 0.4 3.6 2.8000000000000003 5.6000000000000005 2.4000000000000004 0 0.2 6.800000000000001 0 8 6.6000000000000005 1.8 0.2 2.2 0 0 7.4 2 0.2 10.4 1.8 0 0 0 0 0 0.2 0 0.4 0 0 0 0 0 0.4 0 0 0.2 0 0 0 0 0 0 0.4 0 0 0 0 0 0 0.4 3 0 0 0 0 0 0 0 0 0 0 0 0.4 0 0 0 0 0 0 0 0.4 0 0 0 0 0 0 0 0 0 2.8000000000000003 0 5 0 0 6 1.2000000000000002 0.2 10 4.4 0 0 2.2 7.2 0.2 3.6 1.8 4.6000000000000005 0 0 0 0 0.4 0 0 0 0 0 0 0 0 0 0 0 0 0 0 5.4 0 0 0 0 0 0 0 0 0 0 0 0 0 0 0 0 0 0 0 0 0 0 0 0 0 0.4 0 0 0 0 0 0 0 0.2 0 0 0 0 0 0 0 0 2.4000000000000004 0 0 0 1 0.2 0 0 0.4 0.4 1.4000000000000001 0 0 0 0 0 0 0 0 0 0 0 0 0 0 0 0 0 0 0 0 0 0 0 0 6.4 0.2 0 0 0 0 0 0 0 0 0 0 0 0 
 53.6 34.800000000000004 36.4 75.2 26.6 71.2 22 0 85.60000000000001 6.6000000000000005 23.200000000000003 15.4 20.200000000000003 15.8 73.2 21 30.400000000000002 7.4 14.200000000000001 7.4 0.2 0 0.8 0.4 0 0 1 0 0.6000000000000001 1.6 0 0.6000000000000001 0 0.6000000000000001 0.6000000000000001 0.6000000000000001 1.4000000000000001 0.4 0 0.2 0 0.4 0.2 0 1.2000000000000002 0.8 0 0 0 0 0 0 0.6000000000000001 0 0 1.6 3.2 0 0 0 0 0.4 0 0 0 0 0 1 1.2000000000000002 0.6000000000000001 0 0 0 0 0.4 0 0.6000000000000001 0 0.8 0.4 0 4.2 16.2 3.4000000000000004 10.8 3.6 0.2 0 2.2 0 9 0 0 1.6 2.6 3.8000000000000003 6.2 0 2.8000000000000003 0 9.600000000000001 0 0 0 0 0 0 0 0.4 0 0 0 3 0 0 0 0 0 0 5.6000000000000005 0 0 0 0 0 0.4 0 0 0.2 0 0 0 0.4 0 0 0 0 0 0 0 0 0 1.6 0 0 0 0 0 0 0 0 1 1 0.4 0 0 0 0 0 0 0 6.4 0 4.4 4.6000000000000005 1.2000000000000002 0 0 2 4.800000000000001 0 8.8 0 0 0 0.2 6.800000000000001 5 0 0 0 0 0 0 0 0 0 0 0 1.2000000000000002 0 0.2 0.4 0 0.2 0.2 0 0 0.4 0 0 0 0 0.2 0 0 0 0 0 0 0 0 0 0 0 0 0 0 0 0 0 0 0 0.2 0 0 0 0 0 0 0 0 0 0 0 0 0 0 0 0 0 0 0 0 0 0.4 0.4 0 0 0 3 0.4 0 0 0 0 0 0 0 0 0 0 0 0 0 0 0 0 0 0 0 0 0 0 0 6 0 3.2 0 0 0 0 0 0 0 0 0 0 0 0 
 30.8 31.200000000000003 69.4 35.4 21.200000000000003 44.400000000000006 112.80000000000001 85.60000000000001 0 18.400000000000002 25 13.600000000000001 37.4 15.600000000000001 114.80000000000001 16.2 25.6 43.2 14.200000000000001 49.6 0.4 1 0.2 0 0.4 0.4 0.6000000000000001 0 0.6000000000000001 0.6000000000000001 0.4 0.4 0.4 1 1 1.4000000000000001 1 0.8 0.4 0.4 0.2 0.8 0.2 0 0.4 0 0 0.2 0 0.2 0 0 0.6000000000000001 0 0 12.4 0 0.4 0.2 0.2 0 0 0 0 0 0 0 1.2000000000000002 0 0.6000000000000001 0.4 0 0 0 0.8 1.2000000000000002 0.6000000000000001 1.6 0 0.6000000000000001 3 3.8000000000000003 4.4 4.6000000000000005 9.4 0.2 0 1.2000000000000002 2 2.2 3.6 0 3.6 3.8000000000000003 2.8000000000000003 4.4 2 1.8 0 0 0 0 0 0 0 0 0 0 4 0 0 0 3 0 0 0 0 0 0 3 0 0 0 0 0 0 0 0 0 0 0 0 0 0 0 0 0 0 0 0 0 0 0 0 0 0 0 0 0 0 0 0 0 0 0 0 0 0 0 0 1.8 3.8000000000000003 2.4000000000000004 5.4 0.2 2.8000000000000003 5.800000000000001 5.2 2 14.4 0.8 3.2 0 0 3.6 2.2 0 7 0 3.8000000000000003 2.8000000000000003 0 0 0 0 0 1.4000000000000001 0 0 0 0 0 0 0 2.8000000000000003 0 0 0 3.4000000000000004 0.2 0 0 0 0 0 0 0 0 0 2.2 0 0 0 0 0 0 0 0 0 0 0 0 0 0 0 0 0 0 0 0 0 0 0 0 0 0 0 0 0 0 0 1.8 0 0 0 0 22.200000000000003 0 0 0.8 3 0.8 0 0 0 0 0 0 0.4 0 0 0 0 0 0 0 2 0 0 0 0 0 0 0 0 1 0 0 0 0 0 0 0 0 0 0 0 0 0 0 
 25 10.200000000000001 26.8 20.400000000000002 60.400000000000006 28.6 7 6.6000000000000005 18.400000000000002 0 83 55 14 30.8 42 111.80000000000001 11 55.6 18.400000000000002 131.20000000000002 0 0.2 0 0 0 0 14.600000000000001 0.2 0.6000000000000001 0.4 0 0.4 15.200000000000001 0 0.6000000000000001 0.6000000000000001 0.6000000000000001 0.4 1.6 5 0 0 0 0.4 0.6000000000000001 0 0 0 0 0 0 0 2 0 6 0 0 0 0.8 0 0 0 0 0 0 0 0 0 0 0.6000000000000001 0 0 6.6000000000000005 0 0.4 0.4 0.6000000000000001 0 0 0.6000000000000001 0 2.4000000000000004 2.8000000000000003 1.2000000000000002 3.6 3 0 0 4.4 6.6000000000000005 0 7.6000000000000005 0 0 4.2 0 5.6000000000000005 2.6 0 0 6.6000000000000005 0.6000000000000001 0 0.2 0 0 0 0 0.2 4.2 0 0 2.2 9.4 0 0.2 0 0 2.8000000000000003 0 0 0 0 0 0 0 0 0 0 0 0 0 0 0 0 0 0 0 0 0 0 0.6000000000000001 0 1.4000000000000001 0 0 0 0 0 0 0 0 0.2 0 3.8000000000000003 0 0 0 0 0 14.4 5 5 0 6.4 4 0.4 2.8000000000000003 7.6000000000000005 1.6 0.2 0.2 0 1.8 0 2.8000000000000003 13 4.4 0 0 2 0 0 0 0 0 0 1.8 0 0 3.2 0 3.6 3.4000000000000004 0 4 0 0 0 0.2 0 0 0 0 0 0 0 0 0 0 0 0 0 0 0 0 0 0 0 0 0 0 0 0 0 0 0 0.2 0 0 0 0 0 0 0 0 0 0 0 0 0 2 0 0 0 0 0.2 1 0 17.400000000000002 0 0.8 5 0 0 0 0 0 0 0 0 0 4.2 0 0 0 0 0 0 0 0 0 0 0 0 4.6000000000000005 0 0 0 0 0 0 0 0 0 0 0 0 0 0 
 22.200000000000003 22 18.400000000000002 36.2 57.2 58.6 3.2 23.200000000000003 25 83 0 37.4 11.4 10.200000000000001 34.4 62.6 40.2 32.4 9 33 2.4000000000000004 0 0 0 0 0.2 0.4 0 0.6000000000000001 0.4 0 0.4 29.8 0 0.6000000000000001 0.6000000000000001 1 0.4 16 16.2 0 0.6000000000000001 0 0 0.8 0 0 0 12.600000000000001 0 0 0 0.6000000000000001 0 17.8 0 0 0 0.8 0 0 0 0 0 0 0 0 0 0 0.4 6 0 7 0 0.4 0 0.6000000000000001 0 0 0.6000000000000001 0.2 2 2.2 2.8000000000000003 5 2 0 0.2 4 7.800000000000001 2.8000000000000003 6.4 0 0 2.8000000000000003 2 3 2.6 0 0 6.4 3.2 0 0 0 0 0 0 0 3.8000000000000003 0 0 4 3.4000000000000004 0 0 0 0 2 4.800000000000001 4.2 0 0 0 0 0 0 0 0 0 0 0 0 0 0 0 0 0 0 0.4 0 0.4 0 1.2000000000000002 0 0 0 0 0 0 0 0 0 0 0.6000000000000001 0 0 0.2 0 0 6.6000000000000005 5.2 3 0 4 5 0 0 6.800000000000001 0 3 3 0 1.6 5.2 6.2 13.4 0 0 0 8 2.8000000000000003 0 0 0 0 0.4 0 0 0 0 0 3 2.4000000000000004 0.4 0 1.4000000000000001 0 3.6 2.2 0 2.4000000000000004 0 0 0 0 0 0 0 0 0 0 0 0 0 0 0 0 0 0 0.4 0 0 0 0 0 0 0 0 0 0 0 0 0 0 0 0 0 0 0 0 0 0 0 0 0 0.4 0.2 0.2 1.8 2.4000000000000004 3.4000000000000004 3.2 0 0 0 0 0 0 0 0 0 2.6 0 0 0 0 0 0 0 0 0 0 0 0 3 0 0 0 0 0 0 0 0 0 0 0 0 0 0 
 9.200000000000001 21 5.6000000000000005 42.2 28.6 12.8 24.200000000000003 15.4 13.600000000000001 55 37.4 0 49 7.2 33.2 79.60000000000001 64 30.8 8.200000000000001 41.400000000000006 0.4 0 0.4 0.4 0.6000000000000001 0 15.600000000000001 0 0.6000000000000001 0.8 0 0.6000000000000001 11.8 0.6000000000000001 0.6000000000000001 0.6000000000000001 1.4000000000000001 0.4 12 16 0 1.4000000000000001 0.2 0.6000000000000001 1.2000000000000002 0.4 0 0 0 0.4 0 0 0.6000000000000001 0.2 0.8 0 1.2000000000000002 0 0 0.2 0 0 0 0 0 0 0 0 0.6000000000000001 0.6000000000000001 0 0 1 0 0.4 0 0.6000000000000001 0 0.8 0.6000000000000001 0 2 2.8000000000000003 0 3.8000000000000003 2 0 0 6.2 3.2 0 11.4 0 0 2 2.8000000000000003 1.6 0 0 0 3.4000000000000004 2.2 0 0 0 0 0 0 2.6 0.2 0 0 6.4 3.2 4.2 4.2 0 0 6.800000000000001 5 0 0 0 0 0 0 0 0 0 0 0 0 0 0 0 0 0 0 0 0 0 0 0 1 0 0.2 0.2 0 0 0 0 0 0 0 0 0 0 1.4000000000000001 1 0 0 3 2 3.4000000000000004 4.6000000000000005 0 0.2 2.6 3.8000000000000003 2.8000000000000003 1.8 1.2000000000000002 0 3 0 0.4 4.6000000000000005 6.6000000000000005 0 0 0.2 0.2 0 0 0 0 0.2 1 0 0 0 0 4.6000000000000005 2 0 3.6 0.8 0 3.2 0 0 0 0 0 0 0 0 0 0.2 0 0 0 0 0 0 0 0 0 0 0 0 0 0 0 0 0 0 0.4 0 0 0 0 0 0 0 0 0 0 1.6 0 0 0 0 0 0 0 17.2 0 0.8 0 0 1 4.2 0 0 0 0 0 0 0.2 0 0 4.2 0 0 0 0 0 0 0 0 0 0 0 0 3.8000000000000003 1.6 0 0 0 0 0 0 0 0 0.2 0 0 0 0 
 52.2 17.8 57.2 103.4 20.400000000000002 5.4 22 20.200000000000003 37.4 14 11.4 49 0 42.6 9.200000000000001 7.2 10.200000000000001 8.8 112.2 26 0.4 0 0.4 0.4 0.4 0.4 0 0 1 0.4 0 0.6000000000000001 0.2 0 1 1 0.6000000000000001 0.6000000000000001 0.4 0.2 0.4 0.6000000000000001 14.600000000000001 0.4 0.4 0 1.2000000000000002 0.4 1.4000000000000001 0.4 0 0.4 0.6000000000000001 0.6000000000000001 0.4 0.4 0 0.4 0.6000000000000001 0 0 0 0 0 0.2 0 0 0 0 0.6000000000000001 0 0 0 0 0.4 0 0.6000000000000001 0.4 0 11 3.6 3 0 1.4000000000000001 0 0 0 2 0 0 1.4000000000000001 0 6 0 11 1 3.4000000000000004 5.6000000000000005 0 5.2 0 0 0 0 0 0 0 0 0 0 0 0 0 0 0 0 0 0 0 0 0 0 0 0 0 0 0 0 0 0 0 0 0 0 0 0 0 0 0 0 0 0 0 0 0 0 3.6 0 0 0 0 0 0 0 0 0 0 0 0 0 0.2 2.8000000000000003 12.200000000000001 0 0 0 1.2000000000000002 0 8.4 0 0 0 4.6000000000000005 0 0 4.6000000000000005 0 0.2 6 3.4000000000000004 0 0 0 0 0 0 0 0 0 0 0 0 0 0 0 0 0 0 0 0 0 0 0 0 0 0 0 0 0 0 0 0 3 0 0 0 0 0 0 0 0 0 0 0 0 0 0 0 0 0 0 0 0 0 0 0 0 0 0 0 0 0 0 0 0 0.4 0.8 0 0.6000000000000001 0 0.2 0.6000000000000001 0 0.4 0 0 0 0 0 0 0 0 0 0 0 0 0 0 0 0 0 0 0 0 0 0 0 0 0 0 0 0 0 0 0 0 0 0 0 0 
 70.8 42.400000000000006 11.200000000000001 11 25.6 51.2 45.400000000000006 15.8 15.600000000000001 30.8 10.200000000000001 7.2 42.6 0 23.400000000000002 6 6.4 45.2 27.400000000000002 36 0.2 0 0.2 0 0 0 0 0.4 1 1 0 0.8 0 0 1 1 0.6000000000000001 1.6 0 1.2000000000000002 0 0.4 0.4 0 0.4 0.2 0.2 0 1.2000000000000002 0 0 0 1 0 0 0 0 0 0 0 0 0 6.800000000000001 0 0 0.4 0.4 0 0 0.8 0 0 1.4000000000000001 0.2 0.4 0.6000000000000001 0.6000000000000001 1.4000000000000001 0 0.8 6.6000000000000005 6.4 0.2 0 0 0 5.800000000000001 4.6000000000000005 0 0 3 0.2 5.2 0 4.2 4.800000000000001 8.200000000000001 4 7.2 2.2 0 0 0 0 0 0 0 0 0 0 0 0 0 0 0 0 0 0.8 0 0.4 3.4000000000000004 0.2 0 0 0 0 0 0 0 0 0 2.6 0 0 0.2 0.2 0 0 0 0 0 0 0 0 0 0 0 0 0 0 0 0.6000000000000001 1 0 0 0 1.4000000000000001 0 0 0 4.4 0 1.6 0 0 0.4 4.6000000000000005 0 0.2 3.8000000000000003 0 0.4 2.6 9.200000000000001 2 2.4000000000000004 1 0 3.2 0 0 0 0 0 0 0 0 0.4 0 0 0 0.2 0 0 0 0 0 0 0.2 0 0 0 0 0 0 0 0 0 0 0 0 0 0 0 0 0 0 0 0 0 0 0 0 0 0 0 0 0 0 0 0 0 0 0 0 0 0 0 0 0 0 0 0 0 0 0.4 0 0 0.4 0 0.4 2 0 0 0 0 0 0 0 0 0 0 0 0 0 0 0 0 0 0 0 0 0 0 0 0 1.8 3.2 0 0 0 0 0 0 0 0 0 0 0 0 
 55 13 11.600000000000001 19 35.4 12.4 77.60000000000001 73.2 114.80000000000001 42 34.4 33.2 9.200000000000001 23.400000000000002 0 40.800000000000004 66.60000000000001 29.400000000000002 53.6 38.6 0.8 0 0.6000000000000001 0 1.4000000000000001 0 0.6000000000000001 0 1.2000000000000002 0.8 0 0.8 0.4 0 1.2000000000000002 0.6000000000000001 0.6000000000000001 0.6000000000000001 0 1.4000000000000001 0 0.8 0.2 0 0.8 0 1.2000000000000002 1 0 0 0 0.4 0.6000000000000001 0 0.4 0 7.2 0.8 0 0 0.6000000000000001 0 0 0 0 0 0 0.4 0.6000000000000001 0.6000000000000001 0 0 0 0.6000000000000001 0.4 1.2000000000000002 0.6000000000000001 1 0 1 3 3 4.4 11.200000000000001 5.2 3.8000000000000003 1.4000000000000001 2 4 2 2.6 0 0 1.6 6.4 4.2 6.800000000000001 3.2 0 1.4000000000000001 5.800000000000001 0 0 0 0 0 0 0 0 0 0 0 0 0 0 0 0 0 0 4.2 0 0 0 0 0 0 0 0 4 0 0 0 0 0 0 0 0 0 1.4000000000000001 0 0 0 0 0 0 0 0 0 0 0 0 0 0 0 0 0 0 0 0 0 0.2 3 2 5 4.4 0 3 1.6 3.6 6.2 0.2 0 0 4 4.800000000000001 0 4.800000000000001 3.4000000000000004 0.6000000000000001 0 0 0 0.4 0 0 0 0.2 0 0 0 0 0 0 0 0 0 0 0 0 0 0 0 0 0 0 0 0 0 0 0 0 0 0 0 0 0 0 0 0 0 0 0 0 0 0 0 0 0 0.4 0 0 0 0 0 0 0 0 0 0 0 0 1.2000000000000002 0 0 0 0.2 0.2 0 0.4 0.6000000000000001 0.4 2.2 6.2 0 0 0 0 0 0 0 0 0 0 0 0 0 0 0 0 0 0.4 0 0 2.8000000000000003 0 5.800000000000001 1.4000000000000001 0 0 0 0 0 0 0 0 0 0 0 0 0 
 30.6 29.200000000000003 12.600000000000001 13.600000000000001 28.6 31.400000000000002 25.8 21 16.2 111.80000000000001 62.6 79.60000000000001 7.2 6 40.800000000000004 0 51 41.2 11 112.2 0 0.6000000000000001 0 0.6000000000000001 3.6 0 0 0 0.6000000000000001 0.8 0.6000000000000001 0.6000000000000001 14.8 0.6000000000000001 0.6000000000000001 0.8 1 0.4 14.600000000000001 0.4 0 1 0 0 1.6 0.6000000000000001 0 0 0 0 0.8 1 1.4000000000000001 0 12.4 0 0.8 0.6000000000000001 1 0 0 0 0 0.2 0 0.4 0 0 0 0.6000000000000001 0 0.4 0 0 0.6000000000000001 1.6 0.6000000000000001 0.2 0 0.4 0 3.6 3.4000000000000004 0 0 0.6000000000000001 0 0 7.4 6 4 9.8 0 5.800000000000001 3 0 2.8000000000000003 1.2000000000000002 0 0 6.4 2.6 0 0 0 0 0 1.4000000000000001 0 0 0 0 7.4 1.6 0 0 0 0 1.4000000000000001 6.2 0 0 0 0 0 0 0 0 0 0 0 0 0 0 0 0 0 0 0 0 0 0 0 0.8 0 0 0 0 3 0 0 0 0 0 0.2 0 0 0 0 0 2.4000000000000004 7.6000000000000005 5.6000000000000005 0 4.2 1.8 0 2.6 4.2 0 3.6 3 0 1.6 0 2.8000000000000003 3.4000000000000004 3 0.8 0 3.4000000000000004 2 0 0 0 0 0 0 0 0 0 0 2.6 0 0 0.2 1.4000000000000001 0 0 0 0 0 0 0 0 0 0 0 0.2 0 0 0 0 0 0 0 0 0 0 0 0 0 0 0 0 0 0 0 0 0 0 0 0 0 0 0 0 0 0 0 0 0 0 0 0 0.2 0.8 0.4 0 0 0 0.2 2.2 0 0 0 0 0 0 0 0 0 2.8000000000000003 0 0 0 0 0 0 0 0 0 0 0 0 2.8000000000000003 2.4000000000000004 0 0 0 0 0 0 0 0 0 0 0 0 0 
 28.200000000000003 24.6 46.400000000000006 59.800000000000004 35 14.600000000000001 7 30.400000000000002 25.6 11 40.2 64 10.200000000000001 6.4 66.60000000000001 51 0 34.6 22.200000000000003 28.200000000000003 0 0 0.4 0.8 0 0 0 0 0.6000000000000001 0.4 0 0.6000000000000001 0.4 0 1 0.6000000000000001 0.6000000000000001 0.4 0 0.2 0 0 0 0.4 0.6000000000000001 0 0 0.6000000000000001 0 0 0 0 0.6000000000000001 0 9.600000000000001 0 0.8 0 0 0 0 0 0.2 0 0 5.2 0 1.6 0.4 0.6000000000000001 0 0 0 0 0.6000000000000001 0 0.6000000000000001 0.2 0 0.4 0 2.8000000000000003 10.4 1.6 4 3.8000000000000003 0.4 0.2 3 6.6000000000000005 0.4 1.2000000000000002 0 0 2.6 1.8 5.800000000000001 0 0.4 0 9.200000000000001 0 0 0 0 0 0 0 3 0 0.2 0 0 1.4000000000000001 0 0 0 0 3 9.8 0 0 0 0 0 0.4 0 0 0.2 0 0 0 0.4 0 0 0 0 0 0 0 0 0.4 3.4000000000000004 0.6000000000000001 0 0 0 0 0 0 0 0 0.4 2.4000000000000004 1.2000000000000002 0 0 0 0 0 0 8.8 0.6000000000000001 3.2 16 0 0 0.4 2.6 10.600000000000001 0.4 6.800000000000001 0 1.6 0 2.2 6.4 6.6000000000000005 0 0 2 0 0 0 0 0 0 0.2 0 0 0 0.4 0 0 0 0 0 0 3.4000000000000004 0 0 0 0 0 0 0 0 0 0 0 0 0 0 0 0 0 0 2 0 0 0 0 0 0 0 0 0 0 0 0 0 0 0 0 0 0 0 0 0 0 0 0 0 0 0 0 0 0.2 0.2 0.2 0 1.2000000000000002 0.2 0 0 0 0 0 0 0 0 0 0 0 0 1.2000000000000002 0 0 0 0 0 0 0 0 0 3.8000000000000003 2 0 0 0 0 0 0 0 0 0 0 0 0 0 
 9 7 24.8 29 7.4 9.200000000000001 42.6 7.4 43.2 55.6 32.4 30.8 8.8 45.2 29.400000000000002 41.2 34.6 0 5 37.800000000000004 0 0 0 0 0 0 15.200000000000001 0 0.6000000000000001 0.4 0 4.800000000000001 12 0.2 0.6000000000000001 0.6000000000000001 0.6000000000000001 0.4 12 0.4 0 0 0.4 0.4 0.8 0 0.8 0 0 0 0 0.4 0.6000000000000001 0 0.2 0 0 0 0 0 0 0 0 6.2 0 10.8 0 0.8 0 0.6000000000000001 0 0 0.2 0 0.4 1.4000000000000001 0.6000000000000001 0 0 0.4 9.600000000000001 7.800000000000001 8.200000000000001 2.2 2.2 1.8 0 1 3.2 8.200000000000001 4.2 4.800000000000001 2 1.6 5.2 0.2 0 4 0 2.6 0 2 0 0 0 0.2 0 0.4 2.4000000000000004 0 0 0 6.4 2.4000000000000004 3.8000000000000003 1.8 0.4 0 3.8000000000000003 0.6000000000000001 0 0 0 0.4 0 0 0 0.2 0 0 0 0 0 0 0 0 0 0 0 0 0 0.2 0 1.2000000000000002 0 0 0 0 0 0 0 0 0 0 0 0 0.6000000000000001 1.6 1.4000000000000001 0 0 6.4 4.800000000000001 8.8 8 0 2.2 10.4 0 10 7.800000000000001 2 0 0.2 0.2 0 0 7.2 0.4 1.8 2 2 0 0.4 0.2 0 3.8000000000000003 0 0 0 0 0 2 1.8 5.800000000000001 1.4000000000000001 3.8000000000000003 0 5.4 2.8000000000000003 0 0 0 0 0 0 0.2 0 0 0 0 0 0 0 0 0 0 0 0 0 0 0 0 0 0.4 0 0 0 0 0 2.4000000000000004 0 0 0 0 0.2 0 0 0 0 0 0 0 0 0 0 25.400000000000002 0 1.2000000000000002 17 0 2.4000000000000004 0 0 0 0 0 0 0 0 12.600000000000001 0 0 0 0 0 0 0 0 0 0 0 0 0 0 0 6.4 0 0 0 0 0 0 0 0 0 0 0 0 0 
 12.4 33.6 11.600000000000001 14 12 6.2 35 14.200000000000001 14.200000000000001 18.400000000000002 9 8.200000000000001 112.2 27.400000000000002 53.6 11 22.200000000000003 5 0 40 0.6000000000000001 0 0 0 0 0 0.2 0 0.8 0.4 0 40.800000000000004 0 0 0.6000000000000001 0.6000000000000001 0.6000000000000001 0.4 0 0.4 0 0.4 0 0.2 0.8 0 0 0 0 1.2000000000000002 0 0 0.6000000000000001 0 0 0 0 0 0 0 0 0 0 0 0 0.6000000000000001 0 0 0 0.6000000000000001 0 0 0 0 0.4 0 0.6000000000000001 0 0 0.4 5.2 0 0 0 0 0 6.4 3.2 0 0 0 0 10.600000000000001 4.2 2.2 2 3.2 0.2 7.6000000000000005 1.4000000000000001 0 0 0 0 0 0 0 0 0 0 0 0 0 0 0 0.4 0 0 0 0 0 0 0.4 0 0 0 0.4 0 0 0 0 0 0 0 0 0 0 0 0 0 0 0 0 0 0 1.8 0 2 0 0 0 0 3 0 0 0 0 0 0 0 0 0 0.4 0.4 0 0 3 0 0 0 0 0 3.6 1.8 8.4 2.6 0 0 4.6000000000000005 5.4 0 0 0 0 0 0 0.4 0 0 0 0 0 0 2.4000000000000004 0 0 0.2 0 0 0 0 0 0 2.4000000000000004 0 0 0 0 0 0 0 0 0 0 0 0 0.2 2.6 0 0 0 0 0 0 0 0 0 0 0 0 0 0 0 0.4 0 0 0.4 0 0 0 0 0 0 0 0 0 0 0 2.8000000000000003 0.4 0 1.4000000000000001 0 0 0.2 0 0 0 0 0 0 0 0 0 0 0 0 0 0 0.4 0 0 0 0 0 0 0 0 0 0 0 0 0 0 0 0 0 0 0 0 
 35.2 42.400000000000006 8.8 33.4 34 14.8 9.8 7.4 49.6 131.20000000000002 33 41.400000000000006 26 36 38.6 112.2 28.200000000000003 37.800000000000004 40 0 0.8 0.6000000000000001 0.6000000000000001 0 14.600000000000001 0 0.8 0.2 1 1 0 1.2000000000000002 0 0.6000000000000001 1 0.6000000000000001 0.6000000000000001 0.8 0 1 0 0 0.2 0.4 0.6000000000000001 0 0.8 0 1.4000000000000001 0 6.2 0 0.6000000000000001 0 0.6000000000000001 0 0 0 0 0.6000000000000001 0 0 0.6000000000000001 0 0.6000000000000001 0.6000000000000001 0 0 0 0.6000000000000001 0.4 0.6000000000000001 5.800000000000001 0.6000000000000001 0.4 0 0.6000000000000001 0.4 0 0.8 6.2 5 0 2.6 0 0 0 13.600000000000001 10 7.800000000000001 0.2 4.4 0.2 1.4000000000000001 9.600000000000001 0.2 0 12.600000000000001 0 3.8000000000000003 0.2 0.4 0 0 0 0 0.2 0 0 0 0 0 0 0 0 0 0 0 0 0 0 0 0 0 0 0 0 0 0 0 0 0 0 0 0 0 0 0 0 0 0.4 0 0 0 0.4 0 0 0 2.8000000000000003 0.4 0 0 0 0 0 0 0 2.8000000000000003 0 0 12.200000000000001 2.8000000000000003 7.6000000000000005 0 1.2000000000000002 0 2 4 5.2 3.6 0 0 0 3.4000000000000004 0 4.6000000000000005 1.6 2 5.800000000000001 2.8000000000000003 0 0 0 0 0 0 0 0 0 0.2 0 0 0 0.2 0 0 0 0 0 0 0 0 0 0 0 0 0 0 0 0 0 0 0 0 0 0 4.2 3.8000000000000003 0 0 0 0 0 0 0 0 0 0 3 2.8000000000000003 0 0 0 0 0 0 0 0 0.2 0 0 0 0 0 0 0 1.2000000000000002 0 0 0 0.4 0.4 3.2 0 0 0 0 0 0 0 0 0 0 0 0 0 0 0 0 0 0 0 0 0 0 0 3.4000000000000004 0 0 0 0 0 0 0 0 0 0 0 0 0 
 0.2 0.2 0.4 14.8 14.8 16.400000000000002 0.4 0.2 0.4 0 2.4000000000000004 0.4 0.4 0.2 0.8 0 0 0 0.6000000000000001 0.8 0 34.4 61.2 24.8 3.2 4.800000000000001 98 6.800000000000001 72.60000000000001 8 21.8 6.4 26.200000000000003 67 25.6 7.6000000000000005 12.600000000000001 23 37.2 49.800000000000004 0 0.4 0.6000000000000001 0.6000000000000001 0.4 0 0 12.600000000000001 0 0.2 0 0 0.6000000000000001 0 0 0 0 0 0 0 0 0.6000000000000001 0 0 0.4 0 0 0 0.6000000000000001 0.4 0.6000000000000001 0 0 0 0.4 0 10.8 0 0 0 0 0 0.2 0 0 0.2 0 0 0 0 0 0 0 0 0 1.8 0 0 0 0 0 5.800000000000001 7.800000000000001 1.8 3.2 6.4 2.2 6.2 2.2 0.2 0 0.2 0 7.6000000000000005 1.8 1.8 1.2000000000000002 0 4.800000000000001 0 0 0 0 0 0 0 1.2000000000000002 0 0 0 0 0 2.8000000000000003 2.6 0.4 0 0 0 0 0 0 0 0 0 0 0 0 0 0 0 0 0 0 0 0 0 0 0 0 0 0 0 0 7.800000000000001 0 1 0 1.6 0 0 0 7.2 0 0 0 2.2 1.8 0 0 0 3.2 4.2 2 0 0 0 1.8 0.8 0 1 2.6 6 1.8 2 1.4000000000000001 1.4000000000000001 3.6 0 0 3.6 0 0 0 0 0 0.2 0 0 0 0 0 2.2 0 1.8 0 0 0 0 0.2 4.2 0 0 0 0 0 0.4 0 0 0 0 0 0 0 0 0 0 0 0 0 0 0 0 2 0 0 0 0 0 18.2 0 0 0 0 0 2.6 0 0.4 15.200000000000001 0 0.4 3.8000000000000003 0 0.4 0 0 0 0 0 0 0 0 0 0.2 0 0 0 0 0 0 0 0 0 0 0 0 0 0 0 0 0.4 
 0 0 0 0 0 0 0 0 1 0.2 0 0 0 0 0 0.6000000000000001 0 0 0 0.6000000000000001 34.4 0 18.2 44.6 34.6 5 24.200000000000003 27.8 27.200000000000003 31.400000000000002 5.6000000000000005 5.800000000000001 16.8 14.4 15.600000000000001 7.800000000000001 23.200000000000003 27.400000000000002 46.6 40.800000000000004 0 0.2 0.6000000000000001 0.4 0.4 0 0 0 0 0 0.6000000000000001 0 0.6000000000000001 0 0 0 0 0 5.6000000000000005 0.2 0 0.6000000000000001 0 0 0.4 0 0 0 0.6000000000000001 0.4 0 0 0 0 0.4 0 0 0 0 0 0 0 0 0 0 1.8 0 0 0 0 0 3.6 0 0 0 0 0 0 0 0 0 3.4000000000000004 2.4000000000000004 1.8 2.6 0 0.2 1.6 6 6 5.4 3.4000000000000004 3.6 0 3.2 3.8000000000000003 5.4 2.6 9.4 0 0 0 0 0 0 0 0 2.4000000000000004 0 0 0 0 2.8000000000000003 0 0 0 0 0 2 0.2 0 0 0 0 0 0 0 0 0 0.6000000000000001 0 0 0 0 0 0.4 0 0 0 0 1.4000000000000001 0 0 0 0 0 0 0 0 0 0 0 0 0 0 0 0 0 0 0 2 5.6000000000000005 0.2 0 0 3.4000000000000004 3.8000000000000003 0 1.8 1.6 0 13.200000000000001 11 1.2000000000000002 4.4 3.6 0 0 2.4000000000000004 7.800000000000001 0 0 0 0 0 0 3 0 0 0 0 0 2.6 0 0 0 0 0 6.800000000000001 0 0 0 2.8000000000000003 0 0 0 0 0 0 0 0 0 0 0 0 0 0 0 0 0 0 0 0 0 0 0 0 0 0 0 0 6.4 0 0 1 0 0 15.600000000000001 0.2 0 3.4000000000000004 0 0 0 0 0 0 0 0 0 0 0 0 0 0 0 0 0 0 0 0 2 0 0 0 3.8000000000000003 0 0 0 0 
 0 0 0 0.2 0.2 0 0 0.8 0.2 0 0 0.4 0.4 0.2 0.6000000000000001 0 0.4 0 0 0.6000000000000001 61.2 18.2 0 48.6 69.2 33.2 22.200000000000003 107.80000000000001 23.200000000000003 93.2 12.600000000000001 8.6 16.8 17 41.6 30.8 48.400000000000006 28.6 31.6 9.8 0 0.6000000000000001 0.6000000000000001 0.2 0.4 0 12.8 0 0 0 12.4 0 0.6000000000000001 13.200000000000001 0 0 0 0 12.4 0.4 10.200000000000001 0.6000000000000001 1.2000000000000002 0 0.4 0 0 0 0.6000000000000001 0.4 0 0.2 0 0 0.4 0 0 0 0.2 0 1 0 0 0 0 1.8 0 0 0.2 0 0 3.4000000000000004 0 0 0 0 0 0 0 0 2.8000000000000003 0 2.2 5.2 1.2000000000000002 0.4 1 0 4.2 3 0 8.200000000000001 1.8 0 12.200000000000001 10.4 3.2 4 2.6 3.6 0 1.6 0 0 0.2 0 1.4000000000000001 5.800000000000001 0 0 0.2 0 5.6000000000000005 6.2 0 0 0 3.8000000000000003 0.6000000000000001 2 0 0 0 0 0 0.2 0 0 0 1.2000000000000002 0 0 0 1.2000000000000002 0 0 0 0 0 0 0 0 0 0 0 0.4 0.6000000000000001 0.8 0 0 0 0 0 0 0 0 1.2000000000000002 0.4 0.4 1.8 0 0 0 0 2.6 0 0 2.8000000000000003 0 2.4000000000000004 8.4 2.8000000000000003 0 3 0 0 0 2.8000000000000003 0 2.4000000000000004 2 0 0 0 0 0 0 0 2.4000000000000004 0 0.4 0 4.800000000000001 0.8 0 0 0 0 14.200000000000001 0 0 0 0 0 0 0 0 0 0 0 0 0 0 0 0 0 0 0 0 0 0 0 0 0 0 0 0 0 0 0 0 0 0 0 1.2000000000000002 0 0.6000000000000001 0 0 0 0.4 0.2 0 0 0 0 1.8 0 0 0 0 0 0 0 0 0 0 0 0 0 0 2 0 0 0 4.2 0 0 0 0 
 0 0 0 0 0.4 0 0 0.4 0 0 0 0.4 0.4 0 0 0.6000000000000001 0.8 0 0 0 24.8 44.6 48.6 0 16.8 15.8 42.400000000000006 65.8 50.6 58.800000000000004 10.8 11.8 49 51.2 29.200000000000003 29.6 39.400000000000006 40 25.8 32 0 1 0.6000000000000001 0 1 1 0 0 0 0.2 0 0 13 1.2000000000000002 0 0 1 0 25 2.2 0 0.6000000000000001 0 0 0.4 0 0 0 1.8 0.4 0 0 0 0 0.8 1.2000000000000002 0.6000000000000001 0 0.8 0 0.2 0 0 0 0 0 0 0 0.4 0 0 0 0 0 0 0 0 0 0 0 0 1.6 0.2 1.6 0 3.6 2.6 7.4 2.4000000000000004 3 0.2 3.6 4.4 2 2 1.8 1.8 2.8000000000000003 0 0 0 0 0 0 0.4 0 1.8 0 0 0 0.4 0 10.600000000000001 0 0 0 0 0 2.8000000000000003 3.6 0 0 0 0 0 0 0 0 0 0 0 0 0 0 0 1.8 0 0 0 0 0.4 0 0 0 0 1.2000000000000002 0 0 0 0 0 0 0 0 0 0 1.2000000000000002 0.2 0 6 2.6 1.4000000000000001 1.8 0.2 1 1.4000000000000001 2.2 5.4 5.6000000000000005 3.6 9.4 4.2 0 1.8 3.8000000000000003 3.8000000000000003 4.6000000000000005 1.2000000000000002 0 0.2 1.8 0 0 0 0 0 7.2 0 0.2 0 0.2 0 5.4 0 0 0 0 0 6.800000000000001 5.2 0 0 0 0 0 0 0 0 0 0 0 0 0 0 0 0 0 0 0 0 0 0 2.2 0 0 0 0 0 6.800000000000001 0 0 0 0 0 3.4000000000000004 0.4 0 16.8 0.8 0 0 0.4 0 0 0 0 0 0 0 0 0 0 0.2 0 0 0 0 0 0 0 0 2.6 0 0 0 1.6 1.6 0 0 0 
 40.800000000000004 0 0 0 0.4 6.800000000000001 0 0 0.4 0 0 0.6000000000000001 0.4 0 1.4000000000000001 3.6 0 0 0 14.600000000000001 3.2 34.6 69.2 16.8 0 20.400000000000002 15.600000000000001 10.8 28 33.6 80 70 31.400000000000002 13.8 14 78.4 20.6 46.400000000000006 16.2 45.800000000000004 19.8 0 2 0 0.2 0.2 13.200000000000001 0.4 13.200000000000001 0 0.2 0 0.6000000000000001 16.400000000000002 24.6 0 0.2 0.4 12.200000000000001 0.8 0.4 3.2 0 0 0.4 0 0 0 0.6000000000000001 0.4 0 0 0 1 0.8 0 0 0 0 0 0 0 3.8000000000000003 0 0 0 0 0 0 0 0 0 4.6000000000000005 0 0 0 0 0 0 0 0 0 0.8 7.800000000000001 4 4 0 0 0 6.6000000000000005 0 0 0 0 1.8 7.800000000000001 0 4.2 0.4 0 5.6000000000000005 2.8000000000000003 2.4000000000000004 0 0 0 2 7 0 7.2 6 2 2.8000000000000003 4 0.2 2.4000000000000004 0 0 8.200000000000001 2.4000000000000004 0 0 0 0 0 0 0 0.4 3 0.6000000000000001 0 0 0 0 0 0 0 0 0 0 0.6000000000000001 0 0 0 0 0 0 0 0 0 0 0 1.2000000000000002 0 0 0.2 0 0 0 0 0 0.4 0 0 4.6000000000000005 1.2000000000000002 0 0 0 1.8 0 0.4 0 1.6 10 4.4 0 0.2 0 0 0 0 0.2 5 0 0 0 6.4 5 1.8 0 0 0.4 1.4000000000000001 5.4 2.6 0 2.2 3 0.4 0 0 0 0 0 0 0 2.4000000000000004 0.4 0 0 0 0 0 0 0 0 0 0 0.2 0 0 0 0 0 0 0 0 0 0 0 0 0 0 3.2 0.2 0.2 15 15.4 0.4 0 0 0 0 0 0 0 0 0 0 0 0 0 0 0 0 0 0 0 0 0 1.8 0.6000000000000001 0 0 0.6000000000000001 0 0 0 0 
 0 0 0 0 0 0 0 0 0.4 0 0.2 0 0.4 0 0 0 0 0 0 0 4.800000000000001 5 33.2 15.8 20.400000000000002 0 25.200000000000003 25.6 25 25.400000000000002 44 32 48.6 11 11.600000000000001 76.2 27.8 8.6 52.2 10.600000000000001 0 42.400000000000006 1.8 0 0.2 0 13.200000000000001 0 42.2 0.2 0 0 16.2 11.8 0 0 0 0 12.200000000000001 0.2 9.600000000000001 0.6000000000000001 2 0 0.4 0 0 0 0.6000000000000001 0.4 0 0.2 0 0 0.4 0 0.2 0 0 0 0 0 0 0.4 0 0 0 0 0 0.4 0 0 0 0 0.4 0 0 0 0 0.4 0 0 0.2 6.2 1.8 5.6000000000000005 0 0 0 4 4.4 0.8 0 0 0 0 3 1.6 0 0 0 1.8 0 0 0 0 1.2000000000000002 0 0 2.2 1.6 0 7 0.4 1.6 1.8 0 0 5.6000000000000005 3.8000000000000003 0 0 0 0 0 0 0 0 0 0.6000000000000001 0 0 0 2 0 0 0.4 0 0 0 0.4 0 0 0 0 0.8 0 0 0 0 0 0 0 0 0 3 0.4 0 0 1.6 0 1.8 0 6.6000000000000005 4.6000000000000005 2.2 0 0 2.6 0 7 3.8000000000000003 0 0 0 3.2 2.8000000000000003 1.4000000000000001 0 1.6 2.2 0 0 0 0 0 1.4000000000000001 4.2 6 0 0 0 3 1.8 3 0 0.2 1.6 5.800000000000001 2.6 0.4 0 0 0 0 0 0 0 0 0 0 0 0 0 0 0 0 0 0 0 0 0 0 0 0 0 0 0 0 0 0 0 0 0 0.8 0.8 0 0.8 15 1 1 0 0 0 0 0 2.4000000000000004 0 0 0 0 0 0 0 0 0 0 0 0 0 0 0 0 0 0 0 0 0 0 0 
 0 0 0 30.8 16.400000000000002 0 0 1 0.6000000000000001 14.600000000000001 0.4 15.600000000000001 0 0 0.6000000000000001 0 0 15.200000000000001 0.2 0.8 98 24.200000000000003 22.200000000000003 42.400000000000006 15.600000000000001 25.200000000000003 0 39 32 28 7.800000000000001 7.2 41.400000000000006 9.4 40.2 27.200000000000003 69 20 84 28 0 4.4 0.6000000000000001 0.4 0.4 0 0 1.6 0 0.2 0 0 0.6000000000000001 0 0.4 0 0 0 0 0.6000000000000001 0 1.4000000000000001 0 0 6.800000000000001 0 0 0 0.6000000000000001 0.4 0 0 0 0 0.4 0 1 0 0 0 0 0.2 0 1.4000000000000001 0 2 0 0 0 0 0 2.6 0 0 0 1.8 0 0 0 0 0 11 0.6000000000000001 1.8 0.2 5.6000000000000005 2.8000000000000003 4.2 6.6000000000000005 0 6.4 1.8 1.6 4.800000000000001 3.4000000000000004 5.6000000000000005 8.6 0 5.4 2 0 0 0 0 0 0 0 0 0 0 0 0 0.2 0 0 0 0 0 0 0 0 0 0 0.2 0 0.2 0 0 0 0 0 0 0 0 0 0 0 2.8000000000000003 2.6 0.4 0 0.2 0 2.2 0.6000000000000001 1.2000000000000002 0 0 0 0 2.6 2 0 0 0 2.4000000000000004 1.6 1.8 0 0 6.800000000000001 6 7.2 0 0 1.8 6.2 2.2 1.6 2 0 0.4 6.800000000000001 3 12.4 2 4 0 1.6 3.8000000000000003 0 0 0 0 0 0 0 0.6000000000000001 0 0 0 0 0 0 0 0 0 0 0 4.6000000000000005 0 0 6.4 0 0 0 0 0 0 0 0 0 0 0.2 0 0 0 0 0 0 0 0 2 0 0 0 4.4 0 12 0 0 0 0 0 2.8000000000000003 0 0.4 11.4 0.2 0.4 3.6 0.4 0 0 0 0 0 0 0 0 0 0 0 0 0 1.4000000000000001 0 0 0 0 0 3.8000000000000003 0 0 0 0 1.8 0 0 0 
 0 0 0 0 0 0 0 0 0 0.2 0 0 0 0.4 0 0 0 0 0 0.2 6.800000000000001 27.8 107.80000000000001 65.8 10.8 25.6 39 0 15.200000000000001 26.8 35.4 9.4 37.6 68 47 39.800000000000004 48.6 61.400000000000006 47.2 29.8 0 0.4 0.6000000000000001 0.2 0.4 0 0.4 0 0 0 15.600000000000001 0 0.6000000000000001 0 0.4 0 0 0 0 0 0.4 0.6000000000000001 2.6 9.200000000000001 0.4 0 0 9.600000000000001 0.6000000000000001 0.4 0 0 0 0 0.4 0 0 0.2 0 1.4000000000000001 0 0 0 0 0 2 0 0.2 0 0 0 0 0 0 0 0 0 0 0 0 7.800000000000001 3 4.6000000000000005 2.2 1 0 22.400000000000002 2.4000000000000004 2 3.8000000000000003 0.2 6.4 1.6 0 4.2 0 4.2 4 0 2.4000000000000004 0 0.2 0 0 0 0 0 0 0 0 0 0 4.2 0 0 0 0 0 0 0.2 0 0 0 0 0 0 0 0 0 0 0 0 0 0 0 0 0 0 0 0 0 0 0 0 0 0 0.4 0.2 0 0 0.4 0 0 0 0 0.8 0 0 0 0.2 11 0 5.2 5.2 6.6000000000000005 0.2 3.2 3.4000000000000004 1.4000000000000001 7.6000000000000005 9.200000000000001 6 0 4.4 2.4000000000000004 0 0 2 0 1.4000000000000001 0 0.4 0 0 0 0 0 0 0 0 0 0 2.4000000000000004 0 0 0 0 0 5.6000000000000005 4.2 0 0 0 0 0 0 0 0.4 0 0 0.2 0 0 0 0 0 0 0 0 0 0 0.2 0.4 0 0 0 0 0 0 0 0 0 0 0 0.4 0.4 0 0.2 15.600000000000001 0 0.4 3.6 0 0 0 0 1.6 0 0 0 0 0 0 0 0 0 0 0 0 0 0 3.4000000000000004 0 0 0.4 3 2.2 0 0 0 
 0.6000000000000001 0.6000000000000001 0.6000000000000001 0.6000000000000001 0.6000000000000001 0.8 0.6000000000000001 0.6000000000000001 0.6000000000000001 0.6000000000000001 0.6000000000000001 0.6000000000000001 1 1 1.2000000000000002 0.6000000000000001 0.6000000000000001 0.6000000000000001 0.8 1 72.60000000000001 27.200000000000003 23.200000000000003 50.6 28 25 32 15.200000000000001 0 64.2 7.6000000000000005 11.8 103 54.400000000000006 36.4 29.200000000000003 39.400000000000006 48.800000000000004 30.8 29 0 0.6000000000000001 1.2000000000000002 0.2 0.6000000000000001 0.4 0 0 0 0 0.2 0 0.6000000000000001 12.600000000000001 0 0 0.6000000000000001 0 17.400000000000002 0 0 0.6000000000000001 1 0 6.2 0 0 0 0.6000000000000001 0.4 0 0 0 0 0.4 0 1.8 0 0 0 0 0 0 0 0 0 0 0 0 0 0 0 0 0 0 0 0 0 0 0 0 0 2.6 3.6 0.8 3.8000000000000003 3.8000000000000003 3.4000000000000004 0 3.8000000000000003 0 0.6000000000000001 0 2.8000000000000003 6.4 4.4 1.6 1.2000000000000002 0 0 0 0 0 0 0 0 1.6 5.6000000000000005 0 0 0 0 2.8000000000000003 1.4000000000000001 0 0 0 0 1 0 0 0 0 0 0 2 1.6 0 2 2.4000000000000004 0 0 0 0.6000000000000001 0 0 0 0 1 0 0 0 0.2 0 0 0.6000000000000001 0.6000000000000001 1.6 0 0 0 0 0 0 0 0.2 0.6000000000000001 0 0 0.8 0.2 2 0 0.2 0 0.2 2 1.6 0.4 5.4 3.8000000000000003 4.6000000000000005 0 4.4 1.8 0 4.800000000000001 1.8 0 0 2.6 0 0 0 0 0 0 0 0 0 0 0 1.6 0.6000000000000001 0 0 0 0 6.2 1.4000000000000001 0 0 0 0 0 1.4000000000000001 0 0 0 2.6 0 0 0 0 0 0 0 0 0 0 0 0 2 0 0 0 0 0 0 0 0 0 0 0 2.8000000000000003 0 0.4 30.8 0 0.4 0.4 0 0 0 0 0 0 0 0 0 0 0 0 0 0 0 0 0 0 0 0 2.2 0 0 0 0 0 0 0 0 
 0.4 0.6000000000000001 0.4 0.4 0.4 0 0.4 1.6 0.6000000000000001 0.4 0.4 0.8 0.4 1 0.8 0.8 0.4 0.4 0.4 1 8 31.400000000000002 93.2 58.800000000000004 33.6 25.400000000000002 28 26.8 64.2 0 63 10.8 28.200000000000003 17.6 96.60000000000001 61 112 72.8 49.6 31.200000000000003 0.4 1 0.6000000000000001 0.2 0.4 0.6000000000000001 0.6000000000000001 0.4 0 0.8 13.4 0 0.6000000000000001 0 0 0 0 0.4 24.400000000000002 0 2 0.6000000000000001 1.8 0 0.4 0 0 0.2 0.6000000000000001 1.2000000000000002 0 0 0 0 0.4 1 0 0 0 0 0 0 0 0 0.4 2 0 0 0 0 0 0 0 0 0 0 0 0.2 0 0 2.8000000000000003 2.4000000000000004 2.2 1.4000000000000001 1.2000000000000002 0.2 3 0 2 6.2 0 5.2 1.6 0 5 0.2 2.8000000000000003 3.6 0 3.6 0 0.6000000000000001 0 0 0 0 1.4000000000000001 4.6000000000000005 0 0 0 0 7.800000000000001 2 0 0 0 0 0 0 0 0 0 0 0 0 0 0 0 0.8 0 0 0 0 0.4 3 0 0 0 0 0 0 0 0 0 2 1.2000000000000002 5.4 0 0 0 0 0 0 0.2 0.4 0.8 0 0 0.8 4.2 0 2 0.2 2.4000000000000004 1.2000000000000002 0.2 2.2 1.4000000000000001 2.2 5.6000000000000005 4.800000000000001 0 7.4 5.6000000000000005 2.8000000000000003 0 2 0 1.2000000000000002 2.4000000000000004 0 0 0 0 0 5.800000000000001 0.2 0 0 0 0 6.800000000000001 0 0 0 0.2 0.2 9.8 2.8000000000000003 0 0 0 0 0 0 0 0 0 0 0 0 0.4 0 0 0 0 0 0 0 0 0 0 0 0 0.2 0 0 0 0 0 0 0 0 0.4 0.4 0.4 15.200000000000001 0 0.6000000000000001 0 0.2 0 0 0 0 2 0 0 0 0 0 0 0 0 0 0 0 0 0 0 8.6 0 0 0 5 2.8000000000000003 0 0 0 
 0.2 0 0 0 0 0 0 0 0.4 0 0 0 0 0 0 0.6000000000000001 0 0 0 0 21.8 5.6000000000000005 12.600000000000001 10.8 80 44 7.800000000000001 35.4 7.6000000000000005 63 0 17.2 10.8 24 14.4 35.4 38.2 36.4 2.4000000000000004 12.600000000000001 12.8 0.4 0.6000000000000001 0.4 0.4 0 0 0 0 0.2 0 0 1.2000000000000002 13.600000000000001 12.4 0 0 0 1.4000000000000001 5 0.2 0.8 0 0 0.4 0 0 0 0.6000000000000001 0.4 0 1.4000000000000001 0 0 0.4 0 0 0.8 0 0.6000000000000001 0 0 0 0 0 0 0 0 0 0 0 0 0 0 0 0 0 0 0 0 0 2.6 6.2 4.4 2.4000000000000004 14 1.6 1 0 0 9.4 2.6 0 0 0 0 0 5.4 0 0 5.4 0 0 0 0 0 2 6.6000000000000005 0 0 0 0 0 1.4000000000000001 0 0 0 0.2 4.6000000000000005 0 0 0 0 0 0 0 0 0 0 1.2000000000000002 0 0 0 1.6 0 0 0 0 0 0 0 0 0 0 0 0 0 0.2 0 2.6 0 0 0 0 0 1.4000000000000001 0 0 0 0 2.8000000000000003 0 4.800000000000001 4.4 0 4 0 3.8000000000000003 0 1.8 0 2.6 0 0 0 0 1.6 4.4 0 0 7.2 0 0 0 0 4 2.4000000000000004 3.2 0 0 0 0 0.2 3.4000000000000004 0 0 2 0 2.8000000000000003 2 0 0 0 0 0 0 0 0 0 0 0 0 0 0 0 0 0 0 0 0 0 0 0 0 0 0 0 0 0 0 0 0 0 0 0.8 0 0.2 0 4 0.4 0 0 0 0 0 0 0 0 0 0 0 0 0 0 0 0 0 0 0 11.600000000000001 0 2 0 0 0 0 0 0 0 0 
