 0 12.600000000000001 36 31.400000000000002 7.4 9.200000000000001 34.4 73 61.6 84.60000000000001 41.6 9.8 70 10.8 8.200000000000001 42.2 41.2 22.400000000000002 112.4 48.6 0 0.4 0 0 0 0 0.2 0 0 0 0 0 0.2 0 0.6000000000000001 0 0 0 0.6000000000000001 0.4 1 0.6000000000000001 0.8 0 0.2 0 0 0 0.8 0 0.4 0 0.4 0 0.8 14.8 0 0.4 0 0.6000000000000001 0 9.4 0 0 0.6000000000000001 0 1.4000000000000001 1.4000000000000001 0 0 0.4 0 0.6000000000000001 0.8 0 0 0 0.6000000000000001 0 0.6000000000000001 5.800000000000001 8.4 2.2 3.4000000000000004 3.6 2.8000000000000003 0 2.6 1.8 1.2000000000000002 5 3.6 5.6000000000000005 5.800000000000001 7.4 0.2 4.4 1.4000000000000001 0 0.6000000000000001 0 0 0 0 0.4 0 0 0 0 0 0 0 0.2 0 0 0 0 0 3.2 0 0 0 0 0 0 0.2 0 0 0 0 0 0 0 0 0 0 0 0 0 0 0.2 0 0 0 0 0 0 0 0 0 0 0 0.2 0 0 0 0 0 0 0 2.2 1.6 0 1 0 2.2 0 0 0 4.4 5.6000000000000005 4.6000000000000005 6.6000000000000005 3.2 6.800000000000001 5.6000000000000005 2 0 0 3.6 2.6 0 0 0 0 0 2.2 0 0 0 0 0.4 0 3.6 0 0 0 0 3.6 0 0 0 0 0 0 0 0 0 0 3 0 0 0 0 0 0 0 0 0 0 0 0 0 0 0 0 0 0 0 0 0 0 0 0 0 0.4 0 0 0 0 0 5.800000000000001 0 0 0 0 0 0.4 0 10.200000000000001 0 1.2000000000000002 3 0 0 0 0 0 0 0 0 0 0 0 0 0 0 0 0 0 0 0 0 0.2 0 0 5.2 0 0 0 0 0 0 0 0 0 0 0 0 0 
 12.600000000000001 0 69 25.8 9.4 18.6 14.4 66.8 49.2 66.4 23.6 65 49.6 76.60000000000001 128.8 29.6 25.6 37.6 6 66.8 0 0 0 0 0 0 0 0 0.4 0 0 0 0.4 0 0 0 0 0.4 0 0 0 0 0.6000000000000001 0 0 0 0 0 0.4 0 0.4 0 0.8 0 0 1.2000000000000002 0 0 0 0.6000000000000001 1 0 0 0.6000000000000001 0.4 0 0 0.4 0.6000000000000001 0 0 0 0.4 0 0.4 0 0 0 0.4 0 0 16.6 0 8.200000000000001 0.4 2.8000000000000003 1.8 2 0 2.4000000000000004 5.4 9.600000000000001 3 0 1.6 0 8.8 5 0 1.2000000000000002 0 0 0 0 0 0 0 0 0 0 0 0 0 0.2 0 0 0 0 2.4000000000000004 0 0 0 0 0 0 0 0 0 0 0 0 0 0 0 0 0 0 0 0 0 0 0 0 0 0 0 0 0 0 0 0 0 0 0 0 0 0 0 4.2 0 2.2 0.8 7.800000000000001 0.2 2 1.8 4.800000000000001 3.6 0 2.6 3 1.4000000000000001 3.2 7 5.4 3.2 7.800000000000001 0 0 3 3 0 0 0 0 0 0 0 0 0 0 0 0 2.8000000000000003 0 0 4 0 2.8000000000000003 4.4 0 0 0 0 0 0 0 0 0 0 0 0 0 0 0 0 0 0 0 0 0 0 1.8 0 0 0 0 0 0 3.2 0 0 0 0 0 0 0 0 0 0 0 6.2 0 0 0 0 1.8 0.4 19 19.8 0.2 2 0 0 0 0 0 0 0 0 0 0 0 0 0 0 0 0 0 0 0 0 0 0 0 0 0 0 0 0 0 0 0 0 0 0 0 0 0 0 
 36 69 0 37.800000000000004 27.8 7 32.2 41.800000000000004 13.200000000000001 10 31 39.800000000000004 31 36.4 49.400000000000006 54.400000000000006 65.60000000000001 56.2 18.8 7.4 0 0 0.2 0 0 0 16.400000000000002 0 0 0 0.4 0 0 0 0.4 0 0 0 15 0 0 0 0 0 0 0 0 0 0.4 0 0.4 0 0.4 0 0 0.6000000000000001 0 0 0 0.6000000000000001 0 0.6000000000000001 0 1.2000000000000002 0.6000000000000001 0 0 0 0 0 0 0 0 0 0 0 0 0 0 0 9.200000000000001 10.200000000000001 0 0 2 2.4000000000000004 7.4 8.8 2.4000000000000004 7 3.8000000000000003 1.4000000000000001 5.800000000000001 2.2 0.6000000000000001 3 7.4 0.4 0 0 0.2 0 0 0 0 0 0 0 0 0 0 0 0 4 0 0 0 0 0 3.2 0 0 0 0 0 0 0 0 0 0 0 0 0 0.2 0 0 0 0 0 0 0 0 0 0 0 2 0 0 0 0 0 0 0 0 0 0 0.4 0 0 0 0.6000000000000001 2 10.200000000000001 0 3.4000000000000004 0 3 2.4000000000000004 5.4 2.8000000000000003 2 8.4 0 7.800000000000001 6.4 3.2 0 2 0 5.6000000000000005 0.2 0 0 0 0 0 3.8000000000000003 2 2 0 0 0 2.2 0.2 0 0 0 0.2 5.800000000000001 2.2 0 0 0 0 0 0 0 0 0.4 0 0 0 0 0 0 0 0 0 0 0 0 0 0 0 0 0 0 0 0 0 0 0 0 0 0 0 0 0 0 0 0 0.2 0 0 0 0.4 1.2000000000000002 0 9.200000000000001 1.4000000000000001 0.4 1.2000000000000002 0.8 0 0 0 0 0 0 0 0 0 0 0 0 0 0 0 0 0 0 0 0 0 0 2.4000000000000004 0 0 0 0 0 0 0 0 0 0 0 0 0 0 
 31.400000000000002 25.8 37.800000000000004 0 39.400000000000006 49.400000000000006 13 31.400000000000002 36.2 34.800000000000004 30.8 33.2 12 16 38.6 32 5 60.6 13.8 17.6 0.4 1.4000000000000001 0.4 0 0 0.4 0.4 0 0.6000000000000001 0.8 1 0.4 6.6000000000000005 14.8 0.4 0.4 0.8 0 14.8 0.2 0 0 1.4000000000000001 0.4 0.4 0 0 0.6000000000000001 0.8 0.2 1 0.2 1.2000000000000002 0.6000000000000001 0 0.6000000000000001 0 0.4 0 0.6000000000000001 10.600000000000001 0 0.4 0 0.4 0 0 1.2000000000000002 0.6000000000000001 0.6000000000000001 0 0 0 0 1 0.6000000000000001 0.6000000000000001 0.4 0.8 0 0 2.8000000000000003 2.8000000000000003 7.4 4.2 2.8000000000000003 0 0 4.800000000000001 7.2 2.8000000000000003 5.6000000000000005 6 1.4000000000000001 2.8000000000000003 13.200000000000001 0.4 6.800000000000001 0 1.8 0 0 0 0 5 0 0 0 0 0 0.2 0 2.6 4 0 0.4 0 0 4.800000000000001 2.8000000000000003 0 0 0 0 0 0 0 0 0 0 0 0.4 0 0 0 0 0 0 0 0 0 0 0 0 0.2 0 0 0 0 0 2.6 0 0 0 0 0 0 0 0 0 0.4 0.8 0 0 0 4.6000000000000005 0.4 0 4.4 6.800000000000001 3.2 0 8.200000000000001 0 3 11.200000000000001 5 6.6000000000000005 0.2 0.2 2.8000000000000003 0 0 0 0 0 0 0 0 0 0 0 0 1.8 0 0 0 0 2.6 3.6 0 0 0 1.6 0 0 0 0 0 0 0 0 0 0 0 0 0 0 0 0.4 0.2 0 0 0 0 0 0 0 0 0 0 0 0 0 0 0 0 0 0 0 0 0 0 0 0 0 17.400000000000002 0.4 0.4 18.400000000000002 0 1.8 0 0 0 0 0 0 0 0 0 0 0 0 0 0 0 0 0 0 0 0 0 0 0 2 2.8000000000000003 2.4000000000000004 0 0 0 0 0 0 0 0 0 0 0 0 
 7.4 9.4 27.8 39.400000000000006 0 27.200000000000003 5.800000000000001 66.8 29.8 37.4 16.400000000000002 40 14.4 29 15 13.200000000000001 27.400000000000002 9.200000000000001 9.600000000000001 47.800000000000004 0 14.200000000000001 0 0 0 0.6000000000000001 0.6000000000000001 0 0 0 0 0.4 0.2 0.2 0 0 15 0.8 0 0.2 0 0 1 5.4 0 2.6 0 0 0.8 0 0.4 0.2 0.4 0 0 0.6000000000000001 0 0 0 0.6000000000000001 2 0 0 0 0.6000000000000001 0 0 0 0 0 0 9.4 0 0 0 1.2000000000000002 0 0 0 0 1.8 2.8000000000000003 3.4000000000000004 5.6000000000000005 6.6000000000000005 7.800000000000001 0 3.4000000000000004 3.4000000000000004 0 6.800000000000001 0 0 0 2.6 1.4000000000000001 3.2 0 0 0 0 0 0 0 0 0 1.4000000000000001 6.6000000000000005 3.4000000000000004 3.8000000000000003 0.2 0 0 9.4 0.2 3.4000000000000004 2.2 0 12 2.6 0 0 0 0.4 0 0 0 0 0 0 0.4 0 0 0 0.2 0.8 0 0 0 0 0 0 0 0 0 0 0 0 0 0 0 0.2 0 0 0 0 0 0 0 0 0 0.4 2.4000000000000004 0 0.8 2.2 0 2 4.6000000000000005 3 0 10.200000000000001 0 0 2.4000000000000004 9.8 0 0.2 3.6 1.8 6.4 2.6 0 0 0 0 0 4 4 0 0 0 2 5.800000000000001 5.6000000000000005 0 0 1.4000000000000001 0 2.8000000000000003 0 0 0 0 0 0.2 0 0 0 0 0 0 0 0 0 0.4 0 0 0 0 0 0 0 0 0 0.4 0 0 0 0 0 0.2 0 0 0 0 0 0 0 2.2 0 0 0 0 0 0 10.200000000000001 0 25.200000000000003 0.6000000000000001 0 3.2 0 0.2 0 0 0 0 0 0 0 0 0 0 0 0 0 0 0 0 0 0 0 0 0 1 0 4.6000000000000005 0 0 0 0 0 0 0 0 0 0 0 0 
 9.200000000000001 18.6 7 49.400000000000006 27.200000000000003 0 7.6000000000000005 17.400000000000002 27.6 28.8 35.800000000000004 11.200000000000001 6.2 18.400000000000002 11 29.400000000000002 77 26.200000000000003 13.4 28.6 10 0.4 0 0 0 0 17 0.4 0 0 0 0 0 0 0 0 15 0 14.4 0 0 0 0.4 0 0 5.6000000000000005 0 0 0.4 0 0.4 0 0.4 0 0 0.6000000000000001 0 0 0 0.6000000000000001 0 0 0 0 0.6000000000000001 0 0 0 0 0 0 0 0 0 0 0 0 0 0 3.2 1.8 3.6 4.4 4.6000000000000005 5.6000000000000005 6.800000000000001 0 3 0 0 11.600000000000001 2.2 0 0 4.4 0 3.2 2 0 0 0 0.2 0 0 0 1.2000000000000002 0 0 2.6 5.2 0 0 0.2 9 0.4 0 0 0 14.4 0 0 0 0 0 0 3 0 0 0 0 0 0 0.4 0 0 0 0 0 0 0 0 0 0 0.2 0 0.4 0 0 0 0 0 0 0 0 0 0 0 0 0 0 0 0 3.8000000000000003 0 0.2 1.8 0 0 7 0 4 5.800000000000001 3.8000000000000003 0 2.8000000000000003 6.6000000000000005 3 0.8 0 0 6.6000000000000005 0 0.4 0 0 0 2.8000000000000003 4.6000000000000005 0 0.4 3.2 0 3.8000000000000003 7.800000000000001 0 0 0 0 0.8 0 0 0.2 0.4 0 0 0 0 0 0 0 0 0.4 0.4 0 0 0 0 0 0 0 0 0 0 0 0.4 0 0 0.4 0 0 0 0 0 0 0 0 0 0 0 0.4 0 0 0 0 0 0.6000000000000001 9 0 1 0.4 0 1.2000000000000002 0 0 0 0 0 0 0 0 0 0 0 0 0 0 0 0 0 0.4 0 0 0 0 0 1.2000000000000002 0 5.2 0 0 0 0 0 0 0 0 0 0 0 0 
 34.4 14.4 32.2 13 5.800000000000001 7.6000000000000005 0 15 30.400000000000002 28.8 27.200000000000003 8.8 59.800000000000004 8.8 7 51 11 22 106.80000000000001 29.400000000000002 0 0.4 0 0 0.6000000000000001 14.600000000000001 0 0 0 0 0 0 0 0 0 1 0 0 0 0 0 0 0.2 0.4 0 0 0 0 0.4 0 0.8 0 0.6000000000000001 0.2 2 0.6000000000000001 0 0 0 0.6000000000000001 0 0.2 0 5 0.4 0 0.6000000000000001 0 0 0 0 0 0 0 0 0 0 0 0.2 0 8.8 0 0 0 0 0 7.6000000000000005 19.200000000000003 2.8000000000000003 5.6000000000000005 0 0.8 6.800000000000001 2.2 0 3 4 3 5 7 0 2.8000000000000003 0 0 4 0 0 0 0 0 0 0 0 0 0 0 0 0 0 0 0 0 0 0 0.2 1.8 0 0 0 0 0 0 0 0.2 0 0 0 0 0 0 0 0 0 0 0 0 0 0 0 0 0 0 0 0 4 0 0 0 0 0 3.8000000000000003 2 2.8000000000000003 2.2 0 0 21.8 2.4000000000000004 1.4000000000000001 0 1.6 2.4000000000000004 4.2 0 0 0 2.8000000000000003 6.800000000000001 0 2.4000000000000004 0 0 0 2 0 0 0 0 1.8 0 0 0 0 0 0 0 0 0 0 0 0 0 0 0 0.4 0 0 0 0 0 0 0 0 0 0 0 0 0 0 0.2 0 0 0 0.4 0 0 0.2 0 0 0 0.4 0 0 0 0 0 0 0 0 0 0 0 0 0 0.2 0 0 0 0.4 0.2 0 0.6000000000000001 3.2 0 0 0 0 0 0 0 0 0 0 0 0 12.8 0 0 0 0 0 0 0 0 0 3 0 0 0 0 0 0 0 0 0 0 0 0 0 0 
 73 66.8 41.800000000000004 31.400000000000002 66.8 17.400000000000002 15 0 16.400000000000002 29.8 58.6 10.8 90 52.2 88 36.2 24.8 53 11.8 26.200000000000003 0 0.8 0 0 0 1.2000000000000002 0.8 0.2 0 0 0.4 0.8 0.4 0 0.2 0 0 0.2 0.2 0 0 0 1.6 0 8 0.2 0 0 0.4 0 0.4 0.2 0.4 0 0 0.6000000000000001 0 0 0 0.6000000000000001 0 0 0 0 0.4 0 0 0 0 10.200000000000001 0 0 0 0 0 0 0 0 0.2 0 1.8 8.8 4.800000000000001 0 1.8 4.800000000000001 0 10.8 2.8000000000000003 0 2.8000000000000003 0 0 2.2 0.6000000000000001 2.2 1.8 0 0 0.4 0 0 0 0 0 0 0 0 0 0 0 0 3 2.6 0 0 0 0 4.4 0 0 0 0 0 0 0.2 0 0 0 0 0 0 0 0 0 0 0 0 0 0 0 0 0 0 0 0 0.4 0.4 0 0 0 0 0.2 0 0 0 0 0 0 0 0 1.8 3.4000000000000004 0.2 1.8 3.6 0 2.2 8.200000000000001 0 1.8 0.2 1.2000000000000002 1.6 4 6.4 2 0.2 0 0 0 0 0.2 0.6000000000000001 0 0 7 0 0 0 0 0 0 3 0 0 0 0 4.6000000000000005 0 0 0 0.2 0 0 0 0 0 0 0 0 0 0.2 0 0 0 0 0.2 0 0 0 0 0 0 0 0 0 0 0 0 0 0 0 0 0 0 0 0.2 0 0 0 0 0 0 0 0 0.4 0.2 18.2 0.6000000000000001 0 4.2 0 0 0 0 0 0 0 0 0 0 0 0 0 0 0 0 0 0 0 0 0 0 0 1.6 0.8 2.6 0 0 0 0 0 0 0 0 0 4.4 0 2 
 61.6 49.2 13.200000000000001 36.2 29.8 27.6 30.400000000000002 16.400000000000002 0 18.2 10.8 9.200000000000001 22.200000000000003 34.2 18.6 25.200000000000003 23.8 39.800000000000004 34.2 22.6 15.8 0 0.2 0 0 0 0 0 0 0 0 0 14.8 0 0 0 0 0 0.4 0 0 0 0 0.4 0 0 0 0 0.4 0 0.4 0.4 0.4 0 1 0.6000000000000001 0 0 0 0.6000000000000001 0 0 0 9 0.6000000000000001 0 0 0 0 0 0 0 5.4 0 0 0 0 0 0 0 6.800000000000001 0 5.800000000000001 2.4000000000000004 3.6 1.8 3.6 0 2.2 6 2.6 1 4.800000000000001 1 11.8 4.4 3.6 2.6 0.2 6 0 0 0 0 0 0 0 0 0 0 0 0 0 0.2 0 0 0 0 3.6 0 0 0 0 0 0 1.8 0 0 0 0 0 0 0 0 0 0 0 0 0 0 0 0.2 0 0 0 0 0 0 0 0 0 0 0 0 0 0 0 0 0.2 0 10.4 0 2.8000000000000003 3.8000000000000003 0 0 2.6 1.4000000000000001 0 0 1.4000000000000001 0 3.4000000000000004 0 0 0 5.4 0 0 0 2 0 0 0 0 0 4.800000000000001 2 0 0 0 0 0.2 0 0 0 0 0 0 1.8 0 0 0 0 0 0 0 0 0 0 0 0 0 0 0 0 0 0 0 0 0 0 0 0 0 0 0 0 0 0 0 0 0 0 0 0 0 0 0 0 0 0 0 0 0 0 0 0 0.4 0.2 0.4 0 0 0 0 0 0 0 0 0 0 0 0 0 0 0 0 0 0 0 0 0 0 0 0 0 0.4 0 0 0 0 0 0 0 0 0 0 0 0 0 
 84.60000000000001 66.4 10 34.800000000000004 37.4 28.8 28.8 29.8 18.2 0 116 27.200000000000003 30.6 35 25 23.8 57.2 26.6 67.8 28.200000000000003 12.200000000000001 0 0 0.2 0 0 0.4 0 0 0 0 0 7 0 0 0 0 0.2 0 0 0 0 0 0 0 0 0 0 0.4 0 0.4 0 0.4 0 0 0.6000000000000001 0 2 0 0.6000000000000001 7.800000000000001 0 0 0 0.6000000000000001 0 0.8 0 0 0 0 0 0 0 0 0 0 0 0 0 0.4 5.6000000000000005 0 5.6000000000000005 7 3.8000000000000003 0 7.800000000000001 0 1.8 6.2 4.4 0 1.6 4.4 0 6 5.4 0 0 0.8 8 1.2000000000000002 0 0 0 3.4000000000000004 0.4 0 0.2 0 0 5 2 0 0 0 0 9 3 0 0 0 0 0 0 0 0 0 0.2 0 0 0 0 0.2 0 0 0 0 0 0 0 0 0 0 0 0 0 0 0 3.2 0.4 0 0 0 0 2.6 0 0 0 2.4000000000000004 3 2 2 2 2.2 3.6 0 0 3 2.2 9.200000000000001 0.6000000000000001 2.8000000000000003 0.8 0.2 2.2 1.8 0 2 0 0 0 0 0 0 0 0 0 0 0 0 0 6 3.2 0 0 0 0 4.800000000000001 0 0 0 1.8 0 0 0 0 0 0 0 0 0 0 0 0.2 0 0 0 0 0 0 0 0 0 0.2 0 0 0 0 0 0.4 0 0 0 0 0 0 0 0 0 0 0 0 0 0 19 0.4 0 19.400000000000002 2 1.6 1.6 0 0 0 0 0 0 0 0 0 2 0 0 0 0 0 0 0 0 0 0 0 0 0 2 0 0 0 0 0 0 0 0 0 0 0 0 0 
 41.6 23.6 31 30.8 16.400000000000002 35.800000000000004 27.200000000000003 58.6 10.8 116 0 107.80000000000001 31.200000000000003 7.4 12.8 14.4 45.800000000000004 41.2 24.6 92.4 0 0.2 0 0 0 0 15.600000000000001 0 0 0.8 0 0 24.200000000000003 12.8 0 0 0.2 0 29.200000000000003 5.2 0 0 1 0.8 0 0 0 0 0.4 0 0.4 0 0.4 0 0 0.4 0 0.6000000000000001 0 0.4 0 0.2 0 0 0.6000000000000001 0 0 0 0 0 0 0.2 0 0 0 0 0 0 0.2 0 4.800000000000001 7.6000000000000005 2 0.2 0 5.4 0 1.6 3.6 1.8 2.2 4.800000000000001 2.4000000000000004 0 0.2 4.800000000000001 2.8000000000000003 4.2 0 2.2 1 0 0 0 0 0 3 0 0 2 0 0 8 1.4000000000000001 0 2.4000000000000004 1.8 0 3.2 4.6000000000000005 0 0 0 0 0 2 0 1.8 0 0 0 0 0 0 0 3 0 0 0 0 0 0 0 0 0 0.4 0 0.4 0 0 0 0 0.2 0 0 0 0 0 0 0 0 0 0 3.8000000000000003 0 10.200000000000001 0 0 0 3.4000000000000004 5.800000000000001 3 1 2.2 2.4000000000000004 0 4 1.2000000000000002 0 0 0 0.2 0 0 0 0 0 0 0 0 0 0 1 3 2.4000000000000004 3 0 0 0 5.800000000000001 0 0 0.2 0 0 0 0 0 0 0 0 0 0.4 0 0.2 0 0 0.2 0 0 0 0 0 0 0 0 0 0 0 0 0 0 0 0 0 0 0 0 0 0 0 0 0 0 0 0 0.6000000000000001 0 0 0 3.2 0 0 0 0 0 0 0 0 0 0 0 0 0 0 0 0 0 0 0 0 0 0 0 0 0 3.2 0 0 0 0 0 0 0 0 0 0 0 0 0 
 9.8 65 39.800000000000004 33.2 40 11.200000000000001 8.8 10.8 9.200000000000001 27.200000000000003 107.80000000000001 0 11.600000000000001 25.8 18.8 13.8 93.80000000000001 21.8 8.6 76.60000000000001 14.4 29.200000000000003 0 0.4 0.4 0 0.2 0 0 0.4 0 0 18.6 30.6 0 0 0 0 1.2000000000000002 15.200000000000001 0 0 0.4 0 0 0 0 0 0.4 0 0.4 0 0.4 0 0 0.6000000000000001 0 0.6000000000000001 0 0.6000000000000001 0.2 0 0 0 0.6000000000000001 0 0 0 0 0 0 0.2 0 0 0 1 0 0.2 0 0 0 8 0 4.2 0 8.200000000000001 0 2.2 4.6000000000000005 0 3.6 2.4000000000000004 0 0 0.2 0 3.2 5.6000000000000005 0 0 1.4000000000000001 2.2 0 0 0 0 3.4000000000000004 2 1.4000000000000001 0 0 0 3.2 2.8000000000000003 0.2 2 1.6 0 0 10 0 0.4 0 0 0 0 0 0 0 0 0 0.4 0 0 0 0 0 0 0 0 0 0 0 0 0 0 0 0 0 0 0 0 0 0 0.4 0 0 0 0 0 0 0 2.2 0.2 3.4000000000000004 2.4000000000000004 0 2 0 5 0 3.8000000000000003 0 13.600000000000001 1 3.4000000000000004 1.4000000000000001 0 0 1.4000000000000001 0 7.2 1.4000000000000001 0.2 0 0 1.8 0 2.2 0 0 0 1.2000000000000002 0 0.2 0 2.2 2 0 4.800000000000001 0 0 0 0 0 0 0 0 0 0 0.4 0 0 0 0 0 0 0 0 0 0 0 0 0 0 0 0 0 0 0 0 0 0 0 0 0 0 0 0 0 0 0 0 0 0 0.2 0.2 0 20.8 0 0.8 3.2 0 0 0 0 0 0 0 0 0.2 0 2.6 0 0 0 0.2 0 0 0 0 0 0 0 0 0 0 0 0 0 0 0 0 0 0 0 0 0 0 0 
 70 49.6 31 12 14.4 6.2 59.800000000000004 90 22.200000000000003 30.6 31.200000000000003 11.600000000000001 0 20.200000000000003 48.800000000000004 21.8 40.2 42.800000000000004 61.400000000000006 49.400000000000006 0 0.2 0 0 0.8 0 0 0 0 0.2 0 0 0 0 0.4 0.8 0 0 0.4 0 0.6000000000000001 0 0.8 0.8 0.2 0 0 0.4 0.4 0 0.4 0 0.4 0 0 20.400000000000002 0 0 0 1.2000000000000002 0 6.800000000000001 0 0.2 1 0.6000000000000001 1 0 0 0.6000000000000001 0 0.2 0 0 0.6000000000000001 0 0 0.6000000000000001 0 1.2000000000000002 6.4 10.200000000000001 4.800000000000001 0 3 2.6 2 10.200000000000001 6 5.800000000000001 0.2 2.4000000000000004 6.6000000000000005 4 4 3.4000000000000004 2.2 0 0 2.4000000000000004 0 0 0.4 0 0 0 0 0 0 0 0 0 0.2 0 0 0 0 0 2.8000000000000003 0 0 0 2.6 0 0.2 2 0 0 0 0 0 0 0 0 0 0 0 0 0 0 0 0 0 0 0 0 0 0 0 0 0 0.4 0 0 0 0.2 0 0 0 0 4.6000000000000005 4.2 0 1.8 0 0 2.8000000000000003 0 0.2 2.2 1.4000000000000001 2.6 7.2 0 5.2 3.8000000000000003 5.4 3 0 5.6000000000000005 0 0 0 0 0 0 2.8000000000000003 0 0 0 0 0 0 0 0 0.4 0.4 0 3.6 0 0 0 0 0 0.4 0 0 0 0 0 0 0 0 0 0 0 0 0 0 0 0 0 0 0 0 0 0.2 0 0 0 0.2 0 0 0 0 0 0 0 0 0 0 7.6000000000000005 0 0 0 0 0 0 0 17.8 0 4.4 2.2 0 0 0 0 0 0 0 0 0 2.4000000000000004 0 0 0 0 0 0 0 0 0 0 0 0 0 5.2 0 0 0 0 0 0 0 0 0.4 0 0 0 0 
 10.8 76.60000000000001 36.4 16 29 18.400000000000002 8.8 52.2 34.2 35 7.4 25.8 20.200000000000003 0 40.2 43 42.400000000000006 22.200000000000003 18.400000000000002 73.4 0 0 0 0 0 0 0 0 0 0 0 0 0.2 0 0 0.4 0 0 0 0 0 0 0.4 0.2 0 0 0 0 0.4 0 0.4 0 0.4 0 0 0.6000000000000001 0 0 0 0.6000000000000001 0 0.2 0 0 0.6000000000000001 0 0 0 0 0 0 0 0 0 0 0 0 0 0 0 1.8 8 0 5 2.2 3 0 2.4000000000000004 1.8 0.2 14 0 3.2 2.2 14.8 0 6.800000000000001 3.8000000000000003 2.2 0 0 0 0 0 0 0 0 0 0 0 0 0 0.2 0 0 0 0 0 6.4 2.4000000000000004 0 0 0 0 0 0 0 0 0 0 0 0 0 0 0 0 0 0 0 0 0 1.2000000000000002 0 0 0 0 0 0 0.6000000000000001 0 0 0 1 0 0 0 0 0 6 0 3.4000000000000004 3.4000000000000004 4.800000000000001 0 3 0 4 5.800000000000001 0 0 7.4 0 3 4 5.4 5.4 2.8000000000000003 0 0 14.200000000000001 3.2 0 0 0 0 0 3.6 0 0 0 0 0 0 0 0.2 0 2 0 6.6000000000000005 0.2 0 0 0 0 0 0 0 0 0 0 0 0 0 0 0 0 3 0 0 0 0 0 0 0 0 0 0 0 0 0 0 0 0 2 0 0 0 0 0 0 0 11 0 0 0 0 0 0 1.2000000000000002 0.4 0 1.4000000000000001 0 0 0.2 0 0 0 0 0 0 0 0 0 0 0 0 0 0 0 0 0 0 0 0 0 0 0 0 0 0 0 0 0 0 0 0 0 0 0 
 8.200000000000001 128.8 49.400000000000006 38.6 15 11 7 88 18.6 25 12.8 18.8 48.800000000000004 40.2 0 41.800000000000004 54.400000000000006 25.200000000000003 14 39.800000000000004 0.4 0 0.4 0.8 0.4 0.4 0.4 0.4 0.4 0.4 0.4 0 0.4 0 0.6000000000000001 0.4 0 0.4 15.200000000000001 0.4 0 0.2 0 0.4 0.4 0.4 0 0 0.4 0 0.4 0 1 0 0.2 0.6000000000000001 0.4 0 0 0.6000000000000001 0 0 0 0.4 0.4 0 0 0 0 0 0 0 0 0 0 0 0 0 0.6000000000000001 0 0 10.600000000000001 4.4 5 0.2 5.2 0 3.2 0.2 1.8 6.4 1.2000000000000002 0 0.2 4.2 0.2 3.4000000000000004 2 0 0 0 0 0 0 0 0 0 0 0 0 0 0 2.8000000000000003 7.2 0 0 0 0 7.2 0 0 0 0 0 0 0 0 0 0 0 0.4 0 0 0 0.2 0 0 0 0 0 0 0 0 0 0 0 0 0 0 0 0 0.2 0 0 0 0 0 0 0 0 0.2 0.6000000000000001 9.200000000000001 0.2 1.8 3.8000000000000003 0 2.6 7.2 2 4.6000000000000005 0 4.4 3.2 7 11 8.200000000000001 2.8000000000000003 0 0.4 0 0 0 0 0 0 0 0 0 0 0 0 0 4.6000000000000005 0 0 0 0 5.4 0 0 0 0 0 0 0.2 0 0 0 0 0 0 0 0 0 0.4 0.2 0 0 0 0 0 0 0 0 0.4 0 0 0 0 0 0 0 0 0 0 0 0 0 0 0 0 0 0 0 0 9 0 18 0.4 0.6000000000000001 0.2 0 0.2 0 0 0 0 0.4 0 0 0 0 0 0 0 0 0 0 0 0 0 0.2 0 0 1.2000000000000002 0 5.2 0 0 0 0 0 0 0 0 0 0 0 0 
 42.2 29.6 54.400000000000006 32 13.200000000000001 29.400000000000002 51 36.2 25.200000000000003 23.8 14.4 13.8 21.8 43 41.800000000000004 0 15 34 26.400000000000002 17.8 0 0.2 0.6000000000000001 0.6000000000000001 0 0.4 0 0 0.4 0 0 0 0.6000000000000001 0 0.6000000000000001 0 0 0.4 15.4 0 0 0 0.2 0.4 0 0 0.6000000000000001 0 0.4 0 0.4 0.4 1.2000000000000002 0 0 0.6000000000000001 0 0 0 1 0 0 0 0.6000000000000001 0.4 0 0.2 0 6.4 0.6000000000000001 0 0 0 0.6000000000000001 0 0 0 0.4 0.6000000000000001 0 2.8000000000000003 5.6000000000000005 0 2.8000000000000003 3.8000000000000003 3.2 4.6000000000000005 0.2 18.2 5 1.6 9.4 3 6.800000000000001 2.2 0 5.800000000000001 2.2 0.2 2.8000000000000003 0 0.2 0 0 0 0 0 0 0 0 0.2 0 3.4000000000000004 0.2 0 0 0 0 0 0 0 0 0 0 0 2.4000000000000004 0 0 0 0 0 0 0 0 0 0 0.4 0 0 1.4000000000000001 0 0 0 0 0 0 0 0 0 0 0 0 0 0.4 0 0 0 0 0 0 2.2 4.2 8.4 1.6 1.8 2 0 3.6 1.2000000000000002 4.2 6 0 11.200000000000001 3.2 8.8 8.4 6 2 0 0.2 0 0 0 0 0 0 0 0.2 0 0 0 0 0 0 0 0 0 0 5 0 0 0 0 0 0 0 0 4.2 0 0 0 0 0 0.4 0 0 0 0 0 0 0 0 0.2 0 0 0 0 0 0 0.4 0 0 0.2 0 0 0 0 0 0 0 0 0 0 0 0 0 0 0 18.2 17.400000000000002 0.2 4.6000000000000005 0 0 0 0 0 0 0 0 0 0 0 0 0 0 0 0 0 0 0 0 0 0 0 0 0.2 0 0 0 0 0 0 0 0 0 0 0 0 0 
 41.2 25.6 65.60000000000001 5 27.400000000000002 77 11 24.8 23.8 57.2 45.800000000000004 93.80000000000001 40.2 42.400000000000006 54.400000000000006 15 0 37 97.60000000000001 51.2 0 0.6000000000000001 0.6000000000000001 0 0 0 8.200000000000001 0 0 0 1 0.4 0 0 0.8 0 0 0 0 0.2 0 0 0 0.4 0 0 0.4 0 0.4 0 0.4 0 0.4 0 0 0.6000000000000001 0 0 0 0.6000000000000001 0 0.4 0.6000000000000001 1.8 1 0 2 0 0 0.4 0 0.6000000000000001 0 0 0 0 0.6000000000000001 0 0.2 0 8 7.6000000000000005 0 4.6000000000000005 8.8 2.6 1.8 6 3.4000000000000004 4 3.2 0 8.6 0 2.8000000000000003 4.800000000000001 13 2.4000000000000004 0 3.6 0 0 0 0 0 0 0 0 0 0 0 0 0 0 0 0 0 0 2.4000000000000004 4.4 0 0 0 0 0 2 0 0 0 0 0 0 0 0 0 0 0 0 0 0 0 0 0 0 0 1.2000000000000002 0 0 0 0 1 0 0 0.2 0 0 0 0 0 0 2 0.8 5 1.2000000000000002 0 0 6.6000000000000005 2 0 4.800000000000001 0.6000000000000001 6.2 0.4 2.4000000000000004 2.4000000000000004 5.6000000000000005 2.6 2.4000000000000004 0 8 0 0 0 0 0 0 0 0 0 0 0 0 3.2 0 0 0 0 0 0 0 0 0 0 0 0 0 0 0 0 0 0 0 0 0 0 0 0 0 0 0 0 0 0 0 0 0 0 0 0 0 0 0 0 0 0 0 0 0 0 0 0 6.4 0 0 0 0.4 0 0.4 21 0.8 0 0.4 7.6000000000000005 0 0 0 0 0 0 0 0 0 0 0 0 0 0 0 0 0 0 0 0 0.2 0 3.2 1.2000000000000002 0 0 0 0 0 0 0 0 0 0 0 0 0 
 22.400000000000002 37.6 56.2 60.6 9.200000000000001 26.200000000000003 22 53 39.800000000000004 26.6 41.2 21.8 42.800000000000004 22.200000000000003 25.200000000000003 34 37 0 5.4 5.4 16.400000000000002 0.2 0 0 0 0 0 0 0 0 0.2 0 15.200000000000001 0 0 0.2 0 0 0 0 0 0 0.4 0 0 0 0 0 0.4 0.8 0.4 0 0.6000000000000001 0 0 0.6000000000000001 0 1 0 0.6000000000000001 0 0 0 0.2 0.4 0 0 0 0 0 0.8 0 0 0 0 0 0 0 0.6000000000000001 0 3.8000000000000003 9.4 0 1.6 3.8000000000000003 0 0 0.2 0 1.2000000000000002 3.2 8.8 4.2 4.6000000000000005 0 0 2 1.6 0 1 2.4000000000000004 0.4 0 0 0 0 0 1.8 0 0 0 0 0 1.6 0 0 0 0 0 2.4000000000000004 0 0 2.4000000000000004 0 0 2.6 0 0 0 0 0 0 0 0.2 0 0 0 0 0 0 0 0 0 0 0 0.2 0 0 0 0 0 0 0 0 0 0 0 0 0 0 2 3.6 0 1 0 6.800000000000001 0 0 0 2.2 5.2 0 11.600000000000001 4.2 2.6 2.6 6.4 0.2 0 0.2 2.8000000000000003 0 0 0 0 0 0.2 0 0 0 0 0 0 0 0 0 0 0.4 2.6 5.800000000000001 0 0 0 0 0 0 0 0 0 0 0 0 0 0 0 0 0 0 0 0 0 0 0 0 0 0 0 0 0 0 0 0 0 0 0 0 0 0 0 0 0 0 0 0 0 0 0.4 0 0.6000000000000001 35 0.2 0.6000000000000001 0 0 0 0 0 0 0 0 0 0 4.6000000000000005 0 0 0 0 0 0 0 0 0 0 0 0 0 0 0 0 0 0 0 0 0 0 0 0 0 0 0.4 
 112.4 6 18.8 13.8 9.600000000000001 13.4 106.80000000000001 11.8 34.2 67.8 24.6 8.6 61.400000000000006 18.400000000000002 14 26.400000000000002 97.60000000000001 5.4 0 33.800000000000004 0 0.6000000000000001 0 0 0 0.2 0 0 0 0 0.6000000000000001 0 0 0.2 0 0.4 0 0 0 0.6000000000000001 0.6000000000000001 0 0 0 0 0 0 1.2000000000000002 0.4 0 1.6 0.2 0.4 1.2000000000000002 0 0.4 0 6.4 0 0.4 0 8 0 0.6000000000000001 0.6000000000000001 0 1.8 0 1.2000000000000002 0 0 0 0 0 0 6 0.4 0 0 0 3.2 2.8000000000000003 0 0 4.800000000000001 0 0 4.2 0 2.4000000000000004 0 7.800000000000001 1.8 10.200000000000001 2.8000000000000003 1.4000000000000001 7.4 0.2 2.2 0.4 0 0 0 3.6 0 0 0 0 0 0 0 0 0 0 0 0 2 0 0 0 0 0 0 0 0 0.4 0 0 0 0.6000000000000001 0 0 0 0 0 0 0 0 0 0 0 0.2 0 0 0 0 0 0 0 0 0 0 0 0 0 0 0.4 0 0 0 3 7.6000000000000005 0 2.4000000000000004 0 0 4 4 0 4.2 4 3 3.8000000000000003 6 1.8 0.2 1.8 2.2 0.2 2.2 0 0 0 0.4 0 0 0 0 0 0 0 0 0 0.2 0 0 0 0 0.2 0 0 0 0.2 0 0 0 0 0 0.4 0 0 0 0 0 0 0 0 0 0 0 0 0 0 0 0 0 0 0 0 0 0 0 0 0 0 0 0 0 0 0 0 0 0 0 0 0 0 0.2 0.6000000000000001 17.6 0 1.2000000000000002 5 0 0 0 0.4 0 0 0 0 0 0 0 0 0 0 0 0 0 0 0 0 0 0 0 0 0 0 0 0 0 0 0 0 0 0 0 0 0 
 48.6 66.8 7.4 17.6 47.800000000000004 28.6 29.400000000000002 26.200000000000003 22.6 28.200000000000003 92.4 76.60000000000001 49.400000000000006 73.4 39.800000000000004 17.8 51.2 5.4 33.800000000000004 0 0 0.4 0 0 0 0 0 0 0 0 0 0 0 0 0 0 0 0.4 0.6000000000000001 0.6000000000000001 12.8 0 0 0.2 0.8 0 0 0 0.4 0 0.4 0 0.4 0 0.6000000000000001 0.6000000000000001 0 0 0 0.6000000000000001 0 0 0.6000000000000001 11.200000000000001 0.8 0 0.6000000000000001 0.4 0.4 0.4 0 0.2 0 0.4 0 0.4 0 0 0 0 2 5.4 0 3 4.4 2 14.600000000000001 16 3 0 3 0 6.2 1.8 8 2.4000000000000004 1.8 0 4.4 0 0 0 0 0 0 0 0 0 0 0 0 0 0 0 0 0 0 0 5 0 0 0 0 0 0 0 0 0 0 0 0 0 0 0 0 0 0 0 0 0 0 0.8 0 0 0 0 0 0 1 0 0 0 1.2000000000000002 0 0 0 0 0 0.6000000000000001 0 6 4.800000000000001 6.4 0 0 0 7.4 4.2 1.8 0 0.2 2.6 0.6000000000000001 0 0.2 0.8 0 2 0 10.200000000000001 0 0 0 0 0 0 4.4 0 0 0 0 0 0 0 0 0 0 0 0 0 0 0 0.2 0 0 0 0 0 0 0 0 0 0 0 0 0 0 0 0 0 0 0 0 0 0 0 0 0 0 0 0 0 0 0 0 0 0 0 0 0 0 7.800000000000001 0 0 0 0.4 0.4 0 0.2 0.2 0.4 1.4000000000000001 0 0 0 0 0 0 0 0 0.2 0 0 0 0 0 0 0 0 0 0 0 0 0 0 1.6 2.2 0 0 0 0 0 0 0 0 0 0 0 0 0 
 0 0 0 0.4 0 10 0 0 15.8 12.200000000000001 0 14.4 0 0 0.4 0 0 16.400000000000002 0 0 0 43 14.8 58.400000000000006 23.400000000000002 36 69.4 39.2 44.800000000000004 23.6 74.8 7 12.600000000000001 6.800000000000001 76.2 23.400000000000002 22.6 9.600000000000001 22.400000000000002 29.8 1.4000000000000001 0 0.8 0.8 0 0.4 1.4000000000000001 0 0 0 0 0.8 0.6000000000000001 0 0 1 0 0.6000000000000001 12.4 0 0.2 11.4 0 0.6000000000000001 0.6000000000000001 0 0 0.4 0.2 1 0.2 0.6000000000000001 1.2000000000000002 0.2 0.2 0 0.4 0 0 0 0 0 0 1.6 3.4000000000000004 0 0 0 0 0 0 4.2 0 0 0 0.2 0 2.2 0 0 4.800000000000001 5.4 1.2000000000000002 0 0 1.6 3.4000000000000004 5 4.4 1.4000000000000001 0.2 2 0.2 1.2000000000000002 2.6 4 0 6 0.2 5.6000000000000005 0 0 0 0 0 0 0 0 0 0 0 0 0 0 0 0 0 0 0 0 0 0 0 0 0 0 0 0 0 0 0 0 3.4000000000000004 0 0 0 0 0 0 0 0 0 0 0 7.4 0 0 0 0 0 0.2 0.6000000000000001 0 0 0 0 0 0 0 0 0 2.6 0.2 0 0 2 4.6000000000000005 4.2 0 2.6 6.800000000000001 0 4.800000000000001 5.6000000000000005 0 2.8000000000000003 0.2 0 0.4 1.2000000000000002 0 0 1.8 0 0 0 0 1.8 0 0 0 0 0 0 0.4 0 0 0 0.2 0.2 0 0 0 0 0 0 0 0 0 0 0 0 0 0.4 0 0 0 0 0 0 0 0 0 0 0 0 17.400000000000002 0 0 0 0 0 0 0.4 1.6 0 0 0.2 16.8 0.2 2.2 0.2 1.8 0 0 0 0 0 0 0 0 0 0 0 0 0 0 0 0 0 0 0 0 0 0 0 0 0 0 0 
 0.4 0 0 1.4000000000000001 14.200000000000001 0.4 0.4 0.8 0 0 0.2 29.200000000000003 0.2 0 0 0.2 0.6000000000000001 0.2 0.6000000000000001 0.4 43 0 82.2 8 6 4.4 47.2 46.2 10 22.6 72.4 19.8 23.8 15.4 60.400000000000006 91 35.2 22.8 22.400000000000002 7.800000000000001 0 0.2 16.400000000000002 0.4 0 0 0.6000000000000001 0.8 0.6000000000000001 0.2 0.6000000000000001 0 2 0.2 0 1.8 0.6000000000000001 1 2.6 1.6 1.2000000000000002 0 0 0.6000000000000001 0 0 0 0.2 0 0.6000000000000001 0 0.4 1.2000000000000002 0 1 0.8 0 0 0.6000000000000001 1 0 0 0 0 0 0 0 0 0 0 0.2 0 0 0 0 0 0 0 0 0 4 6 1.2000000000000002 5.4 0 2 7.800000000000001 1.8 3 5 6.4 3.4000000000000004 3.2 1.6 2.8000000000000003 5.2 3.2 0.2 0 3.8000000000000003 0 3 0 0 0 0.2 0 0 0 0 0 0 3 0 0 0 0 0 2.2 0 0 0 0 0 0 0 0 0 0 0 1.8 1.6 0 0 0 0 0 0 0 0 0 0 0 0 5.4 0 0 0 0 0 0 0 0 0 0 0 0 0 0 0 0.4 4 8.6 0 0 0 2 0 6 0.2 0 2 2.4000000000000004 1.6 9.200000000000001 7.2 4.4 3.2 1.2000000000000002 6.6000000000000005 0.6000000000000001 0 0 0 0 0 2.6 0.2 0 0 2.8000000000000003 0 2.2 0 0 0.2 0 0 0 0 0 0 0 0 0 0 0 1.4000000000000001 0 0 0.2 0 0 0 0 0 0 0 0 2.2 0 0 0 0 0 0 0 0 0 0 0 0 0 0 1.8 0 0.4 15.600000000000001 0 0 0.4 0.2 0 0 0 0 0 0 0 0 0 0 0 0 0 0 0 0 0 0 0 0 0 0 0 2.4000000000000004 0 0 0 0 
 0 0 0.2 0.4 0 0 0 0 0.2 0 0 0 0 0 0.4 0.6000000000000001 0.6000000000000001 0 0 0 14.8 82.2 0 55.6 11.8 8.6 51.400000000000006 12.8 18.6 15.200000000000001 8.200000000000001 24.200000000000003 53 12.200000000000001 9.4 24.200000000000003 10.8 77.2 61.6 8.200000000000001 0 11.8 7.4 0.6000000000000001 0 1.2000000000000002 0.2 0.4 0 1.4000000000000001 0 0 0.6000000000000001 13.200000000000001 0 1.2000000000000002 0.6000000000000001 0.6000000000000001 17.8 13 0.4 0.2 0 0 0.4 0 0 1.2000000000000002 1.2000000000000002 0.4 0 0.4 0 0 0 0 0 0 0.8 0 0.2 0.2 0 0 0 0 0 0 0 0 0.2 0 0 0 4.2 6.6000000000000005 0.2 0 0 3.6 3 2.4000000000000004 9.600000000000001 2.2 0 2 0 0.6000000000000001 4 0 4.6000000000000005 5 0 3.6 6 0 0 0 0 0 0 2 0 0 0 0 2.8000000000000003 0 0 0 0 0 2.4000000000000004 0 0 3.6 0 0 2.6 5.4 0 0 0 0 0 0 0 0 0 0 0 0 0 0 0 0 0 0 0 0 0 0 0 0 1.4000000000000001 0 0 0.4 2.6 0 0 0.2 0 0 0 0 0 1.8 0 0 6.800000000000001 2.6 6.6000000000000005 8 1.8 0 0 3.6 0.2 3.2 2.6 3 0.4 3.4000000000000004 5.2 0 2.4000000000000004 1.4000000000000001 0 0 7.6000000000000005 0 0 0 0 0 0 2.4000000000000004 0 0 0 0 9.4 3.8000000000000003 2.2 0 0.4 0 3.8000000000000003 6.2 0 0.4 0 0 0 0.4 1.6 0.4 0 0 0 0 0 0 0 0 0 0 0 0 0 0 0 0 0 0 0 0 0 0 0 0 0 0 1.4000000000000001 0 0 1 0.2 0.2 0 0 0 0 0 0 2.4000000000000004 0 0 0 0 0 0 0 0 0 0 0 0 1.6 0 1.8 0 0 0 0 3.6 0.2 0 0 
 0 0 0 0 0 0 0 0 0 0.2 0 0.4 0 0 0.8 0.6000000000000001 0 0 0 0 58.400000000000006 8 55.6 0 68 72.8 20.8 58 15.600000000000001 66.60000000000001 23 22.200000000000003 54.2 15.4 64.2 20.8 22.8 29.400000000000002 18.6 38.6 0 0 0.8 0.2 0 0 0 0 0 0 0 0 0.6000000000000001 7.2 0 0.6000000000000001 0 0.4 3 12.600000000000001 0 10.4 0 0 0 0 0 0.2 0 0.6000000000000001 0 0.4 0.4 0 0 0.2 0 0 0 0 0 0 0 0 0 0 0 0.2 0.4 0 0 0 0 0 0 0.2 0 0 0 0 4 0 0 1.8 3.4000000000000004 7.6000000000000005 0 3.8000000000000003 0.2 1.4000000000000001 2 0.2 2.6 0 0 1.4000000000000001 1.8 3.6 0 0 3.8000000000000003 0 2 0 0.2 0.4 0 0 0 0 0 0 3.8000000000000003 1.6 2.8000000000000003 0 0 0 7 3.6 0 0 0 0 0 0 0 0 0 0 0 0 0 0 0.2 0 0 0 0 0 0 0 0 0 0 0 0 0 0 0 0 0 0 0.4 0 0 3 0 0 0 0 2.8000000000000003 1 3.4000000000000004 6.2 2 0 0 0 3 10.600000000000001 1.8 0 1.4000000000000001 0 1.8 0 0.2 0 0 5 0 1.8 0 0 0 0.4 0 4 0 0 0 2.2 0.8 1.8 0.4 2.4000000000000004 0 11.8 4.2 0 0 0 0 0.6000000000000001 0 0 0 0 0 0.4 0 0.2 0 0 0.2 0 0.2 0 0 0 0 0 0 0 0 0 0 0 0 0 0 0 0 1.2000000000000002 0 0 15.4 1.6 0.2 4 0.4 0 0 0 0 0 0 0 0 0 0 0 0 0 0 0 0 0 1.6 0 0.2 0 0 0 0 0 0 0 0 
 0 0 0 0 0 0 0.6000000000000001 0 0 0 0 0.4 0.8 0 0.4 0 0 0 0 0 23.400000000000002 6 11.8 68 0 70.2 10.200000000000001 12.200000000000001 80.60000000000001 49.400000000000006 60.2 39.2 18.8 17.6 18.6 14.4 10 15.600000000000001 12.8 15.600000000000001 12.200000000000001 0 0.4 0.2 0 0 0 0 0 0 0 0 0.6000000000000001 0.4 25 0.6000000000000001 0.8 0.4 0.8 4.2 0 0 0 0 0 0 0 0.2 0 0.6000000000000001 0 0.4 0.4 0 0.4 0 0 0 0.2 0 0 0 0 0 0 0 0 0 0 0 0 0.4 0 0 0 0 0 0 0 0 0 0.4 2.8000000000000003 3 2 4.6000000000000005 0 0 0 0 0 0 0 0 0 0.2 0 0.2 0 0 4 0 0 1.8 0 0 31.200000000000003 0.2 0 2 0 0 2.6 0 0.2 2 0 0 9.4 10.200000000000001 0 0 0 0 0 0 0 0 0 0 0 0 0 0 0 0 0 0 0 0 0 0 0 0 0 0 0 0 0 0 0 0 0.4 0 0 0.2 0 0 0 0 0 4.4 2.2 1 8 0 0 0 0 2.8000000000000003 5.800000000000001 0.4 0.4 7.4 0 2 0 0.2 0 0 0.4 4.4 0 0 0 0 2.2 0.2 0 0 0 0 3.2 6 1.6 2.2 5.4 0 2.4000000000000004 16.8 11 0 0 0 0 0 0 0 0 0 0 0 0 0 0 0 0 0 0 0 0 0 0.2 0 0 0 0 0 0 0 0 0 0 0 4.2 0 0.2 1.2000000000000002 17.400000000000002 0 1.8 0 0 0 0 0 0 0 0 0 0 0 0 0 0 0 0 0 0 0 0 1.8 0 0 0 0 0 2.4000000000000004 0 0 
 0 0 0 0.4 0.6000000000000001 0 14.600000000000001 1.2000000000000002 0 0 0 0 0 0 0.4 0.4 0 0 0.2 0 36 4.4 8.6 72.8 70.2 0 5.2 11.4 24.200000000000003 10.8 11.200000000000001 45.800000000000004 25.8 7 42 13.200000000000001 26 54.400000000000006 7.2 16.400000000000002 12.4 0 2.2 55.2 0 0 6.6000000000000005 12 0.2 0 0 0 11.600000000000001 13.8 12.4 13 17.8 0.6000000000000001 11.8 24.8 0 0 0 0 0 0.6000000000000001 0 0 0 0.4 0 0.4 0.6000000000000001 0 0 0 0 0 0 0 0 0 0 0 0 0 0 0 0 0 0 0 0 0 0 0 0 0 0 0 0 2.8000000000000003 2.8000000000000003 1.6 5.800000000000001 9.600000000000001 0 0 0 0 0 0 0 0 0 0.2 0 0 0 0 4 0 3.8000000000000003 2 0 3.6 0.4 6 2.2 1.4000000000000001 0 0.2 1.6 0 2.4000000000000004 1.4000000000000001 0 0 7 7 0 0 0.2 0 0 0 0 3.4000000000000004 0 0 0 0 0 0 0 0.2 0 0 0 0 0 0 0 0.2 0 0 0 0 0 0 0 0 0 0 0 0 0 0 0 0 0 2.6 0 0 5 3.6 0 0 0 1.8 9.200000000000001 0 0 11.600000000000001 0 2.2 0 0 0 0 6.2 3.8000000000000003 0 0.2 1.6 0 3.6 0 2.4000000000000004 2 2 0 2.6 4.6000000000000005 0.4 1.8 6 0 11.600000000000001 5.800000000000001 0 0 0 0 0.2 0 0 0 0 0 0 0 0 0 0 0 0 0 0 0 0 0 0 0 0 0 0 0 0 0 0 0 0 0 1.8 0.6000000000000001 1.2000000000000002 0.8 1 0.4 2.4000000000000004 0 0 0 0 0 0 0 0 0 0 0 0 0 0 0 0 0 0 0 0 0 0 0 2 0 0 0 0 0 
 0.2 0 16.400000000000002 0.4 0.6000000000000001 17 0 0.8 0 0.4 15.600000000000001 0.2 0 0 0.4 0 8.200000000000001 0 0 0 69.4 47.2 51.400000000000006 20.8 10.200000000000001 5.2 0 23.200000000000003 41 21.200000000000003 26.200000000000003 55 34 8.6 38.400000000000006 8.200000000000001 21.200000000000003 10.8 11.200000000000001 9 0 0 0.4 1 0 0.4 1 1 0 0 0 0 1.6 0 0 1.6 1.4000000000000001 0.4 14.600000000000001 0 0 1.4000000000000001 5.6000000000000005 0 0 0.4 0 0.2 0 0.6000000000000001 0 0.4 0.4 0 0 0 0 0.6000000000000001 0 0 0 0 0 0 2.4000000000000004 0 0 0 0 0 0.2 3.8000000000000003 0 0 0 0 0 0 0 0.2 2.4000000000000004 0.2 1.4000000000000001 0 0 0 2.4000000000000004 0 3.6 3.2 1.8 0 2.8000000000000003 3.6 4.800000000000001 4 0 0 0 2.8000000000000003 0 0 0 0 0 0 0 0.4 0 0 0 0 0 0 0 0 0 0 1.8 0 0 0 0 0 0 0 0 0 0 0 3.4000000000000004 0 0 0 0 0.4 0 0 0 0 0.8 0 0 2.2 3 0 0 0 0 0 2.8000000000000003 2 0 1.8 0 2 1.2000000000000002 0 0 0.4 9.600000000000001 1.8 6 2.4000000000000004 0 0 4.2 5.6000000000000005 1.8 7 0.2 3.4000000000000004 6.6000000000000005 6.2 8.200000000000001 4.2 3.2 0 3.2 3 0 0 0 0 0 0 0 2.6 0 0 0 0 0 0 0 0 0 0 3.8000000000000003 0.4 0 0 0 1 0 0 0 0 0 0 0 0 0 0 0 0.4 0 0.2 0 3.2 0 0 0 0 0 0 0 0 0 15 2 0 0 0 2.6 0 0 0 0 0 0.4 0 0 0 0 0 0 0 0 0.2 0 0 0 0 0 0 0 0 0 0 0 0 0 0.4 0.4 0 0.4 0 0 0 
 0 0 0 0 0 0.4 0 0.2 0 0 0 0 0 0 0.4 0 0 0 0 0 39.2 46.2 12.8 58 12.200000000000001 11.4 23.200000000000003 0 42 24 33.800000000000004 25.8 40.2 18.8 29.8 24.8 59.6 6.6000000000000005 12.600000000000001 16 0 0.4 0.4 0.2 0 0 0.6000000000000001 1.4000000000000001 0 0 0 0 1.2000000000000002 0.2 0 0.8 0.8 0.4 0 0 0 0 0 0 0 0 0 0 0 0.4 0 0.4 0.2 0 0 0 9.200000000000001 0.2 0 0 0 0 2.8000000000000003 0 2.6 0 0 0 0 0 0 0 0 0 0 0 0 0 0 0 3.6 0 8.4 5.2 0 2.8000000000000003 7 4 4.2 1.6 0 0.8 2 0 2.2 8.4 1.6 7.800000000000001 0 2.2 0 0 0 0 0 0 0 0 0 0 0 0 0.2 0 0 0 0 0 4.2 0 0 0 0 0 0 0 0 0 0 0 1.8 0 0 0 0 0 0 0 0 0 0 0 0 0 2.8000000000000003 0 0 0 0 0 0 0 0 0 0 0 0 0 0 0 0 5.6000000000000005 2.8000000000000003 9.4 5 4.2 11.600000000000001 2.8000000000000003 5 1 6.800000000000001 4.4 2.6 3 1.6 10.600000000000001 1.6 2.4000000000000004 4 0 0 0 0 0 0 0 2.2 2.2 0 0 0 0 0 0 0 0 0 0 0 0 0 0 0 0 0 0 0 0 0 0 0 0 0 0 0 0 0 0 0 2.8000000000000003 0 0 2.4000000000000004 0 0 0 0 0 0 0 0 0 0 0 2 0 0 0 0.8 0.4 4 0 0 0 0 0 0 0 0 0 0 0 0 0 0 0 0 0 0 0 0 0 0 0 0 4.2 0 0 0 0 
 0 0.4 0 0.6000000000000001 0 0 0 0 0 0 0 0 0 0 0.4 0.4 0 0 0 0 44.800000000000004 10 18.6 15.600000000000001 80.60000000000001 24.200000000000003 41 42 0 43.400000000000006 19.6 51.800000000000004 65.60000000000001 55.6 34.2 61 26.8 37.4 12 43.400000000000006 0.2 0.2 13 0.4 0 0 1 0.2 0 0 0 0 3.4000000000000004 0 0 1.4000000000000001 0.8 0.4 0 0 0 1 0 0 0 0 0 0.2 0.2 0.6000000000000001 0 0.4 0.4 0 0 0 0 0 0.4 0 0 0 0 0 0 0 0 0 0 0 0 0 0 0 0 0 0 0 0 0 2.6 3.2 9.4 0.2 2.6 2.6 2.4000000000000004 3.8000000000000003 3.2 0 1.4000000000000001 5.800000000000001 0 0 2.6 6.4 3.2 4 0 0 0 0 0 0 0 0 0 0 0 0 0 0 0.4 0 0 0.2 0 0 4.2 2.2 0 0 0 0 0 0 0 0 0 0 0 1 0 3.8000000000000003 0 0 0 0 0 0 0 8.4 0 0 0 0 0 0 0 0 0 0 0 0 0 0 0 0 0 0 5 4.4 1.8 2.2 3.8000000000000003 0 0 0 5.6000000000000005 4.800000000000001 7.4 2.2 0 2.4000000000000004 0.4 4.6000000000000005 2 6.800000000000001 0 0 0 0 0 0 0.4 0 0 2 0 0 0.2 0 3.2 0 0 0 0 0 3.8000000000000003 0 0 0 0 0 0 0 0 0 0 3 0 4.4 0 0 0 0 0 0 0 3 0 0 0 0 0 0 0 0 0 0.4 0 0 0 0 2.6 0.4 0.4 15 9.4 0 0.4 0 0 0 0 0 3.2 0 0 0 0 0 0 0 0 0 0 0 0 0 0 4.4 0 0 0 0 2.4000000000000004 0 0 0 
 0 0 0 0.8 0 0 0 0 0 0 0.8 0.4 0.2 0 0.4 0 0 0 0 0 23.6 22.6 15.200000000000001 66.60000000000001 49.400000000000006 10.8 21.200000000000003 24 43.400000000000006 0 146.4 52.400000000000006 8.6 101.4 44.400000000000006 49.800000000000004 27 25 18.6 40.800000000000004 0 0 1.2000000000000002 0.6000000000000001 0.4 0.2 0.8 0.8 0 0 13.8 0 14.4 0.4 0 5.4 1.4000000000000001 0.4 12.200000000000001 0.6000000000000001 0 0.2 0 0.6000000000000001 0.2 0.4 0.4 0 0.4 0.8 0 0.8 0.2 0 0.2 0 1 0.6000000000000001 0 0 0 2.8000000000000003 0 0 0 2.8000000000000003 0 0 0 0 0 0 0 0 0 0 0 0.2 0 0 3.8000000000000003 2.4000000000000004 0.2 3.2 3.6 0 6.800000000000001 2.6 2.4000000000000004 0.6000000000000001 3.8000000000000003 5.6000000000000005 2 2.4000000000000004 10 3.4000000000000004 14.200000000000001 7.6000000000000005 0 1 0 0 0 0 0 0 0 0 0 0 0 0 2 0 0 0 0 0 4.4 0 0.4 0 0 0 3.4000000000000004 0.4 0 0 0 0 0 1 0 0 0 0 0 0 0 0 0 0 0 0 0 0 0 0 0 0.2 0 0 0 0 0 0 0 0 0.4 0 7.800000000000001 5.6000000000000005 8.6 0 0 0.4 0 0 7.800000000000001 5 0 3.2 0 0.2 0 2.6 3.8000000000000003 1.4000000000000001 0 0 0 0 0 0 0 0 0 0.2 0 0 0 0 0 0 0 0 0 0 7 0 0 0 0 0 0 0 0 0.2 0 0 0 0 0.2 0 0 0 0 0 0 2 0 0 0 0 0 0 0 0 0 0 0 0 0 0 5.4 0.2 0.4 16 0.2 0 0 2.4000000000000004 0 0 0 0 0 0 0 0 0 0 0 0 0 0 0 0 0 0 0 0 0 0 0 0 0 0 0 0 
 0 0 0.4 1 0 0 0 0.4 0 0 0 0 0 0 0.4 0 1 0.2 0.6000000000000001 0 74.8 72.4 8.200000000000001 23 60.2 11.200000000000001 26.200000000000003 33.800000000000004 19.6 146.4 0 8.8 7.4 9 91.80000000000001 34.800000000000004 35.4 24.400000000000002 15 46.800000000000004 0.2 12.4 0.6000000000000001 0.8 0 0 2 0 0 0 0 0 5 0 0 9.600000000000001 2 0.4 12.8 0 0 0 0 0 0 0 0 0.4 0 0.6000000000000001 0 0.6000000000000001 0.6000000000000001 0 0.2 0 1.2000000000000002 0 0 0 0.2 0 0 0.2 0 2.4000000000000004 0 0 0 0 0 0 0 0 0.4 0 0 0 0 0 8.4 3 2 5.4 4 2.2 5.6000000000000005 5.800000000000001 0 2 4.4 2.8000000000000003 4.2 2.2 3 5.800000000000001 6.4 10 3.6 0.2 0 0 0 0 0 0 3.4000000000000004 0 0 0 0 0 1.8 0 0 0 0 0 0.4 0.4 0 0.4 0 0 0 0 0 0 0 0 1 0 0 0 0 0 0 0 0 0 0 0 0 0 0 0 0 0 0 0 0 0 0 0 0 0 0 0 0 0 3.8000000000000003 4.6000000000000005 2.2 0 0 2 0.2 0 4.6000000000000005 4.800000000000001 2.2 10.4 0.2 2.2 2 6 3.8000000000000003 2 0 3.6 0 0 0 0 0 0.2 0 0 0.4 0 0 0 0 0.4 0 0 0 0 4.6000000000000005 0 0 0 0.2 0 0 0 0 0 5.800000000000001 0 0 3.8000000000000003 0 2.4000000000000004 0 0 0 0 0 2.4000000000000004 0 0 0 0 0 0 0 0 0 0 0 0 0 0 3.8000000000000003 0 0 9.200000000000001 0.4 0 2.4000000000000004 3.8000000000000003 0 0 0 0 0 0 0 0 0 0 0 0 0 0 0 0 0 0 0 0 0 0 0 0 0 0 0 0 
 0 0 0 0.4 0.4 0 0 0.8 0 0 0 0 0 0 0 0 0.4 0 0 0 7 19.8 24.200000000000003 22.200000000000003 39.2 45.800000000000004 55 25.8 51.800000000000004 52.400000000000006 8.8 0 6.6000000000000005 21.200000000000003 6.4 8.4 45.2 22.400000000000002 8.200000000000001 7.4 0 0.2 16.6 0.2 0 0 0 1 0 0.4 0 0 0.6000000000000001 0 0 0.4 0 0.4 0.2 13.4 0 0 0 0.2 0.4 0 0 0 0 0.4 0 0.6000000000000001 1 0 1.2000000000000002 0 0 0 0 0.8 0 0 0 0 0 0 0 0 0 0 0 0 0 0 0.4 0 0 0 0 0 2.2 6 7.2 7.4 6 2.4000000000000004 0 2 4.2 1.4000000000000001 0.8 5.4 0 0 0 1.4000000000000001 0 4 0 0.4 3.6 2.4000000000000004 0.8 0.2 4.6000000000000005 0 6.4 0 0 0 0.2 0 0.2 0 0 2 0.2 0 2.2 7 0 1.2000000000000002 0 0 0 0 0 0 0 0 1.4000000000000001 0 0 0 0 0 0 0.2 0 0 0 0 0 0 0 0 0 0 0 0 0 0 0 0 0 0 0 0 0 0 1.8 2.2 2 6 8 0 0 0 2.8000000000000003 2.4000000000000004 6 8 0 0 3.2 4 2 3.6 0 0.2 4.2 0 0 0 0 0 7.6000000000000005 2 3.6 0 0 0 10.4 4.6000000000000005 0 0 7.4 0 0.2 4.2 0 0 0.2 0 3.6 0 0 0 0 0 0 0 0 0 0 2.6 0 0 0 0 0 0 2 0 0 0 0 0 0 0 0 0 0 0 3 0.2 0.8 9.200000000000001 19 0.6000000000000001 0.4 0 0 0 0 0 0 0 0 0 0 0 0 0 10.4 0 0 0 0 0 0 3 0 0 0 3.6 0 0 0 0 
 0.2 0.4 0 6.6000000000000005 0.2 0 0 0.4 14.8 7 24.200000000000003 18.6 0 0.2 0.4 0.6000000000000001 0 15.200000000000001 0 0 12.600000000000001 23.8 53 54.2 18.8 25.8 34 40.2 65.60000000000001 8.6 7.4 6.6000000000000005 0 31.6 7.6000000000000005 6.800000000000001 22 9 144 9.600000000000001 0 0 0.4 0.4 0 0 0 0 0 0 0 0 0.6000000000000001 0 0.4 0.6000000000000001 0 2 0 0 0 0 0 0 0 0 6 0.2 0 0.6000000000000001 0 0.4 0.4 0 0 0 0 0 0 0 0 0 2.2 0 3.4000000000000004 8.6 0 0 1.8 2.2 0 3.4000000000000004 0 0.2 0 0.2 3 8.200000000000001 0 0.4 0.2 2 0 0 0 0 7 0 5.800000000000001 2.4000000000000004 0 0 6.2 1.6 1 0 0 0 0 11.200000000000001 0 0 0 0 0 0 0 0.2 0 0 0 0 0 0 0 0.4 0 0 0 0 0 0 0 0 0 0 0 0 0 0 0.2 0 0 2 0 0 0 0 0 0 0 0 0 4 5.4 6.4 0 0.2 0 2.2 4.800000000000001 0 0 0.6000000000000001 0 0.6000000000000001 2.6 2.2 0 0.2 0 0 2 0 0 0 10.200000000000001 9.4 2.2 0 0 0 2.6 0 3.4000000000000004 3.6 5.4 0 0.6000000000000001 2.6 0.4 0 0 0 0 0 0 0 0 2.4000000000000004 0 0 0 0 0 0 0 0 0 0 0 0 0 0 0 0 0 0 0 0.2 0 0 0 0 0 0 0 0 0 0.4 0 0 0 0 0 0.4 0 0 0.2 0 2.4000000000000004 0 0 0 2.8000000000000003 0 0 0 0.4 0.2 0.6000000000000001 0.2 0 0 0 0 0 0.2 0 0 0 0 0 0 0 0 0 0 0 0 0 0 0 0 0.2 0 0 0 0 0 
