 0 52.6 11.8 8 4.6000000000000005 10.4 56 29.200000000000003 29.400000000000002 55.800000000000004 13.4 4.4 50.800000000000004 26.400000000000002 48.400000000000006 46.400000000000006 49.6 53.6 31 7.2 0 0 0 30.8 0 0 0 0 0 0 0 0.8 0.6000000000000001 0 0 0 0.6000000000000001 0 0.4 0 0 0 0 0 0 0 0 0 0 0 0 0 0 0 17.6 0 0 0.6000000000000001 0 0 0.8 0 0 0 5.4 0 0 0 0 0.6000000000000001 0 0 0 1.6 0 0 0.6000000000000001 0.4 0 1.2000000000000002 4.6000000000000005 0 2.6 0 1 0 11.600000000000001 2 6 6.2 7.800000000000001 0 6.800000000000001 0 2.8000000000000003 2.2 0 1.2000000000000002 2.8000000000000003 0 0 0 0 0 0 0.6000000000000001 0 0 0 0 2 0 0 0 0 0 0 0 0 0 0 0 0 0 0 0 0 0 0 0 0 0 0 0 0.2 0 0 0 0 0 0 0 1 0 0 0 3.2 0 0 0 0 0 0 0 0 0 0 0 0 0 2 4.4 3.8000000000000003 0 0 0 3.2 3.4000000000000004 0.4 2 0 1.6 4.4 0 0 0 2.8000000000000003 5.6000000000000005 2.6 2.2 0 0 0 0 0 0 0 0 0 0 0 0 0 0 0 0 0 0 3 0 0 0 0 0 0 0 0 0 0 3.2 0 0 0 0 0 0 0 0 0 0 0 0 0 0 0 0 0 0 0 0 0 0 0 0 0 0 0 0 0 0 0 0 0 0 0 0 1 0 0 1.8 0 1.6 0 0 0 0 0 0 0 0 0 0 0 0 0 0 0 0 0 0 0 0 0 0 0 0 0 0 0 0 0 0 0 0 0 0 0 0 0 0 
 52.6 0 97.80000000000001 10.200000000000001 8.6 6.4 42.800000000000004 33.800000000000004 33.6 58.6 34.800000000000004 5.6000000000000005 16.400000000000002 94 38 82.80000000000001 29.200000000000003 14 25 66.4 0 0 0 0.6000000000000001 0.2 0 0.2 0 0 0 0 1 0.6000000000000001 0 0 0 0.6000000000000001 0 0.2 0 0 0 0 0 0 13 0 0 0 0 0 0 0 0 0 12.8 0 0.6000000000000001 0 0 1 0 0 0 0 0 0 0 0 1 0 0 0 0 0 0 0.6000000000000001 0.4 0 0 7 2.4000000000000004 5.2 2.2 2.2 0 5.2 3.6 2.4000000000000004 0 7.2 4.6000000000000005 0 0.8 0 3.2 5.4 3.2 0 0 0.2 0 0 0 0 0 0 0 0 0 0 0.4 0 4.2 0 0 0 0 4 0.4 0 0 0 0 0.4 0 0 0 0 0 0 0 0 0.4 0 0 0.4 0 0 0 0 3.6 0 0 0 0 0 0 0 0 0 0 0 0 0 0 0 0 0 0 3 0 4 7.800000000000001 0 0 10.4 10.200000000000001 4 5.4 0 2 0 4.800000000000001 5.2 13.600000000000001 3.4000000000000004 2 0 2.2 0 0 0 0 0 0 0.2 0 0 0 0 0 6.4 0 0 0 0 0 1.8 0 0 0 0 0.4 0.2 0 0 0 0 0 0 0.4 0 0 0 0 0 0 0 0 0 0 0 0 0 0 0 0 0 0 0 4.2 0 0 0 0 0 0 0 0 0 0.2 0 0 0 0.4 27.400000000000002 0 18 23.200000000000003 0 2.6 0 0 0.4 0 0 0 0 0 0 0 0 0 0 0 0 0 0 0 0 0 0 0 0 11 0.2 2.4000000000000004 0 0 0 0 0 0 0 0 0 0 0 0 
 11.8 97.80000000000001 0 17.2 16.8 8.4 31.400000000000002 68 45 11 29 68.8 12.200000000000001 12.600000000000001 38 68.2 9.600000000000001 24.400000000000002 8.200000000000001 10.600000000000001 0 0 0 0.8 0 0 0 0 0 0 0 0.8 23 0 0 0 0.8 0 0 0 0 0 0 0 0 12.200000000000001 0 0 0 0 0 0 0 0 0 0 0 0.6000000000000001 0 0 0.4 0 0 1 0 0 0 0 0 0.4 0 0 0 0 0 0.4 0.2 0.4 0 0 3 3.6 4.6000000000000005 2 0.2 1.8 0 5.800000000000001 3.6 5.2 0.2 2.2 0.4 7.6000000000000005 3 3.2 10.200000000000001 0 3.4000000000000004 0 0 0 0 0 0 0 2 0 0.4 0 0 0 3 3.6 0 0 0 0 4.800000000000001 0 0 0 2.2 0 0 0 0 0 0 0 0 0 0 0 0 0 0 0 0 0 0 0 0 0 0 0 0 0 0 0 0 0 0 0 0 0 0 0 0 0 1.4000000000000001 4.6000000000000005 3.4000000000000004 7.6000000000000005 0 3.4000000000000004 2 3.2 3.8000000000000003 4.6000000000000005 0.6000000000000001 2.8000000000000003 0.2 2.2 4.6000000000000005 9.8 6 0.8 0.4 0.4 0 0 0 0 0 0 0 3 0 0 0 0 2.2 0 0 0 0 0 2 0 0 0 0 0 0 0 0 0 0 0 0 0 0 0 0 0 0 0 0 0 0 0 0 0 0 0 0 0 0 0 0 0 0 0 0 0 0 0 0 0 0 0 0 0 0 0.4 18.2 0 9.600000000000001 0 0.2 0.8 0 0 0.2 0 0 0 0 0 0 0 0 0 0 0 0 0 0 0 0 0 0 0 0 0 0 2.8000000000000003 0 0 0 0 0 0 0 0 0 0 0 0 
 8 10.200000000000001 17.2 0 32.800000000000004 25.200000000000003 97 34 20.6 30.6 13.200000000000001 59.6 50.800000000000004 17.2 32.800000000000004 11.4 11 46 58.400000000000006 13 0 0 41.6 0.6000000000000001 0 0 14.8 0 0 0 0 0.8 31.8 0 0 0 0.4 0 29.6 0.2 0 0 0 0 0 0.2 0 12.600000000000001 0 0 0 0 0 0 0 0 0 0.6000000000000001 0 12.4 0.4 0 0 0 0 0 0 0 0 0.4 0 0 0 0 0 0.2 0.4 0.4 0 0 2 2.6 0.2 2.4000000000000004 10 8.4 0 0 2.8000000000000003 0 3.4000000000000004 2 0 0 0 0.4 4.4 3 0 0 2.8000000000000003 1.8 0 0 0 0 0 1.4000000000000001 0 0 0 0 0.2 0 0 0 0 0 2 0 0.2 0 0 0 0 0 0 0 0.4 0 0 0 2 0 0 0 0 0 0 0 0 0 0 0 0.8 0 0 0 0 0 0 0 0 0 0 0 0 0 0 0 0.4 3.6 0 3.6 4.2 0.6000000000000001 0 0 0.2 0 2.8000000000000003 1.4000000000000001 0 0 0 2.6 1.6 3.6 0 0 0 0.4 0 0 0.4 0 5.6000000000000005 0 0 0 0 0 2.6 2.2 2.2 0 0 2.4000000000000004 3.2 0 0 0 0 0 0 0 0.2 0 0 0 0 0 0 0 0 0 0 0 3.6 0 0 0.4 0 0 0 0 0 0 0 0 0 0 0 0 0 0.2 0 0 0 0 0 0 0 0 0 0.4 0 0.2 0.4 0.6000000000000001 2.2 2.4000000000000004 0 3.4000000000000004 0 0 0 0 0 0 0 0 3.2 0 0 0 0 0 0 0 0 0 0 0 0 2 2.2 0 0 0 0 0 0 0 0 0 0 0 0 0 
 4.6000000000000005 8.6 16.8 32.800000000000004 0 51.6 15.200000000000001 24.400000000000002 59.400000000000006 14.200000000000001 14 22.8 13.4 13.4 62 15.4 8.6 68.2 20.400000000000002 27.200000000000003 16 0.2 9.4 0.8 0 0 14.8 15.200000000000001 0 0.6000000000000001 0 0.6000000000000001 32.2 0 5.2 6.6000000000000005 4.2 15.4 0 0.2 0 0.8 0 0 0 0.2 0 0.2 0 0 0 0 0 0 0 0 0 1.4000000000000001 0 0 0.4 0 0 0 0 0 0 0 0 0.4 0 0 0 0 0 0.2 0.4 7.6000000000000005 10.600000000000001 0 0.8 0.6000000000000001 2 0 5.4 1.2000000000000002 0.6000000000000001 0 2.4000000000000004 0 0 1 0 3.8000000000000003 4 0 0 0 0 0 3.2 3 2.4000000000000004 0 0 2.8000000000000003 3.4000000000000004 0.6000000000000001 2.6 0 0 2 2.4000000000000004 0 2.2 4.2 2.8000000000000003 0 0 6.2 0 0 0 0 0 0 0 0 0 0 0 0 0.8 0 0.4 0 0 0 0 0 0.2 0 0 0 0 0 0 0 0.2 0 0 0 0 0.8 0.4 0 0.2 0 0 0 0 3.2 0 0 1 4.6000000000000005 0 0 0 0 0 2.4000000000000004 0 0 0 0 12.200000000000001 3.2 0 0 0 5.800000000000001 4.2 0 0 0 0 0 3.2 0 0 0 0 0 2 0 2.8000000000000003 7.4 5.6000000000000005 4 0 0 0 0 0 0 2.2 0 4.2 0 0 0 0 0 0 0 0 0 0 0 0 0 0 0 0 0 0 0 0 0 0 0 0 0 0 0 0 0 2.6 0 0 0 0 0 0 0.6000000000000001 0 0 0.2 0.8 0 1.4000000000000001 0 0 0 0 0 0 0 0 14.8 0.2 0 0 0 0 0 0 0 0 0 0 0 0 0 0 0 0 0 0 0 0 0 0 0 0 0 0 0 0 
 10.4 6.4 8.4 25.200000000000003 51.6 0 7.6000000000000005 48.6 27.8 16.6 12.200000000000001 43.400000000000006 9 52.800000000000004 13.4 27.6 9.8 21.200000000000003 11 9 13.8 17.6 14.8 0.6000000000000001 0.2 0 22.200000000000003 15 16.6 0 1.6 0.6000000000000001 0.8 1.4000000000000001 22.200000000000003 14.600000000000001 16.6 20 31.8 30.400000000000002 0 0 0 0 0 0.2 0 0 0 12.8 0 0 0 0 0 0 0 1 0 0 0.4 0 0 0 0 0 0 0 0 0.4 0 0 0 0 0 0.4 1.8 0.4 0 0 0 0 0.2 2.8000000000000003 4.4 3.4000000000000004 0 0 0 0 2 3.2 0 0 0 0 0 4.4 0 0 3.6 4 0 2.6 0 0 3.4000000000000004 8.4 4.4 0 5.2 9.600000000000001 6.800000000000001 2.4000000000000004 0 2.6 4.6000000000000005 2 6.2 1.8 0 0 0 0 0 0 0 0 0 0 0 9.8 0 0 3.6 0 0 0 0 0 0 0 0 0 0.6000000000000001 0 0 1.4000000000000001 0 0 0 0 0 0.6000000000000001 0 0.2 0 0 0 0 0 0 0 3.6 1.2000000000000002 3.8000000000000003 0 0 0 0 2.4000000000000004 4.2 0 0 0 0 0 0 0 0 4 4.6000000000000005 4 0 0 0 6.4 2.4000000000000004 5.6000000000000005 0 0 0 9 0 0 4.800000000000001 5.6000000000000005 7.4 0 14.8 0 0 0 0 0 0 3.6 0 0 0 0 0 0 0 0 0 0.6000000000000001 0 0 0 0 0 0 0 0 0 0 0 0 0 0 2.6 9.8 0 0 0 0 0 0 0 0 0 0 0 0 1.8 0.8 0.4 0 8.200000000000001 0.2 2.2 0.8 0 0 0 0 0 0 0 1.8 0 0 0 0 0 0 0 0 0 0 0 0 0 0 0.6000000000000001 0 0.2 0 0 0 0 0 0 0 0 0 0 0 0 
 56 42.800000000000004 31.400000000000002 97 15.200000000000001 7.6000000000000005 0 24.200000000000003 7.800000000000001 27 10.200000000000001 9.8 45 107.4 27 10 9.8 7.2 27.400000000000002 49.800000000000004 15.200000000000001 0 0 0.8 0.2 0 0 0 0 0 0 1.2000000000000002 0.6000000000000001 0 0.2 0 0.4 0 0 0 0 0 0.2 0 0 0 0 0.2 0 0 0.2 0 0 0 0.2 0 0 0.6000000000000001 0 0.2 1 0 0 0 0 0 0 6.2 0 0.8 0 0 0 0 1.6 0 0.6000000000000001 0.4 0 0 5 0 0 0 0 0 1.6 2.2 6.4 3 2.6 0.2 2.8000000000000003 1 6.2 0 0 0 2.2 3.6 0 0.2 0 0 0 0 0 0 0.4 0 0 0 0 0 0 0 3 0 0 0 0 0 0 0 0 0 0 0 0 0 0 0 0 2.6 0 0 0 0 0 0 0 0 0 0 0.2 0 0 0.2 0 0 0 0 0 0 0 0 2 0 0 0 0 0 3.2 0 0 0 4.2 6.2 1.4000000000000001 4.4 0.2 2.4000000000000004 3.2 1.8 1 0.4 2 4.4 6.800000000000001 0 0 0 0 0 0 0 0 0 0 0 0 0 0 0 0 0 0 0.2 1.8 0 0 0 0.2 2.8000000000000003 0 0 0 0 0 0 0 0 0 0 0 0 0 0 0 0 0 0 0 0 0 0 0 0 0 0 0 0 0 0 0 0 4.4 0 0 0 0 0 0 0 0 0.6000000000000001 9.4 0.4 0.6000000000000001 0 0 1.2000000000000002 0 0 0 0 0 0 0 0 0 0 0 0 0 0 0 0 0 0 0 0 0 0 0 3.2 0 3.8000000000000003 0 0 0 0 0 0 0 0 0 0 0 0 
 29.200000000000003 33.800000000000004 68 34 24.400000000000002 48.6 24.200000000000003 0 53.400000000000006 33.2 24.400000000000002 24.8 41.6 51.800000000000004 12.8 10.4 47 7.4 35.2 39.6 0 0 0 0.8 0 2.2 0 14.8 0.4 0 0 1 0.6000000000000001 0 0.4 0 0.4 0 4.800000000000001 0 0.2 0 0 0 0 5.800000000000001 0 0 0 0 0 0 0 0 0 0 5.2 0.6000000000000001 0 0 1 0 0 0 0 0 0 0 0 0.8 0 0 0 0 0.6000000000000001 0 0.6000000000000001 0.4 0 0 2 0 6.2 0 0 2.8000000000000003 0.2 2 8.8 3 4.6000000000000005 0 1.6 2.8000000000000003 6.800000000000001 0.2 8.200000000000001 0 0 2.4000000000000004 0 2 0 0 0 0 0 0 0 0 0 0 0 0.4 0 0 0 0 0 0 0 0 0 3 0 0 0 0 0 0 0 0 0.2 0 0 0 0 0 0 0 0 0 0 0 0 0 0 0 0 0 0 0 0 0 0 0 0 0 0 0 1.6 8.8 3.4000000000000004 0 0 0 8.4 5.800000000000001 9.4 3.2 0 1.6 2.8000000000000003 3.2 0 3.4000000000000004 1.6 4.4 0 2.2 0 0 0 0 0 0 0.4 0 0 0 0 0 3 0 0.4 0 0 1.4000000000000001 0 0 0 0.2 0 0 0 0 0 0 0 0 0 0 0 0 0 0 0 0 0 0 0.4 0 0 0 0 0 0 0 0 0 0 0 0 0 0 0 0 0.2 0 0 0 0 0 0 0 0 0.2 0.4 2.8000000000000003 17.6 0.4 0.4 0 0 0 0 0 0 0 0 0 0 0 0 0 0 0 0 0 0 0 0 0 0 0 12.600000000000001 1.8 0 0 0 0 0 0 0 0 0.4 0 0 0 0 
 29.400000000000002 33.6 45 20.6 59.400000000000006 27.8 7.800000000000001 53.400000000000006 0 50.400000000000006 13.200000000000001 15.4 113.4 20.400000000000002 21 70 64 27 39.800000000000004 47.400000000000006 0.2 0.2 0 1 0 0 14.8 0 0 0 0 0.8 0.6000000000000001 0 0 0 0.4 0 30 0.2 0 0 0 0 0 10.200000000000001 0 12.4 0 1 0 0 0 0 0 0 0.4 0.6000000000000001 0 0 0.4 0 0 11.8 0 0 0 0 7.4 0.4 0 0 0 7.2 0 0 0.8 0.4 0 0 4.6000000000000005 1.6 5.800000000000001 4.6000000000000005 5.4 9 0 0 5 0.6000000000000001 1.8 11.200000000000001 1.4000000000000001 3 5.6000000000000005 0.2 9.600000000000001 12 0 3.4000000000000004 1.8 0 0 0 0 0 0.2 1.4000000000000001 0 0 0 0 2.2 0 0 0 0 0 4.2 0 0 0 1.8 0 0 0 0 0 0 0 0 0 0 0 0 0.4 0 0.2 0 0 0 0 0 0 0.6000000000000001 0 0 0 0 0 0 0 2.2 0 0 0 0 0.4 0.4 0 4.6000000000000005 2 0 6 0 3.8000000000000003 9.4 1.2000000000000002 6.6000000000000005 0 15.4 1 0 2.8000000000000003 0.2 5 1.2000000000000002 3 0.2 0 0 0 0 0 0 0 5.800000000000001 2.4000000000000004 0 0 0 0 6.4 0 2.2 0 0 0.2 2.4000000000000004 0 0 0 0.4 0 0 0 0 0 0 0 0 0 0 0 0 0 0 0 4.4 0 0 0 0 0 0 0 0 0 0 0 0 0 0 0 0 0 0 0 0 0 0 0 0 0 0 0 0.4 0.4 2.2 0.6000000000000001 0 1.4000000000000001 0 0 0 0 0 0 0 0 0 0 0 0 0 0 0 0 0 0 0 0 0 0 0 2 2 0 0 0 0 0 0 0 0 0 0 0 0 0 
 55.800000000000004 58.6 11 30.6 14.200000000000001 16.6 27 33.2 50.400000000000006 0 11.8 25.200000000000003 27 31.8 43.800000000000004 55.2 29.200000000000003 23.200000000000003 23 28.200000000000003 0 0 0 0.8 0 0 14.4 0 0 0 0 0.8 0.6000000000000001 0 0 0 0.4 0 3.6 14.8 0 0 0 0 0.2 15.200000000000001 0 0 0 0 0 0 0 0 0 0 0 0.6000000000000001 0 0 0.6000000000000001 0 0 0 0 0 0 0 0 1.2000000000000002 0 0 0 0 0 0 0.6000000000000001 0.4 0 0 7.2 0.2 2 2.8000000000000003 4.2 1.6 3.4000000000000004 0 2.8000000000000003 2.8000000000000003 8.6 4.4 0 4.4 9 3.8000000000000003 3 9.200000000000001 0 0 1.2000000000000002 1.4000000000000001 0 0 0 0 0 2 0 0 0 0 0 0 0 0 0 0 2.2 3.2 0 0 0.6000000000000001 0 0 0 0 0 0 0 0 0 1 0 0.2 0 0 0 0 0 0 1.4000000000000001 0 0 1 0 0 0.4 0.4 0 0 0 0 0 0 0.4 0 0 0 0 3 0 3.6 0.4 0 0 8 5 1.6 0 2.4000000000000004 2 0 0 0.2 5.2 5 2.2 3.4000000000000004 0 0 1.2000000000000002 2.6 0 0 0 3 0 0 0 0 0 1.4000000000000001 0 0 0 0 0 3 4 0 0 0 0 0 0 0 0 0 0 0 0 2.2 0 0 0 0 0 0 0 0 0 0 0 0 0 0 0 0 0 0 0 0 0 0 0 0 0 0 0 0 2 0 0 0 0 0.4 0 10.200000000000001 0.6000000000000001 0 2.4000000000000004 0 0 0 0 0 0 0 0 0 0 0 0 0 0 0 0 0 0 0 0 0 0 0 6.2 0 0 0 0 0 0 0 0 0 0 0 0 0 0 
 13.4 34.800000000000004 29 13.200000000000001 14 12.200000000000001 10.200000000000001 24.400000000000002 13.200000000000001 11.8 0 9.4 25 8.4 33.4 86.60000000000001 48 70.60000000000001 37.6 15.8 0 0.4 0 1.2000000000000002 0.2 0.6000000000000001 15.600000000000001 0.6000000000000001 0.2 0 0 0.8 16.6 0 0 0 1 0 15.4 0.2 0 0 0 0 0 0.4 0 0 0 0 0 0 0 0.4 0 0.4 0 0.6000000000000001 0 0 0.4 0 0 0.6000000000000001 0 0 0 0.6000000000000001 0 0.6000000000000001 0 0 0 0 0.2 0 1.4000000000000001 0.4 0 0.4 2 4.4 7 5.4 1.8 7.2 2.6 2.8000000000000003 6.2 4 13 4.2 0 0 2.8000000000000003 1.6 2.8000000000000003 2 0 0 0 0 0 0 0 0 1.6 0 0 0 0 0 2 5.4 0 0 0 0 9.8 0 0 1 4.2 0 0 0 0 0 0 0 0 0.4 0 0 0 0 0 0 0 0 0 0 0.2 0 0 0 0 0 0 0 0 0 0 0 0 0 0 0 0 0 0.2 5 5 2 2.8000000000000003 3.2 0 0 3.6 5 3 5.2 0 0 1.8 5 0 3.4000000000000004 0 2.2 0 0 0.2 0 0 0 0 6.800000000000001 0 0.4 0 0.4 9.600000000000001 0 0 0 0 0 1.8 0.2 0 0 0 0 0 0 0 0 0.4 0 0 1.8 0 0 0 0 0 0 0 0 0 0 0 0 0 0 0 0 0 0 0 0 0 0 0 0 1.4000000000000001 0 0.4 0 0 0 0 0 0 0 2 0 0.4 9.600000000000001 1.6 0.6000000000000001 0 0 0 0 0 0 0 0 0 0.4 0 0 0 0 0 0 0 0 0 0 0 0 0 0 2 0 0 0 0 0 0 0 0 0 0 0 0 0 
 4.4 5.6000000000000005 68.8 59.6 22.8 43.400000000000006 9.8 24.8 15.4 25.200000000000003 9.4 0 10.200000000000001 49.6 12 15 14.200000000000001 34 10.4 8.200000000000001 1.6 12.200000000000001 31 0.6000000000000001 0 0 0.2 4.4 15 0 15.600000000000001 15.600000000000001 7.4 3.8000000000000003 0.2 32 1 0 29.6 24.400000000000002 0 0 0 0 11.200000000000001 0.2 0 12.8 0.4 0.2 0 0 0 0 0 0 0 0.8 0 0 0.4 0 0.6000000000000001 0 0 0.6000000000000001 0 0 0.4 0.4 0 0.2 0 0 0 1.2000000000000002 3.4000000000000004 0.4 0 1.2000000000000002 0 0 0 2 6 9.8 0 0 0 0 1.2000000000000002 1.8 0 0 0 0 5.2 1.8 0 0 5.6000000000000005 3 0 2.8000000000000003 0 0 0 1.8 0.2 0 1.8 0 3.4000000000000004 3.6 7.800000000000001 0 0.2 0 1.8 2 0 0 0 0 0 0 0 0 0 0 0 0 0 0 0 0 0 0 0 0 0 0 0 0 1 0 0 0 0 0 0 0 0 0 0 0 0 0 0 0 0 0 0 3.6 6.6000000000000005 4.6000000000000005 0 0 0.2 0 0.8 0 0 0 0 6.6000000000000005 2.2 0 0.2 0.2 5 5.2 0 0 0 0 9.8 0.4 0.8 3.6 0 0 5.2 2.8000000000000003 2 0 0 10 3 0.2 0 0 0 0 0 0 2 0 0 0 0 0 0 0 0 0 0 0 0 0 0 0 0 0 0 0 0 0 0 0 0 0 0 0 0 0 0 0 0 0 0 0 0 0 0 0 0 0 0.6000000000000001 18 0 3.6 0 3.4000000000000004 0 0 0 0 0 0 0.4 0 0 0 0 0 0 0 0 0 0 0 0 0 0 2.6 2 0 0 0 0 0 0 0 0 0 0 0 0 0 
 50.800000000000004 16.400000000000002 12.200000000000001 50.800000000000004 13.4 9 45 41.6 113.4 27 25 10.200000000000001 0 41 6.4 9.200000000000001 109.4 8.200000000000001 59.800000000000004 63.800000000000004 0 0 0 0.8 0 0 0 0 0 0 0 1 0.6000000000000001 0 0 0 0.4 0 0 0 0 0 0 0 2 0 0 0 0 0 0 0 0.2 0 0 0 0.6000000000000001 0.6000000000000001 0 0 7.4 0 0 0 0 0 0 0.6000000000000001 0 1 0 1.2000000000000002 0 0 0 0 0.6000000000000001 0.8 0 0 2 0 0 0 0 0 2 0.2 2 0 2.4000000000000004 0 5.800000000000001 0.8 2.4000000000000004 1.8 3.8000000000000003 3 6.800000000000001 7 0.4 0 0 0 0 0 0 0 0 0 0 0.2 0 0.2 0 0 0 1.6 0 0 0 0 0 0 0.2 0 0 0 0 0 0 0 0 0.2 0 0 0.2 0 0 0 0 2 0 0 0 0 0 0 0 0 0 0 0.2 0 0 0 0 0 0 0 4.4 3.2 3 0 0 0 9 5 0 5.800000000000001 0 0.2 6.6000000000000005 2.4000000000000004 2.6 0 1.8 2 3.2 0.2 0 0 0 0 0 0 0 0 0 0 0 0 0 0 0 0 0 0 0 0 0 0 0 0 0.4 0 0 0 0 0 0 0.2 0 0 0 0 0 0 1.2000000000000002 0 0 0 0 0 0 0 0 0 0 0 0 0 2.6 0 0 0 0 0 0 0 0 0 0 0 0 0.4 0 0.4 0.6000000000000001 0.2 0 2.6 0 0 0 0 0 0 0 0 0 0 0 0 0 0.2 0 0 0 0 0 0 0 0 0 3.2 0 0 0 0 0 0 0 0 0 0 0 0 0 0 
 26.400000000000002 94 12.600000000000001 17.2 13.4 52.800000000000004 107.4 51.800000000000004 20.400000000000002 31.8 8.4 49.6 41 0 40.400000000000006 50.2 34 46.2 25.200000000000003 23.8 0 0 0 1 0 0.6000000000000001 0.4 0.2 0 0 0 0.8 1.2000000000000002 0.6000000000000001 0 0 0.4 0 14.8 0.4 0 0.6000000000000001 0 0 0.8 0.4 0 1.2000000000000002 0.4 0 0 0 0.4 0 0 0 0 2 0 0 0.6000000000000001 0 0 0 0 0 0 0 0 1 0 0 0 0 0.6000000000000001 0.2 6.4 0.4 1 0.6000000000000001 9.600000000000001 0.2 1.2000000000000002 0.8 0 0.4 3 0.2 2.2 0 1.8 2 1.8 0 0.2 2 2.8000000000000003 3.4000000000000004 10.8 0 0 0 0 0 0 0 0 0 2.2 0 0 0 0.4 0.8 0 0 0 0 0.2 3.4000000000000004 0 0 0 0 0 0.4 0 0 0 0 0 0 0 0 0 0 0 0 0 0 0 0 0 0 0.2 0 0 0 0.2 0 0 0 0 0 0 0 0 0 0 0 1.8 0 6 2.8000000000000003 0 0.2 0 3.6 1.8 0 0 2.2 2.4000000000000004 5.800000000000001 0 7.6000000000000005 4.800000000000001 2.2 2.8000000000000003 0 0 0 0 0 0.2 0 0 0 0 0 0 0 3.6 0 0 0 0 0 1.2000000000000002 2 0 0 0 0 0 0 0.4 0 0 0 0 0 0 0 0 0 0 0 0 1.6 0 0 0 0 3.4000000000000004 0 0 4.4 0 0 0 0 0 0 0 0.4 0 0 0 0 0 7.800000000000001 0 0 0 0 17.6 0 0 9.4 0 2 0 0 0 0 0 0 0 0 0 0 0 0 0 0 0 0 0 0 0 0 0 0 0 2 2 2 0 0 0 0 0 0 0 0 0 0 0 0 
 48.400000000000006 38 38 32.800000000000004 62 13.4 27 12.8 21 43.800000000000004 33.4 12 6.4 40.400000000000006 0 93.80000000000001 26.200000000000003 38.2 19.200000000000003 21.8 0.4 0 0 15.8 0 0 0.2 0 0 0 0.4 0.8 1 0.2 0.6000000000000001 0 0.6000000000000001 0 0.6000000000000001 0 0 0 0.6000000000000001 0.6000000000000001 0.6000000000000001 0.6000000000000001 0 0.6000000000000001 0 0 0 0.6000000000000001 0 0 0 0 0.6000000000000001 1.2000000000000002 0 0 1.4000000000000001 0 0 0.4 8.6 0 0.4 0 0 0.6000000000000001 0.2 0.6000000000000001 0 0 0.4 0 1 0.4 0 0 3.4000000000000004 7.4 2 3.4000000000000004 0.8 0 0 3.2 5 0.2 0 1.2000000000000002 4.800000000000001 6.6000000000000005 6.2 2.6 3.2 0 0.2 0 0 0 0.4 0 0 0 0 0 0 0 0 0 0 4.6000000000000005 0 0 0 0 0.2 0 0 0 0 0 0 0 0 0 0 0 0 0 2.4000000000000004 0 0 0 0 0 0 0 0 0 0 0 0 0 0 0 0 0 0 0 0 0 0 0 0 0 0 0 0 3.2 4.2 3.8000000000000003 0 0 3.4000000000000004 0 1.4000000000000001 3 0 6.4 2.4000000000000004 2.4000000000000004 3.4000000000000004 9 11.600000000000001 3.6 0 0 0 0 0 0 0 0 0.4 0 0 0 0 0 0 0 0 0 0 0 1.4000000000000001 0 0 0 0 0 0 0 0 0 0 1 0 0 0 0 0 0 0 0 0 0 0.2 0 0 0 0.2 0 0 0 0 0.4 0.4 0 0 0 0 0 0 0 0 0 0 3.8000000000000003 0 0 0 0.2 34.6 0 0.6000000000000001 0 0 0.6000000000000001 3 0 0.4 0 0 0 0.2 0 0 0 0 0 0 0 0 0 0 0.4 0 0 0 0 0 0 0 2.6 0 0 0 0 0 0 0 0.2 0 0 0 0 
 46.400000000000006 82.80000000000001 68.2 11.4 15.4 27.6 10 10.4 70 55.2 86.60000000000001 15 9.200000000000001 50.2 93.80000000000001 0 34.800000000000004 9.200000000000001 4.6000000000000005 15.8 0 0 0 0.8 0 0 14.8 0 0 0 0 1 0.6000000000000001 0 0.4 0 0.4 0 14.600000000000001 0 0 0 0 0 0 0 0 0 0 0.2 0 0 0 0 0 0 0 0.6000000000000001 0 0 0.4 0 0 1 0 0 0 0 0 0.4 0 10.4 0 0 0 0.4 0.2 0.4 0 0 0.2 8 3.6 11.600000000000001 5.4 7.2 0 2.2 4.6000000000000005 2.6 11.600000000000001 8.6 2.4000000000000004 2.4000000000000004 0 3.8000000000000003 6 4.2 2.6 2.4000000000000004 0.4 0 0 0 0 0 2.4000000000000004 1.6 0 0 0 0.2 2.4000000000000004 5.2 0 0 0 0 0.8 0 0 0 2 0 0.2 0 0 0 0 0 0 0 0 0.2 0 0 0.2 0 0 0 0 0 0 0 2 0 0 0 0 0 0 0 0 0 0 0 0 0 0 0 0 2 2 2.8000000000000003 2.8000000000000003 2.4000000000000004 2.8000000000000003 0 3 2.6 7.2 3 0 1.6 5.4 5.4 4.2 2.4000000000000004 0 0 0 0 0 0 0 0 1.8 7.2 0.2 0 0 0 2 0 0 0 0 0 1.8 0 0 0 0 0.2 0.4 0 0 0 0 0 0 0 0 0 0 0 0 0 0 0 0 0 0 0 0 0 0 0 0 0 0 2.2 0 0 0 0 0 0 0 0 0 4.2 0 0 0 0 17.6 0 0.2 0 1.8 3.8000000000000003 0 0 0 0 0 0 0 0 0 0 0 0 0 0 0 0 0 0 0 0 0 0 0 2 0 0 0 0 0 0 0 0 0 0 0 0 0 0 
 49.6 29.200000000000003 9.600000000000001 11 8.6 9.8 9.8 47 64 29.200000000000003 48 14.200000000000001 109.4 34 26.200000000000003 34.800000000000004 0 44.2 9.8 27.200000000000003 7 0.8 0 1 0 0 15 0 0 0 0 0.8 0.6000000000000001 0 0 0 0.4 0 32 0 0 0 0 0 0.2 0 0 0 0 0 0 0 0 0 0 0 2 12.600000000000001 0 0 1.2000000000000002 0 0 9.200000000000001 0 0 0 0 0.8 0.8 0 0 0 0.8 0 0 0.6000000000000001 0.4 0 0 11.600000000000001 0 5.4 3.2 0 2.6 2.8000000000000003 0 5.2 3.8000000000000003 8.6 0 3.8000000000000003 2.2 0 1 0.6000000000000001 0.2 3.6 6 2.2 0 1.8 0.2 0 0.2 0 0 0 0 0 0 0.2 0 0 0 0 0 1.8 0 0 0 6.800000000000001 0 0 0 0 0 0.4 0 0 0 0 0 0 0 0 0 0 0 0.2 1 0 0 0 0 0 0 0 0 0 0 0 7.800000000000001 0 0 0 0 0 0 6 3 1.2000000000000002 0.2 2.4000000000000004 0.2 6.4 2.6 0 4.6000000000000005 1.8 0.2 0 0.4 2.6 0 2.4000000000000004 6.800000000000001 0 0 0 0.2 0 0 0.4 0 0 6.4 0 0 0 0 1.6 0 0 0 0 0 0 0 0 0 0 0 0 0 0.2 0.2 0 0 0 0 0 0 0 0 0 0 0 0 0 0.4 0 0 0 0 0 0 0 0 0 0 0 0.2 0 0.2 0 0 0 0 0 0 0 0 0 0.2 0.2 0 0 0.8 0.4 1.4000000000000001 0 0 0 0 0 0 0 0 0 0 0 0 0 0.4 0 0 0 0 0 0 0 0 0 4 3.2 0 0 0 0 0 0 0 0 0 0 0 0 0 
 53.6 14 24.400000000000002 46 68.2 21.200000000000003 7.2 7.4 27 23.200000000000003 70.60000000000001 34 8.200000000000001 46.2 38.2 9.200000000000001 44.2 0 8 21.8 0 0 0 0.8 0 0 0.2 0 0.2 0 0 1 0.6000000000000001 0 0.4 0 0.8 0 3.4000000000000004 0.2 0 0.4 0 0 0 0.2 0 0 0 0 0 0 0.4 0 0 0 0 0.6000000000000001 0 0.2 0.6000000000000001 0 0 0.2 8.200000000000001 0 0 7.2 0 0.6000000000000001 4 0 0 0 0 0.8 0 0.4 1 0 3.8000000000000003 2.2 4.6000000000000005 0 2.2 5 0 2 7.6000000000000005 4.2 0.4 0 0 0 2.8000000000000003 1.4000000000000001 8.200000000000001 0 0 0 0.4 3.8000000000000003 0 0 0 1.2000000000000002 0 0 0 0 0 0 0 0 0 0 0 0 0 2.4000000000000004 0 0 0 0 0 0 0 0 0 0 0 0.4 7.800000000000001 0 0 0 0 0 0 0 0.4 0 0.2 0 0 0 0 0 0 0 0 0 0 0 0 0 0 0 0 0 1.6 10.200000000000001 2.2 0.2 2.2 0 0 4.4 12.200000000000001 0 0.2 4.6000000000000005 0 0 2 0 1 7.6000000000000005 0 2.2 0 0 0 0 0 0 0.2 0 0 0.4 0 0.4 5 4.4 0 0 0 0 0.2 2.4000000000000004 0 0 0 0 0 0 0.2 0 0 0 0 0 0 0 0 0 0 0 0 0 0 0 0 0 0 0 0 0 0 0 0 0 0 0 0 0 0 0 0 0 0 0.4 0 0 0 0.6000000000000001 0.4 0 0 17.6 2.2 1.8 0 0 14.8 0 0 0 0.4 0 0 0 4.6000000000000005 0 0 0 0 0.2 0 0 0.2 0 0 0 0 3.6 1.8 0 0 0 0 0 0 0 0 0 0 0 0 0 
 31 25 8.200000000000001 58.400000000000006 20.400000000000002 11 27.400000000000002 35.2 39.800000000000004 23 37.6 10.4 59.800000000000004 25.200000000000003 19.200000000000003 4.6000000000000005 9.8 8 0 20.400000000000002 2.2 0.4 0 1.2000000000000002 0 0 0 0 0.6000000000000001 0.4 0 0.6000000000000001 0.6000000000000001 0.6000000000000001 0 0.6000000000000001 1 13.200000000000001 0.6000000000000001 0.6000000000000001 0 0.8 0 0 0.2 0 0 0.4 0.4 0 0 0 0.6000000000000001 0.2 0 0 1 0.6000000000000001 0.6000000000000001 0 0.6000000000000001 0 0 0 0 0 0 0.4 0 0.6000000000000001 0 0.4 0 0 0.2 0 0.6000000000000001 0.4 0.2 0.4 3 0.4 0.2 0 0 6.4 2.2 3.2 2.4000000000000004 0 0 0.4 1.8 2 0 0.8 3.4000000000000004 0 2.2 8.8 0 0 0 0 0.2 0 4.4 0 0 0 0 0 0 0 0 0.6000000000000001 0 0.4 0 0 0 0 0 0.8 0 0 0 0 0 0 0 0 0 0 0 0 0 0 0 0 0 0 0 0 0 0 0 0 0 0 0 0 0 0 0 0 0 0 0 0 11.600000000000001 0.2 3.8000000000000003 2.2 0 0 3.2 2.8000000000000003 0 0 0 0 3.4000000000000004 2.8000000000000003 2.2 2.4000000000000004 0 5.4 7.4 2.8000000000000003 0 0 0 0 0 0 0 0 0 0 0.4 0 3.6 0 0 0 0 0 0 0 0 0 0 0 0 0 0 0 0 0 0 0 0 0 0 0 0 0 0 0 0 0 0.2 0 0 0 0 0 0 4.4 0 0 0 0 0 0 0 0 0 0 0 0 0 0 0.4 0.2 0 0.2 0.4 0 0 1.4000000000000001 0 0 0 0 0 0 0 0 0 0 0 0 0 0 0.4 0 0 0 0 0 0 0 0 0 0 0 0 0 0 0 0 0 0 0 0 0 0 0 
 7.2 66.4 10.600000000000001 13 27.200000000000003 9 49.800000000000004 39.6 47.400000000000006 28.200000000000003 15.8 8.200000000000001 63.800000000000004 23.8 21.8 15.8 27.200000000000003 21.8 20.400000000000002 0 0 8 0.6000000000000001 41.400000000000006 0.6000000000000001 0 0 0 0 0 0.4 1.2000000000000002 0.6000000000000001 1 0 0 0.4 0 0 0.4 0 0 0 0 0.4 19.400000000000002 0 0 13.200000000000001 0.4 0 0 0 0 0 0 0 0.6000000000000001 0 0 1.2000000000000002 0 0 0 0 0 0 0.4 0 1.6 0.4 0 0.2 0 2 0 0.6000000000000001 0.4 0 0 1.4000000000000001 0.2 2 0 0 0.2 1.6 0 1.2000000000000002 0 3.8000000000000003 1 1.6 9 8 0 2.8000000000000003 0 0.2 1.4000000000000001 0 0 0 0 0 0.4 0 0 0 0 0 0 0 0 0 0 0 0 0 10.200000000000001 0.4 0 0.2 0 0 0 0 0 0 0 0 0 0 0 2.8000000000000003 4.6000000000000005 0 0 0 0 1.2000000000000002 2 0 0 0 0 0 0 0 0 0 0 0 0 0 0 0 0 0 0 4.800000000000001 0 0 0.6000000000000001 0 0 5 17.400000000000002 1 0 0 0 1.8 0 2.8000000000000003 2.4000000000000004 3.8000000000000003 0.4 2.4000000000000004 0 0 0.4 0 0 0 0 0 0 0 0 0 0 0 0 0 0 0 0 0 1.8 0 0 0 0 0 0 1.4000000000000001 2.6 0 0 0 0 0 0 0 0 0 0 2.8000000000000003 1.2000000000000002 0 0.2 0 0 0 0 0 0 0 0 0 0 0 0.4 0 0.2 0 0 0 0 0 0.2 0 0 0 0.6000000000000001 0 0 10 0 0 3.2 0 0 0 0 0 0 0 0 0 0 0 0 0 0 0 0 0 0 0 0 0 0 0 4.4 0 0 0 0 0 0 0 0 0 0 0 0 0 0 
 0 0 0 0 16 13.8 15.200000000000001 0 0.2 0 0 1.6 0 0 0.4 0 7 0 2.2 0 0 24.400000000000002 36.6 11 25 6.6000000000000005 25.6 18.6 10 10.8 58.400000000000006 32.2 24.200000000000003 18.8 44.2 52.6 23.200000000000003 16 21.400000000000002 17.6 0.2 0.6000000000000001 0.4 0 0.6000000000000001 0.4 0.6000000000000001 1.6 0 0.4 0 40.400000000000006 0 0.2 0 0 0 0.8 0.4 0 0 0 0 0 0 0.6000000000000001 0 0.4 0.6000000000000001 0 0.4 0.6000000000000001 0 0 7.800000000000001 0 0 0 0 1 0 0 0 0 0 0 0 0 0 0 0 1.2000000000000002 0 0 0 0 0 0 0 0 0 1.6 3.2 5 7.2 0 2.4000000000000004 9.4 2.2 5.800000000000001 0 2.2 0 6.4 7.800000000000001 10 7 0.2 0 0.2 0 0 0 0 0 0 0 0 0 0 0.4 0 0 0 0 0.2 0 0 0 0 0.2 0 1.2000000000000002 0.2 0 0 0 0 0 0 0 0.8 0 0 0.8 0 0.2 0 0 0 0 0 0 0 8 0.6000000000000001 0 0 0 0 0 0.2 0 0 0 0 0 0 0 0 4.2 3.4000000000000004 4.2 2 1.8 0 4.2 3.8000000000000003 21.8 2.2 5.2 2.6 0 5.2 2.8000000000000003 0 1.8 3 0.2 12 0 0.6000000000000001 0 0 0 0 0 0 0.6000000000000001 0 0 0 3 0 2 0 0 0 0 0 0 0 0 0 0 0 0 0 0 0 0 0 0 0 0 0 0 0.2 0 0.4 0 0 0 0 0 0 0 0 0 0 0 0 0 0 0.8 0 0.6000000000000001 7.800000000000001 0 0.4 2 0 0.2 0.4 0 0 0 0 0 0 0 0 0 0 0 0 0 0 0 0 0 7.2 0 0 0 0 3 0 0 0 
 0 0 0 0 0.2 17.6 0 0 0.2 0 0.4 12.200000000000001 0 0 0 0 0.8 0 0.4 8 24.400000000000002 0 63.800000000000004 13.200000000000001 24 8.200000000000001 19.8 95 36.4 36.6 30.400000000000002 24.200000000000003 12.8 16.2 74.60000000000001 41.400000000000006 23.8 26.400000000000002 21.6 22.8 0 13.4 0.4 0 1.2000000000000002 2 0 1.4000000000000001 0 0.8 0.2 0 0 0.4 0 0 0 0.2 13.8 12.8 0 0 0 0 0 0.4 0.2 0.6000000000000001 0.6000000000000001 0 1 0.6000000000000001 0.6000000000000001 0.6000000000000001 1 0 1.2000000000000002 0 0 0.6000000000000001 0 0.2 0 0 0 0 0 0 0.4 0 0 0 0 0 0 0 0 0 0.2 0 0.2 0.2 5.6000000000000005 3.2 0 0 3.2 3.2 6.4 1.4000000000000001 2.6 0 1.8 3 4 3.8000000000000003 2.2 1 0.2 0.2 0 1.6 0 0 0 0 0 0 0 1.8 0 0 2.6 0 0 0 0 0 0.2 0 0.8 0 0 0 0 0 0 0 0 0 0 0.4 0 0 0 0 0.8 0 0 0 2 0 0 0.2 2.6 0.2 0 0 0 0 0 0.2 0 0 0 0 0 0 1.6 0 4.6000000000000005 0 0 2.6 3.4000000000000004 0 2.2 4.2 11 1.8 1.8 0 2 2.4000000000000004 12 2.6 6.4 0 0 1 0.2 0 0 0 0 0 3.6 0 0 0 0 0 0 0 0 0.2 0 0 0.2 0 0 0.4 0 0 0 0 0 0 0 0 0 0 0 0 0 0 0 0 0 0 0 0 2 0 0 0 0 0 0 15.4 0 0 0 0 3.8000000000000003 0 0 0.2 16.2 0.2 0 0.2 0 0 0 0 0 0 0 0 0 0 0 0 0 0 0 0 0 0 0 6 0 0 0 3 0 0 0 0 
 0 0 0 41.6 9.4 14.8 0 0 0 0 0 31 0 0 0 0 0 0 0 0.6000000000000001 36.6 63.800000000000004 0 17.2 8 22.6 18.2 14.8 38 8.200000000000001 63.400000000000006 5.4 114 27 12.8 20.6 58.800000000000004 13.200000000000001 8.6 45.400000000000006 0 0.8 0.4 0 0.6000000000000001 0.2 0 0.4 0 0.2 0 0 0 0 0 0 0 0.4 0 0 0 0 0 6.2 0 0.6000000000000001 0.4 0.4 0.4 0 0.4 0.4 0 0 0 0 0 0 0 0.8 0 0 0 0 7.4 2 0 0 0 0 0 0 0 0 0 0 0 0 0 0 4.6000000000000005 2.4000000000000004 0 2 5.4 0 2.4000000000000004 2 9.8 6.6000000000000005 3.8000000000000003 0 4.4 5.2 2.2 0 0 3.8000000000000003 0 8 0 0 0 0 0 0 0 0 2 0 0 0 0.2 0 0 0 0 0 0 0 0 0 1 0 0 0 0 0 0 0 0 0.6000000000000001 0 0 0 0 0 0 0 0 0 0 0 0 1.8 2.2 0 0 0 0 0 0 0 0 0 0 0 0 0 0 0 5.4 0 0.2 5.6000000000000005 0.4 2.6 4.2 3.4000000000000004 2.2 0.2 0.2 0 2.8000000000000003 5.4 0.2 0 6.2 4 3.2 0 0 0 0 0 0 0.2 0 3.8000000000000003 0 0 0 8.4 0 0 2.4000000000000004 0 0 0.2 0 0 0 0 0 0 0 0 0 0 0 0 0 0 0 0 0 0 0 0 0 0 0 0 0 0 0 0 0 0 0 0 0 0 0 0.4 0.4 0 0.2 0 0 0.6000000000000001 3.4000000000000004 0 0 0 0 0 0 0 0 0 0 0 0 0 0 0 0 0 0 0 0 0 0 0 2 0 0 0 0 
 30.8 0.6000000000000001 0.8 0.6000000000000001 0.8 0.6000000000000001 0.8 0.8 1 0.8 1.2000000000000002 0.6000000000000001 0.8 1 15.8 0.8 1 0.8 1.2000000000000002 41.400000000000006 11 13.200000000000001 17.2 0 29.200000000000003 9 17.400000000000002 59.400000000000006 24.200000000000003 41.6 16.6 20.200000000000003 13 56.6 19.400000000000002 8.8 16 28.400000000000002 17.6 11.8 0 2 0.4 0.4 0.6000000000000001 0 11.600000000000001 3.4000000000000004 0 0 0 0 0.4 0 25.400000000000002 0 0 0 0 12.600000000000001 0 0 0 0 0 0.6000000000000001 0 0.4 0.4 0 0.4 0.4 0 0 0 0 0 0 0 0 0 0 0 0.2 0 0 0 0 0 0 0 0 2.4000000000000004 0 0 0 0 0 0 0 0 0 0 0.2 2.2 2.4000000000000004 0 0.2 0 0.4 0.4 6.6000000000000005 0.4 0 0.2 1.8 0 0.2 0 0.4 2 0 0 0 0 0.2 2.6 0 0.2 0 0 0 4.2 0 2.2 0 2.4000000000000004 3.2 2 2.4000000000000004 0 0 0 0 0 0 0 0 0 0.4 0 0 0 0 0 0 0 0.4 0 0 0 0 0 0 0 0 0 0 0 0 0.4 0 0 0 0 0 0 0 0 0 0.2 0 3.2 8 0 3.8000000000000003 0.2 0 0.2 11.8 3.4000000000000004 2.4000000000000004 0 0 0 2 1.4000000000000001 1.8 0 0 0.8 2 5.4 0 0 0 2.8000000000000003 0 0 0 0 0 4.2 6.6000000000000005 2.2 2 8.200000000000001 0 4 4.2 0 0 0 0 0.2 0 0 0 0 0 0 0 0 0.4 0 0.4 0 0 0 0 0 0 3 0 0 0 0 0 0.4 0 0 0 0 0 0.6000000000000001 0 0 0 15 0 0.8 0 0 0 0 0 0 0 0 0 0 0 0 0 0 0 0 0 0 0 0 0 0 0 0 0 0 0 0 0 
 0 0.2 0 0 0 0.2 0.2 0 0 0 0.2 0 0 0 0 0 0 0 0 0.6000000000000001 25 24 8 29.200000000000003 0 47.400000000000006 12 9.600000000000001 37.2 24 29.6 21.8 34.800000000000004 29 21 19.6 8.4 13.4 14 57.6 12.8 30.6 0.6000000000000001 0 0.6000000000000001 0.4 0 4.4 0 0 0 0.8 10.8 0.2 4.800000000000001 23 12.600000000000001 0 0.8 12.4 0 0 0 0 0 1.8 0 0.6000000000000001 0.4 0 0.4 0.4 0 0 0 0 0.2 17.2 4.2 0 0 0 0 0 0 0 0 0 0 0 0 0.2 0 0 0 0 0 0 0 0 0 0 0.2 3.4000000000000004 3.4000000000000004 15.8 0 0 0 0 0 0 0 5 0 2.8000000000000003 4 1.8 0 0.4 12.4 0.4 3.6 0 0 0 11.8 0.2 0 2.6 4 0 4 1.8 17.8 6.6000000000000005 7 8.8 2.8000000000000003 12.600000000000001 1 0 1 0 0 0 0 0 0 0 0 0.2 0 0 0 0 8.6 0 0 0 0 0 0 0 0 0 0 0 0 0 0.4 0 0 0 0 0 0 0 0 0 1.8 0 0 0 4.6000000000000005 8.8 0 4 3.4000000000000004 0.6000000000000001 4.4 6.6000000000000005 0 0 0.2 0.2 0 0 0 0 0 0 4 0 0 0 0 0.4 5 0 0.8 0 3.6 0 0.4 0.2 4.800000000000001 3.8000000000000003 0.2 3 0 0 0 0 0 0 0 0.4 0 0 0 0 0 0 0 0.4 0.4 0 0 0 0 0 0 0 0 0 0 0 0 0 0 0 0.2 0.4 1.4000000000000001 0 0.6000000000000001 15.200000000000001 0 0.4 0.6000000000000001 0 0 0 0 0 0 0 0 0 0 0 0 0 0 0 0 0 0 0 0 3.4000000000000004 0 0 0 0 0 0 0 0 
 0 0 0 0 0 0 0 2.2 0 0 0.6000000000000001 0 0 0.6000000000000001 0 0 0 0 0 0 6.6000000000000005 8.200000000000001 22.6 9 47.400000000000006 0 7.2 9.4 55.400000000000006 71.2 9.600000000000001 14.200000000000001 48 6 11.200000000000001 8 14.8 28.200000000000003 11 54.6 16.8 13.8 0.4 0.4 1 0.6000000000000001 12.600000000000001 14.4 0.6000000000000001 0 0 42.400000000000006 2.4000000000000004 0 26.200000000000003 0.2 0 14 12.600000000000001 13.600000000000001 0.8 0 0 0.4 0 1.2000000000000002 0 0.8 0.4 0 0.4 0.4 1.8 0 0 0 0.6000000000000001 0 0.4 0 0 0 0 0 0 0 0 0 0 0 0 0 0 0 0 0 0 0 0 0 0 0 0 0 4.6000000000000005 3.6 0.8 0 0 0 4.2 2.4000000000000004 0 0 0 2.2 0 0 0 0 0 0 3.4000000000000004 0 0 0 2.4000000000000004 1.6 0.2 0 4.6000000000000005 0 7.4 0 0 0 5.4 3.4000000000000004 4.800000000000001 5.800000000000001 0 0 0 0 0 0 0 0 0 0 0 0 0 0 0 0 0 0 0 0 0 0 0 0 0 0 0 0 0 0 0 0 0 0 0 0 0 0 0 0 0 0 1.8 2 0 0 0 0 0.6000000000000001 1.8 0 4.2 0 0 2.8000000000000003 1.8 1.4000000000000001 0 0 0 0 7.6000000000000005 0 2.4000000000000004 0 0 3 0 6.4 0 0 3.4000000000000004 10.200000000000001 11.200000000000001 0 6.4 2.2 0 6.4 1.8 0 0 0 0 0 0 0 0 0 3.6 0 0 0 0 0 0 0 0 0 0 0 0 2.4000000000000004 0 0 0 0 0 0 0 0 0 0 0 0.6000000000000001 0 0.4 15 17.8 0 0.2 4 0 0 0 0 0 0 0 0 0 0 0 0 0 0 0 0 0 0 0 0 0 0 0 0 0 0 0 0 
 0 0.2 0 14.8 14.8 22.200000000000003 0 0 14.8 14.4 15.600000000000001 0.2 0 0.4 0.2 14.8 15 0.2 0 0 25.6 19.8 18.2 17.400000000000002 12 7.2 0 40 16 5.2 14.600000000000001 6.2 14.200000000000001 20.8 44.2 6.6000000000000005 33 6.6000000000000005 86 33.4 0 0.6000000000000001 0.4 0 1.2000000000000002 0 0.2 2.4000000000000004 0 12.600000000000001 0.4 0.2 0 0.2 0 0 0 5.4 0.2 0 0.6000000000000001 0 0 1 0 0.6000000000000001 0 0.4 0.6000000000000001 0 0.6000000000000001 0.6000000000000001 0 0.4 0.4 0 0.4 0 0 0 0 2 0 2.6 4.2 3 0 0 0 1.6 3.6 8 0 0 0 0.2 0 3.2 0 0 4.6000000000000005 3.8000000000000003 9.4 0.2 3.6 0 6 11.200000000000001 1.8 5.800000000000001 4 2.4000000000000004 0.2 0 0.8 2 8 0.2 9 1.6 0 0 0.2 0 0 0.2 0 0 0 0 0 0 0 0 0 0 0 0 0 0 0 0 0 0 0 0 0 0.8 0 0 0 0 0 7.2 0 0.8 0 0 0 0 0 0.2 0 3.8000000000000003 5.4 8.4 0 0 0 5.800000000000001 7.4 3 0 0 0 2.4000000000000004 0 0 0 0 0 0 2.4000000000000004 0 0 0 1.8 9.8 11 3 0 0 1.8 0 3.6 7.2 2 4.2 0.6000000000000001 13.600000000000001 0 0 0 0 0 0 0 0 0 0 0 0 0 0 0.4 0 0 0 0 0 0 0 0 0 0.2 0 0 0.4 0 0 0 0 0 0 0 0 0.4 0 0 0 0 0 1.2000000000000002 0 0 0 0 0 0 5.800000000000001 0 0 0 0.4 0.8 0.2 0.2 0 0 0.4 2.2 0 0 0 0 0 0 3 0 0 0 0 0 0 0 1.8 2.8000000000000003 0 0 0 0 6 0 0 0 0 0 0 0 0 
 0 0 0 0 15.200000000000001 15 0 14.8 0 0 0.6000000000000001 4.4 0 0.2 0 0 0 0 0 0 18.6 95 14.8 59.400000000000006 9.600000000000001 9.4 40 0 66.4 55 7.800000000000001 6.6000000000000005 40.800000000000004 51.400000000000006 69.60000000000001 9.600000000000001 53.6 21 65.2 42.800000000000004 0.4 0.8 0.4 0 0.6000000000000001 0.2 0 0.4 0 0.2 0 0 0 0 0.4 0 0 0 13.4 12.600000000000001 0 0 0 0 0 0.6000000000000001 0 0.6000000000000001 0.4 0 0.4 0.4 0.6000000000000001 0 0 0 0 0.2 0 0 0.4 0 0 0.2 0 0 0 0 0 0 0.4 0 0 0 0 0 0 0 0 0 13.8 7.2 8.8 10 0 0 6.4 6 4.2 0 3.8000000000000003 0 2.8000000000000003 4.2 1.8 0 9 1.4000000000000001 0 6 0 0 0 0 0.2 0 0 0 0 0 0 0 3.4000000000000004 0.4 0 0 0 0 0.2 0 0 0.4 0 0 0 0 0 0 0 0 0 0 0 0 1.6 0.2 0 0 0 0 0.6000000000000001 0 0 1.8 0.2 3.8000000000000003 0 0 0 0.2 0 0 0 0 0 0 0 0 1.4000000000000001 0.2 0 3.4000000000000004 3.2 5.800000000000001 1.8 0 2.2 3.2 2.4000000000000004 2.6 1.4000000000000001 0 2.2 2.4000000000000004 1 5.6000000000000005 10.200000000000001 2.6 0 2.4000000000000004 0.6000000000000001 0 0 0 0 0.4 3.6 0 0 0 0 0 0 0 0 0 0 0 0.2 4.4 0 0 0 0 0 0 0 0 0 0 0 0 0 0 0 0 0 0 0 0 0.4 0 1.4000000000000001 0 0 0 0 0 0 0 0 0.2 0 0 1.6 0 0 2.4000000000000004 15.200000000000001 0 0.4 0 0 0 0 0 2.2 0 0 0 0 0 0 0 0 0 0 0 0 0 0 1 0 0 0 0 0 0 0 0 
 0 0 0 0 0 16.6 0 0.4 0 0 0.2 15 0 0 0 0 0 0.2 0.6000000000000001 0 10 36.4 38 24.200000000000003 37.2 55.400000000000006 16 66.4 0 28.400000000000002 23.6 31.8 32.800000000000004 42.6 55.800000000000004 26.8 23.400000000000002 25.8 75.8 27.8 0 0.6000000000000001 0.4 0 0.6000000000000001 0.2 10.200000000000001 7 0 0 0 0 0 0 12.8 0 0 0.2 0 12.600000000000001 0 0 0 0 0 0.6000000000000001 0 0.6000000000000001 0.4 0 0.4 0.4 0 0 0 0 0 0 0 0 0 0 0 0 0 0.2 0 0 0 0 0 0 0.4 0 0 0 0 2.2 0 0 0 0 2.6 6.2 1.4000000000000001 0 5.4 1 1.8 2.8000000000000003 11 2.6 6.6000000000000005 5.2 3 3.4000000000000004 11.200000000000001 0 0 3 3.2 0 0 0 0 0 0 0 0 0 0 0 2.6 0 0 0 0 0 0 0.2 2 2.2 0.2 0 0 0 0 0 0 0 0 0.2 0 0 0 0 1 0 0 2.8000000000000003 2.4000000000000004 0 0 0 0 0 0 0 0 0 0 0 0 0 0 0 0 0 1.2000000000000002 0 1 3.8000000000000003 0.6000000000000001 4.2 0 5.6000000000000005 5.2 4 4.4 7.2 10.600000000000001 0 2.4000000000000004 0 7.800000000000001 10.4 1.8 1.8 2.4000000000000004 2.6 0 0 4 0 0 0 0 0 0 0 0 0 0 0 0.8 0 0 0 7.6000000000000005 0.6000000000000001 0 0 0 0 0 0 0 0 0 0 0 0 0 0 0 0 0 0 0 0 0 0 1 0 0 0 0 0 0 0 0 0 0 0 0.8 0 0.2 0.2 0.2 0 0.6000000000000001 0.4 0 0 0 0 0 0 0 0 0 0 0 0 0 0 0 0 0 0 0 9.600000000000001 0 0 0 0 0 0 0 0 
 0 0 0 0 0.6000000000000001 0 0 0 0 0 0 0 0 0 0 0 0 0 0.4 0 10.8 36.6 8.200000000000001 41.6 24 71.2 5.2 55 28.400000000000002 0 22.6 10.8 36 15.600000000000001 18.2 49.400000000000006 28.6 33 33.6 20.400000000000002 0 1.2000000000000002 0.4 1 0.6000000000000001 0.2 0 0.4 0.4 1 0 0 1.2000000000000002 1 0.6000000000000001 0 0.6000000000000001 0.4 0.4 0.6000000000000001 0 0 1.2000000000000002 0 0.6000000000000001 1 0.2 1.4000000000000001 1.4000000000000001 0.2 0.4 0.6000000000000001 0.4 0 0 0.4 7.6000000000000005 11.200000000000001 0 0.2 0.2 0 0 0 0 2.6 0 0 0 0.2 0.2 0 0 0.2 0 0 0 0 0 0 2.2 6.4 6.800000000000001 2.2 4.800000000000001 1.6 0.2 2.4000000000000004 2.4000000000000004 2.4000000000000004 2.6 0 2.4000000000000004 0.8 2.4000000000000004 3.2 0 2.2 0 0 1.8 0 0 0 0 0 2.8000000000000003 0 0 0 0 0 0 0 0 3 1.4000000000000001 0 5.800000000000001 0 0.6000000000000001 0.2 0 0 0 2.6 0 0 0 0 0 0 0 0 0 0 0.8 0 0 0 0 0 0 0 0 0.2 0 0 0 0 0 0 0 0 0 0.4 0 0.2 0 0.4 1.4000000000000001 2.8000000000000003 0.2 0.2 2.4000000000000004 0 0.2 0.2 0.4 0 0.4 4.2 0 1.4000000000000001 3.6 0 5.4 8 0 0 6.4 0 0 0 0 0.2 2 0 0 0 0 0 2.8000000000000003 7.2 2.6 4.4 7 1.6 6 7.800000000000001 0 0 0 0 0 0 0 0 0 0.2 0 0 0 0 0 0 0 0 0 0 0 0 0 0 0 0 0 0 0 0 0 0 0 0 0.8 0.4 0 15.200000000000001 15.4 0.2 0.6000000000000001 0 0 0 0 0 2.2 0 0.4 0 0 0 0 0 0 0 0 0 0 0 0 0 0 0 0 1.8 2.6 0 0 0 
 0 0 0 0 0 1.6 0 0 0 0 0 15.600000000000001 0 0 0.4 0 0 0 0 0.4 58.400000000000006 30.400000000000002 63.400000000000006 16.6 29.6 9.600000000000001 14.600000000000001 7.800000000000001 23.6 22.6 0 77.80000000000001 28.200000000000003 50 33.6 33.4 21.400000000000002 13 9.4 26.6 0 0.6000000000000001 0.4 0 0.6000000000000001 0.4 0.6000000000000001 6.2 0 0.2 0 0 0 0 0 0 0 0.2 12.200000000000001 12.200000000000001 0 0 0 0 0 0.6000000000000001 0 0.4 0.4 0 0.4 0.4 0 0 0 0 0 0 0 1 0 0 0 0 0 0 0 0 0 0.2 0.2 0 0 0 0 0 0 0 0 0 0 0 4.2 6.6000000000000005 8.200000000000001 0 3.8000000000000003 5.2 2.2 5.6000000000000005 0 0 0 5.800000000000001 8 5.800000000000001 1.2000000000000002 2.8000000000000003 0 2.6 0 0 0 0 0 0 0.2 0 0 0 0 0 1.6 0 0 0 0 0 0 0.4 0 0 0.8 0 0 0 0 0 0 0 0 0.4 0 0 0 0 0 0 0 0 1.8 0 0 0 3.2 0 0 0 0 0 0 0 0 0 0 0 0 0.2 0.8 0 6.2 3.8000000000000003 5.4 3.8000000000000003 4 0 5.2 1.2000000000000002 9.600000000000001 1.4000000000000001 6.6000000000000005 10.4 0 5 7.6000000000000005 4.800000000000001 0.4 1.2000000000000002 0 0 0 0.4 0 0 0 0 1.4000000000000001 0 2.4000000000000004 0 0 0 3 0 0 0 0 0 0.2 0 0 0 0 0 0 0 0 0 0.2 0 0 0 0.8 0 4 0 0 0 0 0 0 0 0.4 0 0 0 0 0 0 0 0 0 0 0 1.4000000000000001 0.2 1 0.6000000000000001 15 0.2 7.2 1.4000000000000001 0 0 0 0 0 0 0 0 2.8000000000000003 0 0 0 0 0 0 0.2 0 0 0 6.4 0 0 0 0 0 0 0 0 
 0.8 1 0.8 0.8 0.6000000000000001 0.6000000000000001 1.2000000000000002 1 0.8 0.8 0.8 15.600000000000001 1 0.8 0.8 1 0.8 1 0.6000000000000001 1.2000000000000002 32.2 24.200000000000003 5.4 20.200000000000003 21.8 14.200000000000001 6.2 6.6000000000000005 31.8 10.8 77.80000000000001 0 41.2 65.60000000000001 67.8 40.2 13.4 11.4 10.200000000000001 8.200000000000001 0 22.200000000000003 0.4 0.4 11.8 0.4 3.8000000000000003 0.6000000000000001 0 1 0 1.4000000000000001 0 0.6000000000000001 0.4 0 0 0.2 0 12.600000000000001 0 0 0 0.4 0 0.6000000000000001 0 0.4 0.6000000000000001 7.800000000000001 0.4 1 0 0 0.4 0 0 0 0 0 0 0 0 0 0 0 0 0 0 0 0 0 0 0 0.4 0 0 0 0 0 2.6 0 0 4.2 4.2 2.2 0 1.8 4 1.2000000000000002 2.8000000000000003 3.4000000000000004 0 4.2 8.8 6 4.4 2 0 0 3.8000000000000003 0 0 0 5.2 0 3.4000000000000004 0 0 0 0 0 0 0.2 0 4 0 0 4.2 2.4000000000000004 1.6 0 1.4000000000000001 0 0 0 0 0 0 0 0 2.8000000000000003 0 0 0.4 0 1 0 0 0 0 0 0 0 0 0 0 0 0 0 0 0 0 0 0 0 0 0 0 0 5.6000000000000005 0 1.2000000000000002 3.2 4 7 0 4 8.4 3.6 12.200000000000001 5.4 0 8.6 0.2 4.4 0 1.4000000000000001 0 0 0 0 2.2 0 0 0 0 0 0.2 0 0.2 0 0 0 2 0.2 0 2.4000000000000004 3.2 7 0 0 0 0 0 0.2 0 0 0 0 0 0 0 0 0 0 0 0 0 0 0 0 0 0 0 0 0 0 0 0.2 0 0 0 3.4000000000000004 2.8000000000000003 0.4 0.4 15.600000000000001 0 0.8 0.2 0 0 0 0 0 0 0 0 0 0 0 0 0 0 0 0 0 0 0 0 3.6 0 0.4 0 0 0 0 0 0.6000000000000001 
