 0 65.2 14.200000000000001 10.600000000000001 11.8 48.400000000000006 41.6 57.400000000000006 40.2 23.400000000000002 11 45.6 25.200000000000003 36.2 22.8 9.200000000000001 40.6 27.200000000000003 8.200000000000001 10.4 0 0.4 0.2 0 0.4 0.6000000000000001 0 0 0 0 0.6000000000000001 0 0 0 0.6000000000000001 5 0.2 0 0 0 0.6000000000000001 0 0.2 0.2 0.6000000000000001 0 0 0 0 0 0 0 0.4 0 0.6000000000000001 0 0.2 0 0.6000000000000001 0 0.4 0 0 0 0.6000000000000001 0 1 0 0 0 10.8 0.6000000000000001 0 0 0 0.6000000000000001 0 0 0.4 9 0 6.2 5.2 10.4 0 6.2 0.4 9.8 4 1.6 0 2.8000000000000003 2 6 9.200000000000001 5 2 5.2 3.2 5.800000000000001 0 0 0 0 2 0 0 0 0 2.8000000000000003 0 0 0 0 0 0 0 6.2 0 8 0 3 0 0 0 2.2 0 0 0 0 0 0 0 0 0.4 0 1 0 0 0.4 0 0 0.2 0 0.4 0 0 0 0 0.4 1.6 0 0 0 0.4 0 0.2 0 0 0 0 3 0 0 4.2 4.4 2.2 0 0 0 4.4 0 3.2 0.4 0 2.4000000000000004 4.800000000000001 0 0 0 0 3.6 0 0 0 0 0 0 0 0 0 0 0 0 0 0 0 0 0.2 3.8000000000000003 0 0 0 0 0 0 0 0 0 0 0 1.4000000000000001 0 0 0 0 0 0 0 0 0 0 0 0 0 0 0 0.2 0 0 0 3 0 0 0.2 0 0 0.4 0 0 0 0 0 0 0 0.2 0.6000000000000001 0 0.8 0.2 0 0.8 0 0 0 0 0 0 0 0 0 0 2 0 0 0 0 0 0 0 0 0 0 0 0 1.8 0 0 0 0 0 0 0 0 0 0 0 0 0 0 
 65.2 0 37.800000000000004 31 17.2 4.2 80.60000000000001 45.6 28 71 43.6 68.8 53.400000000000006 10.4 46.6 9.4 83.80000000000001 11 9 12.4 0 0.6000000000000001 0.6000000000000001 0 0.4 0.6000000000000001 0 0 0 0.4 0.6000000000000001 0 0 0 0.6000000000000001 0.2 0.6000000000000001 0.4 0.2 14.8 0.6000000000000001 0 0.4 0 0.6000000000000001 0.4 0 0 0 0 0 0 0 0 0.8 0 0.2 0 0.6000000000000001 0 0.6000000000000001 0 0 0 0.6000000000000001 0 1.2000000000000002 0 0 0 0 0.6000000000000001 0 0 0.2 0.4 0 0 0.6000000000000001 0.6000000000000001 7.4 7.4 1.6 4.2 2 2.2 3.4000000000000004 18.2 6.800000000000001 6.6000000000000005 0 0 4.800000000000001 7.6000000000000005 4.6000000000000005 8.4 6.4 11.600000000000001 0.2 2.4000000000000004 0 0 0 0 0 0 0 0 0 0 0 0 0 0 0 0 0 0 0.2 0.6000000000000001 0 1.8 1.8 0 0 1.8 0 0 0 0 0 0 0 0 0 0 0 0 0 0 0 0 0 0 0 0 0 0 0 0.8 3.8000000000000003 0 0 0 0 2.8000000000000003 0 0 0 0 0 5.2 3.2 0.2 1.6 0 3 0.4 0.2 0 5.800000000000001 0 0 0 2 0.2 7.4 0 0 4.2 0 0 0 0 0 0 0 0 0 4 0 0 0 0 0 0 0 0.4 0 0.2 0 0 0.2 0 0 0 0 0 0 0.4 0 0 0 0 0 0 0 0 0 2.6 0 0 0 0 0 0 0 0 0 0 0 0 0.4 0 0 0 0 0 0 0 0 0 0 0 0 0 0.6000000000000001 0 0.6000000000000001 20.400000000000002 0 0 0 0 0 0 0 0 0 0 0 0 1.8 0 0 0 0 0 0 0 0 0 0 0 0 4.6000000000000005 0 0 0 0 0 0 0 0 0 0 0 0 0 0 
 14.200000000000001 37.800000000000004 0 44.400000000000006 11.600000000000001 18.6 12.600000000000001 82.60000000000001 59.400000000000006 21 25.8 55.2 18.6 10.200000000000001 28.200000000000003 41.2 23 91.2 22 52 0 20 0.4 0.4 0.4 0.6000000000000001 0 0 1.2000000000000002 0.6000000000000001 0.6000000000000001 0 0.4 0.6000000000000001 0.6000000000000001 0 0.4 0.2 1.6 0 0.6000000000000001 0.6000000000000001 0.4 0.8 0.6000000000000001 0 0.4 0 0 1 0 9.600000000000001 0 0 0.6000000000000001 0.6000000000000001 0 0 1.2000000000000002 0.4 1.2000000000000002 0 0 0.6000000000000001 0.6000000000000001 0.6000000000000001 0.4 0 0 0 0 0.6000000000000001 0 0 0 0.4 1 0 1.4000000000000001 0.6000000000000001 3.4000000000000004 6.6000000000000005 5.6000000000000005 3.8000000000000003 2 2.8000000000000003 0 7.2 1.2000000000000002 3.2 0.4 5.4 0.2 4 6.2 4 0 2 2.2 0.2 1.6 0 0 0 0 0 0 0.4 0 0.2 0 0 2 0.8 0 0 0 0 0.2 3.2 0 0 0 0 0 0 0 0 0 0 0 0 0 0 0 2 0 0 0 0 0 0 0.4 0 0 0 0.2 0 0 0 0 0 0 0 0 0 0 0 0 0 0 1.6 12.200000000000001 3.4000000000000004 9.600000000000001 2.2 2 1.6 3.4000000000000004 0.2 2 2.8000000000000003 0 5.2 0 3.2 7.2 4.6000000000000005 1.4000000000000001 0 0 0 0 0 0 0 0 2.8000000000000003 0 0 0 0 3.6 7 0 0 0 0 0.4 4.800000000000001 0 0 0 0 0 0 0 0 0 0 0 0 0 0 0 3 2.6 0 0 0 0 0.2 0 0 0 0 0.2 0 0 0 0 0 0 4 0 0 0 0 0.2 0 0 0.2 0 0 0 0.2 18.2 0 0 18 0 1.6 0 0 0 0 0 0 0 0 0 0 0 0 0 0 0 0 0 0 0 0 0 0 0 3.4000000000000004 1.4000000000000001 0 0 0 0 0 0 0 0 0.4 0 0 0 0 
 10.600000000000001 31 44.400000000000006 0 59.2 27 69 74.60000000000001 38.2 55.400000000000006 59.800000000000004 27.6 29.6 16 65 28 26.8 31 19 16 0.6000000000000001 0.6000000000000001 0.2 0 0.4 0.8 0 14.8 0 0 0.6000000000000001 0 17.400000000000002 0 1 0 0.2 0 16 0.2 0.6000000000000001 0 0 0 0.6000000000000001 0 0 0 0.4 0 0.4 0 0.4 0 0 0 0.2 0 0.6000000000000001 0 0.6000000000000001 0 0 0 0.6000000000000001 9.600000000000001 0 0.6000000000000001 0 0 0 0.6000000000000001 0 0 0 0.4 0 0 1 0.6000000000000001 0.2 2.2 8.8 0.2 4.2 0.2 0 0 2.2 0 0 3.8000000000000003 2.4000000000000004 0 3 2.2 2.4000000000000004 0.4 0 0 0 0.2 2.2 0 0 0 0 3.4000000000000004 2.2 0 0 3.4000000000000004 2 3.8000000000000003 2.4000000000000004 2.8000000000000003 0 0 3.6 0 0 0 0 0 0 0 0 0 0 0 0 0.2 0 0 0 0 0 0 0 0 0.8 0 0 0 0.4 0 0 0 0 0 0 3.6 0 0 0 0.2 0 4.2 0 0 0 0 0 0 1.8 2.2 0 3.6 0 0 1.6 3 0 0 0 2 1.8 1.8 0 0 3.8000000000000003 0 0 0 0 0 4.4 0 0 1.8 0 0 0 0 2 0 0 0 2.6 2.8000000000000003 0 0 0 0 0 2 0 0.2 0 0 0 0 0 0 3.6 0 0 0 0 0 0 0 0 0 0 0 1.2000000000000002 0 0 0 0 0 0 0 0 0 0 0 0 0 0 2.6 0 0 0 0.8 1.4000000000000001 0 17.8 0.8 0 3.4000000000000004 0 0 0 0 0 0 0 0 0.2 0 0 0 0 0 0 0 0 0 0 0 0 0.2 0 0 1.6 0 0 0 0 0 0 0 0 0 0 0 0 0 
 11.8 17.2 11.600000000000001 59.2 0 33.4 12.8 17.400000000000002 23 28.200000000000003 79.60000000000001 128.4 21.8 27.8 27 31.400000000000002 46 24.6 12.200000000000001 22.6 28.400000000000002 15 0 0 0.4 1 22.200000000000003 14.600000000000001 0 0 5.4 0 15.4 30 0.6000000000000001 11.200000000000001 0.4 0 30.6 14.8 0.6000000000000001 0 0.4 0.2 0.6000000000000001 0 0 0 5.800000000000001 0 0 0 0 0 2.8000000000000003 0 0 12.600000000000001 0.6000000000000001 0 0.6000000000000001 0 0.2 0 0.6000000000000001 0 0 0 0 0 0 0.6000000000000001 0.4 0 0 0.6000000000000001 0 0 0.4 0.6000000000000001 0 0 0 4.800000000000001 6.4 2.4000000000000004 0 0 0 0 0 5.6000000000000005 0 4 0.4 3.6 0 3.4000000000000004 0 0 7.6000000000000005 2 0 0 5.2 0 0.6000000000000001 4 0 2.8000000000000003 0 1.8 4.2 0 1.8 2.8000000000000003 1.8 0 0 5.800000000000001 0 2.6 0 0 0 0 0 0 0 0 0 0 0 0 0 0 0 0 0 0 0.2 0 0.6000000000000001 0 0 0 0 0 0 0 0.4 0 0 0 0 0 0 0 0 0.4 0 0 2 2.6 0 0 4 0 2.6 2.2 2.8000000000000003 5.800000000000001 0 0 0.4 0.2 1.4000000000000001 4.800000000000001 0.2 0 1.8 0.4 0 0 0 0 6.800000000000001 3.8000000000000003 4.6000000000000005 2 0.4 0 2.6 6.6000000000000005 1 0 4 0 6.2 5.800000000000001 0 0 0 0 0.4 0 0 0 0 0 0 0 0 0 0 0 0 0 0 0 0 0 0 0 0 0 0 0 0 0 0 0 0 0 0 0 0.4 0 0 0 0 0 0 0 0 0 0.4 0 17.2 0 0 22.200000000000003 0 0 0 0 0 0 0 0 0 0 2 0 0 0 0 0 0 0 0 0 0 0 0 2.8000000000000003 2 0 0 0 0 0 0 0 0 3.2 0 0 0 0 
 48.400000000000006 4.2 18.6 27 33.4 0 8.200000000000001 20.400000000000002 10.4 10.4 33.2 42.400000000000006 11 10.4 11.8 47.6 18.8 30.8 10.200000000000001 9.600000000000001 0.2 45.6 0.4 0.6000000000000001 0.4 1 17.2 15.4 0.2 3.8000000000000003 0.6000000000000001 0 14.8 31.8 15.4 0.2 0.4 0.6000000000000001 14.4 40.2 1 0.6000000000000001 7.6000000000000005 0.4 0.6000000000000001 0.4 0 0 0.4 0 1.4000000000000001 0.4 0.2 0 0 0 0 0 0.6000000000000001 0 0.6000000000000001 0.6000000000000001 1 0 0.6000000000000001 0.4 0 0 0 1.4000000000000001 0.2 0.6000000000000001 0 0.6000000000000001 0 0.6000000000000001 0 0 0.4 0.6000000000000001 0 0 0 0.8 2.6 2.2 0 0 0 1 0 2.4000000000000004 0 0 0 4.2 2.4000000000000004 0 0.6000000000000001 0 8.4 3.2 0 0 4.6000000000000005 0 7 0.4 0 0 1.8 1.2000000000000002 4.6000000000000005 0 1.6 2 7.6000000000000005 0 4 5.4 0 2.4000000000000004 0 0 0 0 0 0 0 0 0 0 0.4 0 0 0 0 0 0 0 0 0 3.6 0 0.2 0 0 0 0 0 0.2 0 0 0 0 0 0 3.2 0 0 0 0 2.6 2.2 7 2.6 3.6 0 2.6 0 0 4.4 0 0 0.2 9.200000000000001 4.2 2 0.4 0 0.8 0 0 2 0 0 10 0 3.8000000000000003 0 0.2 0 2.8000000000000003 0 2.4000000000000004 0.2 13.600000000000001 2.8000000000000003 5.800000000000001 2.4000000000000004 0 0 0 0 0 0 0 0 0 0 0 0 0 0 0 0 0 0 0 0 0 0 0 0 0 0 1.2000000000000002 0 0 0 0 0 0 0 0 0 0 0 0 0 0 0 0 0 0.4 1.6 26.400000000000002 0 0.6000000000000001 0 0 1.8 0 0 0 0 0 0 0 0 0 0 2 0 0 0 0 0 0 0 0.2 0 0 0 0 3.6 0 0 0 0 0 0 0 0 0 0.4 0 0 0 0 
 41.6 80.60000000000001 12.600000000000001 69 12.8 8.200000000000001 0 13.8 56.800000000000004 47 28.6 26.6 66 29.200000000000003 47.6 6.800000000000001 8 25.200000000000003 48 26.8 0 0.4 0.2 0.2 0.4 0.6000000000000001 0.4 0 0.6000000000000001 0 0.6000000000000001 0.2 0 0 0.6000000000000001 0 0.4 0 0 0 0.6000000000000001 0 0.4 0.2 0.6000000000000001 0 0 0 0 0 0 0 0.4 0 0 0 0.2 0 0.6000000000000001 0 0 0 0 0 0.6000000000000001 0 0 0 0 0 0 0.6000000000000001 0 0 0 0.6000000000000001 0 0 0.4 0.6000000000000001 2.6 2.8000000000000003 2.6 3.2 2.4000000000000004 0.4 6.6000000000000005 3.4000000000000004 3.8000000000000003 5.2 4.2 0 11.600000000000001 12.200000000000001 6.800000000000001 0 7.6000000000000005 1 0.2 14 0 0 0 0 0 0 0 0 0 0 1.8 0.2 3.4000000000000004 0 0 0 0 0 0 0 0 0 0 0 0 0 0 0 0 0 0 0 0 0 0 0 0 0 0 0 0 0 0 0 0 0 0 0 0 0 0 0 0 0 0 0.8 0 0 0 0 5.2 2.4000000000000004 0 4.2 0 0 0 2 2.8000000000000003 2.4000000000000004 7.4 3.2 1.4000000000000001 3.4000000000000004 8.8 1.6 0.4 0 12.600000000000001 3 0 0 0 0 0 0 0 0 0 0 0 0 0 0 0 0 0 0 0 0 2 0 0 0 0 0 0 0 0 0 0 0 0 0 0 0 0 0.4 0 0 0 0 0 0 0 0 0 0 0 0 0 0 0 0 0 0 0 0 0 0.4 0 0 0 0 0 0 0.4 0 0.4 0.4 0 0 0 0 0.2 0 0 0 0 0 0 0 0 0 0 0 2.2 0 0 0 0 0 0 0 0 0 0 0 0 0 0 0 0 0 0 0 0 0 0 0 
 57.400000000000006 45.6 82.60000000000001 74.60000000000001 17.400000000000002 20.400000000000002 13.8 0 68 34.2 44.2 29.8 37.6 33.4 42.6 27 24.400000000000002 31 10.4 13.8 0 0.4 0.2 0 0.4 0.6000000000000001 0 0.2 0 0 0.6000000000000001 0 0 0 1 0 0.4 0 0 0 0.6000000000000001 0.4 0.4 0.2 0.6000000000000001 0.4 0 0 0 0 0 0 0.4 0 0.6000000000000001 0 0.2 0 0.6000000000000001 0 0.6000000000000001 0 0 0 0.6000000000000001 0 1.2000000000000002 0 0 0 0 0.8 0 0 0 8.200000000000001 0 0 0.4 0.6000000000000001 3.6 5.800000000000001 3.4000000000000004 6.2 5.4 2.8000000000000003 2.6 8.8 3.8000000000000003 3.8000000000000003 0 1.6 0 10 0.8 11.600000000000001 4.4 7.6000000000000005 0 6 1.4000000000000001 0 0 0 0 0 0 0 0 0 0 0 3 0 0 0 0.2 0 0 5.6000000000000005 0 8 0 0 0 2 0 0 0 0 0 0 0 0 0 0 0 0 0 0 0 0 0 0 0 0 0 0 0 0 0 0.4 0 0 0 0 0 0 0 0 0.2 3 5 0.6000000000000001 5.6000000000000005 0.8 5.2 1.6 0 0 2.8000000000000003 3 0 0 0 3.2 9.4 0 0 2.2 0 0 0 0 0 0 0 1.8 0 2.6 0 0 0.2 0 0 0 0 0 0.4 3.8000000000000003 0 0 0 0 0 0 0 0 0 0 0 0 0 0 0 0 0 0 0 0 0 0 0 0 0 0 0 0 0 0 0 0 0 0 0 0 0 0 0 0 0 0 0 0 0 0.2 18.2 0 0.4 0 0 0.4 0 0 0 0 0 0 0 0 0 0 2 0 0 0 0 0 0 0 0 0 0 0 0 7 0 0 0 0 0 0 0 3 0 0 0 0 0 0 
 40.2 28 59.400000000000006 38.2 23 10.4 56.800000000000004 68 0 37.2 69 32.4 43.2 15.200000000000001 42.2 11.200000000000001 27.8 26.8 62.400000000000006 52.800000000000004 0 0.8 0.2 0 1.6 0.8 0 0 0 0 1.6 0.6000000000000001 0.2 0.4 18 0 1.4000000000000001 0 0 0.2 0.6000000000000001 0 0.4 1.6 1 0.2 0 0 0 0 0.4 1 0.4 0 18.2 0 0.4 0 0.6000000000000001 0 0.6000000000000001 0.6000000000000001 1.4000000000000001 0.6000000000000001 0.6000000000000001 0 0.6000000000000001 0 1 0 0 0.6000000000000001 0.4 0.6000000000000001 0 0.6000000000000001 0 0 0.4 0.6000000000000001 5.800000000000001 2.2 6.800000000000001 5.2 1.6 2.2 2 6 0 2.8000000000000003 2.8000000000000003 0 2.8000000000000003 12 10.200000000000001 14.200000000000001 3 3.2 0 0 0 0 0 0 0 0 0 0 0 0 0 0 0.2 0 0 0 0 0 0.2 1 0 2.6 0 0 0 0 0 0 0 0 0 0 0 0 0 0 0 0 0 0 0.8 0 0 0 0 0 0 0 0 0 0 0 0 0 0 0 0 2.6 0 0 0 0 0.6000000000000001 13 1.6 2 4.2 3.4000000000000004 0 0 4.6000000000000005 6.6000000000000005 0 2.4000000000000004 8.6 9.200000000000001 8.6 5.6000000000000005 0 3 0 0 0 3.2 0 0 3 0 0 0 0 0 0.2 0 0 0 0 7.2 2.2 1.2000000000000002 0 0 0 0 0 0 0 0 0 0 0 0 0 0 0 0 0 0 0 0 0 0 0 0 0 0 0 0 0 0 0 0 0 0 0 0 0 0 0 0 0 0 0 0 0 0 19.6 0 0.2 1.4000000000000001 0.4 0.4 0 0 6.6000000000000005 0 0 0 0 0 0 0 2.2 0 0 0.6000000000000001 0 0 0 0 0.8 0 0 0 0 3.6 0 0 0 0 0 0 0 0 0 0 0 0 0 0 
 23.400000000000002 71 21 55.400000000000006 28.200000000000003 10.4 47 34.2 37.2 0 54.400000000000006 28.8 61.400000000000006 49.400000000000006 53.6 35 37.2 36.800000000000004 34.6 21.6 0 0.6000000000000001 0.2 0 0.4 0.6000000000000001 6.800000000000001 0 0 0 0.6000000000000001 0 0 0 0.6000000000000001 0 0.4 0 0 17 0.6000000000000001 0 0.4 0 0.6000000000000001 0 0 0 0 0 0 0 0.4 0 0.6000000000000001 0 0.2 0 0.6000000000000001 0 0.4 0 0 0 0.6000000000000001 0 0 0 0 0 0 0.4 7.2 0 0 1.2000000000000002 0 0 0.6000000000000001 6.6000000000000005 0 2.8000000000000003 10.600000000000001 3 1.8 2.4000000000000004 2.2 0 6.800000000000001 0 3.6 4 2 1.6 2.6 1.6 1.8 0 0 2.6 9 0 2.6 0 0 0 0 0.2 2.8000000000000003 0 0 0 4 0 2 0.2 0 0 0 2.2 0 0 0 0 0 0 0 0 0 0 4 0 0 0 0 0 0 0 0 0 0 0 1 0 0.2 0 0 0 0 0 0 0 0 0 0 0 0 0 0 0 0 2.8000000000000003 5.4 0.4 1.6 0.4 3 0 5.800000000000001 7 3.8000000000000003 3.4000000000000004 0 0 1.2000000000000002 9.4 5.4 0 0 2.6 0 0 0 0 0 0 0 0 0 0 0 0 0 2.6 0 0 0 0 0.4 5.2 0 0 0 0 0 0 0 0 0 0 0 0 0 0 0 0 0 0 0 0 0 0 0 0 0 0 0 0 0 0 0 0 4.4 0 0 0 0 0 0 0 0 0 0 0 0 0 18.8 0.4 0.4 0 4 0.4 2 0 0.4 0 0 0 0 0 0 0 0 0 0 0 0 0 0 0 0 0 0 0 0 3.8000000000000003 2.2 0 0 0 0 0 0 0 0 0 0 0 0 0 
 11 43.6 25.8 59.800000000000004 79.60000000000001 33.2 28.6 44.2 69 54.400000000000006 0 82 42.6 50.400000000000006 63.6 13.200000000000001 45 10.600000000000001 5.6000000000000005 12 0.2 0.2 0.4 0 0.8 0.6000000000000001 0 9 0 0 1 0 0 0 0.6000000000000001 0 0.2 0 0 0.4 0.6000000000000001 0 0 0.4 0.6000000000000001 0 0 0 0 0 0 0 0 0 0.4 0 0.2 0.2 0.6000000000000001 0 0.6000000000000001 0 0.4 0 0.6000000000000001 0 0.8 0 0 0.2 0 0.6000000000000001 0 0 0 0.6000000000000001 0 0 0.4 0.6000000000000001 1.4000000000000001 3.8000000000000003 4.2 5 2.8000000000000003 2 0 3.8000000000000003 1 1.6 0 2.4000000000000004 0 1.6 2.8000000000000003 5.800000000000001 1.4000000000000001 3.4000000000000004 0 0 0.2 2.6 2.6 0 0 0 0 2.4000000000000004 2.4000000000000004 0 0 0 0 0 10.600000000000001 2.4000000000000004 0 0 0 4.800000000000001 0 1.4000000000000001 0 0 0 0 0 0 0 0 0 0 0 0 0 0 0 0 0 0 0.6000000000000001 0 0 0 0.2 0 0 0.2 0 0 0 0 0 0 0 0 0 0 5.800000000000001 0 0 0 0 0.4 10.600000000000001 1.4000000000000001 0 2.8000000000000003 0 0 6.4 0 0 0 0.8 2.8000000000000003 7.6000000000000005 0 0 0.4 0 0 0 0 0 0 0 0 0 0 0 0 0.4 0 4 0 0 0 3.2 2.4000000000000004 0 0 0 0 0 0 0 0 0 0 0 0 0 0 0 0 0 0 0 0 0 0 0 0 0 0 0 0 0 0 0 0 0 0 0 0 0 0 0 0 0 0 0 0 0 0 9.600000000000001 0.2 9.8 17.2 0 0 0 0 0 0 0 0 0 0 0 0 2 0 0 0 0 0 0 0 0 0 0 0 0 2.8000000000000003 1.8 0 0 0 0 0 0 0 0 0 0 0 0 0 
 45.6 68.8 55.2 27.6 128.4 42.400000000000006 26.6 29.8 32.4 28.8 82 0 9.8 69.8 29 38 37.6 92.80000000000001 50 6.800000000000001 0.2 0.4 0 0 0.8 0.8 15 14.8 0 0 0.8 0 0.2 0 0.6000000000000001 0 0.4 0 14.8 0.2 0.6000000000000001 12 0.4 0 0.6000000000000001 0 0 0 12.8 0 0.6000000000000001 0 0.4 0 1.4000000000000001 0 0.4 0 0.6000000000000001 0.4 0.6000000000000001 7.6000000000000005 0 0 0.6000000000000001 0 0.6000000000000001 0 0 0 0 0.6000000000000001 0 0 0 0.4 0 0 0.6000000000000001 0.8 0 2.4000000000000004 0 3.2 4.6000000000000005 4.800000000000001 0 2.4000000000000004 2.6 4.4 0 4 0 1.6 4.4 2 2.8000000000000003 5.800000000000001 0 0 7.800000000000001 1.4000000000000001 0 0 0 0 1.2000000000000002 2 0 3.2 1.6 0 2.2 0 0.4 3.8000000000000003 0 0 0 3.2 0 0 0 0 0 0 0 0 0 0 0 0 0 0 0 0 0 0 0 0 0 0 0 0 0 0 0 0 0 0 0 0 0 0.4 0 0.4 0 0 0 3.8000000000000003 0 0 3.6 3 2 2 0 0 2 3 4.2 2.8000000000000003 0 0 7.6000000000000005 4.6000000000000005 6.4 0 0 2.2 1.8 0 0 3 0 0 0 2.4000000000000004 0 0 0 0 0.4 1.8 1.6 0 0 0 3.8000000000000003 4.4 0 0 0 0 0 0 0 0 0.4 0 0 0 0 0 0 0 0 0 0 0 0 0 0 0 0 0 0 0 0 0 0 0 0 0 0 0 0 0 0 0 0 0 0 0 0 0 19.200000000000003 0 17.2 0 0 0.4 0 0 0 0 0 0 0 0 0 0 0 0 0 0 0 0 0 0 0 0 0 0 0 12.200000000000001 3.2 0 0 0 0 0 0 0 0 2.2 0 0 0 0 
 25.200000000000003 53.400000000000006 18.6 29.6 21.8 11 66 37.6 43.2 61.400000000000006 42.6 9.8 0 20.8 47.2 53.2 6.6000000000000005 11 34 33.800000000000004 0 0.4 0.8 0.2 1 1 0 0 0.6000000000000001 0.6000000000000001 0.6000000000000001 0.4 0 0.2 1.2000000000000002 0.4 0.2 0.4 0.4 0 1.2000000000000002 0 0.4 0.4 1.8 0.4 0 0 0.2 0.2 0.6000000000000001 0 0.8 0 0.4 1.4000000000000001 0.2 1.2000000000000002 0.6000000000000001 0 1 0 1 1.8 0.6000000000000001 0 0.8 0 0.2 0 1.2000000000000002 1.8 0.4 0.6000000000000001 1.2000000000000002 1.4000000000000001 0 0.6000000000000001 0.8 0.6000000000000001 2 8.4 5.800000000000001 2 1 0 0 2.2 2.8000000000000003 2.6 0 0 2 2.6 6 2 7.2 4.2 1 1 0 0 0 0 0 0 0 0 0 0 0 0 0 0 0 0 0 0 0 0 0 0 0 0 0 0 0 0 0 0 0 0 0 0 0 0 0 0 0 0 0.8 0 0 0 0.4 0 1.2000000000000002 0 0 0 0 0.4 0 0 0 0 0 0 0 0 4.4 11.200000000000001 5.6000000000000005 0 0 0 3.6 3 0 0 3.4000000000000004 0 0 0 2.4000000000000004 0 2.6 0 1.8 6.4 0 0 0 0.2 0 0 0 0 0 0 0 0 0 0 0 0 0 0 0 0 0 0 0 0 0 0 0 0 0 0 0 0 0 0 0 0 0 0 0 0 0 0 0 0 0 0 0 0 0 0 0 0 0 0 0 0 0 0 0 0 0 0 0 0 0 0 0.2 0.4 0 0.6000000000000001 0 1.6 0.6000000000000001 0 0 0.2 0 0 0 0 0 0 0 0 0 0 0 0 0 0 0 0 0 0 0 2.8000000000000003 0 0 0 0 0 0 0 0 0 0 0 0 0 0 
 36.2 10.4 10.200000000000001 16 27.8 10.4 29.200000000000003 33.4 15.200000000000001 49.400000000000006 50.400000000000006 69.8 20.8 0 84 25.6 45.6 69 42 60 0 0.4 0.4 0 0.4 0.6000000000000001 0 0 0 0.2 0.8 0 0 0 0.6000000000000001 0.4 0.2 0 0.4 0 0.6000000000000001 0 0.2 0.2 0.6000000000000001 12.8 0 0 0 0 0 0 0.2 0 0.4 0.2 0.2 0 0.6000000000000001 0.4 0.6000000000000001 0 0 0 0.6000000000000001 0 0 0 0 7.2 0 0.6000000000000001 0 0 0 0.6000000000000001 0 0 0.4 0.6000000000000001 0 1.4000000000000001 0.2 3.6 0 5 16.6 2.8000000000000003 10.4 0 10.4 0 0 10.600000000000001 2.8000000000000003 0 0.2 3 1.8 3 0 0 0 0 0 0 1.4000000000000001 0 0 0 0 0.4 0.2 0 0 0 0 0 0 0.2 0 0 0 0 0 2 0.2 0 0 0 3.8000000000000003 0 0 0 0 0 0 0 0 0 0 0 0 0 0.4 0 0 0 0.4 0.8 0 0 0 0 0 0 0 0 0 0 0 4.800000000000001 0.4 0.2 0 1 6.4 0 9.8 2.6 2.4000000000000004 0.4 6.6000000000000005 0 3.4000000000000004 2.4000000000000004 2 0 0 1.8 0 0.6000000000000001 0 0 0 0 0 0 0 3.4000000000000004 0 0 1.8 0 0 0 0 0 0 0 0 0 0 0 0 0 0 0 0 0 0 0 0 0 0 0 0 0.2 0 0 0 0 0 0 0.4 0 0 0 0 0 0 0 0 0 0 0 0 0 0 0.2 0 3.4000000000000004 0 0 0 0.4 0 0.2 0 0 0 1 5.4 0 0 0 0 0 0 0 0 0 0 0 0 0 0 0 0 0 0 0 0 0 0 0 0 0 0 0 0 0 0 0 0 0 0 0 0 0 
 22.8 46.6 28.200000000000003 65 27 11.8 47.6 42.6 42.2 53.6 63.6 29 47.2 84 0 12.4 25.6 26.6 32.4 42.800000000000004 0.6000000000000001 1 0.6000000000000001 1 1.2000000000000002 1.4000000000000001 0 0.6000000000000001 0 1.6 1.6 0.8 1.2000000000000002 6.6000000000000005 0.6000000000000001 0.6000000000000001 0.8 0.6000000000000001 0 0.2 0.6000000000000001 1.6 1.2000000000000002 0.6000000000000001 0.6000000000000001 0 0.6000000000000001 0 0.8 0.6000000000000001 0 0 0.4 0.8 0.8 0 0.2 1.2000000000000002 1 0 1 0 0.2 0.8 0.6000000000000001 0.4 0.4 0 0.6000000000000001 11.200000000000001 0 0.6000000000000001 0 0.4 0 0.4 4.6000000000000005 0 1 0.6000000000000001 1 0.2 7.6000000000000005 12 1.6 5.800000000000001 3 2.8000000000000003 6.4 4.800000000000001 0 0 4.6000000000000005 6.800000000000001 8.200000000000001 5.4 0.4 0.2 0 0 0 0 0 0 0 0 0 0 0 0 0 0 0.2 0 0 0 2.6 0 0.2 3.2 0 2.8000000000000003 0 0 0 0 0 0.4 0 0 0 0 0.2 0 5 0 0 0 0 0 1.2000000000000002 0.4 0 0 0 0 0 0 0 0 0 0 0 0 0 0 0 0 0 0.2 0 5.2 8.6 4 0.2 0.2 3.8000000000000003 8.6 0 0 3 0.6000000000000001 0 3.4000000000000004 5.6000000000000005 5.800000000000001 2.6 4.800000000000001 4 3.6 0 0 0 0 0 0 0 0 0 0 0 0 0 0 0 0 0 0 1.2000000000000002 1.4000000000000001 0 0 0 0 0.2 0.4 0 0 0 0 0 3.2 0 0 0 0 0 0 0 0 0 0 0 0 0 0 0 2.2 0 0 0 0 0 0 0 0 0 0 0 0 0 0 0 0 0 1 18.2 0.2 0.6000000000000001 1 0 0 3.8000000000000003 0 0 0 0 0 0 0 0 0 1.8 0 0 0.4 0 0 0 0 0 0 0 0 0 0.2 0 0 0 0 0 0 0 0 0 0 0 0 0 0 
 9.200000000000001 9.4 41.2 28 31.400000000000002 47.6 6.800000000000001 27 11.200000000000001 35 13.200000000000001 38 53.2 25.6 12.4 0 37.800000000000004 7.6000000000000005 64.8 15.4 0.6000000000000001 0.6000000000000001 0 0 0.6000000000000001 0.6000000000000001 0 0 0 0 1 0 0 0 0.6000000000000001 0 0.2 0 0.2 15 0.6000000000000001 0 0 0 0.6000000000000001 0 0 0 0 0 0 0 0 0 0.4 0.6000000000000001 0 0 0.6000000000000001 0 0.4 9.4 0 0 0.6000000000000001 0 0 0 0 0 0 0.4 0 0 0 0.4 0 0 2.6 0.6000000000000001 0.2 3 5.2 5.800000000000001 4.800000000000001 7.6000000000000005 0 0.2 0 2.4000000000000004 0.4 4.2 0.2 2.2 4.800000000000001 2 1.6 4.800000000000001 2.2 0 2 0 0 0 0 0 0 2.6 0 0.2 0 0 7.2 4 0 0 0 0 7.4 6.2 0 0 0 0 0.2 0 0 0 0 0 0 0 0 0 0 0 0 0 0 0 0 0 1 0 0 0 4.2 0 0 0 0 0 0 0 0 0.2 0 3.2 0 0 0 1.8 4 5.6000000000000005 10.200000000000001 2 0 1.6 7 4.2 0.2 3 0 2.6 0 3.8000000000000003 1.4000000000000001 5 1.4000000000000001 0 4.800000000000001 0.2 0 0 0 0 0.2 3 0 0 0.6000000000000001 0.2 4.2 7.2 0 0 0 0 5 1 0 0 0 0 0 0 0 0 0 0 0 0 0 0 0 0 0 0 0 0 0 0 0 0.4 0 0 0 3.4000000000000004 0 0 0 0 0 0 0 0 0 0 0 0 0 0 0 0 0 0.6000000000000001 0.4 0 0 22.400000000000002 4 0.8 0 0 0 0 0 0 0 0 0 0 0 0 0 0 0 0 0 0 0 0 0 0 0 2 1.8 0 0 0 0 0 0 0 0 0 0 0 0 0 
 40.6 83.80000000000001 23 26.8 46 18.8 8 24.400000000000002 27.8 37.2 45 37.6 6.6000000000000005 45.6 25.6 37.800000000000004 0 19.6 8.4 7 0 0.8 0 0 0.4 0.6000000000000001 0 0.4 0 0 0.6000000000000001 0.6000000000000001 0 0 1.8 0 0.4 0.4 0 7 0.6000000000000001 0.6000000000000001 0.4 0.2 0.6000000000000001 0.2 0 0 0.4 0.6000000000000001 0 0 0 0 1.4000000000000001 0 0 0.8 0.6000000000000001 0 0.6000000000000001 0 0 0 8.6 0 0 1 0 0 0.6000000000000001 0.6000000000000001 0 0 0 0.6000000000000001 9 0 0.6000000000000001 0.6000000000000001 0 3.2 1.8 2.6 0 4.2 1.4000000000000001 0 4.6000000000000005 3.6 3.6 0.2 2.6 1.2000000000000002 0 0 2.8000000000000003 2.6 6.800000000000001 0 0 0 0 0 0.4 0 0 0 0 2.4000000000000004 0 0 2 1.8 2.4000000000000004 0 0 0 1.8 5.4 0 0 0 0 0 0 0 0 0 0 0 0 0.4 0 0 0 0 0 0 0 0 0.4 0 0 0.2 0 0 0 0 0.8 0.2 0 0 0 0 0.4 0 0 0 0.2 0.2 3 0 0 1.8 0 0.2 0 3.2 5.800000000000001 5.800000000000001 0 2.2 0 0.2 2 4 0 0.4 2 1.6 0 0 0 0 1.4000000000000001 0 3 0 3.6 0 0 4.2 6.800000000000001 0 0 0 0 0 5.4 0 0 0 0 0.2 0 0 0 0 0 0 0 0 0 0 0 0 0 0 3.8000000000000003 0 0 0 0 0 0 0 0 0 0 0 0 0 0 3.2 0 0 0 0 0 0 0 0 0 0.4 0.4 0 0 0 17.6 2 8.4 0 0 0 0 0 0 0 0 0 0 0 0 0 0 0 0 0 0 0 0 0 0 0 0 1.8 0 0 0 0 0 0 0 0 0 0 0 0 0 
 27.200000000000003 11 91.2 31 24.6 30.8 25.200000000000003 31 26.8 36.800000000000004 10.600000000000001 92.80000000000001 11 69 26.6 7.6000000000000005 19.6 0 26.200000000000003 11.4 0.2 0.8 0.6000000000000001 0.4 0.8 0.6000000000000001 15 0.2 0.6000000000000001 0.2 1 0.4 9.8 0 1.8 0.2 0.6000000000000001 0.6000000000000001 0.4 14.8 0.6000000000000001 0 0 0.8 1.2000000000000002 0.8 0 0 0.4 0 1.4000000000000001 0.6000000000000001 0 0 0.6000000000000001 1.2000000000000002 0.8 0.8 0.6000000000000001 0 0 0.6000000000000001 1.2000000000000002 1.2000000000000002 0.6000000000000001 0.6000000000000001 0 0.8 0.8 0 0 1.4000000000000001 0 0.4 1.2000000000000002 1.4000000000000001 0.4 0 0.4 0.8 6.6000000000000005 0 2 3 5.2 0 2.2 2 6.800000000000001 0 4.2 1.6 0 3.4000000000000004 0 8.6 0 0 0 2.8000000000000003 2 0 0 0 0 0 0 4.2 0 0 0 0 3.6 0 0 0.2 0 0 1.2000000000000002 3.4000000000000004 0 0 0 0 0 1.4000000000000001 0 0 0 0 0 0 0 0 0 1.8 0 0 0 0 0 0 1 0 0 0 0 0 0 0 0 0 0 0.2 0 0.2 0 0 0 0 0 3.8000000000000003 6.6000000000000005 6 6.800000000000001 5.4 6.6000000000000005 0 5.4 4.4 0 3 0 0 2 5.2 3 2.4000000000000004 0 2.4000000000000004 0.4 0 0 0 0 0 9 0.2 0 0 0 0 0 0 0 0 0 3.8000000000000003 5.4 0 0 0 0 0 0 0 0 0 0.2 0 0 0 0 0 0 0 0 0 0 0 0 0 0 0 0 0 0 0 0 0 0 0 0 0 0 0 0 0 0 0 0 0 0 0 0 0.4 0.6000000000000001 0 0 17.8 0 0 4 0.4 0 0 0 0 0 0 0 0 0 0 0 0 0 0 0 0 0 0 0 0.4 0 2.2 0.2 0 0 0 0 0 0 0 0 0 0 0 0 0 
 8.200000000000001 9 22 19 12.200000000000001 10.200000000000001 48 10.4 62.400000000000006 34.6 5.6000000000000005 50 34 42 32.4 64.8 8.4 26.200000000000003 0 36.4 0 0.4 0.2 0.2 0.4 0.6000000000000001 0.2 0 0 0 1 0.6000000000000001 0 0 0.6000000000000001 0 0.4 0 0 0.4 1 0 3 0 0.6000000000000001 0 0 0 0 0 0 0 0.4 0 0 0.2 0.2 0 0.6000000000000001 0 0.6000000000000001 0 0 0 0.6000000000000001 0 0 0 0 0 0 0.6000000000000001 0 0 0 0.4 0 0 0.6000000000000001 0.6000000000000001 0 4 2 2.6 0 0 4.4 3.2 4.2 2 1.6 3.2 5.6000000000000005 0 2.6 0 1.8 3.4000000000000004 4.4 7 0 0 0 0 0 0 0 0 0 0 0 0 0 0 0 0 0 0 0 0 0 0 0 0 0 0 0 0 0 0 0 0 0 0 0 0 0 0 0 0 0 0 0 0 0 0 0 0 0 0 0 0 0 0 0 0 0 0 0 0 5.800000000000001 4.2 1.8 2.6 0 1.4000000000000001 2.8000000000000003 4.800000000000001 3.4000000000000004 2.2 0 2 0 0.8 8.4 1.6 0 0 4.2 0 0 0 0 0 0 0.2 0 0 0 0 0 0 0 0 0 0 0 2.4000000000000004 0 0 3.4000000000000004 0 0 0 0 0 0 0 0 0 0 0 0 0 0 0 0 0 0 0 0 0 0 0 0 0 0 0 1.4000000000000001 0 0 0 0 0 0 0 0 0 0 0 0 0 0 0 0 0 0 0 0 0 0.4 0.6000000000000001 2.6 0 0 0 0 0 0 0 0 0 0 0 0 0 0 0 0 0 0 0 0 0 0 0 0 0 0 0 0 0 0 0 0 0 0 0 0 0.2 
 10.4 12.4 52 16 22.6 9.600000000000001 26.8 13.8 52.800000000000004 21.6 12 6.800000000000001 33.800000000000004 60 42.800000000000004 15.4 7 11.4 36.4 0 0.4 0.8 0.2 0 1 1 0.4 3.4000000000000004 0 0 1.4000000000000001 0 0 0 1.2000000000000002 0.6000000000000001 0.4 0 0 0.4 0.6000000000000001 0 0.4 0.6000000000000001 0.6000000000000001 2 0 0.2 0.8 0 0 0.4 0.2 0 0 0.4 0 0 1 0 0.4 0 0 0 0.6000000000000001 0 0 0 0 0 0 0.4 0.6000000000000001 0.4 0 0.4 0 0 0.6000000000000001 0.6000000000000001 3.8000000000000003 2.8000000000000003 0 0 0.2 0 4 3.2 2 3 2.6 0 5.6000000000000005 9.4 4 0 2.8000000000000003 1.2000000000000002 0 2 0 0.4 0 0 0 0 0 0 0 0 0 0 0 0 0 3.2 0 0 0 0 0 0 0 0 0 0 0 0 0 0 0 0 0 0 0 0 0 0 0 0 0.8 0 0 0.2 0 0 0 0 0 0 0 2.4000000000000004 0.4 0.4 0 1 0 0 0 0 0.2 0 0 0 0 0 0 0 4 2.2 2.8000000000000003 0 4.2 3.2 5.4 2 0 0 3.2 4.6000000000000005 0.2 0 0 0 0 0 0 0.4 0 0 0 0 0 0 0 0 0 0 0 0 0 0 0 0 0 0 0 0 0 0 0 0 0 0 0 0 0 0 0.4 0 0 0 0 0 0 0 0 0 0 0 0 0 0 0 12.200000000000001 0 0 0 0 0 0 0 0 0 0 0.4 0.2 0 0.2 0 0 3 0 0.2 0 0 0 0.4 0 0 0 0 0 0 0 0 0 0 0.2 0 0 0 0 0 0 0 0 0 0 0 0 0 0 0 0 0 0 0 0 0 
 0 0 0 0.6000000000000001 28.400000000000002 0.2 0 0 0 0 0.2 0.2 0 0 0.6000000000000001 0.6000000000000001 0 0.2 0 0.4 0 37.4 11.600000000000001 40.800000000000004 7.4 50.400000000000006 83.2 70.2 49.6 25.6 91.4 6.4 10.200000000000001 48.2 63.800000000000004 28.400000000000002 16.400000000000002 28.200000000000003 56.800000000000004 43 0 0 0 13.4 0.6000000000000001 0 0 0 0 0.6000000000000001 0 0.4 0.6000000000000001 0 0.2 0 1 0 0 0 0 0 0 0 0 0.6000000000000001 9.4 0 0.4 0 0 0 0 0 0 0 0 0 0 0 0 0 0 6.800000000000001 1.6 0 0 0 0 0 0 2.2 0 0 4 0 0 0 0 0.2 0.8 3.8000000000000003 4.4 0 0 0 3.2 2.6 2.8000000000000003 3.4000000000000004 2.2 4.6000000000000005 3.4000000000000004 6 3.2 0.2 1.4000000000000001 5.6000000000000005 2 1.2000000000000002 0 0.4 0 0.4 0 0 0 0 0 0 0 0 0 0 0 0 0 0 0 0 0.4 0 1.8 0 0 0 0 0 0.4 0 0 0 0 0 0 0 0 0.4 0 0 0 0 0.4 2.8000000000000003 0 0.2 0 1 2.4000000000000004 2 0 2.6 0 0 1 0 0 4.4 0 0 7 6 0 2.8000000000000003 0 0 2.2 3.8000000000000003 2.6 1.4000000000000001 3.2 2.6 0 2.6 0.6000000000000001 4.4 6.800000000000001 3.4000000000000004 2.8000000000000003 2.4000000000000004 0.4 0 0 0 0 0 0 0 0 0 0 0 0 0 0 0 0 0 0.4 0 0 0 0 0 0 0 0 0 0 0 0 0 0 0 0 0 0 0 0 0 0 0 0 0 0 0 0.2 0 0 0 0 0 0 0 1.2000000000000002 0 0.2 0 0 0 0.6000000000000001 0 0 0 0 0 0 0 0 0 0 0 0 0 0 0 0 2.6 0 0 0 0 0 0 0 0 0 0 0 0 
 0.4 0.6000000000000001 20 0.6000000000000001 15 45.6 0.4 0.4 0.8 0.6000000000000001 0.2 0.4 0.4 0.4 1 0.6000000000000001 0.8 0.8 0.4 0.8 37.4 0 21.6 33.800000000000004 67.4 9.200000000000001 33.2 103.4 40.2 95.80000000000001 26.200000000000003 14.600000000000001 10.4 20.6 13.600000000000001 40.2 8.6 20.8 44.6 35.2 1.6 0 0.4 0.6000000000000001 0.6000000000000001 0 12.600000000000001 0 0 0.6000000000000001 0 0.4 0.6000000000000001 0 0.4 0 0.4 0 16.400000000000002 0.4 0 0 0 0 0 0.6000000000000001 0 0 0 0 0 0 0 0 0 0 0 0 0 0 0 0 0 0 9.4 0 0 0 0 0 0 0 0 0 0 0 0 0 0 0 8.200000000000001 7 1.4000000000000001 0 3.6 3 1.8 0 3.6 0 4.4 2 3.2 0 1.6 0 6.2 0.2 2.4000000000000004 0.2 0 0 0 0 0 0 0 0 2.6 0 0 0 1.4000000000000001 1.2000000000000002 0 1.2000000000000002 0 0 0 3.8000000000000003 0 0 0 0 0 0 0 0.8 0 0 0 0 0.4 0.2 0 0 0 0 0 0 0.6000000000000001 0 0 0 0 0 0.2 0.4 0 0 0 0 0 0 0 0 0 0 0 0 10.600000000000001 0 0.2 3.2 7.6000000000000005 2.8000000000000003 4.2 4 0 0.2 2.8000000000000003 0 0 3.8000000000000003 1.8 5.800000000000001 4.2 6.2 1.4000000000000001 2 0 0 0 0 0 0 0.2 0.2 0 0 0 0 0 0 0 0 0 0 1 0 0.2 0 0 0 0 0 0 0 0 0 0 0 0 0 0 0 0 0 0 0 0 0 0 0 0 0 0 0 0 0 0 0 0 0 0 0 0.4 8 0.2 0 0.6000000000000001 0.2 0 0 0 0 0 0 0 0 0 0 0 0 0 0 0 0 0 0 0 2.2 0 0 0 2 0 0 0 0 
 0.2 0.6000000000000001 0.4 0.2 0 0.4 0.2 0.2 0.2 0.2 0.4 0 0.8 0.4 0.6000000000000001 0 0 0.6000000000000001 0.2 0.2 11.600000000000001 21.6 0 34.4 27.6 4.6000000000000005 52.2 78.60000000000001 65.60000000000001 33.6 73.8 7.2 67.4 53.400000000000006 12 14.600000000000001 16.8 39.6 5.6000000000000005 6.4 0 0 0.2 0.6000000000000001 0.6000000000000001 0 12.4 0 0 0.6000000000000001 0 0.4 4.4 14.4 0.4 0 0 0 0.2 21.400000000000002 0 0 0 0 0 0.6000000000000001 0 0 0 0 0.6000000000000001 0 0 0 0 0 0 0 0 0 0 0 0 0 0 0 0 0 0 0 0 0 0 0 0 0 0 0 0 0 0 0 0 2.6 5.800000000000001 4.800000000000001 0 0 5 0 0 4.4 0 0 0 0 2.2 1.4000000000000001 0 0 0 3.2 0 0 0 0 1.6 0 0 0 0 0 5.4 2.6 0 0 0.4 0 1.8 0 0 0 0 0 0 0.2 0 0 0 0 0 0 0 0 0 0 0 0 0 0 0 0 0 0 0 0 0 0 0 0 0 0 0 0 0 0 0 0 0 0 1.4000000000000001 0 2.8000000000000003 1.4000000000000001 4.2 2.4000000000000004 0 1.8 6 2.8000000000000003 2.6 2.6 0 0 0 3.4000000000000004 4.2 1.6 0 0 0.2 0 0 0 0 0 1.8 0 6.4 0 0 0 3 0.2 0 0 0 0 0 0 0 0 0 0 0 0 0 0 0 0 0 0 0 0 0 0 0 0 0 0 0 0 0 0 0 21.8 0 0 0 0.2 0 0 0 0 0.2 0.4 0.4 8.8 0.2 0.4 0.4 0 0 0 0 0 0 0 0 0 0 0 0 0 0 0 0 0 0 0 0 2.2 0 0 0 0 0 0 0 0 
 0 0 0.4 0 0 0.6000000000000001 0.2 0 0 0 0 0 0.2 0 1 0 0 0.4 0.2 0 40.800000000000004 33.800000000000004 34.4 0 29.400000000000002 7 25.400000000000002 14.4 29.200000000000003 49.6 10 10.4 55.6 31.400000000000002 12.4 9.8 22.8 19.6 13.600000000000001 51.800000000000004 12.200000000000001 0 0.2 0.6000000000000001 0.6000000000000001 0 0.2 0 0 0.6000000000000001 0 0.4 0.2 0 12 0 0 0 0.2 13.8 0 0 0 0 0 0.6000000000000001 0 0 0 0 0 0 0 0 0 0 0 0 0 0 0 0 0 0 0 0 0 0.2 0 0 0 0.4 0 0 0 0 0 0 0 0 0 1.4000000000000001 4 0.2 0 5.4 2.8000000000000003 0.2 0 0.2 4.4 4.2 0 0.6000000000000001 0.4 11 0 0 0.4 0 0 0 2.6 0 0 0 0 0.4 0 0 0 0 2.2 5.800000000000001 0 2.6 0 1.6 0.2 2.6 0 0 0 0 0 0 0.4 0 0.2 0.4 0 0 0 0 0 0 0 0 0 0 0 0 0 0 0 0 0 0.8 0 2.2 0 2 0.4 0 1.4000000000000001 0.2 3.8000000000000003 0 0.2 0 1.4000000000000001 2.6 2.4000000000000004 5.6000000000000005 2.2 0 2.4000000000000004 1.4000000000000001 0.2 0.2 6 0 0 0 4.2 0 4.800000000000001 3.4000000000000004 0 0 3.4000000000000004 0 0 0 0 0 0.4 0 0 0 0 0 1.4000000000000001 1.6 0 0 2.6 0 0 1.6 0 0 0 0 0 0 0 0 0 0 0.4 0 0 0 0 0 0 0 0 0 0 0 0 0 0 0 0 0 0 0 0 0 0 0 33.4 0 0 0 0.4 0 0.4 0 0 0 0 0 0 0 0 0 0 0 0 0 0 0 0 0 0 0 0 0 0 0 0.2 0 0 0 0 0 
 0.4 0.4 0.4 0.4 0.4 0.4 0.4 0.4 1.6 0.4 0.8 0.8 1 0.4 1.2000000000000002 0.6000000000000001 0.4 0.8 0.4 1 7.4 67.4 27.6 29.400000000000002 0 35.800000000000004 9.8 29.400000000000002 38.800000000000004 28.200000000000003 50.800000000000004 20.8 16.400000000000002 13.4 17.6 13.200000000000001 10.600000000000001 23.8 10.600000000000001 38.6 24.6 0 0.2 0.6000000000000001 0.6000000000000001 0 0.4 0 13.200000000000001 0.6000000000000001 0.4 0.4 0.4 0 0.4 0 1.8 14.4 0.2 42.6 0 0 0 0 0.2 0.6000000000000001 0 0 0 0.6000000000000001 0 0 1.6 0 0 0 0 0 0 0 0 0 0 0 0 0 0 0 0 0 0 0 0 0 0 0 0 0 0 0 0 0 0 2.8000000000000003 0 15.600000000000001 0 0 0 0.4 2.4000000000000004 2.4000000000000004 0 0 0 0 0 3.4000000000000004 0 0 1.4000000000000001 0.4 8.6 4.2 0 0 0 7.2 4 0 0 4 1 15.200000000000001 2.4000000000000004 5.2 0 0 1.6 9.4 0.2 0 0 0 0 0 0 0 1.8 0 0 0 0 0 0 0 0 0 0 0 0 0 0.4 0 0 0 0 0 0 0 0 0 0 0 0 0 0.8 0 0 0 0 0 0 0 8.4 6.6000000000000005 0 0 0 2.8000000000000003 0 0 0 0 0 0 5.2 5.2 0 0 3.8000000000000003 0 2.4000000000000004 0 0 0 0 3.2 1.6 0 2.6 0 4.800000000000001 6.800000000000001 5.2 0 6.2 0 5.800000000000001 1.6 0 0 0 2.6 0 0 0 0 0 0 0 0 0 0 0 0 0 0 0 0 0 0 4 0 0 0 0 0 0 0 0 0 0 0 1.6 0.4 0 15.600000000000001 15 0 0.2 0 0 0 0 0 0 0 0 0 0 0 0 0 0 0 0 0 0 0.2 0 1.8 0 0 0.2 0 0 0 0 0 
 0.6000000000000001 0.6000000000000001 0.6000000000000001 0.8 1 1 0.6000000000000001 0.6000000000000001 0.8 0.6000000000000001 0.6000000000000001 0.8 1 0.6000000000000001 1.4000000000000001 0.6000000000000001 0.6000000000000001 0.6000000000000001 0.6000000000000001 1 50.400000000000006 9.200000000000001 4.6000000000000005 7 35.800000000000004 0 9.4 52 41 78.80000000000001 33.2 32.6 47.2 8 14 33.2 24.200000000000003 55.800000000000004 9.200000000000001 23.8 14.4 0 0.2 0.6000000000000001 0.6000000000000001 0 12.4 0.2 0.4 0.6000000000000001 0 0.4 0.4 0 0.2 0 0.4 0 39.2 12.8 0 0 0 0 0 0.6000000000000001 0 0 0 0 0.6000000000000001 0 0 0 0 0 0 0.4 0 0 0 0 0 0 0 0 0.2 0 0 0 0 0 0 0 0 3.4000000000000004 0 0 0 0 0 0 1.6 5.800000000000001 0.2 5.2 0 0 0 0 1.4000000000000001 0.2 0 0.2 0 0 0 3 0 0 4 0 1 0 0 0 3 0.2 2.4000000000000004 0 0 0.8 0 0 7.6000000000000005 0.6000000000000001 2.8000000000000003 4 5.4 5.2 0 0 0 0 0 0 0 0.8 0 0 0 0 0 0 0 0 0.2 0 0.2 0 0 0 0 0 0 0 0 0.4 0 0 0 0 0 0 0 0 1.8 0 0 0 3 0 0.2 0.2 7.800000000000001 6.2 0 1.8 0 0.6000000000000001 0 0 0 0 0 0 0 3.6 0 0.4 6.800000000000001 0 9.200000000000001 0 0 0 5.800000000000001 0 0.8 0.4 2.6 0 3.8000000000000003 3.6 5.800000000000001 0 0.2 0.4 6 3 0 0 0 0 0 0 0 0 0 0 0 0 0 0 0 0 0 0 0 0.4 0 0 0 0 0 0 0 0 0 0 0 0 0 0 0.6000000000000001 0.2 0.2 24 1 0.2 0.2 0 0 0 0 0 0 0 0 0 0 0 0 0 0 0 0 0 0 2.4000000000000004 0 0 0 0 0 0 4.2 0 0 0 
 0 0 0 0 22.200000000000003 17.2 0.4 0 0 6.800000000000001 0 15 0 0 0 0 0 15 0.2 0.4 83.2 33.2 52.2 25.400000000000002 9.8 9.4 0 28.8 50.2 25.400000000000002 7.4 10.200000000000001 62 56.6 25 9.200000000000001 27.8 9.600000000000001 10.600000000000001 32 0 0 1.2000000000000002 0.6000000000000001 0.6000000000000001 0 0 0 0 0.6000000000000001 1.6 0.4 0 0 0 0 0.2 0.2 0 0 0 0 0 0 0.2 0.6000000000000001 0 0 0 0 0 1.4000000000000001 0 0 0 0 0 0 0 0 0 0 0 5 0 1.8 0 0.2 10.4 1.8 0 0 0 0 11 0 3 3.6 0 0 4.4 0 0 0 3 0 6.2 4.4 0 5.800000000000001 0.8 2.2 0 0.6000000000000001 1.6 1.8 0 0 1.2000000000000002 1.8 0 0 0 0 0 0 0 0 0 0 0 0 0 0 0 0 0 0 0 0 0 0.2 3.2 0 0.4 0 0.2 0 0 0 0 0 0 0 0 0 0 0 0 0 0 1 0 3.2 5.2 0.6000000000000001 1.6 0 2.4000000000000004 1.8 0 2.2 0 0 0 6.2 0 4.800000000000001 0 0 7.6000000000000005 6 0 3.6 0 0 17.400000000000002 4.4 4.6000000000000005 0 1.6 0 2.6 4.4 3.8000000000000003 2.4000000000000004 2.4000000000000004 4.2 13.4 0.4 0 0 0.4 0 0 0 0 0 0 0 0 0 0 0 0 0 0 0 0 0.4 0 0 0 0 0 0 0 0 0 0 0 0 0 0 0 0 0 0 0 0 0 0 0 0 0 0 14.8 0 0 0 0 0 0 0 1.2000000000000002 0 0 0 0 0 0 0 0 0 0 0 0 0 0 0 0 0 0 0 0 0 1.8 6 0 0 0 0 0 0 0 0 0 0 0 0 
 0 0 0 14.8 14.600000000000001 15.4 0 0.2 0 0 9 14.8 0 0 0.6000000000000001 0 0.4 0.2 0 3.4000000000000004 70.2 103.4 78.60000000000001 14.4 29.400000000000002 52 28.8 0 30.400000000000002 22 65.8 63.800000000000004 57 16.2 28.6 4.4 29.200000000000003 10.4 36.2 25 0 0 0.4 0.6000000000000001 0.6000000000000001 0.4 0 0 41 0.6000000000000001 0 0.4 0.4 0 0.4 0.6000000000000001 13.4 1.8 0.4 0.6000000000000001 0 0 0.6000000000000001 0 0.4 0.6000000000000001 0 0 0 0 0 7.800000000000001 0.6000000000000001 0.2 0 0 0 0.2 0 0 0 0.4 0.4 0 0.6000000000000001 0.2 0 0 0 0 0 0.4 0 0 0 0 0 0 0 0 0.4 6.4 11.600000000000001 0.2 3.2 0 0 3 6.4 2 4 0.2 3.6 0 5.800000000000001 4.4 4.800000000000001 7.800000000000001 2.8000000000000003 3 0 0 0.2 0 0 0 2.6 0 0 0 0.4 0 0 0 0 0 0 0 1.4000000000000001 0 0 0 0 0 0 0 0 0.2 0 0 0 0 2.4000000000000004 0 0 0 0 0 0 0 0 0 0 0 0 0 0.8 0.6000000000000001 0.2 0 1.8 0 0 0 0 0 0 0 0 0 2.4000000000000004 1.4000000000000001 2.8000000000000003 0.4 0 0 0 0.2 0 2 0.6000000000000001 0 7.6000000000000005 3 4.6000000000000005 13 0.2 1.4000000000000001 4 0 0 0 0 0 0 0 2.4000000000000004 0 0 0 0 0 0 0 0 0 0 0 0 0 0 0 0 0 0 0 0 0 0 0 0 0 0 0 2.6 0 0 0 0 0 0 0 0 0 0 0 0 0 5.2 0 0 0 0 0 0 0 0.4 0 0 0.4 0.8 0.2 0 0 0 0 0 0 0 0 0 0 0 0 0 0 2.4000000000000004 0 0 0 0 0.2 0 0 0 0 0 0 0 0 
 0 0 1.2000000000000002 0 0 0.2 0.6000000000000001 0 0 0 0 0 0.6000000000000001 0 0 0 0 0.6000000000000001 0 0 49.6 40.2 65.60000000000001 29.200000000000003 38.800000000000004 41 50.2 30.400000000000002 0 35.4 115.80000000000001 37.6 22.6 19.400000000000002 44.400000000000006 73.2 36.4 68.60000000000001 59.6 10.200000000000001 0 0.6000000000000001 0.4 0.6000000000000001 0.6000000000000001 0 0 0 0.4 0.6000000000000001 0 0.4 0.2 0.8 0 0 0.4 0 0 41.800000000000004 0 0 0 0.6000000000000001 0 0.6000000000000001 0.4 0.4 1.6 0 9.8 0.2 0.2 0 0 0.4 0 0 0 0 0 0 0 0 0 0 0 0 0 0 0 0 0 0 0 0 0 0 0 0 2 0 1.2000000000000002 0.4 0.6000000000000001 2.2 0 2 0 6 2.2 0 0 2 2.2 0 4.6000000000000005 11.600000000000001 0 0 0 0 4.4 0 0 0 2.6 0 0 0 0 0 11.4 2.6 0.2 0 0 0 8.200000000000001 0 0 0 0 0 0 0 0 0 0 0 0 0 0 0 0 0 0 0 0 0 0 0 0 0 0 0 0 0 0 0 0.2 0 0 0 0 0.2 3.6 0 0 0 1.6 3.2 4.2 0 9 5.6000000000000005 0 2.8000000000000003 5.2 10 6 2.8000000000000003 0 0 2.2 4.6000000000000005 6.800000000000001 6 0.2 0.2 0 0 0 0 0 0 0 0 0 0 0 0 0.2 0 1.6 0 4.2 0.4 4.800000000000001 0 0 0 0 0 0 0 0 0 0 0 0 0 0 0 0 0 0 0 0 0 0 0 2.4000000000000004 0 0 0.2 0 0 0 0 0 0 0 0 1.4000000000000001 0 0.2 15.200000000000001 14.8 0.4 1.4000000000000001 0 0 0 0 0 2 0 0 0 0 0 0 0 0 0 0 0 0 0 0 1.8 0 0 0 0 0 0 0 0 
 0 0.4 0.6000000000000001 0 0 3.8000000000000003 0 0 0 0 0 0 0.6000000000000001 0.2 1.6 0 0 0.2 0 0 25.6 95.80000000000001 33.6 49.6 28.200000000000003 78.80000000000001 25.400000000000002 22 35.4 0 50 27 13.8 70.4 35.800000000000004 31.400000000000002 29 41.400000000000006 62.2 40.2 13.4 0 0.4 0.8 1 0 5.800000000000001 0 0 0.6000000000000001 0.4 0.4 0.2 0 0 0.2 1 0 7.6000000000000005 12.8 0 0 0 0 0.2 1.2000000000000002 6.4 0 0 0 0 0.4 0 0 0 0 0 0.4 0 0 0 0 0 0 0 2 0 0 0 0 0 0 0 0 0 0 0 0 0 0 0 0.2 4.4 2.8000000000000003 0 4.2 3.2 2.4000000000000004 0 3.2 7.6000000000000005 5.6000000000000005 4.2 2.4000000000000004 0 2 0 5 0 0 1.8 0 1.4000000000000001 0 0 0 0 0 0 0 0 0 11.4 2.8000000000000003 4 2.2 0 0 1.6 4 0 0 0.4 0 0 0 0 0.6000000000000001 0.4 0 0 0 0 0 0 0 2 0 0 0 0 0 0 0 0 0 0 0 0 0 0 0 0 0 0 0 1 0 0 0 5 1.4000000000000001 0.2 3.8000000000000003 7.800000000000001 2 1.6 2.6 0 2.4000000000000004 2.8000000000000003 2.8000000000000003 0 0 0 0 7.6000000000000005 9.8 9 5.2 0 0 2.4000000000000004 0 0 0 0.2 0 0 0 0 0 1.6 0.4 2.2 0 0 0 3.4000000000000004 0.2 0 0 0 0 0 0 0 0 0.2 0 0 0 0 0 0 0 0 0 0 0 0 0 2.4000000000000004 0 0 0 0 0 0 0 0 0 0 0 0.8 0 0 15.8 14.600000000000001 0 0.6000000000000001 0 0 0 0 0 0 0 0 0 0 0 0 0 0 0 0 0 0 0 0 1.8 0 0 0 0 0 0 0 0 
 0.6000000000000001 0.6000000000000001 0.6000000000000001 0.6000000000000001 5.4 0.6000000000000001 0.6000000000000001 0.6000000000000001 1.6 0.6000000000000001 1 0.8 0.6000000000000001 0.8 1.6 1 0.6000000000000001 1 1 1.4000000000000001 91.4 26.200000000000003 73.8 10 50.800000000000004 33.2 7.4 65.8 115.80000000000001 50 0 19 19.200000000000003 8.6 81.4 43.6 33.6 27.6 9.8 11.8 0.8 0 0.2 0.6000000000000001 0.6000000000000001 0 13 41.800000000000004 0.4 0.6000000000000001 0 0.4 0.2 0 0.4 0 0.4 0 54.400000000000006 25.6 0 0 0 0 0.2 0.6000000000000001 0 0 0 0.8 0 0 0 0 0 0 0 0 0 0 0 0 0 0 0 0 0 0 0 0 0 0 0 0 0 0 0 0 0 0.4 0 0 5 3 0.2 6.2 0 0 0 9 2.4000000000000004 0.2 0 4 2 0 2 6.800000000000001 0 0 5 0.2 1.8 0.4 0 0 0 0 0 0 0 0 6.6000000000000005 0 3 0 0.2 0 6 0.2 0 0 0 0 0 0 0 0.4 0 0 0 0 0 0 0 0 0 0 0 0 0 0 0 0 0 0 0 0 0 0 0 0 0 0 2.2 0 1.4000000000000001 0 0 0 1.2000000000000002 1.8 3.8000000000000003 0 6 4.2 0 1.4000000000000001 10.8 2.4000000000000004 2.6 6.2 0 0 0.2 4.4 3.6 1.6 0 0 0 0 10.8 0 0 0 0 0 0 3.4000000000000004 0 0 5 0 2.6 0.6000000000000001 2 0 3.6 0 0 0 0 0 0 0 0 0 0 0 0 0 0 0 0 0 0 0 0 0 0 0 3.6 0 0 0 0 0 0 0 0 0 0 0 1.8 0 0 0.8 7.800000000000001 0.2 0.8 0 0 0 0 0 0.2 0 0 0 0 0 0 0 0 0 0 0 0 0 0 0 0 0 0 0 0 0 0 0 
