 0 34.4 39.2 10.4 15 25.400000000000002 61.800000000000004 28.400000000000002 7.800000000000001 41.800000000000004 33 24.400000000000002 44 26 24.8 22.200000000000003 43.2 23.400000000000002 7.2 27 0 0.6000000000000001 0 0 0 0 0 0 0.2 0 0 0 0 0 7.2 0 0 0.4 0 0.2 0 0 0 0 0 0.8 0 0 0.8 0 0.6000000000000001 0 0.4 0 0 0.2 0 0 0 0 0.6000000000000001 0 0.6000000000000001 0 0.6000000000000001 0 0.4 0 0 0 0 0 0 0.4 0 0 0 0.6000000000000001 0.4 0 1.4000000000000001 4.4 7 2.4000000000000004 2.8000000000000003 0 3 8.4 3.8000000000000003 9.200000000000001 1.2000000000000002 6.4 5.800000000000001 3.2 21.400000000000002 9.4 3.6 6 3 0.6000000000000001 0 0 0 1.8 0 0 0.6000000000000001 0 0 0 0 0 0 0 0 0 0 0 5.4 0 0 0 0 0 3.6 0 0 0 0 0 0 0 0 0 0 0 0 0 3 0 0 0 0 0 0 1.4000000000000001 0 0 0 0 0 0 0 0 0 0 0.4 0 0 0 3 0 0 0 5 2 0 0 5.2 0 2 1.8 0 1.6 4.4 5.2 2 9.4 4.4 9.200000000000001 0 0 0 0 0 0 0 0 2.2 0 0 0 0 0.2 0 0 0 0 0 0 0 0 0 0 0 0 0 0 0 0 0 0 0 0 0 0 0 0 0 0 0 0 0 0 0 0 0 0 0 0 0 0 0 0 0 0 0 0 0 0 0 0 0 0 0 0 0.4 0 20 1.2000000000000002 2.6 2 0.4 0 0 0 0 0 0 0 0 0 0.4 0 0 0 0 0 0 0 0 0 0 0 0 0 0 0 0 0 0 0 0 0 0 0 0 0 0 0 
 34.4 0 36.6 12.4 9 25.6 63.6 19.400000000000002 27 15 6.2 11.4 31.400000000000002 36.800000000000004 13 27.6 25.400000000000002 25.8 31.8 41 0 0.6000000000000001 0 0 0 0 0 0 0.2 0 0 0 0 0.6000000000000001 0.2 0 0 1.2000000000000002 0 0 0 0 0 0 0 0.2 0.4 0 0.4 0 0.4 0 0.4 0 0 0.2 0 0 0 0.6000000000000001 0.6000000000000001 0 0.4 10.200000000000001 0.6000000000000001 0 0.4 0.6000000000000001 0 0 0 0 0 1 0.2 0.6000000000000001 0 0.6000000000000001 6.2 0 0 6.6000000000000005 0 6.4 0 2.4000000000000004 0.4 0 1.6 0 5.2 0 0.2 2.6 3.6 2.2 4.4 2.2 0 5 0 0 0 0 0 0 0 0 0 0.2 0 0 0 0 0 0 0 0 0 0 0 0 0 0 0 0 0 0 0 0 0 0 0 0 0 0 1.6 0 0 0 0 0 0 0 0 0 0 0 0 0 0 0 0 0 0 0 0 0 0 0 2.4000000000000004 3.2 2.4000000000000004 4.6000000000000005 2.8000000000000003 0 0 2 7 0 0.8 2.4000000000000004 3.8000000000000003 3.6 0 0 0 2 3.2 3.6 0 0 0.4 0 0 0 0 0 0 0 0 0 0.2 0 0 0 0 0 0 0 0 0 0 0 0 0 0 0 0 0 0 0 0 0 0 0 0 0 0 0 0 0 0.2 0 0 0 0 0 0 0 0 0 0 0 0 0 0 0 0 0 0 0 0 0 0 0 18 0 0.4 0 0 0.6000000000000001 0 0 0 0 0 0 0 0 0 0 0 0 0 0 0 0 0 0 0 0 0 0 0 7.4 0 0 0 0 0 0 0 0 0 0 0 0 0 2.8000000000000003 
 39.2 36.6 0 75.8 7.4 16.8 37.4 34.6 13.4 80.80000000000001 44.800000000000004 40.2 66.8 30.400000000000002 7.2 83.2 16.2 46 9.200000000000001 7.6000000000000005 0 1.4000000000000001 0.4 0 0.6000000000000001 0 0.6000000000000001 0.4 0 0 0.4 0 0.4 0 0.4 0.4 0.2 0 15.200000000000001 0 0.4 0.6000000000000001 0 0 0 1.2000000000000002 0 0 0.4 0.4 0.6000000000000001 0 0.4 0 0 0.2 0 0 0.4 0 1.2000000000000002 0 1.2000000000000002 0 0.6000000000000001 0 0.6000000000000001 0.8 0 0 0 0 1.6 0.6000000000000001 0.6000000000000001 0.6000000000000001 0 0.6000000000000001 1.2000000000000002 0.2 7.2 2.2 6.2 0.6000000000000001 1.8 0 4.2 3.4000000000000004 0 5.800000000000001 6.6000000000000005 3.6 3.8000000000000003 0 4.6000000000000005 0 0 0 0 1 0 0 0 0 0 0 0 0 0 0 0 0 0 0 0 0 0 0 5.4 0 0 0 1.2000000000000002 0 0 0 0 0 0 0 0 0 0 0 0 0 3 0 0 0 0 0 0 3 0 0 0 0 0 0 0 0 0 0 0 0 0 0 0 0 2.6 0 3 2.8000000000000003 4.2 0 0 0 1 3.4000000000000004 2 0 3 3.8000000000000003 0 0 0 6.800000000000001 3.4000000000000004 5.6000000000000005 0 0 0 0 0 0 4.4 0 0 0 0 0 1 0 0 0.2 0 0 3 0.2 0 0 3.6 0 0 0 0 0 0 0 0 0 0 0 0 2.4000000000000004 0 0 0 0 0 0 0 0 0 0 0 0 0 0 0 0 0 0 0 0 0 0 0 0 0 0 0 0 0 0.4 0.2 0 0.2 18.8 0 2.2 0 0 0 0 0 0 0 0 0 0 0 0 0 0 0 0 0 0 0 0 0 0 0 0 0 0 0 0 0 0 0 0 0 0 0 0 0 0 
 10.4 12.4 75.8 0 81.2 30 44 50 19.8 80.60000000000001 23.8 21 71.60000000000001 19.6 31.400000000000002 38.6 46.400000000000006 42.6 17.400000000000002 15 5.6000000000000005 0.6000000000000001 0 0 0.2 0 1.6 16.6 0 1 0 0 0 15.600000000000001 0.4 0.6000000000000001 0 0 4.2 6.4 0 0 0 0 12.8 0.2 0 0 0.4 0 0.6000000000000001 0 0.4 0 0 0.2 0 0 0 0 0.6000000000000001 0 0.6000000000000001 0 0.6000000000000001 0 0.4 0 0 0 0 0 0 0.6000000000000001 0 1 0 0.6000000000000001 0.6000000000000001 0 4.4 0.2 5.4 2.2 5.4 0.4 2.6 2.6 0 5.6000000000000005 4.2 16.8 2.6 0 3.2 6.2 0 2.2 0 0.2 0.4 1.4000000000000001 0 0 0 0 0 0 0 0 0 0 0 4 0.4 0 0 3 6.4 0.6000000000000001 0.4 0 0 0 0 0.8 0 0 0.4 0 0 0 0 0 0 0 0 0 0 0 1.6 0 0 0 0 0 1.4000000000000001 0 1.6 0 0 0 0 0 0.8 0 1.8 0 0 1 2.2 0 4 0 0 0 0 0.4 0 0.2 2.4000000000000004 13.4 2 0.2 2.6 2.4000000000000004 0 0 0.4 0.4 3 0 0.4 0 0.2 0 0 1.6 2 0.2 0 0 0 0 9.200000000000001 0 0.2 0 0.4 5.2 0 0 0 0 0 0 0 0 0 0 0 0 0 0 0 4.6000000000000005 0 0.2 0 0 0 0 2 0 0 0 1.4000000000000001 1.4000000000000001 0 0 0 0 0 0 1.2000000000000002 0 0 0 0 0 0.6000000000000001 0 0 0 0 0.8 0.4 0 17.6 11.600000000000001 0 1 0 0 0.2 0 0 0 0 0 0 0 0 0 0 0 0 0 0 0 0 0 0 0 0 0.4 0 3.8000000000000003 0 0 0 0 0 0 0 0 0 0 1.6 0 
 15 9 7.4 81.2 0 19.400000000000002 73.4 31.8 15.8 15.600000000000001 32.4 30.200000000000003 13.4 60.400000000000006 31.6 16.2 32.4 10.8 13.600000000000001 19.8 16 31 15.200000000000001 0 0 0 14.8 0.2 22.200000000000003 1.2000000000000002 0 0 0 22 0 0 0 16.2 14.8 31 0.8 0 0 0 0 0.4 0 0 0.4 0 0.6000000000000001 0 0.4 0.2 1.2000000000000002 0.2 0 0.6000000000000001 0.6000000000000001 0 0.4 0 0.6000000000000001 0 0.6000000000000001 0 0.4 0 0.2 0 0 0 0 0.6000000000000001 0 3.2 0.8 0.4 0.6000000000000001 0.6000000000000001 4.4 0 7.6000000000000005 1.8 0.2 3.8000000000000003 0 2.8000000000000003 5.4 6.2 0 2.8000000000000003 0 8.8 0 2.8000000000000003 0 4.6000000000000005 0 0 0.8 2.8000000000000003 0 0 0 0 5.800000000000001 3 2.6 0 0 0 5 6.4 2.8000000000000003 7.6000000000000005 2.2 2 5.800000000000001 0.8 0 5.6000000000000005 0 0 0 0 0 0 0 0 0 2.4000000000000004 0 0 2.2 0 0 0 0 0 0 0 0 0 0 0 1.6 0 0 0 0 0 0 0 0 0 0 0 0 0 3.6 0 4.4 0 0 0.2 0 0 0 3.8000000000000003 0 3.4000000000000004 0 0 0 4.4 0 0.2 0 3.2 8.200000000000001 0 3.8000000000000003 2.4000000000000004 0 0 2.4000000000000004 0 1.8 0 0.2 0 2.2 9 4.4 2.2 2.4000000000000004 0 0.6000000000000001 2.2 0 0.4 0 0 0 0 0 0 0 0 0 0 0 0 1.8 0 0 0 0 0 0 0 0 0 0 0 0 0 0 0 0 0 0 0.4 3 0 0 0 0 0 0 0 0 0 0 0.6000000000000001 0.2 0.6000000000000001 17.6 0.4 1.4000000000000001 3.8000000000000003 0 0 0 0 0 0 0 0 0 0 0 0 0 0 0 0 0 0 0 0 0 0 0 0 0 3.4000000000000004 0 0 0 0 0 0 0 0 2.8000000000000003 0 0 0 
 25.400000000000002 25.6 16.8 30 19.400000000000002 0 7.800000000000001 8 14.4 43.6 40 33.6 10 9.4 7.4 29.8 14.200000000000001 75.60000000000001 10 14.4 15.600000000000001 15.200000000000001 58 0 0 0 17.8 14.600000000000001 0.4 15.600000000000001 0 0 0.2 17.8 15.4 0 0.4 3.8000000000000003 32 0.2 0 0 0 0 0 0.4 0 0 0.4 0 0.6000000000000001 0 0.4 0 0 0 0 0 0 0 0.6000000000000001 0 0.6000000000000001 0 0.6000000000000001 0 0.4 0 0 0 0 0 0 0.6000000000000001 0 0 0 0.6000000000000001 7.800000000000001 0 0 2.8000000000000003 0.2 10.600000000000001 4.6000000000000005 2.8000000000000003 0 0 20 8.8 2.2 0 0 0 0 0.2 6.2 3.4000000000000004 0 0 2.2 1.4000000000000001 0 0 0 0 0 0 1.2000000000000002 0 0 0 1.2000000000000002 4.6000000000000005 1 1.8 0.2 2.2 12 0 0.4 0 0 0 0 0 0 0 0.4 0 4.2 0 0 0 0 0 0 0 0 0 0.4 0 0 0 0 0 0 0 0 0 0 0 0 0 0 0 0 0 0 0 0 0 5.800000000000001 3.2 15 2.6 0 0.4 4.4 6.4 5 4.2 0 0 0 2.2 2.2 1.4000000000000001 0.4 0 0 0 0 0 1 0 1.4000000000000001 0 1 0.2 0 0 7.800000000000001 3.6 2.2 1.8 0 0 2 0.4 0 0 0 0 0 0 0 0 0 0 0 0 0 0 0 0 0 0.2 0 0 0 0 0 0 0 0 0 0 0 0 0 0 0 0 0 0 0 0 0 0 0 2.8000000000000003 0 0 0 0 0 0 1 0 0 3 18.400000000000002 0 0 0 0 0 0 0 0 0 5 0 0 0 0 0 0 0 0 0 0 0 0 0 0 1.2000000000000002 0 0 0 0 0 0 0 0 0 0 0 0 
 61.800000000000004 63.6 37.4 44 73.4 7.800000000000001 0 63.400000000000006 28 53.2 67 25 40.800000000000004 93 24.6 57.800000000000004 10.4 17.8 33.4 16.8 0 0.6000000000000001 0 0.8 0 0 0.2 0 0.4 0 12.8 0.2 0 0 0 0 0 0 0 0 0 0 0 0 0 0.2 0 0 0.4 0 0.6000000000000001 0 0.4 0 0 0.4 0 0 0 0 0.6000000000000001 0 0.6000000000000001 0 0.6000000000000001 0 0.4 0 0 0 0 0 0 0.6000000000000001 0 0 0 0.6000000000000001 0.6000000000000001 0 6 6.4 2.8000000000000003 3.6 6 3.6 2.8000000000000003 1.6 4.2 2 4.800000000000001 2.2 2.2 3.2 5 2.4000000000000004 4.6000000000000005 4.800000000000001 0 11 0 2.6 0 0 0 0 2 0 0 0 3 0.4 0.2 0 0 0 0 0 0 0 0 0 0 0 0 0 0 0 0 0 0 0 0 0 0 0 0 0 0 0 0 0 0 0 0 0 0 0 0.4 0.4 0 0 0 0 0 0 0.2 0 0 0.2 0 2.8000000000000003 0 1 0.6000000000000001 0 0 2 3.6 0 3.2 2.4000000000000004 2.6 7.6000000000000005 3.6 0.8 1.4000000000000001 1.8 0 7.4 1.8 0 0 0 0 0 0 0 0 0 0 0 0 0 0 0 0 0 0 0 0 0 0 0 0 0 0 0 0 0 0 0 0 0 0 0.2 0 0 0 0 0 0 0 0 0 0 0 0 0 0 0 0 4 0 0 0 0 0 0 0 0 0 0 0 0.4 0.4 1 0 1 17.400000000000002 2 5.800000000000001 2 0 0.4 0 0 0 0 0 0 0 0 0 0 0 0 0 0 0 0 0 0 0 0 6.2 2 0 0 0 0 0 0 0 0 0 0 0 0 0 
 28.400000000000002 19.400000000000002 34.6 50 31.8 8 63.400000000000006 0 14.200000000000001 90 17.400000000000002 60.800000000000004 99.4 120.80000000000001 91.2 7.800000000000001 9.200000000000001 8.6 37.4 65.60000000000001 0 0.6000000000000001 0 0 0 0.4 0 0.4 0.2 0 0 0 0 0 0 0 0.8 0 15.8 0 0 0 0 0 0 0 0 0 0.4 0 0.6000000000000001 0 0.4 0 0 0.2 0 0.6000000000000001 0 0 0.6000000000000001 5.2 0.6000000000000001 0.2 0.6000000000000001 0 0.4 0 0 0 0 8.200000000000001 0 0.6000000000000001 0 0 0 10 0.6000000000000001 0 2.2 7.2 16.6 3.6 0.4 0 4.6000000000000005 7.4 2.2 2.4000000000000004 0.2 3.8000000000000003 3.6 7.2 1.2000000000000002 6.800000000000001 0 0.6000000000000001 3 0 0 0 0 0 0 0 2 0 0 0 0 0 3.6 0 0 0 0 0 2.8000000000000003 0 0 0 0 0 0 0 0 0 0 0 0 0 0 0 0 0 0 0 0 0 0 0 0 0 0 3.4000000000000004 0 0 0 0 0 0 0 0 0 0 0.4 0 0 0 2.6 1.4000000000000001 0 0.2 0 0 0 0 0 0.6000000000000001 0 1.8 0 0.2 0.6000000000000001 1.2000000000000002 0 0.4 2.2 3.2 0 10.4 0 0 0 0 0.2 0 0 0 0 0 0 0 0 0.4 0 0 0 0 0 0.2 0 0 0 0 0 0 0 0 0 0.4 0 0 0 0 0 0 0 0 0 0 0 0 0.2 0 0 0 0 0.6000000000000001 0 0 0 0.2 0 0 1.2000000000000002 0 0 0 0 0 0 0 0 0.6000000000000001 0.2 0 8.8 0.2 0 0.8 0 0 0 0 0 0 0 0 0 0 0 0 0 0 0 0 0 0 0 0 0 0 0 0 0 0 0 0 0 0 0 0 0 0 0 0 0 0 
 7.800000000000001 27 13.4 19.8 15.8 14.4 28 14.200000000000001 0 16.8 8.200000000000001 7.6000000000000005 18.2 53.800000000000004 16.400000000000002 7 31.8 29.6 18.2 18.8 0 0.6000000000000001 0 0.4 0 0 15 0 0.2 0.4 0 0 0 0 0 0.8 0.4 0 0 0.2 0 0 0.4 0 0.4 0.2 0 0 1 0 1 0.6000000000000001 13.200000000000001 0 0 0.6000000000000001 0.4 0.8 0 0 0.6000000000000001 0 0.6000000000000001 10 1.2000000000000002 0 1 0 8.8 0 0 0 0.2 0.6000000000000001 0 0 0.2 0.6000000000000001 0.8 0 3 6.4 0 1.6 4 3 18 0.4 0 2.2 0 2 0 0 3.6 3 2.8000000000000003 3.2 0 6 0 2.6 0 0 0 0 0 0 0 0 0.4 0 0 1.6 0.2 0 0 0.2 0.2 0 0 0 0 0 0 0.4 0 0 0 0 0 0.4 0 0 0 0 0.4 0 0 0 0 0 0 0 0 0 0 0.2 0 0 0 0 0 0 0 0 0 0.4 0 0 0 0 2.2 4.2 0.2 0 0 0 3.8000000000000003 3 0 2 0 7 0.8 3.6 0 5.4 2.6 0 1.6 0 0 0 0 0 0 0 0 0 0 0 0 3.2 0 0 0 0 0 0.4 0 0 0 0.4 0 0 0 0 0 0 0 0 0 0 0.2 0 0 0 0 0 0 0 0 0 0 0 0 0 0 0 0 0 0 2.8000000000000003 0 0 0 0 0 0 0 2 0 0 0 0 19 0 0.4 0.4 0 1.2000000000000002 0 0 0 0 0 0 0 0 0.2 0 2.8000000000000003 0 0 0 0 0 0 0 0 0 0 0 0 0.2 0 0 0 0 0 0 0 0 0 0 0 0 0 0.2 
 41.800000000000004 15 80.80000000000001 80.60000000000001 15.600000000000001 43.6 53.2 90 16.8 0 33.4 55.6 15.200000000000001 63.6 58.400000000000006 51.800000000000004 68.8 37.4 18 66.4 0.2 0.6000000000000001 0.4 0.4 0 0 0.2 0 0.2 0 0 0 0 0 0 0 0 0.2 4.4 0 0 0 0 0 0 0.2 0 0 0.4 0 0.6000000000000001 0 0.4 0 1 0.4 0 0 0 0 0.6000000000000001 0 0.6000000000000001 6.6000000000000005 0.6000000000000001 0 0.4 0 0 0 0 0 0 0.6000000000000001 9.200000000000001 0 0 0.6000000000000001 0.6000000000000001 0 3 0.2 7.4 5.6000000000000005 5.2 0 2 1.8 0 8.6 7 2.4000000000000004 3.4000000000000004 1.4000000000000001 2.2 3.6 3.8000000000000003 2.4000000000000004 0 2.2 0 0 0 0 0 0.4 0.4 0 2 0 0 0 1.2000000000000002 0 0 0 0 0 0.4 0 0 0 0 0 0.2 0 0 0 0 0.2 1.2000000000000002 0 0 0 0 0.2 0 0.2 0.4 0 0 0 0 0 0 0 0 0.4 0 0 0 0 0.2 0 0 0 1.2000000000000002 0 0 0 2.2 5.6000000000000005 2.2 2.4000000000000004 9 0 0 0 1.4000000000000001 6 0 2.2 0.2 6.2 0 2.6 0 2.2 8 7 0.2 0 0 0 0 0 0 0 0 0 0 0 0 0 0 0 0 0.2 0 0 0 0 0 0 0 0 0 0.2 0.2 0.2 0 0 0 0 0 3.2 0.2 0 0 0 0 0.2 0 0 0 0 0 0 0 0 0 0 0 0 0 0 0 0 0 0 0 0 0 0 0 0 0.6000000000000001 0 20.200000000000003 17.6 0.4 2.8000000000000003 0 0 0 0 0 0 0 0 0 0 0 0 0 0 0 0 0 0 0 0 0 0 0 0 0 0 0 0 0 0 0 0 0 0 0 0 0 0 
 33 6.2 44.800000000000004 23.8 32.4 40 67 17.400000000000002 8.200000000000001 33.4 0 23 26 41 18.6 14.200000000000001 19.8 61.400000000000006 51.6 13.600000000000001 0 0.6000000000000001 0 0 0 0 2.8000000000000003 15.4 0 0 0.4 0.4 0 15.8 0 0.4 0 0 0.2 7.2 0 0.4 0 0 0 0.2 0 0.4 0.4 0 0.6000000000000001 0 0.4 0 0 0.2 0 0 0.4 0 0.6000000000000001 0.2 1.4000000000000001 0 0.6000000000000001 0 0.4 0 0 0 0 0 0 0.4 0 0 0 0.6000000000000001 0.4 0 3.8000000000000003 5 2.4000000000000004 4.800000000000001 1.6 2.8000000000000003 3.6 5.800000000000001 5 5 0 15 5.2 0 0 2.4000000000000004 6 2.6 0 0 0 2 0 0 0 0 0 0 0 0 0 0 0 3.4000000000000004 2.8000000000000003 0.4 0 0 5.6000000000000005 0 0 0 0 2.6 0 0 0 0 0 0 0 0 0 0 0 0 0 0 0 0 0 0 0 0 0 0 1.8 2.8000000000000003 0 0 0 0 0 0 0 0 0 2.2 0 0 0 0 2 0 11.4 4.4 0 0 2.8000000000000003 0 5.800000000000001 5.800000000000001 0 0 1 2 7.800000000000001 8 0 0 1.6 0 0 0 0 0 0 0 1.4000000000000001 0 0 0 0 3.2 3 0 0 0 2.6 3.8000000000000003 0 0 0 0 0 0 0 0 0 0 6.6000000000000005 0 0 0 0 0 0 0 0 0 0 0 0 0 0 0 0 0 0 0 0 0 0 0 0 0 0 0 0 0 0 4.800000000000001 0 0 0 0 0 0 0 9.200000000000001 0.2 1 0.4 0 0 0 0 0 0 0 0 0 3.8000000000000003 0 0 0 0 0 0 0 0 0 0 0 0 0 0 9.600000000000001 0 0 0 0 0 0 0 0 0 0 0 0 
 24.400000000000002 11.4 40.2 21 30.200000000000003 33.6 25 60.800000000000004 7.6000000000000005 55.6 23 0 12.4 14 64.2 9.600000000000001 52.800000000000004 71.8 10.600000000000001 22.200000000000003 18 15.4 14.8 0 0 0 0.4 17.8 0 0 0 14.8 0 14.8 0 15.200000000000001 0 0.4 4.6000000000000005 23.8 0 0 0 0 0 0.2 0 0 0.4 0 0.6000000000000001 0 0.4 0 0 0 0.4 0 0 0 0.6000000000000001 0 1.2000000000000002 0 1.8 0 0.4 0 0 0 0 6 0 0.6000000000000001 0 0 0 0.6000000000000001 0.6000000000000001 9.4 2.6 5.4 5 1.8 2 4.4 2.4000000000000004 2 0.2 6 0 3.4000000000000004 1.8 0 3.6 4 5.800000000000001 5 0 0 0 5 0 0 0 0 0 3.6 1.8 0 0 0 4 2.4000000000000004 3 0 0 0 5.800000000000001 0 0 0 0 0 0 0 0 0 0 0 0 0 0 0 0 0 0 0 0 0 0 0 0 0 0 0 0.8 0 0 0 0 0 0 0 0 0 0 0 0 0 0 0 1.2000000000000002 0 4 0.8 0 0 2.2 0 3.6 8.6 0 0 1.8 5.4 2.2 1.2000000000000002 0 0 5.4 0 0 2.2 0 0 0.4 0 1.4000000000000001 0 0.2 0 0 5 3.6 0.2 0 0 0.4 2.8000000000000003 0 0.4 0 0 0 0 0 0 0 0 0 0.2 0 0 0 0 0 0 0 0 0 0 0 0 0.4 0 0 0 0 0 0 0 0 0.4 0 0 0 0 0 0 0 1.8 0.8 0 0 0 0.4 0 18 1.8 0.4 1.2000000000000002 2.2 0 0 0 0 0 0 0 0 0 3 0 0 0 0 0 0 0 0 0 0 0 0 0 0 3 0 0 0 0 0 0 0 0 0 0 0 0 
 44 31.400000000000002 66.8 71.60000000000001 13.4 10 40.800000000000004 99.4 18.2 15.200000000000001 26 12.4 0 53.6 8.6 11 23.200000000000003 25.6 37.2 32.6 0 0.6000000000000001 0 0 0 0 0 0 1 0 0 0 0 0 0 0 0 0 0.2 0 0 0 0 0 0 0.2 0 0 0.4 0 0.4 0 0.4 0 0 0.4 0 0 0 0 0.6000000000000001 0 0.6000000000000001 0 0.6000000000000001 0 0.4 0 0 0 0 0 0 0.2 0 0 0 0.6000000000000001 0.6000000000000001 0 5.4 6.2 3.2 2.8000000000000003 0 0 4 1.8 0 0 0.8 3.6 3 7.6000000000000005 4.6000000000000005 0 3.6 8.200000000000001 0 2.2 0 0 0 0 0 0 0 0 0 0 0.2 0 0 0 0 0 0 0 0 0 0 0.4 0 0 0 0 0 0 0 0 0 0 0 0 0 0 0 0 0 0 0 0 0 0 0 3 0.2 0 0 0 0 0 0 0.4 0 0.2 0 0 0 0 5.2 2.2 0 3.6 0 0 1.8 0 2 3.2 0 0 0.8 0.2 0 0 0 0 9.200000000000001 2.2 0 0 0 0 0 0 0 0 0 0 0 0 0 0 0 0 0 0 0.2 0 0 0 0.4 0.2 0 0 0 0 0 0 0 0 0 0 0 0 0 0 0 0 0 0 0 0 0 0 0.4 0 0 0 0 3 0 0 0 0.2 0 0 0 0 0 0 0 0 0 0 0.4 0 0 17.400000000000002 0.4 1.4000000000000001 0 0 0 0 0 0 0 0 0 0 0 0 0 0 0 0 0 0 0 0 0 0 0 0 0 0 0 0 0 0 0 0 0 0 0 0 0 0 
 26 36.800000000000004 30.400000000000002 19.6 60.400000000000006 9.4 93 120.80000000000001 53.800000000000004 63.6 41 14 53.6 0 73.60000000000001 24.6 28.200000000000003 45 30.8 40.400000000000006 0.6000000000000001 1 0 0.6000000000000001 0 0 0 0 0.6000000000000001 0 0.2 0.6000000000000001 0.6000000000000001 0 0.6000000000000001 0 0.2 0.6000000000000001 0.4 0 0 0.6000000000000001 0 0 0 0.2 0 0 0.4 0 1 0 0.4 0 0 0.4 0 0 0.2 0.6000000000000001 0.6000000000000001 0 2.2 0 0.6000000000000001 0.4 0.4 0 0.4 0 0 1.6 0 0.2 0 0.6000000000000001 0 0.6000000000000001 0.4 0 9.8 2.8000000000000003 4.800000000000001 1.4000000000000001 2.8000000000000003 0 4 7.2 0.2 7 2.2 4.4 2.4000000000000004 1.6 7.6000000000000005 8.4 3 0.4 2.8000000000000003 6 0 0 0 0 0 0.2 0 0 0 0 0 0 0 0 0 0 0 0 0 0 0 0 0 0 3.4000000000000004 0 0 0 0 0.4 0 0 0 0 0 0 0 0.4 0 0 0 0 0 2.8000000000000003 0.6000000000000001 0.2 0 0.8 0 0 0 0 0.4 0 0 0 0.4 0 0 0 3 2.6 0 3.8000000000000003 0 0.2 1.8 0 3 1.8 0.4 3.4000000000000004 2 3.6 6.2 4 0 2.2 3 0.2 0 0 0 0 0 0 0 0 0 0 0 0 0 0 0 0 0.4 0 0.8 0 0 0 0 3 0.4 0 0 0.4 0.4 0 0 0 0 0 0 3 0 0 0 0 0 0 0 0 0 0 0 0 0 0 0 0 0 0 0 0 0 0 0 0 0 0 0 0 0 0.4 0.2 0.2 0 9.4 0.2 4.2 0.8 0 0 0 0 0 0 0 0 0 0 0 0 0 0 0 0 0 0 0 0 0 0.6000000000000001 0 2 0 0 0 0 0 0 0 0 0 0 0 0 0 
 24.8 13 7.2 31.400000000000002 31.6 7.4 24.6 91.2 16.400000000000002 58.400000000000006 18.6 64.2 8.6 73.60000000000001 0 13.200000000000001 17.6 3 18.8 35.6 0 0.6000000000000001 0.4 0 0.2 0 0 0 0.4 0.4 0.6000000000000001 0 0 0 0 0 0.2 0 15.200000000000001 15.600000000000001 0 0 0 0 0 0.4 0 0 0.4 0 0.4 0 0.4 0 0 0 0 0 0 0 1 0 0.6000000000000001 11 0.6000000000000001 0 0.6000000000000001 0 0 0 0 0 0 0.2 0 0 0 1.6 1 0 1.8 5.6000000000000005 7.800000000000001 2.6 0.2 2.6 4 0 1.8 5.2 0 0 0 0.2 0 1.4000000000000001 0 6.6000000000000005 0 0 0 0 0 0 0 0 1.8 0 0 0 0 0 0 0 0 0 0 0 2 0 0 0 0 0 0 0 0 0 0 0 0 0 0 0 0 0 2.6 0 0 0 0 0 0 0 0 0 0 0.2 1 0 0 0 0 0 0 0 0 0 0 0 0 3.6 2 7.4 0 0 0 1.6 5.2 13.600000000000001 0 1.8 0 4.2 0 2.4000000000000004 0 0 3.8000000000000003 7 0 0 0 0 0 0 0 0 0 0 0 0 0 0 0 0 0 0 0 0 0 0 0 0 0 5.800000000000001 0 0 0 0 0 1 0 0 0 1.2000000000000002 0 0 0 0 0 0 0 0 0 0 0 0 0 0 0 0 0 0 0 0 2.6 0 0 1.4000000000000001 0 0 0 0 0 0.4 17.6 0 6.4 0 0 1.6 0 0 0 0 0 0 0 0 0.2 0 0 0 0 0 0 0 0 0 0 0 0 0 0 2 0 0 0 0 0 0 0 0 0 0 0 0 0 0.2 
 22.200000000000003 27.6 83.2 38.6 16.2 29.8 57.800000000000004 7.800000000000001 7 51.800000000000004 14.200000000000001 9.600000000000001 11 24.6 13.200000000000001 0 46.800000000000004 41.400000000000006 6.2 16.6 0 0.6000000000000001 0.2 0 0 0 20.400000000000002 0 0.4 0 0 0 0 0 0 1.2000000000000002 0 0 0 0 1.2000000000000002 0 0 0 0 0.4 0 0.6000000000000001 0.4 0 0.6000000000000001 0 0.4 0.6000000000000001 0 0.4 0 0 0 0 0.6000000000000001 0 0.6000000000000001 0 0.6000000000000001 6.800000000000001 0.4 0 0 0 0 0 0 0.6000000000000001 0.6000000000000001 0 0 0.6000000000000001 0.6000000000000001 0 7.6000000000000005 3.4000000000000004 3.2 3.2 6.4 0 0.2 5 4.2 12 12 4.6000000000000005 2 2.2 20 3 2.8000000000000003 0.2 0 4.6000000000000005 0 0 0 0 2.2 0 0 0 0 0.2 0 0 2 0 0 2 0 0 0 2.8000000000000003 0 0 0 0 0 0 0 0 0 0 0 0 0 0 0 0 3.6 0 0 0 0 0 0 0 0 0 0.2 0 0 0 0 0 0 0 0 0 0 0 0 0 2.6 4.2 0.4 0 8.200000000000001 0 0 0 1.6 5.800000000000001 0 0 2 4.6000000000000005 2.8000000000000003 0 0.4 12.600000000000001 0 5 0.4 0 0 0 0 10.200000000000001 0 0 0 0 0 0 0.2 0 0 0 4.6000000000000005 0 0 4.2 0 0 0 0 0 0 0.4 0 0 0 0 0 0 0 0 2.8000000000000003 0 0 0 0 0 0 0.2 0 0 0 0 0 0 0.4 0 0 0.4 0 0 0 0 0 0 0 0 0 0 0 0 0.4 0 0 0 17.6 1.4000000000000001 1.2000000000000002 0 0 0 0 0 0 0 0 0 0 0 0 0 0 0 0 0 0 0 0 0 0 0 0 8 4.2 0 0 0 0 0 0 0 0 0 0 0 0 
 43.2 25.400000000000002 16.2 46.400000000000006 32.4 14.200000000000001 10.4 9.200000000000001 31.8 68.8 19.8 52.800000000000004 23.200000000000003 28.200000000000003 17.6 46.800000000000004 0 20.400000000000002 7.6000000000000005 22.6 0 1.2000000000000002 0.4 0 0 0 15 0.2 1 0.6000000000000001 0 0 0 0 0 0 0 0 15.200000000000001 0 0.6000000000000001 0.4 0.6000000000000001 0 0 0.4 0 0.4 0.4 0.6000000000000001 0.6000000000000001 0.6000000000000001 0.4 0 0 0.4 0 0 0 0 0.6000000000000001 0.2 1.4000000000000001 0.4 1 0.4 0.4 0.4 0.4 0.4 0 0.2 0 0.6000000000000001 0.2 0.4 1.2000000000000002 1 0.6000000000000001 0 6.4 5 11.4 0.2 4.4 0.2 0 0 5 8.6 5.2 2.6 0 0 5.2 6 2.4000000000000004 6 0 0 0 0 0 0 0 0 2 0 0 0 0 0 4 0 0.2 1.4000000000000001 0 0 1.8 3 0 0 0 0 0 0 0 0.2 0 0 0 0 0 0 0 0 0 0 0 0 0 0 0 0 0 0 0 0 0 0 0 0 0 0 0 0 0 0 0.4 0 0 0.2 2.8000000000000003 0 5 0 2.8000000000000003 0 2 2.4000000000000004 1.4000000000000001 1.2000000000000002 4.800000000000001 0 5.6000000000000005 8.200000000000001 1.4000000000000001 3 0 0.2 0 0 0 0 0 0 0 0 0 0 0 0 0 0 0 0 0 0 0 0 0 0 0 0 0 0 0 0 0 0 0 0 0 0 0 0 0 0 0 0 0 0 0 0 0 0 0 0 0 0.4 0 0 0.4 0 0 1.8 0 0 0 0 0 0 0 0 0 1 0.4 0 9.200000000000001 0.2 0.2 3 0 0 0 0 0.2 0 0 0 14.4 0 0 0 0 0 0 0 0 0 0 0 0 0.2 0 0 2.2 0 0 0 0 0 0 0.2 0 0 0 0 0 0.2 
 23.400000000000002 25.8 46 42.6 10.8 75.60000000000001 17.8 8.6 29.6 37.4 61.400000000000006 71.8 25.6 45 3 41.400000000000006 20.400000000000002 0 7.4 49.800000000000004 0.4 0.6000000000000001 41.400000000000006 0 0.4 17.2 15.4 0 0.4 0 0.6000000000000001 0 0.2 0 0 0 0.2 0.6000000000000001 0.4 16.400000000000002 1 0 0 0.6000000000000001 0 0.4 0.4 0 1 0 0.8 0.4 0.4 1.2000000000000002 0.4 0.2 0 0 0 0 0.6000000000000001 0.4 0.6000000000000001 0 0.6000000000000001 0 0.4 0 0 0.6000000000000001 0 0 0.4 0.4 0.2 0.6000000000000001 0.2 0.6000000000000001 0.4 0 1.6 3.8000000000000003 6.2 5.6000000000000005 0 1.8 6.6000000000000005 3 7.6000000000000005 6.2 4.800000000000001 11.4 4.4 1.2000000000000002 3 0 8 0 0 6.6000000000000005 0 2.6 0 0 0 0 0 0 0 0 0 0 0 10.200000000000001 0 5.2 0.2 0 9.4 0 0 0 0 0 0 0 0 0 0 0 0 0 0 0 0 0 0 0 0 0 0 1.8 0 0 0 0 1.8 0 0 0 0 0 0 0 0 0 0 0 0 0 0 0 2.8000000000000003 2.6 4.2 3.4000000000000004 2.6 0 4.6000000000000005 6.6000000000000005 0 8.8 0 2.4000000000000004 1.8 2.6 0 0 2.2 3.6 4 0 0 0.4 0 0 0 0 0 0 0 0 0.2 2.2 5.800000000000001 0.2 0 0 0 8 0 0 0 0 0 0.4 0 0 0 0 0 0 0 0.4 0 0 0 0 0 0 0 0 0 0 0 0 0 0 0 0 0 0 0 0 0 0 0 0 0 0 0 1.4000000000000001 0 0 0 0.6000000000000001 17.2 0 0.4 26.200000000000003 0 1 1.8 0 0 0 0 0 0 0 0 0 3.8000000000000003 0 0 0 0 0 0 0 0 0 0 0.2 0 0 0 3.4000000000000004 0 0 0 0 0 0 0 0 0 0 0 0 
 7.2 31.8 9.200000000000001 17.400000000000002 13.600000000000001 10 33.4 37.4 18.2 18 51.6 10.600000000000001 37.2 30.8 18.8 6.2 7.6000000000000005 7.4 0 146.6 0 1 0.2 0 0 0 0.2 0 0.6000000000000001 0 0 0 0 0 0 0 0 0 0 0 0 0 0 0 0 0.2 0 0 0.4 0 0.6000000000000001 0 0.4 0.2 0 0.2 0 0 0 0 0.4 0 0.6000000000000001 0 0.4 0 0.4 0 0 0 0 0 0 0.6000000000000001 0.2 0 0 0.4 0.6000000000000001 0 3.2 4.6000000000000005 1.4000000000000001 0 0 0 9.200000000000001 6.6000000000000005 2.4000000000000004 0 2.2 0 0 6.800000000000001 2.4000000000000004 3 3.6 0 8.6 11 0 0 0 0 0 0 0 0 0 0 0 0 0 0 0 0 5.6000000000000005 0.2 0 0 0 0 0 0 0 0.4 0 0 0 0 0 0.4 0 0 0 3 0 0 0 2.2 0 0 0 0 0 0 0 3.8000000000000003 0 0 0 0.4 0 0 0 0 0 0.4 0 0 5.2 0 0 0.2 0.4 0 4.2 0 0 0 0.2 0.8 7.800000000000001 0 2.4000000000000004 2.8000000000000003 0 2.6 0 0 0 0 0 0 0 0 0 0 0 0 0 0 0 0 0 0 0 0 0 0 1.8 0 0 0 0 0.4 0 0 0 0 0 0 0 0 0.2 0 0 0 0 2.8000000000000003 0 0 0 0 0 0 1.8 0 0 0 0 0 0 0 0 0 0 0 0 0 0 0 0 0 0 0.2 0.4 0 0.4 0 0 3 0 0 0 0 0 0 0 0 0 0 0 0 0 0 0 0 0 0 0 0 0 0 0 0 0 0 0 0 0 0 0 0 0 0 0 0 0 0.4 
 27 41 7.6000000000000005 15 19.8 14.4 16.8 65.60000000000001 18.8 66.4 13.600000000000001 22.200000000000003 32.6 40.400000000000006 35.6 16.6 22.6 49.800000000000004 146.6 0 1.2000000000000002 0.6000000000000001 0.2 1.2000000000000002 0.4 0 1 0.4 0.4 0 0 0.4 14.600000000000001 0 0 0 0 0.4 0.6000000000000001 0.4 0 0 0.8 12.8 0 0 0 0 0.4 0 1.4000000000000001 0 0.4 0 0 0.4 0 0 0 0 3.4000000000000004 0 0.6000000000000001 0 0.6000000000000001 1.6 0.4 0 1.2000000000000002 0 0 0.8 0 0.6000000000000001 0 1.2000000000000002 0 0.6000000000000001 0.6000000000000001 0 0 0.2 3.6 0 0 0 6.6000000000000005 1.2000000000000002 1 0 3.8000000000000003 0 2.8000000000000003 0.6000000000000001 10.8 0 2.2 0 2 4.4 0 0 0 0 0 0.4 0 0 0 0 0 0 0 0 0 0 0 0 0 0 0 0 0 0 0 0 0 0 0 0.2 0 0 3.8000000000000003 0 0 0.2 0 0 0.4 0 0 0 0 0 0.2 0.4 0 1.2000000000000002 0 0 13.600000000000001 0 0 0 0 0 0.2 0 0 0 2.4000000000000004 1.6 0 2.8000000000000003 2.2 0 5.800000000000001 2.8000000000000003 0 2.8000000000000003 2.2 1 4 3.6 4.4 0.6000000000000001 0 6.4 4 2.2 0 0 0 0 0 0 0 0 0 0 0 0 0 0 0 0 0 0 0 0 0 0 0 0 0.2 0 0 0.2 0 0 0 0 0 0 0 0 0.4 0 0 0 0 0.2 0 0 0 0 0 0.2 0 0 0 0 0 2 0 0 0 0 0 8.200000000000001 0 0 0 0 0 0 0 0 0 0.4 0 2 0 0 0 5 0 0 0.4 0 0 0 0.2 0 0 0 0 0 0 0.2 0 0 0.4 0 0 0 0 0 0 0 0 0 0 0 0 3.6 0 0 0 0 
 0 0 0 5.6000000000000005 16 15.600000000000001 0 0 0 0.2 0 18 0 0.6000000000000001 0 0 0 0.4 0 1.2000000000000002 0 30.200000000000003 48 8 6.800000000000001 9 29.200000000000003 48.400000000000006 6.6000000000000005 27.8 4 25.200000000000003 71.60000000000001 61 12.200000000000001 11 45.400000000000006 38.800000000000004 24 24.8 0 0.2 0 0 12.200000000000001 0.2 0 0 0.6000000000000001 0 0 0.6000000000000001 0.2 0 0.4 0.2 0 0.2 0 0 0 0 0 0.4 0.6000000000000001 0 0.6000000000000001 0.6000000000000001 0.4 0.2 0 0 0 0 0 0.6000000000000001 3 0.4 0.4 0 0 2.8000000000000003 0 0 0 6.4 0 0 0 0 0 0 0 0 0 0 0 0 0 0 7.800000000000001 0.6000000000000001 7.800000000000001 0 1.4000000000000001 0.4 0 13.8 1 2 0 0.2 2.2 3.8000000000000003 1.4000000000000001 4 5.4 3.2 5.800000000000001 0 0 0 0 0 0 0 0 0 0 0 0 0 0 0.2 0 0 0 0 0 0.2 0 2 0 0 0 0 0 0 0 0 0 0 0 0 0 0 0 0 0 0 0 0.4 0.4 0 0 6 0 0 0 0 1.2000000000000002 0 0 0 3 0 1.2000000000000002 0 0 0.4 3.4000000000000004 8 5.2 6.800000000000001 1.4000000000000001 0 4.4 4.800000000000001 3.8000000000000003 0.2 0 5.6000000000000005 4.6000000000000005 2.8000000000000003 4.2 1.4000000000000001 5.800000000000001 0.2 3.8000000000000003 3.6 0 0 0 0 0 0 0 0 0 0 0 0 0 0 0.2 0 2.6 0 0 0 0 0 0 1.8 0 0 0 0 0 0 0 0 0 0 0 0 0 0 0 0 0 0 0 0 0 0 0 0 0 0 0 0 0 0 1 0 0 15.600000000000001 0 0.4 0 0.2 0 0 0 0 0 0 0 0 0 0 0 0 0 0 0 0 0 0 0 0 0 0 0 2.8000000000000003 2 0 0 0 
 0.6000000000000001 0.6000000000000001 1.4000000000000001 0.6000000000000001 31 15.200000000000001 0.6000000000000001 0.6000000000000001 0.6000000000000001 0.6000000000000001 0.6000000000000001 15.4 0.6000000000000001 1 0.6000000000000001 0.6000000000000001 1.2000000000000002 0.6000000000000001 1 0.6000000000000001 30.200000000000003 0 37.2 17.8 69.4 5.6000000000000005 78 43.800000000000004 12 24.400000000000002 25 40.6 37.4 23.6 22.8 52.400000000000006 36 65.2 29 23.400000000000002 1.2000000000000002 0 13.4 0 13.200000000000001 0.4 0 0 1.2000000000000002 0 0 0.6000000000000001 18.8 0 2 0 0 0 15.600000000000001 0 0 0 0 0.6000000000000001 0.6000000000000001 0 0.6000000000000001 0.6000000000000001 1 0 0 0 0 0.2 0 1.4000000000000001 3 0 0.4 0 0 0 0 0 0 2.2 0 0 0 0 0 0 0 0 0 0 0 0 0 0 4.800000000000001 0 3.6 1.6 0 0 3.8000000000000003 0 4.2 5.2 1.6 5 0.6000000000000001 9.8 0.8 3.2 0 11.600000000000001 0 3 0 0.2 0 0 0 0 0 2.4000000000000004 0 0 0 0 0 3 8.4 0 0 0 2 5.2 0 0 0 0 3.4000000000000004 0 0 0 0 0 0 0 0 0 1 2 0 0 0 0 0 0 0.8 0 0 0 0 0 0 0 0 0 0 0 0 0 0 0 0 0.2 1.6 0 0 3.8000000000000003 9.4 0.4 6.800000000000001 0.4 1 0.4 3.2 4.2 2.4000000000000004 3.8000000000000003 1 0.4 5.800000000000001 0 2 7.4 0 2 0 0 0 0 0 0 0 0 0 0 0 1.6 9.8 0.2 0 0 1.4000000000000001 0 0.6000000000000001 0 0 0 0 0 0 0 0 0 0 0 0 4.4 0.4 0 0 1.2000000000000002 0 0 0 0 0 0 0 0 0 0 0 0 0 0 0.4 0 0.8 0 0 16.2 0 0.4 0.4 0 0.4 0 0 0 0 0 0 2.4000000000000004 0 0 0 0 0 0 0 0 0 0 0 0 0 0 0 0 1.8 0 0 0 
 0 0 0.4 0 15.200000000000001 58 0 0 0 0.4 0 14.8 0 0 0.4 0.2 0.4 41.400000000000006 0.2 0.2 48 37.2 0 58.400000000000006 35.800000000000004 22.400000000000002 14.8 17 34.2 59.400000000000006 25 21.200000000000003 10.4 43.400000000000006 80.2 26.400000000000002 28.400000000000002 27.6 13.4 23.6 12.600000000000001 0 0 0 0 0.8 0 0 0.6000000000000001 0 0 0.6000000000000001 10.8 0.4 0 0 0 0 13.200000000000001 0 0 0 0 0.4 0.6000000000000001 0 0.8 0.6000000000000001 0 0 0 0 0 0 0.4 0.4 0.6000000000000001 0 0.8 0.4 0 0 0 0 0 1.8 0.4 0 0 0 0 0 0 0 0 0 0 0 0 0 4 0.4 8.4 3.4000000000000004 1.8 0 3.4000000000000004 3 3.2 7.4 9.8 4.2 0 0 0 0.4 1.4000000000000001 9.600000000000001 0 0 0 0.2 0 0 0 0 0 2.8000000000000003 0 0 0 0 0 4.4 1.8 0 0 0 5.6000000000000005 17.400000000000002 0.2 0.2 0 0 0 0 0 0 0 0 0 0.2 0 0.4 1.4000000000000001 0 0 0 0 0 0 0 0.4 0 0 0 0 0 0 0 0 2.2 0 0 0 0 0 0 0 0 0 0.2 1.6 7.2 3 0 0.2 6.800000000000001 8 2.8000000000000003 11 8.6 2 0 1.4000000000000001 2 7.800000000000001 5.4 5.4 0.2 0 0 0 0 0 0.2 0.2 0 0 0 0 0 4 1.8 2 0 2.2 0 1.8 0 0 0 0 0 0 0 0 0 0 0 0 0.4 0 0 0 0 0 0 1.8 0 0 0 0 0 0 0 0 0 0 0 0 0 0 0 3 0.4 0 1 0 0 0 0 0 0 0 0 1 0 0 0 0 0 0 0 0 0 0 0.2 0 0 0 1 0 0 0 0 0 0 0 0 
 0 0 0 0 0 0 0.8 0 0.4 0.4 0 0 0 0.6000000000000001 0 0 0 0 0 1.2000000000000002 8 17.8 58.400000000000006 0 37 73.2 15.4 30.400000000000002 61.400000000000006 19.200000000000003 27 24.400000000000002 13.600000000000001 60.400000000000006 25.8 22.6 14.8 9.4 59.2 11.200000000000001 12.200000000000001 0 0 0 0 0.4 0 0 0.6000000000000001 0 0 0.4 23.6 0.4 0 0 0 0 45.800000000000004 42 0.2 0.2 0 0.4 0.6000000000000001 0 0.6000000000000001 0.6000000000000001 0 0 0 0 0 0 0 0 0 0 0.4 0 0 0 0 0.2 0 0 0 0 0 2.8000000000000003 0 0 0 0 0 0 0 0 0 0 1.8 9.200000000000001 13.200000000000001 5.6000000000000005 1.4000000000000001 9.600000000000001 0.2 15 7.6000000000000005 3.4000000000000004 3.2 11 0 0 0 0 2.2 3 0 0 0 3.2 2.2 0 0 0 0.2 3.4000000000000004 7.800000000000001 0 0 0 5.4 2.4000000000000004 1.8 0 1.8 0 6 9.8 0 0 0 0 0 0 0 0 0 0 0 0.2 0 0 1 0 0 0.4 0 0 0 0 0 0 0 0 0 0 0 0 0 0 0 0 0 0 0 0 0 0 0 2.8000000000000003 1.2000000000000002 2.2 3 0.2 0.2 0 5.2 4.6000000000000005 18.2 3.2 0 0 2.6 3.6 5.800000000000001 4.2 0 0 2.4000000000000004 0 3 0.4 0 0 5.4 0 0 0 0 0.2 2.2 2.6 4.6000000000000005 1.4000000000000001 0 8.6 8 4.2 0.4 0 0 0 0 0 0 0.4 0 0 0 0 0 0 0 0.2 0 0 0 0 0 0 0 0 0 0 0 0 0 0 0 0 0 0 2.4000000000000004 0 0.6000000000000001 2.4000000000000004 1 0.6000000000000001 0 0 0 0 0 0 3 0 0 0 0 0 0 0 0 0 0 0 0 0 0 3.8000000000000003 0 0 0 0 0 0 0 0 
 0 0 0.6000000000000001 0.2 0 0 0 0 0 0 0 0 0 0 0.2 0 0 0.4 0 0.4 6.800000000000001 69.4 35.800000000000004 37 0 82 10.8 16.2 49.2 20.6 33 37.2 15.600000000000001 61.400000000000006 22.200000000000003 75 31.400000000000002 24.200000000000003 12.8 14.8 14.4 1.2000000000000002 0 0 1.2000000000000002 0.4 0 0 0.6000000000000001 0 0 13.4 10.8 0 0 0 2.8000000000000003 1.8 14 0 0 0 0 0.4 0.6000000000000001 0 0.6000000000000001 0.6000000000000001 0 0 0 0 0 0.2 0 0 1 0 0.4 0 0 0 0 0 0 0 0 0 0 0 0 0 0 0 0 0 0 0 0 0 0.2 0 6.4 5.800000000000001 2 0 2.6 2.2 2 4.800000000000001 6.2 2 0.2 0 0 0 3.2 6.4 0 0 0 0.2 2.6 4 4 0 3.6 3.8000000000000003 0 0 0.4 3 0 6.4 4.800000000000001 0 0.2 0 4.800000000000001 9 0 0 0 0 0 0 0 0 0 0 0 0 0 0 8.6 0 0 0 0 0 0 0 0 0 0 0 0 0 0 0 0 0 1.8 0 0 0 0.8 0 0 0 0 0.2 0 1.6 3 0.4 0.2 2.8000000000000003 2 2.2 4.2 7.6000000000000005 0 0 0 1.4000000000000001 4 4.800000000000001 0 0 0 0 0 0 0 0 0 2.8000000000000003 0 0 0 0 3.6 2.6 8.6 0 0.2 0.4 1.4000000000000001 0 0 0 0 0 0 0 0 0 0 0 0 0 0 0 0 0 0 0 0 0 0 0 0 0 0 0 0 0 0 0 0 0 0 0 1 0.4 0 1 14.8 1 0.4 0 0 0 0 0 1.8 0 0 0 0 0 0 0 0 0 0 0 0 0 0 0 0.2 0 0 0 0 0.2 0 0 
 0 0 0 0 0 0 0 0.4 0 0 0 0 0 0 0 0 0 17.2 0 0 9 5.6000000000000005 22.400000000000002 73.2 82 0 10.600000000000001 18.2 59.400000000000006 28.8 56.400000000000006 67.4 6.800000000000001 10.8 14.200000000000001 17.6 38.6 55.800000000000004 9.8 66 16.400000000000002 0 0 0.4 0 0.8 5.4 0.2 13.4 0 0 0.6000000000000001 0 0 15 0 0 0 0.2 12.4 0 0 0.8 0.8 0.6000000000000001 0.4 0.8 0.6000000000000001 0 0 0 0 0.4 0 0 10.200000000000001 1 0.4 0.4 0 0 0 0 0 0 0 0 0 0 0 0 0 0 0 0 0 0 0 0 0.4 0.2 0.2 1.6 2.4000000000000004 1.8 2.2 2 4.4 0 2.4000000000000004 8.200000000000001 2.6 0 0 0 0 1.2000000000000002 5.800000000000001 0 0 0 2.6 2.4000000000000004 0 0 0 0 0 1.8 2.8000000000000003 0 0 8.6 2 0 0 4.2 0 5 8.200000000000001 0 0 0 0 0 0 0 0 0 4.4 0 0 0 0 0 0 0 0 0 0 0 0 0 0 0 0 0 0 0 0 0 0 0 0 0 0 0 0 0 0 0.2 3.6 0 0.2 3 4.2 0 3.8000000000000003 2.8000000000000003 7 3.4000000000000004 5.2 0 0 0 2.6 0 5.4 0 0 4.4 0.2 0 2 1.8 0 3.2 0 1.8 0 0 0 3 1.4000000000000001 8.4 2.2 0 2.6 3.4000000000000004 3.8000000000000003 0 0 0 0 0 0 0 0 0 0 0 0 0 0 0 0 0 0 0.2 0 0 0 0.2 0 0 0.4 0 0 0 0 0 0 0 0 4.4 0.2 0 0.4 16.6 0 1.4000000000000001 0 1.4000000000000001 0 0 0 1.6 0 0 0 0 0 0 0 0 0 0 0 0 0 0 0.2 0 0 0 0 0 0 0 0 
 0 0 0.6000000000000001 1.6 14.8 17.8 0.2 0 15 0.2 2.8000000000000003 0.4 0 0 0 20.400000000000002 15 15.4 0.2 1 29.200000000000003 78 14.8 15.4 10.8 10.600000000000001 0 37.800000000000004 79.2 65.2 71.60000000000001 27.400000000000002 83.60000000000001 78 8.6 19.6 41.2 48.6 12.600000000000001 13 0.2 0 0 0 0 0.2 0 0 0.6000000000000001 0 0 0.6000000000000001 0 0 0 0 0 0 0 0 0 0 0 0.4 0.6000000000000001 0 0.6000000000000001 0.6000000000000001 1 0 0 0 0 0 0 1.2000000000000002 12.8 0 0.4 0 0 0 0 1.8 0 0 0 2.2 2.8000000000000003 6.6000000000000005 0.2 2.8000000000000003 0 0.2 0 0 5.800000000000001 0 0 0 2 6.800000000000001 4.2 0 4.4 2.6 4.6000000000000005 0 0 2.4000000000000004 2.2 1.8 7.4 3.6 0 3.6 5 0.2 4 0 0 0 0 0 0 0 0 0 0 0 0 0 0 0 2 0 0 0 3.4000000000000004 0 0 0 0 0 0 0 1.2000000000000002 0 1 0 0 0 1.8 0 0 0 0 0 0 0 0 0 2 0 0 2 0 0 0 6.2 0.2 2 0 0 1 0 0 3.4000000000000004 0 1 3.2 4 7.6000000000000005 2.4000000000000004 4 4 1.8 5.800000000000001 2.2 5 0 2.2 9.8 0.4 8 2.8000000000000003 1.4000000000000001 0.2 0 6.6000000000000005 0 0 0 0 0 0 0 1.6 0 0 0 0 0 0 0 0 0 0 0 0 0 0 0 0 0.4 0 0 0 0 0.2 0 0 0 0 0 0 0 0 0 0 0 2.8000000000000003 0 0 0 0 15 0 0 0 0 0 0 0 3.2 0 0.2 27.6 0 0.4 2.6 0.4 0 0 0 0 0 0 0 0 0 0 0 0 0 0 0 6.4 0 1.4000000000000001 0 0 0 0 0 0 2.2 0 0 0 
 0 0 0.4 16.6 0.2 14.600000000000001 0 0.4 0 0 15.4 17.8 0 0 0 0 0.2 0 0 0.4 48.400000000000006 43.800000000000004 17 30.400000000000002 16.2 18.2 37.800000000000004 0 63.400000000000006 38.2 7.4 17.8 39.800000000000004 38.800000000000004 15 24.400000000000002 31.200000000000003 34 14.8 50.400000000000006 0 0.4 0 0 0 0.4 0 0 0.4 0 0 0.4 0 0 0 0 12.8 0 0 0 0 0 0 0.4 0.6000000000000001 0.6000000000000001 0.6000000000000001 0.6000000000000001 3 0 0 0 0 0 0 1.6 2.2 0 0.4 0 0 0 0 0 0 0 0 0 0 0 0 0 0 0 0 0 0 0 0 0 1.8 11.200000000000001 2.2 2 3.4000000000000004 2.6 4.6000000000000005 0.6000000000000001 3.4000000000000004 6 5.4 4.4 2.2 4.800000000000001 0 4.6000000000000005 0 7.4 1.6 0 0 0 0 0 0 0 0 0 0 0 0 0 0 0 0 0 0 0 1.8 4 0 12 0 0 0 0 1.2000000000000002 0 0 0 0 0 0 0 0 0 0 0 0 0 0 0 0 0 0 0.4 0 0 0 0 0.8 0 0 0 0 0.2 0 0 0 0.6000000000000001 5.4 4.800000000000001 6.2 4.800000000000001 10.4 3 4 8 5 6.2 0.4 13.8 2.2 3.8000000000000003 2.8000000000000003 1.8 1 2 0.2 3 1.6 0 0 0 0 0 0 0 0 0 0 0 0 0.2 0 0 0 0 3.4000000000000004 0.2 0 0 0 0 0 0 0 0 0 0 0 0 0 0 0 0 0 0 0 0 0 0 0 0 0 0 0 0 0 0 0 0 0 0 1 0 0 13 0 0.6000000000000001 0 0.4 1.6 0 0 0 0 0 0 0 0 0.4 0 0 0 0 0 0 0 2.4000000000000004 0 0.6000000000000001 0 0 0 0 0 0 0 0 
 0.2 0.2 0 0 22.200000000000003 0.4 0.4 0.2 0.2 0.2 0 0 1 0.6000000000000001 0.4 0.4 1 0.4 0.6000000000000001 0.4 6.6000000000000005 12 34.2 61.400000000000006 49.2 59.400000000000006 79.2 63.400000000000006 0 35.6 21.400000000000002 97.60000000000001 30.8 60.400000000000006 32.2 49.400000000000006 40.6 21.400000000000002 15 79 1.2000000000000002 2 0 0.4 0 0 0 0 0.6000000000000001 0 0 1 0.4 12.4 1.2000000000000002 1.8 0.6000000000000001 0.4 0 41.6 0.8 0 1 0.4 1 0 1.8 1.4000000000000001 4.6000000000000005 0 0 0 0.6000000000000001 0 1.2000000000000002 0.4 2.8000000000000003 0 5.4 0.8 0 0 0 0 0 0 0.2 0 0 0 0 0 0 0 0 0 0 1.6 0 0 2.4000000000000004 1.4000000000000001 2.2 0 5 3.2 0.6000000000000001 2 0 14.200000000000001 4.4 4.2 1.6 0 0 0 4.4 1.2000000000000002 0 0 0.4 0 0 0 0 0 0.2 0 1.6 0 0 0 5.800000000000001 1.6 0 0 0 0 8.200000000000001 0.2 0 0.4 0 0 0 0.2 0 0 0 0 0 0 0 0.2 0 0 1.4000000000000001 0 0 0 0.4 0 0 0 0 0 0 0 0 0 0 0 1.6 0 0 0 0.4 0 0 0 1.8 5.2 1 2.4000000000000004 6 3 4.800000000000001 8.6 3.8000000000000003 10 2.4000000000000004 5.800000000000001 2.2 2.2 0.6000000000000001 1.4000000000000001 0 6 0 4.4 4 0 0.2 0 0 0.4 2.4000000000000004 0 0 0 0 0 0 0 0 0 0 2.4000000000000004 1.6 2.2 0 0 0 0 0 0 0 3 0 0 0 0.2 0 0 0.4 0 0 0 0 0 0 0 3.4000000000000004 0 0 0 0.4 0 0 0 0 0 0 0 2 0 0.2 35.4 3.2 0.8 0.4 0 0 0 0 0 11 0 0 0 0 0 0 0 0 0 0 0.4 0 3.2 0 2 0 0 0 0 0 0 0 0 
 0 0 0 1 1.2000000000000002 15.600000000000001 0 0 0.4 0 0 0 0 0 0.4 0 0.6000000000000001 0 0 0 27.8 24.400000000000002 59.400000000000006 19.200000000000003 20.6 28.8 65.2 38.2 35.6 0 37.4 31.400000000000002 119.60000000000001 45.6 21.200000000000003 95.4 45.800000000000004 125.4 18.2 23.8 0 0 0 0 0 0.4 0 0.2 0.6000000000000001 41.2 10.600000000000001 0.6000000000000001 0.2 17 13.4 0 0 1.2000000000000002 26 12.4 0 0 0 0.6000000000000001 0.6000000000000001 0 0.6000000000000001 0.6000000000000001 0.8 0 0 0.2 0 0 0 1.6 2.8000000000000003 0 0.8 0 0 0 0 0 0 0 0 0 0 0 0 0 0 0 0 0 0 0 0 0 1.6 1.8 0 0.2 0 5 4.4 0 0 4.2 4.800000000000001 5.6000000000000005 3 0 0 4.6000000000000005 0 6.2 1.8 0 2.8000000000000003 2.2 2 0 0 0.4 0 0 0 0 0 0 2 1.6 2.8000000000000003 0 0 0 8 0.2 0.4 0 0 0 0 0 0 0 0 0 0 0 0 0 3.6 0 0 0 0 0 0 0 0 0 0 0 0 0 0 0 0 0 2.4000000000000004 0 0 0 0 0 0 0.8 0.8 2.6 0.2 2 10.4 7.800000000000001 5.6000000000000005 4 4 15.600000000000001 4.4 4.4 1.8 0 2.2 1.6 0 0.2 0 2 2 0 0 0 0 0 2.4000000000000004 2.8000000000000003 0 0 0 0 0 0 2.6 0 0 0 1.6 2.4000000000000004 0 0 0 0 0 0 0 0 0 1.8 0 0 0 0 0 0 0 0 0 0 0 0 2.8000000000000003 0 0 0 0 0 0 0 0 0 0 0 2.6 0 0.4 2 0.2 0 0.6000000000000001 0.6000000000000001 0 0 0 0 0 0 0 0 0 0 0 0 0 0 0 0.4 0 0 0 2 0 0 0.2 0 0 0 0 0 
 0 0 0.4 0 0 0 12.8 0 0 0 0.4 0 0 0.2 0.6000000000000001 0 0 0.6000000000000001 0 0 4 25 25 27 33 56.400000000000006 71.60000000000001 7.4 21.400000000000002 37.4 0 13.4 64.2 6.6000000000000005 24.6 45.2 79.4 66.4 4.800000000000001 23.6 0 0 0 0 0 0.4 0.6000000000000001 0 0.6000000000000001 0 0 0.6000000000000001 12.4 25.400000000000002 0 0 0 0.2 9.200000000000001 0.2 0.8 0.8 0 0.6000000000000001 0.6000000000000001 1.8 0.6000000000000001 0.4 0 0 0 0 0 0 0 0 0 0 0 0 0 0 0 0 0 0 0 0 0 0 0 0 0 0 0 0 0 0 0 0 0 4.2 1.4000000000000001 4.6000000000000005 3.2 11.200000000000001 5.6000000000000005 0 4.800000000000001 2 0 8.8 1.6 0 0 1.8 0 4.4 0 0 8 0 0.4 0 3.6 0 3.8000000000000003 0.2 0 0 0 0 1.8 6.4 2.6 0 0 1.4000000000000001 2.4000000000000004 2.4000000000000004 0 0 0 0 0 0 0 2.8000000000000003 0 0 0 0 0 0 1.6 0 0 0 0 0 0 0 0 0 0 1.2000000000000002 0 0 0 0 0 0 0 0 6.2 0 0 0 0 1.2000000000000002 0 3 2 3.6 6.4 7.6000000000000005 0 3.8000000000000003 2 3 5.2 0 0 2.4000000000000004 4 0 6 1.8 0 0 0 0 0 0 0 0 5.800000000000001 2.4000000000000004 0 0 0 0 1.8 0 3.2 4.2 0 0 0 0 0 0 0 0 0 0 0 0 0 2.2 0 0 7 0 0 0 0 0 0 0 0 0 2.6 0 0 0 0 0 0 0 0 0 0 0 1 0 0.4 15.200000000000001 15 0 1.4000000000000001 0 0 0 0 0 0 0 0 0 2.6 0 0 0 0 0 0 0 0 2 0 0 0 0 0 0 0 0 0 0 
 0 0 0 0 0 0 0.2 0 0 0 0.4 14.8 0 0.6000000000000001 0 0 0 0 0 0.4 25.200000000000003 40.6 21.200000000000003 24.400000000000002 37.2 67.4 27.400000000000002 17.8 97.60000000000001 31.400000000000002 13.4 0 52.2 5 5.6000000000000005 8.8 33.800000000000004 30.200000000000003 8.200000000000001 24.200000000000003 0 0 0 0 0 0.2 0.6000000000000001 0 0.6000000000000001 0 0 0.6000000000000001 14 20.200000000000003 0 0 1 0.2 6 0.4 0 0 0 0.6000000000000001 0.6000000000000001 0 0.6000000000000001 0.6000000000000001 0.8 0 0 0 0 0 0 0.6000000000000001 1.8 0 0.4 0 0 0 0 0 0 0 0 0 0 0 0 0 0 0 4.2 0 0 0 0 0 2.2 2.6 2.4000000000000004 0.2 4 4.6000000000000005 5.6000000000000005 0 0 7.4 8.4 5 2.6 0.2 0 1.4000000000000001 3 2 0 0 5.800000000000001 0 1.4000000000000001 0 0 0 0.2 0 1.4000000000000001 0 0 0 2.2 2.6 4.6000000000000005 0 0 0 4.6000000000000005 2.4000000000000004 0 0 0 0 0 0 0 0 0 0 0 0 0 0 0.6000000000000001 0 0 0 0 0 0 0 0 0 0 0.2 0 0 0 0 0 0 0.6000000000000001 0 0.2 0 1 0 0 0 1.8 2.2 0.2 3.4000000000000004 7 2.4000000000000004 1.8 2.8000000000000003 0.2 8.8 1.6 5.4 0 2 1.8 0 0 2.6 0 2.6 0.2 2.2 0.2 0 0 0 0 5.800000000000001 0 0 0 0 1.8 0.2 2.4000000000000004 0 0 2 0 0 0 0 0 0 0 0 0 0 0 0 0 0 0 0 0 0 0 0 0 0 0 0 0 0 0 0 0 0 0 0 0 0 0 0 2.4000000000000004 0.2 0.6000000000000001 31.200000000000003 15.200000000000001 0.2 0.2 0 0 0 0 0 0 0 0 0 0 0 0 0 0 0 0 0 0 2 0 0 0 0 0 0 0 0 0 0 
