 0 32.800000000000004 30.6 46.800000000000004 11.4 48.400000000000006 94.2 9.8 9.8 40 20.6 7 24.400000000000002 26.200000000000003 72.4 49.2 34.800000000000004 4.800000000000001 61.2 7.4 0 0 0 0 0 0 0.8 0 0.2 0.8 0.4 0 0.4 0.6000000000000001 0 0.2 0 0 0 0 0 0 0 7.800000000000001 0 0.6000000000000001 0.2 0 0 0 0 0.6000000000000001 0.4 0 0.4 0 0 0.4 0 0 0 0 5.6000000000000005 0.4 0 0 0 0 0 0 0 10 0 0 0 6.2 0 0 0 0 4.2 11.8 6 0 5.800000000000001 0 2.4000000000000004 2.6 0.8 0.2 0 2.2 0 0 3.6 1.2000000000000002 6 0.2 2.2 2.2 0 0 2.2 0 0 0 0 0 0 0 0 0 9.8 0 0 0 0 0 4.4 0 0 0 0 0 0 0 0 0 0 0.4 0 0 0 0 0 0 0 0 0 0 0 0 0 0 0 0 0 0 1.2000000000000002 0 0 0 0 0 0 0 0 0 1 0 4.6000000000000005 0 6.4 6.2 1.4000000000000001 2.4000000000000004 2.2 4.4 3.8000000000000003 2.6 0 0.6000000000000001 0 0.2 4 8.6 5.6000000000000005 0 0 0 0 0 0 0 0 0 0 0 0 0 0 0 0 0 0 0 0 0 0 0 0 0 0 0 0 0 0 0 0 0 0 0 0 0 0 0 0 0 0 0 0 0 0 0 0 0 0 0 0 0 0 0 0 0 0 0 0 0 0 0 0 0 0 0 0 0 0.8 0.2 17.400000000000002 27.8 0 1.2000000000000002 0 0 0 0 0 0 0 0 0 0 0 0 0 0 0 0 12.4 0 0 0 0 0 0 0 2.8000000000000003 0 0 0 0 0 0 0 0 0 0 0 0 0 
 32.800000000000004 0 124.2 56 28.8 24 74 64 31.400000000000002 18 13.8 3 12.8 84.60000000000001 99.80000000000001 85.80000000000001 25 7.2 28.200000000000003 23.6 0 0 0.4 0 0 0 0.4 15.4 0 0.6000000000000001 0.2 15 0.8 1 0.2 0.2 0 0 0 14.8 13.4 0 0 0 0 0.6000000000000001 0.4 0 0 0 0 0.6000000000000001 0.6000000000000001 0 1 0 0 0.4 0 0 0 0 0.6000000000000001 0.4 0.8 0 0 0 0 0 0 0 0 0 0 0 1 0 0 0 2.6 5.6000000000000005 2.4000000000000004 3.6 0 3.2 0 3.6 4.800000000000001 0 3.6 0 1.6 2 3.4000000000000004 16.6 3.2 2.4000000000000004 0.2 2.6 0 0 0 0 0 3.2 0 0 0.4 0 0 0 1.4000000000000001 0 1.6 0 0 0 0 0 0 0 0 0 0 0 0 0 0 0 0 0 0 0 0 0 0 0 0 0 0 0 0.6000000000000001 0.4 0 0 0 0 0 0 0 0.4 0 0 0 0 0 0 0 0 2 0 6.4 4.2 0 0 11.200000000000001 9.600000000000001 2 0.4 6 0 4.2 9.8 7.4 0.8 0 6.2 0 6.800000000000001 0 0 0 0 0 0 0 0 0 0 0 0 2.6 0 0.2 0 0 0 0 1.4000000000000001 0.4 4.4 0 0 0 0 0 0 0.4 0 0 0 0 0.4 0 0 0 0 0 0 0 0 0 0 0 0 0 0 0 0 0 0 0 0 0 0 4.800000000000001 0 0 0 0 0 5.4 0 0 0 0 0.4 0 0.4 2.2 2.2 6 0 0 0 0 0 0 0 0 0 0 0 0 0 0 0 0 0 0 0 0 0 0 2.2 0 5.6000000000000005 0 0 0 0 0 0 0 0 0 0 0 0 
 30.6 124.2 0 32.4 52 9.200000000000001 57.800000000000004 23 127.60000000000001 128.6 9.8 24.200000000000003 38.6 44.2 17.8 15 66.60000000000001 16.6 20.6 48.2 0 0 0 12 0 0 0.4 0.4 0.2 1 0 0 0.8 1 0 0.4 0 0.6000000000000001 0.2 0 0 0 0 12.600000000000001 0 0.6000000000000001 0.2 0 0 0 0 4.800000000000001 0.4 0 0.6000000000000001 0 0 0.8 0 0 0 0 1.2000000000000002 0.4 0 0 0 0 0 0 0 0 0 0 0 0 0 1 0 0 4.4 7 1.8 2 1.4000000000000001 4 2 4.2 4 7.800000000000001 3.6 1.6 0 0.2 0 0.4 5.800000000000001 0 2.4000000000000004 0 0 0 0 0 0 0 0.2 0 0 0 0 0 3.6 0 0 0 0.4 0 0 3.8000000000000003 0 0 1.6 0 0.4 0.4 0 0 0 0 0 0 0 0 0 0 0 0 0 0 0 0 1.2000000000000002 1 0 0 0 0 0 0 0 0 0 0 0 0 0.2 0 0 0 2 0.2 4.2 7.4 1.6 2.8000000000000003 3 5.6000000000000005 1.2000000000000002 6.6000000000000005 9.200000000000001 0.2 0 0 2.8000000000000003 5.2 6.2 3.6 0 0.6000000000000001 0.2 0 0 0 0 0 0.2 0 0 0 0 0 2 0 0 0 0 0 0 0.2 0 0 0 0 0 0 0 0 0 0 0 0 0 0 0 0 0 0 0 0 0 0.4 0 0 0 0 0.2 0 0 0 0 0 0 0 0 0 0 0 0 0 0 0 0 0 0 0 0.4 0 0.2 18.2 0 0 0 0 0.2 0 0 0 0 0 0.2 0 4.4 0 0 0 0 0 0 0 0 0 0 0 0 3.8000000000000003 1.6 1.8 0 0 0 0 0 0 0 0 0 0 0 0 
 46.800000000000004 56 32.4 0 51.800000000000004 7.2 15.8 38.400000000000006 36.6 79.80000000000001 44.800000000000004 32 17.400000000000002 38 16.8 26.400000000000002 45.400000000000006 16.400000000000002 21.6 12.8 5 0 0 0.4 0.4 2.8000000000000003 0.6000000000000001 0.4 0.4 15.4 0.4 0.4 1 0.6000000000000001 0.4 0.8 0 2.8000000000000003 15 0 0 0 0 0 0 0.6000000000000001 0.2 0.8 0 0 1.2000000000000002 0.6000000000000001 0.4 0 4 0 0 0.6000000000000001 0 0 0.4 0 0.8 0.4 0.8 4.800000000000001 0 0 0 0 0 0 0 0 0 0 0.8 0 1.2000000000000002 0 1.8 2.4000000000000004 4.2 0.6000000000000001 5.800000000000001 0 3 1.2000000000000002 7.4 0 2.8000000000000003 5.2 0 0 0 0 1.8 3.6 0 0 0 0.2 0 0 0 0 0 1.8 0 0.4 0 0.2 0 0 0 0 0.2 0 2.2 0 0 0 0 0 0 0 0 0 0 0 0.2 0 0 0 0.4 0 0 0 0 0 0 0 0 0 0 0 0 0 1 0 0 0 0.2 0 0 0.4 0 0 0 0 2.6 0 2.2 4.800000000000001 2.6 0.2 2.2 2.8000000000000003 0 3.6 0 0.2 0 0 1.8 5.6000000000000005 3 0.2 0 0 0 0 0 0 0 0.4 1.2000000000000002 5.800000000000001 4 0 0 0 1.6 0 0.2 0 3.6 0.2 0 1.8 0 0 0 0 0 0 0 0 0 0 0 0 0.6000000000000001 0 0 0.2 0 0 0.2 3.2 0 0 0 0 0 0 0 0 0 0 0 0 0 0 0 0 0 0 0 0 0 0 0 0 0 0 18.6 0 1.6 18.2 0 1 0.2 0 0 0 0 0 0 0 0 0 0 0 0 0 0 0.2 0 0.4 0 0 0 0 0 0 1.8 0 0 0 0 0 0 0 0 0 0 0 0 0 
 11.4 28.8 52 51.800000000000004 0 76.2 7.4 22 12.200000000000001 78.60000000000001 38.400000000000006 28.200000000000003 17 18 36.6 32.800000000000004 27.400000000000002 25.400000000000002 13.200000000000001 9.200000000000001 15.4 0 0 0 0 0 0.4 0 0 0.6000000000000001 0 0 16 1 0 0.4 0 0.2 27.200000000000003 32.4 0 0 3.2 0.2 0 0.6000000000000001 1.6 0 0 0 0.2 5.2 0.4 1 0 0 0 0.6000000000000001 0 6.6000000000000005 0 0 0.6000000000000001 0.4 3.6 0 3.2 0 0 0.2 0 0 0 0 0 0 0.4 0 0 0 0 10.4 4 11.600000000000001 3.2 5 0 0 4.2 0 6.4 0.6000000000000001 0 0 0 0 2 10.4 0 0 2.8000000000000003 2 4.2 0 0 0 2.4000000000000004 1.2000000000000002 0 0 0 0 21 0.6000000000000001 5.2 0.2 0 0 9.4 3.6 0 2.2 0 0 0 0 0 0 0 0 0 0 0 0 0 0 0.2 0 0 0 0 0 0 0 0 0 0 2.6 2.6 0 0 0 0 0 3.2 0 0 0 0 0 2.6 0 0 0 0.6000000000000001 6 0 0.2 0 3.4000000000000004 2.2 4 0 0 0 2.2 2.6 2 0 0 1 4.2 0 0 0 0 10.8 0 3.8000000000000003 2.8000000000000003 0 0 3 3.2 3.2 5.2 14.600000000000001 2 4.6000000000000005 7.6000000000000005 0 0 0 0 0 0 0 0 0 0 0 0 0 0 0 0 0 0 0 0.4 0 0 0 0 0 0 0 0 0 0 0.4 0 0 0 0 0 2.8000000000000003 0 0 0 0 0 0 0 0 0 1.6 0.2 0.6000000000000001 0 0.4 2.6 0 0 0 0 0 0 0 0 0 0 0 0 0 2.2 0.2 0 0 0 0 0 0 4.4 0 0 0 1 0 0.2 0 0 0 0 0 0 0 0 0 0 
 48.400000000000006 24 9.200000000000001 7.2 76.2 0 4 5.2 5.800000000000001 31.6 50.2 47.800000000000004 92.60000000000001 9.4 54 16.6 26.6 49.6 11.200000000000001 5.4 0 0 0 0 0 0 19.200000000000003 15.4 0 15.4 0 0 19.6 17.2 24.400000000000002 0.2 0 0.2 15.200000000000001 8.8 0 0 0 0 0 0.6000000000000001 0.2 0 0 0.2 0.2 0.6000000000000001 0.4 0 0 0 0 0.4 0 0 0 0 0.6000000000000001 0.4 2.4000000000000004 0 1.2000000000000002 0 0 0.2 0 0 0 0 0 0 0.8 0 0 0 0.4 2.8000000000000003 0.2 6.6000000000000005 4 8.4 0 2.8000000000000003 3 0 2.6 0.4 0 0 0 0.2 0 2.4000000000000004 0 0 0 1 2 2.8000000000000003 0 0 5.800000000000001 4.6000000000000005 0 4.2 0 0 4.4 11.600000000000001 2.6 4.4 0 0 0.4 9.4 0 0 0 0 0 0 0 0 0 0 0 0 0.2 0 0 0.4 0 0 0 0 0 0.6000000000000001 0 0 0 0 0 0 0 0 0 0 0 0 0 0 0 0 0.2 0 0 0 0 3 0.2 4 0 0.2 0 8 4.6000000000000005 6 0 0 0.2 0 2 2 0 0 5.2 3 0 0 0 0 7.2 0 0 0.4 0 1.6 5.4 6.6000000000000005 6.6000000000000005 0 2 0 0.2 7.800000000000001 0 0 0 0 0 0 0 0 0 0 0 0 0 0 0 0 0 0 0 0.4 0 0 0 0 0 0 0 2 0 0 0 2 0 0 0 0 0 0.4 0 0 0 0 0 0 0 0 9.200000000000001 0 0.2 0 0 0.8 0 0 0 0 0 0 0 0 2.4000000000000004 0 0 0 0 0 0 0 0 0 0 0 0 0 0 0 0 0 0 0 0 0 0 0 0 0 0 0 0 0 
 94.2 74 57.800000000000004 15.8 7.4 4 0 57.2 35.2 9.200000000000001 23 7.4 68.4 34.4 10 8.200000000000001 39.2 24.8 17.400000000000002 11.200000000000001 0.4 0 0 0 0 18.2 0.6000000000000001 0 0.6000000000000001 0.6000000000000001 0 0 0.4 0.6000000000000001 0 0 0 15 0 0.4 0 0 0 0 0 0.6000000000000001 0.2 0 0 0 0 0.6000000000000001 0.6000000000000001 0 0.4 0 0 1 0 0 0 0 0.8 0.4 0 10.8 0 0 0 7.800000000000001 0 0 0 0 0 0 0 0 1.2000000000000002 0 2.8000000000000003 3.4000000000000004 2.8000000000000003 7.2 0 0 7 2.2 3.4000000000000004 1.8 0 1.8 3.8000000000000003 6.2 3 4.800000000000001 6.4 2.2 3.8000000000000003 2 0 0 0 0 0 0 0 0 0 0 0 0 0 0 0 0 0 0.2 0 0 0 0 0 0 0 0 0 0 0 0 0 0 0 0 0 0 0 0 0 0 0 0 1.2000000000000002 0.6000000000000001 0 0 0 0 0.2 0 0 0 0 0 0 0 0 0 0 0 1.2000000000000002 1.8 9.600000000000001 14 0 4.6000000000000005 2.4000000000000004 6.6000000000000005 12.200000000000001 1 5 0 1.8 0.6000000000000001 3.6 0 0 2.8000000000000003 0.2 13.4 0 0 0 0 0 0 0 0 0 0 0 0 0 0 0 0 0 0 0 0 0 0 0 0 1 0 0 0 0 0 0 0 0 0 0 0 0 0 0 0.2 0 0 0 0 0 0 0 0 0 0 0 0 0 0 0 0 0 0 0 0 0 0 0 0 0 0 0.6000000000000001 0.4 0.6000000000000001 17.8 1.8 3.2 0 0 0 0 0 0 0 0 0 0 0 0 0 0 0 0 0 0 0 0 0 0 0 0.2 4 7.6000000000000005 0 0 0 0 0 0 0 0 0 0 0 0 
 9.8 64 23 38.400000000000006 22 5.2 57.2 0 17.8 7.4 35.2 24.200000000000003 44.400000000000006 27.6 94.2 44 7.6000000000000005 5 32 20.6 0 0 0 0.4 4.6000000000000005 0.6000000000000001 0.4 0.4 0.2 0.6000000000000001 0.8 0.4 3.2 0.6000000000000001 0.2 0.8 0 0 0 0 0 1 0 0 0 0.6000000000000001 0 0 1 0 12.200000000000001 0.6000000000000001 0.4 0.6000000000000001 0 1 0.6000000000000001 0.4 13.4 0.2 0 0 0.6000000000000001 0.4 2.2 0 1.2000000000000002 0 0 0 0.8 0 0 0 0 0 1.6 0 0 0 0.4 7 5.6000000000000005 0.2 3 7 0 5.6000000000000005 12.8 1.4000000000000001 0 1.6 2 0 0 6.2 5.800000000000001 2.4000000000000004 3.2 1 0 0 0 0.4 0 0 0 0 0 0 0 0 5.2 0 0.4 0 0 0 4.2 0 0 0 0 0 0 0 6 0 0 0 0 0 0 0 0 0 0 0 0 0 0 0 0 0 0 0 1.8 0 1.2000000000000002 0 0 0 0 0 0 0 0 0 0 0.2 4.6000000000000005 0 0 0 2.8000000000000003 2.6 3 1.8 0 3.2 2.2 2.8000000000000003 0.2 3.4000000000000004 2 1.8 5 1.8 0 0 0 0 0 0 0 0 0 0 0 0 0 0 7.4 0.2 0 0 0 0 0.2 1.4000000000000001 0 0 0 0 0 0 0 0 0 0 0 0 0 0 0 0 0 0 0 0 0.2 0 0 0 0 0 0 0.4 0 0 0 0.4 0 0 0 0 0 0 0 0 0 3.6 0 0 0 0 1 0.4 0.8 0.2 0 1.4000000000000001 9 0 0 0 0 0 0 0 0 0 0 0 0 0 0 0 0 0 0 0 0 0 0 0 0 0 0 0 0 0 0 0 0 0 0 0 0 0 
 9.8 31.400000000000002 127.60000000000001 36.6 12.200000000000001 5.800000000000001 35.2 17.8 0 96.80000000000001 9.600000000000001 31.8 14.200000000000001 37 39.2 29 26.200000000000003 29.6 12 12 0 0 0 0.4 0 0 0.4 0 0.2 0.6000000000000001 0.2 0 0.4 0.8 0 0.2 0 0 0 0 0 0 0 0 0 0.6000000000000001 0.2 0 0 12.600000000000001 12.600000000000001 1 0.4 0 0 0 0 2 0.8 0 0.6000000000000001 0 1.2000000000000002 0.4 0 0 0 0 0 0 0 0 0 0 0 0 0 0 0.8 0 4.6000000000000005 0 6.2 2.2 1.4000000000000001 0 3.8000000000000003 4.800000000000001 4 1.6 4.6000000000000005 5.2 0 1.2000000000000002 0 7.4 0 0.2 0 0.2 3 0 0 0 0 0 0 0 0 0 0 0 8.8 0 0 0 0 0 4.2 8.200000000000001 0 0 0 0 0 0 0 0 0 0.4 0 0 0 0 0 0 0 0 0 0.4 0 0 0 0 0 0 0 0 0 0 0 0 0 0 0 0 0 0 0 0 7.4 0.2 1.4000000000000001 8.4 2.8000000000000003 5.800000000000001 2 3 0.4 2.6 4.6000000000000005 0.2 0 0 2.6 2.2 13.600000000000001 1.6 0 3.8000000000000003 0 0 0 0 0 0 0.2 0 0 0 0 0 3.4000000000000004 0 0 0 0 0 5.6000000000000005 0 0 2.6 2 0 0 0 0 0 0 0 0 0 0 0 0 0 0.2 0 0 0 0 0 0 0 0 0 0 0 0 0 0 0 0 0 0 0 0 0 0 0 0 2.6 0 0 0 0 0.2 0 17.400000000000002 17.8 0 0.8 0 0 0 0 0 0 0 0 0 0 1.8 0 0 0 0 0 0 0 0 2.6 0 0 0 2 5.800000000000001 0.4 0 0 0 0 0 0 0 0 0 0 0 0 
 40 18 128.6 79.80000000000001 78.60000000000001 31.6 9.200000000000001 7.4 96.80000000000001 0 40 6.4 24.6 38 39.6 18 34 69 16 21.8 0 0.4 0 0 0.2 0.2 30 0 0.4 0.8 0 0 0.6000000000000001 0.6000000000000001 0 0.4 0 0 0 6.800000000000001 0 0 0.4 0 0 0.6000000000000001 0 0 0 0 0.4 0.6000000000000001 0.4 12.600000000000001 0 0 0 0.4 0 0 0 0 1.4000000000000001 0.4 0 0 0 0 0 0 0 0 0 0 0 0 0 0 0 0 3.2 6.800000000000001 3.8000000000000003 5 3.8000000000000003 7 2.8000000000000003 1 0.2 8.6 0 8.200000000000001 0 6.800000000000001 0 4 0 4.2 0 2.2 0 1.8 0 0 3.4000000000000004 0 1.2000000000000002 4.6000000000000005 0 0 0 0 2.4000000000000004 1.8 0 0 0 0 0 3.6 0 0 0 0 0 0 0 0.4 0 0 0 0 0 0 0 0.2 0 0 0 0 0 0 6.2 1 0 0 0 0 0.2 0 0 0 0 0 2.2 0 0 0 0 0 5 0 0 4.6000000000000005 0 2.8000000000000003 6.4 2.8000000000000003 0.2 0.8 14.200000000000001 3.2 0 0 0.2 6.2 2 7.6000000000000005 0 2.2 1.4000000000000001 0 0 0.4 0.2 0 8.6 0 0 4.4 2.6 0 0 0.2 0 0 0 0 0 1.4000000000000001 0 0 0 0 0 0 0 0 0 0 0 0 0 0 0 0 0 0 0 0 0 0 0 0 0 0 0 0 0 0 0 0 0 0 0.2 0.2 0 0 0 0 0 0.4 0 0 0 0 17.8 0 0.4 21.6 0 1.4000000000000001 0 0 0 0 0 0 0 0 0 0 0 0 0 13.200000000000001 0 0 0 0 0 0 0 0 0 0.2 5 2.6 0 0 0 0 0 0 0 0 0 0 0 0 
 20.6 13.8 9.8 44.800000000000004 38.400000000000006 50.2 23 35.2 9.600000000000001 40 0 9.600000000000001 29.6 6.4 34.2 55.6 15.8 10.600000000000001 14.4 13 0 0 0 0 0 0 15.8 0 0 0.6000000000000001 0 0.2 0.4 0.8 0 0.2 0 0 0 14.8 0 0 0.2 0 13.4 1 0 0 0 0 0.4 0.6000000000000001 0.4 12.200000000000001 0 0 0 0.4 0 0 0 0 0.6000000000000001 0.4 11 0 0 0 0 0 0 0 0 0 0 0 1.2000000000000002 0 0 0 0 9.200000000000001 3.4000000000000004 2.2 0.2 4 2.4000000000000004 0 5.6000000000000005 2.8000000000000003 3.8000000000000003 0.2 3.4000000000000004 0 0 2.8000000000000003 4.2 3.6 0 0.4 0 1.4000000000000001 0 0 0 0 1.8 3 0 0 0 0 3.6 0 2 0 0 0 2.6 3.8000000000000003 0 0 0 0 0 0 0 0 0 0 0 0 0 0 0 0 0 0 0 0 0 0 0 0 0 0 0 0 0.6000000000000001 0 0 0 0 0 0 0 0 0 0 0 1.2000000000000002 0 3 4.4 0 1.8 0 3.6 0.8 6.4 7 3 0 0 1.4000000000000001 1.8 3.4000000000000004 3.8000000000000003 0 0 0 0 0 0 0 0 2 0 0 4.6000000000000005 0 0 3.4000000000000004 0 1.6 0 0 0 0 3.2 0 0 0.4 0 0.4 0 0 0 0 0 0 0 0 0 0 0 0 0 0 0 0 0 0 0 0 0 0 2.2 0 0 0 0 0 0 0 0 0 0 0 0 0 0 0 0 0 0.2 26.400000000000002 0 17 0.6000000000000001 0 1 3.8000000000000003 0 0 0 0 0 0 0 0 0 0 0 0 0 0 0 0 0 0 0 0 0 0 0 5 0 0 0 0 0 0 0 0 0 0 0 0 0 
 7 3 24.200000000000003 32 28.200000000000003 47.800000000000004 7.4 24.200000000000003 31.8 6.4 9.600000000000001 0 5.4 8.4 8.8 4.2 28.8 37.4 6.2 8 0.2 0 0 0 0 0 32 15 0 0.6000000000000001 0 0.2 27.400000000000002 0.6000000000000001 14.600000000000001 0 0 0 22.200000000000003 0.2 0 0 0 0 0 0.6000000000000001 0 0 0 0 0.2 0.6000000000000001 13.200000000000001 0 0 0 0 0.4 0 12.4 0 0 0.6000000000000001 0.4 0 0 0 0 0 0.6000000000000001 0 0 0 0 0 0 0 0 0 0 0 0 0 0.2 3.8000000000000003 4.4 2.4000000000000004 4 0.6000000000000001 0 3.4000000000000004 0.2 0 0 0 0 0.2 1.8 0 0 2.4000000000000004 4 1.6 0 0 0 3.4000000000000004 10.8 2 0 0 0 2.8000000000000003 0 0.2 2 8.200000000000001 0 2.8000000000000003 11.600000000000001 0 0 0 0 0.4 0.4 0 0 0 0 0 0 0 0 0 0 6.6000000000000005 0 0 0 0 0.4 0 0 0 0 0 0 0 0 0 0 0 0 0 0 0 0 1.2000000000000002 0 0.4 0 0 0 15 0 0 0 3.6 8.200000000000001 3.2 8.4 0 0 2.2 3.6 4.2 8.4 0 0.4 2.6 0 0 0 0 0 2.6 2 0.8 0 0 0 6 0 0 0 3.4000000000000004 2 6 2.2 0 0 0 0 0 0 4 0 0 0 0 0 0 1.8 0 0 0 0 0 0 3.2 0.4 0 0 0 0 0 0 0 0 0 0 0 0 0 0 0 0 0 0 0 0 0 0 0 0.4 17.400000000000002 0.4 17.2 0.8 0 2.2 0 0.8 0 0 0 0 0 0 0 0 0 0 0 0 0 0 0 0 0 0 0 0 0 3.6 3.6 0 0 0 0 0 0 0 0 0 0 0 0 0 
 24.400000000000002 12.8 38.6 17.400000000000002 17 92.60000000000001 68.4 44.400000000000006 14.200000000000001 24.6 29.6 5.4 0 14 10 27 23.200000000000003 70 34.2 63.2 12.200000000000001 0.4 0 0 0.2 0 13.8 0 0.2 0.6000000000000001 0.6000000000000001 1.2000000000000002 0.4 0.6000000000000001 0 0 0.6000000000000001 0.2 0 0 0 0 0 0 0 0.6000000000000001 0.2 0 0 0 0.6000000000000001 0.6000000000000001 0.6000000000000001 0 0.4 0 0 0.4 0 0 0 0 0.6000000000000001 0.4 0 0.2 0 0 0 0.2 0 0 0 0 0 0 0 0 0 0 2.4000000000000004 2 0.2 0 0 0 7.2 0 0.4 5.2 4 0.4 5 4.4 3.4000000000000004 0 4 0 1.8 5.4 0 0 0 0 0 0 0 0 0 0 0 0 0 0.4 0 0 0 0 0 0 0 4.2 0 0 0 0 2 0 0 0 0 0 0 0 0 0 0.2 0 0 0 0 0 0 1 0 2 0 0 0 0 0 0 0 0.2 0 0 0 0 0 0 4.4 3.8000000000000003 1.2000000000000002 0 0 0 2.6 0 0.2 2.2 0 0 0 0.6000000000000001 2.8000000000000003 0 0 0 7.4 2.6 0 0 0 0 0 0 0 0 0 0.4 0 0 0 0 0 0.4 0 0 0 0 0 0 0 0 0 0 0 0 0 0 0 0 0 0 0 0 0 0 0 0.4 0 0 0 0 0 0 0 0 0 0 0.2 0 0 0 0 0 0 0 0 0 0 0 0 0 0 0.6000000000000001 0.2 0 0 17.2 0.4 1 0 0 0 0 0 0 0 0 11 0 0 0 0 0 0 0 0 0 0 0 0 0 0 0 6 0 0 0 0 0 0 0 0 0 0 0 0 0 
 26.200000000000003 84.60000000000001 44.2 38 18 9.4 34.4 27.6 37 38 6.4 8.4 14 0 37 19.6 35 25.200000000000003 48.800000000000004 80.2 0 0 0 0.4 0 0 0.4 0 0.2 0.6000000000000001 0 0 0.6000000000000001 0.6000000000000001 40.800000000000004 0.4 0.2 0 0.6000000000000001 0.4 0 0 0 0 0 0.6000000000000001 0.4 0 0.4 0 0 0.6000000000000001 0.4 0 0.6000000000000001 0 0 3 0 0 0 0 0.6000000000000001 0.4 0 0 0 0 0 0 0 0 9.8 0 0 0 0 0 0 0 2.2 0 0 2 0 0 4 0 0.8 3 3.6 0 0 0 6.6000000000000005 0.4 5.2 0 8.4 2.8000000000000003 0 0 0 0 0 0 0 0 0 0.4 0 0 2 0 0 0 0 0 0 3 0 0 0 0 0 0 0 0 0 0 0.2 0 0 0 0 0 0 0 0 0 0 0 1.2000000000000002 1 0 0.2 0 0 0 3.8000000000000003 0 0 0.2 0.2 0 0.4 0 0 0 0 0 2.8000000000000003 2.6 4.4 1.8 3 1 5.4 2.6 5.800000000000001 5 0 0 0 6 0 7 3.8000000000000003 0 0 0 0 0 0 0 0.4 0.2 0 0 0 0 0 3.4000000000000004 0 0 0 0 0 0 0 0 0.2 0 0 0 0 0 0.2 0 0 0 0 0.4 0 0 0.4 0 0 0 0 0 0 0 0 0 0 0 0 0 0 0 0 0 0 0 0 0 0 0 0 0 0 0 0 0 0.6000000000000001 0 0 17.400000000000002 0.8 0.2 1 0 0 0 0 0 0 0 0.4 0 0 1 0 0 0 0 0 0 0.4 0 0 0 0 0 2 3.6 1.6 0 0 0 0 0 0 0 0 0 0 0 0 
 72.4 99.80000000000001 17.8 16.8 36.6 54 10 94.2 39.2 39.6 34.2 8.8 10 37 0 37.800000000000004 28.400000000000002 10 34.4 113.80000000000001 0 0 0 0 0.4 0 1.4000000000000001 0 0.2 0.6000000000000001 0.4 0 0.4 0.6000000000000001 0.6000000000000001 0 0 0 0 0 12.600000000000001 0 0 0 0 0.6000000000000001 0 0 0 0 0.4 13 0.6000000000000001 0 0.6000000000000001 0 0 0.4 0 0 0 0 2.2 0.4 0 0 0 0 0 0.6000000000000001 0 0.2 0 0 0 0 0 0 0 0 3.2 4.2 3.4000000000000004 2.2 0.2 0 0 7.2 1.8 2.8000000000000003 0 0 1.4000000000000001 5.4 6.800000000000001 6.2 2.6 0 2.8000000000000003 6.800000000000001 0 0 0 0 0 0 0 0 0 0.2 0 0.4 2 0 0 0 0 0 0.2 0 0 0 1 0.2 0 0 0 0 0 0 0.4 0 0 0 0 0.4 0 0 0 0 0 0 0 0 0 0 0 0 1 0 0 0 0.4 0 0 0 0 0 0 0 3.2 0 0 0 0 1.2000000000000002 3.8000000000000003 2.2 3.6 0 4 0 4.4 5.6000000000000005 0.8 2.2 2 0 0 7 0 0 0 0 0 0 0 0 0 0 0 0 0 0 0 0 0 0.2 0 0 0 0 0 0 0 0 0 0.4 0 0 0 0 0.2 0 0 0.4 0 0 2.4000000000000004 0 0 0 0 0 0 0 0 0 0 0 0 0 0 0 0 0 0 0 0 0 0 0 0 0 0 0 17.400000000000002 0.2 0 17.8 2.4000000000000004 1.8 0 0 0 0 0 0 0 0 0 0 0 0 0 0 0 0 0 0 0 0 0 0 0 0 0 0 0 0 0 0 0 0 0 0 0 0 0 0 
 49.2 85.80000000000001 15 26.400000000000002 32.800000000000004 16.6 8.200000000000001 44 29 18 55.6 4.2 27 19.6 37.800000000000004 0 30.6 14 6 9.600000000000001 14.4 0 0 0 0 0 0.8 0 0 1 0 0.4 0.6000000000000001 0.6000000000000001 0 0.4 0 0 0 0 0 0.2 0 0 0 0.6000000000000001 0.2 0 0 0 0 5 4.6000000000000005 0 0.8 0 0 7 0 4.2 0 0 0.6000000000000001 0.4 0.4 0 0 0 0 0 0 0 0 0 0 0 1 0 0 0 0 4.4 0 2.2 0 3.2 2.6 0 14.4 0 0 0 0 13.8 1.8 12.4 0.2 3.8000000000000003 0 2.8000000000000003 0 0 0 0 0 0 0 0 0 0 0 0.4 1.6 0 0 0 0 0 0.2 0 0 0 0 0 0 0 0 0 0 0 0.4 2.6 0 0 0 0 0 0 0 0 0 0 0 0 0 0 0 0 1 0 0 0 0.2 0 0 0.4 0 0 0 0 1.4000000000000001 0 7 0.4 0 0.6000000000000001 1.6 10 1.8 3.6 6 2.6 2 2.8000000000000003 6.800000000000001 2.4000000000000004 1.8 0 0 2.6 0 0 0 0 0 0.2 0.4 0 0 0 0 0 5 0 0 0 0 0 0 1.8 0 0.8 0 0 0 0 3 0.4 0 0 0 0 0 0 7.4 0.2 0 0 0 0 0 0 0 0 0 0 0 0 0 0 0 0 0 0 0 0 0 0 0 0 0 0 0 0 0 0.2 17.6 0 17.6 0.2 0.2 0.4 6.4 0 0 0 0 0 0 0 0 0 0 0.2 0 0 0 0 0 0 0 0 0 0 0 0 4 0 0 0 0 0 0 0 0 0 0 0 0 0 
 34.800000000000004 25 66.60000000000001 45.400000000000006 27.400000000000002 26.6 39.2 7.6000000000000005 26.200000000000003 34 15.8 28.8 23.200000000000003 35 28.400000000000002 30.6 0 39.2 44.800000000000004 7 0 0.2 0 0 0 0 15 0 0.8 0.6000000000000001 0.2 0 15 0.6000000000000001 0 1 0 0 5 16.400000000000002 0 0 0 0 0 0.6000000000000001 0 0 0 0 0.2 0.6000000000000001 0.4 0 1.2000000000000002 0 0 0.4 0 0 0 0 1.6 0.4 0 0 0 0 10 0 0 0 0 0 0 0 0 0 0 0 1.4000000000000001 9.200000000000001 8.8 0.4 0 0 2.4000000000000004 1.2000000000000002 2.4000000000000004 5.2 0 4 0 0.2 2.4000000000000004 0 2.6 0 3.8000000000000003 0 0 0 2 0 0 0 2.2 0.2 0 0 0 0 0.2 0 0 2 0 0 0 2.8000000000000003 0.4 0 0 0 0 0 0 0 0 0 0 0 0 4.6000000000000005 0 0 0 0 0 0 0 1 0 0 0 0 0 0 0 0.4 0 0 0 0 0 0 0 0 0.8 0 3 0.2 2.6 0.2 1.6 0 1 2.6 6.4 2.8000000000000003 0 3 0 0 7.4 10.200000000000001 7.2 1.6 0 0.2 2.6 0 0 0 0 0 0 0 0 0 0.4 0 3 0 0 0 0 0 0.2 0 0 0 0 0 0 0 0 0 0 0 0 0 0 0 0.2 0 0 0 0.4 0 0 0 0 0 0 0 0 0 0 0 0 0 0 0 0 0 0 0 0 0 0 0 0 0 0 0.8 0 0.4 16.8 11.4 0 1.2000000000000002 0 0.4 0 0 0.2 0 0 0 0 0 0 0 0 0 0 0 0 0 0 0 0 0 0 0 3.6 0 0 0 0 0 0 0 0 0 0 0 0 0 
 4.800000000000001 7.2 16.6 16.400000000000002 25.400000000000002 49.6 24.8 5 29.6 69 10.600000000000001 37.4 70 25.200000000000003 10 14 39.2 0 24.400000000000002 50 0.4 0 0.4 0 0 0 14.8 0 0 0.6000000000000001 0.2 0 15.4 1 18.400000000000002 0.2 0 0 7 21.8 0 0 0 0 0 0.6000000000000001 0 0 0.8 0 12.600000000000001 0.6000000000000001 0.4 0 0 0 0 4.2 11.8 0 0 0 0.6000000000000001 0.4 0 0 1.2000000000000002 0 7.800000000000001 1.2000000000000002 0 0 0 0 0 0 0 10.4 1.2000000000000002 0 2.4000000000000004 7.6000000000000005 2 4 0 7.800000000000001 2.2 0 5 4.6000000000000005 7 1.4000000000000001 0 0 0 0 0.2 0 0 0 0 8 1.8 0 0 0 2 0 2.4000000000000004 0 0.2 0 5.2 0 2.2 2 0 0 0 6.6000000000000005 0 0 0 0 0 0 0 0 0 0 0 5.6000000000000005 0 0 0 0 0 0 0 0 0 0.4 0 0 0 0 0 0 0 0 0 0 0 0 0 0 0 0 0.6000000000000001 1.6 0 8 0 0 2.6 3.2 0 0.2 3 3.4000000000000004 0 4.2 0 0 0 4.800000000000001 6.4 8.4 0 0 2.6 0 0 0 0 0 0.2 0.4 0 0 0.4 0 2.2 0 2.2 0 0.2 4.4 0.2 0.2 0 0 0 0 0 0 0 0 0.2 0.4 0.4 0 0 0.2 0 0 0 0 0 0 0 3.4000000000000004 0 0 0 0 0 0 0 0 0 0 0 0 0 0 0 0 0 0 0 3.4000000000000004 0 0 0 0.4 0.6000000000000001 0 0.2 9.8 0.2 0.6000000000000001 0.8 0 0 0 0 0 0 0 0 0 2.6 0 0 0 0 0 0 0 0 0 0 0 0 0.2 0 0 0 0 0 0 0 0 0 0 0 0 0 0 
 61.2 28.200000000000003 20.6 21.6 13.200000000000001 11.200000000000001 17.400000000000002 32 12 16 14.4 6.2 34.2 48.800000000000004 34.4 6 44.800000000000004 24.400000000000002 0 81.4 0 0 0 0 0 0 1.4000000000000001 0 0.4 0.6000000000000001 0 0.2 0.4 0.6000000000000001 0 0 0 0 0.6000000000000001 20.8 0 0 0 0 0.2 0.6000000000000001 0.2 0 0 0.4 0 0.4 0.6000000000000001 13.200000000000001 1.6 0 0 3.4000000000000004 0 0.2 0 0 0.6000000000000001 0.4 0 0 0.4 0.4 10.200000000000001 0 0.6000000000000001 0.6000000000000001 0 0 11.600000000000001 0 0 0 0 0 0.8 0 0 2.4000000000000004 0 0 9.4 0 0 0 0 0 0.2 2.8000000000000003 1.2000000000000002 0 0.6000000000000001 0 4.4 5 0 0 0 0 2.6 0 0 0 0 0 0.4 0 0 0 0 0 0 0 0 0 0 0 0 0 0 0 0 0 0 0 0 0 0 1.8 0 0 0 0 0 0 4 0 0 0 0 0 0 0 0 0.4 0 0 0 0 0 0 0 0 0 4.800000000000001 0 2.6 2.8000000000000003 0 0.2 4.2 4.6000000000000005 0 0 0.2 0 0 2.8000000000000003 1.8 3 0 0 0 1 0 0 0 0 0 0 0 0 0.2 0 0 0.4 0 0 0 0 0 0 0 0 0 0 0 0 0 0 0 0 0 0 0 0 0 0 0 0 0 0 0 0 0 0 0 0 0.2 0 0 0 0 0 0 0 0 0 0 0 0 0 0 0 0 0 0 0 0 0 0.2 0 0 0.4 18 0 1.8 0 0 0 0 0 0 0 0 0 0 0 0 0 0 0 0 0 0 0 0 0 0 0 0 0 0 0 0 0 0 0 0 0 0 0 0 0 0.2 
 7.4 23.6 48.2 12.8 9.200000000000001 5.4 11.200000000000001 20.6 12 21.8 13 8 63.2 80.2 113.80000000000001 9.600000000000001 7 50 81.4 0 0 5.6000000000000005 0.4 0 0 0 0.6000000000000001 11.8 0.8 0.6000000000000001 0 0 0.4 0.6000000000000001 0 0 0 0 0 0.4 0 0 0 0 13.200000000000001 0.6000000000000001 0.2 0 6.4 0 0 0.6000000000000001 0.6000000000000001 0 0 0 0 0.4 0 0 0 10.4 0.6000000000000001 0.4 0 0 0 0 0 0 0 0 0 0 0 0 0 0 0 0 0.6000000000000001 0 0 0 0 0 0 0 0 6 2.8000000000000003 0 0 4 4.6000000000000005 0 0 0 5.2 14 0 0 0 0 0 0 0 0 0 0 0 0 1.8 0 0 0 0 0 0 0 0 4.4 0 0 0 0 1.6 0 0 0 0 0 0 0 0 0 0 0 0 0 0 0 0 1.2000000000000002 0 0 0 0 0 0 0 0 0 0 0 0 0 0 0 0 9 8.200000000000001 2.2 0.2 0 0 6.4 0.2 4 2 0 0 0 0 2.6 0 0 0 5.800000000000001 2.2 0 0 0 0.4 0 0 0 0 0 0 0 0 0 0 0 0 0 0 0 0 0 0 0 0 0 0 0 0 0 0 0 0 0 0 0 1.2000000000000002 0 0 0 0 0 0 0 0 0 0 0 0 0 0 0 0 0 0 0.2 0.2 0 0 0 0 0 0 0 0 0.4 0 0 0 0.4 3.6 0 0.8 0 0 0 0 0 0 0 0 0 0 0 0 0 0 0 0 0 0 0 0 0 0 0 0 0 0 0 0 0 0 0 0 0 0 0 0 0 0 
 0 0 0 5 15.4 0 0.4 0 0 0 0 0.2 12.200000000000001 0 0 14.4 0 0.4 0 0 0 63 77.80000000000001 24.400000000000002 11.200000000000001 6.4 40.800000000000004 18.2 23.6 11 40.400000000000006 4.800000000000001 19 49 24 38.2 5.800000000000001 39.400000000000006 22.8 13.8 1 0 0 0.8 0 0 0.2 0.8 0 0 0.6000000000000001 0 0 0.4 0 0 0.4 12.200000000000001 53.800000000000004 0.2 0 0 0 0 0 0 0 0.8 0 0 0 0 0.4 0 0 0.4 0 0 0.4 0.6000000000000001 0 0 0 0.2 2 0 0 0 0 0 3 0 1.4000000000000001 0 0 0 0 2.4000000000000004 0 0 9 4 2.8000000000000003 0.8 1.8 1.2000000000000002 0 6.6000000000000005 6.2 5.6000000000000005 5.4 0 0 3.2 2 0.2 2 3.8000000000000003 2 0 0 0 0 0 0 0 0 4.4 0 0 0 0.6000000000000001 0 0 0 0 0 0 0 0.2 0 0 0 0 0 0.2 0 0 0 0 0 0 0 0 0 0 0 0 0 0 0 0 0 0 0 0 0 0 0 0 0 0 0 0 0 0 0 0 0 0 2 5.6000000000000005 0.4 3.2 0.6000000000000001 3.8000000000000003 0.8 3.6 2.2 2.8000000000000003 0 3.8000000000000003 0 5 5.6000000000000005 7 4 2.8000000000000003 0.2 3.8000000000000003 0 0 0 0 0 0 1.2000000000000002 0 0 0 0 0 0 0 2 0 0 0 0 3.4000000000000004 0.2 0 0 0 0 0 6.4 0 0 0 0 0 0 0 0 0 0 0 0 0 0 0 0 0 0 0 0 0 0 0 0 0 0 0 3.4000000000000004 0.4 0.6000000000000001 21.400000000000002 0 0 0 0.2 0 0 0 0 0 0 0 0 0 0 0 0 0 0 0 0 0 0.2 0 0 0 0 0 2.6 2.6 0 0 0 
 0 0 0 0 0 0 0 0 0 0.4 0 0 0.4 0 0 0 0.2 0 0 5.6000000000000005 63 0 64.60000000000001 42.800000000000004 36.6 10.8 36.4 40 10.8 25.400000000000002 95.80000000000001 4.800000000000001 36.800000000000004 67.8 12.200000000000001 37.6 27 9.4 23.400000000000002 10 5 0 0.4 1.8 12.600000000000001 0 1.8 0.6000000000000001 0 0 0.6000000000000001 1 0 0.4 0 0 0.4 0 15.200000000000001 0.4 0 0 0 0 0 0.4 0 2.2 0 0 0 0 0.4 0 0 0.4 0 0 0.4 0.6000000000000001 0 0 0 0 0 0 0 0 0.2 0 0 0 0 0 0 0 0.4 0 0 0 3.4000000000000004 6.2 7.800000000000001 15 0 3.8000000000000003 0 0 9 4.800000000000001 8.4 0 6.2 2 3.6 2.8000000000000003 6.6000000000000005 7.6000000000000005 1 0 0 0 0 0 0 0 10.4 1.6 0 0 0 0 6.6000000000000005 0 0 2.8000000000000003 0 0 4.800000000000001 3 0 0 0 2 0 0.6000000000000001 0 0 3.2 0 0 0 0 0 0 0 2 0 0 0 0 1 0 0 0 0 0 2.4000000000000004 0 0 0 0 1.4000000000000001 0 0 0.4 0 0.4 0 10 1.2000000000000002 5.6000000000000005 13 5.4 10.4 6.2 0 2 0 6.6000000000000005 0 5.800000000000001 0 0 6 11.8 0 6.2 0 3.8000000000000003 0 0 0 0 0.4 0 0 0 0 0 0 0 2.2 0 0 1.4000000000000001 0 0 7.4 3.4000000000000004 0 0 0 0 0 0 0 0 0 0 0 0 0 0 0 0 0 0 0 0 0 0 0 0 0 0 0 0 0 0 0 0 0 0 3 0 0 48.400000000000006 15.600000000000001 0 0.4 2.2 0 0 0 0 0 0 0 0 0 0 0 1.4000000000000001 0 0 0 0 0 0.2 0 0 0 0 0 2.6 2 0 0 0 
 0 0.4 0 0 0 0 0 0 0 0 0 0 0 0 0 0 0 0.4 0 0.4 77.80000000000001 64.60000000000001 0 92.2 14.4 50 34.6 48.2 16.400000000000002 22.400000000000002 12.200000000000001 7 27.8 29.200000000000003 46.2 48.6 23.8 25.6 16.2 9.600000000000001 0 0 0 0 0 0 0.4 3 0 0 0.6000000000000001 0.4 0.6000000000000001 0.4 0 0 0.4 0 12.4 12.4 0 0 0 0 0 0 0 0 0 0 0.4 0 0.4 0 0 0.4 0 0 1 0.6000000000000001 0 0 0 9.200000000000001 0 0 0 0 1.8 0 4.800000000000001 0 0 0 0 0 0 0 0 0 2.6 2.6 1.8 5.4 2 1.4000000000000001 0.8 0 8 1.6 1.6 0.6000000000000001 0 4.4 2.2 1.8 6.2 1.4000000000000001 1.8 2.8000000000000003 0 0 0 0 0 0 1.2000000000000002 0 0 0 0 0 1.4000000000000001 0 0 3.8000000000000003 0 0 2.4000000000000004 6.4 0 0 0 0 0 1 0 0 0 0 0 0 0 0 0 0 0 2.4000000000000004 0 0 0 0.6000000000000001 0 0 0 0 0 1 0 0 0 0 2.2 0 0.2 0 0 0 0 0 2.4000000000000004 0 6.6000000000000005 2.4000000000000004 4.4 5.2 6 7 7.6000000000000005 1.6 2.6 3.6 0.2 2.4000000000000004 5.2 3.6 0.4 6.4 3.4000000000000004 0 0.2 0 0 0 0 0 2 0 0 0 0 0 0 1.4000000000000001 0 0 0 0 0 2.4000000000000004 0 0 0 0 0 0 0 0 0 2 0 0 0 0 0 0 0 0 0 0 0 0 0 0 0 0 0 0 0 0 0 0 0 0 1.4000000000000001 0.4 0.4 8.6 0.4 0.6000000000000001 0.4 1.8 0 0 0 0 10.4 0 0 0 0 0 0 0 0 0.2 0 0 0 0 0 0.6000000000000001 0 0 0 2 0 0 0 0 
 0 0 12 0.4 0 0 0 0.4 0.4 0 0 0 0 0.4 0 0 0 0 0 0 24.400000000000002 42.800000000000004 92.2 0 33 114.2 28.400000000000002 26.6 93.60000000000001 36.2 36.4 8 12.8 37.6 71 33 94.4 36.2 17.2 30 0 0 0.2 0 0 0 20.6 0 0 0 0.6000000000000001 0 27 0.4 0 0 0.4 0 25 0.2 0 0 0 0 0 0 0 0 0 0 0 0 0.4 0 0 0.4 0 0 0.4 0.6000000000000001 0 0 0 0 0 0 0 0 0 0 0 0 0 0 0 0 0 0 0 0 0 0 7.800000000000001 0.6000000000000001 2.4000000000000004 5 0 0 0 0 3.4000000000000004 4 0 5.800000000000001 5.2 1.8 0 4.2 0 0 0.8 0 0.2 0 0 0.4 10 2.4000000000000004 0 0 0 0 2.2 2 0 0 0 0 3.6 5.6000000000000005 0 0 0 0 0 0 0 0.4 0 0 0 0 0 0 0 0 0 0 0 0 0 0 0 0 0.2 0 0 0 0 0 0 0 0.2 0 0 0.6000000000000001 0 0 0 0 0 0 0.4 3 6.6000000000000005 0 0 6.2 4.4 3.6 0.4 3.6 0 3.6 2.8000000000000003 5 2.2 2.4000000000000004 0 0 1.4000000000000001 0 0 0 0 0 0 0 0 0.4 0 0 0 3.6 0.2 3.6 0 0 8.200000000000001 0 0 0 0 0 0 0 0 0 0 0 0 0 0 0.4 0.2 0 0 0 0 0 0 0 0 0 0 0 0 0 0 0 0 0 0 0 1.6 0.2 0 8.200000000000001 8.200000000000001 0 6.2 0 0 0 0 0 0 0 0 0 0 0 0 0 0 0 0 0 0 0 0 1.2000000000000002 0 5.4 0 0 4.800000000000001 0 0 0 
 0 0 0 0.4 0 0 0 4.6000000000000005 0 0.2 0 0 0.2 0 0.4 0 0 0 0 0 11.200000000000001 36.6 14.4 33 0 18.400000000000002 28.400000000000002 7.4 24.6 84 54.2 43.400000000000006 30.8 16.6 16.2 14.600000000000001 19.8 67.8 12.8 22 0 0.2 0 12 0 0 24 0 0 0 14.8 0.2 32.800000000000004 13 18.8 0 0.4 0 25.200000000000003 26 0.2 0 0 0 0 0 0 1.6 0 1.2000000000000002 0 0 0.4 0 0 0.4 0 0 0.6000000000000001 0.6000000000000001 0 0 0 0 0 0 0 0 0 0 0 0 0 0 0 0 0.4 0 0 0.2 0 0 3 1.8 7.6000000000000005 2 0 2.4000000000000004 0 3.8000000000000003 6.2 0 0 3.6 0 0 0 0.2 1.6 0.2 4.2 3.8000000000000003 3 0 0 0 2.2 8.6 0 6.800000000000001 0 0 2.4000000000000004 5.6000000000000005 5 0 0.2 0 0.2 1 0 0 0 0 0 0 0 0 0 0 0 0 0 0 0 0.4 0 0 0.2 1.2000000000000002 0 0.2 0 0 0 0 0 0.2 0 0 0 0 0 0 0 1 0.2 0 0 0 0 4.4 0.2 4.6000000000000005 0 0.2 0 0 3 0 7.6000000000000005 2.2 0 0 0 1.6 0 0 0 0 0.2 6 0 0 0 0 0 0 0 0 0 0 6 7 7 2.2 0.2 0 6.6000000000000005 2 0 0 0.6000000000000001 0 0.4 0 0 0 0 2 0 0 0 0 0 0 0 0 0 0.2 0 0 0 0 0 0 0 0 0 0 0 0 0 0 0.8 0 0.6000000000000001 1 30.200000000000003 0.6000000000000001 2 0 0 0 0 0 0 0 0 0 0 0 0 0 0 0 0 0 0 0 0 0 0 0 0 0 1.8 0 0 0 
 0 0 0 2.8000000000000003 0 0 18.2 0.6000000000000001 0 0.2 0 0 0 0 0 0 0 0 0 0 6.4 10.8 50 114.2 18.400000000000002 0 52.800000000000004 8.8 27.8 69 47.2 47 7 22.200000000000003 17.2 10 43.400000000000006 28.200000000000003 11 11.8 11.200000000000001 54.800000000000004 0 0 0 0 12.8 10.600000000000001 0 0 0.6000000000000001 0 12.600000000000001 44.400000000000006 23.200000000000003 0.2 0.4 0 0 11.8 0 0 0 0 0 0 0 0 0 0 0 0 0.4 1.6 0 0.6000000000000001 0 0 0.4 0.6000000000000001 0 0 0 0 0 0 0 0 0 0 0 0 0 0 0 0 0 0 0 0.4 0 0 2.2 2.6 2.2 1.4000000000000001 0 0 0 0 0 8.6 0 0 3.4000000000000004 0 0.2 6.4 0 0.4 4 3.8000000000000003 0 2.4000000000000004 0 0 5 0 0 3.8000000000000003 4.4 0 7.6000000000000005 9.200000000000001 6 2.8000000000000003 0.2 0 3.4000000000000004 2 0 0 0 0 0 0.2 0 0 0 0 0 0 0 0 0 0 0 0 0 0 0 0 0 0 0 0 0 0 0 0 0 0 0 0 0 0.2 0.2 0.2 0 0 0 2.2 2 0.2 5.4 2.4000000000000004 0 2.4000000000000004 2.8000000000000003 4.2 1.8 10.200000000000001 0 0 0 0 1.6 2.4000000000000004 0 0 1.8 1.8 6 0.2 0 0 3 0 5.2 0 0 0 0 4.800000000000001 5 0 2 0 7.4 10.4 0 0.4 0 0 0.2 0 0 0 0 0 0 0 0 0 0 0 0 0 0 0 0 0 5.2 0 0 0.2 0 0 0 0 0 0 0 0 2.6 0.2 1 0.2 16 0 0.8 0.6000000000000001 0 12.8 0 0 0 0 0 0 0 0 0 0 0 0 0 0.4 0 0 0 3.2 0 0 0 0 0 0 0 0 
 0.8 0.4 0.4 0.6000000000000001 0.4 19.200000000000003 0.6000000000000001 0.4 0.4 30 15.8 32 13.8 0.4 1.4000000000000001 0.8 15 14.8 1.4000000000000001 0.6000000000000001 40.800000000000004 36.4 34.6 28.400000000000002 28.400000000000002 52.800000000000004 0 25 11.4 81.80000000000001 22.200000000000003 10.8 141 46.6 29.400000000000002 66 60 7.4 24.200000000000003 21.400000000000002 0 14.200000000000001 0.2 0 0 0 0.2 12.4 0 0 1.8 0 0 0.4 1.2000000000000002 0 0.4 0 12.8 0.4 0 0 0 0 0 0 0 2 0 1.2000000000000002 0 0.2 0.4 0 0 0.4 0 0 0.6000000000000001 9 0 0.2 0.4 0 2.6 6.4 0 4.6000000000000005 0 0 0 2.6 0.4 0 0 0.2 0 3.2 0.4 0 2.6 3.8000000000000003 0 0.4 3.2 3.2 7 5.2 2.6 4.800000000000001 4.4 0 0.2 3.8000000000000003 0 1.6 2.4000000000000004 2.2 0.4 3.4000000000000004 0 0 0 0 0 0 0 0.2 0 0 0 0 0 0 0 0 0 0 0 0 0 0 0 3.8000000000000003 0 0 0 0 0 0 0.2 0 0 0 0 0 0 0 0.4 0 0.2 0 0 3.2 2.6 0.2 0 0 1.2000000000000002 3.8000000000000003 2.4000000000000004 5.800000000000001 0.4 0 0 1.8 1 0.4 0.4 0 6.4 8 0 1.8 1.6 2 1.6 2 0 3.2 3 2.2 2.8000000000000003 4.800000000000001 4.800000000000001 7.6000000000000005 0 0.4 0.2 0.2 0 0 0 0 0 0 0 0 0 0 0 0 0 0 0 0 0 0 0 2.4000000000000004 0 0 0 0 0 0 0 0 0 0 0 0 0 0 0 0 0 0 0 0 0 0 0 0 0 0 11.200000000000001 0 0 0.4 0 2.6 0 0 1.2000000000000002 0 0.4 16.6 0 0.4 0.4 0 0 0 0 0 0.2 0 0 0 0 0 0 0 0 0 0 0.4 0 0.2 0 0 0 0 0 2.6 0 0 0 0 
 0 15.4 0.4 0.4 0 15.4 0 0.4 0 0 0 15 0 0 0 0 0 0 0 11.8 18.2 40 48.2 26.6 7.4 8.8 25 0 27.8 7.800000000000001 38.6 6.800000000000001 41 12.4 5.6000000000000005 27.6 5.4 18.400000000000002 40.400000000000006 10.200000000000001 12.200000000000001 0 0 0.6000000000000001 0 0 0.2 1 0.6000000000000001 0 1.2000000000000002 0.4 0 1 0 0 0.4 0.6000000000000001 4.800000000000001 2.8000000000000003 0 4.800000000000001 0.2 0 0 0 0.8 0.8 0 0.4 0 0 0.4 0 0 7.4 0 0 0.6000000000000001 0.6000000000000001 0 0 0 0.2 0.2 4 0 0 0 0.2 2.4000000000000004 0 0 0 0 0 0 0 0 0 5 0 1.6 3.6 0 1.4000000000000001 4 3.2 2.6 1.8 3.6 1.8 0 6 0 7 2.4000000000000004 0 4.4 8.8 0 0 0 0 0 0 2.2 0 0 0 0 4 3.6 0 0 0 0 0 1.4000000000000001 2.6 0 0 0 0 0 0 0 0 0 0 0 0 0 0 0 0 4.800000000000001 0 0 0 0 0.4 0 0 5.4 0.2 0 1.8 0 0 0 2.6 0.8 0 0 0.2 0 0 0 0 8.6 4 3.8000000000000003 0 1 0 4.6000000000000005 7 4.4 8.4 0 0 0 3 4.2 2.6 5 0.4 2.4000000000000004 8.200000000000001 0 0 0 0 1.4000000000000001 0 0 0 0 0 0 0 0 1.8 0 0 0 0 3.6 0 0 0 0 0 0 0 0 0 0 0 0 0 0 4.6000000000000005 0 0 2.8000000000000003 0 0 0 0 0 0 0 0 0 0 0 0 0 0 0 0 0 1.8 0 0 0 14.8 0 0 0 0 0 0 0 0.4 0 0 0 2 0 0 0 0 3.2 0 0 0 1.6 0 1.4000000000000001 0 0 0 0.2 0 0 0 0 
 0.2 0 0.2 0.4 0 0 0.6000000000000001 0.2 0.2 0.4 0 0 0.2 0.2 0.2 0 0.8 0 0.4 0.8 23.6 10.8 16.400000000000002 93.60000000000001 24.6 27.8 11.4 27.8 0 23 20.200000000000003 3 18.8 19.6 20 70.60000000000001 24.400000000000002 40 58.2 13.8 0.4 0 0 2 0 0.2 3.6 0.4 0 0 0.6000000000000001 0 16.8 0.4 0 0 0.4 0 41.2 0 0 0 0 0 0 0.4 0 0 0 0 0 0 0.4 0 0 0.4 14.8 0 0.6000000000000001 0.6000000000000001 0 0 0 0.4 0 6 0 0 0 0 0 0 0 0 0 0 0 0 0 0 0.4 0 1.8 3.2 2.4000000000000004 2.2 0 1 3.8000000000000003 0.2 2.2 4 0 8 2 2.4000000000000004 0 2.6 0 4 10.4 0 5.2 0 0.4 0 5 2.2 0 0 0 0 2.2 0 0 0 0 0 0 0.4 0 0 0 0 0 0.4 0 0 0.8 0 0 0 0 0 0.2 0 0 0 0 0 0 0 0 0 0 0 0.2 0 0 0 0 0 0 0 0 1 0 0 0 0 0 4.800000000000001 0 0 2.6 0 3.6 7.4 2.2 1.6 2.6 2.2 0 2.8000000000000003 2.4000000000000004 0.4 5 2.4000000000000004 0.8 6 0 0 0 0 0 0 0 0 0 0.2 0 0 2 2.6 0 0 0 0 2.2 0 0 0 0 0 0 0 0 0 0 0 0 0 0 0 0 0 0 0 0 0 0 0 0 0 0 14.4 0 0 0 0.4 0 0 0 0 2.6 0.2 0 0.4 15.600000000000001 0 3.2 0.4 0 0 0 0 0 0 0 0 0 0 0 0 0 0 0 0 0 0 0 1.6 0 0 0 2.6 0 0 0 0 
 0.8 0.6000000000000001 1 15.4 0.6000000000000001 15.4 0.6000000000000001 0.6000000000000001 0.6000000000000001 0.8 0.6000000000000001 0.6000000000000001 0.6000000000000001 0.6000000000000001 0.6000000000000001 1 0.6000000000000001 0.6000000000000001 0.6000000000000001 0.6000000000000001 11 25.400000000000002 22.400000000000002 36.2 84 69 81.80000000000001 7.800000000000001 23 0 37 39.2 64 28 31 64.8 34.2 26.400000000000002 19.400000000000002 37.800000000000004 12.4 4.6000000000000005 0.6000000000000001 0.8 0.4 0.4 13.600000000000001 0 0.2 1 0.6000000000000001 0.2 14.200000000000001 19.200000000000003 12.8 0.2 0.4 0 55.400000000000006 26.200000000000003 0 0 0 0 0 0 0.8 0.8 0.4 0 1.6 1.2000000000000002 0.4 2.8000000000000003 0 0.4 0 0 0.6000000000000001 0.6000000000000001 0 0 0.4 0 0 1.8 0 0 0 0 0 0 0.2 0 0 0 0 0.4 0 0 0 1.2000000000000002 0 2.2 4 2.4000000000000004 1.8 0 0 1.2000000000000002 0 13 0 4.4 0 2.4000000000000004 2 2.8000000000000003 0 0 0 1.6 3.2 0 0 0 0 0 0.2 4.6000000000000005 0 0 1.6 6 5 4 0.2 0 1.8 12 0 0 0 3.6 0 0 0 0 0 0 1.6 0 0 0 0 0 0 0 0 0 0 0 0.2 0 0 0 0 0 0 0 0 0 0 0 0.6000000000000001 0 0.6000000000000001 0 0 0 1.6 0 0 2.6 4 0.2 0 7.4 6.800000000000001 0 11 1.4000000000000001 1.6 4.800000000000001 2.4000000000000004 0 0 1.4000000000000001 0 0 5.4 5.800000000000001 0.4 0 0 0 6.6000000000000005 0 2.4000000000000004 2.2 4 0 0 4.2 15.600000000000001 0 0 3.8000000000000003 13.200000000000001 0.2 0 0 0 0 0 3.6 0 0 0 0 0 0 0 0 0 0 0 0 0 0 0 0 0 0 0 0 0 0 0 0 0 0 0 0 2.4000000000000004 0 0.4 0.2 0 0.4 0 0.4 0 0 0 0 0 0 0 0 0 0 0 0 0 0 0 0 0 0 0 0 0 0 0 0 0 0 0 0 
 0.4 0.2 0 0.4 0 0 0 0.8 0.2 0 0 0 0.6000000000000001 0 0.4 0 0.2 0.2 0 0 40.400000000000006 95.80000000000001 12.200000000000001 36.4 54.2 47.2 22.200000000000003 38.6 20.200000000000003 37 0 59.400000000000006 33.6 73.60000000000001 10.200000000000001 28.8 68.4 40 10 15.600000000000001 0 0 0 0 0 0 12.4 0 0 0 0.6000000000000001 0 0 0.4 0 0 0.4 0 26 12.4 0.4 0 8.200000000000001 0 0 0 0 0 0 0 0 0 0.4 0.2 0 0.4 0 0 1 6.800000000000001 0 0 0 0 0 0 0 0 0 0 0 0 2.2 0 0 0 0 0 1.8 0 3 4.2 4 2.2 3.8000000000000003 4.6000000000000005 0 0 0.2 2 1.4000000000000001 2.6 0 2.6 0.2 0 2.8000000000000003 18.6 0.2 0 0.2 1 0 0 0 0 5.2 3.8000000000000003 0 0 0 0 2.2 5.800000000000001 0 0.4 0 0 6.4 6 0 0 0 0 0 1 0 0 0 0 0 0 0 0 0 0 0 0 0 0 0 0 0 0 0 0 0 4.800000000000001 0 0 0 0 0 2.6 2.8000000000000003 0.8 0 0 0 0 0 1.6 11.600000000000001 2.4000000000000004 9.600000000000001 5.2 0 2.2 2.4000000000000004 5.6000000000000005 0 6.6000000000000005 0 0 0.2 2.2 1.4000000000000001 2.6 0 0 3.6 0 0 0 0 0 0 0 0 1 0 0 1.4000000000000001 5 2.4000000000000004 0 0 0 13.600000000000001 4.4 0 0 0 0 0 0 0 0 0 2 0 0 0 0 0 0 0 0 0 0 0 0 2 0 0 0 0 0 0 0 0 0 0 0 0.8 0 0 4.2 24 0.8 1.6 0.2 0 0 0 0 0 0 0 0 0 0 0 0 0 0 0 0 0 0.2 0 4.800000000000001 0 0 0 0.2 5.4 0 0 0 
 0 15 0 0.4 0 0 0 0.4 0 0 0.2 0.2 1.2000000000000002 0 0 0.4 0 0 0.2 0 4.800000000000001 4.800000000000001 7 8 43.400000000000006 47 10.8 6.800000000000001 3 39.2 59.400000000000006 0 10.4 5.2 6 3.6 16.400000000000002 12.4 10.4 8.200000000000001 36.4 0.6000000000000001 0.2 12.200000000000001 0 0 4.6000000000000005 12.8 0.4 0 1 0 4 16.400000000000002 18.6 0 0.4 0 0.2 26.6 0.4 0 0.6000000000000001 0 0.4 2.8000000000000003 0 0 0 0 0.2 0 0.4 1.2000000000000002 0 1.6 0 0 2 0.6000000000000001 0 0 0 0 0.2 0 0 0 0 3.4000000000000004 0 0.4 0 0 0 0 0 0 0 0 0 0 0 0 1 4.6000000000000005 0 0 0 0 2 0.2 0 0 0 0 0 0.2 0 0 7.6000000000000005 4 3.6 3.4000000000000004 0 0 6.6000000000000005 19 0.2 6 0 0.4 0.2 18 6.2 0.8 0 2.6 11.8 2.2 0 0 0 0 0 0 0 0 0 0 0.8 0 0 0 0 2.2 0 0 0 0 0 0 0 0 0 0 0 0 0 0 0 0 0 0 0 0 0 0 0 0 0 0 0 2.8000000000000003 3.2 5.6000000000000005 0 0 0 0 4.4 0.2 0 0 0 0 0 0 0 0 8.4 24.6 9.600000000000001 0 2.6 0 13.200000000000001 0 0 6.6000000000000005 0.4 0 4.4 3.2 8.8 6.2 0 4.6000000000000005 6.4 4.6000000000000005 0.4 0 0 0 0 0 1.8 1.6 0 0 0 0 0 0 0 0 0 0 0 0 0 0 0 0 0 0.4 0 0 0.2 0 0 0 0.4 0 1.6 0 0 0.4 1.6 0.4 6.2 0 0 0 0 0 0 0.4 0 0 0 0 0 0 0.4 0 0 0 0 0 0 0.2 0 0 0 0 0 0 0 0 
 0.4 0.8 0.8 1 16 19.6 0.4 3.2 0.4 0.6000000000000001 0.4 27.400000000000002 0.4 0.6000000000000001 0.4 0.6000000000000001 15 15.4 0.4 0.4 19 36.800000000000004 27.8 12.8 30.8 7 141 41 18.8 64 33.6 10.4 0 54.400000000000006 26.8 68 10.200000000000001 5.800000000000001 91.60000000000001 92.2 1 0.2 0.8 0 0 0 3.6 0 0 0.4 0.6000000000000001 1 0 0.4 0.4 0 0.4 0 0.4 12.200000000000001 0 0 0 0 0 0 0 0 0 0.2 1.6 0 0.4 0 0 0.4 0 0 0.6000000000000001 0.6000000000000001 0 0 0 0 0 2 0 0 0 0 0.2 0 0 0 0 0 0 0 0 0 7.2 6.6000000000000005 3.2 0.6000000000000001 0 3.8000000000000003 6.6000000000000005 1.2000000000000002 4.6000000000000005 7 1.8 2.8000000000000003 1.6 0.4 1.8 6.800000000000001 4.6000000000000005 2.2 3 4.800000000000001 0 0 0 0 0 0 0 0 0 0 0 0 0 0 0 0 0 0 0 0 0 3.8000000000000003 0 0 0 0 0 0 0 0 0 0 0 0 0 0 0 0 1.6 0 0 0 0 0 1.8 0 0 0 0.2 0 0 5 0.2 0 2.6 0 1.4000000000000001 0.2 0 0 6.2 3 0 2.8000000000000003 1.8 2.4000000000000004 0.2 4 0 1.4000000000000001 0 2.2 4 3.8000000000000003 7.800000000000001 10.200000000000001 10.200000000000001 6.4 3.2 3.6 0 0 0 0 0 0 0 0 0 0 0 0 0 1.4000000000000001 0 0 0 0 0 2.6 0 0 0 0 0 0 0 0 0 0 0 0 0 0 0 0 0 0 0 0 0 0 0 0 0 0 0 0 0 0 0 0 0 0 1.8 0 0.4 15.8 0 0 0.4 0 0 0 0 0 0 0 0 0 0 0 0 0 0 1.2000000000000002 0 0 0 0.4 0 0 0 0 0 2.6 0 0 0 0 
