 0 37 17.8 14.200000000000001 9 9 40.6 69.8 52 8.4 8.8 6.2 31.6 51.800000000000004 27.6 45.800000000000004 32.6 47.800000000000004 27 62.6 0.6000000000000001 0.6000000000000001 0.2 0.4 0.4 0 0 16.8 0.6000000000000001 0.6000000000000001 0 0 6.4 0.2 0.6000000000000001 0.6000000000000001 0 0 0 0 0 0.2 0 0 0.4 0.2 0.2 0 0.8 0.6000000000000001 0 0 0.4 0 0.6000000000000001 0.6000000000000001 0.4 0.2 0.4 0 0 0 8.6 0 0.4 1 0 0 0 0 0 0 0 8.4 0 1 0 0.6000000000000001 0.6000000000000001 0.6000000000000001 2.8000000000000003 0 6.6000000000000005 0 0 0 17.400000000000002 0 4.6000000000000005 8.4 0 7.4 3.8000000000000003 2 3.8000000000000003 0 1.8 2.2 2.2 7.800000000000001 0 0 0 0 0 0 0 0.4 0 0 0 0 0 0 0.2 0 0 0 0.2 0 0 0 2 0 0 2 0 0 0 0 0 0 0 0 0 0 0 0 0 0 3.8000000000000003 0 0 0 0 0 0 0 0 0 0 0 0 0 0 0 0 0.4 0 0 13.4 1 0.2 0 3.4000000000000004 0 5 5.4 0 0 0.6000000000000001 0 8.6 3.8000000000000003 6.2 10.600000000000001 3.2 8 3.8000000000000003 2.6 0 0 0 0 0 0 4.6000000000000005 0 0 0 0 0.2 0 0 0 0 0 0 0 0 0 0 0 0 0 0 0 0 0 0 0 0 0 0 0 0 0 0 0 0 0 0 0 0 0 0 0 0 0 0 0 0 0.4 0 0 0 0 0 0 0 0 0 0 0 0 0.8 12 0 0 0 0 1.6 0 0 0 0 0 0 0.4 0 0 0 0 0 0 0 0 0 0 0.4 0 0 0 0 0 1.8 0 0 0 0 0 0 0 0 0 0 0 0 0 1.4000000000000001 
 37 0 36.2 68.4 27.200000000000003 8.200000000000001 16.2 48.2 37.800000000000004 18 9.600000000000001 28.400000000000002 28 44.400000000000006 26.8 7.6000000000000005 21.6 13.4 10.600000000000001 44.6 0.2 0.6000000000000001 0.6000000000000001 0.4 0.8 0 0 0 1 1.2000000000000002 0 0.2 0 0.2 0.6000000000000001 1.8 0 0.2 0.4 0 0 0 0 0.6000000000000001 1 0 0 0 0.6000000000000001 1 0.6000000000000001 0 0.6000000000000001 0 0.6000000000000001 0.6000000000000001 0.4 0 0.6000000000000001 0 0.4 0.6000000000000001 0 0.4 0.4 1.2000000000000002 0.4 0.4 10.200000000000001 0.6000000000000001 0 4 0.4 0.6000000000000001 0.4 0.6000000000000001 0 8 0.6000000000000001 0.6000000000000001 9.8 3.6 0 6.800000000000001 1.4000000000000001 2 5 1.4000000000000001 3.8000000000000003 6 0 8.200000000000001 3.6 8.200000000000001 5.6000000000000005 3.2 8.4 2 0 0.2 0 0 0 0 0 0.2 0 0 0 0 0 0 3.2 0 0 0 0 0 4.6000000000000005 0 0 0 0 0 0 0 0 0 0 0 0 0 0 0.2 0 0 0 0 0 0 0 0 0 0 0 0 0 0 0 0 0 0 0 4 0.4 0 0 0 0 0 0 6.4 6.6000000000000005 2.6 1.4000000000000001 0.2 6.6000000000000005 0 3.8000000000000003 0 5.6000000000000005 2.2 0 2.8000000000000003 5.2 2.8000000000000003 3.2 1.8 1.2000000000000002 1.2000000000000002 0 0 0 0 0 0 0.6000000000000001 0 0 0 0 0 0 0 0 0 0 0 0 8.200000000000001 0 0 1.4000000000000001 0 0 0 0 0.2 0 0 0 0 0 0 0 0 0 0 0 0 0 0 0 0 0 0 0 0 0 0 0 0 0 0 0 0 0 0 0 0 0 0 0 0 0 0 0.2 0.2 18.6 2.6 0 1.8 0 0 0 0 0 0 0.4 0 0 0 0 0 0 0.4 0 0 0 0 0 0 0 0 0 5.2 4.800000000000001 0 0 0 0 0 0 0 0 0 0 0 0 0 
 17.8 36.2 0 52.800000000000004 74 8.6 26.6 37 31.200000000000003 32.2 28.6 68.8 24.8 73.4 72.60000000000001 63.2 81.60000000000001 9.600000000000001 9.200000000000001 19.400000000000002 0.2 0.8 0 0 0.4 0 0 0 0.4 0.6000000000000001 3.8000000000000003 0.4 0 0.8 0 0.4 0 0 0 7 0 0.8 0.6000000000000001 0 1 0 0 0 5.800000000000001 1.2000000000000002 0 0.4 0 0.4 0.6000000000000001 0.8 0 0 0 0 0 0 0 0.4 0 0.6000000000000001 0 0 0 0 0.2 0.4 0 0.6000000000000001 0 0.6000000000000001 2.2 0.2 0.4 0.6000000000000001 2.8000000000000003 6.2 7.800000000000001 1.2000000000000002 3 2.4000000000000004 0 0.2 9.8 0.4 5.4 0 5.2 2.2 4.2 3.2 0.2 4.2 0 0 0 0 0 0 0 0 3.2 0 2.2 0 0 0 5.800000000000001 3.4000000000000004 0 0 0 0.2 0.2 0 0 0 0 0 0.4 0 0 0 0 0 0 0 0 0 0 0 0 0.4 0 0 0.4 0.4 0 0 0 0 0 0 0 0 0 0 0 0 0 0.4 0 0 1 0 0 6.2 4.4 1.8 3 2.4000000000000004 2.8000000000000003 0 7.800000000000001 7.2 0 2 2.6 2.6 2.8000000000000003 0 4.800000000000001 7 0 0 0 0 0 0 0 0 0 0 0 0 0.2 0 0.2 0 0 0 0 0 0.6000000000000001 1.6 0 0 0 0 0 0 0 0 0 0 0 0 0 0 0 0 1.8 0 0 0 0 0 0 0 0 0 0 0 0 0 0 0 0 0 2 0 0 3.4000000000000004 0 0 0 0.2 0 0 0 0.6000000000000001 0 0.4 0 0.6000000000000001 0.2 7.4 0 0 0 0 0 0 0 0 0 0 0 0 0 0 0 0.2 0 0 0 0 0 0 0 0 0 0 0 0 0 0 0 0 0 0 0 0 0 0 
 14.200000000000001 68.4 52.800000000000004 0 22.400000000000002 52.6 38.2 34.6 80.2 52.6 79.2 8.8 27.6 34.800000000000004 15.4 9 8.200000000000001 118.2 20.400000000000002 31.200000000000003 0 0.6000000000000001 0 0 0.6000000000000001 0 0.4 0 0.4 0.6000000000000001 0 0 0 0.2 0 0.6000000000000001 0 0 0 0 0 0.2 0 0 0.4 0.4 0 0 0.6000000000000001 0.6000000000000001 12.600000000000001 0 0 0 0.6000000000000001 0.6000000000000001 0 0 0 0 0.2 0 0 0 0 0.6000000000000001 0 0 0 0 0 0 0 0.6000000000000001 0 0.6000000000000001 0.8 0 0.4 0.6000000000000001 3.2 2.6 3.2 0 0 2 1 0 6.2 4.2 4 4 7.4 10.4 1.6 12 5.2 2.4000000000000004 0 2.6 0 0 0 0 0 0 0.2 0 0 0 0 0 0 0.4 0 0 0.2 0 0.4 0 0 0.2 0 0 0 2 0 0 0 0 0 0 0 0 0 0 0 0 0 0 0 0 0 0 0 0 0 0 0 0 0 0 0 0 0 0 0 0 1.8 0 0 4.800000000000001 3 0.2 1.2000000000000002 0 4.2 2.2 4 3.6 4.2 3.8000000000000003 3.4000000000000004 2.4000000000000004 8.8 3.8000000000000003 7.6000000000000005 4 0.2 0.4 0 0 0 0.4 0 0 0 0 0 0 0 0 0 0 0 0 0 0 0 2.4000000000000004 0 0 0 0 0 0 0 0 0.4 0 0.4 0 0 0 0 0 0 0 0 0 0 0 0 0 2.8000000000000003 0 0 0 0 0 0 0 0 0 0 0 0 0 0 0 0 0 0 0 0 0 10 0 0.4 0.4 0.4 1 0 0 0 0 0 0 0 0 0 0 0 0 0 0 0 0 0 0 0 0 0 0 0 0 1.8 0 0 0 0 0 0 0 0 0 0 0 0 0 
 9 27.200000000000003 74 22.400000000000002 0 36 9.200000000000001 92 61.2 97.2 18 11 17.8 13.600000000000001 33.6 34.6 53.800000000000004 34.800000000000004 58.6 16.8 0 0.6000000000000001 0 14.8 0.8 0 0.6000000000000001 0 0.4 0.8 0.4 0 14.8 7.4 0 0.6000000000000001 0.4 0.4 15.600000000000001 33.2 0 0.2 0 0 0.4 0 0 0 1.8 0.6000000000000001 0 12.4 0 0 0.6000000000000001 0.4 0 0 0 0.2 0 2.2 0 0.2 0 0.6000000000000001 0 0.2 0 0 0 0 0.2 5.800000000000001 0 0.6000000000000001 0 0 0.4 0.6000000000000001 0 3.4000000000000004 0.2 2.6 1.6 1.2000000000000002 0 0 0 6.6000000000000005 0 4.6000000000000005 1.6 4 10.8 2.2 0 7.4 0 0 0.2 6 0 0 0 0 4.2 0 0 0 0 0 0.2 0 1.6 0.8 0 0 8.4 1.8 0 0 0 0 0 0 0 0 0 0 0 0 0 2.6 0 0 0 0 0 0 0 0.8 0 0 0.2 0 0 1.2000000000000002 0 0 0 0 0 0 0 0 0 0 0 0 0 5.4 0.6000000000000001 4 0 7 0 3 4.800000000000001 5 0 1.8 0 0 0 9.600000000000001 0 5 0 1 4 2 0 0 0 0 0.2 2 1.2000000000000002 0 0 0 5.4 0 4.2 0 0 0 5 9 0 0 0 3.8000000000000003 0 0 5 0 0 0 0 0 0 0 0 0 2.8000000000000003 0 0 0 0 0 0 0 0 0 0 0 0 0 0 0 0 0 0 0 0 0 0 0 0 0 0 0 0 1.4000000000000001 0 0 0.8 0.4 4 1.4000000000000001 0.6000000000000001 0 0 0 0 0 0 0 0 0 0 0 0 0 0 0 0 0 0 0 0 0 0 0 0 0.8 0 0 0 0 0 0 0 0 0 0 0 0 
 9 8.200000000000001 8.6 52.6 36 0 70.2 6.2 69.60000000000001 16.400000000000002 34.4 14.8 8 37 12.600000000000001 25.200000000000003 15.8 48 11.8 14 0.4 0.6000000000000001 0 0 0.8 0 17 0 0.4 0.4 15 0 30.200000000000003 9.200000000000001 0.2 0.6000000000000001 0 0 15 22.400000000000002 0 0 0 0 0.4 0 7 0 0.6000000000000001 0.6000000000000001 0 0 0 0 0.6000000000000001 0.6000000000000001 0 0 0 0 0 0 0 0 0 0.6000000000000001 0 0 0 0 0 0 0 0.6000000000000001 0 0.6000000000000001 0 0 0.6000000000000001 0.6000000000000001 0 0 0 0 13.200000000000001 3.8000000000000003 0 1.8 0 2 3 2 0 0 0.2 0 1.8 0.4 0 0 5.6000000000000005 2.8000000000000003 0.2 0 0 0 3.6 0.2 0 2.2 2.6 0 0.2 4.2 4.2 2.2 0 5.800000000000001 4.2 7.6000000000000005 0 0 0 0 0 0 0 0 0 2.4000000000000004 0 0 0 0 0.6000000000000001 0 0 0 0 0 0 0 0 0 0 0 0 0 0 0 0 0.6000000000000001 2.4000000000000004 0 0 0 0 0 0 0 0 0 0 2 3.4000000000000004 0 0 0 3 1.4000000000000001 0.2 0 0.4 0 0.2 5.2 3.4000000000000004 0 0 0 1 0 0 0 0 0 3.2 3.4000000000000004 1.6 3 0 0.2 2.2 3.8000000000000003 0 6.2 0.2 0 3 4 0 0 0 0 0 0 0 0 0 2.4000000000000004 0 0 0 0 0 0 0 0 0 0 0 0 0 0 0 0 0 0 0 0 0 0.4 0.2 0 0 0 0 0 0 0 0 0 0 0 0 0 17.2 0.2 0.4 8.8 3.4000000000000004 0 2 0 0 0 0 0 0 0 13 2.8000000000000003 0 0 0 0 0 0 0 0 0 0 0 0 0 0 0 0 0 0 0 1.8 0 0 0 0 0 0 0 0 
 40.6 16.2 26.6 38.2 9.200000000000001 70.2 0 33.800000000000004 11.600000000000001 7.6000000000000005 14.200000000000001 23 14.8 65 26.200000000000003 48.2 29 9.4 58 13.600000000000001 0 0.6000000000000001 0 0 0.8 0 0 0.2 0.4 0.6000000000000001 0 0 0 0.2 7 0.6000000000000001 0 0 0 0 0 0 0 0 0.4 0 0 0 0.6000000000000001 0.6000000000000001 0 4.2 0 0 0.6000000000000001 0.6000000000000001 0 0 0 0 0 0 7.6000000000000005 0 0 0.6000000000000001 0 0 0 0 0 0 0 0.6000000000000001 0 22.200000000000003 0.6000000000000001 0.2 0.6000000000000001 0.6000000000000001 0.2 2.4000000000000004 5.4 0.2 0 2 0 6.2 5.4 0 1.6 0 9.8 0 4.800000000000001 6.2 0 1.6 5.4 9 0.2 0 0 0 0 0 0 0.4 0 0 0 3.8000000000000003 0 0 0.2 0 0 0 0 0 0 1.4000000000000001 0 0 0 0 0 0 0 0 0 0 2 0 0.2 0.2 0 0 0 0 0 0 0 0 0 0 0 0 0 0 0 0 0 0 0 0 0 0 0 0 2.2 3.2 2 0 2.8000000000000003 0 3.6 6.4 7.2 2.6 0.2 0 2.2 2.6 3.6 0.4 0 4.800000000000001 1.6 0 0 0 0 0 2.8000000000000003 0 0 5.2 0 0 0 0 0 0 0.2 0 0 0 0 0 0 0 0 0 0 0 0.2 0 0 0 0 0 0 0 0 0 0 0 0 0 0 0 0 0 0 0 0 0 0 0 0 0 0 0.4 0 0 0 0 0 0 0 0 0 0 0 0 0.6000000000000001 0 0.2 0 0 2.2 0 0.4 0 0 0 0 0 0 0 0 0 0 0 0 0 0 0 0 3 0 0 0 0 0 3.2 0 0 0 0 0 0 0 0 0 0 0 0 0 
 69.8 48.2 37 34.6 92 6.2 33.800000000000004 0 35.2 8.200000000000001 92.4 4.6000000000000005 37.2 34.6 40 30.400000000000002 6.2 25.8 33.2 73 0 0.6000000000000001 0 5 0.6000000000000001 0 0 0 0.4 0.6000000000000001 0 0 0 0.2 0 0.6000000000000001 0 0.2 0.2 0.2 0 0 5.2 0 0.4 0 0 0 0.6000000000000001 0.6000000000000001 0 6.6000000000000005 0 0 0.6000000000000001 0.6000000000000001 0 0 0 0 0 8.8 0 0.2 0 11.200000000000001 0.8 0 0 0.2 0 0 0 0.6000000000000001 0 0.6000000000000001 0 0 0.4 1.4000000000000001 7 6.2 9.600000000000001 6.6000000000000005 0 0 3.6 0.6000000000000001 5.6000000000000005 1.6 0.8 4.4 1.2000000000000002 4.2 2 7.2 2.8000000000000003 4.2 0 2 0 0 0 0 0 0 0 0 0 0 0 0 3.8000000000000003 0 0 0 0 0 0 0 0 0 0 0 0 0 0 0 0 0 5.6000000000000005 0 0 0 0 0 0 0 0 0 0 0 0 0 0 0 0 0 0 0 0 0 0 0 0 0 0 0 0 0 0.4 2.8000000000000003 1.4000000000000001 0 0 0 11 3.2 0 0 2.2 2.2 3.8000000000000003 0.4 1.8 0 4.800000000000001 4.4 1.6 1 0 0 0 0 0 0 0 0 0 0 0 0 0 0 0 0 0 0 0 0 0 0 0 0 0 0 0 0 0 0 0 0 0 0 0 0 0 0 0 0 0 0 0 0 0 0 0 0 0 0 0 0 0 0 0 0 0 0 0 0 0 0 0 0 0 0 0.4 0 26.6 0.4 0 2 0 0 0 0 0 0 0 0 0 0 0 0 0 0 4.4 0 0 0 0 0 0 0 0 3.4000000000000004 0 0 0 0 0 0 0 0 0 0 0 0 0 0 
 52 37.800000000000004 31.200000000000003 80.2 61.2 69.60000000000001 11.600000000000001 35.2 0 15.600000000000001 9.600000000000001 30.200000000000003 18 52.6 20.6 17.8 52.800000000000004 96 19 55.400000000000006 0 0.6000000000000001 0 0.4 0.6000000000000001 0 0 0 0.8 0.6000000000000001 0 0 0 0.2 0 0.6000000000000001 0 0.2 0 14.8 0 0 0 0 1 0 0 0 0.6000000000000001 1 0 0.4 13.200000000000001 0 13.4 1.2000000000000002 0 0 0 0 0 0 0.6000000000000001 0 0 0.6000000000000001 0.4 0 0 0 0 0 0 0.6000000000000001 0.2 0.6000000000000001 0 0 0.4 0.6000000000000001 3.4000000000000004 3.2 0.4 8.8 5.4 7.4 0 3.6 2.8000000000000003 5.6000000000000005 6.6000000000000005 7.2 0 6.800000000000001 13 4.6000000000000005 5.6000000000000005 0.4 0.2 0 0 0 0 0 0 0.4 3.4000000000000004 0 0.2 0 0.4 0 5.800000000000001 3.2 0 0 0 0 7.6000000000000005 0 0 0 0 0 0 0 0 0 0 0 0 0.2 0 0 0 2 0 0 0 0 0 0 0 3.4000000000000004 0 0 0 0.8 0 0 0 0 0 0 0 0 0 0 0 0 0 3.4000000000000004 7.6000000000000005 5.4 0 4.800000000000001 3.2 0 4.6000000000000005 2.2 7.2 4.6000000000000005 0 0.2 1 2.8000000000000003 0.8 5.6000000000000005 0 2 5.800000000000001 0 0 0 0 0 0 0 0 0 0 0 3 0 0 0.2 0 0 2 12.200000000000001 0 0 4.4 0 0 0 0 0 0 0 0 0 0 0 0 0 2.6 0 0 0 0 0 0 0 0 0 0 0 0 0 0 0 0 0 0 0 0.4 0 0 0 0 6.4 0 0 0 0.8 0 0.2 1.6 3.8000000000000003 0.4 1.6 0 0 0 0 0 0 0 0 0 0 0 0 0 0 0 0 0 0 0 0 0 0 0 1.6 4.2 5 0 0 0 0 0 0 0 0 0 0 0 0 
 8.4 18 32.2 52.6 97.2 16.400000000000002 7.6000000000000005 8.200000000000001 15.600000000000001 0 29.6 6.800000000000001 69.60000000000001 11 37.800000000000004 55.400000000000006 10.8 5.2 53.400000000000006 35.6 0.2 0.6000000000000001 0 0 0.6000000000000001 0.2 15 0 0.8 0.6000000000000001 0.2 0.2 27.6 0.2 0 1 0.2 0 12.8 0.2 0 0.6000000000000001 0 0.6000000000000001 0.4 0 12.8 0 1.6 0.6000000000000001 0 0 0 0 0.6000000000000001 0.6000000000000001 1.2000000000000002 0 0 0 0 0.4 0.6000000000000001 0 0.4 0.6000000000000001 0 0.2 0 0 0 0.6000000000000001 0 0.8 0 0.6000000000000001 0.8 0 0.6000000000000001 2 0.4 6.800000000000001 2.2 5.6000000000000005 2 5.6000000000000005 2.8000000000000003 0.2 0.4 11.8 0 7.4 5.6000000000000005 3.6 0 2.6 2 8.6 0 0 3 0 0 0 0 0 0 0.4 0 0 0 0 2 4.800000000000001 2.8000000000000003 0 0 0 7.800000000000001 0.8 0 0 0 0 0 0 0 0 0 0 0 0 0 0 0 0 0 0 0 0 0 1 0 0 1.4000000000000001 1.6 0 1.2000000000000002 0 0 0 0 0 0 0 0 0 0.4 0 0 0 8.8 1.8 2.4000000000000004 0 0 0 0.8 2.8000000000000003 2.8000000000000003 0.6000000000000001 0 2.6 0 9 5.2 2 2.4000000000000004 0 1.4000000000000001 3 4 0 0 0 0 4.4 2 1.4000000000000001 0 0 0 0 0 0.2 0 0 0 4 5.800000000000001 0 0 0 0 0 0 0.2 0 0 0 0 0 0 0 0 0 0 0 0 0 0 0 0 0 0 0 0 0 0 0 0 0 0.4 0 0 0 0 0 0 0 0 0 0 0 0 0.2 0.6000000000000001 0 0.2 0.2 3.2 1 0 0.8 0 0 0 0 0.2 0 0 0 0 0 0 0 0 0 0 0 0 0 0 0 0 0 4.800000000000001 2.4000000000000004 0 0 0 0 0 0 0 0 0 0 0 0 
 8.8 9.600000000000001 28.6 79.2 18 34.4 14.200000000000001 92.4 9.600000000000001 29.6 0 6.6000000000000005 5 8 28.6 30.400000000000002 17.400000000000002 44 29.8 54.6 14.4 0.6000000000000001 0.6000000000000001 0.4 1 0.8 0.2 0 0.4 0.4 7.800000000000001 0.2 15 36.2 0 0.6000000000000001 0 0.2 12.8 30.400000000000002 0.2 0 0.6000000000000001 0 0.8 0 12.200000000000001 0.4 0.6000000000000001 0.6000000000000001 0.6000000000000001 0.2 0 0.6000000000000001 0.6000000000000001 0.6000000000000001 0 0 12.600000000000001 0 0 0 0 0 0 0.6000000000000001 0 0 0.2 0 0 0 0 0.6000000000000001 0.2 0.6000000000000001 3.2 0 0.6000000000000001 0.6000000000000001 0 0.6000000000000001 3.4000000000000004 0 7.2 5.4 0 0 3.6 0 3 0 1 0 2.2 0.4 1.6 4 0 0 2.2 0 0.2 0 0 0 4.800000000000001 0.4 0 2 0 0 0 1.6 1.6 8 0 2 0 0 0 0 0 0 0 0 0 0 0 0 0 0 0 0 0 0 0 0 0 0 0.6000000000000001 0 0 0 0.2 0 0 0 0 0 0 0 0 0 0 0 0 0 0 0 0 4.2 0 2.8000000000000003 0 0 0 0 0 7.6000000000000005 0 1 0.8 0 2 0 2 0 0 0 4.4 0 0 0 0 0 1 2.2 3.4000000000000004 2.6 0 0 13.600000000000001 4 0.2 2 1.2000000000000002 0.2 2.8000000000000003 0 0 0 0 0 0 0 0 0 0 0 0 0 0 0 0 0 0 0 0 0 0 0 0 0 0 0 1 0 0 0 0 0 0 0.2 0 0 0 0 0 3.4000000000000004 0 2.6 0 0 0 0.4 0.8 0 0.2 9.4 0 1.6 0 0 0 0 0 0.2 0 0 0 0 0.6000000000000001 0 0 0 0 0 0 0 0 0 0 0 0 0 0 0 0 0 4 1.4000000000000001 0 0 0 0 0 0 0 0 
 6.2 28.400000000000002 68.8 8.8 11 14.8 23 4.6000000000000005 30.200000000000003 6.800000000000001 6.6000000000000005 0 2 67.8 5.800000000000001 7.4 16.2 34 48 8.8 0 0 0 0 1.8 0 30.6 0.4 0.6000000000000001 1.4000000000000001 0 0 30.200000000000003 0.2 0 0 0 0 15.8 29.400000000000002 0 0 0 0.8 0 0.4 0 0 0 0 0 0 0 0 0 0 0.4 0.4 0 0 0 0 6.6000000000000005 0.2 0.6000000000000001 0 0.8 0 1 0 0 0 0.2 0 0 0 0.4 0 0 1.6 2.8000000000000003 0 0 1.8 9.200000000000001 7.800000000000001 0 4.800000000000001 4.800000000000001 2 6.800000000000001 1.2000000000000002 0 2.2 7 0.2 1.8 0.2 3.4000000000000004 0 4.6000000000000005 0 2 0 0 0 3 2.6 2.6 1.4000000000000001 0 0 8.4 11.200000000000001 2.6 0 0 2 8 3 0 0 0 0 4.800000000000001 0 0 0 0 0 0 0 0 0 0 0 0 0 0 0 0 1.8 0 0 0 0 0 0 0 0 0 0 0.2 0 0 0 0 0 2.6 0.6000000000000001 0.8 0 6.6000000000000005 6 4.800000000000001 3.8000000000000003 2.8000000000000003 1.6 5.4 1.8 4.800000000000001 2.2 0 2.2 2.8000000000000003 0 3.4000000000000004 6.2 0 0 3.2 2 0 0 4 0 0 0 2.8000000000000003 0 0.2 0 0.8 0 1.6 0.4 0 0 2.8000000000000003 1.6 0 0 0 0 0 0.4 0 0 0 0 0 0 0 0 0 0 2.8000000000000003 0 0 0 0 0 0 0 0 0 0 0 0 0 0 0 0 0 0 0 0 0 0 0 0 2.8000000000000003 0 0 0 0 0.8 0 0.8 8.6 0 1.2000000000000002 0.4 0 0 0 0 0 0 0 0 0 0 0 0 0 0 0 0 0 7.800000000000001 0 0 0 0 2 0 0 0 0 0 0 0 0 0 0.4 0 0 0 0 
 31.6 28 24.8 27.6 17.8 8 14.8 37.2 18 69.60000000000001 5 2 0 15.8 27.6 43.800000000000004 9.200000000000001 6.2 34.800000000000004 18.6 0.6000000000000001 0.6000000000000001 0 0 0.6000000000000001 0 0 0 0.8 0.4 0 0 1.8 0 0 0.6000000000000001 0 0 0.4 0.4 0 0 0 0 0.4 0 0 0 0.6000000000000001 0.6000000000000001 0 0 0 0.6000000000000001 0.6000000000000001 1 0.6000000000000001 0 0 0 0 0 0.2 0 0.4 0.6000000000000001 0 0 0 0 0 0.8 0.8 0.4 0 0.6000000000000001 0.8 0 0.6000000000000001 0.8 0 4.6000000000000005 5.2 7.4 3 0 6 2 0 0.6000000000000001 0 5.800000000000001 9.8 0 0.4 0 0.4 1.8 4.6000000000000005 2.4000000000000004 0 0 0.2 0 0 0 0 0 0 0 0 0 0 0 0 0 0 0.4 0 0 0 0 0 0 0.6000000000000001 0 0 0.4 0 0 0 0 0 0 0 0 0 0 0 0 3.8000000000000003 0 0 0 0 0.4 0 0 5.6000000000000005 0 0 0 0 0 0 0.4 0 0 0 0 5 0.4 5.2 0.2 0.4 0 1.8 0.2 3 0 2 0 8.200000000000001 3.4000000000000004 3.6 2.4000000000000004 2.2 0 0 2.2 0 0.2 0 0 0 0 2 0 0 0 0 0 0.2 0 0 0 0 0 0 0 0 0 0 0 0 0 0 0 0 0 0 0 0 0 0 0 0 0 0 0 0 0 0 0 0 0 0 0 0 0 0.4 0 0 0 0 0 0 0 0 0 0 0 0 0 0 0.4 17.8 0 0 0.2 0 1.2000000000000002 0 0 0 0 0 0 0 0 0 0 0 0 0 0 0 0 0 0 0 0 0 0.2 0 0.2 0 0 0 0 0 0 0 0 0 0 0 0 0 0 
 51.800000000000004 44.400000000000006 73.4 34.800000000000004 13.600000000000001 37 65 34.6 52.6 11 8 67.8 15.8 0 77.4 40 59.6 7.2 102.2 38 0 0.6000000000000001 0 0 0.4 0.4 0 0 0.4 0.6000000000000001 0.4 0.4 0 0.4 2 0.4 0.4 0 0 0 0 0.2 0 0 0.4 0 0 0 0.6000000000000001 0.6000000000000001 0 0 0 0 0.6000000000000001 0.4 0 0 0 0 0 0 7.2 0.2 0 0.6000000000000001 0 0 0.2 0 0.8 11.200000000000001 0 0.6000000000000001 0 0.6000000000000001 2.6 0 0.4 0.6000000000000001 3.4000000000000004 0 5 0 0.4 0.4 3.8000000000000003 4.800000000000001 6 2.4000000000000004 0.4 2.6 0 1.8 3.4000000000000004 3.2 6.6000000000000005 0 0 3 0 0 0 0 0 0.4 0 0 0 0 0.4 0 1.6 0 0 0 0 0 3.6 0 0 0 0 0 0 0 0 0 0 0 0 1.6 0 0 0 0 0 0 0 0 0 0 0 0.2 0 0 0 0 0 0 0 0 0 0 0 0 0 0 0 0 2.6 1 3.4000000000000004 2.4000000000000004 0.6000000000000001 0 6.2 5.2 8.200000000000001 2.8000000000000003 0.6000000000000001 0.2 3.8000000000000003 3.2 6 0 4 6.2 2.8000000000000003 0.2 0 0 0 0 0 0 0 0 0 0 0 0 0 0 1.8 0.2 0 0 0 0 0 0 0 0 0 0 0 0 0 0 0 0 0 0 0 0 0 0 0 0 0 0 0 0 0 0 0 0 0 0 0 0 0 0 0 0 0.4 0 0 0 0 0.2 0 0 0 0.4 0 0.2 0.2 18.2 0 1.2000000000000002 0 3.8000000000000003 0 0 0 0 0 0 0 0 0 0 0 0 0 0 0 0 0 0 0 0 0 3.4000000000000004 2.4000000000000004 0 0 0 0 0 0 0 0 0 0 0 0 0 
 27.6 26.8 72.60000000000001 15.4 33.6 12.600000000000001 26.200000000000003 40 20.6 37.800000000000004 28.6 5.800000000000001 27.6 77.4 0 42.6 37.4 26 50.2 37.800000000000004 0 0.6000000000000001 0 0 4.6000000000000005 0 0 0 0.4 0.6000000000000001 0 0 0 0.2 0 0.6000000000000001 0 0 0 0 0 0 0 0 0.4 14 0 0 0.6000000000000001 0.6000000000000001 0 0 0 0 0.6000000000000001 0.6000000000000001 0 0 0 0 1.6 0 9.600000000000001 0 0 0.6000000000000001 0 0 0 0 0 0 0 0.6000000000000001 0 0.6000000000000001 0 0 0.4 0.6000000000000001 6.4 6 21.200000000000003 18.400000000000002 0 1.6 0 2.2 8.6 3.8000000000000003 5 0 8.6 2.2 3.6 13.200000000000001 3.2 3.6 0 3 0 0 0 0 0 0 0 0 0 0 0 0 3.4000000000000004 0 0 0 0 0 2.8000000000000003 0 0 0 0 0 0 0 0 0 0 0 0 0 0 0 0 0 0 0 0 0 0 0 0 0 0 0 0 0.6000000000000001 0 0 0 0 0 0 0 0 0 0 0 0 0 7.2 13.600000000000001 0 1.4000000000000001 6 6.800000000000001 1.2000000000000002 0 1.4000000000000001 3.4000000000000004 3.8000000000000003 2.6 3.6 0 2.2 0 4.2 2.8000000000000003 0 3.2 0 0 0 0 0 0.2 0 0 0 0 0 2.2 0.4 0 0 0 0 0 0 0 0 0 0 0 0.4 0 0 0.2 0 0 0 0 0 0 0 0 0 0 0 0 0 0 0 0 0 0 0 0 0 0 0 0 0 0 0 0 0 0 0.4 0 0 0 0 0 0 0.8 0 3.8000000000000003 0.4 0 2.2 0 0 0 0 0 0 0 0 0 0 0 0 0 0 0 0 0 0 0 0 0 0 0 0 0.4 2.2 0 0 0 0 0 0 0 0.4 0 0 0 0 
 45.800000000000004 7.6000000000000005 63.2 9 34.6 25.200000000000003 48.2 30.400000000000002 17.8 55.400000000000006 30.400000000000002 7.4 43.800000000000004 40 42.6 0 23.8 25 131.8 54.6 0 1 0 0 0.6000000000000001 0 0 0 8.8 0.6000000000000001 0 0 0 0.4 0 0.4 0 0 0 14.8 0 0.4 7.4 0.2 0.4 0 0 0 0.6000000000000001 0.6000000000000001 0 0 0 0 0.6000000000000001 0.4 0 0 0 0 0 0 9.4 0.6000000000000001 0 0.6000000000000001 0 0 0 0 0 0 0 0.6000000000000001 0 0.6000000000000001 0 0.4 0.4 0.6000000000000001 2 0.2 14.600000000000001 1.6 1.6 3.4000000000000004 7 0 1.4000000000000001 0 11 3.8000000000000003 0 2.6 3.4000000000000004 0 0 4.6000000000000005 0 0.4 0 0 0 0 0 0 4.4 0 2.6 0 0 0 2 3.8000000000000003 0.2 0 0 0 2.6 0 0 0 0 0 0 0 0 0 0 0 0 0 0 0 0 0 0 0 0 0 0 0 0 0 0 0 0 0 0 0 0 0 0 0 0 0 0 0 0 0 4 1.6 1.4000000000000001 2.4000000000000004 0.8 1.8 0 0 9.4 3.2 0 1.2000000000000002 3.8000000000000003 0.2 0 5.800000000000001 3.2 9.600000000000001 4.800000000000001 0 3.8000000000000003 0 0 0 0 0 0 0 0 0 0 0 0 0 0 0 0 0 4.800000000000001 1.2000000000000002 0 0 0 0 0 0 0 0 0 0 0 0 0 0 0 0 3.2 0 0 0 0 0 0 0 0 0 0 0 0 0 0 0 0 0 0 0 0 0 0 0 0 2.8000000000000003 0 0 0 0 0.4 0 0.2 0 0 0.4 0 0 0 0 0 0 0 0 0 0 0 0 0 0 0 0 0 0 0 0 0 0 0 4.4 0 0 0 0 0 0 0 0 0 0 0 0 0 0 
 32.6 21.6 81.60000000000001 8.200000000000001 53.800000000000004 15.8 29 6.2 52.800000000000004 10.8 17.400000000000002 16.2 9.200000000000001 59.6 37.4 23.8 0 24.200000000000003 22.400000000000002 23.200000000000003 0.8 0.6000000000000001 0.2 0 0.4 0.4 15 0 0.8 0.6000000000000001 5 0.2 15.600000000000001 0.4 0.8 0.4 0.2 0 4.2 18.2 0 0.2 0 0 0.8 0 0 0.6000000000000001 2.4000000000000004 1 0 0 0 0.4 0.6000000000000001 0.6000000000000001 0.6000000000000001 0 0.2 0 0 0 6.4 0.4 0 1.2000000000000002 0 0 0.2 0.4 0 0.4 0 1.4000000000000001 0 0.8 0.4 0.2 0.4 1 0 0 0 4 6.4 5.800000000000001 0 1.8 4.6000000000000005 7.4 4 2 0 0 14 0.8 4 0 0 1.2000000000000002 3.2 0 0 0 0 0 0 0 0 0 0 0 6.2 4 1.8 0 0 0 13 1.2000000000000002 0 0 0 0 0 0 0.4 0 0 0 0 2.6 0 0 0 0 0 0 0 0 0.2 0.2 0 0.6000000000000001 0 0 0 3 0.8 0 0 0 0 0 0 0 0 0 3.6 0 0 6.6000000000000005 5 7.2 1 3.4000000000000004 0 0 10 3 4 3.8000000000000003 0 0 0.2 3.4000000000000004 0.4 4.6000000000000005 0 0 3.4000000000000004 0 0 0 0 0 0.4 0.4 0.4 0 0 0 0.2 0 0 0 0 0 2.8000000000000003 2.2 0 0 0 0 0 0 0 0 0 0 0 0 0 0 0 0 2.8000000000000003 0 0 1.2000000000000002 0 0 3 0 0 2 4.6000000000000005 0 0 0 0 0 0 0 0 0 0 0 0 0 0 0 0 0 0 0 0 0.2 0 9.200000000000001 3.6 0.6000000000000001 0 3.2 0.4 0 0 0.4 0 0 0 0 0 0 0 0 0 0 0 0 0 0 0 0 0 2 0 4.800000000000001 0 0 0 0 0 0 0 0 0 0 0 0 
 47.800000000000004 13.4 9.600000000000001 118.2 34.800000000000004 48 9.4 25.8 96 5.2 44 34 6.2 7.2 26 25 24.200000000000003 0 8.6 4.800000000000001 0 0.6000000000000001 0 0.2 0.6000000000000001 0.4 0 0 0.4 0.6000000000000001 0.4 0.4 0 15 0 0.6000000000000001 0 0 28.6 0.8 0 0 0 0 0.4 5.2 0 0.4 0.6000000000000001 1.2000000000000002 0 0 0 0 0.6000000000000001 0.6000000000000001 0.2 0 0 0 0 0 0 0 0 0.6000000000000001 0 0 0 0 0 0 0 0.6000000000000001 0.6000000000000001 0.6000000000000001 0 0 0.4 1 4 2.2 0 10 11.200000000000001 8.6 0 2.2 6.6000000000000005 1.8 8 0 0 1.4000000000000001 10.200000000000001 7.800000000000001 6.4 0.2 0 0 11.8 3 0 0 0 0 5.800000000000001 2 2 0 0 0 6.6000000000000005 3.6 0 0 0 0 3.2 2 0 0 0 0 0 0 0 0 0 0 0 0 0 0 0 0 0 0 0 0 0 0 0 0 0 0 0 0.8 0 0 0 0 0 0 0 4 0 0 0 0 0 6.4 3 0.6000000000000001 2.4000000000000004 2.4000000000000004 3.6 0 0 0.2 7.2 6 0 0 0.4 2.8000000000000003 5 0 0 0 6.2 0 0 0 0 0 3.2 0 0.2 0 0 4.2 5.800000000000001 0 0 5.6000000000000005 3.4000000000000004 0 3 0.4 0 0 0 0 0 0 0 0 0 0 0 0 0 0 0 0 0 0 0 0 0 0 0 0 0 0 0 0 0 0 0 0 0 0 0 0 0 0 0 0 0 2.2 0 0 0 0.4 0 0.2 26.6 17.2 0 0.4 0.6000000000000001 0 0 0 0 0 0 0 0 0 2 0 0 0 0 0 0 0 0 0 0 0 0 2.2 0.2 2 0 0 0 0 0 0 0 0 0 0 0 0 
 27 10.600000000000001 9.200000000000001 20.400000000000002 58.6 11.8 58 33.2 19 53.400000000000006 29.8 48 34.800000000000004 102.2 50.2 131.8 22.400000000000002 8.6 0 68 0.2 0.6000000000000001 0 0.2 0.6000000000000001 0.4 0 0 0.4 0.6000000000000001 0.8 0.4 0 0.4 0 0.6000000000000001 0 0 0 0 0 0 0 0 0.4 0 0 0 0.6000000000000001 0.6000000000000001 0 0.2 0 0 0.6000000000000001 0.6000000000000001 0 0 0 0 0 0 9.8 0 0 0.6000000000000001 6 0 0 0 0 0 0 1 0 0.6000000000000001 0 0 0.6000000000000001 0.6000000000000001 4.800000000000001 2 10.600000000000001 1.8 0 0.2 0 10.600000000000001 3.4000000000000004 0 1.8 0 2.6 0.4 1.6 7.6000000000000005 0 1 0 8.200000000000001 0 0 6.2 0 0 0 0 0 0 0 0 0 0 0.2 0 0 0 0 0 0 0 0.4 0 0 0.2 0 0 0 0 0 0 0 0 0 0 0 0 0.2 0 0 0 0.2 0 0 0 0 0 0 0 0 0 0 0 0 0 0 0 0 0 0.8 11.200000000000001 4.4 2 0.4 0.2 0.4 5.6000000000000005 5.4 2.8000000000000003 0 0.2 0 7.6000000000000005 7.800000000000001 2 0 0 5 4.6000000000000005 0 0 0 0 0 0 0 0 0 2.8000000000000003 0 0.4 0 0 0 0 0 0 0 3 0 0 0 0 0 0 2 0 0 0 0 0 0 0 0 0.4 0 0 0 0 0 0 2.2 0 0 0 0 0 0 0 0 0 0 0 0 0 0 0 0 0 0 0 0 0 0 0 0 0.2 0 1 0 0 1 0 0 0 0 0 0 0 0 8.6 0 0 0 0 0 0 0 0 0 0 0 0 0 0 0.8 4.2 0 0 0 0 0 0 0 0 0 0 0 0 0 
 62.6 44.6 19.400000000000002 31.200000000000003 16.8 14 13.600000000000001 73 55.400000000000006 35.6 54.6 8.8 18.6 38 37.800000000000004 54.6 23.200000000000003 4.800000000000001 68 0 0 0.6000000000000001 12.200000000000001 0.4 0.8 0 0 0 0.4 0.4 0 0 0 0 0 0.6000000000000001 0 0 0 0 0 0 0 0 0.4 0 0 0 0.6000000000000001 0.6000000000000001 0 0 0 0 0.6000000000000001 0.6000000000000001 0 0 0 0 0 0.2 0 0 0 0.6000000000000001 0 0 0 0 0 0 0 0.6000000000000001 0 0.6000000000000001 0 0 0.6000000000000001 0.6000000000000001 3.4000000000000004 4.6000000000000005 6.6000000000000005 3.2 0 0 11.600000000000001 2.4000000000000004 4.4 2.2 6.6000000000000005 5 3.4000000000000004 4.800000000000001 0 0.2 2.8000000000000003 4 0 2.6 0 0 0 0 0 0 0 0.4 5 0 0 0 0 0 0.2 0 0 0 0 0 0 0 0 0 0 0 0 0 0 0 0 0 0 0 0 0 2.4000000000000004 0 0 0 0 0 2.8000000000000003 0 0 0 0 0 0 0 0 0 0 0 0 0 0 0.4 0 0 2.2 0 5 0 3.2 0 3.2 3.2 0 0 1.8 0.2 5.800000000000001 7.4 5.2 2.8000000000000003 5 11.4 2.6 9.200000000000001 0 0 0 0 0 0 2 0 0 0 0 0.2 0 0 0.2 0 0 0 0 0 0 0 0 3.4000000000000004 0 0 0 0 0 0 0 0 0 0 0 0 0 0 0 0 0 0 0 0 0 0 0 0 2.6 0 0 0 0 0.4 0 0 0 0 0 0 0 0 0 0 0 0.6000000000000001 17.400000000000002 0 0.8 0 0.4 0.8 0 0.4 0 0 0 0 0 0 0 0 0 0 0 0 0 0 0 0 0 0 0 0 0 3.4000000000000004 9 0 0 0 0 0 0 0 0 0 0 0 0 0 
 0.6000000000000001 0.2 0.2 0 0 0.4 0 0 0 0.2 14.4 0 0.6000000000000001 0 0 0 0.8 0 0.2 0 0 18.6 32.6 10.8 9.600000000000001 48.800000000000004 11 29.6 10 23.6 29.400000000000002 25 12.4 27.200000000000003 14.200000000000001 27.200000000000003 42.6 28.200000000000003 68.2 25.200000000000003 0.6000000000000001 0 0 0 0.6000000000000001 0 0.6000000000000001 40.800000000000004 0 0.2 0 0 0.4 0.6000000000000001 0 0.2 1.4000000000000001 0 0 0.4 0 0.8 0.8 0 0.4 0.6000000000000001 0 0 0 10 0 4.2 0 0.2 0 0 0.4 0 0 0.4 0 0 0 0 2 0 0 0 0 0 0 0 0 0 0 0 1.4000000000000001 0 0 0 0.2 3.6 7.2 2 0 2.8000000000000003 7.800000000000001 1.6 10.8 4.6000000000000005 3 0 1.8 4.2 1.4000000000000001 0 14.600000000000001 6.2 0 0 0 0 3.8000000000000003 0 0.6000000000000001 0 0.2 0 0 0 0 0 2.8000000000000003 0 0 0.2 0 0 0.8 0.2 0.6000000000000001 0 0 0 1 0.2 0 0 0.2 0 0 0 0 0 0 0.4 0 0 0 0 0.2 0 0 1.4000000000000001 0 0 0 0 0 2.2 0 1.8 0 1 0 0 0 0 0.4 0 0.2 10.600000000000001 6.2 0 0 0.4 1.2000000000000002 4.2 2.8000000000000003 0.2 3.8000000000000003 2.2 3.6 7 2.6 1.2000000000000002 3.8000000000000003 8.4 4 4.6000000000000005 0 0 0 0 2.8000000000000003 0 0 0 0 0 0.4 0 0 0 0 2.6 0 0 0 0 0 0 0 0 0 0.2 0 0 0 0 0 0 0 0 0 0 0 0 0 0 0 0 0 0 0 0 14.8 0 0 0 0 0 0 0 2.4000000000000004 0 0.4 0.2 0 0.4 0.8 0 0 0 0 0 0 0 0 0 0 0 0 0 0 0 0 0 0 2 0 0.4 0 0 0 0 0 0 0 0 
 0.6000000000000001 0.6000000000000001 0.8 0.6000000000000001 0.6000000000000001 0.6000000000000001 0.6000000000000001 0.6000000000000001 0.6000000000000001 0.6000000000000001 0.6000000000000001 0 0.6000000000000001 0.6000000000000001 0.6000000000000001 1 0.6000000000000001 0.6000000000000001 0.6000000000000001 0.6000000000000001 18.6 0 36.4 33.2 5.4 8.6 71.60000000000001 45.6 87.2 20 62.6 15.200000000000001 8.6 52 45.400000000000006 67 51 22.400000000000002 9.600000000000001 10.200000000000001 5.6000000000000005 4.800000000000001 0 0 0.6000000000000001 0 0.6000000000000001 0 0 0.2 0.4 0 0 0 0 0 0 0 25.200000000000003 0 0 0 0.6000000000000001 0 0 0.6000000000000001 0 0 0 0 0 0 0 0 0.8 0 0 0 0 0 0 0 0 0 0 0 0 0 0 0 0 0 0 0 0 0 0 0 0 0 0 5.6000000000000005 3.4000000000000004 1.8 0 4.2 0 2.2 8.4 4 0 0 0 0 7 4.4 0.8 0 0 2 0 0 0 0 0 0 0 2 0 0 0 0 0 4.6000000000000005 0.2 0 0 0 3.6 4.2 0 0 0 0 0 1.8 0 0 0 0 0 0 0 0 0 0 0 0 0 0 0 3.8000000000000003 0 3.6 0.8 0 0 0 1.2000000000000002 0 0 0 1.4000000000000001 0 0 0 0 0 0 0 0 0 2.2 1.6 2.6 2.6 0 6.6000000000000005 7.800000000000001 10.4 2.4000000000000004 8.200000000000001 0 6 3.2 1.4000000000000001 3.2 15.200000000000001 0 0 4.6000000000000005 2.8000000000000003 0 0 0 0 0 0 0 0 0 0 0 0 4.800000000000001 0 0 0 2.6 2.6 0 0 0 0 0 0 0 0 0 0 0 0 0 0 0 0 0 0 0 5 0 0 0 0 0 0 0.2 0 0 0 0 0 0 0 2.2 0 0.2 15 0.2 0.2 0.4 0 13 0 0 0 2.4000000000000004 0 0 0 0 0 0 0 0 0 0 0 0 0 0 4.2 0 0 0 3.2 0 0 0 0 
 0.2 0.6000000000000001 0 0 0 0 0 0 0 0 0.6000000000000001 0 0 0 0 0 0.2 0 0 12.200000000000001 32.6 36.4 0 27 10 9.200000000000001 19 65.60000000000001 49.2 27 26 29.6 74.2 13.4 29.8 24 25.6 22.8 7.4 7.6000000000000005 0 0 0 0.8 0.6000000000000001 0 0.8 0 0.2 0 0 6.2 0 0 0 0 0 0 0 0 0 0 0.6000000000000001 0 0 0.6000000000000001 0.4 0 5.6000000000000005 0 0 9.8 0 0 1.4000000000000001 0 0 0 0 0 0 0 0 0 0 0 0 0 0 0 0 0 0.4 0 0 0 0 0 0 0 1.2000000000000002 1.2000000000000002 4.6000000000000005 2.4000000000000004 3.2 0.6000000000000001 3.2 1.2000000000000002 1.8 0 7.4 2 0 2 0.6000000000000001 6.4 1.2000000000000002 2.4000000000000004 0 0 4 0.4 0 0 0 0 1.6 0 0 0 0 0 11.600000000000001 3.8000000000000003 2.2 0 0 0 1.6 6.4 0 0 0 0 0 0 0 0 0 0.2 0.2 0 0 0 1.6 2 0 0 0 1.4000000000000001 0.4 0 0 0 0 0 0 0 0 0.4 0 0 0 0 0 0 1.4000000000000001 0.8 0 0 0 0 0.2 10 0.2 9.200000000000001 0 2.6 0 4 2.6 4.4 0 2.2 1.8 7.2 5 0.8 0 0 8 1.8 0 0 0 0 5.4 2.4000000000000004 2.2 0 0 0 0.2 0 0 0.2 0 0 9.200000000000001 4 0 0 0 0 0 0 0 0 0 0 0 0 0 0 0 0 0 0 0 0 0 0 0.2 0 0 0 0 0 0 0 0 0 0 0 0.8 0 0 17 15 0.2 2.2 0 0 0 0 0 0 0 0 0 0 0 0 0 0 0 0 0 0 0 0 0 0 0 0 3.6 0 0 0 0 
 0.4 0.4 0 0 14.8 0 0 5 0.4 0 0.4 0 0 0 0 0 0 0.2 0.2 0.4 10.8 33.2 27 0 30.200000000000003 22.8 17.6 18.2 14.600000000000001 23 40 41.6 13.4 31.400000000000002 64.60000000000001 37.4 42.400000000000006 28.6 22.200000000000003 33.6 1.4000000000000001 1.2000000000000002 0 0 0.8 0 0.6000000000000001 0 0 0 0.8 6.4 0 4.4 0 0 0 0 25 0.2 0 0 0.8 2.4000000000000004 0 0.6000000000000001 0 0 0 0 0 0 0 0 0.2 0 0 0 0 0 0 0 0 0 0 0 0 2.6 0 0 0 0 0.2 0 0 0 0 0 0 0 0 8.200000000000001 1.6 5 0.2 6.2 0 0 0.2 4 3 6.4 0 0 1.8 2.4000000000000004 0 1.4000000000000001 0 6 0 2 0 0 2.6 0 3.2 3.2 1.4000000000000001 0 0 0 0 6.800000000000001 0 0 0 0 0 4.6000000000000005 0 0 0 0 0 1.4000000000000001 0 0.4 0 0 0 0 0 0 0 0 0.4 0 0 0 0 0 0 0 0 0 0.4 0 0 0 0 0 0 0 0.2 0.4 0 0.2 0 0 3.8000000000000003 0.2 5 16.2 11.600000000000001 0 2.4000000000000004 0 5.6000000000000005 2 11.600000000000001 2.2 0.2 1.8 3.4000000000000004 0.4 0 2.8000000000000003 0 0 3.4000000000000004 6.4 0 0 0 0 3.6 0 2.4000000000000004 0 0 0 4 2.2 0 2.2 2.2 0.4 0 3.2 0 0 0 0 0 0 0 0 0 0 0 0 0 0 0 0 0 0 0 0 0 0 0 0 0 0 0 0 0 0 0 0 0 0 1.6 0 0.4 0.4 0 0.2 0.4 0 0 0 0 0 2 0 0 0 0 0 0 0 0 0 0 0 0 0.2 0 3.8000000000000003 0 0.4 0 0 1.2000000000000002 0 0 0 
 0.4 0.8 0.4 0.6000000000000001 0.8 0.8 0.8 0.6000000000000001 0.6000000000000001 0.6000000000000001 1 1.8 0.6000000000000001 0.4 4.6000000000000005 0.6000000000000001 0.4 0.6000000000000001 0.6000000000000001 0.8 9.600000000000001 5.4 10 30.200000000000003 0 49 11.8 29 100.2 13.8 33 10.4 16.6 12 23 28.6 10.4 30.6 11 14.200000000000001 23.8 0 13 1.2000000000000002 1.6 0 0.6000000000000001 14.200000000000001 0.4 0 0.4 0 17 0.4 0.6000000000000001 4.6000000000000005 0.4 0 3.8000000000000003 0 0 0 2.4000000000000004 0.4 0.6000000000000001 1.6 0 0 0 0.2 0 0.2 0 0 0 0 0 0 0 0 0.2 0 0 2.6 0 0 0 0 0 0 0 0 0 0 0 0 0 0 0 0 0 0 0 1.4000000000000001 6.2 5.2 0 0 0 0 0.2 3.4000000000000004 0 0 0 0 0 0 0 0 1.2000000000000002 2.2 2.4000000000000004 0 0.2 0 7.6000000000000005 8 7 0 3.2 0 4.800000000000001 2.2 0 0 0 0 0.4 0 0 0 0 0 0 0 0.4 0 0 1.6 0 0 0 0 0 0.6000000000000001 0 0.6000000000000001 0 0 0 0 0 0 0 0.2 0 0 0 0 0 1.2000000000000002 0 0 0 0 0 0 0 0.2 0 0 0 1.4000000000000001 9.4 1.8 0 0 0 0.2 2 0 0 0 0 0 0 0 0.2 0 6.4 2.2 1.6 0.2 0 0 0.6000000000000001 4.4 2.2 4.800000000000001 0 0.2 4.2 4.800000000000001 2.6 0 9.200000000000001 4.800000000000001 4.4 2.4000000000000004 0 0 0 0 0 0.4 0 0 0.2 0 0 0 0 0 0 0 0 1.8 0 0 0 0 3.2 0 0 0.4 0.4 0 0.2 0 0 0 0 0 0.8 0 0.2 0.4 15.4 0 0.8 0 0.4 0 0 3.6 0 0 0 0 0 0 0 0 0 0 0 0 0 0 0 0 0 0 0 0 3.6 0 0 0 
 0 0 0 0 0 0 0 0 0 0.2 0.8 0 0 0.4 0 0 0.4 0.4 0.4 0 48.800000000000004 8.6 9.200000000000001 22.8 49 0 7.6000000000000005 5.800000000000001 22.8 22.6 22.200000000000003 29.400000000000002 8.200000000000001 9.600000000000001 10 21 12 11.200000000000001 52 8.200000000000001 0 0 10.4 0 1 0 0.8 0 0.6000000000000001 0.6000000000000001 0 0 23.200000000000003 12.4 12.200000000000001 0 0 0.4 33.6 0.2 0 0 1.6 0 0 1.2000000000000002 0 0.2 0 0 0 0 0 0 0 0 0 0 0 0.6000000000000001 0 0 0 0 0 0 0 0 0 0 0 0 0 0 0 0 0 0 0 0 0 0 0 0 0.2 5.2 0 0 0 0 3.8000000000000003 5.2 0 0 0 0 0 0.2 0.2 0 3.6 7.6000000000000005 0.2 0 0 0 5.6000000000000005 3.2 3.4000000000000004 4 3 3.6 2.2 2.2 0 0 0 3.2 2.8000000000000003 4.2 0 0 0 0 0 0.2 0 0 0.8 0 0.2 0 0 0 0 0 0 0 0 0 0 0 2.6 0 0 0 0 0 0 0 0 0 0 0 0 0.6000000000000001 0 0 0 0 0 0 0.2 3.2 4 2.8000000000000003 0.4 0 0 2 2.8000000000000003 0 0 0 0 0.4 0 0 0 0 1.8 1.4000000000000001 0.4 0 0 0 0 0.6000000000000001 2.2 0 3.6 7.800000000000001 11.600000000000001 8.200000000000001 1.8 4 8.8 8.6 1.8 5.6000000000000005 0 0 0 0 0 0 0 0 0 0 0 0 0 0 0 0 0 0 0 0 0 0 0 0 0 0 0 0 0 0 0 0 0 0 1.8 0.2 0.2 0.8 0 0 0.8 0 0 0 0 0.2 2 0 0 0 0 0 0 0 0 0 0 0 0 0 0 0 0 0 0 0 1.6 0 0 0 
 0 0 0 0.4 0.6000000000000001 17 0 0 0 15 0.2 30.6 0 0 0 0 15 0 0 0 11 71.60000000000001 19 17.6 11.8 7.6000000000000005 0 34.4 11.8 22 6.800000000000001 8 31.400000000000002 28 27.8 15.200000000000001 21 8 11.600000000000001 13.200000000000001 0 0.6000000000000001 0 0 0.6000000000000001 0 13.200000000000001 0 0 0 2.2 0 0 0 0 0 0 0 0 0 0 0 0.6000000000000001 0 0 0.6000000000000001 0 0 0.4 0 0 0 0 0 2.2 0 0 0 0 0 0 0.2 0 0 1.4000000000000001 0.4 0 0 0 2.6 0 0.6000000000000001 0 0 0 0 0 0 0 0 9.4 3.6 2.4000000000000004 3 1.2000000000000002 0 3.6 5.2 3 2.6 2.4000000000000004 0 2.6 7.800000000000001 6.4 5.800000000000001 0.4 0 9 5.6000000000000005 0 0 0 0.8 0 0 0 0 0.4 0 0 0 3.4000000000000004 0 0 0 0 0 0 0 0 0 0 0 0 0 0 0 0 0.2 0 0 0 0 4 0 0 0 0 0 0.6000000000000001 0 0 0 6 4 0 0 0 0 0 0 0 0 0 0.2 0.2 0 0 0 0.2 0.6000000000000001 0.6000000000000001 2.4000000000000004 0 3.8000000000000003 0.2 5.4 0.6000000000000001 5 0 1.6 1.8 7 6.6000000000000005 4 1.6 4.2 2.6 0.2 0 0 0 0 0 0 0 0 0 0 0 0 0 0 0 0.4 0 0 2.2 0 0 0 0 0 0 0 0 0 0 0 0 0 0 0 0 0 0 0 0 0 0 0 0 0 0 0 0 0 0 0 3.6 0 0 0 5 0 0.4 34.6 0 0 0 0 0 0 0 0 0 0 0 0 0 0 0 0 0 0 0 0 0 0 0 0 0 0 0 0 0 0 0 0 
 16.8 0 0 0 0 0 0.2 0 0 0 0 0.4 0 0 0 0 0 0 0 0 29.6 45.6 65.60000000000001 18.2 29 5.800000000000001 34.4 0 63.800000000000004 30.200000000000003 62 56 21.200000000000003 17.2 59.800000000000004 35.6 47 9.200000000000001 12.8 10.200000000000001 0.4 40.800000000000004 0 0 0.6000000000000001 0 0.6000000000000001 0 0 0 0 0 5.800000000000001 0 40.800000000000004 0 1.6 0 12.8 0 0 0 0.6000000000000001 0 0 0.6000000000000001 0 0 0 0 0 0 0 0 1.4000000000000001 0 0 0 0 0 0 0 0 2.2 0 0 0 0 0 0 0 0 0 0 0 0 0 0 0 0 0 4 2.8000000000000003 8 4.6000000000000005 4.2 2.6 5.2 2.2 0 0 0 0 2.6 2.4000000000000004 5 0 3.8000000000000003 0 0 0.8 0.2 0 0 0 0 0 0 0 0 0 1.6 3.8000000000000003 3.8000000000000003 4.4 0 0 0 1.8 6 0 0 0 0 0 0 0 0 0 0 0 0 0 0 0 0 0 0.2 0 0 0 0 0 0 0 0 0 0 1.4000000000000001 0 0 0 0 0 0 0 1.8 1 0 0 4 1.6 2.8000000000000003 0 0.6000000000000001 3.2 3.6 7 2.4000000000000004 5.2 1.2000000000000002 3 0 4.6000000000000005 0 1.6 4.6000000000000005 2.4000000000000004 0 0 5.800000000000001 0.2 0 0 0 0 0 0.2 0 0 0 0 0 0 0 0 0 0 6 0 0 0 0 0 0.2 0 0 0 0 0 0 0 0 0 0 0 0 0 0 0 0 0 0 0 0 0.4 0 0 0 0 0 0 0 0 0.8 0.2 0.2 30.6 8.6 0.2 0.6000000000000001 0 0 0 0 0 2.2 0 0 0 0 0 0 0 0 0 0 0 0 0 0 2.2 0 0 0 5.4 0 0 0 0 
 0.6000000000000001 1 0.4 0.4 0.4 0.4 0.4 0.4 0.8 0.8 0.4 0.6000000000000001 0.8 0.4 0.4 8.8 0.8 0.4 0.4 0.4 10 87.2 49.2 14.600000000000001 100.2 22.8 11.8 63.800000000000004 0 29.6 28.400000000000002 8 32 13.4 66 77.4 39 30.200000000000003 16.8 56.400000000000006 0 0 19.400000000000002 1.2000000000000002 0.6000000000000001 0 0.6000000000000001 0 0 0.2 0 0 0 0 0 0 1.2000000000000002 0 0 0 0 0 0.6000000000000001 0 0 0.6000000000000001 0 0 0 0 0 0 0 0 0.6000000000000001 0 0 0 0 0 0 0 0 0 0 0 0 0 0 0 0 0 0 0 4.2 0 0 0 0 0 0.2 1.2000000000000002 1.8 13.8 4 0.2 2.6 2.8000000000000003 2 0 8 2.2 0 7.4 5 8.4 2 3.6 0 0 1.8 0 0 0 0 0 2.2 0 0 0 0 0 2.6 1.4000000000000001 0.4 0 0 0 8 6.800000000000001 0 0 0 0 0 0 0 0 0 0 0 0 0 0 0.2 0 0 0 0 0 0 0 0 0 0 0 0 0 0.2 0 0 0 4 0 0 0.2 1 2 0 0 2.6 0 3.6 3.8000000000000003 0 5.2 0 6.6000000000000005 3.2 5.4 6.2 7.2 0 3.2 2.4000000000000004 2 5.6000000000000005 3.8000000000000003 0 0 4.6000000000000005 0.2 0 0 0 0 16.400000000000002 2 2.4000000000000004 0 0 0.2 0 0 0 0 0 0 4.6000000000000005 0 0 0 0 0 0 0 0 0 0 0 0 0 0 0 0 0 0 0.2 0 0 0 0 0.2 0 0 0 0 0 0 0 0 0 0 0 1.8 0 0.2 23.200000000000003 15.200000000000001 0 3 0 0 0 0 0 0 0 0 0 0 0 0 0 0 0 0 0 0 0 0 0 0 0 0 2.8000000000000003 0 0 0 0 
 0.6000000000000001 1.2000000000000002 0.6000000000000001 0.6000000000000001 0.8 0.4 0.6000000000000001 0.6000000000000001 0.6000000000000001 0.6000000000000001 0.4 1.4000000000000001 0.4 0.6000000000000001 0.6000000000000001 0.6000000000000001 0.6000000000000001 0.6000000000000001 0.6000000000000001 0.4 23.6 20 27 23 13.8 22.6 22 30.200000000000003 29.6 0 13.8 103.80000000000001 13.200000000000001 14.600000000000001 71.2 20.400000000000002 66.4 32.6 12.8 41.6 0.2 0 0 0.8 0.6000000000000001 0 1.6 0 0 0.2 0.4 0.2 0 0 0 0 1.2000000000000002 0 12.4 0 0 0 4 0 0.4 0.6000000000000001 0 0 0 0 0 0.2 0 0 0.6000000000000001 0 0 0.6000000000000001 0 0.4 0 0 0 0 1.8 0 0 0 0 0 0 0 0 0 0 0 0 0 0 0 3 7.4 0.4 10.600000000000001 2 0.2 0 6 5.6000000000000005 0.2 3.8000000000000003 8 0 0.2 2 2.6 3.8000000000000003 8.8 0 2.4000000000000004 0 0 11.8 0 0 0 0.2 0 0 0 0 0 2.6 0.4 0 0 0 0 0.4 0 0 0 0 0 0 0 0 0 0 1.4000000000000001 0 1 0 0 0 1.8 0 0 0 0 0 0 0 0 0 0 0 0 1.4000000000000001 0 0 0 0 0.8 0 0 0 0 0 0 4.4 8.200000000000001 5.800000000000001 2.8000000000000003 1.8 0.2 2.8000000000000003 4 1.8 0 5 0 0 11.600000000000001 0.4 0 3.8000000000000003 8.6 0 0 0.4 0 0 0 0 0.2 0 0 0 0 0 0.4 0 3.4000000000000004 0 0 0 0 0.2 0 0 0 0 0 0 0 0 0 0 0 0 0 0 0 0 0 0 0.4 0 0 0 0 0 0 0 0 0 0 0 0 0 0 0 0 2 0 0 24.6 0.2 0.4 0.6000000000000001 3.8000000000000003 0 0 0 0 2 0 0 0 0 0 0 0 0 0 0 0 0 0 0 0.4 0 0 0 0 0 0 0 0 
 0 0 3.8000000000000003 0 0.4 15 0 0 0 0.2 7.800000000000001 0 0 0.4 0 0 5 0.4 0.8 0 29.400000000000002 62.6 26 40 33 22.200000000000003 6.800000000000001 62 28.400000000000002 13.8 0 62.400000000000006 7.4 26.8 13.8 21.6 23.6 6.2 8.6 72 1.8 1.4000000000000001 0 0 1.2000000000000002 0.4 13.8 0 0.4 0.6000000000000001 0.2 0 0 0 0 0.4 0 0 12.8 0 0 0 0.6000000000000001 1.2000000000000002 0 0.8 0 0 0 0 0 0 0 0 0 0 0 0 0 0.2 0 0 0 0 3 0 0 0 0 0 0 0 0 0 0 0 1 0 1.2000000000000002 0 0 3.6 2.2 1.4000000000000001 4.4 5.800000000000001 0 0 0 0 0 2.2 0 0 1.6 2.6 0 0.6000000000000001 0 2.8000000000000003 6.800000000000001 0 0 0 0 0 1 0 3.4000000000000004 0 0 0 6.2 2.8000000000000003 2 0 0 0 3.4000000000000004 2.2 1.4000000000000001 0 0 1.2000000000000002 0.8 0 0 0 0.8 0 0 0 0 0 0 0 0 0 0 0 0 0 0 4.2 0 0 0 0 0.8 2.4000000000000004 0 0 0 0 0 0 4.800000000000001 0.8 0 0 0 1.6 3 4 3.8000000000000003 9.600000000000001 0.4 5.2 2 7.800000000000001 4.6000000000000005 2 0 3.4000000000000004 0.4 0 1.6 0.2 0 0 5.4 2 0.4 0 0 0 2 2.4000000000000004 0 0 0 0 0.8 9 0 0 3.2 0 2.4000000000000004 5.6000000000000005 0 0 0 0 0 0 0 0 0 0 0 0 0 0 0 0 0 0 0 0 0 0 0 0 0 0 8.200000000000001 0 0 0 0 0 0 0 1.2000000000000002 0 0 0 1 0 2.6 0 0 0 0 0 2 0 0 0 0 0 0 0 0 0 0 0 0 0 0 4.4 0 0 0 0 3.8000000000000003 0 0 0 
