 0 35.800000000000004 11.8 51.6 7.4 5.6000000000000005 38.6 7.6000000000000005 92.60000000000001 24 8.4 3.6 13.600000000000001 21.200000000000003 25.6 42 25 20.400000000000002 19 56.800000000000004 0 0 0 0 0.2 0 1.2000000000000002 0.4 0 0 0.8 0 16.6 0.4 0.8 0.6000000000000001 0 0.6000000000000001 0 0.4 0 0 0 0 0 0.6000000000000001 0 0 0 0 0.6000000000000001 0 0 0.6000000000000001 0.4 0 0.2 0 0 0 0 0 0 0 0 0.6000000000000001 0.6000000000000001 8.8 0 0.4 0 1 0 0 0 0 0.4 0 0.6000000000000001 0 0.4 0 0.4 0.2 0.2 0 2 3.2 0.2 0 0 0.2 5.6000000000000005 3.2 4 2.6 2.8000000000000003 0 0 0 0 0 0 0 0 0 0 0 0 0.2 0 0 0 0 0 0 0 0 0 0 0.2 0 0 0.2 0 0 0 0 0 0.4 0 0 0 0 0 0 0 0 0 0 0 0 0 0 0 0 0.6000000000000001 0 0 0 0 1 3 0 0 0 0 0 0 0 0.4 1.8 12.200000000000001 7.6000000000000005 0.2 0 2 1 2 0.2 2.2 0 6 9.4 0 0.2 0 6.2 8.8 3.6 0 0 0 3.4000000000000004 0 0 0 0 0 0 0 0 0 2.6 0.2 0 0 0 0.2 0 0 0 0 0 0 0 0 0 0 0 0 0 0 0 0 0 0 0 0 0 0 0 0 0 0 0 0 0 0 0 0.2 0 0 0 0 0 0 0 0 0 0 0 0 0 0 0.4 0 0 18 0 0 0.6000000000000001 0 0 0 0 0 0 0 0 0 0 0 0 0 0 0 0 0 0 0 0 0 0 0 0 3.8000000000000003 0 0 0 0 0 0 0 0 0 0 0 0 0 
 35.800000000000004 0 89.80000000000001 34.6 7 25.6 11.4 40.6 29 58 70.8 24.400000000000002 75.60000000000001 14 15 8.8 25.200000000000003 56.6 10 26.6 0 0.4 1 0 0 0 15.4 0 0 0 0.6000000000000001 0 0 0 1 0.4 0 0.4 14.600000000000001 3.6 0 0 0 0 0 0.2 0 0 0 0 0 0.6000000000000001 0 2.2 0.4 0 0.2 0 0.4 0 1 0 0 0 0 0.4 0 0 0 0 0 0.6000000000000001 3.2 0 0 0 0 0.2 0 0.4 8 2 9.600000000000001 5.6000000000000005 6 3.2 1.6 4 4 5.800000000000001 8.4 0 0 0 0 4.4 0 0.2 0 3.6 0 2 0 0.2 0 0 2.2 0.2 0.2 0 0 0 6.800000000000001 0 0 0 0 0 0.6000000000000001 2 0 0 0 1 0 0 0 0 0 0 0 0 0 0 0 0.4 0 0 0 0 0 0 0 0 0.6000000000000001 0 0 0.4 0 0 0 0 0 0 0 0 0 0 0 0 0 3.4000000000000004 0 0.2 0 3.4000000000000004 0 0 0 7.4 3.8000000000000003 0.4 2.8000000000000003 8 1.2000000000000002 5.2 1.8 4.6000000000000005 0.2 0 0 0 0 8.4 0 0 0 0 0 0 0.2 0 0.4 0 0 0 0 0 2.2 1.4000000000000001 0 0 0 0 0 2.6 11 1.8 0 0 0 0 0 0 0 0 0 0.4 0 0 0 0 0.2 0 0 0 0 0 0 0 0 0 0 0 0 0 0 0 0 0 0 0 0 0 0 0 0.4 0 0.6000000000000001 0 0 0.8 0 0 0 0 0 0 0 0 15.4 0 0 0 0 0 0 0 0 0 0 0 0 0 0 0 3.6 0 0 0 0 0 0 0 0 0 0 0 0 0 
 11.8 89.80000000000001 0 42.800000000000004 28.200000000000003 41 29 39 15.200000000000001 10.200000000000001 37 33.6 11.200000000000001 51 27.6 53.6 47.800000000000004 41 51.2 69 0 0.8 0 0 0.2 0 18.6 0.4 0.4 0 0.8 0.6000000000000001 0.6000000000000001 0 0.6000000000000001 0 0 0.6000000000000001 0.2 15.4 0 0 0 0.4 0 0.6000000000000001 0 0 0 0 0.2 0 0.4 2.4000000000000004 0.6000000000000001 0 0.4 0 0 0 5.800000000000001 0.2 0 0.4 0 0.6000000000000001 0 0 0 0 0 0 0.2 1.4000000000000001 0 0 0.6000000000000001 0 0 0 0 6.6000000000000005 4.6000000000000005 8.8 2.4000000000000004 1.4000000000000001 1.4000000000000001 3.6 2 2.8000000000000003 5.2 7.800000000000001 1.6 3.4000000000000004 0.6000000000000001 0 9 6.6000000000000005 1.2000000000000002 0 0 2.2 0 0 0 0 2 4 0 0 0 0 6.800000000000001 0 0 0 0 0 0 0 0 0.4 0.2 0 0 0 0 0 0 0 0.4 0 0 0 0 0.4 0 0 0 0 0 0 0 0 0.8 0 0 0.4 0 0 0 0.8 0 0 0 0 0 0 0 0 1.2000000000000002 0 0 2.2 2 0.2 2.8000000000000003 0.4 0.8 3 2.6 0.4 3.6 0 0 1.4000000000000001 0 2.2 0 0 0 0.2 0 0 0.2 0 0 0 0 1.8 0.2 0 0 0 5.2 0 0 0.4 3.4000000000000004 1.6 0 0 0 0 0 0.2 0 0 0 0.2 0 0 0 0 0 0 0 0 0 0 0 0 0 0 0 0 0 0 0 0 0 0 0.2 0 0 0 0 0 0 0 0 0 0 0 0 0 17.400000000000002 0 0.2 0 0 14.8 0 0 0.4 0 0 0 0 0 0 0 1.2000000000000002 0 0 0 0 0 0 0 0 0 0 0 0 0.2 0.2 0 0 0 0 0 0 0 0 0 0 0 0 0 
 51.6 34.6 42.800000000000004 0 37.4 6 14.4 19.6 56.400000000000006 20.400000000000002 80.4 41.2 25.6 36.2 17.2 28.200000000000003 11 10.600000000000001 15.8 25.200000000000003 0 0.8 0 0 4 14.600000000000001 31.6 14.600000000000001 5.4 0 0.6000000000000001 0 22 16.8 7.2 0 0 0.4 15.200000000000001 1.2000000000000002 0 0 0 0.4 0 0.2 0 0.6000000000000001 0 0 0.4 0 0.4 1.2000000000000002 0.4 0.2 0.4 0 0.8 0 0.4 0.2 0.4 0.4 0 0.4 0 0 0 0 0.6000000000000001 0.6000000000000001 0.2 0 0 0 0 0 0 0 2.8000000000000003 0.6000000000000001 2.2 6.6000000000000005 5.4 0 0 0 1 5.800000000000001 1.4000000000000001 3.6 0 0 0 2.6 0 3.2 0 0 2.8000000000000003 0.4 2.8000000000000003 0 0 0 2 5 1.4000000000000001 0 0 0.2 2.4000000000000004 0 0 0 0 0 3.4000000000000004 10.600000000000001 0 0 0 0 0 0 3.2 0 0 0 0 0 0 0 0 0 0 0 0 0 0 0 0 0 0 0 0 0 0 0 0 0.6000000000000001 0 0 0 0 1.6 0 0.6000000000000001 0 0 2.8000000000000003 0.2 6 6.800000000000001 0 0 0 0 0 2.2 0 0 0 1.6 2.6 3.6 0 0 0.2 0 2.2 0.4 0 0 0 9.600000000000001 0 4.6000000000000005 1.4000000000000001 0 0 2.2 0 8.8 0 0 0 6 3 0 0 0 0 0 3.4000000000000004 0 0 2.6 0 0 0 0 0 0 0 0 0 0 0 0 0 0 0 0 0 0 0 0 0 0 0 0 0 0 0 0 0 0 0 0 3.2 0 0 0 0.4 18.400000000000002 0 0 0 1.8 1.6 0 0 0.2 0 0 0 0 0 0 0 0 0 0 0 0 0 0 0 0 0 0 0 0 2 5.2 0 0 2.8000000000000003 0 0 0 0 0 0 0 0 0 0 
 7.4 7 28.200000000000003 37.4 0 45.800000000000004 16.2 19 18 17.8 18.6 32 42.2 14.8 15.200000000000001 17 14.600000000000001 12.8 12.8 24.200000000000003 0.2 3.2 0 0 0 0.2 0.4 22.8 19.6 0 1.2000000000000002 0 19.200000000000003 0 1 0.2 0 7.800000000000001 15.200000000000001 22.6 0 0 0 0 0 0.4 0 0 13 0 0 0.4 0 2.4000000000000004 0.4 0 0 0 0.4 0 0.2 0 0 0 0 0.6000000000000001 0 0 0 0 0 0.6000000000000001 0 0 0 0.6000000000000001 0.2 0 0 0 0 1.6 0.2 0 0.2 2.8000000000000003 0 0 0.6000000000000001 4 1.6 3.6 3.6 0 0 0 0 3.8000000000000003 0 0 4.6000000000000005 0 0 1.8 0 0 2.6 1.8 1.8 0 0 0 0.2 3 6.800000000000001 3.6 3 3.2 2.4000000000000004 6.6000000000000005 0 0 0 0 0 0 0 0 0 0 0 0 0 0 0 0 0 0 0 0 0 0.2 0 0 0 0 0 0 0 0 0 0 0 0 0 0 0 0 1.4000000000000001 0 0 0 0.2 2.6 2.6 0.2 0.2 1.2000000000000002 0.2 3 0.2 4 0.6000000000000001 0 0 0.2 0 0 0 0 3.6 2.2 5.2 4 0 0.4 2.2 0 10.4 0 0 3.2 17.400000000000002 3 2.8000000000000003 0 2 0 8.4 2 0 0.4 0 0 0 0 1.8 0 0 0 0 0 0 0 0 0 0 1.6 0 1.4000000000000001 0 0 0 0 0 0 0 0 0 0 0 0 0 0 0 0 0.2 0 0 0 0 2.8000000000000003 0 0 0 0.4 0.2 0 0.4 1.4000000000000001 0 1.6 0.2 0 0 3.2 0 0 0 0.4 0 0 0 0 0 0 0 0 0 0 0 0 0 0 0 0 0 0 0 3 0 0 0 0 0 0 0 0 0 0 
 5.6000000000000005 25.6 41 6 45.800000000000004 0 8.200000000000001 45.2 17.8 47.400000000000006 92 18 8.6 49.2 30.200000000000003 34.2 52.2 37.4 13.4 58 14.600000000000001 0 13.600000000000001 0 0 0 24.400000000000002 14.8 0 0.6000000000000001 0.6000000000000001 0 0 15 15 0 0 0.6000000000000001 56.400000000000006 37 0 0 0 0 0 0.2 0 0 0.2 0 0 0 0 0.6000000000000001 0.4 0 0 0 0.8 0 0.4 0 0 0 0 0.6000000000000001 0 0 0 0 0 0.6000000000000001 0 0 0 0 0 0 0 0 0 7 0.2 6 2.2 5.2 0 0 0 7.2 8.4 2.4000000000000004 0 0 0 0 5.2 3.8000000000000003 0 0 0 2 0 0 0 0 3 0.2 0 0 0 0 7.6000000000000005 1.8 1.6 0 1.4000000000000001 5.4 1.8 0.2 0 0 0 0 0 0 0 0 0 0 0 0 0 0 0 0 0 0 0 0 0 0 0 0 2.2 0 0 0.6000000000000001 0 0 0 0 0 0 0 0 0 0 0 0 0 0.2 0 0 0 7 0 0 3 2.8000000000000003 3.4000000000000004 5.2 0 0 0.2 0 0 2.6 0 0 0 0 0 0 0 0 4.800000000000001 2.4000000000000004 3.4000000000000004 0 0 0 4.2 0 3.4000000000000004 0 0 0 3.6 11.600000000000001 0 0 0 0 0 0 0 0 0 0 0 0 0 0 0 0 0 4.4 0 0 0 0 0 0 0 0 0 0 0 0 0 0 2.6 0 0 0 0 0 0 0.2 0 0 0 0 0 0.2 17.400000000000002 0 1.4000000000000001 18.2 0 1 10.8 0 0 1.8 0 0 0 0 0 0 0 0 0 0 0 0 0 0 0 0 0 0 0 2 11.600000000000001 0 0 0 0 0 0 0 0 0 0 0 0 0 
 38.6 11.4 29 14.4 16.2 8.200000000000001 0 26 30.6 4.2 5.2 7 35.800000000000004 16 31.6 40.800000000000004 28 28.8 13.600000000000001 25.8 0 0 0 0 0.2 0 0.6000000000000001 15 0.8 0.2 0.4 0 0 1.4000000000000001 0.6000000000000001 0 0.4 0.6000000000000001 0 0.8 0 0 0 0 0 0.6000000000000001 0 0.6000000000000001 0 0 0.4 0 0 0.6000000000000001 0.4 0 0.2 0.4 0 0 0.4 0 0 0 0.6000000000000001 0 0.4 5.6000000000000005 0 0 0.4 0.2 0 0 0.2 0 0.8 0 0.8 0 5.6000000000000005 17.8 0 0 0 2 0.6000000000000001 0.2 2.8000000000000003 3.2 0 3.2 5.2 1 0 2.8000000000000003 6.800000000000001 7 0.2 3.6 0 0 0 0 0 0 0 0 0 0 0 0 0 0 0 0 0 0 0 0 0 0 0 0 0 0 0 0 0 0 0 0 0 0 0 0 0 0 0 0 0 0 0 1.8 0 2.4000000000000004 0 0 0 0 0 1.2000000000000002 0 0 0 2.2 0 0 0 0 0.2 0 3.2 2.2 0.2 0 3.4000000000000004 4.2 2.8000000000000003 0 2.4000000000000004 5.2 0.2 0.2 0 2.8000000000000003 2 2.6 0.2 1.8 0 0 0 0 0 0 0 0 0.6000000000000001 0 0 0.6000000000000001 0 0 0 0 0 0 0 0 0 0 0 0 0 0 0 0 0 0 0 0 0 0 0 0 0 0 0 0 0 0 0 0 0 0 0 0 0 0 0 0 0 0 0 0 0 0 0 0 0 0 0 0 0 0 0 0 0 0.2 0 2 0 0 0 0 0 0 0 0 0 0 0 0 0 0 0 0 0 0 0 0 0 0 0 0 0 2.8000000000000003 0 0 0 0 0 0 0 0 0 0 0 0 
 7.6000000000000005 40.6 39 19.6 19 45.2 26 0 44 34.800000000000004 113.60000000000001 26.400000000000002 34.2 49.2 23.8 9.200000000000001 47.800000000000004 35.800000000000004 13.4 6.800000000000001 1.2000000000000002 0.4 0 0 0.2 0.4 0.6000000000000001 0 1.6 0 0.8 0.4 0 0 0.6000000000000001 0 0.6000000000000001 0.6000000000000001 4.6000000000000005 21.400000000000002 0.2 0 0 0.4 0 1.8 0 0 0 0 0 0.4 0 0.8 13.600000000000001 0 0 0.6000000000000001 0.2 0 0.4 0 0.4 0 0 0.6000000000000001 0 0 0 0.4 0 1 0.6000000000000001 0.4 0 0.8 6.4 0 0.4 0.2 10.8 3.8000000000000003 6.4 6.4 5.6000000000000005 3.2 2.8000000000000003 0 1.6 11.600000000000001 4.800000000000001 5.2 6 1.8 2.2 0 0 4 5.4 0 0 0 0 0 0 0 2 0 0 0 0 0 2.8000000000000003 0 0 0 0 0 2 1.8 0 0.4 0.2 0 0 0 0 0 2.6 0 0.4 0 0 0 0 0.4 0 0 0 0 0 0 0 0 0 0 0 0.6000000000000001 0 0 0 0 0 0 0 0 0 0 0 0 2.4000000000000004 8.8 0.4 4 3 2.2 2.8000000000000003 2.6 0 1.6 3.2 4.800000000000001 2.8000000000000003 0 2.8000000000000003 2.2 1 3 0 0 0 0 0 0 1.2000000000000002 0 5.4 0 0 2.8000000000000003 0.2 0 0 0 0 0 0 0.4 0.4 0 0 0 0 0 0 0 0 0 3.2 0.2 0 0 0 0 0 0 0 0 0 0 0 0 0 0 0 0 0 0 0 0 0 0 0.2 0 0 0 0 0 0 0 0 3.4000000000000004 0 0 0 0 0 0.2 0.4 0.2 0 2.4000000000000004 0 0 0 0 0 0 0 0 0 0 0 0 0 0 0 0 0 0 0 0 0 0 0 0 0 0 0 0 0 0 0 0 0 0 0 0 0 0 
 92.60000000000001 29 15.200000000000001 56.400000000000006 18 17.8 30.6 44 0 64.60000000000001 44 70.4 35.4 29.200000000000003 17.6 35.4 9.4 24.6 16.400000000000002 71 0 0 0 0.4 0 3.4000000000000004 4.800000000000001 0.6000000000000001 0 0.8 1 0 3.4000000000000004 14.8 1.2000000000000002 1 0.4 0.6000000000000001 31.6 0 0 0.4 0.4 0 0.4 1.6 0 0 0 0 0.4 0.6000000000000001 0 0.6000000000000001 0.6000000000000001 0 0.4 0.2 0.4 0 0 0 0.4 0.4 0 1 0.4 0 0 0 0 0.6000000000000001 0.4 0 0.6000000000000001 0 0.6000000000000001 0.4 0.4 0.4 6 3 5.2 1.8 4.4 0 0 5.2 7.6000000000000005 3.2 3 0 2.6 5 0 10.4 7.2 2.2 0 5.2 0 2.6 0.4 0 0 0 0.2 0 0 0 0 0 4.800000000000001 0 0.6000000000000001 0 0.2 8.4 0.6000000000000001 7 0 0 0 0.2 0 0 0 0 0 0 0 0 0 0 0 0 0 0 0 0 0 0 0 0 0 0 0 0.2 0 0 0 0 0 0 0 0.2 0 0 0 0 0 5.2 4.800000000000001 0 3.6 3 0 1.8 5.800000000000001 2 3.8000000000000003 6 0 1.4000000000000001 2.6 4.4 9.600000000000001 1.8 0 2.8000000000000003 0 0 0 2 0 0 4.6000000000000005 0 0.2 0 0 0 8.8 0 1.6 0 0 0 0.4 0.2 0 0 0 0 0 3.2 0 0 2.2 0 0 0 0 0 0 0 0 0 0 0 0 0 0 0 0 0 0 0 0 0 0 0 0 0 0 0 0 0 0 0 0 0.2 0 0 0 0.2 0 0 0.2 0.4 0 0.6000000000000001 12 0 0 0 0 0.2 0 0 0 0 0 0 0 0 0 0 0 0 0 0 0 0.8 0 1.8 0 2.2 0 0 0 0 0 0 0 0 0 0 0 0 
 24 58 10.200000000000001 20.400000000000002 17.8 47.400000000000006 4.2 34.800000000000004 64.60000000000001 0 29.400000000000002 45.800000000000004 23.200000000000003 119.4 29.8 39.800000000000004 29.200000000000003 22 18.2 17 0 0 0 21.6 0 14.600000000000001 15.4 0 0 0 0.6000000000000001 0 14.600000000000001 0 0.6000000000000001 0 0 0.6000000000000001 32.4 15.8 0 0 0 0 0 0.6000000000000001 0.4 0.2 0 0 0 0 0 1 0.8 0 0 0 0.4 0 0.4 0 0.2 0 0 0.6000000000000001 0 0 1.8 0 0 0.6000000000000001 0 0 0 0 0 0 0 0 0.4 3.4000000000000004 2.2 13.8 2.4000000000000004 0 6 5.4 4.4 5.4 4.800000000000001 0 2.6 2 6.2 8.200000000000001 3.8000000000000003 0 3.4000000000000004 0 0 2.4000000000000004 0 0 0 0 0 0 0 0 0 0 5.4 0 0 0 0 0.2 2.6 7.4 0 0 0 0 0 0 0 0 0 0 0 0 0 0.4 0 0 0 0 0 0 0 10.4 0 0 0 0 0 1 0 0 0 0 0 0 0 0 0 0.2 1.2000000000000002 0 0 2.8000000000000003 3.2 0 1.8 2.6 3.8000000000000003 0 7.6000000000000005 2.8000000000000003 2.6 6.800000000000001 2.6 4.4 4 0 2.6 2.8000000000000003 0 2.4000000000000004 0 0 0 2.2 0 0 1.8 0 0 0 0 0 3.2 0 2.6 0 0 0 3.6 0 0 0 0 0 0 2.6 0 0 0 0 0 0 0 0 0 0 0 0 0 0 0 0 0 0 0 0 0 0 0 0 0 0 0 0 0 0 0 0 0 0 0 0 0 0 0 0.4 0.2 0 0.6000000000000001 18.400000000000002 0.2 2.4000000000000004 3.6 0 0 0 0 0 0 0 0 0 0 0 0 0 0 0 0 0 0 0 0 0 0 2.4000000000000004 0 0 0 0 0 0 0 0 0 0 0 0 0 0 
 8.4 70.8 37 80.4 18.6 92 5.2 113.60000000000001 44 29.400000000000002 0 8.8 3.4000000000000004 23 49.800000000000004 71.60000000000001 42.400000000000006 14 8.4 31.8 0 0.2 0.2 0 0.2 14.8 18.400000000000002 0.2 0 0 0.4 0.2 15.600000000000001 0 0.6000000000000001 0 0 0.6000000000000001 12.4 0 0 0 0 0 0 0.6000000000000001 0 0 0 0 0 0 0 0.6000000000000001 0.6000000000000001 0.4 0 0 0 0 0 0 0 0 0 7.2 0 0 0 0 0 0 0 0 0 0 0.6000000000000001 0 0 0 4 0 0 7.800000000000001 2.6 5.6000000000000005 4 0 1.6 1.8 9.8 3 0 1.2000000000000002 0 3.8000000000000003 9.200000000000001 3.8000000000000003 0 0 0 0 0 0 0 0 1.2000000000000002 0 0 0.2 0 0 6.6000000000000005 0.2 1.6 0 0 0 7.2 6.6000000000000005 0 0 0 0 0 0 0 0 0 0 0 0 0 2.6 0 0 0 0 0 0 0.2 0 0 0 0 0 0 0.2 0 0 0 0 0 0 0 0 0 0 4.6000000000000005 0 0 2.8000000000000003 4.4 3.8000000000000003 10.200000000000001 5 0 0 7.2 6.2 4.4 2.8000000000000003 0 0.2 2.4000000000000004 5.4 6.4 0.8 0.4 3.8000000000000003 0 0 0 0 0 0 2 0 0 0 0 0 0.2 2.4000000000000004 8.6 0 0 0 11.4 0 0 0 0 0 0 1.2000000000000002 0 0.4 1.8 0 0 0 0 0 0 0 0 0 0 0 0 0 0 0 0 0 0 0 0 0 0 0 0 0 0 0 0 0 0 0.4 0 2.8000000000000003 0 0 0 0.8 0.2 0 1 29 0.8 0.8 0 0.8 0 0 0 0 0 0 0 0 0 0 0 0 0 0 0 0.4 0 0 0 0 0 0 2.8000000000000003 0 0 0 0 0 0 0 0 0 0 0 0 0 
 3.6 24.400000000000002 33.6 41.2 32 18 7 26.400000000000002 70.4 45.800000000000004 8.8 0 6.800000000000001 8.200000000000001 16.6 4.4 34 49.400000000000006 8.200000000000001 5.4 0.2 15.4 0 0 0 0.4 16.2 0.2 15 0 1 0.4 14.600000000000001 0.2 1.4000000000000001 0 0 1.2000000000000002 34.2 11.600000000000001 0 0 0 0 0 0.6000000000000001 0 0 0.6000000000000001 0.2 0.2 0 0 1.2000000000000002 0.6000000000000001 0 0 0 0 0 0 0 0 0 10.8 0 0 0 0 0 0 0 0 0.4 0 0 0.6000000000000001 0 0 0 0 2.2 1.4000000000000001 6.6000000000000005 6.2 0 2.2 4 3.8000000000000003 9.200000000000001 3.8000000000000003 0.2 0 0.2 0.4 2.2 0 0.2 4.2 0 0 2.4000000000000004 0.4 0 0 0 0.2 0 3.8000000000000003 0 0 0 4 0.2 0.2 0.8 0 0 4.4 2 0 0.2 0.4 0.2 0 0 0 0 0 0 0.2 0 0 0 0 0 0 0 0 0 0 0 0 0 1.4000000000000001 0 0 1.4000000000000001 0 0 0 0 0 0 0 0.2 0 0 0 0 0.2 2 0 0 2 0.2 0 0 0.6000000000000001 3.6 2.2 0.4 2.6 2.8000000000000003 2.4000000000000004 3 1.8 2.8000000000000003 0 0 0.2 7 4.4 0 0 0 0 0 0.4 0 0 0.8 7.800000000000001 0 0 0 0 0.2 9.600000000000001 5 0 0 0 0 0 3.4000000000000004 0 0 0 0 0 0 0 0 2.8000000000000003 0 0 0 0 0 0 0.4 0 0 0 0 0 0 0 0 1.6 0 0.4 0 0 0 0 0 0 0 0 0 0 0 0 0 0.2 0 0.4 0.8 3.6 0.4 0.8 0 0.4 0 0 0 0 0 0 0 0.2 0 0 0 1.8 0 0 0 0.2 0 0 0 0 0.4 0 0 0 2.2 0 0 0 0 0 0 0 0 0 0.2 
 13.600000000000001 75.60000000000001 11.200000000000001 25.6 42.2 8.6 35.800000000000004 34.2 35.4 23.200000000000003 3.4000000000000004 6.800000000000001 0 21.400000000000002 7.4 23.400000000000002 7 5 19.8 31.6 0 0.4 0.2 0 0.4 0 0.8 0 0 0 0.6000000000000001 0 0 0 1 0 0 0.6000000000000001 0 0 0 0 0 0 0 0.6000000000000001 0 0 0 0 0 0 0 12.8 0.4 0 0 0 0.4 0 0 0 0 0 0.2 0.6000000000000001 0 0 0 0 0 0.6000000000000001 0 0 0 0 0.2 0 0 0 3.8000000000000003 0 4.2 2.6 0 0 0 2.6 2.4000000000000004 0 0 3.6 25 7.2 3.2 2.4000000000000004 1 0 6.6000000000000005 3.2 0 0 0 0 0 0 0 0 0 0 0 0 0 0 0 0 0 0 0 0 0 0 0 0 0 0 2.8000000000000003 0 0 0 0 0 0 0 0 0 0 0 0 0 0 0 0 0 0 3.6 0 0 0 0 0 2 0 0 0 0 0 2.2 0 0 2 2 7.800000000000001 0 0 0 4.2 9.4 2 0 9.200000000000001 0 6 1.8 2.4000000000000004 0 2.4000000000000004 12.200000000000001 5.6000000000000005 3.4000000000000004 0 0 0 1.8 0 0 0 0 0 0 0 0 0 0 0 0 0 0 0 0 0 0 0 0 0 0 0 0 0 0 0 0 0 0 0 0 0 0 0 0 0 0 0 0 0 0 0 0 0 0 0 0 0 0 0 0 0 0 0 0 0 0 0 0 0 0 0 0 0.6000000000000001 0 0 1.4000000000000001 0 0 0 0 0 0 0 0 0 0 0 0 0 0 0 0 0 0 0 0 0 0 0 0 4.6000000000000005 0.4 0 0 0 0 0 0 0 0 0 0 0 0 
 21.200000000000003 14 51 36.2 14.8 49.2 16 49.2 29.200000000000003 119.4 23 8.200000000000001 21.400000000000002 0 12.8 7.4 11.8 25.200000000000003 39.800000000000004 19.400000000000002 0.2 0 14 0 0.4 0 0.8 0 0 0 0.4 0 0 0 0.6000000000000001 0 0 1 2 0 0 0 0 0 0 0.6000000000000001 0 0 0 0 0 0 0 0.6000000000000001 0.6000000000000001 0 0 0 0.4 0 0 0 0 0 0 0.6000000000000001 0 0 0 0 0 0.2 0.6000000000000001 0 0 0 0.6000000000000001 0 0 0 4.4 0.2 0.6000000000000001 4 2.2 0 0.2 6.2 1.8 1.4000000000000001 0 2.2 10.8 15.200000000000001 15.4 2.6 0.2 0 5 0.2 0 0 3.2 0 0 0 0 0 0 0.2 0 0.2 0 0 0 0 0 0 0 0 0 0 0 3 0 0 0 0 0 0 0 0 0 0 0 0 0 0 2.6 0 0 0 0 0 0 0 0 0 0 0 2.6 0 0 0 0 0 0 0 0 0 0 4 4.2 2 1.8 0 2.4000000000000004 1.2000000000000002 1.8 0 2.6 0 7.4 6.2 0 2.2 1.4000000000000001 5 5.4 3.2 0 0 0 2.4000000000000004 0 0 2.4000000000000004 0 0 0 0 0 0 0 0 0 0 0 0 0.2 0 0 0 0 0 0 0 0 2.4000000000000004 0 0 0 0 0 0 0 0.2 0 0 0 0 0 0 0 0 0 0 0 0 0 0 0 0 0.2 0 0 0 0 0 0 0 0 0 0 0 0 0 0 17.6 0.4 0 4.2 0 0 0 0 0 0 0 0 0 0 0 0 0 0 0 0 0 0 0 0 0 0 0 0 0 0 0 0 0 0 0 0 0 0 0 0 0 0 
 25.6 15 27.6 17.2 15.200000000000001 30.200000000000003 31.6 23.8 17.6 29.8 49.800000000000004 16.6 7.4 12.8 0 36.800000000000004 54.400000000000006 69.8 59 49 0 0.2 0 0.2 0.2 0 0.8 0.8 0 0.6000000000000001 0.6000000000000001 0.8 14 0.4 13.4 0 0 0.4 0 0.8 1 0.8 0 0 0 0.4 0 0 0 3 0 0 0 2.8000000000000003 1.2000000000000002 1.2000000000000002 0 0 0.2 0 0.2 0 7.4 1.2000000000000002 0 0.4 0 0 2.2 0 0 0.6000000000000001 0 0 0 0.6000000000000001 0.2 0 0 0 7 0 6.4 14.4 4.2 10.4 7.2 0 0.4 0 2.6 3 2.8000000000000003 5 1 0 3.8000000000000003 2.4000000000000004 0.2 0 0 0 0 0 0 0 2.2 0 0.2 0 0 0 4.2 0 0 0.2 0 2.2 0 0 0 0 0 0 0 0 0 0 0 0 0 0 0 0 0 0 6 0 0 0 4 0 0 0 0 0.2 2.2 0 0 0 0 0 0 0 0 0 0 0 0 0 0.4 0 2.6 3.4000000000000004 4 9 0 0 2 6.4 8.6 0 3.2 8.6 1.6 2 2.8000000000000003 2.6 0.6000000000000001 2 0 0 0 0 0 0 0 0 0 0 0 0 0 0 0.6000000000000001 0 0.4 0 0 2.2 0 0 7.800000000000001 0 0 0 0 0 0.4 0 0 0 0 0 0 0 0 0 0 0 0.4 0 0 0 0 0 0 0 0.6000000000000001 0 0 0 0 0 0 0 2.6 0 0 0 0 0 0 0 0 0.2 0 0.4 0 0 0 0.8 0 0 0 0 0 0 0 0 0 0 0.2 0 0 0 0 0 0 0 0 0 0 0 0.2 0 0.6000000000000001 0 0 0 0 0 0 0 0 0 0 0 0 0 
 42 8.8 53.6 28.200000000000003 17 34.2 40.800000000000004 9.200000000000001 35.4 39.800000000000004 71.60000000000001 4.4 23.400000000000002 7.4 36.800000000000004 0 92.2 87.60000000000001 52.6 8.8 0 0 0 0 0.4 2.4000000000000004 19.400000000000002 0 0 0.2 0.4 0 2.4000000000000004 15 0.6000000000000001 0 0 0.6000000000000001 14.600000000000001 0 0 0 0 0 0 0.6000000000000001 0 0 0 0 12.600000000000001 0 0 1 0.8 0 0 0 0.4 0 0 0 0 0 0 0.6000000000000001 0 0 0 0 0 0.2 0 0 0 0 0.6000000000000001 0 0 0 0 4.800000000000001 10.200000000000001 9.600000000000001 0 0 0 3 3.4000000000000004 0.6000000000000001 10.8 5.800000000000001 0.2 2.8000000000000003 2 5.2 6.4 12.200000000000001 1.6 2.6 0 0 0 1.6 0 0 9.4 3.2 0.2 0 0 0 16 0 0 0 0 0 0.4 3.4000000000000004 0 0 0 0 0 0 0 0 0 0 0 0 0 0 0 0 0 0 0 0 0 0 0 0 0 0.8 0.4 0 0 0 0 0 0 0 0 0 0 0 0 0 4.4 0 4 0 4 0 4.2 2.6 2.8000000000000003 7.6000000000000005 15.4 0 0.2 3 5.6000000000000005 2.6 0 4.4 0.2 0 0 0 0 0 0 0 0 0 1.6 0 0 0 2.4000000000000004 0 4.4 0 0 0 1.6 3.2 0 0 0 0 2 0 0 0 0 0 0 0 3 0 0 0 0 0 0 0 0 0 0 0 0 0 0 0 0 0 0 0 0 0 0 0 0 0 0 0 0 0 0 0 0 0 0.4 0 0 2.2 0.4 1.4000000000000001 0 0 0 0 0 0.2 0 0 0 0 1.4000000000000001 0 0 0 0.4 0 0 0 0 0 0 0 0 0 4.4 2.8000000000000003 0 0 0 0 0 0 0 3.4000000000000004 0 0 0 2 
 25 25.200000000000003 47.800000000000004 11 14.600000000000001 52.2 28 47.800000000000004 9.4 29.200000000000003 42.400000000000006 34 7 11.8 54.400000000000006 92.2 0 66.2 9 3.8000000000000003 0 14.8 0 0 0.4 0 0.8 0.2 0 0.4 0.4 0 0 0 0.6000000000000001 0 0 0.6000000000000001 14.600000000000001 15.600000000000001 0 0 0 0 0 0.6000000000000001 0 0 0 0 0 0 0 2.2 0.6000000000000001 0 0 0 0.4 0 0 0 0 0 0 0.6000000000000001 0 0 0 0 0 0 8.6 0 0 0 0.6000000000000001 0 0 0 3.6 13 3.6 2.8000000000000003 0 10.600000000000001 4.2 3.4000000000000004 2.6 3.6 4.800000000000001 10.600000000000001 4 5.800000000000001 3.2 0 0 7.800000000000001 0.8 0 0 0 0 0 0 0 2.2 0.2 0 0 0 0 4.2 0 0 0 0 0 3.2 0 1.4000000000000001 0 0 0 0 0 0 0 0 0 0 0.4 0 0 0 0 0 0 0 0 0 0.4 0 0 0 0 0 0 0 0 0 0 0 0 0 0 0 0 0 0 2.2 0 5 1.4000000000000001 3.4000000000000004 9 3.2 1.8 1 9.200000000000001 5.4 9.4 3.6 4 0 0 0 3.4000000000000004 2.4000000000000004 1.4000000000000001 0 0 0.4 0 0 0.4 0 0 0.2 0 0 0 3.2 0 1.4000000000000001 0 0 0 0 0 0 0 2.4000000000000004 2 0 0 0 0 0 0 0 0 0 0 0 0 0 0 0 0 0 0 1.4000000000000001 0 0 2.8000000000000003 0 0 0 0.2 0 0 1.6 0 0.4 0 0.4 1.8 0 0 0 0 0 0 0 0 0.4 0 0.6000000000000001 0.4 0 0.6000000000000001 0 0 0 0 0 0 0 0 0 0 0.8 0 0 0 0 0 0 0 0 0 0 0 0 0 2 0 0 0 0 0 0 0 0 0 0 0 0 0 
 20.400000000000002 56.6 41 10.600000000000001 12.8 37.4 28.8 35.800000000000004 24.6 22 14 49.400000000000006 5 25.200000000000003 69.8 87.60000000000001 66.2 0 4 20.400000000000002 0 0 0 25.400000000000002 0.2 0.2 0.8 0 13.4 0 0.6000000000000001 0 0 0 0.8 0 0 0.6000000000000001 12.600000000000001 15 0 0 0 0 0 0.4 0 0 0 0 0 0 0 0.6000000000000001 0.4 0 0 0 0.2 0 0.2 0 0 0 0 0.2 0 0 0 0 0 0.6000000000000001 0 0 0 0 0.2 0 0 0 3.2 1.4000000000000001 0.2 9.200000000000001 7.6000000000000005 3.8000000000000003 7 0 0.8 7.2 4.800000000000001 5.4 3.6 0 0 0 4.4 3.8000000000000003 0 0 0 0 0 0 0 0 0.6000000000000001 0.6000000000000001 0 0 0 0 3.4000000000000004 0 0 0 0 0 2 0 0 0 0 0 0 0 0 0 0 0 0 0 0 0 4 0 0 0 0 0 0 0 0 0 0 0 0 1 0 0 0 0 0 0 0 0 0 0 0 0 0.2 2.8000000000000003 4.4 5 4 2.6 0 0.8 0 3.6 1.8 3.4000000000000004 0.6000000000000001 4.2 1.8 0 0 0.4 0.2 0.2 0 0 0 0 0 0 0 0 0 0 0 0 0 0 1.8 0 0 0 0 0 0 0 0 0 0 0 0 0 2.2 0 0 0 0.2 0 0.2 0 0 0 0 0 0 0 0 0 0 0 0 0 0 0 0 0 0 0 0 0 0 0 0 0 0 0 0 0 0 1.2000000000000002 0.4 0.6000000000000001 0.6000000000000001 0.2 0 0.4 0 0 0 0 0 0 0 0 0 0 0.2 0 0 0 0 0 0 3 0 0 0 0 0 0 1.8 0 0 0 0 0 0 0 0 0 0 0 0 0 
 19 10 51.2 15.8 12.8 13.4 13.600000000000001 13.4 16.400000000000002 18.2 8.4 8.200000000000001 19.8 39.800000000000004 59 52.6 9 4 0 35.4 0 0 0 0 0.8 0 1.4000000000000001 0 0 0 0.6000000000000001 0 0 0 0.6000000000000001 0 0 0.8 0 0 0 0 0 0 0 0.2 0.4 0 0 0 0 0 0 2.4000000000000004 0.4 0 0 0 0.6000000000000001 0 0.4 0 0 0 0 0.4 0 0 0 0 0 0.6000000000000001 0 0 0 0 0 0 0 0 0 4.6000000000000005 11 2.2 0 0 2 3.6 1.6 0 0 2.2 6.6000000000000005 3.4000000000000004 1.4000000000000001 0 0 3.8000000000000003 1.4000000000000001 3.6 0 0 0 0 0 0.4 2.2 0 0 0 0 0 0 0 0 0 0 0 0 0 0 0 0 0 0 0.2 0 0 0 0 0 0 0 0 2.8000000000000003 0 0 0 0 0.2 0 0 4.800000000000001 0 0 0.8 0 0 0.2 0 0 1.4000000000000001 0 0 0 0 0 0 0 0 3 2.4000000000000004 2.2 0 0 0 5.2 2.4000000000000004 2 6.4 0 0 6 1.6 2.8000000000000003 0 0 4.4 0 1.8 0 0 0 0 0 0 0 0 0 0 0 0 0 0 0 0 0 0 0 0 5.6000000000000005 0 0 0 0 0.2 0.4 0 0 0 0 0 0 0.2 0 0 0 0 0 0 0 0 0 0 0 0 0 0 0 0 0 0 0 0 0 0 0 0 0 0 0 0 0 0 0 0.4 0.4 0 0.4 0.4 0 1.8 0 0 0.2 0 0 0 0 0 0 0 1.4000000000000001 0 0 0 0 0 0 0 0 0 0 0.4 0 0 0 0 0 0 0 0 0 0 0 0 0 0 0 0 
 56.800000000000004 26.6 69 25.200000000000003 24.200000000000003 58 25.8 6.800000000000001 71 17 31.8 5.4 31.6 19.400000000000002 49 8.8 3.8000000000000003 20.400000000000002 35.4 0 0.2 1 20 0 0.4 0.4 0.8 0 0 15.200000000000001 0.6000000000000001 0.4 0.4 0 0.6000000000000001 0 0 0.4 0 0.4 0 0 0 0.4 0 0.4 0 0 0 0 0 0 0.4 0.6000000000000001 0.4 0 0.4 0 1.2000000000000002 0 0.2 0.2 0 0.4 0 1 0 0 0 0 0 0.6000000000000001 0.2 0 0 0 0.2 0 0 0 3.8000000000000003 0 2.6 4 0 0 2.4000000000000004 0 0 0 0 0 3.6 0 10.200000000000001 0 3.8000000000000003 3.2 0 2 0 0 0 0 0 0 0 0 0 0.2 0 0 0 0 0 0 0 0 0 0 0 0 0 0 0 0 0 0 0 0 0 0 0 0 0 0 0 0 0 0 0 0 3.8000000000000003 0 0 0 0 0 0 0 0 7.4 0 0 0 0 0 0 0 0 0 11.8 5.6000000000000005 0 4 0 0 1.8 0 0 0 0 8.4 8.200000000000001 5 0 0 4.6000000000000005 16.400000000000002 0 0 0 0 0 0 0 0 0 0 0 0 0 0 0 0 0 0 0 0 0 0 0 0 0 0 0 0 0 0 0 0 0 0 0 0 0 0 0 0 0 0 0 0 0 0 0 0 0 0 0 0 0 0 0 0 1.8 0 0 0 0 0 0 0 0 0 0.2 0 0 0 0 0 1.2000000000000002 0 0 0 0 0 0 0 0 0 0 0 0 0 0 0 0 0 0 0 0 0 0 0 0 2.8000000000000003 0 0 0 0 0 0 0 0 0 0 0 0 0 
 0 0 0 0 0.2 14.600000000000001 0 1.2000000000000002 0 0 0 0.2 0 0.2 0 0 0 0 0 0.2 0 30.200000000000003 18.8 77.2 20.200000000000003 5 41.2 32.6 10 10.8 64.4 23 24 44 7.6000000000000005 20 41 23.400000000000002 24 8.6 0 0.4 0.6000000000000001 0 0 0 0 0.6000000000000001 0 0 0.4 1 0 0 0 0 0 0 0.2 0 0.4 0 0 0 0 0 0 0 0 0 2 0 0 0 0.6000000000000001 0.6000000000000001 0 0 0 0 0 0 0 0 0 2.8000000000000003 0 0 0.4 0 1.6 0 0 0 0 0 0 0 0.4 0 2 5.2 5.2 2.4000000000000004 0.2 0 0.2 6.2 2.8000000000000003 0 5.4 5 0 4.6000000000000005 2.4000000000000004 5.6000000000000005 3.8000000000000003 5.800000000000001 7.4 2 0 0 0 0 0 0 0 0 0 0 0 0 0 0 0 0.4 0 0 6.2 4.2 0 0 0 0 0 0 0 0 0.2 0 0 0 0 0 0.8 0 0 0 0 0 0 0 0 0 0 0.4 0 0 0 0 0 0 0 0 0 0 0 0 0.6000000000000001 0.4 5.800000000000001 0 1.4000000000000001 9.8 1.8 4.2 2.6 5.2 6 0 4 2.4000000000000004 0 5.2 0 5.2 4 0 0 2.6 0 0 0 0 0 0.2 0 0 0 0 0 0 1.6 0 0 0 0 0 0 4.2 0 0 0 0 0 0 0 0 0 0 0 0 0 0 0 0 0 0 0 0 0 0 0 0 0 0.4 7 0 0 0 0 0 0 0 1.2000000000000002 0 0.4 0 0.4 0.2 0 0 0 0 0 0 0 0 0 0 0 0 0 0 0 0 0 0 0 0 0 0 0 0 0.4 0 0 0 0 0 
 0 0.4 0.8 0.8 3.2 0 0 0.4 0 0 0.2 15.4 0.4 0 0.2 0 14.8 0 0 1 30.200000000000003 0 26.8 38.6 48.6 4.800000000000001 20.200000000000003 33.2 22.8 39 21.8 65.2 32 44.2 41 22.200000000000003 25.8 22.8 48 36.800000000000004 0 0.4 1.2000000000000002 0.6000000000000001 0.4 0 0 1.8 0 0.4 1.2000000000000002 0.6000000000000001 0.4 0 0.2 0.4 0.2 0.8 13 0.4 4 0 0.6000000000000001 0 0.2 0 0 0.4 0.4 0 1 0.6000000000000001 7.4 0.4 0.6000000000000001 0.6000000000000001 0.6000000000000001 0.4 0 0 0 0 0 0 0 2.8000000000000003 0 0 0 1.8 0 0.2 0 0 0 0 0 0 0 0 2 8.200000000000001 0.2 0.4 0 2.2 2 11 4 1.6 4.800000000000001 1.8 2.4000000000000004 8.200000000000001 2.4000000000000004 9.200000000000001 0.6000000000000001 0 1.2000000000000002 0 3.6 0 0 0 0 0.2 3.6 0.2 0 0.2 0 0 0.2 2 0 0 0 0 2.8000000000000003 2.8000000000000003 0 0 0 0 0 0 0 0 0 0 0 0 0 0 0 0 0 0 0 0.8 0 0.4 0 0 2.2 0 0 0 0 0 0 0 0 0 0 0 0 0.2 1.4000000000000001 0 6.2 2.6 6.6000000000000005 5.4 1.8 4.4 0 2.2 3 0 3.4000000000000004 7.2 3 2.8000000000000003 4.2 3.6 0 2.4000000000000004 0 0.2 0.2 0 1.8 0.2 0 0 2.4000000000000004 0 0 0 0 0 0 0 0 0 2.4000000000000004 0 0.2 3.8000000000000003 0 0 0 0 0 0 0 0 0.4 0 0 0 0 0 0 0.2 0.2 0 0 0 0 0 0 0 0 0 0 0 0 0.4 0.2 0 0 0 2.2 0 0 17.8 17.6 0.4 0.4 2.4000000000000004 0 0 0 0 3.4000000000000004 0 0 0 0 0.2 0 0 0 0 0.2 0.6000000000000001 0 2.6 0 0 0 0 0 0 1.8 0 0 0 
 0 1 0 0 0 13.600000000000001 0 0 0 0 0.2 0 0.2 14 0 0 0 0 0 20 18.8 26.8 0 44 9.600000000000001 6.6000000000000005 15.4 18.8 15.4 57.6 25.6 51.2 28.400000000000002 29.400000000000002 21.200000000000003 32.4 72.8 23.400000000000002 35.4 19.8 12.4 0.4 0.6000000000000001 0 0 0 0 1.8 0 0 0.4 0.6000000000000001 25.8 0 0 0 0 13.4 12.600000000000001 12.4 1.2000000000000002 0 0 2 0 0 0 0 0 0 0.6000000000000001 0 0 0 0.6000000000000001 1.4000000000000001 0 0 0 1 0 0 0 0 0 0 0 0 0 0 0 0 0 0 0 0 0 0 0 0 0 0 0 4 4.2 0.2 0 1.6 0 9.8 2.4000000000000004 5.6000000000000005 1.8 0 2.8000000000000003 0 0.2 0 0 0 3 2.2 0 0 0 0.4 11.600000000000001 2.6 4.4 0 0 0 5.4 2.4000000000000004 3.2 0 0.6000000000000001 0 4.4 4.800000000000001 0 0 0 0 0 0 0 0 0 0 0 0 0 0 0 0 0 0 0 2.4000000000000004 0 0.6000000000000001 0 0 0 0 0 0 0 0 0 0 0 0 0 0 0 0.8 0 0 1.4000000000000001 2.6 2.4000000000000004 2.2 0.2 4.6000000000000005 0 0 0 3.6 2.6 3.2 0 8 1.2000000000000002 7.4 0 0.2 0 0 1 0 0 0.4 0 0 0 0 0 0 0 0 4.4 0.2 0 0 0 0 0.2 6.6000000000000005 0 0 0 0 0 0 0 0 0 0 0 0 0 3 0 0 0 0 0 0 0 0 0 0 0 0 0 0 0 0 0 0 0 0 2.8000000000000003 0 0 1 30.400000000000002 0 0.4 3 0 0 0 0 0 0 0 0 0 0 0 0 0 0 0 0.4 0 0 0 0 0 0 0 2.2 0 0 0 0 
 0 0 0 0 0 0 0 0 0.4 21.6 0 0 0 0 0.2 0 0 25.400000000000002 0 0 77.2 38.6 44 0 57.6 6.2 22.6 40.400000000000006 15.4 31.400000000000002 29.8 68 17.2 17.8 13.4 25 28.200000000000003 9.600000000000001 68 10.4 0 0.4 0.6000000000000001 0.2 0 0 0.6000000000000001 0.6000000000000001 0 0 0.4 0.6000000000000001 0 0.6000000000000001 0.2 0 0 0 25.6 0.6000000000000001 0.6000000000000001 1 0 0.6000000000000001 0 0 0 0 0 0 1.6 0 0.6000000000000001 0 0.6000000000000001 0.6000000000000001 0 0 0 0.8 0 0 0 0 0 0 0 0 0 3.4000000000000004 0 0 0 0 0 0 0 0 0 0.4 4 4.2 0 6 0 2 0.2 2.6 0.2 0 4.2 7.800000000000001 0 2.6 3.6 4 0.2 0 0 0 2.2 0.2 0.2 0 0 0 10 2.2 0.2 0 0 0 1.8 2 4.2 4 0 4 3 3.2 0 0 0 0 0 0 0 0 0 0 0 0 0 0 0 0 0 0 0 8.6 0 0 0 0 0 0 0 0 0 0 0 0 0 0 0 0 0 1.2000000000000002 1.4000000000000001 0 10.200000000000001 0 0.2 2.4000000000000004 5.6000000000000005 3.6 0 1.6 0 0 2.2 1.8 0 0 2.6 5 2.4000000000000004 1.6 0 0 2 0 0 0 0 0 0 0 0 0 0 0 0.4 0 1.8 3.6 0 0 0 10.4 0 0 0 0 0.2 0 0.8 0 0 0 0 0 0 0 0 0 0 0 0 0 0 0 0.2 0 0 0 0 0 0 0 0 0 0 0 0.8 0.2 0 0.4 0 0.8 0.6000000000000001 2.8000000000000003 0.6000000000000001 0 0 0 3.6 0 0 0 0 0 0 0.4 0 0 0 0 0 0 0 0.2 0 0 0 2.6 0 0 0 0 
 0.2 0 0.2 4 0 0 0.2 0.2 0 0 0.2 0 0.4 0.4 0.2 0.4 0.4 0.2 0.8 0.4 20.200000000000003 48.6 9.600000000000001 57.6 0 45 15.8 29.8 15.8 13.4 21.400000000000002 88.80000000000001 15.8 21 33.2 12.600000000000001 12.4 7.4 16.6 15.8 0 13 1.2000000000000002 0 0 0 0 0.8 5.4 13.600000000000001 0.4 0.8 0 11.4 4.800000000000001 10 12.600000000000001 0.2 18.6 10.200000000000001 0.6000000000000001 0 0 5.800000000000001 0 0 0 10.200000000000001 0 0 0.6000000000000001 0 0.4 0.6000000000000001 0.6000000000000001 0.6000000000000001 0 0 0 0.4 0 0 0 0 0 0 0 0 0 0 0 0 0 0.4 0 0 0 0 0 0 0 0.2 0.2 5 0 0 0 0 0 0 3 0 0 0 2.2 0 0.2 3 0 0.4 2 3.6 7.2 0.2 3.2 0 0.2 1.4000000000000001 5.800000000000001 2 0.2 0.2 0.6000000000000001 0.2 2 3.6 0 1.4000000000000001 5.4 2.8000000000000003 0 0 0 0 0 0 0 0 0 0 0 0 0 0 0 0 0 0 0 0 0 0 0 0 1.8 0 0 0 0.2 0.4 0 0 0 0 0 0 0.2 0 0 0 0 0 0 0 2.8000000000000003 4.800000000000001 0.4 0.2 0 0 1 2.6 0 0.2 0 1.4000000000000001 5 1.4000000000000001 0.2 0 2 0.2 2.8000000000000003 8.6 0 0 19.200000000000003 2 2.2 0 0.2 0 0 4 6 1.8 2.8000000000000003 0 0 0 0 0 0 0 0 0 0 0 0 0 0 0 0 0 0 0 0.4 0 0 0 0 0 0 0 0 0.4 0 0 0 0 0 0 0 1.6 1.2000000000000002 0.6000000000000001 0.6000000000000001 0.2 0 0.8 0 0 0 0 0 2 0 0 0 0 0 0 0 0 0 0 0 0 0 0 0 0 0 0 0 0 0 0 0 0 
 0 0 0 14.600000000000001 0.2 0 0 0.4 3.4000000000000004 14.600000000000001 14.8 0.4 0 0 0 2.4000000000000004 0 0.2 0 0.4 5 4.800000000000001 6.6000000000000005 6.2 45 0 48.400000000000006 2.2 9.4 10.8 12.8 12.8 7.4 23.8 62.6 10.600000000000001 19.8 12.4 118 8.8 2.2 12.8 9 0.2 0 0 0 0.6000000000000001 5 0 0.4 0.6000000000000001 0 13.600000000000001 1.8 25.6 12.600000000000001 0 0 18.2 0.8 0 1.8 2 0 1 0 0 2 0.2 0.6000000000000001 2 0 0 0.6000000000000001 2.8000000000000003 2 0 0 0 0 0 0 4.2 0 0 0 0 0 0 2.6 0.4 0 0 0 1.6 3.6 0 0 0 0 0 0.2 0 0 0 0.4 0 0 0 0 0 1.6 0 0 0 0 0 0.4 1.6 0 2 1.8 0 6.6000000000000005 0 6.4 1.8 2.2 0 3.8000000000000003 0 5.800000000000001 0 6.4 4.6000000000000005 0 3.6 0 0.2 0 0 0 0 0 0 0 0 0 0 0 0 0 0 0 0 0 0.2 0 0 0 0 0 0 0 0 0 0 0 0 2.6 0 0.2 0 1 0 0 0 0 0 0 0 0 0 0 0.2 1.6 0.2 0 0 0 0 2 0 1.6 0 0 0 0 0 0.2 2.8000000000000003 0 0.8 0 0 0 2 0 0.8 0 0 3.2 7.800000000000001 6 6.2 0.2 2.4000000000000004 0 0.2 0 0 0 0 0 0 0 0 0 0.4 0 0 0 0 1.8 0 0 0 0 3 0 0 0 0 0 0 0 0 0 0 0 0 0 0 2.6 0 0.4 0.2 0 0.2 1.2000000000000002 0.8 0 0 0 0 0 0 0 0 0 0 0 0 0 0 0 0 0 0 0 0 4 0 0 0 0 0 0 0 
 1.2000000000000002 15.4 18.6 31.6 0.4 24.400000000000002 0.6000000000000001 0.6000000000000001 4.800000000000001 15.4 18.400000000000002 16.2 0.8 0.8 0.8 19.400000000000002 0.8 0.8 1.4000000000000001 0.8 41.2 20.200000000000003 15.4 22.6 15.8 48.400000000000006 0 27.6 7.4 7.800000000000001 8 8.8 45.2 47.6 21 7.2 10 54.2 69.2 41.6 0 0.4 0.6000000000000001 0.2 0 0 1.2000000000000002 14.200000000000001 0 0 0.4 0.6000000000000001 0 0 13.200000000000001 0 0 0 3.6 0 0.4 0 0 0 0 0.2 0 0 0 0 0.6000000000000001 0 0 0 0.6000000000000001 1.2000000000000002 0 0 0 0 0 0 0 9.8 2.6 2 0 0 0 8.6 5 10.200000000000001 0 0 0 1.8 3.8000000000000003 0 0 0.4 0 2.2 0 0 0 0 0 5.6000000000000005 4.2 0.4 0 0 3.6 4.2 0 0 0 0 4.4 8.4 1.6 0 0.2 0 0 0 0 0 0 0 0 0 0 0 0 0 0 0 0 0 0 0 0 0 6.800000000000001 0.4 0 0.4 0 0.2 0 0.4 0 0 0 0 0.2 0 0 0 0 0 0 5.800000000000001 0 2.2 0 0 0 0 0 0 0 0 1.4000000000000001 0 0 0 0 0 0.2 0.2 0.2 0 0 0 0 0.6000000000000001 5 6.800000000000001 0 0 2 0 3.6 0 0 0 1.4000000000000001 7 0 0 0 0 0 0 0 0 0 0 0 0 0 0 0 0 0 0 0 0 0 0 0 0 0.2 0.2 0 0 0 0 0 0 0 0 0 0 0.2 0 0 0 0 0 0.2 0 0 0 30.200000000000003 0 0 0.2 10 0 0 0 1.6 0 0 0.2 0 0.4 0.8 0.4 0 9.4 0 0 0 0 0 0 0 0 0 0 0 0.2 2.2 0 0 0.8 0 0 0 0 0 0 0 0 0 0 
 0.4 0 0.4 14.600000000000001 22.8 14.8 15 0 0.6000000000000001 0 0.2 0.2 0 0 0.8 0 0.2 0 0 0 32.6 33.2 18.8 40.400000000000006 29.8 2.2 27.6 0 26 9 39.800000000000004 58.400000000000006 69.8 41.800000000000004 22.400000000000002 70 8 7 13.4 17.400000000000002 0 1 0.6000000000000001 0 0 12.8 8.4 1.2000000000000002 0.4 0.6000000000000001 0.4 13.600000000000001 0 0.4 0.6000000000000001 0.6000000000000001 0 1.2000000000000002 6.4 0 0.8 0.2 0 0 0.6000000000000001 0 0.2 0 0 0.4 0.6000000000000001 0 0.2 0 0.6000000000000001 0.6000000000000001 0 0 0.2 0 0 0 0 0 0 3.8000000000000003 0 0 2 0.2 0 0 0 0 0 0.2 2 0 2 0 3.4000000000000004 5.6000000000000005 0 1.8 0 0 5.2 0.2 3.6 0.2 6 2.4000000000000004 0 0 13.4 7.2 16.6 3.8000000000000003 0 2.6 0 0 0 0 0 0 2.2 0 0 0 0 0 2.2 0 0 0 0 0 2.2 6.4 0 0 0 0 0 0.2 0 0 0 0 0 0.4 0 0 0 0 0 0 4.4 0 0 0.2 0 0.8 0 0 0 0 0 0 0 0 0 0 0 0 0 0 1.2000000000000002 0 2.6 6.4 7.6000000000000005 0 2 1.4000000000000001 3 0 3.4000000000000004 0.2 2.6 3.4000000000000004 2 0.2 5.2 7.2 4.2 2.8000000000000003 2.4000000000000004 1.8 0 0 0 0 0 0 0 0 0 0 0 0 2 0 1.2000000000000002 0 0 3.6 2 0.2 0 0 0 0 0 0 0 0 0 0 0 0 0 0 0 0 0 0 0 0 0 0 0.2 0 0 0 0 0 0 7 0 0 0 0 0.4 0 0 0 15.600000000000001 0 0.2 0 0 0 0 0 0 0 0 0 0 0 0 0 0 4.4 0 1.8 0 0 0 0 0 0 0 2.2 0 0 0 0 
 0 0 0.4 5.4 19.6 0 0.8 1.6 0 0 0 15 0 0 0 0 0 13.4 0 0 10 22.8 15.4 15.4 15.8 9.4 7.4 26 0 30.400000000000002 22.200000000000003 62.800000000000004 23.200000000000003 15.8 37.800000000000004 8.8 76.4 21.6 29.6 28.200000000000003 12.600000000000001 0.4 0.6000000000000001 0 0 0 0 0.6000000000000001 1 0 0.4 0.6000000000000001 0 0 0 0 0 0 0.4 12.4 0.4 0 0 0 2.2 0 0 0 0 0 0.6000000000000001 0 0 0 0.6000000000000001 0.6000000000000001 0 0 0 0 0 0 0 0 0 0 0 0 0 0 0 0 0 0 0 0 0 0 0 0 5.2 4.800000000000001 3.6 4.6000000000000005 0 0 2 1.4000000000000001 5.4 1.4000000000000001 0.2 1.8 0 8.200000000000001 2.4000000000000004 6.2 2.4000000000000004 3 3.6 5.6000000000000005 0 0 0 0 0 0 6.2 0 0 0 0 0 5 2 11 0 0.4 0 0 2 0 0 0 0 0 0 0 0 0 0 0 0 0 0 0.2 0 0 0 0.6000000000000001 0 0 0.6000000000000001 0 0 0.2 0 0 0 0 0 0 0 0 0 0 0 0 1 0 0 2.8000000000000003 9.8 6.800000000000001 4.2 3 3.2 0.2 0 3.2 0 0 5 7.4 10.8 3 0 0.2 4 2.8000000000000003 0 0 0 0 0 0 0 0 2.2 0 0 0 0 3.6 0 0 0 0 0 3 0.2 0 0 0 0 0 0 0 0 0 0 2.8000000000000003 0 0 0 0 0 0 0 0 0 0 0 0 0 0 0 0 0 0 0 0 0.4 0 4 1.2000000000000002 0.4 0.4 15.200000000000001 15.200000000000001 0.2 0 0.4 0 0 0 0 0 0 0 0 0 0 0 0 0 0 0 0 0 2.8000000000000003 0 1.4000000000000001 0 0 0 0 1.8 0 0 0 
 0 0 0 0 0 0.6000000000000001 0.2 0 0.8 0 0 0 0 0 0.6000000000000001 0.2 0.4 0 0 15.200000000000001 10.8 39 57.6 31.400000000000002 13.4 10.8 7.800000000000001 9 30.400000000000002 0 30 9.4 26.400000000000002 85.2 51.800000000000004 61.2 11 35.6 14.600000000000001 34 13 0.8 0.6000000000000001 0 0 0.4 0 0.6000000000000001 0 0.4 0.4 0.6000000000000001 10.200000000000001 0.6000000000000001 0.4 0.6000000000000001 0 0 8 13.200000000000001 0.4 0 0.2 0.6000000000000001 0.8 0 0 0 0 0 0.6000000000000001 0 0.4 0 0.6000000000000001 0.6000000000000001 0 0 0 0 0 0 0 0 0 0 0 0 0 0 0 0 0 0 0 0 0 0 0 0 0.4 2.8000000000000003 0 1.8 1.8 0.6000000000000001 2.6 5 7.4 4.6000000000000005 7.6000000000000005 0 3.4000000000000004 0 2 0 0.4 0 0 0 0.8 0 0 0 0 0 5.4 2.8000000000000003 4.4 0 0 0 3.6 0 0.2 0 0 0 0.4 3.2 0 0 0 0 0 0 0 0 0 0 0 0 0 0 0 0 0 0 0.2 0.6000000000000001 0 1.2000000000000002 0 0 0 0 0 0 0.2 0 0 0 0 0 0 0 0 1.6 0 0 1.6 4.2 4.6000000000000005 2.6 0.2 0.6000000000000001 0 0.2 0 0 1.4000000000000001 3.2 0 5.800000000000001 3.4000000000000004 2.2 0.4 3.2 0 0 2.8000000000000003 7 0 0 0 0 0 0 0.2 0 0 0 4 2.2 0 0 0 0 1.8 2.6 0 0 0 0 0 0 0 0 1.4000000000000001 0 0 0 0 0 0 0 0 0 0 0 0 0 0 0 0 0 0 0 0 0 0 0 0 0 0.8 0 0 29.8 31.8 4.2 0 0.2 0 0 0 0 0.2 0 0 0 0 0 0 0 0 0 0 0 0 0 0 2.4000000000000004 0 0 0 0 1.4000000000000001 0 0 0 
 0.8 0.6000000000000001 0.8 0.6000000000000001 1.2000000000000002 0.6000000000000001 0.4 0.8 1 0.6000000000000001 0.4 1 0.6000000000000001 0.4 0.6000000000000001 0.4 0.4 0.6000000000000001 0.6000000000000001 0.6000000000000001 64.4 21.8 25.6 29.8 21.400000000000002 12.8 8 39.800000000000004 22.200000000000003 30 0 29.200000000000003 23.400000000000002 10.4 16.400000000000002 48.400000000000006 48 64 9.4 14.600000000000001 0 0.4 1 0.4 0 0 0 0.6000000000000001 0 0 0.2 0.6000000000000001 0 0 0.6000000000000001 0 0 1.2000000000000002 14 0 0.6000000000000001 0 0 0 0.4 0 0 0 0 0 0.2 0 0 0 0.2 0.6000000000000001 0 0 0 0 0 0 0 0 0 0 0 0 0 0 0 0 0 0 0 0 0 1.6 0 0.4 9 7 1.8 4.6000000000000005 3.4000000000000004 1.4000000000000001 6.4 0.4 5.800000000000001 0.2 2.8000000000000003 15.600000000000001 0 2.2 8.4 2.4000000000000004 3.8000000000000003 2 0 0 0 0 0.2 0 0 0 0.6000000000000001 3 0 0 0 0 2.4000000000000004 0 0 0 0 0 3.6 0 0 0 0 0 0 0 0 0 0 0 0 0 0 0 6.4 0 0 0 0 0 1 0 0 1 0 0 0 0 0 0 0 0 0 0 0 0 0 0 1.2000000000000002 0 8.8 4.4 4 2.2 4.2 0.8 0.2 1.4000000000000001 0.8 0 3.4000000000000004 3.4000000000000004 0 0.4 2.2 4.800000000000001 3.4000000000000004 18.8 0 0 1.8 0 0 0 0 0 0 0 0 0 0 0 1 0 0 0 0 0 2 3.4000000000000004 0 0 0 0 0.2 0 0 0 0 0 0 0 0 0 0 0 0 0 0 0 0 0 0.2 0 0 0 5.2 0 0 0 0 0 0 0 1.2000000000000002 0 0 0.4 15.4 0.4 0.8 0 0 0 0 0 7.2 0 0 0 0 0 0 0 0 0 0 0 0 0 0 0 0 0 0 1 1.8 0 0 0 
 0 0 0.6000000000000001 0 0 0 0 0.4 0 0 0.2 0.4 0 0 0.8 0 0 0 0 0.4 23 65.2 51.2 68 88.80000000000001 12.8 8.8 58.400000000000006 62.800000000000004 9.4 29.200000000000003 0 3.4000000000000004 20.8 10.4 7.800000000000001 73.4 15 33 9 0 4.4 0.6000000000000001 0 0 0.2 13 0.6000000000000001 0.4 0 0.2 0.8 4.4 13.200000000000001 0 0 0 0 0 12.4 0.6000000000000001 0 0 0.4 0 0 0 0 0 3.6 0.4 0 0 0 0.4 0.6000000000000001 0 0 0 0 0 0 0 0 0 0 0 0 0 0.4 0 0 0 0 0 0 0 0 0 0 2 4 5.2 0 3 5.4 0 0 6.4 4.800000000000001 5.6000000000000005 0 0 0 2 2.2 2.6 12.8 0 2.6 0 0 2.8000000000000003 0 3.6 0 0.2 0 0 0 0 0 2 3.6 0 0 0 0 13.4 6 0 0 0 0 0 0 0 0.4 0 0 0 0 0 0 0 0 0 0 0 0 0.2 0 0 0.2 0 0 0 0 3.8000000000000003 0 0 0 0 0 0 0 0 0 0.8 0 2 2.4000000000000004 0.2 2.4000000000000004 3.8000000000000003 2 2.8000000000000003 2.8000000000000003 0.4 8.4 4.6000000000000005 0 0.2 2.2 0 8 10.4 0 0 0 3.6 0 0 0 0 0 3.2 3.4000000000000004 2.8000000000000003 1.6 0 0 3.2 0.6000000000000001 0.2 0 1.6 0 5 0 0 0 0 0 0 0 0 0 0 0.4 0 0 0 0 0 0 0 0 0 0 0 0 2 0 0 0 0 0 0 0 0 0 0 0 1.4000000000000001 0 0.2 15.4 0 0 0.8 0 0 0 0 0.6000000000000001 0.4 0 0 0 0 0 0 0 0 0 0 0 0 0 0 4 0 0 0 0 0 0 0 0 
