 0 26 36 28.8 51.800000000000004 51.400000000000006 61 10.600000000000001 29.6 28.6 5.4 8 71.60000000000001 17 62 32.6 26 49.400000000000006 45.2 68.4 0 0 0.2 0 0.6000000000000001 0.2 1.2000000000000002 0 0.8 0 0.6000000000000001 0.8 0 0.6000000000000001 0 0.2 1.2000000000000002 0.6000000000000001 15 0.4 0 0 10 0.4 0.6000000000000001 0.4 0 0 5 1.8 0 1.4000000000000001 0 0 0.4 0.4 0 0 0.6000000000000001 0.4 0 0 0.8 0.2 0 0 0 0.4 0 0 0.4 0.8 0 0 0.6000000000000001 0.6000000000000001 0 0.4 0.4 1.2000000000000002 7.6000000000000005 4 1.8 0 1.6 0 0.2 3.6 0 23.6 0 2 0 5.6000000000000005 1.6 6.6000000000000005 0 3 2.8000000000000003 3.8000000000000003 0 0 0.2 0 0 0 0 0 0 0 0 0 0 0 0 0 0 0 0.4 0 0 0 0 0 0 0 0 0.4 0 0 0 0 0 0 0 0 0 0 0 0 0 0 0 0 0 0 0 0 0 2.2 0.4 0 0 2.6 0 0 0 0 0 0 1.4000000000000001 3.2 5.800000000000001 2.4000000000000004 2.4000000000000004 2.6 4.800000000000001 4.2 3 2.8000000000000003 0 1.8 0.2 3.2 0 2.2 3 0.4 8.8 2 0 0 0 0.4 0 0 0 0 0 0 0 0 0 0 0 0 0 0 0 1.2000000000000002 0 0 0 0 0 0 0 0 0 0.2 0 0 0 0 0 0 0 0.4 0.4 0 0 0 0 0 0 0 0 0 0 0 0 0 0 0 0 0 0 0 0 0 0 0 0 0 0.4 0 0 0 0.4 0 0 1.6 4.6000000000000005 0 0 0 0 0 0 0 0 0 0 0 0 0 0 0 0 0 0 0 0 0.2 0 0 3.8000000000000003 0 0 0 0 0 0 0 0 0 0 0 0 0.4 
 26 0 20.6 51.400000000000006 68.4 10.200000000000001 50.2 78.4 12.4 96 10.4 24.400000000000002 72.60000000000001 121 73.4 24.8 56 28.8 59.6 38.800000000000004 0.6000000000000001 0 0.4 0 0 0 0 0 0.6000000000000001 0 0.6000000000000001 1 0.8 0.6000000000000001 0.4 0.6000000000000001 0 0.6000000000000001 0.6000000000000001 0.2 0 0 0 0 0.6000000000000001 1 0 0 0 0.6000000000000001 0.6000000000000001 0.4 0 0.4 0 0 0.8 0 1.2000000000000002 0.4 0 0 0.2 0 0 0 1.6 1 0.4 0 0.4 1 0 0.2 0 0.6000000000000001 0.4 0 0.8 0 6.6000000000000005 7.6000000000000005 0 3.6 1.8 1.8 0 7.6000000000000005 3.6 0 5.2 0 0 14 2.8000000000000003 0 1.4000000000000001 2.2 0.2 4.2 0 0 0 0 0.2 0 0 0 0 0 0 0 0 0 0 0 0 0 2 0 0 0 0 0 0 0 0 0 0 0 0 0 0 0 0 0 0 0 0 0 0 0 0 0 4.2 0 0 0 0.2 0 0 0 0 0 0 0 0 0 2.8000000000000003 0 2.6 3 10.4 16.6 2.2 0.2 4.2 10.600000000000001 6.2 0 0 1.4000000000000001 1.6 3 2.4000000000000004 0 4.6000000000000005 6.6000000000000005 3.4000000000000004 10.600000000000001 0 0.4 0.4 0 0 0 0 0 0 0 0 0 1.8 0 0 0 0 0 1.6 3.8000000000000003 0 0 0 0 0 0 0 0 0 0 0 0 0.2 0 0 0 0 0 0 2.8000000000000003 0 0 0 0 0.4 0 0 0 1 0 0 0 0 0 0 0 0 0 0 0 0 0 0 0 0 0.2 0.6000000000000001 0 0.4 0 0 2.2 0 0.2 0 0 0 0 0 0 0 0 0 0 0 0 0 0 0 0 0 0 0 0 0 0 3.8000000000000003 1.8 0 0 0 0 0 0 0 0.2 0 0 0 0 
 36 20.6 0 20 28 45.400000000000006 27.400000000000002 22.400000000000002 53.6 26.8 43.6 39.400000000000006 34.2 26.6 32.800000000000004 38.2 47.800000000000004 56.2 13.600000000000001 26.8 0.2 0.2 0 0 0 0 0.2 0 0.6000000000000001 0 0 0 16.6 15.4 0 0 0 0.6000000000000001 16.2 17.8 0.4 0 0 0 0.4 0 0 0 0.2 1 0 0.4 0 0 0 5.6000000000000005 0 0 0.6000000000000001 0.8 0 0 0 0 0 0 0 0.4 0 0 0 0.6000000000000001 9.600000000000001 0 0 0.6000000000000001 0 0 0.4 0 0.2 1.4000000000000001 0 1.2000000000000002 9.4 4.2 0 0.8 0 11 3.6 2.8000000000000003 1.8 0 7 0 4.4 2 0 0.4 0 0 0 0 0 0 4.2 0 0.2 0 0 0 0.4 0 0.2 0 0 0 4.6000000000000005 2.4000000000000004 0 0 0 0 0.4 0 0 0 0 0 0 0 0 0 0 0 0 0 0 0.4 0 0 0 0 0 0 0 0 0 0 0 0 0 0 0 0 0 0.2 0.2 0 10.200000000000001 5.4 4.800000000000001 6.2 4.800000000000001 0 7.4 4 0 1.6 1.6 5.4 2.2 3.2 0 3.4000000000000004 4.6000000000000005 3.6 0.4 0 0 0 0 0 0 0 0 2.4000000000000004 0 0.4 0 0 0 4 0 0 0 0 0.2 3.2 0 0 0 0 0 0 0 0 0 0 0 0 0 0 0 0 0 0 0 0 0 0 0 0 0 0 0 0 0 0 0 0 0 0 0 0 0 0 0 0 0 0 0 0 0 0.4 0.4 0.4 17.6 0.2 0 1.8 0.4 0 0 0 0 0 0 0 0 0 0 0 0 0 0 0 0 0 0 0 0 0 0 3.8000000000000003 0 0 0 0 0 0 0 0 0 0 0 0 0 0 
 28.8 51.400000000000006 20 0 40.6 27.8 21.8 55 31.200000000000003 29.400000000000002 57.6 68 31.400000000000002 36.6 23.200000000000003 16 10 10.4 14.4 14.8 21.8 0 0 0 0.4 0 0 6.2 0.6000000000000001 0 0 1 0 16 0 0 0 0.6000000000000001 15.600000000000001 26.6 0.4 0 0.6000000000000001 0 13.200000000000001 0.6000000000000001 0.6000000000000001 2.2 0.4 0 0 0.2 0 0 0 0.2 0.4 0 0.6000000000000001 13 0 0.6000000000000001 0 0 0.2 0 0 9 0.2 0 0 1 0 0.6000000000000001 0.2 0.6000000000000001 0 0 0.4 0.4 2.8000000000000003 3.2 0.2 8.200000000000001 0.2 5.2 0 2.4000000000000004 3.6 0 4.2 2 0 3 0 0 0.2 4.6000000000000005 0 5.2 0 0 3.6 0 0 0 0 3.6 1.8 0 0 0 0.4 4.800000000000001 6.6000000000000005 0 0 3.6 4.6000000000000005 0.2 0 0 0 0 0 0 0 0 0 0 0 0 0 0 0 0 0 0 0 0 0 0 0 0.2 3 0 0 0 0.8 0 0 0 0 0 0 0 0 0 0 0 0 0 0 2 2 7.2 0 2 0 11.600000000000001 10.4 0 0 5 2 0 0.8 0.8 0 0 0 0.2 3.2 0 0 0 2 0 0 0 0 0 8 6 0 0 0 2.4000000000000004 5.6000000000000005 5 0 0 0 0 0 0 0 0 0 0 0 0 0 0 0 0 0 0 0 0 0 0 0 0 0 0 0 0 1.8 0 0 0 0 0 0 0 0.4 0 0 0 0 0 0 0 0 0.4 35.2 0 18.6 3.6 0 2.8000000000000003 0.4 0 0 0 0 0 0 0 0 0 2.4000000000000004 0 0 0 4 0 0 0 0 0 0 10.200000000000001 0 0 3 0 0 0 0 0 0 0 0 0 0 0 0 0 
 51.800000000000004 68.4 28 40.6 0 46.2 10.8 50.2 29 35.6 41.2 36.800000000000004 18.8 79.2 17.2 54.2 9.8 10.200000000000001 24.400000000000002 15.4 58 0 10 0 0 0 32.2 37.800000000000004 17.2 0 0.2 0.2 28 27.8 0 15 0 0.6000000000000001 19.8 14.600000000000001 0 0 0 1.2000000000000002 0.4 0.2 0 15 0 0 0 0.2 0 0 0 12.600000000000001 0 0 0.6000000000000001 0.4 0 0 0.2 0 0 0 0 0.4 0 0 0 0.6000000000000001 0 0 0.2 0.6000000000000001 0 0 0.4 0 0 1.8 0 4 0 1.4000000000000001 2 0.2 1.6 2.2 1.2000000000000002 0.4 0 2.8000000000000003 0 2.8000000000000003 4.6000000000000005 0 0 3 0 2.6 0.2 0 0 0.2 0 0.4 4.2 0 0 0 2.2 1.4000000000000001 6.2 0 0 0 8 8.4 0 0 0 0 0 0 0 0.4 0 0 0 0 0 0 0 0 0 0 1.6 0 0 0 0 0 0 1.4000000000000001 0 0 0 0 0 0 0 0 1.2000000000000002 0 0 0 0 0 2.4000000000000004 0 0 0 0.2 5.800000000000001 0 0 0 0.2 0 0 0 2.2 0 2.8000000000000003 2 3.6 0 0 1.4000000000000001 0 0 0.4 2.4000000000000004 0.6000000000000001 5.2 6.2 3.6 2.4000000000000004 0 0 3 2.8000000000000003 3 3.4000000000000004 2.4000000000000004 0 7 0.8 0 0 0 0 0.2 0 0 0 0.4 0.2 0 0 0 0.4 0 0 0 0.4 0 0 0 0 0 0 0 0 0 0 0 0 0 0 0 0 0 0 0 0 0 0 0 0 3.8000000000000003 0 0.2 0.4 0.6000000000000001 0 0.4 17.6 2 1.4000000000000001 0 0 0 0 0 0 0.2 0 0 0 0 0 0 0 0 0 0 0 0 0 0 0 0 0.2 1.2000000000000002 0 0 0 0 0 0 0 0 0 0 0 0 0.4 
 51.400000000000006 10.200000000000001 45.400000000000006 27.8 46.2 0 5.2 7.4 10.200000000000001 17.6 64.4 59.6 6.800000000000001 11.600000000000001 14.200000000000001 11 14.200000000000001 30.8 10.4 51.400000000000006 62.800000000000004 0 14.600000000000001 0 0 0 0 3.6 2.6 0 0 0.4 15 15.4 15.200000000000001 41.6 0 0.6000000000000001 45.800000000000004 36.6 0 0 0 0 0.6000000000000001 0 0 0.2 0 0 0 0 0 0.6000000000000001 0.6000000000000001 0.4 0 0 0.6000000000000001 0.4 0 0 0 0 0 0.2 0 0.4 0 0 0 0.6000000000000001 0 0 0.2 0.6000000000000001 0 0 0.4 0 0 0.2 1.4000000000000001 0.2 0 0.2 0 0 0.4 0.2 0 6 0.2 0 0.2 0 0 0 0 0 0 1.8 4.4 0 0 0 2 9.4 7 0 2.8000000000000003 0 10.600000000000001 4.4 2.4000000000000004 0 4 1.6 3.2 0.4 0 0.4 0 0 0 0.2 0 0 0 0 0 0.4 0 0 0 0 0 0 0 0 0 0.2 0.6000000000000001 0.8 0 0 3.4000000000000004 0 0 0 0 0 0 0 0 0 0 0 0 0 0 0 0.4 0.2 0 6.4 0 0 0.4 2 2.2 0 0 0 0 3 0 0.2 0 0.4 5 2 4 0 0 0 4 0.4 2.6 0 0 0 3.4000000000000004 9.600000000000001 2.6 0 0 2 5.2 3.8000000000000003 0 0 0 0 0 0 0 0 2.4000000000000004 0 0 0 0 0 0 0 0 0 0 0 0 0 0 0 0 0 0 0 0 0 0 0 0 0 0 0 0 0 0 0 0 0 5.4 0 0 1.2000000000000002 0 0.8 1.6 18 0 0.8 0 0 0.2 0 0 0 0 0 0 0 0.2 0 0 0 5.800000000000001 0 0 0 0 0 0 0 0 0 0 0 0 0 0 0 0 0 0 0 0 0 0 0 
 61 50.2 27.400000000000002 21.8 10.8 5.2 0 39.2 9.600000000000001 21.6 28 8.6 79.4 28.400000000000002 31 24 6 49 20.8 28.200000000000003 0 0 0 0 0 0 0.4 0 0.6000000000000001 0 0.2 0.4 0 0.6000000000000001 0 0 15 0.6000000000000001 1.2000000000000002 0.2 0.6000000000000001 0 0 0 0.4 0.8 0 0.6000000000000001 0 0 0 0.6000000000000001 0.6000000000000001 0 0 0 0 0 0.6000000000000001 0.4 0 0 0.4 0 0.6000000000000001 0 0 0.4 0 0 0.4 0.6000000000000001 0.4 0 0 0.6000000000000001 0 0 0.8 0 5.800000000000001 2.6 0.2 1.8 1.8 2 0 7 6.800000000000001 1.6 2.6 0 0 4.4 3 0 3.4000000000000004 4.2 3.6 0 0 0 0 0 0.4 0 0 0 0 0 0 0 3 0 0 0 0 0 0 0 0 0 0 0 0 0 0 0 0 0 0 0 0 0 0 0 0 0 0 0 0 0 2.4000000000000004 0.2 0.8 0 0 0 2.6 0 0.4 0 0 0 3 0 0 0 0 0 0.2 0 1 1.8 4.6000000000000005 0.4 4.4 4.6000000000000005 0 0.4 2 2 2 0.2 1 2.6 3 6.4 7 0 3.8000000000000003 0 0 0 0 0 0 0 0 0 0 0 0.2 0 0 0 0 0 0 0 0 0 0 0 0 0 0 0 0 0 0 0 0 0 0 2.8000000000000003 0 0 0 0 0 0 0 0 0 0 0 0 0 0 0.2 0 0 0 0 0 0.4 0 0 0 0 0 0 0 0 0 17.8 0.2 0.6000000000000001 0.2 0 2.2 0 0 0 0 0 0 0 0 0 0 0 0 0 0 0 0 0 0 0 0 0 0 0 0 6.6000000000000005 0 0 0 0 0 0 0 0 0 0 0 0 0 
 10.600000000000001 78.4 22.400000000000002 55 50.2 7.4 39.2 0 22.200000000000003 7 23.6 24.8 21 47.400000000000006 99.4 28.6 52.6 28.6 44 46.800000000000004 0 0 0 0 0 0 0 0 0.6000000000000001 0 0.6000000000000001 0 0.2 0.6000000000000001 0 0 0 0.6000000000000001 0.6000000000000001 0.4 0 0 0 0 0.8 13 0 0 0 0 0 0.4 0 0 0 0 0 0 0.6000000000000001 13 0 0 0 0 0 0.4 0.2 8.8 0 0 0 0.6000000000000001 0 0 0 0.6000000000000001 0 0 0.4 0 2.4000000000000004 3.6 0 0.8 2.6 14 0 4.6000000000000005 2.4000000000000004 2.8000000000000003 2.6 2.8000000000000003 0 7.4 2.6 2 7.800000000000001 3.4000000000000004 0 3.4000000000000004 0 0 0 0 0 0 2.6 0 0 0 0 0 0 2.8000000000000003 0 0 0 0 4 2.8000000000000003 0 0 0 0 0 0 0 0 0 0 0 0 0 0 0 0 0 0 0 0 0 0 0 0 0.8 0 0 0 0.6000000000000001 0 0 0 0.2 0 0 0 1.8 0 0 0 2.4000000000000004 1.2000000000000002 9.8 2.4000000000000004 4.6000000000000005 0 0 0 12 0 0 0.2 2 3.4000000000000004 5.800000000000001 2.2 3 2.4000000000000004 0.4 2.6 0 0 0 0 0 0 0 0.2 0 0 0.6000000000000001 0 1.8 0 0 0 0 0 2.2 6.2 0 0 3.2 0 0 0 0 0 0 0 0 0 0 0 0 0 0 0 0 0 0 0 0 0 0 0 0 0 0 0 2.2 0 0 0 0 0 0.4 0 0 0 0 0 0 0 0 0.2 0.2 0 0.4 0 3.4000000000000004 1.4000000000000001 0 0 0 0 0 0 0 0 0 0 0 0 0 0 0 0 0 0 0 0 0 0 0 0 0 4 0 0 0 0 0 0 0 0 0 0 0 0 
 29.6 12.4 53.6 31.200000000000003 29 10.200000000000001 9.600000000000001 22.200000000000003 0 36.2 8.200000000000001 50 25.6 66.8 120 38.800000000000004 33.4 4.800000000000001 21.200000000000003 12.8 14.600000000000001 0.4 0 0 0 0 0 0.6000000000000001 0.6000000000000001 0 0 0.4 9.200000000000001 1.2000000000000002 0 0 0 0.6000000000000001 1 17.2 0 0 0 0 0.6000000000000001 0 0 1 0.2 0 0 0 0 0 0 12.4 0 0 13.200000000000001 0.4 0 0 0 0 0 0 0 0.4 0 0 0 0.6000000000000001 0 0 0 0.6000000000000001 0 0 0.4 0 0.2 0.2 0 8 2.8000000000000003 11.4 0.4 2 0.2 9.200000000000001 2 3.2 0 0.4 6.2 2.8000000000000003 7.800000000000001 0 0 0.2 0 0 0 3.4000000000000004 0 0 2.6 0 0.4 0 0 0 2 4.800000000000001 2.8000000000000003 0.4 0.2 0 6.2 6.6000000000000005 0 0 0 0 0.4 0 0.2 0 0 0 0 0 0 0 0 0 0 0.2 0 0 0.2 0 4.2 0 0 0 0 0 0 0 0 0 0 0.2 0 0 0 0.2 0.2 0 1.8 3.2 6.4 0.4 5.4 0.2 3 0 0 3.2 3.8000000000000003 5.800000000000001 2.2 0.6000000000000001 0 2 2.4000000000000004 4.800000000000001 0.2 0 0 0.4 0 0 0 0 0 9 0 0 0 0 0 1 0 0 0 0 0.4 0 0 0 0 0 0 0 0 0 0 0 0 0 0 0 0 0 0 0 0 0 0 0 0 0 0 0 0 0 0 0 0 0 0 0 0 0 0 0 2.8000000000000003 0 0 2.8000000000000003 0 0 0 0 2.8000000000000003 0 0 0.2 4.4 0.6000000000000001 0 3 0 0 0 0 0 0 0.2 0 3 0 0 0 1 0 0 0 0 0 0 0 0 2.8000000000000003 0 0 0 0 0 0 0 0 0 0 0 0 0 0 
 28.6 96 26.8 29.400000000000002 35.6 17.6 21.6 7 36.2 0 29.8 25 48.400000000000006 90.80000000000001 26 53.2 10.200000000000001 42.2 17.2 17.2 0 0 0 0 0.4 0 0.2 1.4000000000000001 0.6000000000000001 0.2 0 0 0 0.6000000000000001 0 0 0 0.6000000000000001 0.8 1.8 0.4 0 0.6000000000000001 0 0.6000000000000001 0.2 0.6000000000000001 0 0.2 0 0 0 0 0 0 0 0 1.6 0.6000000000000001 0.4 0 0.6000000000000001 0 0 0.8 0 0 0.6000000000000001 0.2 0 0 1 0 0.6000000000000001 0 0.6000000000000001 0 0 0.4 0.4 0 3.6 2 0 3.6 2.6 0 0.6000000000000001 0 5.6000000000000005 7.2 8.6 0 0 3.8000000000000003 3.8000000000000003 0 8.8 0 0.4 0 0 3.6 0 0 0 3.6 2.8000000000000003 0.2 0 0 0 6.2 0 0 0.4 0 0.2 0 0 0 0 0 0 0.4 0 0 0 0 0 0 0 0 0 0 0 1.8 0.2 0 0 0 0 3 0.8 0 0 0 0 0 0 0 0 0 0.2 0 0 0 0.2 0.2 0 3.4000000000000004 5.2 0 8.8 4.800000000000001 3 7.4 9.8 0 7.6000000000000005 10 3 0.4 0 0.8 6 6.4 0 0 0 0 0 0 0 0 0 0.2 0 0 0 0 0 0.2 0 0 0 0 0 0.2 4.6000000000000005 0 0 0 0 0 0 0 2.2 0 0 0 0 2.8000000000000003 0 0 0 0 0 0 0 0 0 0 0 0 0 0 0 0.4 0 0 0 0 0 3.2 0.2 0 0 0 0 0 0 0 0 0 0 0 0 17.400000000000002 0 0 1.6 0 0 0 0 0 0 0 0 0 0 0 0 0 0 0 0 0 0 0 0 0 0 0 1.8 1.8 0 0 0 0 0 0 0 0 0 0 0 0 0 
 5.4 10.4 43.6 57.6 41.2 64.4 28 23.6 8.200000000000001 29.8 0 137.20000000000002 24.400000000000002 7.6000000000000005 62.800000000000004 13.8 19.400000000000002 12 17.8 19.6 22.200000000000003 0.4 0.2 0 0 0 0 7.4 0.6000000000000001 0 0.2 0 0.2 17 0 0 0 0.6000000000000001 28.200000000000003 44.2 8 0 0 0 0.4 0 0 10 0 0 0 1.4000000000000001 0 0 0 0.2 0 0 0.6000000000000001 0.4 0.2 0 0 0 0 0 0 0.4 0 0 0 0.6000000000000001 0 0 0.2 0.6000000000000001 0 0.4 0.4 0 2.8000000000000003 2.8000000000000003 0 3 4.4 4.4 0 0.2 0 0 0 2.8000000000000003 14.8 0 0 0 4.4 2.8000000000000003 0 0 0 1 2.6 0 0 0.4 3.2 3.2 1.8 0.6000000000000001 2.2 0 6.2 7.4 4.800000000000001 0 0.2 0 5 0 0 0 0 0 0 0 0 0 0 0 0 0 3.2 0 0 0 0 0 0 0 0 0 0 0 0 0 0 0.4 0 0.4 0 0 0 0 0 0 0 0 0 0 1.2000000000000002 2.4000000000000004 0 1.8 0 5.800000000000001 0 1.4000000000000001 0 1.2000000000000002 6.6000000000000005 1.8 0 3.6 0 0 0 0 0 0 3 1 3 0 0 0 3.2 3.8000000000000003 0 0 0 0.4 2.2 8 2 0 0 2.4000000000000004 4.4 2.6 0 0 0 0 0 0 0 0 0 0 0 0 0 0 0 0 0 0 0 0 0 0 0 0 0 0 0 0 0 0 0 0 0 0 0 0 0 0 0 0 0 0 1.4000000000000001 0 0 0.4 17.8 0 8.6 16.400000000000002 0 1.6 0 0 0 0.2 0 0 0 0 0.4 0 4.2 0.4 0 0 3 0 0 0 0 0 0 0 0 2 0 0.2 0 0 0 0 0 0 0 0 0 0 0 0 
 8 24.400000000000002 39.400000000000006 68 36.800000000000004 59.6 8.6 24.8 50 25 137.20000000000002 0 7 7.2 7.2 23.400000000000002 16.400000000000002 71 4.2 5.800000000000001 33.4 0 0 0 0 0 0 15 0.6000000000000001 0.4 0 0 0.2 13.600000000000001 16.400000000000002 0 0 0.6000000000000001 20 34.2 0.2 0 0 0 0.4 0 0 0.4 0 0 0 0.2 0 0 0 0.2 0 0 0.6000000000000001 0.4 10.200000000000001 0 0 0 0 0 0 0.4 0 0 0 0.6000000000000001 0 0 0.2 0.6000000000000001 0 0 0.4 0 0 0 3.6 7.4 1.8 2.8000000000000003 0 0.2 6 0 3 10.4 0 0 0 0 3 6 0 0 0 2.4000000000000004 1 0 0 0.2 2 3.4000000000000004 1.2000000000000002 0 3.2 0 6 2.8000000000000003 5.4 0 3.4000000000000004 0 4 0 0 0 0 0 0 0 0 0 0 0 0 0 0 0 0 0 0 0 0 0 0 0 0.8 1.2000000000000002 0 0 0 0 0 0 0 0 0 0 0 0 0 0 0 0 0 2.4000000000000004 0 10.4 2.4000000000000004 5.800000000000001 0 0 2.4000000000000004 1.4000000000000001 5.800000000000001 0 0 0 0 2.8000000000000003 0 3.8000000000000003 0 0 2.8000000000000003 3 0 0 0 0 2.2 2 0 0 0 0 0.2 7.4 2.6 0 0 0 2.8000000000000003 5.2 0 0 0 0 0 0 0 0 0 0 0 0 0 0 0.4 0 0 0 0 0 0 0 0.2 0 0 0 0 0 0 0 0 0 0 0 0 4.4 0 0 0 0 0 0.4 4 0 0 0.4 1 0 8.8 34.6 0 2.4000000000000004 0 0 14.600000000000001 0 0 0 0 0 0 0 2.4000000000000004 0 0 0 0 0 0 0 0 0 0 0 0 0 0 1.8 0 0 0 0 0 0 0 0 0 0 0 0 
 71.60000000000001 72.60000000000001 34.2 31.400000000000002 18.8 6.800000000000001 79.4 21 25.6 48.400000000000006 24.400000000000002 7 0 26.6 64 15.200000000000001 30.400000000000002 49.400000000000006 18.8 46 0 0 0 0 40.400000000000006 0 40.400000000000006 0 4.6000000000000005 0 0 0.4 1 0.6000000000000001 0 0 0 0.6000000000000001 0.6000000000000001 0.4 0 0 0 0 0.6000000000000001 0 0 0 12.8 0 0.4 0.2 0 0 0 0 0 0 0.6000000000000001 0.4 0 0 0 1.8 0 0 0 0.6000000000000001 0 0 0 0.6000000000000001 0 0 0 0.6000000000000001 0 0 0.4 0 9.200000000000001 4 2.8000000000000003 0.2 1.4000000000000001 1 3.2 3.2 1.8 1.8 0.8 0 0.2 2.2 0 3.2 0 2.2 6.4 2 0 0 0 0 0 0 0 0 0 0 0 0 0 0 0 0 0 0 0 0 0 0 0 0 0 0 0.4 0 0 0 0 3 0 0 0 0 0 0 8 0 0 0 0 0 1 0 0 0 0.8 0 0 0 0 0.4 0 0 0 0 0 0 0 0.2 0 2.6 4.2 1.4000000000000001 4.800000000000001 3.6 3.8000000000000003 0 0.6000000000000001 2.2 4.2 0.2 3.4000000000000004 2.8000000000000003 2.4000000000000004 2 0 0 0 0 0 0 0 0 0 0 0 0 0 0 0 0 0 0 0 0 0 0 0 0 0 0 0 0 0 0 0 0 0 0 0 0 0 0 0 0 0 0 0 0 0 0 0 0 0 0 0 0 0 0 0 0 0 0.4 0 0 0 0 0 0 0 0 0 0.4 8.6 0.4 0 0 0 0.8 2 0 0 0 0 0 0 0.4 0 0 0 0 0 0 0 0 0 0 0 0 0 0 0 3.6 0 0 0 0 0 0 0 0 0 0 0 0 0 0 
 17 121 26.6 36.6 79.2 11.600000000000001 28.400000000000002 47.400000000000006 66.8 90.80000000000001 7.6000000000000005 7.2 26.6 0 45.2 63.400000000000006 60 7.6000000000000005 38 36 15.4 0 0 0 0 0 0 0.4 0.6000000000000001 0.4 0 0 0 0.6000000000000001 0.2 0 0.2 0.6000000000000001 0.6000000000000001 0.4 0 0.4 0 0 0.6000000000000001 0.2 0 0 0 0 0 0 0 0 0 0 0 0 0.6000000000000001 0.4 0 0 0 2.6 0 0 3.4000000000000004 0.6000000000000001 0 0 0 0.6000000000000001 0 0 0 0.6000000000000001 0 0 0.4 0 2.2 4.6000000000000005 0.2 3 1.8 2 2 0 3.6 10.4 8.8 0.4 0 2.2 0 5.6000000000000005 5.4 0 0.2 3.4000000000000004 0 0 0 0 0 0 0 0 0 0 0 0.2 0 1.4000000000000001 0 0 0 0.4 0 2.2 0 0 0 0 0 0 0 0 0 0 0.2 0 1.4000000000000001 0 0 0.2 0 0 0 0 0 0 0 0 0.4 0 0 0 0 0 0 0 0 0 0 0 0 0 0 0.4 3.2 2.6 2.6 0.4 0.2 2.2 2.2 0 0.4 1.4000000000000001 0 0 0.2 4 3.6 6.4 8.200000000000001 0 2.2 2.4000000000000004 0 1.2000000000000002 0 0 0.4 0 0 0 0 0 0 0 0 0 0 0 0 0 0 0.2 0 0 0 0 0 0 0.2 0 0 0 0.2 0 0 0 0 0 0 0 0 0 0 0 0 0 0 0 0 0 0 0 0 0 0 0 0 0 0 0 0 0 0 0 0 0 0 0.2 0 0 0.4 0.2 1.8 2.2 0 0 0 0 0 0 0 0 0 0 0 0 0 0 0 0 0 1.2000000000000002 0 0 0 0 0 0 1.4000000000000001 0 0 0 0 0 0 0 0 0 0 0 0 0 
 62 73.4 32.800000000000004 23.200000000000003 17.2 14.200000000000001 31 99.4 120 26 62.800000000000004 7.2 64 45.2 0 79.80000000000001 11.200000000000001 13.4 12.4 38 0 0 0 0.4 0 0 0 0 0.8 0 0 0 0 0.8 0 0 0.2 0.6000000000000001 0.8 0.4 0 0 0 0 0.4 0.4 0 0 6.6000000000000005 0 0 1 0 0 0 12.600000000000001 0 0 0.6000000000000001 0.4 0 0 8.4 0.4 0 0 0 0.4 0 0.6000000000000001 0 0.6000000000000001 0 0 0 0.6000000000000001 0 0.2 0.4 0 5.800000000000001 6.4 2.4000000000000004 4.6000000000000005 6.4 4 0 11.600000000000001 11.4 7.4 1.8 2 0 5.800000000000001 8.200000000000001 4 0.8 8.4 0 4.2 0 0 0 0.4 0 0 0 0 4.2 0 1.8 0 0 2 0 0 0.4 0 0.2 5.2 0 0 0 0 0 0 0 0 0 0 0 0 0 0 0 0 0 0 0 0 0 0 0 0.4 2.6 1.6 0 0 0.8 0 0 0 0 0 0 0 0 3.8000000000000003 0 0 1.8 0 1.4000000000000001 2 7.2 0 3.4000000000000004 5.800000000000001 2.8000000000000003 2.8000000000000003 2.6 5 0 1 2 3 3.2 4.2 0.2 0 0 0 0 0 0 0 0 0 0 0 0 0 2.6 0 0 0 0 0 2 2.8000000000000003 0 0 0 0 0 0.4 0 0 0 0 0 0 0 0 0 0 0 0 0 0 0 0 0 0 0 0 0 0 0.2 0 0 0 0 0 0 0 0 0 0 0 0 0 0 0 0 0.4 17.400000000000002 0 0 0 0.2 1 1.2000000000000002 0 0 0 0 0 0 0 0 0 0 0 0 0 0 0 0 0 0 0 0 0 0 0 6.800000000000001 0 0 0 0 0 0 0 0 0 0 0 0 0 
 32.6 24.8 38.2 16 54.2 11 24 28.6 38.800000000000004 53.2 13.8 23.400000000000002 15.200000000000001 63.400000000000006 79.80000000000001 0 61.6 7.4 16.2 9.200000000000001 0 0 1.2000000000000002 0 0 0.2 0 0 0.6000000000000001 0 0.2 0 0 17.8 0 0 0 1.2000000000000002 15.8 15 0 1 0 0 0.6000000000000001 0 0 0 0.2 0 0.2 0.4 0 0 0.2 0 0 0.4 0.6000000000000001 0.4 0 0 0 0 0 0 0.2 0.6000000000000001 0 4.6000000000000005 0 0.6000000000000001 0 0 0 0.6000000000000001 0 0 0.4 0 0 4.6000000000000005 0 2.2 2.4000000000000004 3.8000000000000003 0.4 0.8 1.4000000000000001 6.800000000000001 3.2 2.6 0 3 4.4 4.4 7.6000000000000005 0 0 5.6000000000000005 0 0 0 0 0 0 2.6 0 0 0 0 0 3.4000000000000004 3 0.2 0 0 0 2.2 2.8000000000000003 0 0 2.2 0 0 0 0 0 0 0 0 0 0 0 0 0 0 0 0 0 0 0 0 0 0 0 0 0 0 0 0 0 0 0 0 0 0 0 0 0 0.2 2.6 2.8000000000000003 2.8000000000000003 3 0 5.2 0.2 0.4 0.2 0 2.6 1.4000000000000001 0.4 0 4 6.4 1.8 0.2 0.2 0 0 0 0 0 0 0 1.8 0 0 0 0 2.8000000000000003 4.4 0 0 0 0 1.4000000000000001 2.2 0 0 0 0 0 0 0 0 0 0 0.2 0 0 0.4 0 0 0 0 0 0 0 0 0 0 0 12 0 0 0 0 0 0 2 0.2 0 0 0 0 0 0 0 0 0 0 0 0.2 0 0 0 0.2 1.8 4 0 0 0 0 0 0 0 0 0 0 0 0 0 0 0 0 0 0 0 0 0 0 0 0.2 1.2000000000000002 0 0 0 0 0 0 0 0 0 0 0 0 0 
 26 56 47.800000000000004 10 9.8 14.200000000000001 6 52.6 33.4 10.200000000000001 19.400000000000002 16.400000000000002 30.400000000000002 60 11.200000000000001 61.6 0 13.8 27.400000000000002 11.4 0 0 0 0 0 0 0 0 0.6000000000000001 0 0 0.2 13.600000000000001 0.8 0 0 0 41.800000000000004 0.8 15 0 0 0 0 0.4 0.4 0 0 0 0 0 0.4 0 0 0 12 0 0 0.6000000000000001 0.4 0.2 0 0 8.4 0 0 2 0.8 0 0 0 0.6000000000000001 0 0 0 0.6000000000000001 0 0 0.4 0 3.8000000000000003 6 0.4 1.8 3 0.6000000000000001 4.6000000000000005 0 2.6 5.2 5.4 0 5 0.2 10 2 7 2.6 4.6000000000000005 4.2 0 0 0 0 0 0 0 0 0.2 0 0 0.4 0 0.2 0 0 0.2 0.2 0 6.800000000000001 0 0 0 0 0 0 0 0 0 0 0.2 0 0 0 0 0.4 0 0 0 0 0 0 0 0 0.2 0 0.2 0 0 0 0 0 0 0 0 0 0 0 0 0.2 5.2 2.6 6.2 2 0 1.8 6.800000000000001 2.2 1.6 0 0 0 2.6 6.2 2.2 6 6 3.2 0.2 5.2 0.2 0 1 0 0.2 0 0 4.2 0 0 0 0 0 0.2 0 0 0 0 0 0.2 0 0 0 0 0 0 0.2 0 0 0 0.2 0 0 0 0 0 0 0 0 0 0 0 0 0 0 0 0 0 0 0 0 0 0 0 0 0 0 0 0 0 0 0 0 0 0 0 0 0 0 0 0.4 4.4 0 0 0 0 0 0 0 0 0 0 0 0 0 0 0 0 0 0 0 0 0 0 0 0 0 0 0 0 0 0 0 0 0 2.4000000000000004 0 0 0 0 
 49.400000000000006 28.8 56.2 10.4 10.200000000000001 30.8 49 28.6 4.800000000000001 42.2 12 71 49.400000000000006 7.6000000000000005 13.4 7.4 13.8 0 5.6000000000000005 5.6000000000000005 0 0 0 0 0 0 0.2 0 0.6000000000000001 0.2 0 0 0 0.6000000000000001 0 0 0 0.6000000000000001 0.6000000000000001 8.200000000000001 0 0 0 0 0.4 1.6 0 0 0 0 0 0.4 0 0 0 15.200000000000001 0 0.4 0.6000000000000001 0.4 0 0 0 0 0 0 0.6000000000000001 0.4 0 0 0 0.6000000000000001 0 0 0 0.6000000000000001 0 0 0.4 0 2.8000000000000003 0 1.2000000000000002 3 1.2000000000000002 1.2000000000000002 7.6000000000000005 0 2.2 2.4000000000000004 0 1.2000000000000002 0 2.8000000000000003 2 0 2.2 0 0 6.4 0.4 0 3 0 0 0 0 0 0.4 0 0 0 0 0.2 0 0 0 0 1.2000000000000002 4 0 0 0 0 0.2 0.2 0.2 0 0 0 0 0 0 0 0 0 0 0 0 0 0.8 0.4 2.4000000000000004 1.6 0.4 0.4 0 0 0.4 0 0 0 0 0.4 0 0.4 4.4 0.6000000000000001 0.4 0.2 3.4000000000000004 0 4.2 6 0 3.2 0 2.4000000000000004 8.4 0 0 0 0 4.4 0 2.4000000000000004 0 0 0.2 2.4000000000000004 0 0 0 0 0 0 0 0 0 0 0 0 2.6 0 0 0 0 0 9.4 4.800000000000001 0 0 0 0 0 0.2 0 0 0 0 0.2 0 0 0 0 0 0 0 0 0 0 0 0 0.4 0.4 0 0 0 0.2 0 0 0.4 0.2 0.2 3.4000000000000004 0 0.4 0 0 0 0.2 0 0 0 0 0.6000000000000001 0.6000000000000001 0 0.6000000000000001 0.6000000000000001 0.2 0.2 0 0 0 0 0 0 0 0 0 0 0 0 0 0 0.2 0 0 0.4 0.2 0 0 0 0 0 0 2.2 0 0 0 0 0 0 0 0 0 0 0 0.2 
 45.2 59.6 13.600000000000001 14.4 24.400000000000002 10.4 20.8 44 21.200000000000003 17.2 17.8 4.2 18.8 38 12.4 16.2 27.400000000000002 5.6000000000000005 0 71.4 0 0 0 0.2 0 0.2 0 0 0.6000000000000001 0 0 0.4 1.2000000000000002 0.6000000000000001 0 0 0 0.6000000000000001 0.6000000000000001 0.4 0 0 0 0 0.6000000000000001 0.4 0 0 0 0 0 0 0 0 0 0 0 0 0.6000000000000001 0.4 0 0 0 0 0 0.4 2 0.4 0 0 0 0.8 0 0 0 0.8 0 0 0.4 0 3 5.4 0 0 0 0 0 6.6000000000000005 4.2 3.6 1.8 0 3.6 7.2 12.8 0.8 2 0 0 0 0 0.4 0 0 0 0 0 0 0 0 0 0 0 0 0 0 0 0 0 0 0.4 0 0 0 2.6 0 0 0 0 2.2 0 0 0 0 0 0 0 0 0 0 0 0 0 0 0 0 0 0 0 0 0 0 0 0 0 0 0 0 0 0 3 3 13.4 0.2 0 0.2 5.6000000000000005 0 6.4 0 0 3.2 8.4 7 0 0.2 0 7 2.2 5 0 0 0 0 0 0 0 0 0 0 0 0 0 0 0 0 0 0 0 0 0 0 0 0 0 0 0 0 0 0 0 0 0 0 0 0 0 0 0 0 0 0 0 0.4 0 0 0 0 0 0 3.6 0 0 0 0 0 0 0 0 0.4 0 0 0 0 0 0.2 0 0.2 0 0.4 0 0.8 0 0 0 0 0 0 0 0 0 0 0 0 0 0 0 0 0 0 0 0 0 0 0 0 4.6000000000000005 0 0 0 0 0 0 0 0 0 0 0 0 0 
 68.4 38.800000000000004 26.8 14.8 15.4 51.400000000000006 28.200000000000003 46.800000000000004 12.8 17.2 19.6 5.800000000000001 46 36 38 9.200000000000001 11.4 5.6000000000000005 71.4 0 40.2 0 2.2 0 0 0 7.6000000000000005 0 0.6000000000000001 0 0 0.4 1.4000000000000001 15.200000000000001 0 40.2 0 0.6000000000000001 0.6000000000000001 0.4 0 0 0 0 0.6000000000000001 0.4 0 0 0 0 0 0.4 0 0 0 0 0 0 15.200000000000001 0.4 0.4 0 0 1.8 0 0 1.4000000000000001 0.6000000000000001 0 0 0 1.6 0.6000000000000001 0 0 1 0 0 0.4 0 8.200000000000001 7.6000000000000005 0 0 2.8000000000000003 3.8000000000000003 0.2 5.800000000000001 0.6000000000000001 0 5.2 0 3.6 2 3 0 0 0 0 2.2 0 0 0 0 0 0 0 0 0 0 1.4000000000000001 0 0 0 0 0 0 0 0 0 0 0.2 0 0 0 0 0 0 0 0 0 0 0 0 0 0 0 0 0 0 0 0.4 0 0 0 0 0 0 0 0 0 0 0 0 0 0 0 0 0 0 7.2 2.8000000000000003 12 0.2 0 0 3 5.2 2 0 2.6 6 2 5.2 0.2 0 10.200000000000001 8.6 1.8 7.4 0 0 0 0 0 0 0 0 0 0 0 0 0 0 0 0 0 0 0 0 0 0 0 0 0 0.2 0 0 0 0 0 0 0 0 0 0 0 2.8000000000000003 0 0 0 0 0 0 0 0 0 0 0.4 0 0 0 0 0 0 0 0 0 0 0 0 0 0 0 0 0 18.2 0 0.4 0 0 3.4000000000000004 0 0 0 0 0 0 0 0 0 0 0 0 0 0 0 0 0 0 0 0 0 0 0 6.6000000000000005 3.4000000000000004 0 0 0 0 0 0 0 0 0 0 0 0 0 
 0 0.6000000000000001 0.2 21.8 58 62.800000000000004 0 0 14.600000000000001 0 22.200000000000003 33.4 0 15.4 0 0 0 0 0 40.2 0 15.4 30.400000000000002 27 22 7.800000000000001 89.2 9 6 19.400000000000002 21.400000000000002 6.2 30.200000000000003 24.8 12.4 22.200000000000003 18.8 5.800000000000001 31.200000000000003 25.6 0.4 0 0.2 0 0 0 0 1.8 0 0 0 0.4 0 0.4 0 0 0 0 0 0 0 0.6000000000000001 0 0 0 0 0 0 0 0 0.6000000000000001 0 0 0 0.2 0 0 0 0.6000000000000001 0 0 0 0 1.2000000000000002 0 2 0 0 0 0 0 2 0 0 0 0 0 0 0.4 0 0 0 3 3.8000000000000003 0 0 0 4.800000000000001 1.6 9.8 1.8 1.6 3.6 8.4 4.2 3.6 4.4 5.4 11.200000000000001 0.2 0 0 0 0 0 0 0 0.2 0 0 0 0 0 0 0 0 0 0 0 0 0 0 0 0 0 0 0 0 0 0 0.6000000000000001 0 0 0 0 2.2 0 0 0 0 0 0 0 0.2 0 2 0 0 0 5.2 4.6000000000000005 1.8 0 0 0 0 1.4000000000000001 0 0 0 2 1.6 4 0 0.2 4.800000000000001 9 10.4 3.4000000000000004 3 0.6000000000000001 0 4.4 21.8 3 9 0 6.4 1.6 2.4000000000000004 0 0 0 0 0 0 0 0 0 0 0 0 0 0 0 0 0 0 0 8.8 0 0 0 0 0 0.2 0 0 0 0 0 0 0 0 0 0 0 0 0 0 0 0 0 0 0 0 14.8 0 0.2 4.6000000000000005 0 0 0 0 1.4000000000000001 0.6000000000000001 0 0.2 15.200000000000001 0 1.6 0 1.8 0 0 0 5.4 0 0 0 0 0 0 0 0 0 0 0 0 0 0 0 0 0 0 0 0 0 0 0 
 0 0 0.2 0 0 0 0 0 0.4 0 0.4 0 0 0 0 0 0 0 0 0 15.4 0 41.6 116.2 69 22 37.4 49 66 4.800000000000001 81.80000000000001 55.2 68 43.800000000000004 12.600000000000001 20.6 7 8 12.4 26 1.4000000000000001 0 0 0 0 0 0 0.8 0.2 0 0 0.2 0 0.4 0 12.4 0 0.8 12.8 0.6000000000000001 0 0.4 0 0 0 0 0 0.2 0 0 0.6000000000000001 9.600000000000001 0 0 0 0 0 0 0.4 0 0 0 0 0 0 0 0 0 0 0 0 0.2 0.4 0 0 1.8 0 0 0 0 12.600000000000001 2.4000000000000004 4.4 3 2.6 1.8 4 6.4 0 7.4 16.6 6 0 0 4.4 2.4000000000000004 1.2000000000000002 2.4000000000000004 2.4000000000000004 0 0 1.6 0 0 0 0 0 5 0 0 0 0 6.4 0 0.2 0 0 0 6 0.6000000000000001 0.2 0 0 0 0 0 0 0 0 0 0 0 0 0 0 0.2 1.6 3.2 0 0 0 0 0 0 0 0 0 0 0.8 0 1.6 0 0 0 0 0 0 0 0 0 8.8 1.8 7 9.8 2 0 1.6 3.8000000000000003 1.2000000000000002 3 3.4000000000000004 7.4 0.4 4.6000000000000005 3 7.2 7.800000000000001 10 0 4.6000000000000005 0 0 0.4 0 0 0 4.6000000000000005 0 0 0 0 0 0 0 0.4 0 0 0 0 3 0 0 0 0 0 0 0 0 0 0 0 0 0 0 0 0 0 0 0 0 0 0 0 0 0 0.4 0 0 0 0 0 0 0 0 3 0 0 28.8 0.4 0.4 0.4 2.4000000000000004 0 0 0 0 0 0 0 0 0 0 0 0 0 0 0 0 0 0 0 5 0 0 0 0 2.6 0 0 0 
 0.2 0.4 0 0 10 14.600000000000001 0 0 0 0 0.2 0 0 0 0 1.2000000000000002 0 0 0 2.2 30.400000000000002 41.6 0 79.60000000000001 29 5.4 78.60000000000001 35.4 36.6 7.4 9.8 8.6 15.8 16.6 41.800000000000004 23 29.400000000000002 10.200000000000001 7.6000000000000005 8.6 0.4 0 0 0 0 0 0 0.2 0 0 0.2 0 0.6000000000000001 0.4 0 0 0 0.8 25.400000000000002 0 0 0.6000000000000001 0.6000000000000001 0 0.2 0 0 0 0 0 0.6000000000000001 10.8 0 0 0 0 0 0 0.4 0.6000000000000001 0 0 0 0 0 0 0 0 0 0 0 0 0 0 0 0 0 0 0 0 4.4 0 2.8000000000000003 0 0 0.2 0 3.8000000000000003 0 9.600000000000001 3 3.2 0 1.8 2.2 2.6 6.2 0.2 0 0 0 0 0 0 0 0 0 0 0 0 0 0 4.2 0.2 0 0 0 0 0 0 0 0 0 0 0 0 0 2.2 0 0 0 0 0 0 0 3.6 0 0.4 0 0 0 0 0 0 0 2.6 0 0 0.2 0 1.8 0 0 0 0 0 0 0 0 0 0 4.6000000000000005 0.6000000000000001 1.6 0 2.4000000000000004 2.6 7 9.600000000000001 2.8000000000000003 0 0.2 3 5 0 4.2 2.6 0 1.2000000000000002 0 0 0 0 0 0 0 0.2 0 0 0 0 0 0 0 0 0 0 0 0.6000000000000001 0 0 0 0 0 0 0 0 0 0 0 0 0 0 1.6 0 0 0 0 0 0 0 0 1.4000000000000001 0 0 0 0 0 0 0 0 0 0 0 0.4 0 0 7.6000000000000005 0.2 0.4 0.6000000000000001 0.4 0 0 0 0 0 0 0 0 0 0 0 0 0 0 0 0 0 3.8000000000000003 0 0 0 0 0 0.6000000000000001 2.6 0 0 0 
 0 0 0 0 0 0 0 0 0 0 0 0 0 0 0.4 0 0 0 0.2 0 27 116.2 79.60000000000001 0 39.2 22.200000000000003 60 41 34.800000000000004 15.8 26.200000000000003 48.6 29 24.6 11 53.800000000000004 15 39 12.200000000000001 15.8 0.6000000000000001 0.2 0 0.4 0 0 12.600000000000001 0.2 0 0.4 0 0.2 0 0.4 0 0 0 7 11.4 0 0 0.6000000000000001 0 0 0 0 0 0 0 1.4000000000000001 0.6000000000000001 0 0 0.4 0.4 0 0.6000000000000001 0 1 0 0 0 0 0 0 0 0 0 0 0 3 0 0 0 0 0 0 0 0 0 7 3.2 4 0 0.2 6.6000000000000005 0 4.4 2.2 4.2 0 0.6000000000000001 1.6 0 2.8000000000000003 5.800000000000001 0 7.4 2 0 0 3.2 0 0 0 0 0 3.8000000000000003 0 0 0 0 8.6 0 0 0 0 1.4000000000000001 0 2 0 2 0 0 0 0 0 2.8000000000000003 0 0 0 0 0 0 0 0 0.8 0 0 0 0 0.2 1.6 0 0 0.2 0 0 0 0 0 1 0 0 0 0 0 0.2 0 0 3 0.4 0 11 5.800000000000001 0 0 4.800000000000001 1.6 2.6 4.2 8 0.2 2 3.4000000000000004 5.800000000000001 4.4 9.200000000000001 0.4 5 0 0 0 0 0 0 3.8000000000000003 0 0 0 0 0 0 0 0 0 0 0 0 9.8 0 0 0 0 0 0 0 0 0 0 0 0 0 0 0 0 0.2 0 0 0 0 0 0.2 0 0 0 0 0 0 0 0 0 0 0 1.8 0.4 0 45.800000000000004 0.6000000000000001 0 0 2.2 0 0 0 0 0 0 0 0 0 0 0 0 0 0 0 0.2 0 0 0 3.6 0 0 0 0 1.8 0 0 0 
 0.6000000000000001 0 0 0.4 0 0 0 0 0 0.4 0 0 40.400000000000006 0 0 0 0 0 0 0 22 69 29 39.2 0 42.400000000000006 54.400000000000006 9.200000000000001 29.400000000000002 72.2 27 25.8 19.6 35.4 33 55.6 11.600000000000001 41.6 26.200000000000003 19 0.6000000000000001 0.4 0 0 0 0.8 0 0 0.4 0 0.6000000000000001 0.2 13 0.4 0.8 0 0.6000000000000001 0 15.200000000000001 1.4000000000000001 0 0.6000000000000001 0 0 0 0 0 0.6000000000000001 0 0 0.6000000000000001 0.4 0 0 0.4 0.2 0 0 1 0 0 0 0 0 0 0 0 0 0 0 0 0 0 0 0 0.4 0 0 0 0 1.8 0 5.2 0.4 4.6000000000000005 3.6 0 0 0 0 0.2 4.800000000000001 0 0 0 0 0.4 6.2 0 0 6.2 1.6 0 0 0 0 1.8 7 0.2 2.6 2.8000000000000003 0 4.800000000000001 5.6000000000000005 0 2.4000000000000004 0.2 0.2 1.8 2.8000000000000003 0 0 0 0 0 0 0 0 0 0 0 0 0 0 0 0.2 2 2 0 0 0 0 0.6000000000000001 0 1.2000000000000002 0.2 0 0 0 0 0.2 0 0 0 0 0 1.6 0.6000000000000001 0 0 0 1.2000000000000002 4.2 4.4 0 5.2 0 0 0.4 0 5 2.4000000000000004 0.2 0 2.6 0.8 4.2 1.6 0.2 0 0 0 0.4 0 0.4 0.2 6.800000000000001 2.6 0 2.4000000000000004 0 0 4.4 0 1.6 1.8 1.6 0 0 3.2 0 0 0 0 0 0 0 0 0 0 0 0 0 0 0 0 0 0 0 0 0 0 0 0 0 0 0 0 0 0 0 0 0 0 1 0 0.2 15.4 15.200000000000001 0.2 0.6000000000000001 2 0 0 0 0 0 0 0 0 0 0 0 0 0 0 0 0.2 0 0 0 1.8 0 0 0 2.2 2 0 0 0 
 0.2 0 0 0 0 0 0 0 0 0 0 0 0 0 0 0.2 0 0 0.2 0 7.800000000000001 22 5.4 22.200000000000003 42.400000000000006 0 8.200000000000001 6 15.200000000000001 26.400000000000002 49.6 15 7.800000000000001 59.6 26.6 28.200000000000003 11 53.800000000000004 9.600000000000001 11.200000000000001 0.4 14 0 14 4.2 0.8 6.4 11 0 0 12.200000000000001 1.8 0 12.8 25 0.6000000000000001 0 0 0 0.4 0 1.4000000000000001 0 0 3.2 0 0 0 0 0 0.6000000000000001 0 0.6000000000000001 0.4 0 0 0 1 0.4 0.8 0 0.2 0.4 0 0 0 0 0.2 0 0 0 0 0 0 0 0 0 0 0 0 0 0.4 0 8 6.2 4.4 0 0 0 0 2.8000000000000003 1 0 0 0 0 0 1.8 0.2 0 5.2 3 9.200000000000001 0.4 0 0 8.200000000000001 12.600000000000001 6.2 0 3.8000000000000003 0 0.6000000000000001 7 2.4000000000000004 4 2.4000000000000004 1.8 1.8 11.200000000000001 0 1.2000000000000002 0.2 0 0 0 0 0 0 0 0 0 0 0 0 0 0.8 0 0 0 0 0 0.4 0 0 0 3.8000000000000003 0 0 0 0 0 0 0 0 0 0 1 1.2000000000000002 0 0 0 3.8000000000000003 0 0 2.8000000000000003 0 0 0.2 0 9.600000000000001 2.8000000000000003 0.4 0 0 2 1 0.8 0 0 3.6 2.2 5.6000000000000005 2.6 0 0 5.800000000000001 4.2 0 2.2 0 0 5.4 4.2 0 0 1.6 4.4 0 8.8 0 0 0 0 0 0 0 0.2 0 0 1.6 0.4 0 0.2 0 0 0 0 0 0 0 0 0.4 0 0 0 0 0 0 0 0 0 0 0 1.4000000000000001 0.2 0.8 0 0 3.8000000000000003 1 0.2 0 0 0 0 0 0 0 0 0 0.2 0 0 0 0 0 0 0 0 0 4 0 0 0 1.8 0 0 0 0 
 1.2000000000000002 0 0.2 0 32.2 0 0.4 0 0 0.2 0 0 40.400000000000006 0 0 0 0 0.2 0 7.6000000000000005 89.2 37.4 78.60000000000001 60 54.400000000000006 8.200000000000001 0 54.400000000000006 41 8.200000000000001 16.2 37.6 49.400000000000006 145.8 21.400000000000002 38.400000000000006 22.6 69.60000000000001 34.2 25.6 0.6000000000000001 0 0 1.2000000000000002 0 0 0 11.200000000000001 0 1.4000000000000001 1.2000000000000002 0.6000000000000001 0 1.2000000000000002 0 0 0.2 0.6000000000000001 0 0 0 0.6000000000000001 0.4 0 0 0.4 0 0 0.8 0 0.6000000000000001 0 0 0 0.4 0 0.8 0 0.6000000000000001 0 0 0 0 0 0 0 0 1 0 0 0 0 0.4 0 0 0 0 0 0 0 0.2 4.6000000000000005 2.4000000000000004 4.6000000000000005 0 0 6.6000000000000005 0 14.8 3 1 0 4.2 0 0 4 0 0 0 4.4 0 0 0 0 0 0 0 0 0 0 0 0 0.4 0 0 0 0 0 2.8000000000000003 0 0 0 0 0.2 0 11 0 0 0 0 0.2 0 0 0 1.6 0.8 0 0 0 0 0 0 0 0 0 0.2 0 0 0 0 0 0.8 0.2 0 0.8 0 5 0 0.4 0 6 4 2.6 6.4 3.8000000000000003 7.2 13.8 4 4 9.4 0 0.2 4.800000000000001 0.8 7.4 7 2.8000000000000003 6.4 0 2.4000000000000004 0 0 0 0 0 0 0 0 0.2 0 0 0 0 0 0.4 0 0 4 0 4 0 0 0.4 0 0 0 0 2 0 0 0 0 0 0 0 0 0 0 0 0 0 0 0.2 0 0 0.4 0 0 0 0 0 0 0 0 2.4000000000000004 0 0.8 0.2 9.600000000000001 0.2 1.2000000000000002 0 0 0 0 0 0 0 0 0 0 0 0 0 0 0 0 0 0 0 0 0 0 0 0 0 0 0 0 0 
 0 0 0 6.2 37.800000000000004 3.6 0 0 0.6000000000000001 1.4000000000000001 7.4 15 0 0.4 0 0 0 0 0 0 9 49 35.4 41 9.200000000000001 6 54.400000000000006 0 32.6 7 18.8 44.6 37.800000000000004 52 52.400000000000006 10.4 7.6000000000000005 7.2 33.6 40.800000000000004 0.6000000000000001 1.8 0 0 0 0 0.4 0.4 0 0 0 0.4 0 0.4 0 0 0 0.6000000000000001 0 41 0 0.6000000000000001 0 0.6000000000000001 0 0 0 0 0 0 0.6000000000000001 0 0 0 0.2 0.2 0 0 0.6000000000000001 0 0 0 0 0 0 0 0 0 0 0 0 0 0 0 0 0 0 0 0 0 9 4.2 0.4 0 0 1.8 5 4.800000000000001 6 10 0 3.6 1.2000000000000002 1.8 5.6000000000000005 3.4000000000000004 0 1.4000000000000001 3.8000000000000003 5.6000000000000005 0 0 0 0 0 0 0 0 0 0 0 0.4 1.8 0 0 0 0 0 6.800000000000001 2 0 0 0 0 0 2.6 0 0 0 0 0 0 0 0 1.2000000000000002 0 0 0 0 0 0 0 0 0.2 0 1.8 0 0 0.4 0 3 0.4 0 0 0 0 0 0 0 0 7.2 0.2 6 6.6000000000000005 3.2 0.6000000000000001 2 4.2 0 3.4000000000000004 0 6.2 2 1.8 6.2 2.8000000000000003 4.6000000000000005 6.2 9 5.6000000000000005 0 0 0 0 0 0 0 0 0 0 0 0 0 0 0 0 0.4 0 0 0 0 0 0 0 0 0 0.2 0 0 0 0 0 0 0 0.4 0 0 0 0 0 0 0 0 0 0 0 0 0 0 5 0 0 0 0.4 1.2000000000000002 0.4 0.4 15.200000000000001 0.4 0 0.6000000000000001 0.4 0 0 0 0 3.8000000000000003 0 0 0 0 0 0 0 0 0 0 0 0 0 0 0 0 0 0 0 0 0 0 0 
 0.8 0.6000000000000001 0.6000000000000001 0.6000000000000001 17.2 2.6 0.6000000000000001 0.6000000000000001 0.6000000000000001 0.6000000000000001 0.6000000000000001 0.6000000000000001 4.6000000000000005 0.6000000000000001 0.8 0.6000000000000001 0.6000000000000001 0.6000000000000001 0.6000000000000001 0.6000000000000001 6 66 36.6 34.800000000000004 29.400000000000002 15.200000000000001 41 32.6 0 42.6 10.4 8.200000000000001 39.800000000000004 26 29.6 12.8 7.6000000000000005 17.400000000000002 81 15.8 3.2 0 3.8000000000000003 0 0 0 0 13 0.4 0.2 0 5.4 0 0.4 0.6000000000000001 0.4 4.800000000000001 0 0.4 0.6000000000000001 0 0.6000000000000001 0 0 0 0 0 0.6000000000000001 0.6000000000000001 0 0.6000000000000001 0.4 0 0 0.2 0 0 0 0.8 0 0 0 0 0 0 0 0 0 0 0 0 0 0 0 0 0 0 0 0 0 2 0 0 2.4000000000000004 2.2 2.6 0 13.200000000000001 2.8000000000000003 1.6 1.6 2.4000000000000004 1.4000000000000001 2 4.4 4.6000000000000005 2.4000000000000004 0 0 1.6 1.6 0 0 0 0 0 2.4000000000000004 2.2 0 0 0 3.4000000000000004 0.4 3.2 0 0 0 0 1.4000000000000001 2.6 0.2 0 0.4 0 0 0 0 0.4 0 0 0 0 0 0 0 0 0 0 0 0 0 0 0 0 0 2.2 0 0 0.4 0 3.8000000000000003 0 0 0 0 0 0 0 0 0.2 1.8 0 6.800000000000001 4.2 0.4 2.6 2.4000000000000004 2 2.6 4.800000000000001 2.6 0 2 1.8 5.6000000000000005 4.6000000000000005 3.6 2 1.8 0 0 0 0 0 0 0 2.4000000000000004 0 0 0 0 0 0 0 0 0 0 0 0 2.4000000000000004 0 1.4000000000000001 0 0 0 0 0 0 0 0 0 0.8 0 0 0 0 0 0 0 0 0 0 4 0 0 0 0 0 0 0 0 0 0 0 2.4000000000000004 0 0 0 0 0 0 0 0 0 0 0 7.4 0 0 0 0 0 0 0 0 0 0 0 0 0 0 0 0 0 0 2 0 0 0 0 
 0 0 0 0 0 0 0 0 0 0.2 0 0.4 0 0.4 0 0 0 0.2 0 0 19.400000000000002 4.800000000000001 7.4 15.8 72.2 26.400000000000002 8.200000000000001 7 42.6 0 71.8 27.8 28.6 19.6 49.2 22.8 30.8 53.2 28.6 103.80000000000001 0.4 0 0 0 0 0 0 0 0 0 0 0 0 0.4 13.8 0 0 0 25 10.4 16.8 0.6000000000000001 0 0 0 0 0 0 0 7 0.6000000000000001 0 0 0 0 1.4000000000000001 0 7.2 0.4 0 0 0 0 0 0 0 0 0 0.4 0 0 0 0 0 0 0 0 0 0 0 0 0 0.2 4.800000000000001 9.200000000000001 9.4 0 0 0.2 0 1.4000000000000001 4 0 10.8 2.6 1.6 5.800000000000001 0 2.6 0 9.4 2.4000000000000004 4 0 0 0 2.4000000000000004 2.8000000000000003 1.6 0 0 0 3.6 4.4 6.6000000000000005 0 3.2 0 0.8 3.2 0 0 0 0 0 0 0 0 4 0 0.8 0.2 0 0.4 0.4 1.4000000000000001 0 0.2 0 0 0 0 0 1 4.4 0 0 0 0.2 0.4 0 0 0 0 0 0 0 0 0 0 1.8 2.4000000000000004 0.2 0 2.4000000000000004 4.6000000000000005 0 3.2 6 0 7 0 2 0 2 0 9.8 0 3.6 0 2.8000000000000003 0 0 0 0 0 7.800000000000001 0 0.2 0 0.4 0 0 4.6000000000000005 1.8 0 0 0 5 0.8 0 0 0 0 0 0 0 3.8000000000000003 0 0 0 0 0 0 0 0 0 0 0 0.4 0 0 0 0 0 0 0 0 0 0 0 0 0 0.2 2 0 0 0 0 0.4 0.4 0 0 0 0 0 0 0 0 0 0 0 0 0 0 0 0 0 0 0 0 5.2 0 0 0 0 0 0 0 0 
 0.6000000000000001 0.6000000000000001 0 0 0.2 0 0.2 0.6000000000000001 0 0 0.2 0 0 0 0 0.2 0 0 0 0 21.400000000000002 81.80000000000001 9.8 26.200000000000003 27 49.6 16.2 18.8 10.4 71.8 0 88 9.200000000000001 22.6 22 42.2 20.8 16 11.600000000000001 14.8 0.4 0 0 0 0 0 12.4 12.8 0 0 0 0.2 0 1 18.400000000000002 0 0 0.6000000000000001 0 12.600000000000001 10.200000000000001 1.6 0 0 0 0 0 0 0 0 9 0 0 0 0.4 0.4 0 0 0.4 0 0 0 0 0 0 0 0 0 0 0 0 0 0 0 0 0 0 0 0 0 5.4 0 3 9.200000000000001 2.2 1 4.2 0 2.8000000000000003 3.2 2.8000000000000003 7.800000000000001 1.8 0 0 2 0 6 0 0 2 2 2.2 0 0 0 2.8000000000000003 2.8000000000000003 0 2 0 0 4.6000000000000005 0.2 3.2 0.4 4.4 0 7.800000000000001 2.4000000000000004 0 0.2 5 2.8000000000000003 0 0 0 0 0 0 0 0 0 0 0 0 2.8000000000000003 0.8 0 0.4 5.6000000000000005 0 0 0 0 0 0 0 0 0 0 1 0 0.2 1.2000000000000002 0 0 0 0 0 1.6 0.2 14.4 6 0 2.8000000000000003 1.8 0 0 4.6000000000000005 4.4 4.800000000000001 0 0 0 2 5.2 9.200000000000001 0 2.2 2.4000000000000004 0 0 0 0 0 6.800000000000001 5 0 0 0 0 0 2 0 0 0 0 3 22 0 0 0 0 0 0 0 0 0 0 0 0 0 0 0 0 0 0 0 0 0 0 0 0 0 0 0 0 0 0 0 0 0 0.2 1 0 0 0 0.8 0 3.4000000000000004 2.6 0 0 0 0 0 0 0 0 0 0 0 0 0 0 0 0 0 0 0 0.2 0 0 0.2 0 0 0 0 0 
 0.8 1 0 1 0.2 0.4 0.4 0 0.4 0 0 0 0.4 0 0 0 0.2 0 0.4 0.4 6.2 55.2 8.6 48.6 25.8 15 37.6 44.6 8.200000000000001 27.8 88 0 12.200000000000001 6.2 65.8 37.6 28 44.6 6.800000000000001 9.8 0.6000000000000001 0 0 0 0 0 0 0 0 0 0 0.4 0 0.4 0.6000000000000001 0 0 0 4.4 19.8 0 0.6000000000000001 0 0 0 0 0 0 0 0 0.6000000000000001 0 0 0 0.4 0.2 0 0 0.6000000000000001 0 0 0 0 0 0 0 3.2 0 0 0 0 0 3.8000000000000003 0 0 0 0 0 2 0 4.2 0.4 2.4000000000000004 4.2 1.8 1.2000000000000002 0 6.800000000000001 0 2 0 1.4000000000000001 0 0.2 5.6000000000000005 5.6000000000000005 0 5 0.2 0 0 3.2 0 0 0 0 0 7.2 0 0 0 0 0 0 0.2 0.2 0 1.6 2.6 0 0 1 0 0 0 0 0 0 0 0.2 0 0 0 0 0 0.2 1.4000000000000001 0 0.4 0 0 0 0 0 0 0 0 0 0 0 1.6 0.6000000000000001 0 0 0 0 0 0 3.4000000000000004 0 1.8 6.2 4.2 10.200000000000001 0.4 2.6 2.4000000000000004 0 0 7.4 3.6 5.4 0 0 2.6 1.8 0 1 0 3.6 0 0 0 0 0 0 4.6000000000000005 0 0 0 0 0 0.4 0 0 0 0 0 0 3.6 0 0 0 0 0 0 0 0 0 0 0 0 0 0 0 0 0 0 0 0 0 0 0 0 0 0 0.4 0 0 0 0 0 0 0 0.8 0 0 0.2 14.4 0.6000000000000001 2 0.4 0 0 0 0 0 0 0 0 0 0 0 0 0 0 0.2 0 0 8 0 5.800000000000001 0 0 0 0 0 0 0 0 
