 0 37.800000000000004 52.2 10.4 10.8 48.6 33.800000000000004 9.600000000000001 10.600000000000001 7.2 6.6000000000000005 49.800000000000004 31 34.4 41 52 34.2 25.400000000000002 44 63 0 0.6000000000000001 0 0 0.6000000000000001 0 0 4.2 0.4 0 1.4000000000000001 0.8 1.2000000000000002 0.4 0 1.2000000000000002 0 0 1 0.6000000000000001 0.6000000000000001 0.8 0 0.6000000000000001 0 0 0 0.6000000000000001 0.8 0 0 0 0 0 0 0 0.6000000000000001 1.2000000000000002 0 0.4 0.6000000000000001 10.600000000000001 0 0 9 0 0.6000000000000001 0 0 0 0.4 0.4 0.4 2.2 0.4 0 0 0.6000000000000001 0 0 2.8000000000000003 5.2 4 3 0 0 4.6000000000000005 7 3.8000000000000003 6.6000000000000005 0 2.2 0 0 4.4 0.4 4.2 0 5.6000000000000005 7.6000000000000005 0 0 0 0 0 0 0 0 0 0.4 0 0 0 1 0 0 1.2000000000000002 0 1.8 0 0 0 0 0 0 0 0 0 0 0 0.2 0 0 0 0 0 0 0 0 0 0 0 0 0 0 0 0 0 0 0 0 0 0 0 0 0 0 0 0 0 2.2 0.8 0 0.2 0 0 0 11.600000000000001 2.2 3.4000000000000004 0 8.4 0 1.4000000000000001 0 0 2.4000000000000004 2 4.4 4 0 0 0 0 0.4 0 0 0 0 0 0 0 0 0 0 0 0 0 4.4 0 0 0 0 0 0 3.4000000000000004 0.2 0 0 0 0 0 0.2 0 0 0 0 0 0 0 0 0 0 0 0 0 0 0 0 0 0 0 0 0 0 0 0 1 0 0 0 0 0 0 0 0 0 0 0.2 17.6 2.2 3.6 1.2000000000000002 0 0 0 0 0 0 0 0 0 2.8000000000000003 0 0 0 0 0 0 0 0 0 0 0 0 0 0 0 0 0 0 0 0 0 0 0 0 0 0 0 
 37.800000000000004 0 113 74 41.800000000000004 50.6 34.6 75 10 8.200000000000001 50.800000000000004 42.6 13.600000000000001 9 32.2 8.8 70.60000000000001 5.4 43.2 62.2 0 0 0.6000000000000001 0.6000000000000001 1.2000000000000002 0.6000000000000001 0 0.6000000000000001 0 0.2 0.6000000000000001 1 17.400000000000002 0.8 0.2 1.6 0.6000000000000001 0 29.6 0 1.6 0.8 2 0 0.6000000000000001 0.4 0 13.200000000000001 0 0 0.4 0.4 6.2 0 0.4 0.4 0.6000000000000001 0.8 1.4000000000000001 0 0.6000000000000001 0.6000000000000001 0 0 0 1 0.6000000000000001 0 0 0 1 0.4 0.4 0.6000000000000001 0 0 0 0.6000000000000001 0 0 2.8000000000000003 4 10.600000000000001 0 6.4 3 6.4 0 4.2 3.6 2.8000000000000003 1.6 0 4.4 6 2 6.800000000000001 9.8 0 7 0 0 0 0 0 0 0 0 0 0 0 0 4.6000000000000005 0 0 0 0 0.2 0 8 0 0 0 0 0 0 0 0 0 0 0 0 0 0 1 0 0 0 0 0 0 0 0 0.8 0 0 0 0 0 0 0 0 0 0 0 0 0 0 0 0 0 0.6000000000000001 2.8000000000000003 7.2 1.8 2.4000000000000004 0 0 9 4.4 0 3 0 3.8000000000000003 3.8000000000000003 2.4000000000000004 2.2 13.4 0 0.2 0 0 0 0 0 0 3 1.6 0 0 0 0 0.4 3.8000000000000003 0 0 3.6 0 7.800000000000001 0.2 0 0 0 0 3.8000000000000003 0 0 0 0 0 0 0 0 0 0 0 0 0 0 0 0 0 0 0 0 0 0 0 0 0 0 0 0 0 0 0 0 0 0 0 0 0 0 0 0 0 10 0 0 17.6 0 2 0.2 0 0.4 0 0.2 0 0 0 0 0 0 0 0 0 0 0 0 0 0 0 0 0 0 0 2 0 0 0 0 0 0 0 0 0 0 0 0 0 
 52.2 113 0 25.200000000000003 45.6 24.400000000000002 12 82.80000000000001 35.4 13 18.400000000000002 68.4 28.400000000000002 65.4 28.8 26.400000000000002 6.800000000000001 12.200000000000001 20.6 27 0.6000000000000001 0 0 0 0.6000000000000001 0 0 0 0 0 0.6000000000000001 0.6000000000000001 15.600000000000001 0 0 0.6000000000000001 0 0 5.2 17.2 0.6000000000000001 0 0 0 0 0 0 1 0 0 0 0 0 0.2 0 0 1 0 1.2000000000000002 0 0.6000000000000001 0.6000000000000001 0 0 0 0 0 0 0 0 0.6000000000000001 0.4 0.4 0.6000000000000001 0 0 0 0.6000000000000001 0 0 3.8000000000000003 4 2.4000000000000004 1.6 12.200000000000001 2.8000000000000003 5.800000000000001 1.8 6 4.4 5.2 0 0.4 4.800000000000001 2 0 2 4.800000000000001 0.2 1.8 0.2 0 0 2 0 0 0.2 0 0 0 0.4 0 0.2 0 0 0 0 2.8000000000000003 0 2.2 0 0 0 0 0 0 0 0 0 0 0 0 0 0 0 0 0 0 0 0 0 0 0 0.8 0 0 0 0 0 0.4 0 0 0 0 0 0 0 0 0 0 0.4 2.6 4.2 3.8000000000000003 0.4 3.4000000000000004 3 0 1.8 3.2 0 2.8000000000000003 0.4 0 3 0 1.6 5.2 0.2 0.2 2 0 0 0 0 0 0 1.6 0 0.4 0 0 2.2 2.8000000000000003 0 0 0 0 3 1.2000000000000002 0 0 0 0 1.8 0 0 0 0 0 0.4 0.2 0 0 0 0 0 0 0 0 0 0 0 0 0 0 0 0 0 0 0 0 0 0 0 0 0 0.6000000000000001 0 0 0 0 0 0 0 0 1.2000000000000002 0 0 20.200000000000003 0.2 3.4000000000000004 0 0 0 0 0 0 0 0 0 0 0 0 0 0 0 0 0 0 0 0 0 0 0 0 1.4000000000000001 0 0 0 0 0 0 0 0 0 0 0.2 0 0 
 10.4 74 25.200000000000003 0 62 11.200000000000001 12.600000000000001 14.200000000000001 125.80000000000001 54.2 26.8 47.2 12.4 12.4 18.2 30.6 23.8 89.60000000000001 20.400000000000002 10.8 0 0.4 0 0 0.6000000000000001 0 0 0 41.400000000000006 0 42.2 0.6000000000000001 1.2000000000000002 5 8 0.6000000000000001 0 0 8.6 6 0.6000000000000001 0.4 0 0.4 15.200000000000001 20.200000000000003 0 0.6000000000000001 0 0 0.8 0 0 0 0.6000000000000001 0 12.8 0.2 0 0 0.6000000000000001 0.6000000000000001 1.6 5.6000000000000005 0.6000000000000001 0 0 0.6000000000000001 0 0 0.6000000000000001 0.4 0.4 1 0 0 0 0.6000000000000001 0.6000000000000001 0 0 0.4 0 4 3.8000000000000003 3.8000000000000003 0 0.2 0 2.8000000000000003 2.8000000000000003 4.6000000000000005 0 0 0 1.6 3 0.2 0 0 3 3 0 0 0 0 4.6000000000000005 3.8000000000000003 6.800000000000001 2.8000000000000003 0 0 7.6000000000000005 3 0 0 0 2.4000000000000004 2.2 5 0 0 0 0 0 0 0 0 0 0 0 0 0 0 0 0 0 0 0 0 5.4 0 0 0 0 0 0 0 0 0 0 0 0 0.4 0 0 0 0 1.8 0 3 4.800000000000001 2 6.4 6 5 0 0.8 5.2 5 10.200000000000001 10.600000000000001 0 0.4 0 0.4 5.4 6 0 0 5.800000000000001 4 2.8000000000000003 0 0 0 7 1.4000000000000001 0 0 0 0 7.800000000000001 2.6 3.2 2.4000000000000004 3 0 5 7.4 0 0 0 0 0 2.2 0 0 0 0 0 0 0 0 0 0 0 0 0 0 0 0 0 0 0 0 0 0 0 0 0 0.4 0 0 0 0 0 0 0.4 0 0 8.200000000000001 0 0 0 0.4 0.2 0.2 0 0.6000000000000001 0.4 1.2000000000000002 0 0 0 0 0 0 0 0 0 0 0 0 0 0 0 0 0 0 0 0 0 0 0 4.800000000000001 6.6000000000000005 1.8 0 0 0 0 0 0 0 0 0 0 0 0 
 10.8 41.800000000000004 45.6 62 0 33.800000000000004 10.200000000000001 36.6 59.6 104.60000000000001 51.800000000000004 30 64.60000000000001 46.800000000000004 58.800000000000004 33.6 31.200000000000003 25 11.600000000000001 12.8 0 0.2 0 0 0.6000000000000001 0 0.4 0.2 0.2 0 0.6000000000000001 0.8 12.600000000000001 0 0 0.6000000000000001 0 0.2 44.6 0 0.6000000000000001 0.4 0 0 0 0 0 7 0 0 0 0 0 0 0 0 0.6000000000000001 0 0 0 0.6000000000000001 0.6000000000000001 0 0 0 0 9.200000000000001 0 0 0 0.6000000000000001 0.4 0.4 0.6000000000000001 0 0 0 0.6000000000000001 0 0 0 3.4000000000000004 0 6.2 2.6 4 0.4 0 0 0.6000000000000001 2.2 10.4 0 0 0 3.4000000000000004 11 2.4000000000000004 0 0 2.4000000000000004 0 0 0 0 0 4 0 0 0.2 0 0 2.2 2 0 0 0 0 2.6 0 0 0 0 0 0 0 0 0.4 0 0 0.4 0 0 0 0 0 0 0 0 0 0 0 0 0 0 0.4 0 0 0 0 0 0 0 0 0 0 0 0 0 0 0 4.6000000000000005 2.8000000000000003 7.4 2.2 5.800000000000001 0 4 3.2 4.2 1.8 8.200000000000001 0 2.4000000000000004 0 3 2 5 0 0 10 3.4000000000000004 0 0 0.2 0 0 0 0 0 0 0.2 7.4 3.2 0 0 0.2 0 4.6000000000000005 0 2.8000000000000003 0 0 0 0 0 0.2 0 0 0 0 2.2 0.4 0 0 0 0 0 0 0 0 0 0 0 0 0 0 0 0 0 0 0 0 0.2 0 0 0 0 0 0 0 0 0 0 0 1.4000000000000001 17.6 0.2 0.8 2.2 0.4 0.2 0 0 0 0 0 0 0 0 0 0 0 0 0 0 0 0 0 0 0 0 0 0 0 0 0 1.6 0 0 0 0 0 0 0 0 0 0 0 0 
 48.6 50.6 24.400000000000002 11.200000000000001 33.800000000000004 0 3.6 27.8 30.6 53.800000000000004 33 37.800000000000004 8.200000000000001 10.600000000000001 9.4 30.200000000000003 15.200000000000001 32 8.6 8.6 34.2 14.200000000000001 15 0.8 1 0 8.200000000000001 16.2 0 15 0.6000000000000001 0.6000000000000001 15.8 0 14.600000000000001 15.600000000000001 0 0 35 0 0.6000000000000001 0.4 0 0 0 0 0 0.6000000000000001 0 0 0 0.2 0 0 0 0 0.6000000000000001 0 0.8 0 0.6000000000000001 0.6000000000000001 0 0 0 0 0 0 0 0 0.6000000000000001 1.6 0.4 0.6000000000000001 0 0 0 0.8 0 0 0 0 0.4 0 2.8000000000000003 10.600000000000001 0.2 0 0 5 4.4 0 0 2.8000000000000003 0 0.4 0.2 0.2 0 0 10.600000000000001 7.800000000000001 0 3 0 0.2 0 2.4000000000000004 0 5.6000000000000005 0 0 6 0 3 0 4.2 3.6 0 5 0 0 0 0 0 0 0 0 0 0 0 0 0 0.4 0.2 0 0 0 0 0 0 0 0 0 0 0 0 0 0.2 0 2.2 0 0.6000000000000001 0 0 0 0 0 0 0 0 2 0 2.8000000000000003 11 4.6000000000000005 2.8000000000000003 0.4 0 0.2 0 4.6000000000000005 0 0 2 3 0 4.4 0 0 5.6000000000000005 0.4 11.200000000000001 0 0 0 3.2 8 0 0 0 3.4000000000000004 10.4 1.4000000000000001 5 0 0 8.6 8.6 1 1.2000000000000002 0 6.800000000000001 0 0 0 0 0 0 0.2 0 0 0 0 0 0 0 0 0 0 0 0 0 0 0 0 0 0 0 0 0 0 0.4 0 0 0 0 0 0 0 0 0 0 0 0.2 0.8 40.400000000000006 0 0 0 0 2.2 0 0 0 0 0 0 0 0 0 0 0 0 0 0 0 0 0 0 0 0 0 0 0 0 1.4000000000000001 0 0 0 0 0 0 0 0 0 0 0 0 0 
 33.800000000000004 34.6 12 12.600000000000001 10.200000000000001 3.6 0 11.4 11.600000000000001 47.2 8.8 8.4 59 47.400000000000006 26 6.800000000000001 66.2 7 61.800000000000004 28.400000000000002 0 0 0 0.6000000000000001 1.2000000000000002 0 0.4 0.2 0.6000000000000001 0 0.6000000000000001 0.6000000000000001 0.6000000000000001 0.8 0 0.8 0.6000000000000001 0 0 0 1 0.2 0 0 0 0 0.4 6 0 0 0 0 0 0 0 0 1 2 0 0 0.6000000000000001 1 0 0.6000000000000001 0 0 0 0 0 0 1 0.4 0.4 0.6000000000000001 0 0 0 0.6000000000000001 0 0 0 0.8 0.6000000000000001 0 0 0 0.8 2.8000000000000003 0 0 0 0 6.800000000000001 0 0.2 0 0 1.6 2.6 5.6000000000000005 0 0 0 0 0 0 0 0 0 0 0 0 0.2 0 0 0 0 0 0 0 0 0 0 0 0 0 0 0 0 0 0 0 0 0 0 0 0 0 0 0 0 0 0 0 0 0 0 0 0 0 0 0 0 0 0 0 1.4000000000000001 0 0 0 0.8 0 3.8000000000000003 1.8 1.6 0 0 2.8000000000000003 0 0 0 2 5.800000000000001 1.6 2.8000000000000003 5.6000000000000005 0 1.8 7.6000000000000005 0.2 0 0 0 2.4000000000000004 0 0 0 0 0 0 0 0 0 0 0 0 0 0 0 0 0 1.8 0 0 0 0.2 0 0 0 0 0 0 0 0 0 0 0 0 0 0 0 0 0 0 0 0 0 0 0 0 0 0.2 0 0 0 0 0 0 0 0 0 0 0 0 0 0.4 0 0 0.8 0.4 1.6 1.6 0.2 0 0 0 0 0 0 0 0 0 0 0 0 0 0 0 0.4 0 0 0 0 0 0 0 0 0 0 0 0 0 0 0 0 0 0 0 0 0 
 9.600000000000001 75 82.80000000000001 14.200000000000001 36.6 27.8 11.4 0 24.400000000000002 29.8 68.60000000000001 7.6000000000000005 40.6 32.2 52.2 4 43 24.200000000000003 9.8 72.60000000000001 0 0 0 0 0.6000000000000001 0 0 0 0 0 0.6000000000000001 0.6000000000000001 0.6000000000000001 0 0 0.6000000000000001 0 0 0.4 0.2 0.6000000000000001 0.4 0 0 0 0.4 0 0.6000000000000001 11.600000000000001 0 0 0 0 0 0 0 0.6000000000000001 0 0 0 0.6000000000000001 0.6000000000000001 0 0 0 0 0 0 0 0 0.6000000000000001 0.4 0.4 0.6000000000000001 0 0 0 0.6000000000000001 0 0 0 2 4.4 3.6 0 3.6 1.4000000000000001 0.2 4.2 6.2 2.8000000000000003 2.6 0 4.4 0 6 2.8000000000000003 0.2 0 2.2 0 0 0 0 0.2 0 0 0 0 0 3.8000000000000003 0 0 0 0 0 0 0 0 0 0 0 0 0 0 0 0 0 0 0 0 0 4 0 0 0 0 0 0 0 0 0 0 0 1 0 0 0 0.6000000000000001 0 3.2 0 0 0 0 0 0 0 0 0 0 0.8 1.2000000000000002 0 0.4 0 2 0.4 0 1.6 0 4.4 2 9.8 4.800000000000001 2.8000000000000003 0 0.6000000000000001 6 8.4 0 0 0 0 0 0 0 0 0 0 0.4 0 0 0 0 0 0 0 0.2 0 0.4 0 0 0 0 0 0 0 0 0 0 1.2000000000000002 0 0.4 0 0 0 0 0 0 0 0 0 0 0 0 0 0 0 0 0 0 0 0 0 0 0 0 0 0 0 0 0 0 0 0.4 0 0.4 18 0.6000000000000001 0.4 2.2 1.4000000000000001 0 0 0 0 0 0 0 0 0 0 0 0 0 0 0 0 0 0 0 0 0 0 4.2 0 0 0 0 0 0 0 0 0 0 0 0 0 0 
 10.600000000000001 10 35.4 125.80000000000001 59.6 30.6 11.600000000000001 24.400000000000002 0 57.400000000000006 29 47.6 23.400000000000002 34 65.8 28.200000000000003 36.4 104.80000000000001 34.6 10.4 0 0 0 0 0.6000000000000001 0 0 0 0 0 42 0.6000000000000001 0.6000000000000001 14.8 0 0.6000000000000001 0 0 3.6 0.2 0.6000000000000001 0.4 0 0 0 0 0 0.6000000000000001 0 0 0 0 0 0 0 0 0.6000000000000001 0 0.8 0 0.6000000000000001 0.6000000000000001 0 0 0.8 0 0 0 0 0 0.6000000000000001 0.4 0.4 0.6000000000000001 0 0 0 0.6000000000000001 0.8 0 0 4.4 6.2 2.6 3.2 4.800000000000001 0 0 0 2.2 2.8000000000000003 0 0 6.2 0 1 2.4000000000000004 2.4000000000000004 0 0 2.8000000000000003 0 0 4 0.2 0 2.8000000000000003 0 0 0 0 0 6.4 2.8000000000000003 0 3 0 0 2.6 0 0 0 0 0 0 0 0 0 0 0 0 0 0 0 0 0.4 0 0 0 0 0 0 0 0 0 0 0 0 0 0 0 0 0 0 0 0 0 0.4 0 0 7.6000000000000005 5.4 0.2 5.800000000000001 5 3.4000000000000004 2.6 0 4.2 1.6 2.2 13.8 0 10.8 2.8000000000000003 2.4000000000000004 4.4 2.4000000000000004 0 0 1.8 1.8 0 0 0 0 2 0 0 0 0 0 2 1.6 0 0 0 0 4.2 2 0 0 0 0 0 0 0 5.4 0 0 0 1.6 0 0 0 0 0 0 0 0 0 0 0 0 0 0 0 0 0 0 0 0 0 0 0 0 0 0 0 0 0 0 0 0 0 0 0.4 0 18.2 9.600000000000001 0.2 1.6 0 0 0 0 0 0 0 0 0.2 0 0 0 0 0 0 0 0 0 0 0 0 0 0 2.2 0 1.8 0 0 0 0 0 0 0 0 0 0 0 0 
 7.2 8.200000000000001 13 54.2 104.60000000000001 53.800000000000004 47.2 29.8 57.400000000000006 0 42 44 29.400000000000002 12 34 40.2 12.4 58.800000000000004 14.4 28.6 0 0 0 0 0.6000000000000001 0.2 0 0 0.6000000000000001 10.600000000000001 0.6000000000000001 3.4000000000000004 0.8 3.8000000000000003 15 0.6000000000000001 0.8 0 12.200000000000001 20.8 0.6000000000000001 0 0.2 0.4 1 12.4 0 1 0 11.8 0.8 0 0 0 0 0 1.4000000000000001 0 0 0.6000000000000001 0.6000000000000001 0.4 0 0 0.8 0 0.8 0 0 0 1.2000000000000002 0.4 0.4 1.2000000000000002 0 7.2 0 0.6000000000000001 0.8 0 0 2.8000000000000003 0 4.800000000000001 9 6.2 2.8000000000000003 0 0 3.2 4.6000000000000005 5 0 1.4000000000000001 0 1.2000000000000002 0.4 0 0 0 3.8000000000000003 0.2 0 0 0 0 6 2.2 7.4 0.2 0 0 5.2 3.6 0 0.2 0 2.2 2.4000000000000004 4.4 0 0 0 0 0 0 0 0 0 0 0 0 0 0 0 0 0 0 0 0 0 0 0 0 0 0 0 0 0 0 0 0 0 0 0 0 0 0 0 0 3.8000000000000003 3.6 4 3.8000000000000003 3 3.8000000000000003 0 3.2 4.4 7.2 6.4 0 0 2 0 0 5.2 0 0 0 1.6 1 0 0 0 0 5 0 0 0 0.4 0 3.4000000000000004 3 0 3 2.8000000000000003 0 0 5.800000000000001 0 0 0 0 0 2.8000000000000003 0 0 0 0 0 1.8 0 0 0 0 0 0 0 0 0 0 0 0 0 0 0 0 0 0 0 0 0 0 0 0 1.6 0 0 0 0 2.8000000000000003 0 0 0 0.4 0.4 0.4 2.2 0 0.2 2.6 0 0 0 0 0 0 0 0 0 0 0 0 0 0 0 0 0 0 0 0 0 0 0 7.2 2 1 0 0 0 0 0 0 0 0 0 0 0 0 
 6.6000000000000005 50.800000000000004 18.400000000000002 26.8 51.800000000000004 33 8.8 68.60000000000001 29 42 0 71.60000000000001 7.2 45.400000000000006 57.800000000000004 35 24.6 8.8 7.800000000000001 70 14.600000000000001 0 0 0 0.6000000000000001 0 15 0 0 0 0.6000000000000001 0.4 20.6 0 0 0.6000000000000001 0 0 12.600000000000001 14.8 0.6000000000000001 0 0 0 0 0 0 1.6 0 0 0.2 0 0 0 0 0 0.6000000000000001 0 1 0 0.6000000000000001 0.4 0 0 0.4 0 0 0 0 0 0.4 0.4 0.4 0.4 0 0 0 0.6000000000000001 0.2 0 3.6 0 0 4.6000000000000005 10.600000000000001 2.6 0 0 0.8 0.2 11.4 1.6 0 4.800000000000001 2.8000000000000003 0 0 3.2 1.8 0 0.2 0 0 0 0 0 3.2 0.4 1.4000000000000001 0.2 0 0 2.6 0 6.6000000000000005 0 0 4 3.6 0.2 0 0 0 0 0 0 0 0 0 0 0 0 0 0 0 0 0 0 0 0 0 0 0 4 0 0 0 0 0 0 0 0 0 0 0 0 0 0 0 0 6.6000000000000005 6.2 7.4 0.6000000000000001 0.2 2.2 2.4000000000000004 10.4 2.2 1.2000000000000002 10 2.4000000000000004 0.6000000000000001 0.2 3.6 3 0.2 2 3.4000000000000004 0 2.2 2.8000000000000003 0 0 0 0 0 0 0 2.4000000000000004 0 0 2.4000000000000004 4.2 0 0.2 0 0 0.2 5.6000000000000005 0 0 0 0 0 0 0 0 0 0 0 3.4000000000000004 0 0 0 0 0 0 0 0 0 0 0 0 0 0 0 0 0 0 0 0 0 0 0 0 0 0 0 0 0 0 0 0 0 0.4 9 0.4 0.2 17.400000000000002 0 1.8 0 0 0 0 0 0 0 0 0 0 0 0 0 0 0 0 0 0 0 0 0 0 0 2.2 0 0 0 0 0 0 0 0 0 0 0 0 0 0 
 49.800000000000004 42.6 68.4 47.2 30 37.800000000000004 8.4 7.6000000000000005 47.6 44 71.60000000000001 0 24.8 65.8 4.2 6.6000000000000005 34.4 28.8 6.800000000000001 9.200000000000001 0 16 0 0 1 0 15.200000000000001 0 0.6000000000000001 14.600000000000001 0.6000000000000001 0.6000000000000001 0.6000000000000001 0 15.200000000000001 0.6000000000000001 0 0.6000000000000001 30.8 0 25.8 0.2 0 0 0 0 0.6000000000000001 6 0 0 0 0 0 0 0.4 0 1 0 2.8000000000000003 0 0.6000000000000001 0.4 0 0 0 0 0 0 0 0 0.4 0.4 0.4 0.4 0 0 0 0.6000000000000001 0 0.2 0 9.600000000000001 0 0 9.200000000000001 7.800000000000001 0 0 9 2 3.6 0 0 3.6 0 1.6 2 2.4000000000000004 0 0 2.6 3.2 0 0 0 0 2 3.6 4 4.2 0 0 2.6 0 3 0 2.2 0 0 0 0 0 3.2 0 0 0 0 0 0 0 0.2 0.4 0 0 0 0 0 0 0 0 0 0 0 0 0 0 0 0 0 0 0 0 0 0 0 0 0 0 0 3.4000000000000004 0 4.4 4.2 2 7.800000000000001 3.8000000000000003 5.2 3.4000000000000004 2.8000000000000003 0 1.6 10.200000000000001 0 5 3.4000000000000004 7 1.8 5.4 0 0 3.2 1.2000000000000002 0.4 0 0.4 0 4.4 0 0 0 0 0 8 2 0.6000000000000001 0 0 0 6.4 2.2 0 0 0 0 0 0 0 0 0 0 0 1 0 0 0 0 0 0 0 0 5.4 0 0 0 0 0 0 0 0 0 0 0 0 0 0 0 0 0 0 0 0 0 0 0 0 0 33.800000000000004 0 21.400000000000002 0.4 0 2.6 0.2 0 0 0 0 0 0 0 0 0 0 0 0 0 0 0 0 0 0 0 0 0 0 2.4000000000000004 0 1.2000000000000002 0 0 0 0 0 0 0 0 0 0 0 0 
 31 13.600000000000001 28.400000000000002 12.4 64.60000000000001 8.200000000000001 59 40.6 23.400000000000002 29.400000000000002 7.2 24.8 0 33.4 26.200000000000003 7.2 70.8 50.6 41.800000000000004 62.6 0 0 0 0 0.6000000000000001 0 0 0 0.2 0 0.6000000000000001 0.6000000000000001 1.2000000000000002 0 0 1.2000000000000002 0 0 0 0 0.6000000000000001 0 0 0 0 0 0 0.6000000000000001 0 0 0 0 0 0 0 0 0.6000000000000001 2 0 0 0.6000000000000001 0.6000000000000001 0 0 0 0 0 0 0 0 0.6000000000000001 0.4 0.4 0.6000000000000001 0 1 0 0.6000000000000001 0 0 4 0.4 2.2 0 0 0.2 5.4 4.6000000000000005 0 0 0 0 1.8 2.2 0 0 1.8 0.4 0.2 7.2 0 0 0 0 0 0 0 0 0 0 0.4 0.2 0 0 0 0 0.4 0 0 0 0 0 0 0 0 0 0 0 0 0 0 0 0 0 0 0 0 0 0 0 0 0 0 0 2.2 0 2.8000000000000003 0 1.2000000000000002 0.4 1.6 0 0 0 0 0 0 0 0 0 0.6000000000000001 0 2.6 0 0 0 0.2 2.2 0 0 0 0 15.4 5.6000000000000005 1.6 2.4000000000000004 0 0.4 2.8000000000000003 4 0 0 0 0 0 0 0 0 0 0.4 0 0 0 0 0 0 0 0 0 3.4000000000000004 0 0 0 0 0 3.4000000000000004 0 0 0 0 0 0 0 0 0 0 0 0 0 0 0 0 0 0 0 0 0 0 0 0 0 0 0 0 0 0 0 0 0 0 0 0 0 0 0 0 0.4 0.4 17.8 0 0.8 5.2 0 0 0 0 0 0 0 0 3 0 0 0 0 0 0 0 0 0 0 0 0 0 0 0 0 0 0 0 0 0 0 0 0 0 0 0 0 0 
 34.4 9 65.4 12.4 46.800000000000004 10.600000000000001 47.400000000000006 32.2 34 12 45.400000000000006 65.8 33.4 0 27.6 50.6 9 5.6000000000000005 16.400000000000002 55 0 0 0 0 0.6000000000000001 7 0 0.4 0 0 0.6000000000000001 1 0.6000000000000001 0.2 0 0.6000000000000001 0 0 0 0 0.6000000000000001 0 10.200000000000001 0 0 0 0 13 0.4 0 0 0 0 0 0 0 0.6000000000000001 2 0 0 0.6000000000000001 0.4 0 0 0 0 6 0 0 0 0.4 0.4 0.4 0.4 0 0 0 0.6000000000000001 0 0 6.800000000000001 4 2.6 0.2 5.2 0 5.800000000000001 2.6 0 1 4.2 1.6 0 1.8 4 0 2.2 3.8000000000000003 7.2 1.6 0 0 0 0 0 0 0 0 0 0 0 0 0 0 0 0 0 1.4000000000000001 0 0 0 0 0 0 0 0 0 0 0 0 0 0 0 0 0 0 0 0 0 0 0 1.2000000000000002 0 2 0.2 0 0 0 0.2 0 0 0 0 0 0 0 0 0 0 0 8.6 3.8000000000000003 5 3.4000000000000004 1.4000000000000001 0 3.4000000000000004 8.200000000000001 0 0.4 2.2 3.4000000000000004 0 3 0 2 1.8 1.2000000000000002 3.8000000000000003 1.4000000000000001 0 0 0 0 0 1.4000000000000001 0 0 0 0 0 0 0 0 0 0 0 0 0.2 0 0 0 0 0 0 2.6 0 0 0 0 0 0 3.8000000000000003 0 0 0 0 0 0 0 0 0 0 0 0 0 0 0 0 0 0 0 0 0 0 2 0 0 1.4000000000000001 0 0 0 0 0 0 0.4 0.2 0 1 17.2 1.2000000000000002 2.6 0 0 0 0 0 0 0 0 0 0 2 0 0 0.4 0 0 0 0 0 0 0 0 0 2.6 0 0 0 0 0 0 0 0 0 0 0 0 0 0 
 41 32.2 28.8 18.2 58.800000000000004 9.4 26 52.2 65.8 34 57.800000000000004 4.2 26.200000000000003 27.6 0 37 63.800000000000004 27.6 34.800000000000004 70.2 0.4 0 0.2 0 0.8 0 0 0 1.2000000000000002 0 0.6000000000000001 0.6000000000000001 0.6000000000000001 0 0 0.6000000000000001 0 0.2 0.4 0.2 0.8 0 0 0 0 0 0 9.200000000000001 1 0 0 0 0 0 0 0 0.6000000000000001 2.6 0 0 0.6000000000000001 0.4 0 0 13.8 0 0 0 0 7.800000000000001 0.4 0.8 0.4 0.4 0 0 0 0.6000000000000001 0 0 4.4 9.200000000000001 0 0 0 4.2 5.800000000000001 1.6 5.4 5.4 0 3.4000000000000004 0 7.800000000000001 0 2.4000000000000004 0.2 0.2 0 2.6 0.2 0 0 0 0 0 0.2 0 0 0 2.4000000000000004 0 0.2 0 0 0 0 0 2.6 0 0.4 0.4 0.2 0 0 0 0 0 0 0 0 0 0 0 0 0 0.4 0.2 0 0 0 0 0 0 0 0 0 0 0 0 0 0 0 0 0 0 0 0 0 0 0 0.6000000000000001 2 0.2 0 0 2.4000000000000004 1.4000000000000001 0 3.6 0 12 2.6 8.4 3.4000000000000004 0 0 6.2 9.4 5 0 0 0 7 0 0.2 0 0 0 0 0 0 0.2 0 0 0 0 0 3.2 0.2 0 1.8 0.2 0 0 0 0 0 0 0 0 1.4000000000000001 0 0 0 0 0 0.4 0.2 0 0 0 0 0 0 0 0 0 0 0 0 0 0 0 0.4 0 0 0 0 0 0 0 0 0 0 0 0.6000000000000001 0 18.400000000000002 18 0 1.8 2.4000000000000004 0 0 0 0 0 0 0 0 0 0 0 0 0 0 0 0 0 0 0 0 0 0 0 0 0 0 0 0 0 0 0 0 0.4 0 0 0 0 
 52 8.8 26.400000000000002 30.6 33.6 30.200000000000003 6.800000000000001 4 28.200000000000003 40.2 35 6.6000000000000005 7.2 50.6 37 0 35.800000000000004 33 10.600000000000001 15 0 0 0 0 0.6000000000000001 0 0 0 0.6000000000000001 0 1 0.8 0.6000000000000001 0.4 0 0.6000000000000001 0 0 16.6 5.2 0.6000000000000001 6.2 0 0.6000000000000001 0 0 0 0.8 1.4000000000000001 0 0 0 0 0 0.2 0 1 0 0.2 0 0.6000000000000001 0.4 11.4 0 0.6000000000000001 0 0 0 0 0 0.4 0.4 0.4 0.4 0 0 0 0.6000000000000001 0.6000000000000001 0 0 3.8000000000000003 0 9.8 5.4 0 0 4.4 7.2 8.200000000000001 5.4 3.6 0 0 0 0 3.8000000000000003 5.4 0 0 1.2000000000000002 0 0 0 0 0 6.800000000000001 0.8 0.6000000000000001 0 0 0 4.2 4.6000000000000005 0 0.4 0 0 0.4 6.800000000000001 0 0 0 0 0 0 0 0 0 0 0 0 0 0 0 0 0 0 0 0 0 0 0 0 0 0 0 0 0 0 0 0 0 0 0 0 0 0 0 0 5.800000000000001 1.8 2.2 9.4 0 4.2 0.6000000000000001 4.2 11.4 9.4 2.4000000000000004 2.4000000000000004 0 1 0 3 13.4 6 0 0 0.2 0 0 0 3.6 0 0.2 1.8 0 0 0 0 0 3 3.4000000000000004 5.4 0 0 4 3.8000000000000003 0 0 0 0 3.8000000000000003 0 0 0 0 0 0 0 0 0 0 0 0 0 0 0 0 0 0 0 0 0.2 1.6 0 0 0 0 0 0 0 0 0 0 0 2 0 0 0 0 0 0 0 0 0 0.2 0.2 0 1.6 0 0 0 0 0 0 0 0 0 0 0 0 0 0 0.4 0 0 0 0 0 0 0 0 3 5.4 0 0 0 0 0 0 0 0 0 0 0 0 0 
 34.2 70.60000000000001 6.800000000000001 23.8 31.200000000000003 15.200000000000001 66.2 43 36.4 12.4 24.6 34.4 70.8 9 63.800000000000004 35.800000000000004 0 57.2 46 25.8 0 0 0 0 0.8 0.6000000000000001 1 0 0.6000000000000001 0 0.6000000000000001 0.8 0.6000000000000001 0 0 12 0 0 12.200000000000001 0 0.6000000000000001 0.4 0 0 0 6.6000000000000005 0 0.6000000000000001 0.6000000000000001 0 0 0 0 0 0 0 13.200000000000001 0 0.2 0 0.6000000000000001 0.2 0 6.2 0 0 0 0 0 0 0.2 0.4 10.600000000000001 0.4 0 0 0 0.6000000000000001 0 0 0 4 4 5 0 0 4.4 5.2 4.2 6 0.4 3.6 0 8 2 1.2000000000000002 0.6000000000000001 5.6000000000000005 4 1.8 1.6 2 0 0 0 0.4 0 0 3.6 0.2 2.4000000000000004 0 3.8000000000000003 3.8000000000000003 2.8000000000000003 0 0 0 0.8 0 0 0 0 0 4 0 0 0 0 0 0 0 0 0 0.4 0 0 0 0 0 0 0 0 0 0 0 0 0 0.4 0 0 0 0 0 0 0 0 0 0 0 5.4 0 0 6.2 3.8000000000000003 4.800000000000001 9.4 2.6 9 0.2 2.6 1.8 0 1.2000000000000002 3.2 6.4 1.2000000000000002 0 2.8000000000000003 0.6000000000000001 1.2000000000000002 1.2000000000000002 0 0 0 0 1.8 0 0 0 0 0 3.2 0 0 0 0 0 1.4000000000000001 0 0 0 0 0 0 3.8000000000000003 0 0 0 0.4 0 0 0 0 0 0 0 0 0 0 0 0 0 0 0 0 0.4 0 0 0 0 0 0 0 0 0 0 0 0 0 0 0 0 0 0 0.2 0.2 0.2 0.6000000000000001 1 2 3.8000000000000003 1.8 0 0 0 0 0 0 0 0 0 0 0 0 0 0.4 0 0 0 0 0 0 0 0 1.8 0 0.8 0 0 0 0 0 0 0 0 0 0 0 0 
 25.400000000000002 5.4 12.200000000000001 89.60000000000001 25 32 7 24.200000000000003 104.80000000000001 58.800000000000004 8.8 28.8 50.6 5.6000000000000005 27.6 33 57.2 0 10.200000000000001 8.8 0.2 0 0 0 0.6000000000000001 1.2000000000000002 0.4 4.6000000000000005 0 0 0.6000000000000001 0.8 0.6000000000000001 6.4 0 0.6000000000000001 0 11.600000000000001 49.2 4.6000000000000005 0.6000000000000001 0.4 0 0 0.2 0 0 0.6000000000000001 0.2 0 0 0 0 0 0 0 0.6000000000000001 0 0 0 0.6000000000000001 0.6000000000000001 0 0 2.2 0 0 0 0 0 0.6000000000000001 0.4 0.4 0.6000000000000001 0 0 0 0.6000000000000001 1.6 0 0 2.6 0 6.6000000000000005 0.6000000000000001 4.2 0.2 1.6 0 8.4 2.2 1.4000000000000001 0 0 0 2.8000000000000003 2.4000000000000004 4.2 0 0 1.2000000000000002 2 0 0.2 0 0 3 0.6000000000000001 0.4 0 0 0 2.4000000000000004 2 0 0 0 0 10.600000000000001 11.8 0.2 0.2 0.4 0 0 0 0 0 0 0 0 0 0 0 0 0 0.2 0.2 0 0 0 0 1.8 0 0 0 0 0 0 0 0 0 0 0 0 0 0 0 0 0 2.4000000000000004 2 1.8 10.600000000000001 0 2.6 0.2 4.800000000000001 5 6.6000000000000005 0 3.8000000000000003 0 1.6 0 0 6.2 3 0 0.2 2.4000000000000004 2 0 0 0 0.4 2 0 0 0 0 0 12.200000000000001 3.8000000000000003 0.2 6.2 0 0 8.200000000000001 4.6000000000000005 0 0 0.4 0 0 1.4000000000000001 0 0 0 0 0 2.2 0 0 0 0 0 0 0.4 0 0 0 0 0 1 0 0 0 0 0 0 0 0 0 0.2 0 0 0 0 0 0 0 0 0 0 0.2 0.6000000000000001 0 0.4 0 0.6000000000000001 2.6 0 0 0 0 0 0 0 0 0 0 0 0 0 0 0 0 0 0.2 0 0 0 0 0 0 4 1.4000000000000001 0 0 0 0 0 0 0 0.2 0 0 0 0 
 44 43.2 20.6 20.400000000000002 11.600000000000001 8.6 61.800000000000004 9.8 34.6 14.4 7.800000000000001 6.800000000000001 41.800000000000004 16.400000000000002 34.800000000000004 10.600000000000001 46 10.200000000000001 0 46.400000000000006 0 0 0 0 0.6000000000000001 0 0 0 0 0 0.6000000000000001 0.4 0.6000000000000001 0 0 0.6000000000000001 0 0 0 0 0.6000000000000001 0.4 0 0 12.200000000000001 0 0 1.4000000000000001 0 0 0 0 0 0 0 0 0.6000000000000001 0.8 0 0 0.6000000000000001 0.6000000000000001 0 6.800000000000001 0 0 0 0 0 0 0.6000000000000001 0.4 0.4 0.6000000000000001 0 0 0 0.6000000000000001 0 0 0 2.4000000000000004 0.6000000000000001 0 0 0 8 5.6000000000000005 4.2 0 0 1.8 0 0 6 0 0 0 0 7.6000000000000005 0 0 0 0 0 0 0 0 0 0 0 0 0 0 0 0 0 0 0 0 0 0 0 0 0 0 0 0 0 0 0 0 0 0 0 0 0 0 0 0 0.4 0 0 0 0 0 0 0 0 0 3 0 0 0 0 0 0 2.4000000000000004 0 0 0 0.4 2.8000000000000003 1.8 0 0 0 0 0 0 0 0 4.2 3.6 3.2 3.4000000000000004 0 0.2 1.8 4 0 0 0 0 0 3 0 4.800000000000001 0 0 0 0 2 0 0.2 0 0 0 0 0 0 0 0 0 0 0 0 0 0 0 0 0 0 0 0 0 0 0 0 0 0 0 0 0 0 0 0 0 0 0 0 0.4 0 0 0 0 0 0 0.4 0 0 0 0 0 0 0.4 0 0 0 10.4 0 5.4 0 0 0 0 0 0 0 0 0 0 0 0 0 0 0 0 0 0 0 0 0 0 0 0 0 0 0 0 0 0 0 0 0 0 0 0 0 0 
 63 62.2 27 10.8 12.8 8.6 28.400000000000002 72.60000000000001 10.4 28.6 70 9.200000000000001 62.6 55 70.2 15 25.8 8.8 46.400000000000006 0 0 0 0 0 0.6000000000000001 0.2 0 0 0 0 0.6000000000000001 0.6000000000000001 0.6000000000000001 0 0 0.6000000000000001 0 0 0 0 0.6000000000000001 0.4 0 0 0 0 0 1 0 0 9 0 0 0 0 0 0.6000000000000001 3.8000000000000003 0 0 0.6000000000000001 0.6000000000000001 0 0 0 0 0 0 0 0 0.6000000000000001 0.4 0.4 0.6000000000000001 0 0 0 0.6000000000000001 0 0 6 5.2 2.2 0 6.4 0.2 9.200000000000001 6.6000000000000005 2.8000000000000003 7.6000000000000005 0 4.800000000000001 0.2 4.4 3.4000000000000004 0.2 0 3.4000000000000004 4 5.6000000000000005 0 0 0 0 0 0 0 0 0.2 0 0 1 0 0 0 0 0 0 0 0.2 0 0 0 0 0 0 0 0 0 0 0 0 0 0 0 0 0 0 0 0 0 0 0 3.8000000000000003 0 0 0 0 0 0 1.6 1.6 0 0 0 0 0 0 0 0 4.2 0.8 5 1.2000000000000002 0 0 3.8000000000000003 2 2.8000000000000003 0.6000000000000001 0 0.2 5 4 0 0 0 0 4.2 1.8 0 0 0.2 0 0 0 0 0 0.4 0 0 0 0 0 0 0 0 3 5 0 0 0 0 0 0 4 0 0 0 0 0 0 0 0 0 0 0 0 0 0 0 0 0 0 0 0 0 0 0 0 0 0 0 0 0 0 0 0 0 0.2 0 0 0 0 0 0.6000000000000001 0.4 0 18.2 1.4000000000000001 1.2000000000000002 4.2 0 0 0 0 0 0 0 0 0 0 0.2 0 0 0 0 0 0 0 0 0 0 0 0 5.800000000000001 0 0 0 0 0 0 0 0 0 0 0 0 0 0 
 0 0 0.6000000000000001 0 0 34.2 0 0 0 0 14.600000000000001 0 0 0 0.4 0 0 0.2 0 0 0 15.600000000000001 43.6 5 4.800000000000001 6.4 40.800000000000004 8.200000000000001 6.6000000000000005 6.4 4.4 3 30.8 9 25.400000000000002 10.8 21.6 5.6000000000000005 19.400000000000002 21 0.2 0.2 0 0 0 0.2 0 40.800000000000004 0 0 0.6000000000000001 1.4000000000000001 0 0 0 0 0 0 0 0 0 0 0 0.8 0 0 0 0 0.6000000000000001 0 0 0 0 0.6000000000000001 0 0 0 10 0 0 0 0 0 1.2000000000000002 0 5.800000000000001 0 8 0 0 2 0 0 0 0 0.2 0 0 0 0 2.2 6 0.2 1.2000000000000002 0 0 1.6 0 6.6000000000000005 1.6 4.6000000000000005 1.6 1.4000000000000001 4.2 7 0.2 5.6000000000000005 7.800000000000001 2.8000000000000003 7.6000000000000005 0 0 0 0 0 0 0 0 0 0 0 0 0 0 0 0 0 0 0 2 0 0 0.2 0 0 0 0 0 0 0 0 0 0 0 0 0 0 0.8 0 0 0 0 0 0 0 2.4000000000000004 0 0 0.6000000000000001 0 2.2 0 0 0 0 0 0 0 0 0 4.800000000000001 7.2 9.4 0 0 0 2.8000000000000003 11.8 2 3 0.2 0 2.4000000000000004 0 1.6 0 0.4 2.4000000000000004 0.2 16 0 0 5.800000000000001 0 0 0 0 0 0 0 0 0 0 0 0 0 0 0 1.8 0.2 0 0 0.2 0 0 0 0 0 0 0 1.4000000000000001 0 0 0 0 0 0 0 0 0 0 0 0 0 0 0 0 0 0 0 0 0 0 0 0 0 0.4 0 17 0 0 0 0 0 0 0 0 0 0 0 0 0 0 0 0 0 0 0 0 0 0 1.8 0 0 0 0 0 0 0 0 
 0.6000000000000001 0 0 0.4 0.2 14.200000000000001 0 0 0 0 0 16 0 0 0 0 0 0 0 0 15.600000000000001 0 36.2 46.400000000000006 7.4 10 31.8 30 28.200000000000003 43.800000000000004 21.6 21.400000000000002 40.800000000000004 9.600000000000001 16.400000000000002 6.6000000000000005 30.6 33.800000000000004 27.6 26.200000000000003 0 0.4 0.4 0 0 0 0 0 0.6000000000000001 0 0.2 0 0 0 0 0 0 0.4 0 0 0 0 0 0.6000000000000001 0.2 0 0 0.4 0.6000000000000001 0 0 0 0 0.6000000000000001 0 0 0 0.4 0 0 0 2 0 0 0 2.6 0 0 0 0 0 0 0 0 0 0 0 0 0 0.2 0 7.6000000000000005 1.8 0.2 6.6000000000000005 0 3 1.2000000000000002 3.6 4.800000000000001 13 0 5.2 8.4 1.4000000000000001 3.8000000000000003 6.2 0 0 0 0 0 0 0 0 0 0 0 0.4 0 0 1.6 2.6 0 0 0 0 0.2 0 0 0 0 0 0 0 0 0 0 0 0 0 0 0 0 0 0.8 0.2 0 0 0 0 0 0 0 0.4 4.2 0 0 0 0 0.4 0 0 0 0 0 2.6 0 0.4 0 4.2 0 4.6000000000000005 1.4000000000000001 2.4000000000000004 1.4000000000000001 6.4 1.4000000000000001 3 4.4 0 2.4000000000000004 2.6 4.4 6.4 2.4000000000000004 0 5.800000000000001 8.4 0 0.4 0 1.4000000000000001 0 0 0 0 0 0 0 0 0 0 0.4 0 0 0 0 0 0 0 1.8 0 0 0 0 0 0 0 0 0 0 0 3 0 0 0 0 0 0 0 0 1.6 0 0 0 0 0 0 0 0 0 0 0 0.8 0.4 0 0 15.200000000000001 0 0 0 0.4 0 0 0 2.6 0 0 0 0 0 0 0 0 0 0 0 0 0 0 2.4000000000000004 0 0 0 4 0 0 0 0 
 0 0.6000000000000001 0 0 0 15 0 0 0 0 0 0 0 0 0.2 0 0 0 0 0 43.6 36.2 0 29.8 7.6000000000000005 22.6 48.400000000000006 137.8 14.200000000000001 33.4 5.6000000000000005 37.4 48.800000000000004 29.200000000000003 12 29.200000000000003 7.2 42.400000000000006 8.6 13.4 0 0.4 0 0 0 0.4 0 0 0 0 0.4 0.4 0 0 0 0 0.8 0 0 0 0 0 0 0.6000000000000001 0 0 0 0 0.6000000000000001 0 0 0 0 0.6000000000000001 0 0 0 0 0 0 0 0 0 0 0 2.4000000000000004 0 0 0 0 0 1.4000000000000001 0 0 0 0 2 5.2 0 0 3.6 4.2 1.8 3.2 3 0.2 8.6 2.6 7.800000000000001 1.6 5.2 2 0 6.4 1.4000000000000001 5 0.4 6.6000000000000005 3 0 0 0 0 0 0 0 0 0 0 0 0 0 0 0 0 0 1.6 0 0 0 0.2 0 0.8 0 0 0 0 0 0 0 0 0 0 0 0 5.2 0.4 0.2 0 0 0 0 0 0 1.4000000000000001 1.6 0.8 0 0 0 0 0 0 0 0 0 0 0 0 0 0 2.8000000000000003 6.4 0 0 4.2 3 4.6000000000000005 4.2 2.8000000000000003 2 0 2.6 1.6 5.4 0 2.2 8 0 6.4 0 0 0 0 0 0 0 0 0 0 0 0 0 0 0 0 0 0 1.6 0 0 0 0 0 0 0 0 0 0 0 0 0 0 0 0 0 0 0 0 0 0 0 0 0 0 0 0 0 0 0 0 0 0 1.8 3.6 0.2 0 0 0.6000000000000001 0 0 0 0 0 0 0 2.8000000000000003 0 0 0 0 0 0 0 0 0 0 0 0 0 0 6.6000000000000005 0 0 0 2 0 0 0 0 
 0 0.6000000000000001 0 0 0 0.8 0.6000000000000001 0 0 0 0 0 0 0 0 0 0 0 0 0 5 46.400000000000006 29.8 0 32.2 51.800000000000004 21.200000000000003 28.8 25.200000000000003 41 9 12.200000000000001 29 15.8 9.4 27.200000000000003 22.6 11.200000000000001 46.6 18.400000000000002 12.600000000000001 0.2 0 0 0 0.2 0 0 0 0 0.6000000000000001 0 0 13.4 0 0 1.2000000000000002 0 24.400000000000002 24 0 0 0 0.6000000000000001 0.2 0 0 0 0.6000000000000001 0 0 0 0 0.6000000000000001 0 0 0 0.2 0 0 0 0 0 0 3.2 0 0 0 3 0 0 0 0 0 0 0 0 0 0 0 0 0 3.4000000000000004 5.2 2.4000000000000004 5.4 0 7.6000000000000005 0 0 0 0 0 2 5.6000000000000005 0 4.4 0.4 0 0 0 7.2 0 0 0 0 2.2 4.4 0 0 0 0 1.4000000000000001 0 0 0 1.6 4.2 0.2 1.8 0 0 0 0 0 0 0 0 0 0 0 0 0.4 0 0 0 0 0 0 0 0 0 0 0 0 0 0.2 0 0 0 0 0 0 0 0 0 0 0 0 0 3.8000000000000003 0 2.2 1.6 2.4000000000000004 0 7.2 6.6000000000000005 2.6 0 0 6.800000000000001 0 0 0 1.8 0.2 0 0 0 2.6 0 0 0 0 0 1.4000000000000001 0 3.6 1.8 0 0 4.6000000000000005 0 0 0 0 0 1 0 0 0 0 0 0 0 0 0 0 0 0 0 0 0 0 0 0 0 0 0 0 0 0 0 0 0 0 0 0 0 0 0 0 0 1.4000000000000001 0.4 0.2 0.2 1.2000000000000002 0 1.8 0 0 0 0 0 2 0 0 0 0 0 0 0 0 0 0 0 0 0 0 0.6000000000000001 0 0 0 0 0 0 0 0 
 0.6000000000000001 1.2000000000000002 0.6000000000000001 0.6000000000000001 0.6000000000000001 1 1.2000000000000002 0.6000000000000001 0.6000000000000001 0.6000000000000001 0.6000000000000001 1 0.6000000000000001 0.6000000000000001 0.8 0.6000000000000001 0.8 0.6000000000000001 0.6000000000000001 0.6000000000000001 4.800000000000001 7.4 7.6000000000000005 32.2 0 34 11.4 12.4 47.800000000000004 32.800000000000004 52.800000000000004 42.2 21.200000000000003 16.2 29.200000000000003 74.2 28.200000000000003 24.8 15.8 63.2 18.2 0 12.600000000000001 0 0 0 0.2 0 0 1.2000000000000002 0.4 0 3.8000000000000003 0.2 12.4 0 0 12.8 12.4 0 0.4 0 0 0.6000000000000001 0 0.8 0 0 0.8 0 0 0 0 0.6000000000000001 0 0 0 0 0 0 0 0.6000000000000001 0 0 0 0 0 0 0 0 0 0 0 0 0 0 0 1.6 0 0 1.8 0 4.4 0 5.2 3.4000000000000004 0 0 2.2 5.4 0 2.4000000000000004 0 0 0 0 1.2000000000000002 0 0 0 1.6 2.4000000000000004 1.8 0 0.8 0 3.6 0 2.8000000000000003 5.4 0 0 4.2 3.6 1.4000000000000001 0 1.8 2 2.6 3.4000000000000004 0 0 0 0 0 0 0 0 0 0 0 0 0 0 0 0 0 0 0 0 0 0 0 0 0 0 0 0 0 0 0 0 0 0 0 0 0 0 0 0 0 0 0 3.2 3.8000000000000003 0.2 0.4 0 2.4000000000000004 2.2 13.8 2.2 0 0 0 2.2 0 2.4000000000000004 0 0 0 6.4 0 0 0 0 5.4 2 10.200000000000001 0 4.2 0 6 0 0 2.4000000000000004 0 0 3.8000000000000003 1.2000000000000002 0 0 3 0 0 0 0 0 0 0 0 0 0 0 0 0 0 0 0 0 0 0 5 0 0 0 0 0 0 0 0 0 0 0 3.4000000000000004 0 0.4 1.2000000000000002 0 0 0.4 0 0 0 0 0 0 0 0 0 2.6 0 0 0 0 0 0 0 0 1.6 0 2.4000000000000004 0 0 0 0 0 0 0 0 
 0 0.6000000000000001 0 0 0 0 0 0 0 0.2 0 0 0 7 0 0 0.6000000000000001 1.2000000000000002 0 0.2 6.4 10 22.6 51.800000000000004 34 0 49.800000000000004 106.4 34.2 35.800000000000004 47.2 21.200000000000003 9.600000000000001 10.200000000000001 69.4 30 39 24 81.4 14.4 0 0.2 0 0 0.4 0 16.6 0 0 1.2000000000000002 0.2 0 5.800000000000001 38.400000000000006 0.8 0 0 0 12.4 0 0 0 0 1.6 0 0 0 0 0.6000000000000001 0 1.4000000000000001 0.4 0 0.6000000000000001 0 0 0 0 0 0 0 0 0 0.4 0 0 0 0 0 0 0 0 0.2 0 0 0 0 0 0 0 0 0 5.800000000000001 3.6 6 0 0 0 0 3 0.2 11.200000000000001 0 0 0 0 0 6.800000000000001 0 0 0 8.6 0 0 0 0 9.200000000000001 0 1.2000000000000002 2 0 0 5.6000000000000005 2 7 0 0 3.4000000000000004 0 2 0 2.4000000000000004 0 0 0 0 0 0 0 0 0 0 0 0 0 0 0 0 0 0 0 0 0 0.4 0 0 1.8 0 0 0 0 0 0 0.4 0 0 0.4 0 0 0 0 1.8 0 7.800000000000001 5 3 0 0.2 6 2 5.800000000000001 7 0 0 0 2.2 8 0 0.2 0 2.6 0 0 0 0 0 1.8 0 1.6 0 9.4 0 7.6000000000000005 3 1.8 0.2 0 0 8.4 7.6000000000000005 0 0 3.2 0 3.2 0 0 0 0 0 0 0 0 0 0 0 0 0 0 0 0 0 2 0 0 0 0 0 0 0 0 0 0 0 2 0 0.2 1.2000000000000002 14.8 0 0.8 0 0 0 0 0 0 0 0 0 2.2 0 0 0 0 0 0 0 0 0 0 2.8000000000000003 0 0 0 0 4.4 0 0 0 
 0 0 0 0 0.4 8.200000000000001 0.4 0 0 0 15 15.200000000000001 0 0 0 0 1 0.4 0 0 40.800000000000004 31.8 48.400000000000006 21.200000000000003 11.4 49.800000000000004 0 52.6 22.200000000000003 21.400000000000002 51 22 55.6 15.4 24.200000000000003 24.8 10.4 19 70.4 54.800000000000004 0 0.4 12.4 0 0 0.6000000000000001 0.4 0 0 0.4 0.4 0.2 0 0 0 0 2.4000000000000004 0 0 0 0 0 0 0.6000000000000001 0.4 0 0 0 0.6000000000000001 0 0 0 0 0.6000000000000001 0 0 0 0.2 0 0 0 0 0 0.2 0 5.2 0 0 0 0 0 4.4 0 0 0 0 0 0 0 0 1.4000000000000001 11 0 4.6000000000000005 1 2.4000000000000004 4.800000000000001 4.6000000000000005 0 3.6 2.2 2.6 1.6 1.6 3.4000000000000004 8.4 3 2.2 2 0 0 0 0 0 0 0 0 2.6 0 0 0 0 0 0 0 0 0 0 0 0 0 0 0.6000000000000001 0 0 0 0 0 0 0 0 0 0 0 0 1.2000000000000002 1 0 0 0 0 0 0 0.2 2.6 1.8 0 0 0 0 3 2.2 0 0 0 0 0.2 0 0 0 5 1.8 10.8 0 0 0.2 5.800000000000001 2.2 0 5.6000000000000005 0 0.8 8.8 3 10.600000000000001 0.2 0 9.600000000000001 4 2.8000000000000003 0 0 0 0 0 0 0 0 0 0 0 0 0 0 0 0 0 0 0 0 0.2 0 0 0 0 0 0 0 0 0 0 0 0 0 0 0 0 0 0 0 0 0 0.4 0 0 0 0 0 0 0 0 0 0 0 4.800000000000001 0.4 0.6000000000000001 0 0.2 0.8 0 0 0 0 0 0 0 0 0 0 0 0 0 0 0 0 0 0 0 0 0 0 0 0 0 0 0 0 0 0 
 4.2 0.6000000000000001 0 0 0.2 16.2 0.2 0 0 0 0 0 0 0.4 0 0 0 4.6000000000000005 0 0 8.200000000000001 30 137.8 28.8 12.4 106.4 52.6 0 33 66 24.400000000000002 9.4 69.4 31.8 58.2 14.600000000000001 7 77.4 43.2 16.2 0.4 0.2 0 0 0 0.2 0 0 0 0 0.4 0 12.8 0 0 0 12.4 0 1.4000000000000001 0 0 0 0 0.6000000000000001 0 0 0 0 0.6000000000000001 1.4000000000000001 0 0 0 0.6000000000000001 0 0 0 0 0 0 1.8 0 0 0 0 2 0 0 0 0 0 1 0 0 0 0 0.2 0 0 0 3.4000000000000004 2.6 5 1.8 0 3.8000000000000003 2.8000000000000003 7.4 0 2.6 5 1.4000000000000001 0 0 0 0 3.6 4 5 6.2 1.6 0 0 0.2 0 0 0 0.4 0 0 0 0 4.4 0 0 0 0 0 0 0 0 0 0 0 0 0 0 0 0 0 0 0 0 0 0 0 0 2.8000000000000003 1.4000000000000001 0 0 0 0 0 1 8.6 1.4000000000000001 0 0 0 0 0 0 0 0 0 0.4 0 0 0 4.6000000000000005 2.8000000000000003 0 9.4 0 0.2 2 0.2 5.4 4.2 0.8 5.2 7 2.6 18.400000000000002 0 5.4 6.4 0 0 0 0 0 0 0 0 0 0 0 0 0 0 0 0 0 0 0 0 2 1.4000000000000001 0 0 0 0 0 0 0 0 0 0 0 0 0.4 0 0 0 0 1.4000000000000001 0 0 0 0 3.2 0 0 0 0 0 0 0 0 0 0 0 1.6 0.4 0 15.200000000000001 31 0 0.4 3.4000000000000004 0 0 0 0 0 0 0 0 0 0 0 0 0 0 0 0 0 0 0 3 0 0 0 3 0 0 0 0 
 0.4 0 0 41.400000000000006 0.2 0 0.6000000000000001 0 0 0.6000000000000001 0 0.6000000000000001 0.2 0 1.2000000000000002 0.6000000000000001 0.6000000000000001 0 0 0 6.6000000000000005 28.200000000000003 14.200000000000001 25.200000000000003 47.800000000000004 34.2 22.200000000000003 33 0 62.6 15.8 47.2 110.2 19.6 39.400000000000006 15.4 68.8 40 56.400000000000006 15.600000000000001 12.600000000000001 0.2 0 0 0 0 0 0 0.6000000000000001 0 0.2 0 3.8000000000000003 25 0 0 0 0.4 24.6 13 0 0 0 0.6000000000000001 0 0.4 0 0 0.6000000000000001 0 1.2000000000000002 0 0 0.6000000000000001 0 0 0 0.2 0 0.6000000000000001 0 0 0 0 0 0 0 0 0.4 0 0 0 0 0 0 0 0 0 0 0 0 0 0.2 1.6 6.4 3 2.2 0 0.4 0 0 2.6 0 0 0 4 0.6000000000000001 0 0 0 0 4.2 0 0 0 0 2 0 0 0 0 0 16.8 0 1.8 0 0.2 3.4000000000000004 0 8 0.2 0 0.4 0 0 0 0 0 0 0 0 0 0 0 0 0.4 1 0 0 0.4 2.2 0 0.4 0 0 0 0 0 0 0 0 0 0 0 0 0 0 0 0 0 2.6 2.4000000000000004 0 6 3.6 5.2 0 0 0.6000000000000001 1.8 4.800000000000001 5.2 0 2 2.4000000000000004 9.200000000000001 2.2 3 0 0.2 2.2 0 0 0 0 0 2.6 0 0 0 0 0 6.4 2.2 1.4000000000000001 3.2 0 0.4 2.2 7 0 0 0 0 0 0 0 0 0.2 0 0 0 0 0 0 0 0 0 0 0 0 0 0.6000000000000001 0 0 0 0 0 0 0 0 0 0 0 0.8 0 0 7.6000000000000005 0.4 0 1.8 0 0 0 0 0 0 0 0 0 0 0 0 0 0 0 0 0 0 0.4 0 2.2 0 0 0 0 1.6 0 0 0 
 0 0.2 0 0 0 15 0 0 0 10.600000000000001 0 14.600000000000001 0 0 0 0 0 0 0 0 6.4 43.800000000000004 33.4 41 32.800000000000004 35.800000000000004 21.400000000000002 66 62.6 0 23.200000000000003 24.6 29.200000000000003 62.400000000000006 74 29.6 54.2 11.600000000000001 21 19.8 0 0.2 0.6000000000000001 0.6000000000000001 0 0 0 0 0.6000000000000001 5.6000000000000005 0.6000000000000001 0 16.400000000000002 12.4 0 0 0 0 16.6 0.6000000000000001 0 5.2 11.200000000000001 0.6000000000000001 0.2 0.4 0.4 0 0.6000000000000001 0 0 0 0 0.6000000000000001 0 0 0 0 0 0 0 0 0 0 0 0 0 0 0 0 0 0 0 0 0 0 0 0 0 0 4.6000000000000005 0 5 16.8 0.2 0 0 4.2 0 0 2.4000000000000004 6.2 0 0 0.6000000000000001 0 0.2 7.6000000000000005 0 0 1.8 3.8000000000000003 0 0 0 0 0.2 1.4000000000000001 0 0 0 0 3.6 0 0 0 0.2 3 4.2 5.4 0 0 0 0 0 0 1.6 0 0 0 0 0 0 0 0 0 0 0 0.2 0 0 0 0 0 0 0 2.2 0 0 0 0 0 0 0 0 0 0 0 0 0 2.6 0 3.2 1.2000000000000002 6.4 0 0 2.6 11.600000000000001 0.6000000000000001 5 9.200000000000001 0 0 0 3.2 7.6000000000000005 3.2 0 0 1.8 0 0 1.8 0 0 2 0 0 0 0 0 1.8 3 0 0 0 0 2 5.4 0 0 0 0 0 0 0 0 0 0 0 0 0 0 0 0 2 0 0 0 0 0 0.8 0 0 9.4 0 0 0 0 0 0 0 0 1.8 0.4 0.2 23 15.600000000000001 0.4 0.8 3.4000000000000004 0 0 0 0 3 0 0 0 0 0 0 0 0 0 0 0 0 0 0 11.4 0 0 0 0 0 0 0 0 
 1.4000000000000001 0.6000000000000001 0.6000000000000001 42.2 0.6000000000000001 0.6000000000000001 0.6000000000000001 0.6000000000000001 42 0.6000000000000001 0.6000000000000001 0.6000000000000001 0.6000000000000001 0.6000000000000001 0.6000000000000001 1 0.6000000000000001 0.6000000000000001 0.6000000000000001 0.6000000000000001 4.4 21.6 5.6000000000000005 9 52.800000000000004 47.2 51 24.400000000000002 15.8 23.200000000000003 0 67.8 5.6000000000000005 92.80000000000001 10 16.400000000000002 23.400000000000002 23.8 6 52.6 13.600000000000001 0.6000000000000001 16.400000000000002 0 0 0 11.8 0 0 0 0.2 0 0 11 13.4 0 0 1 0 0 0 0 0 0.6000000000000001 0 0 0 0 0.6000000000000001 0.4 0 0 0 1.4000000000000001 0 0 0 0 0 0 0 0 0 0 0 0.4 0 0 0 0 0 0 0 0 0 0 0 0 0 0 0 3.2 0.4 0 4 0 0 0 1.6 2.8000000000000003 2.8000000000000003 6.800000000000001 0 2.8000000000000003 0 3.4000000000000004 2.6 0 0 0.4 0 0 0 0 0 0 0.8 0 0.2 0 0 0 6 3.2 12 3.2 0.2 0 3.2 3.4000000000000004 0 0 0 0 0 0 0 0 0 0 0 0 0 0 0.2 0 0 0 0 0 0 0 0.2 1 0 0 0 0 0 0 0 0 0.2 0 0 0 0 0 0 0 2.6 2 2.2 4 5.4 0.2 0.4 0 3 0.2 6.4 0 0 0 0 9.200000000000001 8.4 0 0 0 0 0 0 0.2 0 0 0 0 6.6000000000000005 0 0 0 8.200000000000001 9.200000000000001 3.6 1.8 0 1.4000000000000001 0 0.2 0 0 0 0 0 0 0 0 0 0 0 0 0 0 0 0 0 0 0 0 0 0 2.4000000000000004 0 0 0 0 0 0 0 0 0 0 0 1.4000000000000001 0 0.4 1.6 2 0.2 0.4 0.8 0 0 0 0 0 0 0 0 3 0 0 0 0 0 0 0 0 0 0 1.6 0 0 0 0 0 0 0 0 
