 0 60.400000000000006 74.60000000000001 14.8 19.6 8.8 32.2 25.200000000000003 24.200000000000003 69.2 33.2 5 26.400000000000002 30.200000000000003 131.4 34.800000000000004 30 5.2 25 11.4 0 0 0 0 0 0 0 1 0 0 0 0 0.8 0.6000000000000001 0 0 0 0 0 0.2 0 0.2 0 12.4 0 0.2 0 0 0.6000000000000001 0.4 0 0 0 0 0 0.4 0.8 0.6000000000000001 0 0 0 0 0.4 0 0.2 0 0.6000000000000001 0 0 0 0 0 0 0 0 0 0 0 0 0 3 5.6000000000000005 5.4 3.4000000000000004 2.4000000000000004 2.6 2.6 3.6 5.6000000000000005 4.6000000000000005 3.4000000000000004 0 2.2 3.2 7 4 17.2 5 1.4000000000000001 2.8000000000000003 0 0 0 0 0 0 0 0.2 0 0 0 0 0 0.4 0 0 0 0 0 0 0 0 1.8 0 0 0 0 0 0 0 0 0 0 3.8000000000000003 5 0 1.4000000000000001 0 0 0.2 0 0 0 0 0 3.4000000000000004 0 0 0 0 0 0 0 0 0 0 0 0 0 0.4 0 2.4000000000000004 4 6 2.6 0 0 0 5.800000000000001 1.4000000000000001 6.4 0.2 0 4.4 0 9.4 4 3.4000000000000004 0.6000000000000001 0.2 1.6 0 0 0 0 0 0 0 0 0 0 0 0 0 0 0 0 0 0 5.2 0 0 0 0 4.4 0 0 0 0 0 0 0 0 0 0 0 0 0 0 0 0 0.2 0 0 0 0 0 0 0 0 0.2 0 0 0 0 0 0 0 0 0 0 0 0 0 0 0.4 36 0 1 0 0 1.6 2.8000000000000003 0 0 0 0 0 0 0.4 0 0 0 0 0 0 0 0 0 0 0 0 0 0 0 0 0 0 0 0 0 0 0 0 0 0 0 0 0 0 
 60.400000000000006 0 33.800000000000004 23.6 8.200000000000001 8.4 22.200000000000003 35.4 28.200000000000003 48.6 25 7.4 28.8 37 35.800000000000004 6.2 11.600000000000001 9.8 57.6 67.4 0 0 0 0.4 0 0 0 0.6000000000000001 0 0 0 0 15.4 0.6000000000000001 0 0 0 8 1.2000000000000002 7.2 0 0 0 1.4000000000000001 0 0.2 0 0.2 0.6000000000000001 0.4 0.4 0 0 0 0 0.8 0 0.6000000000000001 0 0 0 0 0.4 0 0 0 0.6000000000000001 0 0 0 0 0 0 0 0 0 0 0 0 0 0.2 5 5.800000000000001 3.8000000000000003 1.8 4.800000000000001 0 5.800000000000001 13 1.8 5 4.800000000000001 4 6.2 5.800000000000001 6.4 0.6000000000000001 4 5.2 2 2 0 0 0 0 0 2 1.4000000000000001 0 0 0 0 0 0 0 0 0 0 0 6.2 0 0 0 0 0 0 0 0 0 0 0 0 0 0 0 3 0 0 0 0 0 0 2.4000000000000004 0 0 5.4 0 0 0 0 0 0 0 0 0 0 0 0 0 0 4.2 0.4 4.6000000000000005 4 0.2 0 0 1.4000000000000001 0.8 0.4 0 3 0 0 0 4 2.4000000000000004 1.4000000000000001 1 0.2 1.4000000000000001 0 0 0 0 0 3.4000000000000004 0 0 0 0.4 0 0 0 0 0 0 0 2 5.800000000000001 0 0 0 0 0 0 0 0 0 0 0 0 0 0 0 0 0 0 0 0 0 0 0 0.2 0 0 0 0 0 0 0 0 0 0 0 0 0 0 0 0 0 2 0 0 0 0 0.6000000000000001 0 0 0.2 0.2 1.6 4 0 0 0 0 0 0 0 0 0 0 0 0 0 0 0 0 0 0 0 0 0 0 0.2 0 0 0 0 0 0 0 0 0 0 0 0 0 0 
 74.60000000000001 33.800000000000004 0 80.2 59.2 90.4 11.200000000000001 28.200000000000003 51.800000000000004 34.2 27.200000000000003 25.6 14.600000000000001 10.600000000000001 40.400000000000006 33 35.2 46.2 10.4 68.2 0 0.4 0 0 0 0 0 1.2000000000000002 0.6000000000000001 0 0 0 23 1.8 0 0 0 0.6000000000000001 0 30.8 0 0.6000000000000001 0 0.6000000000000001 0 0 0.4 0 0.6000000000000001 1.2000000000000002 0 0 0 0 0 5 0 0.6000000000000001 0 0 0.2 0.6000000000000001 0.4 0 0.2 0 0.6000000000000001 0.2 0.2 0 0 0 0 0 0 0 0.6000000000000001 0 0 0 0 0 9.200000000000001 9.600000000000001 11 2.8000000000000003 0 3.4000000000000004 5.4 2 7.800000000000001 3.6 0 0 5.6000000000000005 0 0.2 1.2000000000000002 0 0 0.4 0 0 0 0 0 3.8000000000000003 4.4 2.6 0 0.2 0 5.800000000000001 4.2 0 0 0 0 4.6000000000000005 3.2 0 0 0 0 0 0 0 0 0 0 0 0 0 0 0 0 0 0 0 0 0 0 0 0 0 0 0 0 0 0 0 0 0 0.2 0 0 0 0 0 0 0 10.600000000000001 10.200000000000001 3.4000000000000004 2 3.8000000000000003 0 2.4000000000000004 13.200000000000001 2 3.4000000000000004 16.6 0 3 2.6 3.6 2.2 9.200000000000001 0 0.2 8.4 0 0 0 0 0.2 2 0 0 0 0 0 2.4000000000000004 0 0 0 0 0 2.4000000000000004 11.8 0 0 0 0 0 0 0 0 0 0 0 0 0 0 0 0 0 0 0 0 0 0 0 0 0 0 0 0 0 0 0 0 0 0 0.4 0 0 0 0 0.2 0 3.8000000000000003 2.2 0 0 0.4 4.2 0.4 18.8 18 0.6000000000000001 1 3.8000000000000003 0 0.2 0 0.4 0 0 0 0 0 0 0 0.4 6 0 0.2 0 0 0 0 9.4 0 0 0.2 0 0 0 0 0 0 0 0 0 0 0 0 0 0 
 14.8 23.6 80.2 0 82.4 68.8 19.8 98.60000000000001 68 25.6 12.600000000000001 68.8 52 19.200000000000003 97 41 44.400000000000006 17 67.8 30.200000000000003 0 0 0.4 0.4 0 0 0 0.6000000000000001 0 0 0 0 16.2 0.8 0 0 0 0 0 5.800000000000001 0 0 0 13.600000000000001 0 5.4 0 0 0.6000000000000001 0.6000000000000001 1 0 0 0 0 1.8 0 0.6000000000000001 0 0 0 0 0.4 0 0 0 0.6000000000000001 0 0 0 0 0 0 0 0 0 0 0 0 0 0.4 4 9.4 10.4 5.800000000000001 5.800000000000001 0 5.2 3.8000000000000003 2.6 6.2 5.4 2.8000000000000003 0 4.4 4.4 1.6 4.4 0 3.6 1.8 0 0 0 0 0 0 2.6 0.4 0 0.4 0 2.2 0.2 0 0.2 0 1.8 2.8000000000000003 4 0 0 0 2 0 0.4 0 0 0 0 0 0.4 0.4 0 0.4 0 0 0 0 0 0 0 0 0 0 0 0.2 0 0 0 0 0.2 0 0 0 0 0 0.2 0 0 0.2 6 6.800000000000001 1.8 4.2 3.4000000000000004 2.8000000000000003 6 6.4 1.6 7.4 4.6000000000000005 2.8000000000000003 5.2 3.8000000000000003 6.800000000000001 6 5.800000000000001 2.6 2.4000000000000004 3.8000000000000003 0.2 0 0 0 0 0 0 0 0 0 0 2 0 0 0 0.2 0.2 4 0.2 0 0.2 0 0 0 0 0 0 0 0.4 0 1.4000000000000001 0 0 0 0 0 0 0.2 0 0 0 0 0 0 0 0 0 0 0 0 0 0 0 0 0 0 0 0 0 0 3.6 0 0 0 0.2 17.6 0 1.2000000000000002 0.2 0.4 4.2 0.8 0 0 0 0 0 0 0 0 0 0 0 0 0 0 0 0 0 0 0 0 0 0 0.4 2.2 0 0 0 0 0 0 0 0 0 0 0 0 0 
 19.6 8.200000000000001 59.2 82.4 0 54.800000000000004 9.8 16 22.8 81.80000000000001 48 46.6 15.8 39.2 57.400000000000006 10.4 29 85.80000000000001 12.8 60.2 0.2 0 0.8 0.2 0 0.2 2.4000000000000004 0.6000000000000001 5 0.2 0 0 13.4 0.6000000000000001 15.200000000000001 0 0 0 16.2 0 0 0 0 0.4 0 2.2 0 2 0.6000000000000001 0.6000000000000001 0.2 0.2 0 0 0 0.4 0 0.6000000000000001 0 0 0 0 0.4 0 0 0 0.6000000000000001 0 0 0 0 0 0 0.8 0 0 0.4 0 0 0 0 2.4000000000000004 0 2.4000000000000004 1.2000000000000002 2 0 0 6 8.200000000000001 3.8000000000000003 0 0 3.8000000000000003 2.6 0 3 12.200000000000001 0 2 4.800000000000001 2.8000000000000003 0 0 0 0 0 0 1.4000000000000001 0 0 0 0 0 5.800000000000001 0 0 0 2.4000000000000004 0.2 0 0 0 0 0 0 0 0 0 0 0 0 0 0 0 0 0 0 0 0 0 0 0 0.4 0 3.6 2.6 0 0 0 0 0 0 0 0 0 0 1.4000000000000001 0 0.4 0.4 2 2.2 5 5 1.4000000000000001 0 0 6.4 5.800000000000001 3 3.6 1 0 0 4.6000000000000005 4.6000000000000005 0.4 0 0 0 0 0 0 0 0 0.2 4.800000000000001 0 0 0 0 1.8 0 0 6 0 0 4.800000000000001 6.800000000000001 0 0 0 0 0 0 0 0 0 0 0 0 0 0 0 0 0 0 0 0 0 0 0 0 0 0 0 0 0 0 0.4 0 0 0 0 0 0 0 0 0 0 0 0 0 0 0 18 0 1.2000000000000002 20.200000000000003 1.2000000000000002 3.2 3.8000000000000003 0 0 0 0 0 0 0 0 0 0 0 0 0 0.4 0 0 0 0 0 0 0 0 0.2 2.8000000000000003 0 0 0 0 0 0 0 0 0 0 0 0 0 
 8.8 8.4 90.4 68.8 54.800000000000004 0 6.4 8.8 34 10.8 15.600000000000001 28.200000000000003 9 7.800000000000001 13.200000000000001 15.600000000000001 15 56.400000000000006 28.200000000000003 52 5 0 0 14.8 0 0 14.600000000000001 15.4 0 0 0 0 33 15.4 29.8 7.2 0 0 0 3 0 0 0 0 0 0.2 0 0 0.6000000000000001 0.4 0 0 1 0 0 15.200000000000001 0 0.6000000000000001 0 0 0 0 0.4 0 0.4 0 0.6000000000000001 0 1.8 0 0 0 0 2.8000000000000003 0 0 0 0 0 0 0 0 8.4 0 4.800000000000001 4.2 0 0.2 2.8000000000000003 0 5.2 3.2 0 0 2.2 0 0.2 0 0 0 4.4 2.2 0 0 0 0 2 1.4000000000000001 5.4 1.4000000000000001 0 2.2 12.600000000000001 1.2000000000000002 0 0 7 0 5 7 0 0 0 0 0 0 0 0 0 0 0 0 0 0 0 0 0 0 0 0 0 0 0 0 0 7 0 0 0 0 0 0 0 0 0 0 0 0 0 0 0 0 0.2 0 0 0.8 0 3.4000000000000004 0.2 0 0 14.8 0 0 0 2.2 0 0 0 0.2 3.2 2 2.8000000000000003 0 0 0 0.4 0 1.8 2.8000000000000003 0 0 15.200000000000001 6 5 0 0 0.2 12.4 1.4000000000000001 0 0 0 0 0 0 0 0 0 0 0 0 0 0 0 0.2 0 0 0 0 0 0 0 0 0 0 0 0 0 0 0 0 0 0 0.4 0 0 0 0 0 0 0 0 0 0 1 0 0.2 0.4 4.4 0.2 0.8 0 0 0 0 0 0 0 0 0 0 0 0.2 0 0 1.6 0 0 0 0 0 0 0 0 0 0 2 0 0 0 0 0 0 0 0 0 0 0 0 
 32.2 22.200000000000003 11.200000000000001 19.8 9.8 6.4 0 14.4 28 24.6 9.8 4.6000000000000005 71 8 6.800000000000001 48 7.6000000000000005 5.2 60.2 25.200000000000003 0 0 0.4 0.4 0.8 0 0 0.8 0 0.2 0 0 0.6000000000000001 0.6000000000000001 0 0 0 1 0.4 14.600000000000001 0 0 7.2 0.4 1.2000000000000002 5.6000000000000005 0.2 0 0.6000000000000001 0.4 0 0.6000000000000001 0 0 0 0.4 0 0.6000000000000001 0.6000000000000001 1.6 0.4 0 0.4 0 0 0.6000000000000001 0.6000000000000001 0.6000000000000001 0.6000000000000001 8.6 0.6000000000000001 0 0 0.4 0 0.8 0.8 0 0.2 0.8 5 1.8 0 0 0 0 2.4000000000000004 6.2 2.6 4.800000000000001 3.2 0 8 0.2 0 8.4 0 0 9.8 1.8 0 0 0 0 0 0 0 0 0 0 0 0 0 0 0 0 0 0 0 0 0 0 0 0 0 0 0 0 0 0 0 0 0 0 0 0 1.6 0 0 0 0 0 0 0 0 0 0 0 0 0 0 0 0 0 0 0 0 0 0 0 3.8000000000000003 0 3.4000000000000004 0 1.8 0 3.6 2.6 0 0 0 0 3.6 2.8000000000000003 1.8 0 0.2 0 6.800000000000001 2.4000000000000004 0 0 0 0 0 0 0 0 0 0 0 0 0 0 0 0 0 0 0 0 0 0 0 0 0 0 0 2 0 0 0 0 0 0 0 0 0 0 0 0 0 2.6 0 0 0 0 0 0 0 0 0 0 0 0 0 0 0 0 0 0 0 0 0 0 0 0 0 0 0.4 0 0.4 1 0 0 0 0 0 0 0 0 0 0 0 0 0 0 0 0 0 0 0 0 0 0 0 0 0 0 0 0 0 0 0 0 0 0 0 0 0 0 
 25.200000000000003 35.4 28.200000000000003 98.60000000000001 16 8.8 14.4 0 32 42.400000000000006 6 3 38.800000000000004 13.600000000000001 41.6 50.2 10.600000000000001 49.400000000000006 12 27.400000000000002 0.6000000000000001 0 0.2 1 0.2 0 0 1 0 0 0 0 0.6000000000000001 0.6000000000000001 0 0 0.4 0.4 0 29.6 0 0.6000000000000001 0.4 1 0 0.6000000000000001 0 1.6 1.2000000000000002 1.8 1.2000000000000002 0.6000000000000001 0.2 0 0.6000000000000001 1 0 0.6000000000000001 12.8 0 0 2 0.4 0 0.4 0.2 0.8 0.8 0.4 0 0 0.4 0 0 0.2 0 0.4 0 0.4 0 10 2.8000000000000003 2.2 11.200000000000001 2 8 0 1.8 0 0 3.4000000000000004 0 0 5.800000000000001 2.2 3 1.2000000000000002 8 0 4.6000000000000005 0 0 0 0 0 0 3.8000000000000003 3.2 0 0 0 0 0.6000000000000001 4 0 0 0 0 2 0.2 0 0 0 0.4 0 0 0 0 0 0 0 0.2 0 0.4 0 0 0 0.2 0 0.2 0 0 0 0 0 0 0 0 0 0 0 0 0 0 0 0 0 0 0 0 10.4 8.4 8.6 7.800000000000001 5.6000000000000005 0 0 0.4 3 4.800000000000001 0 0.2 0 9.8 0.2 1.4000000000000001 6.6000000000000005 2.4000000000000004 1.6 1.8 5.2 0 0 0 0 0 1.8 0 0 0 0 0 0 0 0 0 0 0 0 4 0 0 0 0 0 0 0 2.8000000000000003 0 0 0 0 0 0 0 0 0 0 0 0 0 0 0 0 0 0 0 0 0 0 0 0 0 0 0 0 0 0 0 0 0 2.6 2.8000000000000003 0 0 0 3.2 0 0.4 0 0 1.4000000000000001 0 0 0 0 0 0 0 0 0 0 0 0 0 0 0 0 0 0 0 0 0 0 0 0 9.200000000000001 0 0 0 0 0 0 0 0 0 0 0 0 0 
 24.200000000000003 28.200000000000003 51.800000000000004 68 22.8 34 28 32 0 55 6 51.2 25.8 34.800000000000004 68 30.400000000000002 29.6 79 36.800000000000004 12.200000000000001 0.8 0 0 0 0.6000000000000001 0.4 3.4000000000000004 0.6000000000000001 0 0 0 0.6000000000000001 17.400000000000002 0.6000000000000001 0 7.6000000000000005 0 0 15.200000000000001 11.4 1 0.6000000000000001 0 1.6 0.4 12.8 0.8 2.4000000000000004 0.6000000000000001 1.2000000000000002 0.4 0 0 11 0 4 0 0.8 0 7.2 0 0.6000000000000001 1.2000000000000002 0.6000000000000001 0 0 1 0.2 0 0.4 0 0 1.4000000000000001 0 0 0 0 0 0 0 0 2 4.6000000000000005 9.4 7 1.4000000000000001 2 5.6000000000000005 6.6000000000000005 4.2 2.8000000000000003 3 2.2 0 3.8000000000000003 5.2 1.8 2.6 1.8 0.2 2 0 4.6000000000000005 0 0 0 0 1.8 1.8 0 0 0 0.8 0 0.2 0 0 0 0.4 3 0 0 0 0 0 0.2 0 0 0 0 0 0 0 0 0 0 0 0.2 1.4000000000000001 0 0 0 0 0 0 0 0 0 0 0 0 0 0 1.4000000000000001 0 0 0 0 0 0 0 2.6 8.8 1.8 1.8 0 2.2 3.8000000000000003 2.4000000000000004 2.2 7 3 2.6 3 0.8 14.8 1.8 4.2 1.8 0.4 4.4 0 0 0 0 0 2.4000000000000004 2.4000000000000004 0 0.4 0 0 3 0.2 0 0 0 0 5.800000000000001 0 0 0 0.4 0 0 0 0 0 0 0 0 0 0 0 0.2 0 0 0 0 2.4000000000000004 0 0 0 0 0 0 0 0.4 0 0 0 3.6 0 0 0 0 0 0 0 0 0 2.2 0 0 0 0.2 0.2 0 0.4 17.2 1.4000000000000001 4 0.2 0 0 0 0 0 0 0 0 0 0 0 0 0 0 0 0 0 0 0 0 0 0 2.4000000000000004 3 0 0.4 0 0 0 0 0 0 0 0 0 0 0 
 69.2 48.6 34.2 25.6 81.80000000000001 10.8 24.6 42.400000000000006 55 0 12.4 7.2 9.4 38.800000000000004 107 16.2 27.6 10 16.6 39.400000000000006 0 0 0 0.2 0 0 0.8 0.2 0 0.4 0 0 15.200000000000001 0 0 1.4000000000000001 0 0 15.4 4.2 0 0 0.2 1 0.4 0.6000000000000001 0.4 0.8 0 0.6000000000000001 1.4000000000000001 0.2 0 0 0 0.8 0.4 0 0 0.6000000000000001 0 0 0 0 0 0 0 0 0.2 0 0.6000000000000001 0 0 2.8000000000000003 0 0.6000000000000001 0 0 0 0 3.8000000000000003 0 3.8000000000000003 7.2 0.8 2.2 1.6 0.2 7.4 8.8 1.8 4.2 0 7.6000000000000005 1.8 0.2 6.800000000000001 6.2 0 0 1.8 0.2 0 0 0 0 0 1.8 0 0 0 0 0 0 0 0 0 0 0.2 3.8000000000000003 0 0 0 0 0 0 0 0 0 0 0 0 0 0 0.4 0 4.6000000000000005 0 0 0 0 0 0 0.2 0 3.2 0.2 0 0 0 0 0 0 0 0 0 0 0 0 0 0 0.2 6.2 3 0.4 0.2 0 3 0 0.4 6.6000000000000005 3 2.4000000000000004 0.2 0.2 7.6000000000000005 1.6 4.800000000000001 0.4 0.2 1.8 0 0 0 0 0 2.2 2.8000000000000003 0 0 0 0.2 3.4000000000000004 0 0 0 0 0 1.8 3.2 0 0.2 1.8 0 0 0 0 0 0 0 0 0.4 0 0 0 0 0 0 0 0 0 0 0 0 0 0 0 0 0 0 0 0 0 0 0 0 0 0 0 0 0 3.6 0 0 0 0 0.4 0.4 0.6000000000000001 0 2 1.2000000000000002 0 0 0 0 0 0 0 0 0 0 0 0 0 0 0 0 0 0 0 0 0 0 0 4.2 4 0 0 0 0 0 0 0 0 0 0 0 0 0 
 33.2 25 27.200000000000003 12.600000000000001 48 15.600000000000001 9.8 6 6 12.4 0 86.4 5.2 88.2 57.2 50.400000000000006 50.400000000000006 27 25.6 12.600000000000001 6.2 0 0 0 0.4 0 15.4 0.6000000000000001 0 0.4 0 0 13.4 0.6000000000000001 0 0 0 0 3.6 0 0 0 1.4000000000000001 0 0 0.2 0 0 0.6000000000000001 0.6000000000000001 0 0 0 0 0 0.4 1.4000000000000001 0.6000000000000001 0 0 0 0 0.4 0 0 0 0.6000000000000001 10.200000000000001 0 0 0 0 0 0 0 0 0 0 0 0 0 2.6 0 3 0 4.2 3.4000000000000004 0 0.6000000000000001 12.200000000000001 6.2 3.8000000000000003 0 0 0 1.8 4.4 3.8000000000000003 0 0.2 0 2 0 0 0 3.2 2.4000000000000004 2.2 0.8 0 0 0 3.2 0 4.800000000000001 0 0 0 0.2 4.800000000000001 0 0 0 0 0 0 0 0 0 0 0 0 0 0 0 0 0 0 0 0 0 0 0 0 0 0 0 0 0 0 0 0 0 0 0 0 0 0 0 0 0 0.8 4.4 9.4 7 0 0 0 6.800000000000001 3.4000000000000004 5.800000000000001 8.200000000000001 0 6.4 0 4.2 0 3.8000000000000003 0 0 0 0 0 0 0 0 1.6 0.2 0 0 0 0 0 3.8000000000000003 0 0 0 0.2 8.4 3.4000000000000004 0 0 0 0 0 0 0 0 0 0 0 0 0 0 0 0 0 1.2000000000000002 0 0 0 0 0 0 0 0 0 0 0 0 0 0 0 0 0 0 0 0 0 0 0 0 0 0 0 0 17 0 0.8 17.400000000000002 0 0 3.6 0 0 0 0.4 0 0 0 0 0 0 0 0 0 0 0 0 0 0 0 0 0 0 2.2 0 2 0 0 0 0 0 0 0 0 0 0 0 0 
 5 7.4 25.6 68.8 46.6 28.200000000000003 4.6000000000000005 3 51.2 7.2 86.4 0 5.800000000000001 11 49.6 20.6 29.400000000000002 19.6 7.6000000000000005 7.4 19 0 0.6000000000000001 0 0 0 26.400000000000002 0.6000000000000001 0 0 0 0 16.2 1.2000000000000002 3.8000000000000003 0.2 0.4 0 19 0.2 0 0 0 0 0 0.2 0.4 0.6000000000000001 0.6000000000000001 0.6000000000000001 0 0 0 0 0 14.600000000000001 0 0.6000000000000001 0 0 0 0.4 1 0 0 0 1 0 0.6000000000000001 0 1.2000000000000002 0 0.6000000000000001 1 0 0 0 0 0 0 0 0 8.200000000000001 0 5 0 0 0 0 2.6 1.8 2.6 0 0 2.2 0 0 1.4000000000000001 0 0 0 5 0 0 0 0 0.4 0 4.2 0 0.4 0 15.4 0 6.6000000000000005 0 0.2 4.4 0 0 0 0 0 0 0.2 0 0 0.4 0 0 0 0 0 0 0 0 0 0 0 0 0 0 0 0 0 4 0 0 0 0 0 0 0 0 0 0 0 0.8 0 0 0 0 0 0 0.6000000000000001 16 0 0 0.2 2.2 3 3.2 0 0 0 1.8 0 0 0 0 0 2.4000000000000004 3 0 0 0 5.4 2 0 0 0 0 7.4 3.4000000000000004 2.4000000000000004 3 0 0 6.800000000000001 1.2000000000000002 0 0 0 0 0 0 0 0 0 0 0 0 0 0 0 0.2 0 0 0 0 0.2 0 0 0 0 0 0 0 0 0 0 0 0 0 0 0 0 0 0 0 0 0 0 0 0 0 0 0 0 0.8 1.2000000000000002 3 0 0.6000000000000001 0 0 0 0 0 0 0 0 0 0 0 0 1.2000000000000002 0 0 0 0 0 0 0 0 0 3 0 0 0 0 0 0 0 0 0 3.4000000000000004 0 0 0 
 26.400000000000002 28.8 14.600000000000001 52 15.8 9 71 38.800000000000004 25.8 9.4 5.2 5.800000000000001 0 36.4 11 22.200000000000003 8 8.8 57.6 16.6 0 0 0 0 0 0 0 0.4 0 0.4 0 0 0 0 0 0 0.2 0 0 0 0 0 7.4 0 1.2000000000000002 0 0 0 0 0 0 0 0 0 0 0 0 0 0 2 0 1.2000000000000002 0 0 0 10.200000000000001 0 0 0 0 0 0.6000000000000001 0 0.8 0 0 0 0 0 0 8.200000000000001 2.2 0 0 0 0 1.8 0.2 2.8000000000000003 0 3.2 0 6.800000000000001 0.2 0 15 3.2 0 7.4 0.8 0 0 0 0 0 0 0 0 0 0 0 0 0 0 0 0 0 0 0 0 0 0 0 0 0 0 0 0 0 0 0 0 0 0 0 0 1.8 0 0 0 0 0 0 0 0 0 0 0.4 0 0.2 0 0 0 0 0 0 0 0 0 0 2.4000000000000004 0 3 0 0 0 0 0 0 0 0 0 6.4 0 9 0 0 0 3.4000000000000004 4.4 0 0 0 0 0 0 0 0 0 0 0 0 0 0 0 0 0 0 0 0 0 0 0 0 0 0 0 0 0 0 0 0 0 4.4 0 0 0 0 0 0 0 0 2.6 0 0 0.2 0 0 0 0 1.2000000000000002 0 0 0 0 0 0 0.4 0 0 0 0 0 0 0 0.4 0.2 0 0.4 0 0 1.6 0 0.4 0 0 0 0 0 4.2 0 0 0 0 0 0 0 0 0 0 0 0 0 0 0 0 0 0 0 0 0 0 0 0 0 0 0 0 0 0 
 30.200000000000003 37 10.600000000000001 19.200000000000003 39.2 7.800000000000001 8 13.600000000000001 34.800000000000004 38.800000000000004 88.2 11 36.4 0 98.80000000000001 26.400000000000002 26 15.200000000000001 17.6 31.8 15 0.4 0 0 0 0.4 0 0.6000000000000001 0 0.4 0.2 0.4 0.6000000000000001 0.6000000000000001 0 0 0 0.8 0 0.2 0 0 0 0.4 0 0.2 0 0 0.6000000000000001 0.4 0 0 0 11.4 0 0.4 0 1 0 0 0 0 0.4 0 0 0 0.6000000000000001 0 0 0 0 0 0 0 0 0 0 0 0 0 1.6 3.8000000000000003 0 0 0 3.6 3.4000000000000004 0.2 3.4000000000000004 6.2 0 0.6000000000000001 0 5.800000000000001 2.8000000000000003 1.4000000000000001 5 2.6 0 6.6000000000000005 1.2000000000000002 0 0 0.8 0 0 0 0.2 0 0 0 0 0 0 0 0 0 0 0 0 0 0 0 0 0 0 0.4 0 0 0 0 0 0 0 0 0 0 0 0 0 0 0 0 0 0 4.800000000000001 0 0 0 0 0 0 0 0 0 0 0 0 0 0 2.2 0 2.8000000000000003 7.4 0 0 1.8 2 3.4000000000000004 0 5.800000000000001 0 2.8000000000000003 2.2 4.4 6.4 3 4.2 1.4000000000000001 1.6 0 0 0 2.4000000000000004 0 0 0.2 0 0 0 0.4 0 0 0 0 0 0 0 0 2.4000000000000004 0 0 0 0 0 0 0 0 0 0 0 0 0 0 0 0 0 0 0 0 0 0 3.2 0.2 0 0 0 0 0 0 0 0 0 0 0 0 0 0 0 0 0 0 0 0 0 0 1 0 0.2 0 0 0.8 3.4000000000000004 0 0 0 0 0 0 0 0 0 0.2 0 0 0 0 0 0 0 0 0 0 0 0 0.2 0 0 0 0 0 0 0 0 0 0 0 0 0 0 
 131.4 35.800000000000004 40.400000000000006 97 57.400000000000006 13.200000000000001 6.800000000000001 41.6 68 107 57.2 49.6 11 98.80000000000001 0 38.2 36.2 6 9.8 23.400000000000002 0.6000000000000001 0.2 0 0.6000000000000001 0 0 0 0.6000000000000001 0 0 0 0.2 0.6000000000000001 15.4 0 0.4 0 0.2 0 1.2000000000000002 0 0.6000000000000001 0 1.6 0 0.6000000000000001 0 3.8000000000000003 1.2000000000000002 0.6000000000000001 1 0.6000000000000001 0 0 0.6000000000000001 1.2000000000000002 0.2 0.6000000000000001 0 0 0 0 0.4 0 0.2 0 0.6000000000000001 0 0.4 0 0 0.4 0 0 0.4 0 0.2 0 0 0 0.2 0 3.4000000000000004 0 0 5.2 6.4 4.4 7.2 2 5.4 4.6000000000000005 0 2.8000000000000003 4.4 0 4.2 6.800000000000001 0 2.8000000000000003 0.2 0 0 0 0 0 0 0 0 0 0.2 0 0.2 0 0 0 0 0 2.2 0 0 0 0 0 0 0 0 0 0 0 0 0 0.2 0 0.2 0 0.2 0 0 0 0 0 0 0 0 0 0 0 0 0 0 0.4 0 0 0 4.2 0 0 0 0 0 6 3.4000000000000004 2.8000000000000003 7.6000000000000005 6 0 3.8000000000000003 10.600000000000001 5 4.4 2.2 4 0 3 7.2 0.8 9.8 0 0 0.2 0.4 0 0.2 0 0 0 0 0 0 3.4000000000000004 0 0 0.2 0 0 0 0.4 0 6.6000000000000005 0 0 0 0.2 0 0 0 0 0 0.2 0.2 0 3 0 0 0 0.4 0 0.2 0 0 0 0 0 0.2 0 0 0 0 0 0 0.6000000000000001 0 0 0 0 0 0 0 2 0 0.6000000000000001 0 0 0 0.6000000000000001 1.8 0 17.6 0.4 0.4 4 3.2 0 0.2 0 0 0 0 0 0 0 0 0 0 0 0 0 0 0 0 0 0 0 0 4 2 0 0 0 0 0 0 0 0 0 0 0 0 0 
 34.800000000000004 6.2 33 41 10.4 15.600000000000001 48 50.2 30.400000000000002 16.2 50.400000000000006 20.6 22.200000000000003 26.400000000000002 38.2 0 61.400000000000006 69.4 5.4 32.2 0 0.6000000000000001 0 0 0 0 0 0.6000000000000001 0 0.2 0 0 30 0.6000000000000001 0 0.4 0.2 0.4 0 0 0 0.8 12.4 0 0 0 0 0 0.6000000000000001 0.4 0 0 0 0 0 0.4 1.2000000000000002 0.6000000000000001 0 0 0 0 0.4 0 0 0 0.6000000000000001 0 0 0 0 0 0 0 0 0 0 0 0 0 1.8 1.6 1 0 2.4000000000000004 2.4000000000000004 2.8000000000000003 2.2 2.2 0 2.2 0 0 6.800000000000001 1 1.8 5.2 1.8 1 2.4000000000000004 0 0 0 0 0 0 0 0 0 0 0 0 4.2 0.4 0 0 0 0 3.8000000000000003 0 0 0 0 0 0 0 0 0 0 0 0 0 0 0 0 0 0 0 0 0 0 0 0 0 0 0 0 0.2 0 0.4 0 0 0 0 0 0 0 0 0 0 2.6 2.8000000000000003 4 4.2 3 2.6 0 1.4000000000000001 3 3.6 8.200000000000001 5.6000000000000005 0 5.6000000000000005 4.4 4.2 3 10.8 1.8 3.8000000000000003 4.6000000000000005 0 0 0 0 0 0 0 0 0 0 0 0 0 0 0 0 0 0 0.2 1.8 0 0 0 0 0 0 0 0 0 0 0 0 0.2 0 0 0 0 0 0 0 0 0 0 0 0 0 0 0 0 2.2 0 0 0 0 0 0 0 0 0 0 0 0 0 0 0.4 18.6 0 17.6 0.2 0 1.6 3.8000000000000003 0 0.2 0 0 0 0 0 0 0 1.2000000000000002 0 0 0 0 0 0 0 0 0 0 0 0 0.4 0 0.2 0 0 0 0 0 0 0 0 0 0 0 0 
 30 11.600000000000001 35.2 44.400000000000006 29 15 7.6000000000000005 10.600000000000001 29.6 27.6 50.400000000000006 29.400000000000002 8 26 36.2 61.400000000000006 0 12 8.4 7.800000000000001 0 0 0 0.2 0 0 0 0.6000000000000001 0 0 0 0 30.200000000000003 0.6000000000000001 0.2 0 0 0 16.400000000000002 0 0 1.4000000000000001 0 0 0 0 0 0 0.6000000000000001 0.6000000000000001 0 0 0 0 0 0.4 6.4 0.6000000000000001 0 0 0 0 0.4 0 0 0 0.6000000000000001 10.200000000000001 0 0 0 0 0 0 0 0 0 0 0 0 0 0 1.4000000000000001 8.6 6.4 2.6 4.6000000000000005 1.2000000000000002 2.8000000000000003 0.8 2.2 0 0 3.6 1.4000000000000001 3.6 4.6000000000000005 0 4.6000000000000005 0.2 0 0.2 0 0 0 0 5.2 0 3.8000000000000003 0 0 0 3 0.2 0 0 0 0 2.6 1.4000000000000001 0 0 0 0 0 0 0 0.2 0 0 7.2 0 0 0 0 0 0 0 0 0 0 0 0 0 0 0 0 0 0 0 0 0 0 0 0 0 0 0 0 0 0 7.4 3.8000000000000003 2.4000000000000004 0.2 0 0.4 0 9.8 2.2 3.8000000000000003 12.200000000000001 0.2 9.600000000000001 0 2 1.4000000000000001 3.8000000000000003 0 3 9 0 0 0 0 0 5.2 0 0 0 0 0 0 0 0 0 0 0 0 0 0 0 0 0 0 0 0 0 0 0 0 0 0 0 0 0.4 0 0 0 0 0.4 0 0 0 0 0 0 3.4000000000000004 0 0 0 0 0 0.4 0 0 0 0 0 0 0 0 0 0 0 0 0 0 0 9 0 2.6 3.4000000000000004 0.4 0 0 0 0 0 0 0 0 0.8 0 0 0 0 0 0 0 0 0 0 0 0 4.6000000000000005 0 0 0 0 0 0 0 0 0 0 0 0 0 0.2 
 5.2 9.8 46.2 17 85.80000000000001 56.400000000000006 5.2 49.400000000000006 79 10 27 19.6 8.8 15.200000000000001 6 69.4 12 0 5.4 65 0 0.2 0 0 0.2 0 0 1 0.6000000000000001 0.6000000000000001 0 0 31.6 1.6 0.2 0.4 0 0.4 15.4 3.4000000000000004 0 0 0 2 0 0.6000000000000001 0 1.8 0.6000000000000001 1 1 0 0.4 0.2 0 14.4 0 0.6000000000000001 0 0.6000000000000001 0.4 0 0.8 0 0 0 0.6000000000000001 0 1.8 0 0 0.4 0 2.8000000000000003 0.6000000000000001 0 0 0 0 0.2 1.2000000000000002 4 1.8 7.4 3.4000000000000004 9.4 0 0 0 0.4 0 0.8 0 1.8 2.2 2.2 0 2.2 0.2 8.8 0.2 0 0 0 0 0 3.8000000000000003 2 4 0 0 0 6.6000000000000005 4.4 0 0 0 0 4 2 0 0 0 0 0 0 0 0 0 0 0 0 0 0 0 0 0 0 2 0 0 0 0 0 0 0 0 0 0 0 0 0 0 0 0 0 0 0 0 0 0.6000000000000001 2.2 0.2 2.2 6.2 0 0 0.2 5 2.6 0 3.8000000000000003 0 1.8 0.2 0 2.2 1.8 1.8 1.6 0.2 0 0 0 0 0 6.2 0 0 0 0 0 0 5.2 3.2 0 0 0 0.2 1.6 0 0 0 0 0 0 0 0 0 0 0 0 0 0 0 0 0 0 0 0 0 0 0 0 0 0 0 0 0 0 0 0 0 0 0 0 0 0 0 0 0 0.4 0 0 0 0.6000000000000001 18.2 0 0.4 12.4 0.2 2.4000000000000004 0 0 0.2 0 0 0 0 0 0 0 0 0 0 0 1.6 0 0 0 0 0 0 0 0 0 0 2 0 0 0 0 0 0 0 0 0 0 0 0 
 25 57.6 10.4 67.8 12.8 28.200000000000003 60.2 12 36.800000000000004 16.6 25.6 7.6000000000000005 57.6 17.6 9.8 5.4 8.4 5.4 0 55.2 0 0 0 0 0.2 0 0 0.6000000000000001 0 0 0 0.2 0.6000000000000001 0.6000000000000001 0 0 0 0 0 0 0 0 0.4 0 1.4000000000000001 13 0 0 0.6000000000000001 0.2 0 0 0 0 0 12.8 0 0.6000000000000001 0.4 1.4000000000000001 0 0 0.4 0 0 0 0.6000000000000001 0 0 0 0 0 0 0 0 0 0 0 0 0 4.4 2.6 0 0 0 0 1 3.4000000000000004 3.2 4.4 3.8000000000000003 0 9.4 0.2 0 6.6000000000000005 0 0 3.4000000000000004 6.4 0 0 0 0 0 0 0 0 0 0 0 0 0 0 0 0 0 0 0 0 0 0 0 0 0 0 0 0 0 0 2.2 0 0 0 0 0.4 0 0 0 0 0 0 0 0 0 0 0 0 0 0 0 1.2000000000000002 0 0 0 0 0 0 0 0 0 0 3 0 1.4000000000000001 0 0.4 1.2000000000000002 0 0 0 0 4.800000000000001 2 5.6000000000000005 0 0.8 0 5 2 0 0 0 4 0 0 0 0 0 0 0 0 0 0 0 0 0 0 0 0 0 0 0 0 0 0 0 0 0 2.6 0 0 0 0 0 0 0 0 0 0 0 0 0 0 0 0 0 0 0 0 0 0 0 0 0 0 0 0 0 0 0 0 0 0 0 0.4 0.4 0 0 0 0.4 0 0 0 0 0 0 0 0 0 0 0 0 0 0 0 0 0 0 0 0 0 0 0 0 0 0 0 0 0 0 0 0 0 0 0 0 0 0 0 
 11.4 67.4 68.2 30.200000000000003 60.2 52 25.200000000000003 27.400000000000002 12.200000000000001 39.400000000000006 12.600000000000001 7.4 16.6 31.8 23.400000000000002 32.2 7.800000000000001 65 55.2 0 0.2 0 0 0 0 0 0 0.6000000000000001 0.2 0 0 0 0.6000000000000001 0.6000000000000001 0 0 0 0.4 0 0 0 1.2000000000000002 0 0 0 12.4 0 0 0.6000000000000001 0.6000000000000001 0 0 0 0 0.4 0.4 1.4000000000000001 0.6000000000000001 0 0.4 0 0 0.4 0 0 0.2 0.6000000000000001 0.2 0 0 0 0 0 0 0 0 0 0.2 0 0 2.2 0 0 0 0 0 7 5.6000000000000005 0.8 1.6 0 0 3.8000000000000003 10 2.8000000000000003 5.4 9 0.6000000000000001 5.4 5 0 0 0 0 0 0 0 0 0 0.2 0 0 0 0 0 0 0 0 0 0 0 0 0 0 0 0 0 0 0 0 0 0 0 0 0 0 0.2 0 0 2.8000000000000003 0 0 0 0 0 3 0 1.6 0 12 0 0 0 0 0 0 0 0 0 0 2.4000000000000004 0 0.2 2.6 1.4000000000000001 0 3 1.8 0 0 0 0 1.8 4.2 3.8000000000000003 0 2 0 2.4000000000000004 4.800000000000001 3.6 0 0 0 0 0 0 0 0 0 0 0 0 0 0 0 4 0 0 0 0 0 0 0 0 0 0 0 0 0 0 0 0 0 0 0 0 0 0 0 0 0 0 0 0 2.2 0 0 0 0 0 0 0 0 0 0 0 0 0 0 0 0 1.6 0 0 0 0.2 0 1 0.4 0 1.2000000000000002 0 0 0 0 0 0 0 0 0 0 1 0 0 12.200000000000001 0 0 0 0 0 0 0 0 0 0.2 0 0 0 0 0 0 0 0 4.6000000000000005 0 0 0 0 0 
 0 0 0 0 0.2 5 0 0.6000000000000001 0.8 0 6.2 19 0 15 0.6000000000000001 0 0 0 0 0.2 0 33.6 63.800000000000004 10.200000000000001 6.800000000000001 55.6 33.800000000000004 28.200000000000003 26.400000000000002 30.400000000000002 17 11 53 10.600000000000001 12.600000000000001 7.6000000000000005 20.200000000000003 23 27.6 35.6 0 0 0 0 0 0.8 0 0.6000000000000001 0 0.6000000000000001 0 0.2 0 0.4 0 0.2 0 0.4 0.4 0 0 0 0 0.4 0 0 0 0.8 0.6000000000000001 0 0 0 0 0.6000000000000001 0 0.6000000000000001 0 0 0 0.2 0 0 0 0.2 3 3.2 0 0 0 0 2.8000000000000003 0 0 0 0 0 0 0 0 0 0 18.2 6.800000000000001 3.8000000000000003 0.2 0 3.6 6 5.800000000000001 3.4000000000000004 2.6 4.2 4.4 0 0 3.8000000000000003 0.2 1 0.4 6.4 0 0 0 0 0 0 14.200000000000001 0 0 0 0 0 0 1.4000000000000001 0 0 0 0.2 3.4000000000000004 0 0 0 0 0 0.4 0 0 0 0 0 0 0 0 0 0 0 0 0 0 0 0 0 0.2 0.8 0 2 0.8 0 0 0 0.4 3.8000000000000003 0 0 0 0 0 0 0 0 6.6000000000000005 6.4 0 2.2 0.8 0 1.6 0 3.4000000000000004 4 4.800000000000001 2.6 2 11 0 7.6000000000000005 4.4 5.800000000000001 3.8000000000000003 4 0 0 0 0 0 0 0 0 0 0 0 0 0 1.8 0 0 0 0 0 0 0 0 0 0 0 0 0 0 0 0 0 0 0 0 0 0 0 0 0 0 0 0 1.8 0 0 0 0 0 0 0.2 0 0 0 0 0 0 0.8 15.200000000000001 0.4 0 0.2 0 0 0 0 0 0 0 0 0 0 0 0 0 0 0 0 1.8 0 0 0 0 0 0 0 3.6 0 0 0 0 
 0 0 0.4 0 0 0 0 0 0 0 0 0 0 0.4 0.2 0.6000000000000001 0 0.2 0 0 33.6 0 53.6 42.800000000000004 65.4 7 34.800000000000004 44.2 40.2 55.800000000000004 38 85.60000000000001 22.8 30.400000000000002 28.6 66 35.800000000000004 11.600000000000001 53 25.8 0 0 0 0 0 0.2 0.4 0.6000000000000001 0 0 0 0 12.4 0 0 0 0 0 0 0 0 0.4 0 0 0 0 0 1.8 0 0 0 0 0.4 0 0 0 0 0 0 0 0 1.6 0 0 0 3.8000000000000003 0 0 0.4 0 0.4 0 0 0 0 0 0 0 0 0 1.4000000000000001 2 5.4 5.800000000000001 0 0 2.8000000000000003 1.8 0 15.200000000000001 1.6 3 0 4.800000000000001 2.2 6.800000000000001 6.800000000000001 3.8000000000000003 0 3.6 0 0 0 0 0 0 0.2 0 0 0 0 0 3.8000000000000003 0.2 0 3.6 0 0 0.2 4.4 0 0 0 0 0 0 0 0 0 0.2 0 0 0 0 0 0 0 0.2 0.2 0 1.8 0 0 0 0 0 0 0 0 0 0 0 0.2 0.4 0 0.4 0.4 0 0 0 0 3.6 3.2 3.4000000000000004 0 2.2 0 2.8000000000000003 5.2 11 1.8 4 4 3.8000000000000003 6.4 4.4 4.4 4.6000000000000005 0 0 2.6 0 1.8 0 0.4 0.4 0.2 0 0 0 0 0 0 0 0.4 0 0 0 2.6 0 0 0 0 0 0 0 0 0 0 0 0 0 0 0 0 0 0.4 0 0.2 0 0 0 0 0 0 0 0 0 0 0 0 0 0 0 1.8 0 0.2 17.400000000000002 15.8 0.4 0.2 0 0 0 0 0 0 0 0 0 3.6 0 0 0 0 0 0 0 0 2.2 0 1.8 0 0 0 0 0 0 0 0 
 0 0 0 0.4 0.8 0 0.4 0.2 0 0 0 0.6000000000000001 0 0 0 0 0 0 0 0 63.800000000000004 53.6 0 66.2 39 6.6000000000000005 18.8 34.2 73 25.400000000000002 52.400000000000006 10.4 157.8 25.8 84.80000000000001 48.400000000000006 34.2 10 28.8 6.4 0 0 0 0 0 0.2 0 0.6000000000000001 0 1 0 1.4000000000000001 0 0.4 0 0 0 0.2 0.6000000000000001 0 0 0.4 0 0.4 0 0 0 0.6000000000000001 0.6000000000000001 0.4 0 0 0 0.4 0 0.6000000000000001 0 0.2 0 0 0 0 0 0 0 0 0 0 0 0 0 0 0 0 0 0 0 0 0 0 3 3 5 4.4 2.2 0 5 2.4000000000000004 0 0 3 3.6 0 3.2 3.4000000000000004 2.4000000000000004 3.4000000000000004 0 0 0 0 0 0 0 0 0 2 0 0 0 0 0 0 0 0 4.2 0 0 9 13.200000000000001 0 0 0 0 0 0 0 0 0 0 0 0 0 0 0 0 0 0.6000000000000001 0 0 0 0 0 0 0.2 0 0 1 0 0 0 0 0.6000000000000001 0 0 0 0.4 0 0 0 0 2.8000000000000003 0 4.800000000000001 0 0 0 8.8 1 9.200000000000001 2.6 2 0 4.800000000000001 3.4000000000000004 6.800000000000001 5.4 4.4 0 4.4 0 0 0 0 0 0 0 0 0 0 0 0 2.8000000000000003 4.6000000000000005 0 0 0 0 2.8000000000000003 2.6 0 0 0 0 0 0 0 0 0 0 0 0 0 0 0 0 0 0 0 0 0 0 0.2 0 0 0 0 0 0 0 0 0 0 0 3.2 0.4 0.8 39.6 0.4 0 0.4 0.4 0 0 0 0 0 0 0 0 0 0 0 0 0 0 0 0 0 0 0 1 0 0 0 2.6 0 0 0 0 
 0 0.4 0 0.4 0.2 14.8 0.4 1 0 0.2 0 0 0 0 0.6000000000000001 0 0.2 0 0 0 10.200000000000001 42.800000000000004 66.2 0 20.400000000000002 41.800000000000004 29.400000000000002 20.400000000000002 35.800000000000004 33.800000000000004 33 8.4 34.6 36.800000000000004 12.200000000000001 32.6 13.4 38.2 30.200000000000003 26.6 0 0 43.400000000000006 0 0 0.4 0 0.6000000000000001 0 0.6000000000000001 0 0 0.2 12.8 0 0 12.200000000000001 0.4 13.600000000000001 0 0 0.2 0 0.4 0 0 0 0.2 0.6000000000000001 0 1 0 1 0.4 0 0.6000000000000001 0 0.4 0 0 0 0 0 0 0 0.6000000000000001 0 0 0 0 0 0 0 0 0 0 0 0 0 0 0 0 5.800000000000001 7.6000000000000005 3.6 3.4000000000000004 0 2.4000000000000004 0 1.2000000000000002 5.800000000000001 3.8000000000000003 2.4000000000000004 0.2 0 0 3.8000000000000003 7.6000000000000005 3 0.6000000000000001 4.2 0.4 0 0 0 0 0.2 4.6000000000000005 0 0 0 0 3.6 2 3.4000000000000004 0 0 0 2.8000000000000003 0 0 0 0 0 0 0.8 0 0 0 0 0 0 0 0 0 0 0 0 0 0 0 0 0 0 0 0 0 0 0 0 0 0 0.6000000000000001 0 0 0 0.4 0 0 0 1 4.4 0.6000000000000001 7.800000000000001 2.4000000000000004 5 0 0 2.6 3.2 2.6 0 3.4000000000000004 2.4000000000000004 10.200000000000001 2.6 2 0 0 8.6 0 0.2 0 0 0 0 3.8000000000000003 2.8000000000000003 0 0 0 0 0 2 0 0 0 0.4 0 2.2 0 0 0 0 0 0 0 5 0 0 0 0 0 0 0 0 0 0 0 0 0 0 0 0 0 0 0 0 0 0 0 0 0 0 3.6 0.4 0.4 16.8 0.6000000000000001 0 0.8 0 0 0 0 0 0 0 0 0 0 0 0 0 0 0 0 0 0 2.2 0 0 0.2 0 0 0 0 0 0 0 
 0 0 0 0 0 0 0.8 0.2 0.6000000000000001 0 0.4 0 0 0 0 0 0 0.2 0.2 0 6.800000000000001 65.4 39 20.400000000000002 0 41.2 10.8 26.8 72.4 16.6 16 26.200000000000003 24.200000000000003 31.400000000000002 17.2 15.4 13 20.400000000000002 19.200000000000003 95.2 12.8 0 0.6000000000000001 0 0 0.4 12.8 0.8 0 0.4 0 0.4 0.2 0.8 0 0 0 0.4 36.2 0 0 0.2 0 0.4 0 0 0 0.4 0.6000000000000001 0 0 0 9 0.6000000000000001 0 0.6000000000000001 0 0.8 0 0 0 0 0 0 0 0 0 0 0 0 0 0 0 0 0 0 0.2 0 0 0 3.2 0.4 3 2 2.6 8.6 0 0 2 3 0 2.4000000000000004 0 0 2.6 2.2 2.4000000000000004 2 0 0 2.2 1.8 2 2 0 0 1.4000000000000001 12.4 1.6 0 0 0 2.6 2.8000000000000003 1.8 0 2.8000000000000003 2.4000000000000004 2.4000000000000004 14.8 0 0 0 0 0 1 0 0.2 0 0 0 0 0 0 0 0 0 0 0 1.8 0 0 0 0 0 0 2 0 0 0 0 0 0 0 0 0 0.8 0 0 7.800000000000001 0.2 5.4 0 0 8 3.6 0 4.4 3.4000000000000004 0.4 0 3.2 0 0 0 0 2.6 0 0 0 2.4000000000000004 0 2.8000000000000003 0 0 0 9.8 0 1.8 0 0 0 4.4 9.8 2 4.6000000000000005 2 4.4 4.2 6.4 0 0 0 0 0 0 0 0 0 0 0 0 0 0 0 0 0 0 0 0 0 0 0.2 0 0 0 0 0 0 0 0 0 0 0 1.4000000000000001 0 0.2 15 0.2 0.4 0 2.2 0 0 0 0 0 0 0 0 0 0 0 0 0 0 0 0 0 0 0 1.8 1.6 0 0 0 0 0 0 3.2 
 0 0 0 0 0.2 0 0 0 0.4 0 0 0 0 0.4 0 0 0 0 0 0 55.6 7 6.6000000000000005 41.800000000000004 41.2 0 5.800000000000001 7.6000000000000005 10 9.200000000000001 25.400000000000002 30.400000000000002 8.6 5.4 54.6 31.400000000000002 16.400000000000002 16 16.8 12 3.8000000000000003 13 0 0 0 0.2 0.2 0.6000000000000001 0 0.4 0 0.4 0 14.600000000000001 6.2 12.4 12.4 0.6000000000000001 18.8 4.6000000000000005 0 0.4 0 0.6000000000000001 7 0 0 0.6000000000000001 0.6000000000000001 0.6000000000000001 0 0 1.2000000000000002 0.6000000000000001 0 0.6000000000000001 0 0 0 0 0 0 0 0 0 0 0 0 0 0 0 0 1.8 0 0 0 0 0 0 0 0 0 0 0.2 2.8000000000000003 6.4 0 0 0 0.2 2.2 0.2 0 0.4 0 0 0.2 2.4000000000000004 0 0 11.4 4.800000000000001 1.6 2 0 0 1.4000000000000001 2.8000000000000003 0.2 2.2 2 0 0 2.2 1.4000000000000001 5.6000000000000005 6 0 1.8 6 0 0.6000000000000001 0 1.2000000000000002 0 0 0 0 0 0 0 2 0.2 0 0 0.6000000000000001 0 0 0 0 0 0 0 0 0 0 0 0 0 0 0 0 0 0 0 0 0 0 0 3 0 0 0 3.8000000000000003 7 2.4000000000000004 0 0 0 0 2.6 0 0 0 0 0 0 2.2 0 0 4.6000000000000005 3.8000000000000003 2.2 0 0 0 4 10.8 2.8000000000000003 2.4000000000000004 0 0.4 5 1.6 4.800000000000001 0.2 0 2.4000000000000004 2.2 2.6 0 0 0 0 0 0 0 0 0.2 0 0 0 0 0 0 0 0 0 0 0 0 0 0 0 0 0 0 0 0 0 0 0 0 0 1.2000000000000002 0 0 0.2 0 0.2 0 0.4 0 0 0 0 0 0 0 0 0 0 0 0 0 0 0 0 0 0 0 0 0 0 0 0 0 0 0 0 
 0 0 0 0 2.4000000000000004 14.600000000000001 0 0 3.4000000000000004 0.8 15.4 26.400000000000002 0 0 0 0 0 0 0 0 33.800000000000004 34.800000000000004 18.8 29.400000000000002 10.8 5.800000000000001 0 26.200000000000003 13.600000000000001 21 13 7.6000000000000005 13.8 96.2 22.6 14.8 7.800000000000001 11.4 43.800000000000004 10.8 0 0 0.2 0 0 0.2 0 0.6000000000000001 0 0.8 0 0 40.2 0.4 0 12.8 0 0.6000000000000001 0.6000000000000001 0 0 0 0 0.4 0 0 0 0 1 0 0 0 0 1.4000000000000001 0 0.6000000000000001 0 0 0 0 0 0 0 0 2.2 0 0 0 1 2 0 4.6000000000000005 0 2.4000000000000004 0 0 0 0 0 0 0 2 2.6 1.6 0 0 0 2.8000000000000003 0 0 3.2 4.2 1.8 0 2.6 0 0 7.800000000000001 0 0 0 0 0 0 0 0 0 0 0 0 0 0 0 0.2 0 0 2.2 0 3 0 0 0 0 0 0 0.6000000000000001 0 0 0 0 0 0 0 0 0 0 0 0 0 0 0 0 0 0 0.4 7.6000000000000005 0 0.4 0 1.8 2.6 0.4 0.6000000000000001 0 0 1.6 0.4 0 0 0 0 6 4 2.2 0 0 7.6000000000000005 2.4000000000000004 0 3.8000000000000003 2.8000000000000003 0 4.2 2.4000000000000004 9.200000000000001 6.6000000000000005 2 0 2.8000000000000003 10.8 1.6 0 0.2 0 0 0 0 0 0 0.4 0 0 0 0 0 0 0 0 0 0 0 0 0 0 0 0 0 0 2.6 0 0 0 0 0 2 0 0 0 0 0 0 0 0 0 0 0 0 0 0 0 1.2000000000000002 0 0 0 1.2000000000000002 0.2 0.4 16.400000000000002 0 0 0 0 0 0 0 0 1.8 0 0 0 0 0.4 0 0 0 0 2.6 0 0 0 0 0 0 0 0 0 8 0 0 0 
 1 0.6000000000000001 1.2000000000000002 0.6000000000000001 0.6000000000000001 15.4 0.8 1 0.6000000000000001 0.2 0.6000000000000001 0.6000000000000001 0.4 0.6000000000000001 0.6000000000000001 0.6000000000000001 0.6000000000000001 1 0.6000000000000001 0.6000000000000001 28.200000000000003 44.2 34.2 20.400000000000002 26.8 7.6000000000000005 26.200000000000003 0 39 19 23.8 15 25.400000000000002 63 37.800000000000004 37.4 49.2 57.6 14 60.6 0.8 0 0 0 1.2000000000000002 0 0 0.6000000000000001 0 0.6000000000000001 0 1.8 14.8 0.4 0 0 0 0.2 5 0 0 0.2 0 0.4 0 0 0.8 1.8 0.6000000000000001 0.8 0 12.8 0.8 0.4 0 0.6000000000000001 0 0.2 0 0 0 0 0 0 0 0 0 0 0 0.2 0 10.4 0 0 7.4 0 0 0 0 0 3.6 2.2 6.2 2.2 2 3.6 1.8 3.4000000000000004 2.2 5 0.4 0.6000000000000001 3.6 12.8 3.4000000000000004 9 0 0 4.2 2.6 0 0 0 0 1.2000000000000002 0 0 0 0 0 0 0 5 2.4000000000000004 0 0 0 0 0 2.2 0 0 0 0 0 0.4 0 0 0 0 0 0 0 0 0 0 0 0 0 2 0 2.4000000000000004 0 0.4 3.2 0 0 0 0 0 0 0 0 0 0 0 0 0 0 0 2.2 5.4 0.2 3 21.200000000000003 1.2000000000000002 0 4.6000000000000005 14.4 16.8 2.2 9 0 0 6 0 4.2 0 2 0 0 0.4 0 0 0 0 2.2 0 0 0 0 0 0 1.4000000000000001 0 0.2 0.2 0 0 2.6 0 0.2 0 0 0 0 0 0 0 0 0 0 0 0 0 0 0 0 0 0 0 0 0.2 0 0 0 0 0 0 0 0 0 0 0 1.8 0 0 0 0 0.2 3 1.6 0 0 0 0 0 0 0 0 0 0 0 0 0 0 0 0 0 0 0 2.8000000000000003 0 0 0 0 0 0 0 0 
 0 0 0.6000000000000001 0 5 0 0 0 0 0 0 0 0 0 0 0 0 0.6000000000000001 0 0.2 26.400000000000002 40.2 73 35.800000000000004 72.4 10 13.600000000000001 39 0 48.6 39.6 10.8 71.4 34.2 98.4 44.800000000000004 23.8 17 36.6 39 0 0.2 0 0.4 0 12.600000000000001 0 0.6000000000000001 0 1 0 0.2 0 0.4 0.2 0 0.4 0.4 0.6000000000000001 0.2 0 0 0 0.4 0 0 0 1.6 0.6000000000000001 0 0 0.2 0 0.6000000000000001 0 0.6000000000000001 0 0 0.8 0 0 0.2 0 0 0.4 9.8 0 0 0 0 0 0 0 0 0 0 0 0 0 0 2 5.2 11.8 6.6000000000000005 0.2 0 0 6.4 0 6.2 1.4000000000000001 2.6 0 2.8000000000000003 2 0.6000000000000001 9.200000000000001 1.2000000000000002 0 6.6000000000000005 0.2 0 0 0 0 0 0 0 0 0 0 0 7.4 0 0 0 0 0 0 0 0 0 0 0 0 0 0 1.2000000000000002 0 0 0 0 0 0 0 0 0 0 0 0 0 0 0 0.8 0 0 0 0 0 0 0 0.4 0 0 0 0 0 0 0 0 3 3.4000000000000004 3.2 7.4 0 2 0 0 7.800000000000001 15.600000000000001 9.8 4.2 3 2.2 6.4 17.6 4.2 3.4000000000000004 0 6.4 0 0 0 0 0 0 0 0 0 0.4 0 0 0 0 0 0 0 0 0 5.4 0 0 0 0 0 0 0 0 0 0 0 0 0 0 0 0 0 0 0 0.2 0 0 0 0 0 0 0 0 0 0 0 0 0 0 0.8 0 0.4 30 9 0.4 0 0.4 0 0 0 0 0 0 0 0 0 0 0 0 0 0 0 0 0 1.8 0 0 0 0 0 0 0 0 0 0 
 0 0 0 0 0.2 0 0.2 0 0 0.4 0.4 0 0.4 0.4 0 0.2 0 0.6000000000000001 0 0 30.400000000000002 55.800000000000004 25.400000000000002 33.800000000000004 16.6 9.200000000000001 21 19 48.6 0 110.80000000000001 33.2 13.600000000000001 32.4 79 35.2 40.2 10.8 41.6 15.200000000000001 0 0 0 0 0 0.6000000000000001 0 1.8 0 1.6 0 1.2000000000000002 29 0.4 25 41.6 1 0.4 0.4 0.6000000000000001 0.4 0 0.4 0.4 0 0 0 1.6 0.8 0 0 3.4000000000000004 0 11.200000000000001 0.4 1.2000000000000002 0 0 0 0 0 0 0 0 0 0 0 0 0 0 0 0 0 0.4 0 0 0 0 0 0 0 2 0 1.6 0 1 0 1.8 3.6 6.800000000000001 0 7.800000000000001 0 2.8000000000000003 1.8 4 10 4 0 0 0 3.8000000000000003 0 0 0 0 0 0.2 0 0 0 0 16.8 2.2 0 2.4000000000000004 0 0 0.4 2.6 0 0 0 0 0 0 0 0 0 0 0 0 0 0 0 0 0 0 0 0 0.8 0 0 0 0 0.2 0 0 0.4 0 0 0 0.6000000000000001 0 0 1.4000000000000001 0.8 0 0 0 0 3.4000000000000004 11.4 0.6000000000000001 0 4.6000000000000005 0.2 0 7 8 9.200000000000001 6.800000000000001 0 0 29.400000000000002 8 3.8000000000000003 13.200000000000001 0 0 3.4000000000000004 0 0 0 0 0 0 0 0 0 0 0 2.6 0.4 0 0 0 0 3.2 15.4 0 0 0 0 0 0 0 0 0 0 1.8 0 0 0 0 0 0 0 0 0 0 0 0 0 0 0 0 0 0 0 0 0 0 0 1.2000000000000002 0.4 0.6000000000000001 1.6 16.2 0.4 0 0 0 0 0 0 0 0 0 0 0 0 0.2 0 0 0 0 0 0 0 0 0.2 0 0 0 0 0 0 0 0 
 0 0 0 0 0 0 0 0 0 0 0 0 0 0.2 0 0 0 0 0 0 17 38 52.400000000000006 33 16 25.400000000000002 13 23.8 39.6 110.80000000000001 0 28 11.200000000000001 25 14.200000000000001 16 34.800000000000004 87 23 25.6 12.8 0 0 0 0 0.4 0 12.200000000000001 0 1.2000000000000002 0.6000000000000001 0 0.6000000000000001 0.4 0.6000000000000001 0 0.4 0.2 13.200000000000001 0 0 0 0 0.4 0 0 0 2.4000000000000004 1.2000000000000002 0.6000000000000001 0 0.2 0.4 0.4 0 1 0.4 2.6 0 0 0 0 0.4 0 0 0 0 0 0 4.4 0 0 0 0 0 0 0.2 3 0 0 4.2 7 0 5.2 0 2 0 0 0 0.2 2.6 5.4 0 10.8 0.2 4.2 3.6 4 0 0 4.800000000000001 1.6 2.2 0 0 0 2 1.6 0 0 0 0 4.6000000000000005 0.8 0 0 0 0 2.4000000000000004 0 0 0 0 0 4 0.2 0 0 0 0 0 0.2 0 0 0.4 0 0 0 0 0 0 0 0 0 0 0 0 0 0 0 0 0 0 0 0 0 0 0 0 0.6000000000000001 0 6 2.2 2 0.4 2 0 0.4 0.8 6.800000000000001 2.4000000000000004 3.4000000000000004 0 2.4000000000000004 2.6 0.4 13.4 2.8000000000000003 0 0 0.2 0 0 0 0 0 2.8000000000000003 2.4000000000000004 0 0 0 0 8.8 5 0 2.8000000000000003 0 0 0.2 5 0 0 0 0 5.800000000000001 0 0 0 0 0 0 0.4 0 0.4 0 0 0 0 0 0 0 0 0 0 0 0 0 0 0 0 0 0 0 0 2.4000000000000004 0.8 1.2000000000000002 30.400000000000002 15.8 0 0.2 0 0 0 0 0 0 0 0 0 0 0 0 0 0 0 0 0 0 0 0 0 0 0 0 2 0 0 0 0 
 0 0 0 0 0 0 0 0 0.6000000000000001 0 0 0 0 0.4 0.2 0 0 0 0.2 0 11 85.60000000000001 10.4 8.4 26.200000000000003 30.400000000000002 7.6000000000000005 15 10.8 33.2 28 0 7.800000000000001 45.800000000000004 37 23.6 49.6 18.2 7.800000000000001 48 0.2 0 0 0 0 0.2 4.6000000000000005 0.6000000000000001 0 0.6000000000000001 0 1.2000000000000002 23.400000000000002 0.4 12.4 0 0 0.2 1 12.4 0 0.2 0 0.4 0 0 0 0.6000000000000001 0.6000000000000001 0.2 0 0 0 0.4 0 0.6000000000000001 0 2.2 0 0 0 0 0 0 0 0 0 0 0 1.8 0 0 0 0 0 0 0 0 0 0 6.4 6.4 2 0 7.4 0.4 3.6 0 0.6000000000000001 1 0 0 0 6.2 0.4 6 4.800000000000001 0.2 0 0 0 4.6000000000000005 0 0 0 0 1.8 0 0.2 0.2 0 0 7.4 4.2 0 9.600000000000001 0 3.6 3.2 8.8 0 1 0 0.8 0 0 0 0 0 0 0 0 0 0 0 2.8000000000000003 0 0 0 0 1.6 0 0 0 0 0 0.4 0 0 0 0 0 1 0 0 0.8 0 0 0 0 0 0 2 3.2 0 1.8 0 6.800000000000001 3 8 5 7.4 0 0 0.2 4 5.2 3 0.2 0 4 3.4000000000000004 0 0 0 0 0 0 0 0 0 0 1.8 2 0.2 0 0 0 5 3.8000000000000003 0 0 0 0 0 0 0.2 0 0 0 0 0 0 1.2000000000000002 0 0 0 0.4 0 0 0 0 0 0 0 0 0 0 0 0 0 0 0 0 0.6000000000000001 0 0 0 14.600000000000001 0 0 0.4 0 0 0 0 0 0 0 0 0 0 0 0 0 0 0 0 0 0 0 0.6000000000000001 0 0 0 0.4 0 0 0 0 
