 0 60 52.6 47.800000000000004 54.2 27 14 15.600000000000001 5.2 24 27 4.4 28.400000000000002 24.400000000000002 20.400000000000002 27.400000000000002 6.2 46 3.8000000000000003 32.4 0 0 0.4 0 0 0 0 0 0 0 0 0 0 0.6000000000000001 0 0 0 0 0 0 0 0 0 0 0 0 0 0 0 0.6000000000000001 0.6000000000000001 0 0 0 0 0 1 0 0 0 0 0 0 0.6000000000000001 3.4000000000000004 0.6000000000000001 0 0 1 0 0 0 0.6000000000000001 0 0.6000000000000001 0 0.2 0 0 0 1.4000000000000001 0 10 4 2.2 0 13.200000000000001 0 4.800000000000001 0 3.2 0 4.2 8 0.4 2.6 0 2.8000000000000003 2.2 7.2 0 0 0 0 0 0 0 0 0 0 0 0 0 0 0 0 0 0 0 0 0 0 0 0 0 0 0 0 0 0 0 0 0 0 0 0 0 0 0 0 1.8 0 2.8000000000000003 0 0 0 0 0 1 0 0 0 0 0 0 0 0 0 0 0 0 0 11.200000000000001 0 0 4.6000000000000005 7 4 4.2 0 1.8 0.2 3.8000000000000003 0 2 0.4 2 0 0 0 0 0 0 0 0 0 0 0 0 0 0 0 0 0 0 0 0 0 0 0 0 0 0 0 0 0 0 3 0 0 0 1.2000000000000002 0 0 0 0 0 0 0 0 0 0 0 0 0 0 0 0 0 0 0 0 0 0 0 0 0 0 0 0 0 0 0 0 0 0 0.4 0 0.4 1 0 2.4000000000000004 0.2 0 0 0 0.2 0 0 0 0 0 0 0 0 0 0 0 0 0 0 0 0 0 0 3.8000000000000003 0 3.2 0 0 0 0 0 0 0 0 0 0 0 0.2 
 60 0 52 29.8 8.8 11.4 15 26.6 15.200000000000001 42.400000000000006 20.200000000000003 21.8 10.4 37.4 87.80000000000001 88.80000000000001 104.4 27.200000000000003 23.8 14.600000000000001 0 0.2 1.8 0 0 0.2 0.4 0 0.6000000000000001 0 0 0.2 16.400000000000002 41.6 0 0 41 0.2 0 0 0.2 0 0 0 0.8 0 13.4 0 0 0.6000000000000001 1 0.2 0.6000000000000001 0 0 1 1.6 1 0 0 0 0 0 1.2000000000000002 0 0.6000000000000001 0 0 1 0.6000000000000001 0 0 0.6000000000000001 0 0.2 0 0 0 0.2 0 6.4 3.2 9.4 7 4.6000000000000005 2.6 0 0 11.600000000000001 12.8 8.6 5.6000000000000005 1.8 0 2.6 5.2 1.4000000000000001 11.200000000000001 0 0.2 0 0 0 0 0 0 1.8 0 0 0 0 0 0 0 0 0 0 0 0 0 0 0 0 0 0 0 0 0 0 0 0 0 0 0 0 0 0 0 0 0 0 0 0.8 0 0 0 0 0 0 0 0 0 0 0 0 0 0 0 0 0 1.4000000000000001 5.4 5.2 6.6000000000000005 3.2 8 2.6 4.2 6.4 3.2 2.6 3.8000000000000003 2.4000000000000004 0.2 2.4000000000000004 2 3 3 0.2 2.2 0 0 0 0 0 0 2.8000000000000003 0 0 0 1.2000000000000002 0 0 2.6 0 0 0 0 1.4000000000000001 0 0 0 0 0 0 0 0 0 0 0 0 0 0 0 0 0 0 0 0 0 0 0 0 0 0 0 0 2 0 0 0 0 0 0 0 0 0 0 0 0 0 2.6 0 0 0 0.2 17.400000000000002 0 0.6000000000000001 0.6000000000000001 0 1.4000000000000001 0 0 0 0 0 0 0 0 0 0 0 0 0 0 0.6000000000000001 0 0 0 0 0 0 0 0.4 0 0.6000000000000001 0.2 0 0 0 0 0 0 0 0 0 0 0 0 
 52.6 52 0 57.400000000000006 11 9.600000000000001 16 45.800000000000004 29.6 62.6 67.4 66.8 15.4 43 49.6 82.2 49.2 10.200000000000001 29.200000000000003 61.400000000000006 0.2 0 0.4 0 0 0 0.2 0 0 0 0 0 0 0.8 0 0 0 0 0 0 0 0 0 0 0.2 0 0 0 0 0.6000000000000001 0.6000000000000001 0 12.4 0 0 0 0.4 0 0 0 0 0 0 0.6000000000000001 0 0.6000000000000001 0 0 0.6000000000000001 0 0 0 0.6000000000000001 0 0.6000000000000001 0 0 0 0 0 7 3.2 5.6000000000000005 3 6.4 6.6000000000000005 0 0 9 9.8 7.2 0 2.4000000000000004 0 0 2.2 2.4000000000000004 8.4 0 3.4000000000000004 0 0 0 0 0 0 0 0 0 0 0 0 2.4000000000000004 3.8000000000000003 0 0 0 0 0 2.2 0 0 0.4 0 0 0 0 0 0 0 0 0 0 0 0 0 0 0 0 0 0.4 0 1.2000000000000002 0 0 0 0 0 0 0 0 0.4 0.2 0 0 0 0 1.6 0 0 13.8 3 8.8 10.4 0 7.800000000000001 7.6000000000000005 2.2 6 4.2 2.4000000000000004 0.8 3.2 0 4 2 8 10 2 6.6000000000000005 0 0 0 0 0 0 3.4000000000000004 0.4 0 0 0 0 3.8000000000000003 0.8 0 0 0 0 0 1 0 0 0 0 0 0.4 0 0 0 0.2 0 0 0 2 0 0 0 0 0.4 0 0 0 0 0 0 0 0 0 0 0.4 0 0 0 0 0 0 0 0 0 0 0 0 0 0 0 0.6000000000000001 0 0 0.8 9.8 0.4 2.6 2 0 0 0 0 0 0 0 0 0 0 0 0 0 0 0 0 0 0 0 0 0 0 0 2.6 0.2 0 0 0 0 0 0 0 0 0 0 0 0 
 47.800000000000004 29.8 57.400000000000006 0 87 31.200000000000003 17 28.400000000000002 23 78.2 30 42.2 16.8 11.600000000000001 53.6 36.800000000000004 25.8 40.6 13.8 14.600000000000001 0 0 0.4 0 0 0 0 0 0 0 0 0.4 0.4 30.400000000000002 0 0.2 0.2 0 5 20 0 0 0 0 0 0 0 0 0 0.6000000000000001 0.6000000000000001 0 0 0 0 0 0.4 0 0 0 0 0 0 0.6000000000000001 0 0.6000000000000001 0 0 0.8 12.600000000000001 0 0 0.6000000000000001 0 0.6000000000000001 0.8 0 0 7.2 0 3 0.8 3.4000000000000004 3.4000000000000004 3.2 4.2 0 0 7.800000000000001 10.8 2 1.8 4.6000000000000005 0.2 3.4000000000000004 2 0 5.4 0 2.8000000000000003 0 0 0 0 0 0 0 0 0 0 0 0 4.2 2.6 3.8000000000000003 0 2.6 0 6 3.8000000000000003 0 0 0 0 0 0 0 0 0 0 0 0 0 0 0 0 0.2 0 0 0 0 0 1.4000000000000001 0.2 0 0 0 0 0.6000000000000001 0 0 0 0 0 0 0 0 0 0 0 12.8 0 3.2 7.4 0 7.2 3.8000000000000003 4.4 0.2 2.6 2 0 0 0 0.2 2.8000000000000003 3.8000000000000003 0 0 0 0 0 1.6 1.2000000000000002 0 4 0 3.2 0 0 0 0 2.6 2.2 0 0 0 0 2.2 4 1.4000000000000001 0 0 0 0 0 0 0 0 0 0.4 0 0 0 0 0 0.2 0 1.2000000000000002 0 0 0 0 0 0 0 0 0 0 0 0 0 0 0 0 0 0 0 0 0 0 0 0 0 0 0.4 0 0 0 1.4000000000000001 0.4 1.2000000000000002 0 0 0.4 0 0 0 0 0 0 0 0 0 0 0 0 0 0 0 0 0 0 0.4 0 0 3.4000000000000004 0.2 0 0 0 0 0 0 0 0 0 0 0 0 
 54.2 8.8 11 87 0 27 13.8 23.6 32 31.400000000000002 30.8 49 13.600000000000001 9 15.4 72.8 29 10 10 19 6 0.6000000000000001 0.4 0 7.6000000000000005 0.4 0 15.200000000000001 0.4 0 0 0 14.8 23.8 0 0.8 1.4000000000000001 0 15.4 15.8 0 0 0 0 0 0.2 0.4 0 0.4 0.6000000000000001 0.6000000000000001 0 0 0.6000000000000001 3.4000000000000004 0.4 13.4 0 0 0 0 0 0.2 0.6000000000000001 0.4 0.6000000000000001 0 0 1 0 0 0 0.6000000000000001 0 0.6000000000000001 0 0 0 0 0 0 2.2 4.6000000000000005 2.8000000000000003 0 2 0 0 2.4000000000000004 1.8 0 6.4 0 3.8000000000000003 4.800000000000001 7.2 2.6 13.600000000000001 0 0 0 0 0 0 0 0 0 1.6 0 0 0 0 3.4000000000000004 6.2 6.2 0 0 0 2 13.4 0 0 0 0 0 0 0 0 0 0 0.2 0 0 0 0 2.6 0 0 0.4 0 0 0 0 0 0 1 0 0 1.4000000000000001 0 0 0 0 0 0 0 0 0 0 0 0 0.4 2.8000000000000003 0 5.4 11 0 1 0 1.4000000000000001 7.4 0 0 3 4 0 0 0 0 0 0 3 2.4000000000000004 0 0 0 3.2 1 0 1.8 0 0 0.4 0 0.4 0.2 0.2 0 8.200000000000001 6.800000000000001 0 0 0 0 0 0 0 0 0 0 0 0 0 0 0.4 0 0 0 0 0 0.2 0 0 0 0 0 0 2.6 0 0 0 0 0 5 0 0 0 0 0 0 0 0 0 0 0 0 0 0 0 0.6000000000000001 0 0.4 0.4 0 0 0 0 0 0 0 0 0 0 0 0 0 0 0 0 0 0 0 0 0 0 3 2 3.4000000000000004 0 0 0 0 0 0 0 0 0 0 0 0 
 27 11.4 9.600000000000001 31.200000000000003 27 0 9.8 26 8.6 30.200000000000003 55 45.400000000000006 27.6 68.60000000000001 30.8 33.800000000000004 98.4 41 9.4 13.600000000000001 0 4.4 0.4 0 0 0 14.8 0.4 0 0 0 0 14.600000000000001 15.4 15 4.6000000000000005 0 0 17.6 0 0 0 0 0 0.4 0.4 0 0 12.4 0.6000000000000001 0.6000000000000001 0 0 0 0 0 1 0 0 0 0 0 0 0.6000000000000001 0 0.6000000000000001 0 0 1 0 0 0 0.6000000000000001 0 6.2 0 0 0 0 0 1.6 0 0 5 3.8000000000000003 4.4 0 0.2 0 2.6 0 6.4 0 0 0 3.6 0 8 0 0 0 0.2 3.6 0 0 0 4.2 0 0 1.2000000000000002 0 0 4.4 6 4.800000000000001 4.6000000000000005 2.6 2.8000000000000003 4.2 19.6 0 0 0 0 0 0 0 0 0 0 0 0 0 0 0 0.2 0 0 0 0 0 0 0 0 0 0 0 0 0 0 0 0 0 0 0 0 0.2 0 0 0 0 2.6 2.6 0 2.6 2.8000000000000003 0 1.6 0 5.4 3.8000000000000003 2.8000000000000003 0 0 0 0 0 0.4 0 0 14.200000000000001 0 4.4 0 0 0 0.4 3.8000000000000003 2.2 0 0.4 0 6 6.4 0 0 1.8 0 1.8 7.4 0 0 0 0 0 0 0 0 0 2.8000000000000003 0 0 0 0 0 0 0 0 0 0 0 0 0 0 0 0 0 4.2 0 0 0 0 0 0 0 0 0 0 0 0 0 2.6 0 0 0 1.6 33.800000000000004 0 0 9.600000000000001 0 2.2 0 0 0 0 0 0 0 0.4 0 0.4 0 0 0 0 0 0 0 0 0 0 0 0 0 0 2.2 0 0 0 0 0 0 0 0 0.4 0 0 0 0 
 14 15 16 17 13.8 9.8 0 16.400000000000002 49 7.800000000000001 7.6000000000000005 10.200000000000001 13.600000000000001 10 27.8 9 75.8 8.6 11 49.2 0.2 0 0.4 0.6000000000000001 0.4 0.4 0.4 0.4 0.6000000000000001 0 0 0.6000000000000001 0 1.4000000000000001 0 0 0.6000000000000001 0.6000000000000001 0.4 0 1.2000000000000002 0 1 0.4 0.4 0 1.2000000000000002 0 0 0.8 1 0.4 0.4 1.2000000000000002 0.4 0 1 0.4 0.4 0 0 0 0 1.4000000000000001 0 1.6 0.2 0 0.6000000000000001 0 0 0 0.6000000000000001 0.4 0.6000000000000001 0 0.6000000000000001 0 0 0 4 2.8000000000000003 0 0 0 0 3.4000000000000004 2.2 0 5.4 0 0 2.6 3 0 4.4 8.8 0 1.6 2.2 0 0 0.2 0 0 0.2 0 0 0 7 0.4 0 0 0 0 0 0 0 0 0 0.2 0 0 0 0 0 0 0 0.4 0 0 0 0 0 0 0 0 0 0 0 0 0 0 0 0.2 0 0 0 0 0 0 0 0.2 0 0 0.4 0 0 0 0 3.8000000000000003 0 0 3.6 0 0 2.4000000000000004 0.4 0.6000000000000001 0 0 0 0 3.8000000000000003 0 0.6000000000000001 0 0 10.600000000000001 5.6000000000000005 0 3.6 0 2.6 0 0 0 0 0 0 0 0 0 0 0 0 0 0 3 0 0 0 0 0 0 0 0 0 0 0 0 0 0 0 0 0 0 0.4 0 0 0 0 0 0 0 0 0 0 0 4.2 0 0 0 0 1.4000000000000001 0 0 0 0 0 0 0 0 0 0 0.8 0 0 0 0 0 5 0 0.2 0 0 0 0 0 0 0.4 0 0 0 0 0 0 0 0 0 0 0 0 0 0 0 0 0 0 0 0 0 0 0 0 0 0 0 0 0 
 15.600000000000001 26.6 45.800000000000004 28.400000000000002 23.6 26 16.400000000000002 0 20 42.6 37.800000000000004 6.4 37.4 60.2 67.4 13.8 25 11 15.4 45.2 0.2 0 0.4 0 0 0.4 0 0.4 0 0 0 0.4 0 0.6000000000000001 0 0 0 0 0 0 0 0 0.6000000000000001 0 0.4 0.2 0 0 0 0.8 1 0 0 0.6000000000000001 0 0 12.8 0.4 0 0 0 0 0.4 0.8 0 1 0 0 0.8 0 0 0 0.6000000000000001 0 0.4 0 0 0 0 0 8 5 4.4 2 0.4 0 4.800000000000001 4.2 4 2.4000000000000004 0.4 2 5.2 2.2 5.6000000000000005 0 1.6 0.2 0.2 3.6 0 0 0 0 0 0 0 0 0 0 0 0 0 0 0 0 0 0 0.4 0 0 0 0 0 0.4 0 0 0 0 0 0 2.2 0 0 0 0 0 0 0 0 0 0 0 0 0 0.2 0 0 0 0 0 0 0.2 0 0 0 0 0 0 0.4 1.8 2 6.4 4 3 2.2 1.6 5.6000000000000005 2.2 0 0 2.2 0.2 0.2 3 6 8 5.4 0 1.8 0 0 0 0 0 0 0 0 0 0 0 0 0 0 0 0 0 0 0 0 0 0 0 0 0 0 0 0 0 0 0 0 0 0 0 0 0 0 0 0 0 0 0 0 0.4 0 0 0 0 0 0 0 0 0 0 0.2 0 0 0 0 0 0.4 0 0 0 0 0.4 0 20.400000000000002 17.6 3.6 6.2 3 0 0 0 0 0 0 0 0 0 0 0 0 0 0.4 0 0 0 9.4 0 0 0 0 3.2 0.2 0 0 0 0 0 0 0 0 0 0 0 0 0 
 5.2 15.200000000000001 29.6 23 32 8.6 49 20 0 11.200000000000001 52.400000000000006 8.6 31.200000000000003 33.800000000000004 55.400000000000006 37.800000000000004 26.6 8.8 13 77.80000000000001 0 0.4 0.4 0.4 0 0.4 0 0.4 0 0 0 0.4 0.4 17.2 0 0 0 0.2 0.2 15.8 1.2000000000000002 0 0.6000000000000001 0 0 0 0 0 0 0.8 1 0 0 0.6000000000000001 0 0 0.4 0.4 0 0 0 0 0 2.4000000000000004 0 1 0 0 0.8 0.2 0 0 0.4 0 0 0 0 0 0 0 0 9.600000000000001 1.8 1.8 2 1.8 0 4.6000000000000005 12.200000000000001 2.2 0.2 1 0 2.4000000000000004 11 0.4 7.4 0.2 0 2.8000000000000003 1.4000000000000001 0 0 0 0 0 0 0 0 0 0 0 1.4000000000000001 0 0 0 0 0 2 0 0 0 0 0 0.2 0 0 0 0 0 0 0 0 0 0 0 0 0 0 0 0 0 2.6 0 0 0.8 0 0 0 0 2.6 0 0 0 0 0 0 0 0 0 0.2 5.2 0.8 7.2 3.4000000000000004 2.4000000000000004 9 6 1.4000000000000001 2.8000000000000003 0 2.2 0 4.4 6 3.6 4 3.4000000000000004 0 7.800000000000001 0 0 0 0 0 0 2.6 0 0 0 0 0 0.4 0 0 0 0 0 4.6000000000000005 1.8 1.8 0 0 0 0 0 0 0 0 0 0 0 0 0 0 0 0 0 0 2.6 0 0 0 0 0 0 0 0 0 0 0 0 0 0.4 0 0.4 0 0 0 0 0 0 0 0 0 0.2 0 0 0.2 17.8 0 2 3.2 0 0 0 0 0 0 0 0 0 0 0 0 0 0.2 0 0 0 0 0 0 0 0 2.8000000000000003 2 0 0 0 0 0 0 0 0 0 0 0 0 0 
 24 42.400000000000006 62.6 78.2 31.400000000000002 30.200000000000003 7.800000000000001 42.6 11.200000000000001 0 84.80000000000001 37.800000000000004 25.400000000000002 33.4 58.2 46.400000000000006 16.2 60.6 33.6 31.400000000000002 0 0 0.4 0 0.6000000000000001 0 15.4 0 0 0 0.2 0.4 3.8000000000000003 0.6000000000000001 0 0 0 0.4 7.800000000000001 0 0 0 0 0 0 0 0 0 0 0.6000000000000001 0.6000000000000001 0 0.6000000000000001 0 0 0 0.2 0 0 0 0 0 0 0.6000000000000001 0 0.6000000000000001 0 0 0.6000000000000001 4.800000000000001 8.4 9.200000000000001 0.6000000000000001 0 0.4 0 0 0 0 0 0 8.6 8.4 5.2 2.2 5.4 0 2.4000000000000004 1.8 9.600000000000001 0.8 8.200000000000001 0 0 2.4000000000000004 4.2 6.2 5.800000000000001 0.4 3.2 0.4 0 0 0 0 0 2.6 0 0 1.4000000000000001 0 0 4.4 0 3 0.2 3 0 2.4000000000000004 0.6000000000000001 0.4 0 0 0 0 0 0 0 0.2 0 0 0 0 0 0 0 0 0 0 0 0 0 3 5.6000000000000005 0 0 0 0.4 0 0 0 0 0 0 0.8 0.4 0 0 0 0 9.8 0 3 4.4 5 8.4 0 0.8 0 4 2.2 1.6 0 0 0 1.6 5 0 2.8000000000000003 0 0.4 0 0 0 0 0 0 1.4000000000000001 0 0 0 0 0 1.4000000000000001 1.6 0 0 0 2.8000000000000003 0.8 0 0 0 0 0 0 0 0 0 0 0 0 0 0 0 0 0 0 0 0 0 0 0 0 0 0 0 7.4 2.4000000000000004 0 0 0 0.4 0 0 0 0 0 0.2 0 0 0 0 0 0 0 18.2 0 0.6000000000000001 1.4000000000000001 0.4 2.6 0 0.4 0 0 0 0 0 0 0 0 0 0 0 0 0 0 0 0 0 0 0 0 0 0 2.8000000000000003 0 0 0 0 0 0 0 0 0 0 0 0 0 
 27 20.200000000000003 67.4 30 30.8 55 7.6000000000000005 37.800000000000004 52.400000000000006 84.80000000000001 0 39 9.8 20.6 75.2 56.800000000000004 38.400000000000006 70 2.8000000000000003 114 0.4 15.8 0.4 0 0.8 0 26.6 0 0 0 0 0.4 14.8 15.600000000000001 0 15 0 0 31.400000000000002 14.8 0.6000000000000001 0 0 0 0 0 0 0.4 0.2 0.6000000000000001 1 0 0 0 0 0 0.2 0 0 0.6000000000000001 0 0 0 0.6000000000000001 0 0.6000000000000001 0 0.4 1.4000000000000001 2 0.2 0.4 1 0.4 0.4 0 0 0 0 0 0 6.4 6.4 11 2.4000000000000004 2 0 0 14 9 2.6 8.6 0 0 3.4000000000000004 11.200000000000001 0 3.2 0 2 0 0.2 9.600000000000001 0 0 0 3.6 0 0 2 0.6000000000000001 0 6 0 1.8 0 2.6 4 2.2 6.2 0 0 0 0 0 0 0 0 0 0 0 0 0 0 0 0 0 0 0 0 0 0 0 0.2 0 0 0 0 0 0 0 0 0 0 1.2000000000000002 0 0 0 0 0 2.2 0 3 2.2 2.6 13.4 0 0 0 10 2.8000000000000003 1.6 0 0 0 4.4 0.4 0 0 0 3.6 0 5.6000000000000005 0 0.2 0 0 5.800000000000001 2 0 0 0 1 1.8 2 0 0 0 4.4 12 0 0 0 0 0 0 0 0 0 0 0 0 0 0 0 0 0 0 0 0 0 0 0 0 0 0 0 3.4000000000000004 0.4 0 0 0 0 0 0.4 0 0 0 0 0 0 0 0 0 0 0.2 11.200000000000001 0 0.2 0 0 3 0.6000000000000001 0 0 0 0 0 0 0 0 0 0 0 0 0 0 0 0 0 0 0 0 0 0 0 0 0 0 0 0 0 0 0 0 0 0 0 0 0 
 4.4 21.8 66.8 42.2 49 45.400000000000006 10.200000000000001 6.4 8.6 37.800000000000004 39 0 23.6 6.2 8.4 60.2 43 80.2 48 3.8000000000000003 15.4 0.2 0.4 0 0.2 0 5.4 0.4 0.2 0 0 0 27.400000000000002 30.8 0 0 0 0 32.6 15.4 0 0 0 0 0 15.200000000000001 0 0 0 0.6000000000000001 0.6000000000000001 0 0 0 0 0 0.2 0 0.4 15 0 0 0 0.6000000000000001 0 8 0 0 0.8 1.6 0 0 0.6000000000000001 4.2 0.6000000000000001 0 0 0 0 0 0 0 0 0.2 3.8000000000000003 7.4 0 0 2 5.2 0 5.6000000000000005 3.2 0 3.6 2 0 3.2 0 0 2.2 0 0.2 0 0 0 7.4 3.2 0 0 0 0 6.2 3.2 4 2 0 0.4 11.4 3 0 0 0 0 0 0 0 0 0 0 0 0 0 0 0 0 0 0 0 0.4 0 0.2 0 1.4000000000000001 0 0.2 0 0 0 0.4 0 0 0 0 1.4000000000000001 0 0 0 0 0 0 2.8000000000000003 1.6 0 2 4.4 0 0 0 2.6 9.200000000000001 2.2 0 1.8 0 0 0 0 0 0 3 0.6000000000000001 0.2 0 0 0 0.2 0.6000000000000001 0 4 0 0 3.2 3.4000000000000004 6.6000000000000005 0 0 0 14.4 2.6 0 0 0 0 0 0 0 0 0 0 0 0 0 0 0 0 0 0 0 0 0 0 0.2 0 0 0 0 1.4000000000000001 1 0 0 0 0 0 0 0 0 0 0 0 0 0 0 0 0 0.4 0.2 0 0 19.8 0.8 3.8000000000000003 0 0 0 0 0 0 0 0 0 0 0 0 0 0 0 0 0 0 0 0 0 0 0 0 4 0 0 0 0 0 0 0 0 0 0 0 0 0 
 28.400000000000002 10.4 15.4 16.8 13.600000000000001 27.6 13.600000000000001 37.4 31.200000000000003 25.400000000000002 9.8 23.6 0 21.6 40.6 11.4 61.2 23.400000000000002 84.60000000000001 7.4 0 0 0.4 0 0 0 0 0 0 0 0 0 0 0.6000000000000001 0 0 0 0 0 0 0 0 0 0 0 0 0 0 0 0.8 0.6000000000000001 0 0 0 0 0 0.2 0 0 0 0 0 0 0.6000000000000001 0 0.6000000000000001 1 0 1 0 0 0 0.4 0 6 0 0 0 0 0 3.6 0.2 3.8000000000000003 0 2.4000000000000004 0 2.2 6.4 3.8000000000000003 2.8000000000000003 2.2 2.4000000000000004 5.800000000000001 2.8000000000000003 8.4 0.2 0 0.4 2.4000000000000004 3.4000000000000004 0 0 0.2 0 0 0.2 0 0 0 0 0.4 1.4000000000000001 0 0 0 0 0 0 0 0 0 0 0 0 0 0.4 0 0 0 0 0 0 0 0 0 0 0 0.2 0 0 0 0 0 0 0 0 0 0 0 0 0 0 2.2 0 0 0 0 0 0 0.6000000000000001 1.6 4.6000000000000005 2.4000000000000004 5.800000000000001 0 0 5.800000000000001 3 2.8000000000000003 0 0 0 3 0 10.4 2.4000000000000004 3.2 2.6 3.6 3 0 0 0 0 0 0 0 0 0 0 0 0 0 0 0 0.2 0 0 0 0 0 0 0 0 0 0 0 0 0 0 0 0 0 0 0 0 0 0.4 0 0 0 0 0 0 0 0 0 0 0 0 0 0 0 0 0.4 0 0 0 0 0 0 0 0 0 0 0 0 0.2 0.4 1.4000000000000001 0 3.6 0.2 0 0 0 0 0 0 0 0 0 0 0 0 0 0 0 0 0 0 1.6 0 0 0 2 0 0 0 0 0 0 0 0 0 0 0 0 0 0 
 24.400000000000002 37.4 43 11.600000000000001 9 68.60000000000001 10 60.2 33.800000000000004 33.4 20.6 6.2 21.6 0 50.400000000000006 49.400000000000006 23.6 9.600000000000001 30.6 47.800000000000004 0 0 0 0 0 0 0.2 0 0 0 0 0 0 0 0.4 0 0 0 0 0 0.2 0 0 0 0.6000000000000001 0 0 0 0 1 0.4 0 0 0 0.6000000000000001 0.4 1 0 0.6000000000000001 0 0 0 0.6000000000000001 0 0 0 0 0.4 0.4 0.2 0 0.4 0 0 0.2 0 0 0 0 0 5.2 10 8.200000000000001 8.8 3 0 0.2 0.6000000000000001 6.4 4.4 2.6 4.4 8 0 6.6000000000000005 3.2 1.6 4.6000000000000005 0 0.2 0 0 0 0 0 0 4 0 0 0 0 0 0 0 0 0 0 0 0 0 0 0 0 0 0 0 0 0 0 0 0 0 0 0 0 0 0 0 0.2 0 0 0 0 0 0 0 0 0 0 0 0 0 0.6000000000000001 0 0 0 0 0 0 1.2000000000000002 8 3.6 7.4 5 0 0 5 6.6000000000000005 3.4000000000000004 0.2 2 9.600000000000001 2.4000000000000004 0.2 4.2 3.2 6.2 9.600000000000001 0 4 0 0 0 0 0 0 3 0 0 0 0 0 0.4 2.6 0.4 0 0 0 0 0 0 0 0 0 0 0 0 0 0 0 0 3 0 0 0.4 0 0 0 0 0 0 0 0 0.2 0 0 0 0 0 0 0 0 0 0 0 0 0 0 0 0 0 2.6 0 0 0 0 17 0.2 0.4 0.8 0 1.2000000000000002 3.8000000000000003 0 0 0 0 0 0 0 0 0 0 0 0 0 2 0 0 0 0 0 0 0 0 0.6000000000000001 0 0 0 0 0 0 0 0 0 0 0 0 0 0 
 20.400000000000002 87.80000000000001 49.6 53.6 15.4 30.8 27.8 67.4 55.400000000000006 58.2 75.2 8.4 40.6 50.400000000000006 0 72.8 35.2 25.200000000000003 33.6 117.2 0 0 0.4 0 1.2000000000000002 0 0 0.4 0 0 0 0.6000000000000001 0 0.6000000000000001 0 0 14.4 0 0 0 0 0 0 0 0 0 0.4 0 0 0.6000000000000001 0.6000000000000001 0 0 0 0 0 14.8 0 0 0 0 0 0 0.6000000000000001 0 0.6000000000000001 0 0 1 0 0 0 0.6000000000000001 0 0.4 0 0.2 0 0 0 4.800000000000001 2 6.4 2 0.6000000000000001 0 0 6.6000000000000005 5.4 3.8000000000000003 2.4000000000000004 2.8000000000000003 1.4000000000000001 0 6.6000000000000005 3 13 4.6000000000000005 0 12.4 1.6 0 0.2 0 0 0.2 0 0 0 0 0.4 0 0 0 0 0 0 0 3.4000000000000004 0 0.2 0 0 0 0 0 0 0 0.4 0 0 2.8000000000000003 0 0 0 0 0 0 0 0 0 0 1 0 0.2 0 0 0 0 0 0 0 1.4000000000000001 0 0 0.4 0 0 0 0.4 3.6 0.6000000000000001 4.2 5 4.4 3 3.8000000000000003 6.2 3.2 0 0.2 0.6000000000000001 3.6 0 3.4000000000000004 4.2 12.4 3.4000000000000004 0 4.800000000000001 0 0 0 0 0 0 0.2 0 0 0 0 0 0 0 0 0 0 0 0.2 0 0 0 0 0.2 0 0 0 0 0 0 0 0 0 0 0 0.4 0 0 0 0 0 0 0 0 0 0 0 0 0 0 0 0 0 0 0.4 0 0 0 0 0 0 1 0 0 0 0.2 1.4000000000000001 0.4 0.2 9.600000000000001 0.4 1 1.6 0.2 0 0 0 0 0 0 0 0 0 0 0 0 0 0 0 0 0 0 0 0 0 3 2.8000000000000003 0 0 0 0 0 0 0 0 0 0 0 0 0 
 27.400000000000002 88.80000000000001 82.2 36.800000000000004 72.8 33.800000000000004 9 13.8 37.800000000000004 46.400000000000006 56.800000000000004 60.2 11.4 49.400000000000006 72.8 0 16.8 10 7.2 32.6 0 0 0.4 0 0 0 0 0.4 0 0 0.2 0.4 0 15 0 0 0 0 0 14.600000000000001 0 0 0 0 0 0 0 0 0 1.2000000000000002 0.6000000000000001 0 0 1.2000000000000002 0 0 14 0 0 0 0 0 0 0.6000000000000001 1 0.4 0 0 0.8 0 0 0 1.2000000000000002 0 0.6000000000000001 0 0 0 0.2 0.2 2 4.4 4.2 5.2 2.4000000000000004 0 0 0 5.2 1.8 0 6.4 0 2.2 4.6000000000000005 0 0 0 1.6 5.2 0.2 0 0 0 0 0 0 0 0 0 0 0 2.4000000000000004 0 0 0 0 0 2.2 0 0 0 0 0 0 0 0 0 0 0 0 0 1.2000000000000002 0 0 0 0 0 0 0 0 0 0 0 0 0 0.6000000000000001 0 0 0 0 0 0 0 0 0 0 0 0.4 0 3.8000000000000003 0 2.4000000000000004 0.2 0.2 8.6 0 4 0 0 0 0.2 0 0.2 0 2.4000000000000004 3 0 0 0 0 0 0 0 0 0 0 0 0 0 0 0 0 0 0 0 0 0 2 0 0 0 0 0 0 1.4000000000000001 0 0 0 0 0 0 0 0 0 0 0 0 0 0 0 0 0 0 0 0 0 0 0 0 0 0 0 0 0 0 0 0 0 0 0 4.2 0 0 0 0 0.6000000000000001 0 0 0.4 0 0 0 0 0.4 0 0 0 0 0 0 0 0 0 0 0 0 0.4 0 0 0 0 0 4.2 0 0.4 2.2 0 0 0 0 0 0 0 0 0 0 0 0 0 
 6.2 104.4 49.2 25.8 29 98.4 75.8 25 26.6 16.2 38.400000000000006 43 61.2 23.6 35.2 16.8 0 53.400000000000006 46 63.2 0 0.4 1.2000000000000002 0.2 0 0.6000000000000001 0.2 0 0 0 0 0 5.2 0.8 0 0.4 0.6000000000000001 0.6000000000000001 0 0 0.6000000000000001 0.6000000000000001 0 0 0.2 0 0 0 0 0.6000000000000001 0.6000000000000001 0 0 0.4 0 0.8 0.6000000000000001 0 0 0 0.6000000000000001 0 0 1 0 0.6000000000000001 0 0 0.6000000000000001 0.2 0.2 0.4 0.6000000000000001 0.2 0.6000000000000001 0.4 0 0.2 0 0 9 2.8000000000000003 2.2 0 4.6000000000000005 5.6000000000000005 0 2 0.2 9.4 2.2 5.2 4.4 0.2 0.4 6.4 5.800000000000001 5 0 2.6 0 2 0 0 0 0 2.4000000000000004 0.2 0 0 0 0 0 0 3 0 0 0 0 1.8 0 0 0 0 0 0 0 0 0 0 0.2 0 0 0 0 0 0 0 0 0.2 0 0 0.8 0 0 0 0 0 0 0 0 0 0 0 0 0 0 0 0 0 8.200000000000001 0 0 7.6000000000000005 2.8000000000000003 3.8000000000000003 2 0 6 4 5.6000000000000005 5.2 0.6000000000000001 5.4 0 3.2 2.8000000000000003 6.4 3 3 0 0 0 0 0 0 0 0 0 0 0 0 0.2 0 0 0 0 0 1.6 0 0 0 0 0 0 0 0 0 0 0 0 0 0 0 2.2 0 0 0 0 0 0.2 0 0 0.4 2.8000000000000003 0 0 2.4000000000000004 0 0 0 0 0 0 0 0 0 0 0 0 0 0 0 0 0 0 0 0 0.2 0.2 0.2 2.8000000000000003 4.800000000000001 0 0 0 0 0 0 0 0 0 0 0 0 0 0 0 0 0 0 0 0 0 0 0 0 0 0 0 0 0 0 0 0 0 0 0 0 0 
 46 27.200000000000003 10.200000000000001 40.6 10 41 8.6 11 8.8 60.6 70 80.2 23.400000000000002 9.600000000000001 25.200000000000003 10 53.400000000000006 0 49 6.800000000000001 0 0 21.8 15 0 0 5.4 0 0.2 1.2000000000000002 41.2 0 29.6 22.400000000000002 0 0 0 0.4 30.6 0 0.6000000000000001 0.8 0.4 0.6000000000000001 1 0.4 1.2000000000000002 0 0 0.6000000000000001 0.6000000000000001 6 0 0.4 0.6000000000000001 0 2.6 0.2 1.6 0 0 0 0 1.2000000000000002 0 1.2000000000000002 0 0 3 0.2 0 0 1 0 0.6000000000000001 0 0.6000000000000001 0 0.2 0 1.6 9.8 0.4 0 8.6 7.2 0 1.8 0 2.4000000000000004 8.6 2.8000000000000003 0 0 0 0.8 0.6000000000000001 8.6 0 0 2 0 0 0 0 0 4.6000000000000005 0.2 0 0 0 0 7 4.2 3.4000000000000004 0 0 0 0 9.8 0 0 0 0 4.4 0 0 0 0 0 0 0 0 0 0 0 0 0 0.2 0 0 0 0 2.2 0 0.2 0 0 0 0 0 0 0 0 1 0 0 0 0 0 0 6.6000000000000005 0 0 8 2.8000000000000003 0 0 2.8000000000000003 1.6 1.8 8.200000000000001 0 0 0 5.800000000000001 3 0 0 0 6.2 0 2.2 0 0 0 0.2 0 0 0 0 0 4.4 5.4 4.800000000000001 0 0.2 0 9.200000000000001 4.800000000000001 0 0 0 0 0 0 0 0 0 0 0 0 0 0 2.2 0 0 0 1.2000000000000002 0 0 0 0 0.2 0 0 0 2.2 0.6000000000000001 0 0 0 0 2.6 0 0 0 0 0 0 0 4.2 0 0 0 0.8 19.400000000000002 0.2 18 9.600000000000001 5.2 2.4000000000000004 0.4 0 0 0.4 0 0 0.4 0 0.4 0 7 0 0 0.4 0 0.4 0 0 0 0 0 0 0.4 0 1.8 0 0 0 0 0 0 0 0 0 0 0 0 1.2000000000000002 
 3.8000000000000003 23.8 29.200000000000003 13.8 10 9.4 11 15.4 13 33.6 2.8000000000000003 48 84.60000000000001 30.6 33.6 7.2 46 49 0 18 14.8 0 0.4 0 0 0 0 0 0 0 0 0 0 0.6000000000000001 0 0 0 0 0.4 0 0 0 0 0 0.2 0 0 0 0 0.6000000000000001 0.6000000000000001 0 0 0 0 0 0.4 0 0 0 0 0 0 0.6000000000000001 0 0.6000000000000001 0.6000000000000001 0 0.6000000000000001 0 0 0 0.6000000000000001 0 0.4 0 0 0 0 0 5 0 1.6 0 2.2 2 0 0 0 3 2.4000000000000004 2.4000000000000004 7.6000000000000005 0 3.2 2 0 0.4 7.2 0 0 0 0.4 0 0 0.4 0 0 0 0 0 3.2 0 0 0 0 0 0 0 0 0 0 0 0 0 0.2 0 0 0 0 0 0 0 0 0 0 0 0.4 0 0 0 0 0 0 0.4 0 0 0 0 0 0 0 1 0 0 0 0 0 0 0.8 4.6000000000000005 0.2 0.2 4.800000000000001 0 0 0 0.2 2.4000000000000004 2 2 1.4000000000000001 2 2 0.2 4.2 2.8000000000000003 4.6000000000000005 3.8000000000000003 0 0 0 0 0 0 0 0.2 0 0 0 0 0 0 0 0 0 0 0 0 0 0 0 0 0 0 0 0 0 0.2 0 0 0 0 0 0 0 0 0.2 0 0 0 0 0 0 0 0 0 0 0 0 0 0 0 0 0 0 0 0 0 0 0 0 0 0 0 0 0 0.2 0.2 0 0.4 3.4000000000000004 0 0 0 0 0 0 15 0 0 0 0 0 0 0 0 0 0 0 0 0 0 0 0 0 0 0 0 0 0 0 0 0 0 0 0 0 0 0 
 32.4 14.600000000000001 61.400000000000006 14.600000000000001 19 13.600000000000001 49.2 45.2 77.80000000000001 31.400000000000002 114 3.8000000000000003 7.4 47.800000000000004 117.2 32.6 63.2 6.800000000000001 18 0 0 0 0.4 0 0 0 0 0 0 0 0 0 0 0.8 0 0 0 0 0 0.6000000000000001 0 0 0 0 0 0 0 0 0 0.6000000000000001 0.6000000000000001 0 0 0.4 0 0 0.6000000000000001 0 0.6000000000000001 0 0 0 0 0.6000000000000001 0.2 0.6000000000000001 0 0 1 0 0 0 7.4 0 0.6000000000000001 0 0 0 0 0 3.2 3 5.800000000000001 6 3 0 4.2 5 4.6000000000000005 2.8000000000000003 1.6 0 4.6000000000000005 0 3 2 0.4 3.2 3.2 5.4 0 0 0 0 0 0 0 0 0 0 0 0 0 0 0 0 0 0 0 0 0 0 0 0 0 0 0 0 0 0 0 0 0 0 0 0 0 0 0 0 0 0 0 0 0 0 0 0 0 0 0 0 0 0 0 0 0 0 0 0 2.2 4.6000000000000005 8.200000000000001 5.4 0 1 2.6 6.2 6.6000000000000005 0 0 1.4000000000000001 6.4 0 6.800000000000001 0.4 0.4 0.2 1.4000000000000001 9 0 0 0 0 0 0 1 0 0 0 0 0 0 0 0 0 0 0 0 0 0 0 0 0 0 0.2 0 0 0 0 0 0 0 0 0 0 0 0 0 0 0 0 0 0 0 0 0 0 0 0 0 0 0 0 0 0 0 0 0 0 0 0 0.2 0 0 0.4 0.4 0 0 1.4000000000000001 0 1.8 1.8 0 0 0 0 0 0 0 0 0 0 0 0 0 0 0 0 0 0 0 0 0 0 4 0 0 0 0 0 0 0 0 2 0 0 0 0 0 
 0 0 0.2 0 6 0 0.2 0.2 0 0 0.4 15.4 0 0 0 0 0 0 14.8 0 0 63.2 32 37.800000000000004 37.4 50.6 14.200000000000001 57.2 89.80000000000001 39 43.400000000000006 25.8 39.400000000000006 33.6 42.800000000000004 30.6 19.6 35 23 15.8 0 0 0.6000000000000001 0 0.4 0.4 0 0.4 0 0.2 0.8 0 0 0.6000000000000001 0.4 0 1 0.8 0.2 0 0 0 0.2 0.2 0 0.4 0 1.8 0.4 0 0 11 0.6000000000000001 0 0 0 0 1.2000000000000002 0 0.4 0 0 0 0 0 0 0 0 0 0 0 2.2 0 0 0 0 0 0 0 0 7.6000000000000005 6.2 4.800000000000001 0 8.200000000000001 2.4000000000000004 0 6.800000000000001 5 1.8 2.8000000000000003 4.4 0 11 0.2 0 2.2 0 3 1.4000000000000001 0 0 0 0 0 0 1.2000000000000002 0 0 0 0 0 1.6 4 0 0 0 0 3.8000000000000003 0 0 0 0 0 0 0 0.2 0 0 0 0 0 0 0 0 0 0 0 0 0 0 0 0.4 1.4000000000000001 0.2 0 0 0 0 0 2.4000000000000004 0 0 1.8 0 0 0.2 0 0 0 0 12.8 4.800000000000001 3 8 0 3.8000000000000003 3.2 10 1.4000000000000001 7.2 1.2000000000000002 0.2 2.8000000000000003 3 3.8000000000000003 0 3.6 5.4 0 0 0 0 0 0 0 0.2 0 0 0 0 0 0 0 0 0 0 0 2.2 1.6 0 0 0.4 0 0.4 0 0 0 0.4 0 3.6 0 0 0 0.2 0.4 0 0 0 0 0 0 0 0 0 0 0 0 0 0 0 0 0 0 4.6000000000000005 0 0 16 0 0 0 0.4 0 0 0 0 2.2 0 0 0 0 0.4 0 0 0 0 0 0 0 0 0 1.8 0 0 0 0 0 0 0 0 
 0 0.2 0 0 0.6000000000000001 4.4 0 0 0.4 0 15.8 0.2 0 0 0 0 0.4 0 0 0 63.2 0 84.60000000000001 57.6 47.2 8 75.8 58.2 75 34.800000000000004 34.4 22.400000000000002 26 8 27.400000000000002 29.400000000000002 56 21.8 24 10.8 0 0 0 0 0.4 13 0 0.4 2.2 0 0.8 0 0 0 0.4 0 0.6000000000000001 0.4 0.6000000000000001 0 0 0 0.2 0.2 0 0 0 0 0.4 0 0.4 0.8 0.6000000000000001 0 0 0 0 0.4 0 0.4 0 0 0 2.8000000000000003 0.4 0 0 0 0 0 0 0.2 0 1.4000000000000001 0 0 0 0 0 0 0 3 9.4 3.4000000000000004 2.2 0 9.600000000000001 4.4 0.4 5.800000000000001 5.800000000000001 0 0.2 0 0 14 3 9.600000000000001 0 5.800000000000001 0 0 0 0 0 0 0.2 0 6 0 0 0 0.2 2.4000000000000004 0 0 0 0 0 0.4 0 0 0 0 0 0 0 0 0 0 0 0 0 0 0 0 0 0 0 0 0 0 0 0 0 0 0 0.2 0 0 0 0 0 0 0 0 0 0 0 0 5.2 5 3.6 3.4000000000000004 0.2 2 0 0 0.8 4.6000000000000005 2 2.2 2.2 2.8000000000000003 0.4 3.8000000000000003 4.2 2.2 0.4 0 0 0 5 0 0.2 0 0 2.4000000000000004 0 0 0 0 0.8 1.8 0.2 0 0.2 0 0 0.4 0 0 0 0 0 0 0 0 0 3 0 0 0 0 0 0 0 0 0 0 0 0 4.4 0 0 0 0 0 0 0 0 0 0 0 1.4000000000000001 0 0.8 0 0.2 0.8 0 0 0 0 0 0 4 0 0 0 0 0 0 0 0 0 0 0 0 0 0 0 0 0 0 0 0 0 0 0 
 0.4 1.8 0.4 0.4 0.4 0.4 0.4 0.4 0.4 0.4 0.4 0.4 0.4 0 0.4 0.4 1.2000000000000002 21.8 0.4 0.4 32 84.60000000000001 0 39.400000000000006 90 54 13.8 36.2 18 63.6 9.200000000000001 10.600000000000001 27.400000000000002 10.8 40.800000000000004 39 99 9.200000000000001 24 52 0 0 0 0 0.4 1 0.2 0.4 0 0 0.8 0 0 0 0.4 0 0.6000000000000001 0.6000000000000001 6.6000000000000005 12.4 0 0 0 0.6000000000000001 0 0 0 0 0.4 0 0 0.6000000000000001 0.6000000000000001 0 0 0 0 0.8 10.600000000000001 14.8 0 0 0 0 7.4 0 0 0 0.4 0 0 0 0 0 0 0 0 0 0 0 6.4 11.200000000000001 2.8000000000000003 2.2 8.8 0 2.4000000000000004 3.6 0.4 0 3.8000000000000003 4 0 7.2 0 2.8000000000000003 0.2 3.8000000000000003 0 1.6 0 0 2.4000000000000004 0 0 0 0 3 0 0 0 0 0 0 0 0 2.8000000000000003 0 0.8 3.2 0 0 0.2 0 0.4 0 0 0 0 0 0 0 0 0 0 0 0 0 0 0 0 0 0 0 0 0 0 2 0 0 0 0 0.4 0 0 0 0 0 0.4 0 4.800000000000001 3.6 8.200000000000001 2.4000000000000004 5 3.2 5 0.2 0 7 2.6 6.6000000000000005 15.200000000000001 3.6 2.6 4 3.4000000000000004 3 0 2.4000000000000004 3.8000000000000003 0 0 0 0 0 2.6 0 0.4 0 0 0 4.2 0 0 0 1.4000000000000001 0 0 0 0 0 0 0 0 0 0 0 0 0 0 0 0 0 0 0 0 0.2 0 0 0 0 0 0 0 0 0 0 0 0 0 0 0 0 1.2000000000000002 0.4 0.4 0.2 21 0.4 2.6 0 0 0 0 0 0 0 0 0 0 0 0 0 0 0 0 0 0 0 0 2 0 0 0 0 2 0 0 0 
 0 0 0 0 0 0 0.6000000000000001 0 0.4 0 0 0 0 0 0 0 0.2 15 0 0 37.800000000000004 57.6 39.400000000000006 0 32.2 52 34.2 25.8 26 20 46.800000000000004 40.400000000000006 13.4 36.2 28.6 26.200000000000003 68.2 43.400000000000006 16.6 89.60000000000001 0 0.6000000000000001 0 41.6 0.4 5.800000000000001 0 0.4 0 0 0.4 0 0 0 1.2000000000000002 0 0.6000000000000001 0.4 7.4 14.200000000000001 0 9.600000000000001 0 0 0 0 0 0 0 0 0 0.6000000000000001 0.6000000000000001 0 0 0 0 0.8 0 0.4 0 0 0 0 0.2 0 0 0 0 0 0 0 0 0 0 0 0 0 0 0 4 0.2 3.4000000000000004 8.8 7.800000000000001 0.4 0 0.2 3.6 5.2 4.2 14.600000000000001 0 0 0 0 7.4 3 0 0 0.2 0 6.4 0 0.2 0 3 0 1.6 0 0 0 3.4000000000000004 0 0 0 2.2 0 4.6000000000000005 1.8 0 0 0 0 0 0 0 0 0 0 0 0 0 4 0 0 0 0 0 0 0 0 0 0.8 0 0 0 0.4 0 0 0 0 0 0 0 0 2.4000000000000004 0 0 0 2.6 4.4 0.2 1.8 2 0.2 0 2.4000000000000004 5.6000000000000005 1.6 4.6000000000000005 3 0.2 0.4 2 3.6 4.6000000000000005 5 0 0 4 0 1.4000000000000001 0 0.4 0 0 0 0 0 0 0 1.6 1.4000000000000001 0 3.2 3.8000000000000003 0 1.6 1.8 0 0 0 0 0 0 0 0 0 0 0 0 1.6 0 0 0 0 0 0 0 0 0 0 0 0 0 0 0 0 0 0 0 0 0 2 0.2 0 0.4 0.4 0.2 0 0 0 0 0 0 4 0 0 0 0 0 0 0 0 0 0 0 0 2.6 0 0.2 0 0 0 9.8 0 0 0 0 
 0 0 0 0 7.6000000000000005 0 0.4 0 0 0.6000000000000001 0.8 0.2 0 0 1.2000000000000002 0 0 0 0 0 37.4 47.2 90 32.2 0 105.4 49 70.2 31.8 51.400000000000006 48.6 25.8 28 37.800000000000004 35.4 58.400000000000006 44.2 56.400000000000006 15.4 30.400000000000002 0 0 0 0 0.4 1.8 0 13.200000000000001 0 12.8 1.6 0.4 1.6 0 0.4 5.4 0.4 0.4 15.8 0.4 0 0 1.2000000000000002 0.6000000000000001 1 0.8 0 2 0 0 0 0.6000000000000001 0.6000000000000001 0.2 0 0.4 0.2 2.2 0 0.4 0 0 0 0 0 0 0 0 0 1.8 0 0 0 0 0 0 4 0 0 0 4 0 2.6 0.2 6.4 7.2 0 2.2 17.2 5.800000000000001 4.4 3.8000000000000003 0 0 0.2 4 3.4000000000000004 0.2 0 3.2 0.4 0 0.4 0 0.2 0 5.4 2.4000000000000004 0 0 0 0 2.2 0 0 0 2 2 6.800000000000001 2.2 0 0 0 0 0 0 0.4 0 0 0 0 0 0 0 0 0 0 0 0 0 0 0 0 3.4000000000000004 0.4 0 0 0 0 0 0 0 0 0 0 0 1 0 0 0 0 4.6000000000000005 0.2 8.200000000000001 6.4 1.8 1.6 4.2 7 0.2 0.8 2.6 0 2.2 4.2 1.4000000000000001 0 3.8000000000000003 0 0 0 0 0 0 0 0 4.6000000000000005 1.8 0 0 0 0 4.2 3.8000000000000003 0 2.2 0 0 5.4 2.6 0 0 0 0 0 0 0 0 0 0 0 4.4 0 0 0 0 0 0 0 0 0 0 0 0 0 0 0 0 0 0 0 0 0 0 5.4 0 0.4 31.400000000000002 7.4 0 0.8 0 0 0 0 0 0 0 0 0 0 0 0 0 0 0 0 0 0 0 0 1.8 0 0 0 2.8000000000000003 0 0 0 0 
 0 0.2 0 0 0.4 0 0.4 0.4 0.4 0 0 0 0 0 0 0 0.6000000000000001 0 0 0 50.6 8 54 52 105.4 0 24.6 19.200000000000003 24.6 9.4 10.600000000000001 8.6 8.4 19.6 52.800000000000004 32 26.6 10.600000000000001 24.6 112.4 12.8 0.4 12.8 0 0.2 0.4 29.8 25.8 5.6000000000000005 0.2 0.4 0 27.400000000000002 13 46 38.6 42.6 8.200000000000001 12.600000000000001 0 0 0 0 0 0 0 0 0 0 0 4 1.4000000000000001 0.6000000000000001 0 7 0 0 0.2 0 0.4 0 0.4 1.6 0 0 0 0 0 0 0 0 0 0 0 0 0 0.2 0 0.4 0 0 0 3 0 0 7 0 1.4000000000000001 2 0 4 2.2 0.2 4.800000000000001 0 0.2 0 0.2 3 1.4000000000000001 1.2000000000000002 10 0 2.2 0 0 6 4.6000000000000005 4.2 3.4000000000000004 1.2000000000000002 0 5 2.8000000000000003 3.8000000000000003 0 3 3.8000000000000003 2.2 2.8000000000000003 2.4000000000000004 0 0 0 0 0 0 0 0 1 0 3.8000000000000003 0 0.8 0 0 0 0 0 0 0 0 0 0 0 0 0 0 0 0 2.8000000000000003 0 0 0.4 0 0 2 0 7.6000000000000005 0 0 2.4000000000000004 0.2 0 3 0 3.2 2.2 1.8 0 0 1.2000000000000002 0 0 0 3.2 1.4000000000000001 0 0 0 5 0 0 0 0 0 4.2 2.6 3.8000000000000003 3.8000000000000003 2.4000000000000004 0 9.4 5 1.8 3.2 4.2 2.8000000000000003 3.4000000000000004 13.4 0 0 0 0 0 0 0 0 0 0 0 0 0 0 0 0 0 0 0 0 0 0 0 0 0 0.4 0 0 0 0 0 0 0 0 4 1.4000000000000001 0.8 0 0.6000000000000001 1 0.2 0.2 0 0 0 0 0 0 12.600000000000001 0 0 0 0 0 0 0 0 0 0 0 0 2 0 0 2.2 0 0 0 0 0 
 0 0.4 0.2 0 0 14.8 0.4 0 0 15.4 26.6 5.4 0 0.2 0 0 0.2 5.4 0 0 14.200000000000001 75.8 13.8 34.2 49 24.6 0 77.60000000000001 62.800000000000004 9.200000000000001 19.8 23.200000000000003 28 74.2 51 70.4 8.6 10 28.400000000000002 42.6 0 40.2 0 53.400000000000006 0 7.6000000000000005 1 6.2 0 0 0.4 0 0 0 0.4 0 0.6000000000000001 0.6000000000000001 0 0 0 0 0 0 0 0 0 0 0.4 0 0 0.8 0.6000000000000001 0 1 0 0 0.6000000000000001 0.2 0.4 0 0 0 2.4000000000000004 4.6000000000000005 0 0 0 1.8 4.6000000000000005 0 0 0.4 0 0 0 0 0 0 0 1.8 2 6.800000000000001 5.800000000000001 1.6 0 6.2 2.6 0.8 3.2 1.4000000000000001 0 8.4 0.2 0.2 0.4 0 8 4 1 0.2 0 0 0 0 0 0 0 0 0 0 0 0 0 0 0 0 0 0 0 0 0 0 2.4000000000000004 0 0.2 0 0 0 0 0 0 0 0 2.8000000000000003 0 0 0 0 0 0 3.4000000000000004 0 0 0 9.8 0 0.4 0 0 0 1.6 0 0 0 0 0 0 0 1 5 4 4.4 0 0 0 2.4000000000000004 2.6 5.4 0 1.4000000000000001 1.8 7.800000000000001 2 4.6000000000000005 2 1.6 1.6 4.800000000000001 4 0.4 0 0 0.2 0 0 0 0 0 0 0 0 0 0 0 0 0 0 0 0 0 0 0 0 0 0 0 0 1.8 0 0 0 0 0 0 0 0 0 0 0 0 0 0.2 0 0 0 0 0 0 0 0 0 0 0 1.4000000000000001 0.2 0.4 0 0 0.2 0 0 0 0 0 0 2.4000000000000004 0 0 0 0 0 0 0 0 0 0 0 0 0 0 1.4000000000000001 0 0 0 0 0 0 0 0 
 0 0 0 0 15.200000000000001 0.4 0.4 0.4 0.4 0 0 0.4 0 0 0.4 0.4 0 0 0 0 57.2 58.2 36.2 25.8 70.2 19.200000000000003 77.60000000000001 0 17.2 21.6 12 71.8 60.2 33.6 16.8 33.2 26.400000000000002 71.8 8.6 45.800000000000004 0 0 0 0 0.4 0.4 0 1 0 0 0.4 0.2 0 0 0.4 0 0.6000000000000001 0.8 0.6000000000000001 0 0 0 0 0 0 0 0 0 0.2 0 0 0.4 0.6000000000000001 0 0 0 0 1.2000000000000002 0.2 0.4 0 0 0 0 0 0 0 0 0 0 0 0 0 0 0 0 0 0 0 0 3.2 2.8000000000000003 8.200000000000001 6.4 17.400000000000002 0.8 0 11.600000000000001 2.6 4.4 1.8 4.2 0 3.8000000000000003 0.8 0 3 2.6 1.8 1.4000000000000001 2.8000000000000003 0 0 0 0 0 4.2 0 0 0 0 0 0 0 0 0 0 0 3.2 1.6 0 0 0 0 0 0 0 0 0 0.2 0 0 0 0 0 0 0 0 0 0 0 0 0 0.8 0 1.8 0 0 0 0 0 0 0 0 0 0 1 0 0 1.6 0 7.6000000000000005 6.4 1.6 5.800000000000001 0.8 7.2 3.8000000000000003 5.2 9.8 5.4 2.6 0 0 8.200000000000001 8 5.800000000000001 8.4 2.2 0 0 0 0.8 0 0 0 0 0 0 2.8000000000000003 0 0 0 0.2 0 0 0 0 1.4000000000000001 3.8000000000000003 0.4 0 0 0 0 0 0 0 0 0 0 0 0 3.8000000000000003 0 0 0 0 0 0 0 0 0 0 0 15.4 0 0 0 0 0 0 0 0 1.2000000000000002 0 0.4 9 0 0 0.8 0.4 0 0 0 0 2.4000000000000004 0 0 0 0 0 0 0 0.2 0 0 0 0 2.8000000000000003 0 0 0 0 0 0 0 0 0 0 
 0 0.6000000000000001 0 0 0.4 0 0.6000000000000001 0 0 0 0 0.2 0 0 0 0 0 0.2 0 0 89.80000000000001 75 18 26 31.8 24.6 62.800000000000004 17.2 0 27.6 9.200000000000001 6.800000000000001 30.400000000000002 27.200000000000003 33 32.6 25.200000000000003 31.8 56.800000000000004 37 0 0 0 0 1.6 0.4 0.6000000000000001 1 0.2 0 0.4 0 0 0 0.4 0 0.6000000000000001 0.4 12.8 4.800000000000001 0 0 1 0 0 0 0 0.4 0.2 0 0 0.6000000000000001 0.6000000000000001 0 0 0 0 0.4 0 0.4 0 0 0 0 0 0 0 0 0.4 0.2 0 0 0 0 0 0 0 0 0 0 5.6000000000000005 2 8.200000000000001 0 2.2 0 3 3.6 8.6 0 0 0.2 2.4000000000000004 2.2 0 3.4000000000000004 4.6000000000000005 9 1.4000000000000001 1.6 0 0 0.4 3.2 0 0 8.200000000000001 0.4 1.2000000000000002 0 0.4 0 0 2.2 0 0 0 0 2.4000000000000004 1 0 0 0.4 0 0 0 0 0 0 0 0 0 0 0 0 0 0 0 0 0 0 0 0 1.4000000000000001 0 0.2 0 0 0 0 0 0 0 0 0 0 2.4000000000000004 0 0.2 0.8 0 0.2 3.8000000000000003 0 4 0 0.2 4.4 2.4000000000000004 3.4000000000000004 4.6000000000000005 0 2 0 3.8000000000000003 18.6 7.800000000000001 0 2.4000000000000004 10.200000000000001 0 0 6 0 0 0 3.8000000000000003 0 0 0 0 0 1.8 1.4000000000000001 0 1 2 2.6 0 0 0 0 0 0 0 0 0 0 0 0 0 0 0 0 0 0 0 0.4 0 0 0 0 0 0 0 0 0 0 0 0 0 0 0 0 1.8 0 0.4 15.4 0 1 0 0 0 0 0 0 0 0 0 0 0 0 0 0 0 0 0 0 0 0 0 2.8000000000000003 0 0 0 0 0 0 0 0 
 0 0 0 0 0 0 0 0 0 0 0 0 0 0 0 0 0 1.2000000000000002 0 0 39 34.800000000000004 63.6 20 51.400000000000006 9.4 9.200000000000001 21.6 27.6 0 17.400000000000002 9.200000000000001 35.4 18.8 50 93.60000000000001 49.2 21.400000000000002 28.200000000000003 30.400000000000002 0 0 0.6000000000000001 0.2 0.4 0.4 0.4 0.6000000000000001 3 0 0.6000000000000001 0.6000000000000001 0 0.8 0.8 0.4 1 0.8 24.400000000000002 4.800000000000001 0.8 2.2 1 0.8 1.2000000000000002 0 0 1.4000000000000001 0.2 1.2000000000000002 0 1.8 1 0 0.8 0 0 0.6000000000000001 0.8 1 0 0 0 2 0 0 0 0 0 0 0 0 0 0 0 0 0 0 0 0 8.200000000000001 3 3 0 5.6000000000000005 0.4 6.4 2.6 4.6000000000000005 0.6000000000000001 4.6000000000000005 3.8000000000000003 0 9.4 5.2 4 7 0 0.6000000000000001 2 0 0 0 0 0 0 9.4 0 0 0 0 0 0 9 0 0 0 0 9.600000000000001 0.4 0 0 0 0 0 0.4 0 0 0 0 0 0 0 0 0 0 0 0 0 0 0 0 0 0.8 0 0 0 0 0 0 0 0 0 0 0 0 1.4000000000000001 0 0 0.8 0 0.8 4.800000000000001 2.2 5.4 2.4000000000000004 2.6 0 0 11.200000000000001 7.800000000000001 3.8000000000000003 0.2 0 3.4000000000000004 10.4 5 2.4000000000000004 1.8 0.6000000000000001 0 0 0 0 0 0 4.2 0 0 0 0 0 0 0 0 0 0 2.2 0 0 0 0 0 0 0 0 0 0 0 0.4 0.4 0.2 0 0 0 0 0 0 0 1.4000000000000001 0 0 10.200000000000001 0 0 0 0 0 0 0 0 0 0 0 0.2 0 0.2 16 0.2 0 0 0 0 0 0 0 0 0 0 0 0 0 0 0 0 0 0 0 0 0 0 2.4000000000000004 0 0 0.4 0 0 0 0 0 
 0 0 0 0 0 0 0 0 0 0.2 0 0 0 0 0 0.2 0 41.2 0 0 43.400000000000006 34.4 9.200000000000001 46.800000000000004 48.6 10.600000000000001 19.8 12 9.200000000000001 17.400000000000002 0 46.2 48.800000000000004 42.2 37 31.8 25.400000000000002 158.20000000000002 8 91.4 0 13.4 0 0 0.4 0.6000000000000001 14.4 0.4 0 6.800000000000001 0.4 0 42.800000000000004 0.4 0.4 0.4 0.4 0.4 10.4 9 0 0 0 0 0 0 0 0 0.2 0 0 0.6000000000000001 0.6000000000000001 0 0 0 0 1 0 0.8 0.4 0 0 0 0 0 0 0 0 0 0 0 0 0 0 0 0 0 0 0 2.6 0 1.8 5.4 7.2 0 0 0 0 7.4 13.200000000000001 3.6 0.2 0 0.2 3.6 7.4 0.2 0 0 0 0 0 0 0 0 5 1.4000000000000001 0 0.4 0 0 1.8 3.2 3.4000000000000004 0 0 0 1.4000000000000001 4.4 0 0 0 0 0 0 0 0 0 0 1.2000000000000002 0 0 0.2 0 0 0 0 0 0 0 0 0 0.6000000000000001 0 0 0 0 0 0 0 0 0 0 0 0 0 0 0 0 3.2 0.6000000000000001 0.2 1.8 5.6000000000000005 0 0 4 0.4 1.4000000000000001 5.6000000000000005 2.6 0.2 0 2.4000000000000004 2.4000000000000004 0 3.4000000000000004 0.2 0.2 0.2 1.2000000000000002 0 0 0 0 0 0.6000000000000001 0 0 0 0 9.8 2.4000000000000004 1 2.6 2 0 4.4 2 0 1.2000000000000002 0 0 0 0 0 0 0 0 0 0 0 0 0 0 1 0 0 0 0 0 0 0 0 0 0 0 0 0 0 0 0 9 2 0 0 0.8 14.8 0 0.2 0.4 0 0 0 0 1.6 0 0 0 0 0 0 0 0 0 0 0 0 2.6 0 0 0 0 0 5.800000000000001 0 0 0 0 
 0 0.2 0 0.4 0 0 0.6000000000000001 0.4 0.4 0.4 0.4 0 0 0 0.6000000000000001 0.4 0 0 0 0 25.8 22.400000000000002 10.600000000000001 40.400000000000006 25.8 8.6 23.200000000000003 71.8 6.800000000000001 9.200000000000001 46.2 0 6.4 50.6 22.6 51 17.8 46.800000000000004 8.6 23.8 0 14.200000000000001 0 0 0.2 0.8 5.2 17.6 0 0 0.4 0.2 0 12.4 1.8 12.4 0.6000000000000001 0.4 19.200000000000003 24.8 0 0 0 0 0 0 0 0.8 0 0 0 0.6000000000000001 0.6000000000000001 0.2 0 0 0 1.2000000000000002 0 0.4 0 0 0 0 0 0 0 0 0 0 0 0 0 0 0 0 0 0 0 0 0 0 0.4 10.4 2.8000000000000003 2.2 0 0 0 3.2 3.8000000000000003 4 0 0 0.2 0 1.8 1.8 0 0 0 9.8 4 6.800000000000001 0 0 4.2 7.4 0 2.4000000000000004 0.2 0 4.800000000000001 0 4.800000000000001 0 0.2 0 4.4 0 0 0 0 0 0 0 0 0 0 0.2 0.8 0 0 0 0 0 0 0 0 0 0 0 0 0 0 0 0 0 0 0 0 0 0 0 0 0 0 0 0 0 3.6 0 3.4000000000000004 9.4 0 5.4 0 0.2 9.200000000000001 2 0.8 2.8000000000000003 0 0 2.4000000000000004 0 0 2.6 0 0 8.4 2.6 0 0 0 0 2.6 0 0.4 0 0 0 1.6 1.6 1.2000000000000002 2.2 1.4000000000000001 2.6 3.8000000000000003 4.4 0.4 0 0 0 0 0 0 0 0 0 0 0 1.8 0 0 0 0 0 0 0 0 0 0 0 0 0 0 0 0 0 0 0 0 0 1.4000000000000001 0 0 0.2 0.4 0.8 2.6 0.2 0 0 0 0 3.4000000000000004 0 0 0 0 0 0 0 0 0 0 0 0 0 0 0 0 0 0 3.8000000000000003 0 0 0 0 
 0 16.400000000000002 0 0.4 14.8 14.600000000000001 0 0 0.4 3.8000000000000003 14.8 27.400000000000002 0 0 0 0 5.2 29.6 0 0 39.400000000000006 26 27.400000000000002 13.4 28 8.4 28 60.2 30.400000000000002 35.4 48.800000000000004 6.4 0 16 16 9 86 5.800000000000001 29.6 28.400000000000002 1.4000000000000001 0 0 0 0 0.6000000000000001 0 0.4 0 0 0.4 0 0 0 0.4 0 0.4 0.4 1.8 0 0 0 0 0 0 0 0 0 0 0.2 0 0.6000000000000001 0.6000000000000001 0 0 0 0 0 0 0.4 0 0 0 0 0 3.4000000000000004 0 0 1.8 2.6 2.2 5 0 0 0 2.4000000000000004 0 1.4000000000000001 0 0 3.6 0 2.6 0 0 7.800000000000001 9 3.4000000000000004 1.8 1.4000000000000001 0.8 4.6000000000000005 0 2.2 2.6 0 0 3.8000000000000003 2.2 0.2 0 0 0 2.2 0 0 0 0 0 0 0 0.2 0 0 0 0 0 0 0 0 0 0 0 0 0 0 0 0 0.4 0 0 0 0 0 0 0 0 0 0 0 0 0 0 0 7 4.800000000000001 0 0 2 1.4000000000000001 6 0 0 0 0 0 0 0 0 0.8 2.8000000000000003 0.4 0.2 0.6000000000000001 6.6000000000000005 0 7.4 0 0 0.2 13.200000000000001 4.6000000000000005 2.6 4 0.8 9.200000000000001 0 0 6.2 1.8 0 0 0 0 0 0.4 0 0 0 0 0 0 0 0 0 0 1.6 0 3.2 0 0 0.4 0 0 0 0 0 2.4000000000000004 0 0 0 0 0 0 0 0 0 0 0 0 0 0 0 0 0 0 0 0 0 0 0 0 0 0.4 3.2 0 0.2 2 0 0 0.6000000000000001 0 2.8000000000000003 0 0 0 0 0 0 0 0 0 0 0 0 0 0 0 0 0 0 2.2 0 0 0 0 0 0 0 0 
