 0 32 23.400000000000002 28 7.2 11.4 25.400000000000002 31.200000000000003 25 15.200000000000001 22.400000000000002 8.6 14.600000000000001 50.2 10.200000000000001 8.6 25.6 8.200000000000001 41.2 24.200000000000003 0 0.4 0.6000000000000001 0 0 0.6000000000000001 0 0.4 0 0 0.2 0 0 0.4 0.6000000000000001 0 0.4 0 4.6000000000000005 0.6000000000000001 0 0 25.200000000000003 0 0 0 0 0 0 0 0 0 0 0 0 0 0 0.6000000000000001 0 0 0 0 0 0 0 0 0 0 0 0.6000000000000001 0 0.6000000000000001 0 0.6000000000000001 0 0 0 0.4 0 0 7.2 4.4 3.2 3 0.4 0 0 3.8000000000000003 0.2 5.800000000000001 0 9.4 0.4 0.2 8 0 4.4 0.4 2.8000000000000003 2.2 0 0 0 0 0 3 0 0 0 0 0 0 7.4 0 0 0 0 0 0 0 0 0 0 0 0 0.4 0 0 0 0 0 0 0 0 0 0 0 0.4 0 0 0 0 0 0 0 0 0 1.2000000000000002 0 0 0 0 0.4 0 0 0 0 0 0 0 18.400000000000002 1.8 0.4 0 0 0 3.8000000000000003 3.4000000000000004 0 3 2 1.4000000000000001 3.8000000000000003 0 3 0.2 8.4 2.6 0 0 0 0 0.2 0 0 0.2 0 0 0 2.2 0 0 6 0 0 0 0.2 0 0 0 0 0 0 0 0 0 0 0 0 0 0 0 0 0 0 0 0 0 0 0 0 0 0 0 0.2 0 0 0 0 0 0 0 0 0 0 0 0 0 0.2 0.4 0 0 0 0 0 0 0.2 0.2 0.4 0.2 0 1.6 0.2 0 0 0 0 0 0 0 0 0 0 0 0 0 0 0 0 0 0 0 0 0 0 0.2 0 0 0 0 0 0 0 0 0 0.2 0 0 0 0 
 32 0 38 33 9 24.8 77.60000000000001 20.400000000000002 88 32.800000000000004 26.6 13.600000000000001 23.400000000000002 11 18.400000000000002 14.600000000000001 104.60000000000001 45 47.400000000000006 43.6 0 0.8 0.8 0.6000000000000001 0.4 1 15.8 1.2000000000000002 0 0.6000000000000001 0.2 0.8 14.4 0.4 1 1 0 15.200000000000001 15.4 15.600000000000001 0 0.2 0.8 0.6000000000000001 0.6000000000000001 13 0 0.4 0 12.4 0 0.8 0 0 0.2 0.2 1 12.8 0 0 0.6000000000000001 7.2 0.6000000000000001 0 0 0 0 0 8 0.4 0 0.6000000000000001 0.2 1 0.4 0.4 0 1.2000000000000002 0 0 3 0 3 6.4 4 2 0 4.6000000000000005 1.8 3.6 0.2 4.2 0 2 5.2 2.8000000000000003 5.4 0.2 0 0.2 0 0.2 0 0.4 0 0 0 1.6 0 0 0.2 0 6 0 0 0 0 0 1.8 0 0 0 0 0 0 0 0 0 0 0 0 0 0 0 0 0 0 0 0 0 0 0.2 0.4 0.4 0 2.4000000000000004 0 0 0.2 0 0 0 0 0 0 0 2.6 0 0 0 2.8000000000000003 6.2 1.8 0 0 2.6 0 0.4 0 9 3.2 0 0 2 2.6 0.2 8 4.800000000000001 0 0 0.2 0 0 0 0 0 1.4000000000000001 0 0 0 0 0 7.2 0 0 0 0 0.2 0 1.2000000000000002 0 0 0 0 0 0 0 0 0 0 0 1.4000000000000001 0 0 0 0 0 0 0 0 0 0 3.4000000000000004 0 0 0 0 0 0 0 0 0 0 0 0 0 0 0 0 0 0 0 0 0 0 0 0.2 0 20.400000000000002 17.6 2.4000000000000004 72.60000000000001 0.2 0 0 0 0 0 0 0 0.4 0 0 0 0 6.4 0 0 0.4 0 0 0 0 0 0 0.2 0 0.2 0 0 0 0 0 0 0 0 0 0 0 0 
 23.400000000000002 38 0 20.8 33.6 11.200000000000001 94.2 51 36 13.8 6.2 34.800000000000004 40.2 31.6 48.800000000000004 13.4 27.400000000000002 40.6 21.200000000000003 7.6000000000000005 0 0.6000000000000001 1.4000000000000001 0.2 0 1.2000000000000002 0 0.6000000000000001 0 0 0.2 0.4 0 0.4 1 0 0 0.4 29.6 1 0 0.2 0 0 0.2 0.2 0.2 0 0 0.4 0.4 0.4 0.4 0 0.4 15.600000000000001 0 0.8 0 0.2 0 0 0 0 0 0 0 6.4 0 1.6 0 0.6000000000000001 0.4 0.4 0 0 0 0.6000000000000001 1.2000000000000002 0 2.6 7.800000000000001 5 1.8 2.8000000000000003 0 1.8 3.4000000000000004 1.6 0 8.6 0.6000000000000001 8.200000000000001 8 0 0.6000000000000001 0.8 7.4 0 1.4000000000000001 0 0 0 0 0 0 0.2 0 0.4 0 0 0.4 2.8000000000000003 2.4000000000000004 0.4 0 0 0 2.6 1.8 0.2 0 0 0 3 0 0 0 0 0 0 0 0 0 0 0 0 0 0 0 0.4 2 0 0 0 0 0 0 0 0 0 0 0 0 0 0 0 0.4 0 0 0.2 0 0 8.6 7.800000000000001 2.8000000000000003 0 6.6000000000000005 13 6.800000000000001 0 5 4.4 4.2 0 6.4 0 4 0 3.8000000000000003 0 0 0 0 0 0 1.8 0 0 0 0 0.2 2.6 0 0 1.8 0 0 0 0 0 0 0 0 0 0 0 0 0 0 0 0.2 0 0 0 0 0 0 0 0 0 0 0.2 0 0 0 0 0 0 0 0 0 0 0 0 0 0 0 0 0 0 0.4 0 0 0 0 8.200000000000001 0 0.6000000000000001 17.6 0 1.2000000000000002 0 0 0 0 0 0 0 0 15 0 2.4000000000000004 0 0 0 0 0 0 0 0 0 0 0 0 10.8 1.2000000000000002 0 0 0 0 0 0 0 0 0 0 0 0 0 
 28 33 20.8 0 35.800000000000004 9.200000000000001 20.6 23.400000000000002 21.8 18.2 42 37.800000000000004 27.200000000000003 35 10.4 9.8 31.8 67.8 35 28.200000000000003 24.400000000000002 0.4 0.6000000000000001 0 0.4 0.6000000000000001 11.200000000000001 4.4 0 0.4 0 14.4 43.2 0.6000000000000001 0.6000000000000001 0.2 0 0.4 0.6000000000000001 20.6 0 0 0 0 0 0.2 0 0 0 0 0 0.4 0 13.4 0.2 0 0 0 0 0 0 0 8.8 0 0 0 0 0 0 0.4 0.8 0.8 0.2 14.200000000000001 0 0 0 0.6000000000000001 0 0 2.6 0 1.8 9.4 2.2 3.6 0 3.2 1.4000000000000001 0 7.4 8.4 0 0 4 2.4000000000000004 0 7.6000000000000005 0 0 0 3.4000000000000004 0 0 0 0 9.8 2.4000000000000004 5.800000000000001 0 0 0 1.4000000000000001 3.4000000000000004 0 0 0 0 2 0 0 0 0 0.2 0 0 0 0 0 0 0 0 0 0 0 0 0 0 0.2 0 0 0 0 0 0 0 0 0 0 0 0.2 0 0 0.4 0 0 0 0 0 0 5 2 6.800000000000001 2 4.2 7.2 0 0 0 5.800000000000001 0 3.8000000000000003 0 0 0 0 1.8 7 0 0 0 0 0 0 0 6.2 4.4 1.4000000000000001 2 0 0 0 3 3.2 1.6 2.2 0 0 0 0 0 0 0 0 0 0 0 0 0 0 0 0 0 0 0 0 0 0 0 0 0 0 0 0 0 0 0 0 0 0 0 0 0 0.2 0 0 0 0 0 0 0 0 0 0 0.2 0.4 0.4 0.4 0 17.6 0 1.2000000000000002 2.2 0 0 0 0 0 0 0 0 0 2.8000000000000003 0 0 0 0 0 0 0 0 0 0 0 0 0 0 0 0 0 0 0 0 0 0 0 0 0 0 0 
 7.2 9 33.6 35.800000000000004 0 53.2 10.8 25.400000000000002 18.2 16 31.6 28.8 12.600000000000001 33.4 20 15.4 6 36.6 17 17 0 4.800000000000001 25.8 0 0 0.8 12.4 0.6000000000000001 0 0 0.4 0 14.600000000000001 0.4 0.6000000000000001 0 0.2 0.8 0 30 0 0 0.2 0.2 0 0.2 0 0 0 0 0 0.2 0.4 0 0.2 2.4000000000000004 0 0 0 0 0.4 0 0 0 0 0 0 0 0 1 0 0.6000000000000001 0.6000000000000001 7 0 0 0 1.6 0 0 0 2 0 2.6 10.600000000000001 1.8 0 0 0.2 0 8 1.6 0 0 0 5 2.2 3 0 0 4.4 0.4 0 3.8000000000000003 0 0 2.6 5.800000000000001 0.2 0.2 0.8 1.8 5.4 0 0.2 0 4 0.8 2 6.6000000000000005 0 0 0 0 0 0 0 0 0 0 0 0 0 0 0 0 0 0 0 0.4 0 0 0 0 0 0.8 0 0 0 0 0 0 0 0 0 0 0 0 0 0 0 5 4.6000000000000005 3 3.2 6.800000000000001 0 0 2.6 0 2.4000000000000004 1 0 2.4000000000000004 0 0.4 0 2.8000000000000003 0 0 0 0.2 2.6 0 0 0 4.4 2.6 2.6 2.2 0 1.4000000000000001 7.2 0 0 0 4 0.2 2.4000000000000004 0 0 0 0 0 0 0 0 0 0 0 0.2 2 0 1.4000000000000001 0 0 0 3.2 0 0 0 0 0 0 0 0 0 0 0 0.2 0 0 0 0 0 0 3.2 0 0 0 0 0 0 0 0 1.4000000000000001 17.8 0 0.6000000000000001 1.6 0 0.2 0 0 0 0 0 0 0 0 0 0 0 0 0 0 0 0 0 0 0 0 0 0 0 0.2 0 0 0 0 0 0 0 0 0 0 0 0 0 0 
 11.4 24.8 11.200000000000001 9.200000000000001 53.2 0 6.800000000000001 48.2 8.6 26.200000000000003 26.200000000000003 26.200000000000003 25.400000000000002 51.2 13.200000000000001 41.6 30.200000000000003 20.200000000000003 52.6 16.8 7.2 4.4 13.200000000000001 0 0 0.6000000000000001 27.6 1 14.8 0 0.2 0 0.4 0.4 0.6000000000000001 0 0.2 0 7.2 47 0 0 0.2 0 0 0.2 0 0 0 0 0 0 0.4 0 0.4 0.4 0 0.4 0 0 0 0 0 0 0 0 0 0 0.2 0.4 0.2 0.6000000000000001 0.2 0.4 0 0 0 1.2000000000000002 0 0 4.800000000000001 6.4 0 2 7.6000000000000005 7.2 0 0 0 4.4 2.2 1.4000000000000001 0 0 0 5.6000000000000005 4.800000000000001 0 0 0 4 0.6000000000000001 0 3.8000000000000003 3.2 0 0 5.4 2.8000000000000003 0.2 0 2 6.2 1.8 6.6000000000000005 4.4 6.800000000000001 1.6 4.800000000000001 8.8 0 0 0 0.2 0 0 0 0 0 0 0 3.8000000000000003 0 0 0 0 0 0 0.4 0.4 0 0 0 0 0 0 0 0 0 2 0.4 0.2 0 0 0 0 0 0 0 0 0 0.8 0.2 0 0 0 0 0 2.8000000000000003 0 0 5.6000000000000005 0 0 0 0 0 0 0 2.4000000000000004 0 0 2 0.8 0 0 0.8 5 2 3 0.4 0 7.2 2.6 0.2 0 0.6000000000000001 2 6.800000000000001 5 0 0 0 0 0 3 0 0 2.4000000000000004 0 0.2 5.800000000000001 0 0 0 0 0 0 0 0 0 0 0 0 0 0 0 0 0 0.4 0 0 0 0.2 0 0 0 0 0 0 0 0 0 0 0 0.8 17.8 0.2 2 0.4 0.8 1 0 0 0.2 0 0 0 0 0 0 0 0 0 0 0 0.4 0 0 0 0 0 0 0 0 0 0 2.8000000000000003 0 0 0 0 0 0 0 0 0 0 0 0 
 25.400000000000002 77.60000000000001 94.2 20.6 10.8 6.800000000000001 0 80.60000000000001 13.8 30 26.6 15.8 29.200000000000003 19.200000000000003 84.60000000000001 60.800000000000004 45.800000000000004 9.8 37.2 46.800000000000004 0 0.4 0.6000000000000001 0 0 0.6000000000000001 0.2 0.6000000000000001 0 0 0.2 0 0 0.4 0.6000000000000001 0.2 0 0 0 0.6000000000000001 0 0 12.200000000000001 0 0 20.8 1.2000000000000002 0 0 0 0.2 0 0.2 0 0 0 0 12.600000000000001 0 0 0.6000000000000001 0 0 0 0 0 0 0 0 0.4 0 0.6000000000000001 0.4 0.4 0 0 0 0.6000000000000001 0 0 2.2 4.800000000000001 0.2 0 0.2 0 5 8.6 0 0.2 2.6 3.8000000000000003 3.8000000000000003 7.6000000000000005 1.2000000000000002 0 3.6 2.8000000000000003 4 1.8 0.2 0 0 0 1.8 0 0 0 0 0 0 0.2 0.2 0 0 0 0 0 0 0 0 0 0 0 0 0 0 0 0.2 0 0 0 0 0 0.2 0 0 0 0 0 0 0 0 0 0 0 0 0 0 3 0 0 0 0 0 0 0 0 0 2.8000000000000003 3.6 6.800000000000001 2.8000000000000003 0 0.4 0 3.8000000000000003 5.4 3 2.6 2.4000000000000004 2.6 2.2 1.4000000000000001 2.2 6.800000000000001 4.800000000000001 0 3.2 1.8 0 0 0 0 0 0 0 0 0 0 0 0 0 0 0 0 0 0 0 0 0 0 0 0 0 0 0 0 0 0 0 0 0 0 0 0 0 0 0 0 0 0 0 0 0 0 0 0 0 0 0 0 0 0 0 0 0 0 0 0 0 0 0 0 0 0 0 0 18 0 2.6 0.8 0 0 0 0 0 0 0 0 0 0 0 0 0 0 0 0 0 0 0 0 0 0 0 0 0.2 0 0 0 0 0 0 0 0 0 0 0 0 0 
 31.200000000000003 20.400000000000002 51 23.400000000000002 25.400000000000002 48.2 80.60000000000001 0 34.800000000000004 51 5.800000000000001 6.2 42.2 76 98.80000000000001 52.2 15.4 30.6 39.6 7.800000000000001 0.2 0.6000000000000001 1 1 0 0.6000000000000001 0 0.6000000000000001 0 0 0.2 0.8 0.8 0.4 0.6000000000000001 0.2 0 0 0 1.4000000000000001 0 1 6.2 0.6000000000000001 0 3.4000000000000004 0 1 0 1 0.4 0.4 0.4 8.200000000000001 0.2 0.2 12.600000000000001 1 0 0 0 0 0 0.4 0.4 0.2 0.6000000000000001 0 0 0.4 0.4 0.6000000000000001 0.6000000000000001 0.8 0 0.6000000000000001 0.4 0.6000000000000001 0 0 4.6000000000000005 3.8000000000000003 5.4 0 8.8 0 2 2 0 11.4 3.8000000000000003 0 16.8 5.4 4.2 4.4 5.6000000000000005 3 2.2 2.4000000000000004 0 0 0 0 0 0 0 0 0 0 0 0 4.2 0 0 0 0 0 0 0 0.2 0 0 0 0 0 0 0 0 0 0 0 0 0 0 2.8000000000000003 0 0 0 0 0 0 0 0 0 5.2 0 0 0 0 0 0 0.6000000000000001 0 0 0 0 0 0 0 5.2 1 5.800000000000001 10.4 1.8 0 2 4.6000000000000005 5.6000000000000005 16.6 4.800000000000001 2.4000000000000004 0 2.6 0 7 0.2 0 0 3.8000000000000003 0 0 0.2 0 0 0 0 0 0 0 0 0 0 0 0 0 0 0 0 0 0 0 0 0 0 0 0 0 0 0 0 0 0 0 0 0 0 0 0 0 0 0 0 0 0 0 3.2 0 0 0 0 0 0 0 0 0 0 0 0 0 0 0 0 0 0 0 17.6 0 0.4 0.2 0.2 0.2 0 0.2 0 0 0 0 0 0 0 0 0 0 0 0 0 0 0 0 0 0 0 0 0 4.2 5.800000000000001 0 0 0 0 0 0 0 0 0 0 0 0 0 
 25 88 36 21.8 18.2 8.6 13.8 34.800000000000004 0 32.2 24 11 25.8 37.2 38.400000000000006 54.2 63 8.6 12.600000000000001 11.600000000000001 15 0.4 0.6000000000000001 0 0.4 0.4 12.200000000000001 0.6000000000000001 0 0.2 0.4 5.2 14.600000000000001 0.4 0.8 0 0 0.4 0 7.2 0 0 0 0 0 0 0 0 0 0 0 0 0.4 0 0 0.2 0 0 0 0 0 0 0 0 0 0 0 0 0 0.4 0.8 0.6000000000000001 1 0.8 0 0 0 0.6000000000000001 0 0 2 0 0 3.8000000000000003 0 3.4000000000000004 0 0 11.600000000000001 8.4 1.8 3.2 0.2 0 0 9.600000000000001 4.6000000000000005 6.6000000000000005 2.2 0 0 3.4000000000000004 0 0 0 0 8.200000000000001 2.4000000000000004 0 0 0 0 2.8000000000000003 1 0 0 0 0 0 0 0 0 0 0 0 0 0 0 0 0 0.4 0 0 0 0 0 0 0 0 0 0 0 0 0 0 1 0 0.2 0 0 0 0 0 0 0 0 0 0 0 0 2.8000000000000003 0.6000000000000001 1.6 2.4000000000000004 2.2 0 0 0 2.6 2.2 4.2 0 0 1.8 0 1.8 5.2 0.4 0 3.8000000000000003 0 0 0 0 0 5.800000000000001 0 0 0 0 0.2 0 10.600000000000001 0.6000000000000001 0 0.4 0 0 0 2 0.4 0 0 0 0.2 0 0 0 0 0 0 0 0 0 0 0 0 0 0 0 0.2 0 0 0 0 0 0 0 0 0 2 0 0 0 0 0 0 0.4 0 0 0 0 0 0 0 0 17.6 0.2 0.6000000000000001 0.2 0.2 1 0 0 0 0 0 0 0 0 0 0 0 0 0 0 0 0 0 0 0 0 0 0 0 0 2.8000000000000003 0 0 0 0 0 0 0 0 0 0 0 0 0 
 15.200000000000001 32.800000000000004 13.8 18.2 16 26.200000000000003 30 51 32.2 0 35.6 53.2 71 57.2 19.8 147.8 8.4 44.800000000000004 25.200000000000003 42.400000000000006 14.4 2.2 0.8 0.6000000000000001 0.8 0.6000000000000001 0.2 0.6000000000000001 0.6000000000000001 0 0.4 43 0.6000000000000001 0.4 15.600000000000001 0.8 0 0.4 0.6000000000000001 7.4 0 0.2 0 0.4 1.4000000000000001 5.800000000000001 0 0.2 0.6000000000000001 1.2000000000000002 1.6 1 0 0 0.4 0.8 1 1.4000000000000001 0 0 0.4 0.6000000000000001 0.4 0 0 0.4 0 0.8 0.4 0.6000000000000001 0 0.6000000000000001 0.2 1 0 0 0 0.8 0.4 0.6000000000000001 0.2 2 0 6.800000000000001 3.6 1.8 2.2 0 0 7.800000000000001 5.4 1.6 3.8000000000000003 6.6000000000000005 4.2 0 7.800000000000001 11.200000000000001 2.4000000000000004 0 0 0 0 0 0 0 3 0 0.2 0 0 0 5.800000000000001 6 0 2 0 0 0 0 0 0 0 0 0 0 0 0 0 0 0 0 0 0 0 0 0 0 0 0 0 0 0 0 0 0 0 0 0 0 0 0 0 0 0 0 0 0 0 0 0 7.4 0 0 0 2.8000000000000003 0 0 2.4000000000000004 3 6.2 6 0 2.6 5.6000000000000005 0.2 2.8000000000000003 2.6 0 0 0 0 0 0 0 0 1.4000000000000001 0 0 0 0 0 6 1.2000000000000002 0 2.2 0 0 0.2 0 0 0 2.2 0 0 0 0 0 0 0 0 0 0 0.2 0 0 0.4 0 0 0 0 0 0 0 0 0 0 0 0 0 0 0 0 0 0 0 0 0 0 0 0 0 0 0 0 0.4 0 0.4 10.600000000000001 0 5.2 0.4 0 0 3.4000000000000004 0 0.4 0 0 0 0 0 2.8000000000000003 0 0.4 0 0 0 0 0 0 0 0.4 0 0 0 3 3.6 0 0 0 0 0 0 0 0 0 0 0 0 
 22.400000000000002 26.6 6.2 42 31.6 26.200000000000003 26.6 5.800000000000001 24 35.6 0 25.6 11.200000000000001 10.4 15.600000000000001 18.8 94.4 29.400000000000002 8.4 10.8 6 0.4 0.6000000000000001 0 0 0.8 15.200000000000001 0.4 0 0.4 0 0 29.6 0.4 0.6000000000000001 0 0 0.8 0.6000000000000001 44.800000000000004 0 0 0.2 0 0 0.2 0 0 0 0.2 0 0 0.4 0 0.4 0.4 0 0.4 0 0 0 0 0 0 0 0 0 0 0 0.6000000000000001 0 0.6000000000000001 0 0.6000000000000001 0 0 0 1 0 0 6.4 3.2 5.800000000000001 6 8.6 13.8 0 0 7 4.800000000000001 2 3.8000000000000003 0 0 3.2 16 4.6000000000000005 4.2 0 0 1.2000000000000002 2.2 0 0.2 0 0 12 2 0 0 0 0 2.2 2 0.2 5.4 0 0 3.6 0.2 0 0 0 0 0 0 0 0 0 0 0 0 0 0 0 0 0 0 0 0 0 0 0.4 0.2 0 1.2000000000000002 0 0 0 0 0 0 0 0 0 0 0 0 0 0.4 0 2.6 4.4 0 1.6 2.4000000000000004 0.4 0 3.6 0 2.4000000000000004 12.8 2 0 0 0 1.8 3 0 0 0 0 1.2000000000000002 0 0 1 2.6 0 0.2 0 0 0 6.2 4.800000000000001 1.6 0 0 0 14.600000000000001 14.8 0 0 0 0 0 0 0 0 2.6 0 0 4.6000000000000005 0 0 0 0 0 0 0 0 0 0 0 0 0 0 0 0 0 0 0 0 0 0 0 0 0 0 3.6 0 0 0 0 0 0 0 17.2 0.2 0.2 1.4000000000000001 0.4 1.2000000000000002 3.6 0 0 0 0 0 0 0 0 0 0 0 0 0 0 0 0 0 0 0 0 0 0 0 0 3.8000000000000003 0 0 0 0 0 0 0 0 0 0 0 0.2 
 8.6 13.600000000000001 34.800000000000004 37.800000000000004 28.8 26.200000000000003 15.8 6.2 11 53.2 25.6 0 11.200000000000001 5.800000000000001 11.200000000000001 64.4 38.6 25 4.800000000000001 31.200000000000003 1.4000000000000001 0.4 0.6000000000000001 0 0.4 0.6000000000000001 0 0.6000000000000001 0 0 0 42 15.600000000000001 0.4 15.4 0 0 0 0 15.600000000000001 0 0 0 0 0 12.4 0 0 0 0 0 0.4 0.4 0 0.2 0.4 0 0.4 0 0 0 0 0 0 0 0 0 0 0 0.4 1.2000000000000002 0.6000000000000001 0.4 0.4 0 0 0 0.6000000000000001 0 0 0 0 0 5.6000000000000005 0 2 0 1.6 3.2 8.6 5.800000000000001 3.4000000000000004 0 1.8 0 6.6000000000000005 0 3 0 0 2.8000000000000003 0 0 0 0 5.4 2.6 0 0 0 0 0 0.2 4.800000000000001 0 7.4 0 0 0 2 0 0 0 0 0 0.2 0 0 0 0 0 0 0 0 0 0 0 0.2 0 0 0 0 0 0 0 1 0 0 0 0 0 0 0.2 0 0 0 0 0 0 0 0.2 2.6 1.2000000000000002 0.2 2.4000000000000004 3.6 0 0 0 3.8000000000000003 3.6 3.2 0 1.6 1.8 0 0 5 0 0 0 0 2.4000000000000004 0 0 0.4 4.2 0 2.8000000000000003 0 0 0 5.800000000000001 6.6000000000000005 0 2.6 0.2 0 2 3.2 0 0 0 0 0 0 0 0 0 0 0 0 0 0.4 0 0 0 0 0 3.2 0 0 0 0 0.4 0 0 0 0 0 0.4 0 0 0 0 0 0 0 0.4 0.2 0 0 0 0 0 0.4 0.4 0.4 20.8 0 2.4000000000000004 0.8 0.8 0 0 0 0 0 0 0 0 0 3 0 0 0 0 0 0 0 0 0 0 0 0 0 0 2.8000000000000003 0 0 0 0 0 0 0 0.4 0 0 0 0 
 14.600000000000001 23.400000000000002 40.2 27.200000000000003 12.600000000000001 25.400000000000002 29.200000000000003 42.2 25.8 71 11.200000000000001 11.200000000000001 0 16.400000000000002 101.4 26.8 55.800000000000004 5 58 26.6 0 0.4 0.6000000000000001 0 0 0.4 0 0.6000000000000001 0 0 0.4 0 0 0.4 0.6000000000000001 0 0.2 0 0 0.6000000000000001 0 0 0 0 0 0.2 0 0 0 0 0 1.8 0.2 0 0 0.4 0 0 0 0 11.4 0 0 0 0 0 0 6.800000000000001 0 0.4 0 0.6000000000000001 0.6000000000000001 0.4 0 0 6.800000000000001 0.6000000000000001 0 0 6 5 2.6 14.4 0.6000000000000001 0 3 6.2 0 5.6000000000000005 0 2.2 0 5 2.2 0 2.2 0 2.4000000000000004 0.2 0 0 0 0 0 0.2 0 0 2.6 0 0 0 0 0.4 0 0 0 0 0 0 0 0 1.8 0 0 0 0 0 0 0 0 0 0 0 0 0 0 0 0 0 0 0 0 0 0 0 0 0 0 0 0 0 0.2 0 0 2 0 0 0 0 7.4 5.800000000000001 3 0 0 0 0 3.8000000000000003 5.800000000000001 13.8 0 3.6 0.4 0.2 0 6.800000000000001 5.6000000000000005 2.8000000000000003 0 3.8000000000000003 0 0 0.4 0 0 0 0 0 0 0 0 0 0 0 0 0 0 0 0 0 0 5.6000000000000005 0 0 0 0 0 0 0 0 0 0 0 0.2 0 0 0 0 0 0 0 0 2.4000000000000004 0 0.4 0 0 0 0 0 0.4 0 0 0 0 0 0 0 0.4 0 0 0 0 0 0 0.6000000000000001 0.2 0.4 0.6000000000000001 0 0 1 0 0 0 0 0 0.4 0 0 0 0 0 0 0 0 0 0 0 0 0 0 0 0 0 0.8 9 0 0 0 0 0 0 0 0 0.4 0 0 0 0 
 50.2 11 31.6 35 33.4 51.2 19.200000000000003 76 37.2 57.2 10.4 5.800000000000001 16.400000000000002 0 57.2 15.8 23 7.800000000000001 40.2 17.8 0 0.4 0.6000000000000001 0 0 0.8 0 0.6000000000000001 0.4 0.2 0.4 0 0 0.4 0.6000000000000001 0 0 0 0 0.6000000000000001 0 0 12.8 0 0.4 0 2 0 0 0 0.4 0 0.2 0 0 12.600000000000001 0 0 0 0 0 0 0 0.4 0 0 0 0 0 0.4 0 0.6000000000000001 0.6000000000000001 0.8 0 0 0 1.2000000000000002 0 0 3.8000000000000003 6.2 2.2 0 0.2 0 2.6 2.2 1.6 3.6 2.2 0 6.4 1.6 3 0.2 1.2000000000000002 1.8 5.2 8.200000000000001 0 0.4 0.2 0 0 0 0.4 0 0 0 0 0 0.6000000000000001 0 0 0 0 0 2.8000000000000003 1.4000000000000001 0 2 0 0 0 0 0.4 0 0 0 0 0 0 0 0 0 0 1 1.6 0 0 0 0 0 0 0 0 0 0 0 0 0 0 0 0 0 0 0 0 0 4 0.6000000000000001 0 5.2 2.6 0 3.8000000000000003 6.4 4.2 3.4000000000000004 0 3 0 2.2 0 2.2 5 0.2 3.8000000000000003 1.4000000000000001 0 0 0 0 0 0 0 0 0 0 0 0 0.2 0 0 0 0 0 0 0 0 0 0 0 0 0 0 0 0 0 0 0 0 0 3.8000000000000003 0.2 0 0.2 0 0 0 0 0 0.2 0 0 0 0 0 0 0 0 0 0 0 0 0 0 0 0 0 0 0 0 0 0 10.600000000000001 0 0.4 0 0.4 0.8 0 0 0 0 0 0 0 0 0.2 0 0 0 0 0 0 0.4 0 0 0 0 0 0 0 6.4 0 0 0 0 0 0 0 0 0 0 0 0 0 0 
 10.200000000000001 18.400000000000002 48.800000000000004 10.4 20 13.200000000000001 84.60000000000001 98.80000000000001 38.400000000000006 19.8 15.600000000000001 11.200000000000001 101.4 57.2 0 28.400000000000002 58.800000000000004 25 27 22.400000000000002 0 0.4 1 0 0.4 0.6000000000000001 1.4000000000000001 0.6000000000000001 0 0 0.6000000000000001 0.4 0 0.4 0.6000000000000001 0 0 0 15.200000000000001 0.6000000000000001 0 0.2 12.600000000000001 0 0.6000000000000001 0 0.4 0 0 0.4 0.2 0 0.4 0 0 0 0 0.4 0 0.6000000000000001 0 0 0 0 0 0 0 0 0 0.4 0.2 0.6000000000000001 0.2 0.4 0.4 0 0 0.8 0 0 5.4 3.6 6.6000000000000005 0 2.8000000000000003 0 2 4 0 0 0 0.4 8.4 5.800000000000001 0.2 0 1 0 1.4000000000000001 4 0 0 0 0 0 0 0.2 0 0 0 0 0 3.6 0 0 0 0 1.2000000000000002 0 0 0 0 0 0 0 0 0 0.2 0 0 0 0 0 0.4 0 0 0 0 0 0 0 0 0 0 0 0 0 0 0 0.2 0 0 0 0 0 0 0 0 0 0.4 6.6000000000000005 0 7.4 8.4 0 0 3.6 6.4 2.2 6 0 2.4000000000000004 0.2 0 0 7.800000000000001 3.4000000000000004 0 2.8000000000000003 6 0 0 0 0 0 0 0 0 0 0 0 0 0 0 0 0 0 0 0 0 0 0 0 0 0 0 0 0 1.8 0 0 0 0 0 0 0 0 0 0 0 0 0 0 0 0 0 0 0 0 0 0 0 0 0 0 0 0 0 0 0 0 0 0 0 0 0 6.800000000000001 0 0.2 22.400000000000002 0 0.6000000000000001 0 0 3 0 0 0 0 0 0 0 0 0 0 0 0 0 0 0 0 0 0 0 0 3.2 2.2 0 0 0 0 0 0 0 0 0 0 0 0 0 
 8.6 14.600000000000001 13.4 9.8 15.4 41.6 60.800000000000004 52.2 54.2 147.8 18.8 64.4 26.8 15.8 28.400000000000002 0 76.60000000000001 59.800000000000004 50.800000000000004 123 0 0.8 0.6000000000000001 0 0 0.8 0 0.4 0 0.2 0.2 0 0 0.4 0.6000000000000001 0 0 0 0.4 16.2 0 0 0.2 0 0 0 0 0 0 0 0 0 0 0 0.4 0.4 0 0.2 12.600000000000001 0 0 0 0 0 0 0 0 0 0 0.6000000000000001 0 0.6000000000000001 0 0.6000000000000001 0 0 0 0.4 0 0 5.2 4 0 0 1.4000000000000001 2.2 4.800000000000001 0 0.2 11 2.4000000000000004 0 5.800000000000001 0.4 8.200000000000001 2.8000000000000003 8.6 5.6000000000000005 0 0 0 0 0 0 0 0 3.4000000000000004 0 0 0.4 0 0 4.2 2 0 3 0 0 0.4 0.2 0.2 0 0 0.4 0 0 0.4 0.2 0 0 0 0 0.6000000000000001 0.6000000000000001 0 0 0 0 0.2 0.4 0 0 0.6000000000000001 0.2 0 0.6000000000000001 0 0 0.6000000000000001 0.6000000000000001 0 1.8 0 0.2 0.2 0.4 0 0 0 0 1.6 1.4000000000000001 13.8 3.2 0 0.2 0 0 2.4000000000000004 6.2 3.8000000000000003 4 0 3 2 6.6000000000000005 5.6000000000000005 0.4 0 5.800000000000001 0 0 0 0 0 0 0 0 0 0 0 0 4.800000000000001 3.8000000000000003 0 0 0 0 1 0 0 0 0 0 0 0 0 0 5.800000000000001 0 0 0.2 0 0 0 0 0 0 0 0 0 0 0 0 0 0 0 0 0 0.2 0 0 0 0.4 0 0 0 0 2 0 0 2 0 0 0 0.4 17.2 0 0.4 0 0 1.8 0.2 0 0 0 0 0 0 0 0 0 0 0 0 0 0.2 0 0 0 0 0 0 0 0 0 0 3.8000000000000003 0 0 0 0 0 0 0 0 0 0 0 0 
 25.6 104.60000000000001 27.400000000000002 31.8 6 30.200000000000003 45.800000000000004 15.4 63 8.4 94.4 38.6 55.800000000000004 23 58.800000000000004 76.60000000000001 0 51 9.8 27.200000000000003 14.8 0.4 0.6000000000000001 15 0.4 0.4 5.800000000000001 1 0 0 0 0.4 3.4000000000000004 0.4 0.6000000000000001 0 0 0 0.4 7 0 0 0.4 0 0 0.2 0 0 0 0 0.4 0 0.4 0 0.2 17 0 0 0 0 0 0 0 0 0 0 0 0 0 0.4 0 0.6000000000000001 0.6000000000000001 0.4 0 0 0 0.6000000000000001 0 0 6.2 13 7.6000000000000005 3.4000000000000004 3 5.800000000000001 2 5.6000000000000005 3.4000000000000004 1.2000000000000002 0 3.8000000000000003 2.2 6.800000000000001 0.2 1.6 0 0 0 0.2 0 3.2 0 0 0 0 2.8000000000000003 1.4000000000000001 0 0 0 0 3 0 0 0 0.2 0 6.4 2.2 0.2 0 0 0 0 0 0 0 0 0 0 0 0 0 0 0 0 0 0 0 0 0 0 0 0 0 0 0 0 0 0 0 0 0 0 0 0 0.2 0 0 3.2 3.8000000000000003 1.8 6.2 0 0 0 1.4000000000000001 6.4 2 0 6.4 0 2.6 0.2 6.2 5 2.4000000000000004 0 5 0 0 0 0 0 1.4000000000000001 0 0 0 0.2 0.2 0 0.4 0.4 0 5.4 0 0 5.2 0 0 0 0 0 0 0 0 0 2.8000000000000003 0 0 0 0 0 0 0 0 0 2 6.4 0 0 0 0 0 0 0 0 0 0 0 0 0 0 0 0 0 0 0 0 0 0 0 0 0 0 9 0 0.8 4 0.2 1.8 0.2 0 0 0 0 0 0 0 0 0 0 0 0 0 0 0 0 0 0 0 0 0 0 6.6000000000000005 0.2 0 0 0 0 0 0 0 0 0 0 0 0 0 
 8.200000000000001 45 40.6 67.8 36.6 20.200000000000003 9.8 30.6 8.6 44.800000000000004 29.400000000000002 25 5 7.800000000000001 25 59.800000000000004 51 0 6.6000000000000005 28 0.2 0.4 0.6000000000000001 1 0 0.8 0.6000000000000001 0.8 0 0.4 0 1.2000000000000002 15 0.4 0.6000000000000001 0 0 0.2 0.2 33.4 0.2 0 0.8 1.6 0.4 11.4 0.4 0.6000000000000001 0.2 0 0.2 0.6000000000000001 0.4 0.4 0.6000000000000001 0.4 0.6000000000000001 0.8 0 0.4 0 0 0 0 0 0 0 0 0 0.4 7 0.6000000000000001 0.6000000000000001 1.6 0.8 0 0 2.6 0 0 1.2000000000000002 5 5 0.2 10.8 4.6000000000000005 0 4.6000000000000005 0 3.2 4.4 5.800000000000001 5.6000000000000005 4.2 0.8 5.6000000000000005 2.8000000000000003 0 0 2.2 0.2 0 0 0 0 0 4 2.4000000000000004 0 0 0 0 5.2 2 0 3 0 0 3 0 0 0 0 0 0 0 0 0 0 0 0 0 0 0 0 0 0 0 0 0 0 0 0 0 0 0.8 0 0.4 0 0 0 0 0 0 0 0 0 0 0 0 0 11.4 4.800000000000001 0.2 2 0.4 0 0.4 1.8 0 4.4 2.6 0 1.6 2.4000000000000004 0 0 0.2 0 0 0 0 0 0 0 0 0 0 0 0 0 0 0 1.8 0 0 0 0.2 0.2 0 0.2 0 0.4 0 0.4 0 0 0 1.8 0 0 2.8000000000000003 0 0 0 0 0 0 0 0 0.4 0 0 0 0 0 0 0 0 0 0 0 0 0 0 0 1.2000000000000002 0 0 0 0 0 0 0 0 0.4 18.2 0 19.8 15.200000000000001 2.6 1 0 0 0 0 0 0 0 0 0 0.4 0 0 0 0 0 0 0 0 0 0 0 0 0 0 2 2.6 0 0 0 0 0 0 0 0 0 0 0 4.2 
 41.2 47.400000000000006 21.200000000000003 35 17 52.6 37.2 39.6 12.600000000000001 25.200000000000003 8.4 4.800000000000001 58 40.2 27 50.800000000000004 9.8 6.6000000000000005 0 56.6 0 0.4 1 0 0 1.4000000000000001 0.4 0.4 0.6000000000000001 0 0.2 0.6000000000000001 0.4 1.4000000000000001 0.6000000000000001 0.6000000000000001 0 0.4 0 0.6000000000000001 0 0 0.2 0 0 0 1 0 0 0 0.4 0 0.4 0.2 12.200000000000001 0 0.6000000000000001 0.2 0 0.2 0 0 0 0 0 0 0.6000000000000001 0 0 0.6000000000000001 0 0.6000000000000001 0 0.6000000000000001 0 0 0 0.6000000000000001 1 0 2.6 9.600000000000001 12 3.4000000000000004 2 0 8 3.6 2.2 1.8 2 0 12 2.8000000000000003 7.6000000000000005 0 3.6 3.6 2 6.4 0 0 0 0 0 0 0 0 0 0 0 0.4 0.2 0 0 0 0 0 0 0 0 0 0 0 0 0 0 0 0 0 0 0 0 4 0 0 0 0 0 0 0 0 0 0 0 0 0 0 0 0 0 0 0 0 0 0.2 0 0 0 0.2 0.2 0.6000000000000001 0 2.8000000000000003 0.4 0 2.4000000000000004 11.600000000000001 4 5.4 0 2.6 3.2 2 5.800000000000001 7.2 7.2 11.8 3 12.600000000000001 0 0 0 0 0 0 0 0 0 0 0 0 0 0 0 0 0 0 0 0 0 0 0 0 0 0 0 0 0 0 3.4000000000000004 0 0 0 0 0 0 0 0 0 0 0 0.2 0 0 0 0.2 0 0 0 0 0 0 0 0 0 0 0 0 0 0 2.6 0 0 0 0 0 0 0.8 0.4 0 1 0 0 0 0 0 0 0 0 0 0 0 0 0 0 0 0 0 0 0 0 0 0 0 2.2 0 0 0 0 0 0 0 0 0 0 0 0 0 0 
 24.200000000000003 43.6 7.6000000000000005 28.200000000000003 17 16.8 46.800000000000004 7.800000000000001 11.600000000000001 42.400000000000006 10.8 31.200000000000003 26.6 17.8 22.400000000000002 123 27.200000000000003 28 56.6 0 0.6000000000000001 0.6000000000000001 0.6000000000000001 0 0 0.6000000000000001 0 0.4 0 0 0.4 0 0.8 0.4 0.8 0 0 0.8 0 0.6000000000000001 0 0 0.2 0 0 12.4 0 0 0 0 0.4 0 0 0 0.4 0 0 0.2 0 0 0 0 0 0 0 0 0 0 0 0.6000000000000001 0 0.6000000000000001 0 0.6000000000000001 0 0 0.6000000000000001 0.4 0 0 1.6 2.8000000000000003 1.4000000000000001 2.2 2 0.2 13.600000000000001 0.2 0 5.4 6 3.4000000000000004 3.6 9.8 15.8 0 5.2 2 2.2 1.2000000000000002 0 0 0 0 0.4 0 0.2 0 0 0 0 0 0 0 0 0 0 0 0 0 0 0 0 0 2.8000000000000003 0 0 0 0 0 0 0 0 0 0 0 0 0 0 0 0 0 0 0 0 0 0 0 0 0.4 0 0 0 0 0 0 0 0 0 0.4 0 6.6000000000000005 0.8 2.2 0 0 2 1.8 5.800000000000001 2.6 1.2000000000000002 1.4000000000000001 0 5 10.4 3.4000000000000004 2.8000000000000003 1.8 0 3 0 0 0 0 0 0 0 0 0 0 0 0 0 0 0 0 0 0 0 0 0 0 0 0 0 0 0 0 2 0 0 0 0 0 0 0 0 0 0 0 0 0 0 0 0.2 0.2 0 0 0 0 0 0 0 0 0 0.4 0 0 0 0 0 4 0 0 0 0.8 18.2 0 2.2 0.2 2.8000000000000003 1 0 0 0 0 0 0 0 0 0 0 0 0 0 0 0 0 0 0 0 0 0 0 0 0 2.8000000000000003 0 0 0 0 0 0 0 0 0 0 0 0 0 
 0 0 0 24.400000000000002 0 7.2 0 0.2 15 14.4 6 1.4000000000000001 0 0 0 0 14.8 0.2 0 0.6000000000000001 0 21.400000000000002 25.8 23 8.4 8 64 15.200000000000001 5.4 19.200000000000003 5.6000000000000005 10.600000000000001 96.4 7.800000000000001 7.4 37 21.8 4.2 6.800000000000001 71.2 0 0 0 0 0 0 0.4 0.2 1.2000000000000002 0.6000000000000001 1.2000000000000002 0.4 0.2 0 0 1 0 0.4 0.6000000000000001 0 0 0.6000000000000001 0 0 0 0.6000000000000001 5.800000000000001 0 0.6000000000000001 0 0.8 0 0 1.2000000000000002 0 0 0.4 0.2 0.6000000000000001 0 0 0 0 0.4 0 5.2 0 0 1.8 3.8000000000000003 2 4.800000000000001 0 0 0 1.8 0 0 0 0 4.800000000000001 9.4 3.8000000000000003 0 0 3.2 3 4 14.8 7.800000000000001 0 0 3.6 3.4000000000000004 3.2 7.4 1.8 6 2.2 2.6 0 0 0 0 0 0.4 0 0 0 0 0 1.2000000000000002 0 0 0 0 0 0 0 0 0 0 0 0 0 0 0 0 0 0 0 0 0 0 0 0 0 0 0 0 0 0.2 0 2.2 1.4000000000000001 1.6 0 0 0 0 2.2 2.6 0 0 0 0 0 0.2 0 0 3.2 3.4000000000000004 0.4 0 0 1 5.2 5.6000000000000005 2.4000000000000004 2.2 0 0 8.8 7.2 4 5 0 0 3.4000000000000004 2.2 0.2 0 2 0 0 0 0 0 0 0 0 0 0 0 0 0 0 0 0 0 0 0 0 0 0 0 0 2 0 0 0 0 0 0 2.6 0 0 0 0 0 0 0 0 0 0 0 0 0 0 0.2 0 0 0 0 1 0 0 0 0 0 0.4 0.4 0 0 0 0 0 0 0 0 0 0 0 0 0 0 0 2.4000000000000004 0 0 0 0 0 0 0 0 2.4000000000000004 0 0 0 
 0.4 0.8 0.6000000000000001 0.4 4.800000000000001 4.4 0.4 0.6000000000000001 0.4 2.2 0.4 0.4 0.4 0.4 0.4 0.8 0.4 0.4 0.4 0.6000000000000001 21.400000000000002 0 63.6 50.6 55.6 89.60000000000001 49.800000000000004 57.800000000000004 25.400000000000002 66.4 10.8 9.8 7.2 72.60000000000001 40.800000000000004 26.6 25.400000000000002 8.6 11.200000000000001 28 0 1 1 0.6000000000000001 0 0.4 0.4 1 0.6000000000000001 1.8 0.4 0 0.2 1 0.8 1.2000000000000002 0.4 0.4 14.600000000000001 0.8 1 1.6 1 0 0.6000000000000001 1 0.6000000000000001 0.6000000000000001 1 0 1.2000000000000002 0.6000000000000001 11.8 2 0.4 0 0.6000000000000001 0.4 1 0.4 0 0 0 0 0 0 0 0.4 0 0 2.4000000000000004 0 0 0 0 0 0 0 0 0.4 3.8000000000000003 0.8 3 7.6000000000000005 7.6000000000000005 5.800000000000001 0 2.4000000000000004 4.6000000000000005 3.2 10.200000000000001 5.2 4 6 2.4000000000000004 2 12.8 2.4000000000000004 3 3.4000000000000004 0 0 0 3 0 0 0 0 0 0 0 0.4 2 0.4 2.2 0 0 0 2 4.6000000000000005 0 0 0 0 0.2 0 0.2 0 0 0 0 0 0 4 0 0.4 0.4 0 0 0 0 0 0 0.2 0 0 0 0 0 0 0 0 0 0 0 0 0 0.4 0 0 5.6000000000000005 0.6000000000000001 0 0 3.8000000000000003 0.4 3.6 4.4 7.4 0 0.2 0 0 0 13.200000000000001 6.6000000000000005 3.4000000000000004 9.4 0 0 0 0 0 0 0 0 0 0 0 0 0 0 0 0 5 0 0 0 0.2 0 0 0 0 0 0 0 0 0 0 0 0 0 0 0 0 0.4 0 0 0 0 0 0 2.4000000000000004 0 0 0 0 0 0 0 0 0 0 0 0 0.2 0 0.8 9 0.4 2.2 0.6000000000000001 0 0 0 0 0 0 0.2 0 0 0 0 10.200000000000001 0 0 0 0.2 0 0 0 2.4000000000000004 0 0 0 0 5.6000000000000005 0 0 0.2 
 0.6000000000000001 0.8 1.4000000000000001 0.6000000000000001 25.8 13.200000000000001 0.6000000000000001 1 0.6000000000000001 0.8 0.6000000000000001 0.6000000000000001 0.6000000000000001 0.6000000000000001 1 0.6000000000000001 0.6000000000000001 0.6000000000000001 1 0.6000000000000001 25.8 63.6 0 36.800000000000004 11.8 11.8 38 64.2 30.400000000000002 10.200000000000001 12.600000000000001 24 11.600000000000001 42.400000000000006 27.200000000000003 9.4 7.2 22.6 37.6 31 0.6000000000000001 11.200000000000001 0 0 0 0.2 0.2 0 2.8000000000000003 0.6000000000000001 7.4 12.8 0.4 0 0.4 0.6000000000000001 0.2 0.4 0.6000000000000001 0.6000000000000001 0.4 2 0.6000000000000001 1.6 0 1 0 0 0.6000000000000001 0 0.8 0 0 0.2 0 0 0.4 0 0.6000000000000001 1.4000000000000001 0 0 0 0 0 0 0 0 0 0 2.4000000000000004 0 0 0 0 0.2 0 0 0 0 9 2.4000000000000004 6.2 2.6 1.8 0.2 1.8 9.4 2.4000000000000004 5.2 7.6000000000000005 4.4 1.4000000000000001 3 4.800000000000001 3 9.200000000000001 6.6000000000000005 2.4000000000000004 7.6000000000000005 0 0 0 0 0 0 0 0 0 0 0 0 0 0 0 0 0 0 0 0 0 0 0 0 1.2000000000000002 0 0 0 0 0 0 0 0 0 0 0 0 0 0 0 0 0 0 0 0 1 0 0 0 0 0 0 0 0 0 0 0 0 0 0 5.4 1.8 3.6 9.4 0 3.6 0 4.4 4.4 5.800000000000001 3 1.6 0 3.4000000000000004 3.8000000000000003 0 2.6 2.4000000000000004 5 2 0.4 0 0 0 0 0 0 0 0 0 0 0 0 0 0 0 0 0 0 0 0 0 0 0.4 0 0 0 0 0 0 0 0 0 0 0 0 0 0 0 0 0 0 0 0 0 0 0 0 0.2 0 0 0 0 0 2.6 0.4 0 0.2 15.8 0.2 0 0 0 0 0 0 0 0 0 0 0 0 0 0 0 0 0 0 0 0 0 3.6 0 0 0 0 0 0 0 0 
 0 0.6000000000000001 0.2 0 0 0 0 1 0 0.6000000000000001 0 0 0 0 0 0 15 1 0 0 23 50.6 36.800000000000004 0 63 49.400000000000006 23 11.4 25.8 91.4 12.600000000000001 43.400000000000006 13.4 47.2 88.2 29.200000000000003 20.8 53.2 8.6 5.2 12.600000000000001 0 0 0 0 0.2 9.200000000000001 0 0 0.6000000000000001 0.2 0 0.4 0 0.4 0.6000000000000001 0 0 0.6000000000000001 0 0 0.6000000000000001 0 0 0 0.6000000000000001 0 0 0.6000000000000001 0 0.6000000000000001 7.800000000000001 0 0.8 0 0 0.4 0 0.6000000000000001 0 0 0 0 0 0 0 0 0 0 0 0 0 0 0 0 0 0 0 0 0 3.8000000000000003 2.2 0 5.4 4.2 4.2 0 0 2 9 7.4 7.2 0 1.4000000000000001 1.4000000000000001 2.2 8.6 1.6 1.4000000000000001 0 2.6 0 0 0 0 0 5.4 2 0 0.2 2.4000000000000004 0 2.2 4.6000000000000005 6.6000000000000005 2.2 0 0 6.800000000000001 8.4 0 0 0 0 0.2 0 0 0 0 0 0 0 0 0 0 0 0 0 0 0 0 0 0 0 0 0 0 0 0 0 0 0 0 0 0 0 0 0 0 0 0.2 0 0 0 11 0 0 1.4000000000000001 2.4000000000000004 1.8 0 3.2 0 0 8.4 3.8000000000000003 5.6000000000000005 4.2 0 2 0 5.4 0 0 0 0 0 0 2.4000000000000004 0 0 0 0 0 0 4.4 0 0 4 0.6000000000000001 0 0 2 0 0 0 0 0 0 0 0 0 0 0 0 0 0 0 0 0 0 0 0 0 0 0 0 0 0 0 0 0 0 0 0.2 1 0 0 15.8 0 2.2 1.8 0 0 0 0 0 0 0 0 0 0 0 0 0 0 0 0 0 0 0 2.2 0 0 0 0 2.8000000000000003 0 0 0 
 0 0.4 0 0.4 0 0 0 0 0.4 0.8 0 0.4 0 0 0.4 0 0.4 0 0 0 8.4 55.6 11.8 63 0 13 9.600000000000001 53 13.8 50.2 32.2 42.400000000000006 18.2 16 33 18.2 17.6 33.2 14.200000000000001 9.8 4.2 0 12.600000000000001 11.600000000000001 0 0.8 25.8 0.2 12.8 0.6000000000000001 0.2 0.4 0.2 4 13 0.4 0.2 0.4 1 12.4 0 0.8 0 0 0 0.6000000000000001 0 2.8000000000000003 0.6000000000000001 0 0.6000000000000001 0 0 0 0 0 0.4 0 0.6000000000000001 0 0 0 0 0 0 0 0 0.2 0 4.2 0 0 0 0 0 0 0 0 0 0.2 0 0 0.4 5 2.6 2.8000000000000003 0 0 0 3.6 4.800000000000001 0 0 4.4 0 0 0.2 0 0 0 7.800000000000001 0.2 0 0 0 0 3.2 6 0.2 2.6 0 0 5 2.6 5 9.8 0 0 4.4 5 0 0 0 0 0 0 0 0 0 0 0 0 0 0 0 0 0 0 0 0 0 0 0 0 0.4 0 0 0 0 0 0 0 0.4 0 0 0 0 0.2 2 0 0 0 0 3.8000000000000003 4.6000000000000005 0.2 0 0 2.4000000000000004 0 0 4.800000000000001 0 0 0 0 7.4 1.6 0 0 0 2.4000000000000004 0 0 0 0.2 1 0 5 0 0 0 1.8 0 4.2 4.800000000000001 0 0 0.2 2.6 0 0 0 0 0.4 0 0 0 0 0 0 0 0 0 0 0.2 0 0 0 0 0 0 0 0 0 0 0 0 0 0 0 0 0 0 1.4000000000000001 0.4 0.4 1 14.8 0 0.6000000000000001 2.6 0 0 0 0 1.6 0 0 0 0 0 0 0 0 0 0 0 0 0 0 6.800000000000001 0 0 0 0 0 0 0 0.4 
 0.6000000000000001 1 1.2000000000000002 0.6000000000000001 0.8 0.6000000000000001 0.6000000000000001 0.6000000000000001 0.4 0.6000000000000001 0.8 0.6000000000000001 0.4 0.8 0.6000000000000001 0.8 0.4 0.8 1.4000000000000001 0.6000000000000001 8 89.60000000000001 11.8 49.400000000000006 13 0 5.800000000000001 17.2 10.8 73.8 43.6 25.400000000000002 7.2 73.4 24 12.600000000000001 12.8 41 5 6.4 0.6000000000000001 1.4000000000000001 12.8 12.600000000000001 0 0.4 0.4 1.4000000000000001 0 1.2000000000000002 0.2 0.4 0.2 13 27.200000000000003 0.8 12.600000000000001 0.4 26.6 23.400000000000002 0 0.6000000000000001 0 0 0 0.6000000000000001 0 0 0.6000000000000001 0 1.2000000000000002 0 0.4 0 0.6000000000000001 0 0.4 0 1.4000000000000001 0 0 0 0 0 0 0 0 0 0 0 0 0.4 0 0 0 0 0 0 0 0 0.8 0 2.8000000000000003 0 2 4.2 0 0 0.4 0 0.2 0 0 2.6 0 0 0.2 0 0 0 5.4 2.2 0.2 3.8000000000000003 0.4 0 2.8000000000000003 5.4 3.8000000000000003 6.6000000000000005 0 0 5.2 2.4000000000000004 0.2 0 0 6.4 2.2 8 0 0 0 0 0 0 0.6000000000000001 0 0 0 0 0 0 0 0 0 0 0 1 0 0 0 0 0 0 0 0 0.6000000000000001 0.2 0 0.6000000000000001 0 0 0 0 0 0 0 0 4.2 2.6 4.6000000000000005 1.4000000000000001 2.8000000000000003 0.2 2.4000000000000004 0 0 7.800000000000001 0 1.4000000000000001 1.6 0 0 0 2.6 2.2 2.6 0 0.2 3.6 0.4 1.8 2.6 0 0 6.6000000000000005 2 3 0 0 0 3 2.8000000000000003 6.6000000000000005 2.2 2 5.6000000000000005 5.4 2.6 0 0 0 0 0 0 0 0 0 0 0 0 0 0 0 0 0 0 0 0 0 0 1.6 0 0 0 0 0 0 0 0 0 0 0 1 0 0 14.8 15.200000000000001 0.2 1.2000000000000002 0.6000000000000001 0 0 0 0 0 0 0 0 0 0 0 0 0 0 0 0 0 0 0 0 0 0 0.2 0 0 0 0 0 
 0 15.8 0 11.200000000000001 12.4 27.6 0.2 0 12.200000000000001 0.2 15.200000000000001 0 0 0 1.4000000000000001 0 5.800000000000001 0.6000000000000001 0.4 0 64 49.800000000000004 38 23 9.600000000000001 5.800000000000001 0 33 78 38.400000000000006 6.6000000000000005 50.6 19.200000000000003 19.400000000000002 12.200000000000001 7.6000000000000005 21.400000000000002 7.6000000000000005 21.200000000000003 50.800000000000004 0 0 0.6000000000000001 0 0 0.2 1 0 9.8 0.6000000000000001 0.8 1 0.4 0 0 0.8 0 0 0.6000000000000001 0 0.2 1 0 0 0 1 0 0 0.6000000000000001 0 11.4 0 0 0 0 0.4 0.4 0 0.6000000000000001 0.4 0 3.2 0 0 0 3.4000000000000004 0 0.2 1.6 0.2 2.6 2.2 0.2 0 0 1.6 0 0 0 0.2 0.8 11.4 2.4000000000000004 2.2 0 3.8000000000000003 2.2 7.6000000000000005 1.6 0 0 2 5.2 1.6 3 2.8000000000000003 5.800000000000001 10.200000000000001 1.8 4.2 0 0 0 0 0 0 0 0 0 0 0 0 0 0.2 0 0 0.2 0.4 0.4 0 0 0.2 0 0 0 0 0 0 0 0 0 0 0 0 0 0 0 0.4 0 0 0 0 0 0 0.2 3 0 0 0 0 0 0 0 0 0 0.2 0 0 0 0 2.6 0 0.2 0.4 0 1.4000000000000001 6.2 8.8 4.6000000000000005 2 4.800000000000001 0 4 5 2.4000000000000004 0.2 0 1.8 6 0 0 0 0 0.4 0 0 0 0 0 0 0 0 0 0 0.4 3.6 0 0 4 0 0 0 0 0 0 0 0 0 0 0 0 0 0 0 0 0 0 0.4 0 0 0 0 0 0 0 0.4 0 0 0 3 0 0 0 0 1.6 0.4 0.4 0 0 0.4 0.4 0 0 0 0 0 0 0 0 0 0 0 0 0 0 0 0.2 0 0 0 0 0 0 0 0 0 2 0 0 0 
 0.4 1.2000000000000002 0.6000000000000001 4.4 0.6000000000000001 1 0.6000000000000001 0.6000000000000001 0.6000000000000001 0.6000000000000001 0.4 0.6000000000000001 0.6000000000000001 0.6000000000000001 0.6000000000000001 0.4 1 0.8 0.4 0.4 15.200000000000001 57.800000000000004 64.2 11.4 53 17.2 33 0 15.600000000000001 21 28.8 29.8 51.800000000000004 19.6 12.200000000000001 22.400000000000002 22 28.8 19.6 43.800000000000004 0 0 0 0 0 0 0.4 0 0.8 0.6000000000000001 0.2 0.4 0.2 0 0 0.8 0 0 24.400000000000002 0 0 2.2 2.8000000000000003 1.2000000000000002 0 0.6000000000000001 0 0 0.6000000000000001 0 0.6000000000000001 0 0 0 0 0 0.4 0 0.6000000000000001 2.2 0.2 0 0 0 0.2 0 0 0 0 0.4 2 0 0 0 0 0 0 0 0.4 0 2.6 2 0 3.6 2.8000000000000003 2.4000000000000004 0 2.4000000000000004 3.4000000000000004 6.6000000000000005 11.4 2.2 1.4000000000000001 0 4 7.6000000000000005 2.8000000000000003 2.6 3.6 0 0 0 0 0 0 0 0 0 0 0 0 0 0 0 0 0.4 0 0 2.2 0 0 0 0 0 0.2 0 1.2000000000000002 0 0 0.2 0 0 0 0 0 0 0 0 0 0 0 0 0 1.8 1.6 1.6 0 0 0 0 0 0 0 0.4 0 0 0 0 0 0 0.4 4 2.4000000000000004 4.4 0 4.6000000000000005 2.4000000000000004 5.4 7.4 5 4.2 1.4000000000000001 0 2.4000000000000004 5.2 5.6000000000000005 8.6 0 3.2 0 3 0.4 0 0 0 0 0 0 0 0 0 0 1.8 0.6000000000000001 1.8 0 0.4 0 6 0 0.6000000000000001 0 0 0 0 0 0.2 0 0 0.4 0 0 0 0 0 0 0 0 0 0 0 0 0 0 0 0 0 0 0 0 0 0 0 0 4.4 0 0 15.200000000000001 15.200000000000001 0 2.4000000000000004 0.2 12.600000000000001 0 0 0 0 0 0 0 0 0 0 0 0 0 0 0 0 0 0 0 0 0 0 0 0 0 0 0 
 0 0 0 0 0 14.8 0 0 0 0.6000000000000001 0 0 0 0.4 0 0 0 0 0.6000000000000001 0 5.4 25.400000000000002 30.400000000000002 25.8 13.8 10.8 78 15.600000000000001 0 12 24.6 12.4 22.8 45.2 34.6 9.8 52.2 9.8 51 16 0 0 0 0 0.6000000000000001 0.4 0.4 0 0 0.6000000000000001 0.4 0.4 0 0 0.2 1 0 0.2 0.6000000000000001 0 0 0.6000000000000001 0 0 0 0.6000000000000001 0 0 0.6000000000000001 0 0.8 0 0 0 0 0 0.4 0 0.6000000000000001 0 0 0 0 0 0.6000000000000001 1.8 0 0 0 0 0 0 0 0 0 0 0 0 0 0 4.4 1.8 6.2 1.8 6.6000000000000005 3.6 0 0.8 2 0 0.2 7 0 6.4 6.800000000000001 0 3.8000000000000003 5.6000000000000005 1.6 4.4 0 0 0 0 0 0 0.4 0.2 0 2.4000000000000004 0 0 0 0.2 5.800000000000001 0 0 0.4 3.2 0.2 0 0 0 0 3.4000000000000004 0 1.8 0 0 0 2.4000000000000004 0 0 0 0 0 0 0 0 0 0.2 0 0 0 0 0 0 0 0 0 0.8 0 0 0 1.8 0 0 0 0 0 5.6000000000000005 5.2 9.600000000000001 7.4 3.6 0 2.6 4 0.2 8.8 1.8 8.200000000000001 0 4.2 2 5 0.2 10.200000000000001 2.2 0.4 2.4000000000000004 0 0 0 0 0 0 2.8000000000000003 2.4000000000000004 0 0 0 0.2 2.4000000000000004 3.4000000000000004 0 0 0 8 2.2 0 0 0 0 0 0 0 0 0 0 0 0 0 0 0 0 0 0 0 0 0 0 0 0 0 0.4 0 0 0 0 0 0 0 0 2.4000000000000004 0 0 34.6 0 0.4 0.8 0 0 0 0 0 0 0 0 0 0 0 0 0 0 0 0 0 0 12.600000000000001 0 6.6000000000000005 0 0 0 0 0 0 0 0 
 0 0.6000000000000001 0 0.4 0 0 0 0 0.2 0 0.4 0 0 0.2 0 0.2 0 0.4 0 0 19.200000000000003 66.4 10.200000000000001 91.4 50.2 73.8 38.400000000000006 21 12 0 76.4 17.400000000000002 11.600000000000001 30.8 66.2 26.200000000000003 25.400000000000002 27.6 10 10 0.8 0 0 0 0 0.4 13 1.4000000000000001 0.4 1.2000000000000002 0.8 0 0.4 0 0 0.6000000000000001 0 0.2 13.600000000000001 0.8 0.6000000000000001 0.8 0 0.4 0 0.6000000000000001 0.6000000000000001 0 0.6000000000000001 0 0.6000000000000001 0 0 1.2000000000000002 0.4 0.6000000000000001 0.4 0 0.6000000000000001 0.2 0.2 0 0 0 0 0 0.2 0 0 0 0 0 0 0 0 0 0 0 0 0 2.8000000000000003 2.8000000000000003 1.8 2 3.8000000000000003 6.800000000000001 2.4000000000000004 0 0 7 7.2 0.2 0 3.6 0 2.6 7.4 0.8 0 0 1.8 0 0 0 0.2 0 3.2 1.8 0.2 0 0 0 4.4 3.2 3 0.2 0 0 6 3.8000000000000003 0 0 0 0 0 0 0.4 0 0 0 0 0 0 0 0 0 0 0 0 0 0.2 0 2.2 0 0 0 0 6 0 0.2 0.2 0 0 0 0 0 0 0 0 0 3.2 3.2 0 2.4000000000000004 0 0.2 0.4 2.2 6 0.2 0 5 0 0 2.8000000000000003 6.800000000000001 5.2 3.4000000000000004 0 0 0 0 0 0 0 0 0 0 0.2 0 0 0 1.8 0 0.6000000000000001 3.2 0 0 0 0 0 0 0 0 1.6 0 0 0 0 0 0 0 0 0 0 0 0 0 0 0 0 0 2.2 0 0 15 0 0 0 0 0 0 0 0 1.6 0.6000000000000001 0.6000000000000001 0.2 21.400000000000002 0 4 0 0 0 0 0 0 0 0 0 0 0 0 0 0 0 0 0 0 0 0 0 0 0 0 0 4 0 0 0 
 0.2 0.2 0.2 0 0.4 0.2 0.2 0.2 0.4 0.4 0 0 0.4 0.4 0.6000000000000001 0.2 0 0 0.2 0.4 5.6000000000000005 10.8 12.600000000000001 12.600000000000001 32.2 43.6 6.6000000000000005 28.8 24.6 76.4 0 45.2 6.800000000000001 37 44.2 13.200000000000001 36.4 8.6 21 9.4 1 0 0 0 0 0.4 0.2 0.8 0 0.6000000000000001 0.4 0 0.2 0.2 0.4 0.6000000000000001 0 0.2 31 0 0 0.8 1.2000000000000002 0.4 0 0.4 0 2.2 0.6000000000000001 0 0.4 0 9.4 0 0 0 0.4 0 0.4 0 1.4000000000000001 0 0 0 0 0 0 0 0 0 0 0 0 0 0 1.6 0 0 0 2 0 0.2 2.6 4.800000000000001 1 3.8000000000000003 0 0 0 0 13.4 2 0.2 5.6000000000000005 1.8 2 0 2.6 0 0 2.2 0 0 0 0 0 0 3.2 4 0 0 0 1.8 3.6 3 0 0 0 11.600000000000001 6.2 0 0 0 0 0.2 0 0.6000000000000001 0 0 0 0 0 0 0 0 0 0 0 0 0 0 0 0 0 0 0 0 0.4 0 0.2 0 0 0 0 0 0 0.2 0 1 0 1.8 3.8000000000000003 1.8 8 0 0.2 0 0 0.2 1.8 0 9.600000000000001 0 3.4000000000000004 0 1.4000000000000001 2.2 3.8000000000000003 0 0 2.8000000000000003 0 0 0 0 0 0 0 0 0 0 0 2 4.4 2.2 0 0 0 2 2.8000000000000003 5.800000000000001 0.4 0 0 0.6000000000000001 0.4 0.8 0 0 0 0 0 0 0 0 2.2 0 0 0 0 0 0 3.6 0 0 0 0 0 0 0 0 0 0 0 1.2000000000000002 0.4 0.2 15.200000000000001 8.4 0 0.2 0 0 0 0 0 1.8 0 0 0 0 0 0 0 0 0 0 0 0 3.6 0 0 0 0 0 0 0 0 0 0 
