 0 84.80000000000001 33.4 9.4 8.6 8.200000000000001 35 28.8 7 6.800000000000001 25.400000000000002 8 31.8 48.2 41.2 48 30 25.8 30.400000000000002 35.2 0.2 0 0 0 0 0 0 0 0.6000000000000001 0 0 0 0.4 0 0.6000000000000001 0.6000000000000001 0 0.4 0 0 0 0 0 11.200000000000001 0.6000000000000001 0 0 0 0 12.8 0.6000000000000001 0 0.2 0 0 0 0 0 0 0.6000000000000001 0 1.2000000000000002 0 0 0.4 0 0 0 0 1.4000000000000001 0 0 0.6000000000000001 0 0.6000000000000001 0 0 0.6000000000000001 6.6000000000000005 0 2.2 1.8 6.6000000000000005 1.8 0 0 7.800000000000001 7 0.4 4 0.4 0 3.2 2.2 3.4000000000000004 3.2 5.2 1.8 0 2.8000000000000003 0 0 0 0 0 0 0 0 0 0 0 0 0 0 0 0 0 0 0 0 0 0 0 0 0 0 0 0 0 0 0.4 0 0 0 0 0 0 0 0 0 0 0 0 0 0 0 0 0 0 0 0 0 1.2000000000000002 0 0 0.4 0 0 0 0 2.4000000000000004 1.6 0.8 0 2 2 1 0 0.2 11.4 0 0.2 2.2 0.2 9.200000000000001 3 0 0.6000000000000001 1.2000000000000002 4.6000000000000005 0 0 0 0 0 0 0 0 0 0 0 0 0 2 0 0 0 0 0 1.2000000000000002 0 0 0 0 0 0 0 0 0 0 0 0 0.2 0 0.4 0 0 0 0 0 0 3 0 0 0 0 0 0 0 0 0 0 0 0 0 0 0 0 0 0 0 0 0 0 0 0 0 0.4 0.2 0.6000000000000001 4.6000000000000005 2 0 0 0 0 0 0 0 0 0 0 0 0 0.2 0 0.2 0 0 0 0 0 0 0 0 0 0 0 0 0 0 0 0 0 0 0 0 0 0 0 
 84.80000000000001 0 60.6 65.4 8 24 62.2 34.6 50.800000000000004 54.6 21.200000000000003 31.8 39 59.6 81.60000000000001 53.400000000000006 11.200000000000001 26.6 30.400000000000002 65.2 0.2 0 0 0 0 0 0.8 0 0.6000000000000001 0.8 0 0 0.4 0 0.2 0.6000000000000001 0 0.4 0 0 0.4 0 0 0.6000000000000001 0 0 0.6000000000000001 0 0 0.4 0 0 0 0 0 0 1.2000000000000002 0 1.8 0.6000000000000001 0 1.4000000000000001 0 0 1.8 0.8 0 0 0 0.2 0 0 0 0 0 1.2000000000000002 0 1.6 0 0 4 8 6.2 0.2 0.4 0 8 0.2 2.8000000000000003 7 4.2 0 1.4000000000000001 4.800000000000001 7 2.8000000000000003 9.8 1.2000000000000002 5 2.4000000000000004 0 0 0 0 0 0 0 0 0 0 0 0 0 0 0 0 0 0 0 7.4 0 0 0 0 0 0.4 0 0.4 0 0 0 0 0 0 0 0 0 0 0 0 0 0 0 0 0 0 2 0 0 0 0 0.4 1.6 0 0 0 0 0 0 0 2.4000000000000004 6.4 2.4000000000000004 0 7.6000000000000005 3 0 2.4000000000000004 0.6000000000000001 4 0 0.4 5.2 7 8.4 5.2 5.800000000000001 2 0 6 0 0 0 0 0.2 0 0 0 0 0.4 0.4 0 0 3.2 0 0 0 0 0 2.2 0 0 0 0 0 0 0.8 0 0 2 0 0.2 0 0 0 0 0 0 0 0 0 0 0 0 0 0.4 0 0 0 1.6 0 0 0 0 4.4 0 0 0 0 0 0 0 0 0 0 0.6000000000000001 18 0 0.4 17.400000000000002 2.8000000000000003 0.6000000000000001 0 0 0 0 0 0 0 0 0 0 2 0 0 0 0 0 0 0 0 0 0 0 0 0 1.8 3.6 0 0 0 0 0 0 0 0 0 0 0 0.4 
 33.4 60.6 0 23 67.4 25 49.2 20 32.4 84.2 4 6.800000000000001 32.4 74.2 25 90.4 10.600000000000001 26.6 16.6 26.8 0.4 0 0 0.4 0 0.2 16 0 0.6000000000000001 0 0 0 0.4 0.6000000000000001 0.2 1.2000000000000002 0 0.4 14.8 0.8 0 0 0 0.4 0 0 0.4 0 0 0.4 0 0 0 0 0.6000000000000001 0 0 0 0.4 0.6000000000000001 0 0.6000000000000001 0 0.4 0.6000000000000001 0 0 0 0 0.6000000000000001 0 0 0 0 0.2 6 0 1 0 0 4.2 3.8000000000000003 4 0 4.2 3.6 0.4 0.2 4 0 9.200000000000001 0 2 4.2 4 5.800000000000001 2.6 0 2.8000000000000003 0 2.8000000000000003 0 0 0 0 0 2 0 0 0 0.4 0 7 2 0.2 0 0 0 1.2000000000000002 2.2 0 0 0 0 0 0.4 0 0.4 0 0 0 0 0 0 0 0 0 0 0 0 0 0 0 0.6000000000000001 0 0 0 0 0 0 0 0.4 1.4000000000000001 0 0 0 0 0 0 0 5 1.6 4.4 1.8 0.4 0 0 2.8000000000000003 0 0 0 0 4 5 3.8000000000000003 5 3 7.800000000000001 1.6 3 0 0 0 0 0 0 0 0 3.8000000000000003 0.4 0.4 0 0.2 0 0 0 0 0 3 5.6000000000000005 0 0 0 0 0 0 0 0 0 1.6 0 0 0 0 0 3.4000000000000004 0 0 0 0 0 0 0 0 0 0 0 0 0 0.2 0 0 0 0 0 0 0 0 0 0 0 0 0 0 0 17.6 12.200000000000001 0.4 0 0.4 0.4 0.8 0 0 0 0 0 0 0 0 0 0 3.6 0 0 0 0 0 0 0 0 0 0 0 0 0 2.8000000000000003 0 0 0 0 0 0 0 0 0 0 0 0 0 
 9.4 65.4 23 0 42.800000000000004 5 61.2 31.400000000000002 34.800000000000004 79.80000000000001 4.800000000000001 51.6 9.200000000000001 17 8.6 28 26 43.800000000000004 12.200000000000001 24.6 17.2 1 0 0 0 0 87.2 0 0.6000000000000001 0 0 0 28.6 0 0.2 0.6000000000000001 0.2 0 29.8 21.8 0 0 0 0.4 0 0 0 0 0 0.4 0 0 0 0 12.8 0 0 0 0.6000000000000001 0.6000000000000001 0.4 1 0 0 0.4 0 0 0.2 2 0.6000000000000001 0 0 0.4 0 0.6000000000000001 0 0 0.4 0 0 0 0 3.2 0.2 7 12.600000000000001 0 6.6000000000000005 0 1.2000000000000002 0 6.800000000000001 0 0 0 0.4 2 7.2 0 0 5.800000000000001 0 0 0 10.200000000000001 0 2.2 0 0 1.4000000000000001 0 0 7.4 13.200000000000001 0.2 0.2 0.2 3.6 6 3 0 0 0 0 0 0 0 0 0 0 0 0 0 0 0 0 0 0 0 0 0 0 0 0 0 0 0 0 0 0 0 1.4000000000000001 0 0 0 0 0 0 0 0 0 0 0 4.6000000000000005 0 0 0 0 0.6000000000000001 4 1.6 7.2 0 0.4 0 0 0.4 2.8000000000000003 1.6 0 3 0.2 2 0 0 0 6.6000000000000005 2 6.800000000000001 0 0 0 0.2 0 0 0.2 0 0 2.8000000000000003 5.6000000000000005 0 0 0 0 0 0 0 0.2 0 0 0 0 0 0 0 0 0 0 0 0 0 0 0 0 0 0 0 0 0 0 0 0 0 0 0 0 0 0 0 0 0 0 0 0 0 0.2 2.2 0.4 0 0.4 0 7.4 2.8000000000000003 0 0 0 0 0 0 0 0 0 0 0 0 0 0 0 0 0 0 0 0 0 0 2 2.8000000000000003 0 0 0 0 0 0 0 0 0 0 0 0 0 
 8.6 8 67.4 42.800000000000004 0 16 10.4 33.2 17.2 64.8 33.2 33.6 10.600000000000001 101.80000000000001 54 28.200000000000003 52 8.8 16 10.8 0.4 16.400000000000002 7 0 0 0 6.800000000000001 0.2 16.400000000000002 14.8 0 0 32.2 0 16 15 0 0 14.8 15 0 0 0 0.4 0 8.6 0.2 0 12.600000000000001 0.4 0.6000000000000001 0 0 0 0.2 0 0 8.200000000000001 0.2 0.6000000000000001 0 0.6000000000000001 0 0 0.4 0 0 1.2000000000000002 8.4 0.6000000000000001 0 0 0 0 0.6000000000000001 0 0.4 0.4 0 0 0 0 0 4.6000000000000005 4 7.2 0 0 0 1.8 3.4000000000000004 0.4 0 0 0 2.8000000000000003 4.6000000000000005 3.8000000000000003 0 0 12.200000000000001 2.6 0 0.2 0 0 2.4000000000000004 2 2.6 0 0 0 5.4 0.2 2.4000000000000004 0 0 4.2 4.4 0.4 0 0 0 0 0 0 0 0 0 0 0 0 0 0 0 0 0 0 0 0 0 0 0 0 0 0 0 0 0 0 0 0 0 0 0 0 0 0 0 0 0 0 0 0 0 4.4 0 0 0 0 0.4 0 0 1.2000000000000002 3.8000000000000003 0 0 0 1.4000000000000001 0 2.2 5.4 0 0 0 0 6.4 0 6.6000000000000005 0 3.6 0 7 7.6000000000000005 0 1.8 0 2.2 0 2.4000000000000004 0 0 0 0 0 0 0.2 9.8 0 0 0 0 0 2.8000000000000003 0 0 0 0 0 0 0 0 0 0 0 0 0 0 0 0 0 0 0 0 0 0 0 0 0 0 0 0 2.4000000000000004 0 0 0.4 1.2000000000000002 0 0 17.6 0.6000000000000001 1 0 0 0 0 0 0 0 0 0 0.4 0 0 0 0 0 0 0 0 0 0 0 0 0 2 0 0 0 0 0 0 0 0 0 0 0 0 0 0 
 8.200000000000001 24 25 5 16 0 26 40.2 29.200000000000003 26.6 33 11.4 8.6 44.800000000000004 25.6 85.60000000000001 48.400000000000006 29.200000000000003 7 10.600000000000001 0 14.4 0 14.8 0 0 0.2 0 0.6000000000000001 3.2 0 0 15.8 15 14.8 0.6000000000000001 0 0 7 60.6 0 0 0 0.4 0 0 0.4 0 0.2 0.4 0 0 0 0 0 0 0 0 0.4 0.6000000000000001 0 0.6000000000000001 0 10.4 0.6000000000000001 0 0 0 0 0.6000000000000001 0 0 0 0 0.2 0 0 0.4 0 0 0 16 3 0.4 3 1.6 2.2 0 0 3.2 2.6 2 0 0.6000000000000001 7.6000000000000005 7.6000000000000005 3.2 4.800000000000001 0 0.2 0.2 0 0 0 2.8000000000000003 0 3.2 4 0.4 0 0 0 0 2.8000000000000003 1.2000000000000002 0 3.4000000000000004 2.8000000000000003 2.8000000000000003 5.4 0 0 0 0 0 0 0 0 0 0 0 0 0 0 0 0 0 0 1.8 0.4 0 0 0 0 0 0.2 0 0 0 0 0.8 0 0 1.2000000000000002 0 0 0 0 0.2 0 0 2.2 2.2 3.8000000000000003 5.2 2.8000000000000003 0 1.4000000000000001 3.8000000000000003 8.4 0.6000000000000001 7.4 0 1.4000000000000001 2.2 5.6000000000000005 3 3.2 0 0 0.2 2.8000000000000003 1.8 0 0 0 0.8 6.800000000000001 0 5.800000000000001 2 0 0 2.4000000000000004 4 0 0 0 0 9 0 0 0 0 0 2 0 0 0 0 0 4.4 0.2 0 0 0 0 0 0 0 0 0 0 0 0 0 0 0 0 4 0 0 0 0 0 0 0 0 0 0.2 0 2.8000000000000003 0 0 0 0 0.2 0 0 4.2 3 1.4000000000000001 0 0 0 0 0 0 0 0 0 0 0 0 0 0 3.4000000000000004 0 0 0 0 0 0 11 0 3.6 2.6 0 0 0 0 0 0 0 0 0 0 0 0 1.4000000000000001 
 35 62.2 49.2 61.2 10.4 26 0 34 45.400000000000006 7 5.6000000000000005 26.8 101.80000000000001 61.400000000000006 34 12.4 21.200000000000003 23.400000000000002 45.400000000000006 27.400000000000002 0.2 0 0 0 0 0 0 0 0.6000000000000001 0 0.2 0 0.4 0 0.2 0.6000000000000001 0 0 0.2 0 0 0 0 0.4 0 0 0.2 0 0 0.4 0.2 0 0 0 0 0 0 0 0.2 0.6000000000000001 0.2 0.6000000000000001 0 0 0.6000000000000001 0 0 0 0 0.6000000000000001 0 0 0 0 0.6000000000000001 0 0 2.2 0 0 2.6 4.4 7 0 0.4 0.2 8.4 18.2 0 9.200000000000001 12.600000000000001 0 3.4000000000000004 4.4 9.8 0.2 3.6 4 6.4 7.2 0 0 0 0 0.2 0 0 0 0 0 0 0 0 0 0 0 0 0 0 0 0 0.4 0 0 0 0 0 0 0 0 0 1.4000000000000001 0 0 0 0 0 0 0 0 0 0 0 0 0 0 0 0 0 0 0 0.6000000000000001 0 0 0 0 0 0 0 0 2.8000000000000003 5.2 5.800000000000001 0 1 0 3.4000000000000004 3.2 0 7.800000000000001 0 3.2 1.6 3 5.6000000000000005 3.8000000000000003 9.8 2.6 0.4 4 0 0 0 0 0 0.2 0 0 0 4.6000000000000005 0 0 0 3 0 0 0 0 0 0.4 0 0 2.6 0 0 0 0 0 0 2.4000000000000004 0 0 0 0 0 0 0 0 2.8000000000000003 0 0 0 0 0 0 0 0 0.4 0 2.8000000000000003 0 0 0 0 0 0 0 0 0 0 0 0 0 0 0 0 17.400000000000002 0 0.4 1.2000000000000002 2.2 3 0 0 0 0 0 0 0 0 0 0 3.2 0 0 0 0 0 0 0 0 0 0 0 0 0 7.2 0 0 0 0 0 0 0 0 0 0 0 0 0 
 28.8 34.6 20 31.400000000000002 33.2 40.2 34 0 35.2 9.200000000000001 26.400000000000002 22 58 52 28.8 86.80000000000001 20.400000000000002 25.400000000000002 30.400000000000002 12.4 0 0 1 0 0 14.600000000000001 0 0 1.2000000000000002 0 0.4 0.4 1.2000000000000002 0 0.4 0.6000000000000001 0.6000000000000001 0 0 15 0.6000000000000001 0 0.4 0.4 0 0 0.4 0 0.6000000000000001 0.4 0 0 0.4 0 1.2000000000000002 0.4 0.2 0.6000000000000001 0.4 0.6000000000000001 0.4 1 0 0 1 0.4 0.4 0.6000000000000001 1 0.6000000000000001 0.6000000000000001 0.6000000000000001 0 8.6 0.2 0.6000000000000001 0.2 0.4 1 0.2 0.2 2.8000000000000003 7.4 14.600000000000001 0 0.2 0 3.2 3 0.6000000000000001 13 3 2.6 0 1.8 3 1.6 8.200000000000001 0 2.8000000000000003 0 0 0 0 0 0.2 0 3.4000000000000004 0 0 0 0 0 0 0 0 0 0 2.8000000000000003 0 0 0 0 0 0 0 0.2 0 0 0 0 0 0 0 0 0 0 0 0 0 0 0 0 0 0 0 0 0 0 0 1 0 0 1.2000000000000002 0 0 0 0 0 0 2.2 5.4 0 2.8000000000000003 0 2 0 2.6 11.4 3.2 6.800000000000001 9 0.2 0.4 2.6 6.800000000000001 2 0 0 2.2 0 0 0 0 0 0 0 3.2 0 0 0 0 0 0 0 0 0 0 0 0 0 0 0 0 0 3 0 4.6000000000000005 0 0 0.4 3.8000000000000003 0 0 0 3.4000000000000004 0 0 0.2 0 0 0 0 0 0 0 0 0 0 0 0 0 0 0 0 0 0 0.2 0 0 0 3.2 0 0 0 0.4 0.2 0 17.6 0.2 3 1 2.8000000000000003 0 0 0 0.4 0 0 0 0 0 0 0 0 0 0.2 0 0 0 0 0 0 0 0 5.2 0 0 0 0 0 0 0 0 0 0 0 0 0 0 
 7 50.800000000000004 32.4 34.800000000000004 17.2 29.200000000000003 45.400000000000006 35.2 0 15.200000000000001 32.2 27 31.8 31 62.400000000000006 71 7.4 34 60.800000000000004 33.4 0.6000000000000001 0 0 0 0.4 0 0 0 0.6000000000000001 0 0.4 0 0.4 0 0.2 0.6000000000000001 0 0 0.2 0 0 0 0 0.4 0 0 2.2 0 12.4 0.4 0 0 0 0 0 0 0 0 0.4 0.6000000000000001 0 2 0 0 0.6000000000000001 0 0 1 0 0.6000000000000001 0 0 0 0 0.2 0 1 0.4 0 0 2.2 3.2 1.8 3.4000000000000004 0 5.800000000000001 2.6 0.2 1.8 3.8000000000000003 8.200000000000001 0 0 6 5 3 11 3.6 1.8 1.8 0 0 0 0.2 0 0 0 2 0 0 0 0 1.2000000000000002 0 0 0 0 0 5.800000000000001 1.6 0 0 0 0 0 0 0 0 0 0 0 0 0 0 0 0 0 0 0 0 0 0 0 0 0 0 0 0 0 0 0.8 0 0.2 0 0 0 0 0 0 0 0 3 8.8 1.4000000000000001 4.6000000000000005 3.8000000000000003 4.800000000000001 2.8000000000000003 2.8000000000000003 2.2 0 0 2.4000000000000004 5.6000000000000005 0 5.6000000000000005 6.6000000000000005 4.800000000000001 0 7.4 0 0 0 0 0 0 0 0 0 0 0 0 3 0.2 0 0 0 0 0.2 4.800000000000001 0 0 0 0 0 0 0 3.4000000000000004 0 0 0 0 0.2 0 0 0 0.2 0 0 0 0 0 0 0 0 0 0 0 0 9 0 0 0 0 0 0 0 0 0 0 0 0 0 0 0 0 0.4 0 0 39 0 3 0 0 0.4 0 0 0 0 0 0 0 3.8000000000000003 0 0 0 0 0 0 0 0 0 0 0 0 8.200000000000001 2.4000000000000004 2.4000000000000004 0 0 0 0 0 0 0 0.2 0 0 0 0 
 6.800000000000001 54.6 84.2 79.80000000000001 64.8 26.6 7 9.200000000000001 15.200000000000001 0 68.4 3.8000000000000003 7.6000000000000005 59 12.600000000000001 19.400000000000002 12.200000000000001 38.800000000000004 25.8 52.800000000000004 21.6 0 0 0 0 0 7.4 0 0.6000000000000001 0.2 0.4 0 22.200000000000003 0.2 0.8 0.6000000000000001 0 0 16.8 44.400000000000006 0 0 0 0.4 0 0 12.600000000000001 0 12.200000000000001 0.4 0 0 0 0 0 0 0 0 0.2 0.6000000000000001 0 0.6000000000000001 0 0 0.4 0 0 0 0 0.6000000000000001 0 0 0 0 0.6000000000000001 0 0.6000000000000001 0.4 0 0 0 2.8000000000000003 0 3.2 2.4000000000000004 8.6 0 0 0.2 2.2 2.6 7.800000000000001 0 0 0 0 0 3.4000000000000004 0 0 3.2 0 0 0.2 0 0 2.4000000000000004 1.2000000000000002 0 4 0 0 3 14.4 2.8000000000000003 0 0 3 10.4 3.8000000000000003 0 0 0.6000000000000001 0 0 0 0 0 0 0 0.2 0 0 0 0 0 0 0 0 0 0 0 4.4 0 0 0.6000000000000001 0 0 0 0 0 0 0 0 0 0 0 0 0 0 0 0.2 0 4.800000000000001 1.2000000000000002 0 0 0 1.6 2.8000000000000003 4 0.6000000000000001 0 0 0 0.4 2.4000000000000004 0 1.4000000000000001 0 1.6 0 2.8000000000000003 0 0 0 3.8000000000000003 0 2.6 0 0 0 2.8000000000000003 0 0 0 0 0 2.2 2.2 0 0 0 0 0 2.2 0 0 0 0 0 0 0 0 0.2 0 0 0 0 0 2.8000000000000003 0 0 0 0 0 0 0 0 0 0 0 0 0.2 0 0 0 0 0 0 0 2.4000000000000004 0 0 0 1 17.2 0 0.2 18 0.2 0.2 0 0 0 0 0 0 0 0 0 0 0 0 0 0 0.4 0 0 0 0 0 0 0 0 0 2.4000000000000004 0 0 0 0 0 0 0 0 0 0 0 0 0 
 25.400000000000002 21.200000000000003 4 4.800000000000001 33.2 33 5.6000000000000005 26.400000000000002 32.2 68.4 0 50 10.8 25.8 49.400000000000006 32.800000000000004 25.200000000000003 32 5 48 8 0 0 12.600000000000001 0 0 14.8 0 2.2 0 0 0 0.4 14.8 0.6000000000000001 0.6000000000000001 0 0.2 16 12.200000000000001 0 0 0 0.4 0 0 0.2 0 0.2 0.4 0 0 0 0 0 0 0 0 0.2 0.6000000000000001 0 0.6000000000000001 0 0 0.4 0.4 0 0.2 0 0.6000000000000001 0 0 0 0 0.6000000000000001 0 1 0.4 0 0 1.8 0.6000000000000001 2.2 2.6 5.4 0 0 0.6000000000000001 1.4000000000000001 1.4000000000000001 0.2 5.2 0 1.2000000000000002 0.4 2 4.6000000000000005 0.2 0 0 9.4 0 0 4.800000000000001 0 0 5.6000000000000005 0.2 0 0 0.8 0 10.8 2.2 3.4000000000000004 0 0 0 3.2 1.4000000000000001 0 0 0 0 0 0 0 0 0 0 0 0 0 0 0 0.4 0 0 0 0 0 0 0 0 0 0 0 0 0 0 0 0 0.4 0.4 0 0 0 0 0 0 2.2 0 0.2 4.4 2.2 0.2 0 0 3.2 6 0 2.2 4.2 3 0 2.6 0 0 0.2 1.8 0 0 0.2 0.2 0 0 4 0 3.8000000000000003 0 0 0 4 0 0 0.2 0 0 2 2.2 0 0 0 0 0.4 2.4000000000000004 0 0 0 0 0 0 0 0 0 0 0 0 0 0 0 0 0 0 0 0 0.2 0 0 0.2 0 0 0 0 0 0 0.4 0 3.6 0 0 5.4 0 0 0 0.4 0 0 0.2 0.2 0 0 0 0 0 0 0 0 0 0 0 0 0 0 0 0 0 0 0 0 0 0 0 0 0 0 3.8000000000000003 2.8000000000000003 0 0 0 0 0 0 0 0 0 0 0 0 
 8 31.8 6.800000000000001 51.6 33.6 11.4 26.8 22 27 3.8000000000000003 50 0 20 29.400000000000002 6.4 22 37 41.400000000000006 9.8 8 0.4 0.2 14.8 0 0 0 4.800000000000001 0 0.8 0.2 0 0 15.8 3.8000000000000003 17 0.6000000000000001 0 0 0.2 14.600000000000001 0 0 0 0.4 0 0 0.6000000000000001 0 0 0.4 0 0 0 0 12 0 0 0 0.6000000000000001 0.6000000000000001 10.8 0.6000000000000001 0 0 0.6000000000000001 0 7 0.4 1.4000000000000001 0.2 0 0 0 0 0 0 0 0.6000000000000001 0 0 7.800000000000001 2.8000000000000003 3 0.2 2.8000000000000003 3.2 2.2 6.2 0 0 9.200000000000001 0 0 2 0 0.6000000000000001 2.2 4.800000000000001 0 8.4 2.2 13.600000000000001 0 0 0 0 9.8 0 0 0 0 0 2.4000000000000004 3.6 2.8000000000000003 0 0 0.4 5.2 0.2 0 0 0.2 0 0 0 0 0 0 0 0 0 0 0 0 0.2 0 0 0 0 0 0 0 0 0 0 0 0 0 0 0 0 0 0 0 0 0 0 0 0 0 0 0 0 1 7.6000000000000005 0.6000000000000001 0 0.6000000000000001 0 1.4000000000000001 2.6 0 0.8 0 0 0 0 1.2000000000000002 0 0.2 0.2 5.800000000000001 0.4 0 0 7 2.2 13.200000000000001 0 0 0 2.2 0 0 0.2 0 2 0 0 0 0 0 0 0.2 0 0 0.6000000000000001 0 0 0 0 0 0 0 0 3.6 0 0 0 0 0 0 0 0 0 0 0 0 2.8000000000000003 0 0 0 0 0.4 0 0 0 0 0 0 0 0 0 0 0.2 16.8 0 0 1 0 3 3.2 0 0 0 0 0 0 0 0.4 0 0 0 0 0 0 0 0 0 0 0 0 0 0 2.2 6.4 0 0 0 0 0 0 0 0 0 0 0 0 0 
 31.8 39 32.4 9.200000000000001 10.600000000000001 8.6 101.80000000000001 58 31.8 7.6000000000000005 10.8 20 0 72.2 87.80000000000001 6.800000000000001 24.200000000000003 25.8 47.2 63.800000000000004 0.4 0 0 0.6000000000000001 0 0 0 0 0.6000000000000001 0 0 0 0.4 0 0.2 1 15.200000000000001 0 0.8 0 0 0 0 0.4 0 0 1.2000000000000002 0 0 0.4 0.6000000000000001 0 12.4 0 0 0 0 0 0.4 0.6000000000000001 0 0.6000000000000001 0 0 0.6000000000000001 0 0 0 0 0.4 0 0.4 6.2 0 0 0 0 2 0 0 9.200000000000001 18.2 0.4 3.4000000000000004 0.6000000000000001 0.2 14.4 9.8 0 0.2 5.2 0 0 6.6000000000000005 2.6 0 0 0.4 2.8000000000000003 10.200000000000001 0 0 0 0 0.4 0 0 0 0 0 0 0 0 0 0 0 0 0 0 0 0 0.2 0 0 0 0 0 0 0 0 0 0 0 0 0 0 0 0 0 0 0 0 0 0 0 0 0 0 0 0 0 0.8 0 0 0.4 2.4000000000000004 0 0 0 0 3.2 8 4.2 0 2 0 9.4 10 4.2 0.2 2.2 3.8000000000000003 0 8.200000000000001 12.200000000000001 4.4 1.2000000000000002 5.2 1.8 2.4000000000000004 0 0 0 0 0 0.4 0 0 0 0 0 0 0 0 0 0 0 0.4 0 0.2 0.4 0 0 0 0 0 0 0 0 2.4000000000000004 0 0 0 0.4 0 0 0 0 0 0 0 0 0 0 0 0 0.4 0.2 0 4.4 0 0 0 0 0 0 0 0 0.4 0 0 0 0 0 0 0 0 0.4 2 10.200000000000001 0.8 1.4000000000000001 0 0 0 0 0 0 0 0 0 0 0 0 0 0 0 0 0 0 0 0 0 0 0 0 3.2 0 0 0 0 0 0 0 0 0 0 0 0 0 
 48.2 59.6 74.2 17 101.80000000000001 44.800000000000004 61.400000000000006 52 31 59 25.8 29.400000000000002 72.2 0 84.80000000000001 29.400000000000002 27.6 6.6000000000000005 36 43 0.2 0 0 0.6000000000000001 0 0 0 0 0.6000000000000001 0 0 0 0.4 0 0.2 0.6000000000000001 0 0.2 0.6000000000000001 0 0 0 0 0.4 0 0 0.6000000000000001 0 0 0.4 1.2000000000000002 0 0.6000000000000001 0 0.4 0 0 0 6.800000000000001 0.6000000000000001 0 1.4000000000000001 0 0 0.6000000000000001 0 0 0 0 0.4 0 0 0.4 0 0 0 0 3.4000000000000004 0 0 3.8000000000000003 5.2 2 0 4.2 0 6.4 9 2.6 5.6000000000000005 7.4 0.8 0 3 5.6000000000000005 0.2 0 1.6 0.2 6.4 0 0 0 0 0 0 0 0.4 0 0 0 0 0 0 0.2 0 0.2 0 0 2.6 0 0 0 0 0 0 0 0 0 0 0 0 0 0 0 0 0 0 0 0 0 0 0 0 0 0 0 0.4 0 0 0 0.4 0 0 0 0 0 0 0 0 4.2 5 0.2 2.8000000000000003 2.2 0 3.6 0.2 0 2.6 0 3.2 2.4000000000000004 4.800000000000001 9.4 7.2 2.4000000000000004 0.2 0 1.8 0.2 0 0 0 0 0 0 4 0 0 0 0.4 0 3.2 0 0 5.4 0 0 2 0 0.4 0 0 0 0 0 0 0 2.8000000000000003 0 0 0 0 0 0 0 0 0 0 0 0 0 0 0 0 0 0 0.4 3.4000000000000004 0 0.4 0 0 0 0 0 0 0 0 0 0 0 0 0 0.4 0 0 0.2 18.2 1.6 1 0 0 0 0 0 0 0 0 0 0 0 0 0 0 0 0 0 0 0 0 0 0 0 0 6.2 0 0 0 0 0 0 0 0 0 0 0 0 0 
 41.2 81.60000000000001 25 8.6 54 25.6 34 28.8 62.400000000000006 12.600000000000001 49.400000000000006 6.4 87.80000000000001 84.80000000000001 0 46.6 9 50.2 16.400000000000002 35.4 0.2 0.4 0 0 0 9.200000000000001 0 0 0.6000000000000001 0 0 0 0.4 3.8000000000000003 0.2 0.6000000000000001 0 0 0 0 0 0 0.2 0.4 0 0 2.2 0 0 0.4 0.6000000000000001 0 0 0 0 0 0 0 0.2 0.6000000000000001 0 0.6000000000000001 0 0 0.6000000000000001 0 0 0 0 0.6000000000000001 0 0 0 0 0.4 0 0 0.4 0 0 1 4.800000000000001 4.2 0 0 0 6.800000000000001 3.6 1.2000000000000002 8.6 4.2 0 0.2 4.2 6 2.8000000000000003 12.4 1.6 6.6000000000000005 0.4 1.2000000000000002 0 0 0 0 0 0 0 0 0 0 0 0 0 0 0 0 0 0 2.2 0 0 0 0 0 0 0 0 0 0 0 0 0 0 0 0 0 0 0 0 0 0 0 0 0 0 0 0 0 0 2.8000000000000003 0 0 0 0 0 0 0 0 0 7 4.2 4.800000000000001 0 3 0 3.4000000000000004 4.4 4.4 6.4 0 3 2.4000000000000004 4.800000000000001 7.800000000000001 4.800000000000001 3.6 4.800000000000001 0.2 6.4 0 0 0 0 0 0 0 0 0 0 0 0 0 2.6 0 0 0 0 0 3 0 0 0 3 0 0 2.6 0 0 3.6 0 0 0 0 0 0 0 0 0 0 0 0 0 0 0 0 0 0 0 4.2 0 0 0 0 0 0 0 0 0 0 0 0 0 0 0 0 1.4000000000000001 0 1 0.4 1.8 0.4 0 0 0 0 0 0 0 0 0 0 0 0 0 0 0 0 0 0 0 0 0 0 0 0 2.8000000000000003 2.6 0 0 0 0 0 0 0 0 0 0 0 0 
 48 53.400000000000006 90.4 28 28.200000000000003 85.60000000000001 12.4 86.80000000000001 71 19.400000000000002 32.800000000000004 22 6.800000000000001 29.400000000000002 46.6 0 14 27.200000000000003 14 29 0.2 0.4 0 0 0.4 0 0 0 1 0 0 0 0.4 0 0.2 0.6000000000000001 0 0.2 0.4 0 0 0 0 0.4 0 0 0.4 0 0 0.4 0 0 0 0 0 0 0 0 0.4 0.6000000000000001 0 0.6000000000000001 0 0 0.6000000000000001 0 0 1.4000000000000001 0.2 0.4 0 10.4 0 0 0 0 0.2 0.8 0 0 1.8 3.2 9.4 4.6000000000000005 0.2 0.6000000000000001 2.2 3.6 3.2 4.6000000000000005 5.800000000000001 0 2.4000000000000004 1.2000000000000002 1.8 7.2 8 6 0.2 0 0.2 0 0 0 0 0.4 0 0.2 0 0 0 0 0 0 0 0 0 0 0.8 1.2000000000000002 0 0 0 0 0 0 0 0 0 0 0 0 0 0 0 0 0 0 0 0 0 0.2 0 0 0 0 0 0 0 0 0 0 0.8 0 0 0 0 0 0 0 7.2 3.4000000000000004 0 0 4.4 3.2 0 0 2 6.2 2.4000000000000004 9.200000000000001 3.8000000000000003 3.4000000000000004 3.2 6.4 2.4000000000000004 1.6 0 3.8000000000000003 0 0 0 0 0 0 0 0 0 2.6 0 0 0 7.800000000000001 0 0 0 0 0 8 0 0 0 0 0 0 0 4.800000000000001 0 0 0 0.2 0 0 0 0 0 0 0 0.4 0 0 0 0 0 0 0 0 0 7.4 0 0 0.2 0 0 0 0 0 0 0.2 0 0 0 0 0 0.4 19.8 0 0.4 0.8 1.8 1.4000000000000001 2.6 0 0 0 0 0 0 0 0 0 0 0 0 0 0 0 0 0 0 0 0 0 0 1 2.8000000000000003 2.8000000000000003 0 0 0 0 0 0 0 0 0 0 0 0 
 30 11.200000000000001 10.600000000000001 26 52 48.400000000000006 21.200000000000003 20.400000000000002 7.4 12.200000000000001 25.200000000000003 37 24.200000000000003 27.6 9 14 0 15.600000000000001 7.800000000000001 8.200000000000001 0.6000000000000001 0.4 0 0 0 0 0.2 0 0.6000000000000001 0 0 0.4 0.6000000000000001 0 0 0.6000000000000001 0 0.2 0 18.6 0.6000000000000001 0 0 0.4 0 0 0.4 5.4 0 0.4 0 0 0.6000000000000001 0 12.8 0 0.6000000000000001 0.6000000000000001 0.4 0.6000000000000001 1.2000000000000002 2.2 0 0 0.6000000000000001 0 0 0 0 0.4 0.6000000000000001 0 0.2 0 0 0 0.6000000000000001 0.6000000000000001 0 0 0.2 3.2 2.6 2.2 6 0 0 2.6 5 0.2 3 4 3.8000000000000003 3.4000000000000004 0.2 0.8 0.4 2.4000000000000004 0 2.2 0 0 3 0 0 0 0 3.4000000000000004 0 0 0 0 0 0 0 0 0 0 0.4 0 0 0 0 0 0 0 0 0 0 0 0 0 0 0 0 0 0 0 0 0 0 0 0 1.6 2.6 0 0 0 0 0 1 0 0 1.4000000000000001 0 0 0 0 0 0 4 1.8 0.2 1.2000000000000002 3.6 0 1.4000000000000001 2.2 0 2.4000000000000004 7.4 4 0.2 0.2 0 4.2 2 0 0 0.2 0 0 0 0 0 0 3 3 0 0 0 0 0 0 0 0 0 0 0 0 0 0 0 0 0 0.2 0 0 0 0.2 0 3.4000000000000004 0 0 0 0.6000000000000001 0 0 0 8.8 0 0 0 0 0 0 0 0 0 0.2 0 0 0 0 0 0 0 0 0 0 0 0.2 0 0 0 0 0.4 0 0 17.2 0 2.4000000000000004 0 0 0 0 0 0 0.2 0 0 0 0 0 0 0 0 0 0 0 0 0 0 0 0 3.6 0 0 0 0 0 0 0 0 0 0 0 0 0 0.6000000000000001 
 25.8 26.6 26.6 43.800000000000004 8.8 29.200000000000003 23.400000000000002 25.400000000000002 34 38.800000000000004 32 41.400000000000006 25.8 6.6000000000000005 50.2 27.200000000000003 15.600000000000001 0 8.200000000000001 23.8 0 14.600000000000001 0 0 0 0 14.4 0 0.8 0.2 0 0 0.6000000000000001 0 0.4 0.6000000000000001 0 0 12.200000000000001 15.200000000000001 0 0 0 0.4 0 0 0.2 0 0 0.4 0 0 0 0 0 0 0 0 0.2 0.6000000000000001 0.8 0.6000000000000001 0 0 0.4 0 0 11.8 1 0.6000000000000001 0 0 0 0 0.6000000000000001 0 0 0.8 0 0 1.8 2.2 5.4 12.600000000000001 0 0 0.4 3.4000000000000004 4.2 5.2 2 5.2 0 4 0.6000000000000001 2.6 2.6 0.2 0 2 0 0 0 0 0 0 3.2 0 0 0 0 0 2 0.2 4.2 0 0 0 8.200000000000001 1.8 0 0 0 0 0 0 0 0 0 0 0.4 0 0 0 0 0 0 2.2 0 0 0 0 0 0 0 0 0 0 0 0 0 0 3.8000000000000003 0 0 0 0 0 2.8000000000000003 0 2.4000000000000004 0 0 7 4.800000000000001 0 0.6000000000000001 0 10.8 2.4000000000000004 1.6 3.6 4 3.2 0 0 2.2 2 0 6.800000000000001 0 0 0 0 0 0 1 0 3.4000000000000004 0 0 0 0.4 0 0 0 0.2 0 2.2 2 0 0 0 0 0 1.8 0 0 0 0 0 0 0 0 0 0 0.2 0 0 0 0 0 0 0 0 0 0 0 0 3.4000000000000004 0 0 0 0 0 0 0 0 0 0 0 3.2 0 0 0 0.6000000000000001 0.2 0.6000000000000001 0.2 18.2 0 1.2000000000000002 3.4000000000000004 0 0 0 0 0 0 0 0 0 0 0 0 0 0 0 0 0 0 0 0 0 0 0 3.8000000000000003 9.200000000000001 0 0 0 0 0 0 0 0 0 0 0 0 
 30.400000000000002 30.400000000000002 16.6 12.200000000000001 16 7 45.400000000000006 30.400000000000002 60.800000000000004 25.8 5 9.8 47.2 36 16.400000000000002 14 7.800000000000001 8.200000000000001 0 39.6 0.2 0 0 0 0.4 0 0 0.6000000000000001 0.6000000000000001 0 0 0.4 0.6000000000000001 0 0.4 0.6000000000000001 0 0 0 0.2 0 0 0 0.4 0 0 0.2 0 0 0.4 0 0 2 0 0 0 0 0 0.2 0.8 0 1.2000000000000002 0 0 0.4 0 0 0 0 0.6000000000000001 0 0 0 0 0.6000000000000001 0 0 0.4 0 0 2.8000000000000003 7.6000000000000005 0 1.8 0 0 8.8 3.6 2 0 0 0 3.2 4.6000000000000005 1.8 0 0 1 3.8000000000000003 3 0 0 0 0 0 0 0 0 0 0 0 0 0 0 0 0 0 0 0 0 0 0 0.2 0 0 0 0 0 0 0 0 0 0 0 0 0 0 0.4 0 0 0 0 0 0 0 0 0 0 2.6 0 0 1.2000000000000002 0 0 0 0 0 0.2 0 0 0 0.2 2 0 0 1.4000000000000001 3.6 3.8000000000000003 0 0 0 0 0 0 6 0 2 1.4000000000000001 0 0 0 0.4 0 0 0 0 0 0 0 0 0 0 0 0 0 0 0 0 0 0 0 0 0 0 0 0 0 0 0 0 0 0 0 0 0 0 1.8 0 0 0 0 1.4000000000000001 0 0 0 0 0 0 0 0 0 0 0 0 0.4 0 0 0 0 0 0 0 0 0 0 0.4 0 0.4 0.4 0.4 0 1.6 2.2 0 0 0 0 0 0 0 14.600000000000001 0 0 0 0 0 0 0 0 0 0 0 0 0 0.4 0 0 0 0 0 0 0 0 0 0 0 0 0 0 0 
 35.2 65.2 26.8 24.6 10.8 10.600000000000001 27.400000000000002 12.4 33.4 52.800000000000004 48 8 63.800000000000004 43 35.4 29 8.200000000000001 23.8 39.6 0 0.4 0 0 0 14.600000000000001 0 0 0 0.6000000000000001 0.4 0 0 0.4 0 0.2 0.6000000000000001 0.4 0 0 0 0 0 0 0.4 0 0 1.6 0 0 0.4 0 0 0 0 0 0 0 0 0.2 0.6000000000000001 0 0.6000000000000001 0 0 0.6000000000000001 0 0 0 0 11.600000000000001 0 0 0 0 0.4 0 0 0.4 0 0 6.6000000000000005 0 1.8 0 5.800000000000001 0 0.2 0.4 3.4000000000000004 1.8 1.8 0 1.8 3.8000000000000003 1.8 0 8 0 6.4 0 0 0 0 0 0 0 0 2 0 0 0 0 0 0 2.2 0 0 0 0 0 0 0 0 0 0 0 0 0 0 0 0 0 0 0 0 0 0 0 0 0 0 0 0 0 0 0 0 0 0 0 0 0 2 0 0 0 0 0 0 0 1.2000000000000002 2.8000000000000003 5.4 0 0 0 6.2 2 0 4 0.2 0 5.2 3 0.4 1.8 0 0 2.4000000000000004 9.200000000000001 0 0 0 0 0 0 0 0 0 0 0 0 0 0 0 0 0.4 0 0.4 0 0 3.2 0 0 0 0 0 0 0 0 0 0 0 0 0 0 0.4 0 0 0 0 0 0 0 0 0 0 0 0 0 0 0 0 0 0 0 0 0 0 0 0 0 0 0 0 0.2 0.4 0 0 0.4 0.4 1 0 0 0 0 0 0 0 0 0 0 4.2 0 0 0 0 0 0 2.6 0 0 0 0 0 0 0 0.4 0 0 0 0 0 0 0 0 0 0 0 0 
 0.2 0.2 0.4 17.2 0.4 0 0.2 0 0.6000000000000001 21.6 8 0.4 0.4 0.2 0.2 0.2 0.6000000000000001 0 0.2 0.4 0 34 15.8 12.4 49.400000000000006 47.800000000000004 58.2 15.4 9.8 5.6000000000000005 16.400000000000002 6 19 8.4 13.8 35 6 19.400000000000002 49 8.200000000000001 0.6000000000000001 0.6000000000000001 0.6000000000000001 0.6000000000000001 0 0 0.4 0 0.2 0 0 0 0.6000000000000001 0 0 0.6000000000000001 0.6000000000000001 0.6000000000000001 0.6000000000000001 0 0 0.4 0 0.6000000000000001 0 0 0 0.2 0 0 0.6000000000000001 0 0 0 0 0 1.6 0 0.4 0 0 0 0 0 2.4000000000000004 4.2 0 1.8 0 0 0 3.4000000000000004 0 0 0 0 0 3 0 0 3.8000000000000003 0 2 4.6000000000000005 0 0 0.8 3 0 8.8 0 0 4.4 5.6000000000000005 7.6000000000000005 4.2 1.2000000000000002 5.2 3 3.2 0 0 0 0 0 0 0 1 0 0 0 0 0 0 0 0 0 0 0 0 0 0 0 0 0 0.2 0 0.4 0 0 0 0 0 0 0.2 0 0 0 0 0 0 0.2 0 1.8 0 0.2 0 0 0 3.8000000000000003 1.2000000000000002 0 0 0 0.2 0.4 0 0 0 0 4 3.8000000000000003 2.8000000000000003 0 0 0 0 2.6 3.2 0.2 1.6 0 4.2 0.2 1.6 3.6 0 0 1.8 1.8 0 0 0.4 0 0 0 0 0 0 0 0 0 0 0 0 0 0 0 0 0 0 0 0 0 0.2 0 0 0 0 0 0 0 0 0 0 5.4 0 0 0 0 0 0 0 0 0 0 15.200000000000001 0 0 0 0 0 0 0 1.4000000000000001 0 0.8 8.6 0 0.8 0.4 0 0 0 0 0 0 0 0 0 0 0 0 0 0 0 0 0.2 0 0 0 0 0 0 0 0 0 0 0 0 
 0 0 0 1 16.400000000000002 14.4 0 0 0 0 0 0.2 0 0 0.4 0.4 0.4 14.600000000000001 0 0 34 0 73.2 33.800000000000004 16.8 8.4 32.800000000000004 47.2 54.6 73.4 38.2 6 21 19.200000000000003 16 21 23.8 13.600000000000001 71.4 32.800000000000004 0.4 0 0.6000000000000001 0.6000000000000001 1.6 0 0.4 0 0.2 4.800000000000001 0 0 0.6000000000000001 0 0 0.6000000000000001 0.6000000000000001 0.6000000000000001 1.4000000000000001 12.600000000000001 9.8 1 0 0.6000000000000001 0 0 0 0 0 0 0.6000000000000001 0 0.2 0 7.4 0 0.6000000000000001 0 0.4 0 0 0 0 0 0.2 0 0 0 0.2 0 0 0 0 0 0 0 0 0 0 0 0.2 5.2 11.4 1.8 1.2000000000000002 2.4000000000000004 8.8 11 0.8 0.2 0 1.8 14 8.6 0 0 4.800000000000001 14.8 0 1.4000000000000001 0 0 0 0 0 0 0 0 0 0 0 0 0 4 0 0 0 1.4000000000000001 3.2 1.8 0 0 0 0 0 0 0 0 0 0 0 0 0 0 0 0 0 0 1 0 0 0 0 0 0 1.4000000000000001 0 0 0 0 0 0 0 0 0 0 1 0 3.2 0 2.4000000000000004 4 9.8 2.8000000000000003 3.8000000000000003 0.2 3.2 4.2 0 0.2 9.200000000000001 0.2 5.2 2.2 14.600000000000001 0 1.2000000000000002 4 1.8 0 0 0 0 0 0 0 0 0 0 0 0 0 0 0 0 0 0 0 0.2 0 0 0 0 0 0 0 0 0 0 0 0 0 0 0 0 0 0 0 0 0 0 0 0 0 0 0 0 0 0 0 0 0 0 0 2.2 0 0.4 22.6 15.200000000000001 0.4 0 4.2 0 0 0 0 2.2 0 0 0 0 0 0 0 0 0 0 0.4 0 0 0 0 0 0 0 0 0 0 0 0 
 0 0 0 0 7 0 0 1 0 0 0 14.8 0 0 0 0 0 0 0 0 15.8 73.2 0 45.6 66 50.2 29 39.6 43 28.6 8.200000000000001 9.600000000000001 13 32 56 43 9.8 29.400000000000002 23 10 3.4000000000000004 0 0.6000000000000001 0.6000000000000001 0.6000000000000001 0 0.4 0 0 2 0 13 0.8 0 0 0.6000000000000001 0.6000000000000001 0.4 0.6000000000000001 0 0 0.4 0 0.6000000000000001 0 0 0 0 0 0 0.6000000000000001 0 0 0 0 0 0.6000000000000001 0 0.4 0.8 0 0 3 0 0 0 0 0 0 0.4 0 0.2 0 0 0 0.4 0 0 0 0 0 2 0 5 0 2.2 2.2 1.6 4.4 5.2 1.6 5.800000000000001 3.2 0 0 0 2 3.8000000000000003 0.2 0.2 0.2 2.2 0 0 0.2 0 1.4000000000000001 2.8000000000000003 0 0 0 0 3.6 9.4 0 0 0 0 6.6000000000000005 2.6 1.4000000000000001 0 0 0 0 0 0 0 0 0 0.2 0 0 0 0 0.4 0 0 0 0 0 1.4000000000000001 0 0 0 2 0 0.2 0 0 0 0 0.4 0 0 0 0 0 0 0 0.2 2.6 3.4000000000000004 9.8 4.6000000000000005 5.4 1.8 0 2.8000000000000003 4.2 12 0 4.4 0 1.4000000000000001 2.8000000000000003 10.200000000000001 2.8000000000000003 0.2 0.2 0 0 0 0 0 0 2.2 0 0 0 0 0 3 7.6000000000000005 0 0 0 0 4.4 2.8000000000000003 0 0 0 0 0 0 0 0 0 0 0 0 0 0 0 0 0 0 0 0 0 0 0 0 0 0 0 0 0 0 0 0 0 0.2 2.8000000000000003 0 0.4 0.2 0.4 0 0.4 0.2 0 0 0 0 0 0 0 0 7.800000000000001 0 0 0 0 0 0 0 0 0 0 0 0 0 0 3.2 2.4000000000000004 0 0 0 
 0 0 0.4 0 0 14.8 0 0 0 0 12.600000000000001 0 0.6000000000000001 0.6000000000000001 0 0 0 0 0 0 12.4 33.800000000000004 45.6 0 34.6 39.2 35.4 30.8 101 51.800000000000004 88.80000000000001 37.6 17.8 31.200000000000003 16.8 26 29.400000000000002 36 73.4 45 13 0 0.6000000000000001 0.6000000000000001 0 0 11.4 0 0.2 0 0 0 13 2.8000000000000003 0 0.6000000000000001 0.6000000000000001 0.6000000000000001 13.600000000000001 0.6000000000000001 0 0.4 0 0.6000000000000001 0 0 0 0 0 0 0.6000000000000001 0 0 0 0 0 0.6000000000000001 0 0.4 0 0 0 0 0 0 0 0 0 0 0 0 0 0 0 0 0 0 0 0 0 0 0 0.4 1.8 1.8 4.6000000000000005 5.4 0 4.4 0 2 0.2 0 2 0 0 1.4000000000000001 2 0.4 0.2 1.4000000000000001 5.800000000000001 3.6 0 0 0 7.6000000000000005 0 4.4 0 0 0 4.800000000000001 10 2.8000000000000003 0 0 0.2 3 0.6000000000000001 0 0 0 0 0 0 0 0 0 0 0 0 0 0.4 0 0 0 0 0.4 0 0 0 0 0 0 0 0 0 1 0 0 2.2 0 0 0 0 0 0 0 0 0 4.800000000000001 3 4.800000000000001 2.4000000000000004 1.4000000000000001 0 3.4000000000000004 0 0.2 0.4 5.800000000000001 0 0.2 7 0 3.4000000000000004 4.800000000000001 0 0.2 4.2 0 0 1.6 0 0 1.8 3.2 0 0 0.2 3.2 1.6 5 0 0.2 0 0.2 3.8000000000000003 0.2 0 0 0 0 0 0 0 0 0 1.6 0 0 0 0 0 0 0 0 0 0 0 0 0 0 0 0.4 0 0 0 0 0 0 0 0 1.6 0 0 0.6000000000000001 16.6 0.8 0 0.4 0 0 0 0 2.2 0 0 0 0 0 0 0 0 0 0 0 0 0 0 0 0 0 0 0.2 0 0 0 0 
 0 0 0 0 0 0 0 0 0.4 0 0 0 0 0 0 0.4 0 0 0.4 14.600000000000001 49.400000000000006 16.8 66 34.6 0 87 9.8 16.2 35.800000000000004 17 30.200000000000003 48 27.6 25.200000000000003 15.8 58.2 25.8 11.200000000000001 30 14.4 13.4 13 0.6000000000000001 0.8 1.4000000000000001 0 13 13.8 0.6000000000000001 1 0 0 0.8 0 40.2 0.8 19.200000000000003 13.8 21.8 0.2 0 1 0.6000000000000001 0.8 0.4 0 0 0 0 0 0.6000000000000001 0 0.4 0 0 4.2 0.6000000000000001 0.4 0.4 1.2000000000000002 0 0 0 0 0 0 0 0 0 0 0 0 0 0 0 0 0 0 0 0 0 2.4000000000000004 4.6000000000000005 2 4.4 2.2 2 4 0 3.4000000000000004 1.8 0 0.2 0 0 0.4 1.8 0 0 0.4 0 3.8000000000000003 4.4 0 2.8000000000000003 0 2 6 3.4000000000000004 2.6 0.2 0.2 5.4 0 0 0 6.2 0 4 2.6 0 0.4 0 0 0 0 0 0.8 0 0 0 0 0 0 0 0 0 0 0 0 0 0 1.4000000000000001 0 0 0 0.2 0 0 2.4000000000000004 0 0 0 0.2 0 2.6 0 0 0 0 0 0 5.800000000000001 5.800000000000001 0.4 2.6 0 0 1.8 2.2 0 0 0 0 2.4000000000000004 3.6 3 0 0 0 0 0 3.6 0.2 0 0.2 0 2.4000000000000004 0 0 4 1.6 6 4 0.2 2 3.4000000000000004 0.2 6.4 0.2 2 0 0 0 0 0 0 0 0 0 0.6000000000000001 0 0 0 0 0 0 0 0 0 0 0 0 0 0 0 0 0 0 0 0 0 0 0 5.4 0 0 0.6000000000000001 0 0.4 0.6000000000000001 0.4 0 0 0 0 0 0 0 0 2.4000000000000004 0 0 0 0 0 0 0 0 2.4000000000000004 0 0 0 0 0 0 4.6000000000000005 0 0 0 
 0 0 0.2 0 0 0 0 14.600000000000001 0 0 0 0 0 0 9.200000000000001 0 0 0 0 0 47.800000000000004 8.4 50.2 39.2 87 0 4.800000000000001 65.2 10 50.6 31.400000000000002 33.6 5.2 13 18.400000000000002 11.8 23.6 9.8 6.2 6.4 14 29 0.6000000000000001 19 0 0 12.8 14.600000000000001 0 9 0.4 0 13.200000000000001 12.600000000000001 37.4 15 13.200000000000001 13.200000000000001 19.200000000000003 0.2 0 0.4 0 0.6000000000000001 0 0 0 10.200000000000001 0 0.4 0.6000000000000001 0 0 0 0 0 0.6000000000000001 0 0.4 0.8 0 0 0 0 0 0 0 0 0 0 0 0 0 0 0 0 0 5.4 0 0 0 0 0 0 4.800000000000001 4.4 0 0 0 2.8000000000000003 2.2 2 0 0 0 0.4 0 0 0 0 4.2 6.4 4.6000000000000005 0 7.800000000000001 2 8.6 2.8000000000000003 7.4 3.6 5.2 0 7.4 2 2 0.4 6.4 0.8 0.4 9.8 0 0 0 0 0 0 0 0.8 0 0 0 0 0 0 0 0 0 0 0.2 0 0 0 1.4000000000000001 0 0.2 0 0 0 0 3.2 1.4000000000000001 0 0 0.2 0 0.2 0 0 0 0 0 3 0 2 0.4 12.8 0 0 4.6000000000000005 0 0 0.2 0 0 0 6 2.6 0 0 0 4.2 2.4000000000000004 2.8000000000000003 6 0 0 1.2000000000000002 6.2 0 4 9.4 5.6000000000000005 11.600000000000001 9.4 2.6 4.800000000000001 0 0 2.6 0 0 0 2.6 0 0 0 0 0 0 0 0 0 0 0 0 0 0 0 0 0 0 0 0 0 0 0.2 0 0 0 0 0 0 0 0 1.2000000000000002 0 0 0.2 21.8 0.2 0 0.2 0 0 0 0 0 0 0 0 0.2 0 0 0 0 0 0 0 0 3.6 0 0 0 0 0 0 3 0 0 0 
 0 0.8 16 87.2 6.800000000000001 0.2 0 0 0 7.4 14.8 4.800000000000001 0 0 0 0 0.2 14.4 0 0 58.2 32.800000000000004 29 35.4 9.8 4.800000000000001 0 15.8 16.400000000000002 94.80000000000001 78.4 50.400000000000006 92.2 59 93 37.4 27 97.2 8.200000000000001 113.4 0.6000000000000001 0 0.6000000000000001 0.6000000000000001 0 0 0.4 0 0 0 0 0 0.6000000000000001 0 12.4 0.6000000000000001 1 0.6000000000000001 0.6000000000000001 0 0 0.4 0 0.6000000000000001 0 0 0 0 0 0 0.6000000000000001 0 0 0 0 0 0.8 0 0.4 0 0 0 0 0 1.8 9 0 0 0 0 0 3 0 0 0 0 0 2.6 0 0 0 2.2 5 0 4 3.8000000000000003 4.4 2 0 0 0 0 2.6 8 2.6 2.4000000000000004 3.8000000000000003 3.2 3.4000000000000004 2.6 0 0 0 0 0 0 0 0 0 0 0 0 0.2 0 0 0 0 0 2.2 0 0 0 0 0 0 0.2 0 0 0 0 0 0 0 0 0 0 0 0 0 0 0 0 0 4.2 0.2 1.6 0 0 0 0 0.2 0 0 0 0 0 2 0 0 0 3 3.8000000000000003 2.4000000000000004 0 0 0 6 3.2 4.800000000000001 3 0 0 0.4 7 2 0 0 3.6 8.8 2.8000000000000003 0 0 0 0 0 0 0 0 0 1.2000000000000002 0 0 0 3.8000000000000003 0 0 0 0 4 0 0 0 0 0 0 0 0 0 0 0 0 0 0 0 0 0 0 0 0 0 0 0 0 0 0 0.2 14.600000000000001 0 0 0 0 0 0 0 3.4000000000000004 0.4 0.2 0 0.4 0 0.2 0 0 0 0 0 0 0 0 0 0 0 0 0 0 0 1.6 0 0 0 0 0 0 0 0 0 0 0 0 0 
 0 0 0 0 0.2 0 0 0 0 0 0 0 0 0 0 0 0 0 0.6000000000000001 0 15.4 47.2 39.6 30.8 16.2 65.2 15.8 0 53 10.600000000000001 61.6 64.2 54 14.8 5 23.8 25.200000000000003 20.8 22.8 9 0.6000000000000001 0 1.2000000000000002 1 0.6000000000000001 0 0.4 0.8 0 0.6000000000000001 0 0.6000000000000001 0.6000000000000001 0 0.2 0.6000000000000001 13.200000000000001 0.6000000000000001 1.6 13.4 0 23 0 0.6000000000000001 0.2 0 0 0 0 1.6 1 0.2 0 0 0.2 5.800000000000001 0.6000000000000001 0 0.6000000000000001 1.4000000000000001 0 0 0 0 0 0 0 0 0 0 0 0 0 0 0 0 0 0 0 0 0 5.6000000000000005 9.8 0 0 0 1.8 0 6.4 5.2 4.800000000000001 3.8000000000000003 0 0.4 1 0.6000000000000001 2.2 0.8 0 3.6 0 0 0 0 0 0 0 0 0 0 0 0 1.2000000000000002 3.8000000000000003 0 0 0 0 0.6000000000000001 2 0 0 0 0 0 0 2 0 0 0 0 0 0 0 0 0 0 0 1.2000000000000002 0 0 0 0 0 0 0 0 0 0 0 0 0 0 0 0 0 0.6000000000000001 0 0 0 2 1.8 7 6.4 2.8000000000000003 4.800000000000001 0.8 2.4000000000000004 6.2 1 2 0 3 4.800000000000001 9.8 9 6 0 1.8 0 0 0 0 0 0 0 0 0 0 0 0 0 7.2 0 0 0 0 0 0 0 0 0 0 0 0 0 0 0 0 0 0 0 0 0 0 0 0 0 0 0 0 0 4 0 0 0.2 0 0 0 0 0 0 0 0.2 2.6 0.4 0.4 12.600000000000001 15 0 0 3.4000000000000004 0 0 0 0 0 0.2 0 0 0 0 0 0 0 0 0 0 0 0 0 0.4 0 0 0 0 4.4 0 0 0 
 0.6000000000000001 0.6000000000000001 0.6000000000000001 0.6000000000000001 16.400000000000002 0.6000000000000001 0.6000000000000001 1.2000000000000002 0.6000000000000001 0.6000000000000001 2.2 0.8 0.6000000000000001 0.6000000000000001 0.6000000000000001 1 0.6000000000000001 0.8 0.6000000000000001 0.6000000000000001 9.8 54.6 43 101 35.800000000000004 10 16.400000000000002 53 0 48.400000000000006 68.2 5 123.60000000000001 61.400000000000006 42.2 42.800000000000004 29.6 22.6 36.2 11.200000000000001 0.4 7.4 0.6000000000000001 1.2000000000000002 1.2000000000000002 0 1 0 0 6 0.6000000000000001 0 1.6 0 0.2 0.6000000000000001 0.6000000000000001 0 1.4000000000000001 0 0 0.4 0 0.6000000000000001 0 0 0 0.6000000000000001 0 0 0.6000000000000001 0 0 0 0 0.4 0.6000000000000001 0 1.2000000000000002 1.2000000000000002 0 0 0 0 0 0.4 0 0 0.2 0 0 0 0 0 0.4 0 0 0 0 0 0 4 11.8 2.6 0 0 3.6 0.2 1.4000000000000001 0 4.2 11.200000000000001 4.800000000000001 1.8 0.2 4.4 2.2 6 0 2.2 2.2 1.4000000000000001 0 0 0 0 4 3 2.6 0 0 0 0.2 2.6 2.6 0 0 2.8000000000000003 0.6000000000000001 0.4 0 0 0 0 0 0 0 0 4.2 0 0 0 0 0 0 0 0 0 1.2000000000000002 0 0 0 1.6 0 0 0.8 0 0 0 0 0 0 0 0 0 0 0 0 0 0 0 1.6 8.200000000000001 4 6.2 4.6000000000000005 1.8 0 0 1.8 9.4 3 8.6 1.8 7.6000000000000005 0 7.800000000000001 2.4000000000000004 1.6 0 0 0.2 0 0 0 0 2.2 0 0 0 0.2 0 2.6 8.4 0 0 0 0.4 1.2000000000000002 0 0 0 0 0 0 0 0 0 0 0 0 0 0 0 0 0 0 0 0 0 0 0 0 0 0 0 0 0 0 0 0 0 0 0 2.4000000000000004 0.2 0 1.6 1.4000000000000001 0 0 3.6 0 0 0 0 0 0 0 0 0 0 0 0 0 0 0 0 0 0.2 0 0 0 0 0 0 3.6 0 0 0 
 0 0.8 0 0 14.8 3.2 0 0 0 0.2 0 0.2 0 0 0 0 0 0.2 0 0.4 5.6000000000000005 73.4 28.6 51.800000000000004 17 50.6 94.80000000000001 10.600000000000001 48.400000000000006 0 61.400000000000006 12.200000000000001 27.200000000000003 37.2 55.400000000000006 53.800000000000004 42.800000000000004 11 35.2 19.8 0.4 0 0.6000000000000001 0.6000000000000001 0 0 0.4 0 0.2 0 0.4 0 13.200000000000001 0.4 12.8 0.6000000000000001 0.6000000000000001 12.600000000000001 0.6000000000000001 0 0 0.4 0 0.6000000000000001 0 0 0 0 0 0 0.6000000000000001 0 0 0 0 0 0.6000000000000001 0 0.4 0 0 0 0 0 0.4 2.8000000000000003 0 0 0 0 0 0 0 0 0 0 0 0 0 0 0 2.6 1.4000000000000001 0.4 7 0 4 1.8 0 0 0.8 0 5.2 3 2.2 3.6 2.2 4.4 0 2 5.4 0.2 1.2000000000000002 0 0 0 3.2 3 2.8000000000000003 2.2 0.2 0 3.8000000000000003 0 2 0 0 0 0 0 0 0.2 0 0 0 0 0 0 0 0 0 0 0 0 0 0 0 0 0.6000000000000001 0 0 0 0 0 0 2.6 0 0 0 0 0 0 0 0 0 0 0 0 0 0 0 7 4 1.6 2 4 1.8 6.4 0.2 0 3.6 5.6000000000000005 1.8 5 3.8000000000000003 0 1.8 1.4000000000000001 2 2.6 0 0.4 0 0 0 0 0 0 0 0 0.2 0.2 4 2.2 0.2 4.2 0 0 0 1.8 0 0 0 0 0 0 0 0 0 0 0 0 0 0 0 0 0 0 0 0 0 0 0.4 0 0 0 0 0 0 0 0 0 0 0 1 0.2 0.6000000000000001 0.4 15.4 0 0.4 3 0 0 0 0 2.4000000000000004 0 0 0 0 0 0 0 0 0 0.2 0 0 5.4 0 2.4000000000000004 0 0 0 0 0 0 0 0 
 0 0 0 0 0 0 0.2 0.4 0.4 0.4 0 0 0 0 0 0 0 0 0 0 16.400000000000002 38.2 8.200000000000001 88.80000000000001 30.200000000000003 31.400000000000002 78.4 61.6 68.2 61.400000000000006 0 28.400000000000002 53.6 21.400000000000002 38 69.2 32.800000000000004 66.8 32.2 52.800000000000004 0.6000000000000001 0 0.6000000000000001 0.6000000000000001 0 0.2 0.4 0 0 0 0 0 0.8 1 3.8000000000000003 0.6000000000000001 0.6000000000000001 7 0.6000000000000001 0.2 0 0.8 0 0.6000000000000001 0 0 0 0 0 0.4 0.6000000000000001 0 0 0 0 0 0.6000000000000001 0 0.4 0 0 0.2 0 0 0 1.6 0 0 0 0 0 0 0 0 0 0 0 0 0 0 0 3 4.800000000000001 1.4000000000000001 5 5.800000000000001 0 2.6 0 2 2 0 4.2 2.4000000000000004 2 4.800000000000001 3.4000000000000004 11.4 0 0 0 0 2.4000000000000004 0 0 0 1.4000000000000001 1.6 3.4000000000000004 2.2 0 0 0 0 2.4000000000000004 0 0.4 0 2 3 0 0 0 0 0 0 0 0 0 0 0 0 0 0 0 0 0 0 0.8 0 0 0 0 0 0 2 0 0 0 0 0 0 0 0 0 0 0 0 0 0 3.6 4 0 3.6 0 0 5.2 1.8 0 10.8 5 4.2 2.6 6.2 5.800000000000001 0 0 2.4000000000000004 3.2 0 0 0 0 0 0 0 0 0 0 0 0 0.2 1.8 0.4 0 2.4000000000000004 0 0 10.200000000000001 0.4 0 0 0 0 0 0 0 0 0 0 0 0 0 0 0 0 2.2 0 0 0 0 0 0 0 0 0 0 0 0 0 0 0 0 0 2.8000000000000003 0 0 16 15.4 0 0.4 2.8000000000000003 0 0 0 0 0 0 0 0 0 0 0 0 0 0 0 0 0 1.8 0 2.4000000000000004 0 0 0 0 0 0 0 0.4 
