 0 37.4 17.6 16 7.6000000000000005 7.4 11.600000000000001 29.200000000000003 4.2 23.200000000000003 70.4 7.2 87.80000000000001 7.6000000000000005 8.8 24.8 4.2 22.400000000000002 4.6000000000000005 43.2 0.4 0 0 0.4 0.6000000000000001 0 0 0.4 0 0 0 0 0 15 1 0 0 0.8 0 0.4 0.6000000000000001 0 0 0 0 0 0 0 0.6000000000000001 0 0 1.2000000000000002 0 0 0 0 0 0 0 0 0 0.4 0.6000000000000001 0 0 0 0.4 0 0 0.2 0 0 0 0 0 0 0 0 0.6000000000000001 0 5.2 0 5.6000000000000005 2.8000000000000003 3.8000000000000003 2.6 0 12.8 12.200000000000001 16.2 3.4000000000000004 0 0 2 5 4 2.8000000000000003 0.2 0 2.2 0 0 0 0 0 0 0 0.2 0 0 0.2 0 3 0 0 0 0 0 11.600000000000001 0 2 0 0 0 0 0.4 0 0 0 0 0 0 0.4 0 0 0 0 2.6 0 0 0 0 0 0 0 0 0 1 0 0 0.2 0 0 0 0 0 0 0 0 0 0 9.200000000000001 0.2 4.6000000000000005 0 5.2 5.800000000000001 0 0 0 7.6000000000000005 0 0 2.2 2.2 0 2.8000000000000003 5.6000000000000005 3.8000000000000003 0.2 0.2 0 0 0 0 0 4.4 0 0 0 0 0 0.2 0 12.200000000000001 0 0 0 0 0 0 0 0 0 0 0 0 0 0 0 0 0 0 0 0 0 0 2 0 0 0 0 0 0 0 0 0 0 0 4 0 0.4 0 0 0 0 0 0 0 0 0 0 0 0 0 0.4 0.2 0 0 0.2 0 1 0 0 0 0 0 0 0 0 0 0 0 0 0 0 0 0 0 0 0 0 0 0 0 2.8000000000000003 0 0 0 0 0 0 0 0 0 0 0 0 0 0 
 37.4 0 53.6 47.6 8 25.6 51.800000000000004 88.60000000000001 37 9.600000000000001 49.2 27 27.6 25.400000000000002 12.200000000000001 57.2 10.200000000000001 48 27.8 33.6 0.2 0 0 0.4 0.6000000000000001 0 0 0 0 0 0 0.8 14.8 0 0.6000000000000001 0 0 0.4 0 0 0.6000000000000001 0 0 12.4 0 0 0 0 0.6000000000000001 0 0 14.4 0 0 1.2000000000000002 0 0 0 0.8 0 0 0.4 0.6000000000000001 0 0 0 0.4 0 0 0 0 0 0 0 0 0 0 0.2 0.6000000000000001 0 5.6000000000000005 5.800000000000001 0.2 3.8000000000000003 4.800000000000001 1.8 0.2 4 3.8000000000000003 2 4.2 4.4 0.2 2.2 11.600000000000001 1.8 4.2 3 12 1.4000000000000001 0 0 0 0.4 0 0 0 0 0 0 0 0 0 0 0 0 0 0 0 2.6 0 0 0 0 0 0 0 0 0 2.2 0 0 0 0 0 0 0 0 0 0 0 0 0 0 0 0 0 0 0 0.2 0 3.2 0.6000000000000001 0 0 0.4 0 0 0 0 2.8000000000000003 0 0 0 0 0 4.2 1 4.2 2.4000000000000004 2.6 0 2.8000000000000003 0 0.6000000000000001 0 2.6 6.2 3.4000000000000004 4.2 0 0 0 0 0 0 0 0 0 0 0 0 0 5.4 0 0 0 0 0 7.4 0 0 0 0 0 0 0 0 0 0.4 0 0 0 0 0 0 0 0 0 0 0 0 0 0 0 0 0 0 0 0.4 0 0 0 0 0 0 0 0 0 0 0 3.2 0 0 0 0 17.6 0 0.2 8.8 0 2.2 0 0 0 0 0.4 0 0 0 0 0 0 0 0 0 0 0 0 0 0 0 0 0 0 0 2.4000000000000004 0 0 0 0 0 0 0 0 0 0 0 0 0 
 17.6 53.6 0 27.400000000000002 19 46.400000000000006 17.8 16.2 49.400000000000006 75.2 122.80000000000001 25.200000000000003 16.2 87.4 40.6 28.200000000000003 46.800000000000004 10.600000000000001 10 69 0.6000000000000001 0.2 21.200000000000003 0.4 0.6000000000000001 0 0 0 0 0 0 0 7 0 1.2000000000000002 0.6000000000000001 16 1.2000000000000002 0.6000000000000001 0 0.6000000000000001 0 0 7.6000000000000005 0 0 0.4 0 0.6000000000000001 0.6000000000000001 0 0 0 0 0 0.4 0 0 1.2000000000000002 0 0 0.8 0.4 0 0 0 0.4 0 0 0 0 0 0 0 0.8 0 0 0 0.6000000000000001 0 3.8000000000000003 2.2 0.2 4.4 6 0.2 0 5.4 0 2.6 7.4 5.2 0 0.4 3 0 3.4000000000000004 2.4000000000000004 2.4000000000000004 5 0 2.6 0 0 0 0 2.8000000000000003 2.8000000000000003 0 0 0 0 0 2.4000000000000004 0 0 2.6 0 0.2 9.4 2.8000000000000003 0 0 0 0 0 0 0 0 0 0 0 0 0 0 0 0 0 0 0 0 0 0 0 0.2 0.4 0 3.2 0 0 0 0 1.6 0 0 0 0 0 0 2.2 2 0 0 0.4 0 3.8000000000000003 2.8000000000000003 4.800000000000001 2.4000000000000004 5 2.4000000000000004 0 0 0 0 0 1.8 3.2 1.6 2.8000000000000003 2.4000000000000004 0 0 0 0 0 0 0 0 0 0 0 2.2 6.4 2.6 0 0 0 3.2 12.600000000000001 0 0 0 0 0 0 0.4 0 0 0 0 0 0 0 0 0 0 1.4000000000000001 0 0 0.2 0.4 0 0 0 0 0 0.2 0 0 0 0 0 0 0 0.2 0 0 0 0 0 0 0.2 0 0 0.4 0.2 0 0.2 0.4 0 1.6 0 0 0 0 0 0 0 0 0 0 2 0 0 0 0 0 0 0 0 0 0 0 0 0 0 0 0 0 0 0 0 0 3 0 0 0 0 0 
 16 47.6 27.400000000000002 0 20.400000000000002 47.800000000000004 56.800000000000004 14.4 46.800000000000004 111.60000000000001 10.8 54.2 33.800000000000004 17.400000000000002 75 53.400000000000006 17.2 64.4 17.8 36 0 0.6000000000000001 0.4 0.4 0.6000000000000001 0 14.8 0 0 0 0.2 0 0 29.8 0.6000000000000001 0 0 0.6000000000000001 0 15.200000000000001 0.4 0 0 0.2 0 0 0 0 0.6000000000000001 0 0.8 0 0 0 0 0 0 0 0 0 0 0.4 0.6000000000000001 0 0 1 0.4 0 0 0 0 0 0 0 0 0 0 0 0.6000000000000001 0 1.6 2.6 1 0 3.6 5 1.4000000000000001 9.8 0 5.4 0 5 0 0 2.2 6 7.800000000000001 2.8000000000000003 0.2 0 0 0 0 0 0 0 8 0 0 0 0 0 0 0 0 0.2 2 0 0 0.6000000000000001 0 0 0 0 0 0 0 0 0 0 0 0 0 0 0 0 0 0 0 2.4000000000000004 0 0 0 0 0 0 0 0 0 4 0 0 0 0 0 0 0 0 0 0 0.4 0 3.4000000000000004 0.4 0.2 1.8 3 0 0 0 3.6 6.4 0 0 2.4000000000000004 2.8000000000000003 1.4000000000000001 2 0 0 1.8 6.2 0 0 0.4 0 0 1.2000000000000002 0 0 0 0 0 1.8 0 0 1 0 10.8 1.4000000000000001 0 0 0 0 0 0 0 0 0 0 0 0 0 0 0 0 0 0.2 0 0.2 0 0 0.4 0 0 0 0 0 0.4 0 0 0 0 0 0.4 0 0 0 0 0 0 0.4 0 0 0 0.6000000000000001 0.2 0.4 1 18 0 2 3.6 0 0 0 0 0 0 0 0 0 0 0 0 0 0 0 0 0 0 0 0 0 0 0 0 0 0 0 0 0 0 0 0 0 0 0 0 0 
 7.6000000000000005 8 19 20.400000000000002 0 82.80000000000001 51.400000000000006 10 40.400000000000006 58.400000000000006 38.400000000000006 26.6 18 14.600000000000001 33 19.400000000000002 9.600000000000001 29.200000000000003 11.8 18.2 14.8 14.4 0 0.4 1 0 7 22.6 0 0 0.8 0.6000000000000001 21 8 16.400000000000002 15.200000000000001 0 0.4 2 7.4 0.6000000000000001 0.6000000000000001 0 0.2 0.6000000000000001 1 2.6 0 1 0 1 0.2 0 0 0.6000000000000001 0.4 1.4000000000000001 1 0 0 0 0.4 0.4 0 3.2 0.6000000000000001 0.4 0 0 0.6000000000000001 0.6000000000000001 0.6000000000000001 0.4 0 1 0.6000000000000001 0 0 0.6000000000000001 0.2 0 0 0 0 2.8000000000000003 3.4000000000000004 0.2 9.8 0 0 4.800000000000001 2.8000000000000003 0 0 2.4000000000000004 0 4.2 0 0 0 2 0 0 0 0 0 4.800000000000001 2.8000000000000003 2.8000000000000003 2.6 2.8000000000000003 0 0.2 2.2 0 2.8000000000000003 0.2 0 0 2 0 0 0 0 0 0 0 0 0 0 0 0 0 0 0 0 0 0 0.2 0 0 0 0 0 0 0 0 0 0 0 0 0 0 0 0 0 0.4 1 0 0 0 0 0 0.4 8.6 0 0 0 0 0 0.4 0 0 0 0 2.2 3.4000000000000004 0 0 0 2 5.800000000000001 1.8 0.4 0 0.2 3.4000000000000004 3.4000000000000004 0 3.2 0 0 3.4000000000000004 3 0.2 0 2 0 5.6000000000000005 4.2 0.2 0 0 0.2 0 0 0 0 0 0 0 0 0 0 0 0.4 0 0 0 0 0 0 3.2 0 0 0.2 0 0 0 0 0 0 0 0 0 0 0 0 0 0 0 0 2.6 0 0 1.6 0.6000000000000001 0 0.8 0 0.4 0.4 4.2 0 0 0 0.2 0 0.4 0 0 0 0 0 0 0.4 0 0 0 0 0 0 0 0.2 0.2 5.2 0 0 0 0 0 0 0 0 0 0 0 0 0 0.2 
 7.4 25.6 46.400000000000006 47.800000000000004 82.80000000000001 0 9.600000000000001 5.800000000000001 35 87.80000000000001 16.2 78.2 46.2 10.4 7.2 34.800000000000004 31 10.200000000000001 12.600000000000001 9.200000000000001 14.8 0.2 5.800000000000001 0.4 0.6000000000000001 0 11.8 0.2 14.8 0 0 0 14.8 14.600000000000001 16 0 0 0.4 15.200000000000001 2.4000000000000004 0.4 0 0 0.2 0 0.2 0.4 0 0.6000000000000001 0.6000000000000001 0 0 0 0 0 0.2 0 0 0.4 0 0 0.4 0.6000000000000001 5.6000000000000005 0 0 0.4 0 0 0 6 0 1 0 0.2 0 0 0.6000000000000001 0.6000000000000001 0 3.6 3.4000000000000004 0.2 4.6000000000000005 7.800000000000001 1.6 0 0 0 0 4.6000000000000005 5.4 0 0 0 0 0 2.2 0 0 0 2.2 1.8 0.2 0 0.2 9.200000000000001 0 0.4 3 0 0 3.8000000000000003 2.8000000000000003 2.8000000000000003 5 8.8 0 0 12.8 0.4 0 0 0 0 0 0 0 0 0 0 0 0 0.4 0 0 0 0 0 0 0 3.2 0 0 0 0 0 0 0 0 0 0 1 0 0 0 0 0 0 0 0 0 3.8000000000000003 0.2 2.8000000000000003 0.2 0.2 0 2.8000000000000003 0 2 3.6 0 0 0 0 1.6 2.8000000000000003 0 0 1.8 6 3.6 0 0 0 0 0 1 0 0 3 2.8000000000000003 4.2 5.4 3.8000000000000003 0.2 0 3.6 3.6 0 0 0 0 0 0 0 0 0 0 0 0 0 0 0 0 0 3.4000000000000004 0 0.4 0 0 0 0 0 0 0 0 1.2000000000000002 1.8 0 0 0 0 0 0 0 0 0 0 0 0 8.6 0 0 0 0.4 0.8 1 1 0 0.4 0 0.4 0 0 0 0 0 0 0 0 2.2 0 0 0 0 0 0 0 0 0 0 0 0 0 0 0 0 0 0 0 0 0 0 0 0 0 0 0 
 11.600000000000001 51.800000000000004 17.8 56.800000000000004 51.400000000000006 9.600000000000001 0 22.400000000000002 8.8 90.2 9.4 7.6000000000000005 57.800000000000004 24.6 61.800000000000004 62.6 25 7 26.200000000000003 47.800000000000004 0 0 0 0.4 1 0 0.2 0 0 0 0 0 0.4 0 0.6000000000000001 0 0.4 0.4 0 0 0.6000000000000001 0 0 0 0 0 0.4 15 0.6000000000000001 11.200000000000001 0 0 0 0 0 0 0 0 0 0 0 0.4 0.6000000000000001 0.6000000000000001 0 0 0.4 0 0 0 0 0 0 0 0 0 0 0 0.6000000000000001 0 0.4 3 0 0 1.6 2 5.2 0 2 4.4 0 0.2 0.2 9.600000000000001 2.2 7 0 1.6 3.2 2.4000000000000004 0 0 0 0 0 0 0 0 0 0 0 0 0 0 0 0 0 0 0.2 0 0 0 0 0 0 0 0 0 0 0 0 0.2 0 0 0 0 0 0.4 0 0 0 0 0 0 0 0 0 0 0 0 0 0 0 0 0 0 0.6000000000000001 0 0 0 5.4 0 2.4000000000000004 0 0 0 0 6 2.4000000000000004 0.2 2 0 5.800000000000001 5 6.2 3.6 0.2 0 0 3.8000000000000003 0 0 0 0 0 0 2.2 0 0 0 0 0 0 0 0 0 0 0 0 0 0 0 0 0 0 0 3.6 0.2 0 0 0 0 0 0 0 0 0 0 0.2 0 0 0 0 0 0 0 0 0 0 0 0 0 0 0 0 0 0 0 0 0.2 0 0 0 0 0 0 0.4 0 0.8 18 0 1.2000000000000002 0 0 0 0 0 0 0 0 0 0 0 0 0 0 0 0 0 0.2 0 0 0 0 0 0 3.4000000000000004 3 0 0 0 0 0 0 0 0 0 0 0 0 
 29.200000000000003 88.60000000000001 16.2 14.4 10 5.800000000000001 22.400000000000002 0 13.8 11.4 38.2 8.8 53.400000000000006 32.6 69.2 48.2 41 6.6000000000000005 57.6 51.6 4.6000000000000005 0 0.4 0.4 1.6 0 0 0 0.4 0 0.6000000000000001 0 0.2 0.2 0.6000000000000001 0 0 0.4 0 0 0.6000000000000001 0 0 7 0 0 0.4 0 0.6000000000000001 0 0 0 0 0 0 0 0 0 0 0 0.6000000000000001 0.4 0.6000000000000001 0 0 0 0.4 0 0 0 0 0 0 0 0 0 0 0.4 0.6000000000000001 0 6.800000000000001 4.2 4.2 7.6000000000000005 7.2 6.4 2.2 5.2 5.2 3 3.6 0.6000000000000001 0 3.8000000000000003 2.6 4.4 2.8000000000000003 1.2000000000000002 3.4000000000000004 1.8 0 4 0 0 0 0 0 0 0 0 0 0 0 0 0 0 0 0 3.8000000000000003 7.2 0 0 0 0 0 0 0 0 0 0 0 0 0 0 0 0 0 0 0 0 0 0 0 0 0 0 0 0 0 0 0 0 1.4000000000000001 0 0 0 0 0 0 1 3.6 3.4000000000000004 1.8 1.8 0 2.4000000000000004 0 6.2 5.4 0 2.8000000000000003 1.4000000000000001 2 3.2 6.2 3 3.6 5.4 0 0 0 0 0 0 0 0 0 0 0 0 0 0 0 0 0 0 0 0 0 3.2 0 0 0 0 0 0 0 0 0 0 0 0 0 0 0 0 0 0 0 0 0 0 0 0 0 0 0 0 0 0 0 0 0 0 0 0 0 0 0 0 0 2.2 0 0 0 0.2 11 0 0.4 17.400000000000002 0 0.4 0 0 0 0 0 0 0 0 0 0 0 0 0 0 0 0 0 0 0 0 0 0 0 0 3.2 0 0 0 0 0 0 0 0 0 0 0 0 0 
 4.2 37 49.400000000000006 46.800000000000004 40.400000000000006 35 8.8 13.8 0 37.4 77.60000000000001 22 17.400000000000002 79.60000000000001 41.400000000000006 79.80000000000001 98.80000000000001 24.400000000000002 16.400000000000002 14.600000000000001 0 0 0.4 0.6000000000000001 0.6000000000000001 0 0 0 0.6000000000000001 0 0 0.4 5.2 0.4 0.6000000000000001 0 0 0.6000000000000001 15.600000000000001 0 0.2 0 0 0.2 0 0 0.4 0 0.6000000000000001 0.8 0 0 0 0.2 0 0 0 0 1.2000000000000002 0 0 0.4 0.6000000000000001 0 0 0 0.4 0 0 0 0 0.2 0 0 0 0 0 0 0.6000000000000001 0 3.6 3.4000000000000004 3 5.800000000000001 12.4 0 0 2.6 0 0.2 4.2 5.4 0.2 0 2.8000000000000003 2 4.2 2.8000000000000003 2.4000000000000004 1.6 1.2000000000000002 0 0 0 0 0 3 1.2000000000000002 0.4 0 0 0 0 3.4000000000000004 0 0 3 0 0 4 0.2 0 0 0 3 0.4 0 0 0 0 0 0 0.4 0 0 0 0 0.2 0 0 0 0 0 5 0 0 0 0 0 0 0 0 1.2000000000000002 0 0 0 0 0 0 0 0 0 0 0.4 0 0 2.8000000000000003 0 6 3.4000000000000004 0.6000000000000001 0 2.8000000000000003 0 0.2 0 2 2.8000000000000003 1.6 2.8000000000000003 9 0 0 0 0 0 0 0 0 0 0 0 2.4000000000000004 9.200000000000001 0.2 2.2 0 0 9.200000000000001 2 0 0 0 0 0 0 0 0 0 0 0 0 0 0 0 0 0 0.2 0 0 0 0 3 0 0 0 0 0 0 0 0 0.4 0 0 0 0 0 0 0 0 0 0 0 0 0 0 0.4 0 1 0.4 0.4 0 0 0 0 0 0 0 0 0 0 0 2.2 0 0 0 0 0 0 1.8 0 0 0 0 0 0 0 0 0 0 0 0 0 0 0 0 0 0 0 0 
 23.200000000000003 9.600000000000001 75.2 111.60000000000001 58.400000000000006 87.80000000000001 90.2 11.4 37.4 0 54 71.8 8.6 100 43.400000000000006 20.8 121 26.6 11.600000000000001 57.400000000000006 0.6000000000000001 0 0 0.4 0.6000000000000001 0 0 0 0 0 0.6000000000000001 0 0 0 1.2000000000000002 0 0 0.4 0.4 29.6 0.6000000000000001 0 0 0 0 0 0.4 0 13.600000000000001 1.2000000000000002 0 0 0.2 0 0 12.600000000000001 0 0 0.4 0 0 0.4 10.4 0 0.2 0.6000000000000001 0.4 0 0 0 0 0 0 0 0 0 0 0 0.6000000000000001 0 2.8000000000000003 0 13.8 2.6 2.2 1.6 2.6 8.4 0 10.200000000000001 2.2 0.6000000000000001 0 0.6000000000000001 0.2 5 1.8 4.6000000000000005 0 5.2 0 2.6 0 0 0 0 1.8 1.4000000000000001 0 0 0 0 0 2.2 0 0 3 0 6 3 1 0 0 0 0 0 0 0 0 0 0 0 0 0 0 0 0 0 0 0 0 2.2 0 0 0 0.4 0.4 0 0 0 0 0 0 0 0 0 0.8 0 0 0.4 1.4000000000000001 0 5 3.4000000000000004 2.2 1.4000000000000001 0.2 1.4000000000000001 1.6 4.6000000000000005 4.4 2.4000000000000004 0 6.800000000000001 2.8000000000000003 7.6000000000000005 0 1.8 0 0 0 0 0 0 0 0 0 0 0 0 0 0 0 1.8 3.2 0 0 0 0.2 0.4 0 0 0 0 0 0 0.4 0 0 0 0 0 0 0 0 0 0 1 2.6 0 0 0.4 3.6 0 0 4.4 0 0 0 0 0 0 0 0 0 0 0 0 0 2.6 0 0.4 0.2 0 0 0.2 1.2000000000000002 0 0 20.200000000000003 0 1.2000000000000002 2.8000000000000003 0 0 0 0 0 0 0 0 0 2.2 0 0 0 0 0 0 0 0 0 0 0 0 0 0 0 0 0 0 0 0 0 0 0 0 0 0 0 
 70.4 49.2 122.80000000000001 10.8 38.400000000000006 16.2 9.4 38.2 77.60000000000001 54 0 114.80000000000001 12.4 26.6 75 55.6 32.4 11.4 53.2 14.600000000000001 1.4000000000000001 0 0 0.8 0.6000000000000001 0 8.4 0 0 0 0 0 17.2 0 0.6000000000000001 0 0 0.4 21.200000000000003 0 0.6000000000000001 0 0 12.600000000000001 0 0 0 0 0.6000000000000001 0.8 0 0 0 0 0 0 0 0 1.2000000000000002 0 0 0.4 0.4 0 0 0 0.4 0 0 0 0 0.2 0 0 0 0 0 0 0.6000000000000001 0 2 0 6 10.4 4.6000000000000005 0.2 3.2 3.4000000000000004 0 3.2 3.6 0.2 0 2.8000000000000003 3.8000000000000003 0.2 2.2 2.2 0 2.8000000000000003 0 0 0 0 0 0 0 1 0 0 0 0 0 3.2 2 0 0 0 4.4 2.6 0.4 0 0.2 0 1.4000000000000001 0 0 0 0 0 0 0 0 0 0 0 0 0 0 0 0 0 0 0 0 0 0 0 0 0 0 0 0.2 1.2000000000000002 0 0 1 0 0 1.2000000000000002 3.2 0 0.2 5.6000000000000005 0 1.2000000000000002 3.6 4.2 0 2 2 0 0 0.2 3.2 1 4 0 0 4.2 0 0 0.2 0 0 0 0 0 0 0.2 0 0 1 3.2 0.2 0 0 0 0 3 0 0 0 0 0 0 0 0 0 0 0 0 0 0 0 0 0 1.2000000000000002 0 0 0 0 0 0 0 0 0 0 0 0 0 0 0 0 0 0 0 0 0 0 0 0 0 0 0 0 17.400000000000002 0 17 0 3.8000000000000003 0.6000000000000001 0 0 0 0 0 0 0 0 0 0 2 0 0 0 0 0 0 0 0 0 0 0 0 0 0 0 0 0 0 0 0 0 0 0 0 0 0 0 
 7.2 27 25.200000000000003 54.2 26.6 78.2 7.6000000000000005 8.8 22 71.8 114.80000000000001 0 5.6000000000000005 4.2 9.8 47.800000000000004 24.8 33.2 50 11 15.4 15.200000000000001 15.4 0.4 0.6000000000000001 0 14.600000000000001 4.6000000000000005 0 0 0 0 0 7.4 0.6000000000000001 0 0 0.6000000000000001 31.6 1.4000000000000001 0.2 0 0 0.2 0 0 0.4 0 0.6000000000000001 0.4 0 0 0 0 0 0 0 0 0.4 0 0 0.4 0.6000000000000001 0 0 0 0.4 0 0 0 0 0 1 0 0 0 0 0 0.6000000000000001 0 3.6 3.2 1.4000000000000001 4.6000000000000005 10.4 0.6000000000000001 0 3 3 0 3.2 7.6000000000000005 0 0 0 0 2.4000000000000004 4.4 0 0 1 4.6000000000000005 0 0 0 0 4.4 1.6 7 0 0 0 4.6000000000000005 2.8000000000000003 2 0 3 0 4.6000000000000005 3.6 0 0 0 0 0 0 0 0 0 0 0 0 0 0 0 0 1.8 0 0 0 0 0 0 0 0 0 0 0 0 0 0 0 1 0 0 0 0 0 0 0 0 0 0 0.4 0 0 0 0 2.2 2 0 3.8000000000000003 0 0 0 0 0 9.200000000000001 0 0 4.800000000000001 5.2 3 3 0 0 4.2 5.6000000000000005 0 1 0 0 2.8000000000000003 2.8000000000000003 0 0 4.6000000000000005 0 12.200000000000001 1.6 0 0 0 0 0 0 0 0 0 0 0 0 0 0 0 0 0 0 0 0 0 0 0 0 0 0 0 0 0 0 0 0 0 0 0 0 0 0 0 0 0 0 0 0 0 0.8 0.8 0 0.6000000000000001 0.2 1.4000000000000001 0.4 0 0 0 0 0 0 0 0 0 0 1.4000000000000001 0 0 0 0 0 0 0 0 0 0 0 0 0 2 0 0 0 0 0 0 0 0 0 0 0 0 0 
 87.80000000000001 27.6 16.2 33.800000000000004 18 46.2 57.800000000000004 53.400000000000006 17.400000000000002 8.6 12.4 5.6000000000000005 0 31.200000000000003 9.8 24.8 10.8 25.400000000000002 25.400000000000002 23.400000000000002 0 1 0.2 0.4 0.6000000000000001 0.6000000000000001 14.8 1 0 0 0 0 0 0 0.8 0.4 0 0.4 0 0.8 0.6000000000000001 0 0 1 0 0 0 0 1.2000000000000002 0 0 0 0.8 0 0 0 1.4000000000000001 1 0.2 0 1.2000000000000002 0.4 0.6000000000000001 0.8 0.6000000000000001 0 0.4 0 0.2 0 0 0 0 0 0.4 0 0 1.2000000000000002 0.6000000000000001 0 6.6000000000000005 0.2 0 0 0 0 0 10.8 4 2.4000000000000004 0 0 2.2 2.2 3 0.4 2.2 0 5 0 0 0 1.8 0 0 1.2000000000000002 0 0 0 0 0 0 0 0 0 0 0 0 0 0 0 0 0 0 0 0 0 0 0 0 0 0 0 0 0 0 0 0 0 0 0 0 0 0 0 0 1.6 1.8 0 0 0 0 0 0 0 0 1.2000000000000002 0 0 0 3.8000000000000003 8.8 0.2 0 0 0 0 2 3 5.6000000000000005 9.200000000000001 0 13.200000000000001 0 2.4000000000000004 0 0 2 3.8000000000000003 0 0 0 0 0 0 0 0 0 0 0 0 0 0 0 0 0 0 0 0 0 0 0 0 0 0 0 0 0 0 0 0 0 0 0 0 0 0 0 0 0 0 0 0 0 0.6000000000000001 4.4 0 0 0 0 0 0 0 0 0 0 0 0 0 0 0 4.2 0 0 0 0 17.6 0 0 0.2 0 1.4000000000000001 0 0 0 0 0 0 0 0 0 0 0 0 0 0 0 0 0 0 10.8 0 0 0 0 8.6 0 0.8 0 0 0 0 0 0 0 0 0 0 0 0 
 7.6000000000000005 25.400000000000002 87.4 17.400000000000002 14.600000000000001 10.4 24.6 32.6 79.60000000000001 100 26.6 4.2 31.200000000000003 0 64.60000000000001 18 6 16 89.60000000000001 105.4 0 0 0.2 0.4 41.2 0 0 0 0 0 0 0 0 0 0.6000000000000001 0 0 0.4 0 0 0.4 0 0 0 0 0 0.2 0 0.6000000000000001 0 0 0 1.4000000000000001 0 0 0 0.8 0 0 0 0 0.4 0.6000000000000001 0 0 0 0.4 0 0 1 0 0 0 0 0 0 0 0 0.6000000000000001 0 10 7.6000000000000005 4.4 0.6000000000000001 0.2 0 2.8000000000000003 6.800000000000001 3.2 4.4 0 2.6 1.2000000000000002 3.6 5.4 4.4 2.8000000000000003 7 6 6.6000000000000005 0 0 0 0 0.2 0 0 0 0 0 0 0 0 0 0 0 0.2 0 0 0 0 0 0 0 0 0 0 0 0 0 0 0 0 0 2.6 0 0 0 0.4 0 0 0 0 0 0 0 0 2.4000000000000004 0 0 0 0 0 0 0 0 2.6 0 0 0 7.2 2.4000000000000004 7.2 5.4 0.4 0.2 7.6000000000000005 0 0 6 1.8 2 0 9.8 6 10.4 2.8000000000000003 0.2 2.8000000000000003 6.6000000000000005 0 0 0 0.4 0 0 0 0 0 0 0 0 0 1.4000000000000001 0 0 0 0 0 0 0.2 0 0 0.2 0 0 0 0 0 0 0 0 0 0 0 0.4 0 0 0 0 0 0 0 0 0 0 0 0 0 0 0 0 0 0 0 0 0 0 0 0 0 6.4 0 0 0 0.2 34.4 0.2 0.2 0 0 0 0 0 0 0 0 0 0 0 0 0 0 0 0 0 0 0 0 0 0 0 0 2.8000000000000003 0 0 0 0.2 0 0 0 0 0 0 3 0 0 0 0 0 
 8.8 12.200000000000001 40.6 75 33 7.2 61.800000000000004 69.2 41.400000000000006 43.400000000000006 75 9.8 9.8 64.60000000000001 0 39 32 11.4 20.200000000000003 42.400000000000006 0 0 0 0.4 0.6000000000000001 0 0 0 0 0 0 0 14.8 0 0.6000000000000001 0 0 0.6000000000000001 0 0 0.2 0 0 0 0 0 0.4 0 0.6000000000000001 0 0 0 0 0 0 0 0 0 0 0 0 0.6000000000000001 0.6000000000000001 0 0 0 0.4 0 0 0 0 0 0 0 0 0 0 0 0.4 0 0 6.6000000000000005 0.2 0.6000000000000001 0 1.4000000000000001 4.6000000000000005 2.6 3.6 7.6000000000000005 2.6 4.800000000000001 0 5.6000000000000005 4.4 3.4000000000000004 6.6000000000000005 0 4.4 9.4 0 0 0 0 0 0 3.8000000000000003 0 0 0 0 0 0 0 6.4 0 0 0 0.2 0 2.6 0 0.2 0 0 0 0 0 0 0 0 0 0 0 0 0 0 0 0 0 0 0 0 0 0 0 0 0 0 0 0 0.2 0 0 0 0 0.2 0 0.2 0 2.2 1 4.800000000000001 1.4000000000000001 0 0 3.8000000000000003 0 0 1.4000000000000001 8 0.8 0.2 2.4000000000000004 2.8000000000000003 12.200000000000001 1.6 0 1.4000000000000001 6.4 2.4000000000000004 0 0 2.4000000000000004 0 0 0 0 0 0 0 0 0 0.2 0.4 0 0 0 2.4000000000000004 0 0 0 0.4 0 0.4 0.2 0 0 0 0 0 0 0 0 0 0 0 1.4000000000000001 0 0 0 0 0 0 0 0 0 0 0 0 0 0 0 0 0 0 0 0 0 0 0 3 0 0 0 0 18.6 0 0.4 0.6000000000000001 0 0.6000000000000001 0 0 0 0 0 0 0 0 0 0 0 0 0 0 0.2 0 0 0 0 0 0 0 0 0 0 2.8000000000000003 0 0 0 0 0 0 0 0 0 0 0 0 
 24.8 57.2 28.200000000000003 53.400000000000006 19.400000000000002 34.800000000000004 62.6 48.2 79.80000000000001 20.8 55.6 47.800000000000004 24.8 18 39 0 31.8 8 28.6 24.200000000000003 0 0 0 0.4 0.8 0 0.4 0 0 0 0 0 0.6000000000000001 0 0.6000000000000001 0 0.2 0.4 0.2 0 0.4 0 0 0 0 0 0 0 1 0.4 0 0 0 0 0 0 0.4 0 0.6000000000000001 0 0 0.4 0.6000000000000001 9.200000000000001 0.4 0 0.4 0 0 0 0 0 0.2 0 0 0 0 0 1 0 0 7.6000000000000005 0 0 2 2.8000000000000003 4.800000000000001 8 6.4 0.2 0 0 1.2000000000000002 2.8000000000000003 2.6 4.2 0 2.4000000000000004 2.4000000000000004 3.4000000000000004 0 0 0 0 0 0 0 0 0 0 0 0 0 0 0 0 0 0 0 0 0 0 0 0 0 0 0 0 0 0 0 0 0 0 0 0 0 0 0 0 0 0 0 0 0 0 0 1.2000000000000002 0 0 0 0 0 0 0 0.2 0 0 0 0 16.8 4.2 0 0 0 0 0 1.8 5.6000000000000005 7.800000000000001 0 0 8 4.2 2.2 0.4 1.2000000000000002 5.6000000000000005 7.800000000000001 0 0 0 0 0 0 0 0 0 0 0 0 0 0 0 0 0 0 0 0 0 0 0 0 0 0 0 0 0 0 0 0 0 0 0 0 0 0 2 0 0 0 0 0 0 0.4 0 0 0 4.4 0 0 0 0 0 0 0 0 0 0 0 0 0 0 0 0 0.4 0.2 0 0 17.2 0 0.6000000000000001 0 0 0 0 0 0 0 0 0 0 0 0 0 0 0 0 0 0 0 0 0 0 0 2.2 4.800000000000001 0.2 0 0 0 0 0 0 0 0 0 0 0 0 
 4.2 10.200000000000001 46.800000000000004 17.2 9.600000000000001 31 25 41 98.80000000000001 121 32.4 24.8 10.8 6 32 31.8 0 30 9.200000000000001 67.60000000000001 0 0 15 0.4 0.6000000000000001 0 0 0 0 0 0 0 0 0.8 0.6000000000000001 7.6000000000000005 0 0.6000000000000001 15 15.200000000000001 0.4 0 0.4 12.600000000000001 0 0.6000000000000001 0 0 0.6000000000000001 0.4 0 0 0 0 0 0 0.6000000000000001 0 2.8000000000000003 0 0.4 0.4 0.8 0 0 0.8 0.4 0 0 0 2 0 0 0 0 0.4 0 0 0.6000000000000001 0.4 0 0 2.2 2.2 3.8000000000000003 4.6000000000000005 4.4 6.800000000000001 3 11.600000000000001 0 0 0 0 3 6.6000000000000005 2.4000000000000004 1.4000000000000001 0 0 0 0 0 0 0 0 4 1.6 0 0 0 0 0 3.2 0 0 0 0 3 4.800000000000001 0 0 0 0 0 0.2 0 0 0 0 0 0 0 0 0 0 0 0 0 0 0 0 0 0 0 0 0 0 0 0 0 0 0.2 0.2 0 0 2.8000000000000003 0 0 2 1.6 0 3 3 3.6 3.4000000000000004 0 1.6 1 6.2 0.4 0 0 0 0 3.6 4.800000000000001 3.2 0 0 0 0 0 0 0 2 0 0 1.8 0 1.6 0 0 1.2000000000000002 0 0 0 0 5 4.2 0 0 0 0 0 0 0 0 0 0 0 0 0 0 0 0 0 0 2.4000000000000004 2.2 0 0 0 0 0 0.4 0 0 0 0 0 0.4 0 0 0 0 0 0 0 2.2 0 0 0 0 0 0.2 17.6 0 0.2 27.8 0 1.2000000000000002 3.8000000000000003 0 0 0 0 0 0 0 0 0 2 0 0 0.8 0 0 0 0 0 0 0 0 0 0 4.2 0 0 0 0 0 0 0 0 0 0 0 0 0 
 22.400000000000002 48 10.600000000000001 64.4 29.200000000000003 10.200000000000001 7 6.6000000000000005 24.400000000000002 26.6 11.4 33.2 25.400000000000002 16 11.4 8 30 0 7 24.8 0.6000000000000001 0.4 0 0.4 0.6000000000000001 0 0 0 0 0 0.4 0 0 0 0.6000000000000001 0 0 0.4 0 0.6000000000000001 0.4 0 0 0.2 0 0 0.4 0 0.6000000000000001 0 0 12.8 0 0 0 0 0 0 0 0 0 0.4 0.6000000000000001 0 0 0 0.4 0 0.4 0 0 0 0 0 0 0 0 0.2 0.6000000000000001 0 14 1 2.8000000000000003 2.8000000000000003 6.4 0 1.4000000000000001 10.200000000000001 0 5.800000000000001 4.2 4 0 4.2 3.4000000000000004 8.200000000000001 5.4 9.8 0 2.2 0 0 0 0 0 0 0 0.2 0 0 0 0 6.2 0 0 0 5.6000000000000005 0 0 2.2 0.8 0 0 0 0 0 0 0 0 3.2 0.2 0 0 0 0 0 0 0 0 2.8000000000000003 0 0.2 0 0 0.2 0.4 0 0 0 0 0 0 1 0 0 0 0 0 0 0.4 0.2 0 3.8000000000000003 1.4000000000000001 2 5 12.200000000000001 0.2 2.2 2 6 5.2 0 2.2 3.6 2.8000000000000003 0 5.2 0 4.800000000000001 0.6000000000000001 0 0 0 0 0 2 0 0 0 0 3.6 0 1.2000000000000002 0.6000000000000001 0 0 0 1.8 3 0 0 0 0 0 0 0 0 0 0 0 0 0 0 0 0 0 0.2 4.4 0 0 0 0 0 0 0 0 0 0 0 0 0.6000000000000001 0 0 0 0.2 0 0 0 0 0 0 0 0 0 0 0.2 0 0.8 0 0.2 0.4 0.4 0 0 0 0 0 0 0 0 0 0 0 0 0 0 0 0 0 0 0 0 0 0 5.2 0 0 0 0 0 0 0 0 0 0 0 0 0 0 
 4.6000000000000005 27.8 10 17.8 11.8 12.600000000000001 26.200000000000003 57.6 16.400000000000002 11.600000000000001 53.2 50 25.400000000000002 89.60000000000001 20.200000000000003 28.6 9.200000000000001 7 0 27.8 0 0 0 0.4 0.6000000000000001 0 12.4 0.4 0 0 0 0.4 0 0 0.6000000000000001 0 0 0.6000000000000001 0 0 0.6000000000000001 0 0 0 0 0 0 0 0.6000000000000001 0 0 0.2 0 0 0 0 0 0 0 0 0 0.4 0.6000000000000001 0 0 0 0.4 0 0 0 0 0 0 0 0 0 0 0 0.6000000000000001 0 3.4000000000000004 3.4000000000000004 0 3.2 0 0 5.6000000000000005 0 5.6000000000000005 0.6000000000000001 0 0 0 7.2 6.4 0.2 7.6000000000000005 1 4.6000000000000005 0 0 0 0 0.4 0 0 0 0 0 0 0 0 0 0 0 0 0 0 0 0 0 0 0 0 0 0 0 0 0 0 0 0 0 0 0 0 0 0 0 0 0 0 0 0 0 0 0 0 0 0 0 0 0 0 0 0 0 0 0 0 5.800000000000001 0.8 0.4 0.8 0 0 8.4 9.4 3 0 0 0.8 3.8000000000000003 0 6 2.4000000000000004 3.8000000000000003 0.4 0 6 0 0 0 0 0 0 0 0 0 0 0 0 0 0 0 0 0 0 0 0 0 0 0 0 0 0 0 0 0 0 0 0 0 0 0 0 0 0 0 0 0 0 0 0 0 0 0 0 0 0.2 0 0 0 0 0 0 0 3 0 0 0 3 0 0 0 0.4 19.200000000000003 0.2 0.8 0.2 0 0 0 0 0 0 0 0 0 0 0 0 0 0 0 0 0 0 0 0 0 0 0 0 0 0 0 0 0 0 0 0 0 0 0 0 0 0 0 0 
 43.2 33.6 69 36 18.2 9.200000000000001 47.800000000000004 51.6 14.600000000000001 57.400000000000006 14.600000000000001 11 23.400000000000002 105.4 42.400000000000006 24.200000000000003 67.60000000000001 24.8 27.8 0 0 0 0 0.4 0.6000000000000001 0.4 0 0 0 0 0 0 0 0 0.8 0 0 0.6000000000000001 0 0 0.4 0 0 0 0 0 0.2 0 0.6000000000000001 0 0 0 12.4 0 0 0 0 0 0 0 0 0.4 0.6000000000000001 0 0 0.4 0.4 0 0 10.200000000000001 0 0 0 0 0 0 0.8 0 0.6000000000000001 0 7.6000000000000005 0.2 4.6000000000000005 9.8 0 2.2 3.2 4.4 2.6 6 0 2.6 0 7.4 9.600000000000001 11 9.8 3.2 2 4.4 0 0 0 0 0 0 0 0 0 0 0 0 0 0 0 0 0 0.2 4.4 0 0.4 0 0 0 0 0 0.2 0 0 0 0 0 0 0 0 0 0 0 0 0 0 0 0 0 0 0.2 0.4 0 0 0 0 0 0 0 0 0 0.4 0 0 0 0 0.6000000000000001 4.2 4.6000000000000005 0 0 6.6000000000000005 7 0 1.8 6.800000000000001 0 0 4.4 6 4.800000000000001 1.2000000000000002 1.6 0 7.4 0 0 0 0 0 0 0 0 0 0 0 0 0 0 0 0 0 0 0 0 0 0 0.2 2 0 2.8000000000000003 0.4 0 0 0 0 0 0 0 0 0 0 0 0 0 0.2 0.4 0 0 0 0 0 0 0 0 0 0 0 0 0 0 0 0 0 0 0 3.4000000000000004 0 0 0 0.4 35.4 0 0 17.6 0 0 0 0 0 0 0 0 0 0 0 0 0 0 0 0 0 0 0 0 0 0 0 0 0 0 3.2 0 0 0 0 0 0 0 0 0 0 0 0 0 
 0.4 0.2 0.6000000000000001 0 14.8 14.8 0 4.6000000000000005 0 0.6000000000000001 1.4000000000000001 15.4 0 0 0 0 0 0.6000000000000001 0 0 0 57.2 124.60000000000001 9.200000000000001 19.6 7 31.8 67.60000000000001 25.200000000000003 33 7.6000000000000005 27.400000000000002 40.800000000000004 11.8 53.6 8.6 7.2 51.6 14 22.200000000000003 0.4 0.6000000000000001 0.2 0.2 0.8 0 31.400000000000002 0.4 0 0 0.2 0.6000000000000001 0 1 0.8 1 0 0 0.4 0 0 0.4 0 0 0 0.6000000000000001 0.6000000000000001 1.6 0 0.4 10.200000000000001 0 0 0 0 0 0 2 0 0.2 0.2 0.2 0 0.2 0.2 3 0.4 0 0 0 0 0 0 0 0 0.2 2 0 0 0 2.8000000000000003 2.2 1.2000000000000002 0 1.8 0.2 6.4 1.8 0 6.2 13 0.2 8 4 5 0.4 0.4 0.2 5.2 2.2 0.4 0 0 0 0 0 0 0 0.4 0 0 0 0 0 0 0 0 0 0 0 0 0 0 0 0 0 0 0 0 0 0 0 0 0 0 0 0 1.4000000000000001 0 0 0 0 1.4000000000000001 3 3.6 0 0.2 0 0 0 0 3.2 0 0 2.6 0 0 0.6000000000000001 0 1.2000000000000002 4.800000000000001 9.200000000000001 3.8000000000000003 6.6000000000000005 0 2.8000000000000003 19 8.4 4 16.2 11 0 6.800000000000001 9 4.4 7.6000000000000005 0 2.8000000000000003 4.4 0 0 0 0 0 0 0 0 0 0 0 0.2 0 0 0 0 0 2 0 4 0 0 0 0 0 0 0 0 0 0 0 0 0 0 0 0 0 0 0 0 0 0 0 0 0 0 0 0 0 15.4 0 4.2 0 0 0 3.4000000000000004 0.4 0.4 0.2 15.600000000000001 0 0.2 0 0 0 0 0 0 0 0 0 0 0 0 0 0 0 1 0 0 0 0 0 0 0 0 0 3.8000000000000003 0 0 1.8 
 0 0 0.2 0.6000000000000001 14.4 0.2 0 0 0 0 0 15.200000000000001 1 0 0 0 0 0.4 0 0 57.2 0 21.8 26 22.400000000000002 4.6000000000000005 54.6 89 25.8 42.6 51 66.4 14.200000000000001 11.4 25.200000000000003 27 29.200000000000003 22.6 27.8 42 0 0 0 12.4 0.4 0 0 0.8 0 13.4 0 0 0 0 0.4 0 0 0 0 0 0 0 0 0 0 0.6000000000000001 0.2 0.4 0 0 0 0 0 0 0.4 0 0 0.4 0 0 0 0 0 0 0 4.4 0 0 0 0 0.2 0 0 0 0 0 4 0 0 0 10 13.600000000000001 0.2 5.2 1.8 5 8 2.6 5.800000000000001 0 4.800000000000001 2 3.2 2.4000000000000004 8 0.2 2 2.6 2.8000000000000003 0.2 0 0 2.4000000000000004 0 0 0 0 0 0 0 0 0 0 0 0 0 0 0 0 0 0 0 0 0 0 0.2 0 0 0 0 0 0 0 0 0 0 0 0.8 0 1 0 0 0 0.4 1.4000000000000001 0 0 1.4000000000000001 0 0 0.8 5.4 0 0 0 0 0 0 0 0.2 3 3.8000000000000003 4.4 5.6000000000000005 4.2 4.2 6 9.4 3.4000000000000004 5.800000000000001 3.8000000000000003 0.2 4.800000000000001 8.8 2.8000000000000003 2 5.2 0.2 0 0 0 0 0 0 0 0.4 0 0 0 1.4000000000000001 0 0 0 0 0 0 0 0.4 2.6 0 0 0 0 0 0 0 0 0 0 0 0 0 0 0 0 0 0 0 0 0 0 0 0 0 0 0.2 0 0 0 0 0 0 0 0 3.2 0 0 1 15.4 0 0.4 0 0 0 0 0 2.6 0 0 0 0 0 0 0 0 0 0 0 0 0 0 0 0 0 0 0 2.2 0 0 0 
 0 0 21.200000000000003 0.4 0 5.800000000000001 0 0.4 0.4 0 0 15.4 0.2 0.2 0 0 15 0 0 0 124.60000000000001 21.8 0 50.800000000000004 6.6000000000000005 11.200000000000001 23 21.6 56.800000000000004 43.400000000000006 25 6.4 38.2 40.6 85.80000000000001 19.6 35.4 68.4 42.800000000000004 37.2 1.2000000000000002 0 0 0.6000000000000001 0.8 0.6000000000000001 0.2 1 0 0 0 0 0.6000000000000001 0.6000000000000001 0.4 0 0 0 41.2 0.6000000000000001 0 0 0 0 0 0.6000000000000001 0.4 0.6000000000000001 0 0 0.2 0.2 1.2000000000000002 0.8 1.8 0 0 0.8 0 0 0 0 0 0.4 0 0 0 0 0 0.4 0 2 0 0 0 0 0 0 0.2 0 2 12 6 0.2 0.2 0 4.2 1.8 2.8000000000000003 8.6 0 5 5.4 1.8 8.6 8.8 3.2 4.2 0.2 5.6000000000000005 2.2 0 0 0 0 0 0 0.2 2.2 0 0 0 0.2 0.4 0 0 0 0 1.6 0 0 0 0 2.8000000000000003 0 0 3 0 0 6.4 3.4000000000000004 0 0 0 0 0 0 0 0 0.4 0 0 0.4 0 0 0.8 0 0 0 0 3 3.6 0 0 4.6000000000000005 0 0 0 0 0.6000000000000001 5.800000000000001 3.2 1.4000000000000001 5.6000000000000005 3 0 1 0.4 4 3.4000000000000004 3.4000000000000004 3 3 0 2.2 0 2.2 3.2 3.6 1.6 0 0 0 0.4 0.2 0.2 0 0.4 0 0 0 0 0.4 0 0 0 0 0.2 0 0.4 0 0 0 0 0 0 0 0.2 0 0 0 0 0 0 0 0 0 0 0 0 0 0 0 0 0 0.2 0 0 0 0 0 0 0 0 2.8000000000000003 0.4 0 0 0 0 0.4 0.4 0 0 0 0 0 0 0 0 0 0 0 0 0 0 0 0 0 0 0 5.2 0 0 0 0.4 0 0 0 0 
 0.4 0.4 0.4 0.4 0.4 0.4 0.4 0.4 0.6000000000000001 0.4 0.8 0.4 0.4 0.4 0.4 0.4 0.4 0.4 0.4 0.4 9.200000000000001 26 50.800000000000004 0 83.60000000000001 96.2 16.2 28.200000000000003 23.200000000000003 37.800000000000004 14.4 69.4 26.200000000000003 35.2 64 9.4 59.400000000000006 42.2 112.60000000000001 14.4 2.2 0 0 0 0.4 0 26 21.200000000000003 0 0 0 0 2 1.6 0.6000000000000001 0 0.4 0 0 0 0 0 0 0 0.8 0.6000000000000001 0.2 0 0 0 0 0 0 0 0.6000000000000001 0 0 0.2 0 0 0 0.2 0 0 0 0 0.4 0 0 0 0 0 0 0 0 0.2 0 0 0 0 1.8 2.6 0 4.6000000000000005 17 2.2 0 1.8 12.8 3.2 3.8000000000000003 1.4000000000000001 0 2.2 8.4 2.2 0 2 0 0 2.2 0 3.4000000000000004 0 0 0 0 2 2.6 0 0 0 0.8 2.6 4.4 2.4000000000000004 0 0 4.2 1.2000000000000002 0 0 0.4 0 0 2.2 0 0 0 0 0 0 0 0 0 0 0 0 2.8000000000000003 0 0 0 0 0.4 0 0 0 0 0 3.2 0.8 0 0 0 0.8 0 0 0.4 0 1.2000000000000002 0 0 2.6 4.800000000000001 8 0.4 2.4000000000000004 0 0 0 9.8 2.2 2.6 0 0 0 4.6000000000000005 9.4 4.4 0 6.6000000000000005 0 0 0 0 0 1.4000000000000001 0 0 0 0 0 0.2 0 8 0 0 0 0.2 4 0 0 0 0 0 0 0 0 0 0 0 0 0 0 0.2 0 0 0 0 0 0 0 0 0 0 0 0 0 0 0 0 0 0 0 1.2000000000000002 0.4 0.2 0.2 0 0.4 0.4 2.6 0 0 0 0 0 0 0 0 0 0 0 0 0 0 0 0 0 0.4 0 3.4000000000000004 0 0 0 5.2 0 0 0 0 
 0.6000000000000001 0.6000000000000001 0.6000000000000001 0.6000000000000001 1 0.6000000000000001 1 1.6 0.6000000000000001 0.6000000000000001 0.6000000000000001 0.6000000000000001 0.6000000000000001 41.2 0.6000000000000001 0.8 0.6000000000000001 0.6000000000000001 0.6000000000000001 0.6000000000000001 19.6 22.400000000000002 6.6000000000000005 83.60000000000001 0 42 6.800000000000001 25 29.400000000000002 17.6 46.400000000000006 14.4 30.200000000000003 14.4 31.200000000000003 13.200000000000001 34.6 15 14.8 10.8 0.2 0.8 0.6000000000000001 0 0.4 0 25 0.6000000000000001 4.4 0.2 0 0 17.400000000000002 11.8 0.4 0 0 0 0 0 1 0 0 0 0.2 0.8 0 0.8 0 0 0.6000000000000001 0 0 0 0.2 0 0 0.6000000000000001 0.2 0 0 0 0 0 0 0 0 0 0 0 0 0 0 0 0 0 0 0 0 0 2 4.800000000000001 13.600000000000001 4.4 2.2 1.4000000000000001 0 0.2 0 6.800000000000001 6 2.4000000000000004 0 0 0 0 2.6 2 0 0 0 0 3.2 0 0 0.2 3 10.200000000000001 1.8 2.4000000000000004 0 0 3.4000000000000004 7.6000000000000005 3.6 0.2 0 2.6 1.4000000000000001 5.6000000000000005 0 0 1 0 0 8.4 0 0 0 0 0 0 0 0 0 0 0 0 0 0 0 0 0 0 0 0.4 0.8 0 0 0 0 0 0.2 0 0 0 0 0 4 0 0 0 2.4000000000000004 2.8000000000000003 2.4000000000000004 2.2 0 0 3.4000000000000004 0 4.2 2.8000000000000003 0 1.2000000000000002 0 2.2 0 3.8000000000000003 0 0 4.6000000000000005 2.8000000000000003 0 0 0 0 0 0 2.2 0 0 2.4000000000000004 0 0.2 1.2000000000000002 4 0.8 0 0 4.6000000000000005 0 0 0 0 0 0 0 0 2.8000000000000003 0 0 0 0 0 0 0 0 0 0 0 0 0 0 0 0 0 0 0 0 0 0 0 0 0 0.6000000000000001 0 0.2 15.200000000000001 15.200000000000001 0.4 2 0 0 0 0 0 0.2 0 0 0 0 0 0 0.2 0 0 0 0 0 0 0 3.2 0.2 0 0 0 1.6 0 0 0 
 0 0 0 0 0 0 0 0 0 0 0 0 0.6000000000000001 0 0 0 0 0 0 0.4 7 4.6000000000000005 11.200000000000001 96.2 42 0 13 5 30 10.200000000000001 28.6 23 5.4 23.400000000000002 96.60000000000001 16.2 107.80000000000001 11.8 13.4 12.8 12.200000000000001 13.600000000000001 13.8 0 0.4 0.2 12.200000000000001 11 0 0 16.2 0 26.8 1 0.8 0 0 0 12.8 16.2 0 0 0 0 0.6000000000000001 0.6000000000000001 0.4 0 4.2 0 5.800000000000001 0 0 0 0.6000000000000001 0 0 0 0 0 0 0 0 0 0 0 0 0 0 0 0 0 0 0 0 0 0 0 0 0 0 0 7.800000000000001 0.4 0 0 0 0 0 2.4000000000000004 5.2 0 0 2 0 0 0 1.6 0 0 2.8000000000000003 10.4 6.4 0 0 4.4 4.800000000000001 3.2 2.2 5.6000000000000005 0 2 3.2 6.4 7.800000000000001 2.2 1.8 2.2 1.8 3.6 0 0.2 0 0 0 0 0 0 0 0 0 0.2 0 0 0 0 0 0 0 0 0 0.8 0 0.2 0 0 0 1 0 0.6000000000000001 0 0 1 0 0 0 0 0 0.8 0 0 0 0 0 2.4000000000000004 4.800000000000001 0 0 0 0 0 1.2000000000000002 0 0 0 3.8000000000000003 4.4 4 0 0 4.800000000000001 2.6 0 12.600000000000001 0 0 6.4 0 1.8 2.2 4 2 0 4.2 9 6.4 4.2 4 10.8 0.8 0 0 0 0 0 0 1.8 0 0 0 0 0 0 0 0 0 0 0 0 0 0 0 0 0 0 0 0 0 0 0 0 0 0 0 2.2 0.2 0 1.2000000000000002 0 1.4000000000000001 0.4 0 0 0 0 0 0 0 0 0 0 0 0 0 0 0 0 3.4000000000000004 0 1.8 0 0 4 0 0 6.800000000000001 0 0 0 0 
 0 0 0 14.8 7 11.8 0.2 0 0 0 8.4 14.600000000000001 14.8 0 0 0.4 0 0 12.4 0 31.8 54.6 23 16.2 6.800000000000001 13 0 31.200000000000003 63 6.800000000000001 5.6000000000000005 48 75 110.2 43 24 6.800000000000001 72.60000000000001 30 23.8 0 0 0 0.4 0.4 0 0.8 1 0.4 0 0 0 0.6000000000000001 0 0.8 0 0 0 0.6000000000000001 0 0 0 0.6000000000000001 0 9.8 0.6000000000000001 0.4 0 0.4 0 0 10.4 1.2000000000000002 0 0.6000000000000001 0 0 0 0 0.6000000000000001 0 0 0 0 0 6.4 0 0 0 0 2.4000000000000004 1.6 0 0 0 0 1.6 0 0 0 5.6000000000000005 0.2 3.6 4.6000000000000005 4 0.2 2.6 1.2000000000000002 6.2 12 0 2.4000000000000004 0 3.2 3 19 3 0 0 2.6 0 0 0 0.4 1 0 0 0 0 0 0 0 1.8 0 0 0 0 0 0 0 0 0 0 0 0 0 0 0 2.8000000000000003 0 0 0 0.2 0 2.2 0 0 0 0 0 0 0 0 0.4 6.6000000000000005 0.2 0 0 0.2 0 0.2 4.2 0 0 0 0 0 0 0 0 2 3.2 2.6 0 1.6 3.4000000000000004 3 13.600000000000001 1.8 2.4000000000000004 0 12.8 3.8000000000000003 2.6 0 2.8000000000000003 4.6000000000000005 0 5 0.2 0 0 0 0 0 0 0 0 0 0 0 0 2.6 0 0 0 0 0 0.2 0.4 0 0 0 0 0 0 0 0 0 0 0 0 0.2 0 0 0 0 0 0 0 0 0 3.8000000000000003 0 0 0 0 0 0 0 0 0 0 0 0.6000000000000001 0 0.4 0 0 0 0 0.4 0 0 0 0 1.4000000000000001 0 0 0 0 0 0 0 0 0 0 0 0 2.2 0 0 0 0 0 2.2 0 0 0 0 
 0.4 0 0 0 22.6 0.2 0 0 0 0 0 4.6000000000000005 1 0 0 0 0 0 0.4 0 67.60000000000001 89 21.6 28.200000000000003 25 5 31.200000000000003 0 12.200000000000001 25.400000000000002 58 8 67.4 41.6 53.800000000000004 65.8 14 12.600000000000001 58.2 23.6 6 0 0 0 0.4 0 12.600000000000001 1.8 0 0.2 0 0 0 0 0.4 0 0.2 0 0 0 0 0 0 0 0 0.6000000000000001 0 1.4000000000000001 0 0 0 0 0 0 0 0 0 0.6000000000000001 0 7.2 0 0 0 0 0.4 3.8000000000000003 0 0 0 0 1.8 0 0 0.2 2.2 0 0 0 0 0 10.4 4.4 0.2 1.6 3.8000000000000003 3 0 2.4000000000000004 6 4 3.2 0.4 4.6000000000000005 0 5.4 16.400000000000002 5 7.6000000000000005 5 0 0 0 0 0 2 0 0 0 0 0 0 0 0 0 0 0 0 0 0.2 0 0 0 0 0.2 1.4000000000000001 0 0.8 0 0 0.4 1.2000000000000002 0 0.4 0 0 0 0 0 0 0 0.2 0 0 0 1.8 0 0 0 0 0 0.4 2 0 0 0 0 0 0 0 0 0.6000000000000001 0.8 9.600000000000001 10.4 5.2 5.2 4 3.6 6.4 2.8000000000000003 6.6000000000000005 0 0.2 5.2 6.2 3.6 1.6 0 1.8 0.4 0 0 0 0 0 0 0.2 0 0 0 0 0 0 0 0 0 0 0 0 0 0 0 0 0 0 0 0 0 0 0 0 0 0 0.4 0 0 0 0 0 0 0 0 3.8000000000000003 0 0 0 0 0 0 0 0 0 0 0 1.4000000000000001 0 0 1.2000000000000002 0 0 0.2 0 0.2 0 0 0 3.2 0 0 0 0 0 0 0 5.2 0 2.4000000000000004 0 0 0 0 0 0 0 0 0 3.8000000000000003 0 0 0 
 0 0 0 0 0 14.8 0 0.4 0.6000000000000001 0 0 0 0 0 0 0 0 0 0 0 25.200000000000003 25.8 56.800000000000004 23.200000000000003 29.400000000000002 30 63 12.200000000000001 0 93.80000000000001 34 6.2 34.4 23 31.400000000000002 30.200000000000003 45.400000000000006 20.8 24 28 0.2 1.2000000000000002 0 0.6000000000000001 1.2000000000000002 0 0.4 0.8 0 0 0 1.2000000000000002 0.4 1.2000000000000002 0.8 0 0.6000000000000001 0.6000000000000001 0.8 0.2 0.2 0.8 0 0 0 0.8 1.8 1.6 0 0 0.8 0.6000000000000001 0.4 0 0.6000000000000001 0 0 1.8 0 0.2 0 0 0 0.4 0 0 0 0 0 0 0 0 0 0 0 0 0 0 0 0 0.8 2.4000000000000004 2.6 4.6000000000000005 8.6 0 3.8000000000000003 3.2 2.6 9.8 0 7.2 0 11 1.4000000000000001 2.2 2 1.2000000000000002 0 2 2 0 0 0 0 0 2 2.2 2.6 0 0 0 0.2 2.6 0 2.4000000000000004 0 0 3.8000000000000003 2.6 0 0 5.6000000000000005 0 0 0.2 0 0 0 0 0 0 0 10.600000000000001 0 0 0 0 2.8000000000000003 0.4 0 0 1.2000000000000002 0.4 0 2.4000000000000004 0 0 0 0 0 0.2 0 0 1 0 0 0 0 2.2 1.8 4 6.800000000000001 6.2 0 1.6 1.8 0.4 3.4000000000000004 0 5 0.2 2 0 6.2 7.6000000000000005 0.2 6.2 4.800000000000001 1.8 4.6000000000000005 0 0 0.4 0.2 0.2 1 0.4 0 0 0 0 0.2 0 0 0 0 0.2 0 4 0 0 0 0 0 0 0 0.2 0 0 0 0 0 0 0 0 0 0 0 0 0 0 0 0 0 0 0 0 0 0 0 0 0 0 0.8 0.2 0 0.2 0 0.4 0 3 0 0 0 0 0 0 0 0 0 0 0 0 0 0 0.2 0 0 0 0 3.4000000000000004 0 0 0 0.2 0 0 0 0 
 0 0 0 0 0 0 0 0 0 0 0 0 0 0 0 0 0 0 0 0 33 42.6 43.400000000000006 37.800000000000004 17.6 10.200000000000001 6.800000000000001 25.400000000000002 93.80000000000001 0 74 25.6 27.200000000000003 17.6 39.2 43.400000000000006 56.6 22 20.200000000000003 16.400000000000002 0 0 0.4 0 0.4 0 0.2 0.6000000000000001 0 0.2 0 0 0 3.4000000000000004 0.6000000000000001 0 0 0 0 12.600000000000001 0 0 0 0 0 0.6000000000000001 0.2 2.2 0 0 1 0 0 0 0.6000000000000001 0 0 0.2 0 0 0 0 0 0 0 0 0 0 0 0 0 0 0 0 0 0 0.2 0 0 0 8 7.800000000000001 2.8000000000000003 4 7 5.4 0 0 3.8000000000000003 1.8 4.2 7.2 0 0 0 3.2 6 4.2 0 0 1.8 0 1.4000000000000001 0 0 0 0 1.6 2 0 0 0 5 5.2 0 1.2000000000000002 0 0 3 2.4000000000000004 0 0 0 0 0 0 0 0 0 0 0 0 0 0 0 0 0 0 1 0 0 0 0 0.4 0 3.8000000000000003 0 0 0 0 0 0 0 0 0 0 0.8 0 0 1.6 4.2 0 3 4.6000000000000005 4 0.2 0 2.2 1.6 0.2 1.6 4.6000000000000005 0 1.6 0.8 1.4000000000000001 0 3 0 2 2 2.6 0 0 0 0 0 2.6 0 0 0 0 6.4 0 0 0 0 2.4000000000000004 1.8 0 0 0 0 0 2.6 0 0 0 0 0 0 0 0 0 0 0 0 0 0 0 0 0 0 0 0 0 0 0 0 0 0 0 0 0 1.8 0 0 32 0.6000000000000001 0 0.4 2 0.2 0 0 0 0 0 0 0 0 0 0 0 0 0 0 0 0 0 0 0 0 0 0 0 2 0 0 0 
 0 0 0 0.2 0.8 0 0 0.6000000000000001 0 0.6000000000000001 0 0 0 0 0 0 0 0.4 0 0 7.6000000000000005 51 25 14.4 46.400000000000006 28.6 5.6000000000000005 58 34 74 0 41.2 10.200000000000001 27.200000000000003 60.400000000000006 28.8 42.2 17.8 29.6 10.8 14.4 0 0 0 0.4 20 0.6000000000000001 13 0 0 0 0 0.2 12.4 0.6000000000000001 0 0 0 0 0 0 0 0 0 0 0.6000000000000001 0.2 0.8 0 0 0 0 0 0 0.6000000000000001 0 0 0.2 0 0 0 0 0 0 0 0 0 0 0 0 0.4 0 0 0 0 0 0 0 0 0 3.8000000000000003 1.6 0.2 1.6 3.4000000000000004 3.8000000000000003 0 2.6 0.2 0 10 2 3.2 0 2.6 5 2.2 6 1.2000000000000002 0 2.6 3 0 0.2 0 0 3.4000000000000004 3.4000000000000004 2.4000000000000004 2 0 0 10.4 1.6 1.6 3.8000000000000003 0 0 1.8 0 0 0 0 0 1 0 0.6000000000000001 0 0 0.2 0.6000000000000001 0 0 0 0 0 0 0 0 0 0 0 0 2.8000000000000003 0 0 0.2 1 0 0 0 0 0.8 0 0 0 0 2.6 0 0 2.2 0 1.8 8.6 7.4 4.6000000000000005 0 0 5 0 7.4 0.2 0 10.4 3.2 2.6 0 0 0 0 6 0 3 0 0 0 0 0 2.2 1.8 0 0 2.4000000000000004 1.4000000000000001 0 0 3.8000000000000003 3 2 6.2 0 0 0 0 0 0 0 0 0 0 0 0 0 0 0 0 0 0 0 0 0 0 0 0 0.2 0 0 0 0 0 0 0 0 0 2.8000000000000003 0 0 1.2000000000000002 0.2 0 0.4 0.4 0 0 0 0 10.4 0 0 0 0 0 0 0 0 0 0 0 0 0 0 0.2 0 0 0 0 3.4000000000000004 0 0 0 
 0 0.8 0 0 0.6000000000000001 0 0 0 0.4 0 0 0 0 0 0 0 0 0 0.4 0 27.400000000000002 66.4 6.4 69.4 14.4 23 48 8 6.2 25.6 41.2 0 21.6 7.4 10.600000000000001 9.4 11.8 14 6.6000000000000005 23.6 0.4 0 41.800000000000004 0 0.4 0 25.200000000000003 11.600000000000001 0 0 0 0 25.400000000000002 5.6000000000000005 0.4 0 0 0 0.2 0.4 0 7.800000000000001 0 0 1.8 0.6000000000000001 0 0 0 0 7.4 0 9.200000000000001 0 0.2 0 0 0.6000000000000001 0 0 0 0 0 0 0 0 0 0 0 0 0 0 0 0 0 0 0 0 0 0 0 0 5.800000000000001 0 6.6000000000000005 1.6 2.2 0 0 0 1.6 0 1.2000000000000002 0.4 2.8000000000000003 0 0 0 0.4 0 0 0 5.6000000000000005 0 0 0 3.4000000000000004 2.4000000000000004 12.200000000000001 1 0.2 1.8 17.400000000000002 3.6 4 2.4000000000000004 0.2 2.4000000000000004 2.4000000000000004 11.4 0 0 0 0 0 3.8000000000000003 0 0 0 0 0 0.8 0 0 0 0 0 0 6.800000000000001 0 3 0 0 0.2 0 0.4 0.6000000000000001 0 0 0 4.2 0 0.6000000000000001 0 0 0 0 0 0 0 1.2000000000000002 0.2 0 0.2 2.4000000000000004 0 3 2.2 0 4 1.6 1.6 2.8000000000000003 0 0 2.2 0 0 0 0.2 6.4 0 3 1.8 0 0 4 1.8 2.8000000000000003 0 1.8 0 2.2 7.4 3.6 0.6000000000000001 9.600000000000001 0 1.8 0 0 0 0 0 0 0 0 0.4 0 0 0 0 0 0 0 0 0 0 0 0 0 0 0 0 0 0 0 0 0 0 0 0 0 0 1 0 0.6000000000000001 28.200000000000003 23.8 0 2.2 3.4000000000000004 0 0 0 0 0 0 0 0 0 0 0 0 0 0 0 0 0 0 0 0 0 0 0 2.8000000000000003 0 0 0 9 
