 0 18.2 20.400000000000002 10.8 4.2 8.8 11.200000000000001 87.60000000000001 41.6 26.200000000000003 33.2 25.6 60.2 18 22.400000000000002 5.2 25.200000000000003 23.200000000000003 71 61.800000000000004 0 0 0 3.2 0.2 0.6000000000000001 0 1 0.6000000000000001 0 0 0 6 0 0 0.2 3 0.6000000000000001 0 0 0 0 0 0.4 0 0 0 0 0.4 0 0.4 0 0 0 0 0.4 0.6000000000000001 0 0 0.4 2.8000000000000003 0 0 0 0 0.6000000000000001 6.800000000000001 0 0 0 0 0.2 0 0 0 0.4 0 0 0.4 0 0 9 7.800000000000001 4.2 6.4 0 2 2.8000000000000003 0.2 5.4 4.4 7 4.6000000000000005 0.8 5.4 4.4 2.8000000000000003 1.6 2.8000000000000003 6.2 0 0 0 0 0 0 0 0 0 0 0 0 0 0 0 0 0 0 0.2 0 0 0 0 0 0 0 0 0 1.6 0 0 0 0 0 0 0 0 0 0 0 0 2.8000000000000003 0 0 0 0 0 0 0 0 0 0 0 0 0 0 0.6000000000000001 0 0 0 0 7.2 0.2 0 5 0 2.8000000000000003 5.800000000000001 5 5.2 6.6000000000000005 0 7.2 2.4000000000000004 4.6000000000000005 3 0 1.8 0 3.4000000000000004 0 0 0 0 0 0 0 0 0 0 0 0 0 0 0 0 0 0 0 0 0 0 0 0 0 0 0 0 0 0 0 0 0 0 0 0 0 0 0 0 0 0 0 0 0 0 0 0 0 0 0 0 0 0 0 0 0 0 0 0 0 0 0 0 0 0 0.2 0.2 0 0.4 0 1.4000000000000001 0 0 0 0 0 0 0 0 0 0 0 0 0 0 0 0 0 0 0 0 0 0 0 0 0 1.8 0 0 0 0 0 0 0 0 0 0 0 0 
 18.2 0 55.400000000000006 32.2 5.6000000000000005 7.6000000000000005 48.6 48 36.4 28.400000000000002 66 46.2 13.200000000000001 11.200000000000001 52.6 68.2 49.6 55.2 26.200000000000003 30.8 0.6000000000000001 0 0.6000000000000001 0 0.2 1.2000000000000002 1 0.4 0.6000000000000001 0.6000000000000001 0 0 0.2 0 0 0 0 0.4 12.4 0.4 0 0 0 1.6 0 0 0 0 1.2000000000000002 0.8 0.4 0.2 0 0 0 0.4 1 0 0 0.4 0 0 2.2 0 0.4 0.6000000000000001 5 0 0 0 0 0.6000000000000001 0 0.8 0 1.6 0 0.4 0.4 0 2.6 4 5.4 1.2000000000000002 8 2 2.2 7.6000000000000005 6.6000000000000005 0 5.800000000000001 7.6000000000000005 0 0 2 0 7.4 7.2 0 2.6 1.8 0 0 0 0 4.6000000000000005 0 0 0 0 0 0 4.2 0 0 0 0 0 1.2000000000000002 8 0 0 0 0 0 0 0 0 0 0 0 0 0 0 0.4 0 0 3 0 0 0 0 0 0.2 0 0 0 0 0 0 0 0 0 0 0 0 0 0 0 0 2 4 6.800000000000001 1.4000000000000001 0 0.4 4.2 5.6000000000000005 1.8 0.2 10.600000000000001 0.2 5.4 2.8000000000000003 4.800000000000001 0 1 0 0 0 3.2 0 0 0 0 0 0 3.4000000000000004 0 0 0 0 0 0 0 0 0 4.6000000000000005 0 0 0 0 0 0 0 0 0 0 0 0 0 0 0 0.2 0 0.4 0 0.4 0 0 0 0 0 0 0 0 0 0 0 0.2 0 0 0 0.4 0 0 0 0 0.2 0 0 0 0 0 0 0 0.2 0.4 0 18.6 0.4 0.4 0 0 0 0 0 0.2 0 0 0.4 0.4 2 0 0 0 0 0 0.4 0 0 0 0 0 0 0 0 0 0 0 0 0 0 0 0 0 0 0 0 0 
 20.400000000000002 55.400000000000006 0 32.4 17 9.600000000000001 12.200000000000001 69.8 48.6 44.2 8.4 27 30 9.200000000000001 5.2 31.200000000000003 17.6 29 11.600000000000001 30.6 0 0 0 1.4000000000000001 0.2 0.6000000000000001 7.6000000000000005 0 0.6000000000000001 0 0 0.2 0 14.600000000000001 0 0 0 0.2 0.2 7 0 0 0 0 0 0 0 5.6000000000000005 0 0.8 0.4 0 0 0 0 0.4 0.8 0 0 0.4 0 0 0.8 0 0 0 0 0 0 0 0 0.6000000000000001 0 0 0 1 0 0 0.4 0 1.8 6.800000000000001 5.6000000000000005 4.800000000000001 2 0 0.2 0.2 4.800000000000001 2.4000000000000004 7.6000000000000005 3.8000000000000003 3.2 0 0 0.6000000000000001 3 4.4 0 5.4 0 0 0 0 0 0 3.4000000000000004 1.8 0 0 0 0 6 2.2 0 0 0 0 6.2 0 0 0 0 0 0 0 0 0 0 0 0 0 0 0 0 0 1.2000000000000002 0 0 0.4 0.2 0 0 0 0 0 0 7.800000000000001 0 0 1.8 0 0 0 0 0 0 0 0 0 0 1.6 0.2 0.2 0.2 3.2 0.6000000000000001 0.2 9.8 2.2 0 3.4000000000000004 2.4000000000000004 2.2 2.6 2.8000000000000003 0 2 0 0 0 0 1.4000000000000001 0 0 0 4 0.8 0 0.4 0 0 5.2 0 0 2 0 0 4.4 0 0 0 0 0 0 0 0 0 0 0 0 0.4 0 1.2000000000000002 0 0 0 0 0 0 0 0 0 0 0 0 0 0 0.4 0 0 0 0 0 0 0 0.4 0 0 0 0 0 0 0 0 0 1.2000000000000002 0 0.8 17.400000000000002 0.2 0 0 0.4 0 0 0 0 0 0 0 0 0 0 0 0 0 0 0 0 0 0 0 0 0 0 1.8 0 0 0 0 0 0 0 0 0 0 0 0 3 
 10.8 32.2 32.4 0 16.8 33.6 28.200000000000003 31.8 29.6 71.60000000000001 44.400000000000006 42.400000000000006 14.200000000000001 12.600000000000001 56.6 45.800000000000004 16.400000000000002 49.6 15.4 46 0 0.2 0.2 0.2 0 0.6000000000000001 0 0 0.6000000000000001 0 0 0 0 0 14.8 0 0 0.2 0 0 0 0 0 2.4000000000000004 0 0 0 0 0 0 0.4 0 0 0 0 0.4 0.8 0 0 0.4 0 0 0 0 0 0 0 0 0 0 0 0 0 0 0 1.8 0 0 0.4 0 6 2.6 5.6000000000000005 0 8.8 0.4 0 4.2 0.8 8.200000000000001 5.800000000000001 4.4 0 0 0 5.800000000000001 11.4 4.6000000000000005 0 0 0.2 0 0 0 0 0 0 0.6000000000000001 0 0 0 0 0 0.2 0 0 0 0 2.2 4.4 0 0 0 0 0 0 0 0 0 0 0 0 0 0.2 0 0 0 4.800000000000001 0 0.2 0 0.8 0 0 0 0 0 0 0 0 0 0 0 0 0 0 0 0 0 0 0.2 3.2 2.8000000000000003 2.2 0 0 1.8 0.2 2 0.2 2.2 5.800000000000001 0.2 2.2 0 0.2 8 2.8000000000000003 0 0 0 0 0 0 0 0 0 0.6000000000000001 0 0.4 0 0 2.6 0 0 0 0 0 0 0.2 0 0 0.2 0 0 0 0 0 0.4 0 0 0.4 0.2 0 0 0 0 0 0 0 0 0 0.4 0 0 0 0 0 0 0 0 0 0 0 0 0 0.4 0 1.6 0 0 0 0 0 0 0.2 0 0 0 33.6 0.6000000000000001 0.8 0 0.4 0 0 0 0 0 0 0 0 12.4 0 0 0 0 0 0 0 0 0 0 0 0 3.2 5 0 0 0 0 0 0 0.6000000000000001 0 0 0 0 0 0 
 4.2 5.6000000000000005 17 16.8 0 43.2 7.800000000000001 9.600000000000001 19.8 33.4 57.2 21.200000000000003 9.4 11.200000000000001 32.4 35 10.600000000000001 66.60000000000001 13.200000000000001 13.600000000000001 0.4 11.4 0.4 0.4 0 0.8 0.2 11.200000000000001 20 0 0.2 0 15.200000000000001 22.200000000000003 3.4000000000000004 2 0.2 0 7.800000000000001 12.8 5.800000000000001 0 0 0 0 0 0 0 0 0 0 0 0 0 0 0.4 1 0 0 0.4 0 0 0 0 8.4 0 0 0 0 0 0 0.6000000000000001 0 0 0 0.8 0 0 0.8 1.4000000000000001 0 0 2.4000000000000004 4.4 2.8000000000000003 3.8000000000000003 0 0 2 6.6000000000000005 2.8000000000000003 0.8 0 0 0 2.6 1.4000000000000001 3.4000000000000004 0 0 2.6 1.6 2.8000000000000003 1.6 0 0 6.6000000000000005 2.2 2.2 2.2 0 2 3.6 9 8 1.6 2 0.8 6.6000000000000005 2.2 0 0 0 0 0 0 0 0 0.2 0 0 0 0 0 0 0 0 0 0 0 0 0 0 0 0 0 0.4 0 0.2 0 0.4 0 0.4 0 0 0 0 0 0 0 0 1.4000000000000001 2.6 3.2 1.8 5.4 0 0 0 6.800000000000001 0.8 2.8000000000000003 0 0 0 4.2 2 2.8000000000000003 0 0 5.4 9.4 0 6.6000000000000005 0 0 10.600000000000001 4.6000000000000005 0.6000000000000001 0 3.8000000000000003 0 2 2.8000000000000003 2 0.4 2.2 0 2.8000000000000003 7 0 0 0 0 0.2 0 0 4.4 0 0 0 0 0 0 0 0 0 0 0 0 0 0 0 0 0 0 0 0 0 0 0 0 4.2 0 0 0 0 0 0 0.4 0 0 0 0 0 0.8 1.6 0.4 2 0.2 0 0 2.6 0 0.4 0 0 0 0 0 0 0 0 0 0 0 0 0 0 0 0 0 0 0 0 1.4000000000000001 0 0 0 0 0 1.8 0 0 0 1.6 0 0 0 0 
 8.8 7.6000000000000005 9.600000000000001 33.6 43.2 0 46.800000000000004 6.6000000000000005 14 27.400000000000002 30.8 32 50.400000000000006 9 25.6 15.8 51.400000000000006 53.6 10 6.4 3.4000000000000004 36.800000000000004 15.200000000000001 0.4 0 0.6000000000000001 0 15.4 15.600000000000001 0 0.4 0 30.8 0.6000000000000001 0.4 29.6 14.600000000000001 7 44 29.200000000000003 0 0 0 12.600000000000001 0 0 0 0 0 0.4 0.8 0 0 0 0 0.4 0.8 0 13.200000000000001 1.2000000000000002 0 0 1 0.4 0 0 0.2 0 0 10.200000000000001 0 0.6000000000000001 0 0 0 1 0 0 0.4 0.4 0 2 0 0.2 0 3.8000000000000003 0 0 0 7 2.8000000000000003 0.2 0 0 0 6.4 2.2 5.2 0 0 0.2 4.800000000000001 3 2.4000000000000004 0.4 0 5.4 2.2 3.6 8.4 0.6000000000000001 1.8 0.2 0 3.2 2 3.8000000000000003 3.6 7.4 7.2 0 0 0 0 0 0 2 0 0 0 0 0 0 0 0 0 0 5.6000000000000005 2.2 0 0 0 0 0 0 0 0 0 0 0 0 0 0 0 0 0 0 1.2000000000000002 0 0 0 4.6000000000000005 0 5 3.4000000000000004 2.4000000000000004 2 0 0 0.2 0.4 0 0 0 0 0 3.6 3.8000000000000003 0.4 0 3 2.8000000000000003 2.2 2 0 1.6 6.4 4 5.800000000000001 2.6 0 4.2 1.6 2.2 8.200000000000001 3 3.4000000000000004 0.4 0 6.4 0 0 0 0 0 0 0 0 0 0 0 0 0.2 0 0.2 0 0 0 0 0 0 0 0 0 0 0 0 0 0 0 0 0 0 0 0 0 0 0 0 0 0 0 0 0 0 0.4 0.2 0 0.2 2 0 0.8 0 0 0 0 0 0 0 0 0 0 12.8 0 0 0 0 0 0 0 0 0 0 0 0 2.8000000000000003 0 0 0 0 0 1.6 0 0 0 3 0 0 0 0 
 11.200000000000001 48.6 12.200000000000001 28.200000000000003 7.800000000000001 46.800000000000004 0 34.2 65.2 23.6 33.800000000000004 7 13.4 31.6 24.6 3.8000000000000003 15 31.400000000000002 30 58 0 0.6000000000000001 0 0 0.8 0.6000000000000001 0 0 1.2000000000000002 0.4 0.2 0.2 0.4 0.4 0 0 0.4 0.6000000000000001 0 0 0 0 0 0 0 0 0 0 0.4 0.6000000000000001 0 0 0 0.4 0 0.8 0.6000000000000001 0 0.4 0.4 0 0 0.8 0 0 0.2 0 0 0 0.4 0.2 0 0 0 0 1.4000000000000001 0.6000000000000001 0.4 0.8 0 2.2 0.2 0 0 2 0 4.6000000000000005 0 2.8000000000000003 0 0.2 0 5.2 0.2 2.8000000000000003 2 1.6 0.2 0 2.8000000000000003 0 0 0 0 0 0 0 0 0 0 0 0 0 0 0 0 0 0 0 0 0 0 0 0 0 0 0 0 0 0 0 0 0 0 0 0 0 0.2 0 0 0 2.2 0 0 0 0 0 0 0 0 0 0 0 0 0 0 0 0 0 0 5.800000000000001 0 3 0 1.8 0 0 0 5.6000000000000005 0 0.2 9.8 0 4.800000000000001 5 0 2 0 0 0 0 0 0 0 0 0 0 0 0 0 0 0 0 0 0 0 0 0 0 0 0 0 0 0 0 0 3 0 0 0 0 0 0 0 0 0 0 0 0 0 0 0 0.2 0 0 0 0 0 0 0 0 0 0 0 0 0 0 0 0 0 0 0 0 0 0 0 0.4 0 0.4 0 0 19.8 0 0 0 0 0 0 0.4 0 0 0 0 0 0 0 0 0.2 0 0 0 0 0 0 0 0 0 0 0 0 0 0 0 0 0 0 0 0 0 0 
 87.60000000000001 48 69.8 31.8 9.600000000000001 6.6000000000000005 34.2 0 32.800000000000004 71.60000000000001 6.800000000000001 8.6 33 12.600000000000001 7.800000000000001 28.400000000000002 24 59.2 28.400000000000002 19.8 0 0 0 0 0.4 1.2000000000000002 0.6000000000000001 0.6000000000000001 0.6000000000000001 0 0 0.4 0 0 0 0 14.8 0.4 0.4 0.2 0 0 0 1.6 0 0 0 0 0.6000000000000001 1.2000000000000002 0 0 0 0 0 0.4 0.8 9.600000000000001 0 0.4 0 0 0.2 0 0.6000000000000001 0.4 0 0 0 0 0 0 0.2 0.4 0 0.4 0 0 0.4 0 0.2 0.2 4.6000000000000005 2.8000000000000003 10.600000000000001 0 0 1 5 5 9.8 5.4 3.6 0 3.6 3 2.8000000000000003 3 4.4 4.4 0 0 0 0 0 0 0 0 0 0 0 0 3.8000000000000003 0.2 0 0 0 0 0 2.6 0 0 0 0 0 0 0 0 0 0 0 0 0 0 0 0 5.6000000000000005 0 0 0 0 0 0 0 0 2.2 0 0 0 0 0 0 0 0 0 0 0 0 0 0 2.8000000000000003 0 3.8000000000000003 0.2 0 0.4 5 2.6 0.2 0 0 0 2.8000000000000003 0 2.8000000000000003 2.4000000000000004 2.4000000000000004 0.2 0 0 0.2 0 0.2 0 0 0 4.4 0 0 0 0 0 5.800000000000001 0 0 0.2 0 0 2.6 0 0 0 0 0 0 0 0 0 0 0 0 0 0 2.4000000000000004 0 0 0 0 0 0 0 0 0 0 0 0 0 0 0 0 0 0 0 0 0 0 0 0 0 0 0 0 0 0 0 0.4 1.2000000000000002 0 0 0.4 0.4 2.2 0 0 0 0 0 0 0 0 0 0 2.8000000000000003 0 0 0 0 0 0 0 0 0 0 0 0 0 4.4 0 0 0 0 0 0 0 0 0 0 0 0 0 
 41.6 36.4 48.6 29.6 19.8 14 65.2 32.800000000000004 0 15.200000000000001 32.800000000000004 66 14.200000000000001 34.800000000000004 15.8 29.200000000000003 25.400000000000002 63.800000000000004 33.6 59 0 0 0 0 0.4 0.6000000000000001 14.8 0 0.6000000000000001 0.8 0 0 0.2 0 0 0.4 0.4 0 0 14.8 0 0 0 0.6000000000000001 0 0 0 0 0 1 0 0.2 0 0 0 0.4 1 0 0 0.4 0 0.2 2 0 0 0 0 2.2 0 0 2 0 6 0 0 0.4 0.2 0 0.4 0 0 0 0.2 5.800000000000001 3.2 0.2 4.2 0.2 5 1.4000000000000001 0 0 3 0 2 1.4000000000000001 4 0 0 1.8 0 0 0 0 0 0 0 0 0 0 0 0 0 4.2 0 0 0 0 0 0 0 0 0 0 0 0 0 0.4 0 0 0 0 0 0 0 0 0 0 0.2 0 0 0.8 0 0 0 0.2 0 0 0 0 0 0 0 0 0.4 0 0 0 0 0 2.2 0 5.2 0 0 0 0 1.2000000000000002 0.2 2.8000000000000003 12.4 0.4 4.2 4.2 6.6000000000000005 0.2 0 0 0 0 0 0 0.2 0 0 0 0 0.4 0 0 0 0 0 0 0 0.4 0 0 2 0 0 0 0 0 0 0 0 0 0 0 0 0 0.2 0 0 0 0 0 0 0 0.4 0 3.4000000000000004 0 0 0 0 0 0 0 0 0 0 0 0 0 0 0 0 4.2 0 0 0 0 0 0 17.8 0.4 0.8 0 0.2 2 0 0 0 0 0 0 0 0 0 0 2.4000000000000004 0 0 0 0 0 0 0.2 0 0 2.2 0 0 0 0 1.4000000000000001 0 0 0 0 0 0 0 0 0 1.8 0 0 
 26.200000000000003 28.400000000000002 44.2 71.60000000000001 33.4 27.400000000000002 23.6 71.60000000000001 15.200000000000001 0 12.600000000000001 32.4 11.8 35.800000000000004 61.2 38.800000000000004 25.400000000000002 8.8 10.600000000000001 14.200000000000001 0 0 0 0 0 0.6000000000000001 0 0 0.6000000000000001 0 0 0.4 14.8 6.800000000000001 0 0 0 0.4 0 15.600000000000001 0 0 17 1 0 0 0 0 0 0 0.2 0 0 0 0 1.2000000000000002 1 0 0 0.4 0 0 0.8 0 0 0 0 0 0 0 0 6.800000000000001 0 0 0 0.6000000000000001 0 10.4 0.4 0 0 6 5.6000000000000005 3 0 2 3.8000000000000003 7.2 6.4 0 2 15.8 0 0 2.4000000000000004 3.2 0 12.4 0 0.2 0 0 0 0 0 0 3.2 1.6 0 0 0 0 0.4 9 0 0 0 0 4.4 4 0 0 0 0 0 0 0 0 0 0 0 0 0 0 0 0 0 2.6 0 0 0 0.8 0 0 0 0 0 0 0 0 0 0 0 0 0 0 0 0 0 0 0 6 5.2 5.4 0.2 2.8000000000000003 2.2 0 4.800000000000001 3 2 2.8000000000000003 2.6 2.4000000000000004 0 0 4.6000000000000005 0 0 0 0 0 0 0 0 0 0 0 0 0 0 0 0 0 0 0 0 0 0 0 0 0 0 0 0 0 0 0 0 0 0 0 0 0 0 0 0 0 0 0 0 0 0 0 0 0 0 0 0 0 0 0 0 0 0 0 0 0 0 0 0 0 0 0 0 0.4 0.2 0.6000000000000001 17.6 18 0 0 0.4 0 0 0 0 0 0 0 0 0 1.8 0 0 0 0 0 0 0 0 0 0 0 0 0.4 0 0 0 0 0 0 0 0 4.2 0 0 0 0 0 
 33.2 66 8.4 44.400000000000006 57.2 30.8 33.800000000000004 6.800000000000001 32.800000000000004 12.600000000000001 0 32.2 6.6000000000000005 22.400000000000002 32.6 40 37.2 9.8 7.6000000000000005 39.2 15 2.2 0 0 0 0.6000000000000001 5.6000000000000005 1.4000000000000001 15.4 0 0 0 0 0 16.400000000000002 0.6000000000000001 0 0 17.400000000000002 0 0 0 0 0 0 0 0 0 0 0 0 0 0 0 0 0.4 1 0 0 0.4 0 0 0 0 0 0 0 0 0 0 0 0.4 0 0 0 0.4 0 0 1 0 2.2 0 0.6000000000000001 0 4.2 3.8000000000000003 3.8000000000000003 0.2 2 3.8000000000000003 0 2.8000000000000003 0 0 0 3.8000000000000003 5 3 0 0 0 0 2 0 0 0 2.2 3.2 2 0 0 2 3.6 4.6000000000000005 6.2 2 0 0 5.4 2.6 0 0 0 0 0 0 0 0 0 0 0 0.4 0.4 0 0 0 0 0 0 0 0.2 4.800000000000001 0 0 0 0 0 0 0 0 0 0 0 0 0 0 0 0 0 0 0.4 0 6 4.4 4 0 0 0 0.2 2.8000000000000003 3.8000000000000003 5.2 0 0.4 7.800000000000001 2.2 5.4 4.4 0 0 3.4000000000000004 6.6000000000000005 2 0 0 0 3.4000000000000004 3.4000000000000004 0 0.4 4.4 0.2 0 0 0 2 0 0 2.2 2.8000000000000003 0 0 0 0 0 0 0 0 0.4 0 0 0.4 0 0 0 0 0 0 0 0 0 0 0.4 0 0 0 0 0 2 0 0 0 0 0 0 0 0.4 0 0 0 0 0 2.2 0 0 0.2 0.2 0 0.8 18.6 0 1.4000000000000001 0 0.4 0 0 0 0 0 0 0 0 0 0 0 0 0 0 0 0 0 0 0 0 0 2.4000000000000004 0 2.4000000000000004 0 0 0 0 0 0 0 0 0 0 0 0 
 25.6 46.2 27 42.400000000000006 21.200000000000003 32 7 8.6 66 32.4 32.2 0 25.400000000000002 9.200000000000001 7.2 30.200000000000003 69.60000000000001 49.6 7.800000000000001 7.2 15.8 0 0 0 0 0.6000000000000001 7.2 0 0.6000000000000001 0.4 0 0 0 15 0 0.2 0 0.2 14.4 7.4 0 0 0 0 0 0 0 0 0 0.2 0 0 0 0 0 0.4 1 0 0 0.4 4.6000000000000005 0 1.2000000000000002 0 7 0 0 0 0 17.8 0 0.2 0 0 0 2 0 0 0.4 0 2.6 1.6 7.6000000000000005 12.200000000000001 7.4 0.6000000000000001 0 0 2.8000000000000003 4.4 6.6000000000000005 0 0 0 0 2 2.4000000000000004 6.800000000000001 0 0 0 0.2 0 0 0 0 4 1.4000000000000001 0 0 0 0 6.6000000000000005 2.2 0 0 0 0 12.8 3.2 0 0 0 0 0 0 0 0 0 0 0 0 0 0 0 0 0 2 0 0 0 0 0 0 0 0 0 0 0 2.4000000000000004 0 0.4 0 0 0 0 0.8 0 0 0 0 6.6000000000000005 4.6000000000000005 3 1.2000000000000002 1.8 1.2000000000000002 0.2 2.6 5.800000000000001 4.4 0 0 2.4000000000000004 2 3.8000000000000003 2 4.800000000000001 0 0 0.2 0 2.6 0 0 0 3.4000000000000004 4 0.2 2.6 0 0 12.600000000000001 0.4 0 2 0.2 0 4.800000000000001 0 0 0.4 0 0.4 0 0 0 0 0 0 0 0 0 0 0 0 0 0 0 0 0 0 0 0 4.2 0 0.2 0 0 0 0 0 0 0 0 0 0 0 0 0 0 0 0 0 0 1.2000000000000002 0.4 0 0.8 19.400000000000002 0 1.2000000000000002 0 4.4 0 0 0 0 0 0 0 0 0 0 0 0 0 0 0 0 0 0 0 1.6 0 0 3 2 0 0 0 0 0 0 0 0 0 0 0 0 
 60.2 13.200000000000001 30 14.200000000000001 9.4 50.400000000000006 13.4 33 14.200000000000001 11.8 6.6000000000000005 25.400000000000002 0 33.6 43 25.200000000000003 4.4 6 22 28.6 0.2 0 0 0.2 0.4 0.6000000000000001 0 0 0.6000000000000001 0 0 0 0 0.2 0 0.2 0 0.4 0 0 0 0 0 1.2000000000000002 0 0 0 0 0 0 0.2 0 0 0 0 0.4 1 0 0 0.4 0 0 0 0 0 0 0 0 0 0 1.2000000000000002 0 0 0 0 0.4 0 0 0.4 0 3.2 3.6 0 0 0 0 8.200000000000001 7.2 7.800000000000001 2.2 9.200000000000001 5.4 0.2 6.800000000000001 1.8 0 3.8000000000000003 5.4 4 10.600000000000001 0 0.4 0 0 0 0 0 0 0 0 2 0 0 0 0 0 0 0 0 0 0 0 0.6000000000000001 0 0 0 0 0 0 0 0 0 0 0 0 0 0 0 0 0 0 0 0 0 0 0 0 0 0 0 0 0.2 0 0 0 0 0 0 0 0.4 1.4000000000000001 2 0.4 0 0.8 0 9.4 3.8000000000000003 2.6 5.4 0 0 6 0 0 1.4000000000000001 0 0 4.800000000000001 4.800000000000001 0 0 0 0 0 0 0.4 0 0 0 0 0 0 0.2 0 0 0 0 0 0 0 0.2 0 0.2 0 0 0 0 0 0 0 0 0 0 0 0 0 0 0 0 0 0 0 2 0 0 0 0 0 0 0 0 0 0 0 0 0 0 0 0 0 0 0 0 0 0 0.4 0 0.2 0.2 0.4 0.2 0 0 0 0 0 0 0 0 0 0 0 0 0 0 0 0 0 0 0 0 0 0 0 0 0 0 0 0 0 0 0 0 0 0 0 0 0 0 
 18 11.200000000000001 9.200000000000001 12.600000000000001 11.200000000000001 9 31.6 12.600000000000001 34.800000000000004 35.800000000000004 22.400000000000002 9.200000000000001 33.6 0 74 49.2 10.8 50.800000000000004 52 41.6 0.4 0 0 0 0.4 0.6000000000000001 0 0 0.6000000000000001 0.2 2.2 0 0 0.2 0 0 0 0.4 0 0.2 0 0 0 0 0 0 0 0 0 0 0 0 0 0 0 0.4 0.6000000000000001 0 0 0.4 0.6000000000000001 0 0 0 0 0 0 0 0 0 2.4000000000000004 0.6000000000000001 0 0 0 0.6000000000000001 0 0 0.4 0 10 3.2 0.2 0 0 0 2.4000000000000004 0.4 0 2.2 1.8 0.2 4.4 3.4000000000000004 9.4 2 4.4 0.4 5.2 0 0 0 0 10.200000000000001 0 0 1.6 0 0 0 0 0 0 0 0.4 0 0 0 0 0 0.4 0 0 0 0 0 0 0 0 0 0 0 0 0 0 0 0 0 0 0 0 1.8 0 0 0 1.2000000000000002 0 0 0.2 0 0.4 0 0.4 0 0 0 0 0 0 0 5 0 0.4 0 1.2000000000000002 0 1.8 0 9.4 3.8000000000000003 3.2 3.6 1.8 9 0.4 1 0 1.8 7.4 0 0 0 0 0 0 0 0 0 0 0 0 0.4 0 0 0 0 0 0 0 0 0 0 0 0 0 0 0 0 0 0 0 0 1.4000000000000001 0 0 0 0 0 0 0 0 0 0 0 0 0 0 0 0 0 0.4 0 0 0 0 0 0 0 0 0.4 0 3.4000000000000004 0 0 0 0 0.2 0 0 0.2 0 0.8 0.4 0 0 0 0 0 0 0 0 0 0 0 0 0 0 0 0 0 0 0 0 0 0 0 0 0 0 0 0 0 0 0 0 0 0 0 0 0 
 22.400000000000002 52.6 5.2 56.6 32.4 25.6 24.6 7.800000000000001 15.8 61.2 32.6 7.2 43 74 0 27.8 26.200000000000003 23.6 12.4 55 0.2 0.4 0.4 0.6000000000000001 0 1.4000000000000001 0.6000000000000001 0 1.4000000000000001 0.4 1 0 0 7 0 0.4 0.4 0.6000000000000001 0.6000000000000001 0.4 0 0 0 0.6000000000000001 0.2 0 0 0 12 0 0.2 0 0 0 0 0.4 0.6000000000000001 0.6000000000000001 0 0.4 0 0 0 0 0 0 0 1 0 0 0 0.4 0 0 0 0.4 0.6000000000000001 0 3 0 2.8000000000000003 2.2 3.8000000000000003 0 2.6 3.4000000000000004 2.2 7.2 0.6000000000000001 4.6000000000000005 2.8000000000000003 3.6 0 3.4000000000000004 0.2 5 2.4000000000000004 6 4 5.4 0 0 0 0 0 0 0 0 0 0 0 0 0 0.2 0 0 0 0 2.8000000000000003 2.8000000000000003 0 0 0 0 0.6000000000000001 0 0 0 0 0 0 0 0 0 0 0 0 0 0 0 0 0 0 0 0 0 0 0 0 0 0 0 0 0 0 0 0 0 0 0 0.2 3.4000000000000004 5.6000000000000005 1.6 1 0 0 9.200000000000001 0 0 1.8 2.6 4.2 0 0 2 4.4 2 0 0 0 0 0 0 2.4000000000000004 0 0 0 0 0 0 0 0 0.4 0 3 0 0 0 2.8000000000000003 0 0 0 0 0 0 0 0 0 0 0 0 0 0 0 0 0 0 0 0 0 0 0 0 0 0 0 0 0 0 0 0 0 0 0 0 0 0 0 0 0 0 0 0 0 0.4 0.4 0 0 18.2 2.4000000000000004 0.4 0 0 0.2 0 0 0.4 0 0 0 0 0 0 0 0 0 0 0 0 0 0 0 0 0 2.2 2.4000000000000004 0 0 0 0 0 0 0 0 0 0 0 0 0 
 5.2 68.2 31.200000000000003 45.800000000000004 35 15.8 3.8000000000000003 28.400000000000002 29.200000000000003 38.800000000000004 40 30.200000000000003 25.200000000000003 49.2 27.8 0 33.800000000000004 46 24.400000000000002 10.4 0 0 0 0 0 0.6000000000000001 0.8 0 1.4000000000000001 0 0.2 0 0 0 0 0 0.2 0.2 15 15.8 0 0 0 1.6 0 0 0 0 0 4.6000000000000005 0 0 0 0 0 0.4 0.8 0 0 0.4 0 0 0 0 0.6000000000000001 0 0 0 0 0 0 0.6000000000000001 0 4 0 0.6000000000000001 0 0 5.6000000000000005 0 2 0 2.4000000000000004 3.8000000000000003 8.200000000000001 2.8000000000000003 0 6 7 17.400000000000002 1 13.8 0 0 5.6000000000000005 3.6 6.2 0 2.2 6.2 0.6000000000000001 0 0 0 0 0 0 0 0 0 0 0.2 0 3.4000000000000004 0 0 0 0 0 2.6 0 0 0 0 0 0 0 0 0 0 0 0.4 0.4 0.2 0 0 0 0 0 0 0 0 0 0 0 0 0 0 0 0 0 0 0 0 0 0 0 0 0 0 5.6000000000000005 0 6.4 1.4000000000000001 1.8 0 0.4 5.6000000000000005 0 3.4000000000000004 0 2 0 0 0 5.2 4.6000000000000005 0.2 0 0 0 0 0.2 0 0 0 4.800000000000001 4.4 0 2.2 0.2 0 11.4 2.4000000000000004 0 0.2 0 0.2 0 3.6 0 0 0 0 0 0 0 0 0.4 0 0 0 0 0 0 0 0 0 0 0 0 0 0 0 0 0 0 0 0 0 0 0 0 0 0 0 0 0 0 0 0 0 0.2 0 0 0.2 0 0 0.2 11.200000000000001 2 2.6 2.2 0 0 0 0 0 0 0 0 0 1 0 0 0 0 0 0 0 0 0 0 0 0 0 14.4 0 0 0 0 0 0 0 0 0 0 0 0 0 
 25.200000000000003 49.6 17.6 16.400000000000002 10.600000000000001 51.400000000000006 15 24 25.400000000000002 25.400000000000002 37.2 69.60000000000001 4.4 10.8 26.200000000000003 33.800000000000004 0 92.80000000000001 11.8 43.2 2.6 0 0 0 0.2 0.6000000000000001 14.8 0 0.6000000000000001 0 0.4 0 0 0 0 0.4 0 0 0.4 0 0 0 0.4 1.2000000000000002 0 12.600000000000001 0.6000000000000001 0 0 0 0.4 0.6000000000000001 0.4 0 0.2 0.4 1 0.4 0 0.4 0 0 1.6 0 0.2 0 0 0 0.2 0 0.2 0 0 11.200000000000001 0 1.2000000000000002 8.4 0 0.4 0 3 0 9.4 3.4000000000000004 10.200000000000001 2.2 0 4 0 4 3.4000000000000004 3 4.2 0 0 1.2000000000000002 0 9 0 3.6 1.8 0 0 0 0.2 0 0 1.8 0 0 0 0 11.600000000000001 0 0 0 0 0 2.8000000000000003 1.6 0 0 0 0 0 0 0 0 0 0 0 0 0 0 0 0 0.4 0 0 0 0 0 0 0 0 0 0 0 0 0 0 0 0 0 0 0 1.4000000000000001 0 0 0 0 3.2 5 3.2 2.6 0 0 0 3 3 2 0 0 0 4 3.8000000000000003 5.6000000000000005 12.8 0 0 2.6 0 0 0 0 0 4.4 0 0 0 0 0 3.8000000000000003 0 0 0 0 0 5 0 0 0 0 0 0 0 0 0 0 0 0 0 0 0 0.4 0 0.2 0 0 0 0 0 0 0.4 0 0 0 0 0 0 0 0 0 0.2 0 0 0 0 2.4000000000000004 0 0 0 0 0 0 0.2 0.6000000000000001 0 0.4 0.2 0 3.8000000000000003 0 0 0 0 0 0 0 0 0 0 0 0 0 0 0 0 0 0 0 0 0 0 0 0 0 1.2000000000000002 0 0 0 0 0 0 0 0 0 0 0 0 
 23.200000000000003 55.2 29 49.6 66.60000000000001 53.6 31.400000000000002 59.2 63.800000000000004 8.8 9.8 49.6 6 50.800000000000004 23.6 46 92.80000000000001 0 7 9.200000000000001 0.2 0 0 0 0 0.6000000000000001 15.200000000000001 0 0.6000000000000001 0 0 0 0 0 0 0 0 0.2 0 31.6 0 0 0 1 0 0 0 0 0 0.8 0.4 0 0 0 0 5.800000000000001 1 0 0 0.4 0 0 0 0 0.6000000000000001 0 0 0 0 0 0 0.2 0 0 0 1 0.2 0 2.4000000000000004 0 1.6 0 4 7.2 7.4 2.8000000000000003 0 4 2.8000000000000003 8.4 2.6 7 0 0 0 5.800000000000001 3.2 0 0 0 0.4 0 0 0 0 0 0 0 0 0 0 0 0 6.4 0 0 0 0 4.6000000000000005 1.6 0 0 0 0 0 0 0 0 0 0 0 0 0 2.8000000000000003 0 0 0 0 0 0 0 0 0.4 0 0 0 0 0 0 0 0 0 0 0.4 0 0.2 1.8 0 0 0 0 1.2000000000000002 18.400000000000002 0 2.8000000000000003 0 0 2.4000000000000004 0 6.2 2 2.4000000000000004 0 0 2 4.4 2.4000000000000004 3.4000000000000004 0 0 0.2 0 0 0 0 0 4 0.2 0.2 0 0 0 11.600000000000001 14.4 0 0.4 0 0.2 2.2 3.6 0 0 0 0 0 0 0 0 0 0 0 0 0 0 0 0 0 0 0 0 2.2 0 0 0 0 0 0 0 0 0 0 0 0 0 0 0 0 0 0 0 0 0 0 0 0 0.8 18.2 0 0 17 2.2 1.8 4 0 0 0 0 0 0 0 0 0 1.6 0 0 0 0.4 0 0 0.2 0 0 0 0 0 0 11 2 0 0 0 0 0 0 0 0 0 0 0 0 
 71 26.200000000000003 11.600000000000001 15.4 13.200000000000001 10 30 28.400000000000002 33.6 10.600000000000001 7.6000000000000005 7.800000000000001 22 52 12.4 24.400000000000002 11.8 7 0 44.2 0 0 0 0 0.4 0.6000000000000001 0 0 0.6000000000000001 0 0.2 0 0.2 0.2 0 0 0 0.4 0 0 0 0 0 0 0 0 0 0 0 0 0 0 0 0 0 0.4 0.8 0 0 0.4 0 0 0 0 0 0 0 0 0 0 0.8 0.4 0 0 0 0.4 0 0 0.4 0 2 6.6000000000000005 0 0 0 0 9 1.6 4.2 0 1.8 0 2.6 6 6.4 0 4.2 0 5.800000000000001 0 0 0 0 0 0 0 0 0 0 0 0 0.2 0 0 0 0 0 0 0 0 0 0 0 0 0 0 2.2 0 0 0 0 0.4 0.4 0 0 0 1.6 0 0 0 0 0.4 0 0 0 0 0 0 0 0 0 0 0 0 0 0 0 0 0 0 3.6 0 0.4 0 0 0 2.2 2.6 7.2 0 3.6 0 0 4.6000000000000005 5.800000000000001 0 0 1.6 5 2 0 0 0 0 0 0 0 0 0 0 0 0 0 0 0 0 0 3.2 0 0 0 0 0 0 0 0 0 0 0.4 0 0 0 0 0 0 0 0 0 0 0 0 0 0 0 0 0 0 0 0 0 0 0 0 0 0 0 0 0 0 0 0 0 0 0 0 0 0 0.4 0.4 0.4 0 1.2000000000000002 0 0 0 0 0 0 0.4 0 0 0 0 0 0 0 0 0 0 0 0 0 0 0 0 0 0 0 0 0 0 0 0 0 0 0 0 0 0 0 
 61.800000000000004 30.8 30.6 46 13.600000000000001 6.4 58 19.8 59 14.200000000000001 39.2 7.2 28.6 41.6 55 10.4 43.2 9.200000000000001 44.2 0 0 0 0.4 0 3.6 0.6000000000000001 0 0 0.6000000000000001 0 0 0 0 0 0 0 0 0.4 0 14.600000000000001 0 0 0 3 0 0 0 0 0 0 0 0 0 0 0 0.4 1 0 0 12.600000000000001 0.2 0 0 0 0 0 0 0 0 0 0 0.6000000000000001 0 0 0 0.6000000000000001 0 0 0.4 0 0 2.6 2.6 2.2 4 2 3.6 1.8 3 1.8 2.6 0 6 0 2 1.8 3 2.6 0 6 0 0 0 0 0 0 0 0 0 0 0 0 0 0 0 0 0 0 0 0 0 0 0 0 0 0 2 0 3.4000000000000004 0 0 0 0 0 2.2 0 0 0 0 0 0 1 0.2 0 0 0 0 0 0 0 5.2 0 0 0.2 0 0 0 0 0 0 2.2 3 0.8 0 0 0 0.2 2.4000000000000004 0.4 3 5.4 0.4 4 6.800000000000001 5 0 0 0 0 2.6 0.4 0 0 0 0 0 0 0 0 0 0 0 0 0 0 0.2 0 0 0 0 0 0 0 0 0 0 0 0 0 0 0 0 0 0 0 0 0 0 0 0 0 0 0 0 0 0 0 0 0.4 0 0 0 0 0 0 0 0 0 0 0 0 0 0 0 0 9 0 0 0 0.4 0 0.2 0 0 0 0 0 0 0 0 0 0 0 0 0 0 0.2 0 0 0.4 0 0 0 0 0 0 0 1.8 0 0 0 0 0 0 0 0 0 0 0 0 
 0 0.6000000000000001 0 0 0.4 3.4000000000000004 0 0 0 0 15 15.8 0.2 0.4 0.2 0 2.6 0.2 0 0 0 56.6 35.800000000000004 52.400000000000006 6.6000000000000005 12.4 96 23.8 9.4 31.8 9.8 32.2 19.6 14.200000000000001 61.800000000000004 27 23.400000000000002 16.8 109.80000000000001 38.800000000000004 0.6000000000000001 0 0 0 0 0 0 8.6 0.4 0 0.4 0.6000000000000001 0.2 0 0 0.6000000000000001 0.8 0 0 1 0 0.6000000000000001 0.4 0.4 0 0 0 0 1 0.2 0 0 0 0 0.4 0.4 0 0 0 0 0 0 0 0.6000000000000001 1.4000000000000001 2.8000000000000003 0 0 0 0 0 0 0 0 0 0 0 0 0 0 4.4 0 3.4000000000000004 5.4 5.2 0 0 4.2 1.6 4.4 3.8000000000000003 1.8 2.6 1.8 0 9.200000000000001 1.4000000000000001 8.4 0 1.2000000000000002 0 0 0 0 0 0 2 0 0 0 0 0 0 0 0 0 0 1.8 5 0 0 0 0 0 0 0 0 0 0.2 3.6 0 0 0 0 0 0 0 0 0 0 0 0.4 0.2 0.4 0 2.2 0 0 0.4 0 0 0 0 0 0 0 0 0 0 0 2.4000000000000004 3.4000000000000004 1 2.4000000000000004 0 2 0 2.2 4 4.6000000000000005 3 2.2 2 0 3.2 0.2 3.6 0 2 1.8 0 0 0 0 0 0 2 0 0 0 0 0 2.2 0 0 0 0 0 0 2.6 0 0 0 0 0.4 0 0 0 0 0 0 0.4 0 0 0 0 0 0 0 0 0 0 0 0 0 0 0 0 0 0 0 0 0 0 2 0 0.4 0 0 0 0 1.4000000000000001 0 0 0 0 0 0 0 0 0 0 0 1.2000000000000002 0 0 0 0 0 0 0 0 0 0 0 2.6 0 0 0 0 
 0 0 0 0.2 11.4 36.800000000000004 0.6000000000000001 0 0 0 2.2 0 0 0 0.4 0 0 0 0 0 56.6 0 35.800000000000004 9.8 67.2 17.400000000000002 35.4 28.8 28 10.4 27.200000000000003 23.6 31.6 43.800000000000004 22.6 6.6000000000000005 5.2 22.6 23.8 10.8 0.8 0.8 0 0 0 0 0 4.2 0.4 0 0 0.6000000000000001 0.2 0 0 0.6000000000000001 1.6 0.2 7.4 1.2000000000000002 0 0.4 0.4 0 0.6000000000000001 0 0.4 0 7.6000000000000005 0 0 0 0 6.4 0.4 0.4 6.4 0 7.800000000000001 0 0 0 0 0 1.6 5.6000000000000005 0 0 0 0 0 0 0 0 0 0 0 0 0.4 0 0 3.6 1.8 6 0.6000000000000001 0 2.8000000000000003 2.8000000000000003 14 10.8 1.8 8.4 0 4.6000000000000005 4 0.2 3.2 5.6000000000000005 6.800000000000001 3.6 0 0 0 0 0 0 1.8 0 0 0 0 0 0 0 0 0 0 0 0.8 0 0.2 0 2 0 0 0 0 0 0 0 0 0.4 0 0 0 0 0 0 0 1.4000000000000001 2.8000000000000003 0 0 0 3.4000000000000004 0 0 0 0 0 0 0 0 0 0 0 0 0 0 0 0 5.4 2.2 3.8000000000000003 1.6 4.2 3.2 4.4 10.4 5.800000000000001 6.2 1.8 2 6 12.200000000000001 9.200000000000001 0.8 4 0 5.4 0 0 0 0 0 0 0.6000000000000001 0 0 0 0 0 3.8000000000000003 0 0 0 0 0 1.8 0 0 0 0 0 0 0 0 0 0 0 0 0 0.4 0 0 0 0 0 0 0 0 0 0 0 0 0 0 0.4 0 0 0 0 0 0 1.2000000000000002 0 0.4 0 0 0 0.2 0 0 0 0 0 0 0 0 0 0 0 0 0 0 0 0 0 0 0 0 0 0 0 0 3 0 0 0 0 
 0 0.6000000000000001 0 0.2 0.4 15.200000000000001 0 0 0 0 0 0 0 0 0.4 0 0 0 0 0.4 35.800000000000004 35.800000000000004 0 19.200000000000003 30 22.400000000000002 54.400000000000006 49.400000000000006 53.2 76.2 48.2 10.600000000000001 26.8 9.200000000000001 11.8 23 43.800000000000004 41.2 12 13.200000000000001 0.6000000000000001 0 0 0.2 0 0 0 0.6000000000000001 0.4 0 3.2 0.6000000000000001 0.4 0 0 0.6000000000000001 1 0 4.4 0 0 0.6000000000000001 0.6000000000000001 0 0 0 0 0 0.6000000000000001 0 0 0 0 0 0.4 0.4 0 0 0 0 0 0.4 0 0.2 0 0 0 0 0 0 0 0 2.4000000000000004 0 0 0 0 0.2 0 0 0 4.2 6.2 0 3.8000000000000003 2.8000000000000003 6.800000000000001 2.4000000000000004 3.8000000000000003 3 1 2.2 0 0.2 1.8 1.8 5.6000000000000005 3.6 0 4.6000000000000005 0 0 0 0 0 0 0 2.2 0 0 0 0 1.6 0 0 0 0 0 3 0.4 0 0 0 0 0 0 0 0 0 0 0 0.2 0 0 0 0 0 0 0 0 0 0 0.2 0 0 1.2000000000000002 0 0 0 0.2 0 0 0 0 0.4 0 0 0 0 0 2 0 7.6000000000000005 3 5.4 0 2 0 0 4 3.6 1.8 0 6 2.4000000000000004 0 6.4 2.8000000000000003 0 0 0 0 0 0 0 0 0 0 0 0 0 0 0 0 0 0 0 0 5.4 0 0 0 1.2000000000000002 0 0 0 0 0 0 0 0 0 0 0.2 0 0 0 0 0 0 0 0 0 0 0 0 0 0 0 0 0 0 0 0 1.4000000000000001 0 0.2 0.6000000000000001 15 0 0 2.8000000000000003 0 0 0 0 1.8 0 0 0 0 0 0 0 0 0 0 0 0 1.8 0 0 0 0 0 0 2 0 0 0 
 3.2 0 1.4000000000000001 0.2 0.4 0.4 0 0 0 0 0 0 0.2 0 0.6000000000000001 0 0 0 0 0 52.400000000000006 9.8 19.200000000000003 0 55.2 22.200000000000003 21 14.8 28.200000000000003 38.2 77.2 36 29.6 47.400000000000006 17.6 24.200000000000003 42.800000000000004 21.200000000000003 14.200000000000001 15.200000000000001 0.6000000000000001 0 0 0.2 0 0 0 0.6000000000000001 0.4 0.4 1 0.6000000000000001 0.2 0 12.200000000000001 0.6000000000000001 0.8 0 12.600000000000001 6 0 0.4 0.4 0.4 0.4 0.2 0 0 0.6000000000000001 0 0 0.4 0 0.2 0.4 1 0 0.2 0 0.2 0 0 0 0 0 0 0 0 0 0 0 0 0 0 0 0 0 0 0 2.2 0 0.8 2.8000000000000003 0.4 0 2.2 0.2 0 0 2.8000000000000003 0 1.8 0 0 2.2 1.8 5.2 0.2 0 0 4.800000000000001 2 1.8 0 0 0 0.2 6.6000000000000005 0.2 0 1.6 0 3 0.2 2.4000000000000004 0 0.2 0 2.6 0 0 0 0 0 0 0 0 0 0 0 0 0 0 0 0 0 4.2 0 6.800000000000001 0 0 0.4 0.2 0 0 4 0 0 0.4 0 0 0 0 0 0 0 0 0 0 0 0 0 0 0.6000000000000001 0 0 1.8 0 0 0 2 11.600000000000001 0 3 0.8 4.4 2.2 0 0 0 1.8 0 2.4000000000000004 0 0 0 0 2 2 0 0 0 0 0.2 0 3 0 0 0 1.6 0 0 0 0 0.4 0 0 0 0 0 0 0.4 0 0 0 0 0 0 0 0 0 0 0 0 0 0 0 0 0 0 0 0 0 0 0.8 0.4 0 0.6000000000000001 16.2 0.4 5.4 0 0 0 0 0 0 0 0 0 0 0 0 8.200000000000001 0 0 0 0 0 0 0 0 0 0.2 0 0.2 0 0 0 0 
 0.2 0.2 0.2 0 0 0 0.8 0.4 0.4 0 0 0 0.4 0.4 0 0 0.2 0 0.4 3.6 6.6000000000000005 67.2 30 55.2 0 36.6 6.4 13.200000000000001 15 62.400000000000006 68 24.400000000000002 19.400000000000002 17 62.6 33 27.6 20.400000000000002 13 60 0.6000000000000001 0 0.4 0.6000000000000001 14.200000000000001 0 0 0.6000000000000001 0.4 0 1 1 0.4 0 13.600000000000001 0.6000000000000001 5 13 17 0.2 0 0.4 0.4 0 7 0 0 0 0.6000000000000001 0.2 0 0 0 0 1.4000000000000001 0.4 0 0 0.2 0 0 0 0 0 0 0.2 0 0 0 0 0 0 0 0.4 0 0 0 0 0 0.4 0 0.4 3.8000000000000003 0 0 5.800000000000001 0 0 4.800000000000001 0 2.2 0 0 0 0.4 0 0 1.8 0 0 2.4000000000000004 0 0 0 0 0 3 2.2 0 2.2 0 0 0 1.8 3.2 0 3.4000000000000004 0 6.2 0.6000000000000001 0 0 0 0 0.2 0.4 0 0 0 0 0 0 0 0 0 0.2 0 0 0 0.2 0 0 0.6000000000000001 0 0 0 0 0 0 0 0 0 0 0 0 0 0 0 0 0.4 0 0 8.200000000000001 2.2 5.4 0 0 0 0 0 3 6.6000000000000005 0 0 0 0 7.6000000000000005 6.6000000000000005 0 0 0.2 0 0 0 2.8000000000000003 0 0 0 1.8 2 0.2 0 4.6000000000000005 2.6 0 0 0 0 6.800000000000001 0 0 0 0 0.4 0.2 0 0 0 0 0 0 0 0 0 0 0 0 0 0 0 0 0 0 0 0 3.4000000000000004 0 0 0 0 0 0 0 0 1.6 0 0.6000000000000001 0.8 1.6 0 0.6000000000000001 0.4 0 0 0 0 0 0 0 0 0 0 0 0 0 0 0 0 0 0 0 0.6000000000000001 0 0 0 0 0 4.6000000000000005 0 0 
 0.6000000000000001 1.2000000000000002 0.6000000000000001 0.6000000000000001 0.8 0.6000000000000001 0.6000000000000001 1.2000000000000002 0.6000000000000001 0.6000000000000001 0.6000000000000001 0.6000000000000001 0.6000000000000001 0.6000000000000001 1.4000000000000001 0.6000000000000001 0.6000000000000001 0.6000000000000001 0.6000000000000001 0.6000000000000001 12.4 17.400000000000002 22.400000000000002 22.200000000000003 36.6 0 8.200000000000001 10 10.4 112.2 39.800000000000004 106.4 28.8 30.200000000000003 70.60000000000001 21.200000000000003 18.8 55.800000000000004 10.600000000000001 10.600000000000001 0.8 0 0 0.4 0 0 0 0.6000000000000001 0.6000000000000001 0 0.2 0.6000000000000001 15.600000000000001 0 0 0.6000000000000001 1 0 7 0 0 0.6000000000000001 0.4 0 0 0 0 0.2 0.6000000000000001 0 0 0.4 0 0 0.6000000000000001 0.4 0 0 0 0 0 0 0 0 4 0 0 0 0 0 0 0 0 0 0 0 0 0 0 0 0 0 2 2.4000000000000004 4.2 4 0 0 0 5 1.2000000000000002 4.4 0 0 0 0 3.4000000000000004 0 0 0 2.2 0 0 0.2 0 0 2.2 4.6000000000000005 1.8 0 0 0 5.4 0 0 0 0 0 0.4 0 0 0 0 0 0 0 0 0 0.4 0 0 0 0 0 0 0 0 0 0 2.2 0 0.2 0 0 0 0 0 0 0.2 0 0 0 0 0 1.2000000000000002 0 0.4 0 0 0 0.2 0 10 0.2 1.2000000000000002 4 0 0 0 0 10 0 0 0 0 2.8000000000000003 5.800000000000001 4.2 0 0.4 3.2 0 2 0 0 0 2.2 2.2 0 0.2 0 0 0 0 3.8000000000000003 4.800000000000001 0 1.6 8.200000000000001 0.2 0 0 0 0 0.2 0 0 0 0 0 0 0.2 0 0 0 0 0 0 0 0 0 0 0 0 0 0 0 0 0 0 0 0 0 0 15.200000000000001 0 0.2 15.200000000000001 14.8 0.8 1.6 0.2 0 0 0 0 0 0 0 0 0 0 0 0 0 0 0 0 0 0 0 0 0 0 0 0 0 0 0 0 
 0 1 7.6000000000000005 0 0.2 0 0 0.6000000000000001 14.8 0 5.6000000000000005 7.2 0 0 0.6000000000000001 0.8 14.8 15.200000000000001 0 0 96 35.4 54.400000000000006 21 6.4 8.200000000000001 0 41.400000000000006 74.2 34.800000000000004 39.800000000000004 63.2 37.2 26.200000000000003 69.4 22.200000000000003 5.800000000000001 13.200000000000001 5.2 28.8 13 0 0.4 0 0 0.4 0 0.6000000000000001 0.4 1.4000000000000001 0 0.6000000000000001 0.8 0 0 0.6000000000000001 1 0 0 0 0.4 0.6000000000000001 0.4 0 0 0 0 0.2 0.6000000000000001 0 0.4 0 0.6000000000000001 0.6000000000000001 0.4 0.6000000000000001 0 0 0 0.4 0 0 0 4.6000000000000005 0 1.8 0 0 3.8000000000000003 0 0 0 0 0 0 0 0 0 0 0 0 0 0 0 4 0 2.8000000000000003 5.800000000000001 13.600000000000001 6 5.6000000000000005 11.600000000000001 2.4000000000000004 10.600000000000001 0 0.4 3.8000000000000003 4.2 3.8000000000000003 0 0 0 0 0 0 0 0 0 0 0 0 0 0 0 2.2 0 1.6 0 1.6 0 0 0 0 0 0 0 0 0 0.4 0 0 0 0 0 0 0 0 0 0 1.4000000000000001 0 0 0.4 0 0 1.8 0 0 0 0 0 0.4 0 0 0 4.4 0.2 1.8 0 1.8 4.2 2.8000000000000003 7.4 4 1.8 0 0 0.2 0 6.6000000000000005 6.800000000000001 0.2 0 2.4000000000000004 0.4 5 0 3.6 5.4 0 0 0 0 0 0 0 0 0 0 0 0 0 0.2 5 0 0 0 0 6.800000000000001 4.800000000000001 0 0 1 0 0.4 0 0 0 0 0 0 0 0 0 0 0 0.4 0 0 0 0 0 0 0 0 0 7.2 0 0 0 0 0 0 0 1.4000000000000001 0 0 15.4 0 0 15.600000000000001 3.8000000000000003 0 0 0 0 0.4 0 0 0 0 0 0 0 0 0 0 0 0 2 0 0 0 0 0 0 3.6 0 0 0 
 1 0.4 0 0 11.200000000000001 15.4 0 0.6000000000000001 0 0 1.4000000000000001 0 0 0 0 0 0 0 0 0 23.8 28.8 49.400000000000006 14.8 13.200000000000001 10 41.400000000000006 0 55 33.2 22.8 6 44.6 17.2 20.8 25.400000000000002 24.200000000000003 59.400000000000006 77.80000000000001 91.80000000000001 0.6000000000000001 1.6 0 0.2 0 0 0 1.2000000000000002 0.6000000000000001 0 0 0.6000000000000001 0.4 0 0 0.6000000000000001 0.8 0 0 0.4 0 0.6000000000000001 0.6000000000000001 0 9.4 0.4 0 0 0.6000000000000001 0 0 0 0 0.4 13.600000000000001 0.4 0 0 0 0 0 0 0 0.2 0 1.8 0 0 0 0 0 0 0 0 0 0 0 0 0.2 0 2.2 2 4.4 0.2 0.2 0 1.8 0.2 4 4 5.800000000000001 1.6 4 2.6 0 0.2 4.4 8.8 3 4 0 0 0 0 0 0 5 0 0 0 0 0 0 0 0 0 0 0 2 0 0.4 0 0 0 0 0 0 0 0 0 0 0.2 0 0 0 0 0 0 0 0 0 0 0 0 0 0 0 0 0 0 0 0 0 0 0 0 0 0 0 0 6.800000000000001 8.200000000000001 4.4 6.2 2.4000000000000004 0.2 2 0 11.4 6.2 3 5.800000000000001 0 6.2 3.4000000000000004 0 0 6.2 3 5 0 0 0 0 0 0 0.2 0 0 0 0 0 1.6 0 0 0 0 0 0 4 0 0 0.4 0 0 3.6 0 0 0 0 0 0 0 0 0 0 5.800000000000001 0 0 0 0 0 2.2 0 0 0 0 0 0 0 0 0 0 0 3.2 0 0.2 0 0 0.2 0.2 4 0 0 0 0 0 0 0 0 0 0 0 0 0 0 0 0 0 1.6 0 2 0 0 0 0 0 0 0 0 
 0.6000000000000001 0.6000000000000001 0.6000000000000001 0.6000000000000001 20 15.600000000000001 1.2000000000000002 0.6000000000000001 0.6000000000000001 0.6000000000000001 15.4 0.6000000000000001 0.6000000000000001 0.6000000000000001 1.4000000000000001 1.4000000000000001 0.6000000000000001 0.6000000000000001 0.6000000000000001 0.6000000000000001 9.4 28 53.2 28.200000000000003 15 10.4 74.2 55 0 44.800000000000004 30.400000000000002 22.400000000000002 40.2 17 19.8 21.8 29 36 15.600000000000001 30 0.6000000000000001 0 0 0.4 0 0 0.6000000000000001 0.6000000000000001 0.6000000000000001 0 0.4 0.6000000000000001 0.8 0 0 0.8 1 0 0 0 0 0.6000000000000001 0.4 0 0 0 0 0 0.6000000000000001 0.8 0 0 0 0 0.6000000000000001 0.4 0 0 8.8 0 0 0 0 0 0 0.8 0 0 0 0 0 0 0 0 0 0 0 0 0 0 0.8 6.4 0.2 7.800000000000001 4.6000000000000005 6.800000000000001 6.6000000000000005 5.4 3.6 3 0 3 0 3.8000000000000003 1.8 3.2 6.800000000000001 5.4 3.4000000000000004 0 0 0 0 0 0 0 0 2.4000000000000004 0 0 1.2000000000000002 0 1.8 0 0 0 0 0 0 0 0 0 0 0 0 0 0.2 0 0.2 0 0 0 0.2 0 0 0 0 0 0 0 0 0 3 0.8 0 1.6 0 0 0 0 0 0 0 0 0 0 0.4 0 0 0 4 4.6000000000000005 6.2 2.8000000000000003 1.4000000000000001 0 5.4 1.8 3.4000000000000004 0 7.800000000000001 1.8 0 4.2 2.4000000000000004 0 1.8 0 0 3.8000000000000003 2.8000000000000003 0 0 0 0 0 0 0 0 1 0 0 2.4000000000000004 0 0 0 0 0 3.8000000000000003 0 0 0 1.8 0 0 0 0 0 0 0 0 0 0 0 0 0 0 0 0 0 0 0 0 0 0 0 0.4 0 0 0 0 0 0 0 0.6000000000000001 0.2 0.2 2 0.2 0 0.4 0 0 0 0 0 1.8 0 0 0 0 0 0 0 0 0 0 0 0 0.8 0 2 0 0 0 0 2 0 0 0 
 0 0.6000000000000001 0 0 0 0 0.4 0 0.8 0 0 0.4 0 0.2 0.4 0 0 0 0 0 31.8 10.4 76.2 38.2 62.400000000000006 112.2 34.800000000000004 33.2 44.800000000000004 0 59.6 38.400000000000006 45.2 69.8 80.4 103.2 8.200000000000001 99.60000000000001 17.6 37.800000000000004 0.6000000000000001 0 0 0.2 0 0 0 7.4 0.4 0 13.4 0.6000000000000001 14 0 0 0.6000000000000001 1 1.2000000000000002 12.4 0.4 0 0.4 0.4 0 0 10 0 0 0.6000000000000001 0 0 0 0 0 0.4 0.4 0 0 0 0 0.2 0 0 0 0 0 0 2.8000000000000003 0 0 0 0.2 0 0 0 0 0 0 0 0 0.2 0 0.2 0 8.6 2 1.4000000000000001 3 5.4 5.6000000000000005 11.8 11.4 0 0 0 3 6.6000000000000005 2.8000000000000003 0 0 0 0 0 0 0 0 0.2 0 0 0 0.4 0 0 0 0 0 0.2 0.4 6.4 1.8 0 0 0 0 0 0 0 0.2 0 0 0 0 0 0 0 0 0 0 0 1.2000000000000002 0 0.6000000000000001 0 0.4 0 1.8 0 0 0 0 0 0 0 0 4 0 0 1.8 0 0 2.6 2.4000000000000004 6.4 3 5.2 0 0 0 0 11.8 1.6 2.8000000000000003 0 2.4000000000000004 0.2 2.4000000000000004 1.6 5.6000000000000005 3.6 0 0 0 0 0 0 0 0 0 0 0 0 0 0 0 0 1.8 0 0 8.4 8.200000000000001 0 0.2 2.4000000000000004 0 0 0 0 0 0.2 0 0 0 0 0 0 0 0 0 0 0 0 0 0 0 0 0 0 0 0 0 0 0 0 0 33 0.2 0.4 15.200000000000001 14.4 0.6000000000000001 0.4 2.6 0 0 0 0 0.4 0 0 0 0 0 0 0 0 0 0 0 0 1.8 0 0 0 0 0 0 6.4 0 0 0 
 0 0 0 0 0.2 0.4 0.2 0 0 0 0 0 0 2.2 1 0.2 0.4 0 0.2 0 9.8 27.200000000000003 48.2 77.2 68 39.800000000000004 39.800000000000004 22.8 30.400000000000002 59.6 0 9.600000000000001 22 37.6 58.2 78 47.2 72.8 12 11.8 0.6000000000000001 0 0 0.2 0 0 0 0.6000000000000001 0.6000000000000001 0 1.4000000000000001 0.6000000000000001 0.4 0 0 0.6000000000000001 0.8 0 14.600000000000001 0 0 0.6000000000000001 0.4 0 0 0 0 0.6000000000000001 0.6000000000000001 0 0 0 0 0 6.4 0.4 0.2 0 0 0 0 0 0 0 0 0 0 0 1.4000000000000001 0 0 0 0 0 0 0 0 0 0 0 0 4.6000000000000005 0.6000000000000001 0 0.6000000000000001 0 4.800000000000001 2.8000000000000003 3 6.6000000000000005 4 6.2 0 0 5.2 6.800000000000001 1.2000000000000002 7.800000000000001 0 0 0 0 0 0 0 0 2.4000000000000004 0 0.4 0 0 0 4.800000000000001 0 0 0 0 0 3.8000000000000003 0 0 0 0 0 0 0 0 0 0 0 0 0 1.4000000000000001 0 0 0 0 0 0 1 0.4 0 0.2 0 0 2 0 0 0 0 0 0.4 0 0 0 0 3.6 0 1.8 0 4.800000000000001 0 8 0.2 8.8 0 0 1.8 0 0 4.2 3.8000000000000003 0 5 0 5.6000000000000005 6.800000000000001 0 0 0 0.2 0 0 0 0 0 0 0 0 0 0 0 0 0 0.4 0 0 0 11.4 2.6 0 0 2 0 0 0 0 0 0 0 0 0 0 0 0 0 0 0 0 0 0 0 0 0 0 0 0 0 0 0 0 0 0 0 0.6000000000000001 0 0 15.4 1 0 4.800000000000001 0 0 0 0 0 0 0 0 0 0 0.4 0 0 0 0 0 0 0 0.6000000000000001 0 0.4 0 0 0 0 3 0 0 0 
 0 0 0.2 0 0 0 0.2 0.4 0 0.4 0 0 0 0 0 0 0 0 0 0 32.2 23.6 10.600000000000001 36 24.400000000000002 106.4 63.2 6 22.400000000000002 38.400000000000006 9.600000000000001 0 6.800000000000001 15.200000000000001 11.8 7.4 31.6 11.200000000000001 6.2 11.8 0.6000000000000001 0 0 0.2 0 0 0 0.6000000000000001 0.6000000000000001 0.2 12.200000000000001 0.6000000000000001 4.2 12.8 3.6 0.6000000000000001 13.4 0.6000000000000001 13.600000000000001 25.400000000000002 0 1.2000000000000002 0.4 0 0 0 0 0 0.6000000000000001 0 0 0 0 0 0.6000000000000001 0.4 0 0 0 0 0 0 0 0 0 0 0 0 0 0 0 0 0 0 0 0 0 0 0 0.2 0 0 0 4.6000000000000005 4.4 8 0 0 0.2 2 3.6 3.6 0 0 0 0 7 0 0 0.4 6.4 4.800000000000001 0.2 0 0 0 4.2 5 0 0 2.6 1.8 2.6 3.4000000000000004 2.2 0 2.8000000000000003 1.8 3 0.8 1.4000000000000001 0 0 0 0 0 0 0 0 0.2 0 0 0 0 0 0 0 0 0 1.2000000000000002 0 0 0 0 0 0 0 0 0 0 0 0 0 0 0.6000000000000001 0 0 0 0.2 0 0 0 6 0.2 1.8 6.4 0 0 0 0 4.4 0.2 0 0 0 1.6 2.4000000000000004 1.6 0 0 2.2 0.2 0 0 0 0 0 0 5.2 3.2 0 0 2.2 1.4000000000000001 2.4000000000000004 4.6000000000000005 0 0 7.2 5.6000000000000005 0 0 0 0 0 0 0 0 0 0 0 0 0 0 0 0 0 0 0 0 0 0 0 0 0 0 0 0 0 0 0 0 0 0.4 1 0.4 0 0 14.600000000000001 0 0.8 0 0 0 0 0 0 0 0 0 0 0 0 0 0 0 0 0 0 0 0 0 0 0 0 0 0 0 0 0 
