 0 40.2 16 28.200000000000003 16.2 11.200000000000001 32.800000000000004 45.400000000000006 10 34 6.6000000000000005 7.800000000000001 10 10.4 51.800000000000004 78.4 50.2 24 25.400000000000002 23.6 0 0 0 0.6000000000000001 0 0.6000000000000001 0 0.8 0 0.6000000000000001 0.4 0 0 0.2 0.6000000000000001 0 0 0.2 0.4 0 0 0 0 0 0 0 6.6000000000000005 0.4 0 0.6000000000000001 0.6000000000000001 0 0 0.6000000000000001 0 0.6000000000000001 0 0.8 0.2 0 0.6000000000000001 0 0 0.4 0.4 0 0 0 0 0 0.6000000000000001 0 0 0 0.6000000000000001 0 0 0 0 0 2.8000000000000003 1.6 13.8 6.2 10.4 3.8000000000000003 4.2 0 3.2 3.4000000000000004 0 5.2 2 0 2.6 0 7.4 2 0 0 0 0 0 0 0 0 0 0 0 0 0 0 7 0 0.4 0 0 0 3.2 0 0 0 0 0 0 0 0 0 0 0 0 0 0 0 0 0 0 0 0 0 0 0 0 0 0 0 0 0 0 0 0 0 0 0 0.4 0 0 3 0 0 7.6000000000000005 10.4 11.600000000000001 0 3.4000000000000004 0 3 0 2 2.8000000000000003 7.4 2.6 5 3.4000000000000004 7.6000000000000005 0 1.4000000000000001 0 0 0 0 0 0 0 0 0 0 0 0 0 0 0 0 0 0 0 0 0 3.2 0 0 0 0 0 0 2.2 0 0 0 0 0 0 0 0 0 0 0 0 0 0 0 0 0 0 0 0 0 0 0 0 0 0 0 0 0 0 0 0 0 0 0 0 0 0 0.4 0.2 0.4 0 0.6000000000000001 0 0 2.4000000000000004 0 0 0 0 0 0 0 0 0 0 0 0 0 0 0 0 0 0 0 0 0 0 0 0 4 0 0 0 0 0 0 0 0 0 0 0 0 0 
 40.2 0 43 16 7.6000000000000005 6 18.6 49.800000000000004 18.400000000000002 10 5.4 23.200000000000003 27 13 24 69.2 22.8 9.8 5.800000000000001 16.2 0 0.4 0 0.4 0 0.4 0 0.6000000000000001 0 0.6000000000000001 0.8 0 0 0 0.6000000000000001 0.4 0 0 0 14.8 0 0 0 0 0 0 0 0.4 0 0.6000000000000001 0.6000000000000001 0 0 0.4 0 0.4 0.2 0.6000000000000001 0 0 0.6000000000000001 0 0 0.6000000000000001 0 0 1 0 0 0 1.8 0 0 0 0.6000000000000001 0 0 0.4 0 0 0 8.4 4.6000000000000005 4.6000000000000005 3.2 3.6 2.4000000000000004 4.2 8 4.2 2.6 3.4000000000000004 2 1.8 0.4 3.4000000000000004 3.8000000000000003 3.6 0.4 0 0 0 0 0 0 0 0 0 0 0 0 0 0.4 0 5.800000000000001 0 0 0.4 2.2 1.2000000000000002 0 0 0 0 0 0 0 0 0 0 0 0 0 0 0 0 0 0 0 0 0 0 0 0.4 0 0 0 0 0 0 0 0.2 0 0.8 0 0 0 0 0 0 1.6 4 4.6000000000000005 0 2 1.2000000000000002 1.8 0 1.2000000000000002 0 6.2 2.8000000000000003 4.2 5.800000000000001 0.8 3.4000000000000004 0 1 1.6 0 0.4 0 0 0 0 0 2.2 0 0 1.8 0 0.8 0 0 0 0 0 0 0 0 0 0 0 0 0 0 0 0 0.2 0 0 0 0 0 0.2 0 0 0 0 0 0 0 0 0 0 0 0 0 0 0 0 0 0 0 0 0 0 0 0 0 0 0 0 0 0 0.4 0 0 1.2000000000000002 0.2 0 2 0 0 0 0 0 0 0 0 0 0 0 0 0 0 0 0 0 0 0 0 0 0 0 0 1.8 0 0 0 0 0 0 0 0 0 0 0 0 0 
 16 43 0 35.2 95.80000000000001 26 9.4 16 21.6 17.6 7.800000000000001 7.2 13.8 44 9 42 27.8 19.6 11.200000000000001 25.6 0 0.2 0.4 0.4 0 1 6.800000000000001 0.8 0.2 0.6000000000000001 0.8 0.4 2 1.6 0.8 1.4000000000000001 0 0 7.6000000000000005 0.4 0 0 0.4 0 0.2 0.4 0 0.8 0.2 1.8 1 0.8 0 0.4 0 0.4 0 0.6000000000000001 1 0 0.6000000000000001 0 0 0.8 0 0 0.4 0 0 0.6000000000000001 0.8 0 0 0 0.6000000000000001 0.6000000000000001 0 1.2000000000000002 0 0.4 0 0.2 6.6000000000000005 0 0 0 0.2 4.800000000000001 2.4000000000000004 3.2 3.6 7.6000000000000005 0.8 2.4000000000000004 5.6000000000000005 3.4000000000000004 3 4.4 0 0.2 4.4 0 3.2 0 0 0 2.8000000000000003 0 0 0 0 0 2 0 5 0 0 0 0 4.6000000000000005 0 0 0 0.4 0 0 0 0 0 0 0 0 0 0 0.2 0 0 0 0.2 0 0 0 0 0 0 0 0 0 0 0 0 0 0 0 0 0 0 0 0 0 0 1.8 0 0 1.2000000000000002 0 1.8 2.6 1.4000000000000001 2 3.6 4.800000000000001 1.6 0.2 1.8 5.6000000000000005 6.800000000000001 8.4 0 0 0 0 0 0 0 0 16.6 0 0 0 0 0 13.600000000000001 0 0 0 0 0.4 0 10.200000000000001 2.8000000000000003 0 0 0 0 0 0 0 0 0 0 0 0 0 0 0 0 0 0 0 0 0 0 0 0 0 0 0 0 0 0 0 0 0 5 0 0 0 0 0 0 0.2 0 0 0 0 0 0.4 19.200000000000003 0 0 0 0 0 0 0 0 0 0 0 0 0 0 0 0 0 0 0 0 0 0 0 0 0 0 0 0 2.4000000000000004 0 0 0 0 0 0 0 0 0 0 0 0 
 28.200000000000003 16 35.2 0 61 24.400000000000002 42.2 79 90.80000000000001 108 28.8 14.600000000000001 12.200000000000001 7.6000000000000005 15.200000000000001 27.200000000000003 25.8 31.6 18.2 44.6 19.400000000000002 14.8 0.8 0.4 0 0.4 33.800000000000004 5 14.4 0.6000000000000001 0.4 0 0 15.600000000000001 4 0 0.2 6.2 15.200000000000001 0.2 0 0 0 0 0 0 0 0.4 0 0.6000000000000001 0 0 12.4 0.4 0 0.4 0 0.6000000000000001 0 0 0.6000000000000001 0 0 0.4 0 0 0 0 0 8 0.6000000000000001 0 0 0 1.2000000000000002 0 0 0 0 0 1 1.2000000000000002 2.8000000000000003 0 5 0.8 2.2 1.4000000000000001 0.4 6 0 2 0 0.2 2.8000000000000003 5.800000000000001 4 0.2 2 4.6000000000000005 0 0 4 0 0 0 4.2 1.4000000000000001 0 0 0 0 2.4000000000000004 1.8 8 0 0 0 2.8000000000000003 1.4000000000000001 0 0 0 0.2 0 0 0 0 0 0 0.4 0 0 0 0 0.2 0 0 0 0 1.6 0 3.4000000000000004 0.2 0 0.4 0 0 0 0 0 0 0 0 0.6000000000000001 0.2 0 0 0 0 0 0.2 1.8 12.200000000000001 5.800000000000001 2.2 0 0 0 0 0 2.2 0 0 3.4000000000000004 3 5.800000000000001 0.2 0 0 3 0 0 0 0 0 2.6 0 0 0 0 0 6.4 0.4 0 2.8000000000000003 0 0 5.6000000000000005 3.4000000000000004 2.8000000000000003 0 0 0 0 3.4000000000000004 0 0 0 0.2 1.6 0 0.4 0 0 0 0 0 0 0 0 0.2 0 0 0 0 0.2 0 0 0 0 0 0 0 0 0 0 0 0 0 0 0 0 0 0 8.8 18.2 0.4 0.2 13.600000000000001 0 3 3.8000000000000003 0 0 0 0 0 0 0 0 0 0 0 0 0 0 0 0 0 0 0 0 0 0 2.8000000000000003 0 0 0 0 0 0 0 0 0 0 0 0 0 0 
 16.2 7.6000000000000005 95.80000000000001 61 0 12.4 8.200000000000001 46.400000000000006 53.6 58.6 51 29 21 9.200000000000001 20.400000000000002 53.400000000000006 13.600000000000001 27.6 32 17.400000000000002 12.200000000000001 7 15.600000000000001 0.4 0 0.6000000000000001 46.400000000000006 0.6000000000000001 15 0.8 0.8 0 15.600000000000001 12.600000000000001 16 14.4 1.4000000000000001 0 0.2 16.2 0 0 0 0.6000000000000001 0 0 1.2000000000000002 0.4 0 0.6000000000000001 0 0.4 7.6000000000000005 0.6000000000000001 0 0.6000000000000001 0 0.6000000000000001 0 12.600000000000001 0.6000000000000001 0.4 0 1 0 0 0.6000000000000001 11 0.2 0.2 2.2 0 0.8 0 0.6000000000000001 0.4 0 0.2 0 0 0 0 3.6 5.6000000000000005 0 3.8000000000000003 0 0 0 0 5.2 9 3.2 0 0 0 0.6000000000000001 2.2 0 0 4 0 2.6 0 0 0 8.200000000000001 0 0 2.8000000000000003 8 0 6.2 1.4000000000000001 2.4000000000000004 0 0 0 8 1.2000000000000002 0 0 0 0 0 0 0 0 0 0 0 0 0 0 0 0 0 0 0 0 0.4 0 0 0 0 0 0 0 0 0 0 1 0 0 0 0 0 0 0 0 0 1.6 0.8 5.2 2.2 4.4 0 1.6 1.2000000000000002 0 3.6 0 0 0 1.6 0 3.6 1.6 0 0 0.6000000000000001 0 0 0.4 0 0 2.2 9.8 0 0 0.4 0 12.4 0 1.8 0 1.8 0 1.4000000000000001 0 5.4 0 0 0 0 0 3.6 0 0 0 4.4 0 0 0 0 0 0 0 0 0 0 0 0 0 0 0.8 0 0 0 0 0 0 0 0 0 0.4 0 0 0 0 0 0.4 0 0 0 0.4 0.2 0.4 0.4 19.200000000000003 3.8000000000000003 1 0 0 0 0 0 0 0 0 0 0 0 0 0 0 0 0 0 0 0 0 0 0 0 0 0.2 0 0 0 0 0 0 0 0 0 0 0 0 0 
 11.200000000000001 6 26 24.400000000000002 12.4 0 92.60000000000001 68 27.6 10.4 14.200000000000001 11.8 5.2 6.2 29.8 32.4 34.800000000000004 14.200000000000001 12.200000000000001 8.6 14.600000000000001 14.8 19.200000000000003 0.4 0 0.4 32.800000000000004 8 0.4 1.2000000000000002 0.4 0.8 11.8 16.2 0.8 0.2 0 0 32.800000000000004 0 0 1.4000000000000001 0 13.200000000000001 0.4 0 0.4 0.4 0.2 1 12.200000000000001 0 0.6000000000000001 0.4 0 0.4 0 1 1.2000000000000002 0.6000000000000001 0.6000000000000001 0 0.6000000000000001 1 0 0 0 0 0 0 0.6000000000000001 0 0 0.4 0.6000000000000001 0.8 0 0 0 0 0 0.2 0 0 0.2 2.8000000000000003 0 0 0 0.2 0 1.8 0 0 0 0 0 0.2 0 0.2 7.6000000000000005 3.8000000000000003 4.6000000000000005 0.4 0 0 0.2 5.6000000000000005 0 2.8000000000000003 0.4 0 2.2 3.2 0 2.4000000000000004 0 0 4 4.4 0 0 0 0 0.4 0 0 0 0 0 0 0 0 0 0 0 0 0 1.8 0 0 0 0.2 0 0.2 0 0 0 0 0 0 0 0 0 0 0 0 0 0 0 0.4 3.4000000000000004 0 0 3 3.4000000000000004 0 0 0 2 0 1.4000000000000001 0 0 0 0.2 0 0 0 0 0 4.2 4.800000000000001 8.200000000000001 0 0 4.4 2.2 0 0 5.4 0 3.6 3 2.8000000000000003 0 0 0 0 2.2 0 0 0 0 0 0 0 0 0 0 0 0 0 0 0 0 0 0 0 3 0 0 0 0 0.4 0 0 0 0 0 0 0 0 0 0 0 0 0.2 0 0 0 0 0 0 0 0.6000000000000001 0.2 0 0 1.2000000000000002 0 1.2000000000000002 0 0 0 0 0 0 0 0 0 0 0 0 0 0 0 0 0 0.4 0 0 0 0 0 0 0 0 0 0.2 0 0 0 0 0 0 0 0.2 0 0.4 
 32.800000000000004 18.6 9.4 42.2 8.200000000000001 92.60000000000001 0 39 11.200000000000001 20.6 10.4 8.200000000000001 44.6 14.200000000000001 39.400000000000006 63.400000000000006 87.2 24.8 33.4 30.8 0 0.4 0.2 0.4 0 0.4 0 0.6000000000000001 0 0.6000000000000001 0.4 0 0 0 16 0.4 0 0 0 0 0 0 0 0 0.2 0 0 0.4 0 0.6000000000000001 0 0.4 0 0.2 11.200000000000001 0.4 0 0.8 0 0 0.6000000000000001 0 0.4 0.4 0.2 0 0 0 0 0 0.6000000000000001 0 0 0 0.6000000000000001 0 0 0 0 0 6 4.6000000000000005 1 0 0 0 5.4 5.800000000000001 6.6000000000000005 4 0 3.6 4 0 0.4 0.2 0 1.8 0 1.8 2 0 0 2 0 0 0 0 0 0 0 0 0 1.4000000000000001 4.2 0 0.4 0 0 0 1.8 0 0 0 0 0 0 0 0 0 0 0 0 0 0 0 0 0 0 0 0 0 0 0 0 0 0 0.2 0 0 0 0 0 0 0 0 0 0 0 0.4 6.6000000000000005 2 4 2.8000000000000003 0 0.2 2 2 0.4 0.2 8 6.2 2.2 6.4 0 2.4000000000000004 0 0 6.2 2 0 0 0 0 0 1.6 0 0 0 0 0 0 0 0 0 0 0 0 0 0 0 0 0 0 0 2.4000000000000004 0 0 0 0 0 0 0 0 3 0 0 0 0 0 2.2 0 0 0 0 0 0 0 0 0 0 0 0 0 0 0 0 0 0 0 0 0 0 0 0 0 0 0.4 0.4 0 0 2.4000000000000004 0 0 0.2 0 0 0 0 0 0 0 0 0 0 0 0 0 0 0 0 0 0 0 0 0 0 0 0 0 0 0 0 0 0 0 0 0 0 0 
 45.400000000000006 49.800000000000004 16 79 46.400000000000006 68 39 0 53.2 43.800000000000004 7.6000000000000005 31.200000000000003 22.8 10.8 60.400000000000006 36.2 24.8 26 32.2 28.8 0 0 0 0.4 0 0.6000000000000001 0.2 0.6000000000000001 0 0.6000000000000001 0.4 0 0 0 0.6000000000000001 0.4 0 41.400000000000006 0 0.4 12.600000000000001 0.6000000000000001 0 0 0 0 0 0.4 0 0.6000000000000001 0 0 0 0.6000000000000001 0 0.6000000000000001 0 0.6000000000000001 0.6000000000000001 0 0.6000000000000001 0 0 0.6000000000000001 0 0 0 0 0 0 2.4000000000000004 0 0 0 6.4 0.6000000000000001 0 0 0 0 0 0.4 5.6000000000000005 5 4 6.2 4.6000000000000005 6.2 13.200000000000001 9.8 0 8.6 0 2.4000000000000004 1 3 0 0 0 0.2 0 0 0 0 0 0 1.8 0 0 0 0 0.4 5.2 0 0 0 0 0 4.6000000000000005 0 0 0 0 0 0 0 0 0 0 0 0 0 0 0 0 0 0 0 0 0 0 0 0 0 0.2 0 0.2 0 0 0 0 0 0 0 0 0 0 0 0.2 0 7.6000000000000005 1.8 10.8 3 8.6 0 2 0 4.6000000000000005 2 3.6 2.2 0 3 0 0 1.6 3.2 0 0 3 0 0 0 0.4 0 3.4000000000000004 0.4 0 0 0 0 2.2 0 0 0 0 0 6.2 0.2 0.4 0 0.2 0 0 2.4000000000000004 0 0 0 0 0 0 0 0 0 0.4 0 0 0 0 0 0 0 0 0 0 0 0 0 0 0 0 0 0 0 0 0 0 0 0 0 0 0 0 0 0 0.6000000000000001 0 0.4 0.4 0.2 1 2 0 0 0 0 0 0 0 0 0 6.4 0 0 0 0 0 0 0 0 0 0 0 0 0 2.8000000000000003 0 0 0 0 0 0 0 0 0 0 0 0 0 
 10 18.400000000000002 21.6 90.80000000000001 53.6 27.6 11.200000000000001 53.2 0 35.800000000000004 25.200000000000003 25.8 19.6 13.4 21.8 24 27 16.8 25.400000000000002 11.600000000000001 0 0 0 0.4 0 0.4 7.6000000000000005 0.6000000000000001 5.800000000000001 15.4 0.4 0 0 0 0.6000000000000001 0 0 0 0 0 0 0 0 0 0 0 0 0.4 0 0.8 0 0 0.2 0.4 0 0.4 0 0.6000000000000001 0 0 0.6000000000000001 0 7.4 0.4 0 0 0 0 7.800000000000001 0 0.6000000000000001 0 0 0 1 0 0 0 0 0 0 0 3.8000000000000003 1.8 0.2 0.2 0 4.2 0 2 0 5.4 0.8 0 0 9.4 3 2.2 0 0.2 0.2 0 0 0 0 0 7 0 0 0 0 0 1.8 0.2 2.8000000000000003 0 0 0 0.2 2 0.4 0 0 0 0 0 0 0.4 0 0 0 0 0 0 0 0 0 0 0 0 0 0 0 0 0 0 1.4000000000000001 0.4 0 0 0 1 0 0 0 0 0 0 0 0 0 5 0 6.6000000000000005 3 4.4 0 0.4 0 0 0 1.2000000000000002 0 0.4 2 0 2.2 3.4000000000000004 0 0 0 0 0 0 0 0 4.2 0 0 0.4 0 0 8.200000000000001 0 0 0 0 0 1.8 0 2.2 0.2 0 0 0 0 0 0 0 0 0 0 0 0 0 0 0 0 0 5.2 0.2 0 0 0 0 0 0 3 0 0 0 0 0 0 0 0 0 0 0.4 0 0 0 0 0 0 0 17.6 0.2 0 18.6 4.4 0.8 1.4000000000000001 0 0 0 0 0 0 0 0 0 0 0 0 0 0 0 0 0 0 0 0 0 0 0 3.6 0 0 0 0 0 0 0 0 0 0 0 0 0 
 34 10 17.6 108 58.6 10.4 20.6 43.800000000000004 35.800000000000004 0 69.8 43 30.400000000000002 38.400000000000006 70.4 34.4 51.2 12.600000000000001 45 86.60000000000001 1.2000000000000002 0 0 0.4 1.2000000000000002 0.4 15.200000000000001 0.6000000000000001 0.2 1.4000000000000001 0.4 0 1.2000000000000002 0 0.6000000000000001 0 0 0 0 15.8 0 0 0 0 0 0 0 0.4 0.8 0.6000000000000001 0 0 12.600000000000001 0.4 0 0.4 0 0.6000000000000001 0 0.8 0.6000000000000001 0 0 0.4 0 0 0 0 0 0.8 0.6000000000000001 0 0 0 0.6000000000000001 0 0.4 0 0 0 4.4 3.4000000000000004 3.2 4.2 2 5 0 4 11.8 2.8000000000000003 7.800000000000001 6.6000000000000005 0 0 3.6 8.8 3 2.6 2 2.4000000000000004 0 0 0 0 0 0 0.2 0 0.2 0 0 0 2 0 0 0 0 0 0 0 0 0 0 0 0 0 0 0 0 0 0 0.2 0 0 0 0 0.2 0 0 0 0 0 0 0 0 0 0 0 0 0 0 0 0 0 0 0 0 0.4 0 0 6.2 1.6 3.8000000000000003 5.6000000000000005 5.6000000000000005 0.2 5.6000000000000005 2.6 2.2 3 9 4.4 0 2.6 6 3.8000000000000003 4.800000000000001 0 0.4 3.2 0 0 0 0 0 0 1.8 0 0 0 0 0 3.6 0 0 0 0 0 4.4 2.6 0 0 0 0 0 0 0 0 0 0 0 0 0 0 0 0 0 0 0 0 0 0 0 0 0 0 0 0 0 4.6000000000000005 0 0 0 0 0 0 0 0 0 0 0 1.6 0 0 0 0 17.400000000000002 0.4 2 27 0 3.8000000000000003 2 0 0 0 0 0 0 0 0 0 0 0 0 0 0 0 0 0 0 0 0 0 0 2 4 0 0 0 0 0 0 0 0 0 0 0 0 0 
 6.6000000000000005 5.4 7.800000000000001 28.8 51 14.200000000000001 10.4 7.6000000000000005 25.200000000000003 69.8 0 53.800000000000004 52.400000000000006 44 63.6 18.8 56.2 49.2 9.200000000000001 39.400000000000006 24.200000000000003 15.4 0 0.4 0 0.6000000000000001 12.8 0.6000000000000001 0.4 0.6000000000000001 0.4 0 0 16.6 0.8 15 0 1.2000000000000002 0 0 0 0 0 0 0.4 0 0 0.6000000000000001 1 1.2000000000000002 0 0.8 12.600000000000001 0.6000000000000001 0 0.6000000000000001 0 0.6000000000000001 0.6000000000000001 0 0.6000000000000001 0 0 0.4 0 0 0 0 0 0 1.8 0 0 0 1.4000000000000001 0 0 0.6000000000000001 0.2 0.2 2.8000000000000003 2.8000000000000003 0 3.8000000000000003 5.2 4.4 0 4.6000000000000005 0.2 4.6000000000000005 8.8 0 0 2 5.4 7.2 0 2.2 2.6 1 4 0 4.4 0 0 0 5 0 0 0 3.6 0 0 2.2 0 0 0 0 4.6000000000000005 0 0 2.8000000000000003 0 0 0 0 0 0 0 0 0.4 0 0 0 0 0.2 0 0 0 0 0 0 0 0.2 0 0.4 0 0 0 0 0 0 0 0 0 0.2 0 0 0 0 4.800000000000001 8.4 0 8.4 0 3.6 3 10 0 4.2 0 3.4000000000000004 0 0 2.4000000000000004 4.800000000000001 2.6 3 0 6.4 0 0 0 0 0 0 0 0 0 0 0 0 3 0.4 0 0 0 0 2 5.6000000000000005 0 0 0 0 0 0 0 0 0 0.2 0.2 0 0.4 0 0 0 0 0 0 0 0 2.4000000000000004 0 0 0 0 0 0 0 0 0 0 0 0 0 0 0 0 0 0 0 2 0 0 0 0 1.2000000000000002 0.4 0 29.400000000000002 1.8 3.6 0 0 0 0 0 0 0 0 0 0 3.8000000000000003 0 0 0 0 0 0 0 0 0 0 0 0 4.4 0 5.2 0 0 0 0 0 0 0 0 0 0 0 0 
 7.800000000000001 23.200000000000003 7.2 14.600000000000001 29 11.8 8.200000000000001 31.200000000000003 25.8 43 53.800000000000004 0 10.8 42.400000000000006 24.200000000000003 6.2 77.2 35.6 5.800000000000001 31.6 0 7.2 0 0.4 0 0.6000000000000001 14.600000000000001 0.6000000000000001 14.4 0.6000000000000001 0.4 0 0.2 1.6 0.6000000000000001 14.4 0 0 0 0.4 0 0 0 0 0 0 0 0.4 1.4000000000000001 0.6000000000000001 0 0 0 0.6000000000000001 0 0.6000000000000001 0 0.6000000000000001 0 0 0.6000000000000001 0 0 0.8 0 0 0.6000000000000001 0 0 0 6 0 0 0 0.6000000000000001 0 0 0 0 0 2 2 2.8000000000000003 4.2 6.4 9.200000000000001 0 6.4 0.2 5.800000000000001 6.800000000000001 5.800000000000001 0 2.4000000000000004 8.8 7.4 3.6 3.4000000000000004 0 2.8000000000000003 2.6 0 0 0 0 0 2.6 1.8 0 0 2 0 5.6000000000000005 0 0 0 0 0 5.6000000000000005 0 0 0 0 0 0 0 0 0 0 0 0 0 0 0.2 0 0 0 0 0 0 0 0 0 0 0 0 0 0 0 0 0 0 0 0.2 0 0 0 0 0 0 5.2 2 5 4.2 7.4 0 3 2.2 2 4.800000000000001 3.8000000000000003 2.8000000000000003 0 0.2 3 3 1.6 2.6 0 2.2 2.2 0 0 0.2 0 0 0 0 0 0 0 0 1.8 0 1.6 0.2 1.4000000000000001 0 6.2 3 0 0 0 0 0 0 0 0 0 0 0.2 0 0 0 0 0 0 0 0 0 0 0 0 0 0 0 0 0 0 0 0 0 0 0 0 0 0 0 0 0 0 1.2000000000000002 0 0 0 0.4 9.200000000000001 0.8 0.6000000000000001 17 0 2.2 2 0.6000000000000001 0.2 0 0 0 0 0 0 0 2.8000000000000003 0 0 0 0 0 0 0 0 0 0 0 0 3.4000000000000004 3.8000000000000003 1.8 0 0 0 0 0 0 0 0 0 0 0 0 
 10 27 13.8 12.200000000000001 21 5.2 44.6 22.8 19.6 30.400000000000002 52.400000000000006 10.8 0 51.2 7 7.800000000000001 4.6000000000000005 25.6 44.800000000000004 112.2 0 0 0 0.4 0 1 0.4 0.6000000000000001 0 0.6000000000000001 0.4 0.2 0 0 0.6000000000000001 0.2 0 0 0 0 0 0 0 0 1 0 0 0.4 0 0.6000000000000001 9.600000000000001 0 0 0.6000000000000001 0 0.6000000000000001 0 0.6000000000000001 0 0 0.6000000000000001 7.6000000000000005 0 0.6000000000000001 0 0 0 0 0 0 0.4 0 0 0 0.6000000000000001 0 0 0 0 0 9.8 0.2 0 0.4 0 0 2.6 1.6 4.2 2.4000000000000004 8 0 5.800000000000001 6 0 3.6 0 3.2 6 0.2 0 0 0 0 0 0 0 0 0 0 0 0 0 0 0.6000000000000001 0 0 0 0 0 0 0 0 0 0 0 0 0 0 0 0 0 0 0 0 0 0 0 0 0 0 0 0 1.2000000000000002 0 0 0 0 0 0 0 0 0 0 0 0 0 0 2 0 0 0.2 0 2.6 0 0 4 5.4 1.6 1 2.8000000000000003 2.8000000000000003 2 0.6000000000000001 0 8 0 5.6000000000000005 6.800000000000001 0.2 0 0 0 0 0 0 0 0 0 0 0 0 0 0 0 0 0 0 0 0 0 0 0 0 0 0 0 0 0 0 0 0 0 0 3 0 0 0 0 0 0 0 0 0 0 0 0 0 0 0 0 0 0 0 0 0 0 0 0 0 0 1.4000000000000001 0 0 0 0.2 0.2 0.2 17.2 0 0 1.4000000000000001 0 0.4 0 0 0 0 0 0 0 0 0 0 0 0 0 0 0 0 0 0 0 0 0 0 0 0 0 0 0 0 0 0 0 0 0 0 0 0 
 10.4 13 44 7.6000000000000005 9.200000000000001 6.2 14.200000000000001 10.8 13.4 38.400000000000006 44 42.400000000000006 51.2 0 41 25.6 40.6 33.2 66.4 32.6 0 0 0 0.4 0 0.6000000000000001 0 0.6000000000000001 0 0.6000000000000001 0.4 0 0.4 0 0.8 0.4 0 0 0 0 0 0 0 0 0 0 0 0.4 2.2 0.6000000000000001 0 0 0 0.6000000000000001 0 0.6000000000000001 0 0.6000000000000001 0 0 0.6000000000000001 0 0 0.6000000000000001 0.2 0 0 0 0 0 0.6000000000000001 0 0 0 0.6000000000000001 0 0 0 0 0 5.800000000000001 6.4 0 0 0.2 0 0.2 1.8 3 3.8000000000000003 5.4 0 0 4.2 2.8000000000000003 9.4 1.8 3.8000000000000003 0 2.8000000000000003 2.6 0 0 0 0 0 0 0 0 0.2 0 0 0 0.2 3.8000000000000003 0 0 0 0 0 0 0.2 0 0.4 0 0 0 0 0 0 0.2 0 0 0 0.2 0 0 0 0.4 0 0 0 0 0 0.2 0 0 0 0 0 0 0 0 0 0 0 0 0 0 6.6000000000000005 2 0 0 3.8000000000000003 0 0 0.2 0.4 0.2 1.6 3.6 3.2 6.2 3.6 0 5.2 0 1 0 4.2 0 0 0 0.4 0 0 0 0 0 0 0.4 0 0 0 0 0 0 0.4 0 2.4000000000000004 0 0 0 0 0 0 0 0 0 0 0 0 0 0.2 0.4 0 0 0 0 0 0 0 0 0 0 0 0.2 0 0 0 0 0 0 0 0 0.2 1.6 0 0 0 0 0.8 0 0 0 0.4 17.2 0 0.2 0 0 1.6 0 0 0 0 0 0 0 0 0.4 0 0 0 0 0 0 0 0 0 0 0 0 0 0 3 0 6 0 0 0 0 0 0 0 0 0 0 0 0 
 51.800000000000004 24 9 15.200000000000001 20.400000000000002 29.8 39.400000000000006 60.400000000000006 21.8 70.4 63.6 24.200000000000003 7 41 0 70.60000000000001 29.8 9.600000000000001 37 16.6 14.8 0 0.6000000000000001 1.2000000000000002 0.4 0.4 0 0.8 1 0.6000000000000001 1.6 0.4 0 0 0.6000000000000001 0.6000000000000001 0.4 0 0 0 1.4000000000000001 0.2 0 0.4 1.2000000000000002 0 0 0.4 0 0.6000000000000001 0.4 0 0 0.6000000000000001 0 0.4 0.4 0.6000000000000001 0 0 0.6000000000000001 0 0 0.4 0.8 0.6000000000000001 0 0 0 0 0.6000000000000001 0.4 0 0 1.2000000000000002 0 0 1.6 0 0 2.2 0 3.6 2.4000000000000004 7.6000000000000005 4.2 0.4 4.2 4 4 0 1.4000000000000001 0 4.2 1.6 0 6.4 5 0 0.2 0 0 0 0 0 4 0 0 0 0 0 0 3.8000000000000003 0 0 0 0 0 0 1.6 0 0 0 0 0 0 0 0 0 0 0 0 0 0 0 0 0 0 0 0 0 1.6 0 0 0 0 0 0 0 0 0 0 0 0 0 0 0 0 0 0 12.4 0 4.800000000000001 0 2.2 0 3.4000000000000004 2.8000000000000003 3 7 3.8000000000000003 10.200000000000001 6.6000000000000005 4.2 3.4000000000000004 0 2.6 2.8000000000000003 0 0.2 0 0 0 0 0 0 2 0 0 0 0 0 2 3.2 0 0 0 0 5.800000000000001 0 0 0 0 0 0 0 0 0 0 0 0 0 0 0 0 0 0 0 0 0 2.6 0 0 0 0 0 0 0 0 0 0 0 0 0 0 0 0 0 0 0 0 0 0 0 0 0 0.2 0 17.400000000000002 0.2 0 2.2 0 0 0 0 0 0 0.4 0 0 0 3.6 0 0 0 0 0 0 0 0 0 0 0 0 0 0 0 0 0 0 0 0 0 0 0 0 0 0 0 
 78.4 69.2 42 27.200000000000003 53.400000000000006 32.4 63.400000000000006 36.2 24 34.4 18.8 6.2 7.800000000000001 25.6 70.60000000000001 0 21 46.400000000000006 26.200000000000003 33.6 0 0.2 0 0.4 0 0.4 12.4 0.8 0 0.6000000000000001 0.6000000000000001 0 0.4 0 0.6000000000000001 0.2 0 0 14.8 0 0 0 0 0 8.4 0 0 0.4 0 0.6000000000000001 0 0 0 0.4 0 0.4 0 6.6000000000000005 0 0 0.6000000000000001 0 0 1.8 0 0 1.6 10 0 0 1.4000000000000001 10 0 0 0.6000000000000001 0 0 0 0 0 0 6.800000000000001 6.2 3.6 0 3.6 4.2 0.2 7 3.8000000000000003 2.4000000000000004 10 0 0 3.4000000000000004 4.800000000000001 2.8000000000000003 0 0 5.6000000000000005 0 0 0.2 0 0 0 7 0 0 0 0 0 3.2 0 7.800000000000001 0.2 0 0 2.8000000000000003 5.2 0 0 0 0 0 0 0 0 0 0 0.2 0 0 0 0 0.2 0 0 0 0 0 0 0 0.2 0 0.4 0 0 0 0 0 0 0 0 0 0.2 0 0 0 0 4 0 13.200000000000001 0 2.6 0 2.6 0 5.800000000000001 0 4.6000000000000005 4.6000000000000005 5.6000000000000005 3.6 0 0 0 4.4 0 2.6 2 0 0 0 0 0 2 0 3.4000000000000004 0 0 0 2 0.4 0 0 0.2 0 0.2 0.2 2 0 0 0 0 3 0 0 0 0 0 0 0.4 0 0 0 0 0 0 0 0 0.2 0 0 0 0 0 0 0 0 0 0 0 0 0 0 0 0 0 0 0 0 0 0 0 0 0.4 0 0 0 0 1.4000000000000001 0.2 0 0 0 0 0 0 0 0 0 0 0 0 0 0 0 0 0 0 0 0 0 0 0 0 0 0 0 0 0 0 0 0 0.2 0 0 0 0 
 50.2 22.8 27.8 25.8 13.600000000000001 34.800000000000004 87.2 24.8 27 51.2 56.2 77.2 4.6000000000000005 40.6 29.8 21 0 31 7.2 45 0 0 0 0.4 0 0.6000000000000001 15.200000000000001 0.6000000000000001 0 0.6000000000000001 0.4 0 0.2 0 0.6000000000000001 15.8 0 0 0.2 0 0 0 7.2 0 0 0 0 0.4 0 0.6000000000000001 0 0 0 0.6000000000000001 0 0.6000000000000001 1 10.8 0 0 0.6000000000000001 0 0 0.6000000000000001 1.4000000000000001 0 0 0 0 0 0.4 0 0 0 0.6000000000000001 0 0 0 0 0 4.800000000000001 0 1.6 1.6 5.2 3.8000000000000003 0.2 4.6000000000000005 2.8000000000000003 9.8 5.4 2.2 0 5.6000000000000005 5 14.8 0.2 8.200000000000001 0.2 0.2 4.2 0 0 0 0 0 0 0 0 0 0 0 0 0 0 0 0 0 2.6 0 0 0 0 0 0 0 0 0 0 0 0 0 0 0 0 0 4.4 0 0 0 0 0 0 0 0 0 0 0 0 0 0 0.6000000000000001 0 0 0 0 0 0 0 0 3.6 5 0.6000000000000001 2.6 2.2 3.2 1.4000000000000001 3.2 1.6 11.4 2.6 5.2 2 0 9.8 2.8000000000000003 2.4000000000000004 6.4 0 4 0 0 0 0 0.4 0 4.2 0.4 0 0 0 0 5.2 0 0 0 0.2 0 2 0.4 0.4 0 0 0 0 3.4000000000000004 0 0 0 0 0 0 0 0 0 0.2 0 0 0 0 0 0 0 0 0 0 0 0 0.2 0 0 0 0 0 0 0 0 0 0 0 0 0 0 0 0 0.6000000000000001 0.2 0 17 0.4 0 3.2 0 0 0 0 0 0 0 0 0 0 3.6 0 0 0 0 0 0 0 0 0 0 0.4 0 0 0 0.2 0 0 0 0 0 0 0 0 0 0 0 0 
 24 9.8 19.6 31.6 27.6 14.200000000000001 24.8 26 16.8 12.600000000000001 49.2 35.6 25.6 33.2 9.600000000000001 46.400000000000006 31 0 70.2 59 12.600000000000001 1.8 0 0.4 0.4 2.2 12.4 0.8 0 0.6000000000000001 0.4 1.8 0.2 13.4 18 0.2 0 0.6000000000000001 5.2 0 0 0 0 0 0 0.6000000000000001 0 0.4 1.4000000000000001 0.6000000000000001 0.8 0 8 13 0.4 0.6000000000000001 1 0.6000000000000001 0 0 0.6000000000000001 0 0 1.8 0.6000000000000001 0 2.2 2 0 0 3 0 10.200000000000001 1.2000000000000002 1.8 0.4 0.8 0 0.6000000000000001 3.2 2.8000000000000003 1.4000000000000001 4.4 1 1 0 0.4 0 7.4 3.4000000000000004 4.2 3 0.6000000000000001 0 2.4000000000000004 2.6 8 3.6 0 2 0.2 0 6 0 0.4 0 3.8000000000000003 0.2 0 0 0 0 0.2 0.8 1.2000000000000002 0 0 0 3.6 0.6000000000000001 0 0 0 0 0 0 0 0 0 0 0.6000000000000001 0 0 0.2 0 0 0 0 0 0 0 0.2 0 0 0 0 0 0 0 0 0.4 1.4000000000000001 0 0 0 0 0 0 0 2.8000000000000003 0.2 2.2 0.6000000000000001 6.2 0.4 6.4 2.2 5.800000000000001 0.4 0.2 8 0 0.2 0 3.4000000000000004 0 2.2 4.6000000000000005 0 3 0.2 0 0 0 0 0 6.800000000000001 0 0 0 0 0 6.2 0 0 0 0 0 0.4 0 0 0 0 0 0 3 1.6 0 0 0 5.800000000000001 0 0 0 0.2 0 0.2 0 0 0 0 0 0 0 0 0 0 0 0 0 0 0.2 0 0 0 0 0 0 0 0 0 1.8 0 0 0 1 34 0 0 0 4.6000000000000005 2.6 0 0 0 0 0 0 0 0 0 0 0 0 0 0 0 0 0 0.2 0 0 0 0 0 0 0 0.2 0 0 0 0 0 0 0.2 0 0 0 0 0 
 25.400000000000002 5.800000000000001 11.200000000000001 18.2 32 12.200000000000001 33.4 32.2 25.400000000000002 45 9.200000000000001 5.800000000000001 44.800000000000004 66.4 37 26.200000000000003 7.2 70.2 0 42 0 0 0 0.4 0 0.4 0.4 0.6000000000000001 0 0.6000000000000001 0.4 0 0 0 0.6000000000000001 0.6000000000000001 0 40.400000000000006 0 0 0 0 0 0 0 0 0 0.4 0 0.6000000000000001 0 0 0 0.6000000000000001 0 0.4 0 0.6000000000000001 0 0 0.6000000000000001 0 0 0.4 0 0 0 0 0 0 0.6000000000000001 0 0 0 0.6000000000000001 0 0 8.4 0 0 4.6000000000000005 0 0 0.4 0 0 2.6 6.2 6 0 2.8000000000000003 0 2.8000000000000003 2.2 0 0 9.600000000000001 0 0.4 0 0 0 0 0 0 0 0 0 0 0 0 0.2 0 0 0 0 0 0 0 0 0 0 0 0 0 0 0 0 0 0 0 0 0 0 0 0 0 0 0 0 0 0 0 0 0 0 0.2 0 0 0 0 0 0 0 0 0 0 0 0.4 0 3.8000000000000003 0 0.4 1.6 0 2 4 2 0.4 0.2 4.4 3 0 2 0.4 1.8 0 0 1.8 0.2 0 0 0 0 0 0 0.4 0 0 0 0 0 0 0 0 0 0 0 0 0.2 0.2 0 0.4 0 0 0 0 0.4 0 0 0 0 0 0 4.2 0.2 0 0 0 0 0 0 0 0 0 0 0 3.2 0 0 0 0 0 0 0 0 0 0 0 0 0 1.6 0 0 0 0.4 0.8 0 0.4 0.2 0 0 0 0.4 0 0 0 0 0 0 0 0 0 0 0 0 0 0 13.600000000000001 0 0 0 0 0 0 0 0 0 0 0 0 0 0 0 0 0 0 0 0 0 
 23.6 16.2 25.6 44.6 17.400000000000002 8.6 30.8 28.8 11.600000000000001 86.60000000000001 39.400000000000006 31.6 112.2 32.6 16.6 33.6 45 59 42 0 0 0 0 0.4 0 0.6000000000000001 15 0.8 0 1.4000000000000001 0.6000000000000001 0.2 0 0.6000000000000001 0.6000000000000001 0.4 0 0.2 0 0.2 0 0 0 0 0 0 0 0.4 1.6 0.6000000000000001 0 0.2 0 0.6000000000000001 0 0.6000000000000001 0 0.6000000000000001 1 0 0.6000000000000001 0 0 0.6000000000000001 0.8 0 0 0 0.4 0 0.6000000000000001 0 0 0 5 0 0 0 0 0 9.4 11 3.4000000000000004 0 1.2000000000000002 0 8.200000000000001 1.4000000000000001 3 7.2 5 3.4000000000000004 7.6000000000000005 3.2 4.6000000000000005 9.200000000000001 0 3.8000000000000003 4.800000000000001 12.200000000000001 0 0 0 0 0 0 0 0 0 0 0 0 0 0 8.6 0 0 0 0 0 0 0 0 0 0 0 0 0 0 0 0 0 0 0 0 0 0.2 0 0 0 0.2 0 0 1.2000000000000002 0 0 0 0 0 0 0 0 0 0 0 0 0 0 0.8 0 0 2.8000000000000003 2 3.8000000000000003 0 0 1.6 3.8000000000000003 0 4.800000000000001 3.6 0.2 3.6 6.2 3.4000000000000004 7.2 3.2 2.2 0.2 8 0 0 0 0 0 0 0 0 0 0 0 0 0 0 0 0 0 0 0 0 0 0.4 0 0 0 3.8000000000000003 0 0 0 0 0 0 0 0 0 0 0 0 0 0 0 0 0 0 0 0 0 0 0 0 0 0 0 0 0 0 0 0 0.2 0 0 0.8 0 0 0 0.2 17.400000000000002 0.4 1 17.6 0 1.4000000000000001 0 0 0 0 0 0 0 0 0 0 0 0 0 0 0.4 0 0 0 0 0 0 0 0 0.4 0 0 0 0 0 0 0 0 0 0 0 0 0 0 
 0 0 0 19.400000000000002 12.200000000000001 14.600000000000001 0 0 0 1.2000000000000002 24.200000000000003 0 0 0 14.8 0 0 12.600000000000001 0 0 0 49.6 22.6 8.200000000000001 49.800000000000004 8 34.6 13 52 9.8 47.6 18 73 11.600000000000001 42.2 10 3.6 6.4 24.8 40.2 0 0.2 0 0 0 0 0 0.6000000000000001 0.4 0.6000000000000001 0 0 6 0 40.800000000000004 0 0 0 0.6000000000000001 0 0 0 0 0.6000000000000001 0 0 0 0 0 0 0 0 0 0 0 0 0.4 0.2 0.2 10.200000000000001 0.4 0 0 0 0.4 0.2 0 0 0 0 0 0 0 0 0 0 0 0 0 3.8000000000000003 0 6.4 6 0 1.4000000000000001 1.8 5.4 2.6 0.2 0 0 2.6 4.2 4.800000000000001 0 1.8 0 0 7.4 0.6000000000000001 0 0 0 0 0 0 3 0 0 0 0 0 0 0 0 0 0 0 0 0 0.2 0 0 0 0.2 0 0 0 0 0 0 0 0 0 0 2.2 0.2 0 0 0 0.4 0 0 4.2 0 5.2 1 0 7 0 0 0 0 0 1 0 0 0 0 0 2 3.6 8.200000000000001 6.4 3 2.2 0 1.4000000000000001 0.4 4.6000000000000005 2.2 1.8 2.6 7 2.2 5.2 0 6 0.2 2.4000000000000004 0 0 0 0 0 0 0 0 0 0 2.4000000000000004 0 1.6 0 0 0 0 0 0 0 1.4000000000000001 0 0 0 0 0 0 0 0 0 0 1.2000000000000002 0 0 0 0 0 0 0 0.4 0 0 0 0 0 0 0 0 0 0 2.4000000000000004 0 0 0 2 0.4 0.4 15.200000000000001 0 0 0.4 0.4 0 0 0 0 0 0 0 0 0 0 0 0 0 0 0.4 0 0 0 0 0 0 0 0 0 2 0 0 0 
 0 0.4 0.2 14.8 7 14.8 0.4 0 0 0 15.4 7.2 0 0 0 0.2 0 1.8 0 0 49.6 0 131.4 35.4 10.600000000000001 13 48.2 17.8 43.800000000000004 9 5.4 35.2 26.8 12.8 35.800000000000004 31.6 66.4 9.4 31.400000000000002 24.6 0 0 0 0 0 0 0 0.4 0 0.4 0 0 0.2 0 0 0 0 0 0.8 0 0 0 0 0.6000000000000001 0.6000000000000001 0 0 1 0 0 0.2 0 0 0 0 9.4 0.4 0 0 0 2.8000000000000003 0 0 0 0 0 0 0 0 0 0.4 0 0 0 0 0 0 0 0 0 8 6 0 0.4 5.4 3.6 3.2 4.6000000000000005 2.2 0.6000000000000001 4.4 0 3.8000000000000003 3 0 3.6 4.800000000000001 2.4000000000000004 4.6000000000000005 2.8000000000000003 0 0 0 0 0 0 0 0 0 0 0 0 0 2.2 0 0 0 0 7.800000000000001 0.6000000000000001 0 0 0 0 4.4 0 0 0 0.4 0 0 0 2.6 0 0 1.2000000000000002 0 0 0 0 0 0 0 0 0 0.2 0 2 0 0 0 0 0 0 0 0 2.2 0 0 0 0.4 0 9 4.4 2.4000000000000004 0.4 0 2.6 2 0.6000000000000001 7.800000000000001 10.8 2.6 0 3.6 1.2000000000000002 5.6000000000000005 7.2 0.2 0 0 0 0 0 0 0.2 0 0 0 0 3.6 1 0.2 3.6 0 0 0 0 1.6 4.4 0 0 0.4 0 0 0 0 0 0 0.2 0 0 0 0 0 0 0 0 0 0 0 0 2 0 0 0 0 0 0 15.200000000000001 0 0 0 0 3.4000000000000004 0 0 8.200000000000001 0.2 0 0 0.4 0 0 0 0 0 0 0 0 0 0 0 0 0 0 0 0 0 0 0 0 0 0 0 0 4.4 0 0 0 
 0 0 0.4 0.8 15.600000000000001 19.200000000000003 0.2 0 0 0 0 0 0 0 0.6000000000000001 0 0 0 0 0 22.6 131.4 0 33.4 9.8 28.6 36.800000000000004 38.2 31.8 48.400000000000006 8.6 19.8 73.2 25 18.6 52.6 11.600000000000001 26.200000000000003 30.200000000000003 51 0 0 0 0 0 0 0 0.6000000000000001 0 0.6000000000000001 0 0 0 0 0 0 0 0 12.600000000000001 12.4 0 0 0 0.6000000000000001 0 0 0 0.8 0 0 0 0 0 0 1 0 0.4 0 0 0 0 0 0 0 1.6 0 0 0 0 0 0 0 7 0 0 0 0 0 0 0 1.6 2.6 10.200000000000001 0 1.6 4 3.8000000000000003 10 0 4.4 6.800000000000001 7 2.4000000000000004 3.6 0 2.2 1.2000000000000002 13.200000000000001 1.6 2.4000000000000004 0 0 2.2 0 0 0 0.2 0.2 0 0 0 0.2 0 1.4000000000000001 0 0 0 0 8 0.2 0 0 0 0 0 0 0 0 0 0 0.4 0 3.6 0 0 0.4 0 0 0 0 0 0 0 0 0 0 0 1.8 0 0 0 0 0 0 0 0 0 0 0 0 0 11.4 3.6 2.8000000000000003 3 0 0.6000000000000001 4.2 0 3.6 2 2.8000000000000003 0 5.2 2.4000000000000004 2 3.2 5.2 0 0 0 0 3.2 0 0 0 0 1.6 0 0 0 0 0 3.4000000000000004 1.4000000000000001 1.8 0 0 8.6 6.2 0 0 0 0 0 0 0 0 0 0 0 0 0 0 0 0 0 0 0 0 0 0 2.8000000000000003 0 0 0 0 0 0 0 0 0 0 0.4 5.6000000000000005 0 0 0 0.4 0 2.8000000000000003 0 0 0 0 0 0 0 0 0 0 0 0 0 0 0 0 0 0 0 0 0 0 0 0 0 0 0 0 0 
 0.6000000000000001 0.4 0.4 0.4 0.4 0.4 0.4 0.4 0.4 0.4 0.4 0.4 0.4 0.4 1.2000000000000002 0.4 0.4 0.4 0.4 0.4 8.200000000000001 35.4 33.4 0 20.6 4.800000000000001 19.6 63.400000000000006 22.8 32 18.2 9.8 74.8 14 26.6 24 38.400000000000006 52.400000000000006 10 13.8 12.600000000000001 0 0 0 0 0 4.800000000000001 0.4 0 0.4 0 0 0.2 0.2 0 0 0.2 0 0.6000000000000001 5.6000000000000005 0 0 0 0.6000000000000001 0 0 0 0 0 0 0 0 0 0.8 0 0.2 0.4 0 0 0.2 0 0 0 0 0 0 0 0 0 0 0 0 0 0 0 0 0 0 0 0 0 0 0 2.6 5.2 4.800000000000001 0 0 2.2 0 12.600000000000001 1.8 0 0 2.4000000000000004 0 0 3.4000000000000004 0 0 0 0 0 0 0 0 0.2 7.6000000000000005 0 1.8 0 0 0 10.200000000000001 4.6000000000000005 0 0 1.4000000000000001 3.4000000000000004 5.2 0 0 0 0 0 0 0 0 0 0 0 0 0 0 0 0 0 0 0 0.8 0 1.4000000000000001 0 0 0 0 0 0 0 0 2 0 0 0 0 0 0 0 0.2 0 0 2.6 0 1.4000000000000001 3.2 2.4000000000000004 0 0 1.4000000000000001 0 0 0 0 1.4000000000000001 2 0 4 0 0 0 0 0 0 0 0 0 3.6 0 2.8000000000000003 0 0 0 1.8 2.2 0 11.600000000000001 0 0.2 1.8 0.4 0 0 0 0 0 0 0 0 0 0 3.4000000000000004 0 0 0 0 0 0 0 0 0 0 0 2.6 0 0 0 0 0 0 0 0 0 0 0 1.2000000000000002 0.2 0 16 0.8 0 0.2 2.2 0 0 0 0 0 0 0 0 0 0 0 0 0 0 0 0 0 0 0 2.8000000000000003 0 0 0 0 0 0 0 0 
 0 0 0 0 0 0 0 0 0 1.2000000000000002 0 0 0 0 0.4 0 0 0.4 0 0 49.800000000000004 10.600000000000001 9.8 20.6 0 74 12.200000000000001 33.800000000000004 38.2 45.400000000000006 141.6 23.6 16 31.8 49.6 48.6 20 14.600000000000001 13.200000000000001 14 5.800000000000001 5.4 0 0 0 0 12.4 1.6 0 0.6000000000000001 0 0 4.2 0 14.4 0 0 0 12.8 0 0 0 0 0.6000000000000001 0 0 0 0 0 0 0 0.2 0 0 0 0 1.6 0 0 0 0 0 0 0 3.8000000000000003 0 0 0 0 2.4000000000000004 0 0 0 0 0 0 0 0 0 0 0.6000000000000001 0.2 0 0.2 2 1.6 0 3.4000000000000004 0 4.4 2 3.2 0 0 11.600000000000001 6 1.4000000000000001 3.8000000000000003 0 0 5 3.6 2 4 0 0 6.2 0 6.6000000000000005 0 1.6 0 4.6000000000000005 7 0 0 1.8 2.8000000000000003 1.4000000000000001 4 0 0 0 0 0 0 0 0 4.4 0 0 0 0 0 0 0 0 0 0 0 0 0 0 0 0 0 0 0 0 0 0 0 0 0 0 0.6000000000000001 0 0 0 0 0 2.4000000000000004 0 0 4.800000000000001 8.8 0 0 4.6000000000000005 0 5.2 6 0 0 2 1.8 8.6 4.800000000000001 0 0 0 4 0 0 0 0 2.8000000000000003 0 0 2.8000000000000003 0.2 4 2.4000000000000004 0 0 4 13.8 0 1.2000000000000002 4.6000000000000005 0 0 0 0 0 0 0 0 0 0 0 0 0 0 0 0 0 0 0 0 0 0 2 0 0 0 0 0 0 0 0 0 0 0 0.8 1 0 16.6 2.2 2 0.2 0.8 0 0 0 1.6 0 0 0 0 0 0 0 0 0 0 0 0 0 1.8 0 7.4 0 0 0 2.4000000000000004 0 0 0 0 
 0.6000000000000001 0.4 1 0.4 0.6000000000000001 0.4 0.4 0.6000000000000001 0.4 0.4 0.6000000000000001 0.6000000000000001 1 0.6000000000000001 0.4 0.4 0.6000000000000001 2.2 0.4 0.6000000000000001 8 13 28.6 4.800000000000001 74 0 24 13.4 21.6 73.8 44.400000000000006 29.6 7.800000000000001 12.8 7.4 16.8 9.8 13.200000000000001 13 10 12.8 12 0 0 0 0 0.2 0.4 0 1 12.4 0 12.600000000000001 0.6000000000000001 27.200000000000003 0 12.600000000000001 0.4 13.200000000000001 0 0 0 0 0.6000000000000001 0 0.4 0.6000000000000001 0 1 0 0 0 0 0 0.6000000000000001 0 0.4 0 0 0.4 0 0 0 0 0 0 0 0 0 0 0 0 0 0.2 0 0 0 0 0 0 0 0 0 0.2 6.2 0 0 0 0 1.8 0 6.4 0 0 0 0 0 0 0 0 4 5.4 2 1.6 0 0 8.6 6.6000000000000005 10.8 2.2 2.8000000000000003 0 11 4.4 2 0.4 5.6000000000000005 3.8000000000000003 1.8 4.4 0 0 0 0 0 0 0.4 0 0 0 0 0 0.4 0 0 0 0 2.8000000000000003 3.6 0 0 0 0 1.8 0.4 0.2 0 0 0 0 0 0 0 0 0 7 0 0 0 0 0 6.800000000000001 0 0 0 4.6000000000000005 0 0 1.8 0 0 4.6000000000000005 2.8000000000000003 0 0 0 3.2 5.6000000000000005 0 0 0 3.6 7.2 0.4 0 0 3.4000000000000004 2.2 3 6.4 2 0 0 0 3.6 2.6 3.2 2.8000000000000003 0 2.4000000000000004 0 2.6 0 0 0 0 2 0 0.4 0 0 0 0 0 0 0 0 0 3.2 0 0 0 0 0 0 0 0 0 0 0 0 0 0 0 2 0.8 0.2 0 1.6 2.8000000000000003 0 0.2 0 0 0 0 3.6 0 0 0 0 0 0 0 0 0 0 0 0 1.8 0 0 6.2 0 0 2.6 0 0 0 0 
 0 0 6.800000000000001 33.800000000000004 46.400000000000006 32.800000000000004 0 0.2 7.6000000000000005 15.200000000000001 12.8 14.600000000000001 0.4 0 0 12.4 15.200000000000001 12.4 0.4 15 34.6 48.2 36.800000000000004 19.6 12.200000000000001 24 0 22 28 11 50.800000000000004 23.200000000000003 56 25.6 23.400000000000002 9.600000000000001 62.2 71.8 33 11.200000000000001 0 0 0.2 0 0 0 0 0.4 0 0.4 0 0 0 0 0 1.2000000000000002 0 0 0.6000000000000001 0 0 0 0 1.2000000000000002 0 0 0 0 0 0 0 0 0 0 0 0 0.4 0.2 0 0 0 0 0 5.2 0.6000000000000001 2.6 0 0 0 0 6 5.6000000000000005 0 0 0 0 6.800000000000001 3.6 0 0 5 0 0 0 1.2000000000000002 0 5.2 1.6 0 0.2 3.2 0 7.2 0 3.2 1.8 0 0 1.4000000000000001 1.6 0 0.4 0 0 0 0 0 0 0 0 0 0 0 0 0 0 4.6000000000000005 0 0 0 0 0 0 0 0 0 0 0.4 0 0 0 0.6000000000000001 0 0 0.4 0 0 0 0 0.4 0 2.4000000000000004 0 1.6 0.6000000000000001 3 0.2 0 0 0 0 1.4000000000000001 0 4.2 2.2 0 2 1.6 0 0 0 0 2 0 1.2000000000000002 0 5.4 0 1.2000000000000002 0 4.6000000000000005 2.4000000000000004 10 0 2.2 1.6 0 2.2 0 5.4 4.800000000000001 0 3 0 0 0 0 0 0.4 0 2.8000000000000003 0 0 0 0 0 0 0 0 0 0.2 0 0 0 0 0 0 0 0 0 0 0 0 0 0 0 0 0 0 0 0 0 0 0 0 0 14.600000000000001 0 0 4.800000000000001 0 0 0 0 2.2 0.4 0.4 4.4 0 0 0 0 0 0 0 0 0 0 0 0 0 0 0 0 0 0 0 0 0 0 0 0 0 0 0 0 2.6 0 0 0 
 0.8 0.6000000000000001 0.8 5 0.6000000000000001 8 0.6000000000000001 0.6000000000000001 0.6000000000000001 0.6000000000000001 0.6000000000000001 0.6000000000000001 0.6000000000000001 0.6000000000000001 0.8 0.8 0.6000000000000001 0.8 0.6000000000000001 0.8 13 17.8 38.2 63.400000000000006 33.800000000000004 13.4 22 0 61 9.600000000000001 23.8 6.6000000000000005 39.2 124.4 20.400000000000002 16.6 83.2 36 9.8 19 0.4 0 0.4 0 0.4 0.6000000000000001 0 0.6000000000000001 0 0.6000000000000001 0 0 0.2 0 0 0 6 0 0.4 0.4 0 0 0 0.6000000000000001 0.4 0 0.2 0 0 0.6000000000000001 0 0 0 0 0 0 0.8 0 0 10 0 0 0.4 0 2.2 0.4 0 0 0 0 0.2 0 0 0 0 0 4 0 0 0 4.4 6.800000000000001 7.800000000000001 14.200000000000001 2.4000000000000004 1.4000000000000001 0 3.6 0.4 9 0 7 0 0 0 7.4 11 4.4 0 0 0 0 0 0 0 0 0 0 0 0.4 0.4 0 0 0 0 0 0.2 0 2.4000000000000004 0 0.8 0 0 0 0 0 0 0 0 0 0 0 0 0 0 0.4 0 0 0 0 0 0 0 0 3.8000000000000003 2.2 0 0 0 0 0 0 0 0 0 0 0.2 0 0 0 2.2 0 3.4000000000000004 0 0.6000000000000001 1.8 4.800000000000001 3 2.6 4.2 2.8000000000000003 1.8 0.4 1.2000000000000002 3.6 7.800000000000001 0.4 6.6000000000000005 0.2 6.2 0 0 0 0 0.2 0 0 9.600000000000001 0 0 0 0 0.2 6.800000000000001 0 0 0 0 2.6 1.8 0 0 0 0 0 0 0 0 0 0 0 0 0 0 0 0 0 0 0 0 0 0 0 0 0 0 15.8 0 0 0 0 0 0 0 2.8000000000000003 0 0.4 16.400000000000002 15.600000000000001 0 2.8000000000000003 0 0 0 0 0 0 0 0 0 0 0 0 0 0 0 0 0 0 0 0 2.2 0 0 0 0 0 0 0 0 
 0 0 0.2 14.4 15 0.4 0 0 5.800000000000001 0.2 0.4 14.4 0 0 1 0 0 0 0 0 52 43.800000000000004 31.8 22.8 38.2 21.6 28 61 0 35.4 43 22.6 19.8 29.400000000000002 34.800000000000004 28.6 52.800000000000004 11.8 20.200000000000003 13.600000000000001 0 0 0 0 0 0 0 0.6000000000000001 0 0.6000000000000001 0 0 0.4 0.2 0 0 0 0 19.8 20.400000000000002 0 0 0 0.6000000000000001 0 0 0 0 10.600000000000001 0 0 0 0 0 0 0 0.4 0 10.200000000000001 0 0.4 0 0 0 0.4 0 0 0 0 0 0 0 0 0 0 0 0 0 0 0 2.4000000000000004 0 0 4.6000000000000005 2 4.6000000000000005 2.2 2.2 0 2.4000000000000004 6.6000000000000005 6 0 0 1.4000000000000001 0 1.6 4.2 1.2000000000000002 1.8 3.2 0 0 0 0 0 7.2 2.2 0 0 0 0 0 15 0 0 0 0 8.4 0.8 0 0 0 0 0 0 0 0 0 0 0 0 0 0 0 0 0 0 0 1 0.4 0 0 0 0 0 0 1.4000000000000001 0 0 0 0 0 0 0.4 0 0.4 0 0 0 1.4000000000000001 9.200000000000001 0 4.800000000000001 2 9 0 2.4000000000000004 4.800000000000001 0 0 4.2 0 0.4 1.8 0 13.4 4 3 0 0 0 0 0 0 0 4.6000000000000005 3.6 0 0 0 0 3.6 3.6 0 0 0 0 2.4000000000000004 6.6000000000000005 0 0 0 0 0 0 0 0 0 0 0 0 0 0 0 0 0 0 0 0.4 0 0 0 0 0 0 0 0 0 0 0 0 0 0 1.8 0.2 0 15.8 15.4 0 0 2.4000000000000004 0 0 0 0 0 0 0 0 0 0 0 0 0 0 0.4 0 0 1.8 0 3.4000000000000004 0 0 0 3.2 0.2 0 0 0 
 0.6000000000000001 0.6000000000000001 0.6000000000000001 0.6000000000000001 0.8 1.2000000000000002 0.6000000000000001 0.6000000000000001 15.4 1.4000000000000001 0.6000000000000001 0.6000000000000001 0.6000000000000001 0.6000000000000001 0.6000000000000001 0.6000000000000001 0.6000000000000001 0.6000000000000001 0.6000000000000001 1.4000000000000001 9.8 9 48.400000000000006 32 45.400000000000006 73.8 11 9.600000000000001 35.4 0 50.400000000000006 49.2 26.6 36.6 22.6 34.4 100.4 39.6 16.8 17.2 0.2 0 0 0 0 0 0.2 0.4 0 0.6000000000000001 0 0.2 0.4 12.600000000000001 0 0 0.2 0 23.400000000000002 10.600000000000001 0 0 0 0.6000000000000001 2.2 0.4 0 1.4000000000000001 0 0 0 0 0 0 0 0 0.4 0 0 0 0 0 0 0 2.6 0 0 0 0 0.2 0 0 0 0 0 0.2 0 0 0 0 0 5.2 3.6 4 10.4 1.8 2 6.6000000000000005 5.2 4 3.4000000000000004 7.2 0 3.2 0 2 3.6 10 0 0 1.4000000000000001 0 4.4 0 0 0 7.2 0 0 0 0 0 0 0 0 0 0.2 0 3.8000000000000003 13.200000000000001 0 0.4 0 0 0 0 0 0 0 0 0.4 0 0 0 0 0 0 0 0 0 0 0 0 0 0 0 0 0 0 0 0 0 0 0 0 0 0 0 0 0.2 0 5.4 0 2 1 0.2 0 4 2.8000000000000003 3.4000000000000004 5 5.6000000000000005 0 4 4.800000000000001 6.2 3.2 3 0 0 6 0 0 0 0 0 6 3.6 0 0 0 0 0 2 0.8 0 0 0 8.4 3 0 0 0 0 0 0 0.4 0 0 8 0 0 0 0 0 0 0 0 0 0 0 0 0 0 0 0 0 0 0 0 0 0 0 0.4 1.8 0 0.2 0.6000000000000001 0 1 3.6 0 0 0 0 0 0 0 0 0 0 0.2 0 0 0 0 0 0 0 0 0 0 0 0 0 2.8000000000000003 0 0 0 0 
 0.4 0.8 0.8 0.4 0.8 0.4 0.4 0.4 0.4 0.4 0.4 0.4 0.4 0.4 1.6 0.6000000000000001 0.4 0.4 0.4 0.6000000000000001 47.6 5.4 8.6 18.2 141.6 44.400000000000006 50.800000000000004 23.8 43 50.400000000000006 0 25.6 24 39 99.60000000000001 47.6 45.6 74.60000000000001 11 6.6000000000000005 0.6000000000000001 0 13.600000000000001 0 0 0 0 0.4 0 0.6000000000000001 0 0 0.2 0 0 0 0.6000000000000001 0 0.8 0 0 0 0 0.6000000000000001 0 10.200000000000001 0.4 1 0 0 0.4 0 0 0 0 0 0.4 0 0.2 0 0 0 0 0.4 0 0.2 0 0 0 0 0 0 0 0 0.2 0 0 0 0 0 0 2.4000000000000004 0 0.2 4.6000000000000005 3 0 2.6 3 3.8000000000000003 4.800000000000001 5.800000000000001 0 3 1.4000000000000001 7 2 6.800000000000001 0 0 0 0 0 0 0 0 3.8000000000000003 0 0 0 0 0 0 5.800000000000001 0 0 0 0 1 2.8000000000000003 0 0 0 0 0 0 0 0 0 0 0 0 0 0.4 0 0 0 0 0 0 2 0 0 0 0 0.2 0 0 1.4000000000000001 0 0 0.2 0 0 0 0 0 0 0 0 2.2 11.8 4.4 0 3.8000000000000003 11 0 0 10 0.2 9.200000000000001 1.8 0 3.8000000000000003 9.200000000000001 5.4 9.600000000000001 12.200000000000001 0 0.2 0.4 0 1.2000000000000002 0 0 0.2 2 0 0 0 0 0 0 0 0 0 0 0 1.6 5.4 0 0 0 0 2.8000000000000003 0 0 0 0 0 0 0 0 0 0 0 0 0 0 0 0 0 0 0 0 0 0 0 0 0 0 0 0 0 61.800000000000004 0.2 0 15.8 0.4 0.4 0.8 0.4 0 0 0 0 0 0 0 0 0 0 0 0 0 0 0 0 0 0 0 2.4000000000000004 0 0 0 0.4 0 0 0 0 
