 0 45.800000000000004 37.800000000000004 10 24.200000000000003 6.800000000000001 19.200000000000003 29 27.400000000000002 8.200000000000001 22.6 7.2 17.6 30.400000000000002 48.400000000000006 5.800000000000001 28 24.200000000000003 55.6 8.8 0 0.4 0 0 0.4 0 0 0.2 0 0.4 0 0.8 0 0 0 0 0 0 0 0 0 1 0.6000000000000001 0.8 0.4 0.6000000000000001 0.6000000000000001 0 0 0.2 0.6000000000000001 0.4 0 0 0 0 0 0 14.200000000000001 0 0 0 0 0.6000000000000001 0 0 0 0.6000000000000001 0.6000000000000001 0.4 0.6000000000000001 0 0 0 0 0 0 0 0 0 8 0 4.800000000000001 0 1.8 3.6 3.4000000000000004 10.4 0.2 3.2 0 5.6000000000000005 5.2 0 2.4000000000000004 3.8000000000000003 3.6 1.8 0 1.6 0 0 0 0 0 0 0 0 0 0 0 0 5 0 0 0 0 0 2.4000000000000004 0 0 0 0 0 0 0 0 0.8 0 0 0 0 0 0 0 0 0 0 0 0 0 0 0 0 0 0 0 0 0 0.8 0 0 3.8000000000000003 0 0 0 0 0 0 0 5.2 5 0 0 3.2 0 3.4000000000000004 0 3.4000000000000004 0.4 0 2.4000000000000004 0.8 0.2 5.4 0 5 2.2 0 0 0 0 0 0 0 0 0 0 0 0 0 0 2.8000000000000003 0 0 0 0 0 5.6000000000000005 0 0 0 2 0 0 0 0 0 0 0 0 0 2 1.6 0 0 0 0 0 0 0 0 0 0 0 0 0 0 0 0 0 0 0 0 0 0 0 0 0 0 0 0 0 0 0 0 0 0 17.400000000000002 9.200000000000001 2.6 1.2000000000000002 0 0 0.2 0 0 0 0 0 0 0 0 0 0 0 0 0 0 0 0 0 0 0 0 0 1.4000000000000001 1.8 0 0 0 0 0 0 0 0 0 0 0 0 
 45.800000000000004 0 63.800000000000004 31.200000000000003 20.400000000000002 26.8 13.8 17.8 73 44.800000000000004 64 64.8 76 39.400000000000006 110.80000000000001 26.8 87.2 42.6 8.6 4.6000000000000005 0 0.8 0.4 0 0.2 0 0 0.4 0 0.4 0.2 0.6000000000000001 12.4 0 0 0 0 0 0 0 0 0.4 0.4 0.8 0.4 2 0.6000000000000001 0.4 0 0 0.6000000000000001 0.4 0 0 0 0 0 0 0.6000000000000001 0 0.4 0 0 0.6000000000000001 0 0.4 0 0.6000000000000001 0.6000000000000001 2.4000000000000004 0.6000000000000001 0 0 0 0 0 0 0 0 0 6.4 1.8 6.6000000000000005 1.4000000000000001 3 0.4 2 2.2 2.2 1.6 0 6.800000000000001 2.2 0 2 5.6000000000000005 6.2 3.4000000000000004 0 3.2 0 0 0 0 0 0 0 2.4000000000000004 0 0.4 0 0 3 0 0 0 2.4000000000000004 0 6.6000000000000005 1.8 0 0 0.2 0 0 0 0 0 0 0 0 0 0 0 0 0 0 0 0 0 0 0 0.4 0 0 0 0 0 0 2 0 0.2 0.4 0 0 0 0 0 0 0 0.2 7.2 0 4.4 1.8 0 1.4000000000000001 3 4.800000000000001 2 3.6 0 3 0.2 5.6000000000000005 2.4000000000000004 2.8000000000000003 5.2 3.8000000000000003 0 0 0 0 0 0 0 0 2 0 0 0.2 0 5 0 0 0 0 0 2.2 3 0 0 0 0 0 0 0 0 2.2 0 0 0 0 0 0 0.4 0 0 0 0 0 0 3.8000000000000003 0 0 0 0 0 0 0 4.800000000000001 0 0 0 0 0 0 0 0 0 0 0 0 0 0 0.4 0.4 0 0 0.2 0 3 1.2000000000000002 0 0 0 0 0 0 0 0 0 0.2 0 0 0 0 0 0 0 0 0 0 0 0 0 0 7.4 0 0 0 0 0 0 0 0 0 0 0 0 
 37.800000000000004 63.800000000000004 0 20.400000000000002 35.2 7.4 83.2 50.2 23 16.2 18.400000000000002 26.6 35.2 33 12 77.4 29.8 69 35.4 16.400000000000002 0 0.4 14.8 0 0.2 0 1.8 0 0 0.8 0.2 0.2 0 14.8 0 0 0 0 15.600000000000001 0 0 0 0.6000000000000001 1.4000000000000001 0.4 0.6000000000000001 0.6000000000000001 0 0 0.2 0.6000000000000001 0.4 0 0.8 0 0.4 0 0 0 0 0 0 0 0.2 0 0.4 0 0.6000000000000001 0.6000000000000001 0.4 0.6000000000000001 8.200000000000001 0 0 0 4.800000000000001 0 0 0 0 0 9.4 4.4 8.8 2.2 2.6 1.6 6 5.2 3.4000000000000004 0.8 0 2.4000000000000004 0 2 6.4 4.6000000000000005 0.2 11 4.6000000000000005 0 2 0 0 0 0 7.4 0 0 0 0 0 0 0 0 3.2 0 0 2 7.2 0 0 0 0 0 0 0 0 4.4 0 0 0 0 0 0.4 0 0 0 0 0 0 0 0 0 1.8 0 3.8000000000000003 0.2 0 0 0 0 0 0 0 0 8.8 0 0 1.2000000000000002 3.8000000000000003 3.6 5.4 2.6 0 0 2.8000000000000003 4.6000000000000005 0.8 7.4 4.6000000000000005 3 0 2 0 5.6000000000000005 2 2.4000000000000004 0 0 0 0 0 0 0 0 2.6 0 0.8 0 0 0 2.2 6.6000000000000005 0 0 0 0 0 0 0 0 0 0 0 0 0.4 0 0 0 0 0 0 2.6 0 0 0 0 0 0 0 0 0.2 0 0 0 0 0 0 0 0.4 0 0 0 0 0 0 0 0 0 0 2.8000000000000003 0 0 0 0 0 0 0.2 0 0 1.8 0 0 0 0 0 0 0 0 0 0 0 0 0 0 0 0 0 0 0 0 0 0 0 1 0 0 0 0 0 0 0 0 0 0 0 0 0 0 
 10 31.200000000000003 20.400000000000002 0 108.60000000000001 49.800000000000004 34.800000000000004 34.6 48.6 22.8 11.200000000000001 66.4 33.4 37.800000000000004 22.8 50 98.80000000000001 48.6 19.400000000000002 31.200000000000003 0 0.4 0.4 0 0.4 0 0 0 0 0.8 0 0.4 7.4 14.8 0 0 0 0 0.4 30.400000000000002 0 0 0.6000000000000001 2 0.4 0.6000000000000001 0.6000000000000001 0.2 0 0 0.6000000000000001 0.4 0 1.4000000000000001 0 0.2 0 0 0 0 0.2 0 0 0.6000000000000001 0 0 0 0.6000000000000001 0.6000000000000001 0.4 0.6000000000000001 0 0 0 0 0 0 0 0 0 0 0 5.800000000000001 9.200000000000001 6 0.2 5.2 0.2 13.600000000000001 2.6 1.8 3.4000000000000004 0 0 3.4000000000000004 4.2 0 6.2 0 0 4 2.8000000000000003 0 0 0 0 6.6000000000000005 2.4000000000000004 0 0 0 0 6 0.2 0 0 0 0 3.6 3.4000000000000004 0 0 0 0 0 0 0 0 0 0 0 0 0 0 0 0 0 0 0 0 0 0 0 0 0 3.8000000000000003 0 0 0 0.8 0 0 0 0 0 0 0 0 0 0 0.2 6.6000000000000005 6.2 0 0.2 6.2 0 3.2 3.4000000000000004 3 3.4000000000000004 4 0 0.6000000000000001 0 2.8000000000000003 0 0 0 4.2 0 0 3.2 0 0 0 0 10 3 0 0 0 3.8000000000000003 1.8 0 1.8 2.8000000000000003 0 4.6000000000000005 4.2 0 1.8 0 0 0 0 0 0 0 0 0 0 0 0 0 0 0 0 0 0 0 0 0 0 0 0 0 0 0 0 0 0 0 0 0 0 0 0 0 0 0 3 0 0 0 0.8 0.2 0.4 0.4 10.4 0 2 0 0 0.2 0 0 0 0 0 0 0 0 0 0 0 0 0 0 0 0 0 0 0 0 0 0 2 0 0 0 0 0 0 0 0 0 0 0 0 
 24.200000000000003 20.400000000000002 35.2 108.60000000000001 0 57.400000000000006 54 106 26.200000000000003 50.6 30.8 70.2 85.80000000000001 15.200000000000001 32.2 104.60000000000001 40 13.4 10.200000000000001 10 15 0.4 15 0 0.8 1.2000000000000002 15 0 0 0.4 0.6000000000000001 1 0.2 7.800000000000001 0.4 13.4 0.8 0.6000000000000001 15 16 0 0.4 0.6000000000000001 1 0.4 1.4000000000000001 0.6000000000000001 0 0.6000000000000001 0 1.2000000000000002 0.8 0 2.2 0 0.4 0.6000000000000001 1 0 0 0 0 0.8 0.8 0 0.8 0 1.4000000000000001 0.6000000000000001 0.4 0.6000000000000001 0.2 0 0 0 0 0.4 0 0 0 0 0 5.800000000000001 5.6000000000000005 2.4000000000000004 2.8000000000000003 0 0.2 4.4 0 3.2 5 0 0 0 1.4000000000000001 4.2 0.6000000000000001 0 0 0 11.600000000000001 7.6000000000000005 0 0.4 0 8.200000000000001 0.2 0 0 0 0 9.8 4.800000000000001 0.2 6.2 2.8000000000000003 0 4.6000000000000005 0.4 0 0 0 0 0 0.4 0 0 0 0 0 0 0 0 0 0 0 0 0 0 0 0 0 0 0 0 0 0 0 0.8 0 0 0 0 0 0 0.4 0 0 0 0 0.4 0 0.2 0 11.600000000000001 0 0.2 5.6000000000000005 6 5 0 7 0 0 0 7.800000000000001 0.4 0 1.2000000000000002 2.6 0 2.8000000000000003 0 3.6 0 3.8000000000000003 1.8 2.4000000000000004 5 0 0.2 7.2 2.6 0 3.6 1.8 0 5 2.6 0 0 0 0 0 0 0 0 0 0.4 0 0 0 0 0 0 0 0 0 0 0 0 0 0 0 0 0 0 0 0 0 0 0 0 0 0 2.8000000000000003 0 0 0 0 0 0 0 0 0 0.2 0.4 0.4 19 0.8 1 0 0 0.2 0 0 0 0 0 0 0 0 0 0 0 0 0 0 0 0 0 0 0 0 0 3.8000000000000003 0.2 0 0 0 0 0 0 0 0 0 0 0 0 
 6.800000000000001 26.8 7.4 49.800000000000004 57.400000000000006 0 7 6 3.8000000000000003 8.4 17.400000000000002 39.800000000000004 7.2 6.6000000000000005 22 38.6 14 17.6 10.8 12.200000000000001 45.6 22 12.4 0.2 0.4 0 0.4 18.8 13 1 0 0.4 14.8 46.2 17 14 26.400000000000002 8 14.8 29.8 0 0 0.4 1 0.4 0.6000000000000001 0.6000000000000001 0 0 0 0.6000000000000001 0.4 0 0 0 0.2 0 0 0 0 0.2 0.4 0 0.6000000000000001 0 0 0 0.6000000000000001 0.6000000000000001 0.8 0.6000000000000001 0 0 0 0 0 0 0 6.6000000000000005 0 0 0 0 0.6000000000000001 0 3 0 0 0 0.2 2 11.4 0 0 2.8000000000000003 0 0 2.2 0 0 2.2 3.6 5.4 4.800000000000001 1.6 0 0.4 3 7 0 0 0 0 6.6000000000000005 3.4000000000000004 5.2 3.6 0 2 0 0 0 0 0 0 0 0 0 0 0 0 0 0 0 0 0 0 0 0 0 0 0 0 0 0 0 0 0 0 0 0 0 0 1.8 0 0 0 0 0 0 0 0 0.2 1.6 4.800000000000001 2.4000000000000004 0 3.2 1 6.4 3.8000000000000003 2.4000000000000004 1.2000000000000002 0 0 0 0 0.6000000000000001 0 1 7 0 5.6000000000000005 2.6 0.2 0 0.6000000000000001 8.6 2.2 0 0.6000000000000001 0 4 0 0 12.200000000000001 0 5.2 0 2 0 0 0 0 0 0 0 0 0 0 0 0 0 0 0 0 0 0 2.4000000000000004 0 0 0 0 0 0 0 0 0 0 0 0 0 0 0 0 0 0 0 0 0 0 0 0 0 0 0 1.2000000000000002 0 1.2000000000000002 0 0.2 0.6000000000000001 2.8000000000000003 0 0 0 0 0 0.2 0.4 0 0 0 0 0 0 0 0 0 0 0 0 0 0 0 0 0 0 0 4.4 0 1.6 0 0 0 0 0 0 0 0 
 19.200000000000003 13.8 83.2 34.800000000000004 54 7 0 21 74.8 5.4 66.60000000000001 23.6 88 53.6 29 5.4 32.2 24.200000000000003 74.8 42.800000000000004 1.2000000000000002 0.4 0 0 0.4 0 0 0 0 0.4 0 0.6000000000000001 0 0 0 0 0 14.8 0 0 0 0.6000000000000001 0.4 0.6000000000000001 0.4 0.6000000000000001 0.6000000000000001 0 3.2 0.4 0.6000000000000001 0.4 0 0.6000000000000001 0.6000000000000001 0 0 0 0 0 0.4 0 0 0.6000000000000001 0 0 0 0.6000000000000001 0.6000000000000001 0.4 0.6000000000000001 0 0 0 0 0 0 0 0 0 3.4000000000000004 3.2 3.8000000000000003 0 10.200000000000001 2.2 0.4 2.2 0.2 0 4.800000000000001 4 3 3 0 7.4 0 2 3 6.2 0 0 0 0 0 0 0 0 0 0 0 0 0 0 0 0 0 0 0 0 0 0 0 0 0 0 0 0 0 0 0 0 0 0 0 0 0 0 0 0 0 2 0 0 0 0 0 0 0 0.2 0 0 0 0 0 0 0 0 0 0 13.4 3 2.6 1.2000000000000002 3.8000000000000003 0 5.800000000000001 2.4000000000000004 0 0 0.2 3.2 0 2 6.4 3.8000000000000003 0.4 1.8 3.8000000000000003 5 0 0 2 0 0 0 0.4 0 0 2 0 0 0 0 0 0 0 0 0.4 0 0 0 1 0 5.2 0 0 0 0 0 0 0 0 5.4 0 0 0 0 0 0 0 0 0 0 0 0 0 0 0 0 0 0 0 0 0 0.4 0 0 0 0 0 0 0 0 0 0 0.6000000000000001 0.2 0 0 0 0.8 0 0 0 0 0 0 0 0 0.2 0 2.4000000000000004 0 0 0 0 0 0 0 0 0 0 0 0 0 0 0 0 0 0 0 0 0 0 0 0 0 0 0 
 29 17.8 50.2 34.6 106 6 21 0 44.2 21.400000000000002 48.2 13.600000000000001 41.6 58.800000000000004 14.8 51 43.6 30 64.60000000000001 21.400000000000002 0 0.4 0 0 0.2 0 0.2 0.2 0 0.4 0 0.8 15 0 0 0 0 0 41 0.6000000000000001 0 0 9.4 1.8 0.4 0.6000000000000001 0.8 0 12.600000000000001 0 0.6000000000000001 0.4 0 1 0 0.2 0 0 0 0 0 0 0 0.4 0 0.4 0 0.6000000000000001 0.6000000000000001 0.4 0.6000000000000001 0 0 0 0 0 0 0 0 0 1.4000000000000001 2.8000000000000003 4.6000000000000005 4.6000000000000005 1.4000000000000001 2.4000000000000004 6 3.2 14 10.4 0.4 2.6 9 0 4.4 7.2 4.6000000000000005 2.4000000000000004 2 0.2 0 0 0 0 0 0 4.800000000000001 0 0 0 0 0 0.4 0 0 0 0 0 2 2.4000000000000004 0 0 0 0 0 0 0 0 0 0 0 0 0 0 0 0.2 0 0.2 0 0 0 0 0 0 7.800000000000001 0 0 0 0 0 0 0 0 0 0 0 0 0 0 0 4 3.6 5.800000000000001 2.8000000000000003 2.8000000000000003 0 0 2.8000000000000003 1.4000000000000001 3.8000000000000003 2 3.6 0 4.2 0 6.6000000000000005 1.2000000000000002 4.6000000000000005 0.4 0 0 0 0 0 0 0 0 0 0 0 0 0 0.2 2.2 0 2.2 0 0 0.2 0 0 0 0 0 0 0 0 0 0 0 0 0 0.2 0 0 0 0 0 0 0 0 0 0 0 0 0 0 0 0 0 0 0 0 0 0 0 0 0 0 0 0 3 0 0 0 0.2 0 0.4 0.2 18.6 0 1.6 0 0 0 0 0 0 0 0 0 0 0 0 0 0 0 0 0 0 0 0 0 0 0 1.6 5.4 0 0 0 0 0 0 0 0 0 0 0 0 0 
 27.400000000000002 73 23 48.6 26.200000000000003 3.8000000000000003 74.8 44.2 0 42 38.2 29.200000000000003 40.800000000000004 38.800000000000004 32.2 39.2 45.2 28.6 21.400000000000002 29.400000000000002 0 0.4 14.8 0 0.6000000000000001 0 14.8 0 0 0.4 0.6000000000000001 0.4 17.6 0 0 0 0 0 16.2 15.200000000000001 0 0 0.6000000000000001 1.4000000000000001 0.4 0.6000000000000001 1 0.4 0 0 0.6000000000000001 0.4 0 0.4 0 12.4 0 0 0 0 0 0 0 13.8 0 1 0 0.6000000000000001 0.6000000000000001 0.4 0.6000000000000001 0 0 0 0.4 0 0.6000000000000001 0 0 0 0 0.2 2.8000000000000003 5.2 5.4 9.8 2.2 5 11.200000000000001 0.4 0.6000000000000001 3.8000000000000003 4.6000000000000005 0 2 0.2 4.4 3.8000000000000003 1.8 3 0 1.6 0.2 0 0 0 5.4 4.2 0 0 0.4 0 0 0 1.4000000000000001 3.2 0 0 0.4 5.800000000000001 0 0 0 0 0 0 0 0 0 0 0 0 0 0 0 0 0 0 0 0 0 0 0 0 0 0 0 0 0 0 0 0 0 0 0 0 0 0 0 0 2.2 2.6 0 4 0 3.2 2.8000000000000003 0 0 8.8 3.2 5 0 0 0 5.6000000000000005 1.4000000000000001 0 0 0 0 0 0 0 0 0 2.2 0.6000000000000001 0 0 0 0.8 4 2.8000000000000003 0 5.6000000000000005 0 0 0 2 0 0 0 0 0 0 0 0 3.4000000000000004 0 0 0 0 1.6 0 0 0 0 0 0 0 0 0 0 0 0 0.4 0 0 0 0 0 0 0 0 0 0 0 0 0 0 2.6 0 0 0 0.4 35.800000000000004 0 0.2 0 0 3 0 0 0 0 0 0 0 0 0 0 0 0 0 0 0 0 0 0 0 0 0 0 0 0 4 0 0 0 0 0 0 0 0 0 0 0 0 0 
 8.200000000000001 44.800000000000004 16.2 22.8 50.6 8.4 5.4 21.400000000000002 42 0 25.200000000000003 17.2 14.4 21.400000000000002 25.6 59.2 16.6 8.6 10.200000000000001 60.6 0 0.4 16.2 0 0.4 0 0 0 0.4 0.4 0.2 8 0 14.8 0 0 0 0 14.8 14.600000000000001 0 0 0.6000000000000001 0.8 0.4 0.6000000000000001 0.6000000000000001 0 0 0.4 0.6000000000000001 0.4 0 0 3 0.4 0 0 0 0 0 0 0 0.2 10.4 0.4 0 1 0.6000000000000001 0.6000000000000001 0.6000000000000001 0 0 0 0 0 0 0 0 0 0 0 2.6 4.2 8.8 0.4 2 0.2 1.4000000000000001 3.2 2.4000000000000004 4.4 0 0 4 4.800000000000001 8.6 8 0 0 0 7 0.2 0 0 0 6.6000000000000005 0.2 0 0 0 0 4.6000000000000005 0 0 2.8000000000000003 0 0 4 0.4 0 0 0 0 0 0 0.4 0 0 0 0 0 0 0 0 0 0 0 0 0 0 0 0 0 0 0 0 0 0 4.2 0 0 0 0 0 0 0 0 0 0 0 6.6000000000000005 3.4000000000000004 1.2000000000000002 0.2 5.2 0 0 5 3.8000000000000003 2 0 0 0 0.2 0 0 0 0 0 0 0 2.6 0 0 0 2 1.4000000000000001 2 0 0 0 7.6000000000000005 2.2 0 1.4000000000000001 3.4000000000000004 0 4.2 2.2 0 0 0 4.4 0 0 0 0 0.4 0 0 0 0 0 0 0 0.4 0 0 0 0 0 0 0 0 0 0.2 0 0 0 0 0 0 0.2 0 0 0 0 2 0 0 0 0 0 0 0.4 0.2 0 0.8 19 0 1 0.2 0 0 0 0 0 0.2 0 0 0 0 0 0 0 0 0.2 0 0 0 0 0 0 0 0 0 3.6 0 0 0 0 0 0 0 0 0 0 0 0 
 22.6 64 18.400000000000002 11.200000000000001 30.8 17.400000000000002 66.60000000000001 48.2 38.2 25.200000000000003 0 21.200000000000003 47.6 11.8 27 40.6 45 16 10.4 32 4.800000000000001 0.4 0 0 0.4 0 0 0 0 0.4 0.2 0.4 0 0.4 15.4 14.600000000000001 0 0 0 15 0 0 0.6000000000000001 0.6000000000000001 0.8 1.2000000000000002 0.6000000000000001 0 0 0 0.6000000000000001 0.4 0 0 0.4 0.2 0 0 0 0 0.2 0 0 0.6000000000000001 0 0.4 0 0.6000000000000001 0.6000000000000001 6.800000000000001 0.6000000000000001 0 0 0 0 0 0.6000000000000001 0.2 0 0 0.2 0.6000000000000001 5.800000000000001 0 4 0.8 6.2 7 4 6.2 2 5.6000000000000005 3.2 0 0.2 2.8000000000000003 3 11.4 0 4 0 0 0.4 0 0 0 2.8000000000000003 0.2 0 0 0 0 0 2.6 0 3.6 0 0 0 0 0.4 0 0 0 0 0 0 0 0 0 0 0 0 0 0 0 0 0 0 0 0 0 0 0 0 0 0 0 0 0.8 0 0 2.2 0 0 0 0 0 0 0 3.8000000000000003 2.2 4.2 0 0.4 6.800000000000001 3.8000000000000003 2.4000000000000004 0 1.6 0 6.6000000000000005 0 1.4000000000000001 0 3.8000000000000003 2.8000000000000003 2.2 0 3.6 3.6 0 3.2 0 0 0 3.6 0 0 0 0 0 1.8 0 0 0 0.2 0 2.6 0 0 0 0 0 0 0 0 0 0 0 0 0 0 2 0 0 0 0 0 0 0 0 0 0 0 0 0.2 0.2 0 0 0 0 0 0 0 0 0 0 0.4 0 0 0 0 0 0 0.4 0.2 0.4 0 0 0 2.6 0 0 0 0 0.4 0 0 0 0 0 0 0 0.4 0 0 0 0 0.4 0 0 0 0 0 0 0 2 0 0 0 0 0 0 0 0 0 0 0 0 
 7.2 64.8 26.6 66.4 70.2 39.800000000000004 23.6 13.600000000000001 29.200000000000003 17.2 21.200000000000003 0 7.2 20.400000000000002 20.200000000000003 42.400000000000006 77 34 7 5.800000000000001 5 0.4 15.600000000000001 0 0.4 0.4 5.800000000000001 15 15 15.4 0 0.4 0 0 0 14.8 21.200000000000003 0.2 0 22.200000000000003 0 0 0.4 0.8 0.4 0.6000000000000001 0.6000000000000001 0 0 5.6000000000000005 0.6000000000000001 0.4 0 0.2 0 0.2 0 0 0 0 0.2 0 0 0.6000000000000001 0 0.4 0 0.6000000000000001 10.200000000000001 1.2000000000000002 0.6000000000000001 0 0 0 0 0 0.8 0 0 0 0 2 4.800000000000001 2.8000000000000003 3.2 0 0 0 4.6000000000000005 0.4 3.2 2 0 0.2 3.2 3.8000000000000003 1.8 6.6000000000000005 0 0 0 2.2 2.6 0 0 0 2.8000000000000003 0 0 0 2.8000000000000003 0 1.6 2.8000000000000003 0 2.2 0 0 0.2 0.2 0 0 0 0 0 0 0 0 0 0 0 0 0 0 0 0 0 0 0.2 0 0 0.4 0 0.4 0 0 0 0 0 2.4000000000000004 0.2 0 0 0 0 0 0 0 0 0 0 3.4000000000000004 1.2000000000000002 3.6 1.6 3 0 4 6 3.8000000000000003 2.2 0 0.8 0.2 3.4000000000000004 6 0 6.6000000000000005 4.6000000000000005 6.800000000000001 0 0 0 0 0 0 5.4 1.6 0 0.4 0 0 5.2 5.800000000000001 0 0.4 0 0 2.6 0 0 0 0 0 2.4000000000000004 0 0 0.2 0 0 0 0 0 0.2 0 0 0 0 0 0 0 0.2 0 0 0 0 0 0 0 0 0 0 0 0 0 0 0 0 0 0 0 0 0 0 0 1.2000000000000002 0.6000000000000001 0 0.6000000000000001 0 0 3.8000000000000003 4 0 0 0 0 0 0 0 0 0 0 0 0 0 0 0 0 0 0 0 0 0.4 0 0 0 6.800000000000001 0 0 0 0.2 0 0 0 0 0 0 0 0.4 
 17.6 76 35.2 33.4 85.80000000000001 7.2 88 41.6 40.800000000000004 14.4 47.6 7.2 0 61.2 10.600000000000001 67.8 24.400000000000002 24.400000000000002 45.800000000000004 44.400000000000006 0.2 1.6 0.2 0 0 0 0.4 0 0 1 1.4000000000000001 0.2 0.4 0 0 0 0.8 0 0 0 0.2 0 1.8 0.8 1.2000000000000002 2.8000000000000003 1.2000000000000002 0 2 0.2 1.2000000000000002 0.8 0.6000000000000001 1.8 0.6000000000000001 13.8 3.2 0.4 0.6000000000000001 0 0 0 0.4 0.2 0 1.4000000000000001 1.2000000000000002 0.8 0.6000000000000001 0.8 1 0.4 0 1 0.6000000000000001 0 0 0 0 0.2 4.2 7.2 6.6000000000000005 0 4.800000000000001 2.4000000000000004 3.2 2.4000000000000004 0.2 5.2 0.4 4.2 16 2.6 0.2 11.4 0.2 4 0 6.6000000000000005 0 0 0 0 0 4.4 0 0 0 0.4 0 0 0 0 0 0 0 0 0.2 0.4 0 0 0.2 0 0 0 0 0 0 0 0 0 0 0 0 0 0 0 0 0 0.4 0 0.2 0 0 0 0 0 0 0 0 0 0.4 0 0.6000000000000001 0 7.6000000000000005 0 0 0 8.200000000000001 3.2 2.2 0 4.800000000000001 0 3.4000000000000004 2.6 0.2 4.800000000000001 0 6.800000000000001 0 2.2 0 0 2 2 0 2.8000000000000003 0 0 0 0 0 0 0 0 0 0 0 0 0 0 0 0 0 0 0 0 0 0 0 9.600000000000001 0 0 0 0 0 0 0 0 0 2.6 0 0.4 0 0 0 0 0 3.8000000000000003 0 0 0 0 0 0 0 0 0 0 0 0 0 0 0 0 0 0.2 0 0 0 0 0 0.2 17.8 0.4 0.4 0 0.2 0.6000000000000001 0 0 0 0 0 0 0 0.2 0 0 2.8000000000000003 0 0 0 0 0 0 0 0.2 0 0 0 0 0 2 0 0 0 0 0 0 0 0 0 0 0 0 0 
 30.400000000000002 39.400000000000006 33 37.800000000000004 15.200000000000001 6.6000000000000005 53.6 58.800000000000004 38.800000000000004 21.400000000000002 11.8 20.400000000000002 61.2 0 16.2 50 36.800000000000004 7.6000000000000005 13 14.8 0 0.4 0 0 0.2 0 0.2 0 0 0.4 0 0.8 0 0 0 0 0 0 0 0 0 0 0.6000000000000001 14.200000000000001 0.4 0.6000000000000001 0.6000000000000001 0 0 0 0.6000000000000001 0.6000000000000001 0 1 0 0.2 0 0 0 0 0 0 0 0.6000000000000001 0 0 0 10.200000000000001 0.6000000000000001 0.4 0.6000000000000001 0 0 0 0 0 0 0 0 0 3.2 1.4000000000000001 0 0 1.6 0 4 5.2 3.2 0 0.2 2 0 0 2.6 3.8000000000000003 8.8 2.8000000000000003 0 0 0 0 0 0 0 0 4.4 0.2 0 0 0 0 2.6 0 0 0 0 0 9.600000000000001 2.6 0 0 0 0 0 0 0.4 0 0 0 0 0 0 0 0 0.2 0 0 0 2 0 0 0 0 2.6 0 0 0 0 1 0 0 0 0 0 0 0 0 0 0 1.2000000000000002 4 0 4 0.2 0 2.4000000000000004 2.2 8.8 0 3 0 0 0 5.6000000000000005 4 3 4.800000000000001 2.4000000000000004 2.8000000000000003 0 0 0 0 0 0 0 0 0 0 0 0 1.8 0.6000000000000001 0 0 0 0 0 0 0 0 0 0 0.2 0 0 0 0 0 2.2 0 0.4 0 0 0 0.4 0 0 0 0 0 0 0 0 0 0 0 0 0 0 0 0 0.2 0 0 0 0 0 0 0 2.2 0 0 0 0.4 0.2 0 0.4 11.600000000000001 0.4 0.8 0 0 0 0 0 0 0 0 0 0 0 0 0 0 0 0 0 0 0 0 0 0 0 0 0 0.4 0 0 0 0 0 0 0 0 0 0 0 0 
 48.400000000000006 110.80000000000001 12 22.8 32.2 22 29 14.8 32.2 25.6 27 20.200000000000003 10.600000000000001 16.2 0 63.6 14.600000000000001 30.8 34.6 23.200000000000003 0 0.4 0 0 0.4 0 0 0 0.2 0.8 0.2 0.2 0.4 13.8 0.4 0 0 0 0 0.2 0 0.6000000000000001 0.6000000000000001 0.6000000000000001 0.4 0.6000000000000001 0.6000000000000001 0 1.2000000000000002 0 0.6000000000000001 0.4 0 0 0 0 0 0.2 0.8 0 0 0 0 0.4 0 0 0 0.6000000000000001 0.6000000000000001 2 0.6000000000000001 0 0 0 0 0 0 0 0 0 0.6000000000000001 2.4000000000000004 6.800000000000001 0 6.4 0 1.4000000000000001 4.6000000000000005 1.4000000000000001 5.2 5 1.4000000000000001 4 0.2 3.6 0.2 0.2 9.600000000000001 0 0 0 0 0 0 0 0.4 2.4000000000000004 0 0 0 0 0 2.2 0 0 2.8000000000000003 0 0 0 0 0 0 0 0 0 0 0 0 0 0 0 0 0 0 0 0 0 0 6.2 0 0 0 0 0 0 0 0 0 0 3 0 0 0 0 0 0 0 0 0 0 3.4000000000000004 2.4000000000000004 0 3.4000000000000004 1 2.8000000000000003 1.8 5.2 0.2 4.6000000000000005 4.4 0 1.2000000000000002 0 0 0 4.800000000000001 0 0 0 0 0 0 0 0 0 0 0 0 0 0 0 6.2 0.6000000000000001 0 0 0.2 0 4.4 0 0 0 0 0 0 0 0 0 0 0 0 0 0 0 0 0 0 0 0 0 0.4 0 0 0 0 0 0 0 0 0 0 0 0 0 0 0 0 0 0 0 0 0 0 0 0 0 1.8 0 1.8 0.6000000000000001 2.2 1.2000000000000002 4.2 0 0 0 0 0 0 0 0 0 3 0 0 0 0 0 0 0 0 0 0 0 0 0 0 4.6000000000000005 0 0 0 0 0 0 0 0 0 0 0 1.4000000000000001 
 5.800000000000001 26.8 77.4 50 104.60000000000001 38.6 5.4 51 39.2 59.2 40.6 42.400000000000006 67.8 50 63.6 0 95.2 44.2 45.800000000000004 9.4 0.2 0.4 23 6.800000000000001 0.2 0 15.200000000000001 0 0 0.4 0 0.6000000000000001 14.600000000000001 0.2 0 0 0 0 0 14.600000000000001 0 0 0.4 3 0.4 0.6000000000000001 0.4 0 0 0 0.6000000000000001 0.4 0 5.2 0 0.2 0.2 0 0 0 0.4 0 0 0.6000000000000001 0 0 0 0.6000000000000001 0.6000000000000001 0.4 0.6000000000000001 0 0 0 0 0 0 0 0 0 0.2 0 14.8 7 7.800000000000001 6.6000000000000005 0 3.8000000000000003 8 3.2 2.6 13 0 0 4.800000000000001 2.4000000000000004 3.2 4.800000000000001 0 0 0 4.4 0 0 0 0 9 4.4 0.2 0 0 0 0 1.2000000000000002 0 2 0 0 1.8 5.6000000000000005 0 0 0 0 0 0 0 0 0 0 0 0 0.2 0 0 0 0 0 0 0.2 0 0 0 0 2 0 0.4 0 0 0 0 0 0 0.2 0 0 0 0 0 0 0 7.2 2.8000000000000003 5 1.8 4.2 0 3.8000000000000003 4.2 17.400000000000002 6.6000000000000005 0 0 0 0 2.8000000000000003 6.6000000000000005 0 0 0 0 0 0.2 0 0 0 3 0.6000000000000001 0 0 0 0 4.2 7.6000000000000005 0 4.2 0 0 5.2 2.8000000000000003 0 0 0 0 0 0 0 0 0 0 0 0 0 0 0 0 0 0 0 0 0 0 0 0 0 0 0 0 0 0 0 0 0 0 0 0 0 0.4 0 0 0 3.2 0 0 0 0.2 17.6 0 17.6 0.4 3 3.2 2 0 0.4 0 0 0 0 0 0 0 0 0 0 0 0 0.4 0 0 0 0 0 0 0 0 4.2 0 0 0 0 0.4 0 0 0 0 0 0 0 0 
 28 87.2 29.8 98.80000000000001 40 14 32.2 43.6 45.2 16.6 45 77 24.400000000000002 36.800000000000004 14.600000000000001 95.2 0 10.8 41.2 5.800000000000001 0.2 0.4 0.2 0 0.4 0.2 0 0 0 0.4 0 0.6000000000000001 0.4 0 0 0 0 0.2 0 0 0 0 0.4 14 0.4 0.6000000000000001 0.4 0 0 0 0.6000000000000001 0.4 0 0.6000000000000001 0 0.2 0 0 0 0 0.2 0 0 0.8 0 0.4 0 7.4 0.6000000000000001 1 0.6000000000000001 0 0 0 0 9.8 0 0 0 0 0.4 0.2 5.4 0 4.6000000000000005 0.6000000000000001 3.6 1.8 3.6 0 2.2 7 0.2 0 4.4 6.800000000000001 2.6 6 0 3.8000000000000003 0 0 0 0 0.2 0 5.6000000000000005 0 0 0.4 0 0 5 0 0 0 0 0 4.800000000000001 1.6 0 0 0.2 0 0 0 0 0 0 0 0 0.2 0 0 0 0 0 0 0 0 0 0 0 0 0 0 0 0 0 0.2 0 0.2 0.4 0 0 0 0 0.4 0 0 0 5.800000000000001 11.600000000000001 5.6000000000000005 0.2 3.4000000000000004 3.6 3 1.6 0.2 3 3.6 0 2 3.4000000000000004 2 0.2 1 3 2.8000000000000003 0 0 0 0 0 0 0 0 0 0 0 0 3.4000000000000004 0 0 0 0 0 2.8000000000000003 0 0 0 0 6 0 0 0 4 0 0 0 0 0 2.8000000000000003 0 0.4 0 0 0 0 0 0 0 0 0 0 0 0 0 0 0 0 0 0 0 0 0 0 0 0 0 2 0 0 0.4 0 0.6000000000000001 0 0 9.4 0.2 3.6 0 0 0 0 0 0 0 0 0 0 0 0 0 0 0 0 0 0 0 0 0 1.2000000000000002 0 0 0 2.4000000000000004 0 0 0 0 0 0 0 0 0 0 0 0 
 24.200000000000003 42.6 69 48.6 13.4 17.6 24.200000000000003 30 28.6 8.6 16 34 24.400000000000002 7.6000000000000005 30.8 44.2 10.8 0 6.800000000000001 49.6 0 0.6000000000000001 0 0 0.4 0 22 0 0 0.4 0 0.8 15.600000000000001 17.400000000000002 0 0.2 0.2 0 0 14.8 0 0 0.6000000000000001 1 0.4 0.6000000000000001 0.6000000000000001 0 0 0 0.6000000000000001 0.4 0 0.2 0 0.4 0 0.4 0 0 0 0 0 0.6000000000000001 0 0 0 0.6000000000000001 0.8 1 0.6000000000000001 0 0 0 0 0 0 0 0 0 1.4000000000000001 0 4.6000000000000005 9.4 3 5.6000000000000005 0 3 6.6000000000000005 1.4000000000000001 2.6 3.6 0 0 0 1.8 0 4.4 0 4 2.4000000000000004 0 0 0 0 0 6.6000000000000005 5 0 0 0 0 4.6000000000000005 0.2 0 0.2 0 2.6 2.8000000000000003 1.8 0 0 0 0 0 0 0 0 0 0 0 0 0 0 0 0 0 0 0 0 0 0 0 0 2.8000000000000003 0 0 0 0 0 0 0 3.8000000000000003 0 0 0 0 0 0 0 0 2.2 0 0 5.2 3 3.8000000000000003 5.800000000000001 2.2 4 7.6000000000000005 3.8000000000000003 0 0 0 0 1.4000000000000001 1 0 0 0 0 0 0 0 0 0.8 0.6000000000000001 0 0 0 0 1.2000000000000002 0.4 0 12 0 0 2.6 4.800000000000001 0 0 0 0 0 0 2 0 0 7 0 0 0 2.2 0 0 0 0 0 0 0 0 0 0 0 0 0 0 0 0 0 0 0 0 0 0 0 0 0 0 0 0 0 0 0 1 10 0 17.6 0.2 4 0.6000000000000001 0.4 0.2 0 0 0 0 0 0 0 0 0 0 0 0 0 0 0 3.8000000000000003 0 0 0 0 0 0 5.4 0 0 0 0 0 0 1.2000000000000002 0.8 0 0 0 0 0 
 55.6 8.6 35.4 19.400000000000002 10.200000000000001 10.8 74.8 64.60000000000001 21.400000000000002 10.200000000000001 10.4 7 45.800000000000004 13 34.6 45.800000000000004 41.2 6.800000000000001 0 57.6 0 0.8 0 0 0.4 0 0 0 0 0.4 0 0.4 0 40.2 0 0 0 0.4 0 0 0 0.6000000000000001 0.4 0.6000000000000001 0.4 0.6000000000000001 0.6000000000000001 0 0 0 0.6000000000000001 0.4 0 0 0 0 0 0 0.6000000000000001 0 0.2 0 0 0.6000000000000001 0 0 0 0.6000000000000001 0.6000000000000001 0.4 0.6000000000000001 0 0 0 0 0 0 0 0 0 1.4000000000000001 2.4000000000000004 1.8 0.8 0 0.2 8.200000000000001 4.2 0.2 5.4 0 0 3.8000000000000003 0 0 2.2 3 1 7 5.2 0 0 0 0 0 0 0 0 0 0 0 0 0 0 0 0 0 0 0 0 0 0 0 0 0 0 3.4000000000000004 0 0 0 0 0 0 0 0 0 0 0 0 0 0 0 0 0 0.6000000000000001 0 0 0 0 0 0 0 0 0 0 0 0 0 0 0 6.2 0 4.6000000000000005 0 0.2 0 5.2 6 0 0 0 5.800000000000001 6 1 3.2 7.6000000000000005 2.2 1.2000000000000002 0 4 0 0 0 0 0 0 0.4 0 0 0 0 0 0 0 0 0 0 0 0 0 0 0 6 0 0 0 0 0 0 0 0 0 2.4000000000000004 1.8 0 0 0 0 0 0 0 0 0 0 0 0 0 0 0 0 0 0 0 0 0 6.6000000000000005 0 0 0 0 0 0 0 0 0 0.2 0 0 0.4 0 0 1.4000000000000001 0 0 0 0 0 0 0 0 0 0 0.2 0 0 0 0 0 0 0 0 0 0 0 0 2 0 0 0 0 0 0 0 0 0 0 0 0 0 0 
 8.8 4.6000000000000005 16.400000000000002 31.200000000000003 10 12.200000000000001 42.800000000000004 21.400000000000002 29.400000000000002 60.6 32 5.800000000000001 44.400000000000006 14.8 23.200000000000003 9.4 5.800000000000001 49.6 57.6 0 0 0.4 0.4 0 0.2 0 0 0 0 0.8 0.4 0.6000000000000001 0 0 0 0.4 14.8 0 0 0 0 0 0.6000000000000001 0.6000000000000001 0.4 0.6000000000000001 0.6000000000000001 0 0 0 0.6000000000000001 0.4 0 0 0 6.6000000000000005 0 0 0 0 0 0 0 0.6000000000000001 0 0 0 0.6000000000000001 0.6000000000000001 0.4 0.6000000000000001 0 0 0 0 0 0 0 0 0 2.8000000000000003 2 4.4 1.2000000000000002 0 0 3.8000000000000003 4.4 0 1.4000000000000001 10.600000000000001 0 0 6.2 2.6 2.6 0 3.4000000000000004 7.800000000000001 1.8 0 0 0 0 0 0 0 0 0 0 0 0 0 0 0 0 0 0 0 0 0 0 0 0 0 0 0 0 0 0 0 0 0 0 0 0 0 0 0 0 0 0 0 0 0 1.6 0 0 0 0 0 0 0 0 4.4 0 0 0 0 0 1.4000000000000001 0 1.8 3.4000000000000004 4.6000000000000005 0 2 0 0.2 0 0 5.6000000000000005 0 3.6 3 2 0 1.8 0.2 0 0 0 0 0 0 0 0 0 0 0 0 0 0 0 0 0 0 0 0.2 0 0 0 0 0 0 0 0 0 0 0 0 0 0 0 0 0 0 1 0 0 0 0 0 0 0 0 0 0 0 0 0 0 0 0 0 0 0 0 0 0 0 0 0 0 0 0 1.2000000000000002 0 0.8 0 0.4 0.6000000000000001 0 0 0 0 0 0 0 0 0 0 0 0 0 0 0 0 0 0 0 0 0 0 0 3.8000000000000003 1.4000000000000001 2 0 0 0 0 0 0 0 0 0 0 0 0 
 0 0 0 0 15 45.6 1.2000000000000002 0 0 0 4.800000000000001 5 0.2 0 0 0.2 0.2 0 0 0 0 74.8 50.400000000000006 11.600000000000001 8.4 50.2 27.6 44.2 21.6 23.400000000000002 63.6 7.800000000000001 53.6 20.6 40 93.80000000000001 26.6 21.200000000000003 39.2 80.60000000000001 0 0 0.6000000000000001 0 0 0 0 0 0 0.4 0 0 0 40.400000000000006 0 0.2 0 0.4 0.6000000000000001 0 0 0.4 0.6000000000000001 0.6000000000000001 0 0 0 2 0.6000000000000001 0 0 0 0 9.200000000000001 0 8.6 0 0 0 0 0 0 0 2.8000000000000003 0 2.2 0 0 0 0 1.6 4.800000000000001 0 0 0 0 0 0 0 0 0 1.4000000000000001 3.4000000000000004 6 0 0 5 2.2 0.2 0.2 0 3.6 3.6 13.4 3 3.4000000000000004 1.4000000000000001 0.2 1.8 2.4000000000000004 0 0 0 0 0 0 0 0 0 0 0 0 0 0 0 0.4 0 0 1 0 0 0.2 0 0 0 0 0 0.4 0 0.6000000000000001 0 0.2 0 0 0 0.2 0 0 0 0 0.4 0 4.4 0 0 2 0 0 0 2.2 0.4 1.6 1.2000000000000002 0 0 0 0 6.800000000000001 0 1 11 4.800000000000001 5.4 2 0 0.2 8 0.2 0 0 3.8000000000000003 1.8 0.2 0 2.8000000000000003 0 0 1.8 0 0 0 0 0 0 0 0 0 0 0 0 0 0 0.2 0 0.4 0 0 0.2 0 0 0 3.6 0 0 0 0 0 0 0 0 0 0 0 0 0 0 0 0 0 0 0 0 0 0 0 0 0 0 0 0 0 0 0 0 0.8 0.4 0 16 0 0.4 0.6000000000000001 0 0 0 0 0 0.8 0 0 0 0 0 0 0 0 0 0 0 0 0.6000000000000001 0 0.2 0 0 0 0 0 0 0 0 
 0.4 0.8 0.4 0.4 0.4 22 0.4 0.4 0.4 0.4 0.4 0.4 1.6 0.4 0.4 0.4 0.4 0.6000000000000001 0.8 0.4 74.8 0 18.400000000000002 14.4 18.400000000000002 91.4 25.8 22.6 8 45.6 88.80000000000001 24.200000000000003 70.2 9 75.2 40.2 70.60000000000001 51.6 22.6 10 3.8000000000000003 0 0.6000000000000001 0.2 0 0 0 0 1 0.4 0 0 12.8 0 0 0.6000000000000001 0 0.6000000000000001 17.400000000000002 0 0 0.4 0.6000000000000001 0.6000000000000001 0 0 0 0.8 1.2000000000000002 0 0 0 0 0 0 0 0 0 0 10.200000000000001 0 0 0 0 0 0 0 0 0 0.4 0 0 0 0 0 1.8 0 0 0 0 0 0 4.800000000000001 3.8000000000000003 5.800000000000001 3 2.4000000000000004 2 0.2 5.2 8.4 7.2 3 1.6 5 0 3.8000000000000003 7.6000000000000005 0 2 0 1.2000000000000002 0 0 0 0 2.6 0.4 0 0 0 0 7.800000000000001 7.800000000000001 0 0 0 0 0.4 3.4000000000000004 0 0 0 0 0 0 0 0 0 0 0 0.2 0 0 0 0.2 0 0 0 0 0 0 0 0 0 1 0 0 0 0.2 0 2 0 0 0 0 0 0 0 0 0.2 2.4000000000000004 3.8000000000000003 1.2000000000000002 3 0 2 0 0 6.2 2 1.6 0 0 2.6 2.4000000000000004 12.200000000000001 4.800000000000001 0 3.8000000000000003 0 0 0 0 0 0 0 0 0.2 0.2 0 2.2 0 0 0.6000000000000001 0 0 0 5.6000000000000005 0 0 0 0 0 0 1.6 0 0 0.4 0 0 0 0 0 0 0 0 0 0 0 0 0 0 0 0 0 0 0 0 0 0 0 0 0 0.8 0.4 0 14.8 0 0.4 0.2 0 0 0 0 0 4.6000000000000005 0 0 0 0 0 0 0 0 0 0 0 0 0 0 0 0 0 0 0.2 0 0 0 0.2 
 0 0.4 14.8 0.4 15 12.4 0 0 14.8 16.2 0 15.600000000000001 0.2 0 0 23 0.2 0 0 0.4 50.400000000000006 18.400000000000002 0 27.8 13.8 25.200000000000003 11.200000000000001 42 32.800000000000004 29 9.8 22.8 88.60000000000001 28 11.600000000000001 26.8 18 19.8 16.6 22 0 0 1.4000000000000001 0.4 0 0 12.4 1.4000000000000001 41.2 13.600000000000001 0 0 2 0 2 0 0 0.2 0.6000000000000001 0 0 0.4 0.4 0.4 0 0 0 0.4 0.4 0 10 0 0 0 0 0 0 1 0 0 0 0 0 2.2 1.8 0 0 0.4 0 0 4.6000000000000005 0.6000000000000001 0 0 0 0 3.2 0 0 2.2 0 11.600000000000001 5 4.4 3.6 0 3.6 0 0 0.2 0 3.8000000000000003 2.6 0.6000000000000001 2.2 2.4000000000000004 2 4.4 2.2 1.8 0 2.2 0 0 0 0 0 0 0 0 0 0 0 0.2 0.2 0.2 0.6000000000000001 2.4000000000000004 2.6 0 0 0 0 0.6000000000000001 0 0 0 1.4000000000000001 0 0.2 0 0.8 0 0 0 0 0 0 0 0 0 0 0 5 0 0 0 0.2 1.4000000000000001 0 0 0 0.8 0 0 0 0.2 1 0 1.4000000000000001 6.2 0.4 1.8 0 3.2 2 7 0 0 1.4000000000000001 0 0 2.6 4.4 0 0 0.2 0 0 0 0 0 0 0 0 0 0 0 2.8000000000000003 0 0 0 6.4 0 1.2000000000000002 0 0 0 0 0 0 0 0 0 0 0 0 0 0 0 0 0 0 0 0 0 0 0 0 0 0 0 1.4000000000000001 0 0 0 0 0 0 0 0 0 0 0 3 0 0 16.6 0 0.2 0 0 0 0 0 0 0 0 0 0 0 0 0 0 0 0 0 0 0 0 0 3 0 0 0 0 0 0 0 2.8000000000000003 
 0 0 0 0 0 0.2 0 0 0 0 0 0 0 0 0 6.800000000000001 0 0 0 0 11.600000000000001 14.4 27.8 0 29.200000000000003 7.800000000000001 13.4 17 33.6 22 22.8 12.600000000000001 73.2 21.400000000000002 27 27.6 41.800000000000004 15 30.200000000000003 29.8 0 0 0.6000000000000001 0.4 0 12.600000000000001 13.4 0 0 0.2 0 0 0.2 0 0 0.4 0 0.2 13.200000000000001 4.4 0 0.4 0.4 0.4 0 0 0 0.4 0.4 0 0.8 0 0 0 0 0 0 0 0 0 0 0 0 0 0 0 0 0 0 0 0 0 0 0 0 0 0 0 0 0.2 2.8000000000000003 2.4000000000000004 0.4 2.4000000000000004 0 0 0 1 1.6 0 3 4 2.4000000000000004 0 6.4 0 0 12.8 0 0 0 0.2 0 0 0 0 0 2 0 0 0 0 6.6000000000000005 2.2 1.2000000000000002 0 4.800000000000001 0 0 0 0 0 0 0 0 2.4000000000000004 0 0.8 0 0 0 0.4 0 0 0 0.2 0 0 0 0 0 0 0 0 0 0 2 0 0 0 0 0 0 0.8 0 0 0 0 0 0 4 5.2 4 3.4000000000000004 2.6 0 2 0.6000000000000001 5.4 0.2 0.4 4.800000000000001 0 6.4 5.800000000000001 0 6.2 2.6 0 3.6 0 0 0 0 0 0 3.2 0 0.2 0 0 0 1.6 0 0 0 0 0 0.4 0 0 0 1.4000000000000001 0 0 0 0 0 0 0 0 0 0 0 0 0 0 0 0 0 0 0 0 0 0 0 0 0 0 0 0 0 0 0 2.2 0 0.8 15.4 0 0 2.2 0.4 0 0 0 0 0 0 0 0 0 0 0 0 0 0 0 0 0 0 0 2.8000000000000003 0 0 0 0 0 0 0 0 
 0.4 0.2 0.2 0.4 0.8 0.4 0.4 0.2 0.6000000000000001 0.4 0.4 0.4 0 0.2 0.4 0.2 0.4 0.4 0.4 0.2 8.4 18.400000000000002 13.8 29.200000000000003 0 75 7.800000000000001 23.200000000000003 32.4 31.6 15.8 16 15.600000000000001 14.600000000000001 15.4 15.200000000000001 70.2 21.200000000000003 9.4 18.6 0.4 3.4000000000000004 0.6000000000000001 0.8 0.4 0.6000000000000001 29.8 0 0 2 0.4 0.4 13 4.800000000000001 23 1 0 0.6000000000000001 0.8 0.2 0 0.4 0.6000000000000001 0.6000000000000001 0 0.4 0 0.4 0.4 0 0.2 0.2 0 0 0 0 0 1.6 0 0 0 0 0 0 0 0 0 0 0 0 0 0 0 0 0 0 0 0 0 0 0 0 0 0.4 5.2 2.4000000000000004 0 1.6 0 0 2.8000000000000003 4.6000000000000005 0 0 3 0 0 5.4 0 0 0 1.4000000000000001 0 0 0 0 2.8000000000000003 2.4000000000000004 2.8000000000000003 0 3.2 0 2.8000000000000003 5.800000000000001 3 0 4.4 0 0 3.4000000000000004 0 0 0 0 0 0 0 0 0 0 0 0 0 0 0 0 0 0.2 2.2 0 0 0 0.2 2.8000000000000003 0 0 0 0 0 0 0 0 0 0 0 0 0 0 0 0 0 0 0 0 0.8 5 0 0 0 2.4000000000000004 2.2 0 0 0 0 0 5.2 0 0 2.6 0.2 0.2 0 0 0 0 0 0.2 2 0 0 0 2.2 5.2 0.4 2.4000000000000004 3.6 4 0 4.6000000000000005 0 0 0 0 0 0 0 0 0 0 0 0 0 0 0 0 0 0 0 0.2 0 0 0 0 0 0 0.4 0 0 0 0 0 0 0 1 0.4 0 17.6 0.2 0 0.4 0.4 0.4 0 0 3.2 0 0 0 0 0 0 0 0 0 0 0 0 0 0 0 0 0 0 0 0 0 0 0 0 
 0 0 0 0 1.2000000000000002 0 0 0 0 0 0 0.4 0 0 0 0 0.2 0 0 0 50.2 91.4 25.200000000000003 7.800000000000001 75 0 11.200000000000001 19.6 23.8 22.6 14.600000000000001 31.400000000000002 9.200000000000001 12.200000000000001 53.2 15.8 31.8 20 70.2 72.60000000000001 0.8 0.2 0.6000000000000001 0.2 0 0.2 15.600000000000001 14.600000000000001 16 42.400000000000006 0.4 4.4 9.4 20.200000000000003 14.200000000000001 4 0 0.4 15.200000000000001 12.4 0 0.4 0.6000000000000001 0.6000000000000001 0 0 0 0.4 0.4 0 0.2 0.4 0 0 0 0 0 0 0 0 0 0 0 0 0 0 0 0 0 0 0 0 0 0 0 0 3.4000000000000004 0 0 0 0.4 0 0 0.8 0 5.800000000000001 0 1.4000000000000001 0 0.4 0 0 0 0 2.6 0 0.4 13.200000000000001 0 0 2.8000000000000003 1.8 10 2.4000000000000004 0 0 0 5.6000000000000005 13 1.8 1.6 0 2.8000000000000003 5.2 2.6 2.8000000000000003 5.2 5.6000000000000005 6.4 4.2 0.4 0 0 0 0 0 0 0 0.2 0 0 0 0 0 0 2.6 0 0 0 0 0 0 0 0 0 0.2 0 0 0 0 0.2 0 2 0 0 0 0 0 0 0 0 3.8000000000000003 0 0 8 0.2 0 0 3 8.200000000000001 0.4 0.2 0 0 0 3.6 2 1 0 0 0 2.2 1.8 0 0 0 2.6 2.2 0.8 0 0 0 3.4000000000000004 2.8000000000000003 2.4000000000000004 3.6 4.2 3.6 0 5.6000000000000005 0.4 0 0 0 0 0 5.6000000000000005 0 0 0 0.4 2.8000000000000003 0 0 0.2 0 0 0 0 0 0 0 4.2 0 0 0 0 0 0 0 0 0 0 0 3.4000000000000004 1.8 0.4 0.2 14.8 0 1 0 0.2 0 0 3 0 0 0 0 0 0 0 3.4000000000000004 0 0 0 0 0 0 0 0 0 0 0.2 0 0 0 0 0 
 0 0 1.8 0 15 0.4 0 0.2 14.8 0 0 5.800000000000001 0.4 0.2 0 15.200000000000001 0 22 0 0 27.6 25.8 11.200000000000001 13.4 7.800000000000001 11.200000000000001 0 29.6 26.6 50.800000000000004 13.600000000000001 10.4 19.6 71 18 66.60000000000001 25.400000000000002 5.4 19.8 42.2 0 0 1.2000000000000002 1.2000000000000002 0.4 0.6000000000000001 0.6000000000000001 0 0 0.4 0.6000000000000001 0.6000000000000001 0.2 0.2 0 0.2 0 0.6000000000000001 0.6000000000000001 0 0 0.4 0.6000000000000001 0.6000000000000001 0.6000000000000001 0.6000000000000001 0 1.2000000000000002 1.6 0.4 0 0 5.6000000000000005 0 0 0 0.6000000000000001 0.6000000000000001 0 0 0 0 2.6 2.8000000000000003 4.2 4.6000000000000005 0 0 2 0 2.6 0 0 0 0.2 6.2 0 2.8000000000000003 0 0 10.200000000000001 0 0.4 3 0 0.2 7.2 2.4000000000000004 5.2 0 2.8000000000000003 3 2.2 0 8.200000000000001 0 1.8 0 0 2.6 0 0 2.6 0 0 0 0 0 0 0 0 0 11.600000000000001 0 0 0 0 0.4 2.4000000000000004 0 0 0 0 0 0 0 0 0 0 0 0 0 0.2 0 0 0 0 0.4 0 0 0 0 3.2 0 3 4.6000000000000005 11.200000000000001 0 1.2000000000000002 7 2 0 0 1 0 0 0 4.2 0 0 3 4.6000000000000005 0 3.6 0 0 3 2.8000000000000003 0 0.2 0 5.800000000000001 0 3.4000000000000004 13 4.2 0 0 0 5 0 0 0 0 0 0 2.4000000000000004 0.4 0 0 0 0 0 0 0.8 0.4 0 0 0 0 0 0 0 0 0 0 0 0 0 3.2 0 0 0 1.6 0 0 0 0 0 0 0 0 0 0 0 0 5.6000000000000005 0 0 0 0 0 0 0 3.2 0 0 1 0 0.4 2.6 0 0 0 0 0 2.2 0 0 0 0 0 0 0 0 0 0 0 0 4.4 0 0.2 0 0 0 0 0 0 0 0 
 0.2 0.4 0 0 0 18.8 0 0.2 0 0 0 15 0 0 0 0 0 0 0 0 44.2 22.6 42 17 23.200000000000003 19.6 29.6 0 50.800000000000004 21.200000000000003 20.200000000000003 10.200000000000001 101.2 39.2 24.400000000000002 59.400000000000006 42.6 8.4 15.200000000000001 41 0 0 0.6000000000000001 0.4 0 0 0.4 0.8 40.6 0.2 0 0 0.2 0 0 0.4 0 0.2 0.6000000000000001 1.4000000000000001 0 0.4 0.4 0.6000000000000001 0 0.2 0 1.4000000000000001 10.8 0 0 0 0 0 0 0 0 0 0 0 0 0 0 0.2 0.4 3.2 0 0 0 0 1.6 2.2 0 0 0 0 0 0 0 3.8000000000000003 0 6.4 2.8000000000000003 1.6 0.2 0 2.2 10.200000000000001 6.4 0 9.600000000000001 10.4 2.8000000000000003 1.4000000000000001 5.2 3.4000000000000004 3.6 9 2.2 2.6 0.2 0.2 0 0 0 0 0 0.2 0.4 0 0 0 3 1.8 0.2 0 0 0 2 0 0 0 0 0 0 0 0 0.8 0.2 0 0 0.4 0 0 0 0.2 0 0 0 0 0 0 0 1.4000000000000001 0 2.8000000000000003 2.6 0 0.8 4 0 0 1.2000000000000002 0 0 0 0 0.6000000000000001 0 1 5.2 0 2 0 0 2 2.8000000000000003 2 0 0 5.800000000000001 0 0 1.8 0 0.2 2 10.200000000000001 0 4.6000000000000005 0 0 0 0 0 0 0 0 0.4 0 0.2 0 0 0 0 0 4 0 0 0 0 0 0 0 0 0 0 0 0 0 0 0 0 0 0 0 0 0 0 0 0 0 0 0 0 0 0 0 0 0 0 0 12.8 0 4 0.2 0 30.8 0 0.4 0.2 0 0 0 0 0 0 0 0 2.2 0 0 0 0 0 0 0 0 0 2 0 3.4000000000000004 0 0 0 0 0 0 0 0 
 0 0 0 0 0 13 0 0 0 0.4 0 15 0 0 0.2 0 0 0 0 0 21.6 8 32.800000000000004 33.6 32.4 23.8 26.6 50.800000000000004 0 32.800000000000004 22.200000000000003 24.6 16.2 40.400000000000006 35 26.6 37.2 110.4 16.2 35.800000000000004 0 0 0.6000000000000001 0.4 0 0 0 2.8000000000000003 0 1.6 0 0 1 0 1.2000000000000002 9.600000000000001 0.4 0.4 0.6000000000000001 12.600000000000001 0 0.4 1.4000000000000001 0.6000000000000001 0 0 0 1 1 0 0 0 0 0 0 0 0 0.2 0 0 0 0 0 0 0 0 0 1.2000000000000002 0 0 0 0.4 0 0 0 0 0 0 0 0 1.8 8 8.200000000000001 4.4 7.6000000000000005 0 0.2 0 3 0.2 3.8000000000000003 0 0 0 0.8 6 2 0 0 0 2.6 1.6 0 0 0.2 0 2.2 0 0 9.600000000000001 0 0 2 0 0 0.2 0 2.8000000000000003 5.800000000000001 3.2 0 0 0 0 0 1.8 0 0 0 0 0 0 0 0 0 0.4 0 0 0.8 0 0 3.4000000000000004 0 0 0.4 0 0 0 5 0 0 0.4 3 0 0 0 0 1.2000000000000002 0 1 0 0 0 4 3.8000000000000003 0.2 2.2 1.6 0 1.2000000000000002 2.8000000000000003 2.4000000000000004 0 0 0.4 0 5.4 0 0 3 2.2 0 0 0 0 0 1.6 3.2 2.4000000000000004 0 0 0 2.8000000000000003 0 1.6 0 0 0 1.6 0 0 0.4 0 0 0 0 0 0 0 0 0 0 0 0 0 0.4 0 0 0 0 0 0 1.2000000000000002 0 0 0 0 0 0 0 0 0 0 0 4.6000000000000005 0 0 0.4 0 0.4 0.4 0 0 0 0 0 0 0 0 0 0 0 0 0 0 0 0 0 0 0.2 0 0 0 0 0 0 0 0 0 0 
 0.4 0.4 0.8 0.8 0.4 1 0.4 0.4 0.4 0.4 0.4 15.4 1 0.4 0.8 0.4 0.4 0.4 0.4 0.8 23.400000000000002 45.6 29 22 31.6 22.6 50.800000000000004 21.200000000000003 32.800000000000004 0 22 75.4 33.6 20 26.6 38.2 10 33.2 16.8 18.8 12.4 0 0.6000000000000001 0.4 0 0 13 1.4000000000000001 0.6000000000000001 0.4 0 0 0.4 13.200000000000001 0.6000000000000001 0.8 0 0.4 13.8 0 0 0.4 0.6000000000000001 1 0 12 0 0.4 0.4 0 0 0 0 0.6000000000000001 0.6000000000000001 0 1.2000000000000002 0 0.8 0 0 0 0 0 0 0 0 0 0 0 0 0.2 0 0 0 0 0 0 0 0 2.4000000000000004 4.800000000000001 2 5 5.800000000000001 2.8000000000000003 3.2 7.4 0 0.4 0 7.800000000000001 3.2 0 6 2.8000000000000003 0 4.6000000000000005 0 0 1.6 6.2 0 0 0.4 2.2 1.4000000000000001 3.8000000000000003 0.6000000000000001 0 0 0 5.2 4.4 0 0 3.8000000000000003 0 2.4000000000000004 0 0 0 0 0 0 0 0 1.4000000000000001 0 0 0 0.8 0 0 0 0.2 0 0 0 0 0 0 0 0 0 0.6000000000000001 0 0 0 0 0 0.2 0 0 0 0 6 0 0 0 3.6 1.8 1.8 7.2 0 0 5 0 0 3 3.2 1.4000000000000001 0 5 2.8000000000000003 0 6 1.8 0 0 0 4.4 0 0.4 0 0 0.6000000000000001 0.2 0.2 0 0 0 0.6000000000000001 0 6 1.8 0 0 0.4 0 0 0.2 0 0 0 0 0 0 0 0 0 0 0 0 0 0.2 0 0 0.4 0 0 0 2.4000000000000004 0 0 0 0 0 0 0 0 0 0 0 1.8 0.6000000000000001 0 24.6 0.6000000000000001 0.6000000000000001 0.2 0 0 0 0 0 1.6 0 0 0 0 0 0 0 0 0 0 0 0 0 0 8.8 0 0 0 3 2.8000000000000003 0 0 0 
 0 0.2 0.2 0 0.6000000000000001 0 0 0 0.6000000000000001 0.2 0.2 0 1.4000000000000001 0 0.2 0 0 0 0 0.4 63.6 88.80000000000001 9.8 22.8 15.8 14.600000000000001 13.600000000000001 20.200000000000003 22.200000000000003 22 0 31.200000000000003 24 19 18 56.2 100.80000000000001 21 15.4 27 25.200000000000003 0.4 0.6000000000000001 0.4 0.2 14.8 4.6000000000000005 0 0.4 0.4 0 0.2 0 0 1.2000000000000002 0.2 0 0.4 0.6000000000000001 0 0 0.4 0.6000000000000001 8.4 0 0 0 1.2000000000000002 1.6 0 0 0.4 0 0 0 0 0 0 0 0 0 0 0 0 0 0 0.2 0 0 0 0 0 0.4 0.4 0 0 0 4.6000000000000005 0 0 8.6 2 6.2 5.4 5.4 5.800000000000001 0 0 6.2 5.800000000000001 9.4 6.6000000000000005 0 0 2.6 0 0 0 0 0.4 4.6000000000000005 4.2 0 0 0 0 2.8000000000000003 0 0 0 0 0 0 3 0.4 0 0 0 3 4.800000000000001 0 2 0 0 0 0 0 0 3.2 0 0 0 0 0 0 0 0 0 0 0 0 0 0 0 1.4000000000000001 1 0 0 0 0.4 0 0 0 0 0 0 0 0.4 0 0 0 4.6000000000000005 0 0.2 4.6000000000000005 5 0 2.6 1.6 0 2.2 3.8000000000000003 0 0 4 2.4000000000000004 5.2 0 2.6 0 0.4 0 0.8 0 0 0 0 5.6000000000000005 2.4000000000000004 0 0 0 1 0 5 0 0 0 4.800000000000001 0 0 0 0 0 0 0 0 0 0 0 0 0 0 0 0 0 0 0 0 0 0 0 0 0 0 0 0 0 0 0 0 0 0 0 1.8 0 0.8 8.6 1.8 0.4 1.6 0.6000000000000001 0 0 0 0 6.2 0 0 0 0 0 0 0 0 0 0 0 0 0 0 0 0 0 0 0 0 0 0 0 
