 0 62.2 32.6 44.6 53.800000000000004 9.200000000000001 47.2 34 4.2 121.2 25.400000000000002 8.200000000000001 27.200000000000003 88.60000000000001 47.6 24.6 51.400000000000006 25.400000000000002 11.200000000000001 38.800000000000004 0 16.400000000000002 0.6000000000000001 0.8 0.6000000000000001 0 0 0.6000000000000001 0.4 0 0 0 0 0 0.4 0.8 0.2 0 0.2 0.6000000000000001 0.2 0 0 0.4 0.6000000000000001 0.6000000000000001 0 0.4 0 1.4000000000000001 0.6000000000000001 0 0.6000000000000001 0 0.4 0.6000000000000001 0.8 0 0 0 0 0.4 0 0 0.6000000000000001 1.2000000000000002 0.6000000000000001 0 0 6.4 0.4 0.6000000000000001 0 0 0 0.6000000000000001 0 0.4 0 0 2.2 9.4 0.2 0 1.2000000000000002 2.8000000000000003 4.2 11 2.4000000000000004 5.800000000000001 0 0.6000000000000001 3.2 2 5.800000000000001 1.8 0.2 4 3.4000000000000004 0.2 0 0 0 0 0 0 0 0.2 0 0 0 0 0.4 0 0 0 0 0 0 0.2 0 0 0 0 0 0 0 0 0 0 0 0 0 0 0 0.2 0 0 0 0 0 0 0 0 0 0 0 0 0 0 0 0 0 0 0 0 0 0 0 0 4 5 1.8 0.2 0 0 0.2 0 2.4000000000000004 2.8000000000000003 2.8000000000000003 0.8 3.6 0.2 0 3 1.8 0 1.6 0.4 0 0.4 0 0 0 0 0 0 0 0 0 0 0 2.8000000000000003 0 0 0 0 0 6.6000000000000005 0 0 0 0 0 0 0 4 0 0 0 0 0 0 0 0 0 0 0 0 0 0 0 0 0 0 0 0 0 0 0 0 0 0 0 0 0 0 0 0 0 0.4 0 0 0 4.800000000000001 0 0.4 0 0.8 0 1.4000000000000001 0.2 0 0 0 0 0 0 0 0 0 4.800000000000001 0 0 0 0 0 0 0 0 0 0 0 0 0 2.8000000000000003 0 0 0 0 0 0 0 0 0 0 0 0 0 
 62.2 0 40.400000000000006 21.200000000000003 19 22.8 12.8 32.6 10.200000000000001 28 5.6000000000000005 26.200000000000003 31 85.2 61.400000000000006 8.8 81.80000000000001 17 32.6 15.200000000000001 0 0.6000000000000001 0 0 0 0.4 0 0 0 0 0 0 0 0 0 0 0 0 0.8 0.6000000000000001 0 0 0 0 0.2 0.6000000000000001 0 1.4000000000000001 0 0 1.2000000000000002 0 0.6000000000000001 0 0.4 0 2 0 0 0 0 0.4 0 0 0 1 1.8 0 0 0 0 0 0 0 0 0.6000000000000001 0 0 0 0 1.6 8.6 3 2.4000000000000004 0 3.8000000000000003 0 2.2 0.6000000000000001 3.2 6.6000000000000005 3.6 0 3.4000000000000004 2.8000000000000003 10.200000000000001 14 8.200000000000001 0 0 0 0 0 0 0 0.2 0 0 0 0 0 0 0 0 0 0 0 0 0 4.4 0 0 0 0 0 0 0 0 0 0 0 0 0 1.6 0 0 0 0 0 0 0 0 0 0 0 0 0 0 0 0.4 0 0 0 0 0 0 0 0 0 0 2.6 3.6 2.2 4.800000000000001 0 6.6000000000000005 0 4.2 2.4000000000000004 0 16.2 0.8 6 3 1.2000000000000002 1.8 8.8 4.800000000000001 3.6 4.2 0 0 0 0 0 0 0 1.6 0.4 0 0 0 0 1.6 0 0 0 0 0 0 0 0 0 0 0 0 0.4 0 0 0 0 0 0 0 0 0 0 0 0 0 0 0 0 2.6 0 0 0 0.4 0 0 0 0 0.2 0 0 0 0 0 0 0 0 3.4000000000000004 0 0 0 0 0.4 0.4 0.4 18 0 1 0 0 0 0 0 0 0 0 0 0 0 0 0 0 0 0 0 0 0 0 0 0 0 0 4.2 0 0 0 0 0 0 0 0 0 0 0 0 0 
 32.6 40.400000000000006 0 27.200000000000003 47.400000000000006 23.200000000000003 11.4 84.80000000000001 40.2 26.200000000000003 69.8 41.2 11.200000000000001 58 48.2 98.2 38.2 40.800000000000004 49.400000000000006 50.800000000000004 0 0.6000000000000001 0 0 0 0.4 0 0 0 0 0 0 0.2 0 0 0 0 0 22.400000000000002 12.200000000000001 0 0 0 0 0.6000000000000001 0.4 0 1.6 0 0 0 0 0.6000000000000001 0.4 0.4 0 0.6000000000000001 0 0 0 0 0.4 0 0 0 0.4 1.2000000000000002 0 0 0 0 0 0 0.2 0 0.4 0 0 0 0 0 0 2.4000000000000004 3.8000000000000003 0 10.8 0.2 4 3 3.8000000000000003 9 0.4 0 0 4.4 4.800000000000001 10.200000000000001 10.600000000000001 0.2 0 0 4.2 0 2.6 0 0 0 4.4 0 0 0 0 0.2 1.8 2.8000000000000003 0 0 0 10.600000000000001 4.4 0 0.6000000000000001 0 0 0 0 0 0 0 0 0 0 0 0 0 0 0 0 0 0 0 0 0 0 0 0 0 0 0.4 0 0 0.8 0 0 0 6.2 0 0 0 0 0 7 0 10.4 4.4 2.6 0 3 10.600000000000001 0 7.2 0 0 0 2.8000000000000003 0 1.4000000000000001 0.2 0 0 0 0 0 0 2.4000000000000004 0 0.2 2.6 0 0 0 0 2.8000000000000003 3 0 0 0 0 3.4000000000000004 0.4 0 0 0 0 0 0 0 0 0 0 0 0 2.8000000000000003 0 0 0 0 0 0 0 0 0 3 0 0 0 0 0 0 0 0 0 0 0 0 0 0 0 0 0 0 1.4000000000000001 0 0 0 0.4 0.4 0 0.2 17.8 4.2 0.6000000000000001 0 0 0.4 0 0 0 0 0 0 0 0 0 0 0 0 0 0 0 0 0 0 0 0 0.2 0 3.2 0 0 0 0 0 0 0 0 0 0 0 0 
 44.6 21.200000000000003 27.200000000000003 0 61.800000000000004 6 14.8 31.200000000000003 14.600000000000001 124 22.200000000000003 12.600000000000001 136 59.2 40.800000000000004 81.80000000000001 46.400000000000006 14.4 37.2 17.400000000000002 0.4 2.8000000000000003 0 0 1.6 0.2 0 0.6000000000000001 0 0 0 0.2 14.600000000000001 0 0 0.2 0 0.2 16.2 15.4 1.8 0 0 0 9.200000000000001 1 0 0.4 1.2000000000000002 0 0.4 0 0.6000000000000001 0.6000000000000001 0.4 1.2000000000000002 1.2000000000000002 0.8 0 0 0 0.4 1.2000000000000002 0.4 0.8 1 0.6000000000000001 0.2 0 0.6000000000000001 0 0.8 0 0 0 1.6 0 0.4 0.8 0 2 6.6000000000000005 0.8 4 1.8 5 0 9 0 4.2 2.8000000000000003 3.6 2 3.4000000000000004 4.800000000000001 4.800000000000001 3.8000000000000003 3 0 0 0 0.4 0 0 4 0.2 0 2.8000000000000003 0 0 2.8000000000000003 0.4 0 0 4 0.2 0 0 5.800000000000001 0 0 0.4 0 0 0 0 0.2 0 0 2.6 0 0 0 0 0 0 0 0 0 0 0 0 0.4 0 0 0 0 0 1 0 0 1.4000000000000001 0 0 3.6 1 0 0 0 0 0 2.6 0 9.200000000000001 3.2 5 0 6.800000000000001 2 2 7.6000000000000005 1.2000000000000002 1.4000000000000001 0 0.2 6.6000000000000005 4.6000000000000005 4.800000000000001 2 2.8000000000000003 5.4 0 0 0 0 0 1.6 0 0 0 0 0 3.2 0 0 0 0 0 2 8.200000000000001 0.2 0 0 0 0 0.4 0.4 11.200000000000001 0 0.2 0 0 0 0 0 0 0 0 0 0 0 0 0 0 0 0 0 0 0 0 0 0 0 0 0 0 0 0 0 0 0 0 0 0 0 1 0.2 0.4 0.4 0.6000000000000001 0 0.4 6 0 0 0 0 0 0 0 0 0 0 0 0 0 0.4 0 0 0 0 0 0 0 0 0 4.800000000000001 3 0 0 0 0 0 0 0 0 0 0 0 0 
 53.800000000000004 19 47.400000000000006 61.800000000000004 0 27 10.4 75.4 21.6 16 62 76.2 60.2 26.200000000000003 21.200000000000003 35.4 7.2 9.8 21.8 22.200000000000003 15.600000000000001 15.4 45.6 0.4 0 0 15.8 27.400000000000002 2.8000000000000003 0 0 0 12.200000000000001 0.4 6.2 0.2 4 16.2 29.8 0.8 0 0 0 0 0.6000000000000001 0.4 0 5.2 0 0 0 0 0.6000000000000001 0 0.4 0 0 0.2 0 0 0 0.4 0 0 0 0.2 0.6000000000000001 0 0 0 0 0 0 0 0 0.4 0 0 0 0 1 0.2 0.2 3.6 2.6 3.6 0 1.8 0 3.6 1.8 4.6000000000000005 0 0 0.2 0 0.2 5.6000000000000005 0 0 4.6000000000000005 0.2 5.6000000000000005 2.2 0 0.4 5.6000000000000005 4 3.4000000000000004 0 0 0 5.800000000000001 0 2.6 0.8 3 4.800000000000001 9.8 0 0 0 0 0 0 0 0 0 0 0 0 0 0 0 0 0 0 0.4 0 0 0 0 0 0 0 0 0 0.8 1 0 0 2.2 0 0 4.2 1.4000000000000001 0 0 0 0 0 3.2 1 10.600000000000001 0.4 0 0 3.2 3 0 4.800000000000001 2.6 0 0 0.2 1.4000000000000001 0 0 0 0 0.2 4.4 0 0.2 0 0 5.2 5.4 0 7.4 7.6000000000000005 0 9.8 0 1.8 0.4 0.2 4.2 5.2 4 0 0 0 0 0 0 0 0 0 0 0 0 0 0 0 0 0 0 0 0 0 0 0 0 0 0.4 0 0 0.4 1.4000000000000001 0 0 0 0 0 0 0 0 0 0 0 1.6 0 0 0 0.8 17.8 0 0.4 0 0.4 2.4000000000000004 0 0 0 0 0 0.2 0 0 0 0 0 0 0 0 0 0 0 0 0 0 0 0 0 3.2 5.6000000000000005 0.4 0 0 0 0 0 0 0 0 0 0 0 0 
 9.200000000000001 22.8 23.200000000000003 6 27 0 17 67.60000000000001 35 10.4 30.400000000000002 60.800000000000004 5.4 10.200000000000001 10.8 28.400000000000002 31 14.4 12.200000000000001 10 5.6000000000000005 5.6000000000000005 31.8 0.2 0 0.4 14.8 14.600000000000001 15 15.200000000000001 42 0.4 0 27 0 1 29.6 0 0.2 0.4 0 0 0 0.4 0.4 0.6000000000000001 0 0.6000000000000001 0 0 1.6 0 1.6 1 0.4 0 0 0 0 0 0 1.2000000000000002 0 0 0 0.4 1.2000000000000002 0 0 0 0 0 0 2 0 0.6000000000000001 0 0 0 0 0 0 0.2 3 5.4 2 0 0 2 0.2 2.6 0.6000000000000001 0 0 0.2 0.4 2.2 1 0 0 4.2 4 3 2 0 0.8 3.4000000000000004 5.4 3.2 1.8 0 0 3.2 0 0 0.4 3.8000000000000003 2.8000000000000003 5 11.4 0 0 0 0 0 0.4 0 0 0 0 0 0 0.2 0 0.4 0 0 0 0 0 0 0 1 0 0 0 0 0 0.4 0 0 0.6000000000000001 0 0 0 0.4 0 0 0.4 0 0 3 0 0 2.8000000000000003 2 0.4 0 2.6 0 0 0.8 0 0 0 1 0 0.6000000000000001 0 0 7.800000000000001 0 0 0.2 0 0 3.2 7.2 3.8000000000000003 5.4 3 2.2 0.4 1.6 3 0 0.4 2.2 0.2 4 0 0 0 0 0 0 0 0 0 0 0 0 2.2 0 0 0 0 0 0 0 0 0 0 0 0 0 0 0 0 0 0 0 0 0 0 0 0 0 0 0 0 0 0 0 0 0 17.6 0.2 0.4 10 0 1 0 0 0.4 0 0 0 0 0 0.2 0 0 0 0 0 0 0 0 0 6.6000000000000005 0 0 0 0 0 0 2.8000000000000003 0 0 0 0 0 0 0 0.4 0 0.2 0 0 
 47.2 12.8 11.4 14.8 10.4 17 0 31.6 11.8 8.4 4 8 36.2 42.800000000000004 27.200000000000003 7.2 7.4 52.2 53.800000000000004 26 0 0.6000000000000001 12 1 0 0 0 0.6000000000000001 0.2 0.2 0 0 0 0.2 0 0.2 0.4 14.8 0.2 0.6000000000000001 0.2 0 0 0 0.6000000000000001 0.6000000000000001 0 0.4 0 0 0 0 0.6000000000000001 0 0.4 0 0 0 0.4 0 0 0.4 0 0 0 0 0.6000000000000001 0 0 0 0 0 0 0 0 0.6000000000000001 0 1.4000000000000001 0 0 3.8000000000000003 0 4.4 0 0 0 10.8 4.6000000000000005 0 3.4000000000000004 0 0 3 0 5.800000000000001 0 0 0.2 3.8000000000000003 2.2 0 0 0 0 0 0 0 0 0 0 0 2.8000000000000003 0 0 0 0 0 0 0 0 0 0 0 0 0 0 0 0 0 0 0 0 0 0 0 0 0 0 0 0 0 0 0 0 0 0 2 0 0 0 0 0 0.2 0 0 0 0 0 0 0 2 3.2 2.6 0 0 0 8.8 0 0 0 0.2 0 1.8 0.8 0 0 0 0 4.800000000000001 3.6 0 0 0 0 0 0 0 0 0 2.6 0 0 0 0 0 0 0 3.4000000000000004 0 0 0 0 0 0 0 0 0 0 0 0 0 0 0.2 0 0 1.8 0 0 0 0 0 0 0 0 0 0 0 0 0 0 0 0 0 0 0 0 0 0 0 1.4000000000000001 0 0 0 0 0 0 0 0 0.2 0 0 2 0 0 0 0 0 0 0 0 0 0 0 0 0 0 0 0 12.8 0 0 0 0 0 0 1.8 0 0 0 0 0 0 0 0 0 0 0 0 0 0 
 34 32.6 84.80000000000001 31.200000000000003 75.4 67.60000000000001 31.6 0 14.200000000000001 56.800000000000004 49.6 8.6 58.2 73.2 29.6 19.6 17.400000000000002 21 38.800000000000004 16.6 0 0.6000000000000001 0.4 0.4 0 0 0 0 0 1 0 0.4 15.200000000000001 0 0 0.4 0 0.6000000000000001 16 15.8 0 0 0 0 1.2000000000000002 0.8 0 0.4 0 0 0 0.2 0.6000000000000001 0.2 0.4 0 0 0 0.4 0 0 0.6000000000000001 0 0 0 0 0.6000000000000001 0 0.4 0 0 9 0 1.2000000000000002 5.2 0.6000000000000001 0 4 0 0.4 0 9.4 0.4 0 0 3.4000000000000004 3.6 9.200000000000001 0 1 3.4000000000000004 0.2 11 0 2.8000000000000003 2 8 1.8 0 2.6 0 0 0 0 0 0 0 3.8000000000000003 0 0 0 0 0 0 4.800000000000001 0 0 0 3.8000000000000003 0 0 0 0 0 0 0 0 0 0 0.4 0 0 0 0 0 0 0 0 0 0 0 0 0 0 0 0 0 0 0 0 0 0 2 0 0 0 0 0 0 0 2.8000000000000003 0 8.4 4.2 0.4 2.6 4 0 3 0 0 0 5.4 4 0 0 2.6 10.200000000000001 3.4000000000000004 0 0 0.2 0 0 0 0 3.4000000000000004 0 0 0 0 0 0 0 0 0 0 0 3.4000000000000004 1.2000000000000002 0 0 0 0 0.2 0 0 0 0 0 0.2 0 0 0 0 0 0 0 0 0 0 0 0 0 0 0 0 0 0 0 0 0 0 0 0.6000000000000001 0 0 0 0 0 0 0 0 0 0 0.4 0.4 0.4 0 0.4 0.4 2.8000000000000003 2 0 0.2 0 0 0 0 0 0.2 0 0 0 0 0 0 0 0 0 0 0 0 0 0 2 3.8000000000000003 0 0 0 0 0 0 0 0 0 0 0 0 0 
 4.2 10.200000000000001 40.2 14.600000000000001 21.6 35 11.8 14.200000000000001 0 19.400000000000002 34 53.400000000000006 14.200000000000001 23.6 39.6 39.400000000000006 8.8 94.2 66.4 27 0 0.6000000000000001 0 0 0 0 0 1.4000000000000001 0 0 0 0 0.6000000000000001 0 0 0 0 0.4 0.4 13 0 0 0 0 0.6000000000000001 0.4 0 0.4 0 0 3.4000000000000004 0 0.6000000000000001 0 0.4 0 0 0 0 7.4 0 0.4 0 0 0 0 1.2000000000000002 0 0 0 0 0 0 1.2000000000000002 0 0.4 0 10.4 0 0 2.2 0 0.4 2.6 2.2 3.6 0 0 3.4000000000000004 16.2 2.6 0 2.6 7 0 0 2 0 0.2 8.8 2.8000000000000003 4 0 0 0 0 0.2 0 0 0 0 0 3.4000000000000004 4 3 0 0 0 10 6.4 0 0 0 0 0 0 0 0.2 0 3 0 0 0 0 0 0 0 0 0 0 0 0 2.4000000000000004 0 0 0 0 0 0 0 0 0 0 0 0 0.2 0 0 0 0 0.6000000000000001 3.6 6.4 1.8 4 2.6 0.2 0.2 9.600000000000001 3 0 2 4 0 0 2.6 3.4000000000000004 2.6 0 0 2.4000000000000004 0 0 0 0 0 0 0 0 0 0 0 0.2 0.4 0 1.6 2.4000000000000004 0 5 2.4000000000000004 0 0 0 0 0 0 7.800000000000001 0 0 0 0 0 5.6000000000000005 0 0.2 0 0 0 0 0 0 0.2 0 0 0 0 0 0 0 0 0 0 0 0 0 3.6 0 0 0 0 0 0 0 0 0 0 0 0 0.2 20 8.200000000000001 3 0 0 0 0 0 0 0 0 0 0 3.8000000000000003 0 0 0 0 0 0 0 0 0 0 0 0 0 0.2 2.4000000000000004 0 0 0 0 0 0 0 0 0 0 0 0 
 121.2 28 26.200000000000003 124 16 10.4 8.4 56.800000000000004 19.400000000000002 0 76.2 9.600000000000001 10.600000000000001 27.200000000000003 66.4 57.800000000000004 46.6 81.60000000000001 68 25.8 0 0.6000000000000001 0 0 0 0 0 0 0.4 0 0 0 12.8 0 0 0 0.2 0 14 14.4 0 0 0 0 0.2 0.6000000000000001 0 0.4 0 0 0.4 0 0.6000000000000001 0 0.4 0 8.200000000000001 0 0 0 0 0.4 1.4000000000000001 0 0 1.8 0.4 0 0 0 0 0.8 0 0 9.600000000000001 0.6000000000000001 0 0 0 0 0 19.200000000000003 0.6000000000000001 3.2 1.2000000000000002 9.200000000000001 0 8.8 3.6 5.6000000000000005 2.8000000000000003 2.8000000000000003 3 0 1.4000000000000001 0 3.4000000000000004 4 0 0 0 0 0 0 0 0 2.4000000000000004 0 0 0 0 0 0 0 6.2 0 0 0 0.2 0 0 0 0 0 0 4 0 0 0 0 2.2 0 0 0 0 0 0 0 0 0 0 0 0 0 0.2 0 0 0.8 1.4000000000000001 0 0 1.2000000000000002 0 0.4 1 1.2000000000000002 0 0 0.2 0 0 6.800000000000001 0 9.4 2.2 1.4000000000000001 0.2 2.2 2.6 2 6.800000000000001 3.2 0 0 4 3.4000000000000004 0 3.2 0 0 0.2 0 0 0 0 0 4 0 0 0 0 0 7.800000000000001 0 0.4 0 0 0 2.8000000000000003 14.600000000000001 0 0 0 0 0 0 0 0 0 0 0 0 0 0 0 0.4 0 0 0 0 0 0 0 0 0 0 0 0 0 0 0 0 0 0 0 0 0 0 0 0 0 0 0 0 0 0 19 0 10 0.2 0 2.2 2.2 0 0 0 0 0 0 0 0 0 0 0 0 0 0 0 0 0 0 0 0 0 0 2 2 0.2 0 0 0 0 0 0 0 0 0 0 0 0 
 25.400000000000002 5.6000000000000005 69.8 22.200000000000003 62 30.400000000000002 4 49.6 34 76.2 0 34.800000000000004 69 7.2 37 78.4 16.2 37.6 8 58.2 15 1 0.8 0.4 0 0 0.6000000000000001 14.8 0.8 0 0 0.6000000000000001 0.4 0 0 0 0 0 0.8 19.200000000000003 0 0.4 0 0 0.2 0.6000000000000001 0.6000000000000001 0.4 0 0 0.4 0 1.2000000000000002 1.2000000000000002 0.8 0.4 0 0 0 0 0.6000000000000001 0.4 0 0.4 0.4 0.6000000000000001 0.4 0.4 0 0 0 1.4000000000000001 0 0.2 0.4 0.6000000000000001 0 0 0 0 3.6 6.6000000000000005 4.6000000000000005 3.2 1 12 0 2.2 4 3.6 2 6.800000000000001 2.2 0 2.8000000000000003 0.2 0 5.6000000000000005 0.2 0 0.6000000000000001 0 0 0 0 0 6.6000000000000005 2 0 0 0 0 3.6 0.2 2.4000000000000004 0 1.8 3.4000000000000004 2.2 2.8000000000000003 0 0 0 0 0 0.6000000000000001 0 0 0 0 0 0 0 0 0 0 0.2 0 0 0 0.2 0 0 0 0 0 2.4000000000000004 1.8 1.2000000000000002 0 0 0.8 0 0 3.6 0.2 0 0 0 1.8 0 4.4 1 17 4.6000000000000005 0.2 0 4.6000000000000005 0.6000000000000001 6 10.200000000000001 0.2 0.2 0 3.6 6 0.2 3 0.2 0 0.2 0 0 0.4 0 0 0 6.800000000000001 0 0 0 2.8000000000000003 5.2 0 2.8000000000000003 0 0 0 6.6000000000000005 8.200000000000001 0 0 0 0 0 0 0 0 0 0 0 0 0 0 0 0 0 0 0 0 0 0 0 0 0 0.2 0 0 0 0 0 0 0 0 0 0 0 0 0 0 0 0 0 0 0 1 18 0 17.2 0 3.6 2.4000000000000004 2.2 0 0 0 0 0 0 0 0 0 0 0 0 0 0 0 0 0 0 0 0 0 0 4.2 0 0.2 0 0 0.4 0 0 0 0 0 0 0 0 0 
 8.200000000000001 26.200000000000003 41.2 12.600000000000001 76.2 60.800000000000004 8 8.6 53.400000000000006 9.600000000000001 34.800000000000004 0 8.6 50.400000000000006 7.800000000000001 23.6 75.4 101.4 46.6 91.4 0 1 15 0.2 0.4 0 0 27.8 0.2 0 0.4 0 0 0.4 0.6000000000000001 0.8 0.4 0.8 15.200000000000001 19.8 0 0 0 0 0.6000000000000001 0.6000000000000001 0 0.6000000000000001 0 0 0 0 0.6000000000000001 0 0.4 0 0 0.6000000000000001 0 0 0 0.4 0 0 0 0 1.8 0 0.6000000000000001 0 0 0 0 1.6 0 0.6000000000000001 0.6000000000000001 0 0 0.4 0 0 2.2 2 9.200000000000001 3.4000000000000004 0 5.800000000000001 0.2 0 0.4 0 0 0 0 2.6 7.2 7.2 0.2 0 9.600000000000001 3.4000000000000004 0 0 0 0 0.4 3.4000000000000004 0 0.4 0 0 8 3.6 0 2 0 3.8000000000000003 9.200000000000001 4.4 0 0 0 0 0.2 0 0 0 0 0 0 0 0 0 0 0.8 0 0 0 0.4 0 0 1.4000000000000001 0 0 0 0 0.2 0 0 0.4 0 0 0 0 0 0 0 0 0 0 0.4 1 1.8 4.6000000000000005 2.8000000000000003 0 0 6.800000000000001 0 3.8000000000000003 1.6 0 0 8.6 4.2 0 2 0 0 1.8 1.2000000000000002 0 0 0 0 0.2 3.2 3.2 4.4 0 0 7 0.6000000000000001 1 3 2.6 0 4 1.8 0 0 0.2 0 0 0 0 0 0 0 0 0 1.6 0 0 0 0 0.4 0.4 0 0.4 0 0 0 0 0 0 0 0 0 0 0 0 0 0 0 0 0 0 0 0 3 0 0 0 0 0 0.4 0 18.2 5.2 0.8 0.4 0.4 0 0 0 0 0.2 0 0 0 0 0 0 0 0 0.4 0 0 0 0 0 0 0 0 2.2 0 0 0 0 0 0 0 0 0 0 0 0 0 
 27.200000000000003 31 11.200000000000001 136 60.2 5.4 36.2 58.2 14.200000000000001 10.600000000000001 69 8.6 0 30.200000000000003 28.8 5.800000000000001 7.800000000000001 15.4 21 105.80000000000001 0 0.6000000000000001 0 0 0.2 0 0.2 0.2 0 0 0 0 0 0 0 0 15 0 0.2 0.6000000000000001 0 1.6 0 0 0.6000000000000001 0.4 0 0.4 0 0 0 0 0.6000000000000001 0 5.800000000000001 0 0 0 0 0 0 0.4 0 0 0 0 0.6000000000000001 0 0 0 0 0 0 0 0.2 0.4 0 0 0 0 11.4 0 0 2.6 0 0 5.2 1 3.2 4.6000000000000005 0 7.4 0 5.4 9.600000000000001 4.4 0 2.2 5.800000000000001 0 0 0 0 0 0 0 0 0 0 0 0 0 0 0 0 0 0 0 0 0 0 0 0 0 0.4 0 0 0 0 0 0 0.2 0 0 0 0.2 0 4.4 0 0 0 0 0.4 0 0 0 0 4.4 0 0 0 0 0 0 0.6000000000000001 0 0 0 0 0 0 3 0 0.2 0 4.2 0.4 4.4 0 3.6 1.6 0 1 0 6.2 2.6 0.6000000000000001 0 0 2.8000000000000003 0 0 0 0 0 0 0 0 0 0 0 0 0.2 0 0 0 0 0 0.4 0 0 0.4 0 0 0 0 0 0 0 0 0 0 0 0 0 0 0 0 0.2 0 0 0 0 0 0 0 0 0 0 0 0 0 0 0 0 0 0 0 0 0 0 0 0 0 0 0 17.2 0 0.6000000000000001 0.2 0 2.4000000000000004 0 0 0.2 0 0 0 0 0.2 0 0 0 0 0 0 0 0 0 0 0 0 0 0 0 2.8000000000000003 0 0 0 0 0 0 0 0 0 0 0 0 0 0.2 
 88.60000000000001 85.2 58 59.2 26.200000000000003 10.200000000000001 42.800000000000004 73.2 23.6 27.200000000000003 7.2 50.400000000000006 30.200000000000003 0 56.800000000000004 46.6 60.400000000000006 25.8 64 40.400000000000006 0 0.8 0 0 0 0 0.2 0 0 0 0 0 0 2.2 0 0 0 0 0.2 1 0 0.6000000000000001 0 0 0.6000000000000001 0.6000000000000001 0 1.4000000000000001 0 0 1.2000000000000002 0 0.6000000000000001 12.200000000000001 0.4 0 6.4 14.600000000000001 0 0.8 0 0.4 0 0 0.6000000000000001 0.8 0.6000000000000001 0 0 0 0 0.6000000000000001 0 0 0 0.6000000000000001 0 1.2000000000000002 0 0.6000000000000001 3.4000000000000004 3.8000000000000003 7.2 5.800000000000001 0 2.6 0 0 0.2 0 3.6 2.6 0.2 2.6 0.6000000000000001 8.4 10.200000000000001 0.4 0 5.800000000000001 0 0 0 0 0 0 0 0 0 0 0 0 0 0 0 0 0 0 0 0.4 0 0 0 0 0 0 0 0 0 0.2 0 0 0 0.2 0 0 0 0 0 0 0 0 0 0 0 0 0 0 0 0 0 0.2 0 0 0 0 0 0 0 0 6.6000000000000005 0 4.800000000000001 1.8 2 2.8000000000000003 5 2.2 0 0.2 8 0.4 1.4000000000000001 2 4.6000000000000005 6 5.800000000000001 1.2000000000000002 3 1.2000000000000002 0 0 0 0 0 0 0 0 0 0 0 0 0 0 0 0 0.2 0 0 0 0 0 0 0 0 0 0 0 15 0 0.2 0 0 0 0 0 0 0 3.2 0 0 0 0 0 0 0 0 2 0 0 0 0 0 0 0 0 0 0 0 0 0 2.8000000000000003 0 0 0 0 0 0 0 0.2 0.2 0.6000000000000001 0.4 0 0 0 0 0 0 0 0 0 0 0 0 0 0 0 0 0 0 0 0 0 0 1.6 1.6 0 0 0 0 0 0 0 0 0 0 0 0 0 
 47.6 61.400000000000006 48.2 40.800000000000004 21.200000000000003 10.8 27.200000000000003 29.6 39.6 66.4 37 7.800000000000001 28.8 56.800000000000004 0 22.6 63.800000000000004 28 36 43.6 0 18.400000000000002 0.2 0 0.2 0 0 0.4 11.600000000000001 0 0 41.400000000000006 0.6000000000000001 0 0 1 0 0.6000000000000001 0.2 1 0.4 0 0 0.4 1.2000000000000002 1 0 0.4 0 0 1 1.8 0.6000000000000001 0 0.4 0.6000000000000001 1 0 0.4 0.8 0.6000000000000001 0.6000000000000001 0.2 0.6000000000000001 1 1.2000000000000002 0.6000000000000001 0 1.2000000000000002 0.4 0.4 0.4 0 1 1.2000000000000002 1.8 0 0.6000000000000001 0 0.4 4.4 9 4.800000000000001 0 2 1.6 0 3 2.2 4.4 0 2.6 0.2 4 1.4000000000000001 4.6000000000000005 12.4 2.4000000000000004 4.6000000000000005 2.6 0 0 0 2.6 0 0 0 0 0 0 0 0 0 0 0.4 0 0.6000000000000001 0 0 0 0 0 0 0 0 7 0 0.4 0 0 0 0 0 0 0 0 0 0 0 0 0 3 0 0 0 0 0 0 0 2 0 0 0 0 0 0.4 0 0 0 0 9 5.4 2.8000000000000003 0.2 0 1.6 0 3 2 3 5.6000000000000005 1.2000000000000002 0.6000000000000001 0.4 0 8.6 4 4.6000000000000005 3.8000000000000003 1.8 0 0 0.4 0 0 0 3 0 0 0 0 0 0 1.4000000000000001 0 0 0 0 0 3 0 0 0 0 0 0 0 0 0 0 0 0 0 0 0.4 0 0 0 0 0 0 0 0.4 0 0 0 0 0 0 0 0 0 0 0 0 0 0 0 0 0 0 0 0.6000000000000001 0 0 0 0 0 0.6000000000000001 0.6000000000000001 0 2.2 0.2 0 0.2 0 0 0 0 0 0 0 5.6000000000000005 0 0 0 0 0 0 0 0 0 0 0 0 0.2 4.6000000000000005 0 0 0 1.6 0.8 0 0 0 0 0 0 0 0 
 24.6 8.8 98.2 81.80000000000001 35.4 28.400000000000002 7.2 19.6 39.400000000000006 57.800000000000004 78.4 23.6 5.800000000000001 46.6 22.6 0 12.200000000000001 32 48.2 55.800000000000004 0 0.8 0 0 0 0 0 0 0 0 0 0 14.8 0 0 0 0.4 0.6000000000000001 15.200000000000001 19 0 0 0 0 0.4 0.6000000000000001 0 0.6000000000000001 0 0.6000000000000001 0.2 0.4 0.6000000000000001 0.2 0.4 0 0 0 0 12.4 0 0.4 0 0 0 0 0.6000000000000001 0 0 0 0 1.6 0 0.6000000000000001 0 0.6000000000000001 0 0.8 0 0 0.4 4.2 3.6 3.6 0 3.4000000000000004 0 3.6 0 0 3.6 0 2 0 0.6000000000000001 0.8 2.8000000000000003 0 0 3.4000000000000004 0 2.8000000000000003 0 0 2.2 0 0 3.8000000000000003 0 0 0 0 4.2 1.4000000000000001 6.800000000000001 0 0 0 10.4 0 0 0 0 0 0 0 1.6 0 0 0 0 0 3.2 0 0 0 0 0.4 0 0 0.4 0 5 0 0 0 2.8000000000000003 0 0.4 0 0 2 0 0 0 0.8 0 0 0 0 0 5.800000000000001 2.2 5.4 5.6000000000000005 1.8 2.6 0 6.6000000000000005 0 0 5.2 1.6 0 0.2 2.8000000000000003 0.6000000000000001 5.2 0 0 2 0 0 0 0 0 3.6 0 0 0 0 4 3.6 0 0 0 2.6 0 3.8000000000000003 2 0 0 0 0 0 0 0 0 0 0 0 0 0 0 0 0 0 0 0 0 0 0 0 0 0 0.4 0 0 0.4 0 0 0 0 0 0 0 0.2 0 0 0 0 0 0 0 0 0.8 0.4 0 0.2 0.4 2.8000000000000003 0 2.2 0 0 0 0 0 0 0 0 0 0 0 0 0 0 0 0 0 0 0 0 0 0 2 2.6 2.6 0 0 0 0 0 0 0 0 0 0 0 0 
 51.400000000000006 81.80000000000001 38.2 46.400000000000006 7.2 31 7.4 17.400000000000002 8.8 46.6 16.2 75.4 7.800000000000001 60.400000000000006 63.800000000000004 12.200000000000001 0 13.200000000000001 25.200000000000003 42 0 1 0 0.6000000000000001 0 0 0 0 0 0 0 0 0 0 0 0 0 0 0.4 0.6000000000000001 0 0 0 0 0.6000000000000001 13.200000000000001 0 1.8 1.2000000000000002 0 0.6000000000000001 0 0.6000000000000001 0 0.4 0 0.6000000000000001 0 0 0 0 0.4 0 0 0 0.8 1.6 0 0 0 0 0.2 0 0 10.200000000000001 0.6000000000000001 0 0 0 0 1.8 9.600000000000001 2 2.6 0.2 2.2 0 2.2 0.4 2.8000000000000003 2 5.4 0.2 5.2 2.6 4.6000000000000005 12.8 8.200000000000001 0 0 0 0 0 0.2 0 0 0 0.2 0 0 0 0 1.2000000000000002 0 0 0 0 0 1.6 4 0 0 0 0 2 0 0 0.2 0 0 0 0 0 0 0 0 0 0 0 0 0 0 0 0 0 0 0 0 0 0 0 0 0 0 0 0.2 0 0 0 0 2.8000000000000003 3.4000000000000004 2.4000000000000004 2.6 0 7 1.6 3 0.2 0.2 1.6 1.2000000000000002 2.8000000000000003 6.6000000000000005 2.4000000000000004 3.8000000000000003 5.4 3 3 2 0 0 0.2 0 0 0 0 0 0 0 0 0 0 0.8 0 0 0 0 0 0 0 0 0 0 0 0 0 0 0.2 0 0 3.8000000000000003 0 0 0 0 0 0 0 0 0 0 0 0 0 0 0 0 0 0 0 0 0 0 0 0 0 0 0 2.4000000000000004 0 1.4000000000000001 0 0 0 0.6000000000000001 0.2 0 0 17.2 0 3 0 0 0 0 0 0 0 0 0 0 0 0 0 0 0 0 0 0 0 0 0 0 0 0 4.4 0 0 0 0 0 0 0 0 0 0 0 0 0 
 25.400000000000002 17 40.800000000000004 14.4 9.8 14.4 52.2 21 94.2 81.60000000000001 37.6 101.4 15.4 25.8 28 32 13.200000000000001 0 26 7.800000000000001 0.2 1 0 0.6000000000000001 0 0 0 0 0.6000000000000001 0 0 0 0 0 0 0 0 0 15.600000000000001 16 0 0 0 0 0.6000000000000001 0.8 0 0.4 0 0.2 2 0 0.6000000000000001 0 0.4 0 0.2 0 0 3.6 0 0.4 0 0 0 1.2000000000000002 0.6000000000000001 0 0 0 0 0.4 0 0 0 0.4 0 0 0 0 2.4000000000000004 3.6 3.6 3.2 3.8000000000000003 12.200000000000001 8.8 2.6 4.6000000000000005 5.4 1.6 2.8000000000000003 2.6 0.2 2.4000000000000004 0.2 1.6 8.200000000000001 2 4 0 3.6 0 0 0 0 0.2 0 0 0 0 0.4 4.2 1.2000000000000002 0 0 0 0 6.6000000000000005 0 0 0.4 0 0 0 0 0 0 0 0 0 0 0 0 0 0 0 0 0 0 0 0 0 0 4 0 0.2 1 0 0 0 0 0 0 0.6000000000000001 0 0 0 0 0 3.4000000000000004 0 2.6 4.2 2.4000000000000004 0 3 1.6 3.6 6.2 1.6 1.6 2.8000000000000003 0 2.4000000000000004 7.4 0 3.2 5.2 0 0 0.4 0 0 0.4 0 0 0.4 0 0 0 0 0 0 0 0 0 0 3.8000000000000003 3 0 0 0 0 0 0.4 0 0 3 0 0 0 0 0 0 2 0 0 0 0 0 0 0 0 0 0 0 0 0 1.4000000000000001 0 0 0 0.2 0 0.2 0 0 0 0 0 0 0 0 0.2 1 19 0.2 0 0.4 3.4000000000000004 1.4000000000000001 1.4000000000000001 0 0.4 0 0 0 0 0 0 0 0.6000000000000001 0 0 0 0.4 0 0 0.2 0 0 0 0 0 2 6.6000000000000005 0 0 0 0 0 0 0 0 0 0 0 0 0 
 11.200000000000001 32.6 49.400000000000006 37.2 21.8 12.200000000000001 53.800000000000004 38.800000000000004 66.4 68 8 46.6 21 64 36 48.2 25.200000000000003 26 0 90.60000000000001 0 0.8 0 0.2 0.2 0 0 0.2 0.2 0.6000000000000001 0 0 0.4 0 40.2 0 0 0 0 0.6000000000000001 0 0 0.6000000000000001 0 0.6000000000000001 0.6000000000000001 0 0.8 0 0 2.4000000000000004 0 0.6000000000000001 0 0.4 0 1 0 0 14.600000000000001 0.4 0.4 0 0 0 0 0.6000000000000001 0 0 4.6000000000000005 0 9.600000000000001 0 0 0 0.6000000000000001 0 0.6000000000000001 0 0 1.6 5 6 3.6 0 0 0 0 2.2 0.2 2 3.2 1.8 3.2 7 2.8000000000000003 2.2 1.2000000000000002 0 2 0 0 0 0 0 0 0 0 0 0 0 0 0 0 0.2 0 0 0 1.2000000000000002 0 0 0 0 0 0 0 0 0.2 0 0 0 0 0 0 0.4 0 0 0 0 1.2000000000000002 0 0 0 0 0 0 0 0 0 0 0 0 0.2 0 0 0.2 0 0 0 0 3.8000000000000003 0 5.800000000000001 4.6000000000000005 0.6000000000000001 2.8000000000000003 5.4 4.2 0 2.8000000000000003 1.8 0 4.2 6 0 10.4 12.8 8.6 2 2 0 0 0 0 0 0 0 0 0 0 0 0 0 0 0 0 0 0 0 0 0 0 0 0 0 0 0 0 3.6 0 0 0 0 0 0.2 0 0 0 0 0 0 0 0.2 0 0 0 0 0 0 0 0 0 0 0 0 0 0 0 2.4000000000000004 0 0 0 0 0 0 0.4 0 0 0 0 0.4 2.2 2 0 0 0 0 0 0 0 0 0 0 0 0 0 0 0 0 0 0 0 0 0 0 4.2 0 0 0 0 0 0 0 0 0 0 0 0 0 0 
 38.800000000000004 15.200000000000001 50.800000000000004 17.400000000000002 22.200000000000003 10 26 16.6 27 25.8 58.2 91.4 105.80000000000001 40.400000000000006 43.6 55.800000000000004 42 7.800000000000001 90.60000000000001 0 0 0.6000000000000001 0 0 0 0 0 0 0.6000000000000001 0.6000000000000001 0 0 0 0.4 0 0 0 0.8 0 0.6000000000000001 0 0 0 0 0.6000000000000001 0.4 0 0.4 0.4 0 0 0 0.6000000000000001 0.6000000000000001 0.4 0 0 0.2 0.4 0 0 0.4 0 0 0 0 0.6000000000000001 0 0 0 0 0 5.6000000000000005 0 0 0.4 0 0 0 0.2 6.4 0 0 0.2 0 0 0 0 0 2.2 0 3.6 3.2 11.4 0 8.6 4.4 0 1.8 8.8 0 0 0 0 0 0 0 3.2 0 0 0 0 0 0 0 0 2.6 0 0 0 0 0 0 0 0 0 0 0 0 0 0 0 0.4 0 0 0 0 0 0 0 0 0 0 0 0 0 2.4000000000000004 0 0 0 0 0 1.6 0 0 0 0 0 0 0 0 2.2 0 0 0 3.4000000000000004 0 5 0 0 2 0 0 0 3 2 2.4000000000000004 2.2 2.2 4.4 0.2 0 0 0 0 0 0 0 0 0 0 0 0 0 0 0 0 0.4 0 0 0 0 0 0.2 0 0 0 0 0 0 0 0 0 8.200000000000001 0 0 10.4 0 0 0 0 0 0 0 0.2 0 0 0.2 0 0 0 0 0.4 0 0 0 0 0 0 0 0 0 0 0 0 0.4 0.4 0 0.4 0.4 0 5.4 0 0 0 0 0 0 0 0 0 0 3 0 0 0 0 0 0 0 0 0 0 0 0 0 0 0 0 0 0 0 0 0 0 0 0 0 0 0 
 0 0 0 0.4 15.600000000000001 5.6000000000000005 0 0 0 0 15 0 0 0 0 0 0 0.2 0 0 0 34 42.2 12.600000000000001 25.200000000000003 91.2 25.400000000000002 78.80000000000001 8.8 6.6000000000000005 32 7.4 13 53.800000000000004 5 10.4 36.2 28.400000000000002 25.8 10.200000000000001 0 0.6000000000000001 0.4 0 0 0 0.2 0 0 0.4 0 4 0 0.8 0.4 0 0 0 0 0 0.6000000000000001 0 0 0 0.6000000000000001 0 0 0.4 0 0 0 0 0 0 0.6000000000000001 0 0 0 0.8 0.2 0 0 0 0 3.2 0.4 0 0 0 0 0 0.2 0 0 0 0 0 1 0 0.2 0 0 2 2.2 1.8 0 7.2 0.2 2.6 2 3.6 0 2 0 1 8.200000000000001 9.8 0 0 5 0 0 0 0 0 0 0 0 0 0 0 0 0.4 0 0 0 0 0.2 0 0 0 0 0 0 0 0 0 0 0 0 0 0 0 0 0 0 0 0 0 0 0 0 0 0 0 1.4000000000000001 0 0 0 0 0 0 0 0 0 0 4.2 0 0 0 2.4000000000000004 0 1.8 3 0 0 1.2000000000000002 0.6000000000000001 12.200000000000001 0.2 0 10.8 0 2.4000000000000004 3.2 0 13.200000000000001 2 0.6000000000000001 0 0 0 0 0 0 0 0 0 0 0 0 0 0 0 0 0 0 0 0 4.2 0 0 0 0 2.6 0 0 0 0 0.2 0 0 0 0 0 0 0 0 0 0 0 0 0 0 0 0 19.8 0 0 0 0 0 0 2.8000000000000003 0.8 0.2 0 0.2 0 0 0.4 0 0 0 0 0 0 0 0 0 0 0 0 0 0 0 0 0 0 0 0 2.2 0 0 0 0.2 0 0 0 0 
 16.400000000000002 0.6000000000000001 0.6000000000000001 2.8000000000000003 15.4 5.6000000000000005 0.6000000000000001 0.6000000000000001 0.6000000000000001 0.6000000000000001 1 1 0.6000000000000001 0.8 18.400000000000002 0.8 1 1 0.8 0.6000000000000001 34 0 59.2 45.6 7.4 10.8 29.8 27 20.6 7.2 21.400000000000002 83.2 22.8 17.6 40 8.8 42 22.400000000000002 16.6 5.6000000000000005 0 0.6000000000000001 0.8 0 0 0 0 0 0 1 0 0 0 0 1.2000000000000002 0 0 1 1 0 0.6000000000000001 0.8 0 0 1.2000000000000002 0 0 0.4 0.8 0 0 0 0 1.6 0.6000000000000001 0 0 0 0 1.6 0 0 0 0 2.8000000000000003 2.6 0 0 0 0 0 1.8 0 0 0 0 0 0 0 0 0 0.2 0.2 9.8 2.6 3.6 1.8 0.2 9.4 5.6000000000000005 3 6 0.8 0 1.8 3.8000000000000003 3.8000000000000003 5.2 0 0 0 0 4.2 0 0 0 0 3 4.4 0 0 0 8 0 0 0 0 0 0 4 0 1.4000000000000001 0 0 0 0 0 0 0 0 0 0 0 0 0 0 0 0 0 0 0 0 0 0 0 0.2 0 0 0 0 0 0 0 0 0 0 0.6000000000000001 0 0.8 0 6.6000000000000005 2.8000000000000003 2.6 2.2 2 2.4000000000000004 8.6 17.2 0.2 7.6000000000000005 14.200000000000001 0 0 3.2 0 5.2 0 4.4 1.8 0 0 0 0 0 0 0 0 0 0 0 0 0 0.2 2 0 0 0 0 3.8000000000000003 0.2 0 0 0 4.6000000000000005 0 0 0 0 0 0 0 0 0 0 0 0 0 0 0 0 0 0 2.6 0 0 0.2 0 0 0 0 0 0 0 0.2 1 0.4 0.2 0.2 0 0.8 3 2 0 0 0 0 0 0 0 0 0 0 0 0 0 0 0 0 0 0 0 2.2 0 0 0 0 0 0 0 0 
 0.6000000000000001 0 0 0 45.6 31.8 12 0.4 0 0 0.8 15 0 0 0.2 0 0 0 0 0 42.2 59.2 0 18.6 28.400000000000002 17.8 39.2 33.4 48 25.8 9.600000000000001 36 68 99.2 31.6 28.400000000000002 26.200000000000003 13.600000000000001 16.400000000000002 6.800000000000001 0 0.6000000000000001 1 0.4 0 0 0.2 0 0 0.4 0.2 0 0 0 0.4 41.2 0 0 0 0 0.6000000000000001 0.8 0 0 0.6000000000000001 0 0 0.2 0 0 0 0 0 0 1.8 0 0 0 0 0 0 0 0.2 0 0 0 0 0 0 0 2 0 0 0 0 0 0 0.2 0 0 8 4.4 4.800000000000001 4.4 4.2 1.4000000000000001 4.800000000000001 4.4 6.800000000000001 0 0 3.8000000000000003 5 0 1.4000000000000001 1.8 4.800000000000001 7.4 2 2.2 0 0 0 0 0 0 0 0 0 0 0 0 2.4000000000000004 0 0 0 0 0 0 0 0 0 0 0 0 0.2 0 0 0 0 0 0 0 0 0 0 0 0 0 2 0 0 0 0 0 0.6000000000000001 0 0 0 0 0 0 0 0.8 0 0.2 0 0.8 0 0 7.6000000000000005 7.2 1.6 0 0 0 3.4000000000000004 9 5.2 4.800000000000001 6 0 2.2 2.8000000000000003 1.8 4.800000000000001 0 5 1.4000000000000001 0 0 0 0 0 0 0 0 0 0 0 0 0 0 0 0 0 0 0 0 0 0 0 0 0 0 0 0 0 0 0 0 0 0 0 0 0 0 0 0 0 0 0 0.4 0 0 0 0 0 0 0 0 0 0 0 1.2000000000000002 0 0.4 0 16.2 0 0.2 0 0 0 0 0 0 0 0 0 0 0 0 0 0 0 0 0 0 0 0 10 0 0 0 0 0 0 0 0 
 0.8 0 0 0 0.4 0.2 1 0.4 0 0 0.4 0.2 0 0 0 0 0.6000000000000001 0.6000000000000001 0.2 0 12.600000000000001 45.6 18.6 0 24.6 111 12.200000000000001 11.4 56.800000000000004 19.400000000000002 41.6 97 58.800000000000004 15.4 63.800000000000004 26.8 10.200000000000001 29.400000000000002 16 55.800000000000004 15.4 13.600000000000001 0.8 0 0.6000000000000001 0.6000000000000001 4.6000000000000005 13.8 13.200000000000001 0.4 0 0 13 0 1.2000000000000002 0 0.2 0.2 19.400000000000002 1 0.6000000000000001 0.6000000000000001 0 0 0.6000000000000001 0 0.4 0.4 0 0 0 0 0.2 0 1.8 1.6 0 0 0 0 0.2 0 0 0 2.6 0 0 0 0 0 0 0 0 0 0 0 0 0 0 0 1.6 2 0 5.2 0.2 0.8 0 0 0 0 0 1.4000000000000001 0 0 0 0 0 0.2 0 0 0 3.2 0 0 0 0 2 4.4 2 8.4 0 0 2.8000000000000003 0 5 0 2.4000000000000004 0 4 0.2 0.2 0.2 0 0 0 0.4 0 0 0 0 0 0 0 2.8000000000000003 0 0 0.2 0 0 0 0 0 0.4 0 0 0 0 0 0 0 0 0 0 0 0 0 1.4000000000000001 0 0 0 0 0.2 0.2 0 5.6000000000000005 5 2 0.2 0.2 2.2 3.8000000000000003 3.6 0.2 0 0.8 0 0.2 0 0 0 0 0.2 4.2 0 0.2 0 0 0 0.2 0 0 0 3 4 0 4 1 0 5 3.6 0 0 0.2 0.4 0 0.2 0 0 0 0 0 0 0 0 0 0 0 0 0 0.8 0 0 0 0 0 0 0 0 0 0 0 0 0 0 2.4000000000000004 0 0.8 8.200000000000001 0.8 0.8 0.6000000000000001 2 0.4 0 0.2 0 0 0 0 0 0.2 0 0 0 0 0 0 0 0 0 0 0 0 0 0 0 0 0 0 0.4 
 0.6000000000000001 0 0 1.6 0 0 0 0 0 0 0 0.4 0.2 0 0.2 0 0 0 0.2 0 25.200000000000003 7.4 28.400000000000002 24.6 0 44.6 40.2 24.400000000000002 45.800000000000004 17.2 64.2 6.2 11.4 20.200000000000003 11 63.800000000000004 27.400000000000002 41.400000000000006 96.4 15.4 13.200000000000001 14 0.2 0 0 0 4 12.8 12.4 0.4 0 0 32 0 0.6000000000000001 0 0 0 5.2 0 0.6000000000000001 0 7.6000000000000005 0 0.6000000000000001 0.2 0 0.6000000000000001 0.2 0 0 1.4000000000000001 0 0 0.4 1.4000000000000001 0 0.4 0 0.4 0 0 0 0 0 0 0 0 0 0 0 0 0 0 0 0 0 0.4 0 0 9 8.6 2.6 1.2000000000000002 0 9.600000000000001 0 0 0.4 2.2 7.800000000000001 3.8000000000000003 2.2 2.4000000000000004 5.800000000000001 2.4000000000000004 0 2.4000000000000004 0 0 0 2.4000000000000004 0 0 0 0 2.2 6 0 0 0 0 4.800000000000001 1 3.2 0 0 0 7 5 0 1.8 0 0 0 0 0 0 0 0 0 0.2 0 0 0 0 0 0 0 0 0 0 0 0 0 0.4 0 0 0 0 0 0 0 0 0 0 0 0 0 0 0 2.6 8.4 6.2 0.2 4.800000000000001 0 0.2 4 0 4.6000000000000005 2 0 2.4000000000000004 4.2 0 5.6000000000000005 1.4000000000000001 0 0 0 0 1.6 0 0 0 0 0 0 0 0 0 0 0 0 3.2 0 3 5 4 0 0 0 0 0 0 0 0 0 0 7.6000000000000005 0 0 0 0 0 0 0 0 0 0 0 0 0 0 0 0 0 0 0 0 0 0 0 2.6 0.2 0.4 41.400000000000006 3.8000000000000003 0.2 0.4 0 0 0 0 0 0 0 0 0 0 0 0 0 0 0 0 0 0 0 0 0 0 0 0 0 0 0 0 0 
 0 0.4 0.4 0.2 0 0.4 0 0 0 0 0 0 0 0 0 0 0 0 0 0 91.2 10.8 17.8 111 44.6 0 21.6 26.400000000000002 84.80000000000001 86.80000000000001 19.200000000000003 9.200000000000001 6 67.4 8 35.4 23 120.4 94.60000000000001 12.200000000000001 18.2 26.400000000000002 0.4 0.2 0.2 0 0 13.600000000000001 12.4 13.200000000000001 0 0.2 6.6000000000000005 0 0.8 0 0 13.4 4.6000000000000005 25.200000000000003 0.6000000000000001 0 0 0 0.8 0 0 0.2 9.200000000000001 0 0.4 0 0 0 0.6000000000000001 0.6000000000000001 0 0 0 0 0 0 0 0 0 0 0 0 0 0 0 0 0 0 0 0 0 0 0 0.4 2 2.4000000000000004 2 0 7.6000000000000005 4 0 0 0 0 0.6000000000000001 0 0 3.4000000000000004 0 0 2 0 0 0 0 0 0 0.2 4.6000000000000005 0 1.8 3.6 1 3 0 0 2.8000000000000003 2.8000000000000003 6.6000000000000005 0 10.8 0 0.2 8.6 0 1.4000000000000001 0 0 0 0 0 0 0 0 0 0 0 0 0 0.2 0 1.6 0 0 0 0 0 0 0 0 0 4.4 0.2 0 0 0 0 0 0 0 0.4 0 0 0 0 5.6000000000000005 3.8000000000000003 1.8 1.2000000000000002 0 0 0 4 0 0 3.8000000000000003 0 0 0 0 5.2 0 0 0 0 0 4.2 0 0 0 7.2 2.2 0 9.8 0 1.6 2.4000000000000004 9.600000000000001 4.2 3.2 2 2.4000000000000004 0.4 3.8000000000000003 0 0 0 4.6000000000000005 0 0 0 0 0 0 0 0 0 0 0 0 0 0 0 0 0 0 0 0 0 0 0 0 0 0 0 0 0 0 1.8 0 0.2 8.6 30 0.2 0 0 0 0 0 0 0 0 0 0 0 0 0 0 0 0 0 0 0 0 0 0 0 0 0 1.8 0 0 0 0 
 0 0 0 0 15.8 14.8 0 0 0 0 0.6000000000000001 0 0.2 0.2 0 0 0 0 0 0 25.400000000000002 29.8 39.2 12.200000000000001 40.2 21.6 0 16.400000000000002 23.200000000000003 2.6 24.6 9.4 51.800000000000004 52 56.400000000000006 9 4.800000000000001 14.200000000000001 17.400000000000002 118.4 0.6000000000000001 0.6000000000000001 0.6000000000000001 0 0 0.4 0 0 0 0.4 0.4 0.2 0 0 0.4 0 0 0.2 0 0.6000000000000001 0.6000000000000001 0 0 0 1 0 0 1 0.6000000000000001 0.6000000000000001 0.2 0.2 0 0.4 0.6000000000000001 0 0.2 0 13.600000000000001 0 0 0 0 0 0 0 0 0 0 0 2.6 0 0 0 0 0 0 0 0.4 0 0.2 3 3.8000000000000003 0 4.2 1.8 3.4000000000000004 13 7.800000000000001 6 0 3.8000000000000003 3.6 4 4.800000000000001 7 0 5.2 0 1.2000000000000002 0 0 0 0 0 0 6 0 1.2000000000000002 0 0 0 0.6000000000000001 0 0 0 0 0 3.8000000000000003 0 0 0 0 0 0 0 0 0 0 0 0 0 0 0 0 0 0 0 0 0 0 0 0 0 0 2.8000000000000003 0 0 0 0 0 0 0 0 0 0 0 0 0 0 4.2 10 2 2.6 0 2.2 0.8 4.800000000000001 5.4 0.2 5.4 1.6 0 6.4 9.200000000000001 2.2 7.800000000000001 3.6 0 0 0 0 0 0 0 0 0 0 0 0 0 0 0 0 0 0 0 0 6.2 0 0 0 0 0 0 0 0 0 0 0 0 0 0 0 0 0 0 0 0 0 0 0 0.4 0 0 0 0 0 0 0 0 0 0 0 4 0 0 0 7.2 0.4 0.4 0 0 0 0 0 2.8000000000000003 0 0 0 0 0 0 0 0 0 0 0 0 0 0 0.2 0 0 0.4 0 0 0 0 0 
 0.6000000000000001 0 0 0.6000000000000001 27.400000000000002 14.600000000000001 0.6000000000000001 0 1.4000000000000001 0 14.8 27.8 0.2 0 0.4 0 0 0 0.2 0 78.80000000000001 27 33.4 11.4 24.400000000000002 26.400000000000002 16.400000000000002 0 13.600000000000001 6.6000000000000005 7.4 21.400000000000002 33.800000000000004 72.8 8.6 10.600000000000001 24.8 16.2 19.8 29.400000000000002 0 0.6000000000000001 0.2 0 0 0.2 0.2 0 1.8 0.4 0.2 0 0 0 0.4 0 0 0 0 0 0.6000000000000001 0 0 0 0.6000000000000001 0 0 0.6000000000000001 0 0 0 0.2 0.4 10.4 0.4 0 0 0.2 0 0.4 0 0 0 0 1.8 0 0 0 0 0 0 0 0 0 0 0 0 2.8000000000000003 0 0 5.2 3.2 2.4000000000000004 3.6 5 0 2 2.6 3 7 1 0 2.8000000000000003 4.6000000000000005 1.4000000000000001 2.6 4.6000000000000005 3.2 2.2 0 0 0 0 0 0 0 0 0.2 0 0 0 0 1.8 0 0 0 0.2 0 0 1.8 0 0 1 0 0 0 0 0 0 0 1 0 0 0 0 0 0 0 0 0 0 0 4.6000000000000005 0 0 0 0 0.2 1.4000000000000001 0 0 0 0 0 0 1.2000000000000002 0 0.2 0 0 4.2 2.4000000000000004 3 2.4000000000000004 0 0 2 3.2 2.6 3.8000000000000003 0.2 2.6 2.4000000000000004 0.2 3.2 2.8000000000000003 4.2 10.4 5.4 2.8000000000000003 0 2.4000000000000004 0 0 0 0 0 0 3.2 0 0 0 2.4000000000000004 2.4000000000000004 0 0 0 0 0.2 0 0 0 0 0 0 0.4 0 0 0 0 0 0 0 0 0 0 0 0 0 0 0 0 0 0 0 0 0 0 0 0 0 0 0 0 4 0 0 0.6000000000000001 1.2000000000000002 0 0 0 0 0 0 0 0 0 0 0 0 0 0 0 0 0 0 0 0 0 0 0 0 0 0.4 0 0 0 0 0 
 0.4 0 0 0 2.8000000000000003 15 0.2 0 0 0.4 0.8 0.2 0 0 11.600000000000001 0 0 0.6000000000000001 0.2 0.6000000000000001 8.8 20.6 48 56.800000000000004 45.800000000000004 84.80000000000001 23.200000000000003 13.600000000000001 0 57.6 34.6 8.6 32.2 132.20000000000002 14.8 60.6 26 173 107.4 13 12.4 1.8 0.4 0 0 0 0 0 0 0.6000000000000001 0.2 0 22.200000000000003 0 0.4 41.2 0 0 0 0 0.6000000000000001 0 0 0 0.6000000000000001 0 0 1.2000000000000002 0 0 0 0 0 0 0.6000000000000001 0 0 0 0 0.2 0 0 0 0 0 0 0 0 0 0 0 0 0 0 0 0 0 0 0 0 5.6000000000000005 4.2 6 0.4 4.2 3.6 0 0.6000000000000001 8 0 7.2 5.2 1.4000000000000001 3 0.2 2.6 1.8 5.800000000000001 5.4 1.4000000000000001 0 0.4 0.2 0 0 0 1.8 2.8000000000000003 0 0 0 0 8.200000000000001 2.8000000000000003 0 0 0.6000000000000001 0 0.2 4.6000000000000005 0 5 3.4000000000000004 0 0 0.4 0 0 0 0 0 0 0 0 0 0 0 0 0 0 0 0 0 0 0 0 0 0 0 0 0 0 0 0 0 0 0 0 0 0 2.6 0.2 8 2 4.6000000000000005 5.2 2.2 0 9.600000000000001 4.800000000000001 3 3.6 1.8 2.6 0.2 1.8 0 1.8 0 0 2.4000000000000004 0 0 0 0 0 1 0 0 0.4 0 0 0 4.2 0 0 0 3 0 2.2 0 0 0 0 0 0 0 0 0 0 0 0 0 0 0 0 2.6 0 0 0 0 0 0.6000000000000001 0 0 0 0 0 0 0 0 0 0 0 1.8 0 0.4 14.8 15 0.6000000000000001 0.2 0.4 0 0 0 0 0 0 0 0 0 0 0 0 0 0 0 0 0 0 0 7.6000000000000005 0 0 0 0.2 2 0 0 0 
 0 0 0 0 0 15.200000000000001 0.2 1 0 0 0 0 0 0 0 0 0 0 0.6000000000000001 0.6000000000000001 6.6000000000000005 7.2 25.8 19.400000000000002 17.2 86.80000000000001 2.6 6.6000000000000005 57.6 0 64.4 9.600000000000001 26.8 21.200000000000003 15.8 46.6 26.400000000000002 40.2 18.400000000000002 18.400000000000002 15.8 0.8 1.2000000000000002 0.6000000000000001 0 0 0 0 2 0.4 0 0 16 1 0.4 0.4 0 0.4 0.4 0 7.4 0 0 0 0.8 0 0 0.8 0 0 0.2 0 0 0 0.6000000000000001 0 0 0 0 0.2 0 0.2 0 0 3 0 0 0 0 0 0 0 0 0 0 0 0 0 0 0.2 3.6 5.4 6 1.4000000000000001 3.2 6 0 0 0 0 6.800000000000001 2.6 0 3.6 0 0 2.6 3.4000000000000004 0 3.6 0 0.4 0 0 0 0 1 1.6 4.800000000000001 0 0 0 3.8000000000000003 1 0 0 2.2 0 1.4000000000000001 11.600000000000001 0 1.4000000000000001 0 0 0 0 0 0 0 0 0 0 0 0.4 0 0 0 0 0 0 0 0 0 0 0 0 0 0 0 0 0 0 0 0 0 0 0 0 0 0 0.2 0 6.800000000000001 1.2000000000000002 5.800000000000001 2.6 2.4000000000000004 0 4.2 4.6000000000000005 0 3.8000000000000003 2.4000000000000004 0 0.4 0 0.2 0 0.4 0 2.4000000000000004 0 0 0 0 0 0.8 0 0 0 0 0 0 2.4000000000000004 0 0 0 3.2 2.4000000000000004 6.4 0 0 0 0 0 0 0 0 0 0.4 0 0 0 0 0 0 0 0 0 0 0 0 0 0 0 0 0 0 0 0 0 0 0 0 1.8 0 0 15.8 0 0 0 0.2 0 0 0 0 0 0 0 0 0 0 0 0 0 0 0 0 0 0 0 0 0 0 0 3.2 2 0 0 0 
 0 0 0 0 0 42 0 0 0 0 0 0.4 0 0 0 0 0 0 0 0 32 21.400000000000002 9.600000000000001 41.6 64.2 19.200000000000003 24.6 7.4 34.6 64.4 0 51 49.6 13 52.6 36.800000000000004 13.600000000000001 28.200000000000003 9.600000000000001 27.200000000000003 1 0.6000000000000001 0.4 0 0 0.4 0 0 4 0.4 0.2 12.8 0.4 0 0.4 0 0 0 0 0.6000000000000001 0.6000000000000001 0 0 0 1 0 0 1 0.6000000000000001 0.6000000000000001 0.4 0.6000000000000001 0 0.4 0.6000000000000001 0 0.4 0 0 0.2 0 0 0 0 0 0 0 0 0 0 0 0 0 0 0 0 0 0 0 0.4 0 0.4 0 5.800000000000001 3.2 3.6 0 2.4000000000000004 1.8 0.2 3.6 5.800000000000001 0 0 0 3.2 2.4000000000000004 4 0 0 0 0 0.4 0 0 0 4.2 6.2 4 0 0 0 2.8000000000000003 2.2 0 0 0.2 0.4 6 2.6 0 0 0 0 0 0 0 0 0 2.8000000000000003 0 0 0 0 0 0 0 0 0 0 0 0 0 0 0 0 0 0 0 0 0 0 0 0 0 0 0 0 1.6 0 0 0 2 9.8 9.8 3.2 0.6000000000000001 0 2.4000000000000004 2.2 1.8 3 0 0 4.6000000000000005 6.6000000000000005 5.2 0 0 0 1.4000000000000001 0 0 0 0 0 0 0 0 0 0 0 3.8000000000000003 3.8000000000000003 0 0 0 0 5.6000000000000005 4.4 0 0 0 0 0 2 0 0 0 0 0 0 0 0 0 0 0 0 0 0 0 0 0 0 0 0 0 0 0 0 0 0 0 0 0.6000000000000001 0.4 0 1.6 0 0.2 0.4 0 10.8 0 0 0 2.4000000000000004 0 0 0 0 0 0 0 0 0 0 0 0 0 0 0 0 0 0 0 2.6 0 0 0 
 0 0 0 0.2 0 0.4 0 0.4 0 0 0.6000000000000001 0 0 0 41.400000000000006 0 0 0 0 0 7.4 83.2 36 97 6.2 9.200000000000001 9.4 21.400000000000002 8.6 9.600000000000001 51 0 4.4 20.6 22 11.4 27.400000000000002 49.400000000000006 7 11.8 0 0.6000000000000001 0.4 0 0 0 0 0 0.8 0.4 0 0 0 0 0.6000000000000001 0 0 0 0 0 0.6000000000000001 0 0 0 0.6000000000000001 0 0 0.8 0 0 0 0 0 0 0.4 0 0 0 0 0.4 0 0.2 0 0 0 2.4000000000000004 0 0 0 0 0 0 0 0 0 0 0 0 0 0.2 0 0.2 0 2.4000000000000004 6.6000000000000005 2.6 1.8 1.2000000000000002 0 2.4000000000000004 0 3.6 0 0 0 5.2 2 2.6 0 0 0 0 1.4000000000000001 0 0 0 4.6000000000000005 7.2 1.6 0 0 0 8.6 1.4000000000000001 0 0 0 0.2 0.2 5.2 0 0 0 0 0 0 0 0 0 0 0 0 0 0.4 0 0 0 0 0 0 0 0 0 0 0 0 0 0 0 0 0 0 0 0 0 0 1.2000000000000002 0 0.4 0 0.2 3.4000000000000004 3.6 0 7.6000000000000005 6.800000000000001 2 1.2000000000000002 3.8000000000000003 0 2 0 0 0 4.4 2 8.6 1.6 0.4 0 1.2000000000000002 0 0 0 0 0 3.6 0 2.6 0 0.2 0 3.6 0.6000000000000001 0 0 0 0 11 4.4 0 0 0 0 0 0 0 0 0 0.4 0 0 0 0 0 0 0 0 0 0 0 0 0 0 0 0 0 0 0 0 0 0 0 0 1 0 0 0.2 0 0.4 1.6 2 0 0 0 0 1.8 0 0 0 0 0 0 0 0 0 0 0 0 2.6 0 2.8000000000000003 0 0 0 0 0 0 0 0 
