 0 22.8 17.6 42.6 12.4 4.800000000000001 30.200000000000003 29.400000000000002 65 61.2 7.4 26.200000000000003 28.8 18.6 11 24.8 68 37 49.400000000000006 37.2 0 0 0 0 1 0 0.2 0 5.4 10.200000000000001 0 0 0 0 40.6 0 0.4 20.6 0.6000000000000001 0 0 0 0.4 0 12 0 0 0 0 0.4 0 0.6000000000000001 0 0 0 7.4 0 0 0 0 0.4 0 0 0 0 0 0.6000000000000001 0 0 0.6000000000000001 0 0 0 0 0.6000000000000001 0 0 0.4 0 0.4 0 9.600000000000001 4.2 4.6000000000000005 1.8 3.6 5 6.4 5.2 4.800000000000001 0 8.200000000000001 0.6000000000000001 6.800000000000001 6.2 3.4000000000000004 0 5.6000000000000005 4.4 3 0 0 0 0 1 0 3 0 0 0 1 0 0 0 0 0 0 0 0 0 0 0 0 0 0 0 0 0 0 0 2.2 0 0 0 0 0 0 0 0 0 0 0 0 0 0 0 0 0 0 0 0 0 0 0 0 0 0 0 0 0 3.8000000000000003 5 3.4000000000000004 2.6 3 0 2.4000000000000004 5 2 2.4000000000000004 1.2000000000000002 0 1.2000000000000002 5.4 8 0 0 4.2 0 0 0 0 0 0 0 0 0 0 0 0 0 0 0 0 0 0 0 0 0 0 0 0 0 0 0 0 0 0 0 0 0 0 0 0 0 0 0 0 0 0 0 0 0 0 0 0 0 0 0 0 0 0 0 0 0 3.4000000000000004 0 0 0 0 0 0 0 0 0 0.6000000000000001 0.2 0.2 0.2 0 6.6000000000000005 1.8 0 0 0 0 0 0 0 0 0 0 3 0 0 0 0 0 0 0 0 0 0 0 0 4.4 0 0 0 0 0 0 0 0 0 0 0 0 0 0 
 22.8 0 81.60000000000001 30 66.60000000000001 41.400000000000006 16.400000000000002 52.2 49.2 25.8 24.8 15.8 27.200000000000003 15.8 44.400000000000006 25.400000000000002 18 6.6000000000000005 70.60000000000001 37.4 0.4 0.8 0 0 1.2000000000000002 1.2000000000000002 15 0 0 0.6000000000000001 0 0 0 0 0.8 0 0 1.8 0.8 19.8 0 0.2 0.6000000000000001 0.4 1 0.4 4.6000000000000005 0 0 0 0 1.4000000000000001 0 0.4 0.2 0.4 1.4000000000000001 0.2 0 0.4 0.4 0 0.6000000000000001 0 0 0.2 1.2000000000000002 0.8 0 0.6000000000000001 0.6000000000000001 0 0 0 1.4000000000000001 1 0 0.4 0.2 0.4 0 3.8000000000000003 3 0 1.8 3.4000000000000004 12.600000000000001 0 2.6 5.6000000000000005 0 2.6 0.6000000000000001 0 4.4 2.4000000000000004 2.8000000000000003 5.2 1.2000000000000002 3 0 0 0 0 0 0 0 2.8000000000000003 0 0 0 0 2.2 0 0 0 0 0 3 8.6 0 0 0 0 0 0 0 0 0 0 0 0 0 0 0 0 0 0 0 0 0 0 0 0 0 0 3.4000000000000004 0 0 0 0 0 0 0 0 0 0 0 0 0 0 2.4000000000000004 0.4 0 0 0 0 1.8 2.2 1.2000000000000002 2.8000000000000003 0 0 0 0 2.8000000000000003 0 2 0 0 0.2 0 0 0 0 0 5.2 0 3 0 0 0 1.6 0.6000000000000001 5.6000000000000005 0 0 0 0 0 0 0 0 0 0 0.4 0 0 2.6 0 0 0 0 0 0 0 0 0 0 0 0 0 0 0 0 0 0 0 0 0 0 0 0 0 0 0 0 0 0 0 0 3.8000000000000003 0 0 0 0.8 0.4 0 0.2 0.2 5.2 2 0 0 0 0 0 0 0.4 0 0 0 0 0 0 0.2 0 0.4 0 0 0 0.2 0 0.4 0 0 0 0 0 0 0 0 0 0 0 0 0 0 0 0 
 17.6 81.60000000000001 0 26.200000000000003 12 9 57.400000000000006 59.6 20.200000000000003 8.8 67.2 9 55.800000000000004 12.4 26.200000000000003 45.2 12.600000000000001 49.6 5.2 32 0 0 0.2 0 0.6000000000000001 0 8.200000000000001 0 0 16 0 0 0 14.8 0 0 14.600000000000001 0.6000000000000001 0.4 0 0 0 0.8 0 0 0.4 0 0.4 0 12.8 0 0.6000000000000001 0 0 0 0 0.8 0 0 0 0.2 0 0.4 0 0 0 0.4 0 0 0.6000000000000001 0 0 0 0 0.6000000000000001 0 0 0 0 0.4 0 2.8000000000000003 3.2 0 1.6 2.2 0 0 3.2 9.600000000000001 3.4000000000000004 2 0 0.4 0 0.8 0.4 6.800000000000001 0 0 0 1.4000000000000001 0 0 0 0 0 4.6000000000000005 0 0 0 0 12.4 0 0 0 0 0 6.2 4.800000000000001 0 0 0 0 0.4 0.4 0 0 0 0 0 0 0 0 0 0 0 0 0 0 0 0 0 0.4 0 0 0 0 0 0 0 0 0 0 0 0 0 0 0 0 0 0.4 0 0 6.4 0 3.6 0 0 1.4000000000000001 0 3.2 0 0 0 3.8000000000000003 2.8000000000000003 2.6 0 0 0 0 0 0 0 0 3.8000000000000003 1.8 2.4000000000000004 0 0 0 2.6 0 3.8000000000000003 0 0 0 2.2 1.2000000000000002 0 0 0.4 0 0 0 0 0 2 0 0 0 0 0 0 0 0 0 0 0.2 0 3.2 0 0 0.4 0 0 0 0 0 0 0 0 0 0 0 0 0 0 0 0 3 0 0 0 0.4 18.6 0 0 0 0 1.6 0 0 0 0 0 0 0 0 0 0 0 0 0 0 0 0 0 0 0 0 0 0 0 8.4 3.4000000000000004 1.4000000000000001 0 0 0 0 0 0 0 0 0 0 0 0 
 42.6 30 26.200000000000003 0 19.400000000000002 9.4 64 15 96.2 21 20 33.4 12 26.200000000000003 27.6 38.6 40.2 47 111.4 34.6 0 0 0 0 0.6000000000000001 0 0.2 0.4 0 0 0 0.6000000000000001 0 0 0 0 0 0.8 0.6000000000000001 0 0 0 2.8000000000000003 0 0 0 0 0 0 13.200000000000001 0 0.6000000000000001 0.2 0.4 0 1 0 0 0.4 0 0 0 0 0 0 0 0.2 0 0 0.6000000000000001 0 0 0 0 5.800000000000001 0 0 0 0 0.6000000000000001 9 7.800000000000001 2 2.4000000000000004 0.4 2.8000000000000003 0 6.2 8.6 0 5.2 5.6000000000000005 0 6.6000000000000005 2.6 6.2 0 3.8000000000000003 0 0.2 0 0 0 0 0 0 3.6 0 0 0 0 0 0 0 0.4 3.6 0 0 4 0 0 0 0 0 0 0 0 2.2 0 0 0 0 0 0 0 0 0 0 0 0 0 0 0 0 0 0 0 0 0 0 0 0 0 0 0 0 0 0 0 0 3 2.6 3 1.2000000000000002 0 2.2 7.6000000000000005 0 2.6 0.4 4.6000000000000005 0 2.8000000000000003 0 7.4 2 3.8000000000000003 6 0 0 0 0 0 0 0 0 0 0.4 0 0 0 0 6.2 0 0 0 0 0 0 1 0 0 0 0 0 0 0 0 0.2 0 0 0 0 0 0 0 0 0 0 0 0 0 0 0.2 0 0 0 0 0 0 0 0.4 0 0 0 0 0 0.4 0 0 0 0 0 0 0 0.4 17.6 0 0.2 0.4 0 2.2 2.2 0 0 0 0 0 0 0 0 0 0 0 0 0 0 0 0 0 0 0 0 2.2 0 3 0.2 0 0 0 0 0 0 0 0 0 0 0 0 0 
 12.4 66.60000000000001 12 19.400000000000002 0 52 10 34.800000000000004 31.6 15.4 62.400000000000006 46 14.200000000000001 18.400000000000002 18.8 38.400000000000006 31.8 8.6 22.6 32.800000000000004 29.400000000000002 0 0 15.200000000000001 0.6000000000000001 0.2 14.600000000000001 29.200000000000003 0 0 0 0 0.2 0.2 59 0 0 0.6000000000000001 12.600000000000001 0 0 3.4000000000000004 0.4 0 0 0 0 0 0 0 0 0.6000000000000001 0.6000000000000001 0 0 0 0 0.2 0 1.6 0 0 0 0 0 0.2 0.2 0 0 0.6000000000000001 0 0 0 0 0.6000000000000001 0 0 0 0 0.6000000000000001 2.6 3.6 0 5.800000000000001 3.6 2.4000000000000004 0 0 2.6 3.2 2.4000000000000004 2.2 0 0.8 0 4 4.4 4.6000000000000005 0 3.4000000000000004 0 4.800000000000001 0 0 0 0.4 3.2 6.4 0 0.2 2 0 5.6000000000000005 0 1 0 0 0 8.4 1.8 0 0.4 0 0.4 0 0 0 3 0 0 0 0 0.2 0 0 0.4 0 0 0 0 0 0 0 0 0 0 0 0 0 0 0 0 0 0 3 0 0 0 0 0 1 0 2 2.8000000000000003 3 2.4000000000000004 0 0 0.2 0 4 0 0 0 0 2.4000000000000004 3.8000000000000003 0 0 0 0.4 8.4 3 0 0 0.2 0.2 4.800000000000001 3.8000000000000003 0 0 0 0 0 0 3.2 0 0 5 1.8 0 0 0 0 0 0 0 0 0 0 0 0 0 0 0 0 0 0 0 0 0 0 0 0 0 0 0 0 0 0 0 0 0 0 0 0 0 0 0 0 0 0 0 0 0 1.2000000000000002 19.6 0.2 0.2 17.8 0.4 0.6000000000000001 2 0 0 0 0 0 0 0 0 0 0 0 0 0 0 0 0 0 0 0 0 0 0 2 0 3 0 0 0 0 0 0 0 0 0 0 0 0 
 4.800000000000001 41.400000000000006 9 9.4 52 0 4.800000000000001 61.800000000000004 18.2 27.200000000000003 48 9.8 48.800000000000004 9.600000000000001 9.4 32.2 31.400000000000002 42.400000000000006 10 49.400000000000006 12.600000000000001 0.2 5.4 0 0.6000000000000001 0 19.400000000000002 43.2 1.2000000000000002 16 0 0.4 0 0.6000000000000001 0 15.4 0 13.4 16.8 28.400000000000002 0.2 0.8 0.8 0 0 0 0 0 0 0 0 0.6000000000000001 0.4 6.2 0 0 0 0.2 0 2.8000000000000003 0 0 0 0 0.4 0 0 0 0.2 0.6000000000000001 0 0 0 0 0.4 0 0 0 0.4 0.6000000000000001 0 0 0.8 2 7 0 0 0 1.8 2 0.2 1.8 0 0 0 2 3.6 0 0 0 0.2 0 0.4 0.2 0.6000000000000001 0 3.8000000000000003 6.6000000000000005 2.2 0 3.2 0 8 3.2 0 2 0 2.6 3.4000000000000004 5.800000000000001 1 0 0 0 0 0 0 0 0 0 0 0 0 0 0 0 0 0 0 0 0 0 0.4 0 0 0 0 0 0 0 0 0 0 0 0 0 0.2 0 0 2.6 0 0 2 0 0 0 0 0 6.4 2.6 5.6000000000000005 0.2 0 0 0 10.600000000000001 0 0 0 0 5.4 0 2.6 0 0 0 2.2 4.2 0 0 0 0 3.2 9.200000000000001 3.6 0.2 0 0 10.8 0 0 0 0 0 0 0 0 0 0 0 0 0.2 0 0 0 0 0 0 0 0 0 0 0 0 0 0 0 0 0 0 0 0 0 1.8 0 0 0 0 0 0 0 0 0 0 0 1.6 0.4 0.2 17.2 17.2 0.2 1.6 0 0 0 0 0 0 0.2 0.4 0 0 0 0 0 0 0 0 0 0 0 0 0 0 0 0 1.6 0 0 0 0 0 0 0 0 7.6000000000000005 0 0 0 0 
 30.200000000000003 16.400000000000002 57.400000000000006 64 10 4.800000000000001 0 16.2 32.6 20 7.4 6.2 31 28.200000000000003 25.200000000000003 40.400000000000006 43.400000000000006 23.400000000000002 71.60000000000001 21.200000000000003 0 0 0 0 0.6000000000000001 0 0 0 0.2 0 0 0 0 0 0 0 0 0.6000000000000001 0.4 0 0 0 4 0 0.2 0 0 0.4 0 12.600000000000001 0 0.6000000000000001 0 0 0 0.4 0 0 0 0 0.4 0 0 0 0 0 0.6000000000000001 0 10.8 0.6000000000000001 0 0 0 0 0.6000000000000001 0 0 0.2 0 0.4 2.8000000000000003 5 0 0.2 0.4 0 1.6 0 9.200000000000001 0 4 2.2 0.4 0 3.8000000000000003 4.2 0 5.6000000000000005 0.2 0 0 0.2 0 0 0 0 0 1.4000000000000001 0 0 0 0 0 0 0 0 0 0 0 0 0 0 0 0 0 0 0 0 0 0 0 0.2 0 0 0 0 0 0 0 0 0.4 0.4 0 0 0 0 0 0.4 0 0 0.4 0 0.2 0 0 0 0.2 0 0 0 2.8000000000000003 2.2 0 3.8000000000000003 0 0 6 0 4.800000000000001 0 1.8 0 0 0 9.8 2.6 4 8.6 0 0 0 0 0 0 0 0 0 0 0 0 1.6 0 0 0 0 0 0 0 0 0 0 0 0 0 0 0 0 0 0 0 0 0 0 0 0 0 0 0 0 0 0 0 0 0 0.4 0 0 0 0 0 1.2000000000000002 0 0 0 0.4 0.4 0.2 0 0 0 0 0 0 0 0 0 17.400000000000002 0 0 0.2 0 0.4 0 0.2 0 0 0 0 0 0 0 0 0 0 0 0 0 0 0 0 0 0 0 0 0 3.8000000000000003 0 0 0 0 0 0 0 0 0 0 0 0 0 0 
 29.400000000000002 52.2 59.6 15 34.800000000000004 61.800000000000004 16.2 0 70.8 54.2 17.400000000000002 5.6000000000000005 33.4 39 24.400000000000002 19.6 32.2 6 29.400000000000002 30 0 0 0 0.2 0.8 0.4 0 0 0 0.2 0 0 0 0 0 0 15.600000000000001 0.6000000000000001 0.4 0 0.2 0.6000000000000001 1.4000000000000001 0 0 0 0 0 0 0 0 0.6000000000000001 0.4 0 0 0 0 0 0 0.8 0 0 0 0.6000000000000001 0 0 0 0 0.2 0.6000000000000001 0 0 0 0 0.4 0 0 0 0 0.6000000000000001 7.4 2.8000000000000003 0 0.6000000000000001 2 3.4000000000000004 0.8 1.4000000000000001 0 3.2 11 0.2 5.800000000000001 2.6 4 0 16.6 0 6.800000000000001 3 0 0 0 0 0 0 0 0 0 0 0 2.4000000000000004 0 0 0 0 0 0 2.8000000000000003 1.8 0 0 0 0 0 0 0 0.2 0 0 0 0 0 0 0 0 0 0 0 0 0 0 0 0 0 0 0 0 0.4 0 0 0 0 0 0 0 0 0 0 0 0 0 3 0 0 0.2 3.2 7 2.4000000000000004 5.2 2.6 0 0 0 0 1.8 4 6.4 2.8000000000000003 0 0 0 0 0 0 0 0 0 0 0 2.2 0 0.2 0 0 0 0 0 0 0 0 0 0 0 0 0 0 0 4.6000000000000005 0 0 0 0 0 0 0 0 0 0 0 0 0 0 0 0 0 0 0 0 0 0 0 0 0 0 0 0 0 0 0 0 0 0 0 0 0.4 0 0 0 0 0 2.8000000000000003 0.2 0 0 0 0 0 0 0 0 0 0 0 0 0 0 0 0 0 0 0 0 0 0 2.2 0 0 0 0 0 0 0 0 0 0 0 0 0 0 
 65 49.2 20.200000000000003 96.2 31.6 18.2 32.6 70.8 0 46.2 26.200000000000003 27.400000000000002 17.400000000000002 77.60000000000001 18 42.6 82 25.400000000000002 71.2 48.800000000000004 0 0 0 0 0.6000000000000001 0 14.600000000000001 0.4 0 0 0 0.4 0 0 0.4 0.6000000000000001 0 0.8 0.4 0 0.8 4.6000000000000005 0.8 0 6.6000000000000005 0 0 0 0.8 0 0 0.6000000000000001 0.2 0.6000000000000001 0.8 0 0 0.6000000000000001 0 0.8 0 0.2 0 0 0 0 0.2 0 0 0.6000000000000001 9.600000000000001 0 0 0 0.6000000000000001 0 0 0 0 0.6000000000000001 4 7.6000000000000005 3.8000000000000003 3.8000000000000003 4.4 3.8000000000000003 2 12.200000000000001 6 0 0 4.800000000000001 3.8000000000000003 6.800000000000001 5.800000000000001 7 3.6 1.2000000000000002 2.2 7 0 0 0 0 0 0 3.8000000000000003 4.4 0 0 0 0 5 0 0 0 0 0 5.6000000000000005 0 0 0.4 0.4 0 0 0 0 0 0 0 0 0 0 0 0 1.4000000000000001 0 0 0 0 0 0 0 0 0 0 0 0 0 0 0 0 0 0 0 0 0 0 0 0 2.2 0 5.6000000000000005 0 0 0 3 6.6000000000000005 2.8000000000000003 0 2.4000000000000004 0.6000000000000001 2.2 2.6 5.6000000000000005 2.4000000000000004 3 3 0 0 0 0 0 0 0 0.2 0.2 0 0 0 0 0 0 0 0 0 3 0 0 0 0 0 0 0 0 0 0 0 0 0 0 0 0 0 0 0 0 0 0 0 0 0 0 0 1.2000000000000002 0 0 0 0 0 0 0 0 0 0 0 0 0 0 0 0 0 0 0 0 0 0 0.2 0.6000000000000001 0 3 2.2 0 0 0 0 0 0.2 0 0 0 0 0 6 0 0 0 0 0 0 0 0 0 0 0 3.6 0 0 0 0 0 0 0 0 0 0 0 0 0 0 
 61.2 25.8 8.8 21 15.4 27.200000000000003 20 54.2 46.2 0 50.6 43 8.6 16.8 38 55 26.400000000000002 57.2 53.2 20.8 18.8 0 0 0.2 0.8 0 15 17.6 0 0 0 0 29.8 0 0 0 0.4 0.6000000000000001 15 11.8 0 0 0.6000000000000001 0 0 0.2 0 0 0 0.2 0 1 0.4 0 0 3.8000000000000003 0 0 0 0 0.8 0 0 0 0 0 0 0 0.2 0.6000000000000001 0 0 0 0 0.4 0 0 0 0 0.6000000000000001 0 12.600000000000001 3.8000000000000003 1.6 0 9.600000000000001 0 3.4000000000000004 6.800000000000001 3.6 0 3.8000000000000003 0 2.8000000000000003 0 8.200000000000001 0 0 0 0 0 0 0 0 0 0 3.6 0 3.6 0 0 0 0.2 0 0 0 0 0 0 5.2 0 0 0 0 0 0 0 0 0 0 0 0 0 0 0 0 0 0 0 0 0 0 0 0 0 0 0 0 0 1.2000000000000002 0 0 0 0 0 0 0 0 0 0 2.8000000000000003 0 0 0 2.2 0 0 3 0 4.800000000000001 1.2000000000000002 0.8 0.4 0 5 0 0 0 0 0 0 0 0 0 0 0 0 0 0 0 0 0 0.2 0 0 0 0 0 0.6000000000000001 0 0 0 0 0 0 0 0 0 2 0 0 0 0 0 0 0 0 0 0 0 10.4 0 0 0 0 0 0 0 0 0 0 0 2.4000000000000004 0 0 0 0 0 0 0 0 0 0 0 0 0 19.400000000000002 0 9.600000000000001 0 0 1 0 0 0 0 0 0 0 0 0 0 2 0 0 0 0 0 0 0 0 0 0 3.8000000000000003 0 5 0 0 0 0 0 0 0 0 0 0 0 0 0 0 
 7.4 24.8 67.2 20 62.400000000000006 48 7.4 17.400000000000002 26.200000000000003 50.6 0 41.800000000000004 37.800000000000004 38.400000000000006 19.400000000000002 39.800000000000004 111.4 101 24.8 14.8 5 0 0.2 0.6000000000000001 1.2000000000000002 0 7.2 33 0 0.6000000000000001 0 0.4 0.4 15.600000000000001 15.4 0 17.8 1 16.400000000000002 14.600000000000001 5.4 0.6000000000000001 0.8 0.2 1 0 1 1 2.2 0 0.6000000000000001 1.2000000000000002 0.4 0 0 0.6000000000000001 0 0 1 0 0.2 8.8 0.6000000000000001 0.6000000000000001 0 0 0.4 0 0.4 0.6000000000000001 0 0 0 0 0.2 0 0 0.4 0 0.6000000000000001 0 5.2 0 0.2 3.8000000000000003 2.6 0 0 0.2 1.4000000000000001 0 0.4 0 0.6000000000000001 0 0 0 0 0 0.2 0 2 0 0 0 0 2.6 2 4.2 0 0.2 0 0.4 0 0 0 0 0 0.2 5.6000000000000005 0 0 0 0 0 0 0 0 0 0 0 0 0.2 0 0 0 0.4 0 0 0 0 0 0 0 0 0 0 0 0 0 0 0 0 0 0 0 0 0 0 0 3.2 0 0 0 0 2.2 0 0 0.8 4.6000000000000005 2.2 1.8 0 0 2.6 0 0.2 0 0 0 4.4 0 0 0 0 0 0.2 5.6000000000000005 0 0.2 0 0 0.2 2.2 2.2 3 0 0 6.4 0 0 0 0 0.4 0 0 0 0 2.2 0 0 0 0 0.4 0 0.4 0 0 0 0 0 0 0 0 0 0 0 0 9.200000000000001 0 0 0 0 0 0 0 0 0 0.4 0 0 0 0 0 0 0 0.4 0 17.400000000000002 0.6000000000000001 0 0.8 0.2 0 0 0 0.4 0 0 0 0 0 0 0 0 0 0 0 0 0 0 0 0 0 0 6.800000000000001 2.2 0 0 0 0 0 0 0 0 0 0 0 0 0 
 26.200000000000003 15.8 9 33.4 46 9.8 6.2 5.6000000000000005 27.400000000000002 43 41.800000000000004 0 21.400000000000002 24 7.6000000000000005 25.8 41.400000000000006 50.800000000000004 21.200000000000003 32 17.8 0 0 0 0.6000000000000001 0.2 5.4 28.6 0 0.6000000000000001 0 0 19.8 6.6000000000000005 15 0 0 0.6000000000000001 0.4 29.8 0 0 0.4 0 0 0 0 0 1 0 0 0.6000000000000001 0.6000000000000001 0 0 0 0 0 0 0 0 0 0 0 0 0 0 0 0.6000000000000001 0.6000000000000001 0 0 10.200000000000001 0 0 0 0 0 0 0.6000000000000001 1.8 2.6 0 4 0 11.200000000000001 0 4.800000000000001 4.6000000000000005 0 2.4000000000000004 7 0 6.6000000000000005 0 9 0 0 0 4.4 0.2 0.8 0 0 0 0 5 0 7 0 0.4 0 0.4 0 2.4000000000000004 0 0 2 0 3 0 0 0 0 0.2 0.4 0 0.6000000000000001 0 0 0 0 0 0 0 0 0 0.4 0 1 0 1 0 2 0 0 0 0 0 0 0 0 0 0 0 0 0 0 0 0 3 2.2 0 5.2 4.4 2.4000000000000004 0 0 0 2.8000000000000003 7.6000000000000005 2.6 0.8 0 0 0 0 0 0 0.4 0 0 0 0 0 0 4.2 0.4 1.2000000000000002 0 0 0 2.6 3.2 0 0 0 3.8000000000000003 7.4 0 0 0 0 0 0 0 0 0 0 0 3.2 0 0 0 0 0 0 0 0 0.2 0 0.2 0 0 0 0 0 0 0 0 0 0 0.4 0 0 0 0 0 2 0 0 0.2 3 0 0 0.6000000000000001 0 0.2 17.2 0.4 0 1.6 1.6 0.4 0 0 0 0 0 0 0 0 0 0 0 0 0 0 0 0 0 0 0 0 0 0 0.2 0 0 0 0 0 0 0 0 0 0 0 0 0 
 28.8 27.200000000000003 55.800000000000004 12 14.200000000000001 48.800000000000004 31 33.4 17.400000000000002 8.6 37.800000000000004 21.400000000000002 0 37.4 28 10.4 48.800000000000004 8 47.6 31 0 40.2 0 0 0.6000000000000001 0 0 40.400000000000006 0 0 0 0 0 0 0 0.4 0 0.6000000000000001 0.4 0 0 0 11 0 12.600000000000001 0 0 0 0 0 0 1 0 0 0 0.2 0 0 0 0 0.2 0 0 1.8 0 0 0.4 0 0 0.6000000000000001 0 0 0 0 0.6000000000000001 0 0 0 0 0.4 1.8 2.8000000000000003 1.2000000000000002 0 0.2 0 9.4 3.6 0 2.8000000000000003 2.4000000000000004 0 2 0.2 2.4000000000000004 2.4000000000000004 5.800000000000001 0 1.2000000000000002 0 0 0 0 0 0 0 0 0 0 0 7.800000000000001 0 0 0 0 0 0 0 0 0 0 0 0 0 0 0 0.4 0 0 2.4000000000000004 0 0 0 0 0 0 0 0 0 0 0 0 0 0 0 0 0 0 0 0 0 0 0 0.2 0 0 0 0 0 0 0 0.4 1.6 0 0.2 5 1.8 4.4 14.600000000000001 0 0.2 4 2 2 0 4.4 4.800000000000001 12.600000000000001 0 8.6 0 0 0 0 0 0 0 0 0 0 0 0 0 0 0 0 0 0 0 0 0 0 0 0 0 0 0 0 0 0 0 0 0 0 0 0 0 0 0 0 0 0 3 3.2 0 0 0.4 0 0 0 0 0.2 0 0 0 0 0 0.2 0 0 0 0 0 0 0 0 17.400000000000002 0 0 0.4 0 3 0 0 0 0 0 0 0 0 0 0 0 0 0 0 0 0 0 0 0 0 0 0 0 0 0 0 0 0 0 0 0 0 0 0 0 0 0 0 
 18.6 15.8 12.4 26.200000000000003 18.400000000000002 9.600000000000001 28.200000000000003 39 77.60000000000001 16.8 38.400000000000006 24 37.4 0 39.2 38.6 22 4.6000000000000005 51 36.6 15.600000000000001 0 0 1.4000000000000001 1.2000000000000002 0.6000000000000001 0.6000000000000001 0 0 0 0 0 0.2 0 0.4 0.6000000000000001 0.4 0.6000000000000001 0.4 0 0.4 0.6000000000000001 13 0 0 0 0 0 0.2 0 0 0.6000000000000001 0.6000000000000001 0.6000000000000001 0.4 0 0 0.2 0 0 0 0.2 0 0 0.4 1.4000000000000001 0 0 1 8 9.600000000000001 0 0 0 0 0 0 0 0 1.2000000000000002 9 0 0 1.2000000000000002 0 0 0.2 2.6 0 0.2 1 3.8000000000000003 7.6000000000000005 2.8000000000000003 0 0 6.6000000000000005 3.6 7.800000000000001 2.2 0 0 0 0 0 0 0 0 0 0 0.4 0.8 0 0 3.2 0 0 0 0 0 0 0 0 0 0 0 0 1.8 0 0 0.4 0 0 0 0.4 0 0 0 0 0 0 0.2 0 0 0 0 0 1.8 0 0 0 0.2 0 0 0 0 3.8000000000000003 0 0 0 3.4000000000000004 3.8000000000000003 0.6000000000000001 0.4 0.2 4 4.2 3.4000000000000004 2.2 4.800000000000001 1 0 0 4.800000000000001 2.2 0 0 2 4 2.4000000000000004 0 0.4 0 0 0 0 0 0 0 0 0 0 0 0 0 0 0 0 0 0 0 0 0 0 0 0 0 0 0.2 0 0 0 0 0 0.2 0 0 0 0 0 0 0 0 0 0 0 0 0 0 0 0 0 0 0 0 0 0 0 0 2.4000000000000004 0 0 0 0 0 1.2000000000000002 0 0 0.2 0 0 19.200000000000003 2.2 0 0 0 0 0 0 0 0 0 0 0 0 0.4 0 0 0 6 0 0 0 0 0 0 0 0 0 0 0 0 0 0 0 0 0 0 0 0 
 11 44.400000000000006 26.200000000000003 27.6 18.8 9.4 25.200000000000003 24.400000000000002 18 38 19.400000000000002 7.6000000000000005 28 39.2 0 25.200000000000003 8.200000000000001 21.400000000000002 28.6 40 0 0.2 0 0 0.6000000000000001 0 0 41.400000000000006 0 0 0 0 0 0.4 0 0 0 0.6000000000000001 0.6000000000000001 0 0 0 0.4 0.2 0.4 0 0 0 0 14.4 0 1 0 0 0 1 0 0 0 0.2 0.4 0 0 0 0 8 0.6000000000000001 0 0 0.6000000000000001 0 0 0 0 0.6000000000000001 0 0 0 0 0.4 4.800000000000001 5.4 4.800000000000001 1.4000000000000001 0 2 0.2 1.8 0 5.6000000000000005 5 0 0 2.8000000000000003 0.6000000000000001 3 0.2 4 3 0.4 9.8 0 0 0 0 0 0 0 0 0 0.4 0 2.8000000000000003 0 0 0 0 0 2.6 1.8 0 0 0 0 0 0 0 0.2 0 0 0 0 0 0 0.4 0 0 0 0 0 0 0 0 0 0 0 0 0 0 0 0 0.2 0 0 0 0 0 0 0 0 0 0.8 0.6000000000000001 0 15.600000000000001 0.2 13 4.800000000000001 4 4.800000000000001 0 2 0 0 0 3.2 1.6 0 4.2 0 0.4 0 0 0 0 0 0 0 0 0 0 0 2 0 0 0 0 0 0 1.4000000000000001 0 0 0 0 0 0 0 0 4 0 0 0 0 0 0 0 0 0.2 0 0 0 0 0 0 0 0 0 0 6.4 0 0 0 0 0 0 3 0 0 0 0 0 0 0 0 0 0.4 1.2000000000000002 0 0.8 0.4 0.4 2 0.2 1.8 0 0 0 0 0 0 0 0 2.8000000000000003 0 0 0 0 0 0 0 0 0 0 0 0 2.2 4 0 0 0 0 0 0 0 0 0 0 0 0 0 
 24.8 25.400000000000002 45.2 38.6 38.400000000000006 32.2 40.400000000000006 19.6 42.6 55 39.800000000000004 25.8 10.4 38.6 25.200000000000003 0 20.400000000000002 27 22.400000000000002 33 0 0 0 0 0.6000000000000001 0 0.2 0 0 0 0 0 5 0 0 0 0 0.6000000000000001 15.8 14.8 0 1.6 1.6 0 0 0 0 0 0 0.2 0 0.8 0.4 13 0 0 0.2 0 12.4 2.8000000000000003 0.2 0 0 0 0 0 0.4 0 0.2 0.6000000000000001 0 0 0 0 0.6000000000000001 0 0 0 0 0.4 7.800000000000001 2.8000000000000003 5.800000000000001 0 3.2 0 1.2000000000000002 0 1 0 5.6000000000000005 4.6000000000000005 0 0 2 16.8 4.2 4.2 5.2 0.4 0 0 0 0 0 0 0 0 2 0 0 0 2.2 0 0.2 0 0 0 4.4 1 0 0 0 0 0 0.2 0 2.2 0 0 0 0 0 0 0 0 0 0 0 0.4 0 0 0 0.2 0 0 0 0 0 0 0 0 0 0 0 0 0 0 0 0 2.2 6.4 1.8 3.2 3.6 3.2 0 0 0 4 7.4 2.2 0 0 4.4 5 2.6 5.4 0 0 0 0 0 0 0 0 0 0 0 0 0 0 0.2 0 0 0 0 0 0 0 0 0 0.2 0 0 0 0 0 0 0 0 0 0 0 0 0 0 0 0 0.4 0 0.4 0 0 0 0 0 0 0 0 0 0 0 0 0 0 0 0 0 0 0 0 0 0 0 0 0 0 17.6 0 0.2 2.2 2 0 0 0 0 0 0 0 0 0 0 0 0 0 0 0 0 0 0 0 0 0 0 2 0 0 0 0 0 0 0 0 0 0 0 0 0 0 
 68 18 12.600000000000001 40.2 31.8 31.400000000000002 43.400000000000006 32.2 82 26.400000000000002 111.4 41.400000000000006 48.800000000000004 22 8.200000000000001 20.400000000000002 0 27 52.800000000000004 27.200000000000003 0.4 0 0.4 0.4 0.6000000000000001 0 0.2 0.4 0.2 0.4 0 0.4 0 0 0.4 0 0 1.2000000000000002 0.4 0 0.6000000000000001 1 2.6 0 0.4 0.4 0.6000000000000001 0 0.6000000000000001 0 0 0.8 0.2 0.2 0 0.6000000000000001 0 0 0.4 1.4000000000000001 0 0.6000000000000001 0 0 0 0 0.6000000000000001 0 0 0.6000000000000001 0 0 0 0 0.6000000000000001 0 0 0 0 0.6000000000000001 6.2 10.200000000000001 1.8 0 5.800000000000001 5.6000000000000005 3 5.6000000000000005 2.4000000000000004 4.800000000000001 1.6 4.2 7.6000000000000005 2 7.800000000000001 5.800000000000001 4 4.6000000000000005 0 5.4 3.4000000000000004 0 0 0 0 0 2.8000000000000003 0.4 0 0 1.4000000000000001 0 0 0 0 0 0 0 4 0 0 0 0 0 0 0 0.2 3.6 0 0 2.2 0 0 0 0 0 0 0 0 0 0 0 0 0 0 0 0 0 0 0 0 0 0 0.4 0 0 0 0 0 0 2 3 2.2 2.4000000000000004 0 1.4000000000000001 0 4.2 2.2 0 6.4 0 0.2 0 3.4000000000000004 2.4000000000000004 4.2 6.800000000000001 0 0 0 0 0 0 0 0 0 0 0 0 0 0 0 0 0 0 0 0 0 0 0 0 0 0 0 0 0 0 0 0 0 0 0 0 0 0 0 0 0 0 0 0 0 0 0 0 0 0 2.6 0 0 0.4 0 0 0.2 3.2 0 0.4 0 0 0 0 0 0 0.4 0.2 0 0 0.4 0.2 2.8000000000000003 1.6 1.4000000000000001 0 0 0 0 0 0 0 0 0 0 0 0 0 0 0 0 0 0 0 0 0 0 2.4000000000000004 0 0 0 0 0 0 0 0 0 0 0 0 0 0 
 37 6.6000000000000005 49.6 47 8.6 42.400000000000006 23.400000000000002 6 25.400000000000002 57.2 101 50.800000000000004 8 4.6000000000000005 21.400000000000002 27 27 0 33.2 6.4 31.400000000000002 0 0 0.2 0.6000000000000001 0.4 29.8 22 0 0.4 0 0.4 14.8 0 0 0 0.4 0.6000000000000001 15 27.400000000000002 0 0 0.4 0 0.2 0 0 0.4 0 0.2 0 1.2000000000000002 0.2 0.2 0 2 0.8 0 0.6000000000000001 0 0 0 0 0 1.6 0.4 0.2 0 9.8 0.6000000000000001 0 0 0 0 1.2000000000000002 0.6000000000000001 0 0 0 0.6000000000000001 0 15.4 11.200000000000001 1.2000000000000002 1.8 3.4000000000000004 1.2000000000000002 0 4.6000000000000005 3.4000000000000004 0 5.800000000000001 0 4 0 13.4 0 0 0 0 0.2 0 0 0.4 0 0 10.200000000000001 0 5.2 3 0 0 0 1.8 0 0 0 0 0 3 0.4 0 0 0 0 0 0.2 0 0 0 0 0 0 0 0 0 0 0 0 0 0 0 0 0 0.8 0 0 0 0 0 0 0 0 0.4 0 0 0 0 0 0 2.4000000000000004 1.2000000000000002 0.2 0.6000000000000001 4.6000000000000005 0 0 5 0.6000000000000001 4.4 2.4000000000000004 0.4 0 0 4.2 3.8000000000000003 0 3.8000000000000003 0 0 4.2 0 0 0 0 0 2.2 0 0 0 0 0 2.4000000000000004 3.4000000000000004 0 0 0 0.2 2.6 0 0 0 0 0 0 0 0 0 0 0 0 0 0 0 0 1.8 0 0 0 0 0 0 0 0 0 0 0 0 0 0 0 0 0 0 0 0 0 0 0 0 0 0 0 0 0 0 18.2 0 9.200000000000001 17 0.2 0.8 0 0 0 0 0 0 0 0 0 0 4 0 0 0 0 0 0 0 0 0 0 0 0 2 0.2 0 0 0 0 0 0 0 0 0 0 0 0 0 
 49.400000000000006 70.60000000000001 5.2 111.4 22.6 10 71.60000000000001 29.400000000000002 71.2 53.2 24.8 21.200000000000003 47.6 51 28.6 22.400000000000002 52.800000000000004 33.2 0 78 0 0 0 0 0.6000000000000001 0 0.2 0 0 0 0 0 0 0 0 0.2 0 20.200000000000003 0.8 0.2 0 0 5.2 0 12.8 0 0 0 0 0 0 1 0 0.2 0 1.4000000000000001 0.2 0 0 0 0.2 0 0.8 0 0 0 0.4 0 0 0.6000000000000001 0 0 0 0 0.6000000000000001 0 0 0 0 0.4 8.4 5.2 14.4 3.4000000000000004 1.6 2.4000000000000004 2.6 5.800000000000001 1.4000000000000001 3.8000000000000003 8.6 3.4000000000000004 4.800000000000001 2.6 2 8.6 8.4 7.2 3.8000000000000003 5.800000000000001 2.2 0 0 0 0 0 0 0 0 0 0 0 0 0 0 0 0 0 0 0 0 0 0 0 0 0 0 2.2 0 0 0 0 0 0 0 0 0 0 0 0 0 0 0 0 0 0 0 0 0 0 0 0 0 0 0 0 0 0 0 0 2.8000000000000003 2.6 4.4 3.4000000000000004 4.4 6.800000000000001 3.8000000000000003 2.6 7.4 1.2000000000000002 1.8 0 1.4000000000000001 0 6 0.2 3.4000000000000004 8.6 0 0 0 0 0 0 0 0 0 0 0 0 0 0 0 0 0 0 0 0 0 0 0 0 0 0 0 0 0 0 0 0 0 0 0 0 0 0 0 0 0 0 0 0 0 0 0 0 0 0 0 0 0 0 0 0 0 0 0 0 0 0 0 0 0 0 0 2.2 9.8 0 0.4 0 3.6 0.8 2.4000000000000004 0 0.2 0 0 0 0 0.4 0 0 4 0 0 0 0 0 0 0 0 0 0.2 0 0 6.4 4.800000000000001 0 0 0 0 0 0 0 0 0 0 0 0 0 
 37.2 37.4 32 34.6 32.800000000000004 49.400000000000006 21.200000000000003 30 48.800000000000004 20.8 14.8 32 31 36.6 40 33 27.200000000000003 6.4 78 0 0 0.4 0 0 0.6000000000000001 0 0 0 0 0 9 5.2 0 0 0 0 0 0.6000000000000001 0.4 0.4 0 0 3 0 0 0 0 0 0 0 0 0.6000000000000001 0.2 0 0 0.2 0 0 0 0 0 0 0 0 0 0 0.2 0 0.6000000000000001 0.6000000000000001 0 0 0 0 0.6000000000000001 0 0 0 0 0.6000000000000001 3.6 5.4 0.6000000000000001 2.6 1.6 3.6 2.2 0 0 1.8 3.6 0 2.4000000000000004 1.4000000000000001 4.800000000000001 5.2 0.2 1.4000000000000001 0 5.2 0 0 0 0 0.4 0 0 0 0.2 0 0 0 0 0.4 0 0 0 0.2 1.2000000000000002 0 0 0 0 0 0 0 0 2.6 0.4 0 0 0 0 0 0 0 0 0 0 0 0 0 0 0 0 0 0 0 0 0.2 0 0 0 0 0 0 0 0 0 0 1.6 2.4000000000000004 1.2000000000000002 2 0.2 1.6 1.8 1.8 8.8 0 3.2 0 0 2.6 1.6 6 3 8.6 0.2 7.6000000000000005 0 0 0 0 0.2 0 0 6 0.4 0 0 0 0 0 0 0 0 0 9.200000000000001 0 0.2 0 0 0 0 0.4 0 0 0 0 0 0 0.2 0 0 0 0 0 0 0 0 0 0 0 0 0 0 0 0 0 0 0 0 0 0 0 0 0 0 0 0 0 0 0 0 0 17.6 0 0.4 0 2.6 0.6000000000000001 1.6 0 0 0 0 0 0 0 0 0 0 0 0 0 0 0 0 0 0 0 0 0 0 0 0 0 0 0 0 0 0 0 0 0 0 0 0 0 
 0 0.4 0 0 29.400000000000002 12.600000000000001 0 0 0 18.8 5 17.8 0 15.600000000000001 0 0 0.4 31.400000000000002 0 0 0 31.400000000000002 35 68.8 7.6000000000000005 63.6 29.400000000000002 18.400000000000002 21.8 23 72.8 15.8 33.800000000000004 38.800000000000004 26.400000000000002 56.800000000000004 61.6 30.6 30 20.6 0.6000000000000001 0 0.6000000000000001 0 1 0 1 0 0.6000000000000001 0.6000000000000001 0 0.4 0 0 0 0.6000000000000001 0.6000000000000001 0 2 0 0 0 1.8 0 0.6000000000000001 0 0.8 1.2000000000000002 0 10.4 1.2000000000000002 0.4 0 0 0 0 0 0.4 0.4 0 0 0 0 0 2 0.4 0 0 0 1.2000000000000002 1.2000000000000002 0.6000000000000001 0 0 0 1.4000000000000001 0 0 0 0 0 2.6 5 0 5 2.6 4.4 0 5.4 5.4 3.4000000000000004 1.8 0 4.4 0 2.6 4.4 0 0 0 0 0 0 0 0 0 0 0 0 0.4 2.4000000000000004 0 2.6 0 0 0 0 0 0 1.4000000000000001 0 0 0 0 0 0 0 0 0 0 0 0 0 0 0 0 0 0 0 2.8000000000000003 0 0 0 0 0 0 0 0 0 2.4000000000000004 2.4000000000000004 0 0 0 0 0.2 0 0 0 0 7.6000000000000005 4.800000000000001 5.4 4.6000000000000005 0 0 0.2 2.4000000000000004 0 0 2.4000000000000004 1.6 2.8000000000000003 4.4 0 3.4000000000000004 5.4 2.4000000000000004 9.200000000000001 0 0 0 0 0 0 0 0 0 0 0 0 0 2.4000000000000004 0 0 0 0 0 0 0 0 0 0 0 0 0 0 0 0 0 0 0 0 0 2.4000000000000004 0 0 0 0 0.4 0 0 0 0 0 0 0 0 14.600000000000001 12.8 0 0 0 0 0.8 0 0 0.2 0.2 0.2 2.6 2 0 0 0 0 0 0 0 0 0 0 0 0.2 0 0 0 0 0 0 0 0 0 0 0 0 0 0 0 0.4 
 0 0.8 0 0 0 0.2 0 0 0 0 0 0 40.2 0 0.2 0 0 0 0 0.4 31.400000000000002 0 62.800000000000004 16.6 10.4 81.2 23.8 53 48.400000000000006 13.8 5.800000000000001 22.200000000000003 33.6 16.2 30 42 21.6 39.800000000000004 28.8 21 0.6000000000000001 0.4 0.6000000000000001 0.8 0.6000000000000001 0 15.200000000000001 0 0.6000000000000001 0.2 0 0.2 14.200000000000001 0 0 1.4000000000000001 0.8 0.6000000000000001 14 0.2 0 0 0.6000000000000001 0 0 11 0.4 0.4 0 0 0 0 0 0 0 0 0 0 0.4 0 0 0 0 0 0 0 0 0 0 0 0 0 0 0 0 0 0 0 0 0 11.600000000000001 0 6.4 0 7.6000000000000005 3.8000000000000003 4.800000000000001 6.6000000000000005 2.8000000000000003 3.6 5.2 6 0.4 3.6 6.6000000000000005 2.8000000000000003 9.4 6.4 0 0 1.8 0.2 0 0 0 0 1.2000000000000002 0 0 0 0 0 2 1.4000000000000001 2.4000000000000004 0 0 0 0 1.6 0 0 0.4 0 0 0 0 0 0 0 2.8000000000000003 0 0 0 0 0 0 0 0 0 0 0 1.4000000000000001 0 0 0 1.2000000000000002 0 0 0 1.8 1.8 0 0 3.8000000000000003 0 0 0 0 0.4 11.200000000000001 2 0.4 16.8 0.2 0 3.6 2.4000000000000004 7.2 3 4 0 0 4.2 0 2.4000000000000004 0 6.6000000000000005 0.2 0 0.2 0 0 0 0 0 4 0 0 0 0 0 3.8000000000000003 0 0 0 0 0 0 0 0 0 0 0 0 0 0 0 0 0 0 0 0 0 0 0 0 0 0 0 0 0 0 0 0 0 0 0 0 0 0 0 0 0 3.8000000000000003 0 0 15.600000000000001 0 0 0.2 0 0 0 0 0 0 0 0 0 0 0 0 0 0 0 0 0 0 5.800000000000001 0 0 0 0 0 0 2.2 0 0 0 
 0 0 0.2 0 0 5.4 0 0 0 0 0.2 0 0 0 0 0 0.4 0 0 0 35 62.800000000000004 0 52 9.8 17.8 13.4 79.60000000000001 33.2 50.2 9.200000000000001 14.8 13.8 10.200000000000001 7.2 59.2 45 19.8 22.200000000000003 13.8 0.6000000000000001 0 0.6000000000000001 0.4 1.2000000000000002 0 0.6000000000000001 0 0.6000000000000001 0 0 0.4 12.8 0 0 0.8 0.6000000000000001 0 16.2 0 0.4 0 1.2000000000000002 0 0 0 0.8 1 0 0 0.6000000000000001 0 0 0 0 0 0 0.2 0.4 0 0 0 0 0 0.2 0 0 0 0 0 0 0 0 0 0 0 0 0 0.4 0 3.4000000000000004 0 6.4 2.2 8 9.200000000000001 5.4 1 1.6 1.4000000000000001 6.2 11.200000000000001 3.6 3.4000000000000004 0 2 5 4.4 0 0 0 2.4000000000000004 0 0 0 0 3.6 0.8 0 0 0 0.6000000000000001 3.8000000000000003 0 0 2 0 0 2.4000000000000004 7.4 0 0 0 0.2 0 0 0 0 0 0 0 0 0 0 0 0 0 0 0 0 0 0 0.2 0 0 0 0.8 0 0 0 0 0 0 0 0.4 0 0 0 0 1.6 0 0 0 4 0 4.4 0 7.800000000000001 4.6000000000000005 1.6 5 6 1.2000000000000002 0 3.6 2 3.8000000000000003 2.4000000000000004 4.4 0 0 0 0 0 0 0 1.8 0 0 0 0 0 3.6 1.8 0 0 0 1.8 0.2 0 0.4 0 0 0 0 0 0 0 0 3.2 0 0 0 0 0.4 0.2 0 0 0 0 0 0 0 0 0 0 0 0 0 0 0 0 0 0 4.4 0 0.4 0 0.2 0.6000000000000001 0.2 0 0 0 0 0 0 0 0 0 0 0 0 0 0 0 0 0 0 0 0 0 0 0 0 0 0 0 0 0 
 0 0 0 0 15.200000000000001 0 0 0.2 0 0.2 0.6000000000000001 0 0 1.4000000000000001 0 0 0.4 0.2 0 0 68.8 16.6 52 0 19 42.400000000000006 18.6 15 22.400000000000002 67.8 38.400000000000006 28.200000000000003 76.2 12.8 13.8 32 16.400000000000002 21.8 65.4 22.400000000000002 12.8 0 7.6000000000000005 12.200000000000001 0.6000000000000001 0 9.200000000000001 25.200000000000003 1.2000000000000002 0 0 0 27 0 0 0.6000000000000001 0 0.2 37.6 0 0 0 0.6000000000000001 0 0 0 0 0.4 0 0 0 0 0 0 0 0 0 0.8 0.4 0 0 0 0 0 0 0 0 0 0 0.4 0 0 0 0 0 0 0 0 0 0 6.800000000000001 0 2.4000000000000004 3.4000000000000004 7.2 3.6 0 0.2 1.4000000000000001 2 3.6 0.8 0 2 3.2 7 3.6 0.2 0 0 7.2 1.4000000000000001 0 0 0 0 0 8.4 0 4 0 0 4.6000000000000005 5.6000000000000005 1.6 2.2 0 0 0 11.4 0 0 0.4 0 0 0 0.2 0 0 0 0 0 0 0 4.6000000000000005 0 0 0 0 0 0 0 1 0 0 0 0 0 0 0.4 0 0 2 0 0 0 0 1.6 0 2.8000000000000003 2 5.2 0 1.4000000000000001 6.2 3.6 0 0 3.2 5.2 2.6 2.6 1 3.4000000000000004 2.6 3.8000000000000003 6.800000000000001 6.2 0 4.6000000000000005 7.4 0 0 2.4000000000000004 0 0 0.2 7.4 0 0 0 0 2.6 4.2 0 0 0 0.2 0 2.2 0 0 0 0 0 0 0 0 0 0 0 0.6000000000000001 0 0 0 0 0 0.4 0.2 0 0 0 0 0 0 0 0 0 0 0 0 0 0 0 3.6 0.4 0 22.400000000000002 17 0.4 0 0 0 0 0 0 0 0 0 0 0 0 0 0 0 0 0 0 0 0 0 0 0 0 0 0 0 0 0 0 
 1 1.2000000000000002 0.6000000000000001 0.6000000000000001 0.6000000000000001 0.6000000000000001 0.6000000000000001 0.8 0.6000000000000001 0.8 1.2000000000000002 0.6000000000000001 0.6000000000000001 1.2000000000000002 0.6000000000000001 0.6000000000000001 0.6000000000000001 0.6000000000000001 0.6000000000000001 0.6000000000000001 7.6000000000000005 10.4 9.8 19 0 77.4 51.2 13.8 29.400000000000002 83.60000000000001 28.400000000000002 42.2 77.2 7.2 60 144.20000000000002 82.4 8 57.2 9.4 5.800000000000001 0 0.6000000000000001 0 0.8 0 15 13.4 13.200000000000001 0 0 0 0 12.4 4.6000000000000005 0.6000000000000001 0 1 0.4 13.600000000000001 0 0 0.6000000000000001 0 0 0 0 0.4 0 0 0 0 0 0 0 0 0 0 10 0 0 0 0 0 0 0 3.2 0 0 0 0 0 0 0 0.2 0.4 0 0 0 0 0 0 2.2 0.4 0 3 4.4 0 0 0 0 3.8000000000000003 0 0 0 0 6.2 0 0 0 0 2 3.6 2.4000000000000004 0 0 1.4000000000000001 0.4 0 0.2 0 0 2.8000000000000003 3.8000000000000003 3.2 4 3 0.2 12.600000000000001 5.4 0 0 0 0 0 0 0 0 0.4 0 0.4 0 0 0 0 0 0 0 0 0 0 0 0.4 0 0.8 0 0 0 0 0 0 0 0 0 0 0 0 0 0 0 0 1.2000000000000002 0 0 4 2 0 0 0 2.2 3 1.4000000000000001 0 0 1.8 0 0 0 0 0 5.800000000000001 0 6.2 0 0 0 3.4000000000000004 5.4 0 0 6.2 0 1.4000000000000001 2.2 0 2.6 1.4000000000000001 2.4000000000000004 1.4000000000000001 6 0 0 0 0 0 0 0 0 0 0 0 0 0 0 0 0 0 0 3.4000000000000004 0 0 0 0 0 0 0 0 0 0 0 0 0 0 0 1.8 0.4 0.4 16.8 0 0.4 0.4 3 0 0 0 0 0 0 0 0 0 0 0 0 0 0 0 0 0 0 0 0.2 0 0 0 0 0 0 0 0 
 0 1.2000000000000002 0 0 0.2 0 0 0.4 0 0 0 0.2 0 0.6000000000000001 0 0 0 0.4 0 0 63.6 81.2 17.8 42.400000000000006 77.4 0 8.200000000000001 8.6 48 77.4 36.800000000000004 23.400000000000002 11.8 9.8 9 49.400000000000006 27.200000000000003 27 8.6 15.8 6.800000000000001 12.4 16 0.4 0.8 0 0.6000000000000001 0 13 0.2 0 0 6.2 0 0 0.6000000000000001 0.4 0.6000000000000001 17.400000000000002 4.6000000000000005 0 0 0.6000000000000001 9.4 0 0 0 0.4 0 0 0.2 0 0 0 0 5.4 0 0 0.4 1 0 0 0 0 0 0 0 0 0 0 0 0 0 0.2 0 0 0 0 0 0 2.6 0 2.2 11 4.800000000000001 3.2 3.4000000000000004 3.6 1.8 3 2.6 3.4000000000000004 0 5.4 0.4 0 6.2 2.2 0 0 0 0 3.6 2.2 0.6000000000000001 0 3 10 0 0 0 0 0 2.2 0 3.6 0 0.2 7 12.8 0 0 0.6000000000000001 0 0 0 0.4 0 2 0 0 0 0 0 0 0 0 0 0 0.2 0 0 5.2 0 0 0 12.4 0 0.4 0 0 0 0.4 0 2.8000000000000003 0.4 0 0 0 1 0 0 0 2 5.4 0 0 1.8 2.4000000000000004 3.4000000000000004 0 2.8000000000000003 0 0 0.8 0 2.4000000000000004 3.6 0 0 3 0 0 4.6000000000000005 0 0 2.2 2.4000000000000004 0 0 4 0 7.4 0 2.8000000000000003 0 5.6000000000000005 0 2.4000000000000004 0.4 0 0 0 0 0 0.2 0 1.4000000000000001 0 0 0 0 0 0.4 0 0 0 0.4 0 0 0 0 0 0 0 0 0 0 0 0 0 0 0 0 0.4 0.2 0 0 1.4000000000000001 0.4 0 0 0 0 0 0 0 0 0 0 0 0 0 0 0 0 0 0 0 0 0 2.6 0 0 0.4 0 0 0 0 0 
 0.2 15 8.200000000000001 0.2 14.600000000000001 19.400000000000002 0 0 14.600000000000001 15 7.2 5.4 0 0.6000000000000001 0 0.2 0.2 29.8 0.2 0 29.400000000000002 23.8 13.4 18.6 51.2 8.200000000000001 0 86.2 11.4 10 8.200000000000001 9.8 43.400000000000006 28.200000000000003 34 37.6 21 16 37.6 39.400000000000006 0.6000000000000001 0 0.6000000000000001 0 0.6000000000000001 0 0.6000000000000001 0.2 0.6000000000000001 0 0 0.6000000000000001 0.4 0 0 0.6000000000000001 0.4 0 0.8 0.4 0 10.200000000000001 0.6000000000000001 0 1 0 0 0.8 0 0 0 0 0 0.2 0 0 8.8 0 1 0 0 0.2 0 0 2.4000000000000004 5.6000000000000005 0 0 4.2 0 0 2.2 0 0.2 0 2 0 5.4 0 0 5.2 0 2.8000000000000003 5 0.6000000000000001 0 5.6000000000000005 7.2 7.2 0 1 0 2.2 0 0.4 0 0 6.2 2.8000000000000003 5.800000000000001 0 0 0 0 0 0.4 0 0 0 0 0 0 0 0 0 0 0 0 0 0 0 0 0 0 0 0 0 0 0 0 0.2 1.2000000000000002 0 0 0 0 0 0 0.4 0 0 0 0 0 0 0 0 0 0.4 2.8000000000000003 7 2.4000000000000004 0 0 0 0 0 0 0 0 4.6000000000000005 0.4 3.6 0.2 0 0.2 5.6000000000000005 3.2 2.6 1.8 0 3.2 0 4.2 6 0.4 0 7 7 2.2 0 0 0 0 0 0 0.2 0 0 0 0 0 0 0.2 0 0 0 0 0 0 0 0 0 0 0 0 0 0 0 0 0 0 0 0 0 0 0 0 0 1.4000000000000001 0 2 0 0 0 0.2 0 0 14.8 0 0 0 0 0 3.4000000000000004 0 0 0 0 0.4 0 0 0 0 0 0 0 0 0 0 0 0 0 0 0 0 1.4000000000000001 0 0 0 0 0 0 0 0 0 0 0 0 0 
 0 0 0 0.4 29.200000000000003 43.2 0 0 0.4 17.6 33 28.6 40.400000000000006 0 41.400000000000006 0 0.4 22 0 0 18.400000000000002 53 79.60000000000001 15 13.8 8.6 86.2 0 12.8 42.2 9.200000000000001 8.200000000000001 70.4 14.4 98 5.6000000000000005 12.600000000000001 50.800000000000004 47.6 19.8 0.6000000000000001 0 0.6000000000000001 0 0.8 0 0.6000000000000001 0 1.6 0 0 0 0 0.2 0 0.6000000000000001 0 0 0.4 0.2 0 0 0.6000000000000001 0 0 0 0 0.4 0 0 0 0 0 0 0 0 0.2 0 2.2 0 0.2 0 0 2.4000000000000004 3 3 0 0 0 0 0 0.2 0 0 0 0.8 0 0 0 0 7.4 3 0 0 0 0 3.8000000000000003 8 14 0 5.4 0 8.6 0 1.8 0 0 2.6 2.2 12.8 1.8 0 0 0 0 0 0 0 0 0 0 0 0 0 0 0 0 0.4 0 0 0 0.2 0 0 0 0 0 1.8 0.2 0 0 0 0 0 0 0.2 0 0 0 0 0 0 0 0 0 2 0 0 0.6000000000000001 2.2 2 3.8000000000000003 0 0.4 0 0 0 0 0 0 15 0 0 0 0.4 3.2 0 9.200000000000001 0.4 0.4 0.4 0 3.2 2.4000000000000004 9 2.4000000000000004 0.2 2.2 5 3.4000000000000004 0 0 0 0 0 0 0 0 0 0 0 0 0 0 0 0 0 0 0 0 0 0 0 0 0 0 0 0 0 0 0 0 0.2 0 0 0 0 0 0 0 0 0 6 0 0 0 0 0 14.4 12.600000000000001 0 0 0 0 3.2 0.2 0 0 0 0 0.6000000000000001 0.4 0 0 0 0 2.6 0 0 0 0 0 0 0 0 0 1.2000000000000002 0 0 0 0 0 0 0 0 0 0 0 0 0 
 5.4 0 0 0 0 1.2000000000000002 0.2 0 0 0 0 0 0 0 0 0 0.2 0 0 0 21.8 48.400000000000006 33.2 22.400000000000002 29.400000000000002 48 11.4 12.8 0 45.2 30 97 40 12.200000000000001 12.200000000000001 27.400000000000002 38.400000000000006 29.8 20 14.200000000000001 1.2000000000000002 0.2 1 0.4 2 0 1.4000000000000001 0.8 2.6 0 0 0 12.4 0 0 1.2000000000000002 0 0 13.8 0.6000000000000001 0 1.2000000000000002 0.6000000000000001 0 0 0 0.8 0.4 0 0 0 0.4 0.2 0 0 10 0 0 1.2000000000000002 0.4 0 0 0 0 0 0 0 0.2 0 0 0 0 0 0 0 0 0 0 0 0 4.2 0 6 2.4000000000000004 3.4000000000000004 4.800000000000001 7.6000000000000005 5.6000000000000005 1.8 3.8000000000000003 0 13.200000000000001 0 0 0 0 10 3.6 0 0 2.2 4 0 2 0 0 5.800000000000001 0.2 0 0 1.8 0 5.6000000000000005 0.8 3.8000000000000003 2 0 0 0 0 0 0.4 0 0 0 0 0 1.4000000000000001 0 0 0 0 0 0 0 0 0 0 0 1.4000000000000001 0 0 0 0 0 0 3.6 0.2 0 0 0 0.2 0 0 2 0 0 0 0 0 0 6.800000000000001 4.4 16.8 2.6 0.2 0 6.2 4.4 2.4000000000000004 2.2 4.6000000000000005 0 0 2 4 0 3.6 0 0 0.2 0 0.2 0 0 0 7.4 0.8 0 0 0 0 0 0.2 0 0 0 0.2 1.6 0 0 0 0 0 0 0 0 0 0 0 0 0 0 0 0 0 0 0 0 0 0 0 0.4 0 0 0.2 0 0 0 0 0 0 0 0.2 1.8 0 0.2 15 0 0.4 0.4 2.2 0 0 0 0 0 0 0 0 0 0 0 0 0 0 0 0 0 0 0 0 0 0 0 0 2 0 0 0 
 10.200000000000001 0.6000000000000001 16 0 0 16 0 0.2 0 0 0.6000000000000001 0.6000000000000001 0 0 0 0 0.4 0.4 0 0 23 13.8 50.2 67.8 83.60000000000001 77.4 10 42.2 45.2 0 15.8 25.400000000000002 41.400000000000006 27 31.6 42.6 32.800000000000004 53.6 33.800000000000004 37.800000000000004 1.8 0.4 0.4 1 1.2000000000000002 0 0.6000000000000001 0 0.6000000000000001 0 0 0 12.600000000000001 0 0.2 1.4000000000000001 1.2000000000000002 0 14.200000000000001 0 0.4 0.8 9.600000000000001 0 0 0.2 1 1.2000000000000002 0 0 0.6000000000000001 0 0 0.6000000000000001 0.4 0 1.2000000000000002 0.4 0.4 0.6000000000000001 0 0 0 0 0 0 0 0 0 0 0 0 0 0 0 0 0 2.2 0 0 4.6000000000000005 0 2.4000000000000004 0 8.8 3.8000000000000003 0 3.6 1.6 7.6000000000000005 4.6000000000000005 0 2.6 7 4.6000000000000005 2.4000000000000004 11.200000000000001 0 0 0 4 0 3 1.4000000000000001 0.4 0 4.2 1.8 0 0 0 0 0 0 0 0 0 0 0.4 6.800000000000001 0 0 0 0 0 0 0 0 0 0 0 0 0 0 0 0 0 0 0 0.2 0 0 5.6000000000000005 0 0 0 1.2000000000000002 0 0.4 0 0 0.6000000000000001 0.4 0 0 0.4 0 0 0 1.2000000000000002 1.6 1.4000000000000001 0.4 3.2 4 0 0 7.4 3.6 6.800000000000001 2.4000000000000004 3.8000000000000003 2.6 2.2 6.800000000000001 8.6 0 5.2 5 2.4000000000000004 3 0 0 0 0 0 6.800000000000001 2.2 0 0 0 0 2.2 0.6000000000000001 0 0 0 0 0.2 0.4 0 0 0 0 0 0.2 0 0 0 0 0 0 0 0.4 0 0 0 0 0 0 0 0 0.2 0 0 0 0 0 0 0 0 0.4 0 0 1.6 0 0 0.2 31.400000000000002 0 0.6000000000000001 0 0 0 0 0 0 0 0 0 0 0.2 0 0 0 0 0 0 0 0 0 0 0 0 0.4 0.2 7.4 0 0 0 
 0 0 0 0 0 0 0 0 0 0 0 0 0 0 0 0 0 0 0 9 72.8 5.800000000000001 9.200000000000001 38.400000000000006 28.400000000000002 36.800000000000004 8.200000000000001 9.200000000000001 30 15.8 0 86.4 10.4 23.8 15.600000000000001 44.400000000000006 36.800000000000004 28.6 24.8 29.6 13.600000000000001 6.2 0.6000000000000001 0 0.6000000000000001 0 1 12.600000000000001 0.8 0 0 0 17.6 4.6000000000000005 0 0.6000000000000001 0 0 15.4 13.200000000000001 0 0 0.6000000000000001 0 0 0 0 0.6000000000000001 0 0 0 0 0 0 0 0 0 0 0.6000000000000001 0 0 0 0 0 0 0 0 0 0 0 0 0 0 0 0 0 0 0 0 0 0 11.600000000000001 0.2 3.4000000000000004 1.4000000000000001 8.200000000000001 0 2.6 0 0 2.6 0 0 0 0 2.6 2.8000000000000003 0 2.6 1.8 2.8000000000000003 0 1.4000000000000001 0 0 0 1.8 3.4000000000000004 0 2.4000000000000004 0 0 13.200000000000001 3.6 0 0 3.6 0 13.8 8.6 0 0 0.2 0 0 0 0 0 1.2000000000000002 0 0 0 0 0 0 0 0 0 0 0 0 0 0 0 0 0.8 0 3.4000000000000004 0 0 0 0 0 0 0 0 0 0 0 0 1.6 1.8 0 0 8.8 1.4000000000000001 0 2.2 0 2.8000000000000003 6 0 0 2.2 0 6.2 0.2 2.6 0 2.6 10.200000000000001 0 0 2 0 0 0.8 8.200000000000001 0 0 2.6 0 0.2 7.6000000000000005 0 2.6 3.4000000000000004 5.6000000000000005 4.2 0 0 0 0 0 0 0 0 0 0 0 0 0 0 0 0 0 0 0 0.2 0 0 0 0 0 0 0 0 0 0 0 0 0 0 0 1.2000000000000002 0 0 16.6 15 0 0 0.2 0.2 0 0 0 0 0 0 0 0 0 0 0 0 0 0 0 0 0 0 0.2 0 3.4000000000000004 0 3 0 0 0 0 
