 0 39.800000000000004 56.400000000000006 45 33.800000000000004 9.8 35.800000000000004 41.2 13.200000000000001 33.2 28.8 4.6000000000000005 71.60000000000001 74.4 8.4 27.8 28.400000000000002 18.2 33.2 31.400000000000002 0 0 0 0 0.4 0.4 0 0 0.6000000000000001 0 0 0 0 0 0 0.6000000000000001 0.4 0 0.2 0 0 0.6000000000000001 1 0 0.6000000000000001 0 0 14.8 0 0 0 0.6000000000000001 0.6000000000000001 0 0.6000000000000001 0 0 0 0 0.6000000000000001 0 0 0.4 0.4 8.200000000000001 0 0 0.6000000000000001 0 0 0 0 0 0.2 0 0 0.6000000000000001 0 0 0.4 4.2 5.4 0 0 0.2 0 2 2 4.800000000000001 4 1.8 6 3.8000000000000003 3.2 11.600000000000001 5.2 9.4 0 0.2 4.6000000000000005 0 0 0 0 0 0 0 0 0 0 0 0 0 0 0 0 0 0 0 0.4 0.4 0 0 0 0 0 0 0 0 0 3.2 0 0 0 0 0 0 0 0 0 0 0 0 0 0 0 0 0.2 0 0 0 0 0 0 0 0 0 0 0 0 3 2 5.2 0 2 0 1.4000000000000001 0.2 6 6.800000000000001 0 0 5 4.6000000000000005 4.2 7.4 6.800000000000001 6.2 2.8000000000000003 6.2 0 0 0 0 0 0.4 0 0.4 0 0 0 0 2 2.6 0 0 0 0 6.2 13 0 0 0 0 0 0 0 0 0 0 1.8 0 0 0 0 0 0 0 0 0 0 0 0 0 0.2 0 0 0 0 0 0 0 0 0 0 0 0 0 0 0 0 0 0 0 0 0 0 0 0.4 11 0 1.8 0 0 0 0 0 0 0 0 0 0 4 0 0 0 0 0 0 0 0 0 0 0 0 1.6 0.8 0.2 0 0 0 0 0 0 0 0 0 0 0 0 
 39.800000000000004 0 36 31.200000000000003 55.800000000000004 10.8 34.4 75 40 70.60000000000001 6.4 44 17.2 13.600000000000001 35.800000000000004 68.60000000000001 107.80000000000001 43.400000000000006 23.400000000000002 64.2 0 0 0 0 0.4 0.4 0 0 0.4 0 0.2 0 0 0 0 16 0.4 0 0.6000000000000001 0 0 0.6000000000000001 0 0 0.6000000000000001 0 0 0.6000000000000001 0 0 12.600000000000001 0.6000000000000001 0.6000000000000001 0 0.6000000000000001 0 0 0 0 0.6000000000000001 0 0 0.4 0.4 0 0 0 0.4 0 0 0 0 0 0.4 0 0 0.4 0 0 0.6000000000000001 4.6000000000000005 5.800000000000001 4.800000000000001 2 0 2.4000000000000004 0.4 1.4000000000000001 1.8 5 0 5.6000000000000005 3.2 4.2 4 5 13.4 1.6 8.200000000000001 0 0 0 0 0 0 0 0 0 0 0 0 0 0 0 0 0 0 0 0 0 0 0 0 0 2.6 0 0 0.2 0 0 0 0 0 0 0 0 0 0 0 0.2 0 0.6000000000000001 0 0 0 0 0 0 0.4 0 0 0 0.4 0 0.6000000000000001 0 0.4 0 0 0 4.4 2 0.4 0 2.2 0 2.4000000000000004 0.4 0 6.4 4.4 0 0 1.8 5 7 5.4 2.2 0 2.2 0 0 0.4 0 0 0 2.8000000000000003 1.4000000000000001 0 0 0 0 1.6 2.2 0 0 0 0 0.2 3.4000000000000004 0 0 2.6 0 0 0 0 0 0.2 0 0.2 0 0 0 0 0 0 0 0 0 0 0 0 0 0 0 0 0 0 0 0 0 0 0 0 0 0 0 0 0 0 0 0 0 0 0 20.400000000000002 0 1.2000000000000002 18.400000000000002 0 1.2000000000000002 0 0 0 0 0 0 0.2 0 0 0 0 0 0 0 0 0 0 0 0 0 0 0 0 0 2.4000000000000004 0 0 0 0 0 0 0 0 0 0 0 0 0 
 56.400000000000006 36 0 54.800000000000004 78.4 6 21.8 19.8 41.800000000000004 33.6 44.6 94.4 73 32.6 29.6 56.2 28.8 11.4 22.8 23.6 0 0 0 0 0.4 0.2 0 0 0.4 0 0.4 0 0 0 0 0.6000000000000001 0.2 0 0.8 0 0 0.6000000000000001 0 0 0.6000000000000001 0 0 0.6000000000000001 0 0 0 0.6000000000000001 0.6000000000000001 0 0.6000000000000001 0 0 0 0 0.6000000000000001 0 0 0.6000000000000001 0.4 0 0 0 0.4 0 0 0 0 2.2 0.6000000000000001 0 0 0.4 0 0 0.6000000000000001 3.6 7.2 2.8000000000000003 10.600000000000001 17 1.8 3.6 3 0.2 0 5.4 5.6000000000000005 5 2.8000000000000003 3.4000000000000004 0 2 5.2 3 0 0 0 0 0 0 0 0 0 0 0 0 0 3.6 2.4000000000000004 0.2 0 0 0 0 0 0 0 0 0 0 0 0 0 0 0 0 0 0.4 0 0 0 0 0 0 0 0 0 0 0 0 0 0 0 0 0 0 0 0 0 0.8 0 0 0 0 0 4.800000000000001 4 2.2 2 0 5.2 1.4000000000000001 0 3.6 2 0 3.6 0.2 0.2 1.4000000000000001 4.800000000000001 1.6 2 0 0 0 0 0 0 0.2 0 0 0 0 0 0 0 0 0 0.4 0 0 0 1.6 0 0 0 0 0 0 0 0 0 0 0 0 0 2.6 0 0 0 0 0 0 0 0 0 0 0 0 0 0 0 0 0 0 0 0 0 0 0 0 0 0 0 0 0 0 0 0 0.8 18.400000000000002 0 0 0.2 16.2 1.4000000000000001 0 0 0 0 0 0 0 0 0 0 1 0 0 0 0 0 0 0 0 0 0 0 0 0 0 2.8000000000000003 0 0 0 0 0 0 0 0 0 0 0 0 
 45 31.200000000000003 54.800000000000004 0 37.4 11.600000000000001 38.400000000000006 76.4 37.6 66.4 34.4 28.400000000000002 12.8 34.4 55.6 12.600000000000001 47.6 28.400000000000002 15.8 55 0 0.4 0 0 0.4 0.4 0 0 0.6000000000000001 0 0.4 0 0 0 0 0.6000000000000001 0.4 0 0.2 6.800000000000001 0 0.6000000000000001 0 0 0.6000000000000001 0 0 0.6000000000000001 0 0 0 1 0.8 0 0.6000000000000001 0 0 0.2 0 0.6000000000000001 0 0 0.4 0.8 0 0 0 0.4 0 0 0.6000000000000001 0 4.6000000000000005 0.6000000000000001 0 0 0.4 0 0 0.6000000000000001 2.2 6.6000000000000005 2 10.8 0 2.6 3.4000000000000004 0 0.2 1.8 4.2 7.6000000000000005 3 0 2 2.4000000000000004 4 0 0 0.2 2.2 2.2 2 0 0 0 3.8000000000000003 0 0 0 0 2.6 0 2 2.2 7 0 0 6 4.800000000000001 0 0 0 0 2.6 0 0 0.2 0 0 0 0 0 0 0 0 0 0 0 0 0 0.2 0 0 0 0 0 0 0 0 0 0 1.2000000000000002 0 0 0 0.4 0 0 0 6 4.4 1.6 5.800000000000001 2.4000000000000004 5.800000000000001 0 0 1.2000000000000002 5.6000000000000005 14.600000000000001 2 0 0 4 3 2 3.2 0 0.2 3 0 6 0 0 0 0 3 0 0 0 0 6 2.2 7 0 0 0.2 0 12 0 0 0 0 0 0 0 0 0.4 0 0 0 0 0 0 0 0 0 0 0 0.2 0 0 0 0 0 0 0 0 0.4 0 0 0 0 0 0 0.2 0 0 0 0 0 0 0 0 0 0 0 17.8 0.2 0 3.2 0 0 0 0 0 0 0 0 0 0 1.4000000000000001 0 0 0 0 0 0 0 0 3 0 0 0 3.8000000000000003 5.4 0 0 0 0 0 0 0 0 0 0 0 0 0 
 33.800000000000004 55.800000000000004 78.4 37.4 0 17.400000000000002 9.600000000000001 71.60000000000001 25.6 22.400000000000002 66 22.8 16.2 51 36.4 92 87 20.6 57.2 34.800000000000004 0 0 0 0 0.4 0.2 0 0 0.6000000000000001 0 0.4 0 0 0.4 17.2 1.4000000000000001 0.2 0 15 56.800000000000004 0 0.6000000000000001 0.2 0 0.4 0 0 0.8 0 0 0 0.6000000000000001 0.6000000000000001 0 0.4 0 0 0 0 0.6000000000000001 0 0 0.6000000000000001 0.4 0 0 0 0.6000000000000001 0 0 0 0 0.8 0 0 0 0.6000000000000001 0 0 0 1.8 7.2 3.4000000000000004 2.6 6 0 2 0 0 1.4000000000000001 2.2 4.800000000000001 0 0 0 0 2 0.4 0 0 0 0 0 0 0 0 2 0 0.4 0 0 0 10.200000000000001 4.4 0.2 0 0 0 0 0 0.4 0 0 0.4 0 0 0 0 0 0 0 0 0 0 0 0 2.6 0 1 0 0 0 0 0 0 0 0 0 0 0 0 0 0 0 0 0 0 0 0 0 2 3.8000000000000003 1.6 3.2 0.2 2.6 4.6000000000000005 0 5 0 3.6 2 2 0 2.6 0.2 1.2000000000000002 1.8 0 0 0 0 0 0 0 0.2 0 0 0 0 0 0 0 2.6 0 0 0 0 5.6000000000000005 1 0 0 0 0 0 0 0 0 0 0 0 0 0 0 0 0 0 0 0 0 0 0 0.2 0 0.2 0 0 0 0 0 0 0 0 0 0.2 0 0 0 0 0 0 0.2 0 0 0 0.8 18.2 0 0 9.4 2.8000000000000003 0 0 0 0 0 0 0 0 0 0 0 0 0 0 0 0 0 0 0 0 0 0 0 0 0 0 0 0 0 0 0 0 0 0 0 0 0 0 0 
 9.8 10.8 6 11.600000000000001 17.400000000000002 0 6.6000000000000005 7.4 10.8 28.200000000000003 40.400000000000006 23.400000000000002 8 13.200000000000001 13 25 11.200000000000001 6.800000000000001 8.8 26.400000000000002 30 0 0.2 0 0.4 0.4 15.600000000000001 14.8 16 0 1 0.2 3.4000000000000004 29.400000000000002 0.4 20 0 0 29.8 15.200000000000001 0 0.6000000000000001 0.2 0 0.4 0 0 0.4 0 0 0 0.6000000000000001 0.6000000000000001 0 7.6000000000000005 0 0 0.2 0 0.6000000000000001 0 0 0.4 0.8 0 0 0 1 0 10.200000000000001 0 0 0 0 0 0 0.6000000000000001 1 0 0 0.4 0 2.2 0.2 2.8000000000000003 0 0 0 0 0 4.2 0 0 0 0 0 0 0 0 0 2.8000000000000003 3.4000000000000004 4 0 0 0 4.4 8 1.6 0 0 6.2 4.6000000000000005 0 1 2.6 4.2 3.6 3.2 5.6000000000000005 0 0 0 0 0.2 0 0 0 0 0.2 0 0 0 0.2 0 0 0.4 0 0 0 0 0 0 0 0 0 0 0 0 0 0 0 0.4 0 0 0 0 0 0 0 0 0 0 0 2.4000000000000004 3.6 0 0 0 0 0.2 1.8 0 0.4 0 0 0 0 0 0 7.800000000000001 0 18.400000000000002 0 0 0 4.4 6 0 1.4000000000000001 2.6 0 4 4.800000000000001 3 6.2 0 0.2 2 0.2 0 0 0 0 0 0 0 0 0 0 0 0 0 0 0 0 0 0 0 0 0 0 0 0 0 0 0 0 0 0 0 0 0 0 0 0 0 0 0 0 0 0 0 0 0 1 0.2 0.4 0.4 0 0 4.6000000000000005 0 0 0.4 0 0 0 0 0 0 0 0 0 0 0 0 0 0 0 0 0 0 0 0 0 0.2 0 0 0 0 0 0 0 0 0.2 0 0 0 0 
 35.800000000000004 34.4 21.8 38.400000000000006 9.600000000000001 6.6000000000000005 0 27.200000000000003 8.200000000000001 39 53.6 7 64 11.200000000000001 23.400000000000002 24.400000000000002 41.800000000000004 8.4 24.6 16.400000000000002 0.2 0 0 0.2 1.8 0.4 0.4 0 0.6000000000000001 0 0.4 0 14.200000000000001 0.2 0 0.6000000000000001 0.4 0 0.2 0.4 0 0.6000000000000001 0.2 0 8 0 0 0.4 0 0.8 0 0.6000000000000001 1.2000000000000002 0 0.4 0 0 0 0 0.6000000000000001 0 0 1.2000000000000002 0.4 0 0 0 0.6000000000000001 0 0 0 0 6.6000000000000005 0 0 0 0.6000000000000001 0 0 0 2.6 2.2 7 2.6 2.8000000000000003 0 8.4 1.4000000000000001 5.6000000000000005 0 2.2 0 5 3.8000000000000003 0 0 1.8 6 0.2 3.6 0 0 0 0 3 0 0 0 0 0.2 0 0 3.4000000000000004 0 0 0 0 0 0 0 0 0 0 0 0 0 0 0.2 0 0 0 0 0 0 0 0 0 0 0 0 0 0.2 0 0 0 0 0 0 0 0 0 0 0 0 0 0 2.8000000000000003 0 0 0 0 0 0 0 2.8000000000000003 0.8 0 2.2 2 2.6 0 0 4 3.8000000000000003 0 2 0 3.6 6 5.4 0 0 0 0 0 0 0 0 0 0 0 0 0 0 0 0 0 0.2 0 0 0 0 0 0 0 0 0 0 0.4 0 0 0 0 0 0 0 0 7 0 0 0.2 0.2 0 0 0 0 0 0 0 0.4 0 0 0 0 0 0 0.2 0 0 0 0 0 0 0 0 0.4 0.4 0 0.4 18 0 2.4000000000000004 0 0 0 0 0 0.2 0 0 0 0 0 0 0 0 0.2 0 0 0 0 0 0 0 0 0 0 0.2 0 0 0 0 0 0 0 0 0 0 0 0 
 41.2 75 19.8 76.4 71.60000000000001 7.4 27.200000000000003 0 31 40.2 30.8 51.2 77.80000000000001 43.800000000000004 53.400000000000006 8.8 24 75.4 94.2 11.8 0 0.4 0 0 15.200000000000001 0.2 14.600000000000001 0 0.4 0 0 0 0 0 0.2 0.6000000000000001 0.2 1 0.2 0 0 0.6000000000000001 0 0 0.6000000000000001 0 0 0.6000000000000001 0 0.2 0 2.4000000000000004 0.6000000000000001 0 0.6000000000000001 0 12.600000000000001 0.4 0 0.6000000000000001 0 0 1.2000000000000002 0.6000000000000001 0 0.2 0 0.4 0 0 0 0 0 0.6000000000000001 0 0 0.4 0 0 1 0.4 4 0 2 0 1.6 0 1.4000000000000001 3.6 7 0.2 5.4 3.4000000000000004 0.8 2.4000000000000004 1.8 4.2 0 4.6000000000000005 0 0 0 0 0 0 0 0 0 0 0 0 0 0 0 0 0 0 0 3.2 0 0 0 0 0 0.2 0 0 0 0 0 0 0 0 0 0 0 2.8000000000000003 0 0 0 0.2 0 0 0 0 0.4 0.2 0 0 0 0 0 0 0 0 0 0 0 0 0 9.4 2.2 2.2 2.8000000000000003 4.6000000000000005 0 0 1.8 0 11.200000000000001 0 2 0 5.2 8.6 0.2 5 0 0 4.2 0 0 0 0 0 0 0 0 0 0 0 0 0 4.800000000000001 0 0 0 0 2.2 1.4000000000000001 0 0 0 0 0 0 0 0 0 0 0 0 0 0 0 0 0 0 0 0 0 0 0 0 0 0 0 0 0.2 0 0 0 0.4 0.2 0 0 0 0 0 0 0 0 0 0 0 0 0.4 0 0 27.400000000000002 0.4 1.2000000000000002 0 0 0 0 0 0 12.200000000000001 0 0 6.4 0 0 0 0 0 0 0 0 0 5 0 0 0 2.6 0 0 0 0 0 0 0 0 0 0 0 0 0 0 
 13.200000000000001 40 41.800000000000004 37.6 25.6 10.8 8.200000000000001 31 0 26 26.8 51.800000000000004 55.6 35.6 83.80000000000001 34.2 24.400000000000002 28.400000000000002 25 14.200000000000001 0 0 0.2 0.4 1 0.4 16.400000000000002 0.2 0.6000000000000001 0.6000000000000001 0.4 0 0 0 0.6000000000000001 1.2000000000000002 0.8 0 2 14.8 0.6000000000000001 0.6000000000000001 12.4 0 1.6 0 0.6000000000000001 0.4 0.2 0.8 0.8 0.6000000000000001 0.6000000000000001 0 3.4000000000000004 0 0.4 0.2 0 1 0.2 0 0.8 0.4 0 1.2000000000000002 0 1.2000000000000002 0 0 0 0.4 0 0 0 0 0.6000000000000001 0.4 1 0.6000000000000001 2 7.800000000000001 0 0 2 0.8 0.2 0 0 3.8000000000000003 0.2 9 1.2000000000000002 2.2 0.2 1.8 4.6000000000000005 3.2 7.800000000000001 0 0 0 0 0 0 0 0 0 0 0 1.8 0 0 0 0 0.2 0 0 2.6 0 0 0 0 0 0 0 0 0 0 0 0 0 0 3.2 0 0 0 0 0 0 0 0 0 0 0 0 0 0 0 0 0 2.6 0 0 0.2 0 0 0 0 0 2.4000000000000004 0 0 2.8000000000000003 5 0 2 0 3 0 2.8000000000000003 2.4000000000000004 0 0 0 3.6 1.4000000000000001 0 0 0 0 0 3.8000000000000003 0 0 0 0 0 0 0 0 0 0 4.6000000000000005 0 0 0 0 8 3.4000000000000004 0 0 0 0 0 0 0 0 0 0 0 0 0 0 0 0 0 0 0 0 0 2.8000000000000003 0 6.2 0 0 0 0 0 0 0 0 0 0 0 0 0 0 0 0 0 2.6 0 0 0 0.2 18.400000000000002 0 0.6000000000000001 15.200000000000001 0.4 1.8 0 0 0 0 0 0.2 0 0 0 0 0 0 0 0 0 0 0 0 0 0 0 0 0 0 0 0 0 0 0 0 0 0 0 0 0 0 0 0 
 33.2 70.60000000000001 33.6 66.4 22.400000000000002 28.200000000000003 39 40.2 26 0 47.6 36.6 14.8 40.400000000000006 20.6 42.6 9.600000000000001 26.200000000000003 15.8 34.800000000000004 0.8 0 0.4 0.4 0.8 0.2 16.8 0 1.8 0.6000000000000001 1 0 0.4 1 0.2 0.6000000000000001 0.6000000000000001 0 0.2 16 0 1.2000000000000002 0.8 1.8 1 0 0 1.8 0.8 0.6000000000000001 0 1 0.6000000000000001 0 1.4000000000000001 1.2000000000000002 0.4 0 0.4 1 0 0 0.4 0.4 0 1.2000000000000002 0 1.2000000000000002 0.4 0 0 0 6.2 2.6 0 0 0.4 0.4 0.8 0.6000000000000001 2.4000000000000004 10.4 0.8 6.4 5 0.2 0 0 0.2 4 11.8 2.8000000000000003 3 0 2 0 3.2 0 0 0.2 0.8 0 1 0 0 0 3.2 0 0 0 0 0 1.6 0.2 0.2 0.2 0 0 0 0 0 0 0 0.2 2.8000000000000003 0 0 0 0 0 0 0 3.8000000000000003 0 0 0 0 0 0 0 0 0.2 0 0 0 0 0 0 0 0 0 0 1 0 0.4 0 0 0 0 0 3 1.4000000000000001 2 0 2 2.2 2.2 0 2.8000000000000003 2.4000000000000004 1.8 2.8000000000000003 0 0 1.4000000000000001 2.6 2 2 0 0.2 0.2 0 4.4 0 0 0 0 0 0 0 0 0 0 6.4 0 0 0 0.2 5 3.6 0 3.2 0 0 0 0 0 0 0.4 0 0 0 0 0 0 0 0 0 0 0 0.2 0 0 0 0 0 0 0 0 0.4 0 0 0 0 0 0 0 0 0 0 0 0 0 0 0 0.2 0 0 0.2 0.6000000000000001 3.2 4 0 0 0 0 0 0 0 0 0 0 1.4000000000000001 0 0 0 0 0 0 0 0 0 0 0 0 0 2 0 0 0 0 0 0 0 0 0 0 0 0 0 
 28.8 6.4 44.6 34.4 66 40.400000000000006 53.6 30.8 26.8 47.6 0 28.8 67.4 13.600000000000001 43.2 21.6 79.80000000000001 26.6 6.4 20.400000000000002 0 0 0 1 0.4 0.4 0.2 1 1.4000000000000001 0.4 0.2 0.2 0 0 0.8 0.6000000000000001 0.4 0.4 0.4 16.400000000000002 0 0.6000000000000001 0 0 0.4 0 0 0.4 0 0 0 1.4000000000000001 0.6000000000000001 0 0.4 0 0 0 0 0.6000000000000001 1.2000000000000002 0 0.8 0.4 0 0 0 0.6000000000000001 0 0 0 0 1.2000000000000002 0 0 0 0.6000000000000001 0 0 1.4000000000000001 0 4.6000000000000005 7.800000000000001 10.200000000000001 7.6000000000000005 1.4000000000000001 2.2 1.2000000000000002 2.6 0 5.6000000000000005 4.4 0 0 3.4000000000000004 0.2 0.2 5.4 0 0 1.6 0 1.8 0 0 0 2 0 0 0 0 0 2.8000000000000003 0 0 0 0 0 0 0 0 0 0 0 2.4000000000000004 0.4 0 0 0 0.4 0 0 0 0 0 0 0.2 0 0 0 0 0 0 0 0 0 0 0 0 0 0 0 0.6000000000000001 0 0 0 0 0 0 0 0.8 2.2 4 0.4 10.8 3.6 2.2 0 6.4 0 0.4 3.4000000000000004 0 0.2 2 4.4 10.200000000000001 5 0 0 0 0 0.2 0 0 0 0 0 0 0 0 0 0 3 0 0 0 0 11 2.4000000000000004 0 0 0 0 0 0 0 0 0 0 0 0 0 0 0 0 0 0 0 0 3.6 0 0 0 0 0 0 0 0 0 0 0 0 0 0 0 0 0 0 0 0 4.800000000000001 0 0 0 0 0.2 0 0.2 35.800000000000004 3.4000000000000004 2.2 0 0 0.4 0 0 0 0 0 0 0 3.8000000000000003 0 0 0 0 0 0 0 0 0 0 0 0 0 0.2 0 0 0 0 0 0 0 0 0.4 0 0 0 0 
 4.6000000000000005 44 94.4 28.400000000000002 22.8 23.400000000000002 7 51.2 51.800000000000004 36.6 28.8 0 55.800000000000004 14.600000000000001 4.800000000000001 23.200000000000003 54 56.2 5.2 9 0.4 0 0 0.2 1 0.8 0.2 0 22.8 0.6000000000000001 0.4 0 0 0 14.8 0.6000000000000001 0.2 0 17.8 14.600000000000001 0.6000000000000001 0.6000000000000001 0 0 0.6000000000000001 0 0.6000000000000001 0.6000000000000001 0 0.6000000000000001 0 0.6000000000000001 0.6000000000000001 0 0.6000000000000001 0 0 0 0 1 0 0 0.6000000000000001 0.4 0 0.4 0 1 8.8 0 0 0 0.8 0.4 0.8 0 0.6000000000000001 0 0 0.8 0 6 5.2 0 3.4000000000000004 5.2 2 0 0 2.2 10.8 6.6000000000000005 0 0 0 0 2.4000000000000004 0.2 0 0 3.8000000000000003 0 2 0 0 0 5.6000000000000005 0 2.6 0 0 0 9.600000000000001 4.800000000000001 0 0.2 0.2 0 0.8 3.8000000000000003 0 0 0 0 0 0 0 0 0 0 0 0 0 0 0 0 0 0 0 0 0 0 0.2 0 0 0 0 0 0 0 0 0 0.6000000000000001 0 0 0 0 0 0 0 0.6000000000000001 1.6 0 1.8 0.8 2.8000000000000003 0 0 2.2 0.2 3.6 2.2 0 0 0 3.6 0 1.8 0 0 0.2 0 3.6 3.2 0 0 1.8 1 0 3.6 0 0 3.8000000000000003 12 0 0 0 0 4.4 0.2 0 0 0 0 0 0 0 0 0 0 0 0 0.2 0.4 0 0 0 0.2 0 0 0 0 0 0 0 0 0 0 0 0 0 0 0 0 0 0 0 0 0 0 0 0 0 0 0 0 17.6 0.4 17.400000000000002 0.2 1.2000000000000002 1.4000000000000001 0 0 0 0 0.2 0 0 0 0 0 0 0 0 0 0 0 0 0 0 0 0 0 0 0 6.4 0 0 0 0 0 0 0 0 0 0 0 0 0 
 71.60000000000001 17.2 73 12.8 16.2 8 64 77.80000000000001 55.6 14.8 67.4 55.800000000000004 0 65.4 35.4 55.2 9.4 6.6000000000000005 61 93.2 0 0 0 14.4 15.200000000000001 0.4 0 0 0.4 0 0.2 0 0 0 0 0.6000000000000001 0.4 0 0.2 0 0 0.6000000000000001 0 0 0.6000000000000001 0 0 0.6000000000000001 0 0 0 0.6000000000000001 0.6000000000000001 0 0.6000000000000001 0 0 0 0 0.6000000000000001 0 0 0.4 0.4 0 0 0 0.4 0 0 0 11.200000000000001 0 0.4 0 0 0.6000000000000001 0 0 0.6000000000000001 5.2 0 6.4 1.4000000000000001 6.2 0.4 3.6 1.6 2 0.2 0 0.2 4.4 6.4 6.4 3.8000000000000003 0 2.4000000000000004 7 0.8 0 0 0 0 0 0 0 0 0.2 0 0 0 0 0.4 0 0 0 0 0 0 0 0 0 0 0 0 0 0 0 0 0 0 0 0 0 0 0 0 0 3.4000000000000004 0 0 0 0 0 0 0 0 0 0 0 0 0.2 0 0 0 0 0 0 0 12.4 2.6 0.4 0 0 0 2.8000000000000003 2.4000000000000004 2.4000000000000004 1.6 0 0 1.4000000000000001 4.2 2.2 5.4 3 4.4 0.2 2.8000000000000003 0 0 0 2 0 0 0 0 0 0 1.6 0 0 0.2 0 0 0 0 2 0 0 0 0 0 0 0.4 0 0 0 0 0 0 0 0 0 0.4 0 0 0 0 0 0 0 0 0 0 0 0 0 0 0 0 0 0 2 0 0 0 0 0 0 0 0 0 0 0.8 0.2 0 0.4 1.2000000000000002 0 1.6 0 0 0 0 0 0 0 0 0 0 0 0 0 0 0 0 0 0 0 0 0 0 0 0 0 4 0 0 0 0 0 0 0 0 0 0 0 0 
 74.4 13.600000000000001 32.6 34.4 51 13.200000000000001 11.200000000000001 43.800000000000004 35.6 40.400000000000006 13.600000000000001 14.600000000000001 65.4 0 36 66.8 24.6 23.8 23.8 61.400000000000006 0 0 0 0 0.8 0.4 0 0 0.6000000000000001 0 0.2 0 0.2 0 0 0.6000000000000001 0.2 0 0.4 0 0 1.2000000000000002 0.2 0 0.4 0 0 0.4 0 0 0.2 0.8 0.8 0 0.4 0 0 0.4 0 1 0 0 0.4 0.4 0 0 0 0.6000000000000001 0 0 0 0 0 0 0 0 0.6000000000000001 0 0 0.2 2.8000000000000003 6.800000000000001 0 0 0 0 3.2 4.4 3.8000000000000003 4.2 0 6 0.2 2.6 3.6 8 5 0 0 9.4 0 0 0 0 0 0 0 0 0 0.2 0.4 0 0 0 0 0 0 0 0 0 4.4 0 0 0 0 0 0 0 0.2 0 0 0 0 0 0 0 0 0 0 0 0 0 0 0 0.2 0 0 0 0 0 0 0 0 0 0 0 0 0 0 0 9 0 11 0 8.6 0 3.8000000000000003 0.4 8.8 3 0 0 1.8 3.6 1.8 0.6000000000000001 0 3.6 7.800000000000001 3 0 0 0 0 0 0 0.2 0 0.2 0 0 0 0.2 0.2 0 0 5.2 0 6 4.2 0.4 0.4 0 0 0 0 0 0 0 0 0 0 0 0 0 0 0 0 0 0 0 0 0 0 0 0 0 0 0 0 0 0 0 0 0 0 0 0 0 0 0 0.4 0 0 0 0.8 0 0 1.6 17.400000000000002 0 2.4000000000000004 0 4 0 0 0 0 0 0 0 0 0 0 0 0 0 0 0 0 0 0 0 0 0 1.4000000000000001 0.2 4 0 0 0 0 0 0 0 0 0 0 0 0 
 8.4 35.800000000000004 29.6 55.6 36.4 13 23.400000000000002 53.400000000000006 83.80000000000001 20.6 43.2 4.800000000000001 35.4 36 0 101.4 26 48.6 61 50.800000000000004 0 0.4 0.8 0.6000000000000001 0.4 0.4 0 0.4 0.6000000000000001 0 19 0 0.4 0.4 0 1.6 0.6000000000000001 0 0.6000000000000001 0 0 1 1 0 9 7.2 0 1 0.6000000000000001 1 0.6000000000000001 0.6000000000000001 0.6000000000000001 0.6000000000000001 1 0 0 0 0 0.6000000000000001 0 0 1.2000000000000002 1.2000000000000002 0.4 0 0.2 0.8 0 0 0 0 1 0 0 0.4 0.6000000000000001 0.2 2.2 0.2 11 0 9.200000000000001 0.2 6.2 0 2 9 6.6000000000000005 0 1.8 0 6.4 5.6000000000000005 2.6 0 0 12 7.2 3.4000000000000004 0 0 0 0 0 0 0 0 0 0 0 0 3 0 0 0 0 0 0 0 0 0 0 0 0 0 0 0 0 0 0 0 0 0 0 0 0 2.4000000000000004 0 0 0 0 0 0 0 0 0 0 0 0 0 0 0 0 0 0 0 0 2.6 0 3.2 2.6 2.2 0 2.8000000000000003 0 2 0.4 6 0 5.4 0 2.4000000000000004 2.2 0.2 0 1.4000000000000001 2.2 0 3 0 0 0 0 0 0 0 0 0 0 0 0 0 0 0 0 0 0 2 0 0 0 0 2.8000000000000003 2.8000000000000003 0 0 0 0 0 0 0 0 0 0 0 0 0 0 0 0 0 0 0 0 0 0 0 0 0 0 0 0 2.2 0 0 0 0 0 0 0 0 0 0 1.4000000000000001 0.2 17.400000000000002 0 0.4 17.8 0 3.2 0 0 7.6000000000000005 0 0 0 0 0 0 0 0 0 0 0.4 0 0 0 0 0 0 0 0.4 0 0 0 0 0 0 0 0 0 0 0 0 0 0 0 0 
 27.8 68.60000000000001 56.2 12.600000000000001 92 25 24.400000000000002 8.8 34.2 42.6 21.6 23.200000000000003 55.2 66.8 101.4 0 18.2 8.200000000000001 24 15.4 0.8 0.6000000000000001 0 0 0.8 0.2 0.8 0 0.6000000000000001 0 0 0 0 0.2 0 0.6000000000000001 0.4 0.6000000000000001 0.4 0 0 0.6000000000000001 0.4 0 13 0 7.2 0.4 0 0 0 0.8 0.6000000000000001 0 0.4 0 0 0.4 0 0.6000000000000001 0 0 0.4 1 0.6000000000000001 1.2000000000000002 0 0.8 0 0 0 0 0.8 0 0 0 0.6000000000000001 0 0 0 4.6000000000000005 1.8 2 7.2 2 1.2000000000000002 0 1.6 3.2 0 3.8000000000000003 13.600000000000001 14.600000000000001 1.2000000000000002 7.6000000000000005 0 0.2 2.6 1.8 0 0 0 0 0 0 0 0 0 0 0.6000000000000001 0 0 0 1.4000000000000001 0 0 0.2 0 0 0 0 0 0 0 0 0 0 0 0 0 0 0 0 0 0 0 0 0 0 0 0 0 0 0 0 0.4 0 0 0 0 0 0 0 0 0 0 0 0 0 0 3.4000000000000004 9.600000000000001 0.4 3.2 2 3.8000000000000003 0 1.8 4.800000000000001 0 4.2 0 5.6000000000000005 2 3 2.8000000000000003 5 7.4 0 2.2 0 0 0.4 0 0 0 0 0 0 0 0.4 0 0 0 0 0 0 0 0.4 4.800000000000001 0 3.6 0 0 0 0 0 4.2 0 0 0 0 0 0 0 0 0 0 0 0 0 0 0 0 0 0 0 0 0 0 1.6 0 0.4 0.4 0 0 0 0 0 0 0 1.8 0 0 0 0 0 0 0 0 0 0.4 0 0 0 0 0 0 3.4000000000000004 0 0 0 2 0 0 0 0 0 0 0 0 0 0 0 0 0 0 2.8000000000000003 0 0 0 0 0 0 0 0 0 0 0 0.4 
 28.400000000000002 107.80000000000001 28.8 47.6 87 11.200000000000001 41.800000000000004 24 24.400000000000002 9.600000000000001 79.80000000000001 54 9.4 24.6 26 18.2 0 32.800000000000004 7.6000000000000005 24.8 0 0 0.4 0 1.4000000000000001 0.6000000000000001 0 0 1.4000000000000001 0.2 0.4 0.4 0 0 0 1.4000000000000001 0.6000000000000001 0.4 0.8 4 0.6000000000000001 0.6000000000000001 0.6000000000000001 1.2000000000000002 1.4000000000000001 1.2000000000000002 1.8 0.4 0.6000000000000001 1.2000000000000002 0 0.6000000000000001 0.6000000000000001 0 0.8 0.6000000000000001 0 0.6000000000000001 0 1 0 1.4000000000000001 11.200000000000001 0.8 0.4 0.8 0 1.2000000000000002 0.8 10.200000000000001 1.2000000000000002 0 1.6 0.6000000000000001 0.2 0.8 3.2 0 0 0.2 0.4 2.2 2.4000000000000004 0 7 14.8 4 0 0 7.2 5.6000000000000005 4.6000000000000005 0 0.2 0 7.4 2.4000000000000004 1.6 0 0 0 3.8000000000000003 0 0 0 0 0 0 2 0 0 0 4 1.4000000000000001 0 1.8 0 5.4 1.8 3 0 0 0 0 0 0.2 0 0 0 0.2 0 0 0 0 0 0 3.6 0 0 0 0 0 0 0 0 0 0 0 0 1.8 0 0 0 0 0 0 0 0 0 0 1.4000000000000001 5 3.6 5.4 3.2 3.4000000000000004 0.4 0 3.6 5.6000000000000005 6.800000000000001 2.6 0 0.2 10 0.2 0.4 3.2 0 0 2.4000000000000004 0 0.2 0 0 0 0 0.2 0 0 0 0 7.2 0 0 0 0 0 3 2.4000000000000004 0 0.2 0 0 0 0 0 0 0 0 0 0 0 0 0 0 0 0 0 0 0 0 0 0 0 0.2 0 0 0 0 0 0 0 0 0 0 0 0 0 0 0 0.2 0 0 0 0.4 9.200000000000001 0.2 17.2 0.8 0 0.6000000000000001 0.4 0 0 0 0 0 0 0 0 0 0 0 0 0.4 0 0 0 0 0.2 0 0 0 0 0 5 0 0 0 0 0 0 0 0 0.2 0 0 0 0 
 18.2 43.400000000000006 11.4 28.400000000000002 20.6 6.800000000000001 8.4 75.4 28.400000000000002 26.200000000000003 26.6 56.2 6.6000000000000005 23.8 48.6 8.200000000000001 32.800000000000004 0 4.800000000000001 7.800000000000001 0 0.4 0.4 0.4 0.4 0.4 5.2 0 0.6000000000000001 0 1.4000000000000001 0 0.4 0.4 14.8 1 0.8 0 15.8 34.6 0.6000000000000001 7.2 0 0 0.6000000000000001 0 0 0.6000000000000001 0.4 0.4 0.4 0.6000000000000001 0.6000000000000001 0 0.6000000000000001 0 0 0 0 0.6000000000000001 0 0 0.4 0.4 7.4 0 0 0.4 0 0 0 0 0 5.2 0 0 0.4 0 0 0.6000000000000001 0 2 0 3 0 10.8 0 0 0 5 0 2.8000000000000003 0 0 0.2 3 1.6 0 0 0 1.8 0 0 0 0 0 1.4000000000000001 0 2.6 2.4000000000000004 0 0 2.8000000000000003 6.800000000000001 3 0 0 0 0 0.4 0.4 0 0 0.4 3 0 0 0 0 0 2.8000000000000003 0 0 0 0.2 0 0 0 0 0 0 0 0 0 0 0 0 0.2 0 0 0 0 0.6000000000000001 0 0 0 0 0 0 0 1.2000000000000002 0 2.8000000000000003 2.4000000000000004 0.2 2.4000000000000004 0 0 0 2 6.6000000000000005 7.2 0 0 0.2 2 0 0 0 0 0 0 3.2 0 0 0 1.4000000000000001 1 0 0 0 0 4.6000000000000005 8.200000000000001 0 0 0 0 11.4 7 0 0 0 0 0 0 0 0 0 0 0 0 0 0 0 0 0 0 0 0 0 0 0.2 0 0 0 0 0 0 0 0 0 0 0 0.2 0 0 0 0 0 0 0 0 0 0 0.6000000000000001 17.400000000000002 0 18.6 10.4 0 2 2 0 0 0 0 0 0 0 0 0 0 0 0 0.4 0 0 0 0 0 0 0 0.4 0 2 3.8000000000000003 0 0 0 0 0 0 0 0 0 0 0 0 0 
 33.2 23.400000000000002 22.8 15.8 57.2 8.8 24.6 94.2 25 15.8 6.4 5.2 61 23.8 61 24 7.6000000000000005 4.800000000000001 0 19.6 0 0.6000000000000001 0 0 0.4 0.2 0 0 1 0 0 0 0 0 0 0.6000000000000001 0.2 0 0 0 0 1.2000000000000002 0 0 13.200000000000001 0 0 0.6000000000000001 0 0.6000000000000001 0.4 1.2000000000000002 0.6000000000000001 0.4 0.8 0 0 0 0.6000000000000001 0.6000000000000001 0 10.200000000000001 0.4 0.4 1 1 0 0.4 0 0 0 0 0 0.4 0 0 0.4 0 0 0.6000000000000001 4.2 4.4 2.6 0 0 0 1.8 3 4 3.2 0 6.2 5.6000000000000005 5 0 0 10 4.2 7.800000000000001 4.6000000000000005 0 0 0 0 0 0 0 0 0 0 0 0 0 0 0 0 0 0 0 0 0 0 0 0 0 0 0 0 0 0 0 0 0 0 0 0 0 0 0 0 0 0 0 0 0 0 0 0 0 0 0 0 0 0 0.8 0 0 0 0 0.6000000000000001 2.8000000000000003 3.6 5.2 0 0 0 5.2 2.4000000000000004 0 0 0 0 5.2 8.200000000000001 0 4 2 2 5.4 5.800000000000001 0 0 0 0 0 0 0 0 0 0 0 0 0 0 0 0 0 0 0 4 0 0 0 0 0 0 0 0 0 0 0 0 0 0 2.2 0 0 0 0 0 0 0 0 0 0 0 0 0 0 0 0 0 0 0 0 0 0 0 0 0 0 0 0 0 0 0 8.8 0 0 0 0 0.8 0 0 0 0 0 0 0 0 0 0 0 0 0 0 0 0 0 0 0.2 0 0 0 0 4.2 0 0 0 0 0 0 0 0 0 0 0 0 0 0.4 
 31.400000000000002 64.2 23.6 55 34.800000000000004 26.400000000000002 16.400000000000002 11.8 14.200000000000001 34.800000000000004 20.400000000000002 9 93.2 61.400000000000006 50.800000000000004 15.4 24.8 7.800000000000001 19.6 0 0 0.4 0 0 0.4 0.4 0 0 0.6000000000000001 0 0 0 0.4 0 0 0.6000000000000001 0.2 0.4 0.2 0 0 0.6000000000000001 0 0 0.4 18.400000000000002 12 0.4 0 0 0 0.6000000000000001 0.6000000000000001 0 0.4 0 0 0 0 0.6000000000000001 0 0 0.4 0.4 0 0 0 0.6000000000000001 0 0 0 0 0 0 0 0 0.6000000000000001 0 0 0.2 5.4 0 4.4 1.8 2.4000000000000004 0 2.2 0.2 6 0.2 0.4 0 0 0.4 1 2 0 4.800000000000001 5.4 1.8 0 0 0 0 0 0 0 0 0 0 0 0 0.4 0 0 0 0 0 0 0 0 0 0 0 0 0 0 0 0 0 0 0 0.4 0 0 0 4.2 0 0 0 0 0 0 0 0 0 0 0 0 0 0 0 0 0 0 0 2.4000000000000004 0 0 0 4.6000000000000005 2.2 18.2 0 0 0.8 3.6 3.4000000000000004 1.4000000000000001 5.4 2.2 0 0 1.4000000000000001 6 6.4 5.4 0 0 2.6 0 0 0 0 0.2 0 0 0 0 0 0.4 0 0 0 0.4 0 0 0 2.8000000000000003 0 0 0 0 0 0 0 0 0 0 0 0 0 0 0 0 0 0 0 0.4 0 0 0.4 0 0 0 0 0 0 0 0 0 0 0 0 0 0 0 0 0.2 0 0 0 0 0 0 0.2 0.2 0 0.8 0.2 3.2 2 0 0 0 0 0 0 0 0 0 0 0 0 0 0 0 0 0 0 0 0 0 0 0 2.8000000000000003 0 0 0 0 0 0 0 0 0 0 0 0 0 0 
 0 0 0 0 0 30 0.2 0 0 0.8 0 0.4 0 0 0 0.8 0 0 0 0 0 57 68.4 9 80 11.200000000000001 44 92.60000000000001 9.4 24.400000000000002 24.400000000000002 6.6000000000000005 12 41.2 5.800000000000001 22.8 5 5.6000000000000005 13 27.6 0.6000000000000001 0 0.2 0.4 0 0.6000000000000001 0.6000000000000001 0.4 0 0 0.4 0.2 0.2 0.8 16.8 0 0.4 0 0 0 0.6000000000000001 0 0 0 0 0 0 0 0 0.6000000000000001 0 0 0 0 0.2 0 0 0.6000000000000001 0 0.6000000000000001 0 0 0 0 0 0 0 0 0 0 3.6 0 0 0 0 0 0 0 1.4000000000000001 0 3.4000000000000004 3.8000000000000003 0.2 2.2 1.8 0.2 4.4 5.4 5.800000000000001 7 0 0.6000000000000001 4 6 10.4 2.2 10.4 6 3.2 0.2 0 0 0 0 0 0 2.4000000000000004 0 0 0 0 0 0 0 0 0 0 0 0 5.800000000000001 0 0 0 0 0 0 0 0 0 0 0 0 0 0 0 0 0 0 1.4000000000000001 0 0 0 0 1 0 4.6000000000000005 0 0 0 0 1 3.4000000000000004 0 0 0 0 0 0 0 4.800000000000001 4.6000000000000005 1.8 3.2 0 0 0 0.2 0.4 3 3.4000000000000004 3.8000000000000003 1.8 0.2 0 2.8000000000000003 4 6.2 6.6000000000000005 2.8000000000000003 2.2 0.2 0 0 0 0 0 2 0 0 0 0 0 3 0 0 0 0 0 7.800000000000001 0 0 0 0 0 0 0 0 0 0 0 0 0 0 0 0 0 0 0 0 0 0 0 0 0 0 0 0 0 0 0 0 0 0 0 2.8000000000000003 0 0.8 0.8 0 0.6000000000000001 3 3 0 0 0 0 2.4000000000000004 0 0 0 0 0 0 0 0 0 0 0 0 0 0 0 0 0 0 0 2.2 0 0 0 
 0 0 0 0.4 0 0 0 0.4 0 0 0 0 0 0 0.4 0.6000000000000001 0 0.4 0.6000000000000001 0.4 57 0 41.6 11.8 25.6 9.4 50.2 42.2 95.80000000000001 36.800000000000004 80.60000000000001 22.200000000000003 10.600000000000001 30.400000000000002 24.200000000000003 27.200000000000003 53.800000000000004 25.400000000000002 26.400000000000002 26.200000000000003 0.6000000000000001 0 0 41.400000000000006 0.4 0.6000000000000001 0.6000000000000001 0 0 0 0 0 0 0.6000000000000001 0 0 0.4 0.2 5.6000000000000005 0 0.4 1 0 3 0 0 0 1.8 0 0.6000000000000001 0.2 0 0 0 0.4 1.2000000000000002 0 0.6000000000000001 0 0.6000000000000001 0 0 0.2 0 0 0 0 0 0 0 0 0 0 0.4 0 0 0 0 0 0 5.4 4.800000000000001 2 0 0 5 5.2 2.2 2.4000000000000004 2.4000000000000004 3.8000000000000003 0 0 2.2 1.4000000000000001 0 3.8000000000000003 0.2 1.8 3.4000000000000004 0 0 0 0 0 0 0 0.2 0 0 0 0 3 0 0 0 0.4 0 0 5.2 0 0 0 0 0 0 0 0 0 2.8000000000000003 0 0 0 0 0 0 0 0 1.2000000000000002 0 2.4000000000000004 0 0 1.6 0 0 2.8000000000000003 0 0 0 0 3 0 0 0 0 0 0.4 0 0 4.2 5.800000000000001 0.2 6.2 1.8 0.6000000000000001 3.6 1.4000000000000001 17 1.4000000000000001 0 8 2.4000000000000004 0 3.6 6.800000000000001 5 1.4000000000000001 0 0 0 0 0 0 0 0 0 2.2 0 0 0 0 2.2 0 3.4000000000000004 0 0 0 4.6000000000000005 0 0 0 0 0 0 0 3 0 0 0 0 0 0 0 0 0.2 0 0 0 0 0 0 1.4000000000000001 0 0 0 0 0 0 0 0 0 0 0 3.4000000000000004 0.2 0.2 0 16 0.8 4 2.2 0 0 0 0 0 0 0 0 0 0 0 0 0 0 0 0.2 0 0 0 0 0 0 0 0 0 0 0 0 
 0 0 0 0 0 0.2 0 0 0.2 0.4 0 0 0 0 0.8 0 0.4 0.4 0 0 68.4 41.6 0 68.8 40.2 37.6 19.8 38.6 13 21.8 30.6 38.2 23.400000000000002 23.200000000000003 26.200000000000003 26.400000000000002 25.8 18.400000000000002 15 21.8 1.2000000000000002 0 0 0.6000000000000001 1.4000000000000001 0.4 1.2000000000000002 0 41.400000000000006 0 0.4 0.2 11.200000000000001 0.6000000000000001 0.2 0 0.4 0 12.4 0 0.6000000000000001 0 0 0 0 0 2.4000000000000004 0 0 2 0 0.2 0 0 0 0 0 0.6000000000000001 0 0.6000000000000001 0 0 0 0 0 0 0 0 0 0 0.2 0 0 0 0 0 0 0 0 0 3.4000000000000004 0 4 3.6 8 4.4 3.4000000000000004 2.2 6.800000000000001 3.2 2.6 6.4 2.6 6.800000000000001 10.8 1.6 0 0 1.4000000000000001 2.4000000000000004 0 0 0 0 0 0 0 2.6 0 0 0.6000000000000001 0 2 2.6 0 0 0 0 0 4.800000000000001 0 0.2 3.6 2.2 0 0 0 0 0 1 0 0 0 0 0 0 0 0 0 0 0 0 0 1.8 0 0.2 0 0 0 0 0 0 0 0 0 0 0 0 0 1.2000000000000002 0.2 5 0 3.2 3.8000000000000003 0 0 1.8 6.2 0.8 0 7.800000000000001 2.8000000000000003 2 2.4000000000000004 2.6 1.4000000000000001 2.2 0 3.6 1.2000000000000002 0 0 0 0 0 2 2.4000000000000004 4.4 0 0 0 0.8 0 3 0 2.2 0 3.6 0 0 1.2000000000000002 0 0 0 0 0 0 0 0 0 0 0 0 0 0 0 0 0 0 0 0 0 0 0 0 0 0 0.4 0 0 0 0 0 1.8 0 0 35.800000000000004 0 0.4 4 0.2 0 0 0 0 0.2 0 0 0 0 0 0 0 0 0 0 0 0 2.2 0 3.6 0 0 0 0 7.2 0 0 0 
 0 0 0 0 0 0 0.2 0 0.4 0.4 1 0.2 14.4 0 0.6000000000000001 0 0 0.4 0 0 9 11.8 68.8 0 35.2 70.4 16 40.2 30.200000000000003 24.400000000000002 54.800000000000004 7.800000000000001 53.800000000000004 56 56.400000000000006 20 107.80000000000001 21.6 10.200000000000001 8.200000000000001 5.4 0 0 0.6000000000000001 0.4 0.6000000000000001 5.800000000000001 17.400000000000002 0 0 0.2 5.2 14.8 0.6000000000000001 25.6 0.6000000000000001 0.4 0 12.200000000000001 4.800000000000001 0.6000000000000001 0 0 0 0 0 2.4000000000000004 0 0.2 1.2000000000000002 0 5 0 0 0 0 0 0.4 0 1.2000000000000002 0 0 0 0 0 1 0 0 0 0 0 0 0 0 0 0 0 0 0 0 0.2 0.2 0 3.6 7.2 0 0.2 0 0 2.4000000000000004 5.6000000000000005 0.4 0 0 0 0 0 0 0 0 8.6 10.200000000000001 4.2 0 0 0 2.8000000000000003 1.4000000000000001 5.6000000000000005 0.4 2.8000000000000003 0.8 3.8000000000000003 2 0 0 3.4000000000000004 0 4 6.4 0 0 0 0 0 0 0 0 0 0 0 0 0 0 0 0 0.6000000000000001 0.2 0 0 0 0 0 0 0 0 0 0 0 0 0 0 0.2 0 0 0 0 0 0 0 0 2.4000000000000004 0 0 4.800000000000001 4.6000000000000005 0 0 0 0 1.8 0 0 0 0 0 2.2 1.4000000000000001 0 0 4 0 0 0 0 0 6.4 0 5 0 0.2 0 6.2 0 1.6 4.4 6.2 0 2.8000000000000003 4.6000000000000005 0 0 0 0 0.4 0 0 0 0 0 0 0 0 0 0 0 0 0 0 0.2 0 0 0 0 0 0.4 0 0 0 0 0 0 0 0 1.2000000000000002 0.4 0 15.8 0.2 0 0.4 0 0 0 0 0 0 0 0 0 0 0 0 0 0 0 0 0 0 0 0 3.6 0 0 0.2 0 0 0 0 0 
 0.4 0.4 0.4 0.4 0.4 0.4 1.8 15.200000000000001 1 0.8 0.4 1 15.200000000000001 0.8 0.4 0.8 1.4000000000000001 0.4 0.4 0.4 80 25.6 40.2 35.2 0 73.4 30.400000000000002 27.6 46.400000000000006 12.4 67.60000000000001 55 56.6 30.400000000000002 63.2 15.8 26.8 68 13.8 17.8 15.4 0 0 0.6000000000000001 0.8 0.6000000000000001 0.6000000000000001 12.4 0.6000000000000001 0.4 0.6000000000000001 0.2 10.8 0.6000000000000001 0.6000000000000001 12.200000000000001 0.4 0 2.4000000000000004 0 0.6000000000000001 0 0 0 0.4 0 0.6000000000000001 0 0 0.6000000000000001 13.8 0 0 0 0 0 0 0.4 0.4 0.6000000000000001 0 0 0 0 0 0 0 0 0 0 0 0 0 0 0 0 0 0 0.4 0 2.4000000000000004 0.2 3.8000000000000003 2 4.6000000000000005 7.6000000000000005 2.4000000000000004 1.8 0 5.6000000000000005 0 0.2 0 1.8 1.2000000000000002 0 0 0.2 0 0 0 0 0.2 0 0 0 6.4 7.4 0 0 0 4 2 2.6 9 0.2 0.4 0 3.4000000000000004 8.200000000000001 0 0 0 0 0 0.2 0.2 0 0 0 0.4 0 0 0 0 0 1.6 0 0.8 0 0 0 0 0.6000000000000001 0 0 0 0 0 0 0 0 0 0 0 0 0 0 0 0 0 2.2 0 1.6 0 2 0 0 6.4 10.200000000000001 2 2 0 3.4000000000000004 0 2.8000000000000003 0 1.4000000000000001 0 0 3.2 3.4000000000000004 5.4 0 0.2 0 0.2 4.6000000000000005 0 2 0 0 2.4000000000000004 0 2.8000000000000003 0 3.6 0 2.4000000000000004 0 0 0 0 0 0 0 0.4 0 0 0 0 0 0 0 0 0 0 0 0 0 0 0 2.8000000000000003 0 0 0 0 0 0 0 0 0 0 0 0.8 0 0.4 24.8 1 0 1.8 0 0 0 0 0 1.6 0 0 0 0 0 0 0 0 0 0 0 0 0 0 1 0 0 2 0 2.4000000000000004 0 0 0 
 0.4 0.4 0.2 0.4 0.2 0.4 0.4 0.2 0.4 0.2 0.4 0.8 0.4 0.4 0.4 0.2 0.6000000000000001 0.4 0.2 0.4 11.200000000000001 9.4 37.6 70.4 73.4 0 13 4.4 22 32.2 17.8 27 10.600000000000001 14.200000000000001 12.4 17.8 27.400000000000002 14.4 53.800000000000004 8.6 10.4 12.8 0 0.4 0 0.6000000000000001 0.6000000000000001 12.4 12.600000000000001 0 0 0 12.4 0.6000000000000001 14.600000000000001 0 0.4 0 3.6 12.600000000000001 0.4 0 0 0 0 0 0.6000000000000001 0 0 1.4000000000000001 0 0 0 0 0.4 0 0 0.6000000000000001 0 0.6000000000000001 0.4 0 0 0 0 0 0 0 0 0 0 0 0 0 0 0 0 0 0 0 0 0 2.8000000000000003 0 4 2.4000000000000004 0 0 0 0 3 2 0 0 0.2 0 0 0 0 0 0 3.6 4.800000000000001 0 0 1.6 6 1.8 3.6 0 0.8 2.6 6 2.6 3.2 0 6.2 0 7.2 2.4000000000000004 0.2 0 0 0 0 0 0 0 0 0 0 0 0 0 0 0 0 0 0 0 0 0 3 0 0 0 0.4 2.4000000000000004 0.2 0 0 0 0 0 0 0.8 0 0 0.4 0 0.2 0 0 2.6 0 4.6000000000000005 0 0 0 0.2 1.2000000000000002 0 0 0 0 0 0 0 0 0.4 2.4000000000000004 0 1.8 0 0 0 1.4000000000000001 3 1.6 4.4 0 0 2 4.6000000000000005 3.8000000000000003 3.8000000000000003 0.2 0 3.4000000000000004 5 0 0 0 0 0 0 0 0 0 0 0 0 0 0 0 0 0 0 0 0 0 0 0 0 0 0 0 0 0.4 0 0 0 0 0 1 0 0 15.200000000000001 14.600000000000001 0 1 0 0 0 0 0 0 0 0 0 0 0 0 0 0 0 0 0 0 0 0 2.4000000000000004 0 0 0 0 0.2 0 0 0 
 0 0 0 0 0 15.600000000000001 0.4 14.600000000000001 16.400000000000002 16.8 0.2 0.2 0 0 0 0.8 0 5.2 0 0 44 50.2 19.8 16 30.400000000000002 13 0 51.6 56.800000000000004 6.4 71 9.600000000000001 18.2 20.8 27.8 37.800000000000004 9.4 8.4 6 21.400000000000002 0.6000000000000001 0 0 0.6000000000000001 0.2 1.8 0.6000000000000001 0 0 0 0 1.4000000000000001 0 0.6000000000000001 12.600000000000001 0 7.2 0 0 0 0.6000000000000001 0 0 0 0 0.6000000000000001 0 0 0 0.6000000000000001 0 0 0 3 0 0 0 1 0 1.2000000000000002 0 0 0 0 0 8.8 0 0 0 0 0.2 0 0 0 0 0 0 0 0 0 6.800000000000001 4.6000000000000005 0 0 1.8 3.2 4.2 2.8000000000000003 3.8000000000000003 3.2 0 0.4 1.8 5.800000000000001 8.200000000000001 0 5.800000000000001 2.6 0.2 0.6000000000000001 0 0 0 0 0 0 0 0 0 0 0 0 1.4000000000000001 0 0 0 0 0 0 1.8 0 0 0 0.4 0 0 0 0 0 3.2 0 0.4 0 0 0 0 0 0.4 1 0 0 0 0 1.2000000000000002 0 1.6 0 0 0 0.4 2.6 0 0 0 2.2 0 0 0 0 1.2000000000000002 2.6 1.8 6 5.800000000000001 1.4000000000000001 0 0.2 2.4000000000000004 6.800000000000001 0 0.2 6.2 3 1.8 1.6 4.800000000000001 7 2.6 0 7.4 0 0 0 0 0 0 0 0 0 0 8.8 0.2 2.4000000000000004 0 0 0 0 0 6.2 0 0 0 0 0 0.2 0 0 0 0 0 0 0 0 0 0 0 0 0 0 0 0 0 0 0 0 0.2 0 0 0 0 0 0 2 0 2.4000000000000004 0.2 0 0.6000000000000001 0 0 4.2 2 0 0 0 0 0 0 0 0 0 0 0 0 0 0 0 0 0 0.2 0 0 0 0 0 0 0 0 0 0 
 0 0 0 0 0 14.8 0 0 0.2 0 1 0 0 0 0.4 0 0 0 0 0 92.60000000000001 42.2 38.6 40.2 27.6 4.4 51.6 0 32.6 25 80.2 56.400000000000006 19.400000000000002 44.6 31.400000000000002 42.800000000000004 99.60000000000001 26.8 50.800000000000004 10.4 0.6000000000000001 1.4000000000000001 0 0.6000000000000001 0.4 0.6000000000000001 0.6000000000000001 0 0 0 1.8 0.2 0 0.6000000000000001 0.2 0 1 0 1.2000000000000002 0 0.6000000000000001 0 0 0 0 0 0.6000000000000001 0 0 0.6000000000000001 0 0 0 0 0 0 0 1 0 0.6000000000000001 0 0 0 0 0 1.4000000000000001 0 0 0 0 0.2 0 0 0 0 5.2 0 0 0 0 0 0.6000000000000001 2.8000000000000003 3.4000000000000004 0 3.6 0.2 0 0 4.4 0.4 2.4000000000000004 0 2.2 0.2 0 6.6000000000000005 3.6 0 0 0 0 0.2 0 0.4 0 2.4000000000000004 0 0 0.4 0 0 6.2 0 0 0 0 0 0 1.6 0 0 0 0 0 0 0 0 0 0 0 0 0 0 0 0 1 0 0.8 0 0 0 0 0.2 0 0 0 0 0 0 0 0 0.2 0 0 0 0 0 0 0 0.6000000000000001 4.2 0 1.6 2.2 2.4000000000000004 0.2 1.8 3.4000000000000004 11.600000000000001 1.4000000000000001 8.200000000000001 0 3 0 1.4000000000000001 6.800000000000001 8 2 0 0 0 0 0 0 0 6 2 0 0 0 0 9 0 1.8 3.2 0 0 6.6000000000000005 0 0 0 0 0 0 0 0 0 0 0 0 0 0 0 0 0 0 0 0 0.2 0 0 2.4000000000000004 0 0 0.4 0.2 0 0 0 0 0 0 0 2.4000000000000004 0.2 0 20 0.2 0.4 0 0.4 0 0 0 0 0 0 0 0 0 0 0 0 0 0 0 0 0 3.8000000000000003 0 0 0 0 0 0 0 0 0 0 
 0.6000000000000001 0.4 0.4 0.6000000000000001 0.6000000000000001 16 0.6000000000000001 0.4 0.6000000000000001 1.8 1.4000000000000001 22.8 0.4 0.6000000000000001 0.6000000000000001 0.6000000000000001 1.4000000000000001 0.6000000000000001 1 0.6000000000000001 9.4 95.80000000000001 13 30.200000000000003 46.400000000000006 22 56.800000000000004 32.6 0 32.800000000000004 6.6000000000000005 52.6 15.200000000000001 17.8 37.6 14.200000000000001 38.2 57 29.6 83.60000000000001 1.2000000000000002 0 0 0.6000000000000001 0.4 0.6000000000000001 1.2000000000000002 0.2 0.2 0.6000000000000001 0 0.2 0 0.6000000000000001 0 0 0.4 0 10.200000000000001 0.4 0.6000000000000001 0 0.2 0 0 0.4 0 0.6000000000000001 0 0.6000000000000001 0 0 0.2 0.8 0 3.8000000000000003 0 0.6000000000000001 0 0.8 0 0 0 0.4 2 0 0 0 0 0 2.6 0 0 1.4000000000000001 0 0 0 0 0 0 2 1.2000000000000002 2 2.6 0 0.8 8.8 0 4.2 2.6 10.200000000000001 0 4 2.6 2.6 2.8000000000000003 0.2 2.4000000000000004 3.8000000000000003 1.8 0 2.4000000000000004 1.6 0 0 0 0.4 1.4000000000000001 0.2 0 0 0 2.4000000000000004 0 0 0 2.6 0.2 0.6000000000000001 1.8 0 0 0 0 0 0.4 0 0 0 0 0 0 0 0 0 0 0 0 0 0 0 0 0 0.6000000000000001 2.2 0 0 0 0 0 0 2.8000000000000003 0 0 0 0 0 0 0 0 2 5.6000000000000005 3.2 3.6 3.2 0.2 4.800000000000001 1.8 0 1.2000000000000002 0 0 0 0.6000000000000001 3.6 3.6 2 1.6 2.6 0 0 0 0 0 0 0 0 1.6 0 0 0 0 1.6 0.2 0 2.4000000000000004 0 7.2 0 0 0 0 0 0 0 0 0 0 0 0 0 0 0 0 0 0 0 0 0 0 0 0 2.2 0 0 0 0 0 0 0 0 0 0 0 2.8000000000000003 0 0 0 4.6000000000000005 0 3.2 0 0 0 0 0 0 0 0 0 0 0 0 0 0 0 0 0 0 0 0 0 0 0 0 2.6 0 0 0 0 
 0 0 0 0 0 0 0 0 0.6000000000000001 0.6000000000000001 0.4 0.6000000000000001 0 0 0 0 0.2 0 0 0 24.400000000000002 36.800000000000004 21.8 24.400000000000002 12.4 32.2 6.4 25 32.800000000000004 0 30.400000000000002 7 9 33.800000000000004 37.4 32.6 11.200000000000001 36.800000000000004 13 13.200000000000001 1.6 0.2 0 0.6000000000000001 0.2 0.6000000000000001 14.8 0 0 13.600000000000001 0 0.2 0 0.8 0 0 0.4 0 24 0.4 0.6000000000000001 0 0.2 0 0 0.4 1.4000000000000001 0.6000000000000001 0 3.4000000000000004 0 0 0.4 0.4 0 0 0 0.4 0 0.8 0 0 0 0 0 0 0 0 0 0 0 0 0 0 1.4000000000000001 2.6 0 0 0 0 0 7.4 0 0 1.2000000000000002 2 0 1.8 0 0 4.4 4.800000000000001 0.2 5 0 0 2.4000000000000004 0 0 0 0 3.8000000000000003 0 0 0 0 4.4 1.8 0 0 0.2 0 1.8 0 0.2 0 4.4 0 0.2 0 0 0 2.8000000000000003 0 0 0 0 0 0 0 0 0 0 0 2 0 0 0 0.8 0 0 0 0 1.8 0 0 0 0.2 0 0 0 0 1 0 0 0 0 0 0 0 2.4000000000000004 1.6 0 13.4 2.6 0 0 0 8.200000000000001 0 0 5.2 2.4000000000000004 0 0 1.8 1.4000000000000001 0 0 0 3.8000000000000003 7.4 0 0 0 0 1.8 17.2 3 1.2000000000000002 0 0 12.200000000000001 0 1.6 0 0.4 0 6 3.6 0 0 0 0 0 0 0 0 0 0 0 0 0 0 0 0 0 0 0 0 0 0 3 0 0 0 0 0 0 0 0 0 0 0 3.6 0 0.6000000000000001 0.4 8.6 0 0.4 2.2 0 0 0 0 0 0 0 0 0 0 0 0 0 0 0 0 0 0 0 0 0 0 0 0 0 0 0 0 
 0 0.2 0.4 0.4 0.4 1 0.4 0 0.4 1 0.2 0.4 0.2 0.2 19 0 0.4 1.4000000000000001 0 0 24.400000000000002 80.60000000000001 30.6 54.800000000000004 67.60000000000001 17.8 71 80.2 6.6000000000000005 30.400000000000002 0 30.200000000000003 24 17.6 12.4 13.200000000000001 22 19.200000000000003 24.200000000000003 22 1.2000000000000002 0 0.4 0.4 1.2000000000000002 1 0.6000000000000001 0.6000000000000001 0 0.4 0.4 0 0 0.6000000000000001 0.4 0 1 0 0.2 0 0.4 0 0 0 0.6000000000000001 0.6000000000000001 0 0 5 0.6000000000000001 0 0 1.2000000000000002 0 0.4 0 0 0.6000000000000001 0 0.6000000000000001 0 0 0 0 0 0 0 0 0 0 0 0 0 0 0 0 0 0 0 0 1.2000000000000002 0 2.6 2.8000000000000003 3.6 1.6 2 5 2.8000000000000003 6.2 0.2 4.2 1.4000000000000001 6.2 2.6 0 3 0 0 0 0 0 0.4 0 0 0 2 0 0 0 0 0 0 0 0 0 0 0 0 6.800000000000001 0 0 0.6000000000000001 0 0 0 0 0 0 0.4 0 0 0 0 0 0 0 0 1 0 0 0 0 0.8 0 0 0 0 0 0 0 0 0 0 0 0 0 0 0 4.2 2 7.2 0 1.8 0.2 0 0 2.6 11 5.2 2.6 8.200000000000001 2.4000000000000004 2.4000000000000004 2 2.2 4 3 2.6 2.4000000000000004 0 0 0 0 2.2 0 0 0 0 0 0 0 3.8000000000000003 0 3.2 0 0 0 4.4 0 0 0 0 0 0 0 0 0 0 0 0 0 0 0 0 0 0 0 0 0 0 0 0 0 2.6 0 0.2 0 0.6000000000000001 0 0 0 0 0 2 0.4 0.4 0.6000000000000001 0 0.2 3.8000000000000003 2.2 0 0.2 0 0.4 2 0 0 0 0 0 0 0.4 0 0 0 0 0 0 0 3.8000000000000003 0 0 0 0 0.4 0 0 0 
