 0 35.800000000000004 58.2 15.8 15.8 48.2 77.2 41.800000000000004 50.2 27.6 24.400000000000002 50.6 51 44.6 30.8 26.6 27.8 25.200000000000003 27.8 11.200000000000001 0 0 0.8 0 0.4 0.6000000000000001 0 0.2 0 0.6000000000000001 0 0.6000000000000001 0 0 0.6000000000000001 0 0 0.4 0 0.8 0 0 1 0.2 0 0 0.4 0 0.6000000000000001 0 0.6000000000000001 0 0 12.600000000000001 0.4 0 0 0 0.2 0 0 0 0.4 0 0 0.6000000000000001 0.4 0.6000000000000001 0 0 0 11.4 0 0 0 0.6000000000000001 0 0 0 0 0 3.4000000000000004 2.2 0 1.2000000000000002 0 0 0 0 3.4000000000000004 0 0 0 2 3.2 2 0.4 0.6000000000000001 3.2 0 0 0 0 0 0 0 2.6 0 0 0 0.2 0 2 0 1.8 0 0 0 0 2.4000000000000004 0 0 0 0 0 0 0 0 0.2 0 0 0 0 0 0 0 0 0 0 0 0 0 0 0 0.2 0 0 0 0 1.4000000000000001 0 0 0 0 0.4 0.2 0 0 2.4000000000000004 0 0.2 2.2 7.800000000000001 5.6000000000000005 0.4 0 4 7.800000000000001 0 0 2 6.2 2.2 2.6 2 2.4000000000000004 6.2 2.4000000000000004 2.2 1.4000000000000001 0 0 0 1.6 0 0 0 0 0.2 0 0.4 0 0 0 0 0 0 0 0 0 0 0 0 0 0 0 0 0 0 0 0 0 0 0 0 0 0 2.8000000000000003 0 0 0 0 0 0 0 0 0 0 0 0 0 0 0 0 0 0 0 0 0 0 0 0 0 0 0 0.8 0 0 0 0.4 0.4 3.2 0 0 0 0 0 0 0 0 0 0 2.2 0 0 0 0 0 0 0 0 0 0 0 0 0 0 2.2 0 0 0 0 0 0 0 0 0 0 0 0 
 35.800000000000004 0 19.8 18.6 10.8 33 56.400000000000006 84.60000000000001 17.6 43.400000000000006 36.800000000000004 36.6 11.8 46.400000000000006 47.400000000000006 8 34.6 5.2 10 8.8 0.4 0 0.6000000000000001 0 0.2 0.6000000000000001 0.4 0.4 0.6000000000000001 0.6000000000000001 0.6000000000000001 0.6000000000000001 0 0 0.8 0.4 0 0.4 0.4 1.2000000000000002 0 0 0.6000000000000001 0.4 0 0 0.6000000000000001 0 1.2000000000000002 0 0.6000000000000001 0 0.6000000000000001 0 0 0 0.6000000000000001 0.6000000000000001 0.4 0 0 0 0.4 0 0 0.4 0.4 0.6000000000000001 0 0 0 0 0 0 0 1.2000000000000002 0 2.8000000000000003 0 0 0.4 2.6 6 4.800000000000001 1.6 0 0.4 4.800000000000001 3.8000000000000003 0 6.2 2.2 11.8 4.2 4.2 4 0.2 0 8.4 0 0 0 0 0 0 0 0.2 0 2 0 0 0.2 0 0 6 0 0 0 2.2 2.2 0 0 0 0 0 0 0 0 0 0 0.2 0 0 0 0 0.4 0 0 0 0.2 0 0 0 0 0 0 0 0 0 0 0 0 0 0 0 0 0 0 0 0 4.800000000000001 2 0.4 0.8 1.8 0 6.6000000000000005 3 5.4 1.4000000000000001 0 0 2.8000000000000003 12.4 0 2.4000000000000004 0 5.6000000000000005 0 2 4.800000000000001 0 0.2 0 0 0 2.6 0 0 0 0 0 7.4 0.2 1 0 0 0 3 2.8000000000000003 0 0 0 0 0 0 0 0 0 0.4 0 0 0 0 0 0 0 0 0 2.8000000000000003 0 0 0 0 0 0 0 0 0 0 0 0 0 0 0 0 0 0 0 0 0 0 0 0 0 0 0 0.4 0 0 0 4.4 0 0 0 0 0 0 0 0 0 0 2.6 0 0 0 0 0.2 0 0 0 0 0 0 0 0 0 0 0 0 0 0 0 0 0 0 0 0 0 0 
 58.2 19.8 0 59 23.400000000000002 47 33.6 22.400000000000002 91.80000000000001 47.800000000000004 90.80000000000001 25 56.800000000000004 19.8 37.4 25 55.2 24.400000000000002 16.6 8.4 0 0 0.6000000000000001 0.2 0.2 0.8 0 0.4 0 0.6000000000000001 0 0.6000000000000001 0 0 0.6000000000000001 0 0 0.4 0.4 0.6000000000000001 0 0 0 0 0 0 0.4 0 0.6000000000000001 0 0.4 1.2000000000000002 0 0 0 0 0 0 0 0 0 0 0.4 0 0 0.6000000000000001 0.8 0.4 0 0 0 0 0 0 0 0.4 0 0 0 0 7.6000000000000005 4.800000000000001 0 2.4000000000000004 1 0 6 1.8 4.2 5 3.6 3 0 4.800000000000001 5.800000000000001 2.4000000000000004 16.400000000000002 1.2000000000000002 0 2.2 0 0 0 0 0 0 0 0 0 0 0 0 5 0 0 0 0 0 5.2 4.2 0 0 0 0 0 0 0 0 0 0 0 0 0 0 0 0 0 0 0 0 0 0 0 0 0 0 0 0 0 0 0 0 0 0 0 0 0 0 0 0 1.4000000000000001 6.4 18.2 2.4000000000000004 3.2 2.8000000000000003 0 2.2 7.6000000000000005 5.4 2 0 0 2 6.4 0 0 2 0 1 0 0 0 0 0 0 0 0 0 0 0 0 0 4.4 0 0 0 0 2 10.200000000000001 0 0 0 0 0 0 0 0 2.2 0 0 0 0 0 0 0 0 0 0 0 0 0 0 0 0 0 0 0 0 0 0 0 0 0 0 0 0 0 0 0 0 0 0 0 0 0 0.2 0 9.200000000000001 0.8 0 1.2000000000000002 0 0 0 0 0 0 0 0 0 0 0 0 0 0 0 0 0 0 0 0 0 0 0 0 0 0 0 0 0 0 0 0 0 0 0 0 0 0 
 15.8 18.6 59 0 56.2 25.8 19.6 22.6 46.800000000000004 55.6 138.6 10.600000000000001 55 13.4 21.400000000000002 56 26.400000000000002 51.800000000000004 25 15.4 0 0 1 17 0 0.6000000000000001 0 15.200000000000001 0 0.8 1 0.6000000000000001 0 21 15.600000000000001 0.4 0 1.2000000000000002 16.2 0.6000000000000001 0.8 0 0.4 0.4 0.4 0 1.4000000000000001 0 0.6000000000000001 0 0.6000000000000001 0.8 0.8 0 0.8 0 0.8 0 0.4 12.600000000000001 0 0 0.4 0 0.8 0.4 0.4 0.6000000000000001 0 1.2000000000000002 0 0 0 0 0 0.6000000000000001 0 0 0 0 2 0 3.4000000000000004 5.2 4.6000000000000005 2.6 0.4 3.2 1.2000000000000002 8.8 5.4 4.800000000000001 1.8 0 0.4 3.8000000000000003 3.2 3.8000000000000003 0 2 4.800000000000001 3 0 0 0 0 7.800000000000001 0 11.200000000000001 0 0 0 2.6 7 6.4 0.2 0 0 0 3 0 0 0 0 0 0 0 0 0 0 0 0 0 0 0.2 0 0 0 0 0 0.2 0 0 0 0 0 0 0 0 0 0 0 0 2.2 0 0 0 0 0 2 1.8 0 0 0 2.8000000000000003 7.2 0.8 2.2 3.6 2.4000000000000004 3.4000000000000004 0 4 0.4 3.8000000000000003 0 0 6.6000000000000005 0 0 0 0 0 0 0 0 3 5 2.4000000000000004 0 0 0 1.6 0 1.8 0.4 0 0 0 1.4000000000000001 0 0 0.2 0 0 0 0 0 0 0 0.2 0.2 0 0 0 0 0 0 0 0 0 0 0 0 0 0 0 0 0 0 0.2 0.4 0 0 0.2 0 0 0 0 0 0 5.2 0 0 0 0.6000000000000001 1 0 0.4 27.6 2.6 1.2000000000000002 0 0.4 0 0 0 0 0 0 0 0 0 0 0 0 0 0 0 0 0 0 0 0 0 1.6 2 0 0 0 0 0 0 0 0 0 0 0 0 0 
 15.8 10.8 23.400000000000002 56.2 0 13.600000000000001 23.400000000000002 11.8 44.400000000000006 15.8 18.400000000000002 29.200000000000003 56.2 13.8 21.200000000000003 38.6 8.200000000000001 7.6000000000000005 17.400000000000002 11 0 0 0.6000000000000001 1 0.2 0.6000000000000001 0 0 15.600000000000001 0.6000000000000001 0 0.4 0.6000000000000001 4.800000000000001 22.6 0 0 0.4 22.400000000000002 7.6000000000000005 0 0 0 0 0 0 0.4 0 1.4000000000000001 0 0.4 0 0 0 0 0 0 0 0 0 0 0 0.4 0 0 0.6000000000000001 0.4 0.6000000000000001 0 0 0 0 0 0 0 0.6000000000000001 0.4 0 0 0 0 2.4000000000000004 0 0 10.4 4.6000000000000005 0 0 4.4 1.6 0 0.2 0 0 0 0 0.4 0 0 0 1.2000000000000002 1.8 3.2 0 0 0 5.800000000000001 1.4000000000000001 2.8000000000000003 0 0 0 3.6 2.8000000000000003 2.6 2.8000000000000003 0 0 0 2.6 0 0 0 0 0 0 0 0 0 0 3.4000000000000004 0 0 0 0 0 0 0 0 0 0 0 0 0 0 0 0 0 0 0 0 0 0 0 0 0 0 0 0 0 0 0 0 0 2.2 2 0 0 0 0 0 2 0 0 0 0 2.8000000000000003 0.4 0 1.4000000000000001 0 4 5.4 0 0 0 1.8 0.2 0 0 0 0 0.4 0 0 2 0 1.4000000000000001 4.4 4.2 0 0 0 0 0 0 0 0 0 0 0 1.4000000000000001 0 3.6 0 0 0 0 0 0 0 0 0 0 0 0 0 0 0 0 0 0 0 0 0 0 0 0 0 0 0 0 0 0 0 0.6000000000000001 0.2 0 0.8 0.4 0 1.6 0 0 0 0 0 0 0 0 0 0 0 0 0 0 0 0 0 0 0 0 0 0 0 0 0 0 0 0 0 0 0 0 0 0 0 0 0 0 
 48.2 33 47 25.8 13.600000000000001 0 4.4 6.2 9.4 9.8 19.200000000000003 37.4 46.800000000000004 8 64 19.8 29 54.800000000000004 10.8 9.4 0 32.2 0.6000000000000001 0.2 0.2 16 0.4 4.2 0 0.6000000000000001 0 1 7.4 14.600000000000001 15.4 0.4 0 0.6000000000000001 16 16.6 0 0.4 0 0.4 0 0 0.6000000000000001 0 0.6000000000000001 1.4000000000000001 0.6000000000000001 0 0 0 0 0 0 0 0.8 0 0 0.6000000000000001 0.4 10.200000000000001 0 0.4 1.4000000000000001 0.6000000000000001 1.2000000000000002 0 0 0 0 0 0 0.6000000000000001 0 0 0.4 0.4 0.4 3.4000000000000004 0.2 2.4000000000000004 3 0 0.4 0 0 0 0.2 2.8000000000000003 0 0 0 0 0.2 0 0 0 2.2 3.4000000000000004 1.8 4.4 0 0 0.2 1 0.8 0 0 0 0.2 2.6 0 5.2 0.6000000000000001 4.4 2.6 1 0 0 0 0 0 0 0 0 0 0 0 0 0 0 0 0 0 0 0 0 0 0 0 0 1.2000000000000002 3 0 0 0 0 0 0 0.4 0 0 0 0 0 0 1.4000000000000001 0 0 0 0 3 0.8 1 0 0.6000000000000001 3 1 0 0 0 0.2 0.8 0 0.4 1 0 9.600000000000001 0.4 0 2 0 0 2.4000000000000004 4.6000000000000005 0.6000000000000001 0 0 0 3 3.6 2.8000000000000003 2.6 0 0 2 2 0 0 0 0 0 0 0 0 0 0 0 0 0 0 0 0 0 0 0 3.8000000000000003 0 0 0.6000000000000001 0.2 0 0 0 0.2 0 0 0 0 0 0 0 0 0 0 0 0 0 0 0 0 0 0 0.2 0 1.2000000000000002 9.200000000000001 1 3.2 0.2 0 0 0 0 0 0.2 0 0 2.6 0.2 0 0 0 0 0 0 0 0 0 0 0 0 1 2 0 0 0 0 3.8000000000000003 0 0 0 0 0 0 0 0 
 77.2 56.400000000000006 33.6 19.6 23.400000000000002 4.4 0 72.4 14.200000000000001 85.80000000000001 12.600000000000001 52.400000000000006 52 39.400000000000006 6.4 7.6000000000000005 16.2 8.8 24.400000000000002 56.6 0 0.2 1 0.2 1 1 0 0.4 0.6000000000000001 0.6000000000000001 0 1.4000000000000001 0 0.4 0.6000000000000001 0.4 0.4 1 2.2 1.6 0 0.6000000000000001 0.2 1.2000000000000002 0 0 1.2000000000000002 0 1 0.6000000000000001 1.2000000000000002 0 0 0 0.4 0 0 0 1.2000000000000002 0 0 0 0.4 0 0 0.8 0.4 1.2000000000000002 0.6000000000000001 0.8 0 0.4 0.4 0.4 0.2 0.6000000000000001 0.2 1.2000000000000002 0.6000000000000001 0 0.2 1.8 7.2 10.4 1.8 0 0 0 1.8 9.4 0.2 1.8 10.8 0.6000000000000001 5.4 0 7 7.6000000000000005 0 0 0 0 0 0 0 0 0 0 0 0 0 0.4 0 0 0 0 0 0 0 2 0 0 0 0 0 0 0 0 0 0 0 0 0 0 0 0 0 0 0 0 0 0 0 0 0 0 0 0 0 0 0 0 0 0 0 0 0 0 0 0 7 0 2.6 7.2 3.2 4.4 0 2.2 4.800000000000001 0 1 2.4000000000000004 3 7.2 3.6 1.2000000000000002 14.200000000000001 1.8 4.2 0.4 0 0 0 0 0 0 0 0 0 0 0 0 0 0 0 0 0 0 0 0 0 0 0 0 0 0 0 0 0 0 0 0 0 0 0 0 0 0 0 0 0 0 0 0 0 0 0 0 0 0 0 0 0 2.8000000000000003 0 0 0 0 0 0 0 4.4 0 0 0 0 0.2 0 0 0 0 0.4 5.4 0 0 0 0 0 0 0 0 0 0 0 0 0 0 0 0 0 0 0 0 0 0 0 0 3 0 0 0 0 0 0 0 0 0 0 0 0 
 41.800000000000004 84.60000000000001 22.400000000000002 22.6 11.8 6.2 72.4 0 17.2 28 17.2 6 58.2 28.200000000000003 13 35 9.600000000000001 5.4 64.8 24.400000000000002 0 0 0.6000000000000001 0 0.4 4.2 0 0.4 0 0.6000000000000001 0 0.8 0 0 0.6000000000000001 0 0 0.4 0.4 1 0 0 0 0.4 0 0 0.6000000000000001 0 0.6000000000000001 0 0.6000000000000001 0 0 0 0 0 0 12.4 0.4 0 0 0 0.4 0 0 0.4 0.4 0.6000000000000001 0 0 0 0 0 6 0 0.6000000000000001 0 4 0.8 0 4 2.8000000000000003 5.2 1 0 0 3.6 3.4000000000000004 3.6 3 0.2 2.2 3.6 4 0.2 0 4 3 1.8 4 0 3 0 0 0 0 0 0 0 0 0 0 0.8 0 0 0 0 0 0 1.4000000000000001 0 0 0 1.4000000000000001 0 0 0 0 0 0 0 0 0 0.2 0 0 0 0 0 0 0 0 0 0 0 0 0 0.4 0 0 0 0 1.2000000000000002 0 0 3.6 0 0 0 0 4.2 0 2 3 0 9.600000000000001 2.6 2.2 2.8000000000000003 2.8000000000000003 2.4000000000000004 2 6.800000000000001 3.2 3 4.800000000000001 5 4 0 2.8000000000000003 0 0 0 0.4 0 0.4 0 0 0 1.4000000000000001 0 0 0 0 0 0 0.2 0 0 0 0 0 0 0 0 0 0 0 0 0 0 0 0.4 0 0 0 0.2 0 0.4 0 0 0 0 0 0 0 0 0 0 0 0 0 0 0 0 0 0 0 0 0 0 3.6 0 0 0 0.2 0.6000000000000001 0.4 0.2 0.4 0.4 2.6 0.2 0 0 0 0 0 0 0 0 0 0 0 0 0 0 0 0 0 0 0 0 0 0 0 0 0 0 0 0 0 0 0 0 0 0 0 0 0 
 50.2 17.6 91.80000000000001 46.800000000000004 44.400000000000006 9.4 14.200000000000001 17.2 0 52.6 40.2 8.8 55 31.200000000000003 66 11.8 23.400000000000002 31 46.6 13 0 0 0.6000000000000001 0 0.2 0.8 0 0.4 0 0.6000000000000001 0 0.6000000000000001 0.4 0 0.6000000000000001 0.4 0 0.4 15 0.6000000000000001 0 0 0 1.8 0 0 0.6000000000000001 0 0.6000000000000001 0 0.6000000000000001 1.2000000000000002 0 0 0 0 0 0 0.6000000000000001 0 0 0 0.4 0 0 0.6000000000000001 0.4 0.6000000000000001 0 0 0 0 0 0 0 0.6000000000000001 0.2 0 0 0 1.6 0.4 1.4000000000000001 4.6000000000000005 4 0 3.8000000000000003 5.4 7.800000000000001 2.6 7.6000000000000005 5 0.4 0 1.2000000000000002 6 5.2 2.6 0 6 2.2 0 0 0 0 0 4 0 3.4000000000000004 0 0 0 5.2 3.6 3.6 0.4 0 0 4 7.6000000000000005 0.4 0 0 0 0 0 0 0 0.4 0 0 0 0 2 0 0 0 0 1.2000000000000002 0 0 0 0 0 0 0 0 0 3.2 0 0 0 0 0 0 0.4 0 0 0 0 0 5.800000000000001 3 0 0 5 0 1.2000000000000002 4 5.800000000000001 4.2 0 0 4 4 0 0 2.8000000000000003 0 0 0 0 0 0 0 0 0 0.4 0.4 0 0.2 0 2.6 9.200000000000001 0.2 0 0 0 5 4 0 0 0 0 0.4 0 0 0 0 0 0 0 0 0 0 0 0 0 0 0 0 0 0 0 0 0 0 0 0 0 0 0 0 1.8 0 0 0 0 0 0 0 0 0 0 0 0.6000000000000001 17.8 0.4 0.6000000000000001 6.6000000000000005 0 0.4 0 0 0 0 0 0 0 0 0 0 0 0 0 0 0 0 0 0 0 0 0 0 0 2 0 0 0 0 0 0 0 0 0 0 0 0 0 0 
 27.6 43.400000000000006 47.800000000000004 55.6 15.8 9.8 85.80000000000001 28 52.6 0 23.8 16 30.8 11.200000000000001 44 59.400000000000006 68 19.200000000000003 49.2 60 0 0.4 0.6000000000000001 0 0.2 0.8 0 0.2 0 0.6000000000000001 0 0.6000000000000001 0.4 0 0.6000000000000001 0.2 0 0.4 0.2 1 0 0 0 0.2 0 13 0.4 0 0.6000000000000001 0 0.6000000000000001 0.4 0 0 0 0 0 0.2 0.2 0 0 0 0.4 0 0 0.6000000000000001 0.4 0.6000000000000001 0 0 0 0 0 0 0 0.6000000000000001 0 0 0 0 6.2 0 3 3.4000000000000004 1.6 0 6 24.8 2.6 0.4 12.4 8.8 3.8000000000000003 4.800000000000001 0.2 2.4000000000000004 0 0.6000000000000001 0 10.200000000000001 0 0 0 0.2 0 0 0 0 3.4000000000000004 0 0 0 2 0 0 0 0 0 2.8000000000000003 6.4 0 0 0 0 0.2 0 0 2 0 0 0 0 0 0 0 0 0 0 0 0 0 0 0 0 0 0 0 0 0 0 0 0 0 0 0 0 0 0.4 0 0 4.800000000000001 8.4 4.2 10.200000000000001 0 0.2 0 5.4 10.600000000000001 1.8 6.800000000000001 0.4 0.2 13.200000000000001 0 1.8 2.2 1 5 2 0.2 0 0 0 0 0 0 0 0 0 0 0 0 0 0 0 0 0 0 3.4000000000000004 0 0 0 0 0 0 0.2 0 3 0 0 0 0 0 5.800000000000001 0 0 0.2 0 0 0 0 0 0 0.2 0 0 0 0 0 0 0 0 0 0 0 0 0 0 2.8000000000000003 0 0.2 0 0 0 0.2 19 0 0 17.400000000000002 0 4.4 0 0 0 0 0 0 0 0 0 0 0 0 0 0 0 0 0 0 0 0 0 0.4 0 0.2 0 3.8000000000000003 0 0 0 0 0 0 0 0 0 0 0 0 
 24.400000000000002 36.800000000000004 90.80000000000001 138.6 18.400000000000002 19.200000000000003 12.600000000000001 17.2 40.2 23.8 0 41.800000000000004 41.800000000000004 32.6 33.800000000000004 102.60000000000001 41.800000000000004 45 7.2 31.8 0 0 1.8 0 0 0.6000000000000001 0.6000000000000001 5 0.4 1 0 0.8 0 14.600000000000001 0.6000000000000001 0 1.2000000000000002 0.4 19.8 0.6000000000000001 0 0 0 0.4 0 0 0.6000000000000001 0 0.6000000000000001 0 0.6000000000000001 0.2 0 0 0.4 0 0 0 0.4 0 0 0 0.4 0 0 0.8 0.4 0.6000000000000001 0 0 0 0 0 0 0 0.6000000000000001 0 0 0.8 0 6.800000000000001 1.8 3.6 3 0 2.8000000000000003 1.4000000000000001 2 1 3.6 3.2 7.6000000000000005 4.4 9.600000000000001 1.8 10.8 2.2 6.6000000000000005 0 0 2 3.4000000000000004 2.2 0 0 0 0 0 0.2 0 0 0 2.4000000000000004 0 0 0 0 0.6000000000000001 3 16 0 0 0 1.4000000000000001 0 0 0 0 0 0 0 0 0 0 0 0 0 0 0 0 0 0 0 0 0 0 0 0 0 0 0 0 0 0 0 0 0 0 0 0 7.2 2.8000000000000003 17.2 20 5 3.4000000000000004 0.8 2.4000000000000004 3 6.800000000000001 5.2 10.600000000000001 2.6 10.8 4.6000000000000005 1.6 3 0.4 0.4 0 0 0 0 0 0 0 0.2 1.2000000000000002 0.6000000000000001 0 0 0 1.8 0 0 0 0 0 0 2.4000000000000004 0 0 0 0 0 0 0 0 0 0 0 6.6000000000000005 0 0 0 0 0 0 0 0 0 0 0 0 0 1.8 0 0 0 0 0 0 0 0 0 0 0 0 0 0 0 3.8000000000000003 0 0 0 0.2 0.2 0 18.2 26.200000000000003 0 1.8 0 0 0 0 0 0 0.4 0 0 0 0 0 0 0 0 0 0 0 0 0 0 0 9 0 2 0 0 0 0 0 0 0 0 0 0 0 0 0 
 50.6 36.6 25 10.600000000000001 29.200000000000003 37.4 52.400000000000006 6 8.8 16 41.800000000000004 0 3.8000000000000003 20.6 47 2.4000000000000004 37.6 47 45.2 21.6 0 14.8 0.6000000000000001 0 0.4 0.6000000000000001 0.4 0.2 0 0.6000000000000001 0 0.8 0 0 16.400000000000002 0.2 0 0.4 0.2 16 12.4 0 0 0.2 0 0.6000000000000001 0.4 0 0.6000000000000001 0 0.6000000000000001 12.8 0 0 0 12.600000000000001 0 0 0.2 0 0 0 0.4 0 10 0.6000000000000001 0.4 0.6000000000000001 0 0 0 0 0 0 0 0.6000000000000001 0 0 0 0 0 3.4000000000000004 0 3.2 5.2 0.2 0 0.2 3.6 5.4 5.800000000000001 2 0 0.4 2.8000000000000003 4 8.4 2.6 0 0 0 1.2000000000000002 0 0 0 0 3 0 0.2 0 0 0 6.4 2.6 2.2 1.8 0 0 2 0 0 0 0 0 0 0 0 0 0 0 0 0 0 0 2.4000000000000004 0 0 0 0 0 0 0 0 0 0 0 0 0 0 0 0 0 0 0 0 0 0 0 0 0 0 0.2 2 9 12.8 0 0 0 0 2 2.2 6.800000000000001 0 0 0 5.2 0 6.6000000000000005 1.8 4.2 9 0.2 0 9 0 0.4 5 5.800000000000001 0 0 0 0 4.800000000000001 0 1.4000000000000001 0 0 0 5.4 3 0 0 0 0 0 0 0 0 0 0 0 0.6000000000000001 0 0 0 0 0 0 0 0 0 0 0 0 0 0 0 0 0 0 0 0 0 0 0 0 0 0 0 0 0 0.4 0 0 0 1.2000000000000002 0 0 0.8 0 2.8000000000000003 2.2 0 0 0 0 0 0 0 0 0 0 2.8000000000000003 0 0 0 0 0 0 0 0 0 0 0 0 0 1.4000000000000001 2.6 0 0 0 0 0 0 0 0 0 0 0 0 
 51 11.8 56.800000000000004 55 56.2 46.800000000000004 52 58.2 55 30.8 41.800000000000004 3.8000000000000003 0 38 62.6 7.800000000000001 23 7.800000000000001 21 35.800000000000004 0 0 0.6000000000000001 0 0.4 1 0 0 0 0.6000000000000001 0 0.6000000000000001 0 0 0.6000000000000001 0 0.4 0.4 0.4 0.8 0 0 0 0.2 0 0 0.4 0 0.6000000000000001 0 0.6000000000000001 0 0 0 0 0 0 0 0.2 0 11.200000000000001 0 0.4 0 0 0.6000000000000001 0.4 0.6000000000000001 0 6.6000000000000005 0 0 0 0 0.6000000000000001 0.6000000000000001 0 0 0 0 4.2 0 2 2.2 0 0 4.2 2.2 2 0 0 0.2 7.800000000000001 0 0.2 0 0.2 0.4 2.8000000000000003 15 0 0 0 0 0 0 0 0 0 0 0 0 0 0 0 0 0 0 2 0.2 0 0 0 0 0 0 0 0 0 0 0 0 0 0 0 0 0 0 0 0 0 0 0 0 0 0 0 0 0 0 0 0 0 0 0 0 0 0 0 0 0 0.2 0 2.2 0 0 3 14 2.2 0.2 3.6 0 4.800000000000001 0 2.6 2.6 0 0 4.800000000000001 1.2000000000000002 0 0 0 2.2 0 0 0 0 0 0 0 3.2 0 0 1 0 0 0 0 0 0 0 0 0 0 0 0 0 0 0 0 0 0 0 0 0 0 0 0 0 0 0 0 0 0 0 0 0 0 0 0 0 0 0 0 0 0 0 0 0 0 0 0 0 0 0 0 0 1 0 0 1.2000000000000002 0 0 0 0 0 0 0 0 0 0 0 0 0 0 0 0 0 0 0 0 0 0 0 0 0 0 0 0 0 0 0 0 0 0 0 0 0 0 
 44.6 46.400000000000006 19.8 13.4 13.8 8 39.400000000000006 28.200000000000003 31.200000000000003 11.200000000000001 32.6 20.6 38 0 39.800000000000004 16.400000000000002 12.200000000000001 5.800000000000001 52 14.600000000000001 0 0 0.6000000000000001 0 0.2 0.6000000000000001 40.800000000000004 0.6000000000000001 0 0.6000000000000001 0.2 0.6000000000000001 0 0 0.6000000000000001 7.6000000000000005 0 0.4 0 1 0 0 0 13.8 0 0 0.6000000000000001 0 0.6000000000000001 0 12.600000000000001 0 0 0 0 0 0 0 0.4 0 0 0 0.4 0 0 0.4 0.4 0.6000000000000001 0 0 0 0 0 0 0 0.6000000000000001 0 0 0 0 0.2 11.200000000000001 2 0 1.6 0 0.2 1.8 3 4.6000000000000005 0.2 0 2.8000000000000003 0 2.6 0 2 4 5 0 0 0 0 0 0 0 0 0 0 0 0 0 5.4 0 0 0 0 0.4 4.2 4 0 0 2.2 0 0 0 0 0 0 0 0 0 0 0 0 0 0 0 0 0 0 0 0 0.2 0 0.2 0 0 0 0 0 0 1.4000000000000001 0 0 0 0 0 0 0 5 2.6 4.800000000000001 2.6 0 5.4 7 3.8000000000000003 3.8000000000000003 3.4000000000000004 1.4000000000000001 2 6.2 4.2 7 0 8.6 0 0 5 0 0 0 0 0 0 0 0 0 0 0 0 0 11.200000000000001 0 0 0 0 2 3 0 0 0 0 0 0 0 0 0 0 0 0 0 0 0 0 0 0 0 0 0 0 0 0 0 0 0 0 3.2 0 0 0 0 0 0 0 0 0 0 0 0 4.2 0 0 0 0 0.2 0 9.600000000000001 0.2 0.2 1.6 0 0 0 0 0 0 0 0 0 0 0 0 0 0 0 0 0 0 0 0 0 0 0 0 0 0 0 0 0 0 0 0 0 0 0 0 0 0 
 30.8 47.400000000000006 37.4 21.400000000000002 21.200000000000003 64 6.4 13 66 44 33.800000000000004 47 62.6 39.800000000000004 0 17.6 32.800000000000004 28 17.2 14.8 0 0 0.6000000000000001 0 0.2 0.8 0.2 0.4 0.2 0.6000000000000001 0 0.8 5 0 0.6000000000000001 0 0 0.6000000000000001 15.600000000000001 0.6000000000000001 0 0 0 0.4 0 0 0.6000000000000001 0 0.6000000000000001 0 0.6000000000000001 0 0 0 0 0 0 0.8 0.4 0.2 0 0 0.4 0 0 0.4 0.4 0.6000000000000001 0 0 0 0.2 0 0 0 0.6000000000000001 0 0 0 0 0 7 0 2.6 3.2 0 0 7.2 2.4000000000000004 2.2 3 6.2 0 4.6000000000000005 6.800000000000001 4.6000000000000005 9.8 3.2 0 0.4 0 0 0 0 0 0 0 0 0 0 0 0 3.4000000000000004 0.2 1.6 0 0 0 2 7 0 0 0 0 0 0 0 0 0 0 0 0 0 0 0 0 0 0 0 0 0 0 4 0 0 0 0.2 0 7.6000000000000005 0 0 0 0 0 0 0 0 0 0.2 0 2.2 2.6 13.600000000000001 6 6.4 1.8 0 0 0 2.8000000000000003 3 0 0 4.4 0.4 5.2 0 3 0 0 0.4 0 0 0 0 0 0 0 0 0 0 0 0.2 3.4000000000000004 2.2 0 0 0 2.8000000000000003 2.2 0 0 0 0 0 0 0 0 0 0 0 0 0.2 0 0 0.4 0 0 0 0 0 0 0 3.8000000000000003 0 0 0 0 0 0 0 0 0 0 0 0 0 0 0 0 0 0 0 0 0 0.6000000000000001 0.2 0 17.8 0.4 0 1.8 8.6 0 0 0 0 0 0 0 0 0 2.6 0 0 0 0 0 0 0 0 0 0 0 0 0 2 0 0 0 0 0 0 0 0 0 0 0 0 0 
 26.6 8 25 56 38.6 19.8 7.6000000000000005 35 11.8 59.400000000000006 102.60000000000001 2.4000000000000004 7.800000000000001 16.400000000000002 17.6 0 20.200000000000003 28.200000000000003 6.800000000000001 18.400000000000002 0 0 0.6000000000000001 0 7.4 0.6000000000000001 0 2.6 0 0.6000000000000001 0 0.8 0 0 0.6000000000000001 0 0.2 0.4 15.4 0.6000000000000001 0 0 0 0.6000000000000001 0 0 0.6000000000000001 1 0.6000000000000001 0.6000000000000001 0.6000000000000001 0.2 0 0 0.4 0 0 0 0.6000000000000001 1.2000000000000002 0 0 0.4 0 0 0.4 1.4000000000000001 0.6000000000000001 0 0 0 0 0 0 0 0.6000000000000001 0.2 0 0 0 1 0 2.8000000000000003 10 0.2 7.6000000000000005 3.8000000000000003 0 5 18.400000000000002 2.8000000000000003 5.4 4 8 6.2 3.2 7.4 28.200000000000003 0 4.2 0 0 0 0 0 0 0 0 0 0 0 0 0.4 0 0.4 0 0 0 4.4 8.4 0.4 0 0 0 0 0 0 0 0 0 0 0 0 0 0 3.6 0 0 0 0 0 0 0 0 0 0 0 0 0 0 0 0 0 0 0 0.4 0 0 0 0 5 0 4.4 10.200000000000001 3.6 2.6 0 1.8 0 5.2 5.2 2.4000000000000004 2.6 10 20.8 2 4.4 1.8 0 0 0 0 0 0 0 0 0 0.4 0.4 0 0 0 7.800000000000001 2.8000000000000003 0 0 0 0 0.2 5.4 0 0 0 0.2 0.4 0 0 0 2.4000000000000004 0 0 2.8000000000000003 2 0 0 0 0 0.4 2 3 0 0 0 0 0 0 0 0 0 0 0 0 0 0 0 0 0 0 0 0 0 3.8000000000000003 0 0 0 0 0.2 0.4 0.6000000000000001 0.2 0 2.6 0.4 0 0 0 0 0 0 0 0 0 0 0 0 0 0 0 0 0.4 0.4 0 0 0.4 0 0 0 0 0 0 0 0 0 0 0 0.2 0 0 0 0 
 27.8 34.6 55.2 26.400000000000002 8.200000000000001 29 16.2 9.600000000000001 23.400000000000002 68 41.800000000000004 37.6 23 12.200000000000001 32.800000000000004 20.200000000000003 0 24.8 27.400000000000002 73.2 0 0 0.6000000000000001 0 0.4 0.6000000000000001 0 0.4 0 0.6000000000000001 0 0.8 0 0 0.6000000000000001 0 0 0.4 0.4 0.8 0 0 0 0.6000000000000001 0 0 0.6000000000000001 0 0.6000000000000001 0 0.6000000000000001 0 0 11.200000000000001 0 0 0.2 0 0.6000000000000001 0 0 0 0.4 0 0 0.4 0.4 0.6000000000000001 0 0 0 0 0 0 0 0.6000000000000001 0.2 0.6000000000000001 0 0 3.4000000000000004 7 7.4 5.800000000000001 2 0 0.2 6.6000000000000005 0.8 2 0 4.2 2.2 5.800000000000001 5.800000000000001 2.2 3.6 3.8000000000000003 0 3.6 0 0 0 0 0 0 0 0 0 0 0 0 0.2 0 1.4000000000000001 0 0 0 2.2 1 0 0 0 0 0 0 0 0 0.2 0 0 0 0 0 0 0 0 0 0 0 0 0 0 0 0 0 0 0 0 0 0 0 0 0 0 0.2 0 0 0 0 3.4000000000000004 0 12.4 4.800000000000001 11.200000000000001 1.8 0 0.6000000000000001 2 1.4000000000000001 0.4 3 0 7.6000000000000005 0 10 2.8000000000000003 4.2 2.6 2.2 4.2 0 0 0 0 0 1.6 0 0.2 0 0.4 0 2.4000000000000004 0.2 0 0 0 0 0 2.6 0 0 0 0.4 0 0 0 0 0 0 0 0.4 0 0 0 0 0 0 0 0 0 0 0 0 0 0 0 0 0 0 0 0 0 1.4000000000000001 0 0 0 0 0 0 0 0 0 0 0 1 0.4 0 0.2 0.6000000000000001 0 1.4000000000000001 5.4 0 0 0 0 0 0 0 0 0 2.2 0 0 0 0 0 0 0 0 0 0 0 0 0 0 2.6 0 0 0 0 0 0 0 0 0 0 0 0 
 25.200000000000003 5.2 24.400000000000002 51.800000000000004 7.6000000000000005 54.800000000000004 8.8 5.4 31 19.200000000000003 45 47 7.800000000000001 5.800000000000001 28 28.200000000000003 24.8 0 11.200000000000001 25.200000000000003 0 0 0.6000000000000001 0 0 0.6000000000000001 0 19.200000000000003 0.2 0.6000000000000001 0.2 0.6000000000000001 0.4 13.8 0.6000000000000001 0 0 0.4 0.4 0.8 0.4 0 0 0.2 0 0 0.4 0 0.6000000000000001 7.800000000000001 0.6000000000000001 0 0 0 0 0 0 0 0.2 0 0 0 0.4 8.4 0 0.6000000000000001 0.8 0.6000000000000001 0 0 0 0.6000000000000001 0 0 0 0.6000000000000001 0 0 0 0 0 0.8 1.4000000000000001 5 0 3.4000000000000004 0 0 0 2 4 2 0 3 0 5.6000000000000005 0 0 0 0 2 4.4 0 0 0 0 3.8000000000000003 0 3 0 0 0 7 7.6000000000000005 6 0 0 0 4.800000000000001 2.8000000000000003 0 0 0 0 0 0 0 0 0 0 0 0 0 0 0 0 0 0 0 0 0 0 0 0 0 0 0 0 0 0 0 0 0 0 0 0 0 0 0 0 0 0 2.6 0.2 4 1.2000000000000002 1.6 0.2 2.4000000000000004 4.800000000000001 2.6 2.6 0 1.2000000000000002 0 7 0 0 2.2 0 7.800000000000001 0 0 0 0 0 4 12.8 2 0 0 0 2.4000000000000004 2.6 1 0 0 0 0 2.6 0 0 0 0 0 0 0 0 0 0 0 0 0 0 0 0 0 0 0 0 0 0 0 0 0 0 0 0 0 0 0 0 0 0 0 0 0 0 0 0 0 0 0 0 0 0.2 0.2 0.2 0.2 34.2 4.4 1.8 0 0 0 0 0 0 0 0 0 0 0 0 0 0 0 0 0 0 0 0 0 0 0 0 0.8 2.8000000000000003 0 0 0 0 0 0 0 0 0 0 0 0 
 27.8 10 16.6 25 17.400000000000002 10.8 24.400000000000002 64.8 46.6 49.2 7.2 45.2 21 52 17.2 6.800000000000001 27.400000000000002 11.200000000000001 0 83 0 0 0.6000000000000001 0 0.2 0.8 0.2 0.4 0 0.6000000000000001 0 0.6000000000000001 0 0 0.6000000000000001 0 0 0.4 0.8 1 0 12.600000000000001 0 16.8 0.6000000000000001 0 0.6000000000000001 0 0.6000000000000001 0 0.6000000000000001 0.4 0 0 0 0 0 0.6000000000000001 0.4 0.4 0 0 0.8 0 0 0.4 0.4 0.6000000000000001 0 0 0 0.2 0 0 0.2 1.2000000000000002 0 0 0 0 3.6 4.2 4.6000000000000005 2.4000000000000004 0 0 7.6000000000000005 3.6 0 0 0.2 2.6 11.200000000000001 1.6 7.2 0 2 0.2 3.4000000000000004 8.200000000000001 0 0 0 0 0 0 0 0 0 0 0.4 0 0 0 0 0 0 0 0 0 0 0 0 0 0 0 0 0 0.4 0 0 0 0 0 0 0 0 0 0 0 0 0 0 0 0.4 0 0 0 0 0 0 0 1.6 0 0.2 0.4 0 0 0 0 5.2 4.800000000000001 0.6000000000000001 2.6 0 0 3.8000000000000003 2 5 0 3 0 7.2 3.2 2.8000000000000003 1.4000000000000001 2.2 3.4000000000000004 2.2 5.2 0 0 0 0 0 0 0 0 0.4 0 0.2 0 0 0 0 0 0 0 0 0 0 0 0 0 1.2000000000000002 0 0 0 0 0 0 0 0 0 0 0 0 0 0 0 0 0 0 0 0 0 0 0 0 0 0 0 0 0 0 0 0 0.2 3.6 0 0 0 0 0 0 0.8 0.6000000000000001 0 0 0.4 0.2 3.4000000000000004 0 0 0 0 0.4 0 0 1 0 0 0 0 0 0 0 0 0 0 0 0 0 0 0 0 0 0 0 0 0 0 0 0 0 0 0 0 0 0 
 11.200000000000001 8.8 8.4 15.4 11 9.4 56.6 24.400000000000002 13 60 31.8 21.6 35.800000000000004 14.600000000000001 14.8 18.400000000000002 73.2 25.200000000000003 83 0 0 0 0.6000000000000001 0 0.2 1 0 0.2 0 0.6000000000000001 0 0.6000000000000001 0 0 0.6000000000000001 0 0.2 0.4 0 0.6000000000000001 0 0 0 0.6000000000000001 0 0 0.6000000000000001 0 0.6000000000000001 0 0.6000000000000001 0 0 0 0 0 0 0 0.6000000000000001 0 0 0 0.4 0 0 0.4 0.4 0.6000000000000001 0 0 0 0 0 0 0 0.6000000000000001 0.2 0 0 0 3 0.4 0 3.6 0 2.6 8.200000000000001 0.2 2.2 0 0 1.2000000000000002 6.800000000000001 5.6000000000000005 6 1.4000000000000001 0 4 2.2 6.4 0 0 0 0 0 0 0 0 0 0 0 0 0 0 0 0 0 0 2.2 1.6 0 0 0 0 0.2 0 0 0 0 0 0 0 0 0 0 0 0 0 0 0 0 0 0 0 0 0 0 0 0 0 0 0 0 0 0 0 0 0.4 0 0 0 0 1.6 4.4 1.8 0 0 6 0 2 5 3 2.8000000000000003 2.2 5.2 5.2 4.2 0 2.4000000000000004 2.2 0.2 0 0 0 0 0 0 0 0 0 0 0 1.4000000000000001 0 0 0 0 0 0 0.2 0 0 0 0 0 0 0 0 0.2 0 0 2.6 0 0 5 0 0 0.2 0 0 0 0 0 0 0 0 0 0 0 0 0 0 0 0 0 0 0 0 0 0 0 0 0 0 0 0 0.4 0.4 0.8 0 0 2.4000000000000004 0 0 0.2 0 0 0 0 0 0 0 0 0 0 0 0 0 6 0 0 0 0 0.2 0 0 0 0.2 0 0 0 0 0 0 0 0 0 0 0 1.8 
 0 0.4 0 0 0 0 0 0 0 0 0 0 0 0 0 0 0 0 0 0 0 14.200000000000001 55.2 25.6 38.2 54 25.6 40 105.60000000000001 82.2 39.400000000000006 41.2 58.800000000000004 28 27.6 23.8 27.200000000000003 83.80000000000001 51.2 42.2 0 0 0 0 0.6000000000000001 0.6000000000000001 0.4 0 0.4 1.2000000000000002 0.6000000000000001 0 0 0.4 0 0.4 0 0 0 0 0 0 0 0.8 0.6000000000000001 0.4 0 0.4 0.4 0.4 1.4000000000000001 0 0.4 0 0 0.4 0.6000000000000001 0 0 0 0 0 0 0 0 0 0 0 0.4 0 0 0 0 0 0.2 0 0 0 0 0 2.8000000000000003 0 3.2 4 6.2 1 0 7 0.2 9 3.4000000000000004 4.2 0 1.2000000000000002 4 1.6 1.8 5.6000000000000005 0 0 0 0 0 3.2 0 0 4.2 0 0 0 0 0 0 0 0 0 0 0 1.8 0 0 0 0 0 0 0 0 0 0 0 0 0 0 0.6000000000000001 0 0 0 0 0 0 0 0 0 0 5.4 0 0 0.4 0 0 0 0 0 0 0 0 0 0 0 0 0 2.8000000000000003 4.4 0 4.4 2.6 0 12.8 1.2000000000000002 3.6 7.800000000000001 2.4000000000000004 2.8000000000000003 2.4000000000000004 11.8 2.4000000000000004 1.8 3.8000000000000003 0 0 0 0 0 0 0 0 0 0 0 0 0 0 0 0 5.800000000000001 0 0 0 4.2 0 0 0 0.2 0 0.2 0.4 0 3.4000000000000004 0 0 0 0 0 0 0 0 0 0 0 0 0 0 0 0 0 0 0 0 0 0 0 0 0 0.4 5 0 0 0 0 0 2.8000000000000003 0 0 0 0 0 0 0 0 0 0 0 0 0 0 0 0 1.8 0 0 0 6 0 0 0 0 0 0 0 0 
 0 0 0 0 0 32.2 0.2 0 0 0.4 0 14.8 0 0 0 0 0 0 0 0 14.200000000000001 0 29.8 28.200000000000003 4.6000000000000005 5.800000000000001 47.6 15.200000000000001 30.6 20.6 7.4 49.6 28.6 9.600000000000001 22.400000000000002 33 79.2 82.2 8 33.800000000000004 0 0 0 0 0.4 0 0.4 0 0.4 0 0.6000000000000001 0.2 0 0.8 0 0.2 1.2000000000000002 0 0 0 0 0 0 0 0.6000000000000001 0.4 0.8 0.4 0 0.4 0.4 0 0.4 0 0 0 0 0 0 0 0 0 0 0 0 7.800000000000001 0 0 0 0 0 3 0 0 0 0 0 0 0 0 0 2 2.8000000000000003 4.6000000000000005 0.2 0 3.2 2.4000000000000004 3.2 12.600000000000001 1 3 0 2.2 0 5.4 0 3 0.8 6.2 0.2 0 0.2 0 0 0 0 0 0 0.4 0 0 0.8 0 4.2 0 0 0 0 0 0 0 0 0 0.4 0 0 0 0 0 0 0 0 0 0.2 3 0 0 0 0.4 0 0 0.4 0 0 0 0 0 0 0 0.4 0 0 0 0 0 0 0 0 0 5.4 3.4000000000000004 0.4 3.4000000000000004 0.2 2.8000000000000003 7.2 0.2 6 2 4.6000000000000005 4 0 2 2 4.6000000000000005 3 4.800000000000001 0.2 2.8000000000000003 0.4 0 0 0 0 0 0 4.4 0 0 0 0 0 0 0 0 0 0 0.2 0 0 0 0 0 0 0 0.2 0 0.4 0 0 0 0 0 0 0 0 0 0 0 0 0 0 0 0 0 0.2 0 0 0 0 0 0 0 2 0 0 0 0 0 0.2 2.2 0 0 0 0 0 0 0 0 0 0 0 0 0 0 0 0 0 3.6 0 0 0 0 0 4 0 0 0 0 
 0.8 0.6000000000000001 0.6000000000000001 1 0.6000000000000001 0.6000000000000001 1 0.6000000000000001 0.6000000000000001 0.6000000000000001 1.8 0.6000000000000001 0.6000000000000001 0.6000000000000001 0.6000000000000001 0.6000000000000001 0.6000000000000001 0.6000000000000001 0.6000000000000001 0.6000000000000001 55.2 29.8 0 37.4 12.4 8.6 18 37.2 76.2 46 5.4 6.800000000000001 46.400000000000006 12.4 77.60000000000001 53.800000000000004 21.8 82.80000000000001 8 13.8 0 0.8 0 0 0.8 12.200000000000001 0 0 0.4 0 1.2000000000000002 0 0 0 1 1 0.6000000000000001 0 0 0 0.2 0 0 0 0.6000000000000001 0.4 0 0.4 0 0.4 0.4 0 0.6000000000000001 0 0 0 0 0.2 0 0 0 0 0.2 0 0 1.8 0 0 0.2 0 0 0 0 0 0.4 0 0 0 0 0 1.6 2.4000000000000004 6 2.6 4 0 0 1.8 7.800000000000001 1.8 10.8 13.4 0 0 0 2.6 5.2 0 0 0 0 3.8000000000000003 0 0.2 0 0 0.2 0 0 0 0 0 1.8 0.2 0 0 0 0 6.800000000000001 3.6 0 1.2000000000000002 0 0 0 0.2 0 0 0 0 0 0 0 0 0 0.2 0 0 0.4 0 1.2000000000000002 0 0 0 0 0 0 0 0 0 0 1.2000000000000002 0 0 0 0 0.4 0.4 0 0 0.2 4.2 5.800000000000001 4.4 0 0.2 2.4000000000000004 2.4000000000000004 2.4000000000000004 11 6.4 3.8000000000000003 0 2.8000000000000003 3.8000000000000003 0 1.4000000000000001 1.6 0 0 6.2 0 0 0 0 0 3.2 0 0.2 0 0 0 4.2 10.8 0.4 0 0 0 0.4 1.2000000000000002 0 0.2 0 0 0.4 0 0.4 2.8000000000000003 0 0.2 0 0 0 0 0 0 0 0 0 0 0 0 2.8000000000000003 0 0 0 0.2 0 0 0 0 0.4 0 0.2 2 0 0 0.2 0.8 0.2 0.4 0 0 0 0 0 0 0 0 0 0 0 0 0 0 0 0 0 0 2.4000000000000004 0 0 0 0 0 0.2 0 0 0 0 
 0 0 0.2 17 1 0.2 0.2 0 0 0 0 0 0 0 0 0 0 0 0 0 25.6 28.200000000000003 37.4 0 19 26 66.60000000000001 18 18.8 91.80000000000001 20.6 114.4 76.80000000000001 24.8 12.600000000000001 85.60000000000001 60.400000000000006 14.200000000000001 56.400000000000006 15.600000000000001 0 12.600000000000001 0.2 0 0.4 0 0 0 0.4 3.2 0.6000000000000001 0 12.4 0.4 0.2 1.6 0 0 5 12.600000000000001 0 0 0 0 0.6000000000000001 0.4 0 0.4 0 0 0.4 0 0.4 0 0 0 0.4 0 0 0 0 0 0 0 0 0 0 0 2.4000000000000004 0 0 0 0 0 0 0 0 0 0 0 7.4 2 0 6.6000000000000005 0.2 4.4 0 3.2 1.8 2.2 2.8000000000000003 2.4000000000000004 0.4 0 0 0 2.6 10 0 0 2 0 0.2 0 0 0 3.6 0 0 0 0 0 6.800000000000001 1.2000000000000002 3.2 3 0 0 0 1.4000000000000001 0 0 0 0 0 0 0 0 0 0 0 0 0 0 0 1.6 0 0 0 2.6 0.4 0 0 0 0 0 0 0 0 0 0 0 0 0.6000000000000001 1 0 1 0.6000000000000001 0 0 0 0 4.2 2.8000000000000003 5.2 3 0 0 0 4.6000000000000005 0 1.4000000000000001 0 1.8 4.2 2 4.4 9 0 0 0 5.6000000000000005 0 0 0 0 0 0 0 0 0 0 2.4000000000000004 2.4000000000000004 0 0 0 0 0 5 0 0 0 0.2 0 0 0 1.8 0 0.2 0 0 0 0 0 0 0 0 0 0 0 0 0 0 0 0 0 0 0 0 0 0 0 0 2.6 0.4 0 8.200000000000001 0.6000000000000001 0.4 0.8 0 0 0 0 0 0.2 0 0 0 0 0 10.200000000000001 0 0 0 0 0 0 3 0 2.4000000000000004 0 0 0 1.2000000000000002 0 0 0 0 
 0.4 0.2 0.2 0 0.2 0.2 1 0.4 0.2 0.2 0 0.4 0.4 0.2 0.2 7.4 0.4 0 0.2 0.2 38.2 4.6000000000000005 12.4 19 0 73 11.200000000000001 19.6 34.2 19 28.200000000000003 19 31.8 60 16 16.400000000000002 14.8 23.8 15 18 0 0.2 0 0 0.6000000000000001 0 0 0 1 0 0.8 0 0 0 0 0.6000000000000001 0 0 0.2 0.6000000000000001 0.2 0 0 1.2000000000000002 0.6000000000000001 0.4 0 0.4 0 0 0.4 2.8000000000000003 0.8 0 0 0 0 0 0.2 0.8 0 0 9.200000000000001 0 0 0 0 0 0 0 0 0 0 0 0 0 0 0 0 0 0 0 2.4000000000000004 0.2 2.6 3.6 0 1.6 3.8000000000000003 7.2 3.6 3.8000000000000003 0 0 3.4000000000000004 3.6 2 0 0 3.6 0 0 4 0.2 0 0 2.4000000000000004 0 1.6 0 0 7.2 2.2 0 2.2 0 0 2.2 6 4 0 0 0 0 0.4 0 0 0 0 0.4 0 0 0 0.6000000000000001 0 0 0 0 0.4 0.2 3 0 0 0 0 0 0 0 0 0 0 0 0 0 0 0 0 0.2 0 0 2.4000000000000004 0 0.2 4.2 9.200000000000001 3.6 1.8 0 9 0 5.4 3.6 0 0 0.2 0 1.4000000000000001 2.8000000000000003 0 0 1.4000000000000001 0.2 0 0 0 0.2 0 0.8 2.4000000000000004 0 0 0 9.600000000000001 0.4 0 0 3.8000000000000003 0.8 7 0 0 0.2 0 0 0 0 0 0 0 0 0 0 0 0 0 0 0 0 0.4 0 0 0 0 0 0 0 0 0 0 0 0 0 0 0 2 0 0.6000000000000001 0.4 0.6000000000000001 0 0.4 0.4 0.2 0 0 0 0.6000000000000001 0 0 0 0 0 0 8.6 0 0 0 0 0 0 0 0 0 0 0 0 0 0 0 0.6000000000000001 
 0.6000000000000001 0.6000000000000001 0.8 0.6000000000000001 0.6000000000000001 16 1 4.2 0.8 0.8 0.6000000000000001 0.6000000000000001 1 0.6000000000000001 0.8 0.6000000000000001 0.6000000000000001 0.6000000000000001 0.8 1 54 5.800000000000001 8.6 26 73 0 6.4 20.8 27.400000000000002 70.8 13.8 10.4 6.6000000000000005 38.2 23 63.800000000000004 14 75.60000000000001 7.800000000000001 12.4 0 11.8 12.600000000000001 0 0.6000000000000001 0.4 30.200000000000003 0 1.2000000000000002 0 0.6000000000000001 0.4 1.2000000000000002 12.4 0 0.8 0 12.8 24.6 12 0 0.2 0 6 0.6000000000000001 1.2000000000000002 0.2 1.4000000000000001 0 0.6000000000000001 0.6000000000000001 0.4 0.4 0 0 0.4 0.6000000000000001 0.6000000000000001 2.2 0 0 0 0 0.2 0 0 0 0 0 0 0 0 0 0 0 0 0 0 0 0 0 0 3 0.2 2 1.6 0 0.2 0 3.8000000000000003 0 4.2 0 0 4.2 0 0.2 0 0 0 11.600000000000001 2 6.800000000000001 4.800000000000001 0 0 3.4000000000000004 0 0.2 2.2 0 0 3.4000000000000004 3.2 0 1.4000000000000001 0.2 2.8000000000000003 2.6 0 0 0 1.8 0 2.2 0 0 0 0.2 2.2 0 0 0 0.6000000000000001 0 0 0 0 0 0 0.2 0 0 0 0 0 0.4 0 0 0 0 0.4 0 0 0 0 0 0.4 0 0 0 0 0 0 3 9.8 0 11 0 2.2 4.2 0 0 0 0 0 1.6 2.2 0 0 8.4 4.800000000000001 0 0 0 0 0 0 0 0 1.8 0 6 1.4000000000000001 3.8000000000000003 0 0 0.2 6 2 0.2 0 0 0 0 0 0 0 0 0 0 0 0 0 0 0 0 0 0 0 0 0 0 0 0 0 0 0 0.4 0 0 0 0.2 0 2.4000000000000004 1.2000000000000002 0.2 16 14.4 0 0.8 0 0 0 0 0.4 0 0 0 0 0 0 0 0 0.4 0 0.4 0 0 0 0 0 0 0.4 0 0 0 0 0 0 
 0 0.4 0 0 0 0.4 0 0 0 0 0.6000000000000001 0.4 0 40.800000000000004 0.2 0 0 0 0.2 0 25.6 47.6 18 66.60000000000001 11.200000000000001 6.4 0 26 28.400000000000002 14.200000000000001 13.8 18.8 57.400000000000006 17 6.6000000000000005 27.400000000000002 21.400000000000002 29.400000000000002 23 13 0 0 0 0 0.6000000000000001 0 2.2 0 0.4 0 0.6000000000000001 0 0 0.6000000000000001 0 12.8 0 0.4 0 0 0.2 0.6000000000000001 0 0 1 0.4 0 0.4 0 0 2.6 0 0.6000000000000001 0 0 0.4 0 0 0 0 0 0 0 0.2 2 2.2 0 0 1.6 1.8 1.8 2 0 0 0 0.2 0 0 0 0 5 4.4 2.2 2 9.200000000000001 0 2.2 10 0.2 1.6 2 0 1.8 2.8000000000000003 2 4.800000000000001 10 2.2 3 0 0 0 0 0 0 0 0 0 0 0 0 0 0 0 4.2 0 0 0 1.8 0 0 0 0 0 0 0 0 0 0 0.2 0 0 0 0 0 2.6 0 0 0 0.4 0 0 0 0 0 0.2 0 0 0 0 0.8 0 0 0 0 0 0 0 0.4 0 2.2 0 0 0 2.6 1.6 0.2 0 7 2.2 4.2 7.6000000000000005 0 1.8 0 2 9.600000000000001 7.2 1.2000000000000002 1.6 0 0 0 0 0 0 0.6000000000000001 0 0 0 0 0 0 0 0 0 0 0 2 6 0 0 0 0 0 0 0 0 0 0 0.2 0 0 0 0 2.2 0 0 0 0 0 0 0 0 0 0 4.4 0 0 0.2 0 0 0 0 1.2000000000000002 0 0 1.8 0 0 0.4 0 0 0 0 0 0 0 0 0 0 0 0 0 0 2 0 0 0 0 0 0 0 0 0 0 2 0 0 0 
 0.2 0.4 0.4 15.200000000000001 0 4.2 0.4 0.4 0.4 0.2 5 0.2 0 0.6000000000000001 0.4 2.6 0.4 19.200000000000003 0.4 0.2 40 15.200000000000001 37.2 18 19.6 20.8 26 0 79 20.6 13.8 8.8 35.4 32 20 53.400000000000006 34.2 34 24.6 59.400000000000006 0.4 0 5.6000000000000005 0.4 0.6000000000000001 0 0 0 0.4 0 0.6000000000000001 0 0 0.8 0 0.4 0 0 0 0 0.2 0 0 1.2000000000000002 10 0.4 0.4 0.4 0 0.4 4.4 0 0.6000000000000001 0.4 0.4 0 0 0 0 0 0 0.2 0 0.2 0 0 0 0 0 0.4 0 0.2 0 0 0 0 0 0 0 0 2 3.6 1.8 0 5.6000000000000005 2.2 0 4 0.2 8 4.2 6 0 0 2.4000000000000004 4 5.2 6.6000000000000005 0 0.4 0 0 0 0 0 0 0 0 3.8000000000000003 0 0.2 0 0.6000000000000001 0 0 0 0 0 4.4 0 0 0 0 0 0 0 0 0 0 0 0 0 0 0 0 0.6000000000000001 0 2.2 0 0 0 0 0 0 0 0.8 1 0 0 0 1 0 0 0.4 0 0 0 0 0 0 0 0 0.6000000000000001 0 3.8000000000000003 2.8000000000000003 0.4 1 7.4 2.8000000000000003 11 5 0.2 0 0.4 1.6 5.6000000000000005 0 0 0 0 0 0 0 0 0 3 0 0 4.2 0 0 0.2 0 0 0.4 0 0 2.6 2.2 0 0 0 0 0 0 0 0 0 0 0 0 0 0.4 0 0 0.2 1.4000000000000001 0 0 0 0 0.2 0 0 0 0.4 0 0 7 0 0 0 0 1.8 0 0.4 0.2 0 0.2 0 0.2 0 0 0 0 0 0 0 0 0 0 0 0 0 0 1.8 0 0 0 0 0 0 0 0 0.2 3.4000000000000004 0 0 0.6000000000000001 
 0 0.6000000000000001 0 0 15.600000000000001 0 0.6000000000000001 0 0 0 0.4 0 0 0 0.2 0 0 0.2 0 0 105.60000000000001 30.6 76.2 18.8 34.2 27.400000000000002 28.400000000000002 79 0 68 38.400000000000006 23.400000000000002 111.80000000000001 18.400000000000002 27.400000000000002 36.2 38.2 18.8 32 73.4 0.4 0.2 0 0 1.8 0 0.2 0 0.8 1.4000000000000001 0.6000000000000001 0 0.4 9.4 0.8 0.2 0.4 0 0 0 0 0 0 0 0.6000000000000001 0.4 0 0.6000000000000001 0 0 0.4 0 0.4 0 0.2 0 0 0 0 0.4 0 0 0 0 0 0 0 0 0.2 0 0 0 0 0 0.4 0 0 0 1.8 0 11.4 2.2 0.4 1.6 6.6000000000000005 0 1 8.4 0.4 6.2 2.4000000000000004 4.800000000000001 2.4000000000000004 1.8 0 5 0 4.4 0 0 0 0 0 0 0 0 2 0 0 0 0 0 0 0 0 0 0 0 0.8 0 0 0 0 0 0 0 0 0 0 0 0 0 0 0 0 0 0 0 0 0 0 0 0 0 0 0 0 0 0 0 0 0 0 0 0 0 0 0 1 0 0 3.6 4.2 0 4.2 4 0 0.4 3.6 3.8000000000000003 11.200000000000001 1.8 1.4000000000000001 1.6 1.6 0 1.4000000000000001 2.6 2.4000000000000004 0 1.2000000000000002 0 0 0 0 0 0 0 0 0 0 0 0 0 0 0 0 0 4 0 0 0 0.4 0 0.4 0.2 0 1.8 0 4.4 0 0 2.6 0 0 0 0 0 0 0 0 0 0 0 0 0 0 0 0 0 0 0 0 0 2.8000000000000003 0.4 0.6000000000000001 0.2 0 0.4 1 0 0 0 0 0 0 0 0 0 0 0 0 0 0 0 0 0 0 0 0 0 0 0 0 0 0 0 0 0 
 0.6000000000000001 0.6000000000000001 0.6000000000000001 0.8 0.6000000000000001 0.6000000000000001 0.6000000000000001 0.6000000000000001 0.6000000000000001 0.6000000000000001 1 0.6000000000000001 0.6000000000000001 0.6000000000000001 0.6000000000000001 0.6000000000000001 0.6000000000000001 0.6000000000000001 0.6000000000000001 0.6000000000000001 82.2 20.6 46 91.80000000000001 19 70.8 14.200000000000001 20.6 68 0 24.6 13.8 33.800000000000004 28 27 29.200000000000003 43 63.2 13.200000000000001 22 0.6000000000000001 0.4 0 0.2 0.8 4 0.2 1.2000000000000002 0 2 3.4000000000000004 2 0 0.6000000000000001 1 1.6 0.6000000000000001 0.6000000000000001 0 2.6 0 0 0.4 0.2 0.8 0.8 0 0 0.4 0.6000000000000001 0 0 0 1.8 0 0.6000000000000001 0 0.2 0 0.4 0 0 0 0 0 1.6 0 0 0 0 0 0 0 0 0.4 0 0 0 0 0 1.4000000000000001 2 3.4000000000000004 1.6 7.2 0 0 3.2 4 6.800000000000001 2.6 10.4 0 0 0 2.6 5.6000000000000005 2.2 0 0 0 4 0 0 0 0 1 0 0 0 0 0 0 0 0 0 0 0 4.6000000000000005 0 0 0 0 0 0 0 0 0 0 0 0 0 0 0 1 0 3.8000000000000003 0 0 0 0.2 0 0 0 0 0 0 0.2 0 0 0 0 0 0 0 0 0 0 0 0 0.2 2.8000000000000003 5.2 3.2 7.2 4.2 2.6 0.4 2.2 10 9.4 3 2 3.8000000000000003 6.6000000000000005 0 1.4000000000000001 0 0.2 0 1.6 0 0 0 0 0 0 0 0 0 0 0 0.2 0 0 0 0 0 4.2 0 0 0 0.4 0 0.4 0 0 3.2 0 0 0 0 0 0 0 0 0 1.8 0 0 0 0 3 0 0 0 0 0 0 0 0 0 0 0.2 3.4000000000000004 0.4 0 1.6 0 0.6000000000000001 2.6 3.8000000000000003 0 0 0 0 0 0 0 0 0 0 0 0 0.2 0 0 0 0 0 0 3.6 0 0 0 0 0 0 0 0 
 0 0.6000000000000001 0 1 0 0 0 0 0 0 0 0 0 0.2 0 0 0 0.2 0 0 39.400000000000006 7.4 5.4 20.6 28.200000000000003 13.8 13.8 13.8 38.400000000000006 24.6 0 25 21 64.60000000000001 12.8 19 19.8 9.200000000000001 5 21.8 0 13.600000000000001 0 0 11.600000000000001 0 0 0 0.4 0 0.6000000000000001 0 0 0 0 0.4 0 0 10 15.200000000000001 0 0 0 5.800000000000001 0.6000000000000001 1.2000000000000002 0 0.4 0 0 0.4 1 0.4 0 0 0 0 0 0 0.4 0 0 0 0 0 0 0 0 0 0 0 0 0 0 0 0 0 0 0 0 0.2 0 0 0.2 6 3.8000000000000003 0 9.4 2.4000000000000004 4.800000000000001 0 6 0 0 0.4 4 4.2 0 0 0 0 0 0 0 0 0 6.800000000000001 0 0 0 0 0 5.2 1 2 0 0 0 4.4 1.4000000000000001 0 0 0 0 5.800000000000001 0 0 0 0 0 0 1 0 0 0 0.2 0 0 0 0 0.4 0 0 0 0 0 0 0 0 0 0 0 0 0 0 0 0 0 0 0 0 0 3.2 5.6000000000000005 8.8 0 0 0 6.800000000000001 4.2 10.8 3.6 2.2 0 0 0.2 5.6000000000000005 0 0 0 0 1.8 0 0 0 0 0.2 2.2 0 0 0 0 2.8000000000000003 0 0 0 0 0 0.8 2 10.4 0 0 0 0 0 0 0 0 0 0 10.8 0 0 0 0 0 0 0 0 0 0 0 0 0 0 0 0 0 0 0 0 0 0 3.4000000000000004 0.4 0 3.8000000000000003 0 0.4 2 0 0 0 0 0 2.4000000000000004 0 0 0 0 0 0 0 0 0 0 0 0 0 0 0 0 0 0.2 0.2 0.2 0 0 0 
