 0 23.200000000000003 16.6 69.4 5.6000000000000005 6 28 33 27 15.4 25.400000000000002 68.4 30.6 41 23.400000000000002 11.600000000000001 68.2 46 14.200000000000001 41.800000000000004 0 0.2 7 0 0.4 0.4 0 0 0 0 0.4 0.6000000000000001 0 0.4 0 0.4 0.4 0 0 0.4 0 0 0 0 0 0.2 0 0 0 0 0 0 0.6000000000000001 0 0 0 0.2 0 0 0 0 6.800000000000001 0.6000000000000001 0.6000000000000001 0 0 5.800000000000001 0 0.4 0 0.4 0 0 0 0 0.6000000000000001 0 0 0.6000000000000001 0 7.6000000000000005 13 9.200000000000001 0 8.6 0 0.2 0 0 4.4 1.2000000000000002 0 3.4000000000000004 4.2 3 1 0 3.8000000000000003 0 8.6 0 0 0 0 0 0 0 0 0 0 0 0 0 0 0 2.8000000000000003 0 0 1.8 3.2 0 0 0 0 0 0 0 0 0 0 0 0 0 0.4 0 0 0 0 0 0 0 0 0.2 0 0 0 0 0 0 0 0 0 0 0 0 0 7.4 0 0 0 1.8 0.2 0 5.4 0.8 0 3.8000000000000003 0.4 0 0 4.4 0 2.8000000000000003 5.800000000000001 3.6 3.6 4 0 6.2 0 0 0 0 0 0 0 0 0 0 0 0 0 0 0 0 0 0 0 0.4 0 3.6 0 0 0 0 0.4 0 0 0 0 0 0 0 0 0 0 0 0 0 0 0 0 0 0 0 0 0 0 0 0 0 0 0 0 0.2 0 0 0 0 0 0 0 0 0 0 0 0 0 0.2 0.2 0.2 1 0 0 0 0 0 0 0 0 0 0 4.4 0 0 0 0 0 0 0 0 0 0 0 0 0 0 0 0 0 0 0 0 0 0 0 0 0 0 0 
 23.200000000000003 0 58.400000000000006 13.200000000000001 27.400000000000002 7.800000000000001 58.2 39.400000000000006 73.2 9.8 52 7.2 13.200000000000001 25.6 55.6 46.800000000000004 14.8 29.400000000000002 61 27.400000000000002 0 0.4 0 0.4 0.6000000000000001 0.6000000000000001 0 0.2 0 0 13.200000000000001 0.4 15.4 0 0 0 0.4 0.6000000000000001 28.200000000000003 0.2 0 0 0 0.6000000000000001 0.6000000000000001 0.2 0 13.600000000000001 0 0.4 0 0 0.6000000000000001 0 14 0 0.2 0.4 0 0 0.4 0.4 0.6000000000000001 0.6000000000000001 0 0 0.6000000000000001 0 0.4 0 0 0 0 0 0.4 0.2 0 0 0.6000000000000001 0 0 2.8000000000000003 0.2 0.4 3.2 1 3 4.6000000000000005 6.2 5 2.2 4.2 1.2000000000000002 0 8.8 8 2.2 0 0 2 0 0 0 0 0 0 0 0 0 1.6 0 0 0 0 0 0 0 0 2.2 2.8000000000000003 0 0 0 0 0 0 0 0 0 0 0 0 0 0 0 0 0 0 0 0 0 0 0.2 0 0 0 0 0 0 0 3 0 0 0 0 0 0 0 0 0 2 0 2.6 2 0 0 2.6 5.4 0 3.2 0 0 0.6000000000000001 0.2 6.6000000000000005 4 2.8000000000000003 4.6000000000000005 0 5.6000000000000005 0 0 0 0 0.2 0 0 0 0 0 0 0 0 0 0 0 0 1.4000000000000001 3.6 1.4000000000000001 0 0 0 0 0 0 0 0 0 0 0.4 0 0 0 0 0 0 0 0 0 0 0 0 0 0 0 2 0 0 0 0 0 0 0 0 0 0 0 0 0 0 0 0 0 0 0 0.6000000000000001 0 0.4 0 0.4 1 0 0 0 0 0 0 0 0 0 0 4.4 0 0 0 0 0 0 0 0 0 0 0.2 0.6000000000000001 2.8000000000000003 0 0 0 0 0 0 0 0 0 0 0 0 0 0.2 
 16.6 58.400000000000006 0 24 43.2 6.4 44.400000000000006 43.2 35.4 75.60000000000001 5.2 24.200000000000003 40.6 7.4 48.800000000000004 63.6 53.400000000000006 54.6 26.200000000000003 57.2 0 0.2 0 0 0 16.2 0 0 0 0 0.2 0.4 0.2 0 0 0 0.4 0 0 5.800000000000001 0 0 0 0 0 0.8 0 0 0 0 0 0 0.6000000000000001 0 0 0 0 0 0 0 0 0 1.4000000000000001 0.6000000000000001 0 8.200000000000001 0 0 0 0.4 0 0 0 0 0 0 0 0 0.6000000000000001 0 0 2 2 3.8000000000000003 5 2.6 3 5.800000000000001 0 7.800000000000001 2 6.4 0 1.8 0 6.2 7 5.6000000000000005 0 0.2 0 0 0 0 0 0 0 0 0 0 0 0 1.8 0.2 0 0 0 0 4 1.8 0 0 0 0 0 0.4 0 0 0 0 0 0 0 0 0 0 0 0 0 0 0 0 0 0 0 0 0 0 0 0 0.4 0 0 0 0 0 0 0.4 0 0 3 5.2 5.2 0.8 0 4.6000000000000005 3 4.4 3.2 11.600000000000001 0 0 4.800000000000001 0 4.2 3.6 0.4 5.800000000000001 0 2 0 0 0 0 0 0 2.2 0 0 0.4 0 0 0 0 4 0 0 0 2.2 3.2 0 0 0 0 0 0 0 0 0 0 0 0 0 0.4 0 0 0 0 0 0 0 0 0 0 0 0 0.2 0.4 0 0 0 2.8000000000000003 0.4 0 0 0 0 0 0 0 0 10.600000000000001 0 0 0 0 18.8 0.4 0 9 1.8 1 0 0 0 0 0 0 0 0 0 0 0 0 0 0 0 0 0 0 0 0 0 0 0 1.8 11.600000000000001 0 0 0 0 0 0 0 0 0 0 0 0 0 
 69.4 13.200000000000001 24 0 39.800000000000004 10 36.6 63 17.2 27.8 46.800000000000004 70.2 84.2 23.400000000000002 29.400000000000002 14 27 19.6 59 10.8 14.600000000000001 0 0 0 0 1.2000000000000002 14.8 14.8 0 0 0.2 1 15.600000000000001 19.200000000000003 29.6 0 0.4 0.6000000000000001 4.2 10 0 0 0 0 0 0 0 0 0 0 0 0.2 0.6000000000000001 0 0 0 0 0 0 0.4 0 0 0.8 0.6000000000000001 0.2 0.6000000000000001 0 0 0.8 0.8 0 0 0 0 0 0.2 0 0 0.6000000000000001 0 0 0 4.4 4 3.8000000000000003 2.4000000000000004 0 0 0 2.8000000000000003 6.2 9.200000000000001 4 0 0 0 2.6 0.2 0 0.4 15.200000000000001 2.8000000000000003 0 0 0 0 5.4 2 3 0 0 0 2.2 2.6 2.8000000000000003 0.2 0 0 1.8 0.2 0 0 0 0 0 0 0 0 0 0 0.4 0 0 0 0.2 0 0 0.4 0.8 0 0 0 0 0 0 0 0 0 0 0 0 0 0 0 0 0 0 0 0 0 0 0.8 0.4 5 2.2 2.8000000000000003 0 3.4000000000000004 0 0 2.6 8.6 2.8000000000000003 0.4 0 0 0 0 0.2 0 2.2 0.2 0.2 0 0 0 2.2 0 0 0 0 0 2.8000000000000003 5.800000000000001 2.8000000000000003 0 4.800000000000001 0 8.4 0 0 0 0 0 0 0.2 0 0 0 0 0 0 0 0.2 0 0 0 0 0 0 0 0.4 0 0 0 0 0.2 0 0 0 0.4 0 0.2 0 0 0 0 0 0.2 0 0 0 0 0 0 0.4 0.4 0 0 17.6 0 1 1.8 0 0 0 0 0 0 0 0 0 0 0 0 1.4000000000000001 0 0 0 0 0 0 0 0 0 0 2.8000000000000003 0 0 0 0 0 0 0 0 0 0 0 0 0 
 5.6000000000000005 27.400000000000002 43.2 39.800000000000004 0 18.400000000000002 6.2 17.8 16 15.200000000000001 13.8 50.6 17.6 11.8 19 36.4 14 8 16.400000000000002 16.6 15.200000000000001 0 0 0 0 0 14.8 5.4 0 0 0 1 0.4 0.2 0 0 0 0.4 15 4.6000000000000005 0 0 0 0 0 0.8 0 0 0.2 0 0 0 0 0 0 0 0 0 0 0 0 0 0.6000000000000001 0 0 0 0 0 0.2 0.4 0 0 0 0 0 0 0 0 0 0 0 2 1.6 5.4 0 0.8 0 2 0 4.800000000000001 2.6 5.2 0 0 0 0 6.2 0.8 0 0 3.6 0.6000000000000001 0 0 0 0 2.8000000000000003 1.8 1.8 0.2 0 0 7.4 3.8000000000000003 0 6.6000000000000005 0 0 1.4000000000000001 2.2 0 0 0 0 0.2 0 0 0 0 4.4 0 0 0 0 0 0 0 0 0 0 0 0 0 0 0 0 0 0 0 0 0 0 0.4 0 2.4000000000000004 0 0 0 0.2 0.2 2.6 1.8 5.2 5.6000000000000005 9.8 10 3.8000000000000003 0 0 2.8000000000000003 0 5.800000000000001 0 0 0 1.6 0.2 1.8 0 0 2.2 0 1.2000000000000002 0 0 0 6 0.2 0 0 0 0 4 3 3.4000000000000004 0 4.800000000000001 0 0 0.2 0.2 0 0 0 0 0 0 0 0 0 0 0 0.2 0 0 0 0 0 0 0 0 0 0 0 3.6 0 0 0 0 0 0 0 0 0 0 0 0 0 0 0 0 0 0 0 0 0 20.200000000000003 0 1.4000000000000001 9 0 1 0 0 0 0 0 0 0 0 0 0 0 0 0 0 0 0 0 0 0.2 0 0 0 0 2 3.8000000000000003 0 0 0 0 0 0 0 0 0.4 0 0 0 0 
 6 7.800000000000001 6.4 10 18.400000000000002 0 8.6 10.600000000000001 8.4 11 14.200000000000001 26 12.600000000000001 11.600000000000001 9.4 17.8 19.8 15.4 8.4 14 60.800000000000004 16 0.4 2.2 0.6000000000000001 0.6000000000000001 15.200000000000001 0.8 45.2 0.2 0 0.6000000000000001 33.2 30 15 3.4000000000000004 0.8 0 71.60000000000001 0.2 0 0 0 0 0 0.4 0 0 0 0 0 0 0.6000000000000001 0 0 0 0 0 0 0 0.2 1 0.6000000000000001 0.6000000000000001 0 0 0.2 0 0 0 0 0 0 0 0 0.8 0 0 2.2 0 0.2 0.4 0 0.2 0 4.4 0 0 0 0 0 0 0 0 0 0 0 0 0 0 1.8 2 1.4000000000000001 10 0.2 0 2.8000000000000003 2.8000000000000003 5.4 4.800000000000001 6 3.8000000000000003 0 5.2 2.8000000000000003 1.8 4.800000000000001 0.8 0 2 0 0 0 0 0 0 0 0 0 0 0 0 0 0 0 0 0.4 0 0.2 0.4 0 1.2000000000000002 0 0.2 0 0 6 0 1.6 0 0 0 0 0 0 0 0 0 0 0 0 0 0 0.2 4 12.600000000000001 0 0 0.8 2.6 3.8000000000000003 0 1 0 0 0 0 2.2 1 0 5 3 8.4 0 1 0 2 1.4000000000000001 6.800000000000001 4.6000000000000005 4.800000000000001 0 8.200000000000001 3 0 0 0 1.8 5 4.800000000000001 0 0 0 0 0 0 0 0 0 0 0 0 0 0 0 0 0 2.4000000000000004 0 0 0 0 0 0 0 0 0 0 0 0 0 0 0 0 0 0 0 0 0 0 0 0 0 0 0 0.4 0.4 0.4 1 2 0 1.8 0 0 0 0 0 0 0.4 0 0 0 0 0 0 0 0 0 0 0 0 0 0 0 0 0 0 0 0 0 0 0 0 0 0 0 0 0 0 0 
 28 58.2 44.400000000000006 36.6 6.2 8.6 0 13.4 87.4 17.8 8.200000000000001 6 40.800000000000004 48.400000000000006 70.60000000000001 22.8 17 41.800000000000004 69.4 71.4 0 0.2 0 0 0 0.4 0 0.2 0 0 0 0.6000000000000001 0 0 0 0 0.4 0 0 0 0 0 0 0 0 0.2 0 0 0 0 0 12.4 0.6000000000000001 0 0 0 0 0 0 0 0 0 0.6000000000000001 0.6000000000000001 0 0 0 0 0 0 0 0 0 0 0 0.6000000000000001 0 0 0.6000000000000001 0 0 5.6000000000000005 4.4 2.8000000000000003 11 0 1.4000000000000001 3.8000000000000003 8.200000000000001 5.800000000000001 6.800000000000001 0 6.4 1.4000000000000001 4.2 5.2 9.4 2 2.4000000000000004 10.600000000000001 0 0 0 0 0 0 0 0 0 0 0.4 0.4 0 0 0 0 0 0.2 0 0 0 0 0 0 0 2.2 0 0 0.2 0 0 0 0 0 0 0 0 0 0 0 0 0 0 0 0 0 0 0 0 0 0 0 0 0 0 0 0.2 0 0 0 8.4 6.6000000000000005 0 2 2.4000000000000004 0 2.6 11.600000000000001 5.2 2 0 0 0.2 3 0 0 3 0 0 1.6 0 0 0 0 0 0.4 0.2 0 0 0 0 0.4 0 0 0 0 0 0 0 0 4.2 0 0 0 0.4 0 0 0 0 1 0 0 0 0 0 0 0 0 0 0 0 0 0 0 0 0 0 0 0 0 0 0 0 0 0 0 0 0 0 0.4 0 0 0 0 0 0.4 0.4 0 18 0 0.2 0.6000000000000001 0 0.2 0 0 0 0 0 0 0 0 0 0 0 0 0 0 0 0 0 0 0.6000000000000001 0 0 0.2 0 0 0 0 0 0 0 0 0 0 0 0 0 0 
 33 39.400000000000006 43.2 63 17.8 10.600000000000001 13.4 0 52.6 52.2 41.6 45 91.2 37.800000000000004 10.4 8.4 29.6 26.200000000000003 15 37.6 0 0 0 0.6000000000000001 0 0.6000000000000001 0.2 0 0 0 0.4 1 0 0 0 0 0.4 0 0.4 0.4 0 0.6000000000000001 0 0.8 0.4 0.8 0 0 0 0 0 0 1 0.4 0.4 0.4 0 0 0 0 0 0 0.6000000000000001 0.6000000000000001 1 0 0 0 0 0.2 0.6000000000000001 0.6000000000000001 0 0 0 0 0.6000000000000001 0.2 0.4 10.200000000000001 2.4000000000000004 2.4000000000000004 5.6000000000000005 14.8 5.2 0 0.2 7.800000000000001 2.2 2.2 3.2 0.2 4.6000000000000005 0 0.2 6.2 7 2.2 1.8 3.6 0 0 0 0 0 0 0 4 0 0 0 0 0 0.4 0 0 0 0 2 0 0 0 0 0 3.2 4.4 0 0 0 0 0 0 0 0 0 0 0.4 0 0 0.4 0 0 0 0 0 1.6 0 0 0 0 0 0 0 3.2 0 0 0 0 0 0 0 3.8000000000000003 2.2 1.8 4 2 0 0 0.6000000000000001 2.2 0 0 2 0 2.6 10.4 0 3.4000000000000004 0 3.2 1.8 0 0 0 0 0 3 0 0 0 0 0 0 0 0 0 0 0 0 3.2 0 0 0 0 0 0 0 0 0 0 0 0 0 0 0 0 0 0 0 0 0 0 0 0 0 0 0 0 0 0 0 0 0 0 0 0 0 0 0 0 0 0 0 0 0 0.4 18.6 0 17.8 0 0 2.2 0 0 0 0 0 0 0 0 0 0 2.2 0 0 0 0 0 0 0 0 0 0 0 0 0 0 2.4000000000000004 0 0 0 0 0 0 0 0 0 0 0 3.6 
 27 73.2 35.4 17.2 16 8.4 87.4 52.6 0 50.400000000000006 5 28.8 26.400000000000002 70.8 45.400000000000006 13.200000000000001 55 7.6000000000000005 34.800000000000004 49.6 0 0 0 0 0.2 0.6000000000000001 0 0 0 0 0 0.6000000000000001 29.6 0 0 0 0.4 0 15.8 0.2 0 0 0 0 0 2.6 0 0 0 0 0 0 0.6000000000000001 0 0 0 0 0 0 0 0 0 0.6000000000000001 0.6000000000000001 0 0 0 0 0 0 11 0.2 0 0 0 0.2 0 0 0.6000000000000001 0.2 0 0.2 3.4000000000000004 1.4000000000000001 14.200000000000001 6.4 1.2000000000000002 0 2.8000000000000003 0.2 11 0 1.8 0 6.6000000000000005 8.6 2.8000000000000003 10.600000000000001 0 9.8 0 0 0 0 0 0 0 3.6 0 0 0 0 0 0 0 0 0 0 3.4000000000000004 2 0 0 0 0 0 2.2 0 0 0 0 0 0 0 0 0 0 0 0 0 0 0 2 0 0 0 0 0 0 0 0 0 0 0 0 0 0 0 0 0 0 4.2 4.800000000000001 0 0 2.6 0 0.2 1.4000000000000001 14.4 11 0 0 0 0 0 0.2 3.2 0 0 1.6 0 0 0 0 0 0 0 0 0 0 0 0 1.2000000000000002 0 0 0 0 0 5.2 0 0.2 0 0.4 0 0 0.4 0 0 3 0 2.4000000000000004 0 0 0 0 0 0 0 0 0 0 2.2 0 0 0 0 0 0 0 0 0 0 0 0 0.2 0 0 0 0 0 0 2.8000000000000003 0 0 0 0 0.2 0 1 0 0 2 0 0 0 0 0 0 0 0 0 0 0 0 0 0 0 0 0 0 0 0 0 0 0 0 0 0 0 0 0 0 0 0 0 0 0 0 0 0 
 15.4 9.8 75.60000000000001 27.8 15.200000000000001 11 17.8 52.2 50.400000000000006 0 80.80000000000001 12.8 36.2 15.600000000000001 62 18.6 14 34 32.4 34.800000000000004 0 0 0 0 0 0.6000000000000001 14.8 0 0 0 0 0.4 14.8 0 17.400000000000002 0 0.6000000000000001 0 0.2 5.4 0 0 0.6000000000000001 0 0 0 0.4 0 0 0 0 0 0.6000000000000001 0 0 0 12.600000000000001 0 0 0 0 0 0.6000000000000001 0.6000000000000001 0 0 0.2 0 0 0 0 0 0 0 0 0 0 0 1.2000000000000002 0 0 2.6 2.4000000000000004 3.6 4.800000000000001 2.4000000000000004 2 0 3.8000000000000003 3 8.4 0 2 0 2 4 2.8000000000000003 10.4 0 0.2 1 0 0 0 0 0 3.2 2.8000000000000003 0 0 2.4000000000000004 0 2.2 2.8000000000000003 4 0 0 0 4 2.6 0 0 0 0 0 0.4 0 0 0 0 0 0 0 0 0 0 0 0 0 0 0 0 0 0 0 0 0.4 0 0 0 0 0 0 0 0.4 0 0 0 0 0 0.2 2.6 0 0 0 0 0 1.8 10 2.8000000000000003 2.8000000000000003 2.8000000000000003 0 0.2 0 0 8.4 0 0 1 0 0.2 0 0 0 0 0 0.4 0 0 0 0.2 4.2 0 0 0 0 0 2.4000000000000004 0.4 0 0 0 0 1.2000000000000002 0 0 0 0 0 0 0 0 0 0 0 0 0 0 0 0 0 0 0 0.4 0 0 0 0.4 0 0 0 0 0 0 0 0 0 0 0.2 0 2.8000000000000003 0 0 0 0.6000000000000001 0 0.4 0.2 0 0 2.2 0 0 0 0 0 0 0 0 0 0 0 0 0 0 0 0 0 0 0 0 0 0 0 0 0 0 0 0 0 0 0 0 0 0 0 0 0 0 
 25.400000000000002 52 5.2 46.800000000000004 13.8 14.200000000000001 8.200000000000001 41.6 5 80.80000000000001 0 31.400000000000002 25.400000000000002 49.400000000000006 37.4 32.6 32.2 44.6 7.2 32.2 0 0.2 0.4 0 0 0.6000000000000001 3.4000000000000004 16.8 0 0 0 0.6000000000000001 15 16.2 2.8000000000000003 0 0.4 0 0 15 0 0 0 0 0 0.4 0 0 0 15 0 0 0.6000000000000001 0 0 0 0 0.4 0 0 0 0 7 0.6000000000000001 0 0 0 0 0 0 0.6000000000000001 0 0 0 0 0.4 0 0 0.6000000000000001 0 4 4.2 5.2 0 5.6000000000000005 0 2.6 3.8000000000000003 0 2 0 7.6000000000000005 3.6 2.2 13.200000000000001 0 0 4 0 1.2000000000000002 2.4000000000000004 0 0 7.4 0 0 6.800000000000001 0 0 0 0 0 7.6000000000000005 0.2 3.8000000000000003 0 0 0 4.4 0 0 0 0 0 0 0 0 0 0 0 0 0 0 0 0 0 0 1.6 0 0 0 1 0 0 0 0 0 0 0 0 0 0 0 0 0 0 0 0 0 0 7.2 0 0 5.800000000000001 3.2 0.4 2 0.4 0 3.6 10.4 2.8000000000000003 5.6000000000000005 7.6000000000000005 3.8000000000000003 5.2 7 3.6 2.2 0.2 0 0 0 0 0 0 2 0 0 0.4 0 0 4.4 0 2.8000000000000003 0 0 0 6.2 5.4 4.800000000000001 0 0 0 0 0.6000000000000001 0 0 0 0 0 0 0 0 0 0 0 1.2000000000000002 0 0 0 0 0 0 0 0 0 0 0 0 0 0 0 0 0 0 0 0 0 0 0 0 0 0 0 0 0 0 0 0.2 2.4000000000000004 0.6000000000000001 0 0 0 0 0 0 0 0 0 0 3.6 0 0 0 0 0 0 0 0 0 0 0 0 2 6.6000000000000005 0 0 0 0 0 0 0 0 0 0 0 0 0 
 68.4 7.2 24.200000000000003 70.2 50.6 26 6 45 28.8 12.8 31.400000000000002 0 52 8.6 8.6 31.8 66.8 73.60000000000001 5.2 51.800000000000004 0 0 15.200000000000001 0 0 42.6 29.6 3.4000000000000004 0 0 0.2 0.6000000000000001 68 46.6 0 0 0.8 0 0 7.4 0 0 0.6000000000000001 0 0 0 0 0 0 0.2 0 0 0.6000000000000001 0 1.8 0 0 0.2 0 0 0 0 1.4000000000000001 0.6000000000000001 0 0 0 0 0.2 0 0 0 0 0 0 0.4 0 0 0.6000000000000001 8.6 0 0.4 1.8 6.800000000000001 3 0.8 0 0.8 0.4 5.800000000000001 2.6 5.800000000000001 0 0 0 2.6 4.800000000000001 6.4 0 0 0 0 0 0 0 0 2.8000000000000003 4.2 0 0 0 0 6.6000000000000005 3.8000000000000003 0.4 5.800000000000001 0 2.4000000000000004 6 1.8 0 0 0 0 5.6000000000000005 0 0 0 0 0 0 0 0 0 0 0 0 0 0 0 0 0 0 0 0 0 0.2 0 0 0 0 0 0 0 0 0 0 0 0 0 0 5.6000000000000005 11.8 3.6 5.6000000000000005 7 0 0 1.2000000000000002 6.4 4.800000000000001 3.2 0.6000000000000001 0.2 0 18 2.2 5.2 0.8 0 2.8000000000000003 3.4000000000000004 0 0 0 0 2.4000000000000004 2 0 2 0 0 0 0 0 0 3.6 0 2.2 2.8000000000000003 0 0 0 0 0 4.2 0 0 0 0 0 0.2 0 0 0 0 0 0 0 0 0 0 0 0 0 0 0 0 0.2 0 0 0 0 0 0 0 0 0 0 0 0 4.2 0 0 0.2 0.2 0.8 0 17.400000000000002 1.2000000000000002 0.4 1 0 0 0 0 0 0 0 0 0 0 0 0 0 0 0 0 0 0 0 0 0 0 0 2.6 0 0 0 0 0 0 0 2.8000000000000003 0 0 0 0 0 0 
 30.6 13.200000000000001 40.6 84.2 17.6 12.600000000000001 40.800000000000004 91.2 26.400000000000002 36.2 25.400000000000002 52 0 22 42.800000000000004 51.2 49.6 79.4 69.4 34.6 0.4 0.4 0.4 0.4 0 0.6000000000000001 0 0 0 0 0 0.4 0 0 0 0 0.4 0.2 0 15 0 0 12.600000000000001 0 0 0.4 0.8 0 0 0 0 0 0.6000000000000001 0 0 0 0 0 0 0 0 0 0.6000000000000001 0.6000000000000001 0 0 0 0 0 0 0.2 0 0 0 0 0 0 0 0.6000000000000001 0 3 0 6.2 3 2.8000000000000003 0 4.2 2.8000000000000003 2.6 2.4000000000000004 2.2 0 6.2 0 0 0 0 2 0 0 2.2 0 0 0 0 0 0.4 3.8000000000000003 0 0 0 0 3.6 6.2 1.4000000000000001 0.4 0 0 4.2 0 0 0 0 0 0 3.6 0 0 0 0 0 0 0 0 0 0 0 0 0 0 0.4 0 0 0 0 0 0 0 0 0 0 0 0.2 0 0 0 0 0 0 0.4 0 0.4 2.6 2.8000000000000003 0 2.4000000000000004 0 7.800000000000001 2.6 0 0 6 3 0.4 4.4 0 0.6000000000000001 5 0 4.6000000000000005 0.4 0 0 0 0 0 0 0 0 0 0 0 1 0 0.4 0 0 0 0 0.2 0 0 0 0 0 0 0 0 0 0 0 2.6 0.4 0 0 0 0 0 0 0 0 0 0 0 0 0 0 0 0 0 0 0 0 0.2 0 0 0 0 0 0 0 0 0 0 0 1.2000000000000002 0.6000000000000001 0 0.4 0.4 0 0.8 0.4 0 0 0 0 0 0 0 0 0 0 0 0 0.4 0 0 0 0 0 0 0 0 0 0 0 2.8000000000000003 0 0 0 0 0 0 0 0.2 0 0 0 0 
 41 25.6 7.4 23.400000000000002 11.8 11.600000000000001 48.400000000000006 37.800000000000004 70.8 15.600000000000001 49.400000000000006 8.6 22 0 33 38.400000000000006 25.400000000000002 6.2 58.800000000000004 62.6 0 0.2 0 1 0 0.6000000000000001 0 0.2 0 0 0 1 0 1 0 0.4 0.6000000000000001 0.6000000000000001 1.2000000000000002 0.4 0 0 0 12.600000000000001 0.4 0.2 0.8 1.2000000000000002 0.6000000000000001 0 0.6000000000000001 0 1.4000000000000001 0 0 0 0 0.2 0.4 0 0 0.6000000000000001 0.6000000000000001 0.6000000000000001 0.4 0.6000000000000001 0 0.4 0 0.6000000000000001 1.2000000000000002 0 0 0 0.6000000000000001 2.2 0 0 0.6000000000000001 0.6000000000000001 9.4 8.8 10.200000000000001 0 5.6000000000000005 0 11.200000000000001 3.8000000000000003 6 0.4 0 10 8.8 6.6000000000000005 8 3.4000000000000004 0 5.2 0 4.2 0 0 0 0 0 0 0 0 0 0 0 0 0 0 0 0 0 0 0 0 0 0 4.2 0 0 0 0 0 2 0 0 0 0 0 0 0 0 0 0 0 0 0 0 0 0 0 0 0 0 0 0 1 0 0 0 0 1.2000000000000002 0 0 0 8.8 0 0 4.800000000000001 0 0 1.8 2.6 0 2.6 3.4000000000000004 0 1.6 5.2 0.2 6.2 5 10.200000000000001 0 7 0 0 0 0 0 0 0 0 0 0 0 0 0 0 0 0 0 0 0 6.6000000000000005 2 0 0 0 0 0 0 5 0 0 0 0 0 0 0 0 0 0 0 0 0 0 0 0 0 0 0 0 0 0 0 0 0 0 0 0 0 0 0 1.8 0 0 0 0 0 0 0 0 0.6000000000000001 0 0 0.2 0 0 0 0 0 0 0 0 0 0 1 0 0 0 0 0 0 0 0 0 0 0 0 2.2 0 0 0 0 0 0 0 0 0 0 0 0 0 0 
 23.400000000000002 55.6 48.800000000000004 29.400000000000002 19 9.4 70.60000000000001 10.4 45.400000000000006 62 37.4 8.6 42.800000000000004 33 0 64.2 28.200000000000003 37.4 12.8 24.6 0 0.4 0 0 0.4 1 0 0 0 0 0 0.6000000000000001 0 0 0.4 0 0.4 0 0.8 0 0 14 0 0 0 0.4 0 0 0 0 0 0 0.6000000000000001 0 0 1.4000000000000001 0 0 0 0 0 0 0.6000000000000001 0.6000000000000001 0 0 0 0 0 9 9.4 0 0 0 0 0.4 0 0.2 0.6000000000000001 0 3.8000000000000003 1.8 1.2000000000000002 0 1.4000000000000001 0 1.2000000000000002 7.4 6 4.800000000000001 4.800000000000001 3.2 3.2 1 8.200000000000001 10.200000000000001 11 9.600000000000001 0 3.8000000000000003 0 0 0 0 0 0 0 0 0 0 0 0 0 0 0 0 2.2 0 0 0 0 0 0 0 0 2 0 0 0 0 0 0 0 0 0 0 0 0 0 0 0 0 0 0 0 0 0 0 0 0 0 0 0 0 0 0 0 0 0 0 12.600000000000001 3.8000000000000003 0 2.4000000000000004 0 0 3.2 17 3.8000000000000003 5.6000000000000005 6.4 0 2.2 9.4 4.6000000000000005 0 11.8 6 0 2 0 0 0 0 0 0 0 0 0 0 0 0 0 0 0 0 0 0 0 0 0.6000000000000001 0 0 0 0 0 0 0 0 0 2.8000000000000003 0 0 0 0 0 0 0 0 0 0 0 0 0 0 0 0 0.4 0 0 0 0 0 0 0 0 0 0 0 0 0 0 0 0 0 0 0.4 0.2 0 0 0.2 0.8 0 0 0 0 0 0 0 0 0 0 0 0 0 0 0 0 0 0 0 0 0 0 0 1.8 3.4000000000000004 0 0 0 0 0 0 0 0 0 0 0 0 0 
 11.600000000000001 46.800000000000004 63.6 14 36.4 17.8 22.8 8.4 13.200000000000001 18.6 32.6 31.8 51.2 38.400000000000006 64.2 0 16 7.800000000000001 49.6 14.4 0 0.4 0 0 0 0.6000000000000001 0 0 0 0.4 0 0.4 0 0.2 0 0 0.4 0 0.2 7.800000000000001 0 0 5.2 0 0 0.4 0 0.6000000000000001 0 0 0 0 0.6000000000000001 0 0 0 0 0 0 0 0 0 2 0.6000000000000001 0 0 0 0 0 1.2000000000000002 0 0 0 0 0 0 0 0 0.4 0 7.6000000000000005 10.4 0 3.6 0.2 0 2.8000000000000003 3.6 4.4 0 6 3.2 3.2 4 4.6000000000000005 6 10 10.8 0 0.8 0.8 0 0 0 1.8 0 0 0 0 0 0 0 3.4000000000000004 0 0 0 0 8.200000000000001 3.4000000000000004 2.4000000000000004 0 0 1.2000000000000002 0 0 0 0 0 0 0 0 0 2.4000000000000004 0 0 0 0 0 0 0 0 0 0 0 0 0 0 0 0 0 0 0 0 0 0 0 0 0 0 0 7.2 1.6 0.4 0.2 1.8 2.4000000000000004 3.4000000000000004 5.4 0 5.800000000000001 4.800000000000001 0 0.4 4 4 7.2 6.800000000000001 4.2 0 4 3.4000000000000004 0 0 0 0 0 2.4000000000000004 0 0 0 0 3.2 0 0.2 3.2 0 0 0 0 0 0.2 0 0 0 0 0 0 0 4.4 0 0 0 0 0 0 0 0 0 0 0 0 0 0 0 0 0 0 0 0 0 0 0 0 0 1.8 2.2 0 0 0 0 0 0 0 0 0 0 0.4 0 0 0.6000000000000001 0.6000000000000001 2 0 0 0 0 0 0 0 0 0 0 0.2 0 0 0 0 0 0 0 0 0 0 0 0 0 14.4 0 0 0 0 0 0 0 0 0 0 0 0 0 
 68.2 14.8 53.400000000000006 27 14 19.8 17 29.6 55 14 32.2 66.8 49.6 25.400000000000002 28.200000000000003 16 0 36.6 81.60000000000001 8.6 0 0 0.8 0 0.6000000000000001 1 0.2 0.4 0.2 0.4 0.2 0.8 16.6 0.8 0.8 0.2 1.2000000000000002 0.4 0 5.2 0.4 0.4 0 0.2 0.4 0.8 0.2 0.4 0.2 0.4 0.8 0.2 1.6 0 0.4 0 0.4 0.2 0 0.4 0 0 2.2 1 0.4 0.4 0.2 0.2 0 0.8 1 8.200000000000001 0 0.4 0.4 1.2000000000000002 0.4 0.4 0.6000000000000001 0 1 9.8 2 9.600000000000001 3.2 0 0 7.800000000000001 3 5.800000000000001 0 4.6000000000000005 1.6 0 2.6 0 2.6 4.6000000000000005 2 1.6 0 0 0 0 0 0 0.6000000000000001 8.200000000000001 0 3.2 0 0 2.6 4 0 2.2 0 2.6 0 0 0 0 0 0 0 0 0 0 0 0 0 0 0 0.2 0 0 0 0 0 0 0 0 0.4 0 0 0 0 0 0 0 0 0 0 0 0 0 0 0 0 0 4.2 0 5.2 2.4000000000000004 2.2 5 0 0 0 5.800000000000001 6 2.8000000000000003 2 2 0 5.2 5 9.4 0 0 0 0 0 0 0.2 0 0 0 0 0 0 0 0 0 0 0 17.6 0 0.2 3.6 0 0 0 0 0 0 0 0 0 0 0 0 0 0 0 0 0 0 0 0 0 0 0 0 0 0 0 0 0 0 0 0 0 0 0.4 0 0 0 0 0 0 3.6 0 0 0 0 17.6 0 0.6000000000000001 0.4 0.2 0.2 0 0 0 0 0 0.4 0 0 0 0 0 0 0 0 0 0 0 0 0 0 0 0 0 2 0 1.8 0 0 0 0 0 0 0 0 0 0 0 0 
 46 29.400000000000002 54.6 19.6 8 15.4 41.800000000000004 26.200000000000003 7.6000000000000005 34 44.6 73.60000000000001 79.4 6.2 37.4 7.800000000000001 36.6 0 7.4 7.800000000000001 0.2 0 0 0 0 0.6000000000000001 29.400000000000002 0 0 0 0 0.6000000000000001 0 0 14.8 0 0.4 0 0 7 0 0 0 0 0 0 0 0 0 0 0 0 0.8 0 13.600000000000001 0 0 0 0 0 0 0 0.6000000000000001 0.6000000000000001 0 0 1.6 0 1.4000000000000001 0.6000000000000001 0 0 0 0 0 0.2 0 0 0.6000000000000001 6.2 0 2 3 5.800000000000001 8 2.4000000000000004 0 0.4 0.2 6.2 8.200000000000001 0 4.6000000000000005 0 1.6 1.6 0.6000000000000001 0 1.2000000000000002 7 3.4000000000000004 0 0 0.2 0 0 4 0 0.2 0 0 0 10.8 3.4000000000000004 4 2.4000000000000004 0.4 0 8.200000000000001 0 0 0 0 0 1.2000000000000002 0 0 0 0 0 0 0 0 0 2 0 0 0.4 0 1.4000000000000001 0 0 0 0 0 0 0 0.2 0 0 0 0 0 0 0 0 0 0 0 0 0 0.2 0 1.6 3 0.4 0 2.8000000000000003 5.2 0 2 7 3.8000000000000003 2.2 0 4 0 0 0 0 2 3.4000000000000004 0 0 0 0 1 0 0 0 0 0 5.2 3.4000000000000004 0 0 0 0.4 0 0 0 0 0 0 0 0 0 0 0 0 0 0 0 0 0 0 0 0 0 0 0 0 0 0 0 0 0 0 0 0 0 0 0 0 0 0 0 0 0.4 0 0 0 0 0 0 0.4 0 0.2 0.2 20.400000000000002 0 1.4000000000000001 2.2 0 0 0 0 0 0 0 0 0 0 0 0 0 0 0 0 0 0 0 0 0 0 0 0 0.4 0 0 0 0 0 0 0 0 0 0 0 0 
 14.200000000000001 61 26.200000000000003 59 16.400000000000002 8.4 69.4 15 34.800000000000004 32.4 7.2 5.2 69.4 58.800000000000004 12.8 49.6 81.60000000000001 7.4 0 23.400000000000002 0 0.4 0 0 0.2 0.8 0 0 0 0 0 0.4 0 0 0.2 0.2 0.4 0 0 0.2 0 0 0 0 0 0.2 0 0.6000000000000001 0 0 0 0 0.6000000000000001 0 0 0 0 0 0 0 0 0 0.6000000000000001 0.6000000000000001 0 0 0 0 0 0 1.2000000000000002 0 0 0 0 0 0 0 0.6000000000000001 0 7 2.8000000000000003 1 0 0 0 0 5 3.4000000000000004 0 0 2.2 0 4.800000000000001 2.8000000000000003 1.2000000000000002 0 2 0 3.8000000000000003 0 0 0 0 0 0 0 0 0 0 3.8000000000000003 0 0 0 0 0 0 0 0 0 0 0 0 0 0 5.6000000000000005 0 0 0 0 0 0 0 0 0 0 0 0 0 0 0 0 0 0 0 0 0 0 0 0 0 0 0 3.4000000000000004 0 0 1.2000000000000002 0 0 0 13.600000000000001 0 2.8000000000000003 2.2 0 0 0 4.6000000000000005 0 2.2 0.2 0 4 4.2 5.800000000000001 0 3.6 4.6000000000000005 6.800000000000001 3.6 0 0 0 0 0 0 0 0 0 0 0 0 0 0 0 0 0 0 0 0 2.6 0 0 0 0 0 0 0 0 0 0 0 0 0 0 0 0 0 3.8000000000000003 0 0 0 0 0 0 0 0 0 0 0 0 0 0 0 0 0 0 0 0 0 0 0 0 0 0 0 0 0 0 0.4 0.4 0.6000000000000001 0 0.4 0 0 0 0 0.4 0 0 0 0 0 0 0 0 0 0 0 0 0 0 0 0 2 0.4 0 0 0 0 0 0 0 0 0 0 0 0 0 
 41.800000000000004 27.400000000000002 57.2 10.8 16.6 14 71.4 37.6 49.6 34.800000000000004 32.2 51.800000000000004 34.6 62.6 24.6 14.4 8.6 7.800000000000001 23.400000000000002 0 0 0 0 0.4 0.4 1 0 0.6000000000000001 0.2 0 0 0.6000000000000001 0 0.8 0 0 0.6000000000000001 0.6000000000000001 0 0.6000000000000001 0.2 0 0 0 0 0 0 0 0.2 0.6000000000000001 0 0 0.6000000000000001 1 0.4 0 0 0 0.4 0 0 0 0.6000000000000001 0.6000000000000001 0 0 0 0 0.4 0 2.4000000000000004 0.6000000000000001 0 0 0 0.6000000000000001 0.2 0 0.6000000000000001 0 0 3 9 0 3.4000000000000004 0 11.4 3.6 3.6 0 2 1.8 4.2 0.2 2.4000000000000004 2 1.8 0.6000000000000001 0 2.8000000000000003 0 0 0.4 0 0 0 0 0 0 0 0 0 0 0 0 0 0 0 0 0 0 0 0 0 0 3 0 0 0 0 0 0 0.4 0 0 0 0 0 0.4 0 0 0 0 0.2 0 0 0 0 0 0 0 0 0 0 2.6 0 0 0 1 0 6.2 5.2 0 3.6 2 0 2.6 2.4000000000000004 0.2 3.6 0 0 5.2 2 3 2.6 4.2 0 0 7.4 0 0 0 0 0 0 0.2 0 0 0 0 0 0.4 0 0 0 0 0 0 2.2 3.6 0 0 0 0 0 0 0 0 0 0 0 0 0 0 0 0 0 0 0 0 0 0 4 0 0 0 0 0 0 0 0.6000000000000001 0 0 0 0 0 0 0 0 0 0 0 0 0 0 0.4 0.4 18.400000000000002 0.6000000000000001 0.2 2 0 0 0 0.4 0 0 0 0 0 0 3.2 0 0 0 0 0 0 0 0 0 0 0 0 2.6 0 0 0 0 0 0 0 0 0 0 0 0 0 0 
 0 0 0 14.600000000000001 15.200000000000001 60.800000000000004 0 0 0 0 0 0 0.4 0 0 0 0 0.2 0 0 0 37.800000000000004 19.200000000000003 6.2 19 5.6000000000000005 32.800000000000004 42.800000000000004 5.4 4 5 6.6000000000000005 39 6.800000000000001 46.400000000000006 18.8 5.800000000000001 26.6 24.6 25.200000000000003 0.2 0 0.4 0.4 0 0 0 0 0.6000000000000001 0.6000000000000001 0.4 0 0.6000000000000001 0 0.2 0.4 0 0 0.4 0 0.6000000000000001 0 0 0.2 0 0 0 0 0 0 0 0 0.6000000000000001 0 1 0.2 0 0 0 0 0 0 0 2.2 0 3.4000000000000004 0 0 0 0 0 1.8 0 0 0 0 0.2 0 0 0 5 9.200000000000001 2.4000000000000004 0.8 0 2.4000000000000004 2.8000000000000003 2.6 6.2 1.6 0 8.8 0 2.8000000000000003 0.2 2.2 3 3.6 0 1.8 0 0 0 0 3.4000000000000004 0 0 0 0 0 0 0 0 0 0 0 0 0 0 0 0 0.4 0 0 0 0 0 0 2.4000000000000004 0 0 0 0 0 0 0 3.6 2.2 0 0 0 0 0 2.2 0 0.2 0 0 0 0 0 0.2 0 0 0 0 0 0 0 0 3.2 0 8.6 3.4000000000000004 3.4000000000000004 2.2 5.2 8.200000000000001 2 6.2 6.800000000000001 0 2.2 6 1.8 4.4 4.800000000000001 0.2 3 2.2 4 0 0 0 0 0 0 0 0 0 0 0 0 0 0 0 0 0 12.8 0.2 0 0 0 0 0 0 0 0 0 3.4000000000000004 0 0 0 0 0 0 0 0 0 0 0 0 0 0 0 0 17.6 0 0 0 0 0 0 0 1.8 0 0.8 0.2 7.2 0 1 0 0 0 0 0 3 0 0 0 0 0 0 0 0 0 0 0 0 0 0 1.4000000000000001 0 0 0 0 0 0 0 0 
 0.2 0.4 0.2 0 0 16 0.2 0 0 0 0.2 0 0.4 0.2 0.4 0.4 0 0 0.4 0 37.800000000000004 0 40.400000000000006 72 21.8 22 26.400000000000002 62.400000000000006 22.8 27 48.6 9.200000000000001 52.6 27.200000000000003 25.8 38.400000000000006 52.2 25.8 7.2 21.200000000000003 0 0 1.4000000000000001 0 0 0.2 18.6 0 0 0 0 0.2 18.6 0 0 0 0 0 3.8000000000000003 0 0.6000000000000001 0 0 0 0 0 17.2 0 0 0 0 0 0.6000000000000001 0 0 0 0 0 0 0 0 0 1.4000000000000001 0 0 0 0 0 0 0 0 0 0 0 0 0 0 0.2 0 0 3 3.2 0.4 0 1.2000000000000002 2.4000000000000004 0 0 4 6.6000000000000005 2.8000000000000003 4 0 0 0 0 2 2.8000000000000003 0 0 0 0 0 0 1.8 0 0 2.2 0 0 0 0 0.6000000000000001 0 0 0 0 0 1.6 2.4000000000000004 0 0 0 0 0 0.4 0 0 0.2 0 0.4 0.4 0 0 0 0 0 0 0 0 0 0 0 0 0 1.2000000000000002 0 0 0 0 0 0 0 0 0 0 0 0.2 0 0 2.6 4.6000000000000005 1.8 3.8000000000000003 3.6 3.8000000000000003 3.8000000000000003 1.8 0 2.4000000000000004 2.8000000000000003 3.4000000000000004 2.6 2.8000000000000003 3.2 7.6000000000000005 0.8 2.4000000000000004 0 0 4 0 0 0 0 0 2.2 0 0.2 0 0 0 2 0.4 0 0 0 0 0 0 0 0 0 0 0 0.2 0 0 0 0 0 0 0 0.4 0.2 0 0 0 0 0 0 0 0 0 0 15 0 0 0 0 0 0 0 0 1.8 0.4 0.4 0.4 0.6000000000000001 0 0.4 2 0 0 0 0 1.4000000000000001 0 0 0 0 0 0 0 0 0 0 1 0 0 0 0 0 0 0 0 0 0 0 0 
 7 0 0 0 0 0.4 0 0 0 0 0.4 15.200000000000001 0.4 0 0 0 0.8 0 0 0 19.200000000000003 40.400000000000006 0 49.6 28.200000000000003 17.6 16 17 10.600000000000001 29.8 14.8 37.2 11.600000000000001 48.2 10.8 39.2 38.400000000000006 58 18.6 10 12.8 0 1.4000000000000001 0 0 0.4 0 0 0 0 0 0 13.600000000000001 0 0 0 0 0 0.2 0 0.6000000000000001 0 0 0 0 0 1.2000000000000002 0 0 0 0 0 0.6000000000000001 0 0.2 0 0 0 0 0 0 0 0 0 0 0 0 0 0 0 0 0 0 0 0 0 0 0 0 0 0.2 3.2 3.4000000000000004 0 2.6 4.2 0 0 0 4.4 3.8000000000000003 0 0 2.8000000000000003 2.8000000000000003 4.2 5.2 1.6 1.8 2 0.4 0 0 0 0 0 0 0.4 0 2.4000000000000004 0 0 2 0 4 0 0 0.2 9.200000000000001 4.2 0 0 0 0 0 0 0.4 0 0 0.2 0.2 0 0 0.2 0 0 0 0 0 0 0 0 0 0 0 0 0 0 0 0 0 0 0 0 0 3.8000000000000003 0 0.4 0 0 0 2.8000000000000003 1.4000000000000001 7.4 4.6000000000000005 1 0 1.2000000000000002 0 0 4.800000000000001 7.4 0 0 4.4 7 1.6 2.2 0 1.6 4.4 3.6 0 0 0 0 8.6 1.8 0 0 0 0 2.2 0 1.6 0 0.4 0 7.800000000000001 2.8000000000000003 0 0 0 0.4 0 0 0.6000000000000001 0 0 0 0 0.4 0 0 0 0 0 0 0 0 0 0 0 0 0 0 0 0 0 0 0 0 0 0 1.4000000000000001 0 0.8 0.2 15.4 0 1.8 0.4 0 0 0 0 0 0 0 0 0 0 0 0 0 0 0 0 0 0.6000000000000001 0 0.2 0 0 0 0 0 1.6 0 0 
 0 0.4 0 0 0 2.2 0 0.6000000000000001 0 0 0 0 0.4 1 0 0 0 0 0 0.4 6.2 72 49.6 0 63.400000000000006 50.2 49.6 56.6 16.2 40.2 68 55 56.800000000000004 121.60000000000001 9.8 12.8 38.6 55.400000000000006 33.4 10.600000000000001 15.600000000000001 0 1.6 0 0.2 0.4 0 10.4 1.6 0 0 0 13.200000000000001 0 0.4 0 0 0 0.4 29 7 0 0.2 0 1 0 0 0 0 0 0 0 0.6000000000000001 1 0 1.2000000000000002 0 0.6000000000000001 0 0.4 0 0 0 0 0 0 0 0 0 0 2 0 0 0 0 0 0 0 0 0 0.4 2.2 0.8 0 0.2 0 0 0 0 0 8.4 3 0 0 2.4000000000000004 0.6000000000000001 4.4 0 2.6 2.2 0.2 0 0 0 0 0 4 0 0 9 0 1.6 5.800000000000001 0 3.4000000000000004 4 1.8 0 2.6 2.4000000000000004 0 0 0 0 4 0 0 0 0 0 0.2 0 0 0 0 0 0 0 0 0 0 0 0 0.4 0 0 0 0 0 0 3 0.2 0 0 0 0 1 1 0 0 0 6.4 0 6.6000000000000005 5.800000000000001 4.800000000000001 0 3.6 11.200000000000001 3.8000000000000003 5 5.6000000000000005 3.2 0 4.2 4.6000000000000005 0 6.4 0 2.8000000000000003 2.8000000000000003 3.8000000000000003 0 0 0 0 8.200000000000001 0 0 0 0 3.2 3 0 5.6000000000000005 0 0 0 1.2000000000000002 0 0 0 0 0 0 0 0 0 0 0 0 0 0 0 0 0 0 0 0 0 0 0 0 0 0 0.4 0 0 0 0 0 0 0 0.2 1.6 0.8 0.2 0 17.8 0 0 0 0.4 0 0 0 1.4000000000000001 0 0 0 0 0.4 0 0 0 0 0 0 0 0 0 4.2 0 0 0 0 0 0 0 0 
 0.4 0.6000000000000001 0 0 0 0.6000000000000001 0 0 0.2 0 0 0 0 0 0.4 0 0.6000000000000001 0 0.2 0.4 19 21.8 28.200000000000003 63.400000000000006 0 41.2 9.8 26 17.400000000000002 34.2 17.8 41.6 16.8 30.6 25.6 58 45.400000000000006 24.200000000000003 11.600000000000001 15.200000000000001 0.4 0 0 0 0.2 0.4 0 0.2 0 0.6000000000000001 0 0.4 0.6000000000000001 0.4 12.8 0 0 0 18.2 14 0.6000000000000001 0 0 0 2 1.6 0 0 0.4 0 0 0.6000000000000001 0.6000000000000001 0.2 0 0 0.2 0 0 0 0 2.2 0 0 0 0 0 0 0 0 0 0 0 0 0 0 0 0 0 0 0 0 3.6 0.2 1.8 2.2 0 0 0 0 0.2 0 0 0.2 0.2 4.800000000000001 3.4000000000000004 3.2 0 0.2 0 0 0 0 0 0 2.6 2 2.4000000000000004 0 0 0 0 2.4000000000000004 0 2.4000000000000004 1.2000000000000002 5.6000000000000005 5.4 12.600000000000001 0 0 0 0 0 0 0 0 0.4 0 0 0 0 0 0.6000000000000001 3.6 0 0 0 0.4 0 0 0 0 0 0.2 0 0 0.4 0 0 0 0 0 0 0 0 0 0 0 2 0 3.2 9 1.8 0 0 2.6 0.2 1.8 3.2 0 0.2 3.6 1.6 2.6 1.6 0 0 0 0.8 5 0 0 0 0 2.8000000000000003 0 3.2 0 2 0 0 2.4000000000000004 0 2.6 1.8 0 4 6.800000000000001 0 0.4 0 0 0 0 0 0 0 0 0 0 0 0 0 0 0 0 0 0 0 0 0.2 0 0 0 0 0 0 0 0 0 0 0 5.4 0 0 1 16.400000000000002 0 2 0.6000000000000001 0 0 0 0 0 0 0 0 0 0 0 0 0 0 0 0 0 0 0 0.4 0 0 0.2 0 0 0 0 0 
 0.4 0.6000000000000001 16.2 1.2000000000000002 0 0.6000000000000001 0.4 0.6000000000000001 0.6000000000000001 0.6000000000000001 0.6000000000000001 42.6 0.6000000000000001 0.6000000000000001 1 0.6000000000000001 1 0.6000000000000001 0.8 1 5.6000000000000005 22 17.6 50.2 41.2 0 38.800000000000004 55.6 57.6 26.6 92.2 36.4 11.8 11.8 17.6 32.4 27.200000000000003 26 8.4 10.200000000000001 25 13.4 0 0 0.8 2.6 10.600000000000001 11.600000000000001 12.8 1.8 0.8 0 13 12.600000000000001 7.4 13.600000000000001 0 1.2000000000000002 13 26.400000000000002 0.6000000000000001 0 0 0.2 2 0 0 0 0 0 0.8 0 0.6000000000000001 1.4000000000000001 0 0 0 0 0.8 4.800000000000001 0.4 0 0 0 0 0 0 0 0.4 0 0 0 0 0 0 0 0 0 0 0 0 0 0 1.8 3.4000000000000004 4.800000000000001 0 0 0 2.2 2 0 0 3 0 2.4000000000000004 2.8000000000000003 0.8 0 0 0 0 0 0 0 0 0 2.4000000000000004 0 2 0 0 8.8 1.4000000000000001 2.2 4.6000000000000005 1.6 2 0.4 0.8 0 0 0 0 0 0 0 0 0 0 1.6 0 0 0 0 0 0 0 0 0.4 0 0 0 0 0 0 0 0 0.4 0 0 0 0 0 0 0 0 0 0 0 0 0 1.8 5.800000000000001 3.8000000000000003 0.2 0 0 0 0 6.4 10.8 0 0 0.2 8 2.8000000000000003 6.6000000000000005 0 0 3.8000000000000003 0 0 0.2 0 0 4.6000000000000005 8.8 2.4000000000000004 0 0 0 6.800000000000001 0 7.6000000000000005 0 1.6 0 8.200000000000001 8.6 0 0 0.2 0 0 0 0 0 0 0 0 2.4000000000000004 0 0 0 0 0 0 0 0 0 0 2.2 0 0 0 0 0 0 0 0 0 0 0 2.8000000000000003 0 0 15.4 8.8 0.8 1 1.2000000000000002 0 0 0 0 0 0 0 0 0 0 0 0 0 0 0 0 0 0 0 0 0 0 3.2 0 0 1.6 0 0 
 0 0 0 14.8 14.8 15.200000000000001 0 0.2 0 14.8 3.4000000000000004 29.6 0 0 0 0 0.2 29.400000000000002 0 0 32.800000000000004 26.400000000000002 16 49.6 9.8 38.800000000000004 0 27.200000000000003 8 25.8 48.800000000000004 19.8 14.200000000000001 10 23 21.8 20.8 6.800000000000001 10 39.6 0.6000000000000001 0 0.4 0 0.2 1.6 0 0 0.6000000000000001 0.2 0 0 0.6000000000000001 1.2000000000000002 0.8 0 1.2000000000000002 1.4000000000000001 0.8 0 0.6000000000000001 1.6 0.6000000000000001 0 0 0 1.2000000000000002 0 0 0.6000000000000001 0.8 0.4 1.2000000000000002 0 0 0 0 0.4 1 11.4 0 0 0 0 0 0 0 0 0 4.800000000000001 0.2 0 0 0 0 0.2 4.2 0 0 0 14.8 3.2 7.6000000000000005 14 0 3 2.2 4.4 2.4000000000000004 0 4.800000000000001 3.4000000000000004 6.2 0.6000000000000001 14.4 0.6000000000000001 0 0 2.8000000000000003 0 0 0 2.6 0 2.6 0 0 0 0 0 7.800000000000001 0 0 0 0 0 0 0 0 0 0 2.6 0 0 0 0 0 0 0 0 0 0 0 0 0 0 0 0 0 0 0 0 0 0 5.2 2.2 0.2 0 0.4 0.2 2.2 7.2 0 0 0 3.6 0 0 1.8 0 0 3.6 0 12.8 8.8 4.6000000000000005 8.6 3 3.2 8.8 2.2 0 8.4 3.6 1.6 0 1.4000000000000001 5.800000000000001 0.2 1.4000000000000001 0 0 0 0 0 0 0 0 0 0 0 0 0 0 0 0 0 0.2 0 0 0 0 0 0 0 0 0.2 0 0 0 0 0 0 0 0 0 0 0 0 0 0 0 2.6 0 0 0 0 0 0 0 0 0 0 0 1.4000000000000001 0.2 0 8.8 0.2 0.2 0.6000000000000001 0 0 0 0 0 0 0 0 0 0 0 0 0 0 0 0 0 0 0 0 4.2 0 0 0 0 2 0 0 0 
 0 0.2 0 14.8 5.4 0.8 0.2 0 0 0 16.8 3.4000000000000004 0 0.2 0 0 0.4 0 0 0.6000000000000001 42.800000000000004 62.400000000000006 17 56.6 26 55.6 27.200000000000003 0 49.2 43.2 7.6000000000000005 18.8 22.400000000000002 34 7 41.6 25.200000000000003 66.4 73.2 26 0.2 0 0 0 0 0.4 0 0 0 0 0 0 0.6000000000000001 0 0 0 0.2 0 0.4 0 0.6000000000000001 0.8 0 0 0 0 0 0 0 0 0 0 0.6000000000000001 0 0 0 0 0 1 1.6 0 0 0 0 0 0 0 0 0 0.4 0 1.2000000000000002 0 0 0 0 0 0 0 0 0.2 0.6000000000000001 8.8 1.8 1.8 2.2 5.4 6.800000000000001 1.8 0 0 2.2 4.2 3.8000000000000003 1.2000000000000002 4.4 0 4.6000000000000005 0 1.8 0 0 0 0 1.4000000000000001 0 0 0 0 0 0 0 0 0 0 0 0 0 0 0 0 0 0 0 0 0 0 0 3.2 0 0 0 0 0 2 2.2 0 0.8 0 0 0 0 0 0 1.6 0 2.6 0 0.2 0 0.4 2.6 2.2 0 0.4 0 0 0 1 0 7.2 2.2 0.8 3.2 2.8000000000000003 1.8 7.6000000000000005 6.800000000000001 1.8 8 0 0 3 9.4 3.4000000000000004 0 5.800000000000001 0.6000000000000001 3.2 0.2 0 0.2 0 1.2000000000000002 0 2.2 0 0 0 0 0 0 0 0 0 0 0 0.2 0 0 0 0 0 0 0 2.6 0 0 0 0 0 0 0 0 0 0 0 0 0 0 0 0 0 0 0 0 6.4 0 0 0 0 0 0 0 4.6000000000000005 0 0.4 9 0 0.2 0 0 0 0 0 0 0 0 0 0 0 0 0 0 0 0 0.2 0 0 0 0 1.8 0 0 0 0 2.4000000000000004 0 0 0 
 0 0 0 0 0 45.2 0 0 0 0 0 0 0 0 0 0 0.2 0 0 0.2 5.4 22.8 10.600000000000001 16.2 17.400000000000002 57.6 8 49.2 0 44.400000000000006 111.2 47.6 37.2 23 15.600000000000001 27.8 11.4 19.200000000000003 26 26.8 0.2 0 0 0 0 0.6000000000000001 0 0 0 0.6000000000000001 0 0 12.600000000000001 0 0.2 12.4 0 0 12.8 12.600000000000001 0.6000000000000001 3.8000000000000003 0 0 0.2 0 0 0 0 0 0 0 0.6000000000000001 0 0 0 0 0 5 1.8 0 0 0 0 0 1.2000000000000002 2 0 0 0 0 0 0 0 0 0 0 0 0 0 3.6 0 2 5 2 0 2.2 4.6000000000000005 5 4.6000000000000005 5 14.200000000000001 0 5.4 4.4 0 0 4.4 0 4.4 0 0 0 0 0 0 0 6.6000000000000005 0 0 0 0 6.800000000000001 0 0 0 0 0 3 0 0 0.6000000000000001 0 0 0 0 0.6000000000000001 0 1 0 0 0 0 0 0 0 0 1 0 0 0 0 0 0 0.2 2.4000000000000004 0.4 0 0 0 2.2 0.4 2 0 0 0 0 0 0 0 8 2.4000000000000004 3 0 4.4 3.4000000000000004 4.6000000000000005 1.4000000000000001 9.4 8.4 2.8000000000000003 2.2 5.4 0 0 0.2 0 4.800000000000001 3.6 0 0.8 0 0 0 0 0 4.4 2.8000000000000003 0 0 0 0 0.8 0 1.4000000000000001 0 0 0 5.2 2.6 0 0 0 0 0 0 0 0 0 0 0 0 0 0 0 0 0 0 0 0 0 0.4 0 0 0 0 0 0 0 0 0 0 0 0 5.4 0.4 0 0.2 0 0 3 0 0 0 0 0 0 0 0 0 0 0 0 0 0 0 0 0 0 0 0 1.4000000000000001 0 0 0 2.8000000000000003 2.4000000000000004 0 0 0 
 0 0 0 0 0 0.2 0 0 0 0 0 0 0 0 0 0.4 0.4 0 0 0 4 27 29.8 40.2 34.2 26.6 25.8 43.2 44.400000000000006 0 44 20 54.2 47.2 14.8 42.400000000000006 22 13.4 50.800000000000004 17.6 18 3.2 1.6 0 0 0.2 13.200000000000001 0 0 0 0.4 0 14.4 0 17.400000000000002 0 0 0 6 6.4 0.6000000000000001 0.8 0 0.2 0 0 0 0 0 0 0 0 1 0 0 0 0 0 0.8 0.6000000000000001 1.6 0 0 0 0 0 0 0 0 0 0 0 0 0 0 0 0 0 0 0 2.6 3.6 6.4 1.4000000000000001 3.8000000000000003 2.8000000000000003 0 1.6 0.2 4.6000000000000005 5 2.6 0 0.2 4.2 0 0 3.8000000000000003 2.4000000000000004 2 0 0 0 0 0 0 2.4000000000000004 6.4 0 0 0 0 4.2 0 0 0 2.2 1.2000000000000002 0.2 0 0 0 0 1.2000000000000002 0 1.2000000000000002 0 0 0 1 1.4000000000000001 0 0 0 0 0 0 0 0 0 0.2 0 0 0 0 0 0 0 0 0 0 0 0 0 0 0 0.8 0 0 0 2.6 0 0 1.8 2 4.4 1.6 2.4000000000000004 2.6 2.4000000000000004 0.2 2.6 3 2.6 1.6 11 2 9.600000000000001 2.6 2.4000000000000004 2.2 0.2 0 0 0 0 6.4 0 0.2 3.8000000000000003 0 0.2 3 0 2.2 0 0.8 2 0.2 0 0 0 5.6000000000000005 0 0 0 0.4 0 0 0 0 0 0 0 0 0 0 0 0 0 0 0 0 0 0 0 0 0 0 0 0 0 0.2 0 1.4000000000000001 0 0.2 31.400000000000002 15.4 0.2 1.2000000000000002 4.4 0 0 0 0 0 0 0 0 0 0 0 0 0 0 0 0 0 0 0 0 0 0 0 0 2.2 0 0 0 
 0.4 13.200000000000001 0.2 0.2 0 0 0 0.4 0 0 0 0.2 0 0 0 0 0.2 0 0 0 5 48.6 14.8 68 17.8 92.2 48.800000000000004 7.6000000000000005 111.2 44 0 38.800000000000004 8.8 15.200000000000001 11.8 15.200000000000001 85.2 9.200000000000001 14.200000000000001 14.4 38.400000000000006 0.8 0 0.6000000000000001 0 7 12.200000000000001 18 0 0.8 0.4 0.6000000000000001 1.4000000000000001 0 13.600000000000001 0.4 0 0 6.4 27.400000000000002 0.6000000000000001 0 0 0 3.4000000000000004 0 0 0 0 0.4 0 0.4 1.2000000000000002 1.2000000000000002 0.2 0 0.4 0 0.2 0.2 0 0 0 0 0 0 0 0 0 0 0 0 0 0 0 0 0 0 0 0 0 0 0 1.4000000000000001 5.6000000000000005 2.6 0 0 0 2.4000000000000004 2.6 0 0.4 0 0 0 0 0 0 0 0 0 0 0 0 0 7.6000000000000005 4 0 1.8 0 0 11.200000000000001 0.2 3.4000000000000004 2.6 4.800000000000001 2 3.8000000000000003 0 0 0 0.4 0.4 0 0.4 0 0 0 0.6000000000000001 1.6 0 0 0 0 0 0.2 0.4 0 0 0 0 0 0 0 0 0 0 0 0 0 0 0 0 0 0 5.4 0.6000000000000001 0 0 0 0 0 3.8000000000000003 3.4000000000000004 4.6000000000000005 0 0 0.2 1 0 2.4000000000000004 0 0 1.8 4.2 2.8000000000000003 6.800000000000001 0 0 4 3.8000000000000003 0 0 0 0 2.8000000000000003 0.2 0.2 2.4000000000000004 0 2.8000000000000003 4.800000000000001 0 7 0 1.6 0 4.6000000000000005 2 0 0.4 0 0 0 0 0.2 0 0 0 0.4 0 0 0 0 0 0 0 0 0 0 0 0 0 0 0 0 0 0 0 0 0 0 0 0.6000000000000001 0 0 8.8 0 0 0.8 3.6 0 0 0 0 0 0 0 0 0 0 0 0 0 0 0 0 0 2.4000000000000004 0 0 0 0 0.2 0 0 0 0 0 
 0.6000000000000001 0.4 0.4 1 1 0.6000000000000001 0.6000000000000001 1 0.6000000000000001 0.4 0.6000000000000001 0.6000000000000001 0.4 1 0.6000000000000001 0.4 0.8 0.6000000000000001 0.4 0.6000000000000001 6.6000000000000005 9.200000000000001 37.2 55 41.6 36.4 19.8 18.8 47.6 20 38.800000000000004 0 6.800000000000001 9.200000000000001 8.4 52 80.60000000000001 19.6 7 47 26.400000000000002 1.4000000000000001 0.4 0.6000000000000001 0.4 1 0.6000000000000001 13.200000000000001 0 1.2000000000000002 0 0 15.600000000000001 0.4 0 0 0 0.6000000000000001 0 4.6000000000000005 0 0 0 0 0 0 0 0 0 0 0 0 0 0.4 5.800000000000001 0 0 0 0 0 0 0 0 0 0 0 0 0 0 0 0 0 0 1.8 0 0 0 0 0 0 0 3 2.6 3.8000000000000003 2.6 4.4 0 0 0 0 0 3.8000000000000003 0 0 0 4.2 3.8000000000000003 5.2 0 0 0 0 0 0 0 0 0 5.2 0 4 0 0 7.4 0 7.2 2.4000000000000004 0 0 8.200000000000001 4.2 0 0 0 0 0 0 3 0 0 0 0.2 0 0.6000000000000001 0 0 0 0 0 0 0.4 0 0 0 0 0 0 0 0 0 0 0 0 0 0 0 0 6.2 0.2 0 0 0 2.4000000000000004 0 0.2 7 2.2 0 0 0 2.2 3.2 6.2 0 0 4.2 2.6 0 4.6000000000000005 0 0 4 0.2 0 0 0 0 7.6000000000000005 4.2 0 0 0 2.6 7 0 7.2 0 2.6 0 6.4 4 0 0 0 0 0 0 0 0 0 0 0 0 0 0 0 0 0 0 0 0 0 0 1.2000000000000002 0 0 0 0 0 0 0 0 0 0 2.4000000000000004 3.6 0 0 16 0 0.2 0.2 0 0 0 0.2 0 0 0 0 0 0 0 0 0 0 0 0 0 0 0 0 0 0 0 0 0 0 0 0 0 
