 0 31 52.800000000000004 73 26 8.8 23.200000000000003 26.8 17 45.400000000000006 8.200000000000001 20.200000000000003 30.6 7.4 37 24.6 4.800000000000001 47.800000000000004 11.8 29.200000000000003 0.4 0 0 0.4 0.6000000000000001 0 0 0 0 0 0 0 0.8 0 0.4 0 0 0 14.8 0 7.2 0 0.2 11.8 0 0.2 0 0.2 0 0.2 0.2 0.8 0.6000000000000001 0 0.4 0.2 0 0 0.2 0.6000000000000001 0.6000000000000001 0 0 0 0 0.8 0 0.6000000000000001 0.4 0 0 0.6000000000000001 0.4 0 0 0 0 0 0 0 0.8 5.4 7.6000000000000005 8.4 2.4000000000000004 10.600000000000001 0 3.6 4.800000000000001 3.2 2.4000000000000004 1 0 0 0.2 6.2 0.6000000000000001 2.2 0 2.4000000000000004 0 0 0 0 0 0 0 0 0 0 0 0 0 0 0 0 0 3.4000000000000004 0 0.2 0 0.2 0 0 0 0 0 0 0 0 0 0 0 0 0 0 0 0 0 0 0 0 0 0 0 0 0 0 0 0.2 0 0 0 0 0 0 0 0 0 0 0 1.8 3.6 2 0 3 0 2.4000000000000004 2.6 0 14.8 0 0.2 2 3.4000000000000004 1.6 1.4000000000000001 0 0.2 1.8 0.2 0 0 0 0 0 0 0 0 0 0 0 0 0 0 0 0 0 7.6000000000000005 0 0 0 0 0 0 0.2 0 0 0 0 0 0 0 0 0 0 0 0 0 0 0 0 0 0 0.2 0 2.2 0 0 0 0 0 0 0 0 4.4 0.2 0 0 0 0 0 0 0 0 0 1.8 0 0.8 0 0 2.2 0.4 0 0 0 0 0 0 0 0 0 5.6000000000000005 0 0 0 0 0 0 0 0 0 0 0 0 0 4 0 0 0 0 0 0 0 0 0 0 0 0 0 
 31 0 44.6 28.200000000000003 35.2 10.4 53.2 21.200000000000003 33.800000000000004 17.2 32.2 27.400000000000002 7 7.2 30.400000000000002 45.2 54.2 13.600000000000001 10.600000000000001 8.6 0 0 0.2 0.2 1 0 0 0 0 0 0.2 0.4 0 0 0 0 0.8 0.2 15 1.6 13.200000000000001 0 1.6 0.8 0.4 0.8 0 0 0 0.8 0.6000000000000001 0 0 0 0 0.4 0.6000000000000001 0.4 0 0 0 10.8 0 0 0.6000000000000001 0.6000000000000001 0.8 0 0 0 0.2 1.2000000000000002 0 0 0 0 0 0.4 0 0 2.8000000000000003 9.200000000000001 11 4 5.4 3 7.6000000000000005 2 3 0.2 4.6000000000000005 4 0 5 2 2.8000000000000003 12.600000000000001 6.2 2.2 0 0 0 0 0 0 0 0 0 0 0 0 0 0 4.2 0 0 0 0 4 4 0 0 0 2.6 2 0 0 0 0 0 0 0 0 0 0 0 0 0 0 0 2.2 0 0 0 0 0.2 0 0 0 0 0 0 0 0 0 0 0 0 0 0 0 0 1.8 0 2.2 6.6000000000000005 0 1.8 2.4000000000000004 4.6000000000000005 2.2 6.6000000000000005 0 0 0 4 2 1.8 0 0 2.8000000000000003 0 0 0 0 0 1.4000000000000001 0 0 0 0 0 0 0 0 0 0 0 2.2 3.8000000000000003 0 0 0 0 0 0 0 0 0 0 0 0 0 0 0 0 0 0 0 0 0 0 0 0 0 0 2 0 0 0 0 0 0 0 0 0 0 0 0 0 0 2.2 0 0 0 0.2 0 0 0.4 0.2 1.4000000000000001 0.6000000000000001 0 0.2 0.4 0 0 0 0 0 0.2 0 0.4 0 0 0 0 0 0 3.4000000000000004 0 0 0 0 0 0 0 2.6 0 0 0 0 0 0 0 0 0 0 0 0 
 52.800000000000004 44.6 0 75.4 27.200000000000003 51.6 44.2 14.4 45 27.6 58.6 6 33.2 55.6 51.2 55.6 45.6 7.2 6.2 28.200000000000003 0 0 0 0 1 0 0.2 0 0 0 0 0 0.6000000000000001 0 0.4 15.200000000000001 0.2 0 0 0 0 0 0 7.6000000000000005 0 0 0 0 0.6000000000000001 0 6 0.8 1.2000000000000002 0 0.4 0.2 0.4 0 0.4 0.6000000000000001 0.6000000000000001 0 0.4 0 0 0 0.4 0.6000000000000001 0.4 0 0 0.6000000000000001 0.4 0 0.4 0 0 0.2 2 0.2 2.6 0.6000000000000001 2.2 6.6000000000000005 3.2 4 0.2 5.4 6.800000000000001 3.2 3.2 6 3.8000000000000003 2.8000000000000003 4.2 3.2 5.4 3.6 0.6000000000000001 3.4000000000000004 0 0 0 0 0 0 0 0 0 0 0 0 0 0 0 0 0 0 1.8 3.2 0 0 0 0 0.2 0 0 0 0 0 0 0 0 0 0 0 0 0 0 0 0 0 0 0 0 1.6 0 0 0 0 0 0 0 0 0 0 0 0 0 0 4.6000000000000005 5.4 3.2 1.8 0 2.2 3.8000000000000003 3.8000000000000003 0 11.8 4 9.200000000000001 0 3.8000000000000003 0 0.4 10.4 0 0 0 0 0 0 0 0 0 0.2 0 0 0 0 0 0 0 0 0 0 0 3.4000000000000004 0 0 0 0 0 0 0 0 0 0 0 0 0 0 0 0 0 0 0 0 0 0 0 0 0 0 0 0 0 0 0 0 0 0 0 0 0 0 0 0 0 0 3.6 0 0 0 0.4 0 0.6000000000000001 0.2 0 0.4 2.6 0 0 0 0 0 0 0 0 0 0 0 0 0 0 0 0 0 0 0 0 0 0.2 0 0 2.2 0 0 0 0 0 0 0 0 0 0 0 0 0 
 73 28.200000000000003 75.4 0 53.2 23.400000000000002 58 17.400000000000002 44 108 11.200000000000001 27.200000000000003 15.8 17.8 14 56.6 43.800000000000004 55.6 23.400000000000002 11.8 0 0 0.4 0 0.6000000000000001 0 0 0 0.4 0.4 0 2.8000000000000003 0.6000000000000001 0 0 0 0 0 30.6 0 0 0 0 13 0 0 0 0 0 0 8 0.4 0.6000000000000001 0 0.4 0.4 0 0.4 0 0.4 0.4 0 0 0 0 0.2 0 0.6000000000000001 0.6000000000000001 0 0 0.6000000000000001 0.4 10.4 0.4 0 0 0 0 0 0 6.800000000000001 3.6 9 5 0 0.2 1.4000000000000001 4.4 1.8 4 8.8 1 0 0.8 3.4000000000000004 6.4 3 4.4 0.2 0 0 0 0 0 0 0 0 0 0 0 0 0 2.8000000000000003 0 0 0 0 1.6 4.4 0 0 0 0 0 0 0 0 0 0 0 0 0 0 0 0 0 0 0 0 0.4 0 0 0 0.2 0.2 0 0 0 0 0.4 0 0 0 0 0 0 0 0 0 0 0 3 2 0 8 0 6.2 8.200000000000001 2 10.600000000000001 0.8 0 2.4000000000000004 2 0.2 4.2 2.8000000000000003 0 0.4 0 0 0 0 0 0 0.2 0.4 0 0 0 0 0 0.8 0 0 0 0 3 0 0 0 0 0 0 0 0 0 0 0 0 0 1.4000000000000001 0.4 0 0 0 0 0.4 0 0 0 0 0 0 0 0 0 0 0 0 0 0 0 0 0 0 0 0 0 0 0 4.4 0 0 0.2 9 0 0.2 0 0 1.2000000000000002 0 0 0 0 0 0 0 0 0 0 3 0 0 0 0 0 0 0 0 0 0 0 0 0 3.6 2.8000000000000003 0 0 0 0 0 0 0 0 0 0 0 0 
 26 35.2 27.200000000000003 53.2 0 30 29 35.2 32.4 52.400000000000006 15.600000000000001 31 9.8 13.600000000000001 31.200000000000003 37.2 13 25.8 30 13.4 15.4 0.4 0.4 0.4 1.4000000000000001 0.2 0.2 0.8 0.6000000000000001 0.2 0.2 0.4 15.600000000000001 0.2 0.8 0.6000000000000001 0.4 0.4 38.2 0.2 0.2 0.6000000000000001 0 0.6000000000000001 0.4 0.4 0 0.6000000000000001 1.2000000000000002 0 0 1.6 0.6000000000000001 10.200000000000001 0.8 0 0.8 0 0.8 1 0.6000000000000001 0 0.2 0.6000000000000001 0 0 0 0.6000000000000001 0.8 0 0 0.4 0.6000000000000001 0 0.4 0.2 0 0 1.2000000000000002 0 0 2.2 7.4 6.6000000000000005 11.4 7.800000000000001 0 0.4 3 4.6000000000000005 4.4 5.800000000000001 0 0 1.6 3.8000000000000003 4.6000000000000005 0 0 0.4 0 2.2 0 0 0.2 0 3 0 0 0 0 0 0 7.4 4.4 0.2 0 0.2 2.2 5.2 0 0 0 0 0 0 0 0 0 0 0 0 0 0 0 0 0.2 0 0 0 1 0 0.4 0 0 0.2 0 0 0 0 0 0 0 0 0 0 0 0 0 0 0 0 0 6.4 0 3.8000000000000003 0 7 5 0 5.800000000000001 3.4000000000000004 0 0 0 1.8 6.4 5.800000000000001 0 0 0 0 0 2 0 0 1.4000000000000001 0 0 0 0 0 0 3.8000000000000003 0 4.800000000000001 0 0 7.6000000000000005 2 0 0 0 0 0 0 0 0 0 0 0 0 0 0 0 0 0 0 0 0 0 0 0 0 0 0 0 0 0 0 0 0 0 0 0 0 0 0.4 3.6 0 0 0 0 0 0 1 19.8 0 1.2000000000000002 0.2 0 2.8000000000000003 0 0 0 0 0 0 0 0 0 0 2.4000000000000004 0 0 0 0 0 0 0 0 0 0 0 0 0 2 4 0 0 0 0 0 0 0 0 0 0 0 0 
 8.8 10.4 51.6 23.400000000000002 30 0 9.600000000000001 9.4 27.200000000000003 53.800000000000004 22.6 46.2 6 7.800000000000001 5.800000000000001 62.6 54.2 28.400000000000002 12 13.8 29.6 0 0 0 0.6000000000000001 0 74 0 15.8 0.2 28.400000000000002 0 32.800000000000004 0 16.6 0.2 0.8 0.2 0.4 12.8 0 0 0 12.600000000000001 0 0 0 0 0 0 2.8000000000000003 0.4 0.6000000000000001 1.4000000000000001 0.4 0.2 0 0 0 0.6000000000000001 0.6000000000000001 0 0 0 0 0 0 0.6000000000000001 0.8 0 0 0.6000000000000001 0.4 0 10.200000000000001 0 0 0 0 6 0 0 1.8 0 6.6000000000000005 2.8000000000000003 0 0 0 3.6 4.800000000000001 0 0 0.2 0 0 0 0 0 0 4.800000000000001 7 3.2 0 0 0 4.6000000000000005 11 7.4 0 3.2 0 7.800000000000001 2.4000000000000004 4 2.4000000000000004 5.6000000000000005 2.2 2.8000000000000003 5.2 0 0 0 0 1.4000000000000001 0 0 0 0 0 0 0 0 0 0 0 0 0 0 0 0.8 0 0 0 0 0.4 0.6000000000000001 0 0 0 0 0 0 0.4 0 0 0 1.8 0 0 0 0 0 1.8 0.4 0 0 1.8 0 0 2.2 0 0 0 0 2.6 0 3 0 0 4.4 9 2.8000000000000003 5.800000000000001 0 0 3.6 9 12 2.2 0 0 9.4 2.4000000000000004 3.8000000000000003 2 0 0 4.800000000000001 5.6000000000000005 0 0 0 0 0 0 0 0 0 0 0 0 0 0 0 0.4 0 0 0 0 0 0 0 0 0 0 2.2 0 0 1.4000000000000001 0 0 0 0 0 0 0 0 0 0 0 0 0 0 0 0 0.8 0.4 0.8 33.2 1.4000000000000001 0.6000000000000001 0 0.8 0 0 0 0 0 0 0 0 0 0 0 0 0 0 0 0 0 0 0 0 0 2.8000000000000003 0 0 0 0 0 3.8000000000000003 0 0 0 0 0 0 0 0 
 23.200000000000003 53.2 44.2 58 29 9.600000000000001 0 46.400000000000006 16 6.2 6.4 6.800000000000001 58 9.600000000000001 23.400000000000002 7.4 37.4 70 35.4 49.2 0 0.6000000000000001 0 0 0.8 0 0 0 0 0 1.8 0 0.6000000000000001 0.6000000000000001 0.4 0 0 0 0 0.4 0 0 0 0 0 0 0 0 0 1.4000000000000001 0.6000000000000001 0.4 0.6000000000000001 0 0.4 0 0 0 0 0.6000000000000001 1.2000000000000002 0 0 0 0 0 0 0.6000000000000001 0.2 0 0 0.6000000000000001 0.4 0 0 0 8.4 0 0 0 2.2 0.8 8.4 8.8 2 0 4.800000000000001 0 5.4 6.2 0 7.2 7.2 0.8 4 4 4.4 0 4.800000000000001 7 0 0 0 0 0 0 0 0 0 0 0.2 0 0 0 0 0 0.2 0 2.2 5.800000000000001 0 0 0 0 3.6 0 0 0 0 0 0 0 0 0 0 0 0 0.4 1.2000000000000002 0 0 0 0 0 0 0 0 0 0 0.2 0 0 0 0 0 0 3.6 0 0 0 0.8 2.4000000000000004 3 2.6 0 0.6000000000000001 0 2.2 2.4000000000000004 3.4000000000000004 0 3.8000000000000003 1.6 0 4 6.6000000000000005 5 0 0 0 0 0 0 0 0 0 1.6 0 0 0 0 0 0 0 0 0 0 0 3.2 0 0.4 0 0 0 0 0 2.8000000000000003 0 0 0 0 0 0 0 2.4000000000000004 0 0 0 0 0 0 0 0 0 0 0 0 0 0 0 0 0.4 0 0 0 0 0 0 0 0 0 2.2 0 0 0 0 0.4 0 0.4 0.4 0 2.8000000000000003 0 0 0 0 0 0 0 0 0 0 0 0 0 0 0 0 0 0 0 0 0 0 0 0.4 0 0 0 0 0 0 0 0 0 0 0 0 0 0 
 26.8 21.200000000000003 14.4 17.400000000000002 35.2 9.4 46.400000000000006 0 31.400000000000002 12.600000000000001 23.200000000000003 7.2 58.6 37.4 59.800000000000004 23.6 50 26 32.2 10.600000000000001 0.2 0.2 0 0 0.6000000000000001 0 0.2 0 0 0 0 0 1.8 0.2 0 0 0 0.4 0 0 0 0 0 0 0 0 0 0 0 0 0 0.4 0.6000000000000001 0 0.4 0 0 0 0 0.6000000000000001 1.8 0 0 0 0 0 0 0.6000000000000001 0.2 0 0 0.6000000000000001 0.4 0 0 0 0 0 0 0 5.4 0.6000000000000001 6.6000000000000005 3.4000000000000004 0 5.4 6 2.2 2.6 5 4 2.8000000000000003 2.2 1.8 2 6.800000000000001 2.4000000000000004 4.4 2 2.6 0.2 0 0 0 0 0 0 0.8 0 0 0 0 0 0 0 0.4 0 0 2 0 0 0 0 0 0 0 0 0 0 0 0.4 0.4 0 0 0 0 0 0.2 0 0 0 0 0 0 0 0 0 0 0 0 0 0 0 0 3.8000000000000003 0 0 0 0 0 7.800000000000001 2.8000000000000003 3.4000000000000004 2 0.2 0 0 5.2 4.4 0.6000000000000001 0.6000000000000001 0 5.2 2.6 2 0 3 0 1.6 0 3.4000000000000004 0 0 0 0 0 1.8 0 0 0 0 0 0 0 0 0 9.4 0 0 0 0 0.4 0 0 0 0 0 0 0 0 0 0 0 0 0 0 0 0 0 0 0.4 0 0 0 2.8000000000000003 4 0 0 0.4 0 0 0 0 0 0 0 0 0 0 0 0 0 0 0 0 0.2 0 0.4 0 0 0 0.4 0 0 0 0 0 0 0 0 0 0 0 0 0 5.4 0 0 0 0 0 0 0 0 0 0 0 0 0 0 0 0 0 0 0 0 0 0 0 0 
 17 33.800000000000004 45 44 32.4 27.200000000000003 16 31.400000000000002 0 20 23.400000000000002 21.6 36.2 22 18.400000000000002 86.2 12.600000000000001 27.6 21.8 26.200000000000003 0 0 0 4.2 0.6000000000000001 0 19.200000000000003 0 9.200000000000001 0 0 0 5.6000000000000005 0 0 0 0 0.4 29.8 15 0 0 0 12.600000000000001 0 0 0 0 0 0 0 0.4 0.6000000000000001 0 0.4 0 0.2 0 0 0.6000000000000001 0.6000000000000001 0 0 0 0 0 0 0.6000000000000001 0 0 0 0.6000000000000001 0.4 0 0 0 0 0 0 0 0 2.2 4.6000000000000005 8.200000000000001 6.2 2 0 2.2 1.4000000000000001 0.8 6.800000000000001 6.4 0 0 0 10.4 0.2 9.8 0 0 0 0.4 0 0 0 0 0 0 0 0 0 0 0 3.8000000000000003 1.8 0 0 0 8.8 8.4 0 0 0 0 0 0 0 0 0 0 0 0 0 0 0 0 0 0 0 0 1 0 0 1.4000000000000001 0 0.4 0 0 0.4 0 0 0 0 0 0 0 0 0 0 0 0 0 3.8000000000000003 5.6000000000000005 0 0.4 0 8.8 0.2 0.4 3 3.4000000000000004 0 2.2 0 2 4 0 0 0 2.8000000000000003 0 0 0 0 0 3.4000000000000004 1.4000000000000001 0.4 0 0 0 0 2 0 0 0 3 0.2 0 0 0 0 0 0 0 0 0 0 0 0 0 0 0 0 0 0 0 0 0 0 0 0 0 0 0 0 0 0 0 0 0 0 0 0 0 0 0 0 0 0 0 0 0 0 0 0.4 0.8 0 0.8 0 1.6 0 0 0 0 0 0 0 0 0 0 0.2 0 0 11.600000000000001 0 0 0 0 0 0 0 0 0 1.8 1.4000000000000001 3.8000000000000003 0 0 0 0 0 0 0 0 0 0 0 0.4 
 45.400000000000006 17.2 27.6 108 52.400000000000006 53.800000000000004 6.2 12.600000000000001 20 0 39.6 8.4 13.200000000000001 15.4 36.800000000000004 103.2 24 9.4 19.6 15.600000000000001 0 0 0 0 0.6000000000000001 0 0 0 0.4 0.4 0 0 1.6 0 0.2 0 0 0 15.200000000000001 0 0 0 0 12.600000000000001 0 0 0 0 0 0 0 0.4 0.6000000000000001 0 0.4 0.4 0 0 0 0.4 0.4 0 0 0 0 0 0 0.6000000000000001 0.6000000000000001 0 0 0.6000000000000001 0.4 0 0 0 0 0 0 0 0.2 4.4 6.2 6.6000000000000005 2.4000000000000004 5 0 6.2 5.2 0.4 5.4 1.6 0 0.2 3.2 7 8.200000000000001 5.4 0 1.8 0.2 0 0 0 0 0 0 0 0 0 0.2 0 0 0 0.4 0 0 1.2000000000000002 1.4000000000000001 1.4000000000000001 0 0 0 0 0 0 1.4000000000000001 0 0 0 0 0 0 0 0 0 0 0 0 0 0 0.4 0 2 0 0 0 0 0 0 0 0 0 0 0 0 0 0 0 0 3 1.4000000000000001 3 3.6 0 6.6000000000000005 3.4000000000000004 0 2 1.8 6.2 0 0 6.2 4.2 0 6.6000000000000005 1.6 0 0 3.4000000000000004 0 0 0 0 0 2 0 0 0 0 0 0 0 0 0 0.4 0 0 0 0 0 0 0.4 0 0 0 0 0 0 0 0.2 0 0 0 0 0 0.4 0 0 0 0.4 0 0 0 0 0 0 0 0 0.2 0 0 0 0 0 0 0 0 0 0 0 0 0 0 0.2 8.8 0 0.8 0 0 2.8000000000000003 0 0 0 0 0 0 0 0 0 0 1.8 0 0 0 0 0 0 0 0 0 0 0.2 0 0 1.6 0 0 0 0 0 0 0 0 0 0 0 0 0 
 8.200000000000001 32.2 58.6 11.200000000000001 15.600000000000001 22.6 6.4 23.200000000000003 23.400000000000002 39.6 0 52 31 5 39.800000000000004 66 18.6 26 4.2 13.8 14.8 0 1 0 0.6000000000000001 0 25.400000000000002 9.200000000000001 1.4000000000000001 0.8 0 0 21.400000000000002 30.6 0 0.2 0 0.2 0.2 15 0 0 0 0 0 0 0 0 0 0 0.2 0.4 0.6000000000000001 0 0.4 12.4 0 0.4 0 0.6000000000000001 0.6000000000000001 0 0 0 0 0 0 0.6000000000000001 0 0 0 0.4 0.4 0 0 0 0 0 0.4 0.6000000000000001 0.2 0 2.8000000000000003 2.6 0.2 6 0 0 3 0 4.4 1.6 0 0 3.2 1.6 2.8000000000000003 2.8000000000000003 0 1.8 7.6000000000000005 0 4 0.2 0 0 2.4000000000000004 5 3.8000000000000003 0 0.4 0 5.800000000000001 4.6000000000000005 0.4 0 3.2 3.6 9.600000000000001 1.6 0 0 0 0 0 0 0.8 0 0.2 0 0 0 0 0 0 0 0 0 0 0 0 0.4 0 1.6 0 0 0 0 0 0 0 0 0 0 0 0 0 0 0 0 6 0.2 0.2 0 3.8000000000000003 0 3.2 1.4000000000000001 0 1.6 5.800000000000001 0 0 0.2 0 0 6.800000000000001 0 0 0 2 0 0.2 2.6 0 0 1.6 12.4 5.2 3.4000000000000004 0 0 1.4000000000000001 0 0 0.2 0.4 5.6000000000000005 3 1.8 0 0 0 0.4 0 0 0 0 0 0 0 0.2 0 0 0 0 0 0.4 0 0 0 0.4 0 0 0 0 0 0 0 0 0.2 0 0 0 0 0 0 0 0 0 0 0 0 0 0 0.4 0.2 0 17.6 0.4 0.2 6.4 0 0 0 0 0 0 0 0 0 0 1.6 0 0 0 0 0 0 0 0 0 0 0.2 0 2.6 0 0 0 0 0 0 0 0 0 0 0 0 0 0 
 20.200000000000003 27.400000000000002 6 27.200000000000003 31 46.2 6.800000000000001 7.2 21.6 8.4 52 0 4.4 4.6000000000000005 65 69.8 17.8 13.8 5.4 8.4 0.2 0 0 0 0.6000000000000001 0 42.2 20 0 0 0 0 15.4 18.8 0.2 14.600000000000001 0 0.6000000000000001 22.8 15 0 0 0 7.2 0 0 0 0 0 0.2 0 0.4 0.6000000000000001 12.4 0.4 0 0 0 0 0.6000000000000001 0.6000000000000001 0 0 0 0 0 0 0.6000000000000001 0.2 0 0 0.6000000000000001 0.4 0 0 0 0 0 0 0 0 0 1.4000000000000001 0 6.4 6 0 0 0 4 3.2 0 0 2.2 0 0 0.2 2.8000000000000003 0 0.2 4.4 4.4 2.6 1.2000000000000002 0 0 0.6000000000000001 6 5 0 0 0 1.6 5 0 0 12.4 3.6 2.8000000000000003 4.800000000000001 0 0.4 0 0 0 0 0 0 0 0 0 0 0 0 0 0 0 0 0 0 0.8 0 0 0 0 0.2 0 0 0 0 0 0 0 0 0 0 0 0 0 0 0 0 0 2 4.4 3 0 3.2 2.8000000000000003 0.2 1.4000000000000001 6.6000000000000005 0 0 0 5.2 0.2 3 0 0 0 0 0 2.4000000000000004 0 0 2 3.6 9.600000000000001 7 3.8000000000000003 2.8000000000000003 4 7 0 2 0 5 0 2 0 0 0 0 0 0.4 0 0 0 0 0 0 0 0 0 1.4000000000000001 0 0 0 0 0 0 0 0 3.4000000000000004 0 0 0 0 0 0 0 0 0 0 0 0 0 0 0 0 0 0 0 0 0 0 0.4 21 26.400000000000002 0 1.6 0.6000000000000001 0 0 1.6 0 0 0 0 0.2 0 0 0 0 0 0 0 0 0 6.2 0 0 0 0 2.2 0 1.6 0 0 0 0 0 0 0 0 0 0 0 0 
 30.6 7 33.2 15.8 9.8 6 58 58.6 36.2 13.200000000000001 31 4.4 0 52.800000000000004 25.8 12.4 21.400000000000002 10.600000000000001 83 38.6 0 0 0 0 1.2000000000000002 0.8 0 0 0.4 0 0.4 0.6000000000000001 0.6000000000000001 0.2 0 0 0 0 0.4 0 0.4 0 0 0.6000000000000001 0.8 0.8 0 0 0 0.6000000000000001 1.2000000000000002 0.4 0.6000000000000001 0 0.6000000000000001 0.4 0.8 0 0 1 0.6000000000000001 0 0.4 1.2000000000000002 0.6000000000000001 0.4 0 1.2000000000000002 0.2 0.4 0.6000000000000001 1.8 0.6000000000000001 0 0.2 1 0.2 0 0 0 0.4 3.8000000000000003 0 0 0 0 1.8 4.2 0.2 1.8 0 0 10.600000000000001 2.4000000000000004 6.2 0 0.2 0.2 0 7.6000000000000005 0 0 0 0.2 0 0 0 0 0 0 0 0 0 0 0 0 0 0 0 0 0 0 0 0 0.2 0 0 0 0 0.2 0 0 0 0 0 0 0 0 0 0 0 0 0 0.2 0 0 0 0 0 0 2 0 0.4 0 0 0 0 0.2 0 0 2 2.4000000000000004 0 0 0 0 1.2000000000000002 10.600000000000001 0 5 0 4 3.4000000000000004 3 5.2 2.2 0 0 7.2 6.6000000000000005 0 0 0 0 0.2 0 0 0 0 0 0 0 0 0 0 0 0 0 0 0 0 0 0 0.4 0 0 0 0 0 0 0 0 0 0 0 0 0 0 0 0 0 0 0 0 0 0 0 0 0 0 0 0 0 0 0.4 0 0 0 0 0 0 0 0 0 0 0.4 0 0 0.4 0 0 2 2 0 0 0 0 0 0 0.2 0 0 0 0 0 0 0 0 0 0 0 0 0 0 0.4 0 0.2 0 0 0 0 0 0 0 0 0 0 0 0 0 
 7.4 7.2 55.6 17.8 13.600000000000001 7.800000000000001 9.600000000000001 37.4 22 15.4 5 4.6000000000000005 52.800000000000004 0 37.2 7.6000000000000005 23 25.6 38.800000000000004 31.400000000000002 0.2 0 0 0.2 1 0 41 0 0 0 0.4 4.4 0.6000000000000001 0 0 0 8.200000000000001 1.2000000000000002 14.4 0 0 0 0 1.6 0 0 0 0 0 0 0 0.4 0.6000000000000001 0 0.4 0.2 0 0.4 0 0.6000000000000001 0.6000000000000001 0 0 0 0 0 0 0.6000000000000001 0.4 0 0 0.6000000000000001 0.4 0 0 0 0 0 0 0 3 1 0 0 4.800000000000001 0 11.200000000000001 8.6 3 3.2 0 4.6000000000000005 0.6000000000000001 3.6 1.4000000000000001 0.2 3.4000000000000004 0.2 0 6.6000000000000005 0 0 0 0 0 0 0.2 0.2 0 0 0 0 0 0 0 0 0 0 0.2 0 0 0 0 0 0 0 0 0 0 0 0 0 0 0 0 0 0 0 0 0 0 0 0 0 0 0 0 0.6000000000000001 0 0 0.2 0 0 0 0 0 0.4 0 0 0 3 0 3.6 0 5 0 0 3.8000000000000003 0.2 14.600000000000001 0 3.8000000000000003 4.6000000000000005 8 2 0.4 0.2 0 4.2 0 0 0 0 0 0 0 0.4 0.4 0 0 0 0 0 0 0 0 0 0 0 0 0 0 2.2 0 0 0 0 0 0 2.6 0 0 11.4 0.4 0 0 0 0 0 0 0 0 0 0.4 0 0 3.4000000000000004 0 0 0 0 0 0 0 0 0 0 0 0 0 0 0 0 0 0 0.4 0 0.4 0 0.4 2 1.8 1 0 12.200000000000001 0 0 0 0 0 0 0 0 0 0 0 0 0 0 0 0 0 0 0 0 0 0 0 0 0 0 0 0 0 0 0 0 0 0 0 
 37 30.400000000000002 51.2 14 31.200000000000003 5.800000000000001 23.400000000000002 59.800000000000004 18.400000000000002 36.800000000000004 39.800000000000004 65 25.8 37.2 0 16 6.2 7.2 10.600000000000001 37 0 0.6000000000000001 0 0.6000000000000001 0.6000000000000001 0 0 0 0.2 0.4 0.8 0.2 1 0 0 1 0.4 0 22.400000000000002 0.4 0.6000000000000001 0 0 1.6 0.6000000000000001 0 0.4 1 0 0.8 0.4 0.4 0.6000000000000001 0 1.4000000000000001 0.2 0.4 0 0 0.6000000000000001 0.6000000000000001 0.2 1.6 1 0.4 1.4000000000000001 0 1 0.4 0.4 0 1 2.4000000000000004 1 0 0 0.6000000000000001 0.2 0.2 0 2.2 1.8 2.8000000000000003 6.4 0 1.8 0 7 3 0.2 2 1.4000000000000001 8.6 0 2.2 0.2 7.4 2.6 0 8 0 0 0 0 0 0 0 0 0 0 0 0 0 2.8000000000000003 0 0 0 0 1.2000000000000002 1.2000000000000002 0 0 0 0 0 0 0 0 0 0 0 0 0 0 0 0 5 0 0 0 0.4 0 0 0.2 0 0.2 0 0 0 0 0 0 0 0 0 0 0 0 0 0 0 2 0.4 2.6 0 1.8 0 10 7.800000000000001 3.6 3 4.6000000000000005 1.4000000000000001 3.4000000000000004 2.8000000000000003 3 3.6 2 2.8000000000000003 0 0.2 0 0 0 0 0 0 0 0 0 0 0 0 0 0 0 0 0 2.8000000000000003 0 0 0 0 0 0 0 0 0 0 0 0 0 0 0 0 0 0 0 0 0 0 0 0 0 0 0 0 0 0 0 0 0 0 0 0 0 0 0 0 0 0 0 1.2000000000000002 0 0 0.8 0 0 0 0.4 0.4 1.4000000000000001 2 0 0 0 0 0 0 0 0.4 0 0 0 0 0 0 0 0.2 0 0 0 0 0 0 0 1.8 3.6 0 0 0 0 0 0 0 0 0 0 0 0 
 24.6 45.2 55.6 56.6 37.2 62.6 7.4 23.6 86.2 103.2 66 69.8 12.4 7.6000000000000005 16 0 20.200000000000003 68.8 10.200000000000001 30 0 0 0 0 0.6000000000000001 0 14.8 0.4 0 0 0 0 15.600000000000001 0 0 0 0 0.4 30.400000000000002 0 0 0 0 0 0 0 0 0 0 0 0 0.4 0.6000000000000001 0 0.4 0.2 0 0 0 0.6000000000000001 0.6000000000000001 0 0 0 0 0 1.2000000000000002 0.6000000000000001 0.4 0 0 0.6000000000000001 0.4 0 0 0 0 0 0 0.2 0.2 3.4000000000000004 5 6.4 8.4 0 0.2 0 1 2.6 7.2 0 2.8000000000000003 0.2 0 16.2 2.4000000000000004 12.4 0 0 0 0.2 0 0 0 0 5 0 0 0 0 0 0 6.4 0 0 0 0 4.6000000000000005 3 0 0 0 0 0.8 0 0 0 0 0 0 0 0 0 0 0 0 0 0 0 1 0 0 0 0 0.4 0 0 0 0.4 0 0 0 0 0 0 0 0 0 0 0.2 0 3.6 5.4 0 3 0 2.4000000000000004 8.4 0 0 2 0.2 3.4000000000000004 5 1.8 7.4 3.8000000000000003 0 0 2.2 0 0 0 0 0 1.6 0 0 0 0 0 0 2.4000000000000004 0 0 0 0 0.2 0 0.4 0 0 0 0 0 0 0 3.6 0 0 0 0 0 0 0 0 0 0 0 0 0 0 0 0.4 0 0 0 0 0 0 0.4 0 0.4 0 0 0.4 0 0 0 0 0 0 0 0 0.4 3.2 0 0.8 0.6000000000000001 0.2 3.4000000000000004 0 0 0 0 0 0 0 0 0 0 2.2 0 0 0 0 0 0 0 0 0 0 0 0 2.4000000000000004 0.2 2.8000000000000003 0 0 0 0 0 0 1.8 0 0 0 0 0 
 4.800000000000001 54.2 45.6 43.800000000000004 13 54.2 37.4 50 12.600000000000001 24 18.6 17.8 21.400000000000002 23 6.2 20.200000000000003 0 14.4 24.200000000000003 16.2 0.2 0 0 0 1 1 0 0 0.2 0 0 0.4 1 0 0 0 0.4 0 0.6000000000000001 0.6000000000000001 0 0 0.6000000000000001 12 0 0.4 0 0 0 0 0 0.6000000000000001 0.6000000000000001 11.200000000000001 0.8 0 0 0 0 1.4000000000000001 2.4000000000000004 0 8.4 0 0 0 0.4 1.8 0.2 8 0 2.2 0.4 0 0 0 0 0 0 0 5.800000000000001 7.6000000000000005 1.8 3.2 0 0 4.800000000000001 1.2000000000000002 3.6 3.8000000000000003 1.8 5.800000000000001 3.8000000000000003 6.2 1.4000000000000001 0.2 9.200000000000001 3 5.4 3.2 0 0 0 0 0 0 0 0 0 0 0 0 5.4 0 1.2000000000000002 0 0 0 0 2.6 0 0 0 0 3.8000000000000003 0 0 0 0 0 0 0 0 0 0 0 0 0 0 0 0 0 0 0 0 0 0 0 0 0 0 0 0 0 0 0 0 0 0 0 0.6000000000000001 4.2 2.6 0 2 0 0 0 0 3 2.6 3.2 0 1.8 0 3.6 2.8000000000000003 3.8000000000000003 0 0 0 0 0 0 0 0 0 0 0 0 0 0 0 0 0 0 0 0 3 0 0 0 0 0 0 0 0 0 0 0 0 0 0 0 0 0 0 0 0 0 0 0 0.6000000000000001 0 0 0 0 0 0 0 0 0 2.4000000000000004 0 0 0 0 0 0 0 0 6.6000000000000005 0 0 0 0 0 0.2 0 0.2 0 2.6 0 0 0 0 0 0 0 0 0 0 0 0 0 0 0 0 0 0 0 0 0 0 0 0 1.2000000000000002 0 0 0 0 0 0 0 0 0 0 0 0 0 
 47.800000000000004 13.600000000000001 7.2 55.6 25.8 28.400000000000002 70 26 27.6 9.4 26 13.8 10.600000000000001 25.6 7.2 68.8 14.4 0 6.4 18.8 6.800000000000001 0 0 0 0.6000000000000001 0 5 16.400000000000002 0 0 0 0 6 14.600000000000001 0 0 0 0.4 3.8000000000000003 15.200000000000001 0 0 0 0.2 0 0 0 0 0 0 0 0.4 0.6000000000000001 0 0.4 0 0 0 0 0.6000000000000001 0.6000000000000001 0.4 0 0.6000000000000001 0 0 0 0.6000000000000001 0.2 0.6000000000000001 0 0.6000000000000001 0.4 0 0 0 0 0 0 0 5.800000000000001 3 2.4000000000000004 0 4.2 2.8000000000000003 3 0 4 0.4 5.6000000000000005 0.2 2 7.2 4.2 3.8000000000000003 4.4 6.6000000000000005 1.8 0.2 0.2 3 0 0 0 0 0 0 2.6 0 0 0.2 0.2 1.8 1.2000000000000002 0 0 2.8000000000000003 6.4 3 0 0 0 0 4.2 0 0 0 0 0 0 0 0 2.6 0 0 0 0 0.2 0 0.2 0 0 0 0 0.2 0 0 0 3.2 0 0 0 0 2.6 0 0 0 0 0 4 0.6000000000000001 4 4.800000000000001 0 0 0 2.6 2.6 0 0.4 13.4 0 0 0.6000000000000001 14.4 3 0 0 0 3 0 0 2.6 0 0 2 0 0 0 0 0 0 4.800000000000001 0 3.6 0 0 3 4.2 0 0 0 0 0 0 0 0 0.4 0 0 0 0 0 0 0 0 0 0 0.4 2.8000000000000003 0 0 0 0 0 0.4 1.8 0 0 0 0 0 0 0 0 0 0 0 0.2 0 2.2 0 0 0 0 18.8 0 17.2 0.2 0 2.2 2 0.4 0 0 0 0 0 0 0 0 1.4000000000000001 0.4 0 0.2 0 0 0 0 0 0 0 0 0 2.8000000000000003 0 0 0 0 0 0 0 0 0 0 0 0 0 0 
 11.8 10.600000000000001 6.2 23.400000000000002 30 12 35.4 32.2 21.8 19.6 4.2 5.4 83 38.800000000000004 10.600000000000001 10.200000000000001 24.200000000000003 6.4 0 54.2 0.6000000000000001 0.2 15.600000000000001 0 0.6000000000000001 0 0 0 0 0 0 0 1 0.2 0 0 0 0 0 0 0 0.6000000000000001 0 3.8000000000000003 0 0 0 0 0.4 0 0 0.4 0.6000000000000001 0 0.4 0 0 0 0 0.6000000000000001 1.4000000000000001 0 0 0 0 0 0 0.6000000000000001 0.2 0 0 0.6000000000000001 0.4 0 0 0 0 0 0.4 0 2.6 0 0 0 0 0 3.6 0.2 0 1.6 0 0 0 2 0 0.4 0 0 8.200000000000001 0.4 0 0.2 0 0 0.4 0 0 0 0 0 0 0 0 0 0 0 0 0 0 0 0 0 0 0 0 0 0 0 0 0 0 0 0 0 0 0 0.4 0 0 0 0 0 0 0 0 0 0 0.2 0 0 0 0 0 0 0 0 0 0 0 0 3.8000000000000003 0 2 0 0 0 4.800000000000001 0 0 0 0 0.2 6.800000000000001 6.6000000000000005 2.8000000000000003 0.4 0 0 8 2.2 0 0 0 0 0 0 0 0 0 0 0 0.4 0 0 0 0 0 0 0.4 0 0 0 0 0 0 0 0 0 0 0 0.2 0 0 0 0 0 0 4.800000000000001 0 0 0 0 0 0 0 0 0 0 0 0 0 0 0 0 1.8 0 0 0.4 0 0 0 0 0 0 0 0.4 0.4 0.4 0.4 0.2 0 3.6 0 0 0 0 0 0 0 0 0 0 0 0 0 0 0 0 0 0 0 0 0 0 0 0 0 0 0 0 0 0 0 0 0 0 0 0 0 0 
 29.200000000000003 8.6 28.200000000000003 11.8 13.4 13.8 49.2 10.600000000000001 26.200000000000003 15.600000000000001 13.8 8.4 38.6 31.400000000000002 37 30 16.2 18.8 54.2 0 0.6000000000000001 0.4 0.2 0 0.6000000000000001 0.4 0 0.6000000000000001 0 0 0 0.6000000000000001 0.6000000000000001 0 0 0 0.4 0.6000000000000001 0 0 0 1 0 0 0.4 0 0 7.2 0 0.8 0 0.4 0.6000000000000001 0 0.8 0.2 0.2 0 0 0.8 0.6000000000000001 0 0 0.6000000000000001 0 0.8 0 0.6000000000000001 0.4 0 0.4 1 0.4 0 0 0.6000000000000001 0.4 0.4 0.8 0.4 6.800000000000001 4.4 2.4000000000000004 3.8000000000000003 0 0 2.4000000000000004 3.6 5.2 2.2 2.6 0 11.4 4 8.8 4 2.4000000000000004 0 4 7.2 0 0 0 0 0.4 0 0 0 0 0 0 0 0 0 0 0 0 0 0 0 0 0 0 0.2 2.4000000000000004 0 0 0 0 0 0 0 0 0 0 0 0 0 0 0 0 0 0 0 0 0 0 0 0 0.2 0 0 1.6 0 0 0 0 0 0 0 0.2 4.800000000000001 8.8 0.2 0 0 0.4 11.200000000000001 4 0.2 2 7 2 2.8000000000000003 2.8000000000000003 4.6000000000000005 2.4000000000000004 0 0 0.4 0 0 0 0 0 0 0 0 0 0 0 0.4 0 0 0 0 0 0 2.2 0 0 0 0 0 0 0 0 0 0 0 0 0 0 0 0.2 0 0 0 0 0.2 0 0 0 0 0.2 0 0 0 0 0 0 0 0 0 0 0 0 0 0 0 0 1.4000000000000001 0 0 0 0 0.4 0.6000000000000001 0.4 0 0.4 0 2 0 0 0 0.2 0 0 0 0 0 0 0 0 0 0 0 0 0 0 0 0 0 0 0 0 0 0 0 0 0 0 0 0 0 0 0 0 0 
 0.4 0 0 0 15.4 29.6 0 0.2 0 0 14.8 0.2 0 0.2 0 0 0.2 6.800000000000001 0.6000000000000001 0.6000000000000001 0 38.800000000000004 75.60000000000001 35.2 19.8 6.4 107 33.4 47.6 10 23.8 24.8 22.8 30.8 41.6 10.4 23 62 20 41.400000000000006 0.4 0.4 0 0.2 4.4 0.4 0 0.6000000000000001 0 0 0 0 0 0 0.6000000000000001 0 0.2 0 0 0.6000000000000001 0 0 0 0.6000000000000001 0 0 0 0.4 0.6000000000000001 0.4 0 0.6000000000000001 0 0 0 0.4 0 0 0.4 0.6000000000000001 0 0.2 0 0 0 2.2 0 0 0 0 2.8000000000000003 0.2 0 0 0 2 0.2 0.2 0 0 3.6 0.4 0 1.4000000000000001 1.6 0 5.6000000000000005 4 4 0.4 3.8000000000000003 0 2.8000000000000003 4.6000000000000005 2 1.8 2.2 5.4 1.8 3.2 0 0 0 0 0 0 0 3.4000000000000004 0 0 0 0 0 0 0 0 0 0 0 0 0 0 0 0.4 0 0.2 1 0 0 0 0 0 0 0.2 0 0 0 1.2000000000000002 0.2 0 0 0 0 0 0 0 2.4000000000000004 0 0 0 1.6 0 0 0 0 3.6 0 0 0 0 0 3.6 2.8000000000000003 2.8000000000000003 2.2 0 2 3.8000000000000003 0 0 5.800000000000001 0.2 3.6 6 1.2000000000000002 0 3.2 0.2 6 7.4 0 0 0 0 0 0 3.2 0 0 0 0 0 0 0 0 0 0 0 0 1.6 0 0 0 0 0 0 0 0 0.2 0 0 0 0 0 0 0 0 0 0 0 0 0 0 0 0 0 0 0 14.8 14.4 0 0 0 0 1.6 0 0 0 17.400000000000002 0 5.6000000000000005 0.4 0 0 0 0 0 0 0 0 0 0 0 0 0 0 0 0 0 0 0 3.6 0 0 0 0 0 0 0 0.2 
 0 0 0 0 0.4 0 0.6000000000000001 0.2 0 0 0 0 0 0 0.6000000000000001 0 0 0 0.2 0.4 38.800000000000004 0 35.800000000000004 30.400000000000002 38.400000000000006 67 21.200000000000003 36 60.400000000000006 31.8 35.2 9 9.4 100.4 34.6 42.2 37.6 20.200000000000003 51.6 21.400000000000002 0.4 0 0 0.2 0.6000000000000001 0.6000000000000001 0 0.6000000000000001 0 0 0 0 0 0 0.6000000000000001 0.8 3.2 0 0 0 0 0 0 0.6000000000000001 0 0 0 0.4 0.6000000000000001 2.4000000000000004 0.6000000000000001 0.6000000000000001 0 0 0 0.4 0 0 0.4 0 0 0 0 0 0 0 0 0 0 0 0 0 0 0 0 0 0 2 0 0 0 3.2 3.6 4 0 4.2 0 3.6 3 1.8 3.4000000000000004 3.4000000000000004 0 0 2.6 7.4 13.4 4.800000000000001 0 0 0 0 0 0 0 0 0 0 0 0 0 0 0.2 0 2.4000000000000004 0 0 0 1.8 2.4000000000000004 0 0 0 0 0 0.4 0 0 0 0 0 0 0 0.2 0 0 0 0 0 0 0 10.4 0 0 0 0 0 0 0 0 0 0 3.4000000000000004 1.2000000000000002 0 0 0 0 0 3.8000000000000003 0 5.2 6.800000000000001 1.6 0.2 4.2 0 0 0.8 4.6000000000000005 4.2 11.4 0 0 1.6 4 6.6000000000000005 4.800000000000001 0 0 0 0 0 0 0 0 0 0 0 0 0 0 0 0 0 0 0 0 1.8 2.6 0 0.2 0 0 0 0 0 0 2.2 0 0 0 0 0 0 0.2 0 0 0 0.2 0 0 2.6 0 0 0.2 0 0 0 0 0 0 0 0 6 0 0 15.8 0.2 0.2 0 2.8000000000000003 0 0 0 0 0 0 0 0 0 0 0 0 0 0 0 0 0 2 0 0 0 0 0 4 0 0 0 0 
 0 0.2 0 0.4 0.4 0 0 0 0 0 1 0 0 0 0 0 0 0 15.600000000000001 0.2 75.60000000000001 35.800000000000004 0 56.800000000000004 69.4 48.800000000000004 14.200000000000001 35.6 66.2 40.400000000000006 28 9.8 8 26.200000000000003 40.400000000000006 57 42.800000000000004 21.200000000000003 46.6 7.6000000000000005 0.4 0.4 0 0.2 0.6000000000000001 0.4 0.4 1 0 0.4 0.2 0 6.2 0 0.8 0 0 0.2 11.600000000000001 15.4 0 0.2 0.4 0 0 0 0 0.4 0.6000000000000001 1.4000000000000001 0 0.6000000000000001 0.4 0 0 3.8000000000000003 3.6 0 0.8 0 0 0 0 0 0 0 0 0 0 0 0 0 0 0 0 0 0 0 0 0 1.4000000000000001 6.4 4 3.2 5 3 0 1.2000000000000002 5 2 1.2000000000000002 2.2 0 0 2.2 4.800000000000001 2.4000000000000004 8.4 0 1.6 0 0 0 0 0 0 0 0 0 0 0 0 0 0 0 0 0 0 2.2 0 0 0 0 0 0 0 0 0 0 0 0 0 0 0.4 0 0 0 0 1.8 0 0 3 7.800000000000001 0 0 0 0 0 0 0 0 2.8000000000000003 0 0 0 0 0 0 0 0 7.2 12.8 1.6 3.8000000000000003 1.6 0 0 0 0.2 11.4 10.8 0.2 3.4000000000000004 3 2.6 9.4 4.6000000000000005 12.4 0 0.2 0 3.2 0 0 0 0 2.2 0 0 0 0 0 0 0 0 0 0 0 1.2000000000000002 9 0 0 0 0 0 0 0 0 0 0 0 0 0 0 0 0 0 0 0 0 0 0 0 0 0 0 0 0 0 0 0 0 0 0 2.4000000000000004 0 0.4 15.4 16 0 0 0 0.2 0 0 0 2.4000000000000004 0 0 0 0 0 0 0 0 0 0 0 0 0 0 0.2 0 0 2.4000000000000004 2.4000000000000004 0 0 0 0 
 0.4 0.2 0 0 0.4 0 0 0 4.2 0 0 0 0 0.2 0.6000000000000001 0 0 0 0 0 35.2 30.400000000000002 56.800000000000004 0 27.8 50.800000000000004 37 15.600000000000001 33.800000000000004 25.200000000000003 27.6 27.8 31 53.2 54.6 50.2 21.200000000000003 6.800000000000001 15 14.600000000000001 0.4 0 0.6000000000000001 0.6000000000000001 0.8 0.4 0 0.6000000000000001 0 0 0 0 0 0 1.6 0 5.4 0 0 0 0 0.6000000000000001 0 0.6000000000000001 6.4 0 1 0.4 0.6000000000000001 0.8 2.2 1.4000000000000001 0 0 0.6000000000000001 4 2 0 0.4 0 0 0 0 0 0 0 0 0 0 0 0 0 0 0 0 0 0 0 0 0.2 0.4 3 9 8.200000000000001 1.6 4.2 0 2.6 2.4000000000000004 1.8 0.6000000000000001 3.2 0 0 3.8000000000000003 8.8 2.8000000000000003 6.6000000000000005 0 0 0 0 0 0 0 0 0 0 0 0 0 0.2 0 0 0 0 0 0 2.2 0 0 0 0 0 0 0.4 0.2 0 0 0 0 0 0 0.4 0 0 0 0 0 0 0 0 0 0 0 0 0 0 0 0 0.4 0 0 0 2.6 0 0 0 0 0 10.4 10 0 1.6 0 0 0 0 0 7.800000000000001 6 7.2 5 3.6 0.2 3.8000000000000003 2.6 7 0 0 0 0 0 0 0 0 0 0 0 0 0 0 5.6000000000000005 0.2 0 0 0 0 0.2 5 0.2 0 0 0 0 0 0.8 0 0 0 0 0 0 0 0 0 0 0 0 0 0 0 3.6 0 0 0.2 0 0 0 0 0 0 0 0 1.4000000000000001 0 0 15.200000000000001 0.8 0.4 0.8 0.2 0 0 0 0 2.4000000000000004 0.2 0 0 0 0 0 0 0 0 0 0 0 0 0 0 0 0.4 0 3.2 0 0 0 0 
 0.6000000000000001 1 1 0.6000000000000001 1.4000000000000001 0.6000000000000001 0.8 0.6000000000000001 0.6000000000000001 0.6000000000000001 0.6000000000000001 0.6000000000000001 1.2000000000000002 1 0.6000000000000001 0.6000000000000001 1 0.6000000000000001 0.6000000000000001 0.6000000000000001 19.8 38.400000000000006 69.4 27.8 0 13.4 27.200000000000003 14 25 13.600000000000001 34 50.2 12.4 18.400000000000002 28.8 59.2 27.8 24.400000000000002 13.200000000000001 17.2 0.4 13.200000000000001 0 0.4 0.6000000000000001 0.4 6 14.8 0.2 0 0 0 18.2 0.2 1.2000000000000002 0 1 12.4 17.2 0 0 0 10 0 0 0 0 1.2000000000000002 0.6000000000000001 0.4 0 0.6000000000000001 1 0 0 0.4 0 0.6000000000000001 0.4 0 0 0 0 0 0 0 0 2.2 0 0 0 0 0 0 0.4 0 0 0 0 0 0 0.2 3 2 4.2 5.800000000000001 0 0 1.8 0 4 7.4 0 0 0 6 0.6000000000000001 0 0 0 1.8 0 6.800000000000001 0 0 0 2 2 2.2 1.8 7.6000000000000005 0 5.2 0 0 0.2 2.8000000000000003 0 5 4.800000000000001 0 0 0 2.6 0 0.2 0 0 0 0 0 4.2 0 0 1.8 0 0 0 0 0.8 0 1.4000000000000001 0.4 0 0 0 0 0 0 0 0 0 0 1.2000000000000002 0 0 0 0 0 0 0 2.4000000000000004 3 1.2000000000000002 3.2 4.2 0 0 1.8 0 3.6 2.2 0 0.2 0 3.8000000000000003 3.6 1 0 0 0.4 6.800000000000001 7.2 0 0 2.6 0.2 4.4 0 0 0 0.2 0.6000000000000001 9.200000000000001 3.4000000000000004 0 5 0 0.6000000000000001 2.4000000000000004 0 0 0 0 0 0 0 0 0 0 0 0 0 0 0 0 0 0 0 0 0 0 0.8 0 0 0 0 0 0 0 0 0 0 0.8 1.2000000000000002 0 0.4 0.2 0.4 0.6000000000000001 1.8 0 0 0 0 0 0 0 0 0 2.4000000000000004 0 0 0 0 0 0 0 0 0 0 0 0 0 0 0 0 0 0 0 
 0 0 0 0 0.2 0 0 0 0 0 0 0 0.8 0 0 0 1 0 0 0.4 6.4 67 48.800000000000004 50.800000000000004 13.4 0 7.6000000000000005 11.200000000000001 23.200000000000003 53.6 14.600000000000001 26.200000000000003 7.2 13.8 12 14 25 12 10.4 10.600000000000001 15.4 0 0 0.4 0.6000000000000001 0.4 35.2 5.6000000000000005 0 1.2000000000000002 0 0 0 24.6 13 0 0.2 0 0 0.2 0 0 0 0.6000000000000001 0 0 0 1 0.6000000000000001 0.4 0 0.6000000000000001 0 10.600000000000001 0 0.4 0 0 0.4 0 0 0 0 0 0 0 0 0 0 0 0 0 0.4 0 0 0 0 0 0 0 0 0 0 2.2 0 5.4 0 0 0 0 0 0.6000000000000001 0 0 0 0 0 0 0 0 9.8 7.6000000000000005 0.2 0.6000000000000001 0 0 0 2 0 0 0 0 9 4 8.200000000000001 2.2 0 0.6000000000000001 14.600000000000001 4.2 0 0 0 0 0.6000000000000001 0.4 0 0 0 0 0.4 1 0 0 0 0 0.2 0 0 0 0 0 0 0 0 1 0 0 0 0 0 0 0 0 0 0 0 0 0 0 0 0.2 0 2.8000000000000003 2.6 7.800000000000001 0 0 0 0.2 4 2 0 0 0 0 0 0.2 0 0 8.4 2.4000000000000004 4.2 0 0 0 6.4 7.6000000000000005 0 0 0 0 5.4 0.2 7.6000000000000005 0 0.4 1.8 7.4 3 0 0 0 0 0 0 0 0 0 0 0 0 0 0 0 0 0 0 0 0 0 0 0 0 0 0 0 0 0 0 0 0 0 0 0.2 0.8 0.2 22.6 0.2 0 0.2 1 0 0 0 0 0 0 0 0 0 0 0 0 0 0 0 0 0 0 0 0 0 0 0.2 0 7.800000000000001 0 0 0 
 0 0 0.2 0 0.2 74 0 0.2 19.200000000000003 0 25.400000000000002 42.2 0 41 0 14.8 0 5 0 0 107 21.200000000000003 14.200000000000001 37 27.200000000000003 7.6000000000000005 0 42.800000000000004 12.4 6 24.200000000000003 7.800000000000001 22.6 92.60000000000001 7.800000000000001 31.6 23.8 21.400000000000002 22.6 43.2 0.4 0 0 0.2 0.6000000000000001 0.6000000000000001 0 0.6000000000000001 0 0 0 6 0 0 0.6000000000000001 0 0 0 0 0 0 0 0.8 0.6000000000000001 0.8 0 0 0.4 0.8 8.4 0 0.6000000000000001 0.8 0 0 1 0 0 0.4 0 0 0 0 0 0 2.4000000000000004 0 0 0 0 2.4000000000000004 1.8 0 0 0 3.6 0 2 0 0 2.4000000000000004 2.6 1.6 2.2 0 0 5.6000000000000005 1.6 2.6 0.2 3.2 0 3.8000000000000003 2.6 3.2 2.8000000000000003 4.2 4.2 4.4 3.4000000000000004 0 0 0 0 0 0 0 0 0 0 0.2 0 0 0 0 0 0 0 0 0 0 0 0 0 0 0.2 1 0 0 0 0 0 0 0.4 0 0 0 0.8 0 0 0 0 0 0 0 0 0 1.2000000000000002 0 0 1.4000000000000001 0 0 0.4 0 0 0 0.2 0 0 3.6 2.2 0.8 2.6 0 0 9 5.2 4 1.4000000000000001 2.4000000000000004 0 3.2 2 6.2 0 0 2.4000000000000004 0 0.4 0 0 0 0 0 2.8000000000000003 0 0 3.6 0 0 0 0 0 0 7.6000000000000005 0 0 0 0 0 0 0 0 0 0 0 0 0 0 0 0 0 0 0 0 0 0 0 0 0 0 0 0 0 0 0.4 0 15 0.8 0 0 0 0 0.6000000000000001 0 0.4 0 0 0.2 1.4000000000000001 0 0.4 0 0 0 0 0 0 0 0 0 0 0 0.8 2.6 0 0 0 0 0 2.4000000000000004 0 0 0 0 0 0 0 0 
 0 0 0 0 0.8 0 0 0 0 0 9.200000000000001 20 0 0 0 0.4 0 16.400000000000002 0 0.6000000000000001 33.4 36 35.6 15.600000000000001 14 11.200000000000001 42.800000000000004 0 54.6 8 26.400000000000002 24 19 70.4 28.8 18 28 24.6 12.600000000000001 20.8 0.8 12.600000000000001 0 0.4 1.2000000000000002 0.4 41.2 0.6000000000000001 0 13 0 0 27.200000000000003 0 0.4 0 0 0 12.8 1 0 0 0 1 0 0 0 0.4 0.6000000000000001 0.8 0.2 0.6000000000000001 0 0 0 1.2000000000000002 0.6000000000000001 0 0.4 0.2 0 0 0 0 0 8 0 0 0 0 0 0.2 0 0 0 0 0 0 0 0 9 2 4.800000000000001 2.6 3.8000000000000003 2 2.4000000000000004 2 9.8 0 4.6000000000000005 4 4 1.8 2 4.800000000000001 3 6.4 7.800000000000001 0 0 0 0 0 2.2 0 0 0 0.4 0 0 0 0 0 2 0 0 0 0 0 0 0 0 1.6 0 0.4 0 0 0 5.4 0 0 0 0 0 0 0 0.4 0.4 0 0 1.6 0.6000000000000001 0.4 6 0 0 0 0 0 2.2 0 0 1.2000000000000002 0 0 0 0 0 0 3.4000000000000004 4 11.600000000000001 0.2 0 2.6 0 5.800000000000001 5 6 0 0.2 0 0 0.4 8.4 6 6.800000000000001 1.4000000000000001 4.6000000000000005 0 4 0 0 0 0 0 0 0 0 0 0 0 1.8 0 0.2 0 0.4 1.8 0 0 0 0 0 0 0 0 0 0 0 0 0 0 0 0 0 0 0.4 0 0 0 0 0 0 0 0 19 0 15 0 0 0 0 0 1 0.4 0 15 1.6 0.4 0 0 0 0 0.4 0 2.2 0 0 0 0 0 0 0 0 2.6 0 0.2 0 0 0 0 0 0 0 0 0 0 0 0 
 0 0 0 0.4 0.6000000000000001 15.8 0 0 9.200000000000001 0.4 1.4000000000000001 0 0.4 0 0.2 0 0.2 0 0 0 47.6 60.400000000000006 66.2 33.800000000000004 25 23.200000000000003 12.4 54.6 0 22.8 9.600000000000001 19.8 9.8 44.6 23.400000000000002 28.200000000000003 47.400000000000006 23 34.4 27.8 0.4 0.4 0 0.4 0.6000000000000001 1 12.600000000000001 0.6000000000000001 0 0.4 1.6 0 12.8 0 0.8 0.6000000000000001 0.2 0.6000000000000001 12.600000000000001 0.4 0 0 0 0 0 0.2 0 1.8 0.6000000000000001 1.4000000000000001 3 2.4000000000000004 0 0 0 3.6 1.8 0 0.4 0.2 0 0 0 0 0 0 0 0 0 0 0 0 0 0 0 0 0 0 0 0 0 0.2 4.6000000000000005 6.6000000000000005 1.4000000000000001 7.2 2.2 7.800000000000001 7.2 0.8 7 5.6000000000000005 6 2.2 3 8.200000000000001 3.6 7 2.8000000000000003 0 0 0 0 0 0 0 0 0 0 0 0 0 0 0 3 0 0 0 0 2.2 0 0 0 0 0 0.4 0 2.2 0 0 0 0 0 0 0 1.4000000000000001 0 0 0 0 0 0.4 0.6000000000000001 0 0 0 0 0 0.2 0 0 0 0 8 0 0 0 0 0 0 8.6 4 2.8000000000000003 0 0 3.8000000000000003 0 3.6 2.8000000000000003 5.2 5 2 1.2000000000000002 0.4 5.800000000000001 2.8000000000000003 4.4 7.4 0 0.2 0 2.2 0 0 0.4 0 3.8000000000000003 0.2 0 0 0 0 0 2.2 0 0 0 0 1.8 0 0 0 0 0 0 0 0 0 0 0 0 0 0 0 0 0 0.4 0 0 0 0 0 0 0 0 0 0 0 0.4 0 0 0 0 0 1.6 0.2 0 16.400000000000002 0.2 0.4 0.4 3.6 11.8 0 0 0.4 2.4000000000000004 0 0 0 0 0 0 0 0 0 0 0 0 3.8000000000000003 0 1 0 0 0 0 0 0 0 0 
 0 0 0 0.4 0.2 0.2 0 0 0 0.4 0.8 0 0 0 0.4 0 0 0 0 0 10 31.8 40.400000000000006 25.200000000000003 13.600000000000001 53.6 6 8 22.8 0 19.400000000000002 81.60000000000001 8.8 34.6 44 48.6 13.600000000000001 18.2 14.600000000000001 32 12.8 1.2000000000000002 0 0.2 0.6000000000000001 0.8 14.8 0.6000000000000001 0 0 0 0 0 0 0.6000000000000001 0 0 0 0 0 0 0 0 0.6000000000000001 0.8 0 0 0.4 0.6000000000000001 0.4 0 0.6000000000000001 0 0 0 0.6000000000000001 0.2 0 0.4 0 0 0 0 0 0 0 0 0 0 0 0 0 0 0 0 0 0 0 0 0 0.2 3 3.4000000000000004 14.8 1.6 0 0 4 1.8 13.600000000000001 4 0 0.2 0 2 0.4 0 9 0 0.2 0 1.8 0 0 0 0 0 0 0 0 0 0 0 0 0 0.2 0 0 0 0 0 0 0 0 0 0.4 0 0 0 0 0 0 0 0 0 0 0 0 0 0 0 0 0 0 0 5 0 0 0.2 0 0 0 0 2.4000000000000004 0 0 0.4 0 0 0 2.2 0 2.6 0 2 0.2 0 0 0.4 2.2 5.4 16.400000000000002 1.8 5 0 0 5.6000000000000005 2.8000000000000003 0 0.2 0 0 4.2 0 0 0 2.4000000000000004 4 0 0 0 0 3.8000000000000003 0.2 0 0 0 0 4 1.6 0 0 0 0 0 0 0 0 0 0 0 0 0 0 0 0 0.2 1.2000000000000002 0 0 0 0 0 0 0 0 0 0 0 0 0 0 0 0 3 0.4 0 0 15.600000000000001 0.4 0.8 2.8000000000000003 0 0 0 0 0.2 0 0 0 2 0 0 0 0 0 0 0 0 0 0 0 0 0 0 0 3.8000000000000003 0 0 0 
 0 0.2 0 0 0.2 28.400000000000002 1.8 0 0 0 0 0 0.4 0.4 0.8 0 0 0 0 0 23.8 35.2 28 27.6 34 14.600000000000001 24.200000000000003 26.400000000000002 9.600000000000001 19.400000000000002 0 107.60000000000001 51.2 14.8 49.400000000000006 31.8 52.800000000000004 27 48.6 42.6 13 0 0.6000000000000001 0.8 0.6000000000000001 0.6000000000000001 13 0.6000000000000001 0.2 1.4000000000000001 0.2 0 12.600000000000001 0 0.6000000000000001 0 0.6000000000000001 0 13.4 0 0.4 0 0 11.200000000000001 1.6 0 0 0.6000000000000001 0.4 0.6000000000000001 0 0.6000000000000001 0.2 0 0 0.4 0.6000000000000001 0.4 1 0 0 0 0 0 0 0 0 0 0 0 0 0 0 0 0 0 0 0 0 0 0 0.2 2.6 1.2000000000000002 1.8 1.4000000000000001 2.6 1.2000000000000002 2 1.6 6.6000000000000005 6.6000000000000005 0 0 1 9.600000000000001 4.2 0 0 0 0 5.800000000000001 0 0 0 0 0 0 0 0 0 0 7.6000000000000005 0 0.2 0 0 0.6000000000000001 1.8 0 0 0 0 0 0 0.2 0.6000000000000001 0 0 0 0 0 0 0.4 0 0 0 2.4000000000000004 0 0 0 0.6000000000000001 0.4 0 0 0.2 1.4000000000000001 0 0 0 0 0 0 0.8 0 0 0 0 0 0 1.8 9.200000000000001 3 1.6 0 2.8000000000000003 1.4000000000000001 0 2 0 8.6 5.800000000000001 4.4 0 0 1.2000000000000002 2.6 2 0 0.4 0 2.2 4.2 0 0 0 0 5.2 0 0 0 0 3.2 1.8 0 0 0 0 10.600000000000001 4 0 0 0 0 0 0 0 0 0 0 0 0 0 0 0 0 0 0 0 0 0 0 1.8 0 0 0 0 0 0 0 0 0 0 0 0.8 0 0.2 0 0.2 0.2 0 0.4 0 0 0 0 0 0 0 0 0 0 0 0 0 0 0 0 0 0 0 2.4000000000000004 0 0 0 3 4.4 0 0 0 
 0 0.4 0 2.8000000000000003 0.4 0 0 0 0 0 0 0 0.6000000000000001 4.4 0.2 0 0.4 0 0 0.6000000000000001 24.8 9 9.8 27.8 50.2 26.200000000000003 7.800000000000001 24 19.8 81.60000000000001 107.60000000000001 0 10 4.800000000000001 50.400000000000006 20.400000000000002 16.2 13.4 5 3.8000000000000003 0.4 0.2 0 0.2 0.6000000000000001 0.4 12.4 0.8 0 0 9.200000000000001 0 6.6000000000000005 12.200000000000001 5 0 0 0 6.2 12.200000000000001 0 0 0 0 1.4000000000000001 0 0 0.4 0.6000000000000001 0.4 0 0.6000000000000001 0 10 0 0.4 0 0 0.4 0 0 0 0 0 0 0 0 0 0 0 0 0 0.2 0 0 0 0 0 0 0 0.2 0 11 3.4000000000000004 5.2 0 0 0 3.6 2 1.4000000000000001 3 0 0 0.2 1.8 1.8 0 0 0.2 2.2 2.2 0 0 0 0 0 0 0 0 0 0 2.6 1.6 0 0 0 0 0 0 0 0 0 0 0.8 0.4 0 0 0 0 0.6000000000000001 0.6000000000000001 0 0 0 0 0 0 0 0 0 0.6000000000000001 1 0 0 0 0 0 0 0 0 0 0 0.2 0 0 0 0 0 0 0 4 0.2 6.6000000000000005 3.4000000000000004 2 0 0 0 0 12 6.6000000000000005 0 0 0 5.6000000000000005 0.2 1.6 0 0 1.4000000000000001 7.6000000000000005 0.4 0 0 0 5.800000000000001 0.2 0 0 0 0 0.6000000000000001 0 1.6 0 0 0 7.2 0.2 0 0 0 0.2 0 0 0 0 0 0 0 0 0 0 0 0 0 0 0 0 0 0 1.6 0 0 0 0 0 0 0 0 0 0 0 8.8 0.8 0.4 30 15.8 0.4 0.2 0 0 0 0 0 0.4 0 0.2 0 0 0 0 0 0 0 0 0 0 0 0 0 0 0 0 0 0 0 0 0 
