 0 71.2 63.6 9.8 9.4 5.2 23.6 32.6 68.2 24.8 10.600000000000001 8.6 45.2 15.8 30.8 89.60000000000001 7.6000000000000005 25.400000000000002 9 56.400000000000006 0.8 0 1.2000000000000002 0.4 0.6000000000000001 0.2 0 0 0.6000000000000001 0 0.4 0 0 0 0 0 1 0.2 0.4 0 0 0 13.4 0 0.4 0 0 0.4 0 0 0 0.4 0 0 0.4 0 0 1.8 0 0.4 0 0 0 9 0 0.4 1 1 0 0 0 1.4000000000000001 0 0.2 0.2 0.6000000000000001 0 0 0 0 8.8 9.200000000000001 5.6000000000000005 0 0 0 3 4.800000000000001 11.600000000000001 0 2.8000000000000003 0 3.2 6 1.2000000000000002 6.6000000000000005 3 4.6000000000000005 2.6 5.2 0 0 0 0 0 0 0 0 0 0 0 0 0 0.2 0 0 0 0 0 0 0 2.8000000000000003 0 0 0 0 2.6 0 0 0 0 0 0 0 0 0.2 0.4 0 0 0 0 0 0 0 0 0 1 0 0 0 0 0 0 0 0 0 0 0.4 0 0 5.2 10.600000000000001 2 0 0.2 0 6.2 4.6000000000000005 0 2 0 0 0 3 1 2.6 0.6000000000000001 8.4 8.8 3.6 0 0 0 0 0 0 0 0 0 0 0 0 0 0 0 0 0 0 0 0.2 0 0 0 0 0 0 0 0 0 0 0 0 0 0 0 0 0 2.6 0 0 0 0 0 0 0 0 0 0 0 0 0 0 0 0 0.4 0 0 0 0 0 0 0 0 0 0 0.8 0 0 0 0 0 1.2000000000000002 0 0 0 0 0 0 0 0 0 0 0 0 0 0 0 0 0 0 0 0 0 0 0 0 0.2 0 0 0 0 0 0 0 0 0 0 0 0 0 
 71.2 0 39.800000000000004 13.8 59 26.6 15.8 102.2 77.60000000000001 24.6 51.6 8.8 20.8 45.400000000000006 15 40.6 59.6 76 12.200000000000001 11.4 0 0 0.8 0 3.4000000000000004 0.2 0.4 0 1 0 0.4 0 14.8 0.2 0 0 0.8 0 0.4 0.4 0 0 0.4 0 0.6000000000000001 0 0 0 0 0 0 0.6000000000000001 0 0 0.6000000000000001 0 0 0.6000000000000001 0 0.4 0 0 0 0.4 0 3.6 0.6000000000000001 0 0 0 0 0.8 0 0 0.2 0.6000000000000001 0 0 0 0 11 2.6 10.4 6.4 0 0.2 9.4 1.8 4 4 3.4000000000000004 0 2.4000000000000004 2.2 7.800000000000001 1.6 2.6 2.8000000000000003 12.8 2 0 0 0 0 0 0 0 0 0 0 0 0 0 0 0 0 0 0 5.800000000000001 2.4000000000000004 0 0 0 0.4 0 0 0 0 0 0 0 0 0 0 0 0 0 0 0 0.2 0 0.4 0 0 0 0 0 0 0 0 0 0 0 0 0 0 0 0.2 0 0.2 0 2.8000000000000003 3.8000000000000003 0 2.8000000000000003 0 2.6 0 12.600000000000001 3 16 6 2.6 3.6 0.2 0 5.2 2.2 0 1.2000000000000002 2 0 0 0 0 0 8.200000000000001 0 0 0.2 0 0 0 0 0 0 0 2.2 1 4 0 0 0 0 0 0 0 0 0 0 0 0 2.6 0 0.2 0 0 0 0 0 0 0 0 0.4 0 0 0 0 0 0 0 0 0 0 0 0.2 0 2.6 0 0 0 4.2 0 0 0 0.4 35.2 0 0 7.4 2.6 2.6 3.6 0 0 0 0 0 0 0 0 0 0 0 0 0 0 0 0 0 0 0 0 0 0 2.2 0.2 0 0 0 0 0 0 0 0 0 0 0 0 0 
 63.6 39.800000000000004 0 17.2 12 52.800000000000004 28.400000000000002 33.800000000000004 41.6 29 72 53.800000000000004 39.2 19.400000000000002 26.6 94.4 29.400000000000002 13 12.8 50.400000000000006 0 0.2 15.4 0.2 0 0 0 0.4 0.6000000000000001 0.2 0 0 0 0 0 0 0.8 0 0.8 0.2 0 0 1.8 0 1.6 0 0 0 0 0 0 0 0 0 0.4 12.4 0 1.6 0 0.4 0 0 0 0.4 0 5.800000000000001 0.6000000000000001 0 0 0 0 0.6000000000000001 0.2 0 0 0.6000000000000001 0 0 0.6000000000000001 0 8.4 7.6000000000000005 0 3 0 4.2 6.800000000000001 3.8000000000000003 6.2 8 2.2 0 4 22.200000000000003 9.8 2.4000000000000004 8.4 9.4 4.6000000000000005 15 0 0 0 0 0 0.2 0 0 0 0 0 0 0 0 0 0 0 0 0 0 0 0 0 0 0 0 0 4.4 0 0 0 0 0 0 0 0 0 0 0 0 0 0 0 0.4 0 1.2000000000000002 0 0 0 0 0 0 0 0 0 0 0 0.4 0 0 3.4000000000000004 12 1.6 0.6000000000000001 6.2 0 4 6.800000000000001 11.600000000000001 3 6.6000000000000005 0 7.6000000000000005 2.6 1.2000000000000002 5 0.8 0 3.8000000000000003 1.4000000000000001 0 0 0.4 0 0 0 0 0 0.2 0 0 0 0 0 0 0 0 0 0 0 0 0 0 0 0 0 0 0 2.6 0 0 0 0 0 0 0 0 0 0 0 0 0.4 0 0 0.2 0 0 0.2 0 0.4 0 0 0 0 0 0 0 0 0 0 0 0 0 0 0 0 0 0 0 17.6 0 1.8 3.2 0 0 0 0 0 0 0 0 0 0 0 0 0 0.4 0 0 0 0 0 0 0.4 0 0 0 0 0 0 0 0 0 0 0 0 0 0 0 0 
 9.8 13.8 17.2 0 74.4 29.400000000000002 34.4 81 14.600000000000001 54.2 14.4 75.8 18 15 15.8 54.800000000000004 12 67.2 13 12.200000000000001 0 41.400000000000006 0.6000000000000001 0.4 0 0.2 0.4 0.2 18.6 0 0 0 44 0.4 14.600000000000001 0 0.8 0 24 0 0 0 0.6000000000000001 0 0.4 0 0 0 0 0 0 0 0 0 19.200000000000003 0 0 0.6000000000000001 0 0.4 0 0 0 0.4 0 0 0.6000000000000001 0 0 0 0 2.6 0 0 0 0.6000000000000001 0 0 0 9 2.4000000000000004 0 0 0 11.200000000000001 3.2 0 0 0 0.2 0.2 5.4 0 0 0 0 3.6 3.2 0 0 11.600000000000001 1.6 0 0.2 0 0 3.8000000000000003 0 0 0.2 0 0 6 2.4000000000000004 2 0 0.6000000000000001 0.2 1.8 2.8000000000000003 0 0 0 0 0 0 0 0 0 0 0 0 0 0 0 0 0 2.4000000000000004 0 0 0 0 0 0.2 0 0 0 0 0 0 0 0 0 0 0 0 0 0 0 0 0 0 1 2 0 2 0 0 0 2 0 0 0 0 0 0 3 6.4 0 0.2 2 0 0.2 0 0 0 0 3.8000000000000003 0.4 0 0 0 0 5.6000000000000005 5.800000000000001 0.2 0 0 0 3.8000000000000003 0 0 0 0 0 0 0 0.2 0 0 0 0 0 0 0 0 0 0 0 0 0 0.2 0 0 3 0 0 0.4 0 0.2 0 0 0 0 0 0 0 0 0 0 0 0 0 0 0 0 18 0.4 18.2 0.2 0.4 0.8 0 0 0 0 0 0 0 0 0 0 0.8 0 0 0 0.2 0 0 0 0 0 0 0 0 0 0 0 0 0 0 0.2 0 0 0 0 0 0 0 0 
 9.4 59 12 74.4 0 33.4 14.200000000000001 72.4 36.4 39.800000000000004 36 29.400000000000002 19.8 49.800000000000004 19.8 39.2 79 27.8 12.4 19 16.2 6.800000000000001 4.4 0.4 0 0 29 15.200000000000001 15.4 0.2 0.4 0 0 0 0.2 0.2 5.800000000000001 14.8 28.400000000000002 16 0 0 0.6000000000000001 0 0.4 0 0 0 0 0 0 0 0 1.4000000000000001 0.4 0 0 0.6000000000000001 0 0.4 0 0 0 0.4 0 0 0.6000000000000001 0 0 0 0 1.8 0.4 0 0 0.6000000000000001 0 0 0 0 1.8 0 2 0.2 0.4 3 0 3 0 0 6 2.2 0 0 7 0 6 4.4 0 0.4 5.4 8.4 0 0.8 0 0 0 0.8 5.6000000000000005 0.8 0 0 4 1.6 0 0.2 5 0.4 6 3.8000000000000003 0.4 0 0 0 0 0 0 0 0 0 0 0 0 0 0 0 0 0 0 0 0 0.6000000000000001 0.4 0 0 0.4 0 0 0 0 0 0.2 0 0 0 0 0 0.2 0.4 0 0 3.8000000000000003 3.4000000000000004 2.8000000000000003 4.800000000000001 0 0 0.2 0.2 0.4 5.800000000000001 2.8000000000000003 0 1 2.4000000000000004 2.6 8.200000000000001 2.2 0 0 0 3.8000000000000003 0 1.6 0 0 0 4.2 0.2 0 0 0 6 0 6.6000000000000005 3.4000000000000004 7 2.8000000000000003 2.2 0 0 0 0 0 0 0 0 0 0 0 0 0 0.2 0 0 0 0 0 0 0 0 0 0 0 0 0 0 0 0 0 0 0 0 0 0 0 0 8.6 0 0 0 0 0 0 0 0 9 0 0.2 0.6000000000000001 0.4 2 0 0 0 0 0 0 0 0 0 0 0 0 0 0 0 0 0 0 0 0 0 0 0 0 0 1.6 0 0 0 0 0 0 0 0 0 0 0 0 
 5.2 26.6 52.800000000000004 29.400000000000002 33.4 0 8 8 11 28.200000000000003 39 20.6 8.200000000000001 12 22.8 16.2 13 17 8.200000000000001 12 0 29.400000000000002 18.2 0 0 0.4 15 0.6000000000000001 18.8 0 0 0 38 0 17.400000000000002 0.2 15.8 0 17 15.8 0 0 0.4 0 0.6000000000000001 0 0 0 0 0 0 0 0 0.2 0.8 0 0 0.6000000000000001 0 0.4 0 0 0 0.4 0 0 6.800000000000001 0 0 0 0 1 0 0 0 0.6000000000000001 0 0 0 0 0.2 0 0.2 3.2 4.4 4.2 0 0 0 0.2 5.800000000000001 3.6 0.4 0 0 0 2.6 0.2 0 0 5.6000000000000005 5.6000000000000005 2 0 0 0 0 2 0 3.6 0 0 4.4 0.8 7.2 3.8000000000000003 2.8000000000000003 1.8 3.2 11 0 0 0 0 0 0 0 0 0 0 0 0 0 0 0 0 0 0 0 0 0 0 0 0 0 0 0 0 0 0 0 0 0 0 0 0 0 0.2 0 0.8 0.2 0 4 0 1.6 5 0 0 0.2 1.6 0 6.6000000000000005 0 0 0 3 2.8000000000000003 4.6000000000000005 0 4.4 7.6000000000000005 0 0 6.800000000000001 0 0 5.4 2.8000000000000003 0 0 0 0 4.800000000000001 2.4000000000000004 4.2 2.8000000000000003 0.2 0.6000000000000001 0 2.6 0 0 0 0 0 0 0 0 0 0 0 0 3.4000000000000004 0 0 0 0 0 0 0 0 0 0 0 0 0 0 0 0 0 0 0 0 0 0 0 0 0 0 0 0 0 0 0 0 0 0.8 0.2 0 0 0.2 1.4000000000000001 0 1.6 0 0 0 0 0 0 0 0 13 0 0 0 0 0 0 0 0 0 0 0 0 0 0 0 0 0 0 2 0 0.8 0 0 0 0 0 0 
 23.6 15.8 28.400000000000002 34.4 14.200000000000001 8 0 36 31.400000000000002 26 48 7.6000000000000005 38.800000000000004 16.6 37 23.200000000000003 92.60000000000001 20.8 28 22 0 0 0.6000000000000001 0 0 0 0.2 0 0.6000000000000001 0 0 0 0 0.6000000000000001 0 40.400000000000006 1 0 41.2 0 0 0 1.8 0 0.8 0 0 0 0 0 0 0 0 0 0.4 0 0 1.8 0 0.4 0 0 0 0.4 0 0 0.6000000000000001 0 0 0 0 3.2 0.2 0 0 0.6000000000000001 0 0 0 0 15 6 2.8000000000000003 0.2 0 0 5 7.4 2.6 1.2000000000000002 0 0 5.2 3.8000000000000003 2.6 8.200000000000001 9 4.4 6.6000000000000005 0.2 0 0 0 0 0 0 0 0 0 0 0.4 0 0 0 0 0 0 0 0 0.2 0 0 0 0 0 0 0 0 0 0 0 0 0 0 0 0 0 0 0 0 0 0 0 0 0 0 0 0 0 4 0 0 0 0 0 0.4 0 0 0 0 1.2000000000000002 3.8000000000000003 0 4.4 0 0.4 0.4 0 0.2 0 2.4000000000000004 0 7.4 4 5 2.6 7.800000000000001 5.2 2 0.8 0 0 0 0 0 0.4 0.4 0 3.6 0 0 0 0 0 0 0 0 0 3 0 0 0 0 0 3.4000000000000004 0 0.4 0 0 0 0 0 0 0 0 0 0 0 0.4 0 0 0 0 0 0 0 0 0 0 0 0 0 0 0 0 0 0.8 0 0.4 0 0 0 0 0 0 0.6000000000000001 0 0.2 0 0.2 0.4 0.4 0 0 0 0 0 0 0 0 0 0 0 0 0 0 0 0 0 0 0 0 0 0 0 0 2.2 0 0 0 0 0 0 0 0 0.2 0 0 0 0 
 32.6 102.2 33.800000000000004 81 72.4 8 36 0 22 81.60000000000001 71 8.8 15.600000000000001 24.6 79.2 85.60000000000001 67.60000000000001 133.20000000000002 16.400000000000002 12.8 0 0 0.6000000000000001 0 41.400000000000006 0.2 0 0 0.6000000000000001 0 41.400000000000006 0 1 0 0 0 0.6000000000000001 0 0.4 0 0 1.2000000000000002 1.8 0 0.4 0 0 0 0 0 0 0 0.4 0 3.8000000000000003 0 13.4 0.6000000000000001 0 0.6000000000000001 0.2 0 0 10.8 0 1.6 0.6000000000000001 0 0 0 1.2000000000000002 1.8 0 0 0.4 0.6000000000000001 0 0 0 0 6.4 7.800000000000001 0.2 0 0 0.2 2.8000000000000003 4.6000000000000005 5.2 17.400000000000002 9 0.4 0 2 12.8 4.6000000000000005 0.2 5.2 9 2.2 0.2 2.8000000000000003 0 0 0.2 0 0.4 0 0 0 0 0 0 0 0 0 0 0.2 4.6000000000000005 0.4 0 0 0 0 0 1.4000000000000001 0 0 0 0 0 0 0 0 0 0 0 0 0 0 0 1.2000000000000002 0 0 0 0 0 0 0 0 1.4000000000000001 0 0.2 0 0 0 0 0.6000000000000001 0 0 2 6.4 0 7.800000000000001 4.800000000000001 0 3.8000000000000003 0 8.8 2 16.8 3.2 2.6 13.4 2.4000000000000004 2.2 8.8 2.8000000000000003 0 1.4000000000000001 0 0 0 0 0 0 0 0 0 0 0 0 2.2 0 0 0 0 0 8.200000000000001 0 0 0 0 0 0 0 0 0 0.2 0 0 0 0 0 0 0 3 0 0 0 0 0 0.4 0 0 0 0 0 0 0 0 0 0 6.4 0 0 0 0 0 0.2 0 0 0 0 0 0.2 20 0.4 0.8 17.6 1.2000000000000002 1.4000000000000001 3 0 0 0 0 0 0 0 0 0 0 0 0 0 0 0 0 0 0 0 0 0 0 1.8 2 0 0 0 0 0 0 0 0 0 0 0 0 0 
 68.2 77.60000000000001 41.6 14.600000000000001 36.4 11 31.400000000000002 22 0 16.2 126.2 52 25.400000000000002 26.6 34.2 52.400000000000006 12 28.200000000000003 37.2 13.600000000000001 0 0 0.6000000000000001 0 0 0.4 1 0.2 1 0 0 0.2 14.600000000000001 0 0 0.2 0.8 12.200000000000001 4 0 0 0 0.8 0 0.6000000000000001 0 0 0 0 0 0 0 0 0 0.6000000000000001 0 0 1.4000000000000001 0 0.4 0 0 0 0.4 0 0 0.4 0 0 0 0 10.4 10.4 0 0 0.6000000000000001 0 0 0 0 10.8 6.2 0.2 2 2.8000000000000003 0 5.800000000000001 2.4000000000000004 2.8000000000000003 3.4000000000000004 4.6000000000000005 0 2.6 4.4 2 5.2 9.8 3 10.4 5.6000000000000005 2.2 2 3.6 0 0 0.4 0.2 0 0 0 0 0 0 0 3.2 0 0 0 1.4000000000000001 0.2 0 0 0.2 0 0 0 0.4 0 0 0 0 0 0.4 0 0.4 0 0 0.4 0.4 0 0 0.6000000000000001 0 0.2 0 0 0 0 0 0 0 0 0 0 0 0 0 0.4 0 0 0 4.6000000000000005 0 7 0 2 0 0 0 0 2 7.4 2.2 0 0 3 3.4000000000000004 2 2 0 0 0 0 0 0 0 0 0 0 5.800000000000001 0 0 2.8000000000000003 0 0.4 0.8 0 0 0 1 0 0 0.2 0 0.2 0 0 2 0 0 0 0 0 0 0 0 0 0 0 0 0 0 0 0 0.4 0 0 0 0 0 0 0.2 0 0 0 0 0.4 0 0 0 0 0 0 0 0 0.4 0.2 0 0 0 0.2 0 0 0 0 0 0 0 0 0 0 0 0 0 0 0 0 0 0 0.4 0 0 0 0 0 2.2 0 0 0 0 0 0 0 0 0 0 0 0 0 0 
 24.8 24.6 29 54.2 39.800000000000004 28.200000000000003 26 81.60000000000001 16.2 0 33.4 13 71.2 19.400000000000002 46.400000000000006 39 49.800000000000004 31.200000000000003 19.6 38.6 0.2 0 0.6000000000000001 0 0 0.2 0 0.4 1 0 0 0 0 0 0.2 0 0.6000000000000001 0 0.4 0 0 0 0.6000000000000001 0 0.4 0 0 0 0 0 0 0 0 0 13.200000000000001 0 0 0.6000000000000001 0 0.4 0 0 0 0.4 0 1.8 0.6000000000000001 0 0 0 0 3 0 0 0 0.6000000000000001 0 0 0 0 9.4 7.800000000000001 0.4 2.2 0 10.200000000000001 6.6000000000000005 4.800000000000001 11.200000000000001 6.4 4.800000000000001 0 0.2 5.4 7.2 4.6000000000000005 0 10 4 6 0 0 0 0 0 0 0 0 0 0 0 0 0 0 0 0 0 0 3.6 0.2 0 0 0 0 0 0 0 0 0 0 0 0 0 0 0 2.6 0 0 0 0 0 0 0 0 0 1.6 0 0 0 0 0 0 0 0 0 0 0 0.4 0 0 3.4000000000000004 1.2000000000000002 0 8 14.8 0.2 10.600000000000001 2.8000000000000003 5.4 2.4000000000000004 5.800000000000001 0 2.8000000000000003 7.6000000000000005 2.2 2.2 5.2 4.6000000000000005 0 5.4 0 2.8000000000000003 0 0 0 0 0 0.2 0 0 0 0 2.8000000000000003 0.2 0 1.4000000000000001 0 0 7.6000000000000005 0 0 0 0 0 0 0 0 0 0 0 0 0 0 0 0 0 0 0 0 0 0 0 0 0 0 0 0 0 0 0 0 0 1.4000000000000001 1.6 0 0 0 0 0 2.2 0 0 0 0 0 0 0.2 0 0.2 17.400000000000002 0 2.6 3.8000000000000003 0.2 0 0 0 0 0 0 0 0 1.8 0 0 0 0 0 0 0 0 0 0 0 0 0 2 0 0 0 0 0 0 0 0 0 0 0 0 0 
 10.600000000000001 51.6 72 14.4 36 39 48 71 126.2 33.4 0 74.60000000000001 12.600000000000001 29 59.2 49.400000000000006 44.800000000000004 124.2 27.200000000000003 14.600000000000001 0 0 9.200000000000001 0.2 0.4 0.2 15 0.6000000000000001 0.6000000000000001 0.6000000000000001 0.4 0 15.4 0 15 0.4 0.6000000000000001 0.4 13 14.8 0 0 0.6000000000000001 0 0.4 0 0.4 0 0 0 0 0.6000000000000001 0 0 0.6000000000000001 0.4 0 0.6000000000000001 0 0.4 0 0 0 0.4 0.2 1.8 0.6000000000000001 0.4 0 0.4 0 0.6000000000000001 0 0 1 0.6000000000000001 0 1 0 0 1.8 3.2 2.8000000000000003 6.800000000000001 4.800000000000001 0 0.2 0.2 0 2 9.8 6.6000000000000005 2.2 3.6 1.8 2.8000000000000003 0 6 0 1 6 2 3.4000000000000004 0 0.2 0 0.4 0 0 0 0.8 0 0 0 3.8000000000000003 0 0 2.2 4.800000000000001 5 0 0 0 0 0 0 0 0 0 0 1.8 0 0 0 0 0 0 0 0 0 0 1.4000000000000001 0 0 0.2 0 0 0 0 0 0.2 0 3 0 0 0 0 0.4 0 0 0.2 4.800000000000001 2.2 0 2.6 3.6 0 0 2.2 3.8000000000000003 2.2 11 0 0 0 2.8000000000000003 4 5 0 0 5.2 0 0 0 1.6 0 3.4000000000000004 2 0 0 0 0 5.6000000000000005 2.4000000000000004 0 0 4.2 1.8 0.4 0 0 0 0 0 0 0 0 0 0 0 0.2 0 3 0 0 0 0 0 0 0 0 0 0.4 0 0 0 0 0 0 0 0 0 0 0 0 0 0 0 0 0.4 0 0 0 0 0 0.8 0.8 0 0.4 0 2.8000000000000003 0.8 0 0 0 0 0 0 0 0 0 0 0 0 0 0 0 0 0 0 0 0 0 0 0 1.8 0 0 0 0 0 0 0 0 0 0 0 0 0 0 
 8.6 8.8 53.800000000000004 75.8 29.400000000000002 20.6 7.6000000000000005 8.8 52 13 74.60000000000001 0 49 5.800000000000001 23.6 48.2 26.400000000000002 21 7.4 6.2 0.2 14.8 0.6000000000000001 0 0 0.2 22.200000000000003 0.2 16 0 0 0 14.600000000000001 0 0.2 0 30.400000000000002 0 16.2 13 0 0 0.6000000000000001 0 0.4 0 0 0.4 0 0 0 0.4 0 0 13.8 0 0 0.6000000000000001 0 0.4 0 0 0 0.4 0 0 0.6000000000000001 0 0 0 0 0.6000000000000001 0 0 0 0.6000000000000001 0 0 0 0 0 0.4 0 3.8000000000000003 5.6000000000000005 5.2 0.4 0 0 5.6000000000000005 0.2 5.6000000000000005 0 0 0 0.2 0 0.2 0 0 6.6000000000000005 7.800000000000001 2 0 0 1.6 1.8 0 0.2 0 0 0 6.2 3.2 9.8 0 0 0 0 2.8000000000000003 0 0 0 0 0 0 0 0 0 0 0 0 1.6 0 0 0 0 0 0 0 0 0 0 0 0 0 0 0 0 0 3 0 0 0 1.8 0.2 0 0 0 0 0 0 1.4000000000000001 0 0 7.6000000000000005 0 0 0 0 0 0 0 0 2.8000000000000003 0 1.2000000000000002 0 0 0 3.2 0 0 4.2 0 0 0.2 11.4 0 0 0 0 13.600000000000001 8.200000000000001 8.4 2.6 1.6 1.4000000000000001 5.6000000000000005 5 0 0 0 0 0 0 0.2 0 0 0 0.2 0 0 0 0 0 0 0 0.2 0 4.2 0 0 0 0 0 0 0 0 0.4 0 0 0 0 0 0 0 0 0.2 0 0 0 0 0 0 0.4 0 0 20.8 17 0 1.6 0 0 0 0 0 0 0 0 0 0 2.2 0 0 0.4 0 0 0 0 0 0 0 0 0 2.8000000000000003 5.4 0 0 0 0 2 0 0 0 0.4 0 0 0 0 
 45.2 20.8 39.2 18 19.8 8.200000000000001 38.800000000000004 15.600000000000001 25.400000000000002 71.2 12.600000000000001 49 0 24.8 26.200000000000003 25.200000000000003 7.2 13.200000000000001 136.6 33.800000000000004 0 0 0.6000000000000001 0.8 0 0.4 0 0 0.6000000000000001 0.4 0 0 0 0.2 0 0 0.8 0 0.4 0 0 0 1 0 0.4 0 0 0 0 0 0 0.4 0 0 0.4 0 0 1.4000000000000001 0 0.4 0 0 0 0.4 0 0 0.6000000000000001 0 0 0 0 0.6000000000000001 0.2 0 0 0.6000000000000001 0 0 0 7.6000000000000005 2.4000000000000004 9 0.2 0 0 0 3 1.4000000000000001 9 0 0 0 0 3.2 1.8 6.4 7.4 2.8000000000000003 0.2 8.200000000000001 0 0 0 0 0 0 0 0 0 0 0 0.2 0 0 0 0 0 0 0 0 0 0 0 0 0 0 0.4 0 0 0 0 0 0 0 0 0 0 0 0 0.4 3 0 0 0 0.2 0 1.8 0.2 0 1 0 0 0 0.2 0 0 0 0.2 0 0.4 0 6.2 0.6000000000000001 3 0.2 1.2000000000000002 0.2 1.4000000000000001 0 9.200000000000001 0 0 2 0.6000000000000001 2 0.2 0.6000000000000001 5.2 9.8 0.2 0 0 0 0 0.4 0 0 0 0 0 0 0 0 0 0 0 0 0.2 0 0 0 0 0 0 0 0 0 0 0 0 0 0 0 0 0 0 0 0 0 0 0 0 0 0 0 0 0 0 0 0 0 0 0 0 0 0 0 2.4000000000000004 0 0 0 0 0 0 0 0.4 0 0 0.4 0 0 2.8000000000000003 0 0 0 0 0 0.2 0 0 0 0 0 0 0 0 0 0 0 0 0 0 0 0 0 0 0 0 0 0 0 0 0 0 0 0 0 0 0 0 
 15.8 45.400000000000006 19.400000000000002 15 49.800000000000004 12 16.6 24.6 26.6 19.400000000000002 29 5.800000000000001 24.8 0 81.60000000000001 28 41 26.8 23.400000000000002 41.2 0 0 0.6000000000000001 0 0.2 0.2 0 0.4 0.6000000000000001 0.2 1 0 0 3 0 0 0.6000000000000001 0 0.4 0 0 0 0.6000000000000001 0 0.4 0 0 0 0 0 0 0 0 0 0.4 0 0 0.6000000000000001 0 0.4 0 0 0 0.4 0 1.2000000000000002 0.6000000000000001 0 0 0 0 13.600000000000001 0 0 0 0.6000000000000001 0 0 0 0 2.6 6.2 9.4 4.4 0 3.2 6.4 12.4 9 7.2 3.2 1.8 2.4000000000000004 2.6 11.600000000000001 5.800000000000001 7.6000000000000005 0 6 8.200000000000001 0 3.2 0 0 0 0 0.2 0 0 0 0 0 0 0 0 0 0 0.2 0.4 0.2 0 0 0 0 0 0 0 0 0 0 0 0 0 0 2.4000000000000004 0 0 0 0 0 0 0 0 0 0.2 0.6000000000000001 0 0 0 0 0.2 0 0.2 0 0 0 0 0.8 0 0 1 4 3.8000000000000003 2.2 4.2 0 3 6.4 8.6 2.6 7.800000000000001 0 3.4000000000000004 6.800000000000001 1.8 7.6000000000000005 6.6000000000000005 9 0.2 2.4000000000000004 0 0 0 0 0 0 0 0 0 0 0 0 0.2 0 0 0 0 0 15.200000000000001 4 2 0 0 0 0 0 0 0 0 0 0 0 0 0 0 0 0 0 0 0 0 0 0.4 0 0 0 0 0 0 0 0 0 0 0 0 0 0 0 0 0.4 0 3 0 0 0 0 19.200000000000003 0.2 0.4 17 0.4 2 2.6 0 0 0 0 0 0 0 0 0 0 0 0 0 0 0 0 0 0 0 0 0 0 0 2.2 1.6 0 0 0 0 0 0 0 0 0 0 0 0 
 30.8 15 26.6 15.8 19.8 22.8 37 79.2 34.2 46.400000000000006 59.2 23.6 26.200000000000003 81.60000000000001 0 40.800000000000004 69.8 72.60000000000001 15.8 36 0 0 0.6000000000000001 0.6000000000000001 1.8 0.4 0.6000000000000001 0 0.6000000000000001 0.2 0.4 0 14.4 0 0 0.4 1 0 0.4 0 0 0 3.2 0 0.6000000000000001 0 0 0 0 0 0 1.2000000000000002 0 0 0.6000000000000001 0 0 1.6 0 0.4 0.4 0 0 0.4 0 0 0.6000000000000001 0 0 0 0 1.2000000000000002 0 0 0 0.6000000000000001 0 0 0.2 0 3.6 0 2 4.6000000000000005 0 6.800000000000001 1.4000000000000001 7.6000000000000005 0 4.2 6 3.2 3 6.2 0 6 5.6000000000000005 11.600000000000001 3.6 1.8 0 0 0 0 0 0 0 0 0 0 0 0 0 0 1.4000000000000001 1.8 0 0 0 0 0 0 0 0.2 0 0 0 0 0 0 0 0 0 0 0 0 0 0 0 0 0 0 0 0 0 0.8 0.4 0 0 0 0 0 0 0 0 0 0 0.4 0 0 4 4.2 0 5.800000000000001 0 0 0 2.8000000000000003 6.800000000000001 1.6 2.2 2.6 4.2 4 4.2 5.4 5.2 0.4 1.2000000000000002 0 0 0 0 0 0.4 0 0 0 0 0.4 0 0 0 0 0 0 0 0.2 5.6000000000000005 2.8000000000000003 0 0 0 0 0 0 0 0 0 0 0 0 0 0 0.4 0 0 0 0 0 0.2 0 0 0.2 0 0 0.2 0 0 0 0 0.2 0 0 0 0.4 0 0 0 0 0 0 0 0 0 0 0 0.4 0.4 0.4 3.6 1.2000000000000002 0.4 0 0 0 0 0 0 0 0 0 0 0 0 0 0 0 0 0 0 0 0 0.6000000000000001 0 0 4.4 0 0 0 0 0 0 0 0 0 0 0 0 0 
 89.60000000000001 40.6 94.4 54.800000000000004 39.2 16.2 23.200000000000003 85.60000000000001 52.400000000000006 39 49.400000000000006 48.2 25.200000000000003 28 40.800000000000004 0 66.60000000000001 28.6 29.6 13.8 0 0 0.6000000000000001 0 0 0.2 0 0 0.6000000000000001 0 0.4 0 0.4 0 0.4 0 1.2000000000000002 0 0.4 0 0 0 0.6000000000000001 0 0.4 0 0 0 0 0 0 0 0 0 0.4 0 0 1 0 0.4 0 0 0 0.4 0 1.6 0.6000000000000001 0 0 0 0 1.6 0 0 0 0.6000000000000001 0 0 0 0 10.200000000000001 10.8 0 0 0 0 3.2 1.6 2.8000000000000003 2.6 4.4 0 1.2000000000000002 6.2 5.4 3.4000000000000004 10.4 5.6000000000000005 0 7.6000000000000005 0 0 0 0 0 0 0 0 0 0 0 0 0 0 0 0 0 0 2.4000000000000004 0 0 0 0 0 0 0 0 0 0 0 0 0 0 0 0 0 0 0.4 0 0 0 0.8 0 0 0 0 0 0 0 0 0 0 0 0 0 0 0 0.4 0 0 0 5.800000000000001 0 8.6 3.2 0 3 0 2.2 0 4.2 2.2 4.6000000000000005 0.2 3.6 0.2 3.4000000000000004 1.4000000000000001 1.8 5 0 0 1.6 0 0 0 0 0 0 0 0 0 0 0 0.6000000000000001 0 0 0 0 1.6 0 0 0 0 0 0 0 0 0 0 0 0 0 0 0 0 0 0 0 0 0 0 0 0 0 0 0 0 0 0 0 0 0 0 0 0 0 1.6 0 0 0 0 0 0 0 0.2 0.4 0.4 0 3.4000000000000004 0 0 1.6 0 0.4 0 0 0 0 0 0 0 0 0 0 0 0 0 0 0 0 0 0 0 0 2.4000000000000004 0.2 0 0 0 0 0 0 0 0 0 0 0 0 0 
 7.6000000000000005 59.6 29.400000000000002 12 79 13 92.60000000000001 67.60000000000001 12 49.800000000000004 44.800000000000004 26.400000000000002 7.2 41 69.8 66.60000000000001 0 57.2 24.400000000000002 6 0 0 0.6000000000000001 0 0 0.4 0 0.2 0.6000000000000001 0 0.4 0 0 0 0 0 0.6000000000000001 0 1 0 0 0 0.6000000000000001 0 0.4 0 0 0 0 0 0.4 0 0 0 0.4 0 0 0.6000000000000001 0 0.4 0 0 0 0.4 0 0 0.6000000000000001 0 0 0 0 4.2 0 0 0 0.6000000000000001 0 0 0 0 2 0 6 12 0 2 4.6000000000000005 2.8000000000000003 2 3 3.6 5.4 0 0 4.800000000000001 3.4000000000000004 6.6000000000000005 7.800000000000001 0 0.4 0 0 2.8000000000000003 0 0 0 0 0 0 0 0 0 0 0 1.4000000000000001 0 0 0 0.2 2 0 0 1.6 0 0 0 0 0.2 0 0 0 0 0 0 0 0 0 0 0 0 0 0 0 0 0 1 0 0 0 0 0 0 0 0 0 0 0 0.2 0 0 3 0 6.2 6.800000000000001 2.4000000000000004 0 0.4 3.2 5.4 4.6000000000000005 2.4000000000000004 0.2 0 7.4 3.8000000000000003 2 8.6 10.4 0 0.6000000000000001 0 0 0 0 0 0.2 2.8000000000000003 0.2 0 0 0 0 0 0 0 0 0 0 10.4 7.6000000000000005 0 0 0 0 0 0 0.2 0 0 0 0 0.4 0 0 0 0 0 0 0 0 0 0 0 0 0 0 0 0 0 0 0 0 0 0 0 0 0 0 0 0 0 3.2 0 0 0 0.8 0 0.2 0.2 18.2 2 2.4000000000000004 0 0 0 0 0 0 0 0 0 0 0 0 0 0 0 0 0 0 0 0 0 0 0 0 5.6000000000000005 1.4000000000000001 0 0 0 0 0 0 0 0.4 0 0 0 0 
 25.400000000000002 76 13 67.2 27.8 17 20.8 133.20000000000002 28.200000000000003 31.200000000000003 124.2 21 13.200000000000001 26.8 72.60000000000001 28.6 57.2 0 45.400000000000006 31.6 0 0 1 0 0.4 0.4 0.4 0.2 15.600000000000001 0 0 0 0 0 0 0 0.6000000000000001 6.2 0.4 13 0 0 0.2 0 0.6000000000000001 0 0 0 0 0 0 0 0 4.2 14.200000000000001 0 0 0.6000000000000001 0 0.4 0 0 0.2 0.4 0 0 0.4 0.4 0 0 0 1.8 0 0 6.4 0.6000000000000001 0 0 0 0.2 4.6000000000000005 2.4000000000000004 4 2.8000000000000003 1.4000000000000001 3.4000000000000004 0 3.8000000000000003 0 0.2 9 4.2 0 0.2 3 3 9.200000000000001 5.4 3 0 1.6 1.6 0 0.2 0 0 0 0 0 0 0 0 1.8 1.8 0 0 0.2 0 2.8000000000000003 2 0 0 0 2.6 0 0 0 0 0 0 0 0 0 0 0 0 0 0 0 0 0 0.8 0 0 0 0.8 0 0 0 0 0 0 0 0 0 0 0 0.2 2.6 0 0.2 2.8000000000000003 6.6000000000000005 2 2 1.4000000000000001 0 0 5.2 0 1.8 4.4 0 2.8000000000000003 2 2.2 10 7 0 0 1.8 0.4 0 0 0 0 3.2 1.6 0.4 0 0 0 0 0 0 0 1.4000000000000001 1.4000000000000001 2.6 0 0 0 0 0 0 0 0 0 0 0 0 0 0 0 0 0 0 0 0 0 0 0.2 0 0 0 0 0 0.4 0 0.2 0 0 0 0 0 0 0 0 0 1.8 0 0 0 0 0 0.4 0 0 0.6000000000000001 17.8 2 1.8 0 0 0 0 0 0 0 0 0 0 2.2 0 0 0 0 0 0 0 0 0 0 0.2 0 0.2 1.4000000000000001 2 0 0 0 0 0 0 0 0 0 0 0 0 
 9 12.200000000000001 12.8 13 12.4 8.200000000000001 28 16.400000000000002 37.2 19.6 27.200000000000003 7.4 136.6 23.400000000000002 15.8 29.6 24.400000000000002 45.400000000000006 0 32.2 0 0 0.6000000000000001 0 0 0.8 0.2 0 1 0.8 0 0 0 0.4 0 0 0.8 0 0.4 0 0 0 0.2 0 0.6000000000000001 0 0 0 0 0 0 0 0 0 0.6000000000000001 0 0 0.6000000000000001 0 0.4 0 0 0 0.4 0 0 0.4 2.2 0 0 0 0.6000000000000001 0.4 0 0 8 0 0 0 0 3 4.4 2.2 1.8 0 0 14.8 1.8 3.4000000000000004 2.8000000000000003 0 0 8.4 3.8000000000000003 0 9.4 3.2 0.2 4.800000000000001 5.4 0 0 0 0 0 0 0 0 0 0 0 0 0 0 0 0 0.4 0 0 0 0 0 0 0 0 0 0 0 0 0 0 0 0 0 0 0 0 0 0 0 0 0 0.2 0 0 0 0 0 0 0 0 0 0.2 0 0 0 0 0 0 0 4.6000000000000005 0 0 3.8000000000000003 0 0 0 0 2.6 0 0 0 7 3.2 6.800000000000001 0 2 2.8000000000000003 7.800000000000001 2.2 0 0 0 0 0 0 0 0 0 0 0 0 0 0 0 0 0 0 0 5.6000000000000005 0 0 0 0 0 0 0 0 0 0 0 0 0 0 0 0 0 0 0 0 0 0 0 0 0 0 0 0 0 0 0 0 0 0 0 0 0 0 0 0 0 3 0 0 0 0 0 0 0.6000000000000001 0 0 0.4 0 0 0 0 0 0 0 0 0 0 0 0 0 0 0 0 0 0 0 0 0 0 0 0 0 0 0 0 0 0 0 0 0 0 0 0 0 0 
 56.400000000000006 11.4 50.400000000000006 12.200000000000001 19 12 22 12.8 13.600000000000001 38.6 14.600000000000001 6.2 33.800000000000004 41.2 36 13.8 6 31.6 32.2 0 0 0 0.6000000000000001 0 0 0.2 0 0.2 0.6000000000000001 0.2 0.4 0 0 0 0.2 0 1.4000000000000001 0 0.4 0 0 0 0.6000000000000001 0 0.4 0 0 0 0 0 0 0 0 0 0.4 0 0 0.6000000000000001 0 0.8 0 0 0 0.4 0.8 0 0.6000000000000001 0 0 0 0 0.6000000000000001 0 0 0 0.6000000000000001 0 0 0 0 7.800000000000001 2.6 8.200000000000001 1 0 0 5 4 3 0.2 0 0 4.800000000000001 3.6 0.2 0 9.600000000000001 2.8000000000000003 3.6 13.4 0 0 0 0 0 0 0 0 0 0 0 0 0 0 0 0 0 0 0 0 0 0 0 0 0 0 0 0 0 0 0 0.4 0 0 0 0 0 0 0 3.4000000000000004 0 0 0 0 0 0.4 0.2 0 0 0 0 0 0 0 0 0 0.4 0.2 0 0 5.6000000000000005 6.800000000000001 3 2 0.2 0 5 3 0 2 0.4 0 0.4 1.8 1.2000000000000002 0 4 0.2 6.800000000000001 8 0 0 0 0 0 0 0.2 0 0 0 0 0 0 0 0 0 0 0 0 0.4 0 3.8000000000000003 0 0 0 0 0 0.4 0 0 0 0 0 0 0 0 0 0.4 0 0 0 0 0 0 0 0 0 0 0 0 0 0 0 0 0 0 0 0 0 0 0 0 0 0 0 0.4 0 0 0 0.8 0 2.2 0 0 0.2 0 0 0 0 0 0 0 0 0 0 0 0 0 0 0 0 0 0 0 0 0 0 0 0 0 0 0 0 0 0 0 0 0 0 0 
 0.8 0 0 0 16.2 0 0 0 0 0.2 0 0.2 0 0 0 0 0 0 0 0 0 78.2 25 9.200000000000001 63.800000000000004 13.8 33.4 25 6.4 79 21.6 14.200000000000001 14 10.200000000000001 23.6 25.200000000000003 35.800000000000004 22.200000000000003 17.6 50.800000000000004 0 0 0.2 0 0 0.6000000000000001 0 0 0 0.4 0.4 0 7 0 0.4 0 0 0.2 0 0 1 2 0.6000000000000001 0 0 0 1.2000000000000002 0 0 0 0 0 0.2 0.4 2.6 2.2 0.6000000000000001 0.4 10.200000000000001 0 0 0 0 0 0 0 0 0 0 0 0 0 0 0 0 0 0 0 0 0 0 0.2 1.4000000000000001 9 5 4.2 6.2 2.2 4.6000000000000005 0 5.4 4 2 4.800000000000001 0 4.800000000000001 3.2 12.200000000000001 2.6 1.8 0 0 0 0 0 0 0 0 0 0 0.2 0 0 0 0 0 0 0 5.2 0.6000000000000001 0 0 0 0 0 0 0 0 0 0 0 0 0 0 0 0 0 0 0 1.2000000000000002 0 0 0 0 0 0 0 0 0 9.4 0 0 0 0 0 0 0 0 0 0 0.2 4 3.6 4.2 0 0 0 0 1.8 2.8000000000000003 0 0.4 5.4 6.4 0.4 3.4000000000000004 4.800000000000001 5.4 0 0.2 0 0 0 0 0 0 2.6 0 0 0 0 0 0 0 0 0 0.2 0 1 0 0 0 0 2.4000000000000004 0 0 0 0 0 0 0 0 0 0 0 0 0 0 0 0 0 0 0 0 0 0 0 0 0 0 0 0 0 0 3.2 0 0.6000000000000001 0 0 0.2 1.4000000000000001 3.2 0 0 0 0 0 0 0 0 0 0 0 0 0 0 0 0 0 2 0 0 0 0 0 1.6 0 0 0 0 
 0 0 0.2 41.400000000000006 6.800000000000001 29.400000000000002 0 0 0 0 0 14.8 0 0 0 0 0 0 0 0 78.2 0 24.8 23.6 10.4 49.6 29.400000000000002 35.4 47.400000000000006 55.6 6 8.6 13 12.8 73.8 40 77 51.400000000000006 41 32 0 0 0 0 0 0.6000000000000001 0 0 0 0.4 0.4 0 12.8 0 0.4 0 0 0 23.8 0 0 0 0.6000000000000001 0 0 0 0.4 0 1.6 0 0 0.2 0 0 0.6000000000000001 0.4 0 0.4 0 0 0 0 0 0 0 0 0 0 0 0 0 0 0 0 0 0 0 0 0 0 3 2 0.2 0.2 2 0 0.2 0.6000000000000001 8.6 3.6 5 4.6000000000000005 5 0.2 2.2 0 6 2 0.2 3.8000000000000003 0 0.2 0 0 0 0 2.2 0 0 0 0 0 0 4.800000000000001 0 0 0 0 0 0 0 0 0 0 0 0 0 0 0.2 0 0 0 0 0 0 0 0 0.4 0 0 0 0 0.4 0 0 2 0 0 0 0 0 0 0 0 0 0 0 0 0 0 0 8 4.4 6.4 3 0 0.4 4.2 7.6000000000000005 0 3.6 0 2.6 2 7 8.4 3.6 4.6000000000000005 0 0 0.2 0 0 0.6000000000000001 0 0 2 0 0 0 0 0 4.4 0 0 0 0 0 0 6.2 0 0 0 0 0 0 0 0 0 0 0 0 0 0 0 0 0 0 0 0 0 0 1.4000000000000001 0 0 0 0 0 0 0 0 0 0 0 2.2 0.2 0 8.200000000000001 0.4 0.8 0.4 0 0 0 0 0 2 0 0 0 0 0 0 0 0 0 0 0 0 0.2 0 5.800000000000001 0 0 0 1 0 0 0 0 
 1.2000000000000002 0.8 15.4 0.6000000000000001 4.4 18.2 0.6000000000000001 0.6000000000000001 0.6000000000000001 0.6000000000000001 9.200000000000001 0.6000000000000001 0.6000000000000001 0.6000000000000001 0.6000000000000001 0.6000000000000001 0.6000000000000001 1 0.6000000000000001 0.6000000000000001 25 24.8 0 28.200000000000003 24.200000000000003 8.6 27.6 44.400000000000006 29 24.200000000000003 7.800000000000001 9.600000000000001 12.4 29.6 27.400000000000002 61 71 60.2 21.400000000000002 9.8 0 0 0 0 0 0.6000000000000001 0 1 0 0.4 0.4 6.6000000000000005 12.600000000000001 1.2000000000000002 0.4 0 0 0 13 0 1 0 0.6000000000000001 0 0 0.4 0.8 0 0.8 0 0 0 0 0.4 1 1.4000000000000001 0.2 0.4 0.8 0.8 0 0 0.2 0 0 0 0 0 0 0 0 0 0 0 0 0 0 0 0.4 0 2.8000000000000003 0 0 0 4.6000000000000005 0 0 2.6 6.4 4 8.200000000000001 8 4 2.6 0 2.6 5.4 11 0 4 0 0.2 0 0 0 0 2 0.4 0 0 0 0.4 0 3.2 0 0 0 0 2.8000000000000003 0.2 0 0 0 0 0 0.4 0 2 0 0 0 0 0 0 0 0 0 0.4 0 2.8000000000000003 0 0 0.4 0 2.6 0 0 0 0 0 0 0 0 0 0 3.6 0.4 0 0 0 3.2 0 4 0.2 3.8000000000000003 0 1.8 4 10.4 2.4000000000000004 2 6.2 1 0 2.8000000000000003 6.6000000000000005 3.8000000000000003 8.200000000000001 0 2.2 0.2 0.2 0 0.2 0 0.2 4.2 0 0 0 0 0 4 0 0 0 0 0 0 1.8 0 0 0 0 0 0 0 0 0 0 0 0 0 0 0 0 0 0 0 0 0 0 0 0 0 0 0 0 0 0 0 0 0 0 3 0 0 11.4 0.2 0 0.4 0 0 0 0 0 2.6 0 0 0 0 0 0 0 0 0 0 0 0 0 0 3.8000000000000003 0 0 0 0 0 0 0 0 
 0.4 0 0.2 0.4 0.4 0 0 0 0 0 0.2 0 0.8 0 0.6000000000000001 0 0 0 0 0 9.200000000000001 23.6 28.200000000000003 0 27.6 23 15.600000000000001 19.6 18.2 80.2 37.4 56.800000000000004 12.200000000000001 19 26 92.80000000000001 35 25.6 10.4 10 0.6000000000000001 0 0 0 0 0.6000000000000001 0 4.800000000000001 0 0.4 0.4 0.6000000000000001 26.6 0 0.6000000000000001 0.8 0 0.4 16.8 12.600000000000001 0 0.4 1 0 0 1.4000000000000001 0.4 0 1.6 0 0 0 0 0 0.6000000000000001 0.2 0.6000000000000001 0.6000000000000001 0.6000000000000001 0 0 0 0 0 0 0 0 0 0 0 0 0 0 0 0 0 0 0 0 0 0 0 1.6 3.8000000000000003 0 12.600000000000001 0 0 2 5 0.4 19.400000000000002 0 0 0 0 2.4000000000000004 2 0 0 3.6 0.4 2.4000000000000004 0 0 0.2 2.2 7.800000000000001 0 0.2 0 4.800000000000001 4.2 9.8 2.4000000000000004 0 2 0 10.200000000000001 4.2 0 0 0 0 0 0 0 0 1.4000000000000001 0.4 0 0 0.2 0 0 0 0 0.4 0 0 0 0 0 0 0 0 0 0 0 0 0 0 0 0 0 0 0 0 0 0 0 0 3 0 9.8 0.2 0 0 7.2 0 15.600000000000001 0.2 0 0 0 4 0 2.2 0 0 0 0 5.2 0 0 0 0 0 0 2.2 0 0 4 2.8000000000000003 2 2.4000000000000004 3.8000000000000003 0 0 8.8 0 0 0 0 0 0 0 12.200000000000001 0 0 0 0 0 0 0 0 2.6 0 0 0 0 0 0 0 0 0 0 0 0 0 0 0 0 0 3.2 0 0 16 17 0.8 0.8 0 0 0 0 0 1.6 0 0 0 0 0 0 0 0 0 0 0 0 0 0 0 0 0 0 0 0 0 0 0 
 0.6000000000000001 3.4000000000000004 0 0 0 0 0 41.400000000000006 0 0 0.4 0 0 0.2 1.8 0 0 0.4 0 0 63.800000000000004 10.4 24.200000000000003 27.6 0 78 19 123.60000000000001 101.4 35 11.600000000000001 33.4 14.200000000000001 14.8 13.200000000000001 25.8 10.4 15.200000000000001 10 10.200000000000001 0 0 0 0.4 0 0.6000000000000001 0 11.200000000000001 0 0.4 0.4 0.2 25 1.2000000000000002 0.4 0 0.6000000000000001 0 0 13.4 0.8 0 0.6000000000000001 0 0 0 0.4 0 0.2 0 0 0 0 0 0.6000000000000001 0.2 0 0.2 1 0 0 0 0 0 0 0 0 0 0 0 0 0 0 0 0 0 0 0 0 0 0 0 0 2.4000000000000004 4 2.4000000000000004 0 1.6 2.6 0.2 0 2.4000000000000004 0 2.6 0 2 3.8000000000000003 0 0 0 2.2 2.4000000000000004 0 0 0 0 2 3.8000000000000003 0 0 0 0 0 0.2 2.2 0 5.800000000000001 0 5 2.2 0 0 0 0 0 2.4000000000000004 0 0 0 0 0 0 0 0 0 2 0 0.4 0 0.4 0 0 0 0 0 0 0 0 0 0 0 2.4000000000000004 0 0 0 0 0 0 0 0 0 0 0.2 5.6000000000000005 3 8 0 0 0 7.4 2.8000000000000003 5 0 0 0 8.4 1.8 2.4000000000000004 0 0 1.6 2 0 0 0 0 9.600000000000001 0.2 0 1.8 0 0 0 0 0 3 0 3.2 0.4 1.4000000000000001 0 0 0 0 0 0 0 0 0 0 0 0 0 0 0 0 0 0 0 0 0 0 0 0 0 0 0 0 0 0 0 0 0 0 2 0 0 15.200000000000001 8 0.4 0.4 2.6 0 0 0 0 0 0 0 0 0 0 0 0 0 0 0 0 0 0 0 0 0 0 0 0 2.2 0 0 0 
 0.2 0.2 0 0.2 0 0.4 0 0.2 0.4 0.2 0.2 0.2 0.4 0.2 0.4 0.2 0.4 0.4 0.8 0.2 13.8 49.6 8.6 23 78 0 6 11.4 25.6 10.4 36.6 12.8 11.4 16 53.6 68.2 22.200000000000003 24 52.6 11.200000000000001 13 0 12.8 0 0 0.6000000000000001 4.2 12.600000000000001 0 4 0.4 0 12.600000000000001 0 0.4 25 0 0 12.600000000000001 0.6000000000000001 0 0 0.6000000000000001 0 0 0 0.4 0 0 0 0 0 1 0 0.6000000000000001 0.6000000000000001 0 0.6000000000000001 0.4 0 0 0 0 0 0 0 2.6 0 0 0 0 0 0 0 0 0 0 0 0 0 0 0 0 2 3.4000000000000004 2.6 0 0 0 0 0 1.8 0 0 0 2.8000000000000003 3 0 0 0 4.4 0 1.2000000000000002 2.6 5.6000000000000005 0 4 12 4 0 2 2.4000000000000004 4.800000000000001 0 3.6 2.4000000000000004 3.4000000000000004 0 2.4000000000000004 7.800000000000001 0 0 0 0 0 0 0 0 0 0.4 0 0 0 0 0 0.2 0 0.2 0 0 0 0 0 0 0 0 0 0 0 0 0 0 0 0 0 0 0 0 0 0 0 0 0 0 0.2 13 0 0 0 2.4000000000000004 3.2 3.8000000000000003 0 0 0 0 1.8 0 0 0 5.4 0 0 2.4000000000000004 0.2 0 6.4 6 2.4000000000000004 5.6000000000000005 0 0 0 2.4000000000000004 0 4.6000000000000005 4.800000000000001 9 4.6000000000000005 6.2 0 0 0 0 0 0 0 0 0 0 0 0 0 0 0 0 0 0 0 0 0 0 1.6 0 0 0.4 0 0 0 0 0 0 0 0 0.2 1.4000000000000001 0 0.2 0.6000000000000001 0.2 2 0 0 0 0.2 0 0 0 0 0 0 0 0 4.6000000000000005 0 0 0 0 0 0 0 0 0 0 0 0 0 0 0 0 
 0 0.4 0 0.4 29 15 0.2 0 1 0 15 22.200000000000003 0 0 0.6000000000000001 0 0 0.4 0.2 0 33.4 29.400000000000002 27.6 15.600000000000001 19 6 0 13.4 9.600000000000001 6.4 4.4 6.800000000000001 38.2 33.2 15.8 8.6 15.8 17.400000000000002 9 34.800000000000004 0 0 0 0 0 0.6000000000000001 0 0 0 0.4 0.4 0 0 1.2000000000000002 0.4 0 40.6 0 0 0 0 0 0.6000000000000001 0 0 0 0.8 0 0 0 0.4 0 0 0.4 1 0.6000000000000001 0 0.6000000000000001 0.6000000000000001 0.4 0 0 0.2 0 4.4 2.4000000000000004 0 0 0 0 0 2.8000000000000003 0 0 0 0 0 0.2 0.4 0 3.4000000000000004 5.2 6.4 0 0 0 0.2 2.2 5 2.4000000000000004 0 0 0 3 4.4 0.2 2.4000000000000004 2.2 0 2.8000000000000003 0 0 0 0 0 0 0 0.4 0 0 0 0.4 0 0 0 0 0 1.4000000000000001 0 0 0 0 0 0 0 0.4 0 0 0 0 0.4 0 0 0.4 0 0 0 3.4000000000000004 0 0 0 0 1.2000000000000002 0 0 3.2 0 0 0 0 0 0 0 0 0.2 0 0.2 0 0 0 4.6000000000000005 2.4000000000000004 0 0 0 0 1.4000000000000001 6 0 0.2 0 0 8 3.4000000000000004 5.800000000000001 4 4.800000000000001 3 4 2.4000000000000004 0 0 0 0 0 0.2 0.4 0 0 0 0 0 0 0 0 0 0 0 0 0 0 0 0 0 0 0 0 0 0 0 0 0 0 0 0 0 0 0 0 0 0 0 0 0 0 0 0 0 0.2 0 0 0 0 0 1.6 0 0 0 0 0.4 0.8 0 0 0 0 0 0 0 0 0 0 0 0 0 0 0.2 0 0 0 0 0 0 0 0 0 0 0 0 0 0 
 0 0 0.4 0.2 15.200000000000001 0.6000000000000001 0 0 0.2 0.4 0.6000000000000001 0.2 0 0.4 0 0 0.2 0.2 0 0.2 25 35.4 44.400000000000006 19.6 123.60000000000001 11.4 13.4 0 35.2 69.8 21.400000000000002 24.6 22.6 55.400000000000006 13.8 66.8 5.6000000000000005 17.6 58.6 18.8 0 0.4 0.2 0.4 0.4 1 0 0 0 1.2000000000000002 0.4 0.6000000000000001 0.2 1.8 0.8 0.4 0.4 0 0 0 0.2 0 0.6000000000000001 0 0 0 0.4 1 0 5.4 0 0 0.4 0 0.6000000000000001 0.4 0 0.4 0 0 0 0 0 0 0 0 0 0 0 0 0 0 0 0 0 0 0 0 0 0 0 0 1.2000000000000002 0.2 0 1 2 4.800000000000001 6.2 11.600000000000001 2.4000000000000004 0 0 2.2 0 4.2 4.4 0 0 6.4 0 0 3.8000000000000003 0 0 1.4000000000000001 0 0 0 0 0 0 0 0 0 0 0 0 3.4000000000000004 0.6000000000000001 0 0 0 0 0 0 0 0 0.6000000000000001 0 0 0 0 0 0 1.6 0 0.4 3.2 0.6000000000000001 0 0 0 0 0 0 4.2 0 0 0 0 0 0 1 0 0 0 0 0 0 1.2000000000000002 0 2.4000000000000004 3 0 0 1.6 1 2.6 1.8 0 3 1.2000000000000002 0 0 5.6000000000000005 0 1.8 0 0.2 0 0 0 0.6000000000000001 0 0 2.8000000000000003 0 0 0 0 4 0 2.4000000000000004 0 0 0 0 0 4.800000000000001 0 0 0 0 0 0 0 3 0 0 0 0 0 0 0 0 0 0 0 0 0 0 0 0 0 0 0.4 0 0 0 0 0 0 0 1.2000000000000002 0.4 0.6000000000000001 0.4 0 0 0.6000000000000001 10.4 0 0 0 0 0 0 0 0 0 0 0 0 0 0 0 0 0 0 0 2.2 0 0 0 0 0 0 0 0 
 0.6000000000000001 1 0.6000000000000001 18.6 15.4 18.8 0.6000000000000001 0.6000000000000001 1 1 0.6000000000000001 16 0.6000000000000001 0.6000000000000001 0.6000000000000001 0.6000000000000001 0.6000000000000001 15.600000000000001 1 0.6000000000000001 6.4 47.400000000000006 29 18.2 101.4 25.6 9.600000000000001 35.2 0 16.2 36.6 9.4 50.2 28.200000000000003 79.2 15.600000000000001 21.8 17 76.80000000000001 31.8 2 0 0 0 0 1.2000000000000002 0 1.4000000000000001 0.4 0.4 0.8 0 12.8 0 0.4 41.400000000000006 0 0 12.4 0.6000000000000001 0 0 0.6000000000000001 0.6000000000000001 0 0.4 0.4 0 0.2 0.6000000000000001 0 0 0.8 0 11.600000000000001 0.4 0 0.4 0 0.2 0 0 0 0 2.6 3 0 0 0 0 0 2.8000000000000003 0 0 0 0 0 0 0 0 3.6 3.6 8.200000000000001 5.6000000000000005 1.6 0.2 0 7.800000000000001 0 3.2 0 0 3.4000000000000004 1 2 1.6 5.4 0 1.8 0.2 2 0.2 0 0 0 0 0 0 0 3.6 0.2 0 0 0 0 0 0 0 9.600000000000001 1.8 0 0 0 0 0 0 0 1.6 0 0 0 0 0 0 0 0 0 0.4 0 0 0 0 0.8 0 0 3 0.4 0 0 0 0 0 0 0 0 0 0 0 0 0 4.800000000000001 1.8 0.2 3 2.2 0 3.2 1.2000000000000002 0 3.8000000000000003 3.6 0 5.4 3.2 11 2.4000000000000004 0 0 0 2 0 2 0 1.4000000000000001 0 0 2.4000000000000004 0 0 0 3.4000000000000004 0 0.2 1.8 0 0 0.4 0 0 16.400000000000002 0 0 0 0 0 0 0 2 0 0 0 0.4 0 0 0 0 0 0 0 0 0 0 1.2000000000000002 0 0 0 0 0 0 0 0 0 0 0 1 0 0 0 15.200000000000001 0 0 0.4 0 0 0 0 0 0 0 0 0 0 0 0 0 0 0 0 0 0 0 2.8000000000000003 0 0 0.2 0 0 0 0 0 
 0 0 0.2 0 0.2 0 0 0 0 0 0.6000000000000001 0 0.4 0.2 0.2 0 0 0 0.8 0.2 79 55.6 24.200000000000003 80.2 35 10.4 6.4 69.8 16.2 0 77.4 12.600000000000001 6.4 44.2 19 35 50.400000000000006 72 17 46.400000000000006 0 0 0 0 0.2 0.6000000000000001 0 0.2 0 0.4 0.4 0 12 8.8 0.4 0 0 0 0 12.4 0 0 0.6000000000000001 0 0 0 1.8 0 0.6000000000000001 0 0 0 0.2 0 0.6000000000000001 0.2 1.6 0.2 0 0 0 0 0 0 0 0 0 0 0 0 0 0 0 0 0 0 0 0 0 0 0 0 0 0.4 13.4 1.8 3.8000000000000003 5.4 4.2 4.4 3 0.2 0 3.2 0.4 2.8000000000000003 3.4000000000000004 0.2 0 0 1.8 0 0 0 0 0 2 1.4000000000000001 0 0 0 0 0 4.2 1.6 0 0 0 0 3.6 0 0 0 0 0 2.6 0 0 0 3.6 0 0 0 0 0 0 0 0.4 0 0 0 0 0 0 0 0 0 0 0 0 0 0 0 0 0 0 0 0 0 0 0 2 10.200000000000001 2.4000000000000004 4.6000000000000005 0.2 2 0 0.4 5.4 1.8 8.8 0 0 0 2.6 1.8 0.6000000000000001 0 0 0 2.4000000000000004 0 0 0 0.4 0 0 0 0 0 0 0 7.4 0 0 0 0 2 1.2000000000000002 0 0 0 0 0 0 0 0 0 0 0 0 0 0 0 0 0 0 0 0 0 0 0 0 0 0 0 0 0 0 0 0 0 0 1 0 0.4 15.600000000000001 0 0.8 0.8 0 0 0 0 0 0 0 0 0 0 0 0 0 0 0 0 0 0 0 0 0 0 0 0 0 0 0 0 0 
 0.4 0.4 0 0 0.4 0 0 41.400000000000006 0 0 0.4 0 0 1 0.4 0.4 0.4 0 0 0.4 21.6 6 7.800000000000001 37.4 11.600000000000001 36.6 4.4 21.400000000000002 36.6 77.4 0 15.8 7 14.600000000000001 14 34.2 28.6 19.400000000000002 6 11.8 1.4000000000000001 0 0 0 0 13.600000000000001 0.2 1.4000000000000001 0 0.6000000000000001 1 0 12.600000000000001 0 0.4 0 0 0.8 0 0.8 0.8 0 0.6000000000000001 0 0 0 1.2000000000000002 0 0 0 0.4 0 0 0 0.6000000000000001 0.4 1.6 0.4 0 0 0 0 0 0 0 0 0.4 0 0 0 0 0 0 0 0 0 0 0 0 0 0 0.2 1.8 5.2 5.4 5 5.2 4.4 3.6 5.800000000000001 2.4000000000000004 0 0 4.6000000000000005 0 5 3.2 0 2.4000000000000004 1.6 5.2 0 0.2 0 0 0 0 5.800000000000001 0 0 0 0 0 2.6 3.6 0 0 0 9.4 3 0 0.4 0 0 0 0 0 0 0 0.2 0 0 0 3.4000000000000004 0 0 0 0.4 0 0 0 0 0 0 0.4 0 0 0 0 0.6000000000000001 0 0 0 0 2.4000000000000004 0 0 0 0 0 0 1.4000000000000001 0 2.4000000000000004 10.200000000000001 2 0 0 3.6 0 5 0.4 0 5.800000000000001 0 0 1.6 0 0 0 0 2.6 0 0 0 0 0 0 0 0 0 0 0 12.600000000000001 0.2 0 4.4 0 1.2000000000000002 12.200000000000001 0 2.4000000000000004 0 0 0 0.4 0 0.2 0 0.2 0 0 0 0 0 0 0 0 0 0 0 0 2.6 0 0 0 0 0 0 0 0 0 0 0 1.4000000000000001 0 0.4 0.4 7.6000000000000005 0 2 0 0 0 0 0 0 0 0 0 0 0 0 0 0 0 0 0 0 0 0 0 0 0 0 0 0 0 0 0 
 0 0 0 0 0 0 0 0 0.2 0 0 0 0 0 0 0 0 0 0 0 14.200000000000001 8.6 9.600000000000001 56.800000000000004 33.4 12.8 6.800000000000001 24.6 9.4 12.600000000000001 15.8 0 9.200000000000001 20.6 5.6000000000000005 8.200000000000001 18 74.4 49 15.8 0 0 12.600000000000001 0 0 0.6000000000000001 1 4.2 0 0.4 0.4 0 14 0 0.4 1.4000000000000001 0 0 0 0 0 0 0.6000000000000001 0 0 0 0.4 0 0 0 0 0 0 0.4 0.6000000000000001 0.2 0 0.2 0.4 0 0 0 0 0 0 0 0 0 0 0 0 0 0 0 0 0 0 0 0 0 0 0 1.6 0 0 7.4 0 1.4000000000000001 2.4000000000000004 3.8000000000000003 0 5.6000000000000005 0 0 0 0.6000000000000001 2.6 0 0 0 11.200000000000001 2.6 0 0 0 0 4 8.8 0 0 0 0 5.4 6.4 9 0 5 0 3.4000000000000004 1.6 0 0 0 0 0 0 0 0 0 0 0 0 3.6 0 0 0 0 0.4 0 0 0 0 0 0 0 0 0 0 0 0 0 0 0 0 0 0 0 0.2 0.4 0 0 0 1.2000000000000002 0.2 8.4 3.8000000000000003 0 0 0 0 12 0 0 0 0 0 1.8 0 0 0 2 0 2.6 0 0 0 2.2 0 3 1.8 0 0 0.8 4.800000000000001 0.6000000000000001 2.4000000000000004 3.6 2.6 2 3.6 0 0 0 0 0 0 0 2 0 0 0 0.2 0 0 0 0 0 0 0.4 0 0 0 0 0 0 0 0 0 0 0 0 0 0 0.4 0 0 1.2000000000000002 1.2000000000000002 1.2000000000000002 0 0 0 0 0 0 0 0 0 0 0 0 0 0 0 0 0 0 0.2 0 0 0 0 0 0 0.4 0 0 0 0 0 
 0 14.8 0 44 0 38 0 1 14.600000000000001 0 15.4 14.600000000000001 0 0 14.4 0.4 0 0 0 0 14 13 12.4 12.200000000000001 14.200000000000001 11.4 38.2 22.6 50.2 6.4 7 9.200000000000001 0 14.600000000000001 25.200000000000003 6.6000000000000005 52 7.800000000000001 49.6 46.800000000000004 1.2000000000000002 0 0 0 1.2000000000000002 0.6000000000000001 40.2 0 0 0.4 0.4 0 0 10.4 0.6000000000000001 40.2 0 0 0 0 0 0 0.6000000000000001 0 0 0 0.4 0.2 0 0 0 0.2 0 0 0.6000000000000001 0.4 0 0.4 0 0 0 0 0 2.6 8.200000000000001 5.2 0 0 0 0 2.2 6.6000000000000005 0 0 0 0 0 0 0.2 0 8.4 4.4 3.6 0 0 0 6.2 0.2 0 3 0 0 3 3.8000000000000003 4 5.4 0.2 2.2 1.6 4 0 0 0 0 0 0 0 0.2 0 0 0 0 0 0 0 0 0 0 0 0 0 0 0 0 0 0.2 0 0 0 0 0 0 0 0 0 0 0 0.4 0 0 0 0 1.4000000000000001 0 0 2.6 0 0 0 0 0 1.4000000000000001 0 0 0 3.4000000000000004 0.2 0 0 0 2 0 0 0 0 0 2.4000000000000004 0.8 0 0 0 0 0.2 4 4.6000000000000005 0 0 0 0 0.2 0 0.2 0 0 0 0.4 0.2 0 0 0 0 0 0 0 0 0 0 0 0 0 0 0 0 0 0 0 0 0 0 0 0 0 0 0 0 0 0 0 0 0 0 0 0 0 0 0 7.6000000000000005 0 3.6 0 0 0 0 0 1.4000000000000001 0 0.4 0 0 0 0.2 0.2 0 0 0 0 0 0 0 0 0 0 0 0 0 1.8 0 0 0 0 0 0 0 0 0 0 0 0 0 0.6000000000000001 
