 0 35 32 73.2 5.800000000000001 6.6000000000000005 46.400000000000006 22.200000000000003 26.400000000000002 28.200000000000003 23.400000000000002 63.800000000000004 88.2 9.200000000000001 55.2 11.200000000000001 25.200000000000003 87.2 30.6 21.8 0 0.4 0 0 0 0.6000000000000001 0 0 0 0 0 0 0 0 0 0.4 0 0.2 0.6000000000000001 0 0 0 0.6000000000000001 0 0 0 0 0.4 0 0 0.6000000000000001 0 0 0 0 11 0 0 0.4 0 0 0 0.6000000000000001 0 0.4 0 0 0 0.6000000000000001 0.8 0 0 0 0 0 0 0 0 0.4 0.6000000000000001 0 2 2.8000000000000003 5.2 1.8 0 4.4 0 4.6000000000000005 0 0 0.2 5.6000000000000005 6.6000000000000005 1.8 0.6000000000000001 0.2 4 2.6 2.4000000000000004 0 4.6000000000000005 1.4000000000000001 0 0 0 0 0 0 0 0 0 0 0 0 0 0.2 0 0.2 0 0 0 0 1.4000000000000001 0 0 0 0 0 0 0 0 0 0 0 0 0 0 0 0 0 0 3.2 0 0 0 0 0 0 0 0 0.4 0 0.2 0 0 0 0 0 0 9.600000000000001 2.6 0 7.2 0 0 9.200000000000001 1.2000000000000002 4.4 4.800000000000001 5 3.8000000000000003 5.800000000000001 1.4000000000000001 4 0.4 3 1.6 4.2 4.800000000000001 0.2 0 0 0 0 0 0 0 0 0 0 0 0 0 0 0 0 0 0 0 0 0 0 0 0 0 0 0 0 0 0 0 0 0 0 0 0 0 0 0 0 0 0 0 0 0 0 0 0 0 0 0 0 0 0 2 0 0 0 0 0 0 0 0 0 0.4 0.2 0 5.6000000000000005 1.4000000000000001 0.4 1 0 0 0 0 0 0 0 0 0 0 0 0 0 0 0 0 0 0 0 0 0 0 0 2.6 0 0 0 0 0 0 0 0 0 0 0 0 0 0 
 35 0 48.800000000000004 25.8 9.8 23.8 18.400000000000002 90.2 32.2 53 6.4 5.2 61 12 33.2 79.2 45.400000000000006 27 52.2 14.600000000000001 0.4 0.4 0 0.4 0 0.6000000000000001 0 0 0 0 0 0 0 0 0 0.4 0 41.2 0.6000000000000001 0 0 0 0.6000000000000001 0 0 0 0 0.2 0 0 0.6000000000000001 0 0 0 0 0 0 0 0.2 0 0 0 0.6000000000000001 0 0.4 0 0 0 0.6000000000000001 0 0 0 0 0 0 0 0 0 0.6000000000000001 0 9.4 0 3.8000000000000003 2.2 0 0.8 4.6000000000000005 6.800000000000001 3 1.4000000000000001 4 2.6 1.4000000000000001 5.6000000000000005 0 0 1.2000000000000002 1.4000000000000001 3.2 4 0 0 0 0 0.4 0 0 0 0 0 0 0 0 11.4 0 0 0 0 4.2 0.2 0 0 0 0 0 0 0 0 0.4 0.2 0 0 0 0 0.2 0 0 0 0 0 0 0 0 0 0 0 0 0.2 0.2 0 0 0 0 0 0 0.4 0 0 0 0 0 0.4 1.2000000000000002 1.4000000000000001 7.2 0 3.8000000000000003 7 4.6000000000000005 0 1.2000000000000002 3.4000000000000004 5.6000000000000005 3.8000000000000003 5.2 3.6 0.2 5 0 4.4 0 0 0 0 0 0 0 0 3.2 0 0 0 0 0 0 0 0 0 0 0 0 0 0 0 0 0 0 0 0 0.4 0 0 0 0.4 0 0 0 0 0 0.4 0 0 0 0 0 0 0 0 0 0 0 0 0 0 0 0 0 3.6 0 0 0 0 2.8000000000000003 0 0 0.4 0 0.4 18 0.4 3 0.8 0 0.4 0 0 0 0 0 0 0 0 2.2 0 0 0 0 0 0 0 0 0 1 0 0 0 0 0 0 0 0 0 0 0 0 0 0 0 0 0 
 32 48.800000000000004 0 53.800000000000004 13.600000000000001 22.8 15.200000000000001 44.6 66.8 31.8 50.2 25 35 75.8 37.6 26.8 118.80000000000001 87 13 78.2 0.2 0.4 0 0 0 0.6000000000000001 16.8 0 0 0 0 0 0 0 0 0.4 0 0 22.6 0 0 0 0.6000000000000001 0 0 0 0 0.2 0 0 0.6000000000000001 0 0 0 0 0 0 0 0.4 0 0.4 0 0.6000000000000001 0 0.4 0 0 0 0.6000000000000001 0 0 0 0 0 0 0 0 0 0.6000000000000001 0 0.2 3.8000000000000003 4.800000000000001 3.4000000000000004 2.6 7.6000000000000005 3 3.6 4 2.4000000000000004 2.6 4.800000000000001 0 4.2 2.6 2.4000000000000004 3.4000000000000004 4.6000000000000005 5.800000000000001 0.4 0 2.2 0 0 0 0 2.2 0 0 0 0 0 5.6000000000000005 1.4000000000000001 1.6 0 0 0 6.6000000000000005 0 0 0 0 0.2 0.2 0 0 0 0 0 0 0 0 0 0 0 0.2 0 0 0 0 1 0 0 0.4 0 0 0 0 0 0.4 0 0 1 0 0 0 0 0 0 0.6000000000000001 0 0.2 5.6000000000000005 4.4 3.2 2.4000000000000004 2 2 3.2 3 0 1.8 0 5.6000000000000005 1.8 7.6000000000000005 0 2 0 0 0 0 0 0 0 2.6 0 1.2000000000000002 0 0.4 0 8 0 0 0 0 0.2 3.2 0 0 0 0 0 0 0 0 0 0 0 3.4000000000000004 0 0 0 0 0 0 0 0 0 3.8000000000000003 0 0 0.4 0 0 0 0 0 4 0 0 0 0 0 0 0 0 0 0 0 0 0 0 0 0 18.6 0 0.4 1 0 2.6 0 0 0 0 0 0 0 0 0 0 0 0 0 0 0 0 0 0 0 0 0 0 0 3.2 1.4000000000000001 0 0 0 0 0 0 0 0 0 0 0 0 0 
 73.2 25.8 53.800000000000004 0 39.6 23.200000000000003 35.800000000000004 61.2 50.800000000000004 86.60000000000001 31 9.8 9.8 34.2 31.6 26.6 24.8 45.2 48 34.2 0 0.4 0.4 0.4 0.4 1 0 0 0 0 0 0 0.2 0.2 0 0.8 0 15.200000000000001 28.400000000000002 15 0 0 0.6000000000000001 0 0 0 0 0 0 0.4 1.2000000000000002 0 0 0 0 0 0 0 0.2 0 0 0 0.6000000000000001 0 0.4 0 0 0 0.6000000000000001 0 0 0 0 0 0 0 1 0 0.4 0 2.8000000000000003 3.4000000000000004 1 16.400000000000002 0.4 0 0.2 2.8000000000000003 4.6000000000000005 0 5.4 0.2 0 1.6 5.800000000000001 5.6000000000000005 4.4 2.2 0 2 3.6 0 0 0 0 0 0 2.8000000000000003 0 0 0 0 9.8 2.2 3.4000000000000004 0 0 0 4.6000000000000005 3.2 0 0 0 3.8000000000000003 0 0 0 0 0 0 0 0 0 0 0 0 0 0 0 0 0 1 0 0 0 0 0 0 0 0 0 0.6000000000000001 0 0 0 0 0 0 0 3.6 0.4 3.6 4 5.4 4 0 0 2.6 0 3.2 5 1.6 1 0 5.2 5 4 0 3 2 0 0 0 0 0 0 9.4 1.4000000000000001 0.2 0 0 0 0.4 0 0.4 0 0 0 5 0 0 0 0 0 0 0 0 0 0 0 0 0 0 0 0 2.2 0 0 0 0 0 0 0 0 0 0 0 0 0 0 0 0 0 0 0 0 0 0 0 0 0 2 0 0 0 0.4 0.8 0 0.2 18.2 2.6 0.8 0.2 0 0 0 0 0 0 0 0 0 0 0 0 0 0 0 0 0 0 0 0 0 0 2.4000000000000004 0.2 0 0 0 0 0 0 0 0 0 0 0 0 0 
 5.800000000000001 9.8 13.600000000000001 39.6 0 79.2 10.200000000000001 14.4 32.2 19.8 63.800000000000004 57.2 60 14 18.400000000000002 106.2 71.4 7.6000000000000005 96.4 21.8 14.8 26.6 0.2 0 0.6000000000000001 1.2000000000000002 0.4 15 0 14.600000000000001 0.6000000000000001 0.2 39.6 14.600000000000001 19.200000000000003 15 0.6000000000000001 0.6000000000000001 15.4 0.2 0 0 0.6000000000000001 0.4 0 0.4 0 0.4 0 0 0.6000000000000001 0.6000000000000001 1 0.2 0 0 0 0.4 0 0 0.2 0 0.6000000000000001 0 0.4 0.4 0 0 0.6000000000000001 0 0 0.2 0 0 0 0 0 0 1 0 0 0 0 0 3.6 3.2 0 0 0 1.8 4 0 0 0 0 2.6 0 1 0 0 3.8000000000000003 0 0 2.4000000000000004 0.2 0 3 6.6000000000000005 3.8000000000000003 0 0 0.2 6 2.4000000000000004 3 0 1.6 3.2 0 8.4 0 0 0 0 0 0 0 0.4 0 0 0 0 0 0 0.4 0 0 0 0 0 0 0 0 0 0 0 0 0 0.4 0 0 0.4 0.2 0 1.2000000000000002 0 0 0 0 0 0 0 0 0 0 0.2 0 0 0 0 0 0 0 0.2 0 0 0 0 0 0 1.8 3.8000000000000003 0 0 0 0.4 1.8 0 6 2.8000000000000003 2.8000000000000003 0 1.4000000000000001 2.8000000000000003 1 3 3.8000000000000003 2.6 4.4 5.6000000000000005 0 0 0 0 0 0 0 0 0 0 0 0 0 0.2 0 0 0 0 0 0 0 0 0 0 0 0 0.2 0 0 0 0 0 0 0 0 0 0.4 0 1.8 0 0 0 0 0 0 0.4 0.8 0 0 0.6000000000000001 0.2 1.8 0 0.2 0 0 0 0 0 0 0 0 0 0 0 0 0 0 0 0 0 0 0 0 0 1.4000000000000001 0 3.4000000000000004 0 1.8 0 2 0 0 0 0 0 0 0 0 
 6.6000000000000005 23.8 22.8 23.200000000000003 79.2 0 5.2 73.60000000000001 99 28.200000000000003 53.800000000000004 54 13.200000000000001 24.200000000000003 44.6 87.60000000000001 104 44.800000000000004 8.8 10.4 0 0.4 0 0 0.2 0.6000000000000001 0 4.800000000000001 0 0 0 0 14.8 0 16 0.4 0 0 20.200000000000003 0 0 0 0.6000000000000001 0 0 0 13.600000000000001 0.4 0 0 0.6000000000000001 0 0 0 0 0 0 0 0 0 0.2 0 2.4000000000000004 0 0.4 0 0 0 0.6000000000000001 0.4 0 0 0 0 0.4 0 0 0 0.6000000000000001 0 0.2 0 2.8000000000000003 6.4 5.800000000000001 0.4 0 0.4 0 1.8 3.6 2.2 0 0 2.6 3.4000000000000004 2.4000000000000004 15.600000000000001 0 2 2.2 0.2 0 0 0 0 2.4000000000000004 0 0 0 0 0 0.8 0 0 0 2.2 0.2 2 4.4 0 0 0 0 0 0 0 0.8 0 0 0 0 0 0 0 0 0 0 0 0 0 0 0 0 0 0 0 0 0 0 0 0 0 0 1.2000000000000002 0 5.4 0 0 0 0 0 0 0.2 5 0 0 2.8000000000000003 0 4.2 0.2 4 0 0.2 0 3.8000000000000003 0 10.200000000000001 0 0 0 0 0 1.2000000000000002 0 0 0.6000000000000001 0.2 0.2 0 0 0 3 0 0 0 0 0 7.2 0 0 0 0 0 0 0 0 0 0 0 0 0 0 0 0 0 0 0 0 0 0 0 0 0 0 0 0 0 0 0 0 0 0 0 0 0 0 0 0 0 0 0.2 0 0 0 0 0.2 0 0.6000000000000001 1.4000000000000001 3 0.4 3.2 0 0 0 0 0 0 0 0 0 0.2 0.4 0 0 0 0 0 0 0 0 0 0 0 2.6 0 2 0 0 0 0 0 0 0 0 0 0 0 0 
 46.400000000000006 18.400000000000002 15.200000000000001 35.800000000000004 10.200000000000001 5.2 0 76.80000000000001 37.800000000000004 80.80000000000001 22.400000000000002 63.800000000000004 40.6 20.8 6.4 24.6 14.600000000000001 22.200000000000003 46.800000000000004 21.200000000000003 0 0.4 0.4 0 0 0.8 0 0 0.6000000000000001 0 1 0 40.400000000000006 8.200000000000001 0.2 0.4 0 0.4 0.6000000000000001 1 0.6000000000000001 0.6000000000000001 0.6000000000000001 0.4 0 0.6000000000000001 0 0.2 0 13.8 0.2 2.4000000000000004 1.2000000000000002 0.6000000000000001 0.6000000000000001 0 0 0 0 0 0 0.2 0.4 0.2 0.6000000000000001 0 0.2 1.4000000000000001 1.2000000000000002 0 0 0.4 0.2 1 0.6000000000000001 0.4 0.2 0.6000000000000001 0.6000000000000001 0 7.4 6.2 6 6.6000000000000005 0.2 0 7.4 0.2 2 4.4 0.2 0 5 4 2.2 2.4000000000000004 3 2.8000000000000003 2.8000000000000003 2 0 0 0 0 0 0 0 0.4 0 0 0 0 0 0 0 0 0 0 0 0 0 0.4 0 0 0 0 0 0 0 0 0 0.2 0 0 0 0 0 0 0 0.4 0 0 0 0 0 0 0 1.8 0 0 0 0 0 0.4 0 0 0 0 0 0 6.4 8.8 5.2 10 0 2.6 2.2 0.4 0.2 3.6 19.8 1.6 5.2 0.2 0 0.2 7.800000000000001 4 0.2 7.2 0 0 0 0 0 0 0 0 0 0 0 0 0 0 0 0 0 0 0 0 0 0 0 0 0 0 0 0 0 0 0 0 0 0 0 0.2 2 0 0 0 0.4 0 0 0 0 0 0 0 0 0 0 0 0 0 0 0 0 0 0 0 0 0 0 0 0 0.2 0.2 0 0 10.4 0 1.8 0 0.2 0 0 0 0 0 0 0 0 0 0 0 0 0 0 0 0 0 0 0 0 0 2.6 0 0 0 0 0 0 0 0 0 0 0 0 0 0.4 
 22.200000000000003 90.2 44.6 61.2 14.4 73.60000000000001 76.80000000000001 0 48.400000000000006 30.200000000000003 9.200000000000001 11.200000000000001 43.400000000000006 120.60000000000001 78.80000000000001 63.6 56.6 85.60000000000001 58.800000000000004 76.4 0 0.4 0 0 0 0.6000000000000001 0 0 0 0 0 0.4 0 0 0 0.4 0 0 0.6000000000000001 0.6000000000000001 0 0 0.6000000000000001 0 0.4 0 0 0.4 0 0 0.6000000000000001 0 0 0 0 0 0 0 0.2 0 0 0 0.6000000000000001 0 0.4 0 0 0 0.6000000000000001 0 0 7 0 0 0 0 0 0 0.4 0 2.6 0 3.6 4.800000000000001 10.600000000000001 2.4000000000000004 1.8 3 3 0 1.8 0.2 4.800000000000001 6 0 0 2 4 3 0 0 0 0 0.2 0.2 0 0 0 0.4 0 0 0 0 0 0 0 0 0 0 0 0 0 0 0 0 0 0 0 0.4 0 0 0 0 0 0 0 0 0 3.4000000000000004 0 0 0 0 0 0 0 0 0 0 0 0 0 0 0 0.4 0.4 0 0 0 0 0 3 7.4 0 9.8 0.2 3.8000000000000003 4 6.4 2.6 0 3 0 6.2 2 5.6000000000000005 0 2 4 0.4 0 0 0 0 0 0 1.2000000000000002 0 0 0 0 0 0 0 0 0 0 0 3.4000000000000004 0 0 0 0 0 0 0 0 0 0 0 0 0 0 0 0 0 0 2 0 0.4 0 0 0 0 0 0 0 0 0 0 0 0 0 0 0 0 0 0 0 0 0 0 0 0 0 0.2 0 0 0.8 10.200000000000001 0 0 0 0 1.4000000000000001 0 0 0 0 0 0 0 0 0 0 0 0 0 0 0 0 0 0 0 0 0 0 0 0 0 0 0 0 0 0 0 0 0 0 0 
 26.400000000000002 32.2 66.8 50.800000000000004 32.2 99 37.800000000000004 48.400000000000006 0 112.4 29.8 8 37 39.800000000000004 66.4 36.4 73 61.800000000000004 66.2 81.80000000000001 0 0.6000000000000001 0 0 0 0.6000000000000001 0.4 0.6000000000000001 0 0.6000000000000001 0 0 15.600000000000001 0 0 0.4 0 0.4 0.6000000000000001 0 0 0 0.6000000000000001 0 0.6000000000000001 0 0.6000000000000001 0.8 0 0 13 0 0 0 0 0.6000000000000001 0.6000000000000001 0 0.2 0 0 0 0.6000000000000001 0 0.4 0 0 0 0.6000000000000001 0 0.6000000000000001 0 1.6 0 0 0 0 0 0.4 0 10 0 3.8000000000000003 8.6 5.4 3.4000000000000004 6.4 4 4.4 0 8.8 0 0 2.6 0 0 3.6 5.4 1.2000000000000002 0 4.6000000000000005 0 0 0 0 0 0 3.6 0 0 0 0 0.2 0 0 0 2 0 0 7.2 0 0 0 0 0 0 0 0 2.8000000000000003 0.2 0 0 0 0 0 0 0 0 0 0 0 0.6000000000000001 0 0 0 0 0 0 0 0 0 1.2000000000000002 2.2 0 0 0 0.2 0 0 0 4.6000000000000005 7.4 3.8000000000000003 3 2.8000000000000003 0 1.8 2.2 4 9 5.2 8 0 0 4.2 4.6000000000000005 0 0 0 2.2 0 0 0 0 0 0 0.2 0 0 0 0 0 0 0 0 0 0 0 2.8000000000000003 0 0 0 0 0 0.2 0 0 0 0 0 0 0 0 0 0 0 0 0.2 0.4 0 0 0 0 3 0 0 0 0 0 0 0 0 0 0 0 0 0 0 0 0 0 0 0 0 0 0 0 0 0.4 17.400000000000002 0 0.4 0 0 0 0 0 0 0 0 0 0 0 0 0 0 0 0 0 0 0 0 0 0 0 2.8000000000000003 0 3.4000000000000004 0 0 0 0 0 0 0 0 0 0 0 0 
 28.200000000000003 53 31.8 86.60000000000001 19.8 28.200000000000003 80.80000000000001 30.200000000000003 112.4 0 143.8 27.200000000000003 32.4 19.8 76.60000000000001 45.800000000000004 30 67.8 33.800000000000004 27.200000000000003 0.2 0.4 0 0 0.2 0.6000000000000001 0 0 0 0 0 0 0.2 0 0 0.8 0 0.4 1.4000000000000001 0 0 0 0.6000000000000001 0 0 0 0 0.2 0 0 0.6000000000000001 0 0 0 0 0 0 0 0.4 0 0.2 0 0.6000000000000001 0 0.4 0 0 0 0.6000000000000001 0 0 0 0 0 0 7.4 0 0.4 0.6000000000000001 0 2.6 2.2 0.2 8.8 3 2 1.8 5.2 7.800000000000001 2.4000000000000004 6 0 4.2 6 0 2.6 7.6000000000000005 3.4000000000000004 3.4000000000000004 3.2 0 0 0 0 0 0 0 0 0 0 0 0 5.4 2 0 0 0 0 2.8000000000000003 0 0 0 0 0 0.2 0 0 0 0 0 0 0 0 0 0 0 0 0 0 0 0 0 0 0 0 0 0 0 0.2 0 0 0 0 0.2 0 0 0 0 0 0 0 4.800000000000001 4.4 9.600000000000001 3.6 3 1 7.6000000000000005 2.8000000000000003 2 4.6000000000000005 8.200000000000001 6 2.6 7.2 8.4 6.4 2.6 0.8 5.2 0 0 0 0 0 0 5.2 0 0 0 0 0 0 0 0 0 0.4 0 3.6 0 0 0 0 0 0 0 0 0 0 0 0 0 0 0 2.6 0 0 0 0 0 0 0 0 0 0 0 0.4 0 0 0 0 0 0 0 0 0 0.2 0 0 0 0 0 0 0 0 0.6000000000000001 1 0 0.4 3.2 3.8000000000000003 3.8000000000000003 0 0 0 0 0 0 0 0 0 0 0 0 0 0 0 0 0 0 0 0 0 0 0 2.8000000000000003 0 0 0 0 0 0 0 0 0 0 0 0 0 0 
 23.400000000000002 6.4 50.2 31 63.800000000000004 53.800000000000004 22.400000000000002 9.200000000000001 29.8 143.8 0 13.4 5.6000000000000005 43 56.2 17.400000000000002 31.8 48.800000000000004 66.8 76.4 0.8 0.4 0 0 0 1.4000000000000001 15 0 0 0 0 0 0.6000000000000001 0.8 0 0.4 0 0 2.6 14.8 0.8 0 0.6000000000000001 0 0 0 0 0.4 0 0.8 1.8 1.2000000000000002 0 0 0 0 0 0.8 0.2 0 0 0.8 0.6000000000000001 1.2000000000000002 15.200000000000001 0 0 0 0.6000000000000001 4.4 0.6000000000000001 0.8 0.6000000000000001 0.8 0 0.8 0 0 0 1 0.2 4.6000000000000005 0.2 2.8000000000000003 1.6 4 0 0 0 19.6 6.4 0.4 0 1.6 6.2 3 3.8000000000000003 1.2000000000000002 0 0 7.4 0.2 0 0 0.2 0 0 4.2 0 3 0 0 3.6 0 3.2 0 0 0 5.6000000000000005 7.6000000000000005 0 0 0 0 0 0 0 0 0 0 0 0 0 0 0.4 0 0 0 0 0 0 1.2000000000000002 0 0 0 0 0 0 0.4 0 0 1.6 0 0 0 0 0 0 0 0 0 0 3.6 2 2.8000000000000003 11.200000000000001 0.4 0 0 3.2 6.4 5.800000000000001 2.2 0 4.800000000000001 2.8000000000000003 1.6 1.8 2.8000000000000003 0 3.6 0 0 0 0 0.4 8.8 0 0 0 0 0 4.6000000000000005 0 2 0 0 0 4.800000000000001 0 0 0 2.2 0 0 0 0 0 0 0 0 0 0 0.2 0 2.6 0 0 0 0.2 0 0 0 0 0 0 0 0 0 0 0 0 0 2.6 0 0 0.4 0 0 0 0 0 0 0 0 1.2000000000000002 0.2 0.2 17.2 17.400000000000002 0 0.2 0 0 0 0 0 0 0 0 0 0 0 0 0 0 0 0 0 0 0 0 0 0 0 2.4000000000000004 0.2 0 0 0 0 0 0 0 0 0 0 0 0 0 
 63.800000000000004 5.2 25 9.8 57.2 54 63.800000000000004 11.200000000000001 8 27.200000000000003 13.4 0 6.4 9.8 20.6 24.200000000000003 24 54.6 6.6000000000000005 3.4000000000000004 7.4 15.200000000000001 0 0 0 0.8 15 15.600000000000001 0 0 0 0 0 0 5.6000000000000005 0.4 0 0 24.400000000000002 29.6 0 0 0.6000000000000001 0 0.8 0.4 0 0 0 0 1.2000000000000002 0 0 0 0 0 0 0 0.2 0 0 0 7.2 0 0.4 0 0 0 0.6000000000000001 0 0 0 6.2 0 0 0 0 6.4 0.6000000000000001 0 0 0 0 6 0.2 0 0 0 0 6.2 2.6 2.4000000000000004 0.4 0 3.6 2.4000000000000004 2.4000000000000004 2.6 0 0 4.6000000000000005 4.800000000000001 0 0 0 0 5.2 0 0 0 0 0 12.600000000000001 2 0 0 0 0 6 5.800000000000001 0 0 0 0 0 0 0 0 0 0 0 0 0 0 0 0 0 0 0 0 0 0 0 0 0 0 0.6000000000000001 0 0 0 0 0 0.2 0 1.4000000000000001 0 1 0 0 0 0 0 0 1.6 9.600000000000001 4.4 0 0 0.2 4.800000000000001 0 0 0 0 0 3.2 0 4.800000000000001 3.8000000000000003 0 12.200000000000001 0 0 0 0 0 5.4 4.4 2.2 0 0 0 7.800000000000001 0.4 0 0 0 0 10.4 0.2 0 0 0 0 0 0 0 0 0 0 0 0 0 0 0 0 0 0 0 0 0 0 0 0 0 0 0 1.6 0 0 0 0 1.2000000000000002 0 0 0 0 0 0.2 0 0 2 0 0 0 0.4 0 0 18.8 0.4 0 1.8 1.6 0.4 0 0 0 0 0 0 0 0 0 0 0 0 0.4 0 0 0 0 0 0 0 0 0 1.6 3 0 0 0 0 0 0 0 0 0 0 0 0 
 88.2 61 35 9.8 60 13.200000000000001 40.6 43.400000000000006 37 32.4 5.6000000000000005 6.4 0 15.8 24.200000000000003 72.60000000000001 85.4 22.400000000000002 22.6 35 0 0.4 0 0 0.2 0.6000000000000001 0 0 0 0 0 0 0.4 0 15 0.4 0.6000000000000001 0.8 0.6000000000000001 0 0 0 12.4 0 0 0 0 0.2 0 0 0.6000000000000001 0 0 0 0 0 0 0 0.4 0 0 0 0.6000000000000001 0 0.4 0 0 0 0.6000000000000001 0 0 0 0 0 0 0 0 0 0.4 0 5 0.4 5.800000000000001 2.8000000000000003 2.6 0 3 0.2 3.8000000000000003 2.4000000000000004 2.2 0 2.2 6.2 2 6 0 1.8 2.4000000000000004 0 0 0 0 0 0 0 0 0 0 0 0 0 0 0 0 0 0 0 0 0 0 0 0 0 0 0 0 0 0 0 0 0 0 0 0 0 0 0 0 0 0 0 0 0 0 0 0 0 0 0 0 0 0 0 0 0 0 0 0 0 3 4 0 6.2 0.2 0 7.2 13.8 7.800000000000001 0.2 0 5 3.6 5.6000000000000005 4 3.8000000000000003 2.8000000000000003 2.2 3.4000000000000004 2.2 0 0 0 0 0 0 0 0 0 0 0 0 0 0 0 0 0 0 0 0 0 0 0 0 0 0 0 0 0 0 0 0 0 0 0 0 0 0 0 0 0 0 0 0 0 0 0 0 0 0 0 0 0 0 0 0 0 0 0 0 0 0 0 0 0 0.2 0.2 0.2 0 17 0.4 0 0 0 0 0 0 0 0 0 0 0 0 3 0 0 0 0 0 0 0 0 0 2.2 0 0 0 0 0 0 0 0 0 0 0 0 0 0 0 0 
 9.200000000000001 12 75.8 34.2 14 24.200000000000003 20.8 120.60000000000001 39.800000000000004 19.8 43 9.8 15.8 0 29.8 5 10.200000000000001 22.6 40.400000000000006 53.2 0.2 0.4 0 0 0 0.6000000000000001 0 0 0 0 0 0 0 0 0 0.4 0 0 0.6000000000000001 0 0 0 0.6000000000000001 0 0 0 0 0 0 12.200000000000001 0.6000000000000001 0.6000000000000001 0 0 0 0 0 0 0 0 0 11.600000000000001 0.6000000000000001 0 0.4 0 0 0 0.6000000000000001 0 0 0 0.6000000000000001 0 0 0 0 0 0.6000000000000001 0 4.2 2.2 2 0.2 6.6000000000000005 2.2 0 4.4 0 2.6 2.8000000000000003 3.8000000000000003 0 4 0 0 8.8 1.6 1.2000000000000002 0 0 0 0 0.2 0 0 0 0 0.4 0 0 0 0 0 0 0 0.4 0 0 0 0 0 0 0 0 0 0 0 0 0 2.4000000000000004 0 0 0 0 0 0 0 0 0 0 0 0 0 0 0 0 0 0 0 0 0.2 0 0 0.4 0 0 0 0 0 0 0 6.6000000000000005 6.4 0 2.4000000000000004 0 0.4 1.6 0 4.800000000000001 3.6 2 2.8000000000000003 0 2.2 4 0 4 0.4 0.4 0 0 0 0 0 0 0 0 0 0 0.4 3 0 0 0 0 0 0.4 0 0 0 0 0 0 0 3 0 0 0 0 0 0 0 0 0 0 0 0 0 0 0 0 0 0 0 0 0 0 0 0 0 0 0 0 0 0 0 0 0 0 0 0 0 0 0 0 0 0.6000000000000001 3.8000000000000003 0 3.6 0 0 0 0 0 0 0 0 0 0 0 0 0 0 0 0 0 0 0 0 0 0 0 2.8000000000000003 0 0 0 0 0 0 0 0 0 0 0 0 0 0 
 55.2 33.2 37.6 31.6 18.400000000000002 44.6 6.4 78.80000000000001 66.4 76.60000000000001 56.2 20.6 24.200000000000003 29.8 0 84 40.800000000000004 44.6 19.6 71 0 0.4 0.2 0.2 0 0.6000000000000001 0 0 14.8 0 0.4 0 0 0.4 0 0.4 0 0.8 0.6000000000000001 0 0 0 0.6000000000000001 0 0 0 0 0.2 0 0 0.6000000000000001 0 0 0 0 0 0 0 0.2 0 0 0 0.6000000000000001 0 0.4 0 0 0 0.6000000000000001 0 0 0 0 0 0 0 0 0 0.6000000000000001 0 2.2 2.2 4.4 2.6 2.8000000000000003 8.4 3.8000000000000003 2.2 3.8000000000000003 2.4000000000000004 2.4000000000000004 5.2 0 2 5.2 1.8 8 3.4000000000000004 4.2 0 0 2.2 0 0 0 0 0 0 0 0 0 0 1.8 0 0 0 0 0 4.800000000000001 3.6 0 0 0 0 0 0 0 0 0 0 0 4.4 0 0 0 0 0 0 0 0 0.4 0.6000000000000001 0 0 0 0 0.2 0 1.6 0 0 1.2000000000000002 0 0 0 0 0 0 0 0 0 2.6 2.8000000000000003 0 3.6 4 2 1.4000000000000001 2 0 3 1.6 0 0.2 3.8000000000000003 0.4 0 1.8 0 0 0 0 0 0 0 0 0 0 0 0 0 0 4.800000000000001 0 0 0 0 0 9.4 0 0 0 0 0 0 0 0 0 0 0 0 0 0 0 0.4 0 0 0 0 0 0 0 0 0 0 0 0 0 0 0 0 0 0 0 0 0 0 0 0 0 0 0 0 0 0 0.8 0.6000000000000001 0 17.8 3 0 3 0 0 0.4 0 0 0 0 0 0 0 0 0 0 0 0 0 0 0 0 0 0 0 0 0 0 0 0 0 0 0 0 0 0 0 0 0 0 0 
 11.200000000000001 79.2 26.8 26.6 106.2 87.60000000000001 24.6 63.6 36.4 45.800000000000004 17.400000000000002 24.200000000000003 72.60000000000001 5 84 0 73.60000000000001 35.800000000000004 9.4 25 0 0.4 0 0 0 0.6000000000000001 0.2 12.200000000000001 0 0 0 0 0 0 0 0.4 0 41.400000000000006 9.200000000000001 0 0 0 0.6000000000000001 0 0 0 0 0.4 0 0 0.6000000000000001 0 0 0 0 0 0 0 0.4 0 0 0 1.8 0 0.4 0 0 0 0.6000000000000001 0 0 0 0 0 0 0 0 0 0.6000000000000001 0 4.800000000000001 4 5.4 2.2 1.8 0 3 2.8000000000000003 6.800000000000001 4 4.4 3 0 3 2.4000000000000004 0 3.4000000000000004 5.2 2 8.200000000000001 5.800000000000001 0 0 0 0 2.6 2.2 0 0 0 0 0 0 0 0 0 0 0 9.4 0.4 0 0 0 0 0 0 0 0 0 0 0.4 0 0 0 0 0 0 0 0 0 0 1.4000000000000001 0 0 0 0 0.2 0 0 0 0 0 0 0.6000000000000001 0 0 0 0.4 0 0 0.4 2.2 1.6 0 0 0 0 3 0 2 2 3.6 0 0.8 7.4 2 2 5.6000000000000005 0 0 0 0 0 0 0 0 0 0 0 0 0 0 6 0.2 0 0 0 0 0 0 0 0 0 0.4 0 0 0 0 0 3 0 0 0 0 0 0 0 0 0 0 0 0 0 0 0 0.2 0 0.2 0 0 0.2 0 0 0 0 0.2 0 0 0 0 0 0 0 0 0 0.6000000000000001 17.400000000000002 0 17.8 0.8 6.4 1 1.6 0 0 0 0 0 0 0 0 0.2 0 0 0 0 0 0 0 0 0 0 0 0 0 0 0 0 0 0 0 0 0 0 0 0 0 0 0 0 
 25.200000000000003 45.400000000000006 118.80000000000001 24.8 71.4 104 14.600000000000001 56.6 73 30 31.8 24 85.4 10.200000000000001 40.800000000000004 73.60000000000001 0 26.400000000000002 68.2 65.2 0 0.4 0 0 0 0.6000000000000001 0 0 0 0 0 0 0.2 0 0.4 0.4 0 0 15.600000000000001 0 0 0 0.8 0 0 0 0 0.4 0 0 0.6000000000000001 0 0 0 0 0 0 0 0 0 0 0 0.6000000000000001 0 0.6000000000000001 0 0.6000000000000001 0 0.6000000000000001 0 0 0 0.4 0 0 0 0 0 0.2 0 1 0 4.6000000000000005 0 0 0 3.8000000000000003 0.4 0 2.2 1 4.6000000000000005 1.8 0.2 5.6000000000000005 6.2 0 0 0.2 0 0 0 0 0 0 0 0 0 0 0 0 0.2 2.8000000000000003 0 0.6000000000000001 0 0.4 0 3.4000000000000004 3.4000000000000004 0 0 0 0 0 0 0 0 0 0 0 0 0 0 0 0 0 0 0 0 0 0 0 0 0 0 0 0 0 0 0 0 0 0 0 0 0 0 0 0 0 1.8 2 1.8 0 4 4.2 5.6000000000000005 11 0 2.2 0 5.800000000000001 6.4 2.4000000000000004 3.4000000000000004 0.4 6.6000000000000005 2.8000000000000003 6.6000000000000005 0 0 0 0 0 0 0.2 0 0 0 0 0 3.2 0 0 0 0 0 1.8 0 0 0 0 0 0 0 0 0 0 0 0.2 0 0 0 0 0 0 0 0 0 0 0 0 0 0 0 0 0 0 0 0 0 0 0 0 0 0 0 0 0 0 0 0 0 0 0.6000000000000001 0.2 0.2 21.8 0.2 0 20.400000000000002 0 0 0 0.2 0.2 0 0 0 0 0 0.4 0 0 0 0 0 0 0 0 0 0 0 0 0.2 0 0 0 0 0 0 0 0 0 0 0 0 0 0 
 87.2 27 87 45.2 7.6000000000000005 44.800000000000004 22.200000000000003 85.60000000000001 61.800000000000004 67.8 48.800000000000004 54.6 22.400000000000002 22.6 44.6 35.800000000000004 26.400000000000002 0 24.200000000000003 49.400000000000006 15.8 0.4 0.2 0.2 0 0.8 5.2 2.2 0 0 0 0 0.4 0 0.4 0.4 0 0.6000000000000001 0.6000000000000001 5.4 0.4 0.4 1.2000000000000002 7.800000000000001 0.6000000000000001 0.6000000000000001 1 0.4 0 0 0.6000000000000001 0.4 0 1 0.6000000000000001 7.2 0.2 0.6000000000000001 0 0.4 0 0.4 1.6 0.2 0.6000000000000001 0 0.4 14.4 0.6000000000000001 0 0 0 0 0 0 0 0 13.200000000000001 0.8 0 2.6 0 3.8000000000000003 5.800000000000001 3.6 13.600000000000001 0 2.6 0 10.8 4.4 0 0 0.2 2 7.4 4 0 0 3.8000000000000003 2.8000000000000003 0 0 0 0 0 0 0 0 0 0 0 1.8 2.2 0 0 0 0 8 0.4 0 0 0 0 0 0 0 0 0 0 0 0 0 0 0 0 0 0 0 0 0 0 0 0.2 0 0 0 0 0 0 0 0 0 1 0 0 0 0 0 0 0.6000000000000001 4.6000000000000005 0 2 3.6 0 1.8 3.6 1.2000000000000002 8.6 0 7.4 0.2 0 10.600000000000001 5 3.6 0 3.2 0.4 9.8 0 0 0 0 0 3.2 0 0 0 0 0 4.4 0 3.6 0 0 0 3.6 0 0 0 0 0 0 0 0 0 0 0 0 0.2 0 0 0 0.4 0 0 0 0 0 0 0 0 0 0 0 0 0 0 0 0 0 0 0 0 0 0 0.2 0 0 0 0 0 0 0.4 17.400000000000002 0.4 16.8 0 2.8000000000000003 0.8 0 0 0 0 0 0 0 0 0 0 0 0 0 0 0.4 0 0 0 0 0 0 0 0 6 4 0 0 0 0 0 0 0 0 0 0 0 0 0 
 30.6 52.2 13 48 96.4 8.8 46.800000000000004 58.800000000000004 66.2 33.800000000000004 66.8 6.6000000000000005 22.6 40.400000000000006 19.6 9.4 68.2 24.200000000000003 0 69.8 0 0.4 0 0 0 0.6000000000000001 0 0 0 0 0 0 0 0 0 0.4 0 0 0.6000000000000001 0 0 0 0.6000000000000001 0 0 0 0 0 0 0 0.6000000000000001 0 0 0 0 0 0 0 0.2 0 0 0 0.6000000000000001 0 0.4 0 0 0 0.6000000000000001 0 0 0 0 0 0 0 0 0 0.4 0 7.800000000000001 3.6 5 2 0 0 5.2 5.4 4 0 0 0 2 2 2 0 1.4000000000000001 0 3.2 0 0 0.4 0 0 0 0 0 0 0 0 0 0 0 0 0 0 0 0 0 0 0 0 0 0 0 0 0 0 0 0 0 0 0 0 0 0 0 0 0 0 0 0 0 0 0 0 0 0 0 0 0 0 0 0 0 0 0 0 0 0 7.4 2 0 5.4 0 0 6.2 3.4000000000000004 7.4 2.6 5.6000000000000005 5 2 0 6.4 2.6 4.4 0 6.2 1.8 0 0 0 0 0 0 0 0 0 0 0 0 0 0 0 0 0 0 0 0 0 0 0 0 0 0 0 0 0 0 0 1.6 0 0 0 0 0 0 0 0 0 0 1 0 0 0 0 0 0 0 0 0 0 0 0 0 0 0 0.2 0 0 0 0 0 0 0.6000000000000001 0 0.2 0.4 0.6000000000000001 0 3 0 0 0 0 0 0 0 0 0 0 0 0 0 0 0 0 0 0 0 0 0 0 0 3.4000000000000004 0 0 0 0 0 0 0 0 0 0 0 0 0 0 
 21.8 14.600000000000001 78.2 34.2 21.8 10.4 21.200000000000003 76.4 81.80000000000001 27.200000000000003 76.4 3.4000000000000004 35 53.2 71 25 65.2 49.400000000000006 69.8 0 0.4 0.4 0 0 0 0.6000000000000001 0 0 0 0 0 0 0 0 0 0.4 40.2 0 0.6000000000000001 0 0 0 0.6000000000000001 0 0 0 0 0.4 0 0.4 0.6000000000000001 0 0 0 0 0 0 0 0.2 0 1.2000000000000002 0 0.6000000000000001 0 0.4 0 0 0 0.6000000000000001 0.6000000000000001 0 0 0 0 0.8 0 0 0 0.6000000000000001 0 0 2 2 0.4 4.800000000000001 0 2.8000000000000003 2.2 2.8000000000000003 2 0.2 2.8000000000000003 0 2.2 0 0.4 3.8000000000000003 2 0.2 0 0 0 0 0 0 0 0 0.2 0 0 0.4 0 0 0 0 0.2 0 0 0 0 0 0 0 0 0 0.2 0 0 0 1.2000000000000002 0 0.4 0 0 0 0 0 0 0 0 0 0 0 0 0 0 0 0 0 0 0 0 0 0 0 0 0 0 0 0 0 0 8.4 3.6 0 1.8 0.2 0.2 2.4000000000000004 0 4 0 3 6 0.2 0 3.6 3.2 2 2.2 0 0 0 0 0 4.2 0 0 0 0 0 0 0 0 0 0 0 0 0 0 0 0 0 0 0 0 0.2 0 0 0 0 0 0 0 0 0.4 0 0 0 0 0.2 0 0 0 0.6000000000000001 0 0 0 2.8000000000000003 0 0.2 0 0 0 0 0 0 0 0 0 0 0 0 0 0 0 0.6000000000000001 0.4 0.4 10.600000000000001 0 1.4000000000000001 0 0 0 0 0 0 0 0 0 0 2.4000000000000004 0 0 0 0 0 0 0 0 0 0 0 0 2.8000000000000003 0 0 0 0 0 0 0 0 0 0 0 2 0 0.2 
 0 0.4 0.2 0 14.8 0 0 0 0 0.2 0.8 7.4 0 0.2 0 0 0 15.8 0 0.4 0 16 72.2 25.400000000000002 80.4 20.6 54.800000000000004 31.400000000000002 21.400000000000002 5.4 43.400000000000006 12.8 16 15.200000000000001 17.2 50.800000000000004 8.6 56 8.6 25.400000000000002 0.4 40.400000000000006 0.6000000000000001 0 0 0.6000000000000001 0.4 0 40.400000000000006 0 0.6000000000000001 2 0 12.600000000000001 0 13.200000000000001 0.4 44.400000000000006 14.8 0.6000000000000001 0.6000000000000001 1 0 0.6000000000000001 0 0 0.4 0.6000000000000001 0 0 0 0 0 0 0 26 0 0.6000000000000001 0.6000000000000001 0 0 2.6 1 0 0.2 0.2 0 0 0 3.8000000000000003 0 0 0 0 0 0 2.8000000000000003 0 0 0 0 0 0.8 0.2 0.2 0 1.6 0.4 2 2.6 2.6 0 0 0.2 3.6 6.6000000000000005 1.2000000000000002 4.2 3.8000000000000003 9.200000000000001 0 0 0 0 0 0 0 2.2 0 0 0.2 0 3.8000000000000003 0 0.2 0 0 0 6.4 0 0 0 0.4 0 0 4.6000000000000005 0 0 0 0 0 0.2 0 0 0 0.4 0.2 0 0.8 0 0 2.4000000000000004 0 0 4 2.8000000000000003 0 0 0 0 0 0 0 0 0 0 0 0 0 0.6000000000000001 2.4000000000000004 1.8 2.6 0 6 0 0.2 0 2 1.6 2.2 0.2 2.4000000000000004 0.2 5 0.2 4 3 0 3.6 0 3.8000000000000003 0 0 0 0 0 0 0 0 0 0 0 0 1.6 1.6 0 0 0 0 0 0.2 0 0 0 2.2 0 0 0 0 0 0 0 0 0 0 0 0 0 0 0 0 0 0 0 0 14.8 0 0 0 0 0 0 0 2 0 0.2 16 0 0.8 0.2 0 0 0 0 0 2 0 0 0 0 0 0 0 0 0 3.4000000000000004 0 0 0 0 1.4000000000000001 0 0 0 0 3.8000000000000003 0 0 0 
 0.4 0.4 0.4 0.4 26.6 0.4 0.4 0.4 0.6000000000000001 0.4 0.4 15.200000000000001 0.4 0.4 0.4 0.4 0.4 0.4 0.4 0.4 16 0 14.8 12 7.800000000000001 68.8 31.200000000000003 63.2 39.800000000000004 95.2 7 8 29.400000000000002 48.800000000000004 64.60000000000001 63.800000000000004 20.400000000000002 25 82.60000000000001 6.2 0.4 0 1 0.6000000000000001 3 41.2 0.4 0.4 0 0 0 0 0.4 14.600000000000001 0 0 0.8 4.4 0 0.6000000000000001 1.6 0.6000000000000001 0 0.6000000000000001 0 0 0.4 0.6000000000000001 0 9 0.4 0 0 0 0 0 0 0.6000000000000001 0.6000000000000001 0.6000000000000001 0 0 0 0 5 4 0 0 0 0 0.2 0.2 0 0 0 2.2 0 0.2 0 0 2 5.2 2.6 4.800000000000001 0 2.8000000000000003 8 7.6000000000000005 4.4 0 2 2.2 0 4.4 3.6 2.4000000000000004 3.6 6.4 0 1.8 0 0 0 0 0 0 4 0 0 0 0 0 0 0 0 0 0 0 0 0 0 0 0 0 2.8000000000000003 0 0 0 0 0 0 0 0.6000000000000001 0 0.2 0 0.8 0 0 0 0 0 0 0 1.8 0 0 0 0 3.2 0 3 0 0 0 0 0 0 1 0 3.4000000000000004 7.2 1.8 3.6 0 0 6 2.2 9 2.8000000000000003 4.2 0 4 5.800000000000001 1.8 8.200000000000001 6 1.4000000000000001 1.8 9.200000000000001 3.4000000000000004 0 0 0 0 0 2 0 0 0 0 0 0 0 0 0 0 0 3.6 2.2 3.4000000000000004 0 0 0 0 0 0 0 0 0 0 0 0 0 0 0 0 0 0 0 0 0 0 0 0 0 0 0 0 0 0 0 0 0 2.4000000000000004 0.4 0 0 16 0.2 2.8000000000000003 0.4 0 0 0 14.200000000000001 0 0 0 0 0 0 0 0 0 0.2 0 0 0 2.2 0 2.8000000000000003 0 0 0 0 0 0 0 0 
 0 0 0 0.4 0.2 0 0.4 0 0 0 0 0 0 0 0.2 0 0 0.2 0 0 72.2 14.8 0 49.6 17.400000000000002 7 9 62.2 52.400000000000006 11.4 24.200000000000003 6.4 14 77.60000000000001 10.4 18 13 7.2 5.6000000000000005 77.60000000000001 0.4 0 0.6000000000000001 0.4 0.4 0.6000000000000001 0.4 0.4 0 0 0 0 0.2 1 0 0 0.4 0.2 0 0.6000000000000001 0.4 0.6000000000000001 0 0.6000000000000001 0 0 0.4 0.6000000000000001 0 0 0 0.6000000000000001 0 0.4 0 0 0 0.6000000000000001 0.6000000000000001 0.2 0 0 0 0 0.2 0.2 0 0 0 0 0 0 4.4 0 0 0 0 0 0 0 0 4.800000000000001 1.6 6.2 3.6 0 7 5.6000000000000005 0.2 4.4 0 3 0 0.2 1.8 7.6000000000000005 1 3 4.4 0 2.6 2.2 0 0 0 0 0 0 0 0 0 0.4 1.6 0 0 0 0 0 0 2.4000000000000004 0 0 1.2000000000000002 0 0 0 0 0 0 0 0 0 0.2 0.4 0 1.2000000000000002 0.2 0 1.2000000000000002 0 0 0 0 0 0.4 0 0 0 0 0 0 0 0.2 0 0 0 0 0 0.2 0 0 0.6000000000000001 2.8000000000000003 3.8000000000000003 7.2 0.2 4.2 9 7 2.6 2 3 2.6 0 0.2 2.6 5 1.8 0.2 1.6 0 0 0 0 0 0 1.2000000000000002 0 0.4 0 0 0 0 0 0 0.2 0 0 0 0 0 0 0 0 0 0 0 0 0 0 0 0 0 0 0 0 0 0 0 0 0 0 0 0 0 0 0.2 0 0 0 0 0 0 0 0.8 0 0 15.200000000000001 0 0.4 0.6000000000000001 0 0 0 0 0 0 0 0 0 0 0 0 0 0 0 0 0.2 0 0 0 2.8000000000000003 0 0 0 3.8000000000000003 0 0 0 0 
 0 0.4 0 0.4 0 0 0 0 0 0 0 0 0 0 0.2 0 0 0.2 0 0 25.400000000000002 12 49.6 0 55.6 8.8 58.400000000000006 16.400000000000002 19 64 12 12 13.200000000000001 27.400000000000002 33 26.6 39 69.8 27 33.2 0.4 0 0.6000000000000001 0 0 1.4000000000000001 0.4 0.4 0 0 0 0 0 0 0 0 0.4 0.4 0 42 0.2 0.6000000000000001 0 9.600000000000001 0 0 0.4 0.6000000000000001 0 0 0 1 0 0.6000000000000001 0 0 0 0.6000000000000001 0.6000000000000001 0 0 0 0 0 3.6 2.4000000000000004 0 0 0 0 1.2000000000000002 0 0 0 0 0.2 0 0 0 0 0 1.8 11.8 3.8000000000000003 4.2 1.8 0.8 0 5.4 0.2 9.600000000000001 2.6 0 3.2 1.8 4.4 0.2 3.2 0.4 0 2.2 2 7.6000000000000005 0 0 0 0.6000000000000001 0 0 0 0 0.4 15.8 0 0 1.8 0 0 3 0 0 0 0.2 0 0 0 0 0 0 0 0 0 0.4 0.4 0 0.4 0.2 0 7.800000000000001 0 0 0 0 0 2 0 0 0 0 0 0 0 0 0 0 0 0 0 0 0 0 1.8 4.800000000000001 0 1.2000000000000002 0 5.6000000000000005 8 0.2 6.6000000000000005 2.6 0 0 5.2 0 5 2 2 0 0.4 1.6 0 0 0 0 0 1.6 0 4.4 0 0 0 0 0 0 0 0 0 0 0 0 0 0 0 0 0 0 0 0 0 0 0 0 0 0 0 0 0 0 0 0 0 0 0 0 0 0 0 0 0 0 0 0 0 2 0 0.2 8 8.4 0 0 0.2 0 0 0 0 0 0 0 0 0 0 0 0 0 0 0 0 0 0 0 0 0 0 0 0 0 0 0 0 
 0 0 0 0.4 0.6000000000000001 0.2 0 0 0 0.2 0 0 0.2 0 0 0 0 0 0 0 80.4 7.800000000000001 17.400000000000002 55.6 0 15 23 86.80000000000001 74.60000000000001 38.6 21.200000000000003 10.600000000000001 15.200000000000001 46.2 33.800000000000004 28.200000000000003 28.8 21 52.800000000000004 49.800000000000004 1.2000000000000002 0 1.4000000000000001 0 0 2.4000000000000004 0.4 0.4 0 0 0 0 0 0.2 0 0 0.4 0.4 0 0.4 0 0.6000000000000001 0 0.6000000000000001 0 0 0.4 0.6000000000000001 0 0 0 0 0 0 0 0 0 0.6000000000000001 0.6000000000000001 0 0 0 0 0 0 0 0 0 0 0 0 0 0.2 0 0.4 0 0 0 0 0 0 0 9.200000000000001 4.800000000000001 6.2 4.4 0.4 9.600000000000001 2 2.4000000000000004 2.8000000000000003 6.2 0 0 2 1.6 5.4 0 0 0 0 0 0.2 0 0 0.4 2.4000000000000004 0 0 0 0 0 0.6000000000000001 0 0 0 0 0 0.2 0.2 0 0 0 0 0 0.4 0 0 0 0 0 0 0 0 0 3.8000000000000003 0 0 1.4000000000000001 0 0 0 0 0 0 0 0 2.6 0 0 0 0 0 0 0 0 0 0 0 0 1.2000000000000002 1.8 14.4 4.800000000000001 3.8000000000000003 2 3 6.800000000000001 8.200000000000001 11.600000000000001 13.4 4.800000000000001 0 2.4000000000000004 1 4 8.200000000000001 0 0 0 1.8 0 0 0 0 0 0.2 0 3.6 0 0 0 0 0 0 0 0.2 0 0 0 0 0 0 0 0 2.8000000000000003 0 6 1.8 0 0 0 0 0 0 0 0 0 0 0 0 0 0 0 0 0 0 0 0 0 0 0 0 0 0.6000000000000001 0 0 0.8 15.200000000000001 1 0 0.4 0 0 0 0 0 0 0 0 0 0 0 0 0 0 0 0 0 0 0 2.2 0 0 0 3.2 0 0 0 2.6 
 0.6000000000000001 0.6000000000000001 0.6000000000000001 1 1.2000000000000002 0.6000000000000001 0.8 0.6000000000000001 0.6000000000000001 0.6000000000000001 1.4000000000000001 0.8 0.6000000000000001 0.6000000000000001 0.6000000000000001 0.6000000000000001 0.6000000000000001 0.8 0.6000000000000001 0.6000000000000001 20.6 68.8 7 8.8 15 0 4.6000000000000005 7 84.60000000000001 9 80.60000000000001 41.6 6.800000000000001 27 98.60000000000001 69.8 116.4 25 6.800000000000001 93.80000000000001 0.6000000000000001 6.2 0.6000000000000001 0 0 0.6000000000000001 5.800000000000001 25 0 2 0.4 0.4 1.2000000000000002 0.8 14 6.4 4.6000000000000005 0.2 5.4 14 0.6000000000000001 0.6000000000000001 0 3.8000000000000003 0 0 0.4 0.6000000000000001 0 0 0.8 0 0 0 1 0.8 0 0.6000000000000001 0.6000000000000001 1 0 0 0 0 0 0 0 0 0 0 0 0 0 0 0 0 0 0 0 0 0 0.2 2.6 0.2 3.2 1.2000000000000002 0 0 0 4 3 11.600000000000001 0 0 0 3 0 0 0 0 0 4.800000000000001 0 1.8 0 0 4.800000000000001 0 2.2 0.2 0 0 3.6 0 1.8 0.4 2.4000000000000004 0 4.4 2.2 0 0 1 0 0 0 0 0 0 0 0 0 0 0.4 0 0 0 0 0 0 0 0 1.4000000000000001 0 0 0 0.2 0 0 0 0 0 0 0 0 0 0 0 2 0 0 0 0.6000000000000001 14.4 4.6000000000000005 9.600000000000001 0.4 0 0 0.2 3 3.8000000000000003 0 0.2 0 4.2 0.2 0 0 0 6 3.8000000000000003 0 3.2 2.4000000000000004 0 2 14.600000000000001 1.6 0 4.4 0 8.200000000000001 3.2 4.2 7 1.4000000000000001 0 11.4 4.6000000000000005 0 0 0 0 0 0 0 0 0 0 0 0 0 0 0 0 0 0 2.6 0 0 0 0 0 0 0 0 0 0 0 0 0 0 0 4.2 0 0.8 9 0 0 3.8000000000000003 0 0 0 0 0 0 0 0 0 0 0 0 0 0 0 0 0 0 0 0 0 0 0 4.800000000000001 0 0 0 0 0 
 0 0 16.8 0 0.4 0 0 0 0.4 0 15 15 0 0 0 0.2 0 5.2 0 0 54.800000000000004 31.200000000000003 9 58.400000000000006 23 4.6000000000000005 0 19.6 17.8 9.200000000000001 9 4.4 35.4 39.6 25.400000000000002 52.2 16.6 19 43.6 24.200000000000003 0.4 0 1 0 0 0.6000000000000001 0.6000000000000001 0.4 0 0.6000000000000001 1.2000000000000002 1 0 6 0 0 0.4 0.2 0.2 1.2000000000000002 0.6000000000000001 4.6000000000000005 0.6000000000000001 0.6000000000000001 0 0 0.4 0.6000000000000001 0.4 0 9.4 0 0 0.2 0 0 11.200000000000001 0.6000000000000001 0.6000000000000001 0.4 0 0 0 0 3.4000000000000004 1.4000000000000001 0 0 0 3.6 0 3 0 0 0 0 2.4000000000000004 0 0 0 3.8000000000000003 6 0 0 0 0 6.4 2.2 3.6 0 5.6000000000000005 2 0.4 1.8 4 3.2 0 3.4000000000000004 2.6 4.2 0 0 0 0 0 0 0 0 0 0 0 0 0.4 0 0 0 0 0 2 0 0 0 0 0 0 0 0 0 0 0 0 0 0.6000000000000001 0 0 0 0 0 0.2 0 0 0 0 0 2.8000000000000003 2.2 0 0 0 0 0 0 0 0 0 0 2.8000000000000003 0 0 0 9 7.2 0.8 2 0.2 2 4.2 5 5 4.2 0.2 0 3 3 3.6 2.6 1.6 2.4000000000000004 0 1.8 0 0 0 0 0 0 0 0 0 0 0 0 0 0 0 0 0 0 0 0 0 0 0 0 0 0 0 1.2000000000000002 0 0 0 0 0 0 0 0 0 0 0 0 0 2.2 0 0 0 0 4.800000000000001 0 0 0 0 0 0 0 3.6 0 0 0 0 0 0 0.2 0 0 0 0 1 0 0 0 0 0 0 0 0 0 5.6000000000000005 0 0 0 0 0 0 0 0 0 2.4000000000000004 0 0 0 
 0 0 0 0 15 4.800000000000001 0 0 0.6000000000000001 0 0 15.600000000000001 0 0 0 12.200000000000001 0 2.2 0 0 31.400000000000002 63.2 62.2 16.400000000000002 86.80000000000001 7 19.6 0 35.2 6.800000000000001 93 9 96 48.2 24 24.200000000000003 24.200000000000003 65.2 12.200000000000001 26.8 1.2000000000000002 0 2 0 0 0.6000000000000001 0.4 0 0 0 0 0 0 0.2 0.2 0 0.4 0.2 12.4 0.6000000000000001 0.8 0.6000000000000001 0 0.6000000000000001 0 0 0.4 0.6000000000000001 0 0 0 0 0 0 0 0 0 0.8 0.6000000000000001 0 0 0 0 0 0 5.800000000000001 0 0.2 0 0 0 4.2 0 0 0 0 0 1.8 0 0 0 0.2 2.4000000000000004 5 3.4000000000000004 0 0 3 5.2 8.4 1.6 7.4 0 4.2 0 2.4000000000000004 8.4 0.2 0 6 0 0 0 0 0 0 0 0.2 0 0 0 0 0 0 0 0 0 0 0 0 0 0 0 0 0 0 0 0 0 0 0 0 0 0 3.8000000000000003 0 1 0 0 0 0 0 0 0 0 0 0 0 0 0 0 0 0 0 0 0 0 0 0.4 0 1.6 2.2 2 2.8000000000000003 0.2 4.2 0 0.2 0 0 1.6 6 0 0 0 2.4000000000000004 3.4000000000000004 4.6000000000000005 6 5 0 0 0 0 0 0 0 0 0.6000000000000001 0 0 0 2.6 0 0 5.4 0 0 3.6 0 0 0 0 0 0 0 0 0 0 0 0 0 0 0 0 0.2 0 0 0.4 1.8 0 0 2.4000000000000004 0 0 0 0 0 0 0 0 0 0 0 1.6 0.4 0 0.2 0 0.4 0.4 0.2 0 0 0 0 0.2 0 0 0 0 0 0 0 0 1.8 0 2.6 0 0 0 0 0 0 0 3.6 2.8000000000000003 0 0 0 
 0 0 0 0 0 0 0.6000000000000001 0 0 0 0 0 0 0 14.8 0 0 0 0 0 21.400000000000002 39.800000000000004 52.400000000000006 19 74.60000000000001 84.60000000000001 17.8 35.2 0 34.4 36.6 20.200000000000003 34 46.800000000000004 16.6 37 31.200000000000003 82.2 11.200000000000001 15 0.4 0 0.6000000000000001 1.8 0.6000000000000001 0.6000000000000001 0.4 0 0 0 0 0 12.600000000000001 0 0 0 0.4 0.6000000000000001 25.400000000000002 0.6000000000000001 0.4 0.6000000000000001 11 0.6000000000000001 0 0 0.4 0.6000000000000001 0 0.4 0 0 0 0 1 0 0 0.6000000000000001 0.6000000000000001 0 0 0 0 0 0 1.2000000000000002 0 0 0 0 1.2000000000000002 0 0 0 0 0 0 0 0 0 2 5 0 0 4.2 6.4 3.8000000000000003 3 5.2 8.200000000000001 0 4.2 0 3.8000000000000003 0 0.2 1.2000000000000002 2.8000000000000003 0.8 0 0 0 4 0 0 0 0 0 0 0 0 0 6.6000000000000005 0 0 0 0 0 2 0 0 0 0.4 0 0 0 0 0 0 0 0 0 0 0.2 0 0 0 0 0 0 0 0 0 0 0 0 0 0 0 0 0 0 0 0 0 0.6000000000000001 0 0 0 0 3.4000000000000004 1.8 0 4.6000000000000005 4 3.2 2.6 0 0 0 0.4 1.8 0 2.4000000000000004 1.6 0 11 3.4000000000000004 2 2.2 0 2.6 0 0 0 0 0 0 0 0 0 0 0 0 1.6 1.4000000000000001 0 0 1.6 2 0 0 0 0 0 0 0 0 0 0 0 0 0 0 0 0 0 0 0 0 0 0 0 0 0 0 0 0 0 0 0 0 0 0 1.2000000000000002 0 0 20.200000000000003 0.4 0 0.4 0 0 0 0 0 0 0 0 0 0 0 0 0 0 0 0 0 0 0 0 0 0 0 0 0 3.4000000000000004 0 0 0 
 0 0 0 0 14.600000000000001 0 0 0 0.6000000000000001 0 0 0 0 0 0 0 0 0 0 0 5.4 95.2 11.4 64 38.6 9 9.200000000000001 6.800000000000001 34.4 0 31.6 13 65.2 48 36 36.800000000000004 33.4 6.2 23 28.6 0.6000000000000001 0 0.8 0 1.2000000000000002 1.4000000000000001 0.4 0.4 0 0 4.6000000000000005 0 0 0 0 0 0.4 0.4 0 1 0.2 0.6000000000000001 0 0.6000000000000001 0 0 0.4 0.6000000000000001 0 0 0 0 0 0.6000000000000001 0 0 0 0.6000000000000001 0.6000000000000001 0 0 0 0 0 3.4000000000000004 4.6000000000000005 2.4000000000000004 0 0 0 0 0 0 0 0 0 0 0 0 0 0 7.800000000000001 4.800000000000001 1.2000000000000002 2 2.2 12 2.8000000000000003 3.6 0 6.4 1.8 0 1 0 3.4000000000000004 2.8000000000000003 6.2 3 0 3 0 0 0 0 0 1.4000000000000001 0 0 0 0 0 2.2 0 0 0 0 0 2 0 0 0 0 0 0 0 0 0 0 0 0 0 0.6000000000000001 0 0 0 0 0 0.2 0 0 0 0 0 0.4 0 0 0 0 0 0 0 0 3.4000000000000004 0 0 0 0 0 0 9.600000000000001 3.2 3.8000000000000003 0 1.6 1.2000000000000002 4.4 9.200000000000001 8.4 2.4000000000000004 2 1.4000000000000001 0 5.2 7.6000000000000005 10.200000000000001 3.2 3.8000000000000003 0 5.800000000000001 0 0 0 0 0 0 1.4000000000000001 0 3.2 0 0 0 0 0 0 0 0 0 0 0 0 0 0 0 0 0 0 0 0 2.2 0 0 0 0 0 0 0 0 0 0 0 0 0 0 0 0 0 0 0 0 0 0 0 0 1.6 0 0 15 16.2 0 0 0.4 0 0 0 0 0 0 0 0 0 0 0 0 0 0 0 0 0 2.8000000000000003 0 0 0 0 0 0 0 0 0 0 
 0 0 0 0 0.6000000000000001 0 1 0 0 0 0 0 0 0 0.4 0 0 0 0 0 43.400000000000006 7 24.200000000000003 12 21.200000000000003 80.60000000000001 9 93 36.6 31.6 0 28.8 6.800000000000001 11.200000000000001 59.6 38.400000000000006 29.400000000000002 90.80000000000001 5.6000000000000005 58.2 1.2000000000000002 12.8 1.4000000000000001 0 0 0.6000000000000001 1.2000000000000002 0.2 0 0 0 0 25 5.4 0 0 0.4 0.4 18 0.4 0 0.6000000000000001 13.8 0.6000000000000001 0.6000000000000001 0 0.4 0.6000000000000001 0 0 0 2.6 0 2.6 0 0 0 1.2000000000000002 0.6000000000000001 1.2000000000000002 0 0 0 0 0 0 0 0 0 0 0 0 0 0 0 0 0 0 0 0 0.2 1.6 5 4.800000000000001 5.6000000000000005 2.4000000000000004 0 2.4000000000000004 0 2.4000000000000004 2.2 6.800000000000001 0 0 0 2.8000000000000003 5.800000000000001 0 0 0 0 2.8000000000000003 2.4000000000000004 0 0 0 0 0 0 0 0.2 0 5.2 0.2 0 3.6 0 0 3.4000000000000004 1.6 0 0 0.4 0.2 0 0 2.8000000000000003 0 0 0 0 0 0 0.2 0 0.4 0.4 0 0 0 0 0 1.2000000000000002 0 0.2 0 0.4 0 0 0 0 0 0 0 0 1.8 2 0 0 0 0 0 2.4000000000000004 5.6000000000000005 4.2 6 0 0 0 0 2 1.6 0.4 0.6000000000000001 0.4 2.6 0 7 0 0 0 2 0 0 0 0 0.8 3.6 0.2 0 0 0 4.6000000000000005 2 1.4000000000000001 8.200000000000001 0 0 4.4 2.2 0 0 0 0 0 0 0 0 0 0 0 0 0 0 0 0 0 0 0 0 0 0 5.800000000000001 0 0 0 0 0 0 0 0 0 0 0 1.4000000000000001 0.2 0.8 1 7.2 1.2000000000000002 0 0.4 0 0 0 0 0 0 0 0 0 0 0 0 0 0 0 0.2 0 0 0 0 0 0 0 0.2 0 0 0 0 
 0 0 0 0 0.2 0 0 0.4 0 0 0 0 0 0 0 0 0 0 0 0 12.8 8 6.4 12 10.600000000000001 41.6 4.4 9 20.200000000000003 13 28.8 0 6.6000000000000005 19.400000000000002 7.4 8.6 19.200000000000003 27.6 47.6 13.4 0.6000000000000001 31.6 0.6000000000000001 0.2 0 0.6000000000000001 12.8 6 0 0 0 0 12.8 0 0.2 12.8 15.4 0.2 12.200000000000001 13.600000000000001 0.4 0.6000000000000001 0.2 0.6000000000000001 0 0 0.4 0.6000000000000001 0 0 0 0 0 0 1.2000000000000002 1 0 0.6000000000000001 0.6000000000000001 0.6000000000000001 0 3.4000000000000004 0 0 0 0 0 0 3.2 0 0 0 0 0 0 0 0 0 0 0 0 0 0 0 3.2 0 0 0 0 0 0 4.6000000000000005 0 0 0 0 1.8 0 0 0 3 0.2 6.2 1.6 0 0 0.2 0 4.800000000000001 2.2 0 0.2 4.2 7.6000000000000005 5.6000000000000005 4 3.8000000000000003 2.2 7.4 7.6000000000000005 0 0 0 1.2000000000000002 0 0 0 0 0 0 0 0 0 0 0 0 0 1.6 0 0 0 0 1.2000000000000002 0 0 1.6 0 0 0 0 0 0 0 0 0 0 1.2000000000000002 0 0 0 0 0 0 7.800000000000001 4.6000000000000005 11.4 0 0 2.8000000000000003 0 0 2.4000000000000004 0 0 0 0 0 0 0 0 6.4 9.8 0 2.2 0 0 3.8000000000000003 6.4 4.4 0 0.2 0 8 3.8000000000000003 5.4 4.800000000000001 0.2 0 4.2 2.4000000000000004 0 0 0 0 0 0 0 0 0 0 0 0 0 0 0 0 4 0 0 0 0 0 0 0 0 0 0 0 0 0 0 0 0 0 2.6 0.2 0.8 29.6 8.4 0 1.2000000000000002 0 0 0 0 0 0 0 0 0 0 0 0 0 0 0 0 0 0 0 0 0 0 0 0 0 0 0 0 0 
