 0 17 33.800000000000004 27.8 41 49.400000000000006 54.800000000000004 7.800000000000001 26.6 18.6 9.8 24 47 9.8 6.2 69.2 4.800000000000001 24.200000000000003 27.6 35.4 0 0 0 0.2 0.4 0.6000000000000001 0.6000000000000001 0 0.4 0 0.8 0 0 0.6000000000000001 0.8 0.6000000000000001 0 0.2 0 0.4 0.2 0 0.6000000000000001 1 0.4 0.4 0.4 0.6000000000000001 0 0 6.4 0 0.6000000000000001 0.4 2.4000000000000004 0 0.4 1 0 0.6000000000000001 0 0 0 0 0 0 0.6000000000000001 0.6000000000000001 0.4 0 0 0 0 0.8 0 0.6000000000000001 0 0 0.4 0 0 2.4000000000000004 6.6000000000000005 5.6000000000000005 6.4 0 5.6000000000000005 0.6000000000000001 1.2000000000000002 8.200000000000001 0 2 2.2 17.6 3.6 0 1.8 5 0 3.2 0 0 0 0.2 0 0 0 0 0 1.4000000000000001 0 0 0 1.8 0 0 0 0 2.2 0 5.4 0 0 0 0 0 0 0 0 0 0 0 0 0 0 0 0 0.6000000000000001 0.2 0 0 0 0 0 0 0 0 0 0 0 0 0 0 0 0 0 0 0 0 0 18 0 0 0 0 2.2 3 4 0 4.2 0.6000000000000001 0 3.2 1.4000000000000001 0 0 0 0 5.2 1.6 0 0 0 0 0 0 0.2 0 3.8000000000000003 0 0.2 0 3 0 0.4 0 0 0 0 0 0 0 0 0.4 0 0 0 0 0 0 0 0 0 0 0 0.4 0 0 0 0 0 0 0 0 0 0 0 0 0 0 0 0 0 0 0 0 0 0 0 0 0 1 0 0 0 0.4 0 0.4 0 0 0 0 0 0 0 0 0 0 0 0 0 0 0 0 0 0 0 0 0 0 0 0 0 0 0 0 0 0 0 0 0 0 0 0 0 0 0 0 0 0 
 17 0 56.2 51 54 6 35.2 27.8 73 8.200000000000001 14.200000000000001 26.400000000000002 13.600000000000001 12 8 10.600000000000001 6.6000000000000005 53 6.800000000000001 25.200000000000003 0 0 0 0 0.4 0.6000000000000001 0.4 0.4 0.8 15 0.6000000000000001 0 0 0.6000000000000001 0 0.6000000000000001 0 0 6 0.4 0 0 0 0.6000000000000001 0 0 0 0.8 0 0 0 0 0 0 0.4 0 0 0.4 0 0 0 0.2 0 0.6000000000000001 0 0 0.6000000000000001 0 0 0 0.4 0 0.4 0.2 0 0 0 0 1.2000000000000002 0.2 5.800000000000001 0.8 3.8000000000000003 3.6 7.6000000000000005 0 0.2 6.2 5 6.4 1.6 1 0 0 2.8000000000000003 1.8 5.800000000000001 0 2.8000000000000003 0.2 0 0 0 0 0 0 0 0 0 0 0 0 6.800000000000001 3.2 0.4 0 0 0 5.800000000000001 0 0 0 0 0 0 0 0 0 4 0 0 0 0.4 0.2 0 0 0 0 0 0 1.4000000000000001 0 0 0 0 0 0.8 0 0 0 0 0 0 0 0 0 0 0.2 0 0 0 6.2 0 3.2 4.2 3.8000000000000003 0 7.4 8.4 2.6 2.6 0 0.8 0.4 3.6 2.8000000000000003 3 8.200000000000001 0 1.6 0.2 0 0 0 0 0 0 0 0 0 0 0 0.2 0 0 0 0.2 0 11 2.4000000000000004 0 0 0 0 0 0 0 0 0 0 0 0 0 0 0 0 0 0 0 0 0 0 0 0 0 0 0 0.4 0 0.4 0 0 0 0 0 0 0.4 0 0 0 0 2.2 0 0 0 0 0 0 0.4 2.2 0 0.8 0 0 0 0 0 0 0 0 0 0 4.800000000000001 0 0 0 0 0 0 0 0 0 0 0 0 3.4000000000000004 0 0 0 0 0 0 0 0 0 0 0 0 0 0 
 33.800000000000004 56.2 0 123.60000000000001 59 11.200000000000001 12.4 59 59.400000000000006 49.400000000000006 27 86.80000000000001 35.2 53.6 28.8 13.8 49.6 56.2 8.4 15 0 0 0 0 0.4 1 0.2 0 0.8 0 0.6000000000000001 0 28.8 0.6000000000000001 0.6000000000000001 1 0 0.6000000000000001 22.400000000000002 27.400000000000002 0.4 0 0.4 1 0 0 0 0.6000000000000001 0 0 0 0 0 0 1.2000000000000002 0 0 0.4 0 0 0.8 0 0 0.4 0 0.4 0.4 0.6000000000000001 0 0 0 0 0 0 0 0 0 0 0.4 0 4 0.2 0 6.4 5.800000000000001 3.4000000000000004 0 0 0 5.800000000000001 4.4 1 0 0.6000000000000001 4.4 3.6 5 2.6 0 0 0 0 0 0 0 0 0 0 0.2 0 0 0 9.4 3.2 0.6000000000000001 0 0 0 2 0.2 0 0 0 0 0 0 0 0 0 0 0 0 0 0 2.8000000000000003 0 0 0 0 0 0 0 1 0 0 0 0 0 0 0.6000000000000001 1.2000000000000002 0 0 0 0 0 0 0 0 0 6.2 6.2 3.2 3.2 7.2 6.2 0 3.2 3 4.6000000000000005 2.2 0 3.2 0 0 0.2 1.6 10.8 0 0 0 0 0 0 0 0 2.4000000000000004 0 0 0 0.2 0 1.2000000000000002 0 1.4000000000000001 0 0 0 3.8000000000000003 5 0 0 0 0 0 0 0 0 0 0 0 0 0 0 3.4000000000000004 0 0 0 0 0 0 0 0 0 0 0 0 0 0 0 0 0 0 0 0 0 0 0 0 0 0 7 0 0 0 0 0.2 0.4 0.4 18.400000000000002 0 1 0.4 0 0 0 0 0 0 0 0 0 3.4000000000000004 0 0 0 0 0 0 0 0 0 0 0 0 0 2 4 0 0 0 0 0 0 0 0 0 0 0 0 
 27.8 51 123.60000000000001 0 46.800000000000004 13.200000000000001 61.6 15.200000000000001 38 62.400000000000006 9.200000000000001 9.8 13 44 72.4 13 11.200000000000001 43 14 21.400000000000002 3.6 0 0 0 0.6000000000000001 0.6000000000000001 7.6000000000000005 0 0.6000000000000001 0 0.6000000000000001 0 0 0.6000000000000001 0.8 1.2000000000000002 0 0 20.200000000000003 17 0 0 0.4 0.6000000000000001 0.6000000000000001 0 0.4 0.4 0.2 0 0 1 0.4 0 0.4 0 0 8.8 0 0.6000000000000001 0.2 1 0 0 0 0.2 0.6000000000000001 0 0 0 0 0 0 0.4 0 0 0 0 0.4 0 0 4 0.2 3 4.2 1.6 0 1.6 2.6 4 1.8 5.6000000000000005 0.2 2.8000000000000003 2.8000000000000003 9.8 4.4 2.6 0 0 0 0 0 0 0 0 0.2 0 5.4 0 0 0 4.800000000000001 6.6000000000000005 4.4 0 0 0 4.2 1.2000000000000002 0 0 2.6 0 0 0 0 0 0 0 0 0 0 0 0 0 0 0 0 0 0 0.4 1.4000000000000001 0 0 0 0 0 0 0 0.8 0 0 0 0 0 0 0.4 0 0 1.2000000000000002 0 9.8 3.2 0 1.8 0 0 3.4000000000000004 7.4 1 2 2.4000000000000004 0 2.2 0 6.800000000000001 12.600000000000001 2.8000000000000003 0 1.8 0 0.2 0 0 0 12.8 2.6 0 0 0 0 2 0 1.8 0 0 0 1.4000000000000001 3.8000000000000003 0 0 0 0 0 0 0 0 0 0 0 0 0 0 0.4 0 0 0 0 0 0 0 0 0 0 0 0 0.2 0 0 0 0 0 0 0 0 0 0 0 0 0 3 0 0 0 0 0 0 0.4 17.8 0 2 0 0 0 0 0 0 0 0 0 0 4.2 0 0 0 0 0 0 0 0 0 0 0 0 2.2 4.800000000000001 3.8000000000000003 0 0 0 0 0 0 0 0 0 0 0 0 
 41 54 59 46.800000000000004 0 30.400000000000002 23.400000000000002 14 50.6 52.800000000000004 43.800000000000004 48.800000000000004 38.800000000000004 60 98.80000000000001 19.6 33.6 7 52.2 24.400000000000002 6.2 15.600000000000001 0 0 1 1.8 0.4 0 0.4 0 1.4000000000000001 0.8 31.8 16 0.2 1.8 0.4 0.4 15.200000000000001 14.8 0.4 0.2 0.4 1 0 12.8 0 0.6000000000000001 0.8 0.4 0 0 0.6000000000000001 0 1.2000000000000002 1.6 0.6000000000000001 0.4 0 0 0 0 0.4 0 0 0.4 0.4 0 0.4 0 0 0.4 0 0.8 0.6000000000000001 0 0.4 0.6000000000000001 0.4 0.6000000000000001 3.4000000000000004 3.4000000000000004 2.6 2.2 3 2.2 0.4 0 2 0.2 0 4.800000000000001 0.2 2.8000000000000003 3 3.2 2.4000000000000004 3 0 0 0 0 0 0 0.6000000000000001 0.2 0 5 1.8 0 0 0 8.8 3.4000000000000004 0 0 0 0 4.4 0 0 0 0 0 0 0 0 0.6000000000000001 0 0 0 0 0 0 0 0 0 0 0 0 0 0 0.8 0 0 0 0 0 0 0 1.4000000000000001 0 0 0 0 0 0 0 0 0 0.8 5.6000000000000005 2.6 7.4 9.200000000000001 3.4000000000000004 0 3.2 3.4000000000000004 2.6 7.2 3.2 0 0 0 0.2 0 0 0 0 0 2.6 0 0 0 0 1.6 0 2.6 0 0 0 3.8000000000000003 1.6 2 0 2.6 0 2.4000000000000004 4.800000000000001 0 0 0 0 0 0 0 0 0 0 0 0 0 0 0.2 0.4 0 0 0 0 0 0 0 0 0 0 0 3.6 0 0 0 0 0 0 0.2 0 0 0 0 0 0 3.2 0 0 0 0.6000000000000001 0 0 0.4 0.8 0.4 0.8 0.6000000000000001 0 0 0 0 0 0 0 0 0 0 0 0 0 0 0 0 0 0 0 0.2 0 0 0 0 1.6 0 0 0 0 0 0 0 0 0 0 0 0 
 49.400000000000006 6 11.200000000000001 13.200000000000001 30.400000000000002 0 7.6000000000000005 7 9 44 35.2 85.4 6.2 52.800000000000004 71.4 18.2 23.200000000000003 10.600000000000001 14.200000000000001 9.4 50.800000000000004 0.2 0 0 0.4 0.6000000000000001 16 4 0.6000000000000001 16 0.6000000000000001 0 46.800000000000004 8.200000000000001 0.2 0.6000000000000001 0 0.2 49 30.400000000000002 0.6000000000000001 0 0 0.6000000000000001 0 0 0 0.6000000000000001 0 0 0 0 0 0 0.6000000000000001 0 0 0.4 0 0 0.2 0 0 0 7 0 0.4 0 0 0 0 0 0 0 0 0 0 0 0.4 0 0 0 0 0 0 10.8 0 0 0 0 1.8 0 0 0 0 0 0 0 0 0 0 2 2.8000000000000003 3.8000000000000003 0 0 7.2 4.6000000000000005 2.8000000000000003 2.2 0 2.4000000000000004 2.4000000000000004 0 3.6 0 7.2 0 0 2 0 0 0 0 0 0 0.4 0 0 0 0 0 3.2 0 0 0 0 0 0.2 0 0 6.4 0 1.4000000000000001 0 0 0 0 1 0 0 0 0 0 0 0 0.6000000000000001 0 0 0 0 0 0 1.4000000000000001 6.6000000000000005 0.2 0 0 0 0 13.8 2 0 0 0.4 4.4 0 0.4 0 0 4.2 11.8 0 3.4000000000000004 2 0 0 2.4000000000000004 5.4 2.2 0 0 0 7.2 4.800000000000001 2.6 17.8 0 0 2 0 0 0 0 0 1.8 0 0 0 0 0 0 0 0 0 0 0 0 0 0 0 0.2 0 0 0 0 0 0 0 0 0.4 3.2 0 0 0.2 0 0 0 0 0 0 0.4 2 0 0 0.4 8.6 0 16 0 1.8 2.4000000000000004 3.4000000000000004 0 0 0 0 0 0.4 0 0 0 0 0 0 0 0 0 0 0 0 0 0 0 0 0 0 0 0 0 0 0 0 0 0 0 0 0 0 0 
 54.800000000000004 35.2 12.4 61.6 23.400000000000002 7.6000000000000005 0 23.8 9.600000000000001 27.6 65.60000000000001 52 87.80000000000001 56.6 69.4 50.6 41.2 7 9.4 33 0 0.4 0 0 0.4 1 0.2 0 0.4 0.2 0.6000000000000001 0 0 0.6000000000000001 0 0.6000000000000001 0 14.8 0 0 0.4 0 0.4 1 0 0 0 13.8 0.4 0 0 0 0 0 0.6000000000000001 0 0 0.2 0 0 0 0 0.6000000000000001 0 0 0 0.4 0 0 0 0 0 0 0.4 0 0 0 0 0.4 0 7.800000000000001 5 2.8000000000000003 4.800000000000001 0 0 2.2 6.6000000000000005 2.4000000000000004 3 0 1.2000000000000002 0 0.4 3.6 0 6 11 1.8 12.8 0 0 0 0 0 0 0 0 0 0 0 0 0 0 0 0 0 0 0 0.2 0 0 0 4 0 0 0 0 0 0 0 0 0 0 0 0 0 0 0 0 0 0 0 0 0 0 0 0 0 0 0 0 0 0 0 0 0 1 0 0 0 3.4000000000000004 0 0 0 0 2.6 0 0 0 0 0 10.600000000000001 3.2 4.4 1.4000000000000001 0 0 2.2 2.8000000000000003 0 0 0 0 0 0 0 0 0 0 0 0 0 0 0 0 0 0 0 0 0 0 0 0 0 0 0 0 0 0 0 0 0 0 0 0 0 0 0 0 0 0 0 0 0 0 0 0 0 0 0 0 0 0 0 0 0 0 0 0 0 0 0 0 0 0 0.4 0.4 0.4 0.2 0.2 1.4000000000000001 0 0 0 0 0 0 0 0 0 0 0 0 0 0 0 0 0 0 0 0 0 0 0 2.2 0 0 0 0 0 0 0 0 0 0 0 0 0 0 
 7.800000000000001 27.8 59 15.200000000000001 14 7 23.8 0 30.8 4.4 16.8 68.60000000000001 44.400000000000006 55.800000000000004 46 41 8 39.2 30 66.8 0 0 0 0 0.4 1.4000000000000001 0.8 0 0.4 0 17.2 0 0 0.6000000000000001 0.2 1 0 0 0 0 0 0.4 0.4 0.6000000000000001 0 0 0 0.4 0 0 0 0 0.4 0 0.4 0.2 0 0.4 0 13 0 0.8 0 0 0 0 0.6000000000000001 0 0 0 0.4 0 0 0.4 0 0 0 0 0.4 0 3.8000000000000003 0 2.2 3 0.6000000000000001 0 0 5.6000000000000005 6.2 3.8000000000000003 0 1.8 0.2 2 3 4 7.2 1 2.8000000000000003 4.2 0 0 0 0 0 0 0 0 0 0 0 0 0 0 0 0 0 0 1.8 0 0 0 0 0 0 0 0 0 0 0 0 0.4 0 0 0 0 0 1.2000000000000002 0 0 0 0 0 0 0 0 1.2000000000000002 0 0 0 0 0 0 0 0 0 0 0.4 10.600000000000001 0 0.2 0.4 2 0 0 0 3.4000000000000004 3.4000000000000004 2.2 0 0 0 5 3.8000000000000003 0.2 2.8000000000000003 6.800000000000001 0.8 0.2 4 0 0 0 0 0 0 0 0 0 0 0 0 0 0 0 0 0 0 3.4000000000000004 0 0 3.6 0 0 0 0 0 0 0 0 0 0 0.2 0 0 0 0 0 0 0 0 0 0 0.2 0 0 0 0 0 0 0 0 0 0 0 0 0 0 0 0 0 0 0 0 0 0 0 0.2 0 0 0 0 0 0 0 0 0 0 0 0 0 0 0 0 0 0 0 0 0 0 0 0 0 0 0 0 0 0 0 0 0 0 0 0 0 0 0 0 0 0 
 26.6 73 59.400000000000006 38 50.6 9 9.600000000000001 30.8 0 153.8 70.2 24 42.400000000000006 43.2 32.800000000000004 30 9.200000000000001 47.2 32.4 34 0 0 0 0.4 1.6 0.6000000000000001 0.2 0 0.4 1 0.8 0 0.2 0.6000000000000001 0.2 1.4000000000000001 0.6000000000000001 0 15.4 11.600000000000001 0.2 0 0 4.2 0.4 0 13 0.6000000000000001 0 0 0.4 0.2 0 0 1.8 0 0.4 0.6000000000000001 0 0 0.8 0 0 0 0 0.4 0.6000000000000001 0 0 6.2 0 0.4 0 0 1.4000000000000001 0 0 0.4 0.4 0 2 6.4 5.2 4.6000000000000005 0 6.6000000000000005 3.4000000000000004 0.2 0 0 1.2000000000000002 0.4 2.6 0 4.4 4.4 3.2 3.2 0 0 0 0 0 0 0 0 0 0 2 0 0 0 7 0 0 0 0 0 2.2 0 0 0 0 0 0 0 0 0 0 0.2 0 0 0 0 0 3.2 0 0 0 0 0 0 0.6000000000000001 0 0 0 0 0 0 0 0.4 0 0 0 0 0 0 0 0 0 10.4 6.6000000000000005 3 4.4 4.6000000000000005 8.6 8.6 0 2.8000000000000003 7.6000000000000005 4.2 0.2 0.2 0 5 2 5 4.4 0 0.4 0 0 0 0.2 0 0 2.6 0.2 0.2 0 0 0 6 0 1.8 0 0 0 2.4000000000000004 6 0 0 0 0 0 0 0 0 0 0 0 0 0 0 0 0 0 0 0 2 0 0 0 0 0 0 0 0 0.4 0 0 0 0 0.4 0 0 0 0 0 0 0 0 0 0 0 0 18.2 0 0.2 0.4 0 1 2.6 0 0 0 0 0.2 0 0 0 0 0 0 0 0 0 0 0 0 0 0 0 0 0 0.2 2.8000000000000003 4.6000000000000005 0 0 0 0 0 0 0 0 0 0 0 0 
 18.6 8.200000000000001 49.400000000000006 62.400000000000006 52.800000000000004 44 27.6 4.4 153.8 0 72.4 27.400000000000002 28.400000000000002 20.200000000000003 19.8 37.6 34.2 9.600000000000001 16.2 51.800000000000004 16 0 0 0.4 0.4 0.6000000000000001 0.2 0 0.8 0 0.6000000000000001 0 30.200000000000003 15.600000000000001 0.4 1.2000000000000002 0.6000000000000001 0.4 4.6000000000000005 29.6 0.8 0 0.4 2.2 0 5 0.2 0.6000000000000001 0 0.4 0 1 0.2 0 0.6000000000000001 0.4 1.2000000000000002 0 1 0.2 1.4000000000000001 0 0 0 18.2 0.4 0.4 0 0 0 0 0.4 0 0 0 0 0 0 0.4 0 4.6000000000000005 3.4000000000000004 6.800000000000001 0.2 0 2.8000000000000003 3.4000000000000004 4.6000000000000005 3 0 5.6000000000000005 1.6 3.6 0 2.4000000000000004 1.2000000000000002 2.2 0 0 0 0 0 0 0 0 0.2 0 2.8000000000000003 2.4000000000000004 0 0 0 7.6000000000000005 0 0 0 0 0 1.2000000000000002 0 0 0 0 0 0 0 0 0 0 0 0 0 0 0 0 0 0 0 0.2 0 0 2.6 0.8 3.4000000000000004 0 0 0 0 0 0.2 0 0 0 0 0 0 0 2.2 0 0 2.8000000000000003 4.2 0.8 3 9.8 4.4 0 0 6.800000000000001 5.2 7.6000000000000005 0 0 0.6000000000000001 5 9.200000000000001 0 4.2 0 4.6000000000000005 0 0 2.2 0 0 0 0 0 0 0 0.2 0 2.2 0 2.6 0 0.2 0 2.4000000000000004 3.2 0 0 0 2.6 0 0 0 0 0 0 0 0 0 0 0.2 0 0 0 0 0 0 0 0 0 0 0 0 0 0 0 0 0 0 0 0 0 0 0 0 1.4000000000000001 0 0 0 0 0 0 35.4 0 0.2 0.4 0 0.8 2 0 0 0 0 0 0 0 0 0.4 0 0 0 0 0 0 0 0 0 0 0 0 0 0 0 0 0 0 0 0 0 0 0 0 0 0 0 0 
 9.8 14.200000000000001 27 9.200000000000001 43.800000000000004 35.2 65.60000000000001 16.8 70.2 72.4 0 51.400000000000006 17.2 33.6 28.8 50.800000000000004 27.6 52.6 47.400000000000006 33.6 15.200000000000001 0.2 0 0 0.4 0.6000000000000001 15.200000000000001 0 0.8 0 0.6000000000000001 0 0.2 0.6000000000000001 12.600000000000001 0.8 0 0 17.400000000000002 0 0.6000000000000001 0 0.4 0.6000000000000001 0 0 0 0.6000000000000001 0.4 0 0 0 0 0.2 0.6000000000000001 0 0 0.4 0 0 0.2 0.4 0 0 0 0 0.4 0 0 0 0 0 0 0.4 0 0 0 0 0.4 0 2 0 12.8 3 0.2 4.4 5.4 0.2 0 3.8000000000000003 1.6 10 2.6 0 2.8000000000000003 2.4000000000000004 3.6 1.8 0 0 0 2 0 0 0 0 2.4000000000000004 0 0 2.8000000000000003 0 0 0.2 0 3.6 0 2.8000000000000003 0 10.4 0 0 0 0 0.8 0 0 0 0 0 0 0 0 0 0 0 0 0 0 0 0 0 0 0 0 0 0 1.4000000000000001 0 0 0 0 0 0 0 0 0 0 0.2 0 0 0 0 0 0 2 0 0 0 0 0 0.8 5.2 3.2 0 0.2 2 4.800000000000001 0.4 0 0.2 0.2 0 0 0 0 0 6.2 0 0 0 0 0 0 1.8 2 0 4.4 0 3 3.8000000000000003 0 0 0 4.4 0 0 0 0 0 0 0 0 0 0 0 0 0 0 0 0 0 0 0 0 0 0 0 0 0 0 0 0 0 0 0 0 0 0 5.6000000000000005 0 0 0 0.2 0 0 0 0 0 19.200000000000003 0 0.4 0 0 0 0 0 0 0 0 0 0 0 0.2 0 0 0 0 0 0 0 0 0 0 0 0 0.2 0 0 0 0 0 0 0 0 0 0 0 0 0 0 
 24 26.400000000000002 86.80000000000001 9.8 48.800000000000004 85.4 52 68.60000000000001 24 27.400000000000002 51.400000000000006 0 7.2 67.8 27.200000000000003 9.8 16.6 11.4 24 47.2 15.600000000000001 0.4 0.2 0 0.6000000000000001 0.6000000000000001 0.2 0.2 0.4 0 0.6000000000000001 0 5.2 7.4 0.2 0.6000000000000001 0.6000000000000001 0 27.6 15.4 0.2 0 0 0.6000000000000001 0.4 0 0 0.6000000000000001 0 0 0 0 0 0 0.6000000000000001 0 0 0 0 0 0.8 0 0 0 0 0 0.4 0 0 0 0 0 0 0 0 0 0 0 0.4 0 1.2000000000000002 11.200000000000001 0.2 2.2 4.4 4.2 2.6 0 2.2 0 0 5 0 2.6 3 3.4000000000000004 0.2 2.6 0 0 3.2 0 0.4 0 0 0.4 0.2 4 2.6 0 0 3.2 7.4 2.6 0 0 2.4000000000000004 0 3 0 0.4 0 0 0 0 0 0 0 0 0 0 0 0 0 0 0 0 0 0 0 0 0 2.4000000000000004 0 0 2.8000000000000003 0 0 0 0 0.8 0 0 0 0 0 0 0 0 3.6 0.2 0 2.8000000000000003 5.2 7.800000000000001 4.6000000000000005 0 3 0.4 4.6000000000000005 2.8000000000000003 2.2 0 0 0 2.2 0 0 0 0 0 0 3.2 0 0 0 4.2 0 4 3.2 0.2 0 7.2 2.4000000000000004 1.8 2 8.200000000000001 0 2.2 7.800000000000001 0 0 0 0 0.4 0 0 0 0 0 0 0 0 0 0 0 0.4 0 0 0 0 0 2 0 0 0 0 0 0 0 0 0 0 0 4.4 0.2 0 0 0 0 0 2.8000000000000003 0 0 0 0.4 0 0.2 0.6000000000000001 0 0.4 1.2000000000000002 4 0 0 0 0 0 0 0 0 0 0 0 0 0 0.4 0 0 0 0 0 0 0.2 0 0 0 5.6000000000000005 0 0 0 0 0 0 0 0 0 0 0 0 
 47 13.600000000000001 35.2 13 38.800000000000004 6.2 87.80000000000001 44.400000000000006 42.400000000000006 28.400000000000002 17.2 7.2 0 17.8 68.8 42.2 47.2 94 29.6 36 0 0 0.4 0.2 0.6000000000000001 16.6 0.2 0 0.4 0 0.6000000000000001 0 0 0.6000000000000001 0.2 0.6000000000000001 0 0 0 0 0.6000000000000001 0 0.4 1.2000000000000002 0 0 0 0.6000000000000001 0 0 0 0 0 0 0.6000000000000001 0 0 0.6000000000000001 0 0 0 0 0 0 0 0 0.4 0 0 0 0 0 0 0.4 0 0 0 0.8 0.4 0 2.2 5 6.800000000000001 3 0 0 8 6 3 2.8000000000000003 0 13.600000000000001 2.4000000000000004 1.6 2.6 0 10.200000000000001 0 1.4000000000000001 10.600000000000001 0 0 0 0 0 0.2 0 0 0 0 0 0 0 0 0 0 0 0 2 0 0 0 0 0 0 0 0 0 0 0 0 0.4 0 0 0 0 0 0 0.2 0 0 0 0 0 0 0 2 0 0 0 3 0 0 0 0 0 0 0.2 0 0 2.2 0 0 0 0 0 0 0 0 0 1.4000000000000001 0 5.800000000000001 4.800000000000001 3 0 0 0 0.4 2.8000000000000003 0 0 0 0 0 0 0 0 0 0 0 0 0 0 0 0 0 0 0 0 0 0 0 0 0 0 0 0 0 0 0 0 0 3.4000000000000004 0.2 0 0 0 0 0 0 0 0 0 0 0 0 0 0 0 0 0 0 0 0 0 0 0 0 0 0 0 0 0 0 0.4 0 0 0.4 0 0.4 2.6 0 0 0 0 0 0.2 0 0 0 0 0 0 0 0 0 0 0 0 0 0 0 0 0 0 0 0 0 0 0 0 0 0 0 0 0 0 0 0 
 9.8 12 53.6 44 60 52.800000000000004 56.6 55.800000000000004 43.2 20.200000000000003 33.6 67.8 17.8 0 15.4 8 32.800000000000004 16.8 22.8 80 0 0.2 0.2 0.4 0.8 0.8 0.6000000000000001 0.2 1.4000000000000001 0.2 1.2000000000000002 0.8 0.6000000000000001 1 0.8 1 0.2 0.2 0.2 0 0.8 0 0 1 0.2 0.2 0.4 0.8 1 0.4 0.4 0.4 0 1.2000000000000002 0.4 0.4 0.2 0.2 0 6.4 0.4 1 0.4 0 0.4 0 0.6000000000000001 0 0 0 0.8 0 0.4 0.4 0 0 0 0 0.4 0 5.6000000000000005 3.2 3.8000000000000003 3 2.2 0 6.4 7.6000000000000005 2.6 5.6000000000000005 4.2 0.6000000000000001 5.2 0 2.6 3 3.6 0 0 2.2 0 0 0 0 0 0 0 0 0 0 0 0 0 0 0 0 0 0 1.8 0 0 0 0 0 0 0 0 0 0 0 0 0 0 0 0 0 0 0 0 0 0 0 0 0 0 0 0 0 0 0 0 0 0 0 0 0 0 4.800000000000001 6 0 0 3.6 0 0 0 0.2 0 0 4.2 1.8 0.8 0 3.8000000000000003 1.2000000000000002 9.600000000000001 2.8000000000000003 3.2 0 0.6000000000000001 0 0 0 0 0 0 0 0 0 0 0 0 0 0 0 0 0 0 0 0 0 0 0 0 0 0 0 0 0 0 0 0 0 0 0 2 0 0 0 0 0 0 0 0 0 0 0 0 0 0 0 0 0 0 0 0 0 0 0 0 0 0 0 0 0 0 0.2 17.400000000000002 0 0.2 0.6000000000000001 0.2 2.2 0 0 0 0 0 0.2 0 0 0 0 0 0 0 0 0 0 0 0 0 0 0 0 0 5 0 0 0 0 0 0 0 0 0 0 0 0 0 0 
 6.2 8 28.8 72.4 98.80000000000001 71.4 69.4 46 32.800000000000004 19.8 28.8 27.200000000000003 68.8 15.4 0 34.6 14.8 23.400000000000002 12 62 0 0.2 0 0 1 1 1 0.6000000000000001 0.4 0 1.2000000000000002 0 0 0.6000000000000001 0 0.6000000000000001 0 0 0 0 0 0 0.6000000000000001 1.6 0.4 0.2 0 0.6000000000000001 1.2000000000000002 0 0.2 0 0.2 0 2 0 0.4 1.2000000000000002 1.2000000000000002 0.2 0 0 0 0 0 1 0.6000000000000001 0 0 0 0 0 0 0.2 0 0 0 0 0.4 0 0.8 6.6000000000000005 5 2 0 3.4000000000000004 2.8000000000000003 7.800000000000001 2.6 0 0.8 6.2 2.6 1.4000000000000001 2.4000000000000004 7 6.800000000000001 12 1.4000000000000001 2.4000000000000004 0 0 0 0 0 0 0 0 5.2 0 0 0 0.2 0.8 0 0 0 0 0 0 0 0 0 0 0 0 0 0 0 0 0 0 0 4.2 0 0 0 0 0 0 0 0 0.4 0 0 0 0 0 0 0 1 0 0 0 0 0 0 0 2.4000000000000004 0 2.8000000000000003 0 4.6000000000000005 0 0 2.2 2 0.2 0.8 3.8000000000000003 0 1.2000000000000002 3.4000000000000004 1.8 6.4 0 0.6000000000000001 0 2.4000000000000004 0.4 3 0 0 0 1.6 0 2.8000000000000003 0 0 0 0 0 8.8 0 0 0 0 0 0 0 0 0 0 0 0 2.8000000000000003 0 0 0 0 0 0 0 0 0 0 0 0 0 0 0 0 0 0 0 0 0 0 0 0 0 0 0 0 0 0 0 0 0 0 0 0 0 0 0 0.4 19.6 0.4 1.2000000000000002 17.400000000000002 0 0.8 0 0 0 0 0 0 0 0 0 0 0 0 0 0 0 0 0 0 0 0 0 0 0 0 0.6000000000000001 4.800000000000001 0 0 0 0 0 0 0 0 0 0 0 0 
 69.2 10.600000000000001 13.8 13 19.6 18.2 50.6 41 30 37.6 50.800000000000004 9.8 42.2 8 34.6 0 14.8 42.800000000000004 10.8 32.6 0.2 0.2 0 0 0.4 0.6000000000000001 10.4 0 0.4 0 0.6000000000000001 0 0 0.6000000000000001 0 0.6000000000000001 0 0 0 0 0.4 0 0.2 1.2000000000000002 0 0 0 0.6000000000000001 0 0 0.6000000000000001 0 0 0 1.4000000000000001 0 0 0 0 0 0 1 0 0 6 0 0.4 0 0 0 0 0 0 0.2 0 0 0 0 0.4 0 2.4000000000000004 8.8 12 2.2 0.4 3.4000000000000004 1.8 2.8000000000000003 3.4000000000000004 0 6 5.4 3 8.200000000000001 2.8000000000000003 5.6000000000000005 5.6000000000000005 10.600000000000001 0 0.2 0 0 0 0 0 0 0 0 2 0 0 0 0 4 0.2 0 0 4 0 1.8 0 0 0 0 0 0 0 0 0 0 0 0 0 0 0 4 0 0 0 0 0 0 0.2 0 0 0 0.4 0 0 0.2 0 0 0 0 0 0 0 0 0 0 2.6 0 5.2 0.2 0 2 3.8000000000000003 0.2 2.8000000000000003 9 0 2 9.4 0.2 3.2 0 0 0.2 4.800000000000001 1 6.2 0 0.4 0 0 0 3.8000000000000003 1.6 0 0 0 0 2.6 0 0 0 0 0 0 0 4.4 0 0 2 0 0 0 0 0 0 0 0 0 0.2 0 0 0 0 0 0 0 0 0 0 0.4 0.4 0 0 0 0 1.2000000000000002 0 0 0 0 0 0 0.2 0 0 0 0 0 0 0 0 17.6 0.4 0 0.8 0 0 0 0 0 0 0 0 0 0 0 0 0 0 0 0 0 0 0 0 0 0 0 0 0 0 5 1 0 0 0 0 0 0 0 0 0 0 0 0 
 4.800000000000001 6.6000000000000005 49.6 11.200000000000001 33.6 23.200000000000003 41.2 8 9.200000000000001 34.2 27.6 16.6 47.2 32.800000000000004 14.8 14.8 0 13.8 5.4 63.400000000000006 0.4 0 0.4 0 0.4 2 15.200000000000001 0 1.6 0.8 0.6000000000000001 0.2 0 0.6000000000000001 1 2.6 0 0 0.8 7.2 1 0 0 1.2000000000000002 0 0 0.6000000000000001 0.6000000000000001 1.2000000000000002 0 0 0 0 1.2000000000000002 0.4 0 0 0.6000000000000001 0 14.4 0.6000000000000001 0 0 0 0 0 0.4 0 0 0 0.8 0 0.6000000000000001 0 0 0 0.4 0 0.4 0 2 3.4000000000000004 3 0.4 0.2 0 0 3.4000000000000004 3.4000000000000004 0 9.200000000000001 5.2 4 0 5.4 0.6000000000000001 2.2 2.2 5 0.2 0 0 0 0 0 0 0 1.2000000000000002 2.4000000000000004 0 0 0 3.4000000000000004 0.2 0 0 0 0 2.8000000000000003 0 0 0 0 0 0 0 0 0 0 0 0 0 0 0 0 0 0 0 0 0 0 0 0 0 0 0 0 0 0 0 0 0 0 0 0 0 0 1 0 0 2.8000000000000003 7.2 0.2 1.6 0 1.6 0 0.2 7.4 4.800000000000001 2 2.6 3.2 1.2000000000000002 7.4 13 3.4000000000000004 4.2 5.800000000000001 0 0 0 0 0.4 0 0 0 0 0.4 0 0 0 2.4000000000000004 0 0 0 0.2 0 4 4.2 0 0 0 0 0 0 0 0 0 0 0 0 0 0 0 0 0 0 0 0 0 0 0 0 0 0 0 0 0.2 0 0 0 0 0 0 0 0 0 0 0 0 0 0 0 0 0.6000000000000001 17 0.4 0 19.200000000000003 0 2.4000000000000004 3.4000000000000004 0 0 0 0 0 0 0 0 0 0 0 0 0 0 0 0 0 0 0 0 0 0 1.2000000000000002 0.4 0 0 0 0 0 0 0 0 0 0 0 0 0 
 24.200000000000003 53 56.2 43 7 10.600000000000001 7 39.2 47.2 9.600000000000001 52.6 11.4 94 16.8 23.400000000000002 42.800000000000004 13.8 0 5.6000000000000005 66.8 0 0 3.4000000000000004 0 0.4 0.6000000000000001 7.4 0 0.4 0.4 0.6000000000000001 0 0 0.6000000000000001 0 0.6000000000000001 0 0 0 0 13.4 0 12.600000000000001 1 0 0 1 0.6000000000000001 0 0 0 0 15 0 1.4000000000000001 0 0 0.4 0 0 0 2 0.8 0 0 0 0.4 0 0 0 0 0 0 0.4 0 0 0.4 0 0.4 0 8.200000000000001 8.8 4.4 2 11.4 4.4 1.2000000000000002 3 4.2 6.800000000000001 3.8000000000000003 2.8000000000000003 2.4000000000000004 2.8000000000000003 14.600000000000001 10.600000000000001 2.8000000000000003 3.8000000000000003 0 0 0 0 0 0 0 0 0 0 2 0.4 0 4 2 2.6 0 0 0 0 1.2000000000000002 1.2000000000000002 0 0 0 0 0 0 0 0 0 0 0 0 0 0 0 0 0 0 0 0 0 0 0 0 0 0 2 0 0 0 0 0 0 0.4 0 0 0 0 0 0 5.4 6.6000000000000005 3.2 0.6000000000000001 4 5.800000000000001 4.4 0.2 3.6 0 4.2 0 7.4 0 2 0 5.4 1.8 0 0 1.6 0 0 0 0 0 3.2 2.8000000000000003 0 0 0 0.2 2.2 0 0 0 0.2 0 7.4 0 0 0 0 0 0 0 0.4 0 0 0 0 0 1.8 0 0 0 0 0 0 0 0 0 0 0 0 0 0 0 0 0 0 0 0 0 0 0 0 0 0 0 0 0 0 0 0 0.2 0.6000000000000001 0 1.2000000000000002 3.6 0.2 3.4000000000000004 0 0 0 0 0 0 0 0 0 4.2 0 0 0 0 0 0 0 0 0 0 0 0 0 3.4000000000000004 9.600000000000001 0 0 0 0 0 0 0 0 0 0 0 0 0 
 27.6 6.800000000000001 8.4 14 52.2 14.200000000000001 9.4 30 32.4 16.2 47.400000000000006 24 29.6 22.8 12 10.8 5.4 5.6000000000000005 0 14.4 0.8 0.6000000000000001 0.2 0.2 0.8 0.8 0.6000000000000001 0.2 0.8 0.4 0.8 0.2 0.2 0.8 0.8 0.8 0.2 0.6000000000000001 0.2 0.4 0.4 0 0 0.6000000000000001 0 0 0 0.4 0 0 0 0 0 0.6000000000000001 0.4 0 0 1.4000000000000001 0 0 0.4 0.4 0 0 0.4 0 0.6000000000000001 0 0.4 0 0.8 0.4 0 0.8 0 11 0.4 0 0.8 0 2.6 0 0 0 0 0 9.200000000000001 0.8 1.6 2.8000000000000003 0 0 6.2 7.6000000000000005 1.4000000000000001 0 0 0 2.8000000000000003 5 0 0.4 0 0 0 0 0 0 0 0 0 0 0 0 0 0 0 0 0 0 0 0 0.4 0.2 0 0 0 0 0 0 0 0 0 0 0 0 0 0 0 0 0 0 0 0.4 0 0 0 0 0 0 0 0 5.800000000000001 0 0 0 0 0 0 0 5.4 0 0 0 0 0 2.8000000000000003 6.4 0 0 0 0 0 8.4 3.6 10.8 0 0 1.6 2 0 0 0 0 0 0 0 0 0 0 0 0 0 0 0 0 0 0 0 0 0 0 0 0 0 0 0 0 0 0 0 2.6 0 0 0 0 0 0 0 0 0.4 0 0 0 0 0 0 0 0 0 0 0 0 0 0 0 0 0 0 0 0 0 0 0 0 0.2 0.4 0.2 0.4 0 0.4 1.6 0.4 0 0 0 0 0 0.6000000000000001 0 0 0 0 0 0 0 0 0.2 0 0 0 0 0 0 0 0.2 0 0 0 0 0 0 0 0 0 0.4 0 0 0 0 
 35.4 25.200000000000003 15 21.400000000000002 24.400000000000002 9.4 33 66.8 34 51.800000000000004 33.6 47.2 36 80 62 32.6 63.400000000000006 66.8 14.4 0 0 0.8 0 0 0.4 1.2000000000000002 0.2 0 0.4 0 0.6000000000000001 0.4 0.8 0.6000000000000001 0 1 0 0 0 0 0.6000000000000001 0.4 0.4 1.6 0 0 0 0.6000000000000001 0 0 0.6000000000000001 0.4 0.6000000000000001 0 0.8 0.8 0 0.2 0 0 0 0.8 0 0 0 0 0.4 0.2 0 0 0.4 0 0 0.8 0 0 0 0 0.4 0.4 2 2.2 0 3.4000000000000004 0.8 2.8000000000000003 4.6000000000000005 10.200000000000001 4.800000000000001 0.2 3.4000000000000004 3.4000000000000004 3.6 0 4.800000000000001 2.2 4.2 3.2 1.6 4.4 0 0 0 0 1 0 0 0 0 0 0 0 0 0 0 0 0 0 0 0.2 0 0 0 0 0 0 0 0.4 0 0.4 0 0 0 0 0 0 0 0 0 0 0 0 0 0 0 0 0 0 0 3.6 0 0 0 0 0 0 2 2.6 0 0 0 3.4000000000000004 0 0 0 0 2.6 0.2 3.6 2.4000000000000004 0 0 6 4 9.4 0.4 3.8000000000000003 0 0.6000000000000001 0.4 0 0 0 0.4 0 0 3.8000000000000003 0.4 0 0 0 0 0 0 0 0 0 0 0 0 0 0 0 0 2.4000000000000004 0 0 0 0 0 0 0 0 0 0 0 0 0 0 0 0 0 0 0 0 0 0 0 0.2 0 0 0 0 0.2 0 0 0 0 0 0 0 0 0 0 0 0 9.200000000000001 0 0.4 18.2 0 1.8 0 0 0 0 0 0 0 0 0 0 0 0 0 0 0 0 0 0 0 0 0 0 0 5 0 0 0 0 0 0 0 0 0 0 0 0 0 0 
 0 0 0 3.6 6.2 50.800000000000004 0 0 0 16 15.200000000000001 15.600000000000001 0 0 0 0.2 0.4 0 0.8 0 0 41.6 55.6 28.6 5.4 10.8 19.400000000000002 22.8 7 6.2 74.4 6.6000000000000005 70.8 37.6 38.800000000000004 13.4 25.400000000000002 19.400000000000002 22.8 18.8 0.4 0.2 2.4000000000000004 0.8 0 0 1.2000000000000002 0.8 0.6000000000000001 1.8 1.6 0.2 0 0.6000000000000001 0.8 0.8 5 0.4 0 0 0 0 0 1 10.8 0.4 11.8 0.2 0 0 1.4000000000000001 0.4 0.4 0.2 0 0.6000000000000001 1.8 1.2000000000000002 0.6000000000000001 0.4 0 0 0 0 0 4.800000000000001 0 0 0 0 0 6 0 0 0 0 0 0 0 0 0 2 0.4 2.2 0 0 8.200000000000001 6 1.2000000000000002 0.4 0 4.2 3.8000000000000003 0 0.2 7.2 2 5.2 0 0 0 0 0 2.6 0 0 0 0 0 0 0 2.4000000000000004 0 0.2 0 0 0 0 0 0 0 1 0 2.4000000000000004 0 0 0 0 0 0 0 0 0 0 0 0 0 0 0 0 0 0 0 0.2 8 0 0 0 0 0 10 5.800000000000001 0 0 0 0.2 2.4000000000000004 0 0 0 7.4 0.4 4.2 5.4 0 0 1.4000000000000001 2.2 9.200000000000001 3.8000000000000003 0.2 2.4000000000000004 2.2 6.800000000000001 4.2 1.8 12.8 0 0 6.6000000000000005 0 0 0 0 0 0 0 0 0 0 0 0 0 2 0 0 0 0 2.2 1.2000000000000002 0 0 0 0 0 0 0 0 0.2 0 0 0 0 0 0 0 0 0 0 0 0 0 0 0 0 0 7.2 0 0 0 0 0.4 0.4 0 1 0 0 0.4 0 0.4 0 0 0 0 0 0 0 0 0 0 0 0 0 0 0 0 0 0 0 0 0 0 0 0 0 0 0 0 0 0 
 0 0 0 0 15.600000000000001 0.2 0.4 0 0 0 0.2 0.4 0 0.2 0.2 0.2 0 0 0.6000000000000001 0.8 41.6 0 50.2 66.4 53.800000000000004 38.6 36.2 24.8 50.6 51.400000000000006 21.6 81 11.600000000000001 14.8 48.800000000000004 23.200000000000003 12.600000000000001 67.2 11.200000000000001 29.400000000000002 1 0.2 0.6000000000000001 0.6000000000000001 0 0 0.2 0 0 0.4 0.6000000000000001 0.4 0 7 0.6000000000000001 3.6 0 0.4 0 0.2 0 0 0 0.6000000000000001 0.6000000000000001 0 0 0 0 0 0 0.6000000000000001 0.6000000000000001 0 0 0 0.6000000000000001 0 0.4 0 0 0 0 0 0 2.8000000000000003 0.4 0 0 0 0 0 0 0 0 0 0 0 0 1.2000000000000002 1.6 2 3.2 5.4 0 5.2 0 4.4 8 0 0.2 4.800000000000001 0 0 1.6 7.4 0 4.4 1 0 3 0.2 0 0 0 0 3.8000000000000003 2 0 0 0 0.2 13.200000000000001 3.8000000000000003 0.2 0.2 0 0 0 0.4 0 0 0 0 0 0 0 0 0 0 0 0 0 0 0.2 0 0 0 0 0 0 0 0 0.2 1.8 0 0 0 0 0 0 0 0 0 0 0.2 0 0 0 0.2 0 4.2 1.2000000000000002 0 1 2 0 3 1.8 0 0 6.2 0.2 2 1.6 6.800000000000001 2.6 4.800000000000001 0 0.4 0.2 0 0 0 0 0 0 0 0 0 0 0 1.6 8 0 0 0 2 0 4 0 1.8 0 0 0 0 0 0 0 0 0 0 0 0 0 0 0.2 0 4.2 0 0 0 0 0 0 0 0 0 0 0 0 0 0 0 1.8 0.2 0 1 15.4 0 0.6000000000000001 0 0 0 0 0 0 0 0 0 0 0 0 0 0 0 0 0 0 0 0 0 0 0 0 0 0 0 0 0 
 0 0 0 0 0 0 0 0 0 0 0 0.2 0.4 0.2 0 0 0.4 3.4000000000000004 0.2 0 55.6 50.2 0 41.6 49 24 57.400000000000006 71.60000000000001 48.6 22.6 9 37.4 15.200000000000001 25.8 49.6 7.6000000000000005 9.8 37.4 8 9.200000000000001 0.6000000000000001 0.2 0.8 0.6000000000000001 0 0.6000000000000001 0.2 0.4 0 0.4 0.6000000000000001 0.2 0.6000000000000001 0.2 0.6000000000000001 0.4 0 0.6000000000000001 11.200000000000001 12 0 0 0.4 1 0.6000000000000001 0 0.4 0 0.4 0 0 1 0.6000000000000001 0 0 0 1.2000000000000002 0 0.6000000000000001 10.8 0 0 0 0 0 0 0 0 0.4 0 0 0 0 0 0 0 0 0 0 0 0.2 2.4000000000000004 6 15.200000000000001 4.2 0 3 13.200000000000001 2.6 2.6 5.4 0 0 0 2.2 2.8000000000000003 4.800000000000001 0.2 0 0 1.4000000000000001 0 0.2 0 0 0 0 1 0 0 0 0 2.8000000000000003 1.8 0.4 0 0.2 0 2 10 0 0 0 0 0 0 0 0 0 0 0 0 0 0 0.8 0 0 0 0 0 0 0 0 0 0 0 0 0 0 0 0 0 0 0 0 0 0 0 0 0 4.4 1.2000000000000002 6 9.200000000000001 5.6000000000000005 3.2 0 0.2 4 7.4 1.8 3.2 0 0 0 3.4000000000000004 0 3.6 0 0 4.2 0 0 0 0 0 6.800000000000001 0 2.4000000000000004 0 0 0 4 4.4 0 0 0 0 3.8000000000000003 2.6 0 0 0 0 0 0 0 0 0 0 0 0 0 0 0 0 0 0 0 0 0 0 0 0 0 0 0 0 0 0 0 0 0 0 3.2 0.4 0 0.4 15.4 0 0.4 0 0 0 0 0 4.800000000000001 0 0 0 0 0 0 0 0 0 0 0 0 0 0 5 0 0 0 0 0 0 0 0 
 0.2 0 0 0 0 0 0 0 0.4 0.4 0 0 0.2 0.4 0 0 0 0 0.2 0 28.6 66.4 41.6 0 25.200000000000003 7 15.600000000000001 25.400000000000002 33 43 29.400000000000002 14.600000000000001 16 19 47.2 8.4 10 28.200000000000003 15.8 11.4 12.600000000000001 1 0.8 23.8 0 0 0.2 0 0 0.4 0.6000000000000001 0.2 0 12.4 0.6000000000000001 0 0 0.2 0 12.8 0 0 0 0.6000000000000001 0.6000000000000001 0 0 0 0 0.4 0 0.6000000000000001 0.4 0 0 9.200000000000001 0.4 0 0 0 0 0 0 0 1.4000000000000001 0 0 0 0 0 0 0 0 0 0 0 0 0 0 0 0.2 3.2 2.6 2.4000000000000004 1.8 0 2.6 2 1.4000000000000001 2.2 4.4 1.6 0 0 0.8 4.6000000000000005 5.2 1.4000000000000001 0 0 0 0 0 0 0 0 0 2.2 0 0 0 0 6.800000000000001 10.8 1.8 0 0.4 0 3.4000000000000004 8 0 0 0 0 0 0 0 0 0 0 3 0 0 0 0.6000000000000001 0 0 0 0 0 0 0 0 0 0 0 0 0 0 0 0 0 0 0 0 0 0 0.4 0 0 1.8 1.2000000000000002 5.2 0 9 2 0.2 0.2 0 0 2.4000000000000004 0 0 0 0 1.6 0 6.6000000000000005 0 0 0 0 0 0 0 0 0 0.2 2.8000000000000003 0 0 0 3.6 0.8 0 0 0.4 0 5.2 6.2 0 0 0 0 0 0 0 0 0 0 0 0 0 0 0 0 0 0 0 0 0 0 0 0 0 0 0 0 0 0 0 0 0 0 1.2000000000000002 0.4 0 15.4 0.2 0.4 0.4 0 0 0 0 0 0 0 0 0 0 0 0 0 0 0 0 0 0 0 0 0 0 0 0 0 2.8000000000000003 0 0 0 
 0.4 0.4 0.4 0.6000000000000001 1 0.4 0.4 0.4 1.6 0.4 0.4 0.6000000000000001 0.6000000000000001 0.8 1 0.4 0.4 0.4 0.8 0.4 5.4 53.800000000000004 49 25.200000000000003 0 41 9.600000000000001 20.6 89.80000000000001 16.8 73.60000000000001 38.400000000000006 17.6 26 74.4 67.2 15.600000000000001 9 9.600000000000001 19.200000000000003 0 0.2 0.6000000000000001 0.6000000000000001 0 0 2.2 0.2 1.4000000000000001 0.4 0.4 0.6000000000000001 13.8 5 0.6000000000000001 6 0 0.2 0 0 0 0 0.4 0.6000000000000001 0.6000000000000001 0 0 0 0 0 10 0 5.4 0.4 13.8 0 0.6000000000000001 9.8 0 0.4 0 0 0.4 0 0 0.2 0 0 0 0 0 0 0 0 0 0 0 0 0 0 0 5 2 1.4000000000000001 2.8000000000000003 0.2 2.8000000000000003 5.6000000000000005 1.6 3.6 4.4 0.2 2.2 0 1.2000000000000002 0.4 2 0.2 0 0 4 0 0 0 0 0 4.2 1.8 0 0 0 4.6000000000000005 2.8000000000000003 6 0 3.6 0 0 0.4 2.4000000000000004 0 0 0 0 0 0 0 0 0.2 0 0 0 0 0 0.6000000000000001 0 0 0 0 0 0 0 0 0 0 0 0 0 0 0 0 0 0 0 0 0 0 0 0 0.2 0 3.6 0.6000000000000001 3 2.2 1.6 0 0 0 0 0 2.6 0 0 0 2 0 6.2 0 0 0 0 0.4 0 0 0 8.200000000000001 1 5.6000000000000005 3 0 0 4.2 0 4.4 3.8000000000000003 0 0 0 1.8 0 0 0 0 0 0 0 0.2 0 0 0 0 0 0 0 0 0 0 0 0 0 0 0 0 0 0 0 0 0 0 0 0 0 0 3 0 0 15.600000000000001 11.4 0 0.6000000000000001 0 0 0 0 0 0 0 0 0 0 0 0 0 0 0 0 0 0 0.2 0 0.8 0 0 0 1.4000000000000001 0 0 0 0 
 0.6000000000000001 0.6000000000000001 1 0.6000000000000001 1.8 0.6000000000000001 1 1.4000000000000001 0.6000000000000001 0.6000000000000001 0.6000000000000001 0.6000000000000001 16.6 0.8 1 0.6000000000000001 2 0.6000000000000001 0.8 1.2000000000000002 10.8 38.6 24 7 41 0 55.2 9.600000000000001 27.400000000000002 9.600000000000001 16 11 10.4 25.400000000000002 22.8 15.4 17 43.6 90.2 12.600000000000001 1 0.2 0.6000000000000001 0.6000000000000001 0 0 25 13.200000000000001 13 0.8 0.6000000000000001 1.2000000000000002 0 0 5.2 0 0 0.2 0 13.200000000000001 0 0 0 0.6000000000000001 0.6000000000000001 0 0 0 9 0 0.8 0 0.4 0 0 0 0.4 0 0 0 0 0 0 0 0 0 0 0 0 0 0 0 0 0 0 0 0 0.2 0 0 0 5 2 3.8000000000000003 2.2 9.8 2.2 3.8000000000000003 4.4 2.4000000000000004 3.8000000000000003 0 0 0 2 0.6000000000000001 0.2 0.2 0 0 0.6000000000000001 0 0.8 5 0 0 5.4 2.6 3 0 0 0 3.4000000000000004 0.4 6 5.2 0 0 2.4000000000000004 0 0 0 0 0 0 0 0 0 0 0 1.8 0 0.2 0 0.2 0 0 0 0 0 0 0 0 0 0 0 0 0 0.4 0 0.4 0 0 0 0 0 0 0 0 0 0 0 0.2 0.4 4.6000000000000005 3 0 0 0.2 4.4 0 4.6000000000000005 0 0 0 0 0 2.6 0 0 7.6000000000000005 7 0 2.6 0 0 0 6 2.2 0 0 0 11.600000000000001 5.800000000000001 0 0 0 0 0 0.8 0 0 0 0 0 0 0 0 0 0 0 0 0 0 0 0 0 0 3 0 0 0 0 0 0 0 0 0 0 0 0 0 0 0 0 0 0 14.8 0.2 0.2 0.2 0 0.2 0 0 0 3.8000000000000003 0 0 0 0 0 0 0 0 0 0 0 0 0 0 1.4000000000000001 0 0 0 0 0 3.8000000000000003 0 0 
 0.6000000000000001 0.4 0.2 7.6000000000000005 0.4 16 0.2 0.8 0.2 0.2 15.200000000000001 0.2 0.2 0.6000000000000001 1 10.4 15.200000000000001 7.4 0.6000000000000001 0.2 19.400000000000002 36.2 57.400000000000006 15.600000000000001 9.600000000000001 55.2 0 38.400000000000006 53.800000000000004 62 9.8 6.800000000000001 94.4 42 12 40.800000000000004 9.200000000000001 23.200000000000003 11.8 10.200000000000001 0.2 0.4 1.4000000000000001 1 0.2 0.2 7.4 0.2 0 0.4 1 0.6000000000000001 0 0.4 0.6000000000000001 0.4 1 0 0 0.4 0.4 0.4 0.6000000000000001 1 0.6000000000000001 0.4 0 0.4 0.4 0.2 0 0 1 0 6 0 0.8 0 0.4 0.2 0 1.8 0 0 0 0.6000000000000001 0 0 0 0 2 2 0 0 0.2 1.8 0 0.2 0 0 1.8 0 3.6 3.2 0 0 7.4 0 3.6 0.4 0 0.2 0 4.2 0 0 2 0 6.2 5 0 0 0 0 0 0 0 0 0 0 0 0 0 0 0 0 0 0 0 0 0 0 0 0 0 0 0 0 0 0 0 0 0 0 3 0 0 0 0 0 0 0 2.4000000000000004 0 1.2000000000000002 0 0 0 2.2 0 0 3.6 0 0 0.8 0.8 0 0 0 0 3 6 0 4.2 0.2 0 3.6 7.6000000000000005 4.2 2.8000000000000003 0 0 3.8000000000000003 4.6000000000000005 2.4000000000000004 0 4.2 0 0 0 0 0 0 0 0 0 0 0 0 0 0 0 0 0 0 0 0 0 0 0 0 0 3 0 0 0 0 0 0 0 0 0 0 0 0 0 0 0 0 0 0 0 0.2 0 0 0 0.4 0 0 0 0.2 0 0 0 2.8000000000000003 0.2 0.2 0.2 15.200000000000001 0.8 1.2000000000000002 0.4 0.4 0 0 0 0 0 0 0 0 0 0 0 0 0 2.8000000000000003 0 0 0 0 0 0 0 0 0 0 0 0 0 
 0 0.4 0 0 0 4 0 0 0 0 0 0.2 0 0.2 0.6000000000000001 0 0 0 0.2 0 22.8 24.8 71.60000000000001 25.400000000000002 20.6 9.600000000000001 38.400000000000006 0 23.200000000000003 13 27.6 52.800000000000004 31.6 61.800000000000004 74 35.4 53.6 7.6000000000000005 9.4 54 0 1.8 0.8 0.4 0 0 0 0 0 0.4 0.6000000000000001 0.4 0 0 0.6000000000000001 0.2 0.2 0.8 0.4 0 0 0 0 0.6000000000000001 0.6000000000000001 0 0 0 0 0 0 0.6000000000000001 0.2 0 0 0 0.4 0 0 0.6000000000000001 0 0 0 0 0 0 0 0 0 0 0 0 0 0 0 0 0 0 0 0 2.8000000000000003 1.6 8.200000000000001 5.4 6 0 1.4000000000000001 3.6 0 3.6 2.8000000000000003 5.6000000000000005 0 0.8 4.4 9.200000000000001 6 5 0 3.4000000000000004 0 0 0 0.2 0.4 0 0 0 0 0 0 0 3.2 0 0 0.4 0 0 4.2 0 0.2 0 0 0 0 0 0 0 0 0 0 0 0 0.2 0 0 1.8 0 0 0 0 0 0 0 4 0 0 0 0 0 0 1.8 0 0.4 0 0 0 0 0 0.6000000000000001 5.4 3 8 10.200000000000001 2 0.2 1 6.4 10.600000000000001 0.4 10.200000000000001 3.2 0 13.8 2.4000000000000004 2.2 3.6 2.8000000000000003 0 0 0 0 1 0 0 0 0 0 0 0 2.6 3.8000000000000003 0 0 0.2 0 0.2 0 1.8 2.4000000000000004 0 0 0 0 0.4 0 0 6.800000000000001 0 0 0 1.8 0 0 0 0 0 0 0.2 0 0 2.4000000000000004 2 0 0 7.2 0.2 0 0 0 0 0 0 0 2 0.2 0.4 0.4 0.2 0 2.4000000000000004 0 0 0.2 0 0 0 0 0 0 0 0.2 0 0 0 0 0 0 0 0 0 0 0 0 0 0 2.8000000000000003 0 0 0 
 0.4 0.8 0.8 0.6000000000000001 0.4 0.6000000000000001 0.4 0.4 0.4 0.8 0.8 0.4 0.4 1.4000000000000001 0.4 0.4 1.6 0.4 0.8 0.4 7 50.6 48.6 33 89.80000000000001 27.400000000000002 53.800000000000004 23.200000000000003 0 16.400000000000002 39.2 23.200000000000003 23.6 76.60000000000001 36.6 12.200000000000001 32.6 22.6 12.600000000000001 59.6 1 0.4 0.8 0.4 0 0 0 0.6000000000000001 0 0.4 0.6000000000000001 0.6000000000000001 0.6000000000000001 0 0.6000000000000001 2.6 0 0.4 0.4 0.4 0 0 0 0.8 0.6000000000000001 8.4 0 0 0 0 0 0.8 0.4 0.4 0 0 0.4 6.6000000000000005 0 0 0 0 0 0 0 0.2 0 0 0 0 0.2 0 0 0 0 0 0 0 0 0 0 6.6000000000000005 2 5 1.8 3.8000000000000003 0 6.800000000000001 8.200000000000001 0.2 1.6 3.2 0 0 4.6000000000000005 1.6 4 3.4000000000000004 0 2.4000000000000004 2.4000000000000004 0 0 0 0.4 0 4.2 2 0 0 0 0 9.200000000000001 0 0 2.6 0 0 0 1.8 0 0 0 0 0 0 0 0 0 0 0 0 0 0 0.6000000000000001 0 0.2 0 0 0 0 0 0 0 0 0 0 0.4 0 0 0 0 0 0 0 0.2 0 0 0 0 1.6 5.800000000000001 5.4 0 0 0 0 0 1.6 2.6 0 7 0.2 2.2 1.6 5.6000000000000005 0 9 0 0 0 0 0 0 0 0.2 0 0 0 0 0 0 2.8000000000000003 0 0.2 0 0 0 0 4.4 0 0 0 0 0 0 0 0 0 0 0 0 0 0 0 0 0 0 4.6000000000000005 0.4 0 0 0 0 0 0 0 0 0 0 2.6 0 0 0 1.2000000000000002 0.4 0.6000000000000001 0 0.6000000000000001 0 0.8 0 0 0 0 0 0 0 0 0 0 0 0 0 0 0 0 0 0 0 0 0 0 0 0 0 2.8000000000000003 0 0 0 
 0 15 0 0 0 16 0.2 0 1 0 0 0 0 0.2 0 0 0.8 0.4 0.4 0 6.2 51.400000000000006 22.6 43 16.8 9.600000000000001 62 13 16.400000000000002 0 89.80000000000001 23.200000000000003 21.8 47.800000000000004 35.6 38.2 57.400000000000006 18.400000000000002 28.6 33 0 0.4 0.8 1 0 0 0 1.4000000000000001 0 0.4 0.6000000000000001 1 0 0 0.6000000000000001 0.2 0 0.2 0 0 0 0 0 1 2.8000000000000003 0 0 0 0 0 7.6000000000000005 0 0 0 0 0 0.4 0.2 0 0 0 0 0 0 0 0 0 0 0 0 0 0 0 0 0 0.6000000000000001 0 0.2 0 0 5 0 2.8000000000000003 4.2 0 0 3.6 0 0 5.6000000000000005 5.2 8.4 3.6 4.6000000000000005 4 10.600000000000001 0 8.200000000000001 1.6 12.4 0 0 0.4 0 0 0 0 0 0 0 0 0 0 2.8000000000000003 0 0 0 0 2.4000000000000004 2.2 0 0 0 0 0 0.2 0 0 0 0.4 0 0 0 0 0 0 1.4000000000000001 0.4 0 0 0 0 0.2 0 0 0 0 0 0.2 0 0 0 0 0 0 0.4 0 3.8000000000000003 0 2.2 0 3.4000000000000004 2.6 3.4000000000000004 0 0 0 5.800000000000001 1.8 2.8000000000000003 3.4000000000000004 1.8 0 6.6000000000000005 1.8 2.2 0 0 0 4 0 0 0 0 0 0 2.6 0 1.6 0 0 0 0 2.2 0 0 0 0 3.2 3.6 0 0 0 0 0 0 0 0 3.6 0 0 0 0 0 0 0 0 0 0 0 0 0 0 0 0 0 0 0 0 0 0 0 0 0 2.6 0 0.4 0.8 0 0 0.4 0 0.4 0 0 0 0 0 0 0 0 0 0 0 0 0 0.4 0 0 0 0 0 0 0 0 1.2000000000000002 0 0 0 0 
 0.8 0.6000000000000001 0.6000000000000001 0.6000000000000001 1.4000000000000001 0.6000000000000001 0.6000000000000001 17.2 0.8 0.6000000000000001 0.6000000000000001 0.6000000000000001 0.6000000000000001 1.2000000000000002 1.2000000000000002 0.6000000000000001 0.6000000000000001 0.6000000000000001 0.8 0.6000000000000001 74.4 21.6 9 29.400000000000002 73.60000000000001 16 9.8 27.6 39.2 89.80000000000001 0 21.400000000000002 23.400000000000002 24 63.6 34.2 30.6 81.2 6.6000000000000005 29.8 0 0.2 0.8 0.6000000000000001 0 0.2 0.2 0 0 0.4 0.8 0.2 0 0 0.6000000000000001 0 0.4 0.6000000000000001 11.200000000000001 10.8 0 0 0.2 0.6000000000000001 0.6000000000000001 0 0 0 0 0 0 0.4 0.6000000000000001 0 0 0 0.6000000000000001 0 0 0.2 0 0 0 0 0 0 0 0 0 0 0 0 0 0 0 0 0 0 0 0 0.6000000000000001 2.6 5.4 5 0.2 0 7.800000000000001 2.2 1.4000000000000001 0 3.8000000000000003 2.8000000000000003 0 0.2 0 2.2 1.4000000000000001 3.8000000000000003 0 0 0 0 0.2 0 0 0 0 0 4.4 0 0 0 2.6 0.4 2.2 0 1 0 3.4000000000000004 3 0 0.2 0 0 0 0 0 0 0 0 0 0 0 0 0.6000000000000001 0 0 0 5.2 0 0 0 0 0 0 0 0 0 0 0 0 0 0 0 0 0 0 0 0 0.6000000000000001 0.2 3.4000000000000004 4.2 6 3 9.600000000000001 0 0.4 0.4 3 5.6000000000000005 3.2 0 0.8 3 1.6 1.4000000000000001 0 0.2 0.6000000000000001 4 0 0 0.4 0.4 0 0 0 2.8000000000000003 0 0 0 0 5.2 0 0 0.4 0.4 5.2 1.2000000000000002 0 0 0 0 0 0 0 0 0 0 0 0 0 0 0 0 0 0 0 0 0 0 0 0 0 0 0 0 0 0 0 0 0 0.4 2.2 0 0 0.4 0.2 0.6000000000000001 0 0 0 0 0 0 4 0 0 0 0 0.2 0 0 0 0 0 0 0 0 0 0 0 0 0 0 0 0 0 0 
 0 0 0 0 0.8 0 0 0 0 0 0 0 0 0.8 0 0 0.2 0 0.2 0.4 6.6000000000000005 81 37.4 14.600000000000001 38.400000000000006 11 6.800000000000001 52.800000000000004 23.200000000000003 23.200000000000003 21.400000000000002 0 7 66.2 21.200000000000003 12.8 58.400000000000006 18.400000000000002 20.6 6.6000000000000005 12.600000000000001 0.2 0.8 0.6000000000000001 0.2 0 1 0 0 0.4 0.6000000000000001 0.2 12.4 0 0.6000000000000001 0 0 0.2 12.8 0 0.4 0 0 11 1.2000000000000002 0.6000000000000001 0 0.4 0 1.8 0.2 0 0.4 0 0 0 0.4 0 0 0.4 0 0 0 0 0 0 0 0 0 0.2 0 0 0 0 0 0 0 0 0 0 0 6 4.2 4.6000000000000005 2 0.2 7.2 4.4 1.8 5.2 9.200000000000001 0 0 0 1.6 1.8 4.2 4 0 2.4000000000000004 1.6 4 0 0 0 0 0 5.6000000000000005 3.2 0 0 0 0 2.2 10 2.6 3 0 0.4 4.6000000000000005 0.4 0 0 0 0 0 0 0 5.4 0 0 0 0 0 0.8 0 0.4 0 0 0 0 0 0 0 0 0 0 0.2 0 0 2 0 0 0 0 0 0 0 0 0 3.4000000000000004 3.4000000000000004 3 0 0 0 1.2000000000000002 0.2 0 0 1.8 1.8 0.2 0 0.4 2.4000000000000004 0 8.6 0 0 0.2 0 0 0 0 0.4 6.4 0 3.8000000000000003 0 0 0 2.4000000000000004 0 3 0.8 0 0 3.6 0.6000000000000001 0 0 0 0 0 0 0 0 0.4 0 0 0 0 0 0 0 0 0 0 0 0 0 0 0 0 0 0 0 0 0 0 0.2 0 0 2 0 0.6000000000000001 0.2 0.8 0 0.8 0.4 0 0 0 0 0 0 0 0 0 0 0 0 0 0 0 0 0 2.6 0 1.8 0 0 0 2.4000000000000004 2.4000000000000004 0 0 0 
