 0 42.400000000000006 40.2 10.8 51 5.800000000000001 44 73.8 26.400000000000002 7.6000000000000005 52.400000000000006 5.6000000000000005 82.2 84.4 55.6 6.800000000000001 25 20 5.6000000000000005 41.6 0 0 0 0 0 0.8 0.6000000000000001 0 0 0 0.6000000000000001 0.4 0 0.6000000000000001 0 0.6000000000000001 0.6000000000000001 0 0 0 0 0.6000000000000001 0 0 0 0 0.6000000000000001 0 0 0.6000000000000001 0 0 0 0.4 0 0.6000000000000001 0.4 0.4 0 0 0 0.4 0 0 0 0 0 0.2 0.4 0 0.6000000000000001 0 0 0 0.6000000000000001 0 0 0 0 0 5.6000000000000005 2.8000000000000003 5.2 0 2 0 11.600000000000001 7.2 0 2.6 0 0 1.8 7 2.8000000000000003 5 3.2 0.2 10.8 5 0 0 0 0 0 0 0 0 0 0 0 0 0 0 0 0 0 0 0 0 0 0 0 0 0 0 0 0 0 0 0 0 0 0 0 0 0 2.2 0 0 0 0 0 0 0 0 0 0 0 0 0 0 0 0 0 0 0 0 0 0 2.4000000000000004 4.800000000000001 0 3.4000000000000004 0 0 0 7 2.8000000000000003 2.4000000000000004 3 0 0 3.2 0 0 0 0 2.6 0.4 0 0 0 0 0 0 0 0 0 0 0 0 0 0 0 0 0 0 0 0.2 0 0 0 0 0 0 0 0 0 0 0 0 0 0 0 0 0 0 0 0 0 0 0 0 0 0 0 0 0 0 0 0 0 0 0 0 0 0 0 0 0 0 0 0 0 0.6000000000000001 0 0 17.8 17.6 0 0.8 0 0 0 0 0 0 0 0 0 0 0 0 0 0 0 0 0 0 0 0 0 1.4000000000000001 0 0 3.8000000000000003 0 0 0 0 0 0 0 0 0 0 0 0 0 
 42.400000000000006 0 65.2 16 33.4 25 23.200000000000003 58.800000000000004 50.2 30.8 10.4 41 171.20000000000002 11 86 27.200000000000003 22.200000000000003 66 11.4 22.400000000000002 0 0 0 0 0 0.4 0.4 0.2 0.6000000000000001 0 0 11.8 29.6 1 0 0 0 0 14 0 0.4 0 0.4 0 0 0 0 0 0 0.6000000000000001 0 0 0 0 0 0.6000000000000001 0.4 0.4 0 0 0 0.4 0 0 0 0 0 0 0.4 0.2 9.8 0 0 0 0 0 0 0.4 0 0 1.8 1.6 0 0.2 4.6000000000000005 2.8000000000000003 3 3.8000000000000003 3 2.8000000000000003 5.800000000000001 1.6 5 1.2000000000000002 3.8000000000000003 1.6 4 19.8 3.4000000000000004 14.4 9 0 0 0.6000000000000001 0 0 1.4000000000000001 0 0 0.2 0 0 5.4 0 0 0 0 0 2.2 2.8000000000000003 0 0 0 0 0 0 0 0 0.4 0 0.4 0 0 0 0 0 0 0 0 0 0 0 0 0 0 2.6 0.2 0 0 0 0 0 0 0 0 0 0 0 0 0 0 0.2 1.8 2.8000000000000003 0 0 2.4000000000000004 0 3 4 0 6.4 0 2.8000000000000003 2.4000000000000004 1.6 3.4000000000000004 19.6 0 0.4 0.2 0 2.2 0 0 0 0 0 0 0 0 0 1.2000000000000002 0.2 1.2000000000000002 0 0 0 14.8 0 0 0 0 0 0 0 0 0 0 0 0 0 0.2 0 0 0 0.6000000000000001 0 0 0 0 0 0 0 0 0 0 0 0 0 0 1 0 0 0 0 0 0.2 0 0 0 0 0 0 0 0 18.8 0.4 0 1.8 2.2 3 3 0 0 0 0 0 0 0 0 0 2.4000000000000004 0 0 0 0 0 0 0 0 0 0 0 0 7.4 5.4 0 0 0 0 0 0 0 0 0 0 0 0 0 
 40.2 65.2 0 45.2 29 50.800000000000004 139.8 22.200000000000003 17.400000000000002 49.2 27.8 8.4 34.2 22.400000000000002 9.8 30.200000000000003 41.400000000000006 71.8 36.6 69 0 0 0 0 14.4 0 0.4 0 0 0 0.4 0.8 0 1 0 0 0.2 0 0 0 0 0 0.2 0.2 0 0 0.6000000000000001 0.4 0 1 0 0 0.4 0 0 1 0.4 1 0.6000000000000001 0 0 0.6000000000000001 0 0.6000000000000001 0 0 0.6000000000000001 0 0.6000000000000001 0 0 1.2000000000000002 0.4 0.2 0 0 0 0.6000000000000001 0 0 2.6 1 3 3.8000000000000003 0.2 2.6 3.2 3.2 7.2 6 9 0 5.800000000000001 5.6000000000000005 3.2 6.6000000000000005 2 0 3.4000000000000004 0.2 0 0 0 0 0 0 3 0 0 0 0 0 2.4000000000000004 2 0 0 0 0 0.6000000000000001 0 0 0 0 0.2 0 0 0 1.2000000000000002 0 0 0 0 0 0 0 0 0 0 0 0 0 0 0 0.4 0 0 0 0 0 0 0 1 0 0 0 0 0.4 0 0 0 0 0 5.2 2.6 2 1.6 0 2.6 0 2.2 4.6000000000000005 2 0 0 2 0 3.8000000000000003 0 0 0 0 0 0 0 0 0 0 0.2 0 0 0.2 0 3.4000000000000004 0 0 0 0 0 0 3 0 0 0 0 0 0 0 0 0 0 0 0 0 0 0 0 0 0 0 0 0 0 0 0 0 0 0 0 0 0 0 0 0 0 0 0 0 0 0 0 0 2.2 0 0 0 0 0.2 0 4.2 0 0 2.2 0 0 0 0 0 0 0 0 0 0 0 0 0 0 0 0 0 0 0 0 0 0 0 3 0 0 0 0 0 0 0 0 0.6000000000000001 0.2 0 0 0 0 
 10.8 16 45.2 0 32.6 50.400000000000006 22.8 95.4 12.600000000000001 75.8 31.8 54 14.4 13 47.2 54.400000000000006 26.8 13 17.8 12.600000000000001 15.200000000000001 15.8 0.2 0 0 0 15 0 0 0 0 0.4 15.4 7.6000000000000005 14.8 1 0 0 14.600000000000001 12 0 0 13.4 0 0 1.2000000000000002 0 0 0 0.4 0 12.600000000000001 0 0 0 0.6000000000000001 0.4 0.6000000000000001 0 0 0 1.6 0 0 0 10.8 0 0 0.6000000000000001 0.8 0 0 0.6000000000000001 0 0 0 0 0.2 0.8 0 3 0 0.2 4 0 0.2 0 3.6 2.4000000000000004 5.6000000000000005 1.8 7.6000000000000005 0 0.4 0 0 1.2000000000000002 0 0 2.4000000000000004 0 0 0 0 0 0 0.4 5.800000000000001 0.4 5.2 0 3 3.8000000000000003 0.2 0 5.2 0 0 3.2 6 0 0 0 0 0 0 0 0 0 0 0 0 0 0 0 0 0 0 0 0 0 0 0 0 0 0 0 0 0 0 0 0 0 0 0 0 0 0 0.4 0 4 5 0 1.4000000000000001 2.4000000000000004 4 0 1 2.2 7.800000000000001 0 4 0 4.6000000000000005 5.4 1.8 2.4000000000000004 2 0 0 0.4 4.6000000000000005 0 0 0 0 1.8 0 0 0 0 5.4 5.6000000000000005 0.2 0 0 0 6.2 1.6 6.4 0 0 0 0 0 0 0 0 0 0 0 0 0 0 0 0 0.2 0 0 0 0 0 0 0 0 1.2000000000000002 0 0 0 0 0 0 0 0 0 0 0 0 0 0 0 0 0 0 0 0 0 0.4 0.6000000000000001 7.800000000000001 0.2 1.6 7.2 0 0 0 0 0 0 0 0 0 0 0 0 0 0 0 0 0 0 0 0 0 0 0 0 0 0 0 0 0 0 0 0 0 0 0 0 1.8 
 51 33.4 29 32.6 0 13.200000000000001 14.600000000000001 74.8 60.6 38.6 41.6 24.400000000000002 34.4 34.6 55.800000000000004 18.2 50.400000000000006 18 18.2 16.2 0 0.2 30 0 0.6000000000000001 0.6000000000000001 0.2 0 0 0.4 0.6000000000000001 1 0.2 15.200000000000001 0 0.4 0.6000000000000001 0.6000000000000001 0.2 21.8 0 0 0.4 0 1.2000000000000002 1.8 0 0 0 0.6000000000000001 0 0.4 0 0 0 0.6000000000000001 0.6000000000000001 0.8 0 0 0 0.2 0 0 0 0.4 0 0 0.2 0 9.600000000000001 0.2 0 0 0 0 0 0.4 0 0 0 0 0.4 0 10.600000000000001 1.4000000000000001 0 2 3.2 0 0 2.6 0 1 5.2 0 2.8000000000000003 5.6000000000000005 0 0.2 1.4000000000000001 0 3 0 0 0 0 1.8 0 0 0 0 5.6000000000000005 3.6 2.6 0 0 0 2.4000000000000004 4.6000000000000005 0 0 0 0 0 0 0 0 0 0 0 0 0.4 0 0 0 0 0 0 0 0 0 0 0 0 0 0.2 0 0 0 0.2 0 0 0.2 0 0 0 0 0 0 0.4 0.2 3.4000000000000004 2.8000000000000003 0 0 0.2 0.8 0.6000000000000001 0.2 3.8000000000000003 6 0 0.2 4.4 4.2 3.2 9 0 0 0 1.8 0.6000000000000001 0 0 0 0 0 0 0 0 0 1.6 0 0.2 0 0 0 3.6 5.2 1 0 0 0 0 0 0 0 0 0 0 0 0 0 0 0 0.8 0 0 0.2 0 0 0 0 0 0 0 0 2.4000000000000004 0 0 0 0 0.4 2.2 0 0 0 0 0 0 0 0 0 0 0 27.400000000000002 0 0.4 0.4 0.6000000000000001 4.6000000000000005 0 0 0 0 0 0 0 0 0 0 0 0 0 0 0 0 0 1.2000000000000002 0 0 0 0 0 3.6 1.2000000000000002 0 0 0 0 0 0 0 0 0 0 0 0 0 
 5.800000000000001 25 50.800000000000004 50.400000000000006 13.200000000000001 0 4.2 7.6000000000000005 25 9.600000000000001 35 28.400000000000002 14 35 54 14.600000000000001 15.600000000000001 8 8.4 50.400000000000006 21 1 0 0 0 0 1 0 0.2 0.4 0 0.4 19.8 15 28.6 15.200000000000001 15.200000000000001 0.4 45.2 0.2 0 0 0.2 0 0.4 0 0 0 0 0.6000000000000001 0 0 0 0 0 0.6000000000000001 0.4 0.4 0.8 0 0 0 0 0 0 0.2 0.6000000000000001 0 0 0 0.2 0 0 0 0 0 0 0.2 0 0 0 0 1.6 0 3.4000000000000004 4 0 0 0 6.2 2.2 7 0 0 0 0 0 2 0 0 5.2 4.6000000000000005 4.2 0 0 0 9.4 3.8000000000000003 0 0.2 0 0 7.800000000000001 6 4.800000000000001 3.4000000000000004 1.8 0 11.200000000000001 3.4000000000000004 0 0 0 0 0 0 0 0.6000000000000001 0 0 0 0 0 0 0 0 0 0 0 0 0 1.6 0 0 0 0 0 0 0 1 3.6 0 2.4000000000000004 0 0 0 0.2 3.4000000000000004 0 0 0 0 1.2000000000000002 0.4 5.4 4.4 0.8 2 0 0 0.8 1.2000000000000002 0 0 0 2 2.4000000000000004 8.200000000000001 0 0 0 4.800000000000001 1.4000000000000001 2.8000000000000003 0 0 4.4 0.4 0 3.8000000000000003 3.2 4.4 8.200000000000001 10.600000000000001 5.6000000000000005 4.2 0 7.2 6.6000000000000005 0 0 0 0 0 0 0 0 0 0 0 0 0 0 0 0 0 0 0 2.2 0 0 0 0 0 0 0 0 0.8 0 0 0 0 0 0 0 0 0 0 0 0 0 0 0 0 0 0.4 2 0.2 1 0 0 3.8000000000000003 0.8 0 0.4 0 0 0 0 0 0 0 0 0 0 0 0 0 0 0.2 0 0 11.200000000000001 0 0 0 0 0 0 0 0 0 0 0 0 0 0 0 0 0 
 44 23.200000000000003 139.8 22.8 14.600000000000001 4.2 0 112 16.6 6.800000000000001 5 66.60000000000001 42.2 26.400000000000002 43.6 52.2 20.8 21.200000000000003 47.800000000000004 31 0 0 0.4 0 40.400000000000006 0 0.4 0.2 0 18.400000000000002 0 0.8 0 0.6000000000000001 0 0 0 0.2 0 0 0 0 0 0 0 0 0 0 0 0.6000000000000001 0 0 0 0 0 0.6000000000000001 0.4 0.4 0 14.8 0 0 0 0 0 0 0 0 0 0 10 0 0 0 0 0 0 7.2 0 0 2.4000000000000004 9.4 4.6000000000000005 4.2 0 0 11 5.6000000000000005 6.800000000000001 4 3 0 4.6000000000000005 0.2 5.4 1.8 13.200000000000001 3.2 1.8 7.2 0 0 0 0 0 0 0 0 0 0 0 0 0 0 0 0 0 0 0 0 0 0 0 0 0 0 0 0 0 0 0.4 0 0 0 0 0 0 0 0 0 0 0 0 0 0 0 0 0 0 0 0.2 1.8 0 0 0 0 0 0 0 0.2 0 5 0 5 0.2 0 5.800000000000001 7.4 2.4000000000000004 1.6 0 2.4000000000000004 2.6 5 0 13.600000000000001 0.2 4.2 0.2 0.4 1.8 0 0 0 0 0 0 0 0 0 0 0 0 0 0 0 0 0 2 0 0 0 0 0 0 0 0 0 0 3.8000000000000003 0 0 0 0 0 0 0 0 0 0 0 0 0 0 0 0 0 0 0 0 0 0 0 0 0 0 0 0 0 0 0 0 0 0 0 0 0.2 0 0.2 0 0.2 2.4000000000000004 0 0 0 0 0 0 0 0 0 0 2 0 0 0 0 0 0 0 0 0 0 0 0 2.4000000000000004 0 0 0 0 0 0 0 0 0 0 0 0 0 0 
 73.8 58.800000000000004 22.200000000000003 95.4 74.8 7.6000000000000005 112 0 38.6 30.6 25.400000000000002 47.400000000000006 56.2 16.8 47.2 29.8 24.6 69.2 24.400000000000002 50 0 0 0 0 0 0 0 0.4 0 0 0 0.4 0 0.6000000000000001 0 0 0 0 0 0 0 0 0 0 0 0 0 0 0 0.6000000000000001 0 0 0 0 0 0.6000000000000001 0.8 0.4 0.2 0 0 0 0 0 0 0 0 0 0 0 7.2 0 0 0 0 0 0 0 0 0 5.800000000000001 4.2 0.2 0 2.2 3 5.800000000000001 7.2 6.4 0 5.4 0 4.6000000000000005 0 3.4000000000000004 3.6 3.6 5.4 3.2 1.2000000000000002 1.6 0 0 0 0 0 0 0 0 0 0 0 2.8000000000000003 0 0 0 0 0 10.200000000000001 0 0 0 0 0 0 0 0 0.4 0 0 0 0 0 0 1.4000000000000001 0 0 0 0 0 0 0 0 0 2.6 0 0 0 0 0 0 1 0 0 0 0 0 0 0.4 0 1.8 0 2.4000000000000004 2.4000000000000004 0 0.2 2 0.2 1.4000000000000001 0.2 0 1.8 0 3 0 5 0 4.800000000000001 1.2000000000000002 0 0.4 0 0 0 0 0.4 0 0 0 0 0 0 0 0 0 0 0 0 2.8000000000000003 0 0 0 0 0 0 0 0 0 0 0 0 0 0 0 0 0.2 0 0 0 0 0 0 0 0 0 0 0 0 0 0.2 0 0 0 0 0 0 0 3.4000000000000004 0 0 0 0 0 0 0.4 0 0.4 0 0 0 2.4000000000000004 1.6 0 0 0 0 0 0 0 0 0 0 2.2 0 0 0 0 0 0 0 6 0 0 0 0 0.6000000000000001 4.2 0 0 0 0 0 0 0 0 0 0 0 0 0 
 26.400000000000002 50.2 17.400000000000002 12.600000000000001 60.6 25 16.6 38.6 0 15.600000000000001 70.60000000000001 28 97.80000000000001 34.4 53.2 65 69 9.8 16.400000000000002 13.8 0 0 0 0 0.4 0 0.2 0 0 0 0 0.4 15.4 0.6000000000000001 0 0 0 0 0.8 0 0.2 0 0.4 0 0.4 0 0 0 0 0.6000000000000001 0 0 0 0 12.4 0.6000000000000001 0.6000000000000001 0.4 0.2 0 0 10.8 0 0 0 0 0 0 0 0.6000000000000001 10.200000000000001 0 0 0 0 0 0 0.4 0 0 0 2.2 0 3.8000000000000003 5.4 1.8 0 2 0 2.4000000000000004 7.2 5.6000000000000005 0 0.2 1.8 5.4 2.8000000000000003 10.4 0 3.6 10.4 0 0 0 0 0 5 0 0 0 0 0 4.2 3 0 0 0 0 0.2 5.6000000000000005 0 0 0 0 0 0 0 0 0 0.4 0 0 0 0 0 0 0 0 0 0 0 0 0 0 0 0 0.4 0 0 0 0.2 0 0 0 0 0 0 0 0 0 0 0 4.4 2.4000000000000004 2.8000000000000003 0 0 0.6000000000000001 2 4 2.4000000000000004 4.800000000000001 0 0 5.800000000000001 1.4000000000000001 5.2 11 0 0.8 4 0 0 0 0 0 0 0 0 0 0 0 7.4 0.2 7.4 0 0 0 13.8 2.6 0 0 0 0 0 0 0 0.2 0.4 0 0 0 0 0 0 0 3.6 0 0 0 0 0 0 0 3 0 0 0 0 0 2.6 0 0 0 0.2 0 0 0 0 0 0 0.2 0 0 0 0 27.400000000000002 0 1 1.6 2.2 0 2.8000000000000003 0.4 0 0 0 0 0 0 0 0 0 0 0 0 0 0 0 0 0 0 0 0 0 0.4 3.2 2 0 0 0 0 0 0 0 0 0 0 0 0 
 7.6000000000000005 30.8 49.2 75.8 38.6 9.600000000000001 6.800000000000001 30.6 15.600000000000001 0 27.200000000000003 5.6000000000000005 13 38.400000000000006 55.400000000000006 17.8 29.8 26.6 14.4 38.2 1.2000000000000002 1 0 0 0 0 0.6000000000000001 0 0 0 0 0.6000000000000001 0.4 15.8 1 0 0 0 0.2 15 0 0 13 6.6000000000000005 0 0.2 0 0 0 0.6000000000000001 0 0 0.8 0.2 0 0.6000000000000001 0.4 0.4 0 0 0.2 1 0 0 0 0.6000000000000001 0 0 0 1.2000000000000002 0 0 0 0.4 0 0 20.200000000000003 0 0 0 3 0 2.4000000000000004 7 1 0 0 6.4 5.800000000000001 3.8000000000000003 1.4000000000000001 0.2 0 4.4 3 0 3.8000000000000003 2 0 5.4 2.4000000000000004 0.4 0 0 0 0 0 16.6 0 0 0 0.6000000000000001 7.6000000000000005 6.4 0 0 0.4 0 8.4 1.6 0 0 0 0 0 0 0 0 0 0 0 0 0.2 0 0 3.2 0 0 0 0 0 0 0 0 0 0 0 0 0 0 0 0 0 0 1.6 0 2.6 0 0 0.2 3.4000000000000004 2.6 0.2 16.6 5.2 1.6 0.4 1.2000000000000002 2.2 5 2.6 0 0 4 3.2 2.8000000000000003 1.6 2 0 0 0 0 0 0 0 0 0 0 0 0.2 0 0 5.4 0 0 0 0 0 0 7.4 0 0 0 0 0 0 0 0 0 0 0 0 0 0 0 0 0.2 0 0 0.4 0 0 0 0 0 0 0 0 0 0 0 0 0 0.2 0 0 0 0 0.4 0 0 3.6 0 0 0 1.2000000000000002 0.2 0.4 0.2 18.6 0 2.8000000000000003 1.8 0 0 0 0 0 0 0 0 0 0 0 0 0 0.2 0 0 0 0 0 0 0 0 0 0 0 0 0 0 0 0 0 0 0 0 0 0 0 
 52.400000000000006 10.4 27.8 31.8 41.6 35 5 25.400000000000002 70.60000000000001 27.200000000000003 0 44 8.8 8.4 58.800000000000004 24.6 43.400000000000006 31.400000000000002 7.4 28.6 0.8 0 0 0 0 0 0.6000000000000001 0 0 0.2 0 0.4 0.8 15.600000000000001 0 0.2 0.8 0 25.400000000000002 32.6 0 0 0.2 0 0 0 0 0 0 0.4 0 0 0 0 0.6000000000000001 0.6000000000000001 1 0.4 3 0.6000000000000001 0 0.6000000000000001 0 0 7.800000000000001 0 0 0 0.6000000000000001 0 0.2 0 0 0 0 0 7 0.2 0 0 0.2 0 1.6 7.4 11.600000000000001 8.200000000000001 0 0.2 0 4.800000000000001 7.6000000000000005 2.4000000000000004 0 0 0 0 0 0.6000000000000001 0 0 0.4 0 0.2 0 0 0 4.6000000000000005 3.8000000000000003 0 0 0 0.4 4.800000000000001 11.600000000000001 0 2.8000000000000003 0 0 7.4 1.8 0 0 0 0 0 0 0 0.2 0 0 0 0 0 0 1.6 0 0 0 0 0 0 0 0 0 0 0 0.2 0 0 0.2 2.8000000000000003 0 0 0 0 0 0 0 0 0 0.4 0.2 2.6 3.8000000000000003 4.800000000000001 1.6 0 2.8000000000000003 1.8 0 4.4 0.2 0 0 1 1 4.6000000000000005 0.6000000000000001 0 0 2.6 2 0 0 1.8 0.2 0 0 0 0 0 1.8 9.200000000000001 5.6000000000000005 3.4000000000000004 0 1.4000000000000001 0 1.6 5 0 0 0 0 0 0 0 0 0 0 0 0 0 0 0 0 0 0 0 0 0 1.4000000000000001 0 0 0 0 0 0 0 0.4 0 0 0 0 0 0 0 0 0 0 0 2.8000000000000003 0 0 0 0.4 0.2 0 0.2 0 1.4000000000000001 0.4 0 0 0 0 0 0 0 0.2 0 0 0 0 0 0 0 0 0 0 0 0 0 0 0 0 3.8000000000000003 2.4000000000000004 0 0 0 0 0 0 0 0 0 0 0 0 
 5.6000000000000005 41 8.4 54 24.400000000000002 28.400000000000002 66.60000000000001 47.400000000000006 28 5.6000000000000005 44 0 50.400000000000006 24.400000000000002 10.600000000000001 48.400000000000006 19 15.4 3.6 21.6 4.800000000000001 0.2 14.8 0 0 0 14.8 0 0 0 0 0.4 27.400000000000002 15.600000000000001 0 0.4 0 0.2 0.4 7.4 0 0.4 0.6000000000000001 0 0.4 0 0 0 0 0.6000000000000001 0 0 0 0 0.2 0.6000000000000001 0.6000000000000001 0.4 0.2 0 0 0 0 0 0 0 0 0 0 0 6.2 0 0 9.8 0 0 0 0.4 0 0 6.800000000000001 2.8000000000000003 4.800000000000001 2.2 3.4000000000000004 6 0.4 0.2 2 0 2.6 4.6000000000000005 0 0 6.6000000000000005 1.4000000000000001 4 1.8 0 1.8 1.6 0 2.8000000000000003 0 0 0 0 2.6 0 0 0 0 5.800000000000001 4.6000000000000005 5.4 2.2 0 0 0.8 1.4000000000000001 0 0 0 0 0 0 0 0 0 0 0 0 0 4.2 0 0 0 0 0 0 0 0 0 0 0 0 0 0 0 1 0 0 0 0 0 8.4 0 0 0 0 0 0 2 2 0 3.8000000000000003 5.2 0 2 0 2.4000000000000004 0 0 0 1.4000000000000001 0.2 1.4000000000000001 5.6000000000000005 0 0 4.800000000000001 3.8000000000000003 0 0 0 0 3 4 0 0 0 0.2 0 0 5.2 0 0 9.200000000000001 11.4 2 0 0 0 0 1.8 0 0 0 0 0 0 0 0 0 0 0 0 0 0 0 0 0 0 0 0 0 0 0 0 0 0 0 0 0 0 0 0 0 0 0 0 0 0 0 0 8.4 18.400000000000002 0 0.4 0 1.8 5 0 0 0 0 0 0 0 0 0 0 5.800000000000001 0 0 0 0 0 0 0 0 0 0 0 0 0 2.2 0 0 0 0 1.8 0 0 0 0 0 0 0 0 
 82.2 171.20000000000002 34.2 14.4 34.4 14 42.2 56.2 97.80000000000001 13 8.8 50.400000000000006 0 20.200000000000003 8.6 25.200000000000003 11.8 6.4 36.800000000000004 49.800000000000004 0 0 0 0 0 0 0 0 0 0 0 0.4 0 0.6000000000000001 0 0 0 0 0 0 0 0 0 0 0 0 0 0 0 0.6000000000000001 0 0 0 0 0.2 0.6000000000000001 0.4 0.4 0 0 0 0 0 0 0 0 0 0 0 0 8.6 0 0 0 0.2 0 0 0 0 0 2.8000000000000003 8.4 2.2 0 2.4000000000000004 0 1.6 6.6000000000000005 5.6000000000000005 1 0 4.2 6.2 0 6.2 3 2 0 5.2 5 0 0 1 0 0 0 0 0 0 0 0 0 0 0 0 0 0 0 0 0.2 0 0 0 0 0 0 0 0 0 0 0 0 0 0 0 0 0 0 0 0 0 0 0 0 0 0 0 0 0 0 0 2.2 0 0 0 0 0 0 0 0 0 2 2.4000000000000004 2 0 0 2.4000000000000004 2.2 1.8 1.4000000000000001 0 4 0 2 1.4000000000000001 0.2 0 1.8 0 5.800000000000001 0 0 0 0 0 0 0 0 0 0 0 0.4 0 0 0 0 0 0 2.4000000000000004 0 0 0 0 0 0 0 0 0 0 0 0 0 0 0 0 0 0 0 2 0 0 0 0 0 0 0 0 0 0 2 0 0 0 0 0 0 0 0 0 0 0 0 0 0 0.2 0.4 17.400000000000002 0.2 0.4 17.8 0.4 4 0 0 0 0 0 0 0 0 0 0 4.6000000000000005 0 0 0 0 0 0 0 0 0 9.4 0 0 3.2 1.2000000000000002 0 0 0 0 0 0 0 0 0 0 0 0 0.2 
 84.4 11 22.400000000000002 13 34.6 35 26.400000000000002 16.8 34.4 38.400000000000006 8.4 24.400000000000002 20.200000000000003 0 14.600000000000001 43 94.2 44.6 23.200000000000003 51.2 0.2 0 0 0 0 0 0 0 0 0.4 0 0.6000000000000001 0.4 0.6000000000000001 0.4 0 0 0 0 0 0 0 0 0 1.2000000000000002 0 0 0 0 0.6000000000000001 0.2 0 0 0.6000000000000001 12 0.6000000000000001 0.4 0.4 0.6000000000000001 0 0 0 0 0 0 0 0 0 0 0 0 0 0 0.6000000000000001 0 0 0 0 0 0 13.8 1.6 4 4.2 2 2.6 0.2 2.6 3.8000000000000003 0 0 4.2 2.2 6.6000000000000005 6.2 5.800000000000001 1.6 1.2000000000000002 0.2 2.6 0 0 0 0.4 0 0 0 0 0 0 0 0 2.2 0 0 0 0 0 0 3 0.4 0 0 0 0 0 0 0 0.2 0 0 0 0 0 0 0 0.2 0 0 0 0 0 0.2 0 0 0 0 0 0 0 5 0 0 0 0 0 0 0 0 0 3.2 3.2 1 3.4000000000000004 1.8 3.8000000000000003 0 11.200000000000001 2.2 2.4000000000000004 2.8000000000000003 1 0.2 1.6 4.2 7.2 4.4 0 4.6000000000000005 3.4000000000000004 0 0 0 0 0 0 0 0 0 0 0 0 0 0 0 0 0 0 2.6 3.2 0 0 0 0 0 0 0 0 0 0 0 0 0 0 0 0 0 0 0 0 0 0 0 0 0.2 0 0 0 0 0 0 0 0 0 0 0 0 0 0 0 0 0 0 0 0 0 20.200000000000003 0 11.600000000000001 1 0 3.8000000000000003 0 0 0 0 0 0 0 0 0 0 0 0 0 0 0 0 0 0 0 0 0 0 0 0 0 0 0 0 0 0 0 0 0 0 0 0 0 0 
 55.6 86 9.8 47.2 55.800000000000004 54 43.6 47.2 53.2 55.400000000000006 58.800000000000004 10.600000000000001 8.6 14.600000000000001 0 33.6 19 23.8 13.200000000000001 34 0 0 0 0 0 0 0.2 0 0.2 0.4 0 0.4 0.4 0.6000000000000001 0.4 0 0 0 0 0 0 0 12.600000000000001 0 0 0 0 0 0.6000000000000001 0.6000000000000001 0 0 0 0 0 0.6000000000000001 0.4 0.4 0 0 0 0 0 0 0 0 0 0 0 0.8 6 0 0 0 0 0 0 0.2 0 0 7.2 3 0 0 2.8000000000000003 0.6000000000000001 0.2 2.4000000000000004 7.2 3.8000000000000003 3.8000000000000003 5.6000000000000005 0.2 5.2 5.800000000000001 1.4000000000000001 7 2.4000000000000004 0 1.6 1.6 0 0 0 0 0 0 0 0 0 0 0 3.2 0 0 0 0 0 2.2 2.6 0 0 0 0 0 0 0 0 0 0 0.2 0 0 0 0 0 0 0 0 0 0 0 0 0 0 0 0 0 0 0 0.2 0 0 0 0 0 0 0 0 0 0.4 0 2 2.2 0 0 3 0 2 2 0 0 0 0.2 5.6000000000000005 7.6000000000000005 3.8000000000000003 7 0 0.2 0 0 0 0 0 0 0 0 0 0 0 0 0 0 0 0 0 0 2.2 2.6 0 0 0 0 0 0 0 0 0 0 0 0 0 0 0 0 0 0 0 0 0 0 0 0 0 0 0 0 0.2 0 0 0 0 0 0 0 0 0.4 0 0 0 0 0 0 0 0 18 0 0.2 17.400000000000002 0 2 2.4000000000000004 0 0 0 0 0 0 0 0 0 2.8000000000000003 0 0 0 0 0 0 0 0 0 0 0 0 1.8 0.2 0 0 0 0 0 0 0 0 0 0 0 0 0 
 6.800000000000001 27.200000000000003 30.200000000000003 54.400000000000006 18.2 14.600000000000001 52.2 29.8 65 17.8 24.6 48.400000000000006 25.200000000000003 43 33.6 0 38 26.200000000000003 61 13.8 0.2 0 0 0.2 0 0 0.2 0 0.4 0 0 0.4 0 1 0 0 0.2 0.4 9.200000000000001 0.2 0 0 0 0 4.6000000000000005 0 0 0 0 0.4 0 0 0 0 5.800000000000001 0.6000000000000001 0.4 0.8 0 0.4 0 0.6000000000000001 0 0 0 0 0 0 0.6000000000000001 0 10 0 0 0 0 0 0 0 0 0 1.8 3.8000000000000003 6.800000000000001 13.200000000000001 5.6000000000000005 5.800000000000001 2.4000000000000004 6.6000000000000005 0 0 4.800000000000001 7.6000000000000005 0.4 0 10.8 6 2.8000000000000003 8.8 0.4 0 0 0 0 0 0 0 2.4000000000000004 0.4 0 0 0 0 0.2 2.2 0 0 0 0 0 2.8000000000000003 1.6 0 0 0.2 0 0 0 0 0 0 0 0 0 0 0 0 0 0 0 0 0 0 0 0.4 0 0 3 0 5.4 0.2 0.2 3.2 0 0 0 0 0.4 0 0 0 0 12.4 5.4 2.6 4.2 0 0 3.4000000000000004 4.2 0.4 0 15.4 0 0 1.8 2.8000000000000003 1.6 2.6 0 0.6000000000000001 1.8 0 0 0 0 0 0 0.2 0 0 0.2 0 4.2 2.8000000000000003 0 0 0 0 4.6000000000000005 7.2 0 0 0 0 0 0 0 0 0 0 0 0 0 2.4000000000000004 0 0 0 0 0 0 0 0 0 0 0 0 0 0 0 0 3 0 0 0 0 0 0 0 0 0 0 0 0 0 0 0 9 0.2 0 17 1.4000000000000001 1.2000000000000002 0 0 0 0 0 0 0 0 0 0 0 0 0 0 0 0 0 0 0 0 0 0 0 2 3.4000000000000004 2 0 0 0 0 0 0 0 0.2 0 0 0 0 
 25 22.200000000000003 41.400000000000006 26.8 50.400000000000006 15.600000000000001 20.8 24.6 69 29.8 43.400000000000006 19 11.8 94.2 19 38 0 61 24 8.4 0.2 0 0 0 0 0 0 0 15 0.2 0 0.6000000000000001 0 0.6000000000000001 0.2 0 0.2 0 0 0 0 0 0.2 0 0.8 0 0 0 5.2 0.6000000000000001 0 1.8 0 0 13 0.6000000000000001 0.4 0.4 0 0 0 0.2 0 0 0 0 1.2000000000000002 0 0.2 0 0.2 0 0.2 0 0 0 0 0 0 0 6.4 5.6000000000000005 10.4 4.800000000000001 4.2 2.8000000000000003 3.6 5.4 0.2 7.6000000000000005 2.4000000000000004 0 1.4000000000000001 2.8000000000000003 2.4000000000000004 5.2 4.800000000000001 1.8 0 2.6 0 0 0 0 0 0 3.6 0 0 0 0 0 3.6 0.2 0 0 0.2 0 0 2.8000000000000003 0 0 0 0 0 0 0 0 0 0 0 0 0.4 0 0 0 0 0 0 0 0 0 0 0 2.6 0 0 0 0 0 2.2 4 0 0 0 0 0 0 0 0.4 0 10.600000000000001 2.8000000000000003 4.4 0.2 1.6 0.2 7.6000000000000005 1.6 2 0 5 0 1.8 0 6.2 5.6000000000000005 0.2 0 7 0 0 0 0 0 0 0 0 0 0 0 0 0 0 0 0 0 0 2 0 0 0 0 0 0 0 0 0 0 0 0 0 0 0 0 0 0 0 0 0.2 0 0 0 0 0 0 0 0 0 0 0 0 0 0 0 0 0 0 0 0 0 0 0 0 0 0.4 0.8 0 0 17.400000000000002 0.2 4.2 0 0 0 0 0.4 0 0 0 0 0 0 0 0 0 0 0 0 0 0 0 0 0 0 4.4 0 0 0 0 0 0 0 0 0 0 0 0 0 0 
 20 66 71.8 13 18 8 21.200000000000003 69.2 9.8 26.6 31.400000000000002 15.4 6.4 44.6 23.8 26.200000000000003 61 0 25.200000000000003 9.4 0 0 0 0 0 0 0 0 0 0 0 0.4 15 0.6000000000000001 0 0 0 0 0 0 0 0 0.2 0 0 0 0 0 0 0.6000000000000001 0 0 0 0 0.2 0.6000000000000001 0.4 0.6000000000000001 0 0 0 0 0.8 10.200000000000001 0.2 0.2 0 0 0 0 0 0 0 0 0 0 0.2 0 7.6000000000000005 0 3.2 3.4000000000000004 8.6 7 0.2 4 6.4 4 0.2 2 3.2 1.2000000000000002 1 7.800000000000001 5.6000000000000005 4.2 6.2 4.6000000000000005 0 3.2 0 0 0 0 0 0 2.6 0 0 0 0 0 2.4000000000000004 2 0 0 0 0 0.2 0 0 0 0 0 0 0 0 0 0 0 0 0 0 0 0 0 0 0 0 0 0 0 0 0 0 0 0 0 0 0 0 3.8000000000000003 0 0 0 0 0 0 0 0 0 11.600000000000001 2.6 6.2 1.8 1.2000000000000002 0 9.600000000000001 3.6 0.4 5 10.4 0 3.8000000000000003 0.2 2.6 1.8 7.4 0 0 2.4000000000000004 0 0 0 0 0 0 0 0 0 0 0 3 0 0 0 0 0 11.600000000000001 0.2 0 0 0 0 0 0 0 0 0 0 0 0 0 0 0 0 0.2 0 0 0 3.6 0 0 0 0 0 0 0 0 2 0 0 0 0 0 0 0 0 0 0 0 2 0 0 0 0.4 18.6 0 17.2 0.4 0 0.8 0 0 0 0 0 0 0 0 0 0 0 0 0 0 0 0 0 0 0 0 0 0 0 9 0 0 0 0 0 0 0 0 0 0 0 0 0 0 
 5.6000000000000005 11.4 36.6 17.8 18.2 8.4 47.800000000000004 24.400000000000002 16.400000000000002 14.4 7.4 3.6 36.800000000000004 23.200000000000003 13.200000000000001 61 24 25.200000000000003 0 25.8 0 0 0 0 0.2 0.4 0.2 0 0.4 0 0 0.4 0 1.2000000000000002 0 0 0 0 0 0.2 0 0 0 0 0 0 0 0 0.6000000000000001 0.4 0 0.4 0 0 0 0.6000000000000001 0.4 0.4 0 0.2 0 0.6000000000000001 0.6000000000000001 0 0 0 0 0 0.6000000000000001 0 0 0 0 0 0 0 0 0 0 0 0 3.6 0 0 0 0 2 1.4000000000000001 2.8000000000000003 2 0 0 4.6000000000000005 0 1.6 2.2 0 0 0.2 0 0 0 0 0 0 0 0 0 0 0 0 0 0 0 0 0 0 0 0 0 0 0 0 0.4 0 0 0 0 0 0 0 0.4 0 0 0 0 0 0 0 0 0 0 0 0.2 0 0 0 0 0 0 0 1.6 0 0 0 0 0.2 0 0 0 2.8000000000000003 0 1.6 0.2 0 0 3 0 0 1.4000000000000001 0.8 2 8.4 0 0 0.2 0 0 2.4000000000000004 2 0 0 0 0 0 2.4000000000000004 0 0.4 0 0 0.4 0 0 0 0 0 0 0 0 0 0 0 0 0 0 0 0 0 0 0 0 0 0 0 0 0 0 0 0 0 0 0 0 0 0 0 0 0 0 0 0 3.4000000000000004 0 0 0 0 0 0 0 0 0 0 0 0 0 0 0 0.4 0.2 0.4 0 1 0 0 0 0 0.4 0 0 0 0 0 0 0 0 0 0 0 0 0 0 0 0 0 0 2.4000000000000004 0 0 0 0 0 0 0 0 0 0.4 0 0 0 0 
 41.6 22.400000000000002 69 12.600000000000001 16.2 50.400000000000006 31 50 13.8 38.2 28.6 21.6 49.800000000000004 51.2 34 13.8 8.4 9.4 25.8 0 0.2 0 0 0.4 0 0.6000000000000001 0.6000000000000001 0 0 0.2 0.4 0.4 0 0.6000000000000001 0 1.2000000000000002 0.8 0.2 0 0 0 0.6000000000000001 0.6000000000000001 0 1.6 0 0 9.200000000000001 0 1.2000000000000002 0.4 0 0 0 0 0.6000000000000001 0.4 0.4 0 0 0.6000000000000001 0.4 0 0 0 0 0 0 0.4 0.2 9.8 0 0 0 0 0 0 0.2 0 0.4 4.800000000000001 8.200000000000001 4.6000000000000005 3.4000000000000004 6.800000000000001 0 3 4 2 5.800000000000001 5 2.6 3 4.2 5.2 0 6.2 0 4.6000000000000005 7 0 0 0 0 0 0 0 0 0 0 0 0 0 0 0 0 0 0 0 3 0 0 0 0 0 0 0 0.4 0 0 0 0 0 0 2.8000000000000003 0 0 0 0 0 0 0 0 0 3.8000000000000003 0 0 0 0 0 0.2 0 0 0 0 0 0 0 0.4 0 6.4 4.800000000000001 1.6 7 3.6 4.2 3.2 8.8 2.8000000000000003 1.4000000000000001 0 2 3.2 4.4 1.6 5.2 1.8 2.4000000000000004 5.800000000000001 1.8 0 0 0 0 0 0.4 0 0 0 0 0 0 0 0 0 0 0 0 3.6 0 0 0 0 0 0 0 0 0 0 0 0 0 0 3 0 0.4 0 0 0 0 0 0 0 0 0 0 0 0 0 0.2 0 0 0 0 0 0 0 0 0 0 0 0 0 0 0.4 0.4 9.8 0 0 1 0 1.8 0 0 0 0 0 0 0 0 0 0 0 0 0 0 0 0 0 0 0 0 0 0 0 0 1.6 0 0 0 0 0 0 0 0 0 0 0 0 0 
 0 0 0 15.200000000000001 0 21 0 0 0 1.2000000000000002 0.8 4.800000000000001 0 0.2 0 0.2 0.2 0 0 0.2 0 74.2 57 10.600000000000001 58.400000000000006 5.2 97.80000000000001 34 9.4 29.6 36 11.8 22 67.8 11.4 28.400000000000002 35.800000000000004 47 26.8 34.6 0 0.6000000000000001 1 0 0.6000000000000001 0.8 0 2 0 0.6000000000000001 0 0.4 1 0.4 0.6000000000000001 1.8 0.2 0 0.8 1.6 1 0 0.4 0.2 0.8 0.8 0 7.4 0.2 0.6000000000000001 6.2 0.6000000000000001 0.6000000000000001 1 1 0 0 0.4 0.2 0 0 0 0 0 0 0 0 0.4 0 0 0 0 0 0 0 0 0 0 0 0 0 11.4 0.4 0 0 0 0 2.6 5.2 6.6000000000000005 0 2.2 7 2 8 5.800000000000001 8.200000000000001 6 0.4 0.8 0 0 0 0 0 2.6 0 0.4 0 0 0 0 0 0 0 0 0 0 0.2 0 0 0.4 0 0.2 0 0 0 0 0 1 0.6000000000000001 0 0 0 0 0 0 0 0 0 7 0 0 1.2000000000000002 0.2 4.6000000000000005 0.2 0.6000000000000001 0.2 0 0 0 0 0 0.2 0.6000000000000001 0 0 0 0 5.4 1.8 3.6 9.8 2 0 7.6000000000000005 8 0 4.800000000000001 1 14.4 1.8 1.6 1.8 3.4000000000000004 0 0 3.6 2.8000000000000003 0 0 0 0 0 1.8 1.4000000000000001 0 0 0 0 0 0 0 0 0 0 0 2 0 0 0 3 0 0 0 0 0 0 0 0 0 0 0 0 0 0 0 0 0 0 0 0 0 0 0 0 0 0 0 0 0 0 0 0 0.2 0 0.2 0.2 0 0 0.2 0 0 0 0 2.2 0 0 0 0 0 0 10.4 0 0 0 0 0 2.6 0 8.4 0 0.4 0 0 1.4000000000000001 0 0 0 
 0 0 0 15.8 0.2 1 0 0 0 1 0 0.2 0 0 0 0 0 0 0 0 74.2 0 48 15.8 52.2 3.2 39.2 38.6 42 6.6000000000000005 35.6 20.200000000000003 5.2 29 52 41 6.6000000000000005 17.8 25.400000000000002 27.400000000000002 0 0.6000000000000001 0.4 0 0 0.2 0 0.6000000000000001 0 0 0.6000000000000001 0.6000000000000001 0 0 0 0.2 0 0 5.2 1.4000000000000001 0 0 0.2 0 0.6000000000000001 0 0.6000000000000001 0 0 0.6000000000000001 0 0.6000000000000001 0.6000000000000001 0 0 0 0 0.4 0 0 0 0 0 0 0.2 0.2 0 0 0 0 0 0 0 0.4 0 0 0 0 0 0 0.8 5.2 10 0 0.4 2.2 0 3.4000000000000004 3.2 10 3.4000000000000004 0 4 0.2 3.8000000000000003 5.2 1.8 6 0.2 3.2 0 0 0 0 0.2 0 0.4 2.6 0.2 0 0.2 0 1.6 0 0 0 0 0 8.6 2 0 6.6000000000000005 0 0 0 0 0 0 0 0 0.8 0 2.6 0 0 0 0 0 0 0 3 0 0 0.6000000000000001 0 0 0 0.2 0 0 0 0 0 0 0.8 3.4000000000000004 0 0 0 0 1.8 2 3.4000000000000004 3.2 0 10.4 4 3.6 9.600000000000001 5.4 0 5.2 1.4000000000000001 0.2 2 2 6.2 0 0 4.2 0 0 0 0 0 0 0 0 0 0 0.2 0 5 0 0 0 0 0 4 0 0 0 0 0 0 0 0 0 0 0 0 0.2 0 0 0 0 0 0 0 0 0 0 1.6 0 0 0 0 0 0 0 0 0 0 0 1.2000000000000002 0 0.4 15.600000000000001 0.2 0 0 0.4 0 0 0 0 0 0 0 0 0 0 0 0 0 0 0 0 0 0 0 0 0 0 0 6.4 1.4000000000000001 0 0 0 
 0 0 0 0.2 30 0 0.4 0 0 0 0 14.8 0 0 0 0 0 0 0 0 57 48 0 78.60000000000001 8.6 24.400000000000002 48.6 25 30.8 27 23 65.60000000000001 28.400000000000002 19.8 10.4 37.2 13.200000000000001 22.200000000000003 18.6 40.2 0 0.6000000000000001 0.4 0 0 0 0 0.6000000000000001 0 0 0 0 0.2 0 0 1.2000000000000002 0 0.6000000000000001 0.6000000000000001 0.6000000000000001 0 0 0 0 0.6000000000000001 0 10 0 0 0.6000000000000001 0 0.6000000000000001 0.6000000000000001 0 0 0 0 0.2 0 0 0 0 0 0.2 0 0 0 0 0 0.4 0 0 0 0 0 0 1.4000000000000001 0 0 0 1.6 2 3.6 0 0.2 0 0 0 4.6000000000000005 2.4000000000000004 0 1.8 2.2 0 3.6 2.4000000000000004 6.4 8.6 0 0 0 0 0 0 0 0 0.2 0 0 0 0 0 0 8 0 0 0 0.2 2.8000000000000003 0 0.4 0.2 0 0 0 0 0.4 0 0 0 1.6 0 0 0 0 0 0 0 0 0 0 0 0 0 0.4 0 0 0 0 0 0 0 0 2.8000000000000003 0 0 0 0 0 0 5 2.6 6 15.600000000000001 13 6.2 1.4000000000000001 7.2 5.800000000000001 4 2.2 2.4000000000000004 0 1.4000000000000001 1 2.4000000000000004 9 1.8 0 0.4 0 0 0 0 0 0 0 0 0 0 0 0 0 2 0 0 0 0 0 5.2 0.4 0 1 0 0 0 0 0 0 0 0 0 0 0 0 0 0 0 0 0 0 0 0 0 0 0 0 0 0 0 0 0 0 0 3.2 0 0 15.200000000000001 15.600000000000001 0 2.4000000000000004 0 0 0 0 0 0 0 0 3.6 0 0 0 7.4 0 0 0 0 0 0 0 2.6 0 0 0 0 0 0 0 0 
 0 0 0 0 0 0 0 0 0 0 0 0 0 0 0 0.2 0 0 0 0.4 10.600000000000001 15.8 78.60000000000001 0 17 17.6 18.2 27.6 31.8 17.8 24.200000000000003 49.2 12.600000000000001 13.8 15.600000000000001 11.8 26.200000000000003 26.400000000000002 58.6 9.600000000000001 28.200000000000003 0.6000000000000001 0.2 0 0 41.800000000000004 0 12.200000000000001 0.2 0 0 0 18 12.600000000000001 13 0 0.2 0 20.200000000000003 57.6 0 0 0 0 0.4 0 0 1.2000000000000002 0 0.6000000000000001 0 0.2 0.6000000000000001 0.2 0 0 1.4000000000000001 0 1.6 0 0 0 0 0 0 0 0 0 0 0 0 0.2 0 0 0 0 0 0 0 0 0 0 1.8 6 0.8 11.8 0 0 1.2000000000000002 0 4.800000000000001 2.2 0 0 0 0 1.2000000000000002 5.2 0 0 2 0 5.6000000000000005 0 0 0 0.8 0 0.2 0 0 0 8.8 7.2 0 0 2 0 9.4 6.6000000000000005 0 0 0 0 0 0 0 0 0 0 0 0 1.2000000000000002 1 0 0 0 0.2 0 0 0 2.6 0 0 0 0 0 0 0 0 0 0 0 0 0.2 0 0 0 0 0.4 0.2 0 0.2 0 3.8000000000000003 11.8 0 2 0.4 0 8.200000000000001 0.4 0 0 0.2 0 8.4 7.2 0.2 0 11 3.8000000000000003 2.4000000000000004 2.8000000000000003 0 0 4.2 0 1.4000000000000001 0.4 0 0 1.4000000000000001 4.4 3 0 0 0 4 5.2 0 0 0 0 0 0 0 0 0 0 0.2 0 0 9.600000000000001 0 0 3.2 0 0 0.4 0 0 0 0 0 0 0 0 0 0 0 0 0 0.4 0.4 0 0.4 8 1.4000000000000001 0.4 1.2000000000000002 2 0 0 0 0 0 0 0 0 0 0 0 0 0 0 0 0 0 0 0 0 0 0 0 0 0 0 0 0 
 0 0 14.4 0 0.6000000000000001 0 40.400000000000006 0 0.4 0 0 0 0 0 0 0 0 0 0.2 0 58.400000000000006 52.2 8.6 17 0 30.400000000000002 9.8 21.6 77.60000000000001 31.8 47.2 10.8 15.8 37 31 34.800000000000004 62 24.200000000000003 99.2 13 0 14 42.400000000000006 0 0.6000000000000001 0.6000000000000001 0 13.200000000000001 0 0 0.6000000000000001 0.6000000000000001 0 0 12.4 12.4 0.2 0.4 5.6000000000000005 13.600000000000001 0 0 0.6000000000000001 0.2 0.6000000000000001 0.4 0 0 0 0.6000000000000001 0 1 0.6000000000000001 10.8 0 0 0.4 0.2 0 0.6000000000000001 0 0 0 0 0 2 0 0 0 0 0 0 0 0 0 3.4000000000000004 0 0 0 0 0 0 0 1.8 3.8000000000000003 2.6 0 0 0.2 10 0.2 0 0 0 1.2000000000000002 4.800000000000001 0 6.6000000000000005 0 0 2.4000000000000004 0 3.4000000000000004 0 0 0 4.4 3.8000000000000003 7 3 2 0 3.8000000000000003 0 5.2 6.6000000000000005 2.6 4.6000000000000005 2.8000000000000003 3 0 0 0 0 0 0 0 0 0 0 0 0 0 0 0 0 0 0 0 0 0 0 0 0 0 0 1.6 0 0.2 0 0 0 0 0 0 0 0 0 0 0 3.4000000000000004 0 1.8 0.2 0 2.8000000000000003 0.2 2.2 3.6 6.6000000000000005 0 1.8 0 0 0.2 2.8000000000000003 5.800000000000001 0 0 0 3 3.8000000000000003 6.4 2.2 0 0 1.8 4.2 0 0 0 0 3.2 1.2000000000000002 2 3.2 2.2 2 5.2 2 0 0 0 0 0 0 0 0 0 0 0 0 0 0 2.8000000000000003 0 0 0 0 0 0 0 0 0 0 0 0 0 0 0 0 0 0 0 1 0.4 0.4 15.600000000000001 0 0.4 0 0 0 0 0 0 1.8 0 0 0 0 0 0 0 0 0 0 0 0 0 0 0 0 0 0 10 0.2 0 0 0 
 0.8 0.4 0 0 0.6000000000000001 0 0 0 0 0 0 0 0 0 0 0 0 0 0.4 0.6000000000000001 5.2 3.2 24.400000000000002 17.6 30.400000000000002 0 7.4 21.200000000000003 12.200000000000001 17.2 32.2 35.6 38.400000000000006 7.800000000000001 9.200000000000001 13.4 30.200000000000003 9 9.600000000000001 9.4 0 8 0.4 0 2.8000000000000003 0 12.8 11.4 16.400000000000002 0 13.600000000000001 0 13.8 0 28.400000000000002 0.2 10.4 0 0.6000000000000001 26.400000000000002 0 0 0 0 0.4 0.2 0.6000000000000001 2 0 0.6000000000000001 0.2 0.8 1.2000000000000002 0.4 0 0.2 0 0 0 0 0 0 0 0 0 0 0 0 0 0 0 0 0 0 0 0 0 0 0 0 0 0 2 0 0.2 1.4000000000000001 2.4000000000000004 0 2.2 0 0 0 0 0 0 0 0 1.2000000000000002 0 0 4 4.800000000000001 5.6000000000000005 0 0 0 2.8000000000000003 5.6000000000000005 0 7.6000000000000005 2.8000000000000003 2 0 7 2.6 0 2.4000000000000004 6.6000000000000005 0 4.800000000000001 0 0 0 0 0 0 0 0 0 0 0 0 0 0 0 0 0 0 0 0 0 0.4 1.2000000000000002 0 0 0 0 0 2.6 5.2 0 0 0 0 0 0 0 0 0 0 0 0 0 0 2.8000000000000003 10 0 2.2 7.2 0 0 0 0 0 0 0 0.4 4 0 0 0.8 2.6 3 4.6000000000000005 0 0 4 2.6 4 4.2 0 0.2 1.2000000000000002 1.8 5.800000000000001 5.800000000000001 0 0 3.8000000000000003 5.800000000000001 0 0 0 0 0 0 0 0 0 0 0 0 0 0 0 0 0 0 0 0 0 0 4 0 0 0 0 0 0 0 0 0 0 0 0 1 0.4 0.2 8.200000000000001 0.4 2.4000000000000004 0.8 0 0 0 0 0 0 0 0 0 0 0 0 0 0 0 0 0 0 0 0 0 0 3 0 0 4.2 0 1.2000000000000002 
 0.6000000000000001 0.4 0.4 15 0.2 1 0.4 0 0.2 0.6000000000000001 0.6000000000000001 14.8 0 0 0.2 0.2 0 0 0.2 0.6000000000000001 97.80000000000001 39.2 48.6 18.2 9.8 7.4 0 45.6 6.4 40.6 8.4 6.800000000000001 61.400000000000006 78.80000000000001 24.200000000000003 37.4 23.400000000000002 12.200000000000001 42.2 49.2 0 0.6000000000000001 0 0 0 1.2000000000000002 0 0.4 0 0 0 0 0 0 0 0.2 0 0 0.6000000000000001 0.6000000000000001 0 0 0 0 0.6000000000000001 4.4 0 0 0 0.6000000000000001 0 0.6000000000000001 0.6000000000000001 0 0 0 0 0 0 0 0 6 0 0 0 0 0 0 0 0 0.4 0 0 0 0 0 0 0 0 0 0 5.800000000000001 5.2 0.2 0 0 0 0.2 9.4 1.4000000000000001 0 7.800000000000001 7.2 2.4000000000000004 8 6 9 1.6 1.8 1.4000000000000001 1.2000000000000002 0.4 0 0 0 0 0 0 0 1.4000000000000001 0 0 0 0 0 0 0 0 0 0 0 2.2 0 0 0 0 0 0 0 0.4 0.8 0 0 0 0 0.2 0 0 0 0 0.4 0 2.2 4.6000000000000005 0 2.8000000000000003 0 3.8000000000000003 0 0 0 0 0 2.2 0 0.2 2 0 0 0 0 1.6 0.4 3.8000000000000003 0 0 10.200000000000001 4 0.2 6.2 2 4 2.6 0 0.2 3.2 0 0 0 5.4 0 0 0 0 0 0 0 0 0 0 0 0.2 0 0 0 0 0 0 3 0 0 0 0 0 0 0 0 0 0 0 0 1 0 0 0 0 0 0 0 0 0 0 0 0 0 0.4 0 0 1.2000000000000002 0 0 0 0.2 0 1 0 0 0.2 0 0 0.2 0 0 0 0 0 0 0 0 0 0 0 0 0 0 0 0 0.2 0 2.6 0 2.4000000000000004 0 2.4000000000000004 0 0 1.8 0 0 0 
 0 0.2 0 0 0 0 0.2 0.4 0 0 0 0 0 0 0 0 0 0 0 0 34 38.6 25 27.6 21.6 21.200000000000003 45.6 0 111.60000000000001 45.6 30 23 25.200000000000003 92 22.400000000000002 35.2 7.800000000000001 30 25 9.8 0 0.6000000000000001 0.2 0 0 0.8 0 0.4 0 0 0 0 12.4 0 0.6000000000000001 1.2000000000000002 0 5 6.4 13.4 0 0 0 0 0.6000000000000001 0 0 0 0 0.6000000000000001 0 0.6000000000000001 0.6000000000000001 0 0 0 0.2 0 0 0 0 0 0 0 0.4 0 1.4000000000000001 0 0.2 0 0 0 0 0 0 0 0 0 0 0 0.2 17.8 2.2 0 2.4000000000000004 3.2 0 0 13.200000000000001 5.2 0 0.4 2.8000000000000003 2 5 4.800000000000001 3.8000000000000003 10.600000000000001 0 0 2.2 0 0 0 0 0 3.2 0 3 0 0 0 2 2.2 0 0 0 0 0 0 0 0.2 0 0 0 0 0 0 0 0 0 0 0 0 0 0 0 0 0 0 0 0 0 0 0 0 0 0 0 0 0 0 0 0 0 0 0 0 0 0 2.6 0 4.6000000000000005 2.8000000000000003 4.6000000000000005 5.800000000000001 1.6 1.8 4.2 8 3.2 8 0 1.4000000000000001 3.4000000000000004 3.8000000000000003 5.2 0.6000000000000001 0 0.2 2.4000000000000004 0 0 0 0 0 0.2 0 0 0 0 0 0 1.4000000000000001 0 0 0 0 2.8000000000000003 2.8000000000000003 0 0 0.4 0 0 0 0.2 0.4 0.4 0 0 0 0.2 0 0 0 0 0 0 0 0 0 0 0 0 0 0 0 0 0 0 0 0 0 0.4 0 0 16 15.4 0 2.4000000000000004 0.2 0 0 0 0 0 0 0 0 0 0 0 0 0 0 0 0 0 0 0 4.6000000000000005 0 0 0 2.2 0.8 0 0 0 
 0 0.6000000000000001 0 0 0 0.2 0 0 0 0 0 0 0 0 0.2 0.4 15 0 0.4 0 9.4 42 30.8 31.8 77.60000000000001 12.200000000000001 6.4 111.60000000000001 0 32.800000000000004 32.2 4.4 69 20.200000000000003 47.2 20 49.800000000000004 68 16.8 12.8 0.2 0.6000000000000001 2.8000000000000003 0 0 0 0 0.6000000000000001 0 0 0.8 0 4 0 0 0 0 0 26 8.200000000000001 14.4 0 0 1.4000000000000001 0.6000000000000001 0 0.4 0 0.6000000000000001 0.6000000000000001 0 0.6000000000000001 0.6000000000000001 0.2 0 0 0.8 0 0 0.8 0 0 0 0 0 0 0 0 0 0 0 0 0 0 0 0 0 0 0 0 0 2 2.4000000000000004 4.2 2 13.600000000000001 0 0 3.2 2.8000000000000003 12.200000000000001 0.2 0 0 4.4 4.6000000000000005 0.8 1.8 0 0 2.2 0 0 0 0 0 0 0 0 0 0 0 3.2 0.2 0 0 0 0 0 6.800000000000001 0 0 0 0 0 0 0 0 0.4 0 0 0 0.2 0 0 0 0 0 0 0 0 0 0 0 0 0 0 0 0 0 0 0 0 0 0 0 0 0 0 0 0 4.4 4.4 3.4000000000000004 10.600000000000001 11 0 5.2 10 4 3.6 2.2 0 5.2 6.2 0 9.600000000000001 0 0 0 1.2000000000000002 0 0 0 0 0 4 0 0 0 0.4 0 6 3.6 0 0 0 0 12.200000000000001 3.6 0 0 0 0 0 0 0 0 0 0 0 1.2000000000000002 0 0 0.4 0 0 0 0 0 0 0 1.6 0 0 0 0 0 0 0 0 0 0 0 15.200000000000001 0.4 0.2 17.400000000000002 0.2 0.4 0.6000000000000001 4.4 0 0 0 0 1.2000000000000002 0 0 0 0 0 0 0 0 0 0 0 0 0 0 0 0 0 0 2.6 0 0 0 0 
 0 0 0 0 0.4 0.4 18.400000000000002 0 0 0 0.2 0 0 0.4 0.4 0 0.2 0 0 0.2 29.6 6.6000000000000005 27 17.8 31.8 17.2 40.6 45.6 32.800000000000004 0 14.8 20.6 25.6 43.400000000000006 37.2 32.800000000000004 24.200000000000003 37 18.2 21.8 0 0.6000000000000001 0.6000000000000001 0 0 0.2 0 0.6000000000000001 0 0 0 0 12.4 0 0 0 0 0 0.8 14.200000000000001 0 0 0 0 0.6000000000000001 0 0 0 0 0.6000000000000001 0 0.6000000000000001 0.6000000000000001 0 0 0.8 0 0.4 0 0.2 0 0 0 5.6000000000000005 0 0 0 0 0 0 0 0 0 0 0 0 0 0 0 0 0 6.4 9.4 1.6 0 7 0 0 8.4 6.4 0 2 0 0 2.4000000000000004 0 1.8 5.4 0 0 2.2 0 0 0 0 0 5.6000000000000005 0.2 0 0 0 0 0 1 0 0 0 0 0 0 0 6.800000000000001 0 0 0 0 0 0 0 0 0 0 0 0 0 0 0 0 0 0 0 0 0 0 0.2 0 0 0 0 0 0 0 0 0 0 0 0 0 0 0 8.6 0 4.4 2.4000000000000004 4.800000000000001 17.400000000000002 6.6000000000000005 6.800000000000001 0 3.6 3.8000000000000003 6.2 0 2.8000000000000003 4.4 4.800000000000001 3.4000000000000004 0 0 0 2.6 0 0.4 0 0.4 0 1.6 0 0 0 0 0 2.6 0 0 0 0 0 4.800000000000001 5.4 0 0 0 0 0 0 0 0 0 0 0 0 0 0 2.6 0 0 0 0 0 0 0 0 0 0 0 0 0 0 0 0 0 0 0 1.6 0 0.4 1.8 1.2000000000000002 0 0.4 0.4 0 0 0 0 3 0 0 0 0 0 0 0 0 0 0 0 0 1.8 0 2.6 0 0 0 0 2 0 0 0 
 0.6000000000000001 0 0.4 0 0.6000000000000001 0 0 0 0 0 0 0 0 0 0 0 0 0 0 0.4 36 35.6 23 24.200000000000003 47.2 32.2 8.4 30 32.2 14.8 0 27 8.6 12.8 14.8 73.4 35.800000000000004 54.400000000000006 16 10.4 0 0.6000000000000001 0.8 0 0 0.6000000000000001 0 13.200000000000001 0 0.2 1.2000000000000002 0 0.2 0 0.6000000000000001 0.8 0 0 12.8 2 0 0 0.2 10.4 0.6000000000000001 0 0 0 0.6000000000000001 0.6000000000000001 0 0.6000000000000001 0.6000000000000001 0 0.4 0.4 2 0.4 0.4 0.6000000000000001 0 0 0 0 0 0 0 0 0 0 0 0 0 0 4.2 0 0 0 0 0 0 0.2 0.2 0.2 9.8 9 0 0 15.4 12.8 8 0 0.2 0 2.2 6.2 0.2 6.6000000000000005 0 0 0.2 0 0 0 0 0 4.2 0 0.2 0 0 0 2.8000000000000003 3.6 0 0 0 0 2.8000000000000003 2.8000000000000003 0 0.2 0 0 0 0 0 0 0.2 2.4000000000000004 0.2 0 2 0 0 0 0 0 0 0 0 1.2000000000000002 0 0 0 0 0 0 0 0 0 0 0 0 0 0 0 4 0 0 4 2.8000000000000003 4.800000000000001 3.8000000000000003 2.4000000000000004 2.6 0.4 2.2 7.4 7.6000000000000005 0 6.6000000000000005 0 0.4 2.4000000000000004 2.4000000000000004 3.4000000000000004 1 0 0 0 0 0 0 0 0 7.6000000000000005 0 0 0 0.4 0 2.8000000000000003 4.2 0 0 0 0 9.600000000000001 0 0 0 0 0 0 0 0 0 0 0 0 0 0 0 0 0 0 0.4 0 0 0 0 1.6 0 0 0.2 0 0 0 0 0 0 0 0 0.4 0 0.2 0.4 15.600000000000001 1 5.800000000000001 0.4 0 0 0 0 2.6 0 0 0 0 0 0 0 0 0 0 0 0 0 0 0 0 0 0 0.4 0 0 0 0 
 0.4 11.8 0.8 0.4 1 0.4 0.8 0.4 0.4 0.6000000000000001 0.4 0.4 0.4 0.6000000000000001 0.4 0.4 0.6000000000000001 0.4 0.4 0.4 11.8 20.200000000000003 65.60000000000001 49.2 10.8 35.6 6.800000000000001 23 4.4 20.6 27 0 5.2 92.2 11 8.6 14.8 44.400000000000006 10.200000000000001 21 14.200000000000001 0.6000000000000001 0.2 0.2 4.6000000000000005 0.2 0 13 0 0 0.8 0 25.6 0 8.200000000000001 12.4 12.4 0 1.8 2.4000000000000004 0 0 0 0 5.800000000000001 0 0 2.6 0.6000000000000001 0.6000000000000001 0 0.6000000000000001 0.6000000000000001 0 0.4 0.4 0.2 0.4 1.6 0 0 0 0 0 0 0 0 0 0 0 0 0 0 0 0 0 0 0 0 0 0 0 4 4.4 2.4000000000000004 4 0 0 1.8 6 2.2 4.4 0 0 0 0 0 4 0 0 0 0 6.6000000000000005 0 0 0 0 2 2.6 0 0 0 18 7.4 6.6000000000000005 0 2 1.6 2.8000000000000003 14.200000000000001 0 0 0 0.2 0 0 0 0 0 0 0 0 6.6000000000000005 0.6000000000000001 0 0 0 0.8 0 0 0 0.8 0 0 0 0 0 0 0 0.2 0 0 0 0 0 0 0 0 0 0 0 0 0 3.4000000000000004 5 3.4000000000000004 0 7 4.800000000000001 0 4.4 0 0 0 4.800000000000001 0 3.4000000000000004 0 0 0 2.2 3.8000000000000003 2 7.2 0.2 0 0.6000000000000001 2.8000000000000003 4.4 2.6 0 0 1.6 4.6000000000000005 2.2 0 0 0 2.2 4.2 1.8 0 0 0 0 0 0 0 2.8000000000000003 0 0 0 0 0 0 0 0 0 0 0 0 0 0.2 0 0 0 0 0 0 0 0 15 0 0 0.8 0.4 0.4 22.400000000000002 16 0 1.2000000000000002 0.2 0 0 0 0 0 0 0 0 0 0 0 0 0 0 0 0 0 0 0 0 0 0.4 0 0 0 0 0 0 
