 0 22.6 42 12 49 7.2 16.400000000000002 67.2 5.6000000000000005 23.200000000000003 6.6000000000000005 29.8 13 11.600000000000001 46.6 15.8 45.6 8.6 19.6 34.4 0.4 0 0 0.8 0.4 0 0 1.4000000000000001 0.4 0.2 1 0.6000000000000001 0 0 0 0 0.2 0.4 0 1.6 0 0.6000000000000001 0 0 0 0 0 10.8 0 0.4 0.6000000000000001 0 0 0 0.8 0 0 0.8 0.4 0 0.4 0.8 0 0.6000000000000001 0 0.4 2 9.8 0 0 0.6000000000000001 0 0.6000000000000001 0 1 0 8 9.4 0.6000000000000001 0 4 3.4000000000000004 4.6000000000000005 3 0 3 0.2 5.2 6.800000000000001 4.800000000000001 5.6000000000000005 0 5.4 2.2 3.8000000000000003 1.6 1.4000000000000001 5.800000000000001 12 14.200000000000001 0 0 0 0 0 0 0 0 0 0 0 0 0 0 0 0 0 0 0 0 0 0 0 0 0 0 1.4000000000000001 0 0 0 0 0 0 0 0 0 0 0 0 0 0 0 1 0 0 0 0 0 0.4 0 0 0 0 0 0 0 0 0 0 0 2.6 6 4.4 3.4000000000000004 0 2.2 2.8000000000000003 5 0 6 0.8 0 3 0.2 5.800000000000001 2.4000000000000004 3.6 2.2 2.4000000000000004 0 0 0 0 0 0 0 0 0 0 0 0 0 2 0 0 0 0 0 0 2 0 0 0 0 0 0 0 0 0 0 0 0 0 0 0 0 0 0 0 0 0 0 0 0 0 0 0 0 0 0 0 0 0 0 0 0 0 0 0 0 0 0 0 0 0 0.4 0.2 0 18.2 17.8 0 2.2 0 0 0 0 0 0 0 0 0 0 0 0 0 0 0 0 0 0 0 0 0 0 0 0.2 0 1.2000000000000002 0 0 0 0 0 0 0 0 0 4 0 0.4 
 22.6 0 53 19.6 27 26.6 17.8 95 49.2 57.800000000000004 11.200000000000001 19.6 9.8 11 78.4 21.6 23.400000000000002 6.6000000000000005 54.2 15.600000000000001 0.4 0 0 0.2 0.4 0 0.2 0.2 0 0 0.8 0.2 0 0 0 14.4 0 0.4 15 5.6000000000000005 0 0 0 0 0 0 0 0 0 0 0.4 0 0 0 0.6000000000000001 0 0 0 0.4 0 0 0 0 0.6000000000000001 0.6000000000000001 0 0 0 0 0.2 0.6000000000000001 0 0.4 0 0.6000000000000001 0.6000000000000001 0.4 0 0.4 0 0.2 1.8 2.2 5.4 0 0.4 0.2 8.4 0 0 4.2 2 4.6000000000000005 4 3.6 3 1.4000000000000001 2 2.8000000000000003 3.8000000000000003 0 0 0 0 0 0 0.2 0 3.2 0 0 0 7.4 4.4 2.4000000000000004 0 0 0 0 9.200000000000001 0.4 0 0 0 0 0 0 0 0 0 0 0 0 0 0 0 0 0 0 0 0 0.2 0.4 0 0 0 0 0 0 0 0 0 0 0 0 0 0.4 0 0 0 0 3.6 7.2 1.6 2.2 0 3.4000000000000004 2.6 3.8000000000000003 2 0 2.2 10.200000000000001 0 1.8 5.6000000000000005 0 9.200000000000001 0 1.2000000000000002 0 0 0 0 0 0 0 0 0 0 0 0 0.2 0 0 0 0 0 2.4000000000000004 3.2 0 0 0 0 0 4 0 0 0 0 0 0 0 0 0 0 0 0 0 0 0 0 0 0 0 0 0 0 0 0 0 0 0 0.2 0.2 0 0 0 0 0 0 0 0 0 0 0 0.4 0.2 0 0.2 3.4000000000000004 0.8 0 0 0 0 0 0 0 0 15 0 0 0 0 0 0 0 0 0 0 0 0 0 0 0 3.8000000000000003 0 0 0 0 0 0 0 0 0 0 0 0 0 
 42 53 0 45.400000000000006 19 21.8 21.400000000000002 26.8 49.6 46.2 34.4 25.400000000000002 14.4 29.6 38.2 35.800000000000004 42.2 43.6 11.600000000000001 4.800000000000001 0.4 0 0.2 0 0.4 0 0 0.2 0.8 0 1.2000000000000002 0 0.4 0 0 4.800000000000001 0 0.4 34.4 30.200000000000003 0 0 0 0 0 0 0 0 0 0 0.6000000000000001 0 0 0 0.6000000000000001 0.8 0 0 0.4 0 0 0 0 0.6000000000000001 0.6000000000000001 0 0 0 0 0 0.6000000000000001 0 0.6000000000000001 0 0.4 0.2 0 0 0.6000000000000001 0 0 0 7.2 0 25.400000000000002 2.8000000000000003 3.8000000000000003 10.600000000000001 0 2 11 5 0 0 2.2 5 0.6000000000000001 1.2000000000000002 0 0 3.8000000000000003 0 0 0 0 0 4.6000000000000005 4.2 0 0 0 0 0.6000000000000001 1.8 0.4 0 0 0 1.8 0 0 0 0 0 0 0 0 0 0 1.8 0 0 0 0 0 0 0 0 0 0 0 0 0 0 0 0 0 0 0 0 0 0 0 0 0 0 1.2000000000000002 0 0 0 0.4 0 0 0 1.8 2.8000000000000003 2.8000000000000003 3 6.800000000000001 8.6 3.2 4.6000000000000005 2.2 0 0 0 3.8000000000000003 4.4 0 0.2 0 0 0 0 0 0 3.2 0 0 0 0 0 2.6 1.4000000000000001 2.8000000000000003 0 0 0 2.6 2.8000000000000003 0 0 0 0 0 0 0 0 0 0 0 0 0 0 0 0 0 0 0 0 0 0 0 0 0 0 0 0 0 0 0 0 0 0 0 0 0 0 0 0 0 0 0 0 0 0.8 0.2 0 0 0.2 1.8 1.4000000000000001 0 0 0 0 0 0 0 0 14.600000000000001 0 0 0 0 0 0 0 0 0 0 0 0 0 0 1 0 0 0 0 0 0 0 0 0 0 0 0 0 0 
 12 19.6 45.400000000000006 0 77.2 17.400000000000002 21 33.4 70.60000000000001 45.6 28.8 56.400000000000006 24.6 17.2 55.800000000000004 69.60000000000001 56 80.2 16 11.600000000000001 0.8 0.2 0 0.4 0.4 0 0 0 0 0 0.4 0 0 0.2 0 0 0 0.4 54 15.4 0 0 0 0 0 0 0 0 0.4 0 16.8 0 5.800000000000001 0 0.6000000000000001 1 0 0 1 0 0.2 0 0 0.6000000000000001 0.6000000000000001 0 0.6000000000000001 0 0 0.2 0.6000000000000001 0 0.6000000000000001 0 0.6000000000000001 0.2 0 0 0.6000000000000001 0 0 5.800000000000001 3.8000000000000003 0 13.600000000000001 13.8 0 0 3.2 3.8000000000000003 4 0 0.2 0.2 9.600000000000001 4.4 2 6.800000000000001 0.2 0 5.6000000000000005 0 0 0 0 0 4 2.8000000000000003 0 0 0 0 4.6000000000000005 0 2 0 0.2 0 10.4 1.8 0 0 0 0 0 0 1.8 0 0 0 0 0 0 0 0 0 0 0 0 0 0 0 0 0 0 0 0 0 0 0 0 0 0 0 0.4 0.2 0 0 0 0 3.8000000000000003 0 0 0 2 3.6 0 0 1.6 4.6000000000000005 0.2 1.4000000000000001 0.2 0 4.4 0.4 3.8000000000000003 1.4000000000000001 2.6 0.8 0 7.800000000000001 0 0 0 0 3 0.4 0 0 0 0 0 9.8 6.6000000000000005 0 0 0.4 2.2 2.8000000000000003 0 0 0 0 0 0 0 0 0 0 0 0 0 0 0 0 0 0 0 0 1.6 0 0 0 0.4 0 0 3 0 0 0 0 0 0 0 0.2 0 0 0 0 0 0 0 0 0 0.4 18.2 0 0 17.6 2.8000000000000003 1 2 0 0 0 0 0 0 0 15 0 0 0 0 0 0 0 0 0 0 0 0 0 0 2 1.6 0 0 0 0 0 0 0 0 0 0 0 0 0 
 49 27 19 77.2 0 13.600000000000001 8.4 30.400000000000002 104 19.6 13.600000000000001 29 10 44.400000000000006 54.400000000000006 34.6 27.200000000000003 57 27 17.8 21.400000000000002 19 15.200000000000001 0 0.4 0 15.600000000000001 0.2 0.2 0 0.4 0.2 0 0.2 0 0 0 0.4 4 15.600000000000001 0 0 0 0 0.2 0 0 0 0 0 0.6000000000000001 0 0 0 0.6000000000000001 0 0 0 0.4 1.2000000000000002 0 0 7 0.6000000000000001 0.4 0 0 0 0 0 0.6000000000000001 0 0.6000000000000001 0 0.4 0 0 0 0.6000000000000001 0 0 0 3.4000000000000004 0.2 2.6 3.6 0 4.4 0 1.6 2.2 0 0 0 0 3.4000000000000004 1.8 1.8 0 0 2.6 5.4 2.4000000000000004 2.2 0 0 0 4.800000000000001 0 0.2 2 0 3 5.800000000000001 2.8000000000000003 8.200000000000001 0 1.2000000000000002 5 5.800000000000001 0 0 0 0 0 0 1.4000000000000001 0 0 0 0 0 0 0 0 0 0 0 0 0 0 0 0 1.4000000000000001 0 0 0 0 0 0 0 0 0 0 0 0 1 0 0 0 0.2 0 0.2 0 0.2 0.2 0 0 7 2.8000000000000003 4 2.2 0 0 2.8000000000000003 0 0 0 0 0 2.2 4.6000000000000005 0 1.8 0 0 2.6 0 0 2.6 0 0 8.8 2 4.6000000000000005 2.8000000000000003 3.2 0.2 8 11.600000000000001 0 0 0 0 0 0 0 0 0 0 0 0 0 0 0 0 0 0 0 0 0 0 0 0 0 0 0 0 0 0 0 0 0 0 0 0 0 0 0 0 0 0 0 0 0 0 0.6000000000000001 0 0 18.2 0 0 2 0 0 0.2 0 0 0 0 0 0 0 0 0 0 0 0 0 0 0 0 0 0 0 0 0 0 0 0 0 0 0 0 0 0 0 0 0 0 
 7.2 26.6 21.8 17.400000000000002 13.600000000000001 0 23.400000000000002 6.6000000000000005 28.200000000000003 22.400000000000002 31 34.4 53.400000000000006 10.8 14 36 12.600000000000001 34.6 49.800000000000004 10.600000000000001 1 7.4 0 0 0.4 0 41.6 3.8000000000000003 0 0 30.200000000000003 0.6000000000000001 23.400000000000002 0 0 0.4 15 7.4 0.6000000000000001 35.800000000000004 0 0 0 0 0 0 0 0 0 0 0.6000000000000001 0 0 0 6.6000000000000005 0 0 0 0.4 0.6000000000000001 0.8 0 0 0.6000000000000001 0 0 0 0 0 0 0.6000000000000001 0 0.6000000000000001 0 0.4 1 0 0 0.6000000000000001 0 0 2 6 1.4000000000000001 5.6000000000000005 0 0 0 0 2.8000000000000003 2.4000000000000004 0 0 0 0 5.2 0 0 0 0 2.8000000000000003 0 0 0 0 0 6 2.8000000000000003 2.4000000000000004 1.4000000000000001 1.4000000000000001 0 7.800000000000001 2.6 10 0 0 0 6.6000000000000005 6.2 0 0 0 0 0 0 0 0 0 0 0 0.2 0 0 0 0.2 0 0 0.4 0 0 0 0 0 0 0 0 0 0 0 0 0 0 0 0 1 0 0 0 0 0 0 0 0 1.8 2.2 0 0 3.2 0.8 0 2.2 1.4000000000000001 0 0 0.4 9.4 2 0 0 4.2 1.8 4.2 3.6 2 0 2 2.2 0 2.2 2.6 4.800000000000001 0 5.800000000000001 0 3 0 0 0 3.8000000000000003 0 0 0 0 0 0 0 0 0 0 0 0 0 0 0 0 0 0 0 0 0 0 0.4 0 0 0 0 0 0 0 0 0 0 0 0 0 0 0.4 0 0 0 0 0 0 0 2.2 3.2 0 0 0 2.8000000000000003 2.2 0 0 0 0 0 0 0 0 0 0 0 0 0 0 0 0 0 0 0 0 0 0 0 0 0 0 0 0 0 0 0 0 0 0 0 0 0 0 
 16.400000000000002 17.8 21.400000000000002 21 8.4 23.400000000000002 0 34.6 44.800000000000004 26.8 9.4 8.200000000000001 32 72.8 12.4 8 23.200000000000003 8.6 44.400000000000006 56 0.4 1.2000000000000002 0.4 0 0.4 0.6000000000000001 0 0.6000000000000001 0.8 0 0.4 14.4 0.6000000000000001 0.8 0.8 0 0 1 0 16.2 0.8 0 0 0.4 0.6000000000000001 0 1 0 0 1 0.6000000000000001 1.2000000000000002 0.6000000000000001 1 0.4 1 0.4 0 0.4 0.4 0 0.2 0.6000000000000001 1 1 0.8 0 0 0.6000000000000001 0 2.2 0.6000000000000001 0.6000000000000001 0.6000000000000001 1.8 0.6000000000000001 0.2 0.8 1.2000000000000002 0.4 0.2 11.4 0 0 3.8000000000000003 2 10.200000000000001 7.4 2.8000000000000003 2 4.2 1.6 0.2 3 6 0 4 0 0.4 0 0.4 0 0 0 0 0 0 2.6 0 0.2 0 0 0 0 0 0 0 0 0 0 0 0.4 0 0 0.4 0 0 0 0 0 0 0 0 0 0 0 0 0 0 0 0 0 0 0.4 0 0 0 0 0 0 0 0 0 0 0 0 0 0 0 0.2 4.6000000000000005 0.2 0 0.6000000000000001 0 0 5.6000000000000005 2.8000000000000003 0 0 2.2 2.2 3 2 0 0 4.2 4 6.2 2.2 0 0 0 0 0 0 0 0 0 0.4 0 0 0 0 0 0 0 0 0 0 0 3 0 0 0 0 0 0 0.4 0 0 0 0 0 0 0 0 0 0 0 0 0 0 0 0 0 0 0 0 0 0 0 0 0 0 0 0 0 0 0 0 0 0 0 0 0.2 17.6 0 0.8 0 0 3 0 0 0 0 0 0 0 0 0 0 0 0 0 0.2 0 0 0 0.4 6 0 0 0 0 3.8000000000000003 0.2 0 0 0 0 0 0 0 0 0 0 0 0 0 
 67.2 95 26.8 33.4 30.400000000000002 6.6000000000000005 34.6 0 36.6 7.4 4 28 37.4 33 60 72.4 27.8 5.6000000000000005 46.400000000000006 13.200000000000001 0.4 0 0 0 0.4 0 0 0 0 0 0.8 0 0 0 0 0 0 0.4 4 16 7 0 0 0 0 0 0 0 0 0 0.6000000000000001 0 0 0 0.4 0 0 0 0.4 0 0.4 0 4.800000000000001 0.6000000000000001 0 0 2.4000000000000004 0 0 0 0.4 0 0.6000000000000001 0 0.6000000000000001 0 8.200000000000001 0 0.6000000000000001 0 6.4 0 8.200000000000001 2.4000000000000004 0 2.8000000000000003 0 9.4 2.8000000000000003 0 0 0 0 2.6 3.4000000000000004 4.2 3.2 0.6000000000000001 7.6000000000000005 5 0 0 0 0 0 0 0 0 0.2 0 0 0 0.2 3.8000000000000003 0 0 0 0 0 0.4 0 0 0.4 0 0 0 0 0 0.4 0 0 0 0 0 0.2 0 0 0 0 0 0 0 0 0 0 0 0 0 0 0 0.4 0 0 0.2 0 0 1.2000000000000002 0 0 0 1.8 3.8000000000000003 3.2 0 0.2 3.6 3.4000000000000004 4.4 8.6 2 2.6 2.4000000000000004 0 12.200000000000001 5.800000000000001 0 4.800000000000001 0 0.8 0 0.2 0 0 0 0 0 0 0 0 0 0 0 0 0 0 0 0 0 3 4 0 0 0 0 0 0 0 0 0 0 0 0 0 0 0 0.4 0 0 0.2 0 0 0 0 0 2 0 0 0 0 0.2 0 0 0 0 0 0 0 0 0 0.4 0 0 0 0 0 0 0 0 10.200000000000001 9.8 0.2 1.6 0.2 0 0 0 0 0 0 0 0.4 0 0 0 0 0 0 0 0 0 0 0 0 0 0 0 2.6 0 0 0 0 0 0 0 0 0 0 0 0 0 
 5.6000000000000005 49.2 49.6 70.60000000000001 104 28.200000000000003 44.800000000000004 36.6 0 34.6 42.6 70.60000000000001 14.600000000000001 41.6 37 31 23.200000000000003 51.2 42.800000000000004 30.6 0.4 0.4 0.4 0.4 0.4 14.8 0 0.2 1 0 0.4 0.4 0.4 0.4 0 0.4 0 0.4 0 31 0.4 0 0 0 0.6000000000000001 8 0.4 0 0 0 0.6000000000000001 0.4 0 1 1.2000000000000002 0 0 0 0.4 0 0 0 0 0.6000000000000001 0.6000000000000001 0.4 0 0 0 0 11 0.6000000000000001 1.2000000000000002 0.6000000000000001 0.4 0.4 6 0.8 0.4 0 0 2 2.6 2 0 0 0 2.4000000000000004 0.2 0.2 6 1.6 0 0 6.2 12.600000000000001 5.2 0 1.6 2.6 0.2 0 0 0 0 0.2 2.8000000000000003 0.2 3.4000000000000004 0 0 0 6.2 0 3 0 0 0 0 3.2 0 0.2 0 0 2.4000000000000004 0 0 0 0 0 0 0 0 0 0 0 0 0 0 0 0 0 0 0.2 0 0 0 3 0 0 0 0 0 0 0 0 0 0 0 0.4 4.2 0.2 0 0 1 2.4000000000000004 7 0 2.8000000000000003 2.4000000000000004 0 2.2 1.8 0.2 0 0.2 9 5.2 1.6 1.2000000000000002 2.2 0 0 0 0.4 0 0 0 0 0.4 0 0 0 0 0 0 0 0 0.2 4 0 0 0 0 0 0 0 0 0 0 0 0 0 0 0 0 0 0 0 0 0 0 0 0 0 0 0 0 0 0 0 0 0 0 0.2 0 0 0 0 0 0 0 0 0 0 0 0.4 0 0 0.2 3 3.6 0 0 0 0 0 0 0 0 0 0 0 0 0 0 0.4 0 0 0 0 0 0 0 9.200000000000001 2.2 0 0 0 0 0 0 0 0 0 0 0 0 0 0 
 23.200000000000003 57.800000000000004 46.2 45.6 19.6 22.400000000000002 26.8 7.4 34.6 0 29.8 9.8 11.200000000000001 16.8 23.6 90.4 43.800000000000004 25.400000000000002 57.6 22 0.8 0.4 0 7.4 1 0.6000000000000001 0.6000000000000001 0 0.4 0 0.4 0 0 0 0 0 0 0.8 24.200000000000003 30.400000000000002 0 0 0 0 0 0 0 0.4 0 0 0.6000000000000001 0 0 0 0.4 1 0 12.4 1 0.4 0.2 0 0 0.6000000000000001 0.4 0.4 0 0 0 0.6000000000000001 0.4 0.4 0.6000000000000001 0 0.6000000000000001 0 0 0 0.6000000000000001 0 0 11 3.6 6.4 5.2 8 0 0 2.2 1.8 6.6000000000000005 2.2 2 1.6 0 2.6 1.6 5 2 1.4000000000000001 0 0 0 0 0 0 4.4 0 0 0 0 0 4.800000000000001 0 2 0 0 0 1.4000000000000001 0 0 0 0 0 0 0 2 0 0 0.2 0 0 0 0 0 0.2 0 0 0 0 0 0 0.6000000000000001 0 0 0 0 0 2.4000000000000004 0 0 0 0 0 0 0 0 0 0 0 0 4 0 0 6 2 0 0 2.8000000000000003 3.2 3 4.4 2 0 3 4.4 3 4 2.6 1.6 0 5.4 0 0.4 0 0 9.4 0 0 0 0 0 2.6 2.4000000000000004 3 0 1.4000000000000001 0 2 0 0 0 3.8000000000000003 0 0 0 3.4000000000000004 0 0 0 0 0 2.2 0 0 0 0 0 0 0 0 0 0.4 0 0 0 0 0.2 0 0.4 0 0 0 0 0 0 0 0 0 0 0 2.2 0 0 0 0.2 17.8 0 0 0.2 4 4.2 2 0 0 0 0 0 0 0 0 0 0 0 0 0 0 0 0 0 0 0 0 0 0 0 0 3.8000000000000003 0 0 0 0 0 0 0 0 0 0 0 0 
 6.6000000000000005 11.200000000000001 34.4 28.8 13.600000000000001 31 9.4 4 42.6 29.8 0 91.4 12 18.2 14 47.2 78.2 36.4 17.400000000000002 72.2 0.4 1.6 0 0 0.4 0.4 15 19.6 14.8 0.4 0.4 0.4 0.6000000000000001 0 0.4 0 0.6000000000000001 1 23.200000000000003 20.400000000000002 0 0 0 2 0 0 0 0 0.6000000000000001 0 0.6000000000000001 0.6000000000000001 0 0 0.8 1.2000000000000002 0.2 0.4 0.4 0 0.8 1 0 0.6000000000000001 0.4 0 0 0 0 0 0.6000000000000001 0 0.6000000000000001 0.8 1.6 0 0.2 0.8 0.6000000000000001 0 0 2.8000000000000003 0.4 5.4 2.2 3.6 3.6 2.8000000000000003 2.4000000000000004 2.2 6.800000000000001 10.200000000000001 0 0 2 0.2 3.4000000000000004 1.2000000000000002 0 0 0 0 0 0.2 0 0 1.8 7.6000000000000005 8 0 0 0 3.6 0 4 1.6 0 0 2.2 5.4 0 0 0 0 0 0 0 0 0 0 0 0 0 0 0 0 0 0 0 0 0 0 0 0 0 0 0 0.2 0 0 0 0 0 0 0 0 0 0 0 1.2000000000000002 0 0 0 2.2 3.4000000000000004 2.8000000000000003 2.8000000000000003 2.8000000000000003 3.6 2.6 4 1.8 1.2000000000000002 0 0.2 2.2 3.4000000000000004 4.4 0 0.6000000000000001 1.4000000000000001 3 0.2 0 0 0 2.8000000000000003 0 0 0 0 0 2.2 0 0 0 1 0 5 0 0 0 0 0 0 0 0 0 0 0 0 0.4 0 0 0.8 0 0 0 0 0 0 0 2 0 0 0 0 0 0 0 1.2000000000000002 0 0 0 0 0 0 0 0 0 0 3.8000000000000003 0 0 0 0.2 0 0 0.4 0.2 0 0.4 0 0 0 0 0 0 0 0 0 0 1.8 0 0 0 0 0 0 0 0 0 0 0 0 1.6 0 0 0 0 0 0 0 0 0 0 0 0 0 0 
 29.8 19.6 25.400000000000002 56.400000000000006 29 34.4 8.200000000000001 28 70.60000000000001 9.8 91.4 0 8.8 7 8 8 14.4 62.6 9.8 4.2 0.4 14.4 0 0 0.6000000000000001 0 0.6000000000000001 7.800000000000001 0 0 0.4 0.4 0.4 0.4 15 0.2 0 0.4 30.6 11 0 0 0 0.4 0 0.2 0 0.4 0 0 0.8 0 0.4 0 0.4 0.8 0 0 0.4 0.6000000000000001 0.4 1 0 0.6000000000000001 0 0 1.2000000000000002 0 0 0 1.2000000000000002 0 0.6000000000000001 0 0.4 0 0 0 0.6000000000000001 0 0 5.2 5 5.2 5.800000000000001 4.4 3.2 0 3 0 0.2 7.6000000000000005 0 0 0 3.2 1.2000000000000002 0.6000000000000001 0 0 0.2 0 0 0 0 0 2.8000000000000003 0 2.8000000000000003 0 0 0 3 4 3.8000000000000003 1.8 0 0 2.6 7.6000000000000005 0 0 0 0 0 0 0.2 0 0 0 0 0 0 0 0 0 0 0 0 0 0 0 0 0 0 0 0 0 0 0 0 0 0 0 0 0 0 0 0 0 0 0 3.4000000000000004 3.2 3.8000000000000003 3.6 0 3.4000000000000004 8 0 4 2.4000000000000004 0 0 0.4 2 3.4000000000000004 0.4 2.8000000000000003 0.4 0 2.2 0 0 0 0 2.8000000000000003 0 0 0 0.4 0 2.6 2 0 0 1.4000000000000001 0 7.4 6.2 0 0 0.4 0 0 0 0 0 0 0.8 0 0 0 0.2 0 0 0 0 0 0 0 0 0 0 0 0 0 0 0 0 0 0 0 0 0 0 0 0 0.4 0 0 2 0 0 0.2 0.8 0 0.4 0 18.6 0 1 0 0 0 6 0 0 0 0 0 0 1.2000000000000002 0 0 0 0 0 0 0 0 0 0 0 0 0 0 0 0 0 0 0 0 0 0 0 0 0 0 0 
 13 9.8 14.4 24.6 10 53.400000000000006 32 37.4 14.600000000000001 11.200000000000001 12 8.8 0 52.400000000000006 23.200000000000003 9.4 43.400000000000006 58.6 46.400000000000006 30 0.8 0.2 0 0 0.4 0 0.2 0.4 0 55.800000000000004 0.4 0 0 0 0 0 0 0.4 0.2 0.8 0 0 0.2 0 0 0 0 0 0 0 0.6000000000000001 0.4 0 0 0.6000000000000001 0 0 0 0.4 0 0.2 0 0 0.6000000000000001 0.4 10.200000000000001 0 0 0 0 0.6000000000000001 0 0.6000000000000001 0 0.4 0 0 0 0.6000000000000001 0 15 7 1.4000000000000001 4.2 3.4000000000000004 2.4000000000000004 6.4 0 0.2 6 3.2 0 2.2 5.800000000000001 0.2 0 6.6000000000000005 4.6000000000000005 0.4 4.2 0 0 0 0.4 0 0 0 0.2 0 0 0 0 0 0 0 0 0 2.2 0 0 0 0 0 0 0 0 0 0 0 0 0 0.2 0 0 0 0.2 0 0.4 0 0 0 0 0 0 0 0 0 0 0 0 0 0 0 0 0 0 0 0 0 0 3 1.6 2 0.6000000000000001 0 0 0 1.6 0 0 0.4 0 0 0 0 0.4 8.200000000000001 0 4.4 1.8 0 0 0 0 0 0 0 0 0 0 0 0 0 0 0 0 0 0 0 0 0 0 0 0 0 0 0 2.8000000000000003 0 0 0 0 0 0 0.4 0 0 0 0 0 0 0 0.4 1.8 0 0 0 0 0 2 0 0 0 0 0 0 0 0 0 0 0 0.2 0 0 0 0.4 18.2 0 22 0 0 1.8 0 0 0 0 0 0 0 0 0 0 0 0 0 0 0 0 0 0 0 0 0 0 0 2 0.2 0 0 0 0 0 0 0 0 0 0 0 0 0 
 11.600000000000001 11 29.6 17.2 44.400000000000006 10.8 72.8 33 41.6 16.8 18.2 7 52.400000000000006 0 21.8 8.8 20.200000000000003 5.800000000000001 22.400000000000002 37 0.4 0 0 7 0.6000000000000001 0.2 0 0 0.4 0 0.4 0 0 0 0 0.4 0 0.4 16.2 1 0 0 0 0 0 0 1.2000000000000002 0 0 1 0.6000000000000001 0 0 0 0.6000000000000001 0 0 0 0.4 0 0 0 0 0.6000000000000001 0.6000000000000001 0 0 0 0 0 0.6000000000000001 0 0.6000000000000001 0 0.4 0.2 0 0 2.2 0 3.2 1.8 0.2 0 0 0 12 8 3.4000000000000004 2.2 2 2 1.6 0.2 4.4 0.4 0.4 0 4.4 0 0 0 0 0 0 0.4 0 0 0 0 0 0 0 4 0.4 0 0 0 0 0 0 0 0 0.2 0 0 0.2 0 0 0 0 0 0 0 0 0 0 0 0 0 0 0 0 0 0 0.2 0 0 0 0 0 0 0 0 0.2 0 12.200000000000001 0 0 0 3.6 1.4000000000000001 0 0.2 0 0 3.6 4 0.2 0.4 2.2 0.8 5.800000000000001 5 0 0 3.6 2.2 2.6 5.800000000000001 0 0.2 0 0 0 0 0 0 0 0 0.4 0 0 0 0 0 0 0 2 0.6000000000000001 0 0 0 3.8000000000000003 0.4 0 0 0 0 0 0 0 0 0 0 0 0 0 0 0 0 0.2 0 0 0 0 0 0 0 0 0 0.2 0 0 0 0 0 0 0.4 0 0 0 0 0 0 0 0 0 0.2 0.6000000000000001 0 0 0 0 0 0 0 0 0 0 0 0 0 0 0 0 0 0 0 0 0 0 0 0 0 5.2 0 0 0 0 0 0 0 0 0 0 0 0 0 0 
 46.6 78.4 38.2 55.800000000000004 54.400000000000006 14 12.4 60 37 23.6 14 8 23.200000000000003 21.8 0 31.400000000000002 37 9.200000000000001 75 42.6 0.4 0.8 0 0 0.4 0 0 0 0 0 0.4 0 0.2 0 0 0 0 0.4 55.800000000000004 1 0 0 0 0 0 0 0 0 0 0 0.6000000000000001 0.6000000000000001 0 0 0.6000000000000001 0 0 0 0.4 0 0.2 0 0 0.6000000000000001 0.6000000000000001 0 0.4 0 0 0 0.6000000000000001 0 0.6000000000000001 0 0.4 0.2 9.4 0 0.6000000000000001 0 0.2 0.2 0.2 0.2 0 2 0 2 0 0.4 2 0 2 0 4.4 1.2000000000000002 4.4 4.800000000000001 3 5 0 0 0 0 0 0 0 0 0 0 0 0.4 0.2 4 0 0 0 2.8000000000000003 0 0 0 0 0 0 0 0 0 0 0 0 0 0 0 0 0 0 0 0 0 0.2 0 0 0 0 0 0.2 0 0 0 0.2 0 0 0 0 0 0 1 0 0 0 5.800000000000001 0 5.6000000000000005 0.2 0 1.2000000000000002 0.4 4.800000000000001 1.4000000000000001 5 1.4000000000000001 0.4 0 0 4 1.4000000000000001 0 2.6 0 0 0 0 0 0 0 0 0 0 0 0 0 0 0 0 0 0 0 0 4 0.4 0 0 0 0 0 0 0 0 0 0 0 0 0 0 0 0 0 0 0 0 0 0 0 0 2 0 0 0 2 0 0 0 0 0 0 0 0 0 0 0 0 0 0 0 0 0 0.6000000000000001 0 0.4 0.4 0.4 0.4 0 0 0 0 0 0 0 0 3.4000000000000004 0 0 0 0 0 0 0 0 0 0 0 0 0 0 0 4.6000000000000005 0 0 0 0 0 0 0 0 0 0 0 0 0 
 15.8 21.6 35.800000000000004 69.60000000000001 34.6 36 8 72.4 31 90.4 47.2 8 9.4 8.8 31.400000000000002 0 29.400000000000002 42 48.800000000000004 16.2 0.4 0 0.4 0.4 0.4 14.600000000000001 0 0 0.2 0 0.4 0.2 0.6000000000000001 0.4 0 0 0 0.6000000000000001 38.800000000000004 14.200000000000001 0 0 0.6000000000000001 0 0 10.200000000000001 0 0 0 0.4 0.6000000000000001 0 0 0.2 0.6000000000000001 0.8 0 0 0.4 21.6 0.2 0.2 0 0.6000000000000001 0.6000000000000001 0.2 1.2000000000000002 0 0 0 0.6000000000000001 0 0.6000000000000001 0 0.4 0.2 0 0 0.6000000000000001 0 0 0 2.8000000000000003 0 10.8 6.6000000000000005 0.6000000000000001 0 2.8000000000000003 3.2 4.4 0 0.6000000000000001 1.2000000000000002 0 4.4 1.4000000000000001 13.200000000000001 4.2 4 3.6 0 0 0 0 0.4 4.6000000000000005 4.6000000000000005 0 0 0 0 2 0 0.4 0 0 0 3.6 0.2 0 0 0 0 0 0 1.4000000000000001 0 0 0 0 0 0 0 0.2 0 0 0 0 0 0 0 1.2000000000000002 0 0 0 0 0 1 0 0 0 0 0 0 0 0 0 0 0 0 2 2.2 0 1.8 4 0 0 9.200000000000001 5.6000000000000005 1.8 0 1 0 5 2.2 4.2 3.6 1 1 0 3.2 0.4 0 0 0 1.8 0 0 0 0 0 1.8 4 3 0 0 0 2.4000000000000004 0 0 0 0 0 0 0 0 0 0 0 0 0 0 0 0 0 0 0 0.4 0 0 0.2 0 0 0 0 0 0 0 0 0 0 0 0 0 0 0 0 0 0.2 0 0 0 0 0 0 0.4 0.2 0.2 17 0 2.8000000000000003 2.4000000000000004 0 0 0 0 0 0 0 0 0 0 0 0 0 0 0 0 0 0 0 0 0 0 0 0 2 0 0 0 0 0 0 0 0 0 0 0 0 
 45.6 23.400000000000002 42.2 56 27.200000000000003 12.600000000000001 23.200000000000003 27.8 23.200000000000003 43.800000000000004 78.2 14.4 43.400000000000006 20.200000000000003 37 29.400000000000002 0 29.200000000000003 27 14.4 1 0 0 0 1 0.4 0 0 0 0 0.4 0 0 0 0 0 0 0.4 14.8 1 0.6000000000000001 0.2 0 0 0 0 0 0 0 0 0.6000000000000001 0 0 0 0.4 0 0 0 0.4 0 0 0.6000000000000001 0 0.6000000000000001 0.2 0.2 0.6000000000000001 0.6000000000000001 0 0 0.8 0 0.6000000000000001 0 0.4 0 9.8 0.2 0.6000000000000001 0 3.4000000000000004 2.2 2.2 2.2 6.6000000000000005 6.800000000000001 0 0 3.8000000000000003 7.2 7.4 0 0 2.4000000000000004 0.2 2 9.200000000000001 8.4 3.2 11.200000000000001 0 0 0 0 0 0 0 0 0 0 0 0.4 2.2 0 0 0 0 0 3.8000000000000003 0 0 0 0 0 0 0 1.4000000000000001 0 0 1.4000000000000001 0 0 0 0 0 0 0.4 0 0 0.2 0 0 0.6000000000000001 0 0 0 0 0 0 0.2 0 0 0 0 0 0 0 0 0 0 1.8 5.800000000000001 0 0 0 0 0 9.4 1.6 4.800000000000001 0 0 0.4 0 11.200000000000001 2.4000000000000004 4.4 2.6 3.6 0.6000000000000001 0 4.2 0 0 0 0 3.8000000000000003 0 0.2 0 0 0 2.2 2 4.800000000000001 0 0 0 2.4000000000000004 0 0 0 0 0 0 0 0 0 0 0 0 0 0 0 0 0 0 0 0 0 0 0 0 0 0 0 0 0 0 0 0 0 0 0 0 0 0 0 0 0 0 0 0 0 0 0.4 9.600000000000001 0 9.4 17.2 0 0.2 1.4000000000000001 0 0 0 0 0 0 0 0 0 0 0 0 0 0 0 0 0 0 0 0 0 0 2.6 0 0 0 0 0 0 0 0 0 0 0 0 0 0 
 8.6 6.6000000000000005 43.6 80.2 57 34.6 8.6 5.6000000000000005 51.2 25.400000000000002 36.4 62.6 58.6 5.800000000000001 9.200000000000001 42 29.200000000000003 0 7.2 7.2 0.4 0.2 0.6000000000000001 0 0.4 0.4 0 0.4 0.2 0 0.8 0.4 15.4 0 25 0.2 0.2 0.8 24.400000000000002 32.6 0 0 0 0 0 0.2 0 0 0 0 0.6000000000000001 0 0 0.2 0.6000000000000001 0 0 0 0.4 1.8 0 0.8 0 0.6000000000000001 0.4 0 0.2 0 0 1.2000000000000002 0.6000000000000001 0 0.6000000000000001 0 0.4 0 0 0.4 0.6000000000000001 0 0 3.8000000000000003 0 6.2 12 8 0 0 0 8.6 13 8 0 0 4.800000000000001 0.6000000000000001 5.2 0.4 0 0 2.2 0 0 0 0 0 5.4 2 0 0 0 0 3.2 0 2 1 0 0 4.2 8.200000000000001 0 0 0 0 0 0 4.4 0 0 0 0 0 0 0 0 0 0 0 0 0 0 0 0 0 0 0 0.2 0 0 0 0 0 0 0 0 0 0 0 0 0 4.4 0 0 0 7.2 0 0 0 3.4000000000000004 0 0.4 0.8 0 0 0 0.6000000000000001 5.800000000000001 4.4 2.8000000000000003 1.4000000000000001 0 5.6000000000000005 0 0 0 0 0 0 0 0 0 0 3.2 5.2 3.8000000000000003 0 1.8 0 6.6000000000000005 0 0 0 0 0 0 0 0 0 0 0 0 0 0 0 0 0 0 0 0 0 0 0 0 3.6 0 0 0 0 0 0 0 0 0 0 0 0 0 0 0 0 0 0 0 0 0 1 38 0 0.6000000000000001 18 0.4 0.8 2.2 0 0 0 0 0 0 0 0 0 0 0 0 0 0 0 0 0 0 0 0 0 0 2 0 0 0 0 0 0 0 0 0 0 0 0 0 0 
 19.6 54.2 11.600000000000001 16 27 49.800000000000004 44.400000000000006 46.400000000000006 42.800000000000004 57.6 17.400000000000002 9.8 46.400000000000006 22.400000000000002 75 48.800000000000004 27 7.2 0 79 0 0 0.4 0.4 0 0.2 0 0 0.2 0 0 0 0.4 0 0 14.8 0 0 0 0.2 0 0 0 0 0 0.2 0 0 0 0 0 0 0 0 0 0 0 0 0 0 0 0 0 0.2 0 0 0 0 0 0 0 0 0 0 0 0 7.800000000000001 0.6000000000000001 0 0 2.2 0 0.4 0.4 0 3.4000000000000004 11.200000000000001 4.800000000000001 3.2 0.4 4.800000000000001 2.8000000000000003 0 7.6000000000000005 11.4 0.2 2.8000000000000003 0 3.8000000000000003 4.6000000000000005 0 0 0 0 0 0 5 0 0 0 0 0 0 0 0 0 0 0 0 0 0 0 0 0 0.4 0 0 0 0 0 0 0 0 0 0 0 0 0 0 3 0 0 0 0 0 0 0 0 0 0 0 0 0 0 0 0 0 0 0 0 1.8 0 0 0.6000000000000001 0 0 9.600000000000001 5.2 0 2.8000000000000003 0.6000000000000001 0 2.6 0.6000000000000001 1.4000000000000001 0 2.2 2.4000000000000004 2.2 1.2000000000000002 0 0 0 0 0.2 0 0 0 0 0.4 0.2 0 0 0 0 0 0 0 0 0 0 3.4000000000000004 0 0 0 0 0 0 0.4 0 0.4 0 0 0 0.2 0 0 0 0 0 0 0 0 0 0 0 0 0 0 0 0 0 0 0 0 0.2 0 0 0 0 0 0 0 0 0 0 0 0.4 0.8 0.2 0 1.6 0 0 0 0 0 0 0 0 0 0 0 0 0 0 0.2 0 0 1 0 0 0 0 0 1 0 0 0 0 0 0 0 0 0 0 0 0 0 0 
 34.4 15.600000000000001 4.800000000000001 11.600000000000001 17.8 10.600000000000001 56 13.200000000000001 30.6 22 72.2 4.2 30 37 42.6 16.2 14.4 7.2 79 0 0.4 0 0 0 0.4 0 0 0.4 0.4 0.6000000000000001 0.4 0 0.2 0 0 0 0 1.6 0.2 0.8 0.2 0 0 0 0.4 0 0.2 0 0 0.6000000000000001 13.600000000000001 0.4 0 0 0.6000000000000001 0 0.2 0 0.6000000000000001 0 0 8.8 0 0.6000000000000001 0.4 0 0 0 0 0 0.6000000000000001 0 0.6000000000000001 0 0.4 0 0 6 2.2 0.4 5.4 0 1.6 0.4 0 0 3.4000000000000004 9 0.4 0.4 2 1.4000000000000001 0 5.6000000000000005 0.2 0 0 0 2.6 2.8000000000000003 0 4 0 0 0.4 0 0 0 0 0 0 0 0 0 0 0 0 0 0 0 0 0 0 0 0.4 0 2.8000000000000003 0 0 0 0 0 0 0 0 0 0 0 0 0 0 0 0 0 0 0 0 0 0.4 0 0 0 0 0 0 0 0 0 0 0 0 6.2 0 0 0 0 8.8 0 0 0 0 0 1.4000000000000001 2.4000000000000004 4 0 0 0.6000000000000001 0 5 0 0 0 0 0 0 0 0 0 0.4 0 0 0 0 0.2 0 0 0 0 0 0 0 0 0 0 0 0 0 0 0 0.4 0 0 0 0 0 0 0 0 0 0 0 0 0 0.2 0 0 0 0 0 0 0 0 0 0 0 0 0 0 0 0 0 0 0 0 0.4 0 0 6 0 0 2.2 0 0 0 0 0 0 0 0 0 0 0 0 0 0 0.2 0 0 0 0 0 0 0.2 0 0 0 0 0 0 0 0 0 0 0 0 0 0 0 0 
 0.4 0.4 0.4 0.8 21.400000000000002 1 0.4 0.4 0.4 0.8 0.4 0.4 0.8 0.4 0.4 0.4 1 0.4 0 0.4 0 20.200000000000003 30 15.200000000000001 50.400000000000006 50 50.800000000000004 11.200000000000001 3 4.4 51.2 5.4 15 23.8 23.200000000000003 16.8 23.200000000000003 89.4 7.6000000000000005 29.6 0 0 0 0.6000000000000001 0 0.2 0 0 0 0 0 0 0 0 0 0 0 0 0 1.4000000000000001 0.2 0 0.4 0 0 0 0 0.2 0.4 1.2000000000000002 0.2 0 0 0 0 0.2 10.200000000000001 0.6000000000000001 0 0 0 0 0 3.6 3.8000000000000003 0 0 0 0 0 0 3.6 0 0 0 0 0 0 0 0 5.800000000000001 9 3.4000000000000004 2 0 0 4.800000000000001 2 0 3.6 2.6 3.2 1 6.6000000000000005 2.8000000000000003 3.4000000000000004 0 2.4000000000000004 3.6 3 0.2 0 0 0 0 0 0.2 0 0 0 0 0 0 0 0 0 0 0 0 0 0 0 0 0 0 0 1 1 0 0.2 0 0.2 0 0 0 0 0 0 0 0 0 0 0.2 0 2.6 1.4000000000000001 0 0 0 0 0 0.4 0.8 0 0 0 0 0 0 0 4.6000000000000005 2 4.2 2 3.2 2.6 0.6000000000000001 1.6 0.8 13.4 4 3.6 3.6 6 4.800000000000001 3 4.4 3 4.2 6 0 0 0 0 0 0 0 0 0 0 0 0 0 0 0 0 0 0 0 0 0 0 0 0 0 0.6000000000000001 0 0 0 0 0 0 0 3.6 0 0 0 0 0 0 0 0 0 0 0 0 0 0 0 15 0 0 0 0 3.6 0 0 15.4 0 0.2 0.2 0 0 0 0 0 0 0 0 0 0 0 0 0 0 0 0 0 0 0 0 3.4000000000000004 0 0 0 0 0 0 0 0 
 0 0 0 0.2 19 7.4 1.2000000000000002 0 0.4 0.4 1.6 14.4 0.2 0 0.8 0 0 0.2 0 0 20.200000000000003 0 15 12 20.8 8 15.8 39.2 8.200000000000001 81 32 21.400000000000002 37.2 24.8 42.2 12.600000000000001 19.6 23.6 8.8 10.4 0.4 0 0 0.4 0 0 0.4 0 0.2 0.8 0.4 0.8 0 0.4 1 0.6000000000000001 0 0.6000000000000001 0.2 1 1.8 1.2000000000000002 0.6000000000000001 0 0 0.4 0 0.4 0.4 0.6000000000000001 0.6000000000000001 6.2 0 1 0.8 2.4000000000000004 1 1.4000000000000001 0 0 0 0 0 0.2 3 3 0 0 0.2 0 0 6.2 0 0.2 0 0 0 0 1.8 0 1 0 2.2 0 0 0 3.2 6.4 0 4 1.4000000000000001 0 0 10.4 2 4.2 2.8000000000000003 0 0 8.6 2.6 0 0 0 0 0 1.4000000000000001 0.2 0 0 0 0 0 0 0 0 0 0 2.4000000000000004 0 0 0 0 1.6 0 0 0.8 1 0 1.4000000000000001 0 0 0 0 0 0 0 0 0 0 0 0 0.2 0 1.2000000000000002 0 0 0 0.2 0 0 0 0.8 0 0 0 0 0 0.4 0 1.8 0.6000000000000001 3.8000000000000003 0 5.4 3.4000000000000004 3.6 10 7.4 6.800000000000001 4.800000000000001 6.800000000000001 5.2 3 2.8000000000000003 0 3 3.6 2.6 8.4 0 0 1.6 0 0 0 0 0 0 0 0 0.4 0 0.4 0 0.2 0 0 0 7.2 0 0 0 0 0 0 0 0.2 0 0 0 0 0 0.2 0.2 0 0 0 0 0 0 0 0 0 0 0.2 0 0 0 15 0 1 0 0 2.6 0 0.4 0.2 0 0 0.2 1.8 0 0 0 0.4 0.4 0 0 0 0 0 0 0 0.4 0 0.4 0 0 0 0 2.8000000000000003 0 0 0 0 0.2 0 0 0 
 0 0 0.2 0 15.200000000000001 0 0.4 0 0.4 0 0 0 0 0 0 0.4 0 0.6000000000000001 0.4 0 30 15 0 39 19.400000000000002 4.6000000000000005 18.2 51.6 21 41.2 25.400000000000002 8.200000000000001 12.4 21.8 13.600000000000001 42.400000000000006 20.8 21.8 31.8 11.600000000000001 0.4 0 14.4 1.2000000000000002 0 1.2000000000000002 0 0 0.8 2 0 0 0.2 0 0 0 0 0 12.200000000000001 2 1.4000000000000001 0.2 0.4 1.2000000000000002 0 0 0.6000000000000001 0.4 0.4 10.200000000000001 0 0 0 0 0.6000000000000001 0 7 0.6000000000000001 3.4000000000000004 0 0 0 0 0.4 0 0 0 0 0 0 0 0 0 0 0.4 0 1.2000000000000002 0 0 0 0 5 0 5.2 5.800000000000001 0 0 0.4 4.6000000000000005 1.6 0.2 0.8 1.4000000000000001 1.4000000000000001 3.8000000000000003 0 3.8000000000000003 3 0 0 0.4 0.2 0 0 0 0 0 1.2000000000000002 3 0 0 0 5.800000000000001 0.2 0 0 0 0 3.8000000000000003 0.4 0 0 0 0 0 0.4 0.2 0.2 0 0 0 0 0.6000000000000001 0 1.2000000000000002 0 0 1.6 0 0 0 0 1.2000000000000002 0 0 0 0 0 0 0 0 0 0 6.6000000000000005 0 0 0 0 0 0 2.2 2.8000000000000003 0 9.600000000000001 0 8 0.4 3.8000000000000003 4.4 1.6 2.6 0 2 0.2 5.4 4.800000000000001 0 10.8 1.2000000000000002 10.200000000000001 0 0 0 0.2 0 0 2.2 4.2 0 0 0 0 0 0.8 0 0.2 0 0 5.4 0 6.2 0.2 0 0 0 0.2 0 0 0 0 0 0 0 4 0 0 2.6 0 0 0 0 0 0 0 0 0 0 0 0 0 0 0 0 0 1.2000000000000002 0.4 0 1.4000000000000001 0 0 0 0 0 0 0 0 0 0 0 0 0 0 0 0 0 0 0 0 0 9.8 0 0.2 0 0 0 1.8 0 0 0 9.4 
 0.8 0.2 0 0.4 0 0 0 0 0.4 7.4 0 0 0 7 0 0.4 0 0 0.4 0 15.200000000000001 12 39 0 25.400000000000002 7 17 54 28.6 28.400000000000002 9 39.800000000000004 16.2 34 26 25 19.400000000000002 53.800000000000004 18.8 11.200000000000001 0.6000000000000001 0 0 0.4 0.6000000000000001 0 0 0.4 0 1 0 0 13.200000000000001 12.600000000000001 0.2 0.2 0 0.6000000000000001 25.400000000000002 0.6000000000000001 0 0.4 0.4 0.6000000000000001 9.4 0 0 0 0.8 0 0 0 0 0 1.2000000000000002 0 1.8 0 0.6000000000000001 0 2.2 0 0 0 0 0 0 0 0 0 3.8000000000000003 0 0 0 0 0 0 0.4 0 0 1 0 0 0 4.2 0 0 0 3.4000000000000004 5 1 2.2 0 2.4000000000000004 0 0.2 2.8000000000000003 1.8 0 0 0 1.4000000000000001 1.6 0 0 0 0.8 1.8 6.2 0 0 0 0 0 0 0 0.6000000000000001 0 2 2.4000000000000004 0 0 0 0 0 0 0.8 0.8 0 1 0.4 0.4 0.2 0 0 0 0 0 0 0 0 0 0 0 0 2 0 0 1.4000000000000001 0.6000000000000001 0 0 0 0 0 0 0 0 0 0 3 1.4000000000000001 1.2000000000000002 7.2 0.8 9.4 9.4 15.8 9.4 1.8 7.2 3.8000000000000003 0 1.8 4 3 4 8.4 0 0 3.4000000000000004 0 0 0.2 0 0 1.8 3.2 0 0 0.2 0 0.4 0.6000000000000001 1 0 0 0 9.200000000000001 5.6000000000000005 0 0.2 0 0 0.8 0.2 0 0 0 0 0 2.8000000000000003 0 0 0 0 0.4 0 0 0 0 0 0 0 0 0 0 0 1.6 0 0 0 0 0 0.6000000000000001 0 0.4 0.8 0.6000000000000001 0.2 0 0 0 0 0 0 0 0 0 0 0 0 0 0 0 0 0 0 0 0.2 0 3 0 0 0 2.4000000000000004 0 0 0 0 
 0.4 0.4 0.4 0.4 0.4 0.4 0.4 0.4 0.4 1 0.4 0.6000000000000001 0.4 0.6000000000000001 0.4 0.4 1 0.4 0 0.4 50.400000000000006 20.8 19.400000000000002 25.400000000000002 0 111.2 9 57 61.6 25 68.2 55.400000000000006 16.2 14.600000000000001 21.6 40.6 13 93.2 14 17.2 4.6000000000000005 0 0 0 0 0 12.8 11 0 0 0 0 0 12.4 14.8 14.8 19 0 32.4 13.200000000000001 0 0.6000000000000001 0.4 0 0 0 0 0 0.4 0 0 0 0 0 0.6000000000000001 1.4000000000000001 1.2000000000000002 0.2 0 0 0 0 0 0 0 0 0 0 0 0 0 0 0 0 0 0 0 0.2 0 0 0 0 0 0 1.8 4.2 0 0 0 0 0 6.2 0 0 0 0 0 2 0 0 13.200000000000001 0 5 0 0 0 3.6 0.4 2.4000000000000004 0 3.2 0 1.2000000000000002 2.6 0.2 1.6 0 0 6.800000000000001 2.2 0 0 0 0 0 0.2 1.2000000000000002 1 0 1.8 0 0 0 0 0 0 0 0 0 0 0 0 0 0 0 4.4 0 0 0.8 0 0 0 0 0 0 0 0 0 0 0 0 0 0.2 2.6 3 5.2 0 0 0 0 1.4000000000000001 4.6000000000000005 0 3 3.8000000000000003 0 0 3.8000000000000003 0 0 3.2 1.2000000000000002 2.2 0 0 0 1.8 2 0 0.8 2.4000000000000004 0 2.6 3 1.6 0 4 2.8000000000000003 9.200000000000001 3.6 0 0.6000000000000001 0 0 0 0 0 0 0 0 0 0 1.8 0 0 0 0 0 0 0 0 0 0 0 0 0 0 0 0 0 0 0 0 0 1.8 0.6000000000000001 0 1.2000000000000002 0 2.8000000000000003 0.4 1.4000000000000001 0 0 0 0 0.2 0 0 0 0 0 0 0 0 0 0 0 0 0 0 3.2 0.2 0 0 0 0 2.4000000000000004 0 0 
 0 0 0 0 0 0 0.6000000000000001 0 14.8 0.6000000000000001 0.4 0 0 0.2 0 14.600000000000001 0.4 0.4 0.2 0 50 8 4.6000000000000005 7 111.2 0 5.4 8.200000000000001 12.200000000000001 23.6 34.4 27.400000000000002 10 9.200000000000001 8.6 18 9.8 24.400000000000002 25.8 15.200000000000001 1.2000000000000002 0 0 0 0 0 12.600000000000001 16.2 0 0 0 0 26.200000000000003 41.800000000000004 23.8 12.600000000000001 13 0 16.6 5.800000000000001 0.4 5.4 0.6000000000000001 0 0 0 0 0 0.4 0 0.2 0 9.600000000000001 0.4 0 0 1.4000000000000001 0 0 0 0 0.4 0 0 0 0 0 0 0 0 0 0 0 0 0 0 0 0 0 0 0 0 0 1.6 0 7.6000000000000005 0 0 0 0 0.4 3.8000000000000003 0.2 0 0 0.2 0 0 0 0 5 5.800000000000001 3.4000000000000004 0 0 0 0 0.2 4.4 0 1.6 12.8 12.8 4 2.8000000000000003 3.8000000000000003 0 0.2 4.6000000000000005 2 0 0 0 0 0 0 0 0 0 0 0 0 0 0 0 0 0 0 0 0 0 0 0 0 0 0.6000000000000001 0 0 0.8 0 0 0 0 0 0 0 0 0 0 0 0 0.2 0 0 6 0 0 0 0.2 0 0 3.2 0 0 0 0 0 0 0 0 5.6000000000000005 2 6 0 0 0 3.8000000000000003 3 0 7 1.8 0 10.4 0.2 0.2 11.8 0 10.600000000000001 8.6 3.8000000000000003 0 5.2 0 0 0 0 0 0 0 0 0 2.6 0 0 0 0 0 0.2 0 0 0 0 3.8000000000000003 0 0 0 0 0 0 0 0 0 0 0 0.8 0.4 0.8 14.8 0 2.4000000000000004 0 0 0 0 0 0 0 0 0 0 0 0 0 0 0 0 0 0 0 0 0 0 0 0 0 0 0 0 0 0 
 0 0.2 0 0 15.600000000000001 41.6 0 0 0 0.6000000000000001 15 0.6000000000000001 0.2 0 0 0 0 0 0 0 50.800000000000004 15.8 18.2 17 9 5.4 0 25.6 12.200000000000001 8 40.6 11.8 139.4 34.4 31.400000000000002 7.2 20.6 49.400000000000006 53.400000000000006 9.4 0 0 0 0.6000000000000001 0 0 0 0 0 0 0 0 0 0 6.4 0 0 0 0 0.4 3 0.2 0.4 0 0 0 0 0 0.4 0 0 0 0 0 0 9 0.6000000000000001 0 0 0 0 0 0 7.2 2.4000000000000004 0 0.4 0 0 2.8000000000000003 0 3.4000000000000004 0 0 0 0.2 0 0 0 0 2.4000000000000004 7 1.8 2.6 0 0 1.8 0.6000000000000001 0 2.6 7.800000000000001 0 3.8000000000000003 5.2 6 0 0 3.4000000000000004 5.6000000000000005 4.6000000000000005 0 0 0 0.4 0 0 0 0 0 0 0 0 0 0 0 0 0.2 0 0 0 0 0 0 0 0 0 2.8000000000000003 0 0 0 0 0 0 0 1 0 0 0 0 0.8 0 0 0.2 4 0.2 0 0.4 0 0 0.6000000000000001 0 0 0.6000000000000001 0 0 0 0 0 0 0 7.4 4.6000000000000005 4.4 6.4 1.6 0 6.6000000000000005 4.2 0 5 4.4 5.2 2.8000000000000003 4.6000000000000005 2 2.4000000000000004 0 0 0 12 0 0 0 0 0 0 0 0 0 0 0 0 0 1.6 0 0 0 0 0 0 0 1 0 0 0 0 0 0 0 0 0 0 0 0 0 0 0 0 1 0 0 0 0 0 0 0 15.8 0 0 0 0 0 0 3.8000000000000003 2.8000000000000003 0.4 0.2 8.8 0 0 0 0 0 0 0 0 0 0 0 0 0 0 0 0 0 0 0 0 0 0 0 0 0 0.4 0 0 1.4000000000000001 0 0 0 
 1.4000000000000001 0.2 0.2 0 0.2 3.8000000000000003 0.6000000000000001 0 0.2 0 19.6 7.800000000000001 0.4 0 0 0 0 0.4 0 0.4 11.200000000000001 39.2 51.6 54 57 8.200000000000001 25.6 0 35.2 29.8 30.6 14.200000000000001 57.400000000000006 58.800000000000004 55.6 24.200000000000003 10.4 22.200000000000003 67.8 27.200000000000003 0 0 0 0 0.2 0 0 0 0 2.2 0 0 6 0 0.2 0 0 0 0 0.6000000000000001 2.2 0.6000000000000001 0.4 0 0 0 0 0.4 0.4 0 0 0 0 0 0 5.800000000000001 0.6000000000000001 0.2 0 0 0.2 0 0 2 0 0 0 0 0 0 0 3.4000000000000004 0 0 0 0 0 0 0 0 0 0 2 0.8 0.4 0 2 5.2 4.2 3.6 1.6 4.2 0 2.4000000000000004 7.6000000000000005 0 6.4 0 0 2.8000000000000003 0 0 0 0 0 0 0 0 0 0 0.2 0 3.6 0 0 0 0 0 4 0 0 0 0 0 0 0 0 0 0.2 0 0.4 0 0 0 1.4000000000000001 0 0 0 0 0.8 0 0 0.4 1.2000000000000002 0 0 0 0 0 1 0 0 0 6.4 0 0 0 0 0 0 2 5.4 0 0.8 5.2 5.2 2.6 8.4 5 2.6 0 1.8 0.2 3 0 5.4 3.8000000000000003 10.8 0 0 0 0 0 0 0 0 0 2 0 0 0 0 0.6000000000000001 0 0 0 0 0 1.6 0.4 0 0 0 0 0 0 3.8000000000000003 0 0 0 0 0 0 0 0 0 0 0 0 0 0 0 0 0 0 0 0 0 0 0 0 0.2 0 0.6000000000000001 1.8 0 0.4 0 0.4 0.4 0.2 0 0 0 0 0 0 0 0 0 0 0 0 0 0 0.4 0 2.8000000000000003 0 5.6000000000000005 0 0 0 0 0 2.4000000000000004 0.4 0 0 0 
 0.4 0 0.8 0 0.2 0 0.8 0 1 0.4 14.8 0 0 0.4 0 0.2 0 0.2 0.2 0.4 3 8.200000000000001 21 28.6 61.6 12.200000000000001 12.200000000000001 35.2 0 32.4 11.600000000000001 49.400000000000006 61 99.80000000000001 41 26.8 20 4.4 65.60000000000001 22.400000000000002 0 0.2 0 0 11.600000000000001 0 5.6000000000000005 0 0 0.4 0 0 0 0 0.4 0 0 0 12.600000000000001 1 0.2 0.6000000000000001 0.6000000000000001 0 0 0 0 0 0.4 0 0 0 0 0 0.4 0 1 0 0 0.2 0 0 0 0.2 0 0 0 0 0 0 0 0 0 0 0 0 2.4000000000000004 0 0 0 0 0 7.2 6.6000000000000005 2.8000000000000003 3.8000000000000003 0 2.6 4 9.600000000000001 3 0.2 0 1.2000000000000002 2.8000000000000003 3.4000000000000004 1.4000000000000001 0 0 0 0.4 0 2.2 0 0 0 0 0 0 0 0 0 1.6 6.4 0.2 0 0 0 3.8000000000000003 0.8 0 0 0 0 0 0 0 0 0 0 1.2000000000000002 1 0.4 0 1.8 0 0 0 0 0 4.800000000000001 0 0.4 0 0 0.2 0 0 0 0 0 0 0 1.2000000000000002 0 0 0 0 0 0 3.4000000000000004 11.600000000000001 6.4 6.800000000000001 0.2 4.6000000000000005 4.6000000000000005 3.8000000000000003 5.4 0 11.200000000000001 0 0 3.4000000000000004 4.4 10.600000000000001 0 3 0 0 0 0 0 0.4 0 0 0 1.4000000000000001 0 0 0 0 0 0 0 0 0 0.2 1.8 4 0 1.8 0 0 0 0.4 0 0 0 0 0 0 0 0 0 0 0 3.6 0 0 0 0 5.2 0 0 0 0 0 0 0 0 0 0 0 1.8 0 0 0.2 14.8 0.2 0 0 0 0 0 0 12.4 0 0 0 0 0 0 0 0 0 0 0 0 0 0 1.4000000000000001 0 0 0 0 0 0 0 0 
 0.2 0 0 0 0 0 0 0 0 0 0.4 0 55.800000000000004 0 0 0 0 0 0 0.6000000000000001 4.4 81 41.2 28.400000000000002 25 23.6 8 29.8 32.4 0 26.8 6.4 52.800000000000004 58.6 32.2 139.20000000000002 20.8 76.2 25 36 0.8 0 0 0 0 0 0 0 0 1.4000000000000001 0 0 0 12.4 0.2 0 12.4 0 0 0.6000000000000001 2 0.6000000000000001 0.6000000000000001 0 0 0.4 0 0 0.4 0 0 0 11.8 0 0 0 0.6000000000000001 0 0 0 0 0 0 0 0 0 0 0 0 0 0 0 0 0.4 0 0 0 0 0 0 0 3.6 3.2 0 2.4000000000000004 6.800000000000001 0 4.2 4.2 0 1.8 5 0 0.2 2 1.2000000000000002 10.8 0.2 0 0 4.800000000000001 0 0 2.4000000000000004 0 0 2.4000000000000004 3.6 0 0 0 0 7.2 0 0 0 0 0 2 0 0 0 0 0 0 0 0.2 2.4000000000000004 0 0.4 0 0 0 0 0 0 0 0 0 0 0 0 0 0 0 0 0 0 0.4 0 0 0 0 0.8 0 0 0 0 0 0 0.2 0.2 3.6 0 4.6000000000000005 1.8 0 4.4 4.4 3.4000000000000004 0.2 0.4 0 0 0.4 7.4 3.4000000000000004 6.6000000000000005 0 0 0 0 0 0 5.800000000000001 0 0.2 2 0 0 0 0.2 0.2 0.2 0 4.4 0 0 0 3.2 4.4 0 0 3.4000000000000004 0 0 0 0.2 0 0 0 0 0 0.4 0 0 0 0 0 0 0 0 0 0 0 0.4 0 0 0 0 0 0 0 0 1.4000000000000001 0 1 15.200000000000001 0.4 0 1.2000000000000002 1.2000000000000002 0 0 0 0 0 0 0 0 0 0 0 0 0 0 0 0 0 2.8000000000000003 0 0 0 0 0 0 3.8000000000000003 0 0 0 
 1 0.8 1.2000000000000002 0.4 0.4 30.200000000000003 0.4 0.8 0.4 0.4 0.4 0.4 0.4 0.4 0.4 0.4 0.4 0.8 0 0.4 51.2 32 25.400000000000002 9 68.2 34.4 40.6 30.6 11.600000000000001 26.8 0 28.8 33.2 6 13 21 16.8 46.800000000000004 20.8 13.8 0.4 0 0.4 0 0 0 0 16.400000000000002 0 0 0 0.6000000000000001 1.6 26 39.800000000000004 0 1.8 0 13.200000000000001 0.6000000000000001 3.4000000000000004 0.6000000000000001 1 0 0 1 0 0 0.4 0 0 0 0 0 0 11.200000000000001 1 0 0 0 0 0 0 0 0 0 0 0 0 0 0.4 0 0 0 2 0 0 0 2 0.4 0 0.4 0 1.8 0 8.200000000000001 0 0 0 0.4 3.6 3.6 2 2 5 0 6.6000000000000005 0 2.6 4.800000000000001 1.2000000000000002 4 0 0 0 0 0 0 4.4 0 1.4000000000000001 0 2.4000000000000004 4 2.2 0 0 0 3.2 3 0 0 0 0 0 0 0 0 0 0.2 0 0 1 0.2 0 0 0 0.2 0 0 0 0 1.6 0 0 0 0 0 0 0 0.4 0 0.8 0 0 0 0 0 0 0 0 0 0 0 7.2 0 3 7.6000000000000005 2.8000000000000003 1 0.6000000000000001 6 0 1.6 3 0 0 0.2 0 0 1.4000000000000001 1.8 10.8 0 0 0 1.8 2.2 0 0 0 0 7.2 0 0 7.800000000000001 0 6.4 6.800000000000001 2 0 0 0 0 0 0 0 0 0 0 0 0 0 0 0 0 0 0 0 0 0 0 0 0 0 0 0 0 0 0 0 0 0 0 1.8 0 0.4 0.4 0 0.8 0.4 0 0 0 0 0 0 0 0 0 0 0 0 0 0 0 0 0 0 0 0 0 0 0 0.4 0 5.2 0 0 0 
 0.6000000000000001 0.2 0 0 0.2 0.6000000000000001 14.4 0 0.4 0 0.4 0.4 0 0 0 0.2 0 0.4 0 0 5.4 21.400000000000002 8.200000000000001 39.800000000000004 55.400000000000006 27.400000000000002 11.8 14.200000000000001 49.400000000000006 6.4 28.8 0 7 12.200000000000001 16.8 22.200000000000003 15.600000000000001 26.6 5.800000000000001 9.200000000000001 0 0 0.4 0 0 0 5.800000000000001 15.8 0 0.8 0 0 19.200000000000003 16.400000000000002 11.4 13.200000000000001 13.200000000000001 0.2 16.6 13 0.2 0.6000000000000001 0.4 0 0 0 0 0 0.4 0 0.2 0 0 0 0 0 1 0 0.4 0 0 0 0.4 0 0 0 0 0 0 0 0 0 0 0 0 0 0 0 0.2 0 0.4 0 0 1.6 0 5.2 0 0 1.2000000000000002 1.8 2.2 0 0.2 0.4 0 0 4.4 0.4 0 0 8.8 3.6 2.2 0 0 0 0 0 6.800000000000001 0 0 0 1.6 0 2.8000000000000003 0 0 0 5.4 1.8 0 0.2 0 0 0 0 0 0 0 0 0 0 0 0 0 0 0 0 0 0 0 0 0 0 0.2 4.6000000000000005 0 0 0.8 1.4000000000000001 0 0 0 0.2 0 0 0 0 0 0 0.6000000000000001 0.2 0 0 0 3.8000000000000003 0 3.8000000000000003 14.4 0 0 0.2 0.2 0 0 1.8 0 8.4 0.4 0 4 0 3.2 0 0 0 0 5 0 2 2.2 2.6 5.4 0 0.6000000000000001 10.200000000000001 0 3.8000000000000003 8.6 2.4000000000000004 0 0 0 0 0 0 0 0 0 0 0 0.4 0.2 0 0 0 0 0 0 3.2 0 0 0 0 0 0 0 0 0 0 0 0 0 0 1.4000000000000001 0 0.4 0.2 1.4000000000000001 2.4000000000000004 0.4 0 0 0 0 0 0 0 0 0 0 0 0 0 0 0 0 0 0 2.4000000000000004 0 0 0 0 0 1.6 0 0 0 0 
