 0 47.800000000000004 18 30.6 26.200000000000003 7.6000000000000005 49.2 51 8.6 23.6 44.400000000000006 10 52.400000000000006 28.6 55.800000000000004 83 6.800000000000001 27.400000000000002 27.200000000000003 10.4 0 0 0 0 0 0.4 0 0 0 0.4 0 0 0 0 0.6000000000000001 0 0 0.6000000000000001 0.6000000000000001 0 0 0.6000000000000001 0.4 0 0.6000000000000001 0.4 0 0 0 0 0.2 0 0 0 0 0 0 0.2 0.6000000000000001 0 0 0 0.6000000000000001 0.6000000000000001 0 0 1.4000000000000001 0 0 0 0 0 1.8 0 0 0 0.4 0 0 0 8 4.800000000000001 0 0 2.6 2.6 10.8 7.800000000000001 0 6.4 3 1.4000000000000001 6.4 3.2 0.2 2 2.6 8.200000000000001 4.800000000000001 2.8000000000000003 0 0 0 4 0 0 0 0 0 0 0 0 1 3.4000000000000004 0 0 3.2 0 0 0 0 2 0 0.4 0.2 0 0 0 0 0.2 0 2.2 0 0 0 0 0 0 0 0 0 0 0 0 0 0 0.4 0 0 0 0 0 0 0 0 0 0 0 0 0 5.6000000000000005 1.8 0 0 0 0 0 1.8 0 0.2 5.6000000000000005 0 0.6000000000000001 0 7.4 0 6 4.2 0.8 2 0 0 0 0 0 0 0 0.4 0 0 0 0 0 0 0 0 0 0 0.2 0.2 0 0 0 0 0 0.4 0 0 0 0 0 0 0 0 0 0 0 0.4 0 0 0 0 0 0.2 0 0 0 0 0 0 0 0 0 0 0 0 0 0 0 0 0 3.4000000000000004 0 0 0 0 19 0 0 0 0 1.8 0 0 0.4 0 0 0 0 0 0 0 3 0 0 0 0 0 0 0.2 0 0 0 0 0 0.6000000000000001 1.8 0 0 0 0 0 0 0 0 0 0 0 0 0 
 47.800000000000004 0 26.8 76.60000000000001 26.6 58.6 50.6 49.2 31.200000000000003 17 22.400000000000002 50.2 56.400000000000006 11.200000000000001 37.800000000000004 34.4 9.8 43.800000000000004 26.400000000000002 8.8 1.2000000000000002 0 0 0 0 0 0 0.6000000000000001 0.4 0 0 0.4 0 0 0.6000000000000001 0 0 1.2000000000000002 1.8 0 0 0.4 0.4 0 0.6000000000000001 1.4000000000000001 0.8 0 0 0.2 0 0 0 0 0 0 0.6000000000000001 0.8 0.6000000000000001 0 0 0 0.6000000000000001 0.6000000000000001 1.4000000000000001 0 0.6000000000000001 0 0 0.6000000000000001 0 0 0.6000000000000001 0.2 0 0 0.4 0.4 0 0 3.8000000000000003 8.200000000000001 3.2 0 0 6.6000000000000005 5 8.4 0 0 0 0 0 3.8000000000000003 3.6 6 9.600000000000001 11.200000000000001 2.8000000000000003 0 0 0.2 0 0 0 0 3.6 0 0 0 0 0 3.8000000000000003 2 0 0 0 0 3.8000000000000003 11.200000000000001 0 0 0 0 0 0 0 0 0 0 0 0 0 0 0 0 0 0 0 0 1.2000000000000002 0 0 0.4 0 1.8 0 0 0 0 0 0 0 0 0 0 0 1.4000000000000001 2.6 0.6000000000000001 0 1.6 0 3.4000000000000004 0 0 0.4 1.4000000000000001 2.6 0 14.8 2.8000000000000003 0.2 0 0 2.6 2.2 3.8000000000000003 0 0 0 0 0 0 0 0 2.2 0 1.6 0 0 0 4.2 1 0.2 0 0 0 4.800000000000001 0 0 0 0 0 0 0 0 1.2000000000000002 0 0 1.6 0 0 0 0 0 0 0 0 0 0 0 0 0 0 0 0 0 0 0 0 0 0 0 0 0 0 0 0 0 0 4 0 0 0 0 4.6000000000000005 0 0.2 7 0 1 0 0.2 0.2 0 0 0 0 0 0 0 0 0 0 0 0 0 0 0 0 0 0 0 0 0 0 0 0 0 0 0 0 0 0 0 0 0 0 0 
 18 26.8 0 24.200000000000003 11.8 25.6 16.6 27.200000000000003 13.4 12.600000000000001 9.4 25.8 70.2 70.8 10.8 29 18.2 59.6 8.6 27.8 0.2 0.2 0 14.600000000000001 0 0 0 14.600000000000001 0 0.4 0 0 0 0.2 1 1.8 0 0.6000000000000001 15.200000000000001 3.2 0 0.6000000000000001 0.4 0 0.6000000000000001 0.6000000000000001 0 0 0 13 0 0 0 0 0.4 0 0 0 0.6000000000000001 0 0 0 0.4 0 0 0 0.8 0 0 0 0 0 8.200000000000001 0 0 0 0.6000000000000001 0 0 1 3.6 4.2 4 3.4000000000000004 2.2 6.4 0.2 7.800000000000001 2.6 3.6 2.2 0.4 0 6.2 0 6.2 3 3.2 2.4000000000000004 0 0 0 0 0 0 0 0 0 0 0 0 0 0 0 0 0 0 0 0.8 12.200000000000001 0 0 0 0 0 0 0 0 0 0 0 0 0 0 0 0 0 0 0 0 0 0 1 0 0 0 0 0 0 0 0.2 0 0 0 0 0 0 0 0 0 0 0 0.6000000000000001 11.4 0 2.8000000000000003 1.8 0 2.6 3.2 3.6 5.4 3.6 0 0.4 2.2 0 0 0 2.6 0 0.2 0 0 0 0 0 0 4.4 0 0 2.6 0 0 0 0 2 0 3.8000000000000003 0.8 0 0 1.2000000000000002 0 0 0 0 0 0 0 0 0 0 0 0 0 0 0 0 0 0 0 0 0 0 0 0 0 0 0 0 0 0 0 0 0 0 0 0 0 0 0 0 0 0 0.4 0 0 0 18.400000000000002 0.4 0.8 0 0 0 0 0 0 0 0 0 0 0 0 0 0 0 0 0 0 0 0 0 0 0 0 0 0 0 0 0 0 0 0 0 0 0 0 0 0 
 30.6 76.60000000000001 24.200000000000003 0 78.2 26.200000000000003 59.400000000000006 79 16.8 51.2 54.6 34.6 54.400000000000006 101.60000000000001 39.800000000000004 21.200000000000003 9.8 40 58.400000000000006 33.800000000000004 0 0 0 0 0 0 0 0.2 0 0.2 0 0 27.6 12.8 0.6000000000000001 0.6000000000000001 0 0.6000000000000001 15.4 14.8 0 0.4 0.4 0 0.6000000000000001 0.2 0 0 0 0 0.4 0 0 0 0 0 0.2 0 0.6000000000000001 0 0 0.8 0.6000000000000001 0.6000000000000001 2.8000000000000003 0 0.6000000000000001 1 0 0 0 0 0.6000000000000001 0 0.4 0 1.6 0 0 0 2.2 2.6 0 4.4 7 3.4000000000000004 0.8 0.2 0.2 0.2 6.4 4.2 0 0 12 3 7.2 5.2 0 0 0 0 0.6000000000000001 0 0 0 3.8000000000000003 0 4.6000000000000005 0 0 0 5.4 5.2 0 2.2 0 0 2.2 2.4000000000000004 0 0 0 0 0 0 0 0 0 0 0 0 0 0 0 0 0 0 0 0 0 0 0 0 0 0 0 0 0 0 0 0 0 0 0 0 0 0.8 0 3.4000000000000004 2.2 5.800000000000001 2 1.6 5.6000000000000005 3 0 0 3.2 7 6.800000000000001 3 0 0 0 0 0.2 2 0 0 0.2 2.2 0 3.8000000000000003 0 0 0 4.4 0 0 0 0 5.800000000000001 3.4000000000000004 2.2 3.8000000000000003 0 1.8 8.6 0 0 0 0 0 0 0 0 0 0 0 0 0 0 0 0 0 0 0 0 0 0 0 0 0 0 0 0 0 0 0 0 0 0 0 0 0 0 0 0.4 0 0 3 0 0 0 0.8 1.6 0.4 17.8 18.2 0 0.6000000000000001 0 0 0 0 0 0 0 0 0.2 0 2 0 0 0 0 0 0 0 0 0 0 0 0 0 2.4000000000000004 1.6 0 0.2 0 0 0 0 0 0 0 0 0 0 
 26.200000000000003 26.6 11.8 78.2 0 16.6 7.4 12.8 27.400000000000002 42.400000000000006 80.4 59.400000000000006 30.400000000000002 33.2 11.600000000000001 73.8 42.400000000000006 23 13.8 33 0 0 0 14.8 0 0 0 0.4 0 0 0 0 30.6 3.8000000000000003 0.6000000000000001 19.6 0 0.6000000000000001 15.4 15.200000000000001 0 0.6000000000000001 0.4 0 0.6000000000000001 0.4 0 0 0 0 1.4000000000000001 0 0 0 0 0 0 0 0.6000000000000001 0 0 0 0.6000000000000001 0.6000000000000001 0 0 0.6000000000000001 0 0 0 0 0 0.6000000000000001 0 0 0 0.4 0 0 0 0.2 4 0.6000000000000001 5.800000000000001 4.800000000000001 2.6 0 0 0 0 6 5.6000000000000005 2.8000000000000003 0.2 4.4 5 2 7.2 0 0 0 0 2.6 0 0 0 7.6000000000000005 0 0 0 0 0 6.4 2.2 0 3.6 0 0 1.8 1.8 0 0 0 0 0 0 0 0 0 0 0 0 0 0 0 0 0 0 0 0 0 0 0 0.2 0 0 0 0 0 2.2 0 0 0 0 0 0 0 6.6000000000000005 0 1.6 2.4000000000000004 6.800000000000001 4.6000000000000005 2 6 2.8000000000000003 0 1 3.6 6.800000000000001 0 3.4000000000000004 0.6000000000000001 2.8000000000000003 0.2 0 0 5 0 0 0 0 0 0 0 0 0.6000000000000001 2.2 0 0 0 0 1.6 3.6 1.8 3 0 0 8.200000000000001 0 0 0 0 0 0 0 0 0 0 0 0 0 0 0 0 0 0 0 0 0 0 0 0 0 0 0 0 0 0 0 0 0 0 0 0 0 0 0 0 0 0 0.2 0 0 0 0.2 9 0.6000000000000001 18 17.400000000000002 0 1.4000000000000001 3.6 0 0 0 0 0 0 0 0 0 2.8000000000000003 0 0 0 0 0 0 0 0 0 0 0 0 0 6.800000000000001 3.4000000000000004 0 0 0 0 0 0 0 0 0 0 0 0 
 7.6000000000000005 58.6 25.6 26.200000000000003 16.6 0 21.8 6.2 10.8 63.2 28 13.600000000000001 4.4 11.600000000000001 8.200000000000001 11.8 31 11 12.600000000000001 16 3.2 16.6 15.200000000000001 0 0.4 0.4 29.6 15.8 0 6.800000000000001 31.6 0 47 22.400000000000002 0.6000000000000001 0.4 0.4 0.6000000000000001 15.4 0 0 1.4000000000000001 0.4 0 0.6000000000000001 0.6000000000000001 0 0 0 0 0 0 0 0 0.2 0 2 0 0.6000000000000001 0 0 0 0.4 0.2 1 0 1.2000000000000002 1.4000000000000001 0 0 0 0 0.6000000000000001 0 0.6000000000000001 0 0.4 0 0 0 0 3.6 2 2.6 2.2 2.2 0.6000000000000001 0.4 0 0.8 4.4 0 0 3 0 0 3.8000000000000003 3.4000000000000004 0 0 2.2 0.4 4.2 8.8 0 0 0 0.6000000000000001 2.2 3 0 0 6.800000000000001 0.2 0 0 5.4 4.2 0.8 12 0 0.4 0 0 0 0 0 0 0 0 0 0 0 0 2.4000000000000004 0 0 0 0 0 0 0 0 0 0 0 0 0 0 0 0 0 0 0 0 0 0 0 0 0.4 0 8.4 0 0 1 0 0 0 0.2 12.200000000000001 7.800000000000001 3.2 0 0 1.4000000000000001 3.4000000000000004 0 0.6000000000000001 0 0 2.8000000000000003 4.800000000000001 2.2 0 0 0 1.8 10.600000000000001 4.2 2 3 0 7.4 0 1.6 0.2 0 1.6 2 3.2 0 0 0 0 0 0 0 0 0.4 0 0 0 0 1.8 0 0 0 0 0 8.200000000000001 0 0 0 0 0 0 0 0 0 0 0 0 0.2 0 2.4000000000000004 0 0 0 0.2 0 0 0 0 0 0 0 2.4000000000000004 0 0.4 19.400000000000002 0 1.2000000000000002 0 0 0 0 0 0 0 0 0 0 0 0 0 0 0 0 0 0 0 0 0 0 0 0 0 0 0 0 0 0 0 0 0 0 0 0 0 0 
 49.2 50.6 16.6 59.400000000000006 7.4 21.8 0 41.2 110.2 28.6 5 46.400000000000006 25.400000000000002 58.400000000000006 7.6000000000000005 23.200000000000003 22.200000000000003 26.6 90.60000000000001 52.6 0 0 0.2 0 0 0 0 0 0 0 0.2 0.4 0 14.8 0.6000000000000001 0 0 0.8 0.6000000000000001 0 0 0.6000000000000001 0.4 0 0.6000000000000001 0.6000000000000001 0 0 0 0 0 0 0 0 1.4000000000000001 0 0 0 0.6000000000000001 0 0 0 0.6000000000000001 0.4 0 0 1.4000000000000001 0 0 0 0 0 0.6000000000000001 0.2 0 0 0.4 0 0 0 0 3 0 0 0 0 2.4000000000000004 6.2 10 1.6 9 0 0.4 5.2 0.6000000000000001 3.4000000000000004 0 2.8000000000000003 5 1.6 0 0 0 0 0 0 0 0 0 0 0 0 0 0 0 0 0 0 0 0 0 0 0 0 0 0 0 0 0 0 0 0 0 0 0 0 0 0 0 0 0 0 0 0.4 0 2 0 0 0 0 0 0 0 0 0 0 0 0 0 0 2.4000000000000004 4 0 6.800000000000001 0.2 0 5 2 2.6 1.2000000000000002 0.2 0 0 0 7.2 0 1.2000000000000002 0 2.4000000000000004 1.4000000000000001 0 0 0 0 0 0 0 0 0 0 0 0 0 0 0 0 0 0 0 0 0 0 0 0 0 0 0 0 0 0 0 0 0 0 0 0 0 0 0 0 0 0 0 0 0 0 0 0 0 0 0 0 0 0 0 0 0 0 0 0 0 0 0 0 0 0 0.4 0 0.4 0.6000000000000001 2.4000000000000004 0.8 0 0 0 4.2 0 0 0 0 0 0 0 0 0 0 0 0 0 0 0 0.2 0 0 0 0 0 0 0 0 0 0 0 0 0 0 0 0 0 0 
 51 49.2 27.200000000000003 79 12.8 6.2 41.2 0 39.400000000000006 28.8 24.8 24.8 44 31.8 42.800000000000004 74.4 18.8 26.200000000000003 25.8 82.4 0.4 0 0 0.4 0.4 0 0 0.4 0 0 0 0 0 0 0.6000000000000001 0 13 0.6000000000000001 0.4 0 0 0.6000000000000001 0.4 0 0.6000000000000001 0.6000000000000001 0 0 0 0 0.2 0 0 0 0 0 0 0 0.6000000000000001 0 0 0 0.6000000000000001 0.2 0 0 0.6000000000000001 0 0 0 0 0 0.6000000000000001 0 0 0.4 0.4 0 0 1.2000000000000002 2.2 2 3 0 0 0 4.800000000000001 3.6 4.4 10.4 2.2 0 5 6 3.4000000000000004 3.4000000000000004 3.4000000000000004 0.4 7.800000000000001 0 0 0 0 0 0 0 0 0 0 0 0 0 0 0 0.2 0 0 0 0 0 0 0 0 0 0 0 0 0 5.2 0 0 0 0 0.4 0 0 0 0 0 0 0 0 0 0.4 0 1.8 0.4 2.2 0.2 0 0 0.2 2 1.8 0 0 0 0 0 0 3.4000000000000004 1.4000000000000001 0 4.4 0 0 3.6 1.6 0.8 0 3.8000000000000003 0 0.2 3.8000000000000003 4.2 2.8000000000000003 3.4000000000000004 6.2 2.4000000000000004 0.2 0 0 0 0 0 0 0 0 0 0 0 0 0 0 0 0 0 0 0 0 0 2.8000000000000003 0 0 0 0 0 0 0.4 0 0 0 0 0 0 0 0 0 0 0 0 0 0 0 0 0 0 0 0 0 0 0 0 0 0 0 0 0 0.2 0 0 3.4000000000000004 0 0 0 0.4 17.6 0 0 0 0.4 2 0 0 0 0 0 0 0 0 0 0 3 0 0 0 0 0 0 0 0 0 0 0 0 0 0 0 0 0 0 0 0 0 0 0 0 0 0 0 
 8.6 31.200000000000003 13.4 16.8 27.400000000000002 10.8 110.2 39.400000000000006 0 98.60000000000001 6.2 23 22.200000000000003 24.8 19.200000000000003 10.600000000000001 23.400000000000002 40 80.60000000000001 53.2 1 0 0 0 0 0 0.4 1.2000000000000002 0 0 0 0 0 1 0.6000000000000001 0 0 0.6000000000000001 0.4 0 0 0.6000000000000001 0.4 0.8 0.6000000000000001 0.6000000000000001 1.2000000000000002 0 1.2000000000000002 0 0.2 0 0 1 0 0 0 0 0.6000000000000001 0 0 0 0.6000000000000001 0.4 0.8 0 0.6000000000000001 1.4000000000000001 0 0 0 0 0.6000000000000001 0 0 0 0.4 0 0.8 0.8 0 3.8000000000000003 0.2 5.6000000000000005 0 0.2 1 2.2 7.800000000000001 4.2 3.2 0 0 1.6 4.6000000000000005 5.2 0.8 3.2 0 0 0 0 0 0.4 0 0 0 0 0 0 0 0 4.2 0 0 0 0 0 0.6000000000000001 2.6 0 0 0 0 0 0 0 0 0 0 0 0.4 0 0 0 0 0 0 0 0 0 0 0 0.2 0 1.2000000000000002 0 0 0 0 0 0 0 0 0 0 0 0 0.4 0 0 4 8.6 3.4000000000000004 4 0.2 0 0 9.4 4.4 5.4 0.2 0 7.800000000000001 1 0 5.800000000000001 0 0 2.8000000000000003 0 2 0 0 0 0 0.4 0 0 0 0 0 3.4000000000000004 0 0 0 0 0 1.4000000000000001 0 2.2 0 0 0 0 0 0 0 0 0 0 0 0.4 0 0 0 0 0 0 0 0 0 0 0 0 0 0 0 0 0 0 0 0 0 0 0 0 0 0 0 0 0 0 0 0 0 0.2 0 0.2 35 3 1.2000000000000002 0.8 0 0 0 0 0 0 0 0 0 0 0 0 0 0 0 0 0 0 0 0 0 0 0 0 0 0 0 0 0 0 0 0 0 0 2 0 0 
 23.6 17 12.600000000000001 51.2 42.400000000000006 63.2 28.6 28.8 98.60000000000001 0 52 24.200000000000003 94 18.6 35 15.600000000000001 114.80000000000001 51.6 39.800000000000004 26.200000000000003 15.200000000000001 0 0 0 0 0 0 0.2 0 0 0 0 0 20 13.200000000000001 0 0.2 0.6000000000000001 20 15 0 0.6000000000000001 0.4 0 0.6000000000000001 0.6000000000000001 6.2 0.2 0 0.4 0.6000000000000001 0 0 0 0 0 0 0 13 0 0 0 0.6000000000000001 0.4 0.8 0 0.6000000000000001 0 0 0 0 0 0.6000000000000001 0 0 0 0.4 0 0 0 0 3.2 2.8000000000000003 3.8000000000000003 0.2 4.2 0.2 0 2.4000000000000004 0 0.2 2.6 1.2000000000000002 0 2 3 5.800000000000001 2.4000000000000004 0 0 0 0 0 0 0 0 3.6 0 3.2 0.4 0.2 0 10 1.6 0 6.6000000000000005 2.8000000000000003 1.4000000000000001 4 10 0 0 0 0 0 0 0 0 0 0 0 0 0 0 0 0 0 0 0 5.2 8.200000000000001 0 0 0 0 0 2.8000000000000003 0 0 0 0 1 0 0 0 0 0.2 0 0.2 0 2.4000000000000004 2.4000000000000004 2.4000000000000004 1.8 0 2.2 0 1.4000000000000001 3 0 0.2 0 0 4.2 1.8 0 3 7.6000000000000005 0.8 0 5.2 0 0.4 0 0 0 1.8 5.4 0 1.2000000000000002 0 0 6.800000000000001 1.2000000000000002 2.6 0 0.4 0.4 1.2000000000000002 5.4 0 0 0 0 0 0 0 0 0 0 0 0 0 0 0 0 0 0 0 0 0 0 0 0 0 0 0 0 0 0 0 0 0 0 0 0 0 0 0 0 0 0 0 0 0 0.2 0 0 0.4 2.4000000000000004 3 1 0 0 0 0 0 0 0 0 0 0 2.8000000000000003 0 0 0 0 0 0 0 0 0 0 0 0 1.6 0 0 0 0 0 0 0 0 0 0 0 0 0 0 
 44.400000000000006 22.400000000000002 9.4 54.6 80.4 28 5 24.8 6.2 52 0 16.6 5.800000000000001 28 34.4 41.6 37.4 19 5 54.2 14.600000000000001 1 0 42.2 0 0.2 14.600000000000001 15.600000000000001 0 0 0 0.6000000000000001 32.2 30.200000000000003 0.6000000000000001 0.2 0.6000000000000001 1 13.8 0.2 0.6000000000000001 0.8 0.4 0 0.6000000000000001 0 0 0 0.4 0 1 0.6000000000000001 0.4 0 0 0 1 0 0.6000000000000001 0.6000000000000001 0 0 0.6000000000000001 0.8 0.6000000000000001 0 11 0 0.2 0 0 1.4000000000000001 1 0 0 0.6000000000000001 0.4 0.4 0 0.4 0 4.2 4.4 1 6 5.800000000000001 0 0 0.2 2.2 5.2 5.6000000000000005 0 0.4 0.2 0 3.2 10.200000000000001 0 0 0 2.4000000000000004 2.8000000000000003 0 0 0 8.200000000000001 3 0 0 0 0 6 2.8000000000000003 0 0 0 0 1.8 2 0 0 2.6 0 0 0 0 0 0 0 0 0 0 1.6 0 0 0 0 0 0 0 0 0 0 0 0 0 0 0 0 0 0 0 0 0 0 0 0 0 0 1 6.4 2.2 2 2.4000000000000004 0 0 1.6 0 2.4000000000000004 0 0 0.2 0.8 0 0 0 10 0 0 3 0 0 0.2 0 0 2.4000000000000004 0 0 0 3.2 0 0 1.2000000000000002 2.2 0 0 0 0.2 2.8000000000000003 0 0 0 0 0 0 0 0 0 0 0 0 0 0.2 0.2 0.2 0 0 0 0 0 0 0 0 0 0 0 0.4 1.8 0 0 0 0 0 0 0.4 0 0 0 0 0 3.8000000000000003 0 0 0 0 0.2 0.4 2.4000000000000004 16.8 0 0.8 3 0 0 0 0 0 0 0 0 0 2.2 0 0 0 0 0 0 0 0 0 0 0 0 2.2 3.4000000000000004 0 0 0.2 0 0 0 0 0 0 0 0 0 0 
 10 50.2 25.8 34.6 59.400000000000006 13.600000000000001 46.400000000000006 24.8 23 24.200000000000003 16.6 0 5 9 8.6 8.8 13.4 11.200000000000001 69.4 49.800000000000004 15.200000000000001 0 0 0.6000000000000001 0 0.4 20.400000000000002 15 0.2 0.4 0 0.6000000000000001 44.400000000000006 29.6 16.8 0.6000000000000001 0 1.6 16.6 27.8 1.4000000000000001 1 7 0 1 1.4000000000000001 0.8 0.4 1 0 0.8 1.2000000000000002 0 0.4 0.4 0.8 0 0.8 1.2000000000000002 0 0 0.4 0.4 0 0.6000000000000001 0.4 0.6000000000000001 0.6000000000000001 0 0 0 0.6000000000000001 0.6000000000000001 0.6000000000000001 1 0 1 0.4 0.8 0.2 0 0 4 7.800000000000001 5 3.4000000000000004 0.4 0 2.2 3.6 0.8 2.2 0 0 0 1.2000000000000002 0.2 0 0 0 4 2.4000000000000004 0 1.6 0 0 0 2.8000000000000003 0.2 2.2 0 0 0 0 2.4000000000000004 0 3.2 0 6.2 0 0 0 0 0.4 0 0 0 0 0 0.2 2.6 2 0 0 0 0 0.4 0 0 0 0.2 0 0 0 0 0 0.4 0 0 0 0 0 0 0 0 0 0 0 0 0 0 2.2 0 0 3.8000000000000003 9.600000000000001 0 0 3.4000000000000004 4.6000000000000005 0 3.4000000000000004 0 0 1.6 0 7.4 0 0 0 2.6 0 0 0 0 0 0 5.800000000000001 0 2.4000000000000004 0 0 0.2 0 0 0 0 0 9.8 6.2 0 0 0 0 2.2 0 0 0 0 0 0 0 0 0 0 0 0 0 0 0 0 0 0 0 0 0 0 0 0 0 0 0 0 0 0 0 0 0 0 0 0 0 0.2 0 0 0.2 0.4 0.4 0.6000000000000001 0.4 4.800000000000001 0.4 0 0 0 0 0 0 0 0.4 0 0.4 0 0 0 0 0 0 0 0 0 0 0 0 0 3 0 0 0 0 0 0 0 0 0 0 0 0 0 0 
 52.400000000000006 56.400000000000006 70.2 54.400000000000006 30.400000000000002 4.4 25.400000000000002 44 22.200000000000003 94 5.800000000000001 5 0 66 20.6 8.200000000000001 51 10.600000000000001 80.4 41.2 0 0 0.2 0 0 0.4 0 0 0 0 0 0 0 0 0.6000000000000001 0 0 2.6 0.4 0 0 0.6000000000000001 0.4 0 0.6000000000000001 0.4 0 0 0 0.8 0 0 0 0 0 0 0 0.2 0.6000000000000001 0 0 0 0.6000000000000001 0.6000000000000001 0 0 0.6000000000000001 0 0 0 0 0 0.6000000000000001 0 0 10 0.4 0 0 0 3 0 0 0 0 0 5.800000000000001 0.2 2.4000000000000004 6.6000000000000005 0 0 5.6000000000000005 6 0 6.4 3.8000000000000003 0 7.4 1.2000000000000002 0 0 0 0 0 0 0 0 0 0 2.2 0 0 0 0 0 0 0 0 0 0 0 0 0 0 0 0 0 0 0 0 0 0 0 0 0 0 0 0 0 0 0 0 0.4 0 0 0 0 0 0 0 0 0 0 0 0 0 0 0 0 3.8000000000000003 1.4000000000000001 0 0 1.4000000000000001 0 3.2 6.6000000000000005 0 0 0 0 2 2.2 4.2 3.6 4 0 0.8 3.6 0 0 0 0 0 2.2 0 0 0 0 0 0 0 3.8000000000000003 0 0 0 0 0 0 0 0 0 0 0 0 0 0 0 0 0 0 1.8 0 0 0 0 0 0 0 0 0 0 0 0 0 0 0 0 0 0 0 0 0 0.2 0 0 0 0 0 0 0 0 0 0 0 0 0 0 0.4 0.4 1.2000000000000002 0 0 0 0 0 0 0 0 0 0 0 0 0 0 0 0 0 0 0 0 0 0 0 0 0 0 0 0 0 0 0 0 0 0 0 0 0 0 
 28.6 11.200000000000001 70.8 101.60000000000001 33.2 11.600000000000001 58.400000000000006 31.8 24.8 18.6 28 9 66 0 52.800000000000004 15.200000000000001 12 59.2 94.4 51.2 0 0 0 0 0.4 0 0 0 0 0 0 0 1.2000000000000002 0 0.6000000000000001 0 17.6 0.6000000000000001 0.4 0 0 0.6000000000000001 0.4 0 0.6000000000000001 0.4 0 0 0 0.2 0 0 0 0 0 0 0 0 0.6000000000000001 0 0 0 0.6000000000000001 0.6000000000000001 0 0 0.6000000000000001 0 0 0 0 0 0.6000000000000001 0 0 0 0.4 0 0 2.2 9.8 2.2 3.6 0.4 2.6 2 5 2.6 4.2 4.6000000000000005 7.6000000000000005 1.4000000000000001 1.4000000000000001 1.4000000000000001 0.2 0 4.2 3.4000000000000004 4.6000000000000005 2 0 0 0 0 0 0 0 0 0 0 0 0 0 2.8000000000000003 0 0 0 0 0 0 0 0 0 0 0 0 0 0 0 3 0 0 0 0 0 0 0 0 0 0 0.2 0 0 0.4 0 0 0 0 0 0.2 0 0 0 0 0 0 0 0 0 0 3.8000000000000003 1.4000000000000001 2.2 0 2.8000000000000003 0 2.8000000000000003 3 0 0 0 0 0.8 4.4 3 11.200000000000001 0.2 1.4000000000000001 4.800000000000001 4.4 0 0 0 0 0 0 0 0 0 0 0 0.4 0 0 0 0 0 4.2 0 0 0 0 0 0 0 0 0 1.6 0 0 0 0 0 0 0 0 0 0 0.2 4.6000000000000005 0 0 0 0 0 0 0 0 0 0 0 0 0 0 0 0 0 0 0 0 0 0 0 0 0 0.8 0.4 0 0.4 0 0.4 0 0 0 0 0 0 0 0 0 0 0 0 0 0 0 0 0 0 0 0 0 0 0 0 0 1.6 0 0 0 0 0 0 0 0 0 0 0 0 0 
 55.800000000000004 37.800000000000004 10.8 39.800000000000004 11.600000000000001 8.200000000000001 7.6000000000000005 42.800000000000004 19.200000000000003 35 34.4 8.6 20.6 52.800000000000004 0 41.800000000000004 23.400000000000002 45.400000000000006 34.4 54.6 0.6000000000000001 0.4 0.6000000000000001 0 0 0 0 0.8 0 0 0 0.4 14.8 4.4 0.6000000000000001 0 0.4 0.6000000000000001 0.4 0 1 1.2000000000000002 0.4 0 0.6000000000000001 0.8 0.8 0 0.4 16.6 0 0.6000000000000001 0 0.6000000000000001 0 0 0.6000000000000001 0 0.6000000000000001 0.6000000000000001 0 0 0.6000000000000001 0.6000000000000001 0.6000000000000001 0 0.6000000000000001 0 0.6000000000000001 0 0 0 0.6000000000000001 0 0 0.2 0.4 0.4 0.4 0.8 6.2 6.6000000000000005 0 2 3.6 1.6 5.800000000000001 6 0 2.8000000000000003 7.2 10.600000000000001 1.8 0.4 2.6 6.800000000000001 10.200000000000001 11.8 3.6 0 0 0 0 0 0 0 1 0 0 0 0 0 7.2 2 0 0 0 0 0 2.2 0 0 0 2 0 0.2 0 0 0 0 0 0 0 0 0 0 0 0 0 0 0 0 0 0.2 0 0 0 0 0 0 0 0 0 0 0 0 0 1.2000000000000002 0 1.4000000000000001 2.6 5 0 0 4.800000000000001 0 2.6 4.4 7.6000000000000005 4.2 2.8000000000000003 3.2 4.4 0 1.6 0.2 4.4 1 2.4000000000000004 0 0 0 0 0 0 0 1.8 0 0 0 0 0 0.8 0.2 0 0 0 0 3 0 0 0 0 0 0 0 0 0 0 0 0 0 0 0 0 0 0 0 0 0 0 0 0 0 0 0 0 0 0 0 0 0 0 0 0 0 0 0 0 0 0 2.8000000000000003 0 0 0 0 27.400000000000002 0 0.6000000000000001 18.2 0 1.4000000000000001 3.6 0 0 0 0 0 0 0 0 0 0 7.6000000000000005 0 0 0 0 0 0 0 0 0 0.4 0 0 4.2 3.4000000000000004 0 0 0 0 0 0 0 0 0 0 0 0 
 83 34.4 29 21.200000000000003 73.8 11.8 23.200000000000003 74.4 10.600000000000001 15.600000000000001 41.6 8.8 8.200000000000001 15.200000000000001 41.800000000000004 0 45.400000000000006 50.800000000000004 27.8 53.6 0.6000000000000001 0.4 0.4 0 0 0.8 41.400000000000006 0 0 0 0 0.8 0.6000000000000001 0 0.6000000000000001 0.8 0 1 1.6 0 0 13 0.4 0.2 0.6000000000000001 1.2000000000000002 12.4 0 0.2 0.2 0.2 0 1.4000000000000001 0.2 0 0 0.6000000000000001 0.6000000000000001 0.6000000000000001 0 0 0 0.6000000000000001 0.6000000000000001 0 0.4 0.6000000000000001 0 0 0 0.2 0.4 0.6000000000000001 0.4 0 0 0.4 0.4 0 0 3.8000000000000003 6.800000000000001 2 2.2 0 1.4000000000000001 1.6 4 3 4.800000000000001 0 2.4000000000000004 0 3.2 5.4 7.800000000000001 4.6000000000000005 2.6 0 0 0 1.4000000000000001 0 0 0 0 7.6000000000000005 0 0 0 0 0 0.2 0 0 0 0 0 2.2 3.2 0 0 0 0 0 0 0.2 0 0 0 0 0 0 0 0 0 0 0 2.2 0 0 0.2 0 0.2 0 1.8 0 0 0 0 0 0 0 0 0 0 4.2 1.2000000000000002 0 3.2 0 0.4 0.4 3.4000000000000004 3.8000000000000003 0 0 1.4000000000000001 6.800000000000001 18.400000000000002 9.4 8.8 0.2 0 0 3 2 3.4000000000000004 0 0 0 0 0 0 0 0 2 0 5.800000000000001 0 0 0 0.2 1 0 0.2 0 0 3.2 0 0 0 0 0 0 0 0 0 0 0 0 0.2 0 0 0 2 0 0 0 0 0 0 0 0 0.2 0 0 0 0 0 0.2 0 0 0 0 0 0 0 0 0 0 4 0 0 0 0.2 9.600000000000001 0 0.6000000000000001 17.400000000000002 0 2.4000000000000004 1.6 2 0 0 0 0 0 0.4 0 0 0 0 0 0 0 0 0 0 0.6000000000000001 0 0 0 0 0 0 3.4000000000000004 0 0 0 0 0 0 0 0 0 0 0 0 
 6.800000000000001 9.8 18.2 9.8 42.400000000000006 31 22.200000000000003 18.8 23.400000000000002 114.80000000000001 37.4 13.4 51 12 23.400000000000002 45.400000000000006 0 46.2 50.6 84.2 0 0 0 0 0 0.4 0 0 0 0 0 0 0 0 0.8 0 0.4 0.6000000000000001 0.4 0 0 0.6000000000000001 0.4 0 0.6000000000000001 0.4 0 0 0 0 0.2 0 0 0 0 0 0 0 0.6000000000000001 0 0 0 0.6000000000000001 0.6000000000000001 0 0 0.6000000000000001 0 0 0 0 0 0.6000000000000001 0 0 0 0.4 0 0 0 0 11 0 5 0 9.8 0 4.800000000000001 1.6 4.4 2.4000000000000004 0.6000000000000001 0 2.8000000000000003 8.200000000000001 0 3.4000000000000004 3.2 0 0 0 0 0 0 0 0 1.8 0 0 0 0 0 0.4 0 0 0 0 0 0 2.2 0 0.2 0 0 0 0 0 0 6.2 0 0 0 0 0.4 0 0 0 0 0 0 0 0 0 0 0 0 0 0 0.2 0 0 0.2 0 0 3 0 0 0 0 0 0 0 1.8 10.600000000000001 2.6 0 0 2.2 2.8000000000000003 0.2 2 3 0 2.2 0 2.4000000000000004 1.2000000000000002 1.8 0 1.8 0 0 0 0 0 0 2 0 4 0 0 0 0 0 0 0 0 0 0 0 0 2.2 0 0 0 0 0 0 0.4 0 0 0 0 0 0 0 0 0 0 0 0 0 0 0 0 0 0 0 0 0 0 0 0 0 0 0 0 0 0 0 0 0 0 0 0 0.4 0 0 0.2 0.6000000000000001 0 4 3.8000000000000003 0 0 0 0 0 0 0 0 0 0 0 0 0 0 0 0 0 0 0 0 0 0 0 0 0 0 0 0 0 0 0 0 0 0 0 0 0 
 27.400000000000002 43.800000000000004 59.6 40 23 11 26.6 26.200000000000003 40 51.6 19 11.200000000000001 10.600000000000001 59.2 45.400000000000006 50.800000000000004 46.2 0 8.6 15.600000000000001 0.2 0 0 0 0 0 0 0 0 0 0 0 15.200000000000001 0.2 0.6000000000000001 0 0.2 0.6000000000000001 0.4 0 0 0.6000000000000001 0.4 0 0.6000000000000001 0.4 0.4 0 0 0.6000000000000001 0.2 0 0 0 0.6000000000000001 0 0 0 0.8 0 0 0 0.6000000000000001 0.6000000000000001 0 0 0.6000000000000001 0 0 0 0 0 0.6000000000000001 0 0 0 0.4 0 0 1.6 2.8000000000000003 4.800000000000001 0.2 4 3.2 0 2.6 12 4.2 0 6.2 1.2000000000000002 0 2.6 4 1.8 4 6.6000000000000005 1.4000000000000001 0 0 0 0 0 0 0.4 0 0 0 0 0 0 0 2 0 0 0 0 0 0 0 0 0 0 0 0 0 0 0 0 0 0 0 0 0 0 0 0.2 0 0 4 0 0 0.4 0 0 0 0 0 0 0 0 0 0 0 0 0 0 0.2 2.2 0 0.2 0 6.800000000000001 3.6 0 2.8000000000000003 2 20.8 3.6 7.800000000000001 7.800000000000001 8.8 3.2 0 6.4 2.2 0 0 3 0 0 0 0 0 0 0.2 0 2 0 0 0 2.2 0 0 0 0 0 0 0 0 0 0 0 0 0 0.4 0 0 0 0 0 0 0 0 0 0 0 0 0 0 0 0 0 0 0 0 0 0 0 0 0 0.4 6.4 0 0 0 0 0 0 0 0 0 0 0 0.4 35 0.4 0.4 0.4 6.2 0 0 0 0 0 0 0 0 0 0 0 0 0 0 0 0 0 0 0 0 0 0 0 0 0 3.8000000000000003 4 0 0 0 0 0 0 0 0 0 0 0 0 
 27.200000000000003 26.400000000000002 8.6 58.400000000000006 13.8 12.600000000000001 90.60000000000001 25.8 80.60000000000001 39.800000000000004 5 69.4 80.4 94.4 34.4 27.8 50.6 8.6 0 86.4 0 0 0 0 0.6000000000000001 0 0 0 0 0 0 0.2 0 0 0.6000000000000001 0 0 0.6000000000000001 0.4 0.2 0 0.4 0.4 0 0.6000000000000001 0.4 0 0 0 0.6000000000000001 0 0 0 0 0 0 0.2 0 0.6000000000000001 0 0 0 0.6000000000000001 0.6000000000000001 0 0 0.6000000000000001 0 0.4 0.6000000000000001 0 0 0.6000000000000001 0 0 0 0.4 0 0 0 2.2 0 0 0 0 0 8 0 4.4 0.2 0 0 5.4 0 0 1.6 0 0 0 4.2 0 3.2 0 0 0 3 0 0 0 0 0.2 0 0 0 7.800000000000001 0 0 0 0 0 0 0 0 0 0 0 0 0 0 0 0 0 0 0 0 0 0 0 0 0 0 0 0 0.2 0 0 0 0 0 0 0 0 0 0 0 0 0 0 0 0 5.6000000000000005 1.2000000000000002 5 0.4 0.4 0 1.6 0.2 0 0 0 0 0 0 8.8 0.2 2.4000000000000004 0.4 4.800000000000001 6 0 0 0 0 0 0 0 0 0 0 0 0 0 0 0 0.2 0 0 0 0.4 0 0 0 0 0 0 0 0 0 0 0 0 0 0 0 0 0 0 0 0 0.4 0 0 0 0 0 0 0 0 0 0 0 0 0 0 0 0 0 0 0 0 0 0 0 0 0 0 0 1.2000000000000002 0 0 1.4000000000000001 0 2.6 0 0 0 0.4 0 0 0 0 0 0 0 0 0 0 0 0 0 0 0 0 0 0 0 0 0 0 0 0 0 0 0 0 0 0 0 0 
 10.4 8.8 27.8 33.800000000000004 33 16 52.6 82.4 53.2 26.200000000000003 54.2 49.800000000000004 41.2 51.2 54.6 53.6 84.2 15.600000000000001 86.4 0 0.2 0 0 6.800000000000001 0 0 0 0.4 0.4 14.600000000000001 16.2 0 0 0 0.6000000000000001 0 0 0.8 0.4 0 0 0.2 0.8 0 0.6000000000000001 0 0 0 0 0.8 0 0 0 0 0 0 0.4 0 0.6000000000000001 0 0 0 0.6000000000000001 0.6000000000000001 0 0 0.6000000000000001 0 0 0 0 0 0.6000000000000001 0 0 0 0.4 0 0 0 3 3.8000000000000003 2 2.2 0 0 3.6 2.6 8.8 4.800000000000001 2.6 0 1.4000000000000001 4.4 1.8 6 0 0 3 0.4 0 0 0 0 0 0 0 0 0.2 0.4 0.2 0 0 0 0 0.4 0 0 0 0 0 0 0 0 0 0 0 0 0 0 0 0 0 0 0 0 0 0 0 0 0 0 0 0 0 0 0 0 0 0 0 0 0 0 0 0 0.4 0 0 0.6000000000000001 2.6 0.8 0.8 2.4000000000000004 1.6 0 0 0 2.2 3.8000000000000003 0 2.6 0.2 0 3 0 4 0 1 2.8000000000000003 1.4000000000000001 0 0.4 0 0 0 0 0 0 0 0 0 2 0 0 0 0.4 0.4 0 0 0 0 0 0 0 0 0 0 0 0 0 0 0 0 0 0 0 0 0 0 0.2 0 0 0 0 0 0 0 0 0 0 0 0 0 0 0 0 0 0 0 0 0 0 0 0 0 17 0 0.2 3 0 4.2 0 0 0 0 0 0 0 0 0 0 0 0 0 0 0 0 0 0 0 0 0 0 0 0 0 4.4 0 0 0 0 0 0 0 0 0 0 0 0 
 0 1.2000000000000002 0.2 0 0 3.2 0 0.4 1 15.200000000000001 14.600000000000001 15.200000000000001 0 0 0.6000000000000001 0.6000000000000001 0 0.2 0 0.2 0 60.400000000000006 22.6 42.6 44.6 10.8 45.6 14.4 9 32.4 13.200000000000001 20.8 31.200000000000003 60.400000000000006 26.200000000000003 10.600000000000001 24.400000000000002 37.800000000000004 9.4 9.8 0 0.6000000000000001 0 0 0 0 0 0 0.6000000000000001 0 0 0.6000000000000001 0 0.6000000000000001 0.2 0.6000000000000001 0 0.2 0 0 0.6000000000000001 0 0 0 0 0 0 0 0.6000000000000001 0 0 0.6000000000000001 0 0 0 0 0 0 0 0 0 0 0 0 0 0 0 0 0 0 0 11.8 0 0 0 0 0 0 0 0 2 7.4 7.6000000000000005 4.2 0 4.6000000000000005 0 4.6000000000000005 4.800000000000001 6.2 7.4 4 3.2 0.2 0.2 1.8 9.600000000000001 8.200000000000001 2.8000000000000003 1.8 0 0 0 0 0 0 0 0 0 0 0 0 0 0 0 0 0 0 3.8000000000000003 0 0.6000000000000001 0.4 0 0 0 0 0 0 0 0 0 0.6000000000000001 0 0 0 0 0 0 0 0 0.6000000000000001 0 0 0 0 3.6 0 0 0 0 0 0 0 0 0.4 0 0.4 0.8 0 0 0 6.6000000000000005 8.200000000000001 0 5 0 4.2 1.6 1.4000000000000001 4 2.6 0 3.6 3 8.4 1.8 1 1.6 0 3.8000000000000003 0 0 0 0 0 0 0 0 0 0 0 0 0 0 0 0 0 0 2.4000000000000004 0 0 0 0 0 0 0 0 0 0 0 0 0 0 0 1 0 0 0 0 0 0 0 0 0 0 0 0 0 0 0 0 0 0 0 1.6 0 0.4 15.200000000000001 0 0.4 2.6 0 0 0 0 0 0 0 0 0 0 0 0 0 0 0.6000000000000001 0 0 0 0 0 0 0 0 0 2.4000000000000004 1.4000000000000001 0 0 0 
 0 0 0.2 0 0 16.6 0 0 0 0 1 0 0 0 0.4 0.4 0 0 0 0 60.400000000000006 0 25 79.60000000000001 14 7.2 16.400000000000002 40.2 27.8 38 14.4 8 10 31.400000000000002 73.8 41.400000000000006 13.600000000000001 63.2 9 33.2 0 1.4000000000000001 0.6000000000000001 0 0 0 0 0 0.6000000000000001 0 0 0.6000000000000001 0.6000000000000001 0.6000000000000001 0.4 0.6000000000000001 0 0.2 18.2 12.200000000000001 0.6000000000000001 0 0 0 0 0 0 0 0.6000000000000001 0 0 0.6000000000000001 0.4 0 0 0 0 0 0.2 0 0 0 0 2.4000000000000004 2 0 0 0 0 0 0 0 0 0 0 0 0 0 0 0 20 4.4 10.8 1.6 7.800000000000001 2.4000000000000004 4.4 1.6 4 0 0 2.6 2.4000000000000004 2.8000000000000003 3.2 3.2 3.2 2.2 0.8 0 0 0 0 0 0 0 1.4000000000000001 0 0 0 1.4000000000000001 0 3.8000000000000003 0 0 0 0 0 0 0 0 0.2 1.6 0 0 0 0 0 1 2.2 0 0 0 0 0 0 0 0 0 0 0 0 0 0 6.2 0.2 0 0 0 0 1 0 0 0 0.4 0 0.2 0 0.6000000000000001 0 0 4.2 0 1.8 5.2 0 3 0.4 6 0 0.4 0 2.2 5 1.8 10.200000000000001 3 4.4 0.2 3.8000000000000003 0 3.2 0 0 0 0 4.2 0 0 0 0 0 2.4000000000000004 0 0 0 0 0 4 0 0 0 0 0 0 0 0 0 0 0 0 0 0 0 0 0 0 0 0 0 0 0 0 0 0 0 0 0 0 0 0 0 0 1.6 3 0.4 0.4 1.2000000000000002 18.2 0 0 0.4 0 0 0 0 0 0 0 0 0 0 0 0 0 0 0 0 0 3.6 0 0 0 0 0 0 0 0 0 0 
 0 0 0 0 0 15.200000000000001 0.2 0 0 0 0 0 0.2 0 0.6000000000000001 0.4 0 0 0 0 22.6 25 0 31.8 42.800000000000004 22 78.2 19.200000000000003 62.2 70 23.6 8.6 21.200000000000003 27.8 10.600000000000001 7.800000000000001 21 39 17 69.60000000000001 0.2 0.4 1.2000000000000002 0.6000000000000001 0.6000000000000001 0.2 0 0 1 0 0.6000000000000001 0.6000000000000001 12.4 0.6000000000000001 0.4 0.6000000000000001 41.6 0 0.6000000000000001 0 0.4 0.6000000000000001 0.8 0.2 0 0.6000000000000001 0 0 1 0 0 0.6000000000000001 0.2 0 2 0 0.2 0.4 0.6000000000000001 1 0 0 0 0 5.800000000000001 0 0 0 0 0 0 0 0 0 0 0 0 0 0 0 3.4000000000000004 0 2.6 13.200000000000001 0 6.6000000000000005 0 0 3 3.8000000000000003 0 0.2 0 0 5.6000000000000005 5.800000000000001 11.600000000000001 10.8 0 0 2.2 0 1 0 0 3.8000000000000003 0.2 0.2 0 0 0 0 0 0 0 0 0 0 3.8000000000000003 0.4 0 0 1.2000000000000002 0 0 0 0.2 0.6000000000000001 0.8 0 0 0 0 0 0 0 0 0 0 0 12.600000000000001 0 0 0 0 0 0 0 0 0 0 0 0 0 0.4 0 0 1.2000000000000002 1.4000000000000001 0 3 0 0 6.2 2 2.8000000000000003 0 0 2.6 2.4000000000000004 0 3.2 0 0 0 2.6 3 3.6 0 0 0 3 0 0 0 0 3.8000000000000003 3.4000000000000004 0 0 0 0 0 1.6 0 0 3.2 0 0 10 0 0 0 0 0 0 0 0 0 1.2000000000000002 0 0 0 0 0 0 0 0 0 0 0 0 3.8000000000000003 0 0 0 0 0 0 0 0 0 0 0 1 0 0 10.4 18.8 0 0.4 0 0 0 0 0 4.800000000000001 0 0 0 0 0 0 0 0 0 0 0 0 0 7 0 0 0 0 0 0 1.2000000000000002 0 0.4 
 0 0 14.600000000000001 0 14.8 0 0 0.4 0 0 42.2 0.6000000000000001 0 0 0 0 0 0 0 6.800000000000001 42.6 79.60000000000001 31.8 0 35.2 7.2 42.2 12.200000000000001 47.2 60.400000000000006 9 31 30 18.8 27.200000000000003 83.60000000000001 7.2 53 52.400000000000006 15.8 0.6000000000000001 0 0 0 0 0 0 0 0.6000000000000001 0 0 0.6000000000000001 0 42.400000000000006 0 0.6000000000000001 0.8 11.4 6.2 12.8 0.6000000000000001 0 0 0 10.200000000000001 0 0 0 0.6000000000000001 0 0 0.6000000000000001 9.200000000000001 0 0 0 0 0 0 0 0 1.2000000000000002 0 0 0 0 0 0 0 0 0 0 0 0 0 0 0 0 0 0 5.2 0.2 1 3.8000000000000003 0 9.8 0 3 3.8000000000000003 5.2 5.4 0 0 3.4000000000000004 1.4000000000000001 0 0.4 1.8 0 1.2000000000000002 0 0 0 0 0 0 1.4000000000000001 0 0 0 0 0 5.4 0 0 0 0 0 0.8 0 0 0 0 0 0 0 0 0 0.6000000000000001 0 0 0 0 0 0 0 0 0 0 0 0.2 0 0 0 0 0 0 0 0 0 1.2000000000000002 0 0 0 0.4 0 0 0 1.2000000000000002 0 4.4 4.6000000000000005 9.4 3.2 6.4 4.2 0 2 2 5 4.2 4 3.2 3 2 2.4000000000000004 0.6000000000000001 5.2 0 1 0 0 0 0 0 0 0 0 0 0 0 0 0 0.2 0 0 0 0 1.6 0 0 0 0 0 0 0 0 0 0 0 0 0 0 0 0 0 0 0 0 0 0 0 0 0 0 0 0 0 0 0 0 0 0 0 1.8 0 0.4 16.2 15.4 0.4 0.8 0.4 0 0 0 0 0 0 0 0 0 0 0 0 0 0 0 0 0 0 0 9.600000000000001 0 0 0 0.8 0 0 0 0 
 0 0 0 0 0 0.4 0 0.4 0 0 0 0 0 0.4 0 0 0 0 0.6000000000000001 0 44.6 14 42.800000000000004 35.2 0 76 16 16.2 21.400000000000002 45.6 39 37.800000000000004 13.600000000000001 17.8 46.2 60 16.6 42.6 9.8 28.8 0 0.4 0 0 0 0 0 1.8 1 0 0.8 0.6000000000000001 0 0.6000000000000001 0.4 6.4 0 0 0 0 0.6000000000000001 0 5.800000000000001 0 0 0 0 0 0.6000000000000001 0 0 0.6000000000000001 0 1.2000000000000002 0 0 1.2000000000000002 0 0 0 0.4 0 0 0 0 0 0 0 0 0 0 0.4 0 0 0.2 0 0 0.4 0 0 5.6000000000000005 0 1.8 4.2 3.8000000000000003 10.600000000000001 0.4 0 4 5.800000000000001 0 2.2 0 0 5.2 0.4 3.8000000000000003 0.8 0 0 0.4 0 0 0 0 0 0.8 0 0 9.600000000000001 0.6000000000000001 0 0.4 3.8000000000000003 0.2 1.8 0.8 2.8000000000000003 7.2 0 0 0 1.4000000000000001 0 0 0 0 0.4 3 0 0 0 5.4 0 0 2.6 0 0 1.4000000000000001 0 1 0 0 0 0 0 0 0.2 0 0 0 0 0 0 0 0 0 1.2000000000000002 0.2 0 3 6 0 4.4 3 0.2 0 0 1 3 1 0 0 0 0 6.4 0 0 0 0 0 0 3 1.6 0 0 4 1 3.8000000000000003 0 1.8 0 2.8000000000000003 3.8000000000000003 5.6000000000000005 0 0.4 0 1 0 0 0 0 0 0 0 0 0 0 0 0 0 0 0 0 0 0 0 0.2 0.2 0 0 3.6 0 0 0 0 0 0 0 0 0 0 0 2 0 0 2.8000000000000003 0.6000000000000001 0 1.8 0 0 0 0 0 0 0 0 0 0 0 0 0.4 0 0 0 0 0 0 0 0 0 0 0 0.2 0 0 0 0 
 0.4 0 0 0 0 0.4 0 0 0 0 0.2 0.4 0.4 0 0 0.8 0.4 0 0 0 10.8 7.2 22 7.2 76 0 3.6 6.4 27.6 27.6 12.8 29.400000000000002 8.4 10.8 11.600000000000001 13.8 32.6 12.200000000000001 52 10.4 28.6 0 0.6000000000000001 0 0.2 0 12.8 0.2 1.8 0.2 2 0.6000000000000001 20.6 11.8 12.8 25.8 4.800000000000001 0 0 0.2 0.6000000000000001 0 1 0 0 0 0 0 0.6000000000000001 1.2000000000000002 0 1 0.4 1 0 0 0.2 0 0.2 0 0 0 0 0 0 0 0 0 0 0.2 0 0 0 0 0 0.8 0 0 0 0 0 0 0 0 5.6000000000000005 1.4000000000000001 0 0 0 0.2 2.4000000000000004 0 0 0 0.2 11.200000000000001 0 0.2 0 0 7 1.8 0.2 0 0 0 4.6000000000000005 3.2 0 5.2 1.8 0 6.4 0 4.800000000000001 2 0 3.8000000000000003 4.2 8.4 0 0 0 0 0 0 0 0 0 0.2 0 0 1 0 0 2 0 0 3.6 0.4 0 0.2 0 0 0 0 0 0 0 0 0 0 0 0 0 1.6 0 0 0 0 0.2 0 0 1.4000000000000001 3.4000000000000004 4.2 0 0 0 0.2 2.4000000000000004 2.8000000000000003 0 0 0 3.2 6.4 0 0 0 4.4 0 3.8000000000000003 0.2 0 0 5.6000000000000005 7.4 0 0 0 0 1.2000000000000002 1.8 2.2 3 0 0 2.8000000000000003 2.6 0 0 0 0 0 0 0 0 0 0 0 0 3.2 0 0 0 0 0.2 0 0 0 0 0 0 0 0 0 0 0 0 0 0 0 0 4.4 0 0 0 15 0.2 1.4000000000000001 2.4000000000000004 0 0 0 0 0 0 0 0 0 0 0 0 0 0 0 0 0 0 0 2.2 0 0 0 0 0 0 0 0 
 0 0 0 0 0 29.6 0 0 0.4 0 14.600000000000001 20.400000000000002 0 0 0 41.400000000000006 0 0 0 0 45.6 16.400000000000002 78.2 42.2 16 3.6 0 25.400000000000002 32.800000000000004 8.200000000000001 4.800000000000001 8 30.400000000000002 12 47.800000000000004 26.6 18.8 6.2 25.400000000000002 16 1.6 0 0.4 0 0 0 0 0 0.6000000000000001 0 0 0.6000000000000001 0 0.8 0.4 0.6000000000000001 0.4 0 0.2 0.4 0.6000000000000001 0 0.6000000000000001 0 5.2 7.2 0 0.6000000000000001 0.6000000000000001 0.6000000000000001 1.2000000000000002 0.6000000000000001 0 0 0.8 0 0 0 0 0 0 0 0 0 10.200000000000001 0 0 0 0.4 0.4 0 0 0 0 0 0 0 0 0 0 4 2.8000000000000003 5.800000000000001 10.8 0 1.4000000000000001 2 4.6000000000000005 0 4.800000000000001 7 5.4 0 2.4000000000000004 4.2 0 6.2 0 5.2 0 0 0.4 0 0 0 0 6.6000000000000005 0 0 0 0 2 0 0 5.4 0 0 0 1.8 0 0 0 0 0 0 0 0 1.6 0 0 0 0 0 0 0 0 0 0 0 0 1.2000000000000002 1 0 0 3.6 0 0 0 0 0 0 3.6 0 0 2 0 5.4 2.8000000000000003 0 0 9.4 3.4000000000000004 3.8000000000000003 0 0 1.4000000000000001 6.2 4 0 13 2 1.8 0 0.2 0 1.6 3.2 0 2.8000000000000003 0 0 0 0 0 0 0 0 0 0 0 0 0 0 0 0 0 0 0.2 0 0 0.2 0 0 0 0 0 0 0 0 0 0 0 0 0 0 0 0 0 0 0 0 0 0 0 0 0.2 0 0 0 0 0 0 0 0.4 2.4000000000000004 0.4 0 0.2 0 0 2.4000000000000004 0 0 0 0 0 0 0 0 0 0.6000000000000001 0 0 0 0 7.6000000000000005 0 0 0 0 0 4.4 0 0 0 0 0 0 0 0 
 0 0.6000000000000001 14.600000000000001 0.2 0.4 15.8 0 0.4 1.2000000000000002 0.2 15.600000000000001 15 0 0 0.8 0 0 0 0 0.4 14.4 40.2 19.200000000000003 12.200000000000001 16.2 6.4 25.400000000000002 0 35.2 6.6000000000000005 7.2 23.200000000000003 45.2 18.2 15 8.200000000000001 20.200000000000003 9.600000000000001 24.6 43.400000000000006 0 0 0.2 0 0.4 0.4 0 13 0.6000000000000001 0 0 1.6 0 0.6000000000000001 0.4 0.6000000000000001 0 0.4 0 0.2 0.4 0.2 0 0 0 0 0 0 0.6000000000000001 1.6 0 0.6000000000000001 0 0 0 0 10.600000000000001 0 0 0 0 0 3.6 0 5.4 0 0 0 0 0 0.8 1.8 0 0 0 0 0 0.4 0 0 3.4000000000000004 10 0.2 2.6 0 0 5.800000000000001 7.6000000000000005 0 0.2 0 0.4 0.6000000000000001 2.6 2.6 3.6 0 0 1.8 12.200000000000001 0 0 0 0.2 0 0 0 0 0 0 0 0 0 0 0 0 0 0 0 0 0 0 0 0 0 0 0 0 0 0 0 0 0 0 0 0 0 0 0 0 0 0 0 0 1.8 2.6 0 0 0 2.8000000000000003 0 0 0 0 0 0 0 0 0 0 0 0.2 2.6 0 0 0 4.4 5.2 1.8 2.4000000000000004 1.8 0 2.2 6.6000000000000005 3 3.8000000000000003 10.600000000000001 2 7.2 6.800000000000001 0 0 0 0 0 0 0 0 0.2 0 0 0 0 0 0 0 2.6 0 0 2.8000000000000003 0 0 0 0.4 0 0 0 0 0 0 0 0 0 2.8000000000000003 0 0 0 0 0.2 0.2 0 0 0 0 0 0 0.2 0 0 0 0 0 0 0.8 3.6 0 0 0 0.4 0.2 0 0.2 0 0 0 0 0 0 0 0 0 0 0 0 2 0 0 0 0 2.6 0 0 0 0.8 0 0 0 0 0 0 
 0 0.4 0 0 0 0 0 0 0 0 0 0.2 0 0 0 0 0 0 0 0.4 9 27.8 62.2 47.2 21.400000000000002 27.6 32.800000000000004 35.2 0 56.800000000000004 20.6 11.200000000000001 15 40.6 39.2 31.8 26.200000000000003 41.2 14.8 33.2 0 1 0 0 0 0 0 0 0.6000000000000001 0 0 0.6000000000000001 0.4 1 0.4 4.800000000000001 0 0 0 0.4 0.2 0.4 0 0 0 0.2 0 0 0.6000000000000001 0 0 0.8 0 0 0 0 0 0 0 0 0 0.2 0 0 0 0 0 0 0 0 0 0 0 0 0 0 0 0 0 0 9.8 0 1.4000000000000001 0 0 2.6 2.4000000000000004 7.800000000000001 5.2 3.4000000000000004 3.6 0 0.6000000000000001 4 3.6 1.8 0 5.2 2.4000000000000004 0.6000000000000001 2.4000000000000004 0 0 0 0 0 0 0 0 0 0 1.2000000000000002 0.2 0.2 0 0 0 0 0 0 0 0 1.6 0 0 0 0 0 2.8000000000000003 0 0 0 0.4 0 2.4000000000000004 0 0 0 0 0 0 1.8 0 0 0 0 0.2 0 0 0 0 0 0 0 0.2 0 0 0 0 0 8.6 6.800000000000001 2.2 7.800000000000001 4.800000000000001 0.2 6 1.8 3 4.2 2 0.2 2.2 4 2.6 7 6.4 0 0 1.4000000000000001 0 0 0 0 0 0 0 4.4 0 0 0 0 0 0.2 0 0 0 0 0 2.4000000000000004 0 0 0 0 0.4 0 0 0 0 0 0 0 0 0 0 3 0 0 0 0 0 0 2.2 0 0 0 0 0 0 0 0 0 0 0 1.6 0 0 5 8.200000000000001 0 2.6 0 0.4 0 0 0 0 0 0 0 0 0 0 0 0 0 0 0 0 0 0 0 0 0 0 0 0 0 0 0 
 0.4 0 0.4 0.2 0 6.800000000000001 0 0 0 0 0 0.4 0 0 0 0 0 0 0 14.600000000000001 32.4 38 70 60.400000000000006 45.6 27.6 8.200000000000001 6.6000000000000005 56.800000000000004 0 23.8 10.200000000000001 23.8 14.4 36.4 30 18.400000000000002 9 13.600000000000001 52.6 0.6000000000000001 1.6 1.2000000000000002 0 0.6000000000000001 0.2 0.4 0.4 0 0 0 0.6000000000000001 12.4 0 0.2 0 0.2 0 17.400000000000002 25 0 0.2 0.4 0 0.6000000000000001 0.6000000000000001 0 0 0 0 0 0.4 0.4 0 0.8 0.6000000000000001 0 0.2 0.4 0.4 0 1.6 0 0 0 0 0 0 0 0 0 0 0 0 0 0 0 0 0 0 3.4000000000000004 3.2 3.4000000000000004 3.4000000000000004 0 3.2 0 0 1.8 2.4000000000000004 0 2.4000000000000004 0.2 4 1.6 5.6000000000000005 2.2 0 0 2.8000000000000003 0 0 0 0 0 0 1.2000000000000002 0.2 0 2.6 0 0 13 0 1.6 1.4000000000000001 0 0 2.2 0.2 0 0 0 0 0 0 0 0 0 0 0 0.4 0 0.4 0.2 0 0 0 0.4 0 0 0 0 0 0 0 0 0 0 0 0 0 0 0 0.2 0.8 0 0 0 0 4.6000000000000005 6.6000000000000005 7.4 0 6.2 2.2 1.8 2 2.6 3.2 4.4 2.6 2.8000000000000003 0 0.6000000000000001 5.4 2.4000000000000004 3.4000000000000004 0 0 0 3.2 0 0 0 0 9.600000000000001 0 0 0 0 0 4.4 2.2 0.4 2.6 0 0 4.6000000000000005 0 0 0 0 0 0 0 0 0 0.2 0 0 0 0 0 0 0 0 0 0 0 0 0 0 0 0 0.4 0 0 0 0 0 0 0 0 2.2 0.4 0 2.2 0 0 0 0.4 0 0 0 0 0 0 0 0 0 0 0 0 0 0 0 0 0 0 0 0 0 0 0.2 0 0.2 0 0 0 
 0 0 0 0 0 31.6 0.2 0 0 0 0 0 0 0 0 0 0 0 0 16.2 13.200000000000001 14.4 23.6 9 39 12.8 4.800000000000001 7.2 20.6 23.8 0 28.8 4.6000000000000005 6.6000000000000005 12 11.8 21.200000000000003 22.200000000000003 19.8 25.8 14.8 0 0 0 0 0 0 6.6000000000000005 1.2000000000000002 0 0 0.6000000000000001 0.2 0.6000000000000001 13 0.6000000000000001 0.2 0 11 14.600000000000001 0.6000000000000001 0.4 0 0 2.2 0 0 0.8 3 0 0 2.8000000000000003 0.4 0.2 0 2.2 2.2 2.8000000000000003 0 0 0 0 0 0 4 0 2 0 0 0 0 0 0 0 0 0 0 0 0 0 0 1.8 2.8000000000000003 2.4000000000000004 3.2 6.2 0 0 3.4000000000000004 1.8 0 6 0 0 0 12.200000000000001 3.4000000000000004 4.800000000000001 0 2.2 0 0 0 0 0 0 0 0 0 2.4000000000000004 0 0 7.2 4.4 1.4000000000000001 2.4000000000000004 0 0.2 0 0 0 0 1.4000000000000001 0 0 0 0 0 1 0.4 0 0 0 2.2 0 0 0 0 0 0 0 0 0 0 0 0 0 0 0 0 0 0 0 0 1.4000000000000001 0 0 0 0 0.4 0 0 0 2.6 3 0 0 0 0 2.4000000000000004 0 0 0 0 0 3.8000000000000003 3 5.800000000000001 0 0 7.800000000000001 3.6 0 0 0 0 4.4 3.8000000000000003 0 0 0 0 6.6000000000000005 1.6 0.4 2.6 2.2 0 10.8 0 0 0 0 0 0 0 0 0 0 0 0 0 0 0 0 0 1.6 0 0 0 0 0 3.4000000000000004 0 0 0 0 0.2 0 0 0 0 0 0 1.6 0.2 0.2 0.2 15.4 0.4 0.4 0 0 0 0 0 0.2 0 0 0 0 0 0 0 0 0 0 0 0 0 0 0 0 0 0 0 0 0 0 0 
