 0 45 36.6 27.200000000000003 8.6 49.800000000000004 31.6 102.60000000000001 26.8 37.6 54.400000000000006 3.8000000000000003 35.800000000000004 38.2 21 26.200000000000003 56.2 28.8 127.4 33.2 0.6000000000000001 0.2 0 0 0 0 0.4 0.4 0 0 2 0.6000000000000001 0.2 0.2 0 0 0.2 0 0.6000000000000001 0 0 0.6000000000000001 0.4 0.6000000000000001 0 0 2.4000000000000004 0.4 0.6000000000000001 0 0 0 0 0 0 0 0.4 0 0.2 0.6000000000000001 0 0 0 0.8 0 0 0 11.4 0 0 0 0 0 0 0 0 0.4 0 0.2 0.4 0 6.4 6.2 8 0 1.6 5.4 3.6 4.6000000000000005 2.2 1.2000000000000002 2.6 1.8 0 16 4 2.6 8.8 1.6 0.2 0 0 0 0 0 0 0 0 0 0 0 0 0 0 0 0 0 0 0 0 0.2 0 0 0 0 0 0 0 0 0 0 0 0 0 0 0.2 0.4 0 0 0 1.4000000000000001 0 0 0 2 0 0 3.4000000000000004 0 0 0 0 0 0 0 0 0 0 0 0 10.4 0 6 0 0.4 0 0 0 3 5.2 1.8 1.4000000000000001 0 0.2 0 0 2.6 4.2 0 0.2 0 0 0 0 0 0 0 0 0 0 0 0.2 0 0 0 0 0 0 0 0 7.800000000000001 0 0 1.8 0 0 0 0 0 0.2 0 0 0 0 0 0 0 0 0 0 0.4 0 0 0 0 0 0 0 0 0 0 0 0 0 0 0 0 0 0 0 0 0 0 0 0 0.8 0.4 0 0.6000000000000001 18.6 0 0.4 0 0 0 0 0 0 0 0 0 0 0 0 0 0 0.4 0 0 0 0 0 0 0 0 0 2.8000000000000003 0 0 0 0 0 0 0 0 0 0 0 0 0 
 45 0 41 9.8 70.8 22.8 16.2 25.400000000000002 10.200000000000001 64.2 31 7.800000000000001 48.800000000000004 48.400000000000006 140.20000000000002 25.400000000000002 8.4 11 54.400000000000006 19.400000000000002 0.6000000000000001 0.4 0.4 0.6000000000000001 0 0 0.6000000000000001 0.4 0 0 0.6000000000000001 0.6000000000000001 0 0.4 0 0.2 0 0.4 0.6000000000000001 0 0 0.8 0.4 0.6000000000000001 0 0 1.4000000000000001 0.4 0.6000000000000001 10 0 0 0 0 0 0.6000000000000001 0.4 0 0 1.2000000000000002 0.4 0 0 0 0 0.4 0 0.2 0 0.8 0 8.4 0 0 0 0 0.4 0 0 0.4 1.8 5 3.4000000000000004 2 0 0 3.8000000000000003 0 6 4.4 1.8 0 2.6 5.6000000000000005 7.2 10 10.200000000000001 2.2 0 0 0 0 0 0 0 0 0 0 0 0 0 0 0 0 0 0 0 0 7.800000000000001 0 0 0 0 3.2 0 0 0 0 0 0 0 0 0 0 0 0 0 0 0 0 0 0 0 5.6000000000000005 0 0 0 0 0 0 0 0 0 0 0 0 0 0.2 0 0 7 6.800000000000001 1.6 1.2000000000000002 2.2 2.2 5.800000000000001 0 0 0 0 1.6 0 3 2.8000000000000003 5.4 0 5 3 2.6 0 0 0 0 0 0 3.8000000000000003 0 0 0 0 0 0 0 0 0 0 0 3.4000000000000004 1.2000000000000002 2.6 0 2.6 0 0 0 0 0 0 0 0 0 0 0 0 0 0 0 0 0 0 0 0 0 0 0 2 0 0 0 0 0 0 0 0 0 0 0 0 0 0 0 0 0 0 0 18 0.4 18.6 0.2 0.8 0.2 0 0 0 0 0 0 0 0 0 0 0 0 0 0 0 0 0 0 0 0 0 0 0 2 0 0 0 0 0 0 0 0 0 0 0 0 0 0 
 36.6 41 0 35.2 14.200000000000001 25.400000000000002 37.4 39.800000000000004 33.2 30.8 11.8 15.4 18 45.2 26.200000000000003 16.8 38.800000000000004 9.4 57.800000000000004 5.800000000000001 0.6000000000000001 0 0.4 0 0 0 3.6 0.2 0.2 0 0.6000000000000001 0.6000000000000001 14.4 0 0 0 0 0 0.6000000000000001 3.4000000000000004 0 0.6000000000000001 0.6000000000000001 0.6000000000000001 0 0 0.6000000000000001 0.4 6.2 0 0 0 0.4 0 0 0 0.6000000000000001 0 0.4 0.6000000000000001 0 0 0.2 0.4 0 0 0 0 0 0 0 0 0 0 0 0 0.4 0 0 1.2000000000000002 2.2 3 0 0 2.6 0 0 4.6000000000000005 0.4 0 3.4000000000000004 2.8000000000000003 2.8000000000000003 3.6 16.400000000000002 0 2.8000000000000003 0 0 6.800000000000001 0 0 0 0.2 0 0 0 0 0 0 0 0 1.2000000000000002 0 0 0 0 0 3.4000000000000004 2.2 0 0 0 0 0 0 0 0 0 2 0 0.2 0 0 0 0 0 0 0 3.6 0 0 0 0 0.4 0.4 0 0 0 0 0.4 0 0 0 0 0.4 5.800000000000001 0 0 0 5.800000000000001 0 0.4 1.6 0 4 0 1.8 0.4 0 0.4 0 0.4 5 8.200000000000001 5.2 0 2.8000000000000003 0 7 0 0 0 0 0 0 1.6 0 0 0 0 0 0 0 0 0 0 0 4.4 0 0 0 0 0 0 0.4 0 0 0 0 0 0 0 0 0 0 0.2 0 0 0 0 0 0.2 0 0 0 0 0 0 0 0 0 0 0 0 0 0 0 0 0 0 0 0 0 0 0.2 0 0 0 18 0.6000000000000001 0.6000000000000001 0 0 0 0 0 0 0 0 0 0 2.2 0 0 0 0 0 0 0 0 0 0 0 0 0.6000000000000001 4.800000000000001 0 0 0 0 0 0 0 0 0 0 0 0 0 
 27.200000000000003 9.8 35.2 0 39 7 44.400000000000006 73.4 13.8 68.2 11.600000000000001 23.200000000000003 32.4 11 16 27.8 86.2 63 16.6 11.4 0.6000000000000001 0.4 0.4 0.8 0.6000000000000001 0.6000000000000001 42.2 0.4 0 0.4 1.2000000000000002 0.6000000000000001 27.8 15.4 0 0.2 0.4 0 1 29.6 0 8.4 0.4 0.6000000000000001 0.6000000000000001 0.8 0.6000000000000001 0.8 0.6000000000000001 0 1.2000000000000002 0.6000000000000001 1 0 0.4 0.6000000000000001 1 0.6000000000000001 2.2 1.2000000000000002 0.4 1.2000000000000002 0 0 0 0.8 0 0.6000000000000001 0 0 0 0.4 0 0 0 0 0.4 0.2 0 0.4 0.2 0 2 3 2.2 6.4 3.8000000000000003 2.2 0 0 0 2.4000000000000004 0 0 0 0 3.6 4.6000000000000005 0 0 1 2.2 0 0 0 0 0 1 0 0 0 0 1 3.4000000000000004 0 7 0 3 4.6000000000000005 3 0 0 0 0 0 0 0 0 0 0 0 0 0 0 0 0 0 0 0 0 0 0 0 0 0 0 0 0 0 0 0 0 0 0 0 0 0 0 0 0 0 0 0 10 2 2.6 0 3.8000000000000003 4.4 0 2.6 4.800000000000001 0 0 1 0 5.800000000000001 2.6 0 0.2 5.800000000000001 0 2.6 0 0 0 6.6000000000000005 1.8 1.8 2.4000000000000004 0 0 3 0 2 2.8000000000000003 0.2 7.800000000000001 6 0 0 0 0 0 0 0 0 0 0 0 0 0 0 0 0 0 0 0 0 0 0 0 0 0 0 0 0 0 0 0 0 2.2 0 0 0 0 0 0 0 0 0 0 0 0 0 0.6000000000000001 0 0 0 0.6000000000000001 0 2 2.2 0 0 0 0 0 0 0 0 0 0 0 0 0 0 0 0 0 0 0 0 0 0 0.2 4.2 0 0 0 0 0 0 0 0 0 0 0 0 0 
 8.6 70.8 14.200000000000001 39 0 69.8 9.600000000000001 14 36.4 33.6 39 31.6 33.6 17.2 34.800000000000004 36 32.6 48.400000000000006 17.2 24.6 5.2 15.200000000000001 0 1.2000000000000002 0 0 19.200000000000003 4.800000000000001 0 0 1 0.6000000000000001 0 0 0 0 0 15.200000000000001 0.6000000000000001 3.4000000000000004 0 0.6000000000000001 0.4 0.6000000000000001 1.2000000000000002 0 0.6000000000000001 0.4 0.6000000000000001 0 0 0 0 0 0.4 0 0.4 0 0 0.6000000000000001 0 0 0 0.2 0 0 0 0.4 0 0 0 0 0 0 0 0 0.4 0 0 0.4 2.4000000000000004 2.2 4.4 2.2 0 3.2 0 0 0 1.4000000000000001 0 3.6 0 0 0 3.2 0 0.2 0 0 2.6 0 0 0 0 0 0 8.200000000000001 0.2 0 0 0 0.2 5.6000000000000005 0.6000000000000001 5.4 2 2.2 1.2000000000000002 2.8000000000000003 0 0 0 0 0 0 3.6 0 0 0 0 0 0 0 0 0 0 0 0 0 0 0.4 0 0 0 1 0 0 0 0 0 0.6000000000000001 0 0 0 3.2 0 0 0 0 0 2.6 1.4000000000000001 0 7.4 2.2 0 3.8000000000000003 1.6 2.8000000000000003 0 2 1.4000000000000001 0 0.2 0 1 0 0 0 7.2 0 5.800000000000001 0 0 0 5.2 4.2 3.8000000000000003 0 0 0.4 5.2 1.8 0 3.8000000000000003 2.4000000000000004 0 3.2 0 0 0 0 0 0 0 0 0 0 0 0 0 0 0 0 0 0 0 0 0 0 0 0 2 0 0 0 0 0 0 0 1 0 1.8 0 0 0 0 0 0 0 0 0 0 0 0.4 0.6000000000000001 0 0 18.2 0 0 0.2 0.4 0 0 0 0 0 0 0 0 0 0 0 0 0 0 0 0 0 0 0 0 0 0 0 0 0 0 0 0 0 0 0 0 0 0 0 0 
 49.800000000000004 22.8 25.400000000000002 7 69.8 0 10.4 9.4 7 7.800000000000001 81.2 54.800000000000004 6.6000000000000005 14.4 8.8 11 11 8 13 7.4 13.600000000000001 15 4 0.2 0 0 29.400000000000002 13.8 5.4 0 1 1 32.4 29.8 0.2 0 0 31.200000000000003 44.6 44.800000000000004 0 0.6000000000000001 0.4 1.2000000000000002 0.4 0 1.2000000000000002 0.4 1 0.6000000000000001 0 0 0 0 0.4 0.2 0.4 0 0.4 1.2000000000000002 0.4 0 0 0.2 0 0 0 0.6000000000000001 0 0 0 0 0 0 0.2 0 0.4 0 3.8000000000000003 0.4 0 0 0 0 0 3.2 0 0 0 0 0 2 0 0 0 4.2 2 0 0 0 5.2 0 0 3 0 0 2.4000000000000004 5.4 0 0 2.4000000000000004 0 2.8000000000000003 6 3.4000000000000004 0 0.2 0 3.4000000000000004 2 0 0 0 0 0 0 0 0 0 0 0 0 0 0 0 0 0 0 0 0 0 0 0 0 0 4.4 0 0 0 0 0 0.2 0 0 0 1.8 0 0 1.2000000000000002 0 0 7.2 0 7 4.800000000000001 0 0 0 0 0 0 0 0 0 0 0 0 0 1 0 4.2 7.6000000000000005 5.800000000000001 3 0 0 3.8000000000000003 3.8000000000000003 4 4.2 0 0 10.8 0.4 2 2.4000000000000004 3.8000000000000003 3.4000000000000004 6 6.6000000000000005 0 0 0 0 0 0 0 0 0 0 1 0 0 0 0 0 0 0 0 0 0 0 0 0 0 0 0 0 0 0 0 0 0 0 0 0 0 0 0 0 0 0 0 0 0 0 0.8 0 2 0.2 1.2000000000000002 2.6 0 0 0 0 0 0.2 0 0 3.2 0 3.4000000000000004 0 0 0 0 0 0 0 0 0 0 0 0 0 0 0 0 0 0 0 0 0 0 0 0 0 0 0 
 31.6 16.2 37.4 44.400000000000006 9.600000000000001 10.4 0 19.6 49 27.8 46.400000000000006 5 40.400000000000006 61.400000000000006 46.2 29 40.400000000000006 28.400000000000002 27 47.2 1.6 0.6000000000000001 0 0 0 0 0.6000000000000001 0.2 0 0 0.6000000000000001 0.6000000000000001 0 0 0 0 0 0.2 15 0 0 0.6000000000000001 0.4 0.8 0 0 0.6000000000000001 0.4 0.6000000000000001 0 0 0 0 0 0.2 0 0.4 12.4 0 0.6000000000000001 0 0 0 0 0 0 0 0 7.4 0.2 0 0 0 0 1.6 0 0.4 0 0 0.4 4.800000000000001 5.2 3 8.4 4.800000000000001 0 0.2 5.4 3.6 1.8 6.4 2.4000000000000004 4.6000000000000005 2.6 2 0 0 6.2 1.2000000000000002 4.2 0 0 0 0 0 0 0 0 0 0 0 0 0 0 0 0 0 0 0.2 7.6000000000000005 0 0 0 0 0 0 0 0 0 0 0 0 0 0 0 0 0 0 0.4 0 0 0 0 0 0 0 0 0 0 0.4 0 0 0 0.2 0 0 0 0 0 0 2.2 1.8 3.8000000000000003 0 0 7.2 0 8 10 0 0 2.8000000000000003 0.2 1.6 4 7.800000000000001 2.4000000000000004 1.4000000000000001 0 1.6 0 0 0 0.2 0 0 0 0 0 0 0.2 0 0 0 0 0 0 0 5 0 0 0 0 0 0 0 0 0 0 0 0 0 0 0 0 0 0 0 0 0 0 0 0 0 0 0 0 0 0 0 0 0 0 0 0 0 0 0 0 0 0 0 0 0 0 0 0 0 0.4 18 0 0.4 0 0.4 0 0 0 0 0 0 0 0 0 0 0 0 0 0 0 0 0 0 0 0 0 3.6 2.2 0 0 0 0 0 0 0 0 0 0 0 0 0 
 102.60000000000001 25.400000000000002 39.800000000000004 73.4 14 9.4 19.6 0 20 44.800000000000004 12.4 7.6000000000000005 53.2 54.400000000000006 88.4 47.6 23.6 51.400000000000006 69 31 0.6000000000000001 0.4 0.4 0 0 0 0.6000000000000001 0.6000000000000001 0 0.4 2 0.8 0.2 0.2 0.2 0.6000000000000001 0.2 0.4 0.6000000000000001 0 0 0.6000000000000001 0.4 0.6000000000000001 0.6000000000000001 0 1.2000000000000002 0.4 1 0.4 0.6000000000000001 0 0 0 0 0.2 0.4 0 0 0.6000000000000001 0.4 0 0 0.4 0 0.6000000000000001 0 0.6000000000000001 0 0 0.2 0.6000000000000001 0 0 0 0 0.4 0.4 0 0.4 1.8 7 7.800000000000001 5.4 0 1.8 14 1.6 12.4 2.4000000000000004 0.2 2 1.4000000000000001 3.4000000000000004 7 10.8 6 10.8 0.4 0 0 0 0 0 0 0 0.2 0 0 0 0 0 0 0.2 0 0 0.2 0 0 0 1.8 0 0 0 0 0 0 0 0 0 0 0 0 0 0 0 0 0 0 0 0 0 0 0 0 0 0 0 0 0 0 0 0 0 0 0 0 0 0 2.8000000000000003 5.800000000000001 1.4000000000000001 2 0 0 0 2.8000000000000003 0 0.2 2 4 2 0 3.8000000000000003 3 2 0.2 5.6000000000000005 2.8000000000000003 2.8000000000000003 0 0 0 0 0 0.2 0 0 0 0 0 0.2 0 0 0 0 0 0 0 0 2.2 0 0 0 0 0 0 0 0 0.2 0 0 0 0 0 0 0 0 0 0 0 0.2 0 0 0 0.4 0 0 0 0 0 0 0 0 0 0.2 0 0 0 0 0 0 0 0 0 0.4 18.400000000000002 0 0.4 18.2 0 1.4000000000000001 0 0 0 0 0 0 0 0 0.6000000000000001 0 0 0 0 0 0.4 0 0.6000000000000001 0 0 0 0 0 0 2 3 0 0 0 0 0 0 0 0 0 0 0 0 0 
 26.8 10.200000000000001 33.2 13.8 36.4 7 49 20 0 18.6 38.6 7.6000000000000005 47 38.800000000000004 14.8 75.2 69.60000000000001 26.200000000000003 22.200000000000003 103.60000000000001 0.6000000000000001 1.6 0.2 0 0 0.2 16 0.4 0 0 1 0.6000000000000001 29.400000000000002 0 0.2 0 0 0 16.8 14.8 0.8 1.4000000000000001 0.4 0.6000000000000001 0 0 0.6000000000000001 0.4 0.6000000000000001 0 1.4000000000000001 1.2000000000000002 1 0 0.2 0 0.4 0 1.4000000000000001 0.6000000000000001 0 0 0 0.8 0.8 0 0 0.2 0 0 0 1.2000000000000002 0 0 0 0 0.4 0 0 0.4 11.200000000000001 8.6 4.800000000000001 8.8 11.600000000000001 0 0 6.6000000000000005 0 16.6 4.4 4.4 2 0 5.6000000000000005 3.6 3.6 0 1.8 4.4 0 0 0 0 0 0 0 0 0 0 0 0 1 0 0 0 0 0 3.4000000000000004 7.2 0 0 0 0 0 0 0 0 0 0 0 0 0 0 0 0 0 0 0.4 0 0 0 0 0 0 0 0 0.8 0.4 0.4 0 1.6 0 0 0 0 0 0 0 0 5 3 5.4 6 2 1.2000000000000002 0 2.4000000000000004 1.4000000000000001 5.2 3.8000000000000003 0 0 1.8 0.6000000000000001 0 4 0 0 4.2 0 0 0 0.2 0 0 4.6000000000000005 0 0 0 0.2 0 0 1.8 0 0 0 0 1.8 3.8000000000000003 0 0 0 0 0 0 0 0 4 0 0 0 0 0 0 0 0 0 0 0 0 0 0 0 0 0 0 1.4000000000000001 0 0 0 0 0 0 0 0 0 0 0 0 0 0 0 0 0 0 0.6000000000000001 0 0 1.6 0 0.6000000000000001 0 0.4 0 0 0 0 0 0 0 0 0 0 0 0 0 0 0 0 0 0 0 0 0 2.8000000000000003 4.6000000000000005 4 0 0 0 0 0 0 0 0 0 0 0 0 
 37.6 64.2 30.8 68.2 33.6 7.800000000000001 27.8 44.800000000000004 18.6 0 50.6 10.4 31.400000000000002 28 18.400000000000002 21.200000000000003 19.400000000000002 30.200000000000003 88.4 53.800000000000004 0.6000000000000001 0.4 0 0 0 0 12 0.4 0 0 0.6000000000000001 0.6000000000000001 26.8 0 0 0 0 0 30.400000000000002 0 0 0.6000000000000001 0.4 0.6000000000000001 0 0.2 17 0.4 0.6000000000000001 0 0 0 0 0 0 0 0.4 0 0 0.6000000000000001 0 0 0 0 0 0 0 0.6000000000000001 0 0 0 0 0 0 0 0 0.4 0 0 0.4 0 2.4000000000000004 7.6000000000000005 2.6 0 0 0 5.800000000000001 3.2 5.800000000000001 13 0.2 6.4 0 3 6.4 6 1.4000000000000001 0 0 0 0 0 0 0 1.8 0 0 0 0 0 0 0 0 0 0 0 0 4.4 0.2 0 0 0 0 0 0 0 0 0 0 0 0 0 0 0 0 0 0 0 0 0 0 0 0 0 0 0 1.6 0 0 0 0 0 0 0 0 0 0 0 0 6.4 2.4000000000000004 2 1.6 1.8 2 0 0 4.2 4 0 2 0 4.800000000000001 0 0.8 6.2 3.2 0.4 0.2 0 0 0 0 0 0 4.2 0 0 0 0 0 0.2 0 0 0 0 0 0 3.8000000000000003 2.2 0 0 0 0 0 0 0 0 0 0 0 0 0 0 0 0 0 0 0 0 0 0 2 0 0 0 0 0 0 0 0 0 0 0 0 0 0 0 0 0 0 0 0 0 19.400000000000002 0.8 0.4 1.6 0.6000000000000001 1.2000000000000002 0.6000000000000001 0 0 0 0 0 0 0 0 0 0 0 0 0 0 0 0 0 0 0 0 0 0 0 0 0 4 0 0 0 0 0 0 0 0 0 0 0 0 
 54.400000000000006 31 11.8 11.600000000000001 39 81.2 46.400000000000006 12.4 38.6 50.6 0 7.6000000000000005 71.4 8.200000000000001 77.4 23.8 40.2 27.200000000000003 11 10 1 0.2 0 0 0 0 1.2000000000000002 0.6000000000000001 0 0 0.6000000000000001 0.6000000000000001 9.600000000000001 0.2 0 0 0 0 7.6000000000000005 0 0 0.6000000000000001 0.4 0.6000000000000001 0 0 0.8 0.4 0.6000000000000001 0 0 0 0 0 0.2 0 0.4 0 9.200000000000001 0.6000000000000001 0 0.4 0 0 0 0 0 0.6000000000000001 0 0 0 0 6.6000000000000005 0 0 0 0.4 0 0 0.4 2 3.6 4.4 8.4 4 0.4 0 2.2 2.6 5.4 2.2 0 0 0 5.4 7 3 2.4000000000000004 0 0 0 0 0 0 0 0 0 0 0 0 0 0 0 0 0 0 0 0 3.6 4.6000000000000005 0 0 0 0 0 0 0 0 0 0 0 2.2 0 0 0 0 0 0 0 0 0 0 0 0 0 0 0 0.6000000000000001 0 0 0 0 0 0 0 0 0 1.4000000000000001 0 0 0 3.8000000000000003 1.6 0.2 5 1.6 3 6.4 7.6000000000000005 2 2 0.4 0 3 0 5.2 5.800000000000001 0 3.2 3.2 0 0 0 0 0 0 0.2 0 0 0 0 0 3 0 0 0 0 0 2.2 4.2 0 0 2.2 0 0 0 0 0 0 0 0 0 0 0 0 0 0 0 0 0 0 0 0 0 0 0 0 0 0 0 0 0 0 0 0 0 0 1.8 0 0 0 2 0 0 0 0.8 19 0 18.8 0.6000000000000001 0 2 0 0 0.2 0 0 0 0 0 0 0 0 0 0 0 0 0 0 0 0 0 0 0 0 3.6 0 0 0 0 0 0 0 0 0 0 0 0 0 0 
 3.8000000000000003 7.800000000000001 15.4 23.200000000000003 31.6 54.800000000000004 5 7.6000000000000005 7.6000000000000005 10.4 7.6000000000000005 0 6.4 53.800000000000004 8.6 38 15.200000000000001 14.600000000000001 12 9.600000000000001 16.6 1.2000000000000002 0 0 0 0 30.400000000000002 0.4 0 0 2 0.6000000000000001 0.2 0.8 14.8 0 0 0 0.8 3.6 0.8 1.4000000000000001 0.4 0.6000000000000001 0 0 0.6000000000000001 0.4 0 0 0.8 1.2000000000000002 5.4 0 0.2 0 13 0 0 0.6000000000000001 0 0 0 0.8 0.8 0 0 0.6000000000000001 0 0 0 1.2000000000000002 0 0 0 0 0.4 0.2 0 0.4 2.6 2.8000000000000003 0 3.8000000000000003 2.6 6.800000000000001 0 0 0 0 0.6000000000000001 10.8 0 0 0 0 3 3.8000000000000003 0 0 9 2 0 0 0 0 0 12.4 0.2 0.2 0 0 5.2 9.600000000000001 0 2.2 2.4000000000000004 2 0 0 0.4 0 0 0 0 0 0 0 0 0 0.4 0 0 0 0 0.4 0.2 0 0 0 3.6 0 0 0 0 2.4000000000000004 0 0 1.8 0 0 0.2 0 0 0 0 0 0 0 0 0 4 0 0 14.4 2 0 0.4 5.2 3.6 3.8000000000000003 6.2 1.4000000000000001 0 0 0 0 0 0 0 9.600000000000001 0 5 0 0.4 0 1.6 2 3 0.2 0 0.4 4.6000000000000005 3.4000000000000004 0 1.8 2.2 0.4 7.2 1.4000000000000001 0 0 0 1.8 0 0 0 0 0 4.2 0 0 0 0 0 0 0 0 0 0 0 0 0 0 0 0 0 0 0 0 0 0 0 0 0 0 0 0 0 0 0 0 0 0 0 0.4 17.6 0 0.2 0 0 0.6000000000000001 0 0 0 0 0 0 0 0 0.4 0 0 0 0 0 0.2 0 0 0 0 0 0 0 0 0 0 0 0 0.4 0 0 0 0 0 0 0 0 0 0 
 35.800000000000004 48.800000000000004 18 32.4 33.6 6.6000000000000005 40.400000000000006 53.2 47 31.400000000000002 71.4 6.4 0 57.6 6.6000000000000005 28.400000000000002 9.600000000000001 45.2 65.4 31.8 0.6000000000000001 0.2 14.4 0 0 0 0.6000000000000001 0.2 0 0 0.6000000000000001 0.6000000000000001 0 0 0 0 0 0.4 0.6000000000000001 0 0 0.6000000000000001 0.4 0.6000000000000001 0 0 2.6 0.4 0.6000000000000001 0 0 0 0 0 0 1 0.4 0 0 0.6000000000000001 3 0 0 0.6000000000000001 0 0 0 0.2 0 0 0 0 0 0 0 0 0.4 0 0 0.4 8.6 1.8 3.4000000000000004 1.8 3.2 0 0 2.8000000000000003 3.8000000000000003 4.800000000000001 0.2 3 14.200000000000001 1.8 11.4 3 3.2 0 1.6 4.4 0 0 0 0 0 0.4 0 0 0 0.4 0 0 0 0 0 0 0 0 0 0 0 0 0 0 0 0 0 0 0 0 0 0 0 0 0 0 0 0 0 0 0 4.4 0 0 0 0 0 0 0 0 0 0 0 0 0 0 0 0 0 0 9.4 3.4000000000000004 4.4 1.6 0 0 4.2 2.6 0 0.2 5.800000000000001 5 0 4.2 0 1.2000000000000002 0 10.200000000000001 3.8000000000000003 4.800000000000001 0 0.4 0 0 0 0 0 0 0 0 0 0 0 0 0 2.2 0 0 0 0.4 2.8000000000000003 0 0 1.8 2.6 0 0.2 0 0 0 0 0 0 0 1.4000000000000001 0 0 0 0 0 0 0 0 0 0 0.2 0 0 0 0 0 0 0 0 0 0 0 0 0 0 0 0 0 0 0 0.6000000000000001 9.200000000000001 0 0.8 0.4 0.4 4.2 0 0 0 0 0 0 0 0 0 0 0 0 0 0 0 0 0 0 0 0 0 0 0 4.2 2.8000000000000003 0 0 0 0 0 0 0 0 0 0 0 0 0 
 38.2 48.400000000000006 45.2 11 17.2 14.4 61.400000000000006 54.400000000000006 38.800000000000004 28 8.200000000000001 53.800000000000004 57.6 0 86 9 24 67.8 58.2 56.400000000000006 0.6000000000000001 0.2 0 0 0 0 0.4 0.4 0 0 0.8 0.6000000000000001 0 12 0.4 0 0 0 0.6000000000000001 0 0 0.6000000000000001 0.4 0.6000000000000001 0 0 1.6 0.4 0.6000000000000001 0 0 0 0 0 0 0 0.4 0 0 0.6000000000000001 0 0 0 0 0 0 0 0.6000000000000001 11.600000000000001 0 0 0 0 0 0 0 0.4 0.4 0 0.4 4.2 8.8 0.4 6.800000000000001 1.6 0 0.4 5.800000000000001 4.2 2.2 10.4 2 3.6 0 3.8000000000000003 0 2 3.8000000000000003 3 3.6 0 0 0 0 0 2.8000000000000003 0 2.8000000000000003 0 0 0 0 0 0 0 0 0 0 2 2.8000000000000003 0 0 0.2 0 0 0 0 0 0 0 0 0 0 0 0 0 0 0 0 0 0 0 0 0 0 0 0 0.6000000000000001 8.4 0 0 0 0 0 0 0 0 0 0 0 6.2 1 4.6000000000000005 0 0 3.4000000000000004 0.2 5.6000000000000005 7.6000000000000005 0 0.2 6 0 6.6000000000000005 0 7.800000000000001 9.200000000000001 4.2 4.6000000000000005 1.8 0 0 0 0 0 0 0 2.2 0 0 0 0 0 0 0 0 0 0 0 3.8000000000000003 1.8 0 0 0 0 0 0 0 0 0 0 0 0 0 0 0 0 0 0 0 0 0 0 0 0 0 0 0 0 0 1.4000000000000001 0 0 0 0 0 0 0 0 0 0 0 0 0 0 0.6000000000000001 0.8 0.4 9.600000000000001 0.4 0.4 0.4 0 0 0 0 0 0 0 0 0 0 0 0 0 0 0 0 0 0 0 0 0 0 0 0.2 2 0 0 0 0 0 0 0 0 0 0 0 0 0 
 21 140.20000000000002 26.200000000000003 16 34.800000000000004 8.8 46.2 88.4 14.8 18.400000000000002 77.4 8.6 6.6000000000000005 86 0 20 64 25.400000000000002 80.80000000000001 40.6 4.6000000000000005 0.4 0.6000000000000001 0.6000000000000001 0 0 0.4 0.4 0 0 0.6000000000000001 0.6000000000000001 0.4 0 0 0.4 0 0.2 15 0 0 0.6000000000000001 0.4 0.6000000000000001 0 0.4 1.6 0.4 0.6000000000000001 0 0 0 0 0 0 0 0.4 0 0 0.6000000000000001 0 0 0 0 0 0 0.6000000000000001 2 0.2 0 0 0 0 0 0 0.2 0.4 0 0 0.4 3.6 4.800000000000001 2 0.6000000000000001 1.2000000000000002 0 1.8 8.200000000000001 4 2.2 6.4 2.6 4.4 0 3.4000000000000004 13.4 2.4000000000000004 1.2000000000000002 0 5 0 0 0 0 0 0 0 0 0 0 0 0 0 0 0 0 0 0 5.2 0 4.4 0 0 0 0 0 0 0 0 0 0 0 0 0 0 0 0 0 0 0 1 0 0 0 0 0 0 0 0 1.4000000000000001 0 0 0 0 0 0 0 0.2 0 0 3.2 0 2 0 0 3.8000000000000003 4.4 1.8 3.6 0 0 1.8 0 1.2000000000000002 2 1.4000000000000001 2.2 1.4000000000000001 0 3 0 0 0 0 0 0 3.8000000000000003 0 0 0 2.4000000000000004 0 0 0 0 0 0 0 4.2 0 1.8 0 0 0 0 3.8000000000000003 0 0 0 0 0 0 0 0 0 0 0 0 0 0 0 0 0 0 0 0 0 0 0 0 0 0 0 0 0 0 0 0 0 0 0 0 0 0 0 0 3.4000000000000004 0.4 0.6000000000000001 0.2 0 0.4 0 0 0 0 0 0 0 0 0 0 0 0 0 0 0 0 0 0 0 0 0 0 0 0 4.2 0 0 0 0 0 0 2.6 0 0 0 0 0 0 
 26.200000000000003 25.400000000000002 16.8 27.8 36 11 29 47.6 75.2 21.200000000000003 23.8 38 28.400000000000002 9 20 0 46 24.6 16.8 55.800000000000004 1 0.6000000000000001 0 0 0.6000000000000001 0 1 0.4 0.6000000000000001 0 1 16.2 0 0.4 0 0 0 0 0.8 0 0.6000000000000001 1 0.4 0.6000000000000001 0 0 1.2000000000000002 0.4 0.6000000000000001 0 0.6000000000000001 0.6000000000000001 0 0 0.2 0 0.4 0 0.2 0.6000000000000001 0 0.6000000000000001 0 0.4 0.4 0 0 6.2 6.2 0 0 0.6000000000000001 0 0 0 0 0.4 0 0 0.4 3 7.4 5.2 4.6000000000000005 4.4 0 3 3.4000000000000004 10.4 1 0 0.2 0 3.2 3 0 0.2 3.6 0 2 0 0 0 0 0 2.8000000000000003 0 0 0 0 0 0 0 0 0 0 0 0 0 1.8 0 0 0 0 0 0 0 0 0 0 0 0 0 0 0 0 0 0 0 0 0 0 0.2 0 0 0 0 0 0 0 0 0 0 0 0 0 0 0 0 0 5.800000000000001 4.2 1 0 0 3 3.6 4.2 2 5 11 0.2 0 4 2.6 2.2 0 0.4 4.4 3.8000000000000003 0.2 0 0 0 0 0 0.2 0 0 0 0 0 0 0 0 0 0 0 0 0.6000000000000001 0 6.4 0 0 0 0 0 0 0 0 0 0 0 0 0 0.2 0 0 0 0 4.2 0 0 0.4 0 0 0 0 0 0 0 0 0 0 0 0.2 0 0 0 0 0 2 0 0 0 0.6000000000000001 17.2 0 0 0.4 0.4 2.2 0 0.2 0.2 0 0 0 0 0 0 0 0 0 0 0 0 0 0 0 0 0 0 0 0 5.6000000000000005 3.2 0 0 0 0 0 0 0 0 0.2 0 0 0 0 
 56.2 8.4 38.800000000000004 86.2 32.6 11 40.400000000000006 23.6 69.60000000000001 19.400000000000002 40.2 15.200000000000001 9.600000000000001 24 64 46 0 49.6 8.200000000000001 27.200000000000003 0.6000000000000001 0.6000000000000001 0 0 0 0 15.8 0.4 0.4 1.2000000000000002 0.6000000000000001 1 14.4 0.2 0 0 0 0 0.6000000000000001 0 0 0.6000000000000001 0.4 0.6000000000000001 0 0 1 0.4 0.6000000000000001 0 0.8 0 0.6000000000000001 0 0 0 0.6000000000000001 0 2 0.6000000000000001 0 0 0 0 0 0 0 0.4 0 0 0 0 0 0 0 0 0.4 0 0 0.4 0 2.8000000000000003 2 2 3.8000000000000003 2.8000000000000003 4.6000000000000005 3.2 3 5 3.6 0 0 0 0 0 2 7.2 0 0 0 0 0 0 0 0 0 0 0 0 0 0 1.8 0 0 0 0 0 2 11.200000000000001 0 0 0 0 0 0 0 0 0 0 0 0 0 0 0 0 0 0 0 0 0 5.2 0 0 0 0 0 0 0 0 0 0.2 0 0 0 0 0 0 0 0 0 12 0 0.2 2.2 1.8 0.4 3.2 3.8000000000000003 6.2 7 6.2 0.2 2.8000000000000003 7.2 7.2 0.2 0 0 0 0 0 0 0 0 0 0.2 0 0 0 0 0 0 0 0 0 0 0 0 0.2 0 0 0 0 0 0 0 0 0 0 0 0 0 0 0 0 0 0 0 0 0 0 0 0 0 0 0 0 0 0 0 0 0 0 0 0 0 0.2 0 0 0 1.8 0 0 0 0.4 0.4 0.4 0.2 2 0 3.4000000000000004 0 0.4 2.2 0 0 0 0 0 0 0 0 0 0 0 0 0 0 0 0 0 0 0 0 3.8000000000000003 2 0 0 0 0 0 0 0 0 0 0 0 0 0 
 28.8 11 9.4 63 48.400000000000006 8 28.400000000000002 51.400000000000006 26.200000000000003 30.200000000000003 27.200000000000003 14.600000000000001 45.2 67.8 25.400000000000002 24.6 49.6 0 16.400000000000002 7 0.6000000000000001 0.2 0 0 0 0 28.200000000000003 0.2 0 0 1.2000000000000002 0.6000000000000001 19.400000000000002 3.4000000000000004 0 0.2 0 0 20.8 0 0 0.6000000000000001 0.4 0.6000000000000001 0 0 1.2000000000000002 0.4 0.6000000000000001 0 0 0 0 0 0.2 0 0.4 0 0 0.6000000000000001 0 0 0 0 0 0 0 0.2 0 0 0 0 0 0 0 0 0.4 0 0.2 0.4 0.4 3 3.6 4.6000000000000005 2.6 5.6000000000000005 0 0.2 2 2.4000000000000004 0.2 4.2 1.4000000000000001 0 2.6 0 0 6.800000000000001 0 0 3 3.8000000000000003 0.2 0 0 0 0 0 0 0 0 0 10.8 2.6 0 0.2 0 0.2 0.2 0 0 0 0 0 0 0 0 0 0 0 0 0 0 0 0 0 0 0 0 0 0 0 0 0 0 0 0.4 0 0 0 0 0 0 0 0 0 0 0.4 0 0 2.2 1.4000000000000001 2 4 0.2 1 2.6 3.4000000000000004 5 0 6.4 7 0.2 2.8000000000000003 0 2 4 4.6000000000000005 2.8000000000000003 0 0.8 0 0 0 0 0 0 1 0 0 0 0 3.4000000000000004 0 3.8000000000000003 0 0 3.8000000000000003 0 0 4.6000000000000005 0 0 0 0 0 0 0 0 0 0 0 0 0 0 0 0 0 0 0 0 0 0 0 0 0 0 0 0.4 0 0 0.4 0 0 0 0 0 0 0 0 0 0 0 0 0 0 18.8 0 1 17.8 0 2.2 0.4 0 0 0 0 0 0 0 0 0 0 0 0 0 0 0 0 2.4000000000000004 0 0 0 0 0 0.2 2.8000000000000003 0 0 0 0 0 0 0 0 0 0 0 0 0 
 127.4 54.400000000000006 57.800000000000004 16.6 17.2 13 27 69 22.200000000000003 88.4 11 12 65.4 58.2 80.80000000000001 16.8 8.200000000000001 16.400000000000002 0 39.800000000000004 0.6000000000000001 0.4 0.2 0.8 0 0 1 1.4000000000000001 0 0 0.6000000000000001 0.6000000000000001 0 0.6000000000000001 0 0 0.6000000000000001 1.8 0.6000000000000001 0 0 1.6 0.4 0.6000000000000001 0 0 1.8 0.4 0.6000000000000001 0 0 0 0 0 0 0 0.4 0 0 0.6000000000000001 0 0 0.2 0 0 0 0 0.2 0 0 6.4 0 0 0 0 0 0.4 0 0 0.4 1.8 7.4 2.2 3.6 2 0.2 0.8 3.8000000000000003 8.8 0.4 3 3.8000000000000003 3.8000000000000003 2.4000000000000004 9.4 0.2 2 2 4.800000000000001 5.2 0 0 0 0 0 0 0.4 0 0 1.4000000000000001 0 0 0 0.4 0 0 0.4 0 0 0 0 0 0 0 0 0 0 0 0.4 0 0 3.6 0 0 0 0 0 0 0 0 0 0 0 0 0 0 0 0 0 0 0 0 0 0 0 0 0 0 0.2 0 8.6 1.8 3.2 0 7.800000000000001 0 3.8000000000000003 0.6000000000000001 0 0 4.4 1.6 0 13 2.8000000000000003 1.8 0 6.2 4.2 6.2 0 0 0.2 0 0 2.4000000000000004 0 0 0 0 0 0 0 0 0 0 0 0 0 0 0.4 0 0 0 0 0 0 0 0 0 0.2 0 0 0 0 0 0 0 0 0 0 0.4 0 0 0 0.2 0 0 0 0 0 0 0 0.2 0 0 0 0 0 0 0 0.2 0 0 2.4000000000000004 0 18.400000000000002 0.2 0 0.2 0 2.6 0.4 0 0 0 0 0 0 0 0 0 0 0 0 0 0.4 0 0 0 0 0 0 0 0 2.6 4 0 0 0 0 0 0 0 0 0 0 0 0 0 
 33.2 19.400000000000002 5.800000000000001 11.4 24.6 7.4 47.2 31 103.60000000000001 53.800000000000004 10 9.600000000000001 31.8 56.400000000000006 40.6 55.800000000000004 27.200000000000003 7 39.800000000000004 0 0.6000000000000001 0.2 0 0 1.2000000000000002 0 0.6000000000000001 0.2 0 0 0.6000000000000001 0.8 0 0.2 0 14.600000000000001 0 0.4 0.6000000000000001 0 0 0.6000000000000001 0.4 0.6000000000000001 14 0.4 0.6000000000000001 0.4 0.6000000000000001 0 0 0 0 0 0 0 0.4 0 0 0.6000000000000001 0 0 0 0 0 0 0 0 10.200000000000001 0 0 0 0 0 10 0 0.4 0 0 0.4 4 5.4 2.2 2 10.200000000000001 0 0 5.2 5.2 0 1 0 2.8000000000000003 5.6000000000000005 3.6 3.4000000000000004 2.6 2.6 0 6 0 0 0.2 0 0 0 0 0.4 0 0 0 0 0 0 0 0 0 0 0.2 0 0 5 0 0 0 0 0 0 0 0 0 0 0 0 0.2 0 0 0 0 0 0 0 0 0 0 0 0 0 0 0 0 0 0 0 0 0 0 0 0 0 2.8000000000000003 0 0 2.2 0 0 3.8000000000000003 3.6 12 0 3 2 0 0 2 0 1 7 1.8 0 0 0 0 0 0 0 0 0 0.4 0 0 0 0 0 0 0 1.8 0.4 0 0 0.4 0 0 0 0 0 0 0 0 0 0 0 0 0 0 0 0 0 0 0 0 0 0 0 1.4000000000000001 0 0.2 0 0 0 0.2 0 0.2 3.2 0 0 0 0 0 0.2 0 0 0 0 0 0 0.4 0 0.4 0.2 0 0.6000000000000001 0 0 0 0 0 0 0 0 0 0 0 0 0 0 0 0 0 0 0 0 0 0 0 0 0 0 0 0 0 0 0 0 0 0 0 0 0 0 
 0.6000000000000001 0.6000000000000001 0.6000000000000001 0.6000000000000001 5.2 13.600000000000001 1.6 0.6000000000000001 0.6000000000000001 0.6000000000000001 1 16.6 0.6000000000000001 0.6000000000000001 4.6000000000000005 1 0.6000000000000001 0.6000000000000001 0.6000000000000001 0.6000000000000001 0 49.400000000000006 16.2 36.2 7.6000000000000005 11.600000000000001 21 30 60.2 24.8 12 24 27.6 27.200000000000003 78.60000000000001 22.6 37 49.400000000000006 37.4 70 0 0 0 0 0 0 0 0.6000000000000001 0 0 0 0.6000000000000001 0 0 0.4 0.4 0 0 0.4 0 0 0.6000000000000001 0 0.2 0 0 0 0.6000000000000001 0 1.6 0 0 0 0 0 0.6000000000000001 0 0 0 0 0 0 0 0 0 0 0 0 0.4 0 0 0 0 0 0 0 2.4000000000000004 0 0 0 0 4.4 9.600000000000001 0 0 5.6000000000000005 4.6000000000000005 1.8 3.6 0 4 0.6000000000000001 0 3.4000000000000004 2.4000000000000004 2.2 5.6000000000000005 0 0 0 0 0.2 0 0 0 0 0 0 0 0 0.4 0 0 0 0 0 0 0 0.2 0 0 0 0 0 0 2.2 0 0 0 3.2 0 0.2 0 2.2 0 0 0 0 0 0 0 1.6 0 0 0.2 0 0 0 0 0 0 0 0 0 0 0 0 0 0 0 3 2.4000000000000004 3 2.2 3 0 3.6 9.4 2.4000000000000004 1.4000000000000001 7 0 3.8000000000000003 3.4000000000000004 0 4.2 0 2.4000000000000004 0.2 3.6 0 0 0 1.6 0 0 0 0 0 0 0 0 2 0 0 0 0 0 3 0 0 0 0 0 0.4 0 0 0 0 0 0 0 0 0 0 0 0 0 4.6000000000000005 0 0 0 0 0 0 0 0 0 0 0 0 0 0 0 1.6 0.2 0 15.8 0 0 3.8000000000000003 0 0 0 0 0 2.2 0 0 0 0 1.6 0 0 0 0 0 0 0 0 0 0 0 2.6 0 0 0 0 0 0 
 0.2 0.4 0 0.4 15.200000000000001 15 0.6000000000000001 0.4 1.6 0.4 0.2 1.2000000000000002 0.2 0.2 0.4 0.6000000000000001 0.6000000000000001 0.2 0.4 0.2 49.400000000000006 0 14.4 10.4 9.200000000000001 12.200000000000001 31.6 36.2 31 20.8 7.4 9.200000000000001 12.8 6.800000000000001 30.8 40.400000000000006 95 17.6 8.6 10.4 0.2 0 0 0 0 0 0 0.6000000000000001 1.2000000000000002 0 0 0.6000000000000001 0 0 0.2 0.4 0 0 0 0 0 0.6000000000000001 0 0 0 0 0 0.8 0 0.6000000000000001 0 0 0 0 0 0.6000000000000001 0 0 0.4 0 0 0 0 0 0 0 0 0 0 0 0 0 0 0 0 0 0 0 0 0.4 0.4 0 3.6 2 0 3.8000000000000003 6.4 0 3.8000000000000003 1.4000000000000001 4.4 0.2 3.4000000000000004 0 6.2 9.4 0.2 11 0.2 0 0 0 0 0 0 0 0.2 0 0 0.4 0 0 0 0 0 0 0 0 1.4000000000000001 4 0 0 0 0 0 0.6000000000000001 0 0 0 0 0 0.4 0 0 0 0 0 0 0 0 0 0 0 0 0 0 0 0 0 0 0 0.2 0 0 0 0 0.2 0 0 0 3.6 2.4000000000000004 6.2 3.4000000000000004 3.6 2.8000000000000003 1.4000000000000001 1.6 0 6.2 1.6 4.4 0.8 5.800000000000001 2.6 0 2.6 0 0 0 0 0 0 0 0 0 0.2 0 0 0 0 0 0 0 0 0 0 0 0.2 0 0 0.4 0 0 0 0 0 0 0 0 0 0 0 0 0 0 0 0 0.2 0 0 0 3.6 0 0 0 0 0 0 0.4 0 0 0 0 1 0 0.4 0 15.8 0 0.4 0 0 0 0 0 0 0 0 0 0 0 0 0 0 0 0 0 0 1.8 0 3 0 0 0 0.8 0 0 0 0.4 
 0 0.4 0.4 0.4 0 4 0 0.4 0.2 0 0 0 14.4 0 0.6000000000000001 0 0 0 0.2 0 16.2 14.4 0 19.200000000000003 26.200000000000003 21.400000000000002 15 17.400000000000002 36.4 44 22.8 11.4 29.8 25.6 25.200000000000003 69.2 19.8 22.6 21.6 22 0 12.600000000000001 0 0 0 0 0 0.6000000000000001 1.2000000000000002 0 0 0.6000000000000001 7.800000000000001 0 0.4 0.6000000000000001 0 0 0 0 0 1.2000000000000002 0 0 0 0 0 0.6000000000000001 0 0.6000000000000001 0 0 0.8 0 0 0.4 0 0 0 0 0 0 0 0 0 0 0 0 0 0 0 0 0 0 0 0 0 0 0 0 1.4000000000000001 1 3.4000000000000004 0 6 0 1.8 0 0 0.2 2.6 2 2.4000000000000004 0 4.6000000000000005 5 0 0.4 0 0 0 2.4000000000000004 0 0 0 0 2.2 0 0.6000000000000001 0 0 0 3.8000000000000003 0.4 2.8000000000000003 4 1.8 0 2.6 7 0 0 0 0 0 0 0 0 0 0 0 0 0 0 0 0 0 0 2 0 0 0 0 0 0.4 0 0 0 0 0 0 0 0 0 0 0 0 0 2 0 0 5.2 0.4 4 4.4 7.800000000000001 0 1.2000000000000002 4 8.200000000000001 7.800000000000001 5.2 0 0 1.2000000000000002 5.6000000000000005 2.2 7.800000000000001 0 2.6 0 0 0.2 0 0 0 0 0 0 0 0 0 0.2 0 3.6 4.4 0 0 4 0 0 3.6 0 0 0 0 0 0 1.4000000000000001 0 0 0 0 0 0 0 0 0 0 0 0 0 0 0 0 0 0 0 0 0 0 0 0 0 4 0.4 0 15.200000000000001 15.600000000000001 0.2 2.4000000000000004 2.6 0 0 0 0 0.2 0 0 0 0 0 0 0 0 0 0 0 0 0 0 3.4000000000000004 0 0 0 0 5 0 0 0 
 0 0.6000000000000001 0 0.8 1.2000000000000002 0.2 0 0 0 0 0 0 0 0 0.6000000000000001 0 0 0 0.8 0 36.2 10.4 19.200000000000003 0 32 24.6 33.2 19.400000000000002 62 33.4 23.200000000000003 14.4 13 22.200000000000003 32.6 75.8 23.200000000000003 29.200000000000003 22 55.2 0 0 0 0 0 2.2 15.200000000000001 14.4 0 0 0 1.8 0.6000000000000001 0 0.4 0.4 0 0.8 0 6.2 9.4 0.8 0 0 0 0 0 0.6000000000000001 0.4 0.4 0 0.4 0 0 0 0.4 0 0 0 0.6000000000000001 0 0 0 0 0 0 0 0 0 0 0 0 0 0 0 0 0 0 0 0 0 2.8000000000000003 4.800000000000001 0 0 5.2 5 0 5.6000000000000005 0.2 0 6.800000000000001 0 0 5.4 2.8000000000000003 6.2 2 0 0 3.2 0 0 2.6 0 0 3.6 0 0 0 0 0 1.8 0 0 0 2.2 0 3 3.2 0 0 0 0 0 0 0 0 0 0 0 0.2 0 0 0 0 0 0 0 0 0 0 0 0 0 0 0 0 1.2000000000000002 0 0 0 0 0 1.2000000000000002 7.800000000000001 0 0 0 0 0 5.2 0 0 5.6000000000000005 0.2 3.6 0.6000000000000001 2.4000000000000004 1.8 4.6000000000000005 3.8000000000000003 0 3.8000000000000003 2 5.6000000000000005 6.6000000000000005 0 1 1.2000000000000002 0 0 0 0 0 0 0 0 0 0 0 0 6.4 0 0.2 3.4000000000000004 0 0 4.800000000000001 2 0 0 0 0 0 0 0 0 0 0 0 0 0 0 0 0 0 0 0 0 0 0 0 0 0 0 0 0 0 0 0 0 0 0 1.6 0 0.4 16.6 0 0.2 0.8 0 0 0 0 0 3.6 0 0 0 0 0 0 0 0 0 0 0 0 0 0 0 0 0 0 0 0 0 0 0 
 0 0 0 0.6000000000000001 0 0 0 0 0 0 0 0 0 0 0 0.6000000000000001 0 0 0 1.2000000000000002 7.6000000000000005 9.200000000000001 26.200000000000003 32 0 32.2 10.8 17 19.6 35.6 52.400000000000006 23 51.800000000000004 13.600000000000001 29.6 75.8 41.400000000000006 25.400000000000002 10.200000000000001 15.600000000000001 13.200000000000001 0 0 0 0 0 12.4 0.6000000000000001 14 0.2 0 2.2 0.2 12.200000000000001 0.2 0.4 0.2 0.2 12.4 12.4 0 0.4 0 0 0 0 0 0.6000000000000001 0 1 0 0.2 0 0 0 0.6000000000000001 0.2 0 0 0 0 0 0 0 0 0 0 0 0 0 0.2 0 0 0 0 2.8000000000000003 0 0 0 0 0 0.4 0.4 2.2 2.4000000000000004 4.6000000000000005 0 0 0 0 0 3 0 0.4 0 2 13.200000000000001 3.4000000000000004 0 0.2 5 2.2 1.6 0 0 0 5.800000000000001 2 3 5.800000000000001 3.2 0 0 5.4 4.2 0.2 1.8 4.4 6.6000000000000005 1.6 0 0 0 0 0 0 7 0 0 0 0 0.2 0 0 0 0 0 0 0 1.6 0 0 0 0 0.2 0 0.2 0 0.2 3.8000000000000003 0 0 0 0.4 0 0 0 0 0.2 0 1.8 0 3.8000000000000003 0 6.6000000000000005 2.6 0 0 0 2.8000000000000003 5 4.2 0 0.2 0 0.2 0 0 0 0 4.6000000000000005 0 0 0 0 0 6.4 4.800000000000001 0 2.6 0 3.2 22.200000000000003 2.6 0 2.4000000000000004 4.4 0.2 2.8000000000000003 2 0 0 0 0 0 0 0 0 0 0 0 0 0 0 0 0 0 0 0 0 0 0 0 0 0 0 0 0 0 0 0 0 0 0 2.4000000000000004 0.2 0.6000000000000001 0.6000000000000001 0.6000000000000001 0 2.8000000000000003 0 0 0 0 0 0 0 0 0 0 0 0 0 0 0 0 0 0 0 0 0 0 0 0 0 0 0 0 0 
 0 0 0 0.6000000000000001 0 0 0 0 0.2 0 0 0 0 0 0 0 0 0 0 0 11.600000000000001 12.200000000000001 21.400000000000002 24.6 32.2 0 3.4000000000000004 5.6000000000000005 7.4 11.600000000000001 18 96.2 7 11 12.600000000000001 11 46.800000000000004 55.400000000000006 49.400000000000006 8.200000000000001 12.600000000000001 0 0 0 0 0.4 0 0.6000000000000001 0 0 0 1.6 0 18.8 12.8 0.8 0 2.4000000000000004 17.6 11.4 1.2000000000000002 1.8 0 0 0 0.4 0 0.6000000000000001 0.4 0.4 0 0 0 0 0 0.4 0 0 0 0 0 0 0 0 0 0 0 0 0 0 0 0 0 0 0 0 0 0 0 0 0 0 9 0 7.2 4 0 0 3 0 0 8.4 0 0 0 0.2 2.8000000000000003 0.6000000000000001 0 0 7.2 6.4 3.4000000000000004 0 0 0.6000000000000001 1.8 4.2 1.4000000000000001 1.4000000000000001 0 0 0.8 8.4 6.2 6.2 1.8 2.2 0 4.4 0 0 0 0 0 0 0 0 0.2 0 0 0 0 1.8 0 0 0 0 6 0.4 0.2 0 0.2 0 0 0 0 0 0.4 0 0 2.2 0 0 0 0 0 0.2 0 0 0 0 0 0 6.6000000000000005 3.6 0 0 0 0 2.8000000000000003 10.4 0 0 0 0 0 2.4000000000000004 0 0 0 0.2 0 0 4 0.4 2.2 5.4 3.8000000000000003 2.4000000000000004 0 0 7.800000000000001 0 1.8 2 2.2 0 4.2 0 0 0 0 0 0 0 0 0 0 0 0 0 0 0 0 0 0 0 0 0 0 0 0 0 0 0 0 0 0 0 0.4 0 0 0 2.2 0.4 0.2 15.8 0 0 0 0 0 0 0 0 2.2 0 0 0 0 0 0 0 0 0 0 0 0 0 0 0 0 0 0.2 0 0.2 0 0 0 
 0.4 0.6000000000000001 3.6 42.2 19.200000000000003 29.400000000000002 0.6000000000000001 0.6000000000000001 16 12 1.2000000000000002 30.400000000000002 0.6000000000000001 0.4 0.4 1 15.8 28.200000000000003 1 0.6000000000000001 21 31.6 15 33.2 10.8 3.4000000000000004 0 62.400000000000006 6.2 50 7.800000000000001 5.4 63.800000000000004 22.6 13.8 7.4 11.4 22.6 10.4 40.800000000000004 0.6000000000000001 0 0 0 0 1.2000000000000002 0 0.6000000000000001 0 0 0.6000000000000001 0.6000000000000001 1.4000000000000001 0 0.2 0.4 12.4 0 1.2000000000000002 0 0 1.8 0 1 0 0 0 0.6000000000000001 0 1.2000000000000002 0 1 0 0 0 0.6000000000000001 0 0 0 1.2000000000000002 0 0 0.4 0 0 2.4000000000000004 0 0 0 0 0 2 0 0 0 0 2.8000000000000003 2.8000000000000003 0 0 2.2 7 0 0.2 0 0 0 2 0 0 0 0 3.6 4.2 0.6000000000000001 2.2 0.4 2.2 4.800000000000001 2.2 0 0 0 0.4 0 0 0 0 0 0 0.2 0 0 0 0 0 0 0 0 0 0 0 0 0.4 0 1 0 0 0 0 0 0.2 0 0 0 0 0 0 0 0 0 1.2000000000000002 0 9.200000000000001 0 3 0 0 0 0 4.6000000000000005 4 0 0 3.2 0 4.6000000000000005 0 0 0 4.6000000000000005 0 2.6 0 0 0 2.6 6.800000000000001 0 0 0 0.4 6.800000000000001 0 2.4000000000000004 2.2 0 5.2 0.2 2.8000000000000003 0 0 0 4.2 0 0 0 0 0 0 0 0 0 0 0 0 0 0 0 0 0 2.6 0 4 0 0 0 0 0 0 0 0 0 0 0 0 0 0 0 0 0 3 0 0 0 0.2 0 0 0 0 0.2 0 3.4000000000000004 0.4 4 0.4 0.4 0 0 0 3.2 0 3 0 0 0 0 0 0 0 0 0 0 0 0 0 0 0.2 0 0 0 0 0 0 0 0 0 2.6 0 0 
 0.4 0.4 0.2 0.4 4.800000000000001 13.8 0.2 0.6000000000000001 0.4 0.4 0.6000000000000001 0.4 0.2 0.4 0.4 0.4 0.4 0.2 1.4000000000000001 0.2 30 36.2 17.400000000000002 19.400000000000002 17 5.6000000000000005 62.400000000000006 0 16.2 53 19.400000000000002 46.6 13.4 16.6 70.60000000000001 52 57.2 36.800000000000004 28.6 14 0 0 0 0 0 0 0 0.6000000000000001 0 0 0 41.400000000000006 0 0.4 0.2 0.4 0 0 0.6000000000000001 0 0 0.6000000000000001 0 0 0 0 0 0.6000000000000001 0 5.4 0 0 0 0 0 0.4 0 0 0.6000000000000001 0 0 0 4.2 0 0 0 0 0 0 0 0 0 0 0 0 0.4 0 0 0 0 1.4000000000000001 0 0 1.8 0 2.6 5.4 0 6 0 4 3.2 3.4000000000000004 6.800000000000001 3 2.2 4.6000000000000005 2.6 0.2 0 0 0 0 0 0 0 0 0 0 0 0 0 0 0.4 0 0 0 0 3 0 0 0 0 0 0 1 0 0 0 0 0 0.2 0 0 0 0 0 0 0 0 0 0 0 0.4 0 6.2 0 0 0 0.8 0 0.4 0 0 0 0 0 0 0 0 6.4 0 4 0 0 7.6000000000000005 2.4000000000000004 2.4000000000000004 0 0.8 4.4 0.2 3.8000000000000003 2.2 5 0 4.6000000000000005 2.2 0 1.6 0 2.2 0 0 0 0 0 0 0 0 0 0 0 2.4000000000000004 0.4 0 0 0 0 4 0 0 0 0.4 0 0 0 0 0 0 0 0 0 0 0 0.2 0 0 0 0 0 0 0 0 0 0 0 0 0 0 0 0 0 0 2.2 0 0 0 0.2 0.4 0.4 0 0 0 0 0 0 0 0 0 0 0 0 0 0 0 0 0 0 2 0 0 0 0 0 0.6000000000000001 0 0 0 0 
 0 0 0.2 0 0 5.4 0 0 0 0 0 0 0 0 0 0.6000000000000001 0.4 0 0 0 60.2 31 36.4 62 19.6 7.4 6.2 16.2 0 40.6 35 5.800000000000001 57.800000000000004 48.800000000000004 38 27.8 22.8 91.4 38.400000000000006 67 0 0 0 0 0 0.6000000000000001 0.6000000000000001 9 1.2000000000000002 0 0 0.8 0 0 0.4 0.4 0 0.8 0.6000000000000001 0 0 0.6000000000000001 0 0.2 0 0 0.4 0.6000000000000001 0 0.2 0 0 0.4 0 0.4 0.4 0 0 4.800000000000001 0 0 0 0 0 0 0 0 0 0 0 0 0.4 0 0 0 0 0 0 0 0 4.2 2.8000000000000003 2 8 0 2.2 2.4000000000000004 1.8 0 3 8.200000000000001 2 2.8000000000000003 2 1.2000000000000002 4 6.6000000000000005 6.6000000000000005 2.6 4.2 0 0 0 0 0 3.6 3.8000000000000003 0 0 0 0 0 0.2 0 0 0 0 0 3.8000000000000003 0 0 0 0 0 0 0 0 0 0 0 0 0.2 0 0.8 0 0 0 0 0 0 0 0 0 0 1.2000000000000002 0 0 0 0 0 0 0 0 0 0 0 0 0 1.6 0.2 1.8 14 6.4 2.4000000000000004 2.4000000000000004 3.4000000000000004 0 0.6000000000000001 1.8 9.200000000000001 0 0 1.8 0.6000000000000001 0 8.4 2 2 2.4000000000000004 2.6 0 0 0 0 0 0 0 0 0.2 0 0 0 0 0 0 0 0 0 1.8 1.6 0 0 0 0 0 0 0 0 0 0 0 0 0 0 0 0 0 0 0 0 0 0 2 0 0 0 0 0 0 0 0 0 0 0 3.6 0.2 0 30.400000000000002 13.600000000000001 0.4 0.8 2.6 0 0 0 0 0.4 0 0 0 0 0 0 0 0 0 0 0 0 0 0 6.800000000000001 0 0 0 0.2 0 0 0 0 
 0 0 0 0.4 0 0 0 0.4 0 0 0 0 0 0 0 0 1.2000000000000002 0 0 0 24.8 20.8 44 33.4 35.6 11.600000000000001 50 53 40.6 0 29.6 38.2 11.600000000000001 52.400000000000006 35.4 55.6 41.6 14 13.8 16.8 0 0 0 0 0 0 13 0.6000000000000001 0.2 0 0 0.6000000000000001 0.4 0 0.2 0.4 0 0 0 0 0 0.6000000000000001 0 0 0 0 0 1.8 0 0.6000000000000001 0 0.4 1.4000000000000001 0 0.6000000000000001 0.4 0 0 0 0 0 0 0 0 0 2.8000000000000003 0 0 0 0 0.2 0 0 0 0 0 0 0 0 0 0 4 0 5.6000000000000005 0 3 0.4 3.8000000000000003 3.6 6.6000000000000005 0 5.6000000000000005 5 0 4.2 5.800000000000001 4.2 3.4000000000000004 0 5.2 0 3 0 0 0 0 6.6000000000000005 0 0 0.4 0 0 2.4000000000000004 0 0.2 1.4000000000000001 2 0 3.2 0.2 0 1.8 0 0 0 0 0 0 0 0 0 0 0 4.6000000000000005 0 0 0 0 0 0 0 0 0 0 1.8 0 0 0 0 0.6000000000000001 0 0 0 0 0 0 0 0 0.4 0 2.4000000000000004 2.8000000000000003 10.200000000000001 1.4000000000000001 0 3.8000000000000003 0 0 5.4 4.2 6.4 0 0 0 3.8000000000000003 6.2 2.2 3.6 0 0 6.4 0 3.2 0 0 0 0 7.4 0 0 0 0 0 0.2 0 2.6 0 0 0.2 5 0 0.4 0 0 0 0 0 0 0 0 0 1.8 0 0 0 0 4 0 0.2 0 0 0 0 0 0 0.2 0.2 0 0 0 0 0 0 3.2 1.8 0 0 16 17.400000000000002 0 0.4 4.800000000000001 0 0 0 0 0 0 0 0 0 0 0 0 0 0 0 0 0 0.8 0 0 0 0 0 2 2.4000000000000004 0 0 0 
 2 0.6000000000000001 0.6000000000000001 1.2000000000000002 1 1 0.6000000000000001 2 1 0.6000000000000001 0.6000000000000001 2 0.6000000000000001 0.8 0.6000000000000001 1 0.6000000000000001 1.2000000000000002 0.6000000000000001 0.6000000000000001 12 7.4 22.8 23.200000000000003 52.400000000000006 18 7.800000000000001 19.400000000000002 35 29.6 0 34 12.4 11 21 15.8 47.6 19 9.600000000000001 19.200000000000003 1.4000000000000001 1.8 0 0 0.2 0.6000000000000001 17.6 0.6000000000000001 0.6000000000000001 0.6000000000000001 0.8 2 0 0.2 0.2 0.4 0 0.6000000000000001 0.6000000000000001 0 0 1.4000000000000001 0 3 0.8 11 0.6000000000000001 0.6000000000000001 0 0.6000000000000001 0 2.4000000000000004 1.4000000000000001 0 0.8 0.4 0 0 1.4000000000000001 0 0 0 0 0 0 0 0 0 0 0 0 0 0 0 0 0 0.6000000000000001 0 0 0 0 2.6 1.6 2.6 1 7.800000000000001 2.8000000000000003 0 3 2.2 0 5 0 0 2.8000000000000003 6.4 4.800000000000001 3 0 3.6 7.6000000000000005 3 0.2 0 0 0 0 8 1.4000000000000001 0 3.2 0 8.6 1.6 0 3.6 2 0 7 0 2.2 0 0 0 0 0 0 3.4000000000000004 0 0 0 0.4 0 0 0 0 0 0 0 0 0 0 0 0 3.2 0 0 0 0 0.6000000000000001 0 0 0 0 0 0 0 0 0.4 0.2 2.2 4.2 3.4000000000000004 0.2 0 0 1.8 0.2 2.6 1.8 0.2 4.4 0.2 2.6 2 6.800000000000001 3 0.2 0 0 4.4 0 10.200000000000001 0 0 0 0 9.200000000000001 1.6 0 0 0 2.6 0.2 0 4.4 0 0 4.6000000000000005 2.8000000000000003 0 0 0 0 0 0 0 0 0 0 0 0 0 0 0 0 0 0 0 0 0 0 0 0 0 0.4 0 0 0 0 0 0 0 0 3 0.8 0.2 15.600000000000001 16 0 0.8 0.2 0 0 0 16.8 0 0.4 0 0 0.2 0.2 0 0 0 0 0 0 0 0 0 0 0 0 0 0 3.6 0 0 0 
