 0 61.6 42.6 9.8 8.200000000000001 49 29.6 57.800000000000004 26.200000000000003 21 7.6000000000000005 27.400000000000002 51.6 30.6 11.4 24.8 31 27.6 9.4 28.6 0.2 0.6000000000000001 0.2 0 10.600000000000001 0 40.800000000000004 0.6000000000000001 0 0.4 41.400000000000006 0.6000000000000001 40.800000000000004 15 0.2 0 0.8 0 0 0 0 1.2000000000000002 0 0 0.2 0.4 0.4 0 0.4 13 0 0 0 0 0.2 0 0 0.6000000000000001 0.4 0 0 0.6000000000000001 0.4 0 0 0 0 0.6000000000000001 0.4 0.6000000000000001 0 0 0 0 0 0 0 0 0.6000000000000001 0 2.4000000000000004 4.4 0 3.8000000000000003 2.2 0 5 0.2 0 0 0 5.2 2.6 0 2.8000000000000003 6 2 7.2 0 5.4 0 0 0 0 0 0 0 0 0.2 0 0 0 0 0 0 0 0 0 6.2 0 0 0 0.4 4 0.4 0 0 0 0 0.4 1.6 0 0 0.4 0 0 0 4 0 0 0 0 0 0 0 0 0 0 0 0 0 0.6000000000000001 0 0 0 0 0 0 2.6 0 15 6.2 4 0.2 0.4 0 2.6 0 0 0 4.2 5.2 6.800000000000001 6 2.6 0.2 5.2 6.2 0.2 0 3.8000000000000003 0 0 2.6 0 1 0 0 0 0 0 0 0 0 0 0 0 0 4.800000000000001 5.2 0 0 0 0 0 0 2.2 0 0 0.2 0 2.2 0 0 0 0 0 0 0 0 0 0.4 0 0 0 0 0 0 0 0.2 0.4 0 0 0 0 0 0 0 0 0 0 0 0 0 0 0 0 0 0.4 1.8 0 1.6 0 0 0 0 0 0 0 0.4 0 0 0 0 0 0 0 0 0 0 0 0 0 0 0 0 0 0 0 0 0 0 0 0 0 3.8000000000000003 0 0 0 0 
 61.6 0 63.800000000000004 93.60000000000001 6.4 41.6 34.2 82.60000000000001 12.200000000000001 50.800000000000004 21.8 34.6 34.6 27 51.6 29 9.4 55 37.4 27.400000000000002 0 0.6000000000000001 0 0 0 0 14.8 1 0.6000000000000001 0 0.6000000000000001 0.6000000000000001 15.4 0 0 0.4 0 0.2 0 7.6000000000000005 0.4 0 0 0 0 0.4 0.4 0.6000000000000001 0.4 0 0 0 0 0 0 0 0.2 0.6000000000000001 0.4 0 0 0.6000000000000001 0.4 0 0 0 0 0.2 0.6000000000000001 10 0 0.2 0 0 5.800000000000001 0.2 0 0.4 0.6000000000000001 0 1.6 17.8 5 0 0.2 0 5.4 2.2 1 0 4.4 2 0 3.6 0.4 4 7.800000000000001 0 0 2 0 9.200000000000001 0 0 0 0 0 0 0 0 0 0 0 0 3.6 0 0.4 0 3 2.2 0 0 0 0.2 0 0 2.6 0 0 0 0 0 0 0 0 0 0 0 0 0 0 0.4 0 0 0 1.8 0 0 0 0 0 0 0 0 0 0 0 0 0 0 2.2 3.2 7.2 0 0 0 1.4000000000000001 2.6 0.4 2.8000000000000003 2 5.2 0.6000000000000001 2.8000000000000003 2 14.200000000000001 2.2 0 6.2 6 0 0 0 0 2 0 0 0 0 0.4 0 0 0 0 0 0 0 0 0.2 1.8 0 0 0 0 0 0 0 0 0 0 0 0 0 0 0 0 0 0 0 0 0 0 0 0 0 0 0 0 0 0 0 0 0 0 0 0 0 0 0 0 0 0 0 0 0 0.6000000000000001 0 0 0.6000000000000001 0.2 3.2 3.2 0 0 0 0.4 0 0 0 0 0 0 1.4000000000000001 0 0 0 0.2 0 0 0 0 0 0 0 0 2.8000000000000003 0 0 0 0 0 0 0 0 0 0 0 0 0 0 
 42.6 63.800000000000004 0 27.6 45.800000000000004 67 46 96.2 19 29.8 9.8 46.800000000000004 122 34.6 36.800000000000004 80 44.400000000000006 46 10.200000000000001 14 0 1.6 0 0.2 0.6000000000000001 0 0.2 0.6000000000000001 0.8 0 0.8 0.8 13.8 0 0 0 0 0.4 15.200000000000001 0 0.2 0 0 11 1.2000000000000002 1 0.4 0 0.8 0.6000000000000001 0 0 0.6000000000000001 0.4 0 1.4000000000000001 0 0.6000000000000001 0.4 0 0 0.6000000000000001 0.4 1.8 0 0 0.2 0 0.6000000000000001 0.6000000000000001 0.6000000000000001 0.4 0 0 0 0.2 10.600000000000001 0 1.8 0.2 3.2 2 5 2.2 5 4.2 0 0 1.6 4.6000000000000005 4.4 6.6000000000000005 2 0 16.8 11.8 0.4 8.6 0 0 3.4000000000000004 0.8 0 0 0 0 2.4000000000000004 3.4000000000000004 0 0 0 0 4.800000000000001 8.4 0 9 0 0 0 4.800000000000001 0 0 0 4.800000000000001 0 0 0 0 0 0 0 0 0 0 0 0 0 0 0 0 0 0 0 0 0 0 0 0 0 0 0 3.6 0 0 0 0 0 0.4 0 0.4 5.800000000000001 4 0 2.4000000000000004 0 7.800000000000001 2.4000000000000004 3.6 0 7.6000000000000005 2.8000000000000003 7 0 11.600000000000001 2 4.6000000000000005 16.8 10.8 0 0 0 0 0 0 0 0 5.2 0 0 0 0 0 0 0.8 0 0 0 0 3.2 3.8000000000000003 0 0 0 0 0 0 0 0 0 0 0 0 0 0 0 0 0 0 0 0 0 0 0 0 0 0 0 0 0 0 0 0 0 0 0 0 0 0 0 0 0 6.2 0 0 0 0.8 0.4 0 0.8 0 0 0.8 0 0 0 0 0 0 0 0.2 0 0 0 0 0 0 0 0 0 0.4 0 0 0 0 0 0 0 0 0 0 0 0 0 0 0 0 0 0 0 0 
 9.8 93.60000000000001 27.6 0 19.400000000000002 65.4 38.2 44.6 17.8 60.800000000000004 82.2 44.2 45.6 29.6 44.400000000000006 21.8 25.8 43.400000000000006 32.6 8 15.4 0.8 0 0 0 0 29.400000000000002 0.6000000000000001 0 18.6 0.6000000000000001 0.6000000000000001 0 14.8 0 0 1.2000000000000002 0 0 0 0 0 0 0 0.4 0.4 0.4 0 0.4 0 0 0 0 0 0 0 13.200000000000001 0.6000000000000001 0.4 0 0 0.6000000000000001 0.4 0 0 0 0 0.4 0.6000000000000001 0.6000000000000001 0 0 0 0 0 0 0.2 0 1.2000000000000002 0 4.2 2.4000000000000004 4.2 2.4000000000000004 0 2.6 4 2.6 6.4 2 4.800000000000001 7 2 2.8000000000000003 1.8 6.4 0 3.8000000000000003 0 0 0 2.8000000000000003 2.6 0 0 0 0.2 0 1.6 0 0 0 2.8000000000000003 0.2 9.200000000000001 0.4 0 0 4.6000000000000005 2.2 0 0 0 3.8000000000000003 0 0 0 0 0 0 0 0 0 0 0 0 0 0 0 0 0 0 0 0 0 0 0 0 0 0 1 0 0 0 3.6 0 0 0 0 0 4.4 6.4 1 0.2 0.2 0 2.2 0.4 3 3.6 0.2 2.6 1.2000000000000002 0.2 0.2 3 6.2 0 0 0 3.8000000000000003 0 2.4000000000000004 0 0 3.2 0.2 0 0 0 0 0 7 0 2.8000000000000003 0.2 0 0 0.2 6.800000000000001 0 0 0 0 0 0 0 0 0 0 0 0 0 0 0 0 0 0 0 0 0 0 0 0 0 0 0 0 0 0 0 0 0 0 0 0 0 0 0 0 0 0 0 0 0 0.2 0 0 17.6 0.6000000000000001 0 0.4 0 0 0 0 0 0 0 0 0 0 15.200000000000001 7 0 0 0 0 0 0 0 0 0 0 0 3.8000000000000003 4 0 0 0 0 0 0 0 0 0 0 0 0 0 
 8.200000000000001 6.4 45.800000000000004 19.400000000000002 0 63 84.80000000000001 14.600000000000001 60.800000000000004 61.2 30.8 28.200000000000003 47.800000000000004 24.8 11.4 31.200000000000003 70.2 27 28.200000000000003 29.200000000000003 0 15.8 14.8 0 0.4 0 16.6 5.800000000000001 15.4 16.400000000000002 0.6000000000000001 0.6000000000000001 12.4 14.8 0 0 0 0.2 0.6000000000000001 0.2 0.6000000000000001 0 0.8 0 0.4 1 0.4 0 0.4 0 0.4 0.6000000000000001 0 0 0 0 14.4 1 0.6000000000000001 0 0.4 0.6000000000000001 0.4 0.8 0 0 0 1.2000000000000002 0.2 0.6000000000000001 0 0 0.6000000000000001 0 0 0 1.2000000000000002 0 4.2 0 0 0 0.8 0 2.8000000000000003 4 0 0 2.4000000000000004 0 0.4 0 0 0 1.6 2.8000000000000003 0 0 0 0 6.4 9.200000000000001 0 0 0 0 0 0 1.8 2 0 0 2.2 0.6000000000000001 0 3.2 0 0 11.600000000000001 0 0 0 0 1.6 0 0 5.2 0 0 2.6 0 0 0 0 0 0 0 0 0 0 0 0 0 0 0 0.2 0 0 0 0 0 0 0 3.2 0 0 0 1.2000000000000002 0 0 0 0 0 0.4 2 3.8000000000000003 0 0 0 3.6 0 0 0 0 0 1.6 0 0 0 0 4.4 6 3.6 0 0 0 1.6 3.6 0 0 2.2 0 7.2 2 0 0 0 1.8 3 3.4000000000000004 0 0 0 0 0 0 2.6 0 0 0 0 0 0 0 0 0 0 0 0 0 2.2 0 0.2 0 0 0 0 0 0 0 0 0 0 0.4 0 0 0 0 0 0 0 0 0 0 0 0 18.8 0.4 0.6000000000000001 0 0.6000000000000001 1.4000000000000001 0 0 0 0 0 0 0 0 0 0 0 0 0 0 0 0 0 0 0 0 0 0 0 4 7.800000000000001 0 0 0 0 0 0 0 0 0 0 0 0 0.2 
 49 41.6 67 65.4 63 0 4 5.2 65.60000000000001 45.2 25.8 13.600000000000001 8.200000000000001 8.6 10.8 37.2 36.6 11.200000000000001 11.200000000000001 8.6 0 16.400000000000002 15.600000000000001 0 0 0.8 15.600000000000001 16 5 0.2 0.6000000000000001 0.6000000000000001 18 0 0.2 0 13.600000000000001 15.8 0.2 32.2 0 0 0 0 0.8 0.4 1 0 0.8 0 0 0 0 0.6000000000000001 0 0 15 0.6000000000000001 0.4 0 0 0.6000000000000001 0.4 0 0 0 4.2 0.4 0.6000000000000001 0.6000000000000001 0.6000000000000001 0 0 0 0 0 0 8.4 0.8 0 0 2.4000000000000004 0.6000000000000001 0.2 4.800000000000001 3.2 0 0 7 0.2 7.6000000000000005 0 0 0 1.2000000000000002 2.2 0 0 0 0 5.800000000000001 11.600000000000001 0 2.4000000000000004 0 0 2 0 2.2 3.8000000000000003 0 0 2.6 9.8 4 3.4000000000000004 0 2 3.2 3 0 0 0 0 0 0 2.2 0 0 0 0 0 0 0 0 0 0 0 0 0 0 0 0 0 0 0 0 0 0 0.2 0 0 0 0 0 0 0 0.4 0 0 0 0 0 3 6.800000000000001 5.6000000000000005 0 0 0.2 1.8 3.8000000000000003 0 0 0 0 1.6 0 0 0 0 2.8000000000000003 0 4.800000000000001 0 0 0 0 2 1.2000000000000002 0 0 1.8 6.800000000000001 0.2 6.6000000000000005 4.4 0 0 2 11.600000000000001 0 0 0 0 0 0 0 0 0 0 0 0 0 0 0 0 0 0 0 0 0 0 0 0 0 0 0 0 0 0 0 0 0 0 0 0 0 0 0 0 0 0 0 0 0 0.4 9.8 0 0.4 1 4.800000000000001 0.6000000000000001 0 0 0 0 0 0 0 0 0 0 0 0 0 0 0 0 0 0 0 0 0 0 0 0 0 0 0 0 0 0 0 0 0 0 2.4000000000000004 0 0 0 
 29.6 34.2 46 38.2 84.80000000000001 4 0 40 29.6 91 15.8 10.4 97.2 16.6 30.400000000000002 11.200000000000001 25.200000000000003 43.800000000000004 45.400000000000006 35.2 0 0.6000000000000001 0 0 0.2 0 0.4 1 0.6000000000000001 0.4 0.6000000000000001 0.6000000000000001 0 0.6000000000000001 0 0.4 0 15.8 0.4 0 0 0 0 0 0 0.4 0.4 0.6000000000000001 0.4 0 0 0 0.8 0 0.2 0 0 0.6000000000000001 0.4 0 0 0.8 0.4 0 0 0 0 0.4 1 0.6000000000000001 0.4 0 0 0 0 0.8 0 0 1.2000000000000002 0 2.2 3.2 3.4000000000000004 0 1.6 4 1.4000000000000001 2.4000000000000004 6.4 0 2.8000000000000003 6.2 5.6000000000000005 10.4 4.2 3.2 2.4000000000000004 2.2 11 2.2 0 0 0.4 0 0 0.2 0.4 0 0 0 0 0 0 0 0 0 0 0 0 0 0 0 0 3.4000000000000004 0 0 0 0 0 0 0 0 0 0 0 0 0 0 0 0 0 0 0 0 3.2 0 0 0 0 0 0 0 0 0 1.2000000000000002 0 0 0 0 0 3.2 6 5.2 2.2 0 0.2 0 3 7 3.4000000000000004 0 0.4 0 2.8000000000000003 0 5.800000000000001 6.2 2.6 4.6000000000000005 0 0 3.8000000000000003 0 0 0 0 0 0 0 0 0 0 4 0 0 0 0.2 0 0 0.2 0 0 0 0 0 0 0 0 0.2 0 0 0 0 0 0 0 0 0.4 0 0 0 0 0 0 0 0 0 0 1.4000000000000001 0 0 0 0 0 0 0 3.2 0 0 0 0 0 0 0 0 0.4 0 0.4 0.6000000000000001 0 0.4 1.8 0 0 0 0 0 0 0 0 0 0 2.8000000000000003 0 0 0 0 0 0 0 0 0 0 0 0 0 6.6000000000000005 0 0 0 0 0 0 0 0 0 0 0 0 0.4 
 57.800000000000004 82.60000000000001 96.2 44.6 14.600000000000001 5.2 40 0 30.400000000000002 7.800000000000001 33.800000000000004 25.8 26.400000000000002 25 48.2 53.800000000000004 8.4 28.200000000000003 29.6 26.6 0 0.6000000000000001 0 0 0 0 41 0.6000000000000001 0 0 0.8 0.6000000000000001 0 0 0 0 0 0 14.8 0 0 0 0 0 0 0.4 0.4 0.2 0.4 0.4 12.600000000000001 0 0 0 0 0 0 0.6000000000000001 0.4 0 0 0.6000000000000001 0.4 0 0 0 0 0.6000000000000001 0.4 0.6000000000000001 0 0 0 9.200000000000001 0 0 0 0 0.6000000000000001 0 7.4 0 2.2 4 0 2 0 3 6.800000000000001 0.2 0 0 1.8 2.8000000000000003 6.800000000000001 0 3.6 3 1 0 1.4000000000000001 0 0 0 0 0 1.6 0 0 1.8 0 0 6.2 0 0.2 0 0.2 0 2.2 0 0 0 0 0.4 0 0 0 0 0 0 0 0 0 0 0 0 0 3.2 0 0 1.6 0.2 1.4000000000000001 0 0 0 0 0 0 0 0 0 0 0 0.8 0 0 0 0 0 4.6000000000000005 1 0 0.4 0 0 3.2 3.8000000000000003 4.2 4.4 3.6 3.4000000000000004 0 2.4000000000000004 6.2 0.6000000000000001 2.8000000000000003 2 0 2.4000000000000004 0 0 0 0 0 0 0 0 0 0 0 0 0 0 0 0 0 0 0 0 0 0 0 0 0 0 0 0 0 0 0 0 0 0 0 0 0 0 0 0 0 0 0 0 0 0 0 0 0 0 0 0 0 0 0 0 0 0 0 0 0 0 0 0 0 0.4 0.2 0 0.4 0.2 0 3.4000000000000004 7.2 0 0 0 0 0 0 0 0 0 0 0 0 0 0.4 0 0 0 0 0 0 0 0 0 0 0 0 0 0 0 0 0 0 0 0 0 0 0 
 26.200000000000003 12.200000000000001 19 17.8 60.800000000000004 65.60000000000001 29.6 30.400000000000002 0 30.6 11.4 13.4 17.6 28.6 54.400000000000006 26 23.6 19.8 19.200000000000003 12.8 0 0.6000000000000001 0 0.2 0 0 0 0.6000000000000001 14.4 18.6 0.6000000000000001 0.6000000000000001 0 0 0 0 0 0 14.600000000000001 0.4 0 0 0 0 0 0.4 0.4 0 0.4 0 0 0 0 0 0 5.2 0 0.6000000000000001 0.4 0 0 0.6000000000000001 0.4 6.6000000000000005 10.200000000000001 0 0 0.6000000000000001 0.6000000000000001 0.6000000000000001 0 0 0 0 0 0 0 0 0.6000000000000001 0 0.2 1.4000000000000001 2 5.4 3.8000000000000003 2.2 4.2 0 0 4 0.2 1.8 0 0 5.4 1.8 8 0.4 0 0 2.2 0.2 0 0 0.4 0 2.6 0 0 0 0 0 5.2 0 0 0.2 0 0 1.8 0 0 0 0 0 0 0 0 0 0 0 0 0 0 0 0 0 0 3.8000000000000003 0 0 1.8 0 0 0 0 0 0 0 0 0 0 0.6000000000000001 0 0 0 0 0 0 0 0 0 0 0 0.2 0 4.4 0 3 3.8000000000000003 3.6 7.2 5.6000000000000005 0 2.6 3.8000000000000003 0.2 2.4000000000000004 0 0 0 2.4000000000000004 0 0 0 0 0 0 0 0 0 0 0 0 0 0 0 0 0 3.2 4 0 0 0 0 1 0 0 0 0 0 0 0 0 0 0.4 0 0 0 0 0 0.2 1.2000000000000002 0 0 0 0 3.2 0 0 0 0 0 0 0 0 0 0 0 0 0 0 0 0 0 0 0.4 9 0 0.2 0.6000000000000001 0 1.2000000000000002 11.8 0 0 0 0 0 0 0 0 0 0.2 0 0 0 0 0 0 0 0 0 0 0 0 0 4.800000000000001 1.4000000000000001 0 0 0 0 0 0 0 0 0 0 0 2 
 21 50.800000000000004 29.8 60.800000000000004 61.2 45.2 91 7.800000000000001 30.6 0 53.2 58.800000000000004 31 92.60000000000001 51.6 38.800000000000004 52.2 25.8 20.200000000000003 36.4 0 0.6000000000000001 0 0 0 0 29 0.6000000000000001 0 0 0.6000000000000001 0.6000000000000001 0 33.800000000000004 1 0 0 0 0.2 15 0 0 0 0 0.4 0.4 0.4 0 0.4 0 0 0 0 0 0 0 0 0.6000000000000001 0.4 0 0.4 0.6000000000000001 0.4 1.8 0 0 0 0.4 8.8 10.600000000000001 0 0 0 0 0 0 1.2000000000000002 0 1.2000000000000002 0 0.4 0.6000000000000001 5.4 2 0 4.6000000000000005 3.6 4.6000000000000005 3.4000000000000004 4.800000000000001 0 5.2 0 2.4000000000000004 3.2 5.800000000000001 0 2 0 0 0.2 3.8000000000000003 0 0 0 0 0.2 0 0 0 0 0 6.800000000000001 4.800000000000001 4.2 5.6000000000000005 0 0 3.8000000000000003 13.200000000000001 0 0 0 3.2 0 0 1.4000000000000001 0 0 0 0 0 0 0 0 0 0.4 0 0 0 0 0 0 0 0 0 0 0 0 1.4000000000000001 0 0 0 0 0 0.4 0 1.2000000000000002 0 0 3 1.6 2 6 5.2 7 4.2 0.8 0 3.4000000000000004 4.6000000000000005 2 0.8 0.6000000000000001 0 2.6 3 0.2 2.8000000000000003 0 1.6 0 0 0 0 0 1.6 0 0 0 0.2 0 1.6 3.2 0 3.8000000000000003 0 0 0 2 0 0 1.8 0 0 0 0 0.2 0 0 0 0 0 0 0 0 0 0 0 0 0 0 0 0 0 0 0 0 0 0 0 0 0 0 0 0 0 0 0 0 0 0 0 0 0 0 17.400000000000002 0.4 17.400000000000002 17.8 0.2 1.2000000000000002 0 0 0 0 0 0 0 0 0 0 1.6 0 0 0 0 0 0 0 0 0 0 0 0 8 2 0 0 0 0 0 0 0 0 0 0 0 0 0 
 7.6000000000000005 21.8 9.8 82.2 30.8 25.8 15.8 33.800000000000004 11.4 53.2 0 34.800000000000004 7.6000000000000005 13.4 44.400000000000006 38.400000000000006 17.400000000000002 26.400000000000002 69 12 0 0.6000000000000001 0 0 0 0.2 14.8 1 0.2 0 0.6000000000000001 0.6000000000000001 0 0.4 0 0 0 0 15.600000000000001 0 0.2 0 0 0 0 0.4 0.4 0 0.4 0 0 0.2 0 0.2 0 0 0 0.6000000000000001 0.4 0 0 0.6000000000000001 0.4 0 0 0 0.8 0.6000000000000001 0.2 0.6000000000000001 0 0 0.8 0.6000000000000001 0.2 0 7.6000000000000005 0 1.2000000000000002 0 0.4 9 7 16.400000000000002 0 0.2 1.6 2.4000000000000004 4.800000000000001 3 5 3.2 2 0 3.4000000000000004 4.2 0 3 0 0 2 4 0 0 0 0 0 0 0 0 0 0.4 5.800000000000001 0 4 0 0 0 4.4 5.800000000000001 0 0 0 0 0 0 0 0 0 0 0 0 0 0 0 0 0 3.8000000000000003 0 0 0 0 0 0 0 0 0 0 0 0 0 0 0 0 3 0 0 0 0 1.4000000000000001 2.2 2.4000000000000004 2.4000000000000004 7.6000000000000005 0 0 0 0.8 4 2.4000000000000004 11.600000000000001 4.6000000000000005 1.4000000000000001 2.6 0.2 3 11.8 0 0 0 0 0 0 0 0 0 0 0 0 2 0 0 3 0 0 0 0 0 0 1 0 0 0.4 0 0 0 0 0 0 0 0 0 0 0 0 0 0 0 0 0 0 0 0 0 0 0 0 0 0 0 0 0 0.2 0 0 0 0 0 0 0 0 0 0 0 0 0.4 0 0.4 2.6 1 0 1 4 0 0 0 0 0 0 0 0 0 0 0 0 0 0 0 0 0 0 0 0 0 0 0 2.8000000000000003 0 0 0 0 0 0 0 0 0 0 0 0 0 
 27.400000000000002 34.6 46.800000000000004 44.2 28.200000000000003 13.600000000000001 10.4 25.8 13.4 58.800000000000004 34.800000000000004 0 12.4 11.200000000000001 26.200000000000003 7.6000000000000005 52.2 30.6 49.2 7.2 0.4 1.2000000000000002 0 0 0.6000000000000001 0 0 0.6000000000000001 0.6000000000000001 0.4 0.6000000000000001 1.2000000000000002 0.6000000000000001 0.2 0 0 0.6000000000000001 0.4 14.600000000000001 0.2 0 0 0 12.8 0.8 1.6 0.4 0 0.4 0 0 0 1 0 0.4 0 0 1.6 0.4 0 0.2 1 0.6000000000000001 0.6000000000000001 0.6000000000000001 0.6000000000000001 0.4 0.4 0.6000000000000001 0.6000000000000001 0 0.6000000000000001 0.2 0.4 0.6000000000000001 0.4 0.8 0.2 2.2 0.2 3 5.2 3.2 2.8000000000000003 6.2 5 1.6 1.4000000000000001 5.800000000000001 6.6000000000000005 5 2 2.2 0 4.6000000000000005 6.800000000000001 0.4 2.2 0 0 1.8 8.200000000000001 0 0 0 0 0 0 0 0 0 0 7.800000000000001 2 0 1.4000000000000001 0.2 0 2.4000000000000004 3 0 0 0 0.4 0 0 0 0 0 0 0 0 0 0 0 0 0 0 0 0 0 0 0 0 0 0 0 0 0 0 0 0 0 0 0 0 0 0 0 0.2 0 2.4000000000000004 1.4000000000000001 3.4000000000000004 0 6.800000000000001 0 5.2 5.6000000000000005 5.4 4.4 4.4 0 0 7.6000000000000005 4 2.4000000000000004 0.2 0 0 0 0 0 0 0 0 1.8 0 0 0.2 0 0 3.2 2.4000000000000004 0 0 0 0 2.6 4.800000000000001 0 0 0 0 0 0 0 0 0 0 0 0 0 0 0 0 0 0 0 0 0 0 0 0 0 0 0 0 0 0 0 0 0 0 1.6 0 0 0 0 0 0 0 0 0 0 0.2 9.200000000000001 0.4 1.4000000000000001 0.8 0.4 27.400000000000002 0.2 0 0 0 0 0 0 0 0 0 0 0 0 0 0.4 0 0 0 0 0 0 0 0 0 2.8000000000000003 0 0 0 0 0 0 0 0 0 0 0 0 0 
 51.6 34.6 122 45.6 47.800000000000004 8.200000000000001 97.2 26.400000000000002 17.6 31 7.6000000000000005 12.4 0 63 29 13 8.8 59 15.600000000000001 48.800000000000004 0 0.8 0 0 0 0.6000000000000001 0.4 13.4 0 0 0.6000000000000001 0.6000000000000001 0.4 0 0 0.2 0.4 1.2000000000000002 0 0.6000000000000001 0 0 0.6000000000000001 0 0 0.6000000000000001 0.4 0 5.4 0.2 0 0.2 0 0.2 0.4 0 0.2 1 0.6000000000000001 0 0 0.6000000000000001 1 0 0 0 0 0.4 1.2000000000000002 1.4000000000000001 0 0 0 0.4 0.2 0.6000000000000001 0.6000000000000001 0 0.8 0.4 4 0 0 0 0 2 3.2 5 6 0 0 2.8000000000000003 0.2 5.2 7 4.4 0 2.8000000000000003 7.2 4.6000000000000005 0 0 0 0 0 0 0 0 0 0 0 0 0.2 0 0 0 0 0 0.2 0 0 0 0 2.4000000000000004 0 0 0 0 0 0 0 0 0 0 0 0 0 0 0 0 0 0 0 0 0 0.8 0 0 0 0 0 0 0 0.6000000000000001 0 0 0 0 0 0 2.2 2.2 6 2.2 0 0 2.6 3.8000000000000003 6.2 0.4 2.2 2.6 0 5.4 2.8000000000000003 0.2 3.8000000000000003 2.4000000000000004 4 3.2 0 0 0 0 0 0 0.6000000000000001 0 0 0 0 0 2.8000000000000003 0 0 0 0 0 0 0 0 0 0 0 0 0 0 0 0 0 0 0 0 0 0 0 0 0 0 0 0 0 0 0 0 0 0 0 0 0 0 0 0 0 0 0 0 0 0 0.8 0 0 0 0 0 0.2 0.6000000000000001 0.4 0.8 0 0 0 0 0 0 0 0 0 0 0 0 0 0.6000000000000001 0 0 0 0 0 0 0 0.2 0 0 0 0 0.2 2.8000000000000003 0 0 0 0 0 0 0 0 0 0 0 0 0 
 30.6 27 34.6 29.6 24.8 8.6 16.6 25 28.6 92.60000000000001 13.4 11.200000000000001 63 0 34.800000000000004 9.200000000000001 5 8.4 21.8 80.60000000000001 0 0.6000000000000001 0.4 0 0 0 0 0.6000000000000001 0 0.2 0.6000000000000001 0.8 0 0.4 0.4 0 0 0 14.8 0 0 0 0 0 0 0.6000000000000001 0.4 0 0.4 0 0 0 0 0 0 0 0 0.6000000000000001 0.4 0 0 0.6000000000000001 0.4 0 0 0 0 0.2 0.6000000000000001 0.6000000000000001 0 0 0 0 0 0 0 0 0.6000000000000001 0 2.2 2.6 2.4000000000000004 2 0 0 3.2 4.800000000000001 0 0 0.2 4.2 0 4.2 8.8 10.200000000000001 2.6 2.2 0 4.6000000000000005 2 0.2 0 0 0.4 0 0 0 0 0 0 0 4 0 0 0.2 0 0 0 0 0 0 0 3.6 0 0 0 0 0 0 0 0 0 0 0 0 0 3.6 0 0 0 0 0 0 0 1.4000000000000001 0 0 0 0 0 0 0 0 0 0 0 0 0 0 8.4 5.2 7 2.4000000000000004 0 0 0 0.4 1 0 3.8000000000000003 10 0 10.4 0 8 7.6000000000000005 2.8000000000000003 2.6 4.2 0 0 0 0 0 0 0 0 0 0 0 0 4.6000000000000005 0 0 0 0 0 0 0 0 0 0 0 0.4 0 0 0 0 0 0 0 0 0 0.4 0 0 2.2 0 0 0.2 0 0 0 0 0 0 0 0 0 0 0 0 0 0 0 0 0 0 0 0 0 0 0 0 0.8 0 0 0.6000000000000001 0.4 0 3.4000000000000004 3.2 0 0 0 0 0 0 0 0 0 1.8 0 0 0 0 0 0 0 0 0 0 0 0 3.2 3 0 0 0 0 0 0 0 0 0 0 0 0 0 
 11.4 51.6 36.800000000000004 44.400000000000006 11.4 10.8 30.400000000000002 48.2 54.400000000000006 51.6 44.400000000000006 26.200000000000003 29 34.800000000000004 0 30.6 23.6 23.400000000000002 18.6 15.600000000000001 0 0.8 0 0 0 0 0 0.8 0 0.4 0.6000000000000001 0.6000000000000001 0 0 0 0 0 0 3 0 0 0 0 0.2 0.4 0.4 0.4 0 0.4 0 0 0 1.4000000000000001 0 0 0 0 0.6000000000000001 0.4 0 0 0.6000000000000001 0.4 0 0 0 0 0.4 0.6000000000000001 0.6000000000000001 0 0 0 0 0 0 0.4 0 8.8 0 2.2 7.6000000000000005 6.6000000000000005 4.6000000000000005 3.8000000000000003 0 6.6000000000000005 7.4 5.800000000000001 4.2 3.4000000000000004 3.6 0 3 4.4 3.4000000000000004 0 0 0 0 2 0 0 0 0 0 0 0 0 0 0 0 4.2 0 0 0.4 2 0 0 0 0 0 0 0.2 0 0 0.2 0 0.4 0 0 0 0 0 0 0.2 0 0 0 0 0 0 0 0 0 0 0.2 0.4 0 0 0 0 0 0 1 0 0 0 0 0 0.2 0.4 1.6 2.6 0 3.8000000000000003 2.6 0 2.4000000000000004 8.6 0 6.2 0 0 0 9 3.2 0 0 3.4000000000000004 0 0 0.4 0 0 0.2 0 0 0.4 0 0 0 3 2.6 0 0 0 0 0 0 0.4 0 0 0 0 0 0 0 0 0 0 0 0 0 0 0 0.2 0 0 0 0 0 1.6 0 0 0 0 0 0 0 0 0 0 0 0.2 0 0 0 0 0 0 0 0 0 0 0 0.2 0 1.2000000000000002 0.4 0 4.6000000000000005 5 0 0.4 0 0 0 0 0 0 0 1.2000000000000002 0 0 0 0 0 0 0 0 0 0 0 0 2.6 6.800000000000001 0 0 0 0 0 0 0 0 0 0 0 0 0 
 24.8 29 80 21.8 31.200000000000003 37.2 11.200000000000001 53.800000000000004 26 38.800000000000004 38.400000000000006 7.6000000000000005 13 9.200000000000001 30.6 0 10.8 26.6 4.4 10.4 0.4 1 0 0 13 0 4 0.6000000000000001 0.4 0 0.6000000000000001 0.6000000000000001 32.2 15.4 2.2 0 0 0 29.8 43.6 0 0 0 0 0 0.4 0.4 0 0.4 0 0 0 0 0 0.6000000000000001 0 0.6000000000000001 1.2000000000000002 0.4 0 0 0.6000000000000001 0.8 4 0 0 0 1.2000000000000002 0.4 0.6000000000000001 0 0 0 0.6000000000000001 0.4 0 1.2000000000000002 0.6000000000000001 1.4000000000000001 0 0 9 0 2.6 2.6 0 0 0 0 3.2 2.2 2.4000000000000004 0 0 2.6 2.4000000000000004 0.6000000000000001 2.4000000000000004 0 0 1.2000000000000002 3.8000000000000003 0 0 0 0 2.8000000000000003 2.6 0.2 0 0 0 5.4 3.8000000000000003 5.4 2.8000000000000003 0 0 5.800000000000001 9.200000000000001 0 0 0.4 0 0.4 0 0 0 0.4 0.2 0 0 0 3 0 0 0 0 0 0 0 0 0 0 0 0 0 0 0 2.4000000000000004 0 1.4000000000000001 0 0 0 0 0 0 0 0 0 0 0 3.4000000000000004 0.4 6.2 0 1 0 4.800000000000001 6.4 3.2 1.2000000000000002 0 0 2.6 0 3.2 0 0 4.4 0 0 0 0 0 3.8000000000000003 0 0 0 0 0 0 6 0 4.4 0 0 0 2 0 2.4000000000000004 0 0 2.2 0 0 0 0 0.2 0 0 0 0 0 0 0 0 0 0 0 0.4 0 0 0 0 0 0 0 0 0.4 0 0 0 0 0 0 0 0 0 0 2.8000000000000003 0 0 0 0.2 0 0 0.2 17 4.2 2.6 0 0 0 0 0 0 0 0 0 0 0 0 0 0 0 0 0 0 0 0 0 0 0 0 0 3.4000000000000004 0 0 0 0 0 0 0 6 0 0 0 0 
 31 9.4 44.400000000000006 25.8 70.2 36.6 25.200000000000003 8.4 23.6 52.2 17.400000000000002 52.2 8.8 5 23.6 10.8 0 13.200000000000001 4.800000000000001 21.200000000000003 0 0.6000000000000001 0 0 0 0 0.2 0.6000000000000001 0 0 0.6000000000000001 0.6000000000000001 0 0 0 0 0.2 0.4 0 0 0.2 0.2 0 0 0.2 0.4 0.4 0 2.4000000000000004 0.8 0 0 5.6000000000000005 0.6000000000000001 0.6000000000000001 0 1.2000000000000002 0.6000000000000001 0.8 0.2 0 1 0.4 0.6000000000000001 0.6000000000000001 0.2 0 0.4 1 0.6000000000000001 0 0 0 0 0.2 8.6 0 0 0.6000000000000001 0 5.4 4.2 2.6 4.800000000000001 9.8 5.4 2.8000000000000003 7.800000000000001 3.8000000000000003 0 4.2 1.6 0.6000000000000001 0.2 8.6 2 0.4 2.8000000000000003 0 0 0 6 0 0 0 0 0 0 0 0 0 0 0 0 0 0 0 0 0 0 0 0 0 0 0 0 0 0 0 0 0 0 0 0 0 0 0 2.8000000000000003 0 0 0 0 0 0 0 0 0 0 0 0 0 0.6000000000000001 0 0 1.8 1.6 0 0 0 0 0 5 0 0.2 0 0.6000000000000001 3.6 0.4 2.6 0 3.8000000000000003 0 2.6 5.4 5.2 2 0.2 11.200000000000001 2 0 4 0 0 0 0 0 0 0 0 0 0 0 0 0 0 0 0 0 3 2.2 0 0 0 0 0 0 0 0 0 0 0 0 0 0 0 0 0 0 0 0 0 0 0 0 0 0 0 0 0 0 0 0 0 0 0 0 0 0 0 0 0 0 0 0 0 0.2 0 0 0.2 9.8 0 1.4000000000000001 0 0 0 0 0 0 0 0 0 0 0.4 0 0 0 0 0 0 0 0 0 0 0 0 0 0 0 0 0 0 0 0 0 0 0 0 0 0 0 
 27.6 55 46 43.400000000000006 27 11.200000000000001 43.800000000000004 28.200000000000003 19.8 25.8 26.400000000000002 30.6 59 8.4 23.400000000000002 26.6 13.200000000000001 0 25 24 0 0.6000000000000001 0 0 0 0.2 14.8 0.6000000000000001 0 0 0.8 0.6000000000000001 0 0 0 0 0 0.2 12.600000000000001 12.200000000000001 0 0 0 0 0.2 0.4 0.4 0 0.4 0 0 0 0 0 0 0 8 0.6000000000000001 0.4 0 0 0.6000000000000001 0.4 6.800000000000001 0 0 0 0.2 0.6000000000000001 0.6000000000000001 0 0 0 7.4 0 0 0 0 0.6000000000000001 0 3.8000000000000003 0 5.800000000000001 8.200000000000001 6.2 0 6.2 4 2.8000000000000003 0 3.8000000000000003 3.4000000000000004 0.6000000000000001 0 4.6000000000000005 6.2 0.2 4.800000000000001 0 0 0 0 0 0 4.2 0 1.8 3 0 0 0 0 2.6 1.8 0 0.2 0 0 0 0 0 0 0 3.4000000000000004 0 0 0 0 0 0 0 1.8 0 0 0 1.2000000000000002 10.200000000000001 0 0 0 0 0 0 0 0 0 0 0 0 0 0 0 0 0 0.8 0 0 0 0 0 4.6000000000000005 6.6000000000000005 2 4.2 0 0 1.2000000000000002 0 0 3.8000000000000003 0 1.2000000000000002 0 3.4000000000000004 6.2 3 2.8000000000000003 7.4 0 0 0 0 0 0 0 0 2.8000000000000003 0 0 0 0 0 5.800000000000001 0.2 0 0.8 1.8 0 0 0 0 0 0 0 0 0 0 0 0 0 0 0 0 0 0 0 0 0 0 0 0.2 0 0 0 0 0 0 0 0 0 0 0 0 0 0 0 0 0 0 0 0 0 0 0 0 1.2000000000000002 0 0.2 0.2 1.6 0.2 0 0 0 0 0 0 0 0 0 0 0 0 0 0 0 0 0 0 0 0 0 0 0 0 0 4.800000000000001 0 0 0 0 0 0 0 0 0 0 0 0 0 
 9.4 37.4 10.200000000000001 32.6 28.200000000000003 11.200000000000001 45.400000000000006 29.6 19.200000000000003 20.200000000000003 69 49.2 15.600000000000001 21.8 18.6 4.4 4.800000000000001 25 0 63.6 14.8 0.6000000000000001 0 0 0.4 0.4 0 0.6000000000000001 0 0 0.6000000000000001 1.4000000000000001 0 0 0.2 0 0 0.4 0 0 0 0 0 0 0.2 15 0.4 0 0.4 0 0 0 0.6000000000000001 0 1.2000000000000002 0 20 0.6000000000000001 0.4 0 0 0.6000000000000001 0.4 0 0 0 0.2 0.2 0.6000000000000001 0.6000000000000001 0 0 1 0.6000000000000001 0 0.2 0 0.2 1.6 0 6 0 2.6 0 0 0 0.2 5.800000000000001 3.6 0 8.200000000000001 2.6 4.2 0.2 0 0 3.2 0 4 2 0 0 0 0 0 0 0 0 0 0 0 0 0 0 0 0 0 0.2 0 0 0 0 0 0 0 0 0 0 0 0 0 0 0 0 0 0.4 0 0 0 0 0 0 0 0 0 0 0.4 0.4 0 3.8000000000000003 0 0 0 0 0.8 0 0 0 0 0 6 0.2 0.2 2 0 0 1.6 3 7 2.6 0 2.8000000000000003 0 1.8 3.4000000000000004 7.4 0 0 2 8.8 0 0 0 0 0 0.2 0 0 0 0 0 0 0.4 0 0 0 0 0 0 0 0 0 0 0 0 0 0 0 0 0 0 0 0 0.4 0 0 0.4 0 0.4 0 0 0 0 0.4 0 0 0 0 0 0 0 0 0 1.6 0 0 0 0 0 0 0 0 0 0 0 0.4 0.4 0.6000000000000001 0.4 0 0.2 30 0 0 0 0 0 0 0 0 0 0 0 0 0 0 0 0 0 0 0 0 0 0 0 2.6 2.2 0 0 0 0 0 0 0 0 0 0 0 0 0 
 28.6 27.400000000000002 14 8 29.200000000000003 8.6 35.2 26.6 12.8 36.4 12 7.2 48.800000000000004 80.60000000000001 15.600000000000001 10.4 21.200000000000003 24 63.6 0 0 0.6000000000000001 0 0 0.4 0 0 0.6000000000000001 0 0 0.6000000000000001 0.6000000000000001 0 0 0 0 0 0.2 0 0 0 0 0 0 0 0.4 0.4 0 0.4 0 0 0 0 0 0 0 0 0.6000000000000001 0.8 0 0 0.6000000000000001 0.4 0 0 0 0 0.6000000000000001 0.4 0.6000000000000001 0 0 0 0 0 0 0 0 0.6000000000000001 0 3.6 1.4000000000000001 3.4000000000000004 0 0 0 0.4 0.2 2.8000000000000003 0 0 6.2 0 2.8000000000000003 4.4 4.2 7.800000000000001 5.6000000000000005 2 3.6 0 0 0 0 0 0 0 0 0 0 0 0 0 0 0 0 0 0 0 0.4 0 0 0 4.6000000000000005 0 0 0 0.4 0 0 0 0 0 0 0 0 0 0 0 0 0 0 0 0 0 0 0 0 0.2 0 0 0 0 1 0 0 0 0 0 0 12.600000000000001 2.4000000000000004 5.4 1 0 0 5.800000000000001 2.6 3.8000000000000003 0 0 4.800000000000001 2.4000000000000004 2.4000000000000004 0 2.8000000000000003 7.2 2 8 2 0 0 0 0 0 0 0 0 0 0 0 0 0 0 0 0 0 2.4000000000000004 0 0 0 0.4 0 0 0 0 0 0 0 0 0 0 0 0 0 0.2 0 0 0 0 0 0 0 0 0 0 0 0 0 0 0 0 0 0 0 0 4.2 0 0 0 0 0 0 0 0 0.2 0 0 0.2 0 0 2 0 0 0 0 0 0 0 0 0 0 1.4000000000000001 0 0 0.2 0 0 0 0 0 0 0 0.4 0 0 0 0 0 0 0 0 0 0 0 0 0 0 0 0 
 0.2 0 0 15.4 0 0 0 0 0 0 0 0.4 0 0 0 0.4 0 0 14.8 0 0 38.800000000000004 35 30.400000000000002 39.2 9.4 9.600000000000001 8.6 25.6 54.800000000000004 83.4 31 66.8 28 96.80000000000001 36.6 40.800000000000004 15.8 17 28.400000000000002 0.2 0.2 0.4 0.4 41 0 0 0 0 2 1 0 0 0 0.4 4.6000000000000005 1.4000000000000001 41.400000000000006 0.6000000000000001 0.8 0.6000000000000001 0 0 0 0 0 0 0 0 1.8 0.4 0 1 0 0 0 0 0 0.6000000000000001 8.6 0.2 0 2.4000000000000004 0 0.4 0 0 0 0 0 0 0 0 0 2.8000000000000003 0 0 0 0 0 1 0 7 2.8000000000000003 6.4 0 0 2.2 4.4 2.2 2.2 0 0 3.4000000000000004 3.8000000000000003 5.4 7.2 4.800000000000001 0 0 0 0 0 0 0 0 9.4 0 0 0 0 0 1.8 0 0 0 0 0 0 2.8000000000000003 0 0 0 0 0 0 0 0 0 0.4 0 0 1 0.2 0 0 0 0 0 0 0 0 0 0 0 0 0.2 0 1.6 0 0.4 0 0 0 0 0 0 0 0 0 0.2 4.6000000000000005 4.2 4.800000000000001 3.6 0 0 8.200000000000001 3.2 1.8 8.4 2.4000000000000004 0 0 3.4000000000000004 4.800000000000001 7.2 1.8 0 0.2 0 0 0 0.4 0 2 2.4000000000000004 0 0 0 0 0 2.4000000000000004 3.6 0 0 0 0 6.2 0 0 0 0 0 0 0 0.4 0.2 0 0 0 0 0.4 0 0 0 0 0 0 0 0 0 2.2 0 0 0 0 0 0 0 0 0 0 0 0.8 0.4 0.4 8.4 1.4000000000000001 0.4 0.8 1.4000000000000001 5.2 0 0 0 0 0 0 0 0 0 0 0 0 0 0 0 0 0 0 4 0 0 0 0 0 0 0 0 
 0.6000000000000001 0.6000000000000001 1.6 0.8 15.8 16.400000000000002 0.6000000000000001 0.6000000000000001 0.6000000000000001 0.6000000000000001 0.6000000000000001 1.2000000000000002 0.8 0.6000000000000001 0.8 1 0.6000000000000001 0.6000000000000001 0.6000000000000001 0.6000000000000001 38.800000000000004 0 23.8 13 50.6 12 31.400000000000002 85.2 33.2 25.400000000000002 46.2 25 37.4 29.8 34.2 48.2 24.8 4.2 10 24.6 0.6000000000000001 0.2 0.4 0.4 0.2 0.4 0.4 0.2 0.2 1 0.6000000000000001 0 0.6000000000000001 0 0.4 0.4 1.2000000000000002 1 1 4.6000000000000005 0.4 0 0 0 0 0 0 0.8 0 0 0.4 0.2 1 0 0 0 0 0 0.6000000000000001 0 0 0 1.2000000000000002 0.6000000000000001 2.2 3.2 0 0 0 0 0 0 0 0 0 0 0 0 0 0 3.6 3.8000000000000003 2.8000000000000003 8 4 0 22.200000000000003 0 5.4 2.2 7 0 0 4.2 6.6000000000000005 1.8 10.8 4.6000000000000005 0 0 0 0 0 0 0 0 1.6 0 0 0 0 0.2 0 6.800000000000001 0 0 0 0 0 3.4000000000000004 0 0 0.2 0 0 0 0 0 0 0 0.4 0 0 0 0 0 0 2.4000000000000004 0 0 0 0 0 0 3.6 0 0.8 0 0 0.4 0.2 0 0 0 0 0 0 0 0 0 2.4000000000000004 2.4000000000000004 2 3.8000000000000003 0 1.4000000000000001 0 2.6 4.6000000000000005 2 3.8000000000000003 8.8 0 0.6000000000000001 5 9 4 0 2.8000000000000003 0.4 0 0 0 0 0 0 0 0 0.8 0 0 0 2.4000000000000004 0 0 0 0 0 2.8000000000000003 0 0 0.4 0 0 0 0 0 0 0 0 0 0 0 0 0 0.4 0 0 0 0 0 0 0 0 0 0 0 0 0 0.4 0 0 0 0 2.6 0 0 0.4 0 0.8 0 4 0 0 0 0 0 0 0 0 0 0.4 0 0 0 0 0 0 0 0 0 0 0 0 0 0 1.8 0.2 0 0 
 0.2 0 0 0 14.8 15.600000000000001 0 0 0 0 0 0 0 0.4 0 0 0 0 0 0 35 23.8 0 67.2 35 8.6 11.4 19.8 62 12.200000000000001 8.200000000000001 56 46.6 34.6 33.4 25.200000000000003 25 32.2 6.800000000000001 24.6 0 0 0 0 0 0 0 0 0 0.4 0 0 0 0 0 0 0.8 0 0.6000000000000001 0 0.6000000000000001 0 0 0 0 0 0 0 0 0 0.4 10.200000000000001 0.6000000000000001 0 0 0 0 0 0 0 0 0 0 0 2.8000000000000003 4 0 0 0 0 0 0 0 0 0 0 0 0 0 2.6 0 5.6000000000000005 2.8000000000000003 4 0 3.4000000000000004 2.4000000000000004 0 2.8000000000000003 3.2 4.4 4 0 0 8.8 0.2 0.6000000000000001 6.2 0 0 0.2 0 0 0 0 0 3.6 0 0 0 0 0 4.4 0 0 0 0 0 0 0 0 0 0 0 0 0 0 0 0.2 0 0 0 0 0 0 0 0 0.6000000000000001 0 0 0 0 0 0 2.6 0 0 0 0 0 0.4 0 0 0 0 0 0 0 0 0 0 4.2 3.8000000000000003 0 2.6 0 3.4000000000000004 0 7.4 2 7.4 7 2.8000000000000003 0.2 6.800000000000001 3.8000000000000003 0 1.6 3.6 0 0 0 0 0 0 0 1 0 0 0 0 0 4.800000000000001 0 0 0 0 0 0.2 0 0 0 0 0 0 0 0 0 0 0 0 0 0 0 0 0 0 0 0 0 0 0 8.8 0 0 0 0 0 0 0 0 0 0 0 2.4000000000000004 0 0 0 15.600000000000001 0.4 0 0 0 0 0 0 0 0 0 0 0 0 0 0 0 0 0 0 0 3.4000000000000004 0 3.6 0 0 0 0 1.8 0 0 0 
 0 0 0.2 0 0 0 0 0 0.2 0 0 0 0 0 0 0 0 0 0 0 30.400000000000002 13 67.2 0 33 54 15.600000000000001 15 29.200000000000003 37.800000000000004 34.800000000000004 41.800000000000004 9.200000000000001 50.6 28.200000000000003 35.800000000000004 63 46.800000000000004 19.6 27.6 0 0 0 0 0.4 0 12.600000000000001 0 0 0.6000000000000001 0 0 0.4 16.6 0 0 1 0 13.200000000000001 0.8 0 0 0 0 0.4 0 0 0 0 0 0.4 0 1.2000000000000002 0 0 0 0 0 0 0 0 0 0 0 0.2 0 0 0 0 0 0 0 0 0 0 0 0 0 0 0 0 2.2 0.2 2 5.2 0 0 0.4 4.4 0 6.6000000000000005 2.2 0 0 0 1.6 2 6 0 2.2 1.8 0 0.4 0 0 0.6000000000000001 9.8 0 0 0 0 0 0 4.6000000000000005 0.2 2 0 0 1.8 2.2 0 4.2 0 0 0 0 0 0.8 0 0 0 0 1 0.4 0 0 0 0 0 0 0 0 0 0 0 0 0 0 0 0 0 0 0 0 0 0 0 0 0 0 0 2.2 1.4000000000000001 3 10 2 0 2 4.6000000000000005 2.8000000000000003 4.6000000000000005 1.8 0 0 2.8000000000000003 4.800000000000001 9 3.6 0 2.2 0 1.6 0 0.4 0 0 2.6 1.2000000000000002 0 0 0 0.2 2 0 0 0 0 0 4.2 2.2 0 0 0 0 0 1.4000000000000001 0 0 0 0.4 0 0 3.8000000000000003 2 0 0 3.2 0 0 0 0 0 2.4000000000000004 0 0 0 0 0 0 0 0 0 0 0 2.2 0 0 9.4 30.200000000000003 0 1 1.2000000000000002 0 0 0 0 6.2 0 0 0 0 0 0 0 0 0 0 0 0 0 0 1.4000000000000001 0 0 0 12.8 0 0 0 0 
 10.600000000000001 0 0.6000000000000001 0 0.4 0 0.2 0 0 0 0 0.6000000000000001 0 0 0 13 0 0 0.4 0.4 39.2 50.6 35 33 0 20.400000000000002 8.200000000000001 18.6 27.6 34.2 27.8 69.60000000000001 15 28.200000000000003 31.200000000000003 15 76.2 26.6 16.8 24.400000000000002 0 0 0 0 0.4 0 12.4 0 0 2.2 0 13.200000000000001 0.6000000000000001 12.600000000000001 13 0 14.8 0 0.6000000000000001 0 0 0 0 0 0 0 0 0 0 0 0.4 0.4 0 0 0 0 0 0 0 0 0 0 0 0 0 0 0 0 0 0.2 0 0 0 0 0 0 0 0 0 0 0 0 3 0 5.4 2.8000000000000003 0 0 2 2.4000000000000004 0 0 0 0 2.2 0 1.8 2.4000000000000004 1.8 0 2.2 0 0 2 0 0 3.2 0 0 3.4000000000000004 0.2 0 6.6000000000000005 1.4000000000000001 0.2 0 0.2 0.2 2.4000000000000004 3.2 0 0 0 0 0 0 0 0 0 0 0 0 0 0 0 0.2 4.2 0 0 0 0 0 0 0 0 0 0 0 0 0 0.4 0 0 0 0 0 0.4 0 0 0 0 3.4000000000000004 1.2000000000000002 2.6 0 4 2.6 0 0 6.4 2.2 4.6000000000000005 0 0 6.2 0 0.4 2.6 0 0 4 2.2 0 0 0 0 3 0 0 2.8000000000000003 0 2.6 9.4 2.2 2 10.8 0 0 2 0 0 0 0 0 0 0 0 0 0 0 0 0 0 0 0 0 0 0 0 0 0 0 3.6 0 0 0 0 0 0 0 0 0.4 0 0 1.8 0.2 0 15.4 9 0 0 0.4 0 0 0 0 0.2 0 0 0 0 0.2 0 0 0 0 0 0 0 1 0 1.2000000000000002 0 0.2 0 2.4000000000000004 0 0 0 0.2 
 0 0 0 0 0 0.8 0 0 0 0 0.2 0 0.6000000000000001 0 0 0 0 0.2 0.4 0 9.4 12 8.6 54 20.400000000000002 0 5.4 6.2 9 14.8 11.600000000000001 22.8 20.200000000000003 35.6 52.800000000000004 11 16.2 25.8 15.600000000000001 14 0 4 13.600000000000001 0 0.4 1 25 29.200000000000003 0 0.6000000000000001 0.4 3.2 11.200000000000001 12.600000000000001 0.2 4 6.6000000000000005 0.6000000000000001 24.6 25.200000000000003 0.2 0 0 0.4 0 24 0 0 0 0 0.4 0.2 0.2 9.8 0 0 0 0.2 0 0 0 0 0 0 0 0 2 0 0 0 0 0 0 0 0 0 0 0 0 0 0 0 0 0.2 1.6 7.6000000000000005 0 0 0 0 2.6 2 0.2 0 0 0 0 0 0 0 1.4000000000000001 0 2 0 0 0 4 13.600000000000001 2.4000000000000004 0 0.2 0 5.800000000000001 2.4000000000000004 4.800000000000001 0 0.6000000000000001 0 8 8 0 0 0 0 0 0 0 0 0 0.2 0 0 0 0 0 0 0.2 0 0 0 0 0 1.4000000000000001 0 0 0.4 0 0 0 0 0.4 0 0 0 0.8 0 0.2 0 0 0 0 0 0 2.2 1.8 5.2 0 0 0 0.2 0 2 0 0 0 0.2 0 0 0 0 1.4000000000000001 0 3.8000000000000003 2 0 2.6 0 3.4000000000000004 5.4 7.6000000000000005 2.4000000000000004 1.6 3 5.4 4.4 2.8000000000000003 2.2 3.6 16.2 4.6000000000000005 0 0 0 0 0 0 0 0 0 0 0 0 0 0 0 0 0 0.2 0.4 0 0 0 0 0 0 0 0 0 0 0 0 0 0 0 1.6 0 1.6 16 0 0.2 0.2 0 0 0 0 2.6 0 0 3 0 0 0 0 0 0 0 0 0 0 0 0 0 0 0 0 0 0 0 0 0 
 40.800000000000004 14.8 0.2 29.400000000000002 16.6 15.600000000000001 0.4 41 0 29 14.8 0 0.4 0 0 4 0.2 14.8 0 0 9.600000000000001 31.400000000000002 11.4 15.600000000000001 8.200000000000001 5.4 0 35.2 6.6000000000000005 7.4 51.800000000000004 5.4 12.600000000000001 34.800000000000004 7.800000000000001 6.800000000000001 21 3 26.8 41 0 0 0 0 0 0 0.4 0 0.4 0.6000000000000001 0 0.6000000000000001 0 0 0 5.2 0.6000000000000001 0 0.6000000000000001 0.6000000000000001 0 0.6000000000000001 0 2 0 0 0 0 0 0.4 0.4 0.6000000000000001 0 0 0 0 1.6 0 0.6000000000000001 0 0 0.2 0 2.6 2 2.8000000000000003 0 0 0.2 2.8000000000000003 0.2 2.2 0 0 0 0 0 0 0 0 4.4 7.4 2 1.8 0 0 5.4 0 0.4 3.8000000000000003 0 0 4.800000000000001 10 2.2 11.4 0 0 6.2 9.8 0 0 5.6000000000000005 0 0 0 0 0 0 0 0 4 0 0 0 0 0 0 0 0 0 0 0 0 0 0 0 0 0 2.6 0 0 0 0 0 0 0 1 0 0 0 0 0 3.6 3.8000000000000003 0 1.8 5.6000000000000005 0 0 4 0 0.8 0 0 0.2 0 0 0 0 1.8 0 0.8 0 0 0 2.8000000000000003 0.2 0.2 0 0.2 0 5.4 8.6 0 2.2 0.6000000000000001 0 0 3 0 0 0 0 0 0 0 0 0 0 0 0 0 0 2.2 0 0 0 0 0 0 0 0 0 0 0 0 0 0 0 0 0 0 0 0 0 0 0 0 0.2 0 0 0 0 0 0 16 0 0 15.200000000000001 0 0 0 0 0 0.4 0 0.2 0 0 0.4 0 0 0 0 0 0 0 0 0 0 0 0 0 0 4.4 0 0.8 0 0 0 0 0 0 0 1.6 0 0 0 0 
 0.6000000000000001 1 0.6000000000000001 0.6000000000000001 5.800000000000001 16 1 0.6000000000000001 0.6000000000000001 0.6000000000000001 1 0.6000000000000001 13.4 0.6000000000000001 0.8 0.6000000000000001 0.6000000000000001 0.6000000000000001 0.6000000000000001 0.6000000000000001 8.6 85.2 19.8 15 18.6 6.2 35.2 0 16 30 25.6 23 11.4 13.8 30.200000000000003 15.4 7.2 16.400000000000002 22.8 26.6 0.6000000000000001 0 0 0 0 13.4 0.4 0 0.4 0.6000000000000001 0 0 0 0 0 0 0.6000000000000001 0 0.6000000000000001 0 0 0.8 0 0.2 0 0.2 0 0 0 0 0.4 0 0.2 0 0 0 0 0.6000000000000001 0.2 0 0 0 0 0 0 0 0 0 0 0.4 0 0 0 0 0 0 0 0 0 0 8.6 2.4000000000000004 0 5.2 0.2 0 7.800000000000001 0.2 10.4 4.800000000000001 0 0 2.2 13 0 2 2.6 0 0 4 0 2.8000000000000003 0 2.6 0 0 7.6000000000000005 0 0 0 0.4 0 0 0 0 0 0.2 0.4 1.8 0 0 0 0 0 0 0 0 0 0 0 0 0 1 0 0 0 0 0 0 0 0 0 0 0 1.4000000000000001 0 0.6000000000000001 0 0 0 0.4 0 0 0 0 0 0 0 0 0 1.8 2 2.2 11.600000000000001 3.6 1.8 3.6 14.4 2.4000000000000004 0 0 2.2 0 0 1.6 4.2 4.4 0 6 3.4000000000000004 0 0 0 0 0 0 0 0 0 0 0 0 0 1.4000000000000001 0 0 0 0 5.6000000000000005 0 0.4 0 0 0 0 0 0 0 0 0 0.8 0 0 0 0 0 0 0.4 0 2.4000000000000004 0 0 0 0 0 0 0 0 0 0 0 0 0 0 1.4000000000000001 0.4 0.4 0.2 0 0 0 0.2 0 0 0 0 0 0 0 0 0 0 0 0 0.6000000000000001 0 0 0 0 0 0 0 0 0.4 0 3.8000000000000003 0 0 0 0 
 0 0.6000000000000001 0.8 0 15.4 5 0.6000000000000001 0 14.4 0 0.2 0.6000000000000001 0 0 0 0.4 0 0 0 0 25.6 33.2 62 29.200000000000003 27.6 9 6.6000000000000005 16 0 53.400000000000006 25.6 20.200000000000003 36.4 22 35.800000000000004 11.600000000000001 20.200000000000003 9.200000000000001 24.400000000000002 17.8 0 0 0 0 0.4 0 0 6.4 0 0.4 0 10.600000000000001 0 0 0 0 13 0 0.6000000000000001 0 0 0 0 0 0 0 0 0 0.8 0 1.2000000000000002 0 2.2 0 0 0 0 0 1.2000000000000002 0 0 0 0 0 2.8000000000000003 5.6000000000000005 0.4 0 0 0 0 0 0 0 0 0 0 0 0 0 7.6000000000000005 5 5.2 2 0 0.4 1.2000000000000002 2.8000000000000003 5.6000000000000005 3.4000000000000004 0.4 4 0 3.8000000000000003 7.6000000000000005 3 1.2000000000000002 2 0.6000000000000001 0 0.6000000000000001 0 0 0 0.4 0 0 0 0 0 0 0 0 0 0 0.2 0 0 0 0 0 0 0 0 0 0 0.2 0 0.2 0 0 0 0 0 0 0 0 0.4 0.4 0 0 0 0.2 0.4 1.4000000000000001 0 0 0 0 0 0.2 0 0 0 0 0 0 0 0 0 0.2 4.2 3.8000000000000003 0 4.800000000000001 0 0 0.8 2.6 1.4000000000000001 7.2 8.4 6.800000000000001 8.200000000000001 2.4000000000000004 5.6000000000000005 0 0.6000000000000001 0.2 3 0 0 0 0 0 0 1 0 0 0 0 0 0 3.8000000000000003 0 0 0 0 0 0 0 0 0 0 0 0 0 0 0 0 0 0 0 0 0 0 0 0 0 0 0 0 0.2 0 0 0 0 0 0 0 0 0 0 0 2 0 0.4 0.4 0.2 0.4 0.6000000000000001 0.2 0 0 0 0 0 0 0 0 0 0.2 0 0 0 0 0 0 0 3.4000000000000004 0 1.6 0 0 0 0 1.6 0 0 0 
 0.4 0 0 18.6 16.400000000000002 0.2 0.4 0 18.6 0 0 0.4 0 0.2 0.4 0 0 0 0 0 54.800000000000004 25.400000000000002 12.200000000000001 37.800000000000004 34.2 14.8 7.4 30 53.400000000000006 0 19.200000000000003 41.6 24.8 91.4 31.400000000000002 30 73.4 36 15.600000000000001 19.6 4.2 0 0.4 0 0.4 0 0 1.8 0 0.6000000000000001 0 0 0 0.2 0 0 0.8 0 0.6000000000000001 0 0 0 0 0 0 0 0 0 0 0 0.4 0 0 0 0 0 0 0 0 0 0 0 0 0 0 0 0 0 0 0 0 0 0 0 0 0 0 0 0 0 5.4 0 2 2.8000000000000003 0.2 0 0 0.2 17 10.200000000000001 0 0 0 3.4000000000000004 0.2 2.8000000000000003 4.4 3.8000000000000003 0 0 2.2 0 0 0 0 0 1.8 0 0 0 0 2 4 1.6 0.2 0 0 0 2.2 0 0 0 0 0 0 0 0 0 0 0 0 0 0.8 0 0 0 0 0 0 0 0 2.8000000000000003 0 0 0 0 0.4 0 2.2 0 0.6000000000000001 0 0 0 0 0 0 0 0 0 0 5 2.2 2.4000000000000004 5 3.2 0 19.400000000000002 6.2 0 4.6000000000000005 0 0 1.4000000000000001 6.2 0 2.8000000000000003 4.4 0 0 0 0 0 0 0.2 0 2.6 0 0 0 0 0 1.6 3.8000000000000003 0 0 0 0 0 0 0 0 0 0 0 0 0 0 0 0 0 0 0 0 0 0 5.6000000000000005 0 0 0 0 0 4.2 0 0 0 0 0 0 0 0 0 0 0 3.6 0 0 15.4 18.6 0.4 0 2.4000000000000004 0 0 0 0 0.2 0 0 0 0 0 0 0 0 0 0 0 0 0 0 2.2 0 0 0 0 0 0 0 0 
 41.400000000000006 0.6000000000000001 0.8 0.6000000000000001 0.6000000000000001 0.6000000000000001 0.6000000000000001 0.8 0.6000000000000001 0.6000000000000001 0.6000000000000001 0.6000000000000001 0.6000000000000001 0.6000000000000001 0.6000000000000001 0.6000000000000001 0.6000000000000001 0.8 0.6000000000000001 0.6000000000000001 83.4 46.2 8.200000000000001 34.800000000000004 27.8 11.600000000000001 51.800000000000004 25.6 25.6 19.200000000000003 0 72.60000000000001 42.400000000000006 86.4 26.400000000000002 69.60000000000001 70.4 30.400000000000002 8.6 17 0 0 0 0 0.2 0 0 0 0 1.6 0 0 0 0 0 0 1 0 0.6000000000000001 12.8 0.6000000000000001 0 0 10.200000000000001 0 0 0 0 0 0.8 0.4 0 0.4 0 0 0 0 0 0.2 0 0 0 0 0 0.2 3.4000000000000004 0 0 0 0 0 0 0 0 0 0.4 0 0 0 0 2 0 9.4 7.6000000000000005 5.800000000000001 0 0 1.4000000000000001 4.800000000000001 0.2 4.6000000000000005 1.2000000000000002 0 3.4000000000000004 0 6.6000000000000005 11 5 0 3.6 0 0 0 0 0 0 1.2000000000000002 0 1.6 0 0 0 1.4000000000000001 1.2000000000000002 0 0 0 0 0 0 0 0 0 0 0 0 0 0 0 0 0 0 0.2 0 0.4 0 0 0 0 0 0 0 0 0 0.2 0 1.4000000000000001 0.4 0 0 0.4 0 0 0.2 0 0 0 0 0 0 0 5.6000000000000005 2.4000000000000004 5 2.8000000000000003 0 0 6.4 2.8000000000000003 0.8 2.2 0 0.4 0.2 6.2 4.800000000000001 5 1.8 2.8000000000000003 0 0 0 0 0.2 0 0.2 0 0 0 0 0 0 4.4 4.2 0 0.2 3 0 2.2 0 0 0 0 0 0 0 0 0 0 0 0 0 0 0 0 6.4 0 0 0 0 0 0 3.6 0 0 0.2 0 0 0 0 0 0 0 0 1.8 0 0 1.4000000000000001 15 1 0 5.800000000000001 0 0 0 0 0 0 0 0 0 0 0 0 0 0 0 0 0 0 0 2 0 0 0 2 0 0 0 0 
