 0 20.200000000000003 17 32.800000000000004 9 6.800000000000001 10.600000000000001 19.400000000000002 11 9.8 28 10.8 43 8.6 36.4 67.2 21.200000000000003 89.80000000000001 9.200000000000001 58 0.6000000000000001 0 0.2 12.8 0.4 0 0 0 0.4 0 0 0 0 0.6000000000000001 0 0 0 0.2 0 0 0 0 0.4 0.4 0 0 0.2 1.2000000000000002 0 0 0 0 0 0 0 0.4 0 0 0 0 0 0.4 0 0.6000000000000001 0 0.4 0 0.2 0 0 10.200000000000001 0 0 0 0.6000000000000001 0 0 0 0 11.4 6 3.6 8.8 6.6000000000000005 3.2 1 1.2000000000000002 3.2 4.800000000000001 0 7.4 3.6 3 8.200000000000001 0 3.4000000000000004 0 0.2 5 0.4 0 0 0 0 0 0 0 0 0 0 0 0 0 0 0 0 0 0 0 0 0.2 0 0 0 0 0 0 0 0 0 0 0 0 0 0 0 0 0 0 0 0 0 0.2 0.2 0 0 0 0.4 0 0 0 0 0 0 0 0 0 0 0 0 2.2 4.6000000000000005 2.8000000000000003 3 0 0 0 1.8 2 1.8 3.8000000000000003 0.2 0 1.4000000000000001 4.4 0 0 0 3.2 6.2 0 0 0 0 0 0 0 0 0 0 0 0 0 0 0 0.2 0 0 0 0 0 0 0 0 0 0 0 0 0 1.8 0 0 0 0 0 0 0 4 0 0 0 0 0 0 0 0 0 0 0 0 2 0 0 0 0 0 0 0 0 0.2 0 0 0 0 0 0.6000000000000001 8.4 0 0.4 0.2 0 0.4 3.2 3.4000000000000004 0 0 0 0 0 0 0 0 0 0 0 0 0 0 0 0 0 0 0 0 0 0 2.8000000000000003 0 0 0 0 0 0 0 0 0 0 0 0 0 
 20.200000000000003 0 23 13.200000000000001 29.200000000000003 50.400000000000006 17.8 25.6 14.600000000000001 37.2 44.2 25.200000000000003 53.2 27.8 14.4 10.8 31.8 84.60000000000001 105.60000000000001 93.2 0.8 0 0.8 0 0.4 0 0.2 0 0.4 0.4 0 0 0 0.6000000000000001 0 0 0 0.2 0 0.8 0 0 0.4 0.6000000000000001 0 0 0.8 1.2000000000000002 0 0.6000000000000001 0 0.4 0 0 0 0.6000000000000001 0 0 0 0 0 6.2 0 1 0 0.4 0 0 0 3.2 0 0 0 0 0.6000000000000001 0 0 0 0 0.6000000000000001 1.8 4.800000000000001 5.6000000000000005 2.6 0 3.8000000000000003 7.6000000000000005 3.4000000000000004 5.800000000000001 2.6 3.2 6 0 1.4000000000000001 2.6 10.8 4.2 1.6 1.4000000000000001 2.6 0 0 0 0.2 0 0 0 0 0 0 0 0.4 4 0 0 0 0 0 0 0 0 0 0 0 0 0 2 0 0 0 0 0 0 0 0 0 0 0 0 0 0 0 0 0 0 0 0 0 0.4 0 0 0 0 0 0 0 2.4000000000000004 0 0 0 3.2 2.2 0 5.2 3.2 2.2 5.6000000000000005 2 11.200000000000001 7.2 0 7.6000000000000005 2 0 2.6 0 0 0 1.8 0 0 2.2 0 0 0 0 0 0 0 0 0 0.4 0 0 0.4 0 0 0 3 0.2 0 0 0 0 0 0 0 0 0 1.8 0 0.2 0 4.6000000000000005 0 0 0 0 0 0 0 0 0 0 0 0 0 0 0 0 0 0 0 0 0 0 0 0 0 0 0 0 0 0 0 0.4 8.8 0.4 0.2 17.6 0 2.4000000000000004 0 0 0 2.4000000000000004 0 0 0 0 0 0 0 0 0 0 0 0 0 0 0 0 0 0 0 3.4000000000000004 0 9.4 0 0 0 0 0 0 0 0 0 2.6 0 0 
 17 23 0 42.6 14.4 43.2 13.4 100.2 36.2 95.2 130.4 22 15.200000000000001 19.8 15.4 28.6 14.600000000000001 27.400000000000002 9.600000000000001 7.6000000000000005 0.6000000000000001 0 0 0 0.4 0 0.4 0 0.2 0 0 0 0.4 0.4 0 0 0 0.2 14.8 1.8 0 0 0.6000000000000001 1.6 0 0 0 0.2 0 0 0.2 0.2 0 0 0 0.4 0 0 0 0 0 0.4 0 0.6000000000000001 0 0.4 0 0 0.4 0 0 0 0 0 0.6000000000000001 0 0 0 0 0.6000000000000001 3.2 0.2 0 3 0.4 3.8000000000000003 0.2 0 3.2 9.4 6.4 11 0 0.2 1.2000000000000002 3.6 6.2 0 0 0 2 0 0 0 0 0 2.4000000000000004 0.2 0.2 0 0 0 8 0.2 0.2 0 0 0 3.6 3.6 0 0 0 0 0 0 0 0 0 0 0 0 0 0 0 0 0 2.2 0.4 0 0 0 0.6000000000000001 0 0 0 0 0 0 0 1.4000000000000001 0 0 0 0 2.2 0 0 0 0 5.6000000000000005 0 2 2.2 2.6 2.6 0 0.2 0 1.4000000000000001 0 4.4 0 0 2.4000000000000004 3.2 4.6000000000000005 10.600000000000001 0 0.4 3.8000000000000003 2.2 0.8 0 0 0 0 0 0 0 0 0 3.6 0.2 6 0 0 0 4.800000000000001 5 0 0 0 0 0 0 0 0 0 0 0 0 0 0 0 0 0 0 0 0 0 0.4 0 0 0 0 0 0 2 0 2.2 0 0 0 0 0 0 0 0 0 0 0.6000000000000001 0 0 0 0.2 17.6 0 0 0.4 3.8000000000000003 1.8 0 0 0 0 0 0 0 0 0 0 2.4000000000000004 0 0 0 0 0 0 0 0 0 0 0 0 2.6 0 0 0 0 0 0 0 0 0 0 0 0 0 0 
 32.800000000000004 13.200000000000001 42.6 0 36.4 28 26.8 50.800000000000004 31.400000000000002 18.400000000000002 45 45.2 17.2 19.8 76 9.8 9.8 14 23.8 16 6.6000000000000005 1 0 0 0.8 0.2 0 1.2000000000000002 0.4 0 0 0 7.6000000000000005 1 0 1.2000000000000002 0 0.2 7.800000000000001 1 0 0 0.2 0.4 0 0 0.4 4.4 0 0 0 0 0 0 0 0.4 0 0 0 1.2000000000000002 0 1.4000000000000001 0 1.4000000000000001 0 0.4 6.6000000000000005 0 0 1 0 1.2000000000000002 0 0 0.6000000000000001 0 0 0 0 0.6000000000000001 2 6.4 5.4 4.6000000000000005 5.800000000000001 5.2 0 0.4 4 7.6000000000000005 7.800000000000001 3.4000000000000004 0 0 0 2.6 2.8000000000000003 4.800000000000001 0 0 0 0.6000000000000001 0 0.2 0 0 0.2 2.2 0 0 0 0 6 0 0 0 0 0 0 0 0 0 0 0 0 0 0 0.4 0 0 0 0 0 0 0.4 0 0 0 0 0 0 0 0 0 0 0 0 0 0 0 0 0 0 0 0 0 2.4000000000000004 0 0 0 0 0.2 0 3.2 3 2.6 2.4000000000000004 0 0 6.4 4.6000000000000005 0.2 0 0 0.4 0 2.2 5.800000000000001 0 0 1.8 2.2 3.8000000000000003 0 0 0 2.8000000000000003 0 0.4 0 0 0 0 1.4000000000000001 2.8000000000000003 0 0.2 0 4 0 0 0 0.2 0 0 0 0 0 0 3.6 0 0 0 0 0 0 0 0 0 0 0 0 0 0 0 0 0 0 0 0 0 0 0 0 0 0 0 0 0 0 0 2 0 0 0 0 0.4 0 1.8 1.2000000000000002 0.4 5.4 0.4 0 0 0 0 0 0 0 0 0 5.2 0 0 0 0 0 0 0 0 0 0 0 0 0 3.2 0 0 0 0 0 0 0 0 0 0 0 0 0 
 9 29.200000000000003 14.4 36.4 0 102 11.600000000000001 14 19.400000000000002 52.400000000000006 56.800000000000004 60.6 17.400000000000002 58.2 33.4 36.4 30.200000000000003 27.200000000000003 18.6 52.800000000000004 0.8 15.200000000000001 0 0 0.4 0 4 14.8 0.2 0 0.6000000000000001 0.6000000000000001 0 0.4 17.6 0.4 0.6000000000000001 0.8 16 30.8 0 14.200000000000001 0.6000000000000001 0.4 0 0.4 0 0 0 0 0 0.4 0 1.4000000000000001 3 0.4 0 1 0 0 10.4 10.200000000000001 0 0.6000000000000001 0 0.8 0 0 0 0 4.4 0.2 0 0 0.6000000000000001 0 0 0 0 9.4 0 2.8000000000000003 3 0 16 2 0 2.6 8.6 2 0 0 0 1.6 0 5.6000000000000005 0 2.6 6.2 0 2 1.6 0 0 0 0 6.4 5.4 1.4000000000000001 0 0 0 3.8000000000000003 2.6 2 0 0 0 4.4 8.4 0 0 0 0 0.4 0 0 4 0 0 0 0 0 0 0 0 0 0 0 0 0 0 0 0 0.2 0 0.2 0 2.8000000000000003 0 0 0 0 0 0 0 0 0 0 0 0 0 0 2.2 0 0 1.2000000000000002 2.4000000000000004 0 11.4 0 3 0 0 0 0 2.2 0 0 0.4 0 0.2 1.6 3 0 0 7.800000000000001 0 0 0.4 0 0 0.2 2 3 2.2 3 0 0 3.4000000000000004 0 0 0 0 0.2 0 0 0 0 0 0 0 0 0 0 0 0 0 0 0 0.2 0 0 0 0 0 0 0 0 0 0 0 0 0 0 0 0 0 0 0 0 0 4.6000000000000005 0 0 0.4 0.6000000000000001 0.4 0.2 17.6 5.2 3.8000000000000003 0 0 0 0 0 0 0 0 0 0 0 0 0 0 0 0 0 0 0 0 0 0 0 1.6 2.8000000000000003 2.8000000000000003 0 0 0 0 0 0 0 0 0 0 0 0 
 6.800000000000001 50.400000000000006 43.2 28 102 0 10.600000000000001 6.4 38.400000000000006 13.8 83 10.200000000000001 8.6 25.400000000000002 11 17 30.6 51 21.200000000000003 10.600000000000001 22.200000000000003 14.4 0 0 0.8 0 0 0.2 0 0 0 0 18.2 4.800000000000001 27.6 0 15.600000000000001 0.4 3.4000000000000004 15 0 0 0.2 0.4 0 0 0.4 0 0 12.4 0 0 0 0.6000000000000001 0.2 0.2 0 0 0 0 0 0.4 0 0.6000000000000001 0 0.4 0 0 0 0 0 0 5.4 0 0.6000000000000001 0 0 0 0 0.6000000000000001 0 0.2 0.2 3.6 2 2.2 0 0 0 2.6 2.8000000000000003 6 0 0 2 0 2.4000000000000004 0 0 0 5.4 1.2000000000000002 3.8000000000000003 0.2 0 0 16 0.2 6.4 0 4.4 0 8.200000000000001 0.2 0.2 5.2 0 3.2 1.6 5 0 0 0 0 0 0 0 0 0 0 0 0 0 0 0 0 0 0 0 0 0 0 0.8 0 0 0 0 0 0 0 0.8 0 0 0 0 0 0.2 0 0 0 0 0 0 0.2 2.8000000000000003 7 0 0 0 2.2 4.6000000000000005 0 0 0 0 2 2 2.8000000000000003 0 0 0 6.2 5.2 3 0 0 1.6 0 0 0 10.4 0 0 6.800000000000001 2.6 2.8000000000000003 2.8000000000000003 1.8 0 7.2 0 0 0 0 0 0 0 0 0 0 0 0 0 5 0 0 0 0 0 0 0 0 0 0 0 0 0 0 0 0 0 0 0 0 0 0 0 0 0 2.2 0 0 1.6 0 0 0.2 0.8 0 0 0.2 0 1.6 0 0 0 0 0 0 0 0 0 0 0 0 0 0 0 0 0 0 0 0 0 0 0 2.8000000000000003 0 0 0 0 0 0 0 0 0 0 0 0 0 0 
 10.600000000000001 17.8 13.4 26.8 11.600000000000001 10.600000000000001 0 15.200000000000001 23.6 47.400000000000006 9 6.4 32.800000000000004 45.800000000000004 26.200000000000003 38 6 74.2 16 13.4 1 0.2 0 0 0.4 0.6000000000000001 0 0 0.2 0 0 0 0 0.8 0 0.4 0 0.2 0 0 0 0 1 1 1.4000000000000001 4.2 0.2 0 0 0.2 0.2 4.4 0 0 0 0.4 0 0.4 0 0.4 1 0.4 0.2 0.6000000000000001 0 0.4 0.6000000000000001 0 0 0 0 0 0.6000000000000001 1.2000000000000002 2.6 0.8 3.2 0 0.2 0.6000000000000001 0 2.2 0 2.8000000000000003 0 3 0 3.4000000000000004 1.8 0 2 0 2.8000000000000003 3.6 9 0.4 0.2 4 0.4 5.6000000000000005 0 4.6000000000000005 0 0 0 0 0 0.4 0 0 0 0 0 0 0 0 0 0 0 0 0 0 0 0 0 0 0 0 0 0 0 0 0 0 0 0.2 0 0 0 0 2.6 0 0 0 0 0 0 0 0 0 0 0 0 0 0 0 0 0 0 0 3.2 0.2 1 0 0 2 3.2 0.6000000000000001 2.2 2.4000000000000004 0 0 0 10 0 4 3.4000000000000004 0 2.2 0.6000000000000001 0 0 0 0 0 0 0 0 0 0 0 0 0 0.2 0 0 0 0 0 0 0 0 0 0 0 0 0 0 0.4 0 0 0 0.2 0 0 0 0.6000000000000001 0.2 0 0 0 0 0 0 0 0 0 0 0 0 0 0 0 0 0 0 0 0 0 0 0 0 0 0 0 0 0.4 0 9.8 0 0 1.8 0.4 0 0 0 0 0 0 0 0.2 0 0 0 0 0 0 0 0.4 0 0 0 0 0 0 0 0 0 0 0 0 0 0 0 0 0 0 0 0 0 
 19.400000000000002 25.6 100.2 50.800000000000004 14 6.4 15.200000000000001 0 35.4 107.4 15.4 7.800000000000001 65 48 36.800000000000004 54 24.6 6.2 80 32.2 0.6000000000000001 0 0 0.4 0.4 0 0.4 0.4 0.4 0 0.4 0 0 0.6000000000000001 0 0 0 0.4 0 0 0 0 0.2 1 0.2 0 1 0 0 0 0 0 0 0 14.600000000000001 0.4 0 0.6000000000000001 0 0 0 0.6000000000000001 8.6 0.8 0 0.4 0 0 0 0 0 0 0 1.2000000000000002 0.6000000000000001 0 0 0 0 0.6000000000000001 3.4000000000000004 5.4 5.2 3.8000000000000003 4.2 4 0 12.4 5.2 1.6 2 6.4 0 2.8000000000000003 4.800000000000001 2 5.800000000000001 0.2 3.8000000000000003 2 4.6000000000000005 0 0 0 0 0 2.8000000000000003 0 0.6000000000000001 0 0 0.6000000000000001 2 0 0 0 0 0 1.4000000000000001 1.8 0 0 0 0 0 0 0 0 0.4 0 0 0 0 0 0 0 0 0.4 0 0 0 0 0 0 0 0 0 0 0 0 0.6000000000000001 0 0 0.4 0 0 3.2 0 0 0 0 0 2.6 0 5.6000000000000005 7 0 3.8000000000000003 5.800000000000001 1.4000000000000001 3.2 0 2.4000000000000004 2 8.6 4 2 4.2 4.6000000000000005 2.8000000000000003 0 0 0 0 0 0 0.2 0 0 0 0 0 1.6 0 4.2 0 0 0 3.2 1.6 0 0 0 0 0 0 0 0 0 0 0 0 0 0 0 0 0 0 0 0 0 0 0 0 0 0 0 3 0 0 0 0 0 0 0 0 0 0 0 0 0 0 0 0 0 0.2 0.4 0 0 0 0 1.6 0 0 0 0 0 0 0 0 0 0 0 0 0 0 0 0 0 0 0 0 0 0 0 9.600000000000001 7.6000000000000005 0 0 0 0 0 0 0 0 0 0 0 0 0 
 11 14.600000000000001 36.2 31.400000000000002 19.400000000000002 38.400000000000006 23.6 35.4 0 45.6 82.60000000000001 8.6 20.6 46.800000000000004 22.200000000000003 47 38.400000000000006 38.2 34.6 17.6 0.6000000000000001 0 0 0.4 0.6000000000000001 0 0 0 0.2 0.2 0.4 0 7.2 0.6000000000000001 0 0 3.2 0.2 7.6000000000000005 14.600000000000001 0 0 0.4 1 0.4 0 1 0 0 0 0 0 0 0 0 0.4 0 0 0 0 0 0.6000000000000001 0 0.6000000000000001 10 0.6000000000000001 0.4 0.4 0 0.4 6 0 9.8 7.2 1 0 0 0 14.200000000000001 1 0 4 0 3.8000000000000003 0.6000000000000001 2.6 2.6 0.2 0 2.8000000000000003 3.2 3 1.6 0.2 3 0 2.8000000000000003 13.200000000000001 0 1.4000000000000001 4.800000000000001 0 0 0 0 0 0.2 0.2 0 0.2 0 0 3 3.2 3 0 0.2 0 3.6 0 0 0 0 0 0 0 0 0 0 0 0 0 0 0 0 0 0 0 0 0 0 0 0.8 0.4 0 0 0 0 0.4 0 0.6000000000000001 0 0 4.4 0 3.2 1.8 0 0 0 2.6 0.8 2.2 2.6 2 7.800000000000001 5 0 0 0 4.2 0 0 0 0.2 6.6000000000000005 2 2.8000000000000003 2 3.4000000000000004 0 0 0 0 0 0 0 0 0 0 0 0 0.2 5.2 2.2 0 0 0 0.4 0 0 0 0 0.2 3 0 0 0 0 0 0 0.4 0 0 0 0 0 0 0 0 0 0 0 0 0 0 0 0 0 0 0 0 0 0 0 0 0 0 0 0 0 0 0 0 0 1.2000000000000002 11 0 0.6000000000000001 17.8 0 1.8 0 0 0 0 0 0 0 0 0 0 0 0 0 0 0 0 0 0 0 0 0 0 0 0 2.8000000000000003 0 0 0 0 0 0 0 0 0 0 0 0 0 
 9.8 37.2 95.2 18.400000000000002 52.400000000000006 13.8 47.400000000000006 107.4 45.6 0 65 33.800000000000004 9.4 33.800000000000004 49.2 106.80000000000001 48.2 24.200000000000003 17.2 40 0.6000000000000001 0.4 0 0 1 0 14.8 0.4 0.4 0 0 0 0.6000000000000001 0.6000000000000001 0.4 0.4 0.4 0.8 14.600000000000001 15.8 0 0 0 0.4 0 0 0.6000000000000001 0 0 0 0 0 0 0 0 0 0 0 0 0 0 6.6000000000000005 0 0.6000000000000001 0 0.4 0 0.2 0.8 0 0 0 0 0 0.6000000000000001 0 0 8.200000000000001 0 0.6000000000000001 0 2.2 0 0 2.8000000000000003 0 0 9.4 7 5.2 0 14.600000000000001 0 1.8 4.800000000000001 8 7.6000000000000005 0 3.4000000000000004 0.2 7.6000000000000005 0 0 0 0 0 2.6 2.8000000000000003 0 0 0 0 4.6000000000000005 0 8.200000000000001 0 0 0 5 1.8 0 0 0 0 0 0 0 0 0 0 0 0 0 0 0 0 0 0 0 0 0 0 0 0 0 0 0 0 0 0 0 0 0 2.4000000000000004 0 0 0 0 0 0 3.6 5.2 0 2.4000000000000004 6.800000000000001 0 2 9.600000000000001 2.4000000000000004 4.6000000000000005 0 2.8000000000000003 3.4000000000000004 4.4 2.2 1.2000000000000002 1.4000000000000001 0 9.200000000000001 0.6000000000000001 3.8000000000000003 3.2 0.2 0 0 0 0 0 0 0 6.6000000000000005 0 5 0 12.8 0 0 0 3.6 0.2 0 0 0 0 0 0 0 0 0 0 0 0 0 0 0 0 0 0 0 0 0 0 0 0 0 0 0 0 0 0 3.6 0 0 0 0 0 2 0 0 0 0 0 0 0 0 0.2 0.4 0 0 0.4 0 2 0 0 0 0 0 0 0 0 0 0 0 0 0 0 0 0 0 0 0 0 0 0 0 6.4 0 2.2 0 0 0 0 0 0 0 0 0 0 0 0 
 28 44.2 130.4 45 56.800000000000004 83 9 15.4 82.60000000000001 65 0 11.8 8 8 23.400000000000002 40.400000000000006 56 39 9 12.200000000000001 0.6000000000000001 0.4 0 0 1 0 0 0.6000000000000001 0.2 0 0 0.4 0 0.6000000000000001 1 0.4 0.6000000000000001 0 0 15 0 0.4 0.8 0.4 0 0 0.4 2.4000000000000004 0 0.4 0 0 0 0 0.6000000000000001 0.2 0 0 0.4 0 0 0.8 0.2 0.6000000000000001 0 0.4 0 0 0 0.4 0.6000000000000001 0 0 0 0.6000000000000001 0 0 0 0 0.6000000000000001 5.800000000000001 2.8000000000000003 5.4 8 3 5.6000000000000005 0 1.2000000000000002 5.6000000000000005 3.4000000000000004 11.600000000000001 1.6 2.8000000000000003 2.8000000000000003 0.4 2.4000000000000004 0 2 4.2 0 3 0 0 0 0 0 3.2 0 0 0 0 0 0 0 0 0.2 0 0 1 0 0 0 0 0 0 0 0 0 0.4 0 0 0 0.2 0 0 0 0 0.4 0 0 0 0 0.4 0 0 0 0 0 0 0.2 0 0 0 0.4 0 0 0 0 0 0 0 2 2.2 1.8 0.4 2.4000000000000004 3.8000000000000003 0 3.8000000000000003 0.8 6.2 0.4 0 0.4 1 0 1.8 0.6000000000000001 0 2.8000000000000003 4.4 3 1.8 0 0 0 0 0 0 0 0 0 0 1.4000000000000001 5.2 3 0 0 3.8000000000000003 3.6 1.8 0 0 0 0 0 0 0 0 0.6000000000000001 0 0 0 0 0 0 0 3.8000000000000003 0 0 0 0 0.2 0 0 0 0 0 0 0 0 0.4 0 0 0 0 0 0 0 0 0 0 0 0 0 0 18.6 0 0.2 0.6000000000000001 4.800000000000001 4.4 0 0 0 0 0 0 0 0 0 0 1.8 0 0 0 0.2 0 0 0 0 0 0 0 0 0 3.2 0 0 0 0 0 0 0 0 0 0 0 0 0 
 10.8 25.200000000000003 22 45.2 60.6 10.200000000000001 6.4 7.800000000000001 8.6 33.800000000000004 11.8 0 8.4 6.6000000000000005 26.8 7.6000000000000005 30 39.2 5 27.200000000000003 0.6000000000000001 0.8 16 1 0.4 0.4 15.600000000000001 0.6000000000000001 0.4 0 1.2000000000000002 1.4000000000000001 0 1 0.6000000000000001 0.6000000000000001 0.8 0.6000000000000001 0.6000000000000001 31.200000000000003 0 0 1 0.8 0 0.6000000000000001 0.6000000000000001 0.2 0 7 1.2000000000000002 0.6000000000000001 0.4 7 0.4 1.4000000000000001 0.6000000000000001 0 0.4 1.2000000000000002 0.6000000000000001 9.600000000000001 1 1.4000000000000001 0.4 0.4 1.2000000000000002 0.8 0 0.4 0 1.2000000000000002 0 0.4 1.8 0.4 0 0 0.4 0.6000000000000001 0 4.6000000000000005 4 11.200000000000001 9 5.4 0 4.6000000000000005 11.600000000000001 2.2 4.4 0 0 1.2000000000000002 2 5.2 0.2 18 3.6 0 10 0 0 0 0 0 2.8000000000000003 5.4 6.2 0 0 0 1.6 2.6 0 0 0 0 3.8000000000000003 4.4 0 0 0 0 0 0 0 0 0 0 0 0.4 0 0.2 0 0 0 0 0 0 0 0 0.2 0 0 0 0.4 0 0 3.2 0 0 0 0 0 0.4 0 0 0 0 0 0 0 2.4000000000000004 0 1.8 2.2 1.2000000000000002 0 7.800000000000001 2.8000000000000003 0.2 0 0 0 2 6 0.8 0 0.6000000000000001 0 0 0 0 0 0 3.8000000000000003 0 0.2 0 0 0 0.4 0 2.2 0 0 0 0 2.4000000000000004 0 0 0 0 0.4 0 0 0 0 0 0 0 0 0 0 0 0 0 0 0 0 0 0 0 0 0 0 0 0 0 0.4 0 0 0 0 0 0 0 0 0 0 0 0 0 0 0.8 0.8 0 10.4 17.2 0 0.8 0 0.8 0 0 0 0 0 0 0 0 0 0 0 0 0 0 0 0 0.2 0 0 0 0 10.4 3 3.2 0 0 0 0 0 0 0 0 0 0 0 0 
 43 53.2 15.200000000000001 17.2 17.400000000000002 8.6 32.800000000000004 65 20.6 9.4 8 8.4 0 13.4 19.8 9.600000000000001 4.4 4.800000000000001 89.4 25.400000000000002 1 0 0 0.4 0.6000000000000001 1 0.2 0 0.4 0 0 0.6000000000000001 0 0.6000000000000001 0 0.4 0.4 1 0 1 1.6 1.4000000000000001 0.4 0.4 0 0 0.6000000000000001 0 0 0 0.6000000000000001 13 0 0 0 0 0.8 0 0 0.4 0 1 0 0.4 0 0.8 0.6000000000000001 0.6000000000000001 10.200000000000001 0 0.2 0.6000000000000001 0 0 0.6000000000000001 6 0 0 0 0.8 3.2 0 0 0 0 0 8.8 0 0 0 0 0 6.800000000000001 11.600000000000001 6.4 4.4 3.4000000000000004 0 0 3.8000000000000003 0 0 0 0 0 0 0 0.4 0 0 0 0 0 0 0 0 0 0 0 0 0 0 0 0 0 0 0 0 0 0 0 0 0 0 0 0 0 0 0 0.4 0 0 0 0 0 0 0 0 0 0 0 0 0 0 0 0 0 0 0 0 2.2 2.8000000000000003 0 0.2 0 0 0 1.8 0.4 0 0 0 2.8000000000000003 3.4000000000000004 4.800000000000001 2.2 0 0 4.6000000000000005 3.4000000000000004 0 0 0 0 0.2 0 0 0 0 0 0 0 0 0 0 0 0 0 0 0 0 1.8 0 0 0 0 0 0 0 0 0 0 0 0 0 0 0 0 0 0 0 0 0 0.4 0 0 0 0 0 0 0 0 0 0 0 0 0 0.4 0 0 0 0 0 0 0 0.2 0 0 0.2 0 0.4 0.4 3 0 0 0 0 0 0 0 0 0 0 0 0 0 0 0 0 0 0 0 0 0 7.800000000000001 0 0 0 0 0 0 0 0 0 0 0 0 0 0 0 
 8.6 27.8 19.8 19.8 58.2 25.400000000000002 45.800000000000004 48 46.800000000000004 33.800000000000004 8 6.6000000000000005 13.4 0 57.6 10.200000000000001 11.4 25.8 73.8 42.800000000000004 0.6000000000000001 0 0 0 0.6000000000000001 0.4 0 0 0.4 0 0 0.2 0 0.6000000000000001 0 0.4 0 0.4 0.2 0 0 0 0 3.6 0.4 13 0.6000000000000001 0 0 0 0 0 0 0 0 0.4 0.2 0 0 0.4 0 10.8 0 0.4 0 0.6000000000000001 0 0.4 0 1 0 0 0 0 0.6000000000000001 0 0.6000000000000001 0 0 0.6000000000000001 2.4000000000000004 12.4 2.2 0 0 1.2000000000000002 2.6 9.4 3 8 0 6.4 1.2000000000000002 0 5.6000000000000005 0 7.4 7 2.6 8.200000000000001 0 0 0 0 0 0 0.4 0 0 0 0 0 5 0 0 0 2.6 0 0 0 0 0 0 0 0 0 0 0 0 0 0 0.2 0 0.4 0 0 0 0 0 0 0 0 0.4 0 0 0 0.2 0 0 0 2.4000000000000004 0 0 0 0 0.2 2.4000000000000004 0.4 0 0 0.6000000000000001 0 14 5.4 3.4000000000000004 1 3.8000000000000003 5.4 3 3 1 0 1.8 0.4 0.2 2.8000000000000003 0 4.4 6.6000000000000005 4.4 0 0 0 0 0 0 0 0 0 0 0 0 0.2 0 0 0 0 0 0 0 0 0 0 0 0.2 0 0 0 0 0 0 0 0 0 0 0 0 0 0 0 0 0 0 0 0 0.2 0 0 0 0 0.2 0 0 0 0 0 0 0 0 0 0 0 0 0 0 0.2 0 0 0 0.4 0.4 4.2 0 0 0 0 0 0 3.8000000000000003 0 0 0 0 0 0 0 0 0 0 0 0 0 0 0 0 2 3 3 0 0 0 0 0 0 0 0 0 0 0 0 
 36.4 14.4 15.4 76 33.4 11 26.200000000000003 36.800000000000004 22.200000000000003 49.2 23.400000000000002 26.8 19.8 57.6 0 34.800000000000004 29.6 34.2 34.800000000000004 54.6 0.6000000000000001 0 0 0 0.4 0 0 0 0.2 0.4 0 0 0 0.6000000000000001 0 0 0 0.2 0 0 0 0 0.4 1 0 0 0.2 0 0 0.4 0 12.8 0 0 0 0.6000000000000001 0 0 0 0 0 6.6000000000000005 0 0.8 7.2 0.4 0 0 0 0.2 0 0 0 0 0.6000000000000001 0 8.8 0 0 0.6000000000000001 3.6 6.2 4.800000000000001 6.6000000000000005 4.2 0.2 4.6000000000000005 11.600000000000001 11 4 2 0.2 2 6.6000000000000005 3.4000000000000004 0 4.800000000000001 3.6 5.6000000000000005 2.8000000000000003 0 0 0 0 0.6000000000000001 0 0 3.8000000000000003 0 0 0 0 0 0 0 0 0.2 0 0 0.4 0 0 0 0 0 0 0 0 0 0 0 0 0 0 6.2 0 0 0 0 0.4 0 0 0 0 0 0.4 0 0 0 0 0 0.2 0 0 0 0 0 0 0 0 2.2 0.4 0 3.8000000000000003 4.4 0 15.8 8.200000000000001 0 1.8 0 2.4000000000000004 5.6000000000000005 4.4 10 2.8000000000000003 0 0 8.200000000000001 0 0 1.2000000000000002 0 0 0.2 0 0.2 0 0 0 0 1.4000000000000001 0 0 0 0 0 0 0 0 0 0 0 0 0 0 0 0.2 0 0 0 0 0 0 0 4.800000000000001 0 0 0 0 0 0 0.4 0.4 0 0 0 0 0 0 0 0 0 0 0 0 0 0.4 0 0 0 0 0 0 0 0.4 0 0 0.4 0.4 0.4 1.4000000000000001 2.6 0 0 0 0 0 0 0 0 0 0 0 0 0 0 0 0 0 0 0 0 0 6 2 7.800000000000001 2.4000000000000004 0 0 0 0 0 0 0 0 0 0 0 0 
 67.2 10.8 28.6 9.8 36.4 17 38 54 47 106.80000000000001 40.400000000000006 7.6000000000000005 9.600000000000001 10.200000000000001 34.800000000000004 0 42 74.4 26.6 17.2 0.6000000000000001 0.2 0.2 0 0.4 0 14.8 0 0.4 0 0.2 0 0 0.6000000000000001 0 0 0 0.4 15 29.6 0 0 0.2 13 0.4 0 0.4 0 0 0 0 0 0 0 0 0.4 0 0 0 0 0 0.6000000000000001 0 0.6000000000000001 0 0.4 9.4 1.4000000000000001 0 0 0 0.8 0 0.2 0.6000000000000001 0 0 0.2 0 0.6000000000000001 0 4.800000000000001 2.2 0 4.4 0.2 11.200000000000001 3.2 2 6.6000000000000005 0 0 0.8 0 2.4000000000000004 5.4 3.2 5 0 3.6 8 2.4000000000000004 0 0 0 0 3 4.6000000000000005 0 0 0 1.8 6.2 3.6 4.6000000000000005 0 0 0.4 9.4 2 0 0.4 0 0 0 0 0 0 0 0 0 0 6.4 0 0 0 0 0 0 0 0 0 0 0 0.4 0 0 0 0 0 0 0 0 4.800000000000001 0 0 0 0 0 0 3.6 8.200000000000001 2.4000000000000004 2 4.2 0.2 2.6 0 0 2.2 0 2.2 0.8 0 0.2 2.2 1.8 0 1.6 3.4000000000000004 0 2.4000000000000004 0 0.6000000000000001 1.6 0.2 0 0 0.2 0 0 0 0.2 0.2 4.4 0 0 0 0.6000000000000001 0.2 0 0 0 0 0 0.4 0.2 0 0 0 0 0 0 0 0 0.4 0 0 0 0 0 0 0 0 0 0 0 0 0 0 0 0 0 2 0 0 0 0 0 0 0 0 0 0 0 0.4 0 0 0 17.8 4.6000000000000005 5.6000000000000005 0 0 0 0 0 0 0 0 0 0 0 0 0 0 0 0 0 0 0 0 0 0 0 2.8000000000000003 0 0 0 0 0 0 0 0 0 0 0 0 0 0 
 21.200000000000003 31.8 14.600000000000001 9.8 30.200000000000003 30.6 6 24.6 38.400000000000006 48.2 56 30 4.4 11.4 29.6 42 0 18.400000000000002 25.8 42.400000000000006 0.6000000000000001 0.4 0 0.4 0.4 0.4 0.4 0 0.4 14.8 0.4 0.4 0 0.4 0 0 0 0.2 15.200000000000001 5 0 0 17.8 0.4 0 0 0.2 1.6 0.4 0 0 0 0 0 0 0.6000000000000001 0 0 0 0 0 10.600000000000001 0 0.6000000000000001 0 0.4 0 0 0 1 0 0 0 0 0.6000000000000001 0 0.2 0 0 0.6000000000000001 4.800000000000001 5.800000000000001 2.2 0 0 4.4 2.8000000000000003 0 7 6.6000000000000005 1.8 8 0 0 2.4000000000000004 5.6000000000000005 9.200000000000001 5 3.6 4.800000000000001 2.8000000000000003 0 0 0 0 0 0.4 1.2000000000000002 0 4 0 3.2 10.4 2.8000000000000003 0.4 0 0 0 2 0 0 0 0 0 0 0 0 0 0 0 0 0 0 0 0 0 0 0 0 0 0 0 0 0 0 0 0 0 0 0 0 0 0 0 0 0 2.4000000000000004 0 0 0 0 0 0 6.4 8.6 1 1.4000000000000001 0 2 9.600000000000001 0 1.8 2.8000000000000003 0 2.2 0.8 0 4.6000000000000005 1.8 1 0 2.6 0 2.6 0 0 1.4000000000000001 0 0 0 0 0.4 0 0 2.8000000000000003 0 0 0 0 0.2 0 0 0 0 0 0 0 0 0 4 0 0 0 0 0 0 0 0 0 0 0 0 0 0 4 0 0 0.2 0 0 0 0 0 0 0 0 0 0 0 0 0 0 0 0 0 0 1.2000000000000002 0 0.8 4 3.4000000000000004 2 0 0 0 0 0 0 0 0 0 0 0 0 0 0 0 0 0 0 0 0 0 0 0 1.6 0.2 2.8000000000000003 0 0 0 0 0 0 0 0 0 0 0 0 
 89.80000000000001 84.60000000000001 27.400000000000002 14 27.200000000000003 51 74.2 6.2 38.2 24.200000000000003 39 39.2 4.800000000000001 25.8 34.2 74.4 18.400000000000002 0 29 67.4 0.6000000000000001 0 0 0 0.4 0 0.4 0.2 0.4 0 0 0 0 0.6000000000000001 0 0 0 0 14.8 13.600000000000001 0 0 0.2 0.4 0 0 0.4 1.4000000000000001 0 0 0 0 0 0 0 1.2000000000000002 0 0 0 0 0 10.4 0 0.6000000000000001 0 0.4 0 0 0 0.2 0 0 0 0 0.6000000000000001 0 0 0.4 0 0.6000000000000001 4 2 3.2 11.4 0 2 3.2 2 4.2 3.2 1.6 0 2.6 1.6 0 9 0 6.800000000000001 4.2 0 4.4 0 0 0 0 0 0 0 0 0 0 0 0 3.2 0 0 0 0 0 0 0 0 3.4000000000000004 0 0 0 0.2 0 0 0 0 0 0.4 0 0 0 0 0 0 1.6 0 0 0 0 0 0 0 0 0 0.4 0 0 0 0 0 0 0 0 0 0 0 1.4000000000000001 1.8 0.2 0.2 2.6 6.800000000000001 2.4000000000000004 2.6 10 2.8000000000000003 5.2 0 1.4000000000000001 0 2 0.2 3.2 0 3.6 1.8 0 0.4 0 0 0 2 0 0 0 0 0 0 0 3.2 0 0.2 0 7 1.4000000000000001 0 0 0 0 0 0 0 0 0 3.4000000000000004 0 0 0 0 0 0 0 2.8000000000000003 0 0 0 0 1 0 0 0 0 0 0 0 0 0.2 0 0 0 0.2 0 0 0 0 0 2 0 0 0 0 0.6000000000000001 1.4000000000000001 0 18 0 3.8000000000000003 0 0 0 0 0 0 0 0 0 0 1.6 0 0 0 0.4 0 0 0 0 0 0 0 0 1.6 2.8000000000000003 3.6 0 0 0 0 0 0 0 0 0 0 0 0 
 9.200000000000001 105.60000000000001 9.600000000000001 23.8 18.6 21.200000000000003 16 80 34.6 17.2 9 5 89.4 73.8 34.800000000000004 26.6 25.8 29 0 58.2 0.6000000000000001 0 0 1 0.6000000000000001 1.6 0.8 0 0.6000000000000001 1 0 0 0 0.6000000000000001 0.2 0 0 0.4 0 0.8 0.8 0.8 0 0.4 0 0 0.6000000000000001 0 0 0 11.8 1 0 0 0 13.600000000000001 0 0 0 0 0 0.6000000000000001 0 0.6000000000000001 0.4 1.2000000000000002 0 0.2 0 0 0 0 0 0 0.6000000000000001 11 0 0 0 0.6000000000000001 6.4 6 6.4 0 0 0 4.2 0 0.2 0 3.2 0.6000000000000001 4 4.2 11.8 0.2 1.8 4 0.2 10.600000000000001 0 0 0 0 0 0.4 0 0.2 0 0 0 0 0 0 0 0 0 0 0 0 0 0 0 0 0 0 0 0 0 0 0 0 0 0 0 0 0 0 0 0 0 0 0 0 0 0 0 0 0 0 0 0 0 0 0 0 0 0 0 0 2.4000000000000004 4.800000000000001 5.4 2.4000000000000004 0 0 0 1.2000000000000002 1.6 0 6.6000000000000005 0 1.8 0 0 0 0 0 12.600000000000001 6.2 0 0 0 0 0.4 0 0 0 0 0 0 0 0 0 0 0 0 0 0.2 0 0 0 0 0 0 0 0 0 0 0 0 0 0.4 0 0 0 0 4 0 0 0 0 0 0 0 0 0 0 0 0 0 0 0 0 0 0 0 0.2 0 0 0 0 0 0 0 1 0 0 0.2 0.2 0 3.4000000000000004 3.4000000000000004 0 0 0 0.4 0 0 0 0 0 0 0 0 0 0 0 0 0 0 0 0 0 0 0 2.8000000000000003 0 0 0 0 0 0 0 0 0 0 0 0 0 
 58 93.2 7.6000000000000005 16 52.800000000000004 10.600000000000001 13.4 32.2 17.6 40 12.200000000000001 27.200000000000003 25.400000000000002 42.800000000000004 54.6 17.2 42.400000000000006 67.4 58.2 0 0.6000000000000001 0 0.4 0 0.4 0 14.600000000000001 0 0.6000000000000001 0.2 0 0 0.6000000000000001 0.6000000000000001 1 0.6000000000000001 0 0.6000000000000001 0 0 0 0 0.2 0.8 0.4 0 0.4 0 0 0.6000000000000001 0.6000000000000001 0 0 0 0 1 0.6000000000000001 0 0 0 8.8 6.800000000000001 0 0.6000000000000001 0.6000000000000001 1 0 0 0 0 0.4 0.6000000000000001 0 0 0.6000000000000001 0 0 0.4 10 0.6000000000000001 1.4000000000000001 0 2.2 0 0 1.4000000000000001 5.6000000000000005 4.2 6 3.2 4 2 2.6 10.200000000000001 4.6000000000000005 7.6000000000000005 6 0.2 4.4 3.6 0 3.6 0 0 0 0 0 0 0 0 0 0 0 0 0 0 0 0 0 0 0 0 0 0 0 0 0 0 0 0 0 0 0 0 0 0 0 0 0 0 0 0 0 0 0 0 0 0 0 0 0 0 0 0 0 0 0 0 0 0 0.4 1.4000000000000001 2.2 2.4000000000000004 1.4000000000000001 0.2 1.4000000000000001 4.6000000000000005 2.2 3.2 2.8000000000000003 1.8 7.800000000000001 6 6.800000000000001 0 0 0 4.2 4 0 0 0 0 0 0 0 0 0 0 0 0 0 0 0 0 0 0 0 0 0 0 0 0 0 1.4000000000000001 0 0 0 0 0 0 0 0 0 0 0.2 3.4000000000000004 0 0 0 0 0 0 0 0 0 0 0 0 0 0 0 0 0 0 0 0 0 0 0 0 0 0 0 1 17 0 0.8 0.6000000000000001 0 1.8 2.4000000000000004 0 0 0 0 0 0 0 0 0 0 0 0 0 0 0 0 0 0 0 0 0 0 1 0 1.8 0 0 0 0 0 0 0 0 0 0 0 0 
 0.6000000000000001 0.8 0.6000000000000001 6.6000000000000005 0.8 22.200000000000003 1 0.6000000000000001 0.6000000000000001 0.6000000000000001 0.6000000000000001 0.6000000000000001 1 0.6000000000000001 0.6000000000000001 0.6000000000000001 0.6000000000000001 0.6000000000000001 0.6000000000000001 0.6000000000000001 0 66 35.4 23.8 4 30.400000000000002 14 29.6 23 11.4 24.200000000000003 10.200000000000001 29.200000000000003 25.200000000000003 13.8 124.4 37 7.800000000000001 35.2 8.4 0.6000000000000001 0.2 0 0 0 0 0.6000000000000001 0 1.4000000000000001 12.4 0 0.6000000000000001 0.2 0 0 1 0 0 0.8 0 0 0.6000000000000001 0 0.4 0 0.6000000000000001 1 0.6000000000000001 0 0.6000000000000001 0.2 0.8 0 0 0.8 0 0 0 0.6000000000000001 0 0 0 0 0 1.4000000000000001 0 0 0 0 0 2.2 0 0 0 0 0 0 0 0 0 1.2000000000000002 7.4 0.2 7.6000000000000005 2.8000000000000003 2 1.6 1.8 8.4 0 5.800000000000001 0 1.6 4.2 1.4000000000000001 1.2000000000000002 5.2 2.2 0 0 0 0 0 0 0 0 0 0 0 0 0 0 0 0 0 0 0 0 0 0 0 0 0.4 0 0 0 0 0 0 0 0 0 0 0.4 0 2 0 0 0 0 0 0 0 0 0 0 0 0 0.4 0.2 2.8000000000000003 0 0 0 0 0 0 0 0 0 2.6 6.6000000000000005 11 4.4 2.4000000000000004 4.6000000000000005 2.6 3.4000000000000004 0 3.6 2.2 0.2 2.6 1.2000000000000002 0 0 0 0 8.200000000000001 1.2000000000000002 5 0 0 0 0 0 4 0 0 0 3.8000000000000003 0 4.4 0 0 0 0 0 0 2 0 0 0 0 2.4000000000000004 0 0 0 0 0 0 0 0 0 0 0 0 0 0 0 0 0 2.6 0 0 0 0 0 0 0 0 0 0 0.2 1.2000000000000002 0.2 0 15.200000000000001 0 0.4 0.4 0 0 0 0 0 0 0 0 0 0 0 0 0 0 0 0 0 0 2 0 0 0 0 0 4.800000000000001 1.8 0 0 0 
 0 0 0 1 15.200000000000001 14.4 0.2 0 0 0.4 0.4 0.8 0 0 0 0.2 0.4 0 0 0 66 0 29.200000000000003 8 9.200000000000001 22.8 49.400000000000006 60.800000000000004 4.6000000000000005 24.200000000000003 53.800000000000004 7.800000000000001 88.2 55 164.60000000000002 9.200000000000001 29.200000000000003 22.8 26.200000000000003 35.2 0.6000000000000001 6.800000000000001 0 0 0 0 0.6000000000000001 0 0 0 0 0.4 0 0 0 0.8 0 0 0.6000000000000001 0 0 0.6000000000000001 0 0.4 0 0 0 0.6000000000000001 0 0.6000000000000001 1.4000000000000001 0.2 0 5.6000000000000005 0 0 0 0 0.6000000000000001 0 0 0 0 0 4 0 0 0 0.6000000000000001 0 0 0 0 0 0 2.6 0 0 0 0 8.4 5.4 1.4000000000000001 5.4 2 2.6 1.8 3.6 4.2 0 1.4000000000000001 1.8 3.4000000000000004 4 4.6000000000000005 6.2 7.2 2.2 2.2 0 0 0 0 0 0 0 0 5.6000000000000005 0 0 0 4.2 0 0 0 0 0 0 0.2 0.2 10.4 0 0 0 0 0 0 0 0 0 0 1 0 0 0 0 0 0.2 4.2 0 0 0 0 0 2.2 0 0 0 0 0 5.800000000000001 0 0 0 0 0 2.2 0 0 0.2 3.2 6.4 5 4.2 0.2 2 6.2 2.4000000000000004 8.4 0 6 0 4.2 0.2 2.2 0 4.6000000000000005 1.4000000000000001 0.2 2.8000000000000003 0 0 0 0 0.2 0 0 0 0 0 0 0 0.2 0 0 0 0 0 0 2.4000000000000004 0 0 0 0 0 0 0 0 0.4 0.4 0 0 0 0 0 0 0 0 0 0 0 0 0 0 0 0 0 0 2.2 0 0 0 0 0 2.2 0.4 0 0.4 0 0.4 0.4 0 0 0 0 0 0 0 0 0 0 0 0 0 0 0 0 0 0 2.2 0 0 0 0 0 0 0 0 0 0 
 0.2 0.8 0 0 0 0 0 0 0 0 0 16 0 0 0 0.2 0 0 0 0.4 35.4 29.200000000000003 0 35 25.8 54 38 26.6 41.800000000000004 29.200000000000003 41.2 23.400000000000002 11.600000000000001 29.200000000000003 13.600000000000001 60 18.6 23.8 7.6000000000000005 8.6 0.8 0.2 1.2000000000000002 0.2 0 0 1.2000000000000002 0 0 0.6000000000000001 0 0.8 12.8 0.2 0 1 0 0.6000000000000001 0.6000000000000001 0 0 0.6000000000000001 0 0.8 0 0 0 0.6000000000000001 0 1.2000000000000002 0.8 0.2 0 0 0.6000000000000001 0 0 0 1.8 0 0 0 0 1.8 0 0 0 0 0 0 0 0 0 0 0 0 0 0 0 0 0 0 5.6000000000000005 8.4 9.8 15.4 0 1.2000000000000002 14.200000000000001 2.6 7 8.200000000000001 2.4000000000000004 10 2.6 0 7.800000000000001 5.2 0 0.2 5.2 0 0 0 0 0 0 0 0 0 0 0 1.6 0 8 0 0.4 0 2.8000000000000003 0 0 0 0 0 0.2 0 0 0 0 0.4 0 0 0 0 0 0 0.8 0.4 3.6 0 0 0 0 0 0 0 0 0 0 0 0 0.4 0 0 0 0 0 0.2 0 0 0 0 4.6000000000000005 6.2 2.2 7 0 5.2 2.2 8.8 5.2 2.6 0 3.6 1.8 7 2.2 6.2 0 0 0 0 0 0 0 0 0 0 0 0 0 0 6.800000000000001 0 4.4 3.2 0 0 0.2 7.2 0 0 0 0 0 0 0 0 0 0 0 0 0 0 0 0 0.2 0 0 0 0 0 0 0 0 0 0 0 0 0 0 0 0 0 1.8 0 0.4 11 19.200000000000003 0 0.2 0.2 0 0 0 0 0 0 0 0 0 0 0 0 0 0 3.2 0 0 0 0 4 0 0 0 2 1.4000000000000001 0 0 0 
 12.8 0 0 0 0 0 0 0.4 0.4 0 0 1 0.4 0 0 0 0.4 0 1 0 23.8 8 35 0 34 55.800000000000004 102.2 12 56.6 52.800000000000004 57.6 59 11.4 23.8 59.800000000000004 14.4 20 26.8 12.200000000000001 11 13.200000000000001 0.4 11.600000000000001 0 0.6000000000000001 0 5.2 0 12.600000000000001 0 0 0.2 20.400000000000002 12.600000000000001 0 0.4 0 0.4 13.4 7.4 0 0.6000000000000001 0 0.4 0 0 0 0.6000000000000001 0 0.6000000000000001 0.6000000000000001 0 0 0.4 0 0 0 0 0.6000000000000001 0 0 0 0 0 0 0 0 0 0 0 0 0.2 0 0 0 0 0 0 0 0 0 2 0 2.2 5.2 4 0 0.6000000000000001 8.6 2.4000000000000004 0 0 0 0 0 2.2 3.6 5.4 0 0 2.6 1.8 0 2 0 0 5.6000000000000005 0 6 0 0 0 4 5.800000000000001 0.2 3.4000000000000004 0 0.2 4.2 0 0 0 0 0.2 0 0 0 0 0 0 0 0 0 0 0 0 1 0 0 0 0 0 0 0 0 0 0 1.2000000000000002 0 0 0 0 0 0 0 0 0 0 0 0 0 0 0 0 0.8 0.2 0 4 1 11.200000000000001 1.6 5 0 0 0 0 0 2 0 0 0.2 8.8 2 0 0 0 5.2 1.8 0.2 0 2 0 4.6000000000000005 2.6 0 7.2 1.4000000000000001 0 3.8000000000000003 0 0 0 0 0 0 0 0 0 0 0 0 0 0 0 0 0 0 0.4 0 0 0 0 0 0 0 0 0 0 0 0 0 0 0 0 1.4000000000000001 0.2 0.6000000000000001 9.200000000000001 0 0.4 0.4 0 0 0 0 0 0 0 0 0 0 0 0 0 0 0 0 0 0 0 0 3 0 0 0 0 0 0 0 0 
 0.4 0.4 0.4 0.8 0.4 0.8 0.4 0.4 0.6000000000000001 1 1 0.4 0.6000000000000001 0.6000000000000001 0.4 0.4 0.4 0.4 0.6000000000000001 0.4 4 9.200000000000001 25.8 34 0 60.400000000000006 10.200000000000001 9 28.8 21 22 73.8 34.6 12.200000000000001 35.2 19.400000000000002 10 11.200000000000001 16.400000000000002 17.8 0.6000000000000001 8.200000000000001 0 0 0 0 13.8 5 4.6000000000000005 12.4 0 1 0 12.4 12.600000000000001 0.4 0 0 66.4 25.8 0 0.6000000000000001 1 7 9.4 0 0 0.6000000000000001 0 0.6000000000000001 0.2 0.8 0 0.8 0 0 0 0 0.6000000000000001 0 0 0 0 0 0 2.6 0 0 0 0.2 0 0 0 0 0 0 0 0 0 0 0 0 0 0 0 0 0.4 2.6 0 0 0 7.4 0 0 0 0 0 2.8000000000000003 0 0 7.4 1.2000000000000002 2.4000000000000004 5.4 0 0 4.4 2 6.2 0 2 2.8000000000000003 4.4 3.2 0.6000000000000001 2.4000000000000004 7.2 5.2 2.2 11.8 0 0 0 0 0 0 0 0 0 0 0 0 0 0 0 0.4 0.6000000000000001 0 0 0 0 0 0 0 0 0 0 0 0 0 0 0.2 0 0 0 0 0 0 0 0.2 0 0 0 0 7.4 2.2 0 0 0 0 4.2 3.4000000000000004 0 0 1.6 4.800000000000001 0 0.2 0 0.4 6.6000000000000005 5.800000000000001 2.4000000000000004 0 0 2.2 4.2 1.6 0 0 1.8 0.2 3.2 2.8000000000000003 5.2 6.6000000000000005 2.4000000000000004 0.2 9.4 4.6000000000000005 0 0 0.2 0 0 0.2 2.8000000000000003 0 0 0 0 0 0 0 0 0 0 0.2 0 0 0 0 0 0 0 0 0 0 0 0 0 0 0 0 1.4000000000000001 0.4 0 17.2 0.4 0.8 16 0 0.2 0 0 0 0 0 0 0 0 0 0 0 0 0 0 0 0 0 0 0 0 0 4.6000000000000005 2.2 0 0 0 0 
 0 0 0 0.2 0 0 0.6000000000000001 0 0 0 0 0.4 1 0.4 0 0 0.4 0 1.6 0 30.400000000000002 22.8 54 55.800000000000004 60.400000000000006 0 22.6 41.400000000000006 13.4 40.800000000000004 36.6 27.6 10.4 24.6 9.600000000000001 12.8 25.200000000000003 25.8 12.200000000000001 10.8 0.6000000000000001 4.800000000000001 13.4 0 0 0 0.6000000000000001 0.2 11.4 14.8 0 0.4 13.200000000000001 12.8 0 0.6000000000000001 13 1.6 0.6000000000000001 5.4 0 0.6000000000000001 6.6000000000000005 0.4 0.6000000000000001 0.8 0.6000000000000001 0.6000000000000001 0 0.6000000000000001 0.4 0.2 0.2 0 2.6 0 0.4 0 1 0.6000000000000001 0.2 0 0 0 0 0 0 0 0 0 0 0.8 0 0 0 0 0 0 0 0 0 0 1.4000000000000001 2 5 8.200000000000001 0 0.4 10.600000000000001 0 1.8 2.2 0 7 0 0 3.6 1.4000000000000001 0 0 2.8000000000000003 0 0 0 0 0 0.2 0 0 0 0 0 0 0 2.8000000000000003 2.6 0 4.2 10 2 0 0 0 0 0 0 0 0 0 0 0 0 0 0 0 0 0.6000000000000001 3.6 0.4 0 0.2 0.4 0 0 0.4 0 0 0 0 0 0 0 0 0 0 0 0 0.2 1 0 0 0 0.2 2 6.2 3.6 1.4000000000000001 5.800000000000001 1.8 5.4 0.4 4.6000000000000005 0 1.8 0 9.200000000000001 2.6 1.6 0 0 2.8000000000000003 3.6 2.4000000000000004 0 0 0 4 0.6000000000000001 0 5.4 0 0 3.2 3.8000000000000003 2 0.4 0 0 0 3.6 0 0 0 0.4 0 0 0 0 0 0 0 0 0 0 0.2 0 0 2.8000000000000003 0 0 0 0 0 0 0 0 0 0 0 0 0 0 0 0 2.4000000000000004 1 0.2 15.600000000000001 0.8 0.2 1.8 0.2 0 0 0 0 0 0 0 0 0 0 0 0 0 0 0 0 0 1.8 0 2.2 0 0 0 2.2 3.2 0 0 0 
 0 0.2 0.4 0 4 0 0 0.4 0 14.8 0 15.600000000000001 0.2 0 0 14.8 0.4 0.4 0.8 14.600000000000001 14 49.400000000000006 38 102.2 10.200000000000001 22.6 0 55.2 14.600000000000001 10.4 7.6000000000000005 59.6 33.2 13 47.6 44.800000000000004 8.200000000000001 21.200000000000003 13 17 0.6000000000000001 12.8 0 0 0 0 0.6000000000000001 0 0 0 0 0.4 0 0 0 0.8 0 0.2 0.6000000000000001 0 0 0.6000000000000001 0 0.4 0 0 0 0.6000000000000001 0 0.6000000000000001 0.4 0.2 0 0 0 0 0 0 0.6000000000000001 0 0 0 0 0 2.2 0 0 0 2.6 0 0 0 0 0 7.2 2.4000000000000004 0 0.4 0 0 3.2 1.4000000000000001 9.4 5 2 6 0.4 4.4 2.6 3.8000000000000003 0.2 4 0 4 6.6000000000000005 6 3.2 1.6 0.6000000000000001 1.8 0 0 0 0 0.4 0 0 2.8000000000000003 0 0 0 0.4 2.2 0 0 0 0 1.8 0 2 0.2 0 0 0 1.8 0.4 0 0 0 0 0 0 1 1.4000000000000001 0 0 0 0 0 0 0 0 0 0 0 0 0 0 0 0.8 0 0.8 0 0 0 1.8 3.4000000000000004 0.6000000000000001 0 0 0 0 4 3.8000000000000003 2.2 5.6000000000000005 5.6000000000000005 5.4 10.200000000000001 5.2 2 1.2000000000000002 1.4000000000000001 6.6000000000000005 3.4000000000000004 4.4 14 5.4 0 0 0 0 0 0 0 0 0 0 0 0 0 0 7.4 0 0 0 1.2000000000000002 0 0.2 5 0 0 0 0 0 0 0 0 0 0 0 0 0 0 0 0 0 0 0 0 0 0 0 0 0 0 0 0 0 0 0 0 0 0.2 2 0 0.6000000000000001 0 13.4 0 2.2 2.6 0 0 0 0 0 0 0 0 0 0 0 0 0 0 0 0 0 0 0 2.6 0 0 0 0 0 0 0 0 
 0 0 0 1.2000000000000002 14.8 0.2 0 0.4 0 0.4 0.6000000000000001 0.6000000000000001 0 0 0 0 0 0.2 0 0 29.6 60.800000000000004 26.6 12 9 41.400000000000006 55.2 0 33.6 10 8.4 31 22.200000000000003 15 76.4 26 35.2 50 28 29 0.8 4.6000000000000005 0.2 0 0.6000000000000001 0 1 0 0.4 0 0.4 1 0.2 0.6000000000000001 0.6000000000000001 0.8 0 0.2 0.6000000000000001 0.4 0 0.6000000000000001 0 0.4 1 0.4 0.6000000000000001 0.6000000000000001 0.4 0.6000000000000001 1.4000000000000001 0.4 0.4 0 0 0.4 0 0 0.6000000000000001 0.4 0 0 0 0 4.6000000000000005 0 0 0 0 0 0 0 0 0 0 2 0 0 0 0 3.8000000000000003 2.2 4.2 3 3.4000000000000004 8.6 3 5.4 2 0.2 2.4000000000000004 1.8 0 8.6 2.2 0 5.4 0 0.2 0 0 0 0 0 0 0 0 3.6 0 0 2.4000000000000004 0 0 0 0 0 0 0 0.4 0 0 0 0 0 0 0 0 0 0 0 0 3 0 0.2 0 0 0 0 0 0 0 0.2 0 0 0 0 0 0 0 0 0 0 0 0 0 0 2.2 0 0 0 2.4000000000000004 2 3.8000000000000003 6.4 2.8000000000000003 3.6 2.4000000000000004 1.4000000000000001 4.6000000000000005 0 5.800000000000001 0 8.4 3.6 2 3.4000000000000004 4.2 4.2 2.4000000000000004 0.2 0 0 0 0 0 0 0 0 0 0 0 0 4.800000000000001 0 0.2 0 0 0 0 6.4 0 0 0 0 0 0 0 0 0 0 0 0 0 0 0 0 0 0 0 0 0 0 0 0 0 0 0 0 0 0 0 0 0 0 1 0 0 8.200000000000001 0 0 0.8 0.2 0 0 0 0 0 0 0 0 0 0 0 0 0 0 0 0 0 0.4 0 0 0 0 0 1 0 0 0 0 
 0.4 0.4 0.2 0.4 0.2 0 0.2 0.4 0.2 0.4 0.2 0.4 0.4 0.4 0.2 0.4 0.4 0.4 0.6000000000000001 0.6000000000000001 23 4.6000000000000005 41.800000000000004 56.6 28.8 13.4 14.600000000000001 33.6 0 11.600000000000001 3.4000000000000004 29 21.8 15.200000000000001 57.2 32 21.6 24.8 17.6 30.8 0.6000000000000001 0.4 0 0 0 0 0.6000000000000001 0 0 0 0 0.4 12.8 0 0 0.4 0 0 14.200000000000001 0 0 1.4000000000000001 0.4 0.4 0 0 0.8 0.6000000000000001 0 0.6000000000000001 0.4 0.2 0 0.4 0.8 0 1.6 1.4000000000000001 0.6000000000000001 0 0 0 0 0 0 0 0 0 0 0 0 0.8 0.2 0 0 0 0 0 2.2 4 0 0 5 0 2 0 0 0 7.800000000000001 0 1.4000000000000001 1.8 0 3.8000000000000003 0 0 3.2 4 0 0 0 0 0 0 3.2 0 0.4 0 0 0 0 0 1.8 0 7.4 0.2 0 0 3 5.2 0 0 0 0 0 0 0 0 0 0 0 0.4 0 0.4 0 0 0 3.2 0 0 0 0 0 0 0 0 0 0 0 0 0 0 0 2.8000000000000003 0 0 0.2 0 0 0 0 0 0 0.6000000000000001 5.2 7.2 0 2.6 1.8 2.8000000000000003 2.6 5.800000000000001 0 0 0 8.6 0 6.6000000000000005 0 0 0 0 0 0 0 0 0 0 0 0 0.4 0.4 12.200000000000001 0 7 0.2 0 0 1.8 0 0 0 0 0 0 0 0 0 0 0 0 0 0 0 0 0 0 0 3 0 0 0 1.6 0 0 0 0.4 0 0 0 0 5.800000000000001 0 0 2.6 0 0 15.600000000000001 0 0 0.2 2.4000000000000004 0 0 0 0 0 0 0 0 0 0 0 0 0 0 0 0 0 0 0 0 0 0 0 1.8 2 0 0 0 
 0 0.4 0 0 0 0 0 0 0.2 0 0 0 0 0 0.4 0 14.8 0 1 0.2 11.4 24.200000000000003 29.200000000000003 52.800000000000004 21 40.800000000000004 10.4 10 11.600000000000001 0 41.400000000000006 11.4 8.200000000000001 19.6 21.200000000000003 46.400000000000006 21.8 20.400000000000002 13 78 12.8 0.2 3.8000000000000003 0 0 0 13 0 0 0 0 0.4 35 0 0 0.8 0 0.6000000000000001 25.400000000000002 12.4 0 0.6000000000000001 0 0.4 0 0 0.6000000000000001 0.6000000000000001 0 0.6000000000000001 0.4 0.4 0.6000000000000001 0 0 0 0.6000000000000001 0 10.8 0 0 0 0 0 0 0 0 0 0 0 0 0 0 0 0 0 0.4 0 0 0 1.6 2.4000000000000004 9.600000000000001 3 2.8000000000000003 10 0 1.6 2.8000000000000003 2.6 0 8.200000000000001 0 2 4.6000000000000005 6 2 1.4000000000000001 0 0 5.4 0 0 0.2 0 0 5 0 0 0 0 0 0 2.2 6.2 0 2.6 0 1 0.2 1.4000000000000001 0 0 0 1.8 0 0 0 0 0 0 0 0 0 0 0 1.6 0.4 0 0 0 0 0 0 0 0 0 1.4000000000000001 0 0 0 0 0 0 0 0 0 0 0 0 0 0 5.4 6.4 2 0.2 2.4000000000000004 4.2 5.6000000000000005 2 9.600000000000001 0 1.6 3.8000000000000003 0 6.2 3.8000000000000003 6.6000000000000005 0 0 0 0 0.2 0 0 0 0 0 0 0 0 0 11.200000000000001 0 1.8 7.800000000000001 2.4000000000000004 0 4 0 0 0 0 0 0 0 0 0 0.2 1.6 0 0 2.4000000000000004 0 0 0 0 0 0 0 0 0 0 0 0 0 0 0 0 0 0 0 0 0 3.2 0.6000000000000001 0.2 30 0 0 0 0.6000000000000001 0 0 0 0 1.8 0 0 0 0 0 0 0 0 0 0 0 0 0 0 0.6000000000000001 0 0 0 0 0.2 0 0 0 
 0 0 0 0 0.6000000000000001 0 0 0.4 0.4 0 0 1.2000000000000002 0 0 0 0.2 0.4 0 0 0 24.200000000000003 53.800000000000004 41.2 57.6 22 36.6 7.6000000000000005 8.4 3.4000000000000004 41.400000000000006 0 75.8 10.4 10.600000000000001 55.6 62.2 24 23.200000000000003 6 14.600000000000001 13 0.6000000000000001 0.4 0 0.4 0 11.200000000000001 0.8 0.2 0.4 0.4 1 9.4 6 0 0.6000000000000001 0 0 14.200000000000001 14 0.2 0.6000000000000001 0.4 0.4 7 0 0.2 1 0 0.6000000000000001 0 0.6000000000000001 5 0.4 0.6000000000000001 0.6000000000000001 1.2000000000000002 0 1 0.2 0 0 0 0 0 0 0 0 0 0 0 0 0 0 0 0 0 0 0 0.2 0 1.2000000000000002 0 3.6 4.4 2 0 0 4 0 1.2000000000000002 0 0 0 0 1.2000000000000002 1.6 1.6 0 0 3 2.8000000000000003 0 3 0 0 7 0 3.2 0 0 0 0 2.6 1.2000000000000002 4.800000000000001 0 2 4 3 0 0 0 0 0 0 0 0 0 0 0 0 0 0 0 0 1 2.6 0 0 0 0 0 0 0 0.4 0 1.4000000000000001 0 0.4 0 0 0 0 0 0 0 0 0 0 0 0 0 2.6 2.2 2.2 0 2.8000000000000003 0.4 11.4 2.6 0 0 2.4000000000000004 0 0.2 1.8 1.2000000000000002 0 0 2 2 1.2000000000000002 0 0 0 1.4000000000000001 1.6 1.6 0 3.2 0 2.6 0 3.6 7 5 2 4.2 0 0 0 0 0 0 0 0 0 0 0 0 0 0 0 0 0 0 0 0.4 0 0 0 0 0 0 0 0 0 0 0 0 0 0 0 2.2 0.6000000000000001 0.4 16 0.2 0.6000000000000001 0.2 0.4 0 0 0 0 0 0 0 0 0 0 0 0 0 0 0 0 0 0 0 0 0 0 0 0 0 0 0 0 
