 0 16.8 50 15.200000000000001 4.4 6 74.8 82 29.200000000000003 89 48 47.800000000000004 12.600000000000001 62.2 11.4 52.800000000000004 22.8 69.4 16.6 60 0 0 0 0.4 0 0.2 0 0 0 0.4 0 0 0.4 0.2 0.6000000000000001 7.2 0.6000000000000001 0 0 0.8 0 0 0 0 0 0 0.6000000000000001 0 0 0 0 0 0 0.4 0 0 0.4 0.6000000000000001 0 0 1 0.6000000000000001 0 0 0.6000000000000001 6.4 0 0 0 0 0 0 0 0 0 0 0 0 0 0.2 2.4000000000000004 15 5.800000000000001 0 0.2 1.8 0.4 5.6000000000000005 1.8 2 0 4 5.6000000000000005 2.4000000000000004 6 3.8000000000000003 0.2 0 1.6 2.4000000000000004 0 0 0 0 0 0 0 0 4.800000000000001 0 0 0 0 0 0 0 0 0 0.8 0 0 0 0 0 0 0 0 0 0 0 0 0 0 0 0 0 0 0 0 0 0 0 0 0 0 0 0 0 0.4 0 0 0 0 0 0 0 0 0 0 0 6.2 4.2 6.4 7.4 1.6 0 0 5 4.800000000000001 6.4 0 0 3 2.4000000000000004 6.6000000000000005 3 7.6000000000000005 0 6 0 0 0 0 0 0 0 0 0 0 0 0 0 0 0 0 0 0 0 0 0 0 0 0 0 0 0.4 0 0 0 0 0 0 0 0 0 0 0 0 0 0 0 0 0 0 0 0 0 0 0 0 0 0 0 0 0 0 0 0 0 0 0 0 0 0 0 0 0.4 0.2 0.2 21 0.4 1.2000000000000002 3 0 0 0 0 0 0 0 0 0 0 0 0 0 0 0 0 0 0 0 0 0 0 5.6000000000000005 4.6000000000000005 0 0 0 0 0 0 0 0 0 0 0 0 0 
 16.8 0 19 30.8 24.6 8.6 56.2 30.200000000000003 34.6 25.200000000000003 28.200000000000003 43.2 10.4 40.800000000000004 14.200000000000001 30.8 68.8 26.8 28 87 0 0 0 1 0 0 0 0 0 0.4 0 0 0.4 0.4 0.4 0 1 0 0 7.800000000000001 0.4 0 0 0 0 0 0 0 0 0 0 0 0 0.4 0 0 0.4 0.6000000000000001 0.2 0 0 0.6000000000000001 0 0 0.6000000000000001 0 0 0 0 0 7.800000000000001 0 0 0 0 0 0 0 0 0 2.6 3.4000000000000004 0 7.800000000000001 1.4000000000000001 2.2 6.800000000000001 9.4 5.2 0 2.4000000000000004 0 2.4000000000000004 0 4.800000000000001 0 5.6000000000000005 5.800000000000001 0 2 0 0 0 0 0 0 0 0 0 0 0 0 3.4000000000000004 3 0 0 0 0 0.2 0.2 0 0 0 0 0 0 0 0 0 0 0 0 0 0 0 0 0 0 0.2 0 0 0 0 0 0.2 0 0 0 0.4 0 0 0 0 0 0 0 0 0 0 0 0.8 8.4 5 3.6 0 0.2 0 0 2 4.4 2.6 0.2 4.6000000000000005 1.8 3.4000000000000004 8.200000000000001 0.2 2.2 1.2000000000000002 4.4 0 0 0 0 0 0 0 0 0 0 0 0 0 0 0 0 0 0 4.800000000000001 5 0 0 0 0 0 0 0 0 0 0 0 0 0 0 0.2 0 0 0 0 0 0 0 0 0 0 0 0 0 0 0 0 0.2 0 0 0 0 1.4000000000000001 0 0 0 0 0 0 0 0 0 2 0 0 0.2 0.2 0.6000000000000001 0 0 0 0 0 0 0 0.4 0 0 0 0 0 0 0 0 0 0 0 0 0 0 0 0 0 2.2 0 0 0 0 0 0 0 0 0 0 0 0 
 50 19 0 37.4 30.200000000000003 6.4 16 30.200000000000003 54.800000000000004 21.8 28.8 5.2 27 15.600000000000001 12 89 13 17.8 54.6 11 0.2 0 0.4 0.4 0 0 0 0 0 0.6000000000000001 0 0.6000000000000001 15.600000000000001 0.6000000000000001 0.4 12.8 0.6000000000000001 0.6000000000000001 0.2 15.600000000000001 0 0 0 0 0 0.2 0.4 0 0 0 0.2 0.2 1 0.6000000000000001 1.4000000000000001 0.2 0.8 1.2000000000000002 0 0 0 0.6000000000000001 0 0 0.4 0 0 0 0.8 0 0 0 0 0.6000000000000001 0 0 0 0.2 0.8 1 0 0 5.2 0 0 0.6000000000000001 5.800000000000001 4 6 0.2 7.800000000000001 3.8000000000000003 0.6000000000000001 2 6.800000000000001 0 4.4 3 0 2 2 0 0 0.4 0 0 0 0.4 4 0 0 0 1.8 2.6 0.4 0 0 0 4.2 1.2000000000000002 0 0 0 0 0.4 0 0 0.4 0 0 0 0 0 0 0 0 0 0 0 0 0 0.2 0 0 0 0 3.8000000000000003 0 0 0 0 0.4 0 0 0 0 0 0 0 4.6000000000000005 2 0 1.4000000000000001 0.4 1.8 2.8000000000000003 0 2.4000000000000004 2.6 3.6 0 0.2 0 3.8000000000000003 0 0 4.6000000000000005 2 0 0.4 0 0 0.2 0 0 0 0.2 0 0 0 0.2 0 0 0 4.4 0 0 0 2.6 0 0 0 0 3.6 0 0 0 0.4 0 0 0 0 0 0 0 0 0 0 0 0 0 0 0 0 0 0 0 0 0 0 0.4 0 0 0 0 0 0 0 0 0 0 0 0 0 0 0 0.2 0 0 0 2 2.2 0 0 0.2 0 0 0 0 0 0.2 0 0 0 0 0.2 0 0 0 0 0 0 0 0 0 0 4.2 0 0 0 0 0 0 0 0 0 0 0 0 0 
 15.200000000000001 30.8 37.4 0 35.4 23.6 23.8 33.4 78.80000000000001 20.6 51.6 27.6 9.8 69.4 46.800000000000004 9.200000000000001 25.6 42.400000000000006 20.8 30 7 0 0 0.4 0.6000000000000001 0 0 0 0 0.6000000000000001 0.4 0 1.8 0.2 0.8 0 1.2000000000000002 0 15 1.2000000000000002 0 0 0.2 0.4 0.6000000000000001 0 0 0 0 0 0 0.6000000000000001 0.2 0.4 0 0 0.4 0.6000000000000001 0 0 2.2 0.6000000000000001 0 7.800000000000001 0.6000000000000001 0.4 0 0 1.2000000000000002 0 0 0 0 0 0 0 0 0 0 0.2 2.4000000000000004 3 2 3.2 2.2 3.2 0 0 3 2.8000000000000003 1 3 2.2 2.8000000000000003 0 0 0 4.6000000000000005 0 0 0 0 0 0 0 0 0 0 0 0 0 0 11.4 2.8000000000000003 0 0 0 0.2 1.2000000000000002 0 0.4 0 0 0 0 0 0 0 0 0 0 0 0 0 0 0.2 0 0.2 0 0 0 0 0 0 0 0 0 0 0.4 0 0 0 0 0 0 0 0 0 0 0 0.8 0.6000000000000001 4.6000000000000005 0.6000000000000001 3 2.4000000000000004 0.4 3 0 4 3.2 2 0 2.2 9 7 3.4000000000000004 0 1 0 0 0 0 0 0 0 0 0.2 0.2 0 0 0 2 0 0.2 0.2 0 0 3.8000000000000003 0 0 0 0 1.4000000000000001 0 0 0 0 0 0 0 0 0 0 0 0 0.4 0 0 0 0 0 0 0 0.2 0 0 0 0 0 0 0 0 0 0 0 0 0 0 0 0 0 0 0 0 0 0.4 0.4 0.2 28.400000000000002 3.8000000000000003 1.2000000000000002 3 0.4 0 0 0 0 0 0 0 0 0 0 0 3.8000000000000003 0 0 0 0 0 0 0 0 0 7.800000000000001 3.2 0 0 0 0 0 0 0 0 0 0 0 0 0 
 4.4 24.6 30.200000000000003 35.4 0 16.6 11.8 25.400000000000002 118.60000000000001 79.80000000000001 41 40 30.8 47.800000000000004 72 96.80000000000001 86.2 18.2 13.4 18.6 14.4 0 14.8 0.4 1 15.200000000000001 0 15.200000000000001 14.8 16 0 0 25.8 6.800000000000001 0.6000000000000001 0 8 15 1.2000000000000002 15.200000000000001 10.8 0.4 0 0 0 0 0 0 0.8 0 0 0 0 0.4 0 0 0.4 0.6000000000000001 0 0 6 0.6000000000000001 0 0 8.200000000000001 0 0 0 0.2 0 0 0 0 0 0 0 0 0 0 0.6000000000000001 0.4 2.2 0 13.8 4.6000000000000005 4.6000000000000005 0 0 10.600000000000001 8.8 3.2 6.2 0 2.8000000000000003 6.6000000000000005 5.800000000000001 7 0 0 0 8 2.8000000000000003 0 0 0 0 1.8 7 0 4.4 0 0 2.2 0.4 5 2.2 3 3.8000000000000003 1.8 3.2 0 0 0.4 0 0 0 0 0 0 0 0 0 0 0 0 0 0 4.6000000000000005 0 0 0 0.2 0 0 0 0 0 0 0 0 0 0 0 0 0 0 0 0 0 0 1.4000000000000001 2.4000000000000004 0 0 1.4000000000000001 0.2 0 2.2 3.8000000000000003 3.4000000000000004 0 3 0 0 4.4 1.6 0 2 0 0 0 0 0 0 0 0 3.2 16.6 0 0 0 0 2.6 2.4000000000000004 4.2 2.8000000000000003 0.2 0 4.800000000000001 7.4 0 0 0 0 0 0 0 0 0 0 0 0 0.4 0 0 0 0 0 0 0 0.2 0 0 0 0 0 0 0 0 0.4 0 0 0 0 0 0 0 0 0 0 0 0 0 0 0 0.2 18 0 17.2 0 0 1 0 0 0 0 0 0 0 0 0 0 0 0 0 0 0 0 0 0 0 0 0 0 0 1.6 0 0 0 0 0 0 0 0 0 0 0 0 0 0 
 6 8.6 6.4 23.6 16.6 0 6.4 34.800000000000004 131.4 11.8 32.6 13.600000000000001 7.2 10.600000000000001 20 29.400000000000002 9.200000000000001 22.400000000000002 11 29.6 29.200000000000003 0 15 0.4 0 8.4 26.400000000000002 14.8 29.400000000000002 15.200000000000001 0 0 34.800000000000004 7.2 0.4 10.8 7.6000000000000005 21.6 45.2 0.8 0 0 5.2 0 0 0 0 0 0.6000000000000001 0 0 0 0 1.2000000000000002 0 0 0.4 0.6000000000000001 0 0 0 0.6000000000000001 0 0 0.6000000000000001 0 0 0 0 0 0 0 10.200000000000001 0 0 0 10 0 0 0 0 2.4000000000000004 0 4 3.2 1.8 0 0 0 2.6 0 3 0 0 0 3.6 0 0 0 0 2.4000000000000004 11.200000000000001 3.2 0 1.2000000000000002 0.6000000000000001 7.6000000000000005 1.6 1.6 4.800000000000001 0 0 0 0 1.4000000000000001 3.4000000000000004 0 4 2.2 0.2 0.4 0 0 0 0 0 3 0 0 0 0 0 0 0 0 0.2 0 0 0 0 0 0 0 0 0 0 0 0 0.4 0.4 0 0 0 0 0 0 0 0 0 0 0 1.8 0 0.6000000000000001 4.4 0.2 0 0 0 11 11.200000000000001 2.8000000000000003 0.2 0 1.8 1.2000000000000002 0 0 0 0 2 5 6.6000000000000005 4 2 0 2 5.800000000000001 1.6 3.6 2.8000000000000003 6 5.800000000000001 3 2.6 4.4 0 0.2 5.2 3.6 0 0 0 0 0 0 0 0 3.2 0 0 0 0 0 0 0 0.4 0 0 0 0 0 0 0 0.2 0 0 0 0 0 0 0 0 0 0.2 0 0 0 0 0 0 0 0 0 0 0 17 0 16.8 0.2 0.4 2.4000000000000004 0 0 0 0 0 0 0 0 0 0 0 0 0 0 0 0 0 0.2 0 0 0 0 0 1.6 2.6 0 0 0 0 0 0 0 0 0 0 0 0 0 
 74.8 56.2 16 23.8 11.8 6.4 0 29.200000000000003 11.4 19.200000000000003 8.8 47.2 52.6 19.400000000000002 12.8 5.800000000000001 6.2 39.800000000000004 38 37.4 0 0.2 0 0.4 0 0 0 0 0 0.8 0 0 0.6000000000000001 0 0.6000000000000001 7.2 0.6000000000000001 0.8 0 1 0 0 0 0 0 0 0.6000000000000001 0 0 0 0 0 0 0.6000000000000001 0.4 0 0.4 0.6000000000000001 0 0 0 0.4 0 0 0.4 0 0 0 0 0 0 0 0 0 0 0 0 0 0 0 3.8000000000000003 1.6 0 0 0 0 0 10.4 0 0 0 0 3.8000000000000003 4.4 3.2 0 0 0 2.6 7 0 0 0 0 0 0 0 0 0.2 0.2 0 0 0 0 0 0 0 0 0 0 0 0 0 0 0 0.4 0 0 0 0 0 0 0 0 0 0 0 0 0 0 0 0 0 0 0 0 0 0.4 1.4000000000000001 0 0 0 0 0 0.2 0 0 0 0 0 3.4000000000000004 3.8000000000000003 0 4.6000000000000005 0 0 2.8000000000000003 1.4000000000000001 0 2.6 0 0 7.800000000000001 0.4 1.8 3.2 0 0 17.8 5 0 0 0 0 0 0 0 0 0 0 0 0 0 0 0 0 0 0 0 0 0.4 0 0 0 0 0 0 0 0 0 0 0 0 0 0 0 0 0 0 0 0 0 0 0 0 0 0 0 0 0 0 0 0 0 0 0 0 0 0.2 0 0 0 0 0 0 0.2 0.4 0.4 0 0 0 0.8 0.4 0 0.4 0 0 0 0 0 0 0 0 0 0 0 0 0 0 0 0 0 0 0 0 0 0 0 0 0 0 0 0 0 0 0 0 0 0 0 
 82 30.200000000000003 30.200000000000003 33.4 25.400000000000002 34.800000000000004 29.200000000000003 0 34.2 24.6 10 30 29.6 19.400000000000002 32.6 21.200000000000003 25.8 26.6 17.8 10 0 0.4 0.6000000000000001 0.4 0 0.4 0 0 0.6000000000000001 0.4 0 0 1.6 0.6000000000000001 1.2000000000000002 0 0.6000000000000001 0 4.800000000000001 1 0 1.2000000000000002 0 0 0 0 0.4 0 0.4 0 0 0 0 0.4 0.4 0.4 0.4 0.6000000000000001 0 0 0 0.6000000000000001 0 0 5.2 0 0 0 0 0 0 0 0 0 1 0 1 0.6000000000000001 0 0 3.8000000000000003 4 2.6 4.800000000000001 0 3.8000000000000003 2.6 0 14.200000000000001 6.2 6.4 2.8000000000000003 4.800000000000001 8.6 3.2 5 6.2 4.6000000000000005 0 5.6000000000000005 2 0 0 0 0 0 0 1 0 0 0 0 0 0 0 0 0 0 3.2 0.2 0 0 0 0 0 0 0 0 0 0.4 0 0 0 0 0 0 0 0 0 0 0 0 0 0 0 0 0 0 3.6 0 0 0 0 0 0 0 0 0 0 0 2.4000000000000004 0 3.2 0 2.8000000000000003 5.800000000000001 0 2.2 2.8000000000000003 0 2.4000000000000004 0 6 0.8 9.4 4 0 1.6 6.2 0.4 0 0 0 0 0 0 0 0.4 0 0 1.8 0 0 0.4 0 0.2 0 0 2.8000000000000003 5 0 0.2 0 0 0 0 0 0 0 0 0 0 0 1.6 0 0 0 0 0 0 0 0 0.4 0.4 0 0 0 0.4 0 0 0 0 0 0 0 0 0 0 0 0.4 0 0 0 0 0 0.6000000000000001 8.4 0 0.8 0.2 2.4000000000000004 2.2 0 0 0 0 0 0 0 0 0 0 0 0 0 0 0 0 0 0 0 0 0.4 0 0 0 5.4 0 0 0 0 0 0 0 0 0 0 0 0 0 
 29.200000000000003 34.6 54.800000000000004 78.80000000000001 118.60000000000001 131.4 11.4 34.2 0 21.6 38.2 44.2 60.400000000000006 35.6 37.4 25.400000000000002 43.2 32.2 16 21 0 0.6000000000000001 0 0.4 0 0 0 0 1 0.4 0.6000000000000001 1 22.8 0.8 0.6000000000000001 0.4 1.4000000000000001 0 0.4 1.8 0 0 0 0 0 0 0.6000000000000001 0 0 0 0 0 0 1 1 0.6000000000000001 0.4 0.6000000000000001 0 0 0 0.8 0 0 1.4000000000000001 0 0 0 0 0 0.8 0.8 0.8 0.8 0 0 0 0.8 0.2 0.8 3.2 3.8000000000000003 3.2 3.2 2.4000000000000004 2.6 1.4000000000000001 0 3.4000000000000004 2.2 4.800000000000001 0 0 0 0.2 13 4.4 5 0 2.2 4 0 0.2 0 0 0 1.8 2.2 0 0 0 4.2 0 0 0 0 0 0 9.8 3.6 0 0 0 0 0 0 0 0 0 0 0 0 0 0 0 0 0 0 0.2 0 0 0 0 0 0 0 0 1 0 0 0 0 0.2 0 0 0 0 0 0 0 0 4.6000000000000005 3.4000000000000004 0 3.6 3.2 0 0 0 0.2 0 3.4000000000000004 2.8000000000000003 5.2 0 3.6 3.6 0.6000000000000001 0.2 3.2 0 0 0.4 0 0 0 2.2 5.4 0 0 0 0.4 3.6 1.6 0 0 0 0 0.6000000000000001 4.800000000000001 0 0 0.2 0 0 0 0 0 0 0 0 0 0 0 0 0 0 0.2 0 0 0 0 0.2 0 0 0 0 0 0 0 0 0 0 0 0 0 0 0 0 0.2 0 0 0 0 0 0.6000000000000001 9.8 0.2 10.4 0.6000000000000001 0 1 0 0.4 0 0 0 0 0 0 0 0 0 0 0 0 0 0 0 0 0 0 0 0 0 2 0 0 0 0 0 0 0 0 0 0 0 0 0 0 
 89 25.200000000000003 21.8 20.6 79.80000000000001 11.8 19.200000000000003 24.6 21.6 0 34.800000000000004 9.600000000000001 13.4 18.2 49 115 28.200000000000003 39 39.6 19.200000000000003 0 0 0 0.4 0 0 0 0 0 0.4 0 0 0.6000000000000001 0.4 0.6000000000000001 0 0.6000000000000001 0 30.400000000000002 12.600000000000001 0 0 0 0 0 0 0 0 1 0 0 0.2 0 0.4 0 1.8 0.4 0.6000000000000001 0.4 0 0.4 0.6000000000000001 0 0 1.4000000000000001 0 0 0 0 0 0 0 0 0 0 0 0 0 0 1.2000000000000002 4.4 1 2.6 4.2 2.6 6 6.800000000000001 5.800000000000001 3.4000000000000004 7.800000000000001 3.2 6.4 0.8 2.2 0 9.4 3.8000000000000003 3 0.2 2.6 4.4 0.2 0 0 0 0 1.4000000000000001 1.2000000000000002 0 3.6 0 0 4.2 2.8000000000000003 0.2 0 0 0 0 2.4000000000000004 0 0 0 0 0 0 0 0 0 0 0 0 0 0 0 0 0 0 0 0.4 0 0 0 0 0 0 0 1.2000000000000002 0 0 0 2.2 0 0 0 0 0 0.2 0 0 1.8 0 2.4000000000000004 2.2 2.8000000000000003 5.6000000000000005 0 3 7.4 2 2 0 2.8000000000000003 0 0.4 0 4 1.8 0 2.2 0 2.6 0 0 0 0 2.6 0.2 1.4000000000000001 0 0 0 4.6000000000000005 0 0 0 2 7.4 7 3.8000000000000003 0 0 0 0 0 0 0.2 3.8000000000000003 0 0 0 0 0 0 0 0 0 0 0 0 0 0 0 0 0 0.2 0 0 0 0 0 0 0 0 0 0 0 0 0 0 0 3.6 0 0 0 0.4 0.4 0.4 0.2 0.2 0.2 2.8000000000000003 0.2 0 0 0 0 0 0 0 0 0 0 0 0 0 0 0 0 0 0 0 0 0 0 0 3.8000000000000003 0 0 0 0 0 0 0 0 0 0 0 0 0 
 48 28.200000000000003 28.8 51.6 41 32.6 8.8 10 38.2 34.800000000000004 0 63.2 25.200000000000003 43.400000000000006 59.6 50 15.600000000000001 54.400000000000006 67.4 29.200000000000003 0 0 0.4 0.4 0 0 0 0.2 0.4 0.4 0 0 30.200000000000003 0.4 0.6000000000000001 0 1.2000000000000002 0 12.4 33.800000000000004 0 0 0 0 0 0 0 0 1.8 0 0 0 0 0.4 0 1.4000000000000001 0.4 1.8 0 0 0 0.6000000000000001 0 0 0.6000000000000001 0.4 0 0 0.6000000000000001 0 0 0 0 0 0 0 0 0 0 0 0 0 0 1.6 1.8 0 3.6 1 3.4000000000000004 0 11.200000000000001 4.2 0 0 5.2 0 9.4 1.4000000000000001 0 0 5.4 0 0 0 3.4000000000000004 0 1.8 3.4000000000000004 2.2 0 0 0 6.2 1 1.8 6.4 0 0 2.8000000000000003 5 0 0 0 0 0 0 2.8000000000000003 0 0 0 0 0 0 0 0 0 0 0 0 0 0 0 0 0 0 0.4 0 0 0 0 0 0 0 0 0 0 0 0 0 0 0 0.2 0 4.800000000000001 6.4 3.6 0 0 2 0 7 3.8000000000000003 0 3.2 0.2 0.2 7.800000000000001 0 0 2 0 3 0.2 0.4 0.2 2 4 5.2 10.4 0 0.2 0 6.2 0 0 0 1.8 3.8000000000000003 8.8 0 0 0 0 0 0 0 0 0 0 0 0 0 0 0 0 0 0 0 0 0 0 0 0 2.8000000000000003 0 0 0 0 0 0 0 0.2 0 0 0.2 0 0 0 0 0 0 0.8 0 0 0 0 0 0 1.4000000000000001 0 0 0.8 0 0 0 0 0 0 0 0 0 0 0 0 0 0 0 0 0 0 0 0 0 0 0 0 0.2 2.4000000000000004 0 0 0 0 0 0 0 0 0 3.2 0 0 
 47.800000000000004 43.2 5.2 27.6 40 13.600000000000001 47.2 30 44.2 9.600000000000001 63.2 0 6.4 18.8 5.800000000000001 15.200000000000001 51.2 15.4 6.800000000000001 68.2 0 0 0.2 0.4 0 0 0.4 0 14.600000000000001 0.4 0 0 13.4 0.6000000000000001 0.6000000000000001 5.4 1 0 0 0.6000000000000001 0 0 0.6000000000000001 0 0.4 0 1.8 0 0 0.4 0.4 0.4 0.6000000000000001 0.4 0.2 0 1 1.4000000000000001 0 0 0.2 0.6000000000000001 0 0 0.6000000000000001 0 0 0 0 0.6000000000000001 1 0 0 0 1.2000000000000002 0 0 0 9.200000000000001 0 0 0 0 8.8 3.4000000000000004 2 4.2 0.2 2.4000000000000004 0 6.6000000000000005 0 0 0 0 5.4 1.6 3.8000000000000003 0 0 3.4000000000000004 0 0 0 0 0 2.2 0.8 0 1.8 0 0 4.6000000000000005 0 1.8 0 1.8 2 4.4 2.8000000000000003 0 0 0 0.2 0 0 0 0 0 0 0 0 0 0 0 0 0 0 0 0 0 0 0 0 0 0 0 0 0 0 0.2 0 0 0 0 0 0 0 0 0 0 2 2.8000000000000003 2.8000000000000003 1.4000000000000001 2.2 0 0 5.800000000000001 4 4.800000000000001 10 0 0.2 2.4000000000000004 1.4000000000000001 0 1.2000000000000002 0 0 0 2.2 2.8000000000000003 2.8000000000000003 0.8 0 2.8000000000000003 4 2.4000000000000004 0 2.8000000000000003 0 5 1.8 0 0.2 3.2 0 2.6 0 0 0 0 0 0 0 0 0 0 0 0 0 0 0.2 0 0.2 0 0 0 0 0 0 0 0 0 0 0 0 0.4 0 0 0 0 0.4 0 0 0 0 0 0 0 0 0 0 0 1.2000000000000002 18.6 0 17.6 0.4 0.4 2 0 0.4 0 0 0 0 0 0 0 0 0 0 0 0 0 0 0 0 0 0 0 0 0 0 0 5.800000000000001 0 0 0 0 0 0 0 0 0 0 0 0.4 
 12.600000000000001 10.4 27 9.8 30.8 7.2 52.6 29.6 60.400000000000006 13.4 25.200000000000003 6.4 0 59.2 39.2 28 4.2 8 83.80000000000001 24.200000000000003 0 0.8 0.6000000000000001 0.4 0 0 0 0 0 0.4 0 0 0.4 0 0.6000000000000001 0 15.200000000000001 11.8 0 0.8 0.8 0.6000000000000001 0 0 0 0 0.6000000000000001 0 0 0 0 0 0 1 0 0.6000000000000001 0.4 0.6000000000000001 0 0 0 0.6000000000000001 0 0 1.2000000000000002 0 0 1.2000000000000002 0 0 0 0 0 0 0.6000000000000001 0 0.4 0 0.2 0 4.6000000000000005 1 10.200000000000001 0 0 0 0.2 6 1.8 0 0 0 6.2 0.4 4.2 0 6.6000000000000005 0 1.8 18.2 0 0 0 0 0 0 0 0 0 0 0 0 0 0 0 0 0 0 0 0 0 0 0 0 0 0 0 0 0 0 0 0 0 0 0 0 0 0 0 0 0 0 0 0 0 0 0 0 0 0 0 0 0 0 0 0 0 0 0 0 2.6 4 0 2.4000000000000004 0 0 0 0 0.6000000000000001 0 0.2 0 0.4 3 0 2.4000000000000004 7.4 0 2 2.8000000000000003 0.4 0 2.6 0 0 0 0 0 0 0 0 1 0 0 0 0 0 0 0 1 0 0 0 0 0 0 0 0 0 0 0 0 4.800000000000001 0 0 0 1.6 0 0 0 0 0 0 0 0 0 0 0 0 0 3 0 0 0 0 0 0 0 0 0 0 0 0 0 0 0.4 0.2 0 0 0 0.4 3 0 0 0 0 0 0 0 0 0 0 0 0 0 0 0 0 0 0 0 0 0 0 0 0 4 0 0 0 0 0 0 0 0 0 0 0 0 0 
 62.2 40.800000000000004 15.600000000000001 69.4 47.800000000000004 10.600000000000001 19.400000000000002 19.400000000000002 35.6 18.2 43.400000000000006 18.8 59.2 0 34 9.200000000000001 69.8 53.400000000000006 84.4 85.2 0 0 0 0.4 0 0 0 0 0 0.4 0 15 0.4 0.4 0.6000000000000001 0 0.6000000000000001 0 0.2 0.6000000000000001 0 0 0 0 0 0 1.2000000000000002 0 0 0 0 0 0 0.4 0 0 0.4 0.6000000000000001 0 0 0 0.6000000000000001 0.4 0 0.6000000000000001 0.2 0 0 0 0 0 0 0 0 0 0 0 0 0 0 4.2 3.8000000000000003 5.800000000000001 4.6000000000000005 3.2 1 2.4000000000000004 0.8 4.4 0.2 8 3.6 4.2 1.8 2.6 5 3.6 5.6000000000000005 1.8 1.2000000000000002 0 0 0 0.2 0 0 0 0.2 0 0 0 0 2.4000000000000004 0.6000000000000001 0 0.4 0 0 4.4 1 0 0 0 0 0.2 0 0 0.2 0 0 0 0 0 0 0 0 0 0 0 0 0 0.4 0 0 0 0 0 0 0 0 0 0.2 0 0 0 0 0 0 0 0 2.4000000000000004 4.800000000000001 3.8000000000000003 2.6 0 2 0 3.8000000000000003 8.6 10.200000000000001 3.6 2.6 4.800000000000001 2.2 7 5 3.2 0 4 4.6000000000000005 0 0 0 0 0 0 0.4 0 0 0 0 1.8 0 0 0 0 0 0 2.6 0 0 0 0 0 0 0 0 0.2 0.4 0 0 0 0 0 0 0 0 0 0 0 0 0.4 0 0 0 0 0 0 0 0 0.2 0 0 0 0 0 0.2 0 0 0 0 0 0 0 0 0 0.2 0 0.4 0.4 6.2 1.8 0 0 0 0 0 0 0 0 0 0 0 0 0 0 0 0 0 0 0 0 0 0 0 0.4 0.2 9.8 0 0 0 0 0 0 0 0 0 0 0 0 
 11.4 14.200000000000001 12 46.800000000000004 72 20 12.8 32.6 37.4 49 59.6 5.800000000000001 39.2 34 0 35 65.60000000000001 162.8 50.400000000000006 44.6 0 0.2 0 0.4 0 0 0 0 0 0.4 0 0 15.600000000000001 0.6000000000000001 0.6000000000000001 0 0.6000000000000001 0.8 0 1 0 0 0 0 0 0 0 0 0 10.600000000000001 0 0 0 0.4 0 0 0.6000000000000001 0.6000000000000001 0 0 0.8 0.6000000000000001 0 0 1.4000000000000001 0 10 8.8 0 0 0 0 0 0 0 0 0 0 0 1 4.2 7.6000000000000005 2.2 5.800000000000001 2.6 4.2 2.8000000000000003 0 3 3.2 0 8.4 2.6 7.800000000000001 1 3.2 4.4 2.4000000000000004 0 0.2 0 0 0 0 0 0 0 0 0 0 0 0 0 1.4000000000000001 0 0 0 0 0 0 0 0 1.6 0 0 0 0 0 0 0 0 0 0 0 0 0 0.2 0 0.2 0 0 0 4.6000000000000005 0 0.2 0 0 0 0 0 0 0 0 0 0 0 0 1.4000000000000001 2.4000000000000004 0 0 9.600000000000001 0 2.4000000000000004 0 0 0 0.4 0 4.6000000000000005 0 0 2.4000000000000004 0 2.4000000000000004 2 0.4 2.6 0 1.8 0 0.2 0.6000000000000001 0 0 0 0 0 0 0 0 0.4 0 0 0 0 0 0 3.2 4 0 4 0 0.2 0 0 0.2 0 0 0 0 4 0 0 0 0 0 0.2 0 0 0 0 0 0 0 3.4000000000000004 0 0 0 0 0 0 0 0 0 0 0 0 0.2 0 0 0 1.8 0 0 0.6000000000000001 17.400000000000002 0 0.8 19.200000000000003 0 0.8 2.8000000000000003 0 0.2 0 0 0.4 0 0 0 0 0 0 0 0 0 0 0 0 0 0 0 0 0 5.6000000000000005 0 0 0 0 0 0 0 0 0 0 0 0 0 0.2 
 52.800000000000004 30.8 89 9.200000000000001 96.80000000000001 29.400000000000002 5.800000000000001 21.200000000000003 25.400000000000002 115 50 15.200000000000001 28 9.200000000000001 35 0 48 69.4 47.2 78.2 0 0 0 0.4 0 4.4 0 0 0 0.4 0 0 0.4 0.6000000000000001 0.2 0 0.6000000000000001 0 0.2 31.8 0 0 0 10.4 0 0 0 0 0 0 0 0 0 0.4 0 0.6000000000000001 0.4 0.6000000000000001 0 0 0 0.6000000000000001 0.4 0 1.2000000000000002 0 0 0 0.2 0 0 0 0 0 0 0 0 6.2 0 0.6000000000000001 2.8000000000000003 2.6 0 10.4 0 4 7.2 5.2 5.6000000000000005 7.6000000000000005 0.2 2.6 0 2.6 12.4 3.6 10 5 0 0 3.4000000000000004 0 0 0 0.4 0 0 0 0 0 0 0 3 3.4000000000000004 0 0 0 0 0.2 0.2 0 0 0 0 0 0 0 0 0 0 0.6000000000000001 0 0 0 0 0 0 0 0 0 0 0 0 0 0 0.4 0 0 0 0.6000000000000001 0 6.2 0 0 0 0 0 0 0 0 2.4000000000000004 2.6 0.4 2.8000000000000003 0 2.4000000000000004 0 2 5.2 1.6 4.6000000000000005 0.4 2.4000000000000004 2 2 3 4.4 4.4 0.2 4.2 0 2.8000000000000003 0 0 0 0 5.2 0 1.6 0 0 0 2.4000000000000004 0 0 0 0.2 0 13 5.800000000000001 0 0 0 0.4 0 0 0 3.2 0 0 0 0 0 0 0.2 0 0 0 0 0 0 0 0 0 0 0 0 0 0 0 0 0 0 0 0 0 0 0 0 0 0 1.6 0 0 0 0.2 0.4 0 0 0.6000000000000001 0.6000000000000001 1.8 0 0 0 0 0 0 0 0 0 0 0 0 0 0 0 0 0 0 0 0 0 0 0 0 0 2 0 0 0 0 0 0 0 0 0 0 0 0 
 22.8 68.8 13 25.6 86.2 9.200000000000001 6.2 25.8 43.2 28.200000000000003 15.600000000000001 51.2 4.2 69.8 65.60000000000001 48 0 9.600000000000001 47 49 0 0.2 0 0.4 0 0 0 0 0 0.4 0 0 15.8 0.4 0.6000000000000001 0 1.4000000000000001 0.2 0.6000000000000001 15.600000000000001 0 2.2 0 0 0 0 0 0 0 0 0 0 0 0.4 0 0 0.4 0.6000000000000001 0 0 0.8 0.6000000000000001 0 0 2.2 0 0 0 0 0 0 0 0 0 0 0 0 0 9.600000000000001 1 0 2.2 2.2 3.6 7 4.2 1.4000000000000001 0 22.8 3 9.600000000000001 7.800000000000001 0.2 6.4 4 21.6 6.2 8.4 0 0 4 0 0 0 0 0 2.8000000000000003 0 2 0 0 0 0 0.6000000000000001 0.2 0 0 0 2.8000000000000003 2 0 0 0 0 0 0 0 0 0 0 0 0 0 0 0 2.2 0 0 0.2 0 0 0 0 0 0.2 0 0 1.2000000000000002 6.2 0 0 0 2.8000000000000003 0 0 0 0 0 0 0 2.2 0.2 7 2.4000000000000004 2.2 8 0 17 8.6 0 0 4.800000000000001 0.6000000000000001 0 0.6000000000000001 0 0 3.8000000000000003 0.2 0 0 0 0 0 0 0 0.6000000000000001 0 0 0 0 0 1.8 0 0 0 1.4000000000000001 0 3.4000000000000004 11.4 0 0 0 0 0 0 0 0 0 0 0 0 0 0 0 0 0 0 0 0 0 0 0 2.8000000000000003 0 0 0 0 0 0 0 0.2 0 0 0 0 3 0 0 0 0 0 0 0 0 0.2 17.400000000000002 0 0.4 0.2 1.8 1.2000000000000002 0 0 0.4 0 0 0 0 0 0 0 1.4000000000000001 0 0 0 0 0 0 0 0 0 0 0 0 2 0.4 0 0 0 0 0 0 0 0 0 0 0 0 0 
 69.4 26.8 17.8 42.400000000000006 18.2 22.400000000000002 39.800000000000004 26.6 32.2 39 54.400000000000006 15.4 8 53.400000000000006 162.8 69.4 9.600000000000001 0 12.4 9.8 0 0 0 0.4 0.8 0 0 0 0 0.4 0.2 0.6000000000000001 16.400000000000002 0.6000000000000001 0.8 0 1.4000000000000001 0 0.4 0.6000000000000001 0 0 0.6000000000000001 0.6000000000000001 0.4 0 0 0.4 0.6000000000000001 0 0 0 0.4 0.4 0.2 0.2 0.4 1 0 0 1.4000000000000001 1.2000000000000002 0 0.2 1 0.4 0 0 0.2 0 0 0.4 0 0.6000000000000001 0.4 0.2 0 0 0.6000000000000001 0.4 6 5.4 4.4 2.6 4.4 0.2 3.8000000000000003 4.6000000000000005 0 2.8000000000000003 0 1.2000000000000002 0 0 0 4.2 0 6.2 0.4 2 0 0 0 0 0 0 0 0 0 0 0 0 0 0.2 0 0 0 0 0 0 0 0 0 0 0 0 0 0 0 0 0 0 0 0 0 0 0 0 0 0 0 0 0 2 0 0 0 0 0 0 0 0.2 0 0 0 0 0 0 0 0 0 3 0 1.4000000000000001 2.2 0.4 0 0 0.6000000000000001 3.8000000000000003 0 0 7.4 0 0 2.4000000000000004 6.2 3 0 2.8000000000000003 0 0 0 0 0 0 0 0 0 0 0 0 0 0 0 0 0 0 2 4.2 0 2.6 0 1.4000000000000001 0 0 0 0 0 0 0 0 0 0 0 0 0 0 0 0 0 0 0 3 0 0 3 0 0 0 0 0 0 0 0 0 0 0.4 0 0 0 0 0 0 0 1.2000000000000002 17.8 0 0 1 0 5.800000000000001 5.800000000000001 0 0 0 0 0 0 0 0 0 0 0 0 0 0 0 0 0 0 0 0 0 0 3.8000000000000003 3.6 0 0 0 0 0 0 0 0 0 0 0 0 0 
 16.6 28 54.6 20.8 13.4 11 38 17.8 16 39.6 67.4 6.800000000000001 83.80000000000001 84.4 50.400000000000006 47.2 47 12.4 0 103 0.2 0 0 0.4 0 12.600000000000001 0 0 0 0.4 0 0 0.6000000000000001 0 0.6000000000000001 0 0.6000000000000001 0 0 0.8 0 1.2000000000000002 0 0 0 0 1.4000000000000001 0 0 0 0 0 0 0.4 0 0 0.4 0.6000000000000001 0 0 0 0.6000000000000001 0 0 0.6000000000000001 0 0 0 0 0 0 0 0 0 0 0 0 0 0 0 2.4000000000000004 8.200000000000001 11.600000000000001 0 0 0 0.2 3.2 2.2 0 0 0 8.4 2.2 6.4 0 7.2 0 3.2 5.2 0.4 0 0 0.4 0 0 0 0.4 0 0 0 0 0 0 0 0.2 0 0 0 0 0 0 0 0 0.4 0 0 0.4 0 0 3.6 0 0 0 0 0 0 0 0 0 0 0.2 0 0 0 0 0.2 0 0 0 0 0 0 0 0 0 0 0 0 0 6.2 6.2 0 6.800000000000001 0 0 0 1 3.2 3.8000000000000003 0.2 0 6.2 4.6000000000000005 5.4 2.6 4 2.4000000000000004 4.6000000000000005 2 0.4 0 0 0 0 0 0.2 0 0 0 0 0 0 0 0 0 0 0 0 0 0 0 0 0 0 0 0 0.4 0.2 0 0 2.4000000000000004 0 0 0 0 0 0 0 0 0 0.2 0 0 0 3 0 0 0 0 0 0 0 0 0 0 0.4 0 0 0 0 0 0 0 0 0.4 0 0.2 0.4 0.4 0.4 1 0 0 0 0 0 0 0 0 0 0 0 0 0 0 0 0 0 0 0 0 0 0 0 0 3.4000000000000004 0 0 0 0 0 0 0 0 0 0 0 0 0 
 60 87 11 30 18.6 29.6 37.4 10 21 19.200000000000003 29.200000000000003 68.2 24.200000000000003 85.2 44.6 78.2 49 9.8 103 0 0 0 0 0.4 0 0 0 0 0 0.4 0 0 23.8 0.6000000000000001 0.6000000000000001 0 0.6000000000000001 0 0 0.6000000000000001 0 0 11.4 0 0 0 1.2000000000000002 0 0 0 0 0 0 0.4 0.4 0 0.4 0.6000000000000001 0 0 0 0.6000000000000001 0 0 0.6000000000000001 0 0 0 0 0 0 0 8 0 0 0 0 0 0 0 2.8000000000000003 6.6000000000000005 11.8 0 4.800000000000001 0 2 1.8 0.2 3.4000000000000004 0 0 11 0 8.200000000000001 4.2 12.600000000000001 5.2 2 2.6 0 0 0.2 0 0 0 0 0 0 0 0 0 3 0 0 0 0 0 2 0 0 0 0 0 0.6000000000000001 0 0 0 0 0 1.2000000000000002 0 0 0 0 0 0 0 3 0 0 0 0 0 0 0 0 0 0 0 0 0 0.2 0 0 0 0 0 4.6000000000000005 0 7.6000000000000005 6 2.4000000000000004 5.4 3.2 0 3.6 2 4.4 9.4 7.6000000000000005 2 3.8000000000000003 7.800000000000001 6.6000000000000005 4.2 5.800000000000001 0.4 3.8000000000000003 9.4 0 0 0.4 0 0 0 0 0 0 0 0 0.4 0 0 0 0 0 0 0 0 0 0 0 0 0 0 2.8000000000000003 0 0 0 0 0 0 0 0 0 0 0.2 0 0 0 0 0 0 0 0 0 0.2 0 0 0 0 0 0 0 0 0 0 0 0 0 0 0 0 0 0 0 0.4 0.4 0.4 0 0.8 0 0 0 0 0 0 0.4 0 0 0 0 0 0 0 0 0 0 0 0 0 0.2 0 0 0 0 7.2 0 0 0 0 0 0 0 0 0 0 0 0 
 0 0 0.2 7 14.4 29.200000000000003 0 0 0 0 0 0 0 0 0 0 0 0 0.2 0 0 41.6 85.4 76 68.60000000000001 6 81.60000000000001 48.800000000000004 13.600000000000001 46.6 50.400000000000006 6.6000000000000005 26.200000000000003 45 87 5.6000000000000005 20.6 117.60000000000001 19.8 7.6000000000000005 0.6000000000000001 0 0 0 0 0 0.6000000000000001 0 0.6000000000000001 0 0 0 0 0 0.2 0.4 0 0 0.2 0.4 0.6000000000000001 0 0 2.4000000000000004 0.2 0.4 0 0.4 0 0.6000000000000001 0.4 0.6000000000000001 0 0 0.6000000000000001 0 0.6000000000000001 0.2 0 0 0 0.2 0 2.2 0 4.800000000000001 0 0.4 0 0 0 1.2000000000000002 0 0 3.2 0 0 0 0 0 4.4 1.2000000000000002 3.4000000000000004 2.6 0 4.800000000000001 0 0.8 1.4000000000000001 3.4000000000000004 2.4000000000000004 9.8 4.6000000000000005 4.6000000000000005 1.6 0 11.4 3.8000000000000003 1.2000000000000002 0.2 0 0 0 0 0 0 0 0 0 0 0 0 0 0 0 0 0 0 0 0 0 0 0 0 0 0.4 0 0 0 0 0 0 0 0 0 0 0 0 0.8 0 0 0 0 0.8 0 0 0.4 2.4000000000000004 0 0 0 0 0 0 0 0 0 0 0 0 5.6000000000000005 0 6.2 1.6 0 0 0 6.6000000000000005 5 0.2 1.6 0 0 6.800000000000001 5.4 2.6 0 3.4000000000000004 0.2 5.800000000000001 0.2 0 0 0 0 0 0.2 0 0 0 0 0 0 0 0 0 0 0 2.8000000000000003 0 0 0 0 0 0 0 0 0 0 0 0 0 0 1 0 0 0 0 0 0 0 0 0 0 0 0 0 0 0.2 0 0 0 0 0 2.8000000000000003 0.4 0.8 0.2 0.4 0.4 0.4 0 0 0 0 0.2 0 0 0 0 0 0 0.4 0.2 0 0 0 0 0 0 0 1.8 0 0 0 0 2 0 0 0 
 0 0 0 0 0 0 0.2 0.4 0.6000000000000001 0 0 0 0.8 0 0.2 0 0.2 0 0 0 41.6 0 27 64.4 69 31 34.4 34.2 29 42.6 30.200000000000003 83.80000000000001 10.8 11.8 51.6 31.8 22.200000000000003 8.6 8.200000000000001 6.800000000000001 1.2000000000000002 0 0 0 0 0 0.6000000000000001 0.8 0 0 0 0.2 0 0 0 0 0 0 30.6 0 0 0 0.8 2.2 0 3.4000000000000004 0 0.4 0 0.6000000000000001 0 0.6000000000000001 0 0 0.8 0 0.6000000000000001 0 0 0 0 0 0 0 0 0 0 0 0 0.2 0 0 0 0 0 0 0 0 0 0 0 2.6 8.200000000000001 4.6000000000000005 0.2 0 0 5.2 8.8 0.6000000000000001 2.2 4.800000000000001 0 0 0.2 2.8000000000000003 5.800000000000001 3 0 0 0 0 2.4000000000000004 0 0 0 6.4 6.800000000000001 0 0 0 0 3 2.4000000000000004 0 0 0 0 1.2000000000000002 3.8000000000000003 0 0 0 0 0 0 0.2 0 0 0 0.6000000000000001 0.4 1.4000000000000001 0 0.4 0 0.4 0 0 0 0 0 0 0 0 0 0 0 0 0 0 0 0 0 0 0 0 0.8 0 0 0 3.4000000000000004 0 6.6000000000000005 1.2000000000000002 3.8000000000000003 0 0 1.8 4.2 7 2.4000000000000004 0 0 5.800000000000001 0 5 2 0 0 0 3.6 0 0 0 0 0 0 0 0 0 0 2.4000000000000004 2.2 1.4000000000000001 0 0 0 3.8000000000000003 4.2 0 0 0 0 0 0 0.2 0 0 0 0 0.4 0 0 0 0.4 0 0 0 0 0 0 1.6 0 0 0 0 0 0 0 0 0 0 0 0.2 0.2 0.4 15.4 0.2 0.4 3.2 0.4 2.4000000000000004 0 0 0 0 0 0 0 0 0 0 0 0 0 0 0 0 1.8 0 0.2 0 0 0 0 0 0 0 0 
 0 0 0.4 0 14.8 15 0 0.6000000000000001 0 0 0.4 0.2 0.6000000000000001 0 0 0 0 0 0 0 85.4 27 0 21.6 10.4 26.400000000000002 12.200000000000001 118.60000000000001 49.800000000000004 17.8 12.600000000000001 13.600000000000001 27.8 40.400000000000006 74.8 10 24.8 25.400000000000002 23 9 0.6000000000000001 0 0 0 0 0 0.6000000000000001 0 0 0.2 0 0 0 0.4 0 0 5 0.6000000000000001 0.6000000000000001 0.2 0 0.4 0 0.4 0.4 2 0 0.2 0 0.6000000000000001 0 0.6000000000000001 0 0 0 0 0.6000000000000001 0 0 0 0 0 0 0.4 0.2 1.8 0.2 0 0 0 0.8 0 0 0 0 0 0 0 0 0 5.2 5.800000000000001 0 2.8000000000000003 4.2 7.800000000000001 4.2 2.8000000000000003 0.2 3.4000000000000004 6.6000000000000005 5.4 0 2.8000000000000003 2.6 7.2 5.800000000000001 3.6 7.2 2.6 0.2 0 3.2 0 0 0 0 3.8000000000000003 0 0 0 0 0 0 0 0 0 0 2.2 0 0 0 0 0 0.4 0 0 0 0 0 0.2 0 0 0 0.2 0 0.4 0 0.6000000000000001 0 0 0 0 0 0 0.2 0 0.4 0 0 0.2 0 0 0 0 0.4 0.2 0.2 4 0 3.4000000000000004 3 8.200000000000001 4.6000000000000005 0.2 0 0 9.4 0.2 4.2 0 8.8 0 6.2 5.6000000000000005 2 2.6 0 0.2 0.2 1.6 2.6 0 0 0.2 0 0 0 0 0 0.4 0.2 0 0 0.4 0 0 0 5.800000000000001 2.6 0 0 0 0 0 0 0 0 0 0.4 0 0 0 0.2 0 4.2 0 0 0 0 0 0 0 0 0 0 0 0 0 0 0 0 0 0 5 0 0 15.600000000000001 0 0.4 2.6 0 0 0 0 0 0 0 0 0 0 0 0 0 0 0 0 0 0 0 0 1.2000000000000002 0 0 0 0 2 0 0 0 
 0.4 1 0.4 0.4 0.4 0.4 0.4 0.4 0.4 0.4 0.4 0.4 0.4 0.4 0.4 0.4 0.4 0.4 0.4 0.4 76 64.4 21.6 0 19 20.200000000000003 33.800000000000004 30.400000000000002 43.6 24.6 60.800000000000004 32.4 18.8 12 33.4 21.400000000000002 25.200000000000003 13.200000000000001 16.8 24 6.4 0 0 0 0.6000000000000001 0 11.8 0 0 2 0 0 0.2 0 0 0 0 0 0 11.200000000000001 0 0.4 0 0 0 12 0 0.6000000000000001 0 0.6000000000000001 0 0.6000000000000001 0 0.6000000000000001 0 0 0.4 0.2 0.4 0 0 1.8 0 0 0 0 0 0 0 0 0 0 0 0 2.4000000000000004 0 0 0 0 0 0 3 5 2.6 2.6 0.2 2 0 5.800000000000001 3.4000000000000004 2 0.8 0 2.6 5 3.2 1.6 0 0 0 3 1.8 0 0 0 0 2.8000000000000003 4.4 4.2 0 0 0 1.6 4 0 0 0.2 0 6.800000000000001 0 0 2 0 0 0 0 0 0 0 0 0 0 0.6000000000000001 0 0 0 0 0 0 0 0 0 0 0 0 0 0 0 0 0 0 0 0 0 0 0 0 0.2 0 0 0 0 0 4.6000000000000005 0 2.8000000000000003 0 0 1.6 2.4000000000000004 1.6 2 0 2.6 6.4 0 3.8000000000000003 0 0 0 0 2.4000000000000004 0 0 0 0 0 3 0 0 3.2 0 0.2 0 3 0 0 0 1.8 1.8 0 0 0 0 0 0 0 0 0 0 0 0 0 0 0 0 0 0 0.4 0 0 0 0 0 0 0 0 0 0 0 0 0 0 0 2 0 1 15 0 0.6000000000000001 1.6 2.2 0 0 0 0 0 0 0 0 0 0 0 0 0 0 0 0 0 1.8 0 0 0 0.2 0 0 0 0 0 0 
 0 0 0 0.6000000000000001 1 0 0 0 0 0 0 0 0 0 0 0 0 0.8 0 0 68.60000000000001 69 10.4 19 0 35.4 56.6 13.600000000000001 36.2 65.8 59.6 75 81 13.8 23.8 70.8 25.400000000000002 24.6 16 8.4 14.200000000000001 0 11.4 0 12.4 0 13.4 0 42.2 0 0 0 18.8 12.4 0.4 0 0 0 12.8 17.2 0 0 0 0 1.2000000000000002 0.4 0 0.4 0 0.6000000000000001 0.4 1 0.4 0.4 0 0 0.6000000000000001 6.2 0 0.4 0.2 0 0 0 0 0 0 0 0 0 0 0 0 0 0 0 0 0 0 0 0 0 1.8 5.6000000000000005 2.4000000000000004 8.6 0 0 0.4 0 6 2.4000000000000004 0 0.2 0 5 1.2000000000000002 0 0 0 2.8000000000000003 1.8 0 0 4.800000000000001 0 4.800000000000001 7 8.8 4 0 0.2 3.2 4.4 3 2 0 2.2 5.4 7.4 0 0 0 0.2 0 0 0 0 0 0 0 0 2.4000000000000004 0 0 0 0.6000000000000001 0 0 0 0 0 0 0 0 0 0 0 0 0 0 0 0 0 0 0 0 0 0 0 1.8 1 2.6 2 11.8 6.4 0 0 0 2.6 0 2.4000000000000004 0 0 0 0 0 0 0 0 0.2 4.4 0 1 0 0 1 2 4 5 0 0 3.4000000000000004 0 1.8 4.2 0 0 2.6 4 0 0.4 0 0 0 0 0 0 0 0 0 0 2.6 0 0 0 0 0 0 0 0 0 1.4000000000000001 0 0 0 0 0 0 0 0 0 0 0 6.800000000000001 0.4 0.8 0.2 15.4 2.6 1.8 2.8000000000000003 0 0 0 0 2.2 0 0 0 0 0 0 0 0 0 0 0 0 0 0 0 0 0 0 0 0 0 0 0 
 0.2 0 0 0 15.200000000000001 8.4 0 0.4 0 0 0 0 0 0 0 4.4 0 0 12.600000000000001 0 6 31 26.400000000000002 20.200000000000003 35.4 0 6.4 14.4 50.400000000000006 47.400000000000006 24.6 31.8 3 25.6 27.8 32.4 24.400000000000002 11.8 54 9 5.2 0.2 0 0 0 0.4 26.200000000000003 0.8 0.2 0 0 0.2 11.200000000000001 0 0 0 0 12.4 41.800000000000004 0.2 0 0 0.6000000000000001 0 0 0.4 0 0.2 0 0.6000000000000001 0 0.6000000000000001 9.600000000000001 0 0.6000000000000001 0 0.6000000000000001 0 0 0 0.2 0 0 0 0 0 0 0 0 0 0 0 0 0 0 0 0 0 0 0 0 0 0.2 4.800000000000001 0 0.6000000000000001 0 1.8 3.4000000000000004 1.6 1.2000000000000002 4 0 0 3.2 2.2 5.2 3.4000000000000004 0 0 2 0 0 0 4.2 1.4000000000000001 5.2 6.6000000000000005 2.6 3.6 0 0 1.2000000000000002 5 0 6 0 0 4 7.6000000000000005 0 0 0 0.2 0 0 0 0 0 0 0.6000000000000001 0 1.4000000000000001 0 0 0 0.2 0 0 0 0 0 0 0 0 0 0 0 0 0 0 0 0 0 0 0 0 0.6000000000000001 0 0 0 3.4000000000000004 0.2 8 2.8000000000000003 3 0 0 0 3.8000000000000003 7.800000000000001 0 0 0 0 0 4.4 0 0 0 0 0.2 2.4000000000000004 0 0 0 0 0 3.8000000000000003 0.4 0 0 7.800000000000001 2.4000000000000004 4 3.8000000000000003 0 1.8 4 4.6000000000000005 0 0.4 0 0 0 0 0 0 0 0 0 0 0 0 0 0 0 0 0 0 0 0 3.6 0 0 0 0 0 0 0 0 0 0 0 2.8000000000000003 0 1 0.4 0.2 0 3 0.2 0 0 0 0 0 0 0 0 0 0.2 0 0 0 0 0 0 0 0 0 0.2 0 0 0 0 0 0 0 0 
 0 0 0 0 0 26.400000000000002 0 0 0 0 0 0.4 0 0 0 0 0 0 0 0 81.60000000000001 34.4 12.200000000000001 33.800000000000004 56.6 6.4 0 36.2 23.8 28.400000000000002 7.800000000000001 10.4 27 24.200000000000003 10.4 18.2 48 24 30.200000000000003 7.800000000000001 0.6000000000000001 0.2 0.4 0 0 0 0.6000000000000001 0 0.4 1.8 0 0 0.2 0.2 0.6000000000000001 0.6000000000000001 0 0 0 0 0 0 0 0.6000000000000001 0.4 0.4 0 0.6000000000000001 0 0.6000000000000001 0.6000000000000001 1 0 0 0 0 0.8 0.6000000000000001 0 0 0 0 0 0 0 4.4 0 3.4000000000000004 0 0 0 0 0 0 0 0 0 0 0 0 0 6.800000000000001 8.8 1.2000000000000002 4.4 0.2 5.800000000000001 0 10.4 5.4 3.8000000000000003 0 0 2 0 0 1.8 5.6000000000000005 4.2 0 0 0 0 0 0 0 0 0 0 0 0 0 7.2 0 0 0 0 0 0 0 0 0.2 0 0.2 0 0 0 0 1.2000000000000002 0 0 0 0 0 0 0 0 0 0 0 0.4 0 0 1 0 0 0.4 0.2 0.4 0 0 0 0 0 0 0 0 0 0 0 0.4 6 5 2.8000000000000003 2 0 0 4.2 13.8 7 4.2 5 0 10.4 3.8000000000000003 6.4 3 0 0 2.4000000000000004 0 0 4.6000000000000005 0 0 0 0 0 0 0.4 0 0 0 0 0 0 0 0 0 0 0 0.2 0 0 0 0 0 0 0 0.4 0 0 0 0 0 0 0 0 0 0 0 0 0 0 0 0 0 0 0 0 0 0 0 0 3 0 0 0.2 0 0 0.4 0 0 0 0 0 0 0 0 0 0 0 0 0.2 0 0 0 0 0 4.2 0 1.6 0 0 0 0 0 0 0 0.4 
 0 0 0 0 15.200000000000001 14.8 0 0 0 0 0.2 0 0 0 0 0 0 0 0 0 48.800000000000004 34.2 118.60000000000001 30.400000000000002 13.600000000000001 14.4 36.2 0 37.6 45.6 24.200000000000003 7.6000000000000005 31 86.2 38.6 68 50.800000000000004 32.4 55 25.200000000000003 0.6000000000000001 0 0 0 0 0 13.600000000000001 0 0 0 0 0 0 0 0 0.6000000000000001 0 13 0.2 0 0 0 0 0.8 0 0.4 0 0.6000000000000001 0 0.6000000000000001 0 0.6000000000000001 0 0 0 0 0.4 0 0.6000000000000001 0 0 0 0 0 0 0 0 0 0 0 0 0 0 0 0 0 0 0 0 0 2.8000000000000003 6.2 0 4.2 0 3.2 1 2.2 0.6000000000000001 5 2.2 1.6 0 2 4.2 3.8000000000000003 8.200000000000001 3.6 3 0.2 0 0 0 0 0 0 0 0 0 0 0 0 0 0.2 0 0.2 0.2 0 0 0 0 0 0 0 0 0 0 0 0 0 0 0 0 0 0 0 0 0.2 1.6 0 0 0 0 0 0 0 0 0 0 0 0 0 0.2 0 0 0 0 1.4000000000000001 0 0 7.2 2.4000000000000004 0 2.4000000000000004 4.800000000000001 0 4.2 5.800000000000001 3.8000000000000003 4.2 0 0.2 0 8.8 6.800000000000001 4.800000000000001 2.6 0.4 0 0 0 2.4000000000000004 0.8 0 0 0 0 0 0 0 0 0 0 0.4 0 0 0 0 3.8000000000000003 4.4 0 0 0 0 0 0 0 0.2 0 0 0 0 0 0 0 0 0 0 0 0 0 0 0 0 0 0 0 0 0 0 0 0 0 0 3.6 0 0 0.2 0 0.4 2 0 0 0 0 0 0 0 0 0 0 0 0 0 0 0 0 0 0 0 0 0.8 0 0 0 3.6 2.2 0 0 0 
 0 0 0 0 14.8 29.400000000000002 0 0.6000000000000001 1 0 0.4 14.600000000000001 0 0 0 0 0 0 0 0 13.600000000000001 29 49.800000000000004 43.6 36.2 50.400000000000006 23.8 37.6 0 48.2 92.2 64.8 32.6 73.2 31.200000000000003 42.800000000000004 23.6 29.400000000000002 58.2 14.8 0.6000000000000001 0 0.2 0.4 0 0 1.2000000000000002 0 0 0.2 0 0 0.2 1.2000000000000002 1.6 0 0 0.4 0.2 12.4 0 0 0 0 0.8 0.4 0 0.6000000000000001 0 0.6000000000000001 1 1.4000000000000001 1 0.8 0 0 0.6000000000000001 0.8 9.600000000000001 1 0 0 0 0 0 0 0 0 0 0 0.2 0 0 0 0 0 0 0 0 0 5.800000000000001 4.4 0 8.6 0.2 3.4000000000000004 0 0 0 5.2 5.800000000000001 2 0.8 3.2 2.2 0 2.4000000000000004 5.6000000000000005 2.4000000000000004 1.6 0 0 0 0 0 0 2 1.8 0.8 0 0 0 0 2.4000000000000004 0 0 0.4 0 2.4000000000000004 0 0 0 0 0 0 0 0 0 0 0 0.4 8.8 1.2000000000000002 0 0 0 0 0 0.4 0 0 0 0 0 0 2.2 0 0 0 0 7.800000000000001 0.2 0 0 0 3.4000000000000004 0 0 0 0 4.4 2.2 9.4 8.8 2.2 3 4.6000000000000005 0 2.8000000000000003 0 7 3 0.2 0 4.4 7.4 2.2 0 0 2.6 0 1.6 0 0 0 0 0 0 0 0 0 0 1 0 0 0 0 0 3.6 2.8000000000000003 0.8 0 0 0 0 0 0 0 0 0 0 0 0 0 0 0 0 0 0.2 0 0 0 0 0 0 0 0 0 0 0 0 0 0 0 3.4000000000000004 0 0.4 3.2 0.2 0 0.4 0.4 0 0 0 0 0 0 0 0 0 0 0 0 0 0 0 0 0 0 0 0 0 0.4 0 1.2000000000000002 0 0 0 0 
 0.4 0.4 0.6000000000000001 0.6000000000000001 16 15.200000000000001 0.8 0.4 0.4 0.4 0.4 0.4 0.4 0.4 0.4 0.4 0.4 0.4 0.4 0.4 46.6 42.6 17.8 24.6 65.8 47.400000000000006 28.400000000000002 45.6 48.2 0 50 48.400000000000006 26.6 29.400000000000002 52.2 43.800000000000004 24.6 32.2 23.200000000000003 12.8 13 1.6 0 0 0 0.6000000000000001 0.6000000000000001 0 0.2 0.6000000000000001 0 0 12.600000000000001 0 0 0 0.6000000000000001 0.6000000000000001 12.4 4 0.4 0 0.2 0.8 1.4000000000000001 0.4 0 0.6000000000000001 0 0.8 0.8 0.6000000000000001 0 0.4 0 0 0.6000000000000001 0 0 1.2000000000000002 0.2 0 0 0 0 0 0 0 0 0 0 0 0 0 0 0 0 0 0 0 8.8 6 2 4.2 0 9.200000000000001 0 2.4000000000000004 3.8000000000000003 1.4000000000000001 1.8 5.6000000000000005 0 2 3.8000000000000003 0.2 3.4000000000000004 4 2 2.8000000000000003 0 0 0 0 0.4 0 2.6 2.4000000000000004 1.4000000000000001 0 0 5.2 0 1.6 0 0 0 0 2.6 0.2 0 0 0 0 0 0 0 0 0 0 0.8 0 1.4000000000000001 0 0 0 0 0 0 0 0 0 0 0 0 0 0.2 0 0 0 0 0 0 0 0 0 0 0 0 0 2.4000000000000004 2.2 3 3 0 1.8 1 3.2 0 6 0 1.8 0 5.6000000000000005 4.800000000000001 2.6 0.2 3 0 2.2 0 4.800000000000001 0 0 0 0 0 0 0 0.2 0 0 0 0 0 0 0 0 0 0 0 0.2 0 0 0 0 0 0 0 0 0 0 0 0 0 0 0 0 0 0 0 0 0 0 0 0 0 0 0 0 0 0 0 0 2.4000000000000004 0 0 18.400000000000002 15 0 0.6000000000000001 0 0 0 0 0 0.4 0 0 0 0 0 0 0 0 0 0 0 0 0.2 0 0 0 0 0 0 1.8 0 0 0 
 0 0 0 0.4 0 0 0 0 0.6000000000000001 0 0 0 0 0 0 0 0 0.2 0 0 50.400000000000006 30.200000000000003 12.600000000000001 60.800000000000004 59.6 24.6 7.800000000000001 24.200000000000003 92.2 50 0 59.400000000000006 4.800000000000001 49 62 66 20.200000000000003 14.600000000000001 10.600000000000001 27.400000000000002 15.4 0 0 0 0 0 26.200000000000003 13.8 0 0 0 0.4 5.6000000000000005 0 0 0 0 0 11 23.200000000000003 0 0 0.2 0.8 0 0.4 0 0.2 0 0.6000000000000001 0 0.6000000000000001 0 0 0 0 0.6000000000000001 10.4 0.4 0 0 0 0 0 0 0 0 0 0 0 0 0 0 0 0 0 0 0 0 0 0 2.6 2 6 0 6.800000000000001 0 0.4 0 0 0 4.6000000000000005 0 0 0 0 8.4 0 0 0 3.2 4 2 0.6000000000000001 3 0 9.600000000000001 5 5.800000000000001 0 0 0 3.4000000000000004 10.8 0 1.2000000000000002 0 0 10.200000000000001 6.800000000000001 0 0 0 0 0 0 0 0 0 0 0 0 0 0 0 0 0 0 0 0 0 0 0 0 0 0 0 0 3.8000000000000003 0 0 0 0 0 0 0 0 0 0 0 0 0 0 0.4 4.4 12.8 0 3.8000000000000003 0 0 0 0 0 3.8000000000000003 0 0 3.2 5.2 0 0 1.6 2.8000000000000003 0 0 0 0 4.2 2.2 0 1.4000000000000001 6.6000000000000005 0 3.2 7.800000000000001 5.800000000000001 3.8000000000000003 0 0 2.2 0.2 0 0 0 0 0 0 0 0 0 0 0 0 0 0 0 0 0 0 0 0 0 0 3.4000000000000004 0 0 0 0 0 0 0 0 0 0 0 1.8 0 0.2 0 1.2000000000000002 0.4 0.4 3.2 0 0 0 0 0 0 0 0 0 0 0 0 0 0 0 0 0 0 0 0.6000000000000001 0 0 0 0 1.8 0 0 0 
 0 0 0.6000000000000001 0 0 0 0 0 1 0 0 0 0 15 0 0 0 0.6000000000000001 0 0 6.6000000000000005 83.80000000000001 13.600000000000001 32.4 75 31.8 10.4 7.6000000000000005 64.8 48.400000000000006 59.400000000000006 0 52.400000000000006 11 11.200000000000001 29 18 26 9.600000000000001 14.600000000000001 0.4 0.2 12.200000000000001 0 0 0 0.8 0 0 0 0 1.2000000000000002 12.4 0 0 0 0 0.6000000000000001 0 3.4000000000000004 0 0 0 0 0 0.4 0 0 0 0.6000000000000001 0 0.6000000000000001 0 0 0 0 0.6000000000000001 0 0 0 0.2 0 0 0 0 0 0 0 0 0 0 0 0 11.8 0 2.2 0 0 0 0 2.6 3.6 7 0.6000000000000001 7.6000000000000005 2.8000000000000003 0 0 5.4 0 0 0 0 0 3.6 0 0 0 0 2.6 1.8 0 0 1.4000000000000001 0.2 0 5.800000000000001 0.2 3.8000000000000003 0 0 0 5.6000000000000005 0 0 0 0 2.6 0 0 0 0 0 0.2 1.4000000000000001 0 0 0 0 1.2000000000000002 0.8 0 2.8000000000000003 0 0 0 0 0 0.8 0 0 0 0 0 0 0 0 0 0 0 0 0 0 0 0 0 0 0 0 0 2.2 0 1.6 2 2.8000000000000003 2.6 0 0 1.6 4 0 7 0 0 6.4 0 3 0 0 0 1.6 0 2.2 2.2 0 0 0 2.4000000000000004 2 3 0 0 0 0 0 2.4000000000000004 0 0.2 2.2 6.800000000000001 0 0.4 0 1.2000000000000002 0 0 0 0 0 0 0 0 2.4000000000000004 0 0 0 0 0 0 0 0 0 0 0 0 0 0 0 0 0 0 0 0 0 1.2000000000000002 0.2 0.6000000000000001 30.200000000000003 0.2 0.4 0.8 0.8 0 0 0 0 9 0 0 0 0 0 0 0 0 0 0 0 0 4.4 0 0 0 0 0 0 0 0 0 0 
