 0 18.400000000000002 45 11.200000000000001 10.200000000000001 9.600000000000001 62.2 31.6 68.4 81.80000000000001 27.8 6.6000000000000005 46.400000000000006 77.4 69.2 5.6000000000000005 9.8 10.4 89.2 28 1 14.8 0 15.8 0 0 0 0 0.4 0 0 0 0 0.6000000000000001 0.6000000000000001 0.4 1.2000000000000002 8.4 0 0 0 0 0.6000000000000001 0 10.600000000000001 0 0.6000000000000001 0 0 0 0 0.6000000000000001 0 0 0 0 0 0.6000000000000001 0.6000000000000001 0.6000000000000001 0 0 0 0 0 0 0 0 0 0 0.4 0 0 0 0 0 0.6000000000000001 0 0.2 0 1.2000000000000002 3.8000000000000003 4.2 0 3.8000000000000003 3.6 9.4 6.4 1.6 0 0.2 2.2 2 1.4000000000000001 9.4 0 3.6 2.8000000000000003 4.800000000000001 3.2 5.6000000000000005 0 0 0 0 0 0 0 0 0 0 0 0.2 0 0 0 0 0 0 0 0 0 0 0 0 0 0 0 0 0 0.4 0 0 0 0 0 0 0 0 0 0 3.2 0 0 0 0 0 0 0 0 0 0 0 0 0 0 0 0 0 0 3.2 2.6 6.800000000000001 4.2 0 0 11 2.8000000000000003 0.4 0 4.800000000000001 0 3.2 0.4 5.800000000000001 6.800000000000001 0 2.4000000000000004 5.4 0 0 0 0 0 2.6 0 0 0 0 0 0 0 0 0 0 0 0 0.4 0.2 0 0 0 0 0 0 0 0 0 0 0 0 0 0 0 0 0 0 0 0 0 0 0 0 0 0 0 0 0 0 0 0 0 0 0 0 0 0 0 0 0 0 0 0 0 0 0.2 0 0 0 0 0 4.6000000000000005 2.8000000000000003 0.4 0 0 0 0 0 0 0 0 0 0 0 0 0.4 0 0 0 0 0 0 0 0 0 0 0 0 0 0 0 0 0 0 0 0 0 0 0 
 18.400000000000002 0 55.6 81.60000000000001 31.200000000000003 26 14.8 58.400000000000006 96.4 37.2 62.800000000000004 6.800000000000001 25.400000000000002 10.200000000000001 11.600000000000001 19.6 31.400000000000002 23.8 5.800000000000001 6.2 1.2000000000000002 0 0 1 0 0 0 1.6 0.8 1.2000000000000002 0 0 0.2 0.6000000000000001 0.4 1.2000000000000002 1 0 0 14.8 0 0.6000000000000001 13.8 0 1.2000000000000002 0 0.6000000000000001 0 0.4 0.6000000000000001 0.4 1.2000000000000002 0 0.8 2.2 1.2000000000000002 0.6000000000000001 0.6000000000000001 0 1 0.8 0.4 0 0 9.4 0 0 0 8.4 0 0 0.4 0.4 0 0.8 0 0.6000000000000001 0.8 1.6 0 0 3.6 4.800000000000001 8.200000000000001 0 2.4000000000000004 4 8.6 0.2 3.8000000000000003 2 4.2 3.6 4.2 0 9 6 4.6000000000000005 0 0 0 0 0 0 0 0 0 0 0 1.2000000000000002 0 0 8.200000000000001 0.4 0 0 0 0 2.8000000000000003 6.800000000000001 0 0 0 0 0 0 0 0 0 0 0 0 0 0 0 0 0 0 0 0 0 0 0 0 0 0 0 0 3.8000000000000003 0 0 0 0 0 0 1 0 0.8 0 0 0.8 9.200000000000001 5.800000000000001 5.2 0 0 0 6.2 8.200000000000001 5 2.4000000000000004 2.2 0.2 0 0 6.4 3.2 2.2 2 0.6000000000000001 3.4000000000000004 0 0.2 0 0 0 2 0 0.2 0 0 0 2.6 0.2 2.2 0 0 0 0 0 0 0 0 0 0 0 0 0 0 0 0 0.2 0 0 0 0 0 0 0 0 0 0 0 0 0 0 0 0 0 0 0 0 0 0 0 0 0 0 0 0 0 0 0 0 0 0 0 0 0.2 17.8 0 3 0 0.2 0.4 0 0 0 0 0 0 0 0 0 0 0 0 0 0 0 0 0 0 0 0 4 0 0.6000000000000001 0 0 0 0 0 0 0 0 0 0 0 0 
 45 55.6 0 19.6 137.6 40.400000000000006 31.200000000000003 17.8 64 64.4 10.8 51.400000000000006 11.200000000000001 26.6 26.400000000000002 39 38.800000000000004 26.6 7.800000000000001 49.2 16 0 0 0.2 0 0 0 0 0.4 0 0 0.2 0 0 0.4 0 0.6000000000000001 0 0 0 0 0.4 0.6000000000000001 0 0 0 0 0 0 2.2 0 0.6000000000000001 0 0 0 0 0 0.6000000000000001 0 0.6000000000000001 0.4 0 0 0 0 0 0 0 0 14.8 0 0 0 0 0 0 0.8 0 0.6000000000000001 0 1.2000000000000002 3.2 0.2 1.2000000000000002 0 0 0 2.8000000000000003 0 0 0 3.4000000000000004 0 0.4 2.2 1.4000000000000001 0 3.6 3.8000000000000003 0 0 0 0 0 0 0 0.4 2.6 0 0 0 0 2.2 0 0 0 0 0 0 0 0 0 0 0 0 0 0 0 0 0 0 0 0 0 0 0 0 0 0 0 0 0 0 0 0 0 0 0 0 0 0 0 0 0 0 0 0 0 0 0 0 2.6 3.2 6 4.2 2.2 3.8000000000000003 0 5.2 3.2 4.6000000000000005 0 0 0 1.8 2.8000000000000003 2.8000000000000003 0 2.4000000000000004 0.2 3.4000000000000004 0 0 0 0 0 2.2 4 2.8000000000000003 0 0 0 1.4000000000000001 0 8 0 0 0 0 0.2 0 0 0 0 0 0 0 0 0 0 0 0 0 0 0 0 0 0 0 0 0 0 0 0 0 0 0 0 0 0 0 0 0 0 0 0 0 0 0 0 0 2.2 0 0 0 0.4 0.4 0 0 0.2 0 2.2 0 0 0 0 0 0 0 0 0 0 0 0 0 0 0 0 0 0 0 0 0 0 0 1 0.2 0 0 0 0 0 0 0 0 0 0.2 0 0 0 
 11.200000000000001 81.60000000000001 19.6 0 73 47 58.6 20.6 23 38.2 28.6 88.80000000000001 9.600000000000001 11 11 9.8 38.400000000000006 42.2 20.200000000000003 55.6 0.6000000000000001 0 0 0 0 0 0 15.4 0.4 0 0 0 0 16 0.2 0 0.6000000000000001 0.6000000000000001 9.4 0.4 0 0 0.6000000000000001 0 0 0 0 0 0 0 0 0.4 0 0 12.200000000000001 0 0 0.6000000000000001 0 0.6000000000000001 0.6000000000000001 0 0 0 0 0 0 0 12 0 0 0 0 0 0 0 0.6000000000000001 0 0.6000000000000001 0 2.6 0 0.6000000000000001 9.8 0 6.6000000000000005 2.2 2 0.2 4 0 1.8 4.800000000000001 0.2 5 3.6 3 2.8000000000000003 0 0 1.4000000000000001 0 0.2 0 0 0 0 0.2 1.8 2.8000000000000003 0 0 3 0 2 4.6000000000000005 2 0 2.2 2 0 0 0 0 0 0 0 0 0 0 0 0 0 0 0 0 0 0 0 0 0 0 0 0 0 0 0 0 0 1.4000000000000001 0 0 0 0 0 0.2 0 0.2 0 0 0.2 6.800000000000001 3.8000000000000003 2.8000000000000003 3.4000000000000004 0 0 6.4 1.8 5.2 0.2 9 0 0 0 0.2 2.4000000000000004 5 0 9.4 6.2 1.8 8.200000000000001 0 0 0 7 0.4 3 0 0 0 0 2.2 4 0 0.2 0.2 0 0 0 0 0 0 0 0 0 0 0 0 0 0.2 0 0 0 0 0 0 0 0 0 0 0 0 0 0 0 0 0 0 0 0 0 0 0 0 0 0 0 0 0 0 0 0 0 0.8 1.2000000000000002 0 0.6000000000000001 2.8000000000000003 0 1.2000000000000002 0 0.4 0 0 0 0 0 0 3 0 0 0 0 0 0 0 0 0 0 0 0 0 0 2.6 2.6 0 0 0 0 0 0 0 0 0 0 0 0 0 
 10.200000000000001 31.200000000000003 137.6 73 0 22.200000000000003 8.200000000000001 10.200000000000001 40.6 19.6 36.800000000000004 41.800000000000004 53.6 15.200000000000001 19.8 44.2 32.6 51 15 14.200000000000001 1 0.4 0 0.6000000000000001 0 0 30.6 15.200000000000001 0.8 0.4 0.2 0 15.200000000000001 0.2 0.4 0 0.6000000000000001 0.8 15 10.8 0 0 1 0 0 0 0 0 0 2.2 0 0.6000000000000001 0 0 0 0 0 0.6000000000000001 0 0.6000000000000001 1.2000000000000002 0 0 0 0 0 0 0 0 8.4 0 13 0 0 5.800000000000001 0 0.6000000000000001 1.6 0.4 0 0 2.2 2 8 0 0 0 0.4 0 0 4.2 3.6 0.4 13 0.2 2.2 0 7.800000000000001 0 0 2 0.4 0 0 0 0 2 1.8 2.8000000000000003 3 0 0 10.200000000000001 2.4000000000000004 4.4 2.2 4 3 0 3 0 0 0 0 0 0 0 0 0.4 0 0.2 0 0 0 0 0 0 0 0 0 0 0.2 0 0 0.4 0 0 0 0 1.2000000000000002 0 0 0 0 0.4 0 0 0.4 0 0 0 0 1 1.6 3 0.6000000000000001 0 0 0.2 0.2 2.2 1.6 0 0.4 0 0 0 0 1.2000000000000002 0 0.2 3 3.6 0 0 0 3 2.6 6 0 0 0 5 0 7.2 0 0 3.8000000000000003 0.4 0.6000000000000001 0 0 0 0 0 0 0 0 0 0 0 0 0 0 0 0 0 0 0 0 0 0 0 0 0 0 0 0 0 0 0 0 0 0 0 0 0 0 0 0 0 2.4000000000000004 0 0 0 0 28.6 0.4 0.4 0.6000000000000001 0 4.800000000000001 0.8 0 0 0 0 0 0 0 0 0 1.4000000000000001 0 0 0 0.2 0 0 0 0 0 0 0 0 0 0 0 0 0 0 0 0 0 0 0 3 0 0 0 
 9.600000000000001 26 40.400000000000006 47 22.200000000000003 0 8.6 66 43.6 37.4 40 48.6 4.2 10.200000000000001 54.2 49.6 30.400000000000002 20 11.600000000000001 10.8 1 0 0 7 0 0.6000000000000001 14.600000000000001 5.2 16 0.2 0.2 0.8 15.200000000000001 15.600000000000001 0.2 0.2 1 0 46.800000000000004 0 0 0.4 0.6000000000000001 0.6000000000000001 1.2000000000000002 1.2000000000000002 0.6000000000000001 0.6000000000000001 0 0.4 0 0.4 0 0 13 13.200000000000001 0.4 1.2000000000000002 0.4 0.6000000000000001 0.6000000000000001 0 0 0 0.8 0 0 0 0 6.4 0.8 0 0 0 0 0.4 1 0 0.6000000000000001 0.4 2.2 3.8000000000000003 0 0 0.4 0.2 1 3 3.4000000000000004 2.6 1.6 8.8 0 9.8 0 0.6000000000000001 1.8 11.4 0 0 0 0.2 0 0 0 0 2.4000000000000004 2 0 3.8000000000000003 0 0 2.2 0.2 7.4 0 0 0 7 2.4000000000000004 0.4 0 0 0 0 0 0 0 0 0 0 0 0 0 0 0 0 0 0 0 0 0 0 0 0.2 0 0 0 0 0 0 0 0 3 0 0 0 0.2 0 0 6.2 3.8000000000000003 0.2 5.4 6.2 0.6000000000000001 0 1.4000000000000001 4.6000000000000005 0 1.6 0.2 0 3 4.4 0.2 0.2 2.4000000000000004 0.2 0 3.6 2.6 2.2 8.6 0 0 2.8000000000000003 2.8000000000000003 2 0 0 0 0 1.8 6 0 0 0 0 0 1.4000000000000001 0 0 0 0 0 0 0 0 0 0 0 0 0 0 0 0 0 0 0 0 0 0 0 0 0 0 0 0 0 0 0 0 0.2 0 0 0 0 0 0 0 2 0 0 0 0 17.400000000000002 0 0.2 17.2 4 1.6 0 0 0 0 0 0 0 0 0.2 0 0 0 0 0 0 0 0 3.2 0 0 0 0 0 0 0 2 0 0 0 0 0 0 0 0.2 0 0 0 0 
 62.2 14.8 31.200000000000003 58.6 8.200000000000001 8.6 0 102.60000000000001 14.4 17.6 7.6000000000000005 10.600000000000001 33.6 58.2 18.400000000000002 9.4 6.4 4.6000000000000005 45.800000000000004 4.6000000000000005 0.8 0 0 0 0 0 0 0 0.4 0 0 0.4 0 0 0.2 20 0.6000000000000001 0 0 0 0 0 0.6000000000000001 0 0 0 0 0 0 0 0 0.4 0 0 0 0 0 0.6000000000000001 5.4 0.6000000000000001 0.6000000000000001 0 0 0 0 0 0 0 10.200000000000001 0 0.2 0 0 0 0 0 0.6000000000000001 0 0.6000000000000001 0 3.8000000000000003 2.6 6.2 0 6.800000000000001 3.2 0 9.200000000000001 9.600000000000001 3.2 3.2 3.6 3 3.8000000000000003 3.4000000000000004 0 6.4 0 3 5 0.2 0 0 0 0 0 0 0 0 0 0 0 0 0 0 0 0 0 0 0 0 0 0 0 0 0 0 0 0 0 0 0 0 0 0 0.4 0 0 0 0 0 0 0 0 0 0 0.2 0 0 0.4 0 1.2000000000000002 0 0 0 0 0 0 0 0 7.4 4 4.2 0 1.8 2 2.4000000000000004 4 3.2 2.6 8.6 1.4000000000000001 0 0 4 5 0 6 3 1 0.4 0 0 0 0 0 0 0 0 0 0 0 2 0 0 0 0 0 1.8 0 0 0 0 0 0 0 0 0 0 0 0 0 0 0 0 0 0 0 0 0 0 0 0 0.2 0 0 0 0 0 0 2 0.4 0 0 0 0 0 0 0 0 0 0 0 0 0 0 0 0 0.6000000000000001 0 0 8.200000000000001 6 0 0 0 0 0 0 0 0 0 0 0 0 0 0 0 0 0 0 0 0 0 0 0 0 0 0 0 0 0 0 0 0 0 0 0 0 0 
 31.6 58.400000000000006 17.8 20.6 10.200000000000001 66 102.60000000000001 0 50.2 40.2 49.2 44.6 33.6 17.6 31 14 6.2 58 11.600000000000001 6.4 0.6000000000000001 0 0 0 0 0 0.8 0 0.4 0 0 0 0.8 0 0.2 0.4 0.6000000000000001 0 0.4 15.8 0 0.2 0.6000000000000001 0 6.4 0 0 0 0 0 0 0.2 0.4 0 0 0 0 0.6000000000000001 1 0.6000000000000001 0.6000000000000001 0 0 0 0 0 0 0.8 0 0 0 0 0 0 0 0 0.6000000000000001 0 5.800000000000001 0 2.8000000000000003 5.6000000000000005 8.4 2 4 0.2 2.8000000000000003 8.8 3.8000000000000003 8.4 2.2 3.8000000000000003 0 9.200000000000001 3 9.4 3.4000000000000004 2 2 0 0 0 0 0 0 0 0 0.4 0 0 0 0 4 0 0.2 0 0.2 0 3.4000000000000004 4.6000000000000005 2.4000000000000004 0 0 0 0 0 0.6000000000000001 0.4 0 0.4 0 0 0.2 0.4 0 0 0 0 0 0.2 0 0 0.8 0.6000000000000001 0 0 0 0 0.2 0.4 0 0 0 0 0 0.8 0.2 0.8 0 0 11 0 0 0 0 3.4000000000000004 6.800000000000001 4.6000000000000005 6.800000000000001 4.2 1 2.4000000000000004 0.4 0 3 7.4 2.6 0.2 0 2 4 0 0 0 0 0 0 0 0 0 0.4 0 4.2 0 0 0 0 0 0 0 0 0.2 1.2000000000000002 0 0 0 0 0.6000000000000001 0 0.2 0 0 0 0 0 0 0 0 0 0 0 0 0 0 0 0 0 0 1.8 0 0 0 0 0 0 0 0 0 0.2 0 0 0 0 0 0 0.2 0.4 0.4 18.400000000000002 8.4 0 1 0 0 0 0 0 0 0 0 0 0 0 0 0 0 0 0 0 0 0 0 0 0 0 3.8000000000000003 3.8000000000000003 5.4 0 0 0 0 0 0 0 0 0 0 0 0 
 68.4 96.4 64 23 40.6 43.6 14.4 50.2 0 58.800000000000004 31.400000000000002 51.400000000000006 37.2 21.200000000000003 63 74.8 13 94.4 22 9.4 16 0 0 1 0 0 0 0 0.8 0 0.6000000000000001 0 0 0.2 0.6000000000000001 0 0.8 0 0 0.4 0 0 0.6000000000000001 0 0 0 0 0 0 3.8000000000000003 0.6000000000000001 0.6000000000000001 0.4 0 0 0 0.2 0.6000000000000001 0 0.6000000000000001 0 0 0 0 0 0 0 0 0 7 0.2 0 0 0 0.4 0.4 0.6000000000000001 0 0.2 7.4 2.2 3.6 7.2 4.4 4.2 3.6 5 4.6000000000000005 2.6 0 2.2 5.800000000000001 0 6.4 2.2 5.4 4.6000000000000005 11 2.8000000000000003 0 0 0 0.4 0 0.4 0 0.8 0 0 0 0 0 9.8 0 0 0 0 0 1.6 0 0 0 0 0 0 0 0 0 0 0 0 0 2.8000000000000003 0 0 0 0 0 0 0 0 0 0 3 0 0 0 0 0 0 0 0 0 0 0 0 0 0 0 0.2 4.6000000000000005 0.2 5 3.4000000000000004 0.6000000000000001 0 2.2 3.8000000000000003 3.6 0 4.6000000000000005 1.8 0 2.8000000000000003 6.800000000000001 2.6 2.2 4.2 3.6 0 0 0 0 0 0.2 0 0 4 0 0 0 0 3.2 0 10 0 0 0 0 0.2 0 0 0.2 0 0 0 0 0 0 0 0.2 0 0.2 0 0 0 0 0 0 0 0 0 0 0 0 0 0 0 0 0 0 0 0 0 0 0 0 0 0 0 0 0.4 0 0 0 0.2 0.2 0.2 0.8 0.6000000000000001 0 1.4000000000000001 0 0 0 0 0 0 0 0 0 0 0 0 0 0 0 0 0 0 0 0 0 0 0 0 0 2 0 0 0 0 0 0 0 0 0 0 0 0 
 81.80000000000001 37.2 64.4 38.2 19.6 37.4 17.6 40.2 58.800000000000004 0 33.800000000000004 8 25.200000000000003 15.600000000000001 21.8 20 11.600000000000001 49 77.80000000000001 17.8 9.200000000000001 0 0 0.2 0 0.4 0.2 1 0.6000000000000001 0 0 0.4 0.2 0 0.4 0.6000000000000001 1.2000000000000002 0.8 0.2 0.2 13 0 0.6000000000000001 0 0.6000000000000001 0.6000000000000001 0 0 0 2.8000000000000003 0.8 1.8 0 0 14.8 12.600000000000001 2.4000000000000004 1 0 0.6000000000000001 1 0 0 0 0 0 0 0 0 0 0.2 0 0 0 1.6 10.8 1 0.4 0.6000000000000001 0 0 0 8.8 4 0 3.8000000000000003 4 3.8000000000000003 0 3.2 0 9.200000000000001 0 5 1.8 0.8 8.200000000000001 5.2 0 9.8 0 0 0 0.2 0 0.4 7.6000000000000005 0 0 3.6 0 0 7.800000000000001 0 0 0 0 0 0 9.4 0 0 0 0 0 0 0.2 0 0 0 0 0 0 0 0 0 0 0.4 0 0 0 0 0 0 0 0 0 0 0 0 0 1.2000000000000002 0 0 0 0 0 0 0 0 3.2 1.8 4 2.8000000000000003 8.200000000000001 3.2 2.6 3.6 1.8 3 3.6 0.4 0 0 0 1.6 1.8 0.4 7.800000000000001 0 2.8000000000000003 0 0 0 0 0 3.2 2 0.4 0 0 0 0.8 0 3 0 0 0 3.4000000000000004 1.6 0 0 0 0.4 0 0 0 0 0.4 0 0 0 0 0 0 0 0 0.4 0 0 0 0 0 0 0 0 0 0 0.2 0 0 0 0 0 0 0 0 0 0 0.2 0 2.6 0 0 0 0.6000000000000001 0 0 0.6000000000000001 18.2 0 2.6 0 0 0 0 0 0 0.4 0 0 0 0 0 0 0 1 0.4 0 0 0 0 0 0 0 2.6 0 0 0 0 0 0 0 0 0 0 0 0 0 0 
 27.8 62.800000000000004 10.8 28.6 36.800000000000004 40 7.6000000000000005 49.2 31.400000000000002 33.800000000000004 0 26.8 9.200000000000001 5.800000000000001 56 21 50 75.4 6.800000000000001 11.4 1 0 0.4 1.2000000000000002 0 0 15.4 4.800000000000001 20.200000000000003 0 0.6000000000000001 0.4 0 15.4 0.6000000000000001 1.2000000000000002 1 0.4 16.400000000000002 0.8 0 0.8 0.8 0 0 6.4 0 0.6000000000000001 0 0.6000000000000001 0.4 1.4000000000000001 0.2 0 1.2000000000000002 0 0.6000000000000001 0.6000000000000001 0 1.6 0.6000000000000001 0 0.6000000000000001 0.4 0 0 0 0 0 0.4 0 0 0 0 0 0 2.2 0.6000000000000001 0.2 0 2.2 0.2 3.2 8.200000000000001 0 4 1.8 6.4 2.6 2.4000000000000004 2 2.8000000000000003 2.8000000000000003 2.6 0 5.800000000000001 1.6 0 0.2 9.600000000000001 0 0 0 0 0 0 2 2.6 0 0.6000000000000001 0 0 5.2 0 2.4000000000000004 0 0 0 4 9.200000000000001 0 0 0 0 0 0 0 0 0 0 0 0 0 0.4 0 0 0 0 0 0 0 0 0 0 0 0 0.2 0 0 0 0.2 0.6000000000000001 0.4 0 0 0 0 0 0.2 0 0 2.2 1.2000000000000002 8 3.6 2.2 0 1.6 2.2 4 0.2 3.6 0 3 2 0 3.8000000000000003 2 4.4 1.8 3.6 2 2 4.4 0 0 2.4000000000000004 0 2.8000000000000003 0 0 0 4.2 0.2 4.6000000000000005 0 0 0 2.2 0 0 0 0 0 0 0 0 0 0 0 0 0 0 0 0 0 0 0 0 0 0 0 0 0 0 0 0 0 0 0 0 0.4 0 0 0 0 0 0 0.4 0 0 0 0 0 0 0.2 0 0 0 0.4 4.2 0 0 0 0 0 0 0 0 0 0 0 0 0 0 13 0 0 0 0 0 0 0 0 0 1 0 0 0 0 0 0 0 0 0 0 0.2 0 0 0 
 6.6000000000000005 6.800000000000001 51.400000000000006 88.80000000000001 41.800000000000004 48.6 10.600000000000001 44.6 51.400000000000006 8 26.8 0 5 6 53.2 51 19.400000000000002 31.200000000000003 8.6 90.80000000000001 0.6000000000000001 0 0 0 0 0 0.8 19.200000000000003 8.4 3.2 0.4 0 19.8 10.8 0.2 0.4 16.400000000000002 0 39 0.2 0 0.4 0.6000000000000001 0.6000000000000001 0 0 0.6000000000000001 0.6000000000000001 0 0 0 0.4 0 0.6000000000000001 0.4 0 0.4 1.2000000000000002 0.8 0.6000000000000001 2.2 0 0 0 0.4 0 0 0 0.2 2.2 0 0 0 0 0 0 1.4000000000000001 0 0.6000000000000001 2.4000000000000004 0 0 0.2 3.8000000000000003 4 4.4 0 0 3 1.6 2 3.8000000000000003 0 3.8000000000000003 0 0 0.4 0 0 0 0.2 0.6000000000000001 2 0.2 0 0.4 0.8 2.8000000000000003 1.2000000000000002 4.6000000000000005 0 0 0 5.4 5.800000000000001 4.4 2.2 0.6000000000000001 4.2 0 0 0 0 0 0 0 0.2 0 0.2 0 0 0 0 0 0 0 0 0 0 0 0 0 1.8 0 0.2 0 0 0 0 2 0 0 0 2.8000000000000003 0 0 0 0.4 0 0 0 0 0 4.4 3.8000000000000003 4.800000000000001 0 0.2 0 0 2.8000000000000003 3.6 0 3.2 0 0 0 0.4 0 0.2 0.2 3.2 3.4000000000000004 1.8 0 0 3.2 2.2 5.2 0 0 0 3.6 3.4000000000000004 7.800000000000001 2.8000000000000003 3 3 2.8000000000000003 2 0 0 0 0.4 0 0 0 0 0.4 0 0 0 0 0 0 0 0 0 0 0 0 0 0 0 0 0 0 0 0 0 0 0 0 0 0 0 0 0 0 0.2 0 0 0 0 0 0 35 0.2 0 17.2 2.2 1.4000000000000001 0 0 0 0 0 0 0 0 1.8 0 1.4000000000000001 0 0 0 0 0 0 0 0 0 0 0 0 0 0 0 0 0 0 0 0 0 0 0 0.2 0 0 0 
 46.400000000000006 25.400000000000002 11.200000000000001 9.600000000000001 53.6 4.2 33.6 33.6 37.2 25.200000000000003 9.200000000000001 5 0 14.200000000000001 45 23.6 4.2 24.8 27.200000000000003 28.200000000000003 0.8 0 0 0 0 0 0 0 0.4 0 0 0 0.4 0 0.2 0 0.6000000000000001 0 0 0 0 0.2 11.8 0 0 0 0.8 0 0 0 0 0.2 0 0 0 0 0 0.6000000000000001 0 0.6000000000000001 0.6000000000000001 0 0 0 0 0 1 0 0 0 0.4 0 0 0 0 0 0.6000000000000001 0 0.6000000000000001 0 4.800000000000001 1.8 0 0 0.2 0 0 5.800000000000001 2 3.6 2 0 2 3.6 2.8000000000000003 0 0 0 6.800000000000001 0.4 0 0 0 0 0 0 0 0 0 0 0 0 0 0 0 0 0 0 0 0 0 0 0 0 0 0 0 0 0 0 0 0 0 0 0 0.4 0.4 0 0 0.4 0 0 0 0 0 0 0 0 0 0.4 0 0 2.2 0 0 0 2.4000000000000004 0 0 0.2 0 0 2.8000000000000003 2.2 0 4.2 2.8000000000000003 0 0 0 0 0 1.4000000000000001 0 2.4000000000000004 5.4 1.6 0 1.8 3.4000000000000004 0 0 0 0 0.2 0 0 0 0 0 0 0 0 0 0 0 0 0 0 0 0 0 0.4 0 0 0 0 0 0 0 0 0 0 0 0 0 0 0 0 0 0 0 0 0 0 0 0 0 0 0 0 0 0 0 0 0 0 0 0 0 0 0 0 0 0 0 0 0 0 0.4 0 1.4000000000000001 3.2 0 0 0 0 0 0 0 0 0 0 0 0 0 0 0 0 0 0 0 0 0 0 0 0 0 0 0 0 0 0 0 0 0 0 0 0 0 
 77.4 10.200000000000001 26.6 11 15.200000000000001 10.200000000000001 58.2 17.6 21.200000000000003 15.600000000000001 5.800000000000001 6 14.200000000000001 0 26.400000000000002 7.6000000000000005 4.800000000000001 5 62.800000000000004 26 0 0.6000000000000001 0 0 0 0.6000000000000001 0 0.4 0 0.6000000000000001 0 0 0.8 1 0 0 0 0.4 0 0.2 0.4 1 0.6000000000000001 0 0 0 0 0.4 0 0.4 0.6000000000000001 0.8 0 0.8 0 0 0 0 0.8 0.8 0.6000000000000001 0.6000000000000001 0 0 0 0.6000000000000001 0 1.8 0.6000000000000001 0 0.2 0 1.2000000000000002 0.6000000000000001 1.2000000000000002 0 0 0.6000000000000001 0 0.4 2.6 4.4 1.8 0 0 0 0 2 0 0 0 0 5 0.2 6.2 3 2.8000000000000003 0 4.4 11 0 0 0 0 0 0 0 0.2 0 0 0 0 0 0 0 0 0 0 0 0 0 0 0 0 0 0 0 0 0 0 8.6 0 0 0 0 0 3 0 0 0 0 0 0 1.4000000000000001 0 0 0 0 0 0 0 0.6000000000000001 0 0 0 0 0 0 0 0 1.8 2.6 3 1.4000000000000001 0 0 5.4 0 1 1.4000000000000001 1.6 0 7.2 1.4000000000000001 0 2.2 2.6 0 2.8000000000000003 2.2 0 0 0 0 0 0 0 0 0 0 0 0 0 0 0 0 0 0 2 0 0 0 0 0 0 0 0 0 0 0 0 0 0 0 0 0 2.4000000000000004 0 0 0 0 0.2 0 0 0.4 0 0 0 0 0 0 0.2 0 0 0.2 0 0 0 0 0 0 0 0 0 0 0.6000000000000001 0 0 0.4 0 0.2 0.6000000000000001 0 0 0.6000000000000001 0 0 0 0 0 0 0 0 0 0 0 0 0 0 0 0 0 0 0 0 0 0 0 0 0 0 0 0 0 0 0 0 0 0 0 
 69.2 11.600000000000001 26.400000000000002 11 19.8 54.2 18.400000000000002 31 63 21.8 56 53.2 45 26.400000000000002 0 16.2 54.400000000000006 30 49.6 32 1.2000000000000002 0 0.2 0 0 0 0 0 0.8 0 0 0 0 0 0.4 0 1.2000000000000002 0 0 14.600000000000001 0 0.2 0.6000000000000001 0 0 0 0 0.4 0 0 0 1 0.4 0 0 0 0 1.2000000000000002 0 1.2000000000000002 0.6000000000000001 0 0 0 0 0 2.4000000000000004 0.6000000000000001 0 0 0.2 0.2 0 0 0 0 0.6000000000000001 0 0.6000000000000001 1 0 0.2 0 0 4.4 3.2 0 4.2 2.4000000000000004 5.6000000000000005 6 3.8000000000000003 5.4 7.800000000000001 5.2 4.4 0 0 3 2.4000000000000004 0 0 0 0 0 0 0 0 0 0 0 0 0 0 0 0 0 0 0 0.2 0 0.4 0 0 0 0 0 0 0 0 0 0 0 0 0 0 0 0.2 0 0 0.2 0 0 0 0 0 0 0 0 0 0 0 0 0 0 0 0 0 0 0 0 2 7.800000000000001 0.4 0 1.6 6.800000000000001 0 0 0 5 0.2 2.2 3.4000000000000004 3.8000000000000003 0.2 0 2.4000000000000004 3.2 2.8000000000000003 0 0 0 0 0 0.2 0 0 0 0 0 0 2 0 0 0 0.4 0 0 0 0 0 0 0 0 0 0 0 0 0 0 0 0 0 0 0 0 0 0 0 0 0.2 0 0 0 0 0 0 0 0 0 0 0 0 0 0 0 0 0 0 0 0 0 0 0 0 19 0 0 0 0.4 2 1.8 0 0 0 0 0 0 0 0 0 2.4000000000000004 0 0 0 0 0 0 0 0 0 0 0 0 0 0 0 0 0 0 0 0 0 0 0 0 0 0 0 
 5.6000000000000005 19.6 39 9.8 44.2 49.6 9.4 14 74.8 20 21 51 23.6 7.6000000000000005 16.2 0 85.2 28.200000000000003 22.200000000000003 58.400000000000006 0.6000000000000001 0 0 0.4 0 0 15.8 0 0.4 0.2 0 0.4 0 0 0.2 0.4 0.6000000000000001 0 0 18.2 0.4 0.4 1 0 0 0 0 0 0 8 0.6000000000000001 0.6000000000000001 0 0 0 0 0.6000000000000001 0.6000000000000001 0 0.6000000000000001 0.6000000000000001 0 0 0 0 0 0 0 0 7.4 0.2 0.6000000000000001 0 0 0 0 0.6000000000000001 0 1 0 4.2 10.600000000000001 0 3.8000000000000003 0 0 2.2 0 0 4.800000000000001 9.4 6.4 0 3.6 2.2 5.6000000000000005 3.8000000000000003 14.4 0 0 1.2000000000000002 2.2 0 0 0 0 2 2.6 0 0.2 0 0 5 1.8 0.2 0.2 0 0 2.8000000000000003 2.4000000000000004 0 0 0 0 0 0 0 0 7.6000000000000005 0 0 0 0 0 0 0 0 0.4 0 0 0 0 0 0 4.800000000000001 0 0 0.2 0 0 0 0 0 0 0 2.2 0 3 0 0 0.6000000000000001 0 4 0 2 0 0.2 8 2.4000000000000004 0 2.4000000000000004 0 3.6 0 0.2 2.8000000000000003 3.8000000000000003 0 2.2 1.6 0 0 1.6 0 0 0 0 0.8 0 0 0 0.4 3.6 0 3.6 0 0 0 0 2.2 0 0 0 0 0 0 0 0 0 0 0 0 0 0 0 0 0 0 0 0 0 0 0 0 0 0 0 0 0 0 0 0 0 0 0 0 0.4 0 0 0 0 2 0 0 0.4 0.6000000000000001 17.2 0 0 0.4 0.4 2.6 0.2 0.2 0.4 0 0 0 0.4 0 0 0 0 0 0 0 0 0.2 0 0 0 0 0 0 0 1.8 0 0.8 0 0 0 0 0 0 0 0 0 0 0 0 
 9.8 31.400000000000002 38.800000000000004 38.400000000000006 32.6 30.400000000000002 6.4 6.2 13 11.600000000000001 50 19.400000000000002 4.2 4.800000000000001 54.400000000000006 85.2 0 33 50.6 10 1.2000000000000002 0 0 0 0 0.4 16.2 0 0.8 0 0 0 0 0 0.2 1.2000000000000002 1.2000000000000002 0 15.200000000000001 12.8 0 0.2 0.6000000000000001 0 0 0 0 0.4 0 0 0 0.8 0.4 0 0 0 0 1.2000000000000002 0 1.2000000000000002 0.6000000000000001 0 0.6000000000000001 0 0 0 0 0.6000000000000001 10.4 0 0 0.2 0 0 0 0 0.6000000000000001 0 0.6000000000000001 0 1 6.2 0.6000000000000001 9.600000000000001 0 2 1.4000000000000001 1.4000000000000001 2 2.2 5.800000000000001 2 2.2 3.6 1.8 1.6 1.6 5.800000000000001 0 0 2 0.4 0 0 0 0 2 3 0 0 0 0 5.6000000000000005 1 3.6 2 0 0 0 5 0 0 0 0 0 0 0 0 0 0 0 0 0 0 0 0 0 0 0 0 0 0.2 0 0 0 1.4000000000000001 0 0 0 0.2 0 0 0 0 0 0.4 0 0.6000000000000001 0 0 0 8.200000000000001 3 8.6 3 1.8 0.2 1.6 4.2 2.8000000000000003 0 4.2 0 0 0 0.2 1.4000000000000001 1.8 0 2.6 7 0 5 0 0 0 3 2.2 4 0 0 0 0 0 0 0 0 0 0 0.6000000000000001 0 0 0 0 0 0 0 0 0 0 0 0 0 0 0 0 0 0 0 0 0 0 0 0 2.2 0 0 0 0 1.6 0 0 0 0 0 0 0 0 0 0 0 0 0 0 0 0.2 17.400000000000002 0.4 0.2 0.4 0.2 2.6 0 0 0 0 0 0 0.4 0 0 0 0 0 0 0 0 0 0 0 0 0 0.4 0 0 0.2 3.6 1.4000000000000001 0 0 0 0 0 0 0 0 0 0 0 1 
 10.4 23.8 26.6 42.2 51 20 4.6000000000000005 58 94.4 49 75.4 31.200000000000003 24.8 5 30 28.200000000000003 33 0 5.2 2.8000000000000003 0.6000000000000001 0 0 0 0 0.2 3.8000000000000003 0 0.4 0 0 0 0 0 0.2 0.4 0.6000000000000001 0.4 14.8 0.4 12.200000000000001 0.4 0.6000000000000001 0 0 0 0 13 0 0 0 0.2 0 0 4.6000000000000005 0 0 0.6000000000000001 0 0.6000000000000001 0.6000000000000001 0 0 0 0 0 0 0 0 0 0.2 0 0 0 0 0 0.6000000000000001 0 0.6000000000000001 0 2.2 3.6 7.800000000000001 4.2 0.6000000000000001 8.200000000000001 6.800000000000001 7 4 2.6 3.8000000000000003 9.8 0 9.8 6.4 1 5.6000000000000005 6 0 0 0 0 0 2 0 0 0 0 0 2 2.8000000000000003 0.4 2 0 0 0.4 0 0 2.8000000000000003 4.800000000000001 0 0 0 0 0 0 0 0 0 0 0 0 0 0 0 0 0 0 0 0 0 0 0 0 0 0 0 0 0 0 0 0 0 0 0 0.2 0 0.2 0 0 5.4 0 2.8000000000000003 4.2 0 2.6 2.4000000000000004 6.2 1 3.4000000000000004 2 4.2 0 6 12.600000000000001 3.4000000000000004 9.8 2.2 0 0 3.4000000000000004 0 0 0 0 0 2 0 0 0 0 0 1.6 2 3.8000000000000003 0 0 1.2000000000000002 0 0 0 0 0 0 0 0.2 0 0.4 0 2 0 0 0 0 0.4 0 0 0 0 0 0.4 0 0 0 0.4 0 0 0 0 0.4 0 0 0 0 0 0 0 0 0 0 0 0 0 0 0 0.2 0.8 0 0.8 33.4 0.2 2 0 0 0 0 0 0 0 0 0 0 2 0 0 0 0.4 0 0 0 0 0 0 0 7.800000000000001 1.6 0 2 0 0 0 0 0 0 0 0 0 0 0 0 
 89.2 5.800000000000001 7.800000000000001 20.200000000000003 15 11.600000000000001 45.800000000000004 11.600000000000001 22 77.80000000000001 6.800000000000001 8.6 27.200000000000003 62.800000000000004 49.6 22.200000000000003 50.6 5.2 0 32.800000000000004 0.6000000000000001 0 0 0.4 0 0.8 0 0 0.4 0 0 0 0 0.2 0.8 0 0.6000000000000001 0.6000000000000001 0 1 0 0 0.4 0 0 0 2 0 0 0 0 0.6000000000000001 0.2 0 0 0 0 1 0 0.6000000000000001 0 0 0 0 0 0 1.6 0 0 0 0.4 0 0 0 0 0 0.6000000000000001 0.2 0 0 11 2 0.2 0 0.8 2 0 8.200000000000001 2.2 1.6 5.2 0 2 0 6 0 4.2 0 2.4000000000000004 0.4 0 0 0 0 0 0 0 0 0 0 0 0 0 0 0 0 0 0 0 0 0 0 0 0 0 0 0 0 0 0 0 0 0 0 0 0 0 0 0 0 0 0 0 0 0 3.2 0 0 0 0 0 0 0 0 0.6000000000000001 0 0 0 0 0 0 1.8 2.8000000000000003 0 0 0 5.800000000000001 0 0 0 4 0 0.2 0 2.8000000000000003 2.6 0 0 9.4 0.8 0 0 0 0 0 0 0 0 0 0 0 0 0 0 0 0 0 0 0 0 0 0 0 0 0 0 0 0 0 0 0 0 0 0 0 0 0 0 0 0 0 0 0 0 0 0 0 0.4 0 0 0 0 0 0 0 0 0 0 0 0 0 0 0 0 0 0 0 0 0.4 0 0 0.4 17.2 0 0 0 0 0 0 0 0 0 0 0 0 0 0 0 0 0 0 0 0 0 0 0 0 0 0 0 0 0 0 0 0 0 0 0 0 0 
 28 6.2 49.2 55.6 14.200000000000001 10.8 4.6000000000000005 6.4 9.4 17.8 11.4 90.80000000000001 28.200000000000003 26 32 58.400000000000006 10 2.8000000000000003 32.800000000000004 0 0.6000000000000001 14.8 0 0.2 0 0 0 0 0.4 0.2 0 0 6.800000000000001 0 0.4 0.8 0.6000000000000001 0.2 0.4 0 0 0 0.6000000000000001 0 0 0 0.8 0 0 0 0 0.6000000000000001 0.8 0 0 0 0 0.6000000000000001 0 0.6000000000000001 0.4 0 0 0.8 0 0 0 0 0 0 0.2 0 0.4 0 0 0 0.6000000000000001 0 0.6000000000000001 0 8.4 2.2 0 0 0 0 0 0 0 0 0 0 7.2 0 2.8000000000000003 0 6 0 0 0 0 0 0 0 0 0 0 0 0 0 0 0 0 0 0 0 0 0 0 0 0 0.4 0 0 0 0 0 0 0 0 0 0 0 0 0 0 0 0 0 0 0 0 0 0 0 0 0 0 0 0 0 0 0 0 0 0 0 2 0 0 0 0 0 0 0 0 0 0 0 0 0 0 5.2 2 2.8000000000000003 0.2 4 0 2.4000000000000004 2 0 1.2000000000000002 0 0 0 0 0 0 0 0 0 0 0 0 0 0.4 0.2 0 0 0 0 0 0 0 0 0 0 0 0 0 0 0 0 0 0 2.2 0 0 0 0 0 0 0 0 0 0 0 0.4 0 0 0 0 0.4 0 0 0 0 0 0 0 0 0 0 0 0 0.4 0.2 0.2 0.4 0.4 0 0 0 0 0 0 0 0 0 0 0 0 0 0 0 0 0 0 0 0 0 0 0 0 0 0 0 1 0 0 0 0 0 0 0 0 0 0 0 0 
 1 1.2000000000000002 16 0.6000000000000001 1 1 0.8 0.6000000000000001 16 9.200000000000001 1 0.6000000000000001 0.8 0 1.2000000000000002 0.6000000000000001 1.2000000000000002 0.6000000000000001 0.6000000000000001 0.6000000000000001 0 50.400000000000006 38.6 23.6 10.4 7.4 47.800000000000004 12.8 52.800000000000004 39.400000000000006 6 22.8 42.800000000000004 67.2 31.200000000000003 24.6 77 24.400000000000002 9.200000000000001 12 0 0.4 0 0 0.8 0.2 0 0.2 0 1.4000000000000001 0 0 0 0.4 0.4 0 0 0 0.4 0 0.6000000000000001 0 0 0 0.4 1 0.6000000000000001 0 0 0.2 0 0 0 0.4 0 0.6000000000000001 0 0 1.2000000000000002 0.6000000000000001 0 0 0 0 4.800000000000001 0 0 0 0 0 0 0.2 0 0 0 0 0 2.8000000000000003 0 0 1.4000000000000001 2.8000000000000003 5.2 4.4 3 2 10.600000000000001 8.200000000000001 0 0.2 5.800000000000001 1.2000000000000002 0 1.8 1.8 2.4000000000000004 1.4000000000000001 2.2 0 0 0 0 0 0 0 0 0 0 0 0 0 0 0 2.4000000000000004 0.4 0 0 0 3.2 3 0 2.2 0 0 0 0 0 1.6 0 0 0 0 0 0 0 0 0 0 0 0.2 4.4 0 0 0 4.800000000000001 2.2 0 0 0.8 0.2 0 0 0 0 0 0 0 0 0 0 0 4.4 4 9.4 0 1.4000000000000001 3 3.6 4.4 2.8000000000000003 4.2 0 3.8000000000000003 0.2 0.4 2.4000000000000004 0 0 1.6 4.2 0 0 0 0 0 0 0 0 0 0 0 0 0 0.2 0 0 0 2 2.8000000000000003 0 0 0 0 0 0 0 0 0 0 0 0 0.4 0 0 0 0 0 0 0.4 0 0 2.6 0 0 0 0 0 0 0 0 0 0 0 0 19.200000000000003 0 0.4 0 0 0 0.4 0 0 0 0 0 0 0 0 0 0 0 0 0 0 0 0 0 0 0 0 0 0 0 0 0 0 0 0 0 
 14.8 0 0 0 0.4 0 0 0 0 0 0 0 0 0.6000000000000001 0 0 0 0 0 14.8 50.400000000000006 0 31.200000000000003 31 5.800000000000001 5.6000000000000005 81.60000000000001 28 29.6 21 23 20.8 66.60000000000001 9.8 11.8 51.400000000000006 42.400000000000006 42.6 7.2 23 0 0.2 0 0 0.6000000000000001 0.2 13.200000000000001 0 0 0 0 0 0 0.4 0.4 0 0 0 0.4 0 0.6000000000000001 0 0 1.8 0.6000000000000001 0.4 0.6000000000000001 0 0 0 0 0 0 0.4 0 0.6000000000000001 0 0 0 0.6000000000000001 0 0 0 0 5 0 0 0 0 0 0 0 0 0 0 0 0 0 0 0 6.4 0 9 16.8 0 0 2.4000000000000004 8 3.2 0 6 0.2 0 3.6 2 2.6 0.2 4 2 2 0 0 1.8 0 0 0 0 0 0 0 0 0 0 0 0.2 0 0 0 0 3.4000000000000004 0 0 0 0 0 0 0 0 1.8 0 0 0 0 0 0 0 0 1.6 0 0.2 1.2000000000000002 0 0 0 3.2 2.2 0 0 0 0 0 0 0 0 0 0 0 0 0 0 9.200000000000001 4 6.6000000000000005 5.4 2.4000000000000004 0 9.600000000000001 0 3.6 0 3.4000000000000004 2.2 4 3.8000000000000003 0 2.4000000000000004 3 0.2 0 4.800000000000001 0 0 0 0 0 0 0 4.6000000000000005 0 0 0 0 3.4000000000000004 0 0 2.8000000000000003 0 0 2 0 0 0 0 0 0 3.6 0 0 0 0 0 0 0 0 0 0 0 0 0 0 0 0 0 0 0 0 0 0 0 0.4 0 0 0 0 0.6000000000000001 0 0 1 0 0 0 0 0 0 0 0 2.4000000000000004 2.4000000000000004 0 0 0 0 0 0 0 0 0 0 0 0 0 0 0 0 2.2 0.2 0 0 0 0 
 0 0 0 0 0 0 0 0 0 0 0.4 0 0 0 0.2 0 0 0 0 0 38.6 31.200000000000003 0 13.8 27 7.2 31.200000000000003 43.2 38.400000000000006 23.400000000000002 7.4 33 73.60000000000001 56.400000000000006 35.6 10.200000000000001 25.8 39.2 8.200000000000001 95.4 0 0.2 0 0 0.6000000000000001 0.2 0 0 0 0 0 0 0 0.6000000000000001 0.4 0 0.4 0 0.4 0 0.6000000000000001 0 0 0 0.6000000000000001 0.4 0.6000000000000001 0 0 0 0 0 2.2 0.4 0 0.6000000000000001 10 0 0 0.6000000000000001 0 0 0 0 0 0 2 0 0 0 0 0 0 0 0 0 0 0 0 0 8.8 6.800000000000001 2.4000000000000004 3.8000000000000003 2.2 2.4000000000000004 2.6 3.4000000000000004 3.4000000000000004 2.2 7.800000000000001 6 0 6.800000000000001 2.2 3.6 1 3.6 3.6 0.6000000000000001 0 0 0 0 0 0 2.6 0 0 0 0 0 0 2 0 0 0 0 1.8 5 0 0 0 0 0 0 0 0 0 0 0 0 0 0 0 0 0 0 0 1 0 0 0 0 0.6000000000000001 0 0 0 0 0 0 0 0 0 0 0 0 0 0 0 5.4 9.600000000000001 2.6 0 2.6 2.4000000000000004 5 5.6000000000000005 3.2 7.4 3.8000000000000003 6 0 5.6000000000000005 0 9.200000000000001 2.4000000000000004 0 2.2 2.2 0 0 0 0.8 0 0 0 0 0 0 0 0 0 0 0 0 0 0 0 0 0 0 0 0 0 0 0 0 0 0 0 0 0 0 0 0 0 0 0 2 0 0 2.6 0 0 0 0 0 0 0 0 0 0 0 0.8 0 0 16 0 0 0.4 0 0 0 0 0 0 0 0 0 0 0 0 0 0 0 0 0 0 0 0 2 0 0 0 2.8000000000000003 0 0 0 0 
 15.8 1 0.2 0 0.6000000000000001 7 0 0 1 0.2 1.2000000000000002 0 0 0 0 0.4 0 0 0.4 0.2 23.6 31 13.8 0 41 40.800000000000004 36.6 30.8 21.400000000000002 19.6 33.4 77.2 16.2 59.2 55.800000000000004 15.200000000000001 10.600000000000001 44.800000000000004 20.6 12.600000000000001 0 0.2 0 1.2000000000000002 0.6000000000000001 0.4 17.2 1.2000000000000002 0.2 0 0.8 0 12.4 0.6000000000000001 0.6000000000000001 0 0.8 1.2000000000000002 1.4000000000000001 0 0.6000000000000001 0 0 0.2 0.6000000000000001 0.4 0.6000000000000001 0 0.2 0.8 0 0 0 0.4 0 0.6000000000000001 0.8 0 0 1.4000000000000001 0 0 0 0 0 0 0 2.2 0.2 0 0 0 0.4 0 0 0 0 0 0 0 0 0 0 0 0.2 3.4000000000000004 0 0 4.2 2.2 4.4 1.8 0 0 0.2 2.2 0 2 0 0 2 2.4000000000000004 1.8 0 0 0 6.4 0 4.6000000000000005 0 2.6 0 10.4 1.8 2.4000000000000004 2 2.2 2.4000000000000004 2.2 0.8 0 0 0.8 0 0 0 0 0 0 0 0.4 0.2 0.4 0 0 0 0 0 0 0 0 0 0 0 0 0 0 0 0 0 0 0 0 1 0.4 0.4 0 0 2 0 0 4.800000000000001 0 0 4.800000000000001 1.6 0 0 0 0 1.6 2.8000000000000003 0 0 0 0 0 4.6000000000000005 0 0 0 0 0 2.4000000000000004 0 0 0 1.8 14 0 0 0 4.6000000000000005 2.2 5 4.2 0 0 9.4 3.6 0 0 0 0 0 0 0 0 0 0 0 0 0 0 0 0 0.4 0.4 0 0 0 0 0 0 0 0 0 0 0 0 0 0 0 0 2.8000000000000003 0.4 0.2 15.200000000000001 30.6 0 0.8 2.8000000000000003 0.8 0 0 0 0 0 0 0 0 0 0 0 0 0 0 0 0 0 0 0 0 0 3.8000000000000003 0 0 0 0 0 
 0 0 0 0 0 0 0 0 0 0 0 0 0 0 0 0 0 0 0 0 10.4 5.800000000000001 27 41 0 97.60000000000001 10.4 53.6 13.600000000000001 27.8 34 8 29.6 10.600000000000001 45 54.400000000000006 22.8 26.400000000000002 32 17.400000000000002 12 1 0 1.2000000000000002 0.6000000000000001 0.6000000000000001 13 0.8 0 0 0 0 12.200000000000001 0.4 0.4 0 0.6000000000000001 0 27.400000000000002 0 1.2000000000000002 0 0 1.6 1 0.8 0.6000000000000001 0 0.2 0 0 0 0.2 0.6000000000000001 0.6000000000000001 1 0 0 0 0.6000000000000001 0 0 0 0 0 0 0.2 0 0 0 0 0 0 0 0 0 0 0 0 0 0 0 0 0.2 4 11 0 0 4.4 4.6000000000000005 4 2.8000000000000003 0 0 0 0.4 0 0 0 0 11.8 2.4000000000000004 2 0 0 0 0 5.800000000000001 2.2 0 0 0 6.6000000000000005 5.4 1.2000000000000002 12.8 0 5.2 5.2 2 0 0 5.6000000000000005 0 0 0 0 0 0 0 0 0 1.6 0 5.4 0 0 0 0 0 0 0 0 0 0 0 0 0 0 0 0 0 0 0 0 0 0 0 0 0 0 0 0 0 1 5 0 0 4.800000000000001 1.8 9.8 2.4000000000000004 0 0 0 0 0 0 0 0 0 3.6 0 0 0 0 3.8000000000000003 6 0 2 0 0 6 0 2.2 3.4000000000000004 2 0 2.4000000000000004 0.2 0 0 0 0 0 0 0 0 0 0 0 0.4 0 0 0 0 0 0 0 0 0 0 0 0 0 0 0 0 0 0 0 0 0 0 2.6 0 1.4000000000000001 9.8 0.8 0 0.6000000000000001 3.6 12.4 0 0 0 0 0 0 0 0 0 0 0 0 0 0 0 0 2.8000000000000003 0 0 3 0 0 0 0 0 0 0 
 0 0 0 0 0 0.6000000000000001 0 0 0 0.4 0 0 0 0.6000000000000001 0 0 0.4 0.2 0.8 0 7.4 5.6000000000000005 7.2 40.800000000000004 97.60000000000001 0 10.600000000000001 46.800000000000004 8.6 8.6 45 43.6 48.400000000000006 7.6000000000000005 12 53 14.600000000000001 10.4 12 10.4 12 0.8 25.6 0.6000000000000001 0.6000000000000001 0.8 13 4.4 13.200000000000001 5.6000000000000005 1.4000000000000001 0 12.4 18.2 0.4 5.4 14.4 0 2 12.600000000000001 0.8 0.4 0.2 1.4000000000000001 0.6000000000000001 1 0.6000000000000001 0 0.2 0 0.6000000000000001 0 0.4 0.4 0.4 0.6000000000000001 0.6000000000000001 0 0 0.6000000000000001 0 0 0 0 0 0 0 0 0 0 0 0 0 0.2 0 0 0.4 0 0 0 0 0 0 0 5.4 2.8000000000000003 0 0 0 0.4 0 0 0 0 0 1.8 0 0 0 0 1.8 4.800000000000001 0.2 0 0 0 8.8 5.2 3 22 2.6 0 8.200000000000001 4 2.2 3.8000000000000003 4.800000000000001 2.2 4.4 0 0 0 0 0 0 0 0 0 0 0 0 0 0 0 0 0 0 0 0 2.8000000000000003 0 0.4 0 0 0 0 0 0 0 0.2 0 0 0 0 0 0 0 0 0.4 0 0 0 0 0 1.8 1.4000000000000001 0.4 0 0 0 0 4 0 0 0 0 0 3.2 0 0 2.2 2.2 2.2 4.2 0 0 0 11 3 5.4 0 0 7.800000000000001 20 2 0.2 6.800000000000001 0 2.8000000000000003 5.4 0 0 0 0 0 0 0 0.4 0 0 0 0 0 0 0 0 0 0 0 0 0 0 0 0 0 0 0 0 0 0 0 0 0 0 2.6 0.8 1 0.4 9.4 0.6000000000000001 0.8 0.6000000000000001 12.8 0 0 0 0 0 0 0 0 0 0 0 0 0 0.4 0 0 0 0 0 0 0.2 0 0.2 0 0.2 0 0 
 0 0 0 0 30.6 14.600000000000001 0 0.8 0 0.2 15.4 0.8 0 0 0 15.8 16.2 3.8000000000000003 0 0 47.800000000000004 81.60000000000001 31.200000000000003 36.6 10.4 10.600000000000001 0 39.800000000000004 12 30.8 26.6 22.6 92 35.800000000000004 56.6 51.800000000000004 57.2 8.6 11.600000000000001 61.2 0 0.2 0 0 0.6000000000000001 0.2 0 0 0 0 0 0 0 0.4 0.4 0 0 0 0.4 0 1.2000000000000002 0 0 0.2 1 1 0.6000000000000001 0 0 0.8 1 0.4 0 0.4 0 0.6000000000000001 0.4 0.6000000000000001 0 22.400000000000002 0 0 0 0 2 0 0 0 0 0.4 3.8000000000000003 0 0 0 0 7.6000000000000005 1.2000000000000002 0 0 0 6.2 1.8 2.4000000000000004 5.6000000000000005 0 0.6000000000000001 14.4 4.2 6 2.4000000000000004 2.6 0 2.4000000000000004 8 8.200000000000001 0 9.8 6.6000000000000005 3.8000000000000003 4.2 0 0 0 0 0 0 0 0 0 0 0 0 0 0 0 0 0 0 0.2 7.800000000000001 0 0 0 0 0 0.4 0 0.2 0 0 0 0 0 0 0 0 0 1.8 0.2 0 0.8 0.2 0 0 8.8 2.2 0 0 0.4 0 0 0 0 0 0 0 0 0 0 0 2.6 10.8 4 8 2 0 0.2 0 0 0 1.2000000000000002 2.2 4.4 2.8000000000000003 2.6 0 0 2 0 6 0.2 0 0 0 0 0 0.4 0 0 2.4000000000000004 0.4 0 0 0 0 0 0 0 1.6 0 0 0 0 0 0.4 0 0 0 0 0 0 0 0 0 0 0 0 0 0 0 0 0 0 0 0 0 0 0 0 0 0.2 0 0 0 2.4000000000000004 0 0 0 0 0.8 0.2 0.4 0 0 0 0 0 0 0 0 0 0 0 0 0 0 0 0 0 0 0 0.2 0 0 0 0 1.6 0 0 0 
 0 1.6 0 15.4 15.200000000000001 5.2 0 0 0 1 4.800000000000001 19.200000000000003 0 0.4 0 0 0 0 0 0 12.8 28 43.2 30.8 53.6 46.800000000000004 39.800000000000004 0 45.2 27.400000000000002 8.200000000000001 44.800000000000004 73 57 50.2 16.6 21.6 9 102.4 28.6 0 0.8 0.4 0 0.6000000000000001 0.4 0 0 0 0 0 0 0 0.6000000000000001 0.6000000000000001 0 0 0 0.4 0.4 0.6000000000000001 0 0 0.4 0.6000000000000001 0.4 0.8 0 0 0.4 0 5.2 0.6000000000000001 0.6000000000000001 0 0.6000000000000001 0 0.6000000000000001 0 0.6000000000000001 0 0 0 0 2.2 1.8 0 0 0 0 0 0 0 0 0 0 0 0 0 0 2.2 6.4 4.800000000000001 6 4.6000000000000005 0 9.200000000000001 1.8 0 0.4 0 4.800000000000001 0 2.4000000000000004 2.6 2.8000000000000003 0 7 10.600000000000001 0 0 0.4 0 0 0 0 0.2 3.4000000000000004 0 0 0.2 0 0 0 0 0 0 0 0 0 0 0 0 0 0 0 0 0 0 0 0 0 0 0 0 0 0 0 0 1.4000000000000001 0 0 0 0 0 0 0 0 0 0 0 0 0.4 0 0 0 0.2 0 2.6 0.2 0 3.6 3.4000000000000004 8.8 0 8.6 6.6000000000000005 2.2 1.4000000000000001 2.8000000000000003 0.2 0 5.6000000000000005 8.200000000000001 4.6000000000000005 2.4000000000000004 4.6000000000000005 3 4.6000000000000005 1.8 0 0 0 0 0 0 0 0 0 0.4 0 1.4000000000000001 0 0 0 0 0 0 0 0.2 0 0 0 0 0 0 0 0 0 0 0 0 0 0 0 0 0 0 0 0.4 0 0 0 0 0 0 0 0 0 14.8 4 0 0 0 2 0 0 0 0.2 0 5.2 0 0 0 0 0 0 0 0 0 0 0 0 0 0 0 0 0 0 0 0 0 0 0 0.4 0 0 0 0 0 
 0.4 0.8 0.4 0.4 0.8 16 0.4 0.4 0.8 0.6000000000000001 20.200000000000003 8.4 0.4 0 0.8 0.4 0.8 0.4 0.4 0.4 52.800000000000004 29.6 38.400000000000006 21.400000000000002 13.600000000000001 8.6 12 45.2 0 82.2 35.800000000000004 38.800000000000004 53.400000000000006 43 42.400000000000006 23.6 56.2 6.6000000000000005 39.400000000000006 76.4 0 0.4 0 0 0.6000000000000001 0.4 0 0 0 0 0 0 0 0.6000000000000001 0.8 0 0 0.6000000000000001 0.4 0 0.6000000000000001 0 0 0 0.6000000000000001 0.4 0.6000000000000001 0 0 0 0 0 4 0.4 0 0.6000000000000001 0 0 0 0.6000000000000001 0 0.2 0 0 6.2 0 0 0 0 0 0 0 0 0 0 0.2 0 0 0.2 0 5.800000000000001 8 2 4 4.800000000000001 0 2.8000000000000003 2.2 8.8 4.800000000000001 0 6.4 0 2.4000000000000004 3.4000000000000004 0 1.8 4.2 7 0 0 0 0 0 0 0 0 0 0 0 0 3 0 0 0.2 0 0 0 0 0 0 0.4 0 0 0 0 0 0 0 0 0 0 0 0 0 0 0 0 0 3.6 0 0 0 0 0 0 0 3.2 0 0 0 3 0 0 0 0 0 0 0 0 0 3 1.8 6 0 3 4.2 3.8000000000000003 1.8 6.2 0.6000000000000001 0 0 7.4 0.4 6.800000000000001 5.800000000000001 3.8000000000000003 15 2 0 0 0 0 0 0 0 0 0 0 0 0 2.8000000000000003 0 0 0 0 0 0 0.2 0 0 0 0 0 0 0 0 0 0 0 0 0 0 0 0 0.2 0 0 0 0 0 0 0 0 0 0 0 0 0 3.4000000000000004 0 0 0 3 0.2 0 1 0 3.8000000000000003 0.4 0 0 0 0 0 0 0 0 0 0 0 0 0 0 0 0 0 0 0 0 0 0 0 0 0 0 0 0 0 
 0 1.2000000000000002 0 0 0.4 0.2 0 0 0 0 0 3.2 0 0.6000000000000001 0 0.2 0 0 0 0.2 39.400000000000006 21 23.400000000000002 19.6 27.8 8.6 30.8 27.400000000000002 82.2 0 31.200000000000003 23.8 20.400000000000002 67.4 32 21.200000000000003 18.2 66 17.6 37 0 0.2 0 0 0.6000000000000001 0.4 12.200000000000001 0 0 0 0 0 0 4.6000000000000005 0.6000000000000001 0 1.8 0 4.6000000000000005 0 0.6000000000000001 0 0 0 0.6000000000000001 0.4 1 0 0 0 0 0 0.4 0.4 0 0.6000000000000001 0 0 0 0.6000000000000001 0 0 0 0 0 0 0 0 0 0 0 0 0 0 0 2.2 0 0 0 0 1.6 2.4000000000000004 3.8000000000000003 6.4 2.4000000000000004 4.800000000000001 6.4 0.2 0 7.2 3.2 5.4 0 7.4 0.2 0.2 4 6.4 2 0 0 0 0 0 0 2.8000000000000003 0.2 2.2 6.6000000000000005 0 0 0 2.4000000000000004 4.800000000000001 2.6 0 0.4 0 0 0 0 0 0 0 0 0 0 0 0 0 0 0 0 0 0 0 0 0 0 0 0 0 0 0 3.6 0 0 0 0 0.2 0 0 0 0.2 0 0 0 0 0 4.800000000000001 4.2 8.4 0.4 2 0 0.2 4.2 1.8 0 9 0 8.6 3.6 2.6 0 10 0 0 3.8000000000000003 1.6 0 0 0 0 0 0 0 0 0 0 0 0 2 0 0 0 0 0 0 0 0 0 0 0 0 0 0 0 0 0 0 0.4 0 0 0 0 0 0 0.4 0 0 0 4.800000000000001 0 0 0.4 0 0 0 0 0.2 0 0 0 3 0.4 0.2 0 16.2 0.4 0 0 0 0 0 0 0 0.4 0 0 0 0 0 0 0 0 0 0 0 0 0 0 0 0 0 0 0 0 0 0 
 0 0 0 0 0.2 0.2 0 0 0.6000000000000001 0 0.6000000000000001 0.4 0 0 0 0 0 0 0 0 6 23 7.4 33.4 34 45 26.6 8.200000000000001 35.800000000000004 31.200000000000003 0 8.4 7.800000000000001 5.4 55.800000000000004 50.400000000000006 27.400000000000002 27.200000000000003 24.200000000000003 26.8 11.4 0.4 0 0 0.6000000000000001 0.2 4 0 0 0 0 0 10.600000000000001 12.8 0.4 0 0 0 25.400000000000002 0 0.6000000000000001 0 0 2.4000000000000004 0.6000000000000001 0.4 0.6000000000000001 0 0 0.2 0 0 0 0.4 0 0.6000000000000001 0 0.4 0 0.6000000000000001 0 0 0 0 0 0 0 0 0 0.4 0 0 0 0.2 0 0 0 0 0 0 7 0 0 0.2 4 0.4 0 0.6000000000000001 4.2 0 0.6000000000000001 0 0 5 0.4 0.4 0 2.2 0.8 0.4 1.6 0 0 0 0 0 5.4 4.4 1.8 0 0 0 4.2 0 4 3.6 2 0.2 1.6 6.6000000000000005 0 0 0 0.4 0 0 0 0 0 0 0 0 0 0 2.2 0 0 0 0 1.6 0 0 0 0 0.2 0 0 0 0.4 0 0 0 0 0 0 0 1 0 0 0 0.2 0 0 0.2 6.2 2.8000000000000003 0 3.4000000000000004 0 6.6000000000000005 8 8.4 0 1.2000000000000002 0 4.800000000000001 10.8 2.8000000000000003 0 0 0.2 0 0 0 0 0 0.4 2.2 0 0 0.4 0.2 5.2 0 0 0 0 0 0 6.4 0 0 0 0 0.4 0 0 0 0 0 0 0 0 0 0 0 0 0 0 0 0 0 0 0 0 0 0 0 0 0 0 0 0 0 1.8 0 0 32.800000000000004 0.4 1.4000000000000001 0.6000000000000001 0.4 0 0 0 0 0 0 0 0 0 0 0 0 0 0 0 0 0 2.6 0 3.4000000000000004 0 0 0 8.6 0 0 0 0 
