 0 27.8 15.600000000000001 12.600000000000001 68.8 6.6000000000000005 19.400000000000002 30.200000000000003 40.800000000000004 43 24.6 10 13 72.8 29.8 72.4 11.600000000000001 6.6000000000000005 41.400000000000006 9.200000000000001 0 0.4 0 0 0 0 0 0.6000000000000001 0 0.2 0 0 0 0 0 0 0 0 15.4 0.4 0.6000000000000001 0 0 0 0.4 0 0 1 0.4 0 0.4 0 0.6000000000000001 0.6000000000000001 0 0.8 0 0 0.2 0 1 0.6000000000000001 0 0 0 0.4 0 0.6000000000000001 0 0 0.6000000000000001 0.2 0 0.6000000000000001 0 0.4 0 0.6000000000000001 0 0 1.4000000000000001 2 2 0.6000000000000001 0 4.2 8.200000000000001 5.6000000000000005 0.2 0.2 5.4 2.6 1.8 3.8000000000000003 3.4000000000000004 3 10.600000000000001 0 7 4.4 0 0 0 0 0 0.2 0 0 0 0 0 0 0 0 0 0 0 0 0 0 0 0 0 0 3.8000000000000003 0 0 0 0 0 0 0 0 2.8000000000000003 0 0 0 0 0 0.2 0 0 0 0 0 0 0 0 0 0 0 0 0 0 0 0 0 0 0 0 0 5.2 0 0 0 0 7 7.800000000000001 2.4000000000000004 2.6 2 0 3.2 3.8000000000000003 0 0 6.2 0 5 0 0 0 0 0 0 0 3 0 0 0 0 0.4 0.4 0 0 0 0 0 0 0 0 0 0 0 0 0 0 0 0 0 0 0 0 0 0 0 0 0 0 0 0 0 0 0 0 0 0 0 0 0 0 0 0 0.2 0 0 0 0 0.4 0 0 0 0 0 0 0 0.2 0.4 0 18.2 0.4 1.4000000000000001 0 0 0 0 0 0 0 0 0 0 0 0 0 0 0 0 0 0 0 0 0 0 0 1.2000000000000002 2.8000000000000003 0 0 0 0 0 0 0 0 0.4 0 0 0 0 
 27.8 0 61 32.4 5.800000000000001 12.8 13.600000000000001 32.2 26.6 9.4 4.2 7 8.6 6.2 13.4 51.6 5.800000000000001 28 19.400000000000002 31.6 0 0.4 0 0 0 0 0 0.6000000000000001 0 0.4 0 0.4 0 0 0 0 0 0 0 0.4 0.6000000000000001 0 0 0 0.4 0 0 0.6000000000000001 0 0 0.4 0 0.6000000000000001 0.6000000000000001 1.2000000000000002 0 0 0 0.6000000000000001 0 0.6000000000000001 0.6000000000000001 0 1.8 0 0.4 0 0.6000000000000001 0.4 0 0 3.2 0 0.6000000000000001 0 0.4 0 0.6000000000000001 0 0 0 0 0.6000000000000001 3 0 0 2.2 3.4000000000000004 0 2.4000000000000004 0 0 0.8 5.800000000000001 2.4000000000000004 0 7.800000000000001 2.4000000000000004 0 14 1.8 0 0 0 0 0 0 0 0 0 0 0 0 0 0 0 0 0 4.2 0 0 0 0 0 0 0 0 0 0 0 0 0 0 0 0 0 0 0 0 0 0 0 0 0 0 0 0 0 0 0 0 0.2 0 0 0 0 0 0 0 0 4.4 3 1.6 5.800000000000001 8 0 2.2 0 8 2 0 3 5 0 7 1.8 0 2.4000000000000004 0 0.6000000000000001 0 0 0 0 0 0 0 0 0 0 0 0 0 0 0 0 0 0 0 0 0 0 0 0 0 0 0 0 0 0 0 0 0 0 0 0 0 0 0 0 0 0 0 0 0 0 0 0 0 0 0 0 0 0 0 0 0 0 0 0 0 0 0 0 0 0.2 0.4 0 0 18.400000000000002 0 4.2 1.8 0 0 0 0 0 0 0 0 0 0 0 0 0 0 0 0 0 0 0 0 0 0 0 3.4000000000000004 5 0 0 0 0 0 0 0 0 0 0 0 0 
 15.600000000000001 61 0 38.2 24.400000000000002 43.6 20.200000000000003 22.8 76.60000000000001 56.400000000000006 23.200000000000003 26.6 12 13.200000000000001 26.8 30 42.6 9.200000000000001 72 10.4 0.2 0.4 0 0 0 0 0 0.6000000000000001 0.2 0 0 0 15 0 0 0 0 0 0.2 15.4 0.6000000000000001 0 12.200000000000001 0 1.2000000000000002 0 0 0.6000000000000001 0.2 0 0.4 0 0.6000000000000001 0.6000000000000001 0 0 0 10.200000000000001 0.4 0 0.4 0.6000000000000001 0 0 0 0.4 0 0.6000000000000001 0 0 0 0.4 0 0.6000000000000001 0 0.6000000000000001 10.600000000000001 0.6000000000000001 0 0 3 0 1.8 2.6 10.600000000000001 7.4 9.8 3 6.2 1.4000000000000001 2.2 0 0 0 2.2 2 5 7.4 0 1.4000000000000001 2.2 0 0.2 0 0 0 0 3 0 0 0 0 5.2 0 0.2 0 0 0 3 2.6 0.4 0 0 0 0 0 0 0 0 0 0 0 0 0 0.4 0 0 0 0 0 0 0 0 0.2 0 0 0 0 0 0 0 0 1.2000000000000002 0 0 0 0 0 3 0 0 4.2 3.8000000000000003 7.800000000000001 6 0 2 0 0 0 2.4000000000000004 0 0 0 0 4 6.4 2.8000000000000003 1.8 0 2.2 0 0 0 0 0 3 0 0 0 0 0 6.2 3.2 1.4000000000000001 0 0 0 3.2 0 0 0 0 0 0 0 0 0 0 0 0 0 0 0 0.4 0 0 2.4000000000000004 0 0 0 0 0 0 0 0 0 0 0 0 0 0 0 0 0 0.2 0 0 0 0 0 0 0 0 0 0.4 20.8 0 4 0 0 2 2.2 0.4 0 0 0 0 0 0 0 0 2.8000000000000003 0 0 0 0.4 0 0 0 0 0 0 0 0 3.8000000000000003 0 5.4 0 0 0 0 0 0 0 0 0 0 0 0 
 12.600000000000001 32.4 38.2 0 17.400000000000002 27.6 37 23.6 22.8 55 8.8 18.2 7.800000000000001 60.800000000000004 35.2 8.8 24 11 32.6 12 0 0.4 0 0 0.4 0 0.4 15.600000000000001 0 0.2 0 0 0.6000000000000001 3.6 7.2 0 0.4 0 57.400000000000006 15.200000000000001 0.6000000000000001 0.4 0.4 0 0.4 0 0 0.6000000000000001 12.600000000000001 0 0.4 0.4 0.6000000000000001 1 0 0 0 5.4 0.4 0 0.4 0.6000000000000001 0 0 0 0.4 0.4 0.6000000000000001 0.2 0 0 0.2 0 0.6000000000000001 0 0.4 0.6000000000000001 0.6000000000000001 0 0 1.8 6.800000000000001 3.8000000000000003 5.6000000000000005 1.6 0 0 2.4000000000000004 0 2.8000000000000003 7.800000000000001 7.4 0 0 0 8 5.2 0 4.2 0 1.8 0 0.2 0 0 0 1.6 0 0.2 0 0 0 2.8000000000000003 0 6.4 0.2 0 0 3.8000000000000003 2.2 0.4 0 0 0 0 0 3 0 0 0 0 0 0 0 0.2 0 0 0 0 0 0 0 0 0.2 0 0 0 0 0 0 0 0 0 0.2 0 0 0 0 0 0 2 0 0 5.4 7.800000000000001 4.6000000000000005 2 0 2.4000000000000004 3 0 0 2.2 0 0 6 4.6000000000000005 2.2 0 2.2 0 0 2.6 0 0 0 3 2 2.2 0 0 0 0 2.8000000000000003 2.2 0 0 0 3 3 0 0 0 0 0 0 0 0 0.2 0.4 0 0 0 0 2.4000000000000004 0 0 0 0 0 0 0 0 0 0 2 0 0 0 0 0 0 0 0 0 0.2 0 0 0 0 0 1 0 0 0 0.4 0.2 0 0.8 0 2.8000000000000003 0.8 1.8 0.4 0 0 0 0 0 0 0 0 0 0 0 0 0.4 0 0 0 0 0 0 0 0 1.4000000000000001 0 0 0 0 0 0 0 0 0 0 0 0 0 0 
 68.8 5.800000000000001 24.400000000000002 17.400000000000002 0 76.2 29.400000000000002 11.4 46.400000000000006 84.4 52.800000000000004 27.8 13.8 40.6 52 45.400000000000006 64 7.4 31.8 37.800000000000004 0 15.4 0 0 0 0 0.2 0.6000000000000001 15.4 0 0 0 30.400000000000002 0.6000000000000001 0 0.2 0 0 4.2 15.4 1.4000000000000001 0 6.2 0 1.4000000000000001 0 0.6000000000000001 1 0.2 0 0.4 0 1 0.6000000000000001 0 0.6000000000000001 0 0 0.4 0 0.4 0.8 0 10.600000000000001 0 0.4 0 0.6000000000000001 0.8 0.4 0 0 0 0.6000000000000001 0 0.4 0 0.6000000000000001 0 0 1.6 0 10.200000000000001 2.6 11 10.8 0 4 2.2 0.2 2.2 2.6 0 1.2000000000000002 1.6 2 4 2.2 0 0 0 2.8000000000000003 0 0.8 0 0 0 3.6 0 0 2 0 4.2 3.2 0.2 0 2.2 0 0 5.6000000000000005 0 0.2 0.2 0 0.2 0 0 0 0 1.6 3.2 0.2 0 0 0 0 0 0 0 0.4 0 0 0 0 0 0 0 0.4 0 0 0 0 2 0 0 0 0 0 3.4000000000000004 0 0 6.4 3 5 1 2 0 3 0 0 5.4 0 0 3 0 2.2 9.600000000000001 0 0 0 3 1 4.2 0.4 0 0 5.4 3 0 0 0 0 7.4 2.8000000000000003 1.4000000000000001 7.800000000000001 0 0 2.8000000000000003 0 0 0 0 0 0 0 0 0 0 0 0 0 0 0 0 0 0 0 0 0 0 0 2.8000000000000003 0 0 0 0 0 0.2 0.2 0 0 0 0 0 0 0 0 0 0 0 0 0 0 0 0.4 36.4 0.6000000000000001 9 0.4 0 3.2 0 0 0 0 0 0 0 0 0 0 3.2 0 0 0 0 0 0 0 0 0 0 0 0 0 0 0 0 0 0 0 0 0 0 0 0 0 0 0 
 6.6000000000000005 12.8 43.6 27.6 76.2 0 4.4 21 31.400000000000002 8.4 70.2 34.4 6.800000000000001 12.4 13.600000000000001 72.60000000000001 27.400000000000002 9.600000000000001 10.600000000000001 53.2 0 0.4 42.2 0 0.2 0 36.2 0.6000000000000001 0.2 0.4 0 0 0.4 5 14.600000000000001 0.2 42.800000000000004 1.2000000000000002 14.8 0.4 0.6000000000000001 0.8 13.200000000000001 0 0.4 0 0 0.6000000000000001 0.6000000000000001 0 0.8 0.4 0.6000000000000001 1.4000000000000001 0 0 0 0 0.4 0 0.4 0.6000000000000001 0 0 0 0.4 0.4 0.6000000000000001 0 1 0 0.4 0.2 0.6000000000000001 0 0.4 0 0.6000000000000001 0 0 0 2 0 2.4000000000000004 2 1.8 0 2.8000000000000003 0 2.6 2.2 2.2 0 5.4 3.2 2.2 0.2 3.2 0 0 0 0.2 0 2.8000000000000003 0 0 8.6 9.600000000000001 2 0 0 0 2.2 2.6 0 3.2 0 0.4 5.6000000000000005 4.800000000000001 0.2 0 0 0 0 0 0 0 0 0 0 0 0 0 0 0.2 0 0 0 0 0 0.4 0 0 0 0 0 0 0 0 0 0 0 0 0 0 0.4 0.4 0 0 3.6 0 2.4000000000000004 0 5.2 1.6 1 3.2 0 0 0 2.2 0 0 0 6 2.6 1.2000000000000002 0 0 2 4.2 2 0 0 0 5.6000000000000005 7.4 0 0.2 0 0 2 1.4000000000000001 0 3.4000000000000004 4.6000000000000005 0 5.2 3.8000000000000003 0 0 0 0.4 0 0 0 0 0 1.2000000000000002 0 0 0 0 0 0 0 0 0 0 0 0 0 0 0 0 0 0.2 0.2 0 0 0 0 0 3.8000000000000003 0 0 0 0 0 0 0.2 0 0 0 0.4 0 0 17.2 17.400000000000002 3 0.8 0 0 0 0 0 0 0 0 0 0 0 0 0 0 0 0 0 0 0 0 0 0 0 0 0 0 0 0 0 0 0 0 0 0 0 0 0 0 
 19.400000000000002 13.600000000000001 20.200000000000003 37 29.400000000000002 4.4 0 64.8 46.6 17.400000000000002 10 29.400000000000002 50.6 26 9.600000000000001 29 7.4 57.800000000000004 32.2 54.2 0 0.6000000000000001 0.4 0 0 0 0.4 0.6000000000000001 0 0 0 0.2 0 0 0 0 0 0 0 0.4 0.6000000000000001 0 0 0 0.4 0 0 0.6000000000000001 0.6000000000000001 0.6000000000000001 0.4 9.4 0.6000000000000001 0.6000000000000001 0 0 0 0 0 0 1 1.4000000000000001 0 0 0 0.4 0 0.6000000000000001 0 0 0 0 0 0.6000000000000001 0 0.4 0 0.6000000000000001 0.4 0 4.6000000000000005 1.8 4.6000000000000005 4.2 0.2 0 4.6000000000000005 0.8 2 0 2.8000000000000003 0 0 9.4 9 3.6 2.8000000000000003 5.6000000000000005 2 3.6 0 0 0 0 0 3.2 4 0 0 0 0 0.4 0 0 0.4 0 0.4 0 0 0 0 0 0 0 0 0 0 0.4 0 0 0 0 0.4 0 0 0 0 0 0 0 0 0 0 0 2 0 0 0 0 0.4 0 0.4 0 0 0 0 0 0 0.2 0 4.6000000000000005 3.6 3.4000000000000004 0 0 0 0.2 3.6 2.2 5.4 1 0 4.6000000000000005 0 3.8000000000000003 1.2000000000000002 4 1.8 2.4000000000000004 0 0.2 0 0 0 0.2 0 0.4 0.2 0 0 0 0 0 0 6 0 0 0 0 0 0 0 0 0 0 0 0.2 0 0 0 0 0 0 0 2.6 0.4 0 0 0.4 0 0.2 0 0 0 0 0 0 0 0 0 0 0 0 0 0 0 0 0 0 0 0 0 0 0 0 0.8 0.2 0 0 17.2 3 1 0 0 0.4 0 0 0 0 0 0 0 0 0 0 0 0 0 0 0 0 0 0 0 0 0 0 0 0 0 0 0 0 0 0 0 0 0 0 0 
 30.200000000000003 32.2 22.8 23.6 11.4 21 64.8 0 31.6 30.6 5.4 31 31.400000000000002 44.6 29.200000000000003 39 45.2 23.6 19 12.600000000000001 0 0.4 0 0 0 0 0.2 0.6000000000000001 0 8.8 0.8 0.4 0 0 15 0.8 0 0 0 0.4 0.6000000000000001 0 0 1.2000000000000002 0.4 0.8 0 0.6000000000000001 0 0 0.4 0 1.4000000000000001 1.2000000000000002 0.8 1.2000000000000002 0 0.8 0.6000000000000001 0.6000000000000001 0.6000000000000001 1 0 0 1.2000000000000002 0.6000000000000001 0 1.8 0.6000000000000001 0.4 0 0 0.4 1.4000000000000001 0 0.4 0 0.6000000000000001 0.6000000000000001 0 2.2 1.8 10.8 7.2 2 2.2 2.8000000000000003 2 6 7.4 0.4 0 0 0 3 6.4 4.800000000000001 3.2 0 4.4 0 0 0 0 0 0 3.4000000000000004 0 0 0 0 0 3 0 0 0 0 0 2.6 0 0 0 0 0 0 0 0 0 0 0 0 0 0 0 0 0 0 0 0 2 0 0 0 0 0 0 0 0 0 0 0 0 0 0 0 0 0 0 0 0 4.800000000000001 0.2 0.2 2.8000000000000003 2.4000000000000004 0 0 0 1.4000000000000001 0.2 0 0 3.2 0.2 2.6 4 5.6000000000000005 6.800000000000001 1.6 3.4000000000000004 0 0 0 0 0 0 3.2 0 0 0 0 0 0.2 3 0 0 0 0 4.4 0 0 0 0 0 0 0 0 0 0 0 0 0 0 0 0 0 2.6 0 0 0 0 0 0 0 0 2 0 0 0 0 0 0 0 0 1.8 0 0 0 0 0 0 0 0 0 0 0 0 0 0.6000000000000001 0.8 2.6 2.8000000000000003 0 0 0 0 0 0 0 0 0 0 0 0 0 0 0 0 0 0 0 0 0 0 0 0 2.4000000000000004 0 0 0 0 0 0 0 0 0 0 0 0 0 
 40.800000000000004 26.6 76.60000000000001 22.8 46.400000000000006 31.400000000000002 46.6 31.6 0 65.8 68.4 25.8 16.400000000000002 125.2 95.80000000000001 81.80000000000001 47 9 69 20.200000000000003 0 0.4 0 0 0 15 1.2000000000000002 0.6000000000000001 0 0 0 0 0 0 0 0 0.2 0 13.4 0.4 0.6000000000000001 0 0 0.6000000000000001 1 0 0 1 0.4 0 0.4 0 0.6000000000000001 0.6000000000000001 0.4 0 0 0 0.2 0 0.4 0.6000000000000001 0 5.4 0 2.6 0 0.6000000000000001 0 0 0 0 0 1.8 0 0.4 0 0.6000000000000001 0 0.2 3.6 2.2 11.8 5.800000000000001 21.200000000000003 9.200000000000001 0 3 5 0 2.8000000000000003 2 0 0 0 3 11.600000000000001 0 0 6.800000000000001 0 0 0 0 0 0 3.4000000000000004 0.6000000000000001 0 0.4 0 0 9.8 0 0 0 3.2 0 0 3 0 0 0 0 0 0 0 0 0 0 0 0 0 0 0 0 0 0 0 0 0 0 0 0 0 0 0 0 0 0 0 0 0 0 0 0 0 0 3.4000000000000004 0 8 5.4 2 4 0 0 0 3 0 0 5.2 0 0 2.2 3.6 3 16.2 3.6 0 3.2 0 0.2 0 2.6 0 0 7.4 0 0 0 0 0 2.2 1.8 2.4000000000000004 0 0 0 2 0 0 0 0 0 0 0 0 0 0 0 0 0 0 0 0 0 0 0 0 0 0 0 0 0 0 0 0 0 0 0 0 0 0 0 0 0 0 0 1.8 0 0 0 0 0 0 0.8 18.2 0 0.4 0.4 2.2 0.8 0 2 0 0 0.2 0 0 0 0 0 2.6 0 0.2 8.4 0 0 0 0 0 0 0 0 0 4.4 0 0 0 0 0 0 0 0 0 0 0 0 0 0 
 43 9.4 56.400000000000006 55 84.4 8.4 17.400000000000002 30.6 65.8 0 21.200000000000003 61.800000000000004 48.400000000000006 71.60000000000001 78.60000000000001 84.2 64.2 27 16.400000000000002 20.8 0 0.4 0 0 0 0 14.8 0.6000000000000001 0 0 0 0 0 15.200000000000001 14.8 0 0 0 6.6000000000000005 13.8 0.6000000000000001 0 0.2 0 0.4 0 0 0.6000000000000001 0.2 0 0.4 0 0.6000000000000001 0.6000000000000001 2.6 0 0 12.600000000000001 0.4 0 0.6000000000000001 0.6000000000000001 0 0 0 1.6 0 0.6000000000000001 0.2 0 0 0 0 0.6000000000000001 0 0.4 0 0.6000000000000001 0 0 3.8000000000000003 3.2 5.2 1.8 5.6000000000000005 4.2 0 3.6 6.6000000000000005 0.4 4.6000000000000005 9.4 0 0.2 0 7.800000000000001 6.6000000000000005 2 0 0.2 0 0 0 2.4000000000000004 0 0 3 0 0 0 0 0 4.4 0 1.8 0 0.2 0 0.2 7.2 0 0 0 0 4.2 0 0 0 7.2 0 0.2 0 0 0 0 0 0 0 0 0 4.6000000000000005 0 0 0 0 0 0 0 0 0 0 0 0 0 0.4 0 0 0 3.6 0 5.4 7.6000000000000005 0 4.4 2.4000000000000004 0 0 4.6000000000000005 1.4000000000000001 0.6000000000000001 5 0.8 0 2.2 5.800000000000001 0 6.2 6 0 3.6 0 0 2.4000000000000004 0 0 0 2.2 2.4000000000000004 0 0 0.4 0 0 3 0.8 2 0 0 4.4 0 0 0 0 0 0 0 0 0.4 0 3.2 0 0 0 0.4 2.4000000000000004 0 0 0 0 0.2 0 0 0 0 0 0 0 0 0 0 0 0 0 0 0 0 0 0 0 0 0 0 0 0 0 0.6000000000000001 19.8 0 0.2 0 3 1 0 0 0 0 0 0 0 0 0 0 0.4 0 0 0 0 0 0 0 0 0 0 0 0 4.4 0 0 0 0 0 0 0 0 0 0 0 0 0 0 
 24.6 4.2 23.200000000000003 8.8 52.800000000000004 70.2 10 5.4 68.4 21.200000000000003 0 61.2 9.8 9.600000000000001 36.800000000000004 11.4 57.2 64.4 11.8 13.600000000000001 14.8 15.200000000000001 0 0 0 0 35.4 0.6000000000000001 15.200000000000001 0 0 0.2 30.200000000000003 17.6 12 0.2 0 0.4 12.4 21 0.6000000000000001 0 9.4 0 1.4000000000000001 0 0 0.6000000000000001 0.2 11.200000000000001 0.4 0 1.8 0.6000000000000001 0.2 0 0 0.2 0.4 0 0.4 0.6000000000000001 0 0 2.2 0.4 0 0.6000000000000001 1.2000000000000002 0 0 0 0 0.6000000000000001 0 0.4 0 0.6000000000000001 0 0 0.2 0 1.8 2.2 2.6 4 0 0 2.2 3.6 4.4 4.800000000000001 0 0 3.2 1.8 1.8 4.2 0 0 0 5 0.6000000000000001 0.8 0 0 0.4 8.6 0 0 1.8 0 0.2 7 0.2 4.2 4 0 4.6000000000000005 2.2 0 0 0 0 0 0 0 0 0 0 2.8000000000000003 0 0 0 0 0 0 0 0 0 0 0 0 0 0 0 0 0 0 0 0.2 0 0 0 0.4 0 0 0 0 0 0 1.8 3.6 3 0 6.800000000000001 0 0.6000000000000001 0 0 2.2 2.6 0 0 0 0.2 0 0 0 0 2 0 0 0 0 0 2.4000000000000004 2 0 0 0.4 0 11.8 3.8000000000000003 3.2 4.4 0.4 0 8.8 2.8000000000000003 3.8000000000000003 0 0 0 2.8000000000000003 0 0 0.4 0 2.2 0 0 0 0.4 0 0 0 0 0 0 0 0 0 0 0.4 0 0 0 0 2.2 0 0 0 0 0 0 0 0 0 0 0 0 0 0 0 0 17.400000000000002 0 0.6000000000000001 0.4 0 1.6 0.4 0 0 0 0 0 0 0 0 0 2 0 0 0 0 0 0 0 1.6 0 0 0 0 0 3.4000000000000004 0 0 0 0 0 0 0 0 0 0 0 0 0 
 10 7 26.6 18.2 27.8 34.4 29.400000000000002 31 25.8 61.800000000000004 61.2 0 5.4 25.200000000000003 4.4 5.800000000000001 44.800000000000004 23.400000000000002 4.4 49.800000000000004 0 1.6 0 0 0.2 0 15 0.6000000000000001 0 0 0.2 0 0.2 35.4 19.6 0 0 0 29.400000000000002 16 0.6000000000000001 0 0.4 0 0.8 0 0 0.6000000000000001 0.4 0 0.4 0 0.6000000000000001 0.6000000000000001 1 0 0 12.8 0.2 0 0.4 0.6000000000000001 0 0 0 0.4 0 0.6000000000000001 0.2 0 0 0 0 0.6000000000000001 0 0.4 0 0.6000000000000001 0.2 0 1.8 2.2 9.200000000000001 10.4 4.800000000000001 3.8000000000000003 0 3.8000000000000003 2.4000000000000004 1 4.2 6 0 0 0 6.800000000000001 1 0 0 0 0.2 2.8000000000000003 0.2 0 0 0 3.4000000000000004 4.2 0 0 0.2 0 5.6000000000000005 0.2 0.4 4.800000000000001 0 0 0 3 0 0 0 0 0 0 0 0 0 0 0 0 0 0 0 0.4 0 0 0 3 0 0.2 0 0 0 0 0 0 0 0 0 0 0 0 0 0 0 0 0 0 1.8 3.4000000000000004 3.8000000000000003 3.8000000000000003 5.800000000000001 2.8000000000000003 0 0 0 0 2.2 3.4000000000000004 0 0 2 4.4 2.8000000000000003 4 0 0 0.2 0 2.6 0 0 0 3.2 5.6000000000000005 3.4000000000000004 0.6000000000000001 0 0 2.6 8.8 6.800000000000001 0 0 0 9 0 0 0 0 0 0 0 0 0 0 0 0 0 0 0 1 0 4 0 0 0 0 0 0 0 0 0 0 0 0 0 0 0 0 0 0 0 0 0.2 0 0 0 0 0 0 0 0.8 0.6000000000000001 0 0.2 17 2 1 0.2 0 0 0 0 0 0.2 0 0 0 9.8 0 0 0 0 0 0 0 0 0 0 0 0 0 0 0 0 0 0 0 0 0 0 0 0 0 0 0 
 13 8.6 12 7.800000000000001 13.8 6.800000000000001 50.6 31.400000000000002 16.400000000000002 48.400000000000006 9.8 5.4 0 29.200000000000003 5.800000000000001 24.6 7.800000000000001 25.8 56.800000000000004 6.800000000000001 0.2 0.4 0.4 0.4 0 0.2 0 0.6000000000000001 15.4 0.2 0 0 0 0 0 0 0 0 0 0.8 0.6000000000000001 0 0.8 0 0.4 0 0 0.6000000000000001 0.6000000000000001 0 0.4 0 0.6000000000000001 0.8 0 0 0 0 0 0 0.6000000000000001 1.6 0.2 0 0 1 0 0.8 0 0.6000000000000001 0 0 0.6000000000000001 0.6000000000000001 0.2 1.2000000000000002 1 0.6000000000000001 1.2000000000000002 0.6000000000000001 2.6 2 0 0 0 4.2 3.6 0 0 0 0 0 0 0 5.2 2 0 0 2.4000000000000004 0 0 0 0 0 0 0 0 0 0 0 0 0 0 0 0 0 0 0 0 0 0 0 0 0 0 2.2 0 0 0 0 0 0 0 0 0 0 0 0 0 0 0 0 0 0 0 0 0 0 0 0 0 0 0 0 0 0 0 0 0 0 0 0.6000000000000001 0 0 0 0 0.2 4 0 0.4 0 0 13.200000000000001 0.4 0 0 2.6 0 0 3 0 0 0 0 0 0 0 0 0 0 0 0 0 0 0 0 0 0 0 0 0 0 0 0 0 0 0 0 0 0 0 0 0 0 0 0 0 0 0 0 0 0 0 0 0 0 0 0 0 0 0 0 0 0 0 0 0 0 0 0 0 0 0 0 0 11.600000000000001 0 0 0.4 0.2 0 0.8 0 0 0 0 0 0 0 0 0 0 0 0 0 0 0 0 0 0 0 0 0 0 0 0 0 0 0 0 0 0 0 0 0 0 0 0 0 0 
 72.8 6.2 13.200000000000001 60.800000000000004 40.6 12.4 26 44.6 125.2 71.60000000000001 9.600000000000001 25.200000000000003 29.200000000000003 0 26.6 88.2 42.6 23.400000000000002 104.4 20 0 0.4 0 0 0.4 0 0 0.8 0 0.4 0.4 0 0 0 0 0 0 0 14.600000000000001 0.4 2.6 0 4.800000000000001 0 0.4 0 0 0.6000000000000001 0.4 0 0.4 0 0.6000000000000001 0.6000000000000001 2 0 0 0 12.8 0 0.4 0.6000000000000001 0 0 0 1.6 0 0.6000000000000001 0 0 0 0.4 0 0.6000000000000001 0 0.4 0 0.6000000000000001 0.4 6.2 1.4000000000000001 1 2 0.4 0.2 5.4 0 15.200000000000001 1 0 4.4 2.4000000000000004 1.2000000000000002 1 0.8 5.2 4 6.4 1 0.2 0 0 0 0 0 0.2 0 0 0 0 0 0 0 0 0.2 0 0 0 0 1.8 0 0 0 0 0 0 0 0 0 0 0 0 0 0 0 0 0 0 0 0.2 0 0 0.4 0 0 0 0 0 0 0 0 0 0 0 0 0 0 0 0 0 2 2.6 1.4000000000000001 4.2 2.6 0 10.200000000000001 13.4 2.4000000000000004 2.6 0.2 0 3.8000000000000003 5 8.6 0 5.4 2.2 4 8 0 0 0 0 0 0 2.8000000000000003 0 0 0 0 0.2 0 4.2 0.4 0 0 0 3.8000000000000003 0 0 0 0 0 0 0 0 0 0 0 0 0 0 0 0 0 0 0 0 0 0 0 0 0 0 0 0 0 0 0 0 0 0 0.2 0 0 0 0 0.4 0 0 0 0 0 0 0.4 0.2 0 0.4 0.2 0 1 0 0 0 0 0 0 0 0 0 0 1.4000000000000001 0 0 0 0 0 0 0 0 0 0 0 0 1.2000000000000002 0 0 0 0 0 0 0 0 0 0.2 0 0 0 0 
 29.8 13.4 26.8 35.2 52 13.600000000000001 9.600000000000001 29.200000000000003 95.80000000000001 78.60000000000001 36.800000000000004 4.4 5.800000000000001 26.6 0 78.4 6 30.200000000000003 21.8 35.800000000000004 0 1 0.6000000000000001 0.4 0 0 0 0.6000000000000001 0 0 0.6000000000000001 14.8 0.6000000000000001 0 0.4 0.4 0 0.4 16.6 15.4 0.6000000000000001 0.6000000000000001 0 0 0.4 0 0 0.6000000000000001 0.4 0.2 0.4 0.6000000000000001 0.6000000000000001 1 0.6000000000000001 10.8 0 0 0.2 0 0.4 0.6000000000000001 0 0 0.2 0.4 0 7.800000000000001 0 0 0.6000000000000001 0 0.2 0.6000000000000001 0 0.4 0 0.6000000000000001 0.2 0 1.4000000000000001 0 3.8000000000000003 0 0 3.6 3.2 3.4000000000000004 1.6 2 4.6000000000000005 7.6000000000000005 0 2.8000000000000003 0 2.8000000000000003 8.8 0 0 4.800000000000001 0 0 6.4 0 0 0 0 4.4 0 0 0 0 0 0 0 0 0.2 0.2 0 0 0 0 0 0 0 0 0 0 0 0 0 0 0 0.2 0 2.2 0 0 0 0 0 0 0 0 0 0.4 0 0 0 0 0 0 0 0 0 0 0 0 0 0 0 5 0.2 0 2 0 4.6000000000000005 2.2 1.8 2.6 2.2 0 0 5.800000000000001 0 0.2 4.800000000000001 0 0 3 2.4000000000000004 0 0 0 0 0 3.2 0 0 0 0 0 4.2 0 0 0 0 0 0 0 0.2 0.2 0 0 0 0 0 0 0 0 0 0 0 0 0 0 0 0 0 0 0 0 0 0.4 0 0 0 0 0 0 0 0 0 0 0 0 0 0 0 0 0 0 0 0 0 0.4 0.4 0 17.6 17.6 0.4 1.6 0 0 0 0 0 0 0 0 0 0 0 0 0 0 0 0 0 0 0 0 0 0 0 1.4000000000000001 7.6000000000000005 0 0 0 0 0 0 0 0 0 0 0 0 0 
 72.4 51.6 30 8.8 45.400000000000006 72.60000000000001 29 39 81.80000000000001 84.2 11.4 5.800000000000001 24.6 88.2 78.4 0 51 9.8 25.400000000000002 50.400000000000006 0 0.4 0 0 0 0 0 0.6000000000000001 0 0 1 0 1 0 0.2 1.2000000000000002 0 0 12.4 0.4 0.6000000000000001 0 13 0 0.4 0 0 0.6000000000000001 0.4 0 0.4 0 0.6000000000000001 0.6000000000000001 3.4000000000000004 0 0 0 0.2 0 0.4 0.6000000000000001 0 0 0 1 0 0.6000000000000001 0 0 0 0 0 0.6000000000000001 0 0.4 10.200000000000001 0.6000000000000001 0 0 4 1.6 10 6.4 6 5 0 10.4 3.4000000000000004 2.4000000000000004 0 2 0 13.600000000000001 3.6 0 12.8 0.6000000000000001 0 4.2 0 0 0 0 0 0 0 0 0 0 0 0 9 0 0 0 0 0 0 4 0 0 0 0 0 0.4 0 0 0 0 0 0 0 0 0 0 0 0 0 0 0 0 0.4 0 0 0 0 0 0 0 0 0 0 0 0 0 0 0 1.6 0 2.4000000000000004 5 4.4 7.2 0.8 0 0 5.2 3.6 2.2 3 0 0.4 2.2 7.4 0 8.200000000000001 1.2000000000000002 0 6 0 0 0 0 0 0 2.4000000000000004 0 0 0 0 0 0.2 0 0 0 0 0 2.8000000000000003 0 0 0 0 0 0 0 0 0 0 0 0 0 0 0 0 0 0 0 5 0 0 0 0 0 0 0 0 0 0 0 0 0 0 0 0 0 0 0 0 0 0 0 0 0 0 0.4 17 0 0.4 0.2 0.4 1 0 0 0 0 0 0 0 0 0 0 0 0 0 0 0 0 0 0 0 0 0 0 0 0 0 0 0 0 0 0 0 0 0 0 0 0 0 0 
 11.600000000000001 5.800000000000001 42.6 24 64 27.400000000000002 7.4 45.2 47 64.2 57.2 44.800000000000004 7.800000000000001 42.6 6 51 0 18.6 8.8 7.4 0 0.4 0 0.4 0 0 12.200000000000001 0.6000000000000001 0 0.6000000000000001 0 1 0 0.4 0 0 0 0 31.8 15.600000000000001 0 0.6000000000000001 0.2 0 1.8 0 0.2 0.6000000000000001 0 0 0 0.4 0 0 0.4 0 0 0.6000000000000001 1 0.4 0 0 0 0 0 3 0 0 0 0.4 0 0 0.2 0 0.2 0 1.4000000000000001 0 0.2 0.8 1.8 3.4000000000000004 4.800000000000001 4.6000000000000005 10 13.4 0 3 5.2 0 4.800000000000001 0 0 0 0 8.6 5.2 2.6 0 0 0 0 0 0 0 0 3.8000000000000003 0.4 0 0 0 0 6.800000000000001 0 0.4 0 0 0 0 2.2 0 0 0 0 0 0 0 0 0 0 0 0 0 0 0 0 0 0 0 0 0 0 0 0 0 0 0 0 0 0 0 0 0 0 0 0 0 0 2.8000000000000003 0 5.6000000000000005 4 4.6000000000000005 4.4 3 0 0 4.4 0 0 7.2 2.2 0 0 2.4000000000000004 2 4 4.800000000000001 0 3 2 0 0 0 0 0 5.4 3.2 0 0 0 0 2.2 1.6 4.2 0 0 0 1.6 0.2 0 0 0 0 0 0 0 0 0 0.6000000000000001 0 0 0 0 0 0 0 0 0 0.8 0 0 0 0 0 0 0 0 0 0 0 0 0 0 0 0 0 0 0 0 0 0 0 0 0 0.2 2.6 0 17.8 0 3.2 1 0 0 0 0 0 0 0 0.4 0 0 3.4000000000000004 0 0 0 0 0 0 0 0 0 0 0 0 3.6 0 0 0 0 0 0 0 0 0 0 0 0 0 0 
 6.6000000000000005 28 9.200000000000001 11 7.4 9.600000000000001 57.800000000000004 23.6 9 27 64.4 23.400000000000002 25.8 23.400000000000002 30.200000000000003 9.8 18.6 0 24.400000000000002 22.6 5 0.4 0 0 0.4 0 4.2 0.6000000000000001 0 0.2 0.4 0 0 1.4000000000000001 29.400000000000002 0 0 0 14.8 30.200000000000003 0.6000000000000001 0 0.2 0 0.4 0.2 0 0.6000000000000001 0.4 0 0.4 0 0.6000000000000001 0.6000000000000001 0 0 0 0 0.2 0 0.4 1.4000000000000001 0 0.2 0 0.4 0 1 0 10.8 0 0 0 0.6000000000000001 0 0.4 0 0.6000000000000001 1.2000000000000002 0 8 0 0 3.6 0 1.6 0.2 0.6000000000000001 2.8000000000000003 4 3.6 3.8000000000000003 2.2 1.6 3.8000000000000003 8 0 4.800000000000001 0.2 2.6 1 0 3 0 0 2.8000000000000003 0 0.2 0 0 0.2 0 0 2.2 0 0 4 0.2 3.2 0 0 0 0 0 0 0 0.2 0 0 0 0 0 0 0 0 0 0 0 0 0 0 0 0 0 0 0 0 0 0 0 0 0 0 0 0 0 0 0 0 0 1.6 0 4.2 1.8 0 3.4000000000000004 2 0.2 3.6 3.6 0.6000000000000001 4.2 7.4 1.4000000000000001 1.8 0 0 0 0 3 0 0.2 0.2 1.6 0 0 0 6 0 0 0 0 2.8000000000000003 1.8 5 2.8000000000000003 2.2 0 4.800000000000001 0.4 0 0 0 0 0 0 0 0 0 2.4000000000000004 0 0 0 0 0 0 0 0.4 0 0 0 0.2 0 0 0 0.4 0 2.4000000000000004 0 0 0 0 0 0 0 0 0 0 0 0 0 0 0 0 0 0 0.6000000000000001 0 0 0 0 3.2 0 0.4 0 0 0 0 0 0 0 0 0 0 0 0 0 0 0 2.8000000000000003 0 0 0 0 0 0 3 0 0 0 0 0 0 0 0 0 0 0 0 0 
 41.400000000000006 19.400000000000002 72 32.6 31.8 10.600000000000001 32.2 19 69 16.400000000000002 11.8 4.4 56.800000000000004 104.4 21.8 25.400000000000002 8.8 24.400000000000002 0 25.6 0 0.4 0 0 0 0 0 0.8 0.2 0 0.2 0 0 0 0 0 0 15.4 0 0.6000000000000001 0.4 0.2 0 0 0.4 0.6000000000000001 0 0.4 0 0 0.6000000000000001 1.6 0.6000000000000001 0.6000000000000001 0 0 0 0 1.2000000000000002 0.2 0.6000000000000001 1.4000000000000001 0 0 0 0.6000000000000001 0 0.6000000000000001 0.6000000000000001 0 0 7.2 0 0.4 0 0.4 0.2 0.4 0.4 0 0.2 3.8000000000000003 0 0.4 0 2 10 0 0 1.2000000000000002 0.2 0 7.2 0 0.4 1.2000000000000002 0 0 9.200000000000001 0.2 0 0 0 0 0 0.2 0 0 0 0 0 0 0 0 0 0 0 0 0 0 0 0 4 0 0 0 4 0 0 0 0 0 0 0 0 0 0 0 0 0.2 0 0 0.4 0 0 0 0 0 0 0 0 0 0 0 0 0 0 0 0 0 1.4000000000000001 1.2000000000000002 0 0 2 0 6.2 3.2 0.2 8 0 0 14.8 2.8000000000000003 0 0.2 1.4000000000000001 0.2 9 4 0 0 0 0 0 0 0 0 0 0 0 0.2 0 0 0.2 0 0 0 0 0 0 0 0 0 0 0 0 0 0 0 0 0 0 0 0 0 0 0 0 0 0 0 0 3 0 0 0 0 0 0 0 0 0 0.2 0 0 0 0 0.4 0 0 0 0 0 0 0.4 0 0 0.4 0 0 1 0 0 0 0 0 0 0 0 0 0 0 0 0 0 0 0 0 0 0 0 0 0 0 0.4 0 3.6 0 0 0 0 0 0 0 0.2 0 0 0 0 
 9.200000000000001 31.6 10.4 12 37.800000000000004 53.2 54.2 12.600000000000001 20.200000000000003 20.8 13.600000000000001 49.800000000000004 6.800000000000001 20 35.800000000000004 50.400000000000006 7.4 22.6 25.6 0 0 0.4 0 0.4 0 3.2 0 0.6000000000000001 0 0 0 0.4 0.6000000000000001 0 0 0 0 0 0 0.4 2.4000000000000004 4.2 0 0 0.4 0 3 0.6000000000000001 0.4 0 0.4 0 4.800000000000001 3 0.8 17.8 0.6000000000000001 0 0.2 0.2 0.4 0.6000000000000001 0 0 0 0.4 0 0.6000000000000001 6 0 0 0 0 0.6000000000000001 0.6000000000000001 0.4 0 0.6000000000000001 0 0 0.2 4.4 0 0 0 0 2.6 2.4000000000000004 0 1 0 0 0 10.4 2.8000000000000003 0.2 3.4000000000000004 3.2 2.6 7 0 0.2 0 0 0 0 0 0.2 0 0 0 0 0.2 0 0 0 0 0 0 0 0 0 0 0 0 0 0 0 0 0 0 0 0 0.2 0 0 0 0 0 0 0 0 0 0 0 0.6000000000000001 0 0 0 0 0 0 0 0 0 0 0 0 0 0 5 3.2 10.200000000000001 3.6 1.8 0 0.2 0.4 2 2.4000000000000004 0 2.4000000000000004 0 0 11.200000000000001 0.2 0 2.8000000000000003 0 4.2 0 0 0 0 0 0 0 0 0 0 0 0 0 0 0 0 0 0 0 0 0.2 0.2 0 0 0.2 0 0 0 0 0 0 0 0 0 0 0 0 0 0 0 0 0 0 0.4 0.2 0.2 0 0 0.4 0 0 0 0 0 0 0 0 0 0 0 0 0 0 0 0 0.6000000000000001 0 0 0 0.2 0.2 2.4000000000000004 0 0 0 0 0.4 0 0 0 0 0 0 0 0 0 0.2 0 0 0 0 0 0 0 0 0 0 0 0 0 0 0 0 0 0 0 0 0 0 0 
 0 0 0.2 0 0 0 0 0 0 0 14.8 0 0.2 0 0 0 0 5 0 0 0 32 45 38.400000000000006 11.200000000000001 7.4 10.600000000000001 26.6 121.4 37.6 55.800000000000004 8.6 42 21.400000000000002 54 42.6 8.200000000000001 19.8 37.800000000000004 40.400000000000006 0 0 0 0.6000000000000001 0 0 0 0 0 0 0 0.2 0 0.6000000000000001 0 0 0.8 0 13.200000000000001 0.4 1 0 1 0.6000000000000001 0 0.6000000000000001 0 0 0 0.4 0.6000000000000001 0.6000000000000001 0.8 0.6000000000000001 0.6000000000000001 2.6 0 0.6000000000000001 0 8.6 0 3.2 0 0 0 0 0 0 0.2 2.8000000000000003 0 4 0 0 0 0 0 0 0 0 2 3.2 15.200000000000001 7.6000000000000005 3.8000000000000003 0 2.6 3.4000000000000004 1.8 1.6 0 7.800000000000001 3 8.6 3.8000000000000003 2.8000000000000003 3 0.2 6 0 0 0 0 0 0 0 0 0.2 0 0 0 0 0 0 0 0 0 0 5.800000000000001 0 0 0 0 0.6000000000000001 0 0 0 0 0 0 0 0 0 0 0 0 0 0 0 0 0 0 0 0 0 1.4000000000000001 0.4 0 0 0 0 0 0 0 0.4 0 0 0 3.2 0 0 0 0 3.8000000000000003 0.2 0 0 2.6 1.4000000000000001 0 3.8000000000000003 2.6 6 0 7.4 6.2 3 4.800000000000001 2 0 0 0 0 0.4 0 0 0 0 0 0 0 0 0 0 0 0 0 0 0 0 0 0 0 0 0 0 0 0 0 0 0 0 0 0 0 0 0 0 0 0 0 0 0 0 0 0 0 0 0 0 0 0 0 0 3 0 0 10.200000000000001 15.4 0 2 0 0 0 0 0 0 0 0 0.2 0 0 0 0 0 0 2.6 0 0 0 0 3.8000000000000003 0 0 0 0 1 0 0 0 
 0.4 0.4 0.4 0.4 15.4 0.4 0.6000000000000001 0.4 0.4 0.4 15.200000000000001 1.6 0.4 0.4 1 0.4 0.4 0.4 0.4 0.4 32 0 15 26.6 37 8.200000000000001 29 59.800000000000004 28.200000000000003 13.4 22.200000000000003 8.8 9.8 11.200000000000001 8.6 9.8 18 22.200000000000003 88.60000000000001 8.200000000000001 0 0 0 0 0 0 0 0.2 0 0.8 0 0 1 0 0 0 1 0 0.6000000000000001 0 0.4 0 0 0.6000000000000001 0 0.6000000000000001 0 0 0.8 0.4 0.6000000000000001 0.6000000000000001 0 0.6000000000000001 0.6000000000000001 0.4 0 0.6000000000000001 0 0.4 0 0 0 0.2 0 0 0 0 0 0 0 2 0 0 0 0 0 0 0 0 1.4000000000000001 12 0 4.2 2.2 2.4000000000000004 1.8 6.4 2.4000000000000004 0 6.2 1.6 3 2 0 5.6000000000000005 5.4 3.8000000000000003 0 2.8000000000000003 2 0 0 0 0 0 1.8 0 0 0 0 0 3 0 0 0 0 0 4.4 0 0 0 0 0.6000000000000001 0 1 0 0 0 0 0 0 0 0 0 0 0 0.8 0 0.2 0 0 0 1.4000000000000001 0 1.4000000000000001 0 0 0 0 0 0 0.2 0 0 0 0 0 2 0 1.4000000000000001 6.800000000000001 3.8000000000000003 5.2 2.4000000000000004 3.8000000000000003 4.4 0 6.800000000000001 4.6000000000000005 1.6 1.8 3.8000000000000003 0 1.8 7.4 1.6 2 0 0 1.4000000000000001 1 0 0 0 0 0 0 0 0 0 0 3 0 0 0 0 0 0 1.8 0 0 0 0 0 0 0 0 0 0 0 4.4 0 0 0 0 0 0 0 0 0 0 0 0 0 0 0 0 0 14.8 0 0 0 0 1 0 0.4 0 7.4 0 0.2 0.2 0 0 0 0 0 0 0 0 0 0 0 0 0 0 0 0 0 3.6 0 0 0 0 0 0 0 0 0 0 
 0 0 0 0 0 42.2 0.4 0 0 0 0 0 0.4 0 0.6000000000000001 0 0 0 0 0 45 15 0 19.200000000000003 41.400000000000006 5 14 22.200000000000003 102 30.200000000000003 29.200000000000003 21.400000000000002 50.400000000000006 8.4 18 56 70 21.400000000000002 65.2 39.6 0 0 0.8 0 0 0 0 0.2 0 0 0 0 0 0 0 0 0 0.2 0.8 0 3 0 1.4000000000000001 0.6000000000000001 0 0.6000000000000001 0 0 0 0.8 0.6000000000000001 0.6000000000000001 0 0.6000000000000001 0.6000000000000001 0.4 0.4 0.6000000000000001 0 0 0 0 0 0 0.2 0 0 0 0 0 0 0 0 0 0.2 0 0 0 0 7.4 0.4 2 10 0 4.6000000000000005 0.2 7 4.800000000000001 2.8000000000000003 10.600000000000001 2.2 3.2 4 0 4.800000000000001 4.4 3 1.2000000000000002 1 0 2 0 0 0 0 0 0.2 0 0 0.4 0 0 0 0 0 0 0 0 0 0 0.2 0 0 1.2000000000000002 0 0 0 0 0 0 0 0 0 0.2 0 0 0 0 0 0 0 0 0 0 0 0 0 0 0 0 0 0 0 0 2.8000000000000003 0 0 0 0 0 1.6 2.8000000000000003 2 2 2.4000000000000004 0 3 0 4.2 4 0.8 3.6 0 8.8 5.4 0 6.4 8 3.8000000000000003 7 0 0 0 0 0 0 2 0 0 0 0 2.4000000000000004 0.4 0 0 0 0 0 4.2 0 0 0 0 0 0 0 0 0 0 0 0 0.4 0 0 0 2 0 0 0 0 0 0 7.4 0 0 0 0 0 0 0 0 0 0 0 1 0 0 36.6 0.2 0 0 0.2 0 0 0 0 0.2 0 0 0 0 0 0 0.2 0 0 0.2 0 0 0 0 3.4000000000000004 0 0 0 2.4000000000000004 1.8 0 0 0 
 0 0 0 0 0 0 0 0 0 0 0 0 0.4 0 0.4 0 0.4 0 0 0.4 38.400000000000006 26.6 19.200000000000003 0 16.6 27.200000000000003 19.200000000000003 46.6 34.2 31.8 41 27.8 29.400000000000002 12.200000000000001 10.600000000000001 22.8 37.4 9.4 26 7.6000000000000005 0.2 0 0 0 0 0 0 0.4 0 0 0 0 13.200000000000001 0 12.600000000000001 0 0 0.4 13 10.8 0.4 0 0 0.6000000000000001 0 0.6000000000000001 0 0 0.4 1 0.6000000000000001 0.6000000000000001 0 0.8 0.6000000000000001 0.4 0.2 0.8 0 1.6 0 0 0 0 0 0 0 0 0 0 0 0 0 0 0 0.4 0 0 0 0 2.4000000000000004 6 0 5 0 0 0 0.2 0.4 0 2.8000000000000003 4.6000000000000005 2.6 5.4 0 0 2.8000000000000003 0 0 0 0 0 0 0 0 0 0 0 0 0 0 0 2.4000000000000004 1.8 5.2 0 0.2 0 1.6 2 0 0 0 0.4 0 0.4 0 0 0 0 0 0 0 0 0 0 0.2 0 0 0 0 0 0 0 0 0 0 0 0 0 0 0 0 0 0 0 0 0 0.2 0 1.4000000000000001 0.2 2.8000000000000003 2 8.200000000000001 3.4000000000000004 2.6 0.2 5.2 16 6 5.2 3.2 0 0 6 1.8 6.800000000000001 0 0 5.6000000000000005 0 0 0 0.2 0 0 0 0 0 0 0 0 0.2 3 0 0 0 0 1.8 0 0 0 0 0 0 0 0 0 0 0 0 0 0 0 0 0 3.6 0 0 0 0 0 0 0 0 0 0 0 0 0 0 0 0 4.800000000000001 0.4 0 0 10 0 2 2 0 0 0 0 0 0 0 0 0 0 0 0 0 0 0 0 0 0 0 0 0 0 0 0 0 0 0 0 
 0 0 0 0.4 0 0.2 0 0 0 0 0 0.2 0 0.4 0 0 0 0.4 0 0 11.200000000000001 37 41.400000000000006 16.6 0 28.6 56.400000000000006 35.800000000000004 34.2 31.200000000000003 37 28 32.6 11.8 71.60000000000001 64.4 28.400000000000002 71 15.8 15 0 0 0 0 0.6000000000000001 1.8 12.8 0 0 0 0.6000000000000001 0.6000000000000001 0 0 0 0 12.8 0.4 14.600000000000001 0 0.6000000000000001 0 1 0.4 0 0.6000000000000001 0 0 0 0.6000000000000001 0.4 0.4 0 1.6 0.6000000000000001 0.4 0.4 0.6000000000000001 0 1 0 0 0 0 0 0 0 0 0 0 0 0 0 0 0 0 0 0.4 0 0 2.4000000000000004 5 4 4 10.200000000000001 4.4 0 2.6 2.4000000000000004 3.6 2.2 0 0 0 2.6 4 1.2000000000000002 12.200000000000001 0 0 0 0 0 4 0 0 0 1 0.6000000000000001 3.2 0 2.8000000000000003 0 0 0 0 3.8000000000000003 12.4 1.4000000000000001 2.4000000000000004 0 0 0 3.6 0 0 0 0 0 0 0 0 0 0.2 0.2 0 0 0 0.2 0 0 0 0 4 0 0 0 0 0.2 0 0 0 0 0 0 0 0 0 0 0 0 0 0 6.2 2.2 0.2 0 0 1.4000000000000001 6 5 0 2.6 0.2 0 3.8000000000000003 1 11.200000000000001 0 0 0 0 1.8 0 0 0 0 0 0 0 0 1.8 2.4000000000000004 0.4 0 3 0 8 4 0 0 0 0 0 1 0 0 0 0 0 0 3.8000000000000003 0 0 0 0 0 0.2 0 0 0 0 0 0 0 0 0 0 0 0 0 0 0 0 1 0 0 2.6 0 0 0.2 0 0 0 0 0 0 0 0 0 0 0 0 0 0 0 0 0 0 2.2 0 0 0 0 0 0 0.6000000000000001 0 0 0 
 0 0 0 0 0 0 0 0 15 0 0 0 0.2 0 0 0 0 0 0 3.2 7.4 8.200000000000001 5 27.200000000000003 28.6 0 30 5.2 8.6 24.200000000000003 40.6 57.400000000000006 20.200000000000003 9.200000000000001 22.200000000000003 16.400000000000002 70 52 12.600000000000001 19.8 25.8 24.6 0 0 0 0 4.4 6.4 12.200000000000001 0 2 0 19.8 11.600000000000001 0 19 4.4 0 11 0 0.6000000000000001 0 0 0.6000000000000001 0.2 0.6000000000000001 0 0 0 0.4 0.6000000000000001 0.6000000000000001 0 0.6000000000000001 0.6000000000000001 0.4 0 0.8 0 0 0 0 0 0 0 0 0 0 0 0 0 0 0 0 0 0 0 0 0 0 0 0 0 2.6 2.4000000000000004 6.2 0 0 1.8 0 0.4 0 0 0 0 0 0.4 1.8 0 0 7 0.6000000000000001 3.2 7 4.800000000000001 0 9.4 0 0 4 3 8.200000000000001 6.2 5.4 1 2.4000000000000004 2.2 2.6 2 0 0.4 0.4 0 0 0 0 0 0 0 0 0 0 0 0 0 0 0 3.8000000000000003 0 0 0 0 0 0 0 0 0.8 1.4000000000000001 0 0 0 0.4 0 0 0 0 0 0 0 0 0.2 0 0 0 16.6 8.4 0 0.2 6 2.8000000000000003 0 1.2000000000000002 0 0 0.8 0 0 0.2 0 0 7.2 8.8 2 4 0 0.4 3.6 9.200000000000001 2.6 5.4 0 0.2 0.4 0.2 2 0.8 0.4 0.4 2.2 9.8 0.4 0.2 0 0 0 0 0.4 0 0 0 0 0 0 0 0 0 0 0 0 0 0 0 0 0 0 0 0 0 0 0 0 0 0 0 0.6000000000000001 0.2 0.4 0 0.8 3.2 0.2 0 0 12.4 0 13 0 0 0 0 0 0 0 0 0 0 0 0 0 2.6 0 0 0 0 0 0 0 0 0 0 
 0 0 0 0.4 0.2 36.2 0.4 0.2 1.2000000000000002 14.8 35.4 15 0 0 0 0 12.200000000000001 4.2 0 0 10.600000000000001 29 14 19.200000000000003 56.400000000000006 30 0 34.800000000000004 34 5 5.800000000000001 53 36.4 10.600000000000001 25.400000000000002 7.2 6.4 53.400000000000006 36 24.6 0 12.4 0.2 0 0 0 0 0 0 0 0 0 0 0 0 0 0 0 0.6000000000000001 0 0.6000000000000001 0 0 0.6000000000000001 0 0.6000000000000001 0 0 1.2000000000000002 0.4 0.6000000000000001 1 0.2 0.8 0.6000000000000001 0.4 1 0.6000000000000001 0.8 0 0 0 0 0 2 1.2000000000000002 0 1 0 2.4000000000000004 2.2 0.4 0 0 0 5 0 2.6 0 0 0 3.2 0 6.4 0 0 2.6 6.2 2.2 0 1.6 0.2 0 5 0 4 0 0 3.4000000000000004 3.2 0 0 0.4 0 0 0 0 0 0 0 0 0 0 0 0 0 0 0 0 0 0 0 0 0 0 0 0 0 0 0 0 0 0 0 0 0 0 0 0 0 0 0 0.2 0 0 3.2 0 3.6 0 0 0 2 0 0 0 0 0 0 0 0 5.4 2.2 3 0 5.6000000000000005 0 5.2 5 0 0 0 0 1.6 1.4000000000000001 2 7.6000000000000005 5.2 0 4.800000000000001 9 0 0 0 0 0 0 0 0 0 2.2 0 0 0 0 0 0 0 0 0 0 0 0 0 0 0 0 0 0 0.4 0 0 0 0.4 0 0 0 0 0 0 0 0 0 0 0 0 0 0 0 0 5.800000000000001 0 0 0 0 0.4 0.4 0 0 0 0.4 0 0.4 0 0 0 0 0 0 0 0 0 0 0 0 0 0 0 0 0 0 0 0 0 0 0 0 0 0 0 0 
 0.6000000000000001 0.6000000000000001 0.6000000000000001 15.600000000000001 0.6000000000000001 0.6000000000000001 0.6000000000000001 0.6000000000000001 0.6000000000000001 0.6000000000000001 0.6000000000000001 0.6000000000000001 0.6000000000000001 0.8 0.6000000000000001 0.6000000000000001 0.6000000000000001 0.6000000000000001 0.8 0.6000000000000001 26.6 59.800000000000004 22.200000000000003 46.6 35.800000000000004 5.2 34.800000000000004 0 36.2 22.400000000000002 14.8 9.600000000000001 84.4 49.2 29.8 52 39.2 56 44.800000000000004 68.8 0.6000000000000001 0 0 0.6000000000000001 0 0.4 0 0 0 0 14.200000000000001 0.4 13 0 0 0.6000000000000001 0.4 0.2 8 0.6000000000000001 1 0 0.4 11.4 1 0.8 0 1.2000000000000002 1 1.4000000000000001 0.6000000000000001 0.6000000000000001 0 0.8 0.8 0.4 0 0.8 0 0.4 0 0 0 0 0 2 0 0 0 0 0 0 0 0 0 0 0 0 5 0 16.2 8 5.6000000000000005 4.6000000000000005 3.4000000000000004 1.6 0 5.6000000000000005 3.6 2.4000000000000004 0 5.4 1.4000000000000001 10.4 0.4 3 0 7.2 0 0 0 0 0.2 0 0 0 2.4000000000000004 2.2 0.2 0 0 0 0 0 2.8000000000000003 0 0 0 3.4000000000000004 0 0 0 0 0.4 0 0 0 0 0 0 0 0 0 0 0 0 0 1.4000000000000001 0 1.2000000000000002 0 0 0 1.6 0 0 0 2.8000000000000003 0 0 0 2.6 0 0 0 0 0 0 0 0 2.6 4.2 2.6 2.4000000000000004 1.4000000000000001 0 0 0 2.6 6.6000000000000005 10.4 4.4 2.6 0 2.6 3.2 6.800000000000001 13.600000000000001 0.8 1.6 0 0 0 0 0 0 0 0 0 0 0 0 0 0 0 0 0 0 0 0 0 0 0 0 0 4.4 0 0 0 0 0 0 0 0 0 0 0 0 0 0 0 0 0 0 0 0 0 0 0 0 0 0 0 0 0.8 0 0.4 16 16.6 0.6000000000000001 0 0 0 0 0 0 1.4000000000000001 0 0 0 0 0 0 0 0 0 0 0 0 0 0 3.2 0 0 0 2.8000000000000003 1.2000000000000002 0 0 0 
 0 0 0.2 0 15.4 0.2 0 0 0 0 15.200000000000001 0 15.4 0 0 0 0 0 0.2 0 121.4 28.200000000000003 102 34.2 34.2 8.6 34 36.2 0 35.2 34.4 16.2 69.2 69 16.6 33.4 53.2 22 34.6 35 0 0 0.2 0 0 0 0 6.6000000000000005 0 0 0.2 0 15 0 0 0 0 0.2 0.6000000000000001 0 0.6000000000000001 0 0 0.2 0 8.4 0 0 0.6000000000000001 0.6000000000000001 0.4 1.2000000000000002 0 0.6000000000000001 0.8 0.4 0 0.8 0 0 0 0 0 0 2.2 0 0 0 0 0 0 1.8 0 0 0 0 0 0 0 0 5.800000000000001 3.6 2.4000000000000004 2 1.8 5 11.4 10.8 2 3.4000000000000004 1.6 6 3.6 2 6.2 14.8 4.800000000000001 0 2 4.800000000000001 0 0.4 0 0 0 0 0 0 0 0 0 0 0 0 0 0 0 0 0 0 0.4 0.4 0 0.6000000000000001 0 0 0 0 0 0 0 0 0 0 0 0 0 0 0 0 0 0 0 0 0 1.6 0 0 0 0 0 0.4 0 0 1 0 0 0 0 0 9.4 5.4 2.4000000000000004 0.4 0.2 0 9.200000000000001 0.2 1 4 1.8 3.8000000000000003 2 3.6 2.2 2.2 6 3.4000000000000004 0 3.6 0 0 0 0 0 0 0 0 0 0 0 0 0 3.2 0 0 0.4 0 0 0 0.4 0.2 0 0 0 0 0 0 0 0 0 0 0 0 0 0 0 0 0 0 0 0 0 0 0 0 0 0 0 16.8 0 0.2 0 0 2.6 0 0 26.200000000000003 1.6 0 2.4000000000000004 0 0 0 0 0 0 0 0 0 0 0 0 0 0 0 0 0 0 2.8000000000000003 0 2.8000000000000003 0 0 0 0 0 0 0 0 
 0.2 0.4 0 0.2 0 0.4 0 8.8 0 0 0 0 0.2 0.4 0 0 0.6000000000000001 0.2 0 0 37.6 13.4 30.200000000000003 31.8 31.200000000000003 24.200000000000003 5 22.400000000000002 35.2 0 37.6 6.4 27.6 33.800000000000004 21.6 48.800000000000004 44.800000000000004 20 18 57.800000000000004 0 0 0.4 0 0 0 0 2.8000000000000003 0 0 0 0 12.600000000000001 12.4 12.8 0 0 0.2 20.200000000000003 0 0.6000000000000001 0 0.4 0.4 0 0.6000000000000001 0 0 0 0.8 0.6000000000000001 0.4 0 0.6000000000000001 0.6000000000000001 0.4 0 0.6000000000000001 0 0 0 0 0 0 2.2 0 0 0 0 0 0 0 0 0 0 2 0 0 1.4000000000000001 0 7.6000000000000005 4.800000000000001 5 2.4000000000000004 6.2 2.4000000000000004 8.200000000000001 0 3 1.4000000000000001 0 3.6 3.4000000000000004 2 0 0 1.6 1 1.4000000000000001 0 1.2000000000000002 0 0 0 0 0 0 2 0 0 0 0 0 1.8 12.600000000000001 0 0.2 0 2.6 0 0 0 0 0 0 0 0 0 0 0 0 0 0 0 0 0 0 0 0 0.2 0 0 0 0.4 0 0 0 0 0 0.2 0 0 0 0 1 0 0.4 1 0 0 5.800000000000001 0.2 0 3.8000000000000003 7 5 4.4 0 3.8000000000000003 7.6000000000000005 4 7.4 0 0 0.2 0 7 7.2 0.8 2.6 2.6 3.6 0 0 0 0 0 2.2 0 0 0 0 0 3 6 1.2000000000000002 0 0 1.6 0 0 0 0 0 0 0 0 1 0 0 0 0 2.6 0 0 0 0 0 0 0 0 0 0 0 0 0.4 0 0 0 0 0 0 0 0 2 0 0.2 15 1 0 2.8000000000000003 0 0 0 0 0 1.4000000000000001 0 0 0 0 0 0 0 0 0 0 0 0 0 0 0 0 0 0 0 1.2000000000000002 0 0 0.2 
 0 0 0 0 0 0 0 0.8 0 0 0 0.2 0 0.4 0.6000000000000001 1 0 0.4 0.2 0 55.800000000000004 22.200000000000003 29.200000000000003 41 37 40.6 5.800000000000001 14.8 34.4 37.6 0 25.6 23.6 22.400000000000002 26.6 49 17.6 15.8 22.400000000000002 12.4 0 0 0 0 0 0 0 0 0 0.8 0.2 0 12.600000000000001 0 13 0.6000000000000001 0.4 0 12.8 0 0.6000000000000001 1 0.8 1 0 0.6000000000000001 9.600000000000001 0 0 1.2000000000000002 0.6000000000000001 0.6000000000000001 0 0.6000000000000001 1 0.4 0 0.6000000000000001 0 0 0 0 0 0 0 0 0 0 0 0 0 0 0 0 0 0 0 0 0 0 2.6 4.800000000000001 0.4 4.4 12.200000000000001 5.800000000000001 0 0 0.8 0 0.2 6 1.8 11.600000000000001 3.8000000000000003 0 0 2.4000000000000004 0 0 0.2 0 0 0 0 0 0 3.4000000000000004 0 0 0 0 0 1.8 4.2 0 1.2000000000000002 0 3.2 0 0 0 0 0 0 0 0 0 0 0 0 0 0 0 0.2 0 0 0 0 0 0 0 0 0.4 0 0 0 0 0 0 0 0 0.2 0 0.4 0 0.4 0 0 0 0 4 0 1 4 0.2 0 0 1.8 0.2 5 10.4 3.6 3.2 0 3.4000000000000004 6.4 8.200000000000001 0 0 0 0.4 0.2 0 0 0 0 1.8 0 0 0 0 0 1.8 2.8000000000000003 0 0 0 1 0.8 2.2 0 0 0 0 0 0 0 0 0 0 0 0 0 0 0 0 0 0 0 0 0 0 0 0 0.2 0 0 0 0 0 0 0 0 0.8 0 0.4 15.4 18.2 0 2.2 0.2 0 0 0 0 1.2000000000000002 0 0 0 0 0 0 0 0 0 0 0 0 2.4000000000000004 0 1.8 0 0 0 0 0 0 0 0 
 0 0.4 0 0 0 0 0.2 0.4 0 0 0.2 0 0 0 14.8 0 1 0 0 0.4 8.6 8.8 21.400000000000002 27.8 28 57.400000000000006 53 9.600000000000001 16.2 6.4 25.6 0 49 50.400000000000006 47.400000000000006 27.6 15.200000000000001 79.2 8.8 53.2 4 0 0.4 0 0 0 0.6000000000000001 15.4 0 0 0 0 12.8 17.8 25 0 0.4 0 5.2 13.8 0.6000000000000001 0 0 0.8 0 0.6000000000000001 0 0 0 2 0.4 0.4 0.4 1 0.6000000000000001 0.4 0 0.6000000000000001 0 2.8000000000000003 0 0 0 0 0 0 0 0 0 0.2 0.6000000000000001 0 0 0 0 0 1.2000000000000002 0 0 0 0 0 0.4 0 2.6 5 0 0 0.2 0 5.4 2.4000000000000004 0 0 0 0.4 0.4 4.800000000000001 0 0 0.2 0.8 2.6 4.800000000000001 0 0 0 3.8000000000000003 2.2 4.2 0 0 2 0 3 2 6.800000000000001 1.4000000000000001 2.4000000000000004 4.2 0 0 0 0 0 0 0 0 0 0 0 0 0 0 0 0 0 0.2 0 0 0 0.2 0 0 0 0 0 1.4000000000000001 0 0 0 0 0.4 0 0 0 0 0.2 0 0 0 0 0 2 0 0 0 0 0 0 1.2000000000000002 6.4 0 0 0 0 0 0 0 0 5.2 1 3.6 0 0 0 3.2 5.4 0 0 2 2.6 0 4 2.6 2.8000000000000003 2.4000000000000004 0 8.6 4.4 0 0 2 0 0 0 0 0 0 0 0 0 0 0 0 0 0 0 0 0 0 0 0 0 0 0 0 0 0 0 0 0 0 0 2.4000000000000004 0 0 0 16.2 4 0.8 0 0.2 0 0 0 0 0 0 0 0 0 0 0 0 0 0 0 0 0 0 3.8000000000000003 0 0 0 0 0 0 0 0 
