 0 45.2 26.6 31 23.6 9 81.4 9.600000000000001 66.2 24.6 110 6.6000000000000005 44.800000000000004 34.6 90.80000000000001 74 45.800000000000004 33 10.200000000000001 8 0 0 0 0.4 0 0.2 0 0.4 0.8 0.2 0 0 0.2 3.4000000000000004 0 0 0 1.4000000000000001 0 0 0 0 0.6000000000000001 0 0 0 0 0 0 0 0.6000000000000001 0 0 0 0.2 0 0 0 0 0 0.6000000000000001 0.4 0 0.2 0 0 0.4 0 0 0 0 0 0 0 0 0 0.4 0.6000000000000001 0.6000000000000001 0 11.8 1.6 0 8.200000000000001 5.4 0 0 9 5.6000000000000005 0.8 6.800000000000001 0 0 5.6000000000000005 1.8 15.600000000000001 8.4 2.4000000000000004 0 14 0 0 0 0.4 0 0 0 0 0.2 0 0 0 3.8000000000000003 0 0 0 0 0.2 2.8000000000000003 0 0.4 0 0 0 0 0.4 0 0 0 0 0 0 0 0.2 0 0 0 0 0 0 0 0 0 0 0 0.2 0 0 0 0 0 0 0.2 0 0 0 0 0 0 0 3 4 5.4 0.8 3 0 1.8 0.2 3.8000000000000003 5.6000000000000005 0 3.4000000000000004 0 4 9.8 3 4.6000000000000005 0 2.2 0 0 0 0 0 0.4 0 0 0 0 0 0.2 0.2 0 0 0 0 0.2 0 0 14 0 0 0 0 0 0.2 0 0 0 0 0.4 0 0 0 2.8000000000000003 0 0 3.8000000000000003 0 0 0 0 0 0 0 0 0 0 0 0 0 0 0 0.4 0 0 0 0 0 0 0 0 0 0 0 0.4 0.4 0.2 0 0.4 0 0.8 0 0 0 0 0 0 0 0 0 0 3 0 0 0 0 0 0 0 0 0 0 0 0 2.8000000000000003 0 4.6000000000000005 0 0 0 0 0 0 0 0 0 0 0 0 
 45.2 0 105 13.600000000000001 3.4000000000000004 6 104.60000000000001 17.400000000000002 45.2 70.60000000000001 5 7.4 34 12.4 43.6 55.800000000000004 57.2 21.6 64.4 11 0 0 0 0.4 0 0 0.4 0.4 0.4 0 0 0 14.4 1.6 0 0 0 0 0.4 0 0 0 0.6000000000000001 0 0 0 0 0 0 0 0.6000000000000001 0.4 0 0 0 0 0 0 0 0 0.4 0.4 0.2 1 0 0 0.6000000000000001 0 0 0 0 0 0 0 0 0 0.6000000000000001 0.4 0.4 1.2000000000000002 4.800000000000001 3.8000000000000003 5.800000000000001 2.8000000000000003 0 3 2 0 3 4.4 6.800000000000001 0 4.800000000000001 2.6 2.4000000000000004 8.200000000000001 1.6 2.4000000000000004 0 2.8000000000000003 2 0 0 0 0 0 0.2 0 0 0 0 0 3.8000000000000003 0 2.8000000000000003 0 0 0 0 2 0 0 0.4 0 0 0 0 0 0 0 0 0 0.4 0 0 0 0 0.2 0.4 0 0 0 0 0 0 0.6000000000000001 0 2.2 0.2 0 0 0 0.6000000000000001 0 0 0 0 0 0 0 1.8 5 3.2 7.2 0 0 2.8000000000000003 5.2 4.4 4.2 2.2 0 2 4.6000000000000005 3 2.8000000000000003 2 0 2.8000000000000003 0 0 0 0 0 0 0 0 0 0 0 0 0 0 0 1.6 0 0 0 2.6 0 0 0 0 0 0 0 0 0 0 0 0 0 0 0 0 0 0 0 0 0 0 0 0 0 0 0 0 0 0 0 0 0 0 0 0 0 0 0 0 0 0 2 0 0 0 0.6000000000000001 0 0 0 0 0 2.4000000000000004 0 0 0 0 0 0 0 0 0 0 0 0 0 0 0 0 0 0 0 0 0 0 0 0.2 0 1.8 0 0 0 0 0 0 0 0 0 0 0 0 
 26.6 105 0 45.400000000000006 12.600000000000001 7.800000000000001 17.400000000000002 27.200000000000003 50 45.400000000000006 42.2 31 38.2 14.200000000000001 28.6 72 9.8 55.400000000000006 11 10.200000000000001 0 0 0.4 0.4 0 0 6.800000000000001 0.4 0.4 0 0 0 19.400000000000002 0.2 0.4 7.800000000000001 0 0 15.600000000000001 0 0 0 0.6000000000000001 0 14.4 0.4 0 0 0.6000000000000001 0 0.6000000000000001 0 0 0.2 0 0 0 0 0 0 1 0.6000000000000001 0.6000000000000001 0.8 0 0 0.4 0 0.4 0 0 0.4 0 0 0 0 0.6000000000000001 0.6000000000000001 0.6000000000000001 4.6000000000000005 10.4 3.6 2 1.4000000000000001 0 3.4000000000000004 3 3.8000000000000003 3 3.2 5.2 0 3 5.4 0 5.4 0 6.800000000000001 0 0 0.4 0 0.2 0 2.8000000000000003 0 0 8.6 0 0 0 0 7.4 2 3.8000000000000003 0 0 0 2 0.6000000000000001 0.2 0 0.2 0 0 0 1.4000000000000001 0 0 0 0 0 0 0 0 0 0 0.4 0 0 0 0 0 0.4 3 0 0 0 0.2 0 0 0 0 0 0 0 0 0 0 0 0 5 0.2 5.2 7 6.800000000000001 2.2 3.4000000000000004 1.4000000000000001 0 4.800000000000001 0 1.6 3 3.8000000000000003 1.8 4.800000000000001 3.2 0.4 0.4 0 0 0 0 0 0 2.2 0 2.6 0 0 0 0 0.2 3.8000000000000003 0 0 0 3.6 0 0 0 0 0 1.2000000000000002 0 0 0 0.4 0 0 0 0 2.4000000000000004 0 0 0 0 0 0 0 0 0 0 0 0 0 0 0 0 0.8 0 0 0 0 0 0 0 0 0 0 0 0 0 0 0 0.2 0 0 0 0 1.4000000000000001 0 0 0 0 0 0 0 0 0 0 0 0 0 0 0 0 0 0 0 0 0 0 0 2.6 0 0 0 0 0 0 0 0 0 0 0 0 0 0 
 31 13.600000000000001 45.400000000000006 0 33 24.6 87 14.8 43.800000000000004 47 14.200000000000001 8.8 59.6 22.200000000000003 54.2 71 40.2 10.4 15.4 19.200000000000003 15 17 0 0.4 0 0 7 0 0.4 0 0 0 0 0 15.200000000000001 0 0 0.8 0.6000000000000001 18.8 0 0 0.6000000000000001 0 0 0 0 0 0 0 2.4000000000000004 0.4 0 0 0 0 0 0 0 0 0.4 5.6000000000000005 0 0 0 0.4 0.6000000000000001 0 0 0 0 0 0 0 0 0 6.2 0.4 0.4 11 5.800000000000001 1.4000000000000001 2 9.4 0.2 0 0 5.800000000000001 2.8000000000000003 1.4000000000000001 6.4 3 3.4000000000000004 3 2.4000000000000004 0.8 0.8 0 0 2.6 0 0 0 0 0 0 3.8000000000000003 0.6000000000000001 0 0 0 0 0 0 3.2 0 0 0.2 5.800000000000001 0.6000000000000001 0 0 0 0 0 0 0 5.800000000000001 2.8000000000000003 0 0 0 0 0 0 0.4 0 0 0 0 0.4 0 0 0 0 0 0 0 0 0 0 0 0 0 0 0 0 0 0 0 2.4000000000000004 12.4 3.4000000000000004 0.2 2 0.4 0.2 3.6 0 7.6000000000000005 0.4 0 0.8 2.2 2.2 2.6 1.8 0 2.6 4.2 0 3.4000000000000004 0 2.4000000000000004 0 0 0 3.2 0 0 0 0 0.4 5.800000000000001 0 0 0 0 3.6 0.2 0.2 0 0 0 0 0 0 0 0 0 0 4.2 0 0 0 0 0 0 0 0 0 0 0 0 0 0 0 0 0 0 0 0 0 0 0 0.4 0 0 0 0 0 0 0 0 0 0 0 0 0.8 1.2000000000000002 4.2 3 0 0 0 0 0 0 0 0 0 0 5 0 0 0 0 0 0 0 0 0 0 0 0 2 3.2 0 0 0 0 0 0 0 0 0.2 0 0 0 0 
 23.6 3.4000000000000004 12.600000000000001 33 0 48.2 76 17 16 30.8 33.800000000000004 27.200000000000003 17.2 35.4 15.8 82.80000000000001 37.6 29.200000000000003 14.200000000000001 12.8 14.600000000000001 0 15.8 0.4 0.2 0.4 15 0 15.4 0 0 0 15.200000000000001 0.2 15.200000000000001 8.6 0 0.4 22.6 8.4 0.8 1.6 1.2000000000000002 0.6000000000000001 0 0 0 0 0 0.4 1 0 0 0.8 0 0 0 0 0 0 0.4 0.4 0.8 2.2 0.6000000000000001 0.8 1 0 1.2000000000000002 0.4 0.2 0.4 0.4 1.4000000000000001 0 0 1.4000000000000001 0.4 0.8 0.4 0 6 0 2.6 2 3.2 0.4 0 2.8000000000000003 3 10.600000000000001 3.4000000000000004 0 4.800000000000001 0 0.2 17.400000000000002 0 0 0 0 8.200000000000001 2.4000000000000004 6.6000000000000005 0 0 2.4000000000000004 3.8000000000000003 5.6000000000000005 0.2 2.4000000000000004 0.2 0.2 4 0 0.4 0 0 6.2 0 0 4.2 0 0 0 0 0 7.2 4 1.8 0 0 0 0.4 2 0 0 0 0 0 0 0 0 0 0 0 0 0 0 0 0 0 0 1 0 0 0 0 0 0 0 2.6 1.6 2.8000000000000003 2.2 7.800000000000001 0 0.6000000000000001 2.4000000000000004 0 4.2 0 0 0 3 2 4.2 1.6 0.8 0 4.4 0 2 0 0 0.4 5.4 3 0 0 0 0.2 0.4 3.8000000000000003 5.6000000000000005 2.6 3.4000000000000004 0.2 0 5.6000000000000005 0 0 0 0 0 0 0 2.4000000000000004 0 0 0 0 0 0 0 0 0 0 0 0 0 0 0 0 0 4 0 0 0 0 0 0 0 0 0 0 0 0 0 0 0 0 0 0 0 0.4 17.400000000000002 0 17.400000000000002 0 0.4 1.6 0 0 0 0 0 0 0 0 8.200000000000001 0 0.4 0 0 0 0 0 0 0 0 0 0 0 0 0 0 0 0 0 0 0 0 0 0 0 0 0 0 0 
 9 6 7.800000000000001 24.6 48.2 0 6.2 16.2 7.800000000000001 57 29.200000000000003 17.6 6 12.8 10.8 57 57.6 13.600000000000001 11.4 9.200000000000001 11.8 10.8 18.2 16.2 0 0 28.8 14.600000000000001 28 0.4 0 0 7 29.6 22 27 0.6000000000000001 0.6000000000000001 43.800000000000004 28.200000000000003 0 0 0.6000000000000001 0 0 0 0 0 0.6000000000000001 0 0.6000000000000001 0 0 0 0 0 0 10.4 0 0.2 0.4 0.4 0 0 0 0 0.6000000000000001 0 0 0 0 6 0 0 0 0 0.6000000000000001 0.4 0.4 0 0 0 0 0 1.8 0.2 0 0 0 0 3 3.2 0 0 0 0 0 0 0 0.2 3.6 6.2 0 3.8000000000000003 0.8 0 6 4 3.6 6 2.2 1.6 6.6000000000000005 0 9.4 6.4 0 0 7.2 7.800000000000001 0 0 3.2 0 0 0 0 0 0 0 0 0 0 0 0 0 0 0 0 0 0 0 0 0 0 0 0 0 0 0 0 0 0 0 0 0 0 0 0 0 1.2000000000000002 0 0 0 0 0 0 1.6 0 0 1.4000000000000001 1.6 0 0 0 0 0 0 0.8 0 0 6.800000000000001 7.4 5.800000000000001 3.2 0 8 11.200000000000001 0.4 3 0 4.2 10.200000000000001 0.8 0 4 5.4 0.2 3 4.4 0 0 0 0 0 0 0 0 0 0 0 0 0 0.4 0 0 0 0 0 0.2 0 0 0.4 0 0 0 0 0 0 0 0 0 0 0 0 0 0 0 0 0 0 0 0 0 0 0.8 9 0 0.8 0.4 0.8 2.2 0.8 0 0 0 0 17.2 14.600000000000001 0 2 0 0 0 0 0 0 0 0 0 0 0 0 0 0 0 0 0 0 2.4000000000000004 0 0 0 0 0 0 0 0 0 0.4 
 81.4 104.60000000000001 17.400000000000002 87 76 6.2 0 18.6 49.400000000000006 29.6 4.2 7.6000000000000005 53.800000000000004 27 59.800000000000004 24.200000000000003 49.400000000000006 10.8 40.2 15.4 0 0 0 0.4 0 0 0 0 0.4 0 0 0 0 0 0 0 12.8 0.2 0 0 0 0.2 0.6000000000000001 0 0 0 0 0 0 0 0.6000000000000001 0 0 0 0 0 0 0 0 0 0.4 0.4 0 2.2 0 0 0.4 0 0 0 0 0.4 0 0 0 0 0.6000000000000001 0.6000000000000001 0.6000000000000001 1 7.4 2 14.200000000000001 4.2 9.4 0 3.4000000000000004 3 5 8.4 1.8 5.2 3.8000000000000003 3 7.6000000000000005 1.6 5.6000000000000005 17.6 1.6 3.2 0 0 0 0 0 0 0 0 0 0 0 0 0 0 0 0 0 0 0 0 0 0 0.4 0 0 0 0 0 0 0 0 0 0.4 0 0 0 0 0.2 0.4 0 0 0 0 0 0 0.8 0 0 0.2 0 0 0 0.8 0 0 0 0 0 0 0 3.6 2.4000000000000004 5 0.6000000000000001 0.2 0 17.6 6.2 3.6 9 0 0 0.4 4.6000000000000005 0.8 5.2 2 0 3.2 4.2 0 2.2 0 0 0 0 2.8000000000000003 0 0 0 8.8 0 2.2 0 0 0 0 0 0 0 0 0 0 0 0 0 0 0 0 0 0 5.800000000000001 0 0 0 0 0 0 0 0 0 0 0 0 0 0 0 0 0 0 0 0 0 0 0 0 0 0 0 0 0 0.4 0 0 0 0.2 0 0 0.2 0.2 0 3 0 0 0 0 0 0 0 0 0 0 0 0 0 0 0 0 0 0.2 0 0 0 0 0 0 8.4 4 0 0 0 0 0 0 0 0 0 0 0 0 
 9.600000000000001 17.400000000000002 27.200000000000003 14.8 17 16.2 18.6 0 58.2 17.8 51.2 24.400000000000002 58.800000000000004 36.800000000000004 35.2 46.400000000000006 73.60000000000001 52.800000000000004 30 54 0 4.800000000000001 0 0.4 0 0 0 0 0.8 0 0 0 0 0 0 0 0 0.8 0.2 0 0 0 0.6000000000000001 0 0 0 0 0 0 0 0.6000000000000001 0 0 0 0 0 0 12.600000000000001 0 0 0.4 0.4 0 0 0 0 0.6000000000000001 0 0 9.600000000000001 0 0 0 0 0 0 0.6000000000000001 0.4 0.4 0 0 0 0 1.6 3 4 0 2.8000000000000003 0 3 0.2 0.4 0.2 3.6 0 0 4.4 1.8 0.8 2.6 0 0 0 0 0 0 0 0 0.4 0 0 0 0 0 0 0 0 0 2 0 0 0 8.200000000000001 0 0 0 0 0 0.4 0 0 0 0 0 0 0 0 0 0 0 0 0 0 2.8000000000000003 0 0 0 0 1.2000000000000002 0 0 0 0 0 0 0 0 0 0 0 3.8000000000000003 1.8 1.8 2.8000000000000003 0 2.6 8.4 5 0 0 1.6 5.6000000000000005 2.6 0 0 0.2 4.800000000000001 5.4 0 1.2000000000000002 0 1.6 0 1.6 0 0 0 3.8000000000000003 0 0 0.2 0 0 0.2 0 0 0 0 3.2 4 0 0 0 0 0 0 0.2 0 0 0 0 0.4 0 0 0 0 0.2 0 0 0 0 0.4 0 0 0 0 0 0 0 0 0 0 0 0.2 0 0 0 0 0 0 0 0 0 0 0 0 10.200000000000001 0.2 0.4 0 0 3 0 0 0 0 0 0 0 0 0 0 0 0 0 0 0 0 0 0 0 0 0 0 0 0 0 0 0 0 0 0 0 0 0 0 0 0 0 0 
 66.2 45.2 50 43.800000000000004 16 7.800000000000001 49.400000000000006 58.2 0 9.600000000000001 69.60000000000001 10.8 69.4 43.2 64.8 48.400000000000006 91 45.400000000000006 24.8 13.200000000000001 0 0 0 0.4 0.2 0 6.800000000000001 0 0.4 0 0 0 0 0 0 0 0 0.2 14.8 0 0 0 0.6000000000000001 0 0 0 0 0 0 0 0.6000000000000001 0 0 0 0 0 0 0 0 0 0.6000000000000001 0.4 0 0.4 0 0 0.4 0 0 0 0 0 0 0 0 0 0.6000000000000001 0.6000000000000001 0.6000000000000001 1.8 5.2 0 7.800000000000001 1.8 2.8000000000000003 6.4 5.6000000000000005 6 5.800000000000001 7.800000000000001 2 0 8.200000000000001 4.6000000000000005 4.6000000000000005 0.2 0 9.200000000000001 3 0 0 0 1.4000000000000001 0 0 0 0 3 0 0 0 0 0 2 0 0 0 0 2 0 0 0 0 0 0 0 0.4 0 1.4000000000000001 0 0 0.4 0 0 0 0 0 0 0 0 0 0 0 0 0 0 0 0 0 0 0 0 0.4 0 0 0 0 0 0 0 4.6000000000000005 3 1.4000000000000001 4.2 4.6000000000000005 3.6 2.2 7.2 0 0 1 0 1 3 2.4000000000000004 4.4 4.800000000000001 3.6 0 2.4000000000000004 0 0 0 0 0 0 2.6 0 0 0 0 0 2.8000000000000003 0 0 0 0 0 0.2 0 0 0 0 0 0 0 0 0 0 0 0 0 0 0 0 0 0 0 0 0 0.2 2.8000000000000003 0 0 0 0.4 0 0 0 0 0 0 0 0 0 0 0 0 4 0 0 0 0 0 0 0 0.4 0 0 0 0.2 3.8000000000000003 0 1 0 0 0 0 0 0 0 0 0 0 0 0 0 0 0 0 0 0 0 0 0 2.4000000000000004 0 0 0 0 0 0 0 0 0 0 0 0 0 0 
 24.6 70.60000000000001 45.400000000000006 47 30.8 57 29.6 17.8 9.600000000000001 0 33.6 85.60000000000001 11 54.6 18.6 66.2 26.400000000000002 15.8 78.80000000000001 16.2 1.4000000000000001 0 0 0.8 0 0 0 0 0.4 0 0 0 14.600000000000001 0 0.8 0 0 0 0 0 0 0 0.6000000000000001 0 0 0 0 0 0 0 0.6000000000000001 0 0 0 0 0 0 0.2 0 0 0.4 0.4 0 1.6 0 0 0.6000000000000001 0 0 0 0 0 0 0 0 0 0.6000000000000001 0.4 0.4 0 2.2 7.2 2 9 2.2 0 0 0 7 14.8 4.2 3.6 2.4000000000000004 4.4 1 3.4000000000000004 8.200000000000001 0.6000000000000001 0 0 2.8000000000000003 0 1.8 0 0 0 0 2 0 0 0 0 3.4000000000000004 0 2.8000000000000003 0 0 0 2.4000000000000004 2 0 0 0 0 0 0 0 0 0.2 0 0 0 0 0 0 0 0 0 0 0 0 0 0 0 0 0 1.8 0 0 0 0 0 0 0 0 3.2 0 0 0 0 2 5 1 9 0 2.6 0 1.6 3.6 2.6 2.2 2.2 0 2.4000000000000004 8.200000000000001 0 7.2 4.6000000000000005 0 1.4000000000000001 1.8 0 0 0 0 0 0 0 0 0 0 0 0 0 0 0.6000000000000001 0 0 5.6000000000000005 0.2 0 0 0 0 0 0 0.4 0 0 0 0 0.2 0 0 0 0 0.4 0 0 0 2.2 0.2 0 0 0 0 0.4 0 0 0 0 0 0 0 0 0 0 0 0 0 0 0 0 0 0 0.2 0.4 0 17.6 0.4 0.4 2.4000000000000004 0 0 0 0 0 0 0 0 0 0 0 0 0 0 0 0 0 0 0 0 0 0 0 0 0 0 0 0 0 0 0 0 0 0 0 0 0 0 
 110 5 42.2 14.200000000000001 33.800000000000004 29.200000000000003 4.2 51.2 69.60000000000001 33.6 0 76.2 8.4 9.4 90.2 16.400000000000002 82.60000000000001 20 10.600000000000001 5.800000000000001 15.200000000000001 18.2 0 0.4 0.4 0 5.6000000000000005 0 0.4 0 0 0 15.600000000000001 0 16 0 0.4 0.4 0.2 15.8 0 0 0.6000000000000001 0 0 12 0 0 0 0 0.6000000000000001 0 0 0 0 0 0 0 0 0 0.4 0.4 0 0 0 0 0.4 0 0 0 0 12 0 1 0 0 0.6000000000000001 10.8 0.6000000000000001 0 0 1.4000000000000001 0 1.6 1.6 0 0 0 0 2.2 7.2 0 0 6.4 0 0 2.6 2.2 0 0 2 0 2.4000000000000004 0 0 0 4 2.2 0 0 0 0 3.4000000000000004 0 6.4 0 0 0.2 6.6000000000000005 5.800000000000001 0 0 0 0 0 0 0 3.4000000000000004 0 0 0 0 0 0 0 0 0 0 0 0 0 0 0 0 0 0 0 0 0 0 0 0 0 0 0 0 0 0 0 0 2.8000000000000003 0 2.8000000000000003 2 0.2 1.8 2.2 0 4.4 0 1.4000000000000001 2 0 0 2.6 7.2 5 3.2 0 0 2.2 5 0 2.4000000000000004 0 0 0 3.4000000000000004 0 0 0 0 0 4.6000000000000005 0 0 0 0 11.200000000000001 1.6 0 0 0 0 3 0 0 0 0 0 0 0 0 0 0 0 0 0 0 0 0 0 0 0 0 0 7.4 0 0 0 0 0 0 0 0 0 0 0 0 0 0 0 0 0 0 0.2 18 0 0 0 4.4 2.8000000000000003 0 0 0 0 0 0 0 0 0 0 0 0 0 0 0 0 0 0 0 0 0 0 0 0 0 0 0 0 0 0 0 0 0 0 0 0 0 0 
 6.6000000000000005 7.4 31 8.8 27.200000000000003 17.6 7.6000000000000005 24.400000000000002 10.8 85.60000000000001 76.2 0 7.2 12.4 8.200000000000001 48.400000000000006 35.6 37.800000000000004 5.2 9.8 0.2 0 0 0.4 0 0 0 0 0.4 0 0 0 16.6 0 0 0 0 0 0.2 0 0 0 0.6000000000000001 0 0 0 0 0 0 0 0.6000000000000001 0 0 0 0 0 0 0 12.600000000000001 0 0.4 0.4 0 0 0 0 0.4 0 0 0 0 0 0 0.8 0 0 0.6000000000000001 0.4 0.6000000000000001 0 0 1.6 0 3 4.4 5.6000000000000005 0 0 0 2.8000000000000003 3 1.8 0 6.4 0.4 2.8000000000000003 5.2 2.2 0 6 1.8 0 3.4000000000000004 0.6000000000000001 0 0 0 1.4000000000000001 0 0 0 0 3.8000000000000003 0 2.8000000000000003 0 0 0 2 3.8000000000000003 0 0 0 0 0 0 0 0 0 0 0 0.2 0.2 0 0 0 0 0 0 0 0 0 0 0 0 0 0 0 0 0 0 0 0 0 0 0 0 0 0 0 3.6 0 14.600000000000001 3.6 2.8000000000000003 3.8000000000000003 2 0 3 0 1.2000000000000002 4.800000000000001 0.2 0 0 0 6.4 8.200000000000001 0 0 4.6000000000000005 1.4000000000000001 0 0 0 0 0 0 0 0 0 0 0 1 0 0.2 0 0 6.2 6.6000000000000005 0 0 0 0 0 0 0 0 0 0 0 0 0 0 0 0 0 0 0 0 0 0 0 0 0 0 0 0 0 0 0 0 0 0 0 0 0 0 0 0 0 0 0 0 0 0 3 0.4 1.6 0.6000000000000001 0 2.2 2.4000000000000004 0 0 0 0 0 9.200000000000001 0 0 0 0.8 0 0 0 0 0 0 0 0 0 0 0 0 2.6 4 0 0 0 0 0.4 0 0 0 0 0 0 0 0 
 44.800000000000004 34 38.2 59.6 17.2 6 53.800000000000004 58.800000000000004 69.4 11 8.4 7.2 0 61.800000000000004 66.2 7.6000000000000005 24.8 27.200000000000003 13.4 26 0.4 0 0 0.4 0 0.4 0 0 0.4 6 0 0 0 0 0 0 0 0.2 0 0 0 0 0.6000000000000001 0 0 0 0 0 0 0 0.6000000000000001 0 0 0 0 0 0 0 0 0 0.6000000000000001 0.4 0 0 0 0 0.4 0 0 0 0 0 0 0 0 0 0.4 1.8 0.6000000000000001 7.2 6.2 0 0.4 1.8 0.4 0 0.2 4 4.2 2.8000000000000003 3.2 2 3 2.6 0 5.4 12 2.8000000000000003 1.2000000000000002 5.2 0 0 0 0 0 0 0 0 0 0 0 0 3.8000000000000003 0 0 0 0 0 0.2 0 0 0 0 0.4 0 0 0 0 0 0 0 0 0 0 0 0 0 0 0 0 0 0 0 0 0 0.6000000000000001 0 0 0 0 0 0 0.6000000000000001 0 0 0 0 0 0 0 0 6.6000000000000005 2.2 0 4.2 0 3.4000000000000004 2 4.6000000000000005 5 2 1.8 1.4000000000000001 1.8 6.800000000000001 0 7.6000000000000005 0 2 2.6 0 0 0 0.4 0 0 0 0 0 0 0 0 0 0 0 0 0 0 0.2 0 0.2 0 0 0 0 0 0 0 0 0 0 0 0 0 0 0 0 0 0 0 0 0 0 0 0.4 0 0 0 0 0 0 0 0 0 0 0 0 0 0 0 0 0 0 0 0 0.4 0 0.2 0.2 0 0 0.8 0 0 0 0 0 0 0 0 0.4 0 3.4000000000000004 0 0 0 0 0 0 0 0 0 0 0 0 3 0 4 0 0 0 0 0 0 0 0.4 0 0 0 0 
 34.6 12.4 14.200000000000001 22.200000000000003 35.4 12.8 27 36.800000000000004 43.2 54.6 9.4 12.4 61.800000000000004 0 70.4 40.400000000000006 17.6 9.600000000000001 25.400000000000002 33.2 0.2 0 0.4 0.4 0.4 0 0.4 1.2000000000000002 0.6000000000000001 0.2 0 0.4 0.2 0 12 0 0 0 0 0 0 0 0.6000000000000001 0 0 0 0.2 0 0 0 0.6000000000000001 0 0 0 0 0 0 0.4 0 0 0.6000000000000001 0.4 0 1.2000000000000002 0 0 0.4 0 0.6000000000000001 0 0 0 0 0 0 0 0.4 0.6000000000000001 0.6000000000000001 0 4.800000000000001 5 2 2.8000000000000003 0 0 1.8 5 4.800000000000001 3.2 8 1 0.6000000000000001 9.8 3.6 6.6000000000000005 3.4000000000000004 0.4 3.4000000000000004 0 0 0 0 0 0 0 0.2 0 0 0 0 0 3.8000000000000003 0 0.2 0 0 0 9.8 0 0 0 0.4 0 0 0 0 0 0.6000000000000001 0 0 0 0.4 0 0 0 0 0.2 0.4 0 0 0 0 0 0 0 0 0 0.2 0 0 0 0 0 0 0.2 0 0 0 0 0.4 10.8 0 0 0 0 0.2 3.6 0 2 0 2.4000000000000004 0.2 6.6000000000000005 3.2 3 10.4 0 0.8 4.800000000000001 0 0 0 0 0 3.2 0 0 0 0 0 0 0 0 0 0 0 0 0 0 0 0 0 0 0 0 0 0 0 0 0 0 0 0 0 0 0 0 0 0 0 0 0 0 0 0 0 0 0 0 4.4 0 0 0 0 0 0 0 0 0 0 0 2.6 0 0 0 0 0 0 0.4 0.4 2 0 0 0 0 0 0 0 0 0 0 3.8000000000000003 0 0 0 0 0 0 0 0 0 0 0 0 0 0 0 0 0 0 0 0 0 0 0 0 0 0 0 
 90.80000000000001 43.6 28.6 54.2 15.8 10.8 59.800000000000004 35.2 64.8 18.6 90.2 8.200000000000001 66.2 70.4 0 28.200000000000003 61 45 31.6 17.6 0 0 0.4 0.4 0 0 0 0 0.4 0 0 0 0 0 0 0 0 0.2 0 0 0 0 0.6000000000000001 0 0 0 0 0 0 0 0.6000000000000001 0 0 0 0 0 0 0 0 0 0.4 0.4 0 0.6000000000000001 0 0 0.4 0 0 0 0 0 0 0 0 0 0.6000000000000001 0.4 0.6000000000000001 0 8.8 0 2.2 6.4 3.2 0 0 3 4.800000000000001 4.4 4.6000000000000005 0 0 2 3.6 0.4 8.6 6.2 7.800000000000001 3.6 0 0 0 0 0 0 0 0 0 0 0 0 0 0 0 0 0 0 0.2 0 0 0 0 0 0 0 0 0 0 0 0 0 0 0 0 0 0 0 2 0 0 0 0 0 0 0.6000000000000001 0 0 0 0 0 0 0.6000000000000001 0 0 0 0 0 0.6000000000000001 0 12 4.2 4.800000000000001 2 4.6000000000000005 0 2 0 3.8000000000000003 8.8 0.2 4 0.2 3.2 10.200000000000001 2.6 6.800000000000001 0.2 2.2 4.4 0 0 0 0 0 0 0 0 0 0 0 0 0 0 0 0 0 0 0.2 2.8000000000000003 0 0 0 0 0 0 0 0 0 0 0 0 0 0 0 0 0 0 0 0 0 0 0 2.8000000000000003 1.8 0 0 0 0 0 0 0 0 0 0 0 0 0 0 0 0 0 0 0 0 0 0.4 0 0.2 0.6000000000000001 0 0.6000000000000001 0 0 0 0 0 0 0 0 0 0 3.4000000000000004 0 0 0 0 0 0 0 0 0 0 0 0 3.8000000000000003 0 6.4 0 0 0 0 0 0 0 0 0 0 0 0 
 74 55.800000000000004 72 71 82.80000000000001 57 24.200000000000003 46.400000000000006 48.400000000000006 66.2 16.400000000000002 48.400000000000006 7.6000000000000005 40.400000000000006 28.200000000000003 0 80.80000000000001 8.200000000000001 24.8 53.800000000000004 0 0 0.4 0.4 0 0 14.8 19.400000000000002 0.4 0 0 0 14.600000000000001 0 0 0 0 0 0 0 0 0 0.6000000000000001 0 0.6000000000000001 0.6000000000000001 0 0 0 0 1.2000000000000002 0.6000000000000001 0 0 0 0 0.6000000000000001 0.6000000000000001 0 0 0.6000000000000001 0.4 0.8 0.8 2.8000000000000003 0.4 0.4 0 0 0 0 0.4 0 0 0 0 0.6000000000000001 0.8 0.6000000000000001 0.2 4 3.4000000000000004 0.2 9 0.2 5 0.8 0 2.2 8.8 3.4000000000000004 0 0 3.4000000000000004 2 2.6 2.2 1.2000000000000002 0 0 2 0 0 0 0 0 0 0 0 0 0 0 0 0 3.8000000000000003 3.2 0 0 0.4 2.2 0 0 0 0 0 0 0 0 0 0 0 0.4 0 0 0 0 0 0 0 0 0 0 0 0 0 0 0 0 0 0 0 0 0 0.6000000000000001 0.4 0 0 0.2 0 0 1.8 0.6000000000000001 5.4 7.800000000000001 0 6.2 1 0 0.6000000000000001 1.6 3.4000000000000004 0 0 5.6000000000000005 2.2 3.2 8.4 5.4 0 0 2.4000000000000004 2.6 0 0 0 0 2.6 0 0 0 0 0 0.2 0 1.8 0 0 0 6.6000000000000005 1.4000000000000001 0 0 0 0 0 0 0 0 0 0 0 0 0 0 0 0 0 0 0 0 0.2 0 0 0 0 0.4 0 0 0 0 0 0 0 0 0 0 0 0 0 0 0 0 0 0 0 0.2 18.8 0 0.8 0 0 2.8000000000000003 0 0 0 0 0 0 0 0 0 0 0 0 0 0 0 0 0 0 0 0 0 0 0 0 2.6 0 0 0 0 0 0 0 0 0 0 0 0 0 
 45.800000000000004 57.2 9.8 40.2 37.6 57.6 49.400000000000006 73.60000000000001 91 26.400000000000002 82.60000000000001 35.6 24.8 17.6 61 80.80000000000001 0 61.800000000000004 46.2 63 0 0 0 0.4 0 0 0 0 0.4 0 0 0 0 0 0.4 0 0 0.4 0 0 0 0 0.6000000000000001 0 7.6000000000000005 0 0 0 0 0 0.6000000000000001 0 0 0 0 0 0 0 0 0 0.6000000000000001 0.4 0 0 0 0 0.4 0 0 0 0 0 0 0 0 0 0.4 0.6000000000000001 0.6000000000000001 0 0 2 3.6 4.6000000000000005 4.4 0.6000000000000001 1.2000000000000002 2.2 2.8000000000000003 3.2 5.6000000000000005 1 0.2 4.6000000000000005 10 0.2 6.4 12.8 2.6 3.4000000000000004 0 0 0 0 0 0 0 0 0 0 0 0 0 0.4 0 0 0 0 11.4 0.2 0 2 0 0 0 0 0 0 0 0 2.8000000000000003 0 0 0 0 0 0 0 0 0 0 0 0 0 0 0.8 0 0 0 0 0 0 1 0 0 0 0 0 0 0 7.2 0.8 9.600000000000001 0 1.2000000000000002 0 8.200000000000001 2 3.4000000000000004 6.4 1.4000000000000001 2 4 4 4.6000000000000005 8.8 11.200000000000001 4.4 3.6 1.8 0 1.4000000000000001 0 0 0 0.4 0 0 0 0 0 0 2 0 0 0 0.4 0.2 0 1.8 0 0 0 0 0 0 0 3.4000000000000004 0 14.600000000000001 0 2.8000000000000003 0 0 0 0 0 0 0 0 0 0 0 0 0 0 0 0 0 0 0 0 0 0 0 0 0 0 0 0 0 0 0 0 0 0.4 17 0 0.2 0.2 0.2 1.6 0 0 0 0 0 0 0 0 0 0 0 0 0 0 0 0 0 0 0 0 0 0 0 0.6000000000000001 3.6 4 0 0 0 0 0 0 0 0 0 0 0 0 
 33 21.6 55.400000000000006 10.4 29.200000000000003 13.600000000000001 10.8 52.800000000000004 45.400000000000006 15.8 20 37.800000000000004 27.200000000000003 9.600000000000001 45 8.200000000000001 61.800000000000004 0 40.400000000000006 50 0.2 0.4 0 0.8 0 0.4 14.8 0 0.6000000000000001 0 15.600000000000001 0.4 22.400000000000002 0 0 0.2 15.200000000000001 0.4 4.4 14.600000000000001 0 0 0.6000000000000001 0 0 0.4 0 0 0 0 0.6000000000000001 0 0 0 0 0 0 0 0 0.6000000000000001 0.6000000000000001 1 0 0 0 0 0.4 10 0 0 0 0 0 1.2000000000000002 0 0 10.600000000000001 0.6000000000000001 0.6000000000000001 0.6000000000000001 5.2 0 0 0 0 0.2 0 0 3.4000000000000004 0.2 3.2 1.8 0 2.8000000000000003 0 6.6000000000000005 4 2.2 0 3.2 3.2 0 5.2 0 0 0 0 4.800000000000001 0 0 0 0 6.800000000000001 0.2 2.8000000000000003 0 0.2 0.2 0 3 0 0 0 0 0 0 0 0 0 0.4 0 0 0 0 0 0 0 0 0 0 0 0 2.2 0 0.8 0.8 0 0.2 0 0 0 0 0.8 0.4 0 0 0 0 0 0 0 0.4 6.800000000000001 0.6000000000000001 3.2 0 2.8000000000000003 2 9 3.6 0 0 0 4.2 1 7.2 2 2.2 3.8000000000000003 0 0 0 0 0 0 0 5.2 0 0 0 0 0 0 0.6000000000000001 0 0.2 0 0 3 0 0 0 0 0 0 0.4 0 0 0 0 0 0 0 0 0.2 0 0 0 0 0 0 0 0 0 0 0 0 0 0 0 0 0 0 0 0 0 0 1.2000000000000002 0 0 0 0 0 0 0 0.6000000000000001 0 0 1.8 0.6000000000000001 0 0.4 8 0.4 0 0 0 0 0 0 0 0 0 0 0 0 0 0 0 0 0 0 0 0 0 2 0 4.800000000000001 0 0 0 0 0 0 0 0 0 0 0 0 
 10.200000000000001 64.4 11 15.4 14.200000000000001 11.4 40.2 30 24.8 78.80000000000001 10.600000000000001 5.2 13.4 25.400000000000002 31.6 24.8 46.2 40.400000000000006 0 56.2 0 0.2 0 0.4 0 0 0 0 0.4 0 0 0 0 0 0 0 0.4 0.2 0 0 0 0 0.6000000000000001 0 0 0 0 0 0 0.6000000000000001 1.2000000000000002 0 0 0 0 0 0 0 0.4 0 0.6000000000000001 0.4 0 1 0 0 0.4 0 0 0 0 0 0 0 0 0 0.4 0.6000000000000001 0.6000000000000001 0.6000000000000001 0.2 2 5 6.2 0 0 4.2 3 0 2.8000000000000003 0 0.2 4.800000000000001 3.2 6.800000000000001 0.2 4.6000000000000005 3 0 0.8 0 0 0.4 0 0 0 0 0 0 0 0 0 0 0 0.2 0 0 0 0 0 0 0 0 0 0 0 0 0 0 0 0 0 0 0 0 0 0 0.2 0.4 0 0 0 0 0 0 1.2000000000000002 0 0 0.2 0 0 0 4.6000000000000005 0 0 0 0 0 0 0 2.6 0 0 6 0 0 7.800000000000001 5.800000000000001 8.6 9.4 0.4 0 3.2 7 2.8000000000000003 3.4000000000000004 0.2 2.2 6.2 3.8000000000000003 0 0 0 0 0 0 0 0 0 0 0 0 0 0 0 3 0 0 0 0 0 0 0 0 0 0 0 0 0.2 0 0 0 0 0 0 0 0 0 0 0 0 0 0 0 0 0 0 0 0 0 0 0 0 0 0.4 0 0 0 0 0 0 3.2 0 0 0 0 0 0 0 0 0 3.8000000000000003 0 0 0 0 0 0 0 0 0 0 0 0 0 0 0 0 0 0 0 0 0 0 0 1.6 0 4 0 0 0 0 0 0 0 0 0 0 0 0 
 8 11 10.200000000000001 19.200000000000003 12.8 9.200000000000001 15.4 54 13.200000000000001 16.2 5.800000000000001 9.8 26 33.2 17.6 53.800000000000004 63 50 56.2 0 0.4 0 0 0.4 0.2 0 0 0 0.4 0 14.600000000000001 0 0 0 0 0 0 0.2 0 0 0 0 0.6000000000000001 0 0 0 0 0 0 0 0.6000000000000001 0 0 0 0 0 0 0 0 0 0.4 0.4 0 0 0 0 0.6000000000000001 0 0 0 0 0 0 0 0 0 0.6000000000000001 0.4 0.4 0 2.4000000000000004 1.4000000000000001 2.6 0 0 0 2 0 0 0 0.4 0 0 9.8 3.8000000000000003 0 3.4000000000000004 1.6 3.2 13.600000000000001 0 0 0 0 0 0 0 0 0 0 0 0 0 0 0 0 0 0 0 0 0 0 0 0 0 0 0 0 0 0 0 0 0 0 0 0 0 0 0 0 0 0 0 0 0 0 0 0 0 0 0 0 0 0 0 0 0 0.4 0 0 0 0 0 0 0 0 3 1.4000000000000001 0 0 0 1 0 5.4 1.4000000000000001 3 0 0 10.200000000000001 2 0 0 1.2000000000000002 0 0 0 0 0 0 0 0 0 0 0 0 0 0 0 0 0 0 0 0 0 0 0 0 0 0 0 0 0 0 0 0 0 0 0 0 0.2 0 0 0 0 0 0 0 0 0 0 0 0 0 0 0 0 0 0 0 0 0 0 0 0 0.4 0 0 0.6000000000000001 0.4 0 0 1.4000000000000001 0 0 0 0 0 0 0 0 0 0 0 0 0 0 0 0 0 0 0 0 0 0 0 0 0 0 0 0 0 0 0 0 0 0 0 0 0 0 
 0 0 0 15 14.600000000000001 11.8 0 0 0 1.4000000000000001 15.200000000000001 0.2 0.4 0.2 0 0 0 0.2 0 0.4 0 54.800000000000004 35.2 32.4 31.8 10.4 51 11.600000000000001 52.6 21.8 64.4 5.6000000000000005 39.2 22.400000000000002 35 27.200000000000003 35.800000000000004 19.8 44 27.8 1 0.4 0 0.2 0 0 0 0 0.6000000000000001 0 0 0 0.8 17.2 0 0.6000000000000001 0 0 14 0.4 0 0.4 0 0 0.6000000000000001 0 0 0.4 0 0 0 1 0 0 0 0 0 1.4000000000000001 0 0 0 0 0 0 0 0 0 0 0 0 0 0 0 0 0 0.2 0 0 0 0 2.8000000000000003 0.2 4.4 1.8 0 0 10 1.4000000000000001 0.2 2.2 0 5.4 2.8000000000000003 0.2 10.200000000000001 5 0 2.4000000000000004 2.6 8 0 0 0.2 2.6 0 0 4.6000000000000005 0 0 0.2 0 0 0 0 0.2 0.8 0 0 3.8000000000000003 0 14.4 0 0 0 0 0 0 2.8000000000000003 0 0 0 0 0 0 0 0 0.2 0.6000000000000001 0 0 0 0 0 0 0 0.2 0 0 0.2 3.2 0.2 4.2 0 0.2 0 0 0 0 0.4 0.4 2.8000000000000003 9.200000000000001 4.4 7.800000000000001 0 0 1.6 7.2 16 3.2 0.4 7.2 9.4 3.4000000000000004 2.6 14.600000000000001 0 0.6000000000000001 6.4 2 0 0 0.4 0 0 0 0.2 0 0 0 0 0 0 0 0.2 8.200000000000001 0 0 2.2 0 0 0 0 0 0 0 0 0 0 0.4 0.4 0 0 0 0 0 0 0 0 0 0 0 0 0 0 0 0 0 1.8 0 0 0 0 0 0.8 0 0.2 31 0.2 0.8 2.4000000000000004 0.4 0 0 0 0 0 0 0 0 0 0 0.2 0 0 0 0 0 0 7.2 0 0 0 0 0 0 0 0 0 0 
 0 0 0 17 0 10.8 0 4.800000000000001 0 0 18.2 0 0 0 0 0 0 0.4 0.2 0 54.800000000000004 0 38.400000000000006 51 23.200000000000003 7.6000000000000005 35 35 14.4 9.600000000000001 22.200000000000003 9.200000000000001 8.6 22.200000000000003 11.200000000000001 40.400000000000006 22.400000000000002 54.2 12.600000000000001 30.6 0.4 0 0 6.6000000000000005 0.2 0 0 0 1.2000000000000002 0 0 0 0 0.6000000000000001 0 2.4000000000000004 0 0 0 12.4 0 0.4 0 0 0 0 0 0.6000000000000001 0 0 0 0.4 0 0 0 0.6000000000000001 0 0 0 0 0 0 0 0 1.8 7 0 0 0 0 0 0 0 0 0 0 0 0 0 0 0 4 0.2 0 3.4000000000000004 0 0.2 5.800000000000001 0 1.8 0 2.6 0 6 2.8000000000000003 5.800000000000001 0.8 6.6000000000000005 2.6 2 0 1.8 0 0 0 0 1.6 0.8 2 0 0 0 0 0 0 0 0 1.6 1 0 0 0 0 2 0 0 0 0 0 1.4000000000000001 0 0 0 0 0 0 0 0 0 0.6000000000000001 0 0 0 0 0 1.6 0 0 0 0.4 0 2.2 0 0 0 0 1 0 0 0 3.4000000000000004 14.4 2.2 6.4 2.6 0 1.4000000000000001 14.200000000000001 1.8 4.2 6.4 0.2 0 0 0 2.2 3 3 0 0.2 0 0 0 0 0 0 0 0 0 0 0 0.4 0 0.2 0 0 0 0 0 3.2 0.4 0 0 0 0 0 0 0 0 0 0 0 0 0 0 0 0 0 0 0 0 0 0 0 0 0 0 0 0 0 0.4 0 0 0 1.2000000000000002 0 0.4 0 0 0.8 0.4 0 0 0 0 0 0 0 0 0 0 0 0 0 0 0 0.4 0 0 2 0 0.6000000000000001 0 0 0 0 2.2 0 0 0 
 0 0 0.4 0 15.8 18.2 0 0 0 0 0 0 0 0.4 0.4 0.4 0 0 0 0 35.2 38.400000000000006 0 58.6 54.400000000000006 49.6 37.6 38.6 40.400000000000006 36.800000000000004 24.6 7 28.6 45.6 28.400000000000002 20.200000000000003 6 81.4 31 25.6 0.4 0.8 0 0.8 0.4 0 0 0 0.6000000000000001 0.6000000000000001 0.4 0 0 0.4 0 0.6000000000000001 0.6000000000000001 0 0.2 0 0 0.6000000000000001 0 0 0.6000000000000001 0.6000000000000001 1.8 1.8 0 0 11.600000000000001 1.2000000000000002 0 0 0 0 0 0.6000000000000001 0 0 0 0 0 0 0 0 0 0 0 0 0 0 0 0 0 0 0 0 0 0 0.2 8.8 2.4000000000000004 3.8000000000000003 1.8 4 2.2 0 2.6 2.8000000000000003 5 0.2 0 0 1.8 3.6 3.8000000000000003 2.8000000000000003 3.2 1.2000000000000002 2.8000000000000003 0 0 0 0 0 0 2.4000000000000004 0 0 0.4 0 3.6 0 3.4000000000000004 2 0 0 2.2 3 0 0 0 0 0 0 0 0 0 0.4 0 0 0 0 0 0 0 0.6000000000000001 0 0 0.4 0 0 0 0 0 0 0.8 0 0 0 0 0 0 0 0 0 0 4.6000000000000005 0 0 2.4000000000000004 10.4 7 3.6 2.8000000000000003 2.6 2 4.6000000000000005 5.2 1.2000000000000002 5.800000000000001 1.8 0 3.6 4.2 5.4 5.2 0 6.2 1.8 0 3 0 0 0 10 0 0 0 0 0 0 2.4000000000000004 4 0 0 0 0 2.2 0 0.2 0 0 0 0 0.2 0 0 0 0 0 0.2 0 0 0 0 0 0 0 0 0 3 0 0 0 0 0 0 0 0 0 0 0 0 0 0.8 24 16 0 2.6 0 0.2 0 0 0 0 0 0 0 0 0 0 0 0 0 0 0 0 0 0 1.8 0 0 0.4 0 0 0 0 0 
 0.4 0.4 0.4 0.4 0.4 16.2 0.4 0.4 0.4 0.8 0.4 0.4 0.4 0.4 0.4 0.4 0.4 0.8 0.4 0.4 32.4 51 58.6 0 23.8 25.8 37.800000000000004 166.60000000000002 91.4 18.6 12.4 52 46.6 63.400000000000006 27.200000000000003 49.2 21.8 51.800000000000004 19 32.4 0.4 0 2 0.4 0 0 3.6 0 0.6000000000000001 0 0 0 0.2 1 0 0 0 0 0 13.8 0 0.6000000000000001 0 0 0.2 0 1 2.2 0 0 0.2 0.4 10.600000000000001 0 0 0 0 0 0 0 0.4 0 0 0 0 0.2 0 0 0 0 0 0.2 0 0 0 0 0 0 0 0 0 0 2.8000000000000003 0.2 0.4 3.6 4.800000000000001 0 0 0 0.4 6.800000000000001 1.4000000000000001 0.2 3.4000000000000004 2.4000000000000004 1.2000000000000002 0 4 3.2 9 0.2 0 0 6 0 4.4 0 0 0 0 0 0 0 0.4 3.4000000000000004 0 0 3.4000000000000004 0 0 0 0 0 0.8 0 0 0 0 0.2 2.6 3.6 0 0 0.2 0 0 0 0.4 0 0 0 0 0 0 0 0.4 0 0 0 0 0 0 0 0 0 3.4000000000000004 0 0 0 8.6 6.4 1.6 6.2 1 1.6 0 0.6000000000000001 6.800000000000001 7 2.2 0 1.8 0 5.4 2 0 6.6000000000000005 0.2 2.4000000000000004 3 0 0 0 0 0 1.4000000000000001 0 0 0 0 0 1.8 0 4 0 3.4000000000000004 0 11 0 0 0 0 1.2000000000000002 0 0 0 0 0 0 0 0 0.2 0 0 0 0 0 0 0 0 0 0 0 0 0 0 0 0 0 0 0 0 0 0.6000000000000001 0.2 0.4 4.2 0.2 0.4 0.6000000000000001 2.4000000000000004 0 0 0 0 0 0 0 0 0 0 0 0 0 0 0 0 0 0 0 1.8 0 0 0 0 0 0 0 0 
 0 0 0 0 0.2 0 0 0 0.2 0 0.4 0 0 0.4 0 0 0 0 0 0.2 31.8 23.200000000000003 54.400000000000006 23.8 0 42 25.8 88.80000000000001 33.4 50.2 66.4 22.8 57.2 41.800000000000004 26.8 41 75.8 11.8 52 10.200000000000001 0.4 2.2 0 0.2 0 0 0 0 0.6000000000000001 0 0 0 0 0.6000000000000001 0 0 0 0 18.400000000000002 0.4 0 0.6000000000000001 0 0 0 0 0.8 0.8 0 0 0.2 0.4 0 0 0 0 0 0 0 0 0 0.2 0 0 0 0 0 0 0 0 0 0 0 0 0 0 0 0 0 0 3 6.2 6 1.8 2.4000000000000004 1.4000000000000001 0 2.4000000000000004 0 4.6000000000000005 2.8000000000000003 3.2 0 3.8000000000000003 0 6.2 4.2 10.600000000000001 0 0 2.6 0 0 0.4 0 0 0 0.2 0 0 0 0 0 0 1.6 2.4000000000000004 2.2 0 13.600000000000001 0 0 0 0 0 0 0 0 0 0 0 0 0 0 0 0 0.2 0.6000000000000001 0.2 0 0 0 0 0 0 0 0 0 0 0 0 0.4 0 0.4 0 0 0 2.4000000000000004 0 0 0 0 8.200000000000001 0 0 3.4000000000000004 1.6 0 3.6 7 4.4 1.8 5.800000000000001 0 0.2 4 1.2000000000000002 0.6000000000000001 6.2 0 0 2.4000000000000004 0 1.4000000000000001 0 0 0 4.800000000000001 0 0 0 0 0 2.6 0 4.800000000000001 0 0 0 1.2000000000000002 0.2 0 0 0 0 0 0 0 0 0 0 0.2 0 0 0 0 0 0 0 0 0 0 0 1.6 0 0 0 0 0 0 0 0 0 0 0 0.8 0 0.4 26.400000000000002 0.4 0 0.2 0 0 0 0 0 0 0 0 0 0 0 0 0 0 0 0 0 0 0 0 3.8000000000000003 0 0 0 0 1.8 0 0 0 
 0.2 0 0 0 0.4 0 0 0 0 0 0 0 0.4 0 0 0 0 0.4 0 0 10.4 7.6000000000000005 49.6 25.8 42 0 9.600000000000001 11.600000000000001 10.200000000000001 12.600000000000001 48 50.2 10.200000000000001 9.8 6.800000000000001 13.4 22.8 31.8 12.4 12.8 8.200000000000001 1 0.6000000000000001 0.8 3 0.2 0.4 12.8 1 1.4000000000000001 0 0 13.200000000000001 1 0.4 0.6000000000000001 0 0.2 0 27.6 0 0.4 0.2 0 0 0.6000000000000001 0 0.4 0 0 10 0.4 0 0 0 0.8 0 0.8 0 0 0 0 0 0 0 0 0 0 5.4 0 0 0 0 0 0 0 0 0 0 0 0 6 3 0.6000000000000001 2 11 0 0.2 0 0.2 10 3.6 0 0.2 0 3.4000000000000004 6.4 5.2 0 0 4.800000000000001 0 0 0 0 0 0.8 0.2 0 2.4000000000000004 0 0 7.4 4.4 4.6000000000000005 5 0 0 0.4 6.2 0 0 0 0 0 0 0 0 0 0 0 0 0 0 0 0 0 0.8 0 0 0 0 0 0 0 0 0 0 0 0 0 0 0 0 0 0 0 0 0 0 0 0 8.200000000000001 2.8000000000000003 2.2 5 0 2.4000000000000004 2 1.2000000000000002 6.4 1.8 0 0 0 1.8 6.2 7.6000000000000005 0 0 3.6 1.4000000000000001 6.2 0 0 0 7.6000000000000005 0 0 3.2 0 0 2.6 2.2 4.800000000000001 3 0 0 4.4 1.6 0 0 0 0 0 0 0.4 0 0 0 0 0 0.4 0 0 0 0 0 0 0 0 0 2.6 0 0 0 0 0 0 0 0 0 0 0 1.6 0 2 14.600000000000001 0.4 0 0.8 0.4 0 0 0 0 0 0 0 0 0 0 0 0 0 0 0 0 0 0 0 0.2 0 9.600000000000001 0.2 0 0 0 0 0 
 0 0.4 6.800000000000001 7 15 28.8 0 0 6.800000000000001 0 5.6000000000000005 0 0 0.4 0 14.8 0 14.8 0 0 51 35 37.6 37.800000000000004 25.8 9.600000000000001 0 18 13 12.200000000000001 9.600000000000001 9.200000000000001 51.800000000000004 28.6 39.6 30 15.600000000000001 12 99 44.800000000000004 0.4 0 0.2 0.4 0 0 0.4 0 0.6000000000000001 0 0 0 0 0.4 0.2 0.2 0 0 0 0 0 0.6000000000000001 0 0 0 0 0 0.4 0 0 0 0.4 0 0 0 0 0 0 0 0 0 0 0 0 0 2.8000000000000003 0 0 0 0 0 0 0 0 0 0 0 0.2 0 0 0 2.2 1.4000000000000001 0 0 0 6 4.2 3.8000000000000003 6.4 2 3.6 9.200000000000001 1.8 7.2 0.2 0.2 1.6 6.4 4.2 0 0 0 0 0 0 0 2.2 0 0 0.4 0 0 0 0.4 0 0 0 0 0 0 0 0 0 1 0 0 0 0 0.4 0 0 0 0 0 0 1.6 0 0 0 3.6 0 0 0 1.6 0 0.2 2.6 0 0 0 0 0 0 0 7.2 0 0 1 0 1 7.4 2.8000000000000003 5.800000000000001 0 0 3.2 5.2 2 0.4 2.4000000000000004 6.6000000000000005 2.2 4.6000000000000005 2 2.4000000000000004 3.8000000000000003 0.2 6.2 4.800000000000001 0 0 0 0 0 0 0 0 0 0 0 0 0 0 0 0 0 0 2 0 0 0 0 0 0 0 0.2 0 0 0 0 0 0 0 0 0 0 0 0 0 0 0 0.2 0 0 0 0 0 0 0 3.6 0 0 0 1.2000000000000002 0 0.4 27.6 15.200000000000001 0.2 3.4000000000000004 2.4000000000000004 1.2000000000000002 0 0 0 0 0 0 0 0 0 0 0 0 0 0 0 0 0 0 0.2 0 0.4 0 0 0 0 0 0 
 0.4 0.4 0.4 0 0 14.600000000000001 0 0 0 0 0 0 0 1.2000000000000002 0 19.400000000000002 0 0 0 0 11.600000000000001 35 38.6 166.60000000000002 88.80000000000001 11.600000000000001 18 0 40.800000000000004 51 47 50.2 60.2 38 72.4 68.60000000000001 20.6 11.600000000000001 21.200000000000003 33.2 0.4 0 0.2 26 0 0 12.8 0 0.6000000000000001 0 0 0 6 0.4 0 0 0 0 0 4.6000000000000005 0 0.6000000000000001 7 0 0 0 1 2 0 0 10 0.4 0 0 0 0 0 0 0 0 0 0 0 0 0 3 0 0 0 0 0 0 0 0.4 0 0 0 0 0 0 4 2.6 3.4000000000000004 0.2 2.6 4.6000000000000005 4 0.2 1.4000000000000001 5.2 1.2000000000000002 0.4 8 7.800000000000001 1.2000000000000002 6.6000000000000005 3.8000000000000003 0 2 0.6000000000000001 2.2 0 0 0 0 0 0 0 0.2 0 0 0 0 0 0 2 0 0 2.2 0 0 0.4 0 0 0 0 0 0 0 1.4000000000000001 0 0 0 0 0 0 0.2 0 0 0 0 0 0 0 0 3.2 0 0 0 0 0 0 0 0 0 0 3.8000000000000003 0 0 0 5.4 4.800000000000001 5.6000000000000005 2 4.2 1.6 0 0 5.800000000000001 2 0.2 0 3.2 2 6.4 7 2.2 7.2 4.800000000000001 7.800000000000001 3 0 0 0 0 0 2 0 0 0 0 0 0 0 3.8000000000000003 0 0 0 3.8000000000000003 0 0 0 0 0 0 0 0.2 0 0 0 0 0 0 0 0.2 0 0 0 0 0 0 0 0 0 0 0 0 0 0 0 0 0 0.2 0 0 0.4 0.8 30.6 0 0.6000000000000001 0.4 0 0 0 0 0 0 0 0 0 0 0 0 0 0 0 0 0 0 0 0 6.6000000000000005 0 0.4 0 0 2 0 0 0 
 0.8 0.4 0.4 0.4 15.4 28 0.4 0.8 0.4 0.4 0.4 0.4 0.4 0.6000000000000001 0.4 0.4 0.4 0.6000000000000001 0.4 0.4 52.6 14.4 40.400000000000006 91.4 33.4 10.200000000000001 13 40.800000000000004 0 15.600000000000001 18.8 9.600000000000001 27.200000000000003 80.80000000000001 27.400000000000002 71.8 7.800000000000001 9.8 51.2 64.60000000000001 0.4 0 0 0 0 0 4.800000000000001 0 0.6000000000000001 0 0 0 0 12.8 0 0 0 0.4 0 12.4 0 1 0 0 0 0 0 0.4 0 0 0.2 0.4 0 0 0 0 0 0 0 0 0 0 0 0 0 0.2 0.2 0.4 0 0 0 0 0 0 0 0 0.4 0 0 0 4 2.2 7.6000000000000005 0 1.6 0 8.200000000000001 0.2 4.6000000000000005 8.8 3.8000000000000003 3.6 7.2 2.4000000000000004 4.4 0.2 1.6 0 3.2 3.8000000000000003 2.6 0 0 0 0 0 0 0 0 9 0 0 0 0 1.6 2.4000000000000004 0 0 0 0 0 0 0 0 0 0 0 0 0 0 0 0 0 0 0 0 0 0 0 0.4 1.8 0 0 0.2 0 2 0 1 0 1.2000000000000002 0 2 0 0 0 0 0 0 0.8 0 11.8 6 2 2 1.2000000000000002 1.2000000000000002 0.6000000000000001 1.6 3 0 2.8000000000000003 3.6 2.8000000000000003 4 3.8000000000000003 2.6 5.4 2.8000000000000003 4.800000000000001 4.6000000000000005 0 0 0 0 0 0 3.2 0 0 0 0 0 3 0 0 0 3.8000000000000003 0 0 0.2 0 0 0 0 0 0 0 0 0 0 0 0 0 0 0 0 1.6 0 0 0 0 0 0 0 0 0 0 0 0 0 0 0 0 0 1.6 0.4 0.2 33.800000000000004 15 0 2.2 3 0 0 0 0 0 0 0 0 0 0 0 0 0 0 0 0 0 0 0 1.8 0 0 0 0 0 0 0 0 
 0.2 0 0 0 0 0.4 0 0 0 0 0 0 6 0.2 0 0 0 0 0 0 21.8 9.600000000000001 36.800000000000004 18.6 50.2 12.600000000000001 12.200000000000001 51 15.600000000000001 0 43 38.400000000000006 32.2 15.600000000000001 17.2 100.60000000000001 29 8.200000000000001 66 11.8 0.4 0 0 12.600000000000001 0 0.2 11 0 0.6000000000000001 0 0 1.4000000000000001 0 0.4 0 0 0 0 10 12.600000000000001 0 0.4 6 0 0 0 0 0.4 0 0 0 0.4 0 0 0 0.2 0 0 0 1 0 0 0 0 0 0 0 0 3.2 0 0 0 0 0 0 0 0 0 0 0 5.2 0 0 0.6000000000000001 2 6.2 0 2.4000000000000004 5.2 2 0.2 0 0 1.4000000000000001 0 2.6 6 4 1.8 3.2 0.6000000000000001 0 0 0 0 0 0 0 0 0 0 0 0 4 3 0 0 0.2 2 5 0 0 0 0 0 0 0 0 0 0 0 0.2 0 0 0 0 0 2.4000000000000004 0 0 0 0.2 0 0 0 2.2 0 0 0 0 0 1.6 0 0 0 0 0 0 0 0 0 0 1.4000000000000001 3.6 1 0.6000000000000001 1.8 0.2 0 4.2 2 7.6000000000000005 0 0 3.4000000000000004 0.2 0 10 0 0 0 0 0 0 0 0 2.6 0 0 0 0 0 0.2 0.4 1.6 3.8000000000000003 0 0 1.4000000000000001 3.2 0 0 0 0.4 2 0 0 0.2 0 0 0 0 0 0 0 0 0 0 0 0 0 0 5.6000000000000005 0 0 0.2 0 0 0 0 0 0 0 0 2.2 0.6000000000000001 0 0.2 15.4 0.4 0.6000000000000001 0.6000000000000001 0 0 0 9.8 0 0 0 0 0 0 0 0 0 0 0 0 0 1.4000000000000001 0 0 0 0 0 0 0 0 0 0 
 0 0 0 0 0 0 0 0 0 0 0 0 0 0 0 0 0 15.600000000000001 0 14.600000000000001 64.4 22.200000000000003 24.6 12.4 66.4 48 9.600000000000001 47 18.8 43 0 60 93.4 10.4 19.400000000000002 9.8 39.800000000000004 12.8 50.6 11.8 0.6000000000000001 0.2 0 0.4 0 0 0 12.200000000000001 0.6000000000000001 0 0 1 16.6 16.400000000000002 0 0.8 0.2 0.2 0 12.600000000000001 0 0.6000000000000001 0 0 0.2 0 0 0.6000000000000001 8.4 0 0.2 0.6000000000000001 0 0 0 1.6 0 0 0 0 0 0 0 0 0 0 0 0 0 0 0 0 0 0 0 0 0 0 0 0 0 0 4 0.2 6 1.8 0 2.6 0 2.2 2 2 1.2000000000000002 0.4 1.2000000000000002 0.2 0.2 9.8 0 1.8 1.6 0 2.4000000000000004 0 0 0 2.4000000000000004 0 0 1.8 0 0 3.2 1.6 6.2 2.6 0 0 1.6 0 0 0 0 0 0.6000000000000001 0 0 0 0 0 0 0 0 0 0 0 0.6000000000000001 0 0 0 0 0 0 0 0 0 0 0 0 0 1.6 0 0 0 0 0.2 0 0 0 0 0 0 0.2 0.6000000000000001 3.4000000000000004 2 0 2.8000000000000003 4.2 0.8 7.4 2.2 0 0 1.2000000000000002 0.2 1.6 2.8000000000000003 0 0.2 2.8000000000000003 2 0 0 0 0 1.8 0 0 2.8000000000000003 3.2 0 2 2.4000000000000004 0.2 11.200000000000001 1.8 0 6.4 7.6000000000000005 0 0 0 0 0 0 0 2.4000000000000004 0 0 0 0 0 0 0 0 0 0 0 0 0 0 2 0 0 0 0 0 0 0 0 0 0 0 2.4000000000000004 0.2 0 7.800000000000001 14.8 0.4 0 4.6000000000000005 0 0 0 0 0 0 0 0 0 0 0 0 0 0 0 0 0 0 0 0.2 0 0 0 0 1.2000000000000002 0 0 0 
 0 0 0 0 0 0 0 0 0 0 0 0 0 0.4 0 0 0 0.4 0 0 5.6000000000000005 9.200000000000001 7 52 22.8 50.2 9.200000000000001 50.2 9.600000000000001 38.400000000000006 60 0 10.200000000000001 65 4.4 7.6000000000000005 18.2 16 6.2 7.6000000000000005 29.8 1.2000000000000002 0 0.4 0 0 0.4 13.600000000000001 0.6000000000000001 0 0 1 4.2 20.200000000000003 3.2 0 12.200000000000001 12.8 0.2 4.4 0 1 0 0 0 0 0 0.6000000000000001 0 0.6000000000000001 10.600000000000001 0.4 0 0 0 0 0 0 0.8 0 0 0 0 0 0 0 0 0 0 0 0 0 0 0 0 0 0 0 0 0 0 6.2 0 5 0 0 0 0 0 3.6 2.2 10 0 0 0 3.6 3.8000000000000003 3.2 0 0 0.2 2.2 2 0 0 0 1.8 0 4 2.2 1.6 2.4000000000000004 3.4000000000000004 5.2 7.2 3.4000000000000004 2 0 2.2 9.200000000000001 1 0 0 0.8 0 0 0 0.8 0 0 0 0 0 0 0 0 0 0 0 0 0 0 0 0 0 0 0 0.4 0 0 0.4 0 0.4 0 0 0 0 0 0 2 0 0 4.2 0 0 3.2 0 0 0 3.2 3.8000000000000003 4 2.2 0 0.2 5 2.4000000000000004 2.2 0 0 6 1 0 0 0 0 0.2 0 5.4 4.800000000000001 0 0 7.2 4.6000000000000005 6.2 4.4 0 0 2.4000000000000004 0.4 0 0 0 0 0.4 0 0 0 0 0 0.2 0 0 0 0 0 0 0 0 0 0 0 3 0 0 0 0 0 0 0 0 0 0 0 0.2 0 0 0 2.6 0.2 0.2 0.2 0 0 0 0 0.2 0 0 0 0 0 0 0 0 0 0 0 0 0 0 2.2 0 0 1.4000000000000001 1.8 0 0 0 0 
