 0 81.60000000000001 38.800000000000004 12.200000000000001 23.200000000000003 54.400000000000006 59.800000000000004 28 9.600000000000001 41.800000000000004 7.2 72.2 13.8 23.8 46.800000000000004 17.6 26.400000000000002 7.800000000000001 44.2 25.8 0.4 0 0 0.4 0.6000000000000001 0.6000000000000001 0.2 0 0 5 0.6000000000000001 0.4 0 0.6000000000000001 0 0 0.2 0 0.2 0 0.4 0 0 0 0.6000000000000001 0 0 0 12.600000000000001 0.6000000000000001 0 0 0 0 0.6000000000000001 12.8 0.4 0 0 0 0.4 0 0.2 0.6000000000000001 0.8 0.4 0 0 0 0 0 0 0 0 0 0.4 0.4 0 0 0.4 5.2 5.4 0.2 4 3.2 3 13.600000000000001 2.8000000000000003 0.6000000000000001 0.2 0.4 0 2.4000000000000004 0 5.800000000000001 0.4 2 0 3 5.800000000000001 0 0 0 0 0 0 0 0 0 0 0 0 0 0 0 0 0 0 0 0 0 0 0 0 0 0 0 0 0 0 0 0 0 0 0 0 0 0 0 0 0 0 0 0 0 1.6 0 0 0 0 0 0 0 0 0 0 0.2 0 0 0 0 2.2 0 2 0.2 0 5.800000000000001 3.8000000000000003 8 0.2 4.6000000000000005 0 4 6.800000000000001 4.800000000000001 4.2 0 1 0 5 0 0 0 0 0.2 0 0 0 0 0.2 0 0 0 0 0 0 0 0 0.2 0 0 0 0 0.4 0 0 0 0 0 0 0 0 0 0 0 0 0 0 0 0 0 0 0 0 0 0 0 0 0.4 0 0 0 0 0 0 0 0 0 0 0 0 3 0 0 0 0.2 0 0.2 0.4 0 0 1.2000000000000002 0 0 0 0 0 0 0 0 0 0 3.8000000000000003 0 0 0 0 0 0 0 0 0 0 0 0 0 0 0 0 0 0 0 0 0 0 0 0 0 0 0 
 81.60000000000001 0 36.800000000000004 40.400000000000006 25.6 47.6 18.6 88.4 78.4 86.80000000000001 61.2 41 9.200000000000001 12.600000000000001 45.400000000000006 62.2 111.80000000000001 10 74 13.200000000000001 0.6000000000000001 0 0 0 0.6000000000000001 0.6000000000000001 0 0 0 0 0.6000000000000001 0 0.4 0.6000000000000001 0 0 0 0 15 29.8 0 0 0 0 0.6000000000000001 0 0 0 0 0.6000000000000001 0 0 0 0 0.6000000000000001 0 0.4 0 0 0 0.2 0 0 0.6000000000000001 0 0.4 0 0 0 0 0 0 0 0 0 0.4 0.4 0 0 0.4 1.8 3.8000000000000003 2.8000000000000003 4.6000000000000005 0.2 1.6 3.4000000000000004 7.4 1.6 4.6000000000000005 2.8000000000000003 1.4000000000000001 2.2 2.8000000000000003 0 4 1.6 4.6000000000000005 6.2 5.6000000000000005 0 1.4000000000000001 0 0 0 0 0 0 0 2.2 0 0 2.2 0 2.8000000000000003 0 0 0 0 0.2 0 0 0 0 0 0 0 0 0 0 0 0 0 0 0 0 0 0 0 0 0 0 0 4.2 0 0 0 0 0 0 0 0 0 0 0 0 0 0 0 0 3.2 0 3.8000000000000003 5.6000000000000005 2.6 0 3.6 0 2 0 5.800000000000001 0.2 0 0 2.2 0.2 2 3 0 0 0 0 0 0 0 0 0 0 0 0.2 0 0 6.800000000000001 3.6 0 0 0 0 5.800000000000001 0 0 0 0.2 0 0 0 0 0 0 0 0 0 0 0 0 0 0 0 0 0 0 0 0 0 0 0 0 0 0 0 0 0 0 0 0 0 0 0.4 0 0 0 0 0 0 0 0.4 0.6000000000000001 0.2 0.6000000000000001 0 0.8 2.2 0 0.2 0 0 0 0 0 0 0 0 0 0 0 0 0 0 0 0.4 0 0 0 0 0 0.2 4.2 0 0 0 0 0 0 0 0 0 0 0 0 0 
 38.800000000000004 36.800000000000004 0 39.400000000000006 47.2 25.8 27.6 34 28.400000000000002 47.2 42.6 24 9.600000000000001 8.8 9.8 68 48.6 25.6 7.6000000000000005 6.800000000000001 0.4 0 0.2 0 0.6000000000000001 0.6000000000000001 0.4 0 0 0.6000000000000001 13.600000000000001 0.6000000000000001 16 16.400000000000002 0 0 0 0 14.8 15 0 0 0.6000000000000001 0.4 1.2000000000000002 0 0 0 0 0.6000000000000001 0 0 0 0.4 0.6000000000000001 0.4 0.4 0 0 0 1 0 9 1 0 0.4 0 0.2 0 0 0.2 0 0 0.2 0 0.4 0.4 0 0 0.8 0 7.6000000000000005 6 4.2 6.2 0 0 2 0 4 3.8000000000000003 4.6000000000000005 10 4.800000000000001 2.6 3 0 4.4 0 0 0 0 0 1.4000000000000001 0 0 0 0 2 0 0 0 0.6000000000000001 0 3.2 0 0 0 1.8 0 0 0 0 0 0 0 0 0 0 0 0 0 0 1.8 0 0 0 0 0 0 0 0 0 0 0 0 0 0 0 0 0 0 2.4000000000000004 0 0.2 0 0 0 0 0 3.2 0 7.6000000000000005 0.4 2 0.4 0 0 2.2 0.2 0 7.4 1 2 0 10.4 2 0 0 0 0 0 0 0 0 0 0 0 0 0 0 0 5 0 0 0 0 0 4.4 0 0 0 0 0 0 0 0 0 0 0 0 0 0 0 0 0 0 0 0 0 0 0 0 0 0 0 0 0 0 0 0 0 0 0 0 0 0 0 0 0 0 2 0 0 0 0 0.4 0.4 0.4 0.4 0.4 1.8 0 0 0 0 0 0 0 0 0 0 3 0 0 0 0 0 0 0 0 0 0 0 0 0 4.2 0 0 0 0 0 0 0 0 0 0 0 0 0 
 12.200000000000001 40.400000000000006 39.400000000000006 0 41.800000000000004 24.200000000000003 18.6 14.4 92.60000000000001 18.2 57.400000000000006 28 9.600000000000001 38.6 52.800000000000004 58.800000000000004 7.6000000000000005 18.6 12.600000000000001 12.600000000000001 15.4 0.4 0 0 0.6000000000000001 1 0 0 0 0 0.6000000000000001 0 35.6 15 0 0 0 0 3.8000000000000003 26.400000000000002 1 0 1 3 0.6000000000000001 0 0 0 0.4 0.6000000000000001 0 0 0 0 0.6000000000000001 0 0.4 0 0 0 0.6000000000000001 0 0 0.6000000000000001 0 0.4 0 0.2 0 0 0 0 0 0 0 0.4 0.4 0 0 0.4 0 6.2 5.6000000000000005 1.6 7.4 1.6 0 0 0 0.8 0 3 3.2 3 0 2.8000000000000003 0.2 3 0 0 0 0.4 0 0 0 0 2 0.2 0 0 0 0 11.200000000000001 2.6 6 4.4 2.6 0.2 0.2 5 0 0 0 0 0 0 0 0.4 0 0 0 0 0 0 0 0 0 0 0 0.2 0 0 0 0 0 0 0 0 0 0 0 0 0 0 0 0 0 0 0 0 0 2.4000000000000004 0 5 0.8 11 0 0 0.2 8 0 7.4 0.8 0 0.4 0 1.8 6 0 0 0.2 0 0 0 0.6000000000000001 0 1.4000000000000001 3 0 0 0 0 1.8 2.4000000000000004 3 0 0 0 11.4 0.4 0 0 0 0 0.2 0 0 0 0 0 0 0 0 0 0 0 0 0 0 0 0 0 0 0 0 0 0 0 0 0 0 0 0 0 0 0 0 0 0 0 0 0 0 0 0 0 0.2 0 0 0.2 0.2 2 2 0 0 0 0 0 0 0 0 0 0 0 0 0 0 0 0 0 0 0 0 0 0 3 0 0 0 0 0 0 0 0 0 0.4 0 0 0 0 
 23.200000000000003 25.6 47.2 41.800000000000004 0 15.8 63.400000000000006 46.800000000000004 67.4 43 39.2 52.6 15 17 48.2 81.2 51.400000000000006 88 27.400000000000002 16.2 0.8 0 0.2 0 0.8 0.6000000000000001 0 0 0 0 0.8 0.2 17.2 15.4 0 0.6000000000000001 0 0.2 14.8 30 6.6000000000000005 0 0.8 3.8000000000000003 0.6000000000000001 0 0 0 0.4 0.6000000000000001 0 0 0 0 0.6000000000000001 0 0.4 0 0 0 0.6000000000000001 0 0 0.6000000000000001 0 0.4 0 0.4 0 0 0 0 0 0 0 0.4 0.6000000000000001 0 9 0.4 0 0.2 5.800000000000001 12 6.6000000000000005 5.800000000000001 0 4 4.800000000000001 2.6 4.6000000000000005 4.2 0.2 0.2 0 7.4 0 4 0.4 2.6 0 3 0 0 0 0 0.2 0 2.4000000000000004 0 0 0 0.2 0 0 0.2 0 0.2 3.8000000000000003 3 0 0 0 0 0 0 0 0 0 0 0.4 0 0 0 0 0 0 0 0 0 0 0 0 0 0 0 0 0 0 0 0 0 2.6 0 0 0.2 0 0 0 0 0 0 0 5.800000000000001 1.2000000000000002 7.2 0 0 6.800000000000001 0.4 5.6000000000000005 4.6000000000000005 0.8 3.2 4 7.6000000000000005 0.2 0.6000000000000001 0 0 8.6 0 0 0.2 0 0 0 0 0 0 0 0.2 10.200000000000001 0.4 0.2 2.6 0 0 2 4.4 0 0 0 0 0 0 0 0 0 0 0 0 0 0 0 0.4 0 0 0 0 0 0 0 0 0 0 0 0 0 0 0 0 0 0 0 0 0 0 0 0 0 0 0 0 0 0.4 18.2 0.6000000000000001 0.4 0 4 1.4000000000000001 0 0 0 0 0 0 0 0 0 0 0 0 0 0 0 0 0 0 0 0 0 0 0 0.2 0.2 0 0 0 0 0 0 0 0 0 0 0 0 0.4 
 54.400000000000006 47.6 25.8 24.200000000000003 15.8 0 67.2 9.4 12.200000000000001 14 22.6 54.400000000000006 5.6000000000000005 12.4 70.60000000000001 14.8 74.60000000000001 29.400000000000002 14.600000000000001 12.4 15 0 14.600000000000001 0 0.6000000000000001 0.6000000000000001 0 30.400000000000002 0 0 15.8 0 14.4 19.400000000000002 0 0 0 7 0.4 0.2 0 8.8 0 0 0.6000000000000001 0 0 0 0.4 0.6000000000000001 0 0 0 0 0.6000000000000001 0 0.6000000000000001 0.2 0 0.6000000000000001 0.6000000000000001 0 0 0.6000000000000001 0 0.4 0 0.4 0 0 0 0 0 0 0 0.4 0.6000000000000001 0 0 0.4 0 0 0.2 4.800000000000001 2.6 0.2 0 2.2 1.4000000000000001 3.4000000000000004 0 3.6 0 0 2 2.8000000000000003 0 0 0 0 10.4 1.6 5.2 0 0 0 2.2 2.8000000000000003 2.2 2.2 4.2 0 0 1.8 3.2 0 0.2 0 2 0 0 0 0 0 0 0 0 0 0 0 0 0 0 0 0 0 0 0 0 0 0 0 0 0 0.2 0 0 0 0 0 0 0 1 0 0 0 0 0 0 0 0 0 2.8000000000000003 0 0.2 0 0 0 1.8 0 7.2 0 0 2.8000000000000003 0 1.2000000000000002 2.4000000000000004 0 0 0 0 1.4000000000000001 0.4 0 0 0 2.6 6.2 2.2 0 1.6 0.2 9.4 0 0.6000000000000001 4.4 0 2.2 4 0 0 0 0 0 0 0 0 0 0 0 0 0 0 0 0 0 0 0 0 0 0.4 0 0 0 0.2 0 1 0 0 0 0 0 0.2 0 0 0 0 0.2 0.6000000000000001 0 0 1.8 0 0 0 1.2000000000000002 18 0 2.4000000000000004 1.2000000000000002 0 4.6000000000000005 0 0 0 0 0 0 0 0 0 0 0 0 0 0 0 0 0 0 0 0 0 0 0.6000000000000001 0 0 0 0 2 0 0 0 0 0 6.6000000000000005 0 0 0 2.4000000000000004 
 59.800000000000004 18.6 27.6 18.6 63.400000000000006 67.2 0 68.60000000000001 54.400000000000006 7.4 65.4 5.2 34.6 28.200000000000003 20.8 19.200000000000003 3.6 8.8 9 62 0.8 0 0 0 0.6000000000000001 0.6000000000000001 0 0 0 0 0.8 0 14.8 1.2000000000000002 0.2 0 0.2 0.6000000000000001 0 1.2000000000000002 0 0 13.8 0 0.8 0.2 0.6000000000000001 0.6000000000000001 0.4 2 0.6000000000000001 0 0.6000000000000001 0.8 1.8 0 0.4 1.2000000000000002 0.4 0 0.8 0 0.8 1 1.8 1 9.600000000000001 0.4 0 0 0 0 0 1.8 0 0.4 0.6000000000000001 1.8 1.2000000000000002 0.4 6.4 12.200000000000001 8.200000000000001 3.6 2.6 0 4.4 3.6 5.2 3 0 0 2.8000000000000003 3.4000000000000004 6.6000000000000005 10.600000000000001 2.6 0.2 1.4000000000000001 0 0 0 0 0 0 0 0 0 0 0 0 0 2.2 0 0 0 0 0 0 0 0 0 0 0 0 0 0 0 0 0 0 0 0 0 0 0 0 0 0 0 0 0 0 0 0 0 0 0 0 0 0 0 0 0 0 0 1.4000000000000001 0 0 0 4.2 2.8000000000000003 5.800000000000001 0 0 0 5.800000000000001 2.4000000000000004 1 3 3.8000000000000003 4.2 3.6 8.200000000000001 2.4000000000000004 3.8000000000000003 20.8 1.6 2 0 0 0 0 0 0 0 0 0 0 0 0 0 4.2 0 0 0 0 0 0 0 0 0 0 0 0 0 0.2 0 0 0 0 0 0 0 0 0 0 0 0 0 2.8000000000000003 0 0 0 0 0 0 0 0 0 0 0 0 0 0 0 0 0 0 0 0 1 0 0 0 0.4 0.2 0 0 0 0 0 0 0 0 0 0 0 0 0 0 0 4.800000000000001 0 0 0 0 0 0 0 0 0 0 0 0 0 0 6 0 0 0 0 0 0 0 0 0 0 0 0 
 28 88.4 34 14.4 46.800000000000004 9.4 68.60000000000001 0 16.2 19.8 28.200000000000003 27.8 34.4 88.2 16.400000000000002 8.200000000000001 15.200000000000001 31.200000000000003 59.2 44.6 0.6000000000000001 0.2 0 0 0.6000000000000001 0.8 0 0.4 0.8 0 0.6000000000000001 0.4 0 0.6000000000000001 0 0.2 1 0 0 0.8 0.6000000000000001 12.4 0 0 1 0 0 0 0.2 0.8 0.4 0.2 0.6000000000000001 0 11.600000000000001 1.4000000000000001 0.8 0 0.6000000000000001 0 0.8 0.8 0 1.2000000000000002 0 0.4 0.4 0.4 0 0.6000000000000001 1.2000000000000002 0 0 0 0 1 7.800000000000001 0 0 0.4 2 6.800000000000001 3.8000000000000003 3 2.8000000000000003 2.8000000000000003 3 0 3.4000000000000004 2.6 6.4 2.8000000000000003 2.6 2.8000000000000003 0 6.4 21 1 0.2 0 0 0 0 0 0 0 0 0 0 0 0 0 4.800000000000001 0 0.4 0 0 0 0 0 0 0 0 0 0 0 0 0 0 0.4 0 0 0 0 0 0 0 0 0 0 0 0 0 0 0 0 0 0 0 0 3.8000000000000003 0 0 0.2 0 0.2 0 0 0 0 2.8000000000000003 2.6 2.6 0 0 0 3 2.8000000000000003 2.8000000000000003 4 9.8 3.8000000000000003 1.6 4 0 0 3.8000000000000003 2 0 2.4000000000000004 0 0 0 0 0 0 0 0 0 0.4 0 0 7 0 0 0 2.6 0 0.2 0 0 0 0 0.2 0 0 0 0 0 0 0 0 0 5 0 0 0 0 0 0 0 0 0 0 0 0 1 0 4.4 0 0 0 0 0 0 0 0 0 0 0 0 0 0 0 0 0 0 0.4 0.2 0.4 0 1.6 0 0 0 0 0 0 0 0 0 0 0 0 0 0 0 0 0 0 0 0 0 0 0 0.2 1.8 0.2 0 0 0 0 0 0 0 0 0 0 0 0 
 9.600000000000001 78.4 28.400000000000002 92.60000000000001 67.4 12.200000000000001 54.400000000000006 16.2 0 32 9.8 23.200000000000003 17.2 48.2 18.400000000000002 37.4 18.400000000000002 28 82.2 31.8 1 0 0 0.4 0.6000000000000001 0.6000000000000001 0 0 0 0 0.6000000000000001 0 28 0.6000000000000001 0 0 0 0.4 1.8 17.400000000000002 1.6 0.4 1.2000000000000002 0.8 0.6000000000000001 0 0 0.6000000000000001 0.2 0.6000000000000001 0 0 0 0 0.6000000000000001 0 0.4 0 0 0 0.6000000000000001 0 0 0.6000000000000001 0 1 0 0.4 0.4 0 0.4 0 0 0.2 0 0.4 0.6000000000000001 1 0.4 0.4 5.2 0 4.800000000000001 0 2.2 2.4000000000000004 5.2 1.4000000000000001 2.2 2.4000000000000004 0 2.6 0 2.4000000000000004 2 0 0.2 2.2 2 4.4 0 1.8 1.8 0 0 0 0 0 0 0 0 0 1 0 2 2.2 0 0 4 0 0 0 0 0 0 0 0 0 0 2.8000000000000003 0 0 0 0 0 0 0 0 0 0 0 0 0 0 0 0 0 0 0 0 0 0 0 0 0 0 0 2 0 0 0 3.8000000000000003 2.2 6 1.8 2.2 0 5.800000000000001 2.2 2 3.8000000000000003 1.8 2.2 0 4.6000000000000005 8.4 0 5.4 0 0.2 4 0 0 0 0 0 0 4.6000000000000005 0 0 0 0 4 3.6 0 0 0 0 2.4000000000000004 2.8000000000000003 0.4 0 0 0 0 0 0 0 0.4 0 0 0 0 0 0 0 0 0 0 0 0 0 0.4 0 0 0 0 0 0 0 0 0 0 0 0 0 6 0 0 0 0 0 0 0 0 0 0.8 0 0.4 0 4 2.6 0 0 0.4 0 0 0 0 0.2 0 0 0 0 0 0 0 0 0 0 0 0 0 0 0 0 2 1.8 0 0 0 0 0 0 0 0 0 0 0 0 
 41.800000000000004 86.80000000000001 47.2 18.2 43 14 7.4 19.8 32 0 18 34.2 9.4 38.2 97.60000000000001 34.4 36.4 7.4 14.200000000000001 22.8 2 0 0 0 1 0.6000000000000001 0.4 15.4 0 0.4 1 0 0 1.4000000000000001 0 0 0 0 0 28.400000000000002 0 0 4.4 0.4 0.6000000000000001 0 0.4 0 0.4 0.6000000000000001 0 0 0 0 0.6000000000000001 0 0.4 0 0 0 0.2 0.8 0 1.8 0 0.4 0.4 0 0 0 0 0 0 0 0 0.4 0.4 0.4 0 0.4 0 2.4000000000000004 1.6 3.8000000000000003 2.8000000000000003 6.4 0 1.4000000000000001 8 2.2 10.600000000000001 0 2.2 6 0 4.4 2 4.2 0 2.4000000000000004 1.4000000000000001 1.6 4.2 0 0 0 0 4.2 0 0 0 0 2 1.8 0 0 0 0 0 0 0 0 0 0 0 0 0 0 0 0.4 0 0 0 1.6 0 0.2 0 0 0 0 0 0 2.6 0 0 0 0 0.4 0 0 0 0 0 0 0 0 0.2 0 0 0 3.4000000000000004 0 1 3.8000000000000003 3 2.8000000000000003 2.8000000000000003 0 9.600000000000001 0 6.4 5.6000000000000005 0 0.4 1 0 0 3.8000000000000003 0 0 0 0 0 0 0 0 0 0 0 0.4 0 0 2.4000000000000004 2.6 0.4 0 3 0 1.8 0 0 0 0 0.2 0 0 0 0 0 0 0 0 0 4 0 0 0 0 0 0 0 0 0 0 0 0 0 0 0 0 2 0 0 0 0 0 0 0 0 0 0 0 0 0 0 0 18.2 0 17.400000000000002 1.4000000000000001 0 0.6000000000000001 0 0 0 0 0 0 0 0 0 0 0 0 0 0 0 0 0 0 0 0 0 0 0 2.8000000000000003 3.2 0 0 0 0 0 0 0 0 0 0 0 0 0 
 7.2 61.2 42.6 57.400000000000006 39.2 22.6 65.4 28.200000000000003 9.8 18 0 14.4 6.4 95.80000000000001 117.2 42.800000000000004 36 10 33.2 102 16 0 0 0 0.6000000000000001 0.8 14.8 0 1.4000000000000001 0 0.6000000000000001 0.4 19 15.4 0 0 0 0 0.4 0.6000000000000001 0 0 0 12.200000000000001 0.6000000000000001 0 0.4 0 0.4 0.6000000000000001 0 0 0 0 0.6000000000000001 0.4 0.4 0 0 0 10.200000000000001 0 0 1.4000000000000001 0 0.4 0 0.4 0 0.8 0 0 0 0 0 0.4 1.6 0 0 0.4 2 0.6000000000000001 2.4000000000000004 3.6 3.6 5 3.6 3 4.2 6.6000000000000005 3.4000000000000004 0 0 3.4000000000000004 0.2 6.800000000000001 0 0.4 0 0 0 0 0 0 0 0 0 3.2 0 0 0 0 1.4000000000000001 5.800000000000001 1.6 3.8000000000000003 4.800000000000001 0 1.8 9.8 0 0 0 0 0 0 0 0 0.2 2.4000000000000004 0 0 0 0 0 0 0 0 0 0 0 0 0 0 0 0.2 2.2 0 0 0 0 0 0 0 0 0.4 0 0 0 0 0 0 4.6000000000000005 0.2 2 8.200000000000001 0.2 2 2.4000000000000004 1.6 6 3.4000000000000004 3 7.6000000000000005 0 0.2 12.600000000000001 2.6 0 3 0.8 1.8 0 0 0 0 3.6 3.2 3.2 0 0 0.4 1.6 0.4 2.8000000000000003 0 0 0 2.4000000000000004 0 0 0 0 0 0 0 0.4 0 0 0 0 0 0 0 0 0.4 0 0.4 0 0 0 0 0 0 0 0 0 0 0 0 0 0 0 0 0 0 0 0 0 0 0 1.4000000000000001 0 0 0 0.4 17 0.8 0.2 2.6 0 2.8000000000000003 2.6 0 0 1.8 0 0 0 0 0 0 0.2 0 0 0 0 0 0 0 0 0 0 0 0 5 0 1.8 0 0 0 0 0 0 0 0 0 0 0 0.4 
 72.2 41 24 28 52.6 54.400000000000006 5.2 27.8 23.200000000000003 34.2 14.4 0 7.800000000000001 50.400000000000006 40.800000000000004 46.400000000000006 52.2 13.8 7.4 7.800000000000001 1.2000000000000002 0.6000000000000001 0 0 0.6000000000000001 0.6000000000000001 0 0 0 0 1.2000000000000002 0.4 12.8 0.8 0 0 0.2 0.4 0.2 16.400000000000002 0 0 0.8 1.4000000000000001 0.6000000000000001 0 0 0 0.4 0.6000000000000001 0.4 0.6000000000000001 0.6000000000000001 0 0.6000000000000001 0 0.8 0 0.4 0 0.6000000000000001 0 0 0.6000000000000001 0.6000000000000001 0.4 0 0 0 0 0 0.4 0 0.6000000000000001 0 0.4 0.4 0.4 0.4 0.4 0 0 5.2 12.600000000000001 4.2 6.2 2.2 4.4 2.4000000000000004 1.8 4.2 0.2 0 0 0 7.2 0 6.6000000000000005 0 2 0 1.6 0 0 0 0 0.2 0 0 0 0 0 0.2 0 0 0 0 0.2 4.4 0.4 0 0 0.2 0 0 0.2 0.2 0 2.6 0 0 0 0 0.2 0 0 0 0 0 0 0 0 0 0 0 0 0.4 0 0 0 0 0 0 0 0 0 0 0 0 0 0 5.2 0 5.6000000000000005 5.4 4.6000000000000005 0 0 2.4000000000000004 0 6.2 7.6000000000000005 0 4 2.2 4 0 2.4000000000000004 0 0 0 0 0 0.2 0 0 0 0 0 0 0 0 2.8000000000000003 3.8000000000000003 0 0 0 0 2.6 1.8 0 0 0 0 0 0 0 0 0 0 0 0 0 0 0 0 0 0 0 0 0 0 0 0 0 0 0 0 0 0 0 0 0 0 0 0.4 0 0 0 0 0 0.2 0 0 0 0.4 17.2 0 0.6000000000000001 0 4.6000000000000005 3 0 0 0 0 0 0 0 0 0 0 0 0 0 0 0 0 0 0 0 0 0 0 0 0.2 0 0 0 0 0 0 0 0 0 0 0 0 0 0 
 13.8 9.200000000000001 9.600000000000001 9.600000000000001 15 5.6000000000000005 34.6 34.4 17.2 9.4 6.4 7.800000000000001 0 13.200000000000001 34.6 7 47.400000000000006 8.6 96.4 111.2 0.4 0 0 0 0.6000000000000001 0.6000000000000001 0 0 0 0 0.6000000000000001 0 0 0.6000000000000001 0 0 3.2 0.4 0 0 0 0 0 0 0.6000000000000001 0 0 0 0.4 0.6000000000000001 0 0 13.600000000000001 0 0.6000000000000001 0 12.4 0 0 0 0.6000000000000001 0 0.2 0.6000000000000001 0 0.4 0 0.2 0 0 0 0 0 0 0 0.4 0.4 0 6.2 0.4 8.4 6.6000000000000005 0.4 0 0 0 5 5 0.4 1.2000000000000002 3 0 3.8000000000000003 3.6 12.200000000000001 0 0.6000000000000001 2.2 4.4 2.2 0 0 0 0 0 0.4 0 0 0 0 0 0 0 0 0 0 0 0 0 0 0 0 0 1.4000000000000001 0 0 0 0 0 0 0 0 0 0 0 0 0 0 0 0 0 0 0 0 0 0 0 0 0 0 0 0 0 0 0.4 0 0 0 0 0 4.4 3.4000000000000004 0 6 0 0.2 4 2.8000000000000003 0.4 5.6000000000000005 0 0 4 0.4 1.4000000000000001 0 0 1 2.8000000000000003 9.200000000000001 0 0 0 0 0 0 0 0.2 0 0 0 0 0 0 0 0 0 0 0 0 0 0 0 0 0 0 0 0 0 0 0 0 0 0 0 0 0 0 0.4 0.2 0 0 0 0 0 0.2 0 0 0 0 0.4 0 0 2.2 0 0 0 0 0 0 0 0.2 2.2 0 0 0 0 0.2 0 0 0.2 2.8000000000000003 0 0 0 0 0 0 0 0 0 0 0 0 0 0 0 0 0 0 0 0 0 0 0 0 0 0 0 0 0 0 0 0 0 0 0 0 0 0 
 23.8 12.600000000000001 8.8 38.6 17 12.4 28.200000000000003 88.2 48.2 38.2 95.80000000000001 50.400000000000006 13.200000000000001 0 65.2 26.200000000000003 41.6 4 42.800000000000004 20.200000000000003 0.6000000000000001 0 0 0 0.8 0.6000000000000001 0 0 0 0 1.4000000000000001 0 0 1.2000000000000002 0 0 0 0 0 0 0 0 0 0 0.6000000000000001 0 0.6000000000000001 0.4 0.2 0.6000000000000001 0 0 0 0 0.6000000000000001 0 0.4 0 0.6000000000000001 0.4 0.2 0 0 0.6000000000000001 0 0.4 0.4 0.6000000000000001 0 0 0 0.6000000000000001 0.4 0 0 0.4 0.4 0 11.200000000000001 0.4 2 2.2 2.2 5.2 2 3.2 0 0 0 4.4 4.2 0.2 0 0 0 3.2 6.4 3.6 3.8000000000000003 0 0 0 0 0.2 0 0 0 0 0 0 0 0 3 0 0 0 0 0 0 0.2 0.2 0 0 0 0 0 0 0 0 0 0 0 0 0 0 0 0 0.2 0 0 0 0 0 0 3 0 0 0 0 0 0 0 0 0 0.2 0 0 0 0 0 0 3.4000000000000004 4.4 0 0 0 0 1.8 2.4000000000000004 2.4000000000000004 0.4 1.8 0 6.800000000000001 0 0 0.2 2.2 0 2 0 0 0 0 0 0 0 0 0 0 0 0 0 0 0 0 0 0 0 0 0.2 0 0 0 0 0 0 0 0 0 0 0 0 0 0 0 7.800000000000001 0 0 0 0 0 0 0 0 0 0.4 0 0 0 0 0 0 0 0 0 0 0 2.2 0 0 0 0 0 0 0.2 0.4 0 0.6000000000000001 0 0 21.8 0 0 0 0 0 0 0 0 0 0 0 0 0 0 0 0 0 0 0 0 0 0 0 0.2 0.2 2 0 0 0 0 0 2.4000000000000004 0 0 0 0 0 0 
 46.800000000000004 45.400000000000006 9.8 52.800000000000004 48.2 70.60000000000001 20.8 16.400000000000002 18.400000000000002 97.60000000000001 117.2 40.800000000000004 34.6 65.2 0 59.800000000000004 25.400000000000002 7.2 34.800000000000004 94.4 1.2000000000000002 0.6000000000000001 0 0.4 0.6000000000000001 0.6000000000000001 15 0.6000000000000001 0 0.6000000000000001 0.6000000000000001 0.6000000000000001 0 1.4000000000000001 0 0 0.4 0.2 0.4 0.6000000000000001 0.2 0.4 0 0 0.6000000000000001 0 0 0.6000000000000001 1 0.6000000000000001 0 1 0 0.6000000000000001 0.6000000000000001 0 0.4 0 0 0.8 0.4 0.6000000000000001 0 0.6000000000000001 0 1 0 0 0.4 0 0.4 0 0 0.2 1.2000000000000002 0.8 0.4 0.6000000000000001 0.4 0.4 4.6000000000000005 2.8000000000000003 4.2 0 2.8000000000000003 3.2 4 5.2 3.4000000000000004 2.6 0.2 0 2.2 0 7.800000000000001 4.6000000000000005 0.4 0 0 5 0 1.8 0 0 1.8 0 0 0 0 0 0 0 0 0 0 0 0 0 0 0 0 0 0 0 0 0 0 0 0 0.4 0 0 0 0 0 0.2 0 0 0 0 0 0 0 0 0 0 0 0.4 0 0 0 0 0 0 0 0 0.2 0 0 0 0 3 2.8000000000000003 1.8 0 0 6 0 6 0 4.4 0.2 3.2 3 2.2 0 2 3.6 0 0 0 0 0 0 0 0 0 0 0 0.4 0 0 3.8000000000000003 0 0.4 0 0 0 3.8000000000000003 0 0 0 0 0.2 0 0 0 0 0 0 0 0 0 0 0 0 0 0 0 0 0 0 0 0 0 0 0 0 0 0 0 0 0 0 0 0 0 0 0 0 0 0 0 0 0 0.4 9.8 0 0 0 0 0.6000000000000001 0 0 0.2 0 0 0 0 0 0 0 0 0 0 0 0 0 0 1.2000000000000002 0 0 0 0 0 0 0 0 0 0 0 0 0 1.6 0 0 0 0 0 0 
 17.6 62.2 68 58.800000000000004 81.2 14.8 19.200000000000003 8.200000000000001 37.4 34.4 42.800000000000004 46.400000000000006 7 26.200000000000003 59.800000000000004 0 31.8 5.2 8.4 13.8 0.4 0 0.4 0.4 0.6000000000000001 2.4000000000000004 0 0 0 0 0.6000000000000001 3 4 0.6000000000000001 0.4 0 0 0.4 0 15.4 0.4 0.8 1 0.4 0.6000000000000001 0 0.4 0 0.8 0.6000000000000001 0.4 0.8 0.2 13 1.6 0.2 0.8 1 0.4 0.2 0.6000000000000001 0 0 0.6000000000000001 0 0.4 0 0.2 0 0 0 0 0 0 0 1.2000000000000002 0.4 0 0 1 0 12.8 2.4000000000000004 2.8000000000000003 12.600000000000001 2.6 0 0.2 1.2000000000000002 0 0.2 0.2 4.6000000000000005 5 0.2 11.8 0 3.8000000000000003 0 2 0 1.6 0 0 0 0 0 0 0 0 0.2 0 2.4000000000000004 0 0 0 0 0 3.2 0 0 0 0 0 0.2 0 0 0 0 0 0 0 0 3.2 0 0 0 0 0 0 0.4 0 0 0 0 0.4 0 0 0 0 0 0 0 0 0 0.4 0 0 0 0 2.2 3.2 0.4 1.8 13.600000000000001 2.6 0 0 6.6000000000000005 1 4.800000000000001 7.6000000000000005 1.6 1.8 0 3 1.2000000000000002 4.2 0 0 0 0 0 0 0 0 0 0 0 0 0 0.4 0 4 0 0 0 0 1.8 0 0 0 0 0 2.8000000000000003 0 0.2 0 0 0 0 0 0 0 0 0 0 0.4 0 0 0 0 0 0.2 0 0 0 0 0 0 0 0 0 0 0.4 0 0 0 0 0 0 0 0 0 0 0.8 17.400000000000002 0 17.6 0.2 0 1.2000000000000002 0 0 0 0 0 0 0 0.4 0 0.4 0 0 0 0 0 0 0 0 0 0.4 0 0 0 0 3.6 0 0 0 0 0 0 0 0 0 0 0 0 0 
 26.400000000000002 111.80000000000001 48.6 7.6000000000000005 51.400000000000006 74.60000000000001 3.6 15.200000000000001 18.400000000000002 36.4 36 52.2 47.400000000000006 41.6 25.400000000000002 31.8 0 26 9.4 10.200000000000001 0.6000000000000001 16.400000000000002 0 0.2 0.6000000000000001 1 0 0 0 0 0.6000000000000001 0.4 0 0.6000000000000001 0 0 0.2 12.4 0.4 0 0 0.4 0 0.6000000000000001 0.6000000000000001 0 1.2000000000000002 0 0.2 0.6000000000000001 0 0.2 1.2000000000000002 0 0.6000000000000001 0 0.4 1.2000000000000002 0.4 0 0 0 6.6000000000000005 0.4 0 0.6000000000000001 0 0 0 0 0 0 0 0 0 0.4 0.4 0 0 0.4 3.6 3.4000000000000004 8.6 2.4000000000000004 2.6 3.2 4.4 2.4000000000000004 8.200000000000001 7.800000000000001 7.2 2.8000000000000003 0 3.8000000000000003 0 2.2 6.800000000000001 2.4000000000000004 4 3.4000000000000004 0 4.2 0 0 0 0 0 0 0 0 0 0 2 0 0 0 0 0 0 0 0 0 0 0 0 1.6 0 0 0 0 0 0 0 2.2 0 0 0 0 0 0 0 0 0 0 0 0 0 0 0 0 0 0 0 0 0 0 0 0 0 0 1.2000000000000002 0 2.8000000000000003 2.4000000000000004 0 2 3.2 2 6.800000000000001 0 3.8000000000000003 5.6000000000000005 0 2 0 1 3.2 2.2 0.6000000000000001 0 0 0 0 0 0 0 0 0 0 0 0 0 5.2 0 0 0 0 0 3.4000000000000004 0 0.4 0 0 7 0 0 0 0 0.2 0 0 0 0 0 0 0 0 0 0 0 0 0 0.4 0 0 0 0 0 0 0 0 0 0 0 0 0 0 0 0 0 0 0 0 0 0 0 9.4 0 17.400000000000002 0.2 0.2 2.4000000000000004 0 0 0 0 0 0 0 0 0 0 0 0 0 0.6000000000000001 0 0 0 0 0 0 0 0 0 2 2 0 0 0 0 0 0 0 0 0 0 0 0 0 
 7.800000000000001 10 25.6 18.6 88 29.400000000000002 8.8 31.200000000000003 28 7.4 10 13.8 8.6 4 7.2 5.2 26 0 23.8 8.200000000000001 0.2 11.600000000000001 0 0 0.6000000000000001 0.6000000000000001 0 17.400000000000002 0.4 0 0.6000000000000001 0 0.2 9.4 0 0 0 0 0 26.6 14.200000000000001 0 1.2000000000000002 0.2 0.6000000000000001 0 0 0 0.4 0.6000000000000001 0 0 0 0 0.6000000000000001 0 0.4 0 0 0 0.6000000000000001 0 10.600000000000001 0.6000000000000001 0 8 0 0.6000000000000001 0 0 0 0 0 0 0 0.6000000000000001 0.6000000000000001 0 0 0.4 0 0 1.6 0 3.4000000000000004 3.2 0 0 2.2 0 5.6000000000000005 6.6000000000000005 0 0 0 2.4000000000000004 1.8 2.2 0 0 5.2 0 1.6 0 0 0 1.6 6 0 0 0 0 4 2 0 0 0 2.4000000000000004 3 0 0 0 0 0 0 0 0 0 1.4000000000000001 0.2 0 0 0 0 0 0.4 0 0 0 0 0 0 0 0 0 0 0 0 0 0 0 0 1 0 0 0 0.4 0 0 0 0 0.2 0.8 2.4000000000000004 3.4000000000000004 3 0.2 1.6 0 0 0.2 3.2 4 1.8 3.6 4.4 0 0 0 2.8000000000000003 0 0 0 0 0 0 0 0.4 0.4 0.2 0 0 0.6000000000000001 3.2 2.4000000000000004 0 0 0 0 0 0 0 0 0.2 0 0 0 0 0 0 0 0 0 0 0 0 0.4 0 0 0 0 0 0 0 0 0 0 0 0 0 0 0 0 0 0 0 0 0 0 0 0 0 0 0 0 0 17.400000000000002 0 0 0.8 0 1.8 0 0.4 0 0 0 0 0 0.4 0 0.4 0 0 0 0 0 0 0 0 0 0 0 0 0 0 0 0 0 0 0 0 0 0 0 0 0 0 0 0 
 44.2 74 7.6000000000000005 12.600000000000001 27.400000000000002 14.600000000000001 9 59.2 82.2 14.200000000000001 33.2 7.4 96.4 42.800000000000004 34.800000000000004 8.4 9.4 23.8 0 30 0.8 0 0 0 0.6000000000000001 0.6000000000000001 0 0 0 0 1 0 0 0.6000000000000001 0 0 0 0.4 0 0 0 0 0 0 0.6000000000000001 0 0 0 0.4 0.6000000000000001 0 0 0.6000000000000001 0 0.6000000000000001 0 0.4 0 0.6000000000000001 0 1 0.2 0 0.6000000000000001 0 0.4 0 0.4 0 0 0 0.6000000000000001 0 0 20.6 0.8 0.6000000000000001 0.4 0.4 0.6000000000000001 0.2 0 9 0 0.2 0 3.2 3.6 2 1.8 2 3.4000000000000004 4.800000000000001 2.8000000000000003 5.4 0 5.2 0 1.4000000000000001 2 0 0 0 0 0 0 0 0 0 0 3 0 0 0 0 0 0 0 0 0 0 0 0 0 0 0 0 0.2 0 0 0 0 0 0 0 0 0 0 0 0 3.2 0 0 0 0.2 0 0 0 0 0 3 0 0 0 3 0 0 0 0 0 3.6 4.6000000000000005 2.2 3.2 0 0 2.8000000000000003 1.8 5.2 0.2 0.4 0 1.8 3.4000000000000004 2.2 5.6000000000000005 0 1.2000000000000002 10.600000000000001 10.600000000000001 0 0 0 0 0 0 0 0 0 0 0 0 0 4.6000000000000005 0 0 0 0 0 0 0 0 0.4 0 0 0 0 0 0 0 0 0 0 0 0 0 0.2 0 0 0 0.4 0 0 0 0 0 0 0 2.4000000000000004 0 0 0 0 0 0 0 0 0.2 0 0 0 0 0 0 0 0 0 0.2 0.2 0.4 0 2.4000000000000004 0 0.4 0 0 0 0 0 0 0 0 0 0 0 0 0 0 0 0.2 0 0 0 0 0.8 0 0 0 0 0 0 0 0 0 0 0 0 0 0 0 
 25.8 13.200000000000001 6.800000000000001 12.600000000000001 16.2 12.4 62 44.6 31.8 22.8 102 7.800000000000001 111.2 20.200000000000003 94.4 13.8 10.200000000000001 8.200000000000001 30 0 0.2 0 0 0.4 0.6000000000000001 1.2000000000000002 0 0.6000000000000001 0.8 0.4 0.6000000000000001 0 0 0.6000000000000001 0 0 0.4 0.4 0 0 0.4 0.6000000000000001 0.4 0.4 0.6000000000000001 0 0 0 0.2 0.6000000000000001 0 0.8 1.2000000000000002 0 13 0.4 14.200000000000001 1.2000000000000002 0.6000000000000001 0 1 0 0.2 0.6000000000000001 0 0.4 0 1.2000000000000002 0.4 0 0 0 3.2 0 0 0.4 0.6000000000000001 0 0 1.6 12.200000000000001 0.2 5.4 0 0.2 0 6.800000000000001 4.4 3 2.2 5.2 0 3.2 4.6000000000000005 10 4.2 0.2 2.4000000000000004 0 0 0 0 0 0 0 0 0 0 0 0 0 0 0 0 0 0 0 0 0 0 0 0 0 0 0 0 0 0 3 0 0 0 0 0 0 0 0 0 0 0 0 0 0 0 0 0 0 0 0 0 0 0 0 0 0 0 0 0 0 0 2.4000000000000004 0 4.6000000000000005 0.8 0 0.4 2.6 5 5 2 3.4000000000000004 0 4.4 3 2 3.6 3.2 0 1.2000000000000002 0.2 0 0 0 0 0 0 5.6000000000000005 0 0 0 0 0 0 0 0 0 0 0 0 0 0 0 0 0 0 0 0 0 0 0 0 0.2 0 0 0 0 0 0 0.2 0 0 0 0 0 0 0.4 0 0 0 0 0.2 0 0 0 0 0 0 0 0 0 0 0.4 0 0 0 0 0 0 0.2 0 0 2.4000000000000004 0 0 0 0 0 0 0 0 0 0 0 0 0 0 0 0 0 0 0 0 0 0 0 2.6 0 3.2 0 0 0 0 0 0 0 0 0 0 0 0 
 0.4 0.6000000000000001 0.4 15.4 0.8 15 0.8 0.6000000000000001 1 2 16 1.2000000000000002 0.4 0.6000000000000001 1.2000000000000002 0.4 0.6000000000000001 0.2 0.8 0.2 0 58.400000000000006 47.2 16.2 7.4 7 37.6 45.800000000000004 23.200000000000003 22 7.4 15.8 33.4 95 30 25.6 20.400000000000002 86.80000000000001 41.2 37 0 0 0 0 0 1.4000000000000001 1.2000000000000002 1.2000000000000002 12.8 41.400000000000006 40.800000000000004 0 0.4 0 0 0 0 0 0.6000000000000001 0 0 0 0 0.8 0.4 0.6000000000000001 0.4 0 0.4 0 0 0 1 0.6000000000000001 0 0 1.2000000000000002 0 0.6000000000000001 0 0 0 0 0 0 0 0 0 0 0 0 2 0 0 0 0 0 0 0 0 4.800000000000001 5.4 2.6 9.4 2.4000000000000004 0 2.2 7.4 7.800000000000001 2 12.200000000000001 1.4000000000000001 0.2 4.4 4.6000000000000005 2.6 3.2 3.6 1 2.4000000000000004 0 0 0 0 0 0 0 0 0 0 0 0 2.6 0 0 0 0 0 2.6 0 0 0.2 0 0 0 4.4 0 0 0 0 0 0 0 0 0 0 0 0 4.4 0 0 0 0 0.8 4 5.800000000000001 0 0 0 0 0.4 0 0 0 0 0 0 2 0 0 10.200000000000001 10.4 8.200000000000001 2.6 2.4000000000000004 6.800000000000001 2.8000000000000003 0 10 1 3 9.4 1.2000000000000002 2.6 5 3.6 2 2.6 3.8000000000000003 0 0 0 0 0 0 0.8 0 0 0 0 0 0 5.4 0 0 0 0 0 0 0 0 0 0 0 0 0 0 0 0 0.4 0 0 0 0 0 0 0 0.4 0 0 0 0 3 0 0 0.4 0 0 0 15 0 0 7.4 0 0.8 0 0.4 15.4 0.4 0 0.4 0.4 0 0 0 0 0 0.4 0 0 0 0 0 0 0 2.2 0 0 0 6.6000000000000005 0 0 0 0 0 1 0 0 0 0 
 0 0 0 0.4 0 0 0 0.2 0 0 0 0.6000000000000001 0 0 0.6000000000000001 0 16.400000000000002 11.600000000000001 0 0 58.400000000000006 0 38.800000000000004 22.400000000000002 39.6 24.6 50.800000000000004 60 24 98 36.2 23.400000000000002 12.200000000000001 25.200000000000003 28.200000000000003 41.6 7 23.400000000000002 10.8 12.600000000000001 0.4 1 0 1.8 0 2.4000000000000004 0.6000000000000001 1.4000000000000001 0 0.6000000000000001 0 0 0 0 0 0.4 0 0 1 12.4 0.2 0.4 0 0.2 0.6000000000000001 11.200000000000001 0.4 0.6000000000000001 0.4 0 0.2 0.2 0.6000000000000001 0.6000000000000001 0 2.4000000000000004 0.4 1.6 0.6000000000000001 2.8000000000000003 0 0 0 0 0 0 0 0 0 0.4 0 0 0 0 0 0 0 0 0 0 0 0 0.6000000000000001 2.8000000000000003 0 4 0 1.6 1.6 3.2 1.2000000000000002 2 0.2 0.4 1.8 0 0 2.8000000000000003 0 0.2 4.800000000000001 0.2 0 0 0 0 4.2 0 0.2 0 0 0 4.2 0.4 2.2 0 0 0 7 1.6 0 0 0 0 0 0 0 0 0 0 0 0 0 0 4 0 0 0 0 0 0 0 0 0.6000000000000001 0.2 0 0 0 0 0.4 0 0 0 0 0 0.4 0 0 0.2 0.4 2.8000000000000003 0 0.2 7 11 2.2 0.2 0 6 3.6 3.4000000000000004 7.6000000000000005 0 0.2 0.2 0 2.8000000000000003 0 0.4 2 0 0 0 0 0 0 0 0.2 0 0 0 0 3.2 0.2 0 0 0 0 1.4000000000000001 0 0 0 0.2 0.2 0 0 0 0 0 0 0 0 0 0 0 0 0 0 0 0 0 0 1.4000000000000001 0 0 0 0 0 0 0 0 0 0 0 0.4 0 0 6 0 0 2.6 2.2 0 0 0 0 0 0 0 0 0 0 0 0 0 0 0 0 0 0 0 2.2 0 0 0 0 0.8 0 0 0 
 0 0 0.2 0 0.2 14.600000000000001 0 0 0 0 0 0 0 0 0 0.4 0 0 0 0 47.2 38.800000000000004 0 19.8 22 18.6 27.200000000000003 17.400000000000002 18 24.200000000000003 34.2 26.200000000000003 13 41.400000000000006 22.400000000000002 11.8 38.400000000000006 25 7.4 11.4 0.2 0 0 12.4 0 0.2 0 0.2 0.2 0.6000000000000001 0 1 0 0 0 0 0 0 0.6000000000000001 12.8 0.2 0.2 0.2 0.2 0.4 0.6000000000000001 0.4 0 0.4 0 0 0 0.8 0.6000000000000001 0 0.4 2.2 0 0.6000000000000001 0.2 0 0.2 0 0 0.2 0 0 0.2 0 0 0 0 0 0 0 0 0 0 0 0 3.6 5.2 6 2.2 1.8 3.6 4.800000000000001 1.4000000000000001 10.8 2 4.6000000000000005 0 0 3.8000000000000003 2 0 0.8 3 8.200000000000001 0 5.2 0.2 0 0 0 0 3 0 0 0 0 0 0 0 1.4000000000000001 0 0 0 0 0 0 0.8 0.2 0 0 0 0 0 0 0 0 0 0 0 0 0 0 0 0 0 0 0 0.4 1.4000000000000001 0 0 0 0 0 0 0 0 0 0.2 0.2 0 0 3 0 0 6.4 5 2.4000000000000004 8.200000000000001 8.4 0.2 0 4.2 2.2 0 21 11.200000000000001 0 2.8000000000000003 0.8 1.6 1.8 0.2 0 3 0 0 0 0 0 0 0 2.8000000000000003 0 0 0 0 6 0 0 0 0 0 0 0 0 2.8000000000000003 0 0 0 0 0 0 0 0 0 0 0 0.4 0 0 0 0 0 0 0 0 0 0 0 0 0 0 0 0 0 0 0 0 0.4 0 0 15.4 16 0.4 3.4000000000000004 2.6 0 0 0 0 0 0 0 0 0 0.2 0 0 0 0 0 0 0 2.2 0 0 0 0 0 2 0 0 0 0 
 0.4 0 0 0 0 0 0 0 0.4 0 0 0 0 0 0.4 0.4 0.2 0 0 0.4 16.2 22.400000000000002 19.8 0 19.6 66 61.400000000000006 59 73.4 34.4 25.200000000000003 40.400000000000006 53 15 9.600000000000001 11.200000000000001 25.6 69.8 17.6 11 0 0.8 0 0 0 0 16.2 0 0.2 0.6000000000000001 0 0 13.8 12.4 0.4 0.2 0.2 0.6000000000000001 10.4 0 0 0 0 9.8 0.6000000000000001 0.6000000000000001 0.4 0.2 0.4 0 0 0.2 0.8 0.6000000000000001 0.4 1.4000000000000001 0 1 0.6000000000000001 1.6 0 0 0 0 0 0 0 0 0 0 0 0 0 0 0 0 0 0 0 0 0 0 0 3.6 3.6 2.4000000000000004 0 0 0 3.8000000000000003 0 5.2 0 0 0 4.2 0 1.2000000000000002 0 0 0 6 1.2000000000000002 0.2 0 0 9 4 6.2 0 0 0 4.800000000000001 3.6 2 3 0 0.2 1.4000000000000001 7.6000000000000005 0 0 1.8 0 2.8000000000000003 0 0 0 0 0.4 0 0 0 0 0 0 0 0 0.2 0 0 0 0 0 0 0 0 0 0 0 0 0 0 0.2 0 0 0 0 0 0 0 0 0 0.2 2.2 2.4000000000000004 0 0 0 0 1.2000000000000002 0.2 0 0.4 0 0 0.2 3.8000000000000003 0 1.8 1.6 0 3.6 0 0 0.2 2.8000000000000003 2 0 0 1 0 6.4 4.6000000000000005 0.4 0 0 0.2 5.6000000000000005 7.2 1.6 4.6000000000000005 0 0 0 0 0 0 0 0 0 0 0 0 0 0 0 0 0 0 0 0 0 0 0 0 0 0 0 0 0 0 0 0 0 0 0.4 9.200000000000001 15.600000000000001 0 2.6 0.2 0 0 0 0 0 0 0 0 0 0 0 0 0 0 0 0 0 0 0 2 0 0 0 0 1.6 0 0 0 
 0.6000000000000001 0.6000000000000001 0.6000000000000001 0.6000000000000001 0.8 0.6000000000000001 0.6000000000000001 0.6000000000000001 0.6000000000000001 1 0.6000000000000001 0.6000000000000001 0.6000000000000001 0.8 0.6000000000000001 0.6000000000000001 0.6000000000000001 0.6000000000000001 0.6000000000000001 0.6000000000000001 7.4 39.6 22 19.6 0 16.8 13.200000000000001 14 35.800000000000004 19 62.400000000000006 51.400000000000006 16.2 13.4 16.6 17.400000000000002 13.200000000000001 8.6 15.600000000000001 14.600000000000001 0 12.4 0 0 0 0 25.200000000000003 0 5.6000000000000005 0.6000000000000001 0 0 0 12.4 12.600000000000001 12.600000000000001 0 0 0.8 13 0 0 0 0 0.6000000000000001 0.6000000000000001 0.4 0 0.4 0 0 0.4 0.6000000000000001 0.6000000000000001 0 0 0.2 0.2 0.6000000000000001 0 0 0 0 0 0 0 0 0 0 0 0 0 0 0 0 0 0 0 0 0 0 0 0 3 2.6 4.4 0 1.8 0.2 0 5.4 0 0 0 0 0 0 0 0 0 4 6.4 0 2.6 0 0 0.8 4 3.8000000000000003 0.4 2.6 0 2.8000000000000003 6.4 5 3.2 2 2.6 2.2 4.2 0 0 0.2 0 0 0 0 0 0 0 0 0 0 0 0 0 0 0 0 0 0 0 0 0 0 0 0 0 1.2000000000000002 0 1 0 0 0 1 0 0 0 0 0 0 3.2 3.8000000000000003 4.4 3.8000000000000003 2.2 0 0 5.6000000000000005 0.8 0 6.4 2.8000000000000003 0 0 0 4 0 0 0 2.4000000000000004 2.4000000000000004 0 0 0 0 5.4 0 1.4000000000000001 8 0 0 0 9.200000000000001 1.8 1.8 2.6 2.8000000000000003 0 4.4 0 0 0 0 0 0 0 0 0 0 0 0 0 0 0.4 0 0 0 0 0 0 0 1.6 0 0 0 0 0 0 0 0 0 0 0 1.6 0.4 0 15.200000000000001 1.4000000000000001 0 0.4 0.4 0 0 0 0 0 0 0 0 0 0 0 0 0 0 0 0 0 0 0 0 0 0 0 0 0 0 0 0 
 0.6000000000000001 0.6000000000000001 0.6000000000000001 1 0.6000000000000001 0.6000000000000001 0.6000000000000001 0.8 0.6000000000000001 0.6000000000000001 0.8 0.6000000000000001 0.6000000000000001 0.6000000000000001 0.6000000000000001 2.4000000000000004 1 0.6000000000000001 0.6000000000000001 1.2000000000000002 7 24.6 18.6 66 16.8 0 7.800000000000001 7.2 9.600000000000001 38.6 45.400000000000006 94.2 20.200000000000003 8.200000000000001 62.2 64.60000000000001 26.400000000000002 13.4 62.400000000000006 53.400000000000006 42.6 0 0 0 0 42.400000000000006 20 0 0.4 0.8 0 0 12.8 0.2 0 0.2 0 0 25.8 12.8 0 0 0 0 0.6000000000000001 0.6000000000000001 0.4 0 0.4 0 0 0.6000000000000001 0.4 0.6000000000000001 0 1.2000000000000002 0 0.8 0.6000000000000001 1.2000000000000002 0 0 0 0 0 0 0 0 0 0.4 0 0 0 0 0 0 0 0 0 0 0 0 3.6 8.200000000000001 2.2 2.2 0 1.4000000000000001 0 2.4000000000000004 2 1.4000000000000001 0 0 0 0 0 2.2 0 0 0.8 3 2.6 0 0 0 16.400000000000002 1.4000000000000001 2.6 0 0 0 4.4 2.4000000000000004 8 2.8000000000000003 0 0 0 9.600000000000001 0 4.2 0.4 0 0.6000000000000001 0 0 0 0 0 0 0 0 0 0.4 0 0 0 2.2 0 0 0 0 0 0 0 0 0 0 0.4 0 0 0 1.6 0 0.4 0 0 0.2 0.4 0 0 0 0 4.4 5.2 0.2 0 0 2.8000000000000003 0 2.4000000000000004 0 0 0 0 0 1.4000000000000001 0 0 2.4000000000000004 0.8 4 0 0 0 10.600000000000001 0 0 4.4 0 0 3.8000000000000003 2.6 0.2 0 0.2 0 5.2 3.2 0 0 0 0.2 0 0 0 0 0 0 0 2.8000000000000003 0 0 0 0 0 0 0 0 0 0 0 0 0 14.600000000000001 0 0 0 0 0 0 0 0 2.2 0 0.2 32.4 4.6000000000000005 0.2 0 0.4 0 0 0 0 0 0 0 0 0 0 0 0 0 0 0 0 0 0 0 0 0 0 0 0 1.2000000000000002 0 0 0 
 0.2 0 0.4 0 0 0 0 0 0 0.4 14.8 0 0 0 15 0 0 0 0 0 37.6 50.800000000000004 27.200000000000003 61.400000000000006 13.200000000000001 7.800000000000001 0 77 37.6 28.8 7 22.6 74.2 46.2 25.6 50.800000000000004 4.2 24 28.8 11.600000000000001 0.2 0 0 0 0 0.2 0 0 0 0.6000000000000001 0 0 0 0 0 0 0 0 0.6000000000000001 0 0 0 0 0 0.6000000000000001 0.6000000000000001 0.4 0 0.4 0 0 0.2 0.6000000000000001 0.6000000000000001 0 0 3.4000000000000004 0 0.6000000000000001 0 0 0 0 1.4000000000000001 0 2.2 0 0 0 0 0 0.2 0 0 0 0 0 0 0 0 0.2 0 2 7.2 0 6.6000000000000005 0 8.200000000000001 6.4 2 2.8000000000000003 0 0 4.800000000000001 2.6 3.8000000000000003 5.4 2.6 1 5.800000000000001 0 0 0 0 0 0 0 0 0 0 0 0 0 0 0 0 0 0 2.4000000000000004 0 0 0 0 0 0 0 0 0 0 0.2 0 0 0 0 0 0 0 0.4 0 0 0 0 0 1.4000000000000001 4 1.6 0 0 0 0 0 2 0 0 0 0 0.4 0.2 0 0 8.6 8.200000000000001 6.2 8.4 1.8 0 2.6 2.8000000000000003 6.800000000000001 3.2 4.2 6.4 2.6 3 2 1.4000000000000001 4 2 0 5.2 0 0 0 0 0 0 0 0 0 0 0 0 1.8 0 0.2 0 0 0 0.4 0 0 0 0 0 0 0 0 0 0 0 0 0 0.2 0 0 0 0 0 0 0.4 0 0 0 0 0 0 0 0 0 14.8 0 0 6.800000000000001 0 2.2 0.4 0 15.4 0 0.2 3.2 0 0 0 0 0 0 0 0 0.2 0 0 0 0 0 0 0 0 0 0 0 0 0 0 0 0 0 0 0 0 
 0 0 0 0 0 30.400000000000002 0 0.4 0 15.4 0 0 0 0 0.6000000000000001 0 0 17.400000000000002 0 0.6000000000000001 45.800000000000004 60 17.400000000000002 59 14 7.2 77 0 32.4 48.800000000000004 11.4 8.4 25.6 56.2 26.400000000000002 27.6 46.800000000000004 38.800000000000004 12.8 63.2 0 0 0 0 0 0.4 0 0.6000000000000001 0.4 0.6000000000000001 0 0.2 0 0 0 0 0.2 0 0.6000000000000001 0 0 0 0 0 0.4 0.6000000000000001 0.4 0.4 0.4 0 0 0 0.6000000000000001 0.6000000000000001 0 0 0.2 0 0.6000000000000001 0 1.6 2.4000000000000004 0 0 0 3.8000000000000003 0 0 0 0 3.8000000000000003 0 0 0 0 0 0 2.6 0 0 3.8000000000000003 6.800000000000001 8.8 3.2 3 0 2.8000000000000003 4.4 2 2.2 1.4000000000000001 3.4000000000000004 1.2000000000000002 4 0 2.2 6 2.6 0 0 0 0 0 0 0 0 0 0.2 0 0 0 0 0 0 0 0 0 0 6.2 0 0 0 0 2.8000000000000003 0 0 0 0 0 0 0 0 0 0 0 0 0 0 0 0 0 0 0.8 0 2.4000000000000004 0.2 0 0.2 0 0 0 0 0 0 0 3.2 0 0 0 0 8.6 5.2 4.2 1.6 5.4 1 3 3 6.800000000000001 0 1.6 0 3.6 0 2.6 0 2.4000000000000004 5.6000000000000005 2.2 0 1.4000000000000001 0 0 0 0 0 0 0 0 0 0 0 2 0 0 0 0 0 2.8000000000000003 0 0 0 0 0 0 0 0 0 0 0 0 0 0 0 0 0 2.8000000000000003 0 0 0 0 0 4.800000000000001 0 0 0 0 0 0 15.4 0 0 0 0 0.6000000000000001 0 0.8 0.2 0 0 0.6000000000000001 0 0 0 0 0 2.8000000000000003 0 0 0 0 0 0 0 0 0 0 0 0 1.4000000000000001 0 0 0 0 0 0 0 0 0 0 
 0 0 0 0 0 0 0 0.8 0 0 1.4000000000000001 0 0 0 0 0 0 0.4 0 0.8 23.200000000000003 24 18 73.4 35.800000000000004 9.600000000000001 37.6 32.4 0 56 39 14.4 31 38.800000000000004 62.400000000000006 47 35.6 35.6 16.2 26.6 0.4 1.4000000000000001 0 0 12.600000000000001 0 0 0 0.8 1.2000000000000002 0 0.6000000000000001 0.4 0 0 0.8 0 0.6000000000000001 11.8 0.4 1 0.4 0 0.2 12.8 0.6000000000000001 4 0.4 0.4 0 0.4 0 0.6000000000000001 0.6000000000000001 0 0 2.4000000000000004 0 0.6000000000000001 0 0 0 0 0 0 0 0 0 0 0 0 0 0 0 0 0 0 0 0 0 0 3.2 0 6 0 4.800000000000001 8.4 0 3.6 0.8 4.2 6.2 0 11.8 0.2 2.2 2.8000000000000003 1.6 0.6000000000000001 2.2 0 3.2 0 0 0 0 0 0 0 0 0 0 0 0 0 2.2 0 0 6.800000000000001 0 0.2 1.6 0 0 0 0 0 0 0.2 0 0 0 0 0 0 0 0 0 0.8 0 0 0 0 0.2 0 0 0 0 0.4 0 2.8000000000000003 0.6000000000000001 0 3.8000000000000003 0 0 0 0 0 0 6 7.6000000000000005 2.2 10.600000000000001 2.4000000000000004 2.6 0 3.2 2.4000000000000004 2 6 0 0.2 7.4 2.8000000000000003 0.2 5.6000000000000005 2.4000000000000004 0 1.8 0.8 0 0 0 0 0 0 0 0 0 0 0 0 0 0 0 0.2 0 4 2.2 0.2 0 0 0 0 0 0 9.200000000000001 0 1.2000000000000002 0 0 0 0 0 0 0 0 0 0 0 0 0 0 0 12.200000000000001 0.2 0 0 0 0 0.4 0 0 3 0.4 0 0.2 0 0 2.8000000000000003 0 0 0 0 0 0 0 0 0 0 0 0 0 0 0 0 0 0 0 0 0 0 0 0 0 0 0 0 0 
 5 0 0.6000000000000001 0 0 0 0 0 0 0.4 0 0 0 0 0.6000000000000001 0 0 0 0 0.4 22 98 24.200000000000003 34.4 19 38.6 28.8 48.800000000000004 56 0 55.400000000000006 68.8 52.800000000000004 16.400000000000002 37 28.200000000000003 98.4 66.2 53.2 74.2 0 0.2 0 0 0 0.2 0 0 0 0.6000000000000001 0 0.2 15.200000000000001 0 0.6000000000000001 14.200000000000001 0 0 24.200000000000003 12 0 0 0 0 0.6000000000000001 0.8 0.4 0.2 0.4 0 0 0.4 0.6000000000000001 0.6000000000000001 0 1.2000000000000002 0.2 1 0.6000000000000001 1.2000000000000002 0 0 0 0 0 0 0 0 0 0 0 0 0 0 0 0 0 0 0 0 0 7.4 0 2 0.6000000000000001 1.2000000000000002 3.8000000000000003 2.6 4.2 6.4 5.6000000000000005 9.600000000000001 0 2 0 0.2 0 1.8 0 0 0 0 0 0 0 0 3.8000000000000003 0 0 0.2 0 0 3.6 2 0 4.800000000000001 0 0 8 0 0 1 0 1.8 0 0 0 0 0 0 0 0 0 0 0 0 0 0 1.4000000000000001 0 0 0 0 2 0 0.8 0 0 0 0 0 0 0 0 0 0 0 0 0 0 2 4.2 2.6 3 1.2000000000000002 9.600000000000001 0 0 4 6.4 3.8000000000000003 2.6 0.2 4.2 0 0 29.8 6 0 0.4 1.8 0 0 0 0 0 0 2.6 0 0 0 0 6 0 0 0 0 0 2.2 3.2 0 0 0 0 0 0 0 0 0 0 0 0 0 0 0 0 0 0 0 0 0 0 0 0 0 0 0 0 0 0 0 0 0 0 1.2000000000000002 0 0.6000000000000001 0.2 0.2 0.8 3.4000000000000004 0 0 0 0 0 0 0 0 0 0 0 0 0 0 0 0 0 0 0 0 3.8000000000000003 0 0 0 0 0 0 0 0.2 
