 0 21.200000000000003 33 29.6 39 64.8 32.6 80.60000000000001 11 12.4 69.4 50.6 47.400000000000006 101.4 29.6 22.200000000000003 9 24.200000000000003 32.6 31.200000000000003 0.4 0.4 0 0.2 1 0 0.2 0.4 0.2 0.2 0 0.4 0.8 14.4 0 1 0 0.4 0.6000000000000001 0.2 0.6000000000000001 0.6000000000000001 0.6000000000000001 0 0.8 0.6000000000000001 0.6000000000000001 0.8 0 0 0.8 1 0.6000000000000001 0.6000000000000001 0 0 1 0.6000000000000001 7 0 0 0.4 0 1 0 0 0.4 0.2 0 0 0 0 2 0.8 0 0 0.6000000000000001 0 1.2000000000000002 0 3.6 5 5 0 0.2 0 4.800000000000001 1.8 3 0 0.6000000000000001 5 2 7.2 5.800000000000001 5 2.8000000000000003 0 0 0 0 0 0 0 0.4 0 0 2 0 0 0 0 0 0 0 0.4 0 0 0 2.6 0 0 0 0 0.4 0 0 0 0 0 0 0 0 0 0 0 0 0 0 0.8 0.6000000000000001 0 0 0 0 0 0 0 0 0 0 0 0 0 0 0 0 0 2.8000000000000003 0 0 0.2 2.2 2.2 0 5.4 1.6 0 0 0.4 4 0 3 2.2 0.2 3.4000000000000004 2 2.6 0 4.4 4.4 0 0 0 0 0 0 0 0 0 3.2 0 1.8 0 0 0 0 0 4.2 0 0 0 0 0 0 0 0 0 0 0 0 0 0.4 0 0 0 0 0 0.4 0 0 0 0 0 0 0 0 0.2 0 0 0 0 0 0 0 0 0 0 0 0 0 0 0 0 0 0.2 0 0 0 0 0 0 0 0 0 0 0 0 0 0 0 0 0 0 0 0 0 0 0 0 0 0 0 0 0 0 2.2 0 0 0 0 0 0 0 0 0 0 0 0 0 
 21.200000000000003 0 23.8 39.6 25.200000000000003 11.4 16.8 54.2 8.4 27.400000000000002 71.2 44.6 25.400000000000002 12 48.2 30.8 10.8 22.8 9.4 22.200000000000003 0 0.4 0 0 0 0.4 0 0.4 15.600000000000001 0 0 0 1 0 0 0.6000000000000001 0 0 2.4000000000000004 0 0.6000000000000001 0 0.2 0 0.4 0.6000000000000001 0.6000000000000001 0 0 0 0 0 0.6000000000000001 0 0 0 0.4 0.6000000000000001 0.4 0 1.4000000000000001 0 0 0.2 0 0 0.6000000000000001 0.6000000000000001 1.2000000000000002 0 0 0 1.4000000000000001 0 2.2 0.4 0.4 11.4 0 0 2.6 2 2.6 0.2 4.2 2.8000000000000003 0 0.6000000000000001 2 0.2 0 5.4 3.2 0 0 6.4 2 3.2 3.8000000000000003 2.2 0 0 0 0 0.2 0 3.8000000000000003 0 0 0 0 0 0 0 0 0.2 0 0 0 0 0.2 0 0 0 0.2 0 0 0 0 0 0 0 0 0 0 0 0 0 0 0 0 0.4 0 0 0 0 0 0 0 0 0 0 0 0 0 0 0 0 0 0 3.4000000000000004 1.2000000000000002 6 3.8000000000000003 0 5.4 0 0.4 6 4.4 0 4 0 0 7.800000000000001 3.4000000000000004 0 2 0 0 2.6 0 0 0 0 0 0 0 0 0 0 0 3.4000000000000004 0 0 2.8000000000000003 0 0 5.800000000000001 0 0 0 0 0 0 0 0 0 0 0 0 0 0.2 0 0 0 0 0 0 0 0 0 3.2 0 0 0 0 0.4 0 0 0 0 0 0 0 0 0 0 0 0 0 0 0 0 0 0 12.4 0 0.2 0.2 0.4 0.4 2.2 0 0 0 0 0 0 0 0 0 0 0 0 0 0 0 0 0 0 0 0 0 0 2.8000000000000003 1.6 0 0 0 0 0 0 0 0 0 0 0 0 0 
 33 23.8 0 41 30.200000000000003 65.60000000000001 15 44.400000000000006 53.800000000000004 16.400000000000002 25 22.200000000000003 71 30.200000000000003 54.800000000000004 49.2 16 46.2 6.6000000000000005 40.800000000000004 0 0.4 0.4 0.2 0 0 0 0 0.2 0 0 0 0 0 0 0.6000000000000001 0 0 0 0 0.6000000000000001 0 0 0 0.8 0.6000000000000001 0.6000000000000001 0 0 0 0 0.4 0.6000000000000001 0 0 0 0.4 0.6000000000000001 0.2 0 0 0 0 0.6000000000000001 0 0 0.4 0 0 0.4 0 0 1 5.2 0 0 0.6000000000000001 0 0 0 0 2.6 2.4000000000000004 4 3.6 0 3.6 2.4000000000000004 5.2 5 0 0 0.2 6 3.2 2.2 5.4 1.8 0 0 0 0 0 0 0 0 2.2 3.8000000000000003 0 0 0 0 3.8000000000000003 3.6 0 0 0 1 4.2 3.6 0 0 0 0 0 0 0 0 0 0 0 0 0 0 0 0 0 0 0 0 0 0 0 0 0 0 0 0 0 0 0 0 0 0 0 0 0 0 0 0 0 0.8 5.6000000000000005 4.4 0 7.800000000000001 0.2 0 2 7 3.4000000000000004 0 6 0 0.2 2.6 0.4 3.2 0 6.2 0 0 0 0 0 0 0 0 0 0 0 0 7.6000000000000005 0 0 0 0 0 8.8 0 0 0 0 0 0 0 0 0 0 0 0 0 0 0 0 0 0 0 0 0 0 0 0 0 0 0 0 0 0 0 0 3.4000000000000004 0 0 0 0 0 0 0.8 0 0 0 0 0 0 0 12.8 0.4 1 11 3.2 1.4000000000000001 0 0 0 0 0 0 0 0 0 0 0 0 0 0 0 0 0 0 0 0 0 0 0 2.4000000000000004 3.6 1.2000000000000002 0 0 0 0 0 0 0 0 0 0 0 0 
 29.6 39.6 41 0 37.2 24.200000000000003 33.800000000000004 19.200000000000003 14 12.8 28.400000000000002 29.400000000000002 15.600000000000001 15.4 14.4 36.4 11 6.6000000000000005 14 29.8 0.2 0.4 0 0 9.4 0 16.6 0 0.4 0 0 0.2 26.6 0 0 0.6000000000000001 0 0 15 0 0.6000000000000001 0 0 0 0.8 0.6000000000000001 0.6000000000000001 0 0 0 1.2000000000000002 0 0.6000000000000001 0 0 0 0.4 13 0 0 0 0.2 0 1 0.2 0 0.4 0 0.6000000000000001 0 0 0.4 0.6000000000000001 0.4 0 0 0.6000000000000001 2.2 0 1 3.6 2 2.8000000000000003 5.4 6.2 0 3.6 0 5.6000000000000005 0 3.8000000000000003 7.2 2.4000000000000004 3.6 0 2.6 0 1 0 0 0 0.2 0 0 0.2 0 2.4000000000000004 2.8000000000000003 0.2 0 0 0 0 0 6.4 0 0 0 5 5.800000000000001 0 0 0 0 0 0 0 0 0 0 0 0 0 0 0 0 0 0 0 0 0 0.4 0 0 0 0 0 0 0 0 0 0 0 0 2 0 0 0 0 0 0 0 4.6000000000000005 0.6000000000000001 0 0 2.4000000000000004 0 0 0 2.8000000000000003 2.4000000000000004 0.2 0 0 5.2 0 2.4000000000000004 0 2.4000000000000004 0 0 0 0 0 0 0.4 1.6 3.6 0 1.2000000000000002 0 3.4000000000000004 5.6000000000000005 4.2 2.2 0 0 7.2 1.4000000000000001 0 0 0 0 0 0 0 0 1.8 0 0 0 0.2 0 0 0 0 0 0.2 0 0.2 0 2 0 0 0 0 0.4 0 0 0 0 0 0 0 0 0 0 0 0 0 0 0 0 0 0 0 0 0.2 0.4 0 0.4 0 0 0 0 0.2 0 0 0 0 0 0 0 0 0 0.2 0 0 0 0 0 0 0 0 2 3 0 0 0 0 0 0 0 0 0 0 0 0 0 
 39 25.200000000000003 30.200000000000003 37.2 0 90.60000000000001 11 20.400000000000002 37.4 53.400000000000006 22.8 39 16.8 12.4 100 19.8 13.200000000000001 39.800000000000004 12 20.200000000000003 0 0.4 0 0.2 0 0 0.4 0 0.2 0 0 0 0.2 0 0 0.6000000000000001 0 0 14.600000000000001 0 0.6000000000000001 0 0 0 0.4 0.6000000000000001 0.6000000000000001 0 0.2 0 0.2 0.2 0.6000000000000001 0 0 0 0.4 0.6000000000000001 6.4 0 0.8 0 0 0 0 0 0.4 0.6000000000000001 1.6 0 0 0.2 0.6000000000000001 0 2.6 0 0.6000000000000001 0 0.2 0 0.2 4.6000000000000005 13.200000000000001 0 0 3 2.8000000000000003 0 3 3 6.800000000000001 6.6000000000000005 0 0 0 2.6 0.4 2.4000000000000004 0 1.4000000000000001 0 0 0 0 0.2 0 3.8000000000000003 4.6000000000000005 0 0 0 0 0 3.6 0 2 0 0 0 3.4000000000000004 0 0 0 0 0 0 0 0 0 0 0 0 0 0 0 0 0 0 0 0 0.4 0 0 0 0 0 0 0 0 0 0 0 0 0 0 2.6 0 0 2.8000000000000003 0 0 3.6 0 7.2 0.2 8.8 0 0 10.600000000000001 5.2 5 0 0 0 2.6 0.2 5.2 0 0 0 6.4 0 0 0 0 0 0 0 0 0 0 0 8.8 0 0 0 0 0 4.4 0.4 0.4 0 0 0 0 0 0 0 0 0 0 0 0 0 2.8000000000000003 0 0 0 0 0 0 0 0 0.4 0 0 0 0.4 0 0 0.4 0 0 0 0 0 0 0 0 0 0 2.6 0 0 0 0.4 0.6000000000000001 0 0.2 0.4 2.6 0.8 2 0.4 0 0 0 0 0 0 0 0 2.2 0 0 0 0 0 0 0 0 0 0 1.4000000000000001 0 3 2.6 0 0 0 0 0 0 0 0 0 0 0 0 0 
 64.8 11.4 65.60000000000001 24.200000000000003 90.60000000000001 0 19.6 51.400000000000006 29.6 54.400000000000006 17.2 27.6 8.8 10 15.8 11.600000000000001 12 11.600000000000001 7 10 15.600000000000001 15 0 0 0 0 15.200000000000001 15 0.4 0 0.2 0 0 0 4.4 22.8 15 0 29 20.8 0.6000000000000001 0 0.6000000000000001 0 0.4 0.6000000000000001 0.6000000000000001 0 1 0 0.4 8.8 0.6000000000000001 0 0 0 0.4 0.6000000000000001 0.4 0 0 0 0 0 0.2 0.6000000000000001 0.6000000000000001 0 0 0 0 0.6000000000000001 0.6000000000000001 0 0 0.6000000000000001 0.8 0.2 0.4 0.4 0 2.4000000000000004 5.800000000000001 0 0.4 3.6 0 0 0 0.2 5.6000000000000005 0 0 0 0 0 0 0 0 3 21.6 5.2 4.800000000000001 2 0 0 0 7.4 5.4 0.2 0 0 3.8000000000000003 3.4000000000000004 0 2.6 0 0 0.4 5.800000000000001 0 0 0 0 0 0 0 0 0 0.4 0 0 0 2 1.8 0.4 0 0 0.4 0 0 0 0 0 0 0 0 0.2 0 0 10 0 0 0 0 0.4 0 0 0 0 0 2.4000000000000004 0 0 2.8000000000000003 0 0 0 0 2.8000000000000003 6.800000000000001 0.2 0 0 0 1.4000000000000001 6.2 0.8 0 1.2000000000000002 1.8 4.4 6.2 0 0 0 6.800000000000001 2.8000000000000003 2 2.2 7.800000000000001 0 1.4000000000000001 0 2.2 4 2.4000000000000004 0 4.6000000000000005 1.4000000000000001 0 0 0 0 2.8000000000000003 0 0 0 0 0 0 0 0 0 0 0 0 0 0 3.2 0 0 0 0 0 0 0 0 0 0 0 0 0 0 0 0 0 0 0 0 0 0 0 0 0 1 2 0.2 2.6 0 4 19 0 0 0 0 0 0 0 0 0 0 0.4 0 0 0 0 0 0 0 0 0.2 0 0 0 0 0.6000000000000001 0 0 0 0 3 0 0 0 0 0 0 0 0 
 32.6 16.8 15 33.800000000000004 11 19.6 0 26 28.8 9.4 26 3.2 32.6 27.8 21.400000000000002 34.4 19.400000000000002 20.8 12.600000000000001 43.6 0.6000000000000001 0.4 0.6000000000000001 0.2 0 0 0 0 0.2 0 0.6000000000000001 0 0 0 0 0.6000000000000001 0.6000000000000001 0 1.2000000000000002 0 0.6000000000000001 0 0 0 0.4 0.8 1 0 0 0 0 0 0.6000000000000001 0.4 0 0 0.4 0.8 0.6000000000000001 0 0 0 0.6000000000000001 0 0 0 0.4 0 0 0 8.8 0 0.8 0 0 0 0.6000000000000001 0 0 0 4 4 0 3.8000000000000003 6.4 0 5.800000000000001 0.4 3.2 2 9.600000000000001 5.800000000000001 7.800000000000001 6.6000000000000005 0.4 2.8000000000000003 0 5 4 0 0 0 0 0 0 0 0 0 0 0 0 0 0 0 0 0 0 0 0 0 0 0 0 0 0 0 0 0 0 0 0 0 0 2.6 0 0 0 2 0 3 0 0 0 0 0 0 0 0 0 0 0 0 0 0 0 1.8 0 0 0.2 0 3 2 0 3 3.4000000000000004 0 3.6 8.8 0 0 0 0 0 0 0 2.2 0 4 0 2.4000000000000004 0 0 0 0 0 0 0 0 0 0 0 0 0 0 2.6 0 0 0 2.2 0 0 0 0 0 0 0 0 0 0 0 0 0 0 0 0 0 0 0 0 0 0 0 0 0 0 0 0 0 0 0 0 0 0 0 0 0 0 0 0 0 0 0 0 0 0 0 0.2 0.4 0 0 0.2 0.4 0 0 0 0 0 0 0 0 0 0 0 0 0 0 0 0 0 0 0 0 0 0 0 0 0 0 0 0 0 0 0 0 0 0 0 0 0 0 
 80.60000000000001 54.2 44.400000000000006 19.200000000000003 20.400000000000002 51.400000000000006 26 0 81.80000000000001 37.2 7.6000000000000005 6.2 48.6 62.6 32.2 25.400000000000002 16.400000000000002 41.800000000000004 10.4 31.6 0 0.4 0 0.2 0 0 0 0 0.2 1.4000000000000001 0 0 0 14.600000000000001 0 0.6000000000000001 0 0 0 0 0.6000000000000001 0 0 12.8 0.8 0.6000000000000001 0.6000000000000001 0 0 0 0 0 0.6000000000000001 0 0 0 0.4 0.6000000000000001 6 0 0 3 0 0.6000000000000001 0 0 0.4 0 0 0 0 0 0.6000000000000001 0.2 0 0 0.6000000000000001 0 0.2 0 0 2.2 1.6 1.4000000000000001 0 0 3.4000000000000004 0.2 6.4 3.8000000000000003 0.8 2.8000000000000003 4.6000000000000005 3 2.2 8.8 6.6000000000000005 4.4 1 5.800000000000001 0 0 3.2 0.2 0 0.4 0 0 0 0 0 2.2 0 0 0 0 0 3 0 0 0 0 0 0 0 0 0 0 0 0 0 0 0 0 0 0 1.6 0 0 0 1 0 0 0 0 0 0 0 0 0 0 0 0 0 0.2 0 0 0 0.8 0 0.2 0.4 6.6000000000000005 2 0.2 2.6 2 0 4 2 3.6 0 0.2 0 4.4 7 3.8000000000000003 2.2 0 4.6000000000000005 2.8000000000000003 0 0 0 0 0 0 0 0 0 0 0 0 0.2 0 0 0 0 0.2 0.2 0 0 0 0 0 0 0 0 0 0 0 0 0 0 0 0 0 0 0 0 0 0 0 0 0 0 0 0 0 0 0 0 0 0 0 0 0 0 0 0 0 0 0 0 0 0 0.2 0 0 0.4 0 0.2 0.4 0 0 0 0 0 0 0 0 0 0 0 0 0 0 0 0 0 0 0 0 0 0 0 0 0 0 0 0 0 0 0 0 0 0 0 0 0 
 11 8.4 53.800000000000004 14 37.4 29.6 28.8 81.80000000000001 0 74.4 34.4 23 20.200000000000003 36.2 26.400000000000002 72 12.200000000000001 41.400000000000006 56.400000000000006 13.200000000000001 0 0.4 0 0.2 0 0.4 0 0.2 0.6000000000000001 0 0 0 0.2 0.2 0 0.6000000000000001 0 0 20.400000000000002 0 0.6000000000000001 0 0 0 0.8 0.6000000000000001 0.4 0 0.4 0 0.2 0 0.6000000000000001 0 0 0 0.6000000000000001 0.6000000000000001 0.4 0 0.2 0 0 1.4000000000000001 0 0 0.4 0.4 2.8000000000000003 0 0 0 0.6000000000000001 0 0 0 0.6000000000000001 0 0.2 0 2.8000000000000003 2 2.6 5.2 0 0 11.200000000000001 4.2 10 2.2 4 4.2 2.6 2.6 4.6000000000000005 1.2000000000000002 0 5.2 0 0 0 0 0 0 0.2 0 0 9.200000000000001 0 0 0 0 4.2 11.600000000000001 0 2 0 0 0 0.8 0 0 0 0 0 0 4.2 0 0 1.4000000000000001 0 0 0 0 0 0 0 0 0 0 0 0 0 0 0 0 0 0 0 0 0.4 0 0 0 0 0 0 0 2.8000000000000003 0 0 0 0 4.2 0 15.4 5.4 5 2.2 4.800000000000001 0 0 0 0 0 0.2 2.4000000000000004 0 0 0 3 0 0 0 0 0.4 0 0 0 0 0 0 6.2 0 0 0 0 0 2.2 0 0 0 0 3.8000000000000003 0 0 0 0 0 0 0 7 0 0 0 0 0 0 0 0 0 0 0 0 0 2 0 0 0 0 0 0 0 0 0 0 0 5.2 0 0 0 2.6 0 0 0 0 17.6 0 0.2 19.6 0 0 0 0 0 0 0 0 0 0 0.4 0.4 2.2 0 0 0 0 0 0 0 0 0 0 0 0 0.6000000000000001 0 2.4000000000000004 0 0 0 0 0 0 0 0 0 0 0 0 
 12.4 27.400000000000002 16.400000000000002 12.8 53.400000000000006 54.400000000000006 9.4 37.2 74.4 0 19.8 59.400000000000006 26.8 15 24.200000000000003 36.800000000000004 38.6 23.6 55.800000000000004 16.8 0.8 0.8 0.4 0.2 0.4 0.4 15 0.4 0.2 0 0 0 15 5 0.4 1.2000000000000002 1 0.4 1 1 1.8 0 0.4 1.2000000000000002 1.4000000000000001 1.2000000000000002 1 0 1.4000000000000001 0 5.2 13.600000000000001 0.6000000000000001 1 0 0.6000000000000001 0.6000000000000001 0.6000000000000001 0.8 0 0 0.6000000000000001 0.6000000000000001 0.8 0.4 1 0.4 0 1 0.6000000000000001 0 0.6000000000000001 0.8 0 1.6 0.6000000000000001 1 0.2 0 0 4.4 6 3.2 2.4000000000000004 17.400000000000002 0 0 0.2 3.2 3.2 14.200000000000001 2.8000000000000003 4 0.4 0 5.2 2.4000000000000004 2.4000000000000004 0 2 0 0 0 3.2 0 0 3.8000000000000003 9.200000000000001 2.2 0 0 0 1 3.2 1.8 0.2 2 0 0 7 0 0 0 0.4 0 0 0 0 0 0.2 0 0 0 3.6 0 0.2 0 0 0.2 0 0 0 0 0 0 0 0 0 0 0 0 0 0 0 0 0 0 0 0.2 0 0 4.2 0 3.6 8.200000000000001 2 2.4000000000000004 5 0 1.8 7.4 3.6 0 0 0 2.2 5.4 0 0 0 16 0 0 0 0 0 0 0 0 0 0 0 1.6 0.8 0 3.4000000000000004 0 0 3 5 0 0 0 0 0 0 0 0 0 0 0 0 0 0 0 0 0 0 0 0 0 0 0.4 0 0 0 0 0 0 0 0 0 0 0 0 0 0 0 0 0 0 0 3.2 0 0 0.8 0 0 2.4000000000000004 0 1.8 3.2 0 0 0 0 0 0 0 0 0 0 0 0 0 0 0 0 0 0 0.4 0 0 0 0 0 5 0 0 0 0 0 0 0 0 0 0 0 0 0 
 69.4 71.2 25 28.400000000000002 22.8 17.2 26 7.6000000000000005 34.4 19.8 0 57.6 7.2 41.400000000000006 32 25.200000000000003 21.200000000000003 41.6 6 71.8 0 13.200000000000001 0 0.2 0 0 0 0 0.2 0 0.2 0 0.4 0 41.6 0.6000000000000001 0 0 0 0 0.6000000000000001 0 0 0 0.4 0.6000000000000001 0.4 0 0 0 0 0.4 0.6000000000000001 0 0 0 0.6000000000000001 0.6000000000000001 1 0 0.2 0 0 1 0 0 0.4 3.8000000000000003 0.6000000000000001 0 0 0 0.6000000000000001 0 7 0 1.2000000000000002 9 0.4 0 4.4 1.4000000000000001 0.2 2.4000000000000004 2.8000000000000003 0 4.4 1.4000000000000001 4.4 3 2 2.2 3 2 2.8000000000000003 4.800000000000001 0 8.200000000000001 0 0.2 0 0 0 0 0 0 0 0 0 0 0 0.2 2.6 2.6 0 0 0.2 0.4 0 0 0 0 0 0 0 0 0 0 0 0 0 0 0 0.2 0 0 0 0 0 0 0 0 0 0 0 0 0 0 0 0 0 0.2 0 0 0 0 0 0 0.2 0.2 6.4 0 2.4000000000000004 3 0.2 3.2 5.2 7.6000000000000005 2 7.800000000000001 0 7.6000000000000005 0 0 3.2 0.2 0 0.4 0 0 3 0 0 0.4 0 0 0 0 0 0 0 0.2 1.4000000000000001 0 0 0 0 0 2 0 0 2.4000000000000004 0 0 0 0 0.4 0 0 0 0 0 0 0 0 0 0 0 0 0.4 0 0 0 0 0.2 0.4 0 11.200000000000001 0 0 0 0 0 0 0 0 0 0 0 0.4 0 0.4 0 0 0 0.4 34.4 0.4 0.6000000000000001 4.2 0.4 2.2 0 0 0 0 0 0 0 0 0 0 0 0 0 0 0 0 0 0 0.2 0 0 0 0 3.8000000000000003 0 1.4000000000000001 0 0 0 0 0 0 0 0.4 0 0 0 0 
 50.6 44.6 22.200000000000003 29.400000000000002 39 27.6 3.2 6.2 23 59.400000000000006 57.6 0 7.6000000000000005 5.6000000000000005 9.4 21 17.8 27.400000000000002 9.200000000000001 7.2 1 1 0 0.2 0 0 14.8 0.8 0.2 0 0 0 14.4 15 0 1.6 0.4 1 1.6 0.6000000000000001 1.2000000000000002 0 0.6000000000000001 0.4 0.6000000000000001 0.6000000000000001 0.6000000000000001 0 1.4000000000000001 0 0.4 0 0.6000000000000001 0.4 0.6000000000000001 0.4 0.4 0.6000000000000001 0.4 0 0.4 0 0 0 0 0 0.4 0 0.4 0.6000000000000001 0 0 8 0 1.4000000000000001 10.4 0.8 0 0 0 0 0.4 4 3.2 7.800000000000001 0 3 0 3.6 7.6000000000000005 3.8000000000000003 8.4 0 0 0 0.2 0 6 0 2 2 2.8000000000000003 0 0 3.6 0 1.8 3.2 0 0 0 5 2.2 0 1.8 2 2.8000000000000003 0 3 5.6000000000000005 2.8000000000000003 0 0 0 0 0 0 0 0 0 0 0 0 0 0 0 0 0 0 0.4 0 0 0.4 0 0 0 0 0.4 0 3.2 0.2 0 0 0 2.4000000000000004 0 0 0 0 0 0 3.8000000000000003 0 2.2 5 2.6 0.2 0 0 3 6 3.4000000000000004 0 0 0 0 2.2 0 6 0.4 2.6 0 0.2 0 0 0 2.6 5.800000000000001 3.2 0 3.2 0 2.8000000000000003 6.4 4.6000000000000005 2.8000000000000003 0 0 4 4.6000000000000005 0 0 0.2 0 0 0 0 0 0 0.4 0 0 0 0 0 0 0 0 0 0 0 0 0 0 0 0 0 0 0 0 0 0 4.6000000000000005 0 0 0 0 0 0 0 0 0 0 0 0 1.6 0 0 17.6 0.4 4.6000000000000005 0.8 0 0 0 6 0 0 0 0 0 0 0 0 0 0 0 0 0 0 0 0 0 0 0 0.2 0 0 0 0 5 0 0 0 0 0 0 0 0 0 
 47.400000000000006 25.400000000000002 71 15.600000000000001 16.8 8.8 32.6 48.6 20.200000000000003 26.8 7.2 7.6000000000000005 0 25.6 25.200000000000003 6.800000000000001 37.800000000000004 50.2 38.400000000000006 50 0 0.4 0 9.4 0 0 0 0 0.2 0 0 0 0 0 0 0.6000000000000001 0 0 0 0 0.6000000000000001 0 0 0 0.8 0.6000000000000001 0.8 0 0.4 0 1 0 0.6000000000000001 0 0 0 0.4 0.6000000000000001 0 0.4 0 0 0 0 0 0 0.4 0 0.4 0 0 4.4 0.6000000000000001 0 0 0 0.6000000000000001 0 0 0 4.4 4.4 0 2.8000000000000003 0 0 1.8 8.4 0.2 0.2 3.2 0 8.6 3.8000000000000003 5.6000000000000005 5.6000000000000005 3 0.2 0.2 0 0 0 0 0 0 0 0 0 0 0 3.2 0 0 0 0 0 0 0 0 0 0 0 0 0 0 0 0 0 0 0 0 0 0 0 3 0 0 0 3.4000000000000004 3.6 1.4000000000000001 0 0 2.4000000000000004 0 0 0 0 0 0 0 0 0 1.8 0 0 0 0 0 0 1 0 0 1.8 2.2 0 2.8000000000000003 4 1.6 0 0 0 0 3 5.6000000000000005 2.8000000000000003 9 2.2 0 2.6 0 0 0 0 0 0 0 0 0 0 0 0 0 0 0 0 2.8000000000000003 1.2000000000000002 3.6 0 0 0 0 0 0 0 0 0 0 0 0 3 0 0 0 0 0 0 0 0 0 0 0 0 0 0 0 0 0 0 0 0 0 0 0 0 0 0 1.4000000000000001 0 0 0 0 0 0 0.6000000000000001 0 0.4 0.4 0.2 0 1.6 0 0 0 0 0 0 0.4 0 0 0 0 0 0 0 0 0 0 0 0 0 0 0 0 0 0 0 0 0 0 0 0 0 0 0 0 0 0 0 
 101.4 12 30.200000000000003 15.4 12.4 10 27.8 62.6 36.2 15 41.400000000000006 5.6000000000000005 25.6 0 91.80000000000001 24.6 19.200000000000003 46 51.6 46.400000000000006 0 0.4 0 0.2 0 0 0 0 0.2 0 0 0 0 0 0 0.6000000000000001 0.4 0 0.4 0 0.6000000000000001 0 0 0 0.8 1 0.6000000000000001 1 0 0 0 0 0.6000000000000001 0 0 0 0.4 0.6000000000000001 7 0 0 0 0 0.4 0 0 0.4 8.8 0 0 0 0 0.6000000000000001 0 0 0 0.6000000000000001 0 0 0 4.4 1.4000000000000001 2.2 4.800000000000001 0 0.4 5 6.800000000000001 4 0 0 5.2 6.6000000000000005 2.6 6.6000000000000005 2.6 0 2.2 0 0 0 0 0 0 0 0 0 0 0 0 0 0 0 0 0 0 3.8000000000000003 0 0 0 0 0 0 0 0 0 0 0 0 0 0 0 0 0 0 0 0 0 0 0 0.6000000000000001 0 2 0 0 0 0 0 0 0 0 0 0 0 0 0 0 0 1.6 0 0 0 0 5.800000000000001 0.2 3.2 5.2 4 0 0 2 0 0 3.6 2.4000000000000004 2.2 3 0 0 0 7.2 0 0 0 0 0 0 0 0 0 0 0 0.2 0 0 0 0 0 0.2 0 0 0 0 0 0 0 0 0 0 0 0 0 0 0 0 0 0 0 0 0 0 0 0 0 0 0 0 0 0 0 0 0 0 0 0 0 0 0 0 0 0 0 0 0 0 0 0 0 0.2 12 0 0 0 0 0 0 0 0 0 0 0 0 0 0 0 0 0 0 0 0 0 0.4 0 0 0 0 0 0 0 0 0 0 0 0 0 0 0 2.8000000000000003 0 2 
 29.6 48.2 54.800000000000004 14.4 100 15.8 21.400000000000002 32.2 26.400000000000002 24.200000000000003 32 9.4 25.200000000000003 91.80000000000001 0 70 29.6 26.400000000000002 12.600000000000001 20.6 0 0.4 0 0 0 0 0 0 0.6000000000000001 0 0 0 32.800000000000004 0 41.2 0.6000000000000001 0 0 14.4 0 0.6000000000000001 0 0 0 0.8 0.6000000000000001 0.6000000000000001 0 0 0 0 0 0.6000000000000001 0 0 0 0.4 0.6000000000000001 12.600000000000001 0 1 0 0 0 0 4.4 0.6000000000000001 2 3.8000000000000003 0 0 0 0.6000000000000001 0 0 0 0.6000000000000001 0 0 0 5.800000000000001 1.8 8.4 11 0 3.8000000000000003 4 5.4 8.6 0.2 3.2 19.6 2.8000000000000003 2.6 0 3.8000000000000003 3.6 1 0 1.4000000000000001 0 0 0 0 0 0 2.2 0 0 0 0 0 0 2.6 0 0 0 0 0 0.4 0 0 0 2 0 0 0 0 0 0 0 0 1.2000000000000002 0 0 0 0 0 0 0 1 0 0 0 1.8 0 0.4 0 0 0 0 0 0 0 0.2 0 0 0 1.2000000000000002 0 0 4 0 5.2 9 3.8000000000000003 6.4 4.800000000000001 3.2 1.6 1.6 0.2 0 0 2.2 0 2 1.6 0 0 5.4 0 0 0 0 0 0 0 0 0.4 0 0 6.2 0.2 0 0 0 0 2.8000000000000003 0.4 0 0 0 0 0.4 0 0 0 0 0 0 0 0 0 0 0 0 0 0 0 0 0 0 0 0.2 2.8000000000000003 0 0 0 0 0 0 0 0 0 3 0 0 0 0 0 4.4 0 0 0 0 0.2 0 1 0.6000000000000001 0.2 0.4 1.2000000000000002 0 0 0 0 0 0 0 0 0 1.4000000000000001 0 0 0 0 0 0 0 0 0 0 0 0 3.4000000000000004 1.6 0 0 0 0 0 0 0 0 0 0 0 0 0 
 22.200000000000003 30.8 49.2 36.4 19.8 11.600000000000001 34.4 25.400000000000002 72 36.800000000000004 25.200000000000003 21 6.800000000000001 24.6 70 0 51.400000000000006 4.4 10 32.800000000000004 0 0.4 0 0.2 0 0 0 0 0.4 0 0 0 15 1.6 0.2 0.6000000000000001 0 0 0 0 0.6000000000000001 0 0 0 0.4 0.6000000000000001 0.6000000000000001 0 0 0.4 0 0 0.6000000000000001 0 0 0.4 0.4 0.6000000000000001 0.4 0 0.8 0 1.8 0 0 0.2 0.4 1.2000000000000002 1.6 0 0 0 0.6000000000000001 0 2.2 0 0.6000000000000001 0 0.6000000000000001 7.6000000000000005 3.2 14.600000000000001 4.4 1.6 0 3 6.6000000000000005 6 3.6 2.6 1.8 6.800000000000001 0 5 0 0.8 12.4 6.6000000000000005 6.6000000000000005 0 0 0 0 0 0 0 4 4.6000000000000005 0 0 0 0 0 0 0 0 0 0 1.6 0 0 0 0 0 0 0 0 0 0 0 0 0 5.800000000000001 0 0 0 0 0 0 0 0.2 0 0 0 3.6 0 0.2 0 0 0 0 0 0 0 0.4 0 0 0.4 0 0.4 0.8 3.4000000000000004 1.8 9 0.2 2 5.6000000000000005 16.400000000000002 9 5.4 0 3 0.6000000000000001 0 3.2 0.6000000000000001 0.6000000000000001 0.2 0 5 2.2 0 0 0 0 0 0 5.4 0 0.2 0.4 0 4.800000000000001 0.4 0 0 0 0 6.800000000000001 2 0 0 0 0 0.2 0 0 0 0 0 0 0 3.8000000000000003 0 0 0 0 0 0 0 0 0 0 0 0.4 0 0 0 0 0 0 0 0 0 0 0.2 0 0 0 0 0 0 0 0 0 0 18 0 0 17.400000000000002 0 0.4 2 0 0 0.4 0 0 0 0 0 0 0 0 0 0 0 0 0 0 0 0 0 0 0 3 0.2 0 0 0 0 0 0 0 0 0 0 0 0 0.4 
 9 10.8 16 11 13.200000000000001 12 19.400000000000002 16.400000000000002 12.200000000000001 38.6 21.200000000000003 17.8 37.800000000000004 19.200000000000003 29.6 51.400000000000006 0 72.2 8 45.6 3.2 0.4 6.2 0.2 0 0 6.4 0.8 0.2 0 0.2 0 0.2 0 0 0.6000000000000001 0 10 0 6.2 0.6000000000000001 0 0 0 0.4 0.6000000000000001 0.6000000000000001 0 0 0 0 0 0.6000000000000001 0 0 0 0.4 0.6000000000000001 0 0 0.2 0 0 1 0 0 0.4 0.6000000000000001 0.2 0 0 0 0.6000000000000001 0 0 0 0.6000000000000001 0 0 0 2 4.6000000000000005 0 2 0 0 0 8 0 0 3.8000000000000003 0.2 5 2.2 0 1.8 4 2.8000000000000003 0.2 0 0 0 0 0 0 0 0 0 0 0 0 0 0 0 0 0 4.4 2.4000000000000004 0 0 0 0 0.4 0 0 0 0 0 0 0.4 0 0 0 0 0 0 0 0 0 0 0 0 0 0 0 0 0 0 0 0 0 0 0 0 0 0 0 0 0 0 0 0 1.4000000000000001 0 2.8000000000000003 0 4.800000000000001 3.6 1.6 2 0.4 0 0 0 0 2 0 0 0 2 0 0 0 0 0 0 0 0 0 0 0 0 0 0 0 0.2 0 0 0 0 0 0 0 0 0 0 0 0 0 0 0 0 0 0 0 0 0 0 0 0 0 0 0.2 0 0 0 0 0 0 0 0 0 0 0 0 0 0.2 0 0 0 0 0 0 0 0 0.2 0 0 0.4 1.4000000000000001 0 0.2 0.2 0 0 0 0 0 0 0 0 0 0 0 0 0 0 0 0 0 0 0 0 0 0 0.4 4 0 0 0 0 0 0 0 0 0 0 0 0 0 
 24.200000000000003 22.8 46.2 6.6000000000000005 39.800000000000004 11.600000000000001 20.8 41.800000000000004 41.400000000000006 23.6 41.6 27.400000000000002 50.2 46 26.400000000000002 4.4 72.2 0 5.2 9.4 0 0.4 0 0.4 0 0 0 0 0 0 0 24 0 0.4 0 0.6000000000000001 0 0 0 0 0.6000000000000001 0 0 0 0.6000000000000001 0.6000000000000001 0.4 0 0 0 0 0 0.6000000000000001 0 0 0 0.6000000000000001 0.6000000000000001 12.600000000000001 0 0 0 0 0 0 0 0.4 1 18.2 0 0 0 0.6000000000000001 0 0 0 0.6000000000000001 0 0.6000000000000001 0.4 3 4.2 10.200000000000001 0.4 5 7.6000000000000005 5 1.4000000000000001 0 7.2 0 2.8000000000000003 0 0 3.4000000000000004 4.4 0 11.4 0 0 0 0 0 0 0 0 0 3.2 0 0 0 0 0.8 0.8 0 0 0 0 0.2 3.2 0 3.8000000000000003 0 0 0 0 0 0 0 0 0 0 0 0 0 0 0 0 0 0 0 0 2.6 0 0 0 0 0 0 0 0 0 0 0 0 0 0 0 0.8 0 6 2 0 0 0 8.4 0 5.2 3.6 5 6.2 4.4 0 0 5.2 0 2 0 0 0 3.8000000000000003 0 0 0 0 0 0 0 0 0 0 0 2.8000000000000003 0 0 0 0 0 5 0 0 0 0 0 0 0 0 0 0 0 0 0 0 0 0 0 0 0 0 0 0 0 0 0 0 0 0 0 0 0 0 0 0 0 0 0 0 0 0.4 0 0 0 0 0 0 0.2 17.8 0 16.6 34.4 3 0.6000000000000001 1.4000000000000001 0 0 0 0 0 0 0 0 0 0 0 0 0 0 0 0 0 0 0 0 0 0 7.800000000000001 0.2 0 0 0 0 0 0 0 0 0 0 0 0 0 
 32.6 9.4 6.6000000000000005 14 12 7 12.600000000000001 10.4 56.400000000000006 55.800000000000004 6 9.200000000000001 38.400000000000006 51.6 12.600000000000001 10 8 5.2 0 71.8 0 0.4 0 13.200000000000001 0 0 0.4 0 0.2 0 0 0 0 0 0 0.6000000000000001 0.2 0 0 0 0.6000000000000001 0 0 0 0.6000000000000001 0.6000000000000001 0.6000000000000001 1.4000000000000001 0 0 0 0 0.6000000000000001 0 0 0 0.4 0.6000000000000001 0 0 0 0 0 0 0 0 0.4 0 0 0 0 0 0.6000000000000001 11.4 0 0 0.6000000000000001 0.2 0 0 7 0 0 0 0 0 2.4000000000000004 2 0.2 0 0.2 0 0 3.6 3.2 0 4.2 0 2.4000000000000004 6 0 0 0 0 2 0 0 0 0 0 0 0 1.4000000000000001 0 0 0 0 0 0 0 0 0 0 0 0 0 0 0 0 0 0 0 0 0 0 0 0 0 3.6 2.2 0 0 0.4 0 0 0 0 0 0 0 0 0 0 0 0 0 0 0 0 0 2.2 0.2 0 0 0 0 5.6000000000000005 0 0 0 0 0 9.600000000000001 6.6000000000000005 2 0.6000000000000001 3.6 0 5.6000000000000005 2.8000000000000003 0 0 0.4 0 0 0 0 0 0 0 0 0 0 0 0.4 0 0 0 0.4 0 0 0 0 0 0 0 0 0 0 0 0 0 0 0 0 0 0 0 0 0 0 0 0 0 0 0 0 0 0 0 0 0 0 0 0 0 0 0 0 0 0 0 0 0 0 0.4 0 0 0 0 0.2 0.8 0 0 0 0 0 0 0 0 0 0 0 0 0 0 0 0 0 0 0 0 0 0 0 0 0 0 0 0 0 0 0 0 0 0 0 0 0 1 
 31.200000000000003 22.200000000000003 40.800000000000004 29.8 20.200000000000003 10 43.6 31.6 13.200000000000001 16.8 71.8 7.2 50 46.400000000000006 20.6 32.800000000000004 45.6 9.4 71.8 0 0 1 0.4 0 0.6000000000000001 0.8 0.4 0 0.8 0 18 0 0 0 0 0.6000000000000001 0 0.6000000000000001 0 0 0.6000000000000001 0 0.6000000000000001 0 0.8 0.6000000000000001 0.6000000000000001 1.6 0 0 0.6000000000000001 0 0.6000000000000001 0.6000000000000001 0 0 0.4 0.6000000000000001 0 0 0 0.2 0 0.2 0 0 0.6000000000000001 0 0 0 0 0 1.6 0.8 0 0 0.6000000000000001 0 0.4 0 11.4 2.6 0 2.8000000000000003 0 0 3 5.4 4 0 0 2.8000000000000003 3.2 18.400000000000002 3.2 3.4000000000000004 6.2 0 0 0 0 0 0 0 0 0 0 0.4 0 0 0 0 0 0 0.4 0 0 0 0 0.2 0 0 0 0 0 0 0 0 0 0 0 0 0 0 0 0 0 0 0 0.2 0 0 0 0 0 0 0.2 0 0 0 0 0 0 0 0 0 3 1.2000000000000002 0 0.4 3.8000000000000003 4 5 2.2 0 0 4 3.6 0 0 2.2 0 3 7.800000000000001 0.2 4.2 0.6000000000000001 2.2 0 4 0 0 0 0 0 0 0 0 0 0.2 0 0 0 0 0 0 0 0 0 0 0 0 0 0 0 0 0 0 0 0 0 0 0 0 0 2.2 0 0 0 0 0 0 0 0 0.4 0 0 0 0 0 0 0 0.2 0 0 0 0 0 0 0 0 0 0 0 0 0 0 0 0.2 0.6000000000000001 0 0.4 0 0 0 0 0 0 0 0 0 0 0 0 0 0 0.2 0 0 0 0 0 0 0 0 0 0 0 0 0 0 0 0 0 0 0 0 0 0 0.2 
 0.4 0 0 0.2 0 15.600000000000001 0.6000000000000001 0 0 0.8 0 1 0 0 0 0 3.2 0 0 0 0 17.8 35.800000000000004 36.800000000000004 50.2 6 42.2 32.2 8 25.400000000000002 23.6 22 22.200000000000003 41.400000000000006 76 24.200000000000003 6.6000000000000005 33.6 8.8 36.4 0.6000000000000001 0.4 0 0.8 0.2 0.4 0 0.6000000000000001 0 0 0 0.6000000000000001 0 0.2 0 0.6000000000000001 0.8 0.4 0.6000000000000001 0 8.6 0.8 10.600000000000001 0 0 0.8 0.4 0.4 0 11.4 0 0.6000000000000001 0.4 0 0.6000000000000001 0 0 0 0.4 0.8 0 0 3.6 0 0 1.2000000000000002 0 0.4 0 0 2.6 0 0 0 0 0 0 0 0 0 3.8000000000000003 6.6000000000000005 5.4 3.2 0 2.6 0 1.6 5 13.600000000000001 0 7.6000000000000005 0 2.2 7.800000000000001 0 0 0 2.6 2.4000000000000004 0 0 0 0 0 0 0.4 0 0 0 0 0 0 0 1.8 0 0 0 0 0 0 0 0 0 0 1.8 0 1.6 0 0 0.8 0 0.6000000000000001 0 0 0 0 0 0 0 0.2 0 0 0 0 0 0 0 0 0 0 2.4000000000000004 0 0 0 0.2 0 0.2 0 0 2.6 5 4.4 3.4000000000000004 2.4000000000000004 0 0.8 4.2 0.2 3.6 0.8 2.6 0 2.2 3.6 5.2 4.800000000000001 5.4 0 2.8000000000000003 0 0 0 0 0 0 0.2 0.2 0 0 0 0 0.6000000000000001 0 0 0.2 0 0 0.6000000000000001 0.2 0.8 0 0 0 0 0 0 0 0 0 0 0 0 0 0 0 0 0 0 0 0 0 2.8000000000000003 0 0 15 0 0 0 0 0 0 0 0 1 0 0.4 0.2 0.4 0.4 0 0 0 0 0 0 0 0 0 0 0 0 0 0 0 0 0.4 0 0 2 0 2.2 0 0 0 0 0 0 0 0 
 0.4 0.4 0.4 0.4 0.4 15 0.4 0.4 0.4 0.8 13.200000000000001 1 0.4 0.4 0.4 0.4 0.4 0.4 0.4 1 17.8 0 61.6 24.200000000000003 10.4 25.200000000000003 31.200000000000003 53.2 71 43.2 20.400000000000002 22.8 9.8 49 7.6000000000000005 20.400000000000002 9.200000000000001 20.8 16.400000000000002 21.200000000000003 0.6000000000000001 0.4 0 0 0 0 1 0 0 0 0 0 0 0.2 0 0 0 0 0.6000000000000001 12.600000000000001 0 0 0 5.2 10.600000000000001 0 0.4 0 0 0 0 0 0 0 0 0 1.2000000000000002 0 0 0 0 0 0 0 2.4000000000000004 0 0 0 0 0 3 0 0 0 0 0 0 0 0 0 0.2 0 8.4 20.200000000000003 0 1.2000000000000002 0 5.2 2 0 7.6000000000000005 0.4 6 0 1.6 0.8 2.8000000000000003 4.800000000000001 0 0 0 0 0 0 0 0 0 0 0 0 0 0.4 0 0 5.2 0 0 0.4 0 0 0 0 0 0 0 0 0 0 0 0 0 0.8 0.8 0 0 0 0 0 0 0 0 0 0 0 0 0 0 2.8000000000000003 0 0 0 0 0.4 0 0 0 0 0 0 5.800000000000001 0 5.800000000000001 9.600000000000001 2.6 3.6 7.4 4.6000000000000005 0 7.800000000000001 3.8000000000000003 0 6 0 5.2 2.6 2 2.2 2.6 0 0 0 0 0 0 0 0 0 0 0 0 0.2 0 0.2 0 0 0 0 0 0.4 2.4000000000000004 0 0 0 0 0 0 0 0 0 0 0 0 0 0 0 0 0 0.2 0 0 0 0 2.4000000000000004 0 0 0 0 0 0 0 0 0 0 0 0.8 0 0.8 3.2 0 0 0.4 2.8000000000000003 0 0 0 0 0 0 0 0 0 0 0 0 0 0 0 0 0 0 0 0 0 0 0 2.2 1.6 0 0 0 
 0 0 0.4 0 0 0 0.6000000000000001 0 0 0.4 0 0 0 0 0 0 6.2 0 0 0.4 35.800000000000004 61.6 0 34.4 177 96.2 22.200000000000003 86.2 20.400000000000002 24.8 112.2 66.4 75.2 30 23.200000000000003 12.4 71.60000000000001 18.6 10 13 0.6000000000000001 0 0 0 0.2 0 0.2 0 0 0 0 0 0 0.2 0 0 0.6000000000000001 0 0.8 0 0 0 0 0 0 0 0.4 0 0 0 0 0.2 0 0 0 0 0 0 0 0 0 3.2 0 0 0 0 0 0 0 0 0 0 0 0 0 0 0 0.4 0 0 0 2.8000000000000003 4.4 0.2 9.8 6.800000000000001 0.2 0 1.2000000000000002 6.2 4 7 0 0 3.8000000000000003 3.2 2 4.4 12 0 2.2 0 0.2 0 0 0 2.6 0 0 0 0 0 8.200000000000001 3.8000000000000003 1.4000000000000001 0 0 0 3.2 2.4000000000000004 0 0 0 0.8 0 0 0 0 0 0 0 6.4 0 0 0 0 0 0 0 0 0.4 0 0.8 0 0 0 0 0 0 0 0 0 0 3.2 0 0 0 0 0.4 0 1.4000000000000001 6.4 1.6 6.2 0 5.2 2.8000000000000003 1.6 2.4000000000000004 0.4 2.2 4.2 0 0 1.6 2.4000000000000004 0.4 5.6000000000000005 0 2.4000000000000004 0 1.4000000000000001 0 0 0 0 0.2 0 0.4 0 0 0 4.800000000000001 0 0 2.6 0 0 2.4000000000000004 3.6 0 0 0 0 0 0.4 0 0.2 0 0 0 0 0 0 0 0 0 0 0 0 0 0 2.6 0 0 0 0 0 0 0 0 0 0 0 1 0 0.4 8.200000000000001 0 0 0 0.2 0 0 0 0 0 0 0 0 0 0 0 0 0 0 0 0 0 0 0 0 0 0 0 0 1.4000000000000001 0 0 0.4 
 0.2 0 0.2 0 0.2 0 0.2 0.2 0.2 0.2 0.2 0.2 9.4 0.2 0 0.2 0.2 0.4 13.200000000000001 0 36.800000000000004 24.200000000000003 34.4 0 76 60.400000000000006 18 57.6 19 24.8 28.200000000000003 8 10 48.6 13.200000000000001 7 7 19.6 20.400000000000002 23.8 0.8 0 0 0.4 0 0 1.2000000000000002 0 0 0 0 0 0 0.4 0 0 0.8 0 6.6000000000000005 12.8 0 0 0.4 0 0.2 0 0.4 0 0 0 0.4 0 0.2 0 0 0.6000000000000001 0 0 0 0 0 0 0 0 0 3.6 0 0 0 0 0 0 0 0 0 0 0 0.4 0 0 0 2.6 2.4000000000000004 1.2000000000000002 0.2 5.6000000000000005 0 0 0 8.4 1.6 2.6 0 0 1.4000000000000001 0 1.6 0.2 0 0 0 0 0 0 0 0 3.6 0 0 0 2 0 7.2 1.2000000000000002 5.2 2.2 0 0 1.8 0 0 0 0 0 0 0 0 2.8000000000000003 0 0 0.4 0 1.4000000000000001 0 2.4000000000000004 0 0 0 0 0 7 0 1 0 0 0 0 0 0 0 0 0 0 0 0 0 0 0 0 0 0.2 11 1.8 6.4 1.8 4.6000000000000005 0.2 0 3.8000000000000003 2.4000000000000004 0 7.2 0 3 0 6 0 4.2 0 6.4 0.2 2.4000000000000004 0 0 0 0 0.6000000000000001 0 0.2 0 0 0 2.4000000000000004 2.6 0 1.8 0 0 3.4000000000000004 3.2 0 0 0 0 0 0 0 0 0 0 0 0 0 0 0 0 0 0 3.8000000000000003 0 0 0 2.6 0 0 0 0 0 0 0 0 0 0 0 2.2 0 0 15.200000000000001 0 0 0.4 0.4 0 0 0 0 0 0 0 0 0 0 0 0 0 0 0 0 0 0 0 2 0 0 0 0.2 0 0 0 0 
 1 0 0 9.4 0 0 0 0 0 0.4 0 0 0 0 0 0 0 0 0 0.6000000000000001 50.2 10.4 177 76 0 110.60000000000001 12.600000000000001 38.400000000000006 48.6 46.800000000000004 64.60000000000001 10.8 14 20.200000000000003 77.2 42.6 56.400000000000006 84.60000000000001 26.8 15.600000000000001 0.6000000000000001 0.6000000000000001 6.6000000000000005 4 0 0 0 12.4 0 0 1.8 0 12.8 1 24.8 3.8000000000000003 1.2000000000000002 0 4.2 16 0 0.4 0 0 0.4 0 0.4 0 0.4 0 0 0 1 0 0 0 0 0 1 1.4000000000000001 0 0 0.4 0 0 0 0 0 0 0 0 0 0 0 0 0 0 0 0 0 0 0 7 3 5.6000000000000005 7 0 2.6 0 4.4 5.4 9 0 0 0 5.6000000000000005 4.800000000000001 0.8 0 0 2 0 3.8000000000000003 0 0 0 3.2 6.6000000000000005 2.8000000000000003 0 0 0 0 2.2 2.6 0 1.8 0 1.6 1.4000000000000001 0 0 0 0 0 0 0 0 0 0 0 1 0.8 0 0 0 0 0 0.4 0 0 0 0 0.6000000000000001 0 0.2 0 0 0.4 0 6.4 0.2 0 1 0 0 0.4 0 0 0 0 2.8000000000000003 9.4 0.2 3.6 1.8 0 0.2 0 6.6000000000000005 0 0 0 0 0.2 0 0 8.6 0 0 1.8 0 2.6 0 0.2 0 1.8 0 3.6 0 0 0 5.800000000000001 0 1.4000000000000001 0 1.4000000000000001 0.2 1.4000000000000001 5.6000000000000005 0 0 0 0 0 0 0 0.4 0 0 0 0 0 0 0 0 0 0 0 0 0 0 0 0 0 0 0 0 0 0 0 0 0 0 2.8000000000000003 0 1 15.200000000000001 0.4 2.2 0 3.6 0 0.2 0.2 0 0.2 0 0 0 0 0 0 0 0 0 0 0 0 0 0 0 0 0 0 2 0 0 0 0 
 0 0.4 0 0 0 0 0 0 0.4 0.4 0 0 0 0 0 0 0 0 0 0.8 6 25.200000000000003 96.2 60.400000000000006 110.60000000000001 0 5.4 72 27.400000000000002 30.8 74.8 46.400000000000006 10.600000000000001 23.6 11.8 63.800000000000004 16.400000000000002 109.60000000000001 50.400000000000006 7.800000000000001 13.200000000000001 0.2 0 13.200000000000001 1.6 0 0 0 0 0 0 0.2 12.600000000000001 0.2 0.2 0 0.4 0 0.6000000000000001 14.8 0 0 0 0 0 0 0.4 0 0 0 0.4 0 0.6000000000000001 0 0 0 0 0 0 0 0 0 0 0 0 0 0 0 0 0 0 0 0 0 0 0 0 0 0 0 0 3.6 2 0 5.6000000000000005 5.6000000000000005 0 0 0 9.600000000000001 4.6000000000000005 6.2 0 0 4.2 0.6000000000000001 3.4000000000000004 1.8 0 0 3.6 0 4 0 0 0.2 3.2 0 0 0 0 0 2.4000000000000004 1.8 3.8000000000000003 0.2 0 0 9.600000000000001 2 0 0 0 0.6000000000000001 0 0 0 0 0 0 0 0 0.4 0 0 0 0 0 0 0 0.8 0 1 0 0 0 0 0 0 0 0 0 0 0 0 0 0 0 0 0.4 0 3.8000000000000003 2.8000000000000003 3.6 0 2.4000000000000004 0 0 5.6000000000000005 0 0 11.600000000000001 0 0 0 3.8000000000000003 0 11 0 0 0 1 0 0 0 0.4 0 0.2 3.8000000000000003 0 0 0 2 0.2 0 2.6 0 3.6 0.2 0 0 0 0 0 0 0 0 0 0 0 0 0 0 0 0 0 0 0 0 0 0 0 3.4000000000000004 0 0 0 0 0 0.4 0 0 0 0 0 3.6 0.2 0.2 31.400000000000002 0 0.6000000000000001 1 0 0 0 0 0 0 0 0 0 0 0.2 0 0 0 0 0 0 0 0 0 0 0 0 0 0.4 2.6 0 0 0 
 0.2 0 0 16.6 0.4 15.200000000000001 0 0 0 15 0 14.8 0 0 0 0 6.4 0 0.4 0.4 42.2 31.200000000000003 22.200000000000003 18 12.600000000000001 5.4 0 19.6 27 15.8 32.2 10.600000000000001 45.400000000000006 47 22.8 14.600000000000001 23.400000000000002 53 26.400000000000002 24 0.6000000000000001 2.8000000000000003 0 0 0 0 1.8 0 0 0 0 0 0 0.2 0 0 0 0 0.8 0 0 0 0 0 0 6.4 0.4 0 0 0 0 0 0 0 0 0 0 0 0 0 0 0 0 2 8.4 0 0 0.2 0 2.6 1.8 2 0 0 0 0 0 0 0 0 4 0 6.4 10.8 0 2.8000000000000003 0 2.4000000000000004 12 2 0 0 6 4.2 12.4 2.2 3 4 6 7.4 0 0 0 0 0 0 0 0 0 0 0 0 0 0 0 0 0 0 0 0 0 0 0 0 0 0 0 0 0 0 0 0.4 2.4000000000000004 0 2.4000000000000004 0 0 0 0 0 0 0 0 0.6000000000000001 2.6 0 0 0 0 0 0 8 0 0 0 2.8000000000000003 0 1.8 0 1.2000000000000002 1.2000000000000002 0 3.8000000000000003 3.6 0 2.6 1 0.8 5.4 0 5.6000000000000005 0 0 10.600000000000001 1.4000000000000001 6.6000000000000005 1.6 0 2 3.2 0 0 0 0 0 0 0 0 1.8 0 0 0.4 0.2 0 0 0.4 0 0 1.4000000000000001 0 0 0 0 0 0 0 0 3.6 0 0 0 0 0 0 0.2 0 0 0 0 0 0 0 0 0 0 0 0 0 0 0 0 0 0 0 1 0.4 0 0 0 0 0 0 0 0 0 0 0 0 0 0 0 0 0 0 0 0 0.2 0 0 2 0 0 0 0.4 0 0 0 0 0 0 
 0.4 0.4 0 0 0 15 0 0 0.2 0.4 0 0.8 0 0 0 0 0.8 0 0 0 32.2 53.2 86.2 57.6 38.400000000000006 72 19.6 0 73.60000000000001 37.6 19.6 57.2 33.2 40.800000000000004 10.600000000000001 54.2 40.800000000000004 86.60000000000001 15.600000000000001 27.6 0.6000000000000001 0.2 0.8 0 0.2 0.2 0.2 0 0.4 0 0 0 0 0.4 0.6000000000000001 12.600000000000001 2.4000000000000004 0 0.8 0 0 0 0 0 0 0 0.4 0 0 0.4 0 0 0.6000000000000001 0 0.4 0 1 0 0 0 0 0 0 0 0 0 0 0 0 0 0 0 0 0 0 0 0 0 0 0 2.4000000000000004 7.4 5.6000000000000005 0 4.2 1.8 2.4000000000000004 3.2 1.4000000000000001 9.8 4.2 5 0 2.2 0 4.800000000000001 13.8 1.2000000000000002 7 0 0.2 0 0 0 0 0 2.8000000000000003 0 0 0 3.2 0 2.2 0 2.4000000000000004 0 0 0 4.4 0 0 0 0 0 0 0 0 0 0 0 0 0 3.6 0 0 1.2000000000000002 0 0 0 0 0.4 0 1.4000000000000001 0.4 0.6000000000000001 0 0 0 0 0 0 0 0 0 0 0 0.2 0 0 0 0 6.4 8.200000000000001 5.6000000000000005 4 10.600000000000001 2.8000000000000003 2.2 0.8 4.800000000000001 2.2 4.4 0 0 1.6 1.6 3 2.2 0 2.8000000000000003 0 0 0 0 0 0 0.2 0 0 0 0 0 1.8 0 0 0 0.2 0 2 2.6 0 0 0 0 0 0 0 0 0 0 0 0 0.4 0 0 0 0 0 0 4.6000000000000005 0 0 0 0 0 0 0 0 0 0 0 0 0 0 1.6 0.2 0 0 0.2 0.4 1 0.6000000000000001 0 0 0 0 2 0 0 0 0 0 0 0 0 0 0 0 0 0 0 0 0 0 0 0 0 0 0 0 
 0.2 15.600000000000001 0.2 0.4 0.2 0.4 0.2 0.2 0.6000000000000001 0.2 0.2 0.2 0.2 0.2 0.6000000000000001 0.4 0.2 0 0.2 0.8 8 71 20.400000000000002 19 48.6 27.400000000000002 27 73.60000000000001 0 38.400000000000006 54.400000000000006 6.800000000000001 20.6 13.200000000000001 18 29.400000000000002 22.200000000000003 15 66.8 16.400000000000002 0.6000000000000001 4.4 0 0 0 0 0.4 0 0 0 0 0 0 0.2 0 0 0 0 1 26 0 0 0 0 1.8 0 0.4 0 0 0 0 0 0 0 0 0 0 0 0 0 0 0 0 0 0 0 0 0 0 0 0 0 0 0 0 0 0 0 0 0 0 0 0 2.4000000000000004 1.8 4.4 0 0 0 2.6 1.4000000000000001 3 1.6 0 0 3.6 4.800000000000001 4.4 2.4000000000000004 0 1.4000000000000001 0 0.2 0 0 0 0.2 0 0 0 0.2 0 2 12 3.6 4.800000000000001 0 0 6 2.4000000000000004 0 0 0 0.6000000000000001 0 0 0 0 0 0 0 0 0 0 0 0 0 0 0 0 0.4 0 0 0 0 0 0 0 2.4000000000000004 0 0 0 0 0 0.6000000000000001 0 0 0 0 0 0 0 0 2.6 2.6 2.4000000000000004 1.4000000000000001 0 4.6000000000000005 3.2 0 4.800000000000001 0 2.4000000000000004 0 0 0 9.200000000000001 0 0 0 9.8 0 0 0.2 0 1.6 0 6 0 0 0 6.2 0 0 2.4000000000000004 3.6 0 8 6.800000000000001 0 0 0 0 0 0 0 0 0 0 0 0 0 0 0 0 0 0 0 0 0 0 0 0 0 0 0 0 0 0 0 0 0 0 2.6 0 0.2 15.8 14.600000000000001 0.4 3 0 0 0 0 0 0 0 0 4 0 0 0 0 0 0 0 0 0 0 0 0 0 0 0 0 0 0 0 0 
 0.2 0 0 0 0 0 0 1.4000000000000001 0 0 0 0 0 0 0 0 0 0 0 0 25.400000000000002 43.2 24.8 24.8 46.800000000000004 30.8 15.8 37.6 38.400000000000006 0 38.6 20.6 29.6 16 45.2 27 10.600000000000001 14.8 22.200000000000003 34.6 0.6000000000000001 0.8 0 0.4 0 0 0.4 0.4 0 0 0.2 0 0 0.2 0 0 0 0 0.6000000000000001 14 0 0.2 0 0 0 0 0.4 0 0 0 0 0.2 0.4 0 0 0 0 0 0.4 0 0 0 0 0 0 2.6 0 0 0 0 0 0 0 0 1 0 0 0 0 0 0 3 0 1.6 3.2 1.8 0 0.8 0 6 3.4000000000000004 5 1.2000000000000002 0 0 0.2 2.6 3.4000000000000004 0.4 0.8 0 0 0 0 0 0 0 0 0 0 0 0 8 2.8000000000000003 5.2 0 0 0 2.4000000000000004 0 0 0 0 0 0.4 0 0 0 0 0 0 0 0.8 0 0 0 0 0 0 0 0.8 0 1 0 0 0 0 0 0 0 0 0 0 0 0 0 0 0 0 0 0 3.8000000000000003 0 8.6 0 3.8000000000000003 1.6 0 4.4 0 0 6.2 0 1.6 0 6 1.4000000000000001 7.6000000000000005 0 1.2000000000000002 0 0.2 5.6000000000000005 0 0 0 0 2.4000000000000004 3.8000000000000003 0 0 0 0.2 0 0 0.2 0 0 0 0 0 0 0 0 0 0 0.2 0 0 0 0 0 0 0 0.4 0 2.2 0 0 0 0 0 0 0 0 0 0 0 0 0 0 0 0 0 1 0 0 25.8 0.2 0 1.4000000000000001 0.6000000000000001 0 0 0 0 0 0 0 0 0 0 0 0 0 0 0 0 0 0 0 1.8 0 0.2 0 0.4 2.8000000000000003 0 0 0 
 0 0 0 0 0 0.2 0.6000000000000001 0 0 0 0.2 0 0 0 0 0 0.2 0 0 18 23.6 20.400000000000002 112.2 28.200000000000003 64.60000000000001 74.8 32.2 19.6 54.400000000000006 38.6 0 23.400000000000002 24 17.6 40.6 28 22.200000000000003 49.6 10.8 40.2 0.6000000000000001 0.8 1 0 0 0 0.4 0.6000000000000001 0.6000000000000001 0 0 0 12.600000000000001 0.2 12.600000000000001 0 0 0 0.6000000000000001 0.2 0 0 0 0 0 0 0.4 0 0 0 0 0 0 0 0 0 0 0 0 0 0 0 0 0 0 3.6 0 0 0 3.6 0 0 0 0 0 0 0 0 0 0 1.8 0 4 2.6 3.6 5.6000000000000005 0 0 1.2000000000000002 7.6000000000000005 0 2.6 1.6 0 1.4000000000000001 7 1 5.800000000000001 0.2 0 0.2 0 0 0 0 0 0 0 0 0 0 0 0 0.2 1.8 0.8 0 0 0 0.2 0 0 0 0 0 0 0 0.2 0 0 0.4 0 1.4000000000000001 0 0 0 0 0 0 0 0 0 0 0 0 1.2000000000000002 0 0 0.2 1 2.4000000000000004 0 0 3.2 0 0 0 0 2.6 0 0.2 3.6 0 2.4000000000000004 0 4.2 2 0 0 0 0 0 0 4.4 0 6.800000000000001 1.4000000000000001 8.200000000000001 0 2.2 2 2.8000000000000003 0 0 0 0 0 0 0 0 0 0 6 0 0 0 0 0.2 1 4.4 0 2.6 0 0 0 0 0 0 0 0 0 0 0 0 0 0 0 0 0 0 0 0 3.4000000000000004 0 0 0 0 0 0 0 0 0 0 0 4 0 0 15.4 18.6 1 0.2 0 0 0 0 0 0 0 0 0 0 0 0 0 0 0 0 0 0 2.2 0 2 0 0 0 0 0 0 0 0 
 0.4 0 0 0.2 0 0 0 0 0 0 0 0 0 0 0 0 0 24 0 0 22 22.8 66.4 8 10.8 46.400000000000006 10.600000000000001 57.2 6.800000000000001 20.6 23.400000000000002 0 11.8 12.8 48 30.200000000000003 35.4 44.800000000000004 11.200000000000001 12.200000000000001 5 0 0 0 0 0 0 0 0 0 0.2 0.4 11 0.4 13 0 1.8 0 3.8000000000000003 0 0 0 0 0 0 0 0.4 0 5.2 0 0 0 0 0 0 0 2.6 0 0 0 0 0 0.4 0 0 0 0 0 0 0 1.4000000000000001 0 0 0 0 0 0 0 0 0 2.6 0 0.6000000000000001 0 5 2.8000000000000003 0 0 0.2 0.2 6.6000000000000005 0.2 0 2.6 0 4.800000000000001 0 1.8 0 0 0 2.2 7.6000000000000005 1.6 0 0 4.6000000000000005 0.2 3.8000000000000003 0 2.8000000000000003 0 1.6 4.4 0.2 0 3.6 0 3 2.6 0 0 3 0 0 0 0 0 0 0 0 0 0 0 0 0 0 0 0 0 0 0 0 0 0 0 0 0 0 0 0 0 0 0 0 2.4000000000000004 0 1 0.2 0 2.4000000000000004 0 0 1.4000000000000001 5.4 0.4 0 1.8 3.6 2.4000000000000004 1.8 6.2 0 0 1.8 0 2.4000000000000004 2.6 0 0 0 5.2 0 2.8000000000000003 0.2 0 1.8 0 0.2 0 0 0 4.6000000000000005 2.4000000000000004 0.6000000000000001 5.6000000000000005 0 6.4 0 0.2 0 0 0 0 0 0 0 0.4 0 0 0 0 0 0 0 0 0 0 0 0 0 0 0 0 0 0 0 0 0 0 0 0 0 0 1.6 0 0.4 23.200000000000003 0.2 0 0.8 0 0.2 0 0 0 2 0 0 0 0 0 0 0 0 0 0 0 0 0 0 0 0 0 0 0 2 0 0 0 
