 0 35 15.600000000000001 53.2 81.2 6.6000000000000005 15.200000000000001 16 19.8 26.6 9.200000000000001 10.200000000000001 46 13.4 47.400000000000006 29.400000000000002 8.4 23.8 21 10.200000000000001 1 0 0 0.6000000000000001 0.4 0 0.4 0.2 0 0 0 0.4 0 0 0 0 0 0 0 0 0 0.2 0 1.4000000000000001 0 0 0 0 0.4 2.4000000000000004 0.4 0 0.4 0 0.6000000000000001 0.4 0 0 0.8 0 0 0.6000000000000001 0 0 0.6000000000000001 0 0 0 0.6000000000000001 0 0.6000000000000001 0 0 0 0.8 0 0 0 0.4 0 5 4 0.4 0 0 0.4 2.6 2 0 2.6 1.8 0 3.6 7 0 7.6000000000000005 1.4000000000000001 0 7.800000000000001 0 0 0 0 0 0 0 0 0 0 0 0 0 5.2 0 0 0 0 0 0 2.2 0 0 0 0 0 0 0 0 0 0 0 0 0 0 0 0 0 0 0.2 0 0 0 0 0 0 0 0 0 0 0 0 0 0 0 0 0 0 0 0 0 4.6000000000000005 4.6000000000000005 2.6 0 0 3.4000000000000004 0 0.6000000000000001 4.6000000000000005 3 0 0.2 2.8000000000000003 11.8 6 8.6 0.6000000000000001 2 5.6000000000000005 0.2 1.8 0 0.4 0 0 0 0 0 0 0 0 0 0 0 0 0 0 0 2 0 0 0 0 0 0 0 0 0 0 0 0 0 0 0 0 0 0 1.4000000000000001 0 0 0 0 0 0 0 0 0 0 0 0 0 0 0 0 0 0 0 0 0 0 0 0 0 0 0 0.4 0 0 0.2 0.4 0.6000000000000001 2.2 0 0 0 0 0 0 0 0 0 0 0 0 0 0 0 0 0 0 0 0 0 0 0 0 0 0 0 0 0 0 0 0 0 0 0 0 0 0 
 35 0 44.400000000000006 14 43.6 9.8 12.4 69.2 52 5.6000000000000005 25.200000000000003 19.8 9.600000000000001 27.8 36.2 43.800000000000004 5.4 11.8 16.8 8.6 0.4 0 0 0.6000000000000001 0 0 0.4 0 0 0 0 0 0 0 0 0 0 0 7.6000000000000005 0.2 0 0 0 0 0 0 0 15.8 0.4 1.4000000000000001 6 0.4 0.4 0 0.6000000000000001 0.4 0 0 1.2000000000000002 0 0 0.6000000000000001 0 0 0.6000000000000001 0 0 0 0.6000000000000001 0 0.6000000000000001 0 0 0 0.6000000000000001 0 0.2 0 0.4 0 5 0 2.8000000000000003 3.8000000000000003 0 0 0 3.8000000000000003 0 2.6 12 0 7.4 1.8 4.800000000000001 2.4000000000000004 5 0 0 5.800000000000001 2.2 0 0.2 0 0 0.4 1.8 2.8000000000000003 0 0 0 3.8000000000000003 0 0 0 0 0 0 0 0 0 0 0 0 0 0 0 0 0 0.4 0 0 0 0 0.4 0 0 0 0 0 0 0 0 0 0 0 0 0.2 0 0 0 0 0 0 0 0 0 0 0 0 0 5.4 2.4000000000000004 0 0.2 0.2 4 8.8 5 4 3.6 1.6 0 3 8.4 3 4.800000000000001 0.6000000000000001 5.800000000000001 2.2 0 0 0 0 0 0.4 0 0 0 0 0 0 2.2 0 0.6000000000000001 0 0 0 0 2.6 0 0 0 0.4 0 0 0 0 4 0 0 0 0.4 0 0 0.2 0 0 0 0 0 0 0 0 0 0 0 0 0 0 0 0 0 0 0 0 0 0 0.2 0 0 0 0 0 0.4 0 1.2000000000000002 0 0.4 4.2 0.6000000000000001 3.8000000000000003 0 0 0 0 0 0 0 0 0 0 0 0 0 0 0 0 0 0 0 0 0 0 0 0.6000000000000001 0 0 0 0 0 0 0 0 0 0 0 0 0 0 
 15.600000000000001 44.400000000000006 0 49.800000000000004 87.4 21 57.800000000000004 54.800000000000004 13.200000000000001 34.6 48.6 41.800000000000004 24.200000000000003 76.2 31 36 37.800000000000004 25.6 7 41 0.6000000000000001 0 0 0.6000000000000001 0 0.2 0.4 0 0 0 0.4 0 0 15 0.2 0 0 0 0 12.200000000000001 0 0 0 0 0 0 0 0 0.4 0.8 0 0 0.6000000000000001 0 0.6000000000000001 0.6000000000000001 0 0 0.8 0 0 0.6000000000000001 0 0 0.6000000000000001 0 0 0 0.4 0 0.6000000000000001 0 0 0 0.6000000000000001 0 0 0 0.6000000000000001 0 2.2 4.800000000000001 0.6000000000000001 1.2000000000000002 5.6000000000000005 0 0 0 0.4 2.6 2.4000000000000004 0.2 2.6 0 0 2.8000000000000003 7.4 2 0 3.4000000000000004 0 0 0.6000000000000001 0 0 0 0 3.8000000000000003 0 0 0 0 0.4 0.4 0 0 0 0 4.800000000000001 0 0 0 0 4.2 0 0 0 0 0 0 0 0 0 0 0.2 0 0 0 0 0 0 0 0 0 0 0 0 0.2 0 0 0 0 0 0 0 0 0 0 0 0 3 6.800000000000001 2.2 0.4 0 0.2 0.6000000000000001 5.4 0 5.2 8.200000000000001 2 0 0 5.6000000000000005 8.200000000000001 4.4 6.4 0 3.2 0 0 0 0 0 0.2 1 0 0 0 0 0 2.2 4.4 2.4000000000000004 0 0 0 3.4000000000000004 2.8000000000000003 0 0 0 0.2 0 0 0 0 0 0 0 0 0.6000000000000001 0 0 0 0 0 0 0 0 0 0 0 0 0 0 0 0 0 0 0 0 0 0 0 0 0 0.4 0 0 0 0 0 0.2 0.2 0.2 0 0 0.4 0 6.800000000000001 0 0 0 0 0 0 0 0 0 0 0.6000000000000001 0 0 0 0 0 0 0 0 0 0 0 0 4 0 0 0 0 0 0 0 0 0 0 0 0 0 0 
 53.2 14 49.800000000000004 0 36.800000000000004 6.2 59.400000000000006 60.6 34.800000000000004 41.6 47.6 8.4 13.4 58.400000000000006 74.4 9.200000000000001 25.8 12.200000000000001 50.400000000000006 8.200000000000001 15.8 0 0 0.6000000000000001 0 0.2 13.600000000000001 14.8 0 0 0 0 0.4 0 0.2 0 0.2 0 30 30.8 0 0 0 0 0 0.4 0 0 0 0.4 0.4 0 0.4 0 0.6000000000000001 0.4 12.4 0 0.4 0 0 0.6000000000000001 0 0 0.6000000000000001 0 0 0 1.4000000000000001 0 0.6000000000000001 0.2 0 0 0.6000000000000001 0 0 0 0.6000000000000001 0 0 3 0 0 0.4 7.4 0 0 3.4000000000000004 0 3.2 6 0 0 4.800000000000001 0 0 2.2 0.4 0 0 0 0 0 0 0 4 0 0 5.2 0 0 3.4000000000000004 0 2.8000000000000003 0 0 0 2 2.4000000000000004 0 0 0 0 0 0 0 0 0 0 0 0 0 0 0.4 0 0 0 0 0 0 0 0 0 1.6 0 0 0.4 0 0 0 0 3.4000000000000004 0 0 0 0 0 0 0 0 0 3 11.200000000000001 3 7.6000000000000005 0 0 0 1.4000000000000001 0 4.2 0 0 0 2 3 0.2 0 0 7.6000000000000005 4.800000000000001 0 0.4 0 0.4 0 0 0.2 0 0 0 1 0.6000000000000001 0.2 0 0.2 0.2 3.6 2.8000000000000003 0 0 0 0.4 0 0 0 0 0 0 0 0 0.4 0 0 0 0 0 0 0 0 0 0 0 0 0 0 0 0 0 0 0 0 0 0 0 0 0 0 0 0 0 0 0 0.4 0 17.8 0 0.6000000000000001 17.6 0 1.2000000000000002 0.2 0.4 0 0 0 0 0 0 0 0 0 0 0 0 0 0 0 0 0 0 0 0 0 0.2 0 0 0 0 0 0 0 0 0 0 0 0 0 0 
 81.2 43.6 87.4 36.800000000000004 0 49.400000000000006 19 53.400000000000006 37.2 21.200000000000003 73 11.8 57 58.800000000000004 134 107.80000000000001 15.200000000000001 27.8 9.8 12 15.8 14.8 0 0.4 0.4 0 15.600000000000001 3.6 0 0 0 0 14.8 14.600000000000001 0 0 0 0 15.600000000000001 3.2 0 0 0 0 0 0 0 1 12.600000000000001 0.4 0 0 0.2 0 10 0.4 0 0 0.4 0 0 0.6000000000000001 0 0 0.6000000000000001 0 0.2 0 0.6000000000000001 0 0.6000000000000001 0 0 0 0.6000000000000001 0 0 0 0 0 2 4.2 2 0 1.8 0.2 0 0 5.2 2 4.2 6.6000000000000005 0 2.6 2.6 0 0 3 0 2.4000000000000004 9.200000000000001 7.800000000000001 0 0 0 0 6.4 1 2 6.4 0 3 6.800000000000001 2.6 2.8000000000000003 2 3 0 0.4 0.4 0 0 0 0.2 0 0 0 0 0 0 0 0 0 0 0 0 0 0 0 0 0 0 0 0 0 0 0 0 0.4 0 0 0 0 0 0 0 0 0 0 0 0 3.2 0 0 0.2 14.4 4.6000000000000005 0 0 8.6 5 0 0 0 0 0 4.6000000000000005 5.4 0.2 0 2 0 0.4 0 0 0 0.2 2.2 0 0 2.6 0 3.2 2 5.2 0 0 3 2.6 0.2 0 0 0.2 0 0 0.4 0.4 0 0 0 0 0 0 0 0 0.4 0 0.4 0 0 0 0 0 0 0 0 0 0 0 0 0 0 0 0 0 0 0 0 0 0 0 0 0 0 0 0.6000000000000001 0.2 0.6000000000000001 0 17.6 0.2 2.2 0 0 0 0 0 0 0 0 0 0 0 0 0 0 0 0 0 0 0 0 0 0 0 2 2.6 0 0 0 0 0 0 0 0 0 0 0 0 0 
 6.6000000000000005 9.8 21 6.2 49.400000000000006 0 9.600000000000001 33.2 72.60000000000001 29.200000000000003 95 45.400000000000006 65 57.6 29.8 50.6 52 30.8 9.600000000000001 11.600000000000001 8.4 0 0 0.8 0 0 0.4 0 1 0.8 0 0 0 14.600000000000001 0 0 0 0 22.400000000000002 14.8 0 0 0 0 0 0 0 0 0.4 0.4 0 0 0.4 0 1.4000000000000001 0.4 0 0 0 0 0 0.6000000000000001 0 0 0.6000000000000001 0.8 1 0 0.6000000000000001 0 0.6000000000000001 0 0 0 0.6000000000000001 0 0 0 0.4 0 0 3.8000000000000003 2.6 4.2 5.4 5.2 0 0 0 5.6000000000000005 2 2 0 0 0 2.6 2.6 2 0 0 0 4.4 5.800000000000001 0 0 0 0 0 0.2 0 0 0 3.2 0 1.2000000000000002 0 2 0 0 0.2 0 0 0 5.4 0 0 0 0 0 0 0 0 0 0 0 0 0 0 0.4 0 0 0 0 0 0 0 0 0 0 0 0 0 0 2 0 0 0 0 0 0 0 3.6 0 8.6 0.2 2.2 0.4 0 0 10.600000000000001 3.6 2.8000000000000003 0 0 0 4.2 8.8 3 0 0 13.8 0 0 0 0 0 4.2 0 0 4.6000000000000005 0 0 6 7.800000000000001 0.6000000000000001 0 0 0 6.2 1.2000000000000002 0 0 0 0 0 0 0 0 0 0 0 0 3 0 0 0 0 1.6 0 0 0 0 0 0 0 0 0 0 0.6000000000000001 2 0 0 0 0 0 0 0 0 0 0 0 0 0 0 0 0 4.2 0 0 0 1 3.8000000000000003 2.4000000000000004 0 0 0 0 0 0 0 0 0 0 0 0 0 0 0 0 0 0 0 0 0 0 2.6 0 0 0 0 0 0 0 0 0 0 0 0 0 0 
 15.200000000000001 12.4 57.800000000000004 59.400000000000006 19 9.600000000000001 0 51.2 12.600000000000001 49 69.8 5.800000000000001 43.800000000000004 41.2 53.2 7.6000000000000005 6.2 40.400000000000006 11.4 43.2 0.4 0 0 0.8 0 0 0.4 0 0.2 0 0 0 0 16.8 0.2 0 0 0 0 0 0 0 0 0 0 0 0 0 0 0.4 0 0 0.4 0 0.6000000000000001 0.4 0 0 0.4 0 0 0.6000000000000001 0 0 0.6000000000000001 0 0 0 0.6000000000000001 0 0.6000000000000001 0 0 0 0.6000000000000001 0 0 0 0.4 0 3.2 8.6 0 4.4 0 0 4 0 7.6000000000000005 5.6000000000000005 1.8 0 3.6 7 7.2 0.8 4.4 14 2.8000000000000003 1.8 0 0 0 0 0 0 0.2 0 0 0 0 0 1.8 0 0 0 0 0 3 0 0 0 0 0 0 0 0 0 0 0 0 0 0 1.2000000000000002 0 0 0 0 0 0 0 0 0 0.8 0.4 0 0 0 0.2 0 0 0 0 0 0 0 0 0 0 0 1.6 2.6 1 1.6 4 0 5.6000000000000005 0.8 0 0 11 2.8000000000000003 3.6 0.4 0.2 0 0 0 0 7.800000000000001 0 0 0 0 0.4 0 0 0 0 0 0 0 0.2 0 0 0 0 0 2.2 0 0 0 0 0 0 0.2 0.2 0 0 0 0 0 0 0 0 0.2 0 0 0 0 0 0 0 0 0 0 0 0 0 0 0 0 0 0 0 0 0 0 0 0 0 7.2 0 0 0 0.2 18.2 0 17.6 0 1.4000000000000001 2.8000000000000003 0 0 0 0 0 0 0 0 0 0 0 0 0 0 0 0 0 0 0 0 0 0 0 0.2 4.800000000000001 1.8 0 0 0 0 0 2.6 0 0 0 0 0 0 
 16 69.2 54.800000000000004 60.6 53.400000000000006 33.2 51.2 0 35.2 51.800000000000004 42.6 90.2 17.6 17 23.200000000000003 56.800000000000004 9 32.800000000000004 58.800000000000004 25.8 0.4 0 0 0.6000000000000001 41.400000000000006 0 0.4 0.8 12.200000000000001 0 0 0 0 0 15.4 0 0.4 0 7 0.2 0 0 0 0 0 0 0 0 0.4 0.4 13.600000000000001 0 0.2 0 1.4000000000000001 0.4 0 0 0 0 0 0.6000000000000001 0 0 0.6000000000000001 0 0 0 0.6000000000000001 0 0.6000000000000001 0 0.6000000000000001 0.4 0.6000000000000001 0 0 0 1 10 2 1.8 0 3.6 0 0 2.6 0 2.6 5.4 4.4 0 0 2 2.8000000000000003 3.8000000000000003 9 9.200000000000001 0 2.6 2.2 0 0 0 0 0 2 8 0 0 0 0 0 0 0 0 0 0 2 0 0.4 0 0 6 0 0.4 4 0 0 0 0 0 0 0 0 0 0 0 0 0 0.2 0 0 0 0 0 0 0 0 0 0 0 0 0.4 0 0 0 0 0 0 2.2 1.4000000000000001 3.2 0.2 3.4000000000000004 0.2 4.6000000000000005 0.6000000000000001 0 4.6000000000000005 9.4 0 0 1 2.4000000000000004 0 3.4000000000000004 6.800000000000001 2.6 7.2 0 0 6.800000000000001 0.4 0 0 0 0 0 0 0 0.4 2.2 0 2.6 0 0 0 0 2.8000000000000003 0 0 0 0 0 0 0 0 0 0 0 0 0 0 0.2 0 0 0 0 0 0 0 0 0 0 0 0 0 0 0 0 0 0 0 0 0 0 0 0 0 0 3.8000000000000003 0 0 0 0.2 3 0.4 0.6000000000000001 1 1.4000000000000001 3.6 0 0 0 0 0 0 0 0 0 0 0 0 0 0 0 0 0 0.4 0 0 0 2 0 2.2 1.2000000000000002 0 0 0 0 0 0 0 0 0 0 0 0 0 
 19.8 52 13.200000000000001 34.800000000000004 37.2 72.60000000000001 12.600000000000001 35.2 0 69 15.4 24.6 42 39 78.80000000000001 13 11.600000000000001 69.2 77.80000000000001 18.8 0.8 0.2 0 0.6000000000000001 0 0.2 0.4 0 0 0.6000000000000001 0.2 0 0 0.4 0 0 0.6000000000000001 0 19 12.600000000000001 0 0 0 0 0 0.6000000000000001 0 0 0.4 0.4 0 0.6000000000000001 0.6000000000000001 0 1.8 1 0 0 0.2 0 0 0.6000000000000001 0.6000000000000001 0 0.6000000000000001 0 0 0 0.4 0 1.2000000000000002 0 0 0 1 0 0 0.4 1.2000000000000002 0 3.2 5.6000000000000005 8.200000000000001 8.6 0.4 4.2 0 5.2 3 2.4000000000000004 1.8 6 0 0 5 11.200000000000001 0 0 1 3.2 0 0 0 0 0 0 4 0 0 3.2 0 0 2.6 0 4.2 0 0 0 0 1.4000000000000001 0 0 0 0 0 4.4 0 0 0 0 12.200000000000001 0 0 0 0 0 0 0 0 0 0 0 0 0.2 1 0 0 0 0.2 0 0 0 0 0 0 0 0 0 0 0 3 6.4 3.4000000000000004 3.2 0 3.4000000000000004 0 2.6 9.4 6.800000000000001 0 0 0 0 1.4000000000000001 1.8 3.8000000000000003 6 0.2 2.6 0 0 0 0 0.4 0 0 0 0 0.4 1.6 0 0.4 0 0 0.4 0 0 6.800000000000001 0 0 0 0.4 0 3.2 0 0 0 0 0 0 0.2 9 0 0 0.2 0 0 0 0 0 0 0 0 0 0 0 1.8 0 0 0 0 0 0 0 0 0 0 0 0 0 0 0 0 0 0.4 0.4 0 0.2 17.6 0.2 2 0 0 0 0 0 0 0 0 0 0 0 0 0 0 0 0 0 0 0 0 0 0 0 0 0 0 0 0 0 0 0 0 0 0 0 0 0 0 
 26.6 5.6000000000000005 34.6 41.6 21.200000000000003 29.200000000000003 49 51.800000000000004 69 0 19.400000000000002 10.600000000000001 36.800000000000004 51.400000000000006 33.800000000000004 118 10.600000000000001 88.60000000000001 11 31 13.600000000000001 0 0 0.6000000000000001 0 0.2 1 0 0 0 0 0 0.6000000000000001 0.4 0 0 0 0 15.8 1 0.2 0 0 0 0 0 0 0.6000000000000001 0 1 0 0.6000000000000001 0.4 0 0.6000000000000001 0.4 0 0.4 1.2000000000000002 0 0 0.6000000000000001 0.6000000000000001 0 0.6000000000000001 0 0 0 2.8000000000000003 0.4 1.2000000000000002 0 0.4 0 0.6000000000000001 0 0 9.600000000000001 0.4 0 1.2000000000000002 7.4 2.2 0 1.4000000000000001 0 0 2.8000000000000003 2.6 0 5.6000000000000005 0.2 2.6 3 10.4 4.800000000000001 3.2 6.800000000000001 0 2.8000000000000003 0 0 1.8 0 0 0 0 0 0 0.6000000000000001 0 0 3.6 0 0.4 0 0 0 2 0.4 0 0 0 0.8 0 0 0 0 0 0 0 0 0 0 0 0 0 0 0 0 0 0 0 0 0 0 0 1.8 0 0 0.2 0 5.800000000000001 0 0.6000000000000001 0 0 0 0 0 0.2 5.6000000000000005 5 1.2000000000000002 0.8 6.4 0 3.6 0.2 2.4000000000000004 3.8000000000000003 4 0 0.2 0.2 4.6000000000000005 1.8 2.8000000000000003 0 1.8 3.2 3.8000000000000003 0 0 0 0 0.2 0 0.2 0 0 0 0 6.4 0 0 0.2 0 4.4 3 0 0 0 0 0 0 0 0 0 0 0 0 0 0 0 0 0 0 0 0 0 0 0 0 0 0 0 0 0 0 2.4000000000000004 0.4 0 0 0 0 0.4 0 0 0 0 0 0 0 0 0.2 18.8 0.4 0.6000000000000001 9.4 0.4 2.4000000000000004 0.4 0 0 0 0 0 0 0 0 0 0.4 0 0 0 0 0 0 0 0 0 0 0 0 0 3.2 0 0 0 0 0 0 0 0 0 0 0 0 0 
 9.200000000000001 25.200000000000003 48.6 47.6 73 95 69.8 42.6 15.4 19.400000000000002 0 30.400000000000002 47 8 15 19.6 62.400000000000006 12 9.8 14 15.4 0 0 6 0 0 1.2000000000000002 0.2 0 0 0 0 0 3.8000000000000003 0 0 0 0 14.8 14.600000000000001 0 0.4 28.8 0.2 0 0 0 0 0.4 0.4 0 0 0.6000000000000001 0 2 0.6000000000000001 0 0 0.8 0 0 7.2 0 0 0.6000000000000001 1 4.4 0 0.4 0.2 0.6000000000000001 0 0 0 0.6000000000000001 0 7.6000000000000005 0.4 0.6000000000000001 0 0 0.2 4.800000000000001 4.6000000000000005 6 0 0 0 4.4 9 0 1 0 0 0 3.8000000000000003 0 0 0 2 0 0.2 1.4000000000000001 0 0 0 0 1.8 0 1.6 0 0.2 5 0.2 0 0 0.2 0 10 2 6 0 0 3.8000000000000003 0 0 0 0 0 0 0 0.4 0 0 0 0 0 0 0 0 0 0 0 0 0 0 0 0 0 0 0 0 0 0 0 0 0 0 0 0 0 0 0.2 3.4000000000000004 15.4 0 2.4000000000000004 0 0 14.4 5.6000000000000005 0 0 0 0 7 4 5.4 0 0 2.2 0 0 0 0 0 5.6000000000000005 0.8 0 3.6 0 0 8.6 3.8000000000000003 2.8000000000000003 0 0 2.4000000000000004 10.200000000000001 2.2 0 0 0 0 0 0 0 0 0 0 0 0.4 2.6 0 0 0 0 0 0 0 0 0 0 0 0.4 0 0 0 0 0 0 0 0 0 0 0 0 0 0 0 0 3.4000000000000004 0 0 0 0.4 17.400000000000002 0 0.8 0 0 1.2000000000000002 3 0 0 0 0 0 0 0 4.800000000000001 0 0 0 0 0 0 0 0 0 0 0 0 0 0 3.8000000000000003 0 0 0 0 0 0 0 0 0 0 0 0 0 0.4 
 10.200000000000001 19.8 41.800000000000004 8.4 11.8 45.400000000000006 5.800000000000001 90.2 24.6 10.600000000000001 30.400000000000002 0 11.200000000000001 6.2 24 43.6 81 37.4 5.800000000000001 9 0.6000000000000001 0 0.4 0.4 0.4 0 1 0.4 0 0 0 0 7.6000000000000005 15.200000000000001 3.8000000000000003 0.4 0.6000000000000001 0 45.400000000000006 14.600000000000001 0 0 0 0 0 0 0 0 0.2 0.8 0 1 0.2 0 2.2 0.4 0.6000000000000001 0.8 0.4 0 0 0.6000000000000001 0 0 0.6000000000000001 0 0 0 0.6000000000000001 1 1.8 0 0 0 0.6000000000000001 0 0 1 0 0 0 0 5.800000000000001 3 6.800000000000001 0.4 0 3.2 2.4000000000000004 4.6000000000000005 0 1.4000000000000001 0 0 0 4.4 3.6 2.6 0 2.2 1.8 0 0 0 0 0 0 7.6000000000000005 0 3 0 0 0 0.6000000000000001 0.2 0.2 0.2 0 2.8000000000000003 2.2 0 0 0 1.6 0 0 0 0 0 0 0 0 0 0 0 0 0 0 0 0 0 0 0 0 0 0 0 0 0 0 0 0 1 0 0.8 0 4.800000000000001 0 0 0 2 0 2.4000000000000004 2.8000000000000003 2.4000000000000004 0 0 0 0 4.2 7.6000000000000005 0.4 0 0 0 2 2.8000000000000003 7.2 0 1.4000000000000001 6 0 2 0 0 0 2.2 0 0.2 0 0 0 2.2 1.6 0 0 0.2 0 4.6000000000000005 2 0.2 0 0 0 0 0 0 0 0 0 0 0 0 0 0 0 0 0 0 0 0 0 0.4 0 0 0 0 0 0 0 0 0 0.4 0 0 0 0 0 0 0 0 0 0 0 0 0.8 17.6 0 0.4 17.2 0.4 3.2 0 0.4 0 0 0 0 0 0 0 0 0 0 0 0 0 0 0 0 0 0 0 0 0 0 0 0 0 0 0 0 0 0 0 0 0 0 0 0 
 46 9.600000000000001 24.200000000000003 13.4 57 65 43.800000000000004 17.6 42 36.800000000000004 47 11.200000000000001 0 56 21.8 7.2 9.8 25.400000000000002 22.400000000000002 36.2 0.8 0.6000000000000001 0 0.6000000000000001 0.6000000000000001 15.200000000000001 0.8 0 0 0 0.6000000000000001 0 0.4 0 0 0.4 0 0 0 0 0 0 0 0.4 0 0 0.6000000000000001 0 2.4000000000000004 0.6000000000000001 0 0 0.4 0 0.6000000000000001 0.4 0 0 0.2 0.4 0 0.6000000000000001 0 0.4 0.8 0 0.6000000000000001 0.4 0.6000000000000001 0 0.6000000000000001 0 0 0 1.4000000000000001 0 0 0 0.4 0 2 2 0.2 0 0 1.8 0.2 6.2 0.4 0.2 0.2 0 2.6 2.6 1.6 2 5.2 0.8 0 4.6000000000000005 0 0 0 0.4 0 0 0 0 0 0 0 0 0 0 0 0 0 0 0 0 0 0 0 0 0 0 0 0 0 0 0 0 0 0 0 0 0 0 0 0 0 0 0 0 0 0.6000000000000001 0 0 0 0 0.2 0.2 0 0 0 0 0 0.4 0 0 5.4 2.4000000000000004 0 1.8 0 0 0 6.2 0 0 4 1.2000000000000002 0 2 0 5.2 0 2.8000000000000003 1.8 4.4 0 0 0 0 0 0 0 0 0 0 0 0 0 0 0 0 0 0 0 0.4 0 4.6000000000000005 0 0 5.800000000000001 0 0 0 0 0 0 0 0 0 0 0 0 0 0.4 0 0 0.2 0 0 0 0 0 0 0 0 0 0 0 0 0 0.4 4 0 0 0 0 0 0 0 0 0.6000000000000001 0.2 0 0.8 0.4 0 1.8 0 0 0 0.4 0 0 0 0 0.2 0 2.6 0 0 0 0 0 0 0 0 0 0 0 0 0 3.2 0 0 0 0 0 0 0 0 0 0 0 0 0 
 13.4 27.8 76.2 58.400000000000006 58.800000000000004 57.6 41.2 17 39 51.400000000000006 8 6.2 56 0 110.2 25.6 9.200000000000001 41.800000000000004 34.2 16.6 0.8 0 0.2 0.6000000000000001 0 0 0.4 0 0 0 0 0 0 0 0 0 0 0 0 0.6000000000000001 0 0 0 0 0 0 0 0 0.4 0.8 0 13 0.4 0 0.6000000000000001 0.4 0 0 2.2 0 1.2000000000000002 11 0 0 0.6000000000000001 0 0 0.2 0.6000000000000001 0 0.6000000000000001 0.6000000000000001 0 0 5.6000000000000005 0 0 0 0.4 0 9.200000000000001 3.4000000000000004 0 1.8 0 0 0 6 2.4000000000000004 3.8000000000000003 0 4.2 4.4 3.2 2.2 4.4 4.6000000000000005 6.2 2.6 9.600000000000001 0 0 0 0 0 0 0.2 0 0 0 0 0 0 0 0 0 0 0 0 0 0 0 0 0 0 0 0 0 0 0 0 0 0 0 0 0 0 0 0 0 0 0 0 1.2000000000000002 1.4000000000000001 0 0 0 0 0 0 0 0.8 0 0 0 0 0 0 0 8 5.6000000000000005 0 3.6 2.4000000000000004 0 0 3.2 0 0 1.2000000000000002 1.6 4.4 0 1.8 1.8 0 2.8000000000000003 0 0 0 0 0 0 0 0 0 0 0 0 0 0.2 0 0 0 0 0 0 0 0 0 0 0 0 0 0 0 0 0 0 0 0 0 0 0 0 0 0 0 0 0 0 0 0 0 0 0 0 0 0 0 0 0 0 0 0 0 0 0 0 0 0 0 0 0 0 0.4 0 0 0.6000000000000001 0.4 1.6 0 0 0 0.4 0 0 0 0.4 0 0 2 0 0 0 0 0 0 0 0 0 0.4 0 0 0 0.2 3 0 0 0 0 0 0 0 0 0 0 0 0 
 47.400000000000006 36.2 31 74.4 134 29.8 53.2 23.200000000000003 78.80000000000001 33.800000000000004 15 24 21.8 110.2 0 99.4 8.4 29.8 22.6 38.400000000000006 0.4 0 0 41.6 0.6000000000000001 0.6000000000000001 0.4 0.4 0.4 0 0.2 5 0.6000000000000001 0 0.4 0 0 0 4.800000000000001 0.6000000000000001 0 0 0 0 0 0.6000000000000001 0 0 0 0.4 0.2 0 1 0.2 0.6000000000000001 0.4 0 0 0.4 0.6000000000000001 0 0.6000000000000001 1 0.6000000000000001 1 0 0 0 9.4 0.4 0.6000000000000001 0 0.4 0 0.6000000000000001 0 0.2 0 0.6000000000000001 0 4 2.8000000000000003 5 0.2 0 0.2 0 3.4000000000000004 1.4000000000000001 0 8.6 1 1.8 2.8000000000000003 9.200000000000001 3.2 1.2000000000000002 9.8 9.8 0.2 0.4 0 0 0 0 0 2 4.2 0 0 0 0 4.800000000000001 0 0 0 0 0 0.2 0.4 0 0 0 0.2 0 0 0 0 0 0 0 0 0 0 0 0 0 0 0.2 0 0 0 0 1.4000000000000001 1.2000000000000002 0 0 0 0 0 0 0 0 0 0 0 0 0 0 0 0 6 0 2.2 0 4.4 0 0 5.4 2.4000000000000004 0 0.2 0 3.4000000000000004 0 1.2000000000000002 3.2 3 4 0.2 0 0 0 0 0 0 0 0.4 0 0 0 0 0 0.2 0 0 0 0 9 2.8000000000000003 0 0 0 0 0 0 0 0 0 0 0 0 0 0 0 0 0 0 0 0 0 0 0 0 0 0 0 0 0 0 0 0 0 0 0 0 0 0 0 0 0 0 0 0 0 0 0 0.4 0 20.200000000000003 0 0.6000000000000001 0 0 0 0 0 0 0 0 0 0 0 0 0 0 0.4 0 0 0 0 0 0 0 0 0 0 0.4 0 0 0 0 0 0 0 0 0 0 0 0 
 29.400000000000002 43.800000000000004 36 9.200000000000001 107.80000000000001 50.6 7.6000000000000005 56.800000000000004 13 118 19.6 43.6 7.2 25.6 99.4 0 43 72.4 8.4 8.4 0.6000000000000001 0 0 0.6000000000000001 0 0 0.4 0 0 0 0 0 0 0 0 0 0 0 19.6 0.2 0 0 0.2 0 0 0 0 0 0.4 3.4000000000000004 0 0 0.4 0 0.6000000000000001 0.4 0 0 1 0 0 0.6000000000000001 0 0 0.6000000000000001 0 0 0 2.4000000000000004 0 0.6000000000000001 0 0 0.4 0.6000000000000001 0 0 0 0.4 0 2.6 22 0.6000000000000001 0.2 3.8000000000000003 1.6 0 0 10 2.2 5 0 5.4 1.2000000000000002 11 0 0 4.4 0 5.4 0.2 0 0 0 0 0 2.2 4 0 0 0 0 2 0 0 0 0.4 0 0.4 0 0 0 0 3 0 0 0 0 0 0 0 0 0 0.8 0 0 0 0 0 0 0 0 0 0 0 0 0 0 0 0 0 0 0 0 0 0 0 0 0.2 0 0 6.4 0 4.4 4 1.8 2.8000000000000003 4 2.4000000000000004 11.8 8 4.6000000000000005 0 3.2 1.6 9.600000000000001 6.2 2.6 0 0 0.2 0 0.2 0 0 0 2.2 0 0 0 0 0 0.6000000000000001 3 2.4000000000000004 0 0 0 5.800000000000001 2.8000000000000003 0 2.8000000000000003 4 0 0 0 0 0 0 0 0 0.4 0 0 0 0 0 0 0 0 0 0 0 0 0 0 0 0 0 0 0 0 0 0 0 0 0 0 0 0 0 0 0 0 0 0.2 0.4 0.4 0.4 26.200000000000003 0 2 0.4 0 0 0 0 0 0 0 0.4 0 0 0 0 0 0 0 0 0 0 0 0 0 0 1.8 0 0 0 0 0 0 0 0 0 0 0 0 0 0 
 8.4 5.4 37.800000000000004 25.8 15.200000000000001 52 6.2 9 11.600000000000001 10.600000000000001 62.400000000000006 81 9.8 9.200000000000001 8.4 43 0 13.8 7.4 8 13 0 0 1 0.4 15 0.4 0 0 0 0 0 0.2 14.600000000000001 0.2 0.2 0 0 31.400000000000002 15.8 0 0 0 0 0.2 0 0 0 0.2 0.4 0 0 0.6000000000000001 0 1.4000000000000001 0.6000000000000001 0.2 0 0.4 0.4 0 0.6000000000000001 0 0 0.6000000000000001 0 0 0 0.4 0 0.6000000000000001 0 0.8 0 0.6000000000000001 0 0 0 0.6000000000000001 0.2 0 0.4 5.2 2.4000000000000004 4.800000000000001 0.6000000000000001 0 0 0.2 0 2.8000000000000003 5.4 0 0 0 3.6 0 2.6 0 0 0.2 0.2 0 0 0 0 4 3 0 2 0 0 0 0 3.2 0 0 0 12.4 0 0 0 0 1.8 0 0 0 0 0 0 0 0 0 0 0 0 0 1.4000000000000001 0 0 0 0 0 0 0 0 0 0 0 0 0 0 1.2000000000000002 0 0 0 0 0 0 0 0 0 3 6.800000000000001 0.6000000000000001 2.6 0 0 0 3.8000000000000003 0 0.8 0 0 0 7 3.4000000000000004 2.6 0.6000000000000001 0 6.800000000000001 5 0 0 0 0 0.2 0 0.2 0 0 0 0.2 2.4000000000000004 0 0 0.2 0 11.8 5.2 0 0 0 0 0 0 2 0 0 0 0 0 0 0 0 0 0 0 0 0 0 0 0 0 0 0 0 0 0 0 0 0 0.2 0 0 2 0 0 0 0 0 0 0 0 0 0.2 17.2 0 0 0.2 0 2.4000000000000004 0 0 0.2 0 0 0 0 0 0 0 0 0 0 0 0 0 0 0 0 0 0 0 0 0 0 0 0 0 0 0 0 0 0 0 0 0 0 2.2 
 23.8 11.8 25.6 12.200000000000001 27.8 30.8 40.400000000000006 32.800000000000004 69.2 88.60000000000001 12 37.4 25.400000000000002 41.800000000000004 29.8 72.4 13.8 0 49 24.400000000000002 0.4 0 0 0.6000000000000001 0 0.6000000000000001 0.8 0 0.4 0 0 0 0 17.2 0 0 0.2 0 14.4 0 0 0 4.4 0.2 0.2 0 0 0.2 4 0.4 0 0 0.4 0.4 0.8 0.4 4.2 4.4 0 0 0 0.6000000000000001 0 0 0.6000000000000001 0 0 0 0.8 0 0.6000000000000001 0 0 0 0.6000000000000001 0 0 0 0.2 0 2 12.200000000000001 2 0 0 0 0 2.4000000000000004 5.6000000000000005 0.4 7 0 0 2.8000000000000003 4.2 3 1.2000000000000002 6.2 0 2.6 0 0 0 0 1.8 0 0 0.4 0 0 0 0 3 0 0 0 0 0 0.8 0.4 0 0 0 0.2 0 0 0 0 0 0 0 0 0 0 0 0 0 0.2 0 0.2 0 0 0 0 0 0 0 0 0 0 0 0 0 0 0 0 0 0.4 0 0 0.4 1.8 1 0.8 3.2 3.2 0 0 0.2 3.4000000000000004 6.2 0 0 0 1.2000000000000002 2 1.6 3 0 3.4000000000000004 0 0 0 0 0 0 0 0 0 0 0 0 0 0.4 0 2.8000000000000003 0 0 2.8000000000000003 0 0 0 0 0 0 0 0 0 0 0 0 0 0 0 0 0 0 0 0 0 0 3.4000000000000004 0 0 0 0 0 0 0 0 0 0.4 0 0 0 0 0 0 0 0 0 7.2 0 0 0 0.6000000000000001 18.2 0.6000000000000001 0.6000000000000001 17.8 0.4 1.6 0.8 0 0 0 0 0 0 0 0 0 2.4000000000000004 0 0 0 0 0 0 0 0 0 0 0 0 0 2.8000000000000003 0 0 0 0 0 0 0 0 0 0 0 0 0 
 21 16.8 7 50.400000000000006 9.8 9.600000000000001 11.4 58.800000000000004 77.80000000000001 11 9.8 5.800000000000001 22.400000000000002 34.2 22.6 8.4 7.4 49 0 49.6 0.4 0 0 0.8 0 0 1.4000000000000001 0 0.4 0 0.2 0 0 0 0.2 0 0.2 0 0 0 0 0 0 0 12 0 0 0.6000000000000001 0.4 12.4 0 0 1.2000000000000002 0 0.6000000000000001 0.6000000000000001 0 0 1.2000000000000002 0 0.4 0.6000000000000001 0 0 0.6000000000000001 0.4 0 0 0.4 0 0.6000000000000001 0 0 0 0.6000000000000001 0 0 0 1.2000000000000002 0 2.4000000000000004 0 2.6 0 0 0 0.6000000000000001 14.4 0 0 0 2.6 6.2 0.6000000000000001 6.6000000000000005 2 0 3.2 7.800000000000001 2.6 0 0 0 0 0 0 0 0 0 0 0 0 0 0 0 0 0 0 0 0 0 0 0 0 0 0 0 0 0 0 0 0 0 0 0 0 0 0 0 0 0 0 0 0.4 0.8 0 0 0 0 0 0 0 0 0 0 0 0 0 0 0 1.6 0.2 0 0 0 0 2.2 1.6 2.2 0 0 0.4 5.800000000000001 4 0 0 1 0 5.6000000000000005 0 0 0 0 0 0 0 0 0 0 0 0 0 0 0 2.8000000000000003 0 0 0 0 0 0.2 3 0 0 0 0 0 0 0 0 0 0 0 0 0 0 0 0 0 0 0 0 0.4 0 0 0 0 0 0 0 0 0 0 0 0 0 0 0 0 4 0 0 0 0 0 0.2 0 0 0 0.2 0 0.6000000000000001 0 0 0 0 0 0 0 0 0 0 0 0 0 0 0 0 0 0 0 0 0 0 0 0 0 0.2 0 0 0 0 0 0 0 0 0 0 0 0 
 10.200000000000001 8.6 41 8.200000000000001 12 11.600000000000001 43.2 25.8 18.8 31 14 9 36.2 16.6 38.400000000000006 8.4 8 24.400000000000002 49.6 0 0.4 0 0 0.6000000000000001 0 0 0.4 0 0 0 0 0 0 0 0 0 0 0 0 0 0.4 0 0 0 0 0.4 0.6000000000000001 0.6000000000000001 0.4 0.8 0.4 0 0.4 0.4 0.8 0.4 0.4 0 0.8 0 10.600000000000001 1 0 0 0.6000000000000001 0.2 0 0 0.6000000000000001 0 0.6000000000000001 0 0 0 0.6000000000000001 0 0.6000000000000001 0.2 0.4 0 5.4 2 4.800000000000001 5 0 0 8.6 5.4 2.2 2.8000000000000003 3 2.4000000000000004 4.4 1.6 0 7.6000000000000005 3.4000000000000004 2.8000000000000003 2.6 0 0 0 0 0 0 0 0 0 0 0 0 0 0 0 0 0 0 0 6.800000000000001 1.4000000000000001 0 0 0 0 0 0 0 0 0 0 0 0 0 0 3 0 0 0 0 0 0 0 0 0 1.2000000000000002 0 0 0 0 0 0 0 1.2000000000000002 0 0 0 0 0 0 0 2.6 4.6000000000000005 6.6000000000000005 0 0 0 3 5 7.6000000000000005 0 4 7.800000000000001 1.6 0.8 5.2 0.2 2 0.4 0 8.200000000000001 0 0.2 0 0 0 3.2 0 0 0 0 0 0 0 0 0 0 0 0 1.4000000000000001 0 0 0 0 0 0 0 0 0 0 0 3.6 0 0 0 0 2.4000000000000004 0 0 0 0 0 0 0 0 0 0 0 0 0 0 0 0 0 0 0 0 0 0 0 0 0 2.8000000000000003 0 0 0 0.6000000000000001 2 0 0.8 0.4 2 1 0 0 0 0 0 0 0 0 0 0.2 2 0 0 0 0 0 0 0 0 0.2 0 0 0 0 1.6 0 0 0 0 0 0 0 0 0 0 0 0 0 
 1 0.4 0.6000000000000001 15.8 15.8 8.4 0.4 0.4 0.8 13.600000000000001 15.4 0.6000000000000001 0.8 0.8 0.4 0.6000000000000001 13 0.4 0.4 0.4 0 36.6 44.400000000000006 82.80000000000001 5.4 5.800000000000001 43.400000000000006 26.8 6.800000000000001 7.6000000000000005 23.6 21 25.8 26.8 49.800000000000004 51.2 24.8 25.6 39.6 22.400000000000002 0 0.4 0 0 0 0.6000000000000001 0 0 14 0.6000000000000001 1.4000000000000001 0 0.6000000000000001 1.6 0.6000000000000001 0 0 0 16.400000000000002 0 0.6000000000000001 0 0 0.6000000000000001 0.6000000000000001 0 0 0 10.200000000000001 0 0.6000000000000001 0 0.2 0 0 0.4 0 0.4 0.4 0.4 0 0 0 2.2 4.2 7 0 0 0 0 1.4000000000000001 2.2 0 0 0 0 0.2 0 0 0 1.8 3.4000000000000004 4 3.8000000000000003 2.2 1.4000000000000001 2.4000000000000004 3.6 0.2 2.8000000000000003 0.2 2.2 0 2.2 0 0 3.6 2.2 1.4000000000000001 1.4000000000000001 0 0 0 0 0 3.8000000000000003 0 0 0 0 0 0 0 0 0 0 0 0 0 0 0 0 0 0 0 0 0 0 0 0 0 0 0.8 0 0 0 0 1.6 0 0 0 0 2.2 0 4.800000000000001 5 0 0 0 0.2 0 1.6 0 0 0 0 0 0 0 0 3.2 5 1.6 2.8000000000000003 0 0 1 0 2.2 0 2.6 2 9.200000000000001 5.2 2.4000000000000004 0.2 2.2 0 8 2.6 0 0 0 0 0 0 0 0 0 0 0 0 1.4000000000000001 0 4.800000000000001 0 0 0 0 0 0 0 0 0 0 0 0 0 0 0 0 0 0 0 0 0 0 0 0 0 0 0 0 0 0 0 15 0 0 0 0 0.2 0 0 0.4 0.4 0 0 21.200000000000003 0 0 0 0 0 0 0 0 0 0 0 0 0 0 0 0 0 0 0 0 2.2 0 0 0 0 0 0 0 0 0 0 
 0 0 0 0 14.8 0 0 0 0.2 0 0 0 0.6000000000000001 0 0 0 0 0 0 0 36.6 0 33.6 80 25.6 9.200000000000001 17.8 66.8 48.2 14.200000000000001 26 38.6 7.800000000000001 6.4 28.200000000000003 55.2 27 32.2 10.200000000000001 37 0 0.4 0 0 0 0 0 0.4 7 1 0.6000000000000001 0.2 6.4 2.2 0.6000000000000001 0 0 0 25.400000000000002 15 0.6000000000000001 0 0 0.6000000000000001 0.6000000000000001 0 0 0 0.6000000000000001 0 0.6000000000000001 0 0.6000000000000001 0 0 0 0 0.4 0.4 0 0 0 0.2 2.4000000000000004 0 0 0 0 0 0 0 0.2 0 0 0.2 0 0 0 0 0 0.2 0.2 4.4 0 2.4000000000000004 2.6 2.2 2.4000000000000004 3.2 0.4 4.4 11.200000000000001 0 5.6000000000000005 5.800000000000001 7.6000000000000005 2.6 12.8 0 0 0 0 0 0 0 0.2 0 0 0 0 0 0 0 0 0.2 0 0 0 2.6 0 0 0 0 0 0 0 0 0 0 0 0 0 0 0 0 0 0 0 0.4 0 0.2 0 1.6 0 0 0 0 1.6 0 0 0 0 0 0 0.8 0 0.2 0 0.6000000000000001 0 5.6000000000000005 8.4 0 2.6 5.800000000000001 1.8 0.2 0.2 2.4000000000000004 2.4000000000000004 3.6 5.800000000000001 0 2.8000000000000003 1.6 0 12 2.2 0 0 0 0 0 0 0 0 0 6 0.4 0 0 0 2.6 0.4 2.6 0 0.2 0 0.4 0 0 0 0 0 0 0 0 0 0 0 0 0 0 0 0 0 0 0 0 0 0 0 0 0 0 0 0 0 0 0 0 0 0 0 1.4000000000000001 0.4 0 5.6000000000000005 31.6 0.4 0 4.2 0 0 0 0 0 0 0 0 0 0 0 0 0 0 0 0 0 0 0 0 0 0 0 2.2 0 0 0 0 
 0 0 0 0 0 0 0 0 0 0 0 0.4 0 0.2 0 0 0 0 0 0 44.400000000000006 33.6 0 14.8 29 36 30.400000000000002 36.6 47.400000000000006 59 24.6 6.800000000000001 15.600000000000001 26.6 16.2 16.400000000000002 41.800000000000004 35.6 17.400000000000002 8.8 0 0.6000000000000001 0 0.8 0 0 7 1.2000000000000002 1 0.6000000000000001 0.6000000000000001 0 0.6000000000000001 12.600000000000001 0.6000000000000001 0 13 0 0.2 0 1 0 0 0.6000000000000001 0.6000000000000001 0 0.4 0.4 0.6000000000000001 0 0.6000000000000001 0.8 0.6000000000000001 0 1.2000000000000002 1.4000000000000001 0 1.2000000000000002 0.4 0 0 0 0 0 0 0.4 0 0 0 0 0 0 0 0 0 0 0 0 0 0 3.8000000000000003 4.6000000000000005 0 6.800000000000001 2.4000000000000004 5.800000000000001 3 6.2 2.4000000000000004 2.6 15.600000000000001 0.2 1.8 2.6 0.2 5.6000000000000005 6.4 0 0 0.2 0.2 0 1.8 0 0 0 1.8 0 0 0 0 0 0 0 0 0 0 0 0.2 5 0 0 0 0 0 0 0 0 3.4000000000000004 0 0.2 1 0 0 0 0 0 0 0 0 0 0 0.2 0 0 0 0 0 0 0 0 0 0 0 0.2 0 0 0 0.8 0 7.800000000000001 0.2 5.800000000000001 3.6 3.8000000000000003 6.4 2.6 6.800000000000001 2.4000000000000004 2.6 0 0 0 2.8000000000000003 6 5.6000000000000005 4 0 0 0 0 0 0 0.4 0 0 1.8 0 0 0 0 0 7.4 1.8 0.2 0 0 0 2 1 0 0 0 0 0 0 0 0 0 0 0 0 0 0 0 0 0 0 0 0 0 0 2.6 0 0 0 0 0 0 0 0 0 0 0 0.2 0 0.4 0.2 0.2 0 5.800000000000001 0 0 0 0 0 0 0 0 0 0 0 0 0 0 0 0 0 0 2.8000000000000003 0 2 0 0 0 0 2 0 0 0 
 0.6000000000000001 0.6000000000000001 0.6000000000000001 0.6000000000000001 0.4 0.8 0.8 0.6000000000000001 0.6000000000000001 0.6000000000000001 6 0.4 0.6000000000000001 0.6000000000000001 41.6 0.6000000000000001 1 0.6000000000000001 0.8 0.6000000000000001 82.80000000000001 80 14.8 0 17.8 34.2 16.8 29.6 47.2 18.400000000000002 13.200000000000001 10.4 66.8 12.200000000000001 40.6 10.600000000000001 81.80000000000001 52.2 60.6 12.600000000000001 0 0.6000000000000001 16.8 0 0 0 0 0 0.6000000000000001 0.8 0.6000000000000001 0.2 6.800000000000001 0.4 0.6000000000000001 0 0 0.4 25.400000000000002 0 0.6000000000000001 0 0 8 0.6000000000000001 0 0.2 2.6 0.4 0 0.6000000000000001 1 0.2 1.2000000000000002 0 0.4 0 0.8 0.6000000000000001 2.2 0 0 0 0 0 0 0 0 0.4 0 2 0 0 0 0 0 0 0 2.4000000000000004 0 0.2 6.4 4.4 6 1.8 5.2 8.200000000000001 2.4000000000000004 3 0 5.6000000000000005 6.2 0 1.8 3.6 3.6 1.6 10 0 0 6.800000000000001 0 0 0 0 0 0 0 0 0 0 0 0 0 0 0 0 0 3.4000000000000004 0 0 3.4000000000000004 0 0 0.4 0 0 0 0 0 0 0 0.2 0.2 0 0.2 0 0 0 0 0 0 0.6000000000000001 0 0 0 0 0 0 0 0 0 0 0 0.6000000000000001 0 0 0 0.4 0 0.2 6.4 0.2 2 1.6 2.8000000000000003 0 0 5.6000000000000005 2 5.4 7.6000000000000005 0 0 0 4.6000000000000005 10.200000000000001 5.6000000000000005 0 0.4 0 2.6 0 0 0 0 0.2 3.8000000000000003 0 0 0 0.4 2.8000000000000003 0 5.800000000000001 0 0 0 2.6 0 0 0 0 0.4 0 0 0 0 0 0 0 0 0 0 0 0 0 0 0 0 0 0 0 0 0 0 0.2 0 0 0 0 0 0 0 1 0 0.2 0 16.2 0.4 0 0.4 0 0 0 0 0 0 0 0 0.8 0 0 0 0 0 0 0 0 0 0 0.2 0 0 0 2.4000000000000004 0 0 0 0 
 0.4 0 0 0 0.4 0 0 41.400000000000006 0 0 0 0.4 0.6000000000000001 0 0.6000000000000001 0 0.4 0 0 0 5.4 25.6 29 17.8 0 60 11.600000000000001 15.200000000000001 28.6 49.400000000000006 55.2 24.200000000000003 99.4 10.4 10.600000000000001 9.4 6.800000000000001 10 55.2 19.200000000000003 13 0.4 0 0 0 0 9.8 3 0.6000000000000001 1 0.6000000000000001 0 14.600000000000001 13.200000000000001 13.8 5.800000000000001 0 0.4 0.8 0.2 1.6 0 0 0.6000000000000001 0.6000000000000001 0 10.600000000000001 0 0.6000000000000001 0 0.6000000000000001 1.8 1.4000000000000001 0 0 0 0 0.4 0.4 0 0 0 0 0 0 0.4 0 0 0 0 0 0 0 0 0 0.2 0 0 0 0 0 2.8000000000000003 0 3.8000000000000003 1.8 3.4000000000000004 0 0 0 0 3.8000000000000003 0 0 0 0 0 8.200000000000001 0 0 0 0.2 7.2 4.4 0 0 0 5 4.800000000000001 0 1.4000000000000001 0 0 1.4000000000000001 1.2000000000000002 4.2 3.6 4.2 1.2000000000000002 5.4 5.6000000000000005 0 0 0 0 0 0 0 0 0 0 0 4.6000000000000005 0 0 0 0 0 0 0 0 0 0 0 0 0 5.2 0 3.2 0 0 0 0 0 0 0 0 0 1.4000000000000001 0 0 0 0 0 0 8.4 0 0 0 0 0 0 0 0 0 0 4.4 0 0 0 0 4.4 2.2 1.8 0.4 0 0 2.4000000000000004 0 3.2 2.6 0 0.2 2.8000000000000003 2 5.2 6 3 0 1.8 0.2 0 0 0 0 0 0 0 0 0 0 0 0 0 0 0 0 0 0 0 0 0 0 0 0 0 0 0 0 0 0 0 0 0 0 3.2 0.4 1.2000000000000002 9 0 0 0.6000000000000001 0 0 0 0 0 0 0 0 0 0 0 0 0 0 0 0 0 0 0 0 2 0 0 0 0 0 0 0 0 
 0 0 0.2 0.2 0 0 0 0 0.2 0.2 0 0 15.200000000000001 0 0.6000000000000001 0 15 0.6000000000000001 0 0 5.800000000000001 9.200000000000001 36 34.2 60 0 9.200000000000001 5 32.2 16.400000000000002 23 11.8 6.800000000000001 9.8 9.4 26.8 6.800000000000001 8.6 7.800000000000001 12.200000000000001 23.6 0.4 0 1.8 0 0 38.6 0 0.8 0.6000000000000001 0.6000000000000001 0 0.6000000000000001 4.4 0.6000000000000001 12.200000000000001 0.2 0 0.4 12.4 0.6000000000000001 0 0 0.6000000000000001 0.6000000000000001 0 0 0 0.6000000000000001 0 0.6000000000000001 0 0.8 0 0 1 0.2 0.4 0.4 0 0 0 0 0 0 0 0 0 0 0 0 0 0.2 0 0 0 0 0 0 0 0 1.8 0 1.6 2 0 0.4 0 0 0 1.2000000000000002 0.2 0 0 0 0 2.6 0 0 0.4 4.4 4 4.2 5.6000000000000005 0 0 7.4 0.2 0 0 2.8000000000000003 0.4 1.6 0 0.4 2 0 0 2.2 1.4000000000000001 0 0 0 0 0 0 0 0 0 0 0 1.2000000000000002 0 0 0.2 1.4000000000000001 0 0 0 0 0 0 0 0 0 1.2000000000000002 0 0 0 0 0 0 0 0 0 0 0 0.8 0 0 0 0 0 0 2 2.2 0 0 0 0 2.4000000000000004 0 0 0 0 1.8 1.8 0 0 0 3.4000000000000004 3.4000000000000004 0.2 2.8000000000000003 1.2000000000000002 0 3.6 0 1.4000000000000001 1.6 1.8 0.2 2.6 9.200000000000001 5.2 4.6000000000000005 9.600000000000001 0 9.600000000000001 6.4 0 0 0 0 0 0 0 0 0.2 0 0 0 0 0 0 0 0 0 0 0 0 0 0 0 0 0 0 0 0 0.4 0 0 0 0 3.2 0 0.2 29.6 0 0.2 0.4 0.2 0 0 0 0 0 0 0 0 0 0 0 0 0 0 0.4 0 0 0 0 2.4000000000000004 0 0 0 0 0.2 1.8 0 0 
 0.4 0.4 0.4 13.600000000000001 15.600000000000001 0.4 0.4 0.4 0.4 1 1.2000000000000002 1 0.8 0.4 0.4 0.4 0.4 0.8 1.4000000000000001 0.4 43.400000000000006 17.8 30.400000000000002 16.8 11.600000000000001 9.200000000000001 0 66.60000000000001 28 24 5.6000000000000005 6.2 21.200000000000003 24 13.600000000000001 26.200000000000003 40.800000000000004 22.400000000000002 15.4 38.400000000000006 0.6000000000000001 0.8 0 0.4 0.4 0.6000000000000001 1.6 0.6000000000000001 1.2000000000000002 0.8 1 0.6000000000000001 0.8 0 1.4000000000000001 0.2 3.4000000000000004 0.4 1 0.6000000000000001 2 0 0 1.4000000000000001 0.6000000000000001 1.2000000000000002 0.8 0 0.4 0.4 1.2000000000000002 0.4 0.4 10.600000000000001 1.4000000000000001 0.4 0 0.4 0.4 0 0 0 0 0 0.2 4 0 0 0 4 0.4 4 0 0 0 0 0 0 0 0 6.2 7.4 1.6 4.4 0 0 5 3.4000000000000004 11.4 2.6 2.4000000000000004 1.8 0 3 7 24 3 1.6 4 6 0 3.8000000000000003 0 0 0 0 0 0 0.4 0 0 0 0 0 0 0 0 0 0 0 0 0 0 0 0 0 0 0 4.6000000000000005 0 0 0 0 0 0.2 0 0 0 0.6000000000000001 0 0 0 0 0 10 0 0 0 0 0.8 0 0 0 0 0 0 0 0 0 0 6.6000000000000005 3.2 2.6 9.4 0 0 4.4 4.4 9.8 2.2 1.2000000000000002 0 4.6000000000000005 6.6000000000000005 3 1.4000000000000001 3.2 4.800000000000001 0 2.6 0 0 0 0 0 0 0 0 0 0 0 0 0 0 0 0 0 0 0 0 0 0 0 0 0 0 1.4000000000000001 0 0 0 0 0 0 0.2 0 0 0 0 0 0 0 0 11.600000000000001 0 0 0 0 0 0 0 0.4 0 0 0.4 0.4 0.2 0.2 0.4 0 0.4 2.2 2 0 0 0 0 0 0 0 0 0 0 0 0 0 0.2 0 0 0 2.6 0 0 0 0 0 0 0 0 0 0 
 0.2 0 0 14.8 3.6 0 0 0.8 0 0 0.2 0.4 0 0 0.4 0 0 0 0 0 26.8 66.8 36.6 29.6 15.200000000000001 5 66.60000000000001 0 17.2 34.6 49.2 55.2 27.8 46.6 31 55.2 42 8.4 54.800000000000004 15.200000000000001 0 0.4 0 0 0 0 0 0 15 0.6000000000000001 0.6000000000000001 0 1.4000000000000001 12.8 41.400000000000006 0 4.6000000000000005 0 5.6000000000000005 12.600000000000001 0.6000000000000001 0 0 1 1.2000000000000002 0 0 0 11 0.6000000000000001 0.6000000000000001 0 0.8 0 0 0.2 0 0.4 0.6000000000000001 0 0 0 0 0 2 2.6 0 0 0 0.6000000000000001 0 2.6 0 0 0 0 0 0 0 0 19.200000000000003 2.6 6.4 0.8 0 0 5 4.800000000000001 12.200000000000001 6.4 2.8000000000000003 2.6 0 6 0 5.4 1.6 8.4 0.2 0.2 0.2 2 0 0 0 0 0.2 0 0 0 0 0 0 0 0.2 0 0 0 1 0.4 0 0 0 2 0 0 0 5 0 0 0 0 0 0 0 0 0 0 1 0 0 0 0 0 2 0 0 0 0 0 0 0 0 0 0 0 0 0 0.2 0 5.2 6.4 3.6 4.2 0 0 1.6 6.6000000000000005 0.2 2.2 3.2 0 4.2 10.4 2.8000000000000003 1.2000000000000002 6.800000000000001 4.2 0 0 0 0 0 0.4 0 0 0 0 0 0 0 0 0 0 0.2 0 0 0 0 2 0 0 0 0 0 0 0 0 0 0 0 0 0 0.2 0 0 0 0 0 0 0 0 4 0 0 0 0 0 0 0 0 0 0 0 2.6 0 0 16.2 1.2000000000000002 0 0.6000000000000001 0.8 0 0 0 0 0 0 0 0 0 0 0 0 0 0 0 0 0 3.4000000000000004 0 0 0 0 0 0 0 0 0 0 
 0 0 0 0 0 1 0.2 12.200000000000001 0 0 0 0 0 0 0.4 0 0 0.4 0.4 0 6.800000000000001 48.2 47.400000000000006 47.2 28.6 32.2 28 17.2 0 30.6 8.6 23.400000000000002 25.6 31.200000000000003 16.400000000000002 30 18 11.200000000000001 59.2 14 0.6000000000000001 0.4 0 0 0 0.4 12.600000000000001 1.4000000000000001 1.2000000000000002 0.6000000000000001 14.200000000000001 0 7 12.600000000000001 0.6000000000000001 0 15 0.4 12.8 0.4 1.6 0 0 0.6000000000000001 0.6000000000000001 0.4 0 0 0.6000000000000001 0 13.8 0 1.6 0 1 1.6 0 0.4 0.4 0 0 0 0 0 0 0 0 0 0.2 0 0 0 0 0 0.6000000000000001 0 0 0 0 0 0 2.6 2.2 6.2 3 0 0 0 2.2 3 10.4 1.4000000000000001 1.8 0 3 5.800000000000001 3.8000000000000003 2.6 0 0 2 0 0.2 0 0 0 4 0 0 0 0 0 0 0 0 0 0 0 2.4000000000000004 3.2 0 0 0 0 0.2 0 0 0 0 0 0.2 1.6 0.4 0.4 0 0.4 0 0 0 0 0 0 0.6000000000000001 0 0 0 0 0 0 0.2 0 0 0 0 0.6000000000000001 0 0 0 1.2000000000000002 0 2 6.4 2.2 0 2 10.8 0.6000000000000001 2.8000000000000003 5.4 1.8 6.2 3.8000000000000003 3.2 5.800000000000001 2.6 7 3.8000000000000003 1.6 0 0.8 0 0 0 0 0 0 0 2.2 0 0 0 0 12.200000000000001 1.8 4.6000000000000005 0 0 0 2 1 0 0 0 0.2 0 0 0 0 0 0 0 0 0 0 0 0 0 0.4 0 0 0 0 1 0 0 0.4 0 0 0 0 0.2 0 0.8 0 0.4 0 0 0.2 0 0.4 0.6000000000000001 0 0.4 0 0 0.4 0.2 0 0 0 0 0 0 0 0 0 0 0 0 0 0 3.4000000000000004 0 0 0 2.4000000000000004 2 0 0 0 
 0 0 0 0 0 0.8 0 0 0.6000000000000001 0 0 0 0 0 0 0 0 0 0 0 7.6000000000000005 14.200000000000001 59 18.400000000000002 49.400000000000006 16.400000000000002 24 34.6 30.6 0 57.6 42 10.200000000000001 27.6 15.600000000000001 60 30.8 52 17 17.8 0 0.4 0 0 0 0 26.200000000000003 13 0.8 0.6000000000000001 0.6000000000000001 0 13 0.2 0.6000000000000001 0 5.4 0 69 18.6 0.6000000000000001 0 0 0.6000000000000001 0.6000000000000001 0 0 0 0.6000000000000001 0 1.6 0 1 0 0 0.8 0 0.4 0.4 0 0 0 1 0 0 0 0 0 0 0 0 0 0 0 0 0 0 0 0 0 0 0 7.6000000000000005 2.8000000000000003 4 4.4 0 0 4 0 3.8000000000000003 5.2 0 0.4 0 2 0 2.6 0 0 0 5.6000000000000005 1 0 0 0 0.2 0 0 0 0 0 4 0 3.2 0 0 0 3.8000000000000003 5.6000000000000005 0 0 0 0 0 0 0 0.4 0 0 0 1.6 0 0 0 0 0 0 0 4 0 0 0 0 0 0 0 0 0 0 0 0 0 0 0 0.6000000000000001 0 1 0 0 5.2 2.8000000000000003 1.8 8 5.4 0 2.2 3.4000000000000004 0.2 4.2 1.4000000000000001 0 2 3.2 3.6 1.6 5.800000000000001 4.800000000000001 0 0 0 0 0 0 0 0 2 2.8000000000000003 0 0 6.4 0 4.4 2.2 0 0 0 0 1.4000000000000001 22.8 0 0 0 0 0 0 0 0 0.2 0 0 0 0 0.2 0 0 0 0 0.4 0 0 0 2 0 0 0 0 0 0 0.4 0 0 0 0 2 0 0 15.4 15.8 0 0.8 0.4 0 0 0 0 0.4 0 0 0 0 0 0 0 0 0 0 0 0 0 0 2.6 0 0 0 0 0.8 0 0 0 
 0 0 0.4 0 0 0 0 0 0.2 0 0 0 0.6000000000000001 0 0.2 0 0 0 0.2 0 23.6 26 24.6 13.200000000000001 55.2 23 5.6000000000000005 49.2 8.6 57.6 0 27.200000000000003 10.4 48.2 22.400000000000002 14.4 17.6 45.2 10.4 9.200000000000001 0 0.4 0 0 0 0 36.4 23.400000000000002 0.8 0.6000000000000001 0.6000000000000001 0 0.8 1.6 43 0 5.4 0 13.4 12.4 0.6000000000000001 0 0 1.4000000000000001 0.6000000000000001 0 0.4 0 0.6000000000000001 0 1.8 0 1 0 1.2000000000000002 0.2 1.4000000000000001 0.4 0.4 0 0 0 0 0 0 0 0 0 0 0 0 0 0 0 0 0 0 0.2 0 0 0 0 6.4 0 7.800000000000001 12.8 2.6 2.4000000000000004 0 0 0.2 8.200000000000001 0 3.8000000000000003 1 0 0 13.4 0 0 0.2 3.8000000000000003 1.6 0 0 0 3.4000000000000004 2.2 0 0 0 0 7 1.8 4 0 0 5 1.8 3.4000000000000004 0 0 0 0.2 0 0 0 0.6000000000000001 0 0 0 0.8 0 0 0 0 0 0 0 0.4 0 0 0 0 0 0.4 0 0 0 0 0 0 0 0 0 0.4 0 0 0 0 0.4 0 2 7.2 3.4000000000000004 0 0 0 2.2 0 0.2 5.800000000000001 0 0 0 3.6 0.2 0 0 0 4 3.2 0 0 0 0 4 5.6000000000000005 0 0 0 0 2.4000000000000004 5 0 0 0.2 0 3.4000000000000004 6.2 0 0 0.2 0 0 0 0 0 0 0 0 0 0 0 0 0 0 0 0 0 0 0 0 0 0 0 0 0 0 0 0 0 0 0 0.8 0.4 0.4 15.200000000000001 3.6 0 1 0.4 0 0 0 0 0.4 0 0 0 0 0 0 0 0 0 0 0 0 0 0 2.4000000000000004 0 0 0 0 0 0 0 0 
