 0 41.2 18.2 11.8 11.8 5.2 36 28.200000000000003 13.8 63.800000000000004 33 48.2 50.800000000000004 10.4 12 44.6 29.6 44.400000000000006 26.8 126 0 0 0 0 0.4 0.4 0 0 0 0.8 0 0 0 1 0 1.4000000000000001 0.4 0 0.4 0 2.4000000000000004 0.6000000000000001 0 0.6000000000000001 0.6000000000000001 0.6000000000000001 0 0.6000000000000001 0 0 0 0.4 0 0.4 0.6000000000000001 0 0.2 0 1.4000000000000001 0 0 0.4 0.4 0 0 0.4 0 0.2 0.4 0 0 0 0 0 0 0 0 0 0 0 2.6 3 0 0 2 3 2.4000000000000004 3 3.8000000000000003 6 2.6 4.4 6.800000000000001 3.4000000000000004 6.4 5.6000000000000005 0.4 1.6 4.6000000000000005 9.200000000000001 0 0 0 0 0 0 0 0 0 0 0 2.6 0 0 0 0 0 0 0 0 0 0 0 0 0 0 0 0 0 0 0 0 0 0 0 0 0 1.8 0 0 0 0 0 0 0 0 0 0 0 0 0 0 0 0 0 0 0 0 0 0 9.200000000000001 2.8000000000000003 1.8 2 0 0.4 4 3.2 0 4 5.4 2.8000000000000003 3.2 2.8000000000000003 5.4 2.2 0 4.6000000000000005 2 1.6 0 0 0 0 0 0 0 1.2000000000000002 0 0 0.6000000000000001 0 0 1.2000000000000002 0 0 0 0 0 0 0 0 0 0 0 0 0 0 0 0 0 0 0 0 0 0 0 0 0 0 0 0 0 0 0 0 2.6 0 0 0 0 0 0 0 0.2 0 0 0 0 0 0 0 0 0 0 0 0.2 0.4 1 0 0 0.8 0 0.4 0 0 0 0.2 0 0 0 0.4 0 0 0 0 0 0 0 0 0 0 0 0 0 0 0 0 0 0 0 0 0 0 0 0 0 0 0 0 
 41.2 0 43.400000000000006 35.4 24.200000000000003 42.6 32.2 62.800000000000004 32.4 42 11.600000000000001 7.4 8.4 7.2 38.400000000000006 50.6 74.2 47.400000000000006 28 10.200000000000001 0 0.6000000000000001 0 0.4 0.8 0.6000000000000001 14.8 0.4 0 0.4 0 0.6000000000000001 7.800000000000001 1.2000000000000002 0 0 0 0.4 15 0 1.2000000000000002 0 0 0.6000000000000001 0 0 0 0 12.200000000000001 0 0 0.4 0 0.4 0 0 0.4 0 1.6 0.6000000000000001 0 0.4 7 1 0 0.4 1 0.6000000000000001 0 0 0 0 0 5 0 0 0 0 0 0 0 4.4 2.4000000000000004 2.6 0 0 2.4000000000000004 2 3.2 0 0 0.4 5.4 4.6000000000000005 0.4 11.8 2.4000000000000004 2.6 0 0 2.4000000000000004 4 0 0 0 0 1.6 0 0 0 0 0 2.2 0 0 0 0 0 6.800000000000001 0 0 0 0 0 0 0 0 0 0 0 0 0 0 0 0 0 0 0 0 0 0 0 0 0 0 0 0 0 0 0 0 0 0 0 0 0 0 0 0 0 0 0 7 3.4000000000000004 2 2.4000000000000004 0.4 0 1.8 3.8000000000000003 0 1.6 0.2 0 2.2 4 3.4000000000000004 0 1.4000000000000001 0 0 0 0 0 0 0 0 0 0 0 0 0 4.4 2.4000000000000004 0 0 0 0 0 0 0 0 0 0 0 0 0 0 0 0 0 0 0 0 0 0 0 0 0 0 0 0 0 0 0 0 0 0 0 0 0 0 0 0 0 0 0 0 0 0 0 0 0 0 0 0 1.6 0 0.4 5.6000000000000005 0 1 0 0 0 0 0 0 0 0 0 0 3 0 0 0 0 0 0 0 0 0 0 0 0 2 0 0 0 0 0 0 0 0 0 0 0 0 0 0 
 18.2 43.400000000000006 0 41 13.4 42.6 33.2 25.6 19 78.60000000000001 51.800000000000004 79 26 22.200000000000003 16.400000000000002 65.8 37.800000000000004 29.6 25.6 71.2 0.4 0 0 0.8 0 0 15 0 0 0.4 0 0 0 15.200000000000001 0 0 0 0 25 15.600000000000001 0.4 0 0 0.6000000000000001 0 0 0 0 0 12.200000000000001 0 0.4 0 0 0 0 0.2 0.4 0.4 0 0 0.8 0 0 0 0.4 0 0.6000000000000001 0 0 0 0 0 0 0 0 0 0 0 0 2.8000000000000003 2 2.6 1.2000000000000002 3 0.4 1.6 4.6000000000000005 6.6000000000000005 0 9 0.2 5.2 2 3.4000000000000004 6.2 4.4 7.2 3.4000000000000004 1.2000000000000002 0.4 2.8000000000000003 0 0 0 0 13.200000000000001 0 0 0 0 0 2.6 0 0.4 0 0 0 0.2 0 0 0 0 0 0 0 0 0 0 0 0 0 0 0 0 0 0 0 0 0 0 0 0 3.8000000000000003 0 0 0 0 0 0 0 0 0 2 0 0.2 0 0 0 0 0 2.8000000000000003 0 3 4 1 1.4000000000000001 6.4 3.6 0.4 0 2 0 0 5 1.8 5.800000000000001 5.2 0 2.4000000000000004 1.4000000000000001 0 0.2 0 0 0 0 0 1.6 0 0 0 0 0.2 0 0 0 5.6000000000000005 3.4000000000000004 0 0 0.4 0 0 0 0 0 0.2 0 0 0 0 0 0 0 0 0 1.8 0 0 0 0 0 0 0 0 1.2000000000000002 0 0 0 0 0 0 0 0 0 0 0 0 0 0 0 0 0 0 0.2 18.2 0 17.8 0 0 0.4 0 0 0 0 0 0 0 0 0 0 3 0 0 0 0 0 0 0 0 0 0 0 0 0 0 0 0 0 0 0 0 0 0 0 0 0 0 0 
 11.8 35.4 41 0 52.6 7.2 16 9.200000000000001 37.2 18.6 9.600000000000001 40.6 13.8 74.2 19.6 10.4 25 34 14 10 15.600000000000001 0 0 0 0.2 0 19.8 0 0 0.4 0 0.4 4.6000000000000005 3.8000000000000003 15 0 0 0.4 19.200000000000003 23.400000000000002 13 0 0 0.6000000000000001 0 0 0 0 4.800000000000001 0 0 0.4 8 0 0 0 0.4 1 0.4 0 0 0.4 0 0 0.2 0.4 0.2 0.2 0 0 0 0 0 0 0 0 0 0 0 0 3.8000000000000003 4.2 6.2 7 11 0 0 0 3.6 5.800000000000001 0 0 0 3.8000000000000003 0 1.6 2.6 0.8 0 0 0 0.2 0 0 0 0 3 2.2 0 0 0 0 0 2.4000000000000004 0 0 0 0 6.4 6.4 0 0 0 0 0 0 0 0 0 0 0 0 0 0 0 0 0 0 0 0 0 0 0 2.8000000000000003 0 0 0 0 0.4 0 0 1.8 0 7.800000000000001 0 0 0 0 0 0 0 5.2 0 0 14 0 0 0 0 7.2 2.4000000000000004 3.6 0 0 0 0.2 6 1.2000000000000002 0 0 1.8 0 0 0 0 0 0 0 0.2 0 0 0.4 3.6 2 1.2000000000000002 0 3 0.2 2.4000000000000004 2.4000000000000004 0 0 0 0 0 1.2000000000000002 0 0 0 0 0 0 0 0 0 0 0 0.4 0 0 0 0 0 0 0 0 0 0 0 0 0 0 0 0 0 0 0 2.4000000000000004 0 0 0 0 0 0 0.2 0 18.6 0.4 0 9 0 0.4 2 0.4 0 0 0 0 0 0 0 0 0 0 0 0 0 0 0 0 0 0 0 0 0 4.4 0 0 0 0 0 0 0 0 0 0 0 0 0 0 
 11.8 24.200000000000003 13.4 52.6 0 15.4 27 35.2 52.400000000000006 64 35.2 38.400000000000006 16 12.4 57.800000000000004 54.2 30 60.400000000000006 10.200000000000001 18.2 1 0 0 0.4 0.6000000000000001 0 29.8 0 1 0.4 1 0 30.400000000000002 0.6000000000000001 0 0 1 0 0.2 3.2 2.4000000000000004 0.4 0 1 0.4 8 0 0.6000000000000001 0.2 0 0 0.4 0 11.600000000000001 0 12.600000000000001 0.4 0 1.4000000000000001 0 0 0.6000000000000001 0 2.4000000000000004 0 0.4 0 0 0 0 0 0 0 0.2 0 0 0 0.6000000000000001 0 0 0.4 3 3.4000000000000004 2.2 6.800000000000001 0.2 0 0 0 12.200000000000001 2 9 0 3 1.2000000000000002 1.2000000000000002 6.4 0 0 0.4 5.2 0.4 0 0 0 0 1.2000000000000002 2.4000000000000004 0 0 0 0 6 5 0 0.2 0 0 0 7 0 0 0 0 0 0 0.4 0 5.800000000000001 0 0 0 0 0 0 0 0 0 0 0 0 0 0 3 0 0 0 0 0.2 0 0 0 0 0 0 0 0 0 0 0 3.8000000000000003 0 0.2 8.200000000000001 0 3 0 1.4000000000000001 3.8000000000000003 3 5.800000000000001 7 0 0 0 0 3.2 0.6000000000000001 0 0 0.8 0 0.2 0.2 0 0 0 0 0 1.4000000000000001 0 0 9.4 0 2 0.2 0.2 0 0 0 0 0.4 0 0 0 0 0 0.2 0 0 0 0 0 0 0 0 0 0 0 0 0 0.2 0 0 0 0 0 0 0 0 0 0 0 0 0 0 0 0 0 0 0 0 0 0 0 1.2000000000000002 0.4 0 0.4 17.8 0 0.8 0 0 0.2 0 0 0 0 0 0 0 0 0 0 0 0 0 0 0 0 0 0 0 0 2.4000000000000004 3 0.2 0 0 0 0 0 0 0 0 0 0 0 0 
 5.2 42.6 42.6 7.2 15.4 0 4 22 26 32.4 36.2 47.6 5.800000000000001 27.200000000000003 26.8 14.4 35.2 8.6 6 14 16 0 5.2 0 0 0 0 0 14.600000000000001 0.4 0.4 0 0 7.6000000000000005 0.2 0 0 0 33 0.2 0.6000000000000001 0 0 0.6000000000000001 0 0 0 0 5.4 0 0 0.4 0 0 15.4 0 0.4 0 0.6000000000000001 0 0 0.4 1.8 0 0 0.4 0 0.6000000000000001 0 0 0 0 0 0 0 0 0 1 0 0 1.6 4.6000000000000005 3.8000000000000003 6.2 2.8000000000000003 3.8000000000000003 0 0 3.4000000000000004 1.6 3.6 4.4 0 0 0 0.6000000000000001 1.8 2.8000000000000003 0 0 0.4 4 2.6 0.4 0 0 4.6000000000000005 0 2.6 0 0 0 2.2 5.800000000000001 2.4000000000000004 2.4000000000000004 0.2 6 4.800000000000001 0 0 0 0 0 0 0 0 0 0 0 0 0 0 0 0 0 0 0 0 0.4 0 0 0 1.6 0 0 0 0 0 0 0 0 0 3.2 0 0 0 0 0 0 0 3 2.8000000000000003 0.8 12.4 9.4 0 0 0 5.800000000000001 0.4 3 0.4 0 0 3.6 6 2 0 0 4 0 2.6 0 0 0 3.8000000000000003 3.2 0 0 3.2 0 0 9.200000000000001 0.2 0 0 0 3.8000000000000003 0 0 0 0 0 0 0 0 5.2 0 0 0 0 0 0 0 0 0 0 0 0 0 0 0 0 0 0 0 0 0 0 0 0 0 0 0 0 0 0 0 0 0 0 0 0 0 1 36.6 0 0.8 0 3 1.2000000000000002 0 0.8 0 0 0 0 0 0 0 0 2.6 0 0 0 6 0 0 0 0 0 0 0 0 0 0 0 0 0 0 0 0 0 0 0 0 0 0 0 
 36 32.2 33.2 16 27 4 0 23.6 66.60000000000001 6.4 23.8 40.2 39.400000000000006 7.6000000000000005 29.400000000000002 30 87.80000000000001 9.600000000000001 28.8 63.800000000000004 0.2 0.2 0 0 0.6000000000000001 0 0 0 0.6000000000000001 0.4 1.6 0 0 0.4 0 0.6000000000000001 0 0.4 0 0 1.2000000000000002 0 10 1 0 0 0 0 0 0.4 0.2 0.4 0.8 0 0 0 0.2 0 0.4 0 0 0.4 0 0 0 0.4 0 0.6000000000000001 0 0 0 0 0 0 0 0 0 0 0.4 0.4 0 0 5.4 0 0 3.4000000000000004 0.4 6.2 6.4 3.4000000000000004 9.8 0.8 4.4 4 4.4 2.6 3.4000000000000004 0.2 3.2 3.2 0 0 0 0 0 0 0 0 0 0 0 0 0 0 0 0 0 0 0 0 0 0 0 1.6 0 0 0 0 0 0 0 0 2.4000000000000004 0 0 0 0 5.6000000000000005 0 0 0 0 0 0 0 0 0 0 0 0 0 0 0 0 0 0 0 0 0 0 4.4 0 3 0 0 0 0 5.2 5.2 0.6000000000000001 2.4000000000000004 0 3.4000000000000004 3.2 3.6 3 3.4000000000000004 2.8000000000000003 5.6000000000000005 0.2 0 0 0 0 0 0 0 0 0 0.8 0 0.6000000000000001 0 0 0 0 0 0 0 0 0 0 0 0 0 0 0 0 0 0 0 0 0 0 0 0 0 0 0 0 0 0 0 0 2.2 0 0 0 0 0 0 0 0 0 0 5.2 0 0 2.6 0 0 1.4000000000000001 0 0 0.2 0.4 0.2 0 17.6 0 0.4 0 0 0 0 0 0 0 0 0 0 0 0 0 0 0 0 0 0 0 0 0 0 0 0 0 2.6 0 0 0 0 0 0 0 0 0 0 0 0 0 
 28.200000000000003 62.800000000000004 25.6 9.200000000000001 35.2 22 23.6 0 42.6 48.800000000000004 12.600000000000001 46 39 14 58.400000000000006 39.400000000000006 76 49.2 28.8 21.8 0 41 0 0 0.2 0 0 0.2 0 0.4 0 0 0.4 0 0 0 0 0 15 10 0.4 0 0 0.6000000000000001 0 0 0 0 0 0 0 0.4 0 0 15.200000000000001 0.4 0.4 0 1.8 0 0 0.6000000000000001 0 0 1.2000000000000002 0.6000000000000001 0 0 0 0 0 0 0 1.4000000000000001 0 0 0 0 0 0 0 2 5.4 0 2.8000000000000003 0 0 2 18.8 0 12.200000000000001 3 3.2 0 2.2 2.6 5.2 3.6 0 3 0 3.4000000000000004 0 0 0 0 2.8000000000000003 0 0 0 0 0 3 0 0 0 0 0.2 0 2.8000000000000003 0 0 0 0 0 0 0 0 0 0 0 0 0 0 0 0 0 0 0 0 0 0 0 0 0 0 0 0 0 0 0 0 0 0.2 0 0 0.4 0 1 0.4 3 3.6 11.8 4.4 5.6000000000000005 5 0 5 7.4 4.4 0 0 0 0 0 8.200000000000001 0 5.800000000000001 0 1.6 0 0 0 0 2.4000000000000004 0 0 0 0 0 0 0 7.6000000000000005 0 0 0 0 0 0 0 0.4 0 0.4 0 0 0 0.4 0 0.2 0 0 0 0 0.2 0 0 0.4 0 0 0.4 0 0 0 0 0 0 0 0 0 0 0 0 0 0 0 0 0 0 0 0 0 0 0 0 0 0.4 17.6 0.4 18 0 0.2 0.4 2.6 0 0 0 0 0 0 0 0 0 0 0 0 0 0 0 0 0 0 0 0 0 0 0 3.4000000000000004 0 0 0 0 0 0 0 0 0 0 0 0 0 
 13.8 32.4 19 37.2 52.400000000000006 26 66.60000000000001 42.6 0 114.4 25.8 70.60000000000001 37.6 28.6 23.8 45.400000000000006 9.600000000000001 67.8 32 40.6 0 0 0 0 0 0 0 0 0 0.6000000000000001 0 0 1.4000000000000001 0 12.4 0 0 0 15.4 0 2.6 0 12.8 0.6000000000000001 0 0.4 0 0.4 0 0 0 0.4 0 0 0 0 0 0 0.6000000000000001 0 0 0.6000000000000001 0 0 0 1.4000000000000001 0 0.6000000000000001 0 0 0 0 0 0 0 0 0 0.8 0 0 2.2 4 4.800000000000001 2.6 2.8000000000000003 0 0 0 9.600000000000001 5.800000000000001 10.200000000000001 0.2 4 4.6000000000000005 0 0 5.800000000000001 2.6 0 4 0 0 0 0 0 0 2 0 0 0 0 0 4.4 2.2 0.4 0.4 0 0 0.4 0 0 0 0 0 0 0 0 0.6000000000000001 3.2 0 0 0 0 0 0 0 0 0 0 0 0 0 0.2 0 0 0 0 0 0 0 0 0 0 0 0 0 0 0 0 0 6.4 4.800000000000001 0 2 0 0 2.4000000000000004 2.6 4 4 3.4000000000000004 4.6000000000000005 0 0 0 10.4 2.6 3.6 0 3.6 0 0 0 0 0 0.2 0 0 0 0 0 0 0 0.2 0 0 0 0 0 0 0 0.2 0 0 0 0 0 0 0 0 0 0 0 0 0 0 0 0 0 0 0 0 0 0 0 0 0 0 0 0 0 0 0.4 0 0 0 0 0 0 0 0 1.2000000000000002 0 0 0 0.4 0 0 18 0 0.2 3.6 0 0 0.2 0 0 0 0 0 0 0 0 0 0 0 0 0 0 0 0 0 0 0 0 3.8000000000000003 3 0 0 0 0 0 0 0 0 0 0 0 0 0 
 63.800000000000004 42 78.60000000000001 18.6 64 32.4 6.4 48.800000000000004 114.4 0 77.2 14.8 24.200000000000003 29 53.6 28.8 23.6 50.400000000000006 13.4 37.2 5.800000000000001 41.400000000000006 0 0 0 0 0 0 0 0.6000000000000001 0 0 15.4 16.2 0.4 0.2 0 0 5.4 0 0.6000000000000001 0 0 0.6000000000000001 0 0 0.4 0 0 0 0 0.4 0 0 0 0 0 0.6000000000000001 3 0 0 0.4 0 0.6000000000000001 0 0.4 0 0.6000000000000001 0 0 0 7.2 0 0.6000000000000001 0 0 10.200000000000001 0 0 0 0 2 7.2 2 2.8000000000000003 2.8000000000000003 0 0 2 0 6.4 6.6000000000000005 0 0 3.4000000000000004 2 3.4000000000000004 2 0 5.800000000000001 2 0 0 0 0 0 7.6000000000000005 0.2 0 12.200000000000001 0 0 4.800000000000001 0 0 0 0 0 0 0 0 0.2 0 0 0 0 0 0 0 0 0 0 0 0 0 0 0 0 0 0 0 0 0 0 0 0.6000000000000001 0 0 0 0 0 3.8000000000000003 0 0 0 0 0 0 0 0 1.8 2.2 7.800000000000001 9.8 1.8 2.8000000000000003 0 7.4 3.6 2.8000000000000003 2.2 1.8 0 0 0 6.2 1.6 10.200000000000001 0 2 4 0.2 0.4 0 0 0 0 0 0 0 0 0 0.4 4.4 0.2 0 0 0 1 0.2 0 0 0 0 0 0 0 0 0 0 0 0 0 0 0 0 0 0 0.4 0 0 0 0 0 0 0 0.2 0 0.2 0 0 0 0 0 0 0 0 0 0 0 0 0 0 0 0 0.2 17.400000000000002 0 0.2 0.4 3.8000000000000003 0 0.2 0.4 0 0 0 0 0 0 0 0 0 0 0 0 0 0 0 0 0 0 0 0 0 0 5.6000000000000005 0 0 0 0 0 0 0 0 0 0 0 0 0 
 33 11.600000000000001 51.800000000000004 9.600000000000001 35.2 36.2 23.8 12.600000000000001 25.8 77.2 0 101.80000000000001 24.400000000000002 74 11.200000000000001 14.200000000000001 23.6 16.2 30.6 28.6 7.2 0.4 0 0.2 0.4 0 0.4 0 1.8 0.8 0.2 0 0.4 15.600000000000001 0.4 0.8 0 7.800000000000001 0.6000000000000001 19.200000000000003 1.8 0 0 1 0.4 0 0.4 0.4 0.6000000000000001 0.4 0.4 0.8 0 0.4 0.6000000000000001 0.4 0 0 2 0 0 0.4 0.6000000000000001 0.2 0.8 0.8 0 0.8 0.2 0 0.4 0.2 0 0 0 0 0 0.2 0 0 0 0 0.2 0 5.2 6.6000000000000005 0 0 0 8.200000000000001 3.6 15 0 2.6 3.4000000000000004 5 0.6000000000000001 0 0 0 0 1.6 0 0 0 0 7.4 6.2 0 0 0 0 5.6000000000000005 0.2 0 0.2 0 0 0 0 0 0 0 0 0 0 0 0 0 0 0 0 0 0 0 0 0 0 0 0 0 0 0 0 0 0 0 0 0.2 0 3.2 0 0 0 0 0 0 0 0 0 4 0 2.2 0 0 0 0 2.8000000000000003 1.4000000000000001 6.6000000000000005 5.4 2.2 0 0 3.6 0 0 2 0 0 2 0 2.8000000000000003 0 0 0 0 0 0 0 0 0.2 0 0 0 0 0 0.4 3.6 3.2 0 0 0 0 0 0 0 0 0 0 3.2 0 0 0 0 0 0 0 0 0 0 0 0 0 0 0 0 0 0 0 0 0 0 0 0 0 0 0 0 0 0 0 0 0 0 0 0.2 0.4 0.2 1.4000000000000001 0 1.2000000000000002 0 0 0 0 0 0 0 0 0 0 0.4 0 0 0 0 0 0 0 0 0 0 0 0 0 0 0 0 0 0 0 0 0 0 0 0 0 0 0 
 48.2 7.4 79 40.6 38.400000000000006 47.6 40.2 46 70.60000000000001 14.8 101.80000000000001 0 10.8 27.400000000000002 32 53.400000000000006 18.400000000000002 15.200000000000001 9.4 62.6 6.4 0 16.400000000000002 0 0 0 21.400000000000002 0 0 0.8 0.8 0 0.2 37.800000000000004 0.4 0.6000000000000001 0 0 6.4 15 0.4 0 0 0.6000000000000001 0 0 0.6000000000000001 0 0.4 0 0 0.8 0 0 0 0 1 9.200000000000001 0.4 0 0 0.4 0 0 1.4000000000000001 0.4 0 0.4 0 0 0 0 0 0.2 0 0 0 0 0 0 0 0 0 0.2 0.2 7 0 0 5.2 8.6 3.2 3 0 0 0 0 4.800000000000001 5.2 0 0 2.8000000000000003 6.6000000000000005 0 0 0 0 8.200000000000001 0 0 0 0 0 3.2 2.2 0 5.6000000000000005 0 0 0.2 9.8 0 0 0 0 0.4 0 0 0 0 0 0 0 0 0 0 0 0 0 0 0 0 0 0 0 0 0 0 0.4 1.8 0 0 0.4 0 0 2.6 0 0 0 0 0 0 0 0.2 1.8 3.2 0 0 2.2 2.4000000000000004 3.8000000000000003 0 0 0 0 3 3.6 0 2 0 0 7.2 0 0 0 0 0 0 0 0.4 0.6000000000000001 0.2 0 4.2 0 0.4 0 0 1.6 1 0 0 0 0 0 0 0 0 0 0 0 0 0 0 0 0 0 0 0 0 0 0.2 0 0 0 0 0 0 0 0 0 0 0 0 0 0 0 0 0 0 0 0 0 0 0 0 0.8 0.2 0 9.200000000000001 0.6000000000000001 0 1.2000000000000002 1.6 0 0 0 0 0.2 0.2 0 0.2 0 2.6 0 0 0 0 0 0 0 0 0 0 0 0 0.6000000000000001 0 2.2 0 0 0 0 0 0 0 0 0 0 0 0 
 50.800000000000004 8.4 26 13.8 16 5.800000000000001 39.400000000000006 39 37.6 24.200000000000003 24.400000000000002 10.8 0 44.2 44 21.6 7.6000000000000005 18.2 15.600000000000001 90.4 0.4 0.4 0.4 0 0 0 0 0.4 0 0.4 0 0 0 0 0 0 0 0.4 0 0.2 2.4000000000000004 0 0 0.6000000000000001 0 0 0.8 0 0 0 0 0.4 0 0 0 0 1 0 0.4 0 0 3 0 0 0 0.4 0 0 0 0 0 0 0 0 0 0 0 0 9.4 0 11.8 2 1.4000000000000001 0 0.2 0 13.8 2.6 4.6000000000000005 2.8000000000000003 3.8000000000000003 0 5.6000000000000005 8 0 2.2 2.8000000000000003 3.4000000000000004 3.8000000000000003 17.8 0 1.8 0 0 0 0 0 0 0 0 0 0 0 0 0 0 0 0 0 0.4 0 0 0 0 0.2 0 2.4000000000000004 0 0 0 0 0 0 0 0 0 0 0.2 0 0 0 0 0 0 0 0 0 0.2 0 0 0 0 0 0 0 0 0 0 0 0 5 0 0 0 0 0 4.4 0.2 2.2 3.2 9 2.8000000000000003 2.4000000000000004 1.8 2.6 5.800000000000001 3 5.6000000000000005 0.2 1.4000000000000001 0 0 0 0 0 0 0 0 0 0 0 0 0 0 0.2 0 0 0 0 0 0 0 0 0 0 0 0 0 0 0 0 0 0 0 2.6 0 0 0 0 0 0.4 0 0 0 0 0 0 0 0 0 0 0 0 0 0 0 0 0 0 0 0 1.2000000000000002 0 0 0 0.2 0.4 0 0 0 0 0 0 0 0 0 0 0 0 0 0.2 0 0 0 0 0 0 0 0 0 0 0 0 0 0.4 0 0 0 0 0 0 0 0 0 0 0 0 0 0 0 
 10.4 7.2 22.200000000000003 74.2 12.4 27.200000000000003 7.6000000000000005 14 28.6 29 74 27.400000000000002 44.2 0 22.200000000000003 23 7.6000000000000005 6.2 18.6 39.800000000000004 0.4 0 0.2 0 0 0 0 0 0 0.4 0 0 0 1.8 0.2 0 0 0 15 0 7.800000000000001 0 0 12.4 0 0 0 0 0 0 0 2.8000000000000003 0 0 0 0 0 2.4000000000000004 0.8 0 0 0.4 0 0 0 0.4 0 0.6000000000000001 0 0.2 0 0 0 0 0 0 0 0 8.8 0 2.8000000000000003 0 3 0 0.8 0 2 3 12.200000000000001 6.4 3.4000000000000004 0 3.2 3.2 0 0 4.6000000000000005 0 1.4000000000000001 4.6000000000000005 0 0 0 0 0 0 2.8000000000000003 0 0 0 0 0 3 0 0 0.2 0 0 0.2 0 0 0 0 0 0.2 0 0 0 0 0 0 0 0 0 0 0 0 0 0 0 0 0 0.2 0 0 0 0 0 0 0 0 0 2.2 0 0 2.4000000000000004 0 0 0 0 3.8000000000000003 0 3.2 4.2 0 0 2 6.800000000000001 5.2 3 3 3.6 3.4000000000000004 4 0 6 2.8000000000000003 2 0.2 0 0 0 0 0 0 0.4 0 0 0 0 0 0 0.4 0 0 0 0 0 0 0 0 0 0 0 0 0 0 0 0 0 0 0.4 0 0 0 0 0 0 0 0 0 0 0 0 0 0.6000000000000001 0 0.4 0 0 0 0 0.6000000000000001 0 0 0 0 0.4 0 0 0 2.4000000000000004 0 0 0 0 0 0 18.400000000000002 0.4 0 1.4000000000000001 0 0 0 0 0 0 0 0 0 0 0 0 0 0 0 4.4 0 0 0 0 0 0 0 0 0 0 0 0 0 0 0 0 0 0 0 0 0 0 
 12 38.400000000000006 16.400000000000002 19.6 57.800000000000004 26.8 29.400000000000002 58.400000000000006 23.8 53.6 11.200000000000001 32 44 22.200000000000003 0 44.400000000000006 77.2 61.800000000000004 37.2 25 0.6000000000000001 0.4 0.6000000000000001 0.8 15.600000000000001 15.4 0 0 0 0.4 0.4 0 0.4 0 0 0 0.6000000000000001 0.4 1 0 1 0 0 0.6000000000000001 0 0 0 0.2 0 0 0 0.8 0 0.6000000000000001 0 0 0.4 0 1.2000000000000002 0.2 0 0.4 0.6000000000000001 0.6000000000000001 1.2000000000000002 0.4 0 0.6000000000000001 0 0.2 0 0 0 0.4 0.4 0 0 0 0.6000000000000001 0 2 2.6 3.4000000000000004 0 0 0 2.2 1.6 5.2 3.8000000000000003 4.6000000000000005 0.4 1.8 7.4 0.2 1.6 2.4000000000000004 4.6000000000000005 0 5.4 0 4.4 0 0 0 0 0 0 0 0 0 0 0 0 0 0 0 0 0 2.8000000000000003 0 0 0 0 0.4 0 0 0 0 0 0 0 0 0 0 0 0 0 0 0 0 0 0 0 0 0 0 0.4 0 0 0 0 0 0 0 0 0 0 0 2.6 0 0 6.6000000000000005 1.8 5 2.2 0.6000000000000001 0.2 2.8000000000000003 5.4 0.2 0.2 2.2 7.2 0.2 1.4000000000000001 0 0 1.8 0 0 0 0 0 0 0 0 0 0 0 0.2 0 1.6 0 0.4 0 0 0 0 0 0 0 0 0 0 0 0 0 0 0 0 0.2 0 0 0.4 0 0 0 0 0 0.2 0 0 0 0 0 0 0 0 0 0 0 0 0 0 0 0 0 0 0 0 0 0 0 0 0 1.2000000000000002 0 0.4 0.8 0 0.8 3.4000000000000004 0.2 0.2 0 0 0 0 0 0 0 2.8000000000000003 0 0 0 0 0 0 0 0 0 0 0 0 0 6.2 0 0 0 0 0 0 0 0 0 0 0 0 0 
 44.6 50.6 65.8 10.4 54.2 14.4 30 39.400000000000006 45.400000000000006 28.8 14.200000000000001 53.400000000000006 21.6 23 44.400000000000006 0 33.2 19 8 20.400000000000002 0.6000000000000001 0 0 0 0 0.4 31 0 0 0.4 0 0 14.8 0 0 0 0 0 0.4 0 0.8 0 0 0.6000000000000001 0 0 0 0 0.2 0 0 0.4 0 0 4.6000000000000005 0 0.4 0 1.2000000000000002 0 0.4 1.4000000000000001 6.800000000000001 0 0 8.200000000000001 0 0.4 0 0 0 0 0 0 0 0 0 0 0 0 1.8 7 3.8000000000000003 11.4 4.800000000000001 3.8000000000000003 4 2.4000000000000004 6.4 5.800000000000001 14.8 4.2 4.2 7.2 1.6 5.2 13.200000000000001 2.2 0 0 0 0.4 0 0 0 0 2.8000000000000003 0 0 0.2 0 0 2.2 0 3.4000000000000004 0 0 0 2.8000000000000003 0.4 0.4 0 0 0 0 0 0 0 0 0 0 0 0 0 0 0 0 0 0 0 0 0 0 0 0 0.4 0.4 0 0 0 0 0 0 0 0 0 0 0 0 0 0 11.200000000000001 3 4.6000000000000005 1.8 3 3.4000000000000004 3.4000000000000004 2.4000000000000004 0.4 0 0 0 0 0 3.4000000000000004 0 4 0 0 0 0 0 0 0 0 0 0 0 0 0 0 3.8000000000000003 1.2000000000000002 0 0 0 2.8000000000000003 0 0 0 0 0 0 0 0 0 0 0 0 0 0 0 0 0 0 0 0 0 0 0 0 0 0.2 0 0 0 0 0 0 0 0 0 0 0.2 0 0 0 0 0 0 0 0 0 0 0.6000000000000001 17.400000000000002 0 10.200000000000001 0.2 0.2 1 0 0 0.4 0 0 0 0 0 0 0 0 0 0 0 0 0 0 0 0 0 0 0 0 6.800000000000001 0 2.2 0 0 0 0 0 0 0 0 0 0 0 2.4000000000000004 
 29.6 74.2 37.800000000000004 25 30 35.2 87.80000000000001 76 9.600000000000001 23.6 23.6 18.400000000000002 7.6000000000000005 7.6000000000000005 77.2 33.2 0 24.8 47 6.800000000000001 0.6000000000000001 0 0 0 0.2 0 0.4 0 0 0.4 0.6000000000000001 0 15 0.4 0 0 0 0 22.200000000000003 0 0.8 0 0 0.6000000000000001 0 10.600000000000001 0 0 12.4 0 0 1.2000000000000002 0 1.2000000000000002 0 0 0 0 1 0 0 0.4 0 1 0.8 0.4 0 0.2 0 11.4 0 0 0 0.8 0 0 10 0 0 0.8 5.2 2.2 2 3.4000000000000004 4.6000000000000005 0 0.4 1.2000000000000002 3 0 12.4 2.8000000000000003 2.4000000000000004 0 4.800000000000001 8.4 4 4.4 0 0 0 0 0 0 0 0 0 0 0 0 0 0 0 0 0 0 0 0 0 0 0 0 0 0 0 0 0 0 0 0 0 0 0 0 0 0 0 0.2 0 0 0 0 0 1.4000000000000001 0 0 0 0 0 0 0 0 0 2.8000000000000003 0 0 0 0 0 0 0 0 7.4 8.8 5.6000000000000005 4.6000000000000005 1.4000000000000001 1.2000000000000002 4.2 3.2 0 2.2 0 0 8.6 1 6.4 2 2.2 0 0 0 0 0 0 0 0 0 0 1.8 0 0 1 0 0 0 0 0 2.2 0 0 0 0 0 0 0 0 0 0 0 0 0 0 0 0 0 0 0 0 0 0 0 0 0 0 0 0 0 0 0 0 0 0 0 0 0 0 0 0 0 0 0 0 0 0.2 0 20 0.2 0.4 0.2 0.2 0.8 0.4 0 0 0 0 0 0 0 0 0 0 0 0 0 0 0 0 0 0 0 0 0 0 0 3.6 0 0 0 0 0 0 0 0 0 0 0 0 0 
 44.400000000000006 47.400000000000006 29.6 34 60.400000000000006 8.6 9.600000000000001 49.2 67.8 50.400000000000006 16.2 15.200000000000001 18.2 6.2 61.800000000000004 19 24.8 0 9.600000000000001 22.8 1.4000000000000001 0 0 0 0 0.4 15.600000000000001 0 0.2 0.8 0 0 38 0 3.2 0 0 0 0 15.4 0.4 0 0 1.4000000000000001 0 0 0 0 0 0 0.2 1 0 0 0 0 0 0 1.4000000000000001 0 0 0.4 0 1 1 0.4 0 0.2 0 0 0 10 0 1.6 0.8 0 0 0 0 0.8 0 5.4 8.8 2.2 6.800000000000001 0.2 0 0 2.8000000000000003 1.6 2.8000000000000003 5.800000000000001 0.4 0 2.8000000000000003 4.6000000000000005 1.8 5.2 0 2 4 0.6000000000000001 0 0 0 0 0.2 2.4000000000000004 0 0 3 0 0.2 2.4000000000000004 0.2 0 0 0 0 4.800000000000001 0 0 0 0 0 0 0 0 0 0 0 0 0 0 0 0 0 0 0 0 0 0.4 0 0 0 0 0 0 3 0 0 0 0 0 0 0 0 0 0 0 1.8 0 6.6000000000000005 4 2.4000000000000004 5.800000000000001 0 2 4.4 0.2 6.6000000000000005 5.800000000000001 0 0 0 5.2 0 7.2 0 2.4000000000000004 0 0 0.4 0 0 0 0 0 0 0 0 0 6.6000000000000005 0 1.4000000000000001 0.2 0.4 0 0 0 0 0.2 0 0 0 0 0 0.4 0 0 0 0 0 0 0 0 0 0 0 0 0 0 0 0 0 0 0 0 0 0 0 0 0 0 0 0 0 0 0 0 0 0 0 0 0 0.6000000000000001 17.6 0 0 1.8 0 0.4 0.2 0 0.4 0 0 0 0 0 0 0 0 0 0 0 0 0 0 0 0 0 0 0 0 0 2.8000000000000003 0 0 0 0 0 0 0 0 0 0 0 0 0 
 26.8 28 25.6 14 10.200000000000001 6 28.8 28.8 32 13.4 30.6 9.4 15.600000000000001 18.6 37.2 8 47 9.600000000000001 0 40.6 0 0 0 0.2 0.8 0 0 0 0 0.4 0 0 0 0.6000000000000001 0 0 1 0 0 0 0.6000000000000001 14.200000000000001 0 0.6000000000000001 15.200000000000001 0.6000000000000001 0 0.6000000000000001 0 0 0 0.4 0 0 0 0 0.6000000000000001 0 0.6000000000000001 0 0 0.4 0 0 0 0.4 0 0.6000000000000001 0 0 0 8.6 0 0 0 0 0 0.6000000000000001 0 0 1.8 0.4 0 0 0 0 4 4.4 0 0 0 0 0 2.4000000000000004 2 4.800000000000001 0 0 0 0 0 0 0 0 0 0.2 0 0.2 0.2 0 0 0 0 0 0 0 0 0 0 0 0 0 0 0 0 0 0 0 0 0 0 0 0 0 0 0.4 0 0 0 0 0 0 0 0 0 1.2000000000000002 0 0 0 0 0 0 0 0 0 0 2.6 0 0 0 2 0 2.2 0 0 0 2 0 0 2.2 0 0 0 2 2.4000000000000004 0 2.4000000000000004 0 2.4000000000000004 1.4000000000000001 0 0 0 0 0 0 0 0 0 0 0 0 0 0.4 0 0 0 0 0.4 0 0 0 0 0 0 0 0 0 0 0 0 0 0 0 0 0 0 2.4000000000000004 2.8000000000000003 0 0 0 0 0 0 0 0 0 0 0 0 0 0 0 0 0 0 1 0 0 0 0 0 0 0 0 0 0 0 0.4 0 0.8 0 0 0 0 0 0 0 0 0.4 0.4 0 0 0 0 0 0 0 0 0 0 0 0.2 0 0 0 0 0 0 0 0 0 0 0 0 0 0 0 0 
 126 10.200000000000001 71.2 10 18.2 14 63.800000000000004 21.8 40.6 37.2 28.6 62.6 90.4 39.800000000000004 25 20.400000000000002 6.800000000000001 22.8 40.6 0 0 0 0 0.4 0 0 0 0 0 0.4 0 0 0.2 0 0 0 0 0 0 0 1.4000000000000001 0 0 0.6000000000000001 0 0 0 0 0 0 0 0.4 0 0 0 0 0.2 0 0.4 0 0 0.4 0 0 0 0.4 0 0.6000000000000001 0 0 0 0.2 0 0 0 0 0 0 0 0 0 0.2 0 0 0 2.8000000000000003 0 2.2 0.6000000000000001 3 0.6000000000000001 0 4.6000000000000005 2.8000000000000003 9.4 3.8000000000000003 3.2 3 0.2 5.2 0 0.2 0 0 0 0.4 0 0.4 0 0 0 0 0 0 0 0 0 0 0 0 0 0 0 0 0 0 0 0 0 0 0 0 0 0 0 0 0 1.6 0 0 0 0 0 0 0 0 0 0 0 0 0 0 0 0 0 0 0 0 0 0 5.4 3.4000000000000004 4.6000000000000005 0 0 0 0 5.2 1 0.2 0 0.2 2.2 2.4000000000000004 2.6 5.4 2.4000000000000004 1.4000000000000001 3.4000000000000004 1 0 0 0 0 2.8000000000000003 0 0 0 0 0 0 0 0 0 0 0 0 0 0.2 0 0 0 0 0 0 0 0 0 0 0 0 0 0 0 0 0 0 0 0 0 0 0 0 0 0 0 0 0.4 2.6 0 0 0 1.8 0 0 0 0 0.2 0 0 0 1 0 0 0 0 0.2 0 1.2000000000000002 0 0.4 2.2 0 0 0 0 0 0 0 0 0 0 0 0 0 0 0 0 0 0 0 0 0 0 0 0 0 0 0 0 0 0 0 0 3.4000000000000004 0 0 0 0 0 
 0 0 0.4 15.600000000000001 1 16 0.2 0 0 5.800000000000001 7.2 6.4 0.4 0.4 0.6000000000000001 0.6000000000000001 0.6000000000000001 1.4000000000000001 0 0 0 49.400000000000006 16.400000000000002 9.8 4 6.800000000000001 28 38.400000000000006 7.2 9.600000000000001 5.4 19 23.8 27.200000000000003 10.200000000000001 48.6 21.200000000000003 5.6000000000000005 8.6 9 0.2 0.4 0.8 1.6 0.6000000000000001 0 0.2 3 0.4 0 0 13 0 0 0 0 0.2 0 0.6000000000000001 0 0 0 0 1.6 1 0 0 0 0.6000000000000001 0 0.6000000000000001 0 1.2000000000000002 1.6 0.8 0.6000000000000001 0 1.2000000000000002 0 0.8 0 0 0.2 0.4 0.2 2.8000000000000003 0 0 0 0 0 0.8 0 0 0 0 0 0 0 0 0 3 1.6 8.6 0 2.4000000000000004 1.8 3.6 4.2 1.6 2.2 3.4000000000000004 4.800000000000001 4.800000000000001 8.200000000000001 0 9.4 5.2 0.2 2.2 0 0 0 0 0 0 0 0 0 0 0 0 2.4000000000000004 0.2 0 0 0 0 0 0 0 0 0 0 0 0.2 0 0.6000000000000001 0 0 0 0 0 0 0 0 0.2 0 0 0 0 0 0 0 1.8 0 0 0 0 0.2 3 2.8000000000000003 0 0 0 0 0 0 0 0 11.600000000000001 0.6000000000000001 5 0 8.6 1.6 1.6 0.6000000000000001 0 2.6 2.8000000000000003 3.8000000000000003 5.800000000000001 0.2 2.2 0 6 3.4000000000000004 2.4000000000000004 1.6 0 0 0 0 0 0 0.2 0 0 0 0 0 0.4 0 0 0 0 1.8 2.2 0 0 0 0 0 0 0 0 0 0 0 0 0 0 0 0 0 0 0 0 0 0 0 4.6000000000000005 0 0 0 0 0 0 0 0.2 0 0 0 2.2 0 0 0 0 0 0 0 0 0 0 0 0 0 0 0 0 0.2 0 0 0 0 0 0 0 0 0 0 0 0 0 0 3 0 0 0 
 0 0.6000000000000001 0 0 0 0 0.2 41 0 41.400000000000006 0.4 0 0.4 0 0.4 0 0 0 0 0 49.400000000000006 0 52.400000000000006 55.2 34.800000000000004 5.4 27.400000000000002 82.60000000000001 56 25.200000000000003 67.4 39.2 6.800000000000001 25 90.60000000000001 25.400000000000002 30.400000000000002 57.6 6.2 4.800000000000001 0.2 0 0.6000000000000001 0 0.6000000000000001 0 0.2 0 0.4 0 0 12.600000000000001 0 0.4 0 0 0.4 0.8 0.4 12.200000000000001 0 0 0 0.4 0 0 0 0 0.6000000000000001 0 0 0 0 0.6000000000000001 0 0.6000000000000001 0 1.2000000000000002 0 0 0.4 0 0 2.8000000000000003 0 0 3.4000000000000004 0 0 0.4 0 0 0 0 0 0 0 0 0 0 0 0 6 4 6.6000000000000005 5.6000000000000005 0 5 9.200000000000001 7.4 6.6000000000000005 6.6000000000000005 2.2 2.4000000000000004 11.8 0 9.8 8.8 0 0 0 0 0 0 0 0 0 0 0 0 0 0 4.4 4.800000000000001 2 0 0 0 0 4 0 0.2 0 0 0 0 0 0 0 0 0 0.2 0 0 0 0.2 0 0 0.2 0 0 0 0 0 0 0 0 0 0.8 0 0 0 0 0 0 0 0 0 0.4 0 4.4 0 4 2 6.4 1.8 1.8 1.2000000000000002 0.2 8 2.2 4.2 3 0 2.4000000000000004 3.2 2.8000000000000003 7 3.6 1.8 0 0 0 0 0 0 7.800000000000001 0.2 0 0 2.4000000000000004 0 1.4000000000000001 0 3.6 0 0 0 2.8000000000000003 1 0.2 0 0.6000000000000001 0.4 0 0 0 0 0 0 0 0 0 0 0 0 0 0 0 0 0 0 2.8000000000000003 0 0 0 0 0 0 0 0 0 0 0 0.4 0 0.4 0.2 15.8 0.4 0.2 0 0 0 0 0 0 0 0 0 0 0 0 0 0 0 0 0 0 0 0 0 0 0 0 3.2 4.2 0 0 0 
 0 0 0 0 0 5.2 0 0 0 0 0 16.400000000000002 0.4 0.2 0.6000000000000001 0 0 0 0 0 16.400000000000002 52.400000000000006 0 24.8 10.600000000000001 23.6 63 63 38.400000000000006 8.4 107 52.400000000000006 15.600000000000001 29.200000000000003 87 41.400000000000006 11.200000000000001 8.6 23 7.4 0 0 0.6000000000000001 1.2000000000000002 0.6000000000000001 0 0.2 0 0.4 0 0 0.4 0 0 0 0 0.4 0 0.4 3.6 0 0 1.8 0.4 0 0 0 0 0.6000000000000001 0 0.4 0 0 0.6000000000000001 0 0.6000000000000001 0 0 0 0 0 0 0 0 0 2 0 0.4 0 0 0 0 0 0 0 0 0 0 5 0 0 0 8 0.6000000000000001 3 3 0 0 2.2 2.6 3 3.6 0 3.8000000000000003 3 2.6 5 1.8 0.8 0 0 0 0 0 0 0 1.8 0 0 0 2 0 0 2 2.2 0 0 0 1.4000000000000001 6.6000000000000005 0 0 0 0 0 0 0 2.2 0 0.4 0.4 0.2 0.4 0 0.2 0 0 0.4 0 0 0 0 0 0 0 5 9.4 0 4.6000000000000005 0 0 0 0 0 0 0 0 0 0 0 0 3.6 3.6 1.4000000000000001 7.6000000000000005 0 4.800000000000001 14.8 0 5.2 0.2 4.6000000000000005 0 6.4 3 6.6000000000000005 0 0 0 0.4 0 0 0 0 0 0 2.2 0 0 0 0 0 3 0 5.4 0 0 0 0 6.6000000000000005 0 0 0 0 0 0 0 0 0 0 0 0 0 0 0 0 0 0 0 0 0 2.2 0 0 0 0 0 0 0 0 0 0 0 0 4.2 0 0 0 16.8 0.4 0.4 0 0 0 0 0 2 0 0 0 0 0 0 0 0 0 0 0 0 0 0 0 0 0 0 0 0 0 0 0 
 0 0.4 0.8 0 0.4 0 0 0 0 0 0.2 0 0 0 0.8 0 0 0 0.2 0.4 9.8 55.2 24.8 0 81.60000000000001 37.800000000000004 11.8 12.200000000000001 17.6 63.800000000000004 18 25.6 13 30.6 56.800000000000004 25 12.200000000000001 39 54.6 7.4 5 10.600000000000001 0.6000000000000001 0 0.6000000000000001 0.2 7.4 10.8 0.8 0 0 1 17.2 12.4 0.4 24.8 0 0 1 12 8.4 0.4 0 0.6000000000000001 0 0 0 0 1 0 5.6000000000000005 0 0 0.6000000000000001 0 0.6000000000000001 0 0 0 0.6000000000000001 0 0 0.4 0.2 0 0 0.2 0 0 0 0 0 0 0 0 0 0 0 0 0 0 0 3.6 2.6 1 3.2 0 0 0 2.8000000000000003 0 2.6 0 0 0 0 4 2.8000000000000003 0 0 4 0 1.8 1.6 0 0 4.800000000000001 6.2 2.8000000000000003 1.8 0 0 0 4.2 2.6 0 6.6000000000000005 0 2.6 6.6000000000000005 0 0 0 0.4 0 0 0 1.4000000000000001 0 0.8 0 0 0 0 0 0 0 0 0 0 0 0 0 0.6000000000000001 0 0 0 0 0.4 0 0 0 0 0 0 1.8 1.6 0 0 0 0 4 10 2.4000000000000004 5.2 4.4 0 2.6 0 0.4 3.2 1.4000000000000001 0 0 3.6 0 1.4000000000000001 0.2 0.4 0 3.4000000000000004 11 0 0 0 0 5.2 9.4 0 3 1.6 0 4.4 3.6 4 0.4 4.2 0.2 0 8 0 0 0 0 0 0 0.4 0 0 0 0 0 0 0 0 1.4000000000000001 0.2 0 0.4 0 0 0 0 0 0 0 0 0 0 0 0 0 0 0 2.6 0 0.2 8 15.4 0.4 0.2 0 0 0 0 0 0 0 0 0 0.6000000000000001 0.4 0 0 0 0 0 0 0 0 0 0 0 0 0 0 0 0 0 1.6 
 0.4 0.8 0 0.2 0.6000000000000001 0 0.6000000000000001 0.2 0 0 0.4 0 0 0 15.600000000000001 0 0.2 0 0.8 0 4 34.800000000000004 10.600000000000001 81.60000000000001 0 29 9.600000000000001 20.200000000000003 16.8 18.2 22.400000000000002 10.200000000000001 54 30.8 13.8 34 6.4 25.400000000000002 14.200000000000001 5.800000000000001 1 12.4 0.6000000000000001 0.4 0.6000000000000001 1 0.6000000000000001 17.6 0 0.4 0.2 0.4 13 10.8 24.6 11.4 0.6000000000000001 12.4 12.600000000000001 12.600000000000001 0 0 0 0.4 1.2000000000000002 0 0 0.2 1.6 0 0.4 0 0 0.6000000000000001 0 0.6000000000000001 0 0 0.4 0.4 0 0 0 0 0 0 0 0 0 1.8 0 0.4 0 0 0 0.4 0.4 0 0.4 0.4 0 0 3 0 0 3.6 0 0 2.8000000000000003 3.8000000000000003 0 3.4000000000000004 0 0 0 0 0 2 0 0 6.2 5.2 5.4 1.6 0 0.2 0 2.2 4.2 4.2 4.4 0 14.200000000000001 4 4.4 1.8 4.4 0 0 5.2 0 0 0 0 0 0 0 0 0 0 0 0 0.8 1.6 0 0 0 0.6000000000000001 0 4 0 0 0 0.6000000000000001 0 0 0 0.2 0 0 0 0 0 0 0 0 0 0 0 0 0 0 0.2 2.6 0 1.8 0 0 0.4 3 3.2 0 0 0 0 0 0 0.4 3.4000000000000004 0 2.4000000000000004 4.2 2.4000000000000004 0 2.2 0 0.2 1.8 0 2.2 4.2 0 3.4000000000000004 0 4.4 0 3.6 4 4.4 0 0 0.4 0 0 0 0 0 0 0 0 0 0 0 0 0 0 0 0 0 0 0 0 0 0 0 0 0 0 0 0.2 0 0 0 0 3.4000000000000004 0.6000000000000001 1 30.6 1 6 0.8 0 0 0 0 0 0 0 0 0 0 0 8.8 0 0 0 0 0 0 0 0 0 0 0 0 0 0 0 0 0 
 0.4 0.6000000000000001 0 0 0 0 0 0 0 0 0 0 0 0 15.4 0.4 0 0.4 0 0 6.800000000000001 5.4 23.6 37.800000000000004 29 0 8 9.8 83.80000000000001 29 26.200000000000003 40 8.6 54.400000000000006 110.2 30.8 25 54.800000000000004 9 12.600000000000001 6.4 14 0.6000000000000001 0 0.6000000000000001 0 12.8 34 13 4.6000000000000005 0 0.2 17.6 1.2000000000000002 1.2000000000000002 0 12.600000000000001 0 33.2 4.6000000000000005 0 0 0 0.6000000000000001 0 0 0 0 0.6000000000000001 0 0 0 0 0.6000000000000001 0 0.6000000000000001 0 9 0 0 0 0 0.2 0.4 0 0 0 0 0 0 0 0 0 0 0 0 0 0 0 0 3.6 0 2.2 0 4.800000000000001 0.2 0 0 2.4000000000000004 0 0 0 0 0 2.8000000000000003 0 0 0 3.2 0 5.2 4.6000000000000005 1.8 0 0 0.2 5 2.8000000000000003 8 0.8 0 0 5 0 0 2 1.2000000000000002 6.2 4.800000000000001 5.6000000000000005 0 0 0 0 0 0 0 0.2 0 1 0 0 0 0 0 0 0 0 4 0 0 0 0 0 0 0 0 0.2 0 0 0 0 0 0 0 0 0.6000000000000001 0 0 0.2 0 0.4 1.8 0 0 2.6 2.6 0.6000000000000001 0 4.4 1.6 5.4 0 0 0 3.6 0 7.800000000000001 0.2 0 7.4 0.2 0 0 0 0 0 0 0 7.6000000000000005 2.8000000000000003 0 10.8 3.6 1.6 3.2 0.2 1.8 0 1.4000000000000001 0 0 0 0 0 0 0 0 0 5.2 0 0 0.2 0 0 0 0.4 0 0.2 0.2 0 0 0 0 0 0 0 0 0 0 0 0 0 0 1.6 0.2 0.2 14.8 1.2000000000000002 0.2 0.4 0.2 0 0 0 0 0 0 0 0 0 0.2 0 0 0 0 0 0 0 0 0 3.6 0 0 0 0 0 0 0 0 
 0 14.8 15 19.8 29.8 0 0 0 0 0 0.4 21.400000000000002 0 0 0 31 0.4 15.600000000000001 0 0 28 27.400000000000002 63 11.8 9.600000000000001 8 0 31.200000000000003 94 3.4000000000000004 6.6000000000000005 15 18.2 25.200000000000003 21.8 6 23.200000000000003 22.200000000000003 66.4 8.6 0 0 0.6000000000000001 0 0.6000000000000001 0 0.2 0 0.2 0.6000000000000001 0 0 0.6000000000000001 0 0 0 0.2 0 0.4 0.2 0 0 0 0.4 0.4 0 0 0 0.6000000000000001 0 0.6000000000000001 0 0 1 0 0.6000000000000001 0 0 0 0.6000000000000001 0 2 0 0 6 0.4 0 0 0 0.2 0 0 0 0 0 0 0 0.2 0 0 0.2 5 0 5.800000000000001 0 5.4 4.6000000000000005 4.4 0 2 0 0 0.2 6 3.4000000000000004 0.2 2.4000000000000004 0.8 10.600000000000001 13.4 0 0 0 0 0 0 0 0 0 0 0 0 3.8000000000000003 0 0 0.4 0 0 0 0 0 0 0 0 0 0 0 0 0 0 0 2.2 0.2 0 0 0 0 0 0 0 0 0 0 1.8 0 0 0 0 0 0 3.4000000000000004 5 0 0 0 0 0.4 0 0 0 3 0.8 1 0 2.8000000000000003 2 0 2.4000000000000004 0.2 0 2.8000000000000003 0 4.4 1.8 2.8000000000000003 0.4 5.4 2.8000000000000003 1.2000000000000002 4 0 0 0 0 0 0 3.6 0 0 0 0 0.2 0 0 0 0 0 0.4 2.4000000000000004 0 0 0 0 0 0 0.4 0 0.4 0 0 0 0 0 0 0 0 0 0 0 0 0 0 0 0 0 0.4 0 0 0 0 0 0 0 0 1.8 0 0 0 0 0 0.4 0 0 0 0 0 0 0 0 0 0 0 0 0 0 0.6000000000000001 0 2 0 0 3 0 0 0 0 0 2.2 0 0 0 
 0 0.4 0 0 0 0 0 0.2 0 0 0 0 0.4 0 0 0 0 0 0 0 38.400000000000006 82.60000000000001 63 12.200000000000001 20.200000000000003 9.8 31.200000000000003 0 64 13.4 10.200000000000001 6.6000000000000005 41.800000000000004 34.4 32.2 9.200000000000001 19 11.4 70.8 23.200000000000003 0.4 0 0.6000000000000001 0 0.6000000000000001 0 0.8 0.8 1.2000000000000002 0 0 6.6000000000000005 0 0 0.4 1 0.8 0 0.4 1.2000000000000002 0 0 0 0.4 0 0 0 7.4 0.6000000000000001 0 0.8 0 0 0.6000000000000001 0 1.4000000000000001 0 0 0 0.8 0 0 0 0 0 0 0 0 0 0 0 0 0 0 0 0 0 0 0 0 0 3.6 5.4 1.8 9.8 0.2 0 8.8 13.200000000000001 10.600000000000001 1.8 6.2 0 0 4.6000000000000005 0 12.600000000000001 7 2 2 0 0 0 0 0 0 4.6000000000000005 0 0 0 0 2.4000000000000004 2 0 0 0 0 0 0 0.2 0 0.6000000000000001 0 0 0 0 0 0 0.4 0 0 0 0 0 0 0 0.6000000000000001 0 0.2 0 0 0 0 0 0 0 0 0 0 0 0 0 0 0 0 0 0 0 0.4 1.2000000000000002 0.4 7.800000000000001 2 7.4 13.4 1.8 1.2000000000000002 7.4 7.2 6.4 7.2 0 0 0 2.6 0.8 2 9.200000000000001 1.6 3.6 0 0 0 0 0 0 2.6 0 0 0 0 0 0.8 0 2.4000000000000004 0 0 0 6.4 0.4 0.2 0 0 0.4 0 0 0 0 0 0 0 0 0 0 0 0 0 0.4 0 0 0 0 0 0 0 0 0 0 0 0 0 0 0 0 0.4 0 0.2 15.4 0.4 0.2 0.2 0 0 0 0 0.2 0 0 0 0 0 0 0 0 0 0 0 0 0 0 0 0 0 0 0 0 1.6 0 0 0 
 0 0 0 0 1 14.600000000000001 0.6000000000000001 0 0 0 1.8 0 0 0 0 0 0 0.2 0 0 7.2 56 38.400000000000006 17.6 16.8 83.80000000000001 94 64 0 19.8 10.600000000000001 19.400000000000002 27 15.600000000000001 21.400000000000002 28.400000000000002 25 24.400000000000002 48.800000000000004 27.6 0.4 0 0.6000000000000001 0 10.8 0 0 1.4000000000000001 0 0 0 0.2 0 0 1.2000000000000002 0 0.2 0 0.4 0 0 0 0.2 0.4 0 0 0 0 0.6000000000000001 0 0.2 0 0 0.6000000000000001 0 0.6000000000000001 0 0 0 0 0 0 0 0.4 0 2.2 0 0 0 0 1.8 2.6 0 0 0 0 0 0 0 0 8.4 2.8000000000000003 0.2 2.4000000000000004 4.6000000000000005 2.4000000000000004 0 8.200000000000001 2.2 0 0 0 2.6 1.6 4.800000000000001 6.4 0 0 1.4000000000000001 0 4.800000000000001 0 0 0 0 0 1.4000000000000001 0 0.2 0 0 0 0 0.2 0 0 0 0 0 2.4000000000000004 2.4000000000000004 0 0 0 0 0.4 0 2.2 0 0.2 0 0 0 0 0 0 0.4 0 0 0 0 0 0 0.2 2.6 0.2 0 0 0 0 0 0 2.4000000000000004 0 0 0 0 0 0 0 3 4.2 7.4 0.2 2.8000000000000003 3.6 5.4 6.800000000000001 1.8 2.2 2.2 3.4000000000000004 6.6000000000000005 9.4 4.4 4.800000000000001 0.2 0 0 5.800000000000001 2 2.2 0 0 0 0 0 0 0 0 0 0 0.4 0 0 0 0 0 0 2.2 0 0 0 0 0 0 0 0 0 0.4 0 0 0 0 0 0 0 0 0 0 0 0 0 0 0 0 0 0 0 0.6000000000000001 0 0 0 0 1.4000000000000001 0 0.2 14.8 0 0 3.4000000000000004 0 0 0 0 0 2.4000000000000004 0 0 0 0 0.2 0 0 0 0 0 0 0 1.8 0 3.2 0 2 0.2 6.800000000000001 0 0 0 0 
 0.8 0.4 0.4 0.4 0.4 0.4 0.4 0.4 0.6000000000000001 0.6000000000000001 0.8 0.8 0.4 0.4 0.4 0.4 0.4 0.8 0.4 0.4 9.600000000000001 25.200000000000003 8.4 63.800000000000004 18.2 29 3.4000000000000004 13.4 19.8 0 27 25.400000000000002 10.8 31.8 37.800000000000004 41.800000000000004 47.400000000000006 9.8 13.8 11.600000000000001 13 12.8 0.6000000000000001 0 0.6000000000000001 0 14.200000000000001 12.8 0.2 0 0 0.2 21.6 0 0.2 0.2 0.6000000000000001 0 12.8 5.6000000000000005 0 0 0 0.4 0 0 0 0 0.6000000000000001 0 0.2 0 0 0.6000000000000001 0.2 0.6000000000000001 0 0 0 0 0.4 0.2 0 0 0 0 2.4000000000000004 0 0 0 0 0 0 0 0 0 0 0 0 0 0 0 3.4000000000000004 4.2 4.4 2.2 0.4 0 5.4 4.2 0 2.8000000000000003 0 0 0 0.4 0 6.2 0 1 2.4000000000000004 0 0 0 0 0 4.6000000000000005 0 0.4 4 0 0 3.4000000000000004 0 6.2 0 0 0 5.6000000000000005 9.600000000000001 0 0 0 0 0 0 0 0.4 0 0.2 0 0 0 0 0 0 0 0 0 0 0 0 0 0.8 0 2.2 0 0 0 0.4 0 3.6 0.2 0 0.4 0 0 0 0 0.2 0 0 1.2000000000000002 3 0 2.2 0 0 0 12.4 17.8 3.2 0 0 0.4 3.8000000000000003 2.6 2.8000000000000003 4 0 5 0.2 0 0.4 0 0 3.8000000000000003 3 0 0 0 0 3.2 4.4 14.8 0 0 0 0.8 3.6 0 0 0 0 0 0 0 0 0 0 0 0 0 0 0 0 0 0 0 0 0 0 0 0 0 0 0 0 0 0 0 0 0 0 4.800000000000001 0 0 45.800000000000004 16.400000000000002 0.2 0 0 0 0 0 0 0 0 0 0 0 0 0.2 0 0 0 0 0 0 0 0 4.6000000000000005 0 0 0 0 0 2 0 0 
 0 0 0 0 1 0.4 1.6 0 0 0 0.2 0.8 0 0 0.4 0 0.6000000000000001 0 0 0 5.4 67.4 107 18 22.400000000000002 26.200000000000003 6.6000000000000005 10.200000000000001 10.600000000000001 27 0 29.200000000000003 22.200000000000003 20.6 26.6 27.200000000000003 34.4 25.400000000000002 8.4 9.200000000000001 4.4 0 0.6000000000000001 0.4 0.6000000000000001 14.600000000000001 5.800000000000001 0 0.4 0.4 0.2 0.4 8 0 0 0 0.4 0 0.4 0.2 0 0 0 0.4 0 0 0 0.2 0.6000000000000001 0 0.4 0 0 0.6000000000000001 0 0.6000000000000001 0 0 0.4 0.4 0 0 0 0 0 0 0 0 0.2 0 0 0 0 0 0 0 0 0 0 3.2 0 0 0 1.6 2.8000000000000003 2.6 0 0 0 1.4000000000000001 0 5.6000000000000005 0 0 1 0 5 2.2 0 0 2.4000000000000004 0 2.2 0 0 0 7 2.6 2.2 3.6 4.2 0 2 2.2 9.4 0 4 0 3 8.200000000000001 0 0 0 0 0 0 0 1.4000000000000001 0 0.8 0.4 0 0 0 0.2 0 0 0.4 0 0 0 0 0 1.2000000000000002 0 0 0 0 0 0 0 0 0 0 0 0 0 2.4000000000000004 0 0.8 0 9.4 4 2.6 3.2 6.2 0 3.4000000000000004 0 1.2000000000000002 6 2 0 0 10.4 2 0.2 0 0 0 1.4000000000000001 5.6000000000000005 0 0 0 0 6 1.8 0 2 1.4000000000000001 0 8.4 2.8000000000000003 2.4000000000000004 0.2 0 2 2.4000000000000004 3.4000000000000004 0 0 0 0 0 0 0 0 0 0 0 0 0 0 0 0 0 0 0 0 0 0 0 0 0 0 0 0 0 0 0 0 0 0 0.4 0 0.2 0.2 0.2 0 0.2 0 0 0 0 0 0 0 0 0 0 0 0 0 0 0 0 0 0 0 0 0 0 0 0 0 2.2 0 0 0 
 0 0.6000000000000001 0 0.4 0 0 0 0 0 0 0 0 0 0 0 0 0 0 0 0 19 39.2 52.400000000000006 25.6 10.200000000000001 40 15 6.6000000000000005 19.400000000000002 25.400000000000002 29.200000000000003 0 9.8 13.4 9.4 22.200000000000003 70.4 15.4 6.2 7.2 13.200000000000001 0 0.6000000000000001 0 0.6000000000000001 0 12.600000000000001 1 0.2 0 0 0.2 13.4 0 1 0 0.2 0 0.4 3.2 0 0 0 0.4 10.600000000000001 0 0 0 0.6000000000000001 0 0.2 0 0 0.6000000000000001 0 0.6000000000000001 0 0 0 0 0 0 0 0 0 0 0 0 0 0 0 0 0 1.6 0 0 0 0 0 2.8000000000000003 4.2 0 8 7.800000000000001 8.4 4.4 0 2.8000000000000003 0 1.6 2.2 2.6 0 0.2 0.2 0 6.4 2 0 0 4 0 0 0 0 0 2.8000000000000003 0 0.4 6.2 0 0 0.2 0 6.6000000000000005 0 0 0 2.8000000000000003 11.200000000000001 0 0 0 0 0 0 0 0 0 0.6000000000000001 0 0 0 0 0 0 0 0 0 0 0 0 0 0.8 0 0 0 0 0 0 0 0 0 0 0 0 0 0 0 0 2 0 5.4 1.4000000000000001 16 2.2 3.4000000000000004 3.4000000000000004 0 11.8 9.8 3.2 0 0.2 6 8 2.2 0 2 0 2.2 0 0 0 0 0 5.6000000000000005 0.4 0 0 0 0 3.4000000000000004 4.4 5.4 0 0 0 4.2 10 0 0 0 0 0 0 0 0 0 0 0 0 0 0 0 0 0 0 0 0 0 0 0 0 0 0.4 0 0 0 0 0 0 0 0 1.6 0 0 15 15 0 1.2000000000000002 0.4 0 0 0 0.2 0 0 0 0 0 0 0 0 0 0 0 0 0 0 0 2.2 0 0 0 0 1.8 0 0 0 
 0 7.800000000000001 0 4.6000000000000005 30.400000000000002 0 0 0.4 1.4000000000000001 15.4 0.4 0.2 0 0 0.4 14.8 15 38 0 0.2 23.8 6.800000000000001 15.600000000000001 13 54 8.6 18.2 41.800000000000004 27 10.8 22.200000000000003 9.8 0 21.400000000000002 36.2 13 33.4 8.200000000000001 28.8 23.200000000000003 0 0 13.200000000000001 0 0.6000000000000001 0 0.4 0 0.4 0 0 0 0 0 12.8 0 0.4 0 0.4 0 0 0 0 1.6 0 0 0 0 1 0 0.6000000000000001 0 0 1.6 0 0.6000000000000001 0 0 0 0.2 0 0 0 0 2.4000000000000004 2.4000000000000004 0 0 0 0 0 0 0 0 0 0 0 2.2 0 0 7.4 4 0 0 0 0 19.6 4.6000000000000005 0.6000000000000001 5.6000000000000005 2 0 4 5.2 0 4.4 4.4 3 4 7.800000000000001 0 0 0 0.2 0 0 0 0 0 0 0 0 0 0 0 0 0 0 0 0 0 1 0 0 0 0 0.4 0 2 0 0 0.6000000000000001 0 0 0 0 0 0 0 0.4 0 0 3 3.4000000000000004 0 0 0 0 5.4 0 2.4000000000000004 8.200000000000001 0 0 0 2.2 1.6 0 0 0 0 5 1.6 2.8000000000000003 0 1.6 4.2 0.6000000000000001 6.2 0 0 0.4 6.800000000000001 2.4000000000000004 3.8000000000000003 0 3.6 2 0.4 3.6 0 0 0.4 0 0 0 0 0 0 0 0 0 0 0 0.2 3 0 0 0 0 0 0 0 0 0.4 0 0 0 0 0 0 0 0 0 0 0 0 0 0 0 0 0 3.6 0 0 0 0 0 0 0 0 0 0 0 0.6000000000000001 0 0 0 0 0.2 2.4000000000000004 0.4 0 0 0 0 0 0 0 0 0 0 0 0 0 0 0.2 0 0 0 0 0 0 0.2 0 0 0 0 0 0 
