 0 16.6 13 31.200000000000003 20.200000000000003 82.4 37.4 32.800000000000004 29.200000000000003 23.200000000000003 42 44 62.6 25.6 55.800000000000004 23 10.200000000000001 8 22.200000000000003 39.400000000000006 0.4 0 0.2 0 0 0 0 0 0 0 0 0.4 0 0 0 0.4 0 0 0 0.6000000000000001 0 0 0 0 0 0 0.4 0 0 0 0 0 0.6000000000000001 0.2 0.8 0 0 0 0 0 0.4 0 0 0 0 0.4 0.6000000000000001 0.6000000000000001 0 0 0 0 0 0 0.4 0 0.8 0 0 0 5.2 2.4000000000000004 7.2 4.6000000000000005 1.8 2.8000000000000003 0 0.2 8.200000000000001 0 3.6 2.4000000000000004 0.2 4.6000000000000005 0 3.2 0 0 2.8000000000000003 4.2 0 0 0 0 0.4 0 0 0 0 0 0 0 0 0 0 0 0 0 0 0 0 0 0 0 0 0 0 0 0 0 0 0 0.4 0 0 0 0 0 0.4 0 0 0.4 0 0 0 0 0 0 0 0 0 0 0.4 0 0 0 0 0 0 0 2 1.4000000000000001 1.8 0.2 0 0 0 2.8000000000000003 4.2 1.4000000000000001 5.2 5.4 7.4 0 4 1.4000000000000001 5.2 5.4 0 2.6 0 0.4 0 0 0 0 0 0 0 0 0 0 3.8000000000000003 0 0 0 0 0 2.8000000000000003 0 0 0 6.6000000000000005 0 0 0 0 0 0 0 0 0 0 3.2 0 0.2 0 0 0 0 0 0 0 0 0 0 0 0 0 0 0 0 0 0 0 0 0 0.2 0 0 0 0 0 0 0 0 17.6 0 10 0 0.2 5 0 0 0 0 0 0 0 0 0 0 2.6 0 0 0 0 0 0 0 0 0 0 0 0 0.2 0 2.6 0 0 0 0 0 0 0 0 0 0 0 0 
 16.6 0 81.80000000000001 86.80000000000001 10.600000000000001 14.600000000000001 31.6 20 39.800000000000004 6.4 58.6 21.400000000000002 12.200000000000001 10.4 48.800000000000004 10.4 30.400000000000002 10.8 48.400000000000006 29.6 0 0 0 0 0 0 0.4 0 0 0 0 0.4 0 0 0.4 0.4 0 0.2 0.4 0.6000000000000001 1.4000000000000001 0 0 1.4000000000000001 0 0 0.4 0 0 0 0 0 0.6000000000000001 0 0.6000000000000001 0.8 0.6000000000000001 1 0 0 0.4 0 10 0 0 0.4 0.4 0.4 0 0 0 0 0 0 0.4 0 0.4 0 0 0 3.8000000000000003 0 9.200000000000001 7.4 3.4000000000000004 5.4 0 8.200000000000001 2.4000000000000004 4.2 3 0 0 0 3 4 3.8000000000000003 4.800000000000001 0 1 0 0 0 0 0 0 3.6 0 0 0 0 0 0 0 0 0 0 0 3.8000000000000003 0 0 0 0 0 0 0 0 0 0 0 0 0 0 0 0 0 0 0 0 0 0 0 0 0.2 0 0 0 0 0 0 0 0 0.4 0 0 0 0 0 0 0 1.8 2.2 3.2 4.4 3.2 3 6 4 8.8 0.2 0 0 0.2 10.600000000000001 0.2 2.8000000000000003 6 2 0 5.800000000000001 0 0 0 0 0 0 0 0 0 0 0 0 2 0.2 0 0.2 0 0 2.8000000000000003 0 0 0 0 0 0 0 0 0 0 0 0 0 0 0 0 0 0 0 0 0 0 0 0 0 0 0 0 0 0 0 0 0 0 0 0 0 0 0 0 0 0 1.8 0 0 0 0 26 0.4 0 18.2 2 1.8 3 0 0 0 0 0 0 0 0 0 0 0 0 0 0 0 0 0 0 0 0 0 0 0 0 2.8000000000000003 0 0 0 0 0 0 0 0.4 0 0 0 0 
 13 81.80000000000001 0 27.400000000000002 18.400000000000002 30.200000000000003 51.400000000000006 19.400000000000002 33.6 101.60000000000001 69.4 33.800000000000004 35.2 69.8 30.6 44.6 21 25.6 8.4 31 0.2 41.400000000000006 0.2 0 0 0 0 0 0 0 0 41.800000000000004 0 0 0 0.4 0 0 0.6000000000000001 0.6000000000000001 0.8 0 0.6000000000000001 0 0 0 0.6000000000000001 0 0 0 0 0 0.6000000000000001 0 0.6000000000000001 0.4 0.6000000000000001 2 0 0 0.4 0 0 0 0 0.6000000000000001 0.6000000000000001 0.6000000000000001 0 0 0.6000000000000001 0 0 1.6 0.4 0 0.4 0 0 0 3.2 6.2 0 5.4 8.6 0 0 5 7 9.200000000000001 2.2 9.200000000000001 0 0 5.800000000000001 0 2 5.4 3.8000000000000003 2.8000000000000003 0 0 0 0.4 0 0 0 0 0 0 0 0 0 0 0.4 0 0 0 1.6 9.600000000000001 0 0 0 0 0.4 0 0 0 0 0 0.4 0 0 0 0.4 0 0 0 0 0 0 0 0 0 0 0 0 0 0 0 0 0 0 0 0 0 0 0 0 0 0 0 0 0 2.4000000000000004 0 1.4000000000000001 0 0 0 6.2 3 0 2.8000000000000003 4.800000000000001 1.4000000000000001 7.800000000000001 6.4 2.6 0 0 0.4 0 0 0 0 8.4 0 0 0 2.2 0 2.2 0 0 0 0 0 0.2 0 0 0 0 0 0 0 0 0 0 0 0 0 0 0 0 0 0 0 0 0 0 0 0 0 0 0.2 0 0 0 0 0 0 0 0 0 0 3.2 0 0 0 0 2 0 0 0 0 0 0 10.4 18.400000000000002 0 1.6 0 0 0 0 0 0 0 0 0 0 0 0 0 0 0 0 0 0 0 0 0 0 0 2 1.4000000000000001 0 0 0 0 0 0 0 0 0 0 0 0 0 
 31.200000000000003 86.80000000000001 27.400000000000002 0 40.800000000000004 68.2 77.2 52.6 17.8 37.2 24.400000000000002 15.200000000000001 85.80000000000001 31 16 10.8 12.600000000000001 24.6 15.4 28 15.4 0 0 0 0 0 0 0 0 0 0 0.4 0 0 0 0.4 0 0.4 15 0.6000000000000001 0 0.6000000000000001 0 0 0.4 0 0.6000000000000001 0 12.600000000000001 0 0 0 0.4 0 0.2 1.2000000000000002 0.6000000000000001 0.4 0 0 0.6000000000000001 0 0 0 0 0.6000000000000001 0.6000000000000001 1 0 0 0.6000000000000001 0.2 0 2.2 0.4 6.800000000000001 0.4 0.4 0 0.4 0 2 2.2 5.6000000000000005 0 3.2 0 0 3 0 3.6 5 0 2.6 4 0 8.4 2 1.2000000000000002 1.8 0 0 3.2 0 0 0 0.4 0 0 0 0 0 0 3 0.6000000000000001 0 0 0 5.4 0 0 0 0 0 0 0 0 0 0 0 0 0 0 0 0 0 0 0 0 0 2.8000000000000003 0 0 0 0 0 0 0 0 0 0 0 0 0.2 0 0 0 0 0 0 3.6 4 5.6000000000000005 1.8 2.6 0 0.2 1.8 10.200000000000001 7.4 4.6000000000000005 5.6000000000000005 1.8 2.8000000000000003 0 0 2.6 6.4 0 0 2.8000000000000003 0.6000000000000001 0 3 0 0 3.4000000000000004 0 0.4 0 0 0.2 1.2000000000000002 0 0 0 0 0 4.2 0 0 0 0 0 0 0 0 0.4 2.6 0 0 0 0 0 0 0 0 0 0.2 0 0 0 0 0 0 0 0 0.2 0 0 0 0 0 0 0 0 0 0 0 0 0 0 0 0 0 1 11.600000000000001 0 0 0.4 0 0.4 0 0 0 0 0 0 0 0 0 0 2.6 0 0 0 0 0 0 0 0 0 0 0 0 0 0 4.4 0 0 0 0 0 0 0 0 0 0 0 0 
 20.200000000000003 10.600000000000001 18.400000000000002 40.800000000000004 0 63.2 9.600000000000001 77.4 35 61.400000000000006 45.800000000000004 24.6 16.2 17.400000000000002 34 37.800000000000004 21.8 54.400000000000006 16.8 18.8 7.2 3.6 15 0.2 0 0.6000000000000001 29.6 0 0 14.8 0 0.4 25.400000000000002 14.8 0 0.4 0.6000000000000001 0.4 21.6 30.6 0 0.4 0 0.4 0 0 0.6000000000000001 0.4 0 0 0 0.4 0.6000000000000001 0 0.6000000000000001 0 0.6000000000000001 0 0 0.6000000000000001 0.6000000000000001 0 1.2000000000000002 0 0 0.6000000000000001 1.2000000000000002 0.6000000000000001 0 0.4 0.2 0.2 0 0.4 0.4 0 0.4 0.8 0.6000000000000001 0 0 7.2 0 4.800000000000001 7.2 9.200000000000001 0 0 4.800000000000001 0.2 2 7.4 0 0 0 0 3.2 6.2 0 0 0 2 2.4000000000000004 0 0.4 0 0 0.2 4 0 0 0 7.800000000000001 0 0.2 0 0 1.6 0.2 5.800000000000001 0 0 0 0 0 0 0 0 0 0 0 0 0.4 0 0 0 0 0 0.2 0 0 0.4 0 0 0 0 0 0 0 0 0 0 0 0 0 0 0 0.2 0 0 0 0 0 0 0.2 1.6 0 0 0 0.2 10.600000000000001 3.4000000000000004 0 0 9.4 1.8 3.2 0 0 0 6.6000000000000005 3.2 2.8000000000000003 0 0 0 4.800000000000001 1.6 1.8 0 0 2.4000000000000004 5 0 5.2 0 0 0 0 15 0 0 0 0 0 0 0 0 0 0 0 0 0 0 0 0 0 0 0 0 0 0 0 0 0 0 0 0 0 0 0 0 0 0 0 0 0 0.2 0 0 0 0 0.2 0 0 0.4 0.2 0 2.2 0.2 0.4 2.8000000000000003 0 0 0 0 0 0 0 0 0 0 0 0 0 0 0.2 0 0 0 0 0 0 0 0 0 0 0 0 0 0 2.4000000000000004 0 0 0 0 0 0 0 0 
 82.4 14.600000000000001 30.200000000000003 68.2 63.2 0 14.200000000000001 68.4 51.800000000000004 47.800000000000004 50.6 44.2 8 53.800000000000004 32.2 59.800000000000004 56.6 20.6 10.8 19.8 0 0 0.2 6.4 0 5.4 0 0.2 0 0.2 5.4 5.6000000000000005 15.4 0 3.4000000000000004 0.4 0.4 12.200000000000001 15.200000000000001 16 0 0 0 0 0.4 0 0.6000000000000001 0 0 0 0 0 0.4 0 1.2000000000000002 0 0.6000000000000001 0 0.2 0 1.8 0 0 0 0 0.6000000000000001 0.6000000000000001 0.6000000000000001 0 0 0 0 0 0 10.600000000000001 0 0.4 0 0 2 4 3.8000000000000003 1.6 5.4 3 16.8 0 0.4 1 0 8 2.2 0 0 0.2 4.2 4.2 5.4 0 0 3.4000000000000004 0 0 0 0.2 0 0 0 0 0 0 0 5.6000000000000005 0 0.2 0 0 0 4.6000000000000005 1.8 0 0 0 0 0 0 0 0 0 0 0 0 0 0 0 0 0 0 0.2 0 0 0.2 0 0 0 0 0 0 0 0 0 0 0.4 0 0 0 0 0 0 0 0 0.4 0 0 0 1 0 5.6000000000000005 3 0.4 5 3.2 0 0 2 1 2.2 2 0 2.6 4.800000000000001 0 0 0 0 0 0.6000000000000001 0 0 0 0 0 4.800000000000001 2.2 5.6000000000000005 2 0 0 8.4 2 0 0 0 0 0 0 0 0 0 0 0 0 0 0 0 0 0 0 0 0 0 0 0 0 0 0 0.4 0 0 0 0 0 0.2 0 0 0 0 0.4 0 0 0 0 0 0 0 0.2 20 0 18 1 0.4 4.800000000000001 0 0 0 0 0 4.6000000000000005 0 0 0 0 0 0 0 0 0 0 0 0 0 0 0 0 0 0 0.2 2.8000000000000003 0 0 0 0 0 0 0 0 0 0 0 0 
 37.4 31.6 51.400000000000006 77.2 9.600000000000001 14.200000000000001 0 37.6 25.8 7 8.6 36 33.2 55.6 25.200000000000003 24.400000000000002 28.200000000000003 28.200000000000003 27.8 37.800000000000004 0 0 0 0 0 0 0 0 0 0 0 0.4 0.8 0.8 0 0.4 15.4 0 0 1 0 0 0 0 0 0 0.6000000000000001 0 0 0 0 0 0.6000000000000001 0 0.6000000000000001 0 0.6000000000000001 0 0.4 0 0.4 0 0 0 0 0.6000000000000001 0.6000000000000001 0.6000000000000001 0 0 0 0 0 0 0.4 0 0.8 0 0 0 6.800000000000001 0.8 4 1.4000000000000001 3.6 0 0 7 6.800000000000001 11.4 0.4 0 0.2 0.6000000000000001 8.200000000000001 1 6.6000000000000005 0 0 2.4000000000000004 0 0 0 0.2 0 0 0 0 0 0 0 0 0 0 0 0 4.2 0 0 0 0 0 0 0 0.2 0 0 0 0 0 0 0 0 0 0.2 0 0 0 0 0 0 0 0 0 0 0 0 0.6000000000000001 0 0 0 0 1 0 0 0 0 0 0 0 0 5.6000000000000005 4 2.8000000000000003 0 0.4 1 0.6000000000000001 0.8 2.2 0 3.6 3.8000000000000003 0.4 5.4 0.2 2.8000000000000003 1.8 2 0 0 0 0 0 0 0 0.6000000000000001 0 0 0 0 0 1.6 0 0 0 0 0 0.2 0 0 0 0 0 0 0 0 0 0 0 0 0 0.6000000000000001 0 0 0 0 0 0 0 3.2 0 0 0 0 0 0 0 0 2.8000000000000003 0 0 0 0 0.4 0 0 0 0 0 0 0 0 0 0 0.4 0.2 0 0.2 0.8 0.4 3.4000000000000004 0 2 0 0 0 0 0 0 0 0 0 0.4 0 0 0 0 0 0 0 0 0 0 0 0.6000000000000001 3.2 3 0 0 0 0 0 0 0 0 0 0 0 0 
 32.800000000000004 20 19.400000000000002 52.6 77.4 68.4 37.6 0 62 31.200000000000003 10 6 41 61.400000000000006 34.6 30.6 5.6000000000000005 50.2 97.4 15.8 0.4 0 0 0.4 0.6000000000000001 0 0 0 1.6 0 0 0.4 0 0 0.2 0.4 0 0 0 0.6000000000000001 0 0 0 0 14.600000000000001 0.4 0.6000000000000001 0 0 0.4 0 0 0.4 0 0.6000000000000001 0 0.6000000000000001 0 0 0 0.6000000000000001 0 0 0 0 0.6000000000000001 0.6000000000000001 0.6000000000000001 0.6000000000000001 0 0 0 0 0 0.4 0 0.4 0 0 0.4 2.8000000000000003 1 1 0 2.6 3.8000000000000003 0 4.800000000000001 1.8 0.2 2.8000000000000003 1.2000000000000002 0.8 5 0 2.2 5 2.2 5.2 5.2 0.2 0 0 0 0 0 0.4 0 0 0 0 0 2.8000000000000003 0 0 0 0 0 0 4.800000000000001 0 0 0 0 0 0 0 0 0 0 0 0.2 0 0 0 0 0 0 0 0 0 0 0 0 0 0 0 0 0 0 0 0 0 0.2 0 0 0 0.4 0 0 8.200000000000001 6 3.4000000000000004 0 0 0 3.4000000000000004 5.2 0 3.6 0 3 0.8 8.6 1.8 2.8000000000000003 1 2.2 0 0 0.2 0 0 0.2 0 0 3.4000000000000004 0 0.4 0 0 0 0 0 0 0 0 0.4 0 1.6 0 0 0 0 0 0 2.2 0 0 0 0 0 0 0 0 0 0 0 0.2 0 0 0 0 0 0 0 0 0.2 1.8 0 0 0 0 0 0 0 0 0 0 0 0 0 0 0 0 0.4 0.8 0 0.2 18.400000000000002 3.8000000000000003 2.2 0.2 0 0 0 0 0 0 0 0 0 7.800000000000001 0 0 0 0 0 0 0 0 0 0 0 0 0 0 0 0 0 0 0 0 0 0 0 0 7.2 0 0 
 29.200000000000003 39.800000000000004 33.6 17.8 35 51.800000000000004 25.8 62 0 75 33.800000000000004 55 19.400000000000002 15.8 24.400000000000002 34.4 23.8 26.8 26 31.8 0.4 0.4 0 0 0 0 14.8 0 0 0.4 0 0.4 15.200000000000001 0 0 0.4 0 0 14.600000000000001 0.6000000000000001 0 0 0 1.2000000000000002 0 0 0.6000000000000001 0 0 0 15.4 0 1.2000000000000002 0 0.6000000000000001 0.4 0.4 0 1.2000000000000002 0.6000000000000001 0.4 0 0 0 0 0.6000000000000001 0.6000000000000001 0.6000000000000001 0 0 0 0 0 0 0.4 0 0.4 0 0 0 0 3.6 3.6 1.4000000000000001 0.8 0 0 3.6 0.8 3.6 3 4.2 0 0 0 18.8 0 3.8000000000000003 0 0 0 0 0 0 0 0 3 0 0 0 0 0 0 0 12.4 0 0 0 7 0.2 0 0 0 0 0 0 0.4 0 0 0 0 0 0 0 0 0 5 4.6000000000000005 0 0.4 1.8 0 0.2 0 0 0 0 0 0 0 0 0 0 0 0 0 0 1.2000000000000002 0.4 0 4.6000000000000005 2 2.8000000000000003 4 3.4000000000000004 7 3.8000000000000003 3.8000000000000003 3.8000000000000003 5.4 4 2.8000000000000003 0 0 4.2 7.2 0 0.2 0 3.4000000000000004 4 0.6000000000000001 0 0 0 0 0.4 1.8 0 0 0 0 2.2 5.2 0.2 2.4000000000000004 0 0 5.800000000000001 0 0 0 0 0 0 0 0 0 0 0 0 0 0 0 0 0 0 0 0 0 0 0 0 0 0 0 0 0 0 0 0 1.8 0 0 0 0 0 0 0 0 0 0 0 0 0 0 0.4 0.4 18 0.6000000000000001 0 1.8 0 0 0 0 0 0 0.4 0 0 0 0 0 0 0 0 0 0 0 0 0 0 0 0 0 1.2000000000000002 0 0 0 0 0 0 0 0 0 0 0 0 0 
 23.200000000000003 6.4 101.60000000000001 37.2 61.400000000000006 47.800000000000004 7 31.200000000000003 75 0 36.4 43.400000000000006 10.8 15.600000000000001 37.2 38.400000000000006 13.600000000000001 15.8 61 59.800000000000004 14.8 0 0.4 0 15.4 0.4 4.6000000000000005 0 0 0 0 0.4 16.6 0 5.4 0.4 0.2 0 16.8 0.6000000000000001 0 0 0 0.4 0 0 0.6000000000000001 0 0 0 0 0 0.6000000000000001 0 0.4 0 0.6000000000000001 0 1.2000000000000002 0 0.4 0 0 0 0 0.6000000000000001 0.6000000000000001 0.6000000000000001 0 0 0 0 0 0.6000000000000001 0.4 0 0.4 0 9 0.2 0.4 7.2 0 4 5 6.800000000000001 0 0 7.6000000000000005 7 0 7.6000000000000005 0 0 2.4000000000000004 0 0 11.8 0 0.2 4 3.2 0 0 0 0 0 0 0 0 0 0 0.6000000000000001 0 4.800000000000001 0 0 0 0.2 4 0 0 0 0 0 0 0 0 0.4 2.8000000000000003 0 0 0 0 0 0 0 0 0 0 0 0 0 0 4 0 0 0 0 0 0 0 0 0 0 0 0 1.4000000000000001 0 0 0 0 0 0 6.2 4.2 0 0 0 2.8000000000000003 11 4.800000000000001 0 0 8 6 3.2 0 0 0 2.4000000000000004 5.4 0 0 0 0 6 2.6 0 0 0 0 4.4 3 0 1.4000000000000001 0 0 0.8 1.4000000000000001 0 0.4 0 0 0 0 0 0 0 3.8000000000000003 0 0.4 0 0 0 0 0 0 0 0 0 0.2 0 0.4 0 0 0 0 0 0 0.2 0 0 0.4 0 0 0 0 0 0 0 0 0 0 0 0.2 18.400000000000002 0.2 0.6000000000000001 1.4000000000000001 0 1.6 0 0 0 0 0 0 0 0 0 0 0 0 0 0 0 0 0 0 0 0 0 0 0 0 2.8000000000000003 0 0 0 0 0 0 0 0 0 0 0 0 0 
 42 58.6 69.4 24.400000000000002 45.800000000000004 50.6 8.6 10 33.800000000000004 36.4 0 54 6.2 48.2 33.4 29.400000000000002 89.2 10.4 25.8 49.800000000000004 0 0 0 0.4 0.4 0.2 0 0 0 0.4 0 0.4 14.8 0 0 0.4 0 0 0.4 14.200000000000001 1 0 0 0 0 0 0.2 0 0 0 0 12.200000000000001 4 0 7.4 0.4 0.6000000000000001 4.4 0 0 0.4 0 0 0 0 0.4 0.4 0.4 0 0 1 0 0 0.2 0.4 0 0.4 0 0 0 2.2 4.800000000000001 3.2 7.6000000000000005 4.800000000000001 0.2 0 7.800000000000001 8 4.2 6 1.8 0 0 6 5.4 0.2 8.6 0 0 0 0 0 0 0 0 0 0 0 0 0 0 0 0 2.2 0 0 0 4.2 0 0 0 0 0.2 0 0 0 0 0 0 0 0 0 0 0 0 0 0 0 0 0 0.2 0 0 0 0 0 0 0 0 0 0 0.8 0 0 0 0 0 0 0 0 2 2.4000000000000004 2.6 3.4000000000000004 0 0 5 1 0 1.6 2 2.4000000000000004 2.8000000000000003 2 1.6 6.2 1.8 0 1.8 1.6 2 0 0 0 0 3 0 0 0 0 0 3.2 0 0 0 0 0 9.600000000000001 0.4 0.4 0 0 0 0 0 0 0 0 0 0 0 0 0 0 0 0 0 0 0 0 0 0 0 0 0 0.4 0 0 0 0 0 0 0 0 0 0 0.4 0 0 0 2.2 0 0 0 0 0.4 0 18 1 0.2 3.8000000000000003 0 0 0 0 0 0 0 0 0 0 0 0 0 0 0 0 0 0 0 0 0 0 0 2.6 3.6 0 0 0 0 0 0 0 0 0 0 0 0 0 
 44 21.400000000000002 33.800000000000004 15.200000000000001 24.6 44.2 36 6 55 43.400000000000006 54 0 3 6.6000000000000005 7 25 28.400000000000002 59.6 4.6000000000000005 7 0 14.4 0 0 0 0.2 14.600000000000001 0.4 0 0 0.2 0.4 8 0 0 0.4 0 0 22.200000000000003 4.4 0.2 0 0 0 0 0.2 0.6000000000000001 0 0 0 0 0 0.6000000000000001 0 13.200000000000001 0 0.6000000000000001 0 0 0 0.4 0 0 0 0 0.6000000000000001 0.6000000000000001 0.6000000000000001 0 0 0 0 0 0.6000000000000001 0.4 0 11 0 0 0 0 0.2 2.2 2.6 1.4000000000000001 4.2 0 4.4 7.4 4 2.6 8.4 0 0 4.4 2.2 0 6.800000000000001 3 0 3 0 0 0 0 0 0 0.2 0 0 0 0 1.8 0 5.6000000000000005 0 0 1.8 6.2 3.6 0 0 0 0 0 0 0 0 0 0 0 0 0 0.2 0 0 0 0 0 0 0 0 0 0 0 0 0 0 0 0 0 0 0 0.2 0 0 0 0.8 0 0 0 0 2.8000000000000003 0.4 5.800000000000001 3.4000000000000004 0 1 0 8.6 15 3.6 0 0 2.6 2.2 0 3.4000000000000004 0 0 1.8 2.4000000000000004 0 0 0 0 6.2 1.6 1.8 0 0.4 0.4 2.8000000000000003 0.4 1.6 0.6000000000000001 0 0 3 2.2 0 0 0 0 0 3.4000000000000004 0 0 0 0 0 0 0 0 0 0 0 0 0 0 0 0 0 0 0 0 0 3 0 0 0 0 0 0 0 0 0 0 0 0 0 0 0 0 0 0.6000000000000001 18.8 0 0.8 0 0 3.2 0 0 0.2 0 0 0 0 0 0 0 0 0 0 0 0 0 0 0 0 0 0 0 0 0 4.2 0 0 0 0 2 0 0 0 0 0 0 0 0 
 62.6 12.200000000000001 35.2 85.80000000000001 16.2 8 33.2 41 19.400000000000002 10.8 6.2 3 0 77.60000000000001 8.200000000000001 58 6.2 8.8 109.60000000000001 34.4 0.4 0.4 0 0 0 0 0 0 0 0 0.2 0.8 0 0.6000000000000001 0 0.4 0 0 0 0.6000000000000001 0 0 2.4000000000000004 0.8 0 0 0.6000000000000001 0 0 0 0 0 0.6000000000000001 0.2 1.4000000000000001 0.2 0 1 0 0 0.4 0 0 0 0 0.6000000000000001 0.6000000000000001 0.6000000000000001 1.2000000000000002 0 0 0 0 0 0.4 0 0.4 0 1.2000000000000002 0 2.4000000000000004 1.8 3.2 4.6000000000000005 0 0 3.2 0 5.4 0 2.6 0.2 8 5.6000000000000005 5.6000000000000005 0 7.6000000000000005 0 2.4000000000000004 2.6 0 0 0 0 0 0 0 0 0 0 0 0 0 0 0 0 0 0 0 0 0 0 0 0 0 0 0 0 4.800000000000001 0 0 0 0 0 0 0 0 0 0 0 0 0 0 0 0 0 0 0 0 0 0 0 0 0 3.6 0 0 0 0 0 5.2 6.2 0.2 0 0 0 0 2.2 1 2.6 0 7 5.800000000000001 4 2.6 3 3 0.2 2.4000000000000004 0 3 0 0 0 0 0 0 2.8000000000000003 0 0 0 0 0 0 0 0 2.6 0 0.2 0 0 0 0 0 0 0 0 0 0 0 0 0 4 0 0 0 0 0 0 0 0 0 0 0 0 0 0 0 0 0 0 0 0 0 0 0 0 0 0 0 0 0 0 0 0 0 0 0 3.4000000000000004 0 0 1.6 0 0 0 0 0 0 0 0 0 0 3.4000000000000004 0 0 0 0 0 0 0 0 0 0 0 0 0 0 0 0 0 0 0 0 0 0 0 0 0 0 0 
 25.6 10.4 69.8 31 17.400000000000002 53.800000000000004 55.6 61.400000000000006 15.8 15.600000000000001 48.2 6.6000000000000005 77.60000000000001 0 22 6.6000000000000005 91.4 6.800000000000001 87.80000000000001 52 0 0 0.2 0 0 0 0.2 0 0 0 0 0.4 0 0 0 0.8 0 0 0 1 0 0 0 0 0 0 0.6000000000000001 0 0 0 0 0 0.6000000000000001 0 0.6000000000000001 0 0.2 0 0 0 0.4 0 0 0 0 0.6000000000000001 0.6000000000000001 0.6000000000000001 0 0 0 10.4 0 0 0.4 0 0.4 0 0 1 6.6000000000000005 2.4000000000000004 2.8000000000000003 0 2.6 0 7.6000000000000005 5.2 2.8000000000000003 1.6 0 0 3 1.8 5.6000000000000005 0 3 0 0 2.2 0 2.8000000000000003 0 0 0 0 0 0 0 0 0 0 0 0 0 0 0 0 0 3 0 0 0 0 0 0 0.2 0 0 4 0 0 0 0 0 0 0 0 0 0 0 0 0.4 0 0 0 0 0 0 0 0 0 0.4 0 0 0 0 0 0.2 0 0.8 3.8000000000000003 0.2 3.2 0.4 0 1.6 0 4.2 7.4 0 3.8000000000000003 3.8000000000000003 4.800000000000001 2.8000000000000003 0 3 0 2.2 0.2 0 0 0 0 0 0 0 0 0 0 0 0 0 0.2 0.4 0 0 0 0 0 0 0 0 0 0 0 0 0 0 0 0 0 0 0 0 0 0 0 0 0 0 0 0 0 0 0 0 0 0 0 0 0 0 0 0 0 0 0 0 0 0 0 0 0 0 0 0.4 0 0.2 0.2 0.4 2 0 0 0 0 0 0 0 0 0 0 0 0 0 0 0 0 0 0 0 0 0 0 0 2.2 0 0 0 0 0 0 0 0 0 0 0 0 0 0 
 55.800000000000004 48.800000000000004 30.6 16 34 32.2 25.200000000000003 34.6 24.400000000000002 37.2 33.4 7 8.200000000000001 22 0 81 43 44 33.2 39.2 0 0 0.2 15 0 0.4 0 0 0 1 0 0.6000000000000001 0 0 0 0.4 0 0 0.2 0.8 0.6000000000000001 0 0 0 0 0 0.4 0 0 0 0 0 0.6000000000000001 0 1.2000000000000002 0 0 0 0 0 0.4 0 0 0 0 0.4 1.4000000000000001 0.4 0 0 0 2.2 0 0 0.4 0.4 0.4 0 0 0 3.6 0.8 2.4000000000000004 1.4000000000000001 6.800000000000001 7.6000000000000005 0 6.800000000000001 4.4 15 6.4 1.6 0 0.2 4.2 2 6.800000000000001 3 0 5.2 0 0 0 0 0 0 0 0 0 0 0 0 3.4000000000000004 0 0.4 0 0 0 0 2.8000000000000003 0 0 0 0 0 0 0 2.4000000000000004 0 0 0 0 0 0 0 0 0 0 0 0 0 0.4 0 0 0 0 0 0 0 0 0 0 1 0 0 0 0 0 0 0 2.2 3.2 4.800000000000001 7.6000000000000005 0 0.2 5.2 0.4 0.6000000000000001 0 0 1.8 0 4 5.4 2.8000000000000003 0 2.2 2 0 0 0 0 0 0 0 3 0 0 0 0 0 2.2 0 0 0 0 0 0 2 0.2 0 0 0 0 0 0 0 0 0 0 0 0 0 0 0 0 0 0 0 0 0 0 0 0 0 0.2 0 0 0 0 0 0.4 0 0 0 0 0.2 0 0 0 0 0 0 0 0 0.4 0.2 0 17.6 2.4000000000000004 3.4000000000000004 2 0 0 0 0 0 0 0 0 0 0 0 0 0 0 0 0 0 0 0 0 0 0 0.6000000000000001 0.2 0 0 0 0 0 0 0 0 0 0 0 0 0 
 23 10.4 44.6 10.8 37.800000000000004 59.800000000000004 24.400000000000002 30.6 34.4 38.400000000000006 29.400000000000002 25 58 6.6000000000000005 81 0 9.4 11 24 12.4 0.4 0.4 0 0 0 0 0.4 0 0 0 0 1 19.8 0 0 0.4 0 0.2 0.4 0.6000000000000001 0 0 0 0.6000000000000001 0 6.800000000000001 1.2000000000000002 0 0 0 0 0.2 0.6000000000000001 0 0.4 0 0 0 0.6000000000000001 0 0.8 0 0.6000000000000001 0 0 0.6000000000000001 1 1 0 0 0.4 0 0.2 0 0.4 0 0.4 0.6000000000000001 0.4 0.4 4.6000000000000005 5.2 9.600000000000001 4.2 1 0 0 2.6 9.600000000000001 0 3 3.8000000000000003 3 0.2 7.4 6.800000000000001 2.2 2.4000000000000004 2.6 0.2 0 0 0 0 0 0 0 0 0 0 0 0 0 0 0 0 0 0 9.200000000000001 0 0 0 0 0 0.2 0 0 0 0 0 0 0 0 0 0.2 0 0 3.4000000000000004 0 0 0 0 0 0 0 0 0 0 0 0 0 0 0.2 0 0 0 0 0 0 0 2 2.6 0.2 0.2 0 2.6 2.8000000000000003 0.2 3.2 0 2 0 0 0 13.4 6.2 1.6 0.2 1.8 5 2 0 0 0 0 0 0 0 0 2.4000000000000004 0 0 2 1 0 0 0.2 0 3.4000000000000004 0 0 0 0 0 0 0.2 0 0 0 0 0 0 1.8 0 0 0 0 0 0 0 0 5.6000000000000005 0 0 0 0.4 0 0 0 0 0 0 0 0 0 0 0 0 0 0 0 0 0 0 0 0 0 0 18.400000000000002 17.2 0.4 1.2000000000000002 0 0 0 0 0 0 0 0 0 0 0 0 0 0 0 0 0 0 0 0 0 0 0 0 0 0 0 0 0 0 0 0 0 0 0 0 0 0 
 10.200000000000001 30.400000000000002 21 12.600000000000001 21.8 56.6 28.200000000000003 5.6000000000000005 23.8 13.600000000000001 89.2 28.400000000000002 6.2 91.4 43 9.4 0 73.8 29.200000000000003 44 0 0 0 0 0.2 0.4 0 0 0 0.2 0 0.4 14.8 0 0 0.4 0 41.2 0 0.6000000000000001 3.6 0 0 0 0 0 0.6000000000000001 0 0 0 0 0 0.6000000000000001 0 0.6000000000000001 1.8 0.4 0.8 0 0 0.4 0 0 0 0 0.6000000000000001 0.6000000000000001 0.6000000000000001 0 0 0 0 0 0 0.4 0 0.4 0.4 0 0 2.8000000000000003 7.800000000000001 8.200000000000001 6.6000000000000005 9 2.6 0 4 0 6 4.4 0 0.2 2.2 1 12 2.2 4.6000000000000005 1.2000000000000002 4.2 0 0 0 0 0 0 0 0 0 0 0 0 0 0 0 0 0 0 6.800000000000001 2 0 0 0 0.4 0 1.6 0 0 0 0 0 0 0 0 0 0.2 0 0 0 0 0 0 0 0 0 0 0 0 0 0 0.4 0 0.6000000000000001 0 0 0 0 0 0 0.2 0.4 6 0 6.6000000000000005 2.8000000000000003 3 4.2 2 3.2 0 0 0 1.2000000000000002 3.6 0.2 2.8000000000000003 0.4 3 0 12.600000000000001 1.2000000000000002 3.8000000000000003 0 0 0 0 2 0.2 0 0 0 0 1.4000000000000001 3.8000000000000003 0 0 0 0 2.6 3.4000000000000004 0 0 0 0 0 2.8000000000000003 0 0 0 0 0 0 0 0 4 0 0 0 0 0 0 0 0 0 0 0 0 0 0 0 0 0 0 0 0 0 0 0 0 0 0 1.8 0 0 0 0.6000000000000001 0 0 0 22.400000000000002 0.2 3.2 4 0 0 0 0 0 0 0 0 0 0 0 0 0 0 0 0 0 0 0 0 0 0 1.8 2.6 0 0 0 0 0 0 0 0 2 0 0 0 0 
 8 10.8 25.6 24.6 54.400000000000006 20.6 28.200000000000003 50.2 26.8 15.8 10.4 59.6 8.8 6.800000000000001 44 11 73.8 0 14.8 6.6000000000000005 15 0 0 0 0.6000000000000001 0.6000000000000001 21 6.6000000000000005 0 0 0.4 0.8 15.4 0 0 0.6000000000000001 0.8 0.8 15.600000000000001 15.200000000000001 0 0.2 1 24.6 0 0.2 1.2000000000000002 0 13.200000000000001 0 1.4000000000000001 0 0.6000000000000001 0.4 3 0 1.2000000000000002 1 0 0.4 0.4 0.4 0 0 0 0.6000000000000001 0.6000000000000001 0.6000000000000001 0 0 0 0.4 0 1 0.6000000000000001 0 0.4 1.8 0 0 0.2 0 5.6000000000000005 2.2 2.2 6.800000000000001 0 0 2.8000000000000003 2 1.8 6.6000000000000005 0 3 0 1.8 3.2 6.6000000000000005 1.6 2 0.4 3.2 0.2 0 0 0 0 0 0 0 0 0.4 2.6 1.8 6.4 0 0 0 0.6000000000000001 6.800000000000001 0 0 0 0 0 0 0 0 0 0 0 0.4 0 1.8 0 0 0 0 0 0 0 0 0 0 0 0 0 0 0 0 0 0 0 0.2 0 0 0 1 0 0 2.2 0.2 2.6 0 8.200000000000001 1.8 0 0 0 0.6000000000000001 9 5.800000000000001 2.2 0 3.8000000000000003 0 0 5.6000000000000005 0 0 1.6 8.4 0 0.4 0 0 1.8 3.2 0 0 0 0 0 0 0 0.2 0 0.2 0 6 0 0 0 0 0 0 0 0 0 0.4 0 0 0 0 0 0 0 2.4000000000000004 0.4 0 0 0 0 0 0 0 0 0.4 0 0 0 0 0 0 0 0 0 0 0 0 0 0 0 0 0 0.4 0.6000000000000001 0 0 0.6000000000000001 0 1.2000000000000002 0 0 0 0 0 0 0.2 0 0 0 8.6 0 0 0 0 0.4 0.4 0 0 0 0 0 0 0 2.6 0 0 0 0 0 0 0 0 0 0 0 0 0 
 22.200000000000003 48.400000000000006 8.4 15.4 16.8 10.8 27.8 97.4 26 61 25.8 4.6000000000000005 109.60000000000001 87.80000000000001 33.2 24 29.200000000000003 14.8 0 63.6 0 0 0 0 0 0 0 0 0 0 0 0.4 0 0 0.4 0.6000000000000001 0 0 0.4 0.6000000000000001 0 0 0 0 0 0 0.6000000000000001 0 0 0 0 0 0.6000000000000001 0 0.4 0.6000000000000001 0.6000000000000001 0 0 0 0.6000000000000001 0 0 0 0 6.800000000000001 0.6000000000000001 0.6000000000000001 0 0 0 0 0 0 0.4 0 0.4 0 0 0.4 0 0.2 4 3 0 0 3.6 2.4000000000000004 3.6 0 0 0 4.800000000000001 5.6000000000000005 0 4.2 0.2 0 2.6 4 0 0.2 0.8 0 0 0 0 0 0 0 0 0 0 0 0 0 0 0 0.2 0 0 0.4 0 0 0 0 0 0 0 0 0 0 0 0 0 0 0 0 0 0 0 0 2.4000000000000004 0 0 0 0.2 0 0 0 0 0 0 0 0 0 0 0 0 0 7.800000000000001 4 3.8000000000000003 8.8 0 1.6 4.2 0 2 0 0 3.6 3.2 3.2 5 2.4000000000000004 0 0.4 0 3.4000000000000004 0 0 0 0 0 0 0 0 0 0 0 0 0 2 0.4 0 0 0 0 0 0 0 0 0 0 0 0 0 0 0 0 0 0 0 0 0 0 0 0 0 0 0 0 0 0 0 0 0 0 0 0 0 0 0 0 0 0 0 0 0 0 0 0 0 0 0.4 0 0.4 0.4 12 2.2 3.4000000000000004 0.2 0 0 0 0 0 0 0 0 0 23.200000000000003 0 0 0 0 0 0 0 0 2 0 0 0 0 0 0 0 0 0 0 0 0 0 0 0 0 0 0 
 39.400000000000006 29.6 31 28 18.8 19.8 37.800000000000004 15.8 31.8 59.800000000000004 49.800000000000004 7 34.4 52 39.2 12.4 44 6.6000000000000005 63.6 0 0.8 0.2 0 0 0.6000000000000001 0 0 0 0 0.4 0.4 0.4 0 0.4 0 1 0 0 0 15.600000000000001 0.6000000000000001 0.4 0 0 0.6000000000000001 0 0.6000000000000001 0 0 0 0.6000000000000001 0.6000000000000001 1 0.4 0.4 0.4 0.6000000000000001 3.2 11.600000000000001 0 0.8 0 0 0 0 0.6000000000000001 0.6000000000000001 0.6000000000000001 0 0.6000000000000001 0 0 0 0 0.4 0 0.4 0 0 0.4 12 5.6000000000000005 8.4 7.800000000000001 3 2 3 5.2 0.2 3 2 0 0 2.2 2.8000000000000003 1.8 3 4.800000000000001 1.4000000000000001 6 0 0.4 0 0 0 0 0 0 0 0 0 0 0 0 0 0 0 0 2.8000000000000003 0 0 0 0 2 0 0 0 0.2 0 0 0 0 0 0 0 0 0 0 0 0 0 0 0 0 0 0 0 0 0 0 0 0.4 0.6000000000000001 0 0 3.4000000000000004 0 0 0 0 0 7.4 0 1.8 0 0.2 1.4000000000000001 8.4 0 0.2 0.2 0 2.8000000000000003 1.6 1.6 0 5.4 0 5.6000000000000005 2.8000000000000003 0 0 0 0 0 0 0 0 0 0 0 0 1.6 0 0 0 0 0 0 2.8000000000000003 0 0 0 0 0 0 0 0 0 0 2 0 0.4 0 0 0 0 0 0 0 0 0 0.4 0 0 0 0 0 0 0 0 0 0 0 0 0 0 0 0 0 0 0.2 0 0 0 0.4 0.2 0 0 0 0 3.4000000000000004 0 0 0 0 0 0 0 0 0 0 0 0 0 0 0 0 0 0.4 0 0 0 0 0 2.2 0 0 0 0 0 0 0 0 0 0 0 0 0 0 
 0.4 0 0.2 15.4 7.2 0 0 0.4 0.4 14.8 0 0 0.4 0 0 0.4 0 15 0 0.8 0 168.8 48.400000000000006 14.8 6.800000000000001 52 35.2 40.6 8.6 59.2 8.6 50.6 28.8 42.800000000000004 12 17.8 63 22.8 25 32.4 0 0 0.2 0 0 0 0.6000000000000001 0 0 1 0 0.4 0 0 0.6000000000000001 0.4 0 0 0.6000000000000001 0.4 0 10 0.4 0 0 0 0 0 0 0 0.6000000000000001 0 0 10.4 0 0 0.6000000000000001 0.6000000000000001 0 0 0 0 0 2.2 0 0.2 0 0 0 0 0 0 0 0 0 0 0.2 2.4000000000000004 0 0 4.4 2 7 4 1.2000000000000002 9.4 2.8000000000000003 2.2 3.8000000000000003 7.4 8.200000000000001 0 0.2 4.2 4.2 2 8 7 2 3.8000000000000003 0 0 0 0 0 0 0.2 0 0 0 0 0 0.2 0 0 0 0 0 2.4000000000000004 0 0 0 0 0 0 0 0 0 0 0 0 0 0 0.2 0 0 0 0.6000000000000001 0 0 0 0 0 0 0.2 2.6 1 0 0 0 11 0 0 0 0 0 0 0 0 0 1.8 3.8000000000000003 11.200000000000001 8.8 0 4.6000000000000005 2 2.4000000000000004 2.4000000000000004 1.4000000000000001 2.8000000000000003 5.2 0 1.8 2 7.800000000000001 2.4000000000000004 3 0 1.8 0 0 0 0 0 0 0 0 0 0 0 0 0.2 0 0 0 0 0 1.8 4 0 0 0 0 0 0 0 0 0 0 0 0 0 0 0 0 0 0 0 0 0 0 1.8 0 0 0 0 0 0 0 0 0 0 0 1.6 0.4 0 0 0 0.4 0.2 0.2 0 0 0 0 2.6 0 0 0 0 0 0 0 0 0 0 0 0 0 0 0 0 0 0 0.2 0 0 0 0 
 0 0 41.400000000000006 0 3.6 0 0 0 0.4 0 0 14.4 0.4 0 0 0.4 0 0 0 0.2 168.8 0 53.400000000000006 23.8 7.4 12 16.6 34.2 14 21.8 25.8 8.200000000000001 35.6 47.6 9 22.400000000000002 26.400000000000002 37 28.200000000000003 54.2 0 0 0.2 0 0 0.6000000000000001 0.6000000000000001 0 0 0 0 0 0.4 0 0.6000000000000001 0.4 0 0 13.8 0.4 0 0 0.4 0 0 1.2000000000000002 0 2.8000000000000003 0 0 0.4 0 0 0.6000000000000001 0 0 0.6000000000000001 0.6000000000000001 0 0 0 0 0 0 0 4 0 10 0 0 0 0 0 0 0 0 0 0 0 0 8.8 0 5 5.6000000000000005 0.4 2.2 2.4000000000000004 4.800000000000001 12 0.2 0.2 0 13.4 8 0 1 3 8.6 1.8 4.2 0 0 0 0 0 0 0 0 0 0 0 0 2.4000000000000004 0 4 0 0 0 0 0 0 0 0 0.2 0 0 0 0 1.6 0 0 0 0 0 0 0 0 0 0 0.4 0.4 0 0 0 0 0 0 0 0 0 0 0 0 0 0 0 0 0 0 0 0 0.8 8.200000000000001 10.8 2 5.800000000000001 5 0 6.4 2.2 3 3.8000000000000003 3.8000000000000003 3.6 6.4 1.8 4.2 2.8000000000000003 0 2.2 3 0 0 0 0 0 0 0 0 0.4 0 0 0 0 0 0 0 0 1.8 0.8 0 0 0 0 0 0 0 0 0 0 0 0 1.2000000000000002 0 0.4 0 0 0 0 0 0 0 0.2 0 0 0 0 0 0 0 0 0 0 0 2.2 0.4 0 0 0.2 0.2 0 0.2 0 0 0 0 5.2 0 0 0 0 0 0 0 0 1.4000000000000001 0 0 0 0 0 2.4000000000000004 0 0 0 3.6 0 0 0 0 
 0.2 0 0.2 0 15 0.2 0 0 0 0.4 0 0 0 0.2 0.2 0 0 0 0 0 48.400000000000006 53.400000000000006 0 50.2 23 38 10.8 65 28.200000000000003 38.400000000000006 32 38.2 16.400000000000002 31.6 42.6 42.6 28.6 59.800000000000004 8.4 10.4 0 0 0 0 0 3.6 0.6000000000000001 0 0 0 0.2 0 0 0 0.6000000000000001 0 0 0 0.6000000000000001 0.4 0 0 0.6000000000000001 0 0 0 0 0 0 0 0.4 0 0 0.6000000000000001 0 0 0.6000000000000001 10 0 10.200000000000001 0 0 0 0 0 3.8000000000000003 0 0 0 0 0 0 0 0 1.8 0 0 0 0 0 5.800000000000001 0 0.6000000000000001 1.8 1.6 9.4 8 9.600000000000001 4 2.2 12.8 2.6 0 2 0 7.2 7.4 2 0 3.4000000000000004 0 0 0 0 3 0 0 0 0 0 0 0 0.4 0 12.8 0 0 0 1.8 0 0 0 0 0 0 0 0 1.2000000000000002 0 0 0 0 0 0 0 0 0 0 0 0 0 0 0 0 0 0.2 0 0 0 0 0 0 0 0.6000000000000001 0.6000000000000001 0 0 0 0 0 1.4000000000000001 1.8 0 6.6000000000000005 3.4000000000000004 4.800000000000001 4.4 9 7 9 6 3 3 0 0 3.6 9 0 3.6 2.8000000000000003 0 0 0.2 0 0 0 6.6000000000000005 0 0 0 0 0 0.2 0 0 0 0 0 0 2 0 0 0 0 0 0 0 0 0 0 0 0 0 0 0 4 0 0 0 0 0 0 0 0 0 0.2 0 0 0 0 0 0 0 0 2.6 0 0 0.6000000000000001 0 0.4 3.2 0 0 0 0 0 0.4 0 0 0 0 0 0 0 0 0 0 0 0 0 0 10.600000000000001 0 0 0 3 2 0 0 0 
 0 0 0 0 0.2 6.4 0 0.4 0 0 0.4 0 0 0 15 0 0 0 0 0 14.8 23.8 50.2 0 18 59.2 12.600000000000001 33.2 44 107.60000000000001 32.6 39.6 28.6 30.400000000000002 47.800000000000004 26 49.800000000000004 14.8 13 13.200000000000001 0 0.4 0 0 0 1.4000000000000001 18.8 0 0.2 0.2 0 0.8 11.8 0 0.6000000000000001 0 0 0 13.200000000000001 0.6000000000000001 0.6000000000000001 0 0.6000000000000001 0 0 0 0 0 0 0 0.4 6 0 0.6000000000000001 0 0 0.6000000000000001 0.6000000000000001 0.8 0.6000000000000001 0 0 0 0 0 0 0 0.4 0 0.2 0 0 0 0 0 0 0 0 0 0 0 5.2 0 1.4000000000000001 4 7.4 0 1.6 4.2 8.6 5.4 2.8000000000000003 0 2.4000000000000004 0 2.4000000000000004 7.4 4.4 0 2.6 0.4 0 0 0 0 0 3.2 0 0 0 0 0 0 0 4.6000000000000005 0 0.2 3.2 3.4000000000000004 2.4000000000000004 0 0 0 0 0 0 0 0 0 0 0 0 0 0 0 0.2 0 0 0 0 0 0 0 0 0 0 0 0 0 0 1 0 0 0 0 0 0 1.2000000000000002 0 0 0 2.2 0 2.2 2.8000000000000003 7.2 2.6 4 0.4 3.4000000000000004 0 0 0.2 0 0 2.6 0 0 0 1.6 0 0 0 3.2 0.2 0 7.2 6.2 0 0 0.4 3.4000000000000004 0.6000000000000001 0 2.2 0 0 0 8.200000000000001 0 0 0 0 0 0 7 0 0 0 0 0 0 0 0 0 0 0 0 0 0 0 0 0 0 0 0 0 0 0 0 0 0 0 0 1.4000000000000001 0 0.4 31.200000000000003 0 0 1 3.6 0 0 0 0 0.2 0 0 0 0 0 0 0 0 0 0 0 0 0 0 0.2 0 0 0 0 2.2 0 0 0 
 0 0 0 0 0 0 0 0.6000000000000001 0 15.4 0.4 0 0 0 0 0 0.2 0.6000000000000001 0 0.6000000000000001 6.800000000000001 7.4 23 18 0 43.800000000000004 10.4 28.400000000000002 26.6 66.2 31.400000000000002 22.8 16.2 53.400000000000006 32.4 15.4 14.8 11.4 17.8 62.2 6.6000000000000005 0 0.4 0 0 0 14.600000000000001 18.400000000000002 0 13 0 0 24.8 12.4 13 0 0 12.4 6.4 38 0 0 0.6000000000000001 0.2 0 0 0 0 0 0 0.4 0 0.6000000000000001 0.6000000000000001 0.8 0 0.6000000000000001 0.6000000000000001 5 0 0 0 0 0 0 0 0 0 2.2 3.4000000000000004 0 0 0 0 0 0 0 0 0 0 0 0 4.2 5.2 0.8 5.4 2 3.8000000000000003 0 5 0 5 0 0.2 0.2 2 6.2 0 0.2 0 0 0 2.8000000000000003 1.8 0 0 8 3 1.4000000000000001 3.8000000000000003 0 0 3.4000000000000004 0 0.2 0 1.4000000000000001 7.6000000000000005 2.8000000000000003 2 0 0 0 0 4.6000000000000005 0 0 0.6000000000000001 0 0 0 0 0 0 0 0 0 0 0 0 0 0 0 0 0 0 0 1.8 0 0 0.4 0 0 0 0 0 0 0.2 0 0 1.4000000000000001 0 0 4 3.2 0.2 0 0 0 1.6 3.2 1.4000000000000001 0 0 0 0 1.8 0 0 0 0 0 2.8000000000000003 2.4000000000000004 0 0 0 0 2 0 0 5.4 3.2 0 5.2 2.6 0 2.4000000000000004 2.4000000000000004 2.6 0 0 0 0 0 0 0 0 0.4 0 0 0 0 0 0 0 0 0 0 1.6 0 0 0 0 0 0 0 0 0 0 0 0 0 0 2.4000000000000004 1 0.4 0.2 0.2 0.2 1.4000000000000001 0 0 0 0 0 0 0 0 0 0 0 0 0 0 0 0.2 0 0 0 0 2 0 0 0 0 0 0 0 0 
 0 0 0 0 0.6000000000000001 5.4 0 0 0 0.4 0.2 0.2 0 0 0.4 0 0.4 0.6000000000000001 0 0 52 12 38 59.2 43.800000000000004 0 5.800000000000001 36.6 9.600000000000001 28.400000000000002 46.400000000000006 61 6 7 22 15.600000000000001 28.8 45.6 7.6000000000000005 8.8 0 0 10.8 0 0.6000000000000001 4.6000000000000005 0.6000000000000001 13.4 17.400000000000002 13 0 0 0 0 0.6000000000000001 10.8 0 5 0.6000000000000001 4.800000000000001 0 0 0.6000000000000001 0 0 0 0 0 0 0 0.4 0 0 1.6 0 0 0.6000000000000001 0.6000000000000001 0.8 0 0 0 0 0 0 0 0 0 0.4 0 0 0 0 0 0 0 0 0 0 0 3.6 0 2.6 4.6000000000000005 0 0 0 0 3.4000000000000004 0.4 3.8000000000000003 0 0 0.4 0 0.2 3.8000000000000003 3.8000000000000003 0 3.6 2.8000000000000003 10.200000000000001 3.8000000000000003 0 0 0 1.8 4.6000000000000005 0 3.8000000000000003 0 0 12.600000000000001 3.6 5.4 0 0.4 1.2000000000000002 2.4000000000000004 6 0 0 0 0 0 0 0 0 0 0 0 0.2 0 0 0.2 0.4 2.4000000000000004 0 0 0 0 0 0 1.8 0 0 0 0 0 0.2 0 0 0 0 0 0 0 0 0 0 0 0 0 3.6 7 6.800000000000001 0 3.4000000000000004 2.4000000000000004 0 3 0 0 0 0 3.8000000000000003 4.4 0 0 0 6 0 4 0 0.4 1.6 6.2 2.6 4.2 0 0.2 0 0 2.6 2.8000000000000003 1.6 12.8 4.6000000000000005 0 1.6 0 0 0 0 0 0 0 0 0 0 0 0 0 0 0 0 0 0 3.6 0 0 0 0 0 0 0 0 0 0 0 0 0 0 0 1 0 1 15.600000000000001 20.200000000000003 0.2 0.4 0.2 1.8 0 0 0 0.2 0 0 0 0.2 0 0 0 0 0 0.4 0 0 0 0 0 0 0 0 3 0.8 0 0 0 
 0 0.4 0 0 29.6 0 0 0 14.8 4.6000000000000005 0 14.600000000000001 0 0.2 0 0.4 0 21 0 0 35.2 16.6 10.8 12.600000000000001 10.4 5.800000000000001 0 60 27.400000000000002 9 5 9.600000000000001 73.4 9.8 23.200000000000003 40.6 18.8 5 42.800000000000004 31.6 0 0 0 40.400000000000006 0 0 0.6000000000000001 0 0 0 0 0 0 5.6000000000000005 0.6000000000000001 0 0 0 0.6000000000000001 0.4 0 0 0.4 0 5 0 0 0 0 0 0.4 0 0 0.6000000000000001 0 0 0.6000000000000001 0.6000000000000001 0 0 0.2 0 0 2 3.6 0 0 0 0 2.6 0 0 0 0 0 0 0 1.6 0 0 3 2.8000000000000003 4.2 0 0 0 2.4000000000000004 0 0 0 0 2.2 3.8000000000000003 0 2.8000000000000003 2.2 2 0 0.2 8.6 0 0 0 0 0 0 0 0 0 0 0 0 0 0 0 0 0 0 0.4 0 0 0 0 0 0 0 0 0 0 0 0 0 0 0 0 0 0 1.8 0 0 0 0 0 0 4.800000000000001 2 0 0.4 0 0 1.6 0 0 1.8 0.6000000000000001 0 0 2.8000000000000003 0 0 9.4 4.4 0.2 0 0.2 0 0 2.6 0 1.8 0 0 0 0 5 0.2 0 2.2 2.4000000000000004 2.8000000000000003 0 0.2 0 0 0 0 0 0 0 2.8000000000000003 0 0 0 0 0 1.8 0.2 0 0 0 0 0 0 0 0 0 0 0 0 0 0 0 0 0 0 1.8 0 0 0 0 0 0 0 0 0 0 0 0 0 0 0 0 0 0 4 0 0.2 0 0 0.4 0.4 0 0 0 0 0 0 0 0 0 0 0 0 0 0 0 0 0 0 0.6000000000000001 0 0 0 0 0 0 0 0 0 0 
 0 0 0 0 0 0.2 0 0 0 0 0 0.4 0 0 0 0 0 6.6000000000000005 0 0 40.6 34.2 65 33.2 28.400000000000002 36.6 60 0 58.800000000000004 51.800000000000004 34.6 37.2 34.2 50.400000000000006 54 64.60000000000001 15.8 29.6 24.200000000000003 11.200000000000001 0 0 0 0 0 1 13.200000000000001 0 0 0 0 0 0 0 0.6000000000000001 0 0 0 0.6000000000000001 0.4 0 0 0.4 0 0 0 0 0 0 0 2.4000000000000004 0 0 0.6000000000000001 0 0 0.6000000000000001 0.6000000000000001 0 0 0 0 0 1.2000000000000002 0 0 0 0 0 0 0.4 0 0 0 0 0 0 0 0 0 3.4000000000000004 2.4000000000000004 2.2 4.2 0 7 3.2 3.8000000000000003 8 6 6.2 0 0 4.6000000000000005 2.2 9.8 1.8 0.2 2.2 1.4000000000000001 3.6 0 0 0 0 0 0 0 0.2 0 0 0 2.2 0 1.4000000000000001 0.4 0 0 1.4000000000000001 0 0 0 0 0 0 0 0 0.6000000000000001 0 0 0 0 0 0 0 0 0 0 0 0 0 0 0 0 0.2 0 0 0 0 0 0 0 0 0.2 0 0 0 0 0 0 5.800000000000001 6.800000000000001 0 7.4 1.8 1.6 8.8 5.4 9.8 8 6.4 2.4000000000000004 1.2000000000000002 0 0 1.2000000000000002 6.4 0.2 0 1.4000000000000001 0 0 0 0 0 0 2.2 0 0 0 0 0 0 0 0 0 0 0 0 1.2000000000000002 0 0 0 0 3.6 0 0 0 0 0 0 0 0 0 0 0 0 0 0 0 0 0 0 0 0 0 0 0 0 0 0 0 0 0 2 0 0 0.4 0 0 0.2 0.2 0 0 0 0 0 0 0 0 0 0 0 0 0 0 0 0 0 0 0 5 0 0 0 2.2 3 0 0 0 
 0 0 0 0 0 0 0 1.6 0 0 0 0 0 0 0 0 0 0 0 0 8.6 14 28.200000000000003 44 26.6 9.600000000000001 27.400000000000002 58.800000000000004 0 27.8 24 36 37.800000000000004 20.6 37.2 8.6 23.400000000000002 39.2 33.2 14.4 0.4 0 0 0.4 0 9 0.6000000000000001 0.4 22.6 0.4 0.4 0 0 0 1 0 0 0.2 0.6000000000000001 0.8 0 0 0.6000000000000001 1.6 1.4000000000000001 0 0 0 0.6000000000000001 0 0.4 0 0 0.6000000000000001 0.2 0 0.6000000000000001 0.6000000000000001 0 0 0 0 0 3 0 0 0 0 0 0 0 0 0 0 0 0.2 0 0 2.8000000000000003 0 3.8000000000000003 12.4 1.8 2 0 0 0 4.800000000000001 2 1.8 9.8 4.4 0 1.6 4.800000000000001 11 0 2.8000000000000003 2.4000000000000004 0 0.4 2.6 0 0 0 0 6.6000000000000005 0 0 0 0 0 1.8 3.8000000000000003 0.2 0 0 0 3.8000000000000003 0 0 0 0 0.4 0 0 0 0 0 0 0 0 0 0 0 2 0 0 0 0.2 0.4 0 0 0 0 0 0 0 0 0 0 0 0 1.2000000000000002 0 0 5 0 0 0 0.2 1.2000000000000002 0 6.800000000000001 0 4 0 2.8000000000000003 2.4000000000000004 8 5.6000000000000005 0 0 0 0 0 10 5.800000000000001 0.6000000000000001 2.4000000000000004 4.6000000000000005 0 0 0 0 0 1 9.600000000000001 0 0.4 0 0 2.8000000000000003 0 0 0.4 0 0 4.800000000000001 4.2 0 0 0 0 0 0 0 0 0 0 0 0 0 1.8 0 0 0 0 0 0 0 0 1.6 0 0 0 0 0 0 0 0 0 0 0 1.4000000000000001 0 0 0.2 0 0.4 0 1.2000000000000002 0 0 0 0 0 0 0 0 0 0 0 0 0 0 0 0 0 0 0 2.6 0 0 0 2.4000000000000004 0 0 0 0 
 0 0 0 0 14.8 0.2 0 0 0.4 0 0.4 0 0 0 1 0 0.2 0 0 0.4 59.2 21.8 38.400000000000006 107.60000000000001 66.2 28.400000000000002 9 51.800000000000004 27.8 0 81.2 46.6 13.8 81.80000000000001 93.80000000000001 15 37.6 67.4 13.8 21.8 0 0 0 0.6000000000000001 0 0.8 0.6000000000000001 0.8 0 0 0 0 13.200000000000001 0 0.6000000000000001 0 0 0 0.6000000000000001 0.4 0 0 0.6000000000000001 0 0 0 0.8 0 0 0 0.4 0 0 0.6000000000000001 0 0 0.6000000000000001 0.6000000000000001 0 0 0 0 0 0 0 3.6 0 0 0.2 0 0 0 0 0 0 0 0 0 0 0 0.2 0.6000000000000001 0 2.8000000000000003 0 4.800000000000001 3 9.4 5.2 16 1.2000000000000002 2.8000000000000003 1.6 4 0 7 4.2 2.2 0 1.4000000000000001 0 0 0 0 0 0 6.6000000000000005 0 0 0 0 0 0 0 0 0 0 0 0 0 0.4 0 0 0 0 0 0 1.4000000000000001 0 0 0 0 0 0 6.4 0 0 0 0 0 0 0 0 0 0 5.800000000000001 0 0 0 0.4 2.6 0 0 0 0 0 0 0 0 0 2 2.4000000000000004 1.8 5.2 2.4000000000000004 0 5 9.200000000000001 4.800000000000001 10.8 4.6000000000000005 9 3.4000000000000004 2.6 0 5.6000000000000005 6 0.4 0 2.8000000000000003 0 0 0.2 0.2 0.2 0 7.2 2.8000000000000003 0 0 0 1.2000000000000002 0 4.4 0 0 0 2.6 0.2 4 0 0 0 0 0 0 0 0 0.4 0 0 0 0 0 0 0 0 0 0 0 0 0 0 0 0 0 0 0 0 0 0 0 0.2 0 2.2 0.2 0.6000000000000001 0.6000000000000001 0.2 0 0.4 0 0 0 0 0 0 0 0 0 0.4 0 0 0 0 0 0 0 0 3.4000000000000004 0 13.200000000000001 0 0 0 0 3.8000000000000003 0 0 0 
 0 0 0 0 0 5.4 0 0 0 0 0 0.2 0.2 0 0 0 0 0.4 0 0.4 8.6 25.8 32 32.6 31.400000000000002 46.400000000000006 5 34.6 24 81.2 0 42 5.6000000000000005 50.6 43.2 29.200000000000003 35.2 29.6 9.4 14.8 0 0 0 0.2 1.4000000000000001 0.6000000000000001 13.200000000000001 0.2 0 0 0 0 0.4 0 1.4000000000000001 0 0 0 0.8 0.4 0 0 0.6000000000000001 0 0 9.8 0 0 0 0 0.4 0 0 0.6000000000000001 0 8 0.6000000000000001 0.6000000000000001 7.4 0 0 0 0 0 0.4 0 0 0 0 0 0 0 0 0 0 0 0 11.200000000000001 0 0 0.2 4.800000000000001 3.4000000000000004 1.6 0 2.2 0 2.6 4.2 8.200000000000001 6 2.8000000000000003 0 0.2 0 9 4.2 5.800000000000001 0 3.6 0 0.4 2.2 0 0.4 0 4 2 0 0 0 0 3.6 2.6 3.6 0 0 5.2 4.2 0 0 0 0 0 0 0 0 0 0 0.2 0 0 0 0 0 0 0 0.2 0 0 0 0 0 0 0 0 0 0 0 0 1 0 0 0.4 0 0 0 0 0.4 0 0 0.4 0.2 4.4 10.8 4.2 0 2 6.800000000000001 2.8000000000000003 2 2.6 0 0 0.2 6.4 11 2.8000000000000003 0.2 0 0.4 0 0 0 0 9.4 4.6000000000000005 3.8000000000000003 0 0 0 0 2 5.6000000000000005 0 3.8000000000000003 0 0 3.8000000000000003 4 0 0 0 0 0 0 0 0 0 0 0 0 0 0 0 0 2 0 0 0 0 0 0 0 0 0.2 0 0 0 0 0 0 0 0 3.4000000000000004 0 0.2 15.200000000000001 17.6 0.4 0 0.2 13 0 0 0 0 0 0 0 0 0 0 0 0 0 0 0 0 0 0 5.2 0 0 0 3.2 2.4000000000000004 0 0 0 
 0.4 0.4 41.800000000000004 0.4 0.4 5.6000000000000005 0.4 0.4 0.4 0.4 0.4 0.4 0.8 0.4 0.6000000000000001 1 0.4 0.8 0.4 0.4 50.6 8.200000000000001 38.2 39.6 22.8 61 9.600000000000001 37.2 36 46.6 42 0 7 9.200000000000001 28.6 57.400000000000006 37.2 40 10.8 7.4 0 0 0.2 0 0 0 0.6000000000000001 0 0 0.8 0 0.4 25.200000000000003 0 0.6000000000000001 0 0.4 0 6.2 12.8 0 0 0.6000000000000001 0 0 0 0 0.6000000000000001 6.2 0 0.4 0 0 0.6000000000000001 0 0 0.6000000000000001 0.6000000000000001 5 0 0 0 0 0 0 0 2.6 0 0 0 0 0 0 0 0 0 0 0 0 0 0.2 0.2 0 6.4 0.6000000000000001 5.800000000000001 1.8 2.4000000000000004 0.4 7 5.800000000000001 2.8000000000000003 0 2.6 2 2.2 3.6 0 0 3.6 0 0 0 1.8 0 0 4.4 7.2 0.2 0 0 0 0 0 0 0 0 3.2 2.2 0 0 0.2 0 0 0 0 0 1.8 0 0 0.4 0 0 0 0 0 0 0 0 0 0 0 0 0 1.8 0 0 0 0 0 5.2 0 0 0 0 3 2.4000000000000004 0 0 0 1.8 0 0 1.2000000000000002 7.800000000000001 6.4 0.2 3.2 0.2 2.2 6 1.6 0 0 0 5.6000000000000005 4 0 0 0 0 0 5.4 0.2 0 0 5.4 2.8000000000000003 0 0 0 0 2 3 2.4000000000000004 0 0 0 0 6 0 0 0.8 0 0 0 0 0 0 0 0 0 0 0 0 0 0 0 0 0 0 2.6 4.6000000000000005 0 0 0 0 0 0 0 0 0 0 0 3.2 0 0.4 16.2 0.2 0.4 1 0 0 0 0 0 0.2 0 0 0 0 0 0 0 0 0 0 0 0 0 0 2.2 0 0 0 0 0.8 0 0 0 
