 0 15.4 28.200000000000003 44.400000000000006 27 7 15.600000000000001 9.200000000000001 18.400000000000002 21.6 6.4 6.6000000000000005 19.8 60.800000000000004 11.200000000000001 45.800000000000004 46.400000000000006 13 27.8 27.8 0.2 0 0 0.4 0.6000000000000001 0.4 0 0.2 0 3.6 0.6000000000000001 0.4 0 0.6000000000000001 0 0 0.4 0.4 0.6000000000000001 0 0 0.6000000000000001 0 4 0.6000000000000001 0.6000000000000001 0 0 0 0 1 0 0.6000000000000001 0 0 0 0 1 0 0 6.6000000000000005 0 0 0.4 0 0 0.6000000000000001 0 0.6000000000000001 0.2 0.6000000000000001 0 0 0 0 0.6000000000000001 0 0 0 0 9.4 5.2 2.2 2 2 0 2.6 9 0 4 1.2000000000000002 0.2 6.800000000000001 4.4 0.8 8.4 0.2 2.2 4.2 3.6 2 0 0 0 0 0 2.8000000000000003 0 0 0 0 0.2 0 0 0 0 0 0 0 0.2 0 0 0 0 0 0 0 0 0 0 0 0 0 0 2.8000000000000003 0 0 0 0 0 0 0 0 0 0 0.4 0 0 0 0 0 0.4 9.4 0 0 0 0 0 0 0 0 4 0 3 0 3 5 10.8 5.800000000000001 0 0 0 5.6000000000000005 2.6 9 0 6.2 3.8000000000000003 0 3.2 0.8 0 0 0 0 0 0 0 0 0 0 2 0 0 0 0 0 0 1.8 0 0 0 0 0 0 0 0 0 0 0 0.4 0 0 0 0 0 0 0 0 0 0 0 0 0 0 0 0 0 0 0 0 0 0 0 0 0 0 0.4 0 3 0 3.8000000000000003 0 0 0 0.2 0.2 0 0 17.6 0 2.6 0 0.4 0 0 0 0 0 0 0 0 0 0 0 0 0.4 0 0 0 0 0 0 0 0 2.6 2.6 0 0 0 0 0 0 0 0 0 0 0 0 0 
 15.4 0 41.2 10 15.4 22.6 34.2 24.200000000000003 43.6 49.800000000000004 46.800000000000004 19 29 44.800000000000004 10.200000000000001 66 29.200000000000003 6.6000000000000005 49.800000000000004 11.8 0 0 0 0 0.2 0.2 0 0.4 0 0 1.6 16.8 0 0.8 0 0.2 0 0 0.6000000000000001 0 0.8 0.6000000000000001 0 0 0.6000000000000001 0.6000000000000001 0 0 0 1.6 0.8 0 0 0 0 0 0 0.8 1.2000000000000002 14 0 1.2000000000000002 0 0 0 0 0.4 0 0 0 1.2000000000000002 0 0 0 0 0.6000000000000001 0.4 0 1.4000000000000001 0.6000000000000001 5.2 2.4000000000000004 6.800000000000001 2.8000000000000003 0 6.800000000000001 1.4000000000000001 0 7.6000000000000005 0 1.8 4 0.4 6 4.4 6.2 5.800000000000001 6.4 3.6 2.8000000000000003 0 0 0 0 0 0 5 5.800000000000001 0 0 0 0 5.2 0 0 0 0 0 0 0 0 0 0 0.8 0 0 0 0 0 0 0 0 0 0 0 0 0 3.8000000000000003 0 0 0 0 0 0.6000000000000001 0 0 0 0 0 0.2 0 2.6 0 0 2 0 0 0 0 0 2.6 0 3.2 0 0 11.4 1.6 6 2.8000000000000003 6 1.2000000000000002 0 0 0 10 3.8000000000000003 2 0.4 0 2.8000000000000003 0 0 0 0 0 0 0 0 0.2 0 0 0 8.200000000000001 0 0 0 0 2.6 2.8000000000000003 0 0 0 0 0 0 0 0 0 0 0 0 0 0 0 0 0 0 0 0 0 0 0 0 0 0 0 2.8000000000000003 0 0 0 0 6.4 0 0 0 0 0 0 0 0 0 0 0 0 0 0.2 27 0.4 0.6000000000000001 0.6000000000000001 0 1 0 0 0 0 0 0 0 0 0.2 0 0 0 0 0 0 0 0 0 0 0 0 0 0 3.2 0 2.8000000000000003 0 0 0 0 0 0 0 0 0 0 0 0 
 28.200000000000003 41.2 0 36 9 21.8 28.8 40.6 48.6 54.800000000000004 28.400000000000002 10 12.600000000000001 57.6 26.400000000000002 29 28.400000000000002 86 5.800000000000001 26.6 0 0 0 0 1 0 0 0.4 0 0 0.4 0 0 0.8 0 0 0 0 0.6000000000000001 0.2 0 0.6000000000000001 0 0.6000000000000001 0.6000000000000001 0.6000000000000001 0 0 0 0 0.6000000000000001 0 0 0 0 0 0 0.6000000000000001 0 0 0 0 0 0 0 0 0.6000000000000001 0 0.6000000000000001 0 0.6000000000000001 0 0 0 0 0.6000000000000001 0 0 0 0.4 2.4000000000000004 0 1.8 0.2 7.4 14 0 0 4 0 2.8000000000000003 2.8000000000000003 0 7 0 2.8000000000000003 2.6 2.8000000000000003 0 1.2000000000000002 0 5.800000000000001 0 0 0 0.2 0 3.8000000000000003 0 0 0.4 0.4 3.8000000000000003 0 0 0 0 0 6.4 0.2 0 0 0 0 0 0 0 0 0 0 0 0 0 0 0 0 0 0 0 0 0 2.8000000000000003 0 0 0 0 0 0 0 1.4000000000000001 0 0 0 0 1.2000000000000002 0 0 0 0 0 2 3.6 2 2.2 11.4 0.2 0 0 0 4.800000000000001 2.2 2.6 0 0 0 0.2 0 5.4 0 7.6000000000000005 0 0 0 0 0 0 0.2 0 0 0 0 0 4 0 0 0 0 0.2 0 0.2 0 0 2.8000000000000003 0 0 0 0 0 0 0 0 0 0 0 0 0 0 0 0 0 0 0 0 0 0 0 0 0 0 0 0 0 0 0 0 0 0 0 0 0 0 0 0 0 0 0 0.8 0 0.4 0.4 0 0.6000000000000001 0 0 0 0 0 0 0 0 0 0 0 0 0 0 0.4 0 0 0 0 0 0 0 0 2.6 0 0 0 0 0 0 0 0 0 0 0 0 0 0 
 44.400000000000006 10 36 0 12.8 7.6000000000000005 45.800000000000004 12.600000000000001 107.4 52.2 76.60000000000001 47.6 56.2 34.2 16 56.2 8.4 56.800000000000004 35.6 36.4 7 0 0 41.800000000000004 0 0.2 15 0.2 0 0 0.6000000000000001 0 0.4 0.8 0.2 0 0 0.2 16.400000000000002 15 0 0.6000000000000001 0 3.4000000000000004 0.6000000000000001 0.6000000000000001 0 0 0 0 0.6000000000000001 0 0 0 0 0 0 0.6000000000000001 0 0 0 0 0 0 0 0 0.6000000000000001 0.2 0.6000000000000001 0 0.6000000000000001 0 0 0 0 0.6000000000000001 0 0 0 0 8.200000000000001 4.2 0 0 2.6 4.2 0 10.8 0 4 5.2 2.8000000000000003 6.2 5.800000000000001 0 0.4 2.6 0 0 0 0 5.4 0 0 0 0 0 0 0 0 0.8 0 0.8 0 0 0.4 0 0 6 2.2 0 0.4 0 0 0 0 0 1.8 0 0 4.4 0 0 0 0.4 0 0 0 0 0 0 0 0 0 0 0 0 0 0.2 0 0 0 0.4 0 0.8 0 0 0 0 0 2.2 3.6 1 2 1.6 2.8000000000000003 0 2.4000000000000004 10 0 5.4 6.6000000000000005 0 1.8 2.2 0 0 0.6000000000000001 0 2.2 0.4 0.4 0 0 0 0 6 1.8 0 0 0 0 2 0 0.2 0 0 0 3 9.8 0 0 0 0 0 0 0 0 0 0 0 0 0 0 0 0 0.4 0 0 0 0 0 0 0 0 0 0 0 0 0 1.4000000000000001 0 0 0 0.2 0 0 0 0 0 0 0 0 0 0 0.4 0.2 0.4 0.8 0 2.2 3.4000000000000004 2.2 0 0 0 0 0 0 0 0 0 0 0 0 0 0 0 0 0 0 0 0 0 0 0 0.2 0 0 0 0 0 0 0 0 0 0 0 0 0 
 27 15.4 9 12.8 0 85 10.200000000000001 26.8 13 16 20.200000000000003 8.4 22.6 35.800000000000004 15.4 17.2 11 66 16.400000000000002 14.4 3.4000000000000004 7.6000000000000005 0 0 0.2 0 29.6 0 15.200000000000001 0 0.4 0 0.2 0.6000000000000001 0 0 15.8 0 0.8 32 0 0.6000000000000001 0 0 0.6000000000000001 0.6000000000000001 0 0.2 0 0 0.6000000000000001 0 0 0 0 0 0 0.6000000000000001 0 0 0 0 0 0 0 0 0.6000000000000001 0 0.6000000000000001 0 0.6000000000000001 0 0 0 0 0.6000000000000001 0 0 0 0 0 0 3 3.6 0 0 0 0 0 0 0 3.8000000000000003 0 0 2.4000000000000004 0 0 0 0 0 0 4 0 0 0 2.2 2.4000000000000004 2 0 3.2 3.6 1.4000000000000001 3 3.6 0.2 3.8000000000000003 0.2 0 2.2 1.2000000000000002 0 0 0 0 0 0 0 0 0 0 0 0 0 0 0 0.4 0 0 0.4 0 0 0 0 1.6 0 0 0 0 0 0.2 0 4.6000000000000005 0.2 0.2 0 0 0 0 0 0 3.8000000000000003 0.4 0 0 1 3 2.2 3.8000000000000003 0.2 2 0 0 0 0 2.4000000000000004 2 0 0 0 3.6 7 13.200000000000001 3 0 2.6 0.2 2.2 0 2.8000000000000003 0 2 0 0 2.8000000000000003 4.800000000000001 3 9 0 3.6 10.600000000000001 0 0 0 0 0 0 0 0 0 0.4 0 0 0 0 0 0 0 0 0 0 0 0.4 0.4 0 0 0 0 0 0 0 0 0 0 0 0 0 0 0 0 0 0 0 0 0 0 0.4 17.400000000000002 0 0 0.2 0.2 1.4000000000000001 0 0 0 0 0 0 0 0 0 0 0 0 0 0 5.4 0 0 0 0 0 0 0 0 4.6000000000000005 8.6 3.6 0 0 0 0 0 0 0 0 0 0 0 0 
 7 22.6 21.8 7.6000000000000005 85 0 8 23.200000000000003 9.8 57.2 19 50 7.800000000000001 22.400000000000002 43.400000000000006 16.400000000000002 13.200000000000001 29.200000000000003 8.200000000000001 12 29.200000000000003 15.4 0.4 15 0.4 0 16.6 0.2 7.2 42.400000000000006 0.4 0 0 0.6000000000000001 0 0 3.6 0 0.6000000000000001 3.6 0 0.6000000000000001 0 0 0.6000000000000001 0.6000000000000001 0 0 0 0 0.6000000000000001 0 0 0 0 0 0 0.6000000000000001 0 0 0 0 0 0 0 0 0.6000000000000001 0.2 0.6000000000000001 0 0.6000000000000001 0 0 0 0 0.6000000000000001 0 0 0 0 0.2 0 5.6000000000000005 3.6 0 2.4000000000000004 0 0 0 2.2 3.4000000000000004 0 0 1.8 0.4 0 0 0 0 0 0 7 0 0 0 7.4 0.4 5.6000000000000005 0.2 2.8000000000000003 6.2 0 3.4000000000000004 3.2 5.800000000000001 3.4000000000000004 3.2 0 1.8 1.8 0 0 0 0 0 0 0 0 0 0 0 0 0 0 0 0.2 0 0 0.2 0 0 0 0 0.8 0 0 0 0 0 1.2000000000000002 0 2 0.4 0.4 0 0 0 0 0 0 5 3.8000000000000003 3.2 0 1.4000000000000001 7.2 5 0 0 1.2000000000000002 0 0.8 0 0 0 0.6000000000000001 3.6 0 0 0 2.8000000000000003 9.600000000000001 3.2 0 2.4000000000000004 0 2 0 0 0 4.6000000000000005 0 3.6 2.2 5.6000000000000005 2 0 0 2 6.2 0 0 0 0 0 0 0 0 0 0.2 0 0.8 0 0 0 0 0 0 0 0 0 0 0 0 0 0 0 0 0 0 0 0 0 0 0 0 0 0 0 0 0 0 0 0 0 0.4 3.4000000000000004 0.4 0.8 0.4 0.4 0.4 0 0 0 0 0 15.200000000000001 0.2 0 0 0 0 0 0 0 2.8000000000000003 0 0 0.4 0 0 0 0 0 0 3.6 1.8 0 0 0 0 0 0 0 0 0 0 0 0 
 15.600000000000001 34.2 28.8 45.800000000000004 10.200000000000001 8 0 84.4 14.4 15.600000000000001 9 8 39.6 57.400000000000006 9.4 20.6 9.600000000000001 8.6 27 11.600000000000001 0.4 0.2 0 0 0.4 0 0 0.2 0.4 15.4 0.4 0 0.8 0.6000000000000001 0 0 40.2 0.2 1 0.2 0 1.8 0 0 12.4 0.6000000000000001 0 0 0 0 0.6000000000000001 0 0 0 0 0 0.4 0.6000000000000001 0 0 0 0 0 0 0 0 0.6000000000000001 0.2 0.6000000000000001 0 0.6000000000000001 0 0 0 0 0.6000000000000001 0.6000000000000001 0 0.2 0 0 13.4 0 0 7.2 0 4 7.6000000000000005 6.2 2 1.4000000000000001 0 0 2 3.2 0 0 3.6 1.2000000000000002 4.4 0 0 0 0 0 0 0 0 0 0 0 0 0 0.4 0 0 0 2.8000000000000003 0 0 0 0 0.4 0.4 0 0 0 0 0 0.2 0 0 0 0 0 0 0 0 0 0 0 0.8 0 0 0 3.6 0 0 0 0 0 0 0 0 0 0 0 0 0.2 0 3 0 1.4000000000000001 4 0 0 2.6 1.6 0 0 0 0 0 3.4000000000000004 2 2 5.6000000000000005 1.4000000000000001 0 2.8000000000000003 0 0.4 0 0 0 0 0 0 0 0 0 0 0.4 0 0 0 0 0 0.2 0 0 0 0 0 0 0 0 0 0 0 0 0 0 0 0 0 0 0 0 0 0 0.2 0.2 0 0 0 0 1.8 0 0 0 0 0 0 0 0 0 0 0 0 0 2.8000000000000003 3.6 0 0 0 0.6000000000000001 0.2 0.4 0 0.2 1.2000000000000002 1.8 0 0 0 0 0 0 0 0 0 1.6 0 0 0 0 0 0 0 0 0 0 0 0 0 0 0 0 0 0 0 0 0 0 0 0 0 0 0 
 9.200000000000001 24.200000000000003 40.6 12.600000000000001 26.8 23.200000000000003 84.4 0 37.800000000000004 9 40.400000000000006 15 39 47.400000000000006 12.600000000000001 61.400000000000006 61.2 14.8 16 20.8 0.2 0 0 0.4 0.2 0 0 0.4 0 0 0.4 0 0 0.6000000000000001 0 0 9 0 0.6000000000000001 0.8 1.2000000000000002 13 0 0 0.6000000000000001 0.4 0 0 0 0 0.6000000000000001 0 0 0 0 0 0 0.6000000000000001 0 0 0 0 0 0 0 0 0.6000000000000001 0 2 0 0.6000000000000001 0 0 0 0 0.6000000000000001 0 4.4 0 0.2 3.8000000000000003 6.2 4.800000000000001 3.4000000000000004 3.6 0 1.4000000000000001 3.2 8 2.2 0.2 1.4000000000000001 3 2.2 14.4 0.2 8.4 7.800000000000001 0 4 0 0 0.2 0 0 0 4.4 0 0 0 0 0 0 0.6000000000000001 0 0 0 0 0 0.2 0 0 0 0 0 0 0 0 0 0 0 0.2 0 0 0 0 0 0 0 0.4 0 0 0 3 3.8000000000000003 0 0 0.2 0 0 0 2.8000000000000003 0 0 0 0 0 0 0 0.4 2.8000000000000003 2.2 2.4000000000000004 2.6 3.6 4.800000000000001 1.4000000000000001 2.8000000000000003 0 10.4 0.2 3.2 0 2.2 2.6 7.4 1 0 0 2.8000000000000003 0 0 0 0 0 0 0.4 0 0 0 0 0 2.4000000000000004 0 0.4 0 0 0 3.8000000000000003 0 0 0 0 0 0 0 0 0 0 0 0 0 0 0 0 0 0 0 0 0 0 0 0 0 0 0 0 0.2 0 0 0 0 0 0 0 0 0 0 0 0 0 0 0 0 0 0.2 27 0.4 1.8 0.2 0.4 2.8000000000000003 0 0 0 0 0 0 0 0 0 0 0.2 0 0 0 0 0 0 0 7.2 0 0 0 0 5.800000000000001 0 4.800000000000001 0 0 0 0 0 0 0 0 0 0 0 0 
 18.400000000000002 43.6 48.6 107.4 13 9.8 14.4 37.800000000000004 0 18.2 28.400000000000002 4.6000000000000005 52.400000000000006 42.400000000000006 36.800000000000004 28.6 44 56.800000000000004 106.4 50 0.4 0.2 0 0.6000000000000001 0.8 0.4 0 0.2 1 0 1.6 0.6000000000000001 0 0.4 0.6000000000000001 0 0 0 0.6000000000000001 0 0 0.6000000000000001 0 1 0.6000000000000001 0.4 0 0 0 0.4 0.6000000000000001 0.2 0 0 0 0 0.4 1 0 0 0 0 0 0 0 0 0.4 0 7.800000000000001 0 0.6000000000000001 0 0 0 0 0.6000000000000001 0.4 0 0 0.6000000000000001 7 5 1.6 1.8 2 12 4 5.800000000000001 13 2 5.800000000000001 2.8000000000000003 15 0 0.4 9 4.2 3.4000000000000004 0 7.4 0 0 0 0 0 0 0 3.6 0 0 0 0 4 0 0 1.2000000000000002 0.4 0 0 0.2 0 0 0 0.4 0 0 0 0 0 0.2 0 0 0 0 6.2 0 0.4 0 0 0 1.2000000000000002 0.2 0 0 0 0 0 0 0 0 0 0 0 0 0 0 0 0.4 0 0 0 2.2 0 14 0 0 3.4000000000000004 0.4 2 8.200000000000001 2 2 1.8 12.600000000000001 2 3.6 2.8000000000000003 4.2 0 0 1.6 0 0 0 0 0 0.2 0 0 0 0 0 1.6 0 0 0 0 0 1.4000000000000001 0 0 0 0 0 0 0 0 0 0.4 0 0 0 0 0 0 0 0 0 0.4 0 0 0 0 0 0 0 0 0 0 0 0 0 0 0 0 0 0 0 0 0 0 4.2 0 0 0 0 0.4 0 19.8 17.8 0 2 0 0 0.2 0 0 0 0 0 0 0 1.4000000000000001 0 0 0 0 0 0 0 0 0 0 0 0 2.6 2.2 0 0 0 0 0 0 0 0 0 0 0 0 0 
 21.6 49.800000000000004 54.800000000000004 52.2 16 57.2 15.600000000000001 9 18.2 0 37.800000000000004 49.2 94.2 20 17.8 37.2 34 27.200000000000003 19.400000000000002 35.800000000000004 0 0 0 0 0.4 0.4 16.8 0.2 0 0 0.4 0.2 0.4 0.6000000000000001 0.4 0 0 0.4 14.4 29.200000000000003 0 2.8000000000000003 0 0 0.6000000000000001 0.6000000000000001 0 0 0 0 0.6000000000000001 14.600000000000001 0 0 0 0 0 0.6000000000000001 0 0 0 0 0 0 0 0 0.6000000000000001 0.2 0.6000000000000001 0 0.6000000000000001 0 0 0 0 0.6000000000000001 2.6 0 0 0 4.800000000000001 5.4 2.4000000000000004 2.4000000000000004 6.6000000000000005 2.8000000000000003 0 0.2 0.8 1.8 6.2 4 0 0 0 6.4 0 4.6000000000000005 0 0 0.4 3.4000000000000004 0 0 0 0 3.6 0 0 0 0.2 0 3 1.2000000000000002 0 0.2 0 0 0.4 5.2 0 0 0 0 0 0 0 0.2 0 0 0 0 0 0 3.4000000000000004 0 0 0 0 0 0 0 0 0 0 0 0 0 0 0 0 0.4 0 0 0 0 0 0 0 0 0 2.4000000000000004 2.2 0 0 8.8 8.6 4 5.2 3.6 3.8000000000000003 0.6000000000000001 0 0.2 8.8 0 6.4 0 0 3 1.2000000000000002 0 0 0 0 0 6.800000000000001 0 0 0 0 0 0 0 1.6 0 0 0 1.8 4.2 0 0 0 0 0 0 0 0.2 0.2 0 0 0 0 0 0 0.4 0 0 0 0 0 0 0 0 0 0 0 0 0 0 0 0 0 0 0 0 0 0 0 0 0 0 0 0 0 0.4 0.8 0.4 0.4 0 1 1.8 0 0 0 0 0 0 0 0 0 0 0 0 0 0 0 0 0 0 0 0 0 0 0 3.4000000000000004 0 0 0 0 0 0 0 0 0 0 0 0 0 0 
 6.4 46.800000000000004 28.400000000000002 76.60000000000001 20.200000000000003 19 9 40.400000000000006 28.400000000000002 37.800000000000004 0 36.800000000000004 11.8 49.2 46.400000000000006 17.8 22 81.60000000000001 7 26.6 16.2 0 0.6000000000000001 0 0.4 0 0.8 0.2 0 0 1.4000000000000001 0.4 16.8 15.200000000000001 0 0 0 0 36 32.6 0.6000000000000001 1.2000000000000002 0 0 1.6 1 0 0 0 0 1.2000000000000002 0 1 0.2 0 0 0 0.8 0 0 0.4 0.6000000000000001 0 0 0.4 0 0.8 0 0.4 0 0.8 0.6000000000000001 0.4 0.6000000000000001 0 0.6000000000000001 0 0 1.4000000000000001 0.2 1.4000000000000001 6 5.6000000000000005 2.4000000000000004 4.6000000000000005 2.4000000000000004 0 3.8000000000000003 1.2000000000000002 7 4.2 1.8 3.2 0 0 4.4 8.8 0.6000000000000001 0 5.2 0 0.2 0 0 0 0 2.4000000000000004 3 0 0 0 0 4 3.8000000000000003 0.8 0 2 0 0.4 2.4000000000000004 0 0 0 0 0 0 0 2.8000000000000003 0 0 0 0 0 0 0 0 0 0 0 0 0.2 0 0.2 0 0 0 0 0 0 0 0 0 1.8 0 0 0 0.4 0 0 0 1.8 9.600000000000001 6 2 0.2 1 0 0 0 12.4 7.800000000000001 8 1.6 0 2.8000000000000003 0.8 0 1.4000000000000001 0 0 0 0 0.2 0 0 0 5.6000000000000005 2.6 0.2 0 0 0 7.4 0 0.2 0 0 0 0 2.8000000000000003 0 0 0 0.2 0 0 0 0 0 0 0 0 0 0 0 0 2.8000000000000003 0 0 0 0 0 0 0 0 0 0 0 0 0 0 0 0 0.4 0 0 0 0 0 0 0 0 0 0 0 0.4 17.400000000000002 0.2 17.2 17.2 0.8 1.2000000000000002 0 0 0 0 0 0 0 0 0 0 0 0 0 0 0 0 0.4 0 0 0 0 0 0 0.6000000000000001 0 0 0 0 0 0 0 0 0 0 0 0 0 0 
 6.6000000000000005 19 10 47.6 8.4 50 8 15 4.6000000000000005 49.2 36.800000000000004 0 3.8000000000000003 7.2 8.200000000000001 88.2 50.2 15.4 6.4 48.2 19 0 0 0.2 0.2 0 14.600000000000001 0.2 0 0.4 0.4 0 23.400000000000002 15.600000000000001 0 0 0 0.4 13 33.2 0.6000000000000001 0.6000000000000001 0.4 0 0.6000000000000001 0.8 0 0.6000000000000001 0 0 0.6000000000000001 0 0 0 0 0 0 0.6000000000000001 0 0.4 0 0 0 0.2 0 0 0.4 0 0 1.6 0.6000000000000001 0.6000000000000001 0 0 0 1 0 0.4 0 0.4 0 4.800000000000001 1.4000000000000001 0 5.2 0 0 2.4000000000000004 0 5.2 3.6 1.8 0.2 1.6 0 0 1.8 5.4 0 0 0 5.2 0.2 0 0 0 0 0 2 0 3.6 0 4 1.8 0 0 0 0 3.8000000000000003 0 0 0 0 0.4 0 0 0 3 0 0 0 0.2 0 0 0 0 0 0 0 0.4 0 0 0 0 3 0 0 0.4 0 0 0 0 3 0 0.4 0 0.8 0 0 0 0 0 2 0 0.2 4.6000000000000005 0 0 0.2 2.8000000000000003 7.800000000000001 5 0 2.2 3.4000000000000004 0.2 0 0 0 1.4000000000000001 0 3.4000000000000004 0 0 2.6 0 8.8 2.8000000000000003 0 0 0 0.2 2 0 0.6000000000000001 1.2000000000000002 0 0 0.2 7.2 0 0 0 0 0 0 0 0 0 0 0 0 0 0 0 2.4000000000000004 0 0 0 0 0 0 0 0 0 0 0.4 0.2 0 0 0 0 0 0 0 0 0 0 0 0 0 0 0 0 0 0.4 0.2 0.4 0.6000000000000001 0.4 0.2 2.4000000000000004 1.8 0 0 0 0 0 0 0 0 0 0 0 0 0 0 0 0 0 0 0 0 0 0 0 0 0 0 0 0 0 0 0 0 0 0 0 0 0 
 19.8 29 12.600000000000001 56.2 22.6 7.800000000000001 39.6 39 52.400000000000006 94.2 11.8 3.8000000000000003 0 33.4 15.200000000000001 29.200000000000003 39.800000000000004 46.800000000000004 39.800000000000004 9.4 0.4 0 0 0.6000000000000001 7.2 0 0.6000000000000001 1.2000000000000002 0.6000000000000001 0.4 0.4 0.2 0 0.6000000000000001 0 0.2 0 0.6000000000000001 1 0 0 0.6000000000000001 0 0.4 0.6000000000000001 0.4 0.6000000000000001 0 0 0.4 0.6000000000000001 0 0 0 0 12.200000000000001 0 0.6000000000000001 0 0 0.4 0 0 0.2 0 0 0.6000000000000001 0 0 0 0.6000000000000001 0 0 0 0 0.6000000000000001 0 0 0.4 0.6000000000000001 0 2.8000000000000003 3 0 0 0 3.8000000000000003 8 4.800000000000001 0 0.2 0.6000000000000001 0 1.6 2.2 0 0 5.6000000000000005 8.8 2.4000000000000004 0 0 0 0 0 0 0 0 0 0 0 0 0 0 0 0 0 0 0 0 0 0 0 0 0 0 0 0 0 0 0 0 0 0 0 0 0 0 0 0 0 4.800000000000001 0 0 0 0 0 0 0 0 0 0 0 0 0 0 0 0 0 0 2.4000000000000004 0 2.2 0 0 0 0 3.8000000000000003 0 0 0 0 7.6000000000000005 0 0 0 2.4000000000000004 0 0 3 0 0 0 0 0 2 0 0 0 0 0 0 0 0 0 0 0 0 0 0 0 0 0 0 0 0 0 0 0 0 0 0 0 0 0 0 0 0 0 0 0 0 0 0 0 0 0 2.8000000000000003 0 0 0 0 0 0 0 0 0 0 2.8000000000000003 0 0 0 0 0 0 0.4 0 0 0.2 0.2 0 0.4 0 0 0 0 0 0 0 0 0 0 0 0 0 0 0 0 0 0 0 0 0 0 0 0 0 0 0 0 0 0 0 0 0 0 0 0 0 0 
 60.800000000000004 44.800000000000004 57.6 34.2 35.800000000000004 22.400000000000002 57.400000000000006 47.400000000000006 42.400000000000006 20 49.2 7.2 33.4 0 58.400000000000006 23.6 7.6000000000000005 59.400000000000006 17 18.2 0.4 0 0.6000000000000001 0.2 0 0 0 0.4 0.2 0.4 0.8 0 0 0.8 0 0 0 0.6000000000000001 0.6000000000000001 0.2 0 0.6000000000000001 0.4 0 0.6000000000000001 1 0 0.4 0 0 0.6000000000000001 0 0 0 0 0 0 0.6000000000000001 0 0.4 0 8.8 0 0.2 0 0 0.6000000000000001 0.2 0.6000000000000001 0.2 0.6000000000000001 0.2 0 0 0 1 0 0.4 0 0 6 4.2 2 2.6 1.6 3 3.6 0 5.800000000000001 3.4000000000000004 2 2 0 7 5 3.2 2 3.8000000000000003 0 3.2 0.2 0 0 0 0 0 5.800000000000001 0 0 0 0 0 0 0 0 0 0.4 0 0 0 0 0 0 0 0 0 0 0.4 0 0 0 0 0 0 0 0 0.2 0 0 0 0 0 0 0.8 0 0.4 0 0 0 2.8000000000000003 0 1.6 0 0 0 0 0 0.4 0 0 1.6 10.8 2.6 1 0 5.800000000000001 3.6 2.2 3.4000000000000004 3.4000000000000004 0 0 0 1.8 9.600000000000001 11.8 2 1.6 0 0.4 0 0 0 0 0 0 0 0 0 0 0 0 0 0 0 0 0 0 4.6000000000000005 0 0 0 0 0 1 0 0 0 0.4 0 0 0 0 0 0 0 0 0 0.4 0 0 0 0 0 0 0 0 0 0 0 0 0 0 0 0 0 0 0 0 0 0 4.800000000000001 0 0 0 0.2 9.8 0.4 0.4 0.8 0 2.8000000000000003 0 0 0 0 0 0 0 0 0 0 5.800000000000001 0 0 0 0 0 0 0 0 0 0 0 0 0 0 2.2 0 0 0 0 0 0 0 0 0 0 0 0 
 11.200000000000001 10.200000000000001 26.400000000000002 16 15.4 43.400000000000006 9.4 12.600000000000001 36.800000000000004 17.8 46.400000000000006 8.200000000000001 15.200000000000001 58.400000000000006 0 35.6 10.4 9.200000000000001 15.600000000000001 21.400000000000002 0 0 0 0 0.2 0.2 0 0.4 0 0 0.4 0 0 0.8 0 0 0 0 0.6000000000000001 0 0 0.6000000000000001 0 0 0.6000000000000001 0.4 0 0 0 0 0.6000000000000001 0 0 0 0 0 0 0.6000000000000001 0 0 0 0 0 0 0 0 0.4 0 0.4 0 0.6000000000000001 0 0 0 0 0.6000000000000001 0 1 0 0.4 2.6 0 3.8000000000000003 4.2 11.200000000000001 0 3.2 0 6 3.6 2 0 0 7.6000000000000005 4.2 7.6000000000000005 2.8000000000000003 0 4.6000000000000005 4.2 0 0.8 0 0 0 0 2.4000000000000004 0 0 0 0 0 0 0 0 0 0 0 0 3 0 0 0 0 0 0.2 0 0 0 0 0 0 0 0 0 0 0 0 0 0 0 0 0 1 0 0 0 0 0 2 0 2.4000000000000004 0 0 0.4 0 0 0 0.2 0 6 3.6 5.6000000000000005 0.4 0 2.4000000000000004 1.8 4.6000000000000005 0 5.6000000000000005 0 0 0.6000000000000001 4.6000000000000005 3.8000000000000003 13.8 3.6 5 0 0 0 0 0 0 0 0 0 0 0 0 0 0 7.4 0.2 0 0 0 0 3 0 0 0 0 0 0 0 0 0 0 0 0 0 0 0 0 0 0 0 0 0 0 0 0 0 0 0 0 0 0 0 0 0 4.2 0 0 0 1.6 0 0 0.2 0 0 0 0 0 0.4 17.8 0 0.4 0 0 11.8 0 0 0 0 0 0 0 0 0 0 2.2 0 0 0.4 0 0 0 0 0 0 0 0 0 0 0 2.6 0 0 0 0 0 0 0 0 0 0 0 0 
 45.800000000000004 66 29 56.2 17.2 16.400000000000002 20.6 61.400000000000006 28.6 37.2 17.8 88.2 29.200000000000003 23.6 35.6 0 40.400000000000006 9.200000000000001 24.400000000000002 77.80000000000001 0.4 0 0 0 1 0 0 0 0 0 0.8 0.4 0 0.6000000000000001 0 0.2 0 0 0.6000000000000001 0.2 1 0.6000000000000001 0 0 0.6000000000000001 0.6000000000000001 0.4 0 0 0 1.2000000000000002 0 0 0 0 0 0 0.6000000000000001 0 0 0 0 0 0 5.800000000000001 0 0.6000000000000001 0 0 0 0.6000000000000001 0 0 0 0 0.6000000000000001 9.200000000000001 0.2 0 0 3 5.4 0.2 3.2 6 0 1.6 2.2 4.6000000000000005 0 5.800000000000001 1.6 15.4 18.2 2 9.4 8.4 6 10.600000000000001 3.4000000000000004 0 0 0 0 3 0 0.2 0 0 0 0 0 0 0 0 0 0 0 0 0 0 0 0 0 0 0 0 0 0 0 0 0 0 0 2.4000000000000004 0 0 0 0 0 0 0 0 0 0 0 0 0 0 0 0.2 0.4 0 0 0 0 0 0 2.4000000000000004 0 2.2 0.2 0.6000000000000001 0 5 0 0 2.4000000000000004 1.8 1.6 0 4.2 1.2000000000000002 0 2 0.2 10.200000000000001 0 0 0.2 0 0 0 0 0 0 0 0 0 0 0 0 1.6 0 0 0 2.8000000000000003 0 0 0 0 0 0 0 0 0 0 0 0 0 0 0 0 0 0 0 0 0 0 0 3.6 0 0.8 3.6 0 0 0 0 0 0 0 0 0 0 0 0 0 0 0 0 0 0 0 0 0 0.6000000000000001 17.2 0 0.8 17 0 2.2 2.2 0 0 0 0 0 0 0 0 0 0 0 0 0 0 0 0 0 0 0 0 0 0 0 2 0 0 0 0 0 0 0 0 0 0 0 0 0 
 46.400000000000006 29.200000000000003 28.400000000000002 8.4 11 13.200000000000001 9.600000000000001 61.2 44 34 22 50.2 39.800000000000004 7.6000000000000005 10.4 40.400000000000006 0 14.4 63.2 38.6 0 0 0 0 0.4 0 0 0.4 0 0.2 0.4 0 0 0.6000000000000001 0 0 0 0 0.6000000000000001 0.4 2.8000000000000003 0.6000000000000001 0 0 0.6000000000000001 0.4 0 0 0 0 11 0 0 0 0 0 0 0.6000000000000001 0 0 0 0 0 0 0 0 0.4 0 10 0 0.6000000000000001 0 0 0 0 0.6000000000000001 0 0.6000000000000001 0 0.4 5.2 11 0.2 0.2 6.800000000000001 0 0.4 4.4 0.2 0.4 2 0.4 6.4 3.8000000000000003 4.4 9.200000000000001 8.200000000000001 9 0 3 0 0 0 0 0 0 0 0 0 7 0 0 0 0 0 0 0 0 0 0 0 0 0 0 0 0 0 0 0 0 0.2 0 0 0 2.2 1.4000000000000001 0 0 0 0 0 0.2 0 0 0 0 0 0 0 0 0 0 0 0 0 0 0 0 0 0 2 11.8 2 2.8000000000000003 1.8 1.4000000000000001 0 1.6 2.2 3.8000000000000003 0 4.2 3.8000000000000003 0.4 0 2.8000000000000003 3.6 0 0 0.8 0.2 0 0.4 0 0 0 0.4 0 0 0 0 0 1 0 0 2 0 0 0 0 0 0 0 0 0 0 0 0 0 0 0 1.4000000000000001 0 0 0 0 0 0 2 0 0 0 0 0 0 0 0 0 0 0 0 0 0 0 0.4 0 0 0 0 0 0 0 0 0 0 0.4 17.400000000000002 0.2 17.8 1 0 1.2000000000000002 0.2 0 0 0 0 0 0 0 0 0 0 0 0 0 0 0 0 0 0 0 0 0 0 0 1 0 0 0 0 0 0 0 0 0 0 0 0 0 
 13 6.6000000000000005 86 56.800000000000004 66 29.200000000000003 8.6 14.8 56.800000000000004 27.200000000000003 81.60000000000001 15.4 46.800000000000004 59.400000000000006 9.200000000000001 9.200000000000001 14.4 0 36 11.200000000000001 16.6 0 0 0 0.2 0 14.8 0.2 1.2000000000000002 0.2 1 0 0 0.6000000000000001 0 0 0.4 0 13.200000000000001 26.8 0 2.6 0.6000000000000001 0.6000000000000001 0.6000000000000001 0.8 0 0.4 0 0 1.2000000000000002 0.4 0 0 0.6000000000000001 0 0.6000000000000001 0.6000000000000001 0 0.6000000000000001 0 0 0 0.2 0 0.4 0.4 0 1.2000000000000002 0 0.6000000000000001 0 0 0.4 0 1 0 0 0 0.8 3.6 3 2 4 6.4 3.6 0 0 0 4.6000000000000005 2.6 3.2 0 0 0 2.8000000000000003 1 0 0 0 0 5.4 0 0 0 0 3.6 0 0 0.4 0.2 0 5.6000000000000005 3.8000000000000003 0 2.2 0 0 1.2000000000000002 3.6 0 0 0 0 0 0 0 3 0 0 0 0 0 0 0 0 0 0 0 0 0 2.4000000000000004 0 0 0 0 0 0 0 0.2 3 0.2 0 0 1.4000000000000001 0 0.2 0 0 0 0 9 8.4 0 1.6 5.800000000000001 0 2.4000000000000004 3 3.6 5.6000000000000005 1 0 0 4.6000000000000005 0 0 3.8000000000000003 0 0 2.8000000000000003 2 0 0 0 0 1.8 2.8000000000000003 0 0 0 0 0.8 0 2 0 0 0 1.8 9.8 0.4 0 0 0 0 0 0 0 0 0 0 0 0 0 0.4 0 0 2 0 0 0 0 0 0 0 0 0 0 0 0 0.2 0 0 0 0 0 0 0 0 0 0 0 0 0 0 0.8 0.2 0 0.4 0.2 0 2 0 0 0 0 0 0 0 0 0 0.2 0 0 0 0 0 0 0 0 0 0 0 0 0 0 1.6 0 0 0 0 0 0 0 0 0 0 0 0 0 
 27.8 49.800000000000004 5.800000000000001 35.6 16.400000000000002 8.200000000000001 27 16 106.4 19.400000000000002 7 6.4 39.800000000000004 17 15.600000000000001 24.400000000000002 63.2 36 0 41.400000000000006 0.6000000000000001 0 0 0 0.8 0 0 0.2 0 0 0.4 0 0 0.6000000000000001 0 14.8 0 0.4 0.6000000000000001 0 0 0.6000000000000001 0 0 0.6000000000000001 0.4 0 0 0 0 0.6000000000000001 0 0 0.4 1.4000000000000001 13.200000000000001 0 0.6000000000000001 0 0 0 0 0 0 0 0 0.4 0 0.4 0 0.6000000000000001 0 0 0 0 0.6000000000000001 0 0 0 0.4 3.8000000000000003 11 0 0.4 0 0 2 4 0 0 1 0 0 0 0.2 6.800000000000001 0 2.6 3.4000000000000004 0 0 0 0 0 0 0.2 0 0.4 0 0 0 0 0.4 0 0 0 0 0 0 0 0 0 0 0 0 0 0 0 3.2 0 0.2 0 0 0 3.2 0 0 0 0 0 0 0 0 0 0 0 0 0 0 0 0 0.6000000000000001 0 0 0 0 0 0 0 0 5.800000000000001 0 0 0 0 0 1.6 3.2 0 0 0 0 0 0.2 2.2 0 3 0 2.4000000000000004 5.4 0 0 0 0 0 0 0 0 0 0 0 0 0 0 0 0 0 0.4 0 0 0 0 0 0 0 0 0.2 0 0 0 0 0 0 0 0 0 0 0 0 0 0 0 0 0 0 0 0 0 0 0 0 0 0 0 0 0 4.4 0 0 0 0 0 0 0 0 0.4 0 0 0.2 0 0 1.8 0 0 0 0.4 0 0 0 0 0 0 0 0 0 0 0 0 0 0 0 0 0 0 0 2.8000000000000003 0 0 0 0 0 0 0 0 0 0 0 0 0 0 
 27.8 11.8 26.6 36.4 14.4 12 11.600000000000001 20.8 50 35.800000000000004 26.6 48.2 9.4 18.2 21.400000000000002 77.80000000000001 38.6 11.200000000000001 41.400000000000006 0 0.2 0 0 1.2000000000000002 0.2 0 0 0.2 0.2 0.2 1.8 0 0 0.6000000000000001 0 0.6000000000000001 0 0 0.6000000000000001 0 0.4 0.6000000000000001 0.6000000000000001 1.4000000000000001 0.6000000000000001 9.4 0 0.2 0.6000000000000001 0 0.6000000000000001 0.4 0 0 0.4 0.2 0 1.2000000000000002 0 0.2 0 0.6000000000000001 0 0 0.8 1 0.6000000000000001 0.4 0.8 0 1.2000000000000002 0.2 0 0.4 0.4 1 0.4 0 0.2 0.4 9.600000000000001 8.6 0 0 3 3 0 10.4 2.6 2.8000000000000003 6 0 19.200000000000003 5.2 0.2 2 3.4000000000000004 5 0 5.2 0 0 0 0 0 0 0 0 0 0 0 0 0 0 0 0 0 0 2.6 0 0 0 0 0 0 0 0 0 0 0 0 0 0 0 2.2 0 0 3 0 0 0 0 0 0 0 0 0 0 0 0 0 0 0 0 0 0 0 0 0 0 2.2 1.4000000000000001 0 4.800000000000001 0.2 0 0 0.8 3.6 3.6 0 5.2 2.8000000000000003 2.4000000000000004 0 2 2.2 0 0 2.4000000000000004 5.4 0 3 0 0 0 0 0 0 0.2 0 0 0 0 0 0 0 0 0.2 0 0 0 0 0 0 0 0 0 0 0 0 0 0 0 0 0 0 0 0 0 0 0 0 0 0 0 0 0 0 0 0 0 0 0 0 0.4 0 0 3 0 0 0 0 0 0 0.6000000000000001 0.4 0.2 9.200000000000001 0.4 0 0.8 1.6 0 0 0 0 0 0 0 0 0 0 0 0 0.4 0 0 0 0 0 0 0 0.2 0 0 0 0 0 0 0 0 0 0 0 0 0 0 0 0 
 0.2 0 0 7 3.4000000000000004 29.200000000000003 0.4 0.2 0.4 0 16.2 19 0.4 0.4 0 0.4 0 16.6 0.6000000000000001 0.2 0 25.400000000000002 90.60000000000001 16.8 7.2 8 62.800000000000004 24.200000000000003 68.60000000000001 35.6 28 4.800000000000001 38.800000000000004 7.2 11 6.800000000000001 35.6 52.800000000000004 47.2 34.6 0 0 0.6000000000000001 0 0 0 0 4.800000000000001 0 0 0 0 0.6000000000000001 0 0 0 0 0.4 0 0 0.8 0 0 0.2 0.6000000000000001 0 0 0 0 0 0 0.6000000000000001 0 0 0 0.4 0.4 9.8 0 0 0 0.2 0 0 0 0.4 0 0 0 2.4000000000000004 0 2.4000000000000004 0 0 0 0 2 0 0.2 0.2 2.4000000000000004 9.8 0.2 0 0 2.2 6.6000000000000005 4.2 5 3.4000000000000004 4.800000000000001 0 3.2 2.4000000000000004 4.800000000000001 1.4000000000000001 1.6 1.4000000000000001 6.800000000000001 1.2000000000000002 0 0 0 0.2 0 0 0 2.4000000000000004 0 0 0 0 0 0 0 0 0 0 0 0 0 0 0 0 0 0 0 0 0 0 0 0 3 0 4.800000000000001 0 1.8 0 0 0 0 0.8 0 0 7.6000000000000005 0 0 0 0 0 4.2 3 0 0 8.200000000000001 0.2 0 0.4 0 1.2000000000000002 5.2 8 4.800000000000001 0.4 3.6 0 16.8 5.6000000000000005 4.4 0 4.2 3 2 2.6 4.4 4.6000000000000005 6 4.800000000000001 4.6000000000000005 5.800000000000001 0 0 0 2.2 0 0 0 0 0 0.6000000000000001 0 0 0 0 0 0 0 0 0 0 0 0 0 0 0 0 0 0 0 0 0 0 0 0 0 0 0 0 0 0 0 0 0 0 0 0 0 0 0 0 0 0 0 0 3.8000000000000003 0 0.4 0.2 15.200000000000001 0.4 2.2 0 0 0 0 0 2.2 0 0 0 0 0 0 0 0 0 0.2 0 0 0 0 0 0 0 0 0 0 0 0 0 
 0 0 0 0 7.6000000000000005 15.4 0.2 0 0.2 0 0 0 0 0 0 0 0 0 0 0 25.400000000000002 0 35.2 10.4 21 10.200000000000001 31.6 34.4 22.8 25.6 14.600000000000001 11.8 43.6 41.400000000000006 28.400000000000002 20.200000000000003 50 35 9.600000000000001 8.8 0 0 0 0 0 0 0.2 0.2 0 0 0 0 13.200000000000001 0 0 0 0 0.4 0.2 6.4 0 0 0 0 0.4 0 0 0 0 0 0 0.6000000000000001 0 0 0 0.6000000000000001 0.6000000000000001 0.6000000000000001 0 0 0 0 0 0 0 0 0 0 0 0 0 0 0 0 0 0 0.4 1 0 0 4.4 8.200000000000001 7.800000000000001 5.800000000000001 0.6000000000000001 2.4000000000000004 0.2 11.4 4.6000000000000005 3.6 6.6000000000000005 5 1.8 1.8 0.2 3.4000000000000004 6.800000000000001 1.8 0 1.8 2.6 0 0 0 0 0 0.4 0 3 0 0 0 4 0 6.2 0 0 0 0 0 0 0 0 0 0 0 0 0 0.2 0 0 0 0 0 0 0 0 0 0 0 0 0 0 0 3.6 0 0 0 0 0 0 0 0 0 0 0.8 0 0 0 0 7.2 4 5.800000000000001 2.2 0 3.8000000000000003 0 4.2 2.8000000000000003 8 5.2 0 0 10 11.600000000000001 2.4000000000000004 4.800000000000001 1.4000000000000001 1.4000000000000001 0.6000000000000001 0 0 0 0 0 0 1.6 0 0 0 0 0 0.2 0 0 0 0 0 2.4000000000000004 0 0 0 0 0 0 0 0 0 0 0 0 0 0 0 0 0 0.4 0 0 0 0 0 0 0 0 0 0 0 0 0 0 0 0 0 2.2 0 0 2.6 0 0.2 0.6000000000000001 0 0 0 0 0 0 0 0 0 0 0 0 0 0 0 0 0 0 2 0 0 0 0 0.4 5.4 2.8000000000000003 0 0 0 
 0 0 0 0 0 0.4 0 0 0 0 0.6000000000000001 0 0 0.6000000000000001 0 0 0 0 0 0 90.60000000000001 35.2 0 63.400000000000006 28.400000000000002 5.6000000000000005 87.80000000000001 78 27.6 28.400000000000002 21 22.8 18.400000000000002 9.600000000000001 100.4 32.800000000000004 36.4 51.800000000000004 44.2 18 0 0 0 0 0 0 0.4 4.2 0 0 0 0 0.6000000000000001 0 0 0 0 0.4 12.4 12.4 0 0 0 0 0.4 0 0 0 0 0 0 0.4 0 0 0 0.6000000000000001 0.6000000000000001 0.6000000000000001 0 0 0 0 0 0 0 2.4000000000000004 0 0 0 0 0 0 0 0 0 0 0 0 0 0 2.6 3.8000000000000003 14 3.2 2.8000000000000003 0 2.8000000000000003 5.4 7 0 4.4 1.4000000000000001 5.800000000000001 5.2 9.8 0 7 16.2 0 1.6 0 0 0 0 0 0 0 0 0 0 0 0 1.4000000000000001 0 0 0 0 0 1.6 0 0 0 0 0 0 0 0 0 0.6000000000000001 0 0 0.2 2 0 0 0 0 0 0 0 0 2.8000000000000003 0 0 1.2000000000000002 0 0 0 0 0.2 0 0 0 0 0.6000000000000001 0.2 0 0 0 0.6000000000000001 3.6 3.2 2.2 4 0 6.4 4.2 2.8000000000000003 17.400000000000002 1.6 2.2 4.2 3 6.800000000000001 1.4000000000000001 5.6000000000000005 0 4.4 4.2 0 0 0 0 0 0 0 0 0 0.2 0 0 0 2.2 4 0 0 0 0 1.4000000000000001 0 0 0 0 0 0 0 0 0 0 0 0 0 0 0 0 0 0 0 0 0 0 0 2 0 0 0 0 0 0 0 0 0 0 0 0.6000000000000001 0.4 0 15 1.6 0.4 3.4000000000000004 0 0 0 0 0 0 0 0 0 0 0 0 0 0 0 0 0 0 0 0 0 0 0 0 0 0.2 0 0 0 
 0.4 0 0 41.800000000000004 0 15 0 0.4 0.6000000000000001 0 0 0.2 0.6000000000000001 0.2 0 0 0 0 0 1.2000000000000002 16.8 10.4 63.400000000000006 0 18.8 4.2 34.800000000000004 11 77.80000000000001 78 75 15 42.2 35.2 58.2 24.400000000000002 20.200000000000003 88.2 58 31.200000000000003 0 0 0 0.2 0 0 0.2 0 0 0.2 0 0 0.6000000000000001 12 0 6.800000000000001 0.2 0.4 10.8 9 0 0 0 6.800000000000001 0.4 0 0 0 0 0 0 0.4 0 0 1.4000000000000001 0.6000000000000001 0.6000000000000001 0.6000000000000001 0 0 0 0 0 0 0 0 0 0 0 0 0 0 0 0 0 0 0 2.6 0 0 0 0 0 1.8 4 6.6000000000000005 0 0 0 3.8000000000000003 4.2 13.8 0 0 1.6 7 0 5.4 0 0 0 10 0 0 0 0 0.2 2.2 3.8000000000000003 0 0 0 0 0.2 0.2 1.6 0 0 2.6 3.2 0 0 1.8 0 0 0 0 0 0 0 0 0.2 0 0 0 0 0 0 0 0 0 0 0.2 0 0 0 0 0 0 0 0 0 0.2 0 0 0 1.4000000000000001 0 0 0 0 0 3 6.2 7 3 3.4000000000000004 0 1.2000000000000002 1.6 7.4 4.6000000000000005 0 0 0 0 1.2000000000000002 1.4000000000000001 0 0 2.6 0.6000000000000001 0 0 0 0 0 0 1 3 0 0 2 4.2 1.6 1.4000000000000001 0 4.4 3.8000000000000003 3 0 0 1.2000000000000002 0 0 0 0 0 0 0 0 0 0 0 0 0 0 0 0 0 0 0 0 0 0 0 0 0 0 0 0 0 0 0 0.6000000000000001 0 0.6000000000000001 10.4 0.6000000000000001 0 0.4 0 0 0 0 0 0 0 0 0 0 0.4 0 0 0 0 0 0 0 0 0 4.800000000000001 0 0 0 0.4 0 0 0 0 
 0.6000000000000001 0.2 1 0 0.2 0.4 0.4 0.2 0.8 0.4 0.4 0.2 7.2 0 0.2 1 0.4 0.2 0.8 0.2 7.2 21 28.400000000000002 18.8 0 43.400000000000006 9.600000000000001 27.400000000000002 30.400000000000002 16.2 67.60000000000001 50.2 15.600000000000001 41.400000000000006 118.4 34.800000000000004 10.8 42.6 14 14.8 13 6.2 3.8000000000000003 1 0.2 0.4 11.600000000000001 0.6000000000000001 0 0.8 0.2 0.2 2.2 4.800000000000001 0.6000000000000001 0.2 0.2 0.8 0.4 0 0 0 0.4 1.2000000000000002 0.6000000000000001 0 0.2 0.4 0.4 0.4 0.4 0.4 0 0.6000000000000001 0.4 0.6000000000000001 1 1 0 0 0 0 0 0 0 0 0 0 0 2.6 0 0.2 0 0 0 0 0 0 0 0 2.2 0 4 6.800000000000001 2.2 2.4000000000000004 0 1.8 2.8000000000000003 0 0 0 0 0 0 1.2000000000000002 2.2 0 0 0 4.6000000000000005 0 0 2.2 0 0 5.4 0 2.8000000000000003 1.4000000000000001 0.4 0 2.6 0 6.6000000000000005 0 0 2 0 2.2 0 0 0 0.2 0 0 0 0 0 0 0 0.4 0 0 0 0 0.4 0 2 0 0 0 0 0 0 0 0 0 0 0 0 0 0 0 0 0.4 0 0 0.2 0 0 0 4.2 0.6000000000000001 0 0 0.4 6.6000000000000005 2.8000000000000003 1.2000000000000002 0 4 0 2.4000000000000004 0 0 0 0 0 0 0 0 0 0 0 0 10.600000000000001 3.2 3.2 0.2 0 0 2.2 1.4000000000000001 0 2 0.2 4.2 0 0 0 0 0 0 0 0 0 0 0 0 0 0 0 0 0 0 0 0 3.8000000000000003 0 0 0 0.2 0 0 0 0 0 0.2 0 0 0 0 0.4 0 0 0.4 0.8 15.600000000000001 0 1 0.4 0 0 0.4 0 0 0 0 0 0 0 0 0 0 0 0 0 0 0 0 0 0 0.4 0 0 0 0 0 0 
 0.4 0.2 0 0.2 0 0 0 0 0.4 0.4 0 0 0 0 0.2 0 0 0 0 0 8 10.200000000000001 5.6000000000000005 4.2 43.400000000000006 0 11.200000000000001 22.400000000000002 5.6000000000000005 22 33.4 62.400000000000006 5.800000000000001 17 26 14.8 13.4 11.600000000000001 8.8 7.6000000000000005 12.4 0 4 0 0 0 25.8 0 0 0 0 0 24 12.200000000000001 3 12.8 0 0.4 0 0.2 0 0.6000000000000001 16 0 0.4 0 0 0 0 0 0.6000000000000001 0.4 0 0 0 0.6000000000000001 0.6000000000000001 0.6000000000000001 0 0 0 0 0 0 0.2 0 0 0 0 0 0 0.4 0 0 0 0 0 0 0 0 0 0 0 0 0.4 2.6 0 0 0 4.4 0 1 0 0 0 0 0.6000000000000001 0 0 0 6.6000000000000005 5.6000000000000005 2.8000000000000003 0 0 0 13.600000000000001 7 0.4 1.8 0.2 0 7 2.2 5.800000000000001 1.8 0 0 11.4 2.2 0 0 0 0.2 0 0 0 0 0 0 0 0 0 0 0 0 0.4 0 0 0 0 0 0 0 0.2 0.2 0 0 0 0 0 0 0.2 0 0 2 1.8 0 0.2 0 0 0 2.2 1.8 1.8 0 0.4 4 0 0 3.8000000000000003 0.4 0 0 0 0 2.8000000000000003 2 0 0 1.8 0 3.8000000000000003 0 0 0 6 0 4.2 2 1.8 0 2 0 0 2.2 3.2 6 1.6 6.2 0 0 0 0 0 0 0 0 0 0 0 0.2 0 0 0 0 0 0 0.2 0 0 0 1.8 0 0 0.2 0 0 0 0 0 0 0 0 1.2000000000000002 0 0 0 0 0 0.2 5.4 0 0 0 0.2 0 0 0 0 0 0 0 0 0 0 0 0 0 0 0 0 0 0.4 0 0 0 0 0 0 
 0 0 0 15 29.6 16.6 0 0 0 16.8 0.8 14.600000000000001 0.6000000000000001 0 0 0 0 14.8 0 0 62.800000000000004 31.6 87.80000000000001 34.800000000000004 9.600000000000001 11.200000000000001 0 16.2 13.200000000000001 39.800000000000004 6.4 47.400000000000006 56 32 7.2 6 23.400000000000002 7.6000000000000005 25.200000000000003 30 0.2 0.8 0 0 0 0 0.2 0 0.4 0 0 0.8 0.6000000000000001 0 0 0 0 1 0 0 0 0 0 0 0.4 0 0 0 0.8 6 0 0.4 0.6000000000000001 0 0 0.6000000000000001 0.6000000000000001 1.2000000000000002 0 0 0 0 0 0 0 2.4000000000000004 0 0 0 0 0.6000000000000001 1.2000000000000002 0 0 0 0 0.4 0 0 0 0.2 2.4000000000000004 0 1.2000000000000002 0 13.600000000000001 0 6 0.2 2.4000000000000004 14.4 0 0.4 1.2000000000000002 9.4 0 2.8000000000000003 6.800000000000001 6 0 0 0 0.8 0 0 0 1.6 0 0 0 0 0 0 0 0 0 0.2 0 0 0 0 0 0 0 0 0 0 0 0.8 0 0 0.2 0.4 0 0 0 0.2 0 0 0.8 0 0 0 0 0 0 0 1.2000000000000002 0 0 0 0.6000000000000001 0 0 0.2 0 0 0 0 0 0 10.8 4.4 0 2.2 0 2 5 2 0 7.2 0 0 1.8 3.8000000000000003 3.6 4.6000000000000005 2 3.8000000000000003 7.6000000000000005 0 0 0 0 0 0 0 0 0 0 0 0 0 0 0 0 0 0 0 0 0 0 0 0.2 0 0 0 0 0 0 0 0 0 0 0 2.2 0.4 0 0 0 0 0 0 0 0 0 0 0 0 0 0 0 0 0 0.4 0 0.8 15.600000000000001 0.4 0 0.2 0 0 0 0 0 2.6 0 0 0 0 0 0 0 0 0 0 0 0 0 0 0 0 0 0.2 0 0 0 0 0.4 
 0.2 0.4 0.4 0.2 0 0.2 0.2 0.4 0.2 0.2 0.2 0.2 1.2000000000000002 0.4 0.4 0 0.4 0.2 0.2 0.2 24.200000000000003 34.4 78 11 27.400000000000002 22.400000000000002 16.2 0 31 7.800000000000001 18.6 39.800000000000004 41.400000000000006 45.6 65.8 46.400000000000006 67 25.200000000000003 12.8 7.6000000000000005 0 0 0 0.4 0 0 0 3 0 0 0 0 0.6000000000000001 0 0 0 0 0 0.2 13.200000000000001 9.4 0 0.4 1.2000000000000002 0 0 0 0.4 0 0.4 1.2000000000000002 0 0.2 0.4 0.4 0.2 1 1.4000000000000001 0 0 0 0 0 0 0 0 0 0 0 0 0 0 0 0 0 0 0 0 0.2 0 4.4 2.2 2.4000000000000004 6.2 4.6000000000000005 0 3.6 1.8 8.200000000000001 2.6 0 6.6000000000000005 2.2 3.6 2.8000000000000003 1.8 7.800000000000001 1.8 0 1.8 0 0 0 0 0 0 4.2 0 0.4 0 0 0 1.4000000000000001 0 0.4 0 0 0 0 0 0 0 0 0 0 0 0 0 0 0 0 0.2 0 0 0 0 0 0 0 0 0 0 0 0 0 0 0 0 0 0 0 0 0 0 0 0 0 0 0.4 0 3 0 6.6000000000000005 6.2 0 9 0 9.8 0 1.4000000000000001 2.8000000000000003 0 0 5.4 1.4000000000000001 3 3.2 2.4000000000000004 0 0 0 0 0 0 0 0 0 0 0.2 0 0 0 0 0 0 0 0 0 4.800000000000001 0 0 0 0 0 0 0 0 0 0 0 4.2 0 0 0 0 0 0 0 0 0 0 0 2 0 0 0 0 0 0 0.4 0 0 0 0 0.8 0 0 1 2.6 0.2 0.4 0 0 0 0 0 0 0 0 0 0.4 0 0 0 0 0 0 0 0 1.8 0 0 0 0 0 0 3.8000000000000003 0 0 0 
 0 0 0 0 15.200000000000001 7.2 0.4 0 1 0 0 0 0.6000000000000001 0.2 0 0 0 1.2000000000000002 0 0.2 68.60000000000001 22.8 27.6 77.80000000000001 30.400000000000002 5.6000000000000005 13.200000000000001 31 0 72.60000000000001 21.400000000000002 24 20.200000000000003 69.4 37 14.8 54.6 36.4 15 23.400000000000002 0 0 0 0 0 0 0 0.2 0 3.2 0 0 0.6000000000000001 0 0 0 0 0.4 13.600000000000001 1.2000000000000002 0 1.2000000000000002 0 0.2 0.4 0 0 0 0 0 0 0.4 0 0 0 0.4 1 0.6000000000000001 0 0 0 0 0 0 0 0 0 0 0 0 0 0 0.4 0 3.4000000000000004 2.8000000000000003 0 0 0 0 4.6000000000000005 0 8.8 0 1.4000000000000001 4.2 2 1.8 1.6 6 1.2000000000000002 3.8000000000000003 0 0 6.2 0 6.2 3.8000000000000003 9.200000000000001 2.2 0 0 0 0 0 0 0 0 0 0 0 0 0 0 1.8 0 0 0 2.2 0 0 0.4 0 0 0 0 0 0 0 0 0 0.4 0 0 0 0 0 0 0 0 0 0 3.6 0 2.2 0 0.4 0 0 0 0 0 0 0 0 0 0 0 0 0 0 6 7 0 3 4 3.8000000000000003 9 0.8 2.8000000000000003 0 0 2.4000000000000004 3.6 8 7.2 0 0 0.4 1.8 4 0 0 0 0 0 1.2000000000000002 0 2.8000000000000003 0 0 0 1.6 1.4000000000000001 0.4 0.2 0 0 4.2 2 0 0 0 0 0 0 0 0 0 0 0 0 0 0 0 0 0 0 0 0 0 0 0 0 0 0 0 0 0 0 0 0 0 0 2.4000000000000004 0 0.2 34.6 15 0 0.4 0 0 0 0 0 1.8 0 0 0 0 0 0 0 0 0 0 0 0 0 0 4 0 0 0 0 0 0 0 0 
 3.6 0 0 0 0 42.400000000000006 15.4 0 0 0 0 0.4 0.4 0.4 0 0 0.2 0.2 0 0.2 35.6 25.6 28.400000000000002 78 16.2 22 39.800000000000004 7.800000000000001 72.60000000000001 0 44.6 9.600000000000001 20.400000000000002 23.8 25.6 17.8 24.8 69.2 49.400000000000006 57.400000000000006 6.2 0 0 0 0 0 5.2 0 0 0 0 0 7 0 16.6 0 0 0.4 12.600000000000001 0.2 0 0 0 0 0.4 0 0 0 0 0 0 0.4 0 0 0 0.6000000000000001 0.6000000000000001 1 0 0 0 0 0.4 0 0 0 0 0 0 0 0 0 0 0 0 0 3.8000000000000003 0 0.2 0 2.2 0 3 5.4 2.2 0 0 4 1.6 2 3.8000000000000003 3.2 2.2 0.4 0.4 0 3.2 6.4 0 1.8 0 4.2 0 0 0 0 2.4000000000000004 5.2 4 0 1 0 0 0 0.2 0.2 0 0 0 1.8 0 0 0 0 0 0 0 0 0 0 0 0.2 0 0 0 0 1.8 0 0.2 0 0 0 0 0.4 6.2 0 0.8 0 0 0 0 0 0 0 0 0 0 0 0 0 2.8000000000000003 0.6000000000000001 2.6 2.6 2 2 0 3 1.8 4.2 5 3.2 0 2.8000000000000003 1.4000000000000001 2.8000000000000003 0.4 0 3.6 0.2 5.6000000000000005 0 0 0 0 0 0 0 0 0 0 0 2.4000000000000004 3.8000000000000003 2.8000000000000003 1.6 3.8000000000000003 0 6 2.4000000000000004 0 0 0 0 0 0 0 0 0 0 0 0 0 0 0 0 0 0 0 0 0 0.2 5.6000000000000005 0 0 0 0 0 0 0 0 0 0.4 0 4 0 0.6000000000000001 1 15.200000000000001 0 0.4 0.2 0 0 0 0 0 0 0 0 0 0 0 0 0 0 0 0 0 0 0 0 0 0 0 0 0 0 0 0 
 0.6000000000000001 1.6 0.4 0.6000000000000001 0.4 0.4 0.4 0.4 1.6 0.4 1.4000000000000001 0.4 0.4 0.8 0.4 0.8 0.4 1 0.4 1.8 28 14.600000000000001 21 75 67.60000000000001 33.4 6.4 18.6 21.400000000000002 44.6 0 100.80000000000001 27.200000000000003 92.60000000000001 28.8 59.6 33.4 40 9.8 13.600000000000001 23.200000000000003 0.4 0 0 0 0 26 0.8 0 0 0.4 0 25.200000000000003 26 10.4 1.8 0 0.4 18.6 0.4 0.4 0 0 0 0.4 0 0 0 0 0.4 0 0.4 0.6000000000000001 0 0 0.6000000000000001 0.6000000000000001 1 0.2 0.2 0 0.4 0 0 0 0.2 0 0 0 0 0 0 0 0 0 0 0 0 0 0.4 0.2 0 0 0 11.8 2.2 0 0 3 2.4000000000000004 0 1.4000000000000001 0 0 6.6000000000000005 0 6.2 3.4000000000000004 0 0 2.4000000000000004 5.800000000000001 0 0.4 0.4 0 5.6000000000000005 3.2 2.8000000000000003 0 0 0 3.2 0 9 4.6000000000000005 0 0.2 0 0 0 0 0 0 0 0 0 0 0 0.4 0 0.2 3.4000000000000004 0 0.6000000000000001 0 0 0 1 0 0 0 0 0 0 0 1.4000000000000001 0 0 0 0 0 0 0 0 0 0 0 0 0.4 0 0 0.2 8.8 3 2 0 4.6000000000000005 4.6000000000000005 5 2.8000000000000003 4.800000000000001 0 0 0 0 0 0 0.4 0 5.6000000000000005 0 0 0 0 0 0.2 1 0 0 0 0 4.6000000000000005 1.8 0 1.8 0 2.6 3.6 3.8000000000000003 0 0 0 0 0 0 0 0 0 0 0 0 0 0 0 0 0 0 0 0.2 0 0 2.6 0 0 0 0 0 0 0 0 0 0 0 1.6 0 0.6000000000000001 14.8 10.8 0 0.6000000000000001 1.8 0 0 0 0 0 0 0 0 0 0 0 0 0 0 0 0 0 0 0 0 0 0 0 1.8 0 0 0 0 
