 0 15 60.6 39.800000000000004 49.400000000000006 4.6000000000000005 39.2 39.800000000000004 7.800000000000001 7 7.6000000000000005 23.6 43.6 59 16 42.400000000000006 22.400000000000002 5.2 27.400000000000002 42.400000000000006 0.8 1.2000000000000002 0 0.2 0 0.8 1 0 0 0 0 0.6000000000000001 0 0.2 0 0.8 0 0.6000000000000001 0 0.4 0 0 0 0 0.8 1.2000000000000002 0 0 1.6 0.8 0 0.4 0 10.200000000000001 0 0 0 0 0 0.2 0.4 0.8 0 0 0 0 0 0.4 0.4 0 0 0 0 0 0.4 0.6000000000000001 0 0 0.6000000000000001 0.4 0.2 0 6.6000000000000005 3.8000000000000003 0 2.6 4 2.2 7 0 0 4.4 15.200000000000001 4 0 3.4000000000000004 10.8 3.6 2.2 3.6 0 0 0 0 0 0 0 0 0 0 0 0 1.2000000000000002 0 0 0 0 0 0 0 0 0 0 0 0 0 0 0 0 0 0 0 0 0 0 0 0 0 0 0 0 2.4000000000000004 0 0 0 0 0 0 0 0 1.2000000000000002 0 0 0.8 0 0 0.4 0 1.2000000000000002 0 0.2 7.2 0 0.4 0 2.2 3.6 0.4 0.2 3.4000000000000004 18.6 4.4 3.2 0 1 0.6000000000000001 8 1 4 0 0 0 0 0 0 0 2.8000000000000003 0 0 0 0 0 0 0 0 0 0 0 0.2 0 0 0 0 0 0 0 0 0 0 0 0 0 0 0 0 0 0 0 0 0 0 0 0 0 0 0 0 0 0 0 0 0 0 0 0 0 0 0 0 0 0 0 2.4000000000000004 0 0 0.4 0 0 0 18.400000000000002 2.4000000000000004 0.8 0 0 0 0 0 0 0 0 0 0 0 0 0 0 0 0 0 0 0 0 0 0 0 0 0 0 0 0 0 0 0 0 0 0 0 0 0 0 
 15 0 21.8 18 35.2 57.6 35.800000000000004 56.2 57.400000000000006 27.8 111.80000000000001 27.8 12.8 14.8 90 52.2 9 65.4 32.800000000000004 26.6 0 0.4 0 0.2 0 0 5.6000000000000005 0 0.4 0 0 0.6000000000000001 0 0.2 0 0 0 0.6000000000000001 0 0.6000000000000001 0 0 0 0.4 0 0 0 0 0.4 0.4 0 0 0 0 0 0 0 0 0 0 0.4 0 0 0 0 0 0 0.6000000000000001 0.4 0 0 0 0 0 0.4 0.4 0 0 0.2 0 7.2 1 3.2 2.4000000000000004 0 2.6 0 7.2 0 5.6000000000000005 6.800000000000001 0.4 0 3 13 0.4 8.200000000000001 4 1.8 3 4 0 0 0 0 0 0 0 0 0 0 0 0.2 0 0 0 0 0 2 2 0 0 0 0 0 0 0 0 0 0 1.8 0 0 0 0 0 0 0 0 0 0 0 0 0 0 0 0 0 0 0 1 0 0 0.6000000000000001 0 0 0.2 0 0 0.2 1.8 12 3.2 0.4 1 0 2.2 6.6000000000000005 2.6 4.6000000000000005 2.8000000000000003 5.4 0 0 3.4000000000000004 0.6000000000000001 0.2 8 2.2 5.2 0 0 0 0 0 0 0 0 0 0 0 0.4 3.4000000000000004 0 0 0 0 0 3.8000000000000003 0.4 0 0 3.2 0 0 0 0 0 4.2 0 0 0 0 0 0 0 0 0 0 0 0 4.2 0 0 1.2000000000000002 0 0 0 0 0 0 0 0 0 0 2.8000000000000003 0 0 0 0 0 0 0 0 0 0 0.4 0 0 35.6 0 1.8 1.4000000000000001 0 0 0 0 0 0 0 0 0 0 0 0 0 0 0 0 0 0 0 0 0 0 0 0 0 0 0 0 0 0 0 0 0 0 0 0 0 
 60.6 21.8 0 39.400000000000006 74.2 23.200000000000003 56.800000000000004 35.800000000000004 104.4 75.60000000000001 25.400000000000002 25.8 13.200000000000001 25.400000000000002 8.4 20.400000000000002 26.400000000000002 89.80000000000001 10 25 0 0.4 0 0.2 0 0 0.6000000000000001 41.2 0 0 0 0.4 0.4 14.8 0 0 0 1 0 0.6000000000000001 1.4000000000000001 0 0 0 0 0 7 0 0.4 0 6.6000000000000005 5.6000000000000005 0 1.4000000000000001 0.8 0 0 0.2 0 0 0.4 0 0 0 0 0 0 0.6000000000000001 0.4 0.4 0 0 0 0.4 1 0.6000000000000001 0 0 0.4 0 1 6.4 2.4000000000000004 0.2 0 2 0 0.2 16 6.4 0.8 3.2 2.4000000000000004 0 0 2.6 2.2 2.8000000000000003 0 0 0.4 4.2 2.4000000000000004 0 0 0 2.8000000000000003 3.6 0 0 0 0 0 0 4 0 0 0 4.2 0 0 0 0 0 0 0 0 0 1.8 0 0 0 0 0 0 0 0 0 0 0 0 0 0 0 0 0 0 0 0 0 0 0 0 0 0 0 0 0 0 0 0 3.8000000000000003 1.4000000000000001 1.8 0 5.4 0 15.600000000000001 3.8000000000000003 1.2000000000000002 3 1.2000000000000002 1 0 0 2.8000000000000003 3 6.6000000000000005 0 0 0.6000000000000001 1 3.2 0 0 0 0 0 0 0 0 0 0 7.800000000000001 2 0 0 0.8 8.8 6.6000000000000005 0 0 0 0 0 0 0 0 1.8 0 0 0 0 0 0 0 0 0 0 0 0 0 0 0 0 0 0 0 0 0 0 0 0 0 0 0 0 0 0 0 0 0 0 0 0 0.2 26.200000000000003 0.4 0.4 18 0 0.6000000000000001 0 0 0 0 0 0 0 0 0 0 4.2 0 0 12.8 0 0 0 0 0 0 0 0 0 1.4000000000000001 0 3 0 0 0 0 0 0 0 0 0 0 0 0 
 39.800000000000004 18 39.400000000000006 0 34.800000000000004 52.6 10.8 35.2 23.8 54 39.400000000000006 19.200000000000003 27.400000000000002 16.8 16.2 32.2 24.8 27.6 11.200000000000001 10.200000000000001 5.4 0.4 0 0.2 0 0 1 0.6000000000000001 0 2.2 1.8 2 0.2 0.4 0 20.6 0.2 2.2 0.2 1.6 0 0 0 0 0.6000000000000001 1 0 0 0.4 0.8 0.4 0.6000000000000001 0 0.6000000000000001 0 0.6000000000000001 0 0.4 0 0 0.4 0 0 0 0.8 0 0 0.6000000000000001 7.6000000000000005 0.6000000000000001 0.8 0.8 0 1.2000000000000002 0.4 0.2 0 0 2.4000000000000004 0 0 2.6 12.200000000000001 0.6000000000000001 1.8 3.4000000000000004 0 0 11.4 2 0.4 7 0.2 0.8 0 3.4000000000000004 1.8 3.8000000000000003 0 0 2 4 0.2 0 0 0 2.2 0 0 0 0.8 0 1.4000000000000001 0 0 0 0 0 1.6 3.8000000000000003 0 0 0 0 0 0 0 0.8 0 0 0 0 0 0 0 1.2000000000000002 0 0 0 0 0 0 0.2 0 0 2.6 0 0 0 0 0 0 0 0 0 0 0 0 0 0 0 0 2 0.2 2.8000000000000003 2.6 0 0 3.4000000000000004 5.4 3.6 2 0 0 1.4000000000000001 2 3.4000000000000004 5 0 0 2.2 0.2 3 0 0 0 4 2.8000000000000003 0.2 0 0 0 4.4 3.8000000000000003 1.6 0 0 3.8000000000000003 6.6000000000000005 1.2000000000000002 0 0 0 0.8 0 0 0 0 0 0 0 0 0 0 0 0 0 0 0 0 0 0 0 0 0 0 0 0 0 0 0 0 0 0 0 0 0 0 0 0 0 0 0 0 0 0 0.4 0.4 0.4 0.6000000000000001 0 1 0 0 0 0 0 0 0 0 0 0 0 0 0 0 0 0 0 0 0 0 0 0 0 4 2.2 0 0 0 0 0 0 0 0 0 0 0 0 2.4000000000000004 
 49.400000000000006 35.2 74.2 34.800000000000004 0 92 17.6 49.400000000000006 24.8 50.2 39.6 28 28.6 12.4 26.400000000000002 23 9.8 49.400000000000006 14 33.4 14.8 0.4 0 0.4 0 0 0.4 0.2 0.4 0 0.6000000000000001 0.4 0 15.200000000000001 0 0 11.8 15.4 12.200000000000001 32.4 11.4 1.2000000000000002 0 0 0 0 1 0 1.2000000000000002 0.4 9.8 0 0 1.4000000000000001 0 0.6000000000000001 0 0 0 0 0.4 0 0 0 0 0 0 1.4000000000000001 0.4 0 0 0 0 0 0.4 0.6000000000000001 0 0 1 0 5.6000000000000005 2 2.6 3.4000000000000004 2 2.6 0 4.800000000000001 0.2 0 1.8 4 0 0 0 6 0 3.6 0 0 0 2.6 5.6000000000000005 0 0 0 4.2 0.4 0 3.2 0.4 2.4000000000000004 5.800000000000001 0 0 2 3 6.6000000000000005 0 4.2 0 0 4.2 0 0 0 0 0 0 0.6000000000000001 0 0 0 0 0 0 0 0 0 0 0 0 0 0 0 0 0 0 0 0 0.4 0 0 0.2 0 0 0 0 0 0 3.8000000000000003 0 2.2 0.2 1.6 3.6 0 3 5.4 4.6000000000000005 0 7.4 0 0 0 3.2 1.8 11 0 0 0 0.4 6.4 0.4 0 0 2.8000000000000003 2.8000000000000003 4 0 0 0 3 6.2 2 0.2 6.4 3.4000000000000004 10 2.6 0 0 0 0 0 0 0.4 0 0.4 0 0 0 0 0 0 2.8000000000000003 0 0 0 0 0 0 0 0 3.6 0 0 0 0 0 0 0 0 0 0 0 0 0 0 0 0 4.2 0 0 0 0.4 0.8 0 0.2 0.8 0 1.6 2.2 0 0 0 0 0 0 0 0.2 0 3.2 0 0 0 0 0 0 0 0 0 0 0 0 0 0 0 0 0 0 0 0 0 0 0 0 0 0 0 
 4.6000000000000005 57.6 23.200000000000003 52.6 92 0 41.400000000000006 12.200000000000001 26.400000000000002 31.400000000000002 14.8 12.8 10.4 16 30 41.6 55.2 27.400000000000002 12.4 11.4 15 0.4 0 0.2 0 0 7.2 0 0 0.6000000000000001 0 0.4 0 16.2 15 14.8 19.8 0.6000000000000001 31 14.4 0 0 1.4000000000000001 0 0.4 0 1.4000000000000001 0 0.4 2 4.4 0 0 0 0 0 4.4 0 0 0.4 0.6000000000000001 0 0 0 0.4 0 0.2 0.4 0.4 0 0 0 0.8 0 0.6000000000000001 0.8 0 0 0.6000000000000001 0 0 4.2 2.8000000000000003 0 2.4000000000000004 0 0 0 2 1.4000000000000001 3 3.6 0 0 0 0 0 2.8000000000000003 0 2.6 0 0 2.8000000000000003 0 0 0 0.4 0 0 0 0 0 0 3.2 6.800000000000001 1.4000000000000001 2.6 1 1 3 0 0 0 0 0 0 0 0 2.6 0 0 0 0 0 0 0 0 0 0 0 0 0 0 0 0.4 0 0 0 0 0 0.6000000000000001 0.4 0 0 1.2000000000000002 0 0.2 0 0 0 0 0 0 7.4 6.4 1.8 0 2 2.6 2.8000000000000003 0.2 1 0 0 0 0 2.8000000000000003 1.8 0 0 2.8000000000000003 4.4 3.8000000000000003 0 0.2 0 2.2 2.4000000000000004 2.2 0 0 0 4.800000000000001 3.8000000000000003 2.4000000000000004 0 2.8000000000000003 3.8000000000000003 1.8 2.8000000000000003 0 0 0 0 0 0.2 0 0 3.6 0 0 0 0 0 0 0 0 0 0.2 0 0 0 0 0.2 0 0 0 0 0.2 0 0 0.4 0 0 0.2 0 0.2 0 0 3.2 0 0 0 0 0 0 17.400000000000002 0.2 0.4 1.2000000000000002 0.2 1.2000000000000002 0.4 0 0 0.4 0 0 0 0 0 0 0.4 0 0 0 0 0 0 0 0.4 0 0 0 0 3.8000000000000003 0 0 0 0 0 0 0 0 0 0 0 0 0 0.2 
 39.2 35.800000000000004 56.800000000000004 10.8 17.6 41.400000000000006 0 50.2 81 71.2 7.800000000000001 24.400000000000002 36 36.4 48.6 23.8 27.8 84.60000000000001 28 29 0.2 0.4 0 0.8 0 0.4 0.2 0.4 0.6000000000000001 0 0 0.6000000000000001 0 0.6000000000000001 0 0 0.4 0.6000000000000001 0 0.6000000000000001 0 0 0 0 0 0 0 0 0.4 0.4 0 0 0 0 0 0 0 0 0 0 0.4 6 0 0 0 0.2 1 0.4 0.4 1.4000000000000001 0 0 0 0 0.4 0.6000000000000001 0 0 0.6000000000000001 0 5.2 0 0 0 0 0 0 2.2 0.2 2.8000000000000003 2 0 0 5.800000000000001 2.4000000000000004 3.8000000000000003 5.800000000000001 2.2 6.2 6.4 0.4 0 0 0 0 0 0 0 0 0 0 2.2 0.4 0 0 0 0 0 0 0 0 0 0 0 0 3.6 0 0 0 0 0 0 0 0 0 0 0 0 0 0 0 0 0 0 0 0 0 0 0 0 1 0 0 0.6000000000000001 0 0 0.2 0 0 0 4 1.2000000000000002 1.8 0.4 1 0 0 0 2.4000000000000004 3.4000000000000004 0 2.8000000000000003 0.2 2 3.8000000000000003 5.4 0.4 4.2 3 9.200000000000001 0 0 0 0 0 0 0 0 0 0 0 0 0 0 0 0 0 0 2 0.2 0 0 0 0 0 0 0 0 4.2 0 0 0 0 0 0 0 4.2 0 0 0 0 0 0 0 0 0 0 0 0 0 0 0 0 0 0 0 0 0 0 0 0 0 0 0 0 0 1 0.4 0.2 0 0 1.4000000000000001 0 0 0 0 0 0 0.4 0 0 0 0 0 0 0 0 0 0 0 0 0 0 0 0 0 0 0 0 0 0 0 0 0 0 0 0 0 0 0 
 39.800000000000004 56.2 35.800000000000004 35.2 49.400000000000006 12.200000000000001 50.2 0 37.800000000000004 27.8 42.6 9.4 30 9.8 28.8 26.400000000000002 18 31 14.4 43.400000000000006 0 0.4 0.4 1.4000000000000001 0 0 0.4 0 0 0 0.2 0.8 0.6000000000000001 0.4 0 0 0 0.6000000000000001 0 1.2000000000000002 0 0 0 0 0 0 0 0 0.4 0.4 0 0 0 0 0 0 0 0 0 0.4 0.4 0 0 0 0.6000000000000001 0 0 0.6000000000000001 0.4 0 0 0 0 0 0.4 0.6000000000000001 0 0 0.4 0 9.200000000000001 0 11.600000000000001 0 0 2.8000000000000003 4.2 2.8000000000000003 5.2 0 2.4000000000000004 3 0 0 0 8.4 3.8000000000000003 4.2 14 0 0 0 0 0 0 0 0 0 0 0 0 0 7.2 0 0 0 0 0 0 0 0 0 0 0 0.2 0 0 0 3 0 0 0 0 0 0 0.4 0 0 0 0.4 0 0 0 0 0 0 0 0 0.2 0 0.4 0 0 0.4 0 0 0 0 1.6 0 0 0.2 4.2 2.8000000000000003 3.6 0 0 9.4 6.4 4.2 1.8 2.8000000000000003 3 0 1.6 0 2.8000000000000003 8.200000000000001 0 0.4 0 0.2 0 0 0 0 0 0 0 0 0 0 0.4 0 0 0 0 0 3.8000000000000003 2 0 0 0 0 0 0 0 0 2.8000000000000003 0 0 0 0 0 0 0 0 0 0 0 0 0 0 0 0 0 0 0 0 2.4000000000000004 0 0 0 0 0 0 0 0 0 0 0 0 0 0 0 0.2 26.200000000000003 0 0 0.2 0 1.8 2.2 0 0 0 0 0 0 0 0 0 0 0 0 0 0 0 0 0 0 0 0 0 0 0 0 0.4 0 0 0 0 0 0 0 0 0 0 0 0 
 7.800000000000001 57.400000000000006 104.4 23.8 24.8 26.400000000000002 81 37.800000000000004 0 68.2 30.400000000000002 26.8 15.200000000000001 63 36.6 25.400000000000002 64.2 86.2 62.6 35.6 0 0.4 0 0.2 0 0 0.2 0 0.2 0 0 0.4 0 0.2 0 0 0 0.6000000000000001 0 1 0.2 0 0 0 0 0.2 0 0 0.4 0.4 0 0 0 0.8 0 0 0 0 0 0 0.4 0 0 0 7 0 1.6 0.4 0.4 0.6000000000000001 0 0 0 0 0.4 0.6000000000000001 10 0 0.6000000000000001 0 4.4 6 5.2 2 1.8 4.800000000000001 0 0 4.6000000000000005 5.800000000000001 1.8 6.6000000000000005 7.2 12 3.6 3.2 4.6000000000000005 2 1.8 2.4000000000000004 2 4.2 0 0 0 0 0 0.2 0 0 0 0.2 2.6 0 0 0 0 2.4000000000000004 0 3.4000000000000004 0 0 0 0 0 0 0 0 2 0 0 0 0 0 0 0 0 0 0 0 0 3.2 0 0 0 0 0 0 0 0 0 0 0 0 0 0 3 0.6000000000000001 0 0 6.6000000000000005 2.6 3.8000000000000003 1.6 0 0 0 3.4000000000000004 4 3.6 0 0.4 0 2.6 3 7.2 2.4000000000000004 6.4 4.2 4.4 2.2 0 0 0 0 0 0 2.8000000000000003 0 0 0 0 0 0.4 0.2 0 0 0 11.4 6.6000000000000005 0.2 0 0.2 0 0 0 0 0 1.6 0 0 0 0 0 0 0 0 0 0 0 0 0 0 0 0 0 0 0 0.2 0 0 0 0 0 0 0 0 0 0 0 0 3 0 0 0 0 9.600000000000001 0 0.4 0.8 0.4 3.2 0 0 0 0 0 0 0 0 1.8 0 7.6000000000000005 0 0 0 0 0 0 0 0 0 0 0 0 1.4000000000000001 1.2000000000000002 10 0 0 0 0 0 0 0 0 0 0 0 0 
 7 27.8 75.60000000000001 54 50.2 31.400000000000002 71.2 27.8 68.2 0 33.6 43.6 9.4 10.200000000000001 33.2 71.60000000000001 44 22.400000000000002 11.600000000000001 21 13 0.4 0 0.4 0 0 0.8 15.200000000000001 0 0 0 0.4 0.2 15.200000000000001 0 0 0 0.6000000000000001 0 15.4 0 0 0.2 0 0 0 0 13.600000000000001 0.6000000000000001 0 0 0 0 2.4000000000000004 0 0 0.4 0 0 0.4 0.6000000000000001 0 0 0 0 0 0 0.4 0.6000000000000001 0 0 0 1.2000000000000002 0 0.6000000000000001 0.6000000000000001 0 0 0.6000000000000001 1.8 0 4.6000000000000005 2.6 0.8 7.4 0.2 0 0.2 7.6000000000000005 0 0 2.2 0 0 0 6 2 4.4 0 0 1.2000000000000002 3.2 0.4 0 0 0 0 0 0 0 0 0 0.8 2 4.6000000000000005 0 0 0 7 3.8000000000000003 0 0 0 0 0 0 0 0 2.6 0 0 0 0 0 0 0 0 0 0 0 0 0 0 0 0 0 0 0 0 0 0.2 0 0 0 0 0 0.2 0 0 0 3.6 0 0 4.2 1.4000000000000001 0 0 2 5.6000000000000005 7.2 9 0.4 0 0 1 3 2.8000000000000003 1.8 0 0 1.2000000000000002 2.8000000000000003 0.6000000000000001 0 0 0 6.4 0 0 3.2 0 0 0 2.2 3.2 3 0.4 0 5.4 9.4 0 0 0 0 0 0 0 0 4.800000000000001 0 0 0 0 0 0 0 0 0 0 0 0 0 0 0 0 0 0 0 2.4000000000000004 0 0 0 0 0 0 0 0 0 0 0 0 3.2 0 0 0 0.6000000000000001 17.6 0.4 0.2 0 0 2 0 0 0 0 0 0 0 0 0 0 0 0 0 0 0 0 0 0 0 0 0 0 0 0 0 0 0 0 0 0 0 0 0 0 0 0 0 0 
 7.6000000000000005 111.80000000000001 25.400000000000002 39.400000000000006 39.6 14.8 7.800000000000001 42.6 30.400000000000002 33.6 0 27 25.400000000000002 11.8 10.8 35.6 27 30.400000000000002 10.600000000000001 13.200000000000001 0 0.4 0.4 0.2 0 0 0.6000000000000001 0 0.2 0.2 0.2 0.4 0 0.4 0.2 0 5.2 0.6000000000000001 5.6000000000000005 0.6000000000000001 1 0 0 0 0 10.200000000000001 0 0 0.4 0 0 0 0 1.4000000000000001 0 0 0 0 12.4 0 0.4 0.6000000000000001 0 10 0 0 0 0.6000000000000001 0.4 0 0 0 0 0 0.4 0.4 1 0 0 0 0 2.8000000000000003 0.2 0.2 0 12 0 0 4.4 7 0.8 6 0 0 0 3.6 0 2.8000000000000003 0 0 2.2 3 0 0 0 0 0 3.2 5.800000000000001 0 0 0 0.6000000000000001 0 0 0 0 0 2.4000000000000004 3.6 0 0 0 0 0 0 0 0 0.2 0 0 0 0 0 2.8000000000000003 0 0 0 0 0 0 0 0.8 0 0 0 0 0 0 0 3 0.2 0 0 0 0 0 0.2 0 0 0 0 2 0 0 0 0 0 2.4000000000000004 7 1.4000000000000001 0 0 0 0 6.6000000000000005 0 4.6000000000000005 0 0 2 2.8000000000000003 0 0 0 0 2 2.8000000000000003 0 0 0 0 0 4.2 0.2 0 0 0 9.8 4.2 0.2 0 0 0 0 0 0 0 0 0 0 0 0 0 0 0 0 0 0.2 0 0 0 0 0 0 0 0 0 0 0 0 0 0 0 0 0 0 0 0 0 0 0 0 0 0 0.8 17.400000000000002 0 0.4 0.2 0 4.800000000000001 17.400000000000002 0 0 0 0 0 0 0 0 0 2 0 0 0 0 0 0 0 0 0 0 0 0 2 1.2000000000000002 3 0 0 0 0 0 0 0 0 0 0 0 0 
 23.6 27.8 25.8 19.200000000000003 28 12.8 24.400000000000002 9.4 26.8 43.6 27 0 48.400000000000006 16.8 24.400000000000002 41.2 34.2 33.6 19.400000000000002 11 15.600000000000001 0.4 0 0.2 0 0 0.4 0 0 0 0 0.8 0 0 0 0 0 0.6000000000000001 0 8.4 0 0 0 0 0 0 0 0 0.4 0.4 0 0 0 0 0 0 0 0 0 0.4 0.4 0 0 0 0 0 0 0.4 0.6000000000000001 0 0 0 0.8 0 0.4 0.6000000000000001 0 0 0.6000000000000001 0 10.600000000000001 1.8 12.4 0.8 0 3.2 0 0 6 3.6 1.8 6 2.8000000000000003 2.2 2 4.2 1.8 0.6000000000000001 0 3 0 0 0 0 0 0 0 0.2 0 0 0 0 1.8 0 0 0 0 0 0 2.8000000000000003 0 0 0 0 0 0 0 0 2.6 0 0 0 0 0 0 0 0 0 0 0 0 0 0 0 0 0 0 0 0 0 0.2 0 0 0 3 0 0 0 0 0 0 0 0.6000000000000001 10 3.8000000000000003 0 0 5.4 2.4000000000000004 5.6000000000000005 5.4 2.2 0 0 1.8 0 5.6000000000000005 3.4000000000000004 0 0 0 0.2 0 0 0 0 5.4 0 0.2 0 0 0 7 3.6 0 0 0 0 1.8 2.2 0 0 0 1.4000000000000001 0 0 0 0 3 0 0 0 0 0 0 0 4.2 0.4 0 0 0 0 4.4 0 0 0 0 0 0 0 0 0 0 0 0 0 0 0 0 0 0 0.2 0 0 0 0 17 0 1.2000000000000002 0.4 0.8 0.4 0 0.4 0 0 0 0 0 0 0 0 0 0 0 0 0 0 0 0 0 0 0 0 0 3 0.2 0 0 0 0 0 0 0 0 0 0 0 0 0.4 
 43.6 12.8 13.200000000000001 27.400000000000002 28.6 10.4 36 30 15.200000000000001 9.4 25.400000000000002 48.400000000000006 0 31.6 6.4 8.8 6.4 25.400000000000002 42 75.60000000000001 0 0.4 0 0.8 0 0 0.4 0 0.2 0 0 0.8 0 5.2 0 0 0 0.8 0 1.2000000000000002 0 0 0.2 0 0 0 0 0 0.4 11.200000000000001 0 0.2 0 0 0 10.200000000000001 0 0 0 0 0.4 0.2 1 0 0 0 0 3 2.6 0 2 0 0 1.2000000000000002 0.4 1.4000000000000001 0 2 0.2 0 0 0.2 3.6 0 0 2.4000000000000004 5.4 0 2.4000000000000004 0 0.2 0 2.6 2.4000000000000004 3 5.800000000000001 2.2 1.8 8 0 0 0 0 0 0 0 0 0 0 0 0 0 0 0 0 0 0 0 0 0 0 0 0 0 0 0 0 0 0 0 0 0 2.8000000000000003 0 0 0 0 0 0 0 0 0 0 0 0 0.4 0 0 0 0 0 0 0 0 0.4 0 0 0 0 0 0 4 0 0 10.8 0 3.4000000000000004 0 0 0 0 0 2.2 0 0 0 4.6000000000000005 0.4 2.6 0 0 0 0 0 0 0 0 0 0 0 0 0 0 0 0 0 0 0 0 0 0 0 0 0 0 0 0 0 0 0 0 0 0 0 0 0 0 0 0 0 0 0 0.4 0 0 0 0 0 0 0 0 0 0 0 0 0 0 0 0 0 0 0 0 0 0 0 0 0 0.4 0 0 2.6 0 0 0 0 0 0 0 0 0 0 0 2.2 0 0 0 0 0 0 0 0 0 0 0 0 0 0 0 0 0 0 0 0 0 0 0 0 0 0 
 59 14.8 25.400000000000002 16.8 12.4 16 36.4 9.8 63 10.200000000000001 11.8 16.8 31.6 0 33.2 27 22.400000000000002 32.4 75.8 51.6 0.6000000000000001 0.4 0 0.8 0 0 1 0 0 1.4000000000000001 0.2 0.8 0 0.6000000000000001 0.6000000000000001 0 0 1 0 0.6000000000000001 0 0 0 0.4 0 0 1 0 0.4 0.4 0 9.8 0.4 0 0.4 0 1.4000000000000001 0 0 0.2 0.8 0 0 0 0 0 0 0.8 0.4 0 0 0 0 0.2 0.4 0.8 1 0.2 0.2 0 8 0 4.4 1.8 0 0.6000000000000001 2.6 2 4.4 4.2 4 2.6 4.800000000000001 4.6000000000000005 0 3.8000000000000003 11.200000000000001 0 5.4 3.4000000000000004 0 0 0 0 0 0 0 0 0 0.2 0 0 0 0 0 0 0 0 0 0 0 0 0 0 0.2 0 0 0 0 0.2 0 0 0 0 0 0.4 0 0 0 0 0 0 0 0 0 0 0.2 0 1.8 0 1.2000000000000002 0 0 1.6 0 0 0 0 1.6 0 2.4000000000000004 7.800000000000001 3.2 0 4.4 2.2 2.8000000000000003 0.2 0.2 7 6.6000000000000005 4.6000000000000005 4.800000000000001 0 0 1.6 5.800000000000001 0 0.2 2 0 0.4 0 0 0 0 4.4 0 0 1.8 0 0 0 0 0 0 0 0 0 0 0 0 0 0 0 0 0 0 0 0 0 0 0 0 0 0 0 0 0 0 0 0 0 0 0 0 0 0 0 0 0 0 0 0 0 0 0 0 0 0 0 0 0 0 0 0 0 0.4 0.4 17.8 0 0.6000000000000001 0 0 0 0 0 0 0 0 0 0 0 0 0 0 0 0 0 0 0 0 0 0 0 0 0 0 0 0 0 0 0 0 0 0 0 0 0 0 
 16 90 8.4 16.2 26.400000000000002 30 48.6 28.8 36.6 33.2 10.8 24.400000000000002 6.4 33.2 0 15.600000000000001 13.600000000000001 37.2 32.6 59 0.2 0.4 0 0.2 0 0 16.6 0 0.4 0 0 0.6000000000000001 0 0.2 0.6000000000000001 0.2 0 0.6000000000000001 0 0.6000000000000001 0 0 0 0 0 0 0 0 0.8 0 0 0 0 0.6000000000000001 0 0 0 0 0 0 0.4 0 0 0 0 0 1.6 0.6000000000000001 0.4 0.6000000000000001 0.4 0 0 0 0.4 0.6000000000000001 0 0.2 0.4 0 9.600000000000001 0 0 5.4 0 0 0 6.4 0 4.6000000000000005 0.2 0 3 0 19 0 0 0 0.2 6.800000000000001 0 0.2 0 0.4 0 0 0 0 0 0 0 0 0 0 1.4000000000000001 0 0 0 1.8 1 0 0 0 0 0 0 0 0 0 0 0 0 0 0 0 0 0 0 0 0 0.4 0 0 0 0 0 0 0 0 0 1 0 0 0.6000000000000001 0 0 0 0 0 0.2 1.8 4 5.6000000000000005 0.2 1.2000000000000002 0 5.4 0 10.600000000000001 6.2 0 4.800000000000001 0 2 5.6000000000000005 9 1 4.4 7.800000000000001 10.200000000000001 0 0 0 0 1.6 0 0 0 0 0 0 0 2 0 0 0 0 0 2 0.2 0 0 0 0 0 0 0 0 0.6000000000000001 0 0 0 0 0 1.4000000000000001 0 2.2 0 0 0 0 0 0 0 0 0 0 0 0 0 2.2 0 0 0 0 0 0 0 0 0 0 0 0 0 0 0 0.6000000000000001 0 0 17.6 0 2 0 0 0.4 0.4 0 0 0 0 0 0 0 0 0 0 0 0 0 0 0 0 0 0 0 0 0.2 0 0 0 0 0 0 0 0 0 0 0 0 0 
 42.400000000000006 52.2 20.400000000000002 32.2 23 41.6 23.8 26.400000000000002 25.400000000000002 71.60000000000001 35.6 41.2 8.8 27 15.600000000000001 0 18.2 24.6 6.800000000000001 28.8 0 0.4 0 0.2 0 0 1 0 0.4 0 0 0.8 0 0.2 0 0 0 0.6000000000000001 0 0.6000000000000001 0 0 0 0 0 0 0 0 0.4 0.4 0 0 0 0.2 0 0 0 0 0 0 0.4 0 6.2 0 0 0 1.6 0.6000000000000001 0.4 0.6000000000000001 0 0 0 0 0.4 0.2 0 0 6.2 0 1.2000000000000002 0.2 7 2 0.2 4.6000000000000005 0 0 8.200000000000001 4.6000000000000005 1.4000000000000001 2.8000000000000003 4.2 1.6 4 1.8 2.2 2.2 0 3.8000000000000003 0 0 0 0 0 0 0 0 0 0 0 0 3.4000000000000004 0 0 0 0 0 0.2 3 0 0 1.8 2.2 0 0 0 0 4.4 0 0 0 0 0 0 0 0 0 0 0 0 0 0.2 0 0 0 0 0 0 0 0 0 0 0 0 0 0 0 0 0 5 0 1.8 5.4 0 0 0 1.6 2.4000000000000004 2.4000000000000004 6 2.2 0 4.4 4.2 2.4000000000000004 6.6000000000000005 6.800000000000001 2.6 2 0 0.2 0 0 0 0 2.2 0 0 0 0 0 0.2 0 0 0 0 0 2 1 0 0 1.6 0 0 0 0 0 3.8000000000000003 0 0 0 0 0 0 0 0 0 0 0 0 0 0 0.2 0 0 0 0 0 0 0 0 0 0 0 0 0 0 0 0 0 2.8000000000000003 0 0 0 0 0.4 0.4 0 0.2 0 1 0 0 0 0 0 0 0 0 14.8 0 0 0 0 0 0 0 0 0 0 0 0 0 0 2 0.2 3 0 0 0 0 0 0 0 0 0 0 0 0 
 22.400000000000002 9 26.400000000000002 24.8 9.8 55.2 27.8 18 64.2 44 27 34.2 6.4 22.400000000000002 13.600000000000001 18.2 0 55.400000000000006 13.8 27.400000000000002 0 0.4 0 0.2 0 0 0.4 0.2 0.4 0 0 0.4 0 1 0 0 0.4 0.6000000000000001 0.4 0.6000000000000001 0 0 0 14.4 0 0 0 0 0.4 0 0 0 0 0.2 0 0 0 0 0.4 0.2 0.4 0 0 0 0 0 1.6 0.6000000000000001 0.4 0.8 0 0 0 0 0.4 0.4 0 0 0.2 0 2.8000000000000003 6.4 3.4000000000000004 9.600000000000001 0 5.4 7.2 3.4000000000000004 5.2 0 0 3.8000000000000003 8 2.2 5.4 0 6.6000000000000005 3.2 0 7.2 2.2 4 0 0 0 0 0 0 0 0 0 0 3.2 0 2 0 0 0 0 3.8000000000000003 0 0 0 0 0 0 0 0 1.8 0 0 0 0 0 0 0 0 0 0 0 0 0 0 0.6000000000000001 0 0 0 0 0 0 0 0 0 0 0 0 0 0 3 0.2 7.4 3.4000000000000004 0 2.2 0 0 3.8000000000000003 1.2000000000000002 2.2 4.800000000000001 4 0 3.2 5 3 2 5.2 0 2.2 2.4000000000000004 1.8 0 2.2 0 0 0 2 3 0.2 0 0 0 0 0 0.2 0 0 0 2.6 1.8 0 0 0 0.2 0 0 0 0 0 3.4000000000000004 0 0 0 0 3 0 0 0 0 0 0 0 0 0 0 0 0 0 0 0 0 0 0 0 0 0 0 0 0 0 0 2.8000000000000003 0 0 0 0 0.2 0 0.2 0.2 2.2 1.4000000000000001 0 0 0 0 0 0 0 0 0 0 0 0 0 0 0 0 0 0 0 0 0 0 0 0 3 0 0 0 0 0 0 0 0 0 0 0 0 0 
 5.2 65.4 89.80000000000001 27.6 49.400000000000006 27.400000000000002 84.60000000000001 31 86.2 22.400000000000002 30.400000000000002 33.6 25.400000000000002 32.4 37.2 24.6 55.400000000000006 0 8.4 10.200000000000001 0.2 0.4 0.4 0.4 0 0 0.6000000000000001 0 0 0 0 0.6000000000000001 0 0.4 0.4 0.2 0 0.8 15.4 0.6000000000000001 0.6000000000000001 0 0 0 0.8 0 0 0.6000000000000001 0.4 0 0.4 0 0 0 0 0 0 0.2 0 0.4 0.4 0 0.4 0 0 0.6000000000000001 0 1.6 1 0 0.6000000000000001 10 0.2 0 0.4 0.4 0.6000000000000001 0 1.4000000000000001 0 7.4 4.2 7.4 2.8000000000000003 0 13 0 1.8 2.2 9 5.2 3.4000000000000004 0 1.6 3.4000000000000004 4.800000000000001 3.2 4.4 1.4000000000000001 3.8000000000000003 0 0 0 0 0 0 0 2.4000000000000004 0 0.4 0.2 0 0.2 0.2 0 0 0 0 2.2 1.8 0 0 0 0 0 0 0 0 3.8000000000000003 0 0 0 0 0 0 0 0 0 0 0 0 0 0 0 0 0 0 0 0 0 0 0 0 0 0 0 0 0 0 0 1 0 4.6000000000000005 11.600000000000001 2 5.6000000000000005 0 4.6000000000000005 6.2 5.2 0 0 0 0 0 3.6 3.2 8.6 0 0.2 2.2 4.2 0.2 0 0 0 0 1.8 0 0 0 0 4.6000000000000005 3.2 0 0 0 0 5.2 2 0 0 0 0 0 0 0.2 0 4.800000000000001 0 0 0 0 0 0 0 0 0 0 0 0 0 0 0 0 0 0 0 0 0 0 0 0 0 0 0 0 0 0 0 0 0 0 0 9.600000000000001 0.4 26 0 0.6000000000000001 17.6 0 6.2 2 0 0 0 0 0 0 0 0 0 2.6 0 0 0 0 0 0 0 0 0 2.2 0 0 0 0.2 0 0 0 0 0 0 0 0 0 0 0 0 0 
 27.400000000000002 32.800000000000004 10 11.200000000000001 14 12.4 28 14.4 62.6 11.600000000000001 10.600000000000001 19.400000000000002 42 75.8 32.6 6.800000000000001 13.8 8.4 0 73 0 0.4 0 0.4 0 0 0.4 0 0 0 0 0.8 0 0.4 0 0 0 0.6000000000000001 0 1.2000000000000002 0 0 0.2 0.2 0 0 0 0 0.6000000000000001 0.4 0 0.2 0 0 0 0 0 0.4 0 0.2 0.4 0 0 0 0 0 1 3.8000000000000003 0.4 8.8 0 0 0 0 0.4 0.4 0 0 8.6 0 1.4000000000000001 0 0 1.4000000000000001 0.4 0 10.8 2 0 0 1.8 0.4 7.2 4.2 2.8000000000000003 3 3.8000000000000003 0.2 2.8000000000000003 3.6 0 0 0 0 0 0 0 0 0 0 0 0.2 0 0 0 0 1.2000000000000002 0 0 0 0 0 0 0 0 0 0 0 0 0 0 0 0 0 0 0 0 0 0 0 0 0 0 0 0 0 0 0 0 0 1.2000000000000002 0 0 0.8 0 0 0 0 1.2000000000000002 0 0 4.2 0.2 0.2 0 0 3.6 0 0 0.6000000000000001 2.2 3.4000000000000004 6.2 0 0 0 0 0 2.2 0 0 0 0 0 0 0 0 0 0 0 0 0 0 0 0 0 0 0 0 0 0 0 0 0 0 0 0 0 0 0 0 0 0 0 0 0 0 0 0 0 0 0 0 0 0 0 0 0 0.2 0 0 0 0 0 0 0 0 0 0 0 0 0 0 0 0 0 0 0 0.6000000000000001 0 0 2 0 0 0 0 0 0 0 0 0 0 0 0 0 1 0 0 0 0 0 0 0 0 0 0 0 0 0 0 0 0 0 0 0 0 0 0 0 0 
 42.400000000000006 26.6 25 10.200000000000001 33.4 11.4 29 43.400000000000006 35.6 21 13.200000000000001 11 75.60000000000001 51.6 59 28.8 27.400000000000002 10.200000000000001 73 0 0 0.4 0 0.4 0 0 0.2 0 0 0 0 0.6000000000000001 0.6000000000000001 0.4 0 0.4 0 0.6000000000000001 0 0.4 0 0 0 0 0 0 0 0 0.4 0.2 0 0 1 0 0 0 0 0 0 0.4 0.4 0 0 0 0 0 0 0.4 0.4 0.8 8.6 0 0 0 0.4 0.6000000000000001 0 0 0.6000000000000001 0 3.2 0 0 2.2 0 0 4.6000000000000005 2.2 3.6 2.2 0.2 2.2 2.2 0 2.8000000000000003 0.4 7 0 6.6000000000000005 3 0 0.4 0 1.2000000000000002 0 0 0 0.2 0 0 0 0 0 0 0 0 1.2000000000000002 0 0 0 0 0 0 0 0 0.2 0 0 0 0 0 0 0 0 0 0 0 0 0 0 0 0.2 0 0 0 0 0 0.4 0 0 3.8000000000000003 0 0 1.4000000000000001 0 0 0 0 1.8 0 2.4000000000000004 0 1.4000000000000001 0.4 1.8 3.6 1.6 0.2 0 3 0.2 4.800000000000001 6.4 2 0 2.8000000000000003 2 0 8 3.6 0 0 0 0 0 0 0 0 0.4 0 0 0 0 0 0 0 0 0 0.4 0 0 0 0 0 0 2.2 0 0 0 0 0 0 0 0 0.4 0 0 0.2 0 0 0 0 0 0 0 0 0 0 0 0 0 0 0 0 0 0 0 0 0 0 0 0 0 0 0 0.4 0.2 0.2 0.2 0.6000000000000001 0 4.2 0 0.2 0 0 0 0 0 0 0 0 0 0 0 0 0 0 0 0.2 0 0 0 0 0 0 0 0 0 0 0 0 0 0 0 0 0 0 0 0 
 0.8 0 0 5.4 14.8 15 0.2 0 0 13 0 15.600000000000001 0 0.6000000000000001 0.2 0 0 0.2 0 0 0 103.4 30.8 51 4.800000000000001 11.8 22.8 41.6 25.400000000000002 10.200000000000001 8.8 5.4 26.8 30.8 27 50.800000000000004 30 37.6 64.60000000000001 38 0.2 0 0 0 0.8 0 0.4 0.6000000000000001 0 0.4 8.4 0 0.4 0 0 0.4 0 0.4 0.6000000000000001 0.4 0 0 0.2 0 0 0 0 0.2 0 0 0.6000000000000001 0 1.4000000000000001 0 0 0 0.6000000000000001 0.6000000000000001 0 0.6000000000000001 0 0 0 0 2 0 0 0 0 0.4 0 2.2 0 0 0 0 0 0 0 0 5 2.2 3.8000000000000003 3.8000000000000003 10.4 1.8 6.2 7.4 0 6 3.4000000000000004 0.8 0 2.2 1.8 6.2 3.2 6 2 0.2 0 0 0 0 0 0 2 0 0.2 0 0 0 0 0 0 0 0 0 0.6000000000000001 0 0 0 0 0 0.8 0 0 0 0 0 0 0 0 0 0 0 0 0 0 0 0 0 0 2.6 0.2 0 0 0 0 0 0.8 0.6000000000000001 0 0 0 0 0 1.2000000000000002 0 0 2 3.8000000000000003 3.2 1.4000000000000001 3.8000000000000003 0 0.2 0 2 0.8 0.4 2.4000000000000004 7.6000000000000005 4.4 0 3.2 3.8000000000000003 14.200000000000001 1.8 2.4000000000000004 0 0 0 0 0 0 0 0 0 0 0 0 0 0 0 6.6000000000000005 0 0 3.6 0 0 0 0 0 0 0 0 0 0 0 0 0 0 0 0 0 0 0 0 0 0 0 0 0 0 0 0 0 0 0 0 0 0 0 0.2 0.4 0 0.4 0 0 4 0 0 0 0 0 0 0 0 0 0 0 0 0 0 0.2 0 0 0 0.2 0 5.6000000000000005 0 0 0 0 0 0 0 0 
 1.2000000000000002 0.4 0.4 0.4 0.4 0.4 0.4 0.4 0.4 0.4 0.4 0.4 0.4 0.4 0.4 0.4 0.4 0.4 0.4 0.4 103.4 0 34.4 80 22.8 8.4 33 32.4 29.6 47.800000000000004 6.2 40.6 24.200000000000003 21 65.60000000000001 40.400000000000006 30.8 51.6 64.2 23 0 0 0.6000000000000001 0 1.4000000000000001 0 0.8 1 0 0.2 0.4 0.6000000000000001 11.4 0 0 0.2 0 0.8 14.600000000000001 15.600000000000001 0 3.2 1.2000000000000002 1.6 0 0 0.2 0.2 0 0 0 0 1 0 0 1 0.8 0.6000000000000001 0 0 0 0 0 0 0 0 0 0 0 0 0 0 0 0 0 0 0 0 0 0 1.4000000000000001 12 8.8 1 2.8000000000000003 3.2 2.4000000000000004 3.4000000000000004 16 5.2 4.4 3 0.2 2.2 0 4.4 1.6 0.2 0 0 0.2 0 0 0 0 0 2 0 0 0 0 0 0 9.200000000000001 0 0 0 0 0.2 0 0 0 0 0 0 0 0 3.6 0 0 0 0 0 0 0 0 0 0 0 0 0.6000000000000001 0 0 0 0 0 0.6000000000000001 0 0 0 0 1.4000000000000001 0 0 0 0 2.6 0 0 0 0 12.600000000000001 2.2 3.2 13.600000000000001 5.4 0 3 1.8 5.2 9.4 0.4 0 0.2 0.2 9.600000000000001 2 1.8 0 0 0 0 0 0 0 0 5 2 0 0 0 0 4.2 0.2 0 0 0 0 2.6 5.4 0 0 0 0 0 0 0 0 0 0 0 0 0 0 0 0 0 0 0 0 0 0 0 0 0 0 0 0 0 0 0 0 0 0 0.6000000000000001 0 0 30.400000000000002 0 0 0.4 2.8000000000000003 0 0 0 0 3.6 0 0 0 0 0 0 0 0 0 0 0 0 0 0 2.6 0 0 0 1.8 0.6000000000000001 0 0 0 
 0 0 0 0 0 0 0 0.4 0 0 0.4 0 0 0 0 0 0 0.4 0 0 30.8 34.4 0 34 23.8 25.400000000000002 35 49.2 47 25.200000000000003 8.4 49 39.2 13.8 25 52.800000000000004 5.4 30.8 7.4 16.2 0 0 0 0 0 0 0.2 0.4 0 0.2 0.2 0 0 0.2 0 0 0 0.4 0.6000000000000001 0 0 0 0.6000000000000001 0 0 0.4 0.4 0 0 0 0 0 0.6000000000000001 0 0.6000000000000001 0 0.6000000000000001 0.6000000000000001 0 0 0 0 0 0 0 0 0.2 0 0 2 0 0 0 0 0 0 0 0 0 0 0.2 0 0 0.2 2 2.8000000000000003 0.2 3.8000000000000003 0 8 2.4000000000000004 1.8 0 4.6000000000000005 0 0 2.6 0 0 0 0 0 0 0 0 0 0 0.2 0 0 0 0 3 1.8 0 0 0 0 2.8000000000000003 5.4 0 0 0.4 0 0 0.4 0 0 0 0 0 0 0 0 0 0 0 0 0 0 1 0 1.2000000000000002 0 0 1.6 0.8 0 0 0 3.8000000000000003 0 0 0 0 0 0.2 0.2 0.4 0 0 3 2.8000000000000003 4.2 6.6000000000000005 2 0 0 1.6 6.6000000000000005 0 0.2 4.2 3.6 4.4 2.4000000000000004 5.4 0 0 0 1.8 0 0 0 2.2 0 2.4000000000000004 0 0 0 0.2 2.6 2.6 2 0 0 0 0 3 3 0.2 0 0 0 0 0 0 0 0 0 0 0 0 0 0 0 0 0 0 0 0 0 0 0 0 0 0 0 0 0 0 0 0.4 0 1.8 0.4 0 1 15.4 0 2.6 0 0 0 0 0 0 0 0 0 0 0 0 0 0 0 0 0 0 3.8000000000000003 0 0 0 0 0 0 0 0 0 0 
 0.2 0.2 0.2 0.2 0.4 0.2 0.8 1.4000000000000001 0.2 0.4 0.2 0.2 0.8 0.8 0.2 0.2 0.2 0.4 0.4 0.4 51 80 34 0 55.400000000000006 12.4 21.400000000000002 58.2 43.400000000000006 45 31.400000000000002 32.2 13.8 18.2 110.80000000000001 36.6 18.400000000000002 27.8 11.8 18 0 0.4 0 0 0 0.2 13.4 0.6000000000000001 0 0 0 0 12.600000000000001 41.800000000000004 0 0.2 0 0.4 6.4 0.2 0 0 0.2 0 0 0 0 0.2 0 0 0 0 0.6000000000000001 0 0 0 1.8 0.6000000000000001 0 0 0 0 0 0 0 0 0 0 0 0 0 0 0 2.2 0 0 0 0 0 0 0 0 0 2.2 2 0 0.2 0 4.2 2 2.2 2.8000000000000003 0 2.8000000000000003 0 0 5 0 0 0 4.2 4.6000000000000005 0 0 0 0 7 3 1.6 0 0 0 0.2 2.6 0 0 0 0 0 2.2 0 0 0 0 0 0 0 0 0 0 0 0 0 0 0 0 0 0 0 0 0 0 3 0 0 0 0 0 0 0 0 0 1.4000000000000001 0 0 0 0 0 0 0 0 0 0 2.6 2.8000000000000003 0 0 0 0 1.6 2 2 0 0 1.8 0 0 0 0 0 0.2 0 3.6 0 0 0 0 0 0 0.2 3.4000000000000004 4.6000000000000005 9.8 0 0 0 1.8 0 0 6 0 0.4 0 0 0 0 0 0.2 0 0 1.6 4 0 0 0 0 0 0 0 0 0 0 2 0 0 0 0 0 0 0.4 0 0 0 0 3 0.4 1.2000000000000002 15.8 8.200000000000001 0.4 0.4 2.2 0.2 0 0 0 0 0 0 0 0 0 0 0 0 0 0 0 0 0 0 0 0 0 0 2.2 0 0 0 0 
 0 0 0 0 0 0 0 0 0 0 0 0 0 0 0 0 0 0 0 0 4.800000000000001 22.8 23.8 55.400000000000006 0 59.800000000000004 16.400000000000002 23 76 47.2 35.800000000000004 31.200000000000003 58.6 51.800000000000004 15.200000000000001 32.4 28 85.2 13.8 20.8 5.2 0 12.4 1.2000000000000002 3.4000000000000004 0 5 14.600000000000001 0 1.6 0 2 1.2000000000000002 0 2.2 1.8 1.6 0.4 2 0.4 0 0 0.2 0 0.4 0 0.8 1 0 0 1.4000000000000001 0.6000000000000001 0.6000000000000001 0.4 0 0 0.6000000000000001 0.6000000000000001 0.2 0 0 1.8 0 0 0 0 0.4 0 0 0 0 0 0 0 0 0 0 7.2 0 0 5.4 0.2 2.2 4.2 2.6 0 0 0 2.2 0 0.4 1.4000000000000001 0 0 2 0.2 2.4000000000000004 2 0 0 2.4000000000000004 4.6000000000000005 0.2 0 0 0 5.800000000000001 0.4 0.6000000000000001 0.2 0 0 0 0 1.8 3.2 0 0 2.8000000000000003 6 0 0 0 0 0 0 0 0 0 0 0 0 0 0 0 0 0 0 0 0 0 0.2 0 0.2 1.4000000000000001 0 0 0 0 0 0 0 0 0 0 0 0 0 0 0 2 0 2 2.4000000000000004 1.8 8.6 0 0 1.8 4 4.6000000000000005 0 0 0 0.6000000000000001 2.6 4.6000000000000005 2.4000000000000004 0 0 0 0 4 0 0 0 6.2 4.4 2 12.600000000000001 0.4 0.6000000000000001 2.2 0.2 0.2 0 0.4 0 0.2 2.6 0 0 0.2 0 0 0 0 0 0 0 0 0 0 0 0 0 0 2.2 0 0 0 0 2 0 0 0 0 0 0 0 0 0 0 0 1 0.2 0.4 17.2 15.200000000000001 0 0.2 1.8 0 0 0 0 0 0 0 0 0 0 0 0 0 0 0 0 0 3.4000000000000004 0 0 0 0 0 10 0 0 0 0 
 0.8 0 0 0 0 0 0.4 0 0 0 0 0 0 0 0 0 0 0 0 0 11.8 8.4 25.400000000000002 12.4 59.800000000000004 0 10.200000000000001 5.800000000000001 31.400000000000002 29.400000000000002 28 88.80000000000001 11.600000000000001 11.600000000000001 11 88.4 57.2 14.200000000000001 52 59.400000000000006 12.4 0 13.4 13 0 0 0.6000000000000001 14 0 2 0.4 0 4.2 0.8 7 1.4000000000000001 14.4 13 17 16.400000000000002 0 0 1.2000000000000002 0 0.8 0 0.4 1 0 0 1.6 0.8 1 1 0.4 0 1.2000000000000002 0.6000000000000001 0.4 0 0 0 0 0 0 0 0 0 0 0 0 0 0 0 0.4 0 0 0 0 0 0 0 1.6 4.4 2.8000000000000003 2.2 0 0 0.2 0 0 1.4000000000000001 0 0 0 0 6.6000000000000005 0 0 0 5.800000000000001 0.2 0 0 0 0 0.2 0 3 2.8000000000000003 2.2 0.2 7.4 0.2 3 2.6 1.6 3 4.800000000000001 2 0 0 0 0 0 0 0 0 0 0 0 0 0 0 0 0 0 0 0.2 0 0 0 0 0.6000000000000001 0.6000000000000001 0 0 0 0 0 0 0 0.2 0 0 0 0 0 0 0 0 0 0 0.2 0 7 2 0 0.4 2.2 0 3.6 0 0 1.6 0.2 0.2 0 0 0 3.8000000000000003 0.2 1.8 2.6 0 0 6.6000000000000005 5 4 5.6000000000000005 2 12.200000000000001 5.2 2 2 0 3.4000000000000004 0 1.8 1.8 0 0 0 0 0 0 0 0 0 0 0 0 0 0 0 0 0 0 0 0 0 0 2.8000000000000003 0 0 0.4 0 0 0 0 0 0 0 0 1.6 0 0 1 0 2.6 0.2 0 0 0 0 0 0 0 0 0 0 0 0 0 5.800000000000001 0 0 0 0 0 0 0 0 0 0 0.2 0 0 0 0 
 1 5.6000000000000005 0.6000000000000001 1 0.4 7.2 0.2 0.4 0.2 0.8 0.6000000000000001 0.4 0.4 1 16.6 1 0.4 0.6000000000000001 0.4 0.2 22.8 33 35 21.400000000000002 16.400000000000002 10.200000000000001 0 25.200000000000003 13.600000000000001 4.800000000000001 19.6 21.200000000000003 101.80000000000001 17.400000000000002 40.800000000000004 24.400000000000002 14.600000000000001 23.400000000000002 53.800000000000004 20.200000000000003 0.6000000000000001 0 2 0 0 0 1 0.4 0 0.2 0.2 40.6 0.4 0 0 0 1 1.2000000000000002 0.6000000000000001 0.2 0 1.4000000000000001 0.6000000000000001 2.8000000000000003 0 0 0.2 0 0.4 0.2 0 0.4 1.4000000000000001 0 0 0.8 1 0.6000000000000001 0 0 0 0 0.6000000000000001 0 0.4 0 0 0 0 0.4 2.8000000000000003 0 0 0 0 0 0 0 0 0 3 5.800000000000001 0.6000000000000001 1.2000000000000002 0 1.8 0 3.4000000000000004 14.600000000000001 7.6000000000000005 0 0 0 8.6 4.800000000000001 3.8000000000000003 0 1 0 0 0 0 0 0 0 0 0 0 0 0 0 0 0 0 0.2 0 0 0 0 0 2 0 0 0 0 0 0 0.2 0 0 0 0 0 0 0 0 0 0 0 0 1 0 0 2 1.6 4.800000000000001 1 0 0 0 0.4 0 0 0 0 0 0.2 0 1.4000000000000001 0 5 8 4.6000000000000005 2.6 2.4000000000000004 0 0 7.6000000000000005 2.2 0.2 3.6 0.4 9.200000000000001 0 0 5.800000000000001 3 0.2 0 0 0 0 0.2 0 2 0 0 0 0 0 0 0.4 4.4 0.2 0 0 0 0 2.6 0 0 4.2 0 0 0.4 0 0 0 0 0 0 0 0 0 0 0 0.2 0 0 0 0 0 0 0 0 0.2 0 0 0 0 0 0 0 2 1 0.4 0.6000000000000001 15.200000000000001 0 0 1 0 0 0 0 0 2.6 0 0 0 0 0 0 0 0 0 0 0 0 0 0 0 0 3.8000000000000003 0 0 0.6000000000000001 0 0 0 
 0 0 41.2 0.6000000000000001 0.2 0 0.4 0 0 15.200000000000001 0 0 0 0 0 0 0.2 0 0 0 41.6 32.4 49.2 58.2 23 5.800000000000001 25.200000000000003 0 53.400000000000006 8.8 23.8 16.2 44.2 30.400000000000002 29.400000000000002 9 5.6000000000000005 8.200000000000001 14 32.2 0 0 0 0 0 0.2 0 0.2 0 0.4 8.8 0 14.200000000000001 0 0 0 0 0.6000000000000001 0.6000000000000001 0.2 0 0 0.6000000000000001 0 2 0 0 1 0 0 15.200000000000001 1 0.6000000000000001 0 0 0.2 0.6000000000000001 1.6 0 0 0 0 0 0 0 0 0 0 0 0 0 0 0 0 0 0 0 0 0 0 5.800000000000001 0.2 3 2.8000000000000003 8.6 0 7 6 0 9.4 0.4 2.8000000000000003 5 3.6 12.8 0.6000000000000001 1.8 5.2 0 0 0 0 0 0 0 0 2 0 0 0 0 0 0 2.6 0 0 0 0 1.2000000000000002 1.4000000000000001 0 0 0 0 0 0 0 0 0 0 0 0 0 0 0 0 0 0 0 0 0 0 0 0 0 0 1 0 0 0 1.6 0 0 0 0 0 0 0.6000000000000001 1.6 0 3 4 1.6 2.4000000000000004 2.4000000000000004 3.8000000000000003 2 1.8 9.8 4.2 0.2 2.6 0 2.8000000000000003 8 0.4 0 8.4 0 0 0 0 0.2 0 0 0 2.4000000000000004 0 0 0 0 0 0 0 0 0 0 0 0 0.2 0 0 0 0 0 0 0 0 0 0 0 0 0 0 0 0 0 0 0 0 0 0 0 0 0 0 0 0 0 0 0 0 0 0 2 0 0 15.600000000000001 0 0.4 6.2 0.4 0 0 0 0 0 0 0 0 0 0 0 0 0 0 0 0 0 4.4 0 2.6 0 0 0 0 0 4.2 0 0 
 0 0.4 0 0 0.4 0 0.6000000000000001 0 0.2 0 0.2 0 0.2 0 0.4 0.4 0.4 0 0 0 25.400000000000002 29.6 47 43.400000000000006 76 31.400000000000002 13.600000000000001 53.400000000000006 0 42.400000000000006 7.6000000000000005 98.60000000000001 36.800000000000004 37.4 33.6 26 70.60000000000001 13 14 31.200000000000003 0.4 0 0 0 0 0 1.6 0.6000000000000001 0.4 0.2 8.4 0.8 11.4 0 0 0 0 0.4 0.6000000000000001 0.4 0.4 0 0.2 0.4 0 0 0 0.6000000000000001 0.6000000000000001 0 0 0 1.2000000000000002 0 0.4 0.6000000000000001 1.6 0.6000000000000001 0.4 0 0 0 0 0 0 0 0 0 2 0 0 0 0 0 0 0 0 0 0 0 0 0 0 4.2 2.8000000000000003 0 2.8000000000000003 3.4000000000000004 0 4.6000000000000005 0 2 2.2 8.6 0.2 0 5.800000000000001 2 0 0 0.2 0 0 0 0 1.8 2.6 0 0 2.2 0 0 0 4 0 0 0 0 0 4.2 0 0 0 0 0 0 0 0 0 0 0.4 0 0 0 0 0 0 0 0 0 0 0 0 0 0 0 1 0 0 0 2 0.2 0 0 0 0 0 0.6000000000000001 0.8 0 0 4.2 0.2 5 5 3 0.4 0 0.2 4.800000000000001 3.2 0 0 2.2 4.2 1.4000000000000001 0 0 0.4 0 0 0 0 0 0 0 2.2 0 0 0 0 3.8000000000000003 6.4 0 0 0 0.4 0.2 0 5.800000000000001 0 0 0 0 0 0.2 0 0 0 0 0 0 0 0 0 0 0 0 0 0 0 0 4.4 0 0 0 0 0 0 0 0 0 0 0 0.2 0.4 0 1.8 0.4 0.6000000000000001 4.4 2.8000000000000003 0 0 0 0 0 0 0 0 0 0 0 0 0.6000000000000001 0 0 0 0 3.8000000000000003 3.4000000000000004 0 0 0 0 0 0 0 0 0 
 0 0 0 2.2 0 0.6000000000000001 0 0 0 0 0.2 0 0 1.4000000000000001 0 0 0 0 0 0 10.200000000000001 47.800000000000004 25.200000000000003 45 47.2 29.400000000000002 4.800000000000001 8.8 42.400000000000006 0 20 51.6 27 24.400000000000002 37.4 41.800000000000004 10 23 60.6 42.2 0 0.2 0 0.4 1.6 0 7.800000000000001 8.4 0 0 0 0.8 27.200000000000003 0.8 0 0.4 0.6000000000000001 0 7.6000000000000005 26 0 0 0 0 0.4 0 0.4 0 0.2 0 0 0 0 0 1.4000000000000001 0 0 0 0 0 0 0 0.2 0 0 0 0 0 0 0 0 0 0 0 0 0 0 0 0 0 5.6000000000000005 0 3 0 11 5 4.2 0 14 2 10.4 7.2 0 2.4000000000000004 0 3.8000000000000003 5.6000000000000005 4.6000000000000005 0 0 4.800000000000001 9 0 0 0 0 3.2 0.2 0 0 0 0 3 3.6 3.6 0 0 0 3 8.6 0 0 0 0 0 0 0 0 0 0 0 0 0 0 0 0 0 0 0 0 0 0 0 0 0.2 0 0 0 0 0 0 0 0.8 0 0 0 0 0 0 0 0 0 0 4.4 6.6000000000000005 1.6 0 0 3.4000000000000004 0 10 6.6000000000000005 0 0 0 3 2.8000000000000003 3.6 0 0 0 0 2 0 0 0 0.4 2.8000000000000003 0 3.6 0 0 7.800000000000001 2.2 0 0 0 0 8 8.6 0 0 0 0 0 0 0 0 0 0 0 0 0 0 0 0 0 0 0 0.2 0 0 0 0 0 0.4 0 0 0 0.2 0 4.4 0 0 1.6 0 0 15.200000000000001 16.8 0 0.6000000000000001 0.6000000000000001 0 0 0 0 0 0 0 0 0 0 0 0 0 0 0 0 0 0 0 2.2 0 0 0.4 2.2 0 0 0 0 
 0 0 0 1.8 0.6000000000000001 0 0 0.2 0 0 0.2 0 0 0.2 0 0 0 0 0 0 8.8 6.2 8.4 31.400000000000002 35.800000000000004 28 19.6 23.8 7.6000000000000005 20 0 56 5.4 8 29.6 16.400000000000002 16.400000000000002 12.600000000000001 4.6000000000000005 26.400000000000002 0 0 0 0 0 0 32.4 0.4 0 0 0 0 24.200000000000003 12 0 0 0 2.8000000000000003 0.8 27 0 0 0.6000000000000001 0.4 0 0 0.2 0 0 0 0 0 0.6000000000000001 0 0 0.2 0.6000000000000001 0.6000000000000001 0 0 0 0 0 0 0 0 0 0 0 0 0 0 0 0 0 0 0 0 0 0 0 0 0 3.6 2.4000000000000004 0.2 0 3.6 0 0.4 3.2 2.4000000000000004 0 0 0 1.8 3.6 4.4 0 0 3.4000000000000004 3.6 5 0 0 0 8.200000000000001 2.4000000000000004 0.2 0 0 0 4 6.2 4.2 0.4 0 0.4 4.800000000000001 10.200000000000001 0 0 0 0 1.6 0 0 0 0 0 0 0 0 0 0 0 0 0 0 2 0 0 0 0 0.2 0 0 0 0 0 0 0 0.8 0.2 0 0 0 0 0 0 0 4.6000000000000005 0 0 7.800000000000001 4 0.4 0 0 1 3 17.400000000000002 0 0 0 0 0 2.6 0 0 2.8000000000000003 8.8 1.4000000000000001 2.8000000000000003 0 0 3.2 3 3 0 1.6 0 4.6000000000000005 3.4000000000000004 3.8000000000000003 0 0 0 5.6000000000000005 0 0 1.8 0 9 0 0 0 0 0 0 0 0 0 0 0 0 0 3.2 0 0 0 0 0 0 0 0 0 0 0 0 0 0 0.4 0 2.6 0.8 0 0.4 30.6 0 0.8 0.2 0.4 0 0 0 0 0 0 0 0 0 0 0 0 0 0.4 0 0 0 0 3.8000000000000003 0.2 0 0.4 0.2 0 0 0 0 
 0.6000000000000001 0.6000000000000001 0.4 2 0.4 0.4 0.6000000000000001 0.8 0.4 0.4 0.4 0.8 0.8 0.8 0.6000000000000001 0.8 0.4 0.6000000000000001 0.8 0.6000000000000001 5.4 40.6 49 32.2 31.200000000000003 88.80000000000001 21.200000000000003 16.2 98.60000000000001 51.6 56 0 6.2 49.2 25 80.2 32.6 30.200000000000003 4.6000000000000005 26.400000000000002 0 0 0.6000000000000001 0 0 0 0.2 1 0 0.4 0.2 0 13 0.2 0 0 0 0.4 0.6000000000000001 0.2 0 0.2 0.6000000000000001 0.6000000000000001 0 0 0.2 0 0.2 0 0 0 0.6000000000000001 0 2 0 1 0.6000000000000001 0.4 0 0 0 0 0 0 0 0 0 0 0 0 0 0 0 0.2 0 0 0 0.4 0 2.8000000000000003 0 0 4.800000000000001 5.6000000000000005 4 0 3.6 0 3.4000000000000004 0 4 0 0 5 0 3.4000000000000004 1.2000000000000002 0 0 4.4 2 0 0 0 0 0 0 0 0.4 0 0.4 0 10.4 0 0 2 0 0 6.800000000000001 0 0 0 0 0 0 0 0 0 0 0 0 0 0 0 0 0 0 0 0 0 0 0 0 0 0 0 0 0 0 0 0 0.4 0 0 0 0 0 0 0 2.4000000000000004 3.4000000000000004 5.6000000000000005 4.4 2.2 3.4000000000000004 0 0 0 5.800000000000001 6.4 0 0 0 12 0 2.2 3.2 0 2.6 3.6 0 0.2 0 0 0 2.6 0 0 0.4 0 2 4.2 0 0 0 0 0 0 7.4 0 0 0 0 0 0 0 0 0 0 0 0 0 0 0 0 0 0 0 0.4 0 0 0 0 0 0.2 0 0 0 0 0 0 0 0 1.8 0 0.4 29.8 15.600000000000001 0.4 0.6000000000000001 2.2 0 0 0 0 2.8000000000000003 0 0 0 0 0 0 5 0 0 0 0 0 3 0 0 0 0 0 0 1.8 0 0 0.2 
 0 0 0.4 0.2 0 0 0 0.6000000000000001 0 0.2 0 0 0 0 0 0 0 0 0 0.6000000000000001 26.8 24.200000000000003 39.2 13.8 58.6 11.600000000000001 101.80000000000001 44.2 36.800000000000004 27 5.4 6.2 0 33.2 31 8 64.60000000000001 20 78.60000000000001 40.2 0 0 0 0 0.6000000000000001 0 0.2 0.4 0 0.2 1.4000000000000001 0 0 0 0 0 0 0.4 1 0.4 0 0 0.4 0 0.2 0 0 0 0 0 0.4 0 0.6000000000000001 1 0 0 0.6000000000000001 0.6000000000000001 0 1.8 0 0 0 0 2.8000000000000003 2.2 0 0 15.200000000000001 0 2.4000000000000004 0 0 0 0 0 0 0 0 0 2.6 4 7.2 0 2.6 7.800000000000001 7.6000000000000005 6 1.4000000000000001 0 3.4000000000000004 1 0 4.4 0.2 4 0 0.2 5 3.6 0 0 0 0 0 0 0 0 0 0 0 0 0 0 0 0 0 0 0 0 0 0 0 0 0 0 0 0 0 0 0 0 0 0 0 0 0 0 0 0 1.2000000000000002 0 0 0 0 3.6 2.2 0 0 0 1 0 0 0 0 0 0 0.6000000000000001 5.6000000000000005 0 0 4.4 0 2.8000000000000003 0.2 2.2 2.4000000000000004 3.6 0.8 0 0.2 0 2.6 0.2 2.8000000000000003 9 13.600000000000001 2.2 0 2.6 0 0 0 0 0.2 0 0 0 0 0 0 0 0 0 0 0 0 0 3.8000000000000003 0 0 0 0 0 0 0 0 0 0 0 0 0 0 0 0 0 0 0 0 0 0 0 0 0 0 0 0 0 15.600000000000001 0 0 0 0 0 2.2 0 0 0 0 0 8.6 0.4 0 0 0 0 0 0 0 0 0 0 0 0 0 0 0 0 0 0 0 4.4 0 0 0 0 0 0 0 0 
