 0 55.6 32.800000000000004 38.6 6.2 6.2 40.400000000000006 48.800000000000004 27.200000000000003 8 25.8 8 37 10.8 24.8 18.6 28.6 5.4 36.6 11.8 0 0 0 0 0 2.4000000000000004 0.4 0.4 0.4 0 0.2 0.6000000000000001 0 0.4 0.2 0 0 0 0.4 0 0 0 0.4 0.6000000000000001 0 0 0 0 0 0 0 0 0 0.6000000000000001 0.4 0.6000000000000001 0 1 0 0 0 0 0 0 0 0.6000000000000001 0 0 0 0 0 0 0 0 0 1.2000000000000002 0 0 0 0 5.6000000000000005 1.6 4.800000000000001 2.4000000000000004 4.2 0 3.6 11 3.8000000000000003 0 0 2 5.2 1.6 0 9 5.2 9.200000000000001 4.6000000000000005 17 0 0 0 0 0 0 0 0 0.4 0 0 0 0 0 0 0 0 0 0 0 0 0 0 0 0 0 0 0 0 4.2 0 0 4 0 0 0 0 0 0 0 0 0 0 0 0 0 0 0 0 0 0 0 0 0 0 0 0 0 0 0 0.4 0 0.2 0.2 0.2 1.4000000000000001 6.800000000000001 0.2 6.800000000000001 2.8000000000000003 0 0 2.4000000000000004 2.6 2 0.2 7.2 2 3 2.4000000000000004 0 0 0 0 0 0.4 0 0 0 0 0 0 0 0 0 0 0 0 0 0 0 0 0 0 0 0 0 0 0.2 0.4 0 0 0 0.4 0 0 0 0.4 0 0 0 0 0 0 0.4 0 0 0 0 0 0.2 0 0 0 0 0 0 0.2 0 0 0 0 0 0 0 0 18 0.4 0.6000000000000001 9.4 0 2.8000000000000003 0 0 0 0 0 0 0 0 0 0 0 0 0 0 0 0 0 0 0 0 0 0 0 0 0 0 0 0 0 0 0 0 0 0 0 0 0 0 
 55.6 0 20.6 28.6 68.8 24 18.6 54.400000000000006 60.2 39.800000000000004 4.800000000000001 28.200000000000003 31.400000000000002 51.800000000000004 46 14.200000000000001 34.800000000000004 66.4 52.2 29.8 0 0 0 0 16.6 41.2 0.4 0.2 21.8 0 0.2 0.6000000000000001 0 0 0 19.6 0 0.4 0.4 0 0 0 0.4 0.6000000000000001 0 0 0 0 0 0 0 0 0 0.6000000000000001 0.6000000000000001 0.6000000000000001 0 12.8 0 0.2 0 0 0 0 0 0 0 0 0 0 0 0 0 0 0 0 0 0 0 0 0.4 0.2 1.8 3 5 5 2 4 15.200000000000001 0.4 8.8 1.6 3.6 7.800000000000001 8.200000000000001 8 0 2 0 7 0 0 0 0 0 0 0 0 0 0 0 0 0 1.4000000000000001 0 0 0 0 2 1.8 0 0 0 0 2.8000000000000003 0 0 0 0 0 0.2 0 0 0 0 0 0 0 0 0 0 0 0 0 0 0 0 0 0 0 0 0.4 0 0 0 0 0.2 0 0 0.4 8 0 1.8 1.6 0 2 1 5.800000000000001 4.800000000000001 9.8 3.4000000000000004 2 0 7.4 4.4 0.2 0 2.8000000000000003 0 2 0 0 0 3.2 0 0 0 3.2 0 0 0 0 0 0 0.2 0 0 0 0 2 0 0 0 0 0 0 0 0 2.8000000000000003 3.4000000000000004 0 0 0 0 0 0 0 0 0 0 0 0 0 0 0 0 0 0 0 0 0 0 0 0 0 0 0 0 0 0 0 0 0 0 0 0.2 0.8 0 0.6000000000000001 18.400000000000002 0 2.4000000000000004 0.4 0 0 0 0 0 0 0 0 0 0 0 0 0 0 0 0 0 0 0 0 0 0 1.4000000000000001 1.6 0 0 0 0 0 0 0 0 0 0 0 0 0 
 32.800000000000004 20.6 0 25.200000000000003 53 4.800000000000001 49.6 20.200000000000003 38.2 39.6 64.8 7.2 30.8 78.2 10 27.200000000000003 19.200000000000003 50.800000000000004 6.4 85.4 0 0 0 0.6000000000000001 0 0 9.200000000000001 0.2 0 0.4 0.4 0.6000000000000001 0 0 0 0.2 0 0 15.200000000000001 0 0 0 0.4 0.6000000000000001 0 0 0 0 0 0 0 0 0 0.6000000000000001 0.6000000000000001 0.6000000000000001 0 0.4 0 0 0 0.6000000000000001 0 0 0 0 0 0 0 0 0 0 0 0.6000000000000001 0 0 0 0 0 0 6.2 1 2.4000000000000004 8.4 0 0 7.4 0 1.6 6.2 3 8.200000000000001 0 5 3.4000000000000004 2.4000000000000004 2 4.2 4.2 4.6000000000000005 0 0 0 0 0 3.6 8.4 0 0 0 0 0 0.2 0 0 0 0 0 3 0 0 0 0 0 0 0 0 0 0 0 0 0 0 0 0 0 0 0 0 0 0 0 0 0 0 0 0 3.6 0 0 0 0 0 0 0 0 0 0 0 0 3 1.8 0 1.8 0 0 6.4 1.8 2.2 0 0 0 3.2 0.2 0 9.200000000000001 0 0 1.2000000000000002 2.2 3 0 0 0.4 0 0 0 0 0 0 0 0 0 6 4 0 0 0 1 9 0 0 0 0 0 0 0 0 0 0 0 0 0 0 0 0 0 0 0 4.800000000000001 0 0 0 0 0 0 0 0 0 0 0 0 0 0 0 0 0 0 0 0 0 0 0 0 0 0 0.2 0.4 0.2 17.8 0 1.6 0 0 0 0 0 0 0 0 0 0 2 0 0 0 0 0 0 0 0 0 0 0 0 3.4000000000000004 0 0 0 0 0 0 0 0 0 0 0 0 0 0 
 38.6 28.6 25.200000000000003 0 12.4 23.200000000000003 54.6 80 36 126.4 14.8 24.6 15 107.60000000000001 16.6 49.400000000000006 34.6 44.800000000000004 14 45 15.200000000000001 0 0 0.4 0 0 32 0.2 15.600000000000001 0 0.6000000000000001 18 0 14.4 0 0 0 0 33.2 0 0 0 0.4 0.6000000000000001 0 0 0 0 0 0 0 0 0 0.6000000000000001 0.6000000000000001 0.6000000000000001 0 0.4 0 0 0 0 0 0 0 0 0 0 0 0 0 0 0 0 0 0 0 0 0 0 0 0 4.4 13.600000000000001 0 0 5.800000000000001 6.2 6.4 0 5 4.2 1.8 0 6.800000000000001 3 2.8000000000000003 0 0 3.2 0 0.4 0 0 0 0 5.4 0 0 0 0 0 2.4000000000000004 2.6 2.2 0 1.6 0 2.2 3.6 0 0 0 0 0 0 0 0 0.4 0 0 0 0 0 0 0 0 0 0 0.4 0 0 0 0 0 0 0 0 0 0.4 0 0 3.8000000000000003 0 0 0 0 0 0 0 0.2 2.2 0 3.8000000000000003 1.8 0 0 5.800000000000001 3.8000000000000003 0.2 1.6 9 1.8 4.2 7.4 0 2.4000000000000004 0.4 4.4 0 2 5 2 0 0 0 2 1.4000000000000001 0 0 0 3 3.6 0 6.2 2.2 2.6 2.2 2.8000000000000003 5.2 0 0 0 0 0 0.2 0 0 0.2 0 0 0 0 0 0 0 0 0 0 0.4 0 0 0 0 0 0 0 0 2 0 0 0 0 0 0 0.2 0 0 0 1.4000000000000001 0 0 0 0 0 0.2 0.2 0 0 17.6 0.4 3.8000000000000003 0 0 0 0 0 0 0 0 0 0 0 0 0 0 0 0 0 0 0 0 0 0 0 0 0 0 0 0 0 0 0 0 0 0 0 0 0 0 
 6.2 68.8 53 12.4 0 27 52.6 40.2 41 82.60000000000001 23.6 45.6 14.8 37 16 19.8 42 51.400000000000006 13.600000000000001 27.200000000000003 14.600000000000001 0 0 0 0.4 0 7.800000000000001 0.2 0 0 0 0.6000000000000001 22.8 0 0 0 0.4 0.2 15.8 0 0 0 0.4 0.6000000000000001 0 0 0 0 0 0 0 0 0 0.8 0.2 0.6000000000000001 0 0.4 0 0.4 0.2 0 0 0 0 0 0 0 0 0 0 0 0 0 0 0 0 1.2000000000000002 0 0.4 0 0 0 0.2 9 8.200000000000001 2.4000000000000004 0 2 2 11.8 7.800000000000001 1.2000000000000002 1.4000000000000001 6.2 3.6 3.6 0 0 0 3 2 2.4000000000000004 0 0 0 2.4000000000000004 2.6 0 0 0 0 6.4 3.6 0.6000000000000001 0 0 0 10.8 0 0 0 0 0 0 0 0 0 0 0 0 0 0 0 0 0 0 0 0 0 0 0 0 0 0 0 0 0 0 0 0 0 0 0 0 0 0 0 0 0 3.8000000000000003 5 1.4000000000000001 5 0 5 0 0 3.4000000000000004 5 0 1.8 0 4.2 3.2 0.6000000000000001 0 5.6000000000000005 0 0 6.800000000000001 0 0 3.8000000000000003 0 0.8 0 3.8000000000000003 0 3.8000000000000003 0 0 6.800000000000001 1.2000000000000002 8.4 0 0 0 3 2.4000000000000004 0.2 0.4 0 0 0 0 0 0 0 0 0 0 0 0 0 0 0 0 0 4.4 0.2 0 0 0.2 0 0 0 0 0 0 0 0 0 0 0 0 0 0 0 0 0 2.6 0 0 0 1.2000000000000002 16.2 0.2 0.4 17.8 0.6000000000000001 1.8 0 0 0 0 0 0 0 0 0 0 2 0 0 0 0 0 0 0 0 0 0 0 0 2.8000000000000003 2.4000000000000004 0 0 0 0 0 0 0 0 0 0 0 0 0 
 6.2 24 4.800000000000001 23.200000000000003 27 0 4.6000000000000005 47.2 24 19 18 10.600000000000001 7.6000000000000005 23.6 46.400000000000006 34.2 82.2 18.2 9.600000000000001 69.8 14.8 16.2 7.800000000000001 0 0 0.4 21.6 5.6000000000000005 29.6 0 0.2 15.8 35.2 16 14.8 6 0 0 60.400000000000006 14.600000000000001 0 0 0.4 0.6000000000000001 0 0 0 0 0 0 0 0 0 1 0.6000000000000001 0.6000000000000001 0 0.6000000000000001 0 0.4 0 0 0 0 0 0 0 0 0 0 0 0 0 5.4 0 0 0 0 0 0 0 2.4000000000000004 0 0 5.800000000000001 5.800000000000001 2.6 0 0 0 1.8 0 2.4000000000000004 2 0 3 3 0 0 0 5.800000000000001 5.4 3.2 4.800000000000001 0 0 3.2 2.6 0 0 0 0 0.4 2.2 13 9.600000000000001 4.4 0 6.4 0.4 0 0 0 0 0 0 0 0 0 0 0 0 0 0 0 0 0 0 0 0 0 0 0 0 0 0 0 0 1.2000000000000002 1.2000000000000002 0 0 2 0 0 0 0 0 0 0 0 1.4000000000000001 5 3.6 3.6 0 0 4 0 2.4000000000000004 1.2000000000000002 6.2 0 0 0.8 0 0.2 4.2 0 1 0 2.8000000000000003 3.4000000000000004 0 0 0 4 0 2.4000000000000004 0 4 4.4 5.4 2 4.4 2 6.2 0.6000000000000001 0 5.4 0 0 0 0 0 0 0 0 0 0 0 0 0 0 0 0 0 0 0 2.8000000000000003 0 0 0 0 0 0 0 0 0 0 0 0 0 0 0 0 0 0 2.8000000000000003 0 0 1.2000000000000002 0 0 0 0.2 0 0 1.6 0.2 0 1.2000000000000002 0.8 0 0 0 0 0 0 0 0 0 0 0 0 0 0 0 0 0 0 0 0 0 0 0.2 4.4 0 0 0 0 0 0 0 0 0 0 0 0 0 
 40.400000000000006 18.6 49.6 54.6 52.6 4.6000000000000005 0 59 8.8 34.2 26 21.8 91.80000000000001 43 27.400000000000002 23.6 8 30.8 8.8 24.6 0.6000000000000001 13.4 0 0.4 0 0.4 0.6000000000000001 0.2 0 0.2 0.6000000000000001 0.6000000000000001 0.4 0.4 0.4 0.6000000000000001 0 0 1.2000000000000002 15.4 0 0.6000000000000001 0.4 0.6000000000000001 0 0 0 0 0 2.2 0.6000000000000001 0.4 0.2 0.6000000000000001 0.8 0.6000000000000001 0 0.4 0.6000000000000001 0 0.6000000000000001 0 0 0 0 0.2 0 0.6000000000000001 0.4 0 0 0 0.6000000000000001 0 0 0 0 0 0 0 7.4 0 6.2 5.800000000000001 1.8 0 3.8000000000000003 2.8000000000000003 9.8 3.2 7.2 0 3 2.4000000000000004 8.200000000000001 10.200000000000001 1 2.4000000000000004 4.6000000000000005 8.8 0 0 0 0 0.4 4 0 0 0 0 0 0 0 0 0 0 0 0 0 0 0 0 0 0 2.2 0 0 0 0.2 0 0 0 0 0 0 0 0 0 0 0 0 0 0 0 0 0 0 1.2000000000000002 0 0.2 0 0 0 0 0 0 0 0 0 0 2.2 0 0 0 0 0 7.4 5.6000000000000005 2.8000000000000003 0 2.8000000000000003 4.6000000000000005 4.2 5.4 2.8000000000000003 5.800000000000001 8.8 0.4 4.4 2 0 0 0.4 0 0 0 0 0 0.2 0 0 0 0 0 0 0 0 0 0.4 0 0 0 0 0 0 0.4 0 0 0 0 0 0 0 0 0 0 0 0 0 0 0 0 0 0 0 0 0 0 0 0 0 0 0 0 0 0.4 0 0 0 0 0 0 0 0 0 0 0 0.2 8.8 0.4 0.4 1.4000000000000001 0.2 0 0 0 0.2 0 0 0 0 0 0 0 0 0 0 0 0 0 0 0 0 0 0 0 7.4 0 0 0 0 0 0 0 0 0 0 0 0 0 
 48.800000000000004 54.400000000000006 20.200000000000003 80 40.2 47.2 59 0 54 7.6000000000000005 6.800000000000001 9.8 32.4 24.6 10.600000000000001 25.200000000000003 31.400000000000002 28.200000000000003 29.8 67 0 0 0 0 0 0.4 0.4 0.4 0 0 0.6000000000000001 0.6000000000000001 0 0 0 0 0 0.4 0.4 0 0.4 0.4 0.4 0.6000000000000001 0 0 0 12.200000000000001 0 0.6000000000000001 0 0 0 0.6000000000000001 0.6000000000000001 0.6000000000000001 0 0.4 0 0 0 0 0 0 0 0 0 0 0 0 0 0 0 0 0 0 0 0 0 0.4 3 4.2 3.2 9.600000000000001 9.8 4.2 3 2.4000000000000004 4.4 4.2 4.4 4.6000000000000005 6.4 2 4.6000000000000005 6.4 6 0 2.8000000000000003 0.6000000000000001 0 0 0 0 2 0 0 0 0 0 0 0 2.6 1.4000000000000001 0.2 0 0 0 0 0 0 0.4 0 0 3 0 0.4 0 0 0 0 0 0 0 0 0.4 0 0 0 0 0 0 2.8000000000000003 0 0 0 0 0 0 0 0 0 0 0 0 1.8 0 0 0 0 5.6000000000000005 0 2.2 0 0 2.2 3.6 0 7.4 2.4000000000000004 0 4 3.8000000000000003 5.800000000000001 10.8 8 4.4 2 1 5.2 0 0 3.2 0 0 0 0 0.4 0 0 0 0 0 0 0 0 0 0 0.2 0 0 0 0 0 0 0 0 0.2 0 0 0 0 0 0 0 0 0 0 0 0 0 0 0 0 0 0.4 0 0 0 0 0 0 0 0 0 0 0 0 0 0 0 0 0 0 0 0 2 0.4 0 0.4 0.4 1.2000000000000002 0 0 0 0 0 0 0 0 0 0 0.2 0 0 0 0 0 0 0 0 0 0 0 0 1.6 2 0 0 0 0 0 0 0 0 0 0 0 0 0 
 27.200000000000003 60.2 38.2 36 41 24 8.8 54 0 50.6 35.6 26.8 19.6 25.400000000000002 47.6 49.800000000000004 12.8 44.6 12.4 15.200000000000001 0 0.6000000000000001 0 0 0 0 22 0.4 0 0 0 0.6000000000000001 14.8 0.4 0 0 0 0.4 18.2 0 0 0 0.4 0.6000000000000001 0.6000000000000001 0 0 0.4 0 0.4 0 0 0 0.6000000000000001 0.4 1.2000000000000002 0.6000000000000001 0.4 0 0 0 0 0 0 0 0 0 0 0 0 0 0.2 0 0 0 0.6000000000000001 0 0 0 0.2 3.8000000000000003 5.2 4.800000000000001 4 2.2 3.4000000000000004 1.8 2 0 2.4000000000000004 1.4000000000000001 5 0.2 0 1.2000000000000002 0.2 5.4 3.8000000000000003 0.2 0 2.6 0 3.4000000000000004 0 1.4000000000000001 0 2.4000000000000004 0 0 0 0 0 2.8000000000000003 3.2 0 0 0 0 10.8 0 0 0.4 0 0 0 0 0.4 0 0 0 0 0 0 0 0 0.4 0 0 0 0 0 0 2.8000000000000003 0 0 0 0 0 0 0 0 0 0 0 0 0 0 0 0 0 0.2 6.2 8.8 4.4 6.800000000000001 4 0 2.2 0 5.4 0 2.2 0.2 0.2 3.6 2.6 0.2 4 0 0.2 1 0 0.2 0 0 0 0 3.6 0 0 0 0 5.2 0 8.4 0 0 0 3.4000000000000004 3 0 0 0 0 0 0 0 0.2 0 0 0 0 0 0 0 0 0 0 0 0 0 0 0 0 0 0.4 0 0 0 0 0 0 0 0 0 0 0 0 0 0 0 0.2 0 0 0 0.8 9.8 0 18.6 0.2 0 2 0 0 0 0 0 0 0 0 0 0 0 0 0 0 0 0 0 0 0 0 0 0 0 1.4000000000000001 2.2 2.4000000000000004 0 0 0 0 0 0 0 0 0 0 0 0 
 8 39.800000000000004 39.6 126.4 82.60000000000001 19 34.2 7.6000000000000005 50.6 0 31 22.200000000000003 19.400000000000002 44.800000000000004 37.4 70 10.4 26.8 13.8 56.800000000000004 5.800000000000001 11.4 0.4 0.2 0 0 32.2 1 10.8 0 0.6000000000000001 1.4000000000000001 0 0.4 0.6000000000000001 0 0.4 0.4 1.4000000000000001 0 0 13.4 0.4 0.6000000000000001 1 0 0.4 0.8 0 0.6000000000000001 0 0 0 0.6000000000000001 0.6000000000000001 0.6000000000000001 0.4 0.6000000000000001 0 0.6000000000000001 0 0.8 0 0.8 6.4 0.4 0 0 0 0.6000000000000001 0 0.4 0 0 0 0 0 1 0 0 0.4 0 0.2 2.8000000000000003 3.2 17.400000000000002 4.4 0 2 0 3.6 2 8 1.4000000000000001 3 6.2 0 0 0 0 0 3 0.2 0 0.4 0 6.2 0 0 8 0 0.4 5.4 3.8000000000000003 2.2 0 0.2 0 9.600000000000001 4.6000000000000005 0 0 0 0 0 0 3 0 0 0 0 0 0 0 0 0 0 0 0 0 0 0 3.6 0 0 0 0 0 0 0 0 0 0.6000000000000001 0 0 0 0 0 0 0 0 0.2 2.4000000000000004 5.4 3 0 0 6.4 3 2 3 6 0 2 3.4000000000000004 0.8 0.2 4.4 3.6 0 7.4 0 0.4 11.200000000000001 0 0 0 4 0 0 0 0 2.8000000000000003 0.4 6 0 2.4000000000000004 3.2 2.4000000000000004 11.8 0 0 0 0 0 0 0.2 0 0 0 0.4 0 0 0 0 0.4 0 0 0 0.2 0 0 0 0 0 0 0 0 0 0 0 0 0 0 0 0.4 0 0 0 0 0 0 0 0 0 1 0.4 0 0 9.600000000000001 0 1.6 0 2.6 0 0 0.4 0 0 0 0 0 0.8 0 0 0 0.4 0 0 0 0 0 0 0 0 0 0 0.2 0 0 0 0 0 0 0 0 0 0 0 0.4 
 25.8 4.800000000000001 64.8 14.8 23.6 18 26 6.800000000000001 35.6 31 0 26.8 10.4 59.400000000000006 39.6 37.800000000000004 45.6 18 8.200000000000001 13.8 29.400000000000002 14.8 0 0 0 0 17 0 14.8 41.6 0.2 15.4 10.200000000000001 0 0 0 0.4 0 30.400000000000002 0 0 0 0.4 0.6000000000000001 0 0 5.6000000000000005 0 0 0 0.2 0 0 0.6000000000000001 0.6000000000000001 2 0 0.4 0 0.4 0 0 0 0 0 0 0 0 0 0 0 10.200000000000001 0.6000000000000001 0.6000000000000001 0 0 0 0 0 0 3.6 4.6000000000000005 2.8000000000000003 8 2.6 0.2 5.800000000000001 5.4 2 9 2.6 10.4 0 0 0.4 2 5.4 2.6 1.6 0 3.4000000000000004 3.8000000000000003 2.4000000000000004 3 1.8 0 0.2 3 0 0 0 0 3.6 4.800000000000001 0.4 0 1.4000000000000001 0 0.2 2 0 0.2 0 0 0 0 0 0 0 0 2.8000000000000003 0 0 0 0 0.2 0 0 0 0 0 0 0 0 0 0 0 0.4 0 0 0 0 0 0 0 0 0 0 0 0 4.2 0.2 3.4000000000000004 3.6 4.2 5 0.6000000000000001 0 1.8 4.2 1.8 0 0.2 2.4000000000000004 4.2 2 3 1.4000000000000001 0.2 0 1.8 3 2 0 0 0 3.6 0 0 0 0 2.6 5.2 2.6 4.6000000000000005 0 0.2 0 7 0.2 0 0 0 0 0 0 0 0 0 0 0 0 0 0 0 0 0 0 0 0 0 0 0 0 0 0 0.2 0 0 0 0 0 0 0 0 0 0 0 0 0 0 0 5.6000000000000005 0 0 0.2 1.8 0 0.4 0 0 2 0 0 0 0 0 0 0 0 0 0 0 0 0 0 0 0 0 0 0 0 0 0 0 2.2 5.4 0 0 0 0 0 0 0 0 0.4 0 0 0 0 
 8 28.200000000000003 7.2 24.6 45.6 10.600000000000001 21.8 9.8 26.8 22.200000000000003 26.8 0 7.6000000000000005 6.2 8.4 27.400000000000002 35.4 86.60000000000001 3.6 5.6000000000000005 14 28 0.4 0.2 0.8 0.4 17.2 0 0.4 0 0.2 0.8 0.4 0.2 0 0 15.200000000000001 0.2 0.4 0 0 0 0.4 0.6000000000000001 0 0 0 0 0 0 0 0 0 0.6000000000000001 0.4 0.6000000000000001 0 0.4 0.6000000000000001 0.2 0 0 0 0 0 0 0 0 0.4 0 0 0 0 0.2 0 0 0 0 0.2 0 3 0 0 2.8000000000000003 0 10 0 2.2 3 3.8000000000000003 0.2 0 5.2 0 0 1 0 4.2 0 0 0 3.8000000000000003 0 3.2 0 0 2.2 4.2 0 0 0 0 10.4 0 2 5.6000000000000005 0 0 4.2 1.8 0 0 0 0 0 0 0 0 0 0 0 0 0 0 0 0 0 0 0 0 0 0 0 0 0 0 0 0 5.4 0 0 0 1.2000000000000002 0 0 0 0 0 0 0 1.6 0 0 0 0 3.8000000000000003 0 0 0 2.2 7.4 0.2 0 1.4000000000000001 0 1.2000000000000002 2.6 2.6 0 0 9 0 0 0 0 3.6 2.2 4.4 0 0 0 0 1 3 0 0 0.6000000000000001 6.800000000000001 2.6 0.2 0 0 0 0 0 0 0 0 0 0 0 0 0 0 0 0 0 0 0 0 0 0 0 0 0 0 0 0 0.2 0 0 0 0 0 0 0 0 0 0 0 0 0 0 0 0 0.4 0.4 0.4 0.6000000000000001 0 3.4000000000000004 4.800000000000001 0 0.2 0 0 0 0 0.4 0 0 0 0 0 0 0 0 0 0 0 0 0 0 0 0 0.4 0 0 0 0 0 0 0 0 0 0 0 0 0 0 
 37 31.400000000000002 30.8 15 14.8 7.6000000000000005 91.80000000000001 32.4 19.6 19.400000000000002 10.4 7.6000000000000005 0 29.6 10.4 26.6 10.600000000000001 26.6 56.800000000000004 37.6 0 0 0 0 0 0.4 0.4 0.2 0.4 0 0.4 1.2000000000000002 0 0.4 0 0 0.2 0 0.4 0.4 0.2 0 0.4 0.6000000000000001 0 0 2 1.8 0 0 0 0.4 0.2 1.2000000000000002 0.4 0.6000000000000001 0 0.4 0 4.2 0 0.8 0 0 0 0 0 0.8 0 0 0 0 0 0 0 2.2 0 0 6.2 0 5.4 1.2000000000000002 6.6000000000000005 3.8000000000000003 0 0 2 4.800000000000001 6.4 0 3.4000000000000004 7.4 4.2 1.4000000000000001 6.2 6.2 5.6000000000000005 2.6 0 4.2 0 0 0 2.2 0 0 0 0 0 0 0 0 0 0 0 0 0 0 0 0 0 0 0 0 0 0 0 0 0 0 0.2 0 0 0 0 0 0 0 0 0 0 0 0 0 0 0 0 0 0 0 0 0 0 0 0 0 0.2 0 0 0 0.2 0 0.4 0 0 0 0 3.6 3.6 0.6000000000000001 0 2.8000000000000003 4 9.600000000000001 2.8000000000000003 0 3.2 0 7.4 2.4000000000000004 0 0 0 0 0 0 0 0 0 0 0 0 0.2 0 0 0 0.4 0 0 0 0 0 0 0 0 0 0 0 0 0 0 1.4000000000000001 0 0 0 0 3.2 0 0 0 0 0 0 0 0 0 0 0 0 0 0 0 0 0 0 0 0 0 0 0 0 0 0 0 0 0.4 0.2 0.2 0 9.8 0 1.4000000000000001 0 0 0 0 0 0 0 0 0 0 0 0 0 0 0 0 0 0 0 0 0 0 0 0 0 0 0 0 0 0 0 0 0 0 0 0 0 0 
 10.8 51.800000000000004 78.2 107.60000000000001 37 23.6 43 24.6 25.400000000000002 44.800000000000004 59.400000000000006 6.2 29.6 0 54.400000000000006 9.4 11.600000000000001 51.2 81.80000000000001 66.4 0 0.4 0 0 0 0 0.4 0.6000000000000001 0 0 0.4 0.6000000000000001 0 0 0 0.2 0 0 0.4 0 0 0 0.4 0.6000000000000001 0 0 0 0 0 0 0 14 0 0.6000000000000001 0.6000000000000001 0.6000000000000001 0.2 0.4 0 0 0 0 0 0 0 0 0 0 0 0 0 0 0 0 0 0 0 0 0 0 5.6000000000000005 0 3 6.4 3.2 2.8000000000000003 13 0 7.2 1.6 14.8 0 9 6.6000000000000005 11 20.400000000000002 0 1.8 2.8000000000000003 0.6000000000000001 0 0 1 0 0 0 0 0 3.6 0 0 0 0 5.2 0 0 0 0 2.2 0 2.2 0 0 0 3 0 1.2000000000000002 0 0 7.4 0 0 0 0 0 0 0 0 0 0 0 0 0 0 0 0 0 0 0 0 0 0 0 0 0.2 0 2.2 0 0 0 4 4.4 2.4000000000000004 1.8 2 0 7.6000000000000005 7.2 4.4 0 0.2 2.8000000000000003 0.2 0 3 6.6000000000000005 0 2.2 2.6 1.2000000000000002 0.2 0 0 0 0 0 0 0 0 0 0 0 0 0 2.8000000000000003 0 0 0 0 5.4 0 0 0 0 0 0 0 0 0 0 0 0 0 0 0 0 0 0 0 0 0 0 0 0 0 0 0 0 0.4 0 0 0 0 0 0 0 0 0 0 0 0 0 0 0 0 1.2000000000000002 0.2 0.2 0.4 9.4 0.4 4 0.4 0 0 0 0 0 0.4 0 0 0 0.2 0 0 0 0 0.4 0 0 0 0 0 0 0 1.8 0 0 0 0 0 0 0 0 0 0 0 0 0 0 
 24.8 46 10 16.6 16 46.400000000000006 27.400000000000002 10.600000000000001 47.6 37.4 39.6 8.4 10.4 54.400000000000006 0 55.400000000000006 50.800000000000004 24.8 31.200000000000003 26 0.8 0 0.2 0.2 0 0 0.4 0.2 0 0 0.2 0.6000000000000001 0.6000000000000001 0 0.4 0 0 0 15.4 0 0 0.4 0.4 0.6000000000000001 0 0.6000000000000001 0 0 0 0 0 0 0 1 0.6000000000000001 0.6000000000000001 0.2 0.8 0 0.2 0 8.200000000000001 0 0 0 0 0.2 0.2 0 0 0 7.2 0.2 0 0.6000000000000001 0 0 0 0.4 0 3.6 3.8000000000000003 3.4000000000000004 9.200000000000001 5.800000000000001 2.2 2 3.2 0 3.2 3.2 4.4 0 0 4.2 3.6 2.6 2.2 0 0 1.4000000000000001 2.4000000000000004 0 0 0 0 2 0.4 1.6 0 0 0 3 2.2 0 0 0 0 4.4 0 0 0 0 0 3.2 0 4.6000000000000005 0 0 1.6 0.8 0 0 0 0 0 0 0 0 0 0 0 0 0 0 0 0 0 0 0 0 0.4 0 0 0 0 0 0 0 0 0 4 8.8 2 13.4 4 0 0.8 0.2 2.2 2.2 4.2 0 0 7 0 2.2 4.4 1.4000000000000001 0 0 0 0 0 0 0 0 0.8 0 0 0 0 4.6000000000000005 0 3.6 0 0.2 0 0.2 5.6000000000000005 0 0 0 0 0.4 0 1 0 0 0 0 0 0 0 0 5.2 0 0 0 0 0 0 0 0 0 0 0 0 0 0 2.4000000000000004 0 0.2 0 0 0 0 0 0 0 0 0 0 0 0 0.4 9.200000000000001 0.4 19.200000000000003 17.6 3.6 1.8 0 0 0 0 0 0 0 0 0 0 0 0 0 0 0 0 0 0 0 0 0 0 0 0 7.4 5.6000000000000005 0 0 0 0 0 0 0 0 0 0 0 0 
 18.6 14.200000000000001 27.200000000000003 49.400000000000006 19.8 34.2 23.6 25.200000000000003 49.800000000000004 70 37.800000000000004 27.400000000000002 26.6 9.4 55.400000000000006 0 40.800000000000004 28.8 6.2 22.8 0.2 0 0 0 0 0.4 0.4 0.4 0 0 0.4 1.4000000000000001 0.4 0 0 0 0 0 5 0 0.4 0.4 0.6000000000000001 0.6000000000000001 0 0 0 0 0 0.4 0 0 0 0.6000000000000001 0.4 0.6000000000000001 0 0.4 0 0.2 0 0 0 0 0 0 9.4 0 0 0 0 0 0 0 0 9.4 0 0 0 0.4 4.4 3.4000000000000004 6.4 4 5.800000000000001 3.8000000000000003 6.2 2.6 5.4 0.4 4 3.8000000000000003 4.2 0.2 0 3.2 2.4000000000000004 3.8000000000000003 0 0 0 0 0 0 0 0 0.4 0 0 0 0 0 0.2 0 0 0 0 0 4.6000000000000005 0 0 0 0 0 0 0 0 0 0 0 0 0 0 0 0.2 0 0 0 0.4 0 0.4 0 0 0 0 0 0 6.4 0 0 0 0 0 0 0.2 0.2 0 0 0 0 0 1.6 2 0 2.2 1.8 0 4.800000000000001 0 3.2 2.4000000000000004 1.8 2.6 2.8000000000000003 3.6 7 9 6.2 3.8000000000000003 0 1.6 0 0 0 0 0 0 3 0 0 0 0 3.2 0 6.800000000000001 0 0 0 2.8000000000000003 7.800000000000001 0 0 0 0 0 0 0 0 0 0 0 0 0 0 0 0 0 0 0 0 0 0 1.4000000000000001 0 0 0 0 0 0 0 0 2 0 0.2 0 0 0 0 0 0 0 0.4 0 0 0 0.6000000000000001 17 0 17.8 0.2 2.6 2.4000000000000004 0 5.6000000000000005 0 0 0 0 0 0 0 0 0 0 0 0 0 0 0 0 0 0 0 0 0 4.2 0.2 0 0 0 0 0 0 0 0 0 0 0 0 0 
 28.6 34.800000000000004 19.200000000000003 34.6 42 82.2 8 31.400000000000002 12.8 10.4 45.6 35.4 10.600000000000001 11.600000000000001 50.800000000000004 40.800000000000004 0 28 6 41 0 0 0 1.6 0.8 0 0.4 0.4 0.2 14.600000000000001 0.2 0.6000000000000001 0 0 0 0 0 0 1 0 0 0 0.4 0.6000000000000001 0 0 0 0 0 0 6 0 0 0.6000000000000001 0.6000000000000001 0.6000000000000001 0 0.4 0 0.8 0 0.6000000000000001 0 0 0 0 0 0 0 1 0 0 0 0 0 0 0 1 0 0.2 3.8000000000000003 3.2 3 5.800000000000001 8 6.4 5.2 2.2 2 2.2 7.6000000000000005 7 5.800000000000001 5.4 5.800000000000001 4 3.8000000000000003 2.2 0.4 0 0 0 0 0 0 0 0 0 0 0 0 0 2.6 1.4000000000000001 0 0 0 0 5 0 0 0 0 0 0 0 0 0 0 0 0 0 0 0 0 0 0 0 0 0 0.4 0 0 0 0 0 0 0 0 0 0.4 0 0 0 0 0 0 0 0 0 3 1 6 3.2 4.4 3.8000000000000003 0.4 2 2.4000000000000004 4.6000000000000005 2 4 0 2.8000000000000003 9 1 3 7.6000000000000005 1 0 0 0 0 0 0 0 0 5 0 0 0 0 0 0 4.4 0 0 0.2 0 5.6000000000000005 0 0 0 0 0 0 0 0 0 0 0 0 0 0 0 0 0 0 0 0 0 0 0 0.4 0 0 0 0 0 0 0 0.4 0 0.2 0 0 0 0 0 0 0 0 0 0 0 0.2 10.200000000000001 0 17 9.200000000000001 2.6 1.4000000000000001 0 0 0 0 0 0 0 0 0 0 0 0 0 0 0 0 0 0 0 0 0 0 0 2 6.800000000000001 0 0 0 0 0 0 0 0 0 0 0 0 0 
 5.4 66.4 50.800000000000004 44.800000000000004 51.400000000000006 18.2 30.8 28.200000000000003 44.6 26.8 18 86.60000000000001 26.6 51.2 24.8 28.8 28 0 6.4 23.6 30.400000000000002 15.200000000000001 0 0 1 0 5.800000000000001 0.4 0 0 0 0.6000000000000001 7 0 0.6000000000000001 0 0 0 15.200000000000001 0 0 0 0.4 0.6000000000000001 0 0 0.8 0 1.2000000000000002 0 1 0.6000000000000001 0 0.6000000000000001 0.6000000000000001 0.6000000000000001 0 0.4 0 0.4 0 1.4000000000000001 0 0.4 0.4 0 0 0 0 0.4 0 0 0 0.2 0 0.8 0 0 0 0 0 0 0 2.6 5.2 11.200000000000001 2.6 0 2.4000000000000004 4 1.4000000000000001 1 6.4 1.4000000000000001 0 6.800000000000001 2.8000000000000003 0.2 0 3.8000000000000003 3.6 0 1.2000000000000002 0 0 0 0 3 0 0 0 0 3 1.6 0 0 0.2 0 5.6000000000000005 0 0.4 0 0 0 0 0 0 0 0 0 0 0 0 0 0 0 0 0 0 0 0 0 0 0 0 0 0 0 0.4 0 0 0 1 0 0 0 0 0 0 0 2.2 0.6000000000000001 5 9.600000000000001 7.2 0.2 0.2 5.800000000000001 0 4.800000000000001 5.4 3.2 2.8000000000000003 3 2.4000000000000004 0.8 4.2 7.800000000000001 2.2 2.6 1.6 1 0 0 0 0 0 3.4000000000000004 0 0 0 0 3.6 1 6.2 0 2 0.2 0.2 5.2 0 0 0 0 0 0 0 0 0 0 0 0 0.2 0 0 0 0 0 0 0 0 0 1.4000000000000001 0 0 0 0 0 0 0 0 1.4000000000000001 0 0 0 0 0 0 0 0 0 0 0 0 0 0 0.2 0 0.2 9 0 1 0 3.2 0 0 0 0 0 0 0 0 0 0 0 0 0 0 0 0 0 0 0 0 0 0 3.8000000000000003 3.4000000000000004 0 0 0 0 0 0 0 0 0 0 0 0 
 36.6 52.2 6.4 14 13.600000000000001 9.600000000000001 8.8 29.8 12.4 13.8 8.200000000000001 3.6 56.800000000000004 81.80000000000001 31.200000000000003 6.2 6 6.4 0 57.6 0 0 0 0 7.6000000000000005 0 0.4 0.4 0 0 0.4 0.6000000000000001 0 0 0 0.2 0 0 1 0 6.6000000000000005 0 0.4 0.6000000000000001 1.2000000000000002 0 0 0 0 0 0 0 0 0.6000000000000001 0.6000000000000001 1 0.8 0.4 0 0.4 0.8 0.4 0.6000000000000001 0 0 0.8 0 1.4000000000000001 0 0 0 0 0 0 0 0 0 0.2 0 0 2.8000000000000003 4 2.2 0 0 0 0 2.2 1.8 0.2 0 0 3.2 5.2 0 0 0 0.2 2.2 2 0 0 0 0 0 0 0 0 0 0 0 0 0 4.800000000000001 0 0 0 0 0 0 0 0 6.4 0 0 0 0 0 0 0 0 0 0 0 0 0 0 0 0 0.4 0 0 0 0 0 0 0 4.800000000000001 0 0 0 0 0 0 0 0 0 0 0 0 1.2000000000000002 2.6 0 0 0 0 2.6 4.4 0 0 0 0 2.2 0 0 0 0.6000000000000001 0 0 2.6 0 0 0 0 0 0 0 0 0 0 0 0 0 0 0 0 0 0 0 0 0 0 0 0 0 0 0 0 0 0 0 0 0 0 0 0 0 0 0 0 0 0 0 0 0 0 0 0 0.4 0 0 0 0 0 0 0 0 0 0 0 0 2 0 0 0 0 0.2 0 0 0 0.4 1.6 0 0 0 0 0 0 0 0 0 0 0 0 0 0 0 0 0 0 0 0 0 0 0 0 0 0 0 0 0 0 0 0 0 0 0 0 0 0 
 11.8 29.8 85.4 45 27.200000000000003 69.8 24.6 67 15.200000000000001 56.800000000000004 13.8 5.6000000000000005 37.6 66.4 26 22.8 41 23.6 57.6 0 0 0 1 0.8 0.6000000000000001 0 0.4 0.4 0 0 0.2 1 0 0.4 0.4 0.4 0.6000000000000001 0.4 0.4 0 0.4 0.6000000000000001 0.4 0.6000000000000001 0.4 0.4 0 0.8 0.4 0 0 0 0 0.6000000000000001 2 0.6000000000000001 0 0.4 0 0 0 0 0.6000000000000001 0 0.6000000000000001 0 0.4 0 0.6000000000000001 0.6000000000000001 0 0 0 0.4 0 0 0.2 0 0 0 0 0 3.2 3.6 1.8 2.4000000000000004 3.6 1.6 4.2 0 10.4 0 3.2 5 9.8 9.200000000000001 0.2 0 0 8.8 0 0 0 0 0 0 0 0 0 0.2 0 2.4000000000000004 0 0 0.2 0 0 0 2 0 0 0.4 0 0 0 0 0 0 0 0 0 0 0 0 0.2 2.8000000000000003 0 0 0.4 0 2.8000000000000003 0 0 0 0 0 0 0 0 0 0 0 0 0 0 0 0 0 0 6.800000000000001 2.4000000000000004 0 2.2 4.800000000000001 0 0 2 7.4 4.2 3.2 3.8000000000000003 2.2 4.800000000000001 0.4 2.2 4.2 0 5 2.6 3.6 0 0 0 0 0 0 0 0 0 0 0 0 0 0 1 0 0 0 0 6.2 0 0 0 0 0 0 0 0 0 0 0 0 0 0 0 0 1.6 0 0 0 0 0 0 0 0 0.4 0 0 0 0 0 0.2 0 0 0 0 0 0 0 0 0 0.4 0 0 0 0.4 0.8 0.4 0.4 17.400000000000002 0 3.8000000000000003 0 0 0 0.4 0 0 0 0 0 0 0 0 0 0 0 0 0 0 0 0 0 0 0 0 0 3 0 0 0 0 0 0 0 0 0 0 0 0 
 0 0 0 15.200000000000001 14.600000000000001 14.8 0.6000000000000001 0 0 5.800000000000001 29.400000000000002 14 0 0 0.8 0.2 0 30.400000000000002 0 0 0 17 32 51.6 8.4 7.6000000000000005 26.8 8.6 10.8 7.800000000000001 63.400000000000006 5.800000000000001 44 25.200000000000003 23.400000000000002 13.200000000000001 6.4 35.6 15 55.400000000000006 0 0.4 1.4000000000000001 0 0.6000000000000001 0 0 0.6000000000000001 0 0 1.6 0 0 0.8 0 0 0 0.4 0 13 0 0.6000000000000001 0 0 0.6000000000000001 0 0 0.6000000000000001 0 0 0 0 0 0 0 0 0 0.6000000000000001 0 0.6000000000000001 0 0 0.2 0 2.2 2.6 0 0 0 1.2000000000000002 0 1.8 0 0 0 0 0 0 0 0 7.6000000000000005 0 5.4 1.8 6.800000000000001 0 2.2 6.6000000000000005 3.6 2 2.2 2 7.2 3.8000000000000003 5 0.4 7.6000000000000005 2.6 0.4 0 0 0 0 0 0 0 0 0 0 0 0 0 0.4 1.4000000000000001 0 0 0 0 0 0 0 0 0 0 0 0 0 0 0 0 0 0 0.6000000000000001 0 0 0 0.4 0 0 0 0 0 0 2.2 0 0.8 0 0 0.6000000000000001 2.4000000000000004 2.6 0 0 2.6 0 0.2 4.4 2.4000000000000004 0 3.6 9.600000000000001 4.2 4.2 13.4 0 0 2 4 0.2 11 2.8000000000000003 1.2000000000000002 0 4.4 3.8000000000000003 11 7.800000000000001 7.2 0 6 0 0 0 0 0 0 0 0 0 0 0 0.4 0 0 0 0 0 0 0 0.4 0 0 0 0 0 0 0 0 0 0 0.4 0 0 0 0 0 0 0 0 0 0 0 0 0 0 0 0 0 0 0 0 0 0 0 0 0 0 0 8.8 0.4 1.2000000000000002 0 0.4 0 0 0 0.8 0 0 0 0 0 0 0 0 0 0.2 1.2000000000000002 0 0 0 0 0 0 0 0 0 0 0 1.4000000000000001 
 0 0 0 0 0 16.2 13.4 0 0.6000000000000001 11.4 14.8 28 0 0.4 0 0 0 15.200000000000001 0 0 17 0 66.2 28 40.400000000000006 23 45.800000000000004 71.2 35.2 10.4 23.400000000000002 25 27.8 26.8 44.2 21 47.2 10 75 19.200000000000003 0.6000000000000001 12.8 0.4 0 0.4 0.6000000000000001 12.8 0.6000000000000001 0.4 0.4 1.2000000000000002 0 17 2 0 0 0.4 0.6000000000000001 0 0.4 0 0.4 0 0.4 0.6000000000000001 0.2 0 0.4 0 0 0 0.4 0 0.2 0 0 0.2 5.6000000000000005 0 0.6000000000000001 0 0 0.4 0 0 0 0 0 0 0 0 0 0 0 0 0 0 0 0 0 2.8000000000000003 8.8 0 22.200000000000003 0 1.6 0 9.4 1.8 2.4000000000000004 0 0 3.6 0.2 4.4 9.4 2.2 2.2 2.8000000000000003 7.6000000000000005 0 0 0.2 0 0 0 0 0 0 0 0 0 0 0 0 0 0 0 1 0 0.2 0 0 0 0 0 0 0 0.2 0.4 0 0 0 0 0 0 0.2 0 0 0 0 0 0 1.2000000000000002 0 4 0 0 0 0.2 1.8 0 0 0 0 0.4 0 0 0 0 2.2 2.2 0.8 1.4000000000000001 1.8 2.2 8.4 2.2 2.2 0 2.8000000000000003 1.6 2.2 4.2 0 0.2 2.6 3.8000000000000003 5.4 0 0 0 0 0 0 0 0.2 0 0 0 0 0 0 0 0 0 0 0 0 2.4000000000000004 0 0 0 0 0 0 0 0 0 0 0.2 0 0 0 0 0 0 0 0 0 0 0 0.6000000000000001 0 0 0 0 0 0 0 0 0 0 0 0.4 0 0 0.2 0 0.4 0 0.2 0 0 0 0 0 0 0 0 0 0 0 0 0 0 0.2 0 0 0 0 0 0 0 0 0 0 0 0 0 
 0 0 0 0 0 7.800000000000001 0 0 0 0.4 0 0.4 0 0 0.2 0 0 0 0 1 32 66.2 0 25.200000000000003 68 20.200000000000003 16.8 18.400000000000002 13.8 34 69.60000000000001 10.4 27 45.800000000000004 38.2 13.200000000000001 111.2 9.4 28.400000000000002 42.400000000000006 0.8 0 0.4 0 0.6000000000000001 0 12.8 1.4000000000000001 0 0 0 0 13.4 1 0 0.8 0.8 0.4 0 0.4 0 0.4 1.2000000000000002 0 0.6000000000000001 0 0 0.4 0 0.6000000000000001 0 1.2000000000000002 0 0.8 0 0 0 0.6000000000000001 0.8 1.4000000000000001 0 0 0 0 0 2 0 2.8000000000000003 0 0 0 0.4 0 0 0 0 0.2 0 0.2 0 0.2 0.4 0 2 1 0 1.6 4.6000000000000005 2 3.4000000000000004 0.2 0 0 2.4000000000000004 6.4 0 1.8 6.800000000000001 0 3.6 0 0 0 0 0 0 0 0 9.600000000000001 0 0 2.4000000000000004 1.4000000000000001 0 0 0 0.4 0 1.8 0 0 0.4 0 0 0 0 0 0 1.4000000000000001 0.2 0 0 0 0 0 0 0 0 0 0 0 0 0 0 1.6 1.8 0 0 3.6 0 0 0 0 0 0 0 0 0 0 0 0 0.2 0 0.6000000000000001 0 2 2.4000000000000004 0.2 6.6000000000000005 2.4000000000000004 1.8 3.4000000000000004 5.6000000000000005 0.2 2.4000000000000004 0 3.6 0.2 6.4 0 0 0 0 8.200000000000001 0 0 0 0 0 0 0 0 0 0 0 0 0 0 0.4 6.2 0 3.2 0 0 0 0 0 0 0 0 0 0 0 0 0 0 0 0 0 0 0 2 0 0 0 0 0 0 0 0 0 0 0 0 1.2000000000000002 0 0.2 30.6 0 0 0.2 3.2 0 0 0 0 0 0 0 0 0 0 0 0 0 0 0 0 0 1.6 0 0 0 0 0 0 0 0 0 0 
 0 0 0.6000000000000001 0.4 0 0 0.4 0 0 0.2 0 0.2 0 0 0.2 0 1.6 0 0 0.8 51.6 28 25.200000000000003 0 36.6 11.600000000000001 23.200000000000003 29 65.60000000000001 48.800000000000004 16 19.400000000000002 56.6 14.600000000000001 13.4 52 10 27.400000000000002 17.8 26.400000000000002 13.8 0 0.6000000000000001 0 0.6000000000000001 0 0.6000000000000001 1.2000000000000002 0 0 0 0.4 15.4 16.2 0.6000000000000001 12.4 0.2 0.4 5.6000000000000005 4.2 0 1 0 0.2 4 1 0 0.6000000000000001 0.2 0.2 0 0 0 0.2 0 0 0.2 0.6000000000000001 0 1.2000000000000002 0 0 0 0 0 0.4 0 0 0 0 0 0 0 0 0 0 0 0 0 1.6 0.2 0.2 0 0.2 0 8.200000000000001 0.2 0 7.6000000000000005 1.6 1.8 7.6000000000000005 0 0 0.4 1.2000000000000002 0 3.6 0.2 2.8000000000000003 2.4000000000000004 0 0.8 0 0 0 4.2 0 2 0 0 0 2.2 0 0.4 0 0 0 1.8 0 0 0 0 0 3.8000000000000003 0 1.6 0 0.8 0 0.2 0 0 0.2 0 0 0 0 0 0 0 0 1 0.2 2.4000000000000004 0 0 0.4 0.2 0 0 0.2 0 0 0 0 0 6 0 0 0 1.4000000000000001 7.4 1.6 0 4.2 0.2 0 0 0 3 4.2 0 0 2 6.2 3.4000000000000004 2.6 2.8000000000000003 0 2.2 0 0 0.2 0 0 0 0 2 0 0.2 0 16.8 1.6 0.2 0 0 0 3.4000000000000004 0 0 0 0 0 0 0 0 0 0 0 0 0 0 0.2 0 0 0 0 0 0 0 0 0 0 0 0.4 0 0 0 0 0 0 0 0 1.6 0 0 30 0 0 0.4 2.6 0.6000000000000001 0 0 0 0 0 0 0 0 0 0 0 0 0 0 0 0 0 0 0 0 0.2 0 1.8 0 0 0 0 
 0 16.6 0 0 0.4 0 0 0 0 0 0 0.8 0 0 0 0 0.8 1 7.6000000000000005 0.6000000000000001 8.4 40.400000000000006 68 36.6 0 25.400000000000002 52.6 53.400000000000006 25.6 65 32.2 20.400000000000002 9.8 30.400000000000002 16.400000000000002 52.400000000000006 48.2 5.4 28.400000000000002 51.800000000000004 0 0 0.4 0 0.4 0.6000000000000001 17 1 0.4 0 0 0 25.8 12.600000000000001 5.6000000000000005 0 0.4 0.6000000000000001 0 14.200000000000001 0 0.4 0 0 2.4000000000000004 0 0 0.4 0 0 0 0.4 0 0 0.6000000000000001 0 1.8 1 0.2 0.6000000000000001 0 0 0 0 0 0 0 0 0 0 0 0 0 0 0 0 0 0 0 0 0 3.8000000000000003 0 0 0 4.2 0 0 8.200000000000001 2.2 2.6 3.4000000000000004 0 0 0 0 0 2 0 1.6 0 0 4.2 2.2 0 0 2.2 1.6 3.2 0.2 0 0 3 0 0 0 0 0 6.4 0 0 0 0 0 0 0 0 0 0 0 0.4 0 2.8000000000000003 0 0 1.4000000000000001 0 0 0 0 4.4 0 2 0 0.2 0 0 0 0 0 0 0 0 0 0 0 0 0 0 0 2.6 2.6 3.2 0 3 11.4 0 1.8 3 0 0.2 8.200000000000001 0.6000000000000001 2.8000000000000003 0 2.8000000000000003 0 0 0 0 2 0 1.6 0 0 0 4.4 0 0 0 0 0 4.4 0 0.2 0 0.2 0 3 1.2000000000000002 0 0 0 0 0 0 0 0 0 0 0 0 0 0 0 0 0 0 0 0 0 0 0 0 0 0 0 0 14.8 0 0 0 0 0 1.8 0 0.2 15.600000000000001 0.8 0.4 0.4 0 0 0 0 0 0 0 0 0 0 0 0 0 0 0 0 0 0 0 0 0 0 0 0 0 0 0 0 0 
 2.4000000000000004 41.2 0 0 0 0.4 0.4 0.4 0 0 0 0.4 0.4 0 0 0.4 0 0 0 0 7.6000000000000005 23 20.200000000000003 11.600000000000001 25.400000000000002 0 10.600000000000001 7.800000000000001 8.200000000000001 38.6 43 26.6 11.8 8.8 15.4 14.600000000000001 85.80000000000001 12.4 10 99.80000000000001 0.2 0 0.4 0 0.4 0 17.2 0.6000000000000001 0 0.8 0 0 24.400000000000002 12.8 11.600000000000001 0 0 0.4 13.200000000000001 17.400000000000002 0 0.4 0 0 1.2000000000000002 0 0 0.4 0 0 0 0 0 0.2 0 0 0 2.8000000000000003 0.4 0.6000000000000001 0 0 0 0 0 0 0 0 0 0 0 0 0 0 0 0 0 0 0 0 0 0 0.4 2.4000000000000004 4.800000000000001 6.2 0 0 4 0 6.4 0 0 0 0 0.2 0 3 0 0 0 0 0.2 3.2 0.4 0 1.8 0.2 1.6 1.8 0 0 0.2 0 3 0 0 0 3.8000000000000003 3.8000000000000003 0 0 0 4.6000000000000005 0 0 0 0 0 0 0 0 0.4 0 0 1.2000000000000002 0 2 0 0 0 0 0 0 0.2 0 0 0 0 0 0 0 0 1.2000000000000002 0 0 0 0 0 0 0 0 0 7.4 0.4 12.600000000000001 0 0 1.8 0 0 2 0 0 0 0 0 0 0 0 5.4 0 0.8 0 0 1.8 7.4 3.8000000000000003 0 0 0 0 3.8000000000000003 0.4 2.6 0.2 0.2 0 8.4 2 0 0 0 0 0 0 0.2 0 0 0 0 0 0 0 2.4000000000000004 0 0 0 0 0 0 0 0 0 0 0 0 0 0 0 0 0 0 0 1.2000000000000002 0 0.2 0 8.200000000000001 0 1.8 0.2 0 0 0 0 0 0 0 0 0 0 0 0 0 0 0 0 0 0 0 0 0 0 0.4 0 0.8 0 0 0 
 0.4 0.4 9.200000000000001 32 7.800000000000001 21.6 0.6000000000000001 0.4 22 32.2 17 17.2 0.4 0.4 0.4 0.4 0.4 5.800000000000001 0.4 0.4 26.8 45.800000000000004 16.8 23.200000000000003 52.6 10.600000000000001 0 20 32.2 7.800000000000001 31.200000000000003 22.200000000000003 18 14.200000000000001 8.200000000000001 5.6000000000000005 8.200000000000001 4.2 43 11.200000000000001 0 0 0.4 0 0.6000000000000001 0 0 0.6000000000000001 0 0.2 0 0 0 0 0 0 0 0.4 0 0.4 0 0.6000000000000001 0 0 0.6000000000000001 0 0 0.6000000000000001 0 9.4 0 0.6000000000000001 0 1.2000000000000002 0 0 0 0.6000000000000001 0 0.6000000000000001 0 0 0 0 1.8 0.8 0 0 0 6.800000000000001 0.2 3.2 0 0 0 0 6.800000000000001 0 0 0 4.6000000000000005 3.8000000000000003 0.2 7.800000000000001 0 0 3.6 3.4000000000000004 0 0 0 0 5.6000000000000005 3.6 2 2 1.6 0 4.2 2.2 0 0 0 0 0 0 0 0 0 0 0 0 0 0 0 0 0 0 0.2 0 0 0 0 0.4 0 0 0 0 0 0 0 0 1.8 0 0 0 0 0 0 0 0 0 0 10.200000000000001 0 4.4 0 0 0 2.2 0.8 2.2 0 0 0 0 0.2 0 0 0 7 5.4 4 0.8 0 0 7.6000000000000005 0 0 0 0 2.4000000000000004 5.800000000000001 6.4 6.2 4.2 1.2000000000000002 3.2 5 2.6 0 0 0 0 0 0 0 0 0 0 0 0 0 0 0 0 0 0 0 0 0 0 0 0 0 0 0 0 0 0 0 0 0 0 0 0 0 0 0 0 0 0 0 0 0 0 0 0 0 0 0 0 0 0 0.8 0 0.2 0 0 0.4 0.2 0 1.8 0 0 1.4000000000000001 0 0 0 0 0 0 0 0 0 0 2.2 0 0 0 0 0 0 0 0 0 0 0 0 0 
 0.4 0.2 0.2 0.2 0.2 5.6000000000000005 0.2 0.4 0.4 1 0 0 0.2 0.6000000000000001 0.2 0.4 0.4 0.4 0.4 0.4 8.6 71.2 18.400000000000002 29 53.400000000000006 7.800000000000001 20 0 77.80000000000001 22.200000000000003 8.6 102.60000000000001 17.400000000000002 26.200000000000003 35.800000000000004 40.800000000000004 51 28 25.400000000000002 13.600000000000001 0 0 0.4 0 0.4 0 0 0.6000000000000001 0 0 0.6000000000000001 0 0 0 0 0 0 0.4 0 0.2 0 0.4 0 0 0.6000000000000001 0 0 0.4 0 0 0.2 0 0 0 0 0 0 0.6000000000000001 0.4 0.6000000000000001 0 0 0 0 0 0 1.8 0 0 0 0 2.2 0 0 0 0 0 0 0 0 3.4000000000000004 2.4000000000000004 12.200000000000001 0.4 4.6000000000000005 4.6000000000000005 1.4000000000000001 0.2 0.2 2.2 2 0 1.8 0 3 0 4.2 1.4000000000000001 0 0 1.6 0 0 0 0 0 0.4 0 0 0 0 0 0 0 0 0 0 0 0 0 0.8 0 0 0 0 0 0 0 0 0 0 0 0.2 0 0 0 0 0 0 0 0 0 0 0 0 0 0 0 0 0 1.8 0 0 0 0 0 0 0 0 0.2 2.4000000000000004 5.2 2 0.2 2.6 2.4000000000000004 3.8000000000000003 0 2.6 4.2 9.4 5.800000000000001 0 0 0 1.8 2.2 1.4000000000000001 0 0 0 0.2 0 0 0 0 1.6 0 0 0 0 0 0 0 0 0 0 0 0 0 0 0 0 0 0 0 0 0 0 0 0 0 0 0 0 0 0 0 0 0 0 0 2.6 0 0 0 0 0 0 0.4 0 0.2 0 0 0.4 0 0.6000000000000001 0.4 0 0.4 0 0 0 0 0 0 0 0 0 0 0 0 0 0 0 0 0 0 0 0 0 15.8 0 0 0 1.4000000000000001 0 0 0 0 
 0.4 21.8 0 15.600000000000001 0 29.6 0 0 0 10.8 14.8 0.4 0.4 0 0 0 0.2 0 0 0 10.8 35.2 13.8 65.60000000000001 25.6 8.200000000000001 32.2 77.80000000000001 0 70 55.400000000000006 9 100.80000000000001 18.2 30.8 51.800000000000004 27.200000000000003 25 27.6 40.6 0.2 0 0.4 0 0.4 0 0 0.6000000000000001 0 0 0 0 0 0 1.4000000000000001 0 0 0.4 0 0.4 0 0.4 0 0.4 5.800000000000001 0 0 0.4 0 0 0 0 0 0 0 0 0 0.6000000000000001 0.4 1.2000000000000002 0 0 0 0 0 0 0 0 0 0 0 3 0 0 0.4 0.2 0 0.4 0 0 4.4 5.6000000000000005 18.2 4 0 0 2.2 0 0 3.2 2.8000000000000003 5.4 0.2 6.800000000000001 3.4000000000000004 2.8000000000000003 9.600000000000001 1.8 2.2 15.600000000000001 0.2 0 0 0 0 0 4.2 0 0 0 0.4 0 0.2 0 0 0 0 0 0 0.2 0 0 0 0 0 0 0 0 0 0.6000000000000001 0 0 0 0 0 0.4 0 0 0 0 0 0 0 0 0 0 0 0 0.2 0 0 0 2 0 2 0 0 0 0 0.2 0 2.6 2.2 2.4000000000000004 0 3.8000000000000003 0 2.2 0.4 2.2 8 3 0 0.6000000000000001 0 2 3.2 14.200000000000001 6.6000000000000005 0 2.4000000000000004 0 0 0 0 0 4.800000000000001 1.4000000000000001 0 0 0 0 6.4 0 0.2 0 0 0 5.2 0 0 0.2 0 0 0 0.4 0 0 0 0 0 0 0 0 0 0 0 0 0 0.4 0 0 0 0 0 0 0 0 0 0 0 0 0.4 0 2.2 0.2 0.2 0.2 0.2 0.4 0 0.4 0 0 0 0 1.2000000000000002 0 0 0 0 0 0 0 0 0 0 0 0 0 0 0 0 0 0 1.2000000000000002 0 0 0 0 
 0 0 0.4 0 0 0 0.2 0 0 0 41.6 0 0 0 0 0 14.600000000000001 0 0 0 7.800000000000001 10.4 34 48.800000000000004 65 38.6 7.800000000000001 22.200000000000003 70 0 81.60000000000001 51.800000000000004 8.6 32 42 36.800000000000004 82.2 15.200000000000001 24.8 14 12.8 0 0.4 0 0.4 0 17 0.6000000000000001 0 12.4 12.600000000000001 0 24.400000000000002 0 0 0 0 0.4 0 13 0 0.4 0 0 2.2 0 0 0.4 0 0 0 0 0 0 0 0 0 0.6000000000000001 0 0.6000000000000001 0 0 0 0 0 0 0 0 0 0 0 0 0 0 0 0 0 0 0 0 1.4000000000000001 2.8000000000000003 3 4.6000000000000005 3.2 6.800000000000001 0.2 0 6.6000000000000005 2.4000000000000004 3.2 0 1.8 0 1.2000000000000002 0 2 5.2 0 2.4000000000000004 0 0 0 0 0 0 0 2 0 0 0 0 0 0 0 0 0 0 1.2000000000000002 0 0 0 0 0 0 0 0 0 1.2000000000000002 0 0 0 0.2 0 0 0 0 0 0 0 0 0 0 0 0 0 0 0 0 0 0 0 0 0 0 0 0 0 0 0 0.6000000000000001 3.4000000000000004 3.2 5.800000000000001 4.4 2.4000000000000004 3.6 2.2 3 1.6 2 0 3.2 0 2.2 1.8 0.4 1.2000000000000002 2.4000000000000004 0 0 0 0.2 0 0 0.4 0 0 0 0 0 0 0 0 0 0 0 0 0 3.6 0 0.4 0 0 0 0 0 0 0 0 0 0 4.4 0 0 0 0 0 0 0 0 0 2.8000000000000003 0 0 0 0 0 0 0 0 0 0 0 1.2000000000000002 0.4 0 1.6 0 0.4 0.4 5.2 0 0 0 0 0 0 0 0 0 0 0 0 0 0 0 0 0 0 0 0 0 0 0 0 1.6 0 0 0 
 0.2 0.2 0.4 0.6000000000000001 0 0.2 0.6000000000000001 0.6000000000000001 0 0.6000000000000001 0.2 0.2 0.4 0.4 0.2 0.4 0.2 0 0.4 0.2 63.400000000000006 23.400000000000002 69.60000000000001 16 32.2 43 31.200000000000003 8.6 55.400000000000006 81.60000000000001 0 73.4 9.4 27.400000000000002 49 105.2 43.6 22 31.6 49.400000000000006 0 0 5.800000000000001 1 0.6000000000000001 0 25.8 0.6000000000000001 0 0 4.6000000000000005 0 13.200000000000001 0.4 0 0 0 0.4 3.8000000000000003 0.2 0 0.6000000000000001 0.6000000000000001 0 0.6000000000000001 0 0 0.4 0 0 0 0 0 0 0 0 0.2 0.6000000000000001 6.6000000000000005 0.6000000000000001 0 0 0 0 0 0 0 0 0 0 0 0 0 0 0 0 0 0 0 0 2 0 4.800000000000001 6 10.4 2.4000000000000004 0 0 0 5 3.8000000000000003 0.2 1.6 2.2 2 0.2 1.6 0 0 0 0 0 0 0 0 0 0.4 0 0 0 0 0.4 1.4000000000000001 2.2 2.2 0 0 0 0.8 1.8 0.8 0 0 0 0 0 0 0 0 0.2 0 0.4 0.2 0 0 0 0 0.2 0 0 0 0 0 0 0 0.2 0 0 0 0 0 0 0 0.2 0 0 0 0 0 0 0 9.4 0 2.2 2.4000000000000004 2.6 2 0 5.4 6.6000000000000005 1.6 3 0 0 0 0 4.2 1.6 0 0 2.4000000000000004 0 0 0 0 0 0 4.2 0 0 0 0 3 0.4 0 0 0 0 3 6.6000000000000005 0 0 0 0.4 0 0 0 0.4 0 0 0 0 0 0 0 0 0 0 0 0 0 0 2.4000000000000004 0 0 0 0 0 0 0 0 0 0 0 0.4 0 0 22.8 0.8 0 0.6000000000000001 0.4 0 0 0 0 0.2 0 0 0 0 0 0 0 0 0 0 0 0 0 0 3.8000000000000003 0 0 0 0 0 0 0 0 
 0.6000000000000001 0.6000000000000001 0.6000000000000001 18 0.6000000000000001 15.8 0.6000000000000001 0.6000000000000001 0.6000000000000001 1.4000000000000001 15.4 0.8 1.2000000000000002 0.6000000000000001 0.6000000000000001 1.4000000000000001 0.6000000000000001 0.6000000000000001 0.6000000000000001 1 5.800000000000001 25 10.4 19.400000000000002 20.400000000000002 26.6 22.200000000000003 102.60000000000001 9 51.800000000000004 73.4 0 30.400000000000002 20.6 54.6 39 50.400000000000006 28.400000000000002 18 61.400000000000006 1 0 0.4 0.8 0.4 0 0 0.6000000000000001 0 1.4000000000000001 1.6 0 12.8 0 0.4 0 0.8 0.8 0 1.2000000000000002 0 0.4 1 7.800000000000001 1 0 0 0.6000000000000001 0 0 0 0 1.4000000000000001 0.8 0.4 0 0 1 0.2 0.6000000000000001 0 0 0 0 0 0 0 0 0 0 0 2.2 0.2 3 0 0 0 0 0 0 0 4.800000000000001 6 0.2 8 3.4000000000000004 1.8 0 2.2 4.2 3.4000000000000004 0 0 3.6 3.2 0.6000000000000001 0.6000000000000001 1.4000000000000001 0 5.4 0 0 0 0.2 0 0 0 0 0 3.4000000000000004 0 0 4 0 0 0 0 0 0 2.6 0.6000000000000001 0 0 0.4 0 0 0 0 1.8 0 0 0 0 0 0 0 0 0.2 1.8 0 0 0 0 0 0 0 0 0 0.2 0 0 0 0 0 0 0 0 0 0 0.2 2.4000000000000004 8.4 1.8 0.4 3.2 7 0 1.8 4.800000000000001 2.6 2 4.800000000000001 0 0 1.8 2.4000000000000004 0 2.8000000000000003 0 0 2 0 0 0 0 0 0.6000000000000001 3.8000000000000003 0 0 0 0 0 3.4000000000000004 3.4000000000000004 3.2 0 0 0.2 0 0 0 0 0 3.2 0 0 0 0 0 0 0 2 0 0 0 0 0 0 0 0 0 0 0 0 0 0 0 0 0 0 0 0 0 0 0 0.4 30 15.600000000000001 0 0.4 3.4000000000000004 0 0 0 0 0.2 0 0 0 0 0 0 0 0 0 0 0 0 0 0 0.4 0 0 0 0 0 0 0 1.4000000000000001 
