 0 18.8 16.8 68 64 2.2 74.2 32.6 8.4 26.8 22.400000000000002 83.2 52.400000000000006 31.6 77.80000000000001 83.60000000000001 63 6.800000000000001 45.2 9.4 0.4 0.4 0.4 0 0 0.6000000000000001 0 0 0 0 0.8 0 0 0 0 0 1 0.4 0 0.6000000000000001 0.4 12.600000000000001 0 0.8 0 0 0 0 0.6000000000000001 0.4 0 0 0 0.6000000000000001 0 0 0 1 0 0 0 1 0 0 0 0 0 0 0 0 7.2 0 0 0.6000000000000001 0 0 0.6000000000000001 0 0.6000000000000001 0 1.6 0 2.2 0 0 3.2 0 9.8 7.2 0.4 0 0.2 2.4000000000000004 2 3 0.2 1.8 0.6000000000000001 0.4 4.4 0 0 0 0 0 0 1 0 0 0 0 0 0.2 0 0.4 4.4 0 0 2 0 0 0 0 0 0 0 0 0 0 0 0 0 0 0 0 0 0 0 0 0 0 0 0 0 0 0 0 0 0 0 0 0 0 0 0 0 0 2.6 0 0 0.2 0 2.8000000000000003 0 0.4 0 2 8 7.2 4.6000000000000005 0 2.4000000000000004 7.6000000000000005 0 0 7 0 3.8000000000000003 5.2 2.8000000000000003 0 0 0 0 0 0 0 0 0 0 0 0 0 0 0 0 0 0 0 0 0 0 0 0 0 0 0 0 0 0 0 0 0 0 0 0 0 0 0 0 0 0 0 0 0 0 0 0 0 0 0 0 0 0 0 0 0 0 0 0 0 0 0 0 0 0.4 0.4 0 0 0.2 0 0.4 0.4 0 0.4 0 0 0 0 0 0 0 0 0 0 0 0 0 0 0 0 0 0 0 0 0 0.2 0 0 0 0 0 0 0 0 0 0 0 0 0 
 18.8 0 80.60000000000001 32.4 26.6 43.6 11 19.400000000000002 28.200000000000003 53.800000000000004 46.2 23.6 27.8 17.8 30.400000000000002 27.200000000000003 5.800000000000001 12 29.8 73.8 0 0.2 0.4 0 0 0.6000000000000001 0 0.4 0 0 0.6000000000000001 0 4.6000000000000005 0 0 0 0.6000000000000001 0.2 0 15.4 0.6000000000000001 10.600000000000001 0 0.4 0 0 0 0 0.6000000000000001 0 0 0 0 0.6000000000000001 0 0 0 0 0 0 0 0.6000000000000001 0 0 0 0 0 0 0 0 0 0 0 0.6000000000000001 0.2 0 0.2 3.2 0.4 0 3.4000000000000004 6.800000000000001 0 0 0 12.600000000000001 4.800000000000001 6.6000000000000005 3.6 2.6 3.2 4.2 1.8 2.6 5.2 2.4000000000000004 11.8 0 0 4.6000000000000005 2.4000000000000004 0 0 0 0 0 6.800000000000001 2.6 0 0 0 0 3 0.4 0 0 0 0 4 0 0 3 0 0 0 0 0 0 0 0 0 0 0 0 0 0 0 0 0 0 0 0 0 0 0 0 0 0 0 0 0 0 0 0 0 0 0 0 0 0 6.800000000000001 2 0 0 1.4000000000000001 5.4 0 3.8000000000000003 6.6000000000000005 0 0 2.4000000000000004 6.800000000000001 2.4000000000000004 2.2 2.8000000000000003 0 0.8 2.4000000000000004 2.8000000000000003 2.4000000000000004 4 0 0 0 0 5.800000000000001 0 0 0 0 0 2.6 0 0 0 0 0.2 3.6 0 0 0 0 0 0 0 6.2 0 0 0 0 0 0 0 0 0 0 0 0 0 0 0 0 0 0 0 0 0 0 0 0 0 0 0 0 0 0 0 0 0 0 0 0 0 0 0.6000000000000001 0.2 0 0.2 37.800000000000004 0 1.2000000000000002 0 0 0 0 0 0 0.2 0 0 0 0 0 0 0 0 0.4 0 0 0 0 0 0 0 2.8000000000000003 0 0 0 0 0 0 0 2.8000000000000003 0 0 0 0 0 0 
 16.8 80.60000000000001 0 70.60000000000001 49.400000000000006 7.4 28.6 29 52.2 64.4 54.2 27.6 110.80000000000001 32.800000000000004 14.200000000000001 4.6000000000000005 12 84.80000000000001 27.8 48.6 1 0.8 0.6000000000000001 16 0 0.6000000000000001 0 0 0 0 1.2000000000000002 0 15.4 0.4 0 0 0.6000000000000001 1 1.2000000000000002 5.6000000000000005 0.4 0 0 1.2000000000000002 0 0 0 0 0.6000000000000001 0.2 1.2000000000000002 0 0 0.6000000000000001 0.6000000000000001 0 0 0.2 0 0 0 0.4 0 0 0 0 0 0 0.4 0 0 0 10.600000000000001 0.6000000000000001 0 0 1.8 0 1.2000000000000002 0 4.4 6.800000000000001 0 4.800000000000001 4 0 7.800000000000001 4 5.6000000000000005 2.2 6.4 2.6 6 0.4 0 4.800000000000001 5.2 4 0 4.2 1.6 0 0 0 0 0 3.4000000000000004 7.2 0 0 0 0 3 2.6 0 0 0 0 1.4000000000000001 0.2 0 0 0 0 0 0.4 0 0 0 0 0 0 0 0 0 0 0 0 0 0 0 0 0 0.4 0 0 0 0 0 0 0 0 1 0 0.4 0 0 0 0 0 6 10.4 2.2 0.2 5 12 0.2 0 4.800000000000001 0.2 1.8 2 2 5.800000000000001 2.4000000000000004 7.800000000000001 0 2 6 0 0.8 0 0 0 0 0 4 0 0 0 0 0.2 5 0 0 0 0 0 2.8000000000000003 0 0 0 0 0 0 0 2.6 0 0.4 0 0.4 0 0 0 0 0 0 0 0 0 0 0 0 0 0 0 0 0 0 0 0 0 0 0 0 0.2 0 0 0 0 0 0 0 0 0 0.4 0.4 0 0 20.8 0.4 0.8 0 0 0 0 0 0 0 0 0 0 0.2 0 0 0 0.8 0 0 0 0 0 0 0 0.2 5.6000000000000005 0.2 3.6 0 0 0 0 0 0 0 0 0 0 0 0 
 68 32.4 70.60000000000001 0 40 9.600000000000001 14.4 65.2 20.400000000000002 78.4 62 59.400000000000006 17.6 53.400000000000006 55.800000000000004 31.200000000000003 44.800000000000004 46 36.6 26.400000000000002 15 0.2 0.8 0 0 0.6000000000000001 15.4 0.2 0.8 0 0.6000000000000001 0.4 18.8 0 16 0.2 0.6000000000000001 0 0 1 1 12.600000000000001 0 0.4 0 0 0 0 13.8 0.6000000000000001 0 0 0 0.6000000000000001 0 0 0.2 0 0 0 0 0.6000000000000001 0 0 0 0 0 0 0 0 7.2 0 0 0.6000000000000001 0 0 0.2 0 0.8 0 0 6.4 3.4000000000000004 2.4000000000000004 0.2 0 0 3.4000000000000004 0.2 1.8 0 8.6 0 3.6 0.4 2 7.800000000000001 3 0 0.2 0 0 0 0 0 0 8.4 5.800000000000001 0 0 0 0 2.4000000000000004 2.4000000000000004 0 0 1.6 0 2.6 3.2 0 0 0 0 0 0 0 0 0 0 0 0 0 3.2 0 0 0 0.2 0.4 0 0 0 0 0 0 0 0 0 0 0 0 0 3 0 0 0 0 0 0 0.4 1.6 0.2 6.800000000000001 2 0 2.8000000000000003 0 1.8 2 0.2 2.8000000000000003 12.4 3 0.2 0.2 0.2 1.8 9 0 0 0 4.2 0 0 0 0.4 2.8000000000000003 2.2 0 0 0 0 1.8 0 14 0 0 0 0 0 2.4000000000000004 0.4 0 0 0 0.2 0 0 0 0 0 0 0 0 0 0 0 0 0 0 0 0 0 0 0 0 0 0 0 0 0 0 0.4 0 0 0 0.2 0 0 9.200000000000001 0 0 0 0 0 0.2 0 0 21.8 18 0.2 1.2000000000000002 0 0.4 0 0 0 0 0 0 0 0 4.4 0 0 0 0 0 0 0 0 0 0 0 0 2 2 4.6000000000000005 0 0 0 0 0 3.8000000000000003 0 0 0 0 0 0 
 64 26.6 49.400000000000006 40 0 29.8 10.8 44 33.4 46 19 88.80000000000001 62.400000000000006 33.800000000000004 10.8 34 11.200000000000001 47.6 14.200000000000001 31.6 15 14.8 0.4 0 0 0.4 14.4 0 0.2 0 0.6000000000000001 0 17.2 0.4 0.4 0 0.6000000000000001 0.4 4.4 30.400000000000002 0.4 0 0 0.4 0 0.2 0 0 0.6000000000000001 0.4 0 0 12.200000000000001 0.6000000000000001 0 0 0 0 0 0 0 2.4000000000000004 0 0 0 0 0 0 0 10.200000000000001 0 0 0 0.6000000000000001 10.8 0 0.6000000000000001 0 0.8 0 0 3.4000000000000004 2.6 8.6 1.8 3.6 0 0 0 0.2 3 3 0 0 0 6.2 1.4000000000000001 6.4 0 0 2.4000000000000004 0 0 0 0 0 7.6000000000000005 0.2 0 0 0 0 6.800000000000001 5.6000000000000005 0 1.4000000000000001 0 0 1 9.8 0 0 0 0 0 0 0 0 0 0 0 0 0 0 0 0 0 0 0 0 3.2 0 0 0 0 0 0 0 0 0 0 0 0.4 0 0 0 0 0 0 0 2.4000000000000004 0.2 3 2 0 4.4 1.8 0 2 4 5.800000000000001 3.8000000000000003 0.2 0 0 2.4000000000000004 0 8.200000000000001 0 0 2.2 0 5.800000000000001 2.6 0 0 7.2 5.2 3.6 0 0 0 5.6000000000000005 0.2 2.6 2.6 0 0 1.8 1.8 0 0 0 0 0 0 0.2 0 0 0 0 0 0 0 0 0 0 0 0 0 0 0 0 0 0 0 0 0 0 0 2 0 0 0 0 0 0 0 0 0 0 2.8000000000000003 0 0 0 0 18.2 0.6000000000000001 17.8 18.2 0.6000000000000001 1 0 0 0 0 0.2 0 0 0 0 0 3.2 0 0 0 0 0 0 0 0 0 0 0 0 2 0 3 0 0 0 0 0 0 0 0 0 0 0 0 
 2.2 43.6 7.4 9.600000000000001 29.8 0 22 22.200000000000003 39.400000000000006 25.400000000000002 30.400000000000002 69.60000000000001 4.6000000000000005 7.4 16.400000000000002 15.4 18.2 32 28.8 7.800000000000001 15 0.6000000000000001 0.4 0 0 0.6000000000000001 5.6000000000000005 16.2 3 0.2 0.6000000000000001 0 31 32.2 0.6000000000000001 29.8 1 0.2 32.6 7.800000000000001 0.4 0.4 0 1.4000000000000001 0.6000000000000001 0 0 0 1.6 0.2 0 0 0.4 0.6000000000000001 0 0 2 0 0.6000000000000001 0.4 0 0.4 0 0 0 0 0 0 0 0 0 0 0 0.6000000000000001 0 0 0.6000000000000001 0 0.6000000000000001 0 0 4.2 0 2.8000000000000003 0 2.6 0 0 0 4 2.8000000000000003 1.8 0 3.2 2.8000000000000003 1.8 4.800000000000001 0 0 0 1.8 2.8000000000000003 0 0 0 0 3.6 0 9.600000000000001 0.2 0 0.2 2 4.800000000000001 6.800000000000001 0.2 0 5.800000000000001 2.6 11.600000000000001 0 0 0 0 3.2 0 0 0 0 0 0 0 0 0 0 0 0 0 0 0 0 0 0 0 0 0 0 0 0 0 0 0 0 0 0 0 0 0 0 0 5.2 0 0.2 1.2000000000000002 0 6.800000000000001 0 0 1 5.800000000000001 0 6 3.2 0 0 0.2 2.2 8.6 0 0 6.2 4 1.2000000000000002 2.4000000000000004 0.2 0.2 3 6 2.8000000000000003 3 0 0 5.2 5.2 0 13.8 0.2 1.4000000000000001 2 2.4000000000000004 0 0 0 0 0 0 0 0 0 0 0 0 0 0.4 0.2 0 0 0 0 0 0 0 0 0 0 0 0 0 0 0 0 0 0 0 0.8 0 0 0 0 0 0 0 0 0 0 0 17.400000000000002 0 0 0.8 0 2.2 0 0 0 0 0 0 0 0 0 0 0 0 0 0 0 0 0 0 0 0 2.2 0 0 0 0 0 0 0 0 0 0 0 0 0 0 0 0 0 
 74.2 11 28.6 14.4 10.8 22 0 30.6 15.200000000000001 22.8 30.400000000000002 17 40.400000000000006 87.2 26 49.6 67.4 8.6 7.4 23.8 0 0.2 0.6000000000000001 0 0 0.6000000000000001 0 0.4 0 0 0.6000000000000001 0.2 0.2 0 0 0 0.6000000000000001 0 0.6000000000000001 0.6000000000000001 0.4 0 0 0.4 0 0 0 0 0.6000000000000001 0.8 0 0 0 0.6000000000000001 0 0 0 0 0 0 0 0.6000000000000001 10.200000000000001 12.200000000000001 0 1.2000000000000002 0 8.6 0 0 7.6000000000000005 0 0 2.4000000000000004 0 0 0.2 0 0.4 0 0.4 0 2.4000000000000004 2.4000000000000004 2 0.6000000000000001 3 6.800000000000001 0 0 2 4.4 2 8.8 0 1.8 6.800000000000001 3.8000000000000003 1.4000000000000001 0 0 0 0 0 0 0 2 0 0 0 2.8000000000000003 0 0 0 0 0 0 0 6 0 0 0 0 0 0 0 0 0 0 0 0 0 0 0.2 0 0 0 0 0 0 0 0 0 0 0.6000000000000001 0 0 0 0 0 0 0 1.8 0 0 0 0 0 0 0.2 1.8 2 2.4000000000000004 0 6.800000000000001 1.8 6.2 3.8000000000000003 10.600000000000001 0.2 0.4 6 2.6 3.8000000000000003 0 0.2 2.4000000000000004 2.8000000000000003 2.8000000000000003 3.4000000000000004 0 0 0 0 0 0 0 0 0 0 0 0 4 0 0 0 0 0 0 0 3.8000000000000003 0 0 0 0 0 0 0 0 1.8 0 0 0 0 0 0 0 0 0 0 3.6 0 0 0 0 0 0 0 0 0 0 0 0 0 2 0 0 0 0 0 0 2.8000000000000003 0 0 0 0.2 17.6 0 0 0 0 2.8000000000000003 0 0 0 0 0 0 0 0 0 0 3.2 0 0 0 0 0 0 0 0 0 0 0 0 2.2 2 3.8000000000000003 0 0 0 0 0 0 0 0 0 0 0 0 
 32.6 19.400000000000002 29 65.2 44 22.200000000000003 30.6 0 104.80000000000001 29.200000000000003 49.2 5 65.4 35.4 109 53.400000000000006 69.2 28.200000000000003 27.6 29.400000000000002 0 0.6000000000000001 0.4 0 14.8 0.4 14.4 0 0 0 0.6000000000000001 0 0.6000000000000001 0 0 0 0.6000000000000001 0.8 0 0.6000000000000001 0.4 12.600000000000001 0 0.8 0 0.2 0 0 0.6000000000000001 0.4 0 0.2 0 0.6000000000000001 0 0 0 1 0 0 0 1.2000000000000002 0 0 0 0 0 0 0 0 0 0 0 0.6000000000000001 0 0 0.6000000000000001 0 0.6000000000000001 0 0 0.8 8.200000000000001 2.2 3.8000000000000003 2 2.8000000000000003 0 0 7.800000000000001 0 3 2.8000000000000003 4.2 0 10.200000000000001 4.4 15 0 2.6 0 4.2 0 0 0 0 3.6 0 0 0 0 0 2 0 0 0 0 0 1.8 0 0 0 0 0 0 0 0 0 0 0 0 0 0 0 0 0 0 0 0 3.4000000000000004 0 0 0 0 0.4 0 0 0 0 0 0 0 0.6000000000000001 0 0 0 0 0 0 0 8 4.800000000000001 6.2 2 3.4000000000000004 0 0 7 1.8 6.4 6.4 4.4 0.2 0.2 0 2 6 0.2 0 1 0 0.2 0 0 0 0 0 0 0 0 0 0 5.6000000000000005 0 0 0 0 0 14.600000000000001 0 0 0 0 0 0 0 0 0 0 0 0 0 0 0 0 0 0 0 0 0 0 0 0 0 0 0 0 0 0 0 0 0 0 0 0 0 0 0 0 0 0 0 0 0 0 0.4 0.2 0.2 17.8 0 0 1.2000000000000002 0.4 0 0 0 0 0 0 0 0 0 0.4 0 0 0 0 0 0 0 0 0 0 0 0 2 0 2.6 0 0 0 0 0 0 0 0 0 0 0 0 
 8.4 28.200000000000003 52.2 20.400000000000002 33.4 39.400000000000006 15.200000000000001 104.80000000000001 0 76 29.8 24.200000000000003 24 17.400000000000002 57.800000000000004 19.400000000000002 65.2 93.60000000000001 23.200000000000003 12.4 0 4.800000000000001 0.4 3.8000000000000003 0 0.4 0 0 0 0 0.6000000000000001 0 14.600000000000001 0.6000000000000001 0 0 0.6000000000000001 0.4 0.2 0.6000000000000001 0.4 0.2 0 0.4 0 0 0 0 0.6000000000000001 0.4 0 0.2 0 0.6000000000000001 0 0 0 0 0 0 0 0.2 0 0 0 0 0 0 0 0 0.4 0 0 0.6000000000000001 0 0 0.6000000000000001 0 0.6000000000000001 7.800000000000001 0 7.6000000000000005 3 5.6000000000000005 5.6000000000000005 2.2 3.4000000000000004 0 0 2.8000000000000003 4 3.6 2.8000000000000003 8.6 1.2000000000000002 0 13.600000000000001 6.800000000000001 0 3.2 0 1.8 0 0 0 0 3.8000000000000003 3.6 0 0 0 0 5.800000000000001 2 0 0 0 0 5 0 0 0 0 0 0 0 0 0 0 0 0 0 0 0 0 0 0 0 0 0 0 0 0 0 0 0 0 0 0 0 0 0 0 0 0 0 0 0 0 0 2.6 1.6 0 5.4 4.4 15.200000000000001 0.2 0 6.4 0 3.8000000000000003 2.8000000000000003 2.6 0 0 0 3.2 2.2 0.2 0.8 1.8 5.2 0 0 0 0 4.2 0 0.2 0 0 0 5.2 0.8 1 0 0 0 2.6 0 0 0 0 0 0 0 0 0.2 0 0 0 0 0 0 0 0 0 0 0 0 0 0 0 0 0 0.2 0 0 0 0 1.2000000000000002 0 0 0 0 0 0 0 0 0 0 0 0 0 0 0 17.6 0.2 0.2 0 0 1 0.4 0.4 0 0 0 0 0 0 0 0 0 0 0 0 0 0 0 0 0 0 0 0 0 0 0 0 0 0 0 0 0 0 0 0 0 0 0 0 
 26.8 53.800000000000004 64.4 78.4 46 25.400000000000002 22.8 29.200000000000003 76 0 44 33.4 12 15.600000000000001 28.400000000000002 39.400000000000006 28.200000000000003 60.800000000000004 17.2 23 0 0.8 0.8 0 0 0.6000000000000001 15.600000000000001 0 0 0 0.6000000000000001 0 7 0.2 15.4 0.4 0.6000000000000001 0.2 0.2 15.8 0.4 0 0 0.4 0 0 0 0 1 0.4 0 0 0 0.6000000000000001 0 0 0 1 0 0 0 0.2 0 0 0 0 0 0 0 0 0.2 0 0 0.6000000000000001 0 0 0.6000000000000001 0 0.6000000000000001 0 2.8000000000000003 4.6000000000000005 1.4000000000000001 0.2 0 8.4 3.4000000000000004 0 2.4000000000000004 6.6000000000000005 2.6 4.4 0 4.4 2.2 4.2 11.200000000000001 0 0 0 2 0 0 0 0 0 5 5 0 0 0 0 6.2 2.2 0 0 1.4000000000000001 1.2000000000000002 13.8 0.4 0 0 0 0 0 0.4 0 0 0 0 0 4 0 0 0 0 0 0 0 3 0 0 0 0.4 0 0 0 0 0 0 0 0 0 0 0.4 0 0 0 0 0 6.4 0 4.2 0.2 0 6.2 0 3.6 4.4 4.2 0 6.4 5.4 0 0 0 2.2 6 0.4 0 2 6.800000000000001 0 0 0 0 8.8 0 0 0 0 0.2 3.8000000000000003 0 1.8 0 0 0 1.8 0 0 0 0 0 0 0 1.8 0 0.4 0 0.4 0 0 0 0 0 0 0 0 0 0 0 0 0 0 0 0 0 0 1.8 0 0 0 0 0 0.2 0 0 0 0 0 0 0 0 0 0 0.4 0.6000000000000001 0.8 18.8 0 3 0 0 0 0 0 0 0 0 0 0 0 0 0 0 0 0 0 0 0 0 0 0 0 0 0 0 0 0 0 0 0 0 0 0 0 0 0 0 
 22.400000000000002 46.2 54.2 62 19 30.400000000000002 30.400000000000002 49.2 29.8 44 0 56.6 7.2 48.400000000000006 16.6 33 24 26.6 9.8 26.8 6.2 0.6000000000000001 0.4 0 0 0.4 0 0 0 0 0.6000000000000001 0 14.8 0 12 0 0.6000000000000001 1.6 0 0.8 0.4 0 0 0.4 0 0 0 0 0.6000000000000001 0.4 0 0 0 0.6000000000000001 13 0 0 0 0 0 0 0.6000000000000001 0 0 0 0 0 0 0 0 9.4 0 0 0.6000000000000001 0 0 0.6000000000000001 0 1.4000000000000001 0 0 1.6 2.8000000000000003 0.4 2.2 6.4 0 0.2 3 8.4 0 1 0 2.2 0 1.4000000000000001 7.6000000000000005 4.800000000000001 0 0 0 0 0 0 0 0.6000000000000001 4 2.8000000000000003 0 0 0 0 6.6000000000000005 1.8 0 3.6 0 0 17 0 0 0 0 0 0 0 0 0 0 0 0 0 0 0 0 0 0 0 0 0 0 0 0 0 0.8 0 0 0 0 0 1.8 0 1.8 0 0 0 0 0 0 0 5.2 11 4.2 0 3.8000000000000003 2.8000000000000003 1.6 5.6000000000000005 4.2 6.2 4 1.6 2.6 0 0 2.4000000000000004 7.2 2.8000000000000003 0 0 0 0 4 0 0 0 0.2 0 4.6000000000000005 0 0 0 11.4 2.2 2.8000000000000003 0 0 0 1.8 0 0 0 0 0 0 0 2.2 0 0 0 0 0 0 0 0 0 0 0 0 0 0 0 0 0 0 0 0 0 0 0 0 0 0 0 0 0 0 0 0 0 0 2.8000000000000003 0 0 0 0.2 18.6 0 0.4 0.6000000000000001 0.2 2 0.8 0 0 0 0 0 0 0 0 0 3 0 0 0 0 0 0 0 0 0 0 0 0 2 1.8 3.8000000000000003 0 0 0 0 0 0 0 0 0 0 0 0.2 
 83.2 23.6 27.6 59.400000000000006 88.80000000000001 69.60000000000001 17 5 24.200000000000003 33.4 56.6 0 48.400000000000006 25.200000000000003 7.6000000000000005 11.8 37 46.400000000000006 83 73.2 4.800000000000001 0.6000000000000001 0.4 0 0.2 0.4 29.6 0 0 0.2 0.6000000000000001 0 27 15 15.200000000000001 0 42.6 0.4 0.2 1 0.4 12.8 0 0.4 1 0 0 0 1.4000000000000001 0.6000000000000001 0 0 0.2 0.6000000000000001 0.6000000000000001 0 2.6 0 0 0 0 0 0 0.2 0 0 0 0 0 0 10 0 0 9.600000000000001 0 0 0.6000000000000001 0 0.6000000000000001 0 0 7 5.6000000000000005 0.2 0.2 11.8 0 2.4000000000000004 0 2.4000000000000004 1.8 7.2 0 2.8000000000000003 2.2 7 0 0.2 0 0 2.8000000000000003 0 0 0 0 0 8.4 0 1.4000000000000001 0 0 0 6.2 8.200000000000001 0 3.4000000000000004 4.6000000000000005 0 2.4000000000000004 6.4 0 0 0 0 0 0 0 0 0 0 0 0 0 0 0 0 0 0 0 0 0 0 0 0 0 0 0 0.6000000000000001 0 0 0 0 0 0 0 0 0 0 0 0 0 0 2.6 2.8000000000000003 0 2 0 4 2.8000000000000003 0.4 0 9.4 1.8 0 0 0 0 9.600000000000001 0 0 10.200000000000001 3.6 3.8000000000000003 0 0.2 0 0 2.2 0 2.2 0 1.2000000000000002 0 0.4 3.4000000000000004 0 0 0 1.2000000000000002 2.6 0 0 0 0 0 0 0 0 0 0 0 0 0 0 0 0 0 0 0 0 0 0 0 0 0 0 0 0 0.4 0 0 0 0 0 0 0 0 0 0 0 0 0 0 0 0 0.6000000000000001 0 0 0.6000000000000001 17.8 0.4 1.2000000000000002 0.4 0 0 0 0 0 0 0 0 0 0 0 0 0 0 0 0 0 0 0 0 0 0 0 2.2 0 0 0 0 0 0 0 0 0 0 0 0 0 
 52.400000000000006 27.8 110.80000000000001 17.6 62.400000000000006 4.6000000000000005 40.400000000000006 65.4 24 12 7.2 48.400000000000006 0 25.400000000000002 8.4 6.800000000000001 10.600000000000001 8.200000000000001 33.800000000000004 20.400000000000002 0 0.4 0.4 0 0.6000000000000001 0.6000000000000001 0.4 0 0 1.2000000000000002 0.6000000000000001 0.4 0 0 0.4 0 0.6000000000000001 0.2 0 0.6000000000000001 0.8 0 0 0.4 0 0 0 12.4 0.6000000000000001 0.2 0 0 0 0.6000000000000001 0 0 0 0 0 0 6.4 0.4 0 0 8 0 0 0 0 0 0 0 0 0.6000000000000001 0 0 0.6000000000000001 0 0.6000000000000001 0 6.800000000000001 1.8 0 2.8000000000000003 0 0 13 6 2.8000000000000003 0 3.2 5.4 1 0 4.800000000000001 5 3 1.8 0.4 4.6000000000000005 0 0 0 0 0 0 0 0 0 0 0 0.4 0 0 0 0 0 0 0 0 0 0 0 0 0 0 0 0 0 0 0 0 0 0 0 0 0 0 0 0 0 0 0 0 0 0 0 0 0 0 0 1.4000000000000001 0 0 0 0 0 0 0 0 4 2.4000000000000004 4.800000000000001 0 2.8000000000000003 0.4 0 0 0 0 0 0 0 6.2 2.6 2.6 3.2 0.2 0.6000000000000001 0.8 5 0 0 0 0 0 0 1 0 0 0 0 0 0 0 0 2 0 0 0 4.800000000000001 0 0 0 0 0 0 0 0 0 0 0 4.2 0 0 0 0 0 0 0 0 0 0 0 0 0 0.4 0 0 0 0 0 0 0 0 0 0 0 0 0 0 0.6000000000000001 0 0 0 0.2 0.2 0 0 0.6000000000000001 0 1.2000000000000002 0.4 0 0 0 0 0 0 0 0 0 0.2 0 0 0 0 0 0 0 0 0 0 0 0 2.2 0 0 0 0 0 0 0 0 0 0.2 0 0 0 0 
 31.6 17.8 32.800000000000004 53.400000000000006 33.800000000000004 7.4 87.2 35.4 17.400000000000002 15.600000000000001 48.400000000000006 25.200000000000003 25.400000000000002 0 71.4 66.60000000000001 25.6 26.200000000000003 37.6 52 0 0.6000000000000001 0.4 0 0 0.4 0 0 0 0.2 0.8 0 0 0 0 0 0.6000000000000001 0.4 0 0.6000000000000001 0.4 0.4 0.2 0.4 0 10.8 0 0 7.2 0.4 0 0 0 0.6000000000000001 0 0 0 0.4 0 0 0 0.2 0 0 0 0 0 0 0 0 6 0 0 1.6 0 0 0.6000000000000001 0 0.6000000000000001 0 1.2000000000000002 2 3 0.2 0 4.800000000000001 3.2 9.200000000000001 5 0 0 0.6000000000000001 5 3.2 14.8 0 10.600000000000001 6.2 0 2 0 0 0 0 0 0 6.2 0 0 0 0 0 0 0.2 0 0 0 0 5.4 0 0 0 0 0 0 0 0 0 0 0 0 0 0 0 0 0 0 0 3.6 0 0 0 0 0 0 0 0 0 0 0 0 0 0.8 3.8000000000000003 0 0 0 0 0 0 0 6.6000000000000005 5.800000000000001 0 0 1.4000000000000001 0 3 5.4 0 2.6 3.6 3 3.2 0.2 3.8000000000000003 2 0.2 8.8 5.4 0 0 0 0 0 0 0 0 0 0 0 0 1 0 0 0 0 0 0 0 0 0 0 0 0 0 0 0 0 0 0 0 0 0 0 0 0 0 0 0 0 0 0 0 0 0 0 0 0 0 0 0 0 1.8 0 0 0 0 0 0 0 0 0 0 0 0.4 0 0 0 0 0 1.6 0 0 0 0 0 0 0 0 0 0 0 0 0 0 0 0 0 0 0 0 0 0 0 1.2000000000000002 5.6000000000000005 3.2 0 0 0 0 0 0 0 0 0 0 0 0 
 77.80000000000001 30.400000000000002 14.200000000000001 55.800000000000004 10.8 16.400000000000002 26 109 57.800000000000004 28.400000000000002 16.6 7.6000000000000005 8.4 71.4 0 32.4 97.80000000000001 10.4 31 36 0.2 0.4 0.4 0 0.2 0.6000000000000001 0 0 0 0 0.6000000000000001 0 0 1 0 0 0.6000000000000001 0.2 40.800000000000004 0.6000000000000001 0.4 0.2 0 0.4 0 0 0 0 0.6000000000000001 0 0 0 0 0.6000000000000001 0 0 0 0 0 0 0 0.6000000000000001 0 0 0 0 0 0 0 0 6.6000000000000005 0 0 0.6000000000000001 0 0 0.4 0 0.4 0 1.6 0 1.8 0 4 0 6.6000000000000005 2.4000000000000004 5 6 0 2 4.2 8.4 2.8000000000000003 1.6 2 4.4 0 5 0 0 0 0 0 0 2 0 0 0 0 0 0 0 0 0 0 0.4 1.4000000000000001 0 0.2 0 0 0 0 0 0 0 0 0 0 0 0 0 0 0 0 0.2 0 0 0 0 0 0 0 2.6 0 0 2.6 0 0 0 0 0 0 0 0 0 0 1.8 5.6000000000000005 0 0 0.2 3.8000000000000003 3 5.6000000000000005 4 3.8000000000000003 7 0 0.8 8.200000000000001 0 2.4000000000000004 2.6 1.6 0 2 3.6 0 0 0 0 0 0 0 0 0 0 0.4 0 3.2 0 0.2 0 0 0 10.8 0 0 0 0 0 0 0 0 0 0 0 0 0 0 0 0 0 0 0 0 0 0 0 0 0 0 0 0 0 0 0 0 0 0 0 0.2 0 0 0 3 0 0 0 0 0 0 0.4 0.2 0.4 1.2000000000000002 0 0 0 2.4000000000000004 0 0 0 0 0 0 0 0 0 0 0 0 0 0 0 0 0.4 0 0 0 0 0 0 0 0.2 0 0 0 0 0 0 0 0 0 0 0 0 
 83.60000000000001 27.200000000000003 4.6000000000000005 31.200000000000003 34 15.4 49.6 53.400000000000006 19.400000000000002 39.400000000000006 33 11.8 6.800000000000001 66.60000000000001 32.4 0 53.800000000000004 44.400000000000006 8 13.200000000000001 0 0.2 0.4 0 0 15.4 0 0 0 0 0.6000000000000001 0 14.8 0.4 0 0 0.6000000000000001 0 0 3.2 0.6000000000000001 11 0 0.4 0 0 0 0 0.6000000000000001 0 6.800000000000001 0 0 0.6000000000000001 0 0 0 0 0 0 0 0.6000000000000001 0 0 0 0 0 0 0 0 6.800000000000001 0 0 7.4 0 0 0 0 0.4 0 0 1.8 4 7 6.6000000000000005 1.8 0 3.4000000000000004 4.6000000000000005 15.8 0 2.2 2.6 0 0 1.4000000000000001 5 3.6 0 0 0 2 0 0 0 0 10.600000000000001 7 0 0 0 0 2.6 0 0 0 0 0 4 0.2 0 0 0 0 0 0 0 0 0 0 0 0 0 0 0 0 0 0 0 0 0 0 0 0 0.8 0 0 0 0 1.4000000000000001 0 0 0 0 0 0 0 0 0 0.6000000000000001 0 2.2 2.2 7.2 4 0 3 6.6000000000000005 0.2 7.4 2.6 8.4 3.6 3.6 4.2 2.2 5.2 2.8000000000000003 0 3.6 0 2.8000000000000003 2.2 0 0 0 1.6 2.2 0 0 0 0 4.6000000000000005 0 0.2 0 0 0 5.2 0 0 0 0 0 0 0 2.2 0 0 0 0 0 0.4 0 0 0 0 0 0 0 0 0 0 0 0 0 0 0 0 0 0 0 0 0 0 0 0 0 0 0 0 0 0 0 0 0 0 0 9.600000000000001 0.8 0.4 1.4000000000000001 0 0 0 0 0 0 0 0 0 0 0 0 0 0 0 0 0 0 0 0 0 0 0 0.2 2 0 0 0 0 0 0 0 0 0.4 0 0 0 0 
 63 5.800000000000001 12 44.800000000000004 11.200000000000001 18.2 67.4 69.2 65.2 28.200000000000003 24 37 10.600000000000001 25.6 97.80000000000001 53.800000000000004 0 56.2 24 8.4 0.2 0.8 0.4 0 0.4 1 0 0 0.6000000000000001 0 1 0 0 0 0.8 0 0.6000000000000001 0.4 0 1 1 0.2 0 0.4 0 0.2 0 0 0.8 1.2000000000000002 0 0 0 0.6000000000000001 0 0 0.4 0.2 0 0 0 0 0 0 0 0 0 0 0 0 0 0 0 0.6000000000000001 0 0 0.6000000000000001 0 1.2000000000000002 0 1.4000000000000001 2.6 7 0 11.8 0 6.4 5.800000000000001 3 8.200000000000001 0 1.8 2.6 3.2 2.2 0.4 2 10 7.800000000000001 3.6 0 4.2 0 0 0 0 0 1.6 0 0 0 0 0 0 0 0 0 0 0.4 0 0 0 0.4 0 0 0 0 0 0 0 0 0 0 0 0 0 0 0.4 0 0 0 0 0.4 0 2.2 0 0 0 0 0 0 0 0 0 0 0 0 0 0 0.6000000000000001 1.6 10.4 0 2 8.200000000000001 0 3 5.2 0.4 9.4 0.2 1.4000000000000001 3.6 6.6000000000000005 3.8000000000000003 5 3 0 0.2 6.6000000000000005 0 1.8 1.2000000000000002 0 0 0 2.8000000000000003 0 0 0 0 0 0 0 2.8000000000000003 0 0 0 3.6 0 0 0 0 0 0 0 0 0.2 0 0 0 0 0 0 0 0 0 0 0 0 0 0.2 0 0 0 0.4 0 0 0 0 0 0 0 0 0 0 0 0 0 0 0 0 0 0 0 0.8 0.4 0.2 0 0.6000000000000001 0 3 2.8000000000000003 0 0 0 0 0 0 0.4 0 0 0 0 0 0 0 0 0 0 0 0 0 0 0 0.2 3 0 0 0 0 0 0 0 0 0 0 0 0 0 
 6.800000000000001 12 84.80000000000001 46 47.6 32 8.6 28.200000000000003 93.60000000000001 60.800000000000004 26.6 46.400000000000006 8.200000000000001 26.200000000000003 10.4 44.400000000000006 56.2 0 8.8 16 0 0.4 0.4 0 0 0.6000000000000001 0.4 0 0 0 0.6000000000000001 0 4.6000000000000005 0 0 0 0.6000000000000001 0.2 0 15.600000000000001 0.4 12.600000000000001 0 0.8 0 0 0 0 1.8 0.2 0 0 0 0.6000000000000001 0 0 0 0.4 0 0 0 0.6000000000000001 0 0 0 0 0 0 0 0 0 0 0 0.6000000000000001 0 0 7.6000000000000005 0 0.6000000000000001 0 2.2 4.4 14.200000000000001 7.800000000000001 5.6000000000000005 8.6 6.2 0 0 7.4 3.4000000000000004 3.2 3.2 0.2 4.2 0 0 5.4 0 0 2.4000000000000004 12 0 0.4 0 0 10.8 0.6000000000000001 0 1.2000000000000002 0 0 3.8000000000000003 3 0 0 0 0 0 0 0 0.4 0 0 0 0 0 0 0 0 0 0 0 0 0.2 0 0 3.2 0 0 0 0 0 0 0 0 0 0 0 0 0 0 0 1.8 0 0 0 0 0 0 3.6 5 3.4000000000000004 2 2 4.4 0 1.4000000000000001 2.8000000000000003 9 2.4000000000000004 3.6 2.6 3.6 0 5.4 2.4000000000000004 6.4 6.4 2.6 2.4000000000000004 10.8 2.8000000000000003 0 0 0 4.4 0.6000000000000001 0 0 0 0 5 0 0 1.8 0 0.2 2.2 0 0 0 0 0 0 0 0 0 0 0 0 0 0 0 0 0 0.4 0 0 0 0 0 0 0 0 0 0 0 0 0 0 0 0 0 0 0 0 0 0 0 0 0 0 0 0 1 0.2 0.4 0 17.6 0 1.8 0.4 0 0 0 0 0 0 0 0 0 0.4 0 0 0 0 0 0 0 0 0 0.4 0 0 0 3.8000000000000003 0 0 0 0 0 0 0 0 0 0 0 0 0 
 45.2 29.8 27.8 36.6 14.200000000000001 28.8 7.4 27.6 23.200000000000003 17.2 9.8 83 33.800000000000004 37.6 31 8 24 8.8 0 56.6 0 0.8 0.4 0.6000000000000001 0 1.2000000000000002 0 0 0 0 0.6000000000000001 0 0 0 0 0 1.2000000000000002 0.2 0.2 0.6000000000000001 0.4 0.6000000000000001 0 0.6000000000000001 0 0 0 0 13.4 0 0 0 0 1 0 0 0 0 0 0 0 2 0.2 0 0 0 0 0 0 0 0 0 0 0.6000000000000001 0 0 0.2 0 0.4 0 7.4 3.6 6.2 0 0 0 8.8 3.6 0 3.8000000000000003 0 5.800000000000001 2 5.2 0 4.800000000000001 1.4000000000000001 3.2 0 3.2 0 0 0 0 0 0 0 0 0 0.2 0 0 0 0 0 0 0 0 0 0 0 0 0 0 0 0 0 0 0 0 0 0 0 0 0 0 0 0 5.2 0 0 0 0 0 0 0 0 0 0 0 0 0 0 0 0 0 0 0 0 1.4000000000000001 3.8000000000000003 0 2.8000000000000003 0 0 0 13.8 0.2 0 0.2 4.2 1.8 8.200000000000001 0.2 3.8000000000000003 2.4000000000000004 2.6 2.6 0 0.8 1.8 0 0 0 0.4 0 0 0 0 0 0 0 0 0 0 0 0 0 0 0 0 0 0 0 0 0 0 0 0 0 0 0 0 0 0 0 0 0 0 0 0 0 0 0 0 0 0 0 0 0 0 0 0 0 0 0 0 1 0 0 0 0 0 0 0 0 0.4 0 0 1.4000000000000001 0.4 0.6000000000000001 0 0 0 0 0 0 0 0 0 0 0 0 0 0 0 0 0 0 0 0 0 0 0 0.2 0 0 0 0 0 0 0 0 0 0 0 0 0 0 
 9.4 73.8 48.6 26.400000000000002 31.6 7.800000000000001 23.8 29.400000000000002 12.4 23 26.8 73.2 20.400000000000002 52 36 13.200000000000001 8.4 16 56.6 0 0 0.6000000000000001 0.4 1 0 0.6000000000000001 0.2 0 0.6000000000000001 0.4 0.6000000000000001 0.6000000000000001 0 0.4 0.4 1 1.2000000000000002 0.2 0 1 0.4 3.2 0 1.6 0 0 0 0.4 14.200000000000001 0.2 12.4 12.4 0.4 1.2000000000000002 0 0 0.6000000000000001 0 0 0 0.4 1.2000000000000002 0.4 0 0 0.4 0 0.8 1 0.4 0 0.4 0.2 0.8 1.6 0.2 0.6000000000000001 0 1 0 8.6 4.6000000000000005 2.2 2.8000000000000003 0 5.2 9.200000000000001 0 2.4000000000000004 0 2.8000000000000003 4 3.4000000000000004 4.6000000000000005 2.4000000000000004 0.6000000000000001 0 6.4 0 2.8000000000000003 0 0 0 0 0 0 0 0 0 0 0.4 0 0.2 0 0 0 0 0 0 0 0 0 0 0 0 0.2 0 0.2 0 0 0 0 0 0 0 0 0 0 12.600000000000001 0 0 0 0 0 0 0 0 0 0 0 0 0 0 0 0.4 0 0 0.4 0 0.2 6.4 2 3.2 0.2 4.4 0.2 1.8 0 1 2 1.4000000000000001 0 3.2 3.6 0 6.2 0 9.200000000000001 9.200000000000001 4.4 0 0 0 0 0 0 0 0 0 0 0 0.2 0 0 0 0 0 0 0 0 0 0 0 0 0 0 0 0 0.4 0 0 0 0 0 0 0 0 0 0 0 0 0 0 0 0 0 0 0 0 0 0 0 0 0 0 0 0 0.2 0 0 0 4 0 0 0 0.2 10.200000000000001 0 0 9.200000000000001 0 1.4000000000000001 0 0 0 0 0.2 0 0 0 0 0 1.4000000000000001 0 0 0 0 0 0 0 0.6000000000000001 0 0 0 0 0 3.8000000000000003 0 0 0 0 0 0 0 0 0 0 0 0 0 
 0.4 0 1 15 15 15 0 0 0 0 6.2 4.800000000000001 0 0 0.2 0 0.2 0 0 0 0 58.400000000000006 24.400000000000002 11.4 7.6000000000000005 10.200000000000001 29.400000000000002 8.200000000000001 15.4 19.200000000000003 7.800000000000001 8 38 30.200000000000003 18.2 26.200000000000003 16.400000000000002 13.4 18 18.6 1.4000000000000001 1.2000000000000002 0.6000000000000001 0.4 0 0.6000000000000001 0 0 0 0 0 0.6000000000000001 0 12.8 12.200000000000001 0 0 0.8 0.6000000000000001 0 0 0.2 0 0 0 0 0 0 0.6000000000000001 0.6000000000000001 0 0 0 0.4 0 0 0.4 0 1.2000000000000002 0.2 0 0 2.2 0 0 3.8000000000000003 0 2.8000000000000003 0 0 1.6 0 0 0 0 0.2 0 0 0 0 0.4 0 0 2 0 5.4 0 2.2 0 0.2 1.6 1.4000000000000001 7.2 14 9.200000000000001 3.8000000000000003 0 1.8 3.8000000000000003 13.200000000000001 0 0 0 0 0 0 0 0 0 0 0 0 0 0 0 0 0 0 0 0 0 0 0 0 0 0 0 0 0 0 0 0 0 0 0 0 0.2 0.8 0 0 0.4 0 0 3.4000000000000004 0 0 0 0 0 1.2000000000000002 0 0 0 0 0 0 0.2 2.8000000000000003 0 0 0.2 0 10.4 3.2 4 0 0 9.4 7.800000000000001 2.4000000000000004 0 5.2 0.6000000000000001 7.4 6.6000000000000005 2.4000000000000004 3.8000000000000003 2.2 0 1.8 0 0 0 0 0 0 3 0 0 0 0 0 0 0 0 0 0 0 0 7.4 0 0 0 0 0 0 0 0 0 0 0 0 0 0 0 0 0 0 0 0 0 0 0 0 0 0 0 0 0 0.2 0 0 0 0 0.4 0 0 0 16.2 0.4 0.2 0 0 0 0 0 0 0 0 0 0 0 0 0 0 0 0 0 0 0 0 1.4000000000000001 0 0 0 0 0 0 0 2.8000000000000003 
 0.4 0.2 0.8 0.2 14.8 0.6000000000000001 0.2 0.6000000000000001 4.800000000000001 0.8 0.6000000000000001 0.6000000000000001 0.4 0.6000000000000001 0.4 0.2 0.8 0.4 0.8 0.6000000000000001 58.400000000000006 0 32.800000000000004 29 28.400000000000002 21.400000000000002 19.6 66.4 24.8 23.8 23 58.800000000000004 14.4 25.6 24.8 29 8.6 69.4 6.800000000000001 7.800000000000001 0.2 0.6000000000000001 0.4 0.4 0 0.6000000000000001 0 0 0 0.6000000000000001 0 0.6000000000000001 0 0 0.4 0 0 0.4 13 0 0 0 0 0 0 0 0 0 0.6000000000000001 0.6000000000000001 0.2 0 1 0.6000000000000001 0 0 0.4 0 9.4 0.6000000000000001 0 0 0 0 0 0 0 0 0 0 0 0 0 0 0 0 0 0 0 0 2.2 3 10.600000000000001 4.6000000000000005 0 4.2 2.2 2.8000000000000003 8 5.800000000000001 9.200000000000001 3.6 0 0 0.2 3.2 4.2 2.6 0 0 2 0 0 0 0 0.4 2.2 1.4000000000000001 0 0 0 0 0 0.4 2 0 0.2 0 4.4 2.2 0 0 0 0.2 0 0 0 0 0 0 0 0 0 0 0.2 0 0 0 0 0 0 0 0 0 0 0 0.8 0 0 0 0 0.4 0 0 0 0 0 0 0 0 3 0.2 2.4000000000000004 9.8 4.4 1.2000000000000002 2.4000000000000004 3 3 3.4000000000000004 3 12.600000000000001 0.2 0 0 0.2 4.2 2.2 0 0.2 0 0 0 0.4 0 0 3.6 2 0 0 0 0 1.4000000000000001 0 0 0.2 0 0 4.800000000000001 2.6 0 0 0 0 0 0 0 0 0 0 0 0 0 0 0 0 0 0 0 0 0 0 0 0 0 0.2 0 0 0 0 0 0 0 0 1 0 0.2 15.4 15.600000000000001 0 0.6000000000000001 1.2000000000000002 0 0 0 0 0 0 0 0 0 0 0 0 0 0 0.2 0 0 1.4000000000000001 0 0 0 0 0 0 0 0 0 0 
 0.4 0.4 0.6000000000000001 0.8 0.4 0.4 0.6000000000000001 0.4 0.4 0.8 0.4 0.4 0.4 0.4 0.4 0.4 0.4 0.4 0.4 0.4 24.400000000000002 32.800000000000004 0 34 19.8 22.8 13.8 18 25.6 21.8 23.200000000000003 4.2 11.8 26.8 22.400000000000002 28.6 16.8 16.8 6.2 8.6 2.2 1.6 0.4 0.4 0 0.6000000000000001 0 0 0 0.4 0 0.6000000000000001 0 12.8 0.2 0 0 0.4 18.2 0 0 0 0 0 0 0 0 0 0.6000000000000001 0.6000000000000001 0.8 9.8 0 11.4 0 0.8 0.4 0 0 0 0 0 0 0 0 0 0 0 0 2 0 0 0 0 0 0 0 0.2 0 0 0 2.6 2.4000000000000004 1.8 5 8.8 0 2.8000000000000003 0.6000000000000001 0.2 1.4000000000000001 1.8 0 0 6.2 3.2 2.4000000000000004 6 0 3 6.4 0 0.2 0 0 0 1.8 0 0 0 0 0 3.8000000000000003 2.4000000000000004 2.6 0 0.4 0 7.6000000000000005 0 0 0 0 0 0 0 0 0 4.2 0 0 0 0 0 0 0 0 0.8 0 0 0 0 0 0 0 0.8 0 0.4 0 0 0 0.4 0 0 0 0 0 0 0 0 0 0 6.800000000000001 12.200000000000001 9.4 0 0 4 0.8 5.800000000000001 5.4 14.600000000000001 0 1.8 0 6.2 5.6000000000000005 6.6000000000000005 0 0 0 0.2 0 0 0 2.6 4.4 1.8 0 0 0 0 4.800000000000001 0 0 1.8 4.2 0 2.4000000000000004 6.2 0 3 0 0 0 0 0 0 0 0 0 0 0 0 0 0 0 0 0 0 0 0 0 0 0 0 0 0 0 0 0 0 0 0 1.6 0 0 15.8 15.4 0 0 1.4000000000000001 0 0 0 0 2.8000000000000003 0 0 0 0 0 0 0 0 0 0 0 0 13 0 1.6 0 0 0 0 2.2 0 0 0 
 0 0 16 0 0 0 0 0 3.8000000000000003 0 0 0 0 0 0 0 0 0 0.6000000000000001 1 11.4 29 34 0 51.800000000000004 8.4 18.2 30 29.8 33.800000000000004 39.2 15.200000000000001 13.8 74.2 80.60000000000001 9 59 15.600000000000001 31.6 12.600000000000001 0 0.6000000000000001 0.4 0.4 0 0.6000000000000001 12.600000000000001 0 0 1.4000000000000001 0 0.6000000000000001 0 0 0.6000000000000001 0.4 0.2 0.4 0.8 0 0 0 0 0 0 0 0 0 0.6000000000000001 0.6000000000000001 0.2 0 0 0.4 0 0 0.4 0 0 0.2 0 0 0 0 0 0 0 0 0 0 0 0 0 0 0 0 0 0 0 0 0.2 2.8000000000000003 8.4 0 4 2.2 0 0 3.2 0 0 9.8 0 0 0 3.2 2 11.200000000000001 0 0 8 10.200000000000001 0 0 0 0 1.4000000000000001 2 0 0 0 0 2.6 1.4000000000000001 12 1 0 0 3 2.6 0 0 0 0 0.2 0 0 0 0 0 0 0 0 0 0.4 0 0 0 0 0 0 0 0 0 0 1.2000000000000002 0 0 0 0 0 0.2 0 0 0 0 0 0 0 0.4 0 1.6 6.800000000000001 4 6.2 0.2 0 0 2.4000000000000004 1.8 5 4.800000000000001 0 0 3.6 0 1.8 2.4000000000000004 0 2.2 0 3.4000000000000004 0 0 0 0 0 0 0 0 0.4 0 4.6000000000000005 0 2.2 1.8 0.6000000000000001 0 0.2 1.4000000000000001 0 0 0 0 0 0 0 0 0 0 0 0 0 0 0 0 0 0 0 0 0 0 12.4 0 0 0 0 0 0 0 0 0 0 0 2.2 0 0.4 15.200000000000001 0 0 0 0.2 0 0 0 0 6.4 0 0 0 0 0 0 0 0 0 0 0 0 5.2 0 1.8 0 0 0 0 3 0 0 0 
 0 0 0 0 0 0 0 14.8 0 0 0 0.2 0.6000000000000001 0 0.2 0 0.4 0 0 0 7.6000000000000005 28.400000000000002 19.8 51.800000000000004 0 72.60000000000001 55 47.400000000000006 14.4 33 34.800000000000004 63.6 14.600000000000001 28.200000000000003 28.6 19.6 12.8 68.4 13.600000000000001 14.4 0 0.6000000000000001 0.4 0.4 0 0.6000000000000001 12.4 12.8 10.600000000000001 1.2000000000000002 0 0.6000000000000001 29.200000000000003 0 2 12 0 0.6000000000000001 0.6000000000000001 0 9.600000000000001 0 0 0.6000000000000001 0 0 0 0 0.6000000000000001 0.6000000000000001 0.4 0 3.6 0.2 0 0 0.4 0 0 0 0 0 0 0 0 0 0 0 0 0 0 0 0 0 0 0 0 0 0 0 4.2 1.8 8 2.8000000000000003 4.2 6.4 0 0.2 9 3.2 2 7.6000000000000005 0 0 0 2.2 0.4 4 0 0 0 3.4000000000000004 3.8000000000000003 0 0 0 0 7.2 0 0 0 0 3.4000000000000004 5.800000000000001 10 1.4000000000000001 0 0 2 5 0 0 0 0 0 0 0 0 0 0 0 0 0 0 0.4 0 0 0 0 0 0 0 0 0 0 0 0 0 0 0 0 0.2 0 0 0 0 10.200000000000001 0 0 0 0 2.2 3.2 4 4.4 0.2 3.2 0 3.4000000000000004 0.2 11.8 4.4 0 0 1.8 0 1.8 2 0 1.6 0 3 0 0.2 0 0 0 0 0.2 0.2 0 0 2.4000000000000004 0.6000000000000001 3 1.8 0.4 0 4.800000000000001 5.800000000000001 0 0 0 0 0 0 0 0 0 0 0.4 0 0 0 0.4 0.2 0 0 0 0 0 0 2.4000000000000004 0 0 0 0 0 0 0 0 0 0 0 0.4 0.6000000000000001 0.6000000000000001 15.8 0.4 4.6000000000000005 1.4000000000000001 0.2 0 0 0 0 0 0 0 0 0 0 0 0 0 0 0 0 0 3.4000000000000004 0 2 0 0 0 0 0 0 0 0 
 0.6000000000000001 0.6000000000000001 0.6000000000000001 0.6000000000000001 0.4 0.6000000000000001 0.6000000000000001 0.4 0.4 0.6000000000000001 0.4 0.4 0.6000000000000001 0.4 0.6000000000000001 15.4 1 0.6000000000000001 1.2000000000000002 0.6000000000000001 10.200000000000001 21.400000000000002 22.8 8.4 72.60000000000001 0 8.6 6 26.6 23.6 32.2 24.8 6.4 11.600000000000001 9 15.600000000000001 10.4 20.200000000000003 49.2 12.200000000000001 0 4.6000000000000005 13.600000000000001 0.4 0.4 1.2000000000000002 12.8 0 12.4 0.6000000000000001 0 0.6000000000000001 12.200000000000001 0 42.2 0 0 0.6000000000000001 1 0 0 0 0 0 0 0 0 0 0.6000000000000001 0.6000000000000001 0.6000000000000001 0 0 0.2 0 0 1.2000000000000002 0 0 0 0 0 0 2.2 0 0 0 0 0 0 0 0 0 0 0 0 0 0 0 0 0 0 0 0 4.2 0 0 0 0 1.2000000000000002 1.2000000000000002 4.2 0 0 0 2.4000000000000004 4.800000000000001 0 0 0 9.4 0 0.2 2.2 0 0 1.4000000000000001 0.2 1.6 0 1.6 0 3.8000000000000003 3.6 2 0 1.2000000000000002 0 7.4 3.8000000000000003 0 0 0 0 0 0 0 0 0 0 0 0 0 0 0 0 0 0 0 0 0 0 0 0 0 1.2000000000000002 0 0 0 0 0 0.2 0 0 0 0 0 0 0 0 0 1.6 0 2 0 3.6 2.2 0 0 1.8 1.6 0 0 0 0 0 4.2 2.4000000000000004 0 0 0.2 3 1.8 0 0 2 1.8 0.2 0 0 0 0 2.6 1.8 2 1.6 0.4 0.2 0.2 7.4 0 0 0 0 0 0 0 0 0 0 0 0 0 0 0 0 0 0 0 0 0 0 0 0 0 0 0 0 0 0 0 0 0 2.6 0 0 0.4 14.600000000000001 1 0 0.6000000000000001 3.8000000000000003 0 0 0 0 2.8000000000000003 0 0 0 0 0 0 0 0 0 0 0 0 0 0 0 0 0 0 0 2.6 0 0 0 
 0 0 0 15.4 14.4 5.6000000000000005 0 14.4 0 15.600000000000001 0 29.6 0.4 0 0 0 0 0.4 0 0.2 29.400000000000002 19.6 13.8 18.2 55 8.6 0 48 18.2 7.800000000000001 23 48.2 37.2 57.400000000000006 18.6 41.2 65.2 8.6 98.60000000000001 69.2 0 0.6000000000000001 0.4 0.4 1.4000000000000001 0.6000000000000001 0 0 0.8 0.6000000000000001 0 0.8 0 0 12.8 0 0 0.4 0.6000000000000001 0 0 0 0.4 0 0 0 0 0 0.6000000000000001 0.6000000000000001 0 0 0 0.6000000000000001 0 11.200000000000001 0.4 0 0 0.4 0 0 0 0 11.8 2.8000000000000003 0 15.200000000000001 0 0 0.6000000000000001 0 0 0 0 0 0 0 0 0 3.6 5.800000000000001 2 0.8 0 1.8 3 0 6.4 0.2 0 0.2 2.4000000000000004 10 7.800000000000001 0 6.2 13.600000000000001 2 7.800000000000001 1 0 0 0 0 0 0 0 0 0 0 0 0 0 0 5.4 4 0 0 2 0 0 0 0 0 0 0 0 0 0 0 0 0 0 0.4 0 0 0 0 0 0 0 0 0.4 0 0 0 0 0 0 0 2.4000000000000004 0 0 0 0 0 0 0 0 0 0.2 0 2 2.4000000000000004 5.800000000000001 3.8000000000000003 3.4000000000000004 1.6 3.4000000000000004 1.6 2.4000000000000004 2.2 0 16.8 4.4 0.4 1.2000000000000002 5.6000000000000005 7.4 0 0 0 0 0 0 0 0 0 0 0 0 0 0 0 0 0 0 0 0 0 0 0 0 0 0 0 0 0 0 0 0 0 0 0 0 0 0 0 0 0 0 0 0 0 0 0 0 0 0 3 0 0 0 1 0 0 0 0.2 0 1 0.2 0 0 0 0 0 0 0 0 0 0 0 0 0 0 0 0 0 0 0 2 0 0 0 0 0 0 0 0 
 0 0.4 0 0.2 0 16.2 0.4 0 0 0 0 0 0 0 0 0 0 0 0 0 8.200000000000001 66.4 18 30 47.400000000000006 6 48 0 84.2 25 31.200000000000003 85.4 31.200000000000003 23.6 67.4 21.200000000000003 26.400000000000002 19.8 15.4 42 0 1.6 0.4 0.4 0 0.6000000000000001 1 0 0 0.6000000000000001 0 0.6000000000000001 1.6 0 0.2 0 0.6000000000000001 0.4 13.200000000000001 0 0 0 0 0 0 0 0 0 0.6000000000000001 0.6000000000000001 0.2 0 0 0.6000000000000001 0 0 0.4 0 0 0.4 0 0 0 0 0 0 0 0 0 0 0 0 0 0 0 0 0 0.4 0 0 0 4.2 7.4 0.4 3.2 5.6000000000000005 3.8000000000000003 1.8 6.6000000000000005 8 3.6 0 0 0 1.8 10.4 2.4000000000000004 13.600000000000001 0 3 2 0 0 0 0.4 0 0 0 0 0 0 0 0 0 0 0 0 0 2.4000000000000004 0.4 0 0 0 0 0 0 0 0 0 0 0 0 0 0 0.6000000000000001 0 0 0 0 0 0 0 0 0 0 0 1 0 0.2 0 0 0.4 0 0 0 0 0 0 0 0 6.6000000000000005 0 4.800000000000001 11.200000000000001 6.2 6.4 4.6000000000000005 1.8 1 1.8 6.800000000000001 6 0 2.2 0 0.4 7.800000000000001 2 0 2 0 0 0 0 0 0 2 2 0 0 0 0 0 0 0 0.4 0 0 0 0 0 0 0 0 0 0 0 0 0 0 0 0 0 0 0 0 0 0 0 0 0 0 0 0 0 0 0 0 0 0 0 0 0 0 0.8 0 0.4 0.2 0.2 0.8 0.4 3 0 0 0 0 0 0 0 0 0 0 0 0 0 0 0 0 0 5.2 0 0 0 0 0 0 0 0 0 0 
 0 0 0 0.8 0.2 3 0 0 0 0 0 0 0 0 0 0 0.6000000000000001 0 0 0.6000000000000001 15.4 24.8 25.6 29.8 14.4 26.6 18.2 84.2 0 34.2 7.6000000000000005 50.6 21.400000000000002 42.2 18.8 37.4 10.600000000000001 11.200000000000001 39.2 14.600000000000001 0.6000000000000001 0.6000000000000001 0.4 0.4 0.4 0.6000000000000001 1.2000000000000002 0 0 0.6000000000000001 0 0.6000000000000001 0 0 0.2 0 0 0.2 13 0 9.200000000000001 0 0 0 0 0 0.2 0 0.6000000000000001 0.6000000000000001 0.2 0 2 0.6000000000000001 0 0 0.4 0 0 0.6000000000000001 0 0 0 0 0 0 0 0 0 0 0 0 0 0 0 0 0 0 0 0 2.8000000000000003 4.800000000000001 4.2 6.800000000000001 1.4000000000000001 2.6 0.4 6 2 7.2 3 3.6 0 0 8.6 0 0 4.6000000000000005 0 2.6 1 0 0 0 0 0 0.2 0 0 0 0.4 0 0 0 2.4000000000000004 0 0 0 1.4000000000000001 0.2 0 0 0 0 0.2 0 0 0 0 0 0 0 2.2 0 0 0 0 0 0 0 0 0 0 0 0 0.6000000000000001 0 0 0 0 0 0.4 0 7.2 2.8000000000000003 0 0 0 0 0 4.800000000000001 0 0 5 6.6000000000000005 0 8.6 5.800000000000001 0 1.2000000000000002 0 2.2 0 3.8000000000000003 0 5.800000000000001 4.800000000000001 0 3.2 0 0 0.2 0 0 0 0 1.4000000000000001 1.8 0 0 0.2 0 2.2 0 0 0 2.2 0 0 2.2 0 0 0 0 0 0 0 0 0 0.2 0 0 0 0 0 0 0 0 0 0 0 0 0 0 0 0 0 0 0 0 0 0 0 0 0.4 0 0 0 15 0 0.2 0 0 0 0 0 0 0 0 0 0 0 0 0 0 0 0 0 0 0 0 1.6 0 0 0 2 0 0 0 0 
 0 0 0 0 0 0.2 0 0 0 0 0 0.2 1.2000000000000002 0.2 0 0 0 0 0 0.4 19.200000000000003 23.8 21.8 33.800000000000004 33 23.6 7.800000000000001 25 34.2 0 27.400000000000002 7.800000000000001 26.400000000000002 49.6 41.400000000000006 28 44.800000000000004 69.60000000000001 21.400000000000002 34.6 1.2000000000000002 1.4000000000000001 0.4 0.4 0.2 0.6000000000000001 0 0 0.2 0.6000000000000001 0 0.6000000000000001 0.6000000000000001 41.6 0.2 0 0 0.8 0.8 0 0 0 0 0 0 0 0 0 0.6000000000000001 0.6000000000000001 0 0 0.2 0.2 0 0 0.4 0 0 0 0 0 0 0 0 0 0 0 0.4 0 0 0 0 0 0 0 0 0 0 0.2 1.2000000000000002 1.8 4 6 4.800000000000001 2.8000000000000003 0 0 3.6 2 16.400000000000002 4.800000000000001 0 0 2.2 2.8000000000000003 8 8 0 0 0 0 0.2 0 0 0 3.8000000000000003 0 0 0 0 0 0 0 0 0 0 0 0.2 3.2 0 0 0 0 0 0 0 0 0 0 0 0 0 0 0.4 0 0 0 0 0 1.4000000000000001 0 0 0 0 0 0 0 0 0 0 0.2 0 0 0 0 0 0 0 0 0.2 5 0.2 0 3.8000000000000003 4.800000000000001 2.4000000000000004 0 1.4000000000000001 2.2 7.800000000000001 15.8 0.8 0 6 3.2 7.6000000000000005 1.6 0 1.8 0 0 0 0 0 0 5.800000000000001 0 0 0 0 0.8 12 3.6 0 1.8 0 0 0.8 0 0 0 0 0 0 0 0 0 0 0 0 0 0 0 0 0 0.2 0 0 0 0 0 0 0 0 0 0 0 0 0 0 0 0 0 0.4 0 0.4 0.6000000000000001 1.4000000000000001 0.2 2.4000000000000004 0.2 0 0 0 0 0 0 0 0 0 0 0 0 0 0 0 0 0 0 0 3.4000000000000004 0 0 0 0 0 0 0 0 
 0.8 0.6000000000000001 1.2000000000000002 0.6000000000000001 0.6000000000000001 0.6000000000000001 0.6000000000000001 0.6000000000000001 0.6000000000000001 0.6000000000000001 0.6000000000000001 0.6000000000000001 0.6000000000000001 0.8 0.6000000000000001 0.6000000000000001 1 0.6000000000000001 0.6000000000000001 0.6000000000000001 7.800000000000001 23 23.200000000000003 39.2 34.800000000000004 32.2 23 31.200000000000003 7.6000000000000005 27.400000000000002 0 49.6 49.800000000000004 51.800000000000004 13.4 36.800000000000004 37.6 39.6 7.6000000000000005 15.600000000000001 0 0.6000000000000001 0.8 0.4 0 0.6000000000000001 0 0.2 0.2 1.4000000000000001 0 0.6000000000000001 0 0 12.600000000000001 0 0 0.8 26.200000000000003 6.2 0 0 0 0 0 0 0 0 0.6000000000000001 0.6000000000000001 0 0 0 0.6000000000000001 0 0.2 0.4 0 0 0.6000000000000001 1.8 0 0 0 0 0 0 0 0 0 0 0 0 0 3.4000000000000004 0 0 0 0 0 0 0 0.4 10 2.4000000000000004 4.2 0 0 0 0.2 0.2 3 0 0 0 0.2 4.2 0 0 0 4.2 0 1.8 0 0 3 5.2 3.4000000000000004 3 2.6 0 0 4 2.4000000000000004 0 1.6 2.2 0 0 0.4 0 0 0 0 0 0 0.8 0 0 0 0 0 0 0 1.4000000000000001 0 0 0.2 0 0 0 0.2 0 0 0 0 0 0 0.2 0 0 0 0 0 0 0 0 0.4 1.8 0 0.2 6.4 0 0 0.2 5 0 0 2.6 0 7.800000000000001 4.4 1.8 0 2.4000000000000004 0.2 3.4000000000000004 2.4000000000000004 0 2.4000000000000004 4.800000000000001 0 0 0 0 0 5.800000000000001 1.6 2.2 0 0 0 11.200000000000001 0 0 0 0 0 6.6000000000000005 1.4000000000000001 0 0 0 0 0 0 0 0 0 0 0 0 0 0 0 0 0.2 0 0 0 0 0 3.2 0 0 0 0 0 0 0 0 0 0 0 1 0 0 15.4 15.600000000000001 0 4.2 0 0 0 0 0 3.4000000000000004 0 0 0 0 0 0 0 0 0 2.8000000000000003 0 0 0 0 0.2 0 0 0 0 0.4 0 0 0 
