 0 64.60000000000001 20.6 24 4.800000000000001 6 29 41.400000000000006 60.800000000000004 3.4000000000000004 16.400000000000002 26.8 47.800000000000004 44.400000000000006 46.800000000000004 23.200000000000003 7.6000000000000005 24.400000000000002 5.4 18.2 0.6000000000000001 0.6000000000000001 1 0.6000000000000001 0.2 0.6000000000000001 0 0.4 0 0 0.4 0 1 0 0.4 0 0.2 0 0 0 0 0.4 0 0 0 0.6000000000000001 0.6000000000000001 0.2 0 0 0 0.2 0.8 0 0 13.200000000000001 13.600000000000001 0 0.6000000000000001 0 0 0 0 0.8 0 0 0 0 0 0.8 0.4 0 0 0 0.4 0 0 0.6000000000000001 0 0.6000000000000001 2 3.8000000000000003 10 2.6 4.800000000000001 0 9 2.4000000000000004 2.8000000000000003 1.4000000000000001 0 4.800000000000001 6.6000000000000005 0 0 4.4 4.6000000000000005 8 5.800000000000001 2.4000000000000004 0 0 0 0 0 0 0 0 0 0 0 0 0 0 0 0 0 0 1.8 0 0 0 0 0 0.2 0 0 0 0 0 0 0 0 0 3.8000000000000003 0 0 0 0 0 0 0 0 0 0 0 0 0.2 0 0 0 0 0 0 0 0 0 0 0 0 3.2 4.4 2.8000000000000003 0.2 2.8000000000000003 0 2.2 2.6 3.8000000000000003 2.4000000000000004 0 0 3.8000000000000003 5 0 0.2 2 3 5 4.2 0 0 0 0 0 0 0 0 0 0 0 0 0 0 0 0.4 0 0 0 1.4000000000000001 0 0 0 0 0 0 0 0 0.4 0 0 0 0 0 0 0 0 0 0 0 0 0 0 0 0 0 0 0 0.6000000000000001 0 0 0.4 0 0 0 0 0.4 0 0 0 0 0 0 0 0 0 0 0 0.4 0.4 0 2.4000000000000004 0 0 0 0 0 0 0 0 0 0 0 0 0 0 0 0 0 0.2 0 0 0 0 0 0 0 0 0 0 0 0 0 0 0 0 0 0 0 0 
 64.60000000000001 0 46 74 48.800000000000004 6.800000000000001 16.400000000000002 52.800000000000004 14.8 7.2 24.8 8.6 54.400000000000006 110.80000000000001 83.4 26.8 38 6.2 26.6 25.200000000000003 0.6000000000000001 1 1 0.6000000000000001 0 0.6000000000000001 0 0 0 0 0.2 0 0.4 0 0.4 0 0 0 0 0 0 0.4 0 0 0.2 0.6000000000000001 0.6000000000000001 0.2 0 0 0 0 6.6000000000000005 0 0 9.600000000000001 12.8 0.6000000000000001 0.6000000000000001 0 0 0 0 1 0 0 0 0.4 0 0.4 0 0 0 0 0.6000000000000001 0 5.6000000000000005 0.4 0 0.6000000000000001 11.600000000000001 3.4000000000000004 2.6 2 3.4000000000000004 0 4.800000000000001 4.800000000000001 2.6 0 8.6 1.6 1.2000000000000002 0 12 3.2 6.6000000000000005 0 3.4000000000000004 2.4000000000000004 0 0 0 0 0 0 0.4 0 0 0 0 0 0 0 0 0 0 3.8000000000000003 2.8000000000000003 0 0.4 0 0 0 0 0 0 0 0 0 0 0 2.4000000000000004 0 0 0 0 0 0 0 0 0 0 0 0 0 0 0 0 0 0 0 0 0 0 0 0 0 0 2.2 2.6 3.4000000000000004 0 0.4 4.800000000000001 0 0 4 0 2 2.6 4 5.6000000000000005 0.6000000000000001 3 0 0 5.2 7.4 10.8 0 0 0 0 0 0 0 0 2.8000000000000003 0 0.2 0 2.8000000000000003 0 0 0 0 0 3 0 0 0 0 0 0 0 0 0 0 0 0 0 0 0 0 0 0 0.2 0 0 0 0 0 0 0 0.2 0 0 0 0 0 0 0 0 0 0 0 0 0 0 0 0 0 0 0 0 0 0 0 0.4 0 0.8 0 0 0 0 0 0 0 0 0 0 0 0 0 0 0.2 0 0 0 0 0 0 0 0 0 0 0 0 0 0 0 0 0 0 0 0 0 0 0.4 
 20.6 46 0 31.200000000000003 17.400000000000002 6.2 13.8 38 78.80000000000001 14.600000000000001 15.200000000000001 105 13.600000000000001 95 7.800000000000001 35.800000000000004 42.2 51.2 8.8 26 0.8 0.6000000000000001 0.8 0.6000000000000001 0 0.6000000000000001 0 0.6000000000000001 0.2 0 0.6000000000000001 0 4.800000000000001 0 0.4 0 0.2 0 19 30.8 0 1 0 0 0.2 0.6000000000000001 0.6000000000000001 0 0 0 0 0 0 0 0 0 0 0 0.6000000000000001 0 0 0 0.6000000000000001 0 0 0 0 11 0 1.8 0.4 0 0 0 1.6 0 0 0.6000000000000001 0 0.6000000000000001 4 4 7.4 3 0.2 0 0 0 5.800000000000001 5 0 5.6000000000000005 0 3.6 5 0.2 5 1.8 0 0.4 0 0 0 0 0 0 0 0 0 0 0 0 0 0.2 0 0 0 0 3.8000000000000003 0 0 0 0 0 0 0 0 1.8 0 0 0 0 0 0 0 0 0 0 0 0 0 0 0 0 0 9.200000000000001 0.2 0 0 1.6 0 0 0 0 0 0 0 0 0 0 3.8000000000000003 8.4 0.4 1.2000000000000002 5.800000000000001 10.200000000000001 0 3 13.4 2.4000000000000004 2.2 4.6000000000000005 0 0 0 1 8.4 7.800000000000001 0 0 0 0.2 0 0 0 0 0 0 2 0 0 0 3.4000000000000004 0 0 0 0 0 5.4 0 0 0 0 0 0 0 0 0 0 0 0 0 0 0 0 0 0 0 0 0.2 0 0 0 0 0 0 0.4 0 0 0 0 0 0 0 0 0 0 0 0 0 0 0 0 0 0 0.6000000000000001 18.6 0.4 0 0.2 0 1.4000000000000001 0 0 0.2 0 0 0 0 0 0 0 0 0 0 0 0 0 0 0 0 0 0 0 0 0 0 0 0 0 0 0 0 0 0 0 0 0 0 0 
 24 74 31.200000000000003 0 12.200000000000001 37.800000000000004 31.400000000000002 14.600000000000001 50.400000000000006 17.8 9.4 33 57.6 16.6 64 34 6.800000000000001 17.6 35 11.4 0.6000000000000001 0.6000000000000001 1 0.8 0 1.4000000000000001 0 1.8 0.2 1.2000000000000002 2 0 15.4 0 0.4 0 0.8 0 0.4 12.8 0 0.4 0 0 1 1.2000000000000002 0.6000000000000001 0.4 0 1 0 0 0 0 17.400000000000002 0.4 0 0.2 0.6000000000000001 0 0 0 0 0 0.8 0.6000000000000001 0 0 0 0.4 0 0 0.4 0 0.4 0.4 0 0.4 1.2000000000000002 0.6000000000000001 0.4 2.8000000000000003 3.4000000000000004 2.8000000000000003 0 0 0 0 2 9.4 3.4000000000000004 0 2.2 0 0 2.2 3.4000000000000004 0 3 2 2.6 0 3.2 3 0 0 0 0.2 0 0.2 0 0 2.6 2 0 6 0 0 0 0 0 0 0 0 0 4.2 0 0.8 0 0 0 0 0 0 0 0 0 0 0 0 0 0 0 0.2 0 0 0 0 0 2.2 0 0 0 0 0 0 0 0 0 0 3 9.600000000000001 0 7.2 6.800000000000001 5.2 0 3.4000000000000004 2.8000000000000003 5.2 2.4000000000000004 6.800000000000001 0 0 2.4000000000000004 0 3.4000000000000004 1.4000000000000001 0 0 0 2 0 2 0 0.2 0.4 0 0 0 0 0 3 0 1.8 0 0 0 2.2 4 0 0 0 0 0 0 0 0 0 0 0 0 0 0 0 0 0 0 0 0 0 0 0 0 0 0 0 0.4 0 0 0 0 0 0 0 0 0 0 0.4 2.4000000000000004 0 2.2 0 0 0 0 0 0.2 0 0 0 2.2 2.6 0 0 0 0 0 0 0 0 0 0 0 0 0 0 0 0 0 0 0 0 0 0 1.8 4.2 0 0 0 0 0 0 0 0 0 0 0 0 0 
 4.800000000000001 48.800000000000004 17.400000000000002 12.200000000000001 0 23.6 6.800000000000001 17 99.4 17.2 17.2 26 61.2 16 22.200000000000003 28 11 9 13.200000000000001 20 15.200000000000001 40.400000000000006 5 0.6000000000000001 0 0.6000000000000001 49.400000000000006 18.6 0 14.8 0 0 15 25.400000000000002 15.600000000000001 14.8 4.2 0.2 29.6 19 0 0.4 0 8.4 0.2 9.200000000000001 12.4 0 0 0 2.8000000000000003 0 0 0 0 0 0 0 12.4 0 0 0 0 0 0 0 9 0 0 0.4 0 0 0 0 0.6000000000000001 0 0 0.4 0 0.6000000000000001 0 0 3.8000000000000003 0 4.800000000000001 4.4 0 0 0 0 0 0 0 0 2.8000000000000003 0 0 1.8 0 0.2 2.8000000000000003 4 6.6000000000000005 0 0.2 0 0.2 2.6 6.2 4 0 0 2.2 6.2 1.8 4.800000000000001 0 3.8000000000000003 4.6000000000000005 7.6000000000000005 0 0 0.2 0 0 0 0 0 0 2.6 0 0 0 0 0 0 0 0 0 0 0 0 0 0 0 0 1.4000000000000001 0 0.2 0 0 0 4 0 0 1.6 0 0 0 0 0 2.2 1 1.8 2 5 0 0.2 0 0 0 2.6 0 0 0 1 2 0 0 0 3.8000000000000003 0.2 0 9.600000000000001 0 0 6 5.800000000000001 6.2 0 0 0 1.4000000000000001 3.2 2.6 3.8000000000000003 0.2 0 4 2.2 0 0 0 0 0 0 0 0 0 0 0 0 0.2 0 0 0 0 0 0 0 0 0 0 0 0 0 0 3 0 0 0 0 0 0 0 0 0 0 0 0 0 0 0 0 0 1 18 0 0.4 0.6000000000000001 0 1.2000000000000002 0 0 0.4 0 0 0 0 0 0 0 0 0 0 0 0 0 0 0 0 0 0 0.2 0 0 0 0 0 0 0 8.4 0 0 0 0 0 0 0 0 
 6 6.800000000000001 6.2 37.800000000000004 23.6 0 7.4 5.2 96.80000000000001 12.200000000000001 32.4 27.400000000000002 6 7.6000000000000005 69 59.6 10.200000000000001 11.4 6.6000000000000005 9.8 15.200000000000001 25.8 15.4 0.6000000000000001 0.4 0.6000000000000001 33.4 14.600000000000001 0 15 0.2 0 15.4 13 0.4 15.4 0.4 0 14.8 22.8 0 0.4 0 0.2 0 0.6000000000000001 0 0.4 0 0 3.4000000000000004 0 0 0 0 0 0 0 0.6000000000000001 0 0 0 0 0 0 0 0 0 0 0.4 0 0 0 0 0.4 0 0 0.4 0 0.6000000000000001 0 0 1.6 0 6 4.6000000000000005 0 0 0.4 1.2000000000000002 0 0 0.4 0 0 0 0 0 0 0 3.4000000000000004 1.8 26 4 0.2 0 3.6 2.6 1.6 2.6 1.4000000000000001 0 4.800000000000001 2.2 6.6000000000000005 7 0 0 0.6000000000000001 3.8000000000000003 0 0 0.4 0 0 0 0 0 0 0 0 0 1 0 0 0 0 0 0 0 0 0 0 0.4 0 0 0 0 0 0.6000000000000001 0 0 0 0 0 0 0 0 0 0 2.6 0 1.4000000000000001 2 0 0 0 0.2 1.6 0 0.2 1.4000000000000001 0 0 0 0 2.8000000000000003 0 0 0 2.4000000000000004 0 0 4.6000000000000005 0 0 7 1.2000000000000002 6.4 0 0 0 5 3.2 4.2 3.8000000000000003 1 0 6.4 0 0 0 0 0 0 0 0 0 0 0 0 0 0 0 0 0 0 0 0 0 0 0 0 0 0 0 0 3 0 0 0 0 0 0 0 0 0 0 0.2 0 0 0 0 0 0 2 17.6 0 0.6000000000000001 0.2 0 4 1 0.4 0 0 0 0 0 0 0 0 0 0 0 0 0.2 0 0 0 0 0 0 0 0 0 0 0 0 0 0 6.6000000000000005 0 0.2 0 0 0 0 0 0 
 29 16.400000000000002 13.8 31.400000000000002 6.800000000000001 7.4 0 150.20000000000002 11.8 5.6000000000000005 50.2 34.4 50.6 40.800000000000004 30.400000000000002 6.6000000000000005 4.4 5 29 50.800000000000004 16.2 0.8 0.6000000000000001 0.6000000000000001 15 0.6000000000000001 0 0 1 0 0.4 0 0.4 1 0.4 11.200000000000001 0.2 0 0 0 0 0.6000000000000001 0 0.2 0.4 0.6000000000000001 0.2 0.4 13 0 0 0 0 0 0 0 12.8 0.4 0.6000000000000001 0 0.8 0 0 0.2 0 0 0.8 0 0 0.4 0.8 0 0 0.2 0.6000000000000001 0 0 0.4 0 1 5.4 2.4000000000000004 2.8000000000000003 0 3.6 0 6.800000000000001 3.8000000000000003 0.2 0 5.2 0 2 0 3.6 2.2 2.4000000000000004 5.4 0 7 0 0 0 0.2 0 0 0 0 0 0 0 0 0 0 0 0 0 0 0 0 0.4 0 0 0 0 0 0.2 0 0 0 0 0 0 0 0 0 0 0 0 0 0 0 0 0 0 0 0 0 0 0 0 0 0 0 0 0 0 0 0 0 2.6 0 2.6 0 2.6 0 3.4000000000000004 6 2 9 0 3 8.200000000000001 5 1.2000000000000002 4.2 1.6 0 2 0 0 0 0 0 0 0 0 0 0 0 0 1 0 0 0 0 0 0 0 0 0 0 0 0 0 0 0 0 0 0 0 0 0 0 0 0 0 0.2 0 0 0 0 0 0 0 0 0 0 0 0 0 0 0 0 0 0 0 0 0 0 0 0 0 0 0 0.6000000000000001 0.4 0 0.4 0.6000000000000001 0 2.8000000000000003 0 2.8000000000000003 0 0 0 0 0 0 0 0 14.600000000000001 0.2 0 0 0 0.4 0 0 0 0 0 5 0 0.6000000000000001 0 0 0 0 0 0 0 0 0 0 0 0 0 0.4 
 41.400000000000006 52.800000000000004 38 14.600000000000001 17 5.2 150.20000000000002 0 34.6 35.800000000000004 50.2 39.400000000000006 41 49.2 44 45.400000000000006 69.4 21.200000000000003 72 89.60000000000001 0.6000000000000001 0.6000000000000001 0.6000000000000001 1 0 0.6000000000000001 0 0 0 0 0 0.4 0.8 0 0.4 0 0.2 0 0 0 0 1.2000000000000002 0 0 0.4 0.6000000000000001 0.2 0.4 0 0 0 0.4 0.8 0 0 0 0.2 0 0.6000000000000001 0 0.2 0 0.4 1 0.4 0 0 0 6 0.4 0 0.8 0.6000000000000001 0 0.6000000000000001 0 0 0.4 0 9.4 2.8000000000000003 3.6 2.4000000000000004 4.6000000000000005 1.4000000000000001 1.6 4.6000000000000005 2.2 6.2 0 2.2 6 7.2 0 3.8000000000000003 5.6000000000000005 12.8 0.2 0 6.800000000000001 0 0 0 0 0 3.4000000000000004 0 2.2 0 0 0 0 0 0 0 0 0 0 0 0 0 0 0 0 0 0 0 0 0 0 0 0 0 0 0 0 0 0 0 0 0 0 0 0 0 0 0 0 0 0 0 0 0 1.6 0 0 0 3.8000000000000003 0 0 2.4000000000000004 3.8000000000000003 5.2 2 2.2 4.2 4.6000000000000005 6 7.4 14.4 2.6 0 5.6000000000000005 5.800000000000001 0 3 0 2.6 10.4 2.8000000000000003 0 0 0 0 0 0 0 0 0 0 0 0 0 0 0 0 0 0 0 2.6 0 0 0 0 0 0 0 0 0 3.4000000000000004 0 0 0 0 0 0 0 0 0 0 0 0 0 0 0 0 0 0 0 0 0 0 0 0 0 0 0 0 0 0 0 0 0 0 0 0.6000000000000001 0 0 0 17.8 3.8000000000000003 1.8 0 0 0 0 0 0 0 0 0 0 3.2 0 0 0 0 0 0 0 0 0 0 0 0 2 1.6 1.4000000000000001 0 0 0 0 0 0 0 0 0 0 0 0 
 60.800000000000004 14.8 78.80000000000001 50.400000000000006 99.4 96.80000000000001 11.8 34.6 0 83.60000000000001 48.2 18.2 17.6 29.6 61.2 84.60000000000001 46.6 10 10.4 36 0.6000000000000001 0.6000000000000001 0.6000000000000001 0.6000000000000001 0 0.6000000000000001 0.2 0 0 0 0 0 0.4 0 0.4 0 0.2 0 13.4 0 0 0.6000000000000001 0.6000000000000001 0 0.4 0.6000000000000001 0.2 0.4 0 0 0 0 0.2 1.2000000000000002 0 0 0 0.4 1 0 0 0 0.6000000000000001 0 0 0 0 0 0 0.4 0 0 0 0 0.6000000000000001 0 0 0.8 0 0.4 0 1.2000000000000002 3 1.4000000000000001 0.2 0.2 3.6 0 4.6000000000000005 2.8000000000000003 0 2.2 5 4.800000000000001 2.6 2.2 6.2 4.2 0 3.8000000000000003 0 0 0 0 0 0 0 1.8 0 0 0 0 0 0 0 0 0 0 5.4 0 0 0 0 0 3.6 0 0 2 0 0 0 0 0 0 0 0 0 0 0 0 0 0 0 0 0 0 0 0 8.200000000000001 0 0 0 0 0 0 0 0 0 0 0 0 2.8000000000000003 6.6000000000000005 5.2 0 4.2 0 0 2.8000000000000003 2 0 2.8000000000000003 0 0.2 0 3.4000000000000004 10.200000000000001 0 0 4.2 0 0 0 0 0 0 0 0 0 0 0 0 4.4 3 0 0 0 0 0 2.6 0 0 0 3.6 0 0 0 0 0 0 0 1.4000000000000001 0 0 0 0 0 0 0 0 0 0 0 0 0 0 0 0 0 0 0 0 0 0 0 0 0 0 0 0 0 0 0 0 0 0 0 0.2 0 0 0.2 2 17.2 0 0 0 0 0 0 0 0 0 0 0 0 0 0 0 0 0 0 0 0 0 0 0.2 2.8000000000000003 0 0 0 0 0 0 0 0 0 0 0 0 0 
 3.4000000000000004 7.2 14.600000000000001 17.8 17.2 12.200000000000001 5.6000000000000005 35.800000000000004 83.60000000000001 0 49.6 44.6 52.800000000000004 33.4 43.800000000000004 77.4 31.200000000000003 9.200000000000001 7 57.6 15.8 0.6000000000000001 0.6000000000000001 0.6000000000000001 0 0.6000000000000001 0.2 1 0 0 0.4 0 18.6 0.2 0.4 0.4 0 0 19 0.2 0 0.6000000000000001 0 0.6000000000000001 0.4 0.6000000000000001 0.6000000000000001 0.4 0 0 0 0 0 0 0 0 0 0 0.6000000000000001 0 0.4 0 0 0 0 0 0 10.8 0 0.4 0.4 0 0 0 0.6000000000000001 0 0 0.4 0 0.4 0.2 0 0 1.6 3.4000000000000004 8 0 0 8.4 7.800000000000001 7 5 0 0 2.6 0 0.2 2.2 0 0.4 3.2 0 0 0 0 0 2.8000000000000003 3.4000000000000004 3.2 2.8000000000000003 0 0 0 2.4000000000000004 0 0.2 1.6 0 0 0.6000000000000001 0 0 0 0 0 2 0 0 0 0 0 0 0 0 0 0 0 0 0 0 0 0 0 0 0 0.8 0.2 0 0 1.6 0 0 0 0 0 0 0 0 0 0 0 0 1.8 7.2 0 6.6000000000000005 0 0 2 0 8.6 0.2 0 0 0 0 2.4000000000000004 2.8000000000000003 0 0 0 0 0 0 0 0 6.6000000000000005 0 4.4 0 0 0 9.4 0 0 0 0 0 6.800000000000001 12.8 0 0 0 0 0 0 0 0 0 0 0 0 0 0 0 0 0 0 0 0 0 0 0 0 0 0 0 0 0 0 0 0 0 0 0 0 0 0 0 0 0 0 0 0 0 0.2 35.2 0 0.4 0.6000000000000001 4 3 0 0 0 0 0 0 0 0 0.4 0 0 0 0 0 0 0 0 0 0 0 0 0 0 1.8 5 0 0 0 0 0 0 0 0 0 0 0 0 0 
 16.400000000000002 24.8 15.200000000000001 9.4 17.2 32.4 50.2 50.2 48.2 49.6 0 50.800000000000004 7.800000000000001 25.8 97.60000000000001 36.6 108.2 35.2 53.2 18.2 16.8 0.6000000000000001 0.6000000000000001 1 0 0.6000000000000001 0.2 0.4 0.2 0 0 0.4 0.4 0.4 0.4 0 0.2 0 31.200000000000003 2 0.4 0.6000000000000001 0 1.4000000000000001 0.4 0.6000000000000001 0.2 0 0 0 0.4 0 0 0 0 0 0 0 0.6000000000000001 0 0 0 0 0 0 0 0 0 0 0.4 0 0 0 0 0.6000000000000001 0 0 0.4 0 0.4 0 1 5.6000000000000005 2.4000000000000004 3.6 7.800000000000001 0 0 7.800000000000001 4.2 10 4 0 0 5.6000000000000005 0 3 2.2 0 0 4.2 0 0 0 0 0 8 1.4000000000000001 0 2.8000000000000003 0 0 0.4 1.8 0 0 3.6 0 4.2 1.8 0 0 0 0.2 0 2.2 0 0 0 0 0.4 0 0 0 0 0 0 0 0 0 0 0 0 0 0 0 0 0 0 0.4 0 0 0 0 0 0 0 0 0 0 1 9.8 3.6 7.6000000000000005 3.8000000000000003 3.4000000000000004 0 3 3.2 0 0.2 2.4000000000000004 0 0.4 0 0.2 0.4 0 0 0 0 0 0 0 0 0 3.2 0 0 0 0 0 4 0 0 0 0 0 11.4 5.800000000000001 0 0 0.2 0 0 0 0 0 0 0 0 0 0 0 0 0 0.4 0 0.4 0 0 0 0 0 0 0 0 0 0.2 0.2 0 0 0 0 0 0 0 0 0 0.4 0 0 0 0 0 0.8 19.8 0.4 0.4 0 0 4 0 0 0 0 0 0 0 0 0 0 0 0 0 2.8000000000000003 0 0 0 0 0 0 0 0 0 0 4.2 3.4000000000000004 0 0 0 0 0 0 0 0 0 0 0 0 
 26.8 8.6 105 33 26 27.400000000000002 34.4 39.400000000000006 18.2 44.6 50.800000000000004 0 12 28.400000000000002 8.200000000000001 19 31.8 101 10.200000000000001 6 0.6000000000000001 0.6000000000000001 0.6000000000000001 0.6000000000000001 0.2 0.6000000000000001 0 0 0 0 0 0.8 0.4 0 0.8 0 0.2 0 0 0 0 0.6000000000000001 0 0 1.2000000000000002 0.6000000000000001 0.8 0.2 0 12.600000000000001 0 0 0 0 0 1.6 0.8 0.4 0.6000000000000001 0 7 0 0 0.6000000000000001 0 0 0 0.2 0 0.4 0 0 0 0 0.6000000000000001 0 0 0.4 0 0.4 0 7.800000000000001 7.2 7.800000000000001 3.8000000000000003 2.2 2.8000000000000003 0 4.6000000000000005 5.6000000000000005 1.2000000000000002 3.8000000000000003 0 3 0 0 2.6 0 0 2.6 0 0 0 0 0 0 1.6 1.6 0 0 0 0 2.8000000000000003 3 0 0 0 0 3.8000000000000003 0 0 0 0 0 0 2.6 0 2 0 0 0 0 0 0 0 0 0 0 0 0 0 0 0 0 0 0.2 0.2 0 0 0 0 0 0 0 0 0 0 0 0 0 4.6000000000000005 0.4 2.8000000000000003 4.2 1.8 4.2 0 1.4000000000000001 2.2 2 0 0.4 2.8000000000000003 2 0 0 1 1.8 0 0 0 0.4 0 0 0 0 1.6 0 0 0 0 0 0 1.8 0 0 0 0 0 0 0 0 0 0 0 0 0 0 0 0 0 1.6 0 0 0 0 0 0 0 0 0 0 0 0 0 0 0 0 0 0 0 0 0 0 0 0 0 0 0 0 0 1.6 0 0 0 0 0.6000000000000001 0.4 0.4 9.600000000000001 4.800000000000001 2.6 0 0 0 0 0 0 0 0 0 0 0 0 0 0 0 0 0 0 0 0 0 0 0 0 0 0 0 0 0 0 0 0 0 0 0 0 0 0 
 47.800000000000004 54.400000000000006 13.600000000000001 57.6 61.2 6 50.6 41 17.6 52.800000000000004 7.800000000000001 12 0 19 19.200000000000003 6.800000000000001 8.200000000000001 7 62.400000000000006 50 0.6000000000000001 0.6000000000000001 0.6000000000000001 0.8 0 0.6000000000000001 0 0 0.4 0 0.2 0 0.8 0.2 0.4 0 0 0 0 0 0 0.4 0 0.4 0.2 0.6000000000000001 0 0 0 0 0 0 3.6 0 0 0 0.2 0.2 0.6000000000000001 6 0 0 0 0 0 10 0 0 0 0.4 0 0 0 0 0.6000000000000001 0 0 0.4 0 0.4 0 0 5.6000000000000005 0 2.6 0 6 0 0.6000000000000001 3.2 2.8000000000000003 0 6.4 0 3.6 9.200000000000001 3 6.800000000000001 0 8.4 0 0 0 0 0 0 0 0 0 0 0 0 0 0 0 0 0 0 0 0 0 0 0 0 0 0 0 0 0 0 0 1.4000000000000001 0 0 0 0 0 0 0 0 0 0 0 0 0 0 0 0 0 0 0 0 0 0 0 0 0 0 0 0 0 2.2 2.2 0 2.2 0 17.2 2.6 4.2 5.6000000000000005 0 0.2 5 11.600000000000001 5 2.2 1.4000000000000001 0 1.8 12.600000000000001 0 0 0 0 0 0 0 0 0 0 0 0 0 0 0 0 3 0 0 0 0 0 0 0 0 0 0 0 0 0 0 0 0 0 0 0 0 0 0 0 0 0 0 0 0 0 0 0 0 0 0 0 0 0 0 0 0 0 0 0 0 0 0 0 0 0.4 0.2 0 0 0 0.4 0.8 0 0 0 0 0 0 0 0 0 0 4.4 0 0 0 0 0 0 0 0 0 0 1.2000000000000002 0 2.4000000000000004 0 0 0 0 0 0 0 1.4000000000000001 0 0 0 0 0 0 
 44.400000000000006 110.80000000000001 95 16.6 16 7.6000000000000005 40.800000000000004 49.2 29.6 33.4 25.8 28.400000000000002 19 0 87.4 82.80000000000001 28 7.2 36 19.6 0.8 0.4 0.4 41 0.2 0.8 0.2 0 0 0 0.6000000000000001 0 0.4 0 0.6000000000000001 0 0 0.2 0 0.6000000000000001 0 0.6000000000000001 0.8 0.4 0.8 0.2 0.8 0.4 0.2 0.4 0.6000000000000001 0.2 0.8 1 0.4 12.8 17.2 0.8 0.2 0.6000000000000001 0.8 1.2000000000000002 0.4 1.6 0.2 6.2 0.6000000000000001 0.4 0 0 0.4 0 0 0 0 0 0.4 0 0.6000000000000001 0 9.600000000000001 7.4 2.6 5.6000000000000005 3 0 5 4.800000000000001 4.4 0 0 5.6000000000000005 2.6 0 1.8 5 7.6000000000000005 3.4000000000000004 3.8000000000000003 1.6 0 0 0 0 0 0.4 0 0 0 0 0 0.2 0 0 0 0 0 0 3.8000000000000003 0 0 0 0 0 0 0 0 0 0 0 0 0 0 0 0 0 0.4 0 0 0 0 0 0 0 0 0 0 0 0 0.4 0 0 0 0 2.4000000000000004 0 0 0 0 0 2 0 3.2 4.2 0 0.6000000000000001 0 1.4000000000000001 4.4 7 0 0.4 7.800000000000001 6.4 0 3 0 2.6 5.6000000000000005 1.4000000000000001 0 0 0 0 0.2 0 0 0 0 3.8000000000000003 0 0 0 0 0 0 0.2 0 0 0 0 0 0 0 0 0 0 2 0 0 0 0 0 0 0 0 0 0 0 0 0 0 0 0 0 0 0 0 0 0 0 0 0 0 0 0 0 0 0 0 0 0 0 0 0 0.4 0 0.2 0.2 17.8 0.4 0.8 0 0 0 0 0 0 0 0 0 0.4 9.4 0 0 0 0 0 0 0 0 0.4 0 0 0 0 0 0 0 0 0 0 0 0 0 0 0 0 0 0 
 46.800000000000004 83.4 7.800000000000001 64 22.200000000000003 69 30.400000000000002 44 61.2 43.800000000000004 97.60000000000001 8.200000000000001 19.200000000000003 87.4 0 82 9.200000000000001 26.8 69.4 36 0.6000000000000001 0.6000000000000001 0.6000000000000001 0.6000000000000001 42.6 0.6000000000000001 0 0 0 14.8 0.6000000000000001 0 0.6000000000000001 0.4 0.4 0 0.8 0 0 15.8 0 0.4 0 0 1 0.6000000000000001 0 0.2 0 0 0 0.2 1.2000000000000002 0 0 0 0 0.2 0.6000000000000001 0 0 0 0 0.8 0 0.8 0 0 0 0.4 0 0 0 0 0.4 0 0 0.4 0.6000000000000001 0.6000000000000001 2.2 0 7.2 0 2.4000000000000004 2.6 6.6000000000000005 2.4000000000000004 2.2 2.6 3 1.8 4.6000000000000005 0 0 3.8000000000000003 5.6000000000000005 0.2 0 11.200000000000001 0 0 0 0 0 0 0.2 0 0 0 0 0 0 0 0 0 0 0 0 0 0 0 0 0 0 0 0 0 0 0 0 0 0 0 0 0 0 0 0 0 0 0 0 0 0 0 0 0 0 2 0 0 0 0 0 0 0 0 0 0 5.6000000000000005 7 6.2 4.6000000000000005 2.8000000000000003 0 1.8 2.8000000000000003 3.6 7.2 0 3.6 7.4 4.2 0 0 0 4.6000000000000005 6.6000000000000005 5 0 0.2 0 0 0 0 0.2 0 0 0 0 0 0 0 0 0 0 0 0.6000000000000001 1.8 0 0 0 0 0 0 0 0 0 0 0 0 0 0 0 0 0 0 0 0 0 0 0 0 2 0 0 0 0 0 0 0 0 0 0 0 0 0 0 0 0 0 0 0 0 0 0 0 0 1 0.2 2.2 0 0 0 0 0 0 0 0 0 0 4.2 0 0 0 0 0 0 0 0 0 0 0 0 0 2 3.8000000000000003 0 0 0 0 0 0 0 0 0 0 0 0 
 23.200000000000003 26.8 35.800000000000004 34 28 59.6 6.6000000000000005 45.400000000000006 84.60000000000001 77.4 36.6 19 6.800000000000001 82.80000000000001 82 0 59.6 7.2 14 38.400000000000006 0.8 0.6000000000000001 0.6000000000000001 0.8 0 0.8 0 0 0.4 0.2 0 0 1 0.2 0.4 0 0.2 0 14.600000000000001 5.2 0 0.4 0 0 0.6000000000000001 0.8 0 0 0.2 0.2 0 0 0 0 0.2 0.8 0 0.4 0.6000000000000001 0 0 0 0 0 0 0 0 0 0 0.4 0 0.6000000000000001 0 0 0.4 0 0 0.4 0 0.6000000000000001 2.8000000000000003 2.4000000000000004 7.4 2 0 0.2 0 0 5.2 8.200000000000001 0 2.2 0 0 9.200000000000001 0.2 3.6 2.2 0 0 0 0 0 0 0 0 0 0.6000000000000001 0 0 0 0 0 0 0 0 0 0 3.4000000000000004 0 0 0 0 0 0 0 0 0 0 0 0 0 0 0 0.2 0 0 0 0 0 0 0 0 0 0 0 0 0 0 4.2 0 0.2 0 3.4000000000000004 0 0 0 0 0 0 0.4 10.200000000000001 5.800000000000001 8 11.200000000000001 0.8 0 5 4.4 0 3.8000000000000003 5.4 0 6.2 2.6 4.2 5.6000000000000005 0.2 0 0 0 0 0 0 0 0 0 0 2.6 0 0 0 4.2 0 0 0 0 0 2.2 0 0 0 0 0.2 0 0 0 0 0 0 2.4000000000000004 0 0 0 0 0 0 0 0 0 0 0 0 0 0 0 0 0 0 0 0 0 0 0 0 0 0 0 0 0 0 3.4000000000000004 0 0 0 0 0.2 0 0.4 0.4 0.2 2.4000000000000004 0 0 0 0 0 0 0 0 0 0 0 0 0 0 0 0 0 0 0 0 0 0.2 0 0 0 0.2 0 0 0 0 0 0 0 0 0 0 0 0 
 7.6000000000000005 38 42.2 6.800000000000001 11 10.200000000000001 4.4 69.4 46.6 31.200000000000003 108.2 31.8 8.200000000000001 28 9.200000000000001 59.6 0 38 50.2 6.800000000000001 0.6000000000000001 1 0.6000000000000001 0.6000000000000001 0 0.6000000000000001 0 0 0 0 0 0 0.6000000000000001 0 0.4 1 0 0.2 15.4 1.2000000000000002 0 0.4 0.6000000000000001 0 0 0.6000000000000001 0 0 0 0 0 0.6000000000000001 0 0 1 2.8000000000000003 1 0 1.2000000000000002 0 0 0.8 0 0 1.2000000000000002 0 0 0 1.2000000000000002 0.4 0 0 0 0.4 0.6000000000000001 0.8 0 0.4 0 0.6000000000000001 0.6000000000000001 1.8 6 3 0 6.800000000000001 0 0 6 0 4 2.6 1.2000000000000002 0 7.6000000000000005 0 2 2.4000000000000004 5.6000000000000005 0.2 0 0 0 0 0 0 1.6 1.6 0 0 0 0 2.8000000000000003 2.6 0 0 0 0 1.6 0 0 0 0 0 0 2.4000000000000004 0 0 0 0 0 0 0 0 0.2 0 0 0 0 0 0 0 0 0 0 0 0 0 0 0 0 0 0 0 0 0 0 0 0 0 2.8000000000000003 7.6000000000000005 4.6000000000000005 1.2000000000000002 9.200000000000001 0 5.800000000000001 9.200000000000001 1.4000000000000001 3 3.2 4.2 0 0 2.6 4.2 2.8000000000000003 0 0 0 0 0 0 0 0 0 1.6 0 2.2 1.6 3.8000000000000003 0 6.6000000000000005 2 0 0 0 0 3.6 0 0 0 0 0.4 0 0 0 0 1.4000000000000001 0 0 0 0 0.4 0 0 0 0 0 0 0 0 0 0 0 0 0 0 0 0 0 2.2 0 0 0 0 0 0 0 0 0 0 0 0 0 0 0.2 0 0 0.2 0 3.2 0 0 0 0 0 0 0 0 0 0 0 0 0 0 0 0 0 0 0 0 0 0 0 0 0 2.8000000000000003 0 0 0 0 0 0 0 0 0 0 0 0 
 24.400000000000002 6.2 51.2 17.6 9 11.4 5 21.200000000000003 10 9.200000000000001 35.2 101 7 7.2 26.8 7.2 38 0 8.8 11.4 16.400000000000002 0.6000000000000001 0.6000000000000001 1 0 1 0 0 0 0 0 3.6 0.2 0 0.4 0 0 1 21.200000000000003 0.4 0 1 0 1 1 0.8 0.2 0 0 0.6000000000000001 0 0 0 0.2 0 0.6000000000000001 0 0.8 0.8 0 0 0 0 0 0.4 0 0 0 0 0.4 0.6000000000000001 0 1 0 0.6000000000000001 0 0 0.4 2 0.4 0 0 0.2 0 4.6000000000000005 4.4 0 0 2.2 1.8 2.2 0 4.2 0 3.4000000000000004 0 0 9.200000000000001 0 0 2.6 0 2 0 0 0 3.2 0.2 0 3.8000000000000003 0 0 0 0 0 0.2 2 0 0 0 0 0 0 0 0 0 0 0 0 0 0 0 0 0 0 0 0 0 0 0 0 0 0 0 0 0 0 0 0 0 0 0 0 0 0 0 0 0 0 0 2.8000000000000003 3.4000000000000004 4 1.8 0 0 2.8000000000000003 3 0 3 0 0 0 0 0 2.8000000000000003 0 1.6 0 0 0 1.8 0 0 0 0 0 4.800000000000001 0 0 0 0 0 0 0 0 3.8000000000000003 0 2.8000000000000003 6.4 0 0 0 0 0 0 0 0 0 0 0 0 0 0 0 0 0 0 1 0 0 0.6000000000000001 0 0 0 8.4 0.2 1 0 0 0 0 0 0 0 0 0 0 0 0 0 0 0 0 0 0 18.400000000000002 0 17.400000000000002 1 2.4000000000000004 5 0 0 0 0 0 0 0 0 0 0 0 0 0 0.2 0 0 0 0 0 0 0 0.4 0 0 4.800000000000001 2.8000000000000003 0 0 0 0 0 0 0 0 0 0 0 0 
 5.4 26.6 8.8 35 13.200000000000001 6.6000000000000005 29 72 10.4 7 53.2 10.200000000000001 62.400000000000006 36 69.4 14 50.2 8.8 0 103.2 0.6000000000000001 0.6000000000000001 0.6000000000000001 0.6000000000000001 0 0.6000000000000001 0 0 0 0 0.2 0 0.6000000000000001 0 0.4 0 0.2 0 0 0 0 0.4 0 0 0 0.6000000000000001 0 12.4 0 0 0 0 0.4 0 0 0 0.2 15.4 0.6000000000000001 0 0 0 0 0 0 0 0 0 0 0.4 0 0 0 0 0.6000000000000001 0 0 0.4 0 0.6000000000000001 4.6000000000000005 0 1.4000000000000001 0 0 0 0.2 3.4000000000000004 4.6000000000000005 0 0 0 0 14 0 2.8000000000000003 0.2 0 2 0 0 0 0 0 0 0 0 0 0.4 0 0 0 0 0 0 0 0.4 0 0 0 0 0 0 0 0 0 0 0 0 0.4 0.2 0 0 0.4 0 0 0 0 0 0 0 3.2 1.6 0 0 0 0 0 0.4 0 0 0 0 0 0 0 0 0 0 0 2.8000000000000003 0 3 0 0 0 2 0 2 0 0.4 0.2 1.8 2.2 1.4000000000000001 2.8000000000000003 3 0 8.8 3.4000000000000004 0 0 2.2 0 0 0 0 0 0 0 0 0 0 0 0 0 0 0 0 0 0 0 0 0 0 0 0 0 0 0 0 0 0 0 0 0 0 0 0 0 0 0 0 0 0 0 0 0 0.4 0 0 0 0 0 0 0 0 0 0 0 0 0 0 0 0 0 0 0 0 0.2 0.4 0.4 0 0 0 0 0 0 0 0 0 0 1.8 0 0 0 0 0 0 0 0 0 0 0 0 0 0 0 0 0 0 0 0 0 0 0.4 0 0 0 0 
 18.2 25.200000000000003 26 11.4 20 9.8 50.800000000000004 89.60000000000001 36 57.6 18.2 6 50 19.6 36 38.400000000000006 6.800000000000001 11.4 103.2 0 0.8 1.2000000000000002 1.2000000000000002 0.6000000000000001 0 0.6000000000000001 0 0.6000000000000001 0 0 0.4 0 1 0.6000000000000001 0.4 0.2 0.4 0.4 0 0.2 0 0.4 0.4 0 0.2 0.6000000000000001 0.4 0 0.4 0.2 12.4 0 1 0.6000000000000001 0.6000000000000001 0 0 0.6000000000000001 0.6000000000000001 0 0.6000000000000001 0.4 0 0.4 0.8 1 0 0 0.4 0.8 0 0 0 0 0.6000000000000001 0.4 0 0.4 0 0.6000000000000001 4 0 3.6 0 2.4000000000000004 0 4.800000000000001 2.6 4 3.6 0 0 2.4000000000000004 8.8 2 10.4 5.6000000000000005 0 1.2000000000000002 2.2 0 0 0 0 0 0 0 0 0 0 0 0 0 0 0 0 0 0 0 0 0 0 0 0 0 0 0 0 0 0 0 0 0 0 0 0 0 0 0 0 0 0 1 0 0 0 0 0 0 0 0 0 0 0 0 0 0 0 0 0 6.2 4.6000000000000005 2.4000000000000004 0 0 0 6.2 0 3.6 0 0 0 2.4000000000000004 8.8 4.4 0 1.4000000000000001 2.8000000000000003 4.4 5.2 0 0 0 0 0 0 0 0 0 0 0 0 0 0 0 0 0 0 0 0 0 0 0 0 0 0 0 0 0 0 0 0 0 2.2 0 0 0 0 0 0 0 0 0 0 0 0 0 0 0 0 0 0 0 0 0 0 0 0 0 0 0 0 0 0 0 0.4 0.4 0 0.4 0 0 1.2000000000000002 0 0 0 0 0 0 0 0 0 0 0 0 0 0 0 0 0 0 0 0 0 0.2 0 0 0 0 0 0 0 0 0 0 0 0 0 0 0 0 
 0.6000000000000001 0.6000000000000001 0.8 0.6000000000000001 15.200000000000001 15.200000000000001 16.2 0.6000000000000001 0.6000000000000001 15.8 16.8 0.6000000000000001 0.6000000000000001 0.8 0.6000000000000001 0.8 0.6000000000000001 16.400000000000002 0.6000000000000001 0.8 0 131.4 26.200000000000003 28.200000000000003 9.200000000000001 14.4 44 11 26.400000000000002 34 22.8 67.60000000000001 10.200000000000001 96 27.8 34.4 19.200000000000003 5.2 6.6000000000000005 24 0.2 0 0 0.6000000000000001 0 0.6000000000000001 0.6000000000000001 0.2 0 0.4 1 0 0 0 1 0 0 0.2 0 0.2 8.8 0 0 0 0.6000000000000001 0 0 0 0 0 0 1.4000000000000001 0 0 0.6000000000000001 0 0 0.8 0.4 0 0 0 0 2.8000000000000003 3.8000000000000003 0.6000000000000001 0 0 0 0 0 1 0.2 0 0.4 0 0 4 0 0 2.4000000000000004 1.8 0.4 5.4 3.8000000000000003 5.2 0 1.6 4 6.4 0 5.6000000000000005 9.600000000000001 6 0 6 5.2 6.4 13.4 0 0 0 0 0 0 0 0 0 0 0 0 0 11.600000000000001 0 0 0 0 0 0 0.8 0 0 0 0 0 0 0 1.2000000000000002 0.8 0 1.6 0 1.4000000000000001 0 0 0.8 0 0 0 0 0 0 1 3 0 0 0 0 0 0 0 0 0 0 0 0 0 0 0 0 2 4.4 9 5.800000000000001 0 1.8 0 6.2 7.2 0.8 2.6 0 0 8 12.600000000000001 7 0.2 2.2 2 4.800000000000001 0 0 0 0 2 0 0 0 0 0 0 0 3.8000000000000003 0 0 0 0 0 0.6000000000000001 0 0 0 0 0 0 0 0 0 0.4 0 0 0 0 0 0 0 0 0 0 0 0 0 0 0 0 0 6 0 0.4 4.800000000000001 0 0 0 0 1.8 0 0 22.200000000000003 0 0.4 0.8 0 0 0 0 0 0 0 0 0 0 0 0 0 0 0 0 0 0 0 0 0 0 0 0 0 2.8000000000000003 0 0 0 
 0.6000000000000001 1 0.6000000000000001 0.6000000000000001 40.400000000000006 25.8 0.8 0.6000000000000001 0.6000000000000001 0.6000000000000001 0.6000000000000001 0.6000000000000001 0.6000000000000001 0.4 0.6000000000000001 0.6000000000000001 1 0.6000000000000001 0.6000000000000001 1.2000000000000002 131.4 0 51 56.800000000000004 23.8 21.8 54.400000000000006 39.2 11.8 26.8 26.8 52.2 71.2 34.4 14.4 44 25.6 6.800000000000001 25 56.800000000000004 0 0 0 0.2 0 13 0.8 0.4 0 0.4 2.6 0.2 0 0 0.6000000000000001 2.6 0 0 0 0 0 0 0 0 0.6000000000000001 0 0 0 0 0 0 0.4 0 0 0.6000000000000001 0 0 0.6000000000000001 0.4 0 0 0 0 0 4.800000000000001 3 0 0 0 0.4 0.2 5.4 0 0 0.2 0 0 0 0 0 3.2 8.4 2.8000000000000003 4 0.2 0 0 5 1.6 2.4000000000000004 0.2 3.8000000000000003 0.6000000000000001 2.2 3.4000000000000004 6.4 3.8000000000000003 2 3.8000000000000003 3.4000000000000004 0 0 0.2 0.4 0 0 0 0 0 0 0 0 0 0 0 0 0 0 0 1.6 0 0 0 0.2 0 0 0.2 0.6000000000000001 0 0 0 0 1.8 0 0 1.2000000000000002 0 0 0 0 0 0 4.800000000000001 0 0 3 0 0 0 0 0 0 0 0 0 0 0 0 0.4 0 3.8000000000000003 0 2.4000000000000004 6.800000000000001 0 1.6 2.8000000000000003 8.4 8 0 0 0.4 1.4000000000000001 8.6 2.8000000000000003 3.8000000000000003 0 0 5.6000000000000005 2.6 0 2 0 0 0.4 0 0 0 0 0 0 0 1.6 0 0 0 0.2 0 2.2 0 0 0 0 0 0 0 0.4 0 0 0 0 0 0 0 0 0 0 0 0 0 0 0 0 0 0 0 14.8 0 0 14.8 0 0 0 0 0.8 0 0.4 8.4 0 0.4 0.4 0 0 0 0 0 0 0 0 0 0 0 0 0 0 0 0 0 0 0 0 3.4000000000000004 0 0 0 0 2.4000000000000004 0 0 0 
 1 1 0.8 1 5 15.4 0.6000000000000001 0.6000000000000001 0.6000000000000001 0.6000000000000001 0.6000000000000001 0.6000000000000001 0.6000000000000001 0.4 0.6000000000000001 0.6000000000000001 0.6000000000000001 0.6000000000000001 0.6000000000000001 1.2000000000000002 26.200000000000003 51 0 36.6 19.200000000000003 54.800000000000004 10.200000000000001 28.8 39 60.2 15.4 35.6 14.600000000000001 16.2 10.600000000000001 39 28.6 22.6 10 65 0 15 0 0 0 0.6000000000000001 6.6000000000000005 0.4 0 0.4 1.6 0.2 12.600000000000001 12.8 0.6000000000000001 0 0 0.2 13 12.4 0 0 0 0 0.6000000000000001 0 0 0 0 1 0 0.4 0 0 0.6000000000000001 0 4 0 0.4 0 0 0 0 0 0 3.4000000000000004 0 0 0 0 0 0 0 0 0 0 0 0 0 0 3 6.4 3.4000000000000004 2.2 4.6000000000000005 0 3.4000000000000004 2.2 8.8 2.2 0.2 6.6000000000000005 1.4000000000000001 2.2 2.8000000000000003 2 0.4 3.2 2.8000000000000003 2.2 0 0 0 0 0 0 2 0 1.4000000000000001 0.2 0 0 0 0 0 0 0 0 8.200000000000001 6.800000000000001 0 0 0 0 0 0 0 0.6000000000000001 0.4 0 0 0 4.4 0 0 0.2 0 0.2 0.2 0 0 0 0 0 0 0 1 0 0 0 0 0 0 0 0 4.4 0.2 0 0 0 4 5.4 5.800000000000001 4.6000000000000005 0 10 3 3.8000000000000003 0 1.4000000000000001 8.4 2.8000000000000003 2.8000000000000003 6.800000000000001 0.4 4 0 5 0 0 4.800000000000001 2 0 0 0 0 0 0 0 0.2 0 0.2 3 0 0 0 1.6 0 5.2 5 0 0 0 0 0 0 0 0 0 0 0 0 0.2 0 0 0 0 0 0 0 0 0 0 0 0 0 0 0 0 0 0 0 0 0 1 0 0 0 0.4 0.2 3.4000000000000004 0 0 0 0 0 0 0 0 0 0 0 0 0 0 0 0 0 0 2.4000000000000004 0 3 0 0 0 2.6 0 0 0 0 
 0.6000000000000001 0.6000000000000001 0.6000000000000001 0.8 0.6000000000000001 0.6000000000000001 0.6000000000000001 1 0.6000000000000001 0.6000000000000001 1 0.6000000000000001 0.8 41 0.6000000000000001 0.8 0.6000000000000001 1 0.6000000000000001 0.6000000000000001 28.200000000000003 56.800000000000004 36.6 0 35.2 90.60000000000001 12.200000000000001 50.2 79.2 37.2 16.8 54.400000000000006 74.60000000000001 17.2 71.4 60.800000000000004 22.200000000000003 40.400000000000006 16.8 30.200000000000003 0 0.2 0 0 1 0.6000000000000001 0.6000000000000001 0.4 0 0.4 1.2000000000000002 0 0 0 0.6000000000000001 0.2 0.2 0.6000000000000001 0 1 0 0 0 0 0.6000000000000001 0 0 0 0 0 0 1.2000000000000002 0 0 0.6000000000000001 0 0 0.2 0.4 0 0 0 0 0 0 0 0 0 0 0 0 0 0 0 0 0 0 0.4 0 0 0 0 2.8000000000000003 4 7.6000000000000005 2.2 0 0 7.6000000000000005 3.4000000000000004 2.8000000000000003 7 1.4000000000000001 0 1.4000000000000001 2 2 2.4000000000000004 0 1.2000000000000002 1.8 0 0 0 0 0 2.4000000000000004 0 0 0.2 0 0 0 0 3.6 0 0 0 3.6 7.800000000000001 0 0 0 0 0 0.2 0 0 0 0.4 0 0 0 0.6000000000000001 0 0 0 0 0 0 0 0.4 0 0 0 0 2 0 0 0 0 0 0 0 0.2 1.4000000000000001 0 0 0 6.2 2.4000000000000004 6.800000000000001 3.6 0 4 11.4 0 2.2 2.6 6.6000000000000005 5.4 6.2 1.4000000000000001 5 6.2 5.6000000000000005 0 0.2 0.2 0.4 0 0 0 0 0 0 0 0 0 0 0 0 0 3 4.6000000000000005 0 0 0 6.2 5.2 0 0 0 0 0 0 0 0 0 0 0 0 0 0 0 0 0 0 0 0 0 0 2.2 0 0 0 0 0 0 0 0 0 0 0 1.8 0.4 0.8 0.6000000000000001 0 0.4 0.4 3.6 0 0 0 0 0 0 0 0 0 2 0 0 0 0 0 0 0 0 0 0 0 0 0 0 0.2 0 0 0 
 0.2 0 0 0 0 0.4 15 0 0 0 0 0.2 0 0.2 42.6 0 0 0 0 0 9.200000000000001 23.8 19.200000000000003 35.2 0 35.6 7.2 16 44.400000000000006 30.8 53.2 40.400000000000006 22.6 15.200000000000001 22.200000000000003 35.4 15 25.8 16.400000000000002 15.8 4.2 13 0 0 0 0.6000000000000001 13 13 12.4 0.4 0.6000000000000001 0 0 0 13 0.2 0.2 0 1.2000000000000002 14.600000000000001 0 0 0 0 0.6000000000000001 0 0 0 0 0 0 0.4 0 0 0.6000000000000001 0 1.8 0 0.4 0 0 0 0 0 0.4 0 0 0 0 0 0.4 0 0 0 0 0 0 0 0 0 0 0 2 1.4000000000000001 5.2 7 0 0 0 2 0 2.4000000000000004 0 0 0 0 0 1.6 4 4.4 2.4000000000000004 3.2 2.8000000000000003 0 0 0 0 5.800000000000001 11.200000000000001 3 0 2.6 4.4 2.6 3.2 2.4000000000000004 2.2 1.8 13.8 3.6 0 0 0 0 0 0 0 0 0 0 0 0 0 0 0 0 0 0 0 0 2.6 0 0 0 0 0 0 0 0 0 0 0 0 0 0 0 0.6000000000000001 1.6 0 0 0 0 0 0 0.4 0 0 0 0 4 4.800000000000001 4.6000000000000005 0 0 0 0 0 0 0 0 0 2 0 0 0 0 3.2 6 7.4 0.8 0 0 2.6 0.2 5.800000000000001 2.2 0 2.4000000000000004 4.6000000000000005 8 0 0 0 0 0 0 0 0 0 0 0 0 0 0 0 0 0 0 0 0 0 0 0 0 0 0 0 0 0 0 0 0 0 0.4 2.4000000000000004 0 0 0.4 8.8 0.8 0.4 2.8000000000000003 0 0 0 0 0 0 0 0 0 0 0 0 0 0 0 0 0 0 0 0 0 0 0 0 0 3.2 0 0.4 
 0.6000000000000001 0.6000000000000001 0.6000000000000001 1.4000000000000001 0.6000000000000001 0.6000000000000001 0.6000000000000001 0.6000000000000001 0.6000000000000001 0.6000000000000001 0.6000000000000001 0.6000000000000001 0.6000000000000001 0.8 0.6000000000000001 0.8 0.6000000000000001 1 0.6000000000000001 0.6000000000000001 14.4 21.8 54.800000000000004 90.60000000000001 35.6 0 12.200000000000001 17.6 27 24 50 27.8 8.8 10.600000000000001 27.8 42.2 12.8 34.2 12.8 12.200000000000001 0 0 0 0 0 0.6000000000000001 0.6000000000000001 0.2 0 0.4 0.6000000000000001 0 0 12.200000000000001 0.6000000000000001 0.2 0.2 0.2 6.6000000000000005 4.6000000000000005 0 0 0 0 0.6000000000000001 0 0 0 0 0 0 1.2000000000000002 0 0.8 0.6000000000000001 0 0 0.8 0.4 0 0 0 0 0 0 0 0 0 0 0 0 0 0 0 0 0 0 0 0 0 0 0 2.8000000000000003 0 8.200000000000001 16.8 0 0.8 10.4 7.4 0 7 0 0 3.6 0 0 6.6000000000000005 0 0 16 2 1.6 0 0 0 2 0 0 0 0 0 1.8 0.2 15.4 0 4 0 2.8000000000000003 17.8 0 0 2.8000000000000003 0 0 0 0 0 0 0 0 0 0 0.4 0 0 0 0 0 0 0 0 0 0 0 0 1 0 0 0 0 0 0 0 0 7.800000000000001 0.2 0 0 0 0 7.6000000000000005 5 0 8.6 10.4 0 2.4000000000000004 4.4 4 10.600000000000001 0.6000000000000001 0 1.4000000000000001 0 3.4000000000000004 0 9.8 0 2 0 0 0 0 0 0 4.4 0 0 0.8 0 4.800000000000001 0 0 4.6000000000000005 1.8 0 4 9.200000000000001 10.8 0 0 0 0 0 0 0 0 0 0 0 0 0 0 0 0 0 0 0 0 0 0 0 0 0 0 0 0 0 0 0 0 0 0 0.8 0 0.2 14.600000000000001 0.2 1.4000000000000001 2.4000000000000004 2.2 0 0 0 0 0 0 0 0 0 0 0 0 0 0 0 0 0 2.6 0 0.2 0 0 0 2.8000000000000003 2.6 4.6000000000000005 0 0 
 0 0 0 0 49.400000000000006 33.4 0 0 0.2 0.2 0.2 0 0 0.2 0 0 0 0 0 0 44 54.400000000000006 10.200000000000001 12.200000000000001 7.2 12.200000000000001 0 31.400000000000002 40 21.6 20.8 9.4 34.6 93.2 13 24.400000000000002 75.8 48.800000000000004 33.4 63.400000000000006 0 0 0 0 13 0.6000000000000001 8.6 0.2 0 0.4 1.6 0 0 0 0.6000000000000001 0 0 0 0 0 0 0 0 0 0.6000000000000001 0 0 9.4 10.600000000000001 0 0 0.4 0 0 0.6000000000000001 0 0 1.4000000000000001 0.4 0 0 0 0 1 11.8 2.8000000000000003 0 0 0 0 0 7 0 0 0 0 0 0 0 0 0 7.4 3.2 0 0.8 2.2 0 3.6 1.6 10.4 0.2 4.6000000000000005 2.4000000000000004 0.4 2.2 4.6000000000000005 2.8000000000000003 5.4 8 7.800000000000001 0 0 0 0 0 0 2 0 0 0 0 0 0 0 0 0 0 0 0 0 0 0 0 2 0 0 2.6 0 0 0.4 0 0 0 0 0 0.8 0 0 0 0 0 0 0.6000000000000001 0 0 3.4000000000000004 0 0 0 0 0 0 0 0 0 0 0 2.6 0 0 1.8 0 0.4 0 2.8000000000000003 0 7.800000000000001 6.800000000000001 11.200000000000001 0 0 0 2.6 6.6000000000000005 0 6.6000000000000005 0 3.8000000000000003 1 4.800000000000001 0 0 0 0 0 0 0 0 0 0 0 0 0 0 0 0 0 0 0.2 0 0 0 0 0 0 0 0 0 0 0 0 0 0 0 0 0 0 0 0 0 0 0 0 0 0 0 32.4 0 0 15 0 0 0 0 0 0 0.4 15.200000000000001 0 0 0.4 0 0 0 0 0 3.6 0 0 0 0 0 0 0 0 0 0 0 0 0 0 2.4000000000000004 0 0 0 0 3 0 0 0 
 0.4 0 0.6000000000000001 1.8 18.6 14.600000000000001 0 0 0 1 0.4 0 0 0 0 0 0 0 0 0.6000000000000001 11 39.2 28.8 50.2 16 17.6 31.400000000000002 0 45 40 28.8 50.400000000000006 38.2 21.6 40 54.6 58.400000000000006 5 13.8 25.200000000000003 0 0.2 0.8 0 0 0.6000000000000001 14 0.4 0 0.4 0.6000000000000001 0 0 0 0.6000000000000001 0 0 0 0 0.2 0 0 0 0 0.6000000000000001 0 0 0 0 0 0 0.4 0 0 0.6000000000000001 0 0 0 0.4 0 0 0 0 0 2.8000000000000003 0 0 0 0 0 0 0 0 0 0 0 0 0.4 0 3.6 0.2 2 4.4 7.4 2 0 2.6 0 3 4.800000000000001 3.6 2.6 3.6 5.2 0.2 8.4 0 5 3 3.4000000000000004 0 0 0 0 0 0 1.6 0.2 0 0 0 0 0 0.2 0 0 0 0 0 2.6 0 0 0 0.2 0 0 0.6000000000000001 0 0 0.4 2.6 0 0.6000000000000001 0 0 0.8 0 0 0 0 0 0.4 0 0 0 1.6 4.6000000000000005 0 0 0 0 0 0 0 0.2 1 0 0 0 0 6 6.800000000000001 4 4.800000000000001 2.8000000000000003 0 5.2 2 5.6000000000000005 0 2.6 2.6 1.6 4.2 5.2 0 1.4000000000000001 0 1.2000000000000002 2.4000000000000004 0 0 0 0 0 0 0 0 0 0 0 0 0 0 0.2 0 0 0 0 0 0 0 0 0 0 0 3 3 2.6 0 0 0 0 0.2 0 0 0 0 0 0 0 0 2 0 0 0 0 0 0 0 0 0 0 0 1.6 0.4 0 0 0.2 0 2.6 0 0 0 0 0 0 0 0 0 0 0 0 0 0 0 0 0 0 0 0 0 0 0 0 0 0 0 0 0 
 0 0 0.2 0.2 0 0 1 0 0 0 0.2 0 0.4 0 0 0.4 0 0 0 0 26.400000000000002 11.8 39 79.2 44.400000000000006 27 40 45 0 29.6 38.800000000000004 60.2 16.2 59.6 133 27.6 25.6 110.4 35 98.2 0 0.4 0.6000000000000001 0 0 1 13.200000000000001 0.2 0.6000000000000001 0.8 0.8 0 0.6000000000000001 0 0.6000000000000001 0 0.8 1 0 0.2 0 8 0 0 0.6000000000000001 0.4 0 0.2 0 0 0 0.6000000000000001 0.2 0 1 0 0.8 0 0.4 0 0 0 0 0 0 0 0 0 0 0 0 0 0 0 0 0 0 0.2 0 0 0 0 0 4.2 8.4 6.6000000000000005 0 0 4.2 5.800000000000001 20 6.4 0.8 0 4.2 0.2 8 3.2 2.2 1.6 0.2 0 0 0 0 0 0 0 0 0 0 0 9.8 0 0 0 0 0 6.800000000000001 3.2 1.8 0.4 0 0 0 0 0 0 0 0.4 0.2 0 0 1.6 0 0 0 0 0 0 0 0.2 0 0 0 0 7 0.6000000000000001 1.4000000000000001 0 0 0 0 0 0.4 0 0 0 0 0 3 3.6 11.4 0.2 4.2 6.800000000000001 0.2 0 1.6 11 4.2 2.2 2.8000000000000003 0 2.8000000000000003 5.2 9.4 1.6 0 0 2.6 0 0 0 0 0 0 0 2.4000000000000004 0 0 0 0 4.800000000000001 0.8 0 0 0 2.6 0.2 0 0 0 2.2 0 0 0 0 0 2.2 0 0 0 0 2.8000000000000003 0 3 0 0 0 0 0 0.6000000000000001 0 0 0.4 0 0 0 0.2 0 0 0 0 0.4 0 0 15.200000000000001 0 0.8 0.2 2.4000000000000004 0 0 0 0 0 0.4 0 0 0 0 0 0 0 0 0 0 0 0 0 0 0 0 0 0 0 0 0 0 
 0 0 0 1.2000000000000002 14.8 15 0 0 0 0 0 0 0 0 14.8 0.2 0 0 0 0 34 26.8 60.2 37.2 30.8 24 21.6 40 29.6 0 17.400000000000002 24.400000000000002 18.400000000000002 14.4 39.800000000000004 38.400000000000006 16.6 69.4 20.400000000000002 35.4 0 0.2 0.6000000000000001 1 0 0.6000000000000001 13 0.2 0.6000000000000001 1 0.6000000000000001 0 0 0 1 0.4 0 0.4 0.2 18.400000000000002 0 0.6000000000000001 0.6000000000000001 0.6000000000000001 1.2000000000000002 0 0 0.6000000000000001 0.6000000000000001 0.6000000000000001 0.6000000000000001 0.4 0 1.2000000000000002 1.2000000000000002 0.6000000000000001 1.4000000000000001 0 0.4 0.2 0 0 0 0 8.200000000000001 0 0 0 0 0 0 0 0 0 0 0 0 0 0 0 2.4000000000000004 0 0 5.800000000000001 6.6000000000000005 0 0 1.8 1.8 4.2 2 0.8 1.8 1.8 4 2.4000000000000004 5.4 2.6 0 2 2.4000000000000004 0 0 0 0 0 4 0 1.6 0 0 0 0 4.4 0 5.2 0 0 2 0 0 0.6000000000000001 0 0 0 0 0 1.2000000000000002 0.6000000000000001 0 4.6000000000000005 0 0.4 0 0 0 0 0 0 0 0 0 0 0.4 0 0 0 0 0 0 0 0 0 0 0.4 0.6000000000000001 0 0 0 0 2 3.2 4.800000000000001 0 1.6 0 6.2 0 2.2 3.4000000000000004 0.2 4.4 0.8 6 3.4000000000000004 2.6 0 2.4000000000000004 2.2 0 1.6 2.2 0 0 0 5.4 0 0 0 0 0 0 3.8000000000000003 1.4000000000000001 0 0 0 0 3.2 1.8 0 0 0 0 0 0 0 0 0 0 0 0 0 0 0 0 0 0 0 0 0 0 9 0 0 0.4 0 0 0 0 0 0 0 0 1.2000000000000002 0 0 0.6000000000000001 0.2 0 1 0 0.6000000000000001 0.4 0 0 0 0 0 0 0 0 0 0 0 0 0 0 0 0 0 2.8000000000000003 0 0 0 0 0 0 0 0 
 0.4 0.2 0.6000000000000001 2 0 0.2 0.4 0 0 0.4 0 0 0.2 0.6000000000000001 0.6000000000000001 0 0 0 0.2 0.4 22.8 26.8 15.4 16.8 53.2 50 20.8 28.8 38.800000000000004 17.400000000000002 0 39 6.6000000000000005 11 12 48.6 21.200000000000003 13.8 47.6 71 0 0 0 0 0 0.6000000000000001 14.600000000000001 0.4 0 1.6 0.6000000000000001 0 0 0 1 0.2 0.2 0.4 1 12.600000000000001 0 0 0 0 0.6000000000000001 0 0 0 0 0 0 1.8 0.2 0 0.6000000000000001 0 0 1.2000000000000002 1.8 0 0 0 0 0 0 0 0 0 0 0 0 0 0 0 0 0 0 0 0 0 0 1.8 0 0 4 3.6 0 2 2.2 0.8 3.4000000000000004 3.6 0.2 0.2 3.2 0 2.6 3.4000000000000004 0.2 0 0 3.4000000000000004 0 0 0 0 0 2.4000000000000004 0 0.4 0 0 1.4000000000000001 3.8000000000000003 2.2 0 0 0.4 2.6 3.8000000000000003 0 0.6000000000000001 0 0 0 0 0 0.6000000000000001 1 0 0.6000000000000001 0 0.4 2.6 0 0 0 0 0 0 1 0 0 0 0 0 0 0 1.6 0 0 0 0 0 0 0 0.6000000000000001 0.2 0 0 0.2 5.2 2.2 0.2 0.2 3.6 2.6 0.2 2.6 1.4000000000000001 1.8 3 0 0.8 2.8000000000000003 4.2 3 1.4000000000000001 0 0.6000000000000001 1.6 0 0 0 0 0 0.6000000000000001 4 0 4.2 0 0 4.4 0 2.8000000000000003 0 0 0 2.2 5.800000000000001 0 0 0 0 0 0 0 0 0 0 0 0 0 0 0 0 0 0 0 0 0 0 0 0 0 0 0 0 0 0 0 0 0 0.2 1.4000000000000001 0.2 0.4 8.6 14.8 0 1.6 0 0 0 0 0 0 0 0 0 0 0 0 0 0 0 0 4 0 0 0 2 0 0 0 0 3 0 0 0 
