 0 21.8 33 9.600000000000001 6.800000000000001 10.600000000000001 20.8 29.6 5.800000000000001 8.200000000000001 39.800000000000004 6.800000000000001 11.4 39 25.400000000000002 28 109 6.800000000000001 26 39.6 0 0.6000000000000001 0 0 0 0.6000000000000001 0 0 0 0 0 0.6000000000000001 0 16.6 0 0.6000000000000001 0 41.400000000000006 0.4 0 0.2 0 0 0 0 0 0.6000000000000001 0 0.2 0 0 0 0.6000000000000001 0.4 0 0.6000000000000001 0.6000000000000001 0 0 0 0 0 0 0 0 0 0 0 0 0 0 0 4.4 0 0 0 0.6000000000000001 0.2 0 0 10.4 0 2.6 1.6 0 0 9.8 0 1.8 5.6000000000000005 4.2 2.6 5 0.2 9 4 4.6000000000000005 5.2 5.2 5.2 0 0 0 0 0 0 0 0 2 0.4 0 0 0 0 0.2 0 0.4 0 1.8 0 0 0 0 0 0 0 0 0 0 0 4.2 0 0 0.2 0 0 0 0 0 0 0.4 0 0 0 0 0 0 0 0 0 0 0 0 0 0 0 0 0 0.2 0 7 1.4000000000000001 10.8 0 4.2 0 2.2 3.8000000000000003 0 2 5.800000000000001 3.4000000000000004 0 5 2.4000000000000004 2.6 0 0 3 2.4000000000000004 0 0 0 0 0 0.4 0 0 0 4.6000000000000005 0 0 3.6 0 0 0 0 0.4 0 0 0 0 0 0 0 0 0 0 0 0 0.2 0 0 0 0 0 0 0 0 0 0 0 0 0 0 0 0 0 0 0 0 0 0 0 0 0 0.4 0 0 0 0 0 0 0 0 0 0 0 0.6000000000000001 0.4 0.2 0.4 0 0 0 0 0 0 0 0 0 0 0 0 0 0 0 0 0 0 0 0 0 0 0 0 0 0 0 0 0 0 0 0 0 0 0 0 0 0 
 21.8 0 29.8 12.8 24.6 8.8 30 10.4 27.200000000000003 5 25.200000000000003 26.6 30 50.800000000000004 7.4 53.800000000000004 32.4 26.8 26.400000000000002 27.200000000000003 0 0.6000000000000001 0 0 0 0.6000000000000001 0.2 0 0 0 0 0.4 15.8 0 0.2 0.8 0.6000000000000001 0.6000000000000001 0 0 0.2 0 0 0 0 0 0.6000000000000001 0 0 0 0 0 0.6000000000000001 0.6000000000000001 0 14.4 0.6000000000000001 0 0 0 0 0 0 0 0 0 0 0 0 0 0 0 3.6 0 0 0 0.4 0 0 0 3.8000000000000003 6.4 0 4.6000000000000005 0 2.8000000000000003 4.800000000000001 9.600000000000001 5.6000000000000005 4 0.4 0.4 0.4 2.4000000000000004 3 3.2 6.6000000000000005 5.6000000000000005 1.8 0.2 0 0 0 0 0 0.4 0 0 0 0 0 0.2 0 0 0 0 0 0 2.2 0 0 0 0 0 0 0 0 2.2 0.4 0 0 0 0 0 0 0 0 0 0 0 0 0 0.2 0 0 0 0 0.4 0 0 0 0.2 0 0 0 0 0 0 0.2 0 2.4000000000000004 6 0 2.4000000000000004 8.4 0.2 0 2.6 4.2 3.8000000000000003 4.2 3.2 0 2.4000000000000004 1.8 5.6000000000000005 4.2 4.800000000000001 0 0 0 0 0 0 0.4 0 4.6000000000000005 0.2 0 0 0 0.4 0.2 0 0 0 0 0 1.8 5 0 0 0.2 0 0 0 0.4 0 0 0 0 0 0 0 0 0 0 0 0.2 0 0.2 0 0 0 0 0 0 0.2 3 0 0 0 0 0 0 0 0 0 0 0 0 0 0 0 0 0 0.2 0 9.4 0.4 1.8 0.6000000000000001 0 0 0 0 0 0 0 0 0 0 0 0 0 0 0 0 0 0 0 0 0 0 0 4 0 0 0 0 0 0 0 0 0 0 0 0 0 0 
 33 29.8 0 97.80000000000001 10.600000000000001 24.8 28.6 86.60000000000001 76.4 27.400000000000002 22 14.4 13 48.400000000000006 48.800000000000004 97.60000000000001 70.2 13.600000000000001 5.800000000000001 5.800000000000001 0 0.6000000000000001 0.4 0 0.4 0.6000000000000001 0.2 0 0 0 41.2 41.6 0 0.4 0 0.6000000000000001 0 0.6000000000000001 14.4 3.4000000000000004 0.2 0 0 0 0 0.6000000000000001 0.6000000000000001 0 0 0 0 0 1.4000000000000001 1 0 0 0.6000000000000001 0 0 12.600000000000001 0 0 0 0 0 0 0 0 8.200000000000001 0 0.6000000000000001 0 0.6000000000000001 0 0 0 0.6000000000000001 0 0 21.200000000000003 7.4 2.2 9.8 2.8000000000000003 0 4.4 0 3.8000000000000003 5.800000000000001 2.2 3.8000000000000003 2.4000000000000004 1.2000000000000002 2.8000000000000003 7 4.800000000000001 0 7.4 3.8000000000000003 4.4 3.2 0 0 0 0 0 8.200000000000001 4 0 0 0 0 3.8000000000000003 2.4000000000000004 0 0 0 0 0 0 0 0 0 0 0.2 0.4 0 0 1.8 0 0 0 0 0.2 0 0 0 0 0 0.2 0 0 0 0 0 0 0 0.8 0 0 0.4 0 0 0 0 0 0 0 0 0 0.2 0 4 0 0 1.8 0.6000000000000001 3.8000000000000003 2 3 0.2 7.6000000000000005 3.6 0.8 8.4 3 3 2.8000000000000003 0.2 1 1.6 3 1.4000000000000001 0 0 0 0 0.8 0 0 0 0 4.6000000000000005 3.8000000000000003 0 0 0 0 4.6000000000000005 4.6000000000000005 0 0.2 0 0 0 0 0 0 0 0 0 0 0 0 0 0 0 0 0 0 0 0 0 0 0.2 0.4 0 0 0 0 0 0 0 0 0 0 0 0 0 0 0 0 0 0 0 0 0 0 0.8 18 0 2 2 0 0 0 0 0 0 0 0 0 2 0 0 0 0.2 0 0 0 0 0 0 0 0 1.4000000000000001 0 0 0 0 0 0 0 0 0 0 0 0 0 0 
 9.600000000000001 12.8 97.80000000000001 0 36.2 7.800000000000001 14.200000000000001 15 78.60000000000001 37.4 10.200000000000001 27.400000000000002 17.2 22.6 29.8 25.8 56.800000000000004 70.2 17.2 16.400000000000002 20.200000000000003 0.6000000000000001 0 0 0 0.6000000000000001 5 0 0.4 0 0 0.4 5.6000000000000005 33.2 0 0.6000000000000001 0.4 0.6000000000000001 28 14.600000000000001 0 0 13 0 12.8 0 14.200000000000001 0 0.4 0 1 0 4.2 0.8 0 0 0.6000000000000001 0 0 0 0 8.4 0 0 0 0 0 0 9.4 0 1.4000000000000001 0 0.6000000000000001 0 0 0 0.4 0 7 0 0 5.4 0 6.800000000000001 1.4000000000000001 12.8 0 5.800000000000001 5 7.800000000000001 5.800000000000001 0.6000000000000001 0 2.2 0 1.4000000000000001 3.2 3.6 0 0 5.2 4 3 0 0 0 8.200000000000001 4 0 0 0 0 7.4 4.4 2 1.8 0 1.8 1.4000000000000001 2 0 0 0 1 0 0 0 0 0 0 0 0 0 0 0 0 0 0 0 0 0 0.2 0 0 0 0 0 0 0 0 0 0 0 0 0 1.6 0 0 0 0 0 0 0 6.800000000000001 3.8000000000000003 8.6 1.4000000000000001 0 0 0.2 0 0 0 0 1.6 0 6.4 0 1.6 0 4.6000000000000005 0 1.2000000000000002 4.2 0 0 3.2 5.4 0 0 0 0 8 2.8000000000000003 0 1.2000000000000002 4.2 0 3.2 4.6000000000000005 0 0 0 0 0 0 0 0 0 0 0 0 0 0 0 0 0 0 0 0 0 0 0 0 0 0 0 0 0 0 0 0 0 0 0 0 0 0 0 0 0 0 0 0 0 0.2 18.2 0 1 2 2.2 1.6 0.2 0 0 0 0 0 0 0 0 0 3.6 0 0 0 0 0 0 0 0 0 0 0 0 0 0 0 0 0 0 0 0 0 0 0 0 0 0 0 
 6.800000000000001 24.6 10.600000000000001 36.2 0 76.4 6.800000000000001 10 15 16.400000000000002 21 47.2 13.200000000000001 35 32.4 27 9.200000000000001 50.2 53 55 42.2 0.6000000000000001 0.4 0 0 0.6000000000000001 0 31 0.4 14.8 0 0.6000000000000001 0.4 20 0 0.6000000000000001 11.8 1 14.600000000000001 31 0 0 0 0 13.4 0 0.6000000000000001 0.4 0 0 0 0 1.6 0.6000000000000001 0 0 0.6000000000000001 0 0 0 0 0 0 0 0 0 0 0 10.4 0 0 1.2000000000000002 0.6000000000000001 0 0.6000000000000001 0 0.4 0 0 0 0 2.4000000000000004 0 5 3.8000000000000003 3 0 2.2 2.6 5 0 0 0 0 0 0 0.2 0 0 0 5.2 16.2 7.4 0 0 0 3.6 0 13.4 0 0 0 5.4 4 4.6000000000000005 4.800000000000001 6.2 4.800000000000001 6.6000000000000005 3.8000000000000003 0 0 0 0 0 0 0 0 0 0 3 0 0 0 0 0 0 0 0 0 1.4000000000000001 0.2 0 0 0 0 0 0 0 0 0 0 0 0 0 0.8 3 0 0 0 0 0 4.4 9 0 2.2 1.6 2.8000000000000003 2 0 7.800000000000001 0 0 2.4000000000000004 3 0 12.600000000000001 1.2000000000000002 5.6000000000000005 0.2 0 2 0 4.4 0 0 16 4 4 0 2.2 0 3.6 0.2 2.4000000000000004 3.6 0 0 8.200000000000001 10.600000000000001 0 0 0 0 2 0 0 0 0 0 0 0 0 0 0 0 0 0 0 0 0 0 0 0 0 0 0.4 0 0 0 0 0 0 0 0 0 0 0 0 0 0 0 0 0 0 0.8 0.2 0 0.4 0.8 0 1 0 0 0 0 0 0 0 0 0 0 2.2 0 0 0 0 0 0 0 0 0 0 0 0 0 5.6000000000000005 0 0 0 0 0 0 0 0 0 0 0 0 0 
 10.600000000000001 8.8 24.8 7.800000000000001 76.4 0 5.6000000000000005 8.200000000000001 36.2 42.2 55.6 11.8 9.4 54 11.8 64 16.6 24.200000000000003 54.800000000000004 10.4 31.200000000000003 0.6000000000000001 0 0 0.2 0.6000000000000001 0 6.6000000000000005 0 0 0 0.4 15 20.200000000000003 14.8 0.4 14.600000000000001 15.600000000000001 14.600000000000001 0 0 0 0 0 0.4 0 0.6000000000000001 0 0 0 0 0 4.800000000000001 0.4 0 0 13.200000000000001 0 0 0 0 0 0 0 0 0 0 0 0 0 0 1 0.6000000000000001 10.200000000000001 0 0 0.6000000000000001 0 0 0 0 0.2 3.2 6.800000000000001 5.4 3.2 0 0.4 3 0.2 3 2.6 0 0 0 5.6000000000000005 0 0 0 0 0.4 2.6 2.6 0 0.4 0 2.8000000000000003 5.4 3 2.2 0 0 3.2 0.2 0 0.4 0 0 5.4 4 0 0 0 0.2 0 0 0 0 0 0 0 0 0 0 0 0 0 0 0 0 0 0 0 0 0 0 0 1.2000000000000002 0 0 0 0 0 0 0 0 0 0 0 0 0.2 0 0 0.2 5.2 1.2000000000000002 0 0.4 0.4 2.2 0 4.2 0 0 0 0 3.8000000000000003 0 0 0 9.4 0 0 0.4 0 0 3 1.8 3.4000000000000004 0 2.6 0 0 8.200000000000001 3.8000000000000003 1 0 0 6 1 0 0 0 0 0 0 0 0 0 0 0 0 0 0 0 0 0 0.4 0 0 0 0 0 0 0 0 0 0 0 0 0 0 0.2 0 0 0 0 0 0 0 0 0.2 0 0 0 0.2 0 0 0 0 0 1 0 0 0 0 0 0 0 0 0 0 0 0 0 0 0 0 0 0 0 0 0 0 0 0 2.8000000000000003 2 0 0 0 0 0 0 0 0 0 0 0 2 
 20.8 30 28.6 14.200000000000001 6.800000000000001 5.6000000000000005 0 56 9 3.8000000000000003 27.400000000000002 83 34.4 89.80000000000001 25.8 10.200000000000001 60.2 11 20 25.6 1 0.6000000000000001 0 0 0 0.6000000000000001 0.6000000000000001 0 0 0 0 0.4 1.8 0 0 0.4 1.2000000000000002 1 1.8 0.4 13.4 1.8 1.2000000000000002 0 0 0.4 0.6000000000000001 0.6000000000000001 0 0 0 0 0.6000000000000001 2.2 0 0 1.8 0 0 0 0 0 0 0 0 0 7 0 0 0 0 0 1.4000000000000001 1.2000000000000002 1.2000000000000002 0.2 0.6000000000000001 0 0.4 0 2.8000000000000003 2.6 7 0 0 0 10.4 4.4 2 2.4000000000000004 4.6000000000000005 4.800000000000001 0 5 2.6 2.4000000000000004 0 4.4 0.2 0.6000000000000001 0 2.8000000000000003 0 0 0 0 0.2 0 0 0 0 0 2 0 0 0 0 0 2.4000000000000004 0 0 0 0 0 1 0 0 0 0 0 5 0 0 0 0 0 0 0 0 0 0 0 0 0 0 0 0 0 0 0 0 2.8000000000000003 0 0 0 0 2.4000000000000004 0 0 0 5.4 4.800000000000001 4.6000000000000005 0 2 0 3.4000000000000004 6.800000000000001 0 3.4000000000000004 8.6 0 3.6 5 1.8 3.4000000000000004 0 2.6 11.600000000000001 0 0 0 0 0 0 0 0 0 0 0 0 0 0 0 0 0 0 0 3.6 0 0 0 0 0 0 0 2.2 0 0 0 0 0 0 0 0 0 0 0 0 0 0 0 0 0 0 0 0 0 0 0 0 0 0 0 0 0 0 0 0 0 0 0 0 0 0 0.4 17.400000000000002 0.4 0 0 0 1.8 0 0 0 0 0 0 0 3.6 0 0 0 0 0 0 0 0 0 0 0 0 0 0 0 0 0 0 0 0 0 0 0 0 0 0 0 0 0 0 
 29.6 10.4 86.60000000000001 15 10 8.200000000000001 56 0 34 12 25.400000000000002 61 38.2 14 63.800000000000004 7.6000000000000005 49.6 10 49.800000000000004 15 0.2 1 0 0.6000000000000001 0.4 0.6000000000000001 0.2 14.200000000000001 0 0.2 0 1.4000000000000001 0 0 0.4 0.8 0.2 0.6000000000000001 0 0 12.4 0.4 0 0 0 0 0.6000000000000001 0.6000000000000001 0 0 0 0 0.6000000000000001 0.4 0 0 0.6000000000000001 0 0 0 0 0 0 0 0 0 0 0 0 0 0 0 1.2000000000000002 0 0 0.2 0.6000000000000001 0 0 0 11.4 4 5.4 0.4 0 0 5.2 2.8000000000000003 0 2.2 4 5.800000000000001 1.4000000000000001 9.200000000000001 5.800000000000001 5.6000000000000005 0 5.4 0.2 4.4 0 0 0 0 0 0 0 0 0 0 0 0.2 2.4000000000000004 0 0 0 0 0 0 0 0 0.2 0 0 0 0 4 0 0.2 0 0 0 0 0 0 0 0 0 0 0 0 0 0 0 0 0 0 0 0 0 0 0.4 0 0 0 0 1.8 0 11.200000000000001 0 2.6 3 8.200000000000001 0.2 0 0 12.200000000000001 5 2.4000000000000004 2.8000000000000003 4.4 1 4.6000000000000005 1.4000000000000001 1.8 0 0 4.2 1.8 1.4000000000000001 0 0 0 0 0.2 0 0 0.4 0 0 0 0.2 0.4 0.4 0 0 0 0 0 0 0 0 0.4 0 0 0 0.2 0 0 0 0 0 0 0 0 0 0 0 0.4 0 0 0 0 0 0 0 0 0.2 0 0 0 0 0 0.4 0 2 0 0 0 0 0 2 0 0 0 0 0.2 0 0.2 0 0 0.8 0 0 0 0 0 0 0 0 0 0 0 0 0 0 0 0 0 0 0 0 0 0 0 0 0 0 0 0 0 0 0 0 0 0 0 0 0 0 
 5.800000000000001 27.200000000000003 76.4 78.60000000000001 15 36.2 9 34 0 35.6 26.400000000000002 10 59 20.8 13 23 27.200000000000003 48.6 19.6 14.4 0 0.8 0 0 0.4 0.6000000000000001 0 0 0.4 0 0 0.4 0.6000000000000001 14.8 0 0.6000000000000001 0 0.6000000000000001 5.4 16.2 0.2 0 0 1.2000000000000002 0.6000000000000001 0.8 0.6000000000000001 0 0 0 0.6000000000000001 0 0.6000000000000001 0.6000000000000001 0 0 0.6000000000000001 0 0.6000000000000001 0 0 8.200000000000001 0 0 0 0 0 0 0.2 0 0 0.6000000000000001 0.6000000000000001 0.6000000000000001 0 0 0.6000000000000001 0 0 0 5.4 1.4000000000000001 10.200000000000001 7.800000000000001 0.4 0.2 0 2.2 3 1.6 11.600000000000001 6 0 3.4000000000000004 0 11.600000000000001 1.4000000000000001 7.4 0 0.4 0.2 2.2 0 0 0 0 3.8000000000000003 0 0 0 0 0 0.4 3 0 0 0 0 4 2.8000000000000003 0 0 0 0 0 0 0 0 0 0 0 0 0 0 5.4 0 0 0 0 0 0 0 0 0 0 0 0 0.2 0 0 0 0 0 0 0 0 0 0 0 0 0 2 3.8000000000000003 3.2 0 0 1.2000000000000002 0 0 2 0 0.6000000000000001 0 0 0 0 0.2 7 0 0 15.4 2.6 0 0 0 0 0 2.6 0 0 0 0 0.2 4 0 0 0 0 0.4 4.6000000000000005 0 0 0 0 0 0 0 0 0 0 0 0 0 0 0 0 0 0 3.8000000000000003 0 0 0 0 0 0 0 0 1.8 0 0 0 0 0 0 0 0 0 0 0 0 0 0.8 0 0 0 0.4 17.400000000000002 0 20 2.2 0.4 0.6000000000000001 4.6000000000000005 0 0 0 0 0 0 0 0 0 0 0 0 0 0 0 0 0 0 0 0 0 0 3 2.4000000000000004 2.6 0 0 0 0 0 0 0 0 0 0 0 0.4 
 8.200000000000001 5 27.400000000000002 37.4 16.400000000000002 42.2 3.8000000000000003 12 35.6 0 18.6 10 35.2 21.200000000000003 17.8 33.4 11.4 72.60000000000001 61.2 51.800000000000004 0 0.6000000000000001 0 0 0 0.6000000000000001 0.4 0 0 0.4 0 0.8 5.2 30.200000000000003 0 0.6000000000000001 0.4 0.6000000000000001 19.6 2.8000000000000003 0 0 0 0.2 2.4000000000000004 0 0.6000000000000001 0 0 0 0 0 1.4000000000000001 0.6000000000000001 0 0 0.6000000000000001 0 0 0 0 0 0 0 0 0 0 0 0.2 0 3.8000000000000003 0 0.6000000000000001 0 0 0 0.6000000000000001 0 0 0 0 0 4.2 4.2 3 0 0 0 3 1.6 5 0 0.2 0 0 3.4000000000000004 1.8 2.6 0 0 2.6 3.6 0 0 0 0 6.800000000000001 14.200000000000001 0 0 0 0 0 6.6000000000000005 0 0 0.4 0 6.6000000000000005 5.2 0.2 0 3.6 0 0 0 0 0 0 0 0 0 0 0 0 0 0 0 0 0 0 0 0 0 0 0 0 0.2 0 0 0 0 0 0 0 0 0 0 0 0 0 0 0 8.200000000000001 4 3 0 0 0 2 0 0 0 0 0 0 1.6 4.6000000000000005 1.6 0 7.800000000000001 9 6 0 0 0 0 6.2 0 0 0.4 0 3.6 7.800000000000001 0 0 0.2 0 0.2 4.6000000000000005 0 0 0 0 0 0 0 0 0 0 0 0 0.2 5.4 0 0 0 0 0 0 0 0 0 0 0 0 0 0 0 0 0 0.2 0 0 0 0 0 0 0 0 0 0 0 0 0 0 17.8 0.4 0.4 18.400000000000002 0.6000000000000001 1.2000000000000002 3.8000000000000003 0 0 0 0 0 0 0 0 0 0 0 0 0 0 0 0 0 0 0 0 0 0 1.8 0 2.4000000000000004 0 0 0 0 0 0 0 0 0 0 0 0 
 39.800000000000004 25.200000000000003 22 10.200000000000001 21 55.6 27.400000000000002 25.400000000000002 26.400000000000002 18.6 0 34.4 24 62 53 138.4 43.800000000000004 64.60000000000001 51.6 10.200000000000001 0.2 0.6000000000000001 0 0.4 0.2 0.6000000000000001 0.2 0 0 0 1.2000000000000002 0.6000000000000001 0 15.4 0 0.4 0 0.6000000000000001 3.6 0 0.4 0 1.6 0 0 0 0.6000000000000001 0.8 0 0 0 0 0.6000000000000001 0.2 0.6000000000000001 0 0.6000000000000001 0 0 0 0 0 0 0 0 0 0 0.2 0 0 0 0 0.6000000000000001 0.4 0 0 0.6000000000000001 0 0 0 0.2 2.8000000000000003 6.800000000000001 4.6000000000000005 1.8 0 2.6 0.4 0 0 9.8 4.800000000000001 0 2.4000000000000004 0.4 2.4000000000000004 13.8 1 3.6 7.2 0 0 0 0 0 0 1.4000000000000001 0 0 0 0 0 3.8000000000000003 0 0 0 0 0 3.4000000000000004 2.8000000000000003 0 0 0 0 0 0 0 0 0 0 0 0 0 0 0 0 1.8 0 0 0 0 0 0 0 0 0 0 0 0 0 0 0 0 0 0 0 0 0 0 0 0 2.8000000000000003 3.6 2.8000000000000003 4.6000000000000005 0 4.2 0 2.2 3.8000000000000003 0 6.800000000000001 0 1.6 2.8000000000000003 5 0 0 0 0.8 5 0 0 0 0 0 0 4.800000000000001 0 0 0 0 0.4 3 0 0 0.2 0 0 0 0 0 1 0 0 0 0 0 0 0 0 0 0 0 0 0.4 0 0 0 0 0 0.4 0 0 0 0 0 0 0 1.8 0 0 0 0 0 0 0 0 0.4 0 0 0 0 0 0 0.2 18.6 0.4 17.8 0.4 0 1 0 0 0 0 0.4 0 14.8 0 0 0 0 0 0 0 0 0 0 0 0 0 0 0 0 0 3.6 2.4000000000000004 0 0 0 0 0 0 0 0 0 0 0 0 
 6.800000000000001 26.6 14.4 27.400000000000002 47.2 11.8 83 61 10 10 34.4 0 13.200000000000001 16.8 60.2 45.400000000000006 36.800000000000004 38.400000000000006 27.400000000000002 11.600000000000001 0 0.6000000000000001 0 0.2 0 1 0 0 0.4 0 0 0.4 0 0 0 0.4 0.6000000000000001 0.6000000000000001 15 15.600000000000001 0 0 14.200000000000001 0 0 0.4 0.6000000000000001 0 0 0.4 0 0 0.6000000000000001 0.8 0 0 0.6000000000000001 0 0 0 0 0 0 0 0 0 0 0.2 0 0 0 0 0.6000000000000001 0 0 0 0.6000000000000001 0 0.8 0 0 8 4.800000000000001 3.4000000000000004 6 4.2 3.8000000000000003 0.4 2 3.8000000000000003 0 6.6000000000000005 0 8.6 8.4 4.6000000000000005 2.8000000000000003 4.6000000000000005 0 0 0 0 0 0 0 0 0 0 0 0 0 0 6.800000000000001 0 0 0 0 0 0 0 0 0 2.8000000000000003 0 0 0.6000000000000001 0 0 0 0 0 0 0 0 0 0 0 0 0 0 0 0 0 0 0 0 0 0 0 0 0 0 0 0 0 0 0 0 1.2000000000000002 0 0 2.4000000000000004 0.6000000000000001 7.800000000000001 5 1.2000000000000002 4.2 3 4.4 2.8000000000000003 4.800000000000001 3.4000000000000004 0 5.2 0 8.6 10.8 7.2 2.6 2.4000000000000004 0.2 0 0 0 0 0 8.6 3.8000000000000003 0 0 0 0 2.8000000000000003 0 0 0 0 0 5.6000000000000005 6.2 0 0 0 0 0 0 0 0 0 0 0 0 0 0 0 0 0 0 0 0 0 0 0 0 0 0 0 0 0 0 0 0 0 0 0 0 0 0 0 0 0 0 0 0 0 0.8 0.4 0 0.4 0.6000000000000001 0.4 1.4000000000000001 0 0 0 0 0 0 0 0 0 0 0 0 0 0 0 0 0 0 0 0 0 0 0 3.8000000000000003 4.6000000000000005 0 0 0 0 0 0 0 0 0 0 0 0 0 
 11.4 30 13 17.2 13.200000000000001 9.4 34.4 38.2 59 35.2 24 13.200000000000001 0 15.8 53.6 31.200000000000003 24.200000000000003 7.4 34.800000000000004 22.200000000000003 0 0.6000000000000001 1.2000000000000002 0.8 0 0.6000000000000001 0 0 0.4 0.2 0 0.4 0 0.4 0 0.6000000000000001 0.4 0.6000000000000001 0 0 0 0 0 0.2 0 0 0.6000000000000001 0 0 0 0 0.6000000000000001 0.6000000000000001 0.6000000000000001 0 0 1.8 0 0 0 0.6000000000000001 2.2 0 2.2 2 2.2 0 0 0.2 2 0 3.4000000000000004 9.200000000000001 0 1.2000000000000002 1.2000000000000002 0.6000000000000001 1.4000000000000001 0 0 0 0 0.4 0 0 0 0 6 0 0 0 0 4.6000000000000005 5 3.4000000000000004 0.6000000000000001 0 0 4.4 0 0.4 0 2 0 0 3.4000000000000004 0 2.8000000000000003 0 0 0 0 0 0 0 0 0 0 0 0 0 0 0 0 0 0 0.2 0 0 0 0 0 0 0 0 0 0 0 0 0 0 0 0 0 0 0 0 0.4 0 0 0 0 0 0.2 0.4 0 0 0 1.2000000000000002 0 0 5 0 0 5.2 0 12.4 9.4 0 0 0.2 0.8 9.200000000000001 2.8000000000000003 1.8 1.8 0.2 4.2 2 6.4 0 0 0 0 0 0 0 0 0 0 0 0 0 0 0 0 0 0 0 3.8000000000000003 0 0 0 0 0 0.4 0 0 0 0 0 0 0 0 0 0 0 0 0 0 0 0 0 0.4 0 0 0 0 0 0 0 0 0 0 0 0.4 0 0 0 0 0 0 0 0 0 0 0 0 0.6000000000000001 0 0 1.6 0 0 0 0 0 0 0 0 0 0 0 0 0 0 0 0 0 0.2 0 0 0 0 0 3.8000000000000003 0 0 0 0 0 0 0 0 0 0 0 0 0 0 
 39 50.800000000000004 48.400000000000006 22.6 35 54 89.80000000000001 14 20.8 21.200000000000003 62 16.8 15.8 0 88.4 60 84.4 49.400000000000006 29.400000000000002 76.4 0 0.6000000000000001 0 0 0 0.6000000000000001 0 0.4 40.800000000000004 0 0 0.4 0 0 0 0.4 0.6000000000000001 1 0 0 0.2 0 0.4 0 0 0 0.6000000000000001 0 0 0 0 0 0.6000000000000001 0.4 0.8 0 0.6000000000000001 0 0 0 0 0 0 0 0 0 0.8 0 0 0 0 5.800000000000001 1.2000000000000002 0 0 7.6000000000000005 0.6000000000000001 0 2.6 0 3.6 5.800000000000001 2.4000000000000004 10.4 0 8 9 1.2000000000000002 5.2 3.2 1.8 4.6000000000000005 4 6 5.2 5.4 3 3.4000000000000004 4.2 1.8 0 0 0 0 0 0 0 0 0 0 0 0 2.4000000000000004 0 0 0 0 0 1 0 0 0 0 0 0 0 0 0 0 0 0.4 0 0 0 0 0 0 0 0 0 0 0 0 0 0 0 0 1.4000000000000001 0 0 1.4000000000000001 0 0 0 0 0 0 0 0 0 2.2 0 1.6 2.2 2.8000000000000003 0 2.4000000000000004 3.8000000000000003 7.4 0 4.6000000000000005 6.800000000000001 0.2 3.6 3.6 8.6 6.6000000000000005 0 0 1.6 1 0 0 0 0 0 4.6000000000000005 3.8000000000000003 0 0 0 0 0 0.2 0 0 0.4 0 6.4 3.2 0 0 0 0 0 0 0 0 0 0 0 0 0 0 0 0.2 0 0 0 0 0 0 0 0 0 0 0 0 0 0 0 0 0 0 0 0 0 0 0 0 0 0 0 0 0 0.8 0.4 0 0.6000000000000001 0.4 0 0.4 0 0 0 0 0 0 0 0 0 0 0 10.8 0 0 0 0 0 0 0 0 0 0 0 0 0 0 0 0 0 0 0 0 0 0 0 0 0 0 
 25.400000000000002 7.4 48.800000000000004 29.8 32.4 11.8 25.8 63.800000000000004 13 17.8 53 60.2 53.6 88.4 0 18.400000000000002 11.600000000000001 64 17.2 59.2 0 0.6000000000000001 0 0 0 0.6000000000000001 0 0 0 0 0 0.6000000000000001 0 0 0 0.4 0 0.6000000000000001 7 0 0 0 0 0 0 0 0.6000000000000001 0 0 0 0 0 0.6000000000000001 0.4 0 0 0.6000000000000001 0 0 0 0 0 0 0 0 0 0 0 0 0 0 0 0.6000000000000001 0 0 0 0.6000000000000001 0 1 0 0 4.6000000000000005 2.8000000000000003 4.2 3.4000000000000004 1 9 0.4 2.2 5.6000000000000005 3 5.800000000000001 0 6.6000000000000005 10.200000000000001 3.2 2.4000000000000004 11.4 0 0.2 0 0 0 0 0 0 0 0 0 0 0 0 3.2 0 0 0 0.2 0 2.8000000000000003 0 0 0 0 0 0 0.4 0 0 0 0 3 0 0 0 0 0 0 0 0 0.2 0 0 0 0 0 0 0 0 0 0 0 0 0 0 0 0 0 0 0.2 0 5.6000000000000005 3.6 3.4000000000000004 0 0 1.8 0.2 0 4.2 5.6000000000000005 3.2 4.4 0 3 0 0 2.2 2.6 2 0 0 0 0 0 0 0 0 2.8000000000000003 0 0 0 0 1.8 3 0 0 0 0 2.8000000000000003 1.8 0 0.4 0 0 0 0 0 0 0 0 0 0 0.4 2.8000000000000003 0 0 0 0 0 0 1.4000000000000001 0 0 0 0.4 0 0 0 0 0 0 0 0 0 0 0 0 0 0 2.2 0 0 0 0 0 0 0.4 0.2 0 0.4 0 0.4 0 0 0 0 0 0 0 0 0 0 0 0 0 0 0.2 0 0 0 0 0 0 0 0 0 0.2 0 0 0 0 0 0 0 0 0 0 0 0 0 
 28 53.800000000000004 97.60000000000001 25.8 27 64 10.200000000000001 7.6000000000000005 23 33.4 138.4 45.400000000000006 31.200000000000003 60 18.400000000000002 0 52 8.8 10.4 14.4 0 0.6000000000000001 0.4 0 0 0.6000000000000001 0 0 14.600000000000001 0 0 0.4 1.6 0 0.2 0.6000000000000001 0 0.6000000000000001 0 14.8 0.4 0 0 0 0 1 0.6000000000000001 0.4 0.4 12.600000000000001 0 0 0.6000000000000001 0.6000000000000001 0 0 0.6000000000000001 0 0 0 0 0 0 0 0 0.4 0 0 9 0.4 0 0 1 0 0 0 0.4 0 0 9.200000000000001 0 4 5.4 11.8 2.6 0.8 0 4.6000000000000005 4.4 3.6 8.200000000000001 7.2 0 0.2 4.6000000000000005 1.8 4.4 1.8 3.6 2.2 0.2 0 0 0 0 0.4 1.6 0 0 0 0 0 0.2 4.4 0 0 0 0 0 0 0 0 0.2 0 0 0 0.4 0 5 0 0 0 0 0 0 0.4 0 0 0 0 0 0 0 0 0.4 0 0 2.6 0 0 0 0 0 0.4 0 0 0 0 0 0 0 5.2 9.600000000000001 1.6 8 0.6000000000000001 0.6000000000000001 4.800000000000001 2.8000000000000003 2 3.2 7.2 0 0.2 8.8 7.4 4.6000000000000005 5.6000000000000005 0 0 3 1.8 0 0 0 0 4.2 0.8 0 0 0 0 0.4 0.8 0 0 0 0 2.4000000000000004 5.6000000000000005 0 0 0 0 0 0.2 0 0 0 0 0 0 0 0 0 0 0 0 0 0 0 0 0 0.2 0 0 0 0 0 0 0 0 0 0 0 0 0 0 0 0 0 0 0 0 0 0.2 0 0 18.400000000000002 1 0 0.6000000000000001 2.2 0 0 0 0 0 0 0 0.4 0 2 0 0 0 0 0 0 0 0 0 0 0 0 4.6000000000000005 2.4000000000000004 0.2 0 0 0 0 0 0 0 0 0 0 0 0 
 109 32.4 70.2 56.800000000000004 9.200000000000001 16.6 60.2 49.6 27.200000000000003 11.4 43.800000000000004 36.800000000000004 24.200000000000003 84.4 11.600000000000001 52 0 54.800000000000004 28 13 0 0.6000000000000001 0.4 0 5.2 4 0 0 0 0 0 0.4 0 4 0 0.6000000000000001 0 0.8 0 0 0.4 0 0 0 0 0 0.6000000000000001 0 0 0 0 0 0.6000000000000001 0.4 0 0 0.6000000000000001 0 0 0 0 0 0 0 0 0 0 0.2 0 0 0 0 0.6000000000000001 0 0.4 0 0.6000000000000001 0 0 0 4 0 3.2 2.8000000000000003 3.4000000000000004 0 3.4000000000000004 1.8 3.4000000000000004 4.2 1.8 2.8000000000000003 0 0.4 3 0 2 2.8000000000000003 3 5.2 0 0 0 0 0 0 0 0 0 0 0 0 0 0 0 0 0 0 0 0 0 0 3 0 0 0.4 0 0 0 0 0 0 0 0 0 0 0 0 0 0 0 3.4000000000000004 0 0 0 0 0 0 0 0 0 0 0 0 0 0 0 0 0 0 0 4 7.4 2.6 4.800000000000001 0 0 2 3.4000000000000004 1.4000000000000001 0.4 5 0 0 4 7.800000000000001 3.4000000000000004 7.6000000000000005 0 2.2 0 7 0 0 0 0 0 0 0 0 0 0 0 0 0 0 0 0 0 5 0 0.4 0 0 0 0 0 0 0 0 0 0 0.4 0 0 0 0 0 0 0 0 0 0 0 0.4 0 0 0 0 0 0 0 0 0 0 0 0 0 0 0 0 0 0 0 0 0 0 0 27.8 17.2 0.2 1.2000000000000002 2.4000000000000004 0 0.4 0 0 0 0 0 0 0 0 0 0 0 0.2 0 0 0 0 0 0 0 0 4.800000000000001 0 0.2 0 0 0 0 0 0 0 0 0 0 0 0 
 6.800000000000001 26.8 13.600000000000001 70.2 50.2 24.200000000000003 11 10 48.6 72.60000000000001 64.60000000000001 38.400000000000006 7.4 49.400000000000006 64 8.8 54.800000000000004 0 26.200000000000003 10.200000000000001 0.2 0.6000000000000001 0 0 0 0.6000000000000001 16 0 0 0 0 0.4 0 10.4 0 0.6000000000000001 14.600000000000001 0.6000000000000001 29.200000000000003 0 0 0 0 0 0 0 0.6000000000000001 0.8 1.4000000000000001 0 0 0 0.6000000000000001 1.6 0 13 0.6000000000000001 0 0 0 0 0 0 0 0 0 0 0 0 0.4 0 0 1.6 0 0 0 0.4 0 1.2000000000000002 0 0 3.2 7.800000000000001 6.800000000000001 3.8000000000000003 6 7.2 3.2 4.800000000000001 5.800000000000001 5 4.4 0 7 0 3.2 5.2 3.2 0 0 0 0 0 0 0.4 0 2 3.4000000000000004 0 0 0 0 3.2 0 0 0 0 0 2.2 0 0 0 0 0.2 0 0 0.2 0 0 0 0 0 0 0 0 0 0 0 0 0 0 0.4 0 0 0 0 0 0 0 0 0 0 0 0.4 0 0.4 0 0 0 0 0 0.2 0 1.6 0 5.800000000000001 0 2.2 0.4 4.4 2 1.2000000000000002 0 4 0 7.800000000000001 3 0 0 0 6.2 0 0 0.4 0 0 0.6000000000000001 2.6 0 0 0 0 3.4000000000000004 0 0 1.4000000000000001 0 0 4.800000000000001 1.4000000000000001 2.2 0 0 0 0 0 0 0 0 0 0 0 0 0 0 0 0 0.4 1.4000000000000001 0 0 0 0 0.4 0 0 0 0 0 0 0 0 0.2 0 0 0 0 0 0 0 0 0.4 0 0 0 0 29 0.2 0.4 0 2.8000000000000003 6.6000000000000005 0 0 0 0 0 0.2 0 0 0 0 0 0 0 0 0 0 0 0 0 0 0 0 0.2 0 7.800000000000001 0 0 0 0 0 0 0 0 0 0 0 0 0 
 26 26.400000000000002 5.800000000000001 17.2 53 54.800000000000004 20 49.800000000000004 19.6 61.2 51.6 27.400000000000002 34.800000000000004 29.400000000000002 17.2 10.4 28 26.200000000000003 0 81.60000000000001 0 1.8 0.4 0 0.4 0.6000000000000001 0 0 0 0 0 0.4 0 0 0 0.6000000000000001 0 0.6000000000000001 0.2 0 14.4 0 0 0 0 0 1 0 0 0 0.2 0 0.6000000000000001 2.4000000000000004 0 0.4 0.6000000000000001 0.4 0 0 0 0 0 5.4 0 0.6000000000000001 0 0 0 0 0 0 0.6000000000000001 0 0 0 0.6000000000000001 0 0.6000000000000001 0 6.4 0 3.6 2.6 0 0 14.8 4.2 0.2 0.2 0 3.8000000000000003 2 17.400000000000002 6.800000000000001 6.800000000000001 2.8000000000000003 2 3.6 1 0 0 0 0 0 0 0 0 0 0 0 0 0 0 0 0 0 0 0.2 0 0 0 0 0 0 0 0 0 0 0 0 0 0 0 0 0 0 0 0 0 0 0 0 0 0 0 0 0 0 0 0 0 0 0 0 0 2 0.2 1.2000000000000002 0 3.8000000000000003 3.6 0.4 0 9 0 3.8000000000000003 2.2 0 0.2 7 0.2 0.2 0 0.2 0 0 6 4.6000000000000005 0 0 0 0 0 0 0 0 0 0 0 0 3 0 0 0 0 0 0 0 0 0 0 0 0 0 0 0 0 0 0 0 0 0 0 0 0 0 0 0 0 0 0 0 0 0 0 0 0 0 0 0 0 0 0 0 0 0 0 0 0 0 0.8 0 0 0 0.4 0 0 0.2 0 0.2 2 0 0.4 0 0 0 0 0.2 0 0 0.2 0 0 0 0 0 0 0 0 0 0 0.2 0 0 4.2 0 0 0 0 0 0 0 0 0 0 0 0 0 0 
 39.6 27.200000000000003 5.800000000000001 16.400000000000002 55 10.4 25.6 15 14.4 51.800000000000004 10.200000000000001 11.600000000000001 22.200000000000003 76.4 59.2 14.4 13 10.200000000000001 81.60000000000001 0 0.4 0.6000000000000001 0 0 0 0.6000000000000001 0 0 0 0 0 0.4 0.8 0 0 0.4 0.4 0.6000000000000001 0.4 0 0 0.6000000000000001 0.6000000000000001 0 0 0.4 0.6000000000000001 0.4 0 0 0 0 0.6000000000000001 1 0 0 1 0 0 0 0 0 0 0 0 0 0 0 0 0 0 0 0.8 0.4 0.4 0 0.6000000000000001 0 0.8 0 0 3 1.8 3.2 0 1.8 7 4.6000000000000005 0 2 3.2 1.6 0 5.2 3.4000000000000004 3.2 9.200000000000001 12.4 0 0 0 0 0 0 0 0.4 0 0 0 0 0 0 0 2.2 0 0 0 0 0 0 0 0 0 0 0 0 0.4 0 0 0 0 0 0 0 0 0.4 0 0 0 0 0 0 0 0 0 0 0 0.2 0 0 0 0 0 0.4 0 0 0 0 0.8 0 6.6000000000000005 4.6000000000000005 0 0 0.2 0 1.6 0 0 7.2 2.6 0 0.2 0 0 0 0 2.8000000000000003 2 0 0 0 0 0 0 0 0 0 0 0 0 0 0 0 0 0 0 0 0 0 0 0 0 0 0 0.2 0.2 0 0 0 0 0 0 0 0 2 0 0 0 0 0 0 0 0.2 0 0 0 0 0 0 0 0 0 0 0 1 0 0 0 0 0 0 0 0 0 0 0 0 0 0 0 1.2000000000000002 0 0 0.4 0 0 0 0 0 0.4 0 0 0 0 0 0 0 0 0 0 0 0 0 0 0 0 0 0 0 0 0 0 0 0 0 0 0 0 0 
 0 0 0 20.200000000000003 42.2 31.200000000000003 1 0.2 0 0 0.2 0 0 0 0 0 0 0.2 0 0.4 0 19.6 10 12.200000000000001 7 7 36.2 65.2 51.800000000000004 9.8 22 54.2 9 33.2 25.400000000000002 24.8 8.6 8 12.200000000000001 17 0 0 0 0 11.4 0 0 0 0.2 0 0 0 0 0 0 0.6000000000000001 0.6000000000000001 0.6000000000000001 0.2 0 0.4 0.4 0 0 0 0.6000000000000001 0 0 0 0 0 0.8 0.4 0 0.4 0 0 0 0.6000000000000001 0.6000000000000001 0.2 0 0 0 0 6.2 0 0 0 0 0 0 0 0 0 0 0 0 0 0 6.4 2.4000000000000004 2.8000000000000003 0 0 4.2 3 4.4 3 3.6 5.4 0.2 6.800000000000001 0.2 7 1 2.4000000000000004 0.8 2.8000000000000003 2.4000000000000004 0 0 0 0 0 0 0 0 0 0 0 0 8 0 0 0 0 0 1.8 4.800000000000001 0 0.4 0 0 0.2 0 0 0 0 0 0 0 0 0 0.8 2.4000000000000004 0 0 0 0 0 0 0.6000000000000001 0 0 4.2 0.6000000000000001 0 0 0 0 0 0 0 0 0 0 0 0.6000000000000001 0 2.2 4 4 0.4 0 0 6 1.8 6.6000000000000005 0 5.2 0 0.2 0 4.800000000000001 3.8000000000000003 0 6.4 3 0 0 0 0 0 0.2 0.4 0 0 0 0 0 0 0 3.2 0 0 0 0 0 0.2 0 0 0 3.2 0 0 0 0 0 0 0 0 0 0 0 0 0 0 0 0 0 0 0 0 0 0 0 0 0 0 0 0 0 0 2.2 0 0.4 0 0.2 0 0.2 0 0 0 0 0 0 0 2.8000000000000003 0 0 0 0 0 0 0 0.2 0 0 1.8 0 0 0 0 0 2.8000000000000003 0 0 0 0 
 0.6000000000000001 0.6000000000000001 0.6000000000000001 0.6000000000000001 0.6000000000000001 0.6000000000000001 0.6000000000000001 1 0.8 0.6000000000000001 0.6000000000000001 0.6000000000000001 0.6000000000000001 0.6000000000000001 0.6000000000000001 0.6000000000000001 0.6000000000000001 0.6000000000000001 1.8 0.6000000000000001 19.6 0 60.800000000000004 29.6 96.2 21.200000000000003 35.4 11.4 49.400000000000006 8 22 26.6 26.200000000000003 24.400000000000002 52.400000000000006 14.4 39.2 47.800000000000004 25.8 6.4 0 0 0 0 0.2 0 12.8 0 0.2 0 0 12.8 0 0.4 0.6000000000000001 21.8 0.6000000000000001 0.6000000000000001 0.2 0 0.4 1.6 0 0.4 0 0.6000000000000001 0.6000000000000001 1.2000000000000002 0.6000000000000001 1.2000000000000002 0.6000000000000001 0 0.4 0 0.4 0.8 0 0 0.6000000000000001 0.8 0 0 0 0 0 0 0 0 0 0 0 0 0 0.2 0 0 0 0 0 0 6.2 0.8 7 0 2.8000000000000003 0 0 1.2000000000000002 4.4 0 5.6000000000000005 9 3 0 1.4000000000000001 0 4.800000000000001 3.6 0 0 0 0 0 0 0 0 6.800000000000001 0.2 0 0 0 0 4.6000000000000005 0 0 0 0 0 0.2 1.2000000000000002 0 0.4 0 0 0 0 0 0 0 0 0 0 10.600000000000001 0 0 1.4000000000000001 0 0.2 0 0 0 0 0 0 0 0 0 1.2000000000000002 0 0 0 3.8000000000000003 0 0 0 0 0 0 0 0 0 1.8 8 13.600000000000001 4.4 0 2.6 1.4000000000000001 2.4000000000000004 6.800000000000001 5.2 4.6000000000000005 3.4000000000000004 3.8000000000000003 4.2 2.2 6.2 0 0 3.8000000000000003 2 0 0 0 0 0 3.4000000000000004 0 0 0 0 0 0 2 0 0 0 0 9.8 5 0 0 0 1.6 0 0 0 0 0 0 0 0 0 0 0 2.4000000000000004 0 0 0.2 0 0 0 0 0 0 0 0 0 0 0 0 0 0 0 1.8 0 0 15.200000000000001 0 0 0 0 0 0 0 0 2.6 0 0 0 0.2 0 0 0 0 0 0 0 0 0 0 0 0 0 0 0 0 0 0 0 
 0 0 0.4 0 0.4 0 0 0 0 0 0 0 1.2000000000000002 0 0 0.4 0.4 0 0.4 0 10 60.800000000000004 0 66 14.4 65.2 95.60000000000001 10.8 43.2 21.6 11.8 22.400000000000002 39.2 11.200000000000001 17.400000000000002 28.200000000000003 42.6 41 25.6 61.2 0 0 0.2 0 42.2 0 0 0 0.4 0 0 0 4.2 0 0 0.4 0.4 0 13.200000000000001 5.2 0 0.6000000000000001 0 0 0 0.6000000000000001 0 0 0.2 0 0 0 0 0 1.8 0 0 0 0.6000000000000001 0.6000000000000001 0 0 0 0 0 0 0 0 0 0 0 0 0 0 0 0 0 0 0 0 0 1.8 2.8000000000000003 9.8 0.8 0 0 3.6 2 0.2 3 6.2 3.6 0 3 6.800000000000001 0 4.6000000000000005 0 0 2.4000000000000004 0 0 2.2 0 0 5 0.2 0.4 0 0 0 3.4000000000000004 0 3.8000000000000003 0 0 0 8.6 5.4 0 0 0 0 0 0 0 0 0 0 0 0 0 0 0 0 0 0 0 0 0 0 0 0 0 0 0 0 0 0 0 0 0 0 0 0 3 0.6000000000000001 0 0 0 0.2 6.4 6 7.2 6.6000000000000005 0 2.6 0.2 11.600000000000001 1.6 4 0.4 2.8000000000000003 0.8 5.2 2.2 0 0 0 0 4.4 0 0 0 0 3.6 0.2 0 0 0 0 0 2.4000000000000004 0 0.2 0 0 6.6000000000000005 0 0 0 0 0 0 0 0 0 0 0 0 0 0 0 0 0 0 0 0 0 0 0 0 0 0 0 0 0 0 0 0 0 0 0 1 0.4 0.4 15.600000000000001 0 0.4 0 0.4 0 0 0 0 0 0 0 0 0 0 0 0 0 0 0 0 0 0 0 2 0 0 0 0 0 0 0 0 
 0 0 0 0 0 0 0 0.6000000000000001 0 0 0.4 0.2 0.8 0 0 0 0 0 0 0 12.200000000000001 29.6 66 0 20.6 25.8 21.6 16 65.2 33.6 81 108.4 17 92.2 29.6 21 43.400000000000006 58 19 36.800000000000004 0 0 0 0 0.6000000000000001 0 12.600000000000001 0 16.8 0 0 0 0.2 11.8 0 0.4 0.4 0.4 0.4 0.2 0.4 0.4 0 1.4000000000000001 0 0.6000000000000001 0 0 0.4 0 0 0 0.4 0 0.4 0 0 0 0.6000000000000001 0.6000000000000001 0 0 0 0 0 0 0 0 0 0 0 0 0 0 0 0 0 0 0 0 0 2 2.8000000000000003 0.4 0 5.2 0 0 4.4 5.800000000000001 3.8000000000000003 5 0.2 2.6 4.4 0.6000000000000001 6.6000000000000005 4.6000000000000005 0 0 0 0 0 0 0 0 0 0.2 0 1 0 0 7.4 0 0 0 0 3.2 0 4.6000000000000005 0.4 0 0.4 0 0 0 0 0 0 0 0 0 0 0 0 0 0 0 0 0 0 0 0 0 0 0 0 1 0 0 0.4 0.4 0 2.2 0 0 0 0 0 0 0 5.6000000000000005 5.4 9 0 8.8 0 0 2.8000000000000003 4 3.6 6.800000000000001 6.2 0 2.8000000000000003 6 7.6000000000000005 0 0 0 0 0.2 0 0 0 0 0.6000000000000001 2.8000000000000003 0 0 0 3.6 3.8000000000000003 1.8 2.2 0 0 0.2 2.4000000000000004 5.4 0 0.2 0 0 0 0 0 0 0 0 0 0 0 0 0 0 0 0 0 0 0 0 0 0 0 0 0 0 0 0 0 0 0 0 1.4000000000000001 0.4 0 1.6 0 0 0.8 0 0 0 0 0 0 0 0 0 0 0 0 2.8000000000000003 0 0 0 0 0 0 0 0 0 0 0 0 5 0 0 0 
 0 0 0.4 0 0 0.2 0 0.4 0.4 0 0.2 0 0 0 0 0 5.2 0 0.4 0 7 96.2 14.4 20.6 0 37.2 10.600000000000001 11.8 14.600000000000001 17.2 42.2 86.4 19 17 17.400000000000002 14.8 24.8 26.200000000000003 55.2 58.6 0 0 0.2 0 0.4 0 12.4 0 0 0 0 0 14 19.400000000000002 0 0 0 12.4 12.8 0.8 0 0 0 1.4000000000000001 0 0 0 0 0.4 0 0 0 0 8.8 0 0 0 0 0 0 0 0 0 0 0 0 0 0 0 0 0 0 0 0 0 0 0 0 0.2 0 0 0 0 0 3 9.600000000000001 0 0 1.8 0 4.800000000000001 0 0 0 0 2.2 0 0 0 0.8 0 0.8 4.4 3 0 0 3.8000000000000003 3.8000000000000003 0 4 0 4.6000000000000005 2.6 9.4 0.2 0.8 0 5 7.6000000000000005 1.2000000000000002 0 0 0 0 0 0 0.2 0 0 0 0 0 0 0 0 0.2 0 0 0 0 0 0.2 0 0 0 0 0 0 0 0 0 0 0.4 0 0 0 0 0 0 0 0 2.2 0 4 2.6 5.800000000000001 0 0 2.8000000000000003 0 0 8 0.2 0 1.4000000000000001 0 0.2 2 0 0 7.2 0.2 0 0 0 0 3.2 3.4000000000000004 6.6000000000000005 0 0 0.4 8.4 4 3.6 0 2.6 0.2 3.4000000000000004 2.2 0 0 0 0 0 0 0 0 2.4000000000000004 0 0 3 0 0 0 0 0 0 0 0 0 0 0 0 0 0.2 0 0 0 0 0 0 0 0.2 2.4000000000000004 0.4 0.6000000000000001 15 0.2 0.4 0 2.4000000000000004 0 0 0 1.4000000000000001 0 0 0 0 0 0 0 0 0 0 0 0 0 0 0 0 0 0 0 0 3 0 0 0 
 0.6000000000000001 0.6000000000000001 0.6000000000000001 0.6000000000000001 0.6000000000000001 0.6000000000000001 0.6000000000000001 0.6000000000000001 0.6000000000000001 0.6000000000000001 0.6000000000000001 1 0.6000000000000001 0.6000000000000001 0.6000000000000001 0.6000000000000001 4 0.6000000000000001 0.6000000000000001 0.6000000000000001 7 21.200000000000003 65.2 25.8 37.2 0 7.800000000000001 19 56 34.6 35.4 72 63.2 39.400000000000006 11.600000000000001 45 38.400000000000006 46.800000000000004 9.8 49.400000000000006 0 0 0.2 0 1 0 11 0.2 0.4 0 0 0 4.800000000000001 1.8 3.6 0.4 0.4 0 4.800000000000001 5.2 0 1.2000000000000002 0 0 0 0.6000000000000001 0 0 0.4 0.4 0 0 0 0 0.6000000000000001 0 0 0 0.6000000000000001 0.6000000000000001 0 0 0 0 0 0 0 0 0 0 0 0 2 0 0 0 0 0 0 0 0 0 0 9.4 0 0.4 0 0 0 1.2000000000000002 2.2 8.4 0 0 0 4.800000000000001 0 5 0 0 5.800000000000001 2 3.8000000000000003 1.4000000000000001 0 0 4.4 0.4 1.8 0 0 1.2000000000000002 3.8000000000000003 2.8000000000000003 3.4000000000000004 0 0 0 8.4 2 0 0 0 0 0 0 0 1.6 0 0 0 0 0 0 0 0 0 0 0 0 0 0 0 0 0 0 0 1 0 0 0 0 0.2 0 0 0 0 0 0 0 0 0 0.6000000000000001 5.4 4 5.2 0 0 0 0 3.8000000000000003 2.8000000000000003 0 0 0.2 2 0 3.8000000000000003 0 0 0.2 0 0 0 0 0 7.6000000000000005 0.4 2 0 0 0 1.2000000000000002 3.4000000000000004 0 4.2 0 0 4.2 2.2 0 0 0 1 0 0 0 0 0 0 0 0 0 0 0 0 0 0 0 0 0 0 2.4000000000000004 0 0 0 0 0 0 0 0 0 0 0 2 0.2 0 47.6 0 1 0.2 3 0 0 0 0 0 0 0 0 0 0 5.800000000000001 0 0 0 0 0 0 0 0 0 0 0 0 0 0 0 0 0 
 0 0.2 0.2 5 0 0 0.6000000000000001 0.2 0 0.4 0.2 0 0 0 0 0 0 16 0 0 36.2 35.4 95.60000000000001 21.6 10.600000000000001 7.800000000000001 0 23.400000000000002 70.8 5.4 23 92 87.4 32 6.800000000000001 21.400000000000002 62.400000000000006 5.6000000000000005 62.2 62.400000000000006 0 0 0 0 13 0 0 0 0.4 0 0 0 0 0.2 0 0.6000000000000001 0.4 0.4 0.2 0 0.4 0.6000000000000001 1 0 0 0.6000000000000001 1 0 0 0 0 0 0.6000000000000001 0 0.4 0 1 1 0.6000000000000001 0.6000000000000001 0 0 2 0 0 0 0 0 0 0 0 0 0 0 0 0 2.4000000000000004 0 0 0 0 0.4 7.6000000000000005 0 1.8 0 5.4 4.6000000000000005 2.6 6.4 2.2 0 2.2 0 5.2 1.6 5.4 2 0 4.2 0 0 0 0 0 0 0 0 0 0 0 0 0 0 0 0 0 0 0 0 0 0.2 0 0 0 0 0 0 0 0 0 0 0 0 0 1.6 0 0 0 0 0 0 0 3.8000000000000003 0 0.2 0 0 0.2 0 0 0 0 0 0 0 0 0 0 0 0 2 3 0.2 0.2 0 0 5.2 0.2 6.2 0 2 2 0 0.4 1.6 0 0 0.2 0 0.4 0 0.2 0 0 0 0 0 0 0 0 0 0 0 0 0 0 0 0.2 0 0 0 0 0 0.2 0 0 0 0 0 0 0 0 0 0 0 0 0 0 0 0 0 0 0 0 0 19 0 0 0 0 0 0 0 1 0 0.4 0 0 0.2 0.8 0 0 0 0 0 1.8 0 0 0 0 0 0 0 0 0 0 0 0 0 0 0 0 0 0 0 0 0 0 0 
 0 0 0 0 31 6.6000000000000005 0 14.200000000000001 0 0 0 0 0 0.4 0 0 0 0 0 0 65.2 11.4 10.8 16 11.8 19 23.400000000000002 0 26.200000000000003 26.400000000000002 5.800000000000001 21.200000000000003 30 51 49 28 22 9.4 19 66 0 0 0 0 1.2000000000000002 0 0 0 0.4 0 0 0 0 0 0 0.4 0.4 0.6000000000000001 0.4 0 0 0.4 0 0 0 0.6000000000000001 0 0 0 0 0.8 0.2 0 0 0.4 0 0 0 0.6000000000000001 0.6000000000000001 0 0 0.6000000000000001 0 0 3 0.4 0.2 0 2 0 0 0 0 0 0 0 0 0 0 3 4.2 1 0 2.2 0 3.8000000000000003 0 3.8000000000000003 4.2 7.2 0 2.2 3.6 3 0 5.800000000000001 1.6 4.6000000000000005 0.4 0 0 0 0 0 0 0 0 0 0 0 0 2 2.2 0 0 2.4000000000000004 0 5.800000000000001 5.6000000000000005 0.6000000000000001 0 0 0 0 0.4 3.8000000000000003 0 0 0 0 0 0 0.4 0 0 0 0 0 0 0 0 1.6 0 3.6 2.8000000000000003 1.2000000000000002 0 0 0 0 0 0 0 0 0 0 0 1 0 2.2 2.8000000000000003 0 5.800000000000001 0 0 2.8000000000000003 6 5.6000000000000005 0 7.2 0.4 4.4 3.4000000000000004 6.4 5.800000000000001 7.4 3.4000000000000004 2.4000000000000004 0 0 0 0 0 0 0 0 0.2 0 0 0 0 0 2 0 0 0 0 0 0 0 0 0 0 0 0 0 0 0 0 0 0 0 0 0 0 0 0.2 0 3.6 0 0 0 0 0 0 0 0 0 0 0 0 0 0 3 0 0 0 15.200000000000001 0.4 0.4 0 0 0 0 0 0 0 0 0 0 0 0 0 0 0 0 0 0 0 0 0 0 0.4 0 0.2 0 0 0 0 
 0 0 0 0.4 0.4 0 0 0 0.4 0 0 0.4 0.4 40.800000000000004 0 14.600000000000001 0 0 0 0 51.800000000000004 49.400000000000006 43.2 65.2 14.600000000000001 56 70.8 26.200000000000003 0 32.6 21.8 25.8 45 31.400000000000002 31.400000000000002 41.6 25.8 9.4 51 55.400000000000006 0 0 0 0 0.8 0 0 0 0.6000000000000001 0 0 0 0 0 0 0.2 0.4 0 0.6000000000000001 0 0 0.6000000000000001 0 0 0 0.6000000000000001 0 0 0 0 0 0 0 0 0.6000000000000001 0 0 0 0.4 0.4 0 0.4 0.4 0 0 0 0 0 0.2 0 0.4 0 0 0 0 0 0 0 0 0 3.4000000000000004 5.4 2.6 2.8000000000000003 0.2 0 0 3.6 4 2.6 6.6000000000000005 7.4 1.6 4.4 5 2.2 7.800000000000001 5.6000000000000005 0 0 3.6 0.4 0 0 0 0 0.4 0 0 0 0 0 2.8000000000000003 0.2 2.8000000000000003 0 0 0 2 5 1 0 0 0 0 0 0 0 0 0 0 0 0 0 0 0 0 0 0.4 2 0 0 0 0.4 0 0 0 0 0 0 0 2.8000000000000003 0 0 0 0 0 0 0 0 0 2 4.800000000000001 5.800000000000001 2 0 0 1.8 4 5 5.2 4.4 3.8000000000000003 5.800000000000001 1.4000000000000001 11.600000000000001 16.6 0 0 4 0 0 0 0 0 0 4 0 0 0 7 0 0 2.2 2.6 0 0 0 7 0 0 0 0 0 0 0 0 0 0 0 0 0 0 0.4 0 0.4 0 0 0 0 0 0 0 0 0 0 0 0 0 0 0 0 0 0 1.8 0.4 0.8 15.200000000000001 0 0 0.8 0.2 0 0 0 0 0.2 0 0 0 0 0 0 0 0 0 0 0 0 0 0 0 0 0 0 0 0 0 0 0 
 0 0 0 0 14.8 0 0 0.2 0 0.4 0 0 0.2 0 0 0 0 0 0 0 9.8 8 21.6 33.6 17.2 34.6 5.4 26.400000000000002 32.6 0 34.4 25.8 27.200000000000003 20 38.6 48.6 20.6 31 19.200000000000003 35.4 0 0 0 0 0.6000000000000001 0 0 0 0.4 0 0 0 5.6000000000000005 15 0 0.4 0.4 0 13.200000000000001 5.4 0.2 1 0 1.2000000000000002 0 0.6000000000000001 0 0 1.6 0 0 0 0.2 0 0.4 0 11.8 0 0.6000000000000001 0.6000000000000001 0 0 0 0 0 0 0 0 0 0 0 0 0 0 0 0 0 0 0 0 2 4.2 0 9.8 1.2000000000000002 2 0 3 2.8000000000000003 8 0 8.8 0 6.2 0 9.200000000000001 9 1.8 0 0 0.2 0 0 0 0 0 1.8 0 2.2 0.2 0 0 2.8000000000000003 0 6.6000000000000005 0 0 2.4000000000000004 9 1.2000000000000002 1 0 0 0 0 0 0 0 0 0 0 0 0 0 0 0 0 0 0 0 0 0 0 0 1.4000000000000001 0 0 0 0 0.8 0 0 0 0 0 0 0 0.6000000000000001 0 0 0 0 1.2000000000000002 5.4 10.4 4.6000000000000005 3.6 0 9 0.6000000000000001 0 3.2 1.8 12 0.2 0 0.6000000000000001 6 0 0 0 2.4000000000000004 0 0 0 0 7 5 0 0 0 0 5.4 2 3.2 4 4.2 0 8 3.8000000000000003 0 0 0 0 0 0 0 0 0 0 0 0 0 0 0 0 0 0.2 0 0 0 0 1.8 0 0 0 0 0 0 0 0 0 0 0.2 1.6 0.6000000000000001 0.4 23.8 0.2 0.2 2.6 0 0 0 0 0 0 0 0 0 0 0 0 0 0 0 0 0 0 0 0 1.8 0 0 0 0 0 0 0 0 
 0 0 41.2 0 0 0 0 0 0 0 1.2000000000000002 0 0 0 0 0 0 0 0 0 22 22 11.8 81 42.2 35.4 23 5.800000000000001 21.8 34.4 0 63.400000000000006 78 7.6000000000000005 86.80000000000001 28.6 39.2 23.200000000000003 6.6000000000000005 25 0 0 0.6000000000000001 0 0.6000000000000001 10.8 0 0 0.6000000000000001 0 0 0.2 0.2 0 1.6 0.2 0.4 0.6000000000000001 4.6000000000000005 0.2 0 1.6 0 0 0 0.6000000000000001 0 0.2 0.6000000000000001 0.4 0 0 0 0 0.6000000000000001 0 0 0 0.4 0.4 0 0 0 0 0 0 0 0 0 0 0 0 0 0 0 0 0 0 0 0 0 0 0.4 7 0 3.2 0 2.2 5 5.2 2.2 3.4000000000000004 1 0 6.6000000000000005 6 4.2 5 0 0 3.2 0 0 0 1 0 0 0 0 0 0 0 7.800000000000001 3.2 0 0 0 0.6000000000000001 8 0 0 0 0 0 0 0 0 0 2.6 0 0 0 0 0 0 0 0 0 0 0 0 0 0 0 0.4 0 0 0 0 1 0 0.2 0 0 0 0 0 1.2000000000000002 0 0 0 7.800000000000001 1.8 0 0 0 0 0.2 4.800000000000001 4.800000000000001 6.6000000000000005 0 0 2.2 2.6 5.800000000000001 2.6 4.6000000000000005 0 0 0 0 0 0 0 0 2.2 0.2 0 0 0 0 2.2 0.6000000000000001 0 0 0 0 2.2 0 0 0 0 0 0 0 0 0 0 0 0 0 0 0 0 0 0 0 0 0 0 0 0 0 0 0 0 0 0 0 0 0.2 0 0.2 2 0 1 17.8 0 0.4 2.8000000000000003 2 0 0 0 0 0 0 0 0 0 0 0 0 0 0 0 0 0 0 0 0 0 0 0 0 0 0 0 0 
