 0 82.4 42.2 11.4 50.800000000000004 4 129.20000000000002 65.4 24 43.2 6.6000000000000005 109.2 73.8 94 9.4 51 58.6 26.8 7.6000000000000005 8.6 0 13.4 0 0 0.4 0 0 0 0 0.4 0 0 0.2 0.2 0 0 0 0 0 1.6 0 0 0 0.4 0 0 0 0 0 0 0 0 0 0 0.6000000000000001 0 0 0 0 0 0 0.4 0.6000000000000001 0 0 0 0 0 0 0 0.6000000000000001 0 0 0 0.6000000000000001 0.4 0 0.6000000000000001 0 0 2.8000000000000003 7.800000000000001 0 5.800000000000001 3.6 8.4 2 8.200000000000001 4 4.6000000000000005 12.200000000000001 5.2 10.200000000000001 2 6.800000000000001 6.4 9 12 0 0 0 2.6 0 0 0 0 0 0 0 0 0 0 0 0.6000000000000001 0 0 0 0 0 0 0 0 0 0 0.2 0.4 0 0 0 0 0 0 0 0 0 0 0 0 0 0 0 0 0 0 0.4 0 0 0 0 0 0 0 0 0 0 0.6000000000000001 0 0 0 0 0.4 0.4 4.6000000000000005 2.4000000000000004 0 1.8 1.4000000000000001 2.4000000000000004 0 1.4000000000000001 1.6 0 12 0.4 11.200000000000001 2 0 3.6 2 3.4000000000000004 0 0 0 0 0 0 0 0 0 0 0 0.4 0.6000000000000001 0 0 0 0 0 2.8000000000000003 0 0 0 0 0 0 0 0 0 0 0 3.2 0 0 0 0 0 0 0 0 0 0 0 0 0.4 0 0.2 0 0 0 0 0.2 0 0 0 0 0 0.2 0 0 0 0 0.2 0 0 0 0.2 12.4 0 18.2 0.2 2.4000000000000004 3 0 0 0 0 0 0 0 0 0 0 1.8 0 0 0 0 0 0 0 0 0 0 0 0 0 2.6 0 0 0 0 0 0 0 0 0 0 0 0 0 
 82.4 0 113.60000000000001 35.6 6.2 49.6 17 27.8 27.200000000000003 8.6 7.800000000000001 15.8 59.2 75.60000000000001 69 40.400000000000006 15 41.2 117.2 12.8 0.4 0.2 0 0 0.4 0 0 0 0 0.4 0 0 0 0 0 0.2 0 0 0 0 0 0 0 0 0 0 0.2 0 0 0 0 0 1 0 0.6000000000000001 12.4 0 0 0 0 0 0.4 0.6000000000000001 0 0 0 0 0 0 0 0.6000000000000001 0 0 0 0.6000000000000001 0.4 8.8 0.6000000000000001 0 0 9.600000000000001 0 0.2 0 0 0.2 0.2 2.6 12 4 5.2 3.6 2 3.8000000000000003 5.2 3.6 10 16.400000000000002 4.4 0 0 0 0.2 0 0 0 0 0 0 0 1.4000000000000001 0 0 3.6 0 0 0 0 2.2 3.6 0 0 0 0 0 0 0 0 0 0 0 0 0 0 0 0 0 0 0 0 0 0 0 0 1.4000000000000001 0 0 0 0 0 0 0.4 0 0 0 1 0 0 0 0 2 2 5.6000000000000005 5.6000000000000005 2.2 0 6 5.2 0 1.8 0 0 5 3 4.4 7 1.4000000000000001 6 8.8 7.4 1.4000000000000001 0 0 0 0 0 0 0 0 0 0 0 3.4000000000000004 0 0.6000000000000001 0.4 0 0 6 2 0 0 0 0 11.200000000000001 0 0 0 0 0 0 0 0 0 0 0 0 0 0 0 0 0 0 0.4 0 0.4 0 3.8000000000000003 0 0 0 0 0 0 0 0 0.2 0 0 0 0 0.2 0 0 0 0 0.4 0.2 0.4 0.2 0 2.8000000000000003 0 0 0 0 0 0 0 0 0 0 3.4000000000000004 0 0 0 0 0 0 0.2 0 0 0 0 0 0 0 0 0 0 0 0 0 0 0 0 0 0 0 0 
 42.2 113.60000000000001 0 34.800000000000004 12.8 54.400000000000006 10.8 82.2 29.6 44.6 30.400000000000002 23.200000000000003 12.8 78.2 29 42.2 28 62.800000000000004 16.400000000000002 11.4 0 0 0 0.8 0.6000000000000001 0 0 0.4 0 0.4 0 0 33.4 0 0 0 0 0 17.400000000000002 0 0 0 0 0 0 0 0 0 0 0 0 0 0 0 0.6000000000000001 0 0 0 0 0 0 0.6000000000000001 0.6000000000000001 0 0 0 0 0 0 0 0.6000000000000001 0.2 0 0 0.6000000000000001 0.4 0 0.4 0 0 0 2.8000000000000003 7.4 10 15.600000000000001 6.2 0 11 2 0.2 4.800000000000001 0.2 0 2.2 4.6000000000000005 4 1.8 2 1.4000000000000001 0 0 0 0 0 0 0 0 0 0.2 0 0 0 0 0.2 0 1.6 0 0 4.800000000000001 0 0 0 0 0 0 0 0 0 0 0 0 0 0.2 0 0 0 0 0 0 0.8 0.8 0 0 0 0 0 0 0 2 0 0 0 0 0 0 0 0.2 0 0 0 13 5.6000000000000005 13.600000000000001 6.6000000000000005 3.6 0 4.6000000000000005 2.8000000000000003 3 5.6000000000000005 8 3 4 3.4000000000000004 0 2.8000000000000003 6.2 12.600000000000001 0 0 0 0.2 0 0 0 0 2 0 0 0 0 0 0 3.4000000000000004 0.2 3.2 2.8000000000000003 0 0.2 3 0 0 0 0 0 0 0 0 0 0 0 0 0 0 0 0 0 0 0 0 0 0 0 0 0 0 0 0 0 0 0 0 0 0 0 0 0 0 0 0 0 3.8000000000000003 0 0 0 0.4 0.2 0 0.6000000000000001 0 0.4 1.2000000000000002 0 0 0.4 0 0 0 0 0 0 0 0 0 0 0 0 0 0 0 0 0 0 0 0 0 4.2 2.4000000000000004 0 0 2.2 0 0 0 0 0 0 0 0 0 
 11.4 35.6 34.800000000000004 0 32.800000000000004 7.2 48.2 17.2 34.800000000000004 34.4 32 25.400000000000002 14 19.400000000000002 30.8 28.200000000000003 46 39.2 16.8 60 0.4 14.8 0.6000000000000001 0 0.4 0 0.6000000000000001 16.8 0.4 0.4 15 0.4 15 0 0 0 0.6000000000000001 0.4 1 0 0.6000000000000001 0.2 1.2000000000000002 0 0 0.4 0 0.6000000000000001 0 0 0 0 0 0 1.2000000000000002 0 0.4 0.4 0 0.6000000000000001 0 0.6000000000000001 1.2000000000000002 0 0 0 0 0 0 0 0.6000000000000001 0 0 0 0.6000000000000001 6 0 0.6000000000000001 0 0 0 1.6 1.6 2.6 0 3 2.6 5.6000000000000005 9 1 10.200000000000001 3.6 3.4000000000000004 0 0 3.8000000000000003 0.2 2 0 0.2 0 0 0 0 0 0.2 0 10.4 0 0 0 0 0 4.4 0.4 0 0.2 0 2.6 6 0 0 0 0 0 0 0 0 0 0 0 0 0 0 0 0 0 0 0 0 0 0 0 0 0 0.2 0 0 0 0 0.4 0 0 0 0 0.4 0 1.8 0 0 0 0 0 3.2 2 2.2 0.4 4 0.2 0 2 2.6 0 3.6 0 0 10.600000000000001 1.4000000000000001 0 0 0 0 0 0 0 0 2.6 2 3.6 0 0 0 6.800000000000001 0 1.8 3.2 0.2 0 5.6000000000000005 4.6000000000000005 0 0 0 0 0 0 0 0.4 0 0 0 0 0 0 0 0 0 0 0 0 0 0 0 0 0 0 0 0 0 0 0 0 0 0 0 0 0 0 0 0 0 4.4 0 0 0 0 0.6000000000000001 0 17.6 1.6 1.8 3.6 0 0 0 0 0 0 0 0 0 0 2.8000000000000003 0 0 0 0 0 0 2.6 0 0 0 0 0 3 0 0 0 0 0 0 0 0 0 0 0 0 0 0 
 50.800000000000004 6.2 12.8 32.800000000000004 0 27.400000000000002 12 18 77.80000000000001 14.4 31.6 39 21.6 55.6 13.600000000000001 51.2 8.6 71.2 95 21.400000000000002 14.600000000000001 0.2 3.2 0 0.4 0 8.6 10.4 3.4000000000000004 0.4 0 14.600000000000001 15.200000000000001 0.2 0 0 0 0 15.8 30.6 0 0 0 0 0 0 0 0 0 0 0 0 0 0 0.6000000000000001 0 0.8 0 0 1.2000000000000002 0 0.6000000000000001 0.6000000000000001 0 0 0 0 0 0.4 0 0.6000000000000001 0.2 0.2 0 0.6000000000000001 0.4 0 0.4 0.8 0 0 0 0 0 0 4 0 0 0 0 0 4.2 0 2.8000000000000003 0 2.4000000000000004 0 0 0 0 1.8 4.4 2 0 0.2 0 2 4.6000000000000005 0.2 2 0 0.2 0 2 4.2 4.800000000000001 0.2 2.6 0.2 2 0 0 0 0 0 0 0 0 0 0 0 0 1.6 0 0 0.2 0 0 0 3.2 0 0 1.8 0 2.6 0 0 0 0 0 0 0 0 0 0 0 0.6000000000000001 0 0 0 0 0 0 0 2 0 0 0 0 0 2 3.4000000000000004 0 0 0 0 0.2 0 0 0 0 4.6000000000000005 1.6 0 0 0 0 3.6 2.4000000000000004 2 0 0 6 0 1.8 3 7.4 0 2.4000000000000004 3.6 0 0 0 0 0 0 0 0 0 0 0 0 0 0 0 0 0 0 0 0 0 0 0 0 0 0 0 0 0 0 0 0 0 0 0 0 0 0 0 0 0 3.2 0 0 0 0.2 0 0 0.4 18.2 0 2.2 0 0 0 0 0 0 0 0 0 0 0 0 0 0 0 0 0 0 0 0 0 0 0 0 0 0 0 0 0 0 0 0 0 0 0 0 0 0 
 4 49.6 54.400000000000006 7.2 27.400000000000002 0 10.4 47.2 9.200000000000001 33.800000000000004 12 59.800000000000004 8.6 10 21.200000000000003 60.6 54.800000000000004 29.6 8.6 11.8 44.400000000000006 4.6000000000000005 43.400000000000006 0 1.4000000000000001 0 22.6 20.6 0 0.4 0 0 15.8 0 15.200000000000001 27 0 0 29.400000000000002 43 0 0 0 0.4 0 0 0 0 0 0 0 0 0 0 0.6000000000000001 0 0.8 0 0 7.6000000000000005 0 0.6000000000000001 1 0 0 0 0 0 0 0 0.6000000000000001 0.4 0 0 0.6000000000000001 0.4 0 0.4 10.200000000000001 0 0 0 0.2 0 1.6 0.2 0 0 0 2 0 2.6 0 0 0 0 0 0 0 0 0.6000000000000001 5.6000000000000005 3.8000000000000003 0 0.2 0 2.6 1.6 2.2 2.8000000000000003 1.8 2.8000000000000003 3.8000000000000003 1.4000000000000001 6.4 0 4.6000000000000005 12.200000000000001 6.6000000000000005 0.2 0 0 0 0 0 0 0 0 0 0 0 0 0 0 0 0 0 0 0 3.6 0.2 0 0 0 0 0 0 0 0 0 0 0 0 0 0 0 0 0.2 0 0 0 0.8 1.8 0 0 0 0 0 2.8000000000000003 0 2.8000000000000003 2.6 0 3.6 0 0 0.2 1.8 0 0 0 2.6 0 0 0 0 2.8000000000000003 2.8000000000000003 0.6000000000000001 0.2 2.6 0 0 11.200000000000001 0 17.400000000000002 5.4 3 5.2 4.2 0 0 0 0.6000000000000001 0 0 0 0 0 0 0 0 0 0 0 0 0 0 0 0.2 0 0 0 0 0 0 0 0 0 0 0 0 0 0 0 0 0 0 0 0 0 2.4000000000000004 0 0 0 1.2000000000000002 8.6 0.2 0.2 0 0 1.6 0 0 0 0 0 0 0.2 0 0.2 0 0 0 0 0 5.2 0 0 0 0 0 0 0 0 0 0 2 0 0 0 0 0 0 0 0 0 0 0 0 
 129.20000000000002 17 10.8 48.2 12 10.4 0 50.6 41 25 6.2 27.6 14.200000000000001 33.2 38.6 26 34.4 50.800000000000004 47.800000000000004 70.4 0 0.4 0 0 0.4 0 0 0 0 0.4 0 0 0 0 0 0.2 0 0 0 0 0 0 0 0 0 0 0 0 0 0 0.6000000000000001 0 0 0.8 0.6000000000000001 0 0 0 0 0 0 0.6000000000000001 0.6000000000000001 0 0 0 0 0.6000000000000001 0 0 0.6000000000000001 0.2 0 0 0.6000000000000001 0.4 10.4 0.4 0 6.2 5.6000000000000005 1.8 2.4000000000000004 11.200000000000001 9.200000000000001 4.4 0 2.6 0 13.200000000000001 3.8000000000000003 2.8000000000000003 0 0 6 4.2 6.6000000000000005 0 5.2 4.4 0.4 0 0 0 0 0 0 0 0 0 0 0 0 0 0 1.8 0 0 0 0 0 0 0 0 0 0 0 0 0 0 0 0 0 0 0 0 0 0 0 1 0.4 0 0 0 0 0 0 0 0 0 0 0 0 0 0.2 0.8 0 2 0 0 0.2 3.4000000000000004 2.8000000000000003 2.8000000000000003 4.4 1.6 0 1.8 2.8000000000000003 0 0 5 0 9 0.4 0 6.6000000000000005 0 0.4 4.4 0 0 0 0.2 0 0.4 0 0 0 0 0 0 0 0 0 0.2 0 0 2.4000000000000004 0 0 0 0 0 0 0 0 0 0 0 0 0 0 0 0 0 0 0 0 0 0 0 0 0 0 0 0 0 0 0 0 0 0 0 0 1.2000000000000002 0 0 0 0 0 0 0 0 0 0.8 19.6 0 0.4 0 0.4 2.2 0.2 0 0 0 0 0 0 0 0 0 0 0.4 0 1 0 0 0 0 0 0 0 0 0 6.4 0 0 0 0 0 0 0 0 0 0 0 0 0 0 
 65.4 27.8 82.2 17.2 18 47.2 50.6 0 44 26.8 22.6 28 20.6 76.80000000000001 73.4 32.6 50.400000000000006 5.4 51.2 10.200000000000001 0 0.2 0.6000000000000001 0.2 0.4 0 0.2 0 0 0.4 0 0 0.8 0 0.4 0 0 0 0.6000000000000001 0.8 7.2 0 0 0 0.8 0.4 0 0 0 0 0 0 0 0 0.6000000000000001 0 0 0 0 0 0 0.6000000000000001 0.2 0 0.4 0 0 0 0 0 0.4 0.2 0 0 0.4 0.4 10.600000000000001 0.4 0 6 4.800000000000001 4.4 0 7.4 5 4 0 1.8 4 14.200000000000001 2.2 2 4.4 0 8.6 7.4 11.8 8 2.2 5.2 0 0 0 1.8 0 0.4 0 0 0 0 0 0 0 0 0 0.4 0 0 0 0 2.2 0 0 0 0 0 0 0 0 0.4 0.4 0 0 0 0 0 0 0 0 0 0 0 0 0 2 0 0 0 0 0 0 0 0 0 0 0 0.4 0.4 0 0 2 0 1.4000000000000001 8.200000000000001 1 1 0.4 0.4 4.2 0 0 6 0 1.6 0 10.600000000000001 0.8 0 2.8000000000000003 10.600000000000001 0 0 0 0 0.2 0 4.800000000000001 0 0 0 0 0 0 0 0 0 0 0 0 0 0 0 0 0 0 0 2 0 0 0 0 0 0 0 0 0 0 0 3 0 0 0.2 0 0 0 0 0 0 0 0 0 0 0 0 0 0 0 0 0 0 0 0 0 0 0 0.8 2.2 0.4 0 0 0 4.6000000000000005 0.2 0 0 0 0 0 0 0 0 0 2 0 0 0 0 0 0 0 0 0 0 0 0 2.6 1.6 0 0 0 0 0 0 0 0 0 0 0 0 0 
 24 27.200000000000003 29.6 34.800000000000004 77.80000000000001 9.200000000000001 41 44 0 45.800000000000004 4.2 5.4 14.200000000000001 59.800000000000004 17.400000000000002 74.8 52.400000000000006 141 20 12.4 0.2 0 0.8 0 0.4 0 0.2 0 0 0.4 0 0.4 0.4 0.2 0 0.4 0 0 7.6000000000000005 0.4 12.600000000000001 0 0 0 0.2 0 0.2 0 0.2 0 0 0.4 0 0 0.6000000000000001 0 0.6000000000000001 0 0 0 0 0.2 0.6000000000000001 0 0 0 0.2 0 0 0 0.6000000000000001 0.2 0.4 0 0.6000000000000001 0.4 0 0.6000000000000001 0.8 0 0 8.200000000000001 8.8 4 3.2 7 0 5.6000000000000005 0.2 1.8 3.2 2.6 0 1.2000000000000002 7.2 4.2 0 3.6 0 0 0 0 0 0 0 0 0 0 0 0 0 0 2.2 0 0 2.4000000000000004 0 0 1.6 0 0 0 0 0 0 0 0 0 0 0 0 0 0 0 0 0 0 0 0 0 0 0 0 0 0 0 0 0 0 0 0 0 0 0 0.2 1.2000000000000002 0 1.2000000000000002 0 0 2 7.6000000000000005 9.4 0.2 0 0 4 5 0 3.8000000000000003 5.2 6.4 2.8000000000000003 12.4 2.2 0.4 0.8 11.200000000000001 0 0 0 0 0 7 0 0 0 0 0 0 0 0 0 0 0 0 0 0 0 0 2.4000000000000004 0 0 0 0 0 0 0 0 0 0 0 0 0 0 0 0 0 0 0 0 0 0 0 0 0 0 0 4 0 0 0 0 0 0 0 0 0 0 0 0 0 0 0 0 0 18.400000000000002 0 0 0 0 1 0 5 0 0 0 0 0 0 0 0 0 0 0 0 0 0 0 0 0 0 0 0 0 3.6 0 0 0 0 0 0 0 0 0 0 0 0 0 0 
 43.2 8.6 44.6 34.4 14.4 33.800000000000004 25 26.8 45.800000000000004 0 12.600000000000001 11 11 60 60 49.6 67 112.80000000000001 61.400000000000006 58.2 0.2 0.6000000000000001 0.4 0 1 0 0 0 0 0.4 0 0 0 0 0 0 0.6000000000000001 0.4 14.4 0 0.4 0 0 0 0 0 0.6000000000000001 0 0.6000000000000001 0 0 0 0 0 1.2000000000000002 0 0 0 0.6000000000000001 0 0 0.6000000000000001 0 0 0 0 0 0 0 0 0.4 0.2 0 0 0.4 0.4 0.2 0.4 0 0.6000000000000001 3.6 2 1.8 4.800000000000001 7.6000000000000005 3 2.8000000000000003 2.8000000000000003 2.4000000000000004 5.6000000000000005 6 1.8 1.8 1.2000000000000002 10.8 5.6000000000000005 0.2 0.4 1.4000000000000001 4 0 0 0 0 0 0 0 0 0 0 0 0 0.2 0 0 0 0 0 2.2 0 0 0 0 0 0 0 0.2 0 2.6 0 0 0 0 0 0.4 0 0 0 0 0 0 0 0 0 0 0 0 0 0.6000000000000001 0 0 0 0.4 0 0 0 0 0.2 0 0 2.2 5 7 2.8000000000000003 3.6 2.4000000000000004 3 0 15.200000000000001 1.6 1.6 0 0 6 0 0.2 0.8 4 0 0.2 0 0 0 0 1.6 0 0 0 0 0 0.4 0 0 1.6 0 0 0 0 0 0 0 0 0 0 0 0 0 0 0 0 0 0 0 0 0 0 0 0 0 0 0 0 0 0 0 0 0 0 0 0 0 0.4 0 0 0 0.4 0 0 0 0.4 0 0 0 0 0 0.4 35.4 0 1.8 0 4 0 0 0.4 0.2 0 0 0 0 0 0 0 0 0 0 0 0 0 0 0 0 0 0 0 0 1.6 0 1.8 0 0 0 0 0 0 0 0 0 0 0 0 
 6.6000000000000005 7.800000000000001 30.400000000000002 32 31.6 12 6.2 22.6 4.2 12.600000000000001 0 111.2 26.200000000000003 8.6 27.8 33.4 16.2 25 4.800000000000001 13.8 14.4 0 0 0 15.200000000000001 0 0 3.4000000000000004 0.8 0.8 0 4.4 38.2 13.600000000000001 0 0 0 0 30.200000000000003 36.6 0 0 0 0 0 0 11 0 0 0 0 0 10.200000000000001 0 0.6000000000000001 0 0.6000000000000001 0 0 0.6000000000000001 0 0.4 5.800000000000001 0 0 0 0 0 0 0 0.6000000000000001 0.4 0.2 0 0.6000000000000001 0.4 0 0.6000000000000001 0 0 0 0 1.8 3 5.6000000000000005 0 0 0 6.2 0 7.2 5.6000000000000005 0 0 2.2 2.2 0.2 1.4000000000000001 0 0 2.6 0.2 2 0 0 0 2 0.2 0 2 0 0 0 0.2 2 5.4 0 2.2 0.4 0 0.4 0 0 0 0 0 0.6000000000000001 0.4 0 0 0 0 0.2 0.8 3 0 0 0 0 6.2 0.2 0.2 3.6 0.6000000000000001 0 0 0 0 0.2 0.8 0 0.2 0 0 0 0.4 0.6000000000000001 0 0 0 0 0 0.4 6.4 3.4000000000000004 0.4 0 0 0.8 3 2.4000000000000004 2.4000000000000004 0 0 0 5.6000000000000005 2 0 0 0 3.6 5.800000000000001 0 0 0 0 2.6 3.4000000000000004 0.2 3.2 0 0 0 0 0.2 2.6 4.800000000000001 0 2.2 2.4000000000000004 0 0 0.4 0 0 0 0 0 0 0 0 0 0 0 0 0 0 0 0 0 0.2 0 0 0 0 0 0 0 0 0 0 0 0 0 0 0 0.2 0 0 0 0 2.4000000000000004 0 0 0 0.4 0.2 0 0 17.400000000000002 0 0.4 4.4 0 0 0 0 0 0.4 0 0 0 0 0 0 0 0 0 0 0.4 0 0 0 4 0 0 2 0 0 0 0 0 0 0 0 0 0 0 0 0 
 109.2 15.8 23.200000000000003 25.400000000000002 39 59.800000000000004 27.6 28 5.4 11 111.2 0 46.400000000000006 8.200000000000001 46.400000000000006 45 75.60000000000001 18.2 53.6 7.2 6 15.4 3.4000000000000004 0.2 0.4 0 8.6 14.4 0 0.4 0 1.8 0.2 0.2 0 0 0.4 0 21.6 34.800000000000004 0 0 0 0 0 0 0 0 0 0 0 0 0 0 0.6000000000000001 13.8 12.200000000000001 0 0 0.8 0 0.6000000000000001 0.2 0 0.4 0 0 0 0 0 0.4 0.4 0 0 1 0.4 0 0.4 0 0 0 0 0 0 0 0.4 0 0 3.2 5 3.2 9.600000000000001 0 0 0 0 4 1.8 1 2.6 0.8 4.6000000000000005 3 4.800000000000001 0 0 3.2 0 0 0 0 0 0.2 6.4 4.4 0 0 2.2 3.8000000000000003 1.6 0.4 0 0 0 0 0 0 0 0.4 0 0 0 0 0 0 0 0 0 0 3.2 0 0 0 0 0 0 0 0 9 0.6000000000000001 0 2.4000000000000004 0 0 0 0 0 0 0 0 0 1.2000000000000002 3 0 3.4000000000000004 2.8000000000000003 0 0 6.800000000000001 4 0 6.6000000000000005 0 0 0 2.4000000000000004 5.4 3 0 3.6 0 1.6 2 0 0 0 0 4.4 3 0 6.4 0 1.8 4 2.2 0 2.4000000000000004 0 4.6000000000000005 1.8 0 0 0 0 0 0 0 0 0 0 0 0 0 0.4 0 0 0 0 0 0 0 0 0 0 0 0 0.6000000000000001 0.6000000000000001 0.2 0.4 0 0 0 0 0 0 0 0 0 0 0 0 0 0 0 0 18.400000000000002 0.4 0.6000000000000001 0 0 0.8 4.2 0 0 0 0 0.2 0 0 0 0 0 0 0 0 0 0 0 0 0 0 0 0 0 0 0 2.2 0 0 0 0 0 0 0 0 0 0 0 0 
 73.8 59.2 12.8 14 21.6 8.6 14.200000000000001 20.6 14.200000000000001 11 26.200000000000003 46.400000000000006 0 17.6 7.6000000000000005 73.60000000000001 7.800000000000001 9.4 58.2 9.4 0 0.2 0.6000000000000001 0 0.4 0 0 0 0.2 0.4 0 15.600000000000001 0 0 0 0 1 0 0 0 0 0.4 0 0 0 0.6000000000000001 0 0.4 0 0 0 6.2 0 0 0.6000000000000001 0 0 0.2 0 0 0 0.6000000000000001 0.4 0 0.2 0 0.6000000000000001 0 0 0 0.6000000000000001 0 0.2 0.2 1 0.4 8.8 0.4 0 0 2 0 3.2 0 0 0.2 0.6000000000000001 0 0 4.2 0 0 2 5.4 1.8 0 3.8000000000000003 4.2 4 1.2000000000000002 0 0 0 0 0 0 0 0 0 0 0 0 0.4 0 0 4.2 0 0 0 0 0 0 0 0 0 0 0 0 0 0 0 0 0 0 0 0 0 0 0 0 0 0 1.2000000000000002 0 0 0 2 0 0 0 0 1 0 0 0 0 0 0 1 0 5.2 0 0 0 3.2 0 3 4.6000000000000005 0 0 0 0 3.8000000000000003 0 6.6000000000000005 0 0 0 9.4 6 0 0 0 0 0 0 0 0 0 0 0 0 1.6 0.4 0 0 0 0 0 0 0 0 0 0 0 0 0 0 0 0.2 0 0 0 0 0 0 0 0 0 0 0 0 0 0 0 0 0 0 0 0.4 0 0 0 4.2 0 0 0 0 0 0 0 0 0 0 0 0 0 0 0 0.2 0.4 4 0 0 0 0 0 0 0 0 0 0 0 0 0 0 0 0 0 0 0 0 0 0 0 0 0 0 0 0 0 0 0 0 0 0 0 0 0 0 
 94 75.60000000000001 78.2 19.400000000000002 55.6 10 33.2 76.80000000000001 59.800000000000004 60 8.6 8.200000000000001 17.6 0 24.8 26.8 8.200000000000001 90.60000000000001 57.400000000000006 18 0 0.2 0 0.2 0.4 0 0 0 0 0.4 0 0 0 0 0.4 0 0.2 0 0 0 0 0 0 0 0 0.2 0 0 0 0 0 1.4000000000000001 0 0 0.6000000000000001 0 0 0 0 0 0 0.6000000000000001 0 0 0 0 0 0 0 0 0.4 0 0 0.6000000000000001 0.4 0.4 0.2 0.4 0.4 0.4 0 6.2 0.2 6.6000000000000005 4.2 4.2 0.6000000000000001 4.800000000000001 0 3.6 4 0 2.8000000000000003 4.2 9.4 5.800000000000001 2.8000000000000003 2.8000000000000003 1.6 1.6 0 0 0 0 0 0 0 0 0 0.2 0 0 0 0.4 0 0 0 0 0 0 0 0 0 0 0 0 0 0 0 0 0 0 0 0 0 0 0 0 0 0 0 0 0 0 0 0 0 0 0 0 0.4 0 0 0 0 0 0 0 0 0 0 1.2000000000000002 2.2 0.2 2.4000000000000004 2.2 9 6 10.8 5.6000000000000005 0 0 4 5.800000000000001 3.4000000000000004 0 0 2 3.8000000000000003 0 0 0 0 0 0 0 0 0 0 0 0 2.2 0.4 0 0.2 0 0 0 0 0 0 2.8000000000000003 0 0 0 0 0.2 0.4 0 0.2 0 0 0 0 0 0 0 0 0 0 0 0 0 0 0 0 0 0 0 0 0 0 0 0 0 1.6 0 0 0 0 0 0 0 0 0 0.4 0.6000000000000001 0.2 17.400000000000002 0 0 1 0 0 0 0 0 0 0 0 0 0 0.2 0 0 0 0 0 0 0 0 0 0 0 0 0 1.4000000000000001 0 0 0 0 0 0 0 0 0 0 0 0 0 
 9.4 69 29 30.8 13.600000000000001 21.200000000000003 38.6 73.4 17.400000000000002 60 27.8 46.400000000000006 7.6000000000000005 24.8 0 34 40.800000000000004 11.200000000000001 42.2 29.400000000000002 0 0.2 0 0 0.4 0 0 0 0.4 0.8 0 0 16.400000000000002 0 0 0.2 0 0 0 0 0 0 0 0 0 0 0 0 0 0 0 0 0 0 0.6000000000000001 0 0 0 0 0.2 0 0.6000000000000001 1.4000000000000001 0 0 0 0 0 10.200000000000001 0 0.6000000000000001 0.2 0 0 0.6000000000000001 0.4 9.200000000000001 0.4 0 7.2 1 2.2 0 0 2.8000000000000003 0 0 0 6 9 2.6 3.2 0 0 4 2 9.8 2.2 0 0.2 1.4000000000000001 0 0 0 0 0 0 0 0 0 0 0 0 0 0 0 0 0 4.2 0 0 0 0 0 0 0 0 0 0 0 0 0 0 0 0 0 0 0 0 0 0 0 0 0 0 0 0 0 0 1.6 0 0 0 0 0 0 0 0 0.4 0 0 1.8 2.4000000000000004 2 10.600000000000001 0 0 0 8.6 0 0.2 3.6 0 5.800000000000001 0 4.6000000000000005 5.4 9.4 0 4.800000000000001 0 0 0 0 0 0 0 0 0 0 0 0 0 1.6 0 0.4 0 0 3.4000000000000004 2 0 0 0 0 0 0 0 0 0 0.4 0 0 0 0 0 0 0 0 0 2.8000000000000003 0 0 0 0 0 0 0 0 0 0.2 0 0 0 0 0 0 0 0 0 0 0 0 0 0 0 0 1.6 0 0 0 0 3.2 2.8000000000000003 0 0 0 0 0 0 0 0 0 2 0 0 0 0 0 0 0 0 0 0 0 0 0 0 1.4000000000000001 0 0 0 0 0 0 0 0 0 0 0 0 
 51 40.400000000000006 42.2 28.200000000000003 51.2 60.6 26 32.6 74.8 49.6 33.4 45 73.60000000000001 26.8 34 0 56.6 66.8 96.2 70.8 0.8 0.4 1.4000000000000001 0 0.4 0 0.2 0 0 0.4 0.6000000000000001 0 15.200000000000001 14.4 0 0 0 0 2 0 0 0 0 0 0 0 0 0.4 0 0 0 0.4 0 0 0.6000000000000001 0 0 0 0 0 0 0.6000000000000001 0.6000000000000001 0 0 0 0 10 0 0 0.6000000000000001 0.2 0.2 0 0.6000000000000001 0.4 6.2 0.4 0 5.4 2 0.2 7.2 3.6 5.4 0 0 2 3 2.6 9.4 0 0 0.2 2 0.2 3.4000000000000004 0.2 2 0 0 0 0 0 0 0 0 0 0 0 0 0 0 3.2 0 0 0 0 3 3 0 0 0 0 0 2.4000000000000004 0 0 0 0 0 0 0 0 0 0.6000000000000001 0 4 0 0 0.4 0 0 0 0 0 0 0 3.6 0 0 0 0 0 0 0.4 0 0 0 0 0.4 3.8000000000000003 4.800000000000001 4.2 0.4 0.2 3.6 0 4.800000000000001 4 1 0 0 9.200000000000001 0 0 0 4.4 4 3.6 1.8 0.4 0 0 0 0 0 0 0 0 0 0 3.2 2.4000000000000004 2.4000000000000004 0 0 0 1.2000000000000002 2.4000000000000004 0 0.4 0 0 0 0 0 0 0 0 0 0 0 0 0 0 0 0 0 0 0 0 0 0 0 0 0 0 0 0 0 0 0 0 0 0 0 0 0 0 0 0 0 0 0 0.2 0.2 0 0 0.4 0 5 0 0 0 0 0 0 0 0 0 0 0 0 0 0 0 0 0 0 0 0 0 0 0 2.4000000000000004 0 1.6 0 0 0 0 0 0 0 0 0 0 0 0 
 58.6 15 28 46 8.6 54.800000000000004 34.4 50.400000000000006 52.400000000000006 67 16.2 75.60000000000001 7.800000000000001 8.200000000000001 40.800000000000004 56.6 0 12 15.200000000000001 8.8 0 0 0 0 0.4 0.6000000000000001 0 0.2 0 18.6 0.4 0 11.4 0 0 0 0.6000000000000001 0 14 0 0 0 0 0 0 0 0 0 0 0.8 0 0.6000000000000001 0.2 0 1 0.2 0 0 0 0 0 0.4 0.6000000000000001 0 0 0 0 0.2 0 0 0.6000000000000001 1 0.6000000000000001 0 0.6000000000000001 0.4 0.2 1 0 0 3.2 2 4.6000000000000005 0 7.6000000000000005 0.4 2.2 2.8000000000000003 9.4 2.4000000000000004 9.600000000000001 2 3.8000000000000003 0 0 5.2 2.8000000000000003 2 0 1.2000000000000002 1.6 0 0 0 0 0 0 0 0 0 0 0 0 0 0 0 0 0 5 0 0 0 0 0 3.4000000000000004 0 0 0 0 0 0 0 0 0 0 0 0 0 0 0 0.2 0 0 0 0 0 0 0 0.8 0 0 0 0 0 0 0 0 0 0 0 0 0.8 3 4.6000000000000005 2.6 2.2 0 0.2 3.2 0 0 0.4 0 3.6 0.2 3.8000000000000003 1.8 4.2 0 0.2 0 0 0 0 0.4 0 0 0.4 0 0 0 0 4 3.2 0 0.4 0.2 0 2.4000000000000004 2.2 0 0 0 0 0 0 0 3 0 0 0 0 0 0 0 0.8 0 0 0 0 0 0 0 0 0 0 0 0 0 0 0 0 0 0 0 0 0 0 0 0 0 0.2 0 0 0 0 10.200000000000001 0 17.6 0 3.2 0.4 2.6 0 0 0 0 0 0 0 0 0 4.4 0 0 0 0 0 0 0 0 0 0 0 0 0 0 2.2 0 0 0 0 0 0 0 0 0 0 0 0 
 26.8 41.2 62.800000000000004 39.2 71.2 29.6 50.800000000000004 5.4 141 112.80000000000001 25 18.2 9.4 90.60000000000001 11.200000000000001 66.8 12 0 17.2 13.600000000000001 0 0 0 0 0.4 0 0 15.8 0.2 0.4 0 0 6.800000000000001 0 0.2 0 0 0 15 0 0 0 0 0 0 0 0 0 0 0 0 1.2000000000000002 0 0 0.6000000000000001 0 0.4 0 0 0.6000000000000001 0 0.6000000000000001 0.6000000000000001 0 0 0 0 0 0 0 0.6000000000000001 0.2 0 0 0.6000000000000001 0.4 0 0.4 0 0 0.2 2.2 8.4 6 3 2.4000000000000004 0 2.2 10.200000000000001 0 5 3 3.2 2 2.6 0 0 11.200000000000001 0 0 0 0 2.8000000000000003 0 0 0 0 0.4 0 0 0.2 0 2.8000000000000003 1.8 0.2 0 0 2.2 4.2 1.8 0 0 0 0 0 0 1.4000000000000001 0 0 0 0 0 0 0 0 0 0 0 0.2 0 0 0 0 0 0.2 0.2 0 0 0 0 0 0 0 0 0 0.6000000000000001 0 0.6000000000000001 0 0 2 8.200000000000001 4.6000000000000005 2.2 3 0 4.4 2.2 0 6.6000000000000005 6.6000000000000005 7.6000000000000005 3 3.4000000000000004 2 2.6 2.6 3.4000000000000004 0 0 0.2 0 0 0 0 0 2.8000000000000003 0 0 0 0 0 1.8 0 2.4000000000000004 2.4000000000000004 0.4 0 6.2 2.2 0 0 0 0 0 0 0 0 0 0 0 0 0 0 0 0 0 0 0 0 0 0 0 0 0 0 0 0 0 0 0 0 0 0 0 0 0 0 0 3 0 6.2 0 0 0 0.2 0.4 0 0.4 0.8 0.4 4.2 0 0 0 0 0 0 0 0 0 0 0 0 0 0 0 0 0 0 0 0 0 0 11.200000000000001 4.6000000000000005 0 0 0 0 0 0 0 0 0 0 0 0 0 0 
 7.6000000000000005 117.2 16.400000000000002 16.8 95 8.6 47.800000000000004 51.2 20 61.400000000000006 4.800000000000001 53.6 58.2 57.400000000000006 42.2 96.2 15.200000000000001 17.2 0 40 0 0.4 0 0 0.4 0 0 0 0 0.4 0 0 0 0 0 0 0 0.6000000000000001 0 0.4 0 0 0 12.4 0 0 0 0 0 0 0 2.4000000000000004 0 0.4 0.6000000000000001 0 0 0 0 0 0 0.6000000000000001 0.4 0 0 0 0.4 0 0 0 0.6000000000000001 0.2 0 0 0.6000000000000001 0.4 0 0.4 0 14.8 1.4000000000000001 3.4000000000000004 2.8000000000000003 1.2000000000000002 3.2 0 0 3.4000000000000004 0 1.4000000000000001 0 0 0.4 1.6 6.800000000000001 8.8 0.4 0 2.2 0.8 0 0 0 0 0 0 0 0 0.4 0 0 0 0 0 0 0 0 0 0 0 0 0 0 0 0 0 0 0 0 0 0 0 0.4 0 0 0 0 0 0 0 0 0 0 0 0 0 0.8 0 0 0 0 0 0 0 0 0 0 0 0 0 3.2 4.6000000000000005 2.2 0.2 1.6 0 2.2 1.8 1 4.6000000000000005 1.4000000000000001 0.2 2.6 8.200000000000001 0 0 0 2.2 0 0 0 0.4 0 0 0 0 1.8 0 0 0 0 0 0.2 0 0.2 0 0 0 0 0 0 0 0 0 0 0 0 0 0 0 0 0 0 0 0 0 0 0 0.4 0 0 0 0 0 0 0 0 0 0 0 0 0 0 0 0 0 0 0 0.4 0 0 0 0 0 0 0.2 0 0 0 0.4 0 4.6000000000000005 0 0 0 0 0 0 0 0 0 0 0 0 0 0 0 0 0 0 0 0 10 0 0 0 0.6000000000000001 0 0 0 0 0 0 0 0 0 0 0 0 0 
 8.6 12.8 11.4 60 21.400000000000002 11.8 70.4 10.200000000000001 12.4 58.2 13.8 7.2 9.4 18 29.400000000000002 70.8 8.8 13.600000000000001 40 0 0.2 0.2 0 0.4 0.4 0 0 0 0 0.4 0.2 0.2 0 0 0 0 0.4 0 0 0.4 0 0.4 1 0 0 0.8 0 0 0 0 0 6.6000000000000005 0 0 0.6000000000000001 0 2 0 0.4 0.6000000000000001 0 0.6000000000000001 1 0 0 0 0 0 0 0 0.6000000000000001 0 0 0 4.2 0.4 0.2 0.4 0 0.6000000000000001 3.8000000000000003 3.4000000000000004 3 0 0 0 7.6000000000000005 7.4 0 0 3.6 0.4 11.600000000000001 3.6 0 0 0 0 2.4000000000000004 3.6 0 0 0 0.2 0 0 0.2 0 0 0 0 0 0 0 0 0 0 0.4 0 0 0 0 0 0 0 0 0 0.4 0 0 0 0 0 0 0 0 0 0 0 0 0 0 0 0 0 0 0 0 0 0 0 1.4000000000000001 0 0 3.8000000000000003 0 0 3.6 0.8 0 0.2 0 0 0 2.4000000000000004 2.4000000000000004 19.6 2.2 4 1.8 0.4 0.4 9 0 6.4 0 3.2 0 0 0 0 0 0.2 0 0 0 0 0 0.4 0 0 0 0 0 0 0 0 0 0 0 0 0 0 0 0 0 0 0 3 0 0 0 0 0 0 0 0 0 0 0 0 0.2 0 0 0 0 0 0.2 0 0 0 0 0 0 0 0 0 0 0.4 0 0 0 0 0 0 0 0 0 18.2 0 0 4 0 0 0 0 0 0 0 0 0.4 0 0 0 0 0.4 0 0 0 0 0 0 0 0 0.4 0 0 0 0 0 0 0 0 0 0 0 0 2.2 0 0 
 0 0.4 0 0.4 14.600000000000001 44.400000000000006 0 0 0.2 0.2 14.4 6 0 0 0 0.8 0 0 0 0.2 0 56.400000000000006 28.200000000000003 10.600000000000001 53.2 4 16.8 77.60000000000001 9.200000000000001 24.200000000000003 16.6 48.800000000000004 93.60000000000001 37.2 37.2 58.400000000000006 26.400000000000002 22.400000000000002 25.6 39.400000000000006 0 0 0 0.4 0.4 0.2 0 0 0 0 0.4 0 0.6000000000000001 0 0 0.2 1.2000000000000002 12.4 0 0.2 0.6000000000000001 0 0 0.6000000000000001 0 0 0.4 0 0.4 0 0.4 0.2 0 0 0.4 0 0.2 0 0 0 0 0 0 0 0 0.4 0 0 0.2 0 0 0 0 0 0 0 0 0 0 0 3 2.2 5 3.2 0 0 7.800000000000001 3.8000000000000003 4.2 3.6 0 10.4 5.800000000000001 2.2 7.2 0 6.2 3.8000000000000003 4.4 2.6 0 0 0 0 0 0 0 0 0.4 0 1.6 0 0 0 0 0 0 0 1.8 0 0 0 1.2000000000000002 0 0 0 0.2 0 0 0 2 0 0 0 0 0 0 0 0 0 0 0 0 0 0 0 0 0 0 0 0 1.8 0 0 0 0 0 0 3 0 5.4 0 2 6.800000000000001 4.800000000000001 0 4.4 6.6000000000000005 10.8 2.2 6.2 0 12.4 3.6 1.6 4.800000000000001 5.2 1.6 5.2 1 0 0 0 4.4 0 0 0 0 0 0 0 0 0 0 0 0 0.4 0 2.2 0 0.4 0 0 0 0 0 0 0.2 0 0 0 0 0 0 0 0 0.4 0 0 0 0 0 0 0 0 0 0 0 0 0 0 0 0 0 0.4 0 0 0.2 0 0 0.2 0 0 0 0 0 0 0 0 0 17.6 0 0 0 0 0 0 0 0 0 0 2.2 0 0 0 0 0 0 0 0 
 13.4 0.2 0 14.8 0.2 4.6000000000000005 0.4 0.2 0 0.6000000000000001 0 15.4 0.2 0.2 0.2 0.4 0 0 0.4 0.2 56.400000000000006 0 34.800000000000004 12 9.4 7.6000000000000005 29.8 50 32.4 10.600000000000001 34.2 19.8 11.4 43.2 63.6 46.2 33.6 22 67.8 17.6 0 0 0 0.4 0.4 2.2 0 0 0 0 0.4 0 0.6000000000000001 0 0 0.2 0.6000000000000001 0 0.2 1.6 1 0 0 0.6000000000000001 7 0 0 0 0.4 0 0.4 0.4 0 0 0.4 0 1.6 0 0 0 0 0.4 0 0 0.2 2.2 0 0 0 0 0 0 0 0 0 0 0 0 0 0 0 22.6 1.8 3.4000000000000004 3.6 2.2 2 0.4 6.2 0 0 5.2 4 3.6 6.6000000000000005 0 5.2 4.800000000000001 0 4.4 1 0 0 0 0 0 0 0 0 0 0 0 2.4000000000000004 0 0 0 0 0 2.4000000000000004 1.6 0 0 1 0 0 0.2 0 0 0 0 0.4 0.2 0.4 0 0 0 0 0 0 0 0 0.4 1.4000000000000001 0 1.8 0 0 0 0 0 0 0 0 0 0 0 0 0 0 0 8 0 3 2 4.4 0 4.6000000000000005 5.2 8.200000000000001 2 2.8000000000000003 0.2 2.4000000000000004 2.6 0 2 3.8000000000000003 0 0 0.4 0 0 0 0 0 0 2 0 0 0 0 0 0 0 0.4 0 0 0 1.8 2.2 0 0 0 0.2 0 0 0 0 0 0.2 0 0 0 0.2 0.4 0 0 0 0 0 0 0 0.2 0 0 0 0 0 0.2 14.600000000000001 0 0 0 0 1 0 0.2 0.4 0 0 0 0.6000000000000001 0 0 0 0 0 0 0 0 0 0 0 0 0 0 0.2 0 0 0 0 9.600000000000001 0 0 0 0 0 0 0 0 
 0 0 0 0.6000000000000001 3.2 43.400000000000006 0 0.6000000000000001 0.8 0.4 0 3.4000000000000004 0.6000000000000001 0 0 1.4000000000000001 0 0 0 0 28.200000000000003 34.800000000000004 0 23.6 22.400000000000002 7.4 25.8 89.60000000000001 59.2 12.200000000000001 8.200000000000001 12 19.400000000000002 10.4 11.200000000000001 44.800000000000004 12.600000000000001 8.4 16.2 40.800000000000004 0 0 0 1 0.4 12.4 0 0 0 0 1.4000000000000001 0 0.6000000000000001 0 1.2000000000000002 0.4 0.6000000000000001 0 0.2 0 0.8 0 0.2 0.8 0 0 0 0 0.6000000000000001 0 0.6000000000000001 0 0 0 0.4 0 0 0 0 0 0 0 0 0 0 0 0 2.8000000000000003 0 0 0 2.6 0 0 0 0 0 0 0.4 0 3.8000000000000003 1.8 8.6 0 0 0 6.4 2.6 2.4000000000000004 1.8 0 1 9.8 1.8 12.8 2.8000000000000003 7.2 6.2 3.8000000000000003 0 0 0 0 0 0 0 0 0 0 0 0 0 0 0 0 0 0 0 0.2 2.4000000000000004 0 0 0.2 0 0 0 0 0 0 0 0 0 0 0 0 0 0 0 0 0 0 0 0 0 0 0 0 0 0 0 0 0 0 0 0.8 0 0.2 0 0 0 5.6000000000000005 5.6000000000000005 0 0.8 2.6 0 4.2 10.200000000000001 2.8000000000000003 0 2.2 4 0 6.4 0 6.2 0 4.2 0 1.6 0 0 0 0 0 0 0 2.2 0 0 0 0 0 1 0 0 0 0 2.8000000000000003 0 0 0 0 0 0 0 0 0 0 0 0 0 0 0 0 0 0 0 0.2 0 0 0 4.6000000000000005 0 0 0 0 0 0 0 0 0 0 0.4 1 0.2 0 0 16.400000000000002 0 3.4000000000000004 4.6000000000000005 0 0 0 0 0 0 0 0 0 0 0 0 0 0 0 0 0 0 0 1 0 0 0 0 0 0 0 0 
 0 0 0.8 0 0 0 0 0.2 0 0 0 0.2 0 0.2 0 0 0 0 0 0.4 10.600000000000001 12 23.6 0 22.200000000000003 10 38.800000000000004 14.200000000000001 32.2 52.400000000000006 48.2 17 16.6 33 41.6 7 40 27.6 19.6 16.8 0 0 0 4.800000000000001 1 3.4000000000000004 4.4 0 0 0 0.4 0 31.200000000000003 25 0 0 0.6000000000000001 0 26.400000000000002 12.4 0.4 0 0 0.4 3.4000000000000004 0 0 0.2 0.6000000000000001 0 0.4 0.4 0 0 0.6000000000000001 0.8 0.6000000000000001 0.2 0 0 0 0 0 0 0 0 0 0 0 0 0 0 0 0 0 0 0 0 0 0 0 1 0.2 2 0.4 5.4 0 2.2 9 1.6 8.6 0.4 2.6 0.2 0 0 5.4 0.4 0 2.4000000000000004 1.8 2.4000000000000004 0 0 0 0.2 0.2 2.4000000000000004 3 0 0 0 0.2 1.8 3.4000000000000004 3 0.2 1.6 4.800000000000001 14 0 0 0 0 0 0 0 0 0 0 2.6 0 0 0 0.6000000000000001 2.4000000000000004 0 0 0 1.4000000000000001 0 1 0 1.4000000000000001 0 0 0 0 0 0 0 0 0 0 0 0 0 0 0 0 3.4000000000000004 0 2 3.4000000000000004 1.8 4.800000000000001 2.4000000000000004 0 1.8 4.2 2.8000000000000003 1.8 3.8000000000000003 1.4000000000000001 0.8 0 2.4000000000000004 2 0 0 2.6 4.2 0.8 0 0 0 2 0.8 0 3.2 0 0 1.8 4.800000000000001 0 0.2 7.4 1.8 5.4 2.2 0 0 0 0 0 0 0 0 0 0 0 0 0 0 0 0 0 0 0 0 0 4.4 0 0 0 0 0 0 0 0 0 0 0 0 0.6000000000000001 0 0.4 15.200000000000001 0.4 0 0.2 0 0 0 0 0 0 0 0 0 0 0 0 0 0 0 0 0 0 0.2 0 0 0 0.4 0.2 0 0 0 0 0 
 0.4 0.4 0.6000000000000001 0.4 0.4 1.4000000000000001 0.4 0.4 0.4 1 15.200000000000001 0.4 0.4 0.4 0.4 0.4 0.4 0.4 0.4 0.4 53.2 9.4 22.400000000000002 22.200000000000003 0 60.2 19.200000000000003 15.8 56.400000000000006 81 16.8 58.2 13.200000000000001 13.4 13.4 15.600000000000001 27.8 30.200000000000003 13.200000000000001 62.400000000000006 12.600000000000001 5.2 0 0.4 1 12.4 6.4 4.2 0 13 0.4 0.4 13.4 16.2 0 0.2 0.6000000000000001 0 25.8 12.4 0.4 0 0 0.4 0.2 0 0.4 0 0.6000000000000001 0 0.4 0.4 0 0.2 0.4 2.2 0 0 0 0 0 0 0 0 0 0 0 0 0 0 0 0 0 0 0 0 0 0 0 0 0 0 0 2.8000000000000003 4.6000000000000005 5.4 0 0 3.2 0 2.6 1.8 0 0 0 3.2 3.2 2.2 0 0 6.800000000000001 0 0.4 0 0 0 2.8000000000000003 3.6 0 0 12.8 0.2 5.4 0.2 0.4 3.8000000000000003 2 1.8 6.6000000000000005 0 0 0 0 0 0 0 0 0 0 0 2 0 0 0 0 0.4 0 0 0 0 0 0.6000000000000001 0 1 0 0 0 0 0 0 0 0 0 0 0 0 0 0 0 0 0 4.4 0 5.6000000000000005 17.2 3.2 0 0 4.4 0 0 5 0 0 0 1.8 0 1.8 0 0.2 4 7.2 4.6000000000000005 0 0 0 0 3.6 0 2.8000000000000003 0 1.8 2.8000000000000003 2 4.2 9.4 2.2 0 4 0 0 0 0 0 0 0 0 0 0 0 0 0 0 0 0 0 0 0 0 0 0 0 0 0 0 0 0 0 0 0 0 0 0 0 0.2 0 0.8 0 15.8 0 0.2 2.2 0 0 0 0 0 0 0 0 0 0.4 0 0 0 0 0 0 0 0 0 0 0 0 0 0 0 0 0 0 
 0 0 0 0 0 0 0 0 0 0 0 0 0 0 0 0 0.6000000000000001 0 0 0 4 7.6000000000000005 7.4 10 60.2 0 8.200000000000001 4 10.4 28.400000000000002 12.8 14.200000000000001 49.6 9.8 27.400000000000002 18.8 28.6 55.800000000000004 52.6 10.4 3.6 3.8000000000000003 12.8 0.4 0.4 0 23.6 24.6 0 9.8 0.6000000000000001 0 6.2 13 13.4 12.4 11 3.4000000000000004 16.6 0.8 0.4 0 0 5.2 0.2 0 0 0 1.8 0 0.4 0.2 0 0.4 0.4 0 0.4 0 0 0.6000000000000001 0 0 0 0 0 0 0 0 0 0 0 0 0 0 0 0 0 0 0 0 0 1.8 0 1.8 0 1.8 0 0.2 0 0 0.4 0 0 0.2 0 0 0 0 0 0 10.200000000000001 3.8000000000000003 4.800000000000001 1.2000000000000002 0.2 0.2 3.4000000000000004 3.8000000000000003 4.6000000000000005 0 1.6 0 5.800000000000001 2.4000000000000004 2 3.2 8.4 4.2 10.600000000000001 2.6 0 0 0 0 0 0.4 0 0 0 0 0 0 0 0 0 0 0 0 0 0.4 0 1 0 1.2000000000000002 0 0.2 0 0 0 0 0 0 0 0 0 0 0 0 0 0 0 0 0 3.2 6.4 2 0 0 2 0 0 3.4000000000000004 0 0 0 0 0 0 0 0 5.4 5.6000000000000005 2.8000000000000003 2.6 2.4000000000000004 0 2 5.2 2.8000000000000003 3.4000000000000004 0 8 9.4 3 8.200000000000001 4.2 7.800000000000001 1.6 3.4000000000000004 5.6000000000000005 0 0 0 0 0 0 0 0 0 0 0 0 0 0 0 0 0 0 0 0 0 0 0.2 0 0 0 0 0 0 0 0 0 0 0 0.4 0 1.6 1.2000000000000002 0.4 0.4 0 0.2 0 0 0 0 0 0 0 0 0 0 0 0 0 0 0 0 0 0 0 0 0 0 2.8000000000000003 0 0 5.4 0 0 
 0 0 0 0.6000000000000001 8.6 22.6 0 0.2 0.2 0 0 8.6 0 0 0 0.2 0 0 0 0 16.8 29.8 25.8 38.800000000000004 19.200000000000003 8.200000000000001 0 18.6 13.600000000000001 22.400000000000002 21.8 6.6000000000000005 16.8 7.800000000000001 12.600000000000001 20.400000000000002 7.6000000000000005 24.200000000000003 11.8 51.800000000000004 0.2 0 0 0.4 0.4 13.200000000000001 0 0 0.2 0 0.4 1.2000000000000002 13.200000000000001 0 0 0.2 0.6000000000000001 0 11.600000000000001 0 0.4 0 2.6 10.8 14.600000000000001 0 0.6000000000000001 0 0.6000000000000001 0 0.4 0 0 0 1.6 0 0 0.2 0 0 0.8 0 0.2 0.2 0.2 0.2 0 0 0 0 0 2.6 0 0 0 0 0 0.2 0 0 0 5.4 2.4000000000000004 3.2 0 0 2.8000000000000003 5.6000000000000005 1.6 0.4 9.8 0 4.2 6.4 0.2 0 0 0 2.2 2.4000000000000004 0 1.8 0 0 0 0 0 0 3.8000000000000003 0 0 0 0 0 1 0.2 0 0 0 3.6 0 0.4 0 0 0 0.4 0 0 0 0 0 0 0 0 0 0 0 0 0.2 0 0 0.2 0 0.2 0 0 0 0 0 0.2 0.4 0 0 0.2 0 0.2 0 0 0 0 3 2.4000000000000004 1.8 0 0 3.6 3.6 0.2 2.8000000000000003 5.4 0 0 2.6 2 2.2 2.4000000000000004 0 3.8000000000000003 0 2 0 0 0 0 0.4 0 1.8 0 0 0 0 0.4 4 2 0 0 0 0 0 0 0 0 0 0 0 0 0 0 0 0 0 0 0 0 0 0 0 0 0 0 0 0 0 0 0 0 0 0 0 0 0 0 0 0 0 0 0.4 16.2 0.4 0 0 2.6 0 0 0 0 0.2 0 0 0 0 0 0 0 0 0 0 0 0 0 0 0 0 0 0.2 0 3.4000000000000004 0 0 0 
 0 0 0.4 16.8 10.4 20.6 0 0 0 0 3.4000000000000004 14.4 0 0 0 0 0.2 15.8 0 0 77.60000000000001 50 89.60000000000001 14.200000000000001 15.8 4 18.6 0 74.2 26.8 6.800000000000001 6.2 98.4 18 18.6 28.400000000000002 52.800000000000004 7.6000000000000005 75.2 44.6 0 0 14.200000000000001 0.4 0.4 0 0 0 0 0 0.4 0 0.6000000000000001 5.4 0 0.2 1.4000000000000001 0 0 1.2000000000000002 0.4 0 0 0.4 0 0 0 0 0.6000000000000001 0 4.800000000000001 0.4 0 0 0.4 0 0 0 0 0 0 0.2 0 0 0 4.800000000000001 0 0 0 0 0 3.6 0 0 0 0 2.6 0 0 0 0.6000000000000001 0 1.6 0.4 0 0 3.2 2.2 1.8 3.8000000000000003 1.2000000000000002 1.6 7.800000000000001 0.8 8.4 0.4 3.6 4.2 2.6 2.2 0 0 0 0 0 0 0 0 0 0 0 0 0 0 0 0 0 0 0.4 0 0 0 0 0 0 0 0 0 0 0 0 0 0 0 0 0 0.8 0 0 0 0 0 0 0 0.2 0 0 0 0.2 0 2 3.4000000000000004 0 0 0 0 0 0 0 0 1.2000000000000002 3.8000000000000003 0.8 2.6 0 0 4 7.2 5.6000000000000005 4 2.4000000000000004 0.4 8.4 6.800000000000001 5 4.6000000000000005 3.8000000000000003 0.4 4.800000000000001 3.6 0 0 0 0 0 0 0 0 0 0 0 0 0 0 0 0 0 0 0 0 0 0 0 0 0 0 0 0 0 0 0 0 0 0 0.2 0 0 0 0 0 0 3.4000000000000004 0 0 0 0 0 0 0 14.8 0 0 0 0.4 0.6000000000000001 0 0.4 0.2 0 0.2 0.2 0.2 0 0 0 0 0.2 0 0 0 0 0 0 0 0 0 0 0 0 0 0 0 0 0 0 0 0 0 0 2.4000000000000004 
 0 0 0 0.4 3.4000000000000004 0 0 0 0 0 0.8 0 0.2 0 0.4 0 0 0.2 0 0 9.200000000000001 32.4 59.2 32.2 56.400000000000006 10.4 13.600000000000001 74.2 0 36.2 16.6 13 15.200000000000001 34.6 46.400000000000006 35.2 6.2 22.6 18.8 31.8 0 0 0 0.4 0.4 0 0 0 0 0 0.4 0 13 0.2 0 0.2 0.6000000000000001 0 0 0 0.6000000000000001 0 0.4 0.6000000000000001 0 0 0 0 0.4 0 0.4 0 0 0 0.4 0 0.8 1.6 0 0 0 0 0 0 0 2 0 0 0 0 0 1.2000000000000002 0 0 0 0 0 0 0 0 6.4 0 4.6000000000000005 2.2 2.4000000000000004 0.2 1.2000000000000002 0 6 7 2.2 0 0 3.2 1.2000000000000002 0 1.8 5.6000000000000005 0.4 0 0 0 0 0 0 0 2.8000000000000003 0 3 0 0 0 0 0 0 0 0 0 0 1.4000000000000001 0 0 0 0 0 0 0 0 0 0 0 0 0 0 0 0 0.2 0 0.4 0 0 0 0 0 0 0 0 0 0 0 0 0 0 0 1.2000000000000002 3.8000000000000003 0 0 0 0 1.8 6.2 4.6000000000000005 2.2 0 3.8000000000000003 0 4.4 0 4.4 6 0.2 3 2.4000000000000004 3.4000000000000004 1.8 3.8000000000000003 0 0 0 0 0 0 0 0 0 0 0.6000000000000001 0 0 0 0 4.4 0 2.8000000000000003 0 0 0 2.4000000000000004 2.4000000000000004 0 0 0 0 0 0 0 0 0 0.2 0 0 0 0 0 0 0 0 0 0 0 0 0 0 0 0 0 0 0 0 0 0 0 0 0 0 0 30.400000000000002 16 0 3.6 0 0 0 0 0 0 0 0 0 2.2 0 0 0 0 0 0 0 0 0.2 0 0 0 0 0 2.8000000000000003 2.4000000000000004 0 0 0 
 0.4 0.4 0.4 0.4 0.4 0.4 0.4 0.4 0.4 0.4 0.8 0.4 0.4 0.4 0.8 0.4 18.6 0.4 0.4 0.4 24.200000000000003 10.600000000000001 12.200000000000001 52.400000000000006 81 28.400000000000002 22.400000000000002 26.8 36.2 0 32.2 36 13.4 14.4 19.400000000000002 46 58.800000000000004 16.400000000000002 44.2 32.800000000000004 0 0 0 0.8 0.4 0.2 12.4 0.2 0 0 1.2000000000000002 0 18.8 0 1.2000000000000002 0.4 0.6000000000000001 0 12.4 0 0.6000000000000001 0 0 0.6000000000000001 0 0 0 0 0.2 0 0.4 9 0 0 0.4 0.8 0.2 0 0 0 0 0 0 0 0 0 0 0 0 0.4 0 0 0 0 0 0 0 0 0 0.4 3.4000000000000004 3.8000000000000003 0.2 2.6 3.4000000000000004 4 1.4000000000000001 2 2.8000000000000003 2.4000000000000004 0.4 8 0 0 0 4.800000000000001 0 0 0 3.2 2.6 5 1.6 0 0 0 0 0 4.6000000000000005 0 0 0 3.6 0.2 3.6 0.4 0 0 0 2 0 0 0 0 0 0.2 0 0 0 0 0.6000000000000001 0 0 0 0.8 0 0 0.4 0 0 0 1.4000000000000001 1 5.4 0 0 0 0.4 0 0 0 0 0 0 0 0 0 0 0 0 5.4 5.2 0 0.4 1 6.6000000000000005 0 4.2 1 4.6000000000000005 0 2.8000000000000003 0 0 2.4000000000000004 0 0 9.600000000000001 2.8000000000000003 0 0 2.4000000000000004 1.6 0 0.2 0 11.200000000000001 0 0 0 0 0.2 0 3.6 0 2 0 0 6.2 3.6 0 0 0 0 0 0 0.2 0 0 0 0 0 0 0 0 0 0 0 0 0 0 0 4.800000000000001 0 0 0 0 0 0 0 0 0 0 0 0.8 0 0 0 0 0 0.2 0 0 0 0 0 0 0 0 0 0 0 0 0 0 0 0 0 0 0 0 1 0 0 0 0 0 0 0 0 
 0 0 0 15 0 0 0 0 0 0 0 0 0 0 0 0.6000000000000001 0.4 0 0 0.2 16.6 34.2 8.200000000000001 48.2 16.8 12.8 21.8 6.800000000000001 16.6 32.2 0 20.6 5 51.800000000000004 62.800000000000004 32.6 61 7.4 12.200000000000001 16.8 0 0.4 0.6000000000000001 0.4 0.8 1.2000000000000002 0 0 0 0 0.4 0 15.8 0.8 0 0.2 0.6000000000000001 17.2 0.6000000000000001 0 0.4 0 1.2000000000000002 0.4 0.2 0 0 0.6000000000000001 0.6000000000000001 0 0.4 0 0 0 0.6000000000000001 0 2.4000000000000004 0.8 0.4 0 0 0 0 0 0 0 0 0 0 0 0 0 0 0 0 0 0 0 0 0 0 6.2 2.8000000000000003 2.6 9.600000000000001 3.6 0.2 2.4000000000000004 17.400000000000002 13.8 1.2000000000000002 3.6 4.6000000000000005 3.2 1.8 0 6.6000000000000005 3.2 0 4.6000000000000005 2.2 0 0 0 0 0 2.8000000000000003 0 4.4 0 0 0 3.4000000000000004 0 0 0 0 0 2.4000000000000004 5.2 0 0 1 0 0 0 0 0 0 0.2 2 0 0 0 0 4.800000000000001 3 0 0 0 0 2.8000000000000003 1.4000000000000001 0.6000000000000001 0 0 0 0 0 0 0 0 0 0 0.4 0 0 0 0 0 6.800000000000001 0 9.600000000000001 14 5.6000000000000005 7.2 4.4 0 4.6000000000000005 14.200000000000001 7.2 1.8 1.4000000000000001 3 4.2 4 2.4000000000000004 0 0 0 0 0.2 0 0 0 0.4 0.6000000000000001 2.4000000000000004 0 0.4 0 0 2 0 1 0.2 0 0.2 5 7.800000000000001 0 0 0 0 0 0 0 0 0 0 0 0 0 0.4 0 0 0 0 0 0 0 0 0 0 0 0 0 0 0 0 0 0 0 0 3.6 0.4 1.6 37.800000000000004 0 0 0.6000000000000001 0 0 0 0 0 0 0 0 0 0 0 0 0 0 0 0 0 0 0.2 0 2.8000000000000003 0 0 0 2.8000000000000003 3 0 0 0 
 0 0 0 0.4 14.600000000000001 0 0 0 0.4 0 4.4 1.8 15.600000000000001 0 0 0 0 0 0 0.2 48.800000000000004 19.8 12 17 58.2 14.200000000000001 6.6000000000000005 6.2 13 36 20.6 0 7 7.2 9 11.4 33.800000000000004 85.60000000000001 5.6000000000000005 49.2 0.4 6 0 2.2 0.4 0.2 0.6000000000000001 0.6000000000000001 0 0.6000000000000001 1 0 38 27.6 0 15.8 1 0.6000000000000001 0.6000000000000001 6.6000000000000005 0.6000000000000001 0.4 0 1.4000000000000001 0 0 0 0 1 0.4 0.4 0.2 0.4 0 0.4 0 0 0.2 0 1.2000000000000002 0 0 0 0 0 0 0 0 0 0 0 0 0 0 0 0 0 0 0 0 2.6 9.200000000000001 11 1.4000000000000001 8 6.4 0 0 2.2 3.2 7.6000000000000005 2.2 0.2 0 0 3 5.4 1.4000000000000001 0 0 3.8000000000000003 4.4 2.8000000000000003 0 0 0 3 0 4 0 0 0 7.4 1.2000000000000002 1 0.2 0 0 0 3.2 0 0 2.6 0 0 0 0 0 0 0 1.2000000000000002 0 0 0 1 0 0 0 0 1.2000000000000002 0 1.8 1 0.2 0 0 0 0 0 0 0 0 0 0 0 0 0 0 0 0 2.6 2 2.2 2 4.4 11.200000000000001 0 0 6 0.8 4.6000000000000005 3.4000000000000004 0 2.8000000000000003 3.8000000000000003 3.4000000000000004 0 4.800000000000001 0 0 0 0.8 1.8 0 0 0 6.2 5.2 2.4000000000000004 3 0 2 2.2 2 1.6 0.6000000000000001 2.8000000000000003 0 4.800000000000001 4.4 0 0 2.2 0 0 0 0 0 0 0 0 0 0 0 0 0 0 0 0 0 0 0 1.6 0 0 0.4 0 0 0 0 0 0 0 0 0.4 0 0.2 14.200000000000001 0.2 0.4 0.4 0.2 0 0 0 0.2 0 0 0 0 0 0 0 0 0 0 0 0 0 3.2 0 0 0 0 0.2 4.6000000000000005 0 0 0 0 
 0.2 0 33.4 15 15.200000000000001 15.8 0 0.8 0.4 0 38.2 0.2 0 0 16.400000000000002 15.200000000000001 11.4 6.800000000000001 0 0 93.60000000000001 11.4 19.400000000000002 16.6 13.200000000000001 49.6 16.8 98.4 15.200000000000001 13.4 5 7 0 63.400000000000006 23.200000000000003 7.2 26.200000000000003 98.60000000000001 99.60000000000001 13 0 0 0 0.4 0.4 0 0 0 0 0 0.4 0 0.6000000000000001 0 0 0.2 1.6 0 0 1.2000000000000002 0.4 0 0 0.4 0 0 0 0.8 0.6000000000000001 0 0.4 0.4 0 0 0.4 0 0 0 0 0 0 0 0 0 3.8000000000000003 0 4.4 0 4.2 0 4 3.8000000000000003 0 0 0 2.2 0 0 0 0 1 0 5.800000000000001 0 0 0 0 0.2 0 4.2 0 0 0 0 1.2000000000000002 3.2 0 2.2 4.6000000000000005 0.2 0 0 0.2 0 0 0 0 0 0 0 0 0 0 2 0 0 0.4 0 0 1 0.6000000000000001 0 0 0 0 0 0 0 1 0 0 0 0 0 0 0 0 0 0 0 0 0 1.8 0 6.4 0 0 0 0 0 7 1.8 0 0 0 2.4000000000000004 0 0 0.2 0 1.6 0 0.2 3.2 0 0 0 2.4000000000000004 1.6 2 0 0 3.2 5.800000000000001 1.4000000000000001 3.2 3 0 13.200000000000001 13.200000000000001 0 0 0 0 0 0 0 0 0 0 0 0 3.2 0 0 0 0.4 0 0 0 0.2 0 0 0 0 0 0 0 0 0 0 0 0 0 0 0 0.2 0 0 0 0 2 0 0 0 0 0 0 0 14.8 0 0 2.8000000000000003 0 0 0 0.2 0 0 0.4 0 0 0 0 0 0 0 0 0 0 0 0 0 0 0 0 0 0 0 0 0 0 0 0 0 0 0 0 0 1.4000000000000001 
