 0 50.800000000000004 60.400000000000006 31.8 6.800000000000001 9.4 49.400000000000006 28 8.6 59.6 34.2 8.4 70.4 105 68.60000000000001 21.8 6 57.400000000000006 8.4 7.800000000000001 0.6000000000000001 0 0 0 0 0 0.4 0 0 0 0.4 0 0 0 0 0 0 0.6000000000000001 15.600000000000001 0.8 0 0 0.2 0.6000000000000001 0 1 0 0 8.4 0 0 0 0 0 0 0 0 0.6000000000000001 0 0 0 6.800000000000001 0 0 0 0 0 0 0.6000000000000001 0.4 0.6000000000000001 0 0.6000000000000001 0 0 0 0.6000000000000001 0 1.2000000000000002 0.8 2.4000000000000004 0.2 0 2.6 4.6000000000000005 4.4 0 2.2 6.2 8.8 6.6000000000000005 4 0 3.6 3.6 6.4 3.8000000000000003 0 0.2 0.2 0 0 0 0 0 0 0 0 0 0 0 0 4.6000000000000005 0 0 0.4 0 0 3.4000000000000004 0 0 0 0 0 0 0 0 0.2 0 0 0 0 0 0 0 0 0 0 0 0 0 0 0 0 0 0 0 0 0 0.6000000000000001 0 0 0 0 0 0 0 0 0 0 5 3.2 13.600000000000001 0 0 0 0 3.6 2.8000000000000003 13.8 0 1.6 0 1 7 0.4 6 4.6000000000000005 0.6000000000000001 5.6000000000000005 0 0.2 0 0 0 0 3.2 0 0 0 0 0 3.4000000000000004 0.4 0 0 0 0 5.6000000000000005 0 0 0 0 0 0 0 0 0 0 0 0 0 0 2.2 0 0 0 0 0 0 0 0 0 0 0 0 0.4 0 0 0 0 0 0 0 0 0 0 0 0.4 0 0 0 0 0 0 0 3.8000000000000003 0 0.8 4.2 0.4 1 0 0 0 0 0 0 0 0 0 0 1.4000000000000001 0 0 0 0 0 0 0 0 0 0 0 0 2.4000000000000004 2.6 2.4000000000000004 0 0 0 0 0 0 0 0 0 0 0 0 
 50.800000000000004 0 22.400000000000002 64 22.200000000000003 94 100 53.400000000000006 33.2 89.60000000000001 96.60000000000001 8 43.400000000000006 27.6 78 41.2 70.2 6.6000000000000005 8.200000000000001 26.8 0.4 0 0 0 0 0 0.6000000000000001 0 0 0 0 0 15.4 0 0.4 0 0.4 1 9.200000000000001 0 0 0 0 0.6000000000000001 0.2 0.6000000000000001 0 0 0.2 0.2 0 0 1 0 0 0.4 0 0.2 0 0 0 0 0 0 0 0 0 0 0.4 0 0 0 0.6000000000000001 0 0 0 0.4 0 0.6000000000000001 0.4 0.2 4.800000000000001 0 0.2 0 3.6 1.6 0 4 3.8000000000000003 0 7.2 0 3.8000000000000003 4.800000000000001 5.2 8.4 1.4000000000000001 5.4 0 0 0.2 1.2000000000000002 0.6000000000000001 0 0 1.6 0 0 0 0 0 1.8 2.2 0 0 0 0 3 0 0 0 0 0 0 0 0 0 0.2 0 0 0 0 0 0.2 0 0 0.4 0 0 0 0 0 0 0 0 0 0 0 0 0 0 0 0 0 0 0 0 0 0 6.4 0 6.2 1.4000000000000001 2.4000000000000004 4 0 1.8 0 5.4 2 1.2000000000000002 2.8000000000000003 4 2.8000000000000003 0 2.2 5.2 0 0 0 0 0 0 0 0 0 0 0 0 0 0 2.2 0 0 0 0 0 1.8 0 0 0 0 0 0 0 0 0 0 0 0 0 0.2 0 0.4 0 0 0 4.2 0 0 0 0 0 0.2 0 0 0 0 0 0 0 0 0 0 0 0 0 0 0 0 0 0 0 0 0.2 18 0 0.4 10.4 0.4 4.2 0 0 0 0 0 0 0 0 0 0 0 0 0 0 0 0 0 0 0 0 0 0 0 1.6 0 2 0 0 0 0 0 0 0 0 0 0 0 2.2 
 60.400000000000006 22.400000000000002 0 23.400000000000002 25.6 4.6000000000000005 33.800000000000004 17.8 57 15.4 100.80000000000001 5.2 52.800000000000004 43.800000000000004 28.6 27.400000000000002 20.200000000000003 10 69.8 27 0 0 0 0 0 0 0.4 0 0 0 0.2 0.2 7 0 0 0 0 0.6000000000000001 0.6000000000000001 1 0 0 4.6000000000000005 0.6000000000000001 0 1.2000000000000002 0 0 0 0 0.4 0.4 0 0 0 0 0 0 0 0 0 0 0 0.4 0.4 0 0 0 0.6000000000000001 0.2 0.8 0 0.6000000000000001 0 0 0 0.6000000000000001 0 0.6000000000000001 0.6000000000000001 0 5.6000000000000005 0.2 0 0 0.2 1.2000000000000002 6.2 0 4.800000000000001 0 0 3.2 0 4.4 0 3.4000000000000004 5.4 0 3 0 0 0 0 0 3 0 0 0 0.2 0 0 0 0 0 0 0 0 0 0 0 0 0 0 0 0 0 0 0 0 0 0 0 0 0 0 0 0 0 0 0 0 0 1.6 0 0 0 0 0 0 0 0 0 0 0 0 0 0 0 0 6 0.4 2.6 2.2 4.6000000000000005 0 0 1.2000000000000002 0.2 0 6.4 2.6 2.4000000000000004 0 0 3.6 2 17.400000000000002 0 2.4000000000000004 0.2 1 0 0 0 0 0.2 0 0 0 0 0 0 0 0 0 0 0 2 1.8 0 0 0 0 0 0 0 0 0 0.2 0.2 0 0 0 1.8 0.4 0 0 0 0 0 0 0 0 0 0 0 0 0 0 0 0.2 0 0 0 0 0 0.2 0 0 0 0 0 0 0 0 0 0 17.400000000000002 0.6000000000000001 0.4 1.2000000000000002 2 0 0.4 0 0 0 0 0 0 0 0 0 0 0 0 0 0 0 0 0 0 0 0 0 2 0 0 0 0 0 0 0 0 0 0 0 0 0 
 31.8 64 23.400000000000002 0 71.60000000000001 46.800000000000004 72.60000000000001 37 23.6 34.2 32.6 32.4 28.6 24.200000000000003 40.800000000000004 63.800000000000004 20.400000000000002 29.8 12 17.400000000000002 0 15.200000000000001 0 0 0 0.6000000000000001 5.6000000000000005 0 0 0 0 0 0 0 0 0 0.4 0.6000000000000001 0.8 8.6 0 0 0 0.6000000000000001 0 0.6000000000000001 0 0 0 0 0 0 0 0 0 0 0 0.2 0 0 0 14.4 0 0 0 0 0 0 0.6000000000000001 0.4 0.6000000000000001 0 0.6000000000000001 0 0 0 0.6000000000000001 0 0.6000000000000001 0.6000000000000001 1.2000000000000002 2.8000000000000003 5 1.6 3.6 8.8 0 0.2 6.6000000000000005 2.2 5 2 0 2.2 7.2 7.2 8.6 4 0 0 0 2 0 0 0 0 0 4.4 0 0 0 0 0 0.8 0 0 0 0 3 1.8 0 0 0 0 0 0 0 0 0.2 0 0 0 0 0 0 0 0 0 0 0 0 0 0 0 0 0 0 0 0 1.4000000000000001 0 0 1 0.8 0 0.2 0 0 0 0 6.2 2.4000000000000004 6.4 0 5.800000000000001 0 0 4.4 3.2 1.8 3.2 2 0 0 4.800000000000001 5 0 4.4 0 1.8 2.2 0 0 0 0 0 3.2 1.4000000000000001 0 2.6 0 0 2.6 0 0 1.8 0 0 2.8000000000000003 4 0 0 0 0 0 0 0 0 0 0 0 0 0.2 6.4 0 0 0 0 0 0 0 0 0 0 0.2 0 0 0 0 0 0 0 0 0 0 0 0 0 0 0 0 0 0 0 0.2 0 0.6000000000000001 0 0.8 17.6 0 3.4000000000000004 8.4 0.4 0 0 0 0 0 0 0 0 1.2000000000000002 0 0 0 0 0 0 0 0 0 0 0 0 0 0.2 0 0 0 0 0 0 0 0 0 0 0 0 0 
 6.800000000000001 22.200000000000003 25.6 71.60000000000001 0 36.2 8 12 17.400000000000002 59.800000000000004 15.4 38.400000000000006 35.4 32.2 21.8 14.600000000000001 31.400000000000002 24.8 52.400000000000006 17.2 0 18.400000000000002 11.200000000000001 0 0 0 15.200000000000001 0 0.6000000000000001 0 0.2 0 0.2 5 0 44.2 0.4 0.6000000000000001 0.6000000000000001 15 0 0 0 0.6000000000000001 0.4 1 0 0 0.4 0.6000000000000001 0 0 0 0 0 0.4 0 0.8 0 0 0 0.6000000000000001 0 0 0 0 0 0 0.4 0 0 0 0.4 0 0 0 0.4 0.6000000000000001 0.6000000000000001 0.6000000000000001 0 2 0 8.200000000000001 1.2000000000000002 2 0 0 0.6000000000000001 0 5.800000000000001 6.800000000000001 0 0 5.4 2.6 2.2 12.8 0 0 2.8000000000000003 2 3 0 0 0 4.4 8 2.4000000000000004 0.2 0 0 2.2 2 4.2 1.6 0 0.2 5.2 4.4 0.2 0 0 0 2.6 0 0 0 0 0 0 0 0.4 0 0 0 0 0 0 0 0 0 0 0 0 0 0 0 0 0 0 0 0 0 0 0 0.2 0 0 0 0.2 0 0 4.6000000000000005 7.4 1.4000000000000001 0 0 1.6 0 0 3.2 0 0 12 2.4000000000000004 2.2 0 0 1.6 2.2 0 1.6 0 0 0 3.8000000000000003 7.2 1.4000000000000001 3.6 0.6000000000000001 0 0.2 0 0 0 0 0 1.8 5.2 0 0 0 1.8 0 0 0 0.2 0 0 0 0 0 2.6 0 0 0 0 0 0 0 0 0 0 0 0 0 0 0 0 0 0 0 0 0 0 0 0 0 0 0 0 0 0 0 0 1.2000000000000002 0 0.8 0.4 0.2 1.6 2 0 0 0 0 0 0 0 2 0 1.8 0 0 0 0 0 0 0 0 0 0 0 0 5.800000000000001 0 0 0 0 0 0 0 0 0 0 0 0 0 0 
 9.4 94 4.6000000000000005 46.800000000000004 36.2 0 8.4 90.60000000000001 27.6 16.8 26.8 83.60000000000001 14.4 11.4 14.600000000000001 33.2 58.400000000000006 50.400000000000006 12.200000000000001 25 18.8 7.4 29.200000000000003 0 0.4 0 27.200000000000003 15 10 0.2 0 0.4 14.4 18.8 1 4.2 0.4 0.6000000000000001 0.6000000000000001 14.8 0 0 0.2 0.6000000000000001 0 0.6000000000000001 0 0 0.4 0.6000000000000001 0 0 0.6000000000000001 0 0.6000000000000001 0.4 0 13.200000000000001 0 0 0.8 6 0 0 10.8 0 0 0.6000000000000001 0.6000000000000001 0.4 0.6000000000000001 0 0.6000000000000001 0 0 0 0.6000000000000001 0 0.6000000000000001 0.6000000000000001 0 0 0 0 3.4000000000000004 5.800000000000001 0 0 0.2 0 0.4 2.2 0 0 0 0 0.2 1.8 0.2 0 7.4 5.4 3.8000000000000003 0 0 0 3.8000000000000003 3.8000000000000003 0.8 0.2 0.4 0 2.6 0 2.6 0 3 6.2 4.4 0 0 0 0 0 0 0 0 0 0 0 0 0 0 0 0 0 0 3.8000000000000003 0 0 0.4 0 0 0 0 0 0 0 0 0 0 0 2 0 1.6 0 0 0 0 0 0.2 0 0.2 2.2 0.2 5.800000000000001 0 0 0.4 0 6.2 0 0 0 0 0 2.2 0 0 0 5.2 3.6 1.4000000000000001 0 0 0 1.6 2.4000000000000004 2 1.6 2.2 2 1.6 6.2 10.4 3.2 0 0 3.8000000000000003 1.4000000000000001 0 0 0.2 0 0 0 0 0 0 0.4 0 0 0 0 0 0 0 0 0 0 0 0 0 0 0 0 0 0 0 0 0 0 0 0 0 0 0 0.4 0 0 0 3.2 0 0 0 1.4000000000000001 16.8 0 0.2 0.6000000000000001 2.8000000000000003 4 0.2 0 0 0 0 0 0.4 0 2.6 0 0 0 0 0 0 0 0 0 0 0 0 0 0 4 0 0 0 0 0 2 0 0 0 0 0 0 0 0 
 49.400000000000006 100 33.800000000000004 72.60000000000001 8 8.4 0 49.800000000000004 73.60000000000001 11 8.4 8.6 37.2 42.400000000000006 14.4 10.200000000000001 9 10.4 45.2 29.6 0 0.2 0 0 0.4 0 0.4 0 0 0 0 0.4 0 15 0 0 0 0.6000000000000001 0.6000000000000001 0 0.2 0 12.600000000000001 0.6000000000000001 0 0.6000000000000001 0 0 0 0 0 0 0 0 0 0.6000000000000001 0 0.2 0 0 0 0 0 0 0 0 0 0 0.4 0 0 0 0.4 0 0 0 0.6000000000000001 0 0.6000000000000001 0.6000000000000001 2.2 11.4 0 2.2 5.800000000000001 0 7.2 7.2 9 4.6000000000000005 2.4000000000000004 3 5.800000000000001 2 6 0 4.2 0 2.4000000000000004 10.600000000000001 0 0 0 0 0 0 0 0 0 0.4 0 0 0 0 0 0 0 0 0 0 0 0 0 0 0 0 0 0 0 0 0 0 0 0 0 0 0 0 0 0 0.4 3.6 0 0 0 0 0 0 0 1.8 0 0 0 1 0 0 0 0 0 0 2.8000000000000003 3.2 10 0 0 1.2000000000000002 0 0 2.8000000000000003 6.6000000000000005 4 1.8 5 0.4 7.4 3.2 0 4 5.4 4.2 0.4 0 0 0 0 0 0 0 0 0 0 0 0 0 0 0 0 0 0.6000000000000001 0 0 0 1.2000000000000002 0 0 0 0 0 0 0.4 0 0 0 0 2.2 0.2 0 0 0 0 0 0 0 0 0 0 0 0 0 0 0 0 0 0 0 0 0 0 0 0 0 0 0 0 0 0 18.8 0.4 0 18 0 2.2 0 0 0 0 0 0 0 0 0 0 0 0 0 0 0 0 0 0 0 0 0 0 0 4 0 0.2 0 0 0 0 0 0 0 0 0 0 0 0 
 28 53.400000000000006 17.8 37 12 90.60000000000001 49.800000000000004 0 32.800000000000004 10.600000000000001 41.400000000000006 47.6 78.80000000000001 16 31 29.400000000000002 8.6 109.60000000000001 13.4 84.2 0 0 0 0 0 0 0.4 0 0.2 0 0.2 0.4 0 0 0 0.4 0.8 0.6000000000000001 0.6000000000000001 0 0 0 0.2 0.6000000000000001 0 0.6000000000000001 0 0 0 0 0 0 0 0 0 0.6000000000000001 0 0.2 0 0 0 0.2 0 0 0 0 0 0 0.6000000000000001 0.2 0.4 0 1.8 0 0 0 0.6000000000000001 0 0.6000000000000001 1.2000000000000002 6.2 1.4000000000000001 6 5.4 4.800000000000001 3.6 2 2.4000000000000004 2.8000000000000003 2 3 0 0.2 7.6000000000000005 0 3.6 3 3.2 2 1.8 0 0 0 0 0 0 0 0 0 0 0 0 1.8 0 0 0 0 0 2.2 0 0 0 0 0 0 0.4 0 0 0 0 0 0 0 0 0 0 0 0 0 0 0 0 0 0 0 0 0.6000000000000001 0 0 1.4000000000000001 0 0 0 1.2000000000000002 0 0 0 0 0 0 2.2 2.8000000000000003 3 0 0 0 1.6 8 14.200000000000001 2 2 0 2.4000000000000004 2.8000000000000003 6.4 5 4.6000000000000005 0 0.2 2.6 0 0 0 0 0 0 0 0 0 0 0 0.2 0 0.2 3.4000000000000004 0 0 0 2 0 0 0 0 0 0 0 0.4 0 0.4 0 0 0 0 0 0 0 0 0 0 0 0 0 0 0 0 0 0 0 0 0 0 0 0 0 0 0 0 0 0 0 0 0 0 0 0 0 0.6000000000000001 0 0.4 0 0 1 0 0.2 0 0 0 0 0 0 0 0 0 0 0 0 0 0 0 0 0 0 0 0 0 0 0 0 0 0 0 0 0 0 0 0 0 0 0 0 
 8.6 33.2 57 23.6 17.400000000000002 27.6 73.60000000000001 32.800000000000004 0 47.2 50.800000000000004 5.6000000000000005 43.2 39.2 51.6 49.400000000000006 29.8 60.800000000000004 53 51.400000000000006 0 0 0 0 0 0 0.4 0 0 0 0 0 0.4 41.400000000000006 0 0 0 0.6000000000000001 0.6000000000000001 0 0 0 0 0.6000000000000001 0 0.6000000000000001 0 12.4 0.4 11.200000000000001 0 0 0 0 0 0.4 0 0.2 0 0 0 6.2 0 0 0 0 0 0 0.4 0 0 0 2 0 0 0 0.4 0 0.6000000000000001 0.4 5.2 1.8 1.2000000000000002 3.8000000000000003 12.200000000000001 3.2 1.6 2 1.8 8 6.6000000000000005 4 0 3.6 0 0 3.8000000000000003 1 3 2 0 0 0 0 0 0 2.2 0 0 0.2 0 0 0 0 0 0 0 0 0 0 0 0 0 0 0 0 0 0 0 0 0 0 0 0 0 0 0 0 0 0 0 0 0 0 0 0 0.4 0 0 1.2000000000000002 0 0 0 1.8 0 0 0 0 0 0 4.2 3.2 2.4000000000000004 1.4000000000000001 2 2 0 2.4000000000000004 2 1.4000000000000001 2.2 0.2 2.8000000000000003 3.6 7.4 2 0 0 1.2000000000000002 1.6 0 0 0 0 0 0 0 0 0 0 0.2 0 0 0.2 0 0 0 0 2 0 0 0 0 0 0 0 0 0 0 0 0 0 0 0 4.6000000000000005 0 0 0 0 0 0 0 0 0 0 0 0 0 0 0 0 0 0 0 0 2.8000000000000003 0 0 0 0 0 2.8000000000000003 1.2000000000000002 0 0 0 0.4 0.4 0.8 0.6000000000000001 0 2.2 0 0.8 0 0 0 0 0 0 0 0 0.2 0 0 0 0 0 0 0 0 0 0 0 0 0 0 0 0 0 0 0 0 0 0 0 0 0 0 0 
 59.6 89.60000000000001 15.4 34.2 59.800000000000004 16.8 11 10.600000000000001 47.2 0 60 27.8 35.800000000000004 27.400000000000002 48 19 27.400000000000002 27.400000000000002 12.8 34.2 0 0 0 0 0 0 0.6000000000000001 41.2 0 0 0 0 15 0 0 0 0 0.6000000000000001 7.6000000000000005 14.600000000000001 0 0 0 0.6000000000000001 0 0.6000000000000001 0 0 0.4 0 0 0 0 0 0 0.2 0 0.2 0 0 0 10 0 0 0 0 0 0 0.6000000000000001 0 0.2 0 0.6000000000000001 0 0 0 0.4 0 0.6000000000000001 0.6000000000000001 2.8000000000000003 2.4000000000000004 0.2 0.2 4.2 1.4000000000000001 0 6.4 3.2 10.200000000000001 7.800000000000001 3 0 7 3.2 5.2 1.6 5.2 2.2 2.8000000000000003 2.8000000000000003 0 0 0 2.2 0 0 0 0 0 0 0 1.6 0 0 0 0 0 2.6 3.8000000000000003 0 0 0 0 0 0 0 0 0 0.4 0 0 0 0 0 0 0 0 0 0 0 0 0 0 0 0 0 0.2 0 0 0 0 0 0 0 0 0 0 0 0 0.4 3 6.6000000000000005 0.4 1.8 2.8000000000000003 0 0.2 0 8.4 8 2.4000000000000004 0 0.4 4.2 2 2.2 3 2.8000000000000003 0 0 0 0 0 0 0 2.2 0 0 0 0 0 3.8000000000000003 0 0 0 0 0 0.4 0 0 0 0 0.2 0 0 0 0 0 0 0 0 1.6 3.8000000000000003 0 0 0 0 0 0 0 0 0 0 0 0.4 0 0 0 0 0.4 0 0 0 0 0 0 0 0 0 0 3 0 0 0 0 36 0 0 17.8 0 2.6 0 0 0 0 0 0 0 0 0 0 0 0 0 0 0 0 0 0 0 0 0 0 0 1.4000000000000001 1 1.6 0 0 0 0 0 0 0 0 0 0 0 0 
 34.2 96.60000000000001 100.80000000000001 32.6 15.4 26.8 8.4 41.400000000000006 50.800000000000004 60 0 14.600000000000001 7.2 23.400000000000002 13.200000000000001 39.6 41.2 49.400000000000006 42.6 42 15.4 15 0 0.4 15 0 19.400000000000002 0.8 0 0 0 0 15.200000000000001 0 0 41.800000000000004 0 0.6000000000000001 9 14.4 0 0 0.2 0.6000000000000001 0 0.6000000000000001 0 0 0.4 0 0 0 0 0 0 0 0 0.2 0 0 0 0 0 0 0 0.4 0 0 0.6000000000000001 0.4 0.6000000000000001 0 0.6000000000000001 0 0 0 0.6000000000000001 0 0.6000000000000001 0.6000000000000001 0.6000000000000001 0 0 3.2 6.6000000000000005 5.2 0 2.8000000000000003 2.4000000000000004 0.2 6 0 0 0.2 1.2000000000000002 5 0.2 3.8000000000000003 0.2 0.2 2.4000000000000004 0 0 0 0 0 0 0.2 0 3 0 0 2 0 2.8000000000000003 0 0 0 9.600000000000001 0 0 0 0 0 0 0 0 0 0 0 0 0 0 0 0 0 0 0 0 0 0 0 0 0 0 0 0 0 0 0 0 0 0 0 0 0 0 0 0 0 10.4 0 3.8000000000000003 2 2.6 0 0 2.2 3.6 4.6000000000000005 5.6000000000000005 0.2 0 3.6 8.200000000000001 0 4.6000000000000005 7 3.6 2 2 0 0 0 0 0 0 1.4000000000000001 0 0 0 0 4 2 10.4 2.4000000000000004 0 2.2 10 0 0 0 0.2 0 0 0 0 0 0 0 0 0 0 0 0 0 0 0 0 0 0 0 0 0 0 0 0 0 0 0 0 0 2 0 0 0 0 0.4 0 0 0 0 0 0 0 0.6000000000000001 17.8 0.4 9.4 0 0 2.2 0 0 0 0 0 0 0 0 0 0 1.8 0 0 0 0 0 0 0.2 0 0 0 0 0 1.4000000000000001 0 1.8 0 0 0 0 0 0 0 0 0 0 0 0 
 8.4 8 5.2 32.4 38.400000000000006 83.60000000000001 8.6 47.6 5.6000000000000005 27.8 14.600000000000001 0 16.400000000000002 6 67.8 14.600000000000001 50.2 34.4 9.200000000000001 50 15 0 0 0.6000000000000001 0 0 31.200000000000003 22 0 0 0.4 0 14.8 14.4 0.6000000000000001 0 0.2 0.6000000000000001 8.200000000000001 0.2 0.4 0 0 0.6000000000000001 0 0.6000000000000001 0 0 0.2 0 0 0 0.2 0 0 0.4 0 18 0 0.4 0 0 0 0 10.4 0.4 0.4 0 0.4 0 0 0 0.8 0 2.2 0.6000000000000001 0.4 0 0.6000000000000001 0.4 0 4.6000000000000005 0 0 4 0 0 0 0 0 4.4 2.6 0 1.6 0 0 0 0.8 1.4000000000000001 0 7.6000000000000005 0.2 13 2.4000000000000004 0 0 6.2 4.6000000000000005 3.4000000000000004 2 0 0 3.4000000000000004 5.4 3.4000000000000004 1.6 0 3.2 2.8000000000000003 0 0 0 0 0 0 0 0 0 0.4 0 0 6.2 0 0 0 0 0 0.2 0 0 0 0 0 0 2.8000000000000003 0 0 0 0 0 0 0 0 0 0 0.4 0 0 0 0 0 0 0 5.6000000000000005 0.2 6.6000000000000005 0 0 0 0 0 2.8000000000000003 0 0 0 0 2.4000000000000004 1.6 0 0 8.8 0.2 0 0 0 0 0 1.8 6.800000000000001 4.2 2.8000000000000003 0.2 7 2 3.4000000000000004 0 0 0 3 0 0 0 0 0 0 0 0 0 0 0 0 0 0.4 0 0 0 0 0 0 0 0 0 0 0 0.4 0 0 0 0 0 0 0 0 0 0 0 0 0 0 0 0 2.4000000000000004 0 0 0.4 1.6 24.400000000000002 0 0 0.4 3.6 2 3 0 0 0 0 0 0 0 0 0 0 0 0 0.4 0 0 0 0 0 0 0 0 0 2.4000000000000004 0 0 0 0 0 0.2 0 0 0 0 0 0 0 0 
 70.4 43.400000000000006 52.800000000000004 28.6 35.4 14.4 37.2 78.80000000000001 43.2 35.800000000000004 7.2 16.400000000000002 0 13.600000000000001 32.2 26.400000000000002 9.8 65.2 95.80000000000001 13.8 0.6000000000000001 0 0 5.800000000000001 1 0.2 0.6000000000000001 6.6000000000000005 0 0 5 0 0 0 0.6000000000000001 0.2 15 0.6000000000000001 0.6000000000000001 0 0 0 0 0.6000000000000001 0 0.8 0 0 12.600000000000001 0 0.4 0 0 0 0 0 0 0.6000000000000001 0 0 0 0 0 0 0 0 0.4 0 0.6000000000000001 0.2 0.4 0 0.6000000000000001 0 0 0 0.6000000000000001 0 0.6000000000000001 0.6000000000000001 4.4 4 3.6 5.2 8.200000000000001 0 1.8 0 2.2 3.2 2.2 0 4 5.6000000000000005 0.2 0 2.4000000000000004 0.2 6.2 2.4000000000000004 0 0 0.2 0 0 0 0 0 0 0 0 0 0 0 0 0.2 0 0 0 0 0 0 0 0 0 0.2 0 0 0 0 0 0 0 0 0 0 0 0 0 0 0 0 0 0 0 0 2.4000000000000004 0 0 1 0 0 0 0.8 0 0 0 0 0 0 2.4000000000000004 2 0 0 0 0.4 0 1.4000000000000001 2 0 1.6 0 2.4000000000000004 0.8 4 2.8000000000000003 0 1 0 0 0 0 0 0 0 0 0 0 0 0 0 0 0 0 0 0 0 0 2.4000000000000004 0 0 2.6 0 0 0 0 0 0 0 0 0 0 0 0 0 0 0 0 0 0 0 0 0 0 0 0 0 0 0 0 0 0 0 0 0 0 0.2 0 0.2 0 0 0 0 0 0 0.6000000000000001 0.2 0 0 0.4 0 2.8000000000000003 0 0 0.4 0 0 0 4.4 0 0.4 0 0 0 0 0 0 0 0 0 0 0 0 0 0 0 0 0 0 0 0 0 0 0 0 0 0 0 0 0 
 105 27.6 43.800000000000004 24.200000000000003 32.2 11.4 42.400000000000006 16 39.2 27.400000000000002 23.400000000000002 6 13.600000000000001 0 21.200000000000003 28.6 42.6 26.6 15.200000000000001 19.400000000000002 0 0 0 0 0 0 0.4 0 0 0 0 0 0 14 0 0 0.4 0.6000000000000001 0.6000000000000001 0 0 0 0 0.6000000000000001 0 0.6000000000000001 0 0 0 0 0 0 0 0 0 0.2 0 0.6000000000000001 0 0 0 0 0 0 0 0 0 0 0.6000000000000001 0 0.2 0 0.6000000000000001 0 0 0 0.4 0 0.6000000000000001 0.6000000000000001 0 0 0 2.6 4.4 2.6 0.2 6.6000000000000005 6 4.800000000000001 1.8 3 4.6000000000000005 1.2000000000000002 9.200000000000001 2.6 2.6 0.6000000000000001 0 2.8000000000000003 0 0 0 0 0 0 1.8 0 0 0 0 0 0 0 0 0 0 0 2.6 0.2 0 4 0 0 0 0 0 0 0 0 0 0 0 0 0 0 0 0 0 0 0 0 0 0 0 0 5 0 0 0 0 0 0 0 3 0 0 0 0 0 0.4 3.6 0.2 0.2 2.4000000000000004 1.8 0.2 0 0.2 8 0 4.6000000000000005 1.8 2 5.800000000000001 0 0.6000000000000001 0 2.8000000000000003 7.2 0 0 0 0 0 0 2 0 0 0 0 0 0 0 0 0 0 0 0.6000000000000001 0 0 0 5.2 0 0 0 0 0 0 0 0 0 0 0 0 0 0 0 0 0 0 0 0 0 0 0 0 0 0 0 0 0 0 0 0 0 0 0 0 0 0 0 0 0 0 0.4 0 0 0.2 18 0.2 2.8000000000000003 0 0 0 0 0 0 0 0 0 0 3 0 0 0 0 0 0 0 0 0 0 0 0 0 2.4000000000000004 0 0 0 0 0 0 0 0 0 0 0 0 0 
 68.60000000000001 78 28.6 40.800000000000004 21.8 14.600000000000001 14.4 31 51.6 48 13.200000000000001 67.8 32.2 21.200000000000003 0 17.400000000000002 78.2 28 13 24 0 0 0 0 0 0 0.4 0 0 0 0 0 0 0 0 0.8 0.2 0.6000000000000001 0.6000000000000001 15 0 0 0.2 0.6000000000000001 0 0.6000000000000001 0 0 1.8 0.4 0 12.8 0 0 0 0.8 0 0.6000000000000001 0 0 0 7 0 0 5.2 0 0 0 0.4 0 0 0 0.4 0 0 0 0.4 0 0.6000000000000001 0.8 7.6000000000000005 2.8000000000000003 2.2 5 6.6000000000000005 2 0 5.800000000000001 1.8 7.6000000000000005 5.6000000000000005 6.2 0 5.2 4.4 2.6 2 2.8000000000000003 2.8000000000000003 3 0 0.4 0 0 0 0 0 0.2 0 2.4000000000000004 0 0 0 0 0 0 0 0 0.2 1.4000000000000001 0 0 0 0 0 0 2.6 0 0.4 0 0 0 0 0 0 0 0 0.2 0 0 0 0 0 0.4 0 0 5.4 0 0 0 0 0 0 0 0 0.2 0 0 0 0 1.2000000000000002 6 6.6000000000000005 1.8 4.2 0 1.6 6 3 11.200000000000001 0 4 0 5.2 4.4 2.2 4.2 0.4 4.6000000000000005 3.4000000000000004 0 0 0 4.2 0 0 2.4000000000000004 0 0 0 0 0 3.8000000000000003 0.2 2.6 0 0 0 0.4 0.2 0.2 0 0 0 0 0 0 0 0 0 0 0 0.4 11.200000000000001 0 0 0 0 2 0 0 0 0 3.4000000000000004 0.4 0 0 0 0 0 0 0 0 0 0 0 0 0 0 0 0 0 0 0 0.4 0.4 0 0.4 0 17.8 0.4 1.2000000000000002 0 0 0 0 0.2 0 0 0 0 0 0 0 0 0 0 0 0 0 0 0 0 0 0 0 0.2 0 0 0 0 0 0 0 0 0 0 0 0 0 
 21.8 41.2 27.400000000000002 63.800000000000004 14.600000000000001 33.2 10.200000000000001 29.400000000000002 49.400000000000006 19 39.6 14.600000000000001 26.400000000000002 28.6 17.400000000000002 0 51.6 47.6 12.8 97.80000000000001 0 0 0 1.2000000000000002 1 0 0.4 0.4 0 0 0 0 14.8 0 1.2000000000000002 0 0 0.6000000000000001 0.6000000000000001 0 0 0 0 0.6000000000000001 0 0.6000000000000001 0 0 0 0 0 0 0 0 0 0 0 0.6000000000000001 0 0 0 0 0 0 0 0 0.8 0 0.6000000000000001 0.4 0.6000000000000001 0 1.2000000000000002 9.8 0 0 2 0 1.8 1.2000000000000002 7.6000000000000005 0 4 10.4 5.2 5 0 2.8000000000000003 1 0 6.2 6.4 0 0 3.6 4.4 4.2 0 0 0.2 0 0 0 0 0 0 1.4000000000000001 0 0 0 0 0 0 0 0 0 0 0 3.4000000000000004 0 0 0 0 0 0 0 0 0 0 0 0 0 0 0 0 0 0 0 0 0 2.4000000000000004 0 0 0 0 0 1 0 0 6.4 0 0 0 1 0 0 0 0 0 0 6.6000000000000005 0.6000000000000001 1.6 2 3.4000000000000004 0 0 1.2000000000000002 6 2 7.2 0 0.2 9.600000000000001 2.4000000000000004 3.6 0 2 0 10 2.6 0 0 0.2 0 0 0 0 0 0 0 0 0 0 3.2 0 0 0 0.8 0.4 0 0 0 0 0 0 0 0 0 0 0 0 0 0.2 0 0 0 0 0 0 0 0 0 0 0 0 0 0 0 0 0 0 0 0 0.2 0 0 0 0 0 0 0 0 0 0 0 0.2 0.2 9 0 0 0.2 0 0 0 0 0 0 0 0 0 0 1.2000000000000002 0 0 0 0 0 0 0 0 0 0 0 0 0 0 0 0 0 0 0 0 0 0 0 0 0 0 0 
 6 70.2 20.200000000000003 20.400000000000002 31.400000000000002 58.400000000000006 9 8.6 29.8 27.400000000000002 41.2 50.2 9.8 42.6 78.2 51.6 0 44.6 25.400000000000002 27.6 0 0.4 0 0 0.6000000000000001 0.2 2.8000000000000003 0 0 0 0 0 0 0 0.6000000000000001 0 0.2 0.8 6 13 0 0 0 0.6000000000000001 0 0.6000000000000001 0.6000000000000001 0 0 0 0 0.6000000000000001 0 0 10 0.8 0 0.6000000000000001 0 0 0 0 0 16 0.4 0 0 0 0.6000000000000001 10.4 0.2 0 0.6000000000000001 0 0 0.2 0.4 0 0.6000000000000001 0.6000000000000001 0 3 3.2 0 0 0.4 0 0 5.2 2.2 0 0.2 0 0 11.200000000000001 0 8.4 11 0 0 2.8000000000000003 0.4 0 0 0 0 0 0 0 0.2 0 0 2.6 2.2 0.6000000000000001 2 0 0 0 0 0 0 0 0 0 0 0 0 0.4 0 0 0 1.8 0 0.4 0 0 0.2 0 0 0 0 0 0 0 0 1 0 0 2 0 0.2 0 0.4 0 0 0 0 0 0 5.6000000000000005 4.2 2.6 0 2.6 3.4000000000000004 0 8.6 0.2 0.4 10 2.8000000000000003 0 6.6000000000000005 0 4.4 2 5 0 7.4 0.6000000000000001 0 0 0 0 0 0 0 0 0 0 0 0 0 0 0 0 0 2 5.2 0.4 0 0 0 0 0 0 0 0 0 0 0 0.4 2.2 0.2 0 0 0 0 0 0 0 0 0 0.4 0 0 0 0 0 0 0 0 0 0 0 0 0 0 0 0 2.8000000000000003 0 0 0 0 18.400000000000002 0.2 17.2 25 0.2 2.2 2 0 0 0 0 0 0 0 0 0 0 0 0 0 0 0 0 0 0 0 0 0.4 0 0 3.6 0 0 0 0 0 0 0 0 0 0 0 0 0 
 57.400000000000006 6.6000000000000005 10 29.8 24.8 50.400000000000006 10.4 109.60000000000001 60.800000000000004 27.400000000000002 49.400000000000006 34.4 65.2 26.6 28 47.6 44.6 0 5.2 5.4 5.800000000000001 0 0 0 0 0 12.8 0.2 0.4 0 0 0 0 0 0 0.2 0 0.6000000000000001 0.6000000000000001 0.4 0 0 0 0.6000000000000001 0 0.6000000000000001 0 0 0 0 0 0 0 0 0 0.2 0 0.2 0 0 0 0 7.2 0 0 0 0 0 0.6000000000000001 0 0.2 0 0.6000000000000001 0 0 0 0.4 0 0.6000000000000001 0.6000000000000001 2.2 1.2000000000000002 0 5.2 3 16.8 0 5.4 2.6 2.4000000000000004 4 6.2 0 1 3.2 8.6 12.200000000000001 2.4000000000000004 0 0 3.4000000000000004 0 0 0 0 0 1.8 4 0 0 0 0 2.8000000000000003 0 0 0 0 0 2.2 0.2 0 0 0 0 0 0 0 0 0 0 0 0 0 0 0 0 0 0 0 0 0 0 0 0 0 0 0 0 0 1.8 0 0 0 1 0 0 0 0 0 0 0 2.2 11.4 2 3 3.2 0 0 2.6 5.800000000000001 12.200000000000001 3.6 0 0 0.4 0 5.6000000000000005 0 0 3.6 1 0 0 0 0 0 0.4 1 0 0 0 0 2.2 0 0 2.2 0 0 7.4 0 0 0 0 0 0 0 0 0 0 0 0 0 0 0 0 0 0 0 0 0 0 0 0 0 0 0 0 0 0 0 0 0.4 0 0 0 0 0 0 0 0 0 0 0 0 0 0 23.400000000000002 0 0.8 0 0 0.8 0 0 0 0 0 0 0 0 0 0 0 0 0 0 0 0 0 0 0 0 0 0 0 8.8 3.6 0 0 0 0 0 0 0 0 0 0 0 0 0 
 8.4 8.200000000000001 69.8 12 52.400000000000006 12.200000000000001 45.2 13.4 53 12.8 42.6 9.200000000000001 95.80000000000001 15.200000000000001 13 12.8 25.400000000000002 5.2 0 54.2 0 0 0.2 0 0 0.4 0.6000000000000001 0 0 0 0 0 0.8 40.2 0 0 7 0.6000000000000001 19.6 0 0 0 12.600000000000001 0.6000000000000001 0 0.8 0 0 0 0 0 0 0 0 0 0.4 0 0 12 0 0 0 0 0 0 0 0 0 0.4 0 0 0 9.600000000000001 0 0 0 0.4 0 0.6000000000000001 0.4 2 4.2 0 0 0 0.2 1.8 5.800000000000001 0 0 0 0 10.4 0 3.4000000000000004 0 0 0 0.8 3.8000000000000003 0 0 0 0 0 0 0 0 0 0 0 0 0 0 0 0 0 0 0 0 0 0 0 0 0 0 0 0 0 0 0 0 0 0 0 0 0 0 0 0 0 0.2 0.2 6.4 0 0 0 0 0.4 0 0 0 0 0 0 0 0 0 0.2 0 3.6 5.4 0 2.2 2.2 4 3.2 0 0.2 0.2 3.6 0 0.4 3.8000000000000003 0 1 0 4.4 0 2.2 0 0 0 0 0 0 0 0 0 0 0 0 0 0 0 0 0.4 0 0 0 0 0 0 0 0 0 0 0 0 0 0 0 0 0 1.8 0 0 0 0 0 0 0 0 0 0 0 0 0 0 0 0 0 0 0 0 0 0 0 0 0 0 0 0 0 0 0.2 0 0.2 9.200000000000001 0.4 0 2.6 0 0 0 0 0 0 0 0 0 0 0 0 0 0 0 0 0 0 0 0 0 0 0 0 0 0 0 0 0 0 0 0 0 0 0 0 0 0 
 7.800000000000001 26.8 27 17.400000000000002 17.2 25 29.6 84.2 51.400000000000006 34.2 42 50 13.8 19.400000000000002 24 97.80000000000001 27.6 5.4 54.2 0 0 0 0.2 0 0 0 0.8 0 0 0 0 0 0.4 0.2 0.4 0 0 0.6000000000000001 0.6000000000000001 0 0 0 13.200000000000001 0.6000000000000001 1 0.6000000000000001 0 0 0 0 0 0 0.4 0 0.8 0 0 0 0 0 0.4 0 0.6000000000000001 0.8 0 0 0 0 0.6000000000000001 0.4 0.6000000000000001 0 1.4000000000000001 0 0 0 0.6000000000000001 0 0.6000000000000001 0.8 0 1.2000000000000002 3.4000000000000004 0 2.8000000000000003 0 1.6 5.800000000000001 3 0 0.2 0 17.2 0.4 5.2 0 0 0 0.6000000000000001 7.2 0 0 0 0 0 0 0 0 0 0 0 0 0 0 0 0 0 0 0 1.8 0 0 0 0 0 0 0 0 0 0 0 0 0 0 0 0 0 0 0 0 0.2 0 0 0.2 0 0 0 0 0 0 0 0 0 0 0 0 0 0 0 0 14.4 9.4 3.2 1.8 0 4.800000000000001 3 0 0.2 0 2.6 0 8.4 4.6000000000000005 2.8000000000000003 2 0 4.800000000000001 2 1.8 0 0 0 0 0 0 0 0 0 0 0 0 0 0 0 0 0 0 0 0 0 0 0.4 0 0 0 0 0 0 0.2 0 0 0 0 1.6 0 0 0 0 0 0 0 0 0 0 0 0 0 0 0 0 0 0 0 2.6 0 0 0.2 0 0 0 0 0 0 0 0 0.4 0.2 17.6 0.2 0 3 0 0 0 0 0 0 0 0 0 0 2 0 0 0 0 0 0 0.4 0 0 0 0 0 0 0 0 0 0 0 0 0 0 0 0 0 0 0 0 
 0.6000000000000001 0.4 0 0 0 18.8 0 0 0 0 15.4 15 0.6000000000000001 0 0 0 0 5.800000000000001 0 0 0 20.6 62.6 9.4 10.8 24 15.600000000000001 34.6 23 6.4 40.2 7.800000000000001 19.6 17.2 54.6 35.6 24.8 21.6 6.6000000000000005 18.8 0.4 0 0 0 0.6000000000000001 0.8 1.2000000000000002 0 0.8 1.2000000000000002 0.8 0 0.4 1 0 0 0 0.4 0.4 0 0 0 0 0.4 0 0 0.4 0 0 0 0 0 0 0 0 0.6000000000000001 0 1 0.6000000000000001 0 0 2.6 0 0 2.4000000000000004 4.2 0 0 0 0 0.2 2.2 0 0 0 0 0 0 2 2.2 5.2 2 2 2 5.2 3 1.4000000000000001 8.4 2 0.2 0.2 2.8000000000000003 6 1.6 1.6 0.6000000000000001 7.4 7.2 8 0.2 0 0 0 0 0 0 0.2 0 0 0 0 0 1.6 0 0 0 0 0 0 0 0 0 0 0 0 0 0 4.4 0 0 0 0 0.4 0 0.2 0 0 0 0 0.2 0 0 0 1.8 0.2 0 0 0 0 0 4 0.4 0.4 0 0 0 1.8 0 0 0 1 15 4.2 2.8000000000000003 1.8 0 7 0.8 2.6 5.2 0 5.6000000000000005 2 2.4000000000000004 2.2 2 2.8000000000000003 3.8000000000000003 4.2 0.4 0.6000000000000001 0 0 0 0 0 0 0 0 0 0 0 1 0 0 0 0 0 3 14 0 0 0 0 0 0 2.6 0 0 0 0.4 0 0 0 0 0 0 0 1.2000000000000002 3 0 0 0 0 0 0 0 0 0 0 0 0 0 0 2.6 0 0.4 0 0.2 0 0 0 0 0 0 0 0 0 0 1.6 0 0 0 0 0 4.2 0 0 0 0 0 3.6 0 0 0 0 0 0 0 1.4000000000000001 
 0 0 0 15.200000000000001 18.400000000000002 7.4 0.2 0 0 0 15 0 0 0 0 0 0.4 0 0 0 20.6 0 53.2 31.400000000000002 111.4 24 46.6 38.800000000000004 21.8 25.200000000000003 8.200000000000001 30.400000000000002 31.200000000000003 38.400000000000006 27.400000000000002 9.8 10.4 30 24.6 72.2 13 0 0 0 0 0.4 0 0 0.8 0.6000000000000001 0.2 0 14.200000000000001 0.4 0 0 0 0.4 0 0 0 0 0.6000000000000001 0.4 0 0 0 0 0 0 0 0 0 0 0 0 0 0.6000000000000001 0 0 0 0 0 0 0 4.2 0 0 0.4 0 0 0 0 0 0 0 0 0 0 0 4.4 3.6 0.2 0.2 5.800000000000001 0.4 0 0 1.8 3.4000000000000004 3.8000000000000003 1.6 0 4.2 4.4 3 0 0 0 1.8 0 0 0 0 0 0 2.6 0 0 0 0 0 5.4 0 3.6 0 0 0 2.8000000000000003 6.4 0 0 0 0 0 0 0 0 1.2000000000000002 0 0 0 1.4000000000000001 0 0 0 1.8 0 0 0 0 0 0 0 0 0.2 0 0 0 0 5.6000000000000005 0.2 0 0 0 0 0 0 0 0 3.4000000000000004 0.2 6.4 0 2.8000000000000003 3 6 3.4000000000000004 3.8000000000000003 3.6 2.2 8.4 0 0 2.4000000000000004 8.6 4 6.4 4.2 3.2 0 0 0 0 4 0 0.6000000000000001 0 0 0.2 0 0 0 0 0 0 0 0 3.2 2.4000000000000004 0 0 0 0 0 0.4 0 0 0 0 0 0 0 0 0 0 0 0 0 0 0 0 0 0 0 0 0 0 0 0 0 0 15.4 0 1.4000000000000001 0.2 0.4 11.600000000000001 0 1.2000000000000002 18.8 0 0 0 0 0 0.2 0 0 0 0 0 0 0 0 0 0 0 0 0 0 0 0 0 0 2 0 0 0 0 
 0 0 0 0 11.200000000000001 29.200000000000003 0 0 0 0 0 0 0 0 0 0 0 0 0.2 0.2 62.6 53.2 0 58.400000000000006 10.600000000000001 10.200000000000001 15.4 34.6 26.400000000000002 27 130.4 13.200000000000001 30.6 17.6 29.6 88.80000000000001 65.8 25 25.200000000000003 16.8 0.4 0 0 0 1 14.200000000000001 0 0 0.4 0.6000000000000001 0 0 0.4 2.8000000000000003 0 0 0 0.2 0.2 0 0 0 0 0.4 0 0 0 0 0 0 1.4000000000000001 0 0 0 0 0 0 0.6000000000000001 0 0 0 0 0 0 0 0.8 0 1 0 0 0 0.2 0 0 0 0 0 0 0 0 0 11.200000000000001 2.6 0 4.6000000000000005 0 0 6 6.800000000000001 1.8 7.2 3.2 2.6 3 7.2 3.8000000000000003 6.4 9.4 0 9 0 0 0 0 0 0 0 0 0 0 0 0 0 0 0 0 0 1.6 0 0.6000000000000001 0 0 0 0 0 0 0 0 0 0 0 0 0 0 0.2 0 0 0 0 0 0 0 0 0 0 1.8 0 0 0 0 0 2 0 0 0 0 0 0 0 0 0 14.200000000000001 2.2 3.2 0 0 10.8 3.2 0 11 5.4 3.2 0 2.8000000000000003 0 2.4000000000000004 2 1 2 5.800000000000001 0 0 0 0 0 0 0 0 0 0 0 0 0.2 0 0 0 0 0 0 0.2 0 0 0 0 0 0 0 0 0 0 0 0 0 0 0 0 0 3.2 0 0 0 0 0 0 0 0 0 0 0 0 0 0 0 0 0.6000000000000001 0 0.4 0 0 0 2.6 0.4 0 0 0 0 0.2 0 0 0 0 0 0 0 0 0 0 0 0 1.2000000000000002 0 3.2 0 0 0 0 0 0 0 0 
 0 0 0 0 0 0 0 0 0 0 0.4 0.6000000000000001 5.800000000000001 0 0 1.2000000000000002 0 0 0 0 9.4 31.400000000000002 58.400000000000006 0 101.4 38.800000000000004 15.600000000000001 28.200000000000003 29.8 45.2 63.6 56.400000000000006 12.4 18.2 18 33 74.2 28.6 14.600000000000001 72.60000000000001 0.4 0 0 0 0 0.4 12.4 0 0.6000000000000001 1.8 0 0 0.6000000000000001 12.600000000000001 0 0 0 0.6000000000000001 25.6 1.4000000000000001 0 0 0 0.4 0 0 10 0 0 0 0 0 0.4 0 0 0 0 0.6000000000000001 1 0 0 0.2 0 0 0 0 0 0.2 0 0 0 0 0 0 0 0.2 0 0 0 0 0 0 1.2000000000000002 0.2 1 10.4 0 0.2 0 3.2 0 2.6 0 0 0 4 0 2 0 0 7 0 1 1.2000000000000002 0 0 5 5.2 2.2 2.4000000000000004 0 0 3.4000000000000004 2.8000000000000003 10.8 1.8 3 0.2 14.8 6 0 0.2 0 0 0 0 0 0 0 0 0 0 0 2.2 0 0 0 0 0 0.4 0 0 0 0 0.8 0 0.2 0 1.4000000000000001 0 0 0.4 1.2000000000000002 0 0 0 1.2000000000000002 0 0 0 0 0 0 9.4 13 3.4000000000000004 0 0 0 0 0 2.4000000000000004 0 0 0.2 0 5.4 0 0 0 2 1.8 0 0 0 0 3 0 3.4000000000000004 2.4000000000000004 2.4000000000000004 0 5.800000000000001 0 3 0 0 0 2.2 0 0 0 0 0 0 0 0 0.2 0 0 0.2 0.4 0 0 0 0 0 0 0 0 0 0 4 0 0 0 0 0 0 0 0 0 0 0 0.8 0 0 32.6 31.200000000000003 0.4 1.2000000000000002 0 0 0.2 0 0 0 0 0 0 0.6000000000000001 0 0 0 0 0 0.4 0 0 0 0 8.8 0 0 0 11 0.2 0 0 0 
 0 0 0 0 0 0.4 0.4 0 0 0 15 0 1 0 0 1 0.6000000000000001 0 0 0 10.8 111.4 10.600000000000001 101.4 0 40.2 8.6 19.6 47 40 51.400000000000006 16.8 16.6 15 31.8 38.800000000000004 25.6 67.60000000000001 58.6 57.400000000000006 0.4 0 9.600000000000001 0 0.6000000000000001 0.4 0 0 0.6000000000000001 1.4000000000000001 0.2 0 19.8 23.6 0 0.4 0 0.8 17 0 0 0 0 0.6000000000000001 0 0.2 0 0 7.6000000000000005 0 0 0.2 0 0 0 0 3.2 0.6000000000000001 0 0 3.6 0 0 0 0 0 0 0 0 0 0 0 0 0.2 0 0 0 0 0 0 0 0 0.2 0 6.6000000000000005 8.4 0 0 7.6000000000000005 2.8000000000000003 4.2 10 0 0 0 2.2 4.800000000000001 0.2 0 0 3.4000000000000004 0 0.2 0 0 0 6.2 12.4 0 0 2.2 0 1.8 0 4 0 0 0 1.8 10.4 0 0.2 0 0 0 0 0 0 0 0 0 0 0 0 0 0 0 0 0.4 0 0 0 0 0 0.4 0 0 0 0.8 0 0 0 0 0 0 0 1.4000000000000001 0 0 0 0 2.8000000000000003 3.8000000000000003 7.4 9.8 4.2 1.8 0 0.4 7.800000000000001 0.2 4.800000000000001 0 0 0 0 0 2 0 0 2.4000000000000004 3.8000000000000003 0 0 0 0 4.2 0.2 2 0.2 5.4 0 0 0.2 0 0 0 0.2 0 4.6000000000000005 0 0 0 0 0 0.4 1 0 0 0 0 0 3.6 0 0 0 0.2 0 0 0 0 0 0.4 0 0 0 0 0 0 0 0 0 0 0 1 0.2 0.8 31 0.6000000000000001 0.2 0.6000000000000001 0 0 0 0 0 0 0 0 0 0 0 0 0 0 0 0 0 0 0 0 0 0 0 0 4.2 0 0 0 0 
 0 0 0 0.6000000000000001 0 0 0 0 0 0 0 0 0.2 0 0 0 0.2 0 0.4 0 24 24 10.200000000000001 38.800000000000004 40.2 0 21.8 23 54.400000000000006 24.200000000000003 17.6 15.600000000000001 8.200000000000001 26.400000000000002 72.2 31 27 28.200000000000003 53.400000000000006 14.4 0.4 0 0 0 0 0.8 13.4 0 0.8 1 0.8 0 27.400000000000002 4.4 0 12.4 0 0.8 4 0 0 0 0.2 0.4 2.8000000000000003 1 0.6000000000000001 0 0.2 0 0 0 0 0.2 0 0 0 0.6000000000000001 0.8 0 0 0 0 0 0 0 0 0 0 0 0 0 0 0 0.2 0 0 0 0 0 0 0 2.6 5.4 4.2 2.6 0 1.8 1.8 2.2 2.6 3.6 0 0 0 2.4000000000000004 0 0 0 0 0 0 2.2 0 0 0 5 0 0 0 0 1 3.4000000000000004 0 0 1.8 0 0 1.8 4.4 0 0 0 0 0 0 0 0 1.2000000000000002 2.6 0 0 1.2000000000000002 2.4000000000000004 0 0 0 0 0 0 0 0 0 0 0.6000000000000001 0 0 0 0.6000000000000001 0 0 0 0.4 0 0 0 1.2000000000000002 0 0 0 0 0 4.6000000000000005 5 3.6 6 0 0 0 8.6 2.4000000000000004 2.4000000000000004 0 0 6 0 3.8000000000000003 5.2 0 0 4.4 0 0 0 0 0 2.2 0 0 0.2 0 0 7.4 0 0.2 0 0 0 8.8 2.2 0 0 0 0 0 0 0 0 0 0 0 0 0 0 0 0 0 0 0 0 0 0 0 0 0 0 0 0 0 0 0 0 0 0 1.6 1 0.8 16.400000000000002 0.4 1 0.8 0 0 0 0 0 0 0 0 0 0 0 8.6 0 0 0 0 0 0 0 0 0 0 0 0 10.600000000000001 6.2 0 0 0 
 0.4 0.6000000000000001 0.4 5.6000000000000005 15.200000000000001 27.200000000000003 0.4 0.4 0.4 0.6000000000000001 19.400000000000002 31.200000000000003 0.6000000000000001 0.4 0.4 0.4 2.8000000000000003 12.8 0.6000000000000001 0.8 15.600000000000001 46.6 15.4 15.600000000000001 8.6 21.8 0 15.8 8.200000000000001 28 25.8 6 32.800000000000004 18.8 8.6 23.400000000000002 22.400000000000002 21.8 25 12.600000000000001 0.4 0 0 0 0 0.4 0 0.6000000000000001 0.4 0.6000000000000001 0 0 0.4 0.2 0 0 0 0.6000000000000001 0 1 0 0 0 0.4 0 0 0 8 0 0 0 0 0 0.8 0 0 0 0.6000000000000001 0 0 0 0 0 2.2 0 3 0 0 6.6000000000000005 0 4 0 0 0 0.2 0.2 0.6000000000000001 0 0 0 3.6 9.4 0 0 3 0 1.8 5.6000000000000005 2.2 2.6 5.6000000000000005 0 7 9.600000000000001 4.4 1.4000000000000001 0.2 0 4.800000000000001 5.4 0 0 0 0 0 0 0 0 0 0 0 0 0 0 0 0 0 0 0 0 0 0 0 0 0 0 0 0 0 2.8000000000000003 0 0 0 0 0 0 0 0 0 0 0 0 0 3 0 0.2 0 0 0.4 0 2.4000000000000004 0 0 0 0 0 2 0 0 0 13.8 0 0 9 0 0 5.4 5.6000000000000005 4 2.2 5.2 0 7 0 1.4000000000000001 10.200000000000001 4.800000000000001 4.2 6.6000000000000005 2.8000000000000003 0 0 0 0 0 0 0 2.2 0 0 0 0 0 0 1.6 0 0 0 0 0 0 0 0 0 0 0 0 0 0 0 0 0 0 0 0 0 0 3 0 0 0 0 0 0 0 0 0 0 0 15 0 0 0.8 0 1 0 0 0 0 0 0 0 0 0 0 0 0 0 0 0 0 0 0 0 0 2.6 0.6000000000000001 0 0 1.2000000000000002 0 0 0 0 0 0 0 0 0 0 
 0 0 0 0 0 15 0 0 0 41.2 0.8 22 6.6000000000000005 0 0 0.4 0 0.2 0 0 34.6 38.800000000000004 34.6 28.200000000000003 19.6 23 15.8 0 33.2 27.6 24.8 6.6000000000000005 48.6 48.6 43.6 41.800000000000004 9.200000000000001 20 39 45.400000000000006 0.4 0 0 0 0 0.4 1.2000000000000002 0 1 0.6000000000000001 0 0 0.6000000000000001 1 0 0 0 4.2 0 0 0 0 0 0.4 0 0.6000000000000001 1 0 0 0.4 0.6000000000000001 0.6000000000000001 0 0 0.6000000000000001 0 0 0.6000000000000001 0 0 0 0 0 0 0 2.2 0 0 0 0 0 2.2 0 0 0 0 0 2.8000000000000003 0 0 3.4000000000000004 2.4000000000000004 6.800000000000001 0.2 2 2.4000000000000004 6.2 3.6 0.4 4.6000000000000005 0.2 2.8000000000000003 0 4.4 5.2 0.6000000000000001 4.800000000000001 12.600000000000001 1.8 0.4 0 0 0 0 0 0 0 0 0 0 0 0 1.4000000000000001 0 0 0 0 0 0 0 0.2 0 0 0 0.4 0 0 0 0 0 0.2 0 0 0 0 0 0 0 0 0 0 0.4 0 0 0.2 4.800000000000001 0 0.2 0 0 0 0 0.2 0 0 0 0 3.6 0 0 0 9.600000000000001 4.4 1.8 1.8 0 3 0 6.800000000000001 5.6000000000000005 2.2 2.2 2 9.4 7.800000000000001 1.6 4.6000000000000005 4.2 0.4 2.6 0.2 0 0 0 1.2000000000000002 0 0 0 0 0 0 0 5.800000000000001 0 0 0 0 0 3 4.6000000000000005 0 0 0 0 0 0 0 0 0 0 0 0 0 0 0 0 0 0.4 0.2 0 0 0 0 0 0 0 0 0 0 0 0 0 0 0 0.8 0.4 0.4 0 0.2 0 0 0 0 0 0 0 0 0 0 0 0 0 0 0 0 0 0 0 0 1.4000000000000001 0 0.2 0 0 0 0 0 0 0 0 
 0 0 0 0 0.6000000000000001 10 0 0.2 0 0 0 0 0 0 0 0 0 0.4 0 0 23 21.8 26.400000000000002 29.8 47 54.400000000000006 8.200000000000001 33.2 0 26.6 11.600000000000001 14.200000000000001 20.400000000000002 19.400000000000002 26.6 63.2 71.4 53.400000000000006 17.2 32.800000000000004 0.4 0 0 0 0 0.4 0 0 0.6000000000000001 1.2000000000000002 0.2 0.2 0.4 0.4 0 0 0 0.6000000000000001 12.600000000000001 0 0 0 0 0.4 1.2000000000000002 0 0 0 0 0 0 0 0 0 0 0 1 0.6000000000000001 4.800000000000001 0 0 0 0 0 0 2.4000000000000004 0 0 0 0 0 5 0 0 0 0 0 0 0 0 0 0 0.8 0.2 1.6 2.4000000000000004 0 0.4 3.8000000000000003 3.2 0.2 6.800000000000001 0 0 3 4 2.2 3.2 0 0 2.8000000000000003 0 0.2 0 0 0 1.6 0 1.8 0 0 0 2.4000000000000004 0 0 0 0 0 3.2 1.8 0 0 0 0 0 0 0 0 0 0 0 0.4 0 0.2 0.4 0 0 0 0 0 0 0 0 0 0.8 0 0 0 1 0 0 0 1.2000000000000002 0 0 0 0.2 0 0 0 0.4 2.8000000000000003 10 2 0 2.8000000000000003 0 0 0 0.8 0 9.8 0 3.4000000000000004 4.6000000000000005 0 3.8000000000000003 0 0 0.2 2.6 0 0 0 0 0 0 0 0 0 1.2000000000000002 0 4.800000000000001 0 0 0 0 0 0 4.4 0 0 0 0 0 0 0 0 0 0 0 0 0 0 0 0 0 0 0 0 0 0 0 0 0 0 0 0 0 0 0 0 0 0 1.6 0 0 1.6 16.2 0 0 0 0 0 0 0 0 0 0 0 0 0 0 0 0 1.8 0 0 0 0 0 2 0 0 0 3.4000000000000004 0.2 0 0 0 
 0 0 0 0 0 0.2 0 0 0 0 0 0 0 0 0 0 0 0 0 0 6.4 25.200000000000003 27 45.2 40 24.200000000000003 28 27.6 26.6 0 14 53.6 9 20 21.400000000000002 45.800000000000004 43.2 20 43.6 20.400000000000002 0.4 41.6 0 0 0 0.4 13.4 0 0.8 0.6000000000000001 0.2 0 12.8 11.200000000000001 0 0 0 12.8 6.4 7.800000000000001 0 0 0 0.4 0 0 0 7.2 0 0 0 0 0 0 0 0 0 0.8 1.2000000000000002 0 0 0 0 0 0 0 0 0 0 0 0 0 0 0 0 0 0 3.4000000000000004 0 0 0.2 6.6000000000000005 1.2000000000000002 5.6000000000000005 0.4 3.4000000000000004 0.2 2 2.2 4.800000000000001 2 5 0 5.6000000000000005 4.4 0 0.2 3.6 5 2.8000000000000003 0 0 1.6 0 0 0 1.8 0 0 0 0 0 0 0 0 0.6000000000000001 0 0 2.2 0 0 5.2 0 0 0 0 2.4000000000000004 0 0.8 0 0 0 1.4000000000000001 4 0 0 0 0 0 0 0 0 0 0 0.2 0 0 0 1.4000000000000001 0 0 0 0 0 0.4 0 3.2 0 0 0 0 0 2.4000000000000004 3.2 0.2 3.2 3 1.6 5 0 12.600000000000001 0 3 1.8 2.6 7.800000000000001 7.800000000000001 9.8 2.8000000000000003 7 5 0 0 0 0 0 1.8 0 4.2 0 0 0 7.800000000000001 0 1 0 0 0 7 0 0 0 0.4 0 0 0 0 0 0 0 0 0 0 0 0 0 0 0 0 0 0 0 0 0 0 0 0 0 0 0 0 0 0 0 0.6000000000000001 0 0 7.800000000000001 0.8 0.6000000000000001 0 4 0 0 0 0 0 0 0 0 0 0.4 0 0 0 0 0 0 0 7.6000000000000005 0 0 0 0 0 3.2 3.6 0 0 0 
 0.4 0 0.2 0 0.2 0 0 0.2 0 0 0 0.4 5 0 0 0 0 0 0 0 40.2 8.200000000000001 130.4 63.6 51.400000000000006 17.6 25.8 24.8 11.600000000000001 14 0 44 22.400000000000002 54.2 86.2 37 54.400000000000006 24.200000000000003 11 10.600000000000001 0.4 0 0 0 0 0.4 0.4 0 2 1.8 0 0 0.4 0.2 0 0 0 0.6000000000000001 0 0 1 0 0 0.4 0 0 0 0 0 0 1.6 0 0 0 0 0 0 0.8 0 0 0 0 0 0 0 0 0.2 0 0 0 0 0 0 0 0 0.2 0 0 0 0 2.6 2.2 0 1.6 2.6 3.6 1.2000000000000002 0 4.2 0 5.6000000000000005 0.2 3.6 3.8000000000000003 0 7.6000000000000005 10.4 2.4000000000000004 0 5.800000000000001 4.6000000000000005 0 0 0 0 0.4 0 0 0 0 0 0 0 0 0.4 0 1.8 0 1.8 6.2 0 0 0 0 0 0 0 0 0 0 0 0 0 0 3.4000000000000004 0 0 0 0 0 0 0 0 0 0 0 0 0 0 0 0 0.8 0.8 0 0 0 0.4 0 0 0 0.4 11.8 0.4 4.6000000000000005 5.2 0.6000000000000001 0.8 4.800000000000001 0.2 8.4 5.800000000000001 2.2 0 3.8000000000000003 4.4 3.4000000000000004 0 3 0 4.6000000000000005 0 0 0 0.2 0 0 0 0 0 0 0 0 2.4000000000000004 0 0 0 0 0 2.2 1.8 0.4 0 0 0 0 0 0 0 0 0 0 0 0 0 0 0 0 0 0 0 0 0 3.4000000000000004 0 0 0 0 0 0 0 0 0 0 1.8 1.6 0 0 0 29.400000000000002 0 0.8 4.4 0 0 0 0 1.8 0 0 0 0 0 0 0 0 0 0 0 0 0 0 1.8 0 0 0.2 0 0 0 0 0 
 0 0 0.2 0 0 0.4 0.4 0.4 0 0 0 0 0 0 0 0 0 0 0 0 7.800000000000001 30.400000000000002 13.200000000000001 56.400000000000006 16.8 15.600000000000001 6 6.6000000000000005 14.200000000000001 53.6 44 0 13 10.8 29.400000000000002 55.800000000000004 57 40 11.200000000000001 20.6 0.4 0 0 0 0 0.4 0.2 0 0.4 0.6000000000000001 0.2 0 14.600000000000001 13.200000000000001 0 0 0 0.8 0 4.6000000000000005 0 0 0 0.4 0.6000000000000001 0.2 0 0 0 0 0 0 0.6000000000000001 0 0 0 1.2000000000000002 0.6000000000000001 0 0 0 0 0 0.2 0 0 0 0 0 0 0 0 0 0.2 5 0 4.2 0 0 0 0 2.4000000000000004 5 1 12.8 0.2 0 2 0 0 7.6000000000000005 5 4 0 0 1.8 2.8000000000000003 2.4000000000000004 0 0.2 2.4000000000000004 0 2.4000000000000004 0 0 0 1.2000000000000002 0 0 0 0 0 2.2 2.8000000000000003 0 0 2.6 0 2.4000000000000004 4.2 0 0 0 0 0 0 0 0 1.2000000000000002 0 0 0 1.4000000000000001 0 0 0 0 0 0.4 0 0.4 0 0 0 0 0 0 0 1.6 0 0 0 0 0.2 0 0 0 0 0 0 0 8.8 1.8 3.4000000000000004 1.8 3 2.6 1.2000000000000002 0.4 0.2 0.2 2.4000000000000004 0 3.6 0 0 0 10.4 0 7.4 0 0 0 0 0 0 1.4000000000000001 2.2 0.2 0.2 0 0 0 2.2 0 0 0 2 3 1.6 0 0 0 0 0 0.4 0 0 0 0 0 0 0.4 0 0 0 0 0 0 0 0 0 0 0 0 0 0.4 0 0 0 0 0 16.2 0 0.2 0 1.2000000000000002 0 0 0 0.8 0.2 0 0 0 0 2.4000000000000004 0 0 0 0 0 0 0 0 0 0 0 0 0 0 0 0 0 0 0 0 4.6000000000000005 0 0 
