 0 73 33.6 11.200000000000001 6.800000000000001 10.8 18.2 51 8.8 14.200000000000001 16 7.2 9.600000000000001 43.6 57.2 9.200000000000001 78.2 39.800000000000004 82.60000000000001 33.2 0 0 0 0 0 0 0 0.2 0.8 0 0.6000000000000001 0 0 0 0 0 0.2 0 0.2 0 0 0 0 0 0 0 0 0 0.6000000000000001 0.4 0 0.6000000000000001 0 0.6000000000000001 12.600000000000001 0 0 0 0 0 7.2 0.6000000000000001 0.4 0.4 0 0.2 0 0 0 0.6000000000000001 0.4 0.4 0 0.2 0 0 0.4 1.6 0 0.4 3.2 7.6000000000000005 2.4000000000000004 5.4 3 0 0 2.2 2 0 2.8000000000000003 0.2 6.4 3.6 0 0 0 7.4 2.8000000000000003 5.800000000000001 0 0 0 0 0 0 0 0.2 0 0 0 0 0 0.2 0 0 0 0 0 0 0 0 0 0 0.2 0 0 0 0 0 0 0 0 0 0 0 0 0 0 0 0 0 0 0 0 0 0 0 0 0 1.4000000000000001 0 0 0 0 0 1.4000000000000001 0 0 0 2.8000000000000003 2.8000000000000003 5 3.4000000000000004 1.6 2.6 0 5.4 2.4000000000000004 0 3.8000000000000003 0.8 8.4 4.800000000000001 2.2 3.8000000000000003 0.4 7.4 0 7.2 0 0.4 0 0 1.6 0 0 2.4000000000000004 0 0 0.4 0 0 0 0 0 0 0 0.2 0 0 0 2.8000000000000003 0.2 0.4 0.2 0 0 0 0 0 0 0 0.4 0 0 0 0 0 0 0 0 0 0 0.2 0 0 0 0 0 0 0 0 0.4 0 0 0 0 0 0 0 0 0 0 0 0.2 0 0.4 0.2 0 0.4 4.6000000000000005 4.2 0 0 0 0 0 0 0 0 0 0 0 0 0 0 0 0 0 0 0 0 0 0 1.8 1.4000000000000001 0 0 0 0 0 0 0 0 0 0 0 0 0 
 73 0 45.2 28.400000000000002 52.400000000000006 70.8 29.6 23.6 44.6 8 17.8 27.400000000000002 9.600000000000001 22.400000000000002 68.2 41.400000000000006 64.8 7.6000000000000005 6 41.6 0.2 0 0 0 0 0 0 0.4 0 41.2 0 0.4 29.400000000000002 0 0 0 0 0 0 0 0 0 0 0 0 0 0 0 0.6000000000000001 0.2 0 0.6000000000000001 0 0 5 0 0 0 0 0 0 0.6000000000000001 0.4 10.600000000000001 0 0.2 0 0 0 0.6000000000000001 0.4 0.4 0 0.4 0 0 0.4 0 0 0.6000000000000001 2.8000000000000003 11.4 14.4 5.2 2.6 1.4000000000000001 2.2 4 16.8 4.4 13.600000000000001 4.6000000000000005 2 0 6 3.4000000000000004 3.2 6.800000000000001 2 10.4 0.4 2.6 0 0 0 0 0 0 0 0 0 0 0 0 1.4000000000000001 0 0 0 0 0 0 0 0 0 0 0 0 0 0 0 0 0.4 0 0.2 0 0 0 0 0 0 0 0 0 0 0 0 0 0 0 0 0 0 0 0.2 0 0 0 0 0 0 4.800000000000001 0 3 3.8000000000000003 4 10.200000000000001 0 0 2.2 12.4 3.4000000000000004 2.4000000000000004 3 1 0 3.4000000000000004 0 0 0 0 0 2.4000000000000004 0 0 0 0 0 0 0 0 0 0 5.2 2 0 0 0 0 7.2 1.8 0 0 0 2.8000000000000003 0 0 0 0 0 0 0.2 0 2.8000000000000003 0 0 0 0 0 0 0 0 0 0 0 0 0 0 0 0 0 0.2 0 0 0 0 0 0 0.4 0 0 0 0 0 0 0 0.4 49.800000000000004 0.4 0.8 0 0.4 2.6 1.4000000000000001 0 0 0 0 0 0 0 0 0 0 0 0 0 0 0 0 0 0 0 0 0.4 0 1.6 3.6 2.4000000000000004 0 0 0 0 0 0 0 0 0 0 0 0 
 33.6 45.2 0 39.400000000000006 70.60000000000001 10.200000000000001 40.2 51.6 40.2 49.400000000000006 51.6 9.4 12.8 8.4 8.8 13.200000000000001 83.60000000000001 18 12.200000000000001 9 1.6 0 0 0 0.2 0 0.6000000000000001 0.4 0.6000000000000001 0 2 0.2 12 0 1 0.8 0 0.6000000000000001 15.8 0 0 0 0 0 0 0.6000000000000001 0 1 0.6000000000000001 0 0.4 1.2000000000000002 0 0 0.4 0 0.4 0 0 0 0 0.8 0.4 0.4 0.6000000000000001 0.2 0 0 0 1.6 0.8 1 3.8000000000000003 1.4000000000000001 0.8 0 0.4 0.6000000000000001 1 1.8 0 5 5.6000000000000005 5.2 12 2.2 3.6 0 0 0.4 2 0 0 0 2.4000000000000004 0.2 2.2 5.6000000000000005 0 0 0 0.6000000000000001 0 2 1.6 0 0 1.2000000000000002 1.8 0 1.4000000000000001 0 2.8000000000000003 0 0.2 0 1.4000000000000001 0 4.4 1.2000000000000002 2.2 0 0 0 0 0 0 0 1 0 0 0 0 0 0 0 0 0 0 0 0 0 0 0 0 0 0 0.6000000000000001 0 0 0 0 0 0 0 0 0 0 0.4 0.8 4.800000000000001 0 2.2 2 4.800000000000001 0.2 2.6 0 0 0 2.6 2 0 0 0 0 7.6000000000000005 3.2 0 4.800000000000001 0 0 0 0 1.4000000000000001 0 1.8 0 1.6 0 3.4000000000000004 0 3.6 0.4 0 0 1.8 1.6 0 6.2 0 0 0 0 0 0 0 0 0 0 0 0 0 0 0 0 0 0 1.8 0 0 0 0 0 1.8 0 0 0 0 0 0 0 0 0 0 0 0 0 0 0 0 0 0 0 0 0 0.6000000000000001 0 0 0.4 0 0.4 1.8 0 0 0 0 0 0 0 0 0 0 0 0 0 0 0 0 0 0 0 0 0 0 5.2 0 0 0 0 0 0 0 0.2 0 1.6 0 0 0 0 
 11.200000000000001 28.400000000000002 39.400000000000006 0 37.2 27 27.8 74.8 66.60000000000001 30 33.4 42.6 20 22.6 78 9.4 25.8 14.4 61.2 15 0.4 0 0.4 0 0 0 14.8 0 0 0 0.4 0 15.200000000000001 0 0 0.4 0 0.2 0.2 0.2 0 0 0 0 0 0 0 0 12.4 0.4 0 0.6000000000000001 0 0 0.2 0 0 0 0 0 0 0.8 0.6000000000000001 0.4 0 0.6000000000000001 0 0 0 0 0.6000000000000001 0.4 0 0.6000000000000001 0 0 0 0 0 0.6000000000000001 3.6 2.4000000000000004 4 0.2 2.8000000000000003 1.4000000000000001 2 2.6 0.6000000000000001 6 0 2.4000000000000004 0 0 8.4 9.600000000000001 13.4 0 0 0 0 2.6 0 0.2 0 0 0 0 0 0 0 0 0 3.8000000000000003 0 0 0 0 7.800000000000001 6.2 0 0 0 0 0 0 0 0 0 0 0 0 0 0 0 0 0 0 0 0 0 0 0 0 0 0 0 0 0 0 0 0 0 0 0 0 0 0 0 0 1.6 2 0 4.800000000000001 2.6 2 1.2000000000000002 4.6000000000000005 7 5.4 0 2.2 0 0 0 5 1.6 2.6 0 0 16.6 2.8000000000000003 0 0 0.4 0 10.8 2.4000000000000004 4.6000000000000005 0 0 0 2.4000000000000004 0 0 0 0 0 9.4 4.4 0 0 0 2.6 0 0 0 0 0 0 0 0 0 0 0 0 0 0 0 0 0 0 0 0 0 0 0 0 0 0 0 0 0 0 0 0 0 0 0 0.4 0 0 0 0 0 0 9.200000000000001 0 9 0.4 0 2 0 0 0.4 0 0 0 0 0 0 0 0 0 0 0 0 0 0 0 0 0 0 0 0 0 2.6 2 0 0 0 0 0 0 0 0.4 0 0 0 0 
 6.800000000000001 52.400000000000006 70.60000000000001 37.2 0 35 28.200000000000003 28.8 34.6 21 39.2 12.600000000000001 17.8 12.200000000000001 60.800000000000004 19.6 9.8 9.200000000000001 15.4 18 16.400000000000002 0 0 0 0 15 0.2 15 0 0 0 0 14.600000000000001 0.2 15 15 0.2 0 0 15.4 0 0 0 0 0 0 0 0 0.6000000000000001 12.8 0.4 0.6000000000000001 0 0 0 0 0 0.4 0 0 0 0.6000000000000001 0.4 0.4 0 0.2 0 0 0 0.6000000000000001 10.600000000000001 0.4 0 0.4 0.8 0 0.4 0 0.8 0.6000000000000001 0 0 3 3.4000000000000004 5.6000000000000005 2.4000000000000004 0 0 0 5.2 0 3.2 0 5 7 4.4 1.8 2.6 0 0 2.6 4 0 0 0.2 0 3.2 0 0.2 0 0 0 8.8 0 5.4 0 0.4 0 3.8000000000000003 2.2 0 0 0 0 0 0 0 0 0 0 0 0 0 0 0 0 0 0 0 0 0 0 0 0 0 0 0.4 1 0 0 0 0 0 0 0 0 0 0 0 2 0 0 0 2.8000000000000003 3 0 0 0 0 0 0 5.2 0 0 0 0 4 2.2 0.2 0 5.2 3.6 0 0 0 0 8.6 3.2 0.2 0 0 0 0 5.2 0 0.4 0 0 2.2 4.6000000000000005 0 0.2 0 0 0 0 0 0.4 3 0 0 0 0 0 0 0 0 0 0 0 0 0 0 0 0 0 0 0 0 0 0 0 0.4 0 0 0 0 0 0 0 0 0 0 0 0 0.6000000000000001 0 0.4 0.6000000000000001 0.8 0 0.6000000000000001 0 0 0 0 0 0 0 0 0 0 0 0 0 0 0 0 0 0 0 0 0 0 0 2.8000000000000003 0 0 0 0 0 0 0 0 0 0 0 0 0 0 
 10.8 70.8 10.200000000000001 27 35 0 13.600000000000001 5.2 42.400000000000006 27.8 48.2 20.200000000000003 5.4 6.6000000000000005 19.6 18 10.200000000000001 17.2 12.4 13.4 14.8 29.6 15 0 0 0 15.4 0 0 42.400000000000006 0.4 0.2 30.200000000000003 0.4 12 0.2 14.600000000000001 0 5 19 0 0 0 0 9.200000000000001 0 0 0 0.6000000000000001 0.2 1.2000000000000002 0.6000000000000001 0 0 0 0 0 0 0 0 0 0.6000000000000001 0.4 0.4 0 0 0 0 0 0.6000000000000001 0.4 0.6000000000000001 0 0 0.2 0 0.6000000000000001 0 0 0.2 0 0 8.8 0 0 3.6 0.8 0 5.2 1.6 1.6 5.6000000000000005 0 0 0.6000000000000001 2.4000000000000004 2.8000000000000003 2.8000000000000003 0 0 0 4.800000000000001 1.6 0 0 0 19.8 3 0 0.8 0 3.8000000000000003 1.8 5.2 3.4000000000000004 0.6000000000000001 0.2 6.4 5 2.2 0.6000000000000001 0 0 0 0 0 1.8 0 0.2 0 0 0 0 0 0 0 0 0 0 0 0 0 0 0.2 0 0 0 0 0 0 0 5 0 0 0.2 0 0 0 0 0 0 0.2 0 2.4000000000000004 0 0 0 0 0.6000000000000001 0 4.6000000000000005 2 0 0 0 1.6 0 0 1 0 0 0 0 0 0 0 5.4 3.4000000000000004 0 3.2 2.2 3.6 10.200000000000001 8.4 6.2 0 0 3.8000000000000003 4.6000000000000005 4.4 0 2.6 0 0 0 0 0 0 0 0 0 0 0 0 0 0 0 0 0 0 0 0 0 0 0 0 0 0 0 0 0 0 0 0 0 0 0 0 0 0 0 0 0 0 0 0.4 12 0 0.8 1.2000000000000002 0.4 0.8 0 1 0 0 0 0 0 0 0 4.800000000000001 0 0 0 0 0 0 0 0 0 0 0 0 0 0 0 0 0 0 0 3.4000000000000004 0 0 0 0 0 0 0 0 
 18.2 29.6 40.2 27.8 28.200000000000003 13.600000000000001 0 15 34.4 23.6 6.6000000000000005 46.800000000000004 58.400000000000006 32.800000000000004 7.4 68.60000000000001 24 33.800000000000004 53.6 27.200000000000003 0 0.6000000000000001 0 0.2 0.8 0.2 0 0 0 0.4 0.2 0 0 0 0 0 0 0 0 0 0 0 0 0 0 0 0 0 0.6000000000000001 0 0 0.6000000000000001 0 0 0 0 0 0 0 0 0 0.6000000000000001 0.4 0.4 0 0.4 0 0 0 0.4 0.4 0.4 0 0.6000000000000001 0 0 0.2 0 0 0.6000000000000001 4 8 3.4000000000000004 0.2 6.4 0 10.600000000000001 4 2.2 0 0.4 0 2 4.4 5.4 6 3.4000000000000004 0 0.4 3.8000000000000003 0 0 0 0 0 0 0 0 0 0 0 0 0 0 0 0 0 0 1.6 0 0 0 0 0 0 0.2 0 0 0 0 0 0 0 0 0 0 0.2 2.2 0 0 0 0 0 0.2 0.6000000000000001 0 0 0 0 0 0 0 0 0 0 0 0.2 0 0 0 9 0 3 0 2.2 2 1.2000000000000002 3.2 4.800000000000001 5.800000000000001 4.2 0 1.8 3.4000000000000004 0.4 1.4000000000000001 0.4 5.4 0 4 0 0 0 0 0 0 0 0 0 0 0 0 0 0 0 0 0 0 0 0 0 0 0 0 0 0 0 0 0 0 0 0 0 0 0 0 0 0 0 0.2 2.2 0 0 0 0 0 0 0 0 0 0 0 0 0 0 0 0 0 0 0 0 0 0 0 0 0 1 0 0 17.8 0 1.2000000000000002 0 0 0 0 0 0 0 0 0 0 0 0 0 0 0 0 0 0 0 0 0 0 0 0 0 0 0 0 0 0 0 0 0 0 0 0 0 0 
 51 23.6 51.6 74.8 28.8 5.2 15 0 42.800000000000004 120.80000000000001 20 32 26 29.8 33.800000000000004 32.2 76.80000000000001 15.600000000000001 15 12.600000000000001 0 0.4 0 0 0 0 0 0.4 0.2 0 0 0 14.4 0.2 0.4 0.4 0 0.4 0 0 0 0 0 0 0 0 0 0 0.6000000000000001 0 0 15.8 0 0.8 4.800000000000001 0 0 0 0 0 0 0.6000000000000001 0.4 0.4 0 0.4 0 0 0.6000000000000001 0.4 0.4 0.4 0 0.6000000000000001 0 0 0.2 0 0 0.6000000000000001 3.2 12.600000000000001 7.4 4.2 4.2 3.8000000000000003 2.6 3.6 0 2 7.6000000000000005 1.6 2.8000000000000003 0.2 2 8.200000000000001 9.600000000000001 1.8 0 0 1.8 0 0 0 0 0 0 0 0 0 0 0 0.4 0 0 0 0 0 0 0 0 0 0 0 0 0 0 0 0 0 0 0 0 0 0 0 0 0 0.4 0 0 0.2 0 0 2.2 0 0 0 0 0 0 0 0 0 0 0 0 0.4 0 0 2 4.800000000000001 8.200000000000001 2.8000000000000003 3 4.4 1.8 2.2 2 4.800000000000001 0 0 2 0 3 4.800000000000001 0.6000000000000001 12.8 0 0.4 0 0 0 0 0 0 0 0 0 0 0 0 0 0 0 0 0 0 1.4000000000000001 0 0 0 0.4 8.4 0 0 0 0 0.2 0 0 0 0 0 0 0 0.2 0 0 0 0 2.8000000000000003 0 0 0 0 0 0 0 0 2 0 0 0 0 0 0 0 0 0 0 0 0 0 0 0 19.400000000000002 0 0 0 0 3.8000000000000003 2.4000000000000004 0 0 0 0 0 0 0 0 0 0 0 0 0 0 0 0 0 0 0 0 0 0 1.4000000000000001 0.2 3.6 0 0 0 0 0 0 0 0 0 0 0 0 
 8.8 44.6 40.2 66.60000000000001 34.6 42.400000000000006 34.4 42.800000000000004 0 42 28.400000000000002 55.800000000000004 23.200000000000003 29.400000000000002 53.800000000000004 69 113.2 82.60000000000001 51 14.200000000000001 0 0.4 0 0 0 0.4 0 0.4 0 0.6000000000000001 0 0 13.600000000000001 0 0 0.2 0 0 19.200000000000003 0.8 0 0 0 0 0 0 0 0 0.6000000000000001 0 0 0.6000000000000001 0.6000000000000001 0.6000000000000001 11.200000000000001 0 0.6000000000000001 0 0 0.6000000000000001 0 0.6000000000000001 0.4 0.4 0 0.2 0 0 0 1.2000000000000002 0.4 0.4 0 0.4 0.2 0 1 0.4 0 0.6000000000000001 0 1.2000000000000002 4.6000000000000005 8 3.2 0 7 0 0.6000000000000001 0 7 0 0 0 0 5.4 6 0 0.4 3.8000000000000003 0 0 0.4 0 0 0 0.4 0 0 0 0 0.4 3 2.2 0 0 0 0 12.8 1 0 0 0 0 0 0 0 0 0 0 0 0 0 0 0 0 0 0 0 0 0 0 0 0 0 0 0 3 0 0 0 0 0 0 3 0 0 0 4.2 3.2 0 4.2 5.4 3.4000000000000004 5 2.2 0 7 6.2 3.4000000000000004 3.6 0.2 0 0 1.8 5.800000000000001 6.4 2 0 1.6 0.4 0 0 0 0 0 4.2 2.2 0 0 0 0 2.2 0 0 0 0 0 1.6 7.2 0 0 0 6.4 0 0 0 0 0 0 0 0 0 0 0 0 0 0 0 0 0 0 0 0 2.4000000000000004 0 0 0 0.2 0 0 0 0 0 0 0 0 0 0 0 0 0 0 0 0 0 0.4 0.2 0 0 2.4000000000000004 4.2 0 0 0 0 0 0 0 0 0 0 0 0 0 0 0 0 0 0 0 0 0 0 0 2 0 0 0 0 0 0 0 0 0 0 0 0 0 7.2 
 14.200000000000001 8 49.400000000000006 30 21 27.8 23.6 120.80000000000001 42 0 20.200000000000003 10.8 34 16.2 23 40 29.6 23.400000000000002 21.200000000000003 21.200000000000003 0 0 0 0 0.2 0 0 15.4 0 0 0 0 0 0 0 15 0.2 0 0.4 0 0 0 0 0 0 0 0 0 0.6000000000000001 0.4 0 0.6000000000000001 1.4000000000000001 0 0 0 0 0 0 0 0 0.6000000000000001 0.4 0.4 6.2 0.4 0 0 0 0.4 0.4 0.4 0 10.8 0 0 0.2 0 0 0.6000000000000001 0 0 3 0 2.4000000000000004 0 0 0.8 0.2 3 0 2.8000000000000003 0.4 6.2 5.6000000000000005 3 4.4 0 0 0.2 0.8 2 0 0 0 0 0 0 0 0 0 0 0 2 0 0 0 0 3.6 0.2 0.4 0 0 0 0 0 0.4 0 0 0 0.4 0 0 0 1 0 0 0 0 0 0 0 0 0 0 0 0 9.4 0 0 0 0 0 0 0 0 0 0 3.2 1.8 0 0 0.8 3 5.4 0.4 3.4000000000000004 4 1 0 0.8 2 0 7 4.6000000000000005 0.2 7 0.8 0.2 4 1.4000000000000001 2.8000000000000003 0 0 0 0 4.800000000000001 0.8 0 0 0 0 0 0 0 0 0 0 5.2 4.6000000000000005 0 0 0 0 0 0 0 0 0 0 0 0 0 0 0 0 0 0 0 0.2 0 0 0 0 0 0 0 0 0 0 0 0 0 0 0 0.4 0 0 0 0 0 3.4000000000000004 0 0 0 0.2 0 0.4 9 11 0.4 0.8 0 0 0 0 0 0 0 0 0 0 0 0 0 0 0.2 0 0 0 0 0 0 0 0 2.8000000000000003 2.6 0 0 0 0 0 0 0 0 0 0 0 0 0 
 16 17.8 51.6 33.4 39.2 48.2 6.6000000000000005 20 28.400000000000002 20.200000000000003 0 65 9.600000000000001 5.2 14.4 76 39.6 13.4 7 55 0.8 0.2 0.2 0.2 0.2 0.6000000000000001 15.8 0.4 0.2 0.4 0.2 0.4 26.6 0.4 3.8000000000000003 0.2 0.2 0.4 0.4 0.4 0 0.2 0 0 0.2 0.4 0.4 0.2 0.6000000000000001 0.8 0.2 2.2 0.4 0.2 0.6000000000000001 0.2 0.2 0.2 0 0 0 1 0.6000000000000001 0.8 0.4 0.8 0 0 10 0.4 0.8 0.8 0 0.6000000000000001 0 0.4 0.2 0.4 0 1 0 2.2 3 0.6000000000000001 0 2.4000000000000004 0 2.2 0 3.6 12.200000000000001 5.800000000000001 2.2 0 2.2 7.6000000000000005 4 0 0 0 0.2 2.6 0 0 0 0 0 1.8 1.8 4 0 0 4.2 7.2 3.6 0 0 0 2.2 3.2 0 0 0 0 0 0 0 0 0 0 0 0 0 0 0 0 0 0 0 0 0 0 0 0 0 0 0 0 0 0 0 0 0 0 0 0 0 0 0 0 2.2 0 4 0.2 0 5.2 0 0.4 1.8 7 0 0.2 0 2.4000000000000004 0.4 6.2 1.6 0 2.2 0 2.8000000000000003 0 0 0 0.2 0 3.8000000000000003 5 2.2 0 0 0 3.2 0 0 3.2 0 0 5.2 0.2 0 0 0 4.2 0 0 0 0 0 0 0 0 0 0 0 0 0 0 0 0 0 0 0 0 0 0 0 0 0 0 0 0 0 0 0 0 0 0 0 0 0 0 0 0 0 0.4 17.6 0 0.4 17.400000000000002 0.4 2.8000000000000003 0.2 0.4 0 0 0 0.2 0 0 0.2 0 2.8000000000000003 0 0.2 0 0 0 0 0 0 0 0 0 0 0 0 0.6000000000000001 0 0 0 0 0 0 0 0 0 0 0 0 
 7.2 27.400000000000002 9.4 42.6 12.600000000000001 20.200000000000003 46.800000000000004 32 55.800000000000004 10.8 65 0 4.4 12.200000000000001 43.800000000000004 8.200000000000001 45.400000000000006 81.80000000000001 29 22 15.4 15.200000000000001 0 0 0 0 0 32.6 0 0.2 0 0 12 0.2 14.600000000000001 15 0 0 15.8 0.8 0 0 0 0 0 0 0 0 0.6000000000000001 0.2 1 0.6000000000000001 0 0 12.600000000000001 0 0 0 0 0 0 0.6000000000000001 0.4 0.4 0 5.4 0 0 0 0 0.6000000000000001 0.8 0 0.6000000000000001 0.4 0 0 0 0 0.6000000000000001 1.2000000000000002 2.8000000000000003 0 4.2 4.2 0 0 2 0.2 0 5.4 3.8000000000000003 0.2 0 0 3.6 0.2 0 0 2.8000000000000003 3 0 0 0 0 0 0 0.6000000000000001 0.4 3.4000000000000004 0 0 2 13.4 8.4 0 0 0 4.800000000000001 7 0 0 0 0 0 0 0 0 0 0 0 0 0 0 0 0 0 0 4 0 0 0 0 0 0 0.2 0 0 0 0 0 0 0 1.2000000000000002 0 0 0 0 3.6 0 3.2 3.2 4 0.4 2 7.2 4.2 2.2 2.2 6.6000000000000005 3.6 0 0.2 0.8 1.8 4 1 0 0 0 2.4000000000000004 0 6.2 0 0 0 0.4 6.800000000000001 4 0 0 0 14.600000000000001 5.800000000000001 3.6 2.2 0 0 3.6 0 0 0 0 2.2 0 0 0 0 0 0 0 0 0 0 0 0 0 0 0 0 0 0 0 0 0 0 0 0 0 0 0 0 0 0 0 0 0 0 0 0 0 0 0 0 0 0 17.8 0.2 0.6000000000000001 0.4 1.8 0.8 0 0 0 0 0 0 0 0 0 0 1.8 0 0 0 0 0 0 0 0 0 0 0 0 0 0 0.2 0 0 0 0 0 0 0 0 0 0 0 0 
 9.600000000000001 9.600000000000001 12.8 20 17.8 5.4 58.400000000000006 26 23.200000000000003 34 9.600000000000001 4.4 0 57.2 10.200000000000001 61.2 26 16.6 71.60000000000001 18.8 0.2 0.2 0 0.2 0 0 0 0 15.8 0 0 0 0.4 0 0 0.4 0 0.6000000000000001 0 0 0 0 0 0 0 0 0 5.800000000000001 0.6000000000000001 0 0 1.8 0.8 0 0 0 0 0 0 0 0 0.6000000000000001 0.4 0.4 0 0.4 0 0 0 1 0.4 0.4 0 0.6000000000000001 0 0 1.6 0 0 0.6000000000000001 0 0 0 2.6 0 0 7.800000000000001 1.8 1.8 0 2 0 0 9.4 4 0 2.6 0 4.6000000000000005 2.4000000000000004 0 0.4 0 0 0 0 0 0 0 0 0 0 0 0 0 0 0 0 0.2 0 0 0.4 0 0 0 0 0 0 0 0 0 0 0 0 0 0 0 0.2 0 0 0 0.4 0 1 0 0 0 0 0.2 0 0 0 0 0 0 0 0 0.2 0 0 0 0 0 0 2.4000000000000004 0 8 4.4 2.4000000000000004 0 1.6 0 0 1.8 3.2 0 2.6 3.2 1.2000000000000002 2.6 0 0 0 0 0 0 0 0 0.4 0 0 0.4 0 0.4 0 0 0 0 0 0 0 0 0 0 0 0 0 0 0 0 0 0.4 0.4 0 0 0 0 0 0 0 0 0 0 0 0 0 0 0 0 0 0 0 0 0 0 0 0 0 0.2 0 0 2.8000000000000003 0 0 0 0 0 0 0.4 2.2 0 3.2 0 0 0 0 0 0 0 0 0 0 0 0 0 0 0 0 0 0 0 0 0 0 0 0 2.6 0 0 0 0 0 0 0 0 0 0 0 0 0 
 43.6 22.400000000000002 8.4 22.6 12.200000000000001 6.6000000000000005 32.800000000000004 29.8 29.400000000000002 16.2 5.2 12.200000000000001 57.2 0 38.400000000000006 14.600000000000001 6 22.400000000000002 69.60000000000001 33.4 0 0.6000000000000001 0.6000000000000001 0 0.6000000000000001 0.2 0.8 0 0.6000000000000001 0 0.6000000000000001 0.4 0 0 0.6000000000000001 0 0.6000000000000001 1.2000000000000002 0.4 0.6000000000000001 0.6000000000000001 0.2 0.4 0 0 0 7.6000000000000005 0.4 1 0.6000000000000001 0 2.2 0.2 0.4 0.2 0.4 1.2000000000000002 0.4 12.600000000000001 0 0.8 1 0.4 1 0 0 0 0 0.8 2.6 1.6 1.8 0 0.4 0 1 1.2000000000000002 0.8 0.4 0.6000000000000001 0 6.4 2.4000000000000004 2.2 8.200000000000001 4.4 2.6 0 10.200000000000001 0 0 0.2 8 2.4000000000000004 0 2.2 6.2 8.6 3.2 0.2 0 0.4 3.4000000000000004 0 0 0 0.2 6.800000000000001 0 0 0 0.2 0 0 0 0 0 0 1.8 0 0 0 0 0 0 0 0 0 0 0 0 0 0 0 0 0 0 0 4 0 3.2 0 6.2 0 0.4 0 0 0 0 0 0 0 0 0 0 0 1.4000000000000001 0 0 0 6 2.2 6.2 2 7.800000000000001 0.4 2.6 5.6000000000000005 2.4000000000000004 5.800000000000001 0 0 2 0 10 5.4 0 6.2 0 9.600000000000001 0 0 0 0 0 0 0 0 0 0 0 0 0 0 0 0 0 0 0 0 0 0 0 0 0 0 0 0 0 0 0 0 0 0 0 0 0 0 0 0 0 0 0 0 0 0 0 0 0 0.4 0 0 0 0 0 0 0 0 0 0 0 0 0 0 0 0 0.4 0.4 0 0.2 6.6000000000000005 2.2 1.8 0 0 0.4 0 0 0.4 0 0 0 0 0 0 0 0 0 0 0 0 0 0.4 0 0 7.800000000000001 0 0 0 0 0 0 0 0 0 0 0 0 0 0 
 57.2 68.2 8.8 78 60.800000000000004 19.6 7.4 33.800000000000004 53.800000000000004 23 14.4 43.800000000000004 10.200000000000001 38.400000000000006 0 51.6 75.2 15.600000000000001 26.6 66 0 0 0 0 0 0 0.4 0.2 0.4 0 4.800000000000001 0 15 0 0 0.4 0 0 0 0 0 0 0.6000000000000001 0 0 0 0.4 0.8 1 1 0 1.2000000000000002 0 0.6000000000000001 12.8 0 0 0 0.4 0.4 0 0.6000000000000001 0.6000000000000001 1 0 1.8 0.4 0 0 1 0.4 0.6000000000000001 0 0.6000000000000001 0 10.600000000000001 0.2 0.2 0 0.6000000000000001 0 5.800000000000001 4.800000000000001 3.6 0 0 0 2 3.4000000000000004 3.6 12.8 6 0 0 2.4000000000000004 10.200000000000001 6.800000000000001 10.600000000000001 0 4.6000000000000005 0 0 0 0 0 0 0 0 0 0 0.2 0 0.2 0.2 0 0 0 0 0.6000000000000001 0 0 0 0 0 0 0 0 0 0 0 0 0 0 2 0 0 0 0.2 0 0 0 0.2 0 0 0 0 0 0 0.4 0 0 0 0 0 0 0 0 0 0 0 2.8000000000000003 0 4.6000000000000005 4.800000000000001 9 5.2 0.6000000000000001 2.2 4 4 4.800000000000001 1.8 0 0 2.6 11.600000000000001 5.800000000000001 0 0 2.2 0 0 0 0 0 0 0 1 0.2 0 0 0.2 5.6000000000000005 0 0 0 0 0 2.8000000000000003 1.8 0 0 0 3.4000000000000004 0 0 0 0 0 0 0 0.2 0 0 0 0 0 0 0 0 0 0 0 0 0 0 0 0 0 0 0 0 0 0 0 0 0 0 0 0 0 0 0 0 0 0.8 19 0 0.2 0.4 0.6000000000000001 2.2 2.6 0 0 0 0 0 0 0 0 0 0 0 0 0 0 0 0 0 0 0 0 0 0 2.2 0 1.2000000000000002 0 0 0 0 0 0 0 0 0 0 0 0 
 9.200000000000001 41.400000000000006 13.200000000000001 9.4 19.6 18 68.60000000000001 32.2 69 40 76 8.200000000000001 61.2 14.600000000000001 51.6 0 48.400000000000006 17.2 50.800000000000004 13 0.2 0 0 0.2 0 0 0 0 0 0 0 0 0.8 0 0 0.2 41.2 0 14.8 15 0 0 0 0 0 0 0 0 0.6000000000000001 0 0 0.6000000000000001 0 0 0 0 0 0 0 0 0 0.6000000000000001 0.4 0.4 0 0 0 0.2 1.4000000000000001 0.6000000000000001 0.4 0.6000000000000001 0 0 0 0 0.6000000000000001 0 0 0.2 0 1.8 4.800000000000001 2.8000000000000003 2.6 2.6 2.6 0.8 3.4000000000000004 2.4000000000000004 10.200000000000001 8.200000000000001 0 3.4000000000000004 2.2 0 8.6 4 0 0 0 0 0 0 0 0 0 0 0 0 0 0 2.6 0 0 0 0 0 0.4 0 0 0 0 0 0 0 0 0 0 0 0 0.2 0 0 0 0 0 0 0 0 0.2 0 0 0 0 0 0 0 0 0 0 0 0 0.4 0 0 0 0 0.6000000000000001 0 0 0.2 1.6 2.2 0 0 1.8 2 2.6 1.4000000000000001 4.2 1.8 0 2 2 2 0.4 5.6000000000000005 0 3.8000000000000003 0 0 0.4 0 0 0 0 0 0 0 0 0 4.2 0 0 0 0 0 0 1.8 0 0 0 0 0 0 0 0 0 0 0.4 0 0 0 0 0 0 0 0 0 0 0 0 0 0 0 0.4 0 0 0 0.4 0 0 0 0 0 0 0 0 0 0 0 0 0 0 0.2 3.8000000000000003 0.4 0.8 9.200000000000001 0 2 0 0 0 0 0 0 0.2 0 0 0 0 0 0 0 0 0 0 0.4 0 0 0 0.2 0 0.2 0 1.8 0 0 0 0 0 0 0 0 0 0 0 0 
 78.2 64.8 83.60000000000001 25.8 9.8 10.200000000000001 24 76.80000000000001 113.2 29.6 39.6 45.400000000000006 26 6 75.2 48.400000000000006 0 21.400000000000002 11.200000000000001 27.8 0.4 0 0 0 0 0 0 0.4 0 0 0 0 4 0 0.4 0 0 0.2 4.2 0 0 0 0 0 0 0 0 0 0 0.4 0 0 1.8 0.6000000000000001 12.4 0 0 0 0 0 0 0 0 0 0 6.4 0.4 0 0 0 0 7.800000000000001 0.8 0 0.4 0 0 0 0 0 0 1.6 2.4000000000000004 10.4 2 0 1.6 0 0.2 1.8 9.200000000000001 1.2000000000000002 0 2.4000000000000004 7.2 1.8 2.2 0 0.2 5.800000000000001 0 0 0 0 0 0 0 0 0 0 0 0.4 2.4000000000000004 1.4000000000000001 0 0 0 0 2.8000000000000003 0 0 0 0 0 0 0 0 0 0 0 0 0 0.4 0 0 0 0 0 0 0.2 0 0 0 0 0 0 0 3.6 0 0 0 0 0 0 0 0 0 0 3.6 0 0 0 3.2 0.2 3.4000000000000004 2.8000000000000003 0.2 2.6 12.4 1.4000000000000001 1.8 0 0.4 2.2 3.4000000000000004 1.8 4.4 0.8 0 9.200000000000001 0 0 0 0 0 0 0 2 0 0 0 2.4000000000000004 2 0 0 0 0 0 1.6 2.6 0 0 0 3.2 0 0 0.4 0 0 0 0 0 0 0.2 0 0 0 0 0 0 0.2 0 0 0 0 0 0 0 0 0.2 0 0 0 0 0 0 0 0 0 0 0 2 0 0 0.4 0.4 0 0 0.2 0.2 0.4 2.6 0.4 0 0 0 0 0 0 0 14.8 0 0 0 0 0 0 0 0 0 0 0 0 0 0 2.8000000000000003 0 0 0 0 0 0 0 0 0 0 0 0 0 0 
 39.800000000000004 7.6000000000000005 18 14.4 9.200000000000001 17.2 33.800000000000004 15.600000000000001 82.60000000000001 23.400000000000002 13.4 81.80000000000001 16.6 22.400000000000002 15.600000000000001 17.2 21.400000000000002 0 18.400000000000002 11.600000000000001 0 0 0 0 0 0 6.6000000000000005 0 15.200000000000001 0 0 0 0 0 0.6000000000000001 0 0.2 0 0 0 0 0 0 0 0 0 0 0 0.6000000000000001 0 0 0.6000000000000001 0 0 0 0 0 0 0 0 0 0.6000000000000001 0.4 0.4 0 0.4 0 0 0 0.4 6.6000000000000005 0.4 0 0.4 0 0 0.6000000000000001 0 0 0.6000000000000001 0 7 3 2.4000000000000004 3.6 0.4 7.6000000000000005 0.2 2.8000000000000003 0 7 0 0.2 3.2 0 6.800000000000001 3.8000000000000003 0 2.2 7.2 0 0 0 0 0 0 0.2 0 0 0 0 0.2 0 0 0 0 0 0.4 3.2 0 0 0 0 0 0 0 0 0 0 0 0 0 0 0 0 0 0 0 0 0 0 0 0 0 0 0 0 2.8000000000000003 0 0 0 3.6 0 0 0 0 0 0 0 0 2.8000000000000003 0 11.600000000000001 2.2 10.4 4.4 2.8000000000000003 6.6000000000000005 6.4 1 3.2 0.2 0 0 2.8000000000000003 2 2.2 4.6000000000000005 0 15.8 0 0 0 0 0 0 0 0 0 0 0 0 4 0 0 0 0 0 0 0.2 0 0 0 0 0 0 0 0 0 0 0 0 0 0 0 5.2 0 0 0 0 0 0 0 0 0 0 0 0 0 0.4 0 0 0 2.2 0 0 0 0 0 0 0 0 0 0 0 0.4 0.2 0 0.4 0.4 0.2 0.2 1.8 0 0 0 0 0 0 0 0 2.4000000000000004 0 0 0 0 0 0 0 0 0 0 0 0 0 3.8000000000000003 3.8000000000000003 0 0 0 0 0 0 0 0 0 0 0 0 0 
 82.60000000000001 6 12.200000000000001 61.2 15.4 12.4 53.6 15 51 21.200000000000003 7 29 71.60000000000001 69.60000000000001 26.6 50.800000000000004 11.200000000000001 18.400000000000002 0 71.4 0.4 0.6000000000000001 8.200000000000001 0 0 4.2 0 0.6000000000000001 0.4 0 0 0.4 0.6000000000000001 0.4 0.8 0.6000000000000001 0 0 0 0.4 0 0 0 0 0 0.4 0.2 0.2 0.8 0.4 1.4000000000000001 1.8 0 0 0.8 0 0 0.6000000000000001 0.4 0.4 0 0.6000000000000001 0.4 0.4 0 0 0 0 0 0.8 0.4 0.6000000000000001 0 0.2 0.2 0 0.8 0 0 0.4 0 0 0 2 0.4 0 0 0 4.6000000000000005 1 6.2 0 2.8000000000000003 5.800000000000001 0 0.4 0.2 7.6000000000000005 12.8 5.4 0 0 0 0 0.4 0 0 0 4 0 0 0 0 0 0 0 0 0 0 0 0 0 0 0 0 0 0 0 0 0 0 0 0.4 0 0 5.4 0 0 0 0 0 0 0 0 0 0 0 0 0 0.4 0 0 0 0.2 0 0 2.8000000000000003 0 0 0 0 2.8000000000000003 0.2 0 3.2 2.8000000000000003 0.2 15.8 2.8000000000000003 0 1.8 0 4 0 3.2 5.4 2.4000000000000004 1.2000000000000002 7.6000000000000005 8.6 0.4 0 0 0 0 0 0 0 0 0 0 0 0 1.8 0 0 0 0 3.6 0 0.2 0 0 0 0 0 0.2 0 0 0 0 0 0 0 1 0 0 0 0 0 0.4 0 0 0 0 0 0 0 0 0 0 0 0 0 0 0 0 0 0 0 0 0 0 0 0.2 0 0.4 0.4 0.4 0 0.4 2.8000000000000003 0 0 0 0 0 0 0.2 0 0 0 0 0.2 0 0 0 0 0 0 0 0 7.6000000000000005 0 0 0 3 0 0 0 0 0 0 0 0 0 0 0 0 0 
 33.2 41.6 9 15 18 13.4 27.200000000000003 12.600000000000001 14.200000000000001 21.200000000000003 55 22 18.8 33.4 66 13 27.8 11.600000000000001 71.4 0 0.8 0 0 0 0 0 0 0 0.4 0 0 0 0.2 16.6 0 0 0 0 0 0 0.4 0 0 0 0 0.2 0 0.2 0.6000000000000001 0.4 0 0.6000000000000001 0 1.4000000000000001 0 0 0 0 0.4 0 0 0.6000000000000001 0.4 0.4 0 0.2 0 0 0 0.6000000000000001 0.4 0.4 0 0.4 0.6000000000000001 0.6000000000000001 2.4000000000000004 0 0 0.6000000000000001 1.4000000000000001 0 1.4000000000000001 2 1.6 0 4.2 0 7.6000000000000005 0 0.2 0 4.4 2 7.800000000000001 0 3.4000000000000004 7.6000000000000005 7.6000000000000005 3 0 0 0 0 0 0 0 0 0 0 0 0 0 0 0 0 2.6 0 0 0 0 0 0 0 0 0 0 0 0 0 0 0 0 0 0 0 0 0 0 0 0 0 0 0 0 0 0 0 0 2.6 0 0 0 0 0 0 0.6000000000000001 0 0 3.2 4.4 2.8000000000000003 0 0 0 0 1.4000000000000001 0 0 2 0 0 3.2 5.800000000000001 2.2 0 2 3.2 0 5.2 0 0 0 0 0 0 0 0 0 0 0 0 0 0 0 0 0 0 0 0 0 0 0 0 0 0 0 0 0 0.2 0 0 0 0 0 0 0 0 0 0 0 0 0 0 0 0 0 0 0 0 0 0 0 0 0 0 0 0 0 0 0 2.8000000000000003 0 0 0 0 0.8 0 0 0 0.4 0.6000000000000001 0 0 0 0 0 0 0 0 0 0 0 0 0 0 0 0 0 0 0 0 0 0 0 0 0 0 0 0 0 0 0 0 0 0 0 0 0 0 
 0 0.2 1.6 0.4 16.400000000000002 14.8 0 0 0 0 0.8 15.4 0.2 0 0 0.2 0.4 0 0.4 0.8 0 39.400000000000006 30.8 44.6 29.6 7.2 79.2 23 16.6 25.200000000000003 136.20000000000002 34.2 68 29 26.400000000000002 3.6 48.6 26.8 24.400000000000002 16.8 0 0.6000000000000001 0.4 0 0.4 0.6000000000000001 0 0 0 1.2000000000000002 0.4 0.4 0.4 0.6000000000000001 0 0 0 0 0.4 0 0 8.6 0 0.6000000000000001 0.4 1.2000000000000002 0 0 0 0.6000000000000001 0 0.6000000000000001 0 0.2 13.4 0 0.6000000000000001 0.2 0 0 0 0 0 0 0 0 0 0 0 0.6000000000000001 0 7.4 0 0 0 0 0 0 0 0 2.2 4.4 2.6 4.4 2.2 1.8 4 1.6 0 2.4000000000000004 9.4 3.4000000000000004 8.6 2.6 0.2 2.2 3.8000000000000003 5.4 2.8000000000000003 5.6000000000000005 0.2 0 0 0 0 0 0 0 0 0 0 0 0 0 0 0 0 0 2.8000000000000003 0 0 0 0 0 0 0.4 0 0 0 0 0 0 0 0 0.6000000000000001 0 0.4 0 0 0 0 0 0 0 0 0 0.2 0 0 0 0 2.8000000000000003 0 0 0 0 0 0 1 0 2.2 6 6.800000000000001 0.4 2 3.8000000000000003 0 1.8 2 6.6000000000000005 2 0 5.4 4.800000000000001 10.200000000000001 0 7.4 4.2 0 5.4 0 0 0 0 0 0 0 0 0 0 0 0 0.2 0 0.4 0 0 0 0.2 0 0 0 0 0 0 0 0 0 0 0 0 0 0 0 0 0 0 0 0 0 0 0 0 0 0 0 0 0 0 19.200000000000003 0 0 0 0 1 0 0.4 15.600000000000001 0 0.4 0.8 0.2 0 0 0 0 0 0 0 0 0 0 0 0 0 0 0 0 0 0 0 0 0 0 0 0.2 0 0 0 0 
 0 0 0 0 0 29.6 0.6000000000000001 0.4 0.4 0 0.2 15.200000000000001 0.2 0.6000000000000001 0 0 0 0 0.6000000000000001 0 39.400000000000006 0 19.200000000000003 34.4 6.6000000000000005 6.800000000000001 11.600000000000001 16 12.4 13.200000000000001 62.400000000000006 50 53.6 14.4 26.400000000000002 27.6 36 14 28.200000000000003 29.200000000000003 0 0.6000000000000001 0.4 0 0 0.6000000000000001 0.4 0 0 0.8 0 0 4 0.6000000000000001 0 0 0 0.2 0 0 0 0 0 0.6000000000000001 0 0.6000000000000001 0 0 0.4 0.6000000000000001 0 0.6000000000000001 0 0 0 0 0.6000000000000001 0.2 0 0 0 0 0 0 0 0.8 0 0 0 0 0 6.800000000000001 0 0 0 0.2 0 2.6 0 0 0.2 1.6 2.8000000000000003 0 0 1.6 14.200000000000001 7.6000000000000005 2.2 7.6000000000000005 0 3.8000000000000003 3 19.200000000000003 4 0 0 5.800000000000001 0.2 5.4 0 0 0 0 0 0 0 0 0 0 0 0 0 1.4000000000000001 0 0 0 0 0 0 0 0 0 0 0 0 0 0 0 0 0 1 0 0 0.2 0 0 0 0 0 0 0 1 0 0 2.8000000000000003 0 0 0 0 0 0 0 0 0 0 0 0 0 0 0 0.2 0 0 0 0 5.4 2 4.2 4.4 0 12.600000000000001 2 7 4.800000000000001 2.8000000000000003 0 6.4 3.8000000000000003 4.4 0 4.6000000000000005 0.2 0 0 3.8000000000000003 0 0 0 0 0.4 0 0 0 0 0 0 0 4.2 0 0 0 0 0 1.8 0 0 0 0 0 0 0.4 0 0 0 0 0 0 0 0 0 0 0 0 0 0 0 0 0 0 0 0 15.200000000000001 0 0.4 0.2 0.4 0.2 3.8000000000000003 0 0.4 4.800000000000001 2.6 0 0 0 0 0 0 0 0 0 0 0 0 0 0.4 0 0 0 0 3.2 0 0 0 0 0 0 0 0 
 0 0 0 0.4 0 15 0 0 0 0 0.2 0 0 0.6000000000000001 0 0 0 0 8.200000000000001 0 30.8 19.200000000000003 0 20.8 24.400000000000002 5.6000000000000005 23.200000000000003 54.800000000000004 63.2 57.400000000000006 26.200000000000003 22 20.8 27 52.6 6.6000000000000005 57 13.200000000000001 60.2 31 0 0.6000000000000001 0.4 0 0 0.6000000000000001 0 0 0 12.8 0 0.8 23.200000000000003 0.6000000000000001 0 0 0 0.2 13 0 10.200000000000001 0 0.4 0.6000000000000001 0 0.6000000000000001 0 0 0 0.6000000000000001 0.6000000000000001 0.6000000000000001 0 0 0 0 0.6000000000000001 0 9.4 0 0 0 0 0 0 0 0 0 0 0 0 0 0 0 0 0 0 0 0 0 2.2 0.2 1.8 0 5.2 5.2 4.6000000000000005 4.800000000000001 8.200000000000001 5 1 4 2 0 2.2 8 2.4000000000000004 5.2 2.2 0.2 0 2.2 0 0 0 0 1.2000000000000002 0 0 0 0 0 0 0 0 0 0 0 0 0 0 0 0 0 0 0 0 0 0 0 0 0 0 0 0 0 0 0 0 0 0 0 0 0 0 0 0.4 0 0 0 0 0 0 0 0 0 0 0 0 0 2 1.8 4.800000000000001 7.800000000000001 8.200000000000001 6 4 0 2.8000000000000003 1.8 8.200000000000001 1.6 3.8000000000000003 0 2 2.4000000000000004 5 3.8000000000000003 0 2 4.800000000000001 0 0 0 0 0 0 2.8000000000000003 3.2 0 0 0 0 0 0 0 0 0 5.2 2 0 0 0 0 0 0 0 0 0 0 0.8 0 0 0 0 0 0 0 0 0 0 0 0 0 0 0 0 0 0 0 0 0 0 0 1.8 0.2 0 0.2 0 0.8 0.4 0 0 0 0 0 2.2 0 0 0 0 0 0 0 0 0 0 0 0 0 0 0 0 0 0 0 0 0 0 0 
 0 0 0 0 0 0 0.2 0 0 0 0.2 0 0.2 0 0 0.2 0 0 0 0 44.6 34.4 20.8 0 35 40.2 32.2 46.800000000000004 37.4 73.8 24 41.2 14.4 30.400000000000002 24.8 8.200000000000001 39.2 81.2 11.200000000000001 71 0 0.6000000000000001 0.4 0 0 0.6000000000000001 12.4 0 0 1 0 0 13.4 0.6000000000000001 0 0 0.2 0 13 0 0 0 0 0.6000000000000001 0 0.6000000000000001 0 0 0 0.6000000000000001 0 0.4 0 0 0 0 0.8 0 0.8 0 0 0 0 0 0 0 0 0 0 0 0 0 0 0 0 0 0 0 0 0 0 4.800000000000001 7.6000000000000005 0.2 3.8000000000000003 2 0 1 0.2 3.2 7.800000000000001 0 0 0 4.2 7 4.800000000000001 2.4000000000000004 0 6 1.8 4.4 0 0 0 0 0 3 0 0 0 0 7.6000000000000005 0 0 0 0 3.8000000000000003 5.800000000000001 0 0 0 0 0 0 0 0 0 0 0 0 0 0 0 0 0 0 0 0 0 0 0 0 0 3.8000000000000003 0 0 0 0 0 0 0 0 0 0 3.6 0 3.6 0 0 0 2.4000000000000004 12 0.2 1.4000000000000001 10.200000000000001 0 0 0.6000000000000001 2.8000000000000003 1.6 2.4000000000000004 3.6 0 2.2 0 2.6 1.4000000000000001 0 0 2.8000000000000003 0 0 0 0 0 5.2 1.6 0 3 0 0 3.8000000000000003 0 1.6 0 0 0 0.8 4.2 2.8000000000000003 0 0 0 0 0 0 0 0 0 0 0 0 0 0 0 0 0 0 0 0 0 1.4000000000000001 0 0 0 0 0 0 0 0 0 0 0 1.4000000000000001 0 0 0.6000000000000001 32.6 0.2 0 0 0 0 0 0 0 0 0 3.8000000000000003 0 0 0 0 0 0 0 0 0 0 0 2.8000000000000003 0 0 0 3.4000000000000004 2 0 0 0 
 0 0 0.2 0 0 0 0.8 0 0 0.2 0.2 0 0 0.6000000000000001 0 0 0 0 0 0 29.6 6.6000000000000005 24.400000000000002 35 0 59.800000000000004 14.8 60.6 15.4 58.800000000000004 18.6 12 12.600000000000001 34.6 19.200000000000003 19.8 10.4 42.2 10.8 27.8 13 1.2000000000000002 14.200000000000001 0.2 0 0.6000000000000001 67 11.600000000000001 0.8 1.4000000000000001 0 0 0 14.600000000000001 13.4 0 0.6000000000000001 0.4 0.2 13.200000000000001 0 0 0 0.6000000000000001 0.6000000000000001 1.6 0.6000000000000001 0 0.4 0.6000000000000001 1 0.4 0 0 0 0 1.4000000000000001 0 1.2000000000000002 0.6000000000000001 0 0 0 0 0 0 0 0 0 0 0 0 0 0 0 0 0 0 0 0 0 1.8 0 0.6000000000000001 7 0.2 0 0 5.6000000000000005 0 0 0 0 0 6 0 2.2 0 0 0 0.4 0 1.6 0 0 0 0 3.8000000000000003 4.4 0 2.8000000000000003 0 0 1.8 0 0 2.8000000000000003 4.6000000000000005 0 3.6 0 0 0 0 0 0 0 0 0 0 0 0 0 0 0 0 0 0.4 0 0 0 0 0 0 0 0 0 0 0 0 0 0 0 0 0 0 0 0 0 0 0 2.8000000000000003 0 3.8000000000000003 11 2.6 1.8 0 0 4.6000000000000005 2 3.6 0 0 0 0 0.8 0.2 0 0 0 0 0 0 0 0 0.2 1.4000000000000001 0 1.6 0 0.2 1.8 5.4 7.6000000000000005 0 8.4 4 2.6 0 0 0 0 0 0 0 0 0 0 0 0 0 5 0 0 0 0 0 0 0 0 0 0 0 0 0 0 0 0 0 0 0 0 0 1 1 0.8 0.2 0 0 0.8 0 0 0 0 0 0 0 0 0 0 0 0 0 0 0 0 0 0 4.2 0 0 0 0 2.6 5.800000000000001 0 0 0 0 
 0 0 0 0 15 0 0.2 0 0.4 0 0.6000000000000001 0 0 0.2 0 0 0 0 4.2 0 7.2 6.800000000000001 5.6000000000000005 40.2 59.800000000000004 0 12.4 74.8 9.8 31.6 64.60000000000001 25.200000000000003 48.2 64.2 30 14.200000000000001 69.2 72.4 53.400000000000006 11.8 12.600000000000001 1.2000000000000002 0.6000000000000001 0 0 0.6000000000000001 38.6 7.6000000000000005 12.600000000000001 1.6 0 13.8 13 0.6000000000000001 25.200000000000003 0 0.6000000000000001 0.6000000000000001 15.600000000000001 0.4 0.4 0.2 0 0.6000000000000001 0 1 0 0.2 0 0.8 0 0.6000000000000001 0 0 0 0 0.8 0.4 1.4000000000000001 0 0 0 0 0 0 0 0 0 0 0 0 0 0 0 0 0 0 0 0 0 0 4.2 5.4 7 3.2 2.4000000000000004 0 0.2 2.4000000000000004 3.4000000000000004 3.6 0 0 0 0 0.2 1.6 0 0 3.4000000000000004 2 4.2 0 0 0 0 3 8.8 0.6000000000000001 0.2 0 3.4000000000000004 11 0 0.2 2.8000000000000003 0 0.2 2.8000000000000003 3.8000000000000003 0 0 0 0 0 0 0 2.8000000000000003 0 0 0 0 0 0 0 0 0 0 0 0 0 0 0 0 0 0 0 0 0.2 2.8000000000000003 0 0 0 0 0 0 0 0 0 0 0 2.6 7 5 0 10.4 0 0 0 2.8000000000000003 2.2 4 0 0 0 0 3.4000000000000004 0 0 0 6.4 0 3.6 0 0 0 7.2 3.8000000000000003 0 2 3.4000000000000004 0 2.8000000000000003 0 7 3 2.8000000000000003 2.2 3.8000000000000003 17.2 0 0 0 0 0 0 0 0 1.6 0 0 2.4000000000000004 0 0 0 0 0 0 0 0 0 0 1.8 0 0 0 0.2 0 0 0 0 0 0 0 2.4000000000000004 0 1 1 16.6 0 2.6 0 0 0 0 0 0 0 0 0 0 0.4 0 0 0 0 0 0 0 0 0 0.8 0 0 0 0 1.6 3 0 0 
 0 0 0.6000000000000001 14.8 0.2 15.4 0 0 0 0 15.8 0 0 0.8 0.4 0 0 6.6000000000000005 0 0 79.2 11.600000000000001 23.200000000000003 32.2 14.8 12.4 0 46.6 33.800000000000004 21 36.800000000000004 34.800000000000004 19 33.6 39.2 6 8 22.8 9.200000000000001 47 0 0.6000000000000001 1 0 0 0.6000000000000001 0 0 0 13.4 0 0 0 0.6000000000000001 0.4 0 0 0 12.4 0 0 0 0 0.6000000000000001 0 0.6000000000000001 0 0 0 0.6000000000000001 0 0.4 0 0 5.800000000000001 0 0.6000000000000001 0 0 0 0 0 0 0 0 4.4 0.2 0 0 0 0 0 0 0 0 0 0 0 0 0 0 2 6.2 5.800000000000001 2.4000000000000004 2.2 3 2 0.2 5 5.2 5.4 2.6 3.8000000000000003 1.8 3.4000000000000004 0 4.800000000000001 5.2 2.2 0 0 0 0 0 0 0 0 0 0 0.2 0 0 0 0.4 0 0 0 1.6 0 0 0 0 0 0 0 0 5.4 0 0 0 0.4 0 0 0.6000000000000001 0 0 0 0 0 0 0 0 0 0 0 0.2 0 0 2.4000000000000004 0 0.6000000000000001 0 0.2 0 0 1.8 0 0 0 7.6000000000000005 5.2 6.6000000000000005 0.8 4.6000000000000005 2.6 1.2000000000000002 3.4000000000000004 0.4 2.8000000000000003 5.800000000000001 0 7.6000000000000005 4 4 0 7.4 3.6 0 2.8000000000000003 0 0 0 0 0.4 0 0 0 0 0 0 0 0 0 0 0 0 0 0 0.2 0.4 0 0 0 0 0 0 0 0 0 0 0 0 0 0 0 0 0 0 0 0 0 0 0 0 0 0 0 0 0 0 0 0 0 4.4 0 0.4 15.200000000000001 0 0 0 1.6 0 0 0 0 0 0 0 0 0 0 0 0 0 0 0 0 0 0 0 0 0 1.8 0 0 0 0 0 0 
 0.2 0.4 0.4 0 15 0 0 0.4 0.4 15.4 0.4 32.6 0 0 0.2 0 0.4 0 0.6000000000000001 0 23 16 54.800000000000004 46.800000000000004 60.6 74.8 46.6 0 21.200000000000003 10 66 11.4 70.8 47.400000000000006 8.6 15.4 7.4 11.8 10.600000000000001 19 0 1.6 0.8 0 0 0.6000000000000001 0.6000000000000001 0 0.6000000000000001 1.8 0 0 3.8000000000000003 1.8 0.6000000000000001 0 0.4 0.8 0.6000000000000001 0 0 0 0 0.6000000000000001 0.4 2.6 0.8 0 0.6000000000000001 0.6000000000000001 1 0.6000000000000001 0 0 0.2 0 0.6000000000000001 0 0 0.6000000000000001 0 0 2.2 0 0 0 0 0 0 0 0 0 0 0 0 0 0 0 0 0 4.6000000000000005 0.2 4 1.8 0 3.2 2.2 1.4000000000000001 1.2000000000000002 6.6000000000000005 6 0.2 0.4 2 0.2 4.6000000000000005 6.6000000000000005 14.600000000000001 4.6000000000000005 4.2 3 0.2 0 0 0 0 0 0 0 0 0 0 4.2 0 0 0 0 0 7 0 0 1.8 0 0 0 0 0 0.8 0 0 0 0.4 0 5.800000000000001 0.2 0 0 0 0 0.8 0 0 2 0 6.4 0 1 0 1.4000000000000001 0 0.2 3.6 0 0.8 0 0 3 0 0.2 0 0 1.8 7.4 2.4000000000000004 2 5.2 1.8 14.4 1.4000000000000001 5.800000000000001 26.200000000000003 0 1.4000000000000001 2.2 8.4 1.6 0 4.2 0 2 2.6 0 0 0 0 0 0 0 0 0 0 0 0 0 0 0 0 0 0 0 0 0 0 0 0 0 0 0 0.2 0 0 0 0 0 0 0 0 0 0 0 0 0 0.8 0 0 0 0 0.2 0 0.2 0 0 0 0 1 0 0 0 0.2 0.4 0 0 0 0 0 0 2.2 0 0 0 0 0 0 0 0 0 0 0 0 0 0 2.4000000000000004 0 0 0 0.2 0 0 0 0 
 0.8 0 0.6000000000000001 0 0 0 0 0.2 0 0 0.2 0 15.8 0.6000000000000001 0.4 0 0 15.200000000000001 0.4 0.4 16.6 12.4 63.2 37.4 15.4 9.8 33.800000000000004 21.200000000000003 0 48 50.2 37 19.8 43 37 22 32 80.4 18.8 15.8 0 0.6000000000000001 0.4 0 0 0.6000000000000001 0 0 0 1.8 0 0 13.4 0.6000000000000001 0.6000000000000001 0 0 0 0.4 1.8 0 0 0 0.6000000000000001 0 0.6000000000000001 0 0.8 0 9.600000000000001 0 0.4 0.6000000000000001 0 0 0 0.6000000000000001 0 2.6 0.8 0 0 0 0 0 0 0 0 0 0 0 0 0 0 0 0 0 0 0 0 0.4 1.4000000000000001 2.4000000000000004 8.8 7.4 3.8000000000000003 0 0 0.2 0 6.2 5.4 0 0 0 3.4000000000000004 0 6.800000000000001 0 0 0.8 0 0 0 0 0 0 3.2 0 0 0.4 0.4 0.6000000000000001 0 0 0 0 0.2 2 0 0 0 0 0 0 0 0 0 0 0 0 0.2 0 0 0.2 0 0 0 0 0 0 1.2000000000000002 0 0 0 0 0 0 0 0 0 0 0 0 0 1.6 0.2 0 0 0 2.8000000000000003 2.4000000000000004 2.2 2.8000000000000003 4.4 0 0 0.4 0 2.2 0 1.8 0 0 2 2.4000000000000004 4.2 2.8000000000000003 0.2 0 0 1.2000000000000002 0 0.4 0 0.2 2.2 0.2 0 0 0 0 2.2 0 1 0 2 0 0.6000000000000001 0 0 0 0 0 0 0 0 0 0 1.2000000000000002 0 0 0 0.2 0 0 0.2 0.4 0 0.4 0 0 0 0 0 0 0 0 0 0 0 0 0 0 0.8 0 0 25.200000000000003 0 0.4 0 0.2 0 0 0 0 0 0 0 0 0 0 0 0 0 0 0 0 0 2.2 0 0 0 0 0 0 0.2 0 0 0 
 0 41.2 0 0 0 42.400000000000006 0.4 0 0.6000000000000001 0 0.4 0.2 0 0 0 0 0 0 0 0 25.200000000000003 13.200000000000001 57.400000000000006 73.8 58.800000000000004 31.6 21 10 48 0 69.8 32 11.600000000000001 27 61.6 53.2 78 24.400000000000002 17 14 0 1.4000000000000001 0.4 0 0 0.6000000000000001 3.2 0 0 0.8 0 0 4.4 0.6000000000000001 0 0 0.6000000000000001 0 0.4 0 0 0 0 0.6000000000000001 0.6000000000000001 0.6000000000000001 0.4 0 0 1.6 0.4 0.4 0 0.4 0 0 0.6000000000000001 0 1.6 0 0 0 0 0 0 0.6000000000000001 0 0 0 0 0 0 0 0.2 0 0 0 0 0 0 0 2.6 0 5.800000000000001 4.800000000000001 1.6 0 1.2000000000000002 4 2.6 2.8000000000000003 3 0 0 9.8 1.8 3.8000000000000003 2 0 2.6 2 4.6000000000000005 0 0 0 0 0 1.8 2.2 0 13.8 0 2.4000000000000004 4.2 0 0 0 0 3.8000000000000003 0 0 0 0 0 0 0 0 0 0 0 0 1.2000000000000002 0 0 0.6000000000000001 0 0 0 0 0 0 0 0.8 0 0 0 0 0 0 0 0 0 0.2 0 0 0 0 0 0 0 0 0 3.4000000000000004 0 9 0.8 0 0 2.6 1.6 0 5 0 2.6 0.2 0 8.200000000000001 8.6 0 0 0 2 0.2 0 0 0 1.4000000000000001 0.2 0 2.2 0 0 1.6 0 3.4000000000000004 0 0 0 6.800000000000001 0 0 0 0 0 0 0 0 0 0 0 0 0 0 0 0 0 0.4 0 0 0 0 0 0 0 0 0 0 0 0.6000000000000001 0 0 0 0 0 2.2 0 0.8 16.2 18.6 0.6000000000000001 0 2.8000000000000003 0 0 0 0 0 0 0 0 0 0 0 0 0 0 0 0.2 0 0 0 0.4 0 0 0 3.6 2.2 0 0 0 
 0.6000000000000001 0 2 0.4 0 0.4 0.2 0 0 0 0.2 0 0 0.6000000000000001 4.800000000000001 0 0 0 0 0 136.20000000000002 62.400000000000006 26.200000000000003 24 18.6 64.60000000000001 36.800000000000004 66 50.2 69.8 0 72.2 7.6000000000000005 37.6 59.400000000000006 22.6 21.200000000000003 63.2 23.200000000000003 43.6 0.4 0.6000000000000001 0.4 0 0 0.6000000000000001 0 0.6000000000000001 0 1 0 0 13.600000000000001 8.200000000000001 0 0 0 0.2 0.6000000000000001 0 0 0 0 0.6000000000000001 0 0.6000000000000001 0 0 0 2.6 0 0.6000000000000001 3 0 0 0 0.6000000000000001 0 1.6 0.2 0 0 0 3.6 0 0 0 0 0 0 0 0 0 0 0 0 0 0 0 0 2.4000000000000004 2.2 0.2 15.600000000000001 8.4 1.4000000000000001 0 1.4000000000000001 0.4 3.6 7.4 17.6 0 0 5 6.6000000000000005 3.4000000000000004 5.2 0 3.4000000000000004 0 0 0 0 0 0 0 0 0 0 0 0 2.2 0 0 0 0 0 3.2 0 0 0 0 0 0 0 0 0 0 0 0 1.4000000000000001 0 0 0.6000000000000001 0 0 0 0 0 0 0 0.4 0 0 0 0 0 0 0 0 0 0.8 0 0 0 0 0 0 0 7 0 4.6000000000000005 2.4000000000000004 2 3.6 0.2 0 2.4000000000000004 1.4000000000000001 0.6000000000000001 2 4 2.6 4.4 0 6 6.4 0 0 0 0 0 0 0 0 0 0 0 0 0 0 0.2 0 0 0 0 0 3.2 0 0 0 0 0 0 0 0 0 0 0 0 0 0 0 0 0 0 0 0 0 0 0 0 0 0 0 0 0 0 0 0 0 0 0 1 0.4 0.8 7.800000000000001 14.600000000000001 0 0.6000000000000001 2.8000000000000003 0 0 0 0 0 0 0 0 0 0 0 0 0 0 0 0 0 0 0 0 0 0 0 3.8000000000000003 2.2 2.8000000000000003 0 0 
 0 0.4 0.2 0 0 0.2 0 0 0 0 0.4 0 0 0.4 0 0 0 0 0.4 0 34.2 50 22 41.2 12 25.200000000000003 34.800000000000004 11.4 37 32 72.2 0 18.8 30 62.6 20.8 31.200000000000003 38.2 51.2 15.4 0.2 0.6000000000000001 0.6000000000000001 0 0 0.6000000000000001 0.8 0 0 0.6000000000000001 0 0 0 0.6000000000000001 0 0 0 0 12.200000000000001 0 0 0 0 0.6000000000000001 0 0.6000000000000001 8.200000000000001 0 0 11.600000000000001 0.2 0.6000000000000001 0 0 0 0 0.6000000000000001 0 0 0 0 0 0 0 0 0.2 0 0 0 0 0 0 0 0.2 0 0 0 0 0 0 0.2 1.6 3.8000000000000003 8.4 4.6000000000000005 4 0 3.2 0 2 7.800000000000001 3.8000000000000003 0 0 0.2 7 2.2 5 2.4000000000000004 3 0 0 0 0 0 0 0.4 2 0 0 1.4000000000000001 1.6 2 0 0 2.6 0 0 3.8000000000000003 4.2 0 0 0 0 0 3 0 0 0 0 0 4.6000000000000005 0 0 0.6000000000000001 0 0 0 0.2 0 0 0 0 0 0 0 0 0 0 0 0 0 0.2 0 0 0 0 0 0 0 1.6 9.4 5.4 2.6 4.2 2.6 0 0 1.4000000000000001 2 1.2000000000000002 0 1.2000000000000002 0 3.8000000000000003 1.6 6.800000000000001 2.6 0 0 0 0 0 0 0 0 0 0 2.4000000000000004 0 3.8000000000000003 0 0 0.6000000000000001 5.800000000000001 1.2000000000000002 0 3.2 2.4000000000000004 0 0 0 0 0 0 0.6000000000000001 0 0 0 0 0 0 0 0 0 0 0.4 0 0 0 0 0 0 0 0 0 0 0 0 0 0 0 0 0 1 0.4 0 29 0.4 0.2 0 0.8 0 0 0 0 0 0 0 0 0 0 0 0 0 0 0 0 0 0 0 0 0 0 0 0 2 0 0 0 
