 0 19 88.80000000000001 43.400000000000006 6.4 6.6000000000000005 32.2 172.20000000000002 36 9.4 11 3 51 41.400000000000006 99.2 7.2 9 23.6 62.400000000000006 96.80000000000001 22.200000000000003 0.6000000000000001 0.2 0.6000000000000001 0 0 0.6000000000000001 0 0 0 0.6000000000000001 0 0 0 0 0 0 0 14.8 0 0.4 0 0 0 0 0 0 0 0 0 0 0 0.6000000000000001 0 0.6000000000000001 0.6000000000000001 1 0 0 0.6000000000000001 0 0.4 0 0 0 0 0 1 0.6000000000000001 0 0 0 0.6000000000000001 0 0.6000000000000001 0 0 0 0 0 5.2 7.800000000000001 2.8000000000000003 1.6 1.8 2.4000000000000004 7 4.4 2.2 3.4000000000000004 15.200000000000001 2.6 0 7.6000000000000005 7.2 0 0 0.2 0 1.2000000000000002 0 0 0.2 0 0 0 0 0 0 0 0 0 0 0 0 0 0.4 0 0 0 0 0 0 0 0 0 0 5 0 0 0 0.2 0 0.4 0 0 0 0 0 0 0.2 0 0 0 2.8000000000000003 0 0 0 0 0 0.4 0.4 0.2 0 0 0 0 0 0.4 0 3.4000000000000004 5.800000000000001 5.2 9.4 0 0.4 5.4 5.2 0 0 5.4 0 5.800000000000001 1.8 2.6 6.6000000000000005 0 0 0.2 0.2 0 0 0 10.200000000000001 0 0 0 0 0 0 0 0 0 0 0 0 0 0 0 1.4000000000000001 0 0 0 0 0 0 0 0 0 0 0 0 0 0.2 0 0.2 0 0 0 0 0 0 0 0 0 0 0 0 0 0 0 0 0 0 0 0 0 0.2 0 0 0 0 0 0 0 0 0 0.4 0 20.200000000000003 0.4 2.4000000000000004 0 0 0 0 0 0 0 0 0 0 0 0 0 0 0 0 0 0 0 0 0 0 0 0 0 0.2 0 0 0 0 0 0 0 0 0 0 0 0 
 19 0 54.2 16.8 8 28.6 28 39 13.600000000000001 27.6 40.2 24.8 66 84 36.4 31.400000000000002 25 5.2 8.200000000000001 27.8 0 0.6000000000000001 0 0.6000000000000001 0 0 15.4 0 0 0 0.6000000000000001 0 2 0 0 0 14.600000000000001 0 15.8 0 0.4 0 0 0 0.2 12.4 0 0 0 0 0.2 0 0.6000000000000001 0 0.6000000000000001 0.6000000000000001 0.6000000000000001 17.400000000000002 0 0.6000000000000001 0 0.4 0 0 0 0 0 0 0.4 0 11.200000000000001 0 0.6000000000000001 0 0.6000000000000001 0 0 0 0 0.8 0 4 3 2.4000000000000004 3 4.800000000000001 0 0 3.8000000000000003 0 0 4.2 0 2.2 3.2 5.2 1.8 0 0 3.8000000000000003 2 0.2 0 0 0 0 3.2 0 0 0 0 0 2.8000000000000003 4.2 0 0 0.4 0 5.6000000000000005 3 0 0 0 0 0 0 0 0 0.4 0 0 0 0 0 4.4 0.2 2.6 0 0 0 0 0 0 0 0 0 0.2 0 0 0 0.4 0.4 0.2 0 0 0 0 0 0.2 0 2 0 0 2.4000000000000004 0 0 5.800000000000001 2.6 1.6 0 0 4.4 0 3.4000000000000004 9.200000000000001 0.4 5.2 0.4 0 4.800000000000001 0 0 0 0 0 0 0 0 0 0 0 0 1.6 0 0 0 0 0 0 0 0 0 0 0 0 0.2 0 0 0 0 0 0 0 0.2 0 0 0 0 0 0 0 0 0 0 0 0 0 0 0 0 0 0 0 0.2 0 0 0 0 0 0 0 3.4000000000000004 0 0 0 0.4 19.8 0 0.2 0.4 2 0.8 0 0 0 0 0 0 0 0 0 0 1 12.8 0 0 0 0 0 0 0 0 0 0 0 3.2 0 2.4000000000000004 0 0 0 0 0 0 0 0 0 0 0 2.8000000000000003 
 88.80000000000001 54.2 0 50.400000000000006 76 28.6 14.600000000000001 56.800000000000004 58.800000000000004 38.400000000000006 20.200000000000003 32.800000000000004 9.200000000000001 36.2 52.2 46.2 9.8 10.200000000000001 6.4 12.200000000000001 0 0.6000000000000001 0.4 0.6000000000000001 0 0 0.6000000000000001 0 0 0 0.6000000000000001 0 0 0.2 0.4 0 0 0.8 15.200000000000001 0 0.4 0 0 0 0.2 0 0 0 0 0 0 0 0.6000000000000001 0 0.6000000000000001 0.6000000000000001 1 0.2 0 0.6000000000000001 0 0.4 0 0 0 0 0 0 0.6000000000000001 0 0 9.600000000000001 0.6000000000000001 0 0.6000000000000001 0 0 0 0 7.800000000000001 0 2.2 4.6000000000000005 1.6 2.6 5 0 2.4000000000000004 10.8 8 2.4000000000000004 6.2 0 3.2 0 1.6 12.200000000000001 3 0 0 0 0 0 0 0 0 0 0 0 0 0 0 0 0 0 0 0 0 2 3 0.2 0 0 0.2 0 0 0 0 0.4 0 0 0 0 0 0 0 0 0 0 0 0 0 0 0 1 0 0 0 0.4 0 0 0 0 0 0 0 0 0 0 0.4 2.8000000000000003 0 2.6 6.6000000000000005 1.4000000000000001 0 5 4.4 3.6 2.2 0 1.2000000000000002 0 0 3.8000000000000003 2 3.2 0 4.6000000000000005 2 0 0 0 0 0 0.8 0 0 0 0 0 0 0 0.2 1.4000000000000001 0 0 0 0.2 6.2 0.2 0 0.2 0 1.6 0 0 0 0 0 0 0 0 0 0 0 0 0 0 0 0 0 0 0 0 0 0 0 0 0 0 0 0 0 0 0.4 0 0 0 0 0 0 0 0 0 1 17.6 0.4 18 18 0.6000000000000001 0.6000000000000001 0 0 0 0 0 0 0.2 0 0 0 0 0 0 0 0 0 0 0 0 0 0 0 0 0 0 0 0 0 0 0 0 0 0 0 0 0 0 0 
 43.400000000000006 16.8 50.400000000000006 0 44.400000000000006 72.2 17 61.2 74.4 76.2 10.600000000000001 90.2 12 15.200000000000001 17.400000000000002 17 8.4 52.2 55 7.2 0 0.6000000000000001 0 0.6000000000000001 0 0 28.400000000000002 0.2 0 0.4 0.6000000000000001 0 17.2 0 4.2 0 0.8 0 0.2 11.600000000000001 0.4 0 0 0 0.2 0.4 0 0 0 0 0 0 11.4 25.200000000000003 0.6000000000000001 0.6000000000000001 0.6000000000000001 0 0 0.6000000000000001 0 0.4 0 0 0 0 0 1.4000000000000001 0.6000000000000001 0 0 0 0.6000000000000001 0 0.6000000000000001 0 0 0 0 0 7.6000000000000005 2.2 0 4.2 4 0 3 2.6 0 7 3.2 0.4 0 2.2 0.2 1.4000000000000001 8 2.2 0 6 8.4 3.8000000000000003 3.4000000000000004 0 0 0.4 2.6 0.2 3.6 1.2000000000000002 0.2 0 8.8 2.2 0 2.4000000000000004 0 1.8 0 3.8000000000000003 0 0 0.2 0 0 0 0 0 0 0 4.6000000000000005 0 0 0 0 2.4000000000000004 0 0 0 0 0 0 0.8 0 1.6 0 0 0 0 0 0 0 0 0 0 0 0 0 0 0 3.2 0.2 0.2 0 6.800000000000001 2.8000000000000003 0 0 0.2 2.2 9.200000000000001 1 0 0 0 5.6000000000000005 0 0 0.8 0.8 9.8 3.6 0 0 0 1 5 4 8 0 0 0.2 3 0.2 0 1.4000000000000001 5.2 1.8 4.800000000000001 8.4 0 0 0.2 0 0 0 0 0 0 0 0 0 0 0 0 0 0 0 0 0 0.4 0 0 0 0 0 0 0 0.4 0 4.2 0 0 0 0 0.2 0 0 0 0 0 0.2 0 0 0 0 9.200000000000001 0 0 0.6000000000000001 0.4 3.6 2.8000000000000003 0 0 0 0 0 0 0 0 0 0.2 0 0 0 0 0 0 0 0 0 0 0 0 0 3.6 0 0 0 0 0 0 0 0 0 0 0 0 0 
 6.4 8 76 44.400000000000006 0 44.800000000000004 8.6 10.200000000000001 19.200000000000003 125.60000000000001 35 29 14.200000000000001 11.600000000000001 72.8 22.400000000000002 53.400000000000006 119.2 10 9.8 0 30.200000000000003 15 0.6000000000000001 0 0 32.800000000000004 0 0 0.6000000000000001 1.2000000000000002 0 15.200000000000001 15.200000000000001 42 0 8.200000000000001 0 0 1 0.4 0 0 0 0 0 0 0 0 0 0 0 0.6000000000000001 0 0.6000000000000001 0.6000000000000001 1 0 0 0.6000000000000001 0 0.4 0 0 0 0 0 0.6000000000000001 0.6000000000000001 0.8 0 0 0.6000000000000001 0 0.6000000000000001 0 0 1.4000000000000001 0 0 1.6 0.4 0.2 2.4000000000000004 3.8000000000000003 0 0 0 0 2.8000000000000003 0 0.2 0 0 0 2 0 2.2 0 0 6.6000000000000005 3.6 11.200000000000001 3.4000000000000004 0 0 0.4 6.800000000000001 4.800000000000001 0.6000000000000001 3.8000000000000003 0 1.4000000000000001 0 0.2 2.2 0 2.4000000000000004 5.800000000000001 2.6 0 0 0 0 0 0 0 0.2 0 0.4 0 0 0 0 0 0 0 0 0 0 0 0 0.6000000000000001 0 0.4 0 0 0 0 0 0 0 0 0 0 0 0 0 0 0 0 4.800000000000001 0 0 4.800000000000001 0.2 0 0 0 0 0 3.2 0 2 0 2 0 0 0 0 7.4 8.200000000000001 8.4 1.2000000000000002 0.4 0.4 6.2 6.6000000000000005 2 0.2 0 0 6.6000000000000005 3.8000000000000003 7.2 0 1 7.4 4.6000000000000005 5.6000000000000005 0 2.8000000000000003 0 0 0 0 0.4 0.2 0 0 0 0 0 0 0 0 0 0 0 0 0 0 0 0 0 0 0 0 0 0 0 0.2 0.4 0 0 0 0 0 0 0 0 0 0 0 0 0.8 0.8 0.4 0 0.2 0 1.8 0 0 0 0 0 0 0 0 0 0 0 0 0 0 0 0 0 0 0 0.2 0 0 0 1.2000000000000002 0 0 0 0 0 0 0 0 0 0 0 0 0 0 
 6.6000000000000005 28.6 28.6 72.2 44.800000000000004 0 5.4 23.8 47.800000000000004 58.6 16 33.2 13.600000000000001 36.800000000000004 46.2 40.400000000000006 16.400000000000002 61.800000000000004 26.6 18.8 0.2 25 20.8 0.6000000000000001 0 0.2 1 0 0 0.2 0.6000000000000001 0 15.200000000000001 15.8 13 0 4.2 0 0 0 0.4 0 0 0 0 0 0 0 0 0 0 0 0.6000000000000001 0 0.6000000000000001 0.6000000000000001 13.4 0 0 0.6000000000000001 0 0.4 0 0 0 9.600000000000001 0 0.2 0.6000000000000001 0 0 0 0.6000000000000001 0 0.6000000000000001 0 0 0 0 0 7 2.6 5.800000000000001 2 4.800000000000001 5.6000000000000005 0 0 0.4 1.4000000000000001 0 0 0 4.800000000000001 0 3.4000000000000004 0 0 0 0 3 7.2 16.400000000000002 0 0 0 0 3.6 0 4.2 1.6 0 6.6000000000000005 0.2 0 5 0 1.6 17 4.6000000000000005 0 0 0 0 0 0 0 0 0 0 0 0.2 0 0.4 0 0 0 1.4000000000000001 0 0 0 0.2 2.6 0 1 0 0 0 0 0 0.2 0.4 0 0 0 0 0 0 0.4 0 0 1 2.8000000000000003 4.4 0.4 0.4 3.2 2.2 2.8000000000000003 2.6 0 1.8 0 2.2 5.4 1.2000000000000002 2.8000000000000003 0 0 0.2 2.4000000000000004 4.6000000000000005 0 0 0 0.4 3.6 2.8000000000000003 0 0 0 0 7.2 0 3 0 2.4000000000000004 1.2000000000000002 4.4 1.2000000000000002 0 3 0 0 0 0.2 0 0 0 0 0 0 0 0 0 0.2 0 0 0 0 0 0 0.6000000000000001 0 0 0 0 0 0 0 0 0 0 0 0 0 0 0 0 0 0 0 0 0 0 0.2 17 0.2 18 17.400000000000002 0.4 2.8000000000000003 0 0 0 0 0 0 0 0 0 0 0 0 0 0 0 0 0 0 0 0 0 0 0 3.8000000000000003 0 0 0 0 0 0 0 0 0 0 0 0 0 0 
 32.2 28 14.600000000000001 17 8.6 5.4 0 19.400000000000002 9.600000000000001 10.4 26 9.200000000000001 50.400000000000006 22 69.2 6.800000000000001 22.6 22.6 21 8.8 0 0.6000000000000001 0.2 0.6000000000000001 0 0 0.4 0 0 0 0.6000000000000001 0 0 0 14.8 0.4 17.8 0 0 0.6000000000000001 2.2 0 0 12 4.800000000000001 0 0 0 0 0 0.2 0 0.6000000000000001 0 1 0.6000000000000001 0.8 0 0 0.6000000000000001 0 0.4 0 0 0 0 0 0 0.4 0 0 0 0.6000000000000001 0 0.6000000000000001 0 0 0 0 0 2 2.8000000000000003 4.4 2 1.2000000000000002 0 3.6 3.2 9.600000000000001 2.6 4.6000000000000005 0 3.4000000000000004 1.6 6 5.4 1.6 2 5.2 1.8 0 0 0 0 0 0 0 0 0 0 0 0 4.2 0 0 0 0 0 0 0 0 0 0 0 0 0 0.2 0 0 3.8000000000000003 0 0 0 0 0 0 0.4 0 0 0 0 0 0 0 0 0 0 0 0 0 2.2 1.6 0 0 0 0 0 0 0 0 14.4 3 6.6000000000000005 0 0 0 2.2 5.6000000000000005 0 2 0 6.4 2 3 0.6000000000000001 1.8 9.8 5.2 2.4000000000000004 5 0 0 0 0 0 0 0 0 0 0.4 0 0 0 0 0 0 0 0 0 0 0 0 0 0 0 0 0 0 0 0 0 0 0 0 0 0 0 0 0 0 0 0 0 0 0 0 0 0 0 0 0 0 0 0 0 0 0 0 0 0 0 0 0 0 0 0.4 0.2 0 0 0.2 0 1.6 0 0 0 0 0 0 0 0 0 0 0 0 0 0 0 0 0 0 0 0 0 0 0 4.6000000000000005 2.2 2.6 0 0 0 0 0 0 0 0 0 0 0 0 
 172.20000000000002 39 56.800000000000004 61.2 10.200000000000001 23.8 19.400000000000002 0 17 68 13 9.600000000000001 83.2 34.800000000000004 44.6 78.4 65.8 24.8 69.4 24.400000000000002 0 1 0.2 0.6000000000000001 0 0 0.6000000000000001 0 0 0 0.8 0 15.600000000000001 0 0 0.2 0 0 7.4 0.4 0.4 0 0 0 0.2 0 0 0 0.2 0 0 0 0.6000000000000001 0 0.6000000000000001 0.6000000000000001 0.8 1.4000000000000001 0 0.6000000000000001 0 0.4 0 0 0 0 0 1.2000000000000002 0.6000000000000001 0 0.2 0 0.6000000000000001 0 0.6000000000000001 0 0 0 0 0 4.2 7 6.2 1.4000000000000001 1.2000000000000002 6.4 7 7.6000000000000005 7.6000000000000005 0.2 8.8 4 0 3.8000000000000003 7.6000000000000005 2.6 0.2 0.2 0.2 2.2 0 0 0 0 0 0 2.8000000000000003 3 0 0 0.4 0 0 0 0 0 0 0 2.2 0 0 0 0 0 0 0 0 0 0 0 0 0 0 0 0 0 2.6 0 0 0 0.2 0 0 0 0 0 0 0.4 0 0 0 0 0 0 0 0 0 0 0 0 6.2 3.2 7.800000000000001 2.2 0 0 2 5.2 3.2 4.800000000000001 2.4000000000000004 11.8 3.8000000000000003 1.6 0 3.8000000000000003 4.6000000000000005 11 0.4 0 0 0 0 0 0 0 0.2 0 3.4000000000000004 0 0 0 0 0 0 0 0 0 0.4 4 0 0 0 0 0 0 0 0 0 0 0 0 0 0 0 0 3.8000000000000003 0.2 0 0 0 0 0 0.2 0 0 0 0 0 0 0 0 0 0 0 3.2 0 0 0 0 0 2.2 0 0 0 0 1.6 0 0 9 0.2 1.4000000000000001 0 0 0.2 0 0 0 0 0 0 0 7.6000000000000005 0 0 15 0 0 0 0 0 0 0 0 0 0 0 0 0 0 0 0 0 0 0 0 0 0 0 0 
 36 13.600000000000001 58.800000000000004 74.4 19.200000000000003 47.800000000000004 9.600000000000001 17 0 54 48.6 24.6 15.200000000000001 48.2 48.400000000000006 31.6 25.8 88.4 11.4 37.800000000000004 0.4 1 0 0.6000000000000001 0 0 0.6000000000000001 0.4 0 0.4 1 0 0 0.8 0 0 0 0 0 0 1 0 0 0 2.2 10.200000000000001 0.4 0 0 0 12.200000000000001 0 0.6000000000000001 0 0.6000000000000001 1.2000000000000002 0.6000000000000001 0.6000000000000001 0 0.6000000000000001 0 0.6000000000000001 0.4 0.4 0.4 0 0 0.6000000000000001 0.6000000000000001 0.2 0.4 0.6000000000000001 0.6000000000000001 0 0.6000000000000001 0.4 0 0.2 0 0.2 1.6 4.4 2 3.4000000000000004 2.2 2.8000000000000003 1 4.800000000000001 3 10 0 0.8 0 10.600000000000001 0.2 8.200000000000001 4 4.4 0 5.800000000000001 0 0.2 0 0 0 0 0.2 0 0 0 0 0 0.6000000000000001 0 0 0.4 0 0 8.200000000000001 2.2 0 0 0 0 0 0 0 0 0 0 0 0 0 0 0 0 0 0 0 0 0 0 0.8 0 0.4 0 0 0 0 0 0 0 0 0 0 0 0 0 0 0 5.800000000000001 3.6 0 2.2 0.6000000000000001 0 5.4 2.2 0 1 0.2 4.800000000000001 0 0 6.6000000000000005 13 0 2.6 4.4 6.800000000000001 0 0 0 0 0 0.4 0 0 0 0 0 0 0 0 0 0 0 0 0 3 0 0 0 0 0 0 0 0 0.4 0 0 0 0.4 0 0 0 0 0 0 0 0 0 0.2 0 0 0 0 0.4 0 0 0 1.2000000000000002 0 0 0 0 0 0 0.4 0 0 0 0 0 0 0 0.8 0.4 0.6000000000000001 1 2 3 2.2 0.2 0 0 0 0.2 0 0 16.400000000000002 0 0 0 0 0 0 0 0 0 0 0 0 0 0 0.2 0 0 0 0 0 0 0 0 0 0 0 0 0 0 
 9.4 27.6 38.400000000000006 76.2 125.60000000000001 58.6 10.4 68 54 0 39.800000000000004 44.2 29.6 52.2 58.800000000000004 84.80000000000001 27.8 61 14.200000000000001 55.2 0 1.2000000000000002 0 0.6000000000000001 0.4 0.2 38.2 0 0.4 0 0.6000000000000001 0 20.8 0.2 15.200000000000001 0 0.6000000000000001 0 29.8 0.4 0.4 0.4 0.4 0 0.4 0 0 0 0.6000000000000001 0.4 0 0 0.6000000000000001 0 0.6000000000000001 0.6000000000000001 1.6 0.6000000000000001 0 0.6000000000000001 0.2 0.4 0 0 0 0 0 0 0.6000000000000001 0 0 0 0.6000000000000001 0 0.6000000000000001 0 0 0 0 0.8 1.8 1.8 2.8000000000000003 9.8 2.2 2.2 2 0.2 0 7 0 12.4 0 0 2.4000000000000004 4 5.6000000000000005 6 0 0 5.6000000000000005 2.8000000000000003 3.8000000000000003 0 0 0 5 0 3 2.4000000000000004 0 0 5 7.6000000000000005 0 0 0 0 3.2 10 0 0 0 0 0 0.4 0 0 0 0 0 0 0 0 0 1.8 1.4000000000000001 0 0 0 0 0 1.2000000000000002 0 0.6000000000000001 0 0 0 0 0 0 0 0 0 0.2 0 0 0 0 0 2.8000000000000003 0 0.2 3 4.800000000000001 3.6 0 0 1.8 5.2 3.4000000000000004 3.8000000000000003 0 2.8000000000000003 3 0.2 2.6 2.2 0.4 3 2.2 4 0 0 0 2.2 0 0 0 0 0 0 1.6 0.4 0.4 2.2 1 0 0.4 6.4 0 0 0 0 0 0 0 0.2 0 0.4 0 0 0 0 0 0 0 0 0 0 0 0.2 0 0 0.2 0 0 0 0 0 0 0 0 0 0 0 0 3.4000000000000004 0 0 0 2.4000000000000004 0 0 0 0 34.4 0 0.4 0.4 0.2 0.6000000000000001 3.2 0 0 0 0 0 0 0 0 0 2.4000000000000004 0 0 0 0 0 0 0 0 0 0 0 0 0 3.4000000000000004 0 0 0 0 0 0 0 0 0 0 0 0 0 
 11 40.2 20.200000000000003 10.600000000000001 35 16 26 13 48.6 39.800000000000004 0 8.200000000000001 8.8 36 12.600000000000001 52.6 27.6 20.200000000000003 10.4 13.200000000000001 0 0.6000000000000001 0.4 1 0.4 0 15.4 14.4 0 0 0.6000000000000001 0 14.8 3.8000000000000003 30.6 0 0 0.4 19.6 0.8 0.4 0 0 0.4 0.4 0 0 9.600000000000001 0 0.4 0.4 0.6000000000000001 0.6000000000000001 0.6000000000000001 0.6000000000000001 0.6000000000000001 1 0.6000000000000001 0 0.4 0 0.4 0 0 0 0 0 0.6000000000000001 0.4 0 0 0 1.2000000000000002 0 0.6000000000000001 0.4 0.8 1.4000000000000001 0 0 0 3.2 0 9 0 10 0 0 0 0 0 4.6000000000000005 2.2 3.8000000000000003 0 0.6000000000000001 6 3.2 3.8000000000000003 2.2 3.6 0 0 0 0 0 2.6 1.4000000000000001 0 0 0 0 0 1.8 0 0 0 0 6.800000000000001 3.6 0 0 0 0 0 0 0 0 0 0 0 0 0 0 0 0 0 0 0 0.4 0 0 0 1 0 0 0 0 0 0 0 0 0 0 0.4 0 0 0 0 0 0 0 0 4.4 8.4 3.6 2.6 0 6.2 2.6 0 5.800000000000001 0 0 3.4000000000000004 0 0 0 0 0 0 0 0.2 0 0 0.8 0 3 0 0 0.2 0 0 4.6000000000000005 0.4 0 0 3 12 0.6000000000000001 0 0 0 0 0 0.6000000000000001 0 0 0 0 0 0 0 0 0 0 0 0 0 0 0 0.2 0 0 0 0 0 0 0 0 0 0 0 0 0 0 0 0 0 0.4 0 1.8 0 0 0 0 0.2 0.4 19.200000000000003 17 0 2.8000000000000003 1.2000000000000002 0 0 0 0 0 0 0 0 0 1.8 0 0 0 0 0 0 0 0 0 0 0 0 4 2.2 0 0 0 0 0 0 0 0 0 0 0 0 0 
 3 24.8 32.800000000000004 90.2 29 33.2 9.200000000000001 9.600000000000001 24.6 44.2 8.200000000000001 0 9.4 7.6000000000000005 69 42.6 70.8 65.2 5.6000000000000005 5.2 0 0.8 0 0.6000000000000001 0 0 7.800000000000001 0 0 0 0.6000000000000001 0 32 0.2 0 0 0 0 13.4 14.8 0.4 0 0 0 0.2 0 0 0 0 0 0.4 0 0.6000000000000001 0 0.6000000000000001 0.6000000000000001 0.6000000000000001 1 0 0.4 0 0.4 0 0 0 0 0 0 0.4 0 0 0 0.6000000000000001 0 0.6000000000000001 0 0 0 0 0 2.4000000000000004 4.2 5 7 0.8 3 0 0 6 3.2 0 6.800000000000001 0 0 0 8.8 4.800000000000001 7.800000000000001 0 0 2.4000000000000004 2 0.2 0.2 0 0 7.6000000000000005 0 0.2 0 0 0 9.600000000000001 4.4 0 0 1.2000000000000002 0 2.2 7.4 0 0 0 0 0 0 0.2 0 0 0 0 0 0 0 0 1.8 2.4000000000000004 0 0 0 0 0 1 0 0.6000000000000001 0 0 0 0 0 0 0 0 0 0 0 0 0 0 0 0 0 4 2.8000000000000003 4.2 3.4000000000000004 0 0 3.4000000000000004 2.2 4.2 4.6000000000000005 0 4.4 0 0.2 5.2 0 0.4 1 2.8000000000000003 0 0 0 0 2.2 2 1 0 0 0 0 1.8 2.4000000000000004 3.4000000000000004 4 4.4 0 4 6.800000000000001 0 0 0 0 0 3.6 0 2 0 0 0 0 0 0 0 0 0 0 0 0 0 0 0 0 0 0 0 0 0 0 0 0 0 0 0 0 0 0 0 0 0 2 0 0 0 0 18.2 0 1 0.6000000000000001 0 1.4000000000000001 0 0 0.4 0 0 0 0 0 0 0 7.800000000000001 0 0 0 0 0 0 0 0 0 0 0.2 0 0 3.8000000000000003 0 0 0 0 0 0 0 0 0 0 0 0 0 
 51 66 9.200000000000001 12 14.200000000000001 13.600000000000001 50.400000000000006 83.2 15.200000000000001 29.6 8.8 9.4 0 78 31.400000000000002 49.800000000000004 7 10.600000000000001 40.800000000000004 46.2 0 1 0 0.6000000000000001 0 0 0.4 0 0 0.4 0.6000000000000001 0 0 0 0 0 0 6 0 0 0.4 0 0.4 0 0.2 0 0 11.8 0 0 0.4 0 0.6000000000000001 0 0.6000000000000001 0.6000000000000001 0.8 0 0 0.4 0 0.4 0.2 0 0 0 0 0 0.4 0 0 0 0.6000000000000001 0 0.6000000000000001 0 0 0 0 0 3.6 0.2 1.2000000000000002 0 4.2 0 4 0 6.2 0 0 0 2 0 0.4 0 0 0 0.2 0 0 0 0 0 0 0 0 0 0.2 0 0 0 0.2 0 0 0 2 0 0.2 0 0 0 0 0 0 0 0 0 0 0 0 0 0 0 0 0.4 0 3.4000000000000004 0 0 1.2000000000000002 0 0.2 0 0 0 0.4 0 0 0 0 0 0 0 0 0 0 0 0 0 2 0 0 0 0 0 1.8 3.6 4 0 3.4000000000000004 0 6.4 4.4 3.8000000000000003 1.4000000000000001 0 6.800000000000001 0 2 3.6 0 0 0 0 0 0 0 0 0 0 0 0 0 0 0 0 0 0 0 0 0 0 0 0 0 0 0 0 0 0 0 0 0 0 0 0 0 0 0 0 0 0 0 0 0 0 0 0 0 0 0 0 0.2 0 0 0 0 0 0 0 0 0 0 0 0 0 0 0 0 0.4 0.8 0 0 0 0 0 0 0 0 0 0 0 0 0 0 0 0 0 0 0 0 0 0 0 0 0.2 2 0 0 0 0 0 0 0 0 0 0 0 0 
 41.400000000000006 84 36.2 15.200000000000001 11.600000000000001 36.800000000000004 22 34.800000000000004 48.2 52.2 36 7.6000000000000005 78 0 21 9 28.200000000000003 8.4 17.8 13.4 0 1 0 0.6000000000000001 0.6000000000000001 0 0.6000000000000001 0 0 0.4 0.6000000000000001 0 0 0.6000000000000001 0.4 0 0 0.4 0 0 0.4 0 0 0.4 0.2 0 0 0 0 0.6000000000000001 0.2 0 0.6000000000000001 1.6 0.6000000000000001 0.6000000000000001 1 0 0.4 0.6000000000000001 0 0.4 0 0 0 0 0 0.6000000000000001 0.4 0 0 0 0.6000000000000001 0 0.6000000000000001 0 0 0.2 0 0 2 2 9.8 5 1 4.4 0 0 9.600000000000001 3 5.6000000000000005 0 1.2000000000000002 15.200000000000001 0 3.6 2.2 1.4000000000000001 3 1.2000000000000002 0 0 0 0 0 0 0 0 0 0.4 0 0 4.800000000000001 0 0 0 0 0 12.200000000000001 0 0 0 0 0 0 0 3 0 0 0 0 0 0 0 0 0 0 0 0 0 0 0 0 0 0 0.2 0 0 0 0 0 0 0 0 0 0 0 0 0 0 4 0 2.6 3 0 1.2000000000000002 5.2 14 3 3.8000000000000003 2.6 0.2 0 0 5.6000000000000005 4 4.800000000000001 0 2.8000000000000003 4.6000000000000005 0 0 0 0 0 0 0 0 0 0 0.4 0 0 0 0 0 0 0 0 0 0 0 0 0 0 0.4 0 0.4 0 0 0 0 0 0 0 0 0 0 0 0 0 0 0 0 0 0 0 0 0 0 0.2 0 0 0 0 0 0.2 0.8 0 0 0 0 0 0 0 0.4 0 0 19.400000000000002 5.2 0 1.8 0 0.4 0 0 0 0 0 0 0 0 0 0 0 0 0.2 0 0 0 0 0 0 0 0 3.8000000000000003 2.4000000000000004 2.6 0 0 0 0 0 0 0 0 0 0 0 0 
 99.2 36.4 52.2 17.400000000000002 72.8 46.2 69.2 44.6 48.400000000000006 58.800000000000004 12.600000000000001 69 31.400000000000002 21 0 60.800000000000004 9 42 39.400000000000006 18.400000000000002 0 0.6000000000000001 0 0.6000000000000001 0 0 0.8 0 0 0.2 0.8 0 15 0 0 0 0 0 9.200000000000001 0 0.4 0 0 0 0.2 7.6000000000000005 0 0 0 0 0 0 0.6000000000000001 0 0.6000000000000001 0.6000000000000001 1 4.6000000000000005 0.2 0.6000000000000001 0 0.4 0 0 0 0 0 0 0.6000000000000001 0 0 0 0.6000000000000001 6.6000000000000005 0.6000000000000001 0 0 0 0 0 11.600000000000001 7 2.8000000000000003 4.800000000000001 0.4 2.6 3.8000000000000003 4.4 2.2 7.2 6.2 11.4 0.2 0 6.6000000000000005 3.6 0 2 0 0 0 0 0 0 0 0 3.6 0 0 0 0 0 0 0 0 0 0 0.2 2.2 4.6000000000000005 2 0 0 0 0 0 0 0.2 0 0.4 0 0 0 0 0 0 2 0 0 0 0 0 1 0 1.4000000000000001 0 0 0 0 0 0 0 0 0 0 0 0.2 0 0 0 2.6 0 3 0 0.4 2.8000000000000003 0 0 2.2 3.2 0 4.4 0.4 5.800000000000001 2.8000000000000003 2 1.8 2 0 2.8000000000000003 0 0 0 0 0.4 1.6 0.2 0 0 0 0 0 0 0 0 0 0 0 0 9.200000000000001 0 0 0 0 0 0 0.4 0.2 0 0 0 0 0 0 0 0 1 0 0 0 0 0 0 0 0 0 0 0 0 0 0 0.2 0.4 0 0 0 0 0 5 0 0 5.2 0 0 0 0.6000000000000001 12 0.4 0.2 0.6000000000000001 0 4.800000000000001 2.8000000000000003 0.2 0 0 0.2 0 0 0 0 0 3.4000000000000004 0 0 0 0 0 0 0 0 0 0 0 0 0 0 0 0 0 0 0 0 0 0 0 0 0 0 0 
 7.2 31.400000000000002 46.2 17 22.400000000000002 40.400000000000006 6.800000000000001 78.4 31.6 84.80000000000001 52.6 42.6 49.800000000000004 9 60.800000000000004 0 77.80000000000001 45 15.200000000000001 11.4 0 0.6000000000000001 0 0.6000000000000001 0 0 15.4 0 0 0 0.6000000000000001 0 18.8 0 0.2 0 0 0 28.6 0 0.4 0 0 0 0.2 0 0 0 0 0 0 0 0.6000000000000001 0 0.6000000000000001 0.6000000000000001 0.6000000000000001 1.4000000000000001 0 1 0 0.4 0 0 0 0 0 0 0.6000000000000001 0 0 0 0.6000000000000001 0 0.6000000000000001 0 0 0 0 0.4 2.6 1.8 0.4 10.200000000000001 8.200000000000001 1.8 0 2.6 0 7.6000000000000005 0 4.6000000000000005 0.6000000000000001 1.6 2.2 1.4000000000000001 8.8 9.200000000000001 0 1.6 0.4 2 3 4.4 0.2 0 5 0 4.2 0 0 0 2.4000000000000004 11.8 0 0 0 0 2.2 6.800000000000001 0 0.2 0 0 0 0 0 0 0 0 0 0 0 0 0 0 2.2 0 0 0 0 0 0.8 0 1.4000000000000001 0 0 2.2 0 0 0 0 0 0 0 0 0 0.2 0 0 0 0 0 0 4.4 7.6000000000000005 0.2 0 1.2000000000000002 0.2 7.2 5 0 0 2 2.2 2.6 3 0 2.4000000000000004 0 0 0 0 0 1 0 0 0 0 0 0 0 2 2.4000000000000004 0 2 0 2 12 0 0 0 0 0 3.8000000000000003 0 2.6 0 0 0 0 0 0 0 0 0 0 0 0 0 0 0 0 0 0 0 0 0 0 0 0 0 0 0 0 0 0 0 0 0 2 0 0 0 0 25.400000000000002 0.4 1.2000000000000002 11.8 0 2 0.2 0 0 0 0 0 0 0 0 0 0.6000000000000001 0 0 0 0 0 0 0 0 0 0 0 0 0 3.8000000000000003 0 0 0 0 0 0 0 0 0 0 0 0 0 
 9 25 9.8 8.4 53.400000000000006 16.400000000000002 22.6 65.8 25.8 27.8 27.6 70.8 7 28.200000000000003 9 77.80000000000001 0 15.600000000000001 3.8000000000000003 7.4 0 0.6000000000000001 0.4 0.6000000000000001 0 0 7.4 17.400000000000002 0 0 0.6000000000000001 0 14.8 18.6 18 0 0.2 0 35.2 7.2 0.4 13 0.4 0 0.4 0 0 0.6000000000000001 0 0 0 0 0.6000000000000001 0 0.6000000000000001 0.6000000000000001 1.6 1.4000000000000001 0 1 0 0.8 0.4 6.2 0 0 0 0 0.6000000000000001 0 0.6000000000000001 0 0.6000000000000001 0 1 0 0 1.6 0 7.2 0 2.6 2 8.4 1.6 6.800000000000001 0 0 0 2 0 6.6000000000000005 1.6 2 0 3.6 9.8 6 3 2 2.2 2.8000000000000003 0 0 0 0 6.6000000000000005 0 0 0 0 0 9 8.4 0 0 0 0 0 2.2 0.2 0 0 0.2 0 0 0 0 0 0 0 0 0 0 0 0 0.2 0 0 0 0 0 0 0 0.4 0 0 0 0.4 0 0 0 0 0 0 0 0 0 0 0.4 0 0 0 1.8 4.2 5.800000000000001 0 0.2 15 2 0 15 2 0 2.4000000000000004 0 0 0 0 0 0 0 0 3.2 0 0 1 4.6000000000000005 0 0 0 1.8 0 6.800000000000001 3.2 0 0 0 1.8 0 0.2 0 0.2 0 0 1.6 0 2.2 0 0 0 0 0 0 0 0 0 0 0 0 0 0 0 0 0 0 0 0 0 0 0 0 0 0 0 0.4 0 0.2 3.4000000000000004 0 0 2.4000000000000004 0 0 0 0.2 0.4 0 17.400000000000002 17.2 0 2.2 0 0 0 0 0 0 0 0 0 0 2 0 0 0 0 0 0 0 0 0 0.4 0 0 0 2.4000000000000004 0 0 0 0 0 0 0 0 0 0 0 0 0 
 23.6 5.2 10.200000000000001 52.2 119.2 61.800000000000004 22.6 24.8 88.4 61 20.200000000000003 65.2 10.600000000000001 8.4 42 45 15.600000000000001 0 47.800000000000004 12.200000000000001 0 0.6000000000000001 0 0.6000000000000001 0 0 5 0 0 0 13.4 0 0 0 0 0 0 0 15.4 0 1.4000000000000001 0 0 0 12.4 0 0 0 0 0 0.4 0 0.6000000000000001 0 0.6000000000000001 0.6000000000000001 1 0 0 0.4 0 0.4 0 0 0 0 0 2 0.4 0 0 0 11.4 0 0.6000000000000001 0 0 0 0 0 8.8 8.6 5.800000000000001 12.600000000000001 2.4000000000000004 0 1.4000000000000001 4.800000000000001 0.2 4.6000000000000005 5 2.2 0 2.6 0 5 3.4000000000000004 7.800000000000001 0 0 1.2000000000000002 3 0 0 0 0 3.4000000000000004 0 0 0 0 0 9.600000000000001 10.8 0 0 0 0 2.2 4.4 0 0 0 0 0 0 0 0 0 0 0 0 0 0 0 1.8 1.4000000000000001 0 0 0.4 0 0 1.6 0 1 0 0 0 0 0 0 0 0 0 0.4 0 0 0 0 0 2.8000000000000003 0 2.4000000000000004 0 0 7 0 0 3 12.200000000000001 2.4000000000000004 4.800000000000001 0 1.8 0 5.800000000000001 4.800000000000001 0.4 1 3 2 0 0 0 0 0 0 0.2 0 2.8000000000000003 0 0 3.6 2.6 3 2.6 0 0 0 0 0 0 0 0 0 2.4000000000000004 0 3 0 0 0 0 0 0 0 0 0 0 0 0 0 0.2 0 0 0 0 0 0 0.2 0 0 0 0 0 0 0 0 0 0 0.4 0 0 0 0 0 0.6000000000000001 36 0.2 22 0.6000000000000001 0 3.6 4.800000000000001 0 0 0 0 0 0 0 0 0 0 0 0 0 0 0 0 0 0 0 0 0 0 3.6 0 0 0 0 0 0 0 0 0 0 0 0 0 0 
 62.400000000000006 8.200000000000001 6.4 55 10 26.6 21 69.4 11.4 14.200000000000001 10.4 5.6000000000000005 40.800000000000004 17.8 39.400000000000006 15.200000000000001 3.8000000000000003 47.800000000000004 0 56.6 0 0.6000000000000001 0 0.6000000000000001 0 15.600000000000001 0.4 0 0.2 0 0.6000000000000001 0 0 0 0 0 0.4 0 0.2 0 0.4 0 0 0 0 0 0 0 0 0 0.4 0 0.6000000000000001 0.4 0.6000000000000001 0.6000000000000001 0.8 0 0 0.4 0 0.4 0 0 0 0 0 0 0.4 0 0 0 0.6000000000000001 0 0.6000000000000001 0 0 0 0 0 3 0.8 0.4 0 0 0 10.8 4.4 2 0 3.6 0 1.8 2.2 11.8 0 0 0 0 3.4000000000000004 0 0 0 0 0 0 0 0 0 0 0 0 0 0 0 0 0 0 0 0 0 0 0 0 0 0.4 0 0 3.2 0 0 0 0 0 0 0 0 0 0 0 0 0 0.2 0 0 0 0 0 0 0 0 0 0 0 0 0 0 0 0 0 4.2 2.8000000000000003 2.2 2.4000000000000004 0 0.4 2 0.2 3 2.6 0 3.6 6.6000000000000005 2.4000000000000004 0 1.8 0 3.8000000000000003 0 0 0 0 0 0 0 0 0 0 0.2 0 0 0 0 0.2 0.2 0 0.2 0 0 0 0 0 0 0 0 0 0 0 0 0.4 0 0 0 0 0 0 0 0 0 0 0 0 0 0 0.2 0 0 0 0 0 0 0 0 0 0 0 0 0 0 0 0 0 0 0 0 0 0 0.2 0 0.4 0 4.6000000000000005 0 0 0 0 0 0 0 0 0 0 0 0 0 0 0 0 0 0 0 0 5.6000000000000005 0 0 0 0 0 0 0 0 0 0 0 0 0 0 0 0 0 
 96.80000000000001 27.8 12.200000000000001 7.2 9.8 18.8 8.8 24.400000000000002 37.800000000000004 55.2 13.200000000000001 5.2 46.2 13.4 18.400000000000002 11.4 7.4 12.200000000000001 56.6 0 0 0.6000000000000001 0 0.6000000000000001 0.2 0 0.4 0 0 0 15.8 0 0 0 0 0 0 0 0 0 0.4 0 0 0 12.200000000000001 0 0 0 0 0 0.2 6.2 0.6000000000000001 0 0.6000000000000001 0.6000000000000001 1 0 0 0.6000000000000001 0 1 0 0 0 0 0 0 0.4 0 0 0 0.6000000000000001 0 0.6000000000000001 0 0 0 0 10.4 2.8000000000000003 0 0 0 0 0 2.6 2.8000000000000003 0 0.2 2.8000000000000003 0 5.800000000000001 2 2 2.2 0 0 3 2.4000000000000004 0 0 0 0 0 0 0.2 0 0 0 0 0 0 0 0 0 0 0.4 0.2 0.2 0 0 0 0 0 2 0 0.4 0 0.2 0 0 0 0 0 0 0 0 0 0 0 0 0 0 0 0 0 0 0 0 0 0 0 0.6000000000000001 0 0 0.4 0 0 0 0 4.800000000000001 4.6000000000000005 0.2 0 0.4 8.200000000000001 2.2 1.4000000000000001 0 1.6 0 1.8 5.4 4 0.6000000000000001 0 1.4000000000000001 0 0 0 0 0 0 1.8 0 0.4 0 0 0 0 0 0 0 0 0 0 0 0 0 0 0 0 1.8 0 0 0 1.2000000000000002 0 0 0 6.800000000000001 0 0 0 0 0 0 0 0 0 0 0 0 0 0 0 0 0 0 0 0.4 0.2 0 0 3 0 0 0 0 0 0.2 4 0 0 0.4 0 0 0.2 0 1.6 1 0 0 0 0 0 0 0 0 0 0 0 0 0 0 0 0 0 0 0 0 0 0 0 0 0 0 0 0 0 0 0 0 0 0 0 0 0 0 
 22.200000000000003 0 0 0 0 0.2 0 0 0.4 0 0 0 0 0 0 0 0 0 0 0 0 35.4 37.800000000000004 27 32.2 11 10.600000000000001 38.2 43.400000000000006 23.400000000000002 48.6 28 22.400000000000002 30.8 21.200000000000003 35.6 20.400000000000002 4.2 96.80000000000001 8.8 0 0.4 0 1.2000000000000002 0 0.2 0 0.4 0 0 0 2.6 0.2 0.6000000000000001 0 0.6000000000000001 1 0 0 0 0 0 0 0.6000000000000001 0.6000000000000001 0 0 0.6000000000000001 0 0 0 9.4 0 0.6000000000000001 0.6000000000000001 0 0.6000000000000001 0.4 0 0.6000000000000001 0 0 0 0 0 0 0 0 0 0 0 0 0 0 0 0 0 0 0 0 0 0.2 6.6000000000000005 0 4 4.6000000000000005 3.6 1.6 9 2.6 3.6 2.2 0 5.2 5.800000000000001 18 7.800000000000001 11 0 0.4 0 0 0 0 0 0 0 4.4 0 0 0 0 0 0 0 0 0 0 0 0 0 0 0 0 0.4 0 0 0 0.8 0 0 0 0 0 0 8.200000000000001 0 0 1.2000000000000002 0 0 0 0.4 0 0 0 0 0 0 2.6 0.2 0 0 0 0 0 0 0 0 0 0 4.6000000000000005 4.6000000000000005 1.4000000000000001 7.2 0 2.2 2 0 2.4000000000000004 5 1.8 0 2.4000000000000004 3.4000000000000004 1.8 0 2.6 1 0 2.2 0 0 0 0 0 6.6000000000000005 0 0 0 0 0 0 0 0 0 0 0 0 0.2 0 0 0 0 0 0 0 0 0 0 0 5 0 0 0 0 0 0 0 0 0 0 0 0 0 0 0 0 0 0 0 0 0 0 2.2 0 0.6000000000000001 16.2 9.600000000000001 0 3 0.4 0 0 0 0 0 0 0 0 0 0 0 0 0 0 0 0 0 0 0 5 0 0 0 0 0 0 0 0 
 0.6000000000000001 0.6000000000000001 0.6000000000000001 0.6000000000000001 30.200000000000003 25 0.6000000000000001 1 1 1.2000000000000002 0.6000000000000001 0.8 1 1 0.6000000000000001 0.6000000000000001 0.6000000000000001 0.6000000000000001 0.6000000000000001 0.6000000000000001 35.4 0 30.8 56.400000000000006 70.2 5.800000000000001 15.200000000000001 33.2 12 24.200000000000003 77.60000000000001 21 18 66.2 29.6 41 27.400000000000002 51.2 10 24.6 0 0 0 0 0 0.2 0 0.8 0 0 0 1.6 0 0 0 0.6000000000000001 1.2000000000000002 0 0 0 0 11 0 0.6000000000000001 0.4 0 0 0.6000000000000001 0 0 0 0 0 0.4 0.6000000000000001 0 0.4 0.6000000000000001 0 0.6000000000000001 0 1.8 0 0 0 0 0 0 0 0 0 2.8000000000000003 0 0 0 0 0 0 0 0 0 5.6000000000000005 8.8 2.8000000000000003 5.4 3 0 5.4 0.2 13.8 6.800000000000001 0 0 2.6 4.2 0.8 0.2 2.2 12.600000000000001 5.6000000000000005 0 0 0 0 0 0 0 0 0.4 0 0 0 2.2 0 0 0 0 0 0 0 0 0 0 0 0 0 0 0 0.6000000000000001 0 0.4 0 0 0 0 1 0 0 0.6000000000000001 0 0 1.4000000000000001 0.2 0 4.800000000000001 2 0 0 0 0 0 0 0 0 0 0 0 0 0 0 0 5.800000000000001 6.800000000000001 2.2 0 0 4.800000000000001 2.4000000000000004 0 3 4.800000000000001 3.8000000000000003 6 2.2 10 7.2 2.6 4.6000000000000005 4.2 3.6 0.4 0 0 0 0 0 1 0 0 0 0.4 0 0 0 5.2 0 0 0 0 0.8 0 0 0 0 0 0 0 0 0 3 11.8 0 0 0 0 0 0 0 0 0 0 0 0 0 0 0 0 0 0 0 0 0 0 0 2.8000000000000003 0 0 0.2 15.4 0.4 0.4 0 0 0 0 0 0 0 0 0 0 0 0 0 0 1.8 0 0 0 2.2 0 1.8 0 0 0 0 0 0 0 0 
 0.2 0 0.4 0 15 20.8 0.2 0.2 0 0 0.4 0 0 0 0 0 0.4 0 0 0 37.800000000000004 30.8 0 107.60000000000001 41.400000000000006 67.8 24.8 34.800000000000004 48.2 24.200000000000003 8.200000000000001 36.800000000000004 23.400000000000002 36.2 12.4 153.20000000000002 5.6000000000000005 21.200000000000003 8.8 11.4 0 0 0 0 0 0 0 0.4 0 0 0 0.6000000000000001 0 0.4 0 0.6000000000000001 0.8 0 0 12.8 0 0.2 0 0.6000000000000001 0.6000000000000001 0 0 0.6000000000000001 0 0 0 0 0 0.6000000000000001 0.6000000000000001 0 0.6000000000000001 0 0 0.6000000000000001 0 0 0 0 0 0 0 0 0 0 0 0 0 0 0 0 0 0 0 0 0 3.8000000000000003 9.200000000000001 0 1 4.2 2.8000000000000003 3.4000000000000004 6 6.6000000000000005 3.8000000000000003 7.4 0 6.800000000000001 0 8.6 2.2 0.6000000000000001 6 2 1.8 0 0.8 0 0 0 0 6.2 0 0 0 0 0 0 0 0 0 0 0.2 3.6 0 0 0 0 0 0 0 0 0.4 0 0 0 0 0 0 0.8 0 0 1.8 0 5 1.4000000000000001 0 0 1.2000000000000002 0 3.2 0 0 0 0 0 0 0 0 0 0 0 0 0 0 7.6000000000000005 6 6.6000000000000005 0 0.8 2.2 2.8000000000000003 0 0.6000000000000001 3 2.8000000000000003 0 0.2 2.4000000000000004 4.2 4.4 1 0 0 0 0 5.6000000000000005 0 0 0 0 0 0 0.2 0 0 0 0 0 0 0 0 0.2 2.2 0 0 0 0 0 0 0 0 0 0 0 0 0 2.2 0 0 0 0 0 0 0 0 2.4000000000000004 0 0 0 0 0 0 0 0 0 0 0 0.8 0 0.4 0.6000000000000001 0 0.4 0.2 0 0 0 0 0 0 0 0 0 0 0 0 0 0 0 0 0 0 0 0 1.8 0 0 0 1.6 0.2 0 0 0 
 0.6000000000000001 0.6000000000000001 0.6000000000000001 0.6000000000000001 0.6000000000000001 0.6000000000000001 0.6000000000000001 0.6000000000000001 0.6000000000000001 0.6000000000000001 1 0.6000000000000001 0.6000000000000001 0.6000000000000001 0.6000000000000001 0.6000000000000001 0.6000000000000001 0.6000000000000001 0.6000000000000001 0.6000000000000001 27 56.400000000000006 107.60000000000001 0 61.400000000000006 25.200000000000003 16.400000000000002 84 47.2 46.400000000000006 25.200000000000003 30.200000000000003 16.8 35.2 10.8 42 38.6 36.800000000000004 68.2 71.8 0.2 0 0 0 0 0 0 0.2 0 0 0 0.6000000000000001 0 13.200000000000001 0 0.6000000000000001 0.8 0 0 4 0 0 0 0.6000000000000001 0.6000000000000001 0 0 0.6000000000000001 0 0 0 0 0 0.6000000000000001 0.6000000000000001 0 0.4 0 0 0.6000000000000001 0 0 0 2 3.2 0 0 0.4 0 0 0 0 0 0 0 0 2.4000000000000004 0 0 0 1.6 0 0 0 2 2.2 3.2 8.4 0.4 2.6 2.6 6.2 0 2.6 7.6000000000000005 0.2 2.2 1.6 0.4 0.2 2 0 1.8 0 0 0 1.4000000000000001 4.800000000000001 0 0 0 0 0 0 0 0 0 0 0 2.6 0 0 0 0 0 0 0 0 1.2000000000000002 0 0 0 0 0 0 0 0 0 0.4 0 0 0.2 0 0 0 0 0 0 0 0 0 0 0 0 0 0 0 0 0 0 4.800000000000001 2 13 5.4 0.4 3.4000000000000004 0 1.6 2.2 6.2 2.8000000000000003 2.4000000000000004 0 4 0 1.4000000000000001 6.2 1.6 0 0 0.4 0 3.4000000000000004 0 0 0 0.2 0 0 0 0 0 0 0 0 0 0 0 0 0.2 0.2 0 0 0 0 0 0 0 0 0 0 0.2 0 0 0 0 0 0 0 0 0 0 2.2 0 0 0.4 0 0 0 0 0 0 0 0 1 0 0 0.8 0 0 0 0 0 0 0 0 0 0 0 0 0 0 0 0 0 0 0 0 0 0 0 0 0 0 0 1.4000000000000001 3.8000000000000003 0 0 0 
 0 0 0 0 0 0 0 0 0 0.4 0.4 0 0 0.6000000000000001 0 0 0 0 0 0.2 32.2 70.2 41.400000000000006 61.400000000000006 0 38.6 7 26.200000000000003 41 41.400000000000006 21.8 106 75.8 12 57.400000000000006 104.60000000000001 53.800000000000004 97 16 59 0 0 0.2 0 0 0 15.200000000000001 12.200000000000001 5.6000000000000005 0 0 0.4 13 0 6 0.6000000000000001 1 0 12.8 18.2 0 0.2 0 0.8 0.4 0 0 0.6000000000000001 0 0 0 0 0 0.4 0.6000000000000001 0 0.4 0 0 0.6000000000000001 0 0 0 2.4000000000000004 0 0 0 0.4 0 0 0 0 0 0 0 0 0 0 0 0 0 0 3.4000000000000004 0.4 2 4.2 0 1.8 3.4000000000000004 0 0 1 0 0 2 2 15.600000000000001 1.6 0.4 0 0 2.2 0 0 0 0 1.8 2.2 0 1.8 1.6 0 0.2 0.2 2.2 3.6 2.2 0 0 3.2 0 0 0 0 0 0 0 0 0.2 0 0 0 0 0 0 0.8 0 0 0 0 0 0.2 1 0 1.2000000000000002 0 0 0 0 0 0.8 0.2 0 0 0 0 2.8000000000000003 0 0 0 0 0.8 0.4 0 2.4000000000000004 2.8000000000000003 0 0 4.4 0 0 0.2 0 0 0 0 0 0 0 0 2.8000000000000003 1.2000000000000002 0 0 0 0 1.2000000000000002 0 0 0 0 0 0.2 1.8 0 0 0 0.2 0.2 7.4 0.2 2.4000000000000004 0 0 0 0 0 0 0 0 0 0.2 0 0 0 0 0 0 0.8 0 0 0 3 0 0 0.4 0 0 0 0 0 0 0 1.6 1.6 0.2 0.4 15.200000000000001 0.4 1 10.4 2 0 0 0 0 0 0 0 0 0 0 0 0 0 0 0 0 0 0 0 0.8 0 0 0 0 0 0 0 2.6 
 0 0 0 0 0 0.2 0 0 0 0.2 0 0 0 0 0 0 0 0 15.600000000000001 0 11 5.800000000000001 67.8 25.200000000000003 38.6 0 6.2 20.400000000000002 30.6 44 17.400000000000002 27.8 28.8 31.400000000000002 8.6 27 51.400000000000006 61.400000000000006 11 10.8 0 0 1.2000000000000002 0 4.6000000000000005 0 0 0 0 0 0 0.4 12.200000000000001 27.6 0 0.6000000000000001 0.8 0 15.8 26.200000000000003 0 0.4 0 0.6000000000000001 0.4 0 2.2 0.6000000000000001 0 0 0 0 0 0.4 0.6000000000000001 0 1.6 0 0 0.6000000000000001 0 0 0 0 0 0 0 0 0 0 0 0 0 0 0 0 0 0 0 0 0 0 2.4000000000000004 0 1.2000000000000002 2.2 0 0 1.4000000000000001 0 2.6 0 0 0.4 0 2.4000000000000004 1.4000000000000001 0 0 0 2.8000000000000003 0 2.2 0 0 0 1.6 1 0 0 6.800000000000001 0.2 2.4000000000000004 0 4 1 0 0 2 8.4 0 0 0 0 0 0 0 0 0 0 0 0 0 0 0 0.2 0 0 0 0 0.4 2.6 3.8000000000000003 0 0 0 0 0 0 0.4 0.4 0 0 0 0 0 0.8 0 0 0 2.2 1.2000000000000002 0 2.8000000000000003 3.2 2 0 0 8.200000000000001 2.6 2 8 0 0 0 0.2 3.2 2.2 0 0 2.2 2 8.200000000000001 0 0 0 0 0 1.4000000000000001 2 0 0 7.2 5.6000000000000005 2.4000000000000004 0 0 0 4 0 0 2 0 0 0 0 0 0 0 0 0 0 0 0 1.6 4.2 0 0.4 0 0 0 0 0 0 0 0 0 0 0 0 0 0 0 0 1.2000000000000002 0.8 0.2 0 0.8 0 3 2.2 0 0 0 0 1.6 0 0 0 0 0 10.200000000000001 0 0.6000000000000001 0 0 0 0 0 0 1.2000000000000002 0 0.2 4.2 0.8 3 0.8 0 0 
 0.6000000000000001 15.4 0.6000000000000001 28.400000000000002 32.800000000000004 1 0.4 0.6000000000000001 0.6000000000000001 38.2 15.4 7.800000000000001 0.4 0.6000000000000001 0.8 15.4 7.4 5 0.4 0.4 10.600000000000001 15.200000000000001 24.8 16.400000000000002 7 6.2 0 21.8 22.400000000000002 13.600000000000001 4.2 9 45.6 15.200000000000001 33.4 5 7.800000000000001 15.4 52.6 71 0 0 0 0 0.4 0 0 0.4 0 0 0 0.4 0 0 0 0.6000000000000001 0.6000000000000001 1.8 0 0.2 0 10.600000000000001 8.6 0.6000000000000001 0.6000000000000001 0 0 0.6000000000000001 0 0 0.2 0 0 0.6000000000000001 0.6000000000000001 0 0.4 1.2000000000000002 0 0.6000000000000001 0 2.8000000000000003 0 2 0 0.2 0 0 0 0 0.2 2 0 0 0 0 1.8 0.2 0 0 4.2 0.8 1.4000000000000001 0.2 0 0 3.2 1.6 1.8 3.8000000000000003 3.4000000000000004 0 2.2 5.4 0.4 0 2.4000000000000004 0.2 5.2 2.6 0 0 0 0 0 0 0 0 0 0 0 0 0 0 0 2 0.2 0 0 0 0 0 0 1.6 0 0 0 0 0 0 0 0 0 0 0.6000000000000001 0 0 0 0 0 0 0 0 0 5 3.2 0 1.6 4 0 2.4000000000000004 7.4 0 0 0 0 0 0 1.6 1 1.8 2.4000000000000004 0.8 3.6 0 0 4.800000000000001 0 3 0 0.6000000000000001 0 6.800000000000001 9.8 1.8 1.8 2 7.2 6.2 2.6 0 0 0 0 0 0 0 0 0 0 0 0 0 0 0 0 0 0 0 0.6000000000000001 0 0 0 0 0 0 0 0 0 0 0 0 0 0 0 0 0 0 0 0 0 2 0 0 0 0 0 0 0 0 0 0 0 0 3.2 0 0 0 0 0.8 0 0 2 0 0 0 0 0 0 0 0 0 0 0 0 1.6 2.4000000000000004 0 0 0 0 0 0 0 0 0 0 0 0 0 
 0 0 0 0.2 0 0 0 0 0.4 0 14.4 0 0 0 0 0 17.400000000000002 0 0 0 38.2 33.2 34.800000000000004 84 26.200000000000003 20.400000000000002 21.8 0 30.400000000000002 38 122.80000000000001 21.200000000000003 30.400000000000002 44.2 66.2 22.8 20.400000000000002 6.6000000000000005 13.600000000000001 28.200000000000003 0 0 0 0 0 0 0 0 0 0 0 0.8 0.2 0 0 0.6000000000000001 1 0 0 0 0 0 0 0.6000000000000001 0.6000000000000001 0 0.6000000000000001 10.200000000000001 0 0 0 0 0 0.6000000000000001 0.6000000000000001 0 0.4 0 0 0.6000000000000001 0 0 0 0 0 4.4 0 0 0 0 0 3.6 0 0 0 0 0 0 0 0 0 0 1.8 2.8000000000000003 4.4 0 1 0 0.6000000000000001 5.4 1.8 2.4000000000000004 0 2.8000000000000003 2 0.8 4.800000000000001 2.8000000000000003 1.4000000000000001 0 0 0 4 0 0 0 1.6 2 0 0 0 0 0 0 0 0 0 0 0 0 0 0 0 0.8 0 0 0 0 0 0 0 0 0 0 0.4 0 0 1 0 0 0 0 0.6000000000000001 2.4000000000000004 0 0 0 0 0 0 0 0 0 0 0 0 0 0 0 0 3.8000000000000003 2.6 5.2 7.6000000000000005 4.6000000000000005 1.6 1.6 6 7.6000000000000005 13 4 0.2 1.6 2.4000000000000004 1.4000000000000001 1.2000000000000002 2 0 2.4000000000000004 0 4.4 0 0 0 0 1.6 3 0 0 0 0 0 0 0 0 0 0 0 0 0 0 0 0 0 0 0 0 0 0 0 0 0 0 0 0 0 0 0 0 0 0 0 0 0 0 0 0 0 0 0 0 0 0 0 0 0 0 0 0.2 0 1.6 0.4 0 0 0 0 0 0.2 0 0 0 0 0 0 0 0 0 0 0 4 0 2 0 0 0 0 0 0 0 0 
 0 0 0 0 0 0 0 0 0 0.4 0 0 0 0 0 0 0 0 0.2 0 43.400000000000006 12 48.2 47.2 41 30.6 22.400000000000002 30.400000000000002 0 94.4 25.6 20.400000000000002 32.6 55.2 20.200000000000003 40.6 56.2 26 57.6 44.6 0 0 0 0 0 0 0 0 0 0 0 0.6000000000000001 11.200000000000001 0 0 0.6000000000000001 0.8 0 5.4 10.600000000000001 0 0 0 0.6000000000000001 0.6000000000000001 0 0 0.6000000000000001 0 0 0 0 0 0.6000000000000001 0.6000000000000001 0 0.4 0 0 0.6000000000000001 0 0 0 1.8 0 0.8 0 0 0 0 0 0 0 0 0 0 0 0 0 0 0 2 1.8 3.8000000000000003 9.200000000000001 0 5 1.6 3.2 4.2 2.4000000000000004 2.6 0 3.8000000000000003 2.8000000000000003 11.200000000000001 5 9.4 1.2000000000000002 2.2 0.2 0 0 0 0 0 5.2 0.4 0 0 0 0 4.4 0 0 0 0 0 0 0.2 0 0 0 0.6000000000000001 0 0 0 0 0 0 0 0 0 0 0.2 0 0 0 0 0 0.2 0 1 0 0 0 0 0.2 0 0.2 1.2000000000000002 0.6000000000000001 0 0 0 0 0.8 0 0 0 0 2 1 2 0 6.4 1.8 5.800000000000001 4.6000000000000005 0 6.800000000000001 0.4 3.4000000000000004 0 1.2000000000000002 0.4 2.6 2.4000000000000004 0 0 2 0 0 0 0 0 5 0 0 0 0 0 0 0 0 0 0 0 0 0 0 0 0 0 0 0 1.8 0 0 0 0 0 0 0 0.6000000000000001 0 0 0 0 0 0 0 5.6000000000000005 0 0 0 0 0 0 0 0 0 0 0 1 0 0.4 0.6000000000000001 15.4 0.4 0.8 0 0 0 0 0 0 0 0 0 0 0 0 0 0 0 0 0 0 0 0 0 0 0 0 0 0 0 0 0 
 0 0 0 0.4 0.6000000000000001 0.2 0 0 0.4 0 0 0 0.4 0.4 0.2 0 0 0 0 0 23.400000000000002 24.200000000000003 24.200000000000003 46.400000000000006 41.400000000000006 44 13.600000000000001 38 94.4 0 92 7.4 10.200000000000001 37 15.600000000000001 19 25.400000000000002 42.800000000000004 56.800000000000004 24.8 0 0 0 1.2000000000000002 0 0 0 1 0 0.8 0 0.6000000000000001 25.200000000000003 12.200000000000001 12.8 1 0.8 0 15 24.8 0 0 0 1.2000000000000002 0.6000000000000001 0 0 1 0 1.4000000000000001 0 0.6000000000000001 0.6000000000000001 0.6000000000000001 0.6000000000000001 0.8 1.2000000000000002 0 0 0.6000000000000001 0 0 0 0 0 0 0 0 0 0 0 0 0 0 0 0 0 0 0.2 0 2.6 0 2.6 5.6000000000000005 7.4 2 3 0.2 7.6000000000000005 2.6 2 4 0 5.800000000000001 0 6.6000000000000005 4 0 0 0 2.2 0 1.2000000000000002 0 0 0 4.2 1.6 0 0.2 0 0 0 0 0 0 0 0 0 2 0 0 0 0 0 0 0.6000000000000001 0.6000000000000001 0 0 0 0 0 1.2000000000000002 0 0 0 0.4 0 0 0 0 0.8 0 0 0 0 0 0 0 0.4 0 0 0 0 0 1 0 0 0.4 1 3.2 0 1.8 7.4 1.8 1.2000000000000002 0.4 9.600000000000001 0.2 1.6 8 0.6000000000000001 0 2.2 4.800000000000001 0 1.2000000000000002 2.8000000000000003 0.2 5.4 0 1.4000000000000001 0 0 0 4.6000000000000005 0 0 0 0 0 0.2 1.4000000000000001 2.2 0 0 0 2 0 0 0.4 0 0 0 0 0 0 0 0 0 0 0 0 0 0 0 0 0 0.4 0 0 0.2 0 0 0 0 0 0 0 0 0 0 0 1.8 0.2 0.2 0 0.8 0 2.6 0.4 0 0 0 0 0 0 0 0 0 0 0 0 0 0 0 0 0 0 0 0.2 0 0 0 1.6 0.2 0 0 0 
