 0 32.800000000000004 30.6 69.8 6.800000000000001 23 35.2 62.6 8.8 56 23.200000000000003 88.60000000000001 10.200000000000001 28.200000000000003 62 23.200000000000003 29.6 23.8 24.6 16.2 0.6000000000000001 0 0.6000000000000001 0 0 0 0 0.6000000000000001 0 0 0 0.6000000000000001 0 0 0 0 0 0 0.6000000000000001 0.6000000000000001 0 0 0.2 0.6000000000000001 0 0 0.6000000000000001 0 0 0.4 0 0.6000000000000001 13 0 0 0 0 0 0 0 0.6000000000000001 0 0.6000000000000001 0 0.6000000000000001 0.4 0 0 0 0.6000000000000001 0.6000000000000001 0 0 1 0 0 0 0.6000000000000001 0 0 0 9.4 2.4000000000000004 2.8000000000000003 7.6000000000000005 2.8000000000000003 0 0 1.8 0 3.4000000000000004 0 0 4.6000000000000005 3.2 3.2 0 0 1.8 8.4 0.6000000000000001 0 0 0 0 0 0 4.800000000000001 0 0 0 0 1.8 0 0 0 0 0 3.6 0 0 0 1.8 0 0 0 0 0 0 0 0 0 0 0 0 0 0 0 0 0 0 0 0 0 0 0.4 0 0 0 0 0 0 0 0 0 0 0 0 0 0 0.2 1.4000000000000001 4.4 2.2 0 0 5.6000000000000005 5.6000000000000005 3.6 3.4000000000000004 0 3.4000000000000004 3.6 2.2 2 0.6000000000000001 4.800000000000001 1.2000000000000002 5.2 2.6 0 0 0 0 0 0 0 0 0 0.2 0 0 0 0.4 0 0 0 0 0 0 0 0 0 0 0 0 0 0 0 0 0 0 0 0 0 0 0.4 0 0 0 0 0 0 0 0 0 0 0 0 10 0.2 0 0 0 0 0 0 0.2 0 0 0 0.2 0 0 0.4 0 0.4 0.2 0 0.8 1.8 2.8000000000000003 0 0 0 0 0 0 0 0 0 0 0 0 0 0 0 0 0 0 0 0 0 0.2 0 2.8000000000000003 3.6 0 0 0 0 0 0 0 0.2 0 0 0 0 0 
 32.800000000000004 0 93.2 12.4 53.800000000000004 9.4 15.4 66.8 28.8 63.6 25.8 33.2 10.600000000000001 36 65.4 35.6 34.2 24.400000000000002 9.600000000000001 9.200000000000001 0.6000000000000001 0 0.6000000000000001 0 14.4 0 0.2 0.4 0 0 0 0.6000000000000001 0 0 0 0 0 0.2 0.6000000000000001 10.200000000000001 0 0 0 0.6000000000000001 0 0 0.6000000000000001 0 0 0.4 0 0.6000000000000001 0.4 0 13.200000000000001 0 0 0 0 0 0.4 0 0.6000000000000001 0 0 0.6000000000000001 0 0 0 0.4 0.6000000000000001 0 0 0 0.6000000000000001 0.4 0 0 0 0 6.6000000000000005 3.6 10.600000000000001 0 4.6000000000000005 10.4 0 0 0.2 0.2 2.2 5.2 0 0.2 2.4000000000000004 4 0 6.4 0 0 2 0 0 0 0 0 0 2.6 0.4 0 0 0 3.6 0 0 0 3 0 5.800000000000001 0 0 0 2.4000000000000004 0 0 0 0 0 3 0 0 0 0 0 0 0 0 0 0 0 0 0.4 0 0 0 0 2.4000000000000004 0 0 0 0 0 0 0 0 0 0 0 0 0 1.2000000000000002 1.8 4.4 2.4000000000000004 0 2.8000000000000003 0 2.6 5.800000000000001 4.2 2 0.2 0 0 4.4 6.2 11.8 6 0 0 0 0.2 0 0 0 0 0 0 0 0 0 0 1.8 0 0 0.2 0 0 0 0 0 0 0 0.4 0 0 0 0 0 0 0 2.6 0 0 0 0 0 0 0 0.4 0 0 0 0 0 0 0 0 0 0 0 0 0 0 0 0 2.8000000000000003 0 0 0 0 0 0 0 0 0.4 0 0 18 0 0 1.6 0.2 0 0 0 0 0 0 0 0 0 0 0 0 0 0 0 0 0 0 0 0 0 0 0 2 0 0 0 0 0 0 0 0 0 0 0 0 0 
 30.6 93.2 0 30.400000000000002 49.400000000000006 10.8 14 73.60000000000001 45.400000000000006 49.2 58.6 63.6 9.200000000000001 14.600000000000001 66 11 31.6 44 8 64.4 0.6000000000000001 0 0.6000000000000001 0.4 0 0.2 0 0.4 0 0 0 0.6000000000000001 1.6 0 0 0 0 0 0.6000000000000001 6.800000000000001 0 0 0 0.6000000000000001 0 0 0.6000000000000001 0 0 0.4 0 0.6000000000000001 0.4 0 0 0 0 0 0 0 0.6000000000000001 0 7 0.6000000000000001 2 0.4 0 0 0 0.4 0.6000000000000001 0 0 0 0 0 0 0 0 0 2.4000000000000004 2.6 5.6000000000000005 0.4 2.4000000000000004 3.4000000000000004 3.2 6.4 4 0 3.2 9 0 6.4 0.2 5.2 5 6.2 0 0 0 0 0 0 0.2 0.2 0 0 0 1.6 0 0 2.2 0 0 0 0 0 3.6 0 0 0 1.6 0 0 0.4 0 0 0.2 0.2 0 0 0 0 0 0 0 0 0 0 0 0 0 2.4000000000000004 0 0 0 0 0 0 0 0 0 0 1.8 0 0 0 0 0 2.2 0 1.4000000000000001 9.200000000000001 1.2000000000000002 2.8000000000000003 0 1.4000000000000001 0.2 3.4000000000000004 0 0 0 0.2 3.8000000000000003 3.4000000000000004 7 1.6 0 0 3 0 0.2 0 0 0 1.4000000000000001 0 0 0 0 0 4.6000000000000005 0 0.2 0.2 0 0 3.6 0 0 0 0 0 0 0.2 0 0 0 1.4000000000000001 0 0 0 0 0 0 1.2000000000000002 0 0 0 0 0 0 0 0 0 0 0 0 0 0 0 0 0 0 0 0 4.2 0 0 0 0.2 0 0 0 0 1.4000000000000001 0 0.6000000000000001 13.200000000000001 0 1.2000000000000002 2.4000000000000004 0 0 0 0 0 0 0 0 0 0 0 0 0 0 0 0 0 0 0 0 0.2 0 1.8 0 3.4000000000000004 0 0 0 0 0 0 0 0 0 0 0 0 
 69.8 12.4 30.400000000000002 0 11.8 8.8 16.8 13.4 43 34.800000000000004 23 13.200000000000001 44.400000000000006 54 27.8 17.400000000000002 28.200000000000003 11.8 85.2 21.200000000000003 5.6000000000000005 0 0.6000000000000001 0.4 0 0 0.4 4.4 0 0 6.4 0.6000000000000001 7.2 0 0 0 0 0 0.6000000000000001 15.4 0 0 0 0.6000000000000001 0 0 0.6000000000000001 0 0 0.4 0 0.6000000000000001 0.4 0 0 0 0 0.4 0 0 0.6000000000000001 0 0.6000000000000001 0 1.6 0.4 0 0 0 10.600000000000001 0.6000000000000001 0 0 1.4000000000000001 9.600000000000001 0.2 0 1.6 1.6 0 0.2 5.6000000000000005 1.8 17 2.4000000000000004 3.4000000000000004 4.6000000000000005 3.2 9 3.4000000000000004 0 6.2 2 10.600000000000001 6.4 5 5.2 0.2 0 0 0 0.2 0 0 0 0 2 0.2 0 1.4000000000000001 0 0 3 0 2.4000000000000004 0 0 0 1.8 0 0 0 0 0 0 4.4 0 0 0 6.6000000000000005 0 0 0 0 0 0.2 0 0 0 0 0 0 0 0 0 0 0 0 0 0 0 0 1.2000000000000002 0 0 0 0 0 0 0 5.6000000000000005 0 2.8000000000000003 0.2 0 0 2 4.800000000000001 6 3 2.4000000000000004 4 2.4000000000000004 3.2 2.4000000000000004 0 0 4 0 2.4000000000000004 0.2 1.8 0 0 0 0 0 2 0 0 0 0 0 2 2 0.4 0 0 3.6 16 0 0 0 0 0 0 0 0 0 0 2.2 0.4 0 0 0 0 0 0 0 0 0 0 0 0 0 0 0 0 0 0 0 0 0 0 0 0 1.8 0 0 0 0 3 0 0 0 0 17.8 0 0 8.4 3.8000000000000003 0.6000000000000001 0 0 0.4 0 0 0 0 0 0 0 2 0 0 0 0.2 0 0 0 0 0 0 0 0 1.4000000000000001 4.4 0 0 0 0 0 0 0 0 0 0 0 0 0 
 6.800000000000001 53.800000000000004 49.400000000000006 11.8 0 31.8 14 28.400000000000002 14.200000000000001 38.800000000000004 22.6 9.8 12.8 74.8 59.6 35.4 8.6 10.4 18.2 12 15.4 14.8 0.6000000000000001 0 0 0 0 15 0 17.400000000000002 0.8 0.6000000000000001 0 13.4 6 14.8 0 0.2 0.6000000000000001 16.2 0 0 0 0.6000000000000001 0 0 0.6000000000000001 0 0 0.4 0 0.6000000000000001 0.4 0 0 0 0 0 0 0 10.8 0 0.6000000000000001 0 0 0.4 0 0 0 0.4 0.6000000000000001 0 0 0 0 0 0 0 0 0 0 2 2.4000000000000004 0 5 2.8000000000000003 0 3.2 0 0.2 0 0 0 2 3.4000000000000004 2 2 0 0 0 8.4 2.4000000000000004 0 5.800000000000001 0 0.2 6.6000000000000005 0 0 3.8000000000000003 5.2 0 2.4000000000000004 9 2.4000000000000004 7.2 3.2 2.2 0 4.6000000000000005 0 0.2 1.4000000000000001 0 0 0 0 0 0 0 0 0 0 0 0 0 0 0 0 0 0 0 0.2 0 0 0 0 0 0 0 2.4000000000000004 0 0 0 0 0.2 0 0 0 0 8.8 0 2.4000000000000004 4.2 2 6.800000000000001 0.2 0.2 3.4000000000000004 0.4 0 5.6000000000000005 0 0.4 0 0 0 0 0 0 0.4 0 6.4 7 0 0 1.6 2.6 2 0.2 2.8000000000000003 0.4 6.800000000000001 4.6000000000000005 2.8000000000000003 3 0.4 5.6000000000000005 1.8 3.6 0 0 0 0.2 0 0 0 0 0 0.4 0 0 0 0 0 0 0 0 0 0 0 0 0 0 0.4 0.4 0 0 0 0 0 0 0 0 0 0.2 0.4 0 0.4 0 0 0 0 0 0 0.8 0.2 0 0 0.2 0 2 0 0 0 0 0 0 0 0 0 0 0 0 0 0 0 0 0 0 0 0 0 0 0 0 0 0 0 0 0 0 0 0 0 0 0 0 0 6.4 
 23 9.4 10.8 8.8 31.8 0 23 6.800000000000001 11 28.8 32.4 53.800000000000004 43 13.200000000000001 26.400000000000002 17.400000000000002 71 41.400000000000006 10 6.800000000000001 8.4 4 6.6000000000000005 0 0.2 0.6000000000000001 0.2 30.200000000000003 0 30 38.2 1.2000000000000002 8 14.600000000000001 0.8 10.200000000000001 15.8 0.4 15.4 0.2 0.2 1.6 0 0.6000000000000001 0 0 1.2000000000000002 1.2000000000000002 0 0.4 0 0.8 0.4 0 0 0.4 0 0.6000000000000001 0 11.8 0.6000000000000001 0 0.6000000000000001 0 0 0.4 0 0 0 0.4 0.6000000000000001 4 0.4 8.4 0 0 0 0 0 0 0 0 0 0.2 0 1.2000000000000002 0 0 0 0 3.2 0 0 0 0.4 0 0 0 0 0 7 4.800000000000001 2.4000000000000004 1.8 0 0 5.2 4.800000000000001 2.2 2.4000000000000004 3.8000000000000003 0 8.8 3 2.4000000000000004 3.4000000000000004 0.2 0 7 0 0 0 0.2 0 0 0 0 0 0 0 0 0 0 0 0 0 0.4 0 0 0 0 0 0 0 0 0 0 0 0 0 0 0 0 0 0 0 0 0 0 0 0 3.8000000000000003 1.8 3.2 4.4 5.2 0 0 0 0 3.8000000000000003 4.4 0.2 0 0 0 3.8000000000000003 1 0 0 5.4 1.6 6.4 2 0 0 8.4 1.2000000000000002 0 1.6 0 0 2.2 3.4000000000000004 4 0 7.2 3.8000000000000003 0 9.600000000000001 0 0 0 0 0.2 0 0 0 0 0 0 0 0 0 0 0 0 0 0 0 0 0 0 0 0 0 0 0 0 0 0 0 0 0 0 0 0 0 0 0.2 0 0 0 0 0 0 0 0 0 1 0 2.8000000000000003 0 0 0 0 0 0.2 0 0 0 0 2.4000000000000004 0 0 0 0.2 0 0 0 0 0 0 0 0 2 11.200000000000001 3.4000000000000004 0 2.4000000000000004 0 0 0 0 0 0 0 0 0 0 
 35.2 15.4 14 16.8 14 23 0 17.2 52.800000000000004 8.8 7.2 5.800000000000001 36.6 38 26.8 6 24.400000000000002 53.2 156 10.600000000000001 0.6000000000000001 0 0.6000000000000001 0.6000000000000001 0.6000000000000001 0 0 0.4 1.2000000000000002 0.4 0 1.2000000000000002 1.2000000000000002 0 0 0 0 0.6000000000000001 0.6000000000000001 0 0 10.8 0.4 1.6 0.8 0 1.6 1 0 0.4 0.6000000000000001 0.6000000000000001 0.4 0.4 0.6000000000000001 0 0 0 0 0 0.6000000000000001 0 0.6000000000000001 0 0 0.4 0 0 0 0.4 6.800000000000001 0 0 0 1 0 1.2000000000000002 0 0 0 5.4 3.4000000000000004 2 0 0 0 3.4000000000000004 1.8 3 2 2.8000000000000003 0 3 0 0 6 0 0 4.6000000000000005 7.4 0 0.2 0 0 0 0 0 0 0 0 0 0 0 0 0 0 0 0 0 0 0 0 0 0 0 0 0 0 0 0 0 0 2.2 0 0 0 0 0 0 0 0 0 0 0 0 0 0 0.2 0.2 0 0 0 0 0 0 0 3.4000000000000004 0 0 0 3.4000000000000004 0.2 8 2 1.8 0 5.6000000000000005 5.6000000000000005 4.800000000000001 2.2 10.4 2.6 3.8000000000000003 0 5.6000000000000005 1.6 0 0 4.6000000000000005 0 0 0 0 1.4000000000000001 0 0.2 0.2 0 0 0 0 0 0 0 0.2 0 0 0 0 0 0 0 0.4 0 0 0 0 0 0 0 0 0 0 0 0 0 0 0 0 0 0 0 0 0.4 0 0 0 0.4 0 0 0 0 0 0 0 0 0 0 0 0 0 0 0 0 0 18.2 0 0 0.4 0.4 0 1.4000000000000001 0 0.4 0 0 0 0 0.2 0 0 0 0 0 0 0 0 0.4 0 0 0 0 0 0 0 0 0 0 0 0 0 0 0 0 0 0 0 0 0 0 
 62.6 66.8 73.60000000000001 13.4 28.400000000000002 6.800000000000001 17.2 0 38.6 11.200000000000001 43.800000000000004 30.200000000000003 38.800000000000004 16.8 23.6 70.4 6.6000000000000005 23.6 56.800000000000004 37.800000000000004 0.6000000000000001 0 1.2000000000000002 0 0 0 0.4 0.4 0.2 0 0 0.8 0.2 0 0.2 0.4 0 0 0.6000000000000001 15.200000000000001 0 0 0 0.6000000000000001 0 0 13.4 0 0 0.4 0 0.6000000000000001 0.4 0 0 0 0 0 0 0 0.4 0 0.6000000000000001 0 1 0.6000000000000001 0 0 0 0.4 0.6000000000000001 0 0 6.4 0 0.4 0 0.4 0 0 4.2 1.2000000000000002 3.8000000000000003 2.8000000000000003 4.4 3 3.2 3 4.800000000000001 0 0 8.4 0 5.2 0.2 5.4 6.2 4.800000000000001 0 2 0 0 0 0 0 0 0 0 0 0 0 0 1.8 0 0 0 0 0 0.2 0 0 0 1 0 0 0 0 0 0 0 0 0 0 0.4 0 0 0 0 0 0 0 0 0 0 0 0 0 0 0 0 0 0 0 0 0 0 0 0 0 0 1.8 3.4000000000000004 0.8 0.2 0 0 2.2 1 0 3.6 2.6 4.4 0 5 1.8 2.4000000000000004 2.6 2.4000000000000004 0.4 0 0 0.2 0 0 0 0 0 0 0 0.4 0 0 9.200000000000001 0 0 0 0 0.4 3.6 0 0 0 0 0.2 0 0 0 0 0 0 0 0 0 0 0 0 0 0 0 0 0 0 0 0 0 0 0 0 0 0 0 0 0 3 0 0 0 0 0 0 0 3.6 0 0 0.2 0 0.2 0 0.2 9.8 0 2.8000000000000003 2.6 0 0.4 0 0 0 0 0 0 0 0 0 0 0 0 0 0 2.6 0 0 0 0 0 0.2 0 0 0 0 0 0 0 0 0 0 0 0 0 0 
 8.8 28.8 45.400000000000006 43 14.200000000000001 11 52.800000000000004 38.6 0 51.400000000000006 20.400000000000002 36.2 36.6 38.6 17 15.600000000000001 43 24.6 58.6 16.8 0.6000000000000001 0 0.8 0 0.2 0 17.2 9.600000000000001 1.4000000000000001 0 0 0.6000000000000001 11.600000000000001 14.8 0 0 0 0.4 10 29.6 0 0 0.4 1.8 0.8 0 1.4000000000000001 0.8 0 0.4 0 0.6000000000000001 0.6000000000000001 0 0 0 0.2 0 0 0 0.6000000000000001 0 0.6000000000000001 0 0 0.4 0 0 0 0.6000000000000001 0.6000000000000001 0 0 0 0.8 0 1.2000000000000002 0 0 0 0 2 1.4000000000000001 7.4 0.4 0 3.8000000000000003 3.2 5.800000000000001 5.800000000000001 6.6000000000000005 7.4 2 5 0 5.800000000000001 7.6000000000000005 4.2 0 0 0 0.2 0 0 0 0 3.6 0 0 0 0 0 0 0 0 0 0.2 0.2 16 5.2 0.2 0 2 0 0 0 0 0.4 0 0 0 0 0 0 2.8000000000000003 0 0 0 1 0 0.4 0 0.4 0 0 0 0 0 0 0.4 0 0 0 0 0 0 0 0 0 0 6 2.6 3.6 4.4 0.6000000000000001 0.2 0 1.4000000000000001 16.2 0 6 5.2 0 2.4000000000000004 0 5.2 0.4 3.4000000000000004 0 0 0 11.8 0 0 0 0 0 4.6000000000000005 0 0 0 0 6.6000000000000005 0 4.2 3.4000000000000004 0 0 5.6000000000000005 0 0 1.2000000000000002 0 1.8 0 0 0 0 0 0 0 0 0 0 0 0 0 0 0 0 0 0 0 0 0 0.2 0 0 0 0 0 0 0 0.4 0.4 0 0 0 0 0 0 4.800000000000001 0 0 0 0 17.400000000000002 0.4 9.8 2.4000000000000004 0 2.6 0 0 0 0 0 0 0 0 0 0 0.2 0 0 0 0 0 0 0 0 0 0 0 0 0 0 0 0 0 0 0 0 0 0 0 0 0 0 0 
 56 63.6 49.2 34.800000000000004 38.800000000000004 28.8 8.8 11.200000000000001 51.400000000000006 0 36.6 45 7.800000000000001 19 33 33 39 70.2 58.6 16.400000000000002 0.6000000000000001 0 0.6000000000000001 0 0 5 18.2 0.4 0 0 0 0.6000000000000001 22.400000000000002 0 15 0 0.2 0.2 24.400000000000002 14.8 0 0 0 0.6000000000000001 0 0 0.6000000000000001 0 0 0.4 0 0.6000000000000001 0.4 0 0 0 0 0 0 0 0.6000000000000001 0 0.6000000000000001 0 0 0.4 0 0 0 0.4 0.6000000000000001 0 0.2 0 0 0 7.2 0 0 0 0 0.6000000000000001 3.8000000000000003 0 3.2 5.6000000000000005 0 1.4000000000000001 0 0.2 15.4 10.600000000000001 0 0 0 0 3.8000000000000003 6.4 0 0 2.6 0 0 0 0.2 0.4 3 2.6 7 0.2 0 0 1.8 0 0 0.2 0 0 5.4 3 0 0.4 1.6 0 0 0 0 0 0 0 0 0 0 0 0 0 0 0 0 0 0 0 0.8 0 0 0 0 0 0 0 0 0 0 0 0 0 0 0 0 0 0 3.2 0 0.2 0.6000000000000001 0 0 0 2.6 0 3.4000000000000004 0.2 0 0 2.4000000000000004 0 6 2.4000000000000004 0 0 0 2.2 1.4000000000000001 0.4 0.2 0.4 1.2000000000000002 2 0 0 0 0 9 0 6.2 0 2.4000000000000004 0 4.6000000000000005 0 0 0 0 0 0 0 0 0 0 0 0 0 0 0 0 0 0 0 0 0 0.4 0 0 0 0 0 3.4000000000000004 0 0 0 0 0 0 0 0 0 0 0 0 0 0 0.2 0 0 0 0 2.4000000000000004 0 0.4 17.8 0 2.2 0 0.2 0 0 0 0 0 0 0 0 0 0 0 0 0 0 0 0 0 0 0 0 18.2 2.2 0.6000000000000001 7 0 0 0 0 0 0 0 0 0 0 0 0 
 23.200000000000003 25.8 58.6 23 22.6 32.4 7.2 43.800000000000004 20.400000000000002 36.6 0 33.2 5.2 22.6 45.800000000000004 69 114 44.800000000000004 23.8 15 20.6 0 0.6000000000000001 0 0 0 0 16.400000000000002 0 0 0 0.6000000000000001 0 0 0 0 0.2 0 1.4000000000000001 14.600000000000001 0 0 0 0.6000000000000001 0.4 0 1 0 0 0.4 0 0.6000000000000001 0.4 0 0 0 0 0 0 0 0.6000000000000001 0 0.6000000000000001 0 0 0.4 0 0 0 0.4 0.6000000000000001 0 0 0 0 0.2 0 0 0 0 3.4000000000000004 6.800000000000001 2 1.4000000000000001 0 4 0 0 0.2 0 0 5.2 0 0 4.2 3.4000000000000004 2.2 4.6000000000000005 0 0 2.2 0 0 0 0 0 0 1.2000000000000002 0.4 0 0 0 1.4000000000000001 4.2 0 0 0 0 0.6000000000000001 0 0 0 1.4000000000000001 0 0 0 0 0 0 0 0.2 0 0 0 0 0 0 0 0 0 0 0.4 0 0 0 0 0 0 0 0 0 0 0 0 0 0 0 0 0 0 3.4000000000000004 0 2 0.2 0 2.8000000000000003 0 4.800000000000001 1.8 5.6000000000000005 0 3.2 1.8 0 0 3.6 6 0.2 0 0 0.4 2.4000000000000004 0.2 0 0 0 0 0 0 0 0 0.2 2.6 3 2 9 0 0 0.2 0 0 0 0 0 0 0 0 0 0 0 0 0 0 0 0 0 0 0 0 0.4 0 0 0 0 0 0 0 0 0 3.2 0 0 0 0 0 0 0 0 0 0 0 3 0 0 0 0.8 17.2 0 0 0.4 3.2 1.8 0.2 0 0 0 0 0 0 0 0 0 0 0 0 0 0 0 0 0 0 0 0 0 0 0.2 2.6 0 0 0 0 0 0 0 0 0 0 0 0 0 
 88.60000000000001 33.2 63.6 13.200000000000001 9.8 53.800000000000004 5.800000000000001 30.200000000000003 36.2 45 33.2 0 24 6 22.8 8.6 13.200000000000001 66.60000000000001 7.4 6.4 16.2 0 0.6000000000000001 0 1 0.4 23.8 15.600000000000001 0.6000000000000001 0 0.4 0.6000000000000001 18.400000000000002 12 15.200000000000001 0 0 0 0.6000000000000001 14.600000000000001 0 0 0.2 1.2000000000000002 0.4 0 1 0.4 0 0.4 0 0.6000000000000001 0.4 0 0 0.6000000000000001 0 0 0 0 1.2000000000000002 0 1.2000000000000002 0 9.8 1 0 0 0 0.6000000000000001 0.6000000000000001 0 0 3.2 0.4 0.2 0.6000000000000001 0.8 0 0 4 2.6 2.4000000000000004 6.800000000000001 11.8 0.6000000000000001 0 0.2 0 2.8000000000000003 2.6 4.6000000000000005 0 3 0 3.6 4.6000000000000005 4.6000000000000005 0 0 3.8000000000000003 1 0 0 0 0 0 0 0.4 0 0.6000000000000001 0 1.8 4.2 0.2 0 2.8000000000000003 0 5.6000000000000005 0 0 0 1.4000000000000001 0 0 0 0 0 0 0 0 0 0 0.2 0 0.2 0 0 0 0 0 0 0 0 0 0 0 0 0 3 0 0 0 0 0 0.4 3.8000000000000003 0 0 2.4000000000000004 2 0 2 3.6 2.4000000000000004 0.6000000000000001 2.6 1.2000000000000002 0.2 4 0 14 0 3.2 0 3 6 3.8000000000000003 0 0 6.4 4.2 0.2 0 0 0 4 0.6000000000000001 0 0 0 0.2 6.4 3 7.2 2.2 2.2 0 0 0 0 0 0 0.4 0.4 0 0 0 0 0 0 0.4 0 0 0 0 0 0 0 0 0 0 0 0 0 0.2 0 0 0 0 0 0 0 0 0 0 0.2 0 0.2 0 0 10 0 0 0 0 34.2 0 18.2 1 0.2 3 2 0 0 0 0 0 0 0 0 0 0 0 0 0 0 0 0 0 0 0 0 0 0 4 0 2 0 0 0 0 0 0 0 0 0 0 0 0 
 10.200000000000001 10.600000000000001 9.200000000000001 44.400000000000006 12.8 43 36.6 38.800000000000004 36.6 7.800000000000001 5.2 24 0 98.60000000000001 11.4 47.800000000000004 62.400000000000006 10 27.200000000000003 27.400000000000002 1.2000000000000002 0 0.6000000000000001 0 0 0 0.2 0.4 0 0 0 0.6000000000000001 0 0 0 0 0 0.4 7.800000000000001 0 0 0 0 0.6000000000000001 0.2 0 0.6000000000000001 0 0 0.4 0 0.8 0.4 0 0 0 0 0 0 1.2000000000000002 0.6000000000000001 0 0.6000000000000001 0 0.4 0.4 0 0 0 0.6000000000000001 5.6000000000000005 0 0.2 1 0 0 10 0.4 0 0 1.6 5.2 2 5.800000000000001 2.4000000000000004 4.2 3.4000000000000004 0 11.8 2.6 2 3.2 3.6 3 1.2000000000000002 0.2 2.6 0 3.4000000000000004 4.2 0 0 0 0 0 0 0 0 0 0 0 0 0 0 0 0 0 0 0 0 0 0 0 0 0 0 0 0 0 0 0 0 0 0 0 0 0 0 0 0 0 0 0 0 0 0.2 0 0 4.800000000000001 0 0 0 0 0 0.2 0 0 0 0 0 4.2 4 7.2 0 2.8000000000000003 0 7 12 3 7.4 4.2 1.8 0 3.8000000000000003 4 2.2 2.2 1.2000000000000002 6.800000000000001 3.8000000000000003 3.4000000000000004 0 0 0 0 0 0 0 0 0 0.2 0 0 0.2 0 0 0 0 0 0 1.8 0 0 0 0 0 0 0 0 0 0 0 0 0 0 0 0.2 0 0 0 0 0 0 0 0 0 0 0 0 0 0.4 0 0 0 0 0 0 0.4 0 0 0 0.4 0 0 0 0.2 0 0 0 0.2 0.2 1.4000000000000001 0.2 0 0.2 0 0 0 0 0 0 0 0 0 0 0 0 0 0 0 0 0 0 0 0 1.2000000000000002 0 0 0 0 0 0 0 0 0 0 0 0 0 0 
 28.200000000000003 36 14.600000000000001 54 74.8 13.200000000000001 38 16.8 38.6 19 22.6 6 98.60000000000001 0 106.4 29 16.6 7.4 14.600000000000001 68 0.6000000000000001 0 0.6000000000000001 0 0 0 0 0.4 0 0 0 1.8 0 0 0 0 0 0.2 0.6000000000000001 0 0.2 4 5.6000000000000005 0.6000000000000001 0 0 4.800000000000001 1.2000000000000002 0 2.8000000000000003 0 0.6000000000000001 0.4 0 2.8000000000000003 17 4.4 2.8000000000000003 0 4.2 0.6000000000000001 0 0.6000000000000001 0 0.2 0.4 1 0 0 0.4 0.6000000000000001 0 0 0 0 0.2 0 0.6000000000000001 0 0 4.800000000000001 1.4000000000000001 6.4 2.6 3.2 3.4000000000000004 3.8000000000000003 0 6.4 3.2 0 0.2 2 1.6 2.2 1.2000000000000002 3.4000000000000004 0 2.4000000000000004 1.2000000000000002 0 0 0 0 0 0 0 0 0 0 0 0 0 0 0 0 0 0 0 0 0 0 0 0 0 0 0 0 0 0 0 0 0 1.8 0 0 0 0 0 0.2 0 0 0 0 0 0 0.2 0 0 0 0 0 0 0 0 0 0 0 0 0 5.6000000000000005 2.8000000000000003 2.2 0.6000000000000001 2.6 0 0.4 4.6000000000000005 6.800000000000001 0 3.2 2.6 0 6 2.2 2.4000000000000004 0 1.4000000000000001 4.4 4.800000000000001 0 0 0 0 0 0 0 0 0 0 0 0 0 0 0 0 0 0 1.2000000000000002 0 0 0 0 0 0 0 0 0 0 0 0.2 0 0 0 0.2 0.4 0 0 0 0 0 0 0 0 0 0 0 0 0 0 0 0 0 0 0 0 0 0 0 0 0 0 0 0 0 0 0.4 0.4 0 0 0 1.4000000000000001 0 0 0 2.8000000000000003 0 0 0 0 0 0 0 0 0 0 0 0 0 0 0 0 0 0 0 2.2 0 0 0 0 0 0 0 0 0 0.4 0 0 0 0 
 62 65.4 66 27.8 59.6 26.400000000000002 26.8 23.6 17 33 45.800000000000004 22.8 11.4 106.4 0 59.2 13.8 72.4 40.800000000000004 77.60000000000001 1.2000000000000002 0 0.6000000000000001 0 10.200000000000001 0 0.2 15.200000000000001 0 0.4 0 0.6000000000000001 0 22.200000000000003 0 0.4 0 0 0.8 15 0 0 0.4 1 0 0.4 0.6000000000000001 0 0 0.4 0 0.6000000000000001 0.4 0 0 0 0 0 0 0 0.6000000000000001 0.6000000000000001 0.6000000000000001 0.6000000000000001 0.4 0.4 0 0 0 0.6000000000000001 0.6000000000000001 0 0.4 0 5.2 0 0 0 0 0 8.4 3.6 8.6 0 0 0 1.8 3 0 2 0 2.4000000000000004 5 0.4 2.6 2.6 3.8000000000000003 8.200000000000001 4.4 0.2 0 0 0 0 0.4 0 0 0 0 0 0 0 1.2000000000000002 0 0 0 0 0 3 1.2000000000000002 0 0 0 0 0 0 0 0 0.2 0 0 0 0 0 0 0 0 0 0 0 0 0 0 0 0 0 0 0 0 0 0 0 0 0 0 0 0 0 0 0 1.2000000000000002 3.4000000000000004 0 5.4 2 2 0 0 0 0 4.800000000000001 3.4000000000000004 5.6000000000000005 1.2000000000000002 3.4000000000000004 3.4000000000000004 5.6000000000000005 4 3 11.200000000000001 1.4000000000000001 0 0 0 3 0 1.4000000000000001 0 0 0 0 0 2.8000000000000003 0 0 0 0 0 0.2 0 0 0 0 0 0 0.2 0 0 0 0 0 0 0 0 0 0 0 0 0 0 0.2 0 0 0 0 0 0 0 0 0 0 0 0 0 0 0 0 0 0 0 0 0 0 0 0 0 0.6000000000000001 0.2 0.4 0 0 0.6000000000000001 2.6 0 0 0 0 0 0 0 0 0 0 0 0 0 0 0 0.4 0 0 0 0 0 0 0 0 0.2 0 0 0 0 0 0 0 0 0 0 0 0 
 23.200000000000003 35.6 11 17.400000000000002 35.4 17.400000000000002 6 70.4 15.600000000000001 33 69 8.6 47.800000000000004 29 59.2 0 65 30 6 9.600000000000001 0.6000000000000001 0 0.6000000000000001 41.2 0 0 14.600000000000001 0.4 0 0 0 0.6000000000000001 0 0 0 0 0 0.6000000000000001 0.6000000000000001 0 0 0 0 0.6000000000000001 0 0 0.6000000000000001 0 0 0.4 0 12.600000000000001 0.4 0 0 0 0 0 0 0 0.6000000000000001 0 0.6000000000000001 0 1.4000000000000001 0.4 0 0 10 0.4 0.6000000000000001 0 0 0.4 0 0 0 1.8 0 0 0 4.4 0.2 2.2 4.4 6.800000000000001 0.2 3.8000000000000003 12.4 0 5 6.4 0 7.4 5.2 2.2 3.4000000000000004 7.800000000000001 0 0.6000000000000001 0 0 0 0 0 3.2 0 0 0 0 2.8000000000000003 0 0 0 0 0 0 0 0.2 0 0 0 0 0 0 0 0.4 0 0 0 0 0 0.2 4 0 0 0 0 0 0 0 0 0 0 0 0 0 0 0.2 0 0 0 0 0 0 0 0 0 0 0 0 4 0.2 3 0.2 3.8000000000000003 3.8000000000000003 0.4 0 1 1 2.4000000000000004 0 2.6 12.200000000000001 0.4 5.800000000000001 1.8 0 4 0.2 0 0 0 0 0 0.6000000000000001 0 0 0.2 0 0 0 0 0 0.2 0 0 0.2 0 0 0 2.2 0 0 0 0 0 0 0 0 0 0 0 0 0 0 0 0 0 0 0 0.2 0 0 0 0 0.2 0 0 0 0 0 0 0 0 0 0 0 0 0 0 0 0 0 0.2 0 0 0.8 0.4 0 2.8000000000000003 0 0.4 0 0 0 0 0 0 0 0 0 0 0 0 0.4 0 0 0 0 0 0 0 0 1.8 0 0.8 0 0 0 0 0 0 0 0 0 0 0 0 
 29.6 34.2 31.6 28.200000000000003 8.6 71 24.400000000000002 6.6000000000000005 43 39 114 13.200000000000001 62.400000000000006 16.6 13.8 65 0 15 16.400000000000002 9.8 0.6000000000000001 0 0.6000000000000001 0 0 0 18.6 0.4 0 0 0 0.6000000000000001 14.8 0 0 0 0 0 15.4 0 0 0 0 0.6000000000000001 0 0 0.6000000000000001 0 0 0.4 0 0.6000000000000001 0.4 0 0 0 0 0 0 0 0.6000000000000001 0 0.6000000000000001 0 0 0.4 0 0 0 0.4 0.6000000000000001 0 0 0 0 0 0 0 0 6.4 0 3.8000000000000003 0 0 2.2 5 0 0 3.8000000000000003 1.6 7.2 3.8000000000000003 0 0 5.800000000000001 1.6 0 3.4000000000000004 0 2.6 8.8 0.2 0 0 0 0 3.6 2.8000000000000003 5.800000000000001 0 0 0 3 0.2 0 0 0 0 13 3.6 0 0 0 0 0 0 0 0 0 0 0 0 0 0 0 0 0 0 0 0 0 0 0 0 0 0 0.2 0.4 0.2 0 0 0 0 0.4 0 0 0 0 0 0 0 1.8 0 2.4000000000000004 2.6 1.8 4.4 1.6 4.800000000000001 8.6 1.6 0 2.2 0 4.2 2.2 1.8 1.4000000000000001 0 0 2 0 2.8000000000000003 0 0 0 4 2 0 0 0 0 0 0 3.6 0 0 0.2 3.8000000000000003 0 0 0.2 0.2 0 0 0 0 0 0 0 0.4 0 0.2 0 0 0 0 0 0 0 0 0 0.2 0.4 0 0 0 0 0 0 0 0.4 0.4 0 0 0 0 0 0 0 0 0 0 0 0 0.6000000000000001 0 0 0 19.400000000000002 2.2 1.2000000000000002 0 0 0 0 0 0 0 0 0 0 0 0 0 0 0 0 0 0 0 0 0 0 0 0 5.800000000000001 0.2 0 0 0 0 0 0 0 0.4 0 0 0 0 
 23.8 24.400000000000002 44 11.8 10.4 41.400000000000006 53.2 23.6 24.6 70.2 44.800000000000004 66.60000000000001 10 7.4 72.4 30 15 0 48 8.8 0.8 0 0.6000000000000001 16.6 0 0 6.800000000000001 0.4 0.6000000000000001 0 0.4 2 0.4 3.6 15.4 0.4 0 0.2 0.6000000000000001 0.8 0 0 0 0.6000000000000001 0 0 1.2000000000000002 0 0.4 0.8 0.2 1 0.4 0 0 0 0 0 0 0.6000000000000001 0.6000000000000001 0 0.6000000000000001 0 0.2 0.4 0 0 0 0.4 0.6000000000000001 0.6000000000000001 0.4 0 0 0.2 0 0 0.6000000000000001 0 4.4 1.4000000000000001 3.2 3.4000000000000004 3.6 0 0 0 0 2.4000000000000004 2.6 0 0 0 2.8000000000000003 2.8000000000000003 0 3 0 0 3.2 0 0 1.6 0 0 0 2.6 0 0.2 0 0 3.8000000000000003 0.2 0 0 1.4000000000000001 0 10.4 0 0 0 0 0 0 0 0 0 0 0 0 0 0 0 0 0 0 0 0 0 0 0 0 0 0 0 0 0 0 0 0 0 0 0 0 0 0 0 0 0 2 0 2.2 3.8000000000000003 2 2 0 2.2 0 3.8000000000000003 0 6 0 1.8 0 9.200000000000001 5.2 1.4000000000000001 0 0 7.4 2.2 1 0 0 0 1.4000000000000001 0 0 0 0 0 0 0 1.2000000000000002 2 0 0 0.2 0 0 0 0 0 0 0 0 0 0 0 0 0 0 0 0 0 0 0 0 0 0 0 0 0 0 0 0 0 0 0 0 0 0 0 0 0 0 0 0 0 0 0 0 0 0 1 0 0 19.400000000000002 0.4 0.4 1 0.2 0 0 0 0 0 0 0 0 0 0 0 0 0.2 0 0 0 0 0 0 0 0 0 0 12.4 0.2 0 0 0 0 0 0 0 0 0 0 0 0 
 24.6 9.600000000000001 8 85.2 18.2 10 156 56.800000000000004 58.6 58.6 23.8 7.4 27.200000000000003 14.600000000000001 40.800000000000004 6 16.400000000000002 48 0 28 0.6000000000000001 0 0.6000000000000001 0 0 0 0 0.4 0 0.4 0 0.6000000000000001 0 0 0 4.6000000000000005 0.4 0.2 0.6000000000000001 0.2 0 0 0 0.6000000000000001 0 0 0.6000000000000001 0 0 0.4 0 0.6000000000000001 0.4 0 0 0 0 0 0 0 0.6000000000000001 0 0.6000000000000001 0 0 0.4 0 0 0 0.6000000000000001 0.6000000000000001 0 3.2 0 0 0 0.2 0 0 0 3.6 5.800000000000001 0.2 0 0 0 1.4000000000000001 2 0 0 0 0 8.200000000000001 0 0 1.4000000000000001 0 0 2.8000000000000003 9.4 0 0 0 0.2 0 0 0 0.2 0 0 0 0 0 0 0.4 0 0 0 0 0.2 0 0 0 0 0 0 0 0 0 0 3.2 0 0 0 0 0 0 0 0 0 0 0 0 0 0 0 0 0 0 0 0 0 0.4 0 0 0 0 0.4 0.4 0 0 3.2 0 0 0 0 2.6 3.4000000000000004 0.8 0.8 0 0 7.4 0.6000000000000001 3.8000000000000003 0 0.8 0 14.4 14.8 0 0 0 0 0 0 0 0 0 0 0 0 0 0 0 0 0 0 0 0 0.2 0 0 0 2.4000000000000004 0 0 0 0 0 0 0 0 0 0 0 0 0 0 0 0 0 0 0 0 0 0 0 0.4 0 0 0 0 0 0 0 0 0 0 0 0 0 0 0 0 0.4 0 0 0.8 0 6.6000000000000005 1 0 0 0 0 0 0 0 0 0 0 0 0 0 0 0.4 0 0 0.2 0 0 0 0 0 0 6 0 0 0 0 0 0 0 0 0 0 0 0 0 
 16.2 9.200000000000001 64.4 21.200000000000003 12 6.800000000000001 10.600000000000001 37.800000000000004 16.8 16.400000000000002 15 6.4 27.400000000000002 68 77.60000000000001 9.600000000000001 9.8 8.8 28 0 0.6000000000000001 0.4 0.6000000000000001 0 0 0 0 0.4 0 12.8 0 0.6000000000000001 0 0 0.4 0 0 0 0.6000000000000001 0 0 0 0 0.6000000000000001 0 0 0.6000000000000001 12.8 0 0.4 0 0.8 13 0 0 0 0 0 0 0 0.6000000000000001 0 0.6000000000000001 0 0 0.4 0 0 0 0.4 0.6000000000000001 0 0 0 0 0 0 0 0 0 9.600000000000001 0 0.2 2.2 0 0 7.800000000000001 11.600000000000001 2.6 0 0 1.8 0.2 6.2 2 2 2 0 5.4 3.8000000000000003 0 0 0 0 0 0 0 0 0 0 0 0 0 0 0 0 0 0 0 0 0 0 0 0 0 0 0 0 0 0 0 0 0 0 0 0 0 0 0 2.6 0 0 0 0 0 0 0 0 0 0 0 2.2 0 0 0 0 0 0 0 0 0 5.2 0 0 0 0 0 0.2 0 0 0 0 0 4.800000000000001 2.4000000000000004 0 0 0 5.800000000000001 3.6 0 0 0 0 0 0 0 0 0 0 0 0 0 0 0 0 0 0 1.8 0 0 0 0 0 0 0 0 0 0 0 0 0 0 0 0 0 0 0 0 0 0 0 0 0 0 0 0 0 0 0 0 0 0 0 0 0 0 0 0 0 0 0 0 0 0 0 0.2 0 0 2.8000000000000003 0 2 0 0 0 0 0 0 0 0 0 0 0 0 0 0 0 0 0 0 0 0 0 0 0 0 0 0 0 0 0 0 0 0 0 0 0 0 0 0 
 0.6000000000000001 0.6000000000000001 0.6000000000000001 5.6000000000000005 15.4 8.4 0.6000000000000001 0.6000000000000001 0.6000000000000001 0.6000000000000001 20.6 16.2 1.2000000000000002 0.6000000000000001 1.2000000000000002 0.6000000000000001 0.6000000000000001 0.8 0.6000000000000001 0.6000000000000001 0 17.2 26.6 20.400000000000002 5.2 6 11 87.80000000000001 5 36.800000000000004 21.6 9.600000000000001 65 8 24.200000000000003 6.2 3.6 6.4 25.6 37.6 0 0.2 0 0 1.2000000000000002 0.2 0 0.2 0.4 0 0 1 0.4 0 0 0 0 0 0 0 0.2 0 0 0 0 0 0.2 0 0 0 0 0 0 0 0.4 0 0 0.8 0 0 0 0 0 2 0 1.8 0 0 0 0 0 0 0 0 0 0 0 0 0 0 7.4 3.4000000000000004 2 0.2 0 3.4000000000000004 7.800000000000001 4.4 0.2 3.6 5.2 0 8.4 11.4 4.800000000000001 2 3 0.6000000000000001 1.8 0.2 0 0 0 0.4 0 0 0 0 0.4 0 0 0 4.2 0 0 0 0 0 0 0 0 0 0 0 0 0 0 0 0 0 0 0 0 0 0.4 0 1.8 0 0 0 0 0 0 0 4.2 1.2000000000000002 0 0 0 0 0 2.8000000000000003 0 0 0 0 0 2.8000000000000003 0 0 2 9.8 7.6000000000000005 6.6000000000000005 0 0 0 4.800000000000001 4.6000000000000005 1 0.4 0 0.4 10.600000000000001 4.2 2.8000000000000003 3.4000000000000004 0.2 0 7 0 0 0 0 0 0 0 0 0 0 0 0 0.2 0 0 0 0 0 0 4.6000000000000005 0 0 0.4 0 0 0 0 0 0 0 0 0 0 0 0 0 0 0 0.2 0 0 2.8000000000000003 0 0 0 0 14.4 0 0 0 0 0 0 0 0.4 0 0 22.6 0 0 0 0 2.2 0 0 0 2.2 0 0 0 0 0 0 0 0 0 0 0 0 5 0 0 0 0 0 0 0 0 0 0 
 0 0 0 0 14.8 4 0 0 0 0 0 0 0 0 0 0 0 0 0 0.4 17.2 0 44.2 26.400000000000002 13.600000000000001 7.800000000000001 31.400000000000002 49.800000000000004 32.2 67.2 52.6 19.200000000000003 23.6 42.6 11.200000000000001 41.6 66 44 36 69.8 0 0 0.4 0.4 0 0.4 0 0.2 0 0 0 1.2000000000000002 1.2000000000000002 0 0 0 0 0.4 0.8 0 0 1 0.6000000000000001 1.2000000000000002 0.2 0.6000000000000001 0 0 0 0 0.4 0.2 0.8 0.4 0 0 0.6000000000000001 0 0 0 0 0 0 0 0 1.6 0 0 0 0 0 0 0 0 0 0 0 0 0 0 3.8000000000000003 0 4.4 5.6000000000000005 2.2 1.8 2.8000000000000003 0 2.2 5 2.4000000000000004 6.6000000000000005 3.8000000000000003 7.800000000000001 7.800000000000001 2.6 4 2.8000000000000003 0 3.2 0 0 0 0 0 0 0 0 0 0 0 0 0 0 0 0 0 0 9.600000000000001 0 0 2.4000000000000004 0 0 0 0 0 0 0 0 0 0 0 0 0 0 0 0 0 0 0 0 0 0 0 2 0 0 0 0 0 0 0 0 0.2 0 0 0 0 0 0 1.4000000000000001 5 1.6 2 0.2 3.6 0 2 2.4000000000000004 2 2.8000000000000003 2.4000000000000004 5 2.4000000000000004 8.6 2.8000000000000003 1.6 0 3 0.2 0 0 0 0 0 2.4000000000000004 0 0 0 0.4 0 0 0 0 0 0 0 0.8 0 0 0 0 0.2 0 0 0 0.2 0 0 0 0 0 0 0.2 0 0 0 0 0 0 0 3 0 0 0 0 0 0 0 0 0 0 0 2.4000000000000004 0.4 0 0.2 15.4 0 0.4 0 0 0 0 0 0.2 0 0 0 0 0 0 0 0 0 0 0 0 0 0 0 0 0 0 0 0 0 0 0 
 0.6000000000000001 0.6000000000000001 0.6000000000000001 0.6000000000000001 0.6000000000000001 6.6000000000000005 0.6000000000000001 1.2000000000000002 0.8 0.6000000000000001 0.6000000000000001 0.6000000000000001 0.6000000000000001 0.6000000000000001 0.6000000000000001 0.6000000000000001 0.6000000000000001 0.6000000000000001 0.6000000000000001 0.6000000000000001 26.6 44.2 0 63.2 28.400000000000002 94.2 14.600000000000001 37.6 59.400000000000006 42.2 22.8 61.400000000000006 15.8 29.200000000000003 27.200000000000003 30 38.2 17.6 34.4 12 0 0.6000000000000001 0.6000000000000001 0 0 0 0 0.2 0 0 0 1.2000000000000002 11.600000000000001 0 4.800000000000001 0 0 0.4 0 0 0 0 0.6000000000000001 0 0 0 0 0 0 0 0 0 0 0.4 1.4000000000000001 0 0.6000000000000001 0 0 0 0 0 0 0 0 1.2000000000000002 0 0 0 0 0 0 0 0 0 0 0 0 0 0 5.2 4.6000000000000005 0 0.2 2 0.4 2.4000000000000004 0 4.6000000000000005 0 0 2.2 2.4000000000000004 3.4000000000000004 0 4.800000000000001 0 1.8 0 2.6 3 0 0 0 0 0 4 0 0 0 0 1.8 0 0 0 1.8 0 0 2 0 0 0 0 0 0 0 0 0 0 0 0 0 0 0 0 0 0 0 0.4 0 0.2 0 0 0 1.2000000000000002 1.6 0 0 0 1 0 0 0 0 0 0 0 0 0 0 5.2 2 2.6 2.4000000000000004 5.6000000000000005 0 0.2 1.2000000000000002 2 5.2 0.2 6.800000000000001 0 0 0 3.6 16.400000000000002 2.4000000000000004 0.4 1.8 2 0.4 0 0.8 0 0 0 0 0.2 0 0 0.2 2.4000000000000004 0 0 0 0 0 10.200000000000001 2 0 0 0 0 0 0 0.4 0 0 0 0 0 0 0 0 0 0 0 0 0 0 0 0 0 0 0 0 0 0 0 0 0.2 0 0 2.6 0 0 0 0.2 0 0.4 0.4 0 0 0 0 0 0 0 0 0 0 0 0 0 0 0 0 0 1.4000000000000001 0 2.2 0 0 0 0 0 0 0 0 
 0 0 0.4 0.4 0 0 0.6000000000000001 0 0 0 0 0 0 0 0 41.2 0 16.6 0 0 20.400000000000002 26.400000000000002 63.2 0 79.60000000000001 25.200000000000003 14.200000000000001 39.2 22.400000000000002 36.800000000000004 28.8 21.200000000000003 13.600000000000001 16 59.2 14 9.8 35.4 72.60000000000001 31.6 0.2 0 0 0 0 0 0 12.8 1 0 0 1 0.6000000000000001 13.4 0 0 0 0.4 12.8 12.4 0.6000000000000001 0 0.6000000000000001 0 0 0 0 0 0.6000000000000001 0.4 0.4 0 0 0.4 0 0.2 0.6000000000000001 0 0 2.6 0 0 0 0 0 0 0 0 0 0 0 0 0 0 0 0 0 0 0 0 0 0.2 0 0 0 0.2 3.8000000000000003 0 0 0 3.8000000000000003 2.6 1.8 3.6 0 3.6 4 0 0 0 3.2 0 1.6 0.4 0 0 0.2 2 0.4 2.4000000000000004 0 2.4000000000000004 4.4 0.4 4.6000000000000005 3.2 0 1.2000000000000002 10.200000000000001 2.4000000000000004 0 0 0 0 0 0 0 3 0 0 0 0 0 0 0.4 0 1.4000000000000001 0 0 0 0 0 0 0 0 0 1.6 8.4 0 0 0 2.4000000000000004 0 1.2000000000000002 0 0 0 3 0 0 0.6000000000000001 3 0.6000000000000001 4.4 5 2.6 0 0.2 1.8 2.4000000000000004 0 0 0.4 0 0 4 0 0 0.2 0 4.6000000000000005 2 2.4000000000000004 0 0 0 12.8 2.6 0.6000000000000001 4.6000000000000005 0 0 0.2 0 0.2 0 0 0 6.2 0 0 0 0.4 0 0 0 0 0 0 0 0 0 0 0 0 0 0 0 0.2 0 0 0 0 0 0 0 0 0 15.600000000000001 0 0 0 14.600000000000001 0 3.2 0.2 0.8 30.6 16.8 0.4 0.6000000000000001 0 0 0 0 0 0 0 0 0 0 0 0 0 0 0 0 0 0 0 0 0 0 0 0 0 1.4000000000000001 0 0 0 
 0 14.4 0 0 0 0.2 0.6000000000000001 0 0.2 0 0 1 0 0 10.200000000000001 0 0 0 0 0 5.2 13.600000000000001 28.400000000000002 79.60000000000001 0 36 11.8 10.600000000000001 34.4 22.8 17.8 16.8 13.8 9.600000000000001 14.4 25.200000000000003 14.4 56.6 17.8 13 0 0 0 0 0 0.6000000000000001 0 11.4 0 2.8000000000000003 0 0.6000000000000001 14 26.8 0.2 0 0 12.8 23.400000000000002 17.400000000000002 0 1 0.2 0 0 0 0 0 5.2 1.4000000000000001 0.6000000000000001 0.8 0 0.4 0 0 0.6000000000000001 0 0 1.4000000000000001 0 0 0 0 0 0 0 0 0 0 0 0.4 0 0 0 0 0.4 0 0 0 0 0 0 1 2.8000000000000003 1.6 0 0 0 0 0.4 4.4 0 0 0 0 0 1.4000000000000001 0 0 5.2 1 8.200000000000001 0 2.2 0 3.4000000000000004 0.6000000000000001 4 7 0 0 6.2 4.4 10.200000000000001 5.4 4.2 2 5.2 2.4000000000000004 0 0 0 5.2 0 0.4 0 0 0 0.2 0 0 0 0 0 0 0 0 0 0 0 0 0 0 0 0 0 11.4 0 0.4 0 0 0 0.4 0 0 0 0 0 0 0 0 2.8000000000000003 3.4000000000000004 11.8 5.800000000000001 0 1.2000000000000002 0 1.8 0 4.6000000000000005 0 0 0 0 0.8 8 0 0 8.200000000000001 3.2 5.2 2.8000000000000003 0 0 1.8 4.6000000000000005 0 0 1.6 0 2.2 8.200000000000001 2.8000000000000003 0 0 0 1.8 0.2 0 0 0 0 0 0 0 0 0 0 0.4 0 0 0.2 1.6 0 0 0 0 0 0 0 0 0 0 0.2 0 0 0 0 0 0 0 0 3.4000000000000004 0 0 0 15.600000000000001 0 2.6 1 0 0 0 0 0 0 0 0 0 0 0 0 0 0 0 0 0 0 0 3.6 0 0 0.4 0 2.4000000000000004 2.8000000000000003 0 0 
 0 0 0.2 0 0 0.6000000000000001 0 0 0 5 0 0.4 0 0 0 0 0 0 0 0 6 7.800000000000001 94.2 25.200000000000003 36 0 5.2 6.800000000000001 74 31.6 60.6 18.6 52.6 17 9.200000000000001 15.8 60.400000000000006 45.400000000000006 11.200000000000001 7.800000000000001 6 13 13 0 0 0 0.6000000000000001 11 17.8 3 0 1 0.6000000000000001 17.8 0.2 0 0 0.4 13.600000000000001 19.200000000000003 0 0 0.2 1.2000000000000002 0 0.2 0 0 1.2000000000000002 1 0 0 0 0.4 0.6000000000000001 0 0.6000000000000001 0 0 1 0.4 0 0 0 0 0 0 0 0 0 0 0 0 0 0 0 0 0 0 0 0 0 0 0.2 2.8000000000000003 0 0 0 0 0 0 1.6 0 0 0 0.2 0 0 0 0 5.800000000000001 0 4 0 0 0 2 0 0 0 0 0 8.6 0.2 5.4 0 4.2 2.2 2.6 4.6000000000000005 0 0 0 0 0 3.6 0 0 0.2 0 0 0 0 0.4 0 0 0 0 0 0 0 0 0 0.8 0.8 0 0 0 0 0 0 0 0 0 0 0.2 0 0 0 0 0 0 2.8000000000000003 0 8.4 1 0 0 0 2.4000000000000004 0.6000000000000001 3.4000000000000004 0 0 0 2 0.6000000000000001 4.6000000000000005 0 0 1.6 2.6 0.4 2.4000000000000004 2.2 2 5.4 2.6 0.2 7 0 2.6 2 13.4 2.4000000000000004 1.8 0 0 5.4 0 0 0 0 0 0 0 0 0 0.2 0 0 0 0 0 0 4.2 0 0 0 0 0 0 0 0 0 0 0 0 0 0 0 0 0 0 1.4000000000000001 0 1 18.2 1.4000000000000001 1.8 1 0 0 0 0 0 0 0 0 0 0 0 0 0 0 0 0 0 0 0 0 3.6 0 0 0.2 0 0.8 0 0 0 
 0 0.2 0 0.4 0 0.2 0 0.4 17.2 18.2 0 23.8 0.2 0 0.2 14.600000000000001 18.6 6.800000000000001 0 0 11 31.400000000000002 14.600000000000001 14.200000000000001 11.8 5.2 0 18.2 5.4 8 6.6000000000000005 16.8 51.400000000000006 79 142.6 12.4 21.6 6 29 15 0 0.4 0 2 0 0.2 0 0.2 0 0 0 1.6 0.6000000000000001 0 0 0 0 0.4 0 0 0 0 0.4 0 0 0 0 0 0 0 0 0 0 0.4 0 0 0.6000000000000001 0 0 0 0 0 2 2 3.8000000000000003 0.2 0 0 0 12.200000000000001 5 5 0.2 0 0 0 2 2 0 0 4.2 0.8 2.4000000000000004 2.4000000000000004 1.4000000000000001 0.6000000000000001 3.6 0 9 0 2 2.4000000000000004 0 2 2 0.6000000000000001 4.2 1.4000000000000001 6.800000000000001 6 0.4 0 0 0.4 0 0 0 0 0 0 0 0 0 0 0 0 0 0 0 2.8000000000000003 0 0 0.6000000000000001 0 0 0 0 0 0 0 0 0 0 0 0 0 0 0 0 0 1 0 0 4.6000000000000005 0.4 2.2 0 0 2.2 0.2 0 4.800000000000001 0 0 0 2.4000000000000004 0.2 0.2 0 0 2.4000000000000004 1 1.8 0 5.6000000000000005 3.8000000000000003 9.600000000000001 13 6.2 2 0.6000000000000001 0 2.2 0 5.2 2.6 3.6 0 4.4 0.8 0 0 0 0 0 0 0 0 0 0 0 0 2.6 0.2 0 0 0 0 2.6 0 0 0 0.4 0 0 0 0 0 0 0 0 0 0 2.6 0 0 0 0 0 0 0 0 0 0 0 0 3.6 0 14.8 4 0 0 0 0 2.4000000000000004 0 0.4 0 0 0 0.6000000000000001 0 0 0 0 0 0 0 0 0 0 0 0 0 0 1.6 0 2.4000000000000004 0 0 0 3.4000000000000004 0 0 0 0 0 0 0 0 
 0.6000000000000001 0.4 0.4 4.4 15 30.200000000000003 0.4 0.4 9.600000000000001 0.4 16.400000000000002 15.600000000000001 0.4 0.4 15.200000000000001 0.4 0.4 0.4 0.4 0.4 87.80000000000001 49.800000000000004 37.6 39.2 10.600000000000001 6.800000000000001 18.2 0 17 13.600000000000001 34 9.200000000000001 35.800000000000004 23.8 27.6 25.200000000000003 8.8 7.800000000000001 35.2 15.600000000000001 0 0 0 0 0 0 0 0 0 0.4 0 0.6000000000000001 14 0 0.6000000000000001 0 0 0.4 0 19.8 0 0 0.2 0 0 0 0 0 0.6000000000000001 0.6000000000000001 10 0.4 0 0.6000000000000001 0 0.2 1 0 0 0 0 0 0 0 0 0.6000000000000001 0 0 0 0 0 0 3.4000000000000004 0 0 0 0 0 0 0 0 6.800000000000001 0.2 2.6 0 4.6000000000000005 0.2 0.2 2.2 1.6 5.4 0 0.2 5 4.2 0 12 0.2 0 8.200000000000001 0 0 0.4 0 0 0 0 0 0 0 0 0 7.800000000000001 0 0 0 0 0.4 4 1.8 0 0 0 0 0 0 0 0 0 0 0 0 1.2000000000000002 0 0 0.2 5.6000000000000005 0 0 0 0 0 0 0 0.8 2.8000000000000003 0 0 0 0 0 0 0 0 0 0 0 0 0 0.4 2 4.6000000000000005 6.4 4 0 0.6000000000000001 8 0.8 3.8000000000000003 16.8 0.2 0 2.8000000000000003 3.2 1 3 0 2.8000000000000003 0 7.4 0.2 1.2000000000000002 0 0 0 0 2.6 0.4 0 0 0 0 0 0 0 0 0 0.2 0 0 0.4 0.4 0 0 0 0 0 0 5.4 0 0 0 0 0 0 0 1.4000000000000001 0 0 0 0 0 0 0 0 0 0 0 0 0 0 0 0.4 0 1.2000000000000002 0.2 0.4 2.8000000000000003 1.2000000000000002 0 0.4 0 0.4 0 0 0 0 0 0 0 0 0 0 0 0 0 0.4 0 0 4.2 0 0 0 0 0 0 0 0 0 0 
 0 0 0 0 0 0 1.2000000000000002 0.2 1.4000000000000001 0 0 0.6000000000000001 0 0 0 0 0 0.6000000000000001 0 0 5 32.2 59.400000000000006 22.400000000000002 34.4 74 5.4 17 0 18.2 9.600000000000001 30 19 17.6 17 63 65.8 58 26.200000000000003 66.2 0 41 0 0 0 0 0.4 12.8 0 0.4 0.4 0.8 11.8 0.2 0 0 0 0.4 0 0.4 0 0.2 0.6000000000000001 0 0.2 0 0 0 0 0.8 0 0 0 0.6000000000000001 0.6000000000000001 0.4 0.6000000000000001 0.4 0 0.8 0 0 0 0.8 0 0 0 0.4 0 0.2 0 0 0 0 0 0 0 0 0 0 0 3.6 4.4 9.600000000000001 1.4000000000000001 0.2 0 3.8000000000000003 0 2.4000000000000004 0 0.4 0 0 0.2 6.6000000000000005 4 4.2 0 0 3 0 0 3.4000000000000004 0 0 8.8 12.200000000000001 0 0 0 2.4000000000000004 0 0 0.2 1.8 0 1.4000000000000001 6.800000000000001 6.4 0 0 0 0 6.4 0 0 0 0 0 0 0.6000000000000001 0 0 0 0 0 0 0 0 0.2 0 0 0 0 0 0.2 2 0 0.8 0 0 0 0 0 0 0 0 0.4 0 0 1.8 1.4000000000000001 13.600000000000001 5.800000000000001 0 0.2 0 0 2.2 8.4 2.4000000000000004 0 0 0 10.200000000000001 4.800000000000001 4.800000000000001 0 0 0.8 2 0.2 0 0.2 0 8.6 0 0.2 0 5.4 0 0 0 0 0 0 0 3.4000000000000004 4.4 0 0 0 0 0 0 0 0 0 0 0 0 0 0 0 0 0 0 0 0 0 0 0 0 0 0 0 0 0 0 0 0.2 0 0.4 2.4000000000000004 0 0.4 0.2 5.2 0.4 2.8000000000000003 0 0 0 0 0 0 0 0 0 0 0.4 0 0 0 0 0 0 0 0 0 0 0 0 0 3.4000000000000004 3.4000000000000004 0 0 0 
 0 0 0 0 17.400000000000002 30 0.4 0 0 0 0 0 0 0 0.4 0 0 0 0.4 12.8 36.800000000000004 67.2 42.2 36.800000000000004 22.8 31.6 8 13.600000000000001 18.2 0 42 52.2 44.800000000000004 34.4 25.6 34.4 71.60000000000001 27.400000000000002 36.4 37.2 0 0 0 0 0 0 0 0 0 1.8 0.2 0.6000000000000001 0.6000000000000001 0 0 0 0 0.4 0 0.2 0 0 0.2 0 0 0 0 0 0 0 0 0 0 0.6000000000000001 0 0 0.4 0 0 0 0 0 0.2 0 0 0 0 0 0.2 0 0 0 3.6 0 0 0 0 0 0 0 3.8000000000000003 4.2 0 9.8 0 4.6000000000000005 9.4 0.4 5.800000000000001 0 10 7.800000000000001 4.4 5 2.4000000000000004 7 3.6 3 0 7.6000000000000005 0 0 0 0 0 0 0 0 0 0 0 0 6.2 0 0 0 2.4000000000000004 0 4 1.4000000000000001 0 0 0 0 0 0 0.4 0 0 0 0 1.4000000000000001 0 3.6 0 0 5 0 0 0 0 0.4 0 0 0 0 3 0 0 0 0 0.2 0 0 0 1.6 0 0 0 0 0 1.4000000000000001 5.4 3.8000000000000003 0 0 2 0 5.2 7 13.4 4.2 5.6000000000000005 16.6 2.8000000000000003 2.8000000000000003 2.4000000000000004 8.4 0 9.200000000000001 0.2 0 0 0 0 0 0 0 0 0 0 0 0 11 0 0 0 0 0 0 0 0 0 0 0 0 0 0 4.6000000000000005 0.2 0 0.4 0 0 0 0 0 0 0 4.6000000000000005 0 0 0 0 0 0 0 0 0 0 0 4.4 0 0.4 1.8 0 0.4 0.8 0.2 0 0.2 0 0 0 0 0 0 0 0 0 0 0 0 0 0 0 0 0 0 3.6 0 0 0 0.4 0 0 0 0 0 0 
 0 0 0 6.4 0.8 38.2 0 0 0 0 0 0.4 0 0 0 0 0 0.4 0 0 21.6 52.6 22.8 28.8 17.8 60.6 6.6000000000000005 34 9.600000000000001 42 0 9 66 5.800000000000001 55.6 29 66.60000000000001 13.200000000000001 10.600000000000001 26 0 0 0 0.4 0.4 0 14.600000000000001 13 0 0 0 0.6000000000000001 1 0 0 0 0 1.2000000000000002 12.8 0 0 0.6000000000000001 0.2 0 0 0 0 0 0 10.200000000000001 0.4 0 0.4 0.4 15 0 0.6000000000000001 0 0 0.2 0 0 0 0 0 0 0 0 0 0 0 0 0 0 0 0 0 0 0 0 4.4 3.8000000000000003 0 2.8000000000000003 0.4 0.4 6.2 3.8000000000000003 2 0.4 3 6.6000000000000005 6.4 2.8000000000000003 2.4000000000000004 1 13.4 0 0.4 0 0 0 0 0 0 0 0.2 1.8 0 4.2 0 0 2.4000000000000004 2.4000000000000004 10 0.4 0 0.2 10 11.200000000000001 0 0 0 0 0 0 0 0.4 0 0 0 0.4 0 0 0 0 1.2000000000000002 0 0 0 0 0 0 0 0 1.2000000000000002 0.8 1.6 0 0 0 0 0 0 0 0 0 0 0 0 0 4.4 4.2 4 0 0 2.4000000000000004 0 10 4.2 0 0.2 3 6.6000000000000005 2.2 10.600000000000001 5.4 3 0 6.800000000000001 2.6 0 2.2 0 0 0 6.2 2.6 2.2 0 0 0 0 0 0 0 0 0 1.2000000000000002 0 0 0 0 0 0 0 0 0 0 0 2 0 0 0 2.2 0 0 0 0 0 0 0 0 0 0 0 0 0 0 0 0 0 0 0 1.6 0 0 16.2 15.200000000000001 0 0 0 0 0 0 0 0 0 0 0 0 0 0 0 0 0 0 0 0 5.4 0 0 0 0 0 0 0 0 0 0 
