 0 17.6 33.800000000000004 10.600000000000001 48.400000000000006 4 53.2 36 28 23.6 18.8 10 19.6 8.200000000000001 66.4 26 21.8 18.400000000000002 68.4 18 0.4 0 0 0 0 0 0 0 0.4 0.8 0 0.2 0.8 0.4 0 0 0.4 0 0.2 0 0 0 0 0.4 0.6000000000000001 0.4 0 0 0 0 0.4 0.6000000000000001 0 0 0 0.2 0 0 0 0.6000000000000001 1 0 0 0 0 0 0 0 0 0.2 3.2 0 0 0 0.4 0 0 0.6000000000000001 0 0 2 2.2 1.4000000000000001 0.2 0 0 7.6000000000000005 2 4.6000000000000005 3.8000000000000003 2 4 0 0 11.8 0 0 0 7.6000000000000005 2.2 0 0 0 0.2 0 0 0 0 0 0 0 0 0 0 0.2 0 0 0 0 0 0 0 0 0 0 0 0.4 0 0 0 0 0 0 0 0 0 0 0 0 0 0 1.2000000000000002 1.2000000000000002 0 0 0 0 0 0 0 0 0.2 0 0 3.2 0.2 0 0 0 0 6 0 6.800000000000001 13.600000000000001 0.2 0 5 5.4 1.6 3.6 0.2 0 0 0.4 0 2.6 5.2 0.2 3.8000000000000003 7.800000000000001 0.2 0 0 0 0 0 0 0.4 0 0 0 0 0 0 0 1 0 0 0.4 0 0 0 0 0 0 0 0 0 0 0 0 0 0 0 0 0 0 0 0 0 0 0 0 0 2.6 0 0 0 0.4 0 0.4 0 0 0 0 0 0.4 0 0 0 0 4.800000000000001 0 0 0 1 0 0 8.8 0 1.8 1.2000000000000002 0 0 0 0 0 0 0 0 0 0 0 0 0 0 0 0 0 0 0 0 0 0 0 0 2 0 0 0 0 0 0 0 0 0 0 0 0 0 
 17.6 0 19.8 51.400000000000006 15 86.2 31.400000000000002 35 12.600000000000001 13.4 12.200000000000001 8 13.600000000000001 28.8 30.200000000000003 62.400000000000006 76.80000000000001 67.4 7.6000000000000005 8.8 0.4 0 0.2 0 0 0 14.600000000000001 0 0 1.2000000000000002 0 0.6000000000000001 19.8 0.4 0 0 0 0 0 0 0 0 0.6000000000000001 0.6000000000000001 0.6000000000000001 0.4 0.6000000000000001 0 0 0 0 0.6000000000000001 0 0 0 0 0 0 0.4 0.6000000000000001 0 0 0 0 0 0 0 8.8 0 0.2 0.6000000000000001 0 0 0 0.4 0 0 0.8 0 0 3.8000000000000003 0.2 3.4000000000000004 7.4 3.8000000000000003 4.4 10 1.8 10.8 9.200000000000001 11.8 1.8 1.8 5.800000000000001 2.8000000000000003 1.8 0 0 2.4000000000000004 0 0 0 0 0.2 0 0 7.4 0 0 0 0 0 0 0 0.2 0 0 0 2 0 0 0 0 0 0 0 0 0 4 0 0 0 0 0 0 0 0 0 0 0 0 0 0 0 0 1.8 0 0 0 0 0 0.2 0 0 0 0 0 0 0 0 3.6 0 3.4000000000000004 5.6000000000000005 0 9.600000000000001 0 0 2 3.6 3.8000000000000003 0 0 3.4000000000000004 6.4 0 1.6 6.4 3 1.4000000000000001 0 0 0 0 0 3.4000000000000004 2.2 0 0 0.2 0 0 0.6000000000000001 1.2000000000000002 0 0 0 0 2.4000000000000004 0.2 0 0 0 0 0 0 0 0 0 0 0 0 0 0 0 0 0 0 0 0 0 0 5.6000000000000005 0 0 0 0 0 0.4 0 0 0 0 0 0 0 3.4000000000000004 0 0 0 0 1.8 0 0 0 0.2 0.4 0 0.6000000000000001 0.2 0.2 1 0 0 0 0 0.2 0 0 0 0 0 0 0 0 0 0 0 0 0 0 0 0 0 0 0 0 2.6 0 0 0 0 0 0 0 0 0 0 0 0 
 33.800000000000004 19.8 0 48.2 29.6 21.200000000000003 58.800000000000004 13.4 20.200000000000003 32 29.200000000000003 21.200000000000003 15.600000000000001 10.600000000000001 23.200000000000003 17.8 22.400000000000002 31.200000000000003 32 24.8 0.4 0 0 0 0 0.6000000000000001 15 0 0.2 0.6000000000000001 0.4 0 8.8 0.2 0 0 0 0.6000000000000001 4.4 0 0 0 0 0.6000000000000001 0.6000000000000001 0.4 0 0 0 0 0 13.200000000000001 0.8 0 0 0 0 0 12.600000000000001 0.6000000000000001 0 0 0 0 0 0 0 0 0 0.8 0.6000000000000001 0 0.6000000000000001 0.4 1.2000000000000002 0 0 0 0 0.2 0 2.2 1.6 0 1.6 0 0 0 0 3.4000000000000004 0 4.800000000000001 0 0.2 0 5.6000000000000005 0 8.6 2.8000000000000003 0 0 0 0 0 0 0 0 0 0 0.4 0 0 1.4000000000000001 0 0 0 0 0 0.4 1.4000000000000001 0.2 0 0 0 0 0 0 0 0 0 0 0 0 0 0 0 0 0 0.2 0 0 0 0 0 0 0 0.4 0 0 3.4000000000000004 0 0 0 0 0 0 0 0 0 0 0.8 6 2 7.2 0 0 3.8000000000000003 2.6 1.8 0.4 0 0 0 0.4 2.6 0 3 0 0 0 0 0 0 0 0.2 1.2000000000000002 1.8 0 0 0 0 0 0 0 1.4000000000000001 0 0 0 1.4000000000000001 0 0 0 0 0 0 0 0 0 0 0 0.2 0 0 0.2 0 0 0 0 0 0.2 0 0 0 0 0 0 0 0 2 0 0 0 0 0 0 0 0 0 0 0 0 0 0 0 0 0 0 0 17.8 0 2.2 0 0 0 0 0 0 0 0 0 0 0.4 0 0 0 0 0 0 0 0 0 0 0 0 0 0 3 3.6 0 0 0 0 0 0 0 0 0 0 0 0 
 10.600000000000001 51.400000000000006 48.2 0 36.2 33.6 63.2 55.800000000000004 14.8 51.400000000000006 27.6 64.2 72 19.8 13.4 28.200000000000003 48.800000000000004 46.800000000000004 14.600000000000001 52.2 0.6000000000000001 0 0.4 0 0 0 3.4000000000000004 15.8 0 0.6000000000000001 0 0 15.200000000000001 15 15.200000000000001 0 0 0 14.8 30.200000000000003 0 0 0 0.4 0.6000000000000001 0.4 0 2.2 0 2.6 0 0.4 0 0 0 0 0 0 2 0.6000000000000001 0 0 0 0.4 0.6000000000000001 0 0.2 0 0 0 0.6000000000000001 0 0 0 0.6000000000000001 0 0 2.2 0 3 0 3.2 5 11.200000000000001 5.800000000000001 6.6000000000000005 0 0 13.4 0 4.4 2.2 0 2 6 4.2 0 0 0 0 0 2.8000000000000003 0 0 0 0 4.2 0 0 0 0.2 0 0 0 0 0 0 0.2 4.2 0 0 0 0 0 0 0 0 3 0.2 0 0 0 0 0 0 0 0.2 0 0 0 2.6 0 0 0 0.4 0 0 0 0 0 0 0 0 0 0 0 0 0 0 0 0 0 5 1.8 4.800000000000001 8.200000000000001 0 1.4000000000000001 2.2 6.800000000000001 1 2.6 0 0 2.8000000000000003 1.8 0 3.4000000000000004 0 1 3.8000000000000003 1.6 0 0 0 0 5.2 2.8000000000000003 0 0.4 0 0 0.8 7.6000000000000005 0 0 2.2 0 2.6 5.4 0 0 0 0 0 0 0 0 0 0 0 0 0 0 0 0 0 0 0 0 0 0 0 0 0 0 3.6 0 0 0 0 0.4 0 0 0 0 0.2 0 0 0 0 0 2.6 0 0 0.8 0.4 0.4 0.2 40 0 0.8 0 0 0 0 0 0 0 0 0 0 0 0 0 0 0 0 0 0 0 0 0 0 0 2.2 0 2.6 0 0 0 0.2 0 0 0 0 0.2 0 0 0 
 48.400000000000006 15 29.6 36.2 0 14.8 12.4 18.400000000000002 9.8 31.8 77.4 44 15.4 19.6 72.2 53.800000000000004 19.200000000000003 27.8 13.200000000000001 55 0.8 0 0 0 0 0 3.4000000000000004 0.2 0 1 0 0.2 16.2 15.200000000000001 16.400000000000002 0 0 0 14.600000000000001 15 0 0 0 0.4 0.6000000000000001 0.4 0 0 0 0 0 0.6000000000000001 0 0 0 0 0 0 1.6 0.6000000000000001 0 0 0.4 1.2000000000000002 0 0 0 0 0 0.2 0.6000000000000001 0 0 0 0.4 0 0 0.8 0 0.8 0 2.8000000000000003 12 3.8000000000000003 3 5.4 0 0 4 0 2.8000000000000003 2 0 0 2.4000000000000004 3.6 0.2 1.8 0 0 0 0 0 0 0 0 2.8000000000000003 0 0 0.2 2 0 0 2.4000000000000004 0.2 0 0 0.2 4.6000000000000005 1 0 0 0 0 0 0 0 0 0 0 0 0 0 0 0 0 0 0 0 0 0 0 0 0 0 0 0 0 0 0 0 0 0 0.6000000000000001 0 0 0 0 0 0 0.4 2.8000000000000003 2.8000000000000003 0 2 4 0.6000000000000001 0 2.2 6.4 1.6 10 0 0 3.4000000000000004 2 0 1.6 0 0 0.2 1.6 2.2 0 0 0 3.2 2.4000000000000004 0 0 1.8 0 2 5.2 11.200000000000001 0 1.6 0 2.2 2 0 0 0 0 0 0 0 0 0 0 0 0 0 0 0 0 0 0 0 0 0 0 0 0 0 0 0 0 0 0 0 0 0 0 0 0 0 0 3 0 0 0 0 0 0 0.8 0.2 0.6000000000000001 0.6000000000000001 17.400000000000002 0 0.4 0.2 0 0 0 0 0 0 0 0 0 0 0 0 0 0 0 0 0 0 0 0 0 0 4.6000000000000005 4.2 0 0 0 0 0.2 0 0 0 0 0 0 0 0 
 4 86.2 21.200000000000003 33.6 14.8 0 9.600000000000001 6 31 26 43 30 10 51 25.6 34.2 11 63.400000000000006 10.4 8 16 14.4 49.800000000000004 23.200000000000003 0 0 22 17.6 0.2 0.6000000000000001 0 0.4 20.200000000000003 5.2 4.800000000000001 0 0.2 0.2 18.8 23 0 0 0 0.4 0.6000000000000001 0.4 0 1.2000000000000002 0 0 0.2 0.8 0 0 0 0.2 0.6000000000000001 0 1.4000000000000001 0.6000000000000001 0 0 0 0.6000000000000001 0 0 0 0 0 0.4 0.6000000000000001 0 0 0 0.6000000000000001 0 0 0 0 0 0 2.6 0.2 2.2 3.6 3.8000000000000003 0 0 0 3.6 2.8000000000000003 0 0 1.8 0 2.6 0 0 0 0 4.6000000000000005 7 0 0 0 0 5.6000000000000005 4.4 3.8000000000000003 10 0.2 0 1.8 0.2 2 6.800000000000001 3 3.6 6.4 0 0 0 0 0 3.8000000000000003 0 0 0 0 0 0 0 0 0 0 0 0 0 2 7.800000000000001 0 0 0 0 0 0 0 0 0 0 0 0 0 0.4 0 0 0 0 0 0 0 0 0 2 3.6 3 0 0 0 0 2 0.4 0 0 3.2 0 0 0 0 0 7.800000000000001 6.2 0 1.4000000000000001 0.2 0 2.6 4.2 3.6 8.6 2.8000000000000003 0 2.2 0 2.2 0 3.4000000000000004 1.8 3.6 2.6 0 0 0 0 0 0 0 0.4 0 0 0 0 0 0 0.2 0 0 0 0 0.4 0 0 0 0 0 0.2 0 0 0 0 0 0 0 0 0.4 0 0 0 0 0 0 0 5.2 0 0 0 0.2 0.8 0.4 0.4 0.4 0.4 0 0 0 0 0 0 0 0 0 0 0 0 0 0 0 0 0 0 0 0 0 0 0 2.8000000000000003 0 4.2 0 0 0 0 0 0 0 0.4 4 0 0 0 
 53.2 31.400000000000002 58.800000000000004 63.2 12.4 9.600000000000001 0 24.200000000000003 28.8 8.200000000000001 6.2 6 53.400000000000006 25 10 50.400000000000006 24.8 6.800000000000001 30.200000000000003 21.200000000000003 1.2000000000000002 0.4 0.4 0 0 0 0 0 0 0.6000000000000001 0 0.8 0.4 0.8 0 0 0 0.4 0.4 1.2000000000000002 0 0.4 0 1.2000000000000002 0.6000000000000001 0.4 0.2 0.6000000000000001 0 0.6000000000000001 0 0.4 0.4 0 0.4 0.6000000000000001 0 0 0 0.6000000000000001 1.8 0.6000000000000001 0 0 0 0 0.4 0.6000000000000001 0.4 0.8 0.6000000000000001 0 0.2 1.2000000000000002 0.6000000000000001 0.6000000000000001 0 0 0 0 0 0 0 7.800000000000001 2 0.8 3.6 0.4 16.8 1.2000000000000002 0.4 3.2 3.8000000000000003 8.8 0.2 0 2.2 0.4 2.8000000000000003 8.4 0 0 0 0 0 0 2.2 0 0 0 0 0 0 0 0 0 0 0 0 0 0 0 0 0 0 0 0 0 0.4 0 0 0 0 0 0 0 0.2 0 0 0 0 0 0 1.8 0 0 0 0 0 0 0 0 0 0.2 0 0 0 0 0 0 8 0 0 0 0 0 4.800000000000001 0 2.2 0 0 0 3.4000000000000004 0 0 1.4000000000000001 0.4 0 0.8 4.6000000000000005 0 0 0 0 0 0.4 0 0.2 0 0.2 0 0 0 0.4 0 0 0 0 0 0 0 0 0 0 0 0 0 0 0 0 0 0 0 0 0 0 0 0 0 0 0 0 0 0 0 0 0 0 0 0 0 0 0 0 0 0 0.4 0 0 0 0 0 0 0 0 0.4 0.4 0.2 0.4 0.4 0.4 0.2 0 0 0 0 0 0 0 0 0 0 0 0 0 0 0 0 0 0 0 0 0 0 0 0 0 0 0 0 0 0 0 0 0 0 0 0 0 0 
 36 35 13.4 55.800000000000004 18.400000000000002 6 24.200000000000003 0 11.8 4.6000000000000005 11.200000000000001 6.4 20.8 48.800000000000004 58 7.2 21.200000000000003 53.2 53.2 45.6 0.6000000000000001 0 17.400000000000002 0 0 0 0 0 0 0.6000000000000001 0 0.4 0.4 0.4 0 0 0 0 0.4 0 0 0 0 0.8 0.6000000000000001 0.4 0 0 0 0 0 0.6000000000000001 0 0 0 0 12.4 0 12.4 0.6000000000000001 7.800000000000001 0 0 0 0 0 0 0 0 0.2 0.6000000000000001 0 0 0 0.4 0 0 0 0 0 8.4 0 0 5.800000000000001 0 0 11.4 3.2 6.800000000000001 4.6000000000000005 3.6 2.6 5.800000000000001 3.8000000000000003 9.200000000000001 0 3 7.800000000000001 6.2 15.8 0 0 0 0 0 0 0 0 0 0 0 0 0 0 0 0 0 0 0 0 0 0 0 0 0 0 0 0 0 0 0 0 0 0 0 0 0 0 0 0 0 0 0 0.6000000000000001 0 0 0 0 0 0 0 0 0 0.2 0 3.8000000000000003 0 0 0 0 2.4000000000000004 2.6 0.2 2.8000000000000003 0 0 6 0 3.6 0 6.2 0 0 3.6 0 1.4000000000000001 2.6 7.6000000000000005 5 2.2 0 0 0 0 0 6.2 0 0 0 0 0 0 0 0 0 0 0 0 0 0 0 0 0 0 0 0 0 0 0 3.6 0 0 0 0 0 0 0 0 0 0 0 0 0 0 0 0 0 0 3 0 0 0 0 0 0 0 0 0 0.2 0 0 0 0 0 0 0.4 3.6 0.4 0 0 0 0.8 0.2 0 0 0 0 0 0 0 0 0 0 0 0 0 0 0 0 0 0 0 0 0 0 2.8000000000000003 0 0 0 0 0 0 0 0 0 0 0 0 0 0 
 28 12.600000000000001 20.200000000000003 14.8 9.8 31 28.8 11.8 0 104 44 7 22 29.200000000000003 48.800000000000004 11.600000000000001 6.6000000000000005 25.400000000000002 66.8 12.8 13.600000000000001 0 0 0.4 0 0 0 0 0 0.6000000000000001 0.4 0.6000000000000001 0.4 0.2 0 0 0 0 0 0.8 0.6000000000000001 0 0.4 0.8 11.200000000000001 0.4 0 0 0 0.6000000000000001 0 1 0 0 0 0 0 0 0 0.6000000000000001 0 0.2 0 0.2 0 0 0 0 3 0 1 0 0.6000000000000001 0.2 0.6000000000000001 0.4 0 1.8 0.4 1 3.8000000000000003 4.800000000000001 11 0 1.6 11.4 0 5.800000000000001 0 0 0 7.4 0 0.2 1.8 9.200000000000001 1.8 2.4000000000000004 0 0 0 0 0 0 0 0 0 0 0 0 0 0 0 0 0 0 0 0 0 2.2 0 0 0 0 0 0 0 0 0 0 0 0 0 0.2 0 0 0 0 0 0 0.2 0 1.2000000000000002 0.4 0 0 0 0 0 0 0 2.8000000000000003 0 0 3.4000000000000004 0 0 0 0 0 0 4.6000000000000005 0 1.4000000000000001 0.8 2.4000000000000004 0 7.6000000000000005 1.6 5 0 0.2 0 0 7.4 7 0 0 0 0 0 0.2 0 0 0 0 0 0 0 0 0 0 9.600000000000001 0 0 0 0 0 0 10.4 0.2 0 0 0 0 0.2 1.4000000000000001 0 0 0 0 0 0 0 0 0 0 0 0 0 0 0 0 0 0 0 0 0 0 0 0 0 0 0 0 0 0 0 0 0 0 1.2000000000000002 0 0 0 0 17.8 0 19 24.8 2.4000000000000004 0.8 1.8 0 0 0 0 0 0 0 0 0 2 0 0 0 0 0 0 0 0 0 0 0 0 0 2.2 0 0 0 0 0 0 0 0 0 0 0 0 0 
 23.6 13.4 32 51.400000000000006 31.8 26 8.200000000000001 4.6000000000000005 104 0 33 36 52.6 38.800000000000004 28.6 37 14.600000000000001 43 17.8 15.8 0.4 0 0 0 0 0 0 15.8 0 1 0 0 1 13.600000000000001 0.2 0 0.6000000000000001 0.4 27.400000000000002 12.200000000000001 0 0 0 0.8 0.6000000000000001 0.8 0 3 0 0 1.8 0.6000000000000001 0 0 0 0 0 0 0.6000000000000001 0.6000000000000001 0 0.6000000000000001 0 0 0.6000000000000001 0 0 0 1 0.6000000000000001 0.6000000000000001 0 0 0 0.4 0.6000000000000001 0 8.8 0 2.4000000000000004 0.2 2 8.200000000000001 4 0.4 5.4 0 0.4 0 0.4 3 3.4000000000000004 0 0.2 1 6 0 2.6 0 0 0 2 0 0 0 0 0.2 0 0 0 0 0 1.2000000000000002 0 0 0 0 0 0 0 0 0 1.6 0 0 0 0 0 0 0 0 0 0.2 0.8 0 0 0 0.2 0 0 0 0 0 0 0 0 0 0 0 0 0 0 0 0 0 0 0 0 0 0 2.4000000000000004 4.6000000000000005 0 1.4000000000000001 17.8 11.8 0 6.6000000000000005 0 5 2.2 3.4000000000000004 0 1 2.4000000000000004 1.2000000000000002 0 0 0 0.2 4.6000000000000005 2 0.2 0 0 0 13.200000000000001 1.4000000000000001 0 0 0 0 2.6 0.2 2.4000000000000004 0 0 0 0 1.2000000000000002 0 0 0 0 0 0.2 0 0 0 0.4 0 0 0 0 0 0 0 0 0 0.2 0 0 0 0 0.4 0.4 0 0 0 0 0 0.2 0 0 0 0 0 0 0 0 0.4 0 2.8000000000000003 0 0 0.2 0.2 0.2 17.400000000000002 3.6 2.8000000000000003 0.2 0 0 0 0 0 0 0 0 0 0 0 0 0 0 0 0 0 0 0 0 0 0.2 0 0 3.2 0 0 0 0 0 0 0 0 0.2 0 0 0 0 
 18.8 12.200000000000001 29.200000000000003 27.6 77.4 43 6.2 11.200000000000001 44 33 0 36.6 7.4 17 89 59.2 17 19.400000000000002 9.8 13.4 1.6 0 0.6000000000000001 0 0 0 0.2 0.6000000000000001 42 1.2000000000000002 1 0.8 41.800000000000004 1.4000000000000001 7.4 0 0 0 0 15 12.4 0 0.2 0.4 0.6000000000000001 0.4 0 0 0 0 0 0.6000000000000001 0 0.6000000000000001 0 0 0 0 0 0.6000000000000001 0 0 0 0.8 0 0 0 0 0 0 0.6000000000000001 0 0 0.4 0.4 0 0 1.2000000000000002 0.4 0 2 7.4 1 0 4.2 4.6000000000000005 0 0 0.4 0.2 0.2 2.6 0 2.4000000000000004 0 2.6 0 2.2 0 0 1.4000000000000001 1.6 0 0 0 0 0 0 0 1.4000000000000001 0 0 1.6 0 0 0 0 0 6.4 2.4000000000000004 0 0 0 0 0 0 0 0 0 0 0 0 0 0 0.4 0 0 0 0 0 0 0 0 0 0 0 0 0 0 0 0 0 0 1 0.4 0 0 0 0 0 0.2 5.2 0 1.2000000000000002 0.2 0 0 7.4 2 8.4 0 0.4 0 0.2 2.6 0 0.2 1.4000000000000001 0.2 0 1.8 1.4000000000000001 0 0 0 0 3 1.4000000000000001 0 4.6000000000000005 0 0.2 8 0 0 0 2 0 2.4000000000000004 3 0 0 1.6 0 0.2 0 0 0 0 0 0 0 0 0 0 0 0 0.4 0 0 0 0 0.2 0 0 0 0 0 0 0 0 0 2.8000000000000003 0 0 0 0 0 0 0 0 0 0 0 0 0.4 18.400000000000002 0 0.8 1.6 2 0.4 0 0 0 0 0 0 0 0 0 0 2.2 0 0 0 0 0 0 0 0 0 0 0 0 5.800000000000001 3.4000000000000004 0 0 0 0 0 0 0 0 0 2 0 0 0 
 10 8 21.200000000000003 64.2 44 30 6 6.4 7 36 36.6 0 10.4 7.800000000000001 7.4 13.200000000000001 23.8 43.800000000000004 8.8 10.4 0.4 14.600000000000001 0 0 0.4 0 14.600000000000001 16 0.4 1 0 0.8 8.200000000000001 5.2 15.200000000000001 0 0.2 1.2000000000000002 16.8 18 0.8 0 0 1.4000000000000001 0.6000000000000001 0.4 0 1.8 0 0 0 0.6000000000000001 0 0 0 0 0.2 0 1.2000000000000002 0.6000000000000001 0 0 0 1.2000000000000002 10 0 0 0 0 0.6000000000000001 0.6000000000000001 0 0 0.2 0.4 0 0 1.4000000000000001 0 0.6000000000000001 0 0 2.4000000000000004 3 4 3 0 0 0 0 3.2 0 0 0 0.4 0.4 0 0 0 0 2.6 8 2.4000000000000004 0.2 0 0 0.2 0 0 4.6000000000000005 0 0 3.6 2.6 1.6 0 0 2.8000000000000003 0 2.6 0 0 0 0.6000000000000001 0 0 0.4 0 0 0 0 0 0 0 0 0 0 0 0 0.8 0 0 0 0 0 0 0 0 0 0 0 0.2 0 0 0 0.2 0 0 0 0 1.2000000000000002 0 0 0 12.200000000000001 6.800000000000001 0 0 0 3 8.8 5.6000000000000005 0 0.8 0.2 0 0 0.2 0.2 0 1.8 4.800000000000001 0 0 0 0 8 0.4 0 1.2000000000000002 0 0 2.6 4.2 2 0 0 0 4.6000000000000005 0.2 0 0 0 0 0 0 0 0 0 0 0 0 0 0 0 0 0 3.2 0 0 0 0 0 0 0 2 0 0 0.4 0 0.4 0 0 0 0 0 0.4 0 0 0 0 0 2.8000000000000003 0 0 2 0 0 0 1.2000000000000002 0 0.2 0 0 0 0 0 0 0 0 0 0 0 0 0 0 0 0 0 0 0 0 0 0 0 2.4000000000000004 0 0 0 0 0 0 0 0 0 0 2.8000000000000003 0 0 0 
 19.6 13.600000000000001 15.600000000000001 72 15.4 10 53.400000000000006 20.8 22 52.6 7.4 10.4 0 19.400000000000002 46 10.200000000000001 31 49.400000000000006 39.6 13.600000000000001 0.8 0 0 0 0 0 0 0 0 0.6000000000000001 0 0.4 0.4 0.4 0 0 0 0 0 1 0 0 0.8 1 0.6000000000000001 0.4 0 0 0 0 0.6000000000000001 0.6000000000000001 0 0 0 0 0.2 1.4000000000000001 0 1 1.4000000000000001 0 0 0 0 0 0 0 0 0.6000000000000001 0.6000000000000001 0 0 1.4000000000000001 0.4 0 0 7.2 0 0 2.6 0 3 3.8000000000000003 0.8 4.2 3 3.4000000000000004 8.200000000000001 4 2.4000000000000004 2.6 2.6 11.8 2 0.2 5 5.6000000000000005 3.4000000000000004 0 0 0.4 0 0 0 0 0 0 0 0 0 0 0 0 0 0 0 0 6.4 0.2 0 0 0 0 0 0 0 0 3 0 0 0 0 0 0 0 0 0 0 0 0 0 0 0.6000000000000001 0 0 0 0 0 0 0 0 0 0.2 0 0 0 0 0 0 5.800000000000001 3.4000000000000004 2.2 4 0 0 5.4 0 0.2 2.6 0 0 0 7.2 0 2.2 9.200000000000001 3.4000000000000004 0.4 4.800000000000001 0 0 0 0 0.4 0 0.2 0 0 0 0 0 4.4 0 0 0 0 0 0 0 0 0 0 0 0 0 0 0 0 2.6 0 0 0.2 0 0 0 0 0 0 2.6 0 0 0 0 0 0 0 0 0 0 0 0 0 0 0 0 0 0 0 0 0 0 0 0 0 0 21.6 0 0.4 0.6000000000000001 0.6000000000000001 1.4000000000000001 0 0 0 0 0 0.2 0 0 0 0 0.2 0 0 0 0 0 0 0 0 0 0.2 0 0 2.8000000000000003 0 0 0 0 0 0 0 0 0 0 0 0 0 0 
 8.200000000000001 28.8 10.600000000000001 19.8 19.6 51 25 48.800000000000004 29.200000000000003 38.800000000000004 17 7.800000000000001 19.400000000000002 0 74.8 29.8 63.6 49.6 65.2 18.8 0.6000000000000001 0.4 0 0 0 0 0.4 0 0 0.6000000000000001 0 0.2 0.4 0.4 0.4 0 0 0 0 0 0 0 1.2000000000000002 0.8 0.6000000000000001 0.4 0.4 0 0 0 0 0.6000000000000001 0 0 0 0 0 0 0 0.6000000000000001 0 0 0 0.4 0 0 0 0 1.2000000000000002 0.2 0.6000000000000001 0 0 0 0.4 0 0 0 0 0 6.800000000000001 5.4 3.8000000000000003 2.6 0 5.800000000000001 3.2 5 0 0.4 0.2 0 6.6000000000000005 3.2 3 0.2 4.4 9.600000000000001 3.4000000000000004 0.6000000000000001 0 0 0 0 3.8000000000000003 0 0 0 0 0 0 0 0 0 0 0 0 0 2.8000000000000003 0.2 0 0 0 0 0 0 0 0 0 0 0 0 0 0 0 0 0 1.2000000000000002 0 0 0 0 0 0.2 0 0 0 0 1.8 0 0 0 0 2.6 0 0 0 0.4 0 0.4 0 3 0 3.8000000000000003 0 0 2.8000000000000003 0.2 0 1.8 2.8000000000000003 2.6 0 3.2 0 2 0.2 3 0.6000000000000001 0.4 0 0 0 0 0 0 0 0 0 0 0.4 0 6 0 0 0 0 0 0 0 0 0.4 0 0 0 0 0 0 0 0 0 0 0 0 0 0 0 0 0 0 0 0 0 0 0.4 0 0 0 0 0 0 0 0 0 0 0 0 0 0 0.2 0 0 0 0 0 0.2 18.6 0.4 0.8 0 0 1.8 2 0 0 0 0 0 0 0 0 0 0.2 0 0 0 0 0 0 0 0 0 0 0 0 2.8000000000000003 0 0 0 0 0 0 0 0 0 0 0 0 0 0 
 66.4 30.200000000000003 23.200000000000003 13.4 72.2 25.6 10 58 48.800000000000004 28.6 89 7.4 46 74.8 0 11.4 7 30 31.6 59 0.4 0.4 0 0 0 0 0.4 0 0 0.6000000000000001 0 0.2 0.4 0.4 0 0 0.2 0 0 0 0 0 0 0.6000000000000001 0.6000000000000001 0.4 0 0 0 0 0 0.6000000000000001 0 0 0 0 0 0.2 0 0.6000000000000001 0 0 0 0 0 8.200000000000001 0 0 5.4 0.4 0.6000000000000001 0 0 0 0.4 0.6000000000000001 0 0 0 0.2 3.2 6.6000000000000005 2.2 0 0 2 6.800000000000001 7.4 2.4000000000000004 1.6 0 3 2 0 4.6000000000000005 2.8000000000000003 1.8 11.4 2.8000000000000003 2.4000000000000004 0 0 0 0 0 0 0 0 0 0 0 0 0 0 0 0 0.2 0 0.2 0 0 0 0 0 0 2.6 0 0 3.6 0 0 0 0 0 0.2 0 4 0 0 0 0 0 0 0 0 0 0 0 0 0 0 0 0 1.2000000000000002 0 0 0 7 0 0 2 4.800000000000001 2.8000000000000003 1.8 0 0 3.4000000000000004 6.6000000000000005 4.6000000000000005 0 13.200000000000001 2.2 0 0 0 0 5.2 2.6 5 0 0 0 0 0 0 0.2 0 0 0 0 0 0 2.8000000000000003 0 0 0 0 0 0 0 0 0 0 0 0.4 0 0 0 0 0 0 0 0 0 0 0 0 0 0 0 0 0 0.2 0 0 0 0 0 0 0 0 0 0 0 0 0 0 0 0 0 0 2.8000000000000003 0 0 0 0.2 17.400000000000002 0 18 0.4 0.4 1.2000000000000002 2.4000000000000004 0 0 0 0 0 0 0 0 0 0 0 0 0 0 0 0 0 0 0 0 0 0 3.2 4.4 0 0 0 0 0 0 0 0 0 0 0 0 0 
 26 62.400000000000006 17.8 28.200000000000003 53.800000000000004 34.2 50.400000000000006 7.2 11.600000000000001 37 59.2 13.200000000000001 10.200000000000001 29.8 11.4 0 53.400000000000006 10.600000000000001 27.400000000000002 76.2 0.6000000000000001 0 0 0 0 0 0 0 0.4 5.6000000000000005 0 0 0.4 0.2 0 0 0 0 0.6000000000000001 0.2 0 0.2 0 0.4 0.6000000000000001 0.4 0 0 0 0 1.8 0.6000000000000001 0 0 0 0.8 0 0 0 0.6000000000000001 0 0 0.6000000000000001 0 9.200000000000001 0 0 0 0 0.2 0.8 0 11 0 0.4 0 0 0 0 0 0 7.2 7.6000000000000005 3.6 1.4000000000000001 5.2 3 0 3.4000000000000004 4.4 8.8 0 0 0.2 0 0 0 3.8000000000000003 3.4000000000000004 0 0 0 0.4 0 0 0 0 0 0 0 0 0 14.8 0 0.2 0 0 0 2.6 0 0 0 0 0 0 0 0 0 0 0 0 0 0 0 1.4000000000000001 0.4 0 0 0 0 0 2.4000000000000004 0 0 0 0 0 0 0 0 0 0 0 1.2000000000000002 0 0 0 0 0.2 0 4.6000000000000005 3 7.800000000000001 3.8000000000000003 10.600000000000001 3.2 4.2 2 2.2 0.2 4 8.200000000000001 0 0.8 5.800000000000001 4.4 4 15 0.2 0 0 0.2 0 0 0 0 5.2 0 0 0 0 0 4.4 2.2 0 2.2 0 0 0 12.4 0 0 0 0 0 0 0 0 0 0 0 0 0 0 0 11.600000000000001 0.2 0 0 0 0 0 0 0 0 0 0 0 0 0 0 0 0 0 0 0 0 0 0 0 0 0 0 0 0 0 0.2 0 0.4 17.6 0.4 0 0 0.2 0 0 0.4 0 0 0 0 0 1.8 0 0 0 0 0 0 0 0 0 0 0 0 0 0 0.4 0 0 0 0 0 0 0 0 0 0 0 0 
 21.8 76.80000000000001 22.400000000000002 48.800000000000004 19.200000000000003 11 24.8 21.200000000000003 6.6000000000000005 14.600000000000001 17 23.8 31 63.6 7 53.400000000000006 0 38.400000000000006 17.400000000000002 7.6000000000000005 0.4 0 0 0.4 0 0 14.4 0 0 0.6000000000000001 0 0.4 0.6000000000000001 0.4 0.2 0.4 0 0 0 0.2 0 0 0.6000000000000001 0.6000000000000001 0.6000000000000001 0.4 0 0 0 0 0 0.6000000000000001 0 0 0 0.4 0 0 0 0.6000000000000001 0 0 0 0 0.2 0 0 0 0 0.4 1 0 0 0 0.4 0 0 0 0 0 0 0 4 5.6000000000000005 2.2 2.8000000000000003 0 0 5.800000000000001 5.800000000000001 10.600000000000001 8.6 0.2 5 0.2 0 1.4000000000000001 8.6 0 0.2 0 2.2 0 0 0 0 0 0 0 0 0 0 0.2 0 0 0 0 0 1.4000000000000001 0 0 0 0 0 0 0 0 0 0 0 0 0 0 0 0 0 0 0 0 3.2 0 0 0 0 0 0 0 0 0 0 0 0 0 0 0 0 0 0 0 0 1.4000000000000001 3 5.800000000000001 3.8000000000000003 1.6 3 0.2 0 5.2 5.6000000000000005 1 0 0 5.6000000000000005 0 0 1.4000000000000001 5.2 2.2 0.6000000000000001 0 0.4 0 0 0 0 3.8000000000000003 0 0 2 0 0 0.2 3.2 0 0 0 0 2.4000000000000004 0.2 0 0 0 0 0 0 0 0 0 0 0 0 0 0 0 0 0 0 0 0 0 0 0 0 0 0 0 0 0 0 0 0 0 0 0 0 0 0 0 0 0 3 0 0 0 0.4 0 0.2 0.2 0 0.2 0 0 0 0 0 0 0 0 0 0 0 0 0 0 0 0 0 0 0 0 0 0 0 0 0 0 0 0 0 0 0 0 0 0 0 0 0 0 0 
 18.400000000000002 67.4 31.200000000000003 46.800000000000004 27.8 63.400000000000006 6.800000000000001 53.2 25.400000000000002 43 19.400000000000002 43.800000000000004 49.400000000000006 49.6 30 10.600000000000001 38.400000000000006 0 44.6 24.8 0.4 0 0.8 0.4 0.2 0.4 14.4 14.8 23.8 0.6000000000000001 0 2.2 0.6000000000000001 13.600000000000001 0 0 0 0 16.6 11.8 0 0 0 0.8 0.6000000000000001 0.4 0.4 1.6 0 0 0.4 0.6000000000000001 0 0 0 0 0 0 0.2 0.6000000000000001 0 0 0 0 0 0 0 0.2 0 0.6000000000000001 0.6000000000000001 0 0 0 0.4 0 0.2 0 0 0 3.8000000000000003 3.6 1.2000000000000002 6.800000000000001 0.2 0 3.8000000000000003 0.2 0 2.2 6.2 2 3.4000000000000004 0.2 0 1.8 0.2 5.800000000000001 0 0 0 4.4 0 0 0 0 0.2 0 0 0.4 0.2 0 2.2 0 0 0 0 0 0 1.4000000000000001 0.2 0 0 0 0 0 0 0 0 0 0 0 0 0 0 0 0 0 0.2 0 0 0 0 0 0.4 0 0.4 0 0 0 0 0 0 0 0 0 0 0 0 0 2.2 0.6000000000000001 0 5.6000000000000005 4.4 4.2 0 1.8 1.4000000000000001 2.6 2.4000000000000004 0 2 2.6 0 0 0 7.2 1.4000000000000001 0 3.2 1.8 0.2 0 0 0 4.4 0 0 0 0 0 0 2.2 1.4000000000000001 0 0 0 3.2 0 0 0 0 0.2 0 0 0 0 0 0 0.2 0 0 0 0 0 0 0 0 0 0 0 0 0 0 0 0 0 0 0 0 0 0 0 0 0 0 0 0 0 0 0 1.8 0 0 0.6000000000000001 0 0 9.200000000000001 0.2 4.4 0.4 0.2 0 0 0 0 0 0 0 0 0 0.2 0 0 0 0 0 0 0 0 0 0 0 0 0 2 0 0 0 0 0 0 0 0 0 0 0 0 0 
 68.4 7.6000000000000005 32 14.600000000000001 13.200000000000001 10.4 30.200000000000003 53.2 66.8 17.8 9.8 8.8 39.6 65.2 31.6 27.400000000000002 17.400000000000002 44.6 0 37.6 0.6000000000000001 0 40.2 0 0 0 0 0 15 0.6000000000000001 0.4 3.2 55.2 0 0 0.2 0 0 0 0.6000000000000001 16.6 0.6000000000000001 0 1 0.6000000000000001 0.4 0.4 0 0 3.2 0 0.6000000000000001 0.4 0 0.6000000000000001 0 0.2 0 0 0.6000000000000001 0 0 0 0.6000000000000001 0 0 0 0 0 0.6000000000000001 0.6000000000000001 0.6000000000000001 0 0 0.4 0 0 0.6000000000000001 0 0.4 0.2 0 0 0.4 0 0.2 0 5.4 2 3 2.8000000000000003 2 2.4000000000000004 7 0 0 3.2 6 7 0 0 0 0 0 0 0 0 0 0 0 0 0 0 0.4 0 0 0 0 0 0 0 0 0 0 0 0 0 0 0 0 0 0 0 0 0 0 0 0.4 0 0 0.4 0 0 2.2 0 0 0 0 0 0 0 0 0 0 0 0 0 0 0 0 1.8 4.6000000000000005 0.2 2.6 0 0 2.2 0 3.2 0 0 0.4 0.2 2.2 0 0 7.6000000000000005 4.4 1.8 0 0 0.4 0 0 0 0 0 0 0 0 0 0 0 0 0 0 0 0 0.2 0 0 0 0 0 0 0.4 0 0 0 0.4 0 0 0 0 0 0 0 0 0 0 0 0 0 0 0 0 0 0 0 0 0 0 0 0 0 0 0 0 0 0 0 0 0 0 0 0.4 22 0 0.2 0.4 0 0 0 0 0 0 0 0 0 0 0 0 0 0 0 0 0 0 0 0.2 0 0 0 0 0 0 0 0 0 0 0 0 0 0 0 0 0 0 0 0 
 18 8.8 24.8 52.2 55 8 21.200000000000003 45.6 12.8 15.8 13.4 10.4 13.600000000000001 18.8 59 76.2 7.6000000000000005 24.8 37.6 0 0.6000000000000001 0 0 0 0 0 0 0 0 0.6000000000000001 0 0.2 0.6000000000000001 14.8 0 0 0 0 0 1 0 0.6000000000000001 0 0.6000000000000001 0.6000000000000001 13 0.4 0 0 0 0 0.6000000000000001 0.4 0 0.6000000000000001 0 0 0.4 0 0.6000000000000001 0.2 0 0 0.4 0 0 0 0 0 0 0.6000000000000001 0.6000000000000001 0.4 0 0.4 0 0 0.2 0 0.4 5.800000000000001 0 0 8.4 0.2 0 13.200000000000001 3.6 0 3.4000000000000004 3.8000000000000003 0 4.6000000000000005 0 2.2 1.8 0 3.4000000000000004 5.4 5 0 0 0 0 0 0 0 0 0 0 0 0 0 0 0 0.2 0 0 2 0 0 0.4 0 0 0 0 0 0 0 0 0 0 0 0 0 0 0 0 0 0 0 1 2 0 0 0 0 0 0 0 0 0 0 0 0 0 0 0 0 0 0.4 2.4000000000000004 1.8 2 0 0 2.6 1.8 8.4 0 0.2 0 4.2 1.8 0.8 1.8 0 0 11.600000000000001 4.4 0 0 0 0 0 0 0 0 0 0 0 0 0 0 0 0 0 0 0 0 0 0 0 0 0 0 0 0 0 0 0 0 0 0 0 0 0 0 1.2000000000000002 0 0 0 0 0 0 0 0 0 0 0 0 0 0 0 0 0 0 0 0.4 0 0 0 3 0 0 0 0.2 0 0 0 0 3 0 0 0 0 0 0 0 0 0 0 0 0 0 0 0 0 0 0 0 0 0 0 0 0 0 0 0 0 0 0 0 0 0 0 0 3.2 0 0 
 0.4 0.4 0.4 0.6000000000000001 0.8 16 1.2000000000000002 0.6000000000000001 13.600000000000001 0.4 1.6 0.4 0.8 0.6000000000000001 0.4 0.6000000000000001 0.4 0.4 0.6000000000000001 0.6000000000000001 0 22 39.2 19.200000000000003 14.4 6.2 21.8 113.4 25.200000000000003 24.200000000000003 141.20000000000002 22.200000000000003 34.2 67.4 37 31.8 49.2 33.2 27 16.2 0 0 0 0 0 3.2 0 0 0 0 0 0 0 0.6000000000000001 0 0 0 0 0 0.6000000000000001 0.2 1.4000000000000001 0 0 0 0 0 0.6000000000000001 0 11.600000000000001 0.4 0 0.4 0.6000000000000001 0 0 0 0 0 0 0 0 0 0 0 0 0 0 0 0 0 0 0 0 0 0 0 0 0 0 6.6000000000000005 0 0 4.2 6.2 1 5.800000000000001 4.6000000000000005 3.4000000000000004 4.4 5.4 4.6000000000000005 4.4 6.2 4.6000000000000005 4 4.4 1.8 0 0.6000000000000001 0 0 0 0 0 0 0 0 0 0 0 0 0 0 0 0 0 0 0 0 0 0 0 0 0 0 0 0 0 0 0 2 0 0 0 0 0 0 0 0 0 0 0 0 0 0 0 0 1.4000000000000001 0 0 0 0 0 0 0 0 0 0 0 1.8 0 7.4 7.6000000000000005 2.2 2 3.6 0.2 2 1.6 4.4 2.2 1.8 0 3.8000000000000003 2 2.2 13.600000000000001 3 2.6 0 0 0 0 0 0 0 0 0 0 0 0 0.2 0.2 0.2 0.2 0 0 4 0 0 0 0 3.2 0 0 0 0 0 0 0 0 0 0 0 0 0 0 0 0 0 0 0 0 0 0 0 0 0 0 0 0 0 0 3 0.4 0 0.6000000000000001 0 0.4 4.2 0 0 0 0 0 0 0 0 0 0 0 0 0 0 0 0 0 0 0.8 0 0.6000000000000001 0 0 0 0 0 0 0 0 
 0 0 0 0 0 14.4 0.4 0 0 0 0 14.600000000000001 0 0.4 0.4 0 0 0 0 0 22 0 13.4 13.600000000000001 6.4 7.800000000000001 28.200000000000003 29.200000000000003 23.6 22 36.6 36.6 26 21.400000000000002 38 44.2 37.4 30.8 9.600000000000001 38.400000000000006 0 0 0.6000000000000001 0 0 0.8 0.6000000000000001 0.2 0 0 0 0 10.8 0.6000000000000001 11.8 0 0 0 0.6000000000000001 0.6000000000000001 0.2 1.4000000000000001 0 1 9.200000000000001 0 0 0.6000000000000001 0 1.2000000000000002 0.4 0 1.6 0.6000000000000001 0 0 0 0 0 0 0 0 0 0 2.6 6 0 0 0 0.4 0 0 0 0 0 0 0 0 0 0 4 3.8000000000000003 13.8 1.8 2 0 1.4000000000000001 1.4000000000000001 9.600000000000001 7 0.2 4.2 0 0.4 2.8000000000000003 4 1.8 8.4 0 3.4000000000000004 0.4 0 0 0 0 0 4.4 4.2 0 0 0 0 0 0 0 0 0 0 0 0.2 0 0 0 0 0 0 0 0 0 0 0 0 0 0 0 0.2 0 0 0 0 0 0 0 0 0 0 0 0 0 0 0 0 0 0 0 0 0 0 2.6 0 2.8000000000000003 0.6000000000000001 4 3.8000000000000003 3 0 0 1.6 2.2 0 0 1.8 0 0 0 5.6000000000000005 0.2 11.8 0 0.4 0 0.2 0 0 0 0 0 0 0 0 2.4000000000000004 0 2 0 0 0 0 0 4.2 0 0 0 0 0 0 0 0 0 0 0 0 0 0 0 0 0 0 0 0 0 0 0 0 0 0 0 0 0 0 0 0 0 0 0 1 0 0 15.600000000000001 0.2 0 15.8 0.2 0 0 0 0 0 0 0 0 0 0 0 0 0 0 0 0 0 0 0 1.8 0 0 0 0 0 0 0 0 
 0 0.2 0 0.4 0 49.800000000000004 0.4 17.400000000000002 0 0 0.6000000000000001 0 0 0 0 0 0 0.8 40.2 0 39.2 13.4 0 63.400000000000006 17 6.6000000000000005 41 67.4 23.6 12 40 30.400000000000002 21.8 38.6 4.2 14.8 45.6 19.6 7.800000000000001 23 4.4 0 0.4 0 0 0 0.4 0 0 0 0 0 18 1 0 0 0.4 0 0.2 1.2000000000000002 0.4 0.8 0 0 0.2 0 0.8 0.6000000000000001 0 1 7.800000000000001 0 0.8 0.6000000000000001 0 0 0 0 0 0 0 0 0 0 0 0.2 0 0.4 0 0 0 0 0 0 0 0.2 0 0 0 0 2.6 0 0 6.6000000000000005 0 2.8000000000000003 3.2 0 1.4000000000000001 4.2 2.8000000000000003 0 0 5.2 3.2 6.2 0 0 0 0 0 0 0 0 0 0 0.8 4 0 0 0 0 4.6000000000000005 0 0.4 0 1.8 0 0 0.2 0 0 0 0.2 0 0 0 0 0 0 0 0 0 0 0 1.6 0 0 0.2 0 0 0 0 0 0 0 0 0 0.8 0 0 0 0 0 0 0 0 0 0.2 0 2.2 0 3 1.6 3 1.6 4.4 2 2.4000000000000004 3.2 6.6000000000000005 1.8 0 0 2.2 1.2000000000000002 0 0.2 7 0 0 0 0.2 0 0 0.2 0 2 0 0 0 0 0 4 0 0 0 0 0.6000000000000001 1.8 0 0 0 0 0 0 0 0 3.6 0 0 0 0 0 0 0 0 0 0 4.2 0 0 0 0 0 0 0 0.4 0 0 0 0.4 0 0 5.800000000000001 0 0.4 7.6000000000000005 0.2 0.4 0 3 0 0 0.4 0 0 0 0 0 0 0 0 0 0 5.6000000000000005 0.2 0.4 0 0 0 0 0 0.2 0 0 0 0 0 0 
 0 0 0 0 0 23.200000000000003 0 0 0.4 0 0 0 0 0 0 0 0.4 0.4 0 0 19.200000000000003 13.600000000000001 63.400000000000006 0 73.60000000000001 66.4 27.400000000000002 54.400000000000006 70 62.6 40.2 17.8 27.8 31.6 62.6 13.8 28.400000000000002 88.60000000000001 16.400000000000002 27.400000000000002 0 0 0 0 0 0 0 0 0 0 0 0.4 0 0.6000000000000001 0 0 0 0 0 0.4 0.2 1.6 0 0 0 0 0 0.6000000000000001 0 1.6 0.4 0 0.4 0.6000000000000001 0 0 0 0 0 0 1.4000000000000001 0 0 0 0 0 0 0 0 0 0 0 0 0 0 0 0 0 0 0 0 0 2.6 24 3 3 2.6 0 1.4000000000000001 0.2 4.4 5 0 7.4 5 5.4 0 2.2 0 0 0 0 0 0 0 0 0 0 0 0 0 0 0 0 0 0.2 0 0 0 0 0 0 0 0 0 0 0 0 0 0 0 0 0 0 0 0 0 0 0 0 0 0 0 0 0 0 0 0 0 0 0 0 0 0 0.4 0 0.4 0 0 0 1.6 1.6 4.2 5.4 8.200000000000001 0.4 0 1.6 3.2 6.800000000000001 4.4 10.8 0 0.2 1.6 2.8000000000000003 2.4000000000000004 3.6 3 0 0 0 0 0 0 0 0 1.8 0 0 0 0 0 1.8 3 0 0 0 3 0 0 0 0 0 0 3.6 0 0 0 0 0.2 0 0 0 0 0 0 0 0 0 0 0 0 0 0 0 0 0 0 0 0 0 0 0 2.8000000000000003 0 0.2 0.2 0 0 0.8 0.4 0 0 0 0 0 0 0 0 0 0 0 0 0 0 0 0 0 0 0 1 0 0 0 5.6000000000000005 0 0 0 0 
 0 0 0 0 0 0 0 0 0 0 0 0.4 0 0 0 0 0 0.2 0 0 14.4 6.4 17 73.60000000000001 0 20.200000000000003 50.400000000000006 15.4 65 17 31.6 6.6000000000000005 14.8 38.6 11.600000000000001 12.600000000000001 17.6 15.4 9 17 12.8 12.600000000000001 0 0 0 0 12.600000000000001 11.600000000000001 0 14.200000000000001 0 0 0 0 0 0.2 12.4 0.2 12.200000000000001 5.4 0 0.8 0 0 0 0 0 0 0 0.4 0 0.2 0 10 0 0 0 0 0 0 0 0 0 0 0 0 0 0 0 0 0 0 0 0 0 0 0 0 0 0 0 0 0 5.6000000000000005 0 3.8000000000000003 0 0 1.4000000000000001 0 2.4000000000000004 0 0 6 0 1.2000000000000002 0 0 0 0 0 6 1.2000000000000002 0 0 0 0 5 3.8000000000000003 11.8 0 0 6.2 2.8000000000000003 2 1.8 6.800000000000001 0 2 0.2 0.6000000000000001 0 0 0 0 0 0.4 0 0 0 0 0 0.8 0 0 0 0.2 0 0 0 0 0.6000000000000001 0 0 0 0 0 0 0 0.8 0 0 0 0 0.2 0 0 0 0 0 0 0 1.4000000000000001 2.2 1.2000000000000002 2.2 0 0 0 2 0 1.8 0 0 1.6 0 0 0 0.4 0 7.2 3.8000000000000003 2.2 2.2 0 0 2 3.8000000000000003 0 8.8 2.4000000000000004 0 4.800000000000001 2 3.6 9 1.4000000000000001 2.2 0.2 0.2 0 0 0 0 0 0 0 0 0 0 0.4 0 0 0 0 0 0 0 0.2 0 0 0 0 0 0 0.4 0 0 0 0 0 0 0 0 1.4000000000000001 0.4 0.2 0.2 0.4 0.2 0.4 0.4 0 0 0 0 0 0 0 0 0 0 0 0 0 0 0 0 0 0 0 0 0 0 2.6 0 0 7 0 0 
 0 0 0.6000000000000001 0 0 0 0 0 0 0 0 0 0 0 0 0 0 0.4 0 0 6.2 7.800000000000001 6.6000000000000005 66.4 20.200000000000003 0 7 95.2 40 13.200000000000001 15.4 17.400000000000002 3.2 15.4 12.4 12.200000000000001 13.200000000000001 10.600000000000001 10.4 59 12.4 12.4 14 22.8 0 0 22 0 0 0 0 0 0.2 0.6000000000000001 13.8 12.4 0 12.200000000000001 25.200000000000003 0.6000000000000001 0.4 0 0 0 0 0 0 0.6000000000000001 0 0.6000000000000001 0.4 0 0.4 0.6000000000000001 0 0 0.2 0 0 0 0 0 0 0 0 0 0 0 0 0 0 0 0 0 0 0 0 0 0 0 0 0 0 4.800000000000001 2.2 5.4 0 0 0 0 0 7 0 0 0 0 2 0 0 0.2 2.4000000000000004 0.2 0 2.4000000000000004 0 0 4 2 7 0 0 0 8.200000000000001 4.6000000000000005 2.4000000000000004 0.8 8.6 0 17.400000000000002 6.2 0.8 0 0 0 0 0 0 0 0 0 0 0 0.2 0 0 0 0.4 0 0 0 0 0 0 0 0 0 0.4 0 0 0 0 0 0 0 0 2.6 0 0 0 0 0 0 1.8 0.8 0.2 3 0 0 2.2 6.2 5.800000000000001 2.6 0 0 2 1.2000000000000002 0 0 0 0 3.6 2.4000000000000004 4.2 0 0 0 10.4 6.6000000000000005 7.6000000000000005 2 0.2 0.2 4.2 26.6 2 0.2 0 2.2 0.4 4.800000000000001 0 0 0 5.2 0 0 0 0 0 0 0 0 0 0 0 0 0 0 2.4000000000000004 0 0 0 0.2 0 0 0 0 0 0 0 0 0 0 0 1.2000000000000002 0.8 0.2 0.6000000000000001 7.800000000000001 2.2 0.2 0 0 0 0 0 5.800000000000001 0 0 0 0 0 0 0 0 0 0 0 0 0.2 0 0 0 0 0 2.6 0 0 0 0 
 0 14.600000000000001 15 3.4000000000000004 3.4000000000000004 22 0 0 0 0 0.2 14.600000000000001 0 0.4 0.4 0 14.4 14.4 0 0 21.8 28.200000000000003 41 27.400000000000002 50.400000000000006 7 0 14 16.400000000000002 26 4.800000000000001 23.8 72 13.4 19.6 6 19.6 20.6 51.400000000000006 11.200000000000001 0 0 0.2 0 0 0.2 0 0 0 0 0 0 0 0.6000000000000001 0 0 0 0 0 0.6000000000000001 0.2 0 0 0 0 0 0 0.6000000000000001 0 0.6000000000000001 0.4 0 0.4 0.6000000000000001 0 0 0 0 0 0 0 0 0.2 0 0 7.800000000000001 0 0 0 0.2 0 0 0 0 0 1.6 0 0 0 0 3 9.200000000000001 0 0 0 0 11 6.2 3.4000000000000004 7.4 2.2 0 1.4000000000000001 2.4000000000000004 10.600000000000001 3.4000000000000004 3.6 5 4.6000000000000005 0.2 0 0 0 0 0 0 0 0 0 0 0 0 0 0 0 0 0 0 0 0 0 0 0 0 0 0 0 0 0 0 0 0 0 0 0 0 0 0 0 0 0 0 0 3.4000000000000004 0.2 0.2 0 0 1.2000000000000002 0 0.2 0.2 0 0 0.2 0 0 0 0 5 3.2 5 2.4000000000000004 0 2.2 0 1.6 4.2 0 5.4 2.6 1.6 2.4000000000000004 7.2 2.2 3.4000000000000004 3.8000000000000003 2.2 6.6000000000000005 1.8 0 0 0 0 0 0 0 0 0 0 0 0 0 0 0 0 0 0 0 0 0 0 0 0 0 0 0 0 0 0 0 0 0 0 0 0 0 0 0 0 0 0 0 0 0 0 0 0 0 0 0 0 0 0 3.2 0 0.4 0 0 0 3.2 0 0 0 0 0 0 0 0 0 0 0 0 0 0 0 0 2.8000000000000003 0 0 0 0.2 0 0 0 0 0 0 0 0 
 0 0 0 15.8 0.2 17.6 0 0 0 15.8 0.6000000000000001 16 0 0 0 0 0 14.8 0 0 113.4 29.200000000000003 67.4 54.400000000000006 15.4 95.2 14 0 35 57 91 7 23 33.4 23.200000000000003 11 27.6 48.400000000000006 85 101 0 0 0 0 0 0 0 2.2 0 0 0.2 12.4 0 0.4 0 0 0 0 14.8 0.6000000000000001 0.4 0 0 0.6000000000000001 0 0 0 0.6000000000000001 0 11.200000000000001 0.4 0 0.4 0.6000000000000001 0 5.4 0 0 0 0 0 0 0 3.8000000000000003 0 0 0 0 0 0 0 0 0 0.4 0 0 0 0 0 0 3 2.2 0 6.2 0.2 0.2 4.4 14.200000000000001 0.2 0 4 3.8000000000000003 0 2 10.200000000000001 5.6000000000000005 2 6.2 1.4000000000000001 0 0 0 0 0 0 0 2.2 0 0 0 0 0 0 2 0 0 0 0.2 2.2 2 0 0 0 0 0 0 0 0 0 0 0 0 0 0 0.2 0 0 0 0 0 0 0 0 0 2.2 1.6 0 0 0 0 0.2 0 0 0 0 0 3.6 0 0 0 6.6000000000000005 4.4 6 2.4000000000000004 0 5.4 0 9.600000000000001 19 1.8 7.2 2.2 0 7 2 5.2 6.4 5.2 0 9.600000000000001 0 0 0 0 0 0 1.4000000000000001 0 0 0 1.2000000000000002 0 2.4000000000000004 1.8 0 0 0 0 0.2 0 0 0 0 0 0 0.2 0 0 0 0 0 0 0 0 0 0 0 0 0 0 0 0 6 0 0 0 0 0 0 0 0 0 0 0 0.6000000000000001 0 0.6000000000000001 0 0.2 0.8 0 0 0 9.200000000000001 0 0 0 0 0 0 0 0 0 0 0 0 0 0 0 0 0 1.4000000000000001 0 0 0 2.2 0 0 0 0 
 0.4 0 0.2 0 0 0.2 0 0 0 0 42 0.4 0 0 0 0.4 0 23.8 15 0 25.200000000000003 23.6 23.6 70 65 40 16.400000000000002 35 0 29.6 23.6 34.4 23.6 20.200000000000003 31 31.400000000000002 22.200000000000003 26 14.200000000000001 93.60000000000001 0 0 0 0.6000000000000001 0.6000000000000001 0 0 0 0 0.6000000000000001 0.6000000000000001 0 0 0.6000000000000001 0 0.2 0.4 0 0 0.4 0.2 0 0 0 0.6000000000000001 0.6000000000000001 0 0.6000000000000001 0 0.6000000000000001 0.6000000000000001 0.4 0.6000000000000001 9.8 0 0 0.6000000000000001 0.4 0 0 0 0 0 0.2 0 0 0 0 0 0 0 0 0 0 0 0 0 0 0 0 0 0 0 7.4 2.4000000000000004 2.6 0 3.2 1.4000000000000001 0 1.6 6.800000000000001 0 0 0 12.8 9.4 1.4000000000000001 0 2.4000000000000004 0 0 0 0 0 0 2 2.6 0 0 0 0 3 0.4 0 0 0.2 0 1.6 6.800000000000001 0 0 0 0 0 0 0 0 0 0 0 0 0 0 0 0 0 0 0 0 0 0 0 0 0 0 0 0 0 0 0 0 0 0 0 0 0 0 0 0 0 0 12.200000000000001 4.800000000000001 2.6 3.4000000000000004 0 0 0 8.6 0.2 8 0 2.4000000000000004 3.2 8.200000000000001 4.6000000000000005 8.4 0 0 0 2 0 0 0 0 6.4 10 0 0 0 0 1.8 9.600000000000001 0.6000000000000001 0 0 0 7.6000000000000005 3 0 0 0 0 0 0 0 0 0 0 0 0 0 0 0 0 0 0 0 0 0 0 0 0 0 0 0 0 0 0 0 0 0 0 1.8 0 0 15.4 13.200000000000001 0 0.4 0.2 3.2 0 0 0 1.6 0 0 0 0 0 0 0 0 0 0 0 0 0 0 1.2000000000000002 0 0 0 3.6 0 0 0 0 
 0.8 1.2000000000000002 0.6000000000000001 0.6000000000000001 1 0.6000000000000001 0.6000000000000001 0.6000000000000001 0.6000000000000001 1 1.2000000000000002 1 0.6000000000000001 0.6000000000000001 0.6000000000000001 5.6000000000000005 0.6000000000000001 0.6000000000000001 0.6000000000000001 0.6000000000000001 24.200000000000003 22 12 62.6 17 13.200000000000001 26 57 29.6 0 44.800000000000004 40.800000000000004 27 15.8 17.2 59.2 27.200000000000003 25.200000000000003 29.200000000000003 31.400000000000002 1.2000000000000002 0 0 0.4 0 1.8 0 0 0 0 0 0 0 1 0 0.6000000000000001 0 0 0 0.4 0.2 0.4 1.2000000000000002 0 0 0.6000000000000001 0.4 0.6000000000000001 0 2.6 2.4000000000000004 0.4 0.4 0.8 0 2 1 0.8 0 0.4 0 0 0 0 0 0 3 0 0 0 3.6 0 0 0 0 0 0 0.2 0 0 9 0 3.8000000000000003 2.6 2.8000000000000003 2.2 4.6000000000000005 3 0 0 3.4000000000000004 4.2 0 10 4 2 18.400000000000002 5 0.8 2.6 0 0 0 0 0 0 0 0 0 0 0 0 0 0 0 0 0 0 0 2 5.4 0 0 0 0 0 0 0 0 0 0 0 0 0 0 1.8 0 0 0 0 3.8000000000000003 0 0 0 0 0 0 0 0 0 0 0 0 0 0 0 0 0 0 3.2 0.2 1.6 0 9.200000000000001 7.2 1.8 0 4 5.800000000000001 0 4.6000000000000005 3.8000000000000003 0 7.6000000000000005 0 8.4 1.8 7.2 0 0.4 0 0 0 0 0 0 0 0.6000000000000001 0 0 0.2 0 0.4 0 8.4 0 0 0 3.8000000000000003 2.2 0 0 0 0 0 0 0 0 0 0 0 0 0 0 0 0 0 0 0 0 0 0 0 0 0 0 0 0 0 0 0 0 0 0 1.2000000000000002 0 0 0.2 15 4.2 0.8 6.800000000000001 0 0 0 0 0.4 0 0 0 0 0 0 0 0 0 0 0 0 0 0 1.2000000000000002 0 0 0 0 0 0 0 0 
 0 0 0.4 0 0 0 0 0 0.4 0 1 0 0 0 0 0 0 0 0.4 0 141.20000000000002 36.6 40 40.2 31.6 15.4 4.800000000000001 91 23.6 44.800000000000004 0 13.4 24.400000000000002 48.6 11.4 34.800000000000004 109 55.2 8.4 85.80000000000001 12.4 0 0 0 0 2 0 0 0 0 0 0 0 0.6000000000000001 0 0 0 41.800000000000004 12.600000000000001 0.4 0 0 0 0 0 0 0 0.6000000000000001 0 0.6000000000000001 0.6000000000000001 0 0.4 0.6000000000000001 0 0 0 0 0 0 0 0 0 1.6 0 0 0 0 0 0 0 0 0 0 0 0 0 0 0 0 3.8000000000000003 0 0 2.8000000000000003 0 5.2 2.4000000000000004 1.2000000000000002 0.2 2.2 5 7 0 5.6000000000000005 7 0.8 2.2 6.2 0 0.2 0.2 0 0 0 0 0 2 0 0 0 0 0 0 2.4000000000000004 2 0 0 0 2.2 4.6000000000000005 0 0 0 0 0 0 0 0 0 0 0 0 0 0 0 1.2000000000000002 0 0 0 0 0 0 0 0 0 0 0 0 0 0 0 0 0 0 0.2 0 0 0 0 0 0.2 3 0.6000000000000001 0 2.8000000000000003 2 0 3.8000000000000003 9.600000000000001 0 1.4000000000000001 0 0 4 5.800000000000001 6.2 4.2 6.800000000000001 0 2 0 0 0 0 0 0 1.2000000000000002 0 0 0 0 0 3 0 0 1.2000000000000002 0 0 4 6.4 0 0 0 0 0 0 0 0 0 0 0 0 0 0 0 0 0 2.2 0 0 0 0 0 0 0 0 0 0 0 0 0 0 0 0 0.6000000000000001 0 0.8 17 15 0.4 0 0 4.2 0 0 0 0 0 0 0 0 0 0 0 0 0 0 0 0 0 0 6.800000000000001 0 0 0 0 0 0 0 0 
 0.2 0.6000000000000001 0 0 0.2 0.4 0.8 0.4 0.6000000000000001 0 0.8 0.8 0.4 0.2 0.2 0 0.4 2.2 3.2 0.2 22.200000000000003 36.6 30.400000000000002 17.8 6.6000000000000005 17.400000000000002 23.8 7 34.4 40.800000000000004 13.4 0 6.6000000000000005 19.400000000000002 19.200000000000003 36.6 25.8 51.2 7.4 21 0 0 0 6 0 2.2 0 0 0 0 0 0 12.4 0.6000000000000001 0 0 0 0 0 0.4 0 0 0 0 0 0 0 0.6000000000000001 0 0.6000000000000001 0.6000000000000001 0 0.4 0.6000000000000001 0 0 0 0.2 0 0 0 0 0.2 0 0 0 0 0 0 0 0 0 0 0 0 0 0 0 0 0 4.2 0 6.800000000000001 2 12 0 0 0.6000000000000001 0 0 1.8 18.2 0.2 3.2 0 1.8 7.4 0 0 0.4 1.8 0 0 0 0.4 0 2.6 0 0.4 0 0 0 3 0 0 0 0 0 1.8 2.8000000000000003 0 0 0 0 0 0 0 0 0 0 0 0 0 0 0 0 0 0 0 0 0 4 0 0 0 0 0 0 0 0.8 0.4 0 0 0 1.6 0 0 0 0 0 0 0 0 8 8.4 0.4 0.2 0.2 0 2 2.8000000000000003 4.800000000000001 0 0 0 1.8 1.4000000000000001 17.2 0 0 0 2.2 0 0 0 0 1.6 6.6000000000000005 0 1.4000000000000001 0 0 0.4 3.8000000000000003 6.2 0 0 0 5.6000000000000005 0 0 0 0 0 0 0 0 0 3.4000000000000004 0 0 0 0 0 0 0 0.2 0 0 0 0 0 0 0 0 0 0.4 0 0 0 0 0 0 0 1.6 0 0.8 0.2 0 0.2 0.8 0 0 0 0 0 1.4000000000000001 0 0 0 0 0.2 0 0 0 0 0 0 0 0 0 0 0 0 0 2.2 0 0 0 0.2 
