 0 21.8 36.2 7.6000000000000005 32.800000000000004 14.600000000000001 13.8 46.2 29 64.4 4.800000000000001 10.4 35.4 10.600000000000001 27.8 24.400000000000002 52.800000000000004 38.400000000000006 21.8 11.200000000000001 0 0.6000000000000001 0.2 0 0.6000000000000001 0 7.4 0.6000000000000001 0.6000000000000001 0.2 0.2 0.6000000000000001 0 0.6000000000000001 0.4 0 0 0 0 0 0 0.6000000000000001 0.4 0 0.6000000000000001 0.4 0 0.4 0 0 0 0 0 0 0.2 0 0.4 0 0 0 0 0.6000000000000001 0 0 12.200000000000001 7.4 0 0 7.6000000000000005 0.4 0 0 0 5.800000000000001 0 1.2000000000000002 0 0 0 0 2.4000000000000004 0 0 0 3.2 0 0 2.4000000000000004 9.600000000000001 0.6000000000000001 0.2 3.8000000000000003 2.4000000000000004 4.4 1.4000000000000001 0 4.6000000000000005 15.200000000000001 2.2 3.2 0 0 0 0 0.2 0 0.2 0 0 0 0 0 0 0 0 0 0 0 0.4 4.4 0 0 0 0 0 0 0 0.4 0 0 0 0 0 0 0 0 0 0 0 0 0 0 0 0 0 0 0 0 0 0 0 0 0 0 0.2 0 0 0 0 0 0.2 3.2 0 0 0 0 5.2 1.6 0.6000000000000001 0 0 0 4.800000000000001 4.800000000000001 3.8000000000000003 4.4 4.2 6.2 2.6 6.2 0 0 0 0 0 0 2.4000000000000004 0 0 0 0.4 0 0 0 0 0 0 0 0 0 2 0 0 0 0.4 0 0 0 0 0 0.2 0 0 0 0 0 0 0 0 0.4 0 0 0 0 0 0 0 0 0 0 0 0 0.2 0 0 0 0.2 0 0 0 0 0 0 0 0 0 18.8 0 0.4 0.8 0.2 3.6 3.6 0 0 0 0 0 0 0 0 0 0 0 0 0 0 0 0 0 0 0 0 0 0 3.2 4.6000000000000005 0 0 0 0 0 0 0 0 0 0 0 0 0 
 21.8 0 45.400000000000006 33.4 41.6 20.6 51.2 60.400000000000006 22.6 54.2 31.200000000000003 5.4 9.8 30.400000000000002 130.6 51.800000000000004 9 13.200000000000001 49.800000000000004 16 0 0.6000000000000001 0 0 0.6000000000000001 0 0.6000000000000001 0.6000000000000001 0.6000000000000001 0 0.6000000000000001 1.4000000000000001 0 0.6000000000000001 0 0 0.6000000000000001 0 15 4.800000000000001 0 0 0.6000000000000001 0.6000000000000001 1.2000000000000002 13.200000000000001 0 0 0 0.2 0.6000000000000001 0.6000000000000001 0 18.8 0 0.6000000000000001 1 0.6000000000000001 0 0 0 0.4 0 1.4000000000000001 0.6000000000000001 0.2 0 0 0.6000000000000001 0 0 8.6 0 0 0.4 0 0.6000000000000001 0.2 0 0.4 2.2 6 7.4 4.800000000000001 3.8000000000000003 4.4 0 10.8 2.6 6.2 12.200000000000001 0 0.6000000000000001 3 2.2 14.600000000000001 3.2 3.4000000000000004 4.6000000000000005 0 0 0 0 0 0 0 0 1.8 0 0 0 0 0 0 2.2 0 0 0 0 3.8000000000000003 0 0 0 0 0 0 0.2 0 0 0 0 0 0 0 0 0 0 0 0 0 0 0 0 0 0 0 0 0 0.4 0.6000000000000001 1 0 0 0 0 0 0 0 0 0 1.6 0 0 2 1.2000000000000002 3.8000000000000003 0 10.600000000000001 6.6000000000000005 0.2 0 0 4.4 3.4000000000000004 0 1.4000000000000001 0 2.2 0 0 0 0 0 0 0 0 4.4 1.6 0 0 0 0 2 0 0 0 0 0 0 0 0 0 0 0 0 0 0 0 0 0 0 0 0 2.4000000000000004 0 0 0 0 0 0 0 0 0 0 0 0 0 0 0 0 0 0 0 0 0 0 0 0 0 0 0 0 0 0 0 0 0.2 0.2 9.4 0.2 0.2 17.8 0 0 0 0 0 0 0 0 0 0 0 0 0 0.2 0 0 0 0 0 0 0 0.4 0 0 13.4 0 0 0 0 0 0 0 0 0 0 0 0 0 
 36.2 45.400000000000006 0 11.8 61.2 23.8 55 64.2 19.200000000000003 14.8 48.6 23 8.200000000000001 26 10 27.200000000000003 70.4 78.4 6.800000000000001 25.6 15.4 0 14.8 0 0 0 0.6000000000000001 0 0 0.4 0.6000000000000001 0 0 0.6000000000000001 0 0.6000000000000001 0.4 0.4 0 23 0 0 0 0.6000000000000001 0 1 0 0 0 0.6000000000000001 0.6000000000000001 0 10.600000000000001 0.4 0 1 0.2 0 0 0 0.2 0.6000000000000001 0 1.6 0.4 0 0.6000000000000001 0 0 0 0.8 0 0.4 0 0 0 0.8 0 1 0 0 0 0 6 8.6 6 0 2.6 3.2 3.6 2.2 0 7.800000000000001 5.800000000000001 0 6.2 3.2 4.2 0 5.4 0.2 0 3.2 0 0 0 3.2 2.2 0 0 0 0 0 0 0 0 0 0 3.2 5.800000000000001 0 0 0 0 0 0 0 0 0 0 0 0 0 0 0 0 0 0 0 0 0 0 0 0 0 0 0 0 2 0.6000000000000001 0 0.2 0 0 0 0 0 0 0 0 10.600000000000001 4.800000000000001 3.6 0 2.2 2.8000000000000003 4.2 0 2.2 0.2 0 0 0.8 3 2.2 0 2.4000000000000004 4.2 0 2.8000000000000003 0.2 0 0 0 0 0 4.4 3 0 0 0 0 0 0 0.6000000000000001 4.2 0 0 5 3.6 0.2 0 0 0 0 0 0 0 0 0 0 0 0 0 0 2.8000000000000003 1.4000000000000001 0 0 0 0 0 0 0 0 0.2 0 0 0 0 0 0.8 0 0 0 0 0 0 0 0 0 0 0 0 0 0 0.8 0 0 0 2 0.4 0 0 0 0 0 0 0 0 3 0 0 0 0 0 0 0 0 0 0 0 0 0 0 0 3.8000000000000003 0 0 0 0 0 0 0 0 0 0 0 0 0 
 7.6000000000000005 33.4 11.8 0 18.6 33.6 14.600000000000001 75.4 13.200000000000001 49.6 70 72.8 10.600000000000001 28.8 12.8 6 28.400000000000002 32.4 20 17.2 14.8 0.6000000000000001 0 0 0.6000000000000001 0 14.8 0.6000000000000001 0.6000000000000001 0 0.4 0.6000000000000001 29.6 4.4 16.400000000000002 0 0 0 15.200000000000001 15.600000000000001 0 0 0.4 0 0.6000000000000001 0.4 0 12.600000000000001 0 6 0 0 0 0 0 0 0 0 0 0 0 0.6000000000000001 0 1 0 0 0 0 0 0.2 0 0 0 0 0 0 0 1.4000000000000001 0 0 0 3 4 3.8000000000000003 9.200000000000001 3 0 0 0 3.8000000000000003 0 5 0 0 0 3.8000000000000003 0.8 0 0 0 0 0 7.4 0 0 0.2 3.4000000000000004 1.8 0 0 0 0 5.800000000000001 2.4000000000000004 1.8 0.4 2 3 3.4000000000000004 6.800000000000001 0 0 2.8000000000000003 0 0 0 0 0 0 9 0 0 0.2 0 0 0 0 0 0.2 0 0 0 0 0 0 0 0 0 10.200000000000001 0 1.2000000000000002 0 0 0 0.2 0 0 0 0 0 2.4000000000000004 3.8000000000000003 4.4 1.6 3.2 7 0 0 0 0.2 4 3.4000000000000004 0 0 0 0 0.2 0 0 0.2 17.2 3 0 0.4 0 0 4.4 8.200000000000001 4.800000000000001 0 0 0 1.4000000000000001 2.2 0 2.2 0 0 6.6000000000000005 7.2 0 0.4 0 0 0 0 0.2 0 0 0 0 0.2 0 0 0 0 0 0 0 0 0 0 0 0 0 0 3 0 0 0 0 0 0 0 0 0 0 0 0 0 0 0 0 0 0 0.4 0 0 0.2 1.4000000000000001 0.4 0 0 0 0 0 0 0 0 0 0 0 3 0 0 0 1.8 0 0 0.2 0 0 0 0 0 4 0 0 0 0 0 0 0 0 0 0 0 0 0 0 
 32.800000000000004 41.6 61.2 18.6 0 45.400000000000006 10 34.2 15 16.8 38.2 38.800000000000004 29.400000000000002 10.600000000000001 20.8 53.2 71.4 13.4 18.2 41.2 5.2 1 0 0 1.8 0 19 0.6000000000000001 16.400000000000002 0 0.4 0.6000000000000001 0 0.6000000000000001 0 15 0.4 0 33.2 30.8 0 0 1 0 1.2000000000000002 1 0 0 0.4 0 0 0 0 0 0.4 0.4 1.6 0.4 0 0 12 0.6000000000000001 0 0 0 0 0 0 0 7.800000000000001 0 0 0.2 0 0 2.2 0 0 0 0 0 2.4000000000000004 10.4 0 4.800000000000001 3.8000000000000003 0 0 2.2 7.4 2.4000000000000004 0 0 0 3.2 4.800000000000001 2.2 11.8 0 0 1.2000000000000002 3.2 3.2 0 0 0 0.2 3 0 0 0 0 2.4000000000000004 3.4000000000000004 3.2 2.2 0.2 0 3.2 2.6 0 0 0 0 0 0 0 0 0 0 0 0 0 0 0.4 0 0 0 0 0 0 0 0 0 0 0 0 0 0 1.2000000000000002 0 0 3.6 0 0 0 0 0 0.4 0 0 13 0.4 5 2 8.4 0 4.4 1.8 12.4 2.4000000000000004 2.2 0 0 0.4 4.4 6.800000000000001 5.800000000000001 0 0 0 2.6 0 0 0 0 6.800000000000001 0 3 0 0 0 3 0 0 0 0 0 1.4000000000000001 0.2 0 0 0 0 0 0 0 0 0 0 0 3.6 0 4.2 3.8000000000000003 0 0 0 0 0 0 0 2.4000000000000004 0.2 0 0 0 0.4 0.2 0 0 0 0 0 0 0 0 0 0 0 0 8 0 0 0.2 0.2 1.2000000000000002 0 18 17.6 0 3.8000000000000003 5 0 0 0 0 0 0 0 0 0 6 0 0 0 0 0 0 0 0 0 0 0 0 4 5.800000000000001 0 0 0 0 0 0 0 0 0 0 0 0 0 
 14.600000000000001 20.6 23.8 33.6 45.400000000000006 0 4.6000000000000005 41 7.800000000000001 29.400000000000002 13 27.400000000000002 9.600000000000001 10.8 9.8 32 13.600000000000001 10.8 11.4 55.800000000000004 14.8 0.6000000000000001 0.2 0.4 4.6000000000000005 0 0.6000000000000001 0.6000000000000001 0.6000000000000001 0 0.4 0.6000000000000001 0 16 0.8 0 0 0 15.4 15.8 0 0 0.4 0 0.6000000000000001 13.4 0 0 0 0 12.600000000000001 0 0 0 0 0 1.2000000000000002 0.2 12.200000000000001 0 6.4 0.6000000000000001 0 0 0 0 0 0 0 0.6000000000000001 0 0.2 0 0 0 1.2000000000000002 0 0 0 8.8 0 0 0 2.4000000000000004 6.800000000000001 6.2 0 0 3 3.6 2.4000000000000004 0 0 0 0 2.8000000000000003 0 0 0 0 2.2 0 3.2 0 0 0 2.2 3.2 2 0 0 0 1.4000000000000001 0 2.4000000000000004 0 0 0 2.2 2 0 0 0 0 0 0 0 0.4 0 0 0 0 0 0 0 0 0 0 0 0 0 0 0 0.4 0 0 0 0 0.4 1 2 0.4 0 0 0 0 0 0 0 0 1.8 0 0.2 2 1.8 2.6 0 0 1.8 0 2 0 0 0 0 2.8000000000000003 4 6.800000000000001 0 0 0 0 0 0 0 0 0 0 0 0 2.6 0 0 0 0 2 0 1 3.2 0.4 0 0 0 0.4 0.4 0 0 0 0 0 0 0 0 0 2.8000000000000003 0 0 0 0.2 0.2 0 0 0 0 0.4 0 0 0 0 0 0 0 0 0 0 0 0.6000000000000001 0 0 0 0 2.2 0 0 0 0.2 0.8 0 1 9 0.2 1.8 4 0 0.2 0 0 0 0 0 0 0 0 0 0 0 0 0 0 0 0 0 0 0 0 1.6 0 0 0 0 0 0 0 0 0 0 0 0 0 0 
 13.8 51.2 55 14.600000000000001 10 4.6000000000000005 0 36.6 32 24.6 22.6 49.6 34.4 25 53 23 6 4.2 7.6000000000000005 19.6 0 15.8 0 0.6000000000000001 0.6000000000000001 0 0.6000000000000001 1.2000000000000002 0.6000000000000001 0 0.4 0.6000000000000001 0 0.6000000000000001 0 16.400000000000002 0.4 0 0.2 0 0 0.4 0.4 0 0.6000000000000001 0.8 0.6000000000000001 0 0 0 1.4000000000000001 0 0 0 0 0 0.2 0 0.2 0.4 10.4 0.6000000000000001 0 0 0.6000000000000001 0 0 0 0 0.2 0 0 0 0 0 0 0 3 0 0 4.2 0.2 6.4 3.4000000000000004 5.6000000000000005 0 6.2 0 0 2.8000000000000003 5.2 0 3.4000000000000004 4 9.8 7.4 0 0 8.8 0 0 0 0 0 0 0 0 0 0 0 0 0 0 0.2 0 0 0 0 0 0 0 0 0 0 0 0 0 0 0 0 0 0 0 0 0 0 0 0 0 0 0 0 0 0 0 0 0 0 0.4 0 0 0 0 0 0 0 0 0 0 0 3.2 2.8000000000000003 6.2 2 3 3 0 13.200000000000001 5.2 0 2.8000000000000003 0 2.6 0 6 0 0 0.4 0 0 0 0 0 0 0 0 8.8 0 0 0 0 0 4.2 0 0 0 0 0 0 0 0 0 0 0 0 0 0 0 0 0 0 0 0 5.2 0 0 0 0 0 0 0 0 0 0 0 0 0 0 0 0 0 0 0.4 0 0 0 0 3.2 0 0 0 0 0 0 0 0.4 0.2 0 17.8 0 0 5.800000000000001 0.4 0 0 0 0 0 0.2 0 0 0 0 0 0 0 0 0 0 0 0 0 0 0 0 2.8000000000000003 0 1.2000000000000002 0 0 0 0 0 0 0 0 0 0 0 0 
 46.2 60.400000000000006 64.2 75.4 34.2 41 36.6 0 26.400000000000002 8 25.6 49.6 50.6 33 46.400000000000006 41.800000000000004 58.6 60.800000000000004 10.200000000000001 30.8 0 0.6000000000000001 15 0 0.6000000000000001 0.2 0.6000000000000001 0.6000000000000001 10.600000000000001 0.2 0.4 0.8 0 0.6000000000000001 0 0.4 40.6 0.4 7.800000000000001 0 0 0 1 0.6000000000000001 0.6000000000000001 1.4000000000000001 0 0 0 8.200000000000001 0 0 0 0 0 0 1.8 0 14 0 0 0.6000000000000001 0 0 0 0 0 0 1 0.2 0 0 0 0 0 0.8 0 0 0 0 0.2 1.6 2.8000000000000003 2.2 1.2000000000000002 0.2 7 9.200000000000001 4 2.8000000000000003 4.4 2 0 3 0 3.8000000000000003 3.4000000000000004 4.6000000000000005 0 2.8000000000000003 0 0 0.2 0 0 0 3 0 0 0 0 0 7 0 0 0 0 0 0.2 3.2 0.2 0 0 5 0 0 0 0 0 0 0 0 0 0 0 0 0 0 0 0 0 0 0 0 0 0 0 0 0 0 0 0 0 0 0 0 0 0 0 0 7.6000000000000005 0 4.800000000000001 3 2.2 0.8 2.6 3 6 3.2 3.2 0 3.2 2.2 3.4000000000000004 2.2 1.8 2 0 0 0 0 0 0 0 0 0.4 0 0 0 0 0 11.8 0 0.4 0.2 0 0 3.2 0 2 0 0 0 0 0 0 0 0 0 0 0 0 0 2.6 0 0.4 0 0 0 0 0 0 0 0 0 0 0 0 0 0 0 0 0.2 0 0 0 0 0 0.4 0 2.6 0 0 0 0 0.4 0 0.8 17.6 2.4000000000000004 1.2000000000000002 0 0 0 0 0 0 0 0 0 0 0 0 0 0 0.2 0 0 0 0 0 0 0 0 3.6 0 1.4000000000000001 0 0 0 0 0 0 0 0 0 0 0 0 
 29 22.6 19.200000000000003 13.200000000000001 15 7.800000000000001 32 26.400000000000002 0 30 7.800000000000001 6.800000000000001 78.4 36 57 49.400000000000006 26 38.400000000000006 21 38 0 0.6000000000000001 0 0 0.6000000000000001 8.6 0.6000000000000001 0.6000000000000001 0.6000000000000001 1.4000000000000001 0.6000000000000001 0.4 0 0.6000000000000001 0 0 0 0 0 0 0 0 0.4 0 0.6000000000000001 0.8 0 0 0 0 0 0 0 0 0 0 0.2 0 0 0 0 0.6000000000000001 0 0.6000000000000001 0 0 0 0 0 0.4 0 9.200000000000001 0 0 0 0 0 0 0.2 0 2 0 1.2000000000000002 0 0 0 0 3.4000000000000004 5.2 0 2 2.8000000000000003 0.6000000000000001 0 0 1.8 3.2 1.8 2 1.6 0 0 0 0 0 0 0 0 0 0 0 0 0 0 0 0 0 0 0 4.2 0 0 0 0 0 0 0 0 0.4 0 0 0 0 0 0 0 0 0 0 0 0 0 1.2000000000000002 0 0 0 3.4000000000000004 0 0 0 0 0 0 0 0 0 0.2 0 0 0 0 1.4000000000000001 0 2 0 0 2.8000000000000003 12.200000000000001 11.600000000000001 1.6 4.2 0 9.600000000000001 3.2 1.4000000000000001 0.8 11.8 0.4 0.2 0 0 0 0 0 0 0 0 0 0 0.4 0 0 0 0 0 0 0 0 0 0 2.4000000000000004 0 0 0 0 0.2 0 5.4 0 0 0 0 0 0 0.4 0 0 0 1.8 0 0 0 0 0 0 0 0.8 0 0 0 0 0 0 0 0 0 0 0 0 0 0 0 0 0 0 0 0.6000000000000001 0.4 0 0.6000000000000001 0 1.8 0.2 0 0 0 0 0 0 0 0 0 0 0 0 0 0 0 0 0 0 0 0.2 0 0 0 4.2 1.4000000000000001 0 0 0 0 0 0 0 0 0 0 0 0 
 64.4 54.2 14.8 49.6 16.8 29.400000000000002 24.6 8 30 0 34.2 9.8 30 24.6 56 47.400000000000006 56.400000000000006 32.800000000000004 16.400000000000002 21 0 0.6000000000000001 0 0.6000000000000001 0.6000000000000001 0 0.6000000000000001 0.6000000000000001 0.6000000000000001 0 0.2 0.4 1 0.6000000000000001 0 0.2 0 0 0 15 0 0.4 0.4 0 0.6000000000000001 0.4 0 0 0 0 0.6000000000000001 0.6000000000000001 0 0 0 0 0.6000000000000001 0.6000000000000001 0 0 0.2 0.6000000000000001 0 0.6000000000000001 0 0.4 0 0 0 0 0 0.4 0.2 0 0 1.2000000000000002 0 0.2 0 0 0 0.4 0 1.8 1.4000000000000001 0.2 0 1 1 4.2 1.8 4.6000000000000005 0 5.6000000000000005 2.8000000000000003 3.6 5.2 0 0 0.4 0 0 0.2 0 0 0 4 0 0 0 0 0 1.6 2.6 1.8 0 0 2.2 0 6.2 0 0 0 0 0 0 0 0 0 0 0 0 0 0 0 0 0.2 0 0 1.2000000000000002 0 0 0 0 0 0 0 0 1.4000000000000001 3 0.8 0 0 0 0 0 0 0 0 0 2.6 11.600000000000001 2.4000000000000004 1.4000000000000001 2.6 0.2 4.800000000000001 2 0.4 0 4.4 0 0.6000000000000001 1.8 0 3.4000000000000004 0.4 4.800000000000001 0 0 3.4000000000000004 0 0 0 0 0 0.4 0 0 0 0 0 0 0 0 0 0 0 0.4 0 1.2000000000000002 0 0 0 0 0 0 0 0 0 0 0 0 0.2 0 0 0 0 0 0 0 0 0 0 0 0 0 0 0 0 0 0 0 0 0 0 0 0 0 0.4 0 0 0 0 0 0 9 0 0 18.6 0 3.2 0 0 0 0 0 0 0 0 0 0 0 0 0 0 0 0 0 0 0 0 0 0 0 6.800000000000001 2.8000000000000003 0 0 0 0 0 0 0 0 0 0 0 0 0 
 4.800000000000001 31.200000000000003 48.6 70 38.2 13 22.6 25.6 7.800000000000001 34.2 0 28.400000000000002 10.4 10.600000000000001 42 62 27.200000000000003 65 9.4 17.2 14.4 0.6000000000000001 0 0 0.6000000000000001 0 22.8 0.6000000000000001 0.6000000000000001 0 0.2 0.4 16.2 4.6000000000000005 0 0 0 0 16.400000000000002 16.400000000000002 12.4 0 0.4 0 0.6000000000000001 0.4 0 0 0 0 0 0 0 0.8 0 0 0.4 0 0 0 0 0.6000000000000001 0 1 0 0 0 0 0.2 0 0 0 0 0 0 0 0 0.4 0 0 0 0 2.6 6.2 7.2 4.2 3.6 0 0 4 3.2 0 0 0 4.2 1.8 0 3 0 0 0 0 4.4 0 0 0 1 0 0 0.2 0 0 6.800000000000001 2.4000000000000004 2.2 0.2 0 0 4 0.8 0 0 0 0 0 0 0 0 0 2.2 0 0 0 0 0 0 0 0 0 2.8000000000000003 0 0 0 0 0 0 0 0 1.6 0 1.4000000000000001 0 0 0 0 0 0 0 0.4 0 0.6000000000000001 6.6000000000000005 15 4 5.2 7.800000000000001 2.2 4 4.2 3 3.8000000000000003 2.6 0 1.8 0.4 0 0 0 0 0 4.2 2.8000000000000003 0 3 0 0 9.4 2.4000000000000004 2.8000000000000003 0 0 0 6.6000000000000005 1.6 2.4000000000000004 3.6 0 0 3 6.4 0 1.8 0 0 0 0 0 0 0 0 0 0 0 4.4 0 0 0 0.4 0 0 0 0 0 0.2 0 0 0 0 0 0 0 0 0 0 0 0 0 0 0.2 0 0 0 0 0 0 1.2000000000000002 0.4 0 19 0.8 0.4 0.6000000000000001 0 0 0 0 0 0 0 0 0 0 1.6 0 0 0 0 0 0 0 0 0 0 0 0 3 0 0 0 0 0 0 0 0 0 0 0 0 0 0 
 10.4 5.4 23 72.8 38.800000000000004 27.400000000000002 49.6 49.6 6.800000000000001 9.8 28.400000000000002 0 23.6 7.4 74.60000000000001 8.6 14.200000000000001 29.400000000000002 49.800000000000004 4.800000000000001 8.200000000000001 7.2 0 0.4 1 12.8 15.4 0.6000000000000001 1.2000000000000002 0 0.2 0.4 29.400000000000002 4.6000000000000005 22.400000000000002 0 0 0 15 25.400000000000002 0 0.4 0.8 0 1 0.6000000000000001 0 0 0.4 0 0.4 0 0 0 0.4 0 0.4 1 0.6000000000000001 0 0 0.6000000000000001 0 1.8 0 0 0 0 0 0 1 0 0 0 0 0 0 1.6 0 0 0 0 0 0 8 15.8 0 0 0 0 0 1.8 0 0 0 3.4000000000000004 0 0.6000000000000001 0 0 6.6000000000000005 2 4.6000000000000005 0.2 0 0.6000000000000001 0 6.4 0.2 0 0 0 2.6 2.8000000000000003 10.4 0.2 0.6000000000000001 0 0.2 0 0 0 0 0 0 0 0 0 0 2.4000000000000004 0 0.4 0 0 0 0 0 0 0 0 0 0 0.4 0 0 0 0 0 0.6000000000000001 0.6000000000000001 1.4000000000000001 0 0 0 0 0 0 0 0 0 0 0.8 0 2 2.2 5.4 0 0 0 0.2 0 5.4 0 0 0 0 0 0 0 0 8.4 2.8000000000000003 0 0 0 0 0 6 2.8000000000000003 4 2.2 2 3.8000000000000003 6.6000000000000005 0 5.4 2.2 0 5 0 0 0 0 0 0 0 0 0 0 0 0 0 0.2 6 0 0 0 0 0 0 0 0 0 0 0 0 0 0 0 0 0 0 0 0 0 0 0 0.2 1.4000000000000001 0 0 0 0 0 0 0.6000000000000001 0 0 0.8 0.8 0 0.2 0 0 0.2 0 0 0 0 0 0 0 0 0 0 0 0 0 0 0 0 0 0 0 0 0 0 0 0 0 0 0 0 0 0 0 0 0 0 0 
 35.4 9.8 8.200000000000001 10.600000000000001 29.400000000000002 9.600000000000001 34.4 50.6 78.4 30 10.4 23.6 0 40.800000000000004 39.6 22.8 21.400000000000002 21.400000000000002 84 29 0 0.6000000000000001 0 0 0.6000000000000001 0 0.6000000000000001 0.6000000000000001 0.6000000000000001 2 0.2 0.6000000000000001 0 0.6000000000000001 0 0 0 0 0 0 1 0 0.8 0 1.2000000000000002 0.8 0 0 0 0 0 0 0 12.600000000000001 0 0 0.4 0 0 0 0 0.6000000000000001 0 0.6000000000000001 0 0 0 0 0 0.4 0 0.2 0.4 0 0 4.2 0 0 0.2 0 0 5.4 1.8 0.2 0 0 0.4 0 2 0.2 4 5.4 2.2 0 1.8 0.4 12.4 4.2 2 3.4000000000000004 0 3 0 0 0 0.4 0 0 0.4 0 0 0 0 0 0 0 0 0 0 0 0 0 0 0 0 0 0 0 0 0 4 0 3.6 0 0 0 0 0 0.4 0 0 0 0 0 0 0 0 0 0 0 0 0 0 0 0 0.4 0 0 0 0 0 2.2 0 2.4000000000000004 0 0.2 0 3.6 3.4000000000000004 1.8 3.6 0 1.4000000000000001 4.2 3.4000000000000004 0 2.2 0 0 0 0 0 0 0.2 0 0 0 0 0.4 0 0 0 0 0 0.2 0 0 0 0 0 1.2000000000000002 0.2 0 0 0 0 0.4 0 0 0.2 0 0 0 0 3.4000000000000004 0 0 0 0 0 0 0 0 0 0 0 0 0 0 0 0 0 0 0 0 0 0 0 3.6 0 0 0 0 0 0 0 0 0 0.4 0.8 0 0.2 3.2 0 0 0 0 0 0 0 0 0 0 0 0 0 0 0 0 0.4 0 0 0 0 0 0.2 0 1 0 0 0 0 0 0 0 0 0 0 0 0 
 10.600000000000001 30.400000000000002 26 28.8 10.600000000000001 10.8 25 33 36 24.6 10.600000000000001 7.4 40.800000000000004 0 75.60000000000001 76.80000000000001 25.200000000000003 42.800000000000004 32.2 37.2 0 0.6000000000000001 0 0 1.2000000000000002 0 0.6000000000000001 0.6000000000000001 0.6000000000000001 0 15.8 0.6000000000000001 0 0.6000000000000001 0 0 0 0 0 1.2000000000000002 0 0 0.4 0 0.6000000000000001 0.4 0 0.8 0 0 0 0 0 0 0 0 0.4 0 0 0.2 0 0.6000000000000001 0 0 0 0 0 7.6000000000000005 0 0.2 0 5.2 0 0 0 0 0 0.4 0 1.4000000000000001 2.6 5.6000000000000005 10.200000000000001 3.6 6.6000000000000005 0 7.6000000000000005 4.800000000000001 6.6000000000000005 2.4000000000000004 2 0 1.2000000000000002 2.2 2.2 4 1.8 2 2.8000000000000003 3.2 0 0 0.2 0 0 0 0 0 0 0 0 0 0 0 8.4 0 0 0 0 0 0 0 0 0.4 0 0 0 0 0 0 0 0 0 0 0 0 0 0 0 0 0 0 0 0 0 0 0 0.2 1.2000000000000002 0 4 0 0 0 0 0 0 0 0 0.2 7.2 7.2 4.800000000000001 3.8000000000000003 2.2 0 2.2 2.2 2.6 0 7.4 0 1.8 1.4000000000000001 5.800000000000001 0 0 0 0 4 0 0 0 0 0 0 0 0 0 0 0 0 0 0 0 0 0 0 3.2 0.2 2 0 0 0 0 0 0 0 0 0 0 0 0 0 0.2 0 0 0 0.2 0 2 0 0 0 0 0 0 0 0 0 0 0 0 0 0 0 0 0 0 0 0 0 0 0 0 0 0 0.2 0.2 0 0.4 0.4 0 0 0 0 0 0 0 0 0 0 0 0 0 0 0 0 0 0 0 0 0 0 0 2.4000000000000004 0 0 0 0 0 0 0 0 0 0 0 0 0 0 
 27.8 130.6 10 12.8 20.8 9.8 53 46.400000000000006 57 56 42 74.60000000000001 39.6 75.60000000000001 0 33.6 9.200000000000001 42.400000000000006 56 54.6 0 0.8 0 15 0.6000000000000001 0 0.8 0.6000000000000001 0.6000000000000001 0 0.4 0.4 0 0.6000000000000001 0 0 0 0 0 15.4 0.4 0 0.4 0 0.6000000000000001 0.4 0 0 0 0 0 0 0.2 0 0 0 1.2000000000000002 0 0 0.4 0 0.6000000000000001 0 0 0 0 0 0 0 0 0 0.2 0 0 0 0 0 0.2 0 0 5.2 8.8 6 3.8000000000000003 14.200000000000001 0 6 0.2 5.6000000000000005 2.4000000000000004 3.2 2 3.4000000000000004 13 2 13.200000000000001 0 0.2 2.4000000000000004 0 0 0 0 0 0 0 0.4 0.8 0 0.4 0 0 0 0 1.4000000000000001 0 0 0 0 0 0 0 0 0 0 0.2 0.6000000000000001 0 0 0 0 0 0 2.4000000000000004 0 0 0 0 0 0 0 0 0 0 0 0 0 0 1.6 0 1.6 0 0 0 2.8000000000000003 0 0 0 0 0 3.8000000000000003 3.8000000000000003 5.2 2.8000000000000003 2.8000000000000003 6 0 5.800000000000001 2 0 3.6 0 5 0 5.4 0 0 0 0 0 0 0 0 0 0 0 4.4 0 0 0 0 0 2.8000000000000003 0 0 0 0 0 0 0 1.6 0 0 0 0 0 0 0 0 0 0 0 0 3.4000000000000004 0 0 0 0.2 0 0 0 0 0 0.4 0 0 0 0 0 0 0 0 0 0 0 0 0 0 0.4 0 0 0 0 0 0 0 0.2 0 18 0.4 0 1.2000000000000002 0 0 0.4 0 0 0 0 0 0 0 0 0 0 2 0 0 0 0 0 0 0 0 0 3 0 0 0 0 0 0 0 0 0 0 0 0 0 0 
 24.400000000000002 51.800000000000004 27.200000000000003 6 53.2 32 23 41.800000000000004 49.400000000000006 47.400000000000006 62 8.6 22.8 76.80000000000001 33.6 0 25.400000000000002 26 8 36.800000000000004 0 0.6000000000000001 0 0.4 1.4000000000000001 0 0.6000000000000001 0.8 0.6000000000000001 0 0.4 0.6000000000000001 0 0.8 0.4 0 0 0 19.6 0.4 0.4 0 0.8 0.2 0.6000000000000001 2.4000000000000004 0 0 0 0 0 0 0 0 0 0 1.8 0.2 0 0 0 0.6000000000000001 0 0 0 0 0 0.2 0 0.6000000000000001 0 10.600000000000001 0 0 0 0 0.4 0 0.2 0 2 7.6000000000000005 7.6000000000000005 4.6000000000000005 0 0 0 1.2000000000000002 2.2 5.2 10.4 2.8000000000000003 0.4 0.2 2.2 1 3.2 4.6000000000000005 0 0 0 0.4 0 0 0 0 2.8000000000000003 0 0 0 0 0 1.8 0 0 0 0 0 1.4000000000000001 3.2 0 0 0.2 0 0 0 0 0 0 0 0 0 0 0.2 0 0 0 0 0 0 0 0 0 0 0 0 0 0 0.4 0 0 0 0 0.4 0 0 0 0 0 0 7.4 2.6 2 0.8 4.6000000000000005 2 0 9 9.4 3.8000000000000003 8 0 6.2 5.4 0 2.2 0 2 0 0 0 0 0 0 0 0 3.8000000000000003 0 0 0 0 0 4 0 0 0 0 0 3.6 0 0 0 0 0 0 0 0 0 0 0 0 0 0 5.4 7 0 0 0 0 0 0 0 2 0 0 0 0 0 0 0 0 0.4 0 0 0 0 0 0 0 0 0 0.4 0 0 0 0.2 0 0 1.2000000000000002 0.2 0 1 0 0 0.2 0 0 0 0 0 0 0 0 0.4 0 0 0 0 0 0 0 0 0 0 0 2.8000000000000003 5.2 3 0 0 0 0 0 0 0 0 0 0 0 0 
 52.800000000000004 9 70.4 28.400000000000002 71.4 13.600000000000001 6 58.6 26 56.400000000000006 27.200000000000003 14.200000000000001 21.400000000000002 25.200000000000003 9.200000000000001 25.400000000000002 0 64.60000000000001 25.6 18.400000000000002 0 0.6000000000000001 0 1.2000000000000002 0.8 0 0.6000000000000001 0.6000000000000001 0.6000000000000001 0 0.4 0.6000000000000001 0 1.8 0 0 0 0 0.2 0 0.6000000000000001 0.6000000000000001 0.4 0 0.6000000000000001 0.4 0 0 0.8 0 0 0 0.4 0 0 12.4 0.8 1 0 0 0 0.6000000000000001 0 0 0 0 0 0 0 0.6000000000000001 0 0.2 0 0 0 0.8 0 0 0.2 0 0 5.6000000000000005 0 0 2.2 0 3.8000000000000003 2.4000000000000004 5 3.8000000000000003 2 1.4000000000000001 4.800000000000001 5.800000000000001 0.2 0.2 0.2 0 0 3.2 0 0 0 0 0 0 0 0 0 0 0 0 0.2 0 0 0 0 0 2.2 0.2 0 0 0 0 0 0 0 0 0 0 0 0 0 0 0 0 0 0 0 0 0 0 0 0 0 0 0 0 0 0 0 0 0 0 3.6 0 0 0 0 0 2.8000000000000003 1.6 8 2.6 0.2 1.8 4.4 2.6 0 4.800000000000001 0.2 0 3 0 6.2 3.4000000000000004 6.800000000000001 2.8000000000000003 0 4.4 0 0 0 0 0 0 0.4 0 4.2 0.6000000000000001 0 0 0 0 0 0 0 0 0.4 4 2 0 0 0 0 0 0 0 0 0 0 0 0 0.2 0 0 0 0 0 0 0 0 0 0 0 0 0 0 0 0 0 0 0 0 0 0 0 0 0 0.4 0 0.2 0 0 0 0.2 0 0 0 7.800000000000001 0.2 1 13.600000000000001 0 0 0 0 0 0 0 0 0 3.2 0.4 0 0 0 0 0 0 0 0 0 0 0 1.8 0 0.2 0 0 0 0 0 0 0 0 0 0 0 0 
 38.400000000000006 13.200000000000001 78.4 32.4 13.4 10.8 4.2 60.800000000000004 38.400000000000006 32.800000000000004 65 29.400000000000002 21.400000000000002 42.800000000000004 42.400000000000006 26 64.60000000000001 0 26.8 23.6 15.200000000000001 0.6000000000000001 0.4 0 0.8 0.2 17.2 1 0.6000000000000001 0 0.2 0.6000000000000001 15.4 0.8 0 0 0 0 18 15.600000000000001 0 0 0.4 0 0.8 1 0.4 0 0.6000000000000001 0 1.2000000000000002 0 0 1 0 0.6000000000000001 1.2000000000000002 0 0 1 0 0.4 0.8 1.2000000000000002 0 0 0 0 0 0 1.2000000000000002 0.8 0 0 0 0 0 1.2000000000000002 7.6000000000000005 0 0 3.4000000000000004 0 12.600000000000001 4.2 4.2 0 5.6000000000000005 10.8 0.2 2.8000000000000003 5 7.800000000000001 3.6 0 0 3 5.800000000000001 0 4.2 0 0 4.4 0 0 0 3 0 0 0 0 0 5.6000000000000005 0 0 0 0 0 2 3 0 0 0 0 0 0 0.2 0 0.4 0 0 0 0 0 0 0 0 0 0 0 0 0 0 0 0 0 0 0 0 0 0 0 0 0 0 0 0 0 0 0 4.2 1.2000000000000002 4 2.2 4.6000000000000005 3.6 7.6000000000000005 0.2 2.2 0 2 2.8000000000000003 2.4000000000000004 2.8000000000000003 4.6000000000000005 2.4000000000000004 6.6000000000000005 0 0 3.6 4 1.8 0 0 0 0 6.4 2.2 2.6 0.4 0 0 0.2 0 2.4000000000000004 3.4000000000000004 0 0 4 3.4000000000000004 0.8 0 0 0 0 0 0 0 0 0 0 0.2 0 0 2.8000000000000003 0 0 0 0.4 0 0 0 0 0 0 0 0 0 0 0 0 0 0 0 0 0 0 0 0 0 0 3.8000000000000003 0 0 0 0.6000000000000001 1 0.2 0.6000000000000001 0.6000000000000001 2.8000000000000003 1.4000000000000001 0.8 0 0 0 0 0 0 0 0 0 0 0 0 0 0 0 0 0 0 0 0 0 0 0 0 0 0 0 0 0 0 0 5.6000000000000005 0 0 0 0 0.4 
 21.8 49.800000000000004 6.800000000000001 20 18.2 11.4 7.6000000000000005 10.200000000000001 21 16.400000000000002 9.4 49.800000000000004 84 32.2 56 8 25.6 26.8 0 27 0 0.6000000000000001 0 0 0.6000000000000001 0 0.6000000000000001 0.6000000000000001 0.6000000000000001 0 0.4 0.6000000000000001 0 0.6000000000000001 40 0 0 0.2 0 0 0 0 0.4 0 0.6000000000000001 0.4 0 0 0 0 0 0.4 0 0 0 0 0 0 0 0 0 0.6000000000000001 0 0 0 0 0 0 0 0.4 0 0 0 0 0 0 0 0.4 0 0 2.8000000000000003 5.2 1.8 0 0 0 3.8000000000000003 0.8 1.8 3 0.4 0.8 2.2 0 3 3.8000000000000003 2.2 2.4000000000000004 2.6 0 0 0 0 0 0 0 0 0 0 0 0 0 0.2 0 2.4000000000000004 0 0 0 0 0 0 0 0 0 0 0 0 0 0 2.2 0 0 0 0 0 0 0 0 0 0 0 0 1 0 0 0 0 0 0 0 0 0 1.2000000000000002 0 0 0 0 0 0 0 0 0 0 0 0 0 0 0 0 0 0 0 0.4 0 1 0 0 0 13.8 1.8 0 0 0 0 0 0 0 0 0 0 0 0 0 0 0 0 0 0 0 0 2 0 0 0 0 0 0 0 0 0 0 0 0 0 0 0 3 0 0 0 0 0 0 0 0 0 0.4 0 0.2 0 0 0 0 0 0 0 0 0 0 0 0 0 0 0 0 0 0.4 0 0.2 0.4 0 1.4000000000000001 0 0 0 0 0 0 0 0 0 0 0 0 0 0 0 0 0 0 0 0 0 0 0 0 0 0 0 0 0 0 0 0 0 0 0 0 0 0 
 11.200000000000001 16 25.6 17.2 41.2 55.800000000000004 19.6 30.8 38 21 17.2 4.800000000000001 29 37.2 54.6 36.800000000000004 18.400000000000002 23.6 27 0 0 0.6000000000000001 0 0.6000000000000001 0.8 0 0.6000000000000001 1.2000000000000002 0.6000000000000001 0.6000000000000001 0.4 0.6000000000000001 0 0.6000000000000001 0 0 0 0.4 0 0.4 0 0.4 0.4 0.2 0.6000000000000001 0.8 0.4 0 0 0 0 0 0 0 0 0 0.4 0 0.2 0 0.2 0.6000000000000001 0 0 0.6000000000000001 0 0 0 0 5.4 0 0.2 0 0 0 1 0 0.6000000000000001 0 0 2.4000000000000004 3.2 1.8 2 3 0 5.6000000000000005 2 0 3.2 0.4 3.4000000000000004 2.2 3.6 0 0 8.200000000000001 0 2 3 0.4 0 0 0 0 0 0 0 0 0 0 0 0 0 3.6 0 0 2 0 4.6000000000000005 0 0 0 0 0 0 0 0 0 0 0 0 0 0 0 0 0 0 0 0.4 0.2 0 0.2 0 0 0.2 0 0 0.2 0 0 0 0 0 0 0 0 0 0 0 3.4000000000000004 0.8 2.8000000000000003 2.8000000000000003 0 0 1.8 0 0 0.8 3.8000000000000003 0 1.6 2.8000000000000003 6.800000000000001 0 1 0 2.6 4.2 0 0 0 0 0 0 0 0 0 0 0 0 0 0 0 0 0 0 0 0.4 0 0 0 0 0 0 0 0 0 0 0 0 0 0 0 0 1.4000000000000001 0 0 0 0 0.2 0 0 0 0 0 0 0 0 0 0 0 0 0 0 0 0 0 0 0 0 0 0 0 0.6000000000000001 0 0 0.2 0.4 2.2 0 4.2 0 0 0.4 0 0 0 0 0.2 0 0 0.2 0 0 0 0 0 0 0 0 0 0 0 0 4.2 0 0 0 0 0 0 0 0 0 0 0 0 0 
 0 0 15.4 14.8 5.2 14.8 0 0 0 0 14.4 8.200000000000001 0 0 0 0 0 15.200000000000001 0 0 0 86.4 23 9.4 10.600000000000001 7.800000000000001 43.400000000000006 43.800000000000004 21 22 9.4 12.600000000000001 25.200000000000003 14 11.200000000000001 24.6 6.4 29.400000000000002 23.6 133.6 0 0 0 0 1 7 0.6000000000000001 0 0.4 0 0.6000000000000001 0.2 0 0.6000000000000001 0 0 0.4 0 0 0.4 0.6000000000000001 0.4 0 1 0 0 0 0.6000000000000001 0 0 0 0 0 0 0 5.6000000000000005 0 0.2 0.6000000000000001 0 0 0 0 3.6 2.2 6.2 0 0 0 0 0 3.6 0 0 0 0 0 2.4000000000000004 0 0 0 7.800000000000001 2.4000000000000004 0.2 0 0 0.2 0.6000000000000001 3 0 4.6000000000000005 0 2.6 2 2.8000000000000003 3.4000000000000004 0.2 0 2.4000000000000004 4 0 0 0 0 0 0 0 0 0 0 0 0 0 0 0 0 0 0 0 0 0.4 0 1.2000000000000002 0 0 0 0 0 0 0 0 4.4 0 0 0 0 0 0 0 0 0 1.2000000000000002 2.6 0 2.4000000000000004 2.2 3.4000000000000004 0 0 0 0 8.200000000000001 0 0 0 0 1.2000000000000002 0 0 0 3 7.2 0 0 0 0 2.8000000000000003 3.6 4.800000000000001 7.6000000000000005 0 1.4000000000000001 2.2 3.4000000000000004 5.2 4.2 9.4 4 2 2 0 0 0 0.4 0 0 0 0 0 0 0 0 3.4000000000000004 0 0 0 0 0 0 0 0 0 0 0 0 0 0 0 0 0 0 0 0 0 0 0 0 0 0 0 0 0 0 0 0 0 0 0 0 0 0 0 0 0 2 0 0 0 0 0.4 0 1.6 0 0 0 0 0 0 0 0 0 0 0 0 0 0 0 3 0 0 0 0.2 0 0 0 2 0 0 0 0 
 0.6000000000000001 0.6000000000000001 0 0.6000000000000001 1 0.6000000000000001 15.8 0.6000000000000001 0.6000000000000001 0.6000000000000001 0.6000000000000001 7.2 0.6000000000000001 0.6000000000000001 0.8 0.6000000000000001 0.6000000000000001 0.6000000000000001 0.6000000000000001 0.6000000000000001 86.4 0 29.6 45.400000000000006 24 22 18 53 113.80000000000001 29.6 51 19 9.8 34.6 33 25.6 24.200000000000003 10 24.8 23.6 0 0 0 0.4 0.6000000000000001 0 0.6000000000000001 0 0.4 0 0.6000000000000001 0.2 0.2 0.6000000000000001 0 0 0.4 0 12.600000000000001 0.4 0.6000000000000001 0 0 0.6000000000000001 0 0 0 0.6000000000000001 0 0 0 0 0 0 0 0.4 0 0 0.6000000000000001 0 0 0 0 0 0 0.8 0 0 0 0 0 4.2 0 0 0 0 0.4 0 0 0 1.4000000000000001 5.4 0 1.8 0 2.4000000000000004 0 0.4 2.6 1.4000000000000001 0 0 0 0.2 3 0.2 1.4000000000000001 1.8 0 4 3 0 0 0 0 0 2.2 0 0 0 0 0 0 2.6 0 0 0 0 0 1.8 0 0 0 0 0 0 0 0 0.4 0 0 0 0 0 0 0 0 0 0 0 0 0 0 0 0 0 0.2 0 0 0 0 3.4000000000000004 0 0 0.6000000000000001 0 0 0 0.2 0 4.6000000000000005 5 7.800000000000001 2.2 0 0.8 0 2.8000000000000003 0 4.2 2.6 2.6 4.6000000000000005 2.8000000000000003 5.6000000000000005 0 2.2 6.800000000000001 2.8000000000000003 0 0 0 0 0 0 0 1.6 0 0.4 0 0 0 0 0 1.4000000000000001 0 0 0 0 0 0 0 0 0 0 0 0 0 0 0 0 0 1.8 0 0 0 0 0 0 0 0 0 0 0 0 0 0 0 0 0 0 0 0 0 1.6 0 0 0.6000000000000001 0 0 0.4 3 0 0 0 0 0 0 0 0 0 0 0 0 0 0 0 0 0 3 0 0 0 0 0 0 0 0 0 0 
 0.2 0 14.8 0 0 0.2 0 15 0 0 0 0 0 0 0 0 0 0.4 0 0 23 29.6 0 119.4 68.2 79.60000000000001 57 46.800000000000004 52.800000000000004 98.80000000000001 81.60000000000001 18.8 119.60000000000001 12.4 50.6 7.4 21.6 8 49.800000000000004 5 0 0 0 0.2 0.6000000000000001 0.2 0.6000000000000001 0 0.4 12.8 0.6000000000000001 0.2 13 0.6000000000000001 0 0 0.2 0 25.400000000000002 12.8 0.6000000000000001 0 0 0.4 0 0 0 0.6000000000000001 0 10.600000000000001 0 0 0.4 0 0 0.4 0 0 0.6000000000000001 0 0 0 0 0 0 0 0 0 0 0 0 0 0 0 0 2 0 0 0 0 0 2.4000000000000004 2.2 10.200000000000001 0 8.200000000000001 2.6 2.4000000000000004 0.2 12 1.8 6.6000000000000005 0 2.4000000000000004 0 7.800000000000001 2.6 6.800000000000001 0 0 4.800000000000001 3.6 0 4.6000000000000005 0 0 3.2 0 0 0 0 0 13 3.2 0.2 0 2 0 9.8 2 0 0 0 0.8 0 0 0 0 0 0 0 0 0 0 0 0 0 0 0 0 0 0 0 0 0 0 0 0 0 3 0 0 0 0 0.8 0 0 0 0 0 0 0 0 1.4000000000000001 3.6 8 0 0.2 9 5.2 3.4000000000000004 2.2 0 0 0 0 3.4000000000000004 4 0 0 0.8 0.6000000000000001 0.2 0 0 0 7.4 4.4 0 3.2 0 0 10.200000000000001 0.6000000000000001 11.4 9.4 0.6000000000000001 0 4.6000000000000005 0.2 0 0 0 0 0 0 0 0 0 0 0 0 0 0 0 0 0 0 0 0 0 0 0 0 0 0 0 0 0 0 0 0 0 0 0.4 0.4 0.4 16.400000000000002 0 0.4 0.4 0 0 0 0 0 0 0 0 0 0 0 0 0 0 0 0 0 0 0 0 0 0 0 0 0 0 0 0 0 
 0 0 0 0 0 0.4 0.6000000000000001 0 0 0.6000000000000001 0 0.4 0 0 15 0.4 1.2000000000000002 0 0 0.6000000000000001 9.4 45.400000000000006 119.4 0 60.400000000000006 24.8 17.400000000000002 27.400000000000002 34.800000000000004 55.6 33.4 25.200000000000003 15.600000000000001 20.6 23.400000000000002 22.6 25.200000000000003 56.400000000000006 21.400000000000002 14 0 0.4 0 0.2 0.6000000000000001 0.4 0.6000000000000001 0 0.2 0 1.2000000000000002 0 0 0.6000000000000001 0 0 0.4 0.4 0 5.4 0.6000000000000001 0 0 0 0 1 0 0.6000000000000001 0 0 0 0 0.8 0 0 0 0 0 0.4 0 0 0 0 0 0 0 0 0 0 0 0 0 0 0 0 0 0 0 0 0.2 0 1.6 1 7.800000000000001 1 4.4 0 0 1.6 8 0.2 1.6 0 0 0 3.6 0 4.800000000000001 0.2 0 2.4000000000000004 2.2 0 2.2 0 0 0 1.8 0 0 0 0.4 2.4000000000000004 0 0 0 0 0 2.8000000000000003 5 0 0 0 0.6000000000000001 0 0 0 0 0 0 0 0 0 0 0 0 0 0 0 0 0 0 0 0 0 0 0 0 0 0 0 0 0 0.2 0 0 0 0 0.6000000000000001 0 0 3.4000000000000004 1.6 21.8 4.6000000000000005 5.800000000000001 0 0 5.800000000000001 2.2 6 3.4000000000000004 0 1 5.800000000000001 2.2 1.2000000000000002 0 0 0 2 1.8 0 0 0 0 12.8 0.8 0 0 0 0 0.2 5 5 3.4000000000000004 0 0 5 0 0 0 0 0.2 0 0 0 0 0 0 0 0 0 0 0 0 2 0 3.6 0 0 0 0 0 0 0 0 0 0 0 0 0 0 0 0.8 0 0.4 31.400000000000002 0.2 0.4 0 0.2 0 0 0 0 0 0 0 0 0 0 0 0 0 0 0.2 0 0 2.4000000000000004 0 0 0 0 0 0 3.8000000000000003 2.6 0 0 
 0.6000000000000001 0.6000000000000001 0 0.6000000000000001 1.8 4.6000000000000005 0.6000000000000001 0.6000000000000001 0.6000000000000001 0.6000000000000001 0.6000000000000001 1 0.6000000000000001 1.2000000000000002 0.6000000000000001 1.4000000000000001 0.8 0.8 0.6000000000000001 0.8 10.600000000000001 24 68.2 60.400000000000006 0 37.6 11.4 30.400000000000002 50.800000000000004 34.6 33.6 88.80000000000001 20.6 35.800000000000004 17.400000000000002 30 12.200000000000001 8 12 15.4 0 0 0 0.4 0 0.4 0 0 0 0 0.2 0 0 12.600000000000001 0 0 0.4 0 4 5.800000000000001 0.4 0 0.2 0 0 0 0 0 0 0 0 0 1.2000000000000002 0 0 0 0 0 0 0 0 0 0.4 0 0 0 0 0 0 0 0 0 0 0 0 0 0 0 0 0 0 3.2 1.6 6.800000000000001 0.2 4.2 3.8000000000000003 2.8000000000000003 0 8 2.6 7.4 0 3.6 0 11.600000000000001 0 2.8000000000000003 0 0 0.6000000000000001 1.8 0 0 0 0 2 3.8000000000000003 0 0 0 0.2 4 2 0 0 0 0 3.2 5.6000000000000005 0 0 0 5.6000000000000005 0 0 0 0 0 0 0 0 0 0 0 0 0 0 0 0 0 0 0 0 0 0 0 0 0 1 0 0 0 0.4 1 0 0 0 0.2 0 0 0 1.8 5.2 7.2 8.6 0 0 6.4 4.4 4.800000000000001 4 0 0 3 0.4 4 4.2 0 0.4 1.4000000000000001 3.8000000000000003 0 0 0 0 5.4 2 0 0 0 0 6.4 3.4000000000000004 2.6 2.8000000000000003 0 0 6.6000000000000005 0.4 0 0 0 0 0 0 0.2 0 0 0 0 0 0 0 0 0 1.4000000000000001 0 0 0 0 0 0 0 0 0.4 0 0 0 0 0 0 0 0 3.8000000000000003 0 0.4 46.6 0.2 0.6000000000000001 0 0 0 0 0 0 0 0 0 0 0 0 0 0 0 0 0.4 0 0 2.4000000000000004 0 0.2 0 0 0.2 0 0 0 0 0 
 0 0 0 0 0 0 0 0.2 8.6 0 0 12.8 0 0 0 0 0 0.2 0 0 7.800000000000001 22 79.60000000000001 24.8 37.6 0 64.2 24 26.8 20.8 73.60000000000001 92.2 12.600000000000001 12.200000000000001 17.2 25.200000000000003 12.4 85.2 51 9.200000000000001 12.4 0 0 0.4 0.6000000000000001 0.2 0.6000000000000001 0 4.6000000000000005 12.4 0.6000000000000001 0.2 0 16.6 0 7.2 0 12.600000000000001 6.2 0.4 0.6000000000000001 0 0 0.4 0 0.6000000000000001 0 0.6000000000000001 0 0 0 0 0 0 0 0.4 0 0 0.6000000000000001 0 0 0.4 0 0 0 0 0 0.4 0 0 0 0 0 0 0 0 0 0 0 0 0 0 0 4 1.8 3.2 0 0 2.2 8.200000000000001 0 4.6000000000000005 0 0 0 3.8000000000000003 5.4 0.4 0 0 2.2 0 4 3.2 0 0 4.4 2.2 0 0 0 0 4.4 2 0 1.4000000000000001 0 0 4.2 9 0 0 0 0.4 0 4.2 0 0 0 0 0 0 0 0 0 0 0 0 0 0 0 0 0 0 0 0 0 0 0.2 0.8 0 0 0 0 1.2000000000000002 0 0 0 0 0 0 0 2.4000000000000004 1.2000000000000002 2.6 2 0 2.2 4.800000000000001 1.4000000000000001 0 3.8000000000000003 0 0 0 0 0 0 0 0 0.2 4 0 0 0 0 3.6 0 2.2 0 0 1.8 4.6000000000000005 0 2 0 0 0 5.6000000000000005 5.2 0 0.2 0 0 0 0 0.2 0 0 0 0 0 0 0 0 0 0 0 0 0 0 0 0 0 0 0 0 0 0 0 0 0 0 0 1 0.8 1.6 8.6 0 0 1.2000000000000002 0 0 0 0 0 0 0 0 0 0 0 0 0 0 0 0 0 0 2.4000000000000004 0 3 0 0 0 2.6 0 0 0 0 
 7.4 0.6000000000000001 0.6000000000000001 14.8 19 0.6000000000000001 0.6000000000000001 0.6000000000000001 0.6000000000000001 0.6000000000000001 22.8 15.4 0.6000000000000001 0.6000000000000001 0.8 0.6000000000000001 0.6000000000000001 17.2 0.6000000000000001 0.6000000000000001 43.400000000000006 18 57 17.400000000000002 11.4 64.2 0 24.6 15.600000000000001 70.2 51 29.200000000000003 69.4 114.4 8.6 48.2 6.6000000000000005 67 29.6 28.8 0 0 0 0.4 6.4 0 1 0 0.4 0 0.6000000000000001 0.2 0 0.6000000000000001 0 0 0 0 0 0.4 0.6000000000000001 0.2 0 1.2000000000000002 0 0 0 0.6000000000000001 0 0 0 0 0 0 0 0.4 14.200000000000001 0.4 0.6000000000000001 0 0 0 0 0 1.2000000000000002 1.2000000000000002 0 0 0.2 0 0 0 0 0 0 0 0 4 0 0 10.8 8.4 1.2000000000000002 4.2 3 0 2.8000000000000003 2.4000000000000004 0 2.4000000000000004 12.600000000000001 0 4.4 4.6000000000000005 2.2 6.4 1.8 1.8 2.4000000000000004 4.800000000000001 0 0 0 0 0 0 0 0 0 0 0 0 0 0 0 0 0 0 0 0 0 0 0 0 0 0 0 0 0 0 0 0 0 0 0 0 0 0 0 0 0 1.2000000000000002 0 0 4.4 2.2 0 0 0 3.2 0 4.6000000000000005 0 0 0 0 3.6 0.2 0 0 2.2 4 0.2 0 0 2.2 3 7.2 2.4000000000000004 6 0 0.6000000000000001 4.4 5 1.6 3.8000000000000003 4.2 3.2 2.4000000000000004 8.6 0 0 0 0 0 0 0 0 0 0 0.4 0 4.4 0 0 0 0 0 1.6 0 0 0 0 0 0 0 0 0 0 0 0 0 0 0 0 0 0 0 0 0 0 0 2.6 0 0 0 17 0 0 0 0 0 0 0 1.2000000000000002 0.2 0 16 15.4 0.2 1.2000000000000002 0 0 0 0 0 0 0 0 0 0 0 0 0 0 0 0 0 0 0 0 1.4000000000000001 0 0 0 1.8 0 0 0 0 
 0.6000000000000001 0.6000000000000001 0 0.6000000000000001 0.6000000000000001 0.6000000000000001 1.2000000000000002 0.6000000000000001 0.6000000000000001 0.6000000000000001 0.6000000000000001 0.6000000000000001 0.6000000000000001 0.6000000000000001 0.6000000000000001 0.8 0.6000000000000001 1 0.6000000000000001 1.2000000000000002 43.800000000000004 53 46.800000000000004 27.400000000000002 30.400000000000002 24 24.6 0 40.800000000000004 65.4 74.4 25.400000000000002 86.4 21.6 27.8 36.800000000000004 30.6 27 20 9.8 0 0 0 0.2 0.6000000000000001 41 0.6000000000000001 0 0.4 0 0.6000000000000001 0 0 0.6000000000000001 0 0.2 0.6000000000000001 0 0.2 0.4 0.6000000000000001 0 0 0.4 0 0 0 0.6000000000000001 0 0 0 0 0.8 0 0 0.2 0 0 0.6000000000000001 0 0 0 0.2 0 0 0 0 0 0 0 0 0 0 0 0 0 0 0 0 0 2 3.8000000000000003 0 3.2 3 0 0 3 2.8000000000000003 7.4 4.2 1.2000000000000002 0 4 0 3.8000000000000003 5.2 3.8000000000000003 0 3.6 0 1.6 0 1.4000000000000001 0 0 0 0 0 0 0 0.2 0 0 0 0 0 0 8.6 0 0 0 0 0 0 0 0 0 0 0 0 0 0 0 0 0 0 0 0 0 0 0 0 0 0 0 0 0 0 0 0 0 0 0.2 0.2 0 0 0 1.2000000000000002 0 0 2 0 0 0.4 4.6000000000000005 0 3.2 3.6 4.800000000000001 0.2 3.2 2.2 6.4 6.6000000000000005 2.8000000000000003 8.8 6 0 0.2 0 0 0 0 0 0 4 0 0 0 0 0 4.800000000000001 0 4 0 0 0 1.6 0 0 0 0 0 0 0 0.4 0 0 0 0 0 0 0 0 0 0 0 0 0 0 0 2.2 0 0 0 0 0 0 0 0 0 0 0 2.8000000000000003 0 0.6000000000000001 16.400000000000002 19.200000000000003 0 1 2.6 0 0 0 0 0 0 0 0 0 0 0 0 0 0 0 0 0 0 0 2.2 0 0 0 1.8 3.6 0 0 0 
 0.6000000000000001 0.6000000000000001 0 0.6000000000000001 16.400000000000002 0.6000000000000001 0.6000000000000001 10.600000000000001 0.6000000000000001 0.6000000000000001 0.6000000000000001 1.2000000000000002 0.6000000000000001 0.6000000000000001 0.6000000000000001 0.6000000000000001 0.6000000000000001 0.6000000000000001 0.6000000000000001 0.6000000000000001 21 113.80000000000001 52.800000000000004 34.800000000000004 50.800000000000004 26.8 15.600000000000001 40.800000000000004 0 47.400000000000006 63.2 10 77.60000000000001 40 13.600000000000001 38.400000000000006 39.800000000000004 11 34.6 31.8 0 0 0 0.4 0.6000000000000001 0.4 0.6000000000000001 0 0.4 0 0.6000000000000001 0.2 0 0.6000000000000001 0 0 0.4 0 6.800000000000001 0.4 0.6000000000000001 0 0 0.4 0 0 0 0.6000000000000001 0 0 0 0 7.4 0 0 0.2 0 0 0.6000000000000001 0 0 0 0 0 0 0 0 0 0 0 0 0 0 0 0 0 0 0 0 0 2.6 6.2 1.8 17 0 4.800000000000001 7 0 0 1.4000000000000001 3 5.800000000000001 0 2.4000000000000004 2.6 2.6 0 5.800000000000001 2.2 0 2.8000000000000003 0 0 0 0 0 0 0 0 0 0 0 2.6 1.8 0 0 0 0 2.2 2.2 0 0 0 0 0.4 0 0 0.2 0 0 0 0 0 0 2 0 0 0 0 0 0 0.4 0 0 0 0.2 0 0 0 0 0 0 0 0 0 0 1.6 0 0.2 0 5.2 4.4 0.8 11.4 6.4 4 1 6 4 4.800000000000001 3 3.6 1.8 1.2000000000000002 5.800000000000001 0 3.2 0 1 0 1.4000000000000001 0 0 0 0 0 2.8000000000000003 0 0 0 0 0 1.8 0 0 0 0 0 3.4000000000000004 0 0 0 0 0 0.4 0 0 0 0 0 0 0 2.2 0 0 0 0 0 0 0 0 0 0 0 0 0 0 0 0 0 0 0 0 0 0.6000000000000001 0 0.6000000000000001 0.6000000000000001 0.2 0 1 0 0 0 0 0 0 0 0 0 0 0 0 0 0 0 0 0 0 0 0 0 0 0 0 0 2.8000000000000003 0 0 0 
 0.2 0 0.4 0 0 0 0 0.2 1.4000000000000001 0 0 0 2 0 0 0 0 0 0 0.6000000000000001 22 29.6 98.80000000000001 55.6 34.6 20.8 70.2 65.4 47.400000000000006 0 49.2 25.8 52.400000000000006 47 69.8 50.6 29.400000000000002 95 14.4 11.4 0 6.800000000000001 0 0.2 0.6000000000000001 0.2 0.6000000000000001 0 0.2 0 1 0 0 0.6000000000000001 0 0 0.2 0 12.600000000000001 0.4 0.6000000000000001 0.8 0.8 2.6 0 11.200000000000001 5.2 0.6000000000000001 0 0.6000000000000001 0 0 11.200000000000001 0 0 0.2 0 0 0.6000000000000001 0 0 0 0 0 0 0 0 1.6 0 0 0 0 0 0 0.6000000000000001 0 0 0 0 0 0 2.8000000000000003 0 4 14.4 0 0 0 1.6 12 0 3.6 0 0 1.6 5.6000000000000005 0 2.4000000000000004 0 2.4000000000000004 0 0 0 0 0 0 0 0 0 0 0 0 0 0 0 0 0 0 4 3 0 0 0 0 0 0 0 0 0 0 0 0 0 0 1.8 0 0 0 0 0 0 0 0 0 0 0 0 0 0 0 0 4.4 0 0 0 0 0 0 0.6000000000000001 0 3 1.6 7 3.4000000000000004 2.8000000000000003 3 2.2 0 5.800000000000001 3.8000000000000003 0 1.8 0 0 4.6000000000000005 4.800000000000001 4 4.4 0 0 0 0 0 0 0 0 4.2 0 0 0 0 0 0 0.2 2.4000000000000004 0 1.8 0 1.8 0 0 0 0 0 0 0 0 0 0 0 0 0 0 0 0 0 0 0 0 0 0 0 0 0 0 0.2 0 0 0 0 0 0 0 0 1 0 0 2.4000000000000004 15.200000000000001 0.4 0.6000000000000001 3 0 0 0 0 1.6 0 0 0 0 0 0 0 0 0.6000000000000001 0 0.6000000000000001 0 8.8 0 1.2000000000000002 0 0 0 0 3.6 0 0 0 
