 0 42.6 41.400000000000006 30 48 7 19.200000000000003 11.8 57 57.800000000000004 6.2 6.800000000000001 57.2 43.800000000000004 29.400000000000002 71.4 9.200000000000001 22.6 31.6 7.6000000000000005 0.8 0 0.6000000000000001 0 0.8 0 14.4 0.8 0 0 0.2 1 0 0 0.2 0 0 0 4 0.4 0 0 0.4 0 0 0 0 0 0 0 0 0 0.6000000000000001 0 0 0 0 0 0.4 0 9 0 0 0.4 0 0 0 0 0 0 0 0 0.6000000000000001 1 0 0.8 0 0 0.6000000000000001 0 4.4 4.2 2.6 0 0.4 0 0.2 3.4000000000000004 3.8000000000000003 0.6000000000000001 2.2 0 3.8000000000000003 5.6000000000000005 0 2.8000000000000003 0.8 0 6.800000000000001 4.6000000000000005 0 0 0 0.4 0 0 0.2 0 0 0 0 0 0 0 0 0 0 0 0 0 0 0 0 0 0 0.2 0 0 0 0 0 0 0 0 0 0 0 0 0.2 0 0 0 0 0 0 0 0 0 0 0 0 0.4 1.2000000000000002 0 0 0 0 0 0 0 0 4.800000000000001 0 2.2 0 0 2.2 2.8000000000000003 3.8000000000000003 0 0 0 9.8 6 1.2000000000000002 0 0 0 0 7.800000000000001 0 0 0 0 0 0 0 0 0 0 0 0 0 0 0 0 0 0 1.8 0 0 0.4 0 0 0.4 0 0.4 0 0 0 0 0 0 0 0 0 0.2 0 0 0 0 0 0 0.2 0 0 0 0 0 0 0 0 0 0 0 0 0 0 0 0 0 1.8 0 0 0 0.4 0 0 0 0 0 0.8 0.4 0 0 0 0 0 0 0 0 0 0 0 0 0 0 0 0 0 0 0 0 0 0 2.2 0 0 0 0 0 0 0 0 0 0 0 0 0 0 
 42.6 0 44.6 28.8 27.8 47.800000000000004 49.2 16.6 26.6 57.400000000000006 6.6000000000000005 29.400000000000002 66.4 26 58.800000000000004 29.6 43.800000000000004 105.80000000000001 32.6 16.2 2.8000000000000003 0.4 1 0.8 0.8 0 0 1 0 0.2 0 0.6000000000000001 0 0.8 1 1.6 1.2000000000000002 15.4 0 0.6000000000000001 0 0 0.4 0.6000000000000001 0 0.6000000000000001 0 0 0 0 0.4 0 1 0 1 0.4 0.8 0 0.8 0.6000000000000001 0 0 0 1.2000000000000002 0 0 0 0 0 0.6000000000000001 0 0.6000000000000001 0.6000000000000001 0 0 0 0 0 1 0 2.8000000000000003 7.4 0 11.600000000000001 2.6 0 0.2 4 7.800000000000001 9.200000000000001 5.6000000000000005 2.6 2 5.800000000000001 0.2 5 6.4 0 0.4 0 0 0 0 0.4 0 0 0 0 0 0 0 0 0 0 0 0 0 0 0 0 0 0 0 0 0 0 0 0 0 0 0 0 0 0 0 0 0 0 0.2 0 0 0 0 0 0 0 0 0 0 0 0 0.4 1.4000000000000001 0 0 0 0 0 0 0 0 6 0 2 0 0 2 9 0.6000000000000001 2.8000000000000003 0 0 2.8000000000000003 7.2 0.2 0 4.2 0 0 2.6 0 0 0 0 0 0 0 0 2.6 0 0 0 0 0 0 0 0 0 3.4000000000000004 0 0 0.4 0 0 0.4 0 0.4 0 0 0 0 0 0 0 0 0 0.2 0 0 1.6 0.2 0 0 0.2 0 0 0 0 0 0 0 0 0 0 0 0 0 0 0 0 0 0 0 0 0 0 0 0 0 0.4 0 1.6 0 0 0 0 0 0 0 0 0 0 0 0 0 0 0 0 0 0 0 0 0 0 0 2 0 0 0 0 0 0 0 0 0 0 0 0 0 0 
 41.400000000000006 44.6 0 22.400000000000002 12.4 6.4 55.400000000000006 37.2 31.400000000000002 12 35.6 26.200000000000003 35.4 27.400000000000002 42 51.2 48 12.600000000000001 71.8 10.600000000000001 0.4 0.2 0.6000000000000001 0 0.4 0 0 0.6000000000000001 0.2 0 0 0.6000000000000001 5.4 0 0 0.4 0 0.4 0 30.8 0 0 0.6000000000000001 0 0 0 0 0 0 0 0 0 0.6000000000000001 0 0 0 0 0 0.4 0 0 0 0 0.6000000000000001 5.800000000000001 0 0 1.2000000000000002 0 0 1.2000000000000002 0 0.6000000000000001 0 0 0 0 0 1 0 0 1.6 3.4000000000000004 7 2.8000000000000003 0 0.2 4.6000000000000005 5.4 8.6 1.4000000000000001 0.4 6 0 2.8000000000000003 3.6 2.8000000000000003 4 3.6 0 0 0 0 0 0.4 0 0 4 0 0.4 0 2 1.8 0.2 0 0 0 1.4000000000000001 3.2 3.8000000000000003 0.4 0 0 0 0 0 0 0 0 0 0 0 0 0 0 0 0 0 0 0 0 0.2 0 0 0 0 0.2 0 0 0 0.2 3.4000000000000004 0 0 0 0 0 0 0 0 2 3.4000000000000004 2.6 0 3 0 0.8 1.4000000000000001 3.2 0.4 0 7 0 6.800000000000001 1.8 2 2.6 0 2 2 0 0 0 0 0 0 0 0 3.8000000000000003 0 0 0 0 2 0 0 0 0 3.6 0 0 0 0.4 0 0 0 0 0 3 0 0 0.4 0 0 0 0 0 0 0 0 0 0 0 0 0 0 0 0 0.6000000000000001 0.4 0 0 0 0 0 0 0 0 0 0 0 2.4000000000000004 0 0 0 0.4 0 0 0.8 18 0 2.6 0.6000000000000001 0 0 0 0 0 0 0 0 0 0 0 0 0 0 0 0 0 0 0 0 0 0 4.800000000000001 0 2.8000000000000003 0 0 0 0 0 0 0 0 0 0 0 0 
 30 28.8 22.400000000000002 0 37.4 52.400000000000006 14.8 13.4 97.2 52 27.8 29.6 106.2 23.400000000000002 17.8 14 6.800000000000001 25.6 17.2 53.400000000000006 0.4 0 0.6000000000000001 0 0.4 0 0.4 0.6000000000000001 0.2 0 0 0.6000000000000001 30 0 0 0 0.4 0 0.6000000000000001 0.4 0 0 0.4 0 0 17.2 6.2 0 0 0 0 0 16 0 0.4 0 0 0 0.4 0 0 0 0 0.2 0 0 0 0 0 0 0 0 0.6000000000000001 0 0 0 0 0 0.6000000000000001 0 4 2.8000000000000003 3.4000000000000004 1.2000000000000002 2.4000000000000004 0.2 2.6 0 4.4 8 4 0 0 3.6 0 4.2 11 1.8 0 0 0 0 0 0 0 0 2 0 0 0 0 0 0 0 0 0 0 0 3.2 0 0 0 0 0 0 0 0 0 0 0 0 0 2.6 0 0 0 0 0 1.8 0 0 0 0 0 0 0 0 0 0 0 0.2 0 2 0 0 0 0 0 0 0 0.8 0 3.4000000000000004 3.4000000000000004 0 1.8 0.2 1.6 0.4 4 7.2 3.2 0.2 0.2 0 3.4000000000000004 1.6 5.4 0 0 0 8.6 0 0 6.4 0 0.6000000000000001 0 0 0 0 0 1.6 0.4 0 0 0 0 0 2 0 0 0 0 0 0 0 0 0.2 0 0 0.4 0 0 2.8000000000000003 0 0 0 0 0 0 0 0 0 0 0 0 0 0 0.2 0 0 0 0.2 0 0 0 0 0 0 0 0 0 0 0 0 2.6 0 17.6 0.4 0 1.2000000000000002 0.4 0 0 0 0 0 0 0 0 0 3.2 0 0 0 0 0 0 0 0 0 0 0 0 0.2 2.6 0 0 0 0 0 0 0 0 0 0 0 0 0 
 48 27.8 12.4 37.4 0 36.800000000000004 11.200000000000001 17.6 62 40.800000000000004 15.4 8.200000000000001 66 30 31.6 57.400000000000006 72.8 29.6 12 15.8 0.4 0.8 0.6000000000000001 0 0.4 15 0 1 0 0 0 0.6000000000000001 14.4 0 1.2000000000000002 0 0.8 0 0.2 15.4 0 0 0.4 1.2000000000000002 0 1.2000000000000002 0 0 0 1.4000000000000001 0.8 6.800000000000001 1.4000000000000001 0 1.2000000000000002 0.8 0.8 0 0.4 0 0 0 0 1.8 0 0 0 0 0 1.2000000000000002 0 1.2000000000000002 0.6000000000000001 0 0 0 0 0 1.4000000000000001 0 0 0.2 7.2 6.800000000000001 0 4.6000000000000005 0 4.800000000000001 0 10.200000000000001 0 3.8000000000000003 0 0 3.2 2.8000000000000003 3.6 4 3.8000000000000003 0 0 0 0 0 0 0 0.2 0 0 0 0 0 0.8 1.4000000000000001 0.2 0 0 0.2 4 2 3 0 0 0 0 0 0 0 0 0 0 0 0 0 0 0 0 0 0 0 1.8 0 0 0 0 0 0 0 0 0 0 0 0 0 0 0 0 0 0 0 0 0 4.6000000000000005 5.800000000000001 2.4000000000000004 4.6000000000000005 0 2.8000000000000003 3.4000000000000004 5 6.800000000000001 5.6000000000000005 0 0.8 3.6 2.6 6.2 2.2 0 0 0 2.6 0 3 0 0 4.2 0 0 0 0.4 0 5.4 3.4000000000000004 0 0 0 0 8.200000000000001 0 0 0 0 0 0 0 0 0 0 0 0 0 0.2 0 2.6 0 0 0 0 0.2 0 0 0 0 0.4 0.2 0 0 0.4 0 0 0 0 0 0 0 0 0 0 0 0 0 0 0 0 0.6000000000000001 1.2000000000000002 0 0.6000000000000001 0.4 0.6000000000000001 1.2000000000000002 0 0 0 0 0 0 0 0 0 0 0 0 0 0 0 0 0 0 0 0 0 0 0 0 2 0 0 0 0 0 0 0 0 0 0 0 0 0 
 7 47.800000000000004 6.4 52.400000000000006 36.800000000000004 0 47.2 8 28.8 55.800000000000004 51.800000000000004 70.4 9.4 6.4 10.200000000000001 31.200000000000003 13.200000000000001 9.600000000000001 12.200000000000001 88.4 18.6 22.200000000000003 15.8 0.2 0.4 0.2 0 15.200000000000001 0.2 0 0 15.4 15.200000000000001 3.6 15.8 0 15 0 38 15.200000000000001 0 1 0.8 0 0 0 0 0 0 0 0 0 0.6000000000000001 0 0 0 0 0 0.4 0 0 0 0 0 0 6 0 0 0 0 0 0 10.4 0 0 0 0 0 0.4 0 0 0 4.4 0 1.4000000000000001 8 0 0 0 3.4000000000000004 0 0 0 0 0 0 0 1.8 0 0 0 2.6 0 2.2 0 15.200000000000001 8.6 2.2 8.8 0 0 0 0 3 8.4 8.200000000000001 0 0 15.600000000000001 2 0.2 0 3.2 0 0 0 0 0 0 0 0 0 0 0 0 0 0 0 8.8 0 0 0 0 0 0 0 0 0 0 0 0 6.6000000000000005 0.4 0 0 0 0 0 0 0 0 0 0 0.2 1.6 2.6 0 0 0.4 5.6000000000000005 5.4 1 0 0.4 0 0 0 11.200000000000001 0 0 4.2 2 4.6000000000000005 0 0 0 9.200000000000001 16 0 2.2 0 2.8000000000000003 5.800000000000001 2 4.4 2.4000000000000004 0 3.8000000000000003 0.2 4.2 0 0 0 0 1.4000000000000001 2.8000000000000003 0 0 0 0 0 0 0 0 0 0 0 0 0 0 0 0 0 0 0 0 0 0 0 0 0 0 0 0 0 0 0 0 0.2 0 0 0 0 0 0 0.4 0.2 0 17.8 0 1 0.8 0.2 0 0 0 0 0 0 0 0 0 0 0 0 0 0 0 0 0 0 0 0 0 0 0 5.4 0 0 0 0 0 0 0 0 0 0 0 0 0 
 19.200000000000003 49.2 55.400000000000006 14.8 11.200000000000001 47.2 0 47.800000000000004 41 52.800000000000004 19.8 6.2 64.4 16 10.600000000000001 29.6 85.4 8.6 9.200000000000001 10.200000000000001 0.4 0.4 0.6000000000000001 0 0.8 0 0 0.6000000000000001 0.2 0 0 0.6000000000000001 0.2 0 0 0.4 0 0.4 0 0.6000000000000001 0 0 0.4 0 0 0 0 0 0 0 0 0 0.6000000000000001 0 0 0 0 0 0.4 0 0 0 0 0.6000000000000001 0 0 0 0 0 0 0 0 0.6000000000000001 0 0 0 0 0 0.6000000000000001 0 16.6 2.2 0.4 5.6000000000000005 0 0 6.4 0 4.2 1.6 2.2 0 2 0 10.4 7.6000000000000005 10 0 5 2 0 0 0 0 0 0 0 0 0 0 0 0.4 0 0 0 0 0 0 0 4.4 0 0 0 0 0 0 0 0 0 0 0 0.2 0 0 0 0 0 0 2.8000000000000003 0 0 0 0 0 0 0 2.8000000000000003 0 0 0 0 0 2.2 0 0 0 0 0 0 0 0.8 6.2 3.8000000000000003 0.4 0 0 0 3.4000000000000004 0.6000000000000001 3.2 0 0 0.2 3.6 0 0 4 0 2 0.2 0 0 0 0 0 0 0 0 0 0 0 0 0 0 0 0 0 0 0 0 0 0 0 0 0 1.6 0 0 0 0 2.6 0 0 0 0 0 0 0 0 0 0 0 0 0 0 0 0 0 0 0 0 0 0 0 0 0 0 0 0 0 0 0 0 0 0.2 0.8 0.2 0 0.6000000000000001 0 0.2 0 0 0 0.2 0 0 0 0 0 2.2 0 0 0 0 0 0 0 0 0 0 0 0 0 0 2.2 0 4.4 0 0 0 0 0 0 0 0 0 0 0 0 
 11.8 16.6 37.2 13.4 17.6 8 47.800000000000004 0 47.2 7 7.6000000000000005 7.6000000000000005 42.6 60.400000000000006 7.2 20.200000000000003 22.6 7 27 10.4 1 0 0.6000000000000001 0 0.4 0 0 0.6000000000000001 0 0 0 0.8 0 0 0 15.200000000000001 0 0 0 0.8 0 0 0.4 0 0 0 0 0 0 0 0 0 0.6000000000000001 0 0 0 6 0 0.4 0 0 0 0 0.6000000000000001 0 0 0 0 0 0 0 0 0.6000000000000001 0 0 0.6000000000000001 0 0 0.6000000000000001 0 3.6 2 2.2 5.6000000000000005 0 2.2 0 0 2 2.6 5.2 2.6 5.4 2.2 7.6000000000000005 3 9.200000000000001 0 1 0 0 0 0 0 0 0 0 0 0 0 0 0 0 1.6 0 0 1.8 0 0 0 0 0 0 0 0 0 0 0 0 0 0 0.6000000000000001 0 0 0 0 0 0 0 0 0 0 0 0 0 0 0 0 0 0 0 0 0 0 0 0 0 0 0 0 4 7.800000000000001 5.2 0 0 2 0 3.8000000000000003 0.2 5.6000000000000005 4 0 0 5.800000000000001 2.4000000000000004 1.4000000000000001 0 0.8 5.6000000000000005 0 0 0 0 0 0 0 0 0 0 0 0 0 2.2 6.2 0 0 0 0 1.4000000000000001 0 0 0 0 0 0 0 0 0 0 0 0 0 2.2 0 0 0 0 0 0 0 0 0 0 0 0 0 0 0 0 0 0 0 0 0 0 0 0 0 0 0 0 0 0 0 0 0.2 0 0.4 0 0.2 2.8000000000000003 0.6000000000000001 0 0.4 0 0 0 0 0 0 0 0 0 0 0 0 0.2 0 0 0 0 0 0 0 0 2 0.2 4 0 0 0 0 0 0 0 0 0 0 0 0 
 57 26.6 31.400000000000002 97.2 62 28.8 41 47.2 0 51 24.200000000000003 9.200000000000001 39.6 29.6 15.200000000000001 32.4 32.800000000000004 23.400000000000002 38 23.8 0.4 0.4 1 0.4 0.4 0 0 0.6000000000000001 0 0.6000000000000001 0.6000000000000001 0.6000000000000001 0 0 0.6000000000000001 0 0.4 0 0 0.8 0 0 0.4 0.6000000000000001 0 0.6000000000000001 0 0 0 0 0.4 0 1 0 0.6000000000000001 0.4 0 0 0.4 0 0 0 0 1.2000000000000002 0 0 0 0 0 0.6000000000000001 0 0.6000000000000001 9.600000000000001 1.4000000000000001 0 0 0 0 1 0 6.4 4 2.6 1.6 2 0.4 0 3.2 2.2 2.6 0.4 0.2 0 0 2 5.4 7.2 0.2 0 0 0 0 0 0 0 0 0 0 0 0 0 0 0 0 0.2 0 0 0 2.6 0 0 2.4000000000000004 0 0 0 0 0 0 0 0 0 0 0 0 0 0 0 0.4 0 0.4 0 0 0.4 0 0 0 0 0 0 0.2 0 0 0.2 0 0 0 0 0 0 0 4.6000000000000005 8.6 7 0 0.2 4.2 8.6 4 0.2 4.800000000000001 2 0 0 0 0 2.4000000000000004 1.6 1.6 1.2000000000000002 0 0 4 2.8000000000000003 0 0 0 2 0 0 0 0 0 2 2.8000000000000003 0 0.4 0 0 0 0 0 0 0 0.4 0 0 0 0 0 0.2 0 0 0 0 0 0 0 0 0 0 0 0 0 0 0 0 0 0 0 1.6 0 0 1.8 0 0 0 0 0 4.800000000000001 0 0 0 0 0 0 0.8 0.4 0.4 0.6000000000000001 0 0.4 0.6000000000000001 0 0 0 0 0 0 0 0 0 0 0 0 0 0 0 0 0 0 0 0 0 0 0 2.2 2.2 2.4000000000000004 0 0 0 0 0 0 0 0 0 0 0 0 
 57.800000000000004 57.400000000000006 12 52 40.800000000000004 55.800000000000004 52.800000000000004 7 51 0 57.6 15 34.4 10.8 14.4 61.800000000000004 30.6 93.60000000000001 37 32.4 16 0 0.6000000000000001 0 0.6000000000000001 0 0.4 0.6000000000000001 0 0 0 0.6000000000000001 15 14.8 0.2 0 0 0 15.200000000000001 0.4 0 0 0.4 0 0 0 0 0 0 0 0 0 0.6000000000000001 0 0 0 0 0 0.4 0 0 0 0 0.6000000000000001 0 0 0 0 0 0 0 0 0.6000000000000001 0 0 0 0 0 0.6000000000000001 0 1.8 2 5.800000000000001 0 4.800000000000001 4.800000000000001 2.2 2.4000000000000004 3 2.2 2.6 0.2 0.2 0.6000000000000001 2 0 0 2.2 0 0.4 0 3.2 0 0 0 0 4.2 4.2 2 0 0 0 4 4.2 7.2 2 0 0 1.8 0.4 3 0 0 0 0 0 0 0 0 0 0 0 0 2.4000000000000004 0 0 0 0 2 0 0 0 0 0 0 0 0 0 0 0 0 0 0 0 0 0.4 0 0 0 0 2.4000000000000004 1.4000000000000001 0 7.4 6.6000000000000005 2.6 3.2 2.6 0.4 2 6.6000000000000005 3.6 0 0.6000000000000001 0.6000000000000001 0.6000000000000001 6.6000000000000005 4.4 0 0 2.4000000000000004 2.8000000000000003 0 0 0 0 4.4 3.8000000000000003 3.4000000000000004 0 0 0 3.8000000000000003 0.2 0.8 0 0 0 1.6 0 0 0 0 0 0 0 0 0 0 0 0 2.8000000000000003 0 0 0 0 0 0 0 0 0 0 0 0 0 0.2 0 0 0 2 0 0 0 0 0 0 0 0 0 0 0 0 0 0 0 0.4 18.6 0 17.400000000000002 18.2 0 1.2000000000000002 0 0 0 0 0 0 0 0 12.4 0 0 0 0 0 0 0 0 0 0 0 0 0 0 1.8 6.800000000000001 0 0 0 0 0 0 0 0 0 0 0 0 0 
 6.2 6.6000000000000005 35.6 27.8 15.4 51.800000000000004 19.8 7.6000000000000005 24.200000000000003 57.6 0 45.2 25.8 7.4 13.600000000000001 17.8 38.2 8.8 31.8 15.8 4.2 15.600000000000001 0.6000000000000001 0 0.4 0.2 14.8 0.6000000000000001 0 0 0 0.6000000000000001 5.4 18.2 0 0 14.8 0 31.200000000000003 7.4 0 0 0.4 0 0 0 0 0 12.8 0 0 0.2 0.6000000000000001 0 0 0 0 0 0.4 0 0 0 0 0 0 0 0 0.4 0 0 0.8 0.6000000000000001 0.6000000000000001 0 0 0 0 0 0.4 0 2 1.8 7 0 4.800000000000001 0.2 0 2.4000000000000004 0 4.6000000000000005 0.2 0.2 0 0 5 0 0 0 0 0 0 2.4000000000000004 0.2 2.6 0 0 4.800000000000001 3.6 3.8000000000000003 2.6 0 0 6.2 1.8 7.6000000000000005 2.4000000000000004 0 0 3.6 0 0.2 0 0 0 0 0.4 0 0 0 0 0 0 0 0 0 0 0 0 0.4 0 0 0 0 0 0 0 0 0 0 0 0 0.2 1.2000000000000002 0 0 0.2 0 0 0 0.4 2.4000000000000004 1.6 0 0.2 8 0.2 2.6 0 0 2.2 0.2 11 0 0 0.2 0.2 3.2 0 0 1.6 2 3.6 0 0 1 0 7.6000000000000005 2.8000000000000003 2.6 0 0 0 4.800000000000001 3.8000000000000003 5 0 0 3.4000000000000004 4 1.4000000000000001 0 0.2 0 0 0 0 0.2 0 0 0 0 0 0 0 0 0 0 0 0 0 0 0 0 0.4 0 0 0 0 0 0 0 0 0 0 0 0 0 0 0 0 0 0 0 0 0 1.2000000000000002 0.2 0 1.2000000000000002 18.8 0 2.2 2 0 0 0 0 0 0 0 0 0 0 0 0 0 0 0 0 0 0 0 0 0 10.200000000000001 0 3.2 0 0 0 0 0 0 0 0 0 0 0 0 0 
 6.800000000000001 29.400000000000002 26.200000000000003 29.6 8.200000000000001 70.4 6.2 7.6000000000000005 9.200000000000001 15 45.2 0 14.4 7.2 8.200000000000001 15.600000000000001 54.6 19.6 47 46.6 15 14.8 0.6000000000000001 0 0.4 0.2 0 0.8 14.8 42.2 0 0.6000000000000001 18.8 14.600000000000001 14.8 15 0 0 0.2 30.200000000000003 0 0 0.4 0 0 0.8 0 0 0 0 0 0 0.6000000000000001 12.4 0 0 0 0 0.4 0 0 0 0 0 0 0 0 12.600000000000001 0 0 2.6 0 0.6000000000000001 0 0 0 0 0 0.4 0 2.6 0 9.8 4 5.4 2 3.4000000000000004 0 2 3.6 0 0 0 0 0.2 1.2000000000000002 4 4.6000000000000005 0 0 0 2.8000000000000003 0 0 0 0 0 8.200000000000001 3.2 1.6 0.4 0 8.8 5.4 4 0.2 0 0 6.2 4.6000000000000005 0 0 0 0 0 0 0 0 2.4000000000000004 0 0 0 0 0 0 0 5.2 0 0 0 0 0 0 0 0 0 0 0 0 0 0 0 0 0 0 1 0 0 0 0 4 0 2 2.2 7.2 5.6000000000000005 0 4 0 0 2.4000000000000004 5.4 0 7.6000000000000005 0 2 3.8000000000000003 0 0 0 2.2 1.8 0 0 0 0 3.6 3 8.200000000000001 1.8 0.2 0.2 5.2 6.6000000000000005 0 3 1.8 0 0.2 4.2 0 0 0 0 0 0.4 0 2.4000000000000004 0 0 0 0 0 0 2.6 0 0 0 0 0 0 0 0 0 0 0 2.8000000000000003 0 0 0 0 0 0 0 0 0 0 0 0 0 0 0 0 0 0 0.2 17.400000000000002 0.2 0.4 35.6 0.4 2.4000000000000004 0.6000000000000001 0 0 0 0 0 0 0 0 0 3.4000000000000004 0 0 0 0 0 0 0 0 0 0 0 0 0 0 4.2 0 0 0 0 0 0 0 0 0 0 0 0 
 57.2 66.4 35.4 106.2 66 9.4 64.4 42.6 39.6 34.4 25.8 14.4 0 15 9 34.6 22.400000000000002 13.600000000000001 38.800000000000004 34 0.4 0.4 16.6 0 0.6000000000000001 0 0 0.6000000000000001 15 0 0 1 0 0 1 0 0.4 0 0 0.4 0 4.2 0.4 0.8 4.2 0.6000000000000001 0 0 0 0 4.6000000000000005 0 1 0 0.6000000000000001 0.4 0.2 4.4 0.4 0 0 0 0 0.6000000000000001 0 0 0 1.2000000000000002 0 0.6000000000000001 0 0.6000000000000001 2.6 0.8 0 0 0 0 0.8 0 7 7 0.2 4.2 2 0 2.8000000000000003 3.4000000000000004 1.8 0 0.8 0 0 0 0 4.4 2.8000000000000003 0 2 3 0 0 0 0.4 0 0 0.2 0 0 0 0 0 0 0 0 0 0 0 0 0 0 0 0 0 0 0.2 0 0 0 0 0 0 0 0 0 0 0 0 0 0 0 0 0 0 0 0 0 0 0 0 0 0.4 0 0 0 0.4 0 7.6000000000000005 0 0.2 7.800000000000001 4.2 0 0.2 0.2 0 2.8000000000000003 8.200000000000001 0.4 0 0 0 0 3.2 0 0 4.4 0 2.6 0 0 0 0 0 0 0 0.4 0 0 0 0 0 0 0 0 0 0 0 0.2 0 0 0.4 0 0 0 0 0.4 0 0 0 0 0 0 0 0 0 0.2 0 0 0 0 0 0 0.2 0 0 0 0 0 0 0 0 0 0 0 0 0 0 0 0 0 0 0 0 0 0 0 0 0.4 0.4 0.4 0.8 0 0 0 0 0 0 0 0 0 0 4.4 0 0 0 0 0 0 0 0 0 0 0 0 0 0 0 0 0 0 0 0 0 0 0 0 0 0 0 
 43.800000000000004 26 27.400000000000002 23.400000000000002 30 6.4 16 60.400000000000006 29.6 10.8 7.4 7.2 15 0 60.400000000000006 7 66 24.6 29.6 23.6 0.8 0.6000000000000001 1.2000000000000002 0 0.6000000000000001 0.8 0 1.8 0.4 0 0 1.2000000000000002 0 0 0.4 0 0.6000000000000001 0 0.6000000000000001 0.6000000000000001 0 0 0.4 0.4 0 0.4 0 0 0 0.4 0.6000000000000001 0 1.2000000000000002 0 0.4 0.6000000000000001 0 0 0.4 0.4 0.6000000000000001 0 0.6000000000000001 1.2000000000000002 0 0 0.2 0.4 1.2000000000000002 0.6000000000000001 0 0.6000000000000001 1 0 0.6000000000000001 0 0 0 1 0.6000000000000001 6.800000000000001 6.4 0 5.800000000000001 1.8 0 0 7.6000000000000005 0 11 1.4000000000000001 2.2 5 10.4 3.8000000000000003 3.2 4.2 0 0.4 3.6 0 0 0 0 0 0 0 0 0 0 0 0 0 0 0 0 0 0 0 0 0 0 0 0 0 0 0 0 0 0 0 0 0 0 4.4 0 0 0 0 0 0 0 0 0 0 0 0 0 0 0 0 0 1.4000000000000001 0 0 0 0 0 0 0 4.6000000000000005 0 1.8 0 0 0 0.8 0.2 2.8000000000000003 3.2 0 0 4.2 0.6000000000000001 0 3.6 0.8 0 0 8.200000000000001 0 0 0 0 0 0 0 0 0 0 0 0 0 0 0 0 0 0 3 0 0 0 0 0 0 0 0 0 0 0 0 0 13.8 0 0 0 0 0 2.6 0 0 0 0 0 0 0 0 0 0 0 0 0 0 0 0 0 0 0 0 0 0 0 0 0 0 0.2 0 0 0 0.2 0 0.8 0 0 0 0 0 0 0 0 0 0 0 0 0 0 0 0 0 0 0 0 0 0 0 0 0 0 0 0 0 0 0 0 0 0 0 0 0 0 
 29.400000000000002 58.800000000000004 42 17.8 31.6 10.200000000000001 10.600000000000001 7.2 15.200000000000001 14.4 13.600000000000001 8.200000000000001 9 60.400000000000006 0 35 28.400000000000002 30.400000000000002 37.4 29.400000000000002 0.4 0 0.6000000000000001 0 0.8 0 0 0.6000000000000001 0 0 0 0.6000000000000001 14.8 0 0 0 0 0 0.2 15.4 0 0 0.4 0 0 0 0 0 0 0 0 0 0.6000000000000001 0 0 0 0 0 0.4 0 0 0 0 0.6000000000000001 0 7.2 16 0 0 0 0 0 0.6000000000000001 0 0 0 0 0 0.6000000000000001 0 5.6000000000000005 5.4 2 8 2 0 3 6 3.8000000000000003 12.200000000000001 1.8 3 2 5.6000000000000005 2.4000000000000004 5 7.2 1.8 0 0 0 0 0 0 0 0 0.4 0 0.2 0 3.8000000000000003 0 0 0 0 0 0 0 0 0 0 0 0 0 0 0 0 0 0 0 0 0 0 0 0 0 0 0 0 0 0 0 0 0 0 0 0 0 0 0 0 0 0.6000000000000001 0 0.2 0 0 0 0 0 0 1.8 4.800000000000001 4 2.8000000000000003 0 2 1 0.4 6.4 2.2 0 2.6 4.6000000000000005 4 1.8 8.200000000000001 0 0 2.6 0 0 0 0 0 0 0 0 0 0 0 0 0 0 0 0 0 0 4.800000000000001 0.4 0 0 0 0 0 0 0 0 0 0 0 0 0 0 2.8000000000000003 0 0 0 0 0 0 0 0 0 0 0 0 0 0 0 0 0 0 0 0 0 0 0 0.2 0 0 0 0 0 0 0 0.4 0 0.4 0 0 2.6 0 0 0 0 0 0 0 0 0 0 0 0 0 0 0 0 0 0.2 0 0 0 0 0 2 0 0 0 0 0 0 0 0 0 0 0 0 0 0 
 71.4 29.6 51.2 14 57.400000000000006 31.200000000000003 29.6 20.200000000000003 32.4 61.800000000000004 17.8 15.600000000000001 34.6 7 35 0 51.6 51.800000000000004 19.8 14 1 0 0.6000000000000001 0.6000000000000001 1 0 0 0.6000000000000001 0 0.8 0.4 0.8 0 0 0 0.2 0.4 0 15.200000000000001 8.8 0 0.4 0.4 0 1.2000000000000002 1.2000000000000002 0 0 0 12.200000000000001 1.2000000000000002 1.2000000000000002 1 0 0 0 1.2000000000000002 1.2000000000000002 0.4 0 0 0 0 0.6000000000000001 0 1.6 0 0 0 0 0 0.6000000000000001 0.6000000000000001 0 1.2000000000000002 0 0.4 0.6000000000000001 0.6000000000000001 0 1.2000000000000002 2.6 0 3.4000000000000004 2.8000000000000003 0 3.2 2.6 0 7 3 3.4000000000000004 0 3 0.2 1.6 6.4 1.6 3.6 0 0 0 0 0 0 0.2 0 0 0 0 0 0 1.6 1.2000000000000002 0 0 0 0 0 1.6 0.2 0 0 2.8000000000000003 0 0 0 0 0 0 0.2 0 0 0 0 0 0.4 0 0 0 0 0 0 0 0 0 0 0 0 0 0 0 0.4 0 0 0 0 0 0 0 0 12 2.2 0 0 0 0.2 9.8 3 0.4 1.8 0.2 0 2.6 0.6000000000000001 0 8.200000000000001 0 0 2.4000000000000004 0 0 0 0 0 0 0 0 0 0 0 0 3.4000000000000004 0 0 0 0 0 7.4 0 0 0 0 0 0 0 0 0 0 0 0 0 0 0 0 0 0 0 0 0 0 0 0 0 0 0 0 0 4.800000000000001 0 0 0 0 0 0 0 0 0 0 0.4 0 0.4 0 0 0 0 0.4 0.2 0 0 0 0.4 0 0.4 0 0 0 0 0 0 0 0 0 0 0 0 0 0 0 0 0 0 0 0.2 0 0 0 0 0 0 0 0 0 0 0 0 0 0 0 0 
 9.200000000000001 43.800000000000004 48 6.800000000000001 72.8 13.200000000000001 85.4 22.6 32.800000000000004 30.6 38.2 54.6 22.400000000000002 66 28.400000000000002 51.6 0 32.4 20.6 25.8 0.4 0 0.6000000000000001 0 0.4 0 41.2 0.6000000000000001 0.8 0 0.4 0.6000000000000001 0 0 0 0.2 0 0 0 15.600000000000001 6.4 0 0.4 0 0 0 0 13.200000000000001 0 0 0 0 0.6000000000000001 0 0 0 0 0 0.4 0 0 0 0 0.6000000000000001 0 0.4 0 1 0 0 2.6 0 0.6000000000000001 0 0 0 0 0.4 0.6000000000000001 0 0 2.4000000000000004 6.6000000000000005 8 6.800000000000001 3.2 0 2.4000000000000004 2 7.4 2 2 0 0 0 3 7 6.800000000000001 0.2 0 0 0.6000000000000001 0 0 0 0 6.2 3.6 0.2 0 0 0 8.200000000000001 0.8 0 0 0 0 0 2.2 11.4 0 0 0 0 0 0 0 0 0 0 0 0 0 0 0 0 0 0 0 0 0 0 0 0 0 0 0 0 0 0 0 0 0 4.800000000000001 0 0 0 0 0 0 2.8000000000000003 0 2 2 0 0.2 5 4.2 0 4 5.800000000000001 0 5.6000000000000005 0.4 0 6 0 0 1.2000000000000002 0 0 0 0 0 0 0.2 5.4 3 0.4 0.4 4 0 2.4000000000000004 2.2 0 0 0 0.4 0 0 0 0 0 0 0 0 0 0 0 0 0 0 0 0.2 0 0 0 0 0 0 0 0 0 0.4 0.2 0 0 0.4 0 0 0 0 0 0 0 0 0 0 0 0 1.8 0 0 0 0 0 0 0.2 17.8 0.8 1 2.8000000000000003 0 0 0 0 0 0 0 0 0 0 0 0 0 0 0 0 0 0 0 0 0 0 0 0 0 0 0 0 0 0 0 0 0 0 0 0 0 
 22.6 105.80000000000001 12.600000000000001 25.6 29.6 9.600000000000001 8.6 7 23.400000000000002 93.60000000000001 8.8 19.6 13.600000000000001 24.6 30.400000000000002 51.800000000000004 32.4 0 8.6 53.400000000000006 1.2000000000000002 0 0.6000000000000001 0.4 0.6000000000000001 0 0 0.6000000000000001 0 0 0 1.2000000000000002 22 0 0 0.4 0.4 0 0.4 1.2000000000000002 0 0.2 0.4 0 0 0 0 0 0.2 0 0 0 0.6000000000000001 0 0.2 1.2000000000000002 0 0 0.4 0 0 0 0 0.6000000000000001 0 0 0 0 0 0 0.2 0 0.6000000000000001 0 0 0 0 0 0.6000000000000001 0 0 5 0 3 4.2 8.6 0 2.6 14.200000000000001 0.6000000000000001 3.4000000000000004 2 3.8000000000000003 3.6 3.2 0 7.4 6.800000000000001 0 0 0 0 0.2 0 0 0 3.4000000000000004 0 0.2 0 0 0 3.4000000000000004 0.2 0 0 0 0 0 2.6 3 0.2 0 0 0.2 0 0 0.2 0 0 0 0 0 0.2 0.4 0 0 0 0.4 0 0 0 0 0 0 0 0 0 0 0 0 2.2 0 0 0 0 0 0 0 0 0 4.4 5.2 10 2.2 2 1.2000000000000002 0 7.4 0 2.4000000000000004 5.6000000000000005 0.4 0.2 3.8000000000000003 1.2000000000000002 3.4000000000000004 0.4 0.2 0 0 2 0 0 0 0.2 0 0 0 0 0 0 0 0.2 9.200000000000001 0 0 0.2 0.4 1.6 0 0 0 3.4000000000000004 0 0 0 0 0 0 0 0 0 0 2.4000000000000004 0 0 0 0 0 0 0 0 2.2 0 0 0 0 0 0 0 0 0 0 0 0.2 0 0.2 0 0 0 0 0 0 0 0 9.200000000000001 0 0 0.8 0 0.2 0.4 0 0 0 0 0 0 0 0 0 14 0 0 0 0 0 0 0 0 0 0 0 0 1.6 0 0 0 0 0 0 0 0 0 0 0 0 0 0 
 31.6 32.6 71.8 17.2 12 12.200000000000001 9.200000000000001 27 38 37 31.8 47 38.800000000000004 29.6 37.4 19.8 20.6 8.6 0 20.6 1.6 0 0.6000000000000001 0.6000000000000001 0.6000000000000001 0.4 0 1.4000000000000001 0 40.2 0 1 0.4 0 0.2 0 0.6000000000000001 0 0.8 0.6000000000000001 0 0 0.4 0 0 0 0 0 0 0 0 0.4 0.6000000000000001 0.2 0 0 0 0 0.4 0.6000000000000001 0 0.6000000000000001 0 0.6000000000000001 0 0 0 0 0 0 0.4 1.2000000000000002 9.600000000000001 0.4 0 0 0 0.4 0.6000000000000001 0 2 4.6000000000000005 6 2.6 0 0 0 6.800000000000001 3.6 1.4000000000000001 1.8 0 6.6000000000000005 3 3 4.4 2.8000000000000003 0 0 6.2 0 0 0 0 0 0.2 0 0 0 0 0 0 0 0 0 0 0 0 0 0 0 0 0 0 0 0 0 0 0 0 0 0 0 0 0 0 0 0 0 0 0 0 0 0 0 0 0 0 0 0 0 0 0 0 0 0 0 0 0.6000000000000001 1 2.4000000000000004 5.800000000000001 3.2 0 0 0 4 1.6 4.6000000000000005 0 0 0 10.200000000000001 3.8000000000000003 1.8 3.6 0 2.8000000000000003 2.4000000000000004 5.6000000000000005 0 0 0 0 0 0 0 0 0 0 0 0 0 0 0 0 0 0 0 0 0 0 0 0 0 0 0 0 0 0 0 0 0 0 0 0 0 0 0 0 0 0 0 0 0 0 0 0 0 2.8000000000000003 0 0 0 0 0 0 0 0 0 0 0 1.6 0 0 0 0 0 0.4 0.4 0 0 1.2000000000000002 0 0 0 0 0 0 0 0.2 0 0 0 0 0 0 0 0 0 0 0 0 0 0 0 3.4000000000000004 0 0 0 0 0 0 0 0 0 0 0 0 0 0.4 
 7.6000000000000005 16.2 10.600000000000001 53.400000000000006 15.8 88.4 10.200000000000001 10.4 23.8 32.4 15.8 46.6 34 23.6 29.400000000000002 14 25.8 53.400000000000006 20.6 0 0.4 0.4 2.2 0 0.6000000000000001 0.4 0.2 0.6000000000000001 0 0 0 0.8 0 0 0.4 0.4 0 0.2 0 0.4 0 0 1 0 8.4 0 0 0 0 0 0 0 0.6000000000000001 0 0 0 1 0 0.4 0 0 0 0 0.2 0.8 0 0 0 0 8.4 0 0 0.6000000000000001 6.6000000000000005 0 1.2000000000000002 0 0 0.6000000000000001 0 0 1.2000000000000002 5 0.2 2.8000000000000003 0 12.200000000000001 1 5.6000000000000005 0 6.6000000000000005 0 0.2 4 2.6 3.8000000000000003 10 5 0 1.8 0 0 0 0 0 0 0 0 0.6000000000000001 0 0 0 0 0 0.4 0.4 0 0 0 0 0 0 0 0 0 0 0 0 0 0 0 0 0 0 0 0 0 0 0.2 0 0 0 0 0 0.2 0 0 0 0 0 0 0 0 0 0 0 0 0 0.8 0 0 2.2 2.6 5 6.4 0 4.4 4 5.6000000000000005 0 0 0 2.8000000000000003 0.4 2.2 0 4 6 0 2.6 0 0 0 0 0 0 0 0 0 0 0 0 0 0 0 0 0 0 0.2 0 0 0 0 0 0 0 0 0 1.8 0 0 0 0 0 0 0 0 0 0 0 0.4 0 0 0 0 0 0 0 0 0.2 0 0 0 0 0 0 0 0 0 0 0 0.2 0 0 0 0 0 0.2 0 0.4 0 4 0 0 0 0 0 0 0 0 0 0 0 0 0 0 0 0 0 0 0 0 0 0 0 2.8000000000000003 0 0 0 0 0 0 0 0 0 0 0 0 0 0 
 0.8 2.8000000000000003 0.4 0.4 0.4 18.6 0.4 1 0.4 16 4.2 15 0.4 0.8 0.4 1 0.4 1.2000000000000002 1.6 0.4 0 23 17 68.4 7.4 7.2 53 43.800000000000004 17.8 8.200000000000001 52 106.60000000000001 53.6 73.4 128.8 28.200000000000003 21 7.6000000000000005 66.8 12.600000000000001 0 1.2000000000000002 0.8 0.2 0 0 0 0 0.6000000000000001 0.6000000000000001 0 0 0 0 0.2 0.4 0.6000000000000001 0 1.2000000000000002 0 0 0 2.2 0 0.4 0 0 0 0 0 0.6000000000000001 0.4 0 0.6000000000000001 0 0 1 5.4 0 0 0 0 0 0 0 5.6000000000000005 0 0.2 2.2 0 0 0 0 0 0 0 0 0 0 0 6 4.800000000000001 5.6000000000000005 0 1.4000000000000001 2.2 2.8000000000000003 4.6000000000000005 3.6 2.6 3 1.6 0 5.800000000000001 4.2 2.6 1.4000000000000001 4.800000000000001 1.4000000000000001 0 2.2 0 0 0 0 0 0 0 0 0 0.4 0 0 0 0 0 0 0 2.4000000000000004 5 0.4 0 0 0 2.8000000000000003 0 0 0 0 0 0 0 0 0 0 0 0 0 0 0 0 0.2 0 0 2.6 0 0 0 0.2 0 0 0 0 0 0 0 0 2.6 0 0 3.8000000000000003 0.2 6.2 2.2 0 0 8.4 0 0 0.2 2.4000000000000004 1.2000000000000002 2.6 5 6.800000000000001 7.4 0 6.4 0 8 0.2 0 0 0 0 0 0 0 0.2 0 0 0 2.2 1.8 0 0 0 0 3 0 0 0 0 0 0 0 0 0 0 0 0 0 0 0 0 0 0 0 0 0 0 0 0 0 0 0 4 0 0 0 0 0 0 0 3.2 0.4 0.4 11.200000000000001 15 0.4 0.4 0.2 0 0 0 0 2.4000000000000004 0 0 0 0 0.4 0 0 0 0 0 0 0 0 0 0 0 0 0 0 1.8 0 0 0 
 0 0.4 0.2 0 0.8 22.200000000000003 0.4 0 0.4 0 15.600000000000001 14.8 0.4 0.6000000000000001 0 0 0 0 0 0.4 23 0 47.800000000000004 56.2 23 8 28.200000000000003 40.800000000000004 10.600000000000001 12.200000000000001 84.4 59.800000000000004 41 19.8 20.200000000000003 23.8 35.800000000000004 10.8 80.4 21.400000000000002 0.6000000000000001 0 7.800000000000001 0 0 0 0 0.4 23 0.6000000000000001 0.4 0 3.8000000000000003 0 10.8 0.6000000000000001 1.2000000000000002 0 0 2.6 0 0 0 0 0 0 0 0 0 0.6000000000000001 0 0 0 0.6000000000000001 0 0 1.2000000000000002 0 0 0 0 0 0.4 0 0 3.6 0 0 0 0 0 0 0 0 0 0 0 0 0 0 0 4.6000000000000005 0 2.4000000000000004 2.2 5.800000000000001 4.6000000000000005 0 4.800000000000001 0.2 2.8000000000000003 3 2.4000000000000004 0 2.2 0 3 1.6 6.2 2.2 3 0 0 0 0 0 0 0 0 0 0 0 0 0 0.2 0 0 0 1.8 0 0 0 0 2 0 0 0 0 0 0 0 0 0 0 0 1.2000000000000002 0 0 0 0 0 0 0 0 0.2 9 0 0 0.2 0 0.2 3.6 0 0 0 0 0 0 0 0 2.4000000000000004 0 0.2 0 0 0 2.8000000000000003 6.6000000000000005 0 8.6 0.2 2.4000000000000004 1 1.8 4.6000000000000005 4 5.4 2.8000000000000003 0.8 3.8000000000000003 0 0 0 0 0 0 0 0 0 0 0 0 1.8 0 0 0 0.2 0 0 0 0 0 0 0 0 0 0 0 0 0 0 0 0 0 0 0 0 0 0 0 0 0 0 0 0 0 0 0 14.8 0 0 0 0 0 2.4000000000000004 0 0 0 16.6 0.4 4.6000000000000005 6 0 0 0 0 0 0 0 0 0 0 0 0 0 0 0.4 0 0 0 0 0 0 0 0 0 0 0 0 0 
 0.6000000000000001 1 0.6000000000000001 0.6000000000000001 0.6000000000000001 15.8 0.6000000000000001 0.6000000000000001 1 0.6000000000000001 0.6000000000000001 0.6000000000000001 16.6 1.2000000000000002 0.6000000000000001 0.6000000000000001 0.6000000000000001 0.6000000000000001 0.6000000000000001 2.2 17 47.800000000000004 0 29.8 100 107.60000000000001 15.4 108.80000000000001 13 45.6 9.8 30 12.200000000000001 11 32.4 7.4 38.400000000000006 24.6 79 19.6 0 0.2 0.8 5.6000000000000005 0 0 12.8 0.2 0.6000000000000001 0 0 0 12.600000000000001 27 0.2 0 0.6000000000000001 0.6000000000000001 12.600000000000001 19.200000000000003 0.4 0.4 0.4 0.4 0 0.4 0 0 0.6000000000000001 0.4 0.4 0.4 0 0.8 0 0 3.8000000000000003 0 0 0 0 2.6 0 0 0 0.2 0 0 0 0 0 0 0 0 0 0 0 0 0 0 0.2 2 0 0 5.6000000000000005 2 2 0.4 0 0 6.800000000000001 1.6 3.6 0 0 2.2 0 3.8000000000000003 4.4 2.4000000000000004 2 0 0 0 0 0 3 0 0 0 0 0 2 0 0 0 0 0 0 2.4000000000000004 0 0 0 0 0 0 0 0 0 0 0 0 0 0 0 3.4000000000000004 0 0 0 0 0 0 0 0 0 3.6 0 0 0.4 0 0 0 0 0 0 0 0 0.6000000000000001 0 0 2.2 2.2 0.2 4.6000000000000005 4 7.800000000000001 0.2 2.4000000000000004 0 5 9.4 0 4 0 1.8 3.6 3.8000000000000003 3.6 0 0 6.800000000000001 0 0 0 0 0 12.4 1.6 3.4000000000000004 0 0 0 0 0.8 0 1 0 4.4 0 2.4000000000000004 0 0 0 0 0 0 0.2 0 0.6000000000000001 0 0 0 0 0 0 0 0 0 0 0 0 0 0 0 0 0 0 0 0.4 0 0 0 0 0 0.6000000000000001 0 3.6 0.2 0.2 0 1.8 4.2 0 0 0 0 0 0 0 0 0 0 0 0 0 0 0 0 0 0 0 0 0 0 0 0 0.2 0 0 0 
 0 0.8 0 0 0 0.2 0 0 0.4 0 0 0 0 0 0 0.6000000000000001 0 0.4 0.6000000000000001 0 68.4 56.2 29.8 0 51 7.800000000000001 33.4 29.8 38.6 47.2 68.4 70.4 14.8 17.8 24.8 58.400000000000006 67.60000000000001 116.4 55.800000000000004 14.4 0 0 0.4 0 0 0 12.4 10.4 0 0 0 0 12.4 41.2 0.2 0 0.6000000000000001 0 0 21.6 0 0 0 0 0 0 0 0 0.2 0 0 0 0 0.4 0 0 0.8 0.2 0 0 0 0 0 0 0 0 0 0 0 0 0 0 0 0 0 0 0 0 0 0 4.2 0 0 0.2 0.2 1 0 0 2.8000000000000003 0 7.2 2.8000000000000003 0 0 0 3.2 2.8000000000000003 4.6000000000000005 0.2 0 0 0 0 0 0 0 2.8000000000000003 0 0 0 2.2 0 0 0 4 0 0 2 10.600000000000001 4 0 0 0 0 2.6 0 0 0.4 0 0 0 0 0 0 0 0 0 0 0 1 0 0 0 0 0 0 0 0 0.4 0 0 0 0 0 0 0 0 0 0 0 3 0 6.2 5.800000000000001 8 8.4 3.2 0 0 2.2 4.4 2.2 0 0 2.8000000000000003 9.4 4.800000000000001 1.4000000000000001 0.2 0 2.6 3.8000000000000003 0.2 0 0 0 5.6000000000000005 1.4000000000000001 1.8 1.8 0 0 2.4000000000000004 0 0 0.2 0 2.2 0 8.6 0 0 0 0 0 0 0.2 0.2 0 0 0 0 0 0 0 0 0 0 0 0 0 0 0.2 0 0 0 0 0 0 0 0 0 0 0 2.6 0 0 15.200000000000001 0.2 0.4 0.4 0.4 0 0 0 0 3.2 0 0 0 0 0 0 0 0 0 0 0 0 0 0 3.4000000000000004 0 0 0 0 2.2 0 0 0 
 0.8 0.8 0.4 0.4 0.4 0.4 0.8 0.4 0.4 0.6000000000000001 0.4 0.4 0.6000000000000001 0.6000000000000001 0.8 1 0.4 0.6000000000000001 0.6000000000000001 0.6000000000000001 7.4 23 100 51 0 37 10.4 78.80000000000001 16.8 15 64 25 16.8 22.400000000000002 17 14.200000000000001 39.6 10.200000000000001 102.2 30.6 12.600000000000001 0 1.2000000000000002 0 0 0 12.200000000000001 12.4 0 14 0 0.2 11.8 4.800000000000001 13.8 0 0.8 0 10.8 13.200000000000001 0 0 0 0 0 0 0 0 0 0 0.4 0 0 0.8 0 0 0.6000000000000001 0 0 0 0 0 0 0 0 0 0 0 0 0 0 0.2 0 0 0 0 0 0 0 0 0 2.8000000000000003 1.6 1.4000000000000001 8.8 4.800000000000001 2.6 4 4.800000000000001 0 2 2.8000000000000003 1.8 0 2.2 7.2 2.8000000000000003 0 0 1.8 0 0 2 4 0 0 2.4000000000000004 0.2 4 0 3.8000000000000003 0.2 3.4000000000000004 4.4 0 1 0.4 2.6 1 3 0 0 0 0 0 0 0 0.6000000000000001 0 0.2 0 0 0 0 0 0 0 0 0 0 0 0 0 0 0 0 0.2 0 0 0 0 0.8 0 0 0 0 0 0 0 0.4 2.8000000000000003 0 0 5.800000000000001 1.8 7 0 2 0 0 3.6 2.6 0 0 7.2 0 1.6 1.8 0 0.2 12.600000000000001 0 0 0 0 0 4.6000000000000005 0 1.2000000000000002 0.6000000000000001 0.2 0 2.2 4.2 0 13 0 0 0.4 3.2 0 0 0 0 0 0 0 0 0 0 0 0 0.2 0 0 0 0 0 0 0 0 0 0 0 0 0 0 0 0 0 0 0 0 0.2 1.6 0 0 0 0.4 0.6000000000000001 8 0 0 0 0 0 0 0 0 0 3.6 0 0 0 0 0 0 0 0 0 0 0 0 0 0 0 0 0 0 0 
 0 0 0 0 15 0.2 0 0 0 0 0.2 0.2 0 0.8 0 0 0 0 0.4 0.4 7.2 8 107.60000000000001 7.800000000000001 37 0 8.6 52 11.600000000000001 27 32 74 8.4 10.8 10.600000000000001 9.600000000000001 24.400000000000002 14.600000000000001 11.200000000000001 9.600000000000001 26.8 21 26 0 0 0.4 17.400000000000002 0 0 4.2 0 1.6 19 1.4000000000000001 9.4 12.8 17.8 12.4 23.400000000000002 1.6 0 0 0 0 0 0 0 0 0 0.6000000000000001 0 0 0 0.8 0 0.4 1 0 0 8.200000000000001 0 0 0 0.2 0 0 0.4 0 0 0 0 0.4 0 0 0 0 0 0 0 0 0 0 0 0 2.8000000000000003 4.4 0 0 0 0 0 2.6 0.2 0 0 0 0 0 0 0 0 2.2 7.800000000000001 5.2 0.2 0.2 5 0 4.2 2.2 2.2 2.8000000000000003 7.800000000000001 3.2 5.6000000000000005 8.4 9 3.8000000000000003 0 5 0.2 3.8000000000000003 0.6000000000000001 0 0 0 0 2 0 0 0 0 0 0 0 0.4 0 0 0.2 0 0 0 0 0 0 0 0 0 0.8 0 0 0 2.2 0 0 0 0 0 0 0.4 0 0 0 3.2 0 2.6 0 0 0 0 1.4000000000000001 0 0 0 0 0 0 0 0 0 2.4000000000000004 2.2 10 12.8 0 0.6000000000000001 1.8 3.4000000000000004 1.8 0.6000000000000001 3.2 0.2 3.8000000000000003 2 0.8 4 0.2 4.800000000000001 6.800000000000001 6.2 0 0 0 0 0.4 0 0.2 0 0 0 0.4 0 0.4 0 0 0 0 0 0 0.4 0 0 0.2 0 0 0 0 0 0 0 0 0 0 0.2 0.8 0.2 0.2 0 0 4 0.4 0 0 0 0 0 0 0 0 0 2 0 0 0.4 0 0 0 0 0 0 0 0 0 0 0 0 0 0.2 0 0 
 14.4 0 0 0.4 0 0 0 0 0 0.4 14.8 0 0 0 0 0 41.2 0 0 0.2 53 28.200000000000003 15.4 33.4 10.4 8.6 0 51 60.2 7 24.400000000000002 8.6 33 38.800000000000004 23.400000000000002 68 26 32.6 65.60000000000001 9.8 0 1.2000000000000002 0.4 0 0 0 0.6000000000000001 0 0.4 5.2 0 0 0 0 0.4 0 0.6000000000000001 0 0 0 0.4 0 0 0 0 0 0 0 0.4 0 0 0 0 0.6000000000000001 0.4 0 0.6000000000000001 0 0.6000000000000001 0 0 0 0 0 0 3.8000000000000003 0 0 2.6 0 0 0 0 0 0 0 0 0.4 0 0 9.200000000000001 0 7.2 1.6 0 5.6000000000000005 3.6 1 0 0 2.8000000000000003 0 0 2 2.4000000000000004 0 10 2.2 3 0 5.4 0 0 0 0 0 0 0 0 0 0 0 0 0 0 0 0 0 6.6000000000000005 1.8 0 0 0 0 0 0 0 0 0.6000000000000001 0 0 0 0 0 0 0 0 0 0 0 0 0.8 0 0 0 0 0 0 0.4 0 0 4 0 0 0 0 0 2.4000000000000004 0 0 7 4 15.600000000000001 0.8 0 0 9.8 4.6000000000000005 0 0 0.8 0 3.2 6.6000000000000005 3.2 6 1.8 3.6 1.4000000000000001 0.4 0 0 0 0 0 0 0 0 0 0 0 0 1.6 0 0 0 0 0 1.4000000000000001 0 0 0 0 0 0 0 0 0 0 0 0 0 0 0 0 0 0 0 0 0 0 0 0 0 0 0 0.2 0 15 0 0 0 0 0 1.2000000000000002 0 0.4 0.2 1 0.2 0.4 0.4 0 0 0 0 0 0 0 0 0 0 0 0 0 0 0 0 0 0 0 4.2 0 0 0 0 0 0 0 0 
 0.8 1 0.6000000000000001 0.6000000000000001 1 15.200000000000001 0.6000000000000001 0.6000000000000001 0.6000000000000001 0.6000000000000001 0.6000000000000001 0.8 0.6000000000000001 1.8 0.6000000000000001 0.6000000000000001 0.6000000000000001 0.6000000000000001 1.4000000000000001 0.6000000000000001 43.800000000000004 40.800000000000004 108.80000000000001 29.8 78.80000000000001 52 51 0 54.6 13.200000000000001 58.800000000000004 92.4 33.6 48.6 14.200000000000001 41.2 23.200000000000003 41.2 16 69.60000000000001 0 0 0.8 0 0 0 0 13.600000000000001 0 0 0 0 0 0 0 0 0.8 0 0 0 0 0 0 0 0 0 0 0 0 9.4 0 0 0 0.6000000000000001 0 0 0.6000000000000001 0 0 0 0 0 0 2.6 0 2.4000000000000004 0 0 0 0.2 0 2.4000000000000004 0 0 0 0 0 0 0 0 9.600000000000001 1 12.200000000000001 6.6000000000000005 3 2.8000000000000003 3.6 8.8 11.200000000000001 2.4000000000000004 0.2 1.2000000000000002 0 0 4.6000000000000005 5.800000000000001 8 0.6000000000000001 1.6 2.8000000000000003 1.2000000000000002 0 0 1.6 0 0 0.2 0 0 0 0 0 0.2 0 0 0 0 0 4.6000000000000005 1.8 0 0 0 0 0 0 0 0 0.8 0 0 0 0 0 0 0 0 0 0 0 0 0.6000000000000001 0 0 0 2.4000000000000004 0.2 0 0.4 0 0 0 0 0 0 0 0 0 0 0.2 1.2000000000000002 5.2 2.4000000000000004 4 0.6000000000000001 14.200000000000001 0 1.8 4.2 2 5 5.4 0 0 0.4 3.2 9 0 0 2.4000000000000004 0 0 0 0 0 0 0.4 0 0 0 0 0 1.8 1.8 0 0 0 0 2.8000000000000003 0 0 0.4 0 0 0 0 0 0 0 0 0 0 0 0 3.2 0 0 0 5.2 0 0 0 0 0 0 0.4 0 0 0 0 0 0.2 0 0 1.6 0.2 0.8 0.2 2.2 0.8 0 0 0 0 0 0 0 0 0 0 0 0 0 0 0 0 0 0 0 0 0 3.2 0 0 0 0 0 0 0 0 
 0 0 0.2 0.2 0 0.2 0.2 0 0 0 0 14.8 15 0.4 0 0 0.8 0 0 0 17.8 10.600000000000001 13 38.6 16.8 11.600000000000001 60.2 54.6 0 32.2 15.8 5.4 33.6 36 55.800000000000004 25.400000000000002 11.200000000000001 86.2 16.8 30.400000000000002 0 0 1 0 0 0 0 0 0 0 0 0 0 14.600000000000001 0.2 0 0.6000000000000001 0 0 12.4 0 0 0.2 0.6000000000000001 0.4 0 0 0 0.2 0 0 0 0 0.4 0 0 0.6000000000000001 0 0 0 0.4 0 0 0 0 2.2 0 0 0 0 0 0 0 0 2.6 0 0 0 0 0 3.4000000000000004 1 1.8 2 7.6000000000000005 4.2 0 6 7 7.4 0 6 0.2 4 2.4000000000000004 4.6000000000000005 1.4000000000000001 0.2 2.6 3.4000000000000004 0 0 0 0 0 0 3 0 0 0 0 0 0 0 0.4 0 0 0.2 8.8 0.2 0 0 0 0 0 0 0 4.6000000000000005 0.4 0 0 0.8 0 0 0 0 0 5 0 0 0 0 0 0 0 0 0 0 0.4 0 0 0 0 0 0 0 0 0 0 0 0.8 0 0.8 2.4000000000000004 4.4 6.800000000000001 0.2 0 7.4 0.4 0.2 6.4 2.4000000000000004 2.6 0 4.4 2.4000000000000004 5.4 0 2 0 2 0 0 0 0 2 0 0 0 0.4 0 0 0.8 0 0 0 0 0 0 0 0 0 0 0 0 0 0 0 0 0 0 0 0 0 0 0 0 0 0 0 0 0 0 0 0.4 0 0 0 0.2 0 0 0.2 0 2.6 0 0.4 15.600000000000001 10 0 0.2 0 0 0 0 0.4 0 0 0 0 0 0 0 0 0 0 0.2 0 0 0 0 2.8000000000000003 0 0 0 0 0 0 0 0 
 0 0.2 0 0 0 0 0 0 0.6000000000000001 0 0 42.2 0 0 0 0.8 0 0 40.2 0 8.200000000000001 12.200000000000001 45.6 47.2 15 27 7 13.200000000000001 32.2 0 33.6 50.6 12 50 22.200000000000003 33.6 23 29.6 62.2 30.8 0 0.2 0.4 0 0 0 2.2 0 0 0 0 0 0 13.4 12.600000000000001 0 0.6000000000000001 0 17.8 12.4 0 0 9.4 0 0 0 0 0 0 0 0 0.2 0 0.6000000000000001 0.2 0 2.4000000000000004 0 0 0.4 0 0 0 0 0 0 0 0 0 0 0 0 0 0 0 0 0 0 0 0 0 6.6000000000000005 4.4 0.6000000000000001 4.800000000000001 0.2 1.6 0 0 4 3.8000000000000003 1.8 0 0 2.6 6.2 4.6000000000000005 3.6 0 0 2 0 0 0 0 0 8 2 4.2 0 0 0 3.4000000000000004 4.800000000000001 0 0 0 0 0 2.2 0 0 0 0 0 0 1.2000000000000002 0 0.4 0 0 1 0 0 0.2 0 0 0 0 0 0 0 0 0 0 0 0 0 0.4 0 0 0 0 0 0 0 0 0 0 0 0 8.4 3.6 2.4000000000000004 4 0.2 0 0 1.6 0 2.6 5.4 0 4.2 4.6000000000000005 1.2000000000000002 4 3.4000000000000004 0 0 9.200000000000001 1.6 0 0 0 0 6.6000000000000005 0 2 0 0 0.2 6.4 2.2 0 0.2 1.4000000000000001 4.4 0.2 9.200000000000001 0 0 0 0 0 0 3.2 0 0 0 0 0 0 0 0.2 0 0.2 0 0 0 0 0 1.2000000000000002 0 0 0.2 0 0 0 0 0 0 0 0 1.2000000000000002 0.6000000000000001 0.4 1.2000000000000002 0 0 1.2000000000000002 0 0 0 0 0 3.8000000000000003 0 0 0 0 0 0 0 0 0 0 0 0 0 0 0 0 0 0 0 0 0.2 0 0 
 0.2 0 0 0 0 0 0 0 0.6000000000000001 0 0 0 0 0 0 0.4 0.4 0 0 0 52 84.4 9.8 68.4 64 32 24.400000000000002 58.800000000000004 15.8 33.6 0 88 12.8 7.4 30.400000000000002 36.2 52.400000000000006 103 55.6 11 3.6 0.2 0.4 2.6 0 0.2 12.8 0 0 0.6000000000000001 0.4 0 12.4 0 0 0.6000000000000001 0.6000000000000001 0 0 0.2 0 0 0.6000000000000001 0.4 0 0 0 0 0 0 10.200000000000001 0 0 1.2000000000000002 0.8 0 0.8 0 0 0 0 0 0 0 0 0 0 0 0 0 0 0 0 0 0 0.4 0 0 0 0 6.4 0 5.2 1.8 7.4 2.6 0 3 2.2 5.2 2.4000000000000004 2.8000000000000003 0 1.8 1.8 0 7.4 4.2 0 0 3.2 0 0 0 0 0 3 2.8000000000000003 0 0 0 0 2.2 3.2 0.2 3.4000000000000004 0.2 0 0 1.6 0 0 1.4000000000000001 0 0 0 0 0 0.2 0 0 0 0 0 0 0 0 0 0 0 0 0.4 0 0 0 0 0 0 0.6000000000000001 0 0 0 0 0 0 0 0 0 0 0 1.8 2 1.6 0 0 1.6 0 1.8 0 0.2 5.2 1.2000000000000002 0 0 0 2.6 0 0 0 0 0 0.2 2.4000000000000004 0 0 0 0 1.4000000000000001 3.4000000000000004 0 0 0 8.4 3.8000000000000003 0 0 0 1.6 2 2 0 0 0 0 0 0 0 0 0 0 0 0 0 0 0 0.4 0 0 0 0 0 0 3.2 0 0 0 0 0 0 0 0 0 0 0 2.2 0 0.4 0.4 21.200000000000003 0.4 0.4 0 0 0 0 0 0 0 0 0 0.4 0 0 0 0 0 0 0 0 0 0 1.2000000000000002 0 0 0 0 0 0 0 0 
 1 0.6000000000000001 0.6000000000000001 0.6000000000000001 0.6000000000000001 15.4 0.6000000000000001 0.8 0.6000000000000001 0.6000000000000001 0.6000000000000001 0.6000000000000001 1 1.2000000000000002 0.6000000000000001 0.8 0.6000000000000001 1.2000000000000002 1 0.8 106.60000000000001 59.800000000000004 30 70.4 25 74 8.6 92.4 5.4 50.6 88 0 6.4 5.2 9.200000000000001 39.6 58.6 79.60000000000001 11.600000000000001 7 0 12.600000000000001 0.4 0.4 0 0 18.2 15.600000000000001 0 0.2 0 0 0 12.600000000000001 10.8 0 0.6000000000000001 0 40.400000000000006 12.8 0 0 0 0 0 0 0 0 0 0 0 0 0 0.6000000000000001 0 1.2000000000000002 1 0 0 0 0 0 0 0 0 0 0 0 0 0 0 0 0 0 0 0 0 0 0 0 2.6 0 0 0 4.800000000000001 4.800000000000001 0.2 0 0 2.6 2 2.6 0 0 0 0 0 4.800000000000001 0 0 4.6000000000000005 0 0 3 0 0 2.4000000000000004 2 8.200000000000001 1.4000000000000001 1.4000000000000001 0 4.4 3.2 2 1.6 6 2.6 3 10.200000000000001 0 0 0 0 0 0 4.4 1.4000000000000001 0.2 0 0 0 0 0 0 0 0 0 0 0 0 0 0 0 0 0 0 0 0.4 0 0.6000000000000001 0 0 0 0 0 0 0 0 0 0.6000000000000001 1.8 4 0 1.2000000000000002 0.2 0 0 0 3.8000000000000003 5 3.6 0 0 0 0 0.2 1.6 0 0 2.6 0 0 0 0 0 4.800000000000001 5 2.2 0 2.2 0 3.2 4 0 2.4000000000000004 0 3.4000000000000004 2.6 7.2 0 0 0 0 0 0 2.6 0 0 0 0 0 0 0 0 0 0 0 0 0 0 0 5.6000000000000005 0 0 0 0 0 0 0 0 0 0 0 0.6000000000000001 0 0 0 8.6 0 8.8 0 0 0 0 0 0 0 0 0 2.2 0 0 0 0 0 0 0 0 0 0 0 0 0.6000000000000001 0 0 0 0 0 0 
