 0 39.6 53 11 8.4 7 53.800000000000004 39.2 43.6 11.4 6.800000000000001 8.4 42.2 63.800000000000004 38 36.800000000000004 22.200000000000003 21 55.6 70.4 0.8 0.2 0.6000000000000001 3.4000000000000004 1 1 0.2 0.8 1.4000000000000001 1 0.6000000000000001 0.6000000000000001 0 1 1.4000000000000001 0.8 0.8 1 0.4 0.4 1.6 0 0.6000000000000001 1.6 0 0 0 0.4 0.8 0.4 0.4 0 0 0.6000000000000001 0 0 0.4 0.4 0 0 0 0 1.6 0.6000000000000001 0.6000000000000001 1.2000000000000002 0 0 0 0 1.4000000000000001 0 0 0.4 0 0.6000000000000001 0 9.600000000000001 0.6000000000000001 0 5.2 1.8 1.8 3.2 0 0 5.800000000000001 0 0.4 2.8000000000000003 7 0 5.4 2.2 2.6 0.4 1.2000000000000002 5.6000000000000005 7.4 0 0 0 0 0 0.4 0 0 0 0 0 0 0 0 3.4000000000000004 0 0 0.2 0 2.8000000000000003 0 0 0 0 0 0.8 0 0 0 0 0 0 0 0.4 0 0 0 0 0 0 0.4 0 0 0 0 0.6000000000000001 0 0 3 0.2 0 0 0 0 0 0 1.2000000000000002 0 0 0.2 0.2 5.2 5.800000000000001 3.6 2.4000000000000004 3.8000000000000003 0 3 0.2 1.8 3.2 2.8000000000000003 2.4000000000000004 0.2 8.8 3.2 6 0 0 4.800000000000001 5 0 0 0 0 0 0.2 0 0 0 0 0 0 0 0 0 1.8 0 0 0.2 0 0 0 0 0 0 0 0 0 2 0 0 0 0 0 0.4 3.2 0 0 0 0 0 0 0 0 0 0 0 0 0 0 1.4000000000000001 0 0 0 0 0 0 0 0 0 0 0 0 0 0 0.6000000000000001 0.2 0 0.8 0 0 1.8 0 0 0 0 0 0 0 0 0 0 0 0 0 0 0 0 0 0 0 0 0 0 0 3.4000000000000004 0 4.2 0 0 0 0 0 0 0 0 0 0 0 0 
 39.6 0 110.2 47 37.6 9 20.6 62.800000000000004 14.8 10.8 39.800000000000004 22.400000000000002 53.400000000000006 42.2 72.4 19 26.200000000000003 47.2 12.4 26.8 0.6000000000000001 9.200000000000001 0.6000000000000001 0.6000000000000001 0.8 0.4 0 0 0 0 0 0 0.2 0 0 0.4 0 0.6000000000000001 0.2 15.200000000000001 0 0 0.6000000000000001 0 0 12.8 0 0.6000000000000001 0.6000000000000001 0.4 0 0 0 0.4 0 0 1.2000000000000002 0.6000000000000001 0 0 0.2 0 0.4 6.800000000000001 0.6000000000000001 0.4 0 0 0 0 0.6000000000000001 0 0.6000000000000001 0.4 0 0 0 0 0 0 7.4 3 3.6 3.8000000000000003 3.8000000000000003 6 6 0 6.2 5.800000000000001 4.6000000000000005 3.6 0 0.4 1.6 3 0.2 0 0 0 0 1 0 0 0 0 8.8 0 0 0.2 0.4 0 3.4000000000000004 0 0 0 0 0 6.2 4.2 0 0 1.8 0 0 0 0 0 0.2 0 0 0 0 0 0 2.4000000000000004 0 0 0 0 0.2 0 0.4 0 0.2 0 0 0 0 0 0 4 0 0 0 0 0 0 1.6 0 5 13.4 7 2.2 1.8 4.800000000000001 0 0 0 8 0 0 0.4 4.6000000000000005 5.4 4.2 0 2.4000000000000004 0 1.8 0 0 0 0 0 0 0 0 0 0 3.8000000000000003 0 1.8 0 0.2 0.2 0 0.4 2.8000000000000003 8.8 0 0 0 0 0 0 0 0 0 0 0 0 0 0 0 0 0 0 0 0 0 0 0 0 0 0 0 0 0 0 0 0 0 0 0 0 0 0 0 0 0 0 0 0 0 0 0.2 0 0.6000000000000001 0 0 2.4000000000000004 0 0 0 0 0 0 0 0 0 0 0 0 0 0 0 0 0 0 0 0 0 0 0 4.4 3.4000000000000004 0 0 0 0 0 0 0 0 0 0 0 0 0 
 53 110.2 0 26.8 28.400000000000002 48.400000000000006 17 126.4 32.6 12 45.800000000000004 23.8 48 57.6 39 13.4 11.4 31.400000000000002 6 9.200000000000001 0.6000000000000001 0 1 0.6000000000000001 0.4 0.2 0.2 0 0 0 6.4 0.4 0.2 7.2 0 0 0 0.6000000000000001 0.2 0 0 0.6000000000000001 0.6000000000000001 0 0 0 0.2 1 0.6000000000000001 1 0 0 0.6000000000000001 0.4 0 0 0 0.8 0.4 0.4 0.2 0 0.4 0.6000000000000001 0.6000000000000001 0 0 0 0.4 0 0.6000000000000001 0 0 0.4 0 16.8 0 0 0 0 7.6000000000000005 0.4 3 5.6000000000000005 6.6000000000000005 3.2 6 0 7.800000000000001 7.800000000000001 0.6000000000000001 3 0.6000000000000001 3.8000000000000003 5.6000000000000005 2.4000000000000004 1.4000000000000001 0 0 0 0 0 0 0 0 0 0.2 0 0 0 0 0 0 0 0 0.2 0 0 2.8000000000000003 0 0 0 0 0 0 0 0 0 0 0 0 0 0 0 0 0 0 0 0 0 0 0 0 0 0 0 0 0 2.2 0 0 0 0 0 0 1 0.8 0 0 0 5.800000000000001 6 0.2 1.6 0 0 0 3.6 7 6.2 3 0.4 0 6.800000000000001 5 2.6 2.8000000000000003 2 0 0 0 0 0 0 0 0 0 0 0 0 0.6000000000000001 0 0 0 0 0 0 0 2.6 4.800000000000001 0 0 0 0 0 0 0 0 2.2 0 0 0 0 0 0 0 0 0 0 0 0 0 0 0 0 0 0 0 0 0 0 0 0 0 0 0 0 0 0 0 0 0 0 0 0 0.6000000000000001 15.4 0 1.4000000000000001 0.4 2.2 1.8 0 0 0 0 0 0 0 0 0 0 0 0 0 0 0 0 0 3 0 0 0 0 0 2.8000000000000003 4 0 0 0 0 0 0 0 0 0 0 0 0 0 
 11 47 26.8 0 31.6 21.6 63.400000000000006 50 11.8 22.200000000000003 71.60000000000001 10.600000000000001 14.8 54.800000000000004 53 20 71 48.2 16.400000000000002 10.200000000000001 1 0.4 0.6000000000000001 0.6000000000000001 0.8 0 0.6000000000000001 0 0 0 0 0 0.4 15.200000000000001 0.2 14.8 0 0.6000000000000001 0 15.4 0 0 0.6000000000000001 0 0 0 7 0.2 0.6000000000000001 0 0 0 0 0.6000000000000001 0 0 0 0.2 0 0 0 0 0.4 0.6000000000000001 0.4 0 0 0 0 0 0.6000000000000001 0 0 0.6000000000000001 3.4000000000000004 0 0 0 0 0 4.6000000000000005 0 1.4000000000000001 1 2.4000000000000004 3.6 0 0 4.800000000000001 4.2 4.4 2 2.8000000000000003 0.4 3.4000000000000004 5.6000000000000005 3.6 0 0 3.2 3.2 0 0 0.4 0 0.2 4 0 0 2 0 0 2 0 2.2 2.6 0.2 0 3.8000000000000003 4.4 0 0 0 0 0 0 0 0 0 0.2 0.4 0 0 0 0 0 0.2 0 0 0 0 0 0 0 0 0 0.2 0 0 0 0 0.4 0 0 0 0 0 0 1.2000000000000002 0 0.2 2.2 4 4 2 2.8000000000000003 0 2 0 8.200000000000001 0 0.4 0 0 0 5.6000000000000005 0 3.8000000000000003 0 1.8 0 0 0 0 0 0 0 0.4 0 3 1.8 0 4 0 0.4 0 0 0 5.6000000000000005 2 0 0 0 0 0 0 0 0 0 0 0 0 0 0 0 0 0 0 0 0 0 0 0.2 0 0 0 0 0 0 0 0 0 0 0 0 0 0 0 0 0 0 2 0 0 0 0 0.2 0 0 19.400000000000002 0 0.2 0 0 0 0 0 0 0 0 0 0 2.6 0 0 0 0 0 0 0 0 0 0 0 0 0 0.2 0 0 0 0 0 0 0 0 0 0 0 0 0 
 8.4 37.6 28.400000000000002 31.6 0 54.6 10 29.6 13.600000000000001 34.4 24 72.4 17.2 11.4 14.8 30.6 41.2 41 11 12.200000000000001 1.2000000000000002 16 18.400000000000002 0.6000000000000001 0.4 0 1.4000000000000001 0 0.6000000000000001 0 1.2000000000000002 15 0 0 0.6000000000000001 0.2 0 16.8 22.6 0 0 0 1 0.6000000000000001 0 0.6000000000000001 0.8 1.6 0.6000000000000001 0.2 0 0 0 0.8 0 1.2000000000000002 0 1 12.600000000000001 0 0.4 1.2000000000000002 0.4 0.6000000000000001 0.4 0.4 0.6000000000000001 0.8 0 0 0.6000000000000001 0 0 0.4 0.4 0 0 1.4000000000000001 0 0 0 3.4000000000000004 4.6000000000000005 6.2 2.8000000000000003 8 0 8.8 2.4000000000000004 0 2.4000000000000004 3 2.8000000000000003 3 0.4 3.6 7.4 0 0 0 1.6 0 0 1.8 0 0 2.2 0 3 0 0 0 2.4000000000000004 0 3.6 2.4000000000000004 0 2.6 6.4 2.6 0 0 0.4 0 0 0 0 0 0 0 0 0 0 0 0 0 0 0 0 0 0 2.2 0 0 1.6 0 0 0 0 0 0 0.4 0 0 0 0 5.800000000000001 0 0 0 0 0.2 0 0.4 6 0 0 6.800000000000001 0 2.8000000000000003 0.2 0 0 0.2 2.6 2.2 3.2 13.8 0 0 3 0 2 0 0 0 0.4 2 2.4000000000000004 0 0.2 3.8000000000000003 0 1 0.2 4.4 2.8000000000000003 0 5.4 2.4000000000000004 0 0 0 0 0.4 0 0 0 0.2 0 0 0 0 0 0 0 0 0 0 0 0 0 0 0 0 0 0 0 0 0 0 0 0 0 0 0 0 0 0 0 0 1.8 0 0 0 0 13 0 0 0.4 0 0.2 0 0.4 0 0 0 0 0 0 0 0 3.2 0 0 0 0 0 0 0 0 0 0 0 0 0.2 0 0 0 1.2000000000000002 0 0 0 0 0 0 0 0 0 0 
 7 9 48.400000000000006 21.6 54.6 0 68 47.6 35.4 10.200000000000001 19.400000000000002 30.6 7 8.200000000000001 16.8 12.8 64.2 17 12.4 11.4 0.6000000000000001 14.8 30.8 0.6000000000000001 0.4 15.200000000000001 16.6 5.800000000000001 0 5.6000000000000005 16.6 0 22.400000000000002 7.800000000000001 0.8 16 0 15.4 30.8 0 0 0 0.6000000000000001 0 0.6000000000000001 0 0.4 0.6000000000000001 0.6000000000000001 0.6000000000000001 0 0 0 0.2 0 0 0 0.6000000000000001 0 0 0.4 0 0.4 0.6000000000000001 0.6000000000000001 0 0 0 0.2 0 0.4 0 0 0 0 0 0.2 0.6000000000000001 0 0 0 11 4.800000000000001 3.2 2.6 5 0 1.4000000000000001 0 2 2 5.4 0.2 0 2.6 3.4000000000000004 7.4 0 0 3.2 2 0.2 0 2.2 0 0 1 3.6 1.6 0 0 3 0 4.6000000000000005 3.4000000000000004 4.800000000000001 0 0 0 2.2 0 0 0 0 0 0 0 0 0 0 0 0 0 0.2 0 0 0 0 0.2 0 0 0 0 0 3 0 0 0 0 0 1 0 0 0 1 0 0 0 0 0 0 0 4 6 3.6 0.2 0 0.2 1.4000000000000001 0 3.2 0 0 0 1.8 2.2 2 1.6 0.2 0 2.8000000000000003 0.2 2.8000000000000003 0 0 0 2.2 2 2.4000000000000004 1.8 0 2.6 0 4 0.6000000000000001 3.2 1.8 0 5.4 1.6 0 0 0 0 0 3.2 0 0 0 0.2 0 0 0 0 0 0 0 0 0 0 0 0 0 0.2 0 0 0 0 0 0 0 0 0 0 0 0 0 0 0 0.2 0 0 0 0 0 1 18 0 0.8 1 0 1.2000000000000002 3 0 0 0 0 0 0 0 0 0 0 0 0 0 0 0 0 0 0 0 0 0 0 0 0 0 0 1.6 0 2 0 0 0 0 0 0 0 0 
 53.800000000000004 20.6 17 63.400000000000006 10 68 0 22.6 76.4 20 11 10.8 81.4 24.8 49 9 8.8 5.4 112.80000000000001 8.8 0.6000000000000001 0.4 0.6000000000000001 1 0.4 0 3.8000000000000003 0 0 0.2 0 0 0 0 0 0.6000000000000001 0 1.6 0 0 0 0 0.6000000000000001 0.2 0 0 0 0.6000000000000001 1.2000000000000002 0.6000000000000001 0 0 0 0.2 0 0 0 1 0.4 0 0.6000000000000001 0 0.4 0.6000000000000001 0.6000000000000001 0 0 12.600000000000001 10.8 0 0.4 0 0 0.2 0 6.6000000000000005 0 0 0 0 5.6000000000000005 4.800000000000001 0 4 0 0 2.6 6.6000000000000005 0.8 0 6.4 0 2 8.6 5 3.4000000000000004 3 11.600000000000001 0 7.6000000000000005 0 0 0 0 0 0 0 0 0 0 0 0 0 0 0.4 0 0 0 0 0 0 0 0 0 0 0 0 0 0 0 0 0 0 0 0 0 0 0 0 0 0 0.2 0 0.4 1 0 0 0.2 0 0 0 0 0 0.2 1.4000000000000001 0 0 0 0 0 4.800000000000001 2.8000000000000003 4 0.6000000000000001 4.2 0 0 1.4000000000000001 0 2.4000000000000004 2 2 8 8.8 4.4 1.6 0 0 0.6000000000000001 7.800000000000001 0 0 0 0 0 0 0 0 0 0 0 0 0 0 0 0 0 0 0 2.2 0 2 0 0 0 0 0 0 0 0 0 0 0 0 0 0 0 0 0 0 0 0 0 0 0.2 0 0 0 0 0 0.2 0.4 0 0 0 0 0 0 0 0 0 0 0 0 0 0.8 0 0 0.2 8.4 0 2.2 0 0 0 0 0 0 0 0 0 0 0 0.4 0 0 0 0.4 0 0 0 0 0 0 0 9.600000000000001 2.2 3.6 0 0 0 0 0 0 0 0 0 0 0 0 
 39.2 62.800000000000004 126.4 50 29.6 47.6 22.6 0 35.2 7.4 67.8 23.8 58.2 65.4 27.6 22.6 13.200000000000001 40.800000000000004 46.800000000000004 40.400000000000006 0.6000000000000001 0 0.6000000000000001 1.2000000000000002 0.4 0 0 0.2 0.6000000000000001 0 0 0 0 0 0 0.8 0 0.6000000000000001 0.6000000000000001 0 0.2 0.2 0.6000000000000001 0 0 0 0 1 0.6000000000000001 1 0 0 0.4 0.4 0 0 0.6000000000000001 0.6000000000000001 0.4 0.6000000000000001 0.4 0.6000000000000001 0.4 0.6000000000000001 0.6000000000000001 0.6000000000000001 0.4 0 6.6000000000000005 0 0.4 0 0 0.8 0 0.4 0 0.4 0 0 7.800000000000001 2.8000000000000003 3.2 6.800000000000001 2.8000000000000003 3 8 0 6.4 5.800000000000001 9.600000000000001 6.6000000000000005 0.2 0 0.6000000000000001 3.2 0.2 5.6000000000000005 0 0 0 0 0 0 0 0 0 0 0 0 0 0 0 0 0 0 0 0 4.800000000000001 0 0 0 0 0 0 0 0 0 0.4 0 0 0 0 0 0 1.8 0 0 0 0 0 0 0 0 1.6 0 0 0 2.6 0 0 0 0 0 0 0.2 0 0 0 0 5.4 8.8 4.800000000000001 4.2 1.6 0 0 0 0 6.800000000000001 0 0 0 3 4 0.4 0 1.4000000000000001 0 4.4 0 0 0 0 0.4 0 0 0 0 0 4.6000000000000005 0 0 0.4 0 0 0 0 0 2.2 0 0 0 0 0 0 2 0 5.4 0 0 0 0 0 0 0 0 0 0 0 0 2.8000000000000003 0 0 0 0 0 0 0 0 0 0 0 0 0 0 0 0 0 0 0 0 0 0 0 0 0.4 0 0.4 0 3 0.6000000000000001 0 0 0 0 0 0 0 0 0 0 0.4 0 0 0 0 0 0 0 0 0 0 0 0 5.2 4.800000000000001 9 0 0 0 0 0 0 0 0 0 0 0 2.6 
 43.6 14.8 32.6 11.8 13.600000000000001 35.4 76.4 35.2 0 52 24 48.800000000000004 65.8 61.2 58.800000000000004 67.2 36.800000000000004 56.2 51.800000000000004 26.400000000000002 0.6000000000000001 0 0.6000000000000001 0.6000000000000001 0.4 0 0 0 0 0 0 0.4 0.4 0 0 0 0 0.6000000000000001 5 0 0 0 0.8 0 1.2000000000000002 0 0 0.2 0.6000000000000001 0 0 0 0 0.6000000000000001 0 0 0 0.2 0 1 0 0 0.4 0.6000000000000001 0.4 0 0 0 0 0 0.6000000000000001 0 0 0 0 0 0 0 0 0 2.2 0.8 2.2 2 1.8 2.6 6.2 4.2 0 0 1.6 2.2 0 0.6000000000000001 14.4 8.4 1.2000000000000002 9.200000000000001 0 0 0 0 0 0 0 0 0.2 0 0 0 0 0 1 0 0 0.2 0 0 0.2 0 0 0 0 0 0 0 0 0 0 5 0.2 0 0 0 0 0 0 0 0.4 0 0 0 0 0 0.6000000000000001 0 2.4000000000000004 0 1 0 0.4 0 0 0.2 0 0.8 0.6000000000000001 0 0 0 4 8 0 6.800000000000001 2.2 2 0 1.2000000000000002 3.8000000000000003 0.2 7.800000000000001 3.8000000000000003 2 3 5.6000000000000005 4.4 0 0 3.6 7.2 0 0 0 0 0 0 0 3.2 0 0 0 0 0 3.4000000000000004 0.2 0 0 0 2 0 0 0 0.4 0 0 0 0 0 0.6000000000000001 0.2 0 0 0 0.2 0 0 0 0 0 0.2 0 0 0 0.4 0 0 0 0 0 0 2.4000000000000004 0 0 0 0 0.2 0 0 0 0 0 0 0 0 0 0 17.400000000000002 0.2 0.2 0.4 0 1 0 0 0 0 0 0 0 0 0 0 0 0 0 0 0 0 0 0 0 0 0 0 0 3.4000000000000004 2.2 0 0 0 0 0 0 0 0 0.4 0 0 0 0 
 11.4 10.8 12 22.200000000000003 34.4 10.200000000000001 20 7.4 52 0 16.6 8.4 28 13.8 33.800000000000004 40.6 14.8 29.6 36.4 14.600000000000001 0.6000000000000001 0 0.6000000000000001 0.6000000000000001 0.4 0 0 15.600000000000001 0 0 0 0.2 15 0.4 0.8 0.4 0.4 1 36.800000000000004 15.8 0 0 2.8000000000000003 0 0.4 2 0.8 0.6000000000000001 0.6000000000000001 0.4 0 0 1.6 0.4 0 0 5.4 0.6000000000000001 0.4 0.6000000000000001 0.2 0 1.4000000000000001 0.6000000000000001 0.6000000000000001 0 0 0 0 0 0.6000000000000001 0 0 0 0.6000000000000001 0 10.200000000000001 1 0 0 0 4.4 2.2 0.6000000000000001 3.4000000000000004 9.600000000000001 0 6.4 2.8000000000000003 1.4000000000000001 0 1.8 4.4 3.4000000000000004 0.6000000000000001 5.800000000000001 8 14.8 0 11.600000000000001 0.2 0 2 0 0 0 10.600000000000001 0 0 0 0 0 0 0 0 0 0 0 3.8000000000000003 4.800000000000001 0 0 0 0 0 0 0 0 0.2 0 0 0 0 0 0 0 0 0 0 0 0 0 0.4 0 0 0 0 0 0 0 0 0 0 0 0 0 0 0 8.4 0 3 0 0 0 2 6.6000000000000005 2.2 1.8 1.4000000000000001 0 6.800000000000001 4 5 0 11 0 4.2 0 0 4 1.6 3.8000000000000003 0 0 0.2 0 11.8 2 0 0 0 0 3.4000000000000004 0.2 0 0 0 0 9.4 3.8000000000000003 0 0 0 0 0 0 0 0 0 0 3.6 0 0 0 0 0 0 0 0 0 0 0 0 0 0 0 0 0 0 8 0 0 0 0 0 0 0 0 0 0 0 0 0 0 0 0.6000000000000001 0 0 0.4 0.8 0.2 1 0 0.2 0.4 0.4 0 0 0 0 0 0 0 0 0 0 0 0 0 0 0 0 0 0 0 0 0.2 0 0 0 0 0 0 0 0 0 0 0 0 0 
 6.800000000000001 39.800000000000004 45.800000000000004 71.60000000000001 24 19.400000000000002 11 67.8 24 16.6 0 40.800000000000004 28.6 28 19.8 35.4 36.800000000000004 40.800000000000004 6.4 12 17.400000000000002 14.600000000000001 0.6000000000000001 0.6000000000000001 0.4 0 0.8 0 0.6000000000000001 0 0.4 0.2 0 0.4 0 0.6000000000000001 0.8 0.6000000000000001 15 0.4 0 0 0.6000000000000001 0 0.4 0 0.4 0.2 1.2000000000000002 0.2 0.6000000000000001 0 0 0.6000000000000001 0 0.4 0 0.8 0 0 1.4000000000000001 0 0.4 0.6000000000000001 0.4 0.8 1.4000000000000001 0 0.4 0 0.6000000000000001 0 0 0.6000000000000001 0 0 0 0 0.6000000000000001 0 0.4 2 2.2 6.2 5.4 5.4 0 0 2.4000000000000004 0 1.8 1.6 0 2.8000000000000003 2.2 1.6 2 0 0 0 0 0 0 0 0 0 5.6000000000000005 0 0 0 0 0 2 4 0 0.6000000000000001 0 0 2.2 4.800000000000001 0 0 0 0 0 0.6000000000000001 0 0 0 0 0 0 0 0 2.8000000000000003 0 0 1.8 0 0 2.4000000000000004 0 0 0 0 0 0 0 0.8 0 0 0 0 0 0 0.6000000000000001 2.6 0 0 0 0.4 0.2 1.6 2 0 0 0 0 1.8 2.6 2.2 0 0 0 0.2 3.8000000000000003 0 4 0 0.6000000000000001 4 0 0 0 0 0 0 0 0 0 0 0.8 1.6 5 1.8 0 2.8000000000000003 0 0.4 8.4 0 0 0 0 0 0 0 0 3.4000000000000004 0 0 0 0 0 0 0 0 0 0 0 0 0 0 0 0 0 0 0 0 0 0.8 0 0 0 0 0 0 0 0 0 0 0 0 0 0 0.8 9.600000000000001 0 1 18.2 0.4 1.8 0.4 0 0 0 0 0 0 0 0 0 0 0 0 0 0 0 0 0.4 0 0 0 0 0 0 0 2 0 0 0 0 0 0 0 0 0 0 0 0 
 8.4 22.400000000000002 23.8 10.600000000000001 72.4 30.6 10.8 23.8 48.800000000000004 8.4 40.800000000000004 0 8 6.2 6.2 27.400000000000002 39 36.2 7.4 7.4 5.2 41.800000000000004 0.6000000000000001 1 0.4 0.4 0.2 0 0 0 0 0 16.400000000000002 0 0 0.4 0 0.6000000000000001 15 0.2 0 0 0.6000000000000001 12.4 0.6000000000000001 0 0 1 0.6000000000000001 0.2 0 0 0 0.6000000000000001 0 0 0 0.4 0 0 0 0 0.4 0.6000000000000001 0.6000000000000001 0.6000000000000001 0 0 0.2 0 0.6000000000000001 0 0 0.4 0 0 0 0 0 0 0.2 3.8000000000000003 4.2 4.6000000000000005 6.2 8.200000000000001 0 0 0 0 2.2 1 0 0 3.8000000000000003 0 1.8 0 0 0 2 0.8 0 2.4000000000000004 0 0 3.2 2.2 1.8 0 0 0 0 6.6000000000000005 2.8000000000000003 2 0 0 5 3.8000000000000003 0 0 0 0 0 0 0 0 0 0 0 0 0 0 0 0 0 0 0 0 0.4 0 0 0 1.2000000000000002 0 0 0 0 0 0 0 0 0 0 2 0 0 0 0 0.2 0 0 3 4 2.8000000000000003 0 0 0 2.8000000000000003 1.6 0.2 0 0 0 2.2 1.8 2.6 0 0.2 4 3 0 0 0 0 5 2.6 2.4000000000000004 0 0 0 0 4 9.4 0.8 8.6 0 0.2 2 0 1.8 0 0 0 0 0 0 0 0 0 0 0 0 0 0 0 0 0.4 0 0 0 0 0 0 0 0.4 0 0 0 0 0.2 0 0 0 0 0 0 0 0 0 0 0 0 0 0 17.2 0 0.8 3.6 0 1.4000000000000001 0 0 0 0 0 0 0 0 0 0 0 0 0 0 0 0 0 0 0 0 0 0 6.4 0 0 0 0 1.6 0 0.2 0 0 0 0 0 0 0 0 
 42.2 53.400000000000006 48 14.8 17.2 7 81.4 58.2 65.8 28 28.6 8 0 70.8 28.200000000000003 96.2 9.600000000000001 66.4 40.2 48.800000000000004 0.6000000000000001 0 0.6000000000000001 1 0.4 0.2 0 0 0 0 0 0 0 0 0 0 0 0.6000000000000001 0 0 0 0 0.6000000000000001 0 0 0 0 0.6000000000000001 0.6000000000000001 0.4 0 0 0 0.4 0 0 0 0.6000000000000001 0 0 5.4 0 0.4 0.6000000000000001 0.6000000000000001 0 0 0 0 0 0.6000000000000001 0 1.2000000000000002 0 0 0 0 0 0 0 2.6 0.4 3.8000000000000003 2.4000000000000004 5.6000000000000005 0.2 2 2.6 0.4 3.2 0.6000000000000001 0 0 0 8.200000000000001 3.6 0.6000000000000001 3.8000000000000003 2.2 3.6 0 0 0 0 0 0 0 0 0 0 0 0 0 0 0 0 0 0 0.2 0 0 0 0 0 0 0 0 0 0 0 0 0 0 0 0 0 0 0 0 0 0 0 0.4 0 0.4 0 0 0 1.2000000000000002 0 0 0 0 0 0 0.8 3.6 0 0 0 5 3.8000000000000003 0 4.6000000000000005 0 0 0 0 7.4 0 6.4 0 1.4000000000000001 2 2.2 0 0 0 10 3.8000000000000003 0 0 2.8000000000000003 0 0 0 0 0 0 0 0 0 0 0 0 0 0 0.4 0 0 0 0 0 0 0 0 0 0 3.4000000000000004 0 0 0 0 0 0 0 0 0 0 0 0 0 0 0 0 0 0 0 0 0 0 0 0 0 0 0 0 0 0 0 0 0 0 0 0 0 17.8 0 0.2 0.2 0 1.8 0 0 0 0 0 0 0 0 0 0 0 0 0 0 0 0 0 0 0 0 0 0 0 0 4.800000000000001 0 0 0 0 0 0 0 0 0 0 0 0 0 
 63.800000000000004 42.2 57.6 54.800000000000004 11.4 8.200000000000001 24.8 65.4 61.2 13.8 28 6.2 70.8 0 77.60000000000001 42.800000000000004 10.4 23.6 46.6 38.6 0.6000000000000001 0.4 0.6000000000000001 0.6000000000000001 0.8 0 0 0 0.4 0 0 0 0 0 0.6000000000000001 41.2 0.4 0.6000000000000001 0 0 0.6000000000000001 0 0.6000000000000001 0 0.6000000000000001 0 0 0.2 0.6000000000000001 0 0.6000000000000001 0.6000000000000001 0.6000000000000001 0.6000000000000001 0 0 0 0.2 0.6000000000000001 0 0 0 0.4 0.6000000000000001 6.4 0 0 0 0 0 0.8 0.6000000000000001 0 0.6000000000000001 0 0.6000000000000001 0 0 0.6000000000000001 0 3.4000000000000004 2.6 0.8 5.4 3.2 0 8.200000000000001 2.8000000000000003 1.8 2.6 10.8 0 0 2.2 7.6000000000000005 4 0 6.6000000000000005 5.4 0 0 0 0 0 0 0 0 0 0 0 0 0 0 0 0 0 0 0 1.8 0 0 0 0 0 0 0 0 0 0 0 0 3.4000000000000004 0 0 0 0 0 0 0 0 0 0 0 0 0.4 5 0 0 1.6 0 0 0 0 0 0 1 3.6 0 0 0 4.4 7.800000000000001 0 8.6 4 0 0.2 0 5.2 3 1.6 2 1.8 10.200000000000001 2.4000000000000004 2.4000000000000004 3.4000000000000004 0 2 8.4 0 0 0 0 3.8000000000000003 0 0 0 0 0 0 0 0 0 0 0 0 0 0 0 0 0 0 0 0 0 0 0 10.4 0 0 3.8000000000000003 0 0 0 0 0 0 0 0 3.2 0 0 0 0 0 0 0 0 0 0 0 0 0 0 0 0 0 0 0 0 0 0 0 0 0.2 18 0.4 0 0 0 1.8 0 0 0 0 0 0 0 0 0 0 0 0 0 2.8000000000000003 0 0 0 0 0 0 0 0 0 4.2 2 0 0 0 0 0 0 0 0 0 0 2.4000000000000004 0 0 
 38 72.4 39 53 14.8 16.8 49 27.6 58.800000000000004 33.800000000000004 19.8 6.2 28.200000000000003 77.60000000000001 0 57.2 8.4 11.4 35.2 47.6 0.6000000000000001 0 1 0.6000000000000001 0.4 0 0 0 0 0 0 0 0 0 0 0 0 0.6000000000000001 0 0 0 0 0.6000000000000001 0 0 0 0 0.2 0.6000000000000001 0 0 0 0 0.6000000000000001 0 0 0 0.2 0 0 0 0 0.4 0.6000000000000001 0.4 0 0 0 0 0 0.6000000000000001 0 0 0.2 0 0 0 0 0 0 2 0 0 4.800000000000001 0.6000000000000001 0 2.4000000000000004 0 7 2 2.8000000000000003 5.4 11 11.4 6.2 9.200000000000001 2 5.800000000000001 0 0 0 2.2 0 0 0.4 0 1.8 0 0 0 0 0 0 0 0 0 0.2 0 0.2 0 0.2 0 0 0 0 0 0 0 0 0 0 0 0.4 0 0 0 0 0 0 0.4 0 0.2 0 0 0 0 0 0 2.2 0 0 0 0 0 0 1.4000000000000001 1 0 0 0 0 0.4 0 0 3.2 0 1.4000000000000001 5.800000000000001 8.4 2.8000000000000003 2.8000000000000003 3.2 2 0 0 4.2 6.2 0 0 5.800000000000001 0 0 0 0 0 0 0 0 0 0 1.6 0 0 0 0 0 0 0 0.8 0 0 0 0 0 0 0 0 0 2.2 0 0 0 0.4 0 0 0 0 0 0 0 0 0 0 0 0 0 0 0 0 0 0 0 0 0 0 0 0 0 0 0 0 2 0 0 0 0 1.8 0 18.400000000000002 0.4 3.4000000000000004 1 0 0 0 0 0 0 0 0 0 0 2.8000000000000003 0 0 0 0 0 0 0 0 0 0 0 0 0 0 0 0 0 0 0 0 0 0 0 0 0 0 0 
 36.800000000000004 19 13.4 20 30.6 12.8 9 22.6 67.2 40.6 35.4 27.400000000000002 96.2 42.800000000000004 57.2 0 20 42.800000000000004 19.8 55.6 0.6000000000000001 0 1 0.6000000000000001 0.4 0 0 0 0 0.4 0.6000000000000001 0 0.2 0 0 0.6000000000000001 0 0.6000000000000001 0.2 0 0 0 1 0 0 0 0 1 1.6 0.4 0.6000000000000001 12.600000000000001 0.6000000000000001 0.4 0 0.4 0 0.6000000000000001 0.4 1.4000000000000001 0.2 0.6000000000000001 0.4 0.6000000000000001 0.6000000000000001 0 0 0 0 0 0.6000000000000001 0 0.6000000000000001 0.4 0 0 0 0.4 0 0 8.8 3.4000000000000004 7 1.8 5.800000000000001 0.2 0.4 11 0.2 0 3.8000000000000003 0.4 0 0 5.4 3 3.2 9.600000000000001 0 6.4 0 0 0 0 0 0 0.6000000000000001 0 0 0 0 0 0 0 0 0.2 0 0 0.6000000000000001 0.4 0 0 0 0 0 0 0 0 0 0 0 0.4 0 0 0 0 0 0 0 0 0 0 2.2 0 1.4000000000000001 0 0 0 0 3.4000000000000004 0 0 0 0 0 0 0 0 0 0 5.2 7.4 3 4 0.2 1.6 0 0 0 2 15.4 2.2 1.2000000000000002 3.6 5.4 0 0 2.2 0 8 0.2 2 0 0 0 0 0 0 0 0 0 0 0 3.4000000000000004 0 0 0 0 0 2.6 0.4 0 0 0 0 0 0 0 2.4000000000000004 0 0 0 0 0 0 0 0 0 0 0 0 0 0.2 0 0 0 1.2000000000000002 0 0 0 0 0 0 0 0 0 0 0 0 0 0 0 0 0 0 0 0.4 0 0.8 0 0 0.2 0 0 7.6000000000000005 0 0 0 0 0 0 0 0 0 0 0 0.4 0 0 0 0 0 0 0 0 4.800000000000001 5.2 2.8000000000000003 0 0 0 0 0 0 0 0 0 0 0 0.4 
 22.200000000000003 26.200000000000003 11.4 71 41.2 64.2 8.8 13.200000000000001 36.800000000000004 14.8 36.800000000000004 39 9.600000000000001 10.4 8.4 20 0 98.2 50.2 10 0.6000000000000001 0 1 41.6 0.4 0 4.6000000000000005 0 0 0 0 0.4 7.2 32.2 0 0 0 1 29.6 0 0 0.8 0.6000000000000001 0 0 0 0 0.6000000000000001 0.6000000000000001 0.4 0 0 0 0.4 0 0 0 0.6000000000000001 0 0 0.2 0 0.4 0.6000000000000001 0.6000000000000001 0 0.6000000000000001 1 0.6000000000000001 0 0.6000000000000001 0 0 0.4 0 0.4 0 0 0 0 3.4000000000000004 5.6000000000000005 5.2 5 2.6 11.200000000000001 0 1.6 0 2.4000000000000004 9.200000000000001 6.2 3.6 0 0 3.6 7.2 3.2 0 5.6000000000000005 0 0 0 0 2.2 0 6.2 0 0 0 0 0 3.8000000000000003 3.4000000000000004 1.6 3.4000000000000004 0 0 0 4.800000000000001 0 0 0 0 0 0 0 0 0 0 0 0 0 0 0 0 4.4 0 0.4 0 0 0 0 0 2.8000000000000003 0 0 0 0 0 0.2 0 0 0.2 0 0 0 0 0 0 0 0.4 11.4 5.2 3.4000000000000004 0.2 0 2 1.8 3.4000000000000004 2.8000000000000003 3 2.6 3 3.2 3.4000000000000004 1.8 3 0 1.4000000000000001 0 0.2 0 0 0 0 0 0 0 0 0 3.8000000000000003 2 0 4.4 0 0 0 5.800000000000001 2.2 0 0 0.4 0 0 0 0 0 0 0.2 0 0 0 0 0 0 0 0 0 0.2 0 0 0 0.4 0 0 0 0 0.2 0 0 0 0 0 0 0.2 0 0 0 0 0 5 0 0 0 0 1.6 0.2 0.4 17.6 0 1 1.8 0 0 0 0 0 0 0 0 0 3.6 0 0 0 0 0 0 0 0 0 0 0 0 1.8 0 3 0 0 0 0 0 0 0 0.4 0 0 0 0 
 21 47.2 31.400000000000002 48.2 41 17 5.4 40.800000000000004 56.2 29.6 40.800000000000004 36.2 66.4 23.6 11.4 42.800000000000004 98.2 0 8.200000000000001 8 0.6000000000000001 0 0.6000000000000001 0.6000000000000001 0.8 0 14.600000000000001 0 0 0 0 0 15.8 0 1.2000000000000002 1.2000000000000002 0 1 3.8000000000000003 0.4 0 0 1.6 0 2 0.2 0 1.6 0.6000000000000001 0.2 0 0.6000000000000001 0 2 0.8 0 0 0.4 0 1.8 13.4 0 1.6 0.6000000000000001 0.6000000000000001 0.2 0 0.2 1.4000000000000001 6.4 0.6000000000000001 0 9.8 0.4 0 0 0.2 0.4 0.2 0 2.8000000000000003 0 3 2.2 3.2 15.4 0.2 0 4.800000000000001 5 6.2 3 0 3.2 8.4 4.2 1.2000000000000002 3 0 0 0 0 0 0 0 0 7.2 0 0 0 1.6 0 7.6000000000000005 1.4000000000000001 0 0.2 0 0 4.2 2 0 0 0 0 0 0 0 0 0 0 0 0 0 0.4 0 0 0 0 0 0 0 0 0 0 0 0 0 0 0 0 0 1.6 0 0 0 0 0 0 0 0 0 6.6000000000000005 13.4 11.8 0 5.6000000000000005 0 0 2 2.6 6 0 0 0 0 12.8 0.2 2.6 0.4 0 0.2 0.4 0 0 0 0 0 0 0.2 0.2 0 0.2 0 3.6 0.2 0 0 0 4.6000000000000005 17 0 0 0 0 0 0.2 0 0 0 0 8 0 0 3.2 0 0 0 0 0 0 0 0 0 0.2 0 0 0 0 0 0 0 0 0 0 0 0 0 0 0 0.4 0 0 0 0 0 0 0.2 0 0.6000000000000001 0.4 0.6000000000000001 0 2.8000000000000003 0 0 0.2 0 0 0 0 0 0 0 0 0 0 0 0 0 0 0 0 0 0 0 0 3 0 0 0 0 0 0 0 0 0 0 0 0 0 
 55.6 12.4 6 16.400000000000002 11 12.4 112.80000000000001 46.800000000000004 51.800000000000004 36.4 6.4 7.4 40.2 46.6 35.2 19.8 50.2 8.200000000000001 0 93.60000000000001 0.6000000000000001 0 0.6000000000000001 0.6000000000000001 0.4 0 0 0 0 0 0 0 0 0 0 0 14.8 1 14.8 0 0 0 0.6000000000000001 0 0 0 0 0.6000000000000001 0.6000000000000001 0.4 0 0.2 0 0.4 0 0 0 0.6000000000000001 0 0 0.4 0 0.4 0.6000000000000001 0.6000000000000001 0 0 0 0 0.2 0.4 0 0 0.4 0 0 0 0 0 0 2.4000000000000004 0 0 2 0 0 6.2 0.6000000000000001 0 0 6.2 0 0.2 9.200000000000001 3 2 0 7.4 3.2 2.6 0 0 0 0 0 0 0 0 0 0 0 0 0 0 0 0 0 0.4 0 0 0 0 0.4 0 0 0 0 0 0 0 0 0 0 0 0 0 0 0 0 0 0 0 0 0 0.6000000000000001 0 0 0 0.2 0 0 0 0 0 0 0.8 0 0 0 0 0 1.8 4.2 2.8000000000000003 5 0 2.2 2 0 0 0 1.4000000000000001 4.800000000000001 0 0 1.6 2.6 0 0 4 0 0 0 0 0 0 0 0 0 0 0 0 0 0 0 0 0 0 0 0 0 0 0 0 0.4 0 0 0 2 0 0 0 0 0 0 0 0 0 1.8 0 0 0 0 0 0 0 0 0 0 0 0 0 0 0 0 0 0 0 0 0 0 0 0 0 0 0 0.6000000000000001 0.4 0 0 0.4 0.6000000000000001 0 0.4 0 0 0 0 0 0 0 0 0 0 0 0 0 0 0 0 0 0 0 0.2 0 1.6 0 15.8 0 0 0 0 0 0 0 0 0 0 0 0 
 70.4 26.8 9.200000000000001 10.200000000000001 12.200000000000001 11.4 8.8 40.400000000000006 26.400000000000002 14.600000000000001 12 7.4 48.800000000000004 38.6 47.6 55.6 10 8 93.60000000000001 0 0.6000000000000001 0 0.6000000000000001 0.6000000000000001 0.4 0 0.4 0 0 0.2 0 0 0 0.4 0 0 0.2 1 0 0 0 0 0.6000000000000001 0 0 0 0 0.6000000000000001 1.2000000000000002 0.4 0 0 0 11.200000000000001 0 0 0 0.6000000000000001 0 0 0.4 0 0.4 0.6000000000000001 0.6000000000000001 0 0 0 0 0 0.4 0 8.6 0.4 0 0 0 0 0 0 3.4000000000000004 0 0 0.2 0 0 6.2 2.8000000000000003 5.6000000000000005 2.8000000000000003 4.4 0 12 5.800000000000001 2 1 0 2.8000000000000003 10.200000000000001 3 0 1.8 0 0 0 0 0 0 0 0 0 0 0 0 0 0 0 0 0 0 0 0 0 0 0 0 0 0 0 0 0 0 0 0 0 0 0 0 0 0 0 3.4000000000000004 0 0 1.4000000000000001 0 0 0 0.2 0 0 0 0 0 0 0.6000000000000001 0 0 0 0 2 3.4000000000000004 3.6 2.4000000000000004 0.4 0 7.4 1.8 3.4000000000000004 2.8000000000000003 0.8 0 0.2 4.800000000000001 3 0 5.800000000000001 0 0.2 3.8000000000000003 0 0 0 0 0 0 0 0 0 0 0 0 0 0 0 0 0 0 0 0 0 0 0 0 0 0 0 0 2 0 0 0 0 4.2 0 0 0 0 0 0 0 0 0 0 0 0 0 0 0 0 0 0 0 0 0 0 0 0 0 0 0 0 0 0 0 0.8 0.4 0 0 0 0.4 1.6 0 5.4 0 0 0 0 0 0 0 0 0 0 0 0.2 0 0 0 0 0 0 0 0 0 2.4000000000000004 0 3.6 0 0 0 0 0 0 0 0 0 0 0 0 
 0.8 0.6000000000000001 0.6000000000000001 1 1.2000000000000002 0.6000000000000001 0.6000000000000001 0.6000000000000001 0.6000000000000001 0.6000000000000001 17.400000000000002 5.2 0.6000000000000001 0.6000000000000001 0.6000000000000001 0.6000000000000001 0.6000000000000001 0.6000000000000001 0.6000000000000001 0.6000000000000001 0 35.800000000000004 25.6 22 33 5.800000000000001 94.80000000000001 42 24 7.4 45.800000000000004 6.6000000000000005 8.8 16.8 93.80000000000001 9.8 26.8 21.8 4.4 50.400000000000006 0 0.4 0.6000000000000001 0 0 0 0 1.2000000000000002 0 0.2 0 0 12.8 1.4000000000000001 0.8 0.4 0 0 19.400000000000002 0.6000000000000001 0.6000000000000001 0 1.4000000000000001 0 0 0 0.6000000000000001 0.4 0.8 0.6000000000000001 0 0.2 0 0 0 0.6000000000000001 0 0.2 0 0 0 0 0 0 0 0 0 0 0 0 0 0 0 0 0 0 0 0 0 0 0 6 4 2 5 0 0 4.2 3 3.8000000000000003 0.2 1.8 2.6 6.2 3.6 4 0 3.8000000000000003 6.2 0.2 3 0.6000000000000001 0 0 0.4 0 0 0 0.4 0 3 0 0 0 1 0 0 0 2 3 0 0 0 0 0 0 0 0 2 0 0 0 0 0 0 0 0 0 0.4 0 0 0 0 0 0 0 0 0 0 3 0 0 0 0 0 0 0 0 0 0 0.4 3.6 0 3.8000000000000003 7.2 0 0 3 2.8000000000000003 3.6 0 0 0 0.6000000000000001 6.2 0 7.4 6.2 0 0.4 0 0 0 0 0 0 1.8 0 0 0 0 0 2.6 0 0 0 0 0 3.4000000000000004 0.2 0 0 0 0 0 0 0 0 0 0 0 0 0 0 0 0 0 0 0 0 0 0 0 0 0 0 0 0 0 4.800000000000001 0 0 0 0 1.4000000000000001 0 0 0.2 7.2 0.4 0.6000000000000001 3.6 0 0 0 0 0 0 0 0 0 0 0 0 0 1.6 0 0 0 0 0 0 0 0 0 0 0.8 0 0 0 
 0.2 9.200000000000001 0 0.4 16 14.8 0.4 0 0 0 14.600000000000001 41.800000000000004 0 0.4 0 0 0 0 0 0 35.800000000000004 0 23 36.4 5 7 28.200000000000003 13 45.6 28 7.4 4.2 9.200000000000001 27.8 77.4 53.400000000000006 87.60000000000001 8.4 21.6 51.6 0 0.4 0.6000000000000001 0 0 13.4 12.600000000000001 0 0 0 0 0 0.4 0.6000000000000001 0 0.4 0 0 18.2 25.8 0 0 0.6000000000000001 0 0 0 0.6000000000000001 0.6000000000000001 1.6 0.6000000000000001 0 0 0 0 0 0.6000000000000001 0 0.2 0 0 0 0 0 0 0 0 0 0 0 0 0 0 0 0 0 0 0 0 0 0 4.4 1.4000000000000001 5.6000000000000005 3.6 10.200000000000001 0 0 2.2 2.6 6 0 0.2 3.8000000000000003 3.6 10 1.8 4 6.2 0 0 5 0 0 0 0.4 0 0 1.8 0.2 0 0 0 4.4 0 0 0.4 0 2.6 2 10.4 0.4 0 0 0 0 0 0 0 0 0 0 0 0 0 0 0 0 0 0.4 0 0 0 0 0 0 0 0 0 0 0 0 0 0 0 0 0 0 0 0 0 6.6000000000000005 3.6 2.6 3.4000000000000004 5 0 2 4.800000000000001 1.4000000000000001 0 2 4.6000000000000005 3.2 2 10.4 3.6 7.6000000000000005 8.8 0 3.8000000000000003 0 0 0 0 0 0 0.2 0 0 0 0 0 7.4 0.2 0 0.2 0 0 0 1.8 0 0 0 0 0 0 0 0 0 0 0 0 0 0 0 0 0 0 0 0 0 0 0 0 0 0 0 0 0 0.4 0 0 0 0 1.4000000000000001 0 0 0.6000000000000001 15.200000000000001 0.4 0 3.8000000000000003 0 0 0 0 0 0 0 0 0 0 0 0 0 0 0 0 0 2.2 0 0 0 0 0 2.6 0.4 0 0 0 
 0.6000000000000001 0.6000000000000001 1 0.6000000000000001 18.400000000000002 30.8 0.6000000000000001 0.6000000000000001 0.6000000000000001 0.6000000000000001 0.6000000000000001 0.6000000000000001 0.6000000000000001 0.6000000000000001 1 1 1 0.6000000000000001 0.6000000000000001 0.6000000000000001 25.6 23 0 15.200000000000001 22.8 7.4 33.800000000000004 29.400000000000002 47.6 33.2 60.6 23.8 70.2 10.4 30.8 19.6 11.200000000000001 18.2 31.400000000000002 24.200000000000003 0 41.800000000000004 0.6000000000000001 0.4 0 0 0 0.6000000000000001 0 0 5 4.2 0.4 0.6000000000000001 0 0.4 0.2 0.4 1 0.6000000000000001 0 0 0.6000000000000001 0 0.6000000000000001 0 0.6000000000000001 0.4 0 8.4 0.4 0.8 9.8 0 0 0.6000000000000001 0 0 0 0 0 0 0 0 0.2 0 0 0 0 0 0 0 2.4000000000000004 0 0 0 0 0 0.2 0.2 10.200000000000001 1.4000000000000001 2 3.2 0 0 1.2000000000000002 3.6 0.2 2.6 2.6 3.2 0 4.800000000000001 7.800000000000001 9.8 0.4 2 0 2 0 0 0 0 0 0 1.4000000000000001 0 0 0 0 0 2.6 0 0 0 0 2.4000000000000004 1.8 0 0 0 0 0 0 0 0 0 0 0 0.8 0 0 0 1 0 0 0 0 0 0 0 0 0 0 0 0 0 0 0.2 0 0 0 0 0 0 0 0 0 0 0 1.8 5 0 1.6 2.6 4.4 6.800000000000001 3 5.2 1.8 7.6000000000000005 0 2.2 2.6 3.8000000000000003 11.8 0 0 2.4000000000000004 1.6 0.4 0 0 0 0 0 2.6 0 0 0 0 0 0 0 0 0 0 2.8000000000000003 0 0 0 0 0 0 0 0 0 0 0 0 0 0 0 0 0 0 0 0 0 0 0 0 0 0 0 0 0 0 0 0 0 0 0 0.4 0 0 1 1.6 0.4 2.4000000000000004 0 0.2 0 0 0 0 4.2 0 0 0 0 0 0 0 0 0 0 0 2.2 0 2.6 0 0 0 2 0 0 0 0 
 3.4000000000000004 0.6000000000000001 0.6000000000000001 0.6000000000000001 0.6000000000000001 0.6000000000000001 1 1.2000000000000002 0.6000000000000001 0.6000000000000001 0.6000000000000001 1 1 0.6000000000000001 0.6000000000000001 0.6000000000000001 41.6 0.6000000000000001 0.6000000000000001 0.6000000000000001 22 36.4 15.200000000000001 0 22.8 26.400000000000002 35.800000000000004 28 66.2 44.6 39.2 27 25.6 44 71.4 50.400000000000006 14.600000000000001 76.80000000000001 31.8 36.800000000000004 0.4 5 1 0 0.4 0 0.4 0.2 0 0 0.2 0 0.8 1 0 0.6000000000000001 0 0 12.600000000000001 1 0 0.4 0.6000000000000001 0.4 0 0.2 12.8 0.4 0 0.6000000000000001 0 0 0 0.2 0 1.4000000000000001 0 0.2 0 0.2 0 3.2 0 0 0 0 0 0 0 0 0 0 0 0 0 0 1.4000000000000001 0 0 0 3.8000000000000003 4.800000000000001 5 4.6000000000000005 0.4 4 2 0 5 2.2 0.4 4 0.6000000000000001 1 0 2.6 3 8.4 0 0 0 0 0 0 0 0 3 0 3.2 0 0 0 1.2000000000000002 0.4 0 0 0 0 6.800000000000001 0 0 0 0 0 2 1.2000000000000002 0 0 0 0 0 0 0 0 0 0 0 0 0 0 0 0 0 0 0 0 0 0 0 0 0 0 0 0 0 0 0.4 0 0 0 0 2.6 0 0 0 9.8 2.4000000000000004 2 6.6000000000000005 3.4000000000000004 3 0.4 0.4 7.4 4 3.8000000000000003 5 0.4 0 0 0 0 0 0 0 0.4 0 0 0 0 0 0 5 0 0 3.6 0 0 3.4000000000000004 0 0 0 0 0 0 0 0.2 0 0 0 0 0 0 0 0.2 0 0 0 2.8000000000000003 0 0 0 0 0 0 0 0 0 0 0 0 0 0 0.2 0.4 0 0.4 8 0 0 0.8 2.8000000000000003 0 0 0 4.2 0 0 0 0 0 0 0 0 0 0 0 0 0 0 0 2 0.2 0 0 5 0 0 0 0 
 1 0.8 0.4 0.8 0.4 0.4 0.4 0.4 0.4 0.4 0.4 0.4 0.4 0.8 0.4 0.4 0.4 0.8 0.4 0.4 33 5 22.8 22.8 0 15 28 55 37.2 16.6 17.2 55.800000000000004 13.4 38.800000000000004 36.4 28 18.6 30.200000000000003 11.200000000000001 27.6 0 0.4 11.4 0 0 0 0.2 2.8000000000000003 5.4 0 0 0 6.2 0.6000000000000001 26.6 0.8 0 0 35.2 25.400000000000002 0 0 2.2 0 0 0.4 0.6000000000000001 0.6000000000000001 0 0.6000000000000001 0 0 0 0 0.4 0.6000000000000001 0.4 0.2 0.2 1 0 0 0 0 0.2 0 0 0 0 0 0 0 0 0 0 0 0 0 0 0 0 3.6 2.4000000000000004 5.2 4.6000000000000005 1.4000000000000001 0 0 5 3.4000000000000004 2 4.6000000000000005 1.8 8 2.2 0 0 3.2 0 0 2.2 0 5.4 0 0 0 5.2 0 0 4 4.4 0 0.2 4 4.2 0 0 2.6 7.4 5.6000000000000005 0 0 0 0 0 0 2.4000000000000004 0 0 0 0 0 0.2 0 0 0 0 0 0 0 0 0 0 0 0 0 0.2 0 0 0 3.4000000000000004 0.8 0 0 0 0 0 0 0 0 2.2 0 3.2 0 1.4000000000000001 0.2 0 0 2 5.4 3.2 2.4000000000000004 0 0 0 2.6 2 2.4000000000000004 0 0 4.4 0.2 0 1.4000000000000001 0 0 3.6 0.6000000000000001 4 2.8000000000000003 1.8 1.4000000000000001 0 3 0 1.8 0 0 4.4 0.4 0 0 0 0 0 0 0 0 0 0 0 0 0 0 0 0 0 0 0 0 0 0 0 0 0 0 0.4 0 0 0 0 0 0 0 2.8000000000000003 1 0 0.8 15 0 3.2 3.2 0 0 0 0 0.2 0 0 0 0 0 0 0 0 0 0 0 0 0 0 0 0 0 0 0 0 0.2 0 0 
 1 0.4 0.2 0 0 15.200000000000001 0 0 0 0 0 0.4 0.2 0 0 0 0 0 0 0 5.800000000000001 7 7.4 26.400000000000002 15 0 9.4 4.800000000000001 40.2 12.200000000000001 44.2 49.800000000000004 12 11.600000000000001 28.8 17 14.600000000000001 23.8 7.6000000000000005 8.200000000000001 0 0.4 0.6000000000000001 0.2 0.8 0 28.400000000000002 25 1.2000000000000002 12 0.4 0 0.4 5.6000000000000005 0 0.6000000000000001 0 0.6000000000000001 0.4 13.4 0 0 0.8 0 0 1 7.2 0.4 0.8 0.6000000000000001 0 0.2 0 0 0 0.4 0 0.2 0 10.4 0 0 0 0 0 0 0 0 0 0 0 0 0 0 0 0 0 0 0 0 0 0 0 2.2 2.4000000000000004 2.2 0.4 0 0 0 4 4 0.4 0.4 0 0 0 0 0 0 0 0 0 0.2 0 0 2.6 0 4.800000000000001 0.4 0 0.2 13.200000000000001 0 2.2 3 2 0 3.4000000000000004 9.600000000000001 0 0 0 0 0 1 0 0 0 0 0 0.4 0 0 0 0 0 0 0 0 0 0 0 0 0 0 0 0 0 1 0 0.2 0 0 0 0 0 0.2 0 0 0 0 0.4 9 4.2 6.6000000000000005 0 0 0 2.8000000000000003 2 2.8000000000000003 0 0 0 1.2000000000000002 0 0.2 0.4 0 2.2 1.6 0 0 0 0 0 5.2 0.2 0.2 0 0 14.200000000000001 4 1.2000000000000002 4.2 3.4000000000000004 0 2 4.6000000000000005 0 0 0 0 0 0 0 0 0 0 0 0.4 0 0 0 0 0 0 0 0 0 0 0 0 0 0.4 0 0 0 0 0 0 0 0 2.2 0 1 29.6 8.4 1.2000000000000002 0 0 0 0 0 0 2.4000000000000004 0 0 0 0 0 0 0 0 0 0 0 0 0 0 0.8 0 0 0 0 0 0 0 0 
 0.2 0 0.2 0.6000000000000001 1.4000000000000001 16.6 3.8000000000000003 0 0 0 0.8 0.2 0 0 0 0 4.6000000000000005 14.600000000000001 0 0.4 94.80000000000001 28.200000000000003 33.800000000000004 35.800000000000004 28 9.4 0 44 24.200000000000003 10.200000000000001 38.6 63.2 44.800000000000004 82.2 17.6 82.4 6.800000000000001 24.200000000000003 89.80000000000001 47 0 0.4 0.6000000000000001 0 0 0 0.2 0.2 0 0 0 0 0.4 0.6000000000000001 0 0.6000000000000001 0 0 0.4 0.6000000000000001 0 0 0.6000000000000001 0 0 0 0.4 0.4 0.8 0.6000000000000001 0 0 0 0 0 0.4 0 0.4 0 0 0 0 0.2 0 0.2 2.6 0 0 0 2.4000000000000004 0 2.6 0 0 0 2.4000000000000004 2.2 0 0 0 0 3.4000000000000004 0.6000000000000001 0 4.800000000000001 0 5.800000000000001 0 4.2 0.2 3.8000000000000003 10.8 2.2 10.200000000000001 12.600000000000001 5.800000000000001 2.8000000000000003 2.8000000000000003 0.2 4.6000000000000005 0.2 0 0 0 0 0 0 0 0.2 0 0 0 0 0 0 0 0 0.2 0 0 0.2 0 0 0 0 0 0 0 0 0 0 0 0 0 6.4 0 0 0 0 0 0 0 5 0.2 0 0 0 0 1.8 0 2 0 0 0 0 0 0.6000000000000001 1 0 0 1.8 6 0 0 0 0 0 4 4.4 4.4 2 3.8000000000000003 0 0 0 0 2.6 0.2 2.4000000000000004 0 0 0 0 0 0 0 0 0 0 0 0 4 0 0 0 0 0 0.2 2.4000000000000004 0 0 0 0 0 0 0 0 0 0 0 0 0 0 0 0 0 1.8 0 0 0 0 0 0 0 0 0 0 0 0 14.4 0 0 1.2000000000000002 0 2 0.4 0.4 15.200000000000001 15.4 0.4 0.4 0.2 0 0 0 0 0 0 0 0 0 0 0 0 0 0 0 0 0 0 0 0 0 0 0 0 0 0 0 0 
 0.8 0 0 0 0 5.800000000000001 0 0.2 0 15.600000000000001 0 0 0 0 0 0 0 0 0 0 42 13 29.400000000000002 28 55 4.800000000000001 44 0 56 34 31.8 49 31.200000000000003 91.4 43.6 26 7.6000000000000005 7.4 25.8 6.2 0 0.4 0.6000000000000001 0 0 0 0 0 0 0 0 0 0.4 0.6000000000000001 0 0.6000000000000001 12.600000000000001 0 1 0.6000000000000001 0 0 0.6000000000000001 0 0 0 0.6000000000000001 0.4 0 0.6000000000000001 0.4 0 0 0 0 0.6000000000000001 0 0.2 0 0 0.2 0 0 0 0 0.2 0 0 0 0 0 0 0 0 0 0 0 0 0 0 5 2.4000000000000004 4.4 1.2000000000000002 3.6 0.6000000000000001 2.6 1.2000000000000002 6.2 8 0 3.2 0 3.8000000000000003 7 3 3.2 2 0 3.8000000000000003 2.6 0 0 0 0 0 0 1.8 0 0 0 0 2 0 2.4000000000000004 0 0 0 0 2.6 0 0 0 0 0 0 0 0 0 0 1 0 0 0.2 1.2000000000000002 0 0 0 0 0 0 0 0 0.4 0 0.2 0 0.2 0 0 0 0 0 0 0 0 0 0 0 0 10.8 0 3.2 6.6000000000000005 3.2 4.2 5 2.6 3.6 0 2 0.4 0 4.6000000000000005 2.6 2.6 2 7.2 0 2.2 0 0 0 0 0 0 0.6000000000000001 0 0.2 0 0 0 7.4 0 0 0.2 0 0 0.2 3.2 0 0 0 0 0 0 0 0 0 0 0 0 0.2 0 0 0 0 0 0 0 0 0 0 0 0 0 0 0 0 0 0 0 0 0 1.8 0.4 0 0 15.200000000000001 0 0.6000000000000001 0 0 0 0 0 0 0 0 0 0 0 0 0 0 0 0 0 0 0 0 2 0 0 0 0.2 0 0 0 0 
 1.4000000000000001 0 0 0 0.6000000000000001 0 0 0.6000000000000001 0 0 0.6000000000000001 0 0 0.4 0 0 0 0 0 0 24 45.6 47.6 66.2 37.2 40.2 24.200000000000003 56 0 15.200000000000001 19 63.6 11 46.800000000000004 41.2 36 24.8 34.4 22 28.6 0 0.4 0.6000000000000001 0 0 0 0 0 0 0 0 0 12.8 13.4 0 0.4 0 0 6.4 0.8 0 0 0.6000000000000001 0 0 0.2 11.600000000000001 0.4 0 0.6000000000000001 0 0 0 0 0 0.6000000000000001 0 0.2 0 0 0 0 0 0 0 0 0 0 0 0 0 0 0 0 0.4 0 0 0 0 0 2.4000000000000004 0.2 5 9 5.800000000000001 0 0 0 2 9.600000000000001 1.8 11.8 0 2.2 0 0 6.4 4.800000000000001 0 0 0 0.4 0 0 0 0 0 3.2 2 0 0 0 2 0 0 0 0 0 5.4 2.4000000000000004 0 0 0 0 0 0 0.2 0 0 0 0 0 0 0 0 0 0 0 0 0 0 0 0 0 0 0 0 0 0 0 0 1.2000000000000002 0 0 0 0 0 0 0 0 0 0 5.2 2 5 0.2 0.2 0 5.2 5.2 7 9.200000000000001 0 0.2 0 8.6 0 7.4 0 0 1.4000000000000001 0 0 0 0 0 0.6000000000000001 2.6 0 0 0 0 2.6 2.2 5 0.2 0 0 2 1.2000000000000002 0 0 0 0 0.4 0 0 0 1.8 0 0 0 0 0 0 3.2 0 0 0 0 0 0 0 0 0 0 0 0 0 0 0 0 0 0 1.8 0 0 15.4 0 0 3.8000000000000003 1.8 0 0 0 0 3.4000000000000004 0 0 0 0 0 0 0 0 0 0 0 0 0.2 0 2.2 0 0 0 2.6 0 0 0 0 
 1 0 0 0 0 5.6000000000000005 0.2 0 0 0 0 0 0 0 0 0.4 0 0 0 0.2 7.4 28 33.2 44.6 16.6 12.200000000000001 10.200000000000001 34 15.200000000000001 0 66.8 26.200000000000003 27.8 30.8 86.80000000000001 34.6 17 77.2 32.4 47.400000000000006 1.2000000000000002 0.4 0.6000000000000001 0 13.8 0 0.4 0.4 0 1.4000000000000001 11.200000000000001 0 0.4 0.6000000000000001 0 0.6000000000000001 0 0 2.4000000000000004 0.6000000000000001 0 0 0.6000000000000001 0 0 0 0.4 0.4 0 0.6000000000000001 0.6000000000000001 0 0 0 0 0.4 0 0.6000000000000001 0.2 0 0.2 0.2 0 0 0 0 0 0 0 0 0 0 0 0 0 0 0 0 0 0 8.4 3.8000000000000003 0.8 1.4000000000000001 0.2 0 1.8 6.4 2.2 0.8 0 3 0.2 1.8 2.2 4.2 2.6 0 0 8.6 0 0 0 0 0 0 0 0 0 0 0 0 1.8 0 2.8000000000000003 0 0 0 3.2 2 0 0 0 0 0 0 0 0 0 0 0.8 0 0 0 0.8 0 0 0 0 0 0 0 0 0.4 0 0 0.2 0.2 0 0 0 0 0 0 0 0 0 0 0 0 0.2 0.2 0.8 5.6000000000000005 1.6 4.2 4.800000000000001 2 3.4000000000000004 0.2 0.8 0 0 4.4 7 0.8 10.8 3.8000000000000003 4 1 0 0 0 0 0 0 4.2 0 0.2 0 0 0 4.6000000000000005 2 0 0 0 0 0 2 0 0 0 0 0 0 0 0 0 0 0 0 0 0 0 0 0 0 0 0 0 0 0 0 0 0 0 0 0 0 0 0 0 0 0.4 0 0 0 0 0.4 2 0 0 0 0 0 0 0 0 0 0 0 0 0 0 0 0 0 0 0 0 2.8000000000000003 0 0 0.2 0 0 0 0 0 
 0.6000000000000001 0 6.4 0 1.2000000000000002 16.6 0 0 0 0 0.4 0 0 0 0 0.6000000000000001 0 0 0 0 45.800000000000004 7.4 60.6 39.2 17.2 44.2 38.6 31.8 19 66.8 0 37.2 40 7.2 32.2 23.200000000000003 40.800000000000004 11.8 5 18.2 0 0.4 16.2 0 0 0 12.600000000000001 0 0 0 0 0 0.4 0.6000000000000001 0 0.4 0 0 0.2 0.8 0 0 0.6000000000000001 0 0 0 11 0.4 0 0.6000000000000001 0 0 0 0 0 0.6000000000000001 0 0 0 0 0 0 0 0 0 0 0 0 0 0 0 0 0 0 0 0 0 0 0 0 2.2 2.4000000000000004 4.6000000000000005 3 0 0 2.6 5.4 4 4.2 2.8000000000000003 1.6 0 2.2 5.2 2.8000000000000003 3.2 1.8 0 3.4000000000000004 0 0 0 0 0 0 0 2.4000000000000004 0 0 0 0 0 0 0 0 0 0 2.2 0 0 0 0 0 0 0 0 0 0 0 0.4 0 0 0 0.8 0 0 0 0 0 0 0 0 0 0 0 0 0 0 0 0 0 0 0 0 0 0 0 0 0 0 1.4000000000000001 3.6 0.6000000000000001 7.4 6.6000000000000005 4.800000000000001 4.6000000000000005 3.8000000000000003 3.8000000000000003 1 4.2 3.4000000000000004 2.6 7.6000000000000005 8.6 1.8 5.800000000000001 0 1.6 0.2 0 0 0 0 0.2 0.6000000000000001 0 0 0.8 0 0 5.6000000000000005 3 0 3.6 0 0 0 1.8 0 0 0 0 0 0 0 0 0 0 0 0 0 0 0 0 0 0 0 0 0 0 0 0 0 0 0 0 0 0 0 0 0 0 2.8000000000000003 0.4 0.2 0 0.8 0 0.8 0 0 0 0 0 0 0 0 0 0 0 0 0 0 0 0 0 0 0 0 4.800000000000001 0 0 0 0 2.2 0 0 0 
