 0 87.4 56.6 114.60000000000001 9.8 7 74.60000000000001 12 53 8.8 26.6 22 74 65.60000000000001 11.4 28.400000000000002 23.400000000000002 65 27.200000000000003 16.6 0.4 0.4 0.4 0 0 0.4 0 0 0.8 0 0 0.2 0 0.4 0 0.6000000000000001 0.6000000000000001 15 0 0 0 0.2 0 0 0 7.4 0 0.4 1 1 0 0.4 0 0 0 0 1.6 0.6000000000000001 0.4 1.2000000000000002 0 0 0.4 0.6000000000000001 0.8 0 0.6000000000000001 0.4 0.6000000000000001 1.8 0 1.6 0 0.6000000000000001 0.4 0 0 0.8 0 0.6000000000000001 5.2 0 4 4 2.4000000000000004 6.4 2.4000000000000004 0.2 2.6 10.4 0 3 3.8000000000000003 3.6 0 1.8 2.8000000000000003 9.8 2 2.6 0 0 0 0 0 0 0 0 0 0.4 0 0 2 0 0 0 0.4 0 0 0 1.8 0 0.2 0 0 0 0 0 0 0 0 0 0 0 0 0 0 0 0 0 0 0 0 0 0 0 0 0 0 0 0 0 0 0 0 0 0 0 0 0 5.6000000000000005 2.2 0 0 0.4 2.6 6.800000000000001 0 0 4.2 3.8000000000000003 2.2 2.4000000000000004 2 2.8000000000000003 2.6 2 3.4000000000000004 3 0 0 0 3.6 0 0 0 0 4.4 0 0 0.2 0 0.4 0 3.8000000000000003 0.4 0 0 0 0 0 0 0 0 0 0 0 0 0 0 0 0 0 0 0 0 0 0 0 0 0 0 0 0 0 0 0 0.2 0 0 0 0 0 0 0 0 0 0 0 0 0 2.6 0 0 0 0.4 0.2 0 0.4 0 3 0 0 0 0 0 0 0 0 0 0 0 0 0 0 0 0 0 0 0 0 0 0 0 0 0 0 0.2 0 0 0 0 0 0 0 0.2 0 0 0 0 
 87.4 0 104 13 6.2 8.4 34.6 17.8 11.600000000000001 7.4 17.400000000000002 27 31.400000000000002 15.8 12.4 11.600000000000001 6.4 8.6 79.4 76.4 0.4 0 0 0 0 0.2 0 0 0.4 0 0 0 0 0 0 0 0.4 0.2 0 0 0 0 0 0 0 0 0 0 0.6000000000000001 0 0 0.4 0 0 0 0 0.4 0 0.4 0.6000000000000001 0 0 0.4 0.8 0 0 0.4 0.4 0 0.6000000000000001 0 0.6000000000000001 0 0.6000000000000001 0.2 0 0 0 0 0.6000000000000001 1.8 0.4 2.2 4.6000000000000005 0.8 3.4000000000000004 2 2.6 4 2.4000000000000004 1.8 11.200000000000001 2.6 4.6000000000000005 5 3.8000000000000003 0 2.6 2.6 7.800000000000001 0 0 0 0 0 0 0 2.8000000000000003 0 0 0 0 0 0 0 0 0 0 0.4 0 0 0 0 0 0 0 0 0 4.4 0 0 0 0 0 0 0 0 0 0 0 0 0.2 0 0.4 0 0 0 0 0 0 0 0 0 0 0 0 0 0 0 0 0.4 0.4 0 0 0 0 3.6 0.4 0 7.6000000000000005 3.2 3 2 3 1.4000000000000001 3.4000000000000004 2.2 0 4.6000000000000005 2.8000000000000003 0 0 0 0 0 0 0 0 0 0 0 0 2.8000000000000003 0 0 0 0 0 0 0.2 0 0 0 0 0 0 0 0 0 0 0.2 0 0 0 0.2 0 0 0 0 0 0 0 0 0 0 0 0 0 0 0 0 0 0 0 0 0 0 0 0 0 0 0 0 0 0 0 0.8 0 0 0.6000000000000001 3.4000000000000004 0 0 0 0 0 0 0 0 0 0 0 0 0 0 0 0 0 0 0 0 0 0 0 0 0 0 0.2 0 0 0 0 0 0 0 0 0 0 0 4 
 56.6 104 0 16.6 8.8 10.4 43.800000000000004 60.400000000000006 18.2 79 8.200000000000001 68.60000000000001 38.2 63.400000000000006 7.800000000000001 24.200000000000003 53.2 38 89.4 50.2 0.8 0 0 0.2 0 0 0 0 0.4 0 0 0 0.6000000000000001 0 0 0 0.4 0.4 0.2 0 0 0 0 0 0 12.600000000000001 0 0 0.6000000000000001 0 0 0.4 0 0 0 0 0.4 0 0.4 0.6000000000000001 0 0 0.4 0 0 0.4 0.6000000000000001 0.6000000000000001 0 0.4 0 0.6000000000000001 0 0.6000000000000001 0.6000000000000001 0 0 0 0 0.6000000000000001 0.2 0 6.6000000000000005 4 0 5.800000000000001 2 0 2.8000000000000003 5.2 0.4 20 2.6 3.8000000000000003 0 0 2.6 4.6000000000000005 0.6000000000000001 0 0 0 0 0 0 0 0 3 0 0 0 0 0.8 0 4.800000000000001 0 0 0 2.2 1.4000000000000001 0 0 0 0 0 0 0 0 0 0 0 0 0 0 0 0 0 0 0 0 0 0 0 0 0 0 0 0 0 0 0 0 0 0 0.4 0 0 0 0 0 0 3.6 2.8000000000000003 3.2 0 0 0.2 3.2 3 2 4.6000000000000005 3.6 0 4 2.8000000000000003 2.8000000000000003 3.6 7.2 0 0 0 0 0 0 0 0.4 0 0 0 0 0 0 3 0 2.2 0 0 0 0 0 0 0 0 0 0 0 0 0 0 0 0 0 3.6 0.4 0 0 0 0 0 0 0 0 0 0 0 0 0 0 0 0 0 0 0 0.2 0 0 0 0.2 0 0 0 2.4000000000000004 0 0 0 0.4 0.2 0 0 4.4 4 3.8000000000000003 0 0 0.4 0 0 0 0 0 0.2 0 0 0 0 0 0 0.4 0 0 0 0 0 0 0 0 4.2 0.2 0 0 0 0 0 0 0 0 0 0 0 0 
 114.60000000000001 13 16.6 0 55.2 8 9.600000000000001 32 36 40.6 16.2 10 9.8 15.4 27.400000000000002 10.600000000000001 35 30.6 16.400000000000002 28.8 0.4 0 23.200000000000003 0 41.400000000000006 0 0.4 3.4000000000000004 20.200000000000003 14.600000000000001 0 0.4 15.200000000000001 23.8 0 0 0.4 0.2 29.400000000000002 0.2 0 0.6000000000000001 0 0 0 0 0 0 0.6000000000000001 0 0 0.4 0 0 0 0 0.4 0.2 0.4 0.6000000000000001 0 0 0.4 0 0 0.4 0.6000000000000001 8.200000000000001 0 0 0 0.6000000000000001 0 0.6000000000000001 0.6000000000000001 0 1.2000000000000002 0 0 0.6000000000000001 1.8 0 0 2.6 0 0 0 0 0 7.800000000000001 4.6000000000000005 5.4 0 0 0.4 0.2 0 1.8 0.2 0 5.6000000000000005 4 0 0 0 0 2.4000000000000004 0 0 0 0 0 1 2 0 2.4000000000000004 0 0 12.4 0.2 0 0 0 0 0 0 0 0 0 0.2 0 0.2 0 0 0 0 3.6 0.2 0 0 0 0 0 0 0 0 0 0 0 0 0 0 0 0 0 0 0 0 0 0 2.8000000000000003 4.6000000000000005 4.6000000000000005 3 11.200000000000001 5.4 0 1.8 4.2 4.4 3 0 0 4.4 2.4000000000000004 6 0.2 4.4 0 0.2 1.8 0 0 0 0 0 0 3.2 1.8 0 0 0 0 0 13.200000000000001 4.2 0 0 7.2 0.4 0 0 0 0 0 0 0 0 0 0 0.2 2.6 0 0 0 0 0 0 0 0 0 0 0 0 0 0 0.2 0 0 0 0 0 0 0 0 0.2 0 0 0 0 0 0 0 0 0 0.2 0.2 0.2 0.6000000000000001 0.2 0 0.4 2.4000000000000004 0.2 0 0 0 0 0 0 0 0 0.2 0 0 0 0 0 0 0 0 0 0 0 0 0 3 0 0 0 0 0 0 0 0 0 0 0 0 0 
 9.8 6.2 8.8 55.2 0 30.8 10.4 13.600000000000001 32.800000000000004 48.800000000000004 53 7.2 11.4 13.200000000000001 24.200000000000003 51 42.800000000000004 8.4 15.600000000000001 16 0.6000000000000001 21.6 0 0 0 0.6000000000000001 14.600000000000001 0.2 14.8 0 0 0 0.2 18 15 7.2 0.8 0.6000000000000001 5 21.200000000000003 0 0.8 0 1.2000000000000002 0 0 0 0.8 1.2000000000000002 1 0.4 1 0 0 0 0 1.4000000000000001 0 0.4 1.2000000000000002 0 0 0.4 0.6000000000000001 0.8 0 0.6000000000000001 0.6000000000000001 0.4 0.8 0 1.6 0 0.6000000000000001 0.6000000000000001 0 0.4 0.8 0 0 0 2.6 0 0.6000000000000001 0.8 5.2 0 0 2.4000000000000004 0 5.6000000000000005 4 0 0 0 0 0 0 0 0 1 4.4 2.8000000000000003 0 0 0 10 5.2 8.200000000000001 7 0 0 1.8 1.8 5.6000000000000005 0 2.6 0 2.8000000000000003 3.6 0 0 0 0.2 0 0 0 0 0 0 0 0 0 0 0 0 0 0 0 0 0 0 0 0 0 0 0 0 0 0 0 0 0 0 0 0 0 0 0 0 0 1.4000000000000001 11.8 0 4 5.6000000000000005 0 2.6 3.2 0 0 0 0 0 0 0.4 0 2.8000000000000003 0 0 4 2.6 0.2 0 0 0 4 4.2 6 0 0 0 0 7.800000000000001 5.6000000000000005 2 4.800000000000001 3.2 2 2 0 0 0 0 0 0 0 0 0 0 0.6000000000000001 0 0 0 0 0 0 0 0 0 0 0 0 0 0 0 0 0 0 0 0 0 0 0 0 0 0 0 0 0 0 0 0 0 0 0 0.8 0.4 17.6 0.2 0 0 2 0 0 0 0 0 0 0 0 0 0 0 0 0 0 0 0 0 0 0 0 0 0 0 3.6 2.6 0 0 0 0 0 0 0 0 0 0 0 0 
 7 8.4 10.4 8 30.8 0 7 5.4 10.4 14.4 16.400000000000002 56 48.800000000000004 11.4 9 22.6 14.8 8 51 10.4 12.4 4.800000000000001 0 0 0 0 44.6 19.8 15 0 0.2 0 13.4 0.6000000000000001 30.400000000000002 38.2 0.4 0.4 0 20.200000000000003 0 0 0 0 0 0 0 0 0.6000000000000001 0 0 0.4 0 0 0 0 5.800000000000001 0 0.4 0.6000000000000001 0 0 1.4000000000000001 0 0 0.2 0.4 0.4 9.8 0 0.2 0.6000000000000001 0 0.6000000000000001 1 0 0 0 0 0.6000000000000001 0 0 0 7.4 2.8000000000000003 1.4000000000000001 0 0 0 0 0 0 0 0 0 3.6 0 2 0 0 4 2.2 4.6000000000000005 4 0 0.2 3.2 0 7.6000000000000005 7 1.4000000000000001 0 8.4 0 3.6 2.4000000000000004 0.2 1.6 2 4.800000000000001 0 0 0 0 0 0 0 0 0 0 0 0 0 0 0 0 0 0 0 0 0.2 0 0 0 0 0 0 0 0 0 0 0 0 0 0 0 1 0 0 0 0 0 0 0 0 0 0 0 0.8 7.4 0 0 0 0 0 0.2 0 0 0 0 0 2.2 1 2.6 0 0 8 3.4000000000000004 8.4 0 0 0 2.6 3.8000000000000003 0 2 10.8 0.4 5.6000000000000005 3.8000000000000003 0 0 0 0 0 0 0 0 0 0 0 1.8 0 0 0 0 0 0 0 0 0 0 0 0 0 0 0 0 0 0 2 0 0 0 0 0 0 0 0 0 0 0 0 0 0 0.2 1.8 0 0.6000000000000001 0 1 0 0 0 0 0 0 0 0 0 0 0 0 0 0 0 0 0 0 0 0 0 0 0 0 1.6 0 0 0 0 0 1.8 0 0 0 0 0 0 0 0 
 74.60000000000001 34.6 43.800000000000004 9.600000000000001 10.4 7 0 36 87.4 36.6 10.600000000000001 7.800000000000001 38 13 27.200000000000003 26 6.6000000000000005 7.800000000000001 48 44.400000000000006 0.6000000000000001 0 0 0 0 0.4 0.4 0 0.4 0.4 0 0 0.4 0 0 0 0.8 1 0 0 0 0 0.6000000000000001 0 0 0 0 0 0.6000000000000001 0 0 0.4 0.2 0 0.4 0 0.4 0.2 0.4 1 6.4 0 0.6000000000000001 0 0.2 0.6000000000000001 0.6000000000000001 0.6000000000000001 0 0.4 0 0.6000000000000001 0.4 0.6000000000000001 1 0 10.200000000000001 2 0 0.4 0 0 4 6.4 0 3.8000000000000003 2.8000000000000003 2.4000000000000004 3 2.6 0 3 2.4000000000000004 6.6000000000000005 0 1.8 6.2 5.2 5 0.2 0 0 0 0 0 0 0 0 0 0 0 0 0 0 0 0 0 0 0 0 0 0 0 0 0 0.2 0 0 0 0 0 0 0 2.2 0 0 0 0 0 0 0 0 0 0 0 0 0 0 0 0 0 0 0 0 0 0 0 0 0 0 0.2 0 0 0.2 0 0 0 0.2 0 1.8 2.2 3.6 2.8000000000000003 2.6 4 2.8000000000000003 1.8 0.2 0 2 0 0 0 0 0.2 0 0 1.6 0 0 0 0 0 2.4000000000000004 0 0 0 0 0.2 0 0 0 0 0 0.4 0 0 0 0 0.4 0 0 0.4 0 0 0 0 0 4.4 0 0 0 0 0 0 0 0 0 2.4000000000000004 0 0.2 0 0 0 0 0 0 0 0 0 0 0 0 0 0 0 0.2 0 0.4 0 1.8 0 0 0 0 0 0 0 0 0 0 0 0 0 0 0.2 0 0 0 0 0 0 0 0.4 0 0 0 0.2 0 0 0 0 0 0 0 0 0 0 0 0 
 12 17.8 60.400000000000006 32 13.600000000000001 5.4 36 0 50.6 25 27.400000000000002 23.200000000000003 12.600000000000001 59.6 28.6 26 108.2 81.80000000000001 18.400000000000002 22.8 1.4000000000000001 15.4 0.6000000000000001 0 0.6000000000000001 0.8 0 0.4 0.4 0.6000000000000001 0 0.2 0.2 0.8 0 0 0.4 0.4 14.600000000000001 15.200000000000001 0.4 0 0.6000000000000001 0.6000000000000001 0 6.800000000000001 0 0 0.6000000000000001 0 0 0.4 0 0 0 0 0.4 0 0.8 1.2000000000000002 5.800000000000001 0.6000000000000001 0.4 0.4 0.4 0.2 0.6000000000000001 0.6000000000000001 0 0.4 0 0.6000000000000001 0 0.6000000000000001 0.6000000000000001 0 0.2 0 0 0.4 3.8000000000000003 0 18 6.2 3.6 2.4000000000000004 0 2.8000000000000003 0 5.2 0 3.4000000000000004 0 0 0 0.2 9 0 2.4000000000000004 0 0 0 0 0 0 0 0 0 0 0 0 0 2.4000000000000004 0 0 0 0 0 0 0 0 0 0 0 0 0 0 0 0 0 0 0 0 0 0 0 0 0 0 0 0 0 0 0 0 0 0 1 0 0 0 0 0 0 0 0 0 0 0 0 2.4000000000000004 2.6 3.2 11.4 0 4 0 0 7.6000000000000005 7.2 0 0 0 0 7.4 2.4000000000000004 9 6.4 0.2 0 0 0 0 0 0 0 0 10.8 0 0 0 0 3.2 0 0 0 0 0.8 0 0 0 0 0 0 0 0 0 0 0 0 0 0 0 0 0 3.2 0 0 0 0 0 0 0 0 0 0 0 0 0 0 0 0 0 0 0 0 0 0 0 0 0 3.2 0 0 0 0.4 0 0 0.2 0.2 0 1.2000000000000002 0 0 0 0 0 0 0 0 0 0 0 0 0 0 0 0 0 0 0 0 0 0 0 0 0 0 0 0 0 0 0 0 0.4 0 0 0 0 0 
 53 11.600000000000001 18.2 36 32.800000000000004 10.4 87.4 50.6 0 73 36.2 24.400000000000002 35.2 61.800000000000004 15.200000000000001 40 12.8 6.6000000000000005 37.2 29.8 0.6000000000000001 15.8 0.2 0 0 0 14.8 0 0.4 0.4 0 0 0.4 15 0.4 0 0.8 0.6000000000000001 14.8 14.600000000000001 0 0 0 0 0 14.8 0.2 0 0.8 0 0 0.4 0 16.400000000000002 0 0 0.4 0.2 6.800000000000001 0.6000000000000001 7.6000000000000005 0 0.6000000000000001 0 0 0 0.6000000000000001 0.6000000000000001 0 0 0 0.6000000000000001 0 0.6000000000000001 0.6000000000000001 0 0 0 0 0 0 3.4000000000000004 3.4000000000000004 0 7.4 0 0.2 2 5.800000000000001 0.4 0 5 2 0.2 0.4 13.4 9.200000000000001 7 1.8 2 0.4 0.4 0 0 0 0 0 0 0 0 0 0 2.6 1.6 0 0 0 0 3.8000000000000003 0.4 0 0 0 0 0 0 0 0 0 0 0 0 0 0 0 0 0 0 0 0 0.2 0 0 0 0 0 0 0 0 0 0.2 0 0 0 0 0.4 0 0 0 0 0 4.800000000000001 2.6 0.2 1.8 6 0 5.2 0.2 1.6 0.4 1.6 0 0 0 9.600000000000001 0.2 2.8000000000000003 0 0.2 1.8 0 0 0 0 0 2.8000000000000003 3 0.4 0 0 0 2.8000000000000003 6.800000000000001 2 0 0 0 0 0 0 0 0 0 0 0 0 0 0 0 0 0 0 0 0 0 0 0 0 0 0 0 0 8.4 0 0 0 0 0 0 0 0 0 0 0 0 0 0 0 0 0 0.4 0 0 0 0 0.2 0 0 0 0 2 3.8000000000000003 0 0 0 0 0 0 0 0 0 0 0 0 0 0 0 0 0 0 0 0 0.2 0 0 0 3.4000000000000004 0 0 0 0 0 0 0 0 0 0 0 0 
 8.8 7.4 79 40.6 48.800000000000004 14.4 36.6 25 73 0 83.60000000000001 66 13.600000000000001 59.2 57.800000000000004 24.8 67 44.800000000000004 37.4 31.400000000000002 1 0 0.2 0 0 0 0 0 0.2 0 0 0 15 17 0.2 9.200000000000001 0.4 0.2 0.4 15.600000000000001 0.4 0 0 0 0 0 0.4 0 0 0 0 1 0 0.6000000000000001 0 0 0.4 0.8 0.4 1 7.2 0.4 0.4 0.4 0.2 0.6000000000000001 0.8 0.8 0 0 0.6000000000000001 1 0.2 0.8 0.2 0.4 0.4 1.2000000000000002 0.6000000000000001 0.6000000000000001 3 5.4 2.2 2.8000000000000003 2.2 1.6 3.2 2.2 2.2 0 5.800000000000001 2 2.2 1.8 5 0.4 4.2 0.6000000000000001 0.8 1.4000000000000001 0 7.4 0.4 0 0 0 2.2 0 0 0 0 0 2.4000000000000004 4.800000000000001 0 0 0 0 0 6.4 0 0 0.4 0 0 0 0 0 0 0 0 0 0 0 0 0 0.2 0 0 0 0 0 0 0 0 0 0 0 0 0 0 0 0 0 0 0.8 0 0 0 0 0.8 7 7.800000000000001 6.800000000000001 8.4 6 3.8000000000000003 7.6000000000000005 10.200000000000001 3.6 0 5.800000000000001 0 3.2 0 0 12.8 14 0 0 8.6 0 0 0 0 0 2.6 0.2 4.2 0 0 0 0.2 0 7 2.4000000000000004 0 0.8 2.4000000000000004 0 0 0 0 0 0 0 0 0 0 0 0 0 0 0 0 0 0.2 0 0 0 0 0 0 0 0 0 0 0 0.2 0 0 0 0 0 0 0 0 0 0 0 0 0 0 0 0 0.4 0.4 0.2 0.8 17.6 0 1.8 0 0 0 0 0.4 0 0 0 14.4 0 3.6 0 0 0 0 0 0 0 0 0 0 0 0 0 0 3.6 0 0 0 0 0 0 0 0.4 0 0 0 0 
 26.6 17.400000000000002 8.200000000000001 16.2 53 16.400000000000002 10.600000000000001 27.400000000000002 36.2 83.60000000000001 0 43 48.6 7.800000000000001 30.8 19.6 32.6 44.800000000000004 8.200000000000001 56 0.6000000000000001 0 0 0 0 0 12.600000000000001 0 0.8 0 0 0 15 16.6 0 0 0.4 0.4 0 15.4 0 0 0 0 0.4 0.2 0 0 0.6000000000000001 0 0.4 0.4 0 0 0 0 0.2 0.2 0.4 0.6000000000000001 0 0 0.4 0 0 0.4 0.6000000000000001 0.6000000000000001 0 0 0 0.6000000000000001 0 0.6000000000000001 0.6000000000000001 0 0 0 0 0.2 2 2 5.6000000000000005 0.4 0 0 0 0 0 8.4 1.4000000000000001 1.8 0 0 0 0.2 0 2.8000000000000003 0.4 2 1.4000000000000001 0 0 0 2.4000000000000004 0 0 3.6 0 0 0 0 3.6 2.2 0 0.4 0 0 8 0 0 0 0 0 0 0 0 0 0 3.6 0 0 0 1.6 0 0 0 0 0 0 0 0 0 0 0 0 0 0 0 0 0 0 0 0 0 0 0 0 0 0 10.4 4.4 5.2 3 2 7.2 0 1.8 3.2 5.6000000000000005 9.4 0.4 0 3 6.2 2.8000000000000003 0.2 3 0 0 3.6 0 0 0 0 0.2 2.8000000000000003 0 0 0 0 0 10.200000000000001 0 3 0 0 0 0 0 0.4 0 0 0 0 0 0 0 0 0 0 0 0 0 0 0 0 0 0 0 0 0 0 0.4 0 0 0.4 0 0 0 0 0 0 0 0 0 0 0 0 0 0 0 0 0 0 0.4 0.8 0 0 0.2 1.2000000000000002 0.4 2.2 0.4 0 0 0 0 0 0 0 2.4000000000000004 3.2 0 0 0 0 0 0 0 0 0 0 0 0 0 0 1.6 0 0 0 0 0 0 0 0 0 0 0 0 
 22 27 68.60000000000001 10 7.2 56 7.800000000000001 23.200000000000003 24.400000000000002 66 43 0 4 52.6 24 68.2 50.6 49.800000000000004 7.2 5.800000000000001 1.2000000000000002 7 0 0.4 1.2000000000000002 0.4 0.6000000000000001 4.2 0.2 0 0 0 33.800000000000004 19.6 14.600000000000001 0 0.4 0.6000000000000001 0 4.6000000000000005 0 0 0 0 0 0 0.4 0 0.6000000000000001 0 0 0.4 0 0 0 0 0.4 0.6000000000000001 0.4 0.6000000000000001 0.4 0 0.6000000000000001 0 0 0.6000000000000001 0.6000000000000001 0.6000000000000001 0 0 0 0.6000000000000001 0 0.6000000000000001 0.6000000000000001 0 0 0 0 0 0.2 2.8000000000000003 5 5.2 2.4000000000000004 0 0 2 0 1.2000000000000002 4.4 0 0 0.2 0 0 3.8000000000000003 1.4000000000000001 0 3.4000000000000004 0 0 0 3 0 0.2 1.2000000000000002 2.4000000000000004 3.4000000000000004 0 2.8000000000000003 0 4 4.6000000000000005 0 2.4000000000000004 0 0 6 3.2 0 0 0 0 0 0 0.2 0 0 0 0 0 0 0 0 0 0 0 0 0 0 0 0 0 0 0 0 3 0 0 0 1.4000000000000001 0 0 0 0 0 0 0 0 0.2 0 1.2000000000000002 0 9 5.800000000000001 0 0 0 0 0.2 0 0 0 0 0 3.6 2.2 0 0 3.8000000000000003 0 0 0.2 0 0 10.200000000000001 0 3 0.2 0 0 5.2 3.8000000000000003 3.2 0 0 3.4000000000000004 1.8 2.2 0 0 0 0 0 0 0 0 0 0 0 0 0 0 0 0 0.2 0.4 0 0 0.2 0 0 1.8 0 0 0 0 0 0 0 0 0 0 0.4 0 0 0 0.2 0 0 0 0 0 0 0.4 0.2 0 17.8 17.8 0 2 0 0.2 0 0 0 0 0 0 0 0 0 0 0 0 0 0 0 0 0 3.4000000000000004 0 0 0 0 3.8000000000000003 4.6000000000000005 0 0 0 0 0 0 0 0 0 0 0 0 
 74 31.400000000000002 38.2 9.8 11.4 48.800000000000004 38 12.600000000000001 35.2 13.600000000000001 48.6 4 0 40.400000000000006 8.6 23.6 8.6 10.4 121 23.6 16.400000000000002 0 0 0 0.2 0 0 0.4 0.2 0 0.4 0 16 0 0 0.4 0.4 0.8 0 0 0 0 0 0 0 0 0 0 0.6000000000000001 0 0 0.4 0.4 0 0 0 0.2 0.2 13.200000000000001 0.6000000000000001 0 0 0.4 0 0 0.4 0.6000000000000001 0.6000000000000001 0 0 0 0.6000000000000001 0 0.6000000000000001 0.6000000000000001 0 0 0 0 0 2.8000000000000003 0 0 0 0 6 4.800000000000001 0 6.6000000000000005 2 0.4 3 1.8 1.6 0 2.6 0 6.4 5 0 0 0 0 0 0 0 0 0 0 0 0 0 0 0 0 0 0 0 0 0 0 0 0 0 0 0 0 0 0 0 0 0 0 0 0 2.4000000000000004 0 0 0 0 0 0 0 0 0 0 0 0.2 0 0 0 0 0 0.4 0 0 0 0.4 0 0 7.6000000000000005 0 0 0 0 1.4000000000000001 4.2 0 3.8000000000000003 0 4.2 1.2000000000000002 3.6 6 11.4 3.2 0 3.4000000000000004 0.4 0 2.2 0.2 0 0.2 0 0 0 0 0 0 0 0 0 0 0 0 0 0 0 0 0 0 0 2.6 0 0 0 0 0 0 0 0 0 0 0 0 0 0 0 0 0 0 0 0 2.8000000000000003 0 0 0 0 0.4 0 0 0 0 0 0 0 0 0 0 0 0 0 0 0 0.2 17.8 0.2 0 0 1.6 3.4000000000000004 0 0 0 0 0 0 0 0 0 0 0 0 0 0 0 0 5.6000000000000005 0.4 0 0 0 0 0 0 0 0 0 0 0 0 0 0 0 0 0 0 0 0 
 65.60000000000001 15.8 63.400000000000006 15.4 13.200000000000001 11.4 13 59.6 61.800000000000004 59.2 7.800000000000001 52.6 40.400000000000006 0 80.80000000000001 4.800000000000001 8.6 9.8 65.60000000000001 74 0.6000000000000001 0 22.8 0 0 0 0 0 19.8 0 0 0 0.4 0 0 0.2 0.4 0.6000000000000001 0 0 0 0 0 0 0 0 0 12.600000000000001 13 0 0 0.4 0 0 0 0 0 0 0.4 0.6000000000000001 0 0 0.4 0 0 0.2 0.6000000000000001 0.6000000000000001 0 2 0 0.6000000000000001 0 0.6000000000000001 0.6000000000000001 0 0 0 0 0 4.2 0 1.8 2.8000000000000003 0 0 0 6.4 5 0 0 0 0 8.6 8.4 4.2 6.4 0.2 0 13.600000000000001 0 0 0 0 0 0 0 0 0 0 0 0 0 0 0 0 0 0 0 0 2.2 0 0 0 0 0 0 0 0 0 0 0 0 0 0 0 0 0 0 0 0 0 0 0 0 3.8000000000000003 0 0 0 0 0 0 0 0 0 0 0 0 2.2 0 2.6 0 0 7 0 0 0.6000000000000001 0.2 0 0 0 0 4.6000000000000005 0 2.8000000000000003 2 0 2 10.8 3.2 0 0 0 0 0 0 0 0 0.2 0 0 0 0 0 0 0 0 0 0 0 0 0 0 0 0 0 0 0 0 0 0 0 0 0 0 0 0 0 0 0 0 0 0 0 0 0 0 0 0 0 0 0 0 0 0 0 0 0 0 0 0 0 0 0 0 0.2 0.4 0 0.8 0 0.4 0.4 0 0 0.4 0 0 0 0 0 0 0 0 0 0 0 0 0 0 0 0 0 0 0 0 3.8000000000000003 0 0 0 0 0 0 0 0 0 0 0 0 0 0 
 11.4 12.4 7.800000000000001 27.400000000000002 24.200000000000003 9 27.200000000000003 28.6 15.200000000000001 57.800000000000004 30.8 24 8.6 80.80000000000001 0 36 24.8 53.800000000000004 37 22 1.2000000000000002 0 0 0 0 0 0 1.2000000000000002 0.8 0 0 0 0 0.4 0 0 0.4 1 0.6000000000000001 16 0 0.4 0 0 1.4000000000000001 0.4 0 0.6000000000000001 0.4 0 1.6 0.8 0 15.200000000000001 0 0 0.6000000000000001 0.4 0.4 0.6000000000000001 10 0.6000000000000001 8.6 4.800000000000001 0.4 0.2 0.6000000000000001 0.6000000000000001 0 0 0 0.6000000000000001 0.6000000000000001 1 0.4 0.4 0 0 0 9.200000000000001 2.8000000000000003 2.8000000000000003 0 6.2 1.2000000000000002 0 3.2 3.8000000000000003 3.4000000000000004 0 0 0.2 2.4000000000000004 2.6 4.800000000000001 0.4 1.8 0.2 1.2000000000000002 1.8 0 0 0 0 0 0 0 0 0 0 0 0 0 0 1.6 0 0 0 4.4 0 0 0 0 0 0 0 0 0 0.2 0 0 0 0 0 0 0 0 0 0 0 0 0 0.2 0.2 0.4 0 0 1 0 0 0 0 0 0 0 0 0 0 0 0 0 6.4 5.6000000000000005 2.8000000000000003 0 1.2000000000000002 3.8000000000000003 10.200000000000001 5.4 2.2 0 2.8000000000000003 0 2 0 0 6.4 4 2 2.4000000000000004 0 0 0 0 0 0 0 0 0 3.4000000000000004 0 0 2.4000000000000004 0 0.2 0 0 0 0 0 0 0 0 0 0 0 0 0 0.2 0 0 0 0 0 0.4 0 0 0 0.4 0 0 0.2 0 0 0 0 0 3 0 0 0 0 0 0 0 0 0 0 0 0 0 0 0 0 0 0.6000000000000001 0.4 0 0 0.2 0 3.4000000000000004 1.8 0 0 0 0 0 0 0 0.2 0 0 11 0 0 0 0 0 0 0 0 0 0 0 0 0 0 0 0 0 0 0 0 0 0 0 0 0 0 
 28.400000000000002 11.600000000000001 24.200000000000003 10.600000000000001 51 22.6 26 26 40 24.8 19.6 68.2 23.6 4.800000000000001 36 0 30.8 36.6 48 12.8 0.6000000000000001 0.2 10.200000000000001 0 0 0.2 0 0 0.4 5 0.2 0 0 0.4 0 0 0.6000000000000001 0.4 0 14.8 0 0 11.200000000000001 0 0 7 0 0 0.6000000000000001 0 0 0.4 0 0 0 0.4 0.6000000000000001 0.2 0.4 0.6000000000000001 10.8 0.4 0.4 0 0 0.4 0.6000000000000001 0.6000000000000001 0 0 0 0.6000000000000001 0 2.8000000000000003 0.6000000000000001 0.2 0 0 0 0.4 0 0 4.4 4.4 7.2 17.2 0 7 4.4 0 3 2.4000000000000004 0.2 0 2.6 2.8000000000000003 8 1.6 1.4000000000000001 0.4 0 0 0 0 0 0 0 0 0 0 2.6 0 2 0 0 0 0 0 0 0 0 0 0 0.2 0 0 0 0 0 0 0 0 0 0 0 0 0 0 0 0 0 0 0 0 0 0 0 1.2000000000000002 0 0 0 0.2 0 0 0 0.4 0 0 0 0 0 0.2 4.2 0 0 10.200000000000001 0 0 3.6 2.6 0 5.6000000000000005 0 0 0 4.2 4.2 8 0 0 0.4 0 0 0 0 0 2 5.4 0 0 0 0 4 0 0 0 0 0 0 0 0 0 0 0 0 0 0 0 0 0 0 0 0 0 0 0 0 0 0 0 0.4 0 0 0 0 0 0 0 0 0 0 0 0 0 0 0 0 0 0.2 0 0 5 0 0 0 0 0.2 0 0.4 18 0 0.2 0 0.4 0 0 0 0 0 0 0 0 0 0 0 0 0 0 0 0 0 0 0 0 0 0 0 0.4 0 0 0 0 0 0 0 0 0 0 0 0 
 23.400000000000002 6.4 53.2 35 42.800000000000004 14.8 6.6000000000000005 108.2 12.8 67 32.6 50.6 8.6 8.6 24.8 30.8 0 110.80000000000001 8 23 0.4 0 0 0 0 0 0 0.6000000000000001 0.4 0 0 0 0 15.600000000000001 0 0 0.4 0.4 0 15.200000000000001 0 0 0 0 0 0 0 0 0.6000000000000001 0 0 0.4 0 0 0 0 0.8 0 0.4 0.6000000000000001 0 0 0.4 0 0 0 0.6000000000000001 0.6000000000000001 0 0 0 0.6000000000000001 0 0.6000000000000001 0.4 0 0 0 0 0.6000000000000001 1.6 2 0 0 0 3.8000000000000003 3.6 2.4000000000000004 5.4 3.8000000000000003 2 3 0.4 0 2 0 0 0 0.2 0 0.2 0 0 0 0 0 0 0.4 0 0 0 0 3.8000000000000003 1.8 0 0 0 0 2.6 0 0 0 0 0 0 0 0 0 0 0 0 0 0 0 0.8 0 1.4000000000000001 0 0 0 0 0 0 0 0 0 0 0 0 0 0 0 0 0 0 0 0 0 0 0 3.6 5.2 6.4 7.2 2.2 5.2 0 3.6 7.2 3.8000000000000003 0 1.8 0 4 3.2 0 6.4 1.2000000000000002 0 0 4 0 0.4 0 0 0 0.2 0 0 0 0 0 0 0 1.6 0 0 0 2 0 0 0 0 0 0 0 0 0 0 0 0 0 0 0 0 0 0 0 0 0 0 0 0.2 0 0 0 0 0 0 0 0 0 0 0 0 0 0 0 0 0 0 2 0 0 0 0.4 0 0 0.2 29.400000000000002 0 1 0 0 0 0 0 0 0 0 0 0 0 0 0 0 0 0 0 0 0 0 0 0 0 0 9 3.2 0 0 0 0 0 0 0 0 0 0 0 0 
 65 8.6 38 30.6 8.4 8 7.800000000000001 81.80000000000001 6.6000000000000005 44.800000000000004 44.800000000000004 49.800000000000004 10.4 9.8 53.800000000000004 36.6 110.80000000000001 0 4.2 8.8 0.4 0 0 0 0.2 0.2 0.2 0.2 0.4 0 0 0 0.2 0 0 0.2 1.2000000000000002 1.4000000000000001 0 29.8 0 0 0 0.6000000000000001 0 0.2 0 0 0.6000000000000001 12.200000000000001 0 0.8 0 0 0 0 0.6000000000000001 0.8 0.4 0.6000000000000001 0 0 0.4 0 0 0.4 0.4 0.4 0 0 0 0.6000000000000001 10.200000000000001 0.6000000000000001 0.4 0 0 0 0 0.6000000000000001 1.2000000000000002 0 6.2 4 2.6 4 3.6 4 0 4.4 11 2.8000000000000003 0 0 9 0 5.2 0.2 0 0 0 0 0 0 0 0 0 3.2 0.4 0 0 0 4.2 0 0 0 0 0 6.4 0 0 0 0 0 0 0 0.2 0 0 0 0 0 0 0 0 0 0 4 0 0 0 0 0 0 0 0 0.2 1 0 0 0 0 0 0 0 0 0 0 0 0 2 4.2 10.200000000000001 4.4 0 3.6 0.2 4.6000000000000005 7.4 4.2 0.2 5.2 0 0.8 5.800000000000001 0 11 0.4 0 0 0 0 0 0 0 0 0.2 0 0 0.2 0 0 6.6000000000000005 0 2 0 0 0 0 0 0 0 0 0 0 0.4 0 0 0 0 0 0 0 0 0 0.4 0 0 0 0 0 0 0 0 0 0 0 0 0 0 0 0 0 0 0.2 0 0.2 0 0 0 0 3 0 0 0 0 0 0 0.4 28.400000000000002 0 1.8 0 0 0 0 0 0 0 0 0 0 12.8 0 0 0 0.4 0 0 0 0 0 0 0 0 0 2.8000000000000003 0.2 0 0 0 0 0 0 0 0 0 0 0 1.6 
 27.200000000000003 79.4 89.4 16.400000000000002 15.600000000000001 51 48 18.400000000000002 37.2 37.4 8.200000000000001 7.2 121 65.60000000000001 37 48 8 4.2 0 61.800000000000004 0.6000000000000001 0 0 2.6 0.4 0 0 0 0.4 0 0 0.8 0.4 0 0 0.2 0.4 0.6000000000000001 0 0 0 0 0 0 14 0 0 0 0.6000000000000001 0 0 0.4 0 0 0.4 0 0.2 0 0.4 0.6000000000000001 0 0 0.4 0 0 0.2 0.6000000000000001 0.6000000000000001 0 2.4000000000000004 0 12 0 0.6000000000000001 0.6000000000000001 0 0 0 0 0 17 7 2 0 0 0 13.4 2.8000000000000003 7.800000000000001 3.4000000000000004 0 2.6 11.200000000000001 4.4 3 12.4 4.2 5.2 2 9 0 0 0 0 0 0 0 0 0 0 0 0 0 0 0 0 0 0 0 0 0 0 0 0 0 0 0 0 0 0 0 1.8 0 0 0 0 0 0 0 0 0 0 0 0 0 0 0 0 0 0 0 0 0 0 0 0 0 0 0.4 0 1.8 0.2 2.2 3.6 0 0 5.800000000000001 4 4.2 0 3.8000000000000003 9.200000000000001 3 0.2 0 2 2.8000000000000003 2 5.2 0 0 0 0 0 0 0 0 0 0 0 0 0 0 0 0 0 0 0 0 0 0 0 0 0 0 0 0 0 0 0 0 0 0 0 0 0 0 0 0 0 0 0 0 0 0 0 0 0 3.2 4.2 0 0 0 0 0 0 0 0 0 0 0 0 0 0 0 0 9.200000000000001 0 0.4 0 4.2 2.2 0.4 0 0.4 0 0 0 0 0 0 0 0 0 0 12 0 0 0 0 0 0 0 0 0 0 0 0 0 0 0 0 0 0 0 0 0 0 0 0 
 16.6 76.4 50.2 28.8 16 10.4 44.400000000000006 22.8 29.8 31.400000000000002 56 5.800000000000001 23.6 74 22 12.8 23 8.8 61.800000000000004 0 0.6000000000000001 0 14.8 0.4 0.2 0 0 0 0 0.8 0 0.4 0.6000000000000001 0 0 0 0.4 0.6000000000000001 0 0 0 0 1.4000000000000001 1 0 0 0 0 0.6000000000000001 0 0 0.4 0 0 0.8 0 0.6000000000000001 0.2 0.4 1.4000000000000001 0 0 0.4 0 0 0.4 0.6000000000000001 0.6000000000000001 0 0.4 5.2 0.6000000000000001 0 0.6000000000000001 0.6000000000000001 0 0 0 0 0.2 6.4 2.6 5.800000000000001 0 0 11 2.2 2.4000000000000004 0.8 4.2 5.2 0 4.2 11 5.4 0 0.4 0 3.2 4.2 0 0 0 0 0 0 0 0 0 0 0 0 0 0 0 0 0 0 0 0 0 0 0 0 0 0 0 0 0 0 0 0 0 0 0 0 0 0 0 0 0 0 0 0 0 0 0 0 0.2 0 0 0 0.2 0 3.6 2.6 0 0 1.4000000000000001 0 2.2 5.800000000000001 2.6 0.8 0 4 2.6 2.2 0.2 0.4 5 1.4000000000000001 0.6000000000000001 3.8000000000000003 16.8 1.2000000000000002 0.2 0 2.4000000000000004 0 0 0 0 0 0 0 0 0 0 0 0.2 0 0 0 0 0 0.2 0 0 0 0 0 0 0 0 0 0 0 0 0 0 0 0 0.2 0 0 0 0 0 0 0 0 0 0 0 0 0 0 0 0 0 0 0 0 0 0 0 0.4 0 0 0 0 0 0 0 0 0.2 0 0 0.2 4.2 0.8 0 0 0 0 0 0 0 0 0 0 0 0 0 0 0 0 0 0 0 0 0 0 0 4.800000000000001 0 0 0 0 0 0 0 2.2 0 0 0 0 0 0 
 0.4 0.4 0.8 0.4 0.6000000000000001 12.4 0.6000000000000001 1.4000000000000001 0.6000000000000001 1 0.6000000000000001 1.2000000000000002 16.400000000000002 0.6000000000000001 1.2000000000000002 0.6000000000000001 0.4 0.4 0.6000000000000001 0.6000000000000001 0 15.8 59.6 25 13.200000000000001 14.200000000000001 50.800000000000004 60.400000000000006 10 24 41.400000000000006 22.6 52.6 58.800000000000004 47.400000000000006 17 28.200000000000003 61.400000000000006 16.6 72.4 0 0 0 0 0 0 0 0 0 0 0 0 0 0.4 0 0 0.2 0 0 0 0.2 0 0.4 0 0 0.4 0 0 0 0 0 0 0 0 1.2000000000000002 0 5.6000000000000005 0.6000000000000001 0 0 0 0 0 2.8000000000000003 3 0 0 0 0 0 2.6 0 0 0 0 2.4000000000000004 0 1.4000000000000001 0 0 1.6 5 3 9 11.600000000000001 3.6 0.4 3.8000000000000003 0 0 2.8000000000000003 1.6 4.2 1.8 7.4 6 2 10.4 0 0 0 0 0 0 0 0 0.2 0 0 0 0 0 2.8000000000000003 0 0.2 0 0 0 1.2000000000000002 10.600000000000001 0.6000000000000001 0 2 0 0 0 0.4 0 0 0 0 0 0 0 0 0 0 0 0 0 0 0 0 1 0 0.4 0 0 0 2.8000000000000003 0 0 0 0 0 0 0 0.2 0 0 0 4.800000000000001 0 4.800000000000001 8.200000000000001 4.4 9 2.6 5.2 8 3 2.6 0 2.4000000000000004 0 4 2.8000000000000003 0 0 0 0 0 0 2.2 0.2 0 3.8000000000000003 1.8 0 0 0 0 2.4000000000000004 0 0 0 0 0 9.4 1 0 0 0 0 2.4000000000000004 0 0 0 0 0 0 0.2 0 0 0 0.2 0 0 0 0 0 0 1.8 0 0 0 0 0 0 0 0 0 0 0 2.4000000000000004 0 0 0 16.2 0.4 3.4000000000000004 0.4 0 0 0 0 0 0 13.4 0 0 0 0 0 0 1.6 0 0 0 0.4 0 1 0 0 0 1.4000000000000001 0 0 0 0 
 0.4 0 0 0 21.6 4.800000000000001 0 15.4 15.8 0 0 7 0 0 0 0.2 0 0 0 0 15.8 0 62.6 17.2 6.2 11.4 37.800000000000004 15 10.8 66 7.4 6.4 53.6 27.6 45 28.8 12 7.800000000000001 25.400000000000002 35.4 0 0 0 0 0 0 0 5 0 0 0 0.4 0 0.6000000000000001 0 0 0.4 0 0 0 0 0 2.2 0 0 0.4 0 0 0 0 0 0 0 0 0 0 0.2 0.8 0 0 0 0 0 5.800000000000001 1.2000000000000002 1.6 0 1.4000000000000001 0 0 6.4 0 0 0 0 0 0 0 0 0 1.4000000000000001 0 7.800000000000001 1.8 0 0 6.2 4.4 10.8 3.2 4.6000000000000005 0 0 0 0 0 4.4 0 0.2 1.6 0 0 0 0 0 0 0 2 0 0 0 0 0 0 0 0 0 0 0 0 0.2 0 0 0 0 0 0 0 0 0 0 0 0 0 0 0 0 0 0 0 0 0 0 0 2.6 0 0 0 0 0 0 0 0 0 0 0.2 1 0 0 0 1.4000000000000001 0.2 0.8 7.2 0 0 2.4000000000000004 4.2 4.800000000000001 0 2.6 3.2 4.2 8.4 1.2000000000000002 0 0 0.8 0 1.2000000000000002 0 0 0 0 0 0 0 0 0 0 0 0.2 1.6 0 0 7 0 0 0 0.4 0 0 0 0 0 0 0 0 0 0 0 0 0 0 0 0 0 0 0 0 0 0 0 0 0 0 0 0 0.2 0 0 0 0 0 0.6000000000000001 0.4 0.4 0 0 0.4 3 0 0 0 0 0 0 0 0 0 0 0 0 0 0 0.2 0 0 0 0 0 1.8 0 0 0 0 0 0 0 0 
 0.4 0 0 23.200000000000003 0 0 0 0.6000000000000001 0.2 0.2 0 0 0 22.8 0 10.200000000000001 0 0 0 14.8 59.6 62.6 0 35 80.60000000000001 36.800000000000004 23.8 29.400000000000002 33.4 32.2 11.8 42.400000000000006 13.8 76.60000000000001 38.6 26.400000000000002 9.8 42.800000000000004 68.8 16.2 1 0 0.2 0.8 0 0 0 0 0 0.6000000000000001 0.4 0 13.600000000000001 0.4 1.6 0.6000000000000001 0.8 0 0.2 0 0.4 0 0.2 0 0.6000000000000001 0.8 0 0 0 0 0.4 0.8 0 0 0 0 10.200000000000001 1.2000000000000002 0 0 0 0 0 0 0 0 0 0 0 0 0 0 0 0 0 0 0 0 0 0 0 4.4 2.2 0 5.2 2.4000000000000004 0 0 3.6 3.8000000000000003 1.6 4.6000000000000005 0 4.2 4.2 5.6000000000000005 7 8.4 0 2 0.2 0 0 0.4 0 0 3.4000000000000004 0 0 0 0 0 3 0 2.4000000000000004 0 0 0 0 2 0 0 0 0 0 0 0 0 0 0 0 0 0 0 0 2.6 0 0 0 0 0 0 0 1 0 0 0 0 0 0 0 0.2 0 0 0.4 0 0 0 0 0 0 4 0.2 0.2 10 5.4 0 3.2 1.8 1.6 6.6000000000000005 11.4 0 0.8 0 7 2.2 4 0 5.4 0 0 2.2 0 0 0 4 0 0 0 0 0 0 7 0 0 0.6000000000000001 0 2 3.8000000000000003 0 0 0 0 0 0 0 0 0 0 0 0 0 0 0 0 0 0 0 0 0 0 3.8000000000000003 0 0 0 0 0 0 0 0 0 0 0.2 1 0 0.4 9.200000000000001 9.600000000000001 0 3.4000000000000004 0.8 0 0 0 0 2.8000000000000003 0 0.2 0 0 0 0 0 0 0 0 0 0 1.4000000000000001 0 4.2 0 2.4000000000000004 0 0 0 0 0 0 
 0 0 0.2 0 0 0 0 0 0 0 0 0.4 0 0 0 0 0 0 2.6 0.4 25 17.2 35 0 41.800000000000004 24 45.6 13.200000000000001 29.200000000000003 66.8 35.4 25.400000000000002 11.4 16.8 14 17 63.2 29.200000000000003 8.8 113.4 12.8 0 0 0 0 0 0 0.2 0 0 0 0 13.4 11.200000000000001 0.2 0 1.6 0 0 0 0.2 0 0 0 0 0 0 0 0 0 0 0 0.2 0 0 0 9.4 0.6000000000000001 0 0 0 0 0 0 0 0 0 0 0 0 0 0 0 0 0 0 0 0 0 0 0 3.4000000000000004 2 6.4 0 3.8000000000000003 3.6 18.6 0.2 6.4 0.2 0.2 0 2.2 3.4000000000000004 1.8 1.8 0 0 1.4000000000000001 0.2 5.2 0 0 0 0 7.2 2 0 2.4000000000000004 0 0 6.2 0 0.2 0 0 0 5.800000000000001 6.800000000000001 0 0 0.8 0 0 0 0 0 0 0 0 0 0 0 0 0 0 0 0 0 0 0 0 0 0 0 0 0 0 0 0 0 0 0 0 0 1 0 0 0 5.2 5.800000000000001 0 5.2 4.6000000000000005 0.4 2.4000000000000004 2.4000000000000004 1.8 0 2.4000000000000004 2.8000000000000003 8 1.2000000000000002 0 2.4000000000000004 8.200000000000001 0 1.4000000000000001 0 2 1 6.800000000000001 0 0 0 9.4 0 0 0 0 0.2 0 4.2 7.800000000000001 0 0 0 0.8 3.6 0 0 0 0 0 0 0 0 0 0.4 0 0 0 0 0 0 0 0 0 0 0 0 0 0 0 0.2 0 0 0 0 0 0 0 0 1.6 0 0.4 15.600000000000001 0 0 0.4 2.6 0 0 0 0 0 0 0 0 0 0 0 0 0 0 0 0 0 2.4000000000000004 0 0 0 0 0 0.6000000000000001 2 0 0 0 
 0 0 0 41.400000000000006 0 0 0 0.6000000000000001 0 0 0 1.2000000000000002 0.2 0 0 0 0 0.2 0.4 0.2 13.200000000000001 6.2 80.60000000000001 41.800000000000004 0 47.400000000000006 8.8 21.200000000000003 21.400000000000002 87.4 15.4 24.200000000000003 12.600000000000001 12.600000000000001 55.800000000000004 17.400000000000002 27 52.800000000000004 9.200000000000001 19.6 0 0 0 0 0 0 0 12.4 0 1.2000000000000002 0 0 11.600000000000001 0.4 13.600000000000001 0 9.200000000000001 1 12.8 0.2 0.8 0 0.4 1 0.4 0 0.2 0 0 0 0 0 0 0 0 0 0.2 0.8 0.4 0 0 0 0 0 0 0 0 0 2.4000000000000004 0 0 0 0 0 0 0 0 0 0 0 0 6.6000000000000005 1.2000000000000002 7.4 1.8 0 0 0 0.2 0 0 7.6000000000000005 0 0 0 1.6 3.2 5.6000000000000005 0 0 2 0.2 0 0 0 0 3.4000000000000004 2.4000000000000004 0 0 0 0 7.2 0 0 0 0 0 5 0 0 0 0 0 0 0 0 0 0 0 1.4000000000000001 0 0 0 0 0 0 0 0 0 0 0 0 2 0 0 0 0 0 0 0 2.2 0 0 0 0 0 0 0 0 0 5.2 3.2 3 8.6 2 0 2 0 2 10 0 0 0 0 1.4000000000000001 5.6000000000000005 0 0 0 4.4 0 4.6000000000000005 0 0 0 8.6 0 0 0 0 0 0 13.8 6.2 0 0.2 0.2 3 1.6 0 0 0 0 0 0 0 0 0 0 0 0 0 0 0 0 0 0 0 0 0 0 0 0 0 0 0 0 0 0 0 0 0 0 0.2 0 0.2 15.600000000000001 0 0 2.6 2.4000000000000004 0 0 0 0 0 0 0 0 0 0 0 0 0 0 0 0 0 0 0 0 0 0 0 3 0 0 0 0 
 0.4 0.2 0 0 0.6000000000000001 0 0.4 0.8 0 0 0 0.4 0 0 0 0.2 0 0.2 0 0 14.200000000000001 11.4 36.800000000000004 24 47.400000000000006 0 22.8 15.4 27.400000000000002 49.800000000000004 32.4 30.200000000000003 11 53 11 54.800000000000004 15.600000000000001 16.6 9.600000000000001 11.200000000000001 0.2 1.2000000000000002 4 0 0 0 0 13.600000000000001 0.8 2 0 0 0.2 0.4 12.8 0 0.4 0 14.600000000000001 0 0.2 0 0 0 0.8 0.4 0 0 0 1 0 0 0 0 0 0.8 5.6000000000000005 0.6000000000000001 0 0 0 0 0 0 0 0 0 0 0 0 0 0 0 0 0 0.2 0 0 0 0 0 7.2 1.2000000000000002 1.2000000000000002 6.2 3.6 0 3 0 2.2 1.2000000000000002 0 0 0 4.4 0 2.6 5 0 0.4 0 0 0 0 0 0.2 4.800000000000001 5.6000000000000005 0 0 0 0.4 10.4 0 9.8 0.2 0 0 0.4 8 0 0 0 0.2 0 0 0 0 0 0 0 0 0 0 0 4 0 0.2 0 0 0 0 0.4 0 0 0 0 1 0 0 0 0 0 0 0.6000000000000001 0 1.4000000000000001 0.2 0 0 0 4.6000000000000005 19.8 3.6 7.4 5.6000000000000005 0 1.2000000000000002 1.8 4.6000000000000005 6.800000000000001 4.800000000000001 0 0 0 0 3.4000000000000004 0 0 0 1.8 0 4.4 0 0 0 8 2.8000000000000003 0 0 0 0 0 7.6000000000000005 0 0 0 0.2 3.2 0 0 0 0 0 0 0 0 0 0.4 0 0.2 0 0 0 0 0 0 0 0 0 0 0 0 0 0 0 0 0 0 0 0 0 0 0 3 0 0 15.600000000000001 0.2 0 3 4.800000000000001 0 0 0 0 0 0 0 0 0 0 0 0 0 0 0 0 0 3.2 0 0 0 0 0 2.4000000000000004 0 0 0 0 
 0 0 0 0.4 14.600000000000001 44.6 0.4 0 14.8 0 12.600000000000001 0.6000000000000001 0 0 0 0 0 0.2 0 0 50.800000000000004 37.800000000000004 23.8 45.6 8.8 22.8 0 34 32 53.400000000000006 6 64.4 75.4 14.8 10.200000000000001 20 6.800000000000001 62.2 24.400000000000002 30.6 0 40.6 0.6000000000000001 0 0 0 1.2000000000000002 0 0 0 0 0.4 0.4 0.4 0.6000000000000001 0 0.6000000000000001 0.6000000000000001 0.6000000000000001 0.6000000000000001 0.6000000000000001 0 0.4 0 0.4 0.6000000000000001 0 0.2 0 0.2 0 0 0 0 1 0 10.8 0.6000000000000001 0.4 0 0 0 0 0 2.2 2 0 0 0 3.4000000000000004 0 0 0 0 0 3.4000000000000004 0 2 0 0 10.4 0.8 0 0 2.8000000000000003 5.800000000000001 0 0 0 2.6 4.800000000000001 1.8 6.2 0 5 0.2 2.8000000000000003 5.4 2.4000000000000004 4.2 0 0 0 0 0 0 0 0 0 0 0 0 0 0 0 0 0 0 0 3.8000000000000003 0 0 0 0 0 0 0 0 0 0 0 0 0 0 0 0 1.2000000000000002 0 0 0 0 0 0 0 0 2.2 0 0 1.2000000000000002 5 2 0 0 0 0 5.6000000000000005 0 0 0 0 2.4000000000000004 7 2 3.2 3.8000000000000003 0.2 2.4000000000000004 0 0 4.4 0 2 2.6 7.2 2.8000000000000003 5.800000000000001 2.4000000000000004 6.4 0.2 4.4 0 0 0.4 0 0 0 0 0 0 0 0 2.2 0 0 0 0 0 0 0 0 0 0 3 0 0 0 0 0 0 0 0 0 0 0 0 0 0 0 0 0 0 0 0.4 0 0 0 13.200000000000001 0 0 0 0 0 0 0 3.6 0 0.2 0 0 0.2 0.2 0 2.4000000000000004 0 0 0 0 0 0 0 0 0 0 0 0 2.8000000000000003 0 0 0 1.6 0 1 0 0 0 0 0 0 0 0 
 0 0 0 3.4000000000000004 0.2 19.8 0 0.4 0 0 0 4.2 0.4 0 1.2000000000000002 0 0.6000000000000001 0.2 0 0 60.400000000000006 15 29.400000000000002 13.200000000000001 21.200000000000003 15.4 34 0 33.800000000000004 23.200000000000003 4.4 27.400000000000002 38 15.8 33.2 26.400000000000002 49.2 22.200000000000003 17.8 25.6 0 0.6000000000000001 40.800000000000004 0 0 0.6000000000000001 0 0.4 0 0 0 0.8 0 0.4 0 0 12.600000000000001 0 12.4 0 0.2 0 0.4 0 0.4 0.4 0.2 0.2 0 0 0 0.2 0 0 0.2 0 0.2 0.6000000000000001 0 0 0 0 0 1.6 0 0 0 0 0 1.2000000000000002 1.6 0 0 0 0 0 0 1.2000000000000002 0 0 0.2 3.6 3.6 0 2.8000000000000003 4.2 0.6000000000000001 0 0 0 0 0 0.2 0 0.8 12.200000000000001 5.6000000000000005 6.800000000000001 5.4 3.4000000000000004 0 0 0 0 0 0.2 1.6 0 0 0 0 0 0 0 0.2 0 0 0 0 0.6000000000000001 0.2 0 0 0 0 0 0 0 0 0 0 2.2 1 0 0 0 0 0 0 0 0 0 0.2 1 1.6 2.4000000000000004 0 0 0 0 0 0 0 0 0 0 0 0 0 0 0 0 3.6 2.6 5 2 0 6.6000000000000005 3 3.2 3 8.200000000000001 0 0 0 6.4 7.6000000000000005 0 4 3.8000000000000003 0 0 0 0 3 0 0 0 0 0 0 0.2 0 0 0 0 0 0 4.6000000000000005 2.2 0 0 0 0 0 0 0 0 0.4 0 4 0 0 0 0 0.2 0 0 0 0 0 0 0 0 0 0 0 0 0 0 0 0 0 0 1.6 0 0.2 0 0 0 4 0 0 0 0 0 0 0 0 0 0 0 0 0 0 0 0 0 0 0 0 6.4 0 0 0 0 0 0 0 0 
 0.8 0.4 0.4 20.200000000000003 14.8 15 0.4 0.4 0.4 0.2 0.8 0.2 0.2 19.8 0.8 0.4 0.4 0.4 0.4 0 10 10.8 33.4 29.200000000000003 21.400000000000002 27.400000000000002 32 33.800000000000004 0 48.2 9.8 20.8 20.6 40.400000000000006 23.200000000000003 44.2 31 25.200000000000003 27.200000000000003 56.400000000000006 0 0 0 0 0 12.8 0 0 0.4 0.6000000000000001 0 0.4 0 0.4 0 0.4 2.6 0 0 0 0.2 0 0 0 0 0.2 0 0 0 0 0 0 0 0 0 0 0.6000000000000001 0.6000000000000001 0 0 0 3.8000000000000003 0 0 0 3.4000000000000004 0 0 0 0 0 0 0 0 0 0 0 0 0 0 2.6 3 0.6000000000000001 3.8000000000000003 4 4.2 0 1.6 0 2.8000000000000003 1.6 0 1.8 2 8.8 0 2.6 6.800000000000001 0 6.2 0 0.2 0 0 0 0 2 3 0 0 0 0 0 0 0 0 0 0 3.2 4.6000000000000005 0 0 0 0 0 0 0 0 3.4000000000000004 0 0 0 0 0 0 0 0 0 0 0 0 0 0 0 4 0 0 0 1 0 0 0 0 0 0 0 0 0 0 0 9.200000000000001 7.6000000000000005 0.2 0 0.4 5.800000000000001 0 3 0 4.2 0.6000000000000001 3.6 2.4000000000000004 3.4000000000000004 0 2.2 2.6 2 0 3.2 5.800000000000001 0 0 0 0 0 0 0 0 0 0 0 0 0.8 0.2 0 0 0 0 0 0 0 0 0 0 0 0 0 0 0 0 0 0 0 0 0 0 0 0 0 0 0 0 0 0 0 0.4 0 0 0 0 0 0 0 3.2 0 0.2 0.4 9.600000000000001 0 0.4 0.4 0 0 0 0 0 0 0 0 0 0 0 0 0 0 0 0 0 0 0 0 0 0 0 0 4 0 0 0 
 0 0 0 14.600000000000001 0 0 0.4 0.6000000000000001 0.4 0 0 0 0 0 0 5 0 0 0 0.8 24 66 32.2 66.8 87.4 49.800000000000004 53.400000000000006 23.200000000000003 48.2 0 91.60000000000001 36.800000000000004 24.6 15 22.400000000000002 33.800000000000004 43 31.8 12.200000000000001 20.8 0 0 0 0.4 0 0 0 0.6000000000000001 0.4 0.2 0.6000000000000001 0.6000000000000001 0 13.600000000000001 0.4 0 2 0 0 0.4 0.4 1.2000000000000002 0 0.6000000000000001 0.4 0.2 0 0.2 0.2 0.4 0 1.6 0 0 0 0 7.6000000000000005 0.6000000000000001 0 0 0 0 0 0 0 0 0 0 0 0 0 0 0 0 0 0 0 0 0 0 0 7.6000000000000005 0.2 5.2 10 2 0.2 4.2 0 0 9.600000000000001 2 0.2 0 7.4 0 0.2 3.2 0 1.8 0 0 0 0 0 0 5.6000000000000005 3.4000000000000004 0 0 0 0 7.2 0 0.2 0.2 0 0 4.4 6.2 1.4000000000000001 0 2 0 0 0 0 0 0 0 0 0 0 0 0 0 0 0 0 0 0 0.6000000000000001 0 0 0 0 0 0 0 0 0 0 0 0 0 0.2 1 0 0 0 0 7.2 1.8 7.6000000000000005 10 2 0 3.6 0.6000000000000001 8.200000000000001 1.8 6 1.8 10 0 3.6 0 0 0.2 0 2.2 0.2 0 0 0 0 1.6 0 0 0 0 0 3.6 1.2000000000000002 0 0 0 0 0.8 0.2 0 0 0 0 0 0 0 0 0 0 0 0 0 0 0 0 0 0 0 0 0 0 0 0 0 0 0 0 0 0 0 0 0 0 1 0 0.4 0 0 0 0.6000000000000001 0 0 0 0 0 0 0 0 0 0 0 0 0 0 0 0 0 0 1 0 0 0 0 0 1.6 1.8 0 0 0 
 0 0 0 0 0 0.2 0 0 0 0 0 0 0.4 0 0 0.2 0 0 0 0 41.400000000000006 7.4 11.8 35.4 15.4 32.4 6 4.4 9.8 91.60000000000001 0 11.4 14.200000000000001 7.2 13.4 12.200000000000001 62.2 44.2 6.4 23.400000000000002 12.8 0 0.8 0 0 0 0 0 0.4 0.8 0 0 12.600000000000001 11.200000000000001 3.4000000000000004 0 0.8 0 0 0.4 0.6000000000000001 0 0 0 0 0.2 0 0 0 0.2 0 0 0 0 0 0 0 0.6000000000000001 0 0 0 0 2 0 0 0 0.4 0 0 0 0 0 0 0 0.8 0 0 0 0 0 0 0 0.2 3.6 4 3.2 0 3 2 4.2 1.8 3.2 0 0 0 2.8000000000000003 1.8 3.6 0 0 0 2.4000000000000004 3.6 0 0 0 11 4.4 0 0 0 0 3.6 0 3.4000000000000004 0 0 0 7.6000000000000005 1.4000000000000001 0.2 0 1.6 0 0 0 0 0 0 0 0 0 0 0 0 0 0 0 0 0 0 0 0 0 0 0 0 0 0 0.2 0 0 0 0 0 0 1 0 0 0 0 2.2 0 0 0.2 0.6000000000000001 1 0 1.8 0.2 4.2 9.8 0 0 0 0 2.6 11.200000000000001 0 0 1.6 2.2 2.6 0 0 0 2.8000000000000003 0 0 0 0 0 5.6000000000000005 1.4000000000000001 0.2 0 2.6 0 0 4.2 0 0 0 0 0 0 0 0 0 0 0 0 0 0 0 0 0.2 0 0 0 0 0 0 0 0 0 0 0 0 0 0 0 0 0 2.4000000000000004 0 0 15.4 0 0.8 1 0.2 0 0 0 0 2.8000000000000003 0 0 0 0 0 0 0 0 0 0 0 0 0 0 0 0 0 0 0 0 0 0 0.4 
 0.2 0 0 0.4 0 0 0 0.2 0 0 0 0 0 0 0 0 0 0 0.8 0.4 22.6 6.4 42.400000000000006 25.400000000000002 24.200000000000003 30.200000000000003 64.4 27.400000000000002 20.8 36.800000000000004 11.4 0 6.4 10.8 15.200000000000001 52.800000000000004 55.6 15.8 8.8 6.2 12.4 0 0.6000000000000001 0.4 0.2 0.6000000000000001 12.600000000000001 12.8 0.6000000000000001 0.8 0.4 0 16.2 1 13 0.4 0.2 12.600000000000001 24.8 4.2 0.2 0 0 0 0 0.2 0 0.6000000000000001 0 0.2 0.6000000000000001 0.2 0 0 0.2 0.2 7.4 1 0.4 0.2 0 0 0 0 0 0 0 0 0 0 0 0 0 0 0 0 0 0 0 0 0 11 2.2 0.4 12.200000000000001 0.6000000000000001 0 5.6000000000000005 0 0 1.4000000000000001 1 0 4.2 11.4 1.6 1.8 2.8000000000000003 0 2 0.2 3 0 1.2000000000000002 0 0 3.4000000000000004 1.6 1.8 2.8000000000000003 0 0 6.2 0 0.4 1.4000000000000001 0 0 0 13 0 0 0 0 0 0 0 0 0 1.2000000000000002 0 0 0 0 0 0 0 0 0 0 0 0 0 0.2 0 0 0 0 0 0 0 0 0 0 0 0.2 0.6000000000000001 0 0 0 0 4.6000000000000005 2.2 12 7.4 5 0 4.2 2 7 2.6 3.4000000000000004 2.8000000000000003 2.4000000000000004 0 6.2 0 0 0 0.2 1.8 0 0 0 0 0 1.8 0 0 0 0 0 0 0 4 0 0 0 0 0 1.4000000000000001 0 0 0 0 0 0 0 0 0 0 0 0 0 0 0 0 0 0 0 0 0 4 0 0 0 0 0 0 0 0.2 0 0 0 0.4 0.4 0.4 1 17.6 0.2 3.6 0.4 0 0 0 0 0.4 0 0 0 0 0 0 0 0.4 0 0 0 0 4 0 3.6 0 0 1.4000000000000001 1.8 2 0 0 0 
