 0 36.800000000000004 15.200000000000001 29.6 16 7.4 10.600000000000001 11 11 19.6 24.6 6 29.8 27.400000000000002 26.8 23.400000000000002 22.400000000000002 52.6 15 10.8 0 0 0 0 0 0 0 0.6000000000000001 0 0 0 0 0 0.6000000000000001 0 0 0 0 0 0 0 0 0 2.4000000000000004 0.2 0 0 13.200000000000001 0 0 0.4 0 0 0 0 0.8 0 0 0 0 1.2000000000000002 0 0 0 0.6000000000000001 0 0.2 0.6000000000000001 0 0 0 0 0 0 0 0 0.4 0.6000000000000001 0 0.4 0 4.2 3.6 0.2 2 3.2 0 4 3.8000000000000003 2.6 3 0 6.4 5 4.2 0.4 13.600000000000001 0 1 2 0 0 0 0 0 0 0 0 2 0 0 0 0 0 0 0 0 0 0 0 0 0 0 0 0 0 0 0 0 0 0 0 0 0 0 0 0 0 0 0 3.6 3 0 0 0 0.4 0 0 0 0 0 0 0 0 0 0 1 0 0 0 4 2.4000000000000004 2.8000000000000003 0 0 0 11.600000000000001 4.2 1.2000000000000002 1.8 3.6 0 0.4 0 0.2 0 2.2 2.8000000000000003 0 2.2 0 0 0 0 0 0 0 0 0 3.4000000000000004 0 0 0 0 0 0 0 0 4.4 0 0 0 0 0 0 1.4000000000000001 0 0 0 0 0 0 0 0 0 0 0 0 0 0 0 0 0 0 0 0 0 0 0 0 0 0 0 0 0 0 0 0 0 0 0 0 0 0 0 0 0 0.4 0.4 0.4 0 2 2.2 0 0 0 0 0 0 0 0 0 0 0 0 0 0 0 0 0 0 0 0 0 0 5.800000000000001 3 0.2 0 0 0 0 0 0 0 0 0 0 0 0 
 36.800000000000004 0 41.400000000000006 37.6 85.4 5.800000000000001 57 36.2 34.6 74.2 18 30.400000000000002 45 20.200000000000003 34.2 40 46.6 59.2 17.400000000000002 12 0 0.4 0 0 0 0 0.6000000000000001 0.4 0 0 0.6000000000000001 0.6000000000000001 0 0.6000000000000001 0 0 0.4 0 0 0 0 0 0.6000000000000001 0.4 0.4 0 0 12.8 0 0 1.2000000000000002 0 0 0 0 0 0 0 0 0 0.4 0 0 0 0 0 0 0.6000000000000001 0 0 0 0 0 0.4 0 0 0.4 1.2000000000000002 0 0 0 2.2 2.8000000000000003 1.4000000000000001 4.2 0 0 0.2 12.8 4.6000000000000005 5.800000000000001 0.2 0 3 0 5.6000000000000005 5.800000000000001 5 0 0.8 2.6 0 0 0 0 0 3 0 0 0 0 0 6.2 0 0 0 0 0 2 2.2 0 0 0 0 0.4 0 0.4 0 0 0 0 0 0 0 0 0 0 0 0 0 1 1 0 0 0 0.2 0 0 0 0 0 0 0 0 0 0 1.4000000000000001 0 0 0.4 4.2 0 3.4000000000000004 3.2 0 0 4.4 2 5.6000000000000005 2.4000000000000004 7.800000000000001 3.6 8.4 7 2.4000000000000004 1.6 5.4 11.4 0 0 0 0 0 0 0 0 0.2 0 0 2 0 0 0 0 0 0 0 0.4 0.6000000000000001 1.8 0 0 0 0 0 0 0.4 0 0 0 0 0 0 0 0.2 2.2 0 0 0 0 0 0 0 0 0 0 0 0 0 0 0 0 0 0 0 0 0.4 0 0 0 0 0 0 0 0 0 0.2 0 0.8 29.6 0.2 0.6000000000000001 0 0 0 0 0 0 0 0 0 0 0 0 0 0 0 0 0 0 0 0 0 0 0 2.6 1.6 0 0 0 0 0 0 0 0 0 0 0 0 0 
 15.200000000000001 41.400000000000006 0 59 11 69.4 31.8 19 51.400000000000006 20 27.200000000000003 9.600000000000001 14.600000000000001 44.2 47.2 44 14.4 10 26.8 11.600000000000001 0 0.4 0.4 0 0.4 0.4 16.6 0 0.4 0.4 0 0 0.4 0.8 0.4 0 0.4 0 0.4 0 0.2 0 0 1.6 0.4 0 0 0.4 0 0 1.6 0.4 0 0 0 0 0 0 0 0 0.6000000000000001 0 0 0 8 0 0.4 1.2000000000000002 0 0 0.8 0 0 0 0 10.200000000000001 0.4 0.6000000000000001 0 0 3.6 3.2 0 7.4 0.4 0 3.2 0 2.6 5.4 0.2 6.2 0.6000000000000001 0.2 3 7 3.4000000000000004 11 1.8 3 5.2 0 0 0 0 0 0 0 0 0 0 0 3.2 2 0 0 0 0 0.2 0 0 0 0 0 0 0 0 0 0 0 0 0 0 0 0 0 0 0 0 0 0 0 0 0.2 0 1.8 0 0 0 0 0 0 0.6000000000000001 0 0 0 0 0 0 0 3 5.800000000000001 0 2.2 3.4000000000000004 2.2 0 2.2 5 0 1.4000000000000001 7.2 0 4 0.6000000000000001 6 2.8000000000000003 0.4 0 0 2.6 0 0 0 0 2.8000000000000003 0 0 0 0 0 0 2.2 0 2.2 0 0 0 0 0 0.2 0 0 0 0 0 0 0 0 0 0 0 0 0 4 0 0 0 0 0 0 0 0.2 0 0 0 0 0 0 0 0 0 0 0 0 0 0 0 0 0 0 0 0 0 0 0.4 0.6000000000000001 0 0 0 0 1.6 0 0 0 0 0 0 0 0 0 0 2.6 0 0 0 0.4 0 0 0 0 0 0 9.200000000000001 0 0 0 0 0 0 3.2 0 0 0 0 0 0 0 0 0.4 
 29.6 37.6 59 0 50.800000000000004 17.6 14.200000000000001 14.600000000000001 13.200000000000001 38.400000000000006 90.80000000000001 56.400000000000006 33 12.600000000000001 7.800000000000001 26.400000000000002 24.200000000000003 34.4 11 61 7.800000000000001 2.4000000000000004 0 0 0.2 0 28.200000000000003 0.8 0 0.4 41.800000000000004 0 57.2 15.8 0.2 0.4 0.6000000000000001 0.2 14.4 0 0.4 0.6000000000000001 1 1.6 1 0.4 0 5 3.2 0.4 1.2000000000000002 0.4 0.8 1.2000000000000002 0.6000000000000001 0 0.4 1.4000000000000001 0 0.4 0.4 0 0 0 1 0 0.4 1.6 0 0.8 0 0 0 0 0.6000000000000001 0 0.4 0.6000000000000001 0 0.6000000000000001 0 0 0 0 5.2 0 0 0 5 0 3.4000000000000004 1.4000000000000001 0 3 0 0 3 2.4000000000000004 0 0 0 0 0 5.800000000000001 0 1.8 0 0 11.600000000000001 0 0 0 0.2 5.2 3.2 0 0 0 10 4.6000000000000005 0 0 0 0 0 0 0 0 0 0 0 0 0 0 0 0 0 0 0 0 1 3.6 0 0 0 0.4 0 0 0 0 0 0 0 0 0 0 0.8 1.8 0 0 0.2 0 0 0 0 0 1.6 0 1.4000000000000001 0 2.4000000000000004 7.4 0 0 0 0 0 6.4 0 0 2.2 0 0 0 0 0 4 3.2 0 3.4000000000000004 0 0 0.2 0 0 0 0 0 1.4000000000000001 6 0 0 0 0 0 0 4.6000000000000005 0 0 0 1.6 0 0 0 0 0 0 0 0 0 0 0 0 0 0 0 0 0 0 0 0 0 0 0 0 0 0 0 0 0 0 2 0 0 0 0 17.8 0.4 0.4 2.2 3.6 2 0 0 0 0 0 0.4 0 0 0 0.2 0 0 0 0 0.2 0 0 0 0 0 0 0 0 0 3.2 0 0 0 0 0 0 0 0 0 0 0 0 0 
 16 85.4 11 50.800000000000004 0 37.2 11.4 10.200000000000001 24.6 81 75 16 57 14.200000000000001 17.6 21.200000000000003 99 10.4 8.200000000000001 13.4 34 14.8 0 0 0 0 0 15.4 0 14.8 0.2 0 0.2 31 15.4 0 0 0 14.8 0 0.4 0 0 0.4 0.4 0 0 12.4 0 0 0.4 0 0 0 0 0 0 1.6 0 0 0 0 0 0 0 0 0 0.6000000000000001 0 0 0 1 0 0 0 0 0.4 0.6000000000000001 0 0 0 2 2.8000000000000003 0 7 3.4000000000000004 0 0 7.4 0 0.2 0 0 0 0 3 3.6 2.2 0 0 2.6 3.8000000000000003 0 0 0 0 5.800000000000001 0 4.4 0.8 0 0 3.2 6.2 0.4 6.6000000000000005 3 0 3.2 8.6 0 0 0 0 0.4 0 0.4 0 0 0 0 0 0 0 0 0 0 0 0 0 1.6 2 0 0 0 0.4 0 0.2 0 0 0 0 2.4000000000000004 0 0 0 1 0 2.4000000000000004 0 6.4 0 0 2.4000000000000004 3 0 4 0 6.2 0 0.6000000000000001 6.6000000000000005 0 1 5 0 0 2.6 3 0 1.4000000000000001 0 1.8 0 0 0 0.2 2.2 0.2 3.4000000000000004 0 0 2.8000000000000003 0 0.2 2.4000000000000004 3.4000000000000004 1.2000000000000002 9.200000000000001 4.4 0 0 0 0 0 0 0.4 0 0 0 0 0 0 0 0 2 0 0 0 0 0.2 0 0 0 0 0 0 0 0 0 0 0 0 0 0 0 0.4 0 0 0 0 1.8 0 0 0 0 18.2 0.6000000000000001 0.4 17.8 0 2 0 0 0 0 0 0 0 0 0 0 0 0 0 0 0 0 0 0 0 0 0 0 0 0 0 0 0 0 0 0 0 0 0 0 0 0 0 0 
 7.4 5.800000000000001 69.4 17.6 37.2 0 6.6000000000000005 7 6.2 10.8 34 29 10.600000000000001 9.4 16 19.200000000000003 12.8 10.8 6.4 10.8 22 6.6000000000000005 0 0.2 0 0 0 15.600000000000001 0.4 3 0 0 14.8 35.2 17.6 14.8 0 0 0 14.8 0.2 0 0 0.6000000000000001 0 0 0 0.4 0 0 0.4 0 0 0 0 0 0 0 0 0 0.6000000000000001 0 0 0 0.6000000000000001 0 0.4 0.6000000000000001 0 0 0 0.6000000000000001 0 0 0 0.2 0.4 0.6000000000000001 0 0 0.2 2 0 3 4.6000000000000005 1.8 0 0 0 0 0 4.6000000000000005 0 0 0.2 0 0 7.4 0 0 2.6 6.6000000000000005 0 0 0 0 7.4 0 2.2 5.2 2.4000000000000004 0 6 3.4000000000000004 2.8000000000000003 1.8 3.2 0 3.8000000000000003 4.800000000000001 0 0 0 0 0 0 0 0 0 0 0 0 0 0 0 0 0 0 0 0 0 0 0 0 0 0.2 0 0 0 0 0 0 0 0 0 0 0 0.4 0 0 0 0 0 0 7.6000000000000005 3.2 0 0 5.2 0.2 0 0 0.4 0 0 0 0 0 1.4000000000000001 0 11.8 0 7.800000000000001 0 0 0 0 2.8000000000000003 0 0 0 0 8 0 1.8 5.2 7.2 0 3.8000000000000003 0 0.4 0 0 0 0 0 0 0 0 0 0 0 0 0 0 2.8000000000000003 0 0 0 0 0 0 0.4 0.4 0 0 0 0 0 0 0 0 0 0 0 0 0 0 0 0 0 0 0 0 0 0 0 0 0.2 0.2 0 2.4000000000000004 0 0 0 0 0 0 0 0 0 0 0 0 0 0 0.2 0 0 0 0 0 0 0 0 0 0 0 0 0 0 0 0 0 0 0 0 0 0 0 
 10.600000000000001 57 31.8 14.200000000000001 11.4 6.6000000000000005 0 86.2 19 7.4 6.4 23.400000000000002 21.6 56.2 82.4 8.200000000000001 65.4 53.400000000000006 18 89.80000000000001 0 0 0 0 0 0 0.2 0.8 0 0 0 0 0 0.6000000000000001 0 0 0.2 0 0 0 0 0 0 0.2 0 0 0.4 0 0.8 0 1 0 0 0 0 0 0 0 0 0 0 0 0 0 0.2 0 0 0.6000000000000001 0 0 0 0 0 0 0 0 0.4 0.6000000000000001 0 0 9.4 2.8000000000000003 0 0 0 2 5 2.2 0 4.2 0 0 5.800000000000001 6 4.4 2.8000000000000003 3 0.2 2.8000000000000003 1.2000000000000002 0 0 0 0 0 0 0 0 0 0 1.6 0 0.2 0 0 0 0 0 0 0 0 0 0 0 0 0 0 2.4000000000000004 0 0 0 0 0 0 0 0 0 0 0 0 0 0 0 0 0 0 0 0 0.2 0 3.8000000000000003 0 0 0 0 0 0 0 0 0 1.8 3.2 0.8 3.4000000000000004 0 2.6 0 5.6000000000000005 2.6 2.4000000000000004 12.600000000000001 2 3.8000000000000003 0 8.4 5 4 0 3 2.2 0 0 0 0 0 0 0 0 0 0 0 0 3 0 0 0 0 0 2.2 0 0 0 0 0 0 0 0 0 0 0 0 0 0 0 0 0 0 0 0 0 0 0 0 0 0 0 0 5.6000000000000005 0 0 0 0 0 0 0 0 0 0 0 0 0 0 0 0 0 0 0.2 0.2 9.200000000000001 0.4 0.4 1.2000000000000002 0 0 0 0 0 0 0 0 0 0 1.6 0 0 0 0 0 0 0 0 0 0 0 0 0 3.6 0 0 0 0 0 0 0 0 0 0 0 0 0 
 11 36.2 19 14.600000000000001 10.200000000000001 7 86.2 0 94.2 53 9.600000000000001 50.2 34.6 49.400000000000006 92.4 51.400000000000006 21.200000000000003 8 38.2 30.8 0.4 0 0 0 0.2 0 0 0 0 0.4 0 0.4 0 0.6000000000000001 0 0 0 0 0 0 0 0 0 0.2 0.4 0 0 0 0 0 0.4 0 0 0 0 0 0 0.2 0 0 0 0 0 9 0 0 0 0.6000000000000001 0 0 0 0 0 0 0 0 1.2000000000000002 0.6000000000000001 0 0 6.2 6 0 0.8 0.2 0 6.6000000000000005 0 0 11.600000000000001 2.2 0 0.6000000000000001 5.800000000000001 10 0 0 1.4000000000000001 1.8 8.4 0 0 0 0 0 0 0 0 0.2 0 0 0 5 0 0 0 0 0 0 0 0 0 0 0 0 0 0 0.4 0 0 0 0 0 0 0 0 0.4 0.4 0 0 0 0 0 0 0 0.4 0 0 0.4 0 0 0 0 0 0 0 2.6 0 0 0 7.2 2.4000000000000004 16.8 2 0 1.8 0 6.6000000000000005 0 3.2 2.4000000000000004 3.4000000000000004 1.8 2 14 9 2.4000000000000004 0 0.2 4.800000000000001 0 0 0 0 0 0.2 0 0 0 0 0 0 2.2 0 0 0 0 0 2.4000000000000004 0 0 0 0 0 0 0.4 0 0 0 0 0 0 0 0 0 0 0 0 0 0 0 0 0 0 0 0 0 0 0 0 1.4000000000000001 0 0 0 0 0 0 0 0 0 0 0 0 0 0.2 0.4 0.2 0 18 0 0.4 1.4000000000000001 0 0.2 0 0 0 0 0 0 0 0 1.2000000000000002 0 0 0 0 0 0 0 0 0 0 0 0 0 0 2.8000000000000003 0 0 0 0 0 0 0 0 0 0 0 0 
 11 34.6 51.400000000000006 13.200000000000001 24.6 6.2 19 94.2 0 82.60000000000001 4.6000000000000005 28.8 44 48.800000000000004 48 29.400000000000002 88.60000000000001 28.200000000000003 26.8 15.8 0 0 0.6000000000000001 0 15.4 0 11.4 0.4 0 0 0 0 0 1 0.4 0 0 0.2 0.8 0 1.8 0 0 12.8 0 0 0 0.8 0 0 0.4 0 0 0 12.200000000000001 0.8 0 0 1.2000000000000002 0 0.2 0.8 0 0 0.4 0.4 0.4 0.6000000000000001 0 0 0 0.4 0 0 8.200000000000001 0 0.4 0.6000000000000001 0 0 2.6 5 2.8000000000000003 2 2.6 0.2 0 2 6.2 5.2 6.800000000000001 0 1.8 1.8 0 10.8 9 5.800000000000001 0 0 4 0 0 0 0 0 0 0 0 0 0 0 2.2 0 1.4000000000000001 0 0 0 0 0 0 0 0 0 0 0 0 0 0 0 0 0 0 0 0 0 0 0 0 0 0 0 0 0 0 0.2 0 0 1.6 0 0 0 0 0 0 0 0 0 0 0.4 6.2 0 0.2 6.2 2 3.2 0 6 8.8 0.8 5 10.200000000000001 0.2 2.6 8.8 9.4 1.8 3 0 0 0 2 0 0 0 0 0 0 3.8000000000000003 0 0.2 0 5.800000000000001 0 0 0.2 0 0 2.8000000000000003 2.8000000000000003 0.2 0 0 0 0 0 0 0 2.4000000000000004 0 0.4 0 2.8000000000000003 0 0 2.4000000000000004 0 0 0 0 0 0 0 0.2 0 0 0 0 0 0 0 0 0 0 0 0 0 0 0 2.8000000000000003 0 0 0 0 0 0.4 0 0.4 1.4000000000000001 18.2 0 1 0 0.4 0 0 0 0 0 0 0 0 1.6 0 0 0 0 0 0 0 0 0 0 0 0 0 0 0 0 0 0 0 0 0 0 0 0 0 0 0 
 19.6 74.2 20 38.400000000000006 81 10.8 7.4 53 82.60000000000001 0 47 31.200000000000003 13.8 35.4 40.800000000000004 44.800000000000004 24 23.8 57.2 14.4 0 0.2 0.8 0.2 0 0 0 0 0 0 0.4 0 0 0.6000000000000001 0 0.2 0 0 0 0 0 0 0 0 0 0 0 13.4 0 7 0.4 0 0 0 0 0 0 0.2 0 0 0.6000000000000001 6.4 0 0 0.6000000000000001 0 0.4 0.8 0 0 0 2.6 0 0 0 0 1.6 0.6000000000000001 0 0 0 5 2.8000000000000003 1.2000000000000002 4.2 2 3 2.6 8.6 4.4 2.6 0 0 2.6 0.2 5.800000000000001 2.6 6.800000000000001 0.2 0 4.2 0 0 0 0 0 0.4 0 0 0 0 0 4.2 0 0.8 0 2.4000000000000004 0 0.4 1.8 0 0 0 0 0.4 0 0.4 0 0 0 0 0 0 0 0 0 0 0 0 0 1.2000000000000002 2.2 0 0 0 0.4 0 1.8 0 0 0 0 0 0 0 0 0.4 0 0 0.4 10.8 0 3.6 2.2 0.2 0.2 4 0.2 6.6000000000000005 0.4 2.8000000000000003 8.4 0 1.2000000000000002 3.8000000000000003 5.4 0 3 0 0 0 0 0 0 0 0 0.2 0 0 6 0 0 0 0 0.2 0 0 0.4 2.8000000000000003 0 0 0 0 0 0 0 0.4 0 0 0 0 0 0 0 0.2 1.8 0 0 0 0 0 0 0 0 0 0 0 0 0 0 0 1.6 0 0 0 0 0.4 0 0 0 0 0 0 0 0 0.4 0.4 0 0.6000000000000001 17.6 0.6000000000000001 1 0 0 0 0 0 0 0 0 0 4 0.2 0 0 0 0 0 0 0 0 0 0 0 0 0 0 0 0 0 0 0 0 0 0 0 0 0 0 0 
 24.6 18 27.200000000000003 90.80000000000001 75 34 6.4 9.600000000000001 4.6000000000000005 47 0 65.4 22 5.4 60 21.6 27.200000000000003 90.60000000000001 6 16.6 14.8 7.6000000000000005 0 0 0 0 8.6 1.4000000000000001 0 0 0 0 0 0.6000000000000001 20.200000000000003 16 0 0 15.200000000000001 0 0 0 0 0 0.2 0 0 5 0 0 0.4 1 0 0 0 0 0 2.4000000000000004 12.600000000000001 0 0 0 0 0 0 0 0 0.6000000000000001 7.800000000000001 6 0.6000000000000001 0 0 0 0 0 0.4 0.6000000000000001 0 0 0 0 0.4 3 2.2 4.4 0 0 3.6 0 7.2 5.2 0 3 3.2 0 2.8000000000000003 0 0 0 0 0 0.2 0 0 0 4 0 4.800000000000001 0 0 0 6.6000000000000005 5.6000000000000005 10.200000000000001 4.4 0 0 8 1.2000000000000002 0 0 0 2.4000000000000004 0 0 0 0 0 0 0 0 0 0 0 0 0 0 0 0 1 1 0 0 0 0.4 0 0 0 0 0 0 0 0 0 0 1.2000000000000002 0 0 0 0 0 0 0 1.8 0 2 0 5 0 2.4000000000000004 2 0 0 0 0 0 3 1.2000000000000002 0 4.2 0 0 0 0 0 10.4 5.4 0 3.4000000000000004 0 0 6.2 3 1.8 0 0.4 0 3 6.6000000000000005 0 0 0 0 0 0 0 0 0 0 0 0 0 0 0 0 0 0 0 0 0 0.2 0 0 0 0 0 0 0 0 0 0 0 0 0 0 0 0 0 0 0 0.2 0 0 0 1 0.6000000000000001 0 0.4 0.2 4.800000000000001 1.6 0 0 0 0 0 0 0 0 0.2 0 0 0 0 0 0 0 0 0 0 0 0 0 0 0 0 0 0 0 0 0 0 0 0 0 0 0 0 0 
 6 30.400000000000002 9.600000000000001 56.400000000000006 16 29 23.400000000000002 50.2 28.8 31.200000000000003 65.4 0 10.600000000000001 10.4 9.4 12.4 24.6 57.2 45.6 8.200000000000001 22.400000000000002 15 14.4 0 0 0.4 15.4 0 0 0 0 0 7 15.4 0 0 0 0 15.600000000000001 0 0 0 0 0 0 0 0 12.200000000000001 12.8 0 0.4 0 0 0 0 0 0 1 0 0 0.4 0 0 0 0.6000000000000001 0 0 8 0 0 0 0 0 0 0.2 0.4 0.4 0.6000000000000001 0 0 0 0 0 0.2 6.2 1.8 3.6 0.6000000000000001 4.2 2.8000000000000003 11.4 0 0 4.2 0 0.2 3.4000000000000004 2.8000000000000003 0 0 0 0 0 2.8000000000000003 0 0 0 0 3.6 0 0 0 0 6.2 0.8 0 0 0 2.2 5.800000000000001 0 0 0 0 0 0 0 0 0 0 0 0 0 0 0 0 0 1.6 0 0 1.2000000000000002 1.6 0 0 0 0.4 0 0 1.4000000000000001 0 0 0 0 0 0 0 1 0 0 0 0 0 0 0 4.6000000000000005 0 3.6 0 1.6 0 0.2 1.8 0 0 0 0 0 6.800000000000001 0 0 2.4000000000000004 0 0 0 0 1.4000000000000001 6.2 3.6 0 5.4 0 0 0.2 0 4.800000000000001 0 0 0 9.600000000000001 9 0 0 0 0 0 0 0 0 0 0 0 0 0 0 0 0 0 0 0 0 0 0 0 0 0 0 0 0 0 0 0 0 0 0 0 0 0 0 0 0 0 2.8000000000000003 0 0 0 0.4 17 0 0.4 1 1.8 2.8000000000000003 0 0 0 0 0 0.2 0 0 0 0 0 0 0 0 0 0 0 0 0 0 0 0 0 0 0 0 0 0 0 0 0 0 0 0 0 0 0 0 
 29.8 45 14.600000000000001 33 57 10.600000000000001 21.6 34.6 44 13.8 22 10.600000000000001 0 17.8 42 71.8 30.400000000000002 15.4 60 29.400000000000002 0 0.6000000000000001 0 0 0 0 0 0 0 0 0 0 0 1.4000000000000001 0 0 0 0 0.4 0 0 0 0 0.2 0 0.2 0 17.6 0.4 0 0.4 0.4 0.4 12.200000000000001 0.4 0 0 0.4 0 0 0.8 0.4 0 0 0.6000000000000001 0.4 0 0.6000000000000001 0 0 0 0.2 0 0.4 0 1 0.4 1 0 0 4.800000000000001 0 3 6.6000000000000005 0 0 1.4000000000000001 4.2 1.2000000000000002 3.2 0 1.8 0.2 2.4000000000000004 3 0 0.6000000000000001 0 3.6 3.6 0 0 2.2 0 0 0 0 0 0 0 0 0 0 0 0 0 0 0 0 2.4000000000000004 0 0 0 0 0 0 0 0 0 0 0 0 0 0 0 0 0 0 0 2 0 0 0 0 0 0.4 0 0 0 0 0 0 0 0 0 0 0.8 0.4 0 0 7.4 0 8.6 2 0 0 10 4 4.6000000000000005 0 2.8000000000000003 3.6 0.4 0 4.800000000000001 2.2 2.8000000000000003 1.8 1.6 0 0 0 0 0 1.4000000000000001 0 0 0 0 3 0 5.4 0 0 0 0 0 0 0 0 0.4 0 0 0 0 0 0 0 0 0 0 0 0 0 0 0 1.8 0 0 0.4 0 0 0 0.4 0 0 0 0 0 0 0 0 0 0 0 0 0 0 0 0 0 0 0 0 0 0 17.6 0 0.2 17.6 0 3.2 2.8000000000000003 0 0 0 0 0 0 0 0 0 0 0 0 0 0.2 0 0 0 0 0 0 0 0 6.4 0 0 0 0 0 0 0 0 0 0 0 0 0 0 
 27.400000000000002 20.200000000000003 44.2 12.600000000000001 14.200000000000001 9.4 56.2 49.400000000000006 48.800000000000004 35.4 5.4 10.4 17.8 0 30.200000000000003 45.6 11.4 7.6000000000000005 47.800000000000004 37.4 0 0 0 0 0.4 0 0 0 0 0 0 0 0 0.6000000000000001 0 0 0 0 0 0 0.4 0 0 0 0.2 0 0 0 0 0 1 0 0 0 0 0 0 0 0 0 0 0 0 0 0 0 0 7 0 0 0 0 0 0 0 0 0.6000000000000001 0.6000000000000001 0 0 9 8.4 2.4000000000000004 2.8000000000000003 0 0 8.6 2.4000000000000004 3.4000000000000004 2.4000000000000004 0 3.6 6.2 4.2 4 6.2 4.6000000000000005 1.6 5.2 2.8000000000000003 3 0 0 0 0 0 0 0 0 0 0 0 4.2 0 0 0 0.4 0.4 0.8 0 0 0 0 0 0 0 0 0 0 0 0 0 0 0 0 0 0 0 0 0 0 0 0 0 0 0.4 0 0 0 0 0 0 0 0 0 0 0 0 0 0 2.2 14.600000000000001 0 3.6 0 2 0 2.4000000000000004 3.8000000000000003 4.800000000000001 18.6 3.4000000000000004 3.2 2.8000000000000003 0 3.2 4.2 0 6 3 0 0 0 0 0 0 0 0 0 0 0 0.4 0.2 0 0 0 0 0 0 0 0 0 0 0 0 0 2.4000000000000004 0.4 0 0 0 0 0 0.2 0 0.2 0 0 0 0 0 0 0 0 0 0 0 0 0 0 0 0 0.4 0 0 0 0 0 0 0 0 0 0 0 0 0 0.4 0 0.2 0.2 0 16.6 0.4 0 0.4 0 0 0 0 0 0 0 1.4000000000000001 0 0 0 0 0 0 0 0 0 0 0 0 0 0 0 0 0 0 0 0 0 0 0 0 0 0 0 
 26.8 34.2 47.2 7.800000000000001 17.6 16 82.4 92.4 48 40.800000000000004 60 9.4 42 30.200000000000003 0 61.6 23.200000000000003 5.800000000000001 59.400000000000006 20.200000000000003 0 0 0 0 0 0 0 0 0 0 0 0.4 0 0.6000000000000001 0.6000000000000001 0 0 0 0 0 0.4 0 0 0.4 0 0 0 0 0 0.6000000000000001 1.4000000000000001 0 0 0 0 0 0 0 0 0 0.2 0 0 0.6000000000000001 0.4 0.6000000000000001 0 1.6 0 0 10 0 0.4 0 0 0 0.4 0.6000000000000001 0 0 8 5.2 3.2 8.4 0 3.2 0 2.6 3.2 8.8 0.2 5 0.4 0 11 12.200000000000001 10.8 4.2 3.8000000000000003 9.4 3 0 0 0 0 0 0 0 0 0 0 0 2 0 0 0 0 0 0 0 0 0 0 0 0 0.2 0 0 0 0 0.2 0 0 0 0 0 0 1 0 0 0 0.4 0 0 0 0.2 0 0 0 0 0 0 0 0 0 0 0.2 0 0 0 11.4 8 4.2 6.6000000000000005 0 2.2 1.6 7.6000000000000005 3.8000000000000003 0 5.4 9 0 9.600000000000001 5.6000000000000005 3.2 11.4 1.8 0 3 0 0.2 0 0 0 0 0 0 0 0 0 0 0 0 0 0 0 0 0 0 0 3.4000000000000004 0 0 0 0 0 0 0 0 0 0.2 0 0 0 0 0 0 0 0 0 0 0 0 0 0 0 0 0 0 0 0 0 0 0 0 0 0 0.4 0 0 0.2 0 0 0 0.6000000000000001 17.400000000000002 0 0.6000000000000001 19 0.2 1.4000000000000001 11.8 0 0 0 0 0 0.4 0 0.2 0 2 0 0 0 0.4 0.2 0 0 0 0 0 0 0 5 0 2 0 0 0 0 0 0 0 0 0 0 0 0 
 23.400000000000002 40 44 26.400000000000002 21.200000000000003 19.200000000000003 8.200000000000001 51.400000000000006 29.400000000000002 44.800000000000004 21.6 12.4 71.8 45.6 61.6 0 37 27.400000000000002 34.6 15.8 0 1.2000000000000002 0 0 0 0 0 0 0.2 0 0 0 0 0.6000000000000001 0.6000000000000001 0 0 0 0.8 0.4 0 0 0 0 0.4 0.4 0 0 0.8 0 3 0.8 0.8 0.8 0.8 0 0 0.8 0 0 0 0.4 0 0 0.8 0 0 0.6000000000000001 0 0 0 0 0 0.8 0.2 0 1 1.4000000000000001 0 0 0 5.2 2.6 8.6 0 3.6 0 3.6 6.6000000000000005 6.6000000000000005 2.2 4.800000000000001 5.2 0 4 8.200000000000001 6.2 1 0 9.600000000000001 4.4 0 0 2.6 0 0 0.4 0 2 0 0 0 2 0 0 1 0 0 0.8 0 0 0 0 0 0 0 0 0 0 0 0 0 0 0 0 0 0 0 0 0 0 0 0 0 0 0.2 0 0 0 0 0 0 0 0 0 0 0.2 0 0 0 6.6000000000000005 6.800000000000001 8 4.2 0 2.6 2 7.6000000000000005 6 0 8 4 0 5 3 4.4 10.200000000000001 2.8000000000000003 0 3 0 0 0 0 0 0 0 0.2 0 0 0.2 0 0 0 0 0 0 0 0 2 0 0 0 0 0 0 0 0 0 0 0 0.4 0 0 0 0 0.2 0 0 0 0 0 0 0 0 0 0.4 0 0 0 0 0 0 0 0 0 0 0 0.2 0 0 0.4 0 0 0 0.2 17.2 0 0.8 1 0.4 0.4 2 0 0 0 0 0 0 0 0 0 0.2 0 0 0 0 0 0 0 0 0 0 0 0 7.2 2 2 0 0 0 0 0 0 0 0 0 0 0 0 
 22.400000000000002 46.6 14.4 24.200000000000003 99 12.8 65.4 21.200000000000003 88.60000000000001 24 27.200000000000003 24.6 30.400000000000002 11.4 23.200000000000003 37 0 50.800000000000004 10.8 11 0.4 0.2 0.2 0.2 0.4 0.2 0 0.4 0 0.2 0.4 0.4 0.2 1 0.2 0 0.2 0.4 41.400000000000006 0 0 0.4 0 1 0.2 0.2 0.4 0.2 0 0 0.4 0.4 0 6.6000000000000005 0.2 0 0.4 0.4 0 0.4 0.2 0.4 0 0 0.4 0 0 0.6000000000000001 0 0.4 0.4 0.6000000000000001 0 0.4 0 0.4 0.4 1 0 0 6.2 0 3 0.4 0.6000000000000001 0 0 5.4 3 9.200000000000001 11.8 1 0.2 2.6 0.4 0.2 0.6000000000000001 0.2 2.8000000000000003 3.6 0 0 0 0 0 0 0 0 0 3 0 0 4.800000000000001 0 10.4 0 0 0 3.4000000000000004 0 0 0 0 0 0 0 0 0 0 0 0 0 0 0 0 0 0 0 0 0 0 0 0 0.2 2.6 0 3.6 0 0 0 0 0 0 0 0 0 0 0 0 0 8.8 0 9.600000000000001 2 0 2.2 1.2000000000000002 8 0.2 0 2 3 0 0 8.4 6.6000000000000005 0.4 4.6000000000000005 0 0 0 0 0 0 2.4000000000000004 0 6.2 4.2 0 0 0 0 2 0 0 0 0 0 1.8 8 0.2 0 0 0 0 0 0 0 0 0 0 0 0 0 0 0 0 0 0 0 0 0 0.2 0.2 0 0 0 0 0 0 0 0 0 0 2.6 0 0 0 0 0 0 0 0 0 0 0 0.6000000000000001 0 0 17.2 7.6000000000000005 0.4 2.8000000000000003 0 0 0 0 0.4 0 0 0 0 2 0.4 0 0 0.4 0 0 0 0 0 0 0 0 4.6000000000000005 0 0 0 0 0 0 0 0 0 0 0 0 0 0.4 
 52.6 59.2 10 34.4 10.4 10.8 53.400000000000006 8 28.200000000000003 23.8 90.60000000000001 57.2 15.4 7.6000000000000005 5.800000000000001 27.400000000000002 50.800000000000004 0 23.400000000000002 5.800000000000001 0 0.2 0 0 0 0 0 0 0.2 0 0.4 0 29.8 0.6000000000000001 0.4 0 0 0 0 0 0 0 0 0.4 0 0.4 0 12.8 0 0 0.8 0 0 0 0 0 0 0 0 0 0.6000000000000001 0 0 0 0.6000000000000001 0 0.4 0.6000000000000001 0 0 0 0.8 0 0 0 0 0.4 0.6000000000000001 0.6000000000000001 0 0 2 6 4.6000000000000005 5.800000000000001 4.4 0 2 4.4 0.2 6.4 7.4 0 5.800000000000001 5.2 5 0.2 2.6 0 3.4000000000000004 1 0 0 5 0 0 3.2 0 0 0 0 0 0 0 3.4000000000000004 0 0.2 0 3 3.2 0 0 0 0 0 0 0 0 0 0 0 0 0 0 0 0 0 0 0 0 0 0 0 0 0 0.2 0 0 0 0 0 0 2.6 0 0 0 2.8000000000000003 0 0 0 2.2 5.4 0 3.8000000000000003 0 0 6.4 0 6.6000000000000005 0 0 9.600000000000001 0 4 4 0 4 2.8000000000000003 0 0 0 0 0 0 0 0 3.6 0.6000000000000001 0 3.4000000000000004 0 0.2 0 0 0.2 0 0 0 0 2.4000000000000004 0 0 0 0 0 0 0 0.2 0 0 0 0 0 0.4 0 2.8000000000000003 0 0 0 0 0 0 0 0 0 0 0 0 0 0 0 0 0.2 0 0 0 0 0 0 0 0 0 0 0 0 0 17.8 0 0 19 4.2 4.800000000000001 0 0 0.2 0 0 0 0 0 0 0 0 0 0 0 0 0 0 0 0 0 0 0 0 2.8000000000000003 0 0 0 0 0 0 0 0 0 0 0 0 0 0 
 15 17.400000000000002 26.8 11 8.200000000000001 6.4 18 38.2 26.8 57.2 6 45.6 60 47.800000000000004 59.400000000000006 34.6 10.8 23.400000000000002 0 43.400000000000006 0 0 0 0.2 0 0 0.2 0 0 0 0.4 0 0 0.6000000000000001 0 0 0 0 0 0 0 12.4 0 0 0 0 0 0.2 0 0 1.8 0 0 0 0 0 0 0 0 0 0.6000000000000001 0 0 0 0.6000000000000001 0 0.4 0.6000000000000001 0 0 0 0 0 0 0 0 2.4000000000000004 0.6000000000000001 0 0 3 2 2.6 2.4000000000000004 0 0 7.800000000000001 0 0 1 0 8.6 2.4000000000000004 3.8000000000000003 4.800000000000001 4.2 4.2 0 3.6 5.4 0 0 0 0 0 0 0 0 0 0 0 0 0 0 0 0 0 0 0 0 0 3.6 0 0 0 0 0 0 0 0 0 0 0 2 0 0 0 0 0 0 0 0 0 0 1.2000000000000002 0.4 0 0 0 0 0 0 0 0 0 0 0 0 0 0 2 5.2 2 1.8 0 0 0 1.2000000000000002 2.8000000000000003 0.6000000000000001 2.4000000000000004 0 0.2 5.4 3 3.6 4.4 0 3 5.800000000000001 0 0 0 0 0 0 0 0 0 0 0 1.8 0 0 0 0 0 0 0 0 0 0 0 0 0 0 0 0 0 0 0 0 0 0 0 0 0 0 0 4.4 0 0 0 0 0 0 0 0 0 0 0 0 0 0 0 0 0 0 0 0 0 0 0 0 0 0 0.2 0 9 0.4 0.4 1.4000000000000001 0 0 0 0 0 0 0 0 0.8 0 0.2 0 0 0 0 0 0 0 0 0 0 0 0 0.4 0 2.8000000000000003 0 0 0 0 0 0 0 0 0 0 0 0 
 10.8 12 11.600000000000001 61 13.4 10.8 89.80000000000001 30.8 15.8 14.4 16.6 8.200000000000001 29.400000000000002 37.4 20.200000000000003 15.8 11 5.800000000000001 43.400000000000006 0 0 0.4 0 0 0 0.4 17.8 0.2 0.6000000000000001 0.4 0 0 0 0.8 0.6000000000000001 0 0 0 0.8 0 0 12.4 0 13.600000000000001 0 0 0 0.4 0 0 0.4 0.2 0.6000000000000001 0.6000000000000001 0 0 0 0.4 0 0 0.4 0.6000000000000001 0 0 0.6000000000000001 1.2000000000000002 0.2 0.6000000000000001 0 0.4 0.6000000000000001 0.6000000000000001 0.4 0 0 0.6000000000000001 1.2000000000000002 2.8000000000000003 0 0.2 1.8 1.2000000000000002 2 0 0 0 0 0 1.8 0 2 0 2.8000000000000003 0 0 1 0 2.2 2.2 0 0 0 0.2 0 0 0 0 0 0 0 0 0 0.2 0 1.4000000000000001 0 0 0 0 0 0 0 0 0 0 2 0 0 0 0 0 0 0 0.4 0 0 0 0 0 0 0 0.2 0 0 0 0.2 0 0 1.2000000000000002 0 0 0 0 0 0 0 0 0 0 0 0 0 0.2 5.6000000000000005 2.2 0 0 0.2 0 0.8 0 4.6000000000000005 2.6 1.6 0 2 0 2.2 2.2 0.8 0 2.6 0 0 0 0 0 0 3.8000000000000003 0 0 0 6 0 0 0.2 0 0 3 2.4000000000000004 0 0 0.2 0 0 0 5.800000000000001 0 0 0 0 0 0 0 0 0 0 0 0 0 0 0 0 0 0 0 0 0 0 0 0 0 0 0 0 0 0 0 0 0.4 0 0 0 0 0 0.4 0.4 0.4 0.6000000000000001 0.6000000000000001 0.6000000000000001 1.4000000000000001 0 0 0 0 0 0 0 0 0 0 0 0 0 0 0 0 0 0 0 0 0 0 0 0 0 0 0 0 0 0 0 0 0 0 0 0 0 0 
 0 0 0 7.800000000000001 34 22 0 0.4 0 0 14.8 22.400000000000002 0 0 0 0 0.4 0 0 0 0 43.2 12.200000000000001 12 22.6 10 15.600000000000001 13 30.400000000000002 62.400000000000006 5.800000000000001 31.8 31.6 55.400000000000006 9.200000000000001 51 20.6 10.4 36.2 10.4 0 0 0 0 0 0 0 0 0 0 0 0 0 0 0 14.4 0 1.4000000000000001 0.6000000000000001 0 0.6000000000000001 0 0 0 0 0 0 0 0 0 0 0 0.6000000000000001 0 0 0 0 0 0.4 0 0 0 0 0 6.6000000000000005 2.2 0 0 0 0 0 0 0 0 0 0 0 1.8 0 0 4 5.6000000000000005 1.4000000000000001 0 0 0 0.4 0 0.8 4.2 2.2 1.6 2.8000000000000003 9.4 3.4000000000000004 1.8 5.2 0 4.2 5.2 0 0 0 0 0 0 3.2 0 0 0 0 0 6.2 0 0 0 0 0.4 2.6 0 0 0 0 1.4000000000000001 0 0.2 0 0 0 0 0 0 0 0 0 0 0 0 0 0 0 0 0 0 4 0 0 0 0 0 0 0.6000000000000001 0 0 0 0 0 3.2 0.2 0 1.8 1.8 5.6000000000000005 0.4 1.4000000000000001 2.8000000000000003 3.2 4.4 2.8000000000000003 2.8000000000000003 5 2.6 8.8 6 1.8 12.600000000000001 3.2 4.2 4 1 0 1.6 0 0 0 0 0 0 0 0 0 0 0.2 0 0 0.4 0 1.6 0 0 0 0 0 0 0 0 0 0 2.4000000000000004 0 0 0 0.4 0 0 0 0 0 0 0 0 3 0 0 0 0 14.600000000000001 0 0 0 0 0 0 0 1.2000000000000002 0.4 0.2 11.4 0 0.4 2.6 0 0 0 0 0 0.2 0 0 0 0 0 0 0 0 0 0 0 0 0 0 0 0 0 0 0 2.6 0 0 0 
 0 0.4 0.4 2.4000000000000004 14.8 6.6000000000000005 0 0 0 0.2 7.6000000000000005 15 0.6000000000000001 0 0 1.2000000000000002 0.2 0.2 0 0.4 43.2 0 18.6 26.8 37.6 46.2 18.6 48.2 63.2 55.6 73.8 39.400000000000006 26 6 6.6000000000000005 7 7.4 8 3.8000000000000003 11.600000000000001 0 0 0 0.2 0.2 0 0 0 0 0 0 0 0 0 0 0 0 0 0.6000000000000001 12.4 0.6000000000000001 0 0 0 0 0 0 0 0 0 0 0 0.6000000000000001 0 0 0 0 0 0.4 0 0 0 0 0 2.4000000000000004 0 0 0 0 0 0 0 0 0 3.8000000000000003 0 0 0 0 0 6.4 4.2 0.2 2 4.6000000000000005 0 0 10.8 1.8 8.200000000000001 0 0.8 0 2.4000000000000004 2.6 1.8 5 2.8000000000000003 0 2.4000000000000004 0.2 0 0.2 0 0 0 4.4 0 0 0 0 0 0 0 0 0 0 0 2.2 6.2 0 0 0 7.6000000000000005 0 0 0 0 0 0 0 0 0 0 0 0.4 0 0 0 0.2 0 0 0 0.4 3.6 1.4000000000000001 0 0 0 0 0 0.4 0 0 0.4 0 0 0 0 0 2.2 0.2 9.4 7.800000000000001 0.2 0 2 2.4000000000000004 2.6 5.2 6 1.6 2.4000000000000004 0.8 0 14 1.6 5.4 1.8 0 4.800000000000001 3.4000000000000004 0 0 0 0 8 0 0 0 0 0 1.8 0 0 0 0 0 1.4000000000000001 0.8 0 0 0 0 0 0 0 0 0.2 0 0 0 0 0 0 0 0 0 0 0 0 0 0 0 0 0 0 0 0 0 0 0 0 0 1.6 0 0 16 0.2 0 0 0 0 0 0 0 0 0 0 0 0 0 0 0 0 0 0 0 0 0 0 0 0 0 0 0 0 0 0 0.4 
 0 0 0.4 0 0 0 0 0 0.6000000000000001 0.8 0 14.4 0 0 0 0 0.2 0 0 0 12.200000000000001 18.6 0 26.8 16.8 22.8 92.60000000000001 29 12.8 11.4 59.2 5.4 38.800000000000004 72.8 37.4 44.2 20.8 125.80000000000001 27.6 27.6 0.6000000000000001 0 0 0.4 0 0 0 0 0 0 0 0 0 0 0.2 0 0 0 18.400000000000002 0 0.4 0 0 0 5.800000000000001 0 0 0.2 0 0 0 0 0.6000000000000001 0 0 0 0 0 0.4 0 0 0.4 0 0 0 0 0 0 0.4 0 0 4.800000000000001 0 0 0 0 0 0 0 0 5 1.4000000000000001 5.800000000000001 9.600000000000001 0 0 4.6000000000000005 1.6 0.2 0.6000000000000001 6.2 6.6000000000000005 3.2 0 0 6.2 2.2 5 3.6 5.2 0.2 0.2 1.6 0 0 0.2 6.4 11 0 0 0 0 0 4.2 0 0.2 0 0 0 11.4 0 0 0 0.2 0 0 0 0 1.2000000000000002 0 0 0 6.2 0 0 5 0 0.2 0 0 0 0 0 0 0 4.800000000000001 0 0 0 0 0 0 0 0 0 0 0 0 0 0 1.2000000000000002 2.4000000000000004 0 6.800000000000001 4 0 1.8 0 2 0.2 7.2 0 0 2 6.800000000000001 0 4.4 3.4000000000000004 0 0 0 3.2 0 0 0 0 2 3.2 0 0 0 0 6 1.8 0 3.6 0 0 0 1.8 1.8 0 0 0 0 0 0 0 0 0 0 0 0 0 0 0 0 0 0 0 0 0 4.6000000000000005 0 0 0 0.2 0 0 0 0 0 0 0 1.6 0.4 0 15.600000000000001 15.4 0 0.2 4.6000000000000005 0 0 0 0 3.2 0 0 0 0 0 0 0 0 0 0 0 0 0 0 2.8000000000000003 0 0 0 2.4000000000000004 0 0 0 0 
 0 0 0 0 0 0.2 0 0 0 0.2 0 0 0 0 0 0 0.2 0 0.2 0 12 26.8 26.8 0 40.400000000000006 22.200000000000003 19.200000000000003 61.2 32.4 48 15.600000000000001 24.8 17.400000000000002 58.6 10.600000000000001 22.400000000000002 41.2 42.6 14 15.8 0 0 0 0.2 0 0 0 0 0 0 0 0 25.6 12.200000000000001 11.600000000000001 0 0 0 13.600000000000001 9 0.6000000000000001 0 0 0 0 0 0 0 0 0 0 0 0.6000000000000001 0 0 0 0 1.6 0.4 0.2 0 0 0 0 0 0 0 0 0 0 0 0 0 0 0 0 0.2 0 0 0 0 0 0 0 2.2 1.4000000000000001 0 2.2 2.2 0 0.4 1.8 0 1 0 0 3.8000000000000003 1.8 0 2.6 7.800000000000001 1.2000000000000002 0 0.4 0 0.4 1.4000000000000001 4.800000000000001 0 0 0 0 9.200000000000001 3.4000000000000004 2.4000000000000004 0.2 0 0.2 2.2 5 0 0 0 0 0 0.4 0 0 0 0.6000000000000001 0 1.4000000000000001 0 0 0 0 0 0.2 0 0 0.2 0 0 0 0 0 0 0 0 0 0 0 0.6000000000000001 0 0 0.2 0 0 0 0 0 0 0 0 3 9.4 0.2 4.2 0 0 0 3.6 0 3.8000000000000003 5.6000000000000005 0 0 3.8000000000000003 0 0 0 3.6 2.4000000000000004 0 2.4000000000000004 0 0 0.2 9.200000000000001 0 0 2.4000000000000004 7.4 3.2 5.800000000000001 0 0 0 4.800000000000001 10.8 0 0 0 0 0 0 0 0 0 0 0 0 0 0 0 0 0 0 0 0 0 0 0 0 0 0 0 0 0 0 0 0.2 0 0 0.4 0 0.2 15.4 0 0.2 0 0 0 0 0 0 0 0 0 0 0 0 0 0 0 0 0 0 0 0 0 0 0 0 0 0 0 0 0 0 
 0 0 0.4 0.2 0 0 0 0.2 15.4 0 0 0 0 0.4 0 0 0.4 0 0 0 22.6 37.6 16.8 40.400000000000006 0 45.400000000000006 12.200000000000001 18.400000000000002 38.800000000000004 31.400000000000002 32.2 82.60000000000001 32 13.200000000000001 12.8 46 17.6 23.400000000000002 14.8 20.400000000000002 0 0 0 0 0 0 0 0 0 0 0 0 0 6.2 20.400000000000002 0 0 0 19 12.200000000000001 0.6000000000000001 0 0 0 0 0.2 0 0 0 0 0 0 0.6000000000000001 0 0 1.6 0 0 0.4 0.2 0 0 0.4 0 0 0 0 0 0 0 0 0 0 0 0 0 0 0 0 0 0 1.6 3.6 2.6 3.2 3.6 0 4.4 0 2 0 3.2 0 0 2.4000000000000004 1.8 4.6000000000000005 1.4000000000000001 0 0 5.800000000000001 0.2 1.4000000000000001 0 0 3.8000000000000003 8.6 2 0 0.2 0 0 1.8 2.6 2.2 0 0.4 0 0 2.6 0 0 0 0 0 0 0 0 0 0 0 0 0 0 0 0.6000000000000001 0 0 0 0 2 0 0 0 0 0 0 0 0 0 0 0 2.2 0 0 0.8 0 0 0 0 0 0.4 5.6000000000000005 7.2 5.4 2 0 2.4000000000000004 4.6000000000000005 1.2000000000000002 5.6000000000000005 7.6000000000000005 6.6000000000000005 6.6000000000000005 0 0 2.6 3.6 0 0 0 3.4000000000000004 0.6000000000000001 2 0 0 1.2000000000000002 4.4 2.6 0 0 0 7.6000000000000005 1.2000000000000002 0.2 0 0 2.6 2.4000000000000004 4.6000000000000005 0 0 0 0.2 0 2.2 0 0 0 0 0 0 0 0 0 0 0 0 0 0 0 0 0 0 0 0 0 0 0 0 0 0 0 0 1.4000000000000001 0.4 0.4 0 0.2 0 0.4 1.2000000000000002 0 0 0 0 0 0 0 0 0 0 0 0 0 0 0 0.4 0 0 0.2 0 0 0 0 0 0 0 0 0 
 0 0 0.4 0 0 0 0 0 0 0 0 0.4 0 0 0 0 0.2 0 0 0.4 10 46.2 22.8 22.200000000000003 45.400000000000006 0 7.4 26.6 52.800000000000004 18.6 26.8 44.800000000000004 11.200000000000001 55.400000000000006 23.400000000000002 10.200000000000001 28 23.6 12.200000000000001 12.200000000000001 23 1.4000000000000001 0 0.2 0.2 0 14.600000000000001 0 0 0 0 0.4 5.800000000000001 19.6 1 0.6000000000000001 0 0 4.800000000000001 26 0.6000000000000001 0 0 0 0 0 0 0 0 0 0 0 0.6000000000000001 0 0 0 8.6 1 0.6000000000000001 0 0 0 0 0 0 0 0 0 0 0 0 0 0 0 0 0 0 0 0 0 2 0.2 0 0 4.4 0.6000000000000001 0 6.2 0 6.800000000000001 0 0 0 0 2.8000000000000003 0.2 3.4000000000000004 0 0 0 3.4000000000000004 0.4 0 0 0 0 4.2 0 2 0 2 0 0.4 3.6 3 0 0.8 0 2.2 4.4 0 0 0 0 0 0 1 0 0 0 0 0 0 0 0 0 0 0 0 0 0.2 0 0 0.4 0 0 0 0 0 0 0 0 0 0 0.4 0.2 0 0 0 0 0 0 5.2 6.4 0 0.2 0 2 4.4 4.2 6.4 1 0 0.4 0 3.6 1.6 8.6 0 0 0.8 0 1.4000000000000001 0 0 0 5.2 2.6 0 0 0 0 9.200000000000001 0.8 4 7.6000000000000005 0.2 0 9 9.200000000000001 0 0 0 0 0 0 0 0 0.2 0 0 0 0 0 0 0 0 0 0 0 0 0 0.4 0 0 0 0 0 0 0 0 0 0 0 2.2 0 0.2 0.2 1.4000000000000001 0.2 0.2 0 0 0 0 0 0 0 0 0 0 0 0 0 0 0 0 0 0 0 0 2.6 0 0 0 3.2 0 0 0 0.4 
 0 0.6000000000000001 16.6 28.200000000000003 0 0 0.2 0 11.4 0 8.6 15.4 0 0 0 0 0 0 0.2 17.8 15.600000000000001 18.6 92.60000000000001 19.200000000000003 12.200000000000001 7.4 0 54.800000000000004 45.800000000000004 10.4 48.6 23.6 53.6 68.8 25.8 16.6 7.800000000000001 11 24.400000000000002 31.8 0 1 0.4 13.200000000000001 0 0.8 0 0.8 0.2 0 0.2 0.4 0 0 0 0 0 0 0.6000000000000001 0 0.6000000000000001 0 0 0 9.200000000000001 0.8 1.2000000000000002 0.8 0 0 0.8 0.8 0.6000000000000001 0 0 0.2 1 0.6000000000000001 0.8 0.8 0 0 0 4.2 1 3.2 0 0 0 0 1.6 4.800000000000001 0 0 0 1.8 0 2.2 0 0 1.8 1.4000000000000001 2.4000000000000004 4.6000000000000005 2.2 0 0.4 1.8 4.4 0 3 6.2 0 0.6000000000000001 6.6000000000000005 3.6 2.2 2.2 0 0 0 0 0 0 0.4 0 0 0 0 0 0 0 0 0 0 0 0 0.2 2.4000000000000004 0 0 0 0 0 0 0 0 0 1 0 0 0 0 0 0.2 0 0 0 0 0 0 0 0 1.4000000000000001 2.2 0 0 0 0 11 0 3.2 0 0 0 0 0 4 2 0 4.4 8 4.4 2 1.6 0 3.8000000000000003 0 2.2 2.8000000000000003 0.2 3.2 4.6000000000000005 5.4 8.4 3.8000000000000003 2 0 7.4 4.4 0 0 0 0 0 0 7 0 0 0.2 0 0 0 0 0 0 0 0 0 0 0 0 0.8 0 0 0 0 0.4 0 0 0 0 0 0 0 0 0 0 0 0 0 0 0.2 0 0 0 0 0 0 0 0 0 0 0 0.2 0.4 0.4 0 7.800000000000001 0.2 0.4 0 0 0 0 0.4 0 0 0 0 0 0 0 0 0 0 0 0 0 0 0 3.6 0 0 0 0 0 0 0 0 
 0.6000000000000001 0.4 0 0.8 15.4 15.600000000000001 0.8 0 0.4 0 1.4000000000000001 0 0 0 0 0 0.4 0 0 0.2 13 48.2 29 61.2 18.400000000000002 26.6 54.800000000000004 0 19.8 13.8 23.400000000000002 29.200000000000003 80.80000000000001 67.8 45 47.6 7.6000000000000005 6.6000000000000005 60.6 19.8 0 0 0 1.2000000000000002 5.4 0.2 0 0 0 0 0 0 0.4 0 0 0 0 0 0.6000000000000001 0 1 0 0 0 0.4 0 0 0.8 0 0.6000000000000001 0.4 6.6000000000000005 0.6000000000000001 0 0 0.2 0 0.4 0.4 0 0 0 0 0 0 1.8 0 0 0 0 0 0 4.2 0 0 0 0 0 0 0 2.6 10.8 3.8000000000000003 1.6 0.2 0 6.2 5.2 0.2 1.4000000000000001 5 0 1.6 3.2 8.200000000000001 5.800000000000001 9.8 8.6 3.6 0 0 0 0 0 0 0 0 0 0 0 0 0 2 0 0 0 0 0 0 3 0 0 0 0 0 0.4 0 0 0.4 0 0 0 0 0 0 0 0 0 0 0 0 0 0 0 1.8 0.2 0 0 0 0 0 0 0 2.8000000000000003 0 0 0 0 0 0 2 7.4 12.200000000000001 1.8 5 0 3.4000000000000004 0 0 5.800000000000001 2.4000000000000004 5.800000000000001 3 8.200000000000001 7.2 7.800000000000001 6.4 0 0 0 0 0 0 0 0 0 7.6000000000000005 0 0 0 0 0 0 0 0 0 0 0 0 0 0 0 0 0 0 0 0 0 0 0 0 0 0 0 0 0 2.2 0 2 0 0 0 0 0 0 0.4 0.2 0 0 0 0 0 0 0 0.2 0.4 0.4 0 15.200000000000001 0 0.4 0 0 0 0 0 0.2 0 0.4 0 0 0 0 0 0 0 0 0 0 0 0 0.4 0 0 0 0 2.4000000000000004 0 0 0 
 0 0 0.4 0 0 0.4 0 0 0 0 0 0 0 0 0 0.2 0 0.2 0 0.6000000000000001 30.400000000000002 63.2 12.8 32.4 38.800000000000004 52.800000000000004 45.800000000000004 19.8 0 43.400000000000006 23 24.8 19 19.400000000000002 20.200000000000003 29.400000000000002 23.6 30.6 32.800000000000004 92.4 0.4 0.4 0.4 1 0 0 0.4 1.2000000000000002 0 0 0 0.4 13.4 1.2000000000000002 0 0.6000000000000001 0 0.6000000000000001 0.6000000000000001 0.8 1.2000000000000002 0 0 0 0 0.4 0 0 0 0 1 2.2 0.8 0 0.4 1.2000000000000002 0.2 1.8 0.4 0.2 0 0 0 0 0.2 0 0 0 0 0 0 0 0 0 3.6 0.2 0 0.2 0 0 0 3.4000000000000004 1.4000000000000001 4.4 10.4 0 1.8 8.8 4 7.4 5.2 4.800000000000001 0 2.6 3 0 10 4.4 0 2.8000000000000003 0 0 0 0 0 0 1.8 0 0 0 0 0 2.2 0.4 0 0 0 0 5.800000000000001 5.2 0 0 0 0 0 0 0 0 0 0 0 0 0 0 3.6 0 0 0 0.4 0 0 0 0.4 0 0.4 3.4000000000000004 0 0 0 0 0 0 0 0 0 0 0 0 0.2 0.2 3.2 4.2 6.6000000000000005 6.2 1.4000000000000001 0 0 2.8000000000000003 3.6 9 3.6 10.600000000000001 0 10.200000000000001 0.6000000000000001 2 6.4 2.4000000000000004 0 0 2.4000000000000004 0 0 0 0 0 0 0 0 0 0 0 0 0.2 0 0 0 0.4 1.6 1.6 0 0 0 0 0 0 0 0 0 0 0 0 0 0 0 0 0 0 0 0 0 0 0 0 0 0 0 0 0 0 0 0 0 0 1.4000000000000001 0 0 0 0 0.2 0 0.2 0 0 0 0 0 0 0 0 0 0 0 0 0 0 0 0 0 0.2 0 0 0 0 0 0 0 0 0 0 
 0 0 0.4 0.4 14.8 3 0 0.4 0 0 0 0 0 0 0 0 0.2 0 0 0.4 62.400000000000006 55.6 11.4 48 31.400000000000002 18.6 10.4 13.8 43.400000000000006 0 35.2 24 13.200000000000001 15.200000000000001 16 19.400000000000002 22.6 19.8 34.2 27.200000000000003 0 0 0 0.4 0 0 0 0 0 0 0 0 6.4 0 0 0 0 0 2.4000000000000004 14.200000000000001 0.6000000000000001 0 0 0 0 10.4 0 0 0 0 0 0 0.6000000000000001 0 0 0 0 0 0.4 0 0 0 0 0 0 0 0 0 0 0 0 0 0 0 0 0 0 8.6 0 0 2.4000000000000004 6.2 0 2 9 0 4.800000000000001 3.4000000000000004 0 3.6 3 0.2 0.2 10.4 2.6 1.6 3 3.8000000000000003 0 2.4000000000000004 2.4000000000000004 0 0 0 0 0 0 0 0 0 0 0 1.6 0 0 0 0 0 9.4 4.800000000000001 0 0 2.8000000000000003 3.4000000000000004 0 0.2 0 0 0 0 0 0 0 0 0 0 0 0 0 0 0.4 0 0 0 0 0 0 0 0 0 0 0 0 0 0 0.4 0 0 0 0 2 4.800000000000001 2.2 2.6 0 13 2 4 5.4 0 3.4000000000000004 6.2 4.2 4.2 1.6 5.2 0.2 7.2 0 0 0 0 0.2 0 0.4 0 0 0 0 0 0 0 0 0 0 0 0 0 1.2000000000000002 1 0.2 0 0 0 0 0 0 0 0 0.4 0 0 0 0 0 0 0 0 0 0 0 0 0 0 0 0 0 0 0 0 0 0 0 0 1.6 0 0.4 15.600000000000001 0 0 0.4 0 0.4 0 0 0 0 0 0 0 0 0 0 0 0 0 0 0 0 0 0 0 0 0 0 0 0 0 0 0 
 0 0.6000000000000001 0 41.800000000000004 0.2 0 0 0 0 0.4 0 0 0 0 0 0 0.4 0.4 0.4 0 5.800000000000001 73.8 59.2 15.600000000000001 32.2 26.8 48.6 23.400000000000002 23 35.2 0 44 24.400000000000002 23.200000000000003 43.2 16.400000000000002 64.4 45.6 6 48.2 0 0 0 0.2 0 0 0 0 0 0 0 0 0.4 0 0 0 0 0 13.8 0 1 0.6000000000000001 0 0 0.2 0 0 0 0 0 0 0.4 0.8 0 0 0 0 0.6000000000000001 0.4 0.2 0 0 0 0 0 0 0 0 1.6 0 0 0 0 0 0 0 0 0 0 0 4.800000000000001 0 14.200000000000001 2.6 7.2 3.6 0 2.2 2.8000000000000003 4.2 1.8 1.2000000000000002 0 0 1.6 0 4.800000000000001 3 0 0 0 2.4000000000000004 1.6 0.2 0 0.2 1.6 3.4000000000000004 0 0 0 0 1.8 0 0.2 0.2 0 0 0 5.4 0 0 0 0 0 0 0.4 0 0 0 0 0 0 0 0 0 0 0.4 0 0 0.2 0 0 0 0 0 0 0 0 0 0 0 0 0 0 0.2 0 0 0 0 0 3.4000000000000004 4.2 8.8 6.6000000000000005 0 0 8.8 3.4000000000000004 3 6.4 0 0 2.6 2.4000000000000004 3.2 0 2.4000000000000004 0 0 0 0 0 0 0 0 2.8000000000000003 0 0 0 0 2 0.6000000000000001 0 0 4.4 0 0 1.8 4 0 0 0 1.6 0 0 1.6 0 0 0 0 0 0 0 0 0 0 0.2 0 0 0 0 1.4000000000000001 0 0 0 0 0 0 0 0 0 0 0 1.6 0.4 0 8.4 16.2 0 0.8 5 0 0 0 2 0 0 0 0 0 0 0 3.2 0 0 0 0 0 3.2 0 2.4000000000000004 0 0 0 3 0 0 0 0 
 0 0.6000000000000001 0 0 0 0 0 0.4 0 0 0 0 0 0 0.4 0 0.4 0 0 0 31.8 39.400000000000006 5.4 24.8 82.60000000000001 44.800000000000004 23.6 29.200000000000003 24.8 24 44 0 20.8 7 48.800000000000004 23.8 74.60000000000001 22.8 5.4 20 0 0.4 12.8 0.6000000000000001 0 0 0 0 0 0 0 0 0.2 0.8 19 0 0 0 0.6000000000000001 1.6 0.4 0 0 0 0 0 0 0 0 0 0 0 0.6000000000000001 0 0 0 0 0 0.4 0 0 0 0 0 0 0 0 0 0 0 0 0 0 0 0 0 0 0 0 0 2.2 6.4 1.8 0 2.2 3.8000000000000003 0 7.6000000000000005 2 0 0 1.6 0.2 1.8 3.2 0 6.4 0 0 0 0 0 0 0.2 0 0.2 4.4 0 0 0 0 0 5 0 0.2 0 0 0 1.2000000000000002 2.8000000000000003 0 0 0 1.4000000000000001 0 0.4 0 0 0 0 0 0 0 0 0 0 0 0 0 0 0 0 0 0 0.8 0 0 0 0 0 0 0 0 0 0 0 0.2 0 0 0 0 2.2 2.8000000000000003 4.2 4.4 4.6000000000000005 4.800000000000001 7.6000000000000005 5 4.800000000000001 8 3.8000000000000003 0 9.600000000000001 6.6000000000000005 1 0 7.800000000000001 0 0 0 2.6 0 0 0.4 0 2.4000000000000004 0 0.8 0 0 0 0 0 0 0 0 0 2.4000000000000004 0 0.4 0 0 0 0 0 0 0 0 0.4 0 1.6 0 0 0 0 2.6 0 0 0 0 0 0 0 0 0 0 0 0 0 0 0 0.2 0 0.6000000000000001 0 0.4 0.8 30.200000000000003 0.4 0 0 0.4 0 0 0 0 0 0 0 0 0 0 0 0 0 0 0 0 0 0 0 0 0 2.4000000000000004 0 0 2.4000000000000004 0 0 
 0 0 0.4 57.2 0.2 14.8 0 0 0 0 0 7 0 0 0 0 0.2 29.8 0 0 31.6 26 38.800000000000004 17.400000000000002 32 11.200000000000001 53.6 80.80000000000001 19 13.200000000000001 24.400000000000002 20.8 0 33 23 25.6 22.400000000000002 21 59 38.6 0 0 0 13.200000000000001 0 0 0 0.2 0 0 0 0 12.200000000000001 0 0 0 0 0 0.6000000000000001 0 0.2 0 0 0 5.800000000000001 0 0 0.2 0 0 0 0 0.6000000000000001 0 0 0 0 0 0.4 0.6000000000000001 0.2 0 0 0 7.800000000000001 3.2 0 0 0 0 3.8000000000000003 0 0 0 0 0 0 0 0 0 2.2 8.8 2 1.6 0 0 0 0 1.6 0.2 13.600000000000001 2 1.8 0 0.6000000000000001 4.2 5.6000000000000005 2 4.2 2.2 1.4000000000000001 0 0.4 0 0 0 0 0 0 0 0 0 2 0 0 0 0 0 0.4 0 0 0 0 0 0 0.2 0 0 1.2000000000000002 0.2 0 0 0 0.4 0 0 0 0 0 0 0 0 0 0 2.2 0 0 0 0 0 0 4.2 0 0 0 0 0 0 0 0 1.8 13.200000000000001 2.8000000000000003 1.8 1.8 0 7.800000000000001 1.8 3.6 8 0.2 6.4 0 5.4 6.4 5.4 4.2 0 3.2 0 0 0 0 0 0 1.6 0 0 0 0 0 0 0 0 0 0 0 0 0 0 0 0 0 0 0.2 0 0.2 0.2 0 0 0 0 0 0 0 0 0 0 0 0.4 0 0 2.4000000000000004 0 0 0 0 0 0 0 0 0 0 0 2.4000000000000004 0 0.6000000000000001 0 15.4 0 0.8 0.4 0 0 0 0 0 0 0 0 0 0 0 0 0 0 0 0 0 0 0 2 0 0 0 0 2.6 0 0 0 
 0.6000000000000001 0.6000000000000001 0.8 15.8 31 35.2 0.6000000000000001 0.6000000000000001 1 0.6000000000000001 0.6000000000000001 15.4 1.4000000000000001 0.6000000000000001 0.6000000000000001 0.6000000000000001 1 0.6000000000000001 0.6000000000000001 0.8 55.400000000000006 6 72.8 58.6 13.200000000000001 55.400000000000006 68.8 67.8 19.400000000000002 15.200000000000001 23.200000000000003 7 33 0 36.4 22.8 4 6.6000000000000005 52 24.6 0 0 0 0.2 0 0 0 0 0 0 0 0 0.4 0 0 0 0 0 0.6000000000000001 0 0.8 0.2 0 0 0 0 0 0 0 0 0 0.4 1 0 0 0.2 0 0.6000000000000001 0.4 0 0 0 0 0 2.4000000000000004 5 0 0 0 0 0 0 0 0 0 0.2 0 0 0 0 0 7 1.6 3.8000000000000003 0.4 0 9.600000000000001 0 6.2 8.8 2.6 5.6000000000000005 6.6000000000000005 4.2 4.6000000000000005 5.4 2.6 2.4000000000000004 4.4 0 0 0 0 0 0 0 0 0 0 0 0 0 0 0 0 0 0 0 0 0 0 0 0 0 0 0.4 0 0 0.4 0 0 0 0 1.6 0 0 0 0 0 0 0 0 0 0 3 4.800000000000001 0 0 0 0.2 0 0 0 0 0 0 0 0 0 0 2 8.8 9.8 0 0 0 2.8000000000000003 0 2.4000000000000004 0 0 3.4000000000000004 5 3.4000000000000004 5 9.4 5.6000000000000005 2 4.2 0 0 0 0 0 0 0 0 0 0 0 0 0 0 0 0 0 0 0 0 0 0 0 0 6.2 0 0 0 0 0 0 0 0 0 0 0 0 0 0 3.8000000000000003 0 0 0 0 0 0 0 0 0 0 0 0 0 0 0 1.8 0.2 0.4 0 0 0 2.6 0 0 0 0 0 0 0 0 0 0 0 0 0 0 0 0 0 0 0 0 0 0 0 0 0 0 0 0 0 
