 0 51.800000000000004 13.200000000000001 8 93.60000000000001 66.4 28.200000000000003 55.2 7.6000000000000005 49.2 5.4 7.6000000000000005 91.80000000000001 67.2 26.200000000000003 17.2 49.6 6.4 23.8 49.2 0 0 0 0.6000000000000001 0.4 0 0 0.4 0 0 0 0.2 0.6000000000000001 0 0 1 0 0 0.6000000000000001 0.6000000000000001 0.6000000000000001 0.6000000000000001 0.4 0.4 0 1.4000000000000001 8.6 0 0.4 0 0.4 0 0 0 0 0 0 0.2 0 0 0.6000000000000001 0 0 0 0 0 0 10.600000000000001 0 0 0 0 0.6000000000000001 0 0 6.4 0 0 0 0 8 1 0.2 0 2.2 3 2.8000000000000003 0 3 0 0.2 3.8000000000000003 0.2 0.2 0 2 0.4 0 2.6 1.8 0 0 0 0 0 0 0 0.4 0 0 0 0 0 0 0 0 0 0 0 0 0 0 0 0 0 0 0 0 4.2 0 0 0 0 0 0 0 0 0 0 0 0 0 0 0 0 0 0 0 2.8000000000000003 0 0.8 0 0 0 0 0 0 0 0 0 1.4000000000000001 0 0 0 0.8 0 3.2 0.2 5.2 7.2 0 0.2 0 5.800000000000001 7.4 1.8 0.2 0 3.8000000000000003 4 0 0 0 0 0 0 0.2 0 1.6 0 0 0 0 0 0 0 0 0 0 0 0 2.4000000000000004 0 0 0 0 0.4 0 0 0 0 0 0 0 0 0 0 0 0 0 0 0 0 0 0 0 0.2 0 0 0 0 0 0 0 0 0 0 0 0 0 0 0 0 0 0 0.8 0.4 0 0 0.2 0 1 0.2 0 0 0 0 0 0 0 0 0 0 0 0 0 0 0 0 0 0 0 0 0 0 0 0 0 0 0 0 0 0 0 0 0 0 0 0 0 
 51.800000000000004 0 23 31.8 7.6000000000000005 2.8000000000000003 41.2 42.2 8.8 19.200000000000003 24.8 6.4 10 25 46.2 23.400000000000002 16.6 67.8 8.200000000000001 41 0 0 0 0.6000000000000001 0.4 0 0 15.200000000000001 0.4 0 0.4 0.4 23 0 0 0.8 0 0 12.200000000000001 0.6000000000000001 0.6000000000000001 0.6000000000000001 0.4 0.4 0 0.6000000000000001 0.6000000000000001 0 0.4 0 0.4 0 1 0 0 0 0 0 0 0.4 0.6000000000000001 0 0 0 0 0 0 0 0 0 1.2000000000000002 0 0.6000000000000001 0.8 0 0.4 0.6000000000000001 0 0 0 0 2.6 3.4000000000000004 4 0 0 3.2 3.6 2.4000000000000004 9.200000000000001 0.4 2.6 1.8 4.2 11 1 2 0 2 0 0 0 0 0 0 0 0 0 3.8000000000000003 0 0 0 0 0 0 2.2 0 0 10.8 2.2 0 0 0 0 2 0 0 0 0 0 0 0 0 0 0 0 0 0 0 0 0 0 0 0 0 0 0 0 0 0 0 0 0 0 0 0 0 0 1.8 0 4.6000000000000005 3.4000000000000004 9.4 3.2 3.8000000000000003 0 0 7.4 4 2 3.6 1.8 2 0 2.6 5.4 2.2 5.800000000000001 0 0 0 0 0 0 0 0 0.6000000000000001 0 0 0.8 0 0 0 0 0 0 0 0 0.8 2.6 0 0 0 0 0 0 0 0 0 0 0 0 0 0 0 0 0 0 0 0 0 0 0 0 0 0 0 0 0 0 0 0 0 0 0 0 0 0 0 0 0 0 0 0 0 0.2 18 0 0.6000000000000001 25.6 2.4000000000000004 0.6000000000000001 0 0 0.8 0.2 0 0 0 0 0 0 0 0 0 0 0 0 0 0 0 0 0 0 0 1.8 2 0 0 0 0 0 0 0 2.2 0 0 0 0 0 
 13.200000000000001 23 0 30 40 5.800000000000001 57.6 22.6 23.6 8.8 26 25.6 37 41.400000000000006 93.60000000000001 12.4 45.2 27 23.400000000000002 10.4 17.400000000000002 0 0 0.6000000000000001 0.4 0 0 0.4 0 0 0 0.4 7 0 0 0.6000000000000001 0 0 5.800000000000001 0.6000000000000001 0.6000000000000001 0.6000000000000001 0.4 2.2 0 0.6000000000000001 0.6000000000000001 0 0.4 0 0.2 0 0 0 0 0 0 0 0 0 0.8 0 0 0 0 0 0 0 0 0 0 0 0.6000000000000001 0 0 0 0 0 0 0 3.2 2.2 1.8 2.8000000000000003 1.6 3.2 3 2.8000000000000003 0.2 4 6.6000000000000005 0.2 0.4 5.4 7.2 3 3.6 1.8 3.6 4.4 0 0 0 0 0 0 0.2 0 0 0 0 0 10.200000000000001 0 0 0 0 0.4 2.4000000000000004 1.4000000000000001 0 0 0 0 0 0 0 0 0 0 0 0 0 0 0 0 0 0 0 0 0 0 0 0 0 0 0.6000000000000001 0 0 0 0 0 0 0 1 0 0 0 0.2 0 3.2 0 3.4000000000000004 3 0 0 2.8000000000000003 0 0.6000000000000001 0.4 2.8000000000000003 1.2000000000000002 6.800000000000001 2.6 1.4000000000000001 0 2.6 10 0.2 0 0 0 0 0 0 0 2.4000000000000004 0 0 3.8000000000000003 0 0 0 0 0 0 0 0 1.8 1.4000000000000001 0 0 0 0 0 0 0.4 0 0 0 0 0 0 0 0 0 0 0 0 0 0 0 0 0 0 0 0.2 0 0 0 0 0 0 3 0 0 0 0 0 0 0 0 0 0 0 0.4 18 0 0 17.6 0 0.4 0 0 0 0 0 0 0 0 0 0 0 0 0 0 0 0 0 0 0 0 0 0.4 0 2 0 1.8 0 0 0 0 0 0 0 0 0 0 0 0 
 8 31.8 30 0 17.8 44.800000000000004 43.800000000000004 31 15.4 29.200000000000003 27.200000000000003 25 30.200000000000003 35.2 50.2 44 43 30 16.2 23.400000000000002 0 0 0 0.6000000000000001 0.4 0.2 0 15.8 0 0 0 0 0.2 15.8 0 0.8 0 0 16.2 16 0.6000000000000001 0.6000000000000001 0.4 1.4000000000000001 0.4 0.6000000000000001 0.6000000000000001 0 0.4 0 0.4 0.4 0 0.6000000000000001 0 0 0.6000000000000001 0.4 0 0 0.6000000000000001 0 0 1 0 0 0 0 0 0 5.800000000000001 0 0.6000000000000001 5.4 0 0 0 0 0.4 0 0 2 1.4000000000000001 3.4000000000000004 5 6.4 0 2 5.800000000000001 6 0.2 4.2 0.4 0.4 3.4000000000000004 2.6 9 2.2 2 0 0 0 0 0.4 0 0 0 0 2.2 0 0 0 2.8000000000000003 3 0 0 0 0 3.4000000000000004 4 0 1.2000000000000002 0 0.4 0 0 0 0 0 0 0 4.800000000000001 0 0 0 0 0 0 0.2 0 2.8000000000000003 0 0 0 0 0 0.4 0 0 2.4000000000000004 0 0 0 0 0.6000000000000001 0 0 0 0 3.8000000000000003 4.2 0.4 0 4.4 3.6 2 0 2.8000000000000003 2.6 9.200000000000001 2 4.6000000000000005 2 4.800000000000001 4 5.2 1.8 4.4 0.2 0.2 5.4 2.4000000000000004 0 0 0 0 3.2 2.2 3.2 0 0 0 0 0 0.4 0 0 0 1.4000000000000001 0.6000000000000001 0 0 0 0 0 0.2 0 0 0 0 0 0 0.2 0 0 0 0 0 0 0 0 0 0 0 0.2 0 0 0 0 0 0 0 0 0 0 0 0 0 0 0 0 0 0 0 0 0.4 18 0 17.8 10.200000000000001 0 1.8 0.4 0 0 0 0 0 0 0 0 0 0 0 0 0 0 0 0 0 0 0 0 0 0 0 2.2 1.4000000000000001 0 0 0 0 0 0 0 0 0 0 0 0 
 93.60000000000001 7.6000000000000005 40 17.8 0 51.400000000000006 10.8 14.200000000000001 77 21 66.60000000000001 25.400000000000002 14.8 25 48.2 23 76.4 44.2 10.600000000000001 15.8 29.8 0 14.8 0.6000000000000001 0.4 0 4 7 0 0 0 0 0.2 16.8 15.4 15.200000000000001 0 0 16.400000000000002 17 0.6000000000000001 0.6000000000000001 0.6000000000000001 0.4 0 0.6000000000000001 1.2000000000000002 0.6000000000000001 0.4 0 0.6000000000000001 0.8 0 0 0 0 1.2000000000000002 0.6000000000000001 0.6000000000000001 0 1 0 0 0 0 0.2 0 0 9 0 0 0.6000000000000001 0.6000000000000001 1 1 0 0 0 0.8 0 0 0 0 8.8 4.6000000000000005 0 0 1.8 1.8 0 6.6000000000000005 3.2 0 0 1.4000000000000001 0 0 2.6 0 0.4 2.6 2.8000000000000003 3 0 0.2 0 2.2 0 0 0 0 0 7.6000000000000005 2.8000000000000003 6.6000000000000005 2.6 0 4.2 0.2 3.4000000000000004 0 0 0 3 0 0 0 0 0 0 0 0 0 0 0 0 0 0 0 0 0 0 0 0 0 0 0.2 0 0 0 0 0 0.4 0 0.8 0 0 0 0 0 0.2 0 2 1.6 3 4.800000000000001 0 0 0 2.6 3.2 0.4 0 0 0 0 1.8 2.6 0 0 7.4 0 1.2000000000000002 0 0 0 3 7.800000000000001 7 0 0 0 2.6 0 4 6.800000000000001 2 0 2.4000000000000004 2.6 0 0 0.4 0 0.4 0 0 0 0 0 0 0 0 0 0 0 0 0 0 0 0 0 0 0 1.2000000000000002 0 0 0 0 0.2 0 0 0 0 0 0 0 0 0 2 0 2.8000000000000003 2 0 0 0.2 0.4 0 18 0.6000000000000001 0 3.2 0 0 0 0 0 0 0 0.4 12.200000000000001 0 0.8 0 0 0 0 0 0 0 0 0 0 0 0 1.8 0 1.2000000000000002 0 0 0 0 0 0 0 0.2 0 0 0 0 
 66.4 2.8000000000000003 5.800000000000001 44.800000000000004 51.400000000000006 0 23.200000000000003 12.600000000000001 18.400000000000002 29.8 25.8 38.800000000000004 9.600000000000001 19 9.200000000000001 31.400000000000002 18.400000000000002 24.6 13.600000000000001 26.400000000000002 2.4000000000000004 0.2 0 0.4 0.6000000000000001 0 0 29.6 0.6000000000000001 0 0.4 0 16.2 15.200000000000001 1.2000000000000002 15 0 0.2 0.2 0.6000000000000001 0 0 0 0 0 0 0 0 0 10.200000000000001 0 0 0 0.8 0 0.6000000000000001 0.6000000000000001 1 0 0 0.2 0 0 0.8 0 0.2 0.6000000000000001 0.6000000000000001 0 0 0.6000000000000001 0 0 0 0 0 0.4 0 0.4 0 0 3.2 2.6 5.6000000000000005 1.6 8.8 0 1.2000000000000002 4.6000000000000005 2 2.8000000000000003 6 0 0 0 0 2 2.6 0 0 0 2.4000000000000004 0 2.2 0 0 2.8000000000000003 1.6 11.200000000000001 0 0 0 3.2 0 0 1.8 0 2.4000000000000004 11.200000000000001 0.2 0 0 0 0 0 0 2.8000000000000003 0 0 0 0 0 0 0 0 0 0 0 0 0 0 0 2 0 0 0 0 0 0 0 0 1 0 0 0 0 0 0 0 0 0 0 1.8 0 4.4 0 0 0 0 0.2 6.6000000000000005 0.2 0 0.2 3.2 2.6 2.4000000000000004 0 0 0 2.2 7.800000000000001 2.8000000000000003 2.2 0 0 4.4 5.2 0 3.6 0 0 2.2 0 0 1.8 2.8000000000000003 0 0.2 5.2 0 0 0 0 0 0 0.4 0 0 0 0 0 0 0 0 0 0 0.2 0.2 0.2 0 0 0 0 0 0 0.2 0 0 0 0 0 0 0 0 0 0 0 0 0 0 0.2 0 0 0 0.6000000000000001 0 0 0.4 34 0 0.8 0.2 0 0 0 0 0 0 0 0 0 3.4000000000000004 0 0 0 0 0 8 0 0 0 0 0.4 0 0.2 2.4000000000000004 0 0 0 0 0 0 0 0 2.8000000000000003 0 0 0 0 
 28.200000000000003 41.2 57.6 43.800000000000004 10.8 23.200000000000003 0 24 33.800000000000004 100.60000000000001 7.4 18 59 29.8 56.6 9.8 54 5.4 29 66.60000000000001 1.2000000000000002 0.6000000000000001 0.2 0.6000000000000001 1.2000000000000002 0 0 0.2 0.4 0.6000000000000001 1 0.8 0.2 1 0 0.8 0 0.4 0.6000000000000001 0.6000000000000001 0.6000000000000001 1.4000000000000001 0.4 1.8 2 0.6000000000000001 0.6000000000000001 0 1 0 0.2 13.8 0 0 0 0.8 0.6000000000000001 0 0 0.4 0.6000000000000001 0 0.8 0 0 0 0 0 0 0.2 0.8 0 1.2000000000000002 0.4 0 0 0.4 0.8 0.2 0 0 2 0.2 0.2 3.4000000000000004 6.2 2.8000000000000003 2.4000000000000004 7.2 2.8000000000000003 0.2 4.4 2.2 12.8 5.800000000000001 6.4 4.6000000000000005 0 0.6000000000000001 4.2 0 0 0 0 0 0 0 0 0 0 0 0 2.6 0 0 0 0 0 0 0 0 0 0 0 0.2 0 0 0 2 0 0 0.4 0 0 0 0 0 0 0 0.4 0.4 0.2 0 0 0 0 0 0 0 0 0 0 0 0 0 0 0 0 1 0 2.8000000000000003 6.4 0 1.4000000000000001 3.6 0.2 0.2 0.2 9.600000000000001 2 9.4 2.2 0.8 9.200000000000001 8.6 4.2 5.800000000000001 0.4 14.200000000000001 8.200000000000001 0 0 0 0 0 0 0.2 0 0 0 0 1.8 0 0 0 0 0 0 0.6000000000000001 1.2000000000000002 0 0 0 0 0 0 0 0 0 0 0 0 0 0 0 0 0 0 0 0 0 0 0 0 0 0 0 0 0 0 0 0 0 0 0.4 0 0 0 0 0 0 0 0 0 0 0 0.6000000000000001 0 0 0.2 0.4 1.2000000000000002 0.2 0 0 0 0 0 0 0 0.4 0 0 0 0 0 0 0 0 0 0 0 0 0 0 0 0 0 0 0 0 0 0 0 0 0 0 0 0 0 
 55.2 42.2 22.6 31 14.200000000000001 12.600000000000001 24 0 104.80000000000001 21.8 40.400000000000006 7.800000000000001 19.8 17.8 76.2 43.400000000000006 11.600000000000001 47.800000000000004 57.2 11 0 0 0 0.4 0.4 0 0 0.2 0 0 0.4 0 0.2 0 0 0.8 0 0.2 0.6000000000000001 0.6000000000000001 0.6000000000000001 0.6000000000000001 0.4 0.4 0 0.6000000000000001 0.6000000000000001 0.2 0.4 0 0.6000000000000001 0 0 0 0 0 0 0 0 0 0.6000000000000001 0 0 0.4 0 0 0 0 0 0 0 0 0.6000000000000001 0 0.4 0.2 0 0 0 0.2 2.4000000000000004 7 5.4 4 0 4.2 0 5 6.4 8.6 0 8.4 4 0 3.2 8.200000000000001 4.4 3.8000000000000003 0 0 0 0 0 0 0 0 2.6 0 4.6000000000000005 0 0 0 0 0 0 0 0 0 2.2 0 0 0 0 0 0 0 0 0 0.4 0 0 0 0 0 0 0 0 3.6 0 0 0 0 0 0 0 0 0 0 0 0 0 3 0 0 0 0 0 0 1.6 0 3.8000000000000003 3.2 3.6 4.800000000000001 1.2000000000000002 0 4.2 9 2.8000000000000003 1.6 0 0.4 2.2 0 2.2 4.800000000000001 2.2 2.8000000000000003 0 4.6000000000000005 0.2 0.2 0 0 0.2 0.2 0 0 0 0 0 0 0 0 0 0 0 0 0 0 0 0 0 0.4 0 0 0 0 0.4 0 0 0 0 0 0 0 0 0 0 0 0 0 0 0 0 0.4 0 0.2 0.4 0 0 0 0 0 0 0.2 0 0 0 0 0 0 0 0 0 0.2 0.2 0 0.6000000000000001 0 2.4000000000000004 1.2000000000000002 0 0 0 0 0 0 0 0 0 0 0 0 0 0 0 0 0 0 0 0 0 0 0 0 1.8 0 0 0 0 0 0 0 0 0 0 0 0 0 
 7.6000000000000005 8.8 23.6 15.4 77 18.400000000000002 33.800000000000004 104.80000000000001 0 44.2 28.6 22 25 32.6 16.8 50.800000000000004 25 41.400000000000006 60.2 10.4 0.2 0 0 0.6000000000000001 0.4 0 0 0.2 0 0 0 0 0.2 14.8 0 0.8 14.4 0 9 0.6000000000000001 0.6000000000000001 0.8 0.4 0.4 0 0.6000000000000001 0.6000000000000001 0 0.4 0 0.4 0.2 0 0 0 0 0 0 0 0 0.6000000000000001 0 0 0 0 0 10.200000000000001 0 0 0 0 0 7 0 0 0 0.2 0 0 0 3.4000000000000004 0 2.4000000000000004 5 0.2 0 3.2 1 2.6 0 0 4.6000000000000005 0 2 0.2 2.6 3.2 5 0 2.2 2 0 0 0 0 0 6.4 0 0 0 0 0 0.2 0 0 0 0 0 0 0 0 0 0 0 0 0 0 0 0.4 0 0 0 0 0 0 0 0 0 0 0 0 0 0 0 0 0 0 0 0 0 0 0 0 0.2 0 0 0 0 0 0 0 0 0 0 5 2.8000000000000003 2.8000000000000003 0 0.2 0 5.2 0 0 0 1.2000000000000002 0 0 0 0.2 0.4 2.4000000000000004 0.2 0 0 0.2 0.2 0 0 0 0 0.2 0 0 0 0.2 0 0 0 6.4 0 0 0 0 0.4 0 0 0 0 0.4 0 0 0 0 0 0 0 0 0 0 0 0 0.2 0 0 0.4 0 0 0.2 0.4 0 0 0.2 0 0 0 0 0 0 0 0 0 0.2 0 0 0 0.4 0.8 0.2 0.2 0.2 0 1.8 0 0.2 0 0 0 0 0 0 0 0 11 0 0 0 0 0 0 0 0 0 0 0 0 3.4000000000000004 0 0 0 0 0 0 0 0 0 0 0 0 0 0 
 49.2 19.200000000000003 8.8 29.200000000000003 21 29.8 100.60000000000001 21.8 44.2 0 75 20.6 30.8 56.2 96.60000000000001 23.400000000000002 86.80000000000001 7.6000000000000005 19.8 59.6 0 0.6000000000000001 0 0.6000000000000001 0.4 0 0.2 15.200000000000001 0 0 0.4 0.4 0 0 0 0.6000000000000001 0 0 45.2 0.6000000000000001 0.6000000000000001 0.6000000000000001 0.4 0.8 0.4 0.6000000000000001 0.6000000000000001 0 0.4 0 0.2 0.2 0 1.2000000000000002 0 0 0 0 0 0 0.6000000000000001 0 0 0 0 0 9.200000000000001 0 0 0 0 0 0.6000000000000001 0 0 0 0 0 0 0 0 0 0 11 2 3 3.8000000000000003 6.2 0 24.200000000000003 0 2.8000000000000003 0 4.2 6 3.6 2.2 6 0.2 2.8000000000000003 4 0 0 0 0 0 4.4 0 3.2 0 0.2 0 7.4 0 0 0 0 0 12.8 10.8 0 0 0 0 0 0 0 0 0 0 0 2.8000000000000003 0 0 0 0 0 0 0.4 0 0.2 0 0 0 0 0 0 0 0 0 0 0 0 1.4000000000000001 0 0.2 0.4 0 0 0 0.2 5.2 4.6000000000000005 9.600000000000001 4 3.2 2.2 0 4.6000000000000005 1.6 1.6 1.6 7.2 1.6 0.2 5.2 4.6000000000000005 6 0 0 2.2 1.8 0 0 0 0 0 3.4000000000000004 0 0 0 0 0 0 0 0 0 0 1.4000000000000001 0 0 0 0 0 0 2 0 0 0 0 0 0 0 0 0 0 0 0 0 0 0 0 0 0 0 0 0 0 0 0 0 0 0 0 0 0 0 0 0 0 0 1.4000000000000001 0 0 0 0 17.400000000000002 0.4 0.4 1.2000000000000002 1.4000000000000001 1.8 1.8 0 0 0 0 0 0 0 0 0 0 0 0 0 0 0 0 0 0 0 0 0 0 5.4 5 0 0 0 0 0 0 0 0 0 0 0 0 0 
 5.4 24.8 26 27.200000000000003 66.60000000000001 25.8 7.4 40.400000000000006 28.6 75 0 12 2.4000000000000004 28.400000000000002 40 60 43.6 51.6 6.800000000000001 19.400000000000002 17.6 0 0 0.4 0.8 0 0 18.8 0 0.6000000000000001 0.4 0 0.2 15.4 0.4 1.6 0.8 0 0.8 0.6000000000000001 0.6000000000000001 1 0.4 0.6000000000000001 0.6000000000000001 0.6000000000000001 0.8 0 0.6000000000000001 0 0.6000000000000001 0.6000000000000001 0 0.6000000000000001 0 0.4 0 0 0 0 1.8 0 1 0 0 0 0.4 0.4 0 0 0.4 0 0.6000000000000001 2.2 1 0 0 0.4 0 0 0 0 3.6 3.4000000000000004 0 3.4000000000000004 0 4.6000000000000005 2.6 5.6000000000000005 0 7 0.2 0 2.4000000000000004 3 4.6000000000000005 6 0 0.6000000000000001 0 0 0 0 0 3.4000000000000004 11.8 0 3 0.2 0 0 0 0 1 0 0 0 0 0 0 0 0 0 0 0 0 0 0 0 0 0 0 0 0 0 0 0 0 0 0 0 0 0 0 0 1.4000000000000001 0 0 0 0 0 0 0 2.4000000000000004 0 0 0 0.2 0 2 0.2 5.2 2.2 3.6 2.2 0 0 0 0 5 2.8000000000000003 0 0.2 0.2 4.800000000000001 5.4 0.8 0 0 4.4 0 0 0 0 0 0 3.4000000000000004 0 0 0.2 0 0 0 4.2 0 0 0 0.4 0 0 0 0 0 0 0 0 0 0 0 0 0 0 0 0 0 0 0 0 0 0 0 0 0 0 0 0 0 10.4 0 0 0 0 0 0 0 0 0 0 0 0 0 0 0 0 0.6000000000000001 0 0 0 0.2 7.6000000000000005 0.8 0 0 0 0 0 0 0 6.4 0 0 3 0 0 0 0 0 0 0 0 0 0 0 0 0 0 1.6 0 0 0 0 0 0 0 0 0 0 0 0 
 7.6000000000000005 6.4 25.6 25 25.400000000000002 38.800000000000004 18 7.800000000000001 22 20.6 12 0 41.6 25 33.2 9.600000000000001 41.2 25.400000000000002 10.4 20 12.4 0 0 0.6000000000000001 0.4 0 15.4 14.8 0 0.2 0 0.2 28.6 0.8 14.600000000000001 15.8 0 0 0.6000000000000001 4.6000000000000005 0.6000000000000001 0.6000000000000001 0.4 1.2000000000000002 0 0.6000000000000001 0.6000000000000001 0 0.4 0 0.4 0.4 0 0 0 0 0 0 0 0 0.6000000000000001 0 0 0 0 5.4 0 0 10 0 0 0 0.6000000000000001 0 0 0 0 0 0 0 0 0 0 2.6 5.4 7.2 0 5.4 3 1.2000000000000002 6.2 9.600000000000001 0 3 0 2.4000000000000004 2 0.2 0.2 0 0 0 0 0.2 0 0 2.6 5 0 0 0 2.6 7.6000000000000005 0 2.8000000000000003 1.8 2.4000000000000004 2.6 0 1.4000000000000001 0 0 0 0 0 0 0 0 0 0 0 0 0 0 0 0 0 0 0.4 0 0.6000000000000001 0 0 0 0 0 0 0 0 0 0 0.2 3.2 0 0 0 0.4 0 0 0 3.6 2.2 0 2 2.8000000000000003 0 0 0 5 2 6 5.800000000000001 0 4 4 5 4.800000000000001 1.2000000000000002 0 0 2 4 4 0 0 0 0.4 0 2.6 1.8 0 0 0 2 0 3.4000000000000004 4.4 0 2 4.6000000000000005 0 0 0 0 0 0 0 0 0 0 0 0 0.4 0 0 0 0 0 0.2 0 0 0 0 0 0 0 0 0 0 0 0 0 0 0 0 0 3.2 0 0 0 0 0 0 0 0 0 0.2 0 0.4 0 0 0.6000000000000001 0 0 0 0 0 0 0 0.4 0 0 0 0 0 0 0 0 0 0 0 0 0 0 0 0 0 0 0 0 0 0 0 0 0 4 0 0 0 0 
 91.80000000000001 10 37 30.200000000000003 14.8 9.600000000000001 59 19.8 25 30.8 2.4000000000000004 41.6 0 17.2 25.8 50.400000000000006 110.4 49 20.6 37.800000000000004 0 0 0 0.6000000000000001 0.4 0 0 0.6000000000000001 0 0 0 0.4 0 0 0 1.2000000000000002 0 0 0.6000000000000001 0.6000000000000001 0.6000000000000001 0.6000000000000001 0.4 1 0 0.6000000000000001 0.6000000000000001 0 0.4 0 0.4 0 0 0 0 0 0 0 0 0 0.6000000000000001 0 0 0 0 0 0 0 0 0 0 0 0.6000000000000001 0 0 0 0 0 6.6000000000000005 0 5.6000000000000005 0 2.8000000000000003 0 1.6 2.6 9.200000000000001 0 2 2.4000000000000004 0 0 0 5.6000000000000005 3 2.6 4 0 6.4 9 0 0 0 0 0 0 0 0 0.2 0 0 0 2.8000000000000003 0 0 0 0 0 0 0 0 0 0 0 0.2 0 0 0 0 0 0 0.4 0 0 0 0 0 0 0 0.4 0.2 1.4000000000000001 0 0 0 0 0 0 0 0 0 0 0 0 0 0 0 0 0 0 2.6 0 0.2 2 1.4000000000000001 0 3 0 1.8 1.8 0 2.4000000000000004 4.800000000000001 5.4 2.6 2.6 3.4000000000000004 7 0 0.2 0 0 0 0 0 0 0 0 0 0 0 0 0 0 0 0 0 0 0.2 0 0.2 0 0 0 0 0 0 0 0 0 0 0 0 0 0 0 0 0 0 0 0 0 0 0 0 0 0 0 0.2 0 0 0 0 0 0.4 0 0 0 0 0 0 0 0 0 0 0.2 18.400000000000002 0 0.4 0 0 0 1.4000000000000001 0 0 2.8000000000000003 0 0 0 0 0 0 0 0 0 0 0 0 0 0 0 0 0 0 0 0 0 0 0 0 0 0 0 0 0 0 0 0 0 0 
 67.2 25 41.400000000000006 35.2 25 19 29.8 17.8 32.6 56.2 28.400000000000002 25 17.2 0 13 12.200000000000001 22.8 23 24.400000000000002 55.6 0 0 0.2 0.6000000000000001 0.4 0 0 5.2 0.4 0 0 0.4 0 0 0 0.6000000000000001 0 0 1 0.6000000000000001 0.6000000000000001 0.6000000000000001 0.4 0.4 0 1.2000000000000002 0.6000000000000001 0 0.4 0 0.4 0 0 0 0 0 0 0 0 0 0.6000000000000001 0 0 0 0 0 0 0 0 0 0 0 0.6000000000000001 0 0 0 0 0 0 0 6 2.6 0 2.6 2 2.2 0 4 6 0.2 6 5.2 0 2.2 2.2 0 4 1.8 0.2 0 0 0 0 0 0 0 0 0 0 0 0.2 0 0.2 0 0 0 0 0 2 0 0 0 0 0 0 0 0 0 0 0 0 0 0 0 0 0 0 0 0 0 0 0 0 2.4000000000000004 0 0 1.4000000000000001 0 0 0 0.4 0 0 0 1.6 0 0 0 0 0 2.4000000000000004 0 2.2 0.8 1.2000000000000002 0 3 0 1.4000000000000001 2.8000000000000003 2.8000000000000003 0 0.2 0 3.6 2.6 3.6 5 2.4000000000000004 2 0 0 0 0 0 0 0 0 0 0.6000000000000001 0 0 0 0 0 0 0 0 3.6 1.4000000000000001 0 0 0 0 0 0 0 0 0 0 0 0 0 0 0 0 0 0 0 0 0 0 0 0 0 0 0 0 0 0 0 0 4.6000000000000005 0 0 0 0.2 0 0 0 0 0 0 0 0 0.4 0 0 0 18 0 0 0 0 0 0 0 0 0 0 0 0 0 0 0 0 0 0 0 0 0 0 0 0 0 0 0 2.4000000000000004 0 0 0 0 0 0 0 0 0 0 0 0 
 26.200000000000003 46.2 93.60000000000001 50.2 48.2 9.200000000000001 56.6 76.2 16.8 96.60000000000001 40 33.2 25.8 13 0 40.2 44.800000000000004 54.2 31 77.2 0 0 0 0.4 0.4 0 0.2 0.2 0 0 0 0.2 0 0 0.4 1 0 0 0.6000000000000001 0.6000000000000001 0.6000000000000001 0.6000000000000001 0.4 1 0 0.6000000000000001 0.6000000000000001 0 0.4 0 0.6000000000000001 0.2 0 0 0 0 0 0 0 0 0.6000000000000001 0 0 0 0 0 0 0 0 0 0 0 0.6000000000000001 0 0 0 0 0 0 0 0 4.6000000000000005 2.4000000000000004 0.6000000000000001 2.2 2.4000000000000004 5 7.4 6.4 1.8 0 0.6000000000000001 1.2000000000000002 9.4 5.4 7.2 4 0.2 0 8.200000000000001 0 0 0 0 0 0 0 0 0 0 0 0 2 0 0 0 0 0 0 0 0 0 0 0 0 0 0 0 0 0 0 0 0 0 0 0 0 0 0 0 0 0 0 0 0 0 0 2 0 1.6 0 0 0 0 0 0 0 0 1 0 2.8000000000000003 6 0.2 1.2000000000000002 1.6 0.2 0.2 3.2 8.4 8 2.2 2.6 0.2 4.4 0.4 4.2 5.800000000000001 3.2 0.2 0.2 0 0 0 0 0 0 0 0 0 0 0 0 0 0 0 0 0 0 0.2 0 0 0 0 0 0 0 0 0 0 0 0 0 0 0 2.8000000000000003 0 0 0 0 0 0 0 0 0 0 0 0 0 0 0 0 0 0 0 0 0 0 0 0 3.2 0 0 0 0 0 0.2 0.2 0.4 0 0.2 0.4 0.8 2.2 0 0 0 0 0 0 0 0 0 0 0 0 0 0 0.2 0 0 0 0 0 0 0 0 0 0 0 0 0 0 0 0 0 0 0 0 0 0 
 17.2 23.400000000000002 12.4 44 23 31.400000000000002 9.8 43.400000000000006 50.800000000000004 23.400000000000002 60 9.600000000000001 50.400000000000006 12.200000000000001 40.2 0 18.6 17.6 9.4 16.8 0 0.4 0 0.6000000000000001 0.4 0 0 0.2 0 0 0 0 0 0 0 0.8 0 0 15.8 0.6000000000000001 0.6000000000000001 0.6000000000000001 0.4 0.4 0 0.6000000000000001 0.6000000000000001 0 0.4 0 0.4 0 0 0 0 0 0 0.4 0 0 6.2 0 0 1.6 0 0 0 0 0.2 0 0 0 0.6000000000000001 0 0 0 0 0 0 0 2.6 2.6 4.800000000000001 2.6 0.2 7.800000000000001 0 8.6 3.8000000000000003 16.2 0 8 4 1.2000000000000002 3.6 6.800000000000001 5.800000000000001 6.4 0 0.2 0 0.2 0 0 0 0.4 4.800000000000001 0 5 3 0 0 0 0 0 0 0 0 1.4000000000000001 0.4 0 0 0 0 0 0 0 0 0 0 0 0 0 0 0 0 0 0 0 0 0 0 0 0 0 0 0 0 0 0 0 0 0 0 0.6000000000000001 0 0 0 1 0 2.2 4 2 4.2 4.2 5.4 10.200000000000001 6 3.4000000000000004 7.6000000000000005 6.4 0 2.6 0.2 0 3.8000000000000003 2.6 14 0 1 2.2 0 0 0 0 0 0 0 0 0 0 0 0 0 0 0.2 0 0 0 0 0 0 0 0 0 0 2.8000000000000003 0 0 0 0 0 0 0 0 0 0 0 0 0 0 0 0 0 0 0 7 0 0 0 0 0 0 0 0 0 0 0 0 0 0 1.6 0 0 0 0.4 0 0 1 0 1.6 3.8000000000000003 0.6000000000000001 0 0 0 0 0 0 0 0.2 0 1.2000000000000002 0 0 0 0 0 0 0 0 0 0 0 0 0 2 4.2 0 0 0 0 0 0 0 0 0 0 0 0 
 49.6 16.6 45.2 43 76.4 18.400000000000002 54 11.600000000000001 25 86.80000000000001 43.6 41.2 110.4 22.8 44.800000000000004 18.6 0 64.4 9.8 51.400000000000006 0.6000000000000001 0 0 0.6000000000000001 0.4 0 0 0.4 0 1 6.800000000000001 0 6.800000000000001 0 0.2 0.6000000000000001 0 0 19.8 0.6000000000000001 0.4 0.6000000000000001 10 14.8 0 0.6000000000000001 0.6000000000000001 0 0.4 0 0 0 0 0 0 0 0 0 0 0 1 0 0 0 0 0 0 0 0 0 0 0 0.8 0 0 0 0 0 0 7.2 4.6000000000000005 0 9 0 0 6.2 3.6 3.6 9.4 7 2.2 0 0.6000000000000001 2.2 4.2 2.6 3 0.2 0 3.4000000000000004 0 0 0 0 0 0 0.2 3.8000000000000003 3.2 0 0 0 8.6 0 0 0 0 0 1.8 8 0 0 0 0 0 0 0 0 0 0 0 0 0 0 0 0 0 0 0 0 0 0 0 0 0 0 1.4000000000000001 0 0 0 0 0 0 0 2 0 0 0 0 0 2 3.4000000000000004 3.8000000000000003 1.4000000000000001 0.2 3.4000000000000004 0 0.2 2.6 0.2 5.4 0 0 3.2 4.2 3 4.4 0.2 0 0 2 2.4000000000000004 0 0 0 0 2.2 3 0 0.2 3.8000000000000003 0 0 0 0 0 0 0 1.6 4 0 0 0 0 0 0 0 0 0 0 0 0 0 0 0 0 0 0 0 0 0 0 0 0 0 0 0 0 0 0 0 0 0 0 0 0 0 0 0 0 0 2 0 0 0 0 0 0 0 34.2 0.2 1.2000000000000002 0.4 0 0 0 0 0 0.4 0 0 0 0.2 0 0 0 0 0 0 0 0 0 0 0 0 2 2.4000000000000004 2.4000000000000004 0 0 0 0 0 0 0 0 0 0 0 0 
 6.4 67.8 27 30 44.2 24.6 5.4 47.800000000000004 41.400000000000006 7.6000000000000005 51.6 25.400000000000002 49 23 54.2 17.6 64.4 0 6.6000000000000005 6.2 0.4 0.4 0 0.4 0.4 0 0 14.8 0 0 0 0.2 30.200000000000003 12.200000000000001 0 0.6000000000000001 0 0 33.2 6.6000000000000005 0.6000000000000001 13.200000000000001 0.4 0.4 0 0.6000000000000001 0.6000000000000001 0.2 0.4 0 0.6000000000000001 0 0 0 0 0 0 0 0 0 1.4000000000000001 0 0 0 0 0 0 0 0 0 0 0 0.6000000000000001 8.8 3.2 0.6000000000000001 0 0 0 0.4 0 0 0 2.4000000000000004 1.4000000000000001 0 0 5 2 0.2 12 7.4 0 0 1.4000000000000001 0 1.6 10.600000000000001 0 0 0 0 0 0.2 0 0 2.2 0 3.6 0 0 0 4 2.8000000000000003 0 0 0 0 0 1.8 0 0 0 0 0 0 0 0 0 0 0 0 0 0 0 0 0 0 0 0 0 0 0 0 0 0 1 0 0 0 0 0 0 0 1.4000000000000001 0 0 0 0 0 0.2 0 1.6 1.6 1.2000000000000002 4.6000000000000005 0 0 0 2 6.6000000000000005 3.6 0 0 0 0 4.6000000000000005 3.2 0 0 2.4000000000000004 0 0.8 0 0 0 4 0 3.2 0 0.2 0 0 0 0 0 0 0 4.6000000000000005 0 0 0 0 0 0 0 0 0 0 0 0 0 0 0 0 0 0 0 0 0 0 0 0 0 0 0 0 0 0 0 0 0 0 0 0 0 0 0 0 0 0 2.6 0 0 0 0.2 0.4 0 1.2000000000000002 0.2 0 1.2000000000000002 0 0 0 0 0 0 0 0 0 0 0 0 0 0 0 0 0 0 0 0 0 0 0 2.2 0 2.6 0 0 0 0 0 0 0 0 0 0 0 0 
 23.8 8.200000000000001 23.400000000000002 16.2 10.600000000000001 13.600000000000001 29 57.2 60.2 19.8 6.800000000000001 10.4 20.6 24.400000000000002 31 9.4 9.8 6.6000000000000005 0 72.4 0 0 0 0.8 0.4 0 0 0.6000000000000001 0.6000000000000001 14.600000000000001 0 0.4 0 0 0.2 1.6 0 0.4 0.8 1 0.6000000000000001 0.6000000000000001 0.8 1 12.4 0.6000000000000001 0.6000000000000001 0 0.4 0 0.4 0 0 0 0 0 0 0 0 0 0.6000000000000001 0 0 0.2 1.2000000000000002 0.6000000000000001 0.4 0 0 0 0.6000000000000001 0.4 0.6000000000000001 0 0 0 1 0.4 0 1.4000000000000001 0.2 9 0 5.4 1.4000000000000001 0.4 3.8000000000000003 0.4 0 0 3.2 0 5.800000000000001 4.6000000000000005 8.8 2 0 1.4000000000000001 2.2 3.6 2 0 0 0 0 0 0 0 0 3.4000000000000004 0 0 0.2 0 0.4 0 0 0 0 0 0 0 0 1.6 0 0 0.2 0 0 0 0 0 0 0 0 0 0 0 0 0 0 0 0 0 0 0 0 0 0 0 0 0 0.4 0 0 0 0 0 0 0 0.2 0 0 0 0 0 2.6 0 1.8 0 1.6 0 0 0 0.4 0 0 3 8 1.4000000000000001 0 0 0 0 0 0 0 0 0 2 0 0 1.2000000000000002 0 0 0 0 0 0 0 0 0 0 0 0.4 0 0 0 0 0 0 0 2 0 0 0 0 0 0 0 0 0 0 0 0 0 0 0 0 0.2 0 0 0 0 0 0 0 0 0 0 0 0.4 0 0 0 0.2 0.6000000000000001 0.2 0 0 0.2 2 0.4 0 0.4 0 0 0 0 0 0 0 0.4 0 0 0 0 0 0 0 0 0 0 0 0 0 0 0.6000000000000001 0 0 0 0 0 0 0 0 0 0 0 0 
 49.2 41 10.4 23.400000000000002 15.8 26.400000000000002 66.60000000000001 11 10.4 59.6 19.400000000000002 20 37.800000000000004 55.6 77.2 16.8 51.400000000000006 6.2 72.4 0 0 0 0 0.6000000000000001 0.4 0 0 0.2 0 0.2 0 5.2 0 0 0 0.6000000000000001 0.4 0 0.6000000000000001 0.6000000000000001 0.6000000000000001 0.6000000000000001 0.4 0.4 0 0.6000000000000001 0.6000000000000001 0 0.4 0 0.6000000000000001 0 0 0 0 0 0 0 0 0 0.6000000000000001 0 0 0 0 0 0.6000000000000001 0 0 0 0 0 0.6000000000000001 0 0 0.2 0 0 0 0.4 2 6.2 1.6 0 2 7.4 3 0 4.4 0 0.4 3.2 2.8000000000000003 0.2 0.2 0 0 0 2.8000000000000003 0.2 0 0 0 0 0.4 0 1.8 0 0 0 0 0 0 0 0.2 0 0 0 0 0 0 0 0 0 0 0 0.4 0 0 0 0 0 0 0 0 0 0 0 0 0 0 0 0 0 0 0 0 0 0 0 0 0 0.2 0 0 0 0 0 0 0 0 0 2.8000000000000003 0.2 3.4000000000000004 0 0 2 3.4000000000000004 1.2000000000000002 0.2 0 1.8 1.2000000000000002 5.2 2.6 9.8 0.2 1.4000000000000001 0 0 0 0 0 0 0 0 0 0 0.4 0 0 0 0 4.4 0 0 0 0 0 0 0 0.2 0 0.2 0 0 0 0 0 0 0 0 0 0 0 0 0 0 0 0 0 0 0 0 0 0 0 0 0.4 0 3.4000000000000004 0 0 0 0 0 0 0 0 0 0.2 0 0 0 0.6000000000000001 0.4 0.4 0.4 0.4 0.6000000000000001 1.2000000000000002 1.4000000000000001 0 0 0 0 0 0 0 0 0 0 0 0 0 0 0 0 0 0 0 0 0 0 0 0 0 0 0 0 0 0 0 0 0 0 0 0 0 
 0 0 17.400000000000002 0 29.8 2.4000000000000004 1.2000000000000002 0 0.2 0 17.6 12.4 0 0 0 0 0.6000000000000001 0.4 0 0 0 30.6 34.4 17.2 71.2 8 66 90.60000000000001 40.2 67.60000000000001 126.2 30.200000000000003 62.2 64.8 31.6 109.2 28 9.200000000000001 5.2 7 0 0 0.4 0 0 0 0.6000000000000001 0.2 0 1.2000000000000002 0.4 0 0 0 0.4 0.2 0.2 0.2 0 0 0.8 0.4 0.6000000000000001 0 0 0 0 0 0 0 0 0.6000000000000001 0 0.8 1 0 0.4 7.4 0 0.4 3 0 0 2.2 1.4000000000000001 0.2 0 0.4 0 0 3.2 0 0 0 0 0 0 0 0 0 0 0 3.8000000000000003 0.4 2.4000000000000004 0 0 1.8 0 1.2000000000000002 3.6 2.8000000000000003 4.2 2.2 5.6000000000000005 1.2000000000000002 3.6 5.6000000000000005 0 0.6000000000000001 0 0 0 0 0 0 0 2.2 0 0 0 0 0 2.6 0 0 0 0 2.8000000000000003 1.6 0 0 0 0 0 0 0 0 0 0 0 0 0 0 0 0 0.2 0 0 0.2 1.8 0 0 0 0 3.6 0 0.8 0 0 0.4 2.4000000000000004 0.2 0 0 0 0.4 0 0 0 5 6.2 3 0 3.2 8.4 0.2 3.8000000000000003 0.2 0 5.6000000000000005 3.2 0 1.8 2.2 4 2.2 7.6000000000000005 3.8000000000000003 0 0 0 0 0 0 0.4 0.2 0 0 0 0 0 0 0 0 0 0 0.2 0 0 0 0 0 0 0.4 0 0.2 0 0 0 0 0 0 0 3 0 0 0 0 0 0 0 0 0 0 0 0 0 3.4000000000000004 0 0 0 0 0 0.8 0 0 0.2 0.4 0.2 0.4 2 0 0 0 0 0 0 0 0 0 0 0 0 0 0 0 0 0 0 0 0 0 0 0 2.4000000000000004 0 0 0 0 
 0 0 0 0 0 0.2 0.6000000000000001 0 0 0.6000000000000001 0 0 0 0 0 0.4 0 0.4 0 0 30.6 0 35 61.800000000000004 25.6 47.2 21.400000000000002 17.8 39.2 8.200000000000001 9.200000000000001 18.400000000000002 10.4 29 61.800000000000004 9.8 20.400000000000002 128.8 7.4 7 0 0 0.6000000000000001 0 3.8000000000000003 0 26.6 0 0 1.4000000000000001 0 0 17 0.6000000000000001 0.2 1 0 1 18.6 13 0.4 0.4 0.6000000000000001 0 0 0.2 1.4000000000000001 0.6000000000000001 0 0 0.6000000000000001 0.6000000000000001 0 0 0 0 0.4 0 1.2000000000000002 0.4 0 0 0 0 0 0 0 0 1.2000000000000002 1 0 0 0 0 0 0 0 0 0 0 0 0 4 10.600000000000001 8.200000000000001 0 0 4 0 0.8 5.6000000000000005 2.4000000000000004 0 0.2 4.800000000000001 5.800000000000001 0 2.6 0 0.2 0.2 2.4000000000000004 0 0.8 0 0 3.2 5 0 0 0 0 7.4 4.4 0.2 0 0 0.2 5 2.2 0 0 3 1 0 0 0 0 0 0 0 0 0 0 0 0 0 0.8 0 0 0 0 0 0 0 0 0.6000000000000001 0 0 0 0 0 0 0 0 0 0 0 0 0.4 3.6 0 5 8 6.800000000000001 3.4000000000000004 0 0 0 0 2.6 4.800000000000001 0 2.2 0 0 0 1.4000000000000001 0 0 0.6000000000000001 0 0 0 0 0 2 5.6000000000000005 0 0 5.4 0 2 0 0.2 4 0 0 0 4.800000000000001 0 0 0 0 0 0 0 0 0 0 0 0 0 0 0 0 0 0 1.8 0 0 0 0 0 0 0 0 0 0 0 0 0 0 0 1.6 0 0.2 0.2 16.8 0 0 5 0 0 0 0 0 0 0 0 0 0 0 0 0 0 0 0 0 0 0 0 0 0 0 0 0 0 0 0 
 0 0 0 0 14.8 0 0.2 0 0 0 0 0 0 0.2 0 0 0 0 0 0 34.4 35 0 47.2 6.800000000000001 5.2 27.6 16.6 19.200000000000003 20.400000000000002 25 23.200000000000003 12.600000000000001 44 12.600000000000001 26.200000000000003 26.400000000000002 32 7.2 6.2 0 0 0.6000000000000001 0 0.6000000000000001 0 1.6 0 0 0 1.8 0 0 0 0.2 0 0 0 12.4 0 0.4 0.4 0.6000000000000001 0 0 0 0.2 0 0 0 0 0.6000000000000001 0 0 8 0 0.4 0 0 0.4 0 0 0 0 0 0.2 0 0 0 0 0 0 0.4 0 0 0 0 0 0 0 2.6 0 6 2 3.2 2.4000000000000004 0 3.4000000000000004 1.8 0 7.4 5.6000000000000005 0 4 4.2 2.2 3.8000000000000003 5.4 2.2 0 2.2 0 0 0 0 0 1.4000000000000001 3.2 0 0 0.4 0 3.6 1.8 0 0 0 0.2 3.8000000000000003 1.8 0 0 0 0 0 0 0 0.2 0 0 0 0 4 0 0 0 0 0 0 0 0 0 0 0 0 0 0.8 1.2000000000000002 0 0 0 0 0 0 0 0 0 0.4 0 5.2 1.8 2.8000000000000003 2 7 6.800000000000001 3 10.600000000000001 0 0 0 6.2 8.4 0.4 0.6000000000000001 3.6 4.4 4.4 2 0.2 1.6 0 0 0 0 0 0 5 0 0 2.4000000000000004 0 0 0 0.2 5 0 0 0 3.4000000000000004 2 0 0 0 0 0 0 0 0 0 0.4 0 0.2 0 0 0 0 0 0 0 2.8000000000000003 0 0 3.6 0 0 0 0 0 0 0 0 0 0 0 1.2000000000000002 0 0 15.600000000000001 15.200000000000001 0 0 0 0 0 0 0 0.2 0 0 0 0 0 0 0 0 0 0 0 0 0.2 0 2.6 0 0 0.4 0 0 0 0 0 
 0.6000000000000001 0.6000000000000001 0.6000000000000001 0.6000000000000001 0.6000000000000001 0.4 0.6000000000000001 0.4 0.6000000000000001 0.6000000000000001 0.4 0.6000000000000001 0.6000000000000001 0.6000000000000001 0.4 0.6000000000000001 0.6000000000000001 0.4 0.8 0.6000000000000001 17.2 61.800000000000004 47.2 0 15.8 30.8 17.2 10.8 44.800000000000004 32.6 70.2 14.8 10 16.8 14.4 22.8 109.4 13.4 12.8 10.600000000000001 0 0 0.6000000000000001 0 0 0.4 6.2 0.4 0 0.4 0.8 0 0 1.4000000000000001 0 0 0 0.4 16 0 0.4 0.4 0.6000000000000001 0 0.2 0 2 0 0 0 0.4 0.6000000000000001 0 0 0 0 0.4 0 5.6000000000000005 0.4 0 0 0 0 0 0 0 0 0 0 0 0 0 0 0 0 0 0 0 0 3.8000000000000003 4.4 0.8 0.2 7.6000000000000005 6 1.8 0.2 3.8000000000000003 2.4000000000000004 1.8 2.6 0 2 0 2.4000000000000004 4 3.4000000000000004 0.2 0 1.6 6 0 0 0 0 7.2 0.2 3.2 0 7.6000000000000005 0 4 0 0.2 0.2 0 3.8000000000000003 0 2 0 0 0 0 0 1.8 0 0 0 0 0 0 0 0 0 0 0 0 0 0 0 0 0 0 0 0 1.8 0 0 0.4 0 0 0 0 0 0 0.2 3.4000000000000004 0 0.2 3.6 0.8 5.6000000000000005 0.2 1.6 3.6 0 0.2 2.2 2 4.6000000000000005 4.2 0 0 0 3 0.2 5.800000000000001 0 2 2.2 0 0.2 0 0 0 0 2.4000000000000004 0 0 0.2 0 0.2 1.8 0 2.6 0 0 2.2 1.2000000000000002 0 0 0 0 0 0 0 0 0 0 0 0 0 0 0 0 0 0 0 0 0 0 0 0 0 0 0 0 0 0 0 0 0 0 1 0.2 0 15.4 7 0 0.2 1.8 0 0 0 0 0 0 0 0 0 0 0 0 0 0 0 0 0 0 0 0 0 0 0 0 2.8000000000000003 0 0 0 
 0.4 0.4 0.4 0.4 0.4 0.6000000000000001 1.2000000000000002 0.4 0.4 0.4 0.8 0.4 0.4 0.4 0.4 0.4 0.4 0.4 0.4 0.4 71.2 25.6 6.800000000000001 15.8 0 40.400000000000006 10 54.6 75 28.6 37.4 12.8 16.400000000000002 61.400000000000006 26.200000000000003 17.8 53.6 29.200000000000003 8.6 12 12.4 4.2 17.2 4.2 0 0 0.8 6.2 0 3 0.4 0 25 0 0.2 0 0 0 0 0 0.4 14.200000000000001 0.6000000000000001 0 0 0 0 0 0 0 0 0.8 0.2 0 0 0 0.4 0 0 0.4 0 0 0 0 0 0 0 0 0 0 0 0 0 0 0 0 0 0 0 0 0 0 5.800000000000001 0 5 0 0 1.8 0 1.6 5 8.6 0 0 1.2000000000000002 2.2 0 0 0 0 1.8 0.4 0 0 0 0 2.2 0 0 0 0 0 10.200000000000001 4.4 0.4 0 0 1.6 8 0.2 0 0 0 0.8 0 0 0 0 0 0 0 0 0 0 0 0 0 1 0 0 0 0.2 0 0.6000000000000001 0 0 0 0 0 0 0 0 0 0 0 0 0 0 0 0 0 0 3.2 0 4 3.2 4 0.8 0 0 0 6.2 0 0 0 0 0.6000000000000001 1.8 0 0 2 2 0 0 0 0 4.2 0 0 0 0 0 2.6 0 0.2 0.2 1.6 0 1.8 0 4.6000000000000005 0 0 0 0 0 0 0 0 0 2.8000000000000003 0 0 0 0 0 0 0 0 0 0 0 0 0 0 0 0 0 0 3.6 0 0 0 0 0.8 0 0.8 0.4 0 0.6000000000000001 0.8 3.8000000000000003 0 0 0 0 2 0 0 0 9.4 0 0 0 0 0 0 0 0 0 0 4 0 0 0 0 0 0 0 0 
 0 0 0 0.2 0 0 0 0 0 0 0 0 0 0 0 0 0 0 0 0 8 47.2 5.2 30.8 40.400000000000006 0 5.4 7.2 8 9.8 23.6 20 10.600000000000001 7.6000000000000005 12.8 12.8 13.4 60.400000000000006 10 7 32.6 12.200000000000001 14.200000000000001 0 0 0 0.8 13 1.2000000000000002 0 0 0 16 0.8 0.2 0 4 0 0.8 6 0.4 0.4 0.6000000000000001 0 0 0 0 0 0 0 0 0.8 0 0 0 0 0.4 0.2 0 0.4 0 0 0 0 0 0 0 0 0 0 0 0 0 0 0 0 0 0 0 0 0 0 2.4000000000000004 0 6.2 2.2 0 0 0 0 0 2.2 0 0 0 0 0 0 0 0 8.4 0.2 0.2 0 0 0 0.2 0.4 7 0 0 0 9.8 5 0 9.8 7 7.6000000000000005 6 0.6000000000000001 0 0 0 0 0.6000000000000001 0 0 0 1.4000000000000001 0 0 0 0 0 0 0 0 0 0 0 0 0 0 2.4000000000000004 0 0 0 3.4000000000000004 0 0 0 0 0 0 0 0 0 0 0 0 0 0 0 0.2 8.200000000000001 8.200000000000001 0 0 0 0 0 3.8000000000000003 0 0 0 0 0.2 0 0 0 7.6000000000000005 2 2 0.2 0 0 3 1.8 2.2 0 0 0 4.800000000000001 2.2 2.6 0 2.6 2.6 3.8000000000000003 2.2 0 5 1 0 0 0 0 0 0 0 3 0 0 0 0 0 0 0 0 0 0 0 0 0 0 0 0.2 0 0 0 0 0 0 0 0.4 0.8 0.4 8.200000000000001 0 0 0 0.8 4 0 0 0 0.6000000000000001 0 0 0 0.8 0 0 0 0 0 0 0 0 0 0 0 0 0 0 0 0 0 0 0 
 0 0 0 0 4 0 0 0 0 0.2 0 15.4 0 0 0.2 0 0 0 0 0 66 21.400000000000002 27.6 17.2 10 5.4 0 38 34.6 21.6 4.800000000000001 5.2 42.6 12.200000000000001 24 38.2 7 8.4 9 30.400000000000002 0.2 0 0.6000000000000001 0.4 0 0 0.8 0 2.4000000000000004 0 12.200000000000001 0 0.2 0 0.2 0 0 0 0 0.2 0.4 0.4 0.6000000000000001 0 0 9 0 0 0 0 0 0.6000000000000001 5.800000000000001 0 0 0 0.4 4.2 0 0.4 0 0 0 0 2 0 0 0 0 0 3.4000000000000004 0.8 0 0 0 0.2 0 0.8 0 0 5.4 2.4000000000000004 2 2.8000000000000003 0 0 2 2.2 1.8 9.4 0 0 4 4.800000000000001 2.2 4.2 5.4 4.800000000000001 2.6 3.2 0 0 0 0 0 0 0 0 0 0 0 0 0 0 0 0 0 0 0 0 0.8 0 0 0 0 0 0 0 0 0 0 0 0 0 0 0 0 0 0 0 0 0 0 0 1.8 4.800000000000001 0 0 0 1.6 0.2 9.8 0 0 0 0 0 0 0 0 4 3 2.2 2 0 0 0 0 6.2 0 0.6000000000000001 0 8.8 3.4000000000000004 2.2 7.800000000000001 1.8 0 5.6000000000000005 2.2 0 0 0 0 0 0 0 0 0 0 0 0.4 0 0 0 0 4.800000000000001 0 0 0 0 2 0 0 0 0 0 0 0 0 0 0 0 0 1.8 0 0 0.2 0 0 0 0.2 0.2 0 0 0 0 0 0 0 0 0 0 0 3 0.4 0 0.2 0 0.4 2.8000000000000003 0.4 0 0 0 0 0 0 0 0 0 0 0 0 0 0 0 0 0 0 0 0.2 0 0 0 0 0 0 0 0 
 0.4 15.200000000000001 0.4 15.8 7 29.6 0.2 0.2 0.2 15.200000000000001 18.8 14.8 0.6000000000000001 5.2 0.2 0.2 0.4 14.8 0.6000000000000001 0.2 90.60000000000001 17.8 16.6 10.8 54.6 7.2 38 0 17.8 7.4 5.4 12.4 44.2 46 8 6.800000000000001 29 47 20.8 24.200000000000003 0 0 0.4 0 0 9.200000000000001 0.6000000000000001 0 0 0.2 12.8 0 12.600000000000001 0.2 0.4 0 0 0 0 0 0.4 0.4 0.6000000000000001 0.2 0 0 0.8 0 0 0.2 0 0.6000000000000001 0 0.2 0.4 0 0.6000000000000001 0 0.2 0.4 0 0 0 2.8000000000000003 2.6 2.2 0 0 0 0 4.800000000000001 0 0 0 0.2 0 0 0 0 0 0 1.8 0 4 0 0 0 0 1 2.6 0 0 6.4 3.2 2.2 3.6 0 4.800000000000001 3.2 2.2 0 0 0 0 3.6 0 0 0 0 0 0 0 0 0 0 0 0 0 0 0 0 0 0 0 0 0 0 0 0 0 0 0.8 0 2.4000000000000004 0 0 0 0 0.4 0 0 0 0 0 0 3.2 0 0 0 4 0 3 0 0 0 0 0 0 0 0 6.4 2.8000000000000003 0 5.4 0 0 6.800000000000001 5.6000000000000005 10 0 1.4000000000000001 0 7.4 0 5 11 2 0.2 4.4 0 0 0 0.2 0 0 0 0 0 0 0 0 0 0 0.2 0 0 0 0 3.4000000000000004 1.8 0 0.2 0 0 0 0 0 0 0 0 0 0 1.8 0 0 0 0 0 0 0 0 0 0 0 0 0 0.2 0 14.600000000000001 14.8 0 0 0 0 4.800000000000001 0 0.2 15.8 4 0 0.4 0 0 0 0 0 0 0 0 0 0 0 0 0 0 0 2 0 0 0 0 0 0 0 2.8000000000000003 1 0 0 0 0 
 0 0.4 0 0 0 0.6000000000000001 0.4 0 0 0 0 0 0 0.4 0 0 0 0 0.6000000000000001 0 40.2 39.2 19.200000000000003 44.800000000000004 75 8 34.6 17.8 0 18.2 35 7.800000000000001 39 52.400000000000006 57.400000000000006 55.2 8.4 38.6 15.4 29.400000000000002 0 0 0.4 0 0.6000000000000001 0 13 0 0 0.4 0 0 0 0 0.4 0.4 0.6000000000000001 0 13.200000000000001 0 0.4 0.4 0.6000000000000001 0 0 0 0.2 0 0 0.8 0.6000000000000001 0.8 0 0 0 0 0.4 0 0.8 0.4 0 0 0 0 0 0 0 0 0 0 0 0 0 0 0 0 0 0 0 0 0 1 3.6 2.8000000000000003 6.2 0.2 0 2 0.2 2.4000000000000004 1.6 7.800000000000001 0 11.8 0.2 6.4 0.2 5 0.6000000000000001 0 0 7.2 0 0 0 0 1.8 4 0 2.4000000000000004 0 0 5.800000000000001 4 2.2 0 0 0.2 3.2 3.6 0 0 0 0 0 2.4000000000000004 0 0 0.6000000000000001 0 0 0 0 0 0 0.4 0 0 0 0 0 0 0 0 0 0 0.2 5.6000000000000005 0 0 5 0 0 0 0 0 1.2000000000000002 0 0 4.800000000000001 2.4000000000000004 0 0 4.2 6 2.6 12.4 2.2 0 0 8 0.4 0 1.6 3 3 1.8 3.8000000000000003 0 0 0.2 0.4 0 0 0 0 0 0 0 0 0 0 0 1.2000000000000002 0.4 0 0 0 2.4000000000000004 1.8 0 0 0 0 0 1.6 0 0 0 0.2 0 0.4 0 0 0 0 0 0 0 0 0 0 0 0 0 0 0 0 0 0 0 0 0 0 0.6000000000000001 0 0 16.8 30.6 0 0.4 0 0 0 0 0 0 0 0 0 0 0 0 0 0 0 0 0 0 0 0 0 0 0 0.2 0 0 0 0 0 
 0 0 0 0 0 0 0.6000000000000001 0 0 0 0.6000000000000001 0.2 0 0 0 0 1 0 14.600000000000001 0.2 67.60000000000001 8.200000000000001 20.400000000000002 32.6 28.6 9.8 21.6 7.4 18.2 0 15.200000000000001 11.4 11.8 32.6 26.6 54.2 98.2 44 23.8 15.4 2 0.4 0.6000000000000001 0 0 0 13.8 13.200000000000001 0 0 14.600000000000001 0 13.8 0 0.2 0 0 0 12.600000000000001 0 0.4 0.4 0.6000000000000001 0 0 0 0 0.2 0 0 0 0.6000000000000001 0 0 0 0 0.4 0 0 0.4 0 0 0 0 6 1.4000000000000001 0 0 0 0 0 0 0 0 0 0 0 0 0 0 4.2 2.8000000000000003 0 4 0.2 2 11.600000000000001 3.6 4 6 3.8000000000000003 2.6 3.2 2.2 0.2 0 4.4 4.6000000000000005 2 0 0 0 0 0 0 0 3.8000000000000003 0 0 0 0 0 0.4 0 2.4000000000000004 2.2 0 0 2.4000000000000004 0 0 0.4 0 0.6000000000000001 0 0 0 0 0 0 0 0 0 0 0 0 0.4 0.8 0 0.4 0 0 0 0 0 0 0 0 0 0 0 0 0.4 0 0 0 0 0 0 0 0 9.4 9 0 0 2 2.4000000000000004 4.2 0 7 1.2000000000000002 2.4000000000000004 5.6000000000000005 0 3.4000000000000004 3.8000000000000003 6 2.8000000000000003 0 2.2 2.6 0 0 0 0 0.2 6 2.4000000000000004 0 0 0 0 4.2 0 2.4000000000000004 6.2 0 0 0 2.6 0 0 0 0 0 1.8 0 0.4 0 0 0 0 0 0 0.2 0 0 0 0 0 0 0 1.6 0 0 0 0 0 0 0 0 1 0 0 1.2000000000000002 0 0 0.2 0 0 0.2 1.8 0 0 0 0 0 0 0 0 0 0 0 0 0 0 0 0 0 0.2 0 2.8000000000000003 0 0 0 3.8000000000000003 3.2 0 0 0 
 0 0.4 0 0 0 0.4 1 0.4 0 0.4 0.4 0 0 0 0 0 6.800000000000001 0 0 0 126.2 9.200000000000001 25 70.2 37.4 23.6 4.800000000000001 5.4 35 15.200000000000001 0 20.200000000000003 15.600000000000001 24.400000000000002 62.2 24.8 88 24.200000000000003 6 11.4 5.6000000000000005 0 0.2 0 0 0 0.8 0 0 1.8 0 0 3.6 6.4 0.4 0 0 0.4 0.2 6.4 0.4 0.4 0.6000000000000001 0 0 0 0 0 0 0 0 0.8 0.4 0 0 0 0.6000000000000001 0.8 0 0.4 0 0 0 0 0 0 0 0 0 0 0 0 0 0 0.4 0 0 0 0 0 0 0 6.6000000000000005 0 2.4000000000000004 0 0 2 0 0 4.4 8.200000000000001 0 1 1.8 2 2.2 6.2 0.2 0 2 0 0 0 0 0 0 1.6 0.4 0 0 0 8.200000000000001 1.8 0 2 3 0 5.2 1.8 0 0 0 0 0 0 0 0 0 0 0 0.2 0 0 0 0 0 0 0.2 0 0.2 0 0 0 0 0 0 0.6000000000000001 0 0 0.2 0 0 0 0 0 0.4 0 0 2 3.4000000000000004 1 0 0.2 4.6000000000000005 2.6 2.6 1.6 0 0 2.2 1.2000000000000002 0.2 1.8 1.8 2.4000000000000004 5 6 0 0 2.4000000000000004 0 0.4 0 0 0 1.4000000000000001 0 2.6 0 0 0 2 0.6000000000000001 2 0 0 0 2.8000000000000003 1.8 0 0.4 0 0 0 0.4 0 0 0 0 0 0 0 0 0 0 0 0 0 0 0 0 0 0 0 0 0 0 0 0 0 0 0 0 3.2 0 0.2 24 0.4 0.2 1 0 0 0 0 0 4.6000000000000005 0 0 0 0 0 0 0 0.4 0 0 0 0 0 0 1.2000000000000002 0 0 0 0 0 0 0 0 
 0.2 0.4 0.4 0 0 0 0.8 0 0 0.4 0 0.2 0.4 0.4 0.2 0 0 0.2 0.4 5.2 30.200000000000003 18.400000000000002 23.200000000000003 14.8 12.8 20 5.2 12.4 7.800000000000001 11.4 20.200000000000003 0 21.400000000000002 6.2 38.2 22.200000000000003 123.60000000000001 24.6 9.600000000000001 8.200000000000001 12.4 12.200000000000001 0.6000000000000001 0 0.4 0 0.6000000000000001 0 0 0 0.4 0 0 0 13.200000000000001 0.2 0.4 0 0.2 11.600000000000001 0.4 0.4 0.6000000000000001 0 0 0 0.4 0 0 0 0 0.6000000000000001 0 0 0 0 0.4 0.2 1 0.6000000000000001 0 0 0 0 0 0 0 0 0 0 0 0 0 0 0 0 0 0 0 0.4 0 0 9.4 0 7 3.2 0.4 4.2 0 0 13.8 2.8000000000000003 0 0 3.4000000000000004 4.800000000000001 0 0 0 1.8 2.2 0 0 0 0 2 7 0.4 1.8 0 0 0 2.4000000000000004 4.4 0.2 5 3.6 3.4000000000000004 9 0 0 0 0 0.2 0.2 0 0 0 0.2 0 0 0 0 0 0 0 0 0 0 0 0 0 0 0 0 0 0 0 0 0 0.4 0 0 0 0 0 0 0 0 0 0 0 0 1.2000000000000002 1.8 11.8 4 0.8 0 0 2.4000000000000004 0.8 1.8 4.2 0 0 0 5 0 3.6 0 2 0 0 0 0 0 1.8 2.2 0 0 2.2 0 19 0 0 0 0 1.8 0 0 0 0 0 0.2 0 0 0 0 0 0 3.4000000000000004 0 0 0 0 0 0 0.2 0 0 0 0 0 0 0.4 0 0 0 0 0 0 0 0 0.6000000000000001 0 0 2.6 0.4 0 0.4 0 0 0 0 0 0 0 0 0 0 0 0 0 0 0 0 0 0 3.8000000000000003 0 1.8 0 0 0 0 0 0 0 0 
