 0 14.600000000000001 50.800000000000004 55.400000000000006 6.800000000000001 12.200000000000001 29.6 41.6 9.200000000000001 25.200000000000003 9.200000000000001 38 7.6000000000000005 35.800000000000004 6 45 3 3.8000000000000003 56.400000000000006 45.800000000000004 0 0 0 0 0 0.4 0 0 0 15 0.4 0 0.6000000000000001 0 0.6000000000000001 0 0 0 0.4 0 0 0 0 0 0 0 0 0.6000000000000001 0 0 0 6 0 0 0 0 0.6000000000000001 0 0 0 0 0 0 0 0 0 0 0.6000000000000001 0 0 0 0 0 0 0 0 0.2 0 0 0 2.2 4.800000000000001 0 1.4000000000000001 0 0 7.6000000000000005 5.4 0 6 3 0 0.2 7.800000000000001 0 2.4000000000000004 3.2 1.6 0 5.6000000000000005 0 0.2 0 0 0 0 0 9.200000000000001 0 0 0 0.2 0.2 0 0 0 0 0 2.6 0 0 0 0 0 0 0 0 0 0 0 0 0 0 0 0 0 0 0 0 0 0 0 0 0.6000000000000001 0.2 0 3.6 0.4 0 0 0 0 0 0 0 0 0 0 0 0 5 7.2 2.8000000000000003 0 0 0 0.2 5.2 6.2 1.8 6 6.800000000000001 1.8 5.800000000000001 3.2 7.6000000000000005 0.8 3 0.2 12.4 0 0 0 0 0 0 0 0.4 0 0 0 0 0 0 0 0 0 0 0 3 0 3 0 0 0 0 0 0 0 0 0 0 0 0 0 0 0 0 0 0 0 0 0 0 0 0 0 0 0 0 0 0 0 0 0 0 0 0 0 0 0 0 0 0 0 0 0.2 0 0.4 0 0 1.2000000000000002 0 0 0 0 0 0 0 0 0 0 0 0 0 0 0 0 0 0 0 0 0 0 0 1.6 0 0 0 0 0 0 0 0 0 0 0 0 0 0 
 14.600000000000001 0 100.2 72.4 69.8 8.4 22.6 17.400000000000002 32.6 23.8 40.400000000000006 78.2 32 20.8 11.600000000000001 43.800000000000004 33.6 11 10 17 0 0 0 0.4 0.4 0.4 0 0 0 0 0.4 0.4 16 0 0.2 0.8 0 0 0 0 0 0 0 0 0 0 1.2000000000000002 0.6000000000000001 0.8 0 1 0.4 13 0 0 0 0 1.2000000000000002 0 0 0 0 0 0 0 0 0 0.6000000000000001 0 0 0 0 0.4 0 0 0.8 0.6000000000000001 0.8 0 0 0 0 7.800000000000001 4.2 0 4.800000000000001 1.8 0.2 4 5.2 0.2 4.4 5 2.6 0 5.800000000000001 8.4 6 0 0 0.2 0 0 0 0 0 3.8000000000000003 0.2 0 0 0 0 2.4000000000000004 4 0 1.6 0 0 4 0 0 0 0 0 0 0 0.2 0 0 0 0 0.4 0 0 0 0 0 0 0 0.2 0 2.2 0 0 0 0 0 0 0 0 0 0 0 0 0 0 0 0 0 0.6000000000000001 0.4 0 10 2.8000000000000003 1.4000000000000001 5.4 0 0.6000000000000001 0.4 0.4 2.8000000000000003 6.800000000000001 0 0 0 0 6.2 0 0 0 0 0 0 0 0.2 0 6.6000000000000005 0 0 0 2.8000000000000003 0 7.800000000000001 0 0 0 0 0 10 5 0 0.2 0 0 0 0 0.4 0 0 0 0 0.2 0 2.8000000000000003 0 0 0 0 0 0 0 0 0 0 0 0 0.4 0 0 0 0 0 0 0 0 0 0 0 0 0 0 3.6 0 0 0 0.8 18.2 0 19.200000000000003 0 0 3.4000000000000004 0 0 0 0 0 0 0 0 0 0 1.4000000000000001 0 0 0 0 0 0 0 0 0 0 0 0 0.2 0 3.2 0 0 0 0 0 0 0 0 0 0 0 0 
 50.800000000000004 100.2 0 67 56.6 11.200000000000001 17.6 64 52.800000000000004 47.6 36.2 55.800000000000004 33 49.400000000000006 56.400000000000006 13.8 83.4 63 8.200000000000001 28.8 0 0.2 0 0.8 0.6000000000000001 0.6000000000000001 0 0.4 0 0 0.4 0 0.8 0 0.4 0 0 0 15.8 0 0 0 0 0 0 0.6000000000000001 0 1 1.4000000000000001 0 1.2000000000000002 0.4 0 0 0 0 0.4 0.8 0 0 0 0 0 0.4 0 0 0 0.6000000000000001 0 0 0 0 0 0 0.6000000000000001 0.4 0.8 0.4 0 0 2 0 5 4.2 0 4.6000000000000005 0 0 0.2 1.8 2.8000000000000003 9 5.4 0 3.4000000000000004 4.4 9.8 4.4 0 1 3 0 0 0 0 0.2 0.2 2.8000000000000003 0 0 0 0 1.4000000000000001 1.8 0 3.4000000000000004 0 0 11.600000000000001 0 0 0.2 0 0 0 1.6 2.8000000000000003 0 0 0.2 0 0 0 0 0 0 0.2 0 0 0 0 0.8 0 0 0 0 0 0 0 0 0 0 0 0 0 0 0 0 0 1.2000000000000002 3.8000000000000003 0.6000000000000001 4 4 0 1.2000000000000002 0.2 3.2 1.8 0 0 7 0 3.4000000000000004 1.8 1.8 3 10.200000000000001 0 0 0 0 0 0 0 0 5.6000000000000005 0 0 0 0 0 1.6 0 2.4000000000000004 0.4 0.2 0 4.2 3.8000000000000003 0.2 0 0 0 0 0 0 0.4 0 0 0 0 0 0 0 0 0 0 0 0 0 0 0 0 0.2 0.2 0 0 0 0 0 0 0 0 0 0 0 0 0 0 0 1.8 0 0 0 0.6000000000000001 0.2 0 8.4 0 2.4000000000000004 1.6 0.4 0 0 0 0 0 0 0 14.8 0 0 0 0 0.4 0 0 0 0 0 0 0 0 0 0 0 0 0 0 0 0 0 0 0 0 0 0 0 0 
 55.400000000000006 72.4 67 0 49 7.2 58.2 25.400000000000002 15.8 27 36 21.6 74.60000000000001 19.8 32.2 8.8 22.8 115.60000000000001 19.8 18.2 0.6000000000000001 0 0 0.6000000000000001 0.2 0 0 15 0.4 0.4 0.4 0.2 17.6 0 1.2000000000000002 0 0 0.4 0.2 0 0.4 0 1.2000000000000002 0 0 0 0 0.6000000000000001 0 0.4 1.2000000000000002 0.4 0 0 0 0 0.6000000000000001 0 0 0 0 0.6000000000000001 0.4 0.4 0 0 0 0.6000000000000001 0 0 0 0.8 0 0 0 0 0.6000000000000001 0 0 0 0 0 4 7.4 2.2 3.6 2.8000000000000003 3.8000000000000003 10.8 3.6 3.4000000000000004 11 0 2.4000000000000004 0 2.8000000000000003 5 6.4 1.8 0 0.2 0 3.8000000000000003 0 0 0 6.4 0.4 0 0 0 0 13.200000000000001 3.4000000000000004 3 0 1.8 0.2 2.4000000000000004 7.2 0.2 0 0 0 0 0 0 0.2 0 0 0 0 0 0 0 0 0 2.8000000000000003 0 0 0 1.6 0 0 0.8 0 0 0 0 0 0 0.4 0 0 0 0 0 0 0 0.6000000000000001 0 0.4 3.6 0.2 0 0 0 0.2 0 0.2 3.6 2.4000000000000004 0 0 0.2 0 7 0 0 0 2.8000000000000003 3.4000000000000004 0 0 0 0 8.6 0.2 0.4 0 0 0 0.2 2.2 0 3.4000000000000004 0 0 6.800000000000001 0.6000000000000001 0 0.2 0 0.4 0 0 0 0 0 0 0 0 0 0 0 0 0 0 0 0 0 0 0 0 0 0 0 0 0 0 0 0 0 0 0 0 0 0 0 0 0 2.4000000000000004 0 0 0 0.4 29.8 0.6000000000000001 0 2 0.4 1.4000000000000001 0 0 0.2 0 0 0 0 0 0 0 2.8000000000000003 0 0 0 0.2 0 0 0 0 0 0 0 0 0.2 1 2.8000000000000003 0 0 0 0 0 0 0 0 0 0 0 0 
 6.800000000000001 69.8 56.6 49 0 44.800000000000004 10.8 15.200000000000001 18 32 46.6 28.8 36.4 29.200000000000003 20.8 35.800000000000004 15.4 38.800000000000004 29 39 3.6 0.8 14.8 0.6000000000000001 0 0 32.4 21.400000000000002 0 0.2 0.4 0.2 44.2 14.600000000000001 0.6000000000000001 0 0 0 6.4 0.2 0 0 1 0 0 0 0 0.6000000000000001 0 0 0.2 0 0 0 0 0 1.6 0 0 0 0 0 0 9 0 0 0 0.4 0 5.6000000000000005 0 0.4 0 0 0 0 0 0 1.4000000000000001 0 0 0 2.2 2.6 4 0 0 3.8000000000000003 0 0 1 8.200000000000001 0 2.6 0 0 1.6 3.2 0 0 0.4 0 2 0 0 0 2.8000000000000003 0 0.4 1.8 0 0 3.8000000000000003 2.6 4 0 2 0 0 5.2 0 0 0 0 0 0 0.2 0 0 0 0 0 0 0 0 0 0 2.2 0 0 0 0.2 0 0 1.8 0 0 0.6000000000000001 0 0 0 0 0 0.2 0 0 0 0 0 0 0 1.6 5.6000000000000005 2.2 0 2.2 0 1.4000000000000001 4 0 0 2.2 0 0 0 0 5.2 0.2 0 0 3.8000000000000003 6 3.4000000000000004 0 0 0 7.6000000000000005 0.2 2.4000000000000004 0 0.2 0 3 2.6 3.8000000000000003 2.8000000000000003 0 0 2 0.4 0 2 2.6 0 0 0 0 0 0 0 0 0 0 0.2 3.6 0 0 0.2 0 0 0 0 0 0 0 0 0 0 0.2 0 0 0 0 0 0 0 0 0 0 0 0 1.8 0 0 0 0.2 36.2 0.8 0 12 0 1 0 0 2.6 0 0 0 0 0 0 0 1.8 0 0 0 0 0 0 0.4 0 0 0 0 0 0 0 5.4 0 0 0 0 0 0 0 3 0 0 0 0 
 12.200000000000001 8.4 11.200000000000001 7.2 44.800000000000004 0 8.6 10.8 27.400000000000002 13 52 13.4 6 13 13.600000000000001 41.400000000000006 15.600000000000001 47.400000000000006 25.400000000000002 12.8 12.200000000000001 1 0 0 0 0.2 31.400000000000002 5.2 0 0.2 0.4 0 27.6 14.600000000000001 0.2 0.4 7.4 0 31.400000000000002 1 0 0 0 0 0 0 0 0.6000000000000001 0 0 0 0 0 0 0 0 0.6000000000000001 0 0 0 0 0 0 0 0 0 0 0.6000000000000001 0 2 0 0 0.2 0 0 0 0.6000000000000001 0 0 0 0 0 0.4 0 5.2 5.4 0 0 2.2 7.4 6.6000000000000005 3.8000000000000003 0 0 0 1.2000000000000002 4.4 4 0 0 5.800000000000001 0 0 0 3.6 0 1.4000000000000001 3.2 0.4 0 0 3.6 18.6 0.2 1 0 2.2 0 1.4000000000000001 13 0 0 0 0 0 0 4 0 0.2 0 0 3.8000000000000003 0 0 0 0 0 0 0 0 0 0 0 0 0 0 0 0 0 0 0.4 0 0 0 0 1.4000000000000001 0 0 0 0 0.8 0 0 1.4000000000000001 6 1.8 0 0 0 0 0.4 1.4000000000000001 0 0 0 0 0 4 0 0 1.4000000000000001 3 4.2 0 0 0 7.4 0 4.6000000000000005 0 0 0 3.4000000000000004 0 7.2 2 0 0 4.6000000000000005 3.6 0 0 0 0 0 0 0 0 0.4 0 0 0 0 0 0 0 0 0 0 0.4 0 0 0 0 0 0 0 0 0.4 0 0 0 0 0 0 0 0 0 0 0 0 0 0 0 0 1 17.2 0 0 19.6 0 2 0 0 0 0 0 0 0 0 0 0 0.4 0 0 0 0 0 0 0 1.4000000000000001 0 0 0 0 0 3 0 0 0 0 0 0 0 0 2.2 0 0 0 0 
 29.6 22.6 17.6 58.2 10.8 8.6 0 55.400000000000006 9.600000000000001 7.6000000000000005 7.4 6.2 38.2 32.4 8.6 10.8 20.200000000000003 48 64.60000000000001 32.4 0 0 0.2 0 0 0.2 0 0 0 0 0.4 0 0.6000000000000001 0 1 0 0 0 0.2 0 0 0 0 0 0 1.2000000000000002 0 0.6000000000000001 0 0 0 12.600000000000001 0 0 0 0 0.6000000000000001 0.2 0 0 0 0 0 0.4 0 0 0 0.6000000000000001 0 0 0 0 0 0.6000000000000001 0 0 0.6000000000000001 0 0 0 1.8 5.4 0 0 0 0 1.8 5.800000000000001 1.8 0 1 0 0 4.2 0 6 0 0 6.4 0 0 0 0.4 0 0 0 0 0 0 0 0 0 0 0 7.4 0.4 0 0 0.2 0 0 0 0 0 0 2.2 0 0 0 0 0 0 0 0 0 0 0 0.2 0 0 0 0 0 2.8000000000000003 0 0 0 0 0 0 0 0 0 0 0 0 0 0 0 0 2.6 4.4 0 0 0 0 4.2 1.6 2.4000000000000004 2.2 2.6 0 8.200000000000001 4 4.800000000000001 2 2.2 0 3 0 0 0 5.2 0 0 0 0 0 0 0 0 0 0 0 0 0 2 0 0 0 0 0 0 0 0 0 0 0 0 0 0 0 0 3.6 0 0 0 0.4 0 0 0 0 0 0 0 0 0 0 0 0 0 0 0 0 0 0 0 0 0 0 0 0 0 0 0 0.4 0 0.4 0 0.4 0 0.4 0 0 0 0 0.2 0 0 0 0 0 0 0 0 0 0 0 0 0.2 0 0 0 0 0 0 2.6 0 0 0 0 0 0 0 0 0 0 0 0 0 
 41.6 17.400000000000002 64 25.400000000000002 15.200000000000001 10.8 55.400000000000006 0 68.4 8.200000000000001 7.2 22.400000000000002 98.80000000000001 38.2 32 29.400000000000002 52 8.6 37.800000000000004 47.2 0 0 0 0 0 1.2000000000000002 0 0 0 0.2 0.4 8.6 0.6000000000000001 0.4 14.600000000000001 0 0.4 0 0.2 0 0.4 0 0.4 12.4 0 0 0 0.6000000000000001 0.4 0 0 9 13 0 0 0 0.4 0 0.4 0 0 0 0 0 0 0 0 0.6000000000000001 0 0 0 0 0 0 9.600000000000001 0 9.600000000000001 0 0.4 0 3.8000000000000003 10.200000000000001 8.200000000000001 3.2 3.2 0 15 13.600000000000001 3 1.6 4.4 0 8 6.2 1.8 3.8000000000000003 0.4 0.4 2.6 3 0 0 0 0 0 0 0 3.6 0 0 0 0.4 0 0 0 0 0 0 0 0 0 0 0 0 3.4000000000000004 0 0 0 0 0 0 0 0 0 0 0 0 0 0 0 0 0 0 0 0 0 2.2 0 0 0 0.4 0 0 0 0 0 0 0 0.4 0.4 3.4000000000000004 3.2 0.2 2 0 0 2.2 3.2 4.6000000000000005 6.800000000000001 6.4 2.4000000000000004 0 12.8 2.4000000000000004 6.4 0 0 1.8 3.4000000000000004 0 0 0 0 0 0 0 0 8 0 0 0 0 0 0 0 0 0 0 0 0 0 0 0 0 0 0 0 0 0 0 0 0 0 0 0 0 0 0 0.4 0 0 0 0 0 0 3.4000000000000004 0 0 0 0 0 0 0 0 0.2 0 0 0 0 0 0 0 0 0 0 0 0 0 0.4 0 0.4 0 0 0 0 0 0 0 0 0 0 0 0 0 0 0 0 0 0 0 0 0 0 0 2 4 0 0 0 0 0 0 0.8 0 0 0 0 0 0 
 9.200000000000001 32.6 52.800000000000004 15.8 18 27.400000000000002 9.600000000000001 68.4 0 40.2 26.6 24.400000000000002 28.400000000000002 59 101 32.6 131.4 9.600000000000001 20.8 16.8 0 0 0 0 0.2 0.2 0 0 0 0 0.4 0.2 15 14.8 0.8 0.2 0 1.2000000000000002 0.2 0 0 0.2 1.2000000000000002 0 0.4 0 0 0.6000000000000001 0 0 1.2000000000000002 13 18.8 0 0 0.4 0.4 2.2 0 0 0 0 0.8 8.6 0 0 0 0.6000000000000001 0 0 0 0 0 0 0 0 0.6000000000000001 0 0 0 1 0 2.2 0 1.6 3.4000000000000004 9.600000000000001 0 0.8 2.6 0.2 0 10.8 2.6 2 4.6000000000000005 5.4 4.4 0 0.6000000000000001 0.4 2.8000000000000003 0 0 0 0.2 0 0 0 0 0 0 0 1.4000000000000001 0 1.8 1.6 0 1.8 0 0 0 0 0 0 0 0 0 0 0 0 0 0 0 0 0 0 0 0 0 0 0 0 0 0 0 0.6000000000000001 0 0 0 0 0 0 4.6000000000000005 0 0 0 0 0 0 1.8 0 5.4 2 0 5.6000000000000005 0.2 1.4000000000000001 0 0 2.8000000000000003 5.800000000000001 0 0 0 1.4000000000000001 0.2 2 0 5.4 0 0 0 0 0 0 0.2 0 0 0 1.2000000000000002 0 0 0 0 0 0 0 1.6 0 0 0 0 0 0 0 0 0 0 0.4 0 0 0 0.4 0 0 0 0.2 2.6 0 0 0 0 0 0 0 0 0 0 0 0 2.6 0 0 0 0 0 0 0 0 0 0 0 0 0 0.4 0.4 0 17.6 0 0.4 1.6 0 0 0 0 0 0 0 0 0 0 0 0 0 0 0 0 0 0 0 0 0 0 0 1.8 0 0 0 0 0 0 0 0 0 0 0 0 0 0 
 25.200000000000003 23.8 47.6 27 32 13 7.6000000000000005 8.200000000000001 40.2 0 15.600000000000001 42.800000000000004 76.2 61.6 40.6 21.400000000000002 27.6 91.4 14.600000000000001 40.6 0 0 0 0 15 0.4 0 0 0 0.2 0.4 0 0.6000000000000001 0.4 0.8 0 0.4 0 0.4 0 0 0 1 0 0 0 0 0.6000000000000001 0 0 1 0 12 0 0 0 0.6000000000000001 9.200000000000001 0 0 0 0 0 0 0 0 0 0.6000000000000001 0 0 0 0 0 0 0 0 0.4 0 0 0 0.8 0 9 2.2 0 1.8 10.4 4 4.2 0 4.4 0 9.4 4 3.8000000000000003 8.6 10.4 12.4 3 0 0 0.4 0 0 0 0 0 0 0 0 0 0 0.4 0 0 0 0 0 0 0 0 0 0 0 0 0 0 0 0 0 0 0 0 0 0 0 0 5 0 0 0 0 0 0 1.2000000000000002 0 0.4 0.8 0 0 0 0 0 0 0 0 0 0 0 0 1 1.2000000000000002 6 0 0 2.2 0 5 3 0 0 0 0 0 3.2 0 3 2.2 0 0 0 0 0 0 0 0 1.2000000000000002 0.2 0 0 0 0 0 0 0 0 0 0 0 2.4000000000000004 0 1 0 0 0 0 0 0 0 0 0 0 0 0 0 0 0 0 0 0 3 0 0 0 0 0 0 0 0 0 0 0 0 0 0 0 0 0 0 0 0 0 0 0 0 0.2 0.4 0 0.4 0 0.4 17.6 0.4 0 0 0 0 0 0 0 0 0 0 0 0 0 0 0 0 0 0 0 0 0 0 0.4 0 0 0 0 0 0 0 0 0 0 0 0 0 0 
 9.200000000000001 40.400000000000006 36.2 36 46.6 52 7.4 7.2 26.6 15.600000000000001 0 12.8 6 8.6 14.600000000000001 19.200000000000003 21.6 91.60000000000001 8.8 11.4 0 0 0 0.2 0 0.4 14.8 0 0 0 0.4 0 31.200000000000003 0 0.6000000000000001 0 0 0 11.600000000000001 16.6 0.4 0 0 0.2 0 0 0 0.6000000000000001 0 0 0.2 0 0 0 0 0 0.6000000000000001 0 0 0 0 0 0 0 0 0 0 0.6000000000000001 0 1 0 0 0 0 0 0 0.4 0 0.2 0 0 0 9.4 2.2 4 2 0 0 0.8 1.8 4.2 12.600000000000001 0 0 3.2 2.8000000000000003 2.8000000000000003 11.8 0 0 4.2 0 4 0 3.8000000000000003 0 1.4000000000000001 2.2 0 1.4000000000000001 0 0.2 4.6000000000000005 2.4000000000000004 0 3 2 0 0.2 12 0 0 0 0 0 0 2 0 0 0 0 0 0 0 0 0 0 0 0 0 0 0 0 0 0 0 0 0 0 0 0 0 0 0 0 0 0 0 0 0.2 1.2000000000000002 0 2.4000000000000004 15.200000000000001 1.2000000000000002 2.6 0 0 0 0 0 9.600000000000001 0 0 0 0 7.2 7 0 0 1.8 3.4000000000000004 2.4000000000000004 0 0 0 14 0 9.4 0 0 0 1.2000000000000002 4.2 3.4000000000000004 0 0 0 8.200000000000001 2.4000000000000004 0 0 0 0 0 0 0 0 0 0 0 0 0 0 0 0 0 0 0 0 0 0 0 0 0 0 0 0 0 0 0 0 0 0 0 0 0 0 0 0 0 2.2 0 0 0 1.4000000000000001 17.2 0 9.200000000000001 19 2.4000000000000004 0.8 0 0 0 0 0 0 0 0 0 0 2.2 0 0 0 0 0 0 0 0 0 0 0 0 0 2 0 0 0 0 0 0 0 0 0 0 0 0 0 
 38 78.2 55.800000000000004 21.6 28.8 13.4 6.2 22.400000000000002 24.400000000000002 42.800000000000004 12.8 0 8.200000000000001 28 54.6 12.600000000000001 55.400000000000006 76.4 6.4 10.8 0 0 0 0.4 0 15.600000000000001 0 0 0 0 0.4 0 19.200000000000003 0 0.2 0 0 0 0.2 14.4 0 0 0 0 0 0 0 0.6000000000000001 0 0 0.2 0 0.6000000000000001 0 0 0 0.4 0 0 0 0 0 0 0 0 0 0 0.6000000000000001 0 0 0 0 0.2 0 0 0 0.6000000000000001 0 0 0 0 0.2 7.4 1.4000000000000001 0 1.8 1.6 2.8000000000000003 0 0 0 3.2 1 0 3.2 0 5.6000000000000005 5.4 0.4 0 0.2 2.8000000000000003 0 0 0 0 1.6 0.2 0 0 0 0 2.4000000000000004 5.4 0 2.8000000000000003 3 0 8 3 0.2 0 0 0.2 0 0 0 0.2 0 0 0 0 0 0 0 0 0 2.8000000000000003 0 0 0 1.2000000000000002 0 0 0.6000000000000001 0 0 0 0 0 0 0.4 0 0 0 0 0 0 0 0.8 0.2 1.2000000000000002 2.8000000000000003 2.8000000000000003 0.4 2.8000000000000003 0 0 1.8 0 0.2 6.6000000000000005 0 0 0 0 5.6000000000000005 4.6000000000000005 0 0 0 0 0 0 0 0 3 0 0 0 0 0.4 0 0 0 0 0 0 2.8000000000000003 6.4 0 0 0 0 0 0 0 0 0 0 0.2 0 0 0 0 0 0 0 0 0 0 0.4 0 0 0 0 0 0 0 0 0 0 0 0 0 0 0 0 0 0 0 1.8 0 0 0 0 29.400000000000002 0 0.2 1 0 1 3 0 0 0 0 0 0 0 0.2 0 2.4000000000000004 0 0 0 0.2 0 0 0 0 0 0 0 0 0 0 1.8 0 0 0 0 0 0 0 0 0 0 0 0 
 7.6000000000000005 32 33 74.60000000000001 36.4 6 38.2 98.80000000000001 28.400000000000002 76.2 6 8.200000000000001 0 76.60000000000001 8.200000000000001 23.200000000000003 35.4 5.2 34.6 13.600000000000001 0 0 0.2 0 0 0.2 0 0 0 0 0.4 0 0.6000000000000001 1.2000000000000002 0.8 0 0 0 0.4 0 0 0 0 0 0 0.4 0 0.6000000000000001 0 0 0 13.4 7 0 0 0 0.6000000000000001 0 0 0 0 0 0 0 0 0 0 0.6000000000000001 0 0 0 0 0 0 0 0 0.4 0 0 0 0 0 9.4 4.6000000000000005 8.8 0 7.6000000000000005 0 0.2 4.4 0.2 0 6.6000000000000005 3 2.8000000000000003 0 0 0.2 1.6 9.8 0.2 0.2 0 0 0 0 0 0 0 0 0 0 0 0 5 0 0 0 0.2 0 0 0 0 0 0 0 0 0 0 0 0 0 0 0 0 0 0 0.4 0 0 0 0 0 0 0 0 1.4000000000000001 0.2 0 0 0 0 0 0.4 0 0 0 0 0 0 12.200000000000001 7.2 0 0 0 0 0 1.2000000000000002 2.4000000000000004 0 7.2 3 0 3.2 2.2 5.6000000000000005 0 0 0 5 0 0 0 0 0 0 0 0 0 0 0.2 0 0 0 0 0 0 0 0 0 0 0 0 0 0 0 0 0 0 0.2 0 0 0 0 0 0 0 0.4 0 0 0 0 0 0 0 0 0 0 0 0 0 0 0 0 0 0 0 0 0 0 0 0 0 0 0 0 0.4 0.2 0.4 0 0 0.4 0 0 0 0 0 0 0 0 0 0 0 0 0 0 0 0 0 0.2 0 0 0 0 0 13.8 3.8000000000000003 0 0 0 0 0 0 0 0 0 0 0 0 0 
 35.800000000000004 20.8 49.400000000000006 19.8 29.200000000000003 13 32.4 38.2 59 61.6 8.6 28 76.60000000000001 0 16.6 89 11.8 26.400000000000002 15.8 45 15.200000000000001 1 0 0 0 5.2 0 0 0 0 0.6000000000000001 0 0.6000000000000001 0 0.6000000000000001 0 0 0 0 0 0 0 1.2000000000000002 0 0 0 0 0.6000000000000001 0 0 0 0.4 11.4 0 0 0 0.6000000000000001 1.2000000000000002 0 0 0 0 0 0 0 0 0 0.6000000000000001 0 0 0 0 0.2 0 0 0 0.6000000000000001 0 0 0 2 3 3 4.4 0 3 6.2 6 0 0 1.8 0 6 7.4 4 6.800000000000001 11.4 3.8000000000000003 0 2.2 0 0 0 0 0 0 0 0 0 0 0 0 0 0 0 0 0 0 0 0 0 0 0 0 0 0 0 0 0 0 0 0 0 0 0 0 0 3 2 0 0 0 0 2.4000000000000004 1.2000000000000002 0 0.4 0.8 0 0 0 0 0 0 0 0 0 0 0 0 3.2 7.4 2.4000000000000004 0 0 0 0 7.4 5.2 4.800000000000001 0 0 1.8 5.6000000000000005 4.800000000000001 3.8000000000000003 2.6 1 0 0 0 0 0 0 0 0 0 0 0 0 0 0 0 0 0 0 0 0 0 2.2 0 1.2000000000000002 0 0 0 0 0 0 0 0 0 0 0 0 0 0 0 0 0 0 0 0 0 0 0 0 0 0 0 0 0 0 0 0 0 0 0 0 0 0 0 0.2 0 0 0 0 0.2 0 0 0.2 0.4 2.2 0 0 0 0 0 0 0 0 0 0 0 0 0 0 0 0 0 0 0 0 0 0 0 0 0 0 0 0 0 0 0 0 0 0 0 0 0 0 
 6 11.600000000000001 56.400000000000006 32.2 20.8 13.600000000000001 8.6 32 101 40.6 14.600000000000001 54.6 8.200000000000001 16.6 0 21.400000000000002 29.8 26 29.400000000000002 25.200000000000003 0 0.2 0.6000000000000001 0.6000000000000001 0.4 0.2 0.8 1.2000000000000002 1 1 0.6000000000000001 0.8 1.6 0.4 0.8 0.8 0.4 0.4 0.2 0.2 3.4000000000000004 0.4 0.4 0.6000000000000001 0.4 0.8 0.4 0.6000000000000001 0 0.4 0.2 0.8 0 0.4 0 0.4 0.6000000000000001 0 0.4 0.8 0 12.8 0 0 0.6000000000000001 0 0 1.2000000000000002 0.4 0 0 0 0 0 0 0.4 0.8 0.4 0 0 0 10.4 3.4000000000000004 3.6 0 2.6 6.2 3.4000000000000004 3.2 4.4 3.8000000000000003 0 0 3.4000000000000004 0 2.6 0 0 1.4000000000000001 3 0 0 0 0 0 0 0 0 0 0 0 0 0 0 0.4 0 0 0 0 0 0 0 0 0 0 0.4 0 0 0 0 0 0 0 2.6 0 0 0 0 0 0 0 0.2 0 0 0 0 0 0 0.2 0 0 3.4000000000000004 0 0 0.2 0 0 0 0 0 5.6000000000000005 3.6 2.6 0.4 2 0 0 0 5.800000000000001 1.8 5.4 0 0.4 0 0.2 3.6 0 0 2.6 1.8 0 0 0 0.2 0 0 0 0 0 0 0 0 0 0 0 0 0 0 0 0 0 0 0 0 0 0.2 0 0 0 0 0 0 0 0 0 0 0 0 0.4 0 0 0 0 0 0 0 0 0 0 0 0 0 0 0 0 0 0 0 0 0 0 0 0 0 0 0 0.4 0 0.4 0.2 0 0.8 3 0 0 0 0 0 0 0 0 0 0 0.4 0 0 0 0 0 0 0 0 0 0 0 1.8 4.800000000000001 0 0 0 0 0 0 0 0 0 0 0 0 0 
 45 43.800000000000004 13.8 8.8 35.800000000000004 41.400000000000006 10.8 29.400000000000002 32.6 21.400000000000002 19.200000000000003 12.600000000000001 23.200000000000003 89 21.400000000000002 0 30.8 36.2 2.6 31.8 0 0 0 0 0 0.2 0 15.4 0 0 0.4 0.2 4.800000000000001 0 0.4 0.6000000000000001 15.600000000000001 0.4 0.2 14.4 0 0.4 2.8000000000000003 0 0 0 0 1.2000000000000002 0 0 0.8 0.6000000000000001 0 0 0 0 0.4 1.2000000000000002 0 0.6000000000000001 0.4 0 9.4 0 0 0 0 0.8 0 0.6000000000000001 0 0 0.2 0 0 0 0.6000000000000001 0 0 0 0.2 0 0.4 4.800000000000001 0.6000000000000001 2 0 5 3.8000000000000003 2.2 0 0 6 0 2.4000000000000004 3.4000000000000004 3.4000000000000004 13.200000000000001 0 0.6000000000000001 0.2 3.2 0.4 0 0.2 0 0 0 0 0 0 0 0 1.6 0 3.2 0 0 8 0 0 0 0 0 0 0 0 0 0 0 0 0 0 0 4.800000000000001 0 0 2.8000000000000003 0 0 0 1.2000000000000002 0 0 0.6000000000000001 0.2 0 0 0 0 0 0 0 0 0 0 0 0 0 0.8 3.8000000000000003 0.4 2.4000000000000004 7.4 0.2 2.2 2.6 1.8 1.8 3.4000000000000004 0 5 0 5.800000000000001 2.4000000000000004 2 2.6 6.800000000000001 2.6 0 0.2 0 0 0 0 0 0 0 0 0 0 0 0 0 0 0 0 0 2 3 0 0 0 0 0 0 0 0 0 0 0 0 0 0 0 0 0 0 0 0 0 0 0 2.6 0 0 0 0 0 0 0 0 0 0 0 0 0 0 0 0 0 0 0 0 0 0 12.200000000000001 0.2 0.6000000000000001 0 0 3 0 0 0 0.2 0 0 0 0 0 0 0 0 0 0 0 0 0 0 0 0 0 0 0 0 0 1.8 0 0 0 0 0 0 0 0 0 0 0 0 
 3 33.6 83.4 22.8 15.4 15.600000000000001 20.200000000000003 52 131.4 27.6 21.6 55.400000000000006 35.4 11.8 29.8 30.8 0 20.8 8.8 25.400000000000002 0 0 0 0.4 0.6000000000000001 0.4 0 0 0 0 0.4 0 1.2000000000000002 0 0.4 0 0 4.800000000000001 0.8 0 0 0 0 0 0 0.6000000000000001 13.200000000000001 1 0 0 1.6 10.4 14.4 0 0 0 1 0.8 1.2000000000000002 0 0 0 0.4 0.4 0 0 0.2 0.4 0 0 0 0 0.2 0 0.6000000000000001 0.4 0.2 0.4 0 0 7.2 6.800000000000001 4 1.2000000000000002 0 2.6 3.4000000000000004 0 1.2000000000000002 0 0.4 6.2 9.600000000000001 12.200000000000001 4.800000000000001 0 1 0 0 8 0.6000000000000001 3.4000000000000004 0 0 0 0 0.2 0.4 0 0 0 0.2 0 0 0 0 2.4000000000000004 2.4000000000000004 3.2 0 0 0 0 0 0 0 0.4 0 0 0 0 0 0 0 0 0 0 0 0 0 0 1.6 0 0 0.4 0 0 0 0 0 0 0 0 0 0 0 0 0 0 1.2000000000000002 0 6.800000000000001 3 0 2.8000000000000003 0.4 1.4000000000000001 2 0 1.8 0 0 0 0 0 0 6.2 0 0 1.8 0 0 0 0 0 0 6.4 0 0 0 0 0 2 0 0 0 0 0 2 0 0 0 0 0 0 0 0 0 0 0 0 0 0 0 0 0 0 0 0 0 0 0 0 0 0 0 0 0 0 0 0 0 0 0 0 0 0 0 0 0 0 3.8000000000000003 0 0 0 0 18.8 0 0 0 0.2 1.4000000000000001 1.8 0 0.4 0 0.4 0 0 0 0 0 0 0 0 0 0 0 0 0 0 0 0 0 0 1.4000000000000001 0 6 0 0 0 0 0 0 2 0 0 0 0 0 
 3.8000000000000003 11 63 115.60000000000001 38.800000000000004 47.400000000000006 48 8.6 9.600000000000001 91.4 91.60000000000001 76.4 5.2 26.400000000000002 26 36.2 20.8 0 5.6000000000000005 45.6 0 0 0 0 0 0.4 0 0 0 0 0.8 0 7.6000000000000005 0 0.6000000000000001 0 16.6 0 0.2 0 0 0 0 0 0 0 0 0.8 0 0 0 0 0 0.2 0 0 0.2 0 0 0 0 0 0 0 0 0.2 0 9 0 0 0 0 0 0 0 0 0.6000000000000001 0 0 0 0 3.6 1.8 6.4 0.2 5.6000000000000005 3.4000000000000004 3.6 10 0.4 2.2 5.4 0 2.2 3 4 3.8000000000000003 2 0.4 0 0 0 1 0 0 1.2000000000000002 1.6 0 0 0 0 0 8 5.6000000000000005 0 0 2.2 0 0 5 0 0 0 0 0 0 0 0 0 2.2 2.4000000000000004 0 0 0 0 0 0 2.2 0 0 0.4 0.6000000000000001 0 0 1.2000000000000002 0 0.4 0.6000000000000001 0 0 0 0 0.2 0 0 0 0 0 0 0 1.2000000000000002 9.200000000000001 2.8000000000000003 0 6 0 0 2.2 2 2.4000000000000004 3.4000000000000004 0 0 0 0 0 3.2 0 0.4 0 0 2.8000000000000003 0 0 0 0 3 0 0 0 0 0 0 0 0 4.6000000000000005 0 0 0 0 2.4000000000000004 3 0 0 0 0 0 0 0 0 0 0 0 0 0 5.4 2.4000000000000004 0 0 0 0 0 0.4 0 0 0 0 2 0 0 0 0 0 0 0 1.4000000000000001 0 0 0 0.4 0 0 0 0 0 0.8 20.8 0 0 1 2.6 1.4000000000000001 9 0.4 0 0 0 0 0 0 0 0 3 0 0 0 0 0 0 0 0 0 0 0.2 0 2.4000000000000004 3.4000000000000004 4.4 0 0 0 0 0 0 0 0 0 0 0 0 
 56.400000000000006 10 8.200000000000001 19.8 29 25.400000000000002 64.60000000000001 37.800000000000004 20.8 14.600000000000001 8.8 6.4 34.6 15.8 29.400000000000002 2.6 8.8 5.6000000000000005 0 19.400000000000002 0 0 0 0 0 0.4 0 0 0 0 0.4 0 0.6000000000000001 0.4 0.6000000000000001 0 0.4 0 0.2 0 0 0 0 0 0 0.8 0 0.6000000000000001 0 0 0 0 0 0 0 0 0.4 0 0 0 0 10.4 0 0 0 0 0 0.6000000000000001 0 0 0 0 0 0 0 0 0.6000000000000001 0 0 0 0.2 1.8 2.6 0.4 0 0 5.2 9.4 0.2 2.2 0 0 0 0 2.4000000000000004 0 0 0 2.4000000000000004 2.2 0 0 0 0 0 0 0 0 0 0 0 0 0 0 0 0 0 0 0 0 0 0 0 1.8 0 0 0 0 0 0 0.2 0 0 0 0 0 2 0 0 0 0 0.4 0 0 0 0 0 0 0.2 0 0 2.6 0 0 0.4 0 0 2 0 0 1.6 2.6 0 0 0 0 0.4 1.4000000000000001 1 2.2 2 0 4.6000000000000005 2.2 1.2000000000000002 1.8 0.2 0 3.2 0.2 0 0 0 0 0 0.2 0 0 0 0 0 0 0 0 0 0 0 0 0 0 0 0 0 0 0 0 0 0 0 0 0 0 0 0 0 0 0 0 0 0 0.2 0 0 0 0 0 0 0 0 0 0 0 1.8 0 0 0 0 0 0 0 0 0 0 0 0 0 0.4 0.2 0 0 0.4 1.2000000000000002 0 0 0 0 0 0 0 0 0 0 0 0 0 0 0 0 0 0 0 0 0 0 0 0 2 0 0 0 0 0 0 0 0 0 0 0 0 0 
 45.800000000000004 17 28.8 18.2 39 12.8 32.4 47.2 16.8 40.6 11.4 10.8 13.600000000000001 45 25.200000000000003 31.8 25.400000000000002 45.6 19.400000000000002 0 0.4 0 0 0 0.4 0.6000000000000001 0 0.4 0 0.2 1 0.2 0.6000000000000001 0 0.4 0.6000000000000001 1.2000000000000002 0 0.4 16 0 0 1.6 0.6000000000000001 0.6000000000000001 0 0.6000000000000001 0.6000000000000001 0.4 0 0 0.4 0 9.200000000000001 0.4 0 0 1.2000000000000002 0 0 0 0 0 0.6000000000000001 0.4 0 0 1 0 0 0.4 0 0.4 0.6000000000000001 0 0.4 0.8 0.4 0.4 0 0 3.6 2.8000000000000003 3 0 0 4.6000000000000005 7.4 4.4 0 0.2 0 2 6.6000000000000005 6.6000000000000005 6.4 4 5.800000000000001 0 2 0 3.2 0 0 0 0 2.2 0 0 0 0 0 0 0 0 0 0 0 0 0 0 0 0 0 0 0 0 0 0 2.4000000000000004 0 0 0 0 0 0 0.2 3 0 0 0 0 0 2.6 1.4000000000000001 0 0.4 0.8 0 0.4 0 0 0 0 0 0 0 0 0 0 0 1.8 2.4000000000000004 2.8000000000000003 0 0 2.8000000000000003 5.800000000000001 3.2 7.6000000000000005 0.2 0 7.800000000000001 4.6000000000000005 3.4000000000000004 1.6 4.6000000000000005 1.4000000000000001 2.6 0 0 0 0 0 0 0 0 0 0 0 3.8000000000000003 0 0 0 0 0 0 0.4 0 0 0 0.6000000000000001 0 0 0 0 0 0 0 0 0 0 0 0 0 0 0 0 0 0 0 0 0 0 0.2 0 0 0 0 0 0 0 0 0 3.6 0 0 0 0 0 0 0 0 0 0 0 0.4 0.4 0.2 0 0 1.4000000000000001 3.4000000000000004 0 0 0 0 0 0 0.4 0 0 0 0 0 0 0 0 0 0 0 0 0 0 0 0 0 0.6000000000000001 0 0 0 0 0 0 0 0 0 0 0 0 
 0 0 0 0.6000000000000001 3.6 12.200000000000001 0 0 0 0 0 0 0 15.200000000000001 0 0 0 0 0 0.4 0 31.8 74.60000000000001 57 6.800000000000001 91.2 25 79.80000000000001 40.2 9.200000000000001 62.400000000000006 48 71 49.6 54.6 24.400000000000002 18.8 102.4 43 9.4 0 0.6000000000000001 0.8 0.4 0 0 6.4 1.2000000000000002 1.2000000000000002 0 0.6000000000000001 0 0.6000000000000001 4.2 1 7 0 0.2 1.2000000000000002 0.6000000000000001 1.2000000000000002 0 0 0 0 0.4 0 0 10 0 0 6.4 0.6000000000000001 1.2000000000000002 0.4 0.4 0.6000000000000001 0 0.8 0.4 0 0 0 0 0 0 0.2 0 0 0 0 0 0 0 0 0 0 0 0 0 3.4000000000000004 0.6000000000000001 8.4 0 0 0.2 0 3.2 4.800000000000001 1.6 2.4000000000000004 0 0 4 15.200000000000001 3.4000000000000004 0.4 2 0.2 0 0.2 0 0 0 0 0 1.4000000000000001 0 0 0 0 0 3.4000000000000004 0 0 0 0.4 0 1.4000000000000001 3.2 0 0 0.4 0 0 0 0 0 0 0 0 0 0 0 0 0 0 0 0 0 0 0 0 0 0 0 0 0 0 4 0 0 0 0.6000000000000001 0 0 0 0 0 0 2.6 6.4 2.2 0 1.8 5.4 4.4 8.4 4.2 4.4 0.6000000000000001 4.4 2.6 0 5.6000000000000005 7.800000000000001 3.8000000000000003 6.800000000000001 1.8 1.8 0 0 0 0 0 0 0.2 0 0 0 0 0.4 0 0 1.8 0 0 0 0 2 0 0 0.4 0 0.2 0 0 0 0 0 0 0 0 0.4 0 0 0 0 0 0 0 0 0 0 0 0 0 0 0 0 0 0 0 0 1.6 0.4 0 0 19 0.2 0.2 0.4 0 0 0 0 0 0 12.4 0 0 0 0 0 0 0 0 0 0 0 0 0.2 0 0 0 2 0 0 0 0.4 
 0 0 0.2 0 0.8 1 0 0 0 0 0 0 0 1 0.2 0 0 0 0 0 31.8 0 35.6 9.200000000000001 7 11.4 143.4 21 36.4 9.4 9.200000000000001 7.6000000000000005 8.8 34.800000000000004 17.8 29.8 21.400000000000002 17.400000000000002 78.4 29.400000000000002 0 0.6000000000000001 0 0 0 1.2000000000000002 0 1.6 0 13.8 0 1 0 0.6000000000000001 0.4 0.6000000000000001 0 0.6000000000000001 11.200000000000001 0.6000000000000001 0.6000000000000001 0 0 0.8 14.8 0.2 0 0.6000000000000001 0 0.2 0 0 0.6000000000000001 1.2000000000000002 1.4000000000000001 0 1 0.8 0 0 0 0.2 0 0 0 2.4000000000000004 0 0 0 0 0 0 0 0 0 0 0 0 0 0.2 0.8 0 0 0 0 0 1.8 5.2 5.6000000000000005 0 6.4 8.200000000000001 0 2.4000000000000004 2.4000000000000004 2.8000000000000003 2.6 4.6000000000000005 0 2 0.4 0 0 0 0 0 1.4000000000000001 0 0 0 0 1.8 0 0 0 0 0 0 0 1.8 0 0 0 0 0 2 0 0.2 0.2 0 0 0 0 1.4000000000000001 0 1.4000000000000001 0 0 0 0 0 0 0 0.4 2.8000000000000003 1.8 0 0 0 2 0 0.4 0 1.2000000000000002 0.4 0 0 0 0 0 0 1.8 1 1.6 3.2 8 0 0 6.4 5.2 0 7.2 2.8000000000000003 9.200000000000001 3.6 7 2.2 7.6000000000000005 0 1.8 0 0 1.8 0 0 0 0 3 0 0 0 0 1.8 0 1.4000000000000001 0 0 0 0 2 0 0 0 0 0 0 0 0 0 0 0 0 0 0 0 2.2 0 0 0 0 0 0 0 0 0 0 0 0 0 0 0 0 0 0.4 1 0 0 0.2 15.600000000000001 0 0.8 0 0 0 0 0 0 0 0 0 0 0 0 0 0 0 0 0 0 0 0 0 0 0 0 0 0 0 0 0 
 0 0 0 0 14.8 0 0.2 0 0 0 0 0 0.2 0 0.6000000000000001 0 0 0 0 0 74.60000000000001 35.6 0 24.200000000000003 57.2 5.4 27.6 18.400000000000002 13.600000000000001 29.200000000000003 14.200000000000001 7.2 14 62.400000000000006 58 27.8 13.8 10 11.4 10.600000000000001 1.2000000000000002 0.6000000000000001 0 0 0 0 0 0.6000000000000001 0.8 0.2 0 0 0.4 0.6000000000000001 0.4 0.6000000000000001 0 0 0.2 11 1.2000000000000002 0 0 0 0 0.4 0 0 0 0.2 0 0 0.6000000000000001 0.8 0.4 0 0.6000000000000001 0 0 0.8 0 0 0 0 0 0 0 0 0 0 0 0 0 0 0 0 0 0 0 0 0.8 5 2 2.4000000000000004 0 2.2 0 0.2 3.6 4.6000000000000005 0.4 0 0 0 2.2 0 10 3.8000000000000003 5.6000000000000005 2.2 0 0 0 0 0 0 2.6 0 0 0 0 0 0 4.6000000000000005 0 0 0.2 0 0 4 0 0 0 0 0 0 0 0 0 0 0 0 0 0 0 0 0 0 0 0 0 0 0 1 0 0.4 0 0 0 0 0 0 0 0 0 0 0.6000000000000001 0 0 0 0 8 0.2 2.4000000000000004 6.4 5 0 2 6 4.2 7.4 6 2.4000000000000004 3.6 0.4 1.6 8.200000000000001 1.6 0.8 2.2 0 0 0 0 0 0 1.4000000000000001 0 0 0 0 0 2.4000000000000004 0 0 0 0 0 1.8 2.6 0 0 0 0 0 0 0 0 0 0 0 0 0 0 2.2 0 0 0 0 0 0 0 0 0 0 0 0 0 2.6 0 0 0 0 0 1 0 0.2 0 0.2 7.800000000000001 0 0 0 0 0 0 0 0 0 0 0 0 0 0 0 0 0 0 0 0 0 0 0 0 0 1.8 0 0 0 0 
 0 0.4 0.8 0.6000000000000001 0.6000000000000001 0 0 0 0 0 0.2 0.4 0 0 0.6000000000000001 0 0.4 0 0 0 57 9.200000000000001 24.200000000000003 0 58 20 56.6 28.6 87.2 70 52.400000000000006 48.400000000000006 70.4 50 43 27 59 76 14.4 12 5 12.8 0 0 0 0.6000000000000001 12.600000000000001 4.800000000000001 0 0.2 0 0 24.200000000000003 27.200000000000003 0 0 0 0 13 16.400000000000002 0 10 0 0 9.200000000000001 0 0 0 0.4 0 0 0 0 0.4 0 0 0 0 0 0 0 0 0 0 0 0 0 0 0 0 0 0.6000000000000001 0 0 0 0 0 0 0 0 0 0.2 9.8 0.2 2 7.6000000000000005 0 0 2.4000000000000004 0 6.800000000000001 7.6000000000000005 0 2.2 1.6 5.2 0 0 0 0 9 0.2 0 4 0 0 3.4000000000000004 0 0 2.2 0 0 4 3.4000000000000004 0 0 1.2000000000000002 3.6 2.6 3.8000000000000003 0 0.8 0 4 0 0 0 0 0.6000000000000001 0 0 0 0.4 0 0 0.4 0 0 1.4000000000000001 0 0 0 2.4000000000000004 0 0 0 0 0 0 0 0 0 0 0 0 8.200000000000001 0 0 0 0 2.4000000000000004 0 6 0.2 2 3.2 0 6.6000000000000005 0 3.2 0 0.2 0 0 0 0 1.2000000000000002 1.8 0 0 0 4.4 0 0 0 0 3.4000000000000004 7.4 0 1.8 0.6000000000000001 0 0.2 3 5 0 0 9 4.4 0 0 0 0 0 0 0 0 0 0 0 0 0 0 0 0 0 0.4 0 0 0 0 0 0 0 0 0 0 0 0 0 0 0 0 0 2.4000000000000004 0.4 0.4 15 7.6000000000000005 5 1.4000000000000001 0 0 0 0 1.6 4.2 0 0 0 0 0 0 0 0 0 0 0 0 0 0 3 0 0 0 0 0 0 0 0 
 0 0.4 0.6000000000000001 0.2 0 0 0 0 0.2 15 0 0 0 0 0.4 0 0.6000000000000001 0 0 0.4 6.800000000000001 7 57.2 58 0 21.400000000000002 9.4 8.4 25.6 34 61.400000000000006 49.400000000000006 59.6 32.4 60.800000000000004 13.4 8.200000000000001 10.600000000000001 13 10.600000000000001 13 0.4 12.200000000000001 0 0.6000000000000001 0 16.8 13.200000000000001 0.4 0.6000000000000001 0.4 0 7.800000000000001 0.6000000000000001 5.4 0.6000000000000001 0 12.600000000000001 0.2 13.4 0.6000000000000001 0 0.4 9.200000000000001 0 0 2.2 0 0 0 0 0.4 1.2000000000000002 1 0.4 0.6000000000000001 1 1.4000000000000001 0 0.8 0 0 0 0 0 0 0 0 0 0 0 0 0 0 0 0 0 0 0 3.4000000000000004 0 0 0 3.2 1.8 5.800000000000001 0 0 0 0 3.4000000000000004 11 0 0 0 0 0 0 0 0 3.8000000000000003 2.4000000000000004 3.8000000000000003 6.800000000000001 0 0 0.2 0 3.6 0.4 0.8 0 1.8 3.4000000000000004 3.4000000000000004 1.6 7.4 0.2 4.2 2.2 0 0 0 0 0 0 0 0 0 0 0 0.2 0 0 0 0 0 0 0 0 0 0 0 0.4 0 0 0 0 0 0 0 0 0 0 0 1 0 0 0 0 0 0 4 0 0 0 0 0 0 2 0 2 0 0 0 1.2000000000000002 0 0 0 0 4 6.4 2 0 0 0 7 0 1.6 0 3.6 0 2.4000000000000004 2 6 0 0 2.2 5.2 6.2 0 0 3.2 0 0 0 0 0 0 0 0 0 0 0 0 0 0 0 0 0 0 0 1 0 0 0 0 0 0.2 0 0 0 0 0 4.4 0 0.2 9.200000000000001 3.6 3.8000000000000003 2.8000000000000003 2.4000000000000004 0 0 0 0 1.8 0 0 0 0 0 0 0 0 0 0 0 0 0 0 3.2 0 0 0 0 0 0 0 0 
 0.4 0.4 0.6000000000000001 0 0 0.2 0.2 1.2000000000000002 0.2 0.4 0.4 15.600000000000001 0.2 5.2 0.2 0.2 0.4 0.4 0.4 0.6000000000000001 91.2 11.4 5.4 20 21.400000000000002 0 7.2 53.2 12.4 7.6000000000000005 36 37 9 8.4 24.200000000000003 28.8 8.4 9.8 12.8 7.6000000000000005 0.4 0.6000000000000001 11.4 0 0 0 0 0.6000000000000001 0 0 0.2 0 12.4 12.4 11.600000000000001 0.6000000000000001 0 0.8 1.4000000000000001 0.6000000000000001 0.6000000000000001 0.4 0.4 0.2 0.6000000000000001 0 0 1.2000000000000002 0 0.2 0.8 0.8 0.6000000000000001 1.2000000000000002 0.6000000000000001 0 0.8 0.6000000000000001 0.4 0 0 0 0 0 0 0 0 0 0 0 0 0 0 0 0 0 0 0 2 0 0 0 0 1.8 3.6 0.2 3.8000000000000003 0 0 0 1.6 0 0 0 0 0 0 0.2 0 0 2.8000000000000003 8.6 0 1.2000000000000002 0 0 4 5.4 3.6 2.2 0 0 0 0.6000000000000001 0.2 0 0 3.6 1 3.6 0 0 0 0 0 0 0 0 0 0 0 2.8000000000000003 0 0 0 0 0 0 0 0 0 0 0 0 0 0 0 0 4.800000000000001 0 0 0 0 0 0 0 0 0 0 0 0 0 0.6000000000000001 0.4 2.2 2.6 0 0 0 0 0 0.4 0 0 0 1.8 0 3 0 0 5.4 0 6.800000000000001 1.8 0 0 0 7 10.600000000000001 0.2 0 0 4.4 5.800000000000001 3.8000000000000003 0 0 4 10.200000000000001 4.2 0 0 0 0 0 0 0 0 0 0 0 0 0 0 0 0 0 0 0.2 0 0 0 0 0 0 0.4 0 0 0 0 0 0 0.4 0 1 0 0 6 1.4000000000000001 0.4 0 0.8 0 0 0 0 0 0.4 0 0 0 0 0 0 0 0 0 0 0 0 0 0 0 0 0 0 0 0 0 0 
 0 0 0 0 32.4 31.400000000000002 0 0 0 0 14.8 0 0 0 0.8 0 0 0 0 0 25 143.4 27.6 56.6 9.4 7.2 0 56.2 11 9 48 6.2 67.8 31.8 24.400000000000002 23 31.400000000000002 6.2 55.2 75.2 0 0.6000000000000001 0 5.2 0 0 0 0.6000000000000001 0 0.2 0 0 0 0.6000000000000001 0.2 0.6000000000000001 0 0.2 0.4 0.4 0.6000000000000001 0 0 0 0 0 0 0 0 1.2000000000000002 0 0 0.6000000000000001 1.4000000000000001 0.4 0.2 0.6000000000000001 0 1.6 0 0 0 0 0 2.8000000000000003 1.8 0 0 0 0.4 1.8 2.6 0 0 0 0 0.2 0 0 0 4.6000000000000005 0 4 1 0 0 4.2 7.4 10.600000000000001 7 2 2.2 0.2 2.8000000000000003 3.2 2 3 4.6000000000000005 0.4 2.6 0 0 0 0 0 0 0 0 0 0 0 1 0 0.2 0 2.4000000000000004 0 0 0 0 0 0 0 0 0 0.2 0 0 0 0.2 0 0 0 1.6 0 2.2 0 0 0 0 0 0 2.4000000000000004 3 2.6 1.6 0.2 0 0 0 0 0 0 0 0 0.2 0 4.2 0.2 0 3.8000000000000003 0 3.8000000000000003 0 1.8 0 0.2 2.8000000000000003 9.8 0 2.6 0 7.800000000000001 12 1.8 18.400000000000002 0 2 0 6.800000000000001 0 0 0.2 0 0 0 0 0 0 0 0 0 0 0 0 0 0 0 0 0.4 0 0 0 0 0 0 0 0 0 0 0 0 0 0 0 0.4 0 0 0.4 0 0 0 0 0 0 0 0 0 0 14.8 0 0 0 0 1.6 0 0.2 0 0 0 0.4 0 0 0 0 0 0 0 0 0 0 0 0 0 0 0 0 0 0 0 0 0 0 0 0 3.8000000000000003 0 0 0 0 
 0 0 0.4 15 21.400000000000002 5.2 0 0 0 0 0 0 0 0 1.2000000000000002 15.4 0 0 0 0.4 79.80000000000001 21 18.400000000000002 28.6 8.4 53.2 56.2 0 26.400000000000002 21.6 8.8 10.200000000000001 85.60000000000001 40.6 85.2 7 6 21.8 13 60.800000000000004 0 0.6000000000000001 0 0 0 0 0 0.6000000000000001 0 0.4 0 5.6000000000000005 0 0.6000000000000001 0.4 0.6000000000000001 0 0 0.2 0.6000000000000001 0.6000000000000001 0 0 0 0 0.6000000000000001 0 0 0 0.2 0 0 0.6000000000000001 0.6000000000000001 0.4 0 0.6000000000000001 0 1.4000000000000001 0 0 0 0 0 5.6000000000000005 0 0 0 0 0 0 0 0 0 0 0 0 0 0 0 0 1.4000000000000001 10.200000000000001 0 0 0 2 2.4000000000000004 4 1.8 3.2 0 0.2 2 3.4000000000000004 7.2 0 6.6000000000000005 0 0 0 0 0 0 0 0 0 0 0 0 0 0 1.6 0 0.8 0 0.4 0 0 2.2 0 0 2.6 0 0 0.2 0 0 0 0 0 0 0 0 0 0 0 0 0 0 0 0 0 0 0 2.2 0 0 0 0 0 0 0 0 0.2 0 0 0.2 0 0 8.4 3.4000000000000004 0.2 1.8 0 0 1.8 5.4 6.2 2.6 0.6000000000000001 0 11.8 11.200000000000001 3.8000000000000003 1.6 0 2.6 8.8 0 0 0 0 0 0 0 0 0 0 0 0 0.4 0 0 0.4 0.6000000000000001 0 0 0 0 0.2 0 0.2 0 0.2 0 0 0 0 0 0 0 0 0.4 0 0 0 0 0 0 0 0 0 0 0 0 0 0 0 15.200000000000001 0 0 0 0.2 3.4000000000000004 0 0.4 0 0 0 0.8 0 0 0 0 0 0 0 0 0 0 0 0 0 0 0 0 0 0 0 0 0 0 0 0 1.8 0.2 0 0 0.4 
 0 0 0 0.4 0 0 0 0 0 0 0 0 0 0 1 0 0 0 0 0 40.2 36.4 13.600000000000001 87.2 25.6 12.4 11 26.400000000000002 0 116.80000000000001 7.2 46.800000000000004 62.2 51.800000000000004 63.400000000000006 26.200000000000003 15.4 37 52.800000000000004 64.4 0 13.600000000000001 0.2 0 0 0.4 0 0.6000000000000001 0 0.4 0 0 0 0.8 0.6000000000000001 0.6000000000000001 0 0 12.4 1.8 0.6000000000000001 0 0 0 0 0 0.2 0 1.6 0 0 0 0.6000000000000001 1.4000000000000001 0.4 0 0.6000000000000001 0 0 0 0 0 0 0 0 0 0 1.8 0 0 0 0 0 0 0 0 0 0 0 0.4 0 1.6 1.8 1 2.4000000000000004 3.4000000000000004 0 4.6000000000000005 7.6000000000000005 2 3.4000000000000004 3.2 0 2.2 5.4 1.8 0 6.4 0 0 0.2 0 0 0 0 0 1.8 0 0.2 0 0 0 2.2 0 0 0 0 0 1.4000000000000001 9 0 0 0 0 0 0 0 0 0 0 0 0 2.6 0 0 0 0 0 0 0 0 0 0 0 0 0 0 0 0 6 0 0 0 0 0 0 0 0 0 0 0 0 1.6 2 3 9.200000000000001 0.2 6.4 0 8.4 0.2 2.2 3.4000000000000004 0 1.6 6.4 1.8 6 0.2 0 0 0.6000000000000001 0 0 0 0 1.6 0.2 0.2 0 0 0 0 0 2.4000000000000004 0 0 0.4 0.4 3 0 0 0 0 0 0 0 0 0 0 0 0 0 0 0 2.2 0 0 0 0 0 0 0 0 0 0 0 0 0 0 0 0 0 0 1.6 0.2 0.4 15.4 15 0 0 0.2 0 0 0 0 0 0 0 0 0 0 0 0 5.2 0 0 0 0 2.4000000000000004 0 0.2 0 0.2 0 0 0 0 0 0 
 15 0 0 0.4 0.2 0.2 0 0.2 0 0.2 0 0 0 0 1 0 0 0 0 0.2 9.200000000000001 9.4 29.200000000000003 70 34 7.6000000000000005 9 21.6 116.80000000000001 0 40.400000000000006 15.600000000000001 14 80.2 49 35.4 26.8 38 35.2 16.8 5.2 0.6000000000000001 0 0 0 0 0 0.6000000000000001 0 0.2 0 0 13.8 0.6000000000000001 0.4 0.6000000000000001 0 0 12.8 13.200000000000001 0.6000000000000001 0 0 0 0 0 0 0 0.4 0 0 0 0.6000000000000001 0.6000000000000001 0.4 0 0.6000000000000001 0.2 0 1 0 0 0 0 0.2 0 0 0.2 0 0 0 0 0 0 0 0 0 0 0.6000000000000001 0.2 0 3.4000000000000004 3.8000000000000003 3.6 3.6 11.200000000000001 0 6.4 8.4 7.4 3.8000000000000003 6.2 0 2.8000000000000003 4.2 1 1.2000000000000002 0 0 2 5.4 0 0 3.4000000000000004 0 0 0 0 0 0 0 0.4 5.800000000000001 7.2 0 0 1.2000000000000002 0 3.2 4.2 0.2 0 0 0 0 0 0 1.2000000000000002 0.4 0 0 0.6000000000000001 0 0 0 0 0 0 0 0 0 0 0 0 0 0 0 0 0 0 0 0 0 0 1.2000000000000002 0 0 0 0 0 0 0 4 3.6 1.8 8.8 0 0.2 0 0 7.2 3.6 0 1.8 0 0.2 5.4 1.4000000000000001 0 0 0 5.800000000000001 0 0 0 0 0.4 0.2 0 0 0 0 1.4000000000000001 4.6000000000000005 0 0 0 0 0 0 0 0 0 0 0 0 0 0 0 0 0 0 0 0 0 0 0 0 0 0 0 0 1.2000000000000002 0 0 0 0 0 0 0.2 0 0 0 0.6000000000000001 2.4000000000000004 0 0.8 16.8 0.2 0.4 0 0.4 0 0 0 0 12.4 0 0 0 0 0.2 0 0 0 0 0 0 0 0 0 8 0 0 0 0 0 0 0 0 
 0.4 0.4 0.4 0.4 0.4 0.4 0.4 0.4 0.4 0.4 0.4 0.4 0.4 0.6000000000000001 0.6000000000000001 0.4 0.4 0.8 0.4 1 62.400000000000006 9.200000000000001 14.200000000000001 52.400000000000006 61.400000000000006 36 48 8.8 7.2 40.400000000000006 0 83.2 52.2 27 55.6 32.800000000000004 23.400000000000002 39.2 27.200000000000003 52.400000000000006 13.600000000000001 0.6000000000000001 0 0 0.8 0 13.8 13 0 0 0 0 21.400000000000002 0.6000000000000001 0.4 0.6000000000000001 0 0 0.4 0.8 0.6000000000000001 0 0 0.2 0 0 0 0 0 0.2 0 0 0.6000000000000001 1 0.4 0 0.6000000000000001 0 0 0.6000000000000001 0 0 0 0 0 0 0 0 0 0 0 0 0 0 0 0 1.2000000000000002 0 0 0 0 0 2.4000000000000004 4.6000000000000005 7 3.4000000000000004 0 0 0 0 4.4 2.8000000000000003 0 0 1.6 0.4 0 1.2000000000000002 0 0 5.800000000000001 0.8 0 1.6 0 0 5.6000000000000005 0 0 2.2 0 0 5.4 1.8 3.8000000000000003 0 5.2 3.6 6.800000000000001 3.6 0 0 0 0 0 0 0 0 0.4 0 0 0 0 0.4 0 0 0 0 0 0 2 0 0 2.4000000000000004 0 0.6000000000000001 0 0 0 0 0 0 0 0 0 0.4 0 0 0 0 6.2 0 2.8000000000000003 4 3.8000000000000003 3.6 0 2 0 2.4000000000000004 0 3.2 0 0 0 0 3.6 2.6 2.2 0 4.2 5 0.2 0 0 0 4.6000000000000005 0 0 0.6000000000000001 0 0 2.6 2.8000000000000003 4.6000000000000005 0 0 1.8 6.800000000000001 0 0 0 0 0 0 0 0 0 0 0 0 0.4 0 0 0 0 0 0 0 0 0 0 2.2 0 0 0 0 0 0 0 0 0 0 0 3.4000000000000004 0.8 0.4 0.4 0.6000000000000001 0.4 1.2000000000000002 0 0 0 0 0 1.4000000000000001 0 0 0 0 0 0 0 0 0 0 0 0 0 0 2.4000000000000004 0 0.4 0 0 0 0 0 0 
 0 0.4 0 0.2 0.2 0 0 8.6 0.2 0 0 0 0 0 0.8 0.2 0 0 0 0.2 48 7.6000000000000005 7.2 48.400000000000006 49.400000000000006 37 6.2 10.200000000000001 46.800000000000004 15.600000000000001 83.2 0 9.4 6.6000000000000005 5.6000000000000005 22.400000000000002 17.2 26.6 6.6000000000000005 24.8 6.2 13 12.600000000000001 0 0 0 0 0.6000000000000001 0.2 0 0 0 24.8 11.600000000000001 13 0.6000000000000001 0 0.2 13.200000000000001 13 0.6000000000000001 0 0.2 0 0 0 0 0 0.2 0.4 0 0 0.6000000000000001 0.6000000000000001 0.4 0.6000000000000001 0.6000000000000001 0 0 0 0 0 0 0 0 0 0.4 0 0 0 0 0 0 0 0 0 0 0 0 0 0 0.6000000000000001 0 4.4 4.6000000000000005 5.6000000000000005 0 0 0 2.8000000000000003 0 5.6000000000000005 0 0 0 0.2 0 0 0 0 6.800000000000001 2.4000000000000004 6.800000000000001 3.8000000000000003 0 0 2.8000000000000003 3.2 2.4000000000000004 2.6 0 0 1.8 4.2 3.8000000000000003 3 1.6 3.4000000000000004 3.2 0.2 0 0 0 0 0 0 0 0 0 0 0 1.2000000000000002 0 0 0 0 0 0 0 0 0 0 1.2000000000000002 0 0 0 0 0 0 0 0 0 0 0 0.4 0.4 0 0 0 0 0 0 0 0 3.4000000000000004 5 0 0 0 0 1.2000000000000002 4.4 0 0 0 2 0 12.8 0 0 5.4 0 3.4000000000000004 0 0 0 0 0.2 2.4000000000000004 3.2 2.6 0.2 0 2.2 3 0 1.4000000000000001 5.4 7.800000000000001 7.4 0 0 0.2 0 0.4 0 0 0 0 0 0 0 0 0 0 0 0 0 0 0 0 0 0 0 0 0 0 0 0 0 0 0 0 0 1.2000000000000002 0.2 0 31.200000000000003 0 2.8000000000000003 0.2 4.4 0 0 0 4 2.2 0 0 0 0 0 0 0 0 0 0 0 0 0 0 2.8000000000000003 0 0 0 0 0 0 0 0 
