 0 35 9.600000000000001 90.2 14 48.400000000000006 15.200000000000001 19.200000000000003 50.400000000000006 7.6000000000000005 22 6.800000000000001 69.2 19 46.2 87.60000000000001 34.2 9.200000000000001 30.8 60.2 0 0 0 0 0 0 0 0 0.4 0.6000000000000001 0.2 0.6000000000000001 0 0 0 0.2 0.2 0 0.2 0.6000000000000001 0 0 0.4 0.6000000000000001 0 0.6000000000000001 0 0.4 0 0 0.8 0 0 0 0 0 0 0 0 0 0.2 0 0.4 0 0.6000000000000001 0 0.6000000000000001 0 0 0 0 10.200000000000001 0 0.6000000000000001 0 0 0 0 0.6000000000000001 0.6000000000000001 4 4.4 0.2 2.4000000000000004 0 0 4.2 2.4000000000000004 6.2 2.6 0 0 4 2.8000000000000003 2 9.8 2 2.4000000000000004 4.4 6.2 0 0 0 0 0 0 0 0 0 0 0 0 0 0 0 0 0 0 0 0 0 0 0 0.4 0.4 0 0 2.2 0.2 0 0 0 0 0 0 0 0 0 0 0 0 3.2 0 0 0 0 0 0 0 0 0 0.2 0 0 0 0 0 0 0 0 8.8 2.4000000000000004 0 2.4000000000000004 0 0 0 9.200000000000001 0 0.2 0 2.2 6.6000000000000005 6.2 1.2000000000000002 2 7 0 0 4.6000000000000005 0 0 0.4 0 0 1.6 0.2 0 0 0 0 0 0 0 0 0 0 0.2 0 0.4 0 0 0 0 0 0 2.8000000000000003 0 0 0 0 0 0 0 0 0 0 0 0 0 0 0 0 0 0 0 0 0 0 0 0 0 1.8 0 0 0 0 0 0 0 0 0.2 0 0 0 0 0 0 0 0 0.4 1 0 0 0 0 0 0 0 0 0 0 0 0 0 0 0 0 0 0 0 0 0 0 0 4 0 0 0 0 0 0 0 0 0 0 0 0 0 0 
 35 0 61.400000000000006 11.4 81.80000000000001 10.600000000000001 21.400000000000002 36.800000000000004 5.2 9.200000000000001 7.800000000000001 9.600000000000001 8.4 53.2 20.6 8.200000000000001 25.8 9.200000000000001 7.2 7.4 0 0 0 0 0 41 41 0 0 0.8 0 41.800000000000004 0 0.8 0 0 1 0.2 0.2 0.6000000000000001 0 0 0 0.6000000000000001 0 0.6000000000000001 0 0.4 0 0 0.8 0 0 0 12.600000000000001 0 0 0 0 0 0 0 0.4 0 0.6000000000000001 0 0.6000000000000001 0 0 0 0 0.4 0 1.4000000000000001 6.6000000000000005 0 0 0 0.8 0.6000000000000001 0 1.4000000000000001 2.8000000000000003 0 1.6 0 2.4000000000000004 0 4.2 2.8000000000000003 3.6 0 0 2.2 6.4 4.6000000000000005 3 1.8 1.8 0 0 0.2 0 0 8.200000000000001 0 0 2.4000000000000004 0 0 0 0.4 0 0 0 0 0 0 3 0 0 0 0 0 0 0.4 0 0 0 0 0 0 0 0 0 0 0 0.2 0 0.4 0 0 0.2 0 2.4000000000000004 0 0 0 0.2 0 0 0 0 0 0 0 0 0 0 0 4 2 2 0 0 0 2 0 0 0 2.8000000000000003 0 3.6 0 6.4 0 11.8 0 0 0.2 0 2.8000000000000003 0 0 0 0 0 0 0.4 0 0 0 0 0 0 0 0 0 3.2 2.6 0 0 0 0 0 0 0 0 0 0.4 0 0 0 0 0 2 0 0 0 0 0 0 0 0 0 0 0 0 0 0.4 0 0 0 0 0 0 0.4 0 0 0 0 1.8 0 0 0 0.2 17.6 0 0.4 0.2 0 2.8000000000000003 0 0 0 0 0 0 0 0 0 0 0 0 0 0 0 0 0 0 0 0 0 0 0 2.2 0 0 0 0 0 0 0 0 0 0 0 0 0 0 
 9.600000000000001 61.400000000000006 0 22.6 46.800000000000004 34 28.6 25.6 23.400000000000002 32.6 6.2 27.400000000000002 74.2 26.6 10.8 11.200000000000001 84 53.6 23.200000000000003 8.8 0 0 0.2 0 0 0 0.2 0 0 1 0 0.6000000000000001 15.4 0.2 0 0 0.2 0 0.6000000000000001 16 0 0 0.8 0.6000000000000001 0 0.6000000000000001 0 0.4 0 0 0.6000000000000001 0.4 7.2 13 0.2 0 0.2 0 0 0 0 0 1.4000000000000001 0 0.6000000000000001 0 0.6000000000000001 0 0 0 0 0.4 0 0.4 0.2 0 0 0 0.4 0.6000000000000001 0 7.6000000000000005 8.8 1.8 0 4 0 3 2 5.4 7.6000000000000005 6.2 0 0 0.6000000000000001 3.2 3.8000000000000003 6.6000000000000005 0 2.8000000000000003 0 0 0 0 0 0 2 4 0 0 0 0 4.2 4 0.2 0 0 0 4.800000000000001 7.2 0.4 0 0 0 0 0 0 0 0 0 0 0 0 0 0 0 0 0 0 0 0 0 0 0 0 0 0 0 0.4 0.4 3 0 0 0 0 0 4.2 0 0 0 7.800000000000001 0 2.6 0 0.2 4.2 0 0 0.2 4.2 1.8 0 0.4 0.2 2 0 1.6 0 0 0 5.2 3.4000000000000004 0 0.6000000000000001 0 0 3.8000000000000003 0 0 0 0 0 12.4 0.2 0.2 0 0 0 6.4 0 0 0 0 0 0 0 0 0 0 0 0.4 0 0 2.2 0 0 0 0 0 0 0 0 0 0 0 0 0 0 0 0 0 0.2 0 0 0 0 0 0 0 0 0 0 0 0 0 0 18.2 0.4 0 0.4 2 2.2 0 0 0 0 0 0 0 0 0 0 0 0 0 0 0 0 0 0 0 0 0 0.4 0 3.2 0 0 0 0 0 0 0 0 0 0.2 0 0 0 0 
 90.2 11.4 22.6 0 31.200000000000003 10.4 42.6 35.4 101.80000000000001 66.2 53 28.6 11.600000000000001 17.2 30.6 50 26.8 32 18.6 38.800000000000004 0.4 0 0.6000000000000001 0.4 0 0 0 0 0.4 1 0 0.6000000000000001 0 0.6000000000000001 12.600000000000001 0 0.2 0 19.8 15.8 0 0 0.4 1 0.4 0.6000000000000001 0 0.4 0 0 0.6000000000000001 0 0.6000000000000001 0 0 0 0 0.6000000000000001 0 0 0 0 0.4 0.6000000000000001 0.6000000000000001 0 0.6000000000000001 0 0 0.4 0 0.4 0.2 0.4 11.200000000000001 0 0 0 2.2 7.4 0.4 7 5.6000000000000005 10.8 0 2.6 0 8.8 0 0 4.800000000000001 0.2 6.800000000000001 0 0 0 0 7.4 0 3 0 3.2 2.4000000000000004 0 0 0 0 2 0.2 0 0 0.2 0 1 0 3.6 0.2 0 6.6000000000000005 1.8 0 0 0 0 0 0.4 0 0 0 0 0 0 0 0 2 0 0 0.2 0 0.4 0 0 0 0 0 0 0 0 0 0 0 0 0 0 0 0 0 0 0 0 4 0 1.4000000000000001 0 2 6.800000000000001 0 0 1.8 2.4000000000000004 3.4000000000000004 4.6000000000000005 0 2.4000000000000004 0 2 0 1.8 0 2.6 1.6 0 0.4 2.8000000000000003 0 0 4.2 0 0.4 0.2 0 2.8000000000000003 0.2 0 0 0 0 0 0.2 1.4000000000000001 0 0 0 0 0.2 0 0 0 0 0.4 0 0.2 0 0 0 0 0 2 0 0 0 0 0 0 0 0 0 0 0 0.4 0 0 0 0 0 0 2.4000000000000004 0 0 0 0 0 0 0 0 0 0.2 0.4 0.4 9.200000000000001 1.8 1.2000000000000002 0 0 0 0 0 0 0 0 0 0 0 0 0 0 0 0 0 0 0 0 0 0 0 0 0 0 0 0 0 0 0 0 0 0 0 0 0 0 
 14 81.80000000000001 46.800000000000004 31.200000000000003 0 14.600000000000001 20.8 59.400000000000006 19.200000000000003 86.80000000000001 80 26.200000000000003 14.200000000000001 93.80000000000001 59.400000000000006 35 30.6 12.600000000000001 10.4 16.400000000000002 15.600000000000001 0 0.4 0 2.2 0 0.6000000000000001 8.8 0 16.6 0 0.6000000000000001 0 18.6 14.600000000000001 0 0.4 0 30.6 15.8 0 0 0 0.6000000000000001 13 1 0 0.4 0 0 1 0.4 0 0 6.2 0 0 0 0 0 0 0 0.6000000000000001 0 0.8 0 0.6000000000000001 0 0.4 0 0 8.200000000000001 0.2 0.4 1 0 0 0 0 0.6000000000000001 0 5 4.2 5.800000000000001 1.4000000000000001 0 0 2.8000000000000003 1.4000000000000001 2.4000000000000004 5.2 5.4 0.2 0 4.4 0 0.4 3.6 0 2.8000000000000003 0.2 2.6 0.4 0.4 0 0 1.8 6 2.6 0 5 0 0.2 9.8 0 0 0.4 0 3.4000000000000004 1.8 0 0 0 0 0 0 0 0 0 0 0 0 0 0 0 2.4000000000000004 0 0.2 0 0 0 0 0.2 0 0 0 0 0 0 0 0.8 0.4 0 0 0 0 0 0 0 0 6.6000000000000005 0 7.2 0 1.8 0 0 0 0.2 5 0 3.2 0 0 3 0 3 0 0 3.4000000000000004 3.8000000000000003 0.2 1.8 0 0 0 2 0.2 0 1.8 0 3 3.4000000000000004 0 0 1.4000000000000001 0 0.2 5.6000000000000005 0 0 0 0 0 0 0 0 0 0 0 0 0 0 0 0 0 0 0 0 0 0 0 0 0 0 0 0 0 0 0 0 0 0 0 0.2 0 0 0 0 0 0 2.2 0 0 0 0.6000000000000001 35.800000000000004 0 0 0.4 1.8 3 0 0 15 0 0 0 0 0.2 0 0 0 0 0 0 0 0 0 0 0 0 0 0 0 0 0 0 0 0 0 0 0 0 0 0 0.2 0 0 0.2 
 48.400000000000006 10.600000000000001 34 10.4 14.600000000000001 0 7.4 9 30.6 15.8 32.4 22.400000000000002 3.6 14.200000000000001 11.8 65.4 33.2 11 12.8 9.4 15.600000000000001 0.4 0 0.4 0 0 30 3.4000000000000004 34.6 0.8 14.8 0.6000000000000001 30.200000000000003 17.400000000000002 15 0 0 0 29.8 15.600000000000001 0 0 1 0.6000000000000001 0 0.6000000000000001 0 0.4 0 0 0.4 1 0 0 0 0 0 0.2 0 0 0 0 0.6000000000000001 0 0.4 0 0.6000000000000001 0 0 0 0 0.4 0 0.4 7.4 0.8 0 0 0 0.6000000000000001 0 5.800000000000001 5 2.6 5.800000000000001 0.4 0 0 0 8.200000000000001 2 2.8000000000000003 0 0 0 0 6.2 0 0 0 2.4000000000000004 0 3 0 0 0 2.6 0 0 0 0 0 7.4 3.4000000000000004 13 2.4000000000000004 0 0 3 4.6000000000000005 0 0 0 0 0 0 0 0 0 0.2 0 0 0.2 0 0.2 0 0 0 0 0 0.2 0 0 0 0 0.4 0 0 0 0 0 0 0 0 0 0 1 0 0 0 0 5.2 3.4000000000000004 4 1.8 0.6000000000000001 2 1 0.6000000000000001 1.2000000000000002 4.800000000000001 5.6000000000000005 0 0 2.6 4 0.4 0.6000000000000001 0 0 5 1.6 2 0 0.4 0 0 1.4000000000000001 0.8 0 3.8000000000000003 0 7.800000000000001 4.800000000000001 0.2 3.6 0 0 4.6000000000000005 4 0 0 0 0 5.2 0 0 0 0 0 0 0 0 0 0 2 0 0 0 0 0 0 0 0 0 3.6 1.2000000000000002 0 0 0 0 0 0 0 0 0 0 0 0 0 0 0 0 0 0 0 17.8 0.2 17.8 1 0 2.4000000000000004 0.4 0 0 0 0 0 0 0 0 0 0 0 0 0 0 0 0 0 0 0 0 0 0 0 0 0 0 0 0 0 0 0 0 0 0 0 0 0 
 15.200000000000001 21.400000000000002 28.6 42.6 20.8 7.4 0 61.400000000000006 35.6 59.800000000000004 27.200000000000003 47.6 30.8 10 14.8 5.4 19.8 7.800000000000001 32.2 10 0 1.2000000000000002 3.2 19.6 0 0 0 0 0.6000000000000001 0.8 40.400000000000006 1 0 0 0 0 0.4 0 0 0.6000000000000001 0 0 0 2.6 0 0.6000000000000001 0 1 0 0 0.8 0 0 0 0 0.4 0.2 0.2 0 0 0 0 0.6000000000000001 0.2 0.6000000000000001 11 0.6000000000000001 0 0 0 0 0.4 0 0.4 0.6000000000000001 0 0 0 0 7 2.4000000000000004 3.2 7.2 0 0 0 2 2.2 3.8000000000000003 0.4 0 3 2.8000000000000003 9 3.8000000000000003 2.4000000000000004 0 8.8 4.800000000000001 2.2 0 0 0 0 0 0 0 0 0 0 0 0 0 0 0 0 0 0 0 0 0 0 0 0 0 0 0 0 0 0 0.4 0 0 0 0 0 0 0 0 0 0 0 0 0 0 0 0 0 0 0 0 0 0 0 0 0 0 0 0 0 3 1.4000000000000001 4 0.2 3.2 0 0.8 0 0 2 1.8 0 0.2 2.2 2.6 4.6000000000000005 0 2 5 0 0 0 0 0 0 0 0 0 0 0.2 0 0 0.2 0 0 0 0 0 0 2 0 0 0 0 0 0 0 0 0 0 0 0 0 0 2 0 0 0 0 0 0.2 0 0 0 0 0 0 0 0 0 0 0 0 0 0 0 0 0 0 0 0 0 0 0 0 0.2 0 0.2 0 0 1.2000000000000002 2.8000000000000003 0 0 0 0 0 0 0 0 0 0 0 0 0 0 0 0 0 0 0 0 0 0 0 0 0 6.2 0 0 0 0 0 0 0 0 0 0 0 0 
 19.200000000000003 36.800000000000004 25.6 35.4 59.400000000000006 9 61.400000000000006 0 63 13.4 23.6 8 57.2 78.60000000000001 27.8 64 41.6 8.4 78.2 89.2 0 0 0 0 0.2 0 0 0 0.4 0.6000000000000001 0.2 0.6000000000000001 0 0.2 0 0 0.2 0.4 0 0.6000000000000001 0 0 0.4 0.6000000000000001 0 0.6000000000000001 0 0.4 0 0 0.4 0 0 0 0 0 0 0 0 0 0 0 0.4 0 0.6000000000000001 0 0.6000000000000001 0.6000000000000001 0 0 0 0.4 0 0.4 1.2000000000000002 0 0 0 0.4 0.6000000000000001 0 0.2 4 1.6 3.6 0 4.2 2.2 7 0.2 0.2 0 2.4000000000000004 2 2.2 3.2 4 4.4 7.6000000000000005 1.8 0 0 0 0 0 0 0 0 0 0 0 0.8 2 0 0 0 0 0 3 0 0 0 0 0 0 0 0 0 0 0 0 0 0 0 0 0.4 0 0 0 0 0 0.8 0 0 0 0 0 0.4 0 0.2 0 0 0 0 0 0 0 0 0 0 1.8 10.200000000000001 3.4000000000000004 3.4000000000000004 0 0 2 12.600000000000001 0 0.4 0 0 0.4 3.8000000000000003 2.8000000000000003 2 0 0 5.2 0.2 0 0 0 0.2 0 0 3.4000000000000004 0 0 0 0 0 0 0.2 0 0 0 0 1.8 3.8000000000000003 0.4 0 0 0 1.8 0 0 0 0 0 0.2 0 0 0 0 2 0 0 0 0.2 0 0 0 0 0 0 0 0 0 0 0 0.4 0 0 0 0 0 0 0 3 0 0 0 0 0 0.6000000000000001 0.4 0.2 0.4 0 0 0.8 0 0.2 0 0.4 0 0 0 0 0 0 0 0 0 0 0 0 0 0 0 0 0 0 0 3 0 0 0 0 0 0 0 0 0 0.4 0 0 0 0 
 50.400000000000006 5.2 23.400000000000002 101.80000000000001 19.200000000000003 30.6 35.6 63 0 99.60000000000001 47.2 61 12.8 22.400000000000002 50 95 10 74.60000000000001 15.8 77.60000000000001 0.4 0 0.6000000000000001 0 0.2 0 20.200000000000003 0 1 1.6 0.4 0.6000000000000001 26.6 0 0.2 0 0 0.4 0 15.4 0 0.4 0.4 0.6000000000000001 0 0.6000000000000001 0 1 0 0 0.4 1.4000000000000001 0.4 0 0 0 8.6 0 0 0 0 0 0.4 0 0.6000000000000001 0 0.6000000000000001 0.4 0 0 0 1 0 0.8 7.6000000000000005 0 0.6000000000000001 0 0.2 0.6000000000000001 2 0 10 8.6 4.4 4.6000000000000005 0 2.4000000000000004 0 6 3 4.2 0 3.8000000000000003 0.4 0 3.6 2.2 0 0 3.6 2.8000000000000003 0 0 0 0 0.4 0 0 0 0 0 3.8000000000000003 4.2 3.2 3.8000000000000003 0 0 3.8000000000000003 2.8000000000000003 0 0 0 0 0 0 0 0.4 0 0 0 0 0.2 0 0.2 0 0 0 0 0 0.2 0 0 0 0 0 0 0 0 0 0 0 0 0 0 0 0 0 0 0 0 0 3.2 5 9.8 2.4000000000000004 0.2 0 0.4 2.4000000000000004 5.4 5.800000000000001 0 2.6 2.8000000000000003 1.8 0 5.800000000000001 0 0 4.800000000000001 0 0 2 0 0 4.2 0.4 0.2 0 0 0 6 0.2 0.2 0 0 0 0 2.8000000000000003 0 0 0 0 2.2 0 0 0 0.2 0 0 0 0 0 0 0 0 1.8 0 0 0 0 0 0 0 0 0 0 0 0 0 0 0 0 0 0 0 0 0 0 0 0 0 0 0 0 0 0.4 0 0.2 0.6000000000000001 2 2 0 0 0 0 0 0 0 0 0 0 0 0 0 0 0 0 0 0 0 0 0 0 0 2.2 4 0 0 0 0 0 0 0 0 0 0 0 0 
 7.6000000000000005 9.200000000000001 32.6 66.2 86.80000000000001 15.8 59.800000000000004 13.4 99.60000000000001 0 51.400000000000006 55 8 82.60000000000001 19.400000000000002 33.6 23.400000000000002 48.6 15.600000000000001 58.2 0 0 0.4 0 0 0 0 0.4 0.2 1.2000000000000002 0 0.6000000000000001 0 0.4 0.2 0 0.8 0 0 1 0 12.4 0 0.6000000000000001 1.2000000000000002 0.6000000000000001 0 0.4 16.6 0 0.8 0 0 0 18 0.8 0 0 0 0 0 0 0.4 0 0.6000000000000001 0 16 0 0 0 0 0.4 0 0.4 2.2 0 0 0 1.2000000000000002 0.6000000000000001 2.2 3.2 6 0 8 2.8000000000000003 0 5.2 0 1.4000000000000001 3 18.2 0 0.2 3 0 0 5.800000000000001 0.2 2.4000000000000004 3 0 0 0 0 0 0 2.6 0 0 0 0 0 0.6000000000000001 0 0 0 0 0 0 0 0 2.4000000000000004 0 0 0 0 0 0 0 0 0 0 0 0 0 0 0 0 0 0 0 0 0 0 0 0 0 0 0 0 0 0 0 0 0 0 0 0 0 8 0 3.4000000000000004 2.6 0 3.4000000000000004 0 0 0 4.6000000000000005 2.2 2.6 0 1.4000000000000001 3.8000000000000003 0.4 2.8000000000000003 1.8 0 0.2 1.8 0 0 0 0 0 3 0 0 0 0 0.2 2.4000000000000004 0 0 0 0 0 0 0 0 0 0 0 0 0 0 0 0 0 0 0 0 0 0 0 0 0 0 0 0 0 0 0 0 0 0.2 0 0 0 0 0 0 0 0 0 0 2.2 0 0 0 1.8 0 0 0 0.2 17.2 0 0.4 17.6 8 2.6 2.6 0 0.4 0 0 0 0 0 0 0 0 0 0 0 0 0 0 0 0 0 0 0 0 0 0 0 0 0 0 0 0 0 0 0 0 0 0 0 
 22 7.800000000000001 6.2 53 80 32.4 27.200000000000003 23.6 47.2 51.400000000000006 0 49.2 12.200000000000001 19.8 33.800000000000004 30 67.60000000000001 48.800000000000004 7.2 15 0.8 0 0 0 14.600000000000001 41.800000000000004 0 0.2 0.4 1.4000000000000001 0.2 42.400000000000006 0.4 0.8 0 0 1.4000000000000001 0.4 0 0.6000000000000001 0.6000000000000001 13.4 0 0.6000000000000001 0 0.8 0 0.4 0.2 0 2.6 0 0 0.4 12.600000000000001 0 0 0 1 0 0 0 0.6000000000000001 0.2 0.8 1.2000000000000002 0.6000000000000001 0 0 2 2 2.6 0 0.4 5.6000000000000005 0 0 0 0 0.6000000000000001 2 0 3.6 0 5.4 0.4 0 4.2 0 2.2 0.6000000000000001 6 0 2.8000000000000003 1 2.8000000000000003 3.2 4.4 0.2 0.2 4 0 0 0 0 0 0 0 0 0 0 0 2.8000000000000003 0 0 0 0 0 2 0.2 0 0 0 0 0 0 0 0 0 0 0 0 0 2 0 0 0 0 0 0 0 0 0 0 0 0 0 0 0 0 0 0 0.2 0 0 0 0 0.2 0 0 0.2 4.6000000000000005 11.200000000000001 3.4000000000000004 3.2 4.6000000000000005 0.4 0 0 5.6000000000000005 2 0 8 2.4000000000000004 4.4 0 3.2 0.2 0 2.4000000000000004 0 0 0 0 0 0 0 0 0 0 0 0 2 2.2 0 0 0 0 2.6 3 0 0 0 0 0.4 0 0 0 0 0 0 0 0 0 0 1 0 0 0 0 0.2 0 3 0 0 0 0 0 0 0 0 0 0 0 0 0 0 0 2.4000000000000004 0 0 0 3.8000000000000003 0 0 0 0.2 0 0.4 0 0 2.4000000000000004 3 0 0 0 0 0 0 0 0 0 0 0 0 0 0 0 0 0 0 0 0 0 0 0 0 2.8000000000000003 0 0 0 0 0 0 0 0 0 0 0 0 
 6.800000000000001 9.600000000000001 27.400000000000002 28.6 26.200000000000003 22.400000000000002 47.6 8 61 55 49.2 0 51.400000000000006 7.4 7.800000000000001 5.2 83.2 43.800000000000004 52 27.8 0 0.4 0.6000000000000001 0 0.2 0 15 0.4 15 0.8 0.4 0.6000000000000001 15.200000000000001 0.4 0 0 0.2 0 0.6000000000000001 0.8 0 0 0.4 0.6000000000000001 0 0.6000000000000001 0.8 0.4 0 0 0.8 0 1 0 0 0 0 0 0 12.200000000000001 0 0 0.4 0 0.6000000000000001 0 0.4 0 0.2 0 0 0.4 0 0.6000000000000001 0.6000000000000001 0 0 0 1.6 0.4 4.4 2.6 3.8000000000000003 0.2 0 3.2 0 2.4000000000000004 2.8000000000000003 4 4 9.8 0 1.6 1.4000000000000001 0.6000000000000001 0 2.8000000000000003 0 8.4 5.6000000000000005 0 1.4000000000000001 0 0 0 0 0.6000000000000001 0 0 0 0 2.8000000000000003 2.2 4.2 0 0 0 0 4 0.4 0 0 0 0 0 0 0 0 0 0 0 0 0 0 0 0 0 0 0 0 0 0 0 0 0 0 0 0.4 0.4 0 0 0 0 0 0 0 0 0 0 2.6 0 3.8000000000000003 2.6 3.6 0.2 0.8 0 0 5.2 8.6 2.2 0.8 1.4000000000000001 2 0 0.2 6.800000000000001 0 8 7.4 0 0 0.4 0 0 4 0 1.6 0 0 0 2.4000000000000004 0 1.6 0.2 0 0 0 5.4 0 0 0 0 0 0 0 0 0 0 0.2 0 0 0 0 0 0 0 0 0 0 0 0 0 0 0 0 0 0 0 0 0.2 0 0 0 0 0 2 0 0 0 0 0 0 0 0.2 0.8 0 0 34.800000000000004 1.4000000000000001 3.6 2.8000000000000003 0 0.4 0 0 0 0 0 0 0 0 0 0 0 0 0 0 0 0 0 0 0.4 0 0 1.8 1.6 0 0 0 0 0 0 0 0.2 0 0 0 0 
 69.2 8.4 74.2 11.600000000000001 14.200000000000001 3.6 30.8 57.2 12.8 8 12.200000000000001 51.400000000000006 0 76 10.200000000000001 29.400000000000002 49.2 24.8 62.6 7.6000000000000005 0 0 0 0 0.4 0 0 0 0.2 1 0.4 0.6000000000000001 0 0 0 0 0.4 0 0.2 0.6000000000000001 0.6000000000000001 0 0.4 2.2 0.6000000000000001 0.6000000000000001 0 0.4 0 0.4 0.6000000000000001 0.4 0.2 0 0 0 0 0 0 0 0 0 0.4 10.200000000000001 0.6000000000000001 0 0.4 0 0.2 0 0.4 0.8 0 0.6000000000000001 0 0.2 0 0.6000000000000001 0.6000000000000001 0.6000000000000001 6.6000000000000005 4.800000000000001 2 0 0 0 0 0 3 1.4000000000000001 2 0 7 2.6 5.6000000000000005 6.4 0.2 3.2 8.200000000000001 1.2000000000000002 0 0.2 0 0 0 0 0 0 0 0 0 0 0 2.6 0 0 0 0.4 0 0 0 0 0 0 0 0.4 0 0 0 0 0 2.8000000000000003 0 0 0 0 0 0 0 0.4 0 0 0 0 0 0 0 0 0 0 0 0 0 0 0 0 0 0 0 0 1.2000000000000002 2 0 1.8 0 0 3.2 1.4000000000000001 0 0 3.2 0 0 6 0 1 3.2 1.4000000000000001 5 0 0 0 0 0 0 0 0 0 0.4 1.4000000000000001 0 0 0 0 0 0 0 0 0 0 0 0 0 0 0.2 0 0 0 0 0.4 0 0.2 3.2 0 0 0 0 0 0 0 0 0 0 0 0 0 0 0 0 0.4 0 0 0 0.2 0 0 0.4 0 0 0 0 0 0 0 0 0 0.4 0 0 0 0 0.2 0 0 0 0 0 0 0 0 0 0 0 0 0 0 0 0 0 0 0 0 0 0 0 4 0 0.2 0 0 0 0 0 0 0 0 0 0 0 0 
 19 53.2 26.6 17.2 93.80000000000001 14.200000000000001 10 78.60000000000001 22.400000000000002 82.60000000000001 19.8 7.4 76 0 83 94.2 35 35.2 38 42.6 0.2 0.4 0.8 0 0 0.2 0 0 0.4 0.8 0.2 0.6000000000000001 0 0 0 0 0.2 0 0 0.6000000000000001 0 0 0.4 0.6000000000000001 0 0.6000000000000001 0.4 0.4 0 0 0.4 0 13 0 13.4 0 0 0.8 0 0.6000000000000001 0 0 0.6000000000000001 0 0.4 0 0.6000000000000001 0 0 0 0 0.4 0 0.4 0.6000000000000001 0 0 0 0 0.6000000000000001 0 1 2.4000000000000004 0.2 5 0 2.8000000000000003 0 3.6 2.2 0 2.6 0 2 2 2.4000000000000004 0 0 6.6000000000000005 1 0 0 0 0 0 0 0 0.8 0 0 0 0 0 0 0 0 1.6 0 0 0 0 0 0 0 0 0 0 0 0 0 0 0 0 0 0 0 0 0 0 0 0 1.6 0 0.4 0 0.2 0 0 0 0 0 0 1.6 0 0 0 0 0 0 0 2.8000000000000003 5 0.6000000000000001 2.6 0 0 0 8.200000000000001 0 0 0 0 0.6000000000000001 2.8000000000000003 3.8000000000000003 2.2 2.2 0 2 0 0.4 0 0 0.8 0 2.2 0 0 0 0 0 0 0 0.2 0 0 0 0.6000000000000001 0 0 0 0 0 0 0 0 0 0 0 0 0 0 0 0 0 0 0 0 0 0 0 0 0.4 0 0 0 0 0 0 0 0 0 0 0 0 0 0 0 0.4 0.2 0 0.2 0 0 0 0 1.4000000000000001 0 0.4 0.4 0.4 1.2000000000000002 0 0 0 0 0 0 0 0 0 0 0 0 0 0 0 0 0 0 0 0 0 0 0 4 0 0 0 0 0 0 0 0 0 0 0 0 0 0 
 46.2 20.6 10.8 30.6 59.400000000000006 11.8 14.8 27.8 50 19.400000000000002 33.800000000000004 7.800000000000001 10.200000000000001 83 0 20.6 26.400000000000002 10.4 40.400000000000006 55 0.4 0 0.6000000000000001 0.6000000000000001 0.2 41.400000000000006 0.2 0.6000000000000001 0.6000000000000001 1.6 0.6000000000000001 1 0 0 0 0.4 0.4 0 0 1.2000000000000002 0 0 0 2.2 0.6000000000000001 0.6000000000000001 0 0 0 0.2 1 0.6000000000000001 0 1.2000000000000002 0 0 0.4 0 0 1 0 0 0.4 0.6000000000000001 1 0.6000000000000001 0.6000000000000001 0 0.4 0 0.6000000000000001 0.8 0 0.4 0.4 0 0 0.4 0.2 0.6000000000000001 7 2.2 0 0 0.2 0 4.4 7 8.8 0 2.8000000000000003 0 3 4.4 5.6000000000000005 8.4 1.4000000000000001 3.2 2.6 2.2 0 0 0 0 0 0 0 0 0 0 0 0 0 0 0 0 0 0 0 0 0 0 0 0 0 0 0 0 0 0 0 0 0 0 0 0 0 0 0 0 0 0 0 0 0 0 0 0 0 0 0 0 0 0 2.8000000000000003 0 0 0 0 0 3.2 2.2 0.2 5.800000000000001 0 2.8000000000000003 6.4 1.4000000000000001 4.2 2 4 0.4 5.6000000000000005 1.2000000000000002 2 2.8000000000000003 9.600000000000001 2.8000000000000003 0 2.4000000000000004 0 0 0 0 0 0 0.2 0 0 0 2.8000000000000003 0 0 0 0 0 0 0 0 0 0 0 0 0 0 0 0 0 0 0 0 0 0 0 0 0 0 0 0 0 0 0 0 0 0 0 0 0 0.2 0 0 0 0 0 0 0 0 0 0 0 0 0 0 0 0 0 0 0.6000000000000001 0 0 0 2.8000000000000003 0 0 0 0 0 0 0 0 0 0 4.4 0 0 0 0 0 0 0 0 0 0 0 0 0 0 4.4 0 0 0 0 0 0 0 0 0 0 0 0 
 87.60000000000001 8.200000000000001 11.200000000000001 50 35 65.4 5.4 64 95 33.6 30 5.2 29.400000000000002 94.2 20.6 0 43 81.2 21.6 13.4 0.4 0 0 0.4 0.4 0.4 4.6000000000000005 0 0.6000000000000001 1.6 0 1 15.4 0.4 0 0 0.6000000000000001 0.2 0.4 0.6000000000000001 0 0.4 0.4 1.8 1 0.6000000000000001 0 1 0 0.6000000000000001 2.8000000000000003 3.4000000000000004 0.2 0.2 13 0 0.2 0.2 0 0 0.6000000000000001 0 0.4 0 0.6000000000000001 0 0.4 0.4 0.6000000000000001 0 0.4 0.6000000000000001 0.4 0.6000000000000001 0.6000000000000001 0 0 0.6000000000000001 0.6000000000000001 0.6000000000000001 0.4 0 5.6000000000000005 6.6000000000000005 5 0.6000000000000001 0 0 7.2 3.8000000000000003 0 2.8000000000000003 0 2.2 1.6 3 4 0 5.4 1.2000000000000002 2.6 0 0 0 0 0 0 0 0.2 0 0 0 2.8000000000000003 0 0 0 0 0 2 0 0 0 0 0 0 3.8000000000000003 0 0 0 0 0.2 0 0 0 0 0 0.2 0 0 0 2.4000000000000004 0 0 0 0 0 0 0 0 0 0 0 0.4 0 0 0 0 0 0 0 2 3.4000000000000004 3.6 11 0.6000000000000001 2.8000000000000003 0.2 1 2.4000000000000004 3.6 1.8 2 1.8 1 1.6 5.2 0 6.800000000000001 0 2.2 0 0.2 0 0 0 0 0 0 0 0 0 0 2 0 0 0 0 0 2.6 5 0 0 0 0 2.2 0 0 0 0 0 0 0 0 0 0 0.2 1 0 0 0 0.4 0 0 0 0 0 0 0 0 0 0 0 0 0 0 0 0 0 0 0 0 0 0 0 0 0.2 0 0 0.2 0 0 2.2 2.8000000000000003 0.4 0 0 0 0 0 0 0 0 0 0 0 0 0 0 0 0 0 0 0 0 0 1.4000000000000001 3.4000000000000004 0.2 0 0 0 0 0 0 0 0 0 0 0 0 
 34.2 25.8 84 26.8 30.6 33.2 19.8 41.6 10 23.400000000000002 67.60000000000001 83.2 49.2 35 26.400000000000002 43 0 50.800000000000004 3.8000000000000003 7 0 0 0 0.4 0 0 0.6000000000000001 0 0.2 0.8 0 15.4 0 0.4 0.6000000000000001 14.8 1 0.6000000000000001 0 0.6000000000000001 0.6000000000000001 0 0.8 0.6000000000000001 0.2 0.6000000000000001 0.4 0 0.6000000000000001 0 0.8 0.4 0 0 13.200000000000001 0.4 0 0.6000000000000001 0 0 0 0 0.8 0 0.6000000000000001 0 0.6000000000000001 0 0 0 0 0.4 1.4000000000000001 10.600000000000001 0.4 0 0.4 2 0.2 0.6000000000000001 4 4.800000000000001 11.200000000000001 0 7 0 6 2 3.2 0 0 2.8000000000000003 2.8000000000000003 0.6000000000000001 0.2 9.600000000000001 4.6000000000000005 5.2 3 6.4 0 0 0 0 0 0 0 0 0 0 0 0 3 0 0 0 0 0 0 0 0 0 0 0 0 0 0 0 0 0 0 0 0 0 0 0 0 0 0 0 0 0.8 0 0 0 0 0 0 0 0 0 0 0 0 0 0 0 0 0 0 3.4000000000000004 7.2 6.2 2 0 0 1 6.2 0 1.8 0 1.8 1.8 2 6.6000000000000005 2 0 0 0 1.4000000000000001 0 0 0 0 0 0 0 0 0 0 0 0 0 0 0 0 0 0 2.8000000000000003 3.4000000000000004 0 3.2 0 0 0 0 0 0 0 0 0 0 0 0 0 0.8 0 0 0 0 0 0 0 0 0 0 0 0 0 0 0 0 0 0 0 0 0 0 0 0 0 0.2 0 0 0 0.2 0.2 0 0 0 3.2 2.2 0 0 0 0 0 0 0 0 0 0 0 0 0 0 0.2 0 0.2 0 0 0 0 0.2 0 3.4000000000000004 0 0 0 0 0 0 0 0 0 0 0 0 0 0 
 9.200000000000001 9.200000000000001 53.6 32 12.600000000000001 11 7.800000000000001 8.4 74.60000000000001 48.6 48.800000000000004 43.800000000000004 24.8 35.2 10.4 81.2 50.800000000000004 0 26.200000000000003 137.20000000000002 0.6000000000000001 0 0 0 0 41.6 36.4 0.4 0.4 1 1 0.6000000000000001 21.400000000000002 0.2 15.600000000000001 0 0.4 0 14.8 13.8 0 12.8 0.4 1 0 1 0 0.4 0 0 0.4 0.4 0 0.6000000000000001 1.2000000000000002 0.4 0 0.4 0 0 0 0 0.4 0.6000000000000001 0.6000000000000001 0 0.6000000000000001 0 0.8 0.4 0 0.4 0.6000000000000001 0.4 1.6 0.2 0 0 0.6000000000000001 0.6000000000000001 0 0 7.4 7.2 3.2 4.800000000000001 0 0 0.4 1.8 3.4000000000000004 3.6 0.2 0.4 0.4 5.2 3.6 0 2.4000000000000004 1.6 11.4 0 0 0.4 0 0 0 2.2 0 0 0 0 3 2 4.2 6.4 0.2 0 6.800000000000001 0 0 0 0 0 0.4 0 0 0 0 0 0 0 0 0 0 0 0 0 0 0 0 1.2000000000000002 0 0 0 0 0 0 0 0.2 0 0.4 0 0 0 0 0 0.2 0 0 2.4000000000000004 2.4000000000000004 0 9.8 3.4000000000000004 4.2 0 3.2 2.6 3.2 4 6.2 0 0 0.6000000000000001 2 0 3.6 0 0 0.2 0.2 3 3.2 0 0 4 0 0 0.4 0 0 10 0 0 0 0 0.2 0 0 0 0 0 0 2 0 0 0 0 0 0 0 0 0 0 0 0 2 0 0 0 0 0 0 0 0 0 0 0 0 0 0 0 0 0 0 0 0 0 0 0 0 0 0 0.2 0.4 0 0 1 1 0 0.6000000000000001 2 0 0 0 0 0 0 0 0 0 0 0 0 0 0 0 0 0 0 0 0 0 0 2.8000000000000003 4 0 0 0 0 0 0 0 0 0 0 0 0 0 
 30.8 7.2 23.200000000000003 18.6 10.4 12.8 32.2 78.2 15.8 15.600000000000001 7.2 52 62.6 38 40.400000000000006 21.6 3.8000000000000003 26.200000000000003 0 36.6 0 0 0.2 14.8 0 0 0 0 0.2 0.8 0 0.6000000000000001 0 0 0 0 0.2 0 0.2 0.6000000000000001 0 0 0.4 0.6000000000000001 0 0.6000000000000001 0.2 0.4 0 0 2.4000000000000004 0 0 0 0 0 0 0 0 0.8 0 0 0.8 0 0.6000000000000001 10.4 0.6000000000000001 0 0 0 0 0.4 0 0.4 0.2 0 0 0 0.4 1 2.2 2.2 1.8 0 0 0 2 3.2 6.6000000000000005 0 0 0 4.2 1.2000000000000002 3.2 3.8000000000000003 0 0.4 3.6 5.6000000000000005 0 0 0 0 0 0 0 0 0 0 0 0 0 0 0 0 0 0 0 0 0 0 0 2.4000000000000004 0 0 0 0 0 0 0.4 0 0 0 0 0 0 0 0 0 0 0.2 0 0 0 0 0 0 0 0 0 0 0 0 0 0 0 0 0 0 12.200000000000001 0.2 0 2.2 0 0 3.6 8.200000000000001 3.2 0 0 0 0 5.4 0 5.6000000000000005 0.6000000000000001 1.8 2.2 0 0 0 0 0 0 0 0 0 0 0 0 0 0 0 0 0 0 0 0 0 0 0 0 0 0 0 0 0 0 0 0 0 0 0 0 0 0 0 0 0 0.2 0 0 0 0 0 0 0 0 0 0 0 0 0 0 0 0 0 0 0 0 0 0 0 0 0.4 0 0 0.4 0.2 0 2.4000000000000004 0 0 0 0 0 0 0 0 0 0 0 0 0 0 0 0 0 0 0 0 0 0 0 3.4000000000000004 0 0 0 0 0 0 0 0 0 0 0 0 0 0 
 60.2 7.4 8.8 38.800000000000004 16.400000000000002 9.4 10 89.2 77.60000000000001 58.2 15 27.8 7.6000000000000005 42.6 55 13.4 7 137.20000000000002 36.6 0 0 0 0 0.2 0 0 0 0 0.2 1.2000000000000002 0 0.6000000000000001 0 0 0 0 0.4 14.4 0 0.6000000000000001 0 0 0 1 0 0.6000000000000001 0 0.4 0 0 0.8 0 0 0.6000000000000001 0 0 0 0 0 0 0 0 0.4 9.4 0.6000000000000001 0 0.6000000000000001 0 0 0 0 0.4 0 10.4 0.4 0 0 0 0.2 1 3 4.2 4 1.8 2 0 5.800000000000001 8.8 2 0 0 0 11 1.4000000000000001 2.8000000000000003 9 4 2.8000000000000003 3.4000000000000004 5.2 0 0 0 0 0 0 0 0 0 0 0 0 0 0 0 0 0 0 3.2 0 0 0 0 0 0 0 0 0 0 0 0 0 0 0 0 0 0 0 0.4 0 0 0.8 0 0.4 0 0 0 0 0 0 0 0 0 0 0 0 0 0 0 0 1.6 2.4000000000000004 2 3.6 0 0 1.8 3.8000000000000003 5.4 3.6 0 1.8 3.4000000000000004 0 5.6000000000000005 4.6000000000000005 3 5 0 2.8000000000000003 0 0 0 0 0 0 0 0 0 0 0 0 0 0 0 0 0 0 0 0 0 0.2 0 0 1.8 0 0 0 0 0 0 0 0 0.2 0 0 0 0 0 0 0 0 0 0 0 0 0 0 0.2 0 0 0 0 0 0 0 0 0.2 0 0.2 0 2 3.2 0 0 0.4 0.2 0 0 0 0.4 1.2000000000000002 0 0 0 0 0 0 0 0 0 0 1.6 0 0 0 0 0 0 0 0 0 0 0 0 0.4 0 0 0 0 0 0 0 0 0 0 0 0 0 0 
 0 0 0 0.4 15.600000000000001 15.600000000000001 0 0 0.4 0 0.8 0 0 0.2 0.4 0.4 0 0.6000000000000001 0 0 0 32.2 35.2 53.400000000000006 7 35.2 118.80000000000001 60.800000000000004 23 7.2 8 6.2 6.4 19.8 32.4 6 12.200000000000001 63.400000000000006 16.400000000000002 30.400000000000002 0 0 0.4 0 0 1 0.6000000000000001 0 0 0 0 0 0 0 0 0 0 0 0 0 0 0 0 0 0.6000000000000001 0 0 0 0 0 0.2 0 0 0 0.6000000000000001 0 0 0 0 0 0 0 0.4 1.8 3.4000000000000004 2.2 0 0 0 0 0 2.2 0 0 0 0 0.4 0 0 0 0 3.8000000000000003 1.8 0 1.8 0 3.8000000000000003 0.4 4.2 0.2 0 3 5 0.2 14.8 1.6 0 0 0 4 0 0 0 0 0 0 4.2 0 0 0 0 0 7.6000000000000005 0 0 0 0 0 0 0 0 0 0 0 0 0 0 0 0 0 6.800000000000001 0 0 0 0 0 0 0.4 0.2 0 0 0 0 0 0 0 0 0 0 0 0 5.2 0 0 0 0 0 0 0 0 2.2 1.6 0 0 2 2.8000000000000003 0 1.6 1.6 0 1.6 11.4 0.6000000000000001 4 0 0.2 0 4.6000000000000005 5.6000000000000005 3.6 0 0 0.4 0 0 0 0 0 0 0 0 0 0 0 0.6000000000000001 0 0.2 0 0 0.4 0 0 0.2 0 0 0 0 0 0 2.4000000000000004 0 0 0 0 0 0 0 0 0 0 0 0 0 0 0 0 6 0 17.2 0 0 0 0 0 3.2 0 0 1 15.4 0 4.2 0 0 0 0 0 0 0 0 0 0 0.2 0 0 0 0 0 0 0 2 0 0 0 0 0 0 0 0 0 0 
 0 0 0 0 0 0.4 1.2000000000000002 0 0 0 0 0.4 0 0.4 0 0 0 0 0 0 32.2 0 50.6 35 47.6 6.4 60.2 20.6 45.800000000000004 24.8 19.8 6.2 27.6 44.2 9.8 40.800000000000004 24 65.4 33 27.8 0 0 0.2 0 0.2 0 0.6000000000000001 0 0 0 0.4 0 1.2000000000000002 0 0 0 0 0 0 0 1.6 0.2 0 0 0 0 0 0 0 0 0 0 0 0 0.6000000000000001 0 0 0 0 0.2 0 0 0 0 0 0 2.2 0 0 0 0 0 0.4 0 0 0.4 0 0.2 0.2 0 4.6000000000000005 0 2 0 8 2 11.4 5.6000000000000005 4.4 0.2 0.2 13 0 3.2 3.6 2 1.6 2.8000000000000003 2.2 2.8000000000000003 0 0 0 0.4 0 0 3.2 0 0 0 0 0 1.8 0 0 0 0 0 3 0 0 0 0 0 0 0 0 0 0 0 0 0 0 0 0 0 0 0 0 0 0 0 0 0 0 0.2 0 0.2 0 0 0 0 0 0 0 0 0 0 0.2 0 4.2 4.6000000000000005 2 2 7.6000000000000005 1.2000000000000002 6.800000000000001 11.8 2.8000000000000003 0 4 3.2 0 1.8 5 0.8 1.4000000000000001 2.8000000000000003 0 0 0 0 0 0 0 0 0 0 0.2 0 0 1.4000000000000001 0 0.4 0 0 0 0 4.6000000000000005 0 0 0 0 0 0 0 0 0 0 0 0 0 0 0 0 0 0 0 0 0 0 0 0 0 0 0 0 0 0 0 0 0 0 0 0.8 0 0 8.6 26.200000000000003 0 0.4 4.2 0 0 0 0 2.2 0 0 0 0 0 0 0 0 0 0 0 0 0 0 5 0 0 0 0 3.6 0 0 0 
 0 0 0.2 0.6000000000000001 0.4 0 3.2 0 0.6000000000000001 0.4 0 0.6000000000000001 0 0.8 0.6000000000000001 0 0 0 0.2 0 35.2 50.6 0 48.400000000000006 13.600000000000001 16.2 12.600000000000001 21.400000000000002 59.400000000000006 66.60000000000001 7.2 9.600000000000001 10.600000000000001 40 50 75.60000000000001 41.400000000000006 39.400000000000006 7 8.8 0 0 0 0 0 0 16.8 0 0 0 0.4 0 6.2 0 0 0 0 0 0 0 0 0 0 0 0 0 0 0 0 0 0 0 0 0 0.6000000000000001 0 0 0 0.2 0 0 0 2.6 0 0 0 0 0 0 0 0 0 0 0 0 0 0 0 0 0.2 0 5.4 2 2.6 3.2 6 5.4 2.2 4.4 3.4000000000000004 7.4 3 0 2.6 1.6 3.6 3.2 4 0 2.2 1.6 0 0 0 0 0 4 0.6000000000000001 0 0 0 0 4 2.4000000000000004 0 2.6 0 0 4 7 0 0 0 0 1.2000000000000002 0 0.4 0 0 0 0 0.2 0 0.2 0 0 0.2 0 0 0 0 0 0.4 0 0.2 0 0 0 0 0 0 0 0 0 0 0.2 0 0 0 0 0.2 3.2 0.4 9.8 10.4 0 0 1.4000000000000001 8 2.4000000000000004 2 8 1.8 7.2 3.8000000000000003 3.4000000000000004 4.6000000000000005 1 0.4 0 0 0 0 0 0 0 0 0 0 0 0 0 0.2 8.6 2.4000000000000004 0 0 0 3 2.6 0 1.6 0 0 0 0 0 0 0 0 0 0 0 0 0 0 0 0 0 0 0 0 0 0 0 0 0 0 0 0.2 0 0 0 0 2.2 0 0 0.4 9.600000000000001 0.6000000000000001 4.4 0 0 0 0 0 1.4000000000000001 0 0 0 0 0 0 0 0 0 0 0.4 0 0 0 2.6 0 0 0 0.2 2.2 0 0 0 
 0 0 0 0.4 0 0.4 19.6 0 0 0 0 0 0 0 0.6000000000000001 0.4 0.4 0 14.8 0.2 53.400000000000006 35 48.400000000000006 0 26.6 23.200000000000003 74.8 12.200000000000001 16 32.4 25.200000000000003 40.400000000000006 24.6 33.6 18 45.6 21 27 10 27 25 0 0.2 0 0 0 5.2 7.6000000000000005 3.4000000000000004 0 0.2 0.2 26 0.2 13.4 0 0 0 0 14 0 0.2 0 0 0 7.4 0 0 0.2 0 0 0 0 0 0.6000000000000001 0 0 0 0 0 0 0 0 0 0 0 0 0 0 0 0 0 0 0 0 0 0 0 0 0 0 0.2 2 1.8 4 3.8000000000000003 2 3.6 2.8000000000000003 0.2 5.2 0 0 0.2 3.4000000000000004 0 6 0 0 3.8000000000000003 4 2.8000000000000003 4.6000000000000005 0 0 0 6.800000000000001 3.8000000000000003 0 0 0 0 0 1.2000000000000002 1.8 4.2 10.4 0 1.2000000000000002 5.4 0 0 1.8 0 0.4 0 0 0 0 0 0 0 0 0 0 0 0 0 0 0 0.4 0 0.4 0 0 0 0 0 2 0 0 0 1.2000000000000002 0 0 0 1.6 0 0 0 0.4 4.2 0 2.6 6.2 0 0 2.8000000000000003 3 5.6000000000000005 2.6 0.4 0.2 0.2 0.4 0 1.8 0.2 0 0 0 0 0 0 0 0.2 0.2 1 0 0 0 0 5.800000000000001 3.8000000000000003 0 0 2 0 0.8 10.8 0 0 0 0 0 0 0 0 0 0 0 0 0 0 0 0 0 0 0 0 0 0 2 0 0 0 0 0 0 0 0 0 0 0 1 0.4 0.8 0.8 0.8 0.2 0 0.4 0 0 0 0 0.6000000000000001 0 0 0 0 0 0 0 0 0 3.4000000000000004 0 0 0 0 0.2 0 0 0.2 0 2 0 0 0 
 0 0 0 0 2.2 0 0 0.2 0.2 0 14.600000000000001 0.2 0.4 0 0.2 0.4 0 0 0 0 7 47.6 13.600000000000001 26.6 0 33.4 9.4 19.200000000000003 44.800000000000004 44.6 16.8 26.6 13.8 19.200000000000003 12.8 35.800000000000004 9.600000000000001 65.60000000000001 28.8 19.200000000000003 13.4 13 0 0 1.8 0.6000000000000001 0.6000000000000001 4.4 1.2000000000000002 0 1 1.2000000000000002 13.200000000000001 0 0.2 8.8 0.2 0.4 0 0 0 0 0 0.2 0.4 12 0 0 0 0.4 0 0.4 0.4 0 0.6000000000000001 0 0 0.2 0.4 0 0.4 0 0 3.6 0 0 0 0 0.4 0.4 0 0 0 0 0 0 0 0 0 0 0 2.6 2.8000000000000003 0.4 8.6 3.8000000000000003 0 0 3.2 0 8.6 0 0 3.8000000000000003 0 0 11 0.6000000000000001 0 0 4 3 0 3.4000000000000004 6.4 0 2 6.4 3 0 0 0 2.2 0 2.2 0 6 1.8 2.6 0 0 0 0 0 0 0 0 0 0 0 0 0 0 0 0 0 0 0 0 0 0 0 1.4000000000000001 0 1.8 0 0 0 0 0 0 0 1 0 0 0 1.6 0.2 0 0 0 0 1.8 2.8000000000000003 0.6000000000000001 2.2 0 0.2 0 4.2 5 2.8000000000000003 0 0 0 7.2 2.2 0 0 0 2.6 2.2 0 0.4 0.2 0 0 0.2 2.6 0 2.2 0 3.8000000000000003 3.8000000000000003 3 4.800000000000001 2 2 4.2 2.2 0 0 0 0 0 0 0 1.6 0 0 0.4 0 0 0 0 0 0 0 0 0.4 0 0 2.4000000000000004 0 0 0 0 0.2 0 0 0 0 0 0 1.6 0.2 0 0.4 0 0 0.4 0.2 0 0 0 0 0 0 0 0 0.2 0 0 0 0 0 0 0 0 0 0 0 0 0 2.2 0 0 0 0 0 
 0 41 0 0 0 0 0 0 0 0 41.800000000000004 0 0 0.2 41.400000000000006 0.4 0 41.6 0 0 35.2 6.4 16.2 23.200000000000003 33.4 0 8 7.2 18.2 10 29.6 36 25.200000000000003 27.200000000000003 24 10.600000000000001 17.2 37.6 9.8 9.200000000000001 0 25.200000000000003 4.6000000000000005 0 1.6 0 18.8 17.6 12.8 0 0.2 0 4.6000000000000005 0.2 0.2 9.8 0 0.2 12.200000000000001 0 0 0 0 0 0 0.2 0 0 0 0 0 0 0 0 0.6000000000000001 0 0 0 0 0 0 0 0.2 0 0 0 0.4 0 0 0 0 0 0 0 0 0 0.2 0 0 0 0 0 2.2 2.8000000000000003 0.2 2.6 0.2 0.2 2.4000000000000004 2.2 1.4000000000000001 0.2 0 0.4 0 5 9 2.8000000000000003 0 0 0 2.2 0 3.2 0 0 2.6 3.4000000000000004 3.2 0 0 0 2.6 3.8000000000000003 0 3.4000000000000004 0 2 8.4 5.800000000000001 0 0 0 0 1 0 0 0 0 0 0 0.4 0 0 0 0 0 0.2 0.2 0 0 0 0 0 0 0 0 0 0 0 0 0 0 0 0 0 0 0 0 0 0 0 0 0 2 2.4000000000000004 0 2 3.2 0 0 12 0 2 0 0 0.8 1.2000000000000002 0 0 2 4.4 0 0.2 0 0 0 0.2 7.4 4 2.2 0 2.4000000000000004 9.600000000000001 2.8000000000000003 4 0.6000000000000001 5.800000000000001 0 0.4 0 0 0.4 0 0 0 0 0 0 3.6 0 0 0 0 0 0 0 0 0 0 0 0 0.4 0 0 0 0 0 0 0 0 0 0 0 5.4 0 0 16 0 0 0.2 0 0 0 0 2.6 0 0 0 0 0 0.4 0 0 0 0 0 0 0 0 0 0 0 0 1.8 0 0.2 0 0 0 
 0 41 0.2 0 0.6000000000000001 30 0 0 20.200000000000003 0 0 15 0 0 0.2 4.6000000000000005 0.6000000000000001 36.4 0 0 118.80000000000001 60.2 12.600000000000001 74.8 9.4 8 0 76.80000000000001 13.600000000000001 40.800000000000004 21.200000000000003 9 45.400000000000006 32.4 52 16.400000000000002 22.400000000000002 9.200000000000001 13.4 26.400000000000002 0 0 0.4 0 0 0 0.6000000000000001 0 0 0 0.4 0 0 0 0 0 12.4 0 0 0 0 0.2 0.6000000000000001 0 0 0 0 0 0 0 0 0 0 0 0.6000000000000001 0 0 0 0 0 0 0 0.2 7.800000000000001 0 0 0.4 0 0 3.8000000000000003 0.2 0 0 0 0 0 2.2 0 0 0 6.2 0.2 2.2 0 0 0 3.2 3.2 0.2 2.6 3 5.4 0 4 10.600000000000001 11 0 0 0.4 5.4 0 0 0 0 0 0 0 0 0 0 0 0 5.4 0 0 0 0 0 0 0.2 0 0 0.4 0 0 0 0 0 0 0 0 0 0 0 0 0 0 0 0 0 0 0 0 2.2 4.6000000000000005 4 0 0.6000000000000001 1.8 0 8.8 2 0 0 0 4.4 0 3.6 0 0 3.8000000000000003 2.4000000000000004 5 1.6 4.4 2.2 0 5 0 0.6000000000000001 2.6 5.6000000000000005 4 1.8 4.6000000000000005 0 6.6000000000000005 3.6 0 0.4 0 0.4 0 0 0 0 0 0 0 0 0 2.6 2.6 0 0 0 0 4.2 0 0 0 0 0 3 0 0 0 0.4 0 0 0 0 0 0 0 0 0 0 0 0 0 0 0.4 0 0 0 0 0 0 0 0 0 0 0 4.2 0 0 16.400000000000002 0.6000000000000001 0.2 0.2 3.2 0 0 0 0 1.6 0 0 0 0 0.2 0 0 0 0 2.8000000000000003 0 0 0 0 3.6 0 0 0 0 3.4000000000000004 0 0 0 
 0 0 0 0 8.8 3.4000000000000004 0 0 0 0.4 0.2 0.4 0 0 0.6000000000000001 0 0 0.4 0 0 60.800000000000004 20.6 21.400000000000002 12.200000000000001 19.200000000000003 7.2 76.80000000000001 0 76.4 83.60000000000001 49.6 8.4 45.800000000000004 63.2 68.8 5.800000000000001 5.6000000000000005 2.4000000000000004 55 26 0 0 0.4 0.8 0 0 0.6000000000000001 1 0.2 0 0.8 2.2 0 0 1.6 0.6000000000000001 0 3 0 0 1.2000000000000002 0.6000000000000001 0.2 0 0.6000000000000001 0.6000000000000001 0 0.4 0 0 0 0.6000000000000001 1.6 0.6000000000000001 0.4 0 0.6000000000000001 0 0.4 0.4 0 0 0 4.4 6.6000000000000005 4.800000000000001 0 0 0 0 0 0.4 0 0 0 0 0 0 0 0 4.6000000000000005 5 1.6 0 0 0 5.800000000000001 0.2 3.6 3.8000000000000003 4.800000000000001 4 2.4000000000000004 18 4.4 0 1.8 4.800000000000001 2.4000000000000004 0.6000000000000001 0 0 0 0 0 0 0.2 0.4 0 0 0 0 2.8000000000000003 0 0 0 0 0 0.2 0 0 0 0 0 0 0 0 0 0 0 0 0 0 0.2 0 0 0.8 0 0 0 0 0 0 0 2.2 2.8000000000000003 0 0.2 0 0.2 0 2.6 0 0 0 0 0 0 0 0 0 0 7.2 0 0.8 1.8 1.2000000000000002 3.6 0 4.800000000000001 5.4 7.2 0 7.4 1.6 5.2 0 3.6 0.6000000000000001 5.4 0 0 0 0 0 0 0 0 0 0 0 1 0 0 0 0 0 0 0 0 0 0 0 0 0 0 0 0 0 0 0 0 0 0 0 0 0 0 0 0 0 0 0 0 0 0 14.8 0 0.4 0 0 0 0 3.6 2 0.4 0 0 8.200000000000001 0.4 0.2 0 0 0 0 0 0 0 0 0 0 0 0.4 0 0 0 0 0 0 2.2 0 0 0 0 0 0 0.2 0 0 0 
 0.4 0 0 0.4 0 34.6 0.6000000000000001 0.4 1 0.2 0.4 15 0.2 0.4 0.6000000000000001 0.6000000000000001 0.2 0.4 0.2 0.2 23 45.800000000000004 59.400000000000006 16 44.800000000000004 18.2 13.600000000000001 76.4 0 150 8.6 22.8 17 26 52 11 28.8 34.4 17.8 68.8 0 0 0.8 0.2 0 0 0.6000000000000001 0 0 0 0.2 0 0 0 0 0 0 0 0.2 0 0 0.4 0 0 0 0 0 0 0 0 0 0 0 0 0.6000000000000001 0 0 0 0 0 0 0 0 0 0 1.4000000000000001 0 0 0 0 0 0 0 0 0 4.4 0 0 0 0 0 2.6 4.2 0.2 5 0 0 0 0 10 2.4000000000000004 3.4000000000000004 4.6000000000000005 0 0 10.200000000000001 1.6 1.4000000000000001 0.6000000000000001 4.4 0 0.4 0 0 0 0 0 0 0 0 0.2 0 0 2.4000000000000004 0 0 0 0 1.4000000000000001 0 0 0 0 0 0 0 0 0 0 0 0 0 0 0 0 0 0 0 0 0 0 1.8 0 0 0 0 0 0 0.4 0 0 0 0 0 0 0 0 2.2 0 0 1.6 2.4000000000000004 0 0 0 0 3 0.2 4.800000000000001 1.2000000000000002 2.4000000000000004 4.2 0.2 3.4000000000000004 4.2 4.4 2.6 3.6 2.4000000000000004 0 0 0 0 0 0 0 0 0 0 0 0 0 0 0 0 0 0 0 0 0 0 0 0 0 0 0 0 0 0 0 0 0 0 0 0.6000000000000001 0 0 0 0 0 0 0 0 0 0 0.4 0 0 0 0 0 0 0 0 0.4 0.2 0.4 30.200000000000003 0.2 0.6000000000000001 0.4 0.4 0 0 0 0 0 0 0 0 0 0 0 0 0 0 0.2 0 0 0 0 0 0 0 0 0 0 0 0 0.2 
 0.6000000000000001 0.8 1 1 16.6 0.8 0.8 0.6000000000000001 1.6 1.2000000000000002 1.4000000000000001 0.8 1 0.8 1.6 1.6 0.8 1 0.8 1.2000000000000002 7.2 24.8 66.60000000000001 32.4 44.6 10 40.800000000000004 83.60000000000001 150 0 28.8 23.200000000000003 38 20.200000000000003 19.8 61 26.200000000000003 97.2 13.200000000000001 37.800000000000004 0 0.4 13.4 0.6000000000000001 1.4000000000000001 0.4 1 13 0.4 0 0.4 7.800000000000001 0 0.4 0 1.6 0 0.4 0.4 0 0 0.4 0 0 0.4 0 0 0 0 0 0.2 0.2 0 0 0.6000000000000001 0 0 0.6000000000000001 0 0 0.4 0 0 0.2 0.2 0 0 0 0.4 0.4 3.8000000000000003 0 0 0 0 0 0 0 0 0 2.4000000000000004 0.2 4.2 0 4.2 0 1.6 0 20.200000000000003 0 1.8 6.2 2.6 3.6 2.2 0 0.6000000000000001 2.2 0 0 4.800000000000001 0 0 0 0 0 0 0.2 0 0 0 0 1.6 0 0 0 0 0 2.4000000000000004 0 0 0 0 0 0 0 0 0 0 0.4 0 0 0 0 0 0 0 0 0 0 0 0 0 0 2.6 0 0 0.2 0 0 0 0 0 0 0 0 0 0 2 0 1.6 5.2 2.6 0 6 6.4 6.2 2 0 2.6 4.6000000000000005 4.800000000000001 0 0 0.6000000000000001 3.8000000000000003 2.2 2.8000000000000003 0 3.6 2.2 0 0 0 0 0 0 0 0 0 0 6.4 2 0 1.8 0 0 0.2 0 0 0 0 0 5.800000000000001 0 0 0 0 0 0.4 1.8 0 0 0 0 8.4 0 0 0 0.4 0 0 0.8 0 0 0 0 0 0 0.4 0 0 0 0 2.2 0 0.6000000000000001 8.8 0.4 0.4 0.6000000000000001 1.8 0 0 0 0 0 0 0 0 0 0 0 0 0 0 0 0 0 2.2 0 3.6 0 0.2 0.6000000000000001 0 2.2 0 0 0 
 0.2 0 0 0 0 14.8 40.400000000000006 0.2 0.4 0 0.2 0.4 0.4 0.2 0.6000000000000001 0 0 1 0 0 8 19.8 7.2 25.200000000000003 16.8 29.6 21.200000000000003 49.6 8.6 28.8 0 25.200000000000003 8.200000000000001 53.6 27.400000000000002 26.200000000000003 30.8 17.400000000000002 14.8 29.200000000000003 0 0 0.4 0.8 2 0.6000000000000001 1.4000000000000001 0.4 0 0 0.6000000000000001 0 0 5.800000000000001 0 0 0 0.2 8.6 0 0 0.4 0.4 0 0.6000000000000001 4.2 0 0 0.6000000000000001 0 0 0.6000000000000001 0 0.6000000000000001 0.6000000000000001 0 0 0 0.6000000000000001 0.4 0 0 0 0 0 0 0 0 0 0 0 0 0 0 3.4000000000000004 0 0 0 0 0 2.4000000000000004 0 6.4 2.2 5.800000000000001 2 0 0 2.4000000000000004 0.2 0 12.4 0.2 3.8000000000000003 0 4.800000000000001 2 5 0 1.6 6.4 0 0 0 0 0 0 1.6 0 0 0 0.4 5.800000000000001 1.6 0 2.6 2 0 2.6 0.4 0 0 0 0 0 0 0 0 0.2 0 0 0 0 0 0 0 1.6 0 0 0 0 0.6000000000000001 0 0 0 0.6000000000000001 0 0.6000000000000001 0 0 0 0 0 0 0 0 0 0.4 0 0 2.8000000000000003 2.8000000000000003 2 0 2.2 3.6 2.4000000000000004 1.8 0 0 3 5.800000000000001 2 0 2.6 1.2000000000000002 3.8000000000000003 2.6 0 0 1.4000000000000001 0 0 0 0 0 1.4000000000000001 2.6 1.4000000000000001 0 0 2 3.2 0 0 0 4.4 0 0 5.4 0.4 0 0 0 0 0 0 0 0 0 0 0 0 0 0 0 0 2.6 0 0 0 0 0 0 0 0 0 0 0 0 0 0 0 0 1.2000000000000002 0 0.2 24.200000000000003 0.2 0.6000000000000001 0.6000000000000001 2.2 0 10 0 0 0 0 0 0 0 2.4000000000000004 0 0 0 0 0 0 0 0 0 2 0 0 0 0 0 0 0 0 
 0.6000000000000001 41.800000000000004 0.6000000000000001 0.6000000000000001 0.6000000000000001 0.6000000000000001 1 0.6000000000000001 0.6000000000000001 0.6000000000000001 42.400000000000006 0.6000000000000001 0.6000000000000001 0.6000000000000001 1 1 15.4 0.6000000000000001 0.6000000000000001 0.6000000000000001 6.2 6.2 9.600000000000001 40.400000000000006 26.6 36 9 8.4 22.8 23.200000000000003 25.200000000000003 0 9.8 51 9.200000000000001 20.8 32.2 56 47.2 32.4 26.8 12.4 0 0.4 0 0 12.8 0 0 0 0.4 0 12.8 0 5.800000000000001 0 0 0 0 0 0 0.6000000000000001 0 0 0 0 0 0 0 9.200000000000001 0 0 0 0 0.4 0 0 0 0 0 0 0.8 0 0 0 0 0 0 0 0 0 0 0 0 0 0 0 0 0 0 0 0 0 4.800000000000001 5.800000000000001 7 0 0.2 0 0.6000000000000001 6.6000000000000005 0 0 0 0 5.4 2.4000000000000004 4.800000000000001 0 0 5.2 2.8000000000000003 0.2 2.2 0 0 2.2 4 2 0 0 0 0.8 6.2 2.2 6.6000000000000005 1.6 0 2.4000000000000004 0 0 0 0 0 0.6000000000000001 0 0 0 0 0 0 1 0 0 0 0 0 0 0 0 0 4.800000000000001 1 0 0 0 0 0 1.2000000000000002 0 0 0.2 1.4000000000000001 0 0 0 0.4 0 0 0 0 0 0 5.2 0 8 0 0 1.8 1.8 7.800000000000001 0 0 1.4000000000000001 0.2 0 7 2.2 0 0 0 3 0 0.2 0 0 3.8000000000000003 2 1.6 0 0 0 5.800000000000001 4.4 1.8 0 4.2 0 3.4000000000000004 4.4 0 0 0 0 0 0 0 0 0 0 0 0 0 0 0 0 0 0 0 0 0 0 0 0 0 0.4 0.4 0 0 0 0 0 0 0 1.8 0.8 0.2 1.6 0 0.2 1.2000000000000002 0 0 0.4 0 0 0.6000000000000001 0 0 0 0 0.4 0 0 0 0 0 0 0 0 0 0 0 0 0 0 0.2 0 0 0 
