 0 83 17.2 12.600000000000001 8.200000000000001 10.200000000000001 60 54.400000000000006 43.800000000000004 42.400000000000006 28.400000000000002 25 11.200000000000001 18 45.6 39.6 25.6 23.400000000000002 10.4 46.6 0 0.6000000000000001 0 0 0 0.2 0 0.4 0.2 1 0 0.6000000000000001 0 1 0.6000000000000001 0.6000000000000001 15.4 0.8 0 0 0.6000000000000001 0 0 0 0 0 0 1 0 1 0.8 2.2 0 0.2 0 0.6000000000000001 0.6000000000000001 0 0 0 0 0 0.4 0 0 0 0 0 0 0 0 0 0 0 0 0 0 0 0.2 1 1.2000000000000002 1.8 0.2 3.2 0 0 7.6000000000000005 14.8 0 9 0 2.4000000000000004 5.2 0 2.2 1.6 0 2.2 0.2 0 0.2 0 1.6 0 0 0 0 4 0 0 0 0 0 0 0 0 0 0 0 0 0 0 0 0 0 0 0 0 0 0 0 0 0 0 0 0 0 0 0 0 0 0 0 0 0 0 0 0 0 0 6.4 0 0 0 2.2 0 0 0 0 0 4.6000000000000005 4.800000000000001 1.2000000000000002 0.8 0 2.2 2.8000000000000003 9.200000000000001 0.2 2.8000000000000003 2.2 0 5.800000000000001 1.8 0 0 3.6 0 2.2 0 0 0 0 0 0 0 0 0 0 0 0 0 6.2 0 0 0 0 0 2.4000000000000004 0 0 0 2.8000000000000003 0 0 0 0 0 0 0 0 0 0 0 0 0 0 0 0 0 0 0 0 0 0 0 0 0 0 0 0 0 0 0 0 0 0 0 0 0 0 0 0 0 0 0 0 0 17.8 0.4 0.2 2.4000000000000004 0 0 0 0 0 0 0 0 0 0 0 0 0 0 0 0 0 0 0 0 0 0 0 0 0 0 0 0 0 0 0 0 0 0 0 0 0 0 
 83 0 30 36 7.4 9.8 33 56.2 61 9.600000000000001 10.600000000000001 43.400000000000006 10.8 24.6 42.2 26 48.6 32.800000000000004 7.800000000000001 37.800000000000004 0.2 0.6000000000000001 0.2 0 0 0 0 0 0.2 1 0 0.4 0 0.6000000000000001 0.6000000000000001 0.6000000000000001 0.6000000000000001 0 15.4 0 0.6000000000000001 0 0 0 0 0 0 0.6000000000000001 0 1 0.6000000000000001 1.2000000000000002 0.4 0 0 0.6000000000000001 0.6000000000000001 0 0 0 0 0 0.6000000000000001 0 0 0 0 0 0 0 0 0 0.4 0 0 0 0 1 0 0 7 6.800000000000001 6.4 2.2 0 0 3 4.4 4.4 3.4000000000000004 2.8000000000000003 3.4000000000000004 0 0 3.2 2 3.4000000000000004 1.4000000000000001 2.2 0.6000000000000001 2.8000000000000003 0 0 0 0 0 0 0 0 0 0 0 0 0 0.4 0 2.8000000000000003 0 2 0 0 0 0 0 0 0 0 0 0 0 0 0 0 0 0 0 0 0 0 0 0 0 0 0 0 0 0 0 0 0 0.2 0 0 0 1.2000000000000002 0 0 0 0 0 0 1.2000000000000002 1.4000000000000001 2.8000000000000003 0 1.6 0.8 4.800000000000001 8 0.2 0 0 4.4 3.8000000000000003 0 1.6 6 1.2000000000000002 13.4 0 0 0 0 0 0 0 0 0 0 0.4 0 0 0.2 0 0 0 0 0.4 2.2 0 0 0 0 0 0 0 0 0 0 0 0 0 0 0 0 0 0 0 0 0 0 0 0 0 0 0 0 0 0 0 0 2.4000000000000004 0 0 0 0 0 0 0 0 0 0 0 0 0 0 0 0 9 9.4 0.2 0.2 0 0 0 0 0 0 0 0 0.2 0 0 0 0 0 0 0 0 0 0 0 0 0 0 2.4000000000000004 0 0 0 0 0 0 0 0 0 0 0 0 0 0 
 17.2 30 0 86 54.6 22.200000000000003 10.600000000000001 46 82.4 48.6 95.80000000000001 27 17.6 12.200000000000001 83.4 28.6 32.2 28.400000000000002 4.800000000000001 7.4 0 0.6000000000000001 0 0.4 0 0 30 0 0.4 0.6000000000000001 0 0.4 0.2 0.6000000000000001 0.6000000000000001 0.8 0.6000000000000001 0.4 13.8 0.2 0.6000000000000001 0 0 0 0 0 0 1 0 1 0.6000000000000001 2.2 5 0 0 13 0.6000000000000001 0.2 0 0 0 10 0.6000000000000001 0 0 0 0 0 0 10.200000000000001 0 0 0.6000000000000001 0 0 0 0 2.2 0 12.4 3.2 1.8 8.200000000000001 12.200000000000001 0 0 2.6 1.2000000000000002 2.2 0 5.4 6.2 2.4000000000000004 0 3.2 4.800000000000001 9.200000000000001 5.2 0 0 0 0 0.6000000000000001 0 0 0 4 0.4 4 0 0 0 7.800000000000001 0 5.800000000000001 0 0 0 5 3 0.4 0 0 0 0 0 0 0 0 0 0 0 0 0 0 0 0 0 0.2 0 0 0 0 0 0.4 0 0 1.8 0 0 0 0 0 0 0 0 0 0 0 0 3.8000000000000003 0 5.6000000000000005 4.2 0.2 2.2 1.6 2.6 4.4 6.800000000000001 10.8 0 0 4 0 5.4 6 2 4.6000000000000005 0.4 2.4000000000000004 3.4000000000000004 0 0 0.4 0 1.2000000000000002 3.4000000000000004 0 0 0 0 5.800000000000001 0 0 0 0 0 0.6000000000000001 2.2 0 0 0 0.2 0 0 0 0 0 0.2 0 0 0 0 0 0 0 0 0 0 0 0.2 0 0 0 0 0 0 0 0 0 0 0 0 0 0 0 0 0 0 0 0 0 0 0 0.8 17.6 0 0 0.4 4.4 67.8 2.2 0 0 0 0 0 0 0 0.2 0 0 0 0 0 0 0 0 0 0 0 0 0 0 0 2.2 3.8000000000000003 0 0 0 0 0 0 0 0 0 0 0 0 
 12.600000000000001 36 86 0 48.2 53.2 15.4 21 43.6 72.60000000000001 27.8 54.6 13.200000000000001 16.8 31 31.400000000000002 9.8 28 13.4 30.6 0 1 0 1.2000000000000002 0.6000000000000001 0.4 30 12.8 0.6000000000000001 1.2000000000000002 0.4 0.6000000000000001 0 0.6000000000000001 12.8 0.6000000000000001 0.6000000000000001 0.4 4.800000000000001 7 0.8 0 0.6000000000000001 0 0.6000000000000001 0 0 0.6000000000000001 0 1 0.6000000000000001 0.4 0.8 0.4 0 1.8 0.6000000000000001 1.4000000000000001 0 0 0 0 0.6000000000000001 0 0 0 0 0 0.4 0 0 0 10.600000000000001 0.2 0.4 0.2 0 2.2 0.2 0.6000000000000001 10.600000000000001 0 2.6 3.6 0 3.8000000000000003 3.8000000000000003 2 5 4.2 1 4.2 0.8 0.2 0 2.6 3 0.2 0 0 0.2 3.8000000000000003 2 0 0 0 3.6 1 2.8000000000000003 0 1 1.4000000000000001 1.2000000000000002 4.4 3.6 0 0 0.4 2.4000000000000004 10.600000000000001 0 0 0 0 0 0 3 0 0 0 0 0 0 0.2 0 0 0 0 0 0 0 0 0 0 0.8 0 0 0 0 0 1.4000000000000001 0 0 0 1.8 0 0 0 0 0 0 3.8000000000000003 0 0.2 0.8 0 0 7.6000000000000005 3 1 4 0 0 2 0 0 3.4000000000000004 3.4000000000000004 6.800000000000001 4.2 0.2 2.8000000000000003 5 0 0 0 2.2 10.600000000000001 0 0 0.2 0 1.4000000000000001 0.4 0 0 2.4000000000000004 0 3.6 4.2 0 0 0 0 0 0 0 0 4.4 0 0 0 0 0 0 0 0 0 0 0 0.4 0 0.4 0 0 0 0 0 0 0 0 0 0 0 0 0 0 0 0 0 0 2.4000000000000004 0 0 0 0.4 0.4 0 0.8 0.2 0.4 1 0 0 0 0 0 0 0 0 0.4 0.4 0 0 0 0 0 0 0 0 0 0 0 0 0 0 0 0 0 0 0 3.4000000000000004 0 0 0 0 0 0 0 0 
 8.200000000000001 7.4 54.6 48.2 0 49 9.8 62 58.6 12.8 55.800000000000004 53.2 16 11.200000000000001 15.200000000000001 19 10.8 56.6 13.4 16 0 0.6000000000000001 0 0 0 0.4 29.8 0.2 0.4 0.6000000000000001 0 0.6000000000000001 12 0.6000000000000001 1.2000000000000002 16.2 1.2000000000000002 0 41 14.4 0.6000000000000001 0 0 0 0 0 0 0.6000000000000001 0 0.6000000000000001 0.8 0 0 0 0 13.4 0.6000000000000001 0.6000000000000001 0 0 0 0 0.2 0 0 0 0 0 0 0 0 0 0 0 0 0 0 5.800000000000001 0.4 14.4 0 2.2 0 2.8000000000000003 2 4 0 0 0 0 0 0 0 0 0 8.6 1.4000000000000001 2.2 0 0 0 3.4000000000000004 1.4000000000000001 3.4000000000000004 0 0 5.800000000000001 2.4000000000000004 2.8000000000000003 0 4 0 8 6.800000000000001 3.4000000000000004 0 0 3 4.800000000000001 9.4 0 0 2 0 0 0 0 0 0 0 0 0 0 0 0 0 0 0 0 0 0 0 0 0 0 0 0 1.6 0 0 0 0 0 0 0 0 0 0 0 0 0 0 1.8 0 0 0 0 0 0 0 2.2 0.2 0 0 0 4.800000000000001 0.2 2 0 0 4 7 3.6 1 0 0 4.800000000000001 2.4000000000000004 0 2.2 0 0 4 0 5.800000000000001 4 3.6 0 2 6.6000000000000005 0 0 0 0 2 0 0 0 0 0 0 0 0 0 0 0 0 0 0 0 0.2 0 0 0 0 0 0 0 0 0 0 0 4.2 0 0 0 0 0 0 0 0 0 0 0 0 0 1.8 0 0.6000000000000001 0 6.4 0.2 0 0 0 0 0 0 0 0 0 0 0 0 0 0 0 0 0 0 0 0 0 0 0 0 2 3.6 0 0 0 3 0 0 0 0 0 0 0 0 
 10.200000000000001 9.8 22.200000000000003 53.2 49 0 7.800000000000001 3.6 9.200000000000001 26 16.6 6.2 49.6 8 11.8 12.4 76.80000000000001 11.200000000000001 52.6 51.800000000000004 19.6 0.8 14.8 0.2 0 0 1 23 0.6000000000000001 5.4 0.2 0.6000000000000001 30 22.400000000000002 45.6 30.400000000000002 3.6 15 23 20 0.6000000000000001 0 0 0 0 0.6000000000000001 0 0.6000000000000001 0.6000000000000001 0.6000000000000001 1.2000000000000002 0.2 0.4 0 0.4 0.6000000000000001 0.6000000000000001 0 1.4000000000000001 0 0 0 0.6000000000000001 0 0 0.4 0.4 0 0 0 0 0 0.2 0 0 0 0 0 0.6000000000000001 6.2 0 0 2 0 0 3.6 0 0 0 0 0 0 0 0 0 0 1 2.4000000000000004 0 0 6.6000000000000005 0 6.6000000000000005 3.2 0 0 2.4000000000000004 2.8000000000000003 2.4000000000000004 0 2.8000000000000003 0.4 6.800000000000001 0.2 1.4000000000000001 6.800000000000001 1.4000000000000001 8 2 0 0 0 0 0 0 0 0 0 0 0 0 0 3.8000000000000003 0 0 0 0 0.4 0 0 0 0 0 0 0 0 0 0 0 0 0 0 0 0 0 0 0 0 0.8 0 0 0 2.4000000000000004 0 2 4.800000000000001 0 1.4000000000000001 3.2 0 0.2 0 0 3.6 0 4 0.4 0 0 0 0.2 0 6 1.2000000000000002 0 0 1.6 0.2 0.6000000000000001 1.6 4 2.8000000000000003 2.2 5.4 7 1.6 7.2 5.800000000000001 2.8000000000000003 4.6000000000000005 0.4 0 0 0 0 0.2 0 0 0 0 0 0 0 0 0 0 4.2 0 0.2 0 0 0 0 0 0 0 0 0 0 0 0 0 0 0 0 0 0 0 0 0 0 0 0 0 0 0 0 0 1.4000000000000001 1.6 1.4000000000000001 1.4000000000000001 0 0 0 0 0 0 0 0 4.800000000000001 0 0 0 0 0 0 0 0 0 0 0 0 0 0 0 3.2 0 0 0 0 0 0 0 0 0 0 0 0 0 
 60 33 10.600000000000001 15.4 9.8 7.800000000000001 0 16 14.4 49 25 12.200000000000001 45.6 44 51.2 23.200000000000003 11 5.2 24.400000000000002 42.6 0 0.6000000000000001 0 0 0 0.4 0.4 0 0.6000000000000001 0.8 0 0.4 0 0.6000000000000001 1 0.6000000000000001 0.6000000000000001 0 0 0 0.6000000000000001 0 0 0 0.4 0 0 0.6000000000000001 0 0.6000000000000001 0.6000000000000001 0 0.4 0 0 0.6000000000000001 0.6000000000000001 0 0 0 0 0 0.6000000000000001 0 0 0 0 0 0 0 0 0 0.4 0 0 0 0 0 0 0.4 5.6000000000000005 5.4 0.2 6.6000000000000005 0 0 3.8000000000000003 1.2000000000000002 6.6000000000000005 5.4 3 0 2.2 10.200000000000001 3.2 2.6 0 4.6000000000000005 2.8000000000000003 9.4 0 0 0 0 0 0 0 0.2 0 0 0 0 0 0 0 0 0 0 0 0.4 0 0 0 0 0 0 0 0 0 0 0 0 0 0 0 0 0 0 0 0 0 0 0 0.4 0 0 0 0 0 0 0.2 0 0 0 0 0 3.8000000000000003 0 0 0 0.4 8.6 2 0 1.8 0 10.4 2.8000000000000003 0 6.800000000000001 0 2.2 0.2 0.2 0.8 2.2 0 0 2.2 2.8000000000000003 0 0 0 0 0 0 0 0 0 0 0 0 0 0 0 0 0 0 2 0 0 2 0 0 0 0 0 0 0 0 0 0 0 0 0 0 0 0 0 0 0 0 0 0 0 0 0 0 0 0 0 0 0 0 0 0 0 0 0 0 0 0 0 0 1.2000000000000002 0 0.4 0.4 0 0.4 0 1.8 0 0 0 0 0 0 0 0 0 0 0 0 0 0 0 0 0 0 0 0 0 0 0 0 2.2 0 0 0 0 0 0 0 0 0 0 0 0 0 
 54.400000000000006 56.2 46 21 62 3.6 16 0 90 6.4 10.8 26.400000000000002 22 76.4 54.2 12.200000000000001 58.400000000000006 48.400000000000006 12.4 71 14.4 0 0 0 0.4 0 0.4 0 0.4 1 0 0.6000000000000001 0.4 0 0 0 0.2 0 0 0 12.600000000000001 0 0 0 0 0.2 3.2 0.6000000000000001 0 0.2 0 0 0.2 0 0 0 0 0 0 0 0 0.4 0.6000000000000001 0 10.600000000000001 0.6000000000000001 0 0 0 0 0 0 0 0 0 0 0 1.6 0 0 8.4 1.6 4.800000000000001 1 2.2 0 0 0 4.4 2.6 0 3.8000000000000003 1.2000000000000002 0 7.4 2.4000000000000004 2.6 0 0 0 0 0 0 0 0 0 0 0 0 0 0 0 2.4000000000000004 0.2 0 0 0 0 0 0 0 0 0 0 0 0.4 0.2 0 1.2000000000000002 0 0 0 0 0 0 0 0 0 0 0 0 0 0 0 0 0 0 0 0 0 0 0 0 0 0.2 4.2 0 0 0 0 6.800000000000001 4.6000000000000005 0 6.2 1.8 0 2.6 3.2 0.6000000000000001 0 0 3.2 0 2.2 12.8 0 8 1 2 5.800000000000001 0 0 0.4 0 0 0 0 0 0 0 0 0 0 0 0 0 0 0 2.2 0 0 0 0 0 0 0 0 0 0 0 0 0 0 0 0 0 1.8 0 2.2 0 0 0 0.2 0 0 0 0 0 0 0 0 0 0.4 0 0.2 0 0.4 0 0 0 0 0.2 0 0 0 0.2 6.6000000000000005 0 0 17.400000000000002 0 0 0 0 0 0 0 0 0 0 0 0 6.2 0 0 0 0 0 0 0 0 0 0 0 0 0 0 0 0 0 0 0 0 0 0 0 0 0 0 0 
 43.800000000000004 61 82.4 43.6 58.6 9.200000000000001 14.4 90 0 63.6 136.8 51.2 16.6 18.2 83 18.8 97 45.800000000000004 18.2 37.2 0 0.6000000000000001 0 0.4 0 0 0.2 0 0.4 0.6000000000000001 0 0.4 0 0.6000000000000001 0.6000000000000001 0.6000000000000001 1.2000000000000002 0 20 0 0.6000000000000001 0 0 0 8 0 0 0.6000000000000001 0 0.8 0.6000000000000001 1.2000000000000002 0.4 0 0 0.6000000000000001 0.6000000000000001 1.2000000000000002 0 0 0 0 0.6000000000000001 0 0 0 0 0 0 0 0 0 0.6000000000000001 0 0 0 0 1.8 0 0 6.4 4.2 6.2 4.6000000000000005 0 0 2.4000000000000004 3.2 7.6000000000000005 2 0 2.4000000000000004 1.6 0 3.8000000000000003 2.8000000000000003 12.8 2.8000000000000003 0 0.4 3.4000000000000004 0 0 0 0 0 0.2 0 0 0 0.2 0 6.6000000000000005 0 0 0 0 0 0.4 0 0 0 0 0 0 0 0 0 0 0 0 0 0 0.2 0 0 0 6.4 0 0 0 0 0 0 0 0 0 0 2.6 0 1.2000000000000002 0 0 0 0.8 0 0 0.2 0 0 2.6 0 2.6 2 0.2 1.8 0.6000000000000001 7 5 2.6 0 0 0 6 0 0 7.800000000000001 2 5.800000000000001 3.6 1 0 0 0 2.4000000000000004 0 0 0 0 0.2 0 0 0 2.4000000000000004 0 0 0.4 0 4.6000000000000005 1.8 0 0 0 0 0 2.2 0 0 0 1.8 0 0 0 0 0 0 0 0 0 0 0 0 0 0 0 0 0 0 0.4 0 0 0 0 0 0 0 0 0 0 0 0 2.6 0 0 0 0 0.6000000000000001 0 1.4000000000000001 6 0 0.6000000000000001 0 0 0.4 0 0 0 0 0 0 0 0 0 0 0 0 0 0 0 0 0 0 0 0 2 0 0 0 0 0 0 0 0 0 0 0 0 0 0 
 42.400000000000006 9.600000000000001 48.6 72.60000000000001 12.8 26 49 6.4 63.6 0 19.200000000000003 55.400000000000006 17.400000000000002 75.2 84.80000000000001 37.2 59.800000000000004 11.600000000000001 62.6 40.6 0 0.6000000000000001 0 0 0 0 14.8 0 0.2 0.6000000000000001 0 0.4 0 0.6000000000000001 0.6000000000000001 0.6000000000000001 0.6000000000000001 0 0.2 0 0.6000000000000001 0 0 0 0 0 0 1.6 0 0.6000000000000001 0.6000000000000001 0.6000000000000001 0.4 0 0 0.8 0.6000000000000001 0 0 0 0 0 0.6000000000000001 0 0 0 0 0 0 0 0 0 0.6000000000000001 0 0 0 0 0 0.6000000000000001 0 0 0 2.8000000000000003 5.4 2.2 0 6.2 0 1.2000000000000002 5.4 0 1.8 0 0 8 4.4 0 3.4000000000000004 0 1.6 0 0 0.2 0 0 0 0 4 0 0 0 0 2.8000000000000003 2.8000000000000003 0.2 0 0 0 2.6 5.6000000000000005 0 0 0 0.2 0 0 0 0 0 0 0.4 0 0 0 0 0 0 0 3 0 0 0 0 0 0 0.8 0 0 0.2 2.4000000000000004 0 0 0 0 0 0 0 0 0 0 2.6 2.4000000000000004 0 0 7.2 3.4000000000000004 2.4000000000000004 3.4000000000000004 0 13.8 10.8 10.8 0 0.4 2.8000000000000003 0 7.2 0.2 0 0 0.2 0 0 0 0 0 1.6 8.200000000000001 0 0 0 0 5.6000000000000005 0 0 5.2 0 0 2.2 4 0 0 0 0 0 0 0.4 0 0 0 0 0 0 0 0 0 0 3.2 0 0 0 0 0 0.2 0 0 0 0 0 0 0 0 0 0 0 0 0 0 0 0 0 0 0 0 0 0 0.8 0 0.4 0.2 0 3.8000000000000003 0 0 0 0 0 0 0 0 0 0 2.8000000000000003 0 0 0 0 0 0 0 0 2.6 0 0 0 0 0 0 0 0 0 0 0 0 0 0 0 0 0 0 
 28.400000000000002 10.600000000000001 95.80000000000001 27.8 55.800000000000004 16.6 25 10.8 136.8 19.200000000000003 0 83.2 91.60000000000001 8 69 31.200000000000003 29.6 54.400000000000006 12.4 55.800000000000004 0 0.6000000000000001 0 0 0.4 0.4 0.4 0.4 2.6 0.8 0.4 1.2000000000000002 14.600000000000001 0.6000000000000001 0.6000000000000001 1.4000000000000001 1 0 7.6000000000000005 6.4 0.8 0.2 0 0 0.6000000000000001 1 0 0.8 0 1 0.6000000000000001 0 0.4 0 0.4 0.6000000000000001 0.6000000000000001 1.2000000000000002 0 0 0 0.2 0.4 0 0 0 0 0 0 0 0 0 0 0 0 0 0 0 0.4 0.8 0.4 5.800000000000001 1.4000000000000001 3.8000000000000003 0 4.6000000000000005 3.8000000000000003 5 1.6 10.8 0 3.2 5 0.2 0 2.4000000000000004 2.6 2.2 0 0 3.2 4.4 3.8000000000000003 0 0 0 2.2 0 0 0 0.2 0 0 3.2 0 0 0 0 0 4.4 0 2.8000000000000003 0 0 0 0 0 0 0 0 0 0 0 0.4 0 0 0 0 0 0 0 0 0 0 0 0 0 0 0 0 1.4000000000000001 0.2 0 0 1.6 0 0 0 0 0 0 4.6000000000000005 2 0 0 1.4000000000000001 0.8 8.200000000000001 2.4000000000000004 0.4 0.4 2.8000000000000003 0 2.6 0 0 2.4000000000000004 0 1.8 0 0 1.6 2.8000000000000003 1.4000000000000001 0 0 2.6 0.2 0 0 0 0.4 1.8 1.8 0.2 2.4000000000000004 0 1 2.4000000000000004 2 0 0.2 0 0 0 0 0 0 0 0 0 0.2 0 0 0 0 0 0 0 0 0.4 0 0 0 0 0 0 0.4 0 0 0 0 0 0 0 2.8000000000000003 0 0 0 3 0 2 0 0 0.4 0.6000000000000001 0 0 10.4 0.2 0 2 0 0 0 0 0 0 14.600000000000001 0 0 0 0 0 0 0 0 0 0 0 0 0 0 0 0 0 2.8000000000000003 0 0 0 0 2.8000000000000003 0 0 0 0 0 0 0 0 
 25 43.400000000000006 27 54.6 53.2 6.2 12.200000000000001 26.400000000000002 51.2 55.400000000000006 83.2 0 8 6.2 8.4 5.6000000000000005 110 16 7.2 25.200000000000003 0 14.4 0 0 0 0 0.2 14.8 0.2 0.6000000000000001 14.600000000000001 0.4 7 1.4000000000000001 32.2 15.8 1 0 0 16.6 0.6000000000000001 0 0 0 0 0 1.4000000000000001 0.6000000000000001 0 0.8 0.6000000000000001 0 0.4 0 0 0.6000000000000001 0.6000000000000001 0.2 0 0 0 0 0.6000000000000001 0 0 0 0 0 0 0 0 0 0.6000000000000001 0 0 0 0 1.4000000000000001 0 0 6 1.8 2.2 1.2000000000000002 14.4 2 3.6 0.8 5.6000000000000005 4 4 3.8000000000000003 2.4000000000000004 0 0 0.4 9.4 0 0.4 0 3.6 4.4 2.6 0 0 0 0 0 3 0 0 0 2.2 2 0 0 0.2 0 3.4000000000000004 4.2 0 0 0 0 0 0 0 0 0 0 0 0 3.2 0 1.4000000000000001 0 0 0 0 0 0 0 0 3.4000000000000004 0 0 0.2 0 0 0 1.6 0 0 0 1.6 0.4 0 0 0 0.2 0 0 0 1.8 2.6 0 0 8.200000000000001 0.4 2.6 1.8 0 0 2 0 0.2 4 0 2.8000000000000003 2.8000000000000003 5.2 0 0 0 0 0 2.2 3.2 0 0.2 0 0 0.4 17.6 0 0.6000000000000001 2 2 4.800000000000001 0 0 0 0 0 0 0 0 0 0 0 0 0 2.4000000000000004 0.2 0 0 0 0 0 0 0 0 0 0 0 0 0 0 0 0 0 0 0.4 0 0.4 0 0 0 0 2 0 0 0 0 0 0.4 18.6 0 0 0 0 3.8000000000000003 0 0 0.2 0 0 0 0 0 0 0 0 0 0 0 0 0 0 0 0 0 0 0 0 1.8 0 0 0 0 0 0 0 0 0 0.2 0 0 0 0 
 11.200000000000001 10.8 17.6 13.200000000000001 16 49.6 45.6 22 16.6 17.400000000000002 91.60000000000001 8 0 35.6 4.2 23.400000000000002 8.6 8 76 31.8 1 1 0 0 1.4000000000000001 0.6000000000000001 0 1.6 0.2 1.2000000000000002 0.2 1 0 1.8 0.8 4.800000000000001 16.6 0.4 0.2 0 1.2000000000000002 1.2000000000000002 0 1.4000000000000001 0.4 1.2000000000000002 0 0.6000000000000001 0 1 0.6000000000000001 0 0.4 0 0 0.6000000000000001 1.2000000000000002 0 0 0 0.4 0 0.4 0 0.2 0 0 0 0.2 0.4 0 0.6000000000000001 0.4 0.6000000000000001 0.4 0 0.6000000000000001 0.6000000000000001 0.8 0 0 0.2 0 5.2 0 0 7.2 3.6 2.4000000000000004 4 0 0 3.8000000000000003 6 5 2.6 0 0 3.4000000000000004 2.4000000000000004 0 0 0 0 0 0 0 0 0 0 0 0 0 0 0 0 0 0 0 0 0 0 0 0 0 0 0 0 0 0 0 5.2 0 0 0 0 0 0 0 0 0 0 0 0 0 0 0 0 0 0 0 0 0 0 0 0 0.6000000000000001 0 0 0 2.8000000000000003 3.4000000000000004 8.8 4.4 0.4 0 1.8 0 0 5 0 4.4 2 2.6 4 0 0 0 3.2 3.8000000000000003 0 0 0 0 0 0 0 0 0 0 0 0 0 0 0 0 0 0 0 0 0 0 0 0 0 0 0 0 0 0 0 0 0 0 0 0 0 0 0 0 0 0 0 0 0 0 0 0 0 0 0 0 0 0 0 0 0 0 0 0 0 0 0 0 0 0.4 0 0.4 0 0 0.2 4 0 0 0 0 0 0 0 0 0 0 0 4 0 0 0 0 0 0 0 0 0 0 0.2 0.6000000000000001 0 0 0 0 0 0 0 0 0 0 0 0 0 0 
 18 24.6 12.200000000000001 16.8 11.200000000000001 8 44 76.4 18.2 75.2 8 6.2 35.6 0 35.6 10 22.400000000000002 22.8 19.8 46.800000000000004 0 0.6000000000000001 0.4 0.2 0 0 0.2 0 0.4 0.6000000000000001 0 0.8 0 0.6000000000000001 0.6000000000000001 0.6000000000000001 0.6000000000000001 0 15.200000000000001 0.4 0.6000000000000001 0.4 0 0 0 0 0 0.6000000000000001 0 0.8 0.6000000000000001 1 0 0 0 0.6000000000000001 0.6000000000000001 0.6000000000000001 1.8 0 0 0 7.2 0 0 0 0 0 0 0 0 0 0.8 0 0 0 1 0 0 0 3.2 3 1.6 4 0 0 3.2 0 5 3.2 0 0 3.2 0 9.600000000000001 0 0.8 2.8000000000000003 7.2 5.4 0 0 0 0 0 0 0 0 0 0 0 0 0 0 0 3 0 0 0 0 0 0 0 0 0 0 0 0 0 0 0 0 0 0 0 0 0 0 0 0 0 0 0 0 0 0 0 0 0 0 0 0 0 0 0 0 0 0 0 0 6.6000000000000005 8.8 0 0 0 0 5.2 0 3.8000000000000003 3.8000000000000003 0 0.8 8.200000000000001 0 0.2 1 2.8000000000000003 2.2 7.6000000000000005 0 0 3.6 0 0 0 0 0 0 0 0 0 0 1.8 0 0 0 0 0 0 0 0 0 0 0 0 0 0 0 0 0 0 0 0 0 0 0 0 0 1 0 0 0 0 0 0 0 0 0 0 0 0 0 0 0 0 0 0 0 0 0 0 0 0 0 0 0 0 0.4 0.4 3 0 1.2000000000000002 0 0 0 0 0 0 0 0 0 0 0 0 0 0 0 0 0 0 0 0 0 0 0 0 0 0 0 0 0 0 0 0 0 0 0 0 0 0 
 45.6 42.2 83.4 31 15.200000000000001 11.8 51.2 54.2 83 84.80000000000001 69 8.4 4.2 35.6 0 18 47.400000000000006 45.2 40.800000000000004 81.2 0 1 0 0 0 0 1.2000000000000002 0 15.200000000000001 0.6000000000000001 0 0.4 0 0.6000000000000001 0.6000000000000001 0.6000000000000001 0.6000000000000001 0.4 0 0 0.6000000000000001 1 0 0 0 0 0 0.6000000000000001 0 0.8 0.6000000000000001 1.2000000000000002 0 0 0 0.6000000000000001 0.6000000000000001 0 0 0 0 0 0.6000000000000001 0 0 0 0 0 0 0 0 0 0.6000000000000001 0 0 0 0 0 0 0 2.4000000000000004 4.6000000000000005 0 2.6 4 0 3.8000000000000003 4.2 1.2000000000000002 2.2 4.4 4.6000000000000005 1.6 0 7.4 4 2.2 4.2 0 9.600000000000001 0.2 0 0 0 0 0 0 0 0 0 0 0 0 1.4000000000000001 0 0 0 0 1.8 0 0.4 0 0 0 0 0 0 0 0 0 0 0 0 0 0 0 0 0 0.2 0 0 0 0 0 0.4 0 0 0 0 0 0.8 0 0 0 0 0 0 0 0 0 3.2 4.6000000000000005 1.2000000000000002 1.6 0 2.2 3.6 6.6000000000000005 0.4 6 5.4 0 0 0.4 0 4.800000000000001 5.4 8.8 0 0.4 0 0 0 0 0.4 0 0 0 0 0 0 0 3 0 0 0 0 0 4.4 0 0 0 0 0 0 0 0 0 0 0.2 0 0 0 0 0 0 0 0 1.4000000000000001 0 0 0 0 0 0 0 0 0 0 0 0 0 0 0 0 0 0 0 0 0 0 0 0 0 0 0 0.2 0 17.6 1.2000000000000002 0 0.8 3.4000000000000004 0 0 0 0 0 0 0 0 0 12.600000000000001 0 0 0 0 0 0 0 0 0 0 0 0 0 0 0 0 0 0 0 0 0 0 0 0 0 0 0 
 39.6 26 28.6 31.400000000000002 19 12.4 23.200000000000003 12.200000000000001 18.8 37.2 31.200000000000003 5.6000000000000005 23.400000000000002 10 18 0 34.6 26.6 5.2 53.800000000000004 0 0.6000000000000001 0 0 0 0.4 15.600000000000001 0 0.4 1.2000000000000002 0 0.6000000000000001 0 0.6000000000000001 1 0.6000000000000001 0.6000000000000001 0 0 0 0.6000000000000001 0 0 0 0 0 0 3.4000000000000004 0 0.8 0.6000000000000001 0 0 0 0 0.6000000000000001 0.6000000000000001 0 0 0 0 0 0.2 0 0 0 0 0 0 0 0 0 0 0 0 0 0 0 0.4 0 5.4 0 3.6 3.4000000000000004 0.2 0 5.800000000000001 1.6 1.4000000000000001 11.600000000000001 0 2 2 0.2 6 3.8000000000000003 0.2 2.2 0 0 0.4 0 0 0 0 0 0.4 0.2 0 0 0 0 3.2 1.4000000000000001 0 0 0 0 3.4000000000000004 3.8000000000000003 0 0 0 0 0 0 0 0 0 0.4 0 0 0 0 0 0 0 0 0 0 0 0 0 0 0 0 0 0 0 0 1 0 0 0 2.6 0 0 0 0 0 2.8000000000000003 0.2 0 0.2 2.4000000000000004 2 0 6.4 0 5.2 5 7.6000000000000005 0 0 5.6000000000000005 0.2 4.2 0 4 0 0 0.2 0 0 0.4 0 1.2000000000000002 3.8000000000000003 0 0 0 0 4.6000000000000005 3.2 0 0 0 0 0 0 0 0 0.4 0 0 3.4000000000000004 0 0 0 0 0 0 0 0 0 0 0 0 0 0.4 0 0 0 0 0 0 0 0 0 0 0 0 0 0 0 0 0 0 0 0 0 0 0 0 0 0 1.6 0 0.6000000000000001 9.200000000000001 0 0.6000000000000001 0 0 0 0 0 0 0 0 0 0 3.6 0 0 0 0 0 0 0 0 0 0 0 0 2 0 0 0 0 0 0 0 0 0 0 0 0 0 0 
 25.6 48.6 32.2 9.8 10.8 76.80000000000001 11 58.400000000000006 97 59.800000000000004 29.6 110 8.6 22.400000000000002 47.400000000000006 34.6 0 44 49.400000000000006 9.200000000000001 0 0.6000000000000001 0 0 0 0 0 0 0.2 0.8 0.2 0.4 0 15 0.6000000000000001 0.6000000000000001 0.6000000000000001 0 6.4 0 0.6000000000000001 0 0 0 0 0 0 0.6000000000000001 0 1 0.6000000000000001 0 0.4 0 0 0.6000000000000001 0.6000000000000001 0.8 0 0 0 0 9.600000000000001 0 0 0 0 0 0 0 0 0 0.2 0 11 0 0 2 0 0 3.4000000000000004 1 6.800000000000001 19 0 0 3.8000000000000003 3.2 5.800000000000001 3.8000000000000003 0 2.6 0.8 0.8 3.8000000000000003 2.8000000000000003 6.4 8.6 0 0 3.2 0 0 0 0 0.2 0.2 0 0 0 0.2 0 3 0.2 0 0 0 0.4 2.4000000000000004 0 0 0 0 0 0 0 0 0 0 2.6 0 0 0 0.4 0 0 0 0 0 0 0 0 0 0 0 0 0 0 0 0 1.2000000000000002 0 0 0 1 0 0 0 0 0 0 3.6 4.800000000000001 5.2 0 1.8 0 8.6 5.800000000000001 0.4 0.4 0 0 6 0 0 11.600000000000001 1.4000000000000001 8.4 3 0.2 0 0 0 0 0 0 0 0 0 0 0.4 0 1.4000000000000001 0 0 0 0 15.8 2 0 0 0 0 0 0 0 0 0 0 0 0 0 0 0 0 0 0 0 0 0.4 0 0 0 0 0 0 0.4 0 0 0 0 0 0 0 0 0 0 0 0 0 2 0 0 0 0.6000000000000001 0.2 0.2 0.8 21 0.2 0.4 0 0 0 0 0 0 0 0 0 0 0 0 0 0 0 0 0 0 0 0 0 0 0 0 0 0 0 0 0 0 0 0 0 0 0 0 0 0 
 23.400000000000002 32.800000000000004 28.400000000000002 28 56.6 11.200000000000001 5.2 48.400000000000006 45.800000000000004 11.600000000000001 54.400000000000006 16 8 22.8 45.2 26.6 44 0 11 6 0 0.6000000000000001 0 0 0 0 0.2 0 0.4 0.6000000000000001 0 0.4 0.8 0.6000000000000001 0.6000000000000001 0.6000000000000001 0.6000000000000001 0 30.400000000000002 14.600000000000001 0.6000000000000001 0 0 0 0 0 0 0.6000000000000001 0 0.6000000000000001 0.6000000000000001 0 0.4 0 0 6.2 0.6000000000000001 1.6 0 0 0 0 0.6000000000000001 0 0 0 0 0 0 0 0 0 0.6000000000000001 0 0 0 0 0 0 0 0 4 5.800000000000001 2.6 3.2 4.2 0 0.6000000000000001 4 0.4 0 0 0 0 5.800000000000001 1.4000000000000001 7.2 4 0 0 5.6000000000000005 0 0.2 0 0 0 2.6 0 0 0 0 0 7.800000000000001 6.6000000000000005 0 0 0 0 0 2 0 0 0 0 0 0 0 0 0 0 0 0 0 0 0 0 0 0 0 0 0 0 0 0 0 0 0 1.4000000000000001 0 0 0 0 0 3.6 0 0 0 0 0 0 0 0.2 4.6000000000000005 0.2 0 2.2 0 1.8 2.2 0 5.800000000000001 4 0 3.8000000000000003 0 2.8000000000000003 3.2 1.4000000000000001 1.2000000000000002 0 3 5.800000000000001 0 0 0 0 3 0.2 0 0 0 0 6.2 9.8 2.8000000000000003 3.4000000000000004 0 0 2.4000000000000004 3.4000000000000004 0 0 0 0 0 0 0 0 0 0 0 0 0 0 0 0 0 0 0 0 0 0 0 0 0 0 0 0 0 0 0 0 0 0 0 0 0 0 0 0 0 0.6000000000000001 0 0 0 0 9.4 0.2 2.8000000000000003 39.6 0 3.2 0.2 0 0 0 0 0 0 0 0 0 0 0 0 0 0 0 0 0 0 0 0 0 0 0 0.2 3.6 0 0 0 0.4 0 0 0 0 0 0 0 0 
 10.4 7.800000000000001 4.800000000000001 13.4 13.4 52.6 24.400000000000002 12.4 18.2 62.6 12.4 7.2 76 19.8 40.800000000000004 5.2 49.400000000000006 11 0 37.4 1 0.6000000000000001 0 0.2 0 0 0 1.4000000000000001 0.2 0.8 0 0.8 0.4 0.6000000000000001 1 1 0.6000000000000001 0.4 0.8 0.4 0.6000000000000001 0 0 0 0 0.6000000000000001 0 0.6000000000000001 0 0.6000000000000001 0.6000000000000001 0 0.2 0 0 0.6000000000000001 0.6000000000000001 0 0 0 0 0 0.6000000000000001 0.2 0.4 0.2 0 0 0 0 0 0 0.2 0.2 0 0 0 0 0 0 0 0 0 0 0 0 1.8 4.6000000000000005 0 0 0 0 7 10.200000000000001 1.4000000000000001 0 0 0 5.2 0.4 0 0 0 0 0 0 0 0 0 0 0 0 0 0 0 0 0 0 0 0 0 0 0 0 0 0 0 0 0 1.4000000000000001 0 0 0 0 0 0 0 0 0 0 0 0 0 0 0 0 0 0 0 0 0 0 0 0 0 0 2.4000000000000004 0 0 0 2.8000000000000003 0 2.6 1 0 0 2 0 0 0 2 0 2 3.2 5.6000000000000005 0 0 0 0 5.6000000000000005 0 0 0 0 0 0 0 0 0 0 0 0 0 0 0 0 0 0 0 0 0 0 0 0 0 0 0 0 0 0 0 0 0 0 0 0 0 0 0 0 0 0 0 1.2000000000000002 0 0 0 0 0 0 0 0 0 0 0 0 0 0 0 0 0 0 0 0 0 0 0.4 0 0 0 0.4 0.2 0 0 0 0 0 0 0.2 0 0 0 0 0 0 0 0 0 0 0 0 0 0 0 0.2 2.6 0 0 0 0 0 0 0 0 0 0 0 0 0 0 
 46.6 37.800000000000004 7.4 30.6 16 51.800000000000004 42.6 71 37.2 40.6 55.800000000000004 25.200000000000003 31.8 46.800000000000004 81.2 53.800000000000004 9.200000000000001 6 37.4 0 0 1 0 0.4 0.4 0 11.4 0 0.2 0.6000000000000001 0 15.4 0 0.6000000000000001 0.6000000000000001 0.6000000000000001 0.6000000000000001 0 0 0 0.6000000000000001 0 0 0 0 0 0 0.6000000000000001 0 1 0.6000000000000001 2 0.4 0 0 0.6000000000000001 0.6000000000000001 0 0 0 0 0 0.6000000000000001 0 0 0 0 0 0 0 0 0 0.4 0 0 0 0 0 0 0 4.2 0 2.6 0 0 0 6 3.4000000000000004 1.2000000000000002 3 2.6 1.8 0.2 0.4 0.4 2.8000000000000003 1.4000000000000001 2.6 1.2000000000000002 0.2 0 0 0 0 0 0 0 0 0 0 0 0 0 0 0.4 0 0 0 0 0 3.8000000000000003 0 0 2.4000000000000004 0 0 0 0 0 0 0.2 0 0 0 0 0 0 0 0 0 0 0 0 0 2 0 0 0 0.4 0 0.4 0 0 0 0.8 0 0 0 0 0 1.2000000000000002 6.4 0 7.4 0 0 0 3 3 0.2 0 0 5.6000000000000005 0.4 3.2 2.2 0 1 4.6000000000000005 0 0 0 0 0 0 0 0 0 0 0 0 0 0 0 0 0 0 0 0 0 0 0 0 0 0 0 0.2 0 0 1.6 0 0 0 0 0 0 0 0 0.2 0 0 1.6 0 0 0 0 0 0 0 0 0 0 0 0 0 0 0 0 0 0 0 0 0 0 0 0 0.6000000000000001 0 0.4 0.2 0.2 1.2000000000000002 0 0 0 0 0 0 0 0 0 0 0 0 0 0 0 0 0 0 0 0 0 0 0 2.8000000000000003 0 0 0 0 0 0 0 0 0 0 0 0 0 0 
 0 0.2 0 0 0 19.6 0 14.4 0 0 0 0 1 0 0 0 0 0 1 0 0 76.60000000000001 23.400000000000002 26.200000000000003 24.6 7.4 129.6 68.8 41.2 31.8 28.6 17.2 19.200000000000003 25.6 14.8 10.600000000000001 38.800000000000004 51.800000000000004 61.2 47.400000000000006 0 0 0.6000000000000001 0.2 0 0.8 0 0 0 0.2 0.8 0.4 1.8 0 0 0.6000000000000001 0 0 14.600000000000001 0.6000000000000001 0.4 0 0.2 0 0.2 0.8 0 0 0.2 0 0 0.6000000000000001 1.2000000000000002 0.4 1 0 0 0 0 0 3.6 0 0 0 0 0 0 0 0 0 0 0 3.6 0 0 0 0 0 0 0 1.4000000000000001 6.2 0 0.8 1.6 2.6 3.2 3 5 3 6.6000000000000005 4 0 4.6000000000000005 6 16.6 7.2 0 0 0 0 0 0.2 0 0 0 0 0 0 0 0 0 0 4 0 0 0 0 4.2 0 0.4 0 0 0.6000000000000001 0 0 0 0 0 3.6 0 0 0 0.6000000000000001 0 2 0 0 0 0 3 0 0 0.4 0 1 0 0 0.6000000000000001 0 0 0 0 0 0 0 0 0 0 0 0.2 5.2 4 6 1.4000000000000001 7.2 0.6000000000000001 0 2.2 0.2 3.6 3 0 2.8000000000000003 5 0 0 9.4 3.8000000000000003 0 0 0 0 0 0.2 0 0 0.2 0 0 0 0 0 0 0 0 0 0 1.8 0 0 0 0.4 0.4 0 0 0 0 0 0 0 0 0 0 0 0 0 0 0 0 0 0 0 0 0 0 0 0 0 0 0 0 0 0 2.4000000000000004 0 0 31.200000000000003 0 0 0.4 0 0 0 0 0 0 0 0 0 0 0 0 0 0 0 0 0 0 1.2000000000000002 0 2.4000000000000004 0 0 0 0 0.2 0 0 0 
 0.6000000000000001 0.6000000000000001 0.6000000000000001 1 0.6000000000000001 0.8 0.6000000000000001 0 0.6000000000000001 0.6000000000000001 0.6000000000000001 14.4 1 0.6000000000000001 1 0.6000000000000001 0.6000000000000001 0.6000000000000001 0.6000000000000001 1 76.60000000000001 0 95.60000000000001 14.600000000000001 9.600000000000001 7.4 18 42 18.400000000000002 35 81.4 23.6 63.800000000000004 35.800000000000004 42.6 10 9.200000000000001 64.60000000000001 7.800000000000001 9.8 0 0 0.6000000000000001 0 0 0 0 0 0 10.200000000000001 0.2 0.2 0.8 0 0 0.6000000000000001 0 0 0 0.6000000000000001 0 0 0.4 0.6000000000000001 0 0.6000000000000001 0 0 0 0 0 0 0 0.6000000000000001 0.6000000000000001 0 0 0 0 0 0 0 0 0 0 1.8 0 0 0 0 0 0 0 0 0 0 0 0 0 0 0.2 3.4000000000000004 3.6 0 0 3.8000000000000003 4 6.800000000000001 0 5.6000000000000005 7 1 0 4.6000000000000005 0 7.800000000000001 6.2 3.6 0 0 0 0 0 0 0 0 0 0 0 0 0 0 5.4 3.6 3.2 0 0 0 0.2 0 0 0 0 4.800000000000001 0 0 0 0 0 0 0 0 0 0 0 0 0 0 1.4000000000000001 0 0 0 0 0 0.2 1 0 0 0 0 0 0.2 0.4 0 0 0 0 0 0 0 7 3.6 2.8000000000000003 4 1.6 5.2 1.4000000000000001 4.2 4.4 1.4000000000000001 0 0 0 0 3.6 4 0.6000000000000001 6.800000000000001 2.4000000000000004 2.4000000000000004 0 0 0 0 0 0 0 0 0 0 0 0 0 1.8 0 0 3.6 0 1.2000000000000002 0 0 0 0 0 0 0 0 0 0 0 0 0 0 0 0 0 0 0 0 0 0 0 0 0 0 0 0 0 0 0 0 0 0 0 1.2000000000000002 0 0.4 8.6 0 0.4 0.2 0 0 0 0 0 2.4000000000000004 0 0 0 0 0 0 0 0 0 0 0 0 3.8000000000000003 0 0 0 0 0 0 0 0 0 0 
 0 0.2 0 0 0 14.8 0 0 0 0 0 0 0 0.4 0 0 0 0 0 0 23.400000000000002 95.60000000000001 0 78.60000000000001 24.400000000000002 5 47.400000000000006 36.2 44.2 23.200000000000003 35.6 6.4 65.4 22 12 27.6 22.8 6.800000000000001 20.200000000000003 61.800000000000004 0 0 1.8 0 0 0 0 0 0.2 0.4 0 0.2 1 0.2 0 0.6000000000000001 0 0 0 0.6000000000000001 0 0 0.8 1.2000000000000002 0 0.6000000000000001 0 0 0 0 0 0 0 0.6000000000000001 0.6000000000000001 0 0 0 0 0 0 0 0 0 3.2 10.4 0 0 0 0 0 0 0 0 0 0 0 0 0 0 3.8000000000000003 5 1.8 0.2 0 0 0 1 0.2 8.6 7.4 4.2 0 0 0 5.2 2 5.2 0.2 0 0 0 0 0 0 0 0.2 0 0 0 0 0 2.6 0 3.4000000000000004 0.4 0 0 0 5.2 0 0 0 0.4 0 0 0 0 0 0 0 0 0 0 0 0 0 0 0.8 0 0 0 0 0 0 0 0 0 0 0 0 6.800000000000001 0.6000000000000001 0 0 0 0.4 0 0 0 3.8000000000000003 0.2 1.4000000000000001 1.4000000000000001 5.4 3.8000000000000003 1.8 1.8 8.6 9.4 0 0 2.6 3.8000000000000003 0 0.8 4.2 2 0 0 0 0 0.2 0 0 0.4 0 0 0 0.6000000000000001 0 0 0 2.8000000000000003 0 0 3.4000000000000004 0 4.2 0 0 0 0 0 0 0 0 0 0 0.2 0 0 0.4 0 0 0 0 3.2 0 0.2 0 0 0 0 0 0.4 0 0 0 0 0 0 0 0 2.6 0 0 15.600000000000001 15.600000000000001 0 0 0 0 0 0 0 2.4000000000000004 0 0 0 0 0 0 0 0 0 0 0 0 0.2 0 0 0 0 0 1.8 0 0 0 0 
 0 0 0.4 1.2000000000000002 0 0.2 0 0 0.4 0 0 0 0 0.2 0 0 0 0 0.2 0.4 26.200000000000003 14.600000000000001 78.60000000000001 0 22.200000000000003 5.2 23.6 76.2 76.4 43.400000000000006 56 28 57 32.6 11.200000000000001 69.8 47.800000000000004 40.400000000000006 16.6 12.600000000000001 7.6000000000000005 12.8 1.4000000000000001 0 0 2.2 0.2 10.4 0 0.4 0 0.4 0.6000000000000001 1.6 12.600000000000001 0.6000000000000001 0 0 18.400000000000002 6 0 0 0.4 0.8 0 0.6000000000000001 0 0 0 0 0 0 0 0.6000000000000001 0.6000000000000001 0 0 0 0 0 0 0 0 0 1.4000000000000001 2 0 0 0 0 0 0 0 0 0 0 0 0 0 0 0 0 5.2 4 3.6 0 0.8 2.6 2.4000000000000004 6.800000000000001 7.800000000000001 3.6 0 0 2.8000000000000003 0 5.6000000000000005 0 0 0 0 0 0 0 1.6 0 5.6000000000000005 4 0 0.8 0 0 1.6 0 4.4 0.2 0 0 0 6 1.6 0 0 3.6 0 0 0 0 0 0 0 0 0 0.6000000000000001 0 1.2000000000000002 0 0 4.2 0 0 0 0 0 0 0 0 0 0 3.2 0 0 0 0 0.6000000000000001 0 0.2 0 0.4 0 2.6 2 0 0.2 4.2 0 0 2.2 7.800000000000001 1.2000000000000002 6.6000000000000005 0.4 0 0 3.6 0 0 4 0 2.4000000000000004 2.6 0 1.8 0 0 0.2 0 0 0 0.2 0 0 4.6000000000000005 0.2 0 5 0 5.6000000000000005 0 5 0 0 0 0 0 0 0 0 0 0.4 0 0 0 0 0 0 0 0 0 0.4 0 0 8.6 0 0 0.2 0 0 0 0 0 0 0 0 0.6000000000000001 0.4 0.4 0 8.8 0 0.4 0 0 0 0 0 2.6 0 0 0 0 0 0 0 0 0 0 0 0 0 0 2.2 0 0 0 0 0 0 0 0 
 0 0 0 0.6000000000000001 0 0 0 0.4 0 0 0.4 0 1.4000000000000001 0 0 0 0 0 0 0.4 24.6 9.600000000000001 24.400000000000002 22.200000000000003 0 31.8 8.4 14.200000000000001 16 25.6 17.6 26 15.4 17 13 33.2 11.200000000000001 26.200000000000003 17.8 7 0 12.8 14.4 0 0 0.6000000000000001 0 0 0 0.4 0 0.4 5.6000000000000005 12.600000000000001 13.4 13.8 0 0 17.2 13.4 1.6 0 0.2 0 0 0.6000000000000001 0 0 0 0 0 0 0 0.6000000000000001 0.8 0 0.4 0 0 0 0 0 0 0 0 0.4 0 0 0 0 0 0 0 0 0 0 0 0 0 0 2.2 0 0 7.800000000000001 7.4 3.8000000000000003 0 0 5 0.2 4 4.6000000000000005 0 0 7 0 7.4 0.6000000000000001 0 0 0 0.8 0 0 0 2.6 3.6 2 0 0 0 0 0.2 0 4 0 0 0 6.800000000000001 7.6000000000000005 1.2000000000000002 0.2 0 1 0 0 0 3.6 0 0 0 0 0.2 0.6000000000000001 0 2.4000000000000004 0 2.2 0 0 0 0 0 0 0 0 0.4 0 0 0 0 0 0 0 0.2 0 0 0 1 0 0 2 0 0.6000000000000001 2.4000000000000004 4.2 0 0 0.2 0.4 2.2 2.8000000000000003 0 0 4.4 0 0 6.800000000000001 0 0 3 5.4 0 0 0 0 3.8000000000000003 1 0 0 11.4 0 7.800000000000001 4.6000000000000005 4 0 0 0 0 4.6000000000000005 0 0 0 0 0 0 0 0 0 0 0 0 0 0 0 0 0.2 0 0 0 0 0 2.2 0 0 0 0 0 0 0 0 0 0 0 0.6000000000000001 0 0 15 8.8 0 0 0.8 0 0 0 0 0 0 0 0 0 0 0 0 0 0 0 0 0 0 0 2.6 0 0 0 0 2.4000000000000004 0 0 0 
 0.2 0 0 0.4 0.4 0 0.4 0 0 0 0.4 0 0.6000000000000001 0 0 0.4 0 0 0 0 7.4 7.4 5 5.2 31.8 0 62.800000000000004 48.800000000000004 24.6 60.6 31.8 26 8 10.200000000000001 24.200000000000003 17.2 67.8 14.200000000000001 12 49.6 1 0 9.4 0.2 0 0 0 0 0 4.4 12.4 0.2 29.200000000000003 12 0 12.4 12.4 0 0 0.6000000000000001 0 0 0.2 0 0 0.8 0.4 0 0 0 0 0 0 0.6000000000000001 0.6000000000000001 0 0 0 0 0 0 0 0 0 2.2 0 0 0 0 0 0 0 0 0 0 0 0 0 0 0 4.6000000000000005 5.4 0 0.2 3.8000000000000003 2.8000000000000003 0 4 5.2 2 0 0 0 0 3.4000000000000004 3 0.2 1.6 0 0 1.8 0 0 0 0 0 2.6 0 0 0.6000000000000001 0 0 1.6 0 0 0 1.6 0 8.200000000000001 0 0 0 0 0 0 0 0 0 0 0.2 0 0 4 0 0 0 0 0 0 0 0 2.2 0 0 0 0 0 0 0 0 0 0 0 0 0 0 0 0 0 0 0.2 0 2 2.4000000000000004 1.4000000000000001 8.6 0 2 5.800000000000001 0 0 0 0 0 0 0 2.4000000000000004 10 0 0 2 7.2 2 0 5.2 0 4.4 4 0 0 0 2.4000000000000004 3.2 0 0 0 0 0 1.8 0.8 0 0 0 0 0 0 0 0 2.6 0 0 0 0 3.2 0 0 0 0 0.2 0 0 0 0 0 0 0 0 0 0 0 0 0 0 0 1.8 0 0 16.6 0.8 0.2 0 0 0 0 0 0 0 0 0 0 3.2 0 0 0 0 0 0 0 0 0 0 0 0 0 0 0 0.2 0 0 0 
 0 0 30 30 29.8 1 0.4 0.4 0.2 14.8 0.4 0.2 0 0.2 1.2000000000000002 15.600000000000001 0 0.2 0 11.4 129.6 18 47.400000000000006 23.6 8.4 62.800000000000004 0 91.60000000000001 62 15.200000000000001 5.6000000000000005 21.200000000000003 34 20.200000000000003 68.2 22.6 26.200000000000003 26.200000000000003 68 12.8 0 0 0.6000000000000001 0 0 0 0 0 0 0.2 1.2000000000000002 0.2 1 0 0.6000000000000001 1 0 0 0 0.6000000000000001 0 0 0.4 0.8 0.4 0.8 0 0 0.2 0 0 0.4 0 0.6000000000000001 0.6000000000000001 0 0 0.4 0 0.2 0 0 0 0 5.2 2.2 0 0 0 0 1.8 13.600000000000001 0 0 0 0 1.2000000000000002 0 0 0 3.6 5.800000000000001 2.6 0 0 4.6000000000000005 5.4 8 8.200000000000001 0.2 2.8000000000000003 0 5.800000000000001 2 3.6 4.2 1.6 4.800000000000001 4.4 6.800000000000001 7 0 0 0 0 0 0 0 0 0 0 0 0 0 0 0 0 0 0 0 0 0 0 0 0.4 0 0 0 0 0 0 0 0 0 0 0 0 0 0.8 0 0 0 0 0 3.2 0 0 0 0 0 0.2 0 0 0 0 4.2 0 0.6000000000000001 0 0 6.800000000000001 2.2 2.2 0 2.2 0 7 5.6000000000000005 2.8000000000000003 0.2 0.6000000000000001 0 1.2000000000000002 6.800000000000001 0 0 1.8 4.2 5.4 8.200000000000001 0 0 0 0 0 0 0 0 0 2.8000000000000003 0 0 0 0 0 0 3.6 0 0 0 0 0.2 0 0 0 0 0 0 0 0 0 0 0 0 0 0 0 0 0 0 0 0 0 0 0 0.2 0 0 0 0 0 0 0 0 2.6 0 0.4 9 0 0 0.6000000000000001 0 0 0 0 0 2.6 0 0 0 0.2 0 0 0 0 0 3.2 0 0 0 0 0 0 0 0 0 0 0 0 0 
 0.4 0 0 12.8 0.2 23 0 0 0 0 0.4 14.8 1.6 0 0 0 0 0 1.4000000000000001 0 68.8 42 36.2 76.2 14.200000000000001 48.800000000000004 91.60000000000001 0 64.60000000000001 11 10.600000000000001 8.8 20.8 30.8 45.800000000000004 27.6 9.8 8.200000000000001 32 112 0 0 0.6000000000000001 0 0 0 0 0 0.2 0.2 0 0 0.8 0 0 0.6000000000000001 0 0.4 0 0.6000000000000001 0 0 0 0 0 0.6000000000000001 0 0 0 0 0 0 0 0.6000000000000001 0.6000000000000001 0 0 0 0 0.6000000000000001 0 0 0 0 0.2 3.2 0 0 0 0.2 3.2 1.6 0 0 0 0 0 0 0 0 0 5.800000000000001 1.8 0.8 0 4.6000000000000005 4.2 0 2.4000000000000004 1.4000000000000001 0 0 0 2.2 4.2 0.6000000000000001 2.8000000000000003 9.8 2.4000000000000004 6.2 0 0 4 0 0 0 0 0 0 0 0 0 0 0 0 0 0 0 0 0 0 0 0 0 0 0.4 0 0 0 0 0 0 3 0 0 0 0 0 1 0 0 0 0 1.8 2.4000000000000004 0 0 0 3.2 0 2.4000000000000004 0 0 0 0 0 0 1.8 0 0 2.6 3 0 0 0 0 1.8 4.6000000000000005 0 2.4000000000000004 0.4 4.6000000000000005 0 2.6 2.2 4 4.800000000000001 1.8 0 3.8000000000000003 0 0.4 0 0 0 0 0 0 0 0 4 0 0 0 0.4 0 3.6 0 0 0 0 0 1.8 0 0 0 2.4000000000000004 0 0 0 0.4 0 0 0 0 0 0 0 0 0 0 0 0 0 0 0 0 0 0 0 0 0 0 0 3 0 0.4 8.4 0 0.2 2 0 0 0 0 0 0 0 0 0 0 0 0 0 0 0 0 0 0 0 0 0 0 0 0 0 0 0 0 0 
 0.2 0.2 0.4 0.6000000000000001 0.4 0.6000000000000001 0.6000000000000001 0.4 0.4 0.2 2.6 0.2 0.2 0.4 15.200000000000001 0.4 0.2 0.4 0.2 0.2 41.2 18.400000000000002 44.2 76.4 16 24.6 62 64.60000000000001 0 18.2 53.6 50.6 17 92 74 48.400000000000006 34 39.400000000000006 57 6.2 0 0 1.4000000000000001 0 0.8 0.8 39.800000000000004 0 0 0.6000000000000001 0 0.4 0.8 1.2000000000000002 0 0.6000000000000001 0 0 4.2 0.6000000000000001 0 0 1.8 2.6 0 0.8 0 0 0.6000000000000001 0 0 0 0 0.6000000000000001 0.6000000000000001 0 0 0 0 0.4 0 2.8000000000000003 0 0 0 0 0 0 0 0 0 0 0 2.6 0 0 0 0 0 0 0 3 0 6.4 2 0 4.6000000000000005 2 0.2 8.200000000000001 9.8 4 0 3.8000000000000003 0 3.2 3.8000000000000003 2 0 0 0 0.2 0 0 0 0 2 0.4 0 0 0 0 3 3.8000000000000003 7.2 0 0 0.4 1.6 0 0 0 0 0 0 0 0 0 0 0 0 0 0 0.4 0 2.4000000000000004 0 0 0 0 0 0 0 0 0 2.2 0 0 0 0 0 0.2 0.4 0 0 0 9.200000000000001 0 0 0 2.2 3.6 4.6000000000000005 2.8000000000000003 9.600000000000001 4.2 0 0 6.2 4 0 0 0 0 1.6 0 0.2 4.6000000000000005 0 0 1.4000000000000001 0 0 0 0 0 0.6000000000000001 2.2 0 0 0 0 0 1.8 0 0 0 0 0.4 4.2 0 0 0 0 0 0 0 0 0 0 0 0 0 0 0 0 0 0 0 0 0 0 2.4000000000000004 0 0 0 0 0 0 0 0 0 0 0 0 0 0.2 0.2 16.6 0.4 0.6000000000000001 4 0 0 0 0 4.4 0 0 0 0 0 0 0 0 0 0 0 0 0 0 0 0 0 0 0 0 0 0 0 
 1 1 0.6000000000000001 1.2000000000000002 0.6000000000000001 5.4 0.8 1 0.6000000000000001 0.6000000000000001 0.8 0.6000000000000001 1.2000000000000002 0.6000000000000001 0.6000000000000001 1.2000000000000002 0.8 0.6000000000000001 0.8 0.6000000000000001 31.8 35 23.200000000000003 43.400000000000006 25.6 60.6 15.200000000000001 11 18.2 0 102.4 37.2 28.200000000000003 20 67.8 34 11 32 21.200000000000003 20 0 0 1 0 0.6000000000000001 0 0 25 0.2 0.2 1 0.2 1 0.2 0 0.6000000000000001 0 0 0 0.6000000000000001 2 0 0 0 0 0.6000000000000001 0 0 0 0 0 0 0 0.6000000000000001 1.6 5.2 10.200000000000001 0 0 0 0 0 0 0 3 5 0 0 0 0 0 0 0 0 0 0 0 0 0 0 4.2 0 2 0 8.6 0.2 0 9.200000000000001 0 0.2 0 4.4 5 0 0 6.800000000000001 2.6 8 1.4000000000000001 0 0.2 0 0 0 0 0 2.2 0 0 0 0 0 2 0 3.6 0 0 0 0 4.2 1.4000000000000001 0 0 0 0 0 0 0 0 0 0 0 0 0 0 0 0 0 3.4000000000000004 0 0 0 0 0 2 0 0 0 0 9.4 0 0 0 0 1.6 0 0 4 0.2 0 2.4000000000000004 3 5.4 0.2 0 3.2 1.8 1.8 1.6 0 4.2 2 3.4000000000000004 3.6 2.4000000000000004 3.6 0.4 6.6000000000000005 3.6 0 0.2 0 2 0 0 0 0.4 0.2 0 0 0.2 0 7.2 0 2 2 5.2 4 3.8000000000000003 1.4000000000000001 0 0 0 0 0 0 0 0 0 0 0 0 1.2000000000000002 0 0 0 0 0 0 0 0 0 0 0 0 0 0 0 0 0 0 2 0 0 1.4000000000000001 0 0.4 15 15.4 0 0.6000000000000001 0 0 0 0 0.2 0 0 0 0 0 0 0 0 0 0 0 0 0 1.6 0 0 0 0 0 1.6 0 0 0 0 
 0 0 0 0.4 0 0.2 0 0 0 0 0.4 14.600000000000001 0.2 0 0 0 0.2 0 0 0 28.6 81.4 35.6 56 17.6 31.8 5.6000000000000005 10.600000000000001 53.6 102.4 0 16 20.8 22.6 12 27.200000000000003 22.8 50.6 14.200000000000001 9 0.2 0 1 0 0 0 0 4.4 0 0.6000000000000001 0 0.4 1 0 0 0.6000000000000001 0 0 4.6000000000000005 0.8 0.2 0 0 0 0 1.4000000000000001 0 0 0 0 0 0 0 0.6000000000000001 1.4000000000000001 0 3 0 0 0 0 0 2 0 3.8000000000000003 0 0 0 0 0 0 0 0 0 0 0 0 0 0 0 2.6 2 0 4 2.6 1.8 0.2 0.2 11.200000000000001 2.2 2.4000000000000004 2.8000000000000003 0 0 6.800000000000001 2 2.8000000000000003 3.8000000000000003 0 0 0 0 1.8 0 0 0 4.2 0 0 0 0 0 0.4 0 0.4 0 0 0 0 1.4000000000000001 1.8 0 0 11.4 0.4 0 2.4000000000000004 0 0 0 0 0 0 0.6000000000000001 0 1.4000000000000001 0 0 0 0 0 0 0 0 0 0 0 0 0 0 0 0.6000000000000001 0.6000000000000001 0 0 0 0 0 0 0 0 1.8 11.8 11.200000000000001 6 2.4000000000000004 0 0 2.4000000000000004 2.2 12.8 0.4 0 0 3.6 0 3.4000000000000004 4 0 0 2.2 0 0 0 0 0 0 5.6000000000000005 0 0 5 0 2.2 0 0 1.8 0.4 0.2 5.2 1.8 0.4 0 0 0 0 0 0 0 0 0 0 0 0 0 0 0 0 0 0 0 0 0 0 0 0 0 0 0 0 0 0 4.2 0 0 1 0 0 15 0.2 0.4 0 0.2 0 0 0 0 0 0 0 0 0.6000000000000001 0 0 0.6000000000000001 0 0 0 0 0 0 0 2.4000000000000004 0 0 0 0 0 0 0 0 
