 0 18.400000000000002 33.4 49.800000000000004 49.6 18 32.6 28.400000000000002 7 23.8 42.6 27.6 105.4 43.800000000000004 7 69.60000000000001 50.6 58 6 6.800000000000001 0 1 0.2 0 0 13.8 0 0.4 0.6000000000000001 0.4 0 0 0.4 0 0.4 0.2 0 0 0 0.2 0 0 0 0 0.6000000000000001 0 0 0 0 0.6000000000000001 0.6000000000000001 0 0 0 0.2 0 0 0 0.6000000000000001 0 0.4 0 0 0.4 0 0.6000000000000001 0 0 0 0 0 0 0 0 0.4 0 0 0.4 0.6000000000000001 0 2.4000000000000004 2.8000000000000003 0 1.4000000000000001 2.2 2 0 3.2 3.6 2 6.4 7.6000000000000005 0 4 12 0 5.4 1 4.6000000000000005 1.8 0 0 0 0 0 0 0 0 0 0 0 0 0.4 3.2 0.2 0 0 0 5.6000000000000005 0 0 0 0 0 0 0 0 0.4 0 0 0 0 0 0 0 0.8 0 0 0 0 0 0 0 0 0 0 0 0 0 0 0 0 2.8000000000000003 0 0 0 0 0 0.2 0 2.8000000000000003 0 0 2 0.4 0 2.8000000000000003 12 0 0 4.2 0 0 6.6000000000000005 6.6000000000000005 3.4000000000000004 9 3.2 2 0 0 0 0 0 0 0 0 0 0 0.2 0 0 2.6 0 0 0 0 0 7.2 0.2 0 0.2 0 0 0 0 0 0 0 0 0 1.8 0 0 0 0 0 0 0 0 0 0 0.2 0 0 0 0 0 0 0 0 0 0 0 0.2 0 0 0 0 0 0 1.8 0 0 0 0.4 17.8 0.4 0.4 0 0 3 0 0.2 0 0 0 0 0 0 0 0 0 0 0 0 0 0 0 0 0 0 0 0 0 7 0 0 0 0 0 0 0 0 0 0 0 0 0 0 
 18.400000000000002 0 21 15.8 7.4 6.2 95.60000000000001 28.8 27.6 9.4 51 49 15.4 11.600000000000001 90 31.200000000000003 8.4 9 29.400000000000002 26.400000000000002 0 0.6000000000000001 0 0 0 0.4 0 0.4 0.6000000000000001 0 0 0.2 0 1.2000000000000002 0 0 0 0 0.4 0.4 0 0 0 0 6.4 0 0 0 0 0.6000000000000001 0.6000000000000001 0 0 0 0.2 0 0 0 0.6000000000000001 0 0.6000000000000001 0 0 0.2 4 0.6000000000000001 0 0 0 0 0 0 0 0 0.4 0 0 0.4 0.6000000000000001 0 3 2 0 6.800000000000001 1.4000000000000001 0 6.800000000000001 3.2 7.6000000000000005 3.6 2.4000000000000004 0 2.6 0 4.6000000000000005 2.2 9.600000000000001 2.4000000000000004 7 9 0 0 0 0 0 0.2 0 0.4 0 0.2 0 0 0 0 0 0 0 0 4 0 0 0 0 0 0 0 0 0 0 0 0.4 0 0 0 0 0 0 0 0 0 1.2000000000000002 0 0.2 0 0 0 0 0 0 0 0 0 0.4 0 0 0 0 0 0 0 0 0 0 2.8000000000000003 2 3.4000000000000004 4.2 4.6000000000000005 0 2.4000000000000004 9.4 0 5.4 2 0 0 6 6.2 5.2 4.2 0 0 0.2 0 0 0 0 0 0 0.2 0 0 0 0 0 0 0 0 3.2 0 0 0 0 0 0 0 0 0 0 0 0 0 0 0 0 0 0 0 0 0 0 0 0 0 0 2.2 0.4 0 0 3.2 0 0 0 0 0 0 0 0 0 0 0 3.4000000000000004 0 0 0 0.2 0.4 0 0.4 18.2 0 2 0 0 0 0 0.2 0 0 0 0 0 2.6 0 0 0 0 0 0 0 0 0 0 0 0 0 3 0 0 0 0 0 0 0 0 0 0 0 0 0 
 33.4 21 0 97.2 86.80000000000001 10.4 17.2 43 34.800000000000004 17.8 7.2 22.8 82.60000000000001 56 35 11.4 12.200000000000001 63 33.800000000000004 8.8 0.2 0.6000000000000001 0 0 0 0.4 0 0.6000000000000001 0.6000000000000001 0 0 0 0 0 0 0 0 0 15 0.4 0 0 0 0 0.6000000000000001 0 0 0 0 0.6000000000000001 0.6000000000000001 0 0 0 0.2 0 0 0 0.6000000000000001 0 0.6000000000000001 0 0.4 0.2 0 0.6000000000000001 0 9.8 0.8 1.2000000000000002 0 0 0 0 0.4 0 0 0.4 1.2000000000000002 0 3 4.800000000000001 9.4 6 8.8 0.2 0 2.6 9.4 3.2 16.6 13.200000000000001 2.2 5.2 0.2 4.4 2.2 3.6 11.4 3 1.8 2 0 0 0 0 0 0 0 0 0 0 0 3 0 0 0 0 2.6 2.8000000000000003 0 0 0 0 0 0 0 0 0 3.8000000000000003 0 0 0 0 0 0 0 0 0 0 0.4 0.2 0 0 1.4000000000000001 0 0 0 0 0 0 0 0 0 0 0 2 0 0 0 0 3.8000000000000003 1.2000000000000002 2.2 0.2 2.2 2.4000000000000004 2 4 0.2 1.8 6.6000000000000005 2.8000000000000003 4.2 6.800000000000001 0 0 0.2 2.8000000000000003 0.6000000000000001 0 5 0 0.4 0 0 2.8000000000000003 0 3 0 0 0 0 6 0 0 0.4 0 0 2 0 0 0 0 0 0 0 0 2.8000000000000003 0 0 0 0 0 0 0 0 0 0 0 0 0 0 0 0 0 0 0.4 0 0 0 0 0 0 0 0 0 0 0 0 0 0.2 0 0 0 0 0 0 0 17.8 0 0.6000000000000001 1.4000000000000001 0 0 0 0 0 0 0 0 0 12.8 0 0 0 0 0 0 0 0 0 0 0 0.2 0 1.4000000000000001 0 0 0 0 0 0 0 0 0 0 0 0 0 
 49.800000000000004 15.8 97.2 0 54.400000000000006 27.200000000000003 15.200000000000001 35.800000000000004 67.60000000000001 41 45.800000000000004 41.2 51 35.800000000000004 9.600000000000001 72 29.8 19.8 34.4 27.8 30.8 0.6000000000000001 0 0 0 0.6000000000000001 29.8 30.8 0.6000000000000001 0 0 0 0 0.4 0 0.4 0 0 19 42.6 0 0 0 0 0.8 0 0 0 0 0.6000000000000001 0.6000000000000001 0 0 0 0.6000000000000001 0 0 0 0.6000000000000001 0 0.4 0 0 0.6000000000000001 0 0.6000000000000001 0 0 9 0 0 0 0 0 11 11.200000000000001 0 0.4 0.4 0 0 0 5.6000000000000005 2.6 4 6 0 4.6000000000000005 0 0.4 11.200000000000001 0.2 0 0 0 4.4 3.4000000000000004 0 0 0.2 3.8000000000000003 2.2 0 0 0 0 0 0 0 6.4 0 0 2 3 4.4 0 0 0.4 4.4 5 0 0 0.4 0 0 0 0 0 0 0 0 0 0 3.2 0 0 0 0 0 0 0 0 0 0 0 0 0 0 0 0 0 0 1.8 0 0 0 0 0 0 0 0 0.6000000000000001 0.4 3.8000000000000003 0 4.2 7.4 0 4.4 0.2 0 3 0 2.2 1 1.4000000000000001 0 0 0 0 0.8 3.2 0 0 0 0 4.6000000000000005 0.2 0 0 0.4 0 7.2 0.2 8.8 0 0 0 5.6000000000000005 5.6000000000000005 0 0 0 0.2 0 0 2.8000000000000003 0 0 0 0 0 0 0 0 0 0 0.2 0 0 0 0 0.2 0 0 0 0 0 0 0 0.4 0.4 0 0 0 0 0 0 1.6 0.2 0 0 0 0 0 19 18 0 0 0.2 0 1 0 0 0.4 0 0 0 0 0 0 3.2 0 0 0 0 0 0 5.4 0 0 0 0 0 0 1 2.6 3.6 0 0 0 0 0 0 0 0 0 0 0 0 
 49.6 7.4 86.80000000000001 54.400000000000006 0 31.200000000000003 8.6 14 39.2 26 16.6 26.8 54 36.800000000000004 8.8 18 11.200000000000001 12.200000000000001 11 17.8 28.200000000000003 15.4 9.8 0 0 0.4 15 20 0.6000000000000001 15 0.2 0 14.8 0 15.200000000000001 0 0 0 0 20.200000000000003 0 13.4 11.8 0 0.4 0 0 0 0 0.6000000000000001 0.6000000000000001 0.4 0 0 0.4 0 0 0 1 0 0.4 0 0 0.6000000000000001 0 0.6000000000000001 0 0 1.2000000000000002 0 0 0 1.2000000000000002 0 0.4 0 0 0.4 2.2 0 0 0 7.800000000000001 3.2 3 3.6 0 0 3.6 0.2 6.6000000000000005 3.6 4 1.4000000000000001 0 4 0 0 0.2 0 9 0.2 0.2 0.2 0 0 0 0 0 0 0.2 2 0.2 1.8 0 0 2.2 4.2 0 9.4 0 0 0 0 0 0 0.2 0 0 0.4 0 0 0 0 0 0 0 0 0 0 0.2 0 0 0 0 0 0 0 0 0.4 0 0 0 0 0 0 0 0 0 0 0 5.6000000000000005 8 2.8000000000000003 3 0.6000000000000001 0 1 12.200000000000001 2.8000000000000003 0 0 0 2.2 0 0 0 2.8000000000000003 0 0 2.6 6.6000000000000005 0 0 0 0 6.4 0 7.4 3.8000000000000003 0 0 4.4 2.8000000000000003 0.2 2.8000000000000003 1.4000000000000001 3 0 4 0 0 0 0 0 0 0 0 0 0 0 0 0 0 0 0 0 0 0 0 0 0 0 0 0 0 0 0.2 0 3.6 0 0 3.2 0 0 0 0 3 0 0 0 0 0 0 0 0.6000000000000001 0.2 0 0.2 11.4 0 1.2000000000000002 1.8 0 0.2 0 0 0 0 0 0 0 0 0 0 0 0 0 0 0.4 0 0 0 0 0 0 3.6 0 0 0 0 0 0 0 0 0 0 0 0 0 
 18 6.2 10.4 27.200000000000003 31.200000000000003 0 22 6.800000000000001 30.200000000000003 23.200000000000003 33.4 65.8 7.800000000000001 14.200000000000001 13.200000000000001 34.4 29.8 14.600000000000001 8.6 14.4 15.4 0.6000000000000001 0 0 0 0.4 34.6 17.400000000000002 0.6000000000000001 14.4 0 0 17.8 6.6000000000000005 8 0 0 0.2 15.4 20.200000000000003 0 0 0 0 0.6000000000000001 0 0 0 0 0.6000000000000001 0.6000000000000001 0 0 0 0.2 0 0 0 0.6000000000000001 0.6000000000000001 1.2000000000000002 0 0 0.2 0 0.6000000000000001 0 0 0 0 0 0.4 0 0 0.4 0 0 0.4 0.6000000000000001 9.4 0 6.4 0.2 1.4000000000000001 0 2.8000000000000003 0 0 4.2 4.800000000000001 2.8000000000000003 3.2 0 1.8 0.2 2.8000000000000003 2.4000000000000004 2.8000000000000003 0 0 2.2 0 3.2 1.6 0 0 2.6 0 2.6 0 0.2 0 5.6000000000000005 0 2.2 0 0 2 1.4000000000000001 1.4000000000000001 0 0 0 0 0 0 0 0 0 0 0 0 0 0.4 0 0 0 0 0 0 0 0.2 0 1.8 0 0 1.2000000000000002 0 0 0 0 0 0 0 0 0 4.2 0 0 0 3.8000000000000003 1.6 2.2 2.2 0 1.8 0 4 3 1.8 0.2 2 0 0 3.8000000000000003 4.6000000000000005 0 0 0 0.2 0 2 0 2.2 0 0 3.8000000000000003 3 2.6 2.6 0 0 4.4 2.4000000000000004 2.6 2.6 0 0 3.2 1.2000000000000002 0 0 0 0 0 0 0.2 0 0 0 0 0 0 0 0 0 0 0 0.4 0 0 0 0 0 0 0 0 0 0 0.2 0 0 0 0 0 0 0 0 0 0 0 0 0 0 0 0.2 18.8 0 0.8 0.8 0.2 2.2 0 0 0.4 0 0 0 0 0 0 0 0 0 0 0 0 0 0 0 0 0 0 0 0 2.8000000000000003 0 0.2 0 0 0 0 0 0 0 0 0 0 0 0 
 32.6 95.60000000000001 17.2 15.200000000000001 8.6 22 0 60.800000000000004 21 4.800000000000001 34.6 23.8 30.6 52.400000000000006 52.800000000000004 22.6 5.4 27 25.6 28.6 0 0.6000000000000001 0 0.4 0.8 16.2 0 0.6000000000000001 0.6000000000000001 0 1.4000000000000001 1.6 0 0 0 0 1 0 0.6000000000000001 0.6000000000000001 0 0 0 0.8 0.4 0 0 0 0.4 1.6 1.2000000000000002 0 0 0.4 0.8 1 0.6000000000000001 0 0.6000000000000001 0 0.4 0.2 0.6000000000000001 0.6000000000000001 0 0.6000000000000001 0 0.6000000000000001 0.6000000000000001 0 0 0 0 0.6000000000000001 0.8 0 0 0.4 1 0.2 0.4 4.4 0 3 0 0.4 7.2 0.2 6.2 6 2 0 0 0 3.2 4.6000000000000005 5.4 1.2000000000000002 0 2.6 0 0 0 0 2.4000000000000004 0 0 0 0 0 0 0 0 0 0 0 0 0 3.8000000000000003 0 0 0 0 0 1 0 0 0 0 0 0 0 0 0 0 0 0.4 0 0 0 0.8 0.4 0 0 0 0.4 0 0 0 0 0 0 0 0 0 0 0 0 0 0 4.2 0 2.8000000000000003 6.800000000000001 2 6 4 7.4 0 1.2000000000000002 9.200000000000001 0 2.8000000000000003 0 5.4 3.6 2.6 7 0 2.8000000000000003 0 0 0 0 0 0 0 0 0 0 0 0 6 0 0 0 0 0 7.6000000000000005 0 0 0 4.800000000000001 0 0 0 0 0 0 0 0 0 0 0 0 0 0 0 0 0 0 0 0 0 0 0 0 0 0 0 0 0 0 0 0 0 0 0 0 0 0 2.2 0 0 0 0 0.4 0.4 0 26.200000000000003 0 0.6000000000000001 0 0 0 0 0.4 0 0 3 0 0 5.6000000000000005 0 0 0 0 0 0 0 0 0 0.4 0 0 3.2 3.4000000000000004 0 0 0 0 0 0 0 0 0 0 0 0 0 
 28.400000000000002 28.8 43 35.800000000000004 14 6.800000000000001 60.800000000000004 0 66 22 110 50.800000000000004 40.400000000000006 32 34.4 12 19 10.8 27.6 92.4 0 3.6 0 0 0 0.4 0 0.4 0.6000000000000001 0 0 0.4 0 0 0 0 0 0 14.8 15.200000000000001 0 0 0.2 0 0.4 0 1 0 0 0.6000000000000001 0.6000000000000001 0 0 0 0.4 0 0 0 0.6000000000000001 0 0.4 0 0 0.6000000000000001 0 0.6000000000000001 0 0 0 0 0 0 0 0 0.6000000000000001 0 0 0.4 0.6000000000000001 0 3.8000000000000003 2.6 0 0.4 2.8000000000000003 2.2 6.4 6.800000000000001 0 3.6 8.8 4.800000000000001 0.4 3.4000000000000004 0 2.4000000000000004 10.200000000000001 0 2.8000000000000003 3.2 0.2 0 0 0 0 0 0.2 0 0 0 0 0 3 2 0 0 0 2.6 6.2 0 0 0.2 0.2 0 0 0 0 0 0 0 2.2 0 0 0 0 1.2000000000000002 2 0 0 0 0 0 0 0 0 0 0 0 0 0 0 0 0.6000000000000001 0 0 0.2 0 0 0 0.2 0 7.4 0 0 1.8 0 8.200000000000001 0 6.6000000000000005 3.2 0.8 0 2.6 0 2 1.6 5 11.8 0 2.8000000000000003 0 0 0 0 0 0 0 0 0 0 0 0 2.8000000000000003 0 0 0 0 0 1.8 2.6 0 0 0 0 0 0 0 0 0 0 0 0 0 0 0 0 0 0 0 0 0 0 0 0 0 0 0 0 0 0 0 0.2 0 0 0 0 0 0 0 0.4 0 0 0 0 0 0.8 1.2000000000000002 0 0.4 17.6 0.2 2 0 0 0 0 0 0 0 0 0 0 0 0 0 0 0 0 0 0 0 0 0 0 0 2.2 2.8000000000000003 2.6 0 0 0 0 0 0 0 0 0 0 0 0 
 7 27.6 34.800000000000004 67.60000000000001 39.2 30.200000000000003 21 66 0 28.6 39.800000000000004 50 67.60000000000001 48.400000000000006 16.400000000000002 23.200000000000003 26.400000000000002 40.800000000000004 36.2 13.4 0 0.6000000000000001 0 0.4 0 0.4 0 0.4 7.2 0 0 0 0 0 0 0.2 0 0 33.4 0 0 0 0 0 1 0 0 0 0 1.4000000000000001 13.600000000000001 18 0 0 0.2 0 0 0 0.8 0 0.4 0 0 0.4 0 0.6000000000000001 0 0 0 0 0 0 0 0 0.4 0 0 0.4 2.8000000000000003 0 0 4.800000000000001 7.4 6.800000000000001 0.2 3.4000000000000004 0 0 6.6000000000000005 7.6000000000000005 2.2 9.8 0.6000000000000001 1.2000000000000002 8 0.6000000000000001 5.6000000000000005 5 0 2 0.4 0 0 0 0 0 3.4000000000000004 0 0.2 0 0 0 0 4.6000000000000005 0 0 0 0 5.800000000000001 6.6000000000000005 0 0 0 0 0 0 0 0 0 0 0 0 0 0 0 0 0 0 0 1.4000000000000001 0 0 0 0 2.8000000000000003 0 0 0 0 0 0 0 0 0 0 0 0 0 0 3.6 0 4.800000000000001 5.800000000000001 0 8.6 7.2 0 2.2 3.6 3.2 6.800000000000001 7.6000000000000005 2.8000000000000003 3.8000000000000003 2.8000000000000003 0 2.8000000000000003 10.8 7.4 0 0 6.6000000000000005 0 0 0 0 4.800000000000001 0 3.4000000000000004 0 0 0 2 3.8000000000000003 0 0 0 0 7 2.6 0 0 0 0 0 0 0 0 0 0 0 0 0 0 0 0 0 0 0 0 0 0 0 0 0 0 0 0 0 0 0 0 0 0 0 0 0 0 0 0 0 2.4000000000000004 0 0 0 0.4 0 0 17.6 38.6 0.2 1.6 3.4000000000000004 0 0 0 0 0 0.4 0 0 0 6.2 0 0 0 0 0 0 0 0 0 0 0 0 0 2.6 0 0 0 0 0 0 0 0 0 0 0 0 0 
 23.8 9.4 17.8 41 26 23.200000000000003 4.800000000000001 22 28.6 0 29.8 24 14.200000000000001 15.600000000000001 15.4 46.2 31.8 19.8 22.8 23.6 0.6000000000000001 0.6000000000000001 0 0 0 0.4 0.2 0.6000000000000001 0.6000000000000001 0 0 0 0 0 0 0 0 0 46.800000000000004 16 0 0 0 0 0.4 0 0 0 0 7.800000000000001 0.6000000000000001 0 0 0 0.4 0 0 0 6 0 0.4 0 0 0.6000000000000001 0 9 0 0 1 0 0 0 0 0 2.4000000000000004 0 0 0.4 1.4000000000000001 0 0 2.4000000000000004 13.8 4.6000000000000005 8 9.600000000000001 4 1.2000000000000002 13 3.6 6.800000000000001 2.2 0 2 0 1 7.4 3.4000000000000004 0.2 0 3.8000000000000003 2.4000000000000004 0.2 0 0 0.4 3 0.4 0 0.4 0 0 12.600000000000001 11 0 0 2 0 10.200000000000001 3.6 0 0 0 0 0 0 0.2 0 0 0 0.4 0 0 0 0 2 0 0 0.4 0 0.4 0 0.2 0 0 0 0 0 0 0 0 0 1.6 0 0 0 0 0 0 0 2.6 7.2 7.2 9 2.2 0 0 0 2.6 7.800000000000001 3 3.8000000000000003 0 3.4000000000000004 2.4000000000000004 1.8 2.8000000000000003 3.8000000000000003 0.4 0 0 4.4 0 0.4 0 0 2.8000000000000003 0 5.2 0 0 0 5 2.4000000000000004 0 0 0 0 3.6 3.4000000000000004 0 0.8 0 0 0 0 0 0 0 0 0 0 0 0 0 0 0 0 0 0 0 3.4000000000000004 0 0 0 0.2 0 0 0 0 2.6 0 0 0 0 0 0 0 0 0 0 0 0 0 0 0 26.400000000000002 0 18.2 17.6 0 1 2.2 0 0 0 0 0 0 0 0 0 0 0 0 0 0 0 0 0 0 0 0 0 0 1.8 0 7.4 0 0 0 0 0 0 0 0 0 0 0 0 
 42.6 51 7.2 45.800000000000004 16.6 33.4 34.6 110 39.800000000000004 29.8 0 11.8 6.6000000000000005 24.8 7.4 45.2 47.400000000000006 13.200000000000001 52.800000000000004 16 0 0.6000000000000001 0 0 0 0.8 0 0.6000000000000001 1.2000000000000002 0 0 0.4 0 0.2 0 0.4 0.4 0 31.400000000000002 15 0.4 0 0 0 1 0 0 0 0 0.6000000000000001 1 0.8 0 0 0.4 0.6000000000000001 0 0 1 0.6000000000000001 0.4 0 0 0.6000000000000001 0.2 0.6000000000000001 0 0.6000000000000001 0 0 0 0 0 0 0.4 0.2 0 0.4 0.4 0 0 3.6 0 6 5 17.2 1.8 2.6 2.8000000000000003 2 2.2 0 0.4 2.2 7.2 1.8 2.8000000000000003 4.800000000000001 2.8000000000000003 2 0 0 0 0 0 0 4 6 0 0 0 0 3 4.2 0 0 0 0 11.4 2 0 1 0 0 0 0 0 0 0 0 0 0 0.4 0 0 1.2000000000000002 0 0 0 0 0 0 0 0 0 0 0 0 0 0 0 0 1 0 0 0 0 0 0 0.2 0.6000000000000001 6.800000000000001 4.2 1 6.800000000000001 4 0 5.2 2.2 0 10.4 0.6000000000000001 2 0.4 0 1.8 10 8 5 2.4000000000000004 0 0.6000000000000001 0 0 0 0 0 0 0 1.4000000000000001 0 0 4.800000000000001 2.6 0 0 0 0 2.4000000000000004 3.4000000000000004 0 0 0 0 0 0 0 0 0 0 0 0 0 0 0.2 1.6 0 0 0 0 0 0.4 0 0 0.2 0 0 0 0 0 0 0 0 0 0 0 0 0 2.8000000000000003 0 0 2 0 0 0 0.4 0.4 0 18.2 10.200000000000001 0 1.6 0.8 0 0 0 0 0.2 0 0 0 0 2 0 0 0 0 0 0 0 0 0 0 0 0 2.2 2 3.6 0 0 0 0 0 0 0 0.2 0 0 0 0 
 27.6 49 22.8 41.2 26.8 65.8 23.8 50.800000000000004 50 24 11.8 0 6.6000000000000005 32.6 9.600000000000001 5.4 40.400000000000006 52 63.800000000000004 40 6.2 0.6000000000000001 0.4 0 3.8000000000000003 1 18.2 15.200000000000001 0.6000000000000001 0 0 0.2 15.200000000000001 17 15.200000000000001 0 0 0 0 6.800000000000001 0 0 0 0.6000000000000001 1 0 0 0 0 0.6000000000000001 0.6000000000000001 0 0 0.6000000000000001 0 0 0 0 0.4 0 1 0 0 0.2 0 0.6000000000000001 0 0 0 0 0 0 0 0 0.4 0 0 0.4 0.6000000000000001 0 0 5 4 2.4000000000000004 5.6000000000000005 2.4000000000000004 0 7.800000000000001 8.4 0 0 4.4 0 0 2.4000000000000004 5.2 0 0 0 0.2 1.8 0 0.2 2.6 0 0 0.6000000000000001 0 0 0 0 0 4.4 0 5 2.8000000000000003 0 0 2.6 9.600000000000001 0 0 1.2000000000000002 0 0 0 0 0 0 0 0 0 0 0 0 0 0 0 0 0 0 0 0 0 0 0 0 0 0 0 1.4000000000000001 0 0 0 0 0 2 0 0 0 5.6000000000000005 0 0 6.800000000000001 0 7 4.6000000000000005 9.600000000000001 6.2 6.4 3.2 0 0 1.4000000000000001 6.2 5.800000000000001 0.2 3 0 0 3 0 0 3.2 0 0 8.8 0.2 0 3.4000000000000004 0 2.8000000000000003 9.200000000000001 1.8 0 0 0.2 0 5 0 0 0 0 0 0 0 0 0 0 0 0 0 0 0 0 0 0 0 0 0 0 0 0 0 0 0 0 0 0 0 0 2 0 0 0 0 0 0 0 0 0 0 0 0 0 0.6000000000000001 0.4 0.8 0.6000000000000001 0.4 0 3.2 0 0 0 0 0 0 0 0 0 0 1.8 0 0 0 0 0 0 0 0 0 0 0 0.4 7.4 2.2 0 0 0 0 0 0 0 0 0 0 0 0 0 
 105.4 15.4 82.60000000000001 51 54 7.800000000000001 30.6 40.400000000000006 67.60000000000001 14.200000000000001 6.6000000000000005 6.6000000000000005 0 27.200000000000003 78.80000000000001 5.2 10.4 4.6000000000000005 14.200000000000001 72.2 8.6 0.6000000000000001 0 0 0 0.4 0 0.2 0.6000000000000001 0 0 0.2 0 0 0.2 0.4 0 0 0 0.6000000000000001 0 0 0.2 0 0.6000000000000001 0 0 0 0 0.4 0.6000000000000001 0 0 0 0 0 0 0 0.4 0 0.6000000000000001 0 0 0 0 0.6000000000000001 0 0 9 0 0 0 0 0 0.4 0 0 0.4 0.6000000000000001 0 5.2 0 0 3 0 0 4.2 10.4 3 0 0 0 2.6 1.8 0 1.8 0 5.2 2 2.8000000000000003 0 0 0 0 0 0 0 0 0 0 0 0 0 0 0 0 0.4 0 0 0 0 2.8000000000000003 0 0 0 0 0 0 0 0 0 0 0 0 0 0 0 0 1.8 0 0.8 0 0 0 0.2 0 0 0 0 0 0 0 0 0 0 0 0 0 0 0 4.800000000000001 0 0.4 2.4000000000000004 0 0 2.8000000000000003 4 0 0 2.8000000000000003 0.2 2 0 0 5.4 0 0 3.2 7.4 0 0 0 0 0 0 0 0.2 0 0 0 0 0 0 0 0 0 0 0 0 0 0 0 2 0 0 0 0 0 0.2 0 0 0 0 0 0 0 0 0 0 0 0.2 0 0.4 0 0 0 0 0.4 0 0 0 0 0 0 0 0 0 0 0 0 0 0 0 0.4 0 0 0 0.4 0 0 0.8 0 0 0 0 0 0 0 0 0.4 0 0 0 0 0 0.4 0 0 0 0 0 0 0 0 0 0 0 0 0 0 0 0 0 0 0 0 0 0 0 
 43.800000000000004 11.600000000000001 56 35.800000000000004 36.800000000000004 14.200000000000001 52.400000000000006 32 48.400000000000006 15.600000000000001 24.8 32.6 27.200000000000003 0 54.2 10.4 50.400000000000006 58 55.2 16.2 0 2 0.4 0 0 0.4 0 0.4 1 0.4 0.4 0.6000000000000001 0.2 1.2000000000000002 0.6000000000000001 0.2 0 0 0.8 0.4 1 0 12.8 0 0.6000000000000001 0 0 0 1 2.2 0.6000000000000001 0 0 0.6000000000000001 0.6000000000000001 1 0 0 0.4 0 0.6000000000000001 1.2000000000000002 0 0.2 0 0.6000000000000001 0 0 0 0.4 0 0 0 0 0.4 0.4 0 0.4 0.6000000000000001 0 7.6000000000000005 2.6 4 5.800000000000001 0 0 2 8.200000000000001 0 2.2 2.8000000000000003 1.8 2 4.2 2.6 14.600000000000001 0 3.6 1.8 6.800000000000001 0 0 0 0 0 0 3.6 0 0 0 0 0 0 0 0 0 0 0 0 0 0.4 0 0 0 0 0 0 0 0 0 0 0 0 0 0.4 0 0 0 0 0 0 0 0 0.2 1 0 0 0 0 0 0.4 0 0 0 0 0 0 0 0.2 0 1.2000000000000002 0.2 0 2.2 4.4 4.800000000000001 0.6000000000000001 5 0 0 2.6 8.4 3 2.2 5.6000000000000005 0 4.2 2.8000000000000003 3.6 0 0 0 0 0 0 0 0 0 0.2 0.2 0 0 0 0 0 0 0 0.4 2.4000000000000004 0 0 0 0 0 0 0 0 0 0 0 0 0 0 0 0 0 0 0 0 0 0 0 0 0 0 0 0 0 0 0 0 0 0 0 0 0 0 0.2 0 0 0 1.8 0 0 0 0 0.2 0 0.4 0 0 1.8 0 0.2 0 0 0 0 0 0 0 0 2 0 0 0 0 0 0 0 0 0 0 0 0 0 3.2 1.6 0 0 0 0 0 0 0 0 0 0 0 0 
 7 90 35 9.600000000000001 8.8 13.200000000000001 52.800000000000004 34.4 16.400000000000002 15.4 7.4 9.600000000000001 78.80000000000001 54.2 0 16 8 6.6000000000000005 29.400000000000002 41.800000000000004 0 0.6000000000000001 0 14.600000000000001 0 0.4 0 0.6000000000000001 0.6000000000000001 0 0 0.8 0 0.6000000000000001 0 0.2 0 0 0 0 0.4 0 0.2 0 0.4 0 1 0 0.4 0.6000000000000001 0.6000000000000001 0 0 0 0.4 0.4 0 0 0.6000000000000001 0 0.4 0.6000000000000001 0 0.6000000000000001 0 0.6000000000000001 0 0 0 0.6000000000000001 0 0 0 0 0.4 1.2000000000000002 0 0.4 1.4000000000000001 0 5.4 0.2 4 2 0 0 0.2 9.600000000000001 0 3.8000000000000003 0 0 3 2 11 9.200000000000001 0.2 3 10 2.4000000000000004 0 0 0 0 0 0 0 0 0 0 0 0 0 0 0 0 0 0 0 0 0 0 0 0 0 0 0 0 0 0 0 0 0 0 0 0 0 0 0 0 1.2000000000000002 0 0 0 1.2000000000000002 0 0 0 0 0 0 0 0 0 0 2.4000000000000004 0 0 0 0 0 5.2 0 0 0 0 3.8000000000000003 4.800000000000001 5 0 0 0 0.4 0 0 0.4 2.8000000000000003 0 5.800000000000001 4 0 0 0 0 0 0 0 0 0 0 0 0 0 0 0 0 0 0 0 0 0 0 0 0 0 0 0 0 0 0 0 0 0 0 0 0 0 0 0 0 4 0 0 0 0 0 0 0 0 0 0 0 0 0 0 0 0 0 0 0 0 0 0 0 0 0 0 0 0 0.4 0.4 4 0 0 0 0 0 0 0 0 0 0 0 0 0 0 0 0 0 0 0 0 0 0 0 0 0 0 0 0 0 0 0 0 0 0 0 0 0 0 
 69.60000000000001 31.200000000000003 11.4 72 18 34.4 22.6 12 23.200000000000003 46.2 45.2 5.4 5.2 10.4 16 0 92 47.400000000000006 30.8 33.4 0 0.6000000000000001 0 0 0.4 0.4 14.4 1 0.6000000000000001 0 0.2 0.4 0 0 0.2 0 3.4000000000000004 0 33.2 17 0 0 0 0 0.6000000000000001 0 0 0 0 0.4 0.6000000000000001 0 0 0 0 0 0 0 0.4 0 0.6000000000000001 0 0 0 0 0.6000000000000001 0 0 0 0 0 6.6000000000000005 0 0 0.4 0 0 0.4 0.6000000000000001 0 0 12.200000000000001 1.2000000000000002 5.2 4.4 5 2.2 0.4 7.2 8.6 5.2 0 0.2 0 5 1.4000000000000001 14.8 2.6 2.4000000000000004 1.6 0 0 0 0 0 0 0 0 0 0 0.4 0 4 2.6 0 0 0 0 9.4 0 0 0 0 0 0 0 4.2 0 0 0 0 0 0 0 0 1.4000000000000001 0 0.4 0 0 0 8.200000000000001 0 0 0 0 0 0 0 0 0 0 2 0 0.2 0 0 0 0 0 0 2 0 0 2.4000000000000004 0 2.8000000000000003 0 0.2 2 4.6000000000000005 0 4.6000000000000005 3.2 0 2.2 7.6000000000000005 6.6000000000000005 1.6 2 0 0 0 0 0 0 0 0 0 0 0 0 4.2 0 4.4 0 0 0 3.4000000000000004 4.800000000000001 3.2 0 0 0 0.4 0 0 0 0 0 0 0 0 0 0 0 0 0 0.2 0 0 0 0 0 0 0 0 0 0 0.4 0 0 0 0 0 0 0 0 0 0 0 0 0 0 0 0.4 14.4 0 0 17 0 1.6 0 0 0 0 0 0 0 0 0 0 0 0 0 0 0 0 0 0 0 0 0 0 0 2.8000000000000003 2.6 2.8000000000000003 0 0 0 0 0 0 0 0 0 0 0 0 
 50.6 8.4 12.200000000000001 29.8 11.200000000000001 29.8 5.4 19 26.400000000000002 31.8 47.400000000000006 40.400000000000006 10.4 50.400000000000006 8 92 0 62.2 8.200000000000001 7.2 0.4 0.6000000000000001 0 0 0 0.4 0.8 0.6000000000000001 0.6000000000000001 0 0 0.2 0 0 0 0 0 0 53.2 15.8 0 0 0 0 0.6000000000000001 0 0 0 0 0.6000000000000001 0.6000000000000001 0 0 0 0.4 0 0 0 0.6000000000000001 0 0.4 0 0 0.4 0 0.6000000000000001 0 0 0 0 0 0 10.4 0 0.4 0 0 0.4 0.6000000000000001 0 0 6.2 2.8000000000000003 1.8 12 3.6 0 0 11.600000000000001 2 4 0 0 0 0 2 3.6 3 0 0 0 0 0 0 0 0 3.4000000000000004 0 0 0 0 0 6.4 4.2 0.2 0 0 0 3.6 1.8 0 0 0 0 0 0 0 0 0 0 0 0 0 0 0 2.2 0 0 0 0 0 0 0 0 0 0 2.6 0 0 0 0 0 0.8 0 0 0 0 0 0 0 8 2 1 3 7.6000000000000005 0.2 0 3.8000000000000003 2.6 2.2 5.800000000000001 2.4000000000000004 0 0 3.6 13.8 3.4000000000000004 4.2 0 0 0 4.2 0 0 0 0 0 0 0 0 0 0 7 0.8 0 0 0 0 7 5.2 0 0 0 0 0 0 0 0 0 0 0 0 0 0 0 0 0 0 0 0 0 0 0 0 0 0 0 0 1.2000000000000002 0 0 0 0 0 0 0 0 0 0 0 0 0 0 0 0 0.2 27 0 0.8 0.2 0.4 1.6 0 0 0 0 0 0 0 0 0 0 0 0 0 0 0 0 0 0 0 0 0 0 0 11.4 0 3.8000000000000003 0 0 0 0 0 0 0 0 0 0 0 0 
 58 9 63 19.8 12.200000000000001 14.600000000000001 27 10.8 40.800000000000004 19.8 13.200000000000001 52 4.6000000000000005 58 6.6000000000000005 47.400000000000006 62.2 0 40.800000000000004 25.6 0 1 0 0.4 0 0.4 0.2 1 0.6000000000000001 0 0 0 0 0 0.4 0 0 0 21 0.6000000000000001 0 0 0.6000000000000001 0 0.6000000000000001 0.4 0 0 0 0.6000000000000001 0.6000000000000001 0 0 0.2 0.6000000000000001 0.6000000000000001 0.2 0.4 0.6000000000000001 0 0.8 0 0 1.2000000000000002 0 0.6000000000000001 0 0 0 8.200000000000001 0 0 0.4 0.4 0.6000000000000001 0.6000000000000001 0 0.4 0.6000000000000001 0 0 10.600000000000001 9 2 2.4000000000000004 0 0 1.8 10.200000000000001 9.4 0 3.8000000000000003 0.4 8 4 0 1.8 2.4000000000000004 0 0 0 0 0 0 0 0 0 0 0 0 0 0 3 0 0 0 0 0 4 0 0 0 1.4000000000000001 0 0 0 0 0 0 0 0 0 0 0 0 0 0 0 0 0 0 0 0 0 1 0 0 0 0 0 0 0 0 0 0 0 0 0 0 0 6 0 1 7.4 0 0 3.4000000000000004 2.8000000000000003 0.2 3.2 3 3.2 1.8 4.4 8.4 4.6000000000000005 0 0 0 0 0 0 0 0 0 0 0 0 0 0 0 0 2 6.800000000000001 0 0 2.2 0.2 0.6000000000000001 6.4 0 0 0 0 0 0.2 0 0 0 0 0 0 0 0 0 0 0 0 0 0 0 0 0.4 0 0 0 0 0 0 0 0.2 0.2 0 0 0 0 0 0 0 0.2 0 0 0 0 0 1.6 19 0 0 0.2 0 2 0 0 0 0 0 0 0 0 0 0 0 0 0 0 0 0 0 0 0 0 0 0 0 3.6 1.4000000000000001 0 0 0 0 0 0 0 0 0 0 0 0 0 
 6 29.400000000000002 33.800000000000004 34.4 11 8.6 25.6 27.6 36.2 22.8 52.800000000000004 63.800000000000004 14.200000000000001 55.2 29.400000000000002 30.8 8.200000000000001 40.800000000000004 0 46.2 0 0.6000000000000001 0.2 15.200000000000001 0.2 0.4 0 0.8 0.6000000000000001 0 0 0.4 1 12.8 0 0.6000000000000001 0 0 0 0.6000000000000001 0 0 12.8 0.4 0.4 0 0 0 0 0.6000000000000001 0.6000000000000001 0 0 0.6000000000000001 0.4 0 0.2 0 0.6000000000000001 0 0.4 0 0 0.6000000000000001 0 0.8 0 5.2 0 0 0.2 0.2 0.2 0 0.4 0 0 1.2000000000000002 0.6000000000000001 0 7 5.4 3.4000000000000004 2.8000000000000003 0.6000000000000001 0 0 1.4000000000000001 0 3.4000000000000004 0 0 6.2 0.4 0 0 3 7.2 3 24 0 0 0 0 0 0 0 0 0 0 0 0.2 0 0 0 0 0 0 0 0.2 0 0 0 0 0 0 0.2 0 0 0.4 0 0 0 0 3.4000000000000004 0 0 0 0.4 0 0.8 0 0 0 1 0 0 0 0 0.4 0 0 0 0 0 0 0 0 0 0 0 0 0 0.8 0 0 2 0 0 1.4000000000000001 0 3.8000000000000003 3.8000000000000003 0 7.2 0.4 0 3 2.8000000000000003 0 0 0 0 0.2 0 0 0 0 0 0 0 0 0 0 0 0 0.2 0 0 0 0 0 0 0 0 0 0 0 0 0 0 0 0 0 0 0.2 0 0 0 0 0 0 0 0 0 0 0 0 0 0 0 0 0 0 0 0 0 0 0 0 0 0 0 0 0 0.2 0 0 0.4 0.6000000000000001 0 1.4000000000000001 0 0 0 0 0.2 0 0 0 0 0 0 0 0 0 0 0 0 0.4 0.2 0 0 0 0 0 0 0 0 0 0 0 0 0 0 0 0 0 0 0 
 6.800000000000001 26.400000000000002 8.8 27.8 17.8 14.4 28.6 92.4 13.4 23.6 16 40 72.2 16.2 41.800000000000004 33.4 7.2 25.6 46.2 0 0 0.6000000000000001 0 0 0 0.4 0 0.6000000000000001 0.6000000000000001 0 0 0.6000000000000001 0.4 0.6000000000000001 0 0.2 0 0.2 0 0 0.8 0 0.2 0 0.4 0 0 0 0.4 0.6000000000000001 0.6000000000000001 0 0 0 0.4 0.4 0 0 0.6000000000000001 0 1 0.6000000000000001 0 0.6000000000000001 0 0.6000000000000001 0 0 0 0.6000000000000001 3.8000000000000003 0 0 0 0.4 1.6 0.2 0.4 0.6000000000000001 0 2.6 0 0 0 0 0 2.2 9.600000000000001 0 0 0 0 10 10.4 5 0 5.800000000000001 0.2 0.2 2.6 0 0 0 3.2 0 0 0.2 0 0 0 0 0 0 0 0 0 0 0 0 0 0 0 0 0 0 0 1.6 0 0 0 0 0 0 0 0 0 0 0 0 0 0 0 0 0 0 0 0 0 0 0 0 0 0 0 0 0 0 0 0 0 2.2 0 3.4000000000000004 2.4000000000000004 0 0 7.6000000000000005 0.4 0 2 0 0 2 0 1.8 1.8 0.2 3.6 0.2 0 0 0 0 0 0 0 0 0 0 0 0 0 0 0 0 0 0 0 0 0 0 0 0 0 0 0 0 0 0 0 0 0 0 0 0 0 0 0 0 0 0 0 0 0 0 0 0 0 0 0 0 0 0 0 0 0 0 0 0 0 0 0 1.8 0 0 0.4 0 0 0.4 0 0 1 0 0 0 0 0 0 0 0 0 0 0 0 0 0 0 0 0 0 0 0 0 0 0 0.2 0 0 0 0 0 0 0 0 0 0 0 0 0 0 
 0 0 0.2 30.8 28.200000000000003 15.4 0 0 0 0.6000000000000001 0 6.2 8.6 0 0 0 0.4 0 0 0 0 19 18.400000000000002 51 9 3.8000000000000003 105.4 71 39.400000000000006 30.6 10.200000000000001 6.4 25.400000000000002 60.2 30.200000000000003 6 26 19 13.600000000000001 22.6 0.6000000000000001 0 0 0.6000000000000001 0 0 0 0 0.4 0.6000000000000001 0.2 0 0.4 0.6000000000000001 0 0 0.6000000000000001 0.4 0 0 8 0 0 0 0 0.4 0.8 0 8.6 0 0 1 0 1.2000000000000002 0 0 0 0 0 0 0 0 0.2 0 2.2 4.2 0 0 0 0 0 3 0 0 0 0 0 0 0 0 5.2 1.2000000000000002 1.2000000000000002 6 0.2 0 7.6000000000000005 7.4 1.8 2.4000000000000004 2.4000000000000004 4.2 1.8 0 7.800000000000001 0 1.2000000000000002 4.2 0 2 0 3 0.4 0 0 0 0 0 0 0 0 0 0 0 0 0 0 0 3.2 0 0 0 3.2 0 0 2.2 0 0 0 0 0 0 0 0 0 0 0 1 0 0 0 0 0 0 0 0 0 0 0 0 0 0 0 0.2 0 0 0 0 0 0 6.800000000000001 0 9.600000000000001 4.800000000000001 0 0 3.8000000000000003 1.6 4.4 2.2 7 0 1.6 0.2 3.8000000000000003 0 0 4 0 2.4000000000000004 0 0 0 4.6000000000000005 0 0 0 0 0 0 0 0 0 0 0.2 0 0 0 1.6 0.2 0 0 0 0 0 0.2 0 0 0 0 0 0 0 0 0 0 0 0 0 0.4 0 0 0 0 0 0 0 0 0 0 0.2 0 0 0 0.8 0 0.4 0.4 0 0 0 0 0 0 0 0 0 0 0 0 0 0 0 0 0 0 0 0 0 2.6 0 0 0 0 0 0 2 0 0 0 
 1 0.6000000000000001 0.6000000000000001 0.6000000000000001 15.4 0.6000000000000001 0.6000000000000001 3.6 0.6000000000000001 0.6000000000000001 0.6000000000000001 0.6000000000000001 0.6000000000000001 2 0.6000000000000001 0.6000000000000001 0.6000000000000001 1 0.6000000000000001 0.6000000000000001 19 0 39 29 6.800000000000001 94 13 20.400000000000002 42.400000000000006 84 56 47.400000000000006 42.6 15.200000000000001 14.200000000000001 12 65.2 88.2 11.600000000000001 13.8 1 0 0 1.2000000000000002 1.2000000000000002 1.4000000000000001 0 0 1 0.4 0 0.4 0.4 1.2000000000000002 0.6000000000000001 0 0.6000000000000001 2.8000000000000003 4.6000000000000005 0 0 0 0 0 0 0.8 0 0 0.4 0 0 1 0 0.4 0.6000000000000001 0.8 0 0 0 7.2 0 0.4 0 0 0 0 0 0 0 0 0 0 0 0 0 0 0 0 0 0 5.4 2.2 4 13.4 1.2000000000000002 0 6.800000000000001 13.600000000000001 4.6000000000000005 7.4 0.8 3 1.6 0 4.800000000000001 12.4 6.6000000000000005 2 0 3.4000000000000004 0 0 0 0 0 0 0 0 0 2 5.800000000000001 0 0.2 0 0 0.4 0 0 0 2 0 0 0 0 0 0 0 0 0.4 0 0 0 0 0 0 0 0 0 0 0 0 0 0 0 0 0 0 0 0 0 0 0 0 0 0.2 0 0 0 0 0 4.6000000000000005 3.6 9.8 2.2 0 0 0 8.6 4.4 6.4 1.4000000000000001 4 1.8 4.6000000000000005 7.2 9.200000000000001 4.4 0.6000000000000001 3.6 1.6 0 0 0 0 0 0 1.6 0 0 0 0 0 2 0 0 0 1.6 0 0 0 0 0 0 0 0 0 0.2 0 0 0 0 0 0 0 0 0 0 0 0 0 0 0 6.4 0 0 0 0 0 0 0 0 0 0 0 0.4 0.4 0.4 0 0 0.4 0.8 0.4 0 0 0 0 0.6000000000000001 0 0 0 0 0 0 0 0 0 0 0 0 0 0 9 0 0 0 0 0 0 0 0 
 0.2 0 0 0 9.8 0 0 0 0 0 0 0.4 0 0.4 0 0 0 0 0.2 0 18.400000000000002 39 0 32.6 37.800000000000004 19 9.200000000000001 20.6 20.200000000000003 52.6 9.200000000000001 25.200000000000003 55 37.2 36 83.80000000000001 8.8 22 20.6 7 0.8 0 0 0.6000000000000001 0.4 0 0 0 0.8 0.4 0.2 0 0.4 0.6000000000000001 0 0.4 0.6000000000000001 0.4 0.2 0 2.6 0.6000000000000001 0 0 0 0.4 0 0 0 0 0 0.6000000000000001 0 1.2000000000000002 0 0.4 0 0 0 0 0 0 0 0 0 2.8000000000000003 0 0 0 0 0 0 0 0 0 0 0 0 0 0 0 0 0 0 3.4000000000000004 1.4000000000000001 0 0 3.8000000000000003 4.4 2.4000000000000004 3.2 1.2000000000000002 1.8 3.6 0.2 5.6000000000000005 3.4000000000000004 0 2 0 0 0 0 0 0 0 0 0.4 0 0 0.2 0 2.6 2.4000000000000004 0 0 0 6.6000000000000005 4.800000000000001 0 0 0 0 0 0 0.4 0 0 0 0 0 0 6.6000000000000005 0 0.2 0.8 0 0 0 0 0 0 0 0 3.6 1.4000000000000001 0 0 0 0 0 0 0 3 0 0 0 0 0 0.2 2.6 0 3 4.800000000000001 0 0.4 0 3.8000000000000003 4.6000000000000005 0 0.2 0 0 6.2 5.800000000000001 1.8 2 0 0 3 0 0 0 0 0.4 2.4000000000000004 0 0 0 0 0 0.2 4 0 0.2 0 2 0 0.2 0 0 0 0 0 0 0 6 0 0 0 0 0 0 0 0 0 0 0 0 0 0 0 0 0 0 0 0 0 0 0 0 0 0 3 0 0 8.4 12.4 0 0.8 0 0 0 0 0 0 0 0 0 0 0 0 0 0 0 0.2 0 0 0 0 0 0 0 0 0 0.4 0 0 0 
 0 0 0 0 0 0 0.4 0 0.4 0 0 0 0 0 14.600000000000001 0 0 0.4 15.200000000000001 0 51 29 32.6 0 38.2 5.2 12.4 33.2 45.6 21.200000000000003 72.4 23.6 17 33.800000000000004 26 44.2 30.200000000000003 75.2 13.8 9.8 0.4 0 0 0.6000000000000001 0.8 1.4000000000000001 0 12.8 0.4 0.4 0 12.4 0.6000000000000001 13 12.4 0 0.6000000000000001 1.4000000000000001 12.4 20.200000000000003 0 0 0 0 0 0.4 0 0 0 0 0 0.6000000000000001 0 0.4 0 0 0 0 0 0 0 0.4 0 0 0.2 0 0 0 0 0 0 0 0 0 0 0 0 0 0 0 1.6 3.8000000000000003 0 2.2 8.4 4.2 6 7 3 4.2 2.4000000000000004 0.2 0 0 3.2 3.6 3 3.6 0 0 1.6 4.2 0 0 0 0 0 0 0 1.6 0 0.2 2.4000000000000004 0 2.6 0.4 3.8000000000000003 2.2 6.2 1.4000000000000001 0 0 0 0 0 0.4 0 0 8.4 0 0 0 0 0 0 0 0 1 0 0.2 0 0 0 0 0 0 0 0 0 0 0 0 0 0 0 0 0 0 0 0 0 1.4000000000000001 4.4 0.8 0.6000000000000001 0 0 5.6000000000000005 0 0 1.8 2 0 0 2.2 0 3.4000000000000004 4.800000000000001 0 0 5.4 0 3.4000000000000004 0 0 0 0 0 3.6 0 0 0 0 0.2 2.8000000000000003 2 0 0 10.200000000000001 2.2 0 0 0 0 0 0 0 0 0 0 0 0 0 0 0 0 0 0 0 0 0 0 2.6 0 0 0 0 0 0 0 0 0 0 0 0.4 0.4 0.2 37.4 0 0 4.800000000000001 0 0 0 0 0 0 0 0 0 0 0 0 0 0 0 0 0 0 0 0 0 0 0 0 1.4000000000000001 0 0 0 0 
 0 0 0 0 0 0 0.8 0 0 0 0 3.8000000000000003 0 0 0 0.4 0 0 0.2 0 9 6.800000000000001 37.800000000000004 38.2 0 41 11.4 15.4 31.6 28 76.80000000000001 25 22.200000000000003 16.400000000000002 26.200000000000003 48 42.400000000000006 7.6000000000000005 12.4 13.600000000000001 4.6000000000000005 7.4 12.600000000000001 0.6000000000000001 0.6000000000000001 1.6 0 0.2 0.4 0.4 0 0 4.4 1.2000000000000002 0 0 13.600000000000001 1.4000000000000001 13.200000000000001 16.400000000000002 0 0 0 0 0 0.4 0 6.2 1 0 0 0.6000000000000001 0 0.4 0 0 0 0.4 0 0 0 0 0 0 0 0 0 0 0 0 0 0 0 0 0 0 0 0 0 0 0 0 1.8 0 2.8000000000000003 7.6000000000000005 2.4000000000000004 2.6 0 3.6 1.4000000000000001 2.4000000000000004 0 0 3.2 1.8 0.2 6 0 0 5.800000000000001 2.2 2 5.4 0 0 5.6000000000000005 0 0.2 0 0 0 9.4 0 2.4000000000000004 0.4 0 0 6.6000000000000005 5.6000000000000005 0.4 0.4 0 0 0 0 0 0 0 0 0 2 0 0 0 0 0 0 0 0 0 0 0 0 0 0 0 0 0 0 0 0 0 0 0 0 0 0 0.4 0 0 1.2000000000000002 0 0 0 0.2 2.8000000000000003 0 0 0 0.4 5 0 0 3 4.4 0 4 0.4 0 4.800000000000001 0 0 0 0 0 0.2 0 0.4 0 0.2 0 3.6 0 4.2 0 0 2.4000000000000004 0 9 0 0 0 0 0 0 0 0 0 0 0 0 0 0 0 0 0 0 0 2.8000000000000003 0 0 2.6 0 0 0 0 0 0 0 0 0.6000000000000001 0 0 1.4000000000000001 0.4 0.6000000000000001 37 0 0 0.4 3 0 0 0 0 2.8000000000000003 0 0 0.2 0 0 0 0 0 0 0 0 0 0 0 2.4000000000000004 0 0 0 4 0 0 0 0 
 13.8 0.4 0.4 0.6000000000000001 0.4 0.4 16.2 0.4 0.4 0.4 0.8 1 0.4 0.4 0.4 0.4 0.4 0.4 0.4 0.4 3.8000000000000003 94 19 5.2 41 0 2.4000000000000004 3 65 10.600000000000001 17 10.8 4.6000000000000005 6 24.400000000000002 16.2 28 12.200000000000001 7.800000000000001 8.200000000000001 12.4 26 8.200000000000001 0.6000000000000001 0.6000000000000001 0 11.4 0 0 0.2 12.4 0 25.8 13 0 0 4.4 0 36 25.6 0.4 0 0 0.2 0 0 0 0 0 0 1 0 0 0 0 0 0 0 0 0 0 0 0 0 0 0 0 0 0 0 0 0 0 0 0 0 0 0 0 0 0 0.2 0 0 1 5.6000000000000005 0 0 6.4 0 2 5.2 0 0 0 0 2.4000000000000004 1.4000000000000001 0 0 4 0 4.4 3 0 0 13.4 3.8000000000000003 3.6 5.800000000000001 0 4 3.2 6.6000000000000005 8.6 4.4 0 2 2.2 3.4000000000000004 0 0 0.4 0 0 0 0 0 0 0 0 5.4 0.8 0.4 0 0 0 0.6000000000000001 4.2 0 0 0 0 0 0 0 0 0 0 0 0 0 0 0 0 0 0 0 0 0.4 0 0.4 0 0.2 3.8000000000000003 2 0 0 0 0 0.4 7.4 0 0 2 0 1.8 0 0 0 4.6000000000000005 0.4 0.2 0.4 0 0 5 2.2 3.2 1.6 0 0 1.2000000000000002 7.2 7 5.800000000000001 3.8000000000000003 3.4000000000000004 11.600000000000001 6.6000000000000005 0 2 0 0 0 0 0 0 0 0 0 0 0 0 0.4 0 0 0.2 0 0 0 0 0 0 0 0 0 0 0 0 0 0 0 0 1.8 0 0.2 0.2 0 3 0 3.6 0 0 0 0 0 0 0 0 0 0 0 0 0 0 0 0 0 0 0 3.6 0 0 4.6000000000000005 0 0 0 0 0 
 0 0 0 29.8 15 34.6 0 0 0 0.2 0 18.2 0 0 0 14.4 0.8 0.2 0 0 105.4 13 9.200000000000001 12.4 11.4 2.4000000000000004 0 63.6 24.400000000000002 44.6 7.6000000000000005 25.200000000000003 36.2 47 28.6 12 4.4 7.2 26 33.2 0.4 0 0 0.6000000000000001 0 0 0 0 0.4 0.4 0 0 0.4 0.6000000000000001 0.2 0 0.6000000000000001 0.4 0 0 0 0 7.6000000000000005 0 0 17.400000000000002 0.8 0.2 0 0 0 0.6000000000000001 0 0.4 0 0 0 0 0 0 0 0 0 0 3 5.2 0 0 0 1.8 0 2.2 0 0 0 0 0 0 0.4 0 4.4 0 0.4 5.4 0 0 0 2.8000000000000003 2.4000000000000004 2.6 1.8 6 4.4 0 12.600000000000001 2 7 0 0.2 1.8 0 0 2 0 0 0 0 0 0 0 0 0 0 0 0 0 0 0.4 0 3.6 0 0 0 0 0 0 0 0 0 0 0 0 0.2 0 0 0 1 0 0 0 0 0 0 0 0.4 3.8000000000000003 0 0 6.4 0.2 0 0 0 0 0 0 0 0 0 0 2 0.4 4.800000000000001 1.8 0 0 6.2 6.6000000000000005 0 7.6000000000000005 6.4 0 1.6 2 2 4 5.2 3.6 0 4 0 0 0 0 0 0 0 0 0 0 0 0 0 0 0 0 0 0 0 0 0 0 0 0 0 0 0 0 0 0 0 2 0 0 0 0 0 0 0 0 0 0 0 0 0 0.4 14.8 0 0 0 0 0 0 0 0 0 0 0.2 0 0 0 0 0 0 0 0 0 0 0 0 0 0 0 0 0 0 0 0 0 0 0 0 0 0 0 0 0 0 0 0 
 0.4 0.4 0.6000000000000001 30.8 20 17.400000000000002 0.6000000000000001 0.4 0.4 0.6000000000000001 0.6000000000000001 15.200000000000001 0.2 0.4 0.6000000000000001 1 0.6000000000000001 1 0.8 0.6000000000000001 71 20.400000000000002 20.6 33.2 15.4 3 63.6 0 44.400000000000006 49.800000000000004 6.4 8.200000000000001 43.400000000000006 94.60000000000001 66 10.600000000000001 25.8 22 12.200000000000001 72.2 0.2 0 0 0.6000000000000001 0 0 0 0 0.4 0.2 12.600000000000001 0 0.4 0.6000000000000001 0 0 0.6000000000000001 0.4 0 0 0.6000000000000001 0 0 0 0 0.4 2 0 0 0 0 0.8 0 1.2000000000000002 0 0 0 0 0 0 0 0 0 0 5.6000000000000005 3.6 0 0 0 0 0 0.2 0 0 0 0 0 0 0 0 1.6 1.4000000000000001 2 1.8 0 0 11.200000000000001 4.4 5.2 9 2.8000000000000003 2.6 2.6 0 2.4000000000000004 0 3.6 2 0 2.2 0 0 0 0 0 0 0 0 0 0 0 0 0 0 0 6 0 0 0 0 0 0 0 0 0 0 0 0 0 0 0 0 0 0 0 0 0 4.6000000000000005 0 0 0 0 0 0 0.2 0 0 0 0 0 0 0 0 0 0 0 0 0 0 0 6.4 2.2 6.6000000000000005 0 0 0 7.2 1.6 0 2.8000000000000003 2.6 0 2.8000000000000003 0.2 8.8 3.4000000000000004 0 7.4 2.2 1.4000000000000001 0 0 0 0 0 0 0.2 0 0 0 0 0 0 0 0 0 0 0 2 0.2 0 0 0 0 0 0 0 0 0 0 0 0 0 0 0 0 0 0 0 0 0 0 0 0 0 0 0.8 0 0 0 2.6 0 0 0 0.6000000000000001 0 0 0.8 0 0 0.4 0 0 0 0 0 0 0 0 0 0 0 0 0 0 0 0 0 0 2.4000000000000004 0 0 0 0 0 0 2.2 0 0 0 
 0.6000000000000001 0.6000000000000001 0.6000000000000001 0.6000000000000001 0.6000000000000001 0.6000000000000001 0.6000000000000001 0.6000000000000001 7.2 0.6000000000000001 1.2000000000000002 0.6000000000000001 0.6000000000000001 1 0.6000000000000001 0.6000000000000001 0.6000000000000001 0.6000000000000001 0.6000000000000001 0.6000000000000001 39.400000000000006 42.400000000000006 20.200000000000003 45.6 31.6 65 24.400000000000002 44.400000000000006 0 15 20.200000000000003 4.800000000000001 43.2 48.2 15.8 42.400000000000006 9.8 50.800000000000004 15.8 37 0.8 0 0 0.6000000000000001 0.2 1.4000000000000001 0 0 0.8 0.4 0 0.4 0.4 0.6000000000000001 0 0.4 0.6000000000000001 0.4 0 0 0 2.6 0 0 0 1 3.6 0 0 0 0 0.6000000000000001 0 0.6000000000000001 0 0 0 0.8 0 0.2 0 0 0 0 11.200000000000001 0 0 0 0 0 0 0 0 0 0 0 0 0 0 0 3.6 10.4 0.2 6.6000000000000005 4 1.6 3.8000000000000003 9 5.4 7.2 2 0 0 0 3.8000000000000003 3.6 9 1.8 0 0.2 0 0 0 0 0 0 0 0 0 0 0 0 0 0 1.4000000000000001 0 0 0 0 2.4000000000000004 0 0 0 0 0 0 0 0 1.2000000000000002 0 0 0 0 0 0 0 0 0.8 0 0 0 0 0 0 0 0 0 0 0 0 0 0 0 0 0 0 0 0 0 0 4.800000000000001 1 8.4 2.2 0 0 0.4 4.6000000000000005 1.4000000000000001 2 3.4000000000000004 0 0 1.6 2.4000000000000004 0 2.4000000000000004 6 0.2 2 0 0 0 0 0 0 0 0 0 0 0 0 0.2 0 0 0 0 0 2.4000000000000004 0 0 0 0 0 0 0 0 0 0 0 0 0 0 0 0 0 0 0 0 0 0 0 0 0 0 0.2 0 0 0 0 0 0 0 0 0.2 0 0.2 15.200000000000001 0 0 2.4000000000000004 0 0 0 0 0 0 0 0 0 0 0 0 0 0 0 0 0 0 4 0 0 0 0 0 0 2.2 0 0 0 
 0.4 0 0 0 15 14.4 0 0 0 0 0 0 0 0.4 0 0 0 0 0 0 30.6 84 52.6 21.200000000000003 28 10.600000000000001 44.6 49.800000000000004 15 0 34.6 10 75.2 49.2 47.800000000000004 17.6 69 36.2 15.8 18.6 0.6000000000000001 0.2 0 0.6000000000000001 0 0 0.2 0 0.4 1.4000000000000001 0.2 0.6000000000000001 0.4 1 0 0.2 0.6000000000000001 1.4000000000000001 12.4 22.200000000000003 0 0 0 0 0 0.4 0.4 0 0 0 0 0.6000000000000001 0 0.4 1.4000000000000001 1 0 0 0 6.6000000000000005 0 0 0 0 0 0 0 0 0 0 0 2.6 0 0 0 0 0 0 0 0 0 0.2 1.6 7.4 1.4000000000000001 0 2 4.2 11.600000000000001 8 3.8000000000000003 5.800000000000001 2 1.8 6 3.6 9.200000000000001 7.2 0 2.6 0 0 2.2 0 0 0 0 1.6 0 0 0 0 0 0 0 3.6 0 0 2.6 0.4 0 0 0 0 0 0 0 0 0.4 0 0 0 0 0 0 0 0 0 0 0 0 0 0 0 0 0.4 0 0 0 0 0 0 0 0 0 0 0 0 0 0 0.4 3.2 5.6000000000000005 2 2.4000000000000004 2 0 4 1.2000000000000002 0.6000000000000001 8.4 0.4 0 0.6000000000000001 0 3 9.4 2.6 1.6 0 0.4 0 0 0 0.2 0 1.4000000000000001 0.4 2.2 0 1.6 0 2 0 2 0.4 0.2 0.4 2.4000000000000004 0 0 0 0 0 0 0 0 0 0 0 0 0 3.2 0 0 0 0.2 0 0 0 0 0 0 0 0 0 0 0 0 0 0 0 0 0 0 0 1 16.2 17.6 0 0 0 0 0 0 0 0 0 0 0 0 0.2 0 0 0 0 0 0.2 0 0 0 0 0 0 0 0 0 0 0 0 
 0 0 0 0 0.2 0 1.4000000000000001 0 0 0 0 0 0 0.4 0 0.2 0 0 0 0 10.200000000000001 56 9.200000000000001 72.4 76.80000000000001 17 7.6000000000000005 6.4 20.200000000000003 34.6 0 14 67.4 26.400000000000002 10.8 85.80000000000001 16 12.600000000000001 8.4 21 13 12.8 0 0.6000000000000001 0 0 0.2 0 0.6000000000000001 0.6000000000000001 0.2 1.2000000000000002 0.8 13 0 0 0.8 0.4 13.200000000000001 0.4 0 0 9.4 0 0 0.4 0 0 0 0 0 0.6000000000000001 0 0.4 0.6000000000000001 0.4 0 0 0 6.800000000000001 0 0 0 0 0 0.2 0 0 0 0 0 0 0 0.2 0 0.2 0 0 0 0 2.2 3.6 5.6000000000000005 0.2 3 6.4 3.4000000000000004 2.2 2.8000000000000003 4.4 2.2 0 0.2 3.6 0 1.4000000000000001 11.4 2.4000000000000004 0 0 0 4.4 0.2 0 0 0 3.6 0 0.2 0.2 0 0 0.2 3 3.2 0 0 2 0 1.8 0 0 0 0.4 0 0 0 0 0 0 0 0 0.6000000000000001 0 0 0 0 0 0 0 0.2 0 0 0 0 0 0 5.4 0 0.2 0.2 0 0 0 0 0 0 0 0 0 1.8 0.8 4.800000000000001 0 0 4.2 0 5.800000000000001 1.2000000000000002 4.4 0 11 1.2000000000000002 0.2 10 7 2.2 3.6 3.6 1.6 5.800000000000001 0.4 0 0 0 0 6.800000000000001 0 0.2 0 0 0 5.800000000000001 4.4 5.4 2 0 0 1 0.8 0 0 0 0 0 0 0 0 0 0 0 0 0 0.4 0 0 0 0 0 3 0 0 0 0 0 0 0 0 0 0 1.2000000000000002 0 0 0 2.4000000000000004 0.4 0 16 0 0.6000000000000001 0.4 0.4 0 0 0 0 2.2 0 0 0 0 0 0 0 0 0 0 0 0 0 0 6.800000000000001 1.2000000000000002 0 4.2 0 0 0 0 0 
 0 0.2 0 0 0 0 1.6 0.4 0 0 0.4 0.2 0.2 0.6000000000000001 0.8 0.4 0.2 0 0.4 0.6000000000000001 6.4 47.400000000000006 25.200000000000003 23.6 25 10.8 25.200000000000003 8.200000000000001 4.800000000000001 10 14 0 23.8 5.6000000000000005 22.6 64.8 22.8 30.6 5 6.4 19.400000000000002 0.2 14 0.6000000000000001 1.2000000000000002 0.6000000000000001 12.8 0 3.8000000000000003 0.4 0 0 0.4 0.8 12.4 0.6000000000000001 0.6000000000000001 1.4000000000000001 0 0.4 0 0 0 0 0 0.4 0 0 0.2 0 0 0.6000000000000001 0 0.4 0 0 0 0 0 0 0 0 0 0 0 0 0 0 0 0 0 0 0 0 0 0 0 0 0 0 0.2 0 2.4000000000000004 0 0 0 1.2000000000000002 2.6 0 4.2 1 6.2 0 1 7.4 2.2 3.8000000000000003 7.2 0 0 0 0 0 0 0.2 0 0 0 0 0 0.2 0 0 2.2 3.6 0 0.6000000000000001 0 2.8000000000000003 5.6000000000000005 0 0 0.6000000000000001 0.2 0 0.6000000000000001 0 0 0 0 0 0 0 0 0 0 0 0 0 0 0 0 0 2.2 0 0.2 1.6 0 0 0 0 0 0 0 0 0 0 0 0 0 0 1.6 0 1.8 6.2 4.4 0 2 3.2 4.4 4.4 2.2 0 0 0.2 5.6000000000000005 3.8000000000000003 2.8000000000000003 0 1.4000000000000001 3 0 0 0 0.4 0 1.6 3 0 0.2 0 0 0 5.2 1.4000000000000001 0.2 0.2 2.2 0 0.2 0 0 0 0 0 0.4 0 0 0 0.2 0.2 0.2 0 0 0 0 0.4 0 0 0 0 0 2 0 0 0 0 0 0 0 0 0 0 0 1.2000000000000002 0.2 0 17 7.6000000000000005 0.2 19.400000000000002 0 0 0 0 0 0 0 0 0 0 0 0 0 0 0 0 0.4 0 0 0 0 0 0 0 0 0 0 0 0 
