 0 59.800000000000004 35.800000000000004 11.8 9.8 13.200000000000001 15.200000000000001 12.8 42.6 28.400000000000002 29 23.8 9.600000000000001 68.4 39.800000000000004 7.4 11.4 27.6 10.8 42.6 0.4 1.6 0 0 0 0.6000000000000001 0.6000000000000001 0 0 0.4 0 0.6000000000000001 0.6000000000000001 0.4 0 0 0 0.4 0.4 0.2 12.4 1 0 0 0.4 0 0 0 0.4 0 0 0.6000000000000001 0.4 0 0 0 1.2000000000000002 0.6000000000000001 0.6000000000000001 0 0 0 0.6000000000000001 0 0.6000000000000001 0.6000000000000001 0.4 0.6000000000000001 0 9 0.6000000000000001 0.6000000000000001 0 0.4 0 0.6000000000000001 0 1.2000000000000002 1 0 4.4 0 1.2000000000000002 5 3.6 0 4.800000000000001 9.4 3.8000000000000003 3.8000000000000003 0 0 2.2 4 6.4 0 0 3.2 0.8 3.8000000000000003 0 0 0 0 0 0 0 0 0 0 0 0 0 0 0 0 0 0 0 0 0 0 0 0 0 0 0 0 0 0.2 0 0 0 0 0 0 1.4000000000000001 0 0 0.4 1 0 0 0 0 0 0 0 0 0.2 4 0.2 1 0 0 0 0 0 0 0 4.2 1.2000000000000002 0 0 0 0 4.2 0 0.4 0 0 3.2 0 2 0 0 2.6 0 2 0 0 0.4 0 0 0 0 0 0 0 0 0 0 0 0 2 0 0 0 0 0 0 0 0 0 0 0 0 0 0 0 0 0 0 0 0 0 0 0 0 0 0 0 0 0 0.2 0 6.800000000000001 0 0 0 0 0 0 0 0 0 0 0 0 0 0 3 0 0 0 0.4 0 0 0 9.200000000000001 0.2 1 0 0 0 0 0 0 0 0 0 0 0.4 0 0 0 0 0 0 0 0 0.4 0 0 0 0.2 0 0 0 0 0 0 0 0 0 0 0 0 0 0.4 
 59.800000000000004 0 40.400000000000006 13.4 44.400000000000006 71.8 16.6 15.4 89.4 94.4 70.60000000000001 22.6 29.6 31.400000000000002 31 42.6 61.400000000000006 68.2 9.8 44.6 0.2 0.2 0 0 0 0.6000000000000001 0.6000000000000001 0 0 0 0.6000000000000001 1.2000000000000002 14.8 1 0 0.4 0.2 0.8 6 0 0 0.8 0 0 0.8 0 0 0 0.4 0 0 0 0 0 0.6000000000000001 0 0.8 0.6000000000000001 0 0 0 0 0.6000000000000001 0 0.2 0.6000000000000001 0 0 0 0 0.6000000000000001 0.2 0 0.4 0 0.6000000000000001 0 0.4 0.4 0 5 1.8 10.8 15.4 2.4000000000000004 0 0.4 2.8000000000000003 6.4 9.200000000000001 5.800000000000001 0 0 0 3.4000000000000004 12.600000000000001 7.2 2.8000000000000003 0 2.2 0 0 0 0 0 0 3.4000000000000004 0 0 0 0 0.2 2.4000000000000004 2 0 0 0 0 0 0 3 0 0 0 0 0 0 0 0.2 0 0 0 0 0 0 0 0 0 0 0 0 0 1 0.2 0 0 0.2 0 0 0 0 0 0 0 0 0 0 0 0 0 2.8000000000000003 4.4 6 2 0 7.4 3.6 0 2.4000000000000004 7.2 0 3.2 0 4.4 2.2 6.6000000000000005 4 6.2 0 0 0.4 0 0 0 0 0 0 0 0 0 0 0 0 0 0 0 0 0 0 0 0 0 0.4 0 0 0 0 0.4 0 0 0 0 0 2 0 0 0.4 0 0 0 0 0 0.4 0 0 0.4 0 0 0.4 0 0 0 0 0 0 0 0 0.2 0 0 0 2.6 0 0 0 0 0.4 0.2 21.400000000000002 0.2 0 0.8 0 0 0 0 0 0 0 0 0.2 0 0 0 0 0 0 0 0 0.4 0 0 0 0 0 1.8 2.6 0 0 0 0 0 0 0 14 0 0 0 0 0 
 35.800000000000004 40.400000000000006 0 61.6 14.8 47 31.8 32.6 45.6 11.200000000000001 19 28.200000000000003 16.8 10.4 19.200000000000003 12.4 22.400000000000002 52.2 11.200000000000001 11 0.4 0.2 0 0 0 0.6000000000000001 0.6000000000000001 14.8 0.8 0 0 1.2000000000000002 0 0.4 0.2 0 0 0.6000000000000001 12.600000000000001 12 0 0.6000000000000001 0 0 0.4 0 0 0 0 0 0 0 0 0.4 0 0 0.6000000000000001 0.6000000000000001 0 0 0 0 0.6000000000000001 0 0 0.6000000000000001 0 0.2 0 0 8.6 0 0 0.4 0 0.6000000000000001 0.6000000000000001 0.8 0.4 0 3 0.2 8 6.6000000000000005 8.4 3 5.6000000000000005 0 1.8 2.2 3.8000000000000003 4 2.4000000000000004 2 5.2 2 10 3.2 2.4000000000000004 0.4 4.2 0 0 0 0 0 0.4 0 0 0 0 0 2.4000000000000004 0 4.2 0 2 0 0.6000000000000001 7.4 0 0 0 0 0 0 0 0 0 0 0 0 0 0 0 0 0 0 0 0 0 0.2 0 0 0 0 0.2 0 0 0 0 0.2 0 0 0 0 0 0 0 0 2 7 1 0 0.2 2.4000000000000004 4.800000000000001 16.8 0 2.4000000000000004 9.200000000000001 0.2 3.2 3.2 0.4 2.8000000000000003 7.2 6.2 2.4000000000000004 0 0 3.4000000000000004 0 0 0 0 0.2 0 0 0 0 0 4 0 0 0 4.4 0 4.4 0 0 0 0 0 0.4 0 0 0 3.6 0 0 0 0 0 0 0 0 0 0 0 0 0 0 0 0 0 0 0 0 0 0 0 0 0 0 1.4000000000000001 0 0.2 0 0 0 0.2 0 0 0 0.4 0.8 0 0.2 0 0.4 2.8000000000000003 0 0 0 0 0 0 0 0 0 0 2 0 0 0 0.4 0 0 0 0 0 0 0 0 2.2 0 5 0 0 0 0 0 0 0 0 0 0 0 0 
 11.8 13.4 61.6 0 25.8 22.400000000000002 17.6 10 79.60000000000001 38.2 14 72 99.2 13 12.200000000000001 9.200000000000001 10.8 49.2 13.8 9.8 19.400000000000002 15.200000000000001 0.2 0 0 0.6000000000000001 15.600000000000001 16 0 5.800000000000001 0 0.6000000000000001 29.400000000000002 0.6000000000000001 15.4 0 0 0.4 0 5 0 0.6000000000000001 0 0 0.4 0 0 0 0 0 0 0 0 0 0 0 0.6000000000000001 0.6000000000000001 0 0 0 0 0.6000000000000001 0 0 0.6000000000000001 0 1 0 0 0.6000000000000001 0.2 0 0.4 0 0.6000000000000001 0 0.4 0.4 0 0 3.6 1 0.2 3.2 4.2 0 0 0 3.2 2.8000000000000003 2.8000000000000003 0 0 0 1.2000000000000002 0 0 0 2 1.4000000000000001 0.8 0 0 0 0 5.6000000000000005 5.2 5.4 3.4000000000000004 0 0 0 2.6 0.2 4.2 0.2 0 8.200000000000001 0 0 0 0 0 0 0 0 0 1.4000000000000001 0 0 0 0 0 0 0 0 0 0 0 0 0 0 0 0 0 1.2000000000000002 0 0 0 0 0 0 0.2 1.2000000000000002 0 0 0 0 0 0 0 0 5.4 4.4 3.2 0 0 0 0 7.4 3.2 0 0 0 4.4 0 5.800000000000001 0 0 9 0 0 0 0 0 5.2 4.800000000000001 2 0 0 0 0 0 3.2 0 0 2 10.600000000000001 9.8 0 0 2.8000000000000003 0 0 0 0 0 0 0 0 0 0 0 0 0 0 0 0 0 2.2 0 0 0 0 0 0 0 0 0 0 0 0 0 0 0 0 0 0 0 0 0 0 0 0 0.2 0 0.4 0 18.2 3.2 0.8 2.8000000000000003 0 1.6 0 0 0 0 0 0 0 0 0 0 0 0 0 0 0 0 0 0 0 0 0 0 0 0 0 0 0 0 0 0 0 0 0 0 0 
 9.8 44.400000000000006 14.8 25.8 0 35.800000000000004 25.8 38 37.6 58.400000000000006 73.2 70.60000000000001 27.8 14.4 24 61.2 63 63.2 88 57.400000000000006 1.2000000000000002 0.2 0 0.6000000000000001 1.4000000000000001 0.6000000000000001 0.8 0 17 0.6000000000000001 0 1.2000000000000002 15.200000000000001 0.4 0 0 1.2000000000000002 0.4 4.6000000000000005 0.2 0.2 0.6000000000000001 0 0 0.8 0 0 1.4000000000000001 12.200000000000001 0 0 0 0.8 13 0 0 0.6000000000000001 0.6000000000000001 0 0 0 0 0.6000000000000001 0 1.2000000000000002 1.6 1.6 0 0 0 0.6000000000000001 0.4 0.2 0.4 0 0.6000000000000001 0 0.6000000000000001 0.4 0 0.6000000000000001 3.8000000000000003 2.4000000000000004 5 3.6 0 0 2.4000000000000004 3.6 3 5.6000000000000005 2.6 0 0 0 3.4000000000000004 0 0.2 0.2 0 0 0 0 0 0 0 5.2 0.4 0 0 0.4 0 5 1.6 0 0 0 0 2.8000000000000003 7.4 0 0 0 0 0 0 0 0 0 0 0 0 0.2 0 0 0 0 0 0.4 0 0 0 3 0 0 0 1 0 0 0.4 0 0 0 0 0.4 0 0 0 0 0 0 4.800000000000001 1.8 9 2.6 2.4000000000000004 0 0 0 4.800000000000001 0 0 0 2 2.2 0 0 8.4 0 0 0 0.2 0 0 0 0 1.8 0 0 0 0 0 2.6 0 0 0 0 0 5.4 2.4000000000000004 0 2.4000000000000004 0.8 0 0 0 0 0 0 0 1.8 0 0 0 0 0 0 2.2 0 0 0 0 0 0 1.4000000000000001 0 0 0 0 0 0 0 0 0 0 0 0 0 0 0 0 0 0 0 0 1 17.8 0 0.6000000000000001 0.2 0 2 0 0 0 0 0 0 0 0 0 0 0 0 0 0 0 0 0 0 0 0 0 0 0 2 0.2 0 0 0 0 0 0 0 0 0 0 0 0 0 
 13.200000000000001 71.8 47 22.400000000000002 35.800000000000004 0 8.6 9.600000000000001 12.600000000000001 31.6 31.400000000000002 45 68.60000000000001 7.2 10.200000000000001 32.800000000000004 33 15.4 29 25.200000000000003 1 0.4 0 0 0.4 0.6000000000000001 15.4 14.4 15.200000000000001 15 0.4 0.8 27.8 15.4 0 42.400000000000006 0 0.2 43.2 29.400000000000002 0.6000000000000001 0.6000000000000001 0 0 0.4 0 0.6000000000000001 0 0.2 0 0 0.6000000000000001 0 0 0 0 0.6000000000000001 0.6000000000000001 0 0 0.2 0.4 1 0 0 0.6000000000000001 0.6000000000000001 1 0 0 0.6000000000000001 0.4 0 0.4 0 0.4 0.4 0.4 11 0 0 0 9.600000000000001 2.2 8.200000000000001 10.4 2.6 0 0 2.2 4.6000000000000005 2 0 1.2000000000000002 2 2.8000000000000003 0 0 2.6 0 4.4 1.8 2.2 3.2 0 0 9.4 3.6 4.6000000000000005 2.2 0 0 2 5.800000000000001 7 0.4 1.8 0 5.6000000000000005 2 0 0 0 0 0 0 0 0 0 0 0 0 0 0 0 0 0 0 0 0 0 0.2 0.6000000000000001 0 0 0 1.4000000000000001 0 0 0 0 0.2 0 0 0 0 0 0 0 0 0 0 5 0.4 0 4.2 2.2 0 3 0 8.8 0 0 0 0.2 0 0 2.2 0.6000000000000001 0 5.800000000000001 8.4 0 0 0 0 0 0 6.4 0 0 0 2.4000000000000004 0 9.8 0 2 0 4.2 3.6 0 0 3.4000000000000004 0 0.4 0 0 0 0 4.6000000000000005 0 0 0 0 0 0 0 0 0 0 0 0 0 0 0 0 0 0 0 0 0 0 0 0 0 0 0 0 0 0 0 0 0 0 0 0 0 0 1.8 19.400000000000002 0 3 0 0 0 0 0 0 0 0 0 0 0 0 0 0 0.4 0 0 0 0 0 0 0 0 0 0 0 0 0 0 0 0 0 0 0 0 0 0 0 
 15.200000000000001 16.6 31.8 17.6 25.8 8.6 0 56.2 46.400000000000006 51.800000000000004 27.8 8.6 43.400000000000006 28.200000000000003 40.6 10.600000000000001 5.800000000000001 49 60.6 47.800000000000004 0.6000000000000001 0.2 0 0 0 41.2 0.6000000000000001 0.4 0 0 0 0.6000000000000001 0 0.4 0 41.2 14.8 0.4 0.6000000000000001 0.2 0.8 0.6000000000000001 0 0 0.4 0.4 0 0 0 0 0 0 0 0 0 12.600000000000001 0.6000000000000001 0.6000000000000001 0 0 0 0 1 0.2 1 1.4000000000000001 0 0.2 0.6000000000000001 0 0.6000000000000001 0 0 0.4 0 1.8 0 0.6000000000000001 0.6000000000000001 0 0.4 2 4.4 4.4 0 0 1.8 1.2000000000000002 8.8 6.4 0 7.2 0.2 2 1 0 3.4000000000000004 5.6000000000000005 0.6000000000000001 5.4 0 0 0 0 0 0 0 0 0 2.4000000000000004 0 0 0 0 0 0 0 1.4000000000000001 2 0 0 0 0 0 0 0 0 0 0 0 0 0 0 0 0 0 0 0 0 0 0 0 0 0 0 0 0 0 0 0.6000000000000001 0.4 0.2 0.2 0 0 0 0 0 0 0 0.6000000000000001 2 2.8000000000000003 1.8 0 0 3.8000000000000003 2.8000000000000003 4.4 5.2 4.2 0 0.4 3.8000000000000003 5.2 8.4 3.8000000000000003 0 3.2 2.2 0 0 0 0 1.8 0 0 0 0 0 0 0.4 0 0.2 0 0.2 0 0 0 0 0 0 0 0 0 0 0 0 0 0 0 0 0.4 0 0 0 0 0 0 0.2 0 0 0 0 0 0 0 0 0 0 0 0 0 0 0 0 0 0 0 6.4 0 0 0 0 0 0.4 11 0 0.2 9.8 0.4 3 0 0 0 0 0 0 0 0 0 0 0 0 0 0 0 0 0 0 0 0 0 0 0 0 0 3.4000000000000004 0 0 0 0 0 0 0 0 0 0 0 0 
 12.8 15.4 32.6 10 38 9.600000000000001 56.2 0 6.2 10.4 67.60000000000001 33.4 59 12 46.6 40.6 44.400000000000006 37.2 20.8 27.400000000000002 0.8 0 0 0 0 0.6000000000000001 0.6000000000000001 0 0.6000000000000001 0 0.2 0.6000000000000001 0 0.8 0 0.2 0.4 0.6000000000000001 0.4 0 0 0.6000000000000001 0 0 0.4 0.6000000000000001 8.8 0 0 12.600000000000001 0 0 0 0 0 0 0.6000000000000001 0.6000000000000001 0 0 0 0 0.6000000000000001 0 0.8 1 0.4 0.2 0 0 1.2000000000000002 0 0 0.4 0 0.6000000000000001 0 0.6000000000000001 0.6000000000000001 0.6000000000000001 2 6.800000000000001 0.4 1.8 2.8000000000000003 0 0 2 4 0 0.2 8.6 0 0 0 4.2 7.2 4.4 4 0 0 0 0 0 0 0 0.2 0 0 0 0 0 2 0 0 0 0.2 0 0 1.6 0 0 0 0 2.2 0 0 0 0 0 0 0 0 0 0 0 0 0 0 0 0.4 0 0 0 0 0 0 0 0.4 1 0 0.4 0.6000000000000001 0 0 0 0 0 0 0 3.6 2.8000000000000003 4 0 0 5.800000000000001 0 2.2 0 0.8 0 2 0 8.6 2.2 8 4.4 0 0.2 2.8000000000000003 0 0 0 0 0 0 1.2000000000000002 0 0 0 0 0 0 0 0.4 0 0.4 0 0 6.4 0.4 0 0 0 0 0 0 0 0 0 0 0 0 0 0 0 0 0 0 0 0 0 0 0 0 0 0 0 0 0 0 0 0 0 0 0 0 0 0 0 0 0 0 0 0 0 17.2 0 0 0.2 0.4 1.6 0 0 0 0 0 0 0 0 0 0 0 0 0 0 0 0 0 0 0 0 0 0 0 0 2.4000000000000004 0 0 0 0 0 0 0 0 0 0 0 0 0 
 42.6 89.4 45.6 79.60000000000001 37.6 12.600000000000001 46.400000000000006 6.2 0 53 11.600000000000001 23.400000000000002 21.8 30.6 33 88 58.400000000000006 8.8 16.400000000000002 10 31.6 0.4 0 0 0 0.6000000000000001 0.6000000000000001 0 0 0 0 0.6000000000000001 3.8000000000000003 0.4 0 0 0 0.2 14.600000000000001 12.600000000000001 0 0.6000000000000001 0 0 0.4 0 0 0 0 0 0 0.2 0 0 0 0 0.6000000000000001 0.6000000000000001 0 0 0 0 0.6000000000000001 0 0 0.4 0 0.4 0 0 0.4 0.2 0 0.4 0 0.6000000000000001 0 0.6000000000000001 0.6000000000000001 0 2.6 0 4.4 7.4 1.4000000000000001 3.8000000000000003 0 0 4 4.2 1.2000000000000002 0.2 0 0 3.4000000000000004 0 3.8000000000000003 3.4000000000000004 0 2.2 0 0.4 0 0 0 0 2.6 0 0 0 0 0 7.4 7 0 2.2 0 0 2 7 0 0 0 0 0 0 0.2 0 0 0 0 0 0 0 0 0 0 0 0 0 0 0 0.4 0 0 0 0 0 0 0 0 0 0 0.4 0 0 0 0 0 0 1.8 4.800000000000001 4.800000000000001 0.6000000000000001 4.4 2.8000000000000003 3 0 2.2 0 1.6 6.800000000000001 0 3.2 0 0.4 11.600000000000001 3.4000000000000004 0 0 0.4 0 0 0 0 0 4.2 6 0 0 0 0 0 0 0 0 0 0 5.4 0 0 0 0 0 0 0 1 0 0 0 0 0 0 0 0 0 0 0 0 2.6 0 0 0 0 0 0 0 0 0 0 0 0 0 0.2 0 0 0.2 0 0 0 0 2 0 0 0 0 0.4 0 0 18 3 3 2.4000000000000004 0 0.2 0 0 0 0 0 0 0 0 0 0 0 0 0 0 0 0 0 0 0 0 3 3.6 0 0 0 0 0 0 0 0 0 0 0 0 0 
 28.400000000000002 94.4 11.200000000000001 38.2 58.400000000000006 31.6 51.800000000000004 10.4 53 0 47.400000000000006 10.200000000000001 21.6 27.6 17 36.2 59 73.4 16 18.400000000000002 15.600000000000001 0 0.4 0 0 1 0.6000000000000001 0 41.6 0 0 0.6000000000000001 27.200000000000003 0.4 0 0 0.6000000000000001 0.4 3.6 0 0 0.6000000000000001 0 0 0.4 0 0 0 0 10.8 0 0 0 0 13.200000000000001 0 0.6000000000000001 0.6000000000000001 0 0 0 0 0.6000000000000001 0 0 0.6000000000000001 0 0.2 0 0 0.6000000000000001 0.2 0 0.4 0 0.6000000000000001 0 0.4 0.4 0 2.6 1.8 4.6000000000000005 10 4.800000000000001 0.2 0 2.4000000000000004 5.800000000000001 2.2 5 3.8000000000000003 0 0 2.2 4.2 1.8 2.2 0.2 0 0 0 0 0 0 0 2.8000000000000003 0.4 0 0 0 0 6.800000000000001 3.2 0 3.6 0 0 0 3.8000000000000003 0 0 0 0 0 0 0 0 0 0 0 0 0.4 0 0 0 0 0 0 0 0 0 0.6000000000000001 0 0 0 0.2 0 0 0 0 0 0 0 0 0 0 0 0 0 1.8 5.800000000000001 3 2 2.6 0 3.6 0 2.2 5.4 3.2 6.2 0 5 2 0 7.800000000000001 6 0 0 1.4000000000000001 0 0 0 0 0 3.4000000000000004 7.2 0 0 0 0 0 0 0 0 0 0 0.2 0 0 0 0.2 0 0 0 0 0 0 0 0 0 0 0 0 0 0 0 0 0 0 0 0 0 0 0 0 0 0 0 0 0 0 0 0 0 0 0 0 0 0 2 0 0 0 0 1 0.4 0.2 0.6000000000000001 0 2.2 2 0 0 0 0 0 0 0 0 0 0 0 0 0 0 0 0 0.2 0 0 0 0 0 2.8000000000000003 2.2 0 0 0 0 0 0 0 0 0 0 0 0 0 
 29 70.60000000000001 19 14 73.2 31.400000000000002 27.8 67.60000000000001 11.600000000000001 47.400000000000006 0 19.8 50.800000000000004 61.6 25.200000000000003 29 84.4 50.800000000000004 26.8 57.6 0.6000000000000001 0.6000000000000001 0 0 0 1.2000000000000002 1.2000000000000002 0.2 0.4 0 0 0.6000000000000001 0 0.4 0 0.8 0.2 0.2 4.4 5 0 0.6000000000000001 0 0 0.4 0 0 0.4 0 0 0.4 0.4 0 0.4 0.6000000000000001 0 0.6000000000000001 0.6000000000000001 0.2 0 0.2 0 0.6000000000000001 0.4 0.8 1.8 0 0.6000000000000001 0 0.6000000000000001 0.6000000000000001 0 0 0.4 0 0.6000000000000001 0 0.6000000000000001 0.6000000000000001 0 3.6 0.2 5 11 8.200000000000001 2 2.4000000000000004 2.2 6.4 3.8000000000000003 5.2 17.2 2.8000000000000003 0 1.2000000000000002 2 6.6000000000000005 0.8 2.2 6 1.6 0 0 0 0 0 0 0 0 0 0 0 0 0 1.6 0 2 0 5.6000000000000005 3 0 0 0 0 0 0 0 0 0 0 0 0 0 0 0 0 0 0 0 0 0 0 0 0 0 0 0 0 0 0.6000000000000001 0 0.2 0 0 0 1.6 0 0 0 0 6 1.2000000000000002 0 4.2 0 0 5.4 8 1.2000000000000002 9.200000000000001 0.8 0.2 3.2 9.4 14.600000000000001 2.8000000000000003 5.800000000000001 0 0 7.800000000000001 0 1.6 0 0 0 3.4000000000000004 0 0 0 0 0 0 2.6 0 0 0 2.6 0 0 0.2 0 0 0 0 0 0 0 0 0 0 0 0 0 0 0 0 0 0 0 0 0 0 0 0 0 0 0 0 0 0 0 0 0 0 0 0 0 0 0 0 0 0.2 0 0 0 0.6000000000000001 9.8 0.4 1 0.4 0 1 0.6000000000000001 0 0 0 0 0.4 0 0 0 0 2 0 0 0 0.4 0 0 0 0 0 0 0 0.4 0 0 2.4000000000000004 0 0 0 0 0 0 0 0 0 0 0 0 
 23.8 22.6 28.200000000000003 72 70.60000000000001 45 8.6 33.4 23.400000000000002 10.200000000000001 19.8 0 11.600000000000001 46.800000000000004 42.2 26.8 81.2 20.200000000000003 9.4 22.6 15 0.2 0 0 0 0.6000000000000001 0.6000000000000001 15.4 0 0.6000000000000001 0.4 3.6 15.200000000000001 0.6000000000000001 14.600000000000001 0.4 0 0.2 12.8 41.6 0 0.6000000000000001 0 0 0.4 0 0.4 0 0 0 0.4 0 0 0 0 0 0.8 0.6000000000000001 0 0 0 0 0.6000000000000001 0 0.8 0.6000000000000001 0 0 0 0 0.6000000000000001 0.4 0 0.4 0 0.6000000000000001 0.6000000000000001 0.4 0.4 0 0 2.4000000000000004 4 2.2 4.4 8.6 0 0 0 0 0 4.4 0 0 0 3.2 5.800000000000001 2.8000000000000003 0 0 5.6000000000000005 2.2 0 0 0 0 4.2 4.6000000000000005 0 0 0.2 0 1.2000000000000002 0 2.4000000000000004 2.2 3.6 0 1 9.600000000000001 0 0 0 0 0 0 0 0 0 0 0 0 0 0.8 0 0 0 0 0 0 0 0 0 0 0 0.6000000000000001 0 0 0 0 0 0 0 0.4 0.4 0 0 0 2.6 0 0 0 2.2 2.8000000000000003 1.8 7.6000000000000005 0.2 0.2 0.2 0 1 3.8000000000000003 0 0 0 1.8 11.600000000000001 0 0 0 0.4 8.6 0 1.6 0 0 2.2 3.2 0 0 0 1.6 4.4 0 2 0 5.800000000000001 0 0 7.800000000000001 0 0 0.4 0 0.4 0 1.8 0 0 0 0 0 0 0 2.8000000000000003 0 0 0 0 0 0.2 0 0 0 0 0 0 0 0 0 0 0 0 0 0 0 0 0.4 0 2.8000000000000003 0 0 0 0 0 0.4 0.4 1.2000000000000002 0 0.4 0 1 0 0 0 0 0 0 0 0 0 0 0 0 0 0 0 0 0 0 0 0 0 0 0 0 4 0 0 0 0 0 0 0 0 0 0 0 0 0 
 9.600000000000001 29.6 16.8 99.2 27.8 68.60000000000001 43.400000000000006 59 21.8 21.6 50.800000000000004 11.600000000000001 0 57.800000000000004 6 6.6000000000000005 27 57.2 29.6 47.800000000000004 0.4 0.2 0.2 0 0.4 1 0.6000000000000001 0 0 0 0.2 1.2000000000000002 0 0.6000000000000001 0 0 0 0.2 0 0 0 0.6000000000000001 0 0 9.600000000000001 0.2 0 0 0 13.200000000000001 1 0.4 0 0 0 0 1 1 0.4 0 0 0 0.6000000000000001 1.2000000000000002 0 0.6000000000000001 0.8 0.8 1.2000000000000002 1 0.6000000000000001 0.4 0.4 0.6000000000000001 0 0.6000000000000001 0 1.6 0.4 0.4 0 2.4000000000000004 1.6 0 0 0 6 4.2 0.2 1.8 6.800000000000001 0.4 9 3.2 3.2 0.6000000000000001 2.4000000000000004 3.6 4.800000000000001 4.2 0 0.2 0 0 0 0 0 0 0 0 0 0 0 0.4 0 0 0 0 0.2 0 0 0 0.4 0.2 0 0 0 0 0 0 0 0 0 0 0 2.8000000000000003 0 0 0 0 1 0 0.2 0 0 0.4 0 0 0 0.2 0 0.4 0.8 1.6 0 0 0 0 0 0 7.2 0 3.8000000000000003 0 0 0 1 0 2.2 0.4 0 0 0 1.2000000000000002 1.4000000000000001 6.800000000000001 0 0 5 2.2 0 0 0 0 0 0.4 0 0 0 0 0 0 0 0 0 0 0 0 0 0 0 0 0.4 2.2 0 0 0 0 4.6000000000000005 0 0 0 0 0 0 0 0 0 0 0 2 0 0 0 0 0 0 0 0 0 0 2.4000000000000004 0 4 0 0 0 0 0 0 0 0 0 0 0 0 0 0.2 0.6000000000000001 0 0 1.8 0 0.4 0 0 0 0 0 0 0 0 0 0 0 0 0 0 0 0 0.4 0 0 0 0 2.2 4.6000000000000005 0 0 0 0 0 0 0 0 0 0 0 0 0 
 68.4 31.400000000000002 10.4 13 14.4 7.2 28.200000000000003 12 30.6 27.6 61.6 46.800000000000004 57.800000000000004 0 42.800000000000004 87.2 23.400000000000002 9 46.800000000000004 49.800000000000004 0.4 0.2 0 0 0 0.6000000000000001 0.6000000000000001 0 0 0 0 0.6000000000000001 0 0.8 0 0.2 0.4 0.2 0 0 0 0.6000000000000001 0 0 0.4 0 0 0 0 0 0 0 0 0 0 0 0.8 0.6000000000000001 0 0 0 0 0.6000000000000001 0 0 0.6000000000000001 0 0.2 0 0 0.6000000000000001 0 0 0.4 0 1 0 0.6000000000000001 0.8 0 4.800000000000001 7.2 0.8 3.8000000000000003 2.4000000000000004 0 1 0 3.6 1 5.800000000000001 7.800000000000001 6.2 0.4 3 2.2 7.2 2 5 6.800000000000001 0 0 0 0 0 0 0 0 0 0 0 0 0 0 0 0 0 0 0 0 0 0 0 0 0 0 0 0 0 0 0 0 0 0 0 0 0 0 0 0 0.4 0 0 0 0 0 0 0 0 1 0 0.4 0.6000000000000001 0 0 0 0 0 0 0 7.4 0 0 0 0 0 9.200000000000001 12 5.2 3.4000000000000004 0 1.4000000000000001 2.6 7.6000000000000005 0.8 4.6000000000000005 18.6 0 0 1.8 0 0 0 0 0 2.8000000000000003 0 0 1.6 0 0 0 0 0 0 0 0 0 0 0 0 0 0 0 0 0 0 0 0 0 0 0 0 0 0 0 0 0 0 0 0 0 0 0 0 0 0 0 0 0 0 0 0 0 0 0 0 0 0 0 0 0.6000000000000001 0 0 0 0 18 0.2 0 0 0 0.4 0 0 0 0 0 0 0 0 0 0 2.2 0 0 0 0 0 0 0 0 0 0 0 0 2 3.4000000000000004 0 0 0 0 0 0 0 0 0 0 0 0 0 
 39.800000000000004 31 19.200000000000003 12.200000000000001 24 10.200000000000001 40.6 46.6 33 17 25.200000000000003 42.2 6 42.800000000000004 0 20.6 24.200000000000003 62.800000000000004 32.4 25.200000000000003 0.2 0.2 0 0 0 0.6000000000000001 1 0 0 0 0 0.6000000000000001 0 0.6000000000000001 0 0 0 0.4 0 3.4000000000000004 0 0.6000000000000001 0 0 0.4 0 0 0 0 0 0 0 0 0 0 0 0.6000000000000001 0.6000000000000001 0 0 0 0 0.6000000000000001 0 0.6000000000000001 1.2000000000000002 0 0 0 9.8 0.6000000000000001 0.4 0 0.4 0 0.6000000000000001 0 0.4 0.4 0 3.6 2.6 0.2 7.6000000000000005 4.2 0 2.4000000000000004 0 7 3.4000000000000004 2.4000000000000004 5.2 1.8 0.4 1.6 0 15 11.600000000000001 0 4.4 0 0.4 0.2 0 0 0 0.4 0 0.4 0 0 0 8.6 0 0.2 0.4 0 0 2.6 0.2 0 0 0 0 0 0 0 0.4 0 0 2.4000000000000004 0 0 0 0 0 0 0 0 0 0 0.4 0 0 0 0 0 0 0 0.6000000000000001 0 0.2 0 0 0 0 0 0 0 0 2.6 0 0 2.8000000000000003 0 4.800000000000001 2.8000000000000003 4.2 0 2.2 0 2.2 2.6 7 0.2 2 6 0 0.4 2 0 0 0.2 0 0 0 0.4 0 0 0 0 0 0 0 0 0 0 0 2.4000000000000004 6.2 0 0 0 0 0 0 0.2 0 0 0 0 0 0 0.4 0 0 0 0 0 0 0.4 0 0 0 0 0 0.2 0.2 0 0.2 0 0 0 0 0 0 0 0 0 0 0 0.6000000000000001 0 0 0 0 9.200000000000001 0 0.2 1 0 1.8 0 0 0 0 0 0 0 0 0 0 2.8000000000000003 0 0 0 0 0 0 0 0 0 0 0 0 0 0 1.8 0 0 0 0 0 0 0 0 0 0 0 0 
 7.4 42.6 12.4 9.200000000000001 61.2 32.800000000000004 10.600000000000001 40.6 88 36.2 29 26.8 6.6000000000000005 87.2 20.6 0 26.8 47.2 25.200000000000003 8.200000000000001 0.6000000000000001 0 14.8 0 0.8 0.8 0.8 17.400000000000002 0 0 0 0.6000000000000001 0 0.4 0 0 0 0.2 13.4 12 0 0.6000000000000001 0 0 0.4 0 0 0 0 0 0 0 0 0 0 0 0.6000000000000001 0.6000000000000001 0 0 0 0 0.6000000000000001 0 0 0.8 0 0 0.4 0 0.6000000000000001 0.2 0 0.4 0 0.6000000000000001 0 0.4 0.4 0 0.4 2.8000000000000003 8.200000000000001 0 4.2 2.4000000000000004 0 0 5.4 0 0 8 0 0 2.6 4 6.4 4 0 0 3.6 0 0 0 0 0 0.2 0 0 0.2 0 0 2.2 0 1 0 1.8 0 1.6 7.800000000000001 0 0 0 0 0 0 0 0 0 0 0 0 0 0 0 0 0 0 0 0 0 0 0 0 0 0 0 0 0 0.6000000000000001 0.2 0.2 0 0 0 0 0 0 0 0 1.4000000000000001 0 0.6000000000000001 0 0 2.2 0 3.4000000000000004 1 2.4000000000000004 1 6.6000000000000005 0 4.2 0 5.800000000000001 11.200000000000001 0.4 0 2.8000000000000003 0 3.4000000000000004 0 0 0 0 0.2 0 0 0.4 0 0.2 9.4 0.4 0.4 0 5 0 3.6 0 0 0 0 0 0 0 0 0 0 0 0 0 2.4000000000000004 0 0 0 0 0 0 0 0 0 0 0 0 0 0 0 0 0 0 0 0 0 0 0 0 0 0 0 0 3.2 0 0 0 0 26.200000000000003 0 0.4 0.2 0.2 1.6 0 0 0 0 0 0 0 0 0 0 0 0 0 0 0 0 0 0 0 0 0 0 0 0 0 3 0 0 0 0 0 0 0 0 0 0 0 0 
 11.4 61.400000000000006 22.400000000000002 10.8 63 33 5.800000000000001 44.400000000000006 58.400000000000006 59 84.4 81.2 27 23.400000000000002 24.200000000000003 26.8 0 49 52.6 77.80000000000001 0.6000000000000001 0.4 0 0 0.4 5.4 16 0 0 0 0 0.8 15.4 0.6000000000000001 0 0.2 0.4 0.4 13.4 0.4 0 0.6000000000000001 0 0.2 0.8 0 0 0 0 0.2 0 0 0 0 0.2 0 0.6000000000000001 0.8 0 0.2 0 0 0.6000000000000001 0 0 0.6000000000000001 0 0 0 0 0.8 0.2 0 0.4 0 0.6000000000000001 0 0.4 0.4 0 0 0.6000000000000001 7.2 6.800000000000001 3 0.4 0 5 7.800000000000001 14.8 7.800000000000001 4.6000000000000005 0 0 0 6.800000000000001 4.2 9 3 2 0 0 0 0 0.4 0.2 4.6000000000000005 0 0 0.4 0.2 0 5.4 5.2 0 0 0 0 2.4000000000000004 6.800000000000001 0 0 0 0 0 0 0 0 0 0 0 0 0 0 0 0 0 0 0 0 0 0 1.4000000000000001 0 0 0 0.2 7 0 0.4 0.4 0.2 0 0 0 0 0 0 0 0 0 2.8000000000000003 7 6.2 2.2 2.8000000000000003 0 0 2.8000000000000003 6.2 4.6000000000000005 2 0 0.4 0 3.2 3.2 4.2 0 0 3.2 0 0 0 0 0 6.4 0 0 0.2 0 0.4 0 0.2 0 0 0 0 2.4000000000000004 3.8000000000000003 0 0 0.4 0 0 0 0 0 0 0 0 0 0 0 0 0 0 2.8000000000000003 0 0 0 0 0 0 0 0 2.4000000000000004 0 0 0 0 0 0 0 0 0 0 0 0 0 0 0 0 0 0.4 0.2 0.2 0 1.4000000000000001 0.4 0 3 0 0 0 0 0 0 0 0 0 0 0 0 0 0 0 0 0 0 0 0 0 0 0 2.2 5.6000000000000005 0 0 0 0 0 0 0 0 0 0 0 0 0 
 27.6 68.2 52.2 49.2 63.2 15.4 49 37.2 8.8 73.4 50.800000000000004 20.200000000000003 57.2 9 62.800000000000004 47.2 49 0 54 25 0.4 0.4 0.2 0 0 0.6000000000000001 19.400000000000002 0 0 0 14.600000000000001 1 0 0.8 0 0.2 1 0.4 0 0 0 0.6000000000000001 0 0 0.4 0 0 0 0 0.4 0 0.8 0 0 0 0 0.6000000000000001 0.6000000000000001 0 0.4 0 0 0.6000000000000001 0 0.8 0.6000000000000001 0 0.4 0 0 0.4 0 0 1.6 0 0.6000000000000001 0 0.6000000000000001 0.6000000000000001 0 5.800000000000001 3 0 4.4 0.4 4.800000000000001 1 3.6 3.8000000000000003 3.2 10.600000000000001 5.2 0 0.2 2 8 6.800000000000001 5.800000000000001 0 0 2.2 1.8 0 0 0 0 0 0 0 0 0 0.4 0.4 1 0 0 0 0 1.4000000000000001 0 0 0 0 0 0 0 0 0 0.2 0.2 0 0 0 0 0 0 5.800000000000001 0 0 0 0 0 0.2 0.2 0 0 0 2.8000000000000003 0 0.6000000000000001 0 0.4 0 0 0 0 0 0 0 0 2.2 1 4.2 3.6 0 5.6000000000000005 0 2.6 0 4 3.8000000000000003 0.2 0 4.6000000000000005 0.6000000000000001 4.6000000000000005 0.2 10.600000000000001 0 0 3 0 0 0 0 0 0.2 0 0 0 0 0 0.2 0 0 0 0 0 10.4 7.6000000000000005 0 0 0 0 0 0.2 0 0.4 0 0 0 0 0 0 0 0 0.4 0 0 0 0 0 0.4 0 0 0.2 0 0 0.4 0 0 0 0 0 0 0 0 0 0 0 0 0 0 0 0 0 27 0.4 18.2 17.6 0.6000000000000001 3 0 0 0 0 0 0 0 0 0.4 0 0 0.4 0 0 0 0 0 0.4 0 0 0 0 2 0.2 0 1 0 0 0 0 0 0 0 0 0 0 0 0 
 10.8 9.8 11.200000000000001 13.8 88 29 60.6 20.8 16.400000000000002 16 26.8 9.4 29.6 46.800000000000004 32.4 25.200000000000003 52.6 54 0 25.8 0.8 0 0 0 0 1.8 1 0 0 14.8 0 0.8 0 0.4 0 0 0 0.4 0 0 0 0.6000000000000001 0 0.4 0.4 0 0 0 0 0 0 0 0 0 0 0 0.6000000000000001 0.8 0 0 0 0 0.6000000000000001 0 8 0.6000000000000001 10.4 0.2 0 0 0.6000000000000001 0 0 0.4 0 1.2000000000000002 0 0.4 0.4 0 2 2.8000000000000003 0 0 0 0 0 0 4 0 1.8 3.6 8.4 0.6000000000000001 0 0 4.6000000000000005 3.8000000000000003 5 3 0 0 0 0 0 2 0 0 0 0 0 0 0.4 0 0 0 0 0 0 0 0 0 0 0 0.2 0 0 0 0 0 0 0 0 0 0 0 0 0 2.6 0 0.2 0 0 0 0 0 2.8000000000000003 0.4 0 0.4 0 0 7.6000000000000005 0 0 0 0 0 0 0 8 3 0 0.4 0 0 1.6 5.6000000000000005 2.6 0 0.4 0 6.2 4.800000000000001 2.6 4.4 4.6000000000000005 0 4.4 2.8000000000000003 0 0 0.4 0 0 0 0.2 0 0 0 0 0 0 0 0.2 0 0.2 0 0 0 0.2 0 0 0 0 0 0 0 0 0 0 0 0 0 0.4 0 0 0 0 0 0 0 0 0 0 0 0 0 0 0 0 0 0 0 0 0 0 0 0 0 0 0 0 0 0 0 17.2 0 0 0.4 0 2.6 0 0 0 0 0 0 0 0 0 0 4.2 0 0 0 0 0 0 0 0 0 0 0 0 0 0 0 0 0 0 0 0 0 0 0 0 0 0 0 
 42.6 44.6 11 9.8 57.400000000000006 25.200000000000003 47.800000000000004 27.400000000000002 10 18.400000000000002 57.6 22.6 47.800000000000004 49.800000000000004 25.200000000000003 8.200000000000001 77.80000000000001 25 25.8 0 0.2 0 0 0 0 0.6000000000000001 0.6000000000000001 0 0.2 0 0 0.6000000000000001 0 0.6000000000000001 0.6000000000000001 0 0 0.2 0 0 0 0.6000000000000001 0 0 0.4 3.6 0 0 0 0 0.8 0 0 0 0 0 0.6000000000000001 0.6000000000000001 0 0 0 0 0.6000000000000001 0 4.2 4.6000000000000005 0 0 0 0 0.6000000000000001 0.4 0 0.4 0 0.4 0 12.4 0.4 0 3 7.800000000000001 0 6 2 0 3 2.6 1 0 6.2 0 5.6000000000000005 2.8000000000000003 0.2 2.6 7.800000000000001 0.2 6.6000000000000005 3.4000000000000004 0 0 0 0 0 0 0 0 0 0 0 0 0 0 0 0 0 0 2.6 0 0 0 0 0 0 0 0 0 0 0 0 0 0 0 0 0 0 0 0 0 1.6 0 0 0 0 0 0 0 0 1.4000000000000001 2 0.2 6 0 0 0 0 0 0 2 5.4 0 0 2.8000000000000003 0 0 6.2 6.2 2 0 0 0.4 2.6 3.8000000000000003 0 0 3.6 0 5.6000000000000005 0 0 0 0 0 0 0 0 0 0 0 0 0 0 0 0 0 0 0 0 0 0 0 0 0 0 0 0 0 0 0 0 0 0 0 0 0 0 0 0 0 0 0 0 0 0 0 0 0 0 0 0 0 0 0 0 0 0 0 2.6 0 0 1.4000000000000001 0 0 0 0 0.4 0 0.4 0.2 0 0.4 0 0 0 0 0 0 0 0 0 0 3.8000000000000003 0 0 0 0 0 0 0 0 0 0 0 0 0 3.8000000000000003 0 0 0 0 0 0 0 0 0 0 0 0 0 
 0.4 0.2 0.4 19.400000000000002 1.2000000000000002 1 0.6000000000000001 0.8 31.6 15.600000000000001 0.6000000000000001 15 0.4 0.4 0.2 0.6000000000000001 0.6000000000000001 0.4 0.8 0.2 0 36.2 17.2 52.2 36.6 9.600000000000001 16.2 19 9 22.8 5.2 64.4 38.6 13.200000000000001 28.8 37.2 9.4 48 48.2 38.2 0 0.6000000000000001 0 0 0 0 0 0 0.6000000000000001 0 0 0.4 0.4 0 0 0 0 0 0.4 0 0 0 0 0 0.6000000000000001 0 0 0 0 0 0 0.6000000000000001 0 0 0.4 0.6000000000000001 10.4 0 0.6000000000000001 0 0 0 0 0 0 5.800000000000001 0 0 0 0.6000000000000001 3 0 0 0 0 0 0.2 0 0 0 3.4000000000000004 7.800000000000001 2.6 5.4 0 0 8.8 4.6000000000000005 6.2 0.4 4 1.4000000000000001 3.6 5 2.8000000000000003 4.800000000000001 3 1.8 2.4000000000000004 2.8000000000000003 0 0 0 1 3.6 0 0 0 0 0 0 0 0 0 0 6.2 0 0 0 2 0 0 0 0 0 1 0 0 0 0 0 0 0 0.6000000000000001 0 0 0 0 0 0 0 0 0 2.2 6.2 0.6000000000000001 0 0 0 0.8 3.6 7 0 0 0 0 3.4000000000000004 2.8000000000000003 0 0.8 4.2 8.6 0.8 1.8 1.6 0 4.6000000000000005 8 12.8 2.2 1.8 0 2.8000000000000003 0 2.4000000000000004 7 0 4.800000000000001 3.8000000000000003 5.6000000000000005 0 0 0 0 0 0 1.4000000000000001 0 0 0 0 0 0 0 0 0 0 0 0 0 2 0 0 0 0 0 0 0 0 0 0 0 0 0 0 0 0 0 0 0 0 0 0 0 0 0 0 0 0 16 1.6 0 6.800000000000001 0 2.6 0 0.2 0.2 0 0 0.4 0 0 0 0 0 0 0 0 0 0 0 0 0 0 0 3.4000000000000004 0 0 0 0 0 0 0 0 0 0 0 0 0 
 1.6 0.2 0.2 15.200000000000001 0.2 0.4 0.2 0 0.4 0 0.6000000000000001 0.2 0.2 0.2 0.2 0 0.4 0.4 0 0 36.2 0 33.2 12.200000000000001 7.800000000000001 4.800000000000001 18 11 10 43.6 11 3.8000000000000003 9 42.800000000000004 14.8 23.6 6.800000000000001 8 7.4 8.6 12.4 1 0.4 0.4 0.4 0.4 15.600000000000001 0.4 0.6000000000000001 0 0.4 0.4 0.4 0 0.6000000000000001 0.4 0.4 0.4 0.6000000000000001 0.4 6 0 0 0 0.8 0 0 0 1 0 0 0.6000000000000001 0 0 0.4 0.6000000000000001 5.2 0 0.6000000000000001 0 0 0 0 0 2.8000000000000003 0 0 0 0 0 0 0 0 0 0 0 0 0 0 0.4 4.2 2.4000000000000004 0 2 0 0 2 3.6 0 4.4 6.4 0.2 2.6 0 3.8000000000000003 2.8000000000000003 2.8000000000000003 5.800000000000001 0 0 0 0 0 0 0 0 0 0 0.4 0 0 0 0 0 0 0 0 0 0 0 0 0 0 3.8000000000000003 0 0 0 0 0 0 0 0.2 0.2 0 0 0 0 0 0 0 0.6000000000000001 0 0 0 3 0 0 0 1 0 0 0 0 0 0 0 0 0 0 0 0 8 0 3.2 4.800000000000001 0 0.2 4.2 5.6000000000000005 3.6 1.8 4 3 4 2 0 2.8000000000000003 4 0.4 0 0.2 0 0 0 0 0 0 0 0 0 0 0 0 0 0.4 0.4 0 0 0 0 1.8 0 0 0 0 0 8 0 0 0 0 0 0 0 0 0 0 0.4 0 0 0 0 0 0 0 0 0 0 0 0 0 0 0 0 2 0.4 0 0.4 0 0 0 0 0.4 0 0 0 3.2 0 0 0 0 0 0 0 0 0 0 0 0 0 0 0 0 0 0 0 0 0 0 0 
 0 0 0 0.2 0 0 0 0 0 0.4 0 0 0.2 0 0 14.8 0 0.2 0 0 17.2 33.2 0 74.2 28.200000000000003 53.6 40.800000000000004 30.400000000000002 48 12.4 16.6 40.2 19.6 30.400000000000002 67.2 55.400000000000006 11.600000000000001 8.4 22 28.6 12.4 1 0.4 0 0 0.4 0 0 0.6000000000000001 1 0 0.4 1.6 0 0 0 0 0 0.4 0 1.6 10 0 0 0.6000000000000001 0 0 0.2 0 0 0 0.6000000000000001 0.2 0 0.4 0.4 0.2 0 0.6000000000000001 0 0 0 2.6 0 2.6 5.6000000000000005 0 0 0 0 0 0 0 0 0 0 0 0 0.2 0 8.200000000000001 13.200000000000001 23 6.4 0.2 0 0 0.2 3 6 4 4.2 0 4.2 4.2 0 7.6000000000000005 0.2 0 0 0 0 0 0 0 0 3.4000000000000004 2.2 0 0 0.2 0 0.4 0 0 0 0 0 0 2.4000000000000004 0 0.6000000000000001 0 0 0 0 0 0 0.2 0 0 0 0 0 0 0 0 0 0 1.2000000000000002 0 0 0 0 0 0.4 0 0 0 0.4 0 0.6000000000000001 0 0 0 0 0.2 0 0 0.4 0 0 18 1.4000000000000001 6.6000000000000005 2.6 0 0 9 0 16.400000000000002 3.8000000000000003 2 3.6 6 6.2 13.600000000000001 7.4 0.2 0 0 0.2 0 0 0 0 0 0 0 0 0 0 5.6000000000000005 0.4 1.8 0 0 0 2.4000000000000004 3 0 0 0 0 0 0 0 0 0 0 0 1.8 0 0 0 0 0 0 0.2 0 0 0 2.4000000000000004 0 0 0 0 0 0 0 0 0 0 0 5.4 0 0 0 0.2 0.2 0 2.4000000000000004 0 0 0 0 1.4000000000000001 0 0 0 0 0 0.4 0 0 0 0 0 0 0 0 5.6000000000000005 0 0 0 0 0 0 0 0 
 0 0 0 0 0.6000000000000001 0 0 0 0 0 0 0 0 0 0 0 0 0 0 0 52.2 12.200000000000001 74.2 0 47 12.600000000000001 19 60 66.2 17 27 15.4 12.8 28.6 43.800000000000004 75.8 24 7.6000000000000005 55 13.8 2 0.6000000000000001 0 0 0 0 4.6000000000000005 0 1.2000000000000002 1 0.2 0.4 0.4 0 0 0 0 0 0.4 0 5.6000000000000005 0 0 4.4 0.6000000000000001 0 0 0 0 0 0 0.6000000000000001 0 0.2 0.4 0.6000000000000001 0 0 0.6000000000000001 0 0 0 0 0 0 0 0 0 0 0 0 0 0 0 3.8000000000000003 0 0 0 0 0 0 3.6 5.800000000000001 7.4 1.2000000000000002 0.2 0 0 0.2 0 1.8 3.8000000000000003 0 0.2 0.2 1.6 6.6000000000000005 9.8 0 0 3.2 0.2 1.4000000000000001 0 0 0 2.4000000000000004 1.6 2.8000000000000003 0 0 0 7 1.8 0 0 0 0 0 2 0 0.6000000000000001 0 0 0 0 0 0 1.6 0 0 0 0 0 0 0 0 0 0 1.2000000000000002 0 1.8 0 0 0 0.4 0 0 0 0.6000000000000001 0 0.8 0 0 0 0 0.2 0 0 0 0 0 1.8 6.6000000000000005 4.4 0.2 0 0 5.4 0.4 2.4000000000000004 2.8000000000000003 0 0 1.8 2.6 0.2 2.4000000000000004 0 0 0.2 0 0 0 0 0 2.8000000000000003 0 0 0 0 0 7.4 0 0 0 0.4 0 2.4000000000000004 5.800000000000001 0 0 0 0 0 2.6 0 0 0 0 0 0 0 0 0 0 0 0 0 0 0 0 2.4000000000000004 0 0 0 0.4 0 0 0 0 0 0 0 0.6000000000000001 0 0.6000000000000001 0.4 15 0.4 1 0 0 0 0 0 0 0 12.600000000000001 0 0 0 0 0 0 0 0 1.4000000000000001 0 0 0 2 0 0 0 0 1.8 0 0 0 
 0 0 0 0 1.4000000000000001 0.4 0 0 0 0 0 0 0.4 0 0 0.8 0.4 0 0 0 36.6 7.800000000000001 28.200000000000003 47 0 88.80000000000001 36.2 34.6 32.800000000000004 12.8 35 7.800000000000001 13.600000000000001 30.400000000000002 24.200000000000003 74 78.60000000000001 21.8 13.200000000000001 25.400000000000002 0 8.6 0 0 0 0 6.4 0 0.8 0 0 0.4 0.4 4.6000000000000005 11 0 0.4 0.2 25.6 0 0 0 1.2000000000000002 0 0.6000000000000001 0 0 0 0 0 0 0.6000000000000001 0 1.6 0.4 0.4 0.2 7.800000000000001 0.8 1.6 0 0 0 0 0 0 0 0 0 0.2 0 0 0 0 0 0 0 0 0 0 0 3.8000000000000003 3.4000000000000004 4 1.8 3.2 0 0 1.6 2.2 2.6 5.4 0 0 2.2 2.6 0 9.8 0 0 6 0 0 0 0 0 1.6 2.2 0 0 0 0.4 4.800000000000001 7.800000000000001 2.4000000000000004 0 0 0 0 7 0 0.6000000000000001 0 0 0 0 2.4000000000000004 0 0.6000000000000001 0 0 0 0 0 0 0 0 0 0 2.4000000000000004 0 0 0 0 0 0.2 0 0 0 1.6 0 1.2000000000000002 0 0 0 0 0.4 0 0 1 0 0 2.2 0 12.4 0.2 0 1.2000000000000002 4.4 6.6000000000000005 2.4000000000000004 5 0 2 0.4 0 2 0 0 0 0.2 0.2 0 0 0 0 3 0 9 0 1.8 0 0 0 1.2000000000000002 0 4.800000000000001 0 8.200000000000001 1.8 0 0 0 0 0 0 0 0 0 0 0 0 0 0 0 0 0 0 0 0 0 0 0 0 0 0.2 0 0 0 0 0 0 0 0 1 0 0.6000000000000001 15.600000000000001 1 0.8 3.4000000000000004 0 0 0 0 0 0 0.2 0 0 0 0 0 0 0 0 0 0 0 0 0 0 0 0 0 0 0 0 0 0 
 0.6000000000000001 0.6000000000000001 0.6000000000000001 0.6000000000000001 0.6000000000000001 0.6000000000000001 41.2 0.6000000000000001 0.6000000000000001 1 1.2000000000000002 0.6000000000000001 1 0.6000000000000001 0.6000000000000001 0.8 5.4 0.6000000000000001 1.8 0.6000000000000001 9.600000000000001 4.800000000000001 53.6 12.600000000000001 88.80000000000001 0 5.4 50.800000000000004 57.6 53.400000000000006 28.6 67.2 3.8000000000000003 7.4 25.200000000000003 56.400000000000006 28.400000000000002 31 9 9.600000000000001 12.8 0.4 0 0.4 0 42 12.600000000000001 2.4000000000000004 26.6 0 0 3.2 0.6000000000000001 24.200000000000003 12.4 12.4 0 0.2 5.2 3.4000000000000004 0 0 2.4000000000000004 0 1 0 0 0 0 0 0 0.6000000000000001 0 0 0.4 1 0 0 0.8 0 0 0 0 0 0 0 0 0 0 0 0 0 0 0 0 0 0 0 0 0 0 3.8000000000000003 3.6 2.4000000000000004 1.4000000000000001 4.2 0 0 0.2 0.2 2 0 0 0 0 0 0 0 0 0 7.6000000000000005 7.6000000000000005 2.4000000000000004 3.8000000000000003 2.6 0 0 0.2 1.8 0 2.8000000000000003 1.8 9.600000000000001 0.2 3 2.2 0.8 0 0 0.2 0 0 0 0 0.2 0 0 3.8000000000000003 0 0 0 0 0 0 0 0 0 0 0 0 0 0 0 0 0 3 0 0 0 0.8 0 1 0 0 0 0 0 0 0 0 0 0 0 4 0.4 5 0 0 2 0.4 3.4000000000000004 7.2 0 0 2.2 0 0 0 0 0 2.8000000000000003 1.8 2.4000000000000004 0 0 0 4.4 0.4 0.2 1.4000000000000001 5.6000000000000005 1.8 2.6 0 2.6 0.8 4.2 4 4.800000000000001 0 0 0 0 0 0 0 0 0 0 0 0 0 0 0 0 0 0 0 0 0 0 0 0.2 0 0 0.2 0 0 0 0 0 0.2 0 0 3 0.8 0.2 0.4 22.400000000000002 0 0.6000000000000001 0 0 0 0 0 0 0 0 0 0 0 0 0 0 0 0 0.2 0 0 0 0 0 0 5.6000000000000005 0 0 5.6000000000000005 0 0 
 0.6000000000000001 0.6000000000000001 0.6000000000000001 15.600000000000001 0.8 15.4 0.6000000000000001 0.6000000000000001 0.6000000000000001 0.6000000000000001 1.2000000000000002 0.6000000000000001 0.6000000000000001 0.6000000000000001 1 0.8 16 19.400000000000002 1 0.6000000000000001 16.2 18 40.800000000000004 19 36.2 5.4 0 48.800000000000004 27.200000000000003 68.2 21.6 24.200000000000003 7.4 16.2 81 58.6 8.4 69.8 37.800000000000004 16 0 0.4 0 0 0 0 0 0 0.6000000000000001 0 0 0.4 0.4 0 0.4 0 0 0 0.4 0 0.6000000000000001 0 0 0 0.6000000000000001 0 0 1.2000000000000002 0 0 0 0.6000000000000001 0 0 0.4 1.4000000000000001 0 0 0.6000000000000001 0 0 0 0 0 3.4000000000000004 8.6 0.4 0 0 2.2 0 1.6 0 0 0 0 0 0 0 0.2 14.4 10.600000000000001 5.800000000000001 1.6 0.2 0 2.6 0.2 5.4 7 2.4000000000000004 1.2000000000000002 0.2 6.6000000000000005 4.800000000000001 0 6.2 0 1.6 2.6 0 0.2 0 0 0 0 0 0 0 0 0 0 0 0 0 0 3 0 6.4 2.4000000000000004 0 0 0 0 0 0 0 0 0 0 0 0 0 0 0 0 0 0 0 0 0 0 0 2.8000000000000003 4 1.8 0 0 0.2 0.8 1.4000000000000001 0.4 0 0 0 0 0.4 2.8000000000000003 0 2.2 4.2 0 3.4000000000000004 1.6 2.2 0 2 0 5.6000000000000005 0 8.200000000000001 0.2 5.800000000000001 4.800000000000001 5.4 2.4000000000000004 8.4 5.4 3 3.4000000000000004 0 0 0 0 0 4 0 0 0 0 0 0 0 0 0 0 0 0.2 0 0 0 0 0 0 0 0 0 0 0 0 0 0 0.4 0 0 0 0 0 0 0 0 0 0.2 0 0 0 0 0 0 0 0 0 0 0 2.8000000000000003 0.4 0 7.6000000000000005 0 0 0.6000000000000001 0 0 0 0 0 1.6 0 0 0 0 0 0 0 0.6000000000000001 0 0.4 0 0 0 0 0 0 0 0 0 0 0 0 0 
 0 0 14.8 16 0 14.4 0.4 0 0 0 0.2 15.4 0 0 0 17.400000000000002 0 0 0 0 19 11 30.400000000000002 60 34.6 50.800000000000004 48.800000000000004 0 51 49.800000000000004 7.800000000000001 108 17.2 12 82.60000000000001 41.800000000000004 4.4 8.6 9 30.6 0 0.4 0 0 0 0.6000000000000001 0 0 0.6000000000000001 0 0 0.4 0.4 0 0 0 3.6 0 0.4 0 6.800000000000001 0 0 0 1.2000000000000002 0.6000000000000001 0.2 0.6000000000000001 0 0.2 0.2 0.6000000000000001 0 0.2 0.4 0.4 0 0 0.6000000000000001 0.4 0 0 0 0 3.6 2.4000000000000004 0 0 0 0 3.8000000000000003 0 0 0 0 2.8000000000000003 0 0 2 0 0 6.4 5.4 2 0 0 1.8 1.2000000000000002 2.6 2 0 9.600000000000001 0 2.6 0 1.8 3.8000000000000003 2 3.6 0 0 0 0 0 0.4 0 0.2 0 0 0 0 0 0 0 0 0 0 0 0 4.4 0 2 0 0 0 0 1 0.4 0 0 0 0 0 0 1.2000000000000002 0 0 0 0 0 0 0 0 0 1.8 2.8000000000000003 0 0 0 0.2 0 3.2 0 1.2000000000000002 0 0 0.6000000000000001 0 0 4.4 4.4 2.2 0 0 3.4000000000000004 0 0 1 6.6000000000000005 0 2.6 0 0.2 0.2 7.2 3.8000000000000003 0.2 3.8000000000000003 1.8 2.8000000000000003 0 0 2.8000000000000003 0 0 0 0 0 0 0 0 0 6.2 0 0 0 0 0 0.2 2 0 0 0 0 0 0 0 0 0 0 0 0 0 0 0 0 0 0 0 0 0 0 0 0 0 0 0 0 0 14.8 0 0 0 0 3 0 0 7.4 0 0.2 0 0.4 0.4 0 0 0 0 0 0 0 0 0 0 0 0 0 0 0 0 0 0 0 0 0 0 0 0 0 0 0 
 0 0 0.8 0 17 15.200000000000001 0 0.6000000000000001 0 41.6 0.4 0 0 0 0 0 0 0 0 0.2 9 10 48 66.2 32.800000000000004 57.6 27.200000000000003 51 0 15.600000000000001 20.8 23.200000000000003 12.8 19 18.8 101.4 64.4 79 29.6 20.8 0 0.6000000000000001 0 0 0 0 14 0 2 0 0.4 1 0.4 0 0 0 0 0 0.4 1.4000000000000001 11 0 0 0 0.6000000000000001 0 0 1 0 0 0 0.6000000000000001 0.2 0.2 8 9 1.6 0.2 0.6000000000000001 0 0 0 0 0 2.6 1.8 0 0 0 0 0 0 0 0 0 0 0 0 0 0 2.8000000000000003 5.2 6.4 1.2000000000000002 0 1.6 2.6 0.6000000000000001 0 3.2 7 2.2 0 0 0 2.2 6.2 0.4 0 0 6.800000000000001 0 0 0 0 0 2 8.8 0 0 0 0 3 0.2 0 0 0 0 0 2.8000000000000003 0 0.8 0 0 0 0 0 0 0.8 0 0 0 0 0 0 0 0 0 0 0.6000000000000001 2 0 0 0 0 0.4 0 0.8 0 0 0 0 0 0 0 0 0 0 0 0 0.2 0 0 11.4 2.4000000000000004 6.800000000000001 0 0 2.6 2.4000000000000004 0.2 2 2.8000000000000003 4.4 2.8000000000000003 3 4.2 0 1.4000000000000001 0 0 0 0 0 0 0 2.6 0 4.6000000000000005 0 0 0 4.2 0 2.2 0 1.4000000000000001 0 7 2.6 0 0 0 0 1.6 0 0 0 0 0 0 0 3.2 3 0 0 0 0 0 0 0 0 0 0 0 0 0 0 0 0 0 0 0 0 1.2000000000000002 0 0.2 16.8 20.400000000000002 0 0.8 0 0 0 0 0 1.6 0 0 0 0 0 0 0 0 0 0 0 0 0 0 5.2 0 0 0 0 0 0 0 0 
 0.4 0 0 5.800000000000001 0.6000000000000001 15 0 0 0 0 0 0.6000000000000001 0 0 0 0 0 0 14.8 0 22.8 43.6 12.4 17 12.8 53.400000000000006 68.2 49.800000000000004 15.600000000000001 0 28 9 40 32.2 67 23.8 20.200000000000003 11.4 36.6 35.800000000000004 0 0.4 0 0 0 0 0 0 0.6000000000000001 0 0 13.600000000000001 0.4 0 0 0 0 0 0.4 0 0 0 0 0 0.6000000000000001 0 0 0 0 0 0 0.6000000000000001 0 0 0.4 0.6000000000000001 10.600000000000001 0 0.6000000000000001 0 0 0 0 0 0 2.4000000000000004 0 0.2 0 0 0 0 0 0 0 0 0.2 0 0 0.2 5.4 4.4 3 1 5.6000000000000005 0 2.2 11.4 4 3.4000000000000004 4.2 0 0.6000000000000001 4 8.8 1.8 3.4000000000000004 6.2 0 2 0 0 0 0 0 0 0 0 1.8 0 0 0 0 0 0 0 0 0 0.2 0 0 0 0 0 0 0.6000000000000001 0 0 0 0 0 0 0 0.8 0.2 0 0 0 0.2 0 0 0 0 0 0.2 0 0 0 0.2 0 0 0 0 0 0 0 0 0 0 0 2.4000000000000004 5 5.800000000000001 1.6 3.8000000000000003 0 5.6000000000000005 3.6 4 2.8000000000000003 9.600000000000001 3.6 1.6 3.8000000000000003 2 0.2 2.6 0.2 0 3 0 0 0 0 0 0 0 0 0 0 0.2 0 0.2 0 0 0 0 0 0 0 0 0 0 0 0 0 0 0 0.2 0 2.2 0 0 0 0 0 0 0 0 0 0 0 0 0 0 0 0 0 0 0 0 0 0 0 5.6000000000000005 0.4 0.6000000000000001 15.4 0 0.6000000000000001 0 0 0 0 0 0 0 0 0 0 0 0 0 0 0 0 0 0 0 0 0 0 0 0 0 0 0 0 0 0 
 0 0.6000000000000001 0 0 0 0.4 0 0.2 0 0 0 0.4 0.2 0 0 0 0 14.600000000000001 0 0 5.2 11 16.6 27 35 28.6 21.6 7.800000000000001 20.8 28 0 35.800000000000004 4 42.2 13.600000000000001 18.8 51.2 39.400000000000006 17.6 11.8 0 0.4 0 0.2 0 0 0.2 1 0.6000000000000001 0 0 1.4000000000000001 0.6000000000000001 0 6.800000000000001 0 1 0.2 13 0 0 0 0.2 0 0.6000000000000001 0 0 0 0 0 0 0.6000000000000001 0 0 0.4 0.4 0.4 0 0.6000000000000001 0 0 0 0 0 0 0 2.8000000000000003 0 0 0 0 0 0 0 0 0 0 0 0 0 0 2.8000000000000003 2 7.800000000000001 8.200000000000001 3.2 0 0 2 0.2 4.2 8.6 0 0 2.8000000000000003 0 0 0.8 0 0 0 0 0 0 0 0 3.6 0 0 2.6 0 0 0.2 2 2 6.2 7.2 0.2 0 0 0 0.6000000000000001 0 0 0 0 0 0 0 0 0 0 0 0 0 0 0 0 0 1 0 0.4 0 0 0 0.2 0 0.4 0 0 0 0 0 0 0 0 0 0 0 0 0 1.2000000000000002 7.800000000000001 0 4.6000000000000005 4.800000000000001 0 0 3.8000000000000003 4.4 0 10.8 0 0 0 2 0.2 2.2 0 0 0.2 0 0 0 0 0 0.2 0 9.600000000000001 0.2 0 0 0 0.2 0 1.8 1.4000000000000001 0 2 6.800000000000001 0 0 0 0 0 0 0 0 0 0 0 0 0 0 0 0 0 0 0 0 0 0 0 0 0 0 0 0 0 0 0 0 0 0 1 0.4 0 0 14.8 0 0.4 2 0 0 0 0 0 0 0 0 0 0 0 0 0 0 0 0 0 0 0 0.6000000000000001 0 0 0 0 2 0 0 0 
