 0 63 69.8 10.600000000000001 13.8 50 36.6 9.8 33.4 9 51.6 46.6 48.400000000000006 52.6 90.2 51.400000000000006 25 37.6 28.400000000000002 30 0 0 0.4 0.2 0 0 0 0 0.4 0 0 0 1.6 0 0.4 0 0.4 0.2 4 14.600000000000001 0 0 0 0 0 0.6000000000000001 0 1.2000000000000002 0 0 0 0.4 0 0 0 0 0 0 0.8 0 0 0 5.2 0.4 0 0 0 0.6000000000000001 0 0 0 0 0.4 0.4 0 0.6000000000000001 0 0 0.6000000000000001 0 1.2000000000000002 2.8000000000000003 0.6000000000000001 6.2 0.4 0.4 6.6000000000000005 6 6 2 0 2.8000000000000003 2 3.6 4.4 2 2.2 0.2 0.2 8.8 0 0 0 0 0 0.2 0 0 0 0 0 0 0 0.2 0 0.4 0 0 6 0 0 0 0 0 0 0 11.200000000000001 0 0 0 0 0 0 0 0 0 0 0 0 0 0.4 0.4 0 0 0 0 0 2.2 0 0 0 0.2 0 0 0 0 0 0 0 0 4 2 0 0 6.2 0 2.4000000000000004 0.2 0.4 0.2 0 4 0 5.6000000000000005 5.6000000000000005 2 4.4 3.4000000000000004 0 0.4 0 0.2 0 0 0 0 0 0 0 0 0.4 0 3.6 0 0 0 0 0 1.8 0 0 0 0 0 1.2000000000000002 0 0 0 0 0 0 0 0 0 0 0 0 0 0 0 0 0 0 0 0 0 0 0 0 0 0.2 0 0 0 0 0 0 0 0 0 0 0.2 0 0 0 0 18.2 0.4 0 2.8000000000000003 0 2.6 3.8000000000000003 0 0 0.4 0 0 0 0 0 0 0 0 0 0 0 0 0 0 0 0 0 0 0 0 0 0 0 0 0 0 0 0 0 0 0 0 0 0 
 63 0 77 58 11.4 52 39.2 57.2 8 10.200000000000001 114.2 5 30.8 70.2 50 65 61.400000000000006 12.200000000000001 68 56.800000000000004 0 0 0.6000000000000001 0 0 0.2 0 0 0 0.2 0 0 0.4 0 0.6000000000000001 0 0 0.2 0.2 0 0.6000000000000001 0 0 0 0 0 0.4 0 7.4 0 0 0 1.6 0 1.2000000000000002 0 0 0 0 0 0.2 0 1.2000000000000002 0 0.8 0 0 0 0 0 0 0 3.6 0 0.2 0 0 0.2 0.6000000000000001 0 3.2 6.6000000000000005 3.4000000000000004 0.2 3.6 2.8000000000000003 5 1.8 3.6 4 4.2 10.4 11 7.4 3.8000000000000003 4.6000000000000005 4.4 13.4 2.4000000000000004 4.2 1.8 0 0 0 0 0 0 0 0 0 0 0 0 0 0 0 2 0 0 0 0 0 0 0 0 0 0 0 0 0 0 0 0 0 0.2 0 2.6 0 0 0 0 0 0 0.4 0 0 0 0 0 1 0 0.2 0 0.2 0 0 0.2 0 0 0 0.2 5.800000000000001 0 0 4.4 0 5.2 4.6000000000000005 9 4.800000000000001 4 2 5.2 6.2 4.4 0.6000000000000001 6.4 3.4000000000000004 0 0 0 0 0 0.2 0 0 0 0 0 0 0 0 8.6 0 0 0 0 0 4.4 0 0.2 0 0 0 0 0 0 0 0.4 0 0 0 0 2.2 0 0 0 0 0 0 0 0 0 0.2 0 0 0 0 0 0 0 0 0 0 0 0 0 0 0 0 0 0 0 0 0 0 18.2 0 17.8 0.2 0.4 0.2 0 0 0 0 0 0.2 0 0 0 0 0 0 0 0 0 0 0 0 0 0 0 0 0 4 0 0 0 0 0 0 0 0 0 0 0 0 0 0 
 69.8 77 0 17.8 14 17.8 13 41.400000000000006 33.4 93.60000000000001 26.6 43.6 54.6 51 10.8 89.4 52 32.800000000000004 52.6 10 0 0 0.4 0 0 0 4.6000000000000005 0 0.4 0 0 0.4 1.2000000000000002 0 0.4 0 0.6000000000000001 0 15.4 0 0 0 0 0 0 0.2 0 0.6000000000000001 0.2 0 0 0.4 0 0 0 0 0 0 0.6000000000000001 0 0 0 0.6000000000000001 0.6000000000000001 0 0 0 0.6000000000000001 0 0 0 0 0.4 0.6000000000000001 1 0.6000000000000001 0 0 0.4 0.2 2.2 7.800000000000001 2.8000000000000003 4.800000000000001 0 9 8.6 2.6 2 0.4 2.8000000000000003 0 0 4.800000000000001 1.6 5.800000000000001 2 6.2 1.8 2.8000000000000003 0 0 0 0 0 0 0 0 4 0 0 0 0 1.4000000000000001 0 0 0.2 0 4 4.800000000000001 0 0.2 0 0 0 0 0 0 0 0 0 0 0 0.4 0 0 0 0 0 0 0 0 0 0 0.4 0 0 0.2 0 0 0 0.4 0.2 0.2 0 0 0 0 0 0 0 5 5.4 9 3.2 2.2 4.2 0 2.8000000000000003 0 4.6000000000000005 10.8 0 2.6 4.2 0 2.6 2.6 0 0 2.4000000000000004 0 0 0 0 0.2 3 2.8000000000000003 0 0.2 0 0 9.200000000000001 0 0 0.8 0 0 3.6 0 0 0 0 0 0 0 0 0 0 3.2 0 0 0 0 0 0.4 0 0 0 0 0 0 0 0 0 0 0 0 0 0 0 0 0 0.4 0.4 0 0 0 0 0.4 0 0 0 0 0.4 0 17.6 0 0.6000000000000001 17.8 0 1.4000000000000001 0 0 0 0 0 0 0 0 0 0 0 0 0 0 0 0 0 0 0 0 0 0 0 4.4 0 2 0 0 0 0 0 0 0 0.4 0 0 0 0 
 10.600000000000001 58 17.8 0 29.200000000000003 33.6 36.6 12.4 36 67 53.400000000000006 7.800000000000001 15.8 16.2 14.4 26.200000000000003 24.400000000000002 29.200000000000003 29.200000000000003 17.2 20.200000000000003 0.4 0.6000000000000001 1 0.6000000000000001 0.4 22 0.6000000000000001 0 0.4 0.4 0.8 15.200000000000001 3.6 0.4 0.8 1 1.2000000000000002 15.4 16.400000000000002 0.4 0.6000000000000001 0.4 0.6000000000000001 0.2 0.6000000000000001 0.6000000000000001 0 0 0 13.600000000000001 0.6000000000000001 0.4 0 0 0 0 0 0 0 0 6 2.4000000000000004 0.8 0 0.4 0 0.6000000000000001 0.4 0 0 0.6000000000000001 0.4 0.4 6.2 1.2000000000000002 0.6000000000000001 0 1.2000000000000002 0 0.4 0 6.800000000000001 0.2 4.4 3.4000000000000004 1.8 0.6000000000000001 4.2 0 3.6 6.4 4 0 0 0.2 0 0 0 0 3.6 2.6 0 0 0 0 3.2 0 1.6 0 0 0 6.6000000000000005 1.4000000000000001 0.2 0 2 2.2 0 1.4000000000000001 0 0 0 0 0 0 0 0 0 0 0 0 0 0 0 0 0 0 0 0 0 0 0 0 0 0 0 0 0 0 0 2.2 0 0 0 0 0 0 0.4 0 1.8 0 0 0 1.2000000000000002 3.6 0.4 0 0 4.6000000000000005 0 1.4000000000000001 2 1 0 0 1 0.4 0 0.4 2.4000000000000004 2.2 0 0 0 0 0 0 2.2 0 0 0 1.4000000000000001 1.4000000000000001 0 0 0 2.8000000000000003 0 4.4 0 0 0 0 2.6 0 0 0 0 0 0 0.2 0 0 0 0 0 0 0 0 0 0 0 0 0 0 0 0.4 2 0 0 0 0 0 0 0 0 0 0 0 0 0 0 0 0 0.2 0.4 0.4 0.8 0.2 3.6 0.8 0 0 0 0 0 0.4 0 0 0 0 0 0 0 0 0 0 0 0 0 0 0 0.4 0 1 3 0 0 0 0 0 0 0 0 0 0 0 0 0 
 13.8 11.4 14 29.200000000000003 0 33 13 13 13.600000000000001 60.2 79.80000000000001 55 57.2 11.8 25.6 13.600000000000001 33.2 26.6 7.800000000000001 14.8 0.4 0 0.4 12 0 0 29.400000000000002 0.4 0.2 14.8 0 0.2 15.200000000000001 12 16.400000000000002 15.600000000000001 1.2000000000000002 0.8 30 30.200000000000003 0 0.2 0 0 0.2 0.4 0 0 0 0 0.2 0.4 0 0 0 0 0 0 0 0 0.4 0 0.6000000000000001 0.4 0 0 0 0.6000000000000001 0.2 0 0 0 7.4 0.4 0 0.6000000000000001 0 0 0.6000000000000001 0 0 1.2000000000000002 2.2 3 2.4000000000000004 1.6 0 0 3.6 1.8 2.6 2.6 0 0 0 0 0 0 0.2 0 0.2 0 3.2 2 0 0 4.2 5.800000000000001 2.4000000000000004 5.2 4 7.4 10.8 2 4 0.4 9.4 2.8000000000000003 3.8000000000000003 6 0 0 0 0 0 0 2.4000000000000004 0 0 0 0 0 0 0 0 0 0 0.4 0 0 0 0 0 0 0 0 0 0 0 0.2 0 0.4 0.2 0 0 0.4 0 0 0 0 0 0 0 0 3.6 6.6000000000000005 0 0.2 0 1.6 0 0 0 0 0 0 0 0 0 0 4.6000000000000005 7.6000000000000005 1 0 0 0 0 2.2 3.6 7.6000000000000005 2.6 0 6.800000000000001 1 3.4000000000000004 0.2 8.200000000000001 0.6000000000000001 1.2000000000000002 13.8 0 0 0 0 0 0 0 0 0 0 0 0 0 0 0 0 0 0 0 0 0 0 0 0 0 0 0 0 3 0 0 0 0 0 0 0 0 0 0 0 0 0 0 0 0 1.4000000000000001 0 0 0.4 1.8 0.4 1.6 0 0 0 0 0 0 0 0 0 0 0 0 0 0 0 0 0 0 0 0 0 0 0 0 3.8000000000000003 0 0 3.6 0 0 0 0 0 0.8 0 0 0 0 
 50 52 17.8 33.6 33 0 4 5.800000000000001 5.6000000000000005 8.4 18 13.4 8.4 6.6000000000000005 9.200000000000001 16.8 19.8 31.6 8 11.200000000000001 27 32.800000000000004 1 0.8 0 0 16.8 8.200000000000001 0 0 0.6000000000000001 0 1.4000000000000001 0 4.800000000000001 38.400000000000006 16.2 0.6000000000000001 20.6 41.6 0 0.4 0 0 0 0 0 0.4 0.6000000000000001 0.4 9 0.4 0 0.4 0 12 0.4 0 12.4 0.4 0.6000000000000001 0 1.6 0.6000000000000001 0 0 0 1 0 0 0.4 0 1.4000000000000001 0.6000000000000001 1.2000000000000002 0.8 1.4000000000000001 1 1.4000000000000001 1.2000000000000002 0 0 3.8000000000000003 2.6 3.6 6 0 0 0 0 3.6 2 0 0 0 0 0 0 2 0 1.8 0 0 0 0 0 0 0 3.8000000000000003 4 0 3.8000000000000003 3.6 5.2 0.2 0 0 0.4 0.2 2.4000000000000004 0.2 0 0 0 0 0 0.2 0 0 0 0 0 0 0 0 0 0 0 0 0 0 0 0 0 0.8 0 0 0 0 0 0 0.2 3.8000000000000003 0.6000000000000001 0 0.2 0 0 0 3.2 0 0 4 7.2 0 2.8000000000000003 0 0 0 0 0.2 0 0 0 0 0 0 0 0 0 13 2.2 5.2 2.8000000000000003 0 2.6 5 4.2 4.2 2.8000000000000003 5 0 0 1.4000000000000001 2.4000000000000004 0 0 5.4 0 3 0 0.4 0 0 0 0 0 0 0 0 0 0 0 0 0 0 0 0 0 0 0 0 0 0 0 0 0 0 2.6 0 0 0 0 0 0 0 0 0 0 0 0 0 0.2 0 0 0 0 0.2 0 0 4.4 3.2 0 0 0 0 0 0 0.4 0 0 0 0 0 0 0 0 0 0 0.2 0 0 0 0 0 9 0 3.6 0 0 0 0 0 0 0 0.6000000000000001 0 0 0 0 
 36.6 39.2 13 36.6 13 4 0 17 29.400000000000002 29.200000000000003 8 25.200000000000003 60.6 20.200000000000003 49.400000000000006 88.2 7 34.800000000000004 39.400000000000006 73 0.2 13.8 1 0 1 41.2 0 0.6000000000000001 0 15.600000000000001 1.4000000000000001 1 0.8 0 0.6000000000000001 0.6000000000000001 16.2 16.8 0.2 40.2 0 0.4 0 0 0.8 0.4 0.4 0.4 0 0.6000000000000001 0.8 0.4 0.2 0 1 1.2000000000000002 1.4000000000000001 0 0.4 0 0 0 19.400000000000002 1.8 0.4 0 0 0.6000000000000001 12.4 0.8 0 0 0.4 0.4 0 1.4000000000000001 0 0 1.8 0 4.4 2.4000000000000004 1.6 3.2 0 0 5.6000000000000005 6.2 2.2 2.6 10.200000000000001 0 6 0 7 6.6000000000000005 4.4 3 7.4 0 3.2 0 0 0 0 0 0 0 0 0 0 0 0 0 0 0 0 0 0 0 0 0 0 0 0 0 0 0 0 0 0 0 0 0 0 0 0 0 0 0 0 0 1.4000000000000001 0 0 0 0 0.2 0 0 0 0.2 0 0 0 0 0 0 0 0 5.2 0 3.6 0 3 0 0 0.4 6.2 6 0 0 5.4 2 2.8000000000000003 0 2.4000000000000004 10 0 2 0 0 0 0 0 0 0 0 0 0 0 0 0 0 0 0 0 0 0 0 0 0 0 0 1.2000000000000002 0 0 0 0 0 0 0 0 0 0 0 0 0 0 0 0 0 0 0 0 0 0 0 0 0 0 0 0 0 0 0 0 0 0 0 0 0 0 0 0 0.2 0.4 0 0 0.2 0 0.8 0 0 0 0 0 0 0 0 0 0 1.4000000000000001 0 0 0 0 0 0 0 0 0 0 0 0.8 2 4.2 0 0 0 0 0 0 0 0 0 0 0 0 0 
 9.8 57.2 41.400000000000006 12.4 13 5.800000000000001 17 0 15 12.4 49.800000000000004 15.4 15 67.4 120.80000000000001 40.6 7.6000000000000005 10 14.8 40 0.2 0.6000000000000001 7.2 1.2000000000000002 0 0.4 0 0 0.4 0 0.6000000000000001 0 0.4 0.2 0.4 0.4 0.6000000000000001 0.8 0.4 0 0 0.2 3.6 0 1.8 0.4 0 0.6000000000000001 13.200000000000001 0 1.2000000000000002 0.8 0.4 1 0.6000000000000001 0 0.6000000000000001 0 0 0.6000000000000001 0.6000000000000001 0.6000000000000001 1.4000000000000001 0.4 0 0.4 0 0.6000000000000001 0 0 1.8 0.2 1 0.4 0.6000000000000001 0.8 0.2 0.8 1.2000000000000002 0.4 5 4.800000000000001 2.4000000000000004 0.6000000000000001 0 0.2 1.8 0 0.2 5.6000000000000005 0 5.4 4.2 6 0 2.8000000000000003 5.2 4 6.2 4.6000000000000005 0 0 0 0 0 0 0 2.8000000000000003 0 0 0 0 0 2 2.6 0 0 1.8 0 0 0 0 0 0 0 0 0 0 0.4 0 0 0 0 0 0 0 0 0 0 0 0 0 0 0 0 0 0 0 0 0 0 0.4 0 0 0 0.2 0 0 0 0 0.2 1.8 0 2.8000000000000003 0.8 0 5.4 5.4 1.6 3.4000000000000004 3.6 4.2 0 5.2 4.6000000000000005 7.4 2.2 3 1.6 0.4 0 0 0 0 0 0 0 0 0 0 0 0 9 0 0 0 0 0 3 0 0 0 0 0 0 0 0 0 0 0 0 0 0 1.2000000000000002 0 0 0 0 0 0 0 0 0 0 0 0 0 0 0.2 0 0 0 0 0 0 0 0 0.2 0 0 0 0 0 0 0 0 10.4 0 0 0.4 0.4 0.2 0 0 0 0 0 0.2 0 0 0 0 0 0 0 0 0 0 0 0 0 0 0 0 0 0 0 0 0 0 0 0 0 0 0 0 0 0 0 0 
 33.4 8 33.4 36 13.600000000000001 5.6000000000000005 29.400000000000002 15 0 61 24.6 5.4 81.80000000000001 19.200000000000003 18.6 39.800000000000004 14.4 25.200000000000003 58 36.4 15.200000000000001 0 0.4 0 0 0 0.6000000000000001 0 0 0 0 0 0.6000000000000001 0 0.4 0 0.4 0 15 0 0.2 0 0 1.2000000000000002 0 0.6000000000000001 0 0 0 0 0.2 0.4 0 0 0 0 0.2 0.4 0 0 0 0.2 0.6000000000000001 0.4 0 0 0 1.2000000000000002 0 0 7.800000000000001 0 0.4 0.4 0 0.6000000000000001 0 0 0.6000000000000001 0 0.2 2.8000000000000003 2 5.4 5.2 2.8000000000000003 4.2 4.2 2 6.4 0 0 0 11.4 1.8 4.4 2.6 3 0 1.4000000000000001 2 0 0 0.4 0 0 0 2.6 2.6 0 0 0 0 2.2 0 0 0 0 3 0 0 0 0 0 0 0 0 0 0 0 0 0 0 0 0 0 0 0 0 0 0 0 0 0 0 0 0 0 0 0 0 0 0 0 0 0 0 0 0 0 1.6 0 1.4000000000000001 20.200000000000003 2.6 3.2 0 0 2.4000000000000004 0 6.4 10.4 0 0 4.800000000000001 4.800000000000001 3 6.2 0 2.2 0 0 0 0 0 0 0 0 0 0 0 0 0 1.6 0 0 0 0 10.4 0 0 0 0 0 0 0 0 0 0 0 0 0 0 0 0 0 0 0 0 0 0 0 0 0 0 0 0 0 7.2 0 0 0 0 0 0 0 0 0 0 0 0 1.4000000000000001 0 0 0 0.4 17.6 0.2 0 17.8 2.8000000000000003 2.2 2.6 0 0 0 0 0 0 0 0 0 3 0 0 0 0 0 0 0 0 0 0 0 0 0 0 0 0 0 0 0 0 0 0 0 0 0 0 0 
 9 10.200000000000001 93.60000000000001 67 60.2 8.4 29.200000000000003 12.4 61 0 71 15 52.6 14.8 18.2 58.2 24.6 44 33.800000000000004 16.2 30.400000000000002 0 0.4 0 0 0 7.2 0.4 0 0 0 0 0.8 0 0.8 0 0.6000000000000001 0 0.4 0 0 0 0 0.6000000000000001 0 0 0 0 0.2 0 0 0.4 0 0 0 0 0 0 0 0 0 0 0.6000000000000001 1.4000000000000001 0 0 0 0.6000000000000001 0 0 0 0 0.4 0.6000000000000001 5.800000000000001 0.6000000000000001 0.4 0 0.4 0.2 6.4 0 0 0 0 3.6 0 0 2.6 0 4 2.2 0 0 0.4 3.2 0 2.8000000000000003 1.8 0 0 7.6000000000000005 0 0 0 0 3 0 3.6 0 0 0 2.6 5.6000000000000005 0 0 1.8 0 1.8 3.2 0 0 0 0 0 0 0 0 0 0 0.2 0 0 0 0.8 0 0 0 0 0 3.4000000000000004 0 0 0 0 0 0 0 0 0.8 0 2.4000000000000004 0 1.2000000000000002 0 0 0 0 0.6000000000000001 0 0.2 2.6 0 6 0 1.8 3.2 2.2 0 0 5.800000000000001 2.6 2 0 3.2 8.4 0 0 2 5.2 0 0 0.2 0 0 2 10 0 1.8 0 1.8 0 6 2.2 0 3.2 0 0 9.8 0 0 0 0 0 2.8000000000000003 0 0 0 0 0 0 0.2 0.2 0 0 0 0 0 0 0 0 0 0 0 0 0 0 0.4 0.2 0 0 0 0 0 0 0 0 0 0 0 0 0 0 0 0 0.4 0 0.4 0.4 0.4 0 0.4 0 0 0 0 0 0 0 0 0 0 0 0 0 0 0 0 0 0 0 0 0 0 0 2.6 4.2 0.2 0 0 0 0 0 0 0 0 0 0 0 0 
 51.6 114.2 26.6 53.400000000000006 79.80000000000001 18 8 49.800000000000004 24.6 71 0 29.8 6.4 5.4 76.2 24.200000000000003 59.6 50.6 9.600000000000001 30 2.2 0.4 4.2 0.4 0 0 29.8 0 0 0 0 0 16.8 0 0.4 0 0.6000000000000001 0.2 1.2000000000000002 0 0 0 0 0.4 0 0.6000000000000001 0.2 0 12.600000000000001 0 0 0.4 0 0 0 0 0 0.2 0 0 0 0 0.6000000000000001 0.4 0 0 0 0.6000000000000001 0 0 0 0 0.4 0.4 0.2 0.6000000000000001 0 0 0.6000000000000001 0 3.2 3.6 3 0.2 2.2 7 0 0 1.8 0 0.4 9.600000000000001 2.6 3.8000000000000003 1.2000000000000002 3.4000000000000004 0 2.2 0 0 0 0 0 0 0 0 3.4000000000000004 5.800000000000001 4 0 0 0 1 0.2 4 0 5.4 0 3.2 3.2 0 0 0 0 0 0 0 0 0 0 0 0 0 0 0 0 0 0 2.2 0 0 0 0 0 0 0 0 0 0 0.6000000000000001 0 0.4 0 0 0 0 2.2 0 0 0 0 6.4 0 3.8000000000000003 7.2 3 10.4 2.4000000000000004 0 0 8.200000000000001 2.2 0 0.2 4.2 0 0 0 0 1 0 0 0 0 0 0 1.6 2.2 3.6 0 2 0 5.6000000000000005 1.6 0 4.6000000000000005 2.8000000000000003 0 9 3 0 0 0 0 0 0 0 0 0 0 0 0 0 0 0 0 0 0 0 0 0 0 0 0 0 0 0 0 0 0 0 0 0 0 0 0 0 0 0 0 0 1.6 0 0 0 0 0.4 0 17.6 0 0 2.2 0 0 0 0 0 0 0 0 0 0 2 0 0 0 0 0 0 0 0 0 0 0 0 0 3.2 0 0 0 0 0 0 0 0 0 0 0 0 0 
 46.6 5 43.6 7.800000000000001 55 13.4 25.200000000000003 15.4 5.4 15 29.8 0 5.2 12.4 23.200000000000003 23.8 15.8 15.600000000000001 25.400000000000002 6 15.200000000000001 1 0.4 0 0 0 16.8 0.6000000000000001 0 1.4000000000000001 0 0 16 4.800000000000001 0.4 0 0.6000000000000001 0 16.2 14.8 0 0 0.8 0 0 0.4 0 0.4 0.4 0 0 0.4 0 0 0.4 0 0 0.6000000000000001 0 0 0 0 0.6000000000000001 0.4 1.4000000000000001 0 0 0.6000000000000001 0 0.4 0 0 0.4 1 0 0.6000000000000001 0 0.6000000000000001 0.6000000000000001 0 3.4000000000000004 7.2 7.800000000000001 0 3.4000000000000004 0.2 4 0 0 5.4 0 0 0.2 2.6 0 4.2 0 3.8000000000000003 0 0 1.6 0 2.6 0 0 0 0.4 3.4000000000000004 2.4000000000000004 3.6 0 0 5 3.6 2.8000000000000003 0 5.2 2.4000000000000004 9.600000000000001 2.4000000000000004 0 0 0 0 0 0.4 0 0 0 0 0 0 0 0 0 0 0 0 0 0 0 0 1.4000000000000001 0 0 0 0 1.4000000000000001 0 0 0 0.2 4.4 0 0 0.8 0 0 0 0 0 0 0.2 3.4000000000000004 2.8000000000000003 3.2 7.2 4.6000000000000005 0 2.2 5.4 2.4000000000000004 0 0 3.6 1.4000000000000001 0 0 0 0 0 3.4000000000000004 4.6000000000000005 0 0 0 5.2 2.2 0 0 0 0 4.4 6.6000000000000005 0 2.8000000000000003 5 2 2.2 1.8 0 2.2 0 0 0 0 0 0 0 0 0 0.4 0.4 0 0 0 0 0 0 0.2 0 0 0 0 0 0 0 0.2 0 0 0 0 0 0 0 0 0 0 0 0 0 0 0 0 0 0.2 0 0 0.4 0 0 1.8 0.6000000000000001 0 0 0 0 0 0 0 0 0 13 0 0 0 0 0 0 0 0 0 0 0 0 0 0 0 0 0 0 0 0 0 0 0 0 0 0 0 
 48.400000000000006 30.8 54.6 15.8 57.2 8.4 60.6 15 81.80000000000001 52.6 6.4 5.2 0 35.2 13.4 13.600000000000001 47.2 7.6000000000000005 69.2 13.8 0 0 0.4 0 0.8 0 0 0 0 0 0 0.2 1.2000000000000002 0 0.4 0 0.6000000000000001 0.4 0.4 0 0 0 14.8 0 0 0.4 0 0 0 0 0 0.4 0 0 0 0 0 0 0 0 0 0 1.8 0.4 0.2 0 0 8.8 0 0 0 0 0.4 0.4 0 0.6000000000000001 0 0 2.2 0 4.800000000000001 0 2.4000000000000004 3.2 0 0.2 4.4 7.6000000000000005 6.4 0 9.8 3.4000000000000004 6.4 0 5.6000000000000005 0 2 0 1.4000000000000001 5.4 1.2000000000000002 0 0 0 0 0 0 0 0 0 0 0 0 0 0 0 0 0 0 0 0 0 0 0 3.8000000000000003 0 0 0 0 0 0 0 0 0 0 0 0 0 0 0 0 0 0 0 0 0 0 0 0 0 0 0.4 0 0 0 0 7.2 0 0 0 7.4 0 7.800000000000001 0 0.2 0 0 0.4 2.2 4 0 0 2 1.2000000000000002 1.8 0 1.4000000000000001 3.6 1.4000000000000001 2 0 0 0 0 0 0 0 0 0 0 0 0 0 0 0 0 0 2.4000000000000004 0 0 0 0 0 0 0 0 0 0 0 0.6000000000000001 0 0 0 0 0 0 0 0 0 0 0 0 0 0 0 0 0 0 0 0 3.6 0 0 0 0 0 0 0 0 0 0 0 0 0 0 0 0 0.2 0.4 0.4 0 2.4000000000000004 0 0 0 0 0 0 0 0 0 1.8 0 0 0 0 0 0 0 0 0 0 0 0 0 1.2000000000000002 4.6000000000000005 0 0 0 0 0 0 0 0 0 0 0 0 0 
 52.6 70.2 51 16.2 11.8 6.6000000000000005 20.200000000000003 67.4 19.200000000000003 14.8 5.4 12.4 35.2 0 35.4 24 5.4 25 15.200000000000001 55.6 0.6000000000000001 0 0.4 0.4 0.4 0 4.2 41.2 0 0 0 0.6000000000000001 0.8 0 1 0.6000000000000001 0.4 15.4 0.2 0 0 0 0.6000000000000001 0 0 17.2 0 0.6000000000000001 0.6000000000000001 0 0 1 0 0 0 0 0 0.4 5.4 0 0 0 0.8 0.4 0 0.6000000000000001 0 0.6000000000000001 0 0 0.6000000000000001 0.6000000000000001 0.4 1 0 1.2000000000000002 0.6000000000000001 0 0.6000000000000001 0 4.800000000000001 3.6 0 2.4000000000000004 0 0 5.4 3.2 4.4 2.6 2.2 0 2.4000000000000004 4.6000000000000005 1.8 0 2.2 0 3 4.6000000000000005 0 0 0 0 0 0 0 0 0.4 0 0 0 0 0 0.4 0 0 0 4.4 0 0 0 0 0 0.2 0 0 0 0 0 0 0 0 0 0 0 0 0 0 0 0 0 0 0 0 0 0 0.4 0 0 0 0 0 0 0 0 0 0 0 0 0 5.4 0 0 0 0 5.2 3.6 2.8000000000000003 0 0.2 6.4 0 4.6000000000000005 13.8 10 0.8 1.4000000000000001 2.8000000000000003 2.6 0 0 0 0 0 0 0 0 0 0 0 0 1.6 0 0 0 0 0 0 0 0 0.2 0 0 0 0 0 0 0 0.4 0 0 0 2 0 0 0 0 0 0 0 0 0 0 0 0 0 0 0 0 0 0 0 0 0 0 0 0 0 0 0 0 0 0 0 0.2 0.2 0 0.4 1 0 2.6 0 0 0 0 0 0 0 0 0 0 0 0 0 0 0 0 0 0.4 0 0 0 0 0 0 0 0 0 0 0 0 0 0 0 0 0 0 0 0 
 90.2 50 10.8 14.4 25.6 9.200000000000001 49.400000000000006 120.80000000000001 18.6 18.2 76.2 23.200000000000003 13.4 35.4 0 76.2 23.6 35 25 35.2 0 0 0.8 0.6000000000000001 0 0 0.4 0 0 0 0.6000000000000001 0.6000000000000001 1.4000000000000001 0.4 15.8 0 0.6000000000000001 0.6000000000000001 15.8 0 0.6000000000000001 0.4 0 0 0 0.4 0 0.6000000000000001 12.600000000000001 0.4 0 0.4 0.6000000000000001 0 0.6000000000000001 0 0.2 0 0 0.2 0.2 0 0.6000000000000001 0.4 0 0 0 0.6000000000000001 0.2 0 0 0.4 0.4 0.8 0.4 0.6000000000000001 0 0 0.6000000000000001 0 0 0 0 5.4 1.8 2.8000000000000003 0.2 3.8000000000000003 4.2 6 5.800000000000001 2.6 2 2 0 5 1.8 5.6000000000000005 3 4 0 0 0 0 0 0 0 0.2 0 0 0 0 0 0 4.2 0 2.6 9 4 0 0 0 0 0 0 0 0.2 0 0 0 0 0 0 0 0 0.2 0.2 0 0 0 0 0 0 0 0 0 0 0 0 0 0 0.4 0 0 0 0.4 0 0 0 0.2 0.2 0 1.8 3.6 1.6 4.4 0 1.8 2 2 0 5.4 0 2.2 2.2 10.4 0.4 3.8000000000000003 0 0.4 0 0 0 0 0 0 0 0 1.4000000000000001 0 0 0.4 2.2 0 0 0 0 0 12.200000000000001 0 0 0 0 0 0 0 0.2 0 0 0 0 0 0 0 0 0 0 0 0 0 0 0 0 0 0 0 0 0 0 0 0.2 0 0 0 0 0.8 0 0 0 0 0 0 0 0 0 0 2.2 0 0 17.6 0.6000000000000001 2.6 8 0 0.2 0 0 0 0 0 0 0 0 0 0 0 0 0 0 0 0 0 0 0 0 0 3 0 0 0 0 0 0 0 0 0 0 0 0 0 
 51.400000000000006 65 89.4 26.200000000000003 13.600000000000001 16.8 88.2 40.6 39.800000000000004 58.2 24.200000000000003 23.8 13.600000000000001 24 76.2 0 59.6 27.8 42.2 29.8 0.2 0 0.8 0 0 0 0 0 0 0 0 0 0.8 0 0.4 0 15.200000000000001 14.600000000000001 0.4 0.4 0 0 0 0 0 0.4 0 0 12.200000000000001 0 0 0.4 0 0 0 0 0 0 0.2 0 0 0 1.2000000000000002 0.4 0 0 0 0.6000000000000001 0 0 0 0 0.4 0.4 0 0.6000000000000001 0 0.2 0.8 0 0 5.4 4.6000000000000005 0 0 0 6 2.4000000000000004 7.2 3.8000000000000003 2.6 5.4 2.8000000000000003 5 0 2.2 0.6000000000000001 4.6000000000000005 0 2.6 4.4 0 0 0 0 0 0 0 2.2 0 0 0.4 0 0.6000000000000001 0 0 0 0.4 0 0 0 0 0 0 0 0 0 0 0 0 0 0.2 0 0 0 0 0 0 0 0 0 0 0 0 0 0 0 0 0 2.6 0 0.4 0.4 0 0 0 0 0 0 0 2 5 0.2 1.8 4.800000000000001 4.2 2.2 3.6 0.2 1.8 0 10.200000000000001 2 4.2 0.6000000000000001 5.2 1.6 2.2 0 0 0 0 0 0 0 0 0 0 0 0 0 0 2.4000000000000004 0 0 0 0 0.2 2 0 0 0 0 0 0 0 0 0 0 0 0 0 0 0.4 0 0 0 0.4 0 0 0 0 0 0 0 0 0 0 1.4000000000000001 0 0 0 0 0 0 0 0 0 0 0 0 0 0 0 0 0.6000000000000001 0.2 0 0 0.4 0 1 0.2 0 0 0 0 0 0 0 0 0 0 0 0 0 0 0 0 0 0 0 0 0 0 1.6 0 0 0 0 0 0 0 0 0 0 0 0 0 0 
 25 61.400000000000006 52 24.400000000000002 33.2 19.8 7 7.6000000000000005 14.4 24.6 59.6 15.8 47.2 5.4 23.6 59.6 0 19 4.800000000000001 24 0.4 0 0.6000000000000001 0.4 0.4 0 30.6 0.4 0.4 0.2 0 0.4 0.4 0 1 0.4 0.4 0.4 15 0.4 0.6000000000000001 0 0 1.2000000000000002 0 0 0.4 0 0.2 0 0 0.6000000000000001 0 7.800000000000001 0 0.4 0 1.8 1.4000000000000001 0 0.2 0 0 0 14.600000000000001 1.2000000000000002 0 0 0 0 0 1.2000000000000002 1.2000000000000002 0.8 0.2 1.2000000000000002 1.2000000000000002 0.2 0 0 2.6 4.4 3.8000000000000003 17.400000000000002 2.4000000000000004 13 0 3 2.8000000000000003 3.4000000000000004 4.800000000000001 3.8000000000000003 2.6 3 1.6 3.6 7 2.6 2.6 0 0 0 0 0 0 0 0 0.6000000000000001 3 0 0 0 0.2 0 4 0.2 2.6 0 4.4 0 0 1.4000000000000001 0 0 0 7.2 0 0 0 0 0 0 0 0 0.4 0 0 0.2 0 0 0 0 0 0 3.2 0 0 0 0 0.4 0 0.2 0 0.6000000000000001 0 0.2 0 0 0 0 0 1.6 5.4 11.600000000000001 3.8000000000000003 1.6 1.4000000000000001 0.6000000000000001 0.2 0.2 4.800000000000001 7.800000000000001 0 0 4.800000000000001 2.4000000000000004 6.4 3.4000000000000004 0 0.6000000000000001 3.8000000000000003 0 0 0 0 0 4.2 3 3 0 0 0 4.6000000000000005 3 0 0 0.4 0 7.6000000000000005 0.6000000000000001 0 1.4000000000000001 0 0.2 0 0 0 0 0 0 0 0 0 0 0 0 0 0 0 0 0 0 0 0 0 0 0 0 0 0 0 0 1.8 0 0 0 0 0 0 0 0 2.2 0 0 0 0.4 21.200000000000003 0 17 18 0 1.2000000000000002 2.4000000000000004 0 0 0 0 0 0.4 0 0 0 4 0 0 0 0 0 0 0 0 0 0 0 0 3.8000000000000003 1.8 3.6 0 0 0 0 0 0 0 0 0 0 0 0 
 37.6 12.200000000000001 32.800000000000004 29.200000000000003 26.6 31.6 34.800000000000004 10 25.200000000000003 44 50.6 15.600000000000001 7.6000000000000005 25 35 27.8 19 0 20.400000000000002 51.2 4.6000000000000005 0 0.8 0.2 5.6000000000000005 0.4 16.2 0 0.2 0.6000000000000001 0.8 1.6 1.4000000000000001 0.4 0.4 0 0.4 0 3 0.4 0.6000000000000001 0.4 0 0 0 0.6000000000000001 0 1.2000000000000002 0.4 1 23.400000000000002 0.4 0 0 0.6000000000000001 0.2 1.4000000000000001 0 0.6000000000000001 0.2 0 0 0.6000000000000001 0.4 0.6000000000000001 1.2000000000000002 0 0.6000000000000001 0 0.4 0 0 0.4 0.4 0.8 0.6000000000000001 0.6000000000000001 0.6000000000000001 0.6000000000000001 0 0 6.800000000000001 2.6 2.8000000000000003 1.6 4.6000000000000005 5 2.8000000000000003 6 0 7 4 0 6.2 0 0 2 1.4000000000000001 2.2 3 2.4000000000000004 2.2 0 0 0 0 3.8000000000000003 0 10.200000000000001 0 0 0 0.4 2 4.800000000000001 0 1 0 5.4 2.2 0 0 0 0 0 0 0 0 0 0 0 0 0 0 0 0 0 0 0 0 0 0 0 0 0 0 0 0 0.2 4.2 0 0 0 0.6000000000000001 0 0 0 0 0 0 0 4 0.4 2.6 0 6.2 1.8 2.4000000000000004 3 0 1.4000000000000001 2.8000000000000003 0 3 0 0.2 2.8000000000000003 2.8000000000000003 0 1.2000000000000002 2.2 0 0 0 0.4 0 2.8000000000000003 0 10 0 0 0 4.6000000000000005 0.2 4.2 4.800000000000001 0.2 3.6 4.4 2.4000000000000004 0 0 0 0 0 0 0 0 0 0 0 0 0 0 0 0 0 0 0 0 0 0 0 0 0.4 0 0 0 2.4000000000000004 0 0 0 0 0 0 0 2.4000000000000004 0 0 0 0 0 0 0 0 0 18 0 0 1 3.4000000000000004 3.4000000000000004 0 0 0 0 0 0 0 0 0.2 0 0 0 0 0 0 0 0 0 0 0 0 0 0 2 3.4000000000000004 0 0 0 0 0 0 0 0 0 0 0 0 0 
 28.400000000000002 68 52.6 29.200000000000003 7.800000000000001 8 39.400000000000006 14.8 58 33.800000000000004 9.600000000000001 25.400000000000002 69.2 15.200000000000001 25 42.2 4.800000000000001 20.400000000000002 0 39 0 0.4 0.4 0.6000000000000001 0 0.2 0 0 0.4 0 0 0 0.8 6.6000000000000005 0.4 13 1 0.6000000000000001 0.8 0.4 0 0 0.4 0 0 0.6000000000000001 0 0.4 0.6000000000000001 0 0 1 0 0 0 0 0 0.2 0 0 0 0 1.6 0.4 0 0 0 0.6000000000000001 0 0.6000000000000001 0 0.4 0.4 0.4 0 1 0.4 0 3.8000000000000003 0 2 1.8 2.2 2.8000000000000003 0 0 6.2 6.800000000000001 2.6 0.4 4.6000000000000005 0.2 5.6000000000000005 6.2 2 2.8000000000000003 3.6 3 5 1.6 4.2 0 0 0 0 0 0 0 0 0 0 0 0 0 0 0 2.2 0 0 0 0 0 0 0 0 2.6 0 0 0 0 0 0 0 0 0 0 0 0 0 0 0 0 1.2000000000000002 0 0 0 0 0 0 0 0 0.4 0 0 0 0 0 0 0 0 4 0 1.6 0 1.2000000000000002 0 0 2.2 6.2 10.8 0 0 3.2 3.2 0 3.4000000000000004 1.8 6.6000000000000005 1.6 1.8 0 0 0 0 0 0 0 0 0 0 0 0 0 0 0 0 0 0 0 0 0 0 0 0 0 0 0 0 0 0 0 0 0 0 0 0 0 0 0 0 0 0 0 0 0 0 0 0 0 0 0 0 0 0 0 0 0 0 0 0 0 0 0 0 0 0 0.2 0.4 0.4 0.2 0.4 0.6000000000000001 0.4 0 0 0 0 0 0 0 0 0 0 0 0 0 0 0 0 0 0 0 0 0 0 1.8 2.8000000000000003 0 0 0 0 0 0 0 0 0 0 0 0 0 
 30 56.800000000000004 10 17.2 14.8 11.200000000000001 73 40 36.4 16.2 30 6 13.8 55.6 35.2 29.8 24 51.2 39 0 0 0 0.4 26.200000000000003 0 0 0 0.6000000000000001 0 0 0 0 1.2000000000000002 0 0.4 0 0.6000000000000001 1.2000000000000002 0.4 0 0 0 0 0 0 0.6000000000000001 0 0 0 0 0 0.4 0 0 0 0 0 0 0 0 0 0 1.8 0.4 0 0 0 0.6000000000000001 0 0 0 0 0.4 0.4 0 0.6000000000000001 0 0 1.4000000000000001 0 3.2 6.4 2.2 0 0 2.6 5.2 2 4.4 5.800000000000001 7.6000000000000005 6.4 5.6000000000000005 5.800000000000001 4.4 0 0 2.8000000000000003 0.2 2.8000000000000003 1.2000000000000002 0 0 0 0 0 0 0 0 0 0 0 0 0 0 0 0 0 0 0 0 0 0 0.2 0 0 0 0 0 0.2 0 0 2 0 0 0 0 0 0 0 0 0 0 0 0 0 0 0 0 0 0 0.4 0 0 0 2.8000000000000003 0 0 0 0 5.6000000000000005 5.800000000000001 0 0 3.8000000000000003 0 2.4000000000000004 2.8000000000000003 3 2 0 0 2.2 4 2.2 2.6 5 1 0 2 0 0 0.2 0 0 0 0 0 0 0 0 0 3.2 0 0 0 0 0 0.4 0 0 0 0 0 0 0 0 0 0 0 0 0 0 0 0 0.4 0 0 0 0 0 0 0 0 0 0 0 0 0 0 0 0 0 0 0 0 0 0 0 0 0 0 0 0 0 0 0.8 0 9.4 0.4 0 3.8000000000000003 0 0 0 0 0 0 0 0 0 0 0 0 0 0 0.4 0 0 0 0 0 0 0.4 0 1.4000000000000001 0 0 0 0 0 0 0 0 0 0.2 0 0 0 0 
 0 0 0 20.200000000000003 0.4 27 0.2 0.2 15.200000000000001 30.400000000000002 2.2 15.200000000000001 0 0.6000000000000001 0 0.2 0.4 4.6000000000000005 0 0 0 137.4 24.200000000000003 11.8 19 46.2 53 44.400000000000006 18 62.400000000000006 8.8 17.400000000000002 99.2 14.600000000000001 56.6 101.60000000000001 115 8 43.6 34.2 0 0.2 0.6000000000000001 40.400000000000006 0 0 0 0 0.4 0 12.4 0.4 0.8 0 0 0 0 0.6000000000000001 0.6000000000000001 0 0 0.4 0 0 0.6000000000000001 0 0 0 1.4000000000000001 0.4 0 0 0 0.8 0 0 0 9.8 0 0.4 0 0 6.800000000000001 2.2 2.4000000000000004 13 0 0 0 1 0 3 0 0 0 0 0 0 0 0 10.600000000000001 7.6000000000000005 0 0 3.2 0 7.800000000000001 0 7.6000000000000005 7.6000000000000005 5 1.4000000000000001 6.4 3 3.6 0 4.2 0 3.6 10 0 0 0 0 0 0 3.2 0 0 0 0 0 1.2000000000000002 0 0 0 0 0 0 7 0 0 3 0 2.2 0 0 0 0 0 0 0.4 1.2000000000000002 0 0 3 0 0.4 0 0 0 0 3.6 0 0 1 1.8 0 0 0 0.2 1.2000000000000002 0 0.8 0 0.6000000000000001 0 0 0 1.4000000000000001 4.800000000000001 3.6 2.4000000000000004 3 0 2.8000000000000003 6.800000000000001 3 7.800000000000001 0.6000000000000001 4.4 0 0.6000000000000001 0.6000000000000001 1.2000000000000002 0 4 3.2 0 5.4 0 0 0 0 8 0 0 0 0 0.4 0 0 0 0 0 0 0 0 0 1 0 0 0 0 0 0 0 0 2.2 0 0 0 0 0 0 0 0 0 0 0.2 0 0 0 0 0 0 0 0 0 0 3.4000000000000004 0 0 0 2.6 0 0.2 0.2 0.2 0 0.2 0.4 0 0 0 0 0 0 0 0 0 0 0 0 0 0 0 0 0 0 0 0 0 0 0 0 0 0 0 0 
 0 0 0 0.4 0 32.800000000000004 13.8 0.6000000000000001 0 0 0.4 1 0 0 0 0 0 0 0.4 0 137.4 0 87.4 34.800000000000004 37.2 10.200000000000001 12.600000000000001 84 35 9.4 65 47.800000000000004 25.400000000000002 53.400000000000006 99.2 24.6 41.6 20.6 69.2 59.800000000000004 0 0.8 0.4 0 0 0 0 0 0.4 0 0 0.4 0 0 0 0 0 0.6000000000000001 0.8 40.800000000000004 0 0.4 0 0 0 0 0 0 5.800000000000001 0.4 0 0 0 0 0 0 0 0 0 0.4 0 0 0 0 0 3.2 0.2 3 0 0 0 0 0 0 0 0 0 0 0 0 2.2 1.6 2.6 3.6 0 4.800000000000001 4 0 3.8000000000000003 5.4 1.8 4 0 1.8 1.4000000000000001 6.2 0.2 0 0 2.4000000000000004 2.6 0 0 0.4 0 0 0 0 0 0 0.2 0 0 0 0 0 0 0 0.6000000000000001 2.4000000000000004 0 0 0 0 0 0 0 0 0 0 0 0.2 0 0 0 0 0 0 0 0 0 0 0 0 0 0 0 0 0 0 0 0 0 0 0 0 0 2.4000000000000004 0 0 4.6000000000000005 5.800000000000001 3.8000000000000003 6 0.2 2.4000000000000004 1.4000000000000001 2.2 2.4000000000000004 3 11 8.200000000000001 1.6 2.8000000000000003 5.4 0 0 4.4 0 2 0 0 0 0 0 0 0 0.2 0 0 0 0 0 0 0 0 0 0 0.8 2.2 0 0 0 0 0 0 0 0 0 0 0 0 0 0 0 0 0 0 0 0 0 0 0 0 0 0 0 0 0 0 0 0 0 0 2 0 0 8.200000000000001 15.4 0 3.6 0.2 0 0 0 0 0 0 0 0 0 0 0 0 0 0 0 0 0 0 0 0 0 0 0 0 0 0 0 0 
 0.4 0.6000000000000001 0.4 0.6000000000000001 0.4 1 1 7.2 0.4 0.4 4.2 0.4 0.4 0.4 0.8 0.8 0.6000000000000001 0.8 0.4 0.4 24.200000000000003 87.4 0 36.2 21.6 7.2 32.2 36.800000000000004 71.60000000000001 25 19.400000000000002 49.400000000000006 15.4 22.6 49.2 16.8 86.60000000000001 27.6 9.4 23.200000000000003 0.6000000000000001 0.6000000000000001 6.800000000000001 0 0.2 0.8 1.6 0.8 0.8 0 0.4 1 0.8 0.4 0.4 0 0.6000000000000001 1 13 0 0 0.4 1 1 0 0.4 0 0 1.4000000000000001 0.4 0 1 0 0 0.4 3.4000000000000004 1 0.4 0 0.4 0 0 0.4 0 0 0 0 0 0 0 0 0 0 0 0 0 0 0 0 0.2 0 3.2 3.8000000000000003 5.6000000000000005 0 2.4000000000000004 7 4 2.4000000000000004 0 6.6000000000000005 0 0 0 4.800000000000001 2 2 0 0 0 3.2 0 0 0 0 0 8.200000000000001 0 0 0 0 0 0.4 2.4000000000000004 0 0 0 0 11.8 13.200000000000001 0 0 0 0 0.4 0 0 0 0 0 0 0.2 0 0 3 0.2 0 0 0 0 0 0 1.2000000000000002 0 0 0 0 0 0 0 0.4 0 0 0 0.2 0 0 0 0 0 0 3.6 1 3.4000000000000004 0.2 5.4 0 5 9.4 4.6000000000000005 4.2 3.8000000000000003 1.2000000000000002 4.800000000000001 2.4000000000000004 1.8 0 0 0 0 0 0 0 0 0 0 0 0 0 0 0 0 3.2 0 0 0 0 0 8.4 0 0.2 0 0 0 0 0 0 0 0 0 0 0 0 0 0 0 0 0 0 0.4 0 0 0.4 0 0 0.4 0 0 0 0 0 0 0 0 1.8 0 0 15 0 0.4 4 0.4 0 0 0 0.4 0 0 0 0 0 0 0 0 0 0 0 0 0 0 0 0 0 0 0 0 0 0 0 0 
 0.2 0 0 1 12 0.8 0 1.2000000000000002 0 0 0.4 0 0 0.4 0.6000000000000001 0 0.4 0.2 0.6000000000000001 26.200000000000003 11.8 34.800000000000004 36.2 0 47.400000000000006 12.200000000000001 29.400000000000002 35.800000000000004 18 12.8 34.800000000000004 24.6 13.200000000000001 35 42.2 27 26.400000000000002 23.400000000000002 26.200000000000003 44.2 0 0 0.6000000000000001 0 0 1.8 0 0.6000000000000001 1.2000000000000002 0 2 0.4 12.4 1 0 0.2 12.8 1.2000000000000002 16 0.4 1.4000000000000001 0.4 1.2000000000000002 0 0 0.8 0 0 0 1.2000000000000002 0.4 1 1.2000000000000002 0.4 1.2000000000000002 1.4000000000000001 1.4000000000000001 1.2000000000000002 1.2000000000000002 1.2000000000000002 0 0 4.6000000000000005 0 0 0 0 0 0 0 0 2 0 0 0 0 0 0 0 0 0 2.6 1.6 7.6000000000000005 2.4000000000000004 2.6 3 4.2 2.2 0 15.8 0 4 0 1.2000000000000002 9.8 0 15 0.2 3.4000000000000004 2.2 0 0 0 0 0 3.2 0 0 0 0 0 2.8000000000000003 3 0 4.800000000000001 0 0.2 12.200000000000001 2 0 0 0 0 0 0 0 0 0 0 0.4 0 0.4 0 0 0 0 0 0 0 0 0 0.6000000000000001 3.8000000000000003 0 0 0 0 0 0 0 0 0 0 0 0 0 3.8000000000000003 0 0 0.2 1.4000000000000001 11.200000000000001 2.4000000000000004 2.4000000000000004 2.6 0 3.2 5.800000000000001 2.6 0.2 1.8 0 2.6 0 0.6000000000000001 1.4000000000000001 2.6 0 0.2 1.8 0.2 0 0 0 0 0 1.8 0 0 0 0 4.800000000000001 0.2 4.2 0 0 0 5.4 1 0 0 0 0 0 0 0 0 0 0 0 0 0 0 0 0 0 0 0 0 0 0 2.8000000000000003 0 0 0 0 0 0 0 0 0 0 0 1.8 0.2 0 15.8 0 0.4 7.4 0.4 0 0 0 0 2.4000000000000004 0 0 0 0 0 0 0 0 0 0 0 0 1.2000000000000002 0 0 0 0 0 3.4000000000000004 2.4000000000000004 0 0 0 
 0 0 0 0.6000000000000001 0 0 1 0 0 0 0 0 0.8 0.4 0 0 0.4 5.6000000000000005 0 0 19 37.2 21.6 47.400000000000006 0 59 25.200000000000003 28.400000000000002 27.6 43.6 94.60000000000001 22 17.6 19.6 12 19.200000000000003 30.8 8.8 9.200000000000001 13.200000000000001 0.4 0.6000000000000001 1 0.2 0 0.8 12.600000000000001 0.2 1.8 0.4 0 0.8 5.2 27.400000000000002 0 0.4 0 2.6 31.200000000000003 0 0.6000000000000001 0.4 0.4 0.6000000000000001 0 1 0 0 0 0.4 0 1.4000000000000001 0 0 0 1.4000000000000001 1.8 0 0 0.4 0 0 0 0 0 0 0 0 0 0 0 0 0 0 0 0 0 0 1.4000000000000001 0 0 5.4 5 2.2 4.800000000000001 5 0 2.6 0 0 6 2.4000000000000004 1.6 0 7.4 4 0 3.6 0 0 18 2.4000000000000004 0 3.6 0 0 14 0 4.2 0 0 0.4 6.4 5.4 0.2 2.4000000000000004 2.8000000000000003 0 5.6000000000000005 8.8 0 0 0 0 0 0 0 0 0 0 0 0.4 0 0 0 0 0 0 0 0 0 0 0 0 0.4 0 0 0 0 0 0 0 0 0 0 0 0 0 0 0 0 3 0 2.4000000000000004 3.4000000000000004 0.2 0 3.8000000000000003 4.4 0.2 6 2.2 0 4 0.2 0.2 0 0 0 0 5.2 0 0 0 0 0 2 4.800000000000001 0 1.6 2.4000000000000004 0 6 3 0 0 0 0 0 10.4 0 0 0 0 0 0 0 0 0 0 0 0 0 0 0 0 2.6 3 0 0 0 0 3.8000000000000003 0 0 0 0 0 0 0 0 0 0 0 1 0 0.4 1.6 2 0 0.2 0 0 0 0 0 2.2 0 0 0 0 0.2 0 0 0 0 0 0 0 0 0 2 0 0 0.8 0 1.8 0 0 0 
 0 0.2 0 0.4 0 0 41.2 0.4 0 0 0 0 0 0 0 0 0 0.4 0.2 0 46.2 10.200000000000001 7.2 12.200000000000001 59 0 7.6000000000000005 11 29.8 26.6 69.60000000000001 10.8 8.200000000000001 10 52 32.2 33.6 7.4 55 51.400000000000006 0.2 12.600000000000001 0.8 0 0 0 18.6 0 9 0.2 1 0.4 0 12.8 13.4 13.8 0 0.6000000000000001 13 29.400000000000002 0 1 0 1.8 0 0 0 0 0 0.4 0 0 0 0 0 0.2 0.2 1.2000000000000002 0 0.6000000000000001 0 0 0 0 0 0 0 0 0 0 0 0 0 0 0 0 0 0 0.4 0 3 2.8000000000000003 0 0 5.4 2.6 0 0 0 0 0 0.2 0 0 0 0 1.4000000000000001 6.4 0 0 3.6 0.2 0 0 0 0 2 0 2 0.4 2.8000000000000003 0 2.2 0 1.4000000000000001 0 2.2 2.6 1.6 0 0 0 0 0.2 0 0 0 0 0 0 0 0.2 0 0 0 0 0 0 0 0.2 0 0 0 0 0 0 0 0 0 0 0 0 0 0 0 0 0 0.4 0 0 0 0 3.4000000000000004 4.4 0 6 0.6000000000000001 0 0 0 0 0.2 0 0 0 0 0 3.4000000000000004 0 0 5 1.8 0.6000000000000001 2.8000000000000003 0 0 11.4 4.800000000000001 2.2 3.8000000000000003 6.800000000000001 4.800000000000001 1.2000000000000002 4 6.6000000000000005 4 0 0 0 4.4 0 0 0 0 0 0 0 0 0.4 0 0 0 0 0 0 0 0 0.2 0 0 0 0 0 0 0 0 0 0 0 0 0 0 0 0 1.4000000000000001 0.2 0 15.600000000000001 0.8 0.4 0.2 0.2 0 0 0 0 0 0 0 0 0 0 0 0 0 0 0 3.4000000000000004 0 0 0 0 1.6 0 0 0 0 0 0 0 
 0 0 4.6000000000000005 22 29.400000000000002 16.8 0 0 0.6000000000000001 7.2 29.8 16.8 0 4.2 0.4 0 30.6 16.2 0 0 53 12.600000000000001 32.2 29.400000000000002 25.200000000000003 7.6000000000000005 0 57 45.6 48.800000000000004 50.400000000000006 25.200000000000003 24.6 45.800000000000004 7 8.8 13.600000000000001 6.800000000000001 17.6 30 0 0 0.6000000000000001 0 0 0.2 0 0 4.4 0 0.2 0.8 0 0 0 0 0 0.6000000000000001 0.6000000000000001 0 0 0.4 0.4 0.4 0 0 0 0.2 1 0.4 0 0 0.2 0.6000000000000001 0 0 0 0 0.6000000000000001 0.4 0 0 6.2 1.6 2.4000000000000004 6.2 0 0 0.4 0 2.4000000000000004 2.8000000000000003 0 0 0 0 0 0 1.8 0 0 6.6000000000000005 0.6000000000000001 2.4000000000000004 1.8 0 18.2 2.2 0 0.8 9.4 0 8 2 0.4 0.8 3.6 10 4 4.6000000000000005 0 0 0 0 0 0 3.4000000000000004 0 1.4000000000000001 0 0 0 9.200000000000001 0 0 0 0 0 3.2 1.2000000000000002 0 0 0 0 0.4 0 0 0 0 0 0 3.4000000000000004 0.2 0.2 0 0 0 0 0 0 0.2 0 2.4000000000000004 8.200000000000001 1.8 7 8.4 0 0 2 6.4 1.6 0.4 0 0 0 0 0 0 8.200000000000001 1.2000000000000002 6.2 4.2 0.2 0 0 5.6000000000000005 2.4000000000000004 6.6000000000000005 0 0 0 10.600000000000001 3.2 0 3.6 3.6 0 0 2.2 0 0 0 0 5.800000000000001 0 0 0 0 0 0 0 0 0 0 0 0 0 0 0 0 0 0 0 0 0 0 1.4000000000000001 0 0 0 0 0 0 0 0 0 0.4 0 0 0 1.4000000000000001 0 0 0 0 0 0 0 0 0 0 0 0 2.2 0.2 0 15.200000000000001 0 0.4 0.4 0 2.6 0 0 0 3 0 0 0 0 0 0 0 0 9.4 5.800000000000001 1.4000000000000001 0 3.8000000000000003 0 0 0 0 0.4 4.2 0 0 0 0 
 0 0 0 0.6000000000000001 0.4 8.200000000000001 0.6000000000000001 0 0 0.4 0 0.6000000000000001 0 41.2 0 0 0.4 0 0 0.6000000000000001 44.400000000000006 84 36.800000000000004 35.800000000000004 28.400000000000002 11 57 0 68 36 33.6 28.8 29.6 49 30.200000000000003 57.6 67.4 94.4 28.8 70 0 4.6000000000000005 0.4 0 0 0 0 0 0.4 0 0 0.4 0 0 0 0 0 0.6000000000000001 12.8 0 0.8 0.4 0 0 0 0.4 0 0 0.2 0.4 0 0 0 0 0 0 0.6000000000000001 0 0 0.4 0 0 0 0 0 2.2 0 0 0 0 0 0 0 0 0 0 0 0 0 0 2 0.8 5 4.2 2.2 9 3.2 0 3.8000000000000003 3.6 0.2 4.4 5.6000000000000005 4 5.2 2.4000000000000004 0 3.4000000000000004 3.6 4.2 0.2 0 0 0 0 0 0.2 0 0 0 0 0 5.4 0.2 0 0 0 0.2 13.4 5 0 0 0 0 0 0 0 0 0 0 0 0.4 0 0 0 0 0 3 0 0 0 0 1 0 0 2.4000000000000004 2.4000000000000004 0 0 0 5.2 0 0 0 0 1.2000000000000002 0 0 0.2 0 6 1.4000000000000001 6.2 3.4000000000000004 5 2.2 2.4000000000000004 0.4 0.8 2 4 2.4000000000000004 3.4000000000000004 0.4 0 2.8000000000000003 0 3.8000000000000003 2.2 4 0 0 0 0 0 0 0 0 0 2.6 0 0 1.6 0 0 0 0 0 4 0 0 3.6 0 0 2.2 0.4 0 0 0 0 0 0 0 0 0 0 0 0 0 3.6 0 0 0 0 0 0 0 0 0 0 0 0 0 0 3.6 0 0 33.2 0.8 0.8 5.800000000000001 0 0 0 0 0 2.6 0 0 0 0 0 0 0 0 0 0 0 0 0 0 0 0 0 0 0 2.4000000000000004 0 0 0 
 0.4 0 0.4 0 0.2 0 0 0.4 0 0 0 0 0 0 0 0 0.4 0.2 0.4 0 18 35 71.60000000000001 18 27.6 29.8 45.6 68 0 14.600000000000001 68.8 31.400000000000002 39 61.2 46 41.2 38.400000000000006 19.6 26.200000000000003 25 0 0 1 0 0 0.6000000000000001 12.8 0 0.4 0 0.2 0.4 0.6000000000000001 0 0.6000000000000001 0 0 0.6000000000000001 0.6000000000000001 0.6000000000000001 0.4 0.4 0 0 0 0 0 0 0.6000000000000001 0.4 0 0 0 0 0.6000000000000001 0 0 0 0 0.8 0 0 0 0 0 4 1.2000000000000002 0 0 0 0 0 0 0 0 0 0 0 0 0 0.6000000000000001 2.6 0 2.2 2.6 1.2000000000000002 4.2 5.800000000000001 0 4.800000000000001 9.200000000000001 0 2.2 0 0 6.6000000000000005 0 2.4000000000000004 1.2000000000000002 7.6000000000000005 5.2 0.4 0 0 0 0 11.4 0 0.2 0 0 0 5.2 4.4 0 3 0 0.2 6.4 3 0 0 0 0 0 0 3.2 0 0 0 0 0.4 0 0 0 0 0 0 0 0 0 0 1.4000000000000001 0 0 0 0 0 0 0 0 0 0 0 0 0 0 0 0 0 0 1.2000000000000002 3.2 4 2.2 6.800000000000001 6.800000000000001 0.2 2.4000000000000004 2 2.4000000000000004 4 2.8000000000000003 0 0.2 6.6000000000000005 0 0.4 0 0 3.8000000000000003 1.6 0 0 0 0 0 1.6 0 1.8 0 0 2.8000000000000003 0 2.8000000000000003 0 0 0 2.6 3.8000000000000003 0 0 0 0 0 0 0 0 0 0 0 0 0 0 0 0 0 0 0 2.8000000000000003 0 0 2.2 0 0 0 0 0 0 0 0 0 0 0 2.4000000000000004 0 0 0.2 0.6000000000000001 0 1 2 0 0 0 0 0 0 0 0 0 0 0 0 0 0 0 0 0 0 0 1.8 0 0 0 0.4 0 0 0 0 
 0 0.2 0 0.4 14.8 0 15.600000000000001 0 0 0 0 1.4000000000000001 0 0 0 0 0.2 0.6000000000000001 0 0 62.400000000000006 9.4 25 12.8 43.6 26.6 48.800000000000004 36 14.600000000000001 0 47.800000000000004 10 29.400000000000002 44.400000000000006 33.2 35 45.6 49.2 9.8 14.600000000000001 0 1.2000000000000002 0.6000000000000001 0 0 0 0 0 0.4 0 0 0.4 0 3.6 0 0 0 1 4 4.4 0 0.4 0 0.8 0 0 0 0 0 0.4 0 0.2 0.2 0 0 0 0.8 0 0 0.4 0 0 0 0 0 0 0 0 0 0 0 0 0 0 0 0 0 0 0 0 0 13.200000000000001 5 7 2.6 2.4000000000000004 0 0 0 2.4000000000000004 1.4000000000000001 7 1.8 4.800000000000001 2.8000000000000003 0.2 3 0 0 2 10.200000000000001 0 0 0 0 0 2.6 0 0 0 0 0 0 5.2 3.4000000000000004 0.4 0 0 0.2 0 0 0 0 0 0 0 0 0 0 0 0 0.2 0 0 0 0 0 0 0 0 0 0 0 0 3.4000000000000004 0 0 5 0 0 0 0 0 0 0 0 0 0 0 0 0 2.4000000000000004 0 10.8 3.6 2.6 2.2 0 0 1.6 8.6 3.6 1.2000000000000002 4.2 4.2 2.4000000000000004 0.6000000000000001 4.2 0 2.2 0 0 0 0 0 0 2.8000000000000003 0 0.2 0 0 0 0.2 0 0 0 0 0 0.2 3.8000000000000003 0 0 0 0 0 0 0 0 0 0 0 0 0 0 0 0 0 0 0 0 0 0 0 0 0 0 0 0 0 0 0 0 0 0 2.6 0.6000000000000001 0 0.6000000000000001 15.600000000000001 0.4 0 0.6000000000000001 0 0 0 0 0 0 0 0 0 0 0 0 0 0 0 0 0 0 0 0 0 0 0 0 0 0 0 0 
 0 0 0 0.4 0 0.6000000000000001 1.4000000000000001 0.6000000000000001 0 0 0 0 0 0 0.6000000000000001 0 0 0.8 0 0 8.8 65 19.400000000000002 34.800000000000004 94.60000000000001 69.60000000000001 50.400000000000006 33.6 68.8 47.800000000000004 0 64 24 27.200000000000003 53 98.80000000000001 80.2 14.600000000000001 7.6000000000000005 11.200000000000001 0 12.600000000000001 0.4 0 0 0 20.8 0 0.4 1.6 0.2 0.4 12.8 0.4 0 0.8 0 0.6000000000000001 27.200000000000003 0 3 1 0 0 0 1.6 0 0 0 1 0 0 0.4 0.2 0 0 0.6000000000000001 0 0 0.4 0 0 0 0 0 0 0 0 0.4 0 0 0 0 0 0 0 0 0 1.2000000000000002 0 1.8 0 8.200000000000001 6.4 3.8000000000000003 5.6000000000000005 0 4.800000000000001 0 8.200000000000001 2.8000000000000003 0 1.2000000000000002 0 9.600000000000001 3.6 0 7.800000000000001 0 3.6 4.4 1.4000000000000001 0 2.2 0 0 0.4 0 4.6000000000000005 4 0.2 0 8.8 0.2 0 0 0 3.2 2.8000000000000003 6 0 0 0 0 0 0 0 0 0 0 0 0 0 0 0 0 0 0 0 0 0.2 0 0 0 0 0 0 0 0 0 0 0 0.4 0 0 0 0 0.4 0 0 0 1 0.2 6.2 15.600000000000001 0.6000000000000001 2.4000000000000004 0 0 0 3.4000000000000004 0 0 3.2 0.2 1.6 0 1 0 0 2.6 1.2000000000000002 0 0 0 0 0 0 0 0 3.6 0.2 2 3.8000000000000003 8.8 3.8000000000000003 0 2 9.200000000000001 2.6 0 0 0 0 0 0 0 0 2.2 0 0 0 0 0 0 0 0 0 0 0 0 0 0 0 0 0 0 0 0 0 0 0 0 0 2.2 0.4 0.4 14.8 1.2000000000000002 0 0.2 1.4000000000000001 0 0 0 0 2.8000000000000003 0 0 0 3.4000000000000004 0 0 0 0 0 0 0 0 0 0 4.4 0 0 0.4 0 0.2 0 0 0 
