 0 42.2 60.400000000000006 20 10.8 11.4 32.800000000000004 93.2 46.6 7.6000000000000005 6.4 34 79.2 29.6 25.8 32.2 21 7.2 86 54.6 0.4 0 0 1.2000000000000002 0.6000000000000001 1.2000000000000002 0 0 0 0.6000000000000001 0.8 1.2000000000000002 0.4 0.6000000000000001 1.2000000000000002 0.2 1 0.8 0.4 0.6000000000000001 0.6000000000000001 0 0.4 1.2000000000000002 0.8 0.6000000000000001 0.6000000000000001 0.4 0 0.2 1 0 0 0 0 0 0 0 0 0 0.6000000000000001 0 0.2 0 0 0 0.8 0 0 0.4 0.4 9.8 0.2 0 0 0.8 0 0.6000000000000001 0 0.2 0 4.2 2 2.4000000000000004 3 1.2000000000000002 0 8.200000000000001 9.4 0 1.2000000000000002 0.2 0 0.8 6.2 4.4 2.6 2.6 3.8000000000000003 0 0 0 0 2.8000000000000003 0 0 0 0 0 0 0 0 0 0 3.4000000000000004 0 0 0 0 0 0 0 0 0 0 0 0 0 0 0 0 0 0 0 0 0 3 0 0 0 0 0 0 0 0 1.4000000000000001 0 0 0 1.2000000000000002 0.4 0 0 0 0 0 0 0 0.2 0 4 2.2 0 6.2 0 0 5.6000000000000005 2.8000000000000003 0.2 4.2 0.4 0 0 0.4 1.2000000000000002 2.6 2 0 0.4 0 0 0 0 0 0 0 0 0 0 0 0 0 0 0 0 0 0 0 4.2 0 0 0 0 0.4 0 0 0 0 0 0 0 0 0 0 0 0 0 0 0 0 0 0.8 0 0 0 0 10.8 0 0 0 0 0.4 0 1.8 0 0 0 0 0.2 0.4 0 0 0 0 0 0 22.400000000000002 0.4 0.6000000000000001 0 0 2.4000000000000004 0 0 0 0 0 0.2 0 0 0 0 0 0 0 0 0 0 0 0 0 0 0 0 9.600000000000001 0 0 0 0 0 0 0 0 0 0 0 0 0 0 0 
 42.2 0 61 32.4 6.800000000000001 26.200000000000003 31.8 32.6 13.8 46.6 49.400000000000006 6.2 9.600000000000001 28 51.800000000000004 42.800000000000004 33.800000000000004 40 26 9.200000000000001 0.4 0.6000000000000001 0 1.2000000000000002 1 0.6000000000000001 0.4 0 0.4 0 0.4 1.2000000000000002 0 14.600000000000001 0 0 0.4 0.4 0.4 0 0.6000000000000001 0 0.2 0.4 1 0.8 1 11.8 1 0.8 1.6 0.4 0.2 0.2 0.4 0.4 0.4 0 0.4 0 0.6000000000000001 0 0 0.4 0 0.2 0.4 0 0.6000000000000001 0.6000000000000001 0.4 0.2 0 0 0.2 0 0 0.4 0 0 1.6 0 3.4000000000000004 9.8 0 0 4.6000000000000005 6.800000000000001 6 0 4.800000000000001 0 3.6 14.8 12.600000000000001 7.6000000000000005 2.2 2.6 0.2 6.6000000000000005 0 0 0 0 0 0 0 0 0 0 0 0 0 0 0 0 0 0 6.6000000000000005 0 0 0 0 0 0 0 0 0 0 0 0 0 0 0 0 0 0 0 0 0 0 0 0 0 0 0.4 0 0 0 0.2 0 0 0 0 0 0 0 0 0 0 5.2 2 9.8 6.2 0 2.2 0.2 0 9 0 3.6 3.2 3 0 0 3.2 4.4 7.800000000000001 0 6 0 0 0 2.6 0 0 0.4 0.2 0 0 0 0 2.6 0.6000000000000001 0.4 0 0 0 0 0.4 0 0 0 0 0 0 0 0 0 0 0.2 0 0 0 0 0 0 0 0.2 0 0 0 0 0 0 0 0 0 0 0 0 0 0 0 0 0.2 0 0 0 0 0 0 0 0 0 0.4 0.4 0 0 0.4 0 18.8 0.2 0 0 0 0 0 0 0 0 0.4 0 0 0 0 0 0 0 0 0.2 0.4 0 0 0 0 0 0 0 0 0 0 0 0 0 0 0 0 0 0 
 60.400000000000006 61 0 23.200000000000003 12.4 60.400000000000006 49 20.8 80.60000000000001 46.6 51.2 8 26.400000000000002 11 39.6 73.8 40.2 30.400000000000002 22.400000000000002 66 0.4 0 0 0.6000000000000001 0.6000000000000001 0.4 0.2 0 0 0 0.4 0.4 0 0 14.4 0 0.4 0.4 0.4 0 0 0 0 0.2 0.4 0 0.6000000000000001 0 0 0.6000000000000001 0.6000000000000001 0 0 0 0 0 0 0 0 0 0.2 0 0 0.4 0 0 0 0 0 0.4 0.4 0 0 0 0 0 0 0.4 0 0 0 0 13.4 5.6000000000000005 3 11.200000000000001 4.2 1 0 0 0 2.2 2.8000000000000003 4.4 5.800000000000001 0.2 21.400000000000002 2.2 0 0 0 0 0 0 0 0 1 0 0.2 0.4 0 0 8.6 2.6 0 0 0 0 3.6 2 0 0 0 2 0 0 0 1 0 0 0 0 0 0 0 0 0 0 0 2.4000000000000004 0 0 0 0 0 0 0 0 0 0.8 0.4 0 2.4000000000000004 0 0 0 0 0 0 0 0 0 4.2 2.8000000000000003 5.2 13 3.6 3.4000000000000004 4.800000000000001 0 5.2 10.600000000000001 0 0 1.2000000000000002 1.8 1.6 3 0.6000000000000001 3.4000000000000004 0 0.2 0 0 0 0 5 0 0 0 9.200000000000001 0 3.4000000000000004 0 0 0 0 0 0.6000000000000001 2.4000000000000004 0 0 0 1.8 0 0 0 0 0 0 0 0 0 0 0 0 0 0 0 0 0 0 2.2 0 0 0 0 0 0 0 0 0.2 0 0 0 0 0 0 0 0 0 0 0 0 0 0 18 0 0.4 17.2 0 3.4000000000000004 1.4000000000000001 0 0 0 0 0 0 0 0 0 0 0 0 0 0 0 0 0 0 0 0 0 0 0 2.8000000000000003 0 0 0 0 0 0 0 0 0 0 0 0 0 
 20 32.4 23.200000000000003 0 37 7.6000000000000005 33.2 34 82.80000000000001 36.4 25.400000000000002 47.800000000000004 33.4 25.400000000000002 124.80000000000001 6.2 67.2 24.8 13.4 28.8 0.4 0 0 0.6000000000000001 0.8 0.4 15.600000000000001 0 0 0 0.4 0.8 13.4 0 0 7.4 0.4 0.2 14.8 0 0 0 0 0.2 0.4 1 14.600000000000001 0 0 0.6000000000000001 0.6000000000000001 0 0 0 0 0 0 0 0 0.2 0.4 0 0 0.2 0 0 0 8.200000000000001 0 0.4 0.4 0 0 0 0 0 0 0.4 0 0 1 2 7.4 2.2 3.4000000000000004 7.800000000000001 0.2 2.8000000000000003 15.4 5.6000000000000005 2 3.2 6 0 0.2 3.8000000000000003 8.4 7.800000000000001 0 4.2 0 0.6000000000000001 0 0 0 0 0 0 0 0 0 0 0 0.4 4.4 0 0 0 2 0 0 0 0 0 0 0 0.2 0 0 0 0 0 0 0 0 0 0 0 0 0 0.2 0 0 0 0 1 0 0 14.200000000000001 0 0 0 0 0 0 0.4 0 0 0 0 0 6.4 0.2 4.800000000000001 0 0.2 0 0.4 2.8000000000000003 4.6000000000000005 0.4 2.8000000000000003 0 4.800000000000001 0 1 2 1.2000000000000002 0 3 0 2 0 0 0 0 0 0 0 0 0 0 0 2.2 0 0 0 0 3.4000000000000004 0 0 0.2 0 0 0 0 0 0 0.4 0 0 0 0 0.2 0.4 0 0 0 0 0 0 0 0 0 0 0 0 0 0 0 0 0 0 0 0 0 0 0 0 0 0 0 0 0 0 0 17.8 0 18.6 8.8 1.4000000000000001 0.2 0.4 0 0 0 0 0 0 0 0 0 0 0 0 0 0 0 0 0 0 0 0 0 0 3.6 5.6000000000000005 0 0 0 0 0 0 0 0 0 0 0 0 0 
 10.8 6.800000000000001 12.4 37 0 28 24.8 14.4 35.6 14.200000000000001 18.6 53 36.2 15 20.6 14.600000000000001 47 8.8 55.2 13 0.4 0 1.2000000000000002 0.6000000000000001 0.6000000000000001 0.4 14.600000000000001 15.200000000000001 0 0 0.4 7.800000000000001 0 22.6 5 0 17.2 0.2 5.800000000000001 14.600000000000001 0 0 0 0.4 0.4 0 0.6000000000000001 13.4 0 0.4 0.6000000000000001 0 0 0 0 0 0 0 0 12.4 0.4 0 0 0.2 1.2000000000000002 0 0 0 0 0.4 0.4 0.6000000000000001 0 0 0 0 0 0.4 0 0 0 0.2 4.4 0 5.800000000000001 6 0 3.8000000000000003 4.4 0 1.2000000000000002 8.200000000000001 0 0 0 0 3 2.6 0.4 2.2 1.6 3.2 1.8 6.2 3 0 0 0 1.4000000000000001 0 0 0 4.4 0.2 0 0 0 0 2 7.2 0 0 0 0 0 0 0.4 0 0 0 0 0 0 0 0 0 0 0 0 0 0.2 0 0 0 0 0 0 0 0 0 0 0 0 0 0 0.2 0 0 0 0 0 0.4 0 4 11 0 0.2 0.4 0 4 0 2.2 0 0.6000000000000001 4.800000000000001 0.8 0.4 3.2 0 0 3.2 2.6 0 0 0 0 0 6 0.6000000000000001 3 0 3.2 2.6 1.4000000000000001 0.2 2.2 0 5.800000000000001 0 0 0 0.4 0 0 0 0 0 0 0 0 0 0 0 0 0.2 0 0 0 0 0 0 0.6000000000000001 0 0 0 0 0 0 0 0 0.4 0 0 0 0 0 0 0 0 0 0 0 0 0 0 0 19.8 0.6000000000000001 18 0.4 2.6 1 0 0 0 0 0 0 0.4 0 0 0 0 0 0 0 0 0 0 0 0 0 0 0 0.4 2.4000000000000004 2.2 2.4000000000000004 0 0 0 0 0 0 0 0 0 0 0 0 
 11.4 26.200000000000003 60.400000000000006 7.6000000000000005 28 0 9.4 8.8 27 28.6 33.2 29.6 6.800000000000001 9.8 12.8 14 75 24 11.200000000000001 55.2 0.4 8.200000000000001 14.8 16.8 0.6000000000000001 0.4 0 15.200000000000001 15 14.8 0.4 7 14.4 0 15.600000000000001 0 8 1.4000000000000001 0.4 5.2 0 0 0 0.4 0.4 0 11.200000000000001 0 0 0.4 0.6000000000000001 0 0 0 0 0 0 0 0 0 0.6000000000000001 0 0 0 0 0 0 0 0 0.4 0.4 0 0 0 0 0 0 0.6000000000000001 0 0 0.2 3.2 4 3.2 5.800000000000001 2 0.2 0 6.800000000000001 2.4000000000000004 2 2.4000000000000004 3.8000000000000003 2.8000000000000003 3 0 2.2 0.8 0 0 2.4000000000000004 0 0 0 0 0 4.2 0 0 2 0 0 5 3.2 0 0 0 3.6 2.8000000000000003 2.2 0 0 0 0 0 0 0 0 0 0 0 0 0 0 0 0 0 0 0 0 0 0 0.2 0 0.4 0 0 2.2 0 0.2 0.4 0 0 0 0 0 0 0 0.2 0 0 6.4 1.8 4.6000000000000005 1.8 4 0 0 0 3.8000000000000003 0.6000000000000001 0 0 0.2 0 0 0 0 0.2 0 0.2 0 0.4 2 0 0 5 1.4000000000000001 0 4.2 0 0 6.2 0 0 0 1.8 0.2 0 7.6000000000000005 0 0 0 0.4 0 0 0 0 0 0 0 0 0 0 0 0 0 0 0 0 0 0.4 0 4.4 0 1.6 0 0 0 0 0.4 0.2 0 0 0 0.2 0.2 0.4 0.2 0 0 4 0 0 0 0 17 0 0 0.2 0 3 0 1.6 0.4 0 0 0 0 0 0 0 0 0 0 0 0 0 0 0 0 0 0 0.4 0 0 0 0 0 0 0 0 0 0 0 2 0 0 0 0 
 32.800000000000004 31.8 49 33.2 24.8 9.4 0 33.6 25.8 8.6 8.8 6.2 34.4 81.2 60.2 48.400000000000006 25.6 27.200000000000003 53.400000000000006 27.8 0.4 0.2 0 0.6000000000000001 15.200000000000001 0.4 0.2 0.6000000000000001 0.6000000000000001 0 0.4 0.4 0 0 0 0 0.6000000000000001 4.6000000000000005 0.4 0 0 0 0 0.2 0.4 0 0.6000000000000001 0 0 0.6000000000000001 0.6000000000000001 0 0 0 0 0.6000000000000001 0.4 0 0 0 0.2 0 0 0.4 0.6000000000000001 0 0 0.2 0 10.4 0.4 0.2 0 0 0 6 0.2 0.4 0 0 10.8 5.800000000000001 1.6 1.4000000000000001 0 2 11.600000000000001 3 0 0 0 0 4.6000000000000005 9.4 1.6 5.800000000000001 1.8 3.4000000000000004 4.800000000000001 5.800000000000001 0 0 0 0.4 0 0 0 0 0 0 0 0 0 0 0 0.4 0 0 1.6 0.4 0 0 2 0 0.4 0 1.8 0 0.2 0 0 0 0 0 0 0 0.2 0 0 0 0 0 0 0 0 0 0 0.4 0 0 0 0 0 0 0 0 0 0 0 0 0.4 0 2.2 0.2 0 0 0 0 10.8 0.2 5.6000000000000005 5.2 0 0 5.6000000000000005 7.2 3.2 0 2.8000000000000003 5.4 0 0 0 0 0 0 0.4 0 0 0 0 0 0 0 0 0 0 0 1.4000000000000001 0 0 0 0 0 0 0 0 0 0 0 0.2 0 0 0 0 0 0 0 0 0 0 0 0 0 0 0 0 0 0 0 0 0 0 0 0 0 0 0 0 0 0 0 0 0 0 0.2 0.2 0.4 0 0.8 0 2.4000000000000004 0 0.4 0 0 0 0 0 0 0 0 0 0 0 0 0 0 0.2 0 0 0 0 0 0 0 2.4000000000000004 0 0 0 0 0 0 0 0 0 0 0 0 0 
 93.2 32.6 20.8 34 14.4 8.8 33.6 0 29.8 10.200000000000001 40.6 9 56.800000000000004 71.60000000000001 77.4 91.60000000000001 25.400000000000002 13.200000000000001 27.6 72 0.4 0 0 0.6000000000000001 0.6000000000000001 0.4 0.2 0 12 5.2 0.8 0.6000000000000001 0 0 0 0 0.4 0.4 0.6000000000000001 0 0 0 0 0.6000000000000001 0.4 0 0.6000000000000001 0 0 0.2 14 0 0 0 0 0 0 0 0 0 0.6000000000000001 0 17.400000000000002 6.2 0 0 0 0 0 0.4 0.4 0 0 0 0 0.4 0 6.6000000000000005 0 8.4 4 6.800000000000001 0 0.8 2.8000000000000003 0 4.800000000000001 8.6 6.800000000000001 8.6 5.6000000000000005 2.2 11.4 1.8 2 2.2 3.8000000000000003 3 4.2 0.2 0 0 0.4 0 0 0 0.2 0 0 0.4 0 0 0 0 0 0 0 0 0.2 0 1.4000000000000001 0 0 0 0.2 0.4 3.8000000000000003 0 0 0 0 0 0 0 0 0 0 0 0.2 0 0 0 0 0 0 0.2 0 0 0 0.2 0 0 0 0 0 0 0 0 0 0 3.6 5.6000000000000005 2.2 5.2 1.8 0.2 2 0 0.2 7 5.6000000000000005 5.6000000000000005 3.6 2.2 0.2 6 0 0 3 0 0 0 0 0 0 0.2 3 0 0 0 0 0 0 0 0 0 0 0 0 0 0 0 0 0 0.2 0 0 0 1.8 0 0 0 0 2 0 0 0 0.4 0 0 0 0 0 0 0 0.4 0 0 0 0 0 0 0 0 0 0 0 0 0 0 0 3 0 0 0 0.4 0.4 0 0 0.2 0 2.4000000000000004 0 0 0 0 0 0 0 0 0 0 0 0 0 0 0 0 0 0.2 0 0 0 0 0 0 0 0 0 0 0 0 0 0 0 0 0 0 0 0 
 46.6 13.8 80.60000000000001 82.80000000000001 35.6 27 25.8 29.8 0 38.400000000000006 71.4 41.2 85.2 54 19.200000000000003 61.2 24.200000000000003 14.600000000000001 37.4 48.800000000000004 0.4 0.2 0 0.6000000000000001 1.6 19.200000000000003 5.6000000000000005 0 0 0 0.8 1 0 0 0 0.6000000000000001 0.6000000000000001 0.4 0.8 0.8 0.4 0 0 0.8 0.4 0 17.6 0 0 1.2000000000000002 1.8 0 0 0 0 0.4 0 0 0 0 1.2000000000000002 0.4 0.6000000000000001 0.2 0.6000000000000001 0.6000000000000001 0.8 0 0 0.4 0.6000000000000001 0 0 0 0.6000000000000001 0 0 0.4 0 0 2.6 0 9.200000000000001 14.4 0 5.6000000000000005 1.6 2 7 2 4.4 3.8000000000000003 4 0.4 0.6000000000000001 2 9.200000000000001 7.4 0 0 0 0 0 0 0 0 0 0 0 0 0.2 0 0 0.6000000000000001 2.2 0 0 0 1.4000000000000001 0 0 0 0 0 0 0 0 0 0 0.4 0 0 0 0 0.2 0 0 0 0 0 0 0 0 0 2 1.4000000000000001 0 0 0.2 0.4 0 0 0 0 0 0 0 0 0 0 0 7.6000000000000005 0 4.800000000000001 2 6.6000000000000005 2 1.6 3 2.6 4 3 0 5.6000000000000005 2 0 3.4000000000000004 1.4000000000000001 0.6000000000000001 0 0 0.2 0 0 0 0 0 0 0 0 0 0.2 0 3 3.6 0 0 0 3.4000000000000004 0 0 0 0 0 0 0 0 0 0.2 0 0 0 0 0.2 0 0.4 0 0 0 0 0 0 0 0 0 0 0.2 0 0 0 0 0 0 0 0.4 0 0 0 0 0 0 0 0 0 0 0 18.400000000000002 0 0.4 34.800000000000004 0.4 2.2 0 0 0 0 0 0 0 0 0 0 0 0 0 0 0 0 0 0 0 0.4 0 0 0 0 2.8000000000000003 0 0 0 0 0 0 0 0 0 0 0 0 0 
 7.6000000000000005 46.6 46.6 36.4 14.200000000000001 28.6 8.6 10.200000000000001 38.400000000000006 0 38.6 74.4 30.200000000000003 11.200000000000001 94.60000000000001 89.4 46.2 47.6 34.2 14.4 41.800000000000004 0.6000000000000001 0 1.2000000000000002 1 0.8 0 0 0.4 0.6000000000000001 0.4 0.4 0 0 0 0.8 0.4 0.4 22.400000000000002 41.6 0 0.2 0.6000000000000001 1.4000000000000001 0.4 0 0.6000000000000001 12.4 0 0.8 1.2000000000000002 0 0.6000000000000001 0 0.4 0 0 12 0 0 1.2000000000000002 0 0 0.2 0 0.4 0.4 0.4 0 0.4 0.4 0.6000000000000001 0.6000000000000001 0 0.6000000000000001 0 0 0.4 1 0 0 3.6 2.4000000000000004 0.6000000000000001 4 4.2 5.2 0 3.6 9 6.6000000000000005 2 0 0 2.4000000000000004 3.6 2.2 4.4 0 0 0 0 0.2 0 0 0 1.8 0 0 0 0 0 0 3.2 2.8000000000000003 0 0 0.2 8.200000000000001 0.4 0 0 0 0 0 0 0 0 0.2 0 0 0.4 0 0 0 0 0 0 0 0 0 0 0 0 0 0.6000000000000001 0 0 0 1.4000000000000001 0 0 0 0 0 0 0 0 0 0 13.200000000000001 7.6000000000000005 2.6 8.8 4.4 1.4000000000000001 0 0 0 6.2 0 0 2.6 5 0.2 0 5.800000000000001 3.8000000000000003 0 0 0 0 0 3.6 0 0 11.4 0 0 0 0 0 3 0.6000000000000001 0 0 0 0 3.6 0.8 0 0 0 0 0 0 0 0 0 0 0 0 0 0 0 0 0 0 0 0 0 0 0 0 0 0 0 0 0 0 0 0 0 0 0 0 0 0 0 0 0 3.4000000000000004 0 0 0 0.6000000000000001 9.600000000000001 0 0 0 0.2 2.4000000000000004 1 0 0 0 0 0 0 0.4 0 0 0 0 0 0 0.4 0 0 0 0 0 0 0 0 2.8000000000000003 0 0 0 0 0 0 0 0 0 0 0 0 0 0 
 6.4 49.400000000000006 51.2 25.400000000000002 18.6 33.2 8.8 40.6 71.4 38.6 0 62.400000000000006 5.800000000000001 9 33.800000000000004 34.2 63.6 32.6 21.6 26.6 0.4 0.2 1 0.6000000000000001 0.6000000000000001 0.4 31.8 57.6 0 0 0.4 0.4 0 15.4 0.2 0.4 0.4 0.2 5.2 45.800000000000004 0 0 0 0.4 0.4 0 0.6000000000000001 0 0 0.4 1.2000000000000002 0.2 0 0 0 0.6000000000000001 0 0 0 0 1 0 0 0 0 0.4 1 0 0 0.4 0.4 8.8 0 4.800000000000001 0 0 0 0.4 0 0 0.2 2.6 7.4 5.2 2.8000000000000003 4.2 0 0.2 2.6 3.4000000000000004 0 3.2 0 0 0 3.8000000000000003 19.200000000000003 7 0 0 2.4000000000000004 2.2 3.6 0 0 0 2 3.4000000000000004 0 0 0 0 0 8 3.2 0 0 0 2 0 0.4 0 0 0 0 0 0 0 0 0 0 0 0.2 0 0 0 0 0 0 0 0 0 0.2 0 0 1.8 0 0 0 0.2 0 0 0 0 0 0 0 0 0 0 0 6 0 2.2 8 0 0 0 0 0 0 4.4 0 0 0 0 10.600000000000001 1.6 0 2.8000000000000003 0 1.6 0 0 0 0 6.4 1.4000000000000001 0 0 0 0 1.4000000000000001 3.4000000000000004 0 0 0 2.6 3.8000000000000003 3.2 0 0 0 0 0 0 0 0.2 0 0 0 0 0 0 0 0 0 0 0 0 4.4 0 0 0 0 0 0 0 0 0 0 0 0 0 0 0 0 0 0 0 0 3.8000000000000003 0 0 0 0.8 0.8 0.2 17.400000000000002 0 3 2.6 0 0.8 0 0 0 0 0 0 0 0 2.4000000000000004 0 0 0 0 0 0 0 0 0 0 0 0 2.8000000000000003 2.6 0 0 0 0 0 0 0 0 0 0 0 0 0 
 34 6.2 8 47.800000000000004 53 29.6 6.2 9 41.2 74.4 62.400000000000006 0 22.400000000000002 79.4 32 8.4 58.400000000000006 51.400000000000006 9.4 7.800000000000001 0.4 0.4 0 0.6000000000000001 0.6000000000000001 0.4 25.200000000000003 0 0 0 0.4 0.4 0.2 0 0 0 15 0.4 15 3.8000000000000003 0 0.8 0 0.4 0.4 0 12.4 0 0 0.4 0.6000000000000001 0 0 0.2 0 0 0 0 0 0 0.6000000000000001 0 0 0 0 0 0 0 0 0.4 0.4 0 13 0 0 0 0 0.6000000000000001 0 0 1.2000000000000002 0.2 4 0 9.4 0.2 0 8.200000000000001 9 0.8 2.4000000000000004 8.8 3.8000000000000003 0 0.2 7.4 12.4 2.8000000000000003 0 2.2 0.2 2 0 0 0 0 3.4000000000000004 2.2 0 0 0 0 2.4000000000000004 3.4000000000000004 2 0 0 0 0 0 0 0 0 0 0 0 0 0 0 0 0 0.4 0 0 0 0 0 0 0 0 0 0 0 0 0 0.8 0 0 2.6 0.4 0 0 0 0 0 0 0 0 0 0 0 5.6000000000000005 0.2 3.8000000000000003 0 2 0 0 3 6.6000000000000005 0.8 0 0 4 0 0.8 2.2 2 1.2000000000000002 3.4000000000000004 2.6 1 0.2 0 0 0 0 2.8000000000000003 0 0 0 2.8000000000000003 9.8 1.4000000000000001 7.6000000000000005 0 0 0 1.6 3.6 0 0 0 0 0 0 0 0 0 0 0 0 0 0 0 0 0 0 0 0 0 0 0 2.4000000000000004 0 0 0 0 0 0 0 0 0 0 0 0 0 0 0 0 0 0 0 0 0.2 0.2 34.800000000000004 0 0.6000000000000001 8.6 3.2 1.6 0.4 0 0 0 0 0 0 0 0 0 0 0 0 0 0.4 0 0 0 0 0 0 0 0 0 2.6 0 0 0 0 0 0 0 0 0 0 0 0 0 
 79.2 9.600000000000001 26.400000000000002 33.4 36.2 6.800000000000001 34.4 56.800000000000004 85.2 30.200000000000003 5.800000000000001 22.400000000000002 0 38.800000000000004 24.200000000000003 48.800000000000004 6.4 19.8 57.2 72.60000000000001 0.4 0 0.6000000000000001 1.2000000000000002 0.6000000000000001 0.4 0.2 0.4 0 0.4 0.4 0.8 0 0 0 0 15.4 0.2 0.4 0.8 0.8 0 0.4 0.6000000000000001 0.4 0.6000000000000001 1.2000000000000002 1 0 0.2 0.6000000000000001 0 0 0.6000000000000001 12.8 0 0 0.4 0.4 0 0.6000000000000001 0.8 0.2 0 0 0 0 0 0 0.4 0.4 0 0.6000000000000001 0 0 0.4 0.8 1 0.2 0 0 0 2.4000000000000004 1.2000000000000002 0 3 3.8000000000000003 3.2 0 2.6 6 0.2 0 3.4000000000000004 2.8000000000000003 0 0 0 0 0 0 0.4 0 0 0 0 0 0 0 0 0 0.4 0 0 0 0 0 0 3.8000000000000003 0 0 0 0 0 0 0 0 0 0 0 0 0 0 0.2 0 0 0 0.4 0 0 0 0 0 0 0 0 0 0 0 0 0 0.4 0 0 0.2 0 0 0 0 0 2.8000000000000003 0.2 6 2.8000000000000003 0.2 3.4000000000000004 2.6 1.6 2.8000000000000003 0 2.2 0 0.6000000000000001 8 2.4000000000000004 0 0 3.4000000000000004 1.4000000000000001 0 0 0 0 0.2 0 0 0 0 0 0 0 0 0 0 0 0 0 0 0 0 0 0 0 0 1.2000000000000002 0 0 0 0 0 0 0 0 0 0 0 0 0 0 0 0 0 0 0 0.4 0 0 0 0 0 0 0 0 0 0 0 0 0 0 0 0 0 0 0 0 0 8.8 0 0 17.6 0 1.6 0 0 0 0.4 0 0 0 0 0 0 0 0 0 0 0 0 0 0 0 0 10.600000000000001 0 0 0 3.4000000000000004 0 0 0 0 0 0 0 0 0.2 0 0 0 0.2 
 29.6 28 11 25.400000000000002 15 9.8 81.2 71.60000000000001 54 11.200000000000001 9 79.4 38.800000000000004 0 63.400000000000006 7.2 24.400000000000002 19.6 42.800000000000004 59.6 0.4 0 0.6000000000000001 0.6000000000000001 0.6000000000000001 0.4 0.2 0 0 0 0.4 0.4 0.2 0 0 0.2 0.4 0.8 0.4 0 0 0.4 0 0 0.4 0 0.6000000000000001 0 0 0.6000000000000001 0.6000000000000001 0 0 0 0 0.6000000000000001 0 0 0 0 0 0 0 0.4 0 0 18 0 0 0.4 0.4 0 0 0 0 0 0 0.4 0 0 0 5.6000000000000005 2.4000000000000004 6.2 3 0 3.6 11 11 0.6000000000000001 1 0.2 0 1.8 1.8 5.2 3.8000000000000003 7 3 1.8 0 0 0 0 0 0 0 0 0 0.4 0 0 0 0.2 3.2 0 0 0 0 0 0 0 0 0 0.2 0 1 0 0 0 0 0 0 0 0 0 0 0 0.4 0 0 0 0 0 0 2.8000000000000003 5.4 0 0 0 0 0 0 0 0 0 0 0 0 0 0 2.4000000000000004 0 6.4 0 0 0 0.2 3.6 4.6000000000000005 1.8 2 0 0.4 0 3.8000000000000003 5.4 0 3.6 1.8 0 0.2 0 0 0 0 0 0 0 0 0 0 0 0 0 0 0 0 2.4000000000000004 0 0 0 0 0 0 0 0 0 0 0 0 0 0 0 0 0 0 0 0 0 0 0 2.6 0 0 0 0 0 0 0 0 0 0 0 0 0 0 0 0 0 0 0 0 0 0 0.2 18.2 0 0.2 2.2 0.4 4.800000000000001 0 0 0 0 0 0 0 0 0 0 0 0 0 0 0 0 0 0.2 0 0 0 0 0 0 0.2 0 0 0 0 0 0 0 0 0 0 0 0 0 
 25.8 51.800000000000004 39.6 124.80000000000001 20.6 12.8 60.2 77.4 19.200000000000003 94.60000000000001 33.800000000000004 32 24.200000000000003 63.400000000000006 0 54.6 26 20 14.600000000000001 28.8 0.8 0 0 0.6000000000000001 0.6000000000000001 0.6000000000000001 0.2 1.8 0.4 0 0.8 0.4 0 0 0 0 0.8 1.4000000000000001 0.4 0 0 0 0 1.2000000000000002 0.4 0 0.6000000000000001 0 0 0.2 0.6000000000000001 0 0 0 0 0 0 0 0 0 0.6000000000000001 0 0 0 1 0 0 0 0 0.8 0.4 0 0 0 0 0 0 0.6000000000000001 0 0 2.2 4.2 1.2000000000000002 1.8 0 3.2 7.2 0 1.4000000000000001 7 8.4 3 5.800000000000001 6.4 6.2 6 3.2 4 0 1.6 0 0 0 0 0 0 0 0 0 0 0 0 0 0 0.2 0 0 0 1.2000000000000002 0 0 0.4 0 0 0 0 2.2 0 0 0 0.4 0 0 0 0 0 0 0 0 0 0 0 0 0.2 0.4 0.2 0 0 0 0 0 0 0 0 0 0 0.4 0.4 0 0 3.2 7.800000000000001 3.6 2.4000000000000004 0 0 1.2000000000000002 0 3 6.4 8.6 3.2 1.2000000000000002 4.2 2.6 10.600000000000001 3.6 0 0 2.6 0 0 0 0 0 0 0 0 0 0 0 0 0 0 0.4 0 0 0 2.4000000000000004 0 0 0 0 0 0 0 0 0 0 0 0 0 0 0 0 0 0 0 0 0 0 0 0 0 0 0 0 0 0 0 0 0 0 0 0 0 0 0 0 0 0 0 0 0 0 0.8 0.4 0 1 18.2 0 1.6 0 0 0 0 0 0.4 0 0 0 0 0 0 0 0 0 0 0 0 0 0 0 0 0 0 2.6 0 0 0 0 0 0 0 0 0 0 0 0 0 
 32.2 42.800000000000004 73.8 6.2 14.600000000000001 14 48.400000000000006 91.60000000000001 61.2 89.4 34.2 8.4 48.800000000000004 7.2 54.6 0 25.400000000000002 20.200000000000003 7.800000000000001 73.8 0.4 0.4 0 0.6000000000000001 0.8 0.4 41.2 0 0.2 0.4 0.8 0.8 0 0.2 0.6000000000000001 0 0.4 0.2 0.2 14.8 0 0 0.4 0.6000000000000001 0.8 0 0.6000000000000001 0.4 0 0.6000000000000001 0.8 1.6 0 0 0 0.2 0 0 0 0.6000000000000001 0.6000000000000001 0 0.4 0 0 9.8 0 0 0 0.4 0.4 0 0 0.4 0 1.2000000000000002 0 0.6000000000000001 0.8 0 3.2 2.4000000000000004 0.6000000000000001 5.2 0 0 3 4 0 5.2 5.4 2 3.8000000000000003 2 3.4000000000000004 6.2 3 5 0 3.4000000000000004 5.4 2.6 0 0 0 0 3.4000000000000004 0 0 0 0 0 0 3.4000000000000004 0 0 0 0 5.2 3.4000000000000004 0 0 0 0 0 0 0 0 0 0 0 0 0 0 0 0 0 0 0 0 0 0 0 0 0 0 0 0 0 0 0 0 0 0 0 0 0 0 0 0 4.6000000000000005 2.4000000000000004 2.6 10.4 3.4000000000000004 1.8 1.6 0 0 2.6 5 0 2.8000000000000003 1.2000000000000002 0 1.8 5.6000000000000005 5.800000000000001 0 1.4000000000000001 0 0 0 0 0 0 2.8000000000000003 0 0 0 0 0 6 0 0 0 0 0 0 2.4000000000000004 0 0 3 0 0 0.4 0 0 0 0 0 0 0 0 0 0 0 0 0 0 0 2.6 0 0 0 0 0 0 0 0 0 0 0 0 0 0 0 0 0 0 0 5.4 0 0 0 0 0 0 0 0.6000000000000001 0 1.2000000000000002 2.4000000000000004 0 0 0 0 0 0 0 0 0 1.2000000000000002 0 0 0 0 0 0 0 0 0 0 0 0 2.6 0 0 0 0 0 0 0 0 0 0 0 0 0 0 
 21 33.800000000000004 40.2 67.2 47 75 25.6 25.400000000000002 24.200000000000003 46.2 63.6 58.400000000000006 6.4 24.400000000000002 26 25.400000000000002 0 100 7 48.2 0.4 0.4 0 1.2000000000000002 0.6000000000000001 0.4 0 0.4 0.4 0.2 0.8 0.4 0 0 0 0 0.4 0.8 0.4 0 0 0 0 0.4 0.4 0 6.6000000000000005 0 0 0.4 0.6000000000000001 0 0 0 0 0 0 0 0 0 0.6000000000000001 0 0 0 0 0 0 0 0 0.4 0.4 0 11 0 0 0 0 0.4 0 0 6.2 15.600000000000001 3 3.2 5.800000000000001 7 0.4 0 4.4 5 4.800000000000001 7.2 2.8000000000000003 0 0 0 5.800000000000001 4 0 2.2 0 0 0 0 2.4000000000000004 0 1.2000000000000002 0.2 0 0 0 0 2 3.2 0 0 0 0 0 2.8000000000000003 0.4 0 0 0 0 0 0 0 0 0 0 7.6000000000000005 0.2 0 0 0 0 0 0 0 0 0 0.4 0 0 0 0 0 0 1 0 0 0 0 0 0 0 0 0 0 0 6.6000000000000005 0 6 2 5.800000000000001 2.4000000000000004 2 2.6 4.2 3.6 2.6 0 6.800000000000001 1.8 0 0 0 0 4.4 0 0 0 0 0 0 7.800000000000001 0 0 0 4.2 0 2.8000000000000003 0 0 0 0 0 2.4000000000000004 0 0 0 0 0 0 0 0 0.2 0 0 0 0 0 0 0 0 0 0 0 0 0 0 0 0 0 0 0 0 0 0 0 0 0 0 0 0 0 0.2 0 0 0 0.2 0 0 0 0.4 0.6000000000000001 0 0.4 17 0 1.6 0 0 0 0 0 0 0 0 0 0 0 0 0 0 0 0 0 0 0 0 0 0.2 0 2.8000000000000003 0 1.6 0 0 0 0 0 0 0 0 0 0 0 0 
 7.2 40 30.400000000000002 24.8 8.8 24 27.200000000000003 13.200000000000001 14.600000000000001 47.6 32.6 51.400000000000006 19.8 19.6 20 20.200000000000003 100 0 6.4 20.8 0.4 0 0.2 0.6000000000000001 0.6000000000000001 0.4 15 0 0 0 0.4 0.4 0.4 0 0 0.4 0.4 0.4 5 0.2 0 0 0 0.6000000000000001 0.4 0 0.6000000000000001 0 0 0.2 1 0 0 0 0 0 0 0.4 0 0 0.8 8.200000000000001 0 0 0 0 0 0 0 0.4 0.4 0 0 0 0 0 0 0.6000000000000001 0 0 0.2 12.4 5.2 0 3 8.4 4.4 0 4.2 2.6 3 2 0.2 0.2 2.4000000000000004 0 3.4000000000000004 3.6 0 0.4 0 2.2 0 0 0 0 0 0 0 0 0 0 0 0.4 0 0 0 0 5.800000000000001 3.4000000000000004 0 0 0 0 0 0 0 0 0 0 0 0 0 0 0 0 0 0 0 0 0.2 0 0 8.8 0.6000000000000001 0 0 0 2.6 0 2.4000000000000004 0 0 0 0 0.4 0 0 0 0 3.4000000000000004 8 2.4000000000000004 3 3.6 0 0 0.4 0.4 3 0 5.4 0 2.4000000000000004 0 0 3.8000000000000003 7 0.4 2.6 0 1.4000000000000001 0 0 0 0 3 0 0 0 0 2.4000000000000004 2.4000000000000004 1.4000000000000001 0 0 0 0 1 2.4000000000000004 0 0.2 0 0 0 0 0 0 0.4 0 0 0 0 0.2 0.4 0.2 0 0 0 0 0 0 0.2 0 0 0 0 0 0 0 0.2 0 0 0 0 0 0 0 0 0 0 3.8000000000000003 0 0 0 0 0.4 0.4 18.400000000000002 0 2.6 2.2 2.4000000000000004 0 0 0 0 0 0 0 0 0 3.2 0 0 0 0 0 0 0 0 0 0 0 0 2.6 7.6000000000000005 0 0 0 0 0 0 0 0 0 0 0 0 0 
 86 26 22.400000000000002 13.4 55.2 11.200000000000001 53.400000000000006 27.6 37.4 34.2 21.6 9.4 57.2 42.800000000000004 14.600000000000001 7.800000000000001 7 6.4 0 19.200000000000003 0.4 0 0 0.6000000000000001 0.6000000000000001 0.4 0.4 0 0 0 0.4 0.4 0 0 0 0 0.4 0.4 0.6000000000000001 0.2 1.6 0 0 0.2 0.4 0 0.6000000000000001 0 0 0.6000000000000001 0.6000000000000001 0 0 0 0 0 0 0 0 0 1 0 0 0.2 0 0 0 0 0 0.4 0.4 0 0 0 0.4 0 0 0.4 0 0.8 4.800000000000001 0 0 0 0 0 0 7.4 0.2 0 0 0 5 2.6 0 0 0 0 4.800000000000001 6.6000000000000005 2.6 0 0 0 0 0 0 0 0 0 0.4 0 0 0 0 0 0 0 0 0 0 0 0 0 0 0 0 0 0 0.2 0 0 0 0 0.4 3.8000000000000003 0.2 0 0 0 0 0 0 0 0 0 0 0 0 0 0 0 0 0 0 0 0 0 0 0 0 0.4 0 0 0.2 0 4.2 0.2 0.8 0 0 3 2 0 5.4 2.2 0 1.2000000000000002 0 0.4 0 0.4 0 0 0 0 0.2 0 0 0 0 0.4 0 0 0 3 0 0 0 0 0 0 0.8 0 0 0 0 0 0.4 7.6000000000000005 0 0 0 0 0 0.2 0 0 0 0 0 0 0.4 0 0 0 0.4 0 0 0 0 0 0 0 0.2 0 0 0 0 0 0 0 0 0 0 0.4 19.8 0.2 0 0.4 0.4 0.6000000000000001 0 0 0 0 0 0 0 0 0 0 0 0 0 0 0 0 0 0 0 0.2 0 0 0 0 0 0 0 0 0 0 0 0 0 0 0 0 0 0 
 54.6 9.200000000000001 66 28.8 13 55.2 27.8 72 48.800000000000004 14.4 26.6 7.800000000000001 72.60000000000001 59.6 28.8 73.8 48.2 20.8 19.200000000000003 0 1.6 1 0 0.8 0.6000000000000001 0.4 0.2 0.2 0 0 0.4 1.6 0 0 0 0 0.4 0.4 0.4 0 0 0 0 0.4 0.4 0 0.6000000000000001 0 0.6000000000000001 0.4 0.6000000000000001 0 0 0 0 0 0 0 0 0.2 0.6000000000000001 0 1.2000000000000002 0 0 0 0 0 0 1.6 0.4 0.8 0 0 0 1 0 0.4 0.8 0 0 9 0 3.4000000000000004 0 0 4.2 4.6000000000000005 1.8 2.6 5.6000000000000005 0 2.8000000000000003 1.6 0 2.8000000000000003 2 1.8 3.4000000000000004 2.2 0 0 0 0 0 0 0 0 0 0 0 0 0 0 0 0 0 0 0 0 0.2 0 0 0 0 0 0 0 0 0 0 0 0 0 0 0 0 0 0 0 0 0.4 0.2 2 0 0.4 0 0 0 0.2 0 0 0 0 0 0 0 0 0 0 7.6000000000000005 0 0.2 1.4000000000000001 0 0 2 4.4 0 3.8000000000000003 5 2 1.6 0 9.600000000000001 7 2.4000000000000004 0.2 6 0.2 0 0 0 0 0 0 0 0 0 0 0 0 0 0 0 0 0 0.6000000000000001 0 0 0 0 0 0 0 0.4 0 0 0 0.4 0 0 0 0 0 0 0 0 0 0 0 0 0 0.4 0 0 0 0.4 0 0.2 0 0 0 0 0 0 0 0 0 0 0 0 0 0 0 0 0.6000000000000001 0 0 8.8 0 2 0 0 0 0 0 0 0 0 0 0 0 0 0 0 0 0 0 0 0 0 0 0 0 0 1.2000000000000002 0 0 0 0 0 0 0 0 0 0 0 0 0 
 0.4 0.4 0.4 0.4 0.4 0.4 0.4 0.4 0.4 41.800000000000004 0.4 0.4 0.4 0.4 0.8 0.4 0.4 0.4 0.4 1.6 0 41.400000000000006 61 10.8 8.4 9 34.800000000000004 12.4 22.6 63.800000000000004 8.4 10.200000000000001 53.2 25.6 6.800000000000001 14.200000000000001 24.6 15.600000000000001 63.400000000000006 26.8 0 5.4 0 0 0 0 0.6000000000000001 0 0 0 0 0.6000000000000001 0 0.6000000000000001 0 0 0 0 0 0 0 1.2000000000000002 0.4 0 3.2 0 0 0 0 0 9.600000000000001 9.8 0 0 0 0 0 0.4 0.6000000000000001 0 0 0 0 0 0 2.4000000000000004 0 0 0 0 0 0 0 0 0 0 0 3 0 0 2.6 0 0 5 8 0 1.8 3.6 2.4000000000000004 1.8 0.2 0.2 2.6 0 0 3 4.4 0 0 1.8 0 0 0 0 0 0 0 0 0 0 0 0 2.4000000000000004 0.2 0 0 0 0 1.8 0 0 0 0 0 0 0 0 0 0 0 0 0 0 0 0 0 0 0 0 0 0 0 0 0 0 0 0 0 0 0 0 0 0 0.2 0 0 0 0 0 0 0 1.8 2.4000000000000004 0 0.2 1.4000000000000001 0 0.2 2.4000000000000004 17.6 0 3.4000000000000004 0 3.6 0.2 3.6 0 7.800000000000001 0 1.6 0 0 0 0 0 0 0 0 0 0 0 0 0 2.4000000000000004 0 0 0 0 2.2 0 0 0 0 0 0 0 0 0 0 0 0 0 0 0 0 0 0 0 0 0 0 0 0.2 0 0 0 0 0 0 0 0 0 0 2 1.4000000000000001 0 0 0.4 0 0.8 0 0 0 0 0 0 0 0 0 0 0 0 0 0 0 0 0 0 0 0 0 0 0 0 0 0 0 0 0 0 
 0 0.6000000000000001 0 0 0 8.200000000000001 0.2 0 0.2 0.6000000000000001 0.2 0.4 0 0 0 0.4 0.4 0 0 1 41.400000000000006 0 55.800000000000004 35.6 82.4 16.8 22.400000000000002 65.60000000000001 38.6 46.6 38.800000000000004 93.2 23 51.800000000000004 50.400000000000006 29.200000000000003 14.200000000000001 22.400000000000002 49 12.600000000000001 0 3.8000000000000003 0 0 0 0 0.4 2 0 0 0 0.4 0 0.6000000000000001 0 0 0 0 0 0 0 0 5.800000000000001 0 0.6000000000000001 0.2 0 0 0 0 0 0 0 0 0 0 0 0 1 0 0 0 0 0 0 0 0 0 0 0 0 0 0 0 0 0 0 0 0 0 2.2 4 0 1.2000000000000002 4.2 0 2.6 0 0 4.2 2.2 5 0 1 2 9.200000000000001 2.4000000000000004 4.800000000000001 2.2 2 0 0 0 0 0 0 0 0 0 0 0 0 4.800000000000001 2.8000000000000003 0.2 1.4000000000000001 0 0 3.8000000000000003 4 0 0 0 0 0 0 0 0 0 0 0 0 0 0.4 0.4 3.8000000000000003 0 0.4 0 0 0 0 0 0 0 1.6 0 0 0 0 0 0.2 0 0 0 0 0 0.6000000000000001 0 0 2.8000000000000003 0 9.200000000000001 7 6 4.2 0.2 1.8 0.4 7.800000000000001 6.2 1.2000000000000002 2 3.6 7.6000000000000005 0 8.6 0 0 3.8000000000000003 0 0 0 0 0 0 0 0 0 0 0 0 1.6 1.6 2.8000000000000003 0 0.2 0 3.2 2 0 0 0 0 0 0 0 0 0.2 0 0 0 0 0 0 0 0 0 0 0 0 0 2.6 0 0 0 0 0 4.2 0 0 0 0 0.4 0 0 0 15.200000000000001 3 0.4 0 0 0 0 0 0 0.8 0 0 0 0 0 0 0 0 0 0 0 0 0 0 0 0 0 0 6 0.8 0 0 0 
 0 0 0 0 1.2000000000000002 14.8 0 0 0 0 1 0 0.6000000000000001 0.6000000000000001 0 0 0 0.2 0 0 61 55.800000000000004 0 121.2 47.2 4.4 29.8 34.2 87.2 71 54.400000000000006 7.2 11 12.200000000000001 12.4 99.2 120 11.200000000000001 4.6000000000000005 67.60000000000001 0.2 0.8 0 0.4 0.2 0 0.6000000000000001 0 0 0.6000000000000001 0.6000000000000001 0.4 0.2 0.6000000000000001 0 2 0.6000000000000001 0 4 0 0 0 0 5.6000000000000005 1.2000000000000002 0.6000000000000001 0.2 0 0 0 0.4 0.6000000000000001 0 0 0 0 0 0.4 0.6000000000000001 0 0 0 0 0 0 0 0.4 0 0 0 0 0 0 0 0 0 0 0 0 0 2.6 3.4000000000000004 0 3 2 2 0 2.4000000000000004 2.8000000000000003 0 7.800000000000001 3 0 0.2 0 0 2 7.800000000000001 2.8000000000000003 3 0 0 0 0 0 0 0 2.4000000000000004 0 0 0 0 7.4 0.8 0 2.4000000000000004 0 0 3.4000000000000004 2.8000000000000003 0 0 0 0 0 0 0 0 0 0 0 0 0 0 0.4 0 0 0.4 4.4 0 0.2 0 0 0.4 0 0.2 0 0 0 0 0 6.6000000000000005 0 0 0 0.4 0 0 0 0 0.4 3 4.4 5.4 2.4000000000000004 0 2 1.4000000000000001 3.8000000000000003 5 6 1.2000000000000002 2.6 0 0 3.8000000000000003 3.8000000000000003 3 0 3.4000000000000004 5.4 2.2 0 0 0 0 0 0 2.4000000000000004 0 0 0 0 2.6 0.4 0 2.6 0 2.2 0 0 0 0 0.2 0 0 0 0 0 0 4.4 0 0 0 0 0 0 0.4 0 0 0 0 0.2 0 0 0 0 0 0 0 0 0 0 0 3 0.4 0 0 0.2 0.4 0.8 0.2 0 0 0 0 2.6 0 0.2 0 0 0 0 0 0 0 0 0 0 1.8 0 0 0 0 0 0.8 0 0 0 0 
 1.2000000000000002 1.2000000000000002 0.6000000000000001 0.6000000000000001 0.6000000000000001 16.8 0.6000000000000001 0.6000000000000001 0.6000000000000001 1.2000000000000002 0.6000000000000001 0.6000000000000001 1.2000000000000002 0.6000000000000001 0.6000000000000001 0.6000000000000001 1.2000000000000002 0.6000000000000001 0.6000000000000001 0.8 10.8 35.6 121.2 0 52.800000000000004 48.2 60.800000000000004 21.200000000000003 78.80000000000001 68.60000000000001 92 14.600000000000001 9.200000000000001 29.200000000000003 10.200000000000001 170 37.2 98.2 25.400000000000002 42.2 0 0 0.2 0 0 0 10.8 0.4 0 0 41.800000000000004 0.6000000000000001 0 12.8 0 0 0 0 16.6 0 0 0 0 0 0.6000000000000001 0 0 0 0 0 0 0 0 0 0 0 0.8 0 0.6000000000000001 0.4 0 0 0 1.6 0 0 0 0 0 0 0 0 0 0 0 0 0 0 0 0 4.4 2.2 0 0.4 1.8 1.6 0 12.600000000000001 3.4000000000000004 3.8000000000000003 1.6 3 0 0 0 3 1.6 7.4 2.4000000000000004 2.4000000000000004 0 0.4 0 0 1.6 0.2 5 0 0 0 0 0 4.4 3 0 3.2 0 0 4.800000000000001 1.4000000000000001 0 0 0 0 0 0 0 0 0 0 0 0 0 0 0 0 0 0 0 0 0 0 0 0 0 0.6000000000000001 0 0 0 0 0 1 0 0 0 0 0 0 0 0 0 4.6000000000000005 0.8 7 0.2 0 2.2 2 4 7.2 3.6 2.4000000000000004 2.4000000000000004 5 0 15.600000000000001 1 0 0 3.2 0 0 0 0 0 0 0 0 0.2 0 0 0 0 0.2 2 0 0 0 0 0 0 0 0 0 0 0 3.6 0.2 0 0 0 0 0 2.4000000000000004 0 0 0 0 0 0 0 0 3.4000000000000004 0 0 0.2 0 0 0 0 0 0 0 0 1.2000000000000002 0 1 0 7.4 0.8 0.8 0.2 0 0 0 0 1.6 0 0 0 0 0 0 0 0 0 0 0 0 2.2 0 1.4000000000000001 0 0 0 2.6 0 0 0 0 
 0.6000000000000001 1 0.6000000000000001 0.8 0.6000000000000001 0.6000000000000001 15.200000000000001 0.6000000000000001 1.6 1 0.6000000000000001 0.6000000000000001 0.6000000000000001 0.6000000000000001 0.6000000000000001 0.8 0.6000000000000001 0.6000000000000001 0.6000000000000001 0.6000000000000001 8.4 82.4 47.2 52.800000000000004 0 52.2 45.400000000000006 23.200000000000003 69.4 61.6 21.400000000000002 61.6 10 14.200000000000001 18.400000000000002 19 26.200000000000003 27.6 10 34 13.600000000000001 0.2 0 0.2 0 0 1.4000000000000001 1.2000000000000002 6.4 0 0.4 1 13 0.8 0.2 0 0 0 7.2 3.2 0 0 0.2 0 1 0 0 0 0 0 0 0 0 5.4 0.6000000000000001 0 0 0 0.6000000000000001 0 0 0 0 0 0 0 0 0 0 3 0 0 0 1.2000000000000002 0 0 0 0 0 0 0.4 1.6 0 3.2 0.6000000000000001 0 0 0 0 0 3.2 4 0 0 0 2.6 3 0.6000000000000001 0 0 0.2 0 4 0 0 2.4000000000000004 0 4.6000000000000005 0.2 1.4000000000000001 0 0 9.200000000000001 3.6 0 2.6 1.2000000000000002 0 2.6 0 0 0 0 0 0 0 0 0 0 0 0 0 0.2 0 0 5 0 0 0 0 0 0.2 1.2000000000000002 0 0 0 0 0.2 0 0 0 0 0 0 0 0 0 0 0 0 0 0.2 2.2 4.6000000000000005 3.6 0 0 0 3.2 1.4000000000000001 0 2.4000000000000004 0 0 0.2 1.6 1.4000000000000001 0 0.4 1.4000000000000001 4.2 5.2 0 0 0 0 0 0 3.2 5 0 0 0 10.4 8 0 0 1.8 4.4 3 0 0 0 0 0 0 0 3 0 0 0 0 0 0 0 0 0 0 0 0 0 0 1.6 0 0 0 0 0 0 0 0 0 0 0.4 2.4000000000000004 0.4 0.4 0.4 15.200000000000001 0.8 0.6000000000000001 0 0 0 0 0.2 0 0 0 0 0 0 0 0 0 0 0 0 0 0 0 0 0 0 0 0 0 0 0 0 
 1.2000000000000002 0.6000000000000001 0.4 0.4 0.4 0.4 0.4 0.4 19.200000000000003 0.8 0.4 0.4 0.4 0.4 0.6000000000000001 0.4 0.4 0.4 0.4 0.4 9 16.8 4.4 48.2 52.2 0 10.4 4 25.200000000000003 13 109 14.8 8 26.8 54.800000000000004 74.2 19.8 39 11.8 11.8 0 6 0 17.2 0 0 0.6000000000000001 13 26.8 0 0 0.4 0 7.4 15.200000000000001 0 0.2 0 16 0 0 0.2 1.8 0 0.6000000000000001 0 0 0 0 0 0 0 0 9.600000000000001 0 0 0 0 0.6000000000000001 0 0 0 0 0 0 0 0 0 0 0.4 0 0 0 2 0 0 0 0 0 0 0 0 0 0 0 0.8 0 0 0 2.8000000000000003 2 5.800000000000001 0 0 4 3 5.800000000000001 0 0 0 8.6 0 6.800000000000001 2.4000000000000004 0 0 0 2.8000000000000003 4.2 8.6 0 0 0 4.800000000000001 0 0 0 0 6.800000000000001 1.8 0 0.4 0 0 0 0 0 0 0 0 0 0 0 0 0 0 0 0 0 0.6000000000000001 0 0 1 0 0 0.4 0 0 0 0 0 0.2 0 0 0 0 0.4 0 0 0 3.2 0 2.4000000000000004 3.6 6.2 3.2 0 0.4 2 0 2.8000000000000003 2.6 0 2.6 6 0.2 2.6 0 0 0 7.4 0 0 0 0 0 4.6000000000000005 1.6 0 0 0 0 4.4 0 8.4 3.6 0 3 2.2 5.4 0 0 0 0 0 0 0 0 0 0 0 0 0 0 0 0 0 0 0 1.6 0 0 2.4000000000000004 0 0 0 0 0 0 0 0 0 0.2 0 2 1 0 14.8 7.4 0 0.2 0 0 0 0 0 0.4 0 0 0 0 0.2 0 0 0 0 0 0 0 0 0 1.4000000000000001 0 0 0 0 2.8000000000000003 0 0 0 
 0 0.4 0.2 15.600000000000001 14.600000000000001 0 0.2 0.2 5.6000000000000005 0 31.8 25.200000000000003 0.2 0.2 0.2 41.2 0 15 0.4 0.2 34.800000000000004 22.400000000000002 29.8 60.800000000000004 45.400000000000006 10.4 0 14.600000000000001 54.400000000000006 25 8 7.4 33.800000000000004 9.4 5.2 9.600000000000001 50.2 12.200000000000001 23.400000000000002 116.2 0 1.4000000000000001 0 0 0 0 0.4 0 0 0 0 0.6000000000000001 0.2 0.6000000000000001 0.2 0 0 0 0 0 0 0 0.6000000000000001 0 0.6000000000000001 0 0 0 0 0 0 0 0 0 0 0 0 0 0.6000000000000001 0 0 0 0 0 4.2 0.2 0 0 9.200000000000001 0 0 11.8 0 0 0 0 1.4000000000000001 1 0 0 0 1.8 0 0 0 0 2.8000000000000003 6.2 1.8 0 0 3.2 2.6 1.6 0 0 4.2 0 0 2.4000000000000004 0.4 0 0 0 0 0 0 0 0 0 0 0.8 0 0 0 0 0 0 0.2 0 0 0 0 0 0 0 0 0 0 0 0 0 0 0 0 0 0 0 0 0 0 0 0 0 0 0 0 0 0 1.4000000000000001 0 3 0 0 0 1 0 1.2000000000000002 0 3 1.4000000000000001 1.6 1.2000000000000002 0 0 0 0.2 7 0.6000000000000001 2.2 0 0 2.4000000000000004 6.800000000000001 0 0 5.2 3.6 0 2.8000000000000003 0 0 0 1.8 0 0 0 0 0 0 0 0 0 0 0 0 0 0 0 0 0 0 0 0 0.4 0.4 0 0 0 0 0 12.200000000000001 0 0 0 0 0 0 0.2 0 0 0 0 0 0 0 0 0 13.200000000000001 0 2.2 0 0 0 2.8000000000000003 0 0 0 0 0.4 0.8 0 0 0 0 0 0 0 0 0 0 0 0 0 0 0 2.4000000000000004 0.2 0 0 0 0 0 0 0 0 0 0 0 0.2 
 0 0 0 0 15.200000000000001 15.200000000000001 0.6000000000000001 0 0 0 57.6 0 0.4 0 1.8 0 0.4 0 0 0.2 12.4 65.60000000000001 34.2 21.200000000000003 23.200000000000003 4 14.600000000000001 0 39.400000000000006 24.200000000000003 8.4 68.8 25 32.800000000000004 26.400000000000002 12.4 67.60000000000001 8.4 28.200000000000003 36.4 0 0.2 0 0 0 0 0.6000000000000001 0 0 0 0.2 0.8 0 0.6000000000000001 0 0 1.2000000000000002 0 0.2 0 0 0 2 0 1.8 0 0 0 0 0 0 0.6000000000000001 0 0 0 0 0 0 0.6000000000000001 0 0 0 0 0 3 0.8 0 0 0 0 0 0 0 0 0 0 0 0 0 0 6 6.4 4 4 1 0 2 4 4 4.4 1.8 3.2 0 13 0.8 7.800000000000001 1.8 7.4 3 2.8000000000000003 0 0 0 0 0 0 0 0 0 0 0 0 8.200000000000001 0 0 0 0 0 0 3.8000000000000003 0 0 0 0 0 0 0 0 0 0 0 0 0 0 0.2 0 0 0 0 0 0 0 0 0 0 1.4000000000000001 0 0 0 0 0 0 0 0 0 0 0 1.2000000000000002 0 0 5 0 5 5.6000000000000005 2.4000000000000004 3.4000000000000004 0 3 0 9.200000000000001 0 4.800000000000001 6.6000000000000005 0 0 4 4.800000000000001 0 3.8000000000000003 8.200000000000001 0 0 0 0 0 0 0 0 0 0 0 0 3.8000000000000003 0 0 0 0 0 0 0 0 0 0 0 0 0 0 0 0 0 0 0 0 0 0 0 0 0 0 0 0 0 0 0 0 0 0 0 0 0 0 0 0 0 0.6000000000000001 0.4 0.4 0.4 15.200000000000001 0.4 0 0 0 0 0 0 0 0 0 0 0 0 0 0 0 0.6000000000000001 0 0 0 0 0 0 0 0 0 0 0 0 0 0 
 0 0.4 0 0 0 15 0.6000000000000001 12 0 0.4 0 0 0 0 0.4 0.2 0.4 0 0 0 22.6 38.6 87.2 78.80000000000001 69.4 25.200000000000003 54.400000000000006 39.400000000000006 0 52.2 69.4 10.600000000000001 13.600000000000001 17.8 22.8 49.400000000000006 20.200000000000003 7 15 37.2 0.6000000000000001 1.4000000000000001 0 0.6000000000000001 0.4 0 0.4 40.800000000000004 0 0 12.4 0.4 0.6000000000000001 0.6000000000000001 0 0 1 0 0.6000000000000001 0 1.2000000000000002 0 1 0 0.6000000000000001 0 0 0 0 0 0 1.4000000000000001 1 0 0 0 0 0 2 0 0 0 0 0 0 0 0 0 0 0 0 0 0 0 0 0 0 0 0 0 0 5.800000000000001 0 1.2000000000000002 4.2 1.6 0 0 2.6 0 3.6 10.8 0 0 3.6 2 3.6 4.800000000000001 0 0.2 0 0 0 0 0 2.4000000000000004 0 2.2 0 0 0 0 7.2 6 0 0 0 0 3.8000000000000003 2.6 0 0 0 0 0 0 0 0 0 0 0 0.2 0 0 0.4 0 0 0.4 0.4 0 0 0.4 0.2 0 0 3.6 0 0 0 0 0 0.4 0 0 0 0 0 0 0 0 0 2.4000000000000004 2.4000000000000004 3.4000000000000004 2.4000000000000004 1.2000000000000002 1.8 0 3.4000000000000004 3.6 2.4000000000000004 1.6 0 0 2.2 2.6 2.6 0 0 0 2.4000000000000004 3.2 0 0 0 0 3.2 0 2.4000000000000004 0 0 0 6.4 3.4000000000000004 1.8 0 0 0 0.4 0 0 0 0 0 0 4 0 0 0 0 0 0 0 0 0 0 0 0 3 0 0 0 3.6 0 0 0 0 0 0 0 0 0 0 0.2 0.6000000000000001 0.4 0.2 0 16.6 0.2 0 0 0 0 0 0 2.4000000000000004 0 0 0 0 0 0 0 0 0 0 0 0 1.8 0 0.4 0 0 0 0 0 0 0 0 
 0.6000000000000001 0 0 0 0 14.8 0 5.2 0 0.6000000000000001 0 0 0.4 0 0 0.4 0.2 0 0 0 63.800000000000004 46.6 71 68.60000000000001 61.6 13 25 24.200000000000003 52.2 0 51 26.8 25.200000000000003 13.600000000000001 51.400000000000006 26.400000000000002 23.8 10 9.600000000000001 38.2 0.2 0.8 0.4 0 0 0 0.6000000000000001 0 0 0 0 0.4 0 0.6000000000000001 0 0 0 0 0 0 0 1 1.4000000000000001 0 0.6000000000000001 0 0 0 0 0 0 0 0 2 0 0 0 0 0.6000000000000001 0 0 0 0 0 0 0 0 0 0 0 0 0 0 0 0 0 0 0 0 0 2.6 4.4 3.6 6.2 2.4000000000000004 0.2 5.6000000000000005 1.8 4.4 0.2 1.8 1 5.2 0 1.4000000000000001 6.800000000000001 0 2 3.2 4.4 0 0.4 0 0 0 0.2 2.8000000000000003 0 0 0 0 0 4 0 0 3.2 0 0 3.6 4.800000000000001 0 4.2 0 0 0 0 0 0 0 0 0 0 0 0 0.6000000000000001 0 0 0.6000000000000001 2.6 0 0 0 0 0 0 1.6 0 0 0 0 0 0 0 5.800000000000001 0 0 0 0 4.6000000000000005 0 4.800000000000001 0 10.600000000000001 4.2 5.800000000000001 7.800000000000001 1.8 4.4 4.4 3.8000000000000003 2.6 7 2.8000000000000003 2 9 1.8 6 4.2 0 3.6 2 0 0 0 0 0 0 0 0 0 0 0 6.800000000000001 0 0 0 0 0 0 11.200000000000001 0 0 0 0 0 0 0 8.6 0 0 0 0 0 0 0 0 0 0 0 0 0 0 0 0 0 0.2 0 0 0 0 0 0 0 0 2.4000000000000004 0.4 0 17.6 8.4 0.4 0.6000000000000001 0 0 0 0 0 0 0 0 0 0 0 0 0 0 0 0 0 0 1.8 0 3.2 0 0 0 3.6 0 0 0 0 
 0.8 0.4 0.4 0.4 0.4 0.4 0.4 0.8 0.8 0.4 0.4 0.4 0.4 0.4 0.8 0.8 0.8 0.4 0.4 0.4 8.4 38.800000000000004 54.400000000000006 92 21.400000000000002 109 8 8.4 69.4 51 0 37.4 5.6000000000000005 5.6000000000000005 15.8 53.6 57.2 25.8 5.6000000000000005 17.400000000000002 0 0.2 0 0 0 0 0.6000000000000001 42.6 0 0 0 0.4 0 0.6000000000000001 0 0 0 0 0.4 0.2 0 0 0.8 0 0.6000000000000001 0 0 0 0 0 0 0 0 0 0 0 0 0 0.6000000000000001 0 0 0 0 0 0.4 0 0 0 0 0.2 0 0 0 0 0 0 0 0 0 0 0 5.6000000000000005 3.8000000000000003 0.2 1.2000000000000002 8.200000000000001 0 0 1.6 2 3.8000000000000003 11.200000000000001 0 0 0 7 3.2 4.2 0 0.6000000000000001 0 0 0 0 0 0 3.6 2.8000000000000003 0 0 0 0 1.8 3.4000000000000004 0 0.2 0 0 8.8 6.4 0 0.4 0 0 0 0 0 0 0 0 0 0 0 0 6.2 0 0 1.6 0 0.2 4.800000000000001 0 0 0 4.800000000000001 8.8 0 0 0 0 0 0 0 0 0 0 0 0 0 0 5 2.4000000000000004 0 6.2 0 5.2 0 0.4 2.2 5.2 6.4 0 0 4.800000000000001 0 1.2000000000000002 0 0 0 0.4 2.4000000000000004 0.2 0 0 0 0 7 0 0 0 0 0 11.200000000000001 0 4.4 0 0 0 6.4 3.8000000000000003 1.4000000000000001 0 0 0 0 1.4000000000000001 0 0 0 0 0 0 0 0 0 0 0 0 0 0 0 0 0.6000000000000001 0 0 0 0 0 0 0 0 0 0 2.4000000000000004 1.2000000000000002 0 0.4 15.4 32.6 0 0.4 0.2 0 0 0 0 4.4 0 0 0 0 0 0 0 0 0 0 0 0 0 0 2.6 0 0.2 0 0 2.2 0 0 0 
