 0 35.4 13 27.8 6.2 9 41.2 32.4 21.200000000000003 91.60000000000001 10 71.4 153.60000000000002 27.8 33.6 9.600000000000001 10.200000000000001 10.8 25 12.8 0.8 0.4 0.2 0 0 1.4000000000000001 0.2 0.4 0 0 0 0.6000000000000001 0 0 0.4 0 0 0.4 0 0 0 0 0.8 0 0 0.4 0.4 14 0.4 0 0 0 0 0.2 0.6000000000000001 0.6000000000000001 0 1.4000000000000001 0 0.6000000000000001 0 0 0 0 0 0.4 0 0.6000000000000001 1.4000000000000001 0 1.2000000000000002 0 0.6000000000000001 0 0 0 0 0.8 0 0.4 0 2.8000000000000003 0 0 0 0.6000000000000001 2.2 5.4 0 6.4 0.2 0 2.8000000000000003 6.800000000000001 0.4 12.8 0 0 2 3.8000000000000003 0 0 0 0 0.4 0 0 0 0 0 0 0.2 2 0 0 0 0 0 0.2 0 0 0.2 0 0 0 0 0 0 0.4 0 0 0 3.2 0 0 0 0 0 0.2 0 0 0 0 0 0 0 0 0 0 0 0 0 0.4 0 0 0 0 0 0 0 1.8 4.2 0.4 0 0 0 2.4000000000000004 4.2 4.2 0 0 5.800000000000001 6.6000000000000005 1.4000000000000001 5.4 0 13.4 0.2 0 5 0 0 0 0 0 0 0 0 0 0 2 0 0 0 0 0 0.2 0 0.2 0 0 0 0.2 0 0 0.4 0 0 0 0 0 0 0 0 0 0.4 0 0 0 0 0 0 0 0 0 0 0 0 0.2 0 0 0 0 0 0 2.6 0 0 0 0 0 0 0 0 0 0 0 0 0 0.2 0 3 0 0 0 0 0 0 0 0 0 0 0 0 0 0 0 0 0 0 0 0 0 0 0 0 0 0 0 0 0 0 0 0 0 0 0 0 0 0 
 35.4 0 52 38.400000000000006 23 7.800000000000001 43.400000000000006 23.400000000000002 24 7.6000000000000005 70.2 46.400000000000006 52.800000000000004 63.400000000000006 15.8 25.8 81.60000000000001 12.8 5.6000000000000005 11 0 0.4 0.6000000000000001 0.4 0 0.6000000000000001 0 0.2 0 0 0 0.6000000000000001 0 0.2 0.8 0.6000000000000001 0 0 0 0 0 0.2 2.2 0.6000000000000001 0.6000000000000001 0 0.4 12.8 0.6000000000000001 0 0.6000000000000001 0 0 0.4 0.2 0.6000000000000001 0.4 0.6000000000000001 0 0.6000000000000001 0.2 0 0 0 1.2000000000000002 0.6000000000000001 0 0.6000000000000001 0.8 0 0 0 0.4 0 0 0 0 0.8 0.2 0.8 5.6000000000000005 1.6 3.6 8.6 0 7.800000000000001 4.2 9.4 5.2 2.8000000000000003 0.2 0 0 5.2 0 4.4 1 0 11.600000000000001 6.2 0 0.2 0 0 0 0 2.8000000000000003 0 0 0 0 0 2.8000000000000003 0 0.2 0.2 0.4 0 0.4 4.800000000000001 0 0 0 0 0 0 0 0 0 0 0 0 0 0 0 0.2 0 0 0 0.4 0 0 0 0 0 0 0 0 0 0 0 0 0 0 0 0 0 0 0 0 3.6 0 4.4 4.2 5.6000000000000005 5 1.2000000000000002 3 12.200000000000001 1.4000000000000001 5 4.6000000000000005 2.4000000000000004 2.4000000000000004 0 6.2 5.4 0 0 3.4000000000000004 0 0 0 0 0 2.4000000000000004 0 0 0 0 0 0 0 3.6 0 0 0 0 0.2 0 0 0 0 0 0 0 0 0 0 0 2 0 0 0 0 0 1 0 0 0 0 0 0 0.2 0.4 0 0 0 0 0 0 0 0 0 0 0 0 0 0 0 0 0 0 0 0 0 0 0 0.2 0.4 3.4000000000000004 0.8 0 0 0 0 0 0 0 0 0.4 0 0.6000000000000001 0 0 0 0 0 0.4 0 0 0 0 0 0 1 0 0 0 0 0 0 0 0 0 0 0 0 0 0 
 13 52 0 105 38.800000000000004 32.6 36 26.200000000000003 34 14.4 34.6 25.8 73.8 8.200000000000001 7.4 10.8 71 27.8 6.4 97.4 0 15.4 0.2 0.4 0 0.6000000000000001 0 1.2000000000000002 0 0 0 0.6000000000000001 15 0 0.2 0 0 0 0 0 0 0 1.2000000000000002 0 0 0 0.4 0.4 0.2 0 0 0.2 0.2 0 0.6000000000000001 0.4 0 0.6000000000000001 0 0.6000000000000001 0 0.4 0 0 0 0.4 0 0.6000000000000001 0.6000000000000001 0 0 0 0.6000000000000001 0 0 0 0 0 0 1.6 5.800000000000001 0 1.6 4.2 2.4000000000000004 0.2 3.2 4.6000000000000005 2.6 3.6 6.800000000000001 5.2 0 0 0.2 0 2.8000000000000003 0.6000000000000001 2.8000000000000003 2.4000000000000004 3.8000000000000003 0 0 0 0 0 3.4000000000000004 0 1.8 0 0 0 0 0 0 0 1.6 0 7.800000000000001 0 0 0 0 0 0 0 0 0 0 0 0 0 0 2.6 0 0 0 0 0 0 0 0 0 0 0 0.2 0 2.6 0 0 0 0 0 0 0 0 0 0 0 0 1.6 0 0 2.2 0.2 1.4000000000000001 0 0 0 3.8000000000000003 8.4 0.2 0 0 0 0 0 0 0 0 0 0 0 0 0 0 0.4 0 0 0 0 0 0 11.8 0 0 0 0 3 0 0 0 0 0 0 0 0 0 0 0 2.8000000000000003 0 0 0 0 0 2.2 0 0 0 0 0 0 0 0 0 0 0 4 0 0 0 0 0 0 0 0 0 0 0 0 0 0 0 0 0.6000000000000001 0.2 0 0.4 0 0 0.8 2.8000000000000003 0 0 0 0 0 0 0 0 0 0 0 0 0 0 0 0 0 0 0 0 0 0 0 2.4000000000000004 1.4000000000000001 0 0 0 0 0 0 2 0 0 0 0 0.2 
 27.8 38.400000000000006 105 0 50.800000000000004 8.6 65.8 56.2 15.600000000000001 31.200000000000003 28 34.6 48 13.600000000000001 25.8 40.6 122.60000000000001 10.200000000000001 15.200000000000001 59.6 38.6 0.2 0.4 7.2 0 0.6000000000000001 15.8 0.4 0 0 0 0.6000000000000001 13.8 0 0.4 0.4 0.2 0 14.8 24.200000000000003 0 0 0 7 0.4 0.2 0.4 14.200000000000001 0.2 0.2 0.4 5.4 1.4000000000000001 6.6000000000000005 0.6000000000000001 0.4 0 0.6000000000000001 0 0.6000000000000001 0 1.4000000000000001 0 0 0 0.4 0 0.6000000000000001 0.6000000000000001 0 0 0 0.6000000000000001 0 0 0 0 7.6000000000000005 9 3.8000000000000003 3 4.800000000000001 3.6 17.400000000000002 8.200000000000001 5.800000000000001 0 12 3.8000000000000003 0 0 3.4000000000000004 0 0 2.6 9.8 2.8000000000000003 8.8 0 0 3.4000000000000004 0.2 0 0 0 0 15.4 0.4 0 0 0 0 5.800000000000001 0 0 0 0 0 0 0 0 0 0 0.6000000000000001 0 0 0 0 0 0 0 2 0 0.6000000000000001 0 0 0 0 3.8000000000000003 0 0 0 0 0 0 0 0 0 0 0 0 0 0 0 0 0 0 0 0 0 3.2 0 5.2 6 2.2 0 0 3.8000000000000003 5.800000000000001 0 0.8 7.2 0 0 0 3.2 4.4 1.2000000000000002 0 0.2 0 3.8000000000000003 0 5.6000000000000005 0 0 5 3.2 0 0 0 0 4.4 5.2 0.2 3.8000000000000003 0 0 4 0 0 0 0 0 0 0 0 0 0 0 3.4000000000000004 0 0 0 0 0 1.2000000000000002 0 0 0 0 0 0 0 2 0 0 0 0 0 0 0 0 0 0 0 0 0 0 0 0 2.2 0 0 0 0.8 17.400000000000002 0 0.8 24.200000000000003 0.2 1.6 0 0 0 0 0 0 0 0 0 0 3 0 0 0 0 0 0 0.6000000000000001 0 0 0 0 0 3.2 0 0 0 0 0 0 0 0 0 0 0 0 0 0 
 6.2 23 38.800000000000004 50.800000000000004 0 55.2 17.2 14.200000000000001 66.8 54.400000000000006 36.2 28.6 18.8 28.8 12.600000000000001 24.200000000000003 13.600000000000001 74.8 23.200000000000003 18.6 0 0.2 0 0 0 0.6000000000000001 0 0.2 0.6000000000000001 0 0 0.6000000000000001 0.2 12.4 0.2 0 0 0 0 0 12.200000000000001 0 0 0 0 0 0.4 13.200000000000001 0.6000000000000001 0 0 0 0 0.2 0.4 0.6000000000000001 0 0.6000000000000001 0 0.6000000000000001 0 0 0 0 0 0.6000000000000001 0 0.6000000000000001 0.6000000000000001 0 0 0 0.6000000000000001 0 0 0 0 0 0 2.6 3.6 0 8.8 0 0.8 2.8000000000000003 4 3 2.2 4 5 4.800000000000001 0.4 0 0.4 0 7.6000000000000005 5 2 0 5.4 0 0 0 0 0 12.8 0 3.6 0.2 4.2 0 0.6000000000000001 0 0 0 0 0 10.8 0 0 0 0 0 0 0 0 0 0 0 0 0 0 0 0 0 0 0 0 0 0 0 0 1.6 0 0 0 0 0 0 0 0 0 0.4 0 0 0 0 0 0 0 0.2 1 1.8 4.2 0 0 0 0.2 0.4 6.4 5 0 0 0 1.2000000000000002 0 2.6 0 0 0.8 0.4 0 0 0 0 2.2 0 0.8 0 0 0 0.6000000000000001 5.4 5 4.4 0 0 9 2 1 0 0 0 0 0 0 0 0.2 0 4 0 0 0 0 0 2.2 0 0 0 0 0 0 0 0 1.6 0 0 2.2 3.2 0 0 0 0 0 0 0 0 0 0 0 0 2 0 0 0 0 0 1 0.6000000000000001 0 1 0.4 0 0 0 0 0 0 0 0 0 0 0 0 0 0 0 0 0 0 0 0 0 0 2.4000000000000004 2 0 0 0 0 0 0 0 0 0 0 0 0 0 
 9 7.800000000000001 32.6 8.6 55.2 0 5 8.200000000000001 26.400000000000002 12 13.4 22.200000000000003 9.8 11.8 7.2 16.6 73.60000000000001 13.600000000000001 11 52.6 14.8 0.4 14.8 0 0.2 0.6000000000000001 0.8 1.2000000000000002 0 0 0 0.6000000000000001 16.2 0 2 15 3.8000000000000003 0 15 15.4 0 0.4 14.8 0 0 0.4 0.4 0.4 0.2 0 0 0 0 0.6000000000000001 0.6000000000000001 0.8 0 0.6000000000000001 0 0.6000000000000001 0 0 0.6000000000000001 0 0 0.4 0 0.8 0.6000000000000001 0 0 0 0.6000000000000001 0 0 0 0 0 0.4 1.2000000000000002 1.2000000000000002 0 2.8000000000000003 0 2.4000000000000004 0.4 0 0 2.2 3 5 1.8 0 0 0 0 3.6 2.8000000000000003 0 0 3.8000000000000003 0 0 3 0 0 4.6000000000000005 0 7 0 0 0 1.4000000000000001 2 0 5.2 0 6 2 1 0 0 0 0.4 0 0 0 0 0 0 0 0 0 0 0 0 1.2000000000000002 0 0 0 0 0 0 0 0 0 0 0 0 0 0 0 0 0 0 0 0 0 0 1.4000000000000001 0 0 0.2 0 1.4000000000000001 5.800000000000001 0 0 0 2.4000000000000004 0 1 0 0 0 0 0.4 2.8000000000000003 0 0 2.6 4 0 0 0 0 2.8000000000000003 6 0 0 0 0 0.4 3.6 3.2 7 3.6 0 7.6000000000000005 0.8 0 0 0 0 0.2 0 0 0 0 0 1.8 0 0 0 0 0 0 0 0 0 0.4 0 0 0 3.4000000000000004 0 0 0.2 0 0 0 0 0 0 0 0 0 0.4 0.4 0 0 0 7.2 0 0 0.2 0.8 0 0.8 1.2000000000000002 0 2.4000000000000004 3 0 0 0 0 0 0 0 0 0 0 0 0 0 0 0 0 0 0 0 0 0 0 0 3.6 0 0 0 0 0 0 0 0 0 0 0 0 0 
 41.2 43.400000000000006 36 65.8 17.2 5 0 106 37.800000000000004 9.4 25 25.400000000000002 88 89.80000000000001 8.4 33.2 10 49 90.60000000000001 14 0 0.4 0 0 0 0.6000000000000001 0.8 0.4 0 0 0.4 0.6000000000000001 0 0 0.4 0 0.4 0.8 0 0 0.4 0 2.2 0 0 1.2000000000000002 0.4 0.2 0.4 0 0 1.4000000000000001 0 0.4 0.6000000000000001 0.6000000000000001 0.8 1 0 0.6000000000000001 0 0 0 0 0 0.4 0 0.6000000000000001 0.6000000000000001 0 0 0 0.6000000000000001 0.8 0 0 0 2.4000000000000004 1.4000000000000001 1 13.200000000000001 0.6000000000000001 3.8000000000000003 6 0 0 4.4 4.4 4.4 4.800000000000001 5.2 2.6 0 0 9.8 3.4000000000000004 3.4000000000000004 6 5.4 10.4 0 0 0 0 0 0 0.2 0 0 0 0 0 0 0 0 0 0 0 0.4 0 0 0 0 0 0 0 0 0 0 0 0 0 0 0 0 0 0 0 0 0 0 0 0 0 0 0 0 0 0 0.4 0 0 0 0 0 0 0 0 0 0 5.2 7.4 6.6000000000000005 0 0 0 0 4.2 14.4 3.2 2.4000000000000004 0 0 0 7.2 3.6 2 2 0 1.6 0 0 0 4.2 0 0 0 0 0 0 0.2 0 0 3.6 0 0.4 0 0 0.8 0 0.4 0 0 0 0 0 0 0 0 0 0 0 0 0 0 0 0 0 0.2 0 0 0 0 0 0 0 0 0 0 0 0 0 0 0 0 0 0 0 0 0 0 10.8 0 0 0 0 0 0 17.8 0 0.4 2.4000000000000004 0 0 0 0 0 0.2 0 0 0 0 0 0 0 0 0 0 0 0 0 0 0 0 0 0 2.2 0 0 0 0 0 0 0 0 0 0 0 0 0 
 32.4 23.400000000000002 26.200000000000003 56.2 14.200000000000001 8.200000000000001 106 0 40.6 15.8 14 17.400000000000002 21.6 44.2 36.2 19.400000000000002 31.6 54.2 33 70.4 0.4 0.4 0.4 0 0 2.8000000000000003 0.4 0.4 0 2.6 0 0.6000000000000001 0 0 0.8 0 0 0 0 0 0.8 0 0 0.2 0 0 0.4 0.4 0.6000000000000001 0 0 0.4 0 0.4 0.6000000000000001 11.8 0.4 0.6000000000000001 0 0.6000000000000001 0 0 0 0 0 0.6000000000000001 0 0.6000000000000001 0.6000000000000001 0 0 0 0.6000000000000001 0.8 0 0 0 1.2000000000000002 0 1.2000000000000002 0 2 6.6000000000000005 2 0 0.2 6.6000000000000005 0 10.4 6.2 4.4 0 3.8000000000000003 3.8000000000000003 4.800000000000001 3.2 0 0 0.6000000000000001 4.4 0 0 0 0 0 0 0 0 0 0 0 0 0 0 0 0 0 0 0 0 0 0 0 0 0 0 0 0 0 0 0 0 0 0 0 0 0 0 0 0 0 0 0 0 0 0 0 0 0 0 0 0 0 0 0 0 0 0 0 0 12 3.4000000000000004 0 0 0 0 0 4.800000000000001 3.8000000000000003 0 0 3 3.2 0 5.800000000000001 3.4000000000000004 2 2.2 0 2.8000000000000003 0 0 0 0 0 0 0 0 0 0 0 0 0 0 0 0 0 0 0 0 0 0 0 0 0 0 0 0 0 0 0 0 0 0 0 0 0 0 0 0 0 0 0 0 3.2 0 3 0 0 0 0 0 0 0 0 0 0 0 0 0 0 0 0 0 0 0 0.4 0 6.2 0 0.4 1.8 0 0 0 0 0 0 0 0 0.2 0 0 0 0 0 0 0 0 0 0 0 0 0 0 0 0 0 0 0 0 0 0 0 0 0 0 0 0 0 
 21.200000000000003 24 34 15.600000000000001 66.8 26.400000000000002 37.800000000000004 40.6 0 16.6 57.2 39.400000000000006 33.2 18.400000000000002 27.8 27 7.2 29.200000000000003 16.2 38.800000000000004 0 0.2 0 0 0.4 0.6000000000000001 0.2 0.6000000000000001 0.4 0 0 0.6000000000000001 0 0 0.2 0 0 0.6000000000000001 0.4 0 0 0 0 0 0 0 0.4 0.2 0.2 0 0 0 0.8 12.600000000000001 0.6000000000000001 0.4 0 0.8 0 1 0 0 0 0 0 0.4 5.800000000000001 0.6000000000000001 0.6000000000000001 0 0 0 0.6000000000000001 0 0 0 0 0 0 1.6 6 0 3.8000000000000003 3.4000000000000004 2 2 0 0 2.8000000000000003 5.6000000000000005 2.8000000000000003 2.2 1.6 2.8000000000000003 0 4.800000000000001 2.2 4 4.2 0 4.4 0 0 0 0 0 0.8 0 0 0 0 0 0.8 0 0 0 0 0 3.8000000000000003 2.4000000000000004 0 0 0 0 0 0 0 0 0 0 0 0 0 0 0 0 0 0 3.6 0 0 0 0 0 0 0 0 0 0 0 0 0 0 0 0 0 0 0 0 0 1 2.8000000000000003 2.2 4 7.4 2 0 8.8 0.2 2.2 5.6000000000000005 0 0 0.8 0.8 0 11.200000000000001 0.8 0 0 0.2 0 0 0 0 0 2.8000000000000003 0 0 0 0 0 0 0 0 0 0 0 6.800000000000001 0 0 0 0 0 0 0 0 0 0 0 0 0 0 0 0 0 0 0 0 0 0 0 0 0 0 0 0 0 0 0 0 0 0 0 0 0 0 0 0 0 0 0.2 0 0 0 0.4 17.6 0.4 0.2 17.6 6.2 1.2000000000000002 0 0 0 0 0 0 0 0 0 0 2.2 0 0 0 0 0 0 0 0 0 0 0 0 11.200000000000001 2 0 0 0 0 0 0 0 0 0 0 0 0 0 
 91.60000000000001 7.6000000000000005 14.4 31.200000000000003 54.400000000000006 12 9.4 15.8 16.6 0 48.2 41 9 25.8 22.6 40.400000000000006 48.400000000000006 26.400000000000002 79.4 87.2 15 0.4 0 0 0 0.6000000000000001 0.4 0.6000000000000001 0 0.2 0 1.4000000000000001 12 0.4 0.4 0.4 0 0 0.2 0 0 0 0 0 0 0.4 0.4 0.4 8.4 0 0.6000000000000001 0 0.8 0.4 0.6000000000000001 0.6000000000000001 0 0.6000000000000001 0 0.6000000000000001 0 0 0 6.4 0 0.4 0 0.6000000000000001 0.6000000000000001 0 0 0.2 0.6000000000000001 0 0 0 0 0 0 3.4000000000000004 4.800000000000001 2.4000000000000004 4 2.2 7.800000000000001 2 3.4000000000000004 0.2 13 5.800000000000001 3.4000000000000004 7.800000000000001 0 2.6 2.4000000000000004 2.6 6.2 6.800000000000001 0 0.2 4.2 0 3.2 0 0 0 2.8000000000000003 0 2 0 0 0 0 0 0 0 0 0 2.2 0 0 0 0.2 0 0 0 0 0 0 0 0 0 0.2 0 0 0 0 0 3.2 0 0 0 0 2.8000000000000003 0 0 0 0 0 0 0 0 0 0 0 0 0 0 0 0 0 0 6.6000000000000005 2.4000000000000004 3.8000000000000003 0 0 5.4 2.8000000000000003 2 3.4000000000000004 0 0 0 0 4.800000000000001 6.6000000000000005 10.600000000000001 0 0 0 0 0 0 0 0 2.6 0 0 0 0 0 0 8.4 0 0.2 0 0 5.800000000000001 0 0 0 0 0 0 0 0 0 0 0 0 0 0 0 0 0 1 0 0 0 0 0 0 0 0 0 0 0 0 0 0 0 0 0 0 0 0 0 0 0 0 3 0 0 0 0.2 18.2 0 18.2 0.4 4.2 1 3 0 0 0 0 0 0 0 0 0 2 0 0 0 0 0 0 0 0 0 0 0.2 0 1 0.6000000000000001 0 0 0 0 0 0 0 0 0.2 0 0 0 0 
 10 70.2 34.6 28 36.2 13.4 25 14 57.2 48.2 0 38.800000000000004 24.8 7.6000000000000005 26 45.800000000000004 76.4 59.400000000000006 6 41.800000000000004 0 0.4 0 0.2 0.8 0.6000000000000001 2 1.6 0 0 0 0.6000000000000001 0.4 0 0.4 0 0 1.2000000000000002 0 0 0 0 0.8 0 0 0 0.4 13.4 0.4 13.4 0 0 0 13 0.6000000000000001 0.6000000000000001 0 0.6000000000000001 0 1.2000000000000002 0 0 0 0 0 8.6 0.4 0.6000000000000001 0.6000000000000001 0.4 7.2 0 0.6000000000000001 0 5.6000000000000005 0 0 0.8 0 0.4 5.4 0.2 5.4 0 0 3.4000000000000004 4.800000000000001 2.2 0.2 1.8 0 3.2 0 2.8000000000000003 0 2 5.2 3 0 0 0 0 0 0 0 0 0.2 0 0.6000000000000001 0 0 0 10 0 0 0 0 0 9.200000000000001 0 0 0 0 0 0 0 0 0 0 0 0 0 0.2 0 2.4000000000000004 0 0 0 0 1.8 0 7 0 1.2000000000000002 0 0 0 0 0 0.2 0 0 0 0 0 0 0 0 0 0 1 0 0 3.6 5 0 0 4 10.600000000000001 0 2.4000000000000004 9.600000000000001 2.2 0 0 0.2 2.2 0 0 11.4 0 0 0 0 0 0 3 0 0 0 0 0 0 2.4000000000000004 0 0 0 0 0 0.4 0.2 0 0 0 0 0 0 0 0 0 0 2 0 0 0 0 0.4 0 0.4 0 0 0 0 0 0 0 0 0 0 0 0 0 0.4 0 0 3.8000000000000003 0 0 0 0 0 0.2 0 0 0 0.2 0.8 0 0.6000000000000001 1 0 1.4000000000000001 0 0 0 0.4 0 0 0 0 0 0 0.4 0 0 0 0 0 0 0 0 0 0 0 0 2.4000000000000004 5.2 0 0 0 3 0 0 0 0 0 0 0 0 0 
 71.4 46.400000000000006 25.8 34.6 28.6 22.200000000000003 25.400000000000002 17.400000000000002 39.400000000000006 41 38.800000000000004 0 47.2 85.80000000000001 25.6 50.800000000000004 32.4 43.800000000000004 6.800000000000001 15 0.8 0.4 0 0 0 0.6000000000000001 0.2 17.2 0 0 0.4 0.6000000000000001 0 0 0.8 17.400000000000002 0.2 0 0 0 0 0 0 0 0 12.4 1.6 5 0.4 0 0 0 0.6000000000000001 0 0.6000000000000001 0.6000000000000001 0 0.6000000000000001 0 0.6000000000000001 0 0 0 0 0 0.4 0 0.6000000000000001 0.6000000000000001 0 0 0 0.6000000000000001 0 0 0.6000000000000001 0 0 0 0.4 6.2 3 3.6 2.8000000000000003 0.4 6 7.4 3.2 0 2 0.2 1.4000000000000001 0 0.2 1.8 7.2 5.2 9.200000000000001 0 0 0 0 0 0 0 0 0 0 1.4000000000000001 0 0 0 2.2 0 0 0 0 0 0 3 0 0 1.2000000000000002 0 0 0 0 0 0 0 0 0 0 0 0 0 0 0 0 0 0 0 0 3.4000000000000004 0 0 0 2.6 0 0.4 0 0 0 0 0 0 0 0 0 0 2.8000000000000003 0 6.800000000000001 2.2 7.800000000000001 2.2 0 3.2 4.2 0 12.200000000000001 0.2 0 1.8 0 0 3.6 16.400000000000002 0 0.2 0 0 0 0 0 0 0 0 0 0 0 0 0 0 0 0 0.2 0 4.800000000000001 0.2 0.4 0 0 0 0 0 0 0 0 0 0 0 0 0 0 0 0.2 0 0.2 0 0 0 0 0 0 0 0 0 0 0 0 0 0.2 0 0 0 0 0 0 0 0 2.8000000000000003 0 0 0 0.6000000000000001 0.4 0.4 0.4 18 0 1.2000000000000002 0 0 0 0 0 0 0 0 0 0 0 0 0 0 0 0 0 0 0 0 0 0 0 4.6000000000000005 2.8000000000000003 0 0 0 0 0 0 0 0 0 0 0 0 0 
 153.60000000000002 52.800000000000004 73.8 48 18.8 9.8 88 21.6 33.2 9 24.8 47.2 0 60.800000000000004 23.200000000000003 49.800000000000004 12 9.8 54.800000000000004 31.6 0 0 0 0.2 0.2 0.6000000000000001 0.4 0.2 0 0 14.8 0.6000000000000001 0 0 0 0.4 0 0 0 0 0 0 4 0 0 0 0.4 0 0.6000000000000001 0 0 0 0 0.4 0.2 0.6000000000000001 0 0.6000000000000001 0 1.2000000000000002 0 0 0 0.2 0 0.6000000000000001 0.4 0.6000000000000001 0.6000000000000001 0.6000000000000001 7.4 0 11.4 0 0 0 0 0.6000000000000001 0 0.4 12.8 2.6 1 8.6 0 0 5 1.6 0 6.800000000000001 4 0 6 0 3 2.8000000000000003 3.2 3 2.6 6.6000000000000005 0 0 0 0 0 0 0 0 0 0 0 0 0 0 0 0 0 0 2.8000000000000003 0 0 0 0 0 0 0 0 0 0 0 0 0 0 0 0 2.2 0 0 0 0 0 0 0 0 0 0 0 0 0 0 0 0 0 0 0 0 0 0 0 0.2 12.600000000000001 0.2 0.4 0 0 0 8 2.8000000000000003 2.8000000000000003 2.8000000000000003 3.2 0 3.6 0 7.800000000000001 0 1.8 3 5 0 0 0 0 0 0 0 0 0 0 0 0 0 0 0 0 0 0 0 2.8000000000000003 0 0 0 0 0 0 1.2000000000000002 0 0 0 0 0 0 0 0 0 0 0 0 0 0 0 0 0 0 0 0 0 0 0 0 0 0 0 0 0 0 0 0 2.6 0 0 2.8000000000000003 0 0 0 0 0 0.2 0.2 0 0 0.4 0 0 0 0 0 0 0 0 0 0 0 0 0 0 0 0 0 0 0 0 0 0 0 0 0 0 0 0 0 0 0 0 0 0 0 0 0 0 
 27.8 63.400000000000006 8.200000000000001 13.600000000000001 28.8 11.8 89.80000000000001 44.2 18.400000000000002 25.8 7.6000000000000005 85.80000000000001 60.800000000000004 0 22.400000000000002 22.400000000000002 29 9.200000000000001 38.800000000000004 36.6 0 0.4 0 0 0 0.6000000000000001 0.2 0.2 0 0 0 0.8 0.4 0 0.4 0 0 0 0 0 0 0 0 0 0 0 0.4 0 7 18.8 0 0 1.4000000000000001 0.4 0.4 0.6000000000000001 0 0.6000000000000001 0 0.6000000000000001 0 0 0 0 0 0.6000000000000001 0 0.6000000000000001 0.6000000000000001 0 0 0 0.6000000000000001 0 8.4 0 0.4 0.4 0 0.4 0.2 4.2 0 0.6000000000000001 2.4000000000000004 0 4 2.8000000000000003 0 3.6 1 1 5.2 0 7.2 6.2 4.6000000000000005 10 2 7.800000000000001 0 0 0 0 0 0 0 0 0 0 2.8000000000000003 0 0 0 0 0 0 0 0 0 0 0 0 0 0 0 0 0 0 0 0 0 0 0 0 0 0 0 5.4 0 0 0 0.4 0 0 0 0 0 0 0 0 0 0 0 0 0 0 0.2 0 0 1.6 9 4 0 0 0 0.8 10.600000000000001 2.4000000000000004 0.2 1.2000000000000002 0 0 0 9.600000000000001 2.6 4.6000000000000005 3 2.6 0 0 0 0.2 0 0 0 0 0 0 0 0 0 0 0 0 0 0 0 3.6 0 0 0 0 0.4 0 0 0 0 0 0 0 0 0 4.2 0 0 0 0 0 0 0 0 0 0 0 0 0 0 0 0 0 0 0 0 0 1.8 0 0 0 0 0 2.4000000000000004 0 0 0 0 19.8 0 0.2 0.4 0.4 0.4 0 0 0 0 0 0 0 0 0 0 2 0 0 0 0 0 0 0 0 0 0 0 0 0 0 0 0 0 0 0 0 0 0 0 0 0 0 5.4 
 33.6 15.8 7.4 25.8 12.600000000000001 7.2 8.4 36.2 27.8 22.6 26 25.6 23.200000000000003 22.400000000000002 0 16.2 25.8 32 32.2 30.6 0.6000000000000001 15 0 0 0.4 0.6000000000000001 20 0.4 0 0.6000000000000001 0.4 0.6000000000000001 1.2000000000000002 0 1.6 0 0 0 0.4 0.4 0 0.4 0 0 0 0.4 0.8 11.4 1 0 0 0.8 0 0.2 0.6000000000000001 1.4000000000000001 0 1.2000000000000002 0 1.2000000000000002 0 0 0.6000000000000001 0 0.6000000000000001 1 0 0.6000000000000001 0.6000000000000001 7 0 0.6000000000000001 0.6000000000000001 0 0 0 6.2 0 0 0.4 0.8 3.2 8 0.4 0 0.2 0.4 6 15.600000000000001 4.2 2.2 2.6 0 5 2.4000000000000004 2.2 0 7.6000000000000005 2.2 4.2 0 0 0 2 0 0 0 0 0 0 0 0 2.2 0 0 0 0 0 0.4 0 0 0.4 0 0 0 0 0 0 0 0 0 0 0 0 0 0 0 0 0 0 0 0 0 0 0 0 0 0 0 0 0 0 0 0 0 0 0 0 0 0 1.2000000000000002 0 0.2 4 0.8 2.2 8 6.2 7.4 2.8000000000000003 5.4 0 3.2 2.2 3.4000000000000004 3.4000000000000004 2.2 1.8 2.8000000000000003 0 0 0 0 0 0 0 1.8 0 0 0 0 0 0 2.6 0 0 0 0 4.2 0.4 0 0 0.4 0 0 0.2 0 0 0 0 0 0 0 0 0 0.2 0 0 0 0 0 0 0 0 0 0 0 0 0 0 0 2 0 0 0 0 0 0 0 0 0 0 0 0 0 0 0 0 17.2 10 2.2 1.2000000000000002 0 0 0 0 0 0 0 0 0 0 0 0 0 0 0 0 0 0.8 0 0 0 0 0 2 0.2 0 0 0 0 0 0 0 0 0 0 0 0 0 
 9.600000000000001 25.8 10.8 40.6 24.200000000000003 16.6 33.2 19.400000000000002 27 40.400000000000006 45.800000000000004 50.800000000000004 49.800000000000004 22.400000000000002 16.2 0 114.2 61 45.2 86.80000000000001 15 0.2 0 0 0 0.6000000000000001 0 0.2 0 0 0 1 10 0 0.4 0 0 0 0.2 0 0 0 0 0 0 0 0.4 0 0.6000000000000001 0 0 0 0 12.200000000000001 0.2 0.6000000000000001 0 0.6000000000000001 12.4 0.6000000000000001 0 0 0 0 0 0.6000000000000001 0 0.4 0.6000000000000001 0 0 0 0.4 0 0 0 0 0 0 0.4 0.4 1.8 3.8000000000000003 2.2 3 2.2 5.2 6.800000000000001 0 3.6 0 3.4000000000000004 2.6 0 0 0 2 6.2 4.2 3.8000000000000003 0 0 0 0 0 0 0.8 0 0.8 0 0 0 9 0 0 0 0 0 12 0 0 0 0 0 0 0 0 0 0 0 0 0 0 0 0 0 0 0 0 0 0 0.2 0 0.4 0 0 0 0 0 0 0 0 0 0 0 0 0 0 0 0 0 4.4 7 2.6 3.2 0 0 4.2 2 0 2 4 0 0 2.6 5.6000000000000005 0 3 3.6 3.6 0 0 0 0 0 0 5.800000000000001 2 0.2 2.2 0 0 0 8.200000000000001 0 0 0 0 0 0.4 0 0 0 0 0 0 0 0 0 0 2.8000000000000003 2.2 0 0 0 0 1.6 0 0 0 0 0 0 0 0 0 0 0 0 0 0 0 0 0 0 0 0 0 0 0 0 0 0 0 0 0.4 0.6000000000000001 0 18.6 0.4 0 2.6 0 0 0 0 0 0 0 0 0 0 2.6 0 0 0 0 0 0 0 0 0 0 0 0 2.4000000000000004 3.2 0 0 0 0 0 0 0 0 0 0 0 0 0 
 10.200000000000001 81.60000000000001 71 122.60000000000001 13.600000000000001 73.60000000000001 10 31.6 7.2 48.400000000000006 76.4 32.4 12 29 25.8 114.2 0 73.60000000000001 44 70.8 0 0.2 0 0.2 0 0.6000000000000001 0 0.4 0 0 0 0.6000000000000001 15 15.8 0.2 0 0 0 0 0 0 0 1.8 0 0 0 0.4 0.2 0.6000000000000001 0 0 0 0 0 0.2 0.6000000000000001 0 0.6000000000000001 0 0.6000000000000001 0 0 0 0 0 0.6000000000000001 0 0.6000000000000001 0.6000000000000001 0 0 0 0.6000000000000001 8.4 0 0 0 1.6 0 0.4 7.2 0.6000000000000001 5.6000000000000005 6.2 0 1.8 6.6000000000000005 7.800000000000001 1.6 2.4000000000000004 0 2.8000000000000003 0 0 2.8000000000000003 0 9.8 4.6000000000000005 6 8.200000000000001 0 0 0 0 0 0 0 0 0 0 0 0 0 0 0.4 0.4 0.2 0 0 0 0 0 0 0 0 0 0 0 0 0 0.4 0 0 0 0 0.4 0 0 0 0.2 0 0 0 1.2000000000000002 0 0 0 0 0 0 0 0.2 0 0 0 0 0 0 0 0 2.6 5.4 6.2 1.8 9.4 5 0 3.6 2 4.6000000000000005 2.4000000000000004 0 0 1.8 3.8000000000000003 13 0 0 0 3 0 0 2.4000000000000004 0 0 0 0 0 0 0 0 0 0 10.8 0 0 2.4000000000000004 0 0 0 0 0 0 0 0 0 0 0 0 0 3.2 0 0 0 0 0 2 0 0 0 0 0 0 0 0.2 0 0 0 0 0 0 0 0 0 0.4 0 0 0 0 0 0 0 0 0 0 0.2 0.2 0 17.2 0 0 0.4 0 0.4 0 0 0 0 0 0 0.2 0 0 0 0 0 0 0 0 0 0 0 0 0 0 10 3.4000000000000004 0 0 0 0 0 0 0 0 0 0 0 0 0 
 10.8 12.8 27.8 10.200000000000001 74.8 13.600000000000001 49 54.2 29.200000000000003 26.400000000000002 59.400000000000006 43.800000000000004 9.8 9.200000000000001 32 61 73.60000000000001 0 32.4 22.200000000000003 0 0.4 0.4 1 0.2 0.6000000000000001 0.2 2.2 0.4 0 0 0.6000000000000001 0 17.400000000000002 0.4 0 0.4 0 0.4 0 0.8 0.2 0 0 0 1 0.8 0.2 1 0.8 0.2 0.4 0 1.6 0.6000000000000001 1 0.2 0.6000000000000001 0.2 1 0 0 1 0 4.4 0.6000000000000001 0 0.6000000000000001 0.6000000000000001 0 1.8 0.4 1 0.4 0.2 0.4 0 0.4 0.2 1.6 7.2 0 8 0 0 6.4 3.4000000000000004 0.2 4 6.2 0 4.6000000000000005 0 2.6 0 0.2 3.2 6.6000000000000005 0 0 4.2 0.2 0 0 0 0 2.6 0 2.6 0 6 0 0 0 0 0.4 0 0 2 0 0 0 0 0 0 0 0 0 0 0 0.4 0 0 0 0 0 0 0 0 0 0 0 0 1.8 0 0.4 0 0 0 0 0 0 0 0 0 0 0 0 0 0 0.2 0 1.8 6.800000000000001 9.8 0 0 3.6 0 1.8 7.2 1.6 0 0 0 2 0 0 0 0.4 1.4000000000000001 0 0 0 0 0 2.6 0 1.4000000000000001 0 0 0 0 6.2 0 0 0 0 3.2 2.8000000000000003 0 0 0 0 0 0 0 0 0 0 0 0 0 0 0 0 2.6 0 0 0 0 0 0 0.2 0 0 0 0 0 0 0 3.6 0 0 0.4 0 0 0 0 0 0 0 0 0 0 0 0 0 17.8 17.8 6 2.4000000000000004 0 0 0 0 0 0 0 0 0 0.2 0 0 0 0 0 0 0 0 0 0 0 0 0 3.8000000000000003 3 0 0 0 0 0 0 0 0 0 0 0 0 0 
 25 5.6000000000000005 6.4 15.200000000000001 23.200000000000003 11 90.60000000000001 33 16.2 79.4 6 6.800000000000001 54.800000000000004 38.800000000000004 32.2 45.2 44 32.4 0 42.6 0.6000000000000001 0.2 0 0.2 0.2 0.6000000000000001 0.2 0.6000000000000001 0 0 0 0.6000000000000001 0 0 40.2 0 0.2 0 1.8 11.8 0 0 0 0.4 0 0 0.4 0 0 0 0 0 0 0.2 0.6000000000000001 0.4 0 0.6000000000000001 0 11 0 0 0 0 0 1.8 0 0.6000000000000001 0.6000000000000001 0 0 0 0.6000000000000001 0 0 0 0 0 0 0.4 2 2.8000000000000003 2.6 0 0 0 0 0.4 1 0.6000000000000001 0 2.4000000000000004 3.2 2.8000000000000003 3 8.4 0 0 2.4000000000000004 3.8000000000000003 0 0 0 0 0 0 0 0 0 0 0 0 0 2 0 0 0 0 0 0 0 0 0 0 0 0 0 0 0 0 0 0 0 0 0 0 0 0 0 0 0 0 0 0 0 0 0 0 0 0 0 0 0 0 0 0 0 0 0 0 1 4.800000000000001 3.8000000000000003 8 0 0 1.8 5.4 2.6 0.8 0 0 0.8 2 0.6000000000000001 2.4000000000000004 0.6000000000000001 2 14.4 7.800000000000001 0 0 0 0 0 0 0 0 0 0 0 0 0 3.6 0 0 0 0 0 0 0 0 0 0 0 0 0 0 0 0 0 0 0 0 0 0 0 0 0 0 0 0 0 0 0 0 0 0 0 0 0 0 0 0 0 0 0 0 1.4000000000000001 0 0 0 0 0 0 0 0.4 0 1.8 0 0 2.2 0 0 0 0 0 0 0 0 0 0 0 0 0 0 0 0 0 0 0 0 0 0 0 0 2.4000000000000004 0 0 0 0 0 0 0 0 0 0 0 0 0 
 12.8 11 97.4 59.6 18.6 52.6 14 70.4 38.800000000000004 87.2 41.800000000000004 15 31.6 36.6 30.6 86.80000000000001 70.8 22.200000000000003 42.6 0 0 0.6000000000000001 0 0 0.2 0.6000000000000001 0.2 0.4 0 0 0 0.6000000000000001 0 0 0 0 0 0 0 0 0 0 0 0 0 0 0.4 0.2 0.4 0 0 0.2 0 0 0.6000000000000001 0.6000000000000001 0 0.6000000000000001 0 0.6000000000000001 0 0 0 0 0 0.4 0 0.6000000000000001 0.6000000000000001 0 0 0 0.6000000000000001 0 0 0 0 1.8 0 0.4 3.8000000000000003 3.2 3.2 3.2 0.4 0 14 4 4.2 12.200000000000001 0 3 3.2 2 3 3.2 2 2.8000000000000003 8.200000000000001 3.2 0 0 0 0 0.2 0 0 0 0 0 0 0 0 0 0 0 8 0 3 0 0 0 0 0 0 0 0 0 0 0 0 0 0 0 0 0.6000000000000001 0 0 0 0 0 0 0 0.6000000000000001 0 0 0 0 0 0 0 2.2 0 0 0 0 0 0 0 0 0.4 5 3.6 0 3 1.4000000000000001 0 6.4 1.8 0.4 2.2 0 0 0 7.6000000000000005 6 0.6000000000000001 0 0 2.8000000000000003 0 0 0 0 0 0 0 0 0 0 0 0 0 2.6 0 0 0 0 0 0 0 0 0 0 0 0 0 0 0 0 0 0 0 0 0 0 0 0 0 0 0 0 0 3.6 0 0 0 0 0 0 0 0 0 0 0 0 0 0 0 0 0 0 0 0 0 0.4 0.4 0 26.6 0 0.4 2.2 0 0 0 0 0 0 0 0 1.6 0 0 0 0 0 0 0 0 0 0 0 0 0 0 2.2 4 0 0 0 0 0 0 0 0 0 0 0 0 0 
 0.8 0 0 38.6 0 14.8 0 0.4 0 15 0 0.8 0 0 0.6000000000000001 15 0 0 0.6000000000000001 0 0 22.400000000000002 46.800000000000004 10 29.6 6.4 47 30.200000000000003 8.6 8 63.6 7.2 40.400000000000006 19.8 47.2 22.6 12.4 27.400000000000002 71.60000000000001 26.6 14 0 0 0 0 0 0.4 0.6000000000000001 1 0.2 0.2 0.2 0 0.2 0 0 0.4 1.2000000000000002 0 0 0 0 0.6000000000000001 0 0 0 3.6 0 0 0 0 0 1 7.4 0.4 0 0 0 0.6000000000000001 0 0 0 0.4 5.6000000000000005 5.6000000000000005 0 0 0 0 0.2 0 0.4 0 0 0 0 0 0.6000000000000001 0 0 3.8000000000000003 2 0 6.800000000000001 0 0 0.2 5.6000000000000005 1.2000000000000002 5.6000000000000005 0.4 0 3.8000000000000003 0 3.8000000000000003 2.6 2 0 0.2 2.4000000000000004 0 0 0 0 0 0 0 0 0 0 0 0 0 4.2 0 0 0 0 0 3.2 0 0 0 0 0 0 0 0 0 0 2.8000000000000003 0.2 0 0 0 0 0.4 0 0 0.2 0 0 1 0 0 6.800000000000001 0 0 0 0 0 6.2 0 0 0.4 0 0 0 0 0 3.6 8.200000000000001 0 0.2 0 2 3.8000000000000003 2.4000000000000004 2.2 0.4 0.8 3 7.800000000000001 2.6 9.8 0 1.4000000000000001 4.6000000000000005 0 1.6 0 0 0 0 0 0 0 0 0 0 0 0 0.2 0 0 0 0 0 0.2 0.4 0 0 0 0 0 0 0.2 0 0 0 0.2 2 0 0 0 0 0 0 0 0 0 0 0 0 0 0 0.2 0 0 14.8 0 0 0 0 2.6 0 0.4 15.4 0.2 0 0 0 0 0 0 0 0 0 0 0 0 0 0 0 0 0 0 0 0 0 0 0 0 0 0 0 4.2 0 0 0 
 0.4 0.4 15.4 0.2 0.2 0.4 0.4 0.4 0.2 0.4 0.4 0.4 0 0.4 15 0.2 0.2 0.4 0.2 0.6000000000000001 22.400000000000002 0 18.6 70.4 40.800000000000004 21.8 38.2 14.200000000000001 28.8 18 62.6 6.4 41.2 51.400000000000006 21.6 23.8 77.4 23.6 57 11.600000000000001 0.4 0 0 0.2 0 0 0 0.4 0 0.2 0 0 0 0.4 0 0 0.6000000000000001 0 13 12.8 3.6 1.4000000000000001 0.6000000000000001 0.8 0 0 0.6000000000000001 0.6000000000000001 0.8 0 0 0 0 0 0.6000000000000001 1 0.8 0 0.6000000000000001 0.6000000000000001 0 0 0 0 0 0 0 0 0 0 2 0 0 0 0 0 0 0 0 0 2 2.6 3.6 1.4000000000000001 1.6 2 0 2.8000000000000003 3.6 7.4 1.6 1.6 0 0.2 3.2 3.2 6.2 2.6 0 0 0 0 0 0 0 0 0 0 0 0 0 0 4.2 0 0 0 0 0 3 3.2 0 0 0 0 0 0 0.8 0 0 0 0 0.4 0 0 0 0 0 0.4 0 0 0 0 0 0 0 0 0 0 0 0 0 0 0 0 0 0 0 0 0 0 4.2 2.8000000000000003 7.2 0 4.4 0.4 0 4.6000000000000005 0.2 5.6000000000000005 7 5.6000000000000005 0.4 0.2 0.2 1.4000000000000001 5 0 0 2 0 0 0 0 0 0 1.8 0 0.8 0 0 0.2 5.4 2.6 0 0 0 0 0.2 5.6000000000000005 0 0 0 0 0 0 0 0 3.8000000000000003 0 0 0 0 0 0 0 0 0 0 0 0 0 0 0 0 0 0 0 0 0 0 0 0 0 0 0 0.4 9.600000000000001 0 0 0 0 0 0 0 0 0 0 0 0 0 0 0.6000000000000001 0 0 0 0 0 0 0 0 0 0 0 2.2 0 0 0 0 0 
 0.2 0.6000000000000001 0.2 0.4 0 14.8 0 0.4 0 0 0 0 0 0 0 0 0 0.4 0 0 46.800000000000004 18.6 0 63.400000000000006 69.8 23.400000000000002 69.2 61.800000000000004 27.6 24.200000000000003 23.6 24.400000000000002 33.6 30.400000000000002 43.400000000000006 17 18.2 20.8 20 11.200000000000001 0.4 0 0 1.4000000000000001 0 0 0 1 1.4000000000000001 0.4 0 0 13.8 0.2 0 0 0.4 1.2000000000000002 14 0 0 0 0.6000000000000001 0 0 4.800000000000001 1.2000000000000002 0 0 0 3.6 0 1 0 0 0 0 0 0.4 0 0 0 0 0 0 0 0 0 0 0 0 0 0 0 0 0 1.8 0 0 0 0 0.4 0.4 10.200000000000001 3.8000000000000003 4 0 2.6 2.8000000000000003 4.800000000000001 11.8 0 0 0 4.2 5 0 0 0 5 0 0 0 0 0 0 0 1 0 0 0 0 0.2 3.8000000000000003 5.2 0 0 7.4 4.2 0.4 0 0 0 0 0 0 0 0 0.4 0 0.4 0 0 0 0 0 0 0 0 0.2 0 0 0 0 0.2 5 0 3.8000000000000003 0 0 0 0.8 0 0.6000000000000001 0 0 0 0 0 0 1.8 4.6000000000000005 0.8 6 0 0.6000000000000001 0.2 0 0 2.2 4.2 0 0 2.8000000000000003 5.2 0 1.6 3.8000000000000003 0 2 0 0 0 0 0 0 0 0 0 0 0 0 8.200000000000001 0 3.4000000000000004 0 3.2 0 3 0 0 0 0 1.8 0 0 0 0 0 0 0 0 0 0 0 0 0 0 0 0 0 0 0 0 0 0 0 0 0 0 0 0.2 0 0 1.6 0 0 8 31.400000000000002 0 0 0.4 0 0 0 0 0 0 0 0 0 0 0 0 0 0 0 0 0 0 0 0 0 0 0 1.6 0 0 0 0 
 0 0.4 0.4 7.2 0 0 0 0 0 0 0.2 0 0.2 0 0 0 0.2 1 0.2 0 10 70.4 63.400000000000006 0 28.6 45.6 28.8 33.800000000000004 19.8 37 66.4 45.2 8.4 18.400000000000002 30.200000000000003 17.400000000000002 7.800000000000001 31.400000000000002 18.8 18.8 0.4 12.4 0 0.4 0 0 0 0.6000000000000001 0 0.4 0 0 0 0.2 0 0 0.6000000000000001 0 16.400000000000002 0.2 0 2.8000000000000003 0.6000000000000001 0 0 0 0 0.2 0.4 0 0 10.4 0 0 0 0 0 0 0.6000000000000001 0 1.2000000000000002 0 0 0 0 0 0 0 0 0 0 0 0 0 0 0 0 0 0 0 0 2.4000000000000004 1.4000000000000001 0 2.2 0 3 1.6 3.8000000000000003 2 3.4000000000000004 7.6000000000000005 0 4 7.2 0 2.4000000000000004 0 3 0 0 0 4.6000000000000005 0.6000000000000001 0 0 0 0 0 0 0 0.2 5.4 2.4000000000000004 0 0 0 0 0 2.4000000000000004 0 0 0 0 0 0 0 0 2.4000000000000004 0 0 0 0 0 0 0 0 0 0 0 0 0.6000000000000001 0 0 0 0 0 0 0 0 0 0 0 0 0 0.2 0 0 0 0 0 2.4000000000000004 2.4000000000000004 2.8000000000000003 2 0 0 1.6 2.6 3.4000000000000004 0.8 1.8 1.6 0 0 1.4000000000000001 10 0 0 1.8 0 0 4.800000000000001 0 0 0 6.800000000000001 0 0.2 0 0 0 5.2 0 1.2000000000000002 0 0 0.2 3.4000000000000004 0.4 0 0 0 0 0 0 0 0 0 0 0 0 0 3 0 0 0 0 0 0 0 0 0 0 0 0 0 0 0 0 0 0 0 0 0.6000000000000001 0.2 0.6000000000000001 0.6000000000000001 15.4 0.6000000000000001 0.4 0.2 0 0 0 0 5.2 0 0 0 0 0 0 0 0 0 0 0 0 0 0 7.800000000000001 0 0 0 0 0 0 0 0 
 0 0 0 0 0 0.2 0 0 0.4 0 0.8 0 0.2 0 0.4 0 0 0.2 0.2 0.2 29.6 40.800000000000004 69.8 28.6 0 72.8 13.8 87.4 51.400000000000006 80.4 64.60000000000001 45 14.600000000000001 27.8 93.80000000000001 16.6 32.2 35.6 17.8 19.200000000000003 0.4 0 0 0 0 0 12.600000000000001 13.4 1 0.4 0 0 3.8000000000000003 0.8 5.800000000000001 0 0.4 0.6000000000000001 0 4 2.4000000000000004 1 0.6000000000000001 0.6000000000000001 0 0 0 0 0 0 1 0 0 0 0 0 0 0 0.6000000000000001 0 0 0 0 0 0 0 0 0 0 0 0 0 0 0 0 0 0 0.2 0 0 0.2 7.800000000000001 2.8000000000000003 0 1.2000000000000002 0.6000000000000001 0 3.8000000000000003 4.800000000000001 4 0.2 1.6 0 2.8000000000000003 3.6 0 7 5.800000000000001 0 0 0 2.6 0 3.6 0 0 0.2 2 0 0 0 0 9.8 0 2.2 0.2 0 0 2.2 1.8 0 0 0 0 0 0 0.2 0 0.2 0 0 0 0 0 0 0 0 0 0 0 0 0 0 0 0.8 0 0 1.2000000000000002 0 0 0 0 0 0 0 0 0 0 0 0 0 0.4 3.4000000000000004 2.8000000000000003 0.2 0.2 0 0.2 0 9.600000000000001 2.8000000000000003 6.4 0.2 0 0 0 3.8000000000000003 3.4000000000000004 0 2.2 0 0 3 0 0 0 0 0 0 0 0 0 5.2 5.4 0 0 0 0.4 2.6 3.6 0 0 0 0 0 0 0 0 0 0.2 0 0 0 0 0 0 0 0 0 0 0 0 0 0 0 0 0 0 0 0 0 0 0 0 1.2000000000000002 0.8 0.6000000000000001 19 8.200000000000001 0 0.6000000000000001 0.2 0 0 0 0 3.4000000000000004 0 0 0 0 0 0 0 0 0 0 0 0 0 0 0 0 0 0 0 0 0 0 0 
 1.4000000000000001 0.6000000000000001 0.6000000000000001 0.6000000000000001 0.6000000000000001 0.6000000000000001 0.6000000000000001 2.8000000000000003 0.6000000000000001 0.6000000000000001 0.6000000000000001 0.6000000000000001 0.6000000000000001 0.6000000000000001 0.6000000000000001 0.6000000000000001 0.6000000000000001 0.6000000000000001 0.6000000000000001 0.6000000000000001 6.4 21.8 23.400000000000002 45.6 72.8 0 27.400000000000002 53.6 25 22.200000000000003 16.2 53 11.4 8.200000000000001 13 16.8 15.200000000000001 22.8 11.4 32.800000000000004 0.4 0 0 1.6 0 0 12.600000000000001 0.6000000000000001 25.200000000000003 6.6000000000000005 0 0.2 12.4 27.8 12.600000000000001 12.600000000000001 4 14.600000000000001 0 0 0 0 0.6000000000000001 0 9.200000000000001 0 0 0 0 0 0 0 0 0 0 0 0 0 0.6000000000000001 0 0 0 0 0 0 0 0 0 0 0 1.8 0 0 0 0 0 0 0 0 0 0 2.2 0 4.6000000000000005 0 2.6 0 3.4000000000000004 0 2 0 0 0 2.2 2.4000000000000004 0 0 0 0 0 5.6000000000000005 0.2 2.8000000000000003 0 0 0 6.800000000000001 6 0 0.4 2.2 4.2 5.2 3.4000000000000004 0.2 4.4 4.6000000000000005 0 0 2 0 0 0 0.2 0 0 0 0 0.2 0.2 2.4000000000000004 0 0.2 0.2 0 0 0 0 0 0 0.4 0 0 0 0.8 0 0 0 0.4 0 0 0 0 0 0 1.8 0 0 0 0 0 0 10.600000000000001 3.2 7.4 5 0 1.6 0 2.4000000000000004 1.4000000000000001 0.2 0 0 4.4 0 0 0 0 0 8.200000000000001 0.2 0.2 0 0 0 7 8.6 2.6 0 2.2 0 6.2 0 2.6 0 5 8 1.4000000000000001 0 0 0 0 0 0 0 0 0 0 0 0 0 3 0 0 0 0 0 0.2 0 0 0 0 0 0 0 0 0 0.2 0 0 0 0 0 1.4000000000000001 0.2 0.8 14.8 7 0.4 0.2 0 0 0 0 3.4000000000000004 0 0 0 0 0 0 0 0 0 0 0 0 0 0 0 0 0 0 1.6 2 0 0 0 0 
 0.2 0 0 15.8 0 0.8 0.8 0.4 0.2 0.4 2 0.2 0.4 0.2 20 0 0 0.2 0.2 0.2 47 38.2 69.2 28.8 13.8 27.400000000000002 0 80.60000000000001 15.200000000000001 10.600000000000001 7.2 27.200000000000003 89.80000000000001 26.8 49.2 48.6 50.800000000000004 39.400000000000006 30 66.60000000000001 0.4 0 0 0 0 0.4 0 0.4 0.8 0.2 0 0 0 0.4 0.6000000000000001 0 0.6000000000000001 0.6000000000000001 0 0 0 0 0.6000000000000001 0 0 0.2 1.2000000000000002 0 0 0 1 0.2 1.6 0 0 0 0 0 0.6000000000000001 0 0 0 0 0 3.8000000000000003 0 0 0 0 0 0 0 0 0 0 0 0 0 0 0 3.8000000000000003 0 1.4000000000000001 6.4 0 0 2.8000000000000003 6.4 0 5.2 0.6000000000000001 0.4 9.600000000000001 6.800000000000001 5 5.800000000000001 5 2.8000000000000003 0.4 0.2 0 0 0 0 0 0 0.2 0 0 0 0 0 0 2.6 0 0 0 0.2 0 2.6 0 0 0 0 0 0 0 0 0 0 0 0 0 0 0 0 0 0 0 0 0 0 0 0 0 2.2 0 0 0 0 0 3.4000000000000004 0 0.2 0 0.8 0 0 0 0 3 5.2 5.2 0 0.4 0.4 1 4.6000000000000005 3.8000000000000003 2 2.6 5.6000000000000005 7.4 0 3.4000000000000004 3.2 2.6 3 0 7.800000000000001 0 0 0 0 0 0 0 0 0 0 0 0 0 0 0 0 0 0 0 4.6000000000000005 0 0 0 0 0 0 0 0 0 0 0.2 0.2 0 0 0 0 0 0 0 0 0 0 0 0 0 0 0 0 0 0 0 0 0 0 0.8 0.4 0 15.4 0 0 1.6 0 0.4 0 0 0 0 0 0.2 0 0 0 0 0 0 0 0 0 0 0 0 0 0 0 0 0 2.6 0 0 0 
 0.4 0.2 1.2000000000000002 0.4 0.2 1.2000000000000002 0.4 0.4 0.6000000000000001 0.6000000000000001 1.6 17.2 0.2 0.2 0.4 0.2 0.4 2.2 0.6000000000000001 0.4 30.200000000000003 14.200000000000001 61.800000000000004 33.800000000000004 87.4 53.6 80.60000000000001 0 18.8 21.6 18.6 24.400000000000002 39 14.4 34.2 41 7 27.200000000000003 79 58.2 0.4 0 1 0 0 0 0.4 0.8 1.2000000000000002 0.2 0 0 0 0.4 0 0 0.4 1.2000000000000002 0 0 0 0 0.6000000000000001 0 0 0 0 0 0 0 0 0 0 0 0 0 0 0 0.6000000000000001 0 0 0 0.2 1 2.4000000000000004 3.8000000000000003 0 0 0.2 0 7.6000000000000005 3.2 0 0 0 0 0 0 0 0 2 2.2 0 6 0 0 0.2 8.200000000000001 4.2 4.2 0 0 1 1.2000000000000002 0.8 2.2 2.4000000000000004 0.8 0 0 0 0 0 0 0 0 0 0 0 0 0 0 0 3.4000000000000004 0 0 0 0 0 3 0 0 0 0 0 0 0 0 0 0 3.4000000000000004 0 0 0 0 0 0 0 0 0 0 0 0 0 0 0 0 0 0 0 0 0 0 0 0 0 0 0 0 0 7.6000000000000005 3.2 1.4000000000000001 0.4 0 1.8 0.4 2.4000000000000004 3.2 1.4000000000000001 0 2.2 2.2 0 15 0 0 5.2 0 2.2 0 0 0 0 0 0 0 0 0 0 0 0 0.4 0 0 0 0 0 0.2 0 0 0 0 0 0 0 0 0 0 0 0 0 0 0 0 0 0 0 0 0 0 0 0 0 0 0 0 0 0 15 0 0 2.6 0 1.8 0 0 0.4 0.2 0.4 0.4 0 0 0 0 0 0 0 0 0 0 0 0 0 0 0 0 0 0 3.8000000000000003 0 0 0 0 0 0 2.2 0 0 0 
 0 0 0 0 0.6000000000000001 0 0 0 0.4 0 0 0 0 0 0 0 0 0.4 0 0 8.6 28.8 27.6 19.8 51.400000000000006 25 15.200000000000001 18.8 0 48.400000000000006 54.400000000000006 69.60000000000001 33.800000000000004 16.400000000000002 16 33 36 7.800000000000001 30.400000000000002 57.2 0.8 0.4 0.2 0.6000000000000001 0.6000000000000001 0 0 0.8 0 0.8 0.6000000000000001 0 12.4 0.4 0 0.2 1 0 13.600000000000001 15.4 0.8 0.2 0.6000000000000001 0.6000000000000001 0.6000000000000001 0.6000000000000001 0 0 0 0 0.2 0.4 0 0.8 0 0 0 0.6000000000000001 0.6000000000000001 0.8 0 0 0 0 0 0 0.2 0 0 0 0 0 0 0 0 0 0 0 0 0.4 4.4 0 1 2 5.4 9.8 0 1 2.2 2.4000000000000004 1.4000000000000001 0.4 0 0 2.8000000000000003 1.8 3.8000000000000003 6.6000000000000005 0 0 0 0 0 0.2 0 0 0 2 0 0 0 0 2.2 0 2 0 0 0 5.2 2.2 0 0 0.4 0 0 0 0.4 0 0 0 0 0 0.6000000000000001 0 0 0 0 0 0 0 0 0 0 0 0 0 0 0.6000000000000001 0 0 0 0.4 0 1 0 0 0 0 0 0 0.2 2.8000000000000003 6 0 6.800000000000001 0.2 0 5.6000000000000005 0 2.8000000000000003 6.6000000000000005 6 0 0 0 1.6 4 7.6000000000000005 0 0 0 0 0 0 2.8000000000000003 0 1.6 0 0.2 0 0 0 8.8 1.6 1.8 0 0 0.2 5.800000000000001 8 0 0 0 0.2 0 0.2 0 0 0 0 0 0 0 0 0 0 0 0 0 0 0 0 0 0 0 0 0 0 0 0 0 0 0 0 1.2000000000000002 0.4 0.2 8.200000000000001 14.600000000000001 0.4 0.8 0 0 0 0.4 0 0.2 0 0 0 0 0 0 0 0 0 0 1.6 0 0 0 0 0 0 0 2 0 0 0 0 
 0 0 0 0 0 0 0 2.6 0 0.2 0 0 0 0 0.6000000000000001 0 0 0 0 0 8 18 24.200000000000003 37 80.4 22.200000000000003 10.600000000000001 21.6 48.400000000000006 0 32 23.6 25 73 42 42.800000000000004 25.400000000000002 7 26.8 25 0.4 0 0 0 0 0 0 13 0 1 12.4 0 0 0.6000000000000001 0 0 0.6000000000000001 0 25.6 13.200000000000001 0.4 0.8 0.6000000000000001 0.4 0 0 0 0 0 0 0.2 0 0 0 0 0 0 0 0.6000000000000001 0 0 0 0.2 0 0 0 0 0 0 0 0 0 0 0 0 0 0 0 0 0 2.6 0 0.8 1.8 0 5.6000000000000005 0 2.6 0.4 1.4000000000000001 0 2.2 0.2 0.8 6.800000000000001 2.4000000000000004 0 6.6000000000000005 0 0 0 3.6 0 0 0 0 0 0 0 2.2 0 0 2 0 0 0 0 0 10.4 0 0 0 0 0 0 1 0 0 0 3.8000000000000003 0 0 0 0 0 0 0 0 0 0 0 0 0.4 0 0 0 0 0 0 0 0 4.6000000000000005 0 1.4000000000000001 0.4 0.4 0 0 0 0 4.2 2.6 6.4 0 0 0.8 0 4.2 0.2 1.8 1 3.4000000000000004 0.4 1 0 2 4 5 0 0.2 0 0 0.2 0 0 0 0.2 0.2 0 0 0 0 12.600000000000001 0 1.8 2.2 0 0 1.2000000000000002 4.4 0 0 0 0 0 0 0 0 0 0 0 0 0 0 0 0 0 0 0 0 0 0 0 0 0 0 0 0 0 0 0 0 0 0 0 0 0.4 1 0.2 0 1 0 0 0 0 0 4.4 0 0 0 0 0 0 0 0 0 0 0 0 0 0 0 0 0 0 2.6 0 0 0 0 
 0 0 0 0 0 0 0.4 0 0 0 0 0.4 14.8 0 0.4 0 0 0 0 0 63.6 62.6 23.6 66.4 64.60000000000001 16.2 7.2 18.6 54.400000000000006 32 0 41.400000000000006 6.2 51.6 27.8 16.6 67.4 55.800000000000004 69 31.6 0.4 0 0.2 0 0 0 0 4.4 0 0.2 0 0 0 0.4 0 0.4 0.4 0 12.4 12.8 2 0.2 0.6000000000000001 0.8 0 0 0 0 0 0 0 0 0 0 0 0 0 0 0.6000000000000001 10.200000000000001 0 0 0 0 0 0 0 0 0 0 0 0 0 0 0 0 0 0 0 0 0 5.2 4.2 0 0 1.6 3.8000000000000003 1.8 6 2.6 13.4 6.800000000000001 0.2 5.4 16.2 0 6.800000000000001 0.6000000000000001 0.2 0 0 0 0 0 0 0 0 3.2 0 0 0.4 0 5.2 1.8 0 0 2.2 0 3 3.6 0 0 0 0 0 0 0 0 2.4000000000000004 0 0 0 0 0 0 0 0 0 0 0 0 1 0 0 0 0 0 0 0 0.2 0 0 0 0 0 0 0 0.4 0 0 5.2 4 6.2 0.2 4 0 0 1 1.8 6.6000000000000005 2.8000000000000003 1.8 1.6 0 6 5.800000000000001 8.200000000000001 0.2 0 2.4000000000000004 0 0 0 0 0 2.2 1.6 0.2 0 0 0 3.8000000000000003 6.4 2.2 3.8000000000000003 0 0 0 3.8000000000000003 6.6000000000000005 0 0 0 0 0 0 0 0 0 0 0 0 0 0 0 0 0 0 0 0 0 0 0 0 0 0 0 0 0 0 0 0 0 0 0.2 0 0 1.8 0.4 0 0.4 0 0 0 0 0 2.6 0 0 0 0 0 0 0 0 0 0 0 0 0 0 1.6 0 0 0 0 0 0 0 0 
 0.6000000000000001 0.6000000000000001 0.6000000000000001 0.6000000000000001 0.6000000000000001 0.6000000000000001 0.6000000000000001 0.6000000000000001 0.6000000000000001 1.4000000000000001 0.6000000000000001 0.6000000000000001 0.6000000000000001 0.8 0.6000000000000001 1 0.6000000000000001 0.6000000000000001 0.6000000000000001 0.6000000000000001 7.2 6.4 24.400000000000002 45.2 45 53 27.200000000000003 24.400000000000002 69.60000000000001 23.6 41.400000000000006 0 44.2 9.200000000000001 67.8 30.6 35.2 36.800000000000004 8.4 12.8 0.4 0 0 0 0 0 11 14.8 0 0.2 16.8 0.8 12.600000000000001 14 13 0 0.6000000000000001 0 28.400000000000002 13.600000000000001 6.2 1.4000000000000001 0.6000000000000001 0.8 0 0 0 0.2 0 0 0 0 0 0 0 0 0 0 0.6000000000000001 0 0 0 0 0 0 0 0 0 0 0 0.4 0 0 0 0 0 1.6 0 0 0 0 0 0 0 11.8 5.800000000000001 0 1.6 0 13.600000000000001 2 14.8 0 0 3.8000000000000003 0 0 0.2 0 0 6.6000000000000005 3.2 0 0 0 0 0 0 0 0.4 3 0 9 0 3 3 3.6 0 2.8000000000000003 5.4 0 0 0 0 0 0 0.2 0.2 3.2 0 0 0 1.4000000000000001 0 0 0 0 0 0 0 0 0 0 0 0.8 1.8 0 1 0 0 0 0 0 4.6000000000000005 0 0 0 0 0 0 0 0 3.6 0.2 4.4 0 0 0 0 3.2 13.8 0 0 0 0 0 8.4 0 0 0 5 1.2000000000000002 2.8000000000000003 0 0 0 12.200000000000001 0 4 0 0 0 7.800000000000001 0.8 0 0 4.800000000000001 4 0 3.2 0 0 0 0 0 4.4 0 0 0 0 0 0 0 0 0 0 0 0 0 0 0 0 0 0 0 0 0 0 0 0 0 0 0 0 1.8 0.4 0.4 0.4 14.8 0 0 0 0 0 0 0 2.6 0 0 0 0 0 0 0 0 0 0 0 0 0 0 2.6 0 0 0 4.6000000000000005 0 0 0 0 
