 0 77.80000000000001 35.800000000000004 21 10.4 4.800000000000001 37.800000000000004 70.2 43.6 5.800000000000001 6.4 6.4 32.2 46.2 84 39.6 6.800000000000001 50.2 26.400000000000002 38.2 0.4 0 0 0 0 0 0 0.6000000000000001 0 0 0.2 0 0 0 0.4 0 0 0 15.600000000000001 0 0 0.6000000000000001 0 0 0 0.4 0 0.6000000000000001 0.4 0.4 0.6000000000000001 0 0 0 0 0.4 0.6000000000000001 0.8 0 0 0.4 0.6000000000000001 0.6000000000000001 0.6000000000000001 0 0 0 0 0.6000000000000001 0.6000000000000001 8.200000000000001 0.6000000000000001 0 0 1.6 0 0.2 0 0 0 13.200000000000001 2.8000000000000003 0 3.6 0 1.6 12.8 2.4000000000000004 5.800000000000001 9.600000000000001 7.2 0 0 5 0 4.2 0.4 14.600000000000001 2.6 1.8 0 0 0 0 0 0 0 0 0 0 0 0 0 0 0 0 0 0.4 0.2 0.2 0 0 0 0 0 0 0 0 0 0 0 0 0 0 0 0 0 0 0 0 0 0 0 0 0 0 0 0 0 0 0 0 0 0 0 0.6000000000000001 0 0 0 0 5.2 1.6 0 3.2 3.4000000000000004 0 2.6 7.800000000000001 1.8 1.6 1.8 0 2.6 4.4 9.200000000000001 3.4000000000000004 1.8 8 5.800000000000001 1.4000000000000001 0 0 0 0 0.2 0 0 4 0 0 0 0 0 0 0 0 0.2 0 0 0 0 0 0 0 0 0 0 0 0 0 0 0 0 0 0 0 0 0 0 0 0 0.2 0 0 0 0 3.4000000000000004 0 0.2 0 0 0 0 0 0 0 0 0 0 0 0 0 0 0 0 0.8 0 0 18.2 9.8 0 3.4000000000000004 0 0 0 0 0 0 0 0 0 0 0 0 0 0 0.2 0 0 0 0 0 0 0 0 2.8000000000000003 3.2 0 0 0 0 0 0 0 0 0 0 0 0 0 
 77.80000000000001 0 74.2 16.400000000000002 43.6 24.200000000000003 27 17.400000000000002 30 6 24 16 10.8 18.2 15.600000000000001 51.800000000000004 9 24.400000000000002 26.400000000000002 29.200000000000003 0 0.4 0.4 0 0 0.4 0 0.4 0 0 0 0 0 0 0.4 0 0.2 0 6.6000000000000005 0 0 0.6000000000000001 0 0 0 0.4 0 0.6000000000000001 0.4 0.4 0.6000000000000001 0 0 0 0 0.6000000000000001 0 0.4 0 0 0.4 0.4 0.6000000000000001 0.6000000000000001 0 0 0 0 0.6000000000000001 0 0 0 0 0 0.4 0 0 12.8 0 0 1.4000000000000001 0 0.6000000000000001 7.2 5 3.6 0.4 2.8000000000000003 4.2 2.2 4 0 3 0.2 2.6 4 0 4.4 3.2 0 3.8000000000000003 0 0 0 0 0 2.8000000000000003 0.2 0 0 0 0 0 0 0 1.4000000000000001 0 0 15.200000000000001 0 0 0 0 0 0 0.4 0 0 0 1.4000000000000001 0 0 0 0 0 0 0 0 0 0 2 0 1.4000000000000001 0.6000000000000001 0 0 0 0 0 0 0 0 0 0 0 0 0 0 0 0 2.8000000000000003 0 2.8000000000000003 0 2.2 0 0 2.2 6 1.6 5.2 0 4 2.6 0 0 2.2 2 0 0 0 0 0 0 0.2 0 0 0.2 0 0 0 0 0 0 0 0 0 0 6.2 2.8000000000000003 0 0.2 0 0 0 0 0 0 0 0 0 0 0.4 0 0 0 0 0 0 0 0 0 0 0 0 0 0 0 0 0 0 0 0 0 0 0 0 0 0 0 0 0 0 0 0 0 11 0 0.2 18.6 0 17.6 2.8000000000000003 0 0 0 0 0 0 0 0.2 0 0 0 0 0 0 0 0 0 0 0 0 0 0 0 0.2 2.8000000000000003 0 0 0 0 0 0 0 0 0 0 0 0 
 35.800000000000004 74.2 0 22 7.6000000000000005 5.6000000000000005 62.2 38.800000000000004 27.400000000000002 17 27 46.2 71.8 14.4 28.6 54.6 22 95.80000000000001 47.2 42.400000000000006 0 0 0 0 0 0 5.4 0.4 0 0.2 0 0 14.8 21.6 0.4 0 0 0.2 1 0 0 0.8 0 0 0 0.4 0 0.6000000000000001 0.4 0.4 0.6000000000000001 0 0.8 0 0 0.4 0 0.6000000000000001 0 0 0.4 0.6000000000000001 0.6000000000000001 0.6000000000000001 0 0 0 0.2 0.6000000000000001 0.6000000000000001 0.6000000000000001 0 0 0 0.4 0 0 0 0 0 4.6000000000000005 0.6000000000000001 3.4000000000000004 0 0 0 6.2 3.2 0 5.6000000000000005 6.6000000000000005 4 4.800000000000001 4.6000000000000005 0.2 4.6000000000000005 3.2 0.2 4.800000000000001 0.8 5.4 0 0 0 0 0.2 0 0 0 0 0 0 0 0 0.2 0 0 0 1 2.4000000000000004 0 0 0 0 0 0 0 0 0 0 0 0 0 0 0 0 0 0 4 0 0 0 0 0 0 0 0 1.4000000000000001 0.2 0 0 0 0 0 0 2.2 7.800000000000001 0 0 0 10.200000000000001 2.8000000000000003 4.2 0 4 0 2.8000000000000003 7.800000000000001 0 1.6 0.2 0 11.200000000000001 0 6 13.4 2.2 10.600000000000001 0 3.8000000000000003 0 0 2.8000000000000003 0 0 0 0 0 0 0 0 0 2.8000000000000003 0 0 0 0 0.2 3.8000000000000003 0 0 0 3.6 0 0 0 0 0 0 0 0 0 0 0 0 0 0 0 0 0 0 0 0 0 0 0.2 2 0 0 0 0 0 0 0 0 0 0 0 0 0 0 0.4 0 0 0 0 22 0 1 0 4 1.6 0.2 0.4 0 0 0 0 0 0 0.2 0 0 0 0 0 0 0 0 0 0 0 0 0 0 0 2 0 0 0 0 0 0 0 0 0 0 0 0 0 
 21 16.400000000000002 22 0 13.600000000000001 11.200000000000001 23 34 80.80000000000001 27.6 29.400000000000002 8.6 12.600000000000001 34.800000000000004 8.6 11.4 38.400000000000006 20.200000000000003 15.600000000000001 34.6 0.2 0 0 0 0 0 0 0.4 0 0.2 0 0 0.2 0.4 0.4 0 0 0 1.6 0 0 0.6000000000000001 0 0 0 0.4 0 0.2 0.4 0.4 0.6000000000000001 0 0.2 0 0 0.4 0 0.6000000000000001 0 0 0.4 0.6000000000000001 0.6000000000000001 0.6000000000000001 0 0 0 0 0.6000000000000001 0.2 0.4 0 4 1.2000000000000002 0.4 0 0 0 0 0 2.8000000000000003 10 7.6000000000000005 13 3.2 10.4 0 0 4.2 5.2 3.8000000000000003 3.2 0 0 0 6.6000000000000005 2.8000000000000003 2.4000000000000004 0 1.2000000000000002 7.800000000000001 0.4 4.4 0 0 0 0 5 0 0 0 0 8.8 1.8 0 0 0 0 9 0 0 0 3.4000000000000004 0 0 0 0 0 0 0 0 0 0 0 0 0 0 0 0 0 0 0 0 0 0 0 0 0 0 0 0 0 0 0 0 1.2000000000000002 0 0 0 0 0 9 3.4000000000000004 12.600000000000001 2.8000000000000003 5.4 3 6.6000000000000005 0 3.4000000000000004 3.2 0.2 0 1 5.800000000000001 1.2000000000000002 9.4 4.4 0 0 0 2 0 0 0 0 2.2 0 0 0 0 0 6.2 0 0 0 0 0 0 0 0.4 0 0 0 0 0 0 0 0 0 0 0 0 0 0 0 0 0 0 0 0 2.8000000000000003 0 0 0 0 0 0 0 0 0 0 0 0 0 0 0 0 0 0 0 3.8000000000000003 0 0 0 0.4 17.400000000000002 0 0.2 18 0 1.8 0 0 0 0 0 0 0 0 6 0 1 0 0 0 0 0 0 0 0 0 0 0 0 7 0 0 0 0 0 0 0 0 0 0 0 0 0 0 
 10.4 43.6 7.6000000000000005 13.600000000000001 0 64.2 11.200000000000001 78.4 17.8 27.6 46.800000000000004 28.400000000000002 11.200000000000001 17.400000000000002 31 15.4 30.200000000000003 18.6 15 31.400000000000002 3.4000000000000004 0 0 0.4 15.200000000000001 0 0 17.400000000000002 15.4 0 0 0 15.200000000000001 0 31.6 0 0 0 15.4 15.200000000000001 0 0.6000000000000001 0.4 0 0 0.4 0 0.4 0.4 0.4 0.6000000000000001 0 12.600000000000001 0 0 0.6000000000000001 0 0.6000000000000001 1.4000000000000001 0 0.4 0.4 0.8 0.6000000000000001 0.6000000000000001 0 8.200000000000001 0 0.6000000000000001 0 0 0 0 0 0.4 0 0.2 0 0 0 0 0 0 0 0.4 1.8 0 0 10.200000000000001 8.4 0 2 0 0 0 0 4 1.2000000000000002 0 0 2.4000000000000004 0 0.4 0 0 0 0 3.6 0 0 0.2 0 0 0 1.4000000000000001 0 0 0 0 1.6 0 0 0 0.4 0 0 0 0 0 5 0 0 0 0 0 0 0 0 0 0 0.8 0 0 6.6000000000000005 0 0 0 0 0 0 0 0 0 0 0 0.2 0 0 0 0 1.2000000000000002 0 1.8 0 11 0 1.4000000000000001 0 0 2.8000000000000003 0 2 0 0 0 0 0 0.6000000000000001 0 0 4 0 0 0 0 0 0 0 6.4 0 0 3 0 2.6 2.6 1.2000000000000002 3.6 0 0 1.8 0.4 0 0 0 0 0 0 0 0 0 0 0 0 0.2 0 1.8 0 0 0 0 0 0 0 0 0 0 0 0 2.6 0.4 0 0 0 0 0 1.6 0 0 0 0 0 0 0 0 0 0.4 17.6 0.4 0 10 0 1.2000000000000002 0 0 0 0 0 0 0 0 0 0 0 0 0 0 0 0 0 0 0 0 0 0 0 0 0 3.4000000000000004 0 0 0 0 0 0 0 2.2 0 0 0 0 
 4.800000000000001 24.200000000000003 5.6000000000000005 11.200000000000001 64.2 0 91.4 21.400000000000002 15.4 28.200000000000003 14 80.4 6 31 5.4 12.200000000000001 28.8 27.200000000000003 9.8 12 15 33.800000000000004 15 30.400000000000002 0 0.4 15 39.2 14.8 0 0.4 0.4 7.2 0.6000000000000001 31 16 19.8 5 0.6000000000000001 1.2000000000000002 0 1.2000000000000002 0.8 0 0 0.4 0 1 0.4 0.4 0.6000000000000001 0.4 0.2 0 0 0.4 0 0.6000000000000001 0.2 0 0.4 1 0.8 1.2000000000000002 0 0.6000000000000001 0.4 0 0.6000000000000001 0.2 0.8 0 0.6000000000000001 0.4 0.4 0 0 0 0 0 0 3.6 3 0 5.2 0.2 0 0 0 0 0 1.8 0 0 0 0 0 0 0 0 0 3.6 4 0 0 0 12 6 2.2 0 0 4.4 0.2 0.6000000000000001 5 1.4000000000000001 2 2 0 0.2 0 0 0 0 3.2 0 0 0 0 0 0 0 0 0 0.4 0 0 0 0 0 0 0 0 0.2 0 0 0 0.2 0 0.4 0 0 0 0 0 0 0.4 0 0 0 0 3.8000000000000003 0 0.2 0 0.2 0 0 4.2 0 2.2 2.2 0 0 0.4 0 3.4000000000000004 0 0 0 4.6000000000000005 3 0.4 0.2 0.4 0.2 4.4 3.8000000000000003 0 0.2 0.4 3.2 3.6 3 2.8000000000000003 0 0 0 10.8 3 0 0 0 0 0 0 0 0 0 0 0 0 0 0 0 0 0 0.4 0 0.2 0 0 0 0 0 0 0 0 0 0 0 0 0 0 0.4 0 0 0 0 0 0 0 0 0 0 0 0.2 0.2 0 17.400000000000002 0.2 4.4 2 0 0.2 0 0 0.2 0 0 0 1.2000000000000002 0 0 0 0 0 0 0 0 0 0 0 0 0 1.4000000000000001 0 0 0 2.8000000000000003 0 0 0 0 0 4.4 0 0 0 0 
 37.800000000000004 27 62.2 23 11.200000000000001 91.4 0 45.2 68 14.200000000000001 6.6000000000000005 11 16.8 12.4 41.800000000000004 6.2 10 69.60000000000001 53.6 27.8 0 0 0 0 0 0.2 0 0.4 0 0 0 0.8 0.4 0 0.4 0 0 1 0.8 0 0 0.6000000000000001 0 0 0 0.4 0 0.6000000000000001 0.4 0.4 0.6000000000000001 0 0 0 0 0.4 0 0.6000000000000001 0 1 0.4 0.6000000000000001 0.6000000000000001 0.6000000000000001 0 0 0.2 0 0.6000000000000001 0.4 0.6000000000000001 0 0 12.200000000000001 0.4 0 0 0 0 0 5.2 0 1.6 0 0 0 4.4 7.4 2 2 10.600000000000001 0 4.6000000000000005 0 5.2 0 2.2 3.4000000000000004 8 3 0.4 0.4 0 0 0 0 0 0 0 0 0.2 0 0 0 0 0 0 0 0 3.6 0 0 0 0 0 0 0 0 0 0 0 0 0 0.4 4.6000000000000005 0 0 0 0 0 0 0 0 0 0 0 0 0 0 0 0 0 0.4 0 0 1.6 0 0 0 0 2.2 0 0 0 0 0 2.2 3.6 0 1.6 0.2 0.4 3.4000000000000004 0.4 6.6000000000000005 1.4000000000000001 11.4 3 0.4 4.6000000000000005 0 0 0 2 0 0 0 0 0 0 0 0 0 0 0 0 0 0 0 0.4 0 0 0 0 0 0 0 0 0 0 0 0 0 0 0 0 0 0.8 0 0 0 0.2 0 0 0 0 0 0 0.4 0 0 0 0 0 0 0 0 0 0 0 0 0 0 0 0 0 0.4 0 0 0.6000000000000001 2.8000000000000003 1.8 0.4 0 0 0 0 0 0 0 0 0 0 0 0 0 0 0.4 0 0 0 0 0 0 0 0 2.6 0 0 0 0 0 0 0 0 0 0 0 0 0 
 70.2 17.400000000000002 38.800000000000004 34 78.4 21.400000000000002 45.2 0 16 12.4 7.6000000000000005 4.6000000000000005 74.4 19.6 24 61.400000000000006 7.4 7 84.4 13.8 0 0 0 0 0 0.4 0 1 0 0.6000000000000001 1.6 0 0.2 0 1 0 0 0 5.4 1 0 0.6000000000000001 0.6000000000000001 0 0 0.6000000000000001 0 0.6000000000000001 0.4 0.4 1.2000000000000002 0 12.4 0 0 0.4 0 0.6000000000000001 0 0 0.6000000000000001 0.6000000000000001 0.6000000000000001 0.6000000000000001 0 0 0 0 0.6000000000000001 0.2 0.4 0.4 10.8 0 1 0 0 0 0 0 5.2 0 0.4 3 0 1.6 12 10.200000000000001 11.600000000000001 4.2 9.8 0 0 0 0 6.4 0 3 2.6 2 17.2 0 0.2 0 0 0 0 0.4 0 0 0 0.4 1 0 0 0 0 0 4.4 0 2.6 0 0 0 0.2 0 0 0 0 0 0 0 0 0 0 0 0 0 0 0 0 0 0 0 0 0 0 0 0 0.4 0 0 0 0 0 1.2000000000000002 0.4 0 0 0 6.2 5 4.6000000000000005 0.2 2.8000000000000003 0 2 11 0 3.6 3.6 0 3.4000000000000004 4.4 4.6000000000000005 6.800000000000001 7.4 16.8 2 0.2 0 0 0 0 0 0 0 0 0 0.2 0 0 3 0 0 0 0 0 0 0 0 0 0 0 0 0 0 0 0 0 0 0 0 0 0 0 0 0 0 0 0 0 0 0 0 0 0 0 0 0 0 0 0 0.4 0.4 0 0 0 0 0 0 5 0 0 0 0.2 18 0 0 18.6 0.2 0.8 0 0 15 0 0 0 0 0 0 0 3.2 0 0 0 0 0 0 0 0 0 0 0 0 0.2 0 0 0 0 0 0 0 0 0 0 0 0 0 0 
 43.6 30 27.400000000000002 80.80000000000001 17.8 15.4 68 16 0 31.400000000000002 20 36.4 31.200000000000003 55.400000000000006 36.2 28.8 47.400000000000006 84.80000000000001 54.800000000000004 49.2 0.4 0 0 0 0 0.6000000000000001 5.2 0.4 0 0 0 0 14.8 20 0.4 0.6000000000000001 0 0.4 0.6000000000000001 0.8 0.4 1.2000000000000002 0.6000000000000001 0 0.6000000000000001 0.4 0 1 1 0.4 0.6000000000000001 0 0.8 0 0 0.4 0 1 0 0 0.8 1.2000000000000002 1 0.6000000000000001 0 0.2 0 0 0.8 0.6000000000000001 0.6000000000000001 0 0 0 0.8 0 0 0 0 7.6000000000000005 0 2.8000000000000003 6.6000000000000005 3.4000000000000004 12.600000000000001 2.2 2.4000000000000004 1.2000000000000002 2.6 0 2 2 0 0.8 0 1.6 5.4 4.2 0.4 8 11 0 0 0 0 0.4 2.4000000000000004 0 0 0 0 0 5.4 0 0.4 0 0 0 3.2 4.4 0 0 0 0 0 0 0 0 0 0 0 0 0 0 0 0 0 0 0 0 0 0 0 0 0 0 0 0 0.4 0 0 0 0 0 0 0.6000000000000001 0 0 0 0 0 9.200000000000001 0 11 1.6 0 6.4 0 4.800000000000001 1.8 6.2 0 4.2 2.2 4.800000000000001 3.4000000000000004 11.4 3.6 2.8000000000000003 0 0 0 2.6 0 0 0 0.2 0 0 0 3 0 2.8000000000000003 0 0 3.4000000000000004 0 0.4 7.6000000000000005 0 0 0 0 1.4000000000000001 0 0 0 0 3 0 0 0 0 0 0 0 0 0 0 0 0 0 0 0 0 0 0 0 0 0 0 0 0 0 0 0 0 0 0 0 0 0.2 0 0 0 0.8 20.200000000000003 0 1.6 22.400000000000002 0 0 4.4 0 0 0 0 0 0 0 0 0 0 0 0 0 0.2 0 0 0 0 0 0 0 0 6.6000000000000005 10.600000000000001 0 0 0 0 0 0 0 0 0 0 0 0 0 
 5.800000000000001 6 17 27.6 27.6 28.200000000000003 14.200000000000001 12.4 31.400000000000002 0 63.2 34.2 15.600000000000001 39.800000000000004 14 13 58.400000000000006 32.2 15.200000000000001 60.800000000000004 20.8 0.4 0 0 15 0 1.4000000000000001 0.4 0 15.4 0.4 0.6000000000000001 4.4 0 0.8 0 0 0.6000000000000001 0.6000000000000001 1.8 0 1.2000000000000002 0 0.6000000000000001 0 1 0 1.2000000000000002 0.8 0.4 0.6000000000000001 0 0.6000000000000001 0 0 0.6000000000000001 0 0.6000000000000001 0.6000000000000001 0 0.6000000000000001 0.4 0.8 0.6000000000000001 0 0.4 0 0.6000000000000001 1.2000000000000002 0 0.2 0 1.4000000000000001 1 0.4 0 0 0 0 0 0 8.200000000000001 3.8000000000000003 8.200000000000001 6.800000000000001 1.8 0 0 0.6000000000000001 3.4000000000000004 1 1 0 2 2.2 3 4 1.8 0 0 4.6000000000000005 0 3 0 0 0 1.6 5.800000000000001 0 0 0 0 4.800000000000001 2 0 0 0 0 12 0 0 0 0 0 0 0 0 0 0 0 0 0 0 0.4 0 0 0 0 0 0 0 0 0 4.4 0 0 0 0 0 0 0 0 0 0 0 0 0 0 0 0 0 2 0 7.800000000000001 0 8.4 5.800000000000001 0.4 4 4.6000000000000005 0 7.4 2.4000000000000004 0.4 5.6000000000000005 4 4.6000000000000005 0 0.4 0 2 0 0 0 2.2 0 0 0 1.6 0 0 0 2.8000000000000003 0 0 2.2 2.8000000000000003 0 0 0.4 0 0 1.2000000000000002 0 0 0 0 0 0 0 0 1.4000000000000001 0 0 0 0 0 0 0 0 0 0 0 0 0 0 0 0 0.4 0 0 0 0 0 0 0 0 0 0 0 0 0 0 0 0 0 0.2 0 0 18.400000000000002 0 2.6 0.6000000000000001 0 0.2 0 0 0 0 0 0 0 0 0 0 0 0 0 0 0 0 0 0 0 0 4.800000000000001 0 0 0 0 0 0 0 0 0 0 0 0 0 0 
 6.4 24 27 29.400000000000002 46.800000000000004 14 6.6000000000000005 7.6000000000000005 20 63.2 0 50.2 46.400000000000006 10 26 34.2 38.6 16 70.60000000000001 18.6 22.6 0.2 0.4 0 0 0.4 0 0.6000000000000001 0.2 0 0 0 16.6 0 16.6 0 0.2 0 0.8 15 0 0.6000000000000001 0 0 0 0.4 0 0.6000000000000001 0.4 0.4 0.6000000000000001 0 13 0 0 0.4 0 0.6000000000000001 0 0 0.4 0.6000000000000001 8.4 0.6000000000000001 0 0 0 0 0.6000000000000001 0.4 0.6000000000000001 0 0 0 0.4 0 0 0 0 0 0 0 0 2 4.2 0 0.2 0 0 6.4 2 2.8000000000000003 0 3 3.8000000000000003 3 12 0 0 0 1.6 0 3.8000000000000003 0 0 0 1.8 3 0 0 0 0 0 1.2000000000000002 0 0 0 0 4 2.6 0 0 0 0 0 0.2 0 0 0 1.4000000000000001 0 0 0 0 0 0 0 0 0 0 0.6000000000000001 0 4.6000000000000005 3.2 0 0 0 0 0 0 0 0 0 0.4 0 0 0 0 0 0 0.2 0 1.4000000000000001 11.4 4.4 1.8 4 0.2 3.8000000000000003 0.4 0 5.800000000000001 2.4000000000000004 0.2 2.2 4.2 0 0.2 0 0 3 0 0.2 0 0 0 0 0.4 5.4 6.800000000000001 0.2 0 0 1.4000000000000001 0 2.8000000000000003 3.6 0 0 0 0 0.2 0 0 0 0 0 2 0 0 0 0 0.2 0 0 0 0 2.2 0 0 0 0 0 0.4 0 0 2.2 0 0 0 0 0 0 0 0 0 0 0 0 0 0 0 0 0 0 0.2 0.2 0 0 1 0 5.6000000000000005 0 0 0 0 0 0 0 0 0.2 0 0 0 0 0 0 0 0 0 0 0 0 0 0 0 0 2.8000000000000003 0 0 0 0 0 0 0 2 0 0 0 0 
 6.4 16 46.2 8.6 28.400000000000002 80.4 11 4.6000000000000005 36.4 34.2 50.2 0 8.200000000000001 16.400000000000002 24.200000000000003 5.6000000000000005 13.4 33.4 38.800000000000004 26.200000000000003 14.8 0 0.2 0 0 0 0 0.4 0 0 0 0 8.8 0 0.4 0 0 0.4 0.6000000000000001 0.6000000000000001 0 0.6000000000000001 0 0 0 0.4 0 0 0.4 0.4 0.6000000000000001 0 0 0 0 0.4 12.600000000000001 0.6000000000000001 0 0 0.4 0.6000000000000001 0.6000000000000001 0.6000000000000001 0 0 0 0 0.6000000000000001 0.2 0.4 0 0 0 0.4 0 0 0 0 0 0 0.4 0.6000000000000001 0 10.4 0 3.8000000000000003 2 2.8000000000000003 2.6 4.4 0 0 1 0 2.2 1 1.8 0 0.6000000000000001 0 0 0 0 0 0 3.2 0 0 0 0 0 2.6 0 0 0 0 0 4.4 3.6 0 0 0 0 0 0 0 0 0 0 0 0 0 0 0 0 0 0 0 0 0 0 0 0.2 0 0 0 0 0 0 0 0 0 0 0 0.2 0 0 0 0 0 0.2 0.2 0 0 4.2 0 0 5.800000000000001 0 0.2 2.6 2.6 0 0 0 1 2.4000000000000004 0 0 2.6 0 0 0 0 0 0 0 0.6000000000000001 0 0 0 2.8000000000000003 3 0 2.2 2.4000000000000004 0 6.800000000000001 0 0 0 0 0 0 0 0 0 0 3.2 0 0 0 0.2 0 0 0 0 0 0 0 0 0 0 0 0 2.2 0 0 0 0 0 0 0 0 0 0 0 0 0 0 0 0 0 0 1 1.2000000000000002 0 0.4 0.8 0.4 1.2000000000000002 4 0 0 0 0 0 0 0 0 0 0 0 0 0 0 0 0 0 0 0 0 0 0 0 2.6 0 0 0 0 0 0 0 0 0 0 0 0 0 
 32.2 10.8 71.8 12.600000000000001 11.200000000000001 6 16.8 74.4 31.200000000000003 15.600000000000001 46.400000000000006 8.200000000000001 0 23 6.6000000000000005 34.6 27 28 64 53.800000000000004 0 0 0.2 0 0 0 0 0.4 0 0 0 0 0 0 0.4 0 0 0 0.6000000000000001 0 0 0.6000000000000001 0 0 0 0.4 0 0.6000000000000001 0.4 0.4 0.6000000000000001 0 0 0 0 0.4 0 0.6000000000000001 0 0 0.4 0.6000000000000001 0.6000000000000001 0.6000000000000001 0 0 0 0 0.6000000000000001 0.2 0.4 0 7 0 0.4 0 0 0 0 0 4.800000000000001 5.4 2 2.2 3.4000000000000004 0 6.4 0.2 0 2.4000000000000004 10 4.800000000000001 1.6 5.800000000000001 4.4 12.200000000000001 7.2 0.4 3 1.8 0 0.2 0 0 0 0 0 0 0 0 0 0 0.2 0 0 0 0 0 0.6000000000000001 0 0 0 0 0 0 0 0 0 0 0 0 0 0 0 0 0 0 0.2 3.2 0 0 0 0 0 0 0 0 0.8 0 2.4000000000000004 0 0.2 0.2 0 0 0 0 0.4 0 0 7 0 2.6 2.2 3.8000000000000003 2.2 3.2 3.4000000000000004 9.200000000000001 5.2 0 3.6 5.6000000000000005 0 5 8.200000000000001 4.4 6.4 2 2.4000000000000004 0 0 0 0 0 0 0 0 0 0 0 0 0 0 0 0 0 0 0 0 0 0 0 0 0 0 0.4 0 0 0 0 0 0 0 0.4 0 0 0 0 0 0 0 0 0 0 0 2 0 0 0 0 0 0 0 0 0 0 0 0 0 0 3 0 0 0 0 0.2 0 0 0.2 2 3 0 0 0 0 0 0 0 0 0 0 0 0 0 0 0 0 0 0 0 0 0 0 0 0 0 0 0 0 0 0 0 0 0 0 0 0 0 0.4 
 46.2 18.2 14.4 34.800000000000004 17.400000000000002 31 12.4 19.6 55.400000000000006 39.800000000000004 10 16.400000000000002 23 0 37 44.800000000000004 10.8 26.6 23.200000000000003 35.800000000000004 0 0 0.2 0 0 0 0.6000000000000001 0.4 0 0 0 0 0 0 0.4 0 0 0 1 0 0 1 0 0 0 0.4 0.8 1 0.4 0.4 0.6000000000000001 0.6000000000000001 0 1 0 0.4 0 1.2000000000000002 0.4 0.6000000000000001 0.8 0.6000000000000001 0.6000000000000001 0.6000000000000001 0 0 0 0 0.6000000000000001 0.2 1 0 0 0 1 0 0.4 0.4 0.4 0 2.8000000000000003 3.2 2 0.4 2.6 0 0 0.2 0 0 3.4000000000000004 0 0 1.6 2.4000000000000004 0.2 0.2 7.2 0 2.2 0 0 0 0 0 0 2.8000000000000003 0 0 0 0 0 2 0 0 0 0 0 3 0 0 0 0 0 0 0 0 0 0 0 0 0 0 0 0 0 0 0 0 0 0 0 0 0 0 0 0 0 0 0 0 0 3.4000000000000004 0 0.2 0.6000000000000001 0 0 0 0 2.8000000000000003 2 0 3.8000000000000003 0.2 0 2.2 2.2 2.2 0 5.6000000000000005 0 3.8000000000000003 7 7.2 2.2 2.2 0 2.8000000000000003 2.2 0 0 0.2 0 3 0.2 0 0 0 0 0 0 0 0 0 0 0 0 3.4000000000000004 0 0 0 0 0 2.8000000000000003 0 0 0 0 0 0 0 0 0 0 0.2 0 0 0 0 0 0 0 0 0.4 0 0 0 0 0 0 0 0 0 0 0 0 0 0 0 0 0 0 0 0 0 0 0 0.4 0.2 0 0.6000000000000001 3.4000000000000004 0 0 0 0 0 0.2 0 0 0 0 0 0 0 0 0 0 0 0.2 0 0 0 0 3.8000000000000003 0.2 0 0 0 0 0 0 0 0 0 0 0 0 0 
 84 15.600000000000001 28.6 8.6 31 5.4 41.800000000000004 24 36.2 14 26 24.200000000000003 6.6000000000000005 37 0 52.400000000000006 7.2 23.6 39.6 45.800000000000004 0 0 0 0.2 0 0 0 0.8 0 0.4 0.6000000000000001 0 0 0.6000000000000001 0.8 0.6000000000000001 0.6000000000000001 0.6000000000000001 3.2 0 0 1 0.6000000000000001 0 0 1 0 0.6000000000000001 0.4 1 1.2000000000000002 0 0 0 0 0.8 0.2 0.8 0.6000000000000001 0.2 0.4 0.6000000000000001 1 0.6000000000000001 0 0.8 0.2 1.2000000000000002 0.8 0.2 0.4 0 0.2 0.4 0.4 0 0 0 0.4 0.6000000000000001 4.4 0 1.8 0 0 0.2 13 8.4 7.800000000000001 2.2 11 0 1.6 6 3 0 2.4000000000000004 7.6000000000000005 0.6000000000000001 5.6000000000000005 0 0 0 0 0 0 0 0 0 0 0 0 0 0 0 0 0 0 0 3.8000000000000003 0 0 3.6 0 0 0 0 0.4 0 0 0 0 0 0 0.2 0 0.4 0 0 0 0 0 0 0 0 0 0 0 0 0 0 0 0 0 0 0.2 0 0 0 0 9.200000000000001 0 0.2 1.2000000000000002 0.4 0 0 9.8 0 2.6 5.800000000000001 0 6 6 6.800000000000001 3.2 0 7.4 5.6000000000000005 1.2000000000000002 0 0 0 0 2.2 0 0 0 0 0 0 0 0 0 0 0 0 0 0 0 0 0 0.2 0 0.4 0 0 0.4 0 0 0 0.2 0 0 0 0 0 0 0 0 0 0 0 0 0 0 0.2 0 0 0 0 0 0 0 0 0 0 0 0 0 0 0 0 0 0 0 0 0 0.4 22 0 2 0 0 0 0 0 0 0 0 0 0 0 0 0.4 0 0 0 0 0 0 0 0.4 0 0 0 0.2 0 0 0 0 0 0 0 0 0 0 0 0 0 
 39.6 51.800000000000004 54.6 11.4 15.4 12.200000000000001 6.2 61.400000000000006 28.8 13 34.2 5.6000000000000005 34.6 44.800000000000004 52.400000000000006 0 46.400000000000006 26.6 46.400000000000006 53.800000000000004 0 0 0.2 0 0 0 4.800000000000001 0.4 0 0 0 0 15.4 14.600000000000001 0.8 0.4 0 0 15.4 0.4 5.800000000000001 0.6000000000000001 0 0 0 0.4 0 0.6000000000000001 0.4 0.4 0.6000000000000001 0 4.2 0 0 11.600000000000001 0 0.6000000000000001 0 0 0.4 0.6000000000000001 0.6000000000000001 0.6000000000000001 0 0 0 0 0.6000000000000001 0.6000000000000001 0.6000000000000001 0 0 0.6000000000000001 0.4 0 0 0 0 0 6.2 3.8000000000000003 0 1.8 0 1.6 5.6000000000000005 0 2.2 7 7.4 3.4000000000000004 3.4000000000000004 11.8 0 2.8000000000000003 2.8000000000000003 5.2 0 2.4000000000000004 3.6 0 0.2 0 0 0 0 0 0 0 0 2.6 0 0.2 0 0 0 0 0 2 0 0 0 0 0 0 0 0 0 0 0 0 0 0 0.4 0 0 0 0 0 0 0 0 0 0 0 0 0 0 0.4 0 0 0 0 0 1 0.4 0 0 0 5.4 3 7.800000000000001 4 2.8000000000000003 0 6 8.4 0 2 0.2 0 4.2 7.6000000000000005 7 3.4000000000000004 1 6.6000000000000005 0 1.8 0 0 1.8 0 2.6 0 0 0 0 0 0 0 2.8000000000000003 0 0 0 0 0 3.8000000000000003 0 0 0 0 0 0 0 0.2 0 0 0 0 0 0 0 0 0 0 0.4 0 0.2 0.2 0 0 0 0 0 1.4000000000000001 0 0 0 0 0 0 0 0.4 0 0 0 0 0 0 0 0 0 0 0 17.2 0.4 0 9 2.8000000000000003 2.4000000000000004 0 0 0 0 0 0 0 0 11.4 0 0 0 0 0 0 0 0 0 0 0 0 0 0 4.2 0 0 0 0 0 0 0 0 0 0 0 0 0 0 
 6.800000000000001 9 22 38.400000000000006 30.200000000000003 28.8 10 7.4 47.400000000000006 58.400000000000006 38.6 13.4 27 10.8 7.2 46.400000000000006 0 45.400000000000006 30.6 18.6 15.4 0 0.2 0 0 0 0 0.4 0 0.2 0 0 0 14.4 0.4 0 0.2 0.8 0.6000000000000001 0 0 0.6000000000000001 0 0 0 0.4 0 0.6000000000000001 0.4 0.4 0.6000000000000001 0 0 0 0 0.6000000000000001 0 0.6000000000000001 0 8.200000000000001 0.4 0.4 0.6000000000000001 0.6000000000000001 0 0 0 0 0.6000000000000001 0 0 0 0.8 1 0.4 0 0 0 0 0 2.2 6.800000000000001 2.6 7.6000000000000005 3.2 0 2.2 0 0.2 7.4 5.6000000000000005 6.4 1.8 2.2 2.4000000000000004 0.2 6.4 0.4 2.8000000000000003 1.8 0 0.2 5.2 0 0 0.2 4.6000000000000005 3 0 0 0 0 3.4000000000000004 1.2000000000000002 0.2 0 0 0 2.2 4 0 0 0 0 0 0 0 0 4.6000000000000005 2 0 0 0 3.6 0 0 0 0 0 0 1.2000000000000002 0 0 0 0 0 0 0 0.2 0 0 0 0 0.8 0 0 0 0 0 0 3.2 4 3.8000000000000003 7.2 2.2 5.800000000000001 13.8 0 4.4 0.2 0.2 4 12 0 3 6.2 4.6000000000000005 2.8000000000000003 0 3.2 0 0 0.2 0 0 0 0 0 2 0 0 0 0 2.4000000000000004 0 0 0 0.2 10.4 0 0 0 0 0 0 0 0 0 0 0 0 0.8 0 0 0 0 0 0 0 0 0 0 0 0 0 0.2 0 0 0 0 0 0 0 0 0 0 0 0 0 0 0 0.4 0 0 0 0 0.4 0 7.6000000000000005 1.2000000000000002 2 1.4000000000000001 3 0.4 0 0 0 0 0 0 0 0.2 0 0 0 0 0 0 0 0 0 0 0 0 0 1.8 0 2.8000000000000003 0 0 0 0 0 0 0 0 0 0 0 0 
 50.2 24.400000000000002 95.80000000000001 20.200000000000003 18.6 27.200000000000003 69.60000000000001 7 84.80000000000001 32.2 16 33.4 28 26.6 23.6 26.6 45.400000000000006 0 15.4 13.200000000000001 0 0 0 0 0 0.4 7 0.4 0 14.8 0 0 14.8 55.800000000000004 1.2000000000000002 0 0 0 0.6000000000000001 0 0 0.8 0 0 0 0.4 0 0.2 0.6000000000000001 0.4 0.8 0 0.4 0 0 0.4 0 0.8 0 0 0.4 0.6000000000000001 0.6000000000000001 0.6000000000000001 0 0.4 0 0 0.6000000000000001 0.4 0.6000000000000001 0.2 0.6000000000000001 5.4 0.4 0 0 0 0 0 4.2 3.4000000000000004 3.2 2 1.8 1.4000000000000001 5 1 1.8 0.2 8.4 6 4.6000000000000005 4.6000000000000005 0 5 2.6 5.6000000000000005 6 9.8 3.2 0 0 0 0 0 0.2 0 0 0 0 0 4.4 0 0 0 0 0 0 5.4 0 0 0 0 0 0 0 0 0 0 0 0 0 0 0 0 0 0 0 0 0 0.6000000000000001 0 0 0 0 0 0 0 0 0 0 0 0 0 0 0 0 0 0 2.2 4 5 1.6 0 2.2 0 1.8 4 0 0 0 2.8000000000000003 7 0 0.2 3.4000000000000004 4.6000000000000005 0 2.2 0 0 4 0 0 0 0 0 0 0 0 0 2.6 0 0 0 0 0 3.6 0 0 0 0 0 0 0 5.2 0 0 0 0 0 0 0 0 0 0 0 0 0 0 0 0 0 0 0 0 0 0 0 0 0 0 0 0 0 0 0 0 0 0 0 0.2 0 0 0 17.8 0.2 0.4 17.400000000000002 3.8000000000000003 1 0.2 0 0 0 0 0 0 0 0 0 0 0 0 0 0 0 0 0 0 0 0 0 0 1.4000000000000001 4.4 0 0 0 0 0 0 0 0 0 0 0 0 0 
 26.400000000000002 26.400000000000002 47.2 15.600000000000001 15 9.8 53.6 84.4 54.800000000000004 15.200000000000001 70.60000000000001 38.800000000000004 64 23.200000000000003 39.6 46.400000000000006 30.6 15.4 0 51.6 0.4 0.4 0 0 0 0.4 0 1 0 0 0.8 0 0 0 0.8 11.8 0 0.4 1.6 0.8 0.4 1.8 1 0.4 0.6000000000000001 0.4 0 1.8 1 5.800000000000001 1.2000000000000002 0.6000000000000001 0 0 0 0.8 0 1 0 0 0.8 0.6000000000000001 0.6000000000000001 1.2000000000000002 0.6000000000000001 1.2000000000000002 0 0.4 0.6000000000000001 0.4 1.6 0 0 0.4 1 0 0 0 6.6000000000000005 0 6.6000000000000005 0.2 0.8 1.2000000000000002 0 0 14 3.4000000000000004 0 3.4000000000000004 6.2 0 0 3 2.2 3.4000000000000004 4.2 0 9 2 0 0 0.4 0 0 0 0 0 0 0 0 0.2 0 0 0 0 0 0 0 2.6 0 0 0 0 0.4 0 0 0 0 0 0 0 0 0 0 0 0 0 0 0 0 0 0 0 0 0 0 0 0 0.2 0 0 0 0 0 0 0 0 0 0 3 0 0 2 0.4 2.4000000000000004 0 5 1 0.4 0 7 8 0 1.6 5.800000000000001 0 7.4 6.4 1.8 0.4 0 0 0 0.2 0 0 0 0 0.4 0 0 0.2 0 0 0 0 0 2 0 0 0 0 0 0 0 0 0 0 0 0 0 0 0 0 0 0 0 0 0 0 0 0 0 0 0 0 0 8.200000000000001 0 0 0 0 0.2 0 0 2.2 0 0 0 0 0 0 0 0 0 0 0 0.4 0 0.4 2.2 0 0 0 0 0 0 0 0 0 0 0 0 0 0 0 0 0 0 0 0 0 0 0 0 2.2 0 0 0 0 0 0 0 0 0 0 0 0 0 
 38.2 29.200000000000003 42.400000000000006 34.6 31.400000000000002 12 27.8 13.8 49.2 60.800000000000004 18.6 26.200000000000003 53.800000000000004 35.800000000000004 45.800000000000004 53.800000000000004 18.6 13.200000000000001 51.6 0 0 1.2000000000000002 0 0 0.4 0 0 0.4 0.6000000000000001 0 0.6000000000000001 0 0 0.8 0.8 0 0.2 0 0.6000000000000001 0 0 0.6000000000000001 0 0 0 0.4 0 0.8 0.4 0.4 0.6000000000000001 0 0 0 0 0.6000000000000001 0 0.6000000000000001 0 0.4 0.4 0.4 0.6000000000000001 0.6000000000000001 0 0 0.4 0.6000000000000001 1 0.2 0.4 0 0.6000000000000001 0.6000000000000001 0.8 0 0.6000000000000001 0.2 0.6000000000000001 0 0.6000000000000001 2 0.2 4 4.2 0.4 1.8 0.8 8.4 1.6 7 0 0 4.800000000000001 0.4 4 8.200000000000001 5.6000000000000005 3.8000000000000003 4 0 0 0 0 0 0 0 0 0 0 0 0 2.6 0 0 0 0 0 2.8000000000000003 4 0 0 0 0 0 0.2 0 0 0 0 0 0 0 0 0 0 0 0 0 0 0 0 0 0 0 0 0 0 0 0 0 0 0 0 0 0.6000000000000001 0 0 0 0 0 2 1.2000000000000002 6.800000000000001 6 0.6000000000000001 5.4 2 6.800000000000001 5.2 3.4000000000000004 3.4000000000000004 4.6000000000000005 4.6000000000000005 3.8000000000000003 6.6000000000000005 2.2 0 0 0 0 0 0 0 0 1.8 0 0.4 0 0 0 0 0 0 0 0 0 0 0 0 0 0.2 0 0 0 0 0 0 0 0 0 0 0 0 0 0 0 0 0 0 0 0 0 0.4 0 0 1.6 0 0 0 0 0 0 0 0 0 0 0 0 0 0 0 0 0 0 0.2 0.2 0 17.6 0.2 0.4 3.2 0 0 0 0 0 0.4 0 0 0.2 0 0 0 0 0 0 0 0 0 0.4 0 0 0 10 3.8000000000000003 3.2 0 0 0 0 0 0 0 0 0 0 0 0 0 
 0.4 0 0 0.2 3.4000000000000004 15 0 0 0.4 20.8 22.6 14.8 0 0 0 0 15.4 0 0.4 0 0 13.600000000000001 12.600000000000001 26.8 35.800000000000004 5.800000000000001 32.6 12.4 8 23.200000000000003 5.800000000000001 5.6000000000000005 24.8 13 32 17.6 4 18.6 11.4 34.6 0 0 0.6000000000000001 0 0 0 0 0 0 0 4.6000000000000005 0.2 0.6000000000000001 0 0.6000000000000001 0.2 0 0 0 0.6000000000000001 0 0 11 0.2 0 5.4 0 0 0 0 0 0.6000000000000001 0.4 2 1 0 0 0 0 0 0 0 0 0.4 2.8000000000000003 1.2000000000000002 3 0.2 0 3.6 0 0 0 0 0 0 0 1.8 0 0 3 2.2 2.6 0.2 3 2.6 1.6 3.8000000000000003 9.4 4.2 0.2 3 0.2 5.800000000000001 0.2 5 4.800000000000001 4.6000000000000005 0 2 0 0 0 0 0 0 0 0 0 0 0 0 0 0 0 0 0 0.2 2 0 0 0 0 0 1 0 0 0 0.4 0 1.6 0 0 0 0 0 0.2 0.8 0 4.6000000000000005 0 0 0 0.6000000000000001 0 0 0 0 0 0 0 3.8000000000000003 0 0 1.6 0.4 0 0 0.8 0 6 0 4.800000000000001 0 0.2 1.2000000000000002 4.6000000000000005 0 4 0.2 0.2 0 0 3.4000000000000004 0.2 8.200000000000001 2.8000000000000003 5.800000000000001 0 0 0 0 0 0 0 0 0 0 0 0 0 2.2 0 0 2 0 0 0 0 0 0 0 0 0 2.8000000000000003 0 0 0 0 0 0 0 0 0 0 0 0 0 0 0 0 0 0 0 0 0 0 0 0 0 0 0 0 0 0.8 0.4 0 0.2 8.4 0.2 0 0 0 0 0 0 0 0 0 0 0 0 0 0 0 0 0 0 0 0 0 0 0 0 0 0 0 0 0 0 
 0 0.4 0 0 0 33.800000000000004 0 0 0 0.4 0.2 0 0 0 0 0 0 0 0.4 1.2000000000000002 13.600000000000001 0 59.6 37.800000000000004 6.2 23 36.6 33.4 35.800000000000004 52 27 11.200000000000001 41.400000000000006 24 14 40.6 21.400000000000002 49 52.2 67 0 0.4 0.6000000000000001 0 0 0.4 0 0 0 0.4 0.8 0.2 0.6000000000000001 0 0.6000000000000001 0 0 0 0.6000000000000001 0 0 0 0 0 0 0.4 0 0.4 0 0 0.4 0.6000000000000001 0 0.6000000000000001 0.6000000000000001 0 5.800000000000001 0 0 1.4000000000000001 0 0 0 0 3.6 0 0 0 0 0 0 4.2 0 0 0 0 0 0 0 0 0 2.6 3 3.6 2.4000000000000004 3.6 0 2 6 2.2 2.6 0 0 2.8000000000000003 0 0 0 2.6 0 0 3 0 0 0 0 0 3 0 0 0 0 0 1.4000000000000001 3.8000000000000003 0 0 0 0 0 1 2.2 0 0 0 0.2 0 0 0 0 0 0.2 0 0 0 0 0 0 1.8 0 0 0 0 0 0 3.8000000000000003 0 0 1 0 0 0 0 0 0 0 0 0 0 0 0 0 7.6000000000000005 3.2 7.4 0.2 0 2 0 6.4 4.2 8.6 3.4000000000000004 13.8 6.6000000000000005 2 3 7 0 0.8 1.6 2.6 0 0 0 3 0 0 0 2.2 0 0 0 0 0 0 0 0 0 0 3 0 0 0 0 0 0 0 0 0 0 0 0 0 0 0 0 0 0 0 0 0 0 2.2 0 0 0 0 0 0 0 0 0.2 0 0 1.2000000000000002 0.4 0.4 15.8 0.2 0.4 0.4 0 0 0 0 0 0 0 0 0 0 0 0 0 0 0 0 0 0 0 0 3.2 0 0 0 0 2.6 0 0 0 
 0 0.4 0 0 0 15 0 0 0 0 0.4 0.2 0.2 0.2 0 0.2 0.2 0 0 0 12.600000000000001 59.6 0 20.6 27.8 24.200000000000003 77.60000000000001 71.4 13.4 30.400000000000002 11.600000000000001 10.600000000000001 29.200000000000003 32.800000000000004 21.400000000000002 19.200000000000003 43.400000000000006 10 10.8 25.8 0 3.6 0.6000000000000001 0 0 0 1 0 0 0 0 0.2 0.6000000000000001 0.4 0.6000000000000001 0 0 0 0 0 0 0 0 0 0 0 0.4 0 0 0 0.2 0.8 0 0.6000000000000001 0.6000000000000001 0 0 0 0 0 0 0 0 0 0.2 0 0 0 0 0 0 1.4000000000000001 0 0.4 0 0 0 0 0 0 0 2 2.8000000000000003 0 0 5 0 0.2 0.2 0.2 6 0 3.4000000000000004 4.4 3 0 0 2.2 0.2 0 2.4000000000000004 0 0 2.8000000000000003 0 0.2 2.8000000000000003 0 0 0 0 0 0 4 0 0 0 0 3.4000000000000004 1.8 3.4000000000000004 0.4 0 0 0 0.4 0 0 0 0 0 0 0 0.2 0 0 0 0.2 0 0 0 0 0 0 0 0 0 0 0 0 0 0 0 0 0.2 8.4 0 0 0 0 4.6000000000000005 7 8.4 4 2.8000000000000003 3 9.200000000000001 3.8000000000000003 0.2 4 6.800000000000001 5.4 2.8000000000000003 0.2 2.6 1.4000000000000001 1.2000000000000002 4 1.6 2 3 0 0 0 0 0 0 0 0 0 0.2 0 0 0 0 0 0 0 0 2.2 0 0 0 0 0 0 0 0 0 0 0 0 0 0 0 0 0 0 0 0 0 0 4 0 0 0 0 0 0 0 0 0.2 0 0 1.4000000000000001 0 0.4 36.4 0.2 0.4 0 1.6 0 0 0 0 0 0 0 0 0 0 0 0 0 0 0 0 0 0 0 0 0 0 0 0 0 0 0 0 
 0 0 0 0 0.4 30.400000000000002 0 0 0 0 0 0 0 0 0.2 0 0 0 0 0 26.8 37.800000000000004 20.6 0 20.200000000000003 8.200000000000001 51.400000000000006 68.4 65.8 31.200000000000003 7.800000000000001 12.200000000000001 64.4 52.400000000000006 24 45.800000000000004 28.6 10.4 18.400000000000002 48.2 0 0.4 0.6000000000000001 0 0 0 20.6 0 0 0 1 0.2 0.6000000000000001 0 0.6000000000000001 0 0.2 0 0 0 0.6000000000000001 0 0 0 0 0 0 0 0 0 0 0.6000000000000001 0 0.6000000000000001 0.4 0 0 0 0 1.4000000000000001 0 0 0 0 0 0 0 0 0 0 0 0 0 0 0 0 0 0 0 0 0 6 2 3.2 0 3 2.6 3 8 6.800000000000001 3.8000000000000003 1.8 0 5.2 2.6 7 2.6 9 0 5.2 0 0 0 0 0 0 0 0.4 0 0 0 0 0 0 0.2 0 0 0 0 0 2 0 0 0 0.2 0 0 0 0 0 0 0 0 0 0 0 0 0.6000000000000001 0 0 0 0 0 0 0 0 0 0 0 0 0 5.800000000000001 0 0 0 0 0 0 0.4 0 0 6.4 0.6000000000000001 2.6 0.6000000000000001 0 2.8000000000000003 0.6000000000000001 5 0 5.6000000000000005 1.8 4.2 3 7.2 3 2.8000000000000003 2.8000000000000003 5 5.800000000000001 0 0 0 0 0 0.2 0 0.8 0 0 0 0 0.2 0 0 0 0 0 0 0 0 0 0 0 0 0 0 0 0 0 0 0 0 0 0 0.4 0 0 0 0 0 0 0 0 0 0 0 0 0 0 0 0 0 0 1 0 0.4 15.8 31.8 0.2 3.2 0 0 0 0 0 0 0 0 0 0 0 0 0 0 0 0 0 0 0 0 1.4000000000000001 0 0 0 0.2 4.2 0 0 0 
 0 0 0 0 15.200000000000001 0 0 0 0 15 0 0 0 0 0 0 0 0 0 0.4 35.800000000000004 6.2 27.8 20.200000000000003 0 30.8 27.200000000000003 29.8 11.200000000000001 14 62.800000000000004 26.6 12 29.400000000000002 44.400000000000006 29.8 6.2 27.8 25 28.400000000000002 0 25.8 26 0.2 0 0 18.400000000000002 0 12.200000000000001 0.4 1.8 0.8 40.2 13.600000000000001 5.6000000000000005 13.200000000000001 0.4 0 14.8 17.2 0.8 0.2 11.200000000000001 1 1.4000000000000001 2.2 0 0 1 0.6000000000000001 1.2000000000000002 0.6000000000000001 0 0.8 1.4000000000000001 0 0.2 0 0.4 0.4 0 0 0 0 0 3.6 0 0 0 0 0 0 0 0 0 0 0 0 0 0 0 3.2 0 4.2 2.4000000000000004 5.6000000000000005 0 3.4000000000000004 8.4 0.4 0 3.8000000000000003 0 1 3.8000000000000003 1.4000000000000001 5.6000000000000005 0 0.2 0 9.200000000000001 0 0 3.4000000000000004 0 0 0.4 4.800000000000001 3 5.6000000000000005 0 0 0 2 0.4 4.4 2.4000000000000004 0 2.8000000000000003 3.8000000000000003 0 0 0.2 0 1 0 0 0 0 0 0.2 0 0 3.4000000000000004 0 0 0 4.6000000000000005 0 0 0 0 0 0 0 0 2.4000000000000004 0 0 0 0.2 0 0 0 0 0 0 0 0 0 2.6 0 2.2 1.4000000000000001 3.8000000000000003 11.8 0 0 10 2.6 6.6000000000000005 0 0 0 1.8 2.2 4.2 3.8000000000000003 0 0 7.6000000000000005 0 0 2.2 0 0 5.800000000000001 4 3 4.4 4.2 0.4 8.4 5.2 2 4.6000000000000005 0 1.4000000000000001 4.800000000000001 2 0 0 0 0.2 0 0 0.4 0 0 0 0.2 0 0 0 0 1.8 0 0 0 0 0 0 0 0 0 0.4 0 0 0 0 0 0 0 0 1.8 0.6000000000000001 0.6000000000000001 15.200000000000001 15.4 0 0 0 0 0 0 0.4 0 0 0 0 0 0 0 0 0 0 0 0 0 0 0 1.6 0 0 0 0 0 0 0 0 
 0 0.4 0 0 0 0.4 0.2 0.4 0.6000000000000001 0 0.4 0 0 0 0 0 0 0.4 0.4 0 5.800000000000001 23 24.200000000000003 8.200000000000001 30.8 0 8 55.6 16.6 45.6 25 21.8 5.4 28.8 19.400000000000002 14.600000000000001 9 11 9.4 13.200000000000001 0 12 11.4 0 0 0 14 0 13 0 0 1 26 0 13 0.2 12.600000000000001 0 4.4 12.4 0 0 0 16.2 0 1.8 0 0 0 0 0 1.6 0 0.6000000000000001 0.4 0 0 0.6000000000000001 0 0 0 0 0 0 0 0 0 0 1.4000000000000001 0 0 0 0 0 0 0 0 0 0 0 0 0 4 0 14.200000000000001 4.2 0 0 2.8000000000000003 2 3 2.4000000000000004 0 0 0 0 2.4000000000000004 3.4000000000000004 0 0 0 0 2.4000000000000004 3 2.2 0 0 1.2000000000000002 2.8000000000000003 0.8 0 2.6 2.8000000000000003 5.4 0.2 5.2 5.4 0 5.2 0 2 1.8 1.2000000000000002 0 0.4 0 0 0 0 0 0.4 0.4 0 0.4 0 0 0 0 0 5 0 0 0 0 0 0 0 0 0.2 0 2.8000000000000003 0.4 0 0 0 0 0.2 0 0 0.2 0 0 0.2 0 0.2 10.4 0 3.6 0 0 2.6 3.4000000000000004 0 0 0 0.2 0 4 0 0 6.6000000000000005 2.4000000000000004 2.2 2.6 3 0 3.8000000000000003 0 2 6.800000000000001 3.6 1.4000000000000001 10.4 0 3.2 0.2 5 2.6 6 2 0 0 0 0 0 0 4.6000000000000005 0 0 0 0 0 0 0 0 0 0 0 0 0 0 0 0 0 0 0 0 0 0 0 0 0 0 0 2.8000000000000003 0 1 3 0 0.4 0 0 0 0 0 4.6000000000000005 0 0 0 0 0 0 0 0 0 0 0 0 0 0 0 2 0 0 0 0 0 0 0 0 
 0 0 5.4 0 0 15 0 0 5.2 1.4000000000000001 0 0 0 0.6000000000000001 0 4.800000000000001 0 7 0 0 32.6 36.6 77.60000000000001 51.400000000000006 27.200000000000003 8 0 28.400000000000002 71.2 5.6000000000000005 52.2 20.400000000000002 30.6 44.400000000000006 23.6 56.2 4.2 9.200000000000001 6.4 11.8 0 0 0.6000000000000001 0 0 0 0 0 0 0 0 0 1.6 0 0.8 0 0 0.2 0 0 0 4.800000000000001 0 0 0 0 0 0 0 0 0.4 0.6000000000000001 1 0.6000000000000001 0.6000000000000001 0 0 0 0 0 0 0 0 0 5.2 0 0 0.2 0 0 0 5.4 0.2 0 0 0.4 0 0 0 0 11.8 7 0 0 0 0 0 2.4000000000000004 5 0 2.2 0 0 4.4 0 2.6 1 0 0 7.6000000000000005 0 0 0 0 0 0 0 0 0 0 0 0 0 0 0 0 0 0 0 0 1.6 0 0 0 0.6000000000000001 0 0 0 0.4 0 0 0 0 0 0 0 0 0.8 0 0 0 2 0 0 0 0 0 0 0 0.2 0 1.6 0 0.2 0 0 0 3.8000000000000003 0 0 2 7 12.200000000000001 4.6000000000000005 1.2000000000000002 2 4.4 1.4000000000000001 0 0.4 3.4000000000000004 2.2 2.8000000000000003 2.4000000000000004 5 0.2 4.6000000000000005 1.4000000000000001 5.4 0 0 0 0 0 0 0 0 0 0 0.4 0 0 0 0 0 0.4 0.2 0 0 0 0 0 0 0 0.4 0 0 0 0 0 0 0 0 0 0 0 0 0.2 0 0 0 0 0 0 0 0 15.200000000000001 0 0 0 0 0 0 0 1 0 0 10.4 0 0.4 0 0 0 0 0 0 0 0 0 0 0 0 0 0 0 0 0 0 0 0 0 0 0 0 0 0 0 0 0 0 
 0.6000000000000001 0.4 0.4 0.4 17.400000000000002 39.2 0.4 1 0.4 0.4 0.6000000000000001 0.4 0.4 0.4 0.8 0.4 0.4 0.4 1 0.4 12.4 33.4 71.4 68.4 29.8 55.6 28.400000000000002 0 49.400000000000006 29.200000000000003 7.800000000000001 48 54.2 64.8 62 21.8 9.200000000000001 52 13.600000000000001 59.400000000000006 0 0.2 0.8 0.4 0 0.2 0 0 0 0.2 0 0.8 0.6000000000000001 0 0.6000000000000001 0 0 0 0 0 0 0.2 0 0 5.2 0 0 0 0 0 0 0.6000000000000001 0 0.6000000000000001 0.4 0 0 0 0 0.6000000000000001 0 0 0 0 0 0 0 0 0 0 0 1.4000000000000001 0 0 0 0 0 0 0 0 2.6 5.6000000000000005 0 0 0 1.4000000000000001 10.4 10.4 4.6000000000000005 7.800000000000001 2.2 0.6000000000000001 0 10.8 3.6 6.800000000000001 0.8 5.6000000000000005 0 0.2 0 0 0 0 1.4000000000000001 0 0 0 0 0 0 0 0 0 0 0 0 0 0 0 0 0 0 0 3.4000000000000004 0 0 0 0 0 0.2 0 0 0 0.2 0 1.4000000000000001 1.6 0 0 0.2 0 0.4 0 0.2 0 0 0 0 0 0 0 0 0 0 0 0 0 0 0 2.6 3.4000000000000004 2.4000000000000004 1.2000000000000002 0.2 0 0.2 1.2000000000000002 6.4 0 3.8000000000000003 2.2 3.4000000000000004 4.4 8.8 5.4 1.2000000000000002 0 1.4000000000000001 5 0 0 0.2 0 0 0 0 0 0 0 0 0 0 0 0 0 0 0 0 0.2 0 0 0 0 0 0 0 0 0 0 0 0 0 0 1.2000000000000002 0 0 0 0 0 0 0 0 0 0 0 0 0 0 0 0 0 0 0 1.2000000000000002 0.4 0 8.4 24 0 3.6 0.2 0 0 0 0 0 0 0 0 0 0 0 0 0 0 0 0 0 0.8 0 0 0 0 0 6.6000000000000005 2.4000000000000004 0 0 0 
 0 0 0 0 15.4 14.8 0 0 0 0 0.2 0 0 0 0 0 0 0 0 0.6000000000000001 8 35.800000000000004 13.4 65.8 11.200000000000001 16.6 71.2 49.400000000000006 0 35.6 13 3.2 33 22.8 19 16.8 21.6 38 48.400000000000006 35.800000000000004 0 0.4 1.6 0.2 0 0 59.6 11.600000000000001 6.6000000000000005 0 0 6.2 0.6000000000000001 0.4 0.8 0 0 0 0 0 0 0 0 10.200000000000001 0.2 0 0 0.4 0 0 0.4 0.6000000000000001 0 0.6000000000000001 1.4000000000000001 0 0 0 0 0.6000000000000001 0 0.4 0 0 0 3 0 0 0 0 0 0 0 0 0 0 0 0 0 0 0 0 4.800000000000001 0.2 3 1.4000000000000001 0.2 2.4000000000000004 5.800000000000001 5.6000000000000005 19 7 2.4000000000000004 2.2 5.6000000000000005 0 4.6000000000000005 3.8000000000000003 0 1.2000000000000002 0.2 0 0 0 0 0 0 0 0 1.4000000000000001 0 0 0.8 0 0 0 0 0 2 0 0 0 0 0 0 0 0 0 0 0 0.4 0 0 0 0 0 0 0 0 2 0 0 0 0 0 0 0 0 0 0 0 0 0 0 0 0 0 0 0 0 0 5.4 2.4000000000000004 0 12.8 0 0.2 2.4000000000000004 0.4 4 0 14.8 2.4000000000000004 4.800000000000001 7 5.2 0.6000000000000001 2 0.2 7.6000000000000005 7.6000000000000005 0 0 0 0 0 0 0 0 0 0 0 4.2 0 0 0 4.2 0 0 0 0 0 0 0 0 0 0 0.4 0 0 0 0 0 0 0 0 0 0 0 0.2 0 0 0 0 0 0 0 0 0 0 0 0 0 0 6 0 0.2 15 1.8 0.8 0.4 0 0 0 0 0 0 0 0 0 0 0 0 0 0 0 0 0 0 0 0 2.2 0 0 0 0 1.2000000000000002 0 0 0 
 0 0 0.2 0.2 0 0 0 0.6000000000000001 0 15.4 0 0 0 0 0.4 0 0.2 14.8 0 0 23.200000000000003 52 30.400000000000002 31.200000000000003 14 45.6 5.6000000000000005 29.200000000000003 35.6 0 51.2 23.8 10.200000000000001 36.4 37.4 14.4 17.2 21.400000000000002 14.4 36.4 0 0 4.800000000000001 0 0.4 0 1.4000000000000001 0 0 0 0 4.4 4.6000000000000005 0 0.8 4.4 0 0 4.4 0.2 0 0 0 0.6000000000000001 0 0 0 0 0 0 0 0.6000000000000001 0 0.6000000000000001 0.4 0 0 0 0 0 0 0 0 0 0 0 0 0 0 0 0 0.4 0 0 0 0 0 0 0 0 0 5 0 2.4000000000000004 8 1.4000000000000001 0 0 5.800000000000001 0.2 7.6000000000000005 2.2 0 0.2 2 1.6 0.4 0.6000000000000001 0 0 2.8000000000000003 0 0 0 2 0 2 0 0 0 0 0 1.4000000000000001 0 3 0 0 0 3.4000000000000004 0.2 0 0 0 0.2 4.2 0 0 0 0 0 4.2 0 0 0 0 0 0 0 0 0.6000000000000001 0.4 0 0 0 0 0 0 0 0 0 0 0 0 0 0 0 0 0 0 0 2 0 3.8000000000000003 5.800000000000001 0 6 0 0.2 2.4000000000000004 5.6000000000000005 2.4000000000000004 0.2 2.8000000000000003 0 0.4 4.2 0 0 0 0 3.6 0 0.4 0 0 0 0 2.4000000000000004 0 0 0 0 0.6000000000000001 0 0 0 0 0 0 3.4000000000000004 0 0 0 0 0 0 0 0 0 0 0 0 0.2 0 0 0 0 0 0 0 0 0 0 0 0 0 0 0 0 0 0 0 0 0 0.4 0.6000000000000001 0 0 0.2 0 2.6 0.4 0 0 0 0 0 4.4 0 0 0 0 0 0 0 0 0 0 0 0 0 3.4000000000000004 0 0 0 0 0 0 0 0 
 0.2 0 0 0 0 0.4 0 1.6 0 0.4 0 0 0 0 0.6000000000000001 0 0 0 0.8 0.6000000000000001 5.800000000000001 27 11.600000000000001 7.800000000000001 62.800000000000004 25 52.2 7.800000000000001 13 51.2 0 50.800000000000004 4.6000000000000005 56 15.200000000000001 11.600000000000001 28 48.800000000000004 6.4 15.4 17.2 0.4 0.8 0.4 1.6 0.6000000000000001 13 0 0 0 13 0.8 0.6000000000000001 0.4 0.6000000000000001 0.4 1.6 0.6000000000000001 12.200000000000001 0 0 0 0 8.200000000000001 0.6000000000000001 1 0 0 9.8 1 0.2 1 0.6000000000000001 0.6000000000000001 0.8 0 1.2000000000000002 0.2 0 0 0 0 0 0 0 0 0 0.2 0 0 0 0 0.2 0 0 0.4 0 0 0 0 0 0 0 0.6000000000000001 6.6000000000000005 5.4 0 0 0 0 3.6 5 0 0 0 0 0 1.8 0 0 4.4 0 0 3.8000000000000003 0 0 7.800000000000001 0.2 0 4.2 0 0 4.800000000000001 0 6.4 0 0 0 5.2 16.8 0 0 0 0 0 0 0 0 0.4 0 0 0 0 0 0 0 0 0 0 1.2000000000000002 0 0 0.8 0 0 0.2 0 0 0 0.2 0 0 0 0.2 0 0.6000000000000001 0 0 0 0 0 0 0 7.800000000000001 3.4000000000000004 7.4 0 0.2 0 3.4000000000000004 0 3.8000000000000003 0 0.6000000000000001 0 0 6.6000000000000005 2 0 0 6 0 4.800000000000001 0.2 0 0 3 8 0 6.800000000000001 0 0 13.200000000000001 0 1.4000000000000001 3.6 8.200000000000001 0 5.800000000000001 17.6 0 0 0 0 0 0 0 0 0 0 1.8 0 0 0 0 0 0 0 0 0 0 0 0 0 0 0 0 0 0 0.4 0 0 0 0 0.8 0.2 0.4 9 0.4 0.2 0.4 0 0 0 0 0 3.4000000000000004 0 0 0 0 0 0 0 0 0 0 0 0 0 0 0.2 0 0 0 0 0 0 0 0 
