 0 41.400000000000006 36.4 55.2 6.4 26.200000000000003 71.4 52.6 54.6 8 65.2 40.400000000000006 48.400000000000006 76.80000000000001 28.8 18.400000000000002 26.8 21 9 28 0 0.4 0 0 0.2 0.6000000000000001 0.6000000000000001 0 0.2 0 0 0 1 0 0 0.2 0.4 0 0.2 0.6000000000000001 0 0 0 0 0 0 0 0 0.4 12.8 0.6000000000000001 0.6000000000000001 0 0 0 0 0 0 0.8 0 0.6000000000000001 0 0 0 0.4 0 0.6000000000000001 0.4 0 0.6000000000000001 0 0 0 0.6000000000000001 0.6000000000000001 0 0 0 0.4 0.6000000000000001 6.800000000000001 11.200000000000001 1 19 10 0 0 2.8000000000000003 4.6000000000000005 4.800000000000001 4.4 2.6 2.4000000000000004 0 3.6 2.4000000000000004 3.4000000000000004 5.2 0 3 0 0 0 0 0 0 0 0.2 0.2 0 0 0.2 0 1 0 0 2.2 0 3.4000000000000004 0 0 0 0 0 0 0 0 0 0 0 0 0 0 0 0 0 0 0 0 0 0 0 0 0 0.8 0.2 0 1.4000000000000001 0 0 0 0 0 0 0.6000000000000001 0 0 0 0 0 0 0 1.2000000000000002 2.6 0.4 0 5.6000000000000005 3.8000000000000003 4.6000000000000005 3.6 6.2 0 4 12.4 0 1 6 11.4 0 0 0 0 0 0 0 0 0 0 0 0 0.2 0 0 0 0 0 0.4 0.2 0 0 0 0 0 0 0 0 0 0 0 0 0 0 0 0 0 0 0 0 0 0 0 0 0 0 0 0.4 0 0 0 0 0 0 0 0 0 0 0 2 0 0 0 0 0 0 0 0 0 0.4 18.400000000000002 0 0 0.4 0 0 0 0.2 0 0 0 0 0 0 0 0.2 0 0 0 0 0 0 0 0 0 0 0 0 6.6000000000000005 0.2 0 0 0 0 0 0 0 0 0 0 0 0 
 41.400000000000006 0 43.6 47.2 32 8.8 13.600000000000001 122.4 30.400000000000002 33.800000000000004 99.2 70 71.8 18.6 37.4 78.4 41 75 10 27.400000000000002 0 13.200000000000001 0 0 0 0.4 0.6000000000000001 0 0.2 0 0.4 0 15.4 0 0 0 0.4 0.2 0.2 0.6000000000000001 0 0 0 0 0 6.6000000000000005 0 0 0.4 0 0.6000000000000001 0.6000000000000001 0 0 0 0 0 0 7.2 0 1.4000000000000001 0 0 0 0.2 0 0.6000000000000001 7.800000000000001 0 0.6000000000000001 0 0 0 0.4 0.6000000000000001 0 0 0 0 0.6000000000000001 3 2.8000000000000003 0 5.800000000000001 5 6 0 2.8000000000000003 2.8000000000000003 12.600000000000001 0 4.800000000000001 0 0 3 5 5.800000000000001 11.4 0 0 0 0 0 0 0 0 0.2 0 0 1.4000000000000001 0 3.6 1.4000000000000001 6.800000000000001 0 0 0 0 3.2 0 0 0 0 0 0 0 0 0 0 0 0 0 0 0 0 0 0 0 0 0 0 0 0 0 0 0.4 0 0 0 0 0 0 0 0 0 0 0 0 0 0 0 1.8 0.6000000000000001 3.2 0.2 2.2 0 3.8000000000000003 5.4 0 5 0 0 2.6 2.8000000000000003 2.8000000000000003 13.8 4 0 0 0 0 0 0 0 0 0 0 0 0.2 0 0 2 0 0 0 0 0 5.800000000000001 0 0 0 0 0 0 0 0 0 0 2.2 0 0 0 0.6000000000000001 0 0 0 0 0 0 0 0 0 0 0 0.2 0 0 0 0 0 0.2 0 0 0 0 0 0 0 0 0 0 0 0 0 0 12.200000000000001 0.4 18 0 0.4 2.2 2.2 0 0 0 0 0 0 0 0 0 0 0 0 0 0 0 0 0 0 0 0 0.4 0 2.2 3.2 0 0 0 0 0 0 0 0 0 0 0 0 0 
 36.4 43.6 0 47 28.6 6.4 11.8 12.600000000000001 21 19.200000000000003 7.4 28.8 31.6 68.8 27 49.800000000000004 34 13.200000000000001 23 28.200000000000003 0 0.4 0.2 1.4000000000000001 0 0.4 26 0.4 4.6000000000000005 0 0.6000000000000001 1.2000000000000002 12.8 0 0.6000000000000001 0 0.4 0.8 0.8 1 0.6000000000000001 0 0.6000000000000001 0 0.2 0.2 0 0.4 0.4 5.2 1.2000000000000002 1.6 0 0 1 0.4 0.6000000000000001 1.2000000000000002 7.6000000000000005 0.4 3 0 0.8 0.4 2 0.6000000000000001 1.8 0.4 0 0.6000000000000001 0 9.600000000000001 0 0.6000000000000001 0.6000000000000001 1.8 0 0.8 0 1.4000000000000001 3.8000000000000003 0 2.4000000000000004 0.6000000000000001 2.6 2.6 0.2 5.6000000000000005 0.4 4 2 7.4 0.4 0 2 6.2 7.6000000000000005 3.4000000000000004 0 2.2 0.2 0 0 5.2 0 0 0 0 0 0 0 0 0 0 0 0 0 0 0 0 0 0 0 0 0 0 0 0 0 0 0 0 0 0 0 0 0 0 0 0 0 0 0 0 0 0 0 0 0 0 0 0 0 0 0 0 0 0.4 0 0 0.6000000000000001 6.800000000000001 0 6.4 6.6000000000000005 4.4 2 6 2 0 0 3.2 3.2 6.2 5.2 1.4000000000000001 6.2 0 3 0 0 0 0.2 0 0 0 0 0 0 0 0 0 3 0 0 0 0 4 3.6 0 0 0 0 0 0 0 0 0 0 3.2 0 0 0 0 0 0 0 0 0 0 0 0 0 0 0 0 0 0 0 0 0 0 0 0 0 0 0 0 0 0 0 0 0 0 0 0.4 26 0 0 0 0 0.8 2.2 0 0 0 0 0.4 0 0 0 0 6.4 0 0 0 0 0 0 0 0 0 0 0 0 5 4.2 0 0 0 0 0 0 0 0 0 0 0 0 0 
 55.2 47.2 47 0 110.4 48 79.60000000000001 58 107.60000000000001 18.400000000000002 28.8 57 9.600000000000001 34.4 18.2 90.2 14.8 25.200000000000003 13.600000000000001 15.200000000000001 0 1 0 0 0 0.4 0.6000000000000001 0.2 0.2 0 0.4 0 18.400000000000002 0 15.200000000000001 0.2 0.4 0.2 0.4 15.4 0 0 0 0 0 0 0 0 0.4 0 0.6000000000000001 0.6000000000000001 0 0.6000000000000001 0 0 0 0 0.8 0 0.4 0 0.8 0.8 0 0 0.6000000000000001 0.4 0.8 0.4 0 0 0 0.2 0.6000000000000001 0 0 0 0 0.6000000000000001 0 7.4 0 13.4 6.2 4.800000000000001 0 0.4 3.4000000000000004 9.4 2.4000000000000004 12.600000000000001 0.6000000000000001 0 2 1.6 3 6.800000000000001 0 0 0 0 0.2 0 0 0 0 0 0 0 0 0 0 5 0 0 0 0 2.4000000000000004 3.4000000000000004 0.2 0 0 0 0 0 0 0 0 0 0 0 3.6 0 0 0 0 0 0 0 0 0 0 0 0.2 0 0 1.8 0 0 0 0 0 0 0.8 0 0 0 0 0 0 0 4 3.8000000000000003 3.2 0 2.2 3 4 9.8 0 0 0 2.6 2.4000000000000004 0.2 2 3.8000000000000003 1.4000000000000001 0 2 0 0 0 0 0 0.2 0 0 0 0 0 0 0 0 0 0 0 4.6000000000000005 0 0 0 2 0 0 1.8 0 0 0 0 0 0 0 0 0 0 0 0 0 0 0 0 0 0.2 0 0 0 0.4 0 0 0 0 2.4000000000000004 0 0 0 0 0 0 0 0 0 0 0 0 0 0 0.4 0.6000000000000001 20.200000000000003 0.4 1.2000000000000002 0 0 0 0 0 0 0 0 0.4 0 0 0 0 0 0 0 0 0.4 0 0 0 0 0 0 3 0 0 0 0 0 0 0 0 0 0 0 0 0 
 6.4 32 28.6 110.4 0 14.8 37.4 11 37.800000000000004 84.2 34.4 77.60000000000001 13 21.200000000000003 74.4 25.6 37.2 30.200000000000003 25.400000000000002 18 7.2 0.4 0 0 0.2 0.4 20.8 18.2 0.4 0.2 0 0 1 30.200000000000003 15 0.2 0.4 0 1.2000000000000002 15.4 0 0 0.2 0 0 0 0 0.4 0.4 0.4 0.6000000000000001 0.6000000000000001 0 0 0 0 0 0 11.600000000000001 0 2 0 0 0 0.4 0 0.8 0.4 1 0.6000000000000001 0.6000000000000001 10.8 10.200000000000001 0.6000000000000001 9 0.6000000000000001 0 0 0.4 0.8 0 0.4 2.2 0 0 4.800000000000001 0 0 4.2 0 5 3.2 0 0 2.6 1.8 9.600000000000001 4.2 0 0 0.6000000000000001 0 0 0.2 0 0.2 6.6000000000000005 2.2 2.6 1.8 0 0 5.4 3.8000000000000003 0.4 0 0 0.2 5 7 0 0 0 0 0 0 0 0 0 0 0 0 0 0 1.8 0 0 0 0 0 0.4 0.2 0 0 0 0 4.4 0 0 0 0 0 0 0 0 0 0 1.4000000000000001 0 0.4 0.4 0 5.6000000000000005 2 2.4000000000000004 0.6000000000000001 0 0 0 7.6000000000000005 5.800000000000001 8.200000000000001 0 0 0.2 3 2.6 0 0 0 2.8000000000000003 0 2 0.2 0 0 6 8.6 0 2 0 0 2.6 0 2.2 0 0 5.6000000000000005 2.6 4 0 0 0 0 0 0 0 4.6000000000000005 0 0.2 0 0 0 0 0 0 0 0 0 0 0 0 0 0 0 0 0 3.4000000000000004 0 0 0 0 0 0 0 0 0 0 0 0 0 2.8000000000000003 0 0 0 0.4 17 0.4 0.2 18.8 0 2.2 1.6 0 0 0 0 0 0 0 0.2 0 0 0 0 0 0.4 0 0 0 0 0 0 0 0 0 0 0 0 0 0 0 0 0 0 0 0 0 0 0 
 26.200000000000003 8.8 6.4 48 14.8 0 7.6000000000000005 5.2 25.200000000000003 47 16.2 13.600000000000001 6.2 20.6 20 40.6 22.200000000000003 9.8 8.6 11.8 0 0.6000000000000001 0 0 0 0.8 0.6000000000000001 1 0 0.4 0 0.2 0.6000000000000001 0.2 0.4 0 0.4 4.4 15 15.600000000000001 0 0 13.600000000000001 0 0.4 0 0 0 0.4 0 0.6000000000000001 0.6000000000000001 0 0 0 0 0.6000000000000001 1.2000000000000002 0.8 0.4 0.8 0 0.4 0.4 0 0.6000000000000001 0.4 0.4 1.8 0.4 0 0 0 0.2 0.6000000000000001 0 0 0 0 0.6000000000000001 0 4.800000000000001 0 4.2 6 2.4000000000000004 0 0 0.2 4 0 6.4 0 0 0.4 0 0 9 0 0.6000000000000001 3.8000000000000003 4.2 0 0 0 0 3.4000000000000004 2.8000000000000003 6.800000000000001 0 0 1 0 2 0 3.4000000000000004 7 8.200000000000001 1.4000000000000001 1.8 0 0 0 0 0 0 0 0 0 0 0 0 0 0 0 0.4 0 0 0 0 0 0 0 0 0 0 0 0 0 0 0 0 0 0 0 0 0 0 0 1.8 0 0 4 2.4000000000000004 0 1.8 0 0 0 8.6 0.2 0 0 0 2.4000000000000004 0 0 0.6000000000000001 0 0 3 5.4 0 0 0 0 0 0.2 0 2.8000000000000003 0 0 2.6 0 2.2 0 1 0 3 2 0 0 0 0 0 0 0 0 0 0 0 0.2 0.2 0 0 0 0 0 0 2 0 0 0 0 0 0 0 0 0 0 0 0 0 0 0 0 0 0 0 0 0 0 0 0 0 0 0 0 0 2 0 0.6000000000000001 0 0 0 0 0 0 0 0 0 1.8 0 0 0 0 0 0 0 0 0 0 0 0 0 0 0 0 0 0 0 0 0 0 0 0 0 0 0 0 
 71.4 13.600000000000001 11.8 79.60000000000001 37.4 7.6000000000000005 0 61 12.4 9.4 6.2 25 30.400000000000002 14.200000000000001 49.2 8.6 7.6000000000000005 26.200000000000003 23.200000000000003 14 5.4 6 0 4.4 5.2 0.6000000000000001 0.8 0 0.4 0 0 6.4 0.6000000000000001 6.4 0.6000000000000001 0.4 0.6000000000000001 0 0.2 1.8 0 0 0 0 0 0 0 0 0.4 0 0.6000000000000001 0.6000000000000001 0 0 0 0 0 0 1.4000000000000001 0 0.4 0 0 0 0 0 0.4 0.4 0 0.4 0 0 0 0.2 0.6000000000000001 0 0 0 0 0.6000000000000001 0 0 5 3 0 0 3.6 2.4000000000000004 2 0 2 0.2 8 0 2.6 0 4.4 0 0 5 0 3 0 0 0 0.4 0 0 0 0 0 0 0 0 0 0 0 0 0 2 0 0 0 0 0 0 4 0 0.4 0 0 0 0 0.2 0 0 0 0 0.2 0 0 0 0 0 0.8 0 0 3.2 0 4 0 0 0 0 0.8 0 0 0 0 0 2.2 2 1.6 1.2000000000000002 0 0 3.8000000000000003 4.4 0 2.4000000000000004 0 0 2.8000000000000003 0.4 0 4 0 0 0 4.2 0 0.2 0 0 0.2 0 0 0.4 0 0 0 0 0 0 0 0 0 0 0 0 0 0 0 0 0 0 0 0 0 0 0 0 0 0 0 0 0 1.8 0 0 0 0 0.2 0 0 0 0 0 0 0 0.4 0 0 0.2 0 0 0 0.4 0 0 0 0 0 0 0 0.4 0 0 0 0 3.4000000000000004 1.8 0 0 0 0 0 0.2 0 0 0 0 0 0 0 0 0 0 0 0 0 0 0 0 0 0 0 1.8 0 0 0 0 0 0 0 0.4 0 0 0 0 
 52.6 122.4 12.600000000000001 58 11 5.2 61 0 58.6 24.400000000000002 40.6 84.80000000000001 37.6 13.4 26.400000000000002 60.400000000000006 11.4 93.80000000000001 13 68 0 0.4 0 0 0 0.4 0.6000000000000001 0 0 0 0 0 0.6000000000000001 0 0 0.2 0.4 0 0.2 0.6000000000000001 0 0 0 0 0 0 0 0 0.4 0 0.6000000000000001 0.6000000000000001 0 0.6000000000000001 0 0 0 0 0.8 0 0.6000000000000001 0 0 0 0.4 0 0.6000000000000001 0.4 0 0.6000000000000001 0 0 0 0.6000000000000001 0.6000000000000001 6 0 0 0 0.6000000000000001 6.6000000000000005 0 0 4 3.4000000000000004 0 1.8 8 6.6000000000000005 5.4 2.8000000000000003 2.8000000000000003 5 3 9.200000000000001 2 6.2 2.8000000000000003 6.6000000000000005 0 0 2.2 0 0 0 0 0 0 0 0 0 0 0 4.800000000000001 0 0 0 0 4 0 0 0 0 0 0.2 0 0 0 0 0 0 3.4000000000000004 0 0 0 0 0 0 0 0.2 0 0 0 0.4 2.8000000000000003 0 0 0 0 0 0 0 0 0 0.8 0 0 2.6 0.2 0 3.8000000000000003 1.6 4 1 0 0 12 2.2 1.8 3.8000000000000003 5.6000000000000005 0 0 4 3.2 0.2 0.6000000000000001 4.2 0 2.6 0 0 0 0 0 0 0 0 0 0 0 0 0 0.4 0 0 0 0 0 0 0 0 0 0 0.2 0 0 0 0 0 2 0 0 0.4 0 0 0 0 0 0 0 0 0 0 0 0 0 0 0 0 0 0 0 0 0 0.4 0 0 0 0 0 0 0 0 0.4 0.2 0 0.4 10.200000000000001 0.4 0 1.6 2 0 0 0 0 0 0 0 0 0 0 0 0 0 0 0 0 0 0.4 0 0 0 0 0 2.8000000000000003 0.8 0 0 0 0 0 0 0 0 0 0 0 0 
 54.6 30.400000000000002 21 107.60000000000001 37.800000000000004 25.200000000000003 12.4 58.6 0 15.600000000000001 27 42.6 13.200000000000001 19.400000000000002 36.800000000000004 52.400000000000006 60.400000000000006 26.400000000000002 31.400000000000002 48 0 0.6000000000000001 0 0 0 0.4 0.8 0 0 0 0 0 0.6000000000000001 0 0 0.6000000000000001 0.4 0.2 0.2 0.6000000000000001 12.200000000000001 0 1.6 0 0 0 0 0 0.4 0.6000000000000001 0.6000000000000001 0.6000000000000001 0 0 0 0 0 0 5.2 0 1.8 0 0 0 6.6000000000000005 0 0.4 0.4 1.6 0.4 0 0 0 0.2 0.6000000000000001 0 0 0 0 0.6000000000000001 3.6 5.2 7.800000000000001 2.8000000000000003 6.800000000000001 1.8 0 0.2 5.2 2.8000000000000003 0 5.2 0 2.8000000000000003 2.2 2.8000000000000003 8.8 7.2 2.4000000000000004 5 0 0 0 0 0 0 0.4 0 0 0 0 0 0 2.2 0 0 0 0 5.800000000000001 4 0 0 0 0 0 0 0 0 0 0 2.4000000000000004 0 0 0 0 0 0 0 0 0 0 0 0 0 0 3 0 0 0 0 0 0 0 0 0 0 0 0 0 0 2.8000000000000003 0 6 1.8 0 0 0 3.6 0 4.4 6.4 4 0 0 0.6000000000000001 0 0 2.4000000000000004 3.4000000000000004 0 1.8 0 0 0.2 0 0 2 0 0 0 0 0 1.6 0 0 0 0 0 2 0 0 0 0 0 0 0 0 0 0 0 0 0 0 0 0 0 0 0 0 0 0 0 0 0 0 0 0 0 0 0 0 0 0 0 0 0 0 0 0 0 0 4.800000000000001 0 0 0 0 17.6 0 9.8 0.6000000000000001 0.2 2.4000000000000004 0 0 0 0 0 0 0 0 0 0 0 0 0 0 0 0 0 0 0 0 0 0 0 0 4.6000000000000005 0 0 0 0 0 0 0 0 0 0 0 0 0 
 8 33.800000000000004 19.200000000000003 18.400000000000002 84.2 47 9.4 24.400000000000002 15.600000000000001 0 71.4 17 55.2 19 36.2 56.800000000000004 30 25.200000000000003 58.400000000000006 17.8 0 0.4 0.4 0 0 0.4 22.400000000000002 0.4 0 0 0 0 4 15.4 0 0.2 0.4 0 0.4 15.8 0 0 0 0 0 0 0 0 0.4 0 0.6000000000000001 0.6000000000000001 0 0.4 0 0 0 0.2 0.6000000000000001 13.200000000000001 0.6000000000000001 0 0 0 0.6000000000000001 0 0.6000000000000001 0.4 0 0.6000000000000001 0 10.8 0 0.6000000000000001 0.6000000000000001 0 0 0 0 7.6000000000000005 1.8 4 0 0.2 0 4 0.4 1.4000000000000001 2.8000000000000003 0.4 7.800000000000001 7.6000000000000005 4.2 2 2.4000000000000004 2.2 3.8000000000000003 3.4000000000000004 3.4000000000000004 3.6 0.2 0 0 0 0 0 6.2 1.8 4 0 0 0 2.2 0 2.2 1.8 0 0 2.6 4.4 0 0 0 0 0 0 0 0 0 0 0 0 0 0 0 0.2 0 0 0 0 0 0 0 0 0 0 0 0 0 0 0 0 0 0 0 0 0 0 0 0 6 6.2 0 0 6 2.6 2 0 3.6 13.8 2.4000000000000004 4 1.8 4 1.2000000000000002 2.6 9.8 3.4000000000000004 0 3 1.2000000000000002 0 0 0 0 0 1.4000000000000001 2.2 0 1.4000000000000001 0 0 1.4000000000000001 0 4 0 0 4.2 6.6000000000000005 3.4000000000000004 0 0 0 0 0 0 0 0 0 0 0 0.4 0 0 0 0 0 0 0 0 0 0 0 0 0 0 0 0 0 0 0 0 0 0 0 0 0 0 0 0 0 0 0 0 0 0 17.8 0 0 17.6 0 0.4 0 0 0 0 0 0 0 0 0 0 2.8000000000000003 0 0 0 0 0.2 0 0 0 0 0 0 0 6 0 0 0 0 0 0 0 0 0 0 0 0 0 0 
 65.2 99.2 7.4 28.8 34.4 16.2 6.2 40.6 27 71.4 0 29 7.2 6.2 51 35.800000000000004 55.2 107.80000000000001 93 14.200000000000001 0 0.6000000000000001 0 0.2 0 0.4 8.4 0 0.4 16.2 0 0 31.400000000000002 15 0.4 0.4 0.4 0 20.400000000000002 31.200000000000003 0 0 0 0 0 0 0 0.4 0.4 0.4 0.6000000000000001 0.6000000000000001 0 0 0 0 0 0 0.8 0 6.800000000000001 0 6.4 0 0 0 1.4000000000000001 0.4 0 0.2 0.4 1.4000000000000001 0.4 0 0.6000000000000001 0.6000000000000001 0 0 0 0.8 1.6 2.2 0 3 3 0 0 0 5.4 0.2 5.2 3.2 0 0.2 4.6000000000000005 0 2 0.2 0 0 0.2 2 0 0 0 0 8.200000000000001 0 0 0.6000000000000001 0 0 4.6000000000000005 3.4000000000000004 0.6000000000000001 0 0 0 5.800000000000001 2 0 0 0 0 0 0 0 0 0 0 0 0 0 0 0 0 0 0 0 0.2 0 0 0 0 1.2000000000000002 0 3.8000000000000003 0.4 0 0 0 0 0 0 0.6000000000000001 0 0 0 0 0 0.2 0 3.2 3 3.4000000000000004 5.6000000000000005 2.6 2.8000000000000003 1 1.6 3 0.6000000000000001 0 0 0 2 0 8.200000000000001 0 0 2.6 1.2000000000000002 0 0 0 0 3 0 0 2 0 0 0.6000000000000001 3.6 3.2 3.8000000000000003 0 3.2 0 0.2 0 0 0 0 0 0 0 0 0 0 0 0 0 0 0 0 0 0 0 0 0 0 0 0 0 0 0 2.6 0 0 0 0 0 0 0 0 0 0 0 0 0 0 0 0 0 0 0.4 0.4 18.2 34.800000000000004 0 1.2000000000000002 0 0 0 0 0 0 0 0 0.2 0 0 0 0 0 0 0 0 0 0 0 0 0 0 0 0.2 2.4000000000000004 0 0 0 0 0 0 0 0 0 0 0 0 
 40.400000000000006 70 28.8 57 77.60000000000001 13.600000000000001 25 84.80000000000001 42.6 17 29 0 5.2 26.6 53 25 53.800000000000004 34.800000000000004 24 7.4 0 0.6000000000000001 0 0 0 0.4 0.6000000000000001 0 0 0 0.2 0.2 7.6000000000000005 0 0 0.4 0.4 0 3.4000000000000004 0.6000000000000001 0 0 0 0 0 0 0 0 0.4 0 0.6000000000000001 0.6000000000000001 0 0 0 0 0 0 11.4 0 1.6 9.600000000000001 8.200000000000001 0 0 0 0 5.2 0.8 0 0 0 0 0 0.6000000000000001 0 0 0 0 0.6000000000000001 1.8 4.800000000000001 0 2.6 0.6000000000000001 4.4 2.6 0 8.6 0.8 4.800000000000001 8.200000000000001 0 3.2 0.2 5.800000000000001 7.4 2.2 0 4.4 0 0 0 0 0 0 2.6 0 0 0 0 0 0 2.8000000000000003 0 0 0 0 10.200000000000001 0 0 0 0 0 0 0 0 0 0 0 0 0 0 0 0 0 0 0 0 0 0 0 0 0.2 0.2 0 0 11.8 0 0 0 0 0 0 1 0 0 0 0.4 0 3.4000000000000004 0.6000000000000001 6.4 2.2 6.6000000000000005 0 4 0.2 3 13 3 0 0 0 0 5.4 5.6000000000000005 8.4 0.6000000000000001 0 0.2 0 0 0 0 0 0 0.2 0.4 0 0 0 2 0.2 2 0 0 0 2.8000000000000003 0 0 0 0 0 0 0 0 0 0 0 0 0 0 0 0 0 0 0 0 0 0 0 0 0 0 0 0 0 0 0 0 0 0 0 0 0 0 0 0 0 0 0 0 0 0.2 0.2 0.6000000000000001 0 17.8 1 0.4 1.4000000000000001 1 0.8 0 0 0 0 0 0 0 0 4.2 0 0 0 0 0 0 0 0 0 0 0 0 0 0 0 0 0 0 0 0 0 0 0 0 0 0 0 
 48.400000000000006 71.8 31.6 9.600000000000001 13 6.2 30.400000000000002 37.6 13.200000000000001 55.2 7.2 5.2 0 14.4 12 8.8 6.6000000000000005 54 58.2 35 0 0.4 0.2 0 0 0.4 0.6000000000000001 0 0.4 0 0 0 0.6000000000000001 0 16.400000000000002 0.2 0.4 0 0.2 0.6000000000000001 0 12.4 0 0 0 0 0 12.8 0.4 0 0.6000000000000001 0.6000000000000001 0 0 0 0 0 0 0.6000000000000001 0 0.6000000000000001 0 0 0 0.4 0 0.6000000000000001 0.4 0 0.6000000000000001 0 2.4000000000000004 0 0.6000000000000001 0.6000000000000001 0 0 0 0 0.6000000000000001 8 4.800000000000001 0 0 0 0 0.4 9.8 0 0 2.6 0 7.2 2 2.2 6.800000000000001 1.4000000000000001 0 0 4.800000000000001 0 0 0 0 0 0 0 0 0 0 0 0 0 0 0.4 1 0 0 0 0.2 0 0 0 0 0 0 0 0 0 0 0 0 0 0 0 0 0 0 0 0 0 0 0 0 0 0.4 0 0 0 0 0 0 0 0 0 0 0 2 0 0 2.6 0 0 0 0 0 3 1.4000000000000001 0.8 0 0 0 4.4 2.4000000000000004 0 3.4000000000000004 0 0 1.6 4.4 0 0 0.2 0 0 0 0 0 0 0 0 0.2 0 0 0 0 0 0 0 0 0 0 0 0 0 0 0 0 0 0 0 0 0 0 0 0 5.4 0.2 0 0 0 0 0 0 0 0 0 0 0 0 0 0 0 0 0 0 0 0 0 0.4 0 0 0 0 0 12.600000000000001 0 0 0.2 0.4 2.4000000000000004 4.6000000000000005 0 0 0 0 0 0 0 0 0 0 0 0 0 0 0 0 0 0 0 0 0 0 0 0 0 0 0 0 0 0 0 0 0 0 0 0 0 0 
 76.80000000000001 18.6 68.8 34.4 21.200000000000003 20.6 14.200000000000001 13.4 19.400000000000002 19 6.2 26.6 14.4 0 22.200000000000003 26.8 68 5 12 39.2 0 0.6000000000000001 0.2 0 0 0.4 1.8 0.4 0.4 0 1 0.8 0.6000000000000001 0.4 0 0.6000000000000001 1 0.8 0.2 0.6000000000000001 0.4 0 0 0.6000000000000001 0 0 0.4 0.4 0.6000000000000001 0 0.6000000000000001 1.4000000000000001 1.2000000000000002 0.8 0.8 0.8 0 0 0.6000000000000001 1.6 2 1.2000000000000002 0 0.4 1.6 0 0.6000000000000001 0.4 0.4 1.4000000000000001 0 0 0 0.8 0.6000000000000001 0.6000000000000001 0 0 3.8000000000000003 0.6000000000000001 0 3.4000000000000004 3 6.800000000000001 1.8 1.4000000000000001 4.800000000000001 0 0 4.4 4.6000000000000005 2.4000000000000004 4 0.2 0 1.8 0 2.8000000000000003 0 2.4000000000000004 0 0 2 0 0 0 0 0 0 0 0.2 0 1.8 2.8000000000000003 0 0 0 0 0 0 0 0.4 0 0 0 0 0 0.4 0 0 0 0 0 0 0 0 0 0 0 0 0 0 0 0 0 0 0 0.4 0 0 0 0 0 0.4 0 0 0 0.4 0 0 6.800000000000001 2.6 1.2000000000000002 0 4 0 3.8000000000000003 2.4000000000000004 2 0 0 0 0 0 0 6.6000000000000005 6.4 2 3.8000000000000003 4.6000000000000005 0 0 0 0 0 0 0 0 0 0 0 0 0 0 0 0 0 0 4.6000000000000005 0 0 0 0 0 0 0 0 0 0 0 0 0 0.4 0 0 0.2 0 0 0 0 0 0 0 0 0 0 0 0 3 0 0 0 0 0 0 0 0 0 0 0 0 0 0 0 0 0 0.2 0 0.4 0 2.6 1 0 0.2 0 0.2 0 0 0 0 0 0 3.2 0 0 0 0 0 0 0 0 0 0 0 0 1.4000000000000001 0 0 0 0 0 0 0 0 0 0 0 0 0 0 
 28.8 37.4 27 18.2 74.4 20 49.2 26.400000000000002 36.800000000000004 36.2 51 53 12 22.200000000000003 0 62.2 21.6 26.200000000000003 11.200000000000001 41.2 0 0.4 0.4 0.6000000000000001 0 0.4 1.2000000000000002 0 0.2 0 0.4 0 0.6000000000000001 0 2.2 0.6000000000000001 0.6000000000000001 0.4 0.8 0.6000000000000001 0.2 0.6000000000000001 0.6000000000000001 0.6000000000000001 0 0.4 0 0.4 12.8 0 1.2000000000000002 0.6000000000000001 0 0.6000000000000001 0.6000000000000001 0 1 0 9.8 0 2.6 0 0 0 0.6000000000000001 0 0.6000000000000001 0.8 0.4 1 0 0 0 0.6000000000000001 0.6000000000000001 0 0.4 0.8 0 0.6000000000000001 4.2 2 0 3.6 3 3.6 0.4 5.2 7.800000000000001 7.4 0 13.600000000000001 0 5.6000000000000005 3.8000000000000003 5 13 2.8000000000000003 0.2 3.8000000000000003 0 0.2 0 0.4 0 0 0 0 0 0 0 0 0 2.2 0 0 0 0 2 0 0 0 0.4 0 0 0 0 0 0 0 0.4 0 0 0 0 0 0 0 0 0 0 0.4 0 0 1.8 0 0 3.4000000000000004 0 0 0 0 0 0 1.2000000000000002 0 0 0 0 0 7.2 0 5 2.4000000000000004 4 0 0 3.2 0.8 9 2 0 0 0 3 0 5.6000000000000005 3.4000000000000004 0 0.2 0.4 0 0 0 0 0 0 0 0 0 0 0 0 0 0.4 0 0 0 4 0 0 0.2 0 0 0 0 0.2 0 0 0 0 0 0 0 0 0 0 0 0 0 0 0.4 0 0 0 0 0 0 0 0 0 0 0 0 4.2 0 0 0 0 0 0 0 0 0 0 0 0.4 0 1.2000000000000002 0 0.4 2.4000000000000004 1.2000000000000002 0 0 0.2 0 0 0 0 0 0 5 0 0 0 0 0 0 0 0 0 0 0 0 0 2.8000000000000003 0.4 0 0 0 0 0 0 0 0 0 0 0 0 
 18.400000000000002 78.4 49.800000000000004 90.2 25.6 40.6 8.6 60.400000000000006 52.400000000000006 56.800000000000004 35.800000000000004 25 8.8 26.8 62.2 0 37.4 92.60000000000001 14.4 13 0 0.6000000000000001 0 0 0.2 12.4 0.6000000000000001 0 0.4 0 0 0 0.6000000000000001 0 0 0.4 0.4 0.4 0.2 0.8 0 0 0 0 0 0.2 0 0 0.4 0 0.6000000000000001 0.6000000000000001 0 0 0 0 0 0 0.6000000000000001 0 0.4 0 0.6000000000000001 0 0.2 0 0.6000000000000001 0.4 0 0.6000000000000001 0 0 0 0.4 0.6000000000000001 0 0 0 0 0.6000000000000001 1.4000000000000001 6.2 2.8000000000000003 3 2.6 2.8000000000000003 0 3.4000000000000004 0.2 6.4 7 4.4 10.8 0.8 8.6 0 0.6000000000000001 2.2 5 8.4 0 0 0 0 0 0 0 0.4 0.4 0.2 0 0 2 0 0 0 0 0 0 0 0 0 0 0 0 0.2 0 0 0 0 0 0 0 0 0 0 0 0 0 0 0 0 0 0 10.600000000000001 0 0.2 0.2 0.4 0 0 0 0 0 0 0 0 0 0 0 13 5.800000000000001 3.2 0.4 5 0.2 0.4 4.4 3.4000000000000004 2.6 2.4000000000000004 2.6 0 6.2 7 4.4 3.8000000000000003 1.8 5 3.8000000000000003 1.4000000000000001 0 0 2.6 0 0 1.4000000000000001 2.6 0 0 0 0 2.2 0 0 0 0.2 0.4 4 2.6 0 0 0 3.8000000000000003 0 0 0 0 0.4 0 0 0 0 0 0.4 0 0 0 0 2.8000000000000003 0 0 0 0 0 0.2 0 0 0 0.2 0 0 0 0 0 0 0.2 0 0 0 0 0 0 0 0 0.2 0.2 0 0.2 0.2 0 2 2.6 0 0 0 0 0 0 0 0 0 5.6000000000000005 0 0 0 0 0 0 0 0 0 0 0 0 0 3.4000000000000004 0 0 0 0 0 0 0 0 0 0 0 0 0 
 26.8 41 34 14.8 37.2 22.200000000000003 7.6000000000000005 11.4 60.400000000000006 30 55.2 53.800000000000004 6.6000000000000005 68 21.6 37.4 0 29.400000000000002 6.800000000000001 4.2 0 0.6000000000000001 0 0.8 0 0.4 0.6000000000000001 0 0 0.2 0 0 0.6000000000000001 0 0 0 0.4 0.2 0.2 0.6000000000000001 0 0 0 0 0 0 0 0 0.4 0 0.6000000000000001 0.6000000000000001 0 0 0 0 0 0 7.800000000000001 0 8.200000000000001 0 6.800000000000001 0.6000000000000001 0.2 0 0.6000000000000001 0.4 0 0.6000000000000001 0 0 0 0.4 0.6000000000000001 0 0 0 0 0.6000000000000001 0 7.4 0 3.8000000000000003 2.4000000000000004 6 0 3.4000000000000004 2 7.2 2 2 0 0 0 5.6000000000000005 2.6 3 0 0 0 0 0 0 0 0 2.2 0 0 0 0 0 4.800000000000001 3.2 0 0 2.2 0 0.2 3.6 0 0 0 0 0 0 0 0 0 0 0 0 0 0 0 0 0 0 0 0 0 0 0 0 0 0 0 0 0 0 0 0.2 0 0 0 0 0 0 0 0 0 8 3.4000000000000004 1.8 0 0 0 0 2.6 2.6 3 6.6000000000000005 0 0 3.2 5 4.2 4.2 0 0 1.4000000000000001 0 0 0 0 0 1.4000000000000001 2.6 0 0 0 0.2 4.2 0 0 0 0 0 17.2 2.6 0 0 0 0 0 0 0 0 1 0 0 0 0 0 0 0 0 0 0 0 0 0 0 0 0 0 0 0 0 0 0 0 0 0 0 0 0 0 0 0 0 3.6 0 0 0 0.4 35 0 0.4 0.4 0 0.2 2.4000000000000004 0 0 0 0 0 0 0 0 0 0 0 0 0 0 0 0 0 0 0 0 0 0 4.6000000000000005 0 0 0 0 0 0 0 0 0 0 0 0 0 0 
 21 75 13.200000000000001 25.200000000000003 30.200000000000003 9.8 26.200000000000003 93.80000000000001 26.400000000000002 25.200000000000003 107.80000000000001 34.800000000000004 54 5 26.200000000000003 92.60000000000001 29.400000000000002 0 9 26.6 0 0.6000000000000001 0 0 0 10.200000000000001 16.400000000000002 0 0.6000000000000001 0 0 0 17.8 0 0.4 0.2 0.4 0 15.200000000000001 0.8 0.6000000000000001 0.4 0 0 0.6000000000000001 0.4 0 0 0.4 0 0.6000000000000001 0.6000000000000001 0 0.6000000000000001 0 0 0 0 0.6000000000000001 0 0.8 0 0 0 0.2 0 0.6000000000000001 0.4 0 0.6000000000000001 0 0.8 0 0.4 1 0 0.4 0 0.2 0.6000000000000001 5 0 0.2 3.4000000000000004 8 0 0 0 5.4 2.4000000000000004 7.2 2.4000000000000004 2.6 3.2 6.2 0 3.6 2.6 2.2 0 0 0 0 0 0 0 2.8000000000000003 0 0 0 0 0 3.2 10.200000000000001 13.4 0 0 0 4.6000000000000005 5.6000000000000005 0 0 0 0 0.4 0 0 0 0 0 0 0 0 0 0 0 0 0 0 0 0 0 0 0 2.2 0 0 0 0 0 0 0 9.600000000000001 0 1 0 0 0 0.4 0 5 2.8000000000000003 0.4 1.2000000000000002 0 0 2 5.6000000000000005 4.800000000000001 4 12.200000000000001 3 1.4000000000000001 5.2 0.4 0.6000000000000001 5.4 4.4 0 2.4000000000000004 0 0 0 0 0 0 0.2 0 0.4 0 0 0 0 0 3.2 0 0 0.8 0.2 0 0 0 0 0 0.2 0 0 0 0 0 0 0 0 0.2 0 0 0 0 0 0 0 0 0 0 0 0 0 0 0 0 0 0 0 0 0 0.2 0 0 0 0 0 4.4 0 0 0.2 1.2000000000000002 17.2 0.6000000000000001 16.6 0.8 0 1.8 0 0 0 0 0 0 0 0 0 0 0 0 0 0 0 0 0 0 0 0 0 0 0 2.8000000000000003 2.2 1 0 0 0 0 0 0 0 0 0 0 0 0 
 9 10 23 13.600000000000001 25.400000000000002 8.6 23.200000000000003 13 31.400000000000002 58.400000000000006 93 24 58.2 12 11.200000000000001 14.4 6.800000000000001 9 0 37 0 0.6000000000000001 0 0 0 0.4 0.6000000000000001 0.4 0.4 0.2 0 0.8 0.8 0 0.2 0.4 0.4 0.2 0.2 0.6000000000000001 1 0 0.6000000000000001 0 0.2 0 0 0 0.4 0.8 1.6 0.8 0.4 0 1 0 0 0.6000000000000001 2.2 0.2 0.4 2.4000000000000004 0.4 0 0.2 0.6000000000000001 0.6000000000000001 0.6000000000000001 0.6000000000000001 0.8 0 0 0 0.8 2 0.4 0 0 0 0.6000000000000001 7.800000000000001 1.8 3.2 0 0 0 1.8 7.800000000000001 3.8000000000000003 0 0 0 6.800000000000001 2.2 1.8 5.2 0 0 2.8000000000000003 1.2000000000000002 0 2.4000000000000004 0 0 0 0 0 0 0 0 0 0 0 0 0 0 0 0 0 0 0 0 0 0 0 0 0 0 0 0 0 0 0 0 0 0 0 0 0 0 0 0 4.2 0 0 0 0 0 0 0 0 0 0 0 0 0 0 1.8 0 0 7 0 0 0 0 0 0 0 0.2 0 0 3.2 7.2 2.8000000000000003 3.2 1.4000000000000001 0.6000000000000001 0 5.4 5.4 0 0 0 0 0 0 0 0 0 0 0 0 0 0 0 2.2 0 0 0 0 0 0 0 0 0 0 0 0 0 0 0 0 0 0 0 0 0 0 0 0 0 0 0 0 0 0 0 0 0 0 0 0 0 0 0 0 0 0 0 0 0 0 0 0 0 0.4 0 0 0 0 2.8000000000000003 0.6000000000000001 0 0 0 0 0 0 0 0.4 0 0 0 0 0 0 0 0 0 0 0.2 0 0 0 0 0 0 0 0 0 0 0 0 0 0 0 0 0 0 0 
 28 27.400000000000002 28.200000000000003 15.200000000000001 18 11.8 14 68 48 17.8 14.200000000000001 7.4 35 39.2 41.2 13 4.2 26.6 37 0 0 1.2000000000000002 0 0 0 0.6000000000000001 18.2 0.4 0.6000000000000001 0 0 0.2 0.6000000000000001 0 0 0.4 0.4 0 0.6000000000000001 0.6000000000000001 0 0.8 0 1 0 0 0 0.4 0.4 0.8 0.6000000000000001 1.4000000000000001 0 1.4000000000000001 0.2 0.2 0.4 0.6000000000000001 0.6000000000000001 0 0.6000000000000001 0.8 0 0 0.4 1.2000000000000002 0.6000000000000001 0.4 0 0.6000000000000001 0 0 0.6000000000000001 1.4000000000000001 0.6000000000000001 0 0 0 0 0.6000000000000001 1.6 3.6 3.8000000000000003 0 2.4000000000000004 0 1.6 2.4000000000000004 2.8000000000000003 0 2.6 0 4.2 2 11.4 0 2.2 0.4 2.6 4.800000000000001 0 2.2 0 0 0 0 0 0 0 0.2 0 0 0 0 0 0 0 0 0.2 0 0 0 0 0 0 0 0 0 0 0 0 0 0 0 0 0 0 0 0 0 0 0 0 0 0.6000000000000001 0 0 0 0 0 0 0 0 0 0 0 0 0 0 0 1.6 1.8 0 1.4000000000000001 0 0 2.4000000000000004 5 0.2 0 0 0 0 3.4000000000000004 0.4 3 2.8000000000000003 3.8000000000000003 0.4 0 2.8000000000000003 0 0 0 0 0 0 0 0 0 0 0 0 0 0 0 0 0 0 0 0 0 0.2 0 0 0 0 0 0 0 0 0 0 0 2.6 0 0 0 0 0 0 0 0 0 0 0 0 0 0 0 0 0 0 0 0 0 0 0 0 0 0 0 0 0 0 0.4 0 0 0.4 0.4 0.2 1 0 0 0 0 0 0 0 0 0 0 0 0 0 0 0 0 0 0 0 0 0 0 0 0 0 2 0 0 0 0 0 0 0 0 0 0 0 0 
 0 0 0 0 7.2 0 5.4 0 0 0 0 0 0 0 0 0 0 0 0 0 0 63.800000000000004 47.800000000000004 43.400000000000006 78 16.2 60 86.60000000000001 7 32.2 35 54.6 10.4 44.800000000000004 86.2 76.60000000000001 24.200000000000003 7.4 48.6 7 0 0 0 0 0 0 0 0 0 0.4 0.6000000000000001 1 0 0.4 0.4 0 0.4 0 0 0 0 0 0.4 0.6000000000000001 0 0 0.2 0.6000000000000001 0 0 0.6000000000000001 9.600000000000001 0 0 0 0 0.2 2.8000000000000003 0 0.6000000000000001 0 0 0 0 0 0 0 0 0 0 0 3.6 0 0.4 0 0 0.4 0 0 0 12 0 0.2 0 6.6000000000000005 0 3 5 8 2.2 7.6000000000000005 5.800000000000001 0 0.4 2.6 1.6 0 0.8 0 4 0 0 0 0 0 0 4.2 0 0.2 0 0 0 0 0 0 0 0 0 0 0 0 0 0 0.2 0 0 0 0 0 0 0 0 0 0 0 0 0 0 0 0 0 0 0 0 1.8 0 0 0 0 0 2.8000000000000003 1.8 5.4 0 0 0 0 0 0 0 3.4000000000000004 0 9.200000000000001 2.6 0 2.4000000000000004 4.2 4.6000000000000005 11.600000000000001 4.2 5.2 1.8 8 2 0.2 2.6 0 2.2 0 4.800000000000001 0 0 0 0 0 0 2.4000000000000004 0 0 0 0 0 0 0 0 0 0 0 0 0 0 0 0 0 0 0 0 0 0 0.2 0 0 0 0 0 0 0.4 0 0 0 0 0 0 0 0 0 0.2 0 0 0 0 0 0 0 3.2 0.4 0 30.6 0 0 4.4 0 0 0 0 0 0 0 0 0 0 0 0 0 0 0 0 0 0 0 0 0 0 0 0 0 0 0 0 0 
 0.4 13.200000000000001 0.4 1 0.4 0.6000000000000001 6 0.4 0.6000000000000001 0.4 0.6000000000000001 0.6000000000000001 0.4 0.6000000000000001 0.4 0.6000000000000001 0.6000000000000001 0.6000000000000001 0.6000000000000001 1.2000000000000002 63.800000000000004 0 20.6 113.80000000000001 9 10.4 77.60000000000001 37.6 37.2 28.6 24.400000000000002 13.4 11.8 54 21.400000000000002 7.800000000000001 31 22.200000000000003 9.600000000000001 10.200000000000001 0 0 0 0 0 0 0 1 0 0.4 0.6000000000000001 0 12.600000000000001 0.4 0 0.8 0.4 0 12.4 0 0 0 0.4 0.6000000000000001 0 0 0.2 0.6000000000000001 0 0 0.6000000000000001 0 1 0 0 0 0.2 0 0 0.6000000000000001 0 0 0 0 5.800000000000001 0 0 0 0 0 0 0 0 0 0 0 0 0 4 0 0 1 8 0.6000000000000001 4.800000000000001 1.8 0 0.8 8 3.6 2.2 3 1.2000000000000002 0 5.6000000000000005 7.4 8 0 0 1.8 1.6 0 0.4 0.4 0 0 0 0 0 0 0 0 0 0 0 0 1.8 3.6 4 0 0.2 0.2 0.6000000000000001 0 0 0 0 0 0 0 0 0 0 1.2000000000000002 0 0.2 0 0 0 0.6000000000000001 0 0 0 0 0 0 2.6 0 0 0 0 0 0 0 0 0 0 0 0 0 0 3.4000000000000004 0.6000000000000001 7 0.6000000000000001 4.800000000000001 0 2.6 4.800000000000001 0 8.200000000000001 4.6000000000000005 0.4 2.4000000000000004 2.2 4 2.2 3.2 0 2.2 0 0 0 0.4 0 0 1.8 0 0 0 0 0 3.2 0 0 0 0.2 0 3.8000000000000003 0 0 0 0 0 0 0 0 0 0 0 4.4 0 0.4 0 0 0 0 0 0 0 0 0 0 0 0 0 0 0 0 0 0 0 0 0 3.6 0 0 21.400000000000002 0.2 0.4 0 0 0 0 0 0 0.8 0 0 0 0 0 0 0 0 0 0 0 0 0 0 5.2 0 0 2 0 0 0 0 0 
 0 0 0.2 0 0 0 0 0 0 0.4 0 0 0.2 0.2 0.4 0 0 0 0 0 47.800000000000004 20.6 0 72.2 36.2 22.400000000000002 49 34.6 17.8 14 39 56.800000000000004 29.8 83.80000000000001 65 13 50 21.8 8.200000000000001 7.2 0 0 0 0 0 0 10.200000000000001 0 10 0.4 0.8 0.4 0 0.6000000000000001 0 0 0.4 0 13 12.600000000000001 0 0 0.4 0.6000000000000001 0 0 0 0.6000000000000001 0 0 0.6000000000000001 0 0 0 0 0.6000000000000001 0.6000000000000001 0 0 0.6000000000000001 3 0 1.2000000000000002 0 0 0 0 0 0 0.2 0 0 0 0 0 0 0.6000000000000001 0 0 0 9.200000000000001 2.2 6.6000000000000005 3.6 1.8 3.4000000000000004 0 2.6 0 2.4000000000000004 7.4 4 0 0 2.2 6.2 8.6 4.800000000000001 0 0 0 0 0 0 0 0 0.2 0.6000000000000001 0 0 0 0 5.800000000000001 0 0 0 0 0 0 0 1.4000000000000001 0 2 0 0 0 0.4 0 0 0 0 0 0 0 0 0 0 1.8 0 0 0 0 0 0 0 0 0 0 0 0 0 0 0.6000000000000001 0 0.4 0 0 0 0 0 2.8000000000000003 5.2 7.4 4.800000000000001 0.4 3.4000000000000004 0 2 2.2 5.2 7.800000000000001 6.2 2.4000000000000004 7.800000000000001 7.6000000000000005 1.2000000000000002 5.6000000000000005 1.6 0 3.8000000000000003 1.2000000000000002 0 0 0 0 0 2.8000000000000003 0 3.2 0 0.2 0 3.8000000000000003 0 0 0 0.2 0 3.4000000000000004 1.8 0.4 0 0 0 0 0 0 0 0 0 0 0 0 0 0 0 0 0 0 0 0 0 0 0 0 0 0 0 0 0 0 0 0 0 0 0 0 9.600000000000001 0.4 0.4 4 0 0 0 0 0 5.6000000000000005 0.2 0 0 0 0 0 0 0 0 0 0 0 4.2 0 2.4000000000000004 0 0 0 1.4000000000000001 0 0 0 0 
 0 0 1.4000000000000001 0 0 0 4.4 0 0 0 0.2 0 0 0 0.6000000000000001 0 0.8 0 0 0 43.400000000000006 113.80000000000001 72.2 0 94.4 70.8 35.4 42.800000000000004 19.8 53.400000000000006 68.60000000000001 21 52.6 90.60000000000001 20.6 25.400000000000002 68.8 18.2 17 31.400000000000002 0 0 0 0 0 0 13 0 0 0.8 1.4000000000000001 0 11.600000000000001 0.4 0 0.4 0.4 0 0 0 0 0.2 0.4 0.6000000000000001 0 0 0 0.6000000000000001 0 0 0.6000000000000001 0.4 0 0 0 0 0.4 0 0 0.6000000000000001 0 0 0 0 0 0 0 0 0 0 0 0 0 0 0 0 0 0 0 0 0.4 0.4 15.8 7.800000000000001 12 0 0 4.800000000000001 1.2000000000000002 5.6000000000000005 11 4.4 2.6 0 4.2 6 15.600000000000001 3 0 0 0 0 0 0 0 0 8.4 0 0 0 0 0 0 3.2 0 0 1.8 0 1.8 0 0 0 1.4000000000000001 0 0.2 0.2 0 0 0 0.4 0 0 0 0.6000000000000001 0 0 0 0 0 1.2000000000000002 0 0 0 0 0 0.2 0 0 0 0 0 0 0 0 0 0 0 0 0 0 0 3.6 0.2 1.8 5.800000000000001 0 0 0.2 2 0 2.6 2 6.6000000000000005 2.6 1.4000000000000001 11 3.6 9.600000000000001 0 2.4000000000000004 0 0 0 0 0 0 2.2 0 0.2 0 0 0 3.8000000000000003 3 4 0 0 0 0 6 0 0 0 0 0 0 0 0 0 0 0 0 0 0 0 0 1.2000000000000002 0 0 0 0 0 0 0 0 0 0 0 0 0 0 0 0 0 1.4000000000000001 0 0.2 13.200000000000001 0 0.2 1.2000000000000002 0 0 0 0 0 6.2 0 0 0 0 0.2 0 0 0 0 0 0 0 0 0 5 0 0 0 0 0 0 0 0 
 0.2 0 0 0 0.2 0 5.2 0 0 0 0 0 0 0 0 0.2 0 0 0 0 78 9 36.2 94.4 0 27.6 8.4 57 23 64.60000000000001 17 31.8 19.6 52 19.6 21.8 65.2 20 29.400000000000002 17.6 0 0 0 0 0 0 0 25.200000000000003 0 0.4 0.4 0.2 0 0.4 0.4 4.2 13 4.800000000000001 0 5.4 0 0 0.8 1.2000000000000002 0 0 0 0.6000000000000001 0.4 0 0.6000000000000001 0.8 0 0 0 0 11.600000000000001 0 10.200000000000001 0.6000000000000001 0 0 0 0 0 0.4 0 0.2 0 0 0 0 0 0 0 0 0 0 0 0 2.8000000000000003 0 6.2 6 1.4000000000000001 1.4000000000000001 0 5 3.8000000000000003 0 6.800000000000001 2.4000000000000004 0 0 0.4 1.8 16 2.8000000000000003 0 0 0.6000000000000001 0 4 0 0 0 2.2 4.4 0 0 0 0 2 0 1.6 4.6000000000000005 0 0 3 0.6000000000000001 0 0 0 1.2000000000000002 0 0 0 0 0 0 0 0 0 0 0 0 0 0 0 0 0 0 0 0 0 0 0 0 0 0 0 0 0 0 0 0 0 0 0 0 0 0 0.8 5.6000000000000005 0 7.2 0 0 1.4000000000000001 2.4000000000000004 1.6 4.4 0 0 3.8000000000000003 2.6 3 0.4 0 0 0.2 0 0 0 0 0 4.2 2.4000000000000004 3 0 0 0 6.6000000000000005 0 0 3.2 2.6 2.4000000000000004 19.8 3.8000000000000003 0 0 0 0 0 0 0 0 0 0 0 0 0 0 0.2 0 0 0 0 1.8 0 0 2 0 0 0 0 0 0 0 0 0 0 0 0.8 0.2 0 0.4 0.6000000000000001 0 0.6000000000000001 0.4 0 0 0 0 6.6000000000000005 0 0 0 0 0 0 0 0 0 0 0 0 0 0 0 0 0.2 4.6000000000000005 0 0 0 0 0 
 0.6000000000000001 0.4 0.4 0.4 0.4 0.8 0.6000000000000001 0.4 0.4 0.4 0.4 0.4 0.4 0.4 0.4 12.4 0.4 10.200000000000001 0.4 0.6000000000000001 16.2 10.4 22.400000000000002 70.8 27.6 0 9.200000000000001 7.2 83.80000000000001 31.400000000000002 42.6 6.4 8.8 55 37 12.600000000000001 19.400000000000002 14.200000000000001 8.4 14.4 4 12.4 12.600000000000001 0 0.4 0.8 6.6000000000000005 0.2 0 0.4 0.4 0.8 21.8 0.4 0.4 0 1 0 5.2 0 0 0.6000000000000001 0.4 1.2000000000000002 0.4 0.4 0 0.6000000000000001 0 0.4 0.6000000000000001 0.4 0.4 0.4 0.2 9.600000000000001 0 0 0 1 0 0 0 0 0 0 0 0 0 0 0 0 0 0 0.4 0 0 0 0 0.4 1.8 0 0 2 6.6000000000000005 2 0 1.6 0 0 2.8000000000000003 9.8 0 0 0 0 0 0 0 0 0 3.6 12 0 0 0.2 9.200000000000001 0 0 0.4 1.6 0 1.8 4.6000000000000005 0.2 8.4 2.6 0 2 5.4 0 0 0.2 3.6 0 0 0 0 0 0 0 0 0 0.2 0 0 0 0 0 0 0 0 0 0 0 0 0 0.4 0 0 0 0.8 0 0 0 0 0 0 0 0 0 0 2.4000000000000004 5.2 0.2 5 0 0 7.2 1.6 1.4000000000000001 2.4000000000000004 0 0 0.4 3.8000000000000003 0.2 0 0 0 0 0 0 0 0 0 2.8000000000000003 5.6000000000000005 0 0 0 0 4.4 3.4000000000000004 6 3.6 0 0.2 1.8 5.800000000000001 0 0 0 0 0 0 0 0 0 0 0.4 0.4 0 0 0 0 0 0 0 0 0 0 0 0 0 0 0 0 0 0 0 0 0 0.2 1.8 0 0.2 0.8 0.2 0.4 0.2 0 0 0 0 0 0 0 0 0 0 0.4 0 0 0 0 0 0 0 0 0 0 0 0 0 2.4000000000000004 0 0.6000000000000001 0 0 
 0.6000000000000001 0.6000000000000001 26 0.6000000000000001 20.8 0.6000000000000001 0.8 0.6000000000000001 0.8 22.400000000000002 8.4 0.6000000000000001 0.6000000000000001 1.8 1.2000000000000002 0.6000000000000001 0.6000000000000001 16.400000000000002 0.6000000000000001 18.2 60 77.60000000000001 49 35.4 8.4 9.200000000000001 0 80.2 10.4 45 26 19.6 48 46.400000000000006 46.400000000000006 6.2 31.200000000000003 68.2 11.600000000000001 24.200000000000003 0 0 0.8 0 0 0 0 0 0 1.2000000000000002 16 0.8 0 0.4 0 0 0.4 0 0 0 0 0.8 0.4 0.6000000000000001 0 0.8 1.2000000000000002 0.6000000000000001 0 0 0.6000000000000001 6.6000000000000005 0 8.6 0 0 0 0.4 0 0.6000000000000001 0 0 0 0 0.2 0 0 0 0.2 0 3.2 3.6 0.4 0.4 0 0 0.4 2 0 0 4 0 4 0 8 2.2 3.6 4.800000000000001 0 2.4000000000000004 0 5.800000000000001 10.4 2.2 1.4000000000000001 0.2 5.800000000000001 0 2.6 6.800000000000001 0 0.4 0 0 0.2 0 0 0 0 0 0 0 2 0 0 0 0 0 0 0 0 0 0.2 0 0 0 0 0 0 0 0 0 0 0 0 0 0 0 0 0 0 0 0.2 0 2.6 6.6000000000000005 0 0 0 0 4.800000000000001 1.4000000000000001 0 0 0 0.4 0 0 0 0 0 3 5.800000000000001 0.2 0 3 2.2 0.8 2.2 2 7 1.8 8.8 5.6000000000000005 2.8000000000000003 0.8 2 7.2 0 4.2 0 0 0 0 0 0 0 0 0 0 0 0 0 0 0 0 0 0 0 0.4 0 0 0 0 0 0 0 0 0 0.2 0 0 0 0 0 0 0.4 0 0 0 0 0 0 0 2.6 0 0.8 0 0 15 0 0 0 1.6 1.8 0.4 0.4 8.4 0 0.4 0.6000000000000001 0 0 0 0 0 0 0 0 0 0 0 0 0 0 0 0 0 0 3.4000000000000004 0 2.8000000000000003 0 0 0 0 2.8000000000000003 0 0 0 
 0 0 0.4 0.2 18.2 1 0 0 0 0.4 0 0 0 0.4 0 0 0 0 0.4 0.4 86.60000000000001 37.6 34.6 42.800000000000004 57 7.2 80.2 0 27 14.4 8.200000000000001 7.6000000000000005 47.6 34.4 17.2 17.8 29.6 7.4 15.200000000000001 61 0 0 0 0 0 12.200000000000001 6.6000000000000005 0 0 0.4 2.2 4.800000000000001 0.2 0.4 11.4 0 0.4 0 0.6000000000000001 0 0 0 0.4 0.6000000000000001 0 0 0 0.6000000000000001 0 0 0.6000000000000001 0.2 11 0 0 0 0 0 0 0.6000000000000001 3.6 0 0 8.6 0 0 2 0 0 0 0.2 0 0 0 3.6 0 1.8 0.4 0 0 4.4 2.8000000000000003 5.800000000000001 0 2.8000000000000003 0 2.2 2.4000000000000004 2 5.2 2.2 0 4.6000000000000005 1.8 1.6 3.6 7.2 2.4000000000000004 0 5.800000000000001 0 0 0 0 0 0 0 0 0 0 0 0 3.8000000000000003 0 2.2 0 0.4 0 0 0 0 0 0 0 0 0 0 0 0 0 0 0 0 0 0 0.2 0 1 0 0 0 0 0 0 0 3.4000000000000004 0 0 0 0 1.4000000000000001 0 0.4 0 0 0 0 0 0 0 6.2 6.6000000000000005 2.2 0 0 0 3.4000000000000004 4.2 0 2.4000000000000004 0 0 6.6000000000000005 0 2 3.8000000000000003 2.6 6.6000000000000005 0.2 4.4 0 0 0 0 0 0 0.4 2.2 0 0 0 0 0 0 0 0.4 0 0 0 2 0 0 0 0 0 0 0 0 0 0 0 0 0 0 0 0 0 0 0 0 0 0 0 0 0 0 0 0 0 17.2 0 0.2 0 0 3 0 0.6000000000000001 15 0 0 0.6000000000000001 0 0 0 0 0 0 0 0 0 0 0 0 0 0 0 0 0 0 0 0 3.4000000000000004 0 0 0 0 0 0 0 0 
 0.2 0.2 4.6000000000000005 0.2 0.4 0 0.4 0 0 0 0.4 0 0.4 0.4 0.2 0.4 0 0.6000000000000001 0.4 0.6000000000000001 7 37.2 17.8 19.8 23 83.80000000000001 10.4 27 0 93.4 21.200000000000003 7.4 19.200000000000003 56.2 83.4 32 22.6 67.8 28.8 55.800000000000004 0 0 0 0 0 0 13.600000000000001 0 0 0.4 0.4 0 9.200000000000001 0.4 0 0 0.4 0.6000000000000001 0.2 12.4 0 0 0.4 2.4000000000000004 0 1 0 0.6000000000000001 0 0 0.6000000000000001 0.4 0 0 10 0 0 0 0 0.6000000000000001 0 0 0 0.2 0 0 0 0 0 0 0 0 0 0 0.4 0 0 0 0 0 0 0 9.8 2 6.2 6.800000000000001 0.2 0 7.800000000000001 4.800000000000001 0 0 0 0 0 0 7.6000000000000005 4.6000000000000005 0 0 5.2 0 0 0 0 0 5 4.4 0 1.6 0 0 4.6000000000000005 6.6000000000000005 0.2 0.2 0.8 0 7 0 0 0 1.2000000000000002 0 0 0 0 0 0 0 0 0 0 1.4000000000000001 0 0 0 0.2 0 0.6000000000000001 0 0 0 3.4000000000000004 0 0 0 1 0 0 0 0 0 0 0 0 0 0 0 0 0 1.6 3.6 4 4.4 7.2 0 1.2000000000000002 6.6000000000000005 2.8000000000000003 4.2 1.6 0 0 0 4 2.4000000000000004 0 0 0 3.6 5.2 0 0 0 0 0 0.4 0.2 0 0 0 6.800000000000001 7 11.200000000000001 0 0 0 8.4 0 0 0 0 0 1.4000000000000001 0 0 0 0 0 0.2 0.4 0 0 0 0 0 0 0 0 0 0 2 0 0 0 0 0 0 0 0 0 0 0 2 0 0.2 0 0.4 0.8 0.2 0 0.2 0 0 0 0 0 0 0 0 0 0 0 0 0 0 0 0 0 0 2.8000000000000003 0 0 0 0 0 0 0 0 
 0 0 0 0 0.2 0.4 0 0 0 0 16.2 0 0 0 0 0 0.2 0 0.2 0 32.2 28.6 14 53.400000000000006 64.60000000000001 31.400000000000002 45 14.4 93.4 0 70.2 7.4 61 40 44 26.400000000000002 34.4 27.8 40 62.800000000000004 0.4 0 0.2 0 0 0 0.2 0.6000000000000001 0 1 1.4000000000000001 0.4 12.4 0.4 0.4 0 0.4 0 12.600000000000001 12.4 9.200000000000001 0 0.4 2 0 0 0 1.2000000000000002 0 0 1.2000000000000002 0 0.8 0 0.4 0 0.2 0.2 0 0.6000000000000001 0 0 0 0 0 0 0 0 1.6 0 0 0 0 0 0 0 0 0 0 0 8 0 3.8000000000000003 1.6 5.4 6.6000000000000005 0 2.2 0 8 6.2 13 0 0 0 2.8000000000000003 4.4 0 0 0.2 0 0 4.2 0 0 0 2.4000000000000004 4 0 0 0 0 13.8 0 0 0.2 1.4000000000000001 0 1.6 0 0.2 0 0.4 0 0 0 0 0 0 0 0 0.4 0 0.4 0 0 0 0.2 0 0.8 0 0 0 0 0 0 0 0 0 0 0 1 0 0 0 0 0 0 0 0 0 4 3.8000000000000003 6 4 7 0 0 16 5 4.4 11.4 5.800000000000001 3.2 0 7.2 2.6 0 0 0 3.2 3.6 0 0 2.4000000000000004 0 0 0 0 0 0 0 2.8000000000000003 1 0 0 0 0 7.6000000000000005 1.8 0 0 0 0 0.2 0 0 0 0 0 0 0 0 0 0 0 0 0 0 0 0 0 0 0 0 0 0 0 0 0 0 0 0 0 4.2 0.2 0 15.600000000000001 1 0 0.8 0 0 2 0 0 0 0 0 0 0 0.2 0 0 0 0 0 0.2 0 0 0 4 0 0 0 0 0 0 0 0 
 0 0.4 0.6000000000000001 0.4 0 0 0 0 0 0 0 0.2 0 1 0.4 0 0 0 0 0 35 24.400000000000002 39 68.60000000000001 17 42.6 26 8.200000000000001 21.200000000000003 70.2 0 45 8.8 32.4 32 36.2 40.400000000000006 24 11.8 58.6 0.8 0 0 0 0.2 0 0 14.200000000000001 0 0.4 0.4 1.4000000000000001 1 0.4 0.6000000000000001 0.4 0.4 1.2000000000000002 6.2 6.2 0 0 0.4 0.6000000000000001 0 0 0 0.6000000000000001 0 0 0.6000000000000001 0.4 0 0 0.2 0 0 0.4 0 1.6 0.4 0 0 0 0 0 0 0 0 0 0 0.2 0 0 0 0 0 0.2 0 0.2 7.2 0.2 2.4000000000000004 8 0.2 0.2 0 2.6 0 4.800000000000001 8 5.800000000000001 0 0 0.2 3.8000000000000003 6.2 2.2 0 0 0 0 6 0.4 0 0 1.2000000000000002 2.4000000000000004 0 0 0 0 5.6000000000000005 0 0 0 0.4 0 0 0 1.4000000000000001 0 0 0 0 0 0 0 0.2 0 0 0 0 0 0 0.2 0 5.6000000000000005 0 2 0 0 0 0 0 0 0 0 0 0 0 2.4000000000000004 0 0 0 0 0 0 0 0 0 2 1.8 7 6.4 7.2 0 0 4.4 5.800000000000001 5.800000000000001 8 4.2 3 1.2000000000000002 4.800000000000001 0 0 0 0 0.2 4.6000000000000005 0 0 0 0 0.4 3.2 0 0 0 0 1.4000000000000001 1.8 0 0 0.2 0 5.4 0.2 0 0 0 0 0 0 0 0 0 0 0 0 0.4 0 0 0 0 0 0 0 0 0 2 0 0 0 0 0 0 0 0 0 0 0 3.4000000000000004 0.2 0 33.4 17 0 0.4 0 0 0 0 0 0 0 0 0 0 0 0 0 0 0 0 0 0 0 0 1.6 0 0 0 0 0 0 0 0 
