 0 46 48.2 10 9 10 55 67.4 6.6000000000000005 5.4 20.8 6 20.200000000000003 42.6 83.60000000000001 26.400000000000002 26 17.400000000000002 66.2 26 0 0 0 0 0 0.4 0 0.6000000000000001 0 0 0.2 0 0 0 0 0 0 0 0.6000000000000001 0.4 0 0 0 0 0 0 0 6.800000000000001 0 0 0 0 0.6000000000000001 0 7.4 0.6000000000000001 0 0 0.6000000000000001 0 0 10.200000000000001 0 1.4000000000000001 0 0 0 0.6000000000000001 0 0.6000000000000001 0 0 0 0 0 0.6000000000000001 0 0 0 0.2 0 0 1.6 0.4 0 0 4.6000000000000005 4.6000000000000005 0 2 2.8000000000000003 2.8000000000000003 4.2 0.2 0.2 3.8000000000000003 1.4000000000000001 3.4000000000000004 0 3.2 0.2 0.2 0 0 0 0 0 0 0 0 0 0 0 0 0 0 0 3.4000000000000004 0 2.2 0 0 0 0 0 0 3.4000000000000004 0 0 0 0 0 0 0 0 0 0 0 0 0 0 0 0 1.2000000000000002 0 0 0 0 0 0 0 3.2 0 0 0 0 0.2 0 0 0.2 5.800000000000001 5.6000000000000005 0 0.2 0.2 6.4 0.2 4 1.2000000000000002 1.4000000000000001 1 0 1.8 3.4000000000000004 0.4 4 8.8 2.8000000000000003 0 5 0 0.2 0 0 0 0 0 0 0 0 0 0 0 1.8 0 0 0 0 0 2.2 0 0 0.2 0 0 0 0 0.4 0 0 0 0 0 0 0 0 0 0 0 0 0 0 0 0 0 0 0 0 0 0 0 0 0 0 0 0 0 0 0 0 0 0.2 0 0 0 0.4 0 0 0.2 0.6000000000000001 0 1.2000000000000002 0 3.2 0 0 0 0 0 0 0 0 0 0 0 0 0 0 0 0.2 0 0 0 0 0 0 0 0 0 0 0 0 0 0 0 0 0 0 0 0 
 46 0 31 66.8 88.2 49.800000000000004 30 45 43.800000000000004 7.4 87.2 51 20 50 29 32.6 38.400000000000006 34.2 29.400000000000002 17.400000000000002 0 0 0 0 0 0 0 0.6000000000000001 0 0 0 0 0.2 0.2 0 0 0 0.2 15.200000000000001 3.2 0 0 0 0 0 0 0 0 0 0 0 0 0.6000000000000001 0 0.6000000000000001 0 0 0 0.6000000000000001 0 0 0 5.2 3 0 0 0 0.6000000000000001 0 0.4 0 0.4 0 0 0 0.4 0 0 0 0.6000000000000001 3 13 2.6 1.8 0 2.4000000000000004 0 4.800000000000001 2.6 2.4000000000000004 7 3 3 0 1.8 4.4 2.2 2.2 0 7.6000000000000005 2 0 0 0 0 0 1 0 0 0 0 0 0 0 0 0 0 0 3.6 0.4 0 0 0 0 0 0 0 0 0 0 0 0 0 0 0 0 0 0 0 0 0 0 0 0.2 0 1.8 2.4000000000000004 0 0 0 0 0 0 1.2000000000000002 0.6000000000000001 0 0 0 0 0 8 0 2.8000000000000003 5.6000000000000005 0.2 8.8 0 2 6 0.2 4.6000000000000005 1 0 2 0 2.6 1 6.800000000000001 0 0 0 0 0 0 0.4 0 0.6000000000000001 0 0 0 0 0 3.8000000000000003 1.6 0 0 0 0.2 3 3.6 0 0 0 0 0 0 0 0 0 0 0 0 0 0 0 0 0 0 0 0.2 0 0 0 0 0 0 0 0 0 0 0 0 0 0 0 0 0 0 0.4 0 0 0 0 0 0 0.4 0.2 0 4 0.4 0 1.2000000000000002 0 0 0 0 0 0 0 0 0 0 0 0 0 0 0 0 0 0 0 0 0 0 0 0 7.2 3 0 0 0 0 0 0 0 0 0 0 0 0 
 48.2 31 0 26.200000000000003 29.6 28 16.400000000000002 14.8 98.80000000000001 12.600000000000001 32.6 24.6 16.2 28 27.200000000000003 67 7 8.6 6.6000000000000005 26.8 0 0 0 0 0 0 0 0.6000000000000001 0 0 0.4 0 0 9 0 0 0 0.2 22.8 17.2 0 0 0 0 0 0 0 0 0 0 0 0 0.6000000000000001 0 0.6000000000000001 0 0 0.4 0.6000000000000001 0 0 0 0.2 6.2 0 0 0 9.4 0 0.4 0 0.4 0 0 0 0.4 0 0.2 0 0.6000000000000001 3.4000000000000004 7.2 2.4000000000000004 0 0.2 0.4 0 2.8000000000000003 6 0 9.600000000000001 5.4 2.8000000000000003 1.4000000000000001 8.8 7.4 1.8 12.8 0 0 3.8000000000000003 9.4 0 0 0 0 0 0 0.2 0 0 0 0 0 0 0 0 2.4000000000000004 0.2 0 0 0 0 0 0 0 0 0 0 0 0 0 0 0 0 0 0 0 0 0 0 0 0 0 0 0 0 0 0 0 0 0 0 0 4 0 0.4 0 0 0.4 0 1.8 11 0 10.600000000000001 2 5.4 1.2000000000000002 1.2000000000000002 1.8 10 1.8 0 6.800000000000001 2.8000000000000003 9 0 0.2 0.2 0.4 0 5 0 0 0 0 2.4000000000000004 0 0 0 0 0 3.6 2.4000000000000004 0.4 0 0 0 0 6 0 3.4000000000000004 0 0 0 0 0 0.2 0 0 0 0 0 0 0 0 3.4000000000000004 0 0 0 0 0 0 0 0 0 0 0 0 0 0 0 0 0 0.2 0 0 0 0 0 0 0.4 0 0 0.2 0 0.2 0 0 0.2 2.6 1.4000000000000001 0 0.4 0 0 0 0 0 0 0 0 0 0 0 0 0.2 0 0 0 0 0 0 0 0 3.4000000000000004 0 0 0 0 0 0 0 0 0 0 0 0 0 0 
 10 66.8 26.200000000000003 0 60.2 84.4 17 16 49.6 29.400000000000002 33.2 13.200000000000001 11.600000000000001 55.2 33 45.6 59.400000000000006 34.2 18.2 28.400000000000002 0 0.4 0 0 1 0 32.800000000000004 0.6000000000000001 0 0 32.2 0 0.4 0.2 0.2 14.600000000000001 1 0 35.800000000000004 11.8 0 0.2 0 0 0 0 0.4 0 0 0 12.600000000000001 0 0.6000000000000001 0.2 1 0.2 0.4 0 0.8 0 0 0 0.2 0 0 0 0 0.6000000000000001 1.6 2 0 0.4 0 0 0 0.4 0 0 0 0.6000000000000001 0 5.4 2.8000000000000003 4.2 5.800000000000001 3.8000000000000003 0 0 2.6 2.4000000000000004 8.6 3.2 0 0 0.2 2.4000000000000004 9.600000000000001 5.4 0 0 3 3.8000000000000003 0.2 0 0 0 1.2000000000000002 0 0.2 0 0.2 0 2 8.4 3.2 0 0 0 5.6000000000000005 3.6 0.2 0 0 0 0 0 0 0 0 0 0 0 0 0 0 0 0 0 0 0 0 0 0 0 0 1.6 0 0 0 0 0 0 0 2 0.6000000000000001 0 0 0 0 0 0 4.800000000000001 0 4.4 3.2 0 0 0.2 0 5 0.8 3.2 0 0 0 0 5.6000000000000005 7.6000000000000005 0 0 5.800000000000001 0 0 0 0 0 0.6000000000000001 0 0 0 0 0 7 5 1.8 0 0 0 4.4 3.4000000000000004 0 0 0 0 0 0 0 0 0 0 0 0 0 0 0.8 0 0 0 0 0 0 0 0 0 0 0.2 0 0 0 0 0 0 0 0 0 0 0 0 0 0 0 0 0 0 0 0.2 17.8 0.2 0.8 9.4 0 1 0 0 0.4 0 0 0 0 0 0 0 4 0 0 0 0 0 0 0 0 0 0 0 0 0.8 0 10.600000000000001 0 0 0 0 0 0 0 0 0 0 0 0 
 9 88.2 29.6 60.2 0 115.60000000000001 7 11.4 33.6 26.200000000000003 74 29.6 19 13.8 38.2 36 24.200000000000003 70.4 12.600000000000001 16.6 0 0 4.4 0 0 0.2 0 4.800000000000001 0 0 0.4 0 12 7.6000000000000005 8.200000000000001 30 14.8 0 12.8 32 0 0 1.2000000000000002 0 0 0 0 0 0 0 13.200000000000001 0 0.6000000000000001 0 0.6000000000000001 0 0 1.2000000000000002 0.6000000000000001 0 0 0 0.4 0 0 0 0 0.6000000000000001 0 0.4 0.2 11.600000000000001 0 0 0 0.4 0 11.200000000000001 0 0.6000000000000001 0 2.2 0 2.8000000000000003 4.6000000000000005 5.4 0 0.2 1.6 2.6 0.4 6.6000000000000005 0 2.6 0.4 3.6 0.8 3 0 0 3.6 0.4 0 0 0 0 4.4 2 0.2 2.8000000000000003 1 0 0 3.6 0 0.8 4 0 7 0 0 0 0 0 0 0 0 0 0 0 0 0 0 0 0 0 0 0 0 0 0 0 0 0 0 0.4 3.8000000000000003 0 0 0 0 0 0 1.2000000000000002 1.4000000000000001 0 0 0 0 0.4 0 2 0 1.8 0 2 0 0 0 2 0 2 0 0 0 0 2.2 4 0 0 0.8 9.8 3.8000000000000003 0 2.2 0 4.4 5.800000000000001 3 0 0 0 2.6 0 0 0 0.2 0 0 15 0 0 0 0 0 0 0 0 0 0 0 0 0 0 0 0 0 0 0 0 0 1.8 0 0 0 0 0 0 0 0 0 0 0 0 0 0 0 0 0 0.2 0 0 0 0 0 0.6000000000000001 0.4 0 0 17.8 0 0.8 0 0.4 0 0 0 0 0 0 0 0 0 0 0 0 0 0 0 0.4 0 0 0 0 0 3.8000000000000003 0 0 0 0 0 0 0 0 0 0 0 0 0 0 
 10 49.800000000000004 28 84.4 115.60000000000001 0 9.4 66.2 69.2 41.400000000000006 31.400000000000002 72.60000000000001 6.800000000000001 11.200000000000001 11.4 62.400000000000006 20.400000000000002 75.4 50.800000000000004 91.4 0 0 0 0.2 0 0 31.200000000000003 0.6000000000000001 0 0 0 0 15.200000000000001 0.4 29.400000000000002 0 0 0 32 49.400000000000006 11.600000000000001 0 1.4000000000000001 0.6000000000000001 0 0 0 0.4 0 0 0.2 0 0.6000000000000001 0 0.6000000000000001 0 0 0 0.6000000000000001 0 0 0 0 0 0 0 0 0.6000000000000001 0.4 0.6000000000000001 6.800000000000001 0.2 0 0 0 0.6000000000000001 0 0 0 0.4 0 2 0 0 0 1.4000000000000001 0 0.2 2.2 0 2.6 10 0 1.6 0 5 3.2 8 0 0 0.2 0.8 0 0 0 0 2.6 3.6 5 0 2.2 0.2 5 5 3 1.8 8.4 0 3.8000000000000003 0 0 0 0 0 0 0 0 0 0 0 0 0 0 0 0 2.8000000000000003 0 0 0 0 0 0 0 0.2 0 3.4000000000000004 0 0 0 0 0 0 0 1.2000000000000002 0 0 0 0 0.4 0 0 0 0 3.8000000000000003 4.2 0 0 0 0 2.2 0 8.6 0 0 1.6 0 0 2.4000000000000004 0 0 9 0 4.2 3 0 0 3.4000000000000004 1.4000000000000001 0 0 0 0 3 6.2 2.2 2.2 0 2.8000000000000003 0.4 3.8000000000000003 0 0 0 0 0 0 0 0 0 0 0 0 0 0 0.2 0 0 0 0 0 0.4 0 0 0 0 0 0 0 0 0 0 0 0 0 0 0 0 0 0 0 0 2.4000000000000004 0 0 0 0 0.6000000000000001 0 0.2 17.400000000000002 0 1.4000000000000001 1.8 0 0 0 0 0.2 0 0 0 0 0 0 0 0 0 0 0 0 0 0 0 0 0 0 0 2.8000000000000003 0 0 0 0 0 0 0 0 0 0 0 0 
 55 30 16.400000000000002 17 7 9.4 0 32.800000000000004 10.200000000000001 3.2 25 26.200000000000003 95.80000000000001 11.4 71.8 4.2 7 23.200000000000003 82.60000000000001 30.8 0.2 0 0.4 0 0 0.4 0 0.8 0.4 0 0 0 0 0 0 0 0.4 0.8 0.6000000000000001 0 0.6000000000000001 0 0 1.4000000000000001 0 0.6000000000000001 0 1 0 0 0 0 0.6000000000000001 0 1.2000000000000002 0.4 0 0 0.6000000000000001 0 0 0 0.4 0.4 0 0 0 0.6000000000000001 0 1 0.6000000000000001 0.6000000000000001 0 0 10 0.4 0 0 0 8.6 5.4 2 0 0 0 0 4.4 3 0.2 4 0 3.2 10.200000000000001 0 7.4 0 0 2.6 7.4 11.8 0 0 0 0 0 0.4 0 0 0 0 0 0 0 0 0 0 0.2 0 0 0 0 0 0 0 0 0 0 0 0 0 0 0 0 0 3.4000000000000004 0 0 0 0.4 0 0 0 0 0 0 0 0 0 0 0 0 0 0 0 0 0 0 0.2 0 0 0 2 2.2 0.6000000000000001 0.4 0 6.2 1 4 0 11.600000000000001 0 3.6 0 0.6000000000000001 0 1.6 0 2 2.2 0 3 0 0 0 0 0 0 0 0 0.2 0 6 0 0 0 0 0 0 0 0 0 0.2 0 0 0 0 0 0 0 0 0 0 0 0 0 4.2 0 0 0 0 0 0 0 0 0 0 0 0 0 0 0 0 0.4 0 0 0 0 0 0 0 0 0 0 0 0 0 0 17.6 0 0 1.6 0 0 0 0 0 0 0 0 0 0 0 0 0 0 0 0 0 0 0 0 0 0 0 0 0 0 0 0 0 0 0 0 0 0 0 0 0 0 
 67.4 45 14.8 16 11.4 66.2 32.800000000000004 0 55.2 6.2 43.6 10.200000000000001 71.8 108 36.6 17.8 34.2 59.6 16.2 39.6 0 0 0 0 0 0 0.2 0 0 0 0 0 0 0 0.4 0 0 0 12.8 0 0 0 0 0 0 0 0 12.600000000000001 0 0 13.4 0 0 0 0 0 0 0.4 0 0 0 0 0 0 0 0 0 0 0.2 0 0.6000000000000001 0 0 7.6000000000000005 0 0.2 0 0 1.2000000000000002 0.2 2.2 7.800000000000001 9.8 6.4 2 2.4000000000000004 3 4.2 6.800000000000001 3.6 4.6000000000000005 3.6 1.2000000000000002 0 1.8 4.2 3.8000000000000003 0 3 5.4 0 0.2 0 0 0.4 0 0 0 3.4000000000000004 0 0 0 0 7 0 0 0 0 0 0 0 0 0 0 0 0 0 0 0 0 0 0 0 0 0 0 0 0 0 0 0 0 0 0.6000000000000001 0 0 0 0 0 0 0 0 0 0 0 0 0 0 0 0 2.4000000000000004 0 0 1 0 7.2 0 4.800000000000001 4.6000000000000005 0 5.2 0 0 3.6 0 4 1 4.4 0.2 0 0.2 0 0.2 0 0 0 0 0 0 0 4.4 0 0.2 2 0 0 0 0 0 1.8 0 0 0 0 0 0 0 0 0 0 0 0.2 0 0 0.4 0 0 0 0 0 0.2 0 0.2 0 0 0 0 0 0 0 5.4 0 0 0 0 0 0 0 0 0 0 0 0 0 0 0.4 17.6 0 17.8 0 0 0.8 0 0 0 0 0 0 0 0 0 0 3.6 0 0 0 0 0 0.4 0 0 0 0 0 0 0.2 3.4000000000000004 0 0 0 0 0 0 0 0 0 0 0 0 0 
 6.6000000000000005 43.800000000000004 98.80000000000001 49.6 33.6 69.2 10.200000000000001 55.2 0 36.4 28.200000000000003 20.8 45 37.6 50.400000000000006 30.400000000000002 28.200000000000003 27.200000000000003 61.400000000000006 9.4 0 0 0 0 0 0.4 14.600000000000001 0 0 0 0.2 0 0 0.2 0.4 0 0 0 2.8000000000000003 24 0 0 0 0 0 0 0 0 0 0 0 0 0.6000000000000001 0 0.8 0 0 0 0.6000000000000001 0 0 0 0 0 0 0 0 0.6000000000000001 1.2000000000000002 0.6000000000000001 0 0 0 0 0 0.6000000000000001 0 0 7.4 0.2 1.6 2 1.8 0 0 5.4 0 0 2 1.6 4.4 2 0 1.4000000000000001 4.2 6.6000000000000005 6.4 10.600000000000001 0 0 0 0 0 0 0 0 5.2 0 0 0 0 0 4.2 0 14 0 0 0 2.8000000000000003 4.800000000000001 0 0 0 0 0 0 0 0 0 0 0 0 0 0 0 0 0 0 0 0.2 0 0 0 2.2 0 0.2 0 0.2 0 0 0 0 0 1.4000000000000001 1.4000000000000001 0 0 0 3.8000000000000003 0 2 3.6 17.8 5.6000000000000005 6.800000000000001 0 0 2 2 4.4 2.8000000000000003 10.600000000000001 0 0 0 4.4 2.8000000000000003 3.6 0 0 4.4 0 0 0 0 0 8.200000000000001 0 0 0 0 0 0.6000000000000001 0.2 0.4 0 0 0 4.2 4.2 2 0 0 0 0 0 0 0 0 0 0 0 0 0 0 0.8 0 0 0 0 2 0 0 0 0 0 0 0 0 0 0 0 0 0 0 0 0 0 0 0 0 0 0 0 0 0.2 0.4 0 0 27.8 3.6 0.6000000000000001 0 0 0 0 0 0 0 0 0 0 0 0 0 0 0 0 0 0 0 0 0 0 0 5 0 0 0 0 0 0 0 0 0 0 0 0 0 0 
 5.4 7.4 12.600000000000001 29.400000000000002 26.200000000000003 41.400000000000006 3.2 6.2 36.4 0 35 32.6 8 26 35 77.2 8.200000000000001 8.6 15.4 25.8 0 1.8 0 0 0 0 5 0 0 0 0 0 0 0 0 0 0 0 15.4 16 0 0 6.800000000000001 0.2 4.2 0 0 0.2 4.2 0 0.2 4.4 0.6000000000000001 0 14.4 2.2 0.2 1.2000000000000002 0.6000000000000001 0 0 0 0 0 0 0 0 0.6000000000000001 7.6000000000000005 1 0 0 0 0 0 0.6000000000000001 0 0 0 2.2 8.200000000000001 2.2 4.800000000000001 0 0 2.6 0 2.4000000000000004 0 6.2 2 4.2 0 3.4000000000000004 5.6000000000000005 3 2 4.4 0 0 0 1.8 0.2 0 0 0 0 0 3.8000000000000003 0 0 0 4.2 0 2.6 0 0 0 0 4.2 0 0 0 0 0 0 0 0 0 0 0 0 0 0.4 0 0 0 0 0 0 0.2 0.4 0 5.2 0 0 0 0 0.2 0 0 0 0 0.6000000000000001 2.2 0 0 0 0 2 0 4.4 5.800000000000001 6.4 6.2 2.4000000000000004 2.6 1.2000000000000002 0 2.2 5.2 0.2 0 0 2.2 3.6 0 0 0 0 3.4000000000000004 2.6 0 0 0 0 0 0 0 0 0 0 2.2 5.2 2 0 0 0 15.600000000000001 0 0 0 0 0 0 0 0 0 0 0 0 0 0 0 0 0 2.6 0 0 0 0 0 0 0 0 0 0 0 0 0 0 0 0 0 0 0 0 0 0 0 0 2 0 0 0 0 0.2 0.2 0 17.8 0 1.8 2.2 0 0 0 0 0.2 0 0 0 0 0 0 0 0 0 0 0 0 0 0 0 0 0 5.2 3.2 0 0 0 0 0 0 0 0 0 0 0 0 0 
 20.8 87.2 32.6 33.2 74 31.400000000000002 25 43.6 28.200000000000003 35 0 120.80000000000001 11.8 75.2 54.400000000000006 37.4 53 75 27.400000000000002 19.400000000000002 0 0 0 0 0 0 15 0.8 0 0.4 0 0 0 0.4 14.8 0 0 0 6.4 29.6 0 0 0 0 0 0 0 0 0 0 0 0 0.6000000000000001 0 0.4 0.6000000000000001 0 0 0.6000000000000001 0 0 0 10.4 0 0 0 0 0.6000000000000001 0 1.4000000000000001 0 0.2 0 0 0 0.6000000000000001 0 0 0.6000000000000001 0 4.4 9.8 3.2 0 0 0.4 0 0 0 2.2 3.2 1.8 0 0.2 2 1.8 6 6.4 0 6 0 1.6 0 0 0 0 0 0 0 0 0 0.4 7.6000000000000005 0 2.8000000000000003 0 0 0 0 0.4 0 0 0 0 0 0 0 0.4 0 0 0 0 0 0 0.2 0 0 0 0 0.4 0 0 0 1 0 0 0 0 0 0 0 0 0 0 0 0 0 0 0 0 6.6000000000000005 0 4.4 4.800000000000001 0 0 0 6 8 0 3.2 3.2 5.4 4 0 0 0.2 0 0 2.8000000000000003 2.8000000000000003 0.2 0 2.6 0 0 0 0 0 0 0 0 0 0 2.2 0 0 0.4 2.4000000000000004 3.4000000000000004 0 0 0 0 0 0 0 0 0 0 0 0 0 0 0 0 0 0 0 0 0 0 0 0 0 0 0 0 0 0 0 0 0 4.6000000000000005 0 0 0 0 0.2 0 0 0 0 0 0 0 17.6 0.2 0.4 17.8 0 1 1.8 0 0 0 0 0 0 0 0 0 4 0 0 0 0 0 0 0 0 0 0 0 0 0 3.8000000000000003 0 0 0 0 0 0 0 0 0 0 0 0 0 
 6 51 24.6 13.200000000000001 29.6 72.60000000000001 26.200000000000003 10.200000000000001 20.8 32.6 120.80000000000001 0 52.6 7 7 8.200000000000001 13.600000000000001 18.400000000000002 29.200000000000003 7.800000000000001 14.8 0.4 12 0 0 0 0.4 0.4 0.4 0 0 0 0.4 0.2 7.4 0 0 0 30 19.200000000000003 0 12.600000000000001 2.6 0 0 0 0 0 0 0 0.2 0 0.6000000000000001 0 0.4 0 3.8000000000000003 8.6 0.6000000000000001 0 0.2 0 0 0 0 0 0 0.6000000000000001 0 0.6000000000000001 0 0 0 0 0 0.6000000000000001 0 0 0 0 2.8000000000000003 3.4000000000000004 6.800000000000001 2.8000000000000003 6.6000000000000005 3.6 0 2.2 3.6 0 2.6 4.6000000000000005 0 0 4 3.8000000000000003 0 4.2 0 0 0 3.2 0 0 0.2 0 0.4 0 8.200000000000001 0 0 0 2.6 0 0.8 0 0 0 1.2000000000000002 3.8000000000000003 0 0 0 0 3.6 0 0 0 0 0 0 0 0 0 0.2 0 0 0 0 0 0.2 0 0 0.4 0 0 0 0 0 0 0 0 0 0 0 0 0 0 0.4 0 0 5.6000000000000005 5.800000000000001 5.4 7.6000000000000005 5 3 3.8000000000000003 0 0 2 3.2 0 0 3.2 4.800000000000001 0 0 0 1 0.2 2 0.4 2.6 0 0 0.2 0 0 0 0 0 5.2 15.600000000000001 3.4000000000000004 0 0 0.2 0.4 0 2.4000000000000004 0 0 0 0 0 0 0 0 0 0 0 0 0 0.2 0 2.8000000000000003 0 0 0 0.4 0 0 0 0 0 0 0 0 0 0 0 0 0 0 0 0 0 0 0 0 2.2 0 0 0 1 0.2 0.4 1 0.4 0 0.6000000000000001 3 0 0 0 0 0.2 0 0 0 0 0 0 0 0 0 0 0 0 0 0 0 0 0 0 2.6 0 0 0 0 0 0 0 0 0 0 0 0 0 
 20.200000000000003 20 16.2 11.600000000000001 19 6.800000000000001 95.80000000000001 71.8 45 8 11.8 52.6 0 59 6 47.400000000000006 4.4 11.4 48.6 36.4 0 0 0 0 0 0 0 0.2 0 0.6000000000000001 0 0 0 0 0 0 0.4 0 0.6000000000000001 9 0.4 0.6000000000000001 0 0 0 0.4 0 0.6000000000000001 0 0 0 0 0.6000000000000001 0 0.4 0 0.4 0 1 0 0 0 0 0 0 0 0 0.6000000000000001 0 0.6000000000000001 0 0 0 0 0 0.6000000000000001 0.6000000000000001 0.4 0 0 0 0 0 0 0 0 5 4.6000000000000005 0 0 0 0 2.6 6.2 0 0 0 0.2 5.2 1.4000000000000001 0.2 0 0 0 0 0 0 0 0 0 0 0 0 0 0 0 0 0 0 0 0 0 0 0 0 0 0 0 0 0 1.2000000000000002 0 0 0 0 0 0 0 0 0 0 0 3.8000000000000003 0 0 0 0 0 0 0.4 0 0 0 0 0 0 0 0 0 0 0 0 0 0 0 0 4 0.4 0 0 0 1.8 0 0 5.2 0 0 0.2 3 3.6 0 0.2 0 0 0 0 0 0 0 0 0 0.2 0 0 0 0 0.4 0 0 0 0 0 0 0 0 0 0 0.4 0 11.8 0 0 0 2.4000000000000004 0 0 0 0 0 0 0 0 0 0 0 0 0 0 0 0 0 0 0 0 0.4 0 0 0 0 0.2 0 0.2 0 0 0.4 0 0 0 0.2 0 0.4 2.6 0 0 0 0 0 0 0 0 0 0 0 0 0 0 0.4 0 0 0 0 0 0 0 0 0 0 0 0 0 0 0 0 0 0 0 0 0 0 0 
 42.6 50 28 55.2 13.8 11.200000000000001 11.4 108 37.6 26 75.2 7 59 0 57 47.400000000000006 26.8 53 17.400000000000002 78.60000000000001 0 0 0 0.6000000000000001 0 0 0.6000000000000001 0 0 0.6000000000000001 0 1 0 0.4 0 0 0 0.2 0.6000000000000001 0 0 0 0 0 0 0 0 0 0 0 0.6000000000000001 0 0.6000000000000001 0 1.2000000000000002 0 0 0 0.6000000000000001 0 0 0 0.8 0 0.2 0.8 0.6000000000000001 0.6000000000000001 0.2 1.2000000000000002 0 0.8 0 0.6000000000000001 0.6000000000000001 0.4 0 0 0.6000000000000001 0.6000000000000001 4.2 0 3.8000000000000003 0 0 0 2.8000000000000003 1.6 2.2 3 5.800000000000001 5.800000000000001 1.6 2 2.4000000000000004 13.600000000000001 4.4 3 4 2.4000000000000004 0 0 0 0 0 1.2000000000000002 0 0 0 0 0 0 0 0.4 0.4 0 0 0 0 1.6 0 0 0 0 0 0 0 0 0 0 0 0 0 0 0.2 0 0 0 0 0 0 0 0 0.8 0 0 0 0 0 0 0 0.4 0 0 0.4 0 0 0 0 0 3.6 8.6 0 0 0 3.8000000000000003 0.4 2.6 5 2 1.8 0 0 4.2 2.4000000000000004 13.200000000000001 4.6000000000000005 3.6 0 0 0 0 0 0 0 0 1.6 0.4 0 0 0 0 0 1.4000000000000001 0 0 0 0 2.2 0.4 0.2 0 0 0 0 0 0 0 0 0 0 0 0 0 0 0 0 0 0 0 0 0.2 0 0.4 0 0 0 0 0 0 0 0 0 1.8 0 0 0 0 0 0 0 0 0 0 0 0.2 0.2 0.2 0.2 0.2 0 0.2 0 0 0 0 0 0 0 0 0 0 0 0 0 0 0 0 0 0 0 0 0 0 0 0 3.6 0 0 0 0 0 0 0 0 2.6 0 0 0 0 
 83.60000000000001 29 27.200000000000003 33 38.2 11.4 71.8 36.6 50.400000000000006 35 54.400000000000006 7 6 57 0 17.6 16.6 43 55.400000000000006 19.400000000000002 0 0 0 0 0 0 0 0.6000000000000001 0 0 0.4 0.2 0 0 0 0 0.2 0 16.2 0 6.2 0 0 0 0 0 0 0 0 0 0 0 0.6000000000000001 0 0.4 0 0 0 0.6000000000000001 10.4 0 0 0 0 0 0 0 0.6000000000000001 1.4000000000000001 0.6000000000000001 0 0 0 0 0 0.6000000000000001 0.2 0 0 0.2 1.6 1.8 6.4 0 0 1.4000000000000001 0 2.2 12.4 2.8000000000000003 2.8000000000000003 0.2 4.800000000000001 2.2 0.2 0 3 1.6 1.8 2 0 0.2 0 0 0.2 0 0.4 0 0.2 0 0 0 1.4000000000000001 0 0.4 0 0 0 0.2 4.6000000000000005 0 0 0 0 0 0.6000000000000001 0 0 0 0 0 0 0 0 0 0 0 0 0 0 0.4 0 0 0.4 0 0 0 0 0 0 0.2 0 0 0 0.8 0 0 0 0.4 0 2.4000000000000004 4.4 2.2 3.4000000000000004 7.6000000000000005 7.4 3.2 4.800000000000001 2.4000000000000004 5.6000000000000005 7 0 0 3.6 3 4.2 2.2 0 2.8000000000000003 0 0.2 0.2 0.4 0 0 0 0 0 0 0 0 0 0 3.2 0 0 0 0 2.2 2 0 0 0 0 0 0 0 0 0 0 0 0 0 0 0.2 0 0.8 0 0 0 0.4 0 0 0 0 0 0 0 0 0 0 0 0 0 0 0 0 0 0 0 0 0 0 0 0 0.4 0 0 17.8 18.2 0 1.4000000000000001 0 0 0 0 0 0 0 0 0 0 0 0 0 0 0 0 0 0 0 0 0 0 0 3.6 2 0 0 0 0 0 0 0 0 0 0 0 0 0 
 26.400000000000002 32.6 67 45.6 36 62.400000000000006 4.2 17.8 30.400000000000002 77.2 37.4 8.200000000000001 47.400000000000006 47.400000000000006 17.6 0 26 25.400000000000002 38.800000000000004 18.2 0 0 0 0 0 0.2 15 0.6000000000000001 0.2 0 0.4 0 0 0 0 0 0 0 37 15.200000000000001 0 11.8 13.4 0 0 0 0 0 0.4 0 0 0 1 0.2 0.4 0 0 0 0.6000000000000001 0 0 0 0.4 0 0 0 0 0.8 0 0.6000000000000001 0 0 0 0 0 0.6000000000000001 0 0 0 0 4.6000000000000005 0.2 5 12.600000000000001 7.800000000000001 1.4000000000000001 0 14.8 2.2 0 9 1.6 0 5.6000000000000005 2.4000000000000004 2 4.4 4 0 0 5.4 3.2 0 0 0 0 0 0 0 0 2.4000000000000004 0 0.4 0.2 0.2 0 0 0 5.6000000000000005 2.6 0 0 0 0 7.2 0 0 0 0 0 0 0 0 0 0 0 0 0 0 0 0 0 0.4 0 0 0 0.4 0 0 0 0 0 0 0 2.4000000000000004 0 0 0 0 0 9.600000000000001 0 5 0 3.6 5.2 0 3.2 3.6 2 3.2 4 0 0 4.800000000000001 4.2 0.6000000000000001 10.200000000000001 0 0 0 0 0 0 0.2 0 3.2 0 0 0 0 0 4 4.4 0 0 0 0 5.6000000000000005 5 0 0 2 0 0 0 0 0 0 0 0 0 0 0 0 0 0 0 0 0.4 0 0 0 0 0 0 0 0 0 0 0 0 0 0 0 0 0 0 0 0 0 0 0 0 0 0.4 0.4 0 0.4 0 2.6 3 0 0 0 0 0 0 0 0 0 0 0 0 0 0 0 0 0 0 0 0 0 0 0 2 2.6 0 0 0 0 0 0 0 0 0 0 0 0 0 
 26 38.400000000000006 7 59.400000000000006 24.200000000000003 20.400000000000002 7 34.2 28.200000000000003 8.200000000000001 53 13.600000000000001 4.4 26.8 16.6 26 0 56.400000000000006 6.4 11 0 0 1.2000000000000002 0 0 0 0 41.6 0 0 0 0.4 0 0.2 0 0 41.400000000000006 0 30.8 0.4 0 0 0 0 0 0 0 0 0 0 0 0 0.6000000000000001 0 0.6000000000000001 0 0 0.2 0.6000000000000001 0 0 2 0 0 0 0 0 0.6000000000000001 0.4 0.6000000000000001 0 0.2 0.8 0 0 2.8000000000000003 2 0 0 0.4 1.4000000000000001 3.8000000000000003 8.6 2.6 0 2 0 4.2 5.6000000000000005 4.6000000000000005 3.4000000000000004 3.4000000000000004 0 0 0 7 5 0 0 2 0 0 0 0 0 3.2 2.6 0 0 0 0 0 0 0.6000000000000001 0 0 0 0 3.2 0.6000000000000001 0 0 0 0 0 0 0 0 0 0 0 0 0 0 0 0 0 0 0 0 0 0 0 0 0 2 0 0 0 0 0 0 0 5.800000000000001 0.6000000000000001 0 0 0 0 0 8.200000000000001 0 4 1.6 0 8.4 0 12 2.4000000000000004 0 4 1.6 0 1.6 0 5.4 11.8 12.600000000000001 0 0 0.2 0 0 0 0 0 1 0 0 0 0 0 6.4 2.2 0 0 0 0 2.8000000000000003 1.8 0 0 0 0 0 0 0 0 0 0 0 0 0 0 0 0 0 0 0 0 0 0 0 0 0 0 0 0 0 0 0 0 0 0 0 0 0 0 0 0 0 0 0 0 0 0 10.200000000000001 0 17.400000000000002 0.6000000000000001 0 1.2000000000000002 0 0 0 0 0 0 0 0 0 0 8 0 0 0 0 0 0 0 0 0 0 0 0 0.2 2 3.4000000000000004 0 0 0 0 0 0 0 0 0 0 0 0 
 17.400000000000002 34.2 8.6 34.2 70.4 75.4 23.200000000000003 59.6 27.200000000000003 8.6 75 18.400000000000002 11.4 53 43 25.400000000000002 56.400000000000006 0 25.400000000000002 78.2 0 2.4000000000000004 3.8000000000000003 1.6 0.2 0 0 0 0 0 0 0 0 15 0 0 0 0 16.400000000000002 0 0 0.8 1.2000000000000002 0 0 0 0 1.2000000000000002 0 0.4 1.6 0 0.6000000000000001 13 0.6000000000000001 0 0 0.8 0.6000000000000001 0 0 0 0 0 0 0 1.2000000000000002 0.6000000000000001 0 0.8 0 0 0 0 0 0.6000000000000001 0 0 0.8 0.2 1.6 19 12.4 3.2 3.6 2.6 0 0 0.6000000000000001 7.2 3.8000000000000003 6.6000000000000005 0 2 2 16.8 9 2 0 8.200000000000001 0 0 0 0 0 0 0 0.2 0 0 0 0 0 0.6000000000000001 0 0 0 0 0 11.4 0 0 0 0 0.4 0 0 0 0 0 0 0 0 0.2 0 0 0 0 0 0 0 0.2 0 0 0 1.6 0 0 0 0 5.4 0 0 0.2 0 0 0 0 0 0 7.4 6.6000000000000005 4.4 10.200000000000001 0 3.4000000000000004 0 1 4.4 2.4000000000000004 3.2 0 0 2 0 9.4 9.8 2 0 0 0 0 0 0 0 0 8 0 0 0 0 0 3.6 1.4000000000000001 0 3 0 0 3 0.8 0 0.4 2.2 0 0 0 0 0 0 0 0 0 0 0 0 0 0 0 0 0 0 9 0 0 0 0 0.2 0 0 0 0 0 0 0 0 0 0.2 0 0 0 0 0 0 0 0 1.2000000000000002 26.8 0.2 0.8 9.600000000000001 0.6000000000000001 0 0 0 0.2 0 0 0 0 0 0 0 3.2 0 0 0 0 0 0 0 0 0 0 0 0 0 8 2.8000000000000003 0 0 0 0 0 0 0 0 0 0 0 0 
 66.2 29.400000000000002 6.6000000000000005 18.2 12.600000000000001 50.800000000000004 82.60000000000001 16.2 61.400000000000006 15.4 27.400000000000002 29.200000000000003 48.6 17.400000000000002 55.400000000000006 38.800000000000004 6.4 25.400000000000002 0 30.6 0 0 0 0.2 0 0 0 0.2 0.4 0.2 0 0 0 0 14.8 0.4 0 0 0.6000000000000001 0.2 0 0 0 0 0 0 0 0.8 0 0 0 0 0.6000000000000001 0 0.4 0 0 0 0.6000000000000001 0 0 0.2 0 0 0 0 7 0.6000000000000001 0 0.6000000000000001 6.800000000000001 0 0 0 0 0.6000000000000001 0 0 0 0.2 4.2 3.4000000000000004 0 0 0 0 7.2 5.800000000000001 0 0.2 0 3.2 1.8 0 5.4 0 0 0.4 11 16.6 0 2.8000000000000003 0 0 0 0 0 0 0 0.2 0 0 0 0 0 2 0 0 3.2 0 0 0 0.6000000000000001 0 0 0 2.8000000000000003 0 0 0 0 0 0 0 2.8000000000000003 0 0 0 0 0 0 0 0.2 0 0 0 0 0.2 0 0 0 0 0 0 0 0.4 0 0 0 0 2.4000000000000004 1.8 0 0.2 0 0 5.2 0.2 0.4 0 10.200000000000001 0 3.8000000000000003 0 3 0 2.8000000000000003 0.4 0 5.4 0 4 0 0 0 0 0 0 0 0 0 0 0 0 0 0 0 0 0.4 0 2.8000000000000003 0 0 0 0 0 0 0 0 0 0 0 0 0 0 0 3.8000000000000003 0 0 0 0 0 0 0 0 0 0 0 0 0 0.2 0 0 0 0 0 0 0 0 0 0 0 0 0 0 0 0.2 0.4 17.400000000000002 0 0.2 1 0 0 0 0 0 0 0 0.4 0 0 0 0 0 0 0 0 0 0 0 0 0 0 0 0 0.2 0 0 0 0 0 0 0 0 0 0 0 0 0 
 26 17.400000000000002 26.8 28.400000000000002 16.6 91.4 30.8 39.6 9.4 25.8 19.400000000000002 7.800000000000001 36.4 78.60000000000001 19.400000000000002 18.2 11 78.2 30.6 0 0 0 0 0.4 0.2 0.4 0.2 0.8 0.2 0.2 0.2 0 11.8 0 0 0 0 0 0.6000000000000001 0 0 0 0 0 0 0 0 1.2000000000000002 0 0 0 0.2 1 0 0.6000000000000001 0 0 0 1 0 0 0 0.6000000000000001 0 0 0 0 0.6000000000000001 0 0.4 0 0.6000000000000001 0 0 0 0.4 0 0 0 0.6000000000000001 5.2 2.4000000000000004 3.4000000000000004 1.4000000000000001 0 2 3.8000000000000003 5 3.2 5.800000000000001 1 0.4 0.4 1.8 2.2 0 3.4000000000000004 0 3.2 12.600000000000001 0 0 0 0 0 0 0 0 0 0 0 0 0 0 0 0 0 0 0.2 0 0 0 0 0 0 0 0 0 0 0 0 0 0 0 0 0 3.8000000000000003 0 0 0 0 0 0 2.8000000000000003 0 0 0 0 0 0.2 0 0 0 0 0 0.2 0.4 0 0 0 3.8000000000000003 0 1.4000000000000001 0.2 0 0 0.2 9.8 1.6 0 0 0 3.8000000000000003 4.800000000000001 3 0.2 0 2.8000000000000003 0.4 4.6000000000000005 0 0.4 0 0 0 0 0 0 0 0 0 0.4 0 0 0.4 1.8 0 0 3.4000000000000004 0 0 0 0 0 0 0 0 0 0 0 0 0 0 0 0 0 0 0 0 0 0 0 0 0 0 0 0 0 0 0 0 0 0 0 0 0 0 0 0 0.4 0 0.4 0 0 0 1.2000000000000002 0.2 0 0 1.4000000000000001 0 1.2000000000000002 0 0 0.2 0 0 0 0 0 0 0 0 0 0 0 0 0 0 0 0 0 0 0 1 0 0 0.6000000000000001 0 0 0 0 0 0 0 0 0 0 0 0 
 0 0 0 0 0 0 0.2 0 0 0 0 14.8 0 0 0 0 0 0 0 0 0 36 39.800000000000004 25 11 5.800000000000001 15.200000000000001 45 29.400000000000002 8.200000000000001 23.8 11 24.200000000000003 29.200000000000003 68 5.800000000000001 58.6 21.400000000000002 7.800000000000001 10.600000000000001 0 0 0 0 0 0 0 0 0.4 0 1 0 0.6000000000000001 0.2 0 0 0 0 0.8 0.2 0 0 1 0 0 0 0 0.6000000000000001 0 0.4 0 0 0 0.4 0 0.6000000000000001 0.4 0.6000000000000001 0.2 0.6000000000000001 0 0 0 2.2 4.6000000000000005 0 0 0 0 0.2 0 0 0 0 0 0 0 0 0 0 0 3 2.8000000000000003 4.6000000000000005 0 0 2 7.6000000000000005 3.2 0 1.6 0 0 2.6 4 6.6000000000000005 6.6000000000000005 5.2 3.2 0 0 0 0 0 0 0 0.6000000000000001 0 0 0 0 0 6.800000000000001 0 0 0 0 1 4.6000000000000005 0 0 0 0 0 0 0 0 1.6 0 0 0 0 0 0 0 0 0 0 0 0 0 0 0 0 0 0 0 0 0 0 0 0 0 0 0 0 0 0 0 10.4 0 0 0 0 1.8 3.4000000000000004 1.8 0.4 5.4 0 4.6000000000000005 2.2 0.2 0 0 2 3.8000000000000003 6.6000000000000005 0 0.8 0 0 0 0 0 0 1.4000000000000001 0 0 0 0 0 3.6 0 2.8000000000000003 0 0 0 2.6 0 0 0 0 0 0 0 0 0 0 0 0 0 0 0 0 2 0 0 0 0 0 0 0 0 0 0 15.4 0 0 0 0 0 0 0 1.6 0 0.2 16.400000000000002 15.4 0.4 0 0.2 0 0 0 0 0 0 0 0 0 0 0 0 0 0 0 0 0 0 0 0 0 0 0 1 0 0 0 0 
 0 0 0 0.4 0 0 0 0 0 1.8 0 0.4 0 0 0 0 0 2.4000000000000004 0 0 36 0 34.800000000000004 78.4 31.6 4.800000000000001 69.8 58.800000000000004 27.6 93.80000000000001 35.800000000000004 46.2 57.6 11.4 25.400000000000002 29.8 35.2 39.6 11.8 7 0 0 0 2.2 0 0 0 0 0 0 1 0 0.6000000000000001 0.2 0 0 0 0 0 0.2 0 0 0 0 0 0 1 0.6000000000000001 9 0.4 0 0 0 0 0 0 0 0.6000000000000001 0 0 0 0 0 0 5.800000000000001 0 0 0 0 0 0 0 0 0 0 0 0 0 0 0 0 3.8000000000000003 3.6 5.4 0.2 0 2.2 4.2 6 9.4 0.4 5.6000000000000005 0 1.6 2.2 5.2 6.800000000000001 2.2 0 6.2 5.6000000000000005 0 0 0 0 0 3.6 0 0 0.2 0 0 7.800000000000001 0 0 0 0 0 5.4 0 2 0 0 0 0 0 0.4 0 0 0 0 0 0 0 0 1 0 0.6000000000000001 0 0 0 0 0 0 0 0 0 0 0 0 0 0 0 0.6000000000000001 0 0 0 0 0 0 0 2.4000000000000004 0.4 0.2 2.4000000000000004 5 4.2 6.4 4 0 0 10.200000000000001 0 0 2.4000000000000004 10 6.2 4.4 0.4 4 0 0 0 4.800000000000001 0 0 0.8 0 0 0 0 0 3.2 0 6.800000000000001 0 0 0 0 14.600000000000001 0 0 0 0 0 0 0 0 0 0 0 0 0 0 0 0 0 0 0 0 0 0 0 0 0 0 0 0 0 0 0 0 0 0 0.4 0.4 0.6000000000000001 0.2 10.4 0.4 0.2 2.8000000000000003 0 0 0 0 0 0 0 0 0 0 0 0 0 0 0 0 0 0 0 1 0 0 0 1.8 2.4000000000000004 0 0 0 
 0 0 0 0 4.4 0 0.4 0 0 0 0 12 0 0 0 0 1.2000000000000002 3.8000000000000003 0 0 39.800000000000004 34.800000000000004 0 33.4 12.200000000000001 25.6 17 38.800000000000004 71.2 11 24.400000000000002 12 40 101.80000000000001 13.200000000000001 37.2 57.800000000000004 25.400000000000002 7.2 14.200000000000001 0 1 1 0 0 0 0 1 0 0 2 0 0.6000000000000001 12.4 0 0 0 0.4 12.8 0.2 0 0 0 0 0 0 0.8 0.6000000000000001 0 0.6000000000000001 0 0 0 0 0 0 8.8 0.6000000000000001 0.8 0 0 0 0 0.2 1.6 2 0 0 0.2 0 0 0 0.2 0 0 0 0 0 0.4 0 2.6 2.6 0.2 4.800000000000001 0.6000000000000001 5.6000000000000005 5.6000000000000005 2 0 0 3.8000000000000003 0 5 0 5.800000000000001 0 0 14.200000000000001 7 0 4.6000000000000005 0 0 0 0 0 2.4000000000000004 0 0 0 0 0 3.8000000000000003 0 0 0.4 0 0 10.8 3.8000000000000003 0 0 0 0 0 0 0 0 0 3 0 0 0 0 1.8 0 0 0 0 0.4 0 0 0.2 0 0 0 0 0 0 0 0 1 0 0 0 0.2 0 0.2 0 0 0 2.4000000000000004 0 0 4.2 2.8000000000000003 2 8 10.8 6 12 2.6 1.8 0 3 0 9 0 0 0 0 0 0 0.2 0 0 5.6000000000000005 0 0 0 0 0 6.800000000000001 0 1.2000000000000002 0 0 0 2.6 3.2 0 0 0 0 0 0 0 0 0 0 0 0 0 0 0 0 0.2 0 0 0 0 0 0 0 0 0 0 0 0 0 0 0 0.4 0 1.8 0 0 0 1.4000000000000001 0 3 0 0.4 0 0 0 0 0 0 0 0 0 0 0 0 0 0 0.2 0 0 0 2 0 0 0 0.8 0 0 0 0 
 0 0 0 0 0 0.2 0 0 0 0 0 0 0 0.6000000000000001 0 0 0 1.6 0.2 0.4 25 78.4 33.4 0 16.6 5.4 18.400000000000002 33.4 32.6 43.400000000000006 8.8 36.4 58 29.8 12 42.800000000000004 26 74.4 11.600000000000001 14.8 0 0 0 0 0 0 0.4 0 0 0 0.8 0 14.200000000000001 0.2 3.6 0 0.8 0 13 0.2 0 0 1 0 0 0 9.8 0.6000000000000001 0 0.4 0 0 0 0 0 0 0 0.6000000000000001 0 0 0 0 0 0 0 2.2 0 4.2 0 0 0 0.2 0 0 0 0 0 0 0 0 0.4 1.2000000000000002 7.2 7 6.2 2.4000000000000004 1.6 0.2 3 2.2 13.4 3.8000000000000003 0 4.6000000000000005 2.6 2.4000000000000004 2.4000000000000004 7.2 0 3.6 3.2 0 0 0 0 0 3.4000000000000004 0 0 0 0 0 6.2 1.4000000000000001 0 0 0 0 0.6000000000000001 0 0.8 0 0 0 4.2 0 0 0 0 3 0 0 0 0 0 0.8 0 0 0 0 0 0 0 0 0 0 0 0 0 0 0 0 0 0 0 0 0 0 0 0 0 4 0.2 4 6.2 2.8000000000000003 0 4.6000000000000005 11.4 4.4 5 6 0 0 1.6 5.2 14.8 7.6000000000000005 0 2.4000000000000004 8.200000000000001 0 0 2 0 0 1.6 6.4 0 0 0 0 2.2 0 0 3.8000000000000003 0 0 2 2.6 0 0 0 0 0 0 0 0 0 0 0 0 0 0 0 0 0 0 3.2 0 0 0 1.6 0 0 0 0 0 0 0 0 0 0 0 1.8 0 0 13.600000000000001 0 0 6.800000000000001 3.4000000000000004 0 0 0 0 0 0 0 0 0 0 0 0 0 0 0 0 0 1.8 0 0.2 0 0 0 0 0 0 0 2.2 
 0 0 0 1 0 0 0 0 0 0 0 0 0 0 0 0 0 0.2 0 0.2 11 31.6 12.200000000000001 16.6 0 19.200000000000003 14.200000000000001 31.8 78.4 18.400000000000002 31.8 23.400000000000002 19 17.2 98.2 31.6 29.8 25 10.4 100 0 13 0.8 0 0 0.2 13 12.4 4.2 0 0.6000000000000001 0 7.6000000000000005 18.2 0 1 7.2 0 13.200000000000001 25.6 0 0 0 0 0 0 0 0.6000000000000001 0 0.4 1.2000000000000002 0.2 0 0 0 0 0 0.6000000000000001 0 0 0 0 0 0 0 0 0 0 0 0 0 0 0 0 0 0 0 0 0 0 0 1 2.2 4.4 0 2.8000000000000003 3.6 3.4000000000000004 2.8000000000000003 0 2.6 2.2 0 0 3.8000000000000003 0 0 6 0 0 3.8000000000000003 0.2 5.2 0 0 0 3 6.6000000000000005 0.2 0 0 0 8.6 5 2.8000000000000003 3.4000000000000004 0 2.2 2.8000000000000003 0 0.6000000000000001 0 0 0 0 4.6000000000000005 0 0 0 0 0 0 0 0 0 0.2 0 0 0 0 0 0 1.4000000000000001 0 0 0 0 0 0.6000000000000001 0 0 0 0 0 0.6000000000000001 0 0 0 2.6 0 0 0 0 0 0.8 0 0 1.4000000000000001 5.800000000000001 0 0 9.200000000000001 0 0 0 0 5.2 2.2 0 0 2.4000000000000004 0 0 3.6 0 0 6.2 0.2 0 0 0 2 4.4 0.2 2.4000000000000004 3.6 2.2 0 3.2 1.4000000000000001 0 0 0 0 0 0 0 0 0 0 0 0 0 0 0 0 0 0 0 0 0 0 0 0 0 0 0.4 0 0 0 0 0 0 0 0.6000000000000001 0 0 0 1 0 0.8 2.8000000000000003 0 0 0 1.8 3.6 0 0 0 0 0 0 0 0 0 0 0 0 0 0 0 0 0 0 0.8 0 0 0 0 
 0.4 0 0 0 0.2 0 0.4 0 0.4 0 0 0 0 0 0 0.2 0 0 0 0.4 5.800000000000001 4.800000000000001 25.6 5.4 19.200000000000003 0 10.600000000000001 2.6 11.200000000000001 11.4 43.400000000000006 59.2 4.2 22.400000000000002 29.6 28.400000000000002 28.200000000000003 53 8 11 12.8 35.4 0 0 0 0.2 1.4000000000000001 0 0 6.2 1.2000000000000002 0 2.2 26 12.600000000000001 8.8 8.200000000000001 6.6000000000000005 13.200000000000001 19.8 0 0 0 0 0 0 0 0.6000000000000001 0 0.4 1.4000000000000001 0 0 0 0 0 0 0.6000000000000001 0 0 0 0.4 0 0 0 0 0 0 0 0 0 0 0 0 0 1.2000000000000002 0 0 0 0 0 2.8000000000000003 0 0.8 4.4 0.2 0 0 0 0 0.2 2 0 0 0 0 0 2.6 0 0 3.4000000000000004 2.6 0 3.6 3 0 0 4.6000000000000005 0 0.4 5.4 3.2 3.4000000000000004 4.800000000000001 0 2.4000000000000004 3 2.2 5 7.4 0 0 0 0 0 0 0 0 1 0 0.2 0 0 0 0 0 0 0 0.8 0 0 0 0 0 0 0 0 0 0.2 0 0 0 0 0 0.2 0 0 0 0 0 0.4 0 2 0 0 2.8000000000000003 0 0 3.6 15.200000000000001 0.4 2 0 0 0 0 2.4000000000000004 0 0 0 0.2 2 1.4000000000000001 5.4 3.6 0 6 0.2 0 2.6 6.2 2.4000000000000004 0 0 2.6 7.6000000000000005 5.2 4.2 4.800000000000001 3.2 0 0 0 0 0 0 0 0 0 0 0.4 0 0 0 0 0 0 0 0 0 0 0 0.4 0 0 0 0 0 0 0 0 0 0 0 1.8 0 0 0 15.200000000000001 0 0.4 0 3.6 0 0 0 4 0 0 0 0 0 0 0 0 0 0 0 0 0 0 0 0 0 5.6000000000000005 0 0 0.2 0 0 
 0 0 0 32.800000000000004 0 31.200000000000003 0 0.2 14.600000000000001 5 15 0.4 0 0.6000000000000001 0 15 0 0 0 0.2 15.200000000000001 69.8 17 18.400000000000002 14.200000000000001 10.600000000000001 0 17.400000000000002 54.2 8.6 53.2 11.4 41.2 53.2 7.800000000000001 4 8.8 24.8 41.2 13.4 0 0 0 0.8 0 0 0 0 0 0.2 1 0.8 0.6000000000000001 0.4 0 0 0 0 0.2 0.4 0 0 0 0 0.4 0 0 0.8 1.6 0.4 0 0 0 0 0 0 0 0.4 0 0 0 0 0 2.6 2 0 0 0 0 2 2.4000000000000004 0 0 0 0 0 0.4 3 0 0 5 4.2 2 0 0 4.2 5.4 6 2.8000000000000003 4.6000000000000005 0 0 11.4 9 7.6000000000000005 2 4.2 3.2 6.2 6.2 3.2 0 0 0 0 0 4.2 0 0 0 0 0 0 0 0 0 0 0 0 0 1.6 0 0 0 0 0 0 0.6000000000000001 0 0 0 0 0 0 0 0 0 0.4 0 0 0 0.2 0 3.8000000000000003 5.4 1.4000000000000001 0 0 0 2.6 1.8 2 0 0 0 0 0.2 0 0 0 7.4 0 0 2.6 0 0 2.2 2.6 0 0 2.4000000000000004 0 2.2 8.200000000000001 6.4 2.2 0 12.200000000000001 3.2 0 0 0 0 0 0 0 0 0 0 0 0 0 0 0 0 0 0 0.8 0 0 0 0 0 0 0 1.2000000000000002 0 0 0 0 0 0 0 0 0 0 0 0 0 0 0 1.8 0 0 0 0 0 0 0 14.8 0.2 0 1.6 0 1 0 0 14.8 0 0.4 0.4 0 0 0 0 0 0 0 0 0 0 0 0 0 0 1.8 0 0 0 0 0 0 0 0 0 0 0 0 0 0 
 0.6000000000000001 0.6000000000000001 0.6000000000000001 0.6000000000000001 4.800000000000001 0.6000000000000001 0.8 0 0 0 0.8 0.4 0.2 0 0.6000000000000001 0.6000000000000001 41.6 0 0.2 0.8 45 58.800000000000004 38.800000000000004 33.4 31.8 2.6 17.400000000000002 0 50.800000000000004 23.8 29.8 23.400000000000002 131.6 54 88.80000000000001 48.2 128.8 35.800000000000004 26.8 57.400000000000006 0 0 0 0 0 0 0 0 0 0 0.8 0 0.6000000000000001 0.2 0.6000000000000001 0 0 0 12.600000000000001 20.200000000000003 0 0 0 0 0 0 0 0.6000000000000001 0.2 0.4 1.2000000000000002 0 0 0.8 0 0 0 1.4000000000000001 0 0 0 4 0 0 3.2 1.6 0 0 0 0 0 0 0 0 0 0 0 0 0 0 4.2 0 2.2 6.2 2.8000000000000003 0 8.200000000000001 1.8 0 6.800000000000001 0.2 6.2 0 2.2 6.4 0 4.4 9.4 2 0 0 0 0 0 0 0 4.6000000000000005 0 0 0 0.2 0 7 0 0 0 0 0 3 0 0 0 0 0 0 0 0 1.6 0 4.2 0 0 0 0 0 0 0 0 0 0 0 0 0 0 0 1.6 0 0 0 0 0 0 0 0 0 0 0 0 0 0 0 7.800000000000001 0 6.800000000000001 0 0 2.8000000000000003 3.8000000000000003 9 1.8 3.8000000000000003 2.8000000000000003 1.8 0 7 5.6000000000000005 0.2 0 0 4.4 0 0 0.2 0 0 0 3.4000000000000004 0 0 0 0 0 11.8 0 3.4000000000000004 0 0 0 0.2 2 0 0 0 0 0 0 0.4 0 0 0 0 0 0 0 0 0 0 0 0 0 0 0 0 0 0 0 0 0 0 0 0 0 0 0.4 1.4000000000000001 0.4 0 0 0.8 0.4 0 0.4 0 0 0 0 0 0 0 0 0 0 0 0 0 0 0 0 0 0 0 1.4000000000000001 0 0 0 1.8 0 0 0 0 
 0 0 0 0 0 0 0.4 0 0 0 0 0.4 0 0 0 0.2 0 0 0.4 0.2 29.400000000000002 27.6 71.2 32.6 78.4 11.200000000000001 54.2 50.800000000000004 0 31.400000000000002 39 7.2 30.200000000000003 52.800000000000004 35.2 23.6 14.200000000000001 41.400000000000006 12.8 16.8 0 12.600000000000001 12.4 0 0 0 0 0 12.600000000000001 0 1 0 0.6000000000000001 13 0 0 0 0 30.6 13.200000000000001 0 0 0 0 0 0 0.2 0.6000000000000001 0 1.4000000000000001 3.8000000000000003 0 0 0 0.6000000000000001 0 0 0.6000000000000001 0 0 0 0 0 0.4 0 0 0 0 0.4 0 0 0 0 0 0 0 0 0 0.2 0 0 0 4.6000000000000005 4.2 6.4 3.2 2.4000000000000004 0 0 5.6000000000000005 3 10.4 0 4.4 3 0 2.6 6.4 0 0 4.800000000000001 0 0 0 0 0 4.800000000000001 0 0 0 0 0 3.8000000000000003 0.4 0 0.2 0 0 6.6000000000000005 0 0 0 0 0 0 0 0 0 0 2.8000000000000003 0 0 0 0 0.2 0 0 0 0 1.4000000000000001 0 0.4 0.4 0 0 0 0 0 0 0 0 0 0 0.2 0 0.4 0 0.4 0 0 0 7.2 4 1.8 0.8 3.4000000000000004 2.4000000000000004 2 3.6 10.600000000000001 6.4 2.2 0 0 4.6000000000000005 5.6000000000000005 0 0 0 0 0 0 0 0 0 0 10 0 0 0 0 0 4.4 5.6000000000000005 4.6000000000000005 0 0 0 9.600000000000001 2.4000000000000004 0 0 0 0 0 0 0 0 1.4000000000000001 0 0 1.8 0 0 0 0 0.4 0 0 0 0 0 0 0 0 0 0 0 0 0 0 0 0 0 0.8 0 0.2 0 0.2 0.4 0.4 0 0 0 0 0 4.2 0 0 0 0 0 0 0 0 0 0 0.4 0 0 0 2.8000000000000003 0 0 0 2 4 0 0 0 
 0 0 0 0 0 0 0 0 0 0 0.4 0 0.6000000000000001 0.6000000000000001 0 0 0 0 0.2 0.2 8.200000000000001 93.80000000000001 11 43.400000000000006 18.400000000000002 11.4 8.6 23.8 31.400000000000002 0 47.6 21.400000000000002 56.2 17.2 61.2 36.2 33.800000000000004 29.400000000000002 10.8 20 0 0 0 4.4 4.2 4.4 0 0 0 0 5.2 0 0.6000000000000001 0.2 3 0.8 4.4 0 13.600000000000001 0.4 0 0 0 0 0 0 0 0.6000000000000001 0 0.4 0 0 0 0 0 0 0 0.6000000000000001 0 0 0 0 0 0 0 0 0 0 0 0 0 0.4 0 0 0 0 0 0 0 0 0 0 1.6 2 2.6 0 1.6 0 3 0 3.4000000000000004 0 0 0.4 3.8000000000000003 5.800000000000001 0.4 2.6 0 2.8000000000000003 1.4000000000000001 2.2 0 0 0 0.4 2.8000000000000003 0 0 0 2.2 0 9.600000000000001 1.6 0 1.4000000000000001 0 0 3.2 2.2 0.2 0 0 0 0 0 0 0.4 0 0 0 0 0 0 0 0.4 0 1.2000000000000002 0 0 0 0 0 0 0 0 0 0 0.2 0 0 0 0 0.2 0.2 0 0 0 0 0 0 0 1.2000000000000002 0 2.2 3.8000000000000003 0 0.2 8.200000000000001 3 3.4000000000000004 6.4 0 6.800000000000001 0 0 3.6 2.4000000000000004 0 0 0 0 0 0 0 0 1 5.4 0 0 0.4 0 5.6000000000000005 0 3 0 3.2 0 0 1.4000000000000001 0 0 0 0 0 0 0 0 0 0 0 0 0 0 0 0 0 0 0 0 0 0 2.4000000000000004 0 0 0 0 0 0 0 0 0 0 0 3.2 0 0.6000000000000001 15 0.2 0.2 0.4 3.8000000000000003 0 0 0 0 0 0 0 0 0 0 0 0 0 0 0 0 0 0 0 0 0 0 0 1 0 0 0 0 
 0.2 0 0.4 32.2 0.4 0 0 0 0.2 0 0 0 0 0 0.4 0.4 0 0 0 0.2 23.8 35.800000000000004 24.400000000000002 8.8 31.8 43.400000000000006 53.2 29.8 39 47.6 0 36.800000000000004 7.800000000000001 60.6 15.200000000000001 18 25.6 43 6.4 13.4 0.2 14.600000000000001 0 0 0 0 0 0 0 0.2 1 0 0.6000000000000001 5 0 0.2 0 0.4 12.4 26 0 0 0 0 0 0 0 13.600000000000001 0 0.4 12.4 0 0.2 0 0 0 0 0.6000000000000001 0 0 0 0.4 0 0 0.2 0 0 0 0 0 0 0 0 0 0 0 0 0 0 0 2.4000000000000004 0.6000000000000001 0.2 1.6 0 0.2 0 4 0 11 0 10.4 1.6 2.4000000000000004 7.2 0 2 6.2 0 0 0 1.8 0 0 0 0 2.2 6.800000000000001 0 0 0 0 5.4 1.6 0 0 0 0 0.2 1.8 0 0 0 0 0 0 0 0.4 0 0 0 0 0 0 0 0 0 0.4 0 0.4 0 0 0 0 0 1.4000000000000001 0 0 0 0 3.6 0 0 0.6000000000000001 0 0 4 0 0 0 0.2 2 0 2.4000000000000004 2.2 2 3.8000000000000003 0.2 1.6 0 2.6 5.2 0 2.4000000000000004 4.800000000000001 6.2 0.2 0 0 2.2 0 0 2.8000000000000003 0 0 0 3.4000000000000004 0 0 0 4 0.2 4.800000000000001 0 2.2 0 6.6000000000000005 0 3.6 0 0 0 0 0 0 0 0 0 0 0 0.2 0 0 0 0 0 0 0 0 0 0 0 0 0 0 0 0 0 0 0 0 0 0 0 1 0 0.4 15 16.400000000000002 0 0 0 0 0 0 0 5.2 0 0 0 0 0 0 0 0 0 0 0 0 0.2 0 0 0 0 0 2.2 0 0 0 0 
 0 0 0 0 0 0 0 0 0 0 0 0 0 1 0.2 0 0.4 0 0 0 11 46.2 12 36.4 23.400000000000002 59.2 11.4 23.400000000000002 7.2 21.400000000000002 36.800000000000004 0 31.400000000000002 40.400000000000006 19 11.8 17.400000000000002 83.4 3.4000000000000004 47.6 0 11.8 0 0 0 0 0.2 0 0 0.2 1 0 0.6000000000000001 12.8 0 12.8 0.2 0 0 3.8000000000000003 0 0 0 12.600000000000001 0.2 0 0 0.6000000000000001 0 0.4 2.8000000000000003 0 0 0 0.8 0 0 0.6000000000000001 0 0 0 0 0 0 0 0 0 0 0 0 0.4 0 0 0 0 0.4 0 0 0 0 0 0 3 0 0 4.6000000000000005 7.6000000000000005 0 4 3.4000000000000004 0.8 3.8000000000000003 3 0 6.6000000000000005 1.6 0.2 2.4000000000000004 0.2 1.2000000000000002 0.2 0.2 0 0 2.6 0 0.2 4.4 0 0.4 0.4 0 3 0.2 4 0 0.2 0 2.4000000000000004 0 0.8 0 0 0 0 0 0 0 0 3.8000000000000003 0 0 0 0 0 4.2 0 0.6000000000000001 0 0 0 0 0 0 0 0 0 0 0 0 0 0 0 0 0 0 0 0 0 0 0.2 2 0 10.8 0 0 2.6 8 2 4.2 6 2 0 2.8000000000000003 6.6000000000000005 5.6000000000000005 5.800000000000001 5.6000000000000005 0 0.8 0 0 2.6 0 0 0 2.4000000000000004 0 11.8 0 0 0 9.600000000000001 0 0 0 0.2 0 0 7.4 0 0 0 0 0 0 0 0 0 0 0 0 0 2.8000000000000003 0 0 0 0 0 0 0 0 0 0 0 0 0 0 0 0 0 0 0 0 0.2 0 0.4 30.400000000000002 0.4 0.4 0.2 3.4000000000000004 0 0 0 0 1.2000000000000002 0 0 0 0 0.2 0 0 0 0 0 0 0 1.2000000000000002 0 1.6 0 0 0 0 0 0 0 0 
 0 0.2 0 0.4 12 15.200000000000001 0 0 0 0 0 0.4 0 0 0 0 0 0 0 11.8 24.200000000000003 57.6 40 58 19 4.2 41.2 131.6 30.200000000000003 56.2 7.800000000000001 31.400000000000002 0 47.800000000000004 13.4 38 54 73.2 12.8 24.200000000000003 0 0 0.2 0 0 0 0 0 0 0 1 0 0.6000000000000001 0.2 0 0 0 0 12.600000000000001 0.2 0 0 0.2 0 0 0 0 0.6000000000000001 0 0.4 0 0 0 0 0.4 0 0 0.6000000000000001 0 0 0 0 0 12.4 2 2.8000000000000003 0 0 0 0 0 2 0 0 2.6 0 0 0 0 0 2.2 0 0.2 0.2 0 3 5.4 2.2 0 6 2.8000000000000003 1.8 2.6 0.2 3.4000000000000004 1 3.6 0.4 6 0.2 0 0 0 0 0 5 3.8000000000000003 0 0 0 0 0 0 0 0 0 0 0 0 0 0 0 0 0 2.6 0 0 2 0 0 0 0 0 0 0 1.6 0 0 0 0 0 0 0 0 0 0 0 0 0 0 0 0 0 0 0 0 0 0 0 1.4000000000000001 4 5.800000000000001 3.8000000000000003 0.2 2.6 0 6.800000000000001 1.4000000000000001 2.2 0 0 0 1.8 0 1.8 6.6000000000000005 5 0 0 3 0 0 0 0 0 2.6 0 0 0 0 0 0 0 0 0 0 0 0 0 0 0 0.6000000000000001 0 0 0 0 0 0 0 0 0 0 0 0 0 0 0 0 0 0 0 0 0 0 0 0 18.6 0 0 0 0 0 0 0 2.2 0.2 0.2 0.2 0 0 2.8000000000000003 0 0 0 0 0 0 0 0 2.4000000000000004 0 0 0 0 0 3.6 0 0 0 0 0 0 0 0 0 0 0 0 0 0 
