 0 59 23.6 19 9.8 9 50.6 35.2 23.6 30.400000000000002 23 25.8 28.400000000000002 45.400000000000006 46.2 43.800000000000004 13.200000000000001 27.6 7.4 25.200000000000003 0 0 0 0.4 0 0.6000000000000001 0 0 0.4 0.2 0 0.2 0.4 14.8 0 0 0 0 15.200000000000001 0 0 0 0 0 0 0 0 0.6000000000000001 0 0 0 0 0 0 0.2 12.4 0 0 0 1.8 0 7.2 0 0 0 0 0 0 0 12.4 0.6000000000000001 0 0 0 0 0 1 0 0.6000000000000001 0.4 3.6 5 0 0 0 2.2 0.4 4.6000000000000005 3 7 2.4000000000000004 4.2 0 2.2 5.6000000000000005 0.2 1 5 0 5 0 0 0 0 0 0 0 0 0 0 0 0 3 0 0 0 0 0 4.2 9 0 0 0 0 2.8000000000000003 0 0 0 0 0 0 0 0 0 0 0 0 0 0 0 0 0 0 2.8000000000000003 0 0 0 0.2 0 0 0 0 0 0 0.4 0 0 0 0 0 2.8000000000000003 1.2000000000000002 0 0 4.4 0 3.8000000000000003 0 8.8 0 0 0.2 0 3.6 8.8 2.4000000000000004 3.8000000000000003 3.6 0 0 0 0 0 0 0 0 1 0 0 0 0 0 0 0 0 0 0 0 0 3.2 0 0 0 0 0 0 0 2.6 0 0 0 0.2 0 0 0 0 0 0 0 0 0 0 0 0 0 0 0 0 0 0 0 0 0 0 0 0 0 0 0 0 0 2 0 0 0 0 18.2 0 0.2 0 2.6 0.4 0 0 0 0 0 0 0 0 0 0 0 0 0 0 0 0 0 0 0 0 0 0 0 0 5.800000000000001 0 0 0 0 0 0 0 0 0 0 0 0 0 
 59 0 35.800000000000004 17.6 46.400000000000006 35.800000000000004 19.8 15.4 44.400000000000006 114.80000000000001 27.200000000000003 17.400000000000002 9.200000000000001 47.800000000000004 27 60 36 42 8.6 12.600000000000001 0 2.2 0.4 0.4 0 1.2000000000000002 0 0.6000000000000001 0.4 3.2 0 0 16 0.6000000000000001 0.2 0 0.8 2.4000000000000004 23.200000000000003 14.8 0 0 0.8 0 0 0.4 1 0.6000000000000001 0 0 0 0.6000000000000001 0 0 0 0.4 0.6000000000000001 0.8 0 0.2 0 0 0 0 0 0 0.2 0 0 8.6 0.4 0 0.4 0 0 0 1.2000000000000002 8.8 0.6000000000000001 0.6000000000000001 1.2000000000000002 0 0 4.2 1.4000000000000001 0.2 0.2 6.4 2.8000000000000003 5.4 8.6 0.2 0 3 4.6000000000000005 2.4000000000000004 4.800000000000001 6 0 0 0 0 0 0 0 0 0 0 0 0 0 0 3 0 0 0 0 0 5.4 2.2 0 0 0 0 0.4 0 0.2 0 0.2 0 0 0 0 0 0 0 0 0 0 0 0 0 0 0 1 0 0.2 1.6 0 0 0 0.2 0 0 0 0 0 0 0 0 4.800000000000001 2.4000000000000004 1.8 0 1.4000000000000001 0 8.8 0 8.4 3.4000000000000004 3.6 0.2 10 0 2.8000000000000003 0.8 3.4000000000000004 4.6000000000000005 0 0 0 0 3.2 0 0 0 6 0 2.4000000000000004 0 0 0 3.4000000000000004 0 0 0 0 0 2.8000000000000003 5.2 0.4 0 0 2.6 0 0 0.4 0 0 0 0 0 0 0 0 0 0 0 0 0 0 0 0 0 0 0 0 0 0 0 0 0 0 0 0 0 0 0 0 0 0 0 0 0 0 0.2 17.400000000000002 0 1.2000000000000002 0.2 2 0 0 0 0 0 0 0 0 0 0 0 0 0 0 0.4 0 0 0 0 0 0 0 0 0 2 3.8000000000000003 0.2 0 0 0 0 0 0 0 0 0 0 0 0 
 23.6 35.800000000000004 0 24.400000000000002 26.200000000000003 7 58.6 32.2 24.400000000000002 17 3.2 43.400000000000006 16 10.4 67.60000000000001 41.400000000000006 45.800000000000004 8.8 8.200000000000001 46.800000000000004 0 0 0 0.4 0.2 0.6000000000000001 0 0.6000000000000001 0.4 0 0 0 0.4 0 0.2 0 0 0 15 0 0 0 0 0.8 12.8 0 0.4 0.6000000000000001 0 0 0 0 0 0 0 0 0 0.4 0 0 1 0 0 0 0 0 0 0 0 10.200000000000001 0.6000000000000001 0 0 0 0 0 0.6000000000000001 0 0.6000000000000001 0.4 4.4 3 0.2 10.200000000000001 0 2.2 2.8000000000000003 0 11.200000000000001 0.2 4.800000000000001 0 0 1.6 4.2 3 0 2.8000000000000003 0.2 0 0 0 0 0 0 0 3 0 0 0 0 0 5.800000000000001 0 0 0.8 0 0 3.6 0.2 0 0 0 0 0 0 0 0.4 0 0 0 0 0 0 0 0 0 0 0 0 0 0 0 0.6000000000000001 0 0 0 0 0 0 0 0.6000000000000001 0 0 0 0 0 0 0 0 0 2.8000000000000003 2 0.2 0 2.2 0.2 1.2000000000000002 1.4000000000000001 4.6000000000000005 2 8.4 2.2 0 0 2.4000000000000004 0.2 0 1.6 2.4000000000000004 0 0 2 0 0 0 1.6 0 0 0 0 0 0 0 0 0 0 1 3 0 0 0 0 0 0 0 0 0 0 0.4 0 0 3.8000000000000003 0 0 0 0 0 0 0 0 0 0 0 0 0 0 0 0 0 0 0 0 0 0 0 0 0 0 0 0 0 0 0 0 0.4 0 0.4 18.6 9 0 0.8 1.8 0 0 0 0 0 15.4 0 0 0 0 0 0 0 0 0 0 0 0 0 0 0 0 3.8000000000000003 0 2.2 0 0 0 0 0 0 0 0 0 0 0 0.4 
 19 17.6 24.400000000000002 0 17.8 7.4 58.6 16.6 31 21.8 25 41.400000000000006 20.8 15.200000000000001 31.6 45.6 7 81.4 14.4 51.400000000000006 5.2 0 0 0.4 0 0.6000000000000001 16 14.600000000000001 0.4 0.2 0 0 13.200000000000001 0.2 0.2 0 0 0 14.600000000000001 0 0 0 0 0 0 0 0 0.6000000000000001 0 0 0 0 0 12.8 0.2 0 0 0.4 0 0 0.2 0 0.2 1 0.2 2.2 0 0 5 10.4 2 8.4 0 0 0 0.2 0.6000000000000001 0.2 0.6000000000000001 0.4 0 1.2000000000000002 2 0 6.6000000000000005 6.800000000000001 1.2000000000000002 2 3.6 0 9.200000000000001 0 0 0 5.4 3.2 3.8000000000000003 5.6000000000000005 0 0 0 0 0 0 0 0 3.2 6.2 2.2 0 0 0 0.8 2 3 0 5.2 0 14.600000000000001 1.6 1.8 0 0 0 0 0 0 0 0 0 0 0 0 0 0 0.2 0 0 0 0 0 1 0.6000000000000001 0 0 0 1.8 0 0 0 0 0 0 0 0 0 0 0 0 0 0 0 0 2.6 6.800000000000001 6.4 0 2.8000000000000003 1.6 0 1.2000000000000002 5 0.4 0 0 4.4 1.8 4 0 0 4 2 5.2 0 0 0.2 7 2.6 0 0 0 0.4 0.2 4.4 3.2 2 0 0 2.6 2.8000000000000003 0 0 0 0 0.4 0 0 0 0 0 0 0 0 0 0 0 0 0 0 0 3.2 0 0 0 0 0 0 0 0 0 0.2 0 0.4 0 0 0.2 0 0 0 0 0 0 0 0 0 0.4 18 0 0.4 0 0.2 0 0 0 0 0 0 0 0 0 0 0 0 0 0 0 0 0 0 0 0 0 0 0 0 0 0 0 0 0 0 0 0 0 0 0 0 0 0 0 
 9.8 46.400000000000006 26.200000000000003 17.8 0 30.6 15 31.8 95.60000000000001 18.2 45.6 66 16.400000000000002 35 57.400000000000006 15.200000000000001 79.4 25 97.80000000000001 74 0 0 0 0.6000000000000001 1.4000000000000001 1.2000000000000002 15.600000000000001 0 0.6000000000000001 0 1 0.4 13.4 0.2 14.600000000000001 12.4 14.8 0 30.200000000000003 3.6 0 0 0 0 0 0 0 0.6000000000000001 0 0 0 12.4 0.8 0 0.4 1 0 0 1.6 0 0.4 0 0 0 0 0 0.2 0 0.8 0 0.4 0 0.4 9.8 1 0 0 0 0.4 1 4.6000000000000005 1.6 0 0.2 14 2.2 0 9.8 0 5.800000000000001 6.4 2.2 0 3.8000000000000003 0 1.6 4.800000000000001 6.2 0 0 0 1.4000000000000001 0.4 0.4 0 0 6.6000000000000005 2.2 0.2 2 1.8 0 6.2 3.8000000000000003 0.2 0 1.8 0 4.6000000000000005 2 0 0 0 0 0 0 0 0 0 0 0 0 0 0 0 0 0 0 0 0 0 0 0 0 1.2000000000000002 0 0 0.6000000000000001 0 0 0 0 0 0 0 0 0 0 0 0 3.4000000000000004 3.2 0 0 2.6 0 0 0 5 1.8 3.6 0 0 0 0 0 4.6000000000000005 3.2 0 0.2 0 2.8000000000000003 0 0 2.8000000000000003 0 0.2 0 4.800000000000001 0 2.4000000000000004 0 3 2.2 0 2.6 0 0 1.6 3 0 0 0 0 0 0 0 0 0 0 0 0 0 0 0 0 0 0 0 0 0 0 0 0 0 0 0 0 0 0 0 0 0 0 0 0.4 0 0 0 0 0 0 0 0 0 0 0.2 0 6.4 19.400000000000002 2 1.2000000000000002 2.2 0 0 0 0 0 0 0 0 0 2.2 0 0 0.2 0 0 0 0 0 0 0 0.4 0 4.6000000000000005 3.8000000000000003 0 0 0 0 0 0 0 0 0 0 0 0 0 
 9 35.800000000000004 7 7.4 30.6 0 7 25.6 10 87.2 24.6 13.200000000000001 13.4 28.200000000000003 29.200000000000003 13 29.400000000000002 20.200000000000003 9.600000000000001 8.6 30 0 0 0.4 0 0.6000000000000001 15.200000000000001 0 0.4 0.2 0 0.4 15.200000000000001 7.6000000000000005 4.800000000000001 0 0 0 0.2 14.8 0 0 0 0 0 0 0 0.6000000000000001 0 0 0 0 0 0 0 0 0 0 0 0 0.4 0 0 0 0 0 0.8 0 0 0 0.6000000000000001 0 0 0 0 0 0.6000000000000001 0 0.6000000000000001 0.4 2.6 0 0.2 3 0.4 0 0 0 0 0 0 7.800000000000001 0 2.4000000000000004 2.2 0 0 0 0 0.2 4.4 1.8 0 0 0 0 0.4 0 3 0 0.4 0 3.2 0.2 3.2 0 0.6000000000000001 0.2 0 0.2 0 0 0 1.4000000000000001 0 0 0 0 0 0 0 0.2 0 0 0 0 0 2.4000000000000004 0 0 0 0.2 0 0 0.2 0 4 0.6000000000000001 0 0 0 0 0 0 0 0 0 0 0 0 1.6 4.6000000000000005 4.800000000000001 0 0 2.2 3.2 0 5.4 3.2 1.2000000000000002 0 2 0 2.6 0 0 0 1.6 0 7.4 2 0 0 0 0 0 0 0.4 0 0 2.4000000000000004 11.200000000000001 0 4.800000000000001 0.2 0 0 1.2000000000000002 1.8 0 0 0 0 0.4 0 0 0 0 0 0 0 0 0 0 0 0 0 0 0 0 0 0.4 3.6 0 0 2.6 0 0 0 0.4 0 0 0 3.4000000000000004 0.2 0 0 0 0 0 0 0 0 0 0 0 0.4 0.2 17.6 0 1 0 0 0 0 0 0 0 0 0 0 0 0 0 0 0 0 0 0 0 0 0 0 0 2.2 3 0 0 3.4000000000000004 0 0 0 0 0 0 0 0 0 0 
 50.6 19.8 58.6 58.6 15 7 0 22.6 20.8 24.8 9.200000000000001 5.800000000000001 21.200000000000003 28.8 30.6 28 17.400000000000002 5 48.2 71.4 0 0 0.4 0.8 1 0.6000000000000001 0 0 0.4 0.4 0 0 0.2 0.2 0 0 0 0 0 0 0 0 0 1 0 0 14.8 0.6000000000000001 0 0 0 0 0 0 0 0 0 0 0 0 0 0 0 0 0 0 0 0 0 0 0.4 0 0 0 0 0 0.6000000000000001 0.4 0.6000000000000001 0.6000000000000001 4.2 4.4 4.2 1.6 0 2 1.8 0 4.6000000000000005 0 0 0 6 1.6 7.6000000000000005 0.2 0 0 0.4 2.6 0 0 0 0 0 0 0 0 0 0 0 0 0 0 0 0 0 0 1.4000000000000001 0 0 0 0 0 0 0 0 0 0 0 0 0 0 0 0 0 0 0 0 0 0 0 0 0.2 0 0 0 0 0 0 0 0 0 0 0 0 0.4 0 0 0 0 9 4 3 0 2 0.4 1.6 0.6000000000000001 0.4 0 2.2 1.6 3.4000000000000004 2.2 5.2 0.2 0 8.6 2.6 0 0 0 0 0 0 0.2 0 0.4 0 0 0 0 0 0 3.8000000000000003 0 0 0 0 0 0 0 0 0 0 0 0 0 0.2 0 0 0 0 0 0 0 0 0 0 0 14.4 0 0 0 0 0 0 0 0 0 0 0 0 0 0 0 0 0 0 0 0 0 0 0 0 0 0.2 0.2 0 0 0 0 0 0 0 0 0 0 0 0 0 0 0 0 0 0 0 0 0 0 0 0 0 0 0 0 0 0 0 0 0 0 0 1.6 0 0 0 0 0 
 35.2 15.4 32.2 16.6 31.8 25.6 22.6 0 64.4 16.6 23.8 18.2 41.800000000000004 64 18.8 69 21.400000000000002 30 9.8 15.4 0 0 0.2 1.2000000000000002 0 0.6000000000000001 0 0 0.6000000000000001 0 0 0 0.4 0 0 0.8 0 0.4 15.8 0 0 0 0 0 0.6000000000000001 0 0 0.6000000000000001 0 0 0 0 0 0.4 0 0 0 0 0 0.6000000000000001 0.8 0 0 0 0 0 0 0 8.8 0 0.4 0 0.2 0 0.2 0 0.4 0 0.4 0.6000000000000001 1.6 6.800000000000001 0 0 0 1.2000000000000002 0 8.8 2.8000000000000003 13 13.4 5.2 1.8 4.6000000000000005 2 3.4000000000000004 6.6000000000000005 0.2 1.6 2.2 0 0 2.4000000000000004 0 0 0 0.2 0.2 0 0 0 0 5.2 0 0 0.2 0 0.4 0 0 0 0 0 0 0 0 0 0 0 0 0 0 0 0 0 0 0 0 0 0 0 0 0 0.2 1.8 0 0.2 1.4000000000000001 0 0 0 0 0 0 0 0 0 0 0 0 4.2 0 0 0.2 1.8 0 0 0 4.4 6.800000000000001 3.4000000000000004 0 0 0 0 0 5.6000000000000005 2.8000000000000003 0 0.2 0 0 0 0 0.4 0 0 0 0 0 0 0 9 0 0 1.8 0 0 1 6.6000000000000005 0 0 0 0 0 0 0 0.2 0 0 0 0 0 0 0 0 0 0 0 0 0.4 0 0 0 0 0 0 0 0 0 4.6000000000000005 0 0 0 0 0 0 0 0 0 0 1.6 0 0 0 0 0.2 0 0.2 17.6 2 1 0 0 0.2 0 0 0 0 0 0 0 0 0 0 0 0 0 0 0 0 0 0 0.2 0 2 1.4000000000000001 0 0 0 0 0 0 0 0 0 0 0 0 0 
 23.6 44.400000000000006 24.400000000000002 31 95.60000000000001 10 20.8 64.4 0 32 6.4 4.2 32.800000000000004 55.800000000000004 30.200000000000003 83 28.8 15 57 73 0 0 0 0.2 0 0.6000000000000001 0 0.4 0.4 0.4 0 0 0.2 0 0 0 0 0.2 13.4 0 0 0 0 3.2 0 0 0 1.8 5.6000000000000005 0 0.4 0 0 0 0.4 0 0 0 0 0 0 0 0 0.4 0 0 0 0 0 0 0.6000000000000001 0 0 0 0 0 0.6000000000000001 0 0.6000000000000001 0.4 6.800000000000001 10.8 0.8 6.4 0 0 2.4000000000000004 8.6 0 7.2 0.4 3 0.8 0.6000000000000001 0 7.6000000000000005 11.8 7 2.6 0.2 0 0 0 0 0 0 0 0 0 0 0 0 2.6 0 0 0 0 0 0.6000000000000001 0 0 0 0 0 0 0 0 0 0 0 0 0.2 0 0 0 0 0 0 0 0 0 0.2 0 0 0.2 0 0 0.6000000000000001 0 0 0 0 0 0 0 0 0 0 0 0 2 2.6 5.2 0 3.2 3.6 0 3.4000000000000004 3 3.2 1.4000000000000001 2.4000000000000004 0.8 0 0 1.8 5.6000000000000005 1 1.6 0 0 0 2.6 0 0 0 2 0 0 0 0 0 4 0 0 0 0 0 1.2000000000000002 4 0 0 0 0 0 0 0 0 0 0 0 0 0 0 0 0 0 0 0 0 0 0 0 0 0 0 0 0 0 0 0 0 0 0 0 2 0 5.6000000000000005 0 0 0 0.2 0 0 0 0 0.2 0 20.200000000000003 0 0.8 0.8 0 0 0 0 0 0 0 0 0 0 0 0 0 0 0 0 0 0 0 0 0 0 0 2.2 3.6 0 0 0 0 0 0 0 0 0 0 0 0 0 
 30.400000000000002 114.80000000000001 17 21.8 18.2 87.2 24.8 16.6 32 0 67.60000000000001 7.2 14.600000000000001 54.400000000000006 36.2 55.6 29.6 24.200000000000003 10.600000000000001 36 0 0 0.2 0.6000000000000001 0.6000000000000001 0.6000000000000001 0 0 0.4 0.4 0 0 0.2 0 0 0 0 0.2 14.8 0.2 0 0 0 0 0 0 0 0.6000000000000001 0 0 0 0 0 0 0 0 0 0 0.4 3.6 0.6000000000000001 0 0 0 0 0 0 0 0.4 10.200000000000001 0.4 0 0.2 0 0 0 0.4 0 0.4 0.6000000000000001 2.2 1.4000000000000001 0 3.6 0 2.2 0 5.800000000000001 3.6 4.4 6.800000000000001 0.2 0.2 2.2 5.2 3.2 9.4 3.4000000000000004 0 2.8000000000000003 0 0 0 0 0 0 0 0 0 0 0 0 0 0 0 0 0 0 7.6000000000000005 0 0 0 0 0 0.4 0 0 0 0 0 0 0 0 0 2.8000000000000003 0 0 0 0 0 0 0 0 0 0.8 0 2.6 1.2000000000000002 0 0 0 0 0 0 0 0 0 0 0 0 3 3.2 2.6 2.8000000000000003 1.8 0.4 0.2 0 5.800000000000001 2.6 7.2 4 2.6 0 0 2.2 0 5 0 0 0 0 1.8 0 0 0 2 0 2 0 0 0 2 2 0 0 0.2 0 5 2 0 0 0 0 0 0 0 0 0 2 0 0.4 0 0 0 0 0 0 0 0 0 0 0 6.6000000000000005 0 0 0 0 0 0 0 0 0 0.4 0 0 0 0 0 0 0 4.4 0 0 0 0.4 1 0 17.6 0 0 0.8 0 0 0 0 0 0 0 0 0 0 0 0 0 0 0 0 0 0 0 0 0 0 0 2.2 0 0 0 0 0 0 0 0 0 0 0 0 0 0 
 23 27.200000000000003 3.2 25 45.6 24.6 9.200000000000001 23.8 6.4 67.60000000000001 0 91.2 30.400000000000002 6.800000000000001 27.8 33.800000000000004 107.60000000000001 57.6 93.60000000000001 11.200000000000001 14.8 0 0 0.6000000000000001 0 0.6000000000000001 15.200000000000001 0.6000000000000001 0.6000000000000001 0.2 0 0.4 15.600000000000001 6.2 0.2 0 0.4 0 11.600000000000001 29.400000000000002 0 0 0.4 12.600000000000001 1.4000000000000001 0 0.4 0.6000000000000001 0.6000000000000001 0 0 0.4 0 0 0 0 0 0 0 0 0 0 0 0 0 0 0 0.2 0 0.2 0.4 0 0.4 0 0 0 0.6000000000000001 0 0.4 0.6000000000000001 3.8000000000000003 0 0 3.6 0 0 6.2 2.6 0 3.8000000000000003 2.2 3.8000000000000003 0 2.8000000000000003 0 4.4 6 3 0 0 0 2 0.4 0 0 0 0 0.2 0 0 3.6 0 3.2 0 1 0 0 0 2.4000000000000004 0.4 0 0 0 0.4 0 0 0 0 0 0 0 0 0 0 0 0 0 0 0 0.2 0 0 0 0.4 0.6000000000000001 0 0.2 0 0 0 0 0.4 0 0.4 0 0 0 0 0 0 2.2 0 0 2 2 4.2 2.8000000000000003 0 8.200000000000001 10 3.2 0 12.8 2.4000000000000004 0 1.6 0 10 0 2.8000000000000003 0 0 2.6 0 0 0 0 0 4.4 0 0 0 5.800000000000001 0 3.8000000000000003 0 0 0 1.4000000000000001 4 0 0 7 0 0 0 0 0 0 0 0 0 0 0 0 0 0 0.2 0.4 0 0 0 0 0 0 0 0 0 0 0 0 0 0 0 0 0 0 0 0 0.2 0 0 0 0 0 0 18.8 0 0.4 20.400000000000002 0 0.8 0 0 0 0 0 0 0 0 0 0 0 0 0 0.4 0 0 0 0 0 0 0 0.2 0 0 3.6 0.6000000000000001 0 0 0 0 0 0 0 0 0 0 0 0 
 25.8 17.400000000000002 43.400000000000006 41.400000000000006 66 13.200000000000001 5.800000000000001 18.2 4.2 7.2 91.2 0 3.8000000000000003 22.8 46 29.400000000000002 15 12.4 8.200000000000001 9 15.8 0 0.6000000000000001 1 0.4 0.6000000000000001 15.600000000000001 5.800000000000001 0.6000000000000001 0 0.4 0 19.400000000000002 0 5.2 16.2 0 0 0 0.2 0 0.6000000000000001 0 0.8 0 0.4 0 0.6000000000000001 0 0.2 0 0 0 0.4 0 0 0 0.2 0.4 1.2000000000000002 1 0 0 0.6000000000000001 0 0 0 0 0 0 1 0 0 0 0.4 0 0.6000000000000001 0 0.6000000000000001 0.4 3.6 4.2 0 7.800000000000001 5 0 2.4000000000000004 2.2 4.2 2.8000000000000003 6.6000000000000005 4.6000000000000005 2.4000000000000004 5.6000000000000005 6.2 2 0.4 0.4 0 0.4 0 2.2 0 2.4000000000000004 0 0.2 0.8 4.6000000000000005 2 1 2 0 2.8000000000000003 6.6000000000000005 3.6 0 2.2 0 2.2 1.8 0.4 0 0 0 0 0 0 0 0 0 0 0 0 0 0 0 0 0 0 0 0 0 0 1.4000000000000001 0 0 0 0 0 0 0 1.8 0 0 0 0 0 0 0 0 0 0 0 0 0 2.8000000000000003 0 0.2 0 4.2 5.2 5 2.2 0 0 0 6.800000000000001 2.4000000000000004 0.2 4 0.2 2.4000000000000004 2.6 0 0 0 0 0 2.6 0 1.2000000000000002 0 10 3 4 0.2 0 0 3.8000000000000003 1.8 0 0 0 0 0 0 0 0 0 0 0.2 0 6.2 0 0 0 0 0 0 0 2 0 0 0 0 0 0 0 0 0 0 0 0 0 0 0 0 0 0 0 0 1.2000000000000002 0 0 0 1.2000000000000002 0.2 0.2 1.2000000000000002 38.800000000000004 0 0 0 0 0 0 0 0 0 0 0 0 0 0 0 0 0 0 0 0 0 0 0 0 0 0 0 0.8 0 0 0 0 0 0 0 0 0 0 0 0 
 28.400000000000002 9.200000000000001 16 20.8 16.400000000000002 13.4 21.200000000000003 41.800000000000004 32.800000000000004 14.600000000000001 30.400000000000002 3.8000000000000003 0 59.400000000000006 47.2 54 8.8 16 18.2 70.2 0.2 0 0 0.6000000000000001 0 0.8 0 0.4 1 0.4 0 0 0.2 0 0 0 0 0 0 0 0 0 0 0.6000000000000001 0 0 0.6000000000000001 0.6000000000000001 0 0 0 0 0 0 0.8 0 0 0 0 0 0 5.800000000000001 0 0 0 0 0.2 0 0 0 0.4 0 0.6000000000000001 0 0 0 0 0 0.4 0.6000000000000001 2 0 1.6 2 0 2.8000000000000003 0 0 0 6.2 0 2 5.4 7.2 0 3.6 3 0 3.6 0 0 0 0 0 0 0 0 0 0 0 0 0 0 0 0.2 0 0 0 0 0 0 0 0 0 0 0 0 0 0 0 0 0 0 0 0 0 0.4 0 0 0 0 0 0 0 0 0 0 0 0 0 0.2 0 0 0 0 0 0 0.4 0 0.4 0 5 2 0 0.2 0 0 0 6.4 3.4000000000000004 0 2 0.4 7.800000000000001 0 1.6 0.2 3.4000000000000004 7 2.8000000000000003 0 0 0 0 0 0 0 0.2 0 0 0 3.4000000000000004 0 0 0 0 0 0 0.4 0 0 0 0 0 0 0 0 0 0 0 0 0 0 0 0 0.2 0 0 0 0 0 0 0 0.4 0 0.2 0 0 0 0 0 0 0 0 0 0 0 0 3.2 0 0 0 0 0 0 0.2 0 0 18.400000000000002 0 0.2 1.8 0 0.4 0 0 0.4 0 0 0 0 0 0 0 0 0 0.2 0 0 0 0 0 0 0 0 0 0 0 0 0 0 0 0 0 0 0 0 0 0 0 
 45.400000000000006 47.800000000000004 10.4 15.200000000000001 35 28.200000000000003 28.8 64 55.800000000000004 54.400000000000006 6.800000000000001 22.8 59.400000000000006 0 32.4 48 8.6 27.400000000000002 40.6 32 0 0 0 0.6000000000000001 0.6000000000000001 0.6000000000000001 0 5.6000000000000005 0.6000000000000001 0.4 0 0 0.2 0 16 0.8 0.2 0 14.8 0 0 0 0 0 0 0 0 0.6000000000000001 0 0 0 0 0 0 0 0 0 0 0 2.8000000000000003 0 0 0 1.2000000000000002 0 0 0 0 0 10.4 0.4 0 0.2 0 0 0 10.600000000000001 0 0.4 0.6000000000000001 5 8 0 3.6 0 4.800000000000001 0 8.4 2.6 6.2 9.8 3.8000000000000003 1.2000000000000002 4 7.6000000000000005 2.8000000000000003 3 0.2 0 5.6000000000000005 0 0 0 0 0 0 0 0 5.2 0 0 0 3.4000000000000004 0 0 0 0 0 1.8 0 0 0 0 0 0 0 0 0 0.4 0 0 0 0 0 0 0 0 0 0 0 0 0 0 0.4 1.8 0 0 0 0 0 3.8000000000000003 0 0 0 0 0 0 0 0 0 4.6000000000000005 3.4000000000000004 2.6 0 3.8000000000000003 0 2.4000000000000004 0 13.4 2.8000000000000003 1.4000000000000001 0 0 0.2 1.8 0.8 4.4 3.4000000000000004 0 0 0 0 0 0 0 0 0.4 0 0 0 0 0 11.4 0 0 0 0 0 1.4000000000000001 5.2 0 0 0 0 0 0 0 0 0 0 0 0 0 0 0 0 0 0 0 0 0 0 0 0 0 0 0 0 0 0 0 0 0 0 0 0 0 2.8000000000000003 0 0 0 3.6 0 0 0 0.4 17.400000000000002 0 6.2 0 2.4000000000000004 0.6000000000000001 0 0 0 0 0 0 0 0 0 0 0 0 0 0 0 0 0 0 0 0 0 0 0 0 3.8000000000000003 0 0 0 0 0 0 0 0 0 0 0 0 0 
 46.2 27 67.60000000000001 31.6 57.400000000000006 29.200000000000003 30.6 18.8 30.200000000000003 36.2 27.8 46 47.2 32.4 0 17.8 61.6 26.200000000000003 57 38.800000000000004 0.2 0 0 0.6000000000000001 0 0.6000000000000001 0 0 0.6000000000000001 0.2 0 0 0 0.2 0 0 0 0.2 0 0 0 0 0 0.4 0 0 0 0.6000000000000001 0 0 0 0 0 0 0 6 0 0 0 0 1.4000000000000001 7.6000000000000005 0 0 0 0 0 0 0 6.2 0.4 0 0.4 0 0 0 0.2 0 0.4 0.6000000000000001 0.2 2 5 2.8000000000000003 0 5.2 4.4 0 2.6 4.800000000000001 1.6 0 4.4 0 3.8000000000000003 2.2 0 5.2 0 1.8 0 0 0 0 0 0 0.4 0 0 0 0 0 3.8000000000000003 0 0.2 0 0 0 6.6000000000000005 4.4 0 0 0 0.4 0 0 0 0 0 0 0 0 0 0 0 0 0 0 0 0.2 0 0 0 0 0 0 0 0 0 0 0 0 0 0.4 0 0 0 0 0 0 0 5 0 5.800000000000001 0 0 3 0 1 5.6000000000000005 0.2 0 4.2 4.6000000000000005 6.6000000000000005 7.4 0 4 1.4000000000000001 1.8 0 0 0 0 0 0 4.6000000000000005 0 0 0 0 0 0 0 0 0 0 0 2 2 1.4000000000000001 0 0 0 0 0 0 0 0 0 0 0 0 0 0 0.4 0 0 0.4 0 0 0 0 0 0 0 0.2 0 0 0 0 0 0 0 0 0 0 0 0 0 0 0 0 0 0 0.4 0.4 0 0 18 0 2 0 0 0 0 0 0 0 0 0 0 2.2 0 0 0 0.4 0 0 0 0 0 0 0 0 0 0 0 0 0 0 0 0 0 0 0 0 0 0 0 
 43.800000000000004 60 41.400000000000006 45.6 15.200000000000001 13 28 69 83 55.6 33.800000000000004 29.400000000000002 54 48 17.8 0 51.6 15.4 11 89.80000000000001 0 0 0 0.2 0 1 0 0 0.4 0.4 0 0 0.2 0 0 0 0 0.8 15.4 0.2 0 0 0 0 0 0 0 0.6000000000000001 0 0 5.4 0 0 0 0.4 0 0 0 0 3.4000000000000004 0 0 0 0 0 0 0 0 0 0 0.6000000000000001 0 0 0 0 0 0.6000000000000001 0 0.6000000000000001 0.4 2.4000000000000004 12.8 1.6 3 0 2.4000000000000004 4.4 3.8000000000000003 1.6 6.6000000000000005 4.800000000000001 0.2 0.2 1.8 6.4 6.4 4.2 6 0 4.6000000000000005 0 0 0.2 0 0 0 0 0 0 0 0 0.4 0.2 0 0 2.8000000000000003 0 0 9.200000000000001 0.2 0 3.2 0 0.2 0 0 0 0 0 0 0 0 0 0 0 0 0 0 0.2 0.4 0 0 0 0.6000000000000001 0 0 0.4 0 0 0 0 1.4000000000000001 0 0.2 3.2 0 0 0 0 0 0 0 0 0 1.8 4.4 0 3.6 2.6 0 2.8000000000000003 9.4 1.8 0 0 0.6000000000000001 2.6 4.4 0 2 0 0 2 0 0 0 6.2 0 2 0 0 0 0 0 0 0 0 0 2.6 4.4 2.8000000000000003 0 0 0 0 0 0 0 0 0 0 0 0 0 0 0 0 0 0.2 0 0 0 0 0 0.2 0 0 0 0 0 0 0 0 0 0.4 0 0 0 0 0.4 0 2.2 0 0 0 0.2 2.4000000000000004 0 17.6 0.2 0.6000000000000001 0 0 0 0 0 0 0 0 0 0 0 0 0 0 0 0 0 0 0 0 0 0 0 0 0 0 2.8000000000000003 0 0 0 0 0 0 0 0 0 0 0 0 
 13.200000000000001 36 45.800000000000004 7 79.4 29.400000000000002 17.400000000000002 21.400000000000002 28.8 29.6 107.60000000000001 15 8.8 8.6 61.6 51.6 0 49 31.200000000000003 28 0.8 0 0 1.6 0 0.6000000000000001 0 0.6000000000000001 0.6000000000000001 0 0 0 15.200000000000001 14.600000000000001 0 0.6000000000000001 0 0.6000000000000001 21.400000000000002 15 0.4 0 0 0 0 0 0 0.6000000000000001 0 0 0.6000000000000001 0 0 0.8 0 0 0.4 1.6 0 0.2 1.2000000000000002 0.4 0 0 0 0 0 0 0 0 0.4 0 0.2 0.6000000000000001 0 0 0.4 0 0.4 0.6000000000000001 9.200000000000001 7.4 2.4000000000000004 3.2 0.2 2.4000000000000004 0 4.4 2 8 3.8000000000000003 5.2 3 13.4 3 0.8 4 5.6000000000000005 0 3.8000000000000003 0 0 0 0 0 0 0.2 0 0.4 0 4 0 14.600000000000001 0.2 6.4 0 0 0 0.8 1.8 0 0 0 0 0 0 0.2 0 0.2 0 0 0 0 0 0 0 0 0 0 0 0 0 0 0 0 0 0 0 0 0 0 0 0 0 0 0 0.2 0 0 0 1 0 0 0 7.800000000000001 2.4000000000000004 0 7.2 17.6 2.2 3.2 0.4 2.4000000000000004 0 0.2 2 4.4 3.8000000000000003 0 4.6000000000000005 0 0 0 0 0 0 3.2 0 0.6000000000000001 0 0 0 0 0 0.6000000000000001 0 0 0 1.8 6 0 0 0 0 0 0 0 0 0 0 0 0 0.4 3.2 0 0 0 0 0 0 0 0 0 0 0 0 0 0 0 0 0 0 0 0 0 0 0 0 0 0 0 0 0 0 0 0.2 20.8 0.4 2.2 17.2 2.2 0.6000000000000001 0 0.4 0 0 0 0 0 0 0 0 0 0 0 0 0 0 0 0 0 0 0 0 0 0 5.6000000000000005 0 0 0 0 0 0 0 0 0 0 0 0 0 
 27.6 42 8.8 81.4 25 20.200000000000003 5 30 15 24.200000000000003 57.6 12.4 16 27.400000000000002 26.200000000000003 15.4 49 0 7.800000000000001 14.4 14.8 0 0 0.6000000000000001 0 1.2000000000000002 14.8 0 1 0.2 0 0 0.2 6.2 18.2 0 0 0 19.8 0.2 0 0 0 0 0 0 0.4 0.6000000000000001 0 0 0 0.2 4 0.4 0 0 0 0 0 0.6000000000000001 0 0 0 0 0 0 9.200000000000001 0 0 0.2 0.4 0 0.6000000000000001 10.200000000000001 0 0 0 0 0.4 0.6000000000000001 0 2 1.6 0.4 0 1.4000000000000001 1.6 6.800000000000001 0 6.4 2.6 8.8 0 1.4000000000000001 2 3 6.2 3.8000000000000003 4.6000000000000005 0 0 2.2 0 0 0 0 0 0.2 0 0 0 0 3.2 0 1 0 0 1.2000000000000002 4.6000000000000005 0 0 0 0 0 0 0.2 0 0 0 0 0 0 0 0 0.4 0 0 0 0 0 0 0.2 0 0 0.2 0 0 1 0.4 0 0 0 0 0 0.2 0 0 2.8000000000000003 0 0 0 0 3.4000000000000004 0 2 5 0.2 2.2 2.8000000000000003 4.800000000000001 2.6 2.6 0.2 2.8000000000000003 0 0.4 1.8 13.4 0 0 0 0 0 0 0 0 2.4000000000000004 0 2 0 0 0 7 0 4.2 0 0 0 1.2000000000000002 8.6 0 0 0 0 0 0.2 0 0 0 0 0 0 0 0 0 0 0 0 0 0 0 0 0 0 0 0 0 0 0 0 0 0 0 0 0 0 0 0 0 0 0 0 0 0 0 0.2 1.6 0.2 0.8 20.8 0 0.4 0 0 0 0 0 0 0 0 0 0 0 0 0 0 0 0 0 0 9.600000000000001 0 0 0 0 2.2 3.8000000000000003 0 0 0 0 0 0 0 0 0 0 0 0 0 
 7.4 8.6 8.200000000000001 14.4 97.80000000000001 9.600000000000001 48.2 9.8 57 10.600000000000001 93.60000000000001 8.200000000000001 18.2 40.6 57 11 31.200000000000003 7.800000000000001 0 16.2 0 0 0.2 0.6000000000000001 0.2 0.6000000000000001 0 0 0.6000000000000001 0.2 0 0 0.4 0.6000000000000001 0 0.4 0 0 0 13 0 0 0 0 0.4 0 0 0.6000000000000001 0 0 0 0 0 0 0 0 0 0 0 0 0 6.2 0.4 0 0 0 0.2 0 0 0 0.4 0 0.4 10.4 0 0 0.6000000000000001 0 0.4 0.6000000000000001 0 0 5.2 0 0 0 2.2 0 0 0 0 0 4.800000000000001 0 2.2 3.8000000000000003 0 3.8000000000000003 0 5.2 0 0 0 0 0 0 0 0 0 0 0 0 0 0 0 0 0 0 0 0 0 0 0 0 0 0 0 1.4000000000000001 0 0 0 0.2 0 0 0 0 0 0 0 0 0 0 0 0 0 0 0 1.8 0 0 0 0 0 0 0 0 0 0 0 0 4.4 3.2 0.2 7.800000000000001 0 0 8.200000000000001 6 1.8 0 0 0.2 2.2 7.800000000000001 7 3.6 0 1.6 0 1.4000000000000001 0 0 0 0 0 0 0 0 0 0 0 0 0 0 0 0 0 0.4 0 0 0 0 0 0 0 0 0 0 0 0.2 0 0 0 0 0 0 0 0 0 0 0 0 0 0 0 0 0 0 0 0 0 0 0 0 0 0 0 0 0 0 0 0 0 0 0 0.2 0 0 0 0 0.4 1 0 0 0.2 0 0 0 0 0 0 0 0 0 0 0 0 0 0 0 0 0 0 0 0 0 0 0 0 0 0 0 0 0 0 0 0 0 0 0 
 25.200000000000003 12.600000000000001 46.800000000000004 51.400000000000006 74 8.6 71.4 15.4 73 36 11.200000000000001 9 70.2 32 38.800000000000004 89.80000000000001 28 14.4 16.2 0 0 0 0 0.4 0.2 0.6000000000000001 0 12 0.4 0.4 0 0.4 0.2 0.4 0.4 0 0 0 0 0 0 0 0 0.8 0 0 0 0.6000000000000001 0 0 0 0 0 0 0.2 0 0 0 0 0 0 7.4 0 0 0 0 0 0 0 0.2 0.6000000000000001 0 0 0 0 0 0.6000000000000001 0.4 0.6000000000000001 0.4 0.4 3.2 5.4 2.4000000000000004 0 2 9.8 1 3.8000000000000003 4.800000000000001 0.4 0.4 5.2 5.4 5 4 3.8000000000000003 7.6000000000000005 0 2 0 0 1.4000000000000001 0 0 0 0 0 0 0 0 0 0 0 0 0 0 0 2.6 0 0 0 0 0 0 0 0.4 0 0 0 0 0 0 0.4 0 0 0 0 0 0 0 0 0 0 0 0.4 0 0 0 0 0 0 0 0 0 0 0 0 0 0 0 0 5 2.8000000000000003 0 4.800000000000001 5 2.8000000000000003 1.6 2 0.2 1.2000000000000002 3.8000000000000003 0.2 7.6000000000000005 4.6000000000000005 5.6000000000000005 0.6000000000000001 2.4000000000000004 2 0 0 0 0 0 0 2.6 0 0 0.4 0 0 0 0 0 0 0 0 0.2 2.4000000000000004 0.2 0 0 4.800000000000001 0 0 0.2 0 0.4 0 0 0 0 0 0 0 0 0 0 0 0 0 0 0 0 0 0 0 0 0 0 0.4 0 0.2 0 0 0 0 0 0 0 0 0 0 0 0.2 0 0.4 0.2 0 0 0.6000000000000001 0 0 0 0 0 0 0 0 0 0 0 0 0 0 0 0 0 0 0 0 0 0 0 0 0 0 0 0 0 0 0 0 0 0 0 0 0 0 
 0 0 0 5.2 0 30 0 0 0 0 14.8 15.8 0.2 0 0.2 0 0.8 14.8 0 0 0 12.8 13 59 8.200000000000001 10 56.2 7.800000000000001 6 6 51.400000000000006 23.200000000000003 50.2 40.400000000000006 56.6 56.400000000000006 7 38.2 68.8 10.600000000000001 0.2 0 0 0 0 0 12.8 0.4 0 0.6000000000000001 0 0 0.2 0 0 0.2 0 0.6000000000000001 0 0 0 0.6000000000000001 0.6000000000000001 0 1.2000000000000002 0 0 0 0 0.6000000000000001 0 0 0 0 0 0 5.6000000000000005 0.4 0 0 0 0 0 4.6000000000000005 6 6 2.2 0 0 0 1.2000000000000002 3.2 0 0 0 0.4 0.2 0 0 0 0.2 3 5.6000000000000005 2.8000000000000003 2.6 0 6.2 2 3.2 6 2.4000000000000004 0 5 4 5 0 3.2 4 2.4000000000000004 2.4000000000000004 0 0 0 0 0 0 0.4 0 0 0 0 0 0 2.2 0 0 0 0 0 0 0 1 0.6000000000000001 0 0 0 1.6 0 0 0 0 0 0 0 0 0 0.2 0 0 0 0 0 0.2 0 4.4 0 0 0 0 0.2 0 0 0 0 0 0 1 0 0 0 8 6.800000000000001 2.6 0 0 0 0 4.6000000000000005 2.4000000000000004 0.4 1.4000000000000001 12.200000000000001 2.2 0 6 7.4 5 0.6000000000000001 3 2.2 4.6000000000000005 0.2 0 0 0.4 0 2 0 0 0 0 0 3 0 0 0 0 0 0 0.2 0 0 0 0 0 0 0 4.800000000000001 0 0 0 0 0 0 0 0 0 0 0 0 0 0 0 0 0 0 16.400000000000002 0 0 13.8 0 0 0 0 3.8000000000000003 0.2 0.4 0 0 0 0.4 0 1.2000000000000002 0 0 0 0 0 0 0 0 0.2 0 0 0 0 0 0 0 2.6 0 0 0 0 0 0 0.2 0 0 0 
 0 2.2 0 0 0 0 0 0 0 0 0 0 0 0 0 0 0 0 0 0 12.8 0 76 11.8 16.400000000000002 8.4 106.2 44.6 24.400000000000002 26.8 66.2 64.8 24.6 28.6 35.800000000000004 9.4 56.6 9.4 75.8 20.400000000000002 0 1.6 0 0 0 0 0 0.4 0 0.6000000000000001 0 0 0 0 0 0 0 0.6000000000000001 0 0 0 0.6000000000000001 0.6000000000000001 9.200000000000001 0.6000000000000001 0 0 0 0 0.6000000000000001 0 0.2 0.6000000000000001 0 0 0 0.6000000000000001 0.4 0 0 0 0 0 0 0 0.2 0 0 0 4.4 0 0.2 0 0 0 0 2 0 0 0 11.4 1.4000000000000001 8.4 2.4000000000000004 3.6 0 13.600000000000001 0.8 7.2 8.8 1.8 0 2.6 0 1.8 9.600000000000001 1.6 10.4 0 2.6 0 0 0 0 0 0.2 0 0 0 0 0 0 0 0 0 0 0 0 0 0 0 0 1.8 0 0.4 0 0 0 0 0 0 0 0 0 0 0.2 0 0 0 0 0 0 0 0.4 2.6 0 0.2 0 2.6 0 0 0 0 0 0 0 1.8 0 0 0.6000000000000001 4.800000000000001 3.4000000000000004 0.8 6 0 0 0 9.8 2 1.6 2.6 0 1.6 6.4 2.6 10 2.2 8 0 1.2000000000000002 0 0 1.2000000000000002 0 0 0 0 0 0 0 0 0 0 0 0 0.2 0 0 3 0.4 0 0 0 0 0 0 0 0 0 0 0 0 2.4000000000000004 0 0 0 0 0 0 0 0 0 2.6 0 0 0 0 0 0 0 0 0 0.2 0 0.8 0.2 0 0 0.2 0.4 0.2 0 0 0 0 0 0 0 0 0 0 0 0 0 0 0 0 0 0 0 0 5.6000000000000005 0 0 3 2.2 0 0 0 0 
 0 0.4 0 0 0 0 0.4 0.2 0 0.2 0 0.6000000000000001 0 0 0 0 0 0 0.2 0 13 76 0 18.6 9.8 6.2 15.600000000000001 31 37.6 57.800000000000004 54.400000000000006 7.2 28.400000000000002 22.200000000000003 19.200000000000003 48.400000000000006 21 22.400000000000002 20.200000000000003 12.600000000000001 0.2 0 0 0 0 0 0 0.4 0 0.6000000000000001 0 0 0 0 0 0 4.800000000000001 0.6000000000000001 12.8 0 0.4 0.4 0.6000000000000001 0 0.6000000000000001 0 0 0 0.8 0.2 0 0 2.2 0 1.6 0 0.4 0.4 0 0 0 2 0 0 0 0 0 0 0 0 0 0 0 0 0 0 0 0 0 0 6.4 6.6000000000000005 2.4000000000000004 2.8000000000000003 2.2 2 0 0 4 4.800000000000001 9 0.4 2.4000000000000004 0 1.4000000000000001 3.6 4.6000000000000005 4 0 4.4 0 2.6 0 0 0 0 0 0 0 0 0 0 4 1.2000000000000002 1.8 0 0 0 2 3.8000000000000003 0 0 1 0 0 0 0 0 0 0 0 0 0 0 0 0 0 0 0 0 0 0 0 0 0 0 0 0 0.2 2.4000000000000004 0 0 1 0 0 0 0 0 0 0 2.8000000000000003 4.800000000000001 0 8.8 2.2 3.6 0.2 0 2.4000000000000004 1.4000000000000001 6.4 0.2 3.6 1.4000000000000001 4.6000000000000005 0 0.4 7.2 0.6000000000000001 1.4000000000000001 0.2 0 0 0 0 0 0 0 0 0 0 0 3.4000000000000004 0 0 0 0 0 0 0 0 0 0 0 0 0 0 0 0 0 0 0 2.4000000000000004 0 0 0 0 0 0.2 0 0 0 0 0 0 0.2 0 0 0 0 0 0 0 0 3.6 0 0.4 15.200000000000001 0.2 0.4 0.6000000000000001 0 0 0 0 0 0 0 0 0 0 0 0 0 0 0 0 0 0 0 0 0 0 0 0 0.4 0.6000000000000001 0 0 0 
 0.4 0.4 0.4 0.4 0.6000000000000001 0.4 0.8 1.2000000000000002 0.2 0.6000000000000001 0.6000000000000001 1 0.6000000000000001 0.6000000000000001 0.6000000000000001 0.2 1.6 0.6000000000000001 0.6000000000000001 0.4 59 11.8 18.6 0 76 7.800000000000001 15.4 15.8 31.8 36 36.4 25 16.6 9.4 15.600000000000001 20.8 36.4 30.200000000000003 12.8 11 23.400000000000002 13.4 0 0.2 0 0.4 19.6 0.4 0 0.6000000000000001 0 0 0.8 0 4.6000000000000005 0 0 0.6000000000000001 26 0 1 0.8 0.6000000000000001 0 1.6 0.2 0 0 0 0.6000000000000001 0 0 0 0 0 0 2.6 0.4 0 0 0 0 0 0 0 0 0 0 0 0 1.8 0 0 0 0.8 0 0 0 0 0 0 0 0 0 8.200000000000001 9.4 0 0 2.8000000000000003 0 4.4 2.2 0 0 0 0 0 4 0 0 4.4 3 0.4 0 0 0 14.600000000000001 10 0.4 0.2 0 0 4.800000000000001 6.2 1.6 4 0 0 5 4.4 0 0 0 0 0 0 0 0 0 0 0 0 0 0 0 0 0 0 0 0 0 1.8 0 0 0 0 0 1.2000000000000002 0.4 0 0 0 0 0 1 0 0 0 0 0 0 0 0 2.2 4.4 7.2 2.6 1.8 0 0 4 13 0 0 0.2 2 0.4 0.2 0 0 10.4 0 0 4.4 0 0 8.6 4 0.2 0 1 3.2 6.800000000000001 5.4 13.8 2.2 0.6000000000000001 0 3.4000000000000004 2 0 0 0 0 0 2.2 0 0 0 0 0 0 0 0 0 0 0 0.6000000000000001 0 0 0 0 0 0 0 0 0 0 0 4 0 0 0 0 3 0.4 0 11.8 8.6 0.6000000000000001 0.6000000000000001 0.4 0 0 0 0 0 0 0 0 2.2 0 0 0 0 0 0 0 0 0 0 0 0 0 0 0 0 0 0 0 
 0 0 0.2 0 1.4000000000000001 0 1 0 0 0.6000000000000001 0 0.4 0 0.6000000000000001 0 0 0 0 0.2 0.2 8.200000000000001 16.400000000000002 9.8 76 0 22.6 24.200000000000003 12.8 30.8 18.8 14.4 21 18 13.4 15.600000000000001 17 12.200000000000001 10.8 13.600000000000001 10.8 15.4 13.8 6.4 0 0 0 21.400000000000002 14.200000000000001 0 1 0 0 2.6 0 0.8 0.4 0 0.6000000000000001 13.4 12.8 3.2 0.6000000000000001 0.8 0.2 0.6000000000000001 0.6000000000000001 0 0 1.4000000000000001 0.6000000000000001 2.2 0 0 1.2000000000000002 0.4 0 0.6000000000000001 2.6 0.2 0 0 0 0 0 0 0 0 0 0 0 0 0 0 0 0 0 0 0 0 0 0 0 1 5 1.4000000000000001 3.8000000000000003 3.2 0 0 0 0 2.6 0 0.2 0 0.2 0 6.4 0 0 2.6 3.4000000000000004 2.2 0 0 0 2.2 2.6 0 0 0 0 13.600000000000001 2.2 0.2 2.2 0 0 8.6 2.8000000000000003 0 0 0 0 0 0.2 0 0 0 0 0 0 0 0 0 0 0 0 0 0 0 0 0 0 0 0 0 1.4000000000000001 0.4 0 0.2 0 0 0 1.2000000000000002 0 0 0 0 0 0 0 7 1.6 5.4 2 0 0.2 1.6 0 3.6 1.6 0 0 0 0 0.6000000000000001 2.8000000000000003 0 0 2.4000000000000004 2 0 3.8000000000000003 0 0 2.4000000000000004 2.4000000000000004 0 0 0 2.6 2.4000000000000004 0 0 2.4000000000000004 0 0 0.8 0 0 0 0 0 0 0 0 0 0 0 0 0 0 0 0 0 0 0 0 0 0 3 2.6 0 0 0 0 0 0 0.4 0 0 0 1.2000000000000002 1.2000000000000002 0 0.6000000000000001 2.2 0 0 7 0 0.2 0 0 0 3.2 0 0 0 3 0 0 0 0.4 0 0 0 0 0 0 1.2000000000000002 0 0 2.4000000000000004 0 0 0 0 0.4 
 0.6000000000000001 1.2000000000000002 0.6000000000000001 0.6000000000000001 1.2000000000000002 0.6000000000000001 0.6000000000000001 0.6000000000000001 0.6000000000000001 0.6000000000000001 0.6000000000000001 0.6000000000000001 0.8 0.6000000000000001 0.6000000000000001 1 0.6000000000000001 1.2000000000000002 0.6000000000000001 0.6000000000000001 10 8.4 6.2 7.800000000000001 22.6 0 8.200000000000001 7.4 21.8 15.4 11.4 40.2 7.4 7.2 52.400000000000006 19.400000000000002 46.800000000000004 11.4 75.2 16.400000000000002 42.6 16.400000000000002 0 42.400000000000006 0 0.6000000000000001 14.200000000000001 14 0.2 0.6000000000000001 0 0 24 1 25.200000000000003 1.2000000000000002 3.4000000000000004 0.6000000000000001 10.200000000000001 0 0 0.6000000000000001 0.6000000000000001 0 0.6000000000000001 0 0 0 0 0.8 0 0 0 0 0 0 0.8 0.4 0.2 0 0 0 0 0 0 0 0.4 0 0 0 0 0 0 0 0 0 0 0 0.2 0 0 0.4 0 3 15.4 0 0 0 0 0 0 3 2.8000000000000003 0 0 0 0 0 0 0 2.4000000000000004 3 3.6 0 0 0 3.8000000000000003 6.6000000000000005 2.8000000000000003 3.2 3 0 1.2000000000000002 5.800000000000001 2.4000000000000004 3.6 2.2 4.800000000000001 10.200000000000001 3.8000000000000003 0 0 0 0 0 0 0 0 0 0 0 0 0 0 0 0 13 0.2 0 0 1.2000000000000002 2.2 0 0 0 0 0 0 0.2 0 0 0 0 0 0.2 1.6 0 0 0 0 0 0.4 3.6 2.2 5.800000000000001 0 1.6 2.2 2.6 0 3 0 0 0 0 0 1.4000000000000001 0 0 0 9.4 6.4 0 3.8000000000000003 0 0 6.4 1.6 6.4 2.4000000000000004 3 0.2 3.4000000000000004 5 0.4 5 5.6000000000000005 0.4 17 3 0 0.4 3.6 0 0 0 0 0 0 0 0 0 0 2.2 0 0 0 0 0.4 0 0 0 0 0 0 0 0 0 0 0 0 0 0 0 0 0 0.4 0.2 0.8 3.6 0.4 0 0 0 0 0 2 0 0 0 2 0 0 0 0 0 0 0 0 0 0 0 0 0 3.2 0 0 0 0 0 
 0 0 0 16 15.600000000000001 15.200000000000001 0 0 0 0 15.200000000000001 15.600000000000001 0 0 0 0 0 14.8 0 0 56.2 106.2 15.600000000000001 15.4 24.200000000000003 8.200000000000001 0 30 9.8 6 8.8 5.800000000000001 35 26.8 53.6 9.200000000000001 19.200000000000003 20.400000000000002 10.4 8.6 0 0.8 0 0 0 0 0 0.4 0 0.6000000000000001 0 0 24.8 0.4 0 0.2 0 0.6000000000000001 0.6000000000000001 0 0.6000000000000001 0.6000000000000001 0.6000000000000001 0 0.6000000000000001 0 0 0 0 0.4 0 0.8 0 0 0 0 0.4 0.8 0 0 0 0 0 2.2 5.2 5.6000000000000005 0 0.2 0 0 0 7.800000000000001 0 0.4 0 0.2 0.4 0 0 0.2 2.4000000000000004 3.2 6.800000000000001 0 4.4 0 8.4 6.4 0 7.6000000000000005 0 2 7.800000000000001 7.2 2.4000000000000004 3.4000000000000004 4.6000000000000005 6 5 2.8000000000000003 0 0 0 0 0.6000000000000001 0 0 0 0 0 0 0 0 0 0 0 0 0 0 0 0 0.6000000000000001 2.2 0 0 0 0.6000000000000001 0 0 0 0 0 0 0 0 0 0.2 0 0 0 0 0 0 0 1.8 0 0 0 0 0.4 0 0 0 0 0 0 0.6000000000000001 0 0 0 2.2 8.8 9.4 0 0 0 0 10.200000000000001 3.4000000000000004 4.6000000000000005 1.8 0 3.2 0.2 8.8 6.4 1.8 5 0 3.8000000000000003 0 0.2 0 0 0.2 0 0 0 0 0.2 0 0 0.2 0 0 0 0 0 0 0 0 0 0 0.4 0 0 0 0 0 0 0 0 2.6 0 0 0 0 0 0.4 0 0 0 1.6 0 0 0 0.6000000000000001 0 0 5.6000000000000005 0 0 1.8 0 2.4000000000000004 0.4 0.4 0 0 0 0.4 0.4 0 0 0 0 0.4 0 0 0 0 0.4 0 5.6000000000000005 0 3.6 0.8 0 0 3.4000000000000004 0 1.6 0 0 0 2.2 0 0 0 0 
 0 0.6000000000000001 0.6000000000000001 14.600000000000001 0 0 0 0 0.4 0 0.6000000000000001 5.800000000000001 0.4 5.6000000000000005 0 0 0.6000000000000001 0 0 12 7.800000000000001 44.6 31 15.8 12.8 7.4 30 0 29 22 66.4 34.2 24 20.400000000000002 27 24.6 9.200000000000001 9 32.4 8.8 0 3.2 0.8 0.8 0 0 0 0.4 0.4 0.6000000000000001 0 0 0 0 0 0.4 0.2 0.6000000000000001 0 0 0 0.6000000000000001 0.6000000000000001 0 1 0.4 0 0 0 0.6000000000000001 0.6000000000000001 1 0.8 0 2 0 0.6000000000000001 0.8 0 0.2 0 0 0 0 2 0 0 0 0 0 2.6 0.6000000000000001 0 0 0 0 0 0 0 1.8 2.6 3.8000000000000003 0 0 0 0 3.2 2.6 3.8000000000000003 2.4000000000000004 0 0 0 1.6 5.4 0.4 8.4 5.6000000000000005 2 4 0 0 0 0 0 0 1.6 0 0 0.4 0 0 0 2 0 0 0 0 0 0 0 0 0 0 0 1.2000000000000002 0 0 0 0 0 0 0 0 0 0 0 0 0 0 0 0 0 0 0 0 0 0 0.2 0 2 2.4000000000000004 1 0 0 0 0 0 0 0 2 2.8000000000000003 3.6 4.4 1.4000000000000001 0.6000000000000001 0 0.4 0 3.6 0 0 2.4000000000000004 10.600000000000001 1.6 0 2.6 6.800000000000001 2.6 0 0 0 0 0 0 0 0 0 0 0 0 0 1.8 0 0 0 0 0 1.4000000000000001 2 0 0.8 0 0 0 0 0 0 0 0 0 0 0 0.2 0 0 0 0 0 0 0 0 2.6 0 0 0 0 0 0 0 0 0 0 0 1 0 0 0 15.4 0 0.4 0.4 0 0 0 0 0 0 0.4 0 0 0 0 0 0 0 0 0 0 0 0 1.6 0 0 0 0 0.2 0 0 0 
 0.4 0.4 0.4 0.4 0.6000000000000001 0.4 0.4 0.6000000000000001 0.4 0.4 0.6000000000000001 0.6000000000000001 1 0.6000000000000001 0.6000000000000001 0.4 0.6000000000000001 1 0.6000000000000001 0.4 6 24.400000000000002 37.6 31.8 30.8 21.8 9.8 29 0 14.4 26.8 46.800000000000004 43.400000000000006 33.4 24.200000000000003 19.8 17.2 54 14 20.6 0 0 0 0 0 0 13 0.4 0 0.6000000000000001 12.4 0 4.800000000000001 1 0 0 0 0.6000000000000001 0.2 0 0 0.6000000000000001 0.6000000000000001 0 0.6000000000000001 0 0 0 0 0.4 0 0 0 0 0 0 0.4 0.4 0 0 0 0.2 0 0 0 0 0 0 0 0 0 0 0 0 0.4 0 2.2 0 0 0 3.8000000000000003 3.2 4.2 4.6000000000000005 2 0 0.2 0 9 3.4000000000000004 15.4 3 3.8000000000000003 0 0 2.8000000000000003 0 0.2 0 2.8000000000000003 0 0.8 0 0 0 0 2.4000000000000004 0 0 0 0.2 0 1.8 7.2 0 0 0 0 5 0 0 0 2.4000000000000004 0 0 0 0 0 0 0 0 0 0 0 0 2 0 0 0 0 0 1.2000000000000002 0 0 0.4 0 0 0 0.2 1 0 0 1.4000000000000001 0 0 0.4 0 0 0 0 0 0 4 11.200000000000001 5.6000000000000005 0 0 0.4 4.6000000000000005 4.800000000000001 7.4 3.8000000000000003 0 1.8 3 0 2.6 7.2 0 3.4000000000000004 0 2 0 0 1.6 0 0 0 0 0 0 0 0.4 0 0 0 0 0 1.8 6.2 0 0 0 0 0 0 0 0 0 0 0 0 2.6 0 0 0 0 0 0 0 0 0 0 0 0 0 0 0 0 0 0 0 0 0 1.2000000000000002 0 0.4 30.6 0.2 0 0.4 0 0 0 0 0 0.4 0 0 0 0 0 0 0 0 0 0 0 0 0 0 0 0 0 0 0 0 0 0 0 
 0.2 3.2 0 0.2 0 0.2 0.4 0 0.4 0.4 0.2 0 0.4 0.4 0.2 0.4 0 0.2 0.2 0.4 6 26.8 57.800000000000004 36 18.8 15.4 6 22 14.4 0 85.80000000000001 26.8 14.200000000000001 55.6 18.8 65.4 58.800000000000004 42.2 12.4 43 0 0.4 0 0.2 0.2 0 0 0.4 0 0.6000000000000001 0.4 0.2 0 0.2 0 0 0.4 0.6000000000000001 0 0 0 0.6000000000000001 0.6000000000000001 0 0.6000000000000001 0 0 0 0 0.6000000000000001 0 0.4 0 0 0.2 0 1 0.4 0 0 0 0 0 0 0 0 0.4 0 0 0 0 0 0 0 0 0 0 0 0 0 4.800000000000001 2.8000000000000003 3.4000000000000004 0.4 0 1.2000000000000002 1.4000000000000001 4.4 1.6 0 0.2 1.4000000000000001 2.4000000000000004 1.8 7 1 4.2 0 0 0 0 0.2 0 0 0 0 2.6 2 0 0 0 0 1.8 0 0 0 0 0 0 2.4000000000000004 0 0 0 0 0 0 0 0 0 0 0.4 0 0 4 0 0 0 0 0 0 0 0 0 0.6000000000000001 0 2.2 0 0 0.2 0 0 0 0 0 0 0 0 0 0 0.2 5.800000000000001 3 4 2.6 4.4 7.800000000000001 2.8000000000000003 0 2.6 0 2.8000000000000003 0.4 1.8 2.6 2.8000000000000003 0 0 2 0 0 0 0 5.4 0 0 0 1.6 0 0 0 0 0 2.2 0 2 0 0 0 12.8 1.4000000000000001 0 0 0 0 0 0 0 0 0 0 0 0 0 0 0 0 0 3.8000000000000003 0 0 0 0 0 0 0 0 0 0 0 0 0 0 0 0 0.4 0 0 15 15 0.4 0.2 0 0 0 0 0 0 0 0 0 0 0 0.4 0 0 0 0 0 0 0 0 0 0 0 0 0 0 0 0 2.6 
 0 0 0 0 1 0 0 0 0 0 0 0.4 0 0 0 0 0 0 0 0 51.400000000000006 66.2 54.400000000000006 36.4 14.4 11.4 8.8 66.4 26.8 85.80000000000001 0 57.6 51 25.400000000000002 13 57 39.800000000000004 39.2 14 26.6 17.2 12.4 0 0 0 0 20.8 0.4 0 0.6000000000000001 0 0 0 0 4.800000000000001 0 0.2 0.6000000000000001 24.6 0.2 0 0.8 0.6000000000000001 0 0.6000000000000001 0 0 0 0 0.4 0 0 0.8 0 3.4000000000000004 0 0.4 0.4 0 0 0 0 0 0.4 0 0 0 0 0 0 0 0 0 0 0 0.4 0 0.4 0 3 0.4 2.2 0.2 0.2 9 5.4 0 0 3.4000000000000004 2.8000000000000003 4.6000000000000005 5.2 0 0 0 6.2 2 2.8000000000000003 0 3 3.8000000000000003 5.6000000000000005 0.4 0.4 0 0 8.4 4.6000000000000005 0 0 0 0 3.6 0.2 0.8 3.8000000000000003 0 0 8.6 3.6 0 0 0 0 0 0 0 0 0 0 0 0 0 0 0 0 0 0.2 0.4 0 0 0 0 0 0 0 0 1.2000000000000002 0.4 0 2.4000000000000004 0 0 0 1.6 0 0 0 0 0 0.2 2 0 0 0 3.2 0 2.6 3.8000000000000003 7.4 8.8 5 0 0 3.6 3.2 0.4 5 4.4 0 1.6 0 0 4 0 0 6.800000000000001 2.2 1.2000000000000002 0.4 0 4.4 2.4000000000000004 8 3.4000000000000004 1.6 0 0 2 0.2 0 0 0 0 0 0 0 0 0 0 0 0 0 0 0 0 0 0 0 0 0 0 0 0 0 0 0 0 0 0 0 0 0 0 0 0 0.4 8.200000000000001 16.2 0 3.2 0 0 0 0 0 0 0 0 0 1.8 0 0 0 0 0 0 0 0 0 0 0 0 0 0 2.2 3.4000000000000004 0 0 1.6 
 0.2 0 0 0 0.4 0.4 0 0 0 0 0.4 0 0 0 0 0 0 0 0 0.4 23.200000000000003 64.8 7.2 25 21 40.2 5.800000000000001 34.2 46.800000000000004 26.8 57.6 0 58.400000000000006 10 69.8 24.8 62 53.800000000000004 7.4 18.8 3.6 4.6000000000000005 0 0 0 0 0 0.4 1.4000000000000001 0.6000000000000001 0 0 0 3.8000000000000003 13 0 0 0.6000000000000001 10.600000000000001 14 0 0.6000000000000001 0.6000000000000001 0 3.8000000000000003 0 0 0 0 0.6000000000000001 5.2 0 0 0 0 0 0.8 0.4 0 0 0 0 0 0 0.2 0 0 0 0 0 0 0 0 0 0 0 0 0 0.4 0 0 0 0 0 0 0 3.4000000000000004 4.6000000000000005 4.6000000000000005 0 2 1.8 0 0 0 4.6000000000000005 4.4 3 0 0 2 0.2 0 0 0 0 6.2 4.2 0 0 0 0 0 1.8 2.4000000000000004 0 0 0 0 0.4 2.6 0.2 0 0 0 0 0 0 0 0 0 0 0 0 0 2.2 0 0 0 0 0 0 0 1.2000000000000002 0 0 0 0 0 0 0 0 0 0 0 0 0 0 0 0.6000000000000001 0.2 2.4000000000000004 3.4000000000000004 0 0 3.6 0 2.8000000000000003 1.8 8.8 0 2.4000000000000004 0 0 2.8000000000000003 2.4000000000000004 9 2.2 2.6 0 0.2 3 2 0.2 0 0 2.2 0 0.2 0 0 0 0 0 0 0.2 0 0 5.6000000000000005 8.6 0 0 0.4 0 0 0 0 0 0.4 0 0 0 0.2 0 0 0 0 0 0 0 0 0 2 0 0 0 0 0 0 0 0 0 0 0 1.8 0 0.6000000000000001 0.4 7.6000000000000005 0 0 2.6 0 0 0 0 0 0 0 0 0 0 0 0 0 0 0 0 0 0 0 3.8000000000000003 0 0 0 0 2.6 0 0 0 
