 0 21 81.4 10.8 9.8 5.2 63.400000000000006 26 8 30 9 17.2 61.400000000000006 44.800000000000004 27.400000000000002 38.6 24.200000000000003 5.800000000000001 31.6 45.800000000000004 0 0 0 0.8 0 0 0 0.4 0.2 0.4 0.4 0.4 0.2 0 0 0.4 0 0 0 0 0.8 0 0 0.6000000000000001 0 0.6000000000000001 0 7.2 0 0 0 0 13.200000000000001 0.6000000000000001 0.6000000000000001 0 0.6000000000000001 0 0 0 0 0 0 0 0.6000000000000001 0 0 0 0 0.4 0.4 0.6000000000000001 0.4 0 0 0.4 0 0 0 0 0 2.6 8.4 2.8000000000000003 3.8000000000000003 10.8 1.2000000000000002 2.8000000000000003 0 2.2 0.6000000000000001 2.2 1.8 2.8000000000000003 4 1.4000000000000001 0.2 11.200000000000001 0 1.2000000000000002 1.4000000000000001 0 0 0 0 0 0 0 0 0 0.2 0 0 0 0 0 0 0 0 3.2 0.2 0.4 0 0 0 0 0 0 0 0.4 0.4 0 0 0 0 2.2 0 0 0.4 0 0 0 0 0 0 0 0 0 0 0 0 0 0 0.2 0 0 0 0 0 0 3 3.4000000000000004 2 2.2 0.2 0 5 5.800000000000001 1.6 0 0 1.6 2.4000000000000004 2.4000000000000004 2.6 3.4000000000000004 0 3.4000000000000004 2.8000000000000003 5.4 0 0 0 0 0 0.2 0.2 0 0 0 0 0 1.8 0 0.2 0 0.4 2.8000000000000003 0 0 0 0 0 0 0 0 0.4 0 0 0 0 0 0 0 0 0 0.2 0 0 0 0 0 0 0 0 0 0 0 0 0 0 0 0 0 0 0 0 0 0 3 0 0 0 0 0 0 0.2 0 0 0.2 0.4 2.8000000000000003 0 0.2 0 0 0 0 0 0 0 0 0.2 0 0 0 0 0 0 0 0 0 0 0 0 0 0 2 0 0 0 0 0 0 0 0 0 0 0 0 
 21 0 23.8 11 41 25.8 34.6 15 44.400000000000006 29.400000000000002 10.200000000000001 27 8.8 12.8 45 26.8 8.4 36.6 8.4 11.4 0 0 0 0.4 0 0 0 0.4 0.2 0.4 0.4 0 0.2 0 0 0 0 0 0 0 5.800000000000001 0 0 0 0 0 0 0 0 0 0 0 0 0.6000000000000001 0.6000000000000001 0 0.6000000000000001 0 1.4000000000000001 0 0 0 0 0 0.6000000000000001 0 0 0 0 0.4 0.6000000000000001 0 0.6000000000000001 0 0 0 0 0 0 0 0.4 0.2 0 4.4 2.8000000000000003 4 0 3.2 5 11.8 5.4 9 0 0 5.6000000000000005 3.6 4.800000000000001 6.800000000000001 0 0 4.6000000000000005 0 0 0 0 0 0 2.6 0.2 0 0 0 0.2 0 2.4000000000000004 0.2 0 0 6 0.8 0 0 0 0 0 0 0 0 0 0 0 0.4 0 0 0 0 0 0 2.6 0 0 0 0 0 0 0 0 0 0 0 0 0 0 0 0 0 0 0.4 0 0 0 5.800000000000001 2.4000000000000004 7.4 7 0 0 0.2 7.4 3.8000000000000003 2.2 3.6 0 0 1.6 3.2 2.8000000000000003 0.8 0 0 0 3.4000000000000004 0 0 0 0 2.2 0 0 1.2000000000000002 0 0.2 0 0.2 2.4000000000000004 0 0 0 4 5.2 3.8000000000000003 0 0 0 0 0 0 0 0 0 0.4 0 7.800000000000001 0 0 0 0 0 0 0 0 0 0.2 0 0 0 0 0 0 0 0 0 0 0 0 0.2 0 0 0 0 0 2.8000000000000003 0 0 0 0.2 0.6000000000000001 0 0 0 0 4 0 0 0 0 0 0 0 0 0 0 0 0 0 0 0 0 0 0 0 0 0 0 0 0 0 0 0 0 0 0 0 0 0 0 0 0 0 0 
 81.4 23.8 0 20.200000000000003 26.400000000000002 9.4 16.8 34 49.6 31 103.4 51.6 53.2 55.6 5.4 91.2 37 26.400000000000002 6.800000000000001 28.8 0 0 0 0.4 0 0 14.4 0.4 0.4 0.4 0.4 0 0 0 0 0 0 0 0.4 0.2 0 0 0 0 0 0 0 0 0 0 0 0 0.6000000000000001 0.6000000000000001 0.6000000000000001 0 0.6000000000000001 0 1.2000000000000002 0 0 0 10.600000000000001 0 0.6000000000000001 0 0 0 0 0.4 0.2 0 0 0 0 0 0 0 0 0 0 1.6 4.4 6.2 6 0.4 1.2000000000000002 0.4 1.8 1.8 13 0.2 0 0.2 0.2 0 0.2 3.2 0 0 0 0 0.2 0 0 0 0 0 5.2 0 0 0 2.4000000000000004 0 0 0 0 0 2.8000000000000003 6.4 0 0 0 0 0 0 0 0 0 0 0 0 0 0 0 0 0 0 0 0 0 0 0 0 0 0 0 0 0 0 0 0 0 0 0 0 0 1.2000000000000002 0 0 2.2 3.2 1.2000000000000002 1.8 5.4 2.4000000000000004 5.800000000000001 2.8000000000000003 2 5.6000000000000005 10 0 0 11.600000000000001 1.2000000000000002 2 0.4 2.6 0 3.2 0 0 0 0 0 0 0 0 0 0 0 0 1.6 2.6 0 0 0 0 2 0 0 0 0 0 0 0 0 0 0 0 0 0 0 0 0 0 0 0 0 0 0 0 0 0 0 0 0 0 0 0 0 0 0 0 0 0.2 0 0 0 0 0 0 0 0 0 0 17.400000000000002 0 0.6000000000000001 0.2 1.4000000000000001 1.2000000000000002 0.2 0 0 0 0 0 0 0 0 0 0.4 0 0 0 0 0 0 0 0 0 0 0 0 1.4000000000000001 0.2 0 0 0 0 0 0 0 0 0 0 0 0 0 
 10.8 11 20.200000000000003 0 47.6 30.200000000000003 67.2 32.800000000000004 51.2 21.200000000000003 34.4 14.200000000000001 56.6 52.2 17 53.800000000000004 27.200000000000003 5.4 71.4 52.400000000000006 0.2 18.6 0 0.4 0 0 0 0.4 0 1 0.4 0 0.2 0 0 0.2 0 14.600000000000001 14.8 14.4 0 0.6000000000000001 1 0 0 0 0 1 0 0 0 0 0.6000000000000001 0.6000000000000001 0.6000000000000001 0 0.6000000000000001 0 0 0 0 0 0 0 1.8 0 0 0 0 0.4 0.4 0 0.6000000000000001 0 0 0 0 0 0 0 2.2 0.8 0 5.6000000000000005 0.2 3.8000000000000003 0 3.2 6.4 0 2 11.200000000000001 0.2 0 1.2000000000000002 2 2.8000000000000003 9.8 0 4.6000000000000005 0.4 0 2.8000000000000003 0.4 0 0 3.4000000000000004 0 0 0.2 0 0 5.6000000000000005 2 0 0 0 0 7.6000000000000005 4.2 0 0 0 0 0 0 0 0 0 0 0 0 0.2 0 0 0 0 0 0 0 0 0 0 0 0 0 0 0 0 0 0 0 0 0 0 0.8 0 0.4 0 0.6000000000000001 5 4.2 1 2.2 3.8000000000000003 2.8000000000000003 3 2 0.2 0 2.8000000000000003 5.4 0 4.2 0 0.2 4 2 0 0 1.8 0.2 0 0 0 0 0 1.6 0 0 0 0 7.4 4.800000000000001 0.2 0.2 0.2 1.6 3.4000000000000004 0.2 0 0 0 0 0 0 0 0 0 0 0 0 0.4 0 0 0 0 0 0 0 0 0 0 0 0 0 0 0 0 0 0 0 0 0 0 0 0 0 0 0 0 0.2 0 0 0 0 17.8 0.2 18 17.6 2 0.6000000000000001 2.8000000000000003 0 0 0.2 0 0 0 0 0 0 0 0 0 0 0 0 0 0 0 0 0 0 0 2.8000000000000003 2 0 0 0 0 0 0 0 0 0 0 0 0 0 
 9.8 41 26.400000000000002 47.6 0 56 14 11.600000000000001 17.8 99.60000000000001 34.4 32.4 15.200000000000001 16.6 33.4 15.200000000000001 28.6 56 21.200000000000003 13.600000000000001 0 15.200000000000001 0 0.8 0 0.4 12 3.6 0 0.4 0.4 0 0 0.2 17.8 15 0 0 0.6000000000000001 0 12.200000000000001 0 0 0 0 12.200000000000001 0 0 12.4 0 0 0 0 0.6000000000000001 0.6000000000000001 0 0.6000000000000001 0 0 0 0 0 0 0 2.2 0.4 0 0 1 7.4 0.2 0 0.4 0 0 0 0 0 0 0 0 0 0 2.8000000000000003 6 0 0 0 0 0.2 0 8 0 0 0 0 0 0.2 0.2 0 3.8000000000000003 0 0 0 0 0 4.800000000000001 3 6 9 0 0 8.8 4.800000000000001 0.2 0 2.2 10.4 2.4000000000000004 6.6000000000000005 0 0 0 0 0 0 0 0 0 0 0 0.4 2.8000000000000003 0 0 0 0 0 0 0.4 0 0 0 0 0 0 0 0 0 0 0 0 0 0 0 0 0 0 0 0 0 0 3.8000000000000003 9.8 4.2 0 0 0.2 3.6 3.8000000000000003 6.4 7.6000000000000005 0 0 0 2 4.4 0 0 0 0 4 0 0 0 0 9.600000000000001 2.8000000000000003 2.6 2.2 2.6 0 0.2 0 3 0 3.2 1 6.2 0 0.4 0 0 0 0 0 0 0 0 0 0.4 0 0 0 0 0 0 0 7 0 0 0 0 0 0 0 0 0 0 0 0 0 0 0 0 0.2 0 0 0 0 0 0 0 0 0 1 0.2 0 0.4 10.200000000000001 0 3 0 0 0 0 0 0 0 0 0 0 0 0 0 0 0 0 0 0 0 0 0 0 0 2.4000000000000004 1.8 0 0 0 0 0 0 0 0 0 0 0 0 0 
 5.2 25.8 9.4 30.200000000000003 56 0 6.6000000000000005 5.6000000000000005 27.6 12.8 60.2 31.8 5.2 24.8 8.4 36.4 13.8 11.600000000000001 13 24 0.6000000000000001 4.4 0.2 1 0.2 0.2 0 15 1 1 1.6 0.4 0 14.8 29.8 17.6 0.4 0.6000000000000001 14.8 33.800000000000004 0.2 0 0 0 0.2 0.4 6.800000000000001 0.4 7.800000000000001 7.800000000000001 0.6000000000000001 0.2 0 1 1 0 0.6000000000000001 0.6000000000000001 2.6 0 0 0.6000000000000001 0 5.800000000000001 6.800000000000001 0.4 0.4 1 2.8000000000000003 0.8 0.2 0 0.8 0 0 0 0 0 1 6.6000000000000005 0 0 0 0.6000000000000001 0 5.800000000000001 0 0 2 6.6000000000000005 8.6 2.6 0 0 0 2.2 3 0 0 0 1.4000000000000001 5.800000000000001 1.8 0.2 0 0 3 3.6 3.8000000000000003 2.8000000000000003 0 0 8 5.2 2.4000000000000004 0 2.4000000000000004 0 5.2 0.6000000000000001 0 0.4 0 0 0 0 0 0 0 0 0 0 0 0 0 0 0.4 0 0.4 0 0 0 0 0 0 0 0 3.2 0 0 0 0 0 0 0 0.2 0 0 0 0.2 0 0 0 4.4 12.8 1.2000000000000002 0 0 7 2.2 0 1.8 0 0 0 2.4000000000000004 0 0.4 0 0 0.2 0 0.2 0 4.2 0 7.800000000000001 2.6 1.6 0 2.8000000000000003 0 0 0 0 0 3.4000000000000004 0.2 2 11 0 0 0 0.2 0 0 0 0 0 0 0 0 0 0 0 0 0.2 0 0 0 0 0 0 0 0 0 0 0 0 0 0 0 0 0.4 0 0 0 0 0 4 0 2.8000000000000003 0 0 0 0 0.2 0 0 17.400000000000002 0 1.8 0 1.8 1.2000000000000002 0 0 0 0 0 0 0 0 0 0 0 0 0 0 0 0 0 0 0 0 2.6 4 0 0 0 0 0 0 0 0 0 0 0 0 0 
 63.400000000000006 34.6 16.8 67.2 14 6.6000000000000005 0 52 33 12.600000000000001 68.60000000000001 5.800000000000001 39 52.400000000000006 10.600000000000001 5.4 24 22.200000000000003 53.2 64 0.4 0 0 0.4 0 0 0.2 0.4 0.2 0.4 0.4 0.2 0.2 0.2 0 0 0 0 0 0 0 0 0 0 0 0 0 0 0 0.6000000000000001 0 0 0.6000000000000001 0.6000000000000001 0.6000000000000001 0 16.400000000000002 0 0 13.600000000000001 0 0 0 0 0.6000000000000001 0.4 0 0 0 0.4 0.6000000000000001 0 0 0 1.4000000000000001 0 0 0 0.4 0 0 0 2 2.2 0 4 2.8000000000000003 6.800000000000001 0 2.4000000000000004 0 7.800000000000001 3.4000000000000004 1.2000000000000002 7 1.8 5.2 7 0.2 0 0.2 0 0 0 0 0 0 0 0 0 0 0 14 0 0 0 0 0 3.8000000000000003 0 0 0 0 0 0 0 0 0 0 1.2000000000000002 0.4 0 0 0 0 0 0 0 0 0 0 0 0 0 0 0 0 3 2.8000000000000003 0 0 0 0.4 0 0 0 0 4.2 0 0 4.6000000000000005 17.400000000000002 3 2 0 4.4 1.6 2 0 0 0 2 7 3.4000000000000004 1.4000000000000001 1.4000000000000001 3 2.8000000000000003 0 3.8000000000000003 0 0 0 0 0 0 0 0 0 0 0 0 0 0 0 0 0 0 0 0 0 0 0 0 0 0 0 0 0 0 0 0 0 0 0 0 0 0 0 0 0 0 0 0 0 0 0 0 0 0 0 0 0 0 0 0 0 0 0 0 0 0.2 0 0 0 0 36.4 0 0 0 0 1.6 0 0 0 0 0 0 0.2 0 0 0 0 0 0 0 0 0 0 0 0 0 0 0 0 2.2 0 0 0 0 0 0 0 0 0 0 0 0 0 0 
 26 15 34 32.800000000000004 11.600000000000001 5.6000000000000005 52 0 31.400000000000002 6.2 25 7.800000000000001 70.8 24 3 54.400000000000006 10.200000000000001 4 52.2 48 0.2 0 0 0.4 0.2 0.4 0 0.4 0 0.4 0.4 0 0 0 0 0 0 0 0 0 0 0 0 10.200000000000001 0 0 0 0 0 0 0 1.4000000000000001 0.2 0.6000000000000001 0.6000000000000001 0 0.6000000000000001 0 0.6000000000000001 0 0.8 0 0 0 0.6000000000000001 0 0 0 0 0.4 0 0 0 0 0 2 0 0 0 0 1.2000000000000002 2.8000000000000003 5.6000000000000005 1.4000000000000001 0 14 1.8 2 0 0 3.6 0 2.8000000000000003 2 1.8 3.4000000000000004 2.8000000000000003 0 0 0 0 0 0 0 0 0 0 0 0 0 0 0.2 0 0.4 0 0.2 0 0 2.2 0 0 0 0 0 0 0 0 0 0 0 0 0.4 0 0 0 0 0 0 3.8000000000000003 0.4 0 0 0 0 0 0 0 0 0 0 0 0 0 0 0 0 0 0.6000000000000001 0 0 4.4 4.6000000000000005 9.4 3 4 2.2 0 3.4000000000000004 1.6 10 0 0.2 0 5.4 2.2 2 0 2.8000000000000003 0 0 0 0 0 0 0 0 0 0 0 0 0 0 0 0 0 0 0 0 0 0 0.4 0 0 0 0 0 0 0 1.8 0 0 0 0 0 0 0 0 3.2 0 0 0 0 0.2 0 0 0 0 0 0 0 0 0 0 0 4 0.2 0 0 0 0 0 5.4 0 0 0 0 31.400000000000002 0 0 0 0 2.4000000000000004 0 0 0 0 0 0 0 0 0 0 0 0 0 0 0 0 0 0 0 0 0 0 0 1.8 0 0 0 0 0 0 0 0 0 0 0 0 0 0 
 8 44.400000000000006 49.6 51.2 17.8 27.6 33 31.400000000000002 0 20.6 41.800000000000004 19.200000000000003 16.400000000000002 20.8 53.6 29.6 54.2 56.6 39 56.800000000000004 0.6000000000000001 0.2 0 0.4 0 0 0.6000000000000001 1 0.8 0.8 1 0.4 0 0 0.6000000000000001 0.6000000000000001 0 0.8 0.4 0.6000000000000001 0 0.6000000000000001 0.6000000000000001 0.8 0 0.4 0.4 0 0 1 0.6000000000000001 0 0 2.6 0.6000000000000001 1 0.6000000000000001 1.6 6 0.8 0 0 0 0 0.6000000000000001 0 0 0 0 0.4 0 0 0.4 0 0 0 0 0 0 0.2 2 4.6000000000000005 3.4000000000000004 4 7.4 11 0 2.4000000000000004 5 3.8000000000000003 0 12.4 0 0 4.6000000000000005 4 2.8000000000000003 0 0 2.4000000000000004 1.4000000000000001 0 0.2 0 0.2 0 0 0 7.4 0 0 0 2 0.2 0.4 0 0 0 7.2 11.4 0 0 0.4 0 0 0.4 0 2.2 0 0 0 0 0 0 0 0 0 0 0 0 0 0.2 0 0.2 0 0 0 0 0 0 0 0 0 0 0 0 0.2 0 0 0 0 0 1.8 7 3.6 2.4000000000000004 1.6 0.2 4.2 3.8000000000000003 8 2.2 0 2.6 0 1.4000000000000001 1.6 2 0 0 0 0 0 0 0 0 0 0 0 0 0 0 1.6 2.6 0.2 0 0 0 1.6 4.2 0 0 0 0 1.4000000000000001 0 0 0 0 0 0 0 0 0 0 0 0 0 0 0 0 0 0 0 0 0 0.2 0 0 0 0 0 0 0 0.2 0 0 0 0 0 0 0 0 0 0 0 0 0.4 17.400000000000002 0.8 2.6 3.6 0.2 0 0 0 0 0 0 0 0 0 0 0 0 0 0.4 0 0 0 0 0 0 0 0 0 1.8 1.8 0 0 0 0 0 0 0 0 0 0 0 0 
 30 29.400000000000002 31 21.200000000000003 99.60000000000001 12.8 12.600000000000001 6.2 20.6 0 82.2 25 50.6 14.200000000000001 39.6 25.400000000000002 75.4 45.400000000000006 25 55.6 0 0 0 0.8 0 4.6000000000000005 3 15 0.4 0.4 0.6000000000000001 0 0 0 14.600000000000001 0.6000000000000001 0 0.4 0 0 0.4 0 0 0 0.4 0 0 0 0 0 0.6000000000000001 0 0.6000000000000001 0.6000000000000001 0.6000000000000001 0 1.2000000000000002 0 0 0 1.6 0 0 0 0.6000000000000001 0 5 0 0 0.4 0.2 0 0.8 0 0 0 0 0 0 0 0 2.6 4 5 5.6000000000000005 2.8000000000000003 0 5.800000000000001 0.8 5.800000000000001 2 3.8000000000000003 0 0 3.8000000000000003 1.2000000000000002 1.8 9.600000000000001 0.2 0 5.2 0 0 0 0 0 0 14.8 3.6 0 0.4 0 6 3.6 0 0 2.4000000000000004 0 0 5.4 0.4 0 0 0 0 0 0 0 0 0 0 0 0 0 0 0 0 0 0 0 0 0 0 0 0 0 0 0 0 0.2 0 0 0 0.4 0 0 0 0 0 0 1.8 3 1.8 6.4 0 0 1.4000000000000001 1.6 2.6 0 2.8000000000000003 1.6 0 5.6000000000000005 1.8 4.4 3 3.6 0 0 0 0 0 0 0 0.4 0.4 0 0 0 0 0 1.6 0 0.2 0 0 0 4 0 0 0 0 11 0 0 0.2 0 0 0 0 0 0 2 0 0 0 0 0 0.4 0 0 0 0 0 0 0 0 0 0 0 0 0 0 0 0 0 0 0 0 0 0 0 0 0 0 0 0.4 0.6000000000000001 17.8 1.8 33.4 0 0 0 0 0 0 0 0 0 0 0 0 0 0 0 0 0 0 0 0 0 0 0 0 3.6 2.4000000000000004 0 0 0 0 0 0 0 0 0 0 0 0 
 9 10.200000000000001 103.4 34.4 34.4 60.2 68.60000000000001 25 41.800000000000004 82.2 0 12.4 7.4 29.6 15.200000000000001 50.2 50.6 6.2 49.800000000000004 22.6 0.2 16.400000000000002 0 1.2000000000000002 0 0 0.8 0.4 1.4000000000000001 0.8 1 0.6000000000000001 0 0.4 0 0 0 0 0.2 14.4 0.2 0.2 1.8 0.4 0 0.2 0.2 0 0.2 0 1.2000000000000002 0 0 0.6000000000000001 0.8 0 0.6000000000000001 1.8 1.8 0.2 1.2000000000000002 10.600000000000001 0 0 2 0 0 0 1.8 0.8 0.2 0 1 0 0 0.4 0 0 0 0 1.8 10 2.2 5.6000000000000005 0 5.4 2.6 2.2 4 2.2 8.8 10 0 0 3.6 2.2 2.8000000000000003 2.2 0 0 0 0 2.8000000000000003 0 0.4 0 3 0 2 0 0 0 5.2 2 0 0 0 0 0.8 0 0 0 0 0 6.4 0 0 0 0 0 0 0 0 0 0 0 0 0 0 0 0 0 0 0 0 0 0 0 0 0 0 0 0 0 0 0 0.4 3.2 0.2 0.6000000000000001 1.8 3.4000000000000004 2.4000000000000004 0 7.2 0 0.8 3.8000000000000003 1 2 0 3.4000000000000004 0 5.2 0 2.2 3.8000000000000003 0.2 1.4000000000000001 1.8 0 0 0 0 0 0 0 0 0.2 0 0 0 0.8 0 0 0.2 0.2 0 3.2 4.6000000000000005 0 0 0.2 0 0 0 0 0 1.8 0 0 0 0 0 0 0 0 0 1.6 0 0 0 0 0 0 0 0.4 0 0 0 0 0 0 0 0 0 0 0 0 0 0 2.8000000000000003 0 0 0 0.8 0.8 0 1 17.6 1.6 3.2 2.4000000000000004 0 0 0 0 0 0 0 0 0.2 0 0 0 0 0.2 0 0 0 0 0 0 0 0 4.6000000000000005 2.8000000000000003 0 0 0 0 0 0 0 0 0 0 0 0 0 
 17.2 27 51.6 14.200000000000001 32.4 31.8 5.800000000000001 7.800000000000001 19.200000000000003 25 12.4 0 8.8 7.2 33.2 53.2 42 39.800000000000004 5.6000000000000005 26.200000000000003 0 0 0 0.6000000000000001 0 0 0.2 15 0 0.6000000000000001 0.4 0.2 16 14.8 14.600000000000001 22 0.4 0 30.200000000000003 30.6 0.4 0 0 0 0 0.2 0 0 0.2 0.2 0 0 0 0.6000000000000001 0.6000000000000001 0 0.6000000000000001 0 0 0 0 0 0 0 0.6000000000000001 0 0 0 0 0.4 0.6000000000000001 0 0 0 0 0 0 0 0 0 0 0.8 2.8000000000000003 0 2 4 0 2.6 3.6 5.2 0 3.2 0 0 6 2 2.8000000000000003 0 0 0 1.8 6.2 2 0 0 0 4.4 10 2.6 0 0 0 5.800000000000001 6.4 2.2 0 1.8 0 4.6000000000000005 1 0 0.2 0 0 0 0 0 0 0 0 0 0 0 0 0 0 0.2 0 3.4000000000000004 0 0 0 0 0 0 0 0 0 0 0 0 0.4 0 0 0 0.4 0 0 0 0 0 3 2 3.2 1.2000000000000002 4.6000000000000005 0 0 3.4000000000000004 0.2 0.2 2 0 0 2 2.2 0 3.6 0 0 1.6 2 0.2 1.6 0 0 4.6000000000000005 0.4 2.8000000000000003 0 0 0 2.6 0.2 2.8000000000000003 0 0.2 2.8000000000000003 0 5.4 0 0 0 0.4 0 0 0 0 0 0 0 0 0 0 0 0 0.6000000000000001 0 0 0 0 0 0 0 0 0 0 0 0 0 0 0 0 0.2 0 0 0 0 0 0 0 0 0 0 0 0 0.4 0.4 1.2000000000000002 18.400000000000002 0 1 0.2 0.4 0 0 0 0 0 0 0 0 0 0 0 0 0 0 0 0 0 0 0 0 0 0 4 4.2 0 0 0 0 0 0 0 0 0 0 0 0 
 61.400000000000006 8.8 53.2 56.6 15.200000000000001 5.2 39 70.8 16.400000000000002 50.6 7.4 8.8 0 35.2 10.600000000000001 64.2 68.8 8.200000000000001 47.6 62.6 0.6000000000000001 0 0 0.4 0.4 0.6000000000000001 0 0.4 0.6000000000000001 1 1.2000000000000002 9.4 0.8 0 0 0.2 0 0.4 0 0 0 0 0 0.6000000000000001 0.6000000000000001 1.2000000000000002 0 2 0 0.2 0 0 0.4 0.6000000000000001 0.6000000000000001 0 0.6000000000000001 0 0 0.2 0.6000000000000001 0 0 0.4 0.6000000000000001 0 0.6000000000000001 0.4 0.6000000000000001 0.4 0.6000000000000001 0 0.6000000000000001 0 0.4 1.6 0 0 0 0.4 1.4000000000000001 3.8000000000000003 2.6 2 0 0 2.8000000000000003 2 0 0.2 5 0 0 1.2000000000000002 2.8000000000000003 0 3.2 0 0 0.2 0 0.2 0 0 0 0 0 0 0 0 0 0 0.4 0 0 0 0 0.4 0 0.4 0 0 0 0 0.4 1 2.4000000000000004 0 0 0 0 0 0 0 0 0.2 0 0 0 0 0 0 0 0 0 0 0 0 0 0 0 0 0 0 0 0 0 0.8 0 0 4.4 6 3.4000000000000004 0 2 0 0 0 2 0 0 0.2 0 5.800000000000001 3.6 2.2 0 1.6 0.2 3.2 0 0 0 0 0 0 0 0 0 0 0 0 0 0 0 0.2 0 0 0 0 0 0 0 0 0 0 0 0 0 0 0 0 0 0 0 0 3.2 0 0 0 0 0 0 0 0 0 0 0 0 0 0 0 0 0 0 0 0 0 0 0 0 0 0 0 0 0.6000000000000001 1 0 0.4 0 0 1.6 0 0 0 0 0 0 0 0 0 0 0 0 0 0 0 0 0 0 0 0 0 0 0 2.2 0 0 0 0 0 0 0 0 0 0 0 0 0 0 
 44.800000000000004 12.8 55.6 52.2 16.6 24.8 52.400000000000006 24 20.8 14.200000000000001 29.6 7.2 35.2 0 33 43.2 5.4 50 42.400000000000006 70.60000000000001 0 0 0 0.4 0.4 0 0 0.4 0.6000000000000001 15 0.6000000000000001 0 0 0 0 0 0 0 0 0 0 0 0 0 0 0 0 0 0 0 0 0 0 0.6000000000000001 13.200000000000001 0 0.6000000000000001 0 0 0 0 0 0 0 0.6000000000000001 0 0 0 0 0.4 0 0 0 0 0 0.8 0 0 0 0 0 0.2 0.2 1.8 1.4000000000000001 2 0.4 5.6000000000000005 3.6 0.4 4.800000000000001 2 0 6.800000000000001 0 3.6 0.2 0.2 3 4 0 0 0 0 0.4 0 0 0 0 0 0 0 0 0 0.4 0 0 0 2.4000000000000004 4.4 0 0 0 0 0 0 0 0 0 0 0 0 0 0 0 0 0 0 0 0 0 0.2 0 0.2 0 0 0 0 0 0 0 0 0 0 0 0 0.2 3.2 0 0 4.2 2.4000000000000004 3.8000000000000003 1.8 0 2 2.8000000000000003 2.4000000000000004 0.2 4.4 0 0.8 0 5.4 0 2 0.4 1.6 0.2 5.800000000000001 0 0 0 0 0 0 0 0 0 0 0 0 0.2 0 0 0 0 0 0.8 2.6 0 0 0 0.2 0 0 0 0 0 0 0 0 0 0 4 0 0 0 0.2 0 0 0 0 0 0 0 0 0 0 0 0 0 0 0 0.2 0 0 0 0 0 0 2.6 0 0 0 0.4 27.400000000000002 0 18 0.2 0.4 2.2 0 0 0 0 0 0 0 0 0 0 0 0 0 0 0.4 0 0 0 0 0 0 0 0 1.4000000000000001 0 0 0 0 0 0 0 0 0 0 0 0 0 0 
 27.400000000000002 45 5.4 17 33.4 8.4 10.600000000000001 3 53.6 39.6 15.200000000000001 33.2 10.600000000000001 33 0 30.6 57.6 50.400000000000006 21.6 20.200000000000003 0.6000000000000001 0 0 41.400000000000006 0 0 0 0.4 0.4 0.4 0.4 0 0 0.4 0 0 0 0 0.6000000000000001 0.4 0 0 0 0.6000000000000001 0.4 0 0 0 0 0 0.6000000000000001 0 3.2 0.6000000000000001 1.2000000000000002 0 0.6000000000000001 0 8 0.6000000000000001 0.4 0 0 0 1 0 0.2 0 0.6000000000000001 0.4 0 0 0.4 0 0 0 0.2 0 0 0 7.6000000000000005 5.2 7 0 11 4.2 0.2 11.200000000000001 12.8 10 0 10 0 0 3.6 8.200000000000001 5.6000000000000005 3.2 2 5.800000000000001 2.2 0 0 0 0 0 0 2 0 0 0 0 0 0 0 0 0 0 5.2 5 0 0 0 0 0 0 0 0 0 0 0 0 0 0 0 0 0 0 2.4000000000000004 0 0 0 0 0 0.4 0 0 0 0 0 0 0 0 0 0 0 0 0 0 0 0 2.2 0.2 2.4000000000000004 0 0.2 1.6 0 7 0 0 5.800000000000001 0 2.4000000000000004 1.4000000000000001 2 2.4000000000000004 3 0 0 0 0 0 0 0 0 2.6 0 0 0 0 0 0 0 0 1.2000000000000002 0 0 0.2 1.4000000000000001 0 0 0 0 0 0 0 0 0 0 0 0 0 0 0 0 0 0 0.4 0 0 0 0 0 0.4 0 0 0 0 0 0 0 0 0 0 0 0 0.4 0 0 0 0 0 0 0 0 0.2 0 17.400000000000002 0.4 0.2 5.2 0 0 0 0 0 0 0 0 0 0 2.6 0 0 0 0 0 0 0 0 0 0 0 0 0 0 3 0 0 0 0 0 0 0 0.2 0 0 0 0 
 38.6 26.8 91.2 53.800000000000004 15.200000000000001 36.4 5.4 54.400000000000006 29.6 25.400000000000002 50.2 53.2 64.2 43.2 30.6 0 49.800000000000004 13 13.200000000000001 68.8 0 0 0 0.4 0 0 0 0.4 0.4 0.4 0.4 14.8 0 0 0 0 0 0 0 0 0 0 0 0 0 0 0 0 0 0 0 0 0 0.6000000000000001 0.6000000000000001 0 0.6000000000000001 0 1.4000000000000001 0 0 0 0 0 0.6000000000000001 0 0 0 0 0.4 1.6 0 0.2 0 0 0.6000000000000001 0 11.600000000000001 0 0 2.2 4.4 4.2 3 5 7 1.4000000000000001 0 2.2 6.2 4.800000000000001 4 0 2.8000000000000003 2 4.6000000000000005 0.2 0 2.8000000000000003 0 3.4000000000000004 0 0 0 0 0 0 0 3.2 0 0 0 0 0 0 0 0 0 0.4 0.6000000000000001 0 0 0 0 0 0 0 0 0 0 0 0 0 0 2.8000000000000003 0 0 0 0 0 0 0 0 0 0 0 0.2 0 0 0 0 0 0 0 0 0 0.6000000000000001 0 0 0 1.8 4 8.8 1.8 2.6 0 0 0.4 8 0 0 1.8 0 0.2 1.4000000000000001 7 0.2 9.8 0 0 0 0 0 0 0.4 0 0 0 0 0 0 0 0.2 0.2 0 0 0 0 2.2 5.800000000000001 0 0 0 0 0 0 0.2 0 0 0 0 0 0 0 0.2 0 0 0.4 0 0 0 0 0 0 0 0 0 0 0 0 0 0 1.8 0 0 0 0 0 0 0 0 0 0 0 0 0 0 0 0.4 0.4 0.2 1.6 0 0 0 0 0 0 0 0 0.2 0 0 0 0 0 0 0 0 0 0 0 0 0 0 0.2 0 3.2 0 0 0 0 0 0 0 0 0 0 0 0 
 24.200000000000003 8.4 37 27.200000000000003 28.6 13.8 24 10.200000000000001 54.2 75.4 50.6 42 68.8 5.4 57.6 49.800000000000004 0 42.6 25.200000000000003 68.8 0 0.6000000000000001 0.4 0 0 0.4 14.8 0.8 0 0 0.4 0 0 0 0 1 0.4 0.4 0 0 0.8 0 0 0 0.8 0 0 0 0 0 1.2000000000000002 0.2 1.2000000000000002 0.4 8 0 1.2000000000000002 0.2 0.6000000000000001 0 0 0 0 0.6000000000000001 0 0 0 0 0 0 15 0 1.6 0 0 0 0.6000000000000001 0 0 0 2.2 0.8 2.2 4.2 5.6000000000000005 5.4 0 3.4000000000000004 7.2 8.4 2.4000000000000004 6.2 0 0.2 8.200000000000001 2 1.6 5.6000000000000005 0 0 2 0 3.2 0 0 2.6 0 0 3.8000000000000003 0 0 0 2 0 0 0 0 0 0.6000000000000001 4.6000000000000005 0 0 0.4 0 0 0.2 0 0 0.2 0 0 0 0 0 0 0 0 0 2.8000000000000003 0 0 0 0.4 0 0 0 0 0 0 0 0 0 4.800000000000001 0 0 0 0 0 0 0 2.4000000000000004 6 2 3 3.6 0 0 3 4.2 0 4 2.6 0 0 3.6 4.4 0 6.2 0 0 0 0.4 0 0 0 0 0.8 0 0 0 0 0 0 0.2 0 0 0 0 2 1.4000000000000001 0 0 0 0 0 0 0 0 0 0 0 0 0 0 0 0 0 0 0 0 0 0 0 0 0 0 0 0 0 0 0 0 0 0 0 0 0 0 0 0 0 0 0 0 0 0.2 0.6000000000000001 0 0.2 0.2 0 1.8 0 0 0 0 0.8 0 0 0 0 0 0 0 0 0 0.2 0 0 0.2 0 0 0 0 0 0 0 4 0 0 0 0 0 0 0 0 0 0 0 0 
 5.800000000000001 36.6 26.400000000000002 5.4 56 11.600000000000001 22.200000000000003 4 56.6 45.400000000000006 6.2 39.800000000000004 8.200000000000001 50 50.400000000000006 13 42.6 0 3.4000000000000004 8.4 0 0.6000000000000001 41.400000000000006 0.4 0.6000000000000001 0.6000000000000001 12 15.8 0.2 1 15.600000000000001 0 0.2 0.2 15.200000000000001 0 0.4 0.4 6.2 15 0.6000000000000001 0.4 0.6000000000000001 0 0 0.6000000000000001 0 0 6.6000000000000005 0 0.6000000000000001 0 0 0.6000000000000001 0.6000000000000001 0 0.6000000000000001 0.4 0.6000000000000001 0 0.4 0.4 0.6000000000000001 0 1 0 0.2 0 0.6000000000000001 0.6000000000000001 0.6000000000000001 0 1.2000000000000002 0 0 0 0.4 0 0 0 0 0 0 2.8000000000000003 19.6 0.4 0 0.8 4.4 7.800000000000001 0 2.4000000000000004 0 0 1.4000000000000001 0 7.6000000000000005 4.800000000000001 0.2 0 7.4 3.8000000000000003 0 0 0 0 0 4.2 10 0 0.2 0 5.2 2.6 0 0 2 0 3.8000000000000003 4.4 0.2 0 0 0 1.6 0 0 0 0 0.4 0.4 0 0 0 0 2.6 0 0 3.8000000000000003 0 0 0 0 0 0 0 3.4000000000000004 0 0 0.4 0 0 0 0.2 0 0 0 0 0 0 0 4.6000000000000005 0 5.800000000000001 4 0 0 0 7 0 4.2 2.2 0 0 1 2.2 4.6000000000000005 1 0 0 0 3 0 0 1.4000000000000001 0.2 8.6 2 0 0 0 0 0.6000000000000001 0.4 3 0 0 0 3.4000000000000004 0.2 0 0 0 0 0 0 0.4 0 0 0 0 0 0 0 1.6 0 0 0 0 2.2 4.6000000000000005 0 0 0 0 0 0 0 0 0 0 0 0 0 0 0 0 0 0 0 0 0 0 0 0 0 0 0.4 0 17.8 0.2 3.2 0 0 0.2 0 0.2 0 0 0 0 0 3.8000000000000003 0 0 0 0 0 0 0 0 0 0 0 0 0 5.800000000000001 0 0 0 0 0 0 0 0 0 0 0 0 0 
 31.6 8.4 6.800000000000001 71.4 21.200000000000003 13 53.2 52.2 39 25 49.800000000000004 5.6000000000000005 47.6 42.400000000000006 21.6 13.200000000000001 25.200000000000003 3.4000000000000004 0 23.6 0 0 0 0.6000000000000001 0 0.6000000000000001 0 1.2000000000000002 11.600000000000001 0.4 1.2000000000000002 0 0.6000000000000001 0.4 0 0.6000000000000001 0.6000000000000001 0 0 0 0 0 0.6000000000000001 0.2 0 0 0 0 0 0 0 0 0.4 0.6000000000000001 0.6000000000000001 0 0.6000000000000001 0.8 12.600000000000001 0 0 0.2 0 1.4000000000000001 0.6000000000000001 0 0.6000000000000001 0 6 0.4 0 0 0 0 0 3.6 0 0 0 0.6000000000000001 2 0.4 0 0 0 0 4.6000000000000005 0 0 0 1.8 0 2 2.2 0 0 0 0 2 4 0 0 0 0 0 0 0 0 0 0 0 0 0 0 0 0 0 0 0 0 0 0 0 0 0 0 0 0 0 0 0 0 0 0 0 0 0 0 0 0 0 1.6 0 0 0 0 0 0 1.6 0 0 1 0 0 0 0 0 0 0 0 4 4.4 0 0 0 0 0 0 0 0.4 0 0 6 1.6 3.2 2.2 1.4000000000000001 1.8 15.200000000000001 2.8000000000000003 0 0 0 0 0 0 0 0 0 0 0 0 0 0 0 0 0 0 0 0 0 0 0 0 0 0 0 0 0 0 0 0 0 0 0 0 0 0 0 0 0 0 4.4 0 0 0 0 0 0 0 0 0 0 0 0 1 0 0 0 0 0 0 0 0 0 0 0.2 0 0.4 0 0.2 0.6000000000000001 0 0 0 0 0 0 0 0 0 0 5.4 0 0 0 0 0 0 0 0 0 0 0 0 0 0 0 0 0 0 0 0 0 0 0 0 0 0 0 
 45.800000000000004 11.4 28.8 52.400000000000006 13.600000000000001 24 64 48 56.800000000000004 55.6 22.6 26.200000000000003 62.6 70.60000000000001 20.200000000000003 68.8 68.8 8.4 23.6 0 0.4 0 0 0.4 0 0 0 0.4 15.4 0.8 0.8 0.6000000000000001 0 0 14.8 0 0 0 0 0 0 0 0 0 0 0 0 0 0 0 0 0 0 0.6000000000000001 0.6000000000000001 0 0.6000000000000001 0 0.2 0 0 0 0 0 1 0 0 0 0 0.4 0.2 0 0.4 0 0 0 0 0 0 0 0 3.6 6 2.4000000000000004 3.8000000000000003 2 0 2 1.8 2.4000000000000004 4.4 0 0 2 6.2 3.8000000000000003 3 3.2 1.6 0.8 0 0 0 0 0 0 0 0 0 0 0 0 0 0 0 0 0 0 2.4000000000000004 2.2 0 0.2 0 0 0 0 0 0 0 0 0 0 0 0 0 0 0.2 0 0.2 0 0 0 0 0 0 4.2 0 0 0 0 0 0.4 0 0 0 0.4 0 0 0 0 1.6 4.6000000000000005 9 2.8000000000000003 0 2 4 7.6000000000000005 0.8 5.800000000000001 0 0.6000000000000001 0 2 0 4.6000000000000005 10.8 10.4 0 0 0 0 0 0 0 0 0 0 0 0 0 0 3.4000000000000004 0 0 0 0.2 0 0 0 0 0 4.6000000000000005 0 0.2 3.2 0 0 0 2.2 0 0 0 0 0 0 0.4 0 0 0 0 0 0 0 0 3.2 0 0 0 0 0 0 0 0.2 0 0 0 0 0 0 0 3 0 0 0 1 12.4 0.4 0.4 0 2.2 1.6 0 0.4 0 0 0 0 0 0.4 0 0 0 0 0 0 0 0 0 0 0 0 0 0.2 0 0 3.2 3 0 0 0 0 0 0 0 0 0 0 0 0 
 0 0 0 0.2 0 0.6000000000000001 0.4 0.2 0.6000000000000001 0 0.2 0 0.6000000000000001 0 0.6000000000000001 0 0 0 0 0.4 0 32.2 55.2 10.8 10.600000000000001 5 74.2 43.400000000000006 110.60000000000001 5.4 26.200000000000003 25 36.2 33.800000000000004 24.6 61.800000000000004 15.4 23.400000000000002 34 12.600000000000001 0.4 1.4000000000000001 0.6000000000000001 0 0 0.2 0 0 0 0.2 0.6000000000000001 0 0.6000000000000001 0.6000000000000001 0 0.6000000000000001 0.6000000000000001 0 7 0.4 0 0.6000000000000001 0 0 0 0 0 0 11.4 0.6000000000000001 0 0 0 0.6000000000000001 0.6000000000000001 0 0.6000000000000001 0.4 0 0 0 0 0 0.2 0 0.2 0 0 0 0 0.2 0 1.8 0 0 0 0 0 0 0 4.4 2 1.8 0.8 5.6000000000000005 0 0.2 2.2 0.2 7 6.2 0 0 4.2 2 4.4 7.2 1.8 0 0 3 0 0 0 0 0 0 0 0 0 0 0 1.8 0 0 0 0 0.4 3 0 0 0 0 0 0 2 0.8 0 0 0 0 0 0 0 0.8 0 0 0 0 0 0 0 0 0 0 0 0 0 0 0 1 0.2 0 0 0 0 0 0 0 0 4.800000000000001 0 6.4 2.6 4 0.2 1.6 2.4000000000000004 3.4000000000000004 3.4000000000000004 6.4 0.4 2.2 9 4 4.6000000000000005 8.200000000000001 6.4 0.2 0 0 0 0 0 0 0 1.6 0 0 0 0 0 0 0 0 0 0 0 3.8000000000000003 0 0 0 0 0 0 0 0 0 0 0 0 0 0 0 0 0 1.8 0 0 0 0 0 0 0 0 0 0 0 0 0.2 0 0 0 0 0.6000000000000001 0 0 0.6000000000000001 16.2 0.4 5.4 3 0 0 0 0 0 0 0 0 0 0 0 0 0 0.2 0 0 0 0 0 5.4 0 0 0 2.4000000000000004 0 0 0 0 
 0 0 0 18.6 15.200000000000001 4.4 0 0 0.2 0 16.400000000000002 0 0 0 0 0 0.6000000000000001 0.6000000000000001 0 0 32.2 0 49.6 70.8 5.4 6 28.6 37.2 40.800000000000004 23.200000000000003 78 57.800000000000004 84.60000000000001 9.200000000000001 31.6 142.8 5.4 73 30.8 23 0.4 0.4 0.6000000000000001 0 0 0 0 0.2 0 0.2 0.8 40.800000000000004 0.6000000000000001 0.8 0 1 0.6000000000000001 1 0 0 0 0.6000000000000001 0 0 1 0 0 0 1.8 0.6000000000000001 0 0 0 0 0.6000000000000001 0 0.6000000000000001 0.4 0 0 0 0 0 0 0 0 0 0 0 0 0 3.4000000000000004 0.2 0 0 0 0 1.4000000000000001 0 0 0 2.2 2.6 5.2 4 0.6000000000000001 4 0 0 6.6000000000000005 0 2.4000000000000004 2.8000000000000003 3.6 0 7 5.2 2 0 0 0 0 0 0 0 1.8 2.6 0 0 0 0 0 0 0 0 0 0 0 0 1.4000000000000001 0 0 0 0 0.4 0 1.2000000000000002 0 0 0 0 0 0 0 1 0 0 0 0 0 0 0 0 0 4.6000000000000005 0 0 0 0 0 2.8000000000000003 1.8 0.2 0 0 0 0 0 0 0 0 4.6000000000000005 0.2 3 0 0 0 2 4.6000000000000005 3.2 12 1.8 0 4.4 4 2.2 6.2 3.8000000000000003 0 0 0 0 0 0 0 0 1.6 2.2 0 0 0 0 0 0 0 0 0 0 0.4 0.4 0 0 0 0 0 0 0 0 0 0 0 0 0 0 0 0 0 0 0 0 0 0 0 0 0 0 0 0 0 0 0 0 0 0 1 0.4 0 1 31.8 0.2 3.8000000000000003 3.4000000000000004 0 0 0 0 0 0 0 0 0 0 0 0 0 2.2 0 0 0 1.2000000000000002 0 0 0 0 0 0 0 0 0 0 
 0 0 0 0 0 0.2 0 0 0 0 0 0 0 0 0 0 0.4 41.400000000000006 0 0 55.2 49.6 0 32.2 7.800000000000001 6 27.8 103.2 76.2 12.200000000000001 10.600000000000001 53.2 52.6 51.6 43.2 17.2 35.2 18.400000000000002 6.6000000000000005 35.6 0.4 2 0.6000000000000001 0 0 0 0 0 0 0.2 0.4 1 0.6000000000000001 0.6000000000000001 0 0.6000000000000001 0.8 0 0 0.4 0 0.8 0 0 0 0 0 0 0 0.6000000000000001 0 0 0 2.4000000000000004 0.6000000000000001 0 0.8 0.4 0 0 0 0 0 0 0 0 0 0 0 0 0 0.2 0 0 0 0 0 0 0 0 3.6 0 0.2 0.2 1.6 0 3.6 0 0 2.8000000000000003 1.8 8 0 0 4.2 11.600000000000001 12.600000000000001 4.800000000000001 0 0 0.2 0 0 0.2 0 0 0 9 0 0 0 0 0.6000000000000001 0 0 0 0 0 0.2 0 0 0 0 0 0 0.4 1.2000000000000002 0 0 0 0 0 0 0 0.8 0 0 0 0 0 0 0 0 0 0 1.2000000000000002 0 0 0 0 0 0 0 0 0 0 0 0 0 0 1 2.4000000000000004 8.200000000000001 4.800000000000001 3.4000000000000004 0.2 0 2 0.6000000000000001 3.4000000000000004 6.4 0 0 8.200000000000001 6.2 0.2 7.800000000000001 4.2 0 0 0 0 0 0 0 1.6 0 0 0 0 0 0 0 0 0 0 0 0 8.4 3.8000000000000003 0 0 0 0 0 0 0 0 0 0 0 0 0 0 0 0 0 0 0 0 0 5 0 0 0 0 0 0 0 0 0 0 0 0 2.2 0 0.4 15.8 31.6 0.6000000000000001 4.4 2.2 0 0 0 0 4.4 0.4 0 0 0 0 0 0 0 0 0 0 0 0 0 5.2 0 0 0.2 2.6 2.6 0 0 0 
 0.8 0.4 0.4 0.4 0.8 1 0.4 0.4 0.4 0.8 1.2000000000000002 0.6000000000000001 0.4 0.4 41.400000000000006 0.4 0 0.4 0.6000000000000001 0.4 10.8 70.8 32.2 0 26.400000000000002 41.400000000000006 49.6 11.8 23.400000000000002 67.60000000000001 17 13.200000000000001 90.2 35.800000000000004 13.600000000000001 32 23 71 29.6 15.4 12.8 12.4 0.6000000000000001 0 0 0 0 12.8 0.6000000000000001 0.4 0.6000000000000001 0 0.8 0.6000000000000001 12.600000000000001 0.6000000000000001 0.6000000000000001 0 12.600000000000001 25.6 0 0.6000000000000001 0 0 0 0 0 0 0 0.6000000000000001 0 0 0 0 0.6000000000000001 0 0.6000000000000001 0.4 0 0.2 0 0 0 0 0 0.2 0 0 0 0 0 0 0 0 0 0 0 0 0 0 2.4000000000000004 2 0 8.6 0 4.6000000000000005 2 0.2 5 0 8.4 2.4000000000000004 0 0 0 3.6 0 0 0 0 0.2 0 0.2 0 0 0 0.2 0 0 0 0 0 0.2 6 0 2.8000000000000003 0 0.2 3.8000000000000003 2.4000000000000004 0 0 0 0 0 0 1.2000000000000002 0.4 0 0 0 0 0 0 4 0 0 0 0 0 0 0 0 0 0 0 0 0 0 0 0 0 0.2 0 0 0.2 0 0 0.4 0.2 4.2 1.6 5.2 1.8 6.800000000000001 2.8000000000000003 2.4000000000000004 1.4000000000000001 1.8 3.4000000000000004 0.4 0.2 0.4 0 0 2.6 0.2 2.4000000000000004 0 1.2000000000000002 3.6 3 1.8 0 0 0 0.2 3.8000000000000003 0 0.4 0 0 7.2 1.6 0 0 0 2.4000000000000004 3.6 0 0 0 0 0 0 0 0 0 0 0 0 0 0 0 0 0 0.2 0 0 0 0 0 0.2 0 0 0 0 0 0 0 0 0 0 0 1 0 0.4 18.8 0 0 0 3.2 0.2 0 0 0 0 0 0 0 0 0 0 0 0 0 0 0 0 0 0 0 0 0 0 0 0 0 0 0 
 0 0 0 0 0 0.2 0 0.2 0 0 0 0 0.4 0.4 0 0 0 0.6000000000000001 0 0 10.600000000000001 5.4 7.800000000000001 26.400000000000002 0 66.60000000000001 23.8 43.6 17.8 48.2 25.6 14 17.8 13.8 31.6 55.6 23.8 50.6 55.800000000000004 14.8 0.4 0 14.600000000000001 0 0 0.2 0 12.600000000000001 0 13.8 0.6000000000000001 1.2000000000000002 0.6000000000000001 14.600000000000001 16.6 0.6000000000000001 0.6000000000000001 12.4 18.400000000000002 24.6 0 0.6000000000000001 0 0 0 0 0 0 0 0.6000000000000001 0 0 0 1.4000000000000001 0.6000000000000001 0 0.6000000000000001 0.4 0 0 0 0 0 0 0 0 0 1.6 0 0 0 0 0 0 0 0 0 0 0 0 2.4000000000000004 0 3 2.6 3.4000000000000004 4.6000000000000005 0 0 0 0.4 0 3.2 0 0 0.2 3.8000000000000003 2 5 0 0 6.4 4.2 10.4 0 0 0 3 2 3.6 2 2 0 7.6000000000000005 3 5.4 0 0 0 4.4 4.6000000000000005 0 0 0 0 0 0.4 0 0 0 0 0 0 0 0 0 0 0 0 0 0 0 0 0 0 0 0 0 0.2 0.2 0 0.4 0 0 0 0 0 0 0 0 0 0 0 5.4 0 3 0.4 0 2 0 2 2.4000000000000004 3.4000000000000004 0 1.2000000000000002 2.2 0 1.8 0 0 0 0 0 9.8 0 0 0 4.4 0 2.4000000000000004 0 0 2.2 4 7 4.4 2 0 5.4 7.4 3 0 0 0 0 0 0 0 0 0 0 0 0 0 0 0 0 0 0 0 0 0 0 0 0 0 0 0 0 0 0 0 0 0 0 0 0.4 0 1.8 0.4 0 1 0 0 0 0 0 0 0 0 0 0 0 0 0 0 0 0 0 0 0 0 2.4000000000000004 7.800000000000001 0 0 0 0 0 0 0 
 0 0 0 0 0.4 0.2 0 0.4 0 4.6000000000000005 0 0 0.6000000000000001 0 0 0 0.4 0.6000000000000001 0.6000000000000001 0 5 6 6 41.400000000000006 66.60000000000001 0 20.8 41.400000000000006 56.800000000000004 34 48.400000000000006 27.200000000000003 12 64.4 36.6 55.2 10.4 65.2 12.600000000000001 8.6 4.6000000000000005 0 13 0 12.4 0.8 0 10.8 17.6 0 0.6000000000000001 0 0.6000000000000001 0.6000000000000001 15.600000000000001 0.6000000000000001 0.6000000000000001 0.6000000000000001 0 0 0 0.6000000000000001 0 0 0 0 0 0 0 0.6000000000000001 8.200000000000001 0 0 0.6000000000000001 0.6000000000000001 0 0.6000000000000001 0.4 0 0 0.4 0 0 0 0 0 0 0 0 0 0.2 0 0 0 0 0 0 2.2 0 0 2 2 6.2 1.8 2.4000000000000004 0.2 0.4 0.2 0 0 5 0 0 0 0 5 2 4.2 0 0 0 0 5.4 3.2 0 0 7.4 2.2 0 1.4000000000000001 0 0 5.6000000000000005 0 0 6.6000000000000005 0 0 1.8 3.6 0 0 0 0 0 0 0 0 0 2.2 0 0 0 0 0 0 0.2 0 0 0 0 0 0 0 0 0 0 0 0.4 0 0 0 0 0 0 0 0 0 0.8 0 1.4000000000000001 0.4 3.2 0 0 9.4 0 1.4000000000000001 0 10.600000000000001 2.6 1.2000000000000002 0.2 5.6000000000000005 1.8 0 0 0 0 0.2 10 0 0 0 0 0 1.4000000000000001 5.6000000000000005 0 0 0 1.2000000000000002 3.6 2 4 3 0 0 2.2 0 0 0 0 0 0 0 0.2 0 0 0 0 0 0 0 0 0 0 0 0 0 0 0 2 0 0 0 0 0 0 0 0 0 0 0 0 0 0.2 1.2000000000000002 0 0 0.2 0.2 0 0 0 0 0 0 0 0 0 0 0 0 0 0 0 0 0 1.6 0 0 0 0 0 0 0 0 0 0 
 0 0 14.4 0 12 0 0.2 0 0.6000000000000001 3 0.8 0.2 0 0 0 0 14.8 12 0 0 74.2 28.6 27.8 49.6 23.8 20.8 0 35.800000000000004 28 26 22 13 105.2 58.400000000000006 23.8 19.400000000000002 37.6 9.4 57.400000000000006 42 0.8 0 0.6000000000000001 1 0 0 0 12.4 0 0 0.6000000000000001 0 0.6000000000000001 0.6000000000000001 0 0.6000000000000001 0.8 0 0 0 0 0.6000000000000001 0 0 0 0 0 0 0 0.6000000000000001 0 0.2 0 0.6000000000000001 0.6000000000000001 0 0.6000000000000001 0.4 0 0 0 0 0 2.4000000000000004 5.6000000000000005 0 0 0 0 0 0 0 0 0 0 0 0 0 0 0 2.4000000000000004 1.4000000000000001 0 1.4000000000000001 1 0 7.4 0 4.800000000000001 1 0.2 4.4 2.2 3.2 3.2 2.4000000000000004 11 0 0 1.2000000000000002 0 0 0 0 0 0 0 0 0 0 0 0 0 0 0 0 0 0 0 0 0.2 0 0 0 0 0 0 0 0 0 0 0 0 0 1.6 0 0 0 0 0 0 0 0 0 0.2 0 0 0 0 0 1.2000000000000002 0 0 0 0 0 0.2 0 0.4 3 5.800000000000001 4.6000000000000005 3.2 2.8000000000000003 0 2.2 4.4 1.8 0 2 4.2 0 0 6.4 12 1.6 7.6000000000000005 2.8000000000000003 0 2.6 0 0 0 0 0.4 0 0.2 0 0 3.2 0 0 0 0 0 0 0 0 0.2 0.2 0 0 3 0 0 0.2 0 0 0 0 0 0 0 0 0 0 0 0 0 0 0 0 0 0 0 0 0 0 0 0 0 0 0 0 0 0 0 30.8 18 0.8 6.4 0.6000000000000001 0 0 0 0 0 0 0 0 0 0.4 0 0 0 0 0 0 0 0 0 0 0 0 0 2 0 0 0 0 
 0.4 0.4 0.4 0.4 3.6 15 0.4 0.4 1 15 0.4 15 0.4 0.4 0.4 0.4 0.8 15.8 1.2000000000000002 0.4 43.400000000000006 37.2 103.2 11.8 43.6 41.400000000000006 35.800000000000004 0 50.2 30 13 23.6 28.6 111.60000000000001 16.6 37.6 23.8 7.6000000000000005 55.800000000000004 6 0.4 0 0.6000000000000001 0 0 0 0 0 1 0.4 0.6000000000000001 0 0.6000000000000001 0.6000000000000001 0 0.6000000000000001 0.6000000000000001 0 12.600000000000001 0.2 0 0.6000000000000001 0 8 0 0 0 0 0 0.6000000000000001 0 0 0 0.6000000000000001 0.6000000000000001 0 0.6000000000000001 0.6000000000000001 0.2 0 0 0 0 0 0.2 0 0 0 0 0.6000000000000001 4.6000000000000005 0 2 0 0 0 0 0 0 0 0.2 1 0 1.6 4.6000000000000005 2.4000000000000004 0 1.8 0 6 8 2.8000000000000003 2.4000000000000004 3 2.6 1.2000000000000002 3.6 1.8 0 2.2 1.8 0 0 0 0 0 0 0 0 0 0 0 0 0.2 0 0 0 0 3.4000000000000004 0 0 0.2 0 0 2.2 1 0 0 0 0 0 0.4 0 0 0 0 0 0 0 0 0 0 0 0 0 0 0 0 0 0 0 0 0 0 0 0 0 0 0 0 1.6 3.4000000000000004 4 2.4000000000000004 7.6000000000000005 5.800000000000001 0.4 1 0.2 3.8000000000000003 3.6 2.4000000000000004 0 4.4 2.8000000000000003 0.4 6.800000000000001 2.4000000000000004 2.8000000000000003 0 0 0 0 0 0 0 1.6 2.8000000000000003 0 0 0 0 3.6 0 0 0 0 0 1.2000000000000002 0 0 0 0 0 0 0 0 0 0 0 0.4 0 0 0 0 0 0 0 0 0 0 0 0 0 0 0 0 0 0 12.600000000000001 0 0 0 0 0.8 0.4 0.4 0 0.2 0.2 0 0 0 0 0 0 1.4000000000000001 0 0 0 0 0 0 0 0 0 1.6 0 0 0 0 2.4000000000000004 0 0 0 3.2 2 0 0 0 
 0.2 0.2 0.4 0 0 1 0.2 0 0.8 0.4 1.4000000000000001 0 0.6000000000000001 0.6000000000000001 0.4 0.4 0 0.2 11.600000000000001 15.4 110.60000000000001 40.800000000000004 76.2 23.400000000000002 17.8 56.800000000000004 28 50.2 0 74.60000000000001 13.200000000000001 8.4 58 86.60000000000001 112 56.800000000000004 50.800000000000004 50.800000000000004 33.4 14.200000000000001 0.4 2.2 0.6000000000000001 0.6000000000000001 0.4 0 0 0 0 1 1.4000000000000001 0 0.6000000000000001 1.4000000000000001 0 1 1.2000000000000002 0.4 0 0 0 0.6000000000000001 0 1.2000000000000002 0.6000000000000001 0.6000000000000001 0 0 0 0.6000000000000001 0.2 0.6000000000000001 0 0.6000000000000001 0.6000000000000001 0 2.6 1.4000000000000001 0 0 0 0 0 0 0 0 0 0 0 0.2 0 0 0.2 0 0 0 0 0 0 0 2.6 1 3.4000000000000004 6 0 0.4 5.800000000000001 0 0 2.4000000000000004 0 6.2 0 0 3 11.600000000000001 2.4000000000000004 0 0 0 0 0 0 0 0 0 0 2.2 0 0 0 0 0 7.6000000000000005 0 0 0 0 0 0 0 0 0 0 0.4 2.2 0.8 0 0 0 0 0 0 0.2 1 0 0.2 0 0 0 0.2 0 0 0 0 0 0 0 0 0 0 0 0 0 0 0 0 0 0 0 2 1.4000000000000001 2.4000000000000004 11 2.8000000000000003 0 1.8 8.6 2.8000000000000003 2 2.6 1.6 3.4000000000000004 14.4 0 5.4 1.4000000000000001 0.8 0 3.2 0 0 0 0 0 0 0.2 0 0 0.2 0 0 1.4000000000000001 0 0 0 2.4000000000000004 0 4 2 0 3.8000000000000003 2.6 0 0 0 0 0 0 0 0 0 0 0 0 1.2000000000000002 0 0 0 0 0 0 0 0 0 0 0 0 0 0 0 0 0 0 0 3.8000000000000003 0 1.4000000000000001 8.6 0 0.4 3 0 0 0 0 1.4000000000000001 0 0.4 0 0 0 0 0 0 0 0 0 0 0 0 0 0 0 0 8.8 1.8 0 0 0 
 0.4 0.4 0.4 1 0.4 1 0.4 0.4 0.8 0.4 0.8 0.6000000000000001 1 15 0.4 0.4 0 1 0.4 0.8 5.4 23.200000000000003 12.200000000000001 67.60000000000001 48.2 34 26 30 74.60000000000001 0 47.2 7.6000000000000005 13 45.6 49.800000000000004 37.2 19.6 19.6 29 17.400000000000002 0.4 0 0.6000000000000001 0.6000000000000001 0 0.8 0 0 0.8 0.4 0.6000000000000001 0 1 13.600000000000001 0.6000000000000001 0.6000000000000001 1.2000000000000002 0 14.200000000000001 11.600000000000001 0.6000000000000001 0.4 0.6000000000000001 1 0 0 1 0.4 0 0.6000000000000001 0 0.6000000000000001 0 6 1.2000000000000002 0 7.4 0.6000000000000001 0.6000000000000001 1 0 0 0 0 0 0 0 0 0 0 0 0 0 0 0 0 0 0 0 0 2 7.4 13.8 2 5.6000000000000005 5.2 2 0 0.4 1.6 8.6 0 0 0 0.2 8.6 3.4000000000000004 8.8 0 0 0 0.2 0 0 0 0 2.8000000000000003 0 0 0 0 0 0 0 0 0 0 0 2 0 0 0 0.8 0 0 0.6000000000000001 0 5 0 0 0 0 0 0 0 0 0 0 0 0 0 0 0 0 0 0 0 0 0 0 0 0 0 0 0 0 0 0 0 0 1.8 1.4000000000000001 7.6000000000000005 7.2 0 7 3.4000000000000004 5.6000000000000005 3.4000000000000004 0.4 6 5.2 0.6000000000000001 1.2000000000000002 3.4000000000000004 0 3 0.6000000000000001 0 4.800000000000001 4.2 0 2.6 0 0 0 1.4000000000000001 2.4000000000000004 2.8000000000000003 0 0 0 1.4000000000000001 0 7.800000000000001 3.4000000000000004 0 0 4 0.2 0 0 0 0 0 0 0 0 0 0 0 0 0 0 0 0 0 0 0 0 0 0 0 0 0 0.4 0 0 0 0 0 0 0 0 0.6000000000000001 0 0 0.6000000000000001 0.4 0 0.6000000000000001 0.2 0 0 0 0 0 0 0 0 0 0 0 0 0 0 0 0 0 1.4000000000000001 0 0 0 0 0 0 4 0 0 0 
 0.4 0.4 0.4 0.4 0.4 1.6 0.4 0.4 1 0.6000000000000001 1 0.4 1.2000000000000002 0.6000000000000001 0.4 0.4 0.4 15.600000000000001 1.2000000000000002 0.8 26.200000000000003 78 10.600000000000001 17 25.6 48.400000000000006 22 13 13.200000000000001 47.2 0 27 78 47.2 17.400000000000002 25.6 27.8 25.400000000000002 25.200000000000003 72.4 0.4 12.4 0.8 0 0 0 0 0 1 0.4 8.4 0 0.6000000000000001 13.4 0.6000000000000001 0.6000000000000001 0.6000000000000001 0 0 12.4 0 0.6000000000000001 7.2 0 0 0 0 0 0 0.6000000000000001 0 0 0 0.6000000000000001 0.6000000000000001 0 0.6000000000000001 0.4 0 0 0 1.2000000000000002 0 0 0 0 0 0 0 0 0 0 0 0 0 0 0 0 0 0.2 2.6 3.8000000000000003 0 4.4 2 2.4000000000000004 0 0 4.6000000000000005 2 9.200000000000001 0 0 0 0 1.8 3.6 0 0 0 0 4 0.2 0 0 0 1 0 2.8000000000000003 0 0 0 0.4 4 0 0 0 5.2 1.8 0 0 0 0 0 0.6000000000000001 0 0 0 0 0 0 0 0 0 0 0 0.4 0 0 0 0 0 0 0 0 0 0 0.4 0 0 0 0 0 0 0 0 0 0 0 0 3.6 7 2.4000000000000004 2.4000000000000004 0 5.800000000000001 1.4000000000000001 6.4 0 2 4 2.4000000000000004 0.4 6.800000000000001 4.4 0 3.6 5.4 0 3 0 0 2.6 5.4 0 0 1.6 7.2 0 0 0 0.2 0 0.2 2.8000000000000003 3.4000000000000004 0 0 3 2.2 0 0 0 0 0 0 0 0 0 0 0 0 0 0 0 0 0 0 0 0 0 0 0 0 0 0 0 0 0 0 0 0 0 0 1 0 0.4 9.4 15.600000000000001 0 3.6 0.4 0 0 0 0 0 0 0 0 0 0 0 0 0 0 0 0 0 2.6 0 0 0 0 0 0 0 0 0 0 
