 0 87 47.2 33.6 26.8 16 84.2 91 26.400000000000002 15.8 18 47.800000000000004 7.2 46 25.6 44.800000000000004 67.4 21.8 68 50.6 0.4 1.2000000000000002 1.8 0.6000000000000001 0 0.2 0 1.2000000000000002 0.6000000000000001 0.4 0 0 0 0.6000000000000001 0.6000000000000001 0.8 0 0.8 0.4 0 0.6000000000000001 0 3 1 0 0 0.8 0.6000000000000001 0 1.6 0.4 0.6000000000000001 0.6000000000000001 0 0 1.2000000000000002 0.6000000000000001 0.4 0.6000000000000001 0.4 0.8 1 0 0.4 0.6000000000000001 0.6000000000000001 0 0 0 0 0.4 1.2000000000000002 0 0 0 0.6000000000000001 0.4 1.2000000000000002 0 0 2.2 0 0.2 4 0 0 6 7 2 4 7 9.8 0.6000000000000001 3.8000000000000003 4.2 3.6 4.2 7.6000000000000005 0.8 0 0 0 0 2.2 0 0 0 0 0 0 0 0 0.2 0 0 0 0 0 2.4000000000000004 0 0 0 0 0 0 0 0 0 0 0 0 0 0 0 0 0 0 0 0 0 0 0 0 0 0 0 0 0 0 0 0 0 0 0 0 0 1.4000000000000001 0 0 0 1.8 7.2 2.2 0.2 2.2 0 1.8 3.4000000000000004 5.2 3.8000000000000003 0.2 1.8 3.2 7.4 1.4000000000000001 0.2 2.2 2.2 3.4000000000000004 2 0 0 0 0 0 0 0.2 0 0 0 0 0 0 0 0 0 0 0 0 0.4 0 0 0 5.2 0 0 0 0 0 0 0 0 0 0 0 0 0 0 0 0 0 0 0 0 0 0 0 2.2 0 0 0 0 0 0 0 0 0 0 0 0 0 4.2 0 0 0 0 2.4000000000000004 0.2 0 0 4 2 0 0 0 0 0 0 0 0 0 0 0 0 0.2 0 0 0 0 0 0.2 0 0 0 0 3 0 0 0 0 0 0 0 0 0 0.4 0 0 0 0 
 87 0 17.2 13.8 24.6 20.6 20.200000000000003 36.2 42.400000000000006 27.200000000000003 49.6 75.4 7 8.4 21.6 51 7.800000000000001 7.2 28.8 52.2 0 0.4 0.6000000000000001 0.6000000000000001 0 0.6000000000000001 4 0.6000000000000001 0 0.4 0 0 0 0 0 0 0 0.4 0.4 31.200000000000003 0 0 0 0.6000000000000001 0 0 12.600000000000001 0 0 13.600000000000001 0 0 0 0 0 0.6000000000000001 0 0.4 0 0.4 0.6000000000000001 0.6000000000000001 0 0 0 0 0 0 0 0 0 0 0 0 0 0.6000000000000001 0 0.4 0 0 2 0 7.800000000000001 3 2.4000000000000004 1 0 0 2 19.6 2.8000000000000003 0 3.4000000000000004 0 3.8000000000000003 6.6000000000000005 6.4 6.4 12.600000000000001 7.6000000000000005 4.800000000000001 0 0 0 0 0 2.6 1 0 0 0 0 3.6 0 0 0 0 0 0.2 2.8000000000000003 0 0.2 1.2000000000000002 0 0 0 0 0 0 0 0 0 0 0.2 0 0 0 0 0.4 0 0 1.4000000000000001 0 0 0 0.2 0 0 0 1.6 0 0 0 0 0 0 0 0 0 0 0.4 5.4 1.4000000000000001 5.2 7.4 0 0 0 0 7 18.400000000000002 0 0.8 2 0.2 3.2 0 0 1.8 5 5.4 6 0 0 0 0 0 0.2 1.4000000000000001 0 0 0 2.6 0 0 9.4 0 0 5 4.6000000000000005 0 0 0 0 0 0 0 0 0 0 0.2 0 0 0 0.2 0 0.2 0 0 0 0 0 0 0 0 0 0 0.2 0 0.4 0 0 0.2 0 0 0 0 0 0 0 0 0 0 0 0 0.4 0.4 0 0 0 0 0.4 0 0 0 0 0 0 0 0 0 0 0 0 0 0 0 0 0 0 0 0 0 0 0 1.4000000000000001 0 0 0 0 0 0 0 0 0 0 0 0 0 0 
 47.2 17.2 0 20.6 34.800000000000004 33.4 35.2 84.2 29.400000000000002 7.2 44.2 7.4 31.200000000000003 45 11 9.8 17.6 45 27.400000000000002 56 0 0 1 28.200000000000003 0 0.8 0 0.6000000000000001 0 0.4 0.2 0 0 0 0 0.6000000000000001 0.4 0.4 0.8 0.4 0 0 0.2 1.2000000000000002 0 0 12.600000000000001 0.6000000000000001 0 0.6000000000000001 0 0 0 0 0 0.6000000000000001 1.2000000000000002 0.8 0 0.4 0.6000000000000001 1 0 0 0 0 0.2 0.4 0 0.4 0 0.4 0 0 0 0.6000000000000001 5.800000000000001 0.4 6.2 0 14.200000000000001 2.4000000000000004 2.6 3.8000000000000003 0 1.6 3.4000000000000004 2 3.2 3.2 0 6.6000000000000005 0 5.2 1.2000000000000002 2.8000000000000003 2 6.2 3.8000000000000003 0 0 0 0 0 0 0 3.6 0 0 0 0 0 2 0 2.4000000000000004 0 0 0 2.8000000000000003 0 0 0 0 0 0 0 0 0.4 0 0 0 0 0 0 0 0 0 0 0 0 0 0 0 0 0 0 0.4 0 0 0 0 0 0 0 0 0 0.4 0 0.2 0.6000000000000001 2 3 2 1.6 0 2.6 0 11.8 0.2 3.2 0 2.8000000000000003 0 3.2 0 4.2 4 4.800000000000001 1.6 0 0 0 0 0 0 0 3.2 0 0 0 0 0 0.6000000000000001 8.4 0 0 1.8 0 0 3.8000000000000003 0.2 0 0 0 0 0 0 0 0 0 0 0 0.4 0 0 0 0 0 0 0 0 0 0 0 0 0 2.8000000000000003 1 0 0 0 0 0 0 0 0 0 0 0 0 0 0 0 0 0 0.4 0.2 0.4 0.2 17.6 0.4 3.6 0 0 0 0 0 0 0 0 0 0 0 0 0 0 0 0 0 0 0 0 0 0 0 0 0 0 0 0 0 0 0 0 0 0 0 0 0 0 
 33.6 13.8 20.6 0 59.800000000000004 47.800000000000004 39 36.2 26.6 58.2 43.6 26.6 13.4 14.8 13 30.6 37 49.6 17.2 62.800000000000004 0 0.4 0.8 0.6000000000000001 0 0 14.8 0.6000000000000001 0 0.2 0 0 14.8 14.8 14.8 0 0 0.2 29.6 1.2000000000000002 0 13 0 0.6000000000000001 0 0 0 0 0 0.6000000000000001 0 0 0 0 0 0.6000000000000001 0 0.4 0 0.4 0.6000000000000001 1.2000000000000002 0 0 0 0 0 0 0 0 0 9.4 0 0 0 0.6000000000000001 0 0.4 0 0 0 3.6 0 0 0 6.800000000000001 3.4000000000000004 2.8000000000000003 0 2 0.2 6.6000000000000005 0.2 0 2.2 0 2.6 2 0 0.2 2.4000000000000004 2.2 0 0 0 0.4 4.2 0.4 7.4 0 0 0 4.6000000000000005 7.800000000000001 2 0 0 0 0 1.2000000000000002 3.2 0 0 0 0 0 0 0 0 0 0 0 0 0 0 0 0 0 0 0 0 0.8 0 0 0 0 0 0 0 0.4 0 0 0 0.8 0 0 0 0 0 0 0 0 0 4.6000000000000005 0 7 2.6 0 1.6 0.2 0 8 1.4000000000000001 0.4 2.8000000000000003 0 2 1.8 0 0 2.2 2.8000000000000003 3 0 0.4 0 0 5.6000000000000005 0 1.2000000000000002 9.200000000000001 0 2 1.8 0 2.2 0 0.2 2 0.2 0 0 0 0 0 0 0 0.2 0 0.4 0 0 0 0 0 0 0 0 0 0 0.2 2.6 0 0 0 0 0 0 0 0 0 0 0 0 0.4 0 0 0 0.4 0 0 0.4 0 0 0 1.2000000000000002 18.6 0.4 0.6000000000000001 0.8 0 1 2.6 0 0.2 0 0 0 0 0 0 0 0 0 0 0 0 0 0 0 0 0 0 0 0 0.2 0 0 0 0 0 0 0 0 0 0 0 0 0 0 
 26.8 24.6 34.800000000000004 59.800000000000004 0 30.6 10.8 18.2 98.2 31.400000000000002 99.80000000000001 89.60000000000001 14 16.400000000000002 14.600000000000001 21 10 67 49.800000000000004 19.8 14.8 14.600000000000001 0.6000000000000001 0.6000000000000001 0 0 15 0.6000000000000001 0 0.2 0.2 0.2 0 3.6 0 0 0 0.8 1 0.2 0 12.8 0 0.6000000000000001 0 0.2 0 0 0 0.6000000000000001 0 0.2 0 0 0 0.6000000000000001 0 0.4 0 0.4 0.6000000000000001 1 0 0 0 0 0 0 0 0 0 0 0 0 0 0.6000000000000001 0 0.4 0 0 0 0 0.4 2.2 1.4000000000000001 1.4000000000000001 0 0 3.8000000000000003 3.4000000000000004 2.4000000000000004 2.8000000000000003 0 0 0 0.6000000000000001 3.6 2 0 0 3.2 1.6 2.8000000000000003 0.2 0.4 0 6 0 3.4000000000000004 0 0.4 2.2 2 2.2 0.4 0.4 0 2.2 2.6 6.2 0 0 0.4 0 0 0 0 0 0 0 0 0.2 0 0 0 0 0 0 0 0 0 0 0 0 0 0 0 0 0 0 0 0 0.2 2 0 0.2 0 0 0 0 0 0 0.2 1.6 0 1.8 0 0 0 0 0 2.8000000000000003 0 0 0.4 0 4.2 0 0 0 2.8000000000000003 0.2 0 0 0 0 4.4 3.2 0 0 0 2 1.6 7.6000000000000005 2.4000000000000004 0 0 7.6000000000000005 0 10.8 0 0 0 0 0 0 0 0 3 0 0 0 5.4 0 0.2 0 2.2 0 0 0 0 0 0 0 0 0 0 6.800000000000001 0 0.4 0 0 0 0 0 0 0 0 0 0 0 0 0 0 0 0 0.4 0.4 20.200000000000003 17.8 0.4 1.8 0 0 0.4 0 0 0 0 0 0 0 0 0 0 0 0 0 0 0 0 0 0 0 0 0 0 0 0 0 0 0 0 0 0 0 0 0 0 0 
 16 20.6 33.4 47.800000000000004 30.6 0 25.400000000000002 27 28 45.6 27.200000000000003 48.800000000000004 5.4 23 13.600000000000001 30.8 14 51 53.6 10.4 14.4 0 0 0 0 0 0.2 0.2 0 0 0 0 0 0 0 0 0 0 0.4 0.8 0 0 0 0 0.4 0.6000000000000001 0 0 0 0 0.6000000000000001 0 0.4 14.200000000000001 0 0 0 0 0 0 0 0 0 0 0 0 0.4 0 0 0 1.2000000000000002 0 0 0 0.2 8.4 0 0 0 0 0 1.8 0 1 2.8000000000000003 3.8000000000000003 0.2 0.4 1.2000000000000002 5.4 3.6 8.200000000000001 0 0 2.2 2.4000000000000004 6.2 0.8 0 0 0.2 0 1.6 0 0 0 0.2 1.4000000000000001 2.8000000000000003 0 0 0 1.6 0 1.6 0 0 0 0.2 2.6 0 0 0 0 0 0 0 0.2 0 0 0 0 0 0 0 0 0 0 0 0 0.8 0 0 0 0 2.4000000000000004 0.2 0 0 0 3.2 0 0 0 0 0 0 0 0 0 3.6 0.2 3 3.8000000000000003 2.4000000000000004 3.8000000000000003 0.2 4.800000000000001 1.4000000000000001 2 6.4 5.2 0 0 3.2 0 0.2 2.6 0 0 1.4000000000000001 0.4 0 0 0.4 0 0 0.4 0 0 0 1.4000000000000001 4.2 0.4 0 0 0 1.4000000000000001 7 2 0 0 0 0 0.4 0 0 0.2 0 0 0 0 0 0 0 0 0 0 0 0 8 0 0 0 0.4 0 0 2.8000000000000003 0 0 0 0 0 0 0 0 0 0 0.4 0 0 0 0 0 0 0.2 0 0 0 0.2 0 0.8 2 0 0 0 0 0 0 0 0 0 0 0 0 0 0 0 0 0 0 0 0 0 0 2.6 2 0 0 0 0 0 0 0 0 0 0 0 0 0 
 84.2 20.200000000000003 35.2 39 10.8 25.400000000000002 0 57.6 34.6 45.6 25.6 6.800000000000001 9 33.6 48.400000000000006 22.400000000000002 66.60000000000001 24.6 26.6 86 0 0 0.4 0.6000000000000001 0 0.6000000000000001 0 1.8 0 0.4 0 0 0 0 0.2 0 0 0.2 0.4 0 0 0 0 0.4 0 0 0 13.200000000000001 0 0.6000000000000001 0 0 0 0 0 0.6000000000000001 0 1 0 0.4 0.6000000000000001 0.6000000000000001 0 0 0 0 0 0 1.4000000000000001 0 0.4 0 0 0 0 0.4 0 0.4 0 0 4.2 3 4 2 0 0 3.4000000000000004 5.6000000000000005 2.6 2.4000000000000004 8.8 6.6000000000000005 2.8000000000000003 4.2 11.4 1.4000000000000001 3.2 2 2.4000000000000004 1.6 0 0 0 0 0 0 0 0 0.4 0 0 0 0 0 0 0 0 4 0.2 1.6 0 0 0 0 0 0.2 0 2 0 0 0 0.2 0 0 0 0 0 0 0 0 0 0 0.2 0 0 0 1.4000000000000001 0 0 0 0 0 0 0 0 0 0 0 0 0 0.6000000000000001 2.8000000000000003 5.4 0 1.4000000000000001 0.2 8.4 0 2.4000000000000004 0.2 0.6000000000000001 1.8 2.8000000000000003 5.4 2 0 0 2 3.2 8 0 0 0 0 0 0 0 0 0 0 0 0.4 0 0 0 0 0 0 0 0 0 0 0 0 0 0 0 0 0 0 0 0 0 0 0 0 0 0 0 0 0 0 0 0 0 0 0 2.2 0 0 0 0 0 0 0 0 0.4 0 0 0 0 0 0 0 0 0 0.4 0 0.4 0 0 1.4000000000000001 0 0 0 0 0.2 0 0 0 0 0 0 0 0 0 0 0 0 0 0 0 0 0 0 3.8000000000000003 0 0 0 0 0 0 0 0 0 0 0 0 0 0 
 91 36.2 84.2 36.2 18.2 27 57.6 0 98.4 66.4 47.400000000000006 9.4 30.8 52.400000000000006 93.80000000000001 54.800000000000004 77.60000000000001 17.2 10 21.6 0 0 0.4 0.6000000000000001 0.4 0.4 0.2 0.6000000000000001 0 0.2 0.2 0 0 0 14.4 1 0 0.2 0.4 0 0 0 1.4000000000000001 0.4 1.4000000000000001 0 0 0.4 0 0.6000000000000001 0 1 0 4.4 0 0.6000000000000001 0 0.4 0.2 0.4 0.6000000000000001 0.6000000000000001 0 3.2 0 0 0 0.4 0 0 0 0 0 0 0 0.6000000000000001 1.4000000000000001 0.4 0.2 0 2.6 0 6.2 6.4 0 0 6.800000000000001 17 2.4000000000000004 3 6 2.8000000000000003 0.4 0 5.6000000000000005 6.800000000000001 4.800000000000001 3.8000000000000003 0 1.4000000000000001 3.2 0.6000000000000001 0 0 0 0 0 0 0 0 0 0 0.4 0 0 0 0 0 6 0 0 0 0 0 0 0 0 0 0 0 0 0 0 0 0 0 0 0 0 0 0 0 0 0 0 0 0 0 0 0 0 0 0 0 0 0 0 0 0 1.2000000000000002 0 0 1.8 2.8000000000000003 4.2 0 2.2 2.8000000000000003 13.4 0.2 0.8 2 1.6 2.6 1.4000000000000001 3.4000000000000004 4.2 0.8 0 0 0.2 0 0 0 0 1.6 0.4 0 0 0 0 0 0 0 0 0 0 0 0 3.6 0 0 0 0.4 0 0 0 0 0 0 0 0 0 0 0 0 0 0 0 0 0 0 0 0 0 0 0 2.6 0 0 0.8 0 0 0 0 0 0 0 0 0 0 3.2 0 0 0 0 18.2 0 0.2 0 0 4 0 0 0 0 0 0 0 0 0 0 0 0 0 0 0 0 0 4 0 0 0 0 0 3 0 3.8000000000000003 0 0 0 0 0 0 0 0 0 0 0 0 
 26.400000000000002 42.400000000000006 29.400000000000002 26.6 98.2 28 34.6 98.4 0 83.60000000000001 41.400000000000006 43.800000000000004 18.8 22 37.6 46.400000000000006 56.6 9.200000000000001 37.800000000000004 69.8 0.6000000000000001 0.6000000000000001 1 0.6000000000000001 0.6000000000000001 0.8 0 0.6000000000000001 0 0.4 0 0 0 0.4 0.4 0 0.4 0.6000000000000001 0.4 15.200000000000001 0 0.6000000000000001 0.4 1 0 0 0 0.6000000000000001 1.2000000000000002 1 0 0 0 0 0.4 0.6000000000000001 10.8 0.4 0 0.4 0.6000000000000001 1 0 0 0 0 0 0 0 0 0 0 0 0 0 0.8 0 0.4 0 0 0 2.4000000000000004 2.8000000000000003 0 3.6 4.2 3.4000000000000004 4 4.2 5.2 11.600000000000001 0 0 0 0.4 2.6 4.800000000000001 4 0 0.2 3.4000000000000004 4 0 0 0 0.4 4.2 4 0 0 0 0 1.8 0 0 0 0.2 0 0 3.6 0 0 0 0 0 0 0 0 0 0 0 0 0 0 1.8 0 0 0 0 0 0 0.4 0 0 0 3.6 0 0 0 0 0 0 0 0 0 0 0 0 0 0 0 2.4000000000000004 10.8 3.4000000000000004 2.6 2.8000000000000003 3 0 0 1.2000000000000002 11.200000000000001 6 2 1 1 3.8000000000000003 3 0.2 0 0 4.4 0.2 0 0 0 0 4.2 2.4000000000000004 0 3.2 0 0 0 2.2 0.2 0 0 0 3.4000000000000004 10.200000000000001 0 0 0 0 0 0 0 0 0 0.2 0 0 0 0 0 0 0 0 0 0 0 7 0 0 0 0 0 0 0 0 0 0 0 0 0 0 0 0 0.4 0 0 0 0 0 0 0.4 0.6000000000000001 0.4 0.2 0 0.4 2.2 17.6 0 0 0.2 0 0 0 0 0 0 6.2 0.4 0 0 0 0 0 0 0 0 0 0 0 6.2 1 0 0 0 0 0 0 0 0 0 0 0 0 0 
 15.8 27.200000000000003 7.2 58.2 31.400000000000002 45.6 45.6 66.4 83.60000000000001 0 48.400000000000006 8.6 7.6000000000000005 78 80.60000000000001 31.200000000000003 14 31.8 73.2 16.400000000000002 0 0 0.8 0.6000000000000001 0 0 0 0.6000000000000001 0 0.6000000000000001 0 0 4.6000000000000005 0 0 0 0 0.2 15.200000000000001 3.6 0 0 0 0.6000000000000001 0 0 0 0 12.600000000000001 0.6000000000000001 0 0 0 0 0 0.6000000000000001 0 0.4 0 0.4 0.6000000000000001 0.6000000000000001 0 0 0 0 0 0 0 9 0 0 0 0 0 0.6000000000000001 0 0.4 7 0 0 1.8 0 0 2.2 4.2 2.2 11.200000000000001 3.4000000000000004 13.200000000000001 12.4 2.8000000000000003 0 0 2 2.8000000000000003 5.4 1.8 0 0 15.8 4.2 0 0 0 0 4 2.2 0 0 0 0 6.800000000000001 0.6000000000000001 0 0 0 0 0.2 2 0 0 0 0 0 0 0 0 0 0 0 0 0 0 0 0 0 0 0 0 0 0 0 0 0 1 0 0 0 0 0 0 0 0 0 0 0 0 0 0 0 0 4.2 5.4 2.8000000000000003 2.4000000000000004 1.8 0 2 0 1.4000000000000001 4.4 1.2000000000000002 2.8000000000000003 2 0 2 0 0 0 7.6000000000000005 4.6000000000000005 0 0 8.4 0 4 2.4000000000000004 0 0 0 0 0 1.8 0 1.8 0 0 0 3.4000000000000004 0 0 0 0 0 0 0 0 0 0 0 0 0 0 0 0 0 0 0 0 0 4.800000000000001 0 0 0 0 0 0 0 0 0 0 0 0 3.6 3 0 0 0 0 0 0 0 0 0 0 0.4 0 0.4 0.4 0 2.4000000000000004 0 0.2 0 0 0 0 0 0 0 0 0 0 0 0 0 0 0 0 0 0 0 0 0 6.2 0 0 0 0 0 0 0 0 0 0 0 0 0 0 
 18 49.6 44.2 43.6 99.80000000000001 27.200000000000003 25.6 47.400000000000006 41.400000000000006 48.400000000000006 0 26.200000000000003 3.8000000000000003 25.400000000000002 37.800000000000004 28.200000000000003 57 17.2 13.4 10.8 0 0.6000000000000001 0.6000000000000001 0.6000000000000001 0.2 0.2 0 0.6000000000000001 0 1 0 0 0.2 14.8 0 0.2 0 0.4 15.200000000000001 0 0 0 1.2000000000000002 0.6000000000000001 0 0 0 0 0 0.6000000000000001 0 1 0 0 0 0.6000000000000001 0 0.4 0 0.4 0.6000000000000001 2.4000000000000004 0.4 0 0 0 0 0 0 0 6.6000000000000005 7.800000000000001 0 0 0 0.6000000000000001 0 0.4 0 0 0 0 0.2 1.8 2.2 3.4000000000000004 0 2.8000000000000003 10.4 4.6000000000000005 3.2 6.2 0 0 0 5.800000000000001 3.2 5.6000000000000005 0 2.6 0 1.4000000000000001 0 0 0 0 4 0 0 0 0 0 0 0 2.4000000000000004 0.2 0 0 4.4 0.2 2.6 0 0 0 0 0 0 0.2 2 0 0 5.6000000000000005 0 0.4 0 0 0 0 0.4 0 0 0 0 0 0 0 0 0.2 0 0 0 0 0 1.4000000000000001 0 0 0 0.2 0 0 0 0 3 1.4000000000000001 3.6 2.6 0 8.200000000000001 0.8 0 0 0.2 0.2 0 3.6 0 4.800000000000001 5.2 0 0 3.6 1.6 2.2 0 0 0 1.6 1.4000000000000001 0 0 0 0 0 0 0 0 0 1.2000000000000002 0 6.4 0 0 0 0 0 0 0 0 0 0 0 0 0 0 0 0 0 0 0 0 0 0 0 0 0 0 0 2.6 0 0.4 0 0 0.2 0 0 0 0 0 0 0 0 2.2 0 0 0 0.4 27.400000000000002 0 17.400000000000002 0.2 0 3.6 0.2 0 0.2 0 0 0 0 0 0 0 0.2 0 0 0 0 0 0 0 0 0 0 0 0 0 0 0 0 0 0 0 0 0 0 0 0 0 0 0 
 47.800000000000004 75.4 7.4 26.6 89.60000000000001 48.800000000000004 6.800000000000001 9.4 43.800000000000004 8.6 26.200000000000003 0 6.2 5.6000000000000005 7 3.6 15.8 36 9.600000000000001 6.2 0.2 14.600000000000001 0.4 0.6000000000000001 0 0 0.4 17.400000000000002 0.2 0 0 0.6000000000000001 0.8 0 15 0 0.4 0.4 25.200000000000003 20 0 0 0.6000000000000001 0.4 0.4 0.4 0 0 0 0.6000000000000001 0 0 0 12.200000000000001 0 1 0 0.4 0 0.4 1 0.6000000000000001 0 0 0.6000000000000001 0 0 0 0.6000000000000001 1 0.4 0.6000000000000001 0 7 0 0.4 0 0.6000000000000001 0 0.4 0 0 0 0 7.2 6 0 0 2.2 2.6 4.4 0 0 0 0 0.2 0 0 0 0 7.800000000000001 0.2 1.8 3.8000000000000003 0 0 2.2 1.6 6 0 0 0 8.200000000000001 0.2 0 3 7 0 1.4000000000000001 5.2 0 0 0 0 0 0 0 0 0 0 1.4000000000000001 0 0 0 0 0 0 0 0 0 0 0.4 0 0 0 0 0 0 0 0.4 2.6 0 0 0 0 0 0 0 0 0 0 0 0.8 1.8 3 3.2 0 0 0 0 1.2000000000000002 3.4000000000000004 0 0 0 1 1.8 0 0 0 2 6.6000000000000005 0 0 0 0 2.8000000000000003 0 0 0 0.4 2 2.2 2.2 3.6 7.6000000000000005 0 0 1.8 12.4 0 0 0.2 0 0 0 0 0 0 0 0 0.4 0 0 0 0 0 0 0 0 0 0.4 0 0.2 0 0 0 0 0 0 0 0 0 0 0 0 0 0 0 0 0 0 0 0 0 0.4 0.4 0 9.4 17.400000000000002 0 1.6 0.4 0 0 0 0 0 0 0 0 0 0 0 0 0 0 0 0 0 0 0 0 0 0 0 0 0 0 0 0 0 0 0 0 0 0 0 0 0 
 7.2 7 31.200000000000003 13.4 14 5.4 9 30.8 18.8 7.6000000000000005 3.8000000000000003 6.2 0 52.400000000000006 50.400000000000006 31.400000000000002 24.400000000000002 23.8 37.4 37.4 0 0 0.4 1 0 0.6000000000000001 0.4 0.6000000000000001 0 15.4 0 0.4 0 0 0 0 0 0.6000000000000001 0.6000000000000001 0 0 0 0 0.4 0 0 0 0 0 0.6000000000000001 0 0 0 0 0 0.6000000000000001 0 0.4 0 0.4 0.6000000000000001 0.6000000000000001 0 0 0 0 0.4 0 0 0 0.6000000000000001 0 0 0 0 0.4 0 0.4 0 0 4 2 3 0 0 0 2.8000000000000003 0.4 0 1.8 0 3 12 5.4 0 3 3.8000000000000003 0.2 11 0 0 0 0 0 0 1.6 0 0 0 0 0 0 0 0 0 0 0 0 1.8 0 0 0 2 0 0 0 0 0 0 0 0 0 0 0.4 0 1.6 0 0.4 0 0 0 0 0 0 0 0 0 0 1.8 0 0 0 0 0 0.8 0 0 1.4000000000000001 0 0.6000000000000001 2.4000000000000004 0 0 0.2 0 0 0 0.4 2.8000000000000003 3 1.2000000000000002 2.2 0 3.4000000000000004 2.2 5.2 1.8 0.2 0.8 2.2 3.2 0 0 1.6 0 1.6 0 0 0 0.2 0 0 0 0 0 1.2000000000000002 0 1.8 0 0 1.4000000000000001 0 0 0 0 0 0 0 0 0 0 0 0.8 0 0 0 0 0 0 0 0 0 0 0 0 0 0 0 0 0 0 0 0 0 0 0 0 0 0 0 0 0 0 0 0 0.2 0 0.8 0 0 0.4 2.6 0 0 0.2 0 0 0.4 0 0 0 0 0 0 0 0 0 0 0 0 0 0 0 0 0 0 0 2.6 0 0 0 0 0 0 0 0 0 0 0 0 
 46 8.4 45 14.8 16.400000000000002 23 33.6 52.400000000000006 22 78 25.400000000000002 5.6000000000000005 52.400000000000006 0 38 66.8 44.2 23.200000000000003 44.2 41.2 0 14.600000000000001 0.6000000000000001 0.6000000000000001 0.2 41 0 0.6000000000000001 0 0.2 0.2 0 0 0 40.6 0 0 0.2 0.4 0 0 0 0 0.6000000000000001 0 0 0 0 0 0.6000000000000001 0 0.2 0 0 0 0.6000000000000001 0 0.4 0 0.8 0.6000000000000001 0.6000000000000001 0 0 0 0 0.2 0 0.6000000000000001 0 0 0.4 0.2 0 0 0.6000000000000001 0 0.4 0 0 5.4 3.2 0.2 5.2 2 0 5 0.2 5.4 0.4 1.6 5.2 0.2 1.2000000000000002 2.8000000000000003 8.4 0.4 3.2 0.2 1.4000000000000001 0 0 0 0 0 0 0 0.6000000000000001 0 0 0 0 0 0 0 0 0 0 0 2 0 0 0 0 0 0 0 0.2 0 0 0 0 0 0 0 0 0 0 0 0 0 0.4 0 0 0 4.2 0 0 0 0 0 0 0 0 0 0 0 0 0 0 6.800000000000001 0 3.6 0 3 0 0 0 0 0.2 0.2 2.4000000000000004 0 2 2.2 7 0 2 2 0 0 0 0 0 0.4 0 0 0.4 0 0 0 0 0 0 0 0 0 0 0.2 0 0 0 0 0 0.2 0 0 0.2 0 0.4 0 5 0 0 0 0 0 0 0 0 0.2 0 0 0 0 0 0 2.2 0 0 0 0 0 0 0.4 0 0 0 0 0 0 0.4 0 0 0 17.400000000000002 0 0 0.8 0.2 0 2.4000000000000004 0 0 0 0 0 0 0 0 0 0 0 0 0 0 0 0 0 0 0 0 0 0 0 2.2 0.4 4 0 0 0 0 0 0 0 0 0 0 0 0 
 25.6 21.6 11 13 14.600000000000001 13.600000000000001 48.400000000000006 93.80000000000001 37.6 80.60000000000001 37.800000000000004 7 50.400000000000006 38 0 20.6 24 21.8 13.4 40.400000000000006 0 0 16.2 1 0.2 0.2 0 1.4000000000000001 0 0.2 0 0 0 0 0 0 0 1 0.4 0 0 0 1.2000000000000002 0.6000000000000001 0 0 0.2 0.8 0 12.600000000000001 0 0.8 0 0.8 0 0.6000000000000001 13 0.4 0 0.4 0.6000000000000001 0.6000000000000001 0 0 0 0 5.800000000000001 0 0 0 0 0 0 0 0 0.6000000000000001 0 0.4 0 0 2.4000000000000004 1.8 5.2 13.600000000000001 2.2 0 3 7.6000000000000005 5.6000000000000005 0 0 0 2.4000000000000004 3 3 6 0 3.8000000000000003 2.6 1.2000000000000002 0 0 0 0 0 0 0 3.8000000000000003 0 0 0 0 0.2 0 0 0 0 0 2 0 0 0 0 0 0.4 1 0 0 0.2 0.2 0 0 0.4 0 0 0 0 0.2 0 0 0 0 0 0 0 1 0 0 0 0 0 0 0 0 0 0 0 0 0 0 0 2 3.6 1.6 4.4 0 0 0 4.800000000000001 3.6 2.4000000000000004 2 1.2000000000000002 0 0 12.600000000000001 2.2 0 5 0 0 0 0 0 0 0 1.6 0 0 0.4 0 0 0 0 0 0 0 0.2 0 0.2 0 0 0 0 0 0 0 0 0 0 0 0 0 0 0 0 0.2 1.8 0 0 0 0 0 0 0 0 0 0 0 0 0 0 0 0 7.800000000000001 0.4 0 0 0 0 0 2.8000000000000003 0 0 0 0 17.400000000000002 0 0.8 0 3.6 3.2 0 0 0 3.2 0 0 0 0 0 0 2.6 0 0 0 0 0 0 0 0 0 0 0 0 2 2.2 3 0 0 0 0 0 0 0 0 0 0 0 0 
 44.800000000000004 51 9.8 30.6 21 30.8 22.400000000000002 54.800000000000004 46.400000000000006 31.200000000000003 28.200000000000003 3.6 31.400000000000002 66.8 20.6 0 14.600000000000001 40 21.6 119.60000000000001 0 0 1.4000000000000001 0.8 0 0.4 0.6000000000000001 0.6000000000000001 0 0.2 0.6000000000000001 0.8 0.4 0 0 0 0 0.2 0.4 0 0 0.6000000000000001 0 0.4 0 0 0.4 0 0 0.6000000000000001 0.4 0 0 0 0 14 0.6000000000000001 0.4 0 0.4 0.6000000000000001 0.6000000000000001 0.6000000000000001 0.6000000000000001 0 0 0 0 0 0 0.4 0 0 0 0 0.4 1.2000000000000002 1 6.6000000000000005 0 2.2 3 3.6 3 3.2 0 10 3.6 2.6 12.200000000000001 6.4 3 1.4000000000000001 0 5.4 5 8.6 5.2 0 5.4 6.800000000000001 0 0 0 0 0.8 0 0 0 0 0 0 0 0 0 0 0 0 2 1.6 0 0 0 0 0 0 0 0 0 0.2 0 0 0 0 0 0 0.4 0 0 0 0 0 0 0.2 0 0 0 0 0 0 0 0 0 0 0 0 0 0 0 2.2 5.4 1.4000000000000001 3.2 0.2 1.4000000000000001 0 2 0 3.8000000000000003 2.8000000000000003 4.6000000000000005 3.8000000000000003 4.800000000000001 11.600000000000001 3.2 3.2 1.8 2 0 0.6000000000000001 1.2000000000000002 0 0 0.4 0 0 0 0 0 0 0 0 0 0 0 0 0.2 0 0 2.8000000000000003 0 0 0 0 0 0 0.2 0 0.4 0 0 0 0 0 0 0 0 0 0.4 0 0 0 0 0 0 0 0 1.8 0 0 0 0 0 0 0 0 0 0 0 0 0 0 0 0 0 0 0 0 0 0.2 0 1 0 0 0 0 0 0 0 0 0 0 0 0 0 0 0 0 0 0 0 0 0 0.4 0 2.8000000000000003 0 2.8000000000000003 0 0 0 0 0 0 0 0 0 2.8000000000000003 0 0 
 67.4 7.800000000000001 17.6 37 10 14 66.60000000000001 77.60000000000001 56.6 14 57 15.8 24.400000000000002 44.2 24 14.600000000000001 0 37 9.200000000000001 109 1.2000000000000002 0 0.6000000000000001 20.200000000000003 1.4000000000000001 0.6000000000000001 0 0.6000000000000001 0 0.4 0.8 0 1.2000000000000002 0 0 0 0 0.4 12.4 14.600000000000001 0 0 0 1.2000000000000002 0.4 0.4 0 0.4 0 0.6000000000000001 0.6000000000000001 0 0 0 0.4 0.8 0.6000000000000001 0.8 0 0.4 0.6000000000000001 1.2000000000000002 0.6000000000000001 0.6000000000000001 0 0.4 0.2 0 0 0 0 0 1.8 0 0.4 0.6000000000000001 0.4 0.8 0 0 5.4 0 5.6000000000000005 2.6 0 0.2 1 3.6 2.4000000000000004 4 0 10.4 0 7.4 0.2 7.2 0.2 2.2 1.8 0.2 0 1.8 0 0 0 0 2.6 0.2 0 0 0 0 2 0 0.8 0 0 0 2.8000000000000003 0 0 0 0 0 0 0 0 0 0 0 0 0 0 0 0 0 0 0 0 0 0 0.8 0 0 0 0 0 2.8000000000000003 3.8000000000000003 1 0 0 0 0.8 0 0.2 0 0 0 0 0 2.8000000000000003 0 8 0 2 0 3 3.2 0.2 2.2 0 1.4000000000000001 0 0.2 2.8000000000000003 2 1.8 0 0 1.4000000000000001 2.8000000000000003 0 0 0 4 2.6 1.8 0 0.2 0 0 2.2 1.6 0 0 0 0.4 0 4.800000000000001 0 0 0 0 0 0 0 0 0 0 0 0 0 0 0 0 0 0.6000000000000001 0 0 0 1.4000000000000001 0 0 0 0 0 0.2 0 0 0 0 0 0 0 0.2 0 0 0 0 0 0 0 0 0 0.2 1.4000000000000001 0 0.4 18.6 0.8 3.8000000000000003 0 0 0 0 0 0 0 0 0 0 0 0 0 0 0 0 0 0 0 0 0 0.6000000000000001 0 0 0 0 0 0 0 0 0 0 0 0 0 0 0 0 
 21.8 7.2 45 49.6 67 51 24.6 17.2 9.200000000000001 31.8 17.2 36 23.8 23.200000000000003 21.8 40 37 0 5.6000000000000005 5.800000000000001 0 0 0.6000000000000001 0.6000000000000001 0 0 0 0.8 0 0.2 0 0 12 0 0 0 0.2 0.2 13 14.600000000000001 0 0 0 0.6000000000000001 0 0 0 0 0 0.6000000000000001 0 0 0 0 0 0.6000000000000001 0 0.4 0 0.4 0.6000000000000001 2 0 0 0 0 0 0 0 0 0 0 0 0 0 0.6000000000000001 0 0.4 0 0 7.800000000000001 0 4.6000000000000005 1.4000000000000001 0 5 3.4000000000000004 3.8000000000000003 4.4 0.2 3 0.2 0 0 2.6 4.2 2.6 2.8000000000000003 1.6 1.8 3.8000000000000003 2.8000000000000003 0 0 0 0 9.200000000000001 2 0 0 0 0 7.2 2.4000000000000004 0 0 0 0.2 5.4 2.8000000000000003 0 0 0 0 0 0 0 0 0 0 0 0 0 0 0 0 0 0 0 0 0 0 0 0 0 0 0 0 0 0 0 0 0 0 0 0 0 0 0 0.8 2.6 0 10.200000000000001 7.800000000000001 0 0 0 2.8000000000000003 14.200000000000001 1.6 3.8000000000000003 0.2 0 0 1.4000000000000001 0 4.4 8.200000000000001 4.4 0 10.4 3 0 0 0 0 6.6000000000000005 1.6 0 1.8 6 0 2.2 0 0 1 0 0 0 0 0 0 0 0 0 0 0 0 0 0 0.4 0 0 0 0 0 0 0 0 0 0 3 0 0 0 0 0 0 0 0 0 0 2 0 0 0 0 0 0 0 0 0 0 0 0 0.6000000000000001 0.2 0.4 0 17.400000000000002 0 1.6 0 0 0 0 0 0 0 0 0 0 1.4000000000000001 0 0 0 0 0 0 0 0 0 0 0 0 0 0 0.4 0 0 0 0 0 0 0 0 0 0 0 0 
 68 28.8 27.400000000000002 17.2 49.800000000000004 53.6 26.6 10 37.800000000000004 73.2 13.4 9.600000000000001 37.4 44.2 13.4 21.6 9.200000000000001 5.6000000000000005 0 87.2 0 0 0.6000000000000001 0.6000000000000001 0 0.4 0 0.6000000000000001 0.4 0.4 0 0 0 0 0 0 0 0.4 0.4 0 0 0 0 0.4 0 0 0 0 0 0.6000000000000001 0 0 0 0 0 0.6000000000000001 0 0.4 0 0.4 0.6000000000000001 0.6000000000000001 0 0 0 0 0 0 6.2 0 0 0 0 0 0 0.6000000000000001 0 0.4 0 0 0.6000000000000001 3.4000000000000004 0.4 1.8 2.8000000000000003 0 0.2 1 0 2.4000000000000004 0 0 6.2 11.200000000000001 1 6.6000000000000005 2.4000000000000004 4 5.2 5.6000000000000005 0 0 0 0 0.4 0 0 0 0 0 0.4 0 0 0 0 0 0 0 0 0 0 0.2 0.4 0 0 0 0 0 0 0 0 0.2 0 0 0 0 0 0 0 0 0 0 0 0 0 0 0 0 0 0 0 0 0 0 0 0 0 0 0 0 7.2 4.4 0.4 0 0 0 3.4000000000000004 0.2 0 0 1.8 0 2 5.2 2.2 2.6 2.2 3.2 4.4 3.6 0 0 0 0 0 0 0 0 0 0 0 0 0 0 0 0 0 0 0.2 0 0 0 0 0 0 0 0 0 0 0 0 0 0 0 0.2 0 0 0 0 0 0 0 0 0 0 0 0 0 0 0 0 0 0 0 0 0 0 0 0 0 0 0 0 0 0 0.2 0 0 0 0 0 0.8 0 0 0 0 0 0 0 0 0 0 0 0 0 0 0 0 0 0 0 6 0 0 0 0 0 0 0 0 0 0 0 0 0 0 0 0 0 0 
 50.6 52.2 56 62.800000000000004 19.8 10.4 86 21.6 69.8 16.400000000000002 10.8 6.2 37.4 41.2 40.400000000000006 119.60000000000001 109 5.800000000000001 87.2 0 0 0 0.4 0.6000000000000001 0 0.2 0 0.6000000000000001 0 0.4 0 0 0 0 0 0 14.600000000000001 0.4 0.4 0 0 0 0 0.4 0 0 0 0 0 0.6000000000000001 0 0 0 0 0 1.2000000000000002 0 0.4 0 0.4 0.6000000000000001 0.6000000000000001 0 0 0 0 0.6000000000000001 0 0 0 0 0 0 0 0 0.4 0 0.6000000000000001 0 0 16.400000000000002 2.6 8.200000000000001 0 0 0 9.200000000000001 6.4 0 0 0 0.4 6.2 9.8 11.4 4.6000000000000005 0 0 6.800000000000001 1.8 0 0 0 0 0 0 0 0 0 0 0 0 0 0 0 0 0 0 0 0 0 0 0 0 3.8000000000000003 0 0 0.2 0 0 0 0 0 0 0 0 0 0 0 0 0 0 0 0 0 0 0 0 0 0 0.2 0 0 0 0 0 5.2 0 0.4 0 2.2 3 5.4 3.8000000000000003 0.4 0 7 0 3 0 0 0 2.8000000000000003 3.8000000000000003 0 0 0 0.2 3.8000000000000003 8.6 0 0 0 0 0 0 0 0 0 1.8 0 0 0 0 0 0 0 0 0 0 0.4 0 0 0 0 0 0 0 0 0 0 0 0.2 0 0 0 0 0 0 0 0 0 0 0 0 0 0 0 0 0 2.4000000000000004 0 0 0 0 0 0 0 0 0 0 0 0 0 0 0 0 0 0.2 0 0.2 4.800000000000001 0 0 0 0 0 0 0 0 0.2 0 0 0 0 0 0 0 0 0 0 0 0 0 0 0 0 0 0 0 0 0 0 0 0 0 0 0 0 0 
 0.4 0 0 0 14.8 14.4 0 0 0.6000000000000001 0 0 0.2 0 0 0 0 1.2000000000000002 0 0 0 0 56.400000000000006 32.6 29 9.200000000000001 7.4 24.400000000000002 43.400000000000006 35.6 27.8 23.6 3.2 34 37.800000000000004 45.800000000000004 25.6 21 21.400000000000002 22.8 63.400000000000006 1.2000000000000002 40.6 0.4 0 0 14.8 0 0.4 0.6000000000000001 0.2 0 12.8 0.6000000000000001 0.2 0 0 0 0 0 0 0 0 0.6000000000000001 0 0 0 0 0 0 0 9.4 0 0.4 0 0 0 0 0.6000000000000001 0 0 0 0 0 0 0.4 0 0 0 0 0 1.2000000000000002 0 0 0 0 0 0 0 0 0 7.6000000000000005 6.4 3.2 7.2 0 2.2 0 3.2 5.800000000000001 0 0 2.4000000000000004 0 2.2 2.8000000000000003 9.4 2.6 1.4000000000000001 1.4000000000000001 1.8 0 0 0 0 0 0 0 0 0 0 0 0 0 0 1.8 0 0 0 0 3.4000000000000004 0 0 1 0 0 0 0 0 0.2 0 0 0 2.4000000000000004 0 0 0 0 0 1 0 0 3.4000000000000004 0 0 2.4000000000000004 0 0 3.4000000000000004 0 0 0 1 0 0 0 0 0 0 0 3.6 0 1.4000000000000001 2 0 0 0 3.4000000000000004 1.8 1.8 1.4000000000000001 5 4.4 2.2 0.2 5 3.8000000000000003 8 2 5 2.8000000000000003 0 0 0 0 0 0 0 0 0 0 0 0 0 0 0 0 0 0 0 0 0 0 0 0 0 0 0 0 0 0 0 0 0 0 0 0 0 0 0 0 0 0 0 0 0 0 0 0 2.6 0 0 0 0 0 1 0 0 0 15.200000000000001 0.2 0.6000000000000001 0 0 0 0 0 2.6 0 0 0 0 0 0 0 0 0 0 0 0 0 0 0 0 0 0 0 0 0 0 0 
 1.2000000000000002 0.4 0 0.4 14.600000000000001 0 0 0 0.6000000000000001 0 0.6000000000000001 14.600000000000001 0 14.600000000000001 0 0 0 0 0 0 56.400000000000006 0 36.2 87 17 7.800000000000001 33 34 25.6 17.2 6.800000000000001 6 23.8 45 12.8 24.6 42.400000000000006 5.6000000000000005 30.6 38.2 0.6000000000000001 0 0.4 0.4 0.4 18.2 0 0.4 0.6000000000000001 0.4 0 12.8 1.2000000000000002 0.4 0.2 0.4 0 0.8 13.600000000000001 0.2 0 0 1 0 0 0 0 0.8 0.2 0 0 0.2 0.6000000000000001 0 0 1 0.8 0.6000000000000001 0.4 0.6000000000000001 0 0 0 0 2.4000000000000004 0 0 0 0.2 0 2 0 0 0 0 0.4 0 0 0 0 2.6 6.2 3.8000000000000003 2.4000000000000004 5.6000000000000005 0.6000000000000001 1.4000000000000001 0 5.6000000000000005 7.2 0 6.4 0 11.8 1.8 3.8000000000000003 4.800000000000001 8.200000000000001 4.6000000000000005 3 0 0 0.2 0 0 0 0 0 0 0 0 0 0 0 0.4 0 0 0 0 0 0 5.2 0 0 0 0 0 1 0 2.8000000000000003 0 0 0.4 1 0 0.8 0.2 0 0 0 0 0.4 0 0 0 0 0 0 0 0 0 1.6 0 0 0 0 0.4 0 0 2.8000000000000003 6 2.8000000000000003 0 5.6000000000000005 0.2 0 4.2 2.6 3.8000000000000003 0.8 2.6 0.2 0.2 3.4000000000000004 15.200000000000001 2.2 2.4000000000000004 3 3.6 3.2 0 0 0 0 0 0 3 0 0 0 0 0 0 0 0 0 0 0 0 6.800000000000001 0 0 0 0 0.2 0.4 0 0 0 0.4 0 0 5.800000000000001 0 0 0 0 0 0 0 0 0 0 0 0 0 0 0 15.200000000000001 0 0 0 0 0 3 0 0.4 0 19.6 0 3.8000000000000003 0 0 0 0 0 0 0 0 0 0 0 0 0 0 0 0 0 0 0 0 2 0 0 0 0 0.6000000000000001 0 0 0 
 1.8 0.6000000000000001 1 0.8 0.6000000000000001 0 0.4 0.4 1 0.8 0.6000000000000001 0.4 0.4 0.6000000000000001 16.2 1.4000000000000001 0.6000000000000001 0.6000000000000001 0.6000000000000001 0.4 32.6 36.2 0 23.400000000000002 9.200000000000001 9.600000000000001 8.4 59.2 43.400000000000006 76.2 24 11.4 12.600000000000001 7.4 25.8 45 28.200000000000003 29.6 5.800000000000001 22.8 0.6000000000000001 0 0.4 0 0 0 0.2 0.4 0.6000000000000001 0.2 0 0 2.2 0.2 0 0 1.8 0 0 4.6000000000000005 0 0 0.6000000000000001 0 0 0 0 0 0 0 0 0 10.600000000000001 0 0 0 0.2 0.6000000000000001 0 0 0 0 0.4 0 2.2 0 0.2 0 0 0.2 2.2 0 0 0 0 0 0 0.4 0 0 2.2 4.800000000000001 1 3 3.6 3.6 0 2 6.6000000000000005 0 3.8000000000000003 0 0 1.8 0 8 2.2 4 4.2 0 0 3.2 0 0 0 0 3.2 0 0 0 0 0 0 1.2000000000000002 0 0 0 3.2 0 0 0 0 0.2 0 0 0 0 0 0 0 0 0 3 0 0 0.2 0 1.2000000000000002 0 0.2 0.4 0 0 2.8000000000000003 0 0 0 0 0 0 0 0.4 0 0 1.6 0 0 1.6 0 0 0 7.4 0 0 1.6 0 6.6000000000000005 0.8 2.4000000000000004 2 2 2.4000000000000004 5.4 0 5.800000000000001 0 7 0 0 0 0 0 0 0 0 0 1.8 6 3.8000000000000003 0 0 0 8.200000000000001 3.4000000000000004 1 0 0 0.4 12 0 0 3 0 5 0 0 0.2 0 0 0 0 0 0 0 0 0 0 0 0 0 0 0 0 0 0 0 0 0 0.2 0 0 0.2 0 0 2 0 0 0.2 16.400000000000002 0.2 0.4 3.6 21 0 0 0 0 0 0 0 0 0.2 0 0 0 0 0 0 0 0 0 0.2 0 0 0.6000000000000001 0 0 0 0 0 
 0.6000000000000001 0.6000000000000001 28.200000000000003 0.6000000000000001 0.6000000000000001 0 0.6000000000000001 0.6000000000000001 0.6000000000000001 0.6000000000000001 0.6000000000000001 0.6000000000000001 1 0.6000000000000001 1 0.8 20.200000000000003 0.6000000000000001 0.6000000000000001 0.6000000000000001 29 87 23.400000000000002 0 45.2 12.4 9.4 24.400000000000002 13.600000000000001 72.60000000000001 42.800000000000004 56.800000000000004 41.800000000000004 27.6 27.6 10 39 31.200000000000003 101.2 9.200000000000001 0.6000000000000001 0 0.4 0.4 1 0 1.6 1 0.6000000000000001 0.2 0.6000000000000001 0.2 13.600000000000001 0.2 6.2 0.6000000000000001 2.2 0 6.4 0 0 0 0.6000000000000001 0 0.2 0 0 0.8 0 0.4 0 2 0.4 0.4 0 3.2 0 1 0.8 0 0 0 0 0 0 0 0 0 0 0.2 0 0 0 0 0 0 0.4 0 0 0 2.6 2.8000000000000003 4.6000000000000005 2.6 2.4000000000000004 0.4 0 0 0.2 4.6000000000000005 5.6000000000000005 2.6 0 2 1.8 2.2 0 2.8000000000000003 0 0 0 2.2 1.6 0 0 0 0 0 0 0 1.4000000000000001 10 0 0.6000000000000001 4.4 2 0 0 0 2.2 0 0.8 1 0 0 0 0 0.2 0 2.4000000000000004 0 0 0 0 0 0.2 0 0.2 0.8 0 0 0 0 0 0 0 0 0 0 0 0 3.4000000000000004 0 0 0 0 0 0 0 3.4000000000000004 0 1.6 2 10 0 0 0 2.4000000000000004 0 0 3.2 0 0 0.4 1.8 6.2 3 1.8 0 0 2 0 0 0 0 0 3 2.6 3.4000000000000004 0 0 0 3.2 0 0 0 0 0 0.2 10 0 0 0 0 0 0 0.2 0 0 0 0 0 0 0 0 0 0 0 0 0 0 0 0 0 0 0 0 0 0 0 0 0 0 0 1.6 0 0 8.8 0.2 0.6000000000000001 3 0 0 0 0 0 0 0 0 0 0 0 0 0 0 0 0 0 0 0 0 0 0 0 5.800000000000001 0 1.4000000000000001 0 0 0 
 0 0 0 0 0 0 0 0.4 0.6000000000000001 0 0.2 0 0 0.2 0.2 0 1.4000000000000001 0 0 0 9.200000000000001 17 9.200000000000001 45.2 0 20.8 12.600000000000001 19.6 11.4 26.400000000000002 35.2 51.2 13.600000000000001 10.4 57.6 11.600000000000001 24.400000000000002 10.200000000000001 14.4 72 6.2 12.8 15 0 0 0 20.200000000000003 1.6 0.6000000000000001 0 0 0.2 26.8 0.4 13.200000000000001 0.6000000000000001 2 0 27.6 6.800000000000001 0 0 0.6000000000000001 0 0 0 0 10.4 0 0 0 0.8 0 0 0 1 0 0.2 0 0 0 5 0 0 0 0 0 0 0 0 0 0 0 0 0 0 0 0 0 0 0 0 1.2000000000000002 0.4 1.4000000000000001 2 0 0 0 0.2 3.8000000000000003 0 0 0 0 0 0 6.2 0 0.4 0 5.2 0 1.8 0 0 0.2 0 6.4 0 0 3.6 2 2 1.6 1.6 0 0 8.200000000000001 0 0 0 0 0 0 0 1.4000000000000001 0 0 2.4000000000000004 0.2 3 1.4000000000000001 0 0.8 0 0.4 0 0 0 0 0 0 0 0 0 0 0.6000000000000001 0 0 0 0 0 0 0 0 0 0 0 0 0 10 0.2 2.8000000000000003 6.800000000000001 13.4 0 2.6 0 0 3 2.8000000000000003 0 0 2.4000000000000004 11.200000000000001 0 4 0 0 0.2 0 0 0.2 2.8000000000000003 0 4.6000000000000005 8.4 5 0 0 2.2 1.4000000000000001 0 0.2 0.2 2.4000000000000004 2.8000000000000003 0.2 7.2 2.8000000000000003 0 0 0 0 0 0 0 0 0 0 0 0 0 0 0 0 0 0 0 0 0 0 0 0 0.4 0 0 0 0 0 0 0 0 0 0.2 0.4 15.200000000000001 0 0 0 0 0 0 0 1.6 0 0 0 0 0 0 0 0 0 0 0 0 0 0 0 0 0 0 2.8000000000000003 0.4 1.6 0 0 0.4 
 0.2 0.6000000000000001 0.8 0 0 0 0.6000000000000001 0.4 0.8 0 0.2 0 0.6000000000000001 41 0.2 0.4 0.6000000000000001 0 0.4 0.2 7.4 7.800000000000001 9.600000000000001 12.4 20.8 0 5.2 6 23 19.400000000000002 30.8 18.8 7.4 5.2 14.200000000000001 16.2 13.200000000000001 10 11.4 11.8 16.8 16.6 26.6 13 2 0.8 12.4 12.8 0.6000000000000001 12.4 0.4 0.4 33.2 36.6 14.200000000000001 0.4 0 13.8 12.600000000000001 5 0 0.2 0.6000000000000001 0 0 0 0 0 0 0 0 0 0 0 0 0 0.4 0.2 0 0 0 0 0 0 0 0 0 0 0 0 0 0 0.2 0 0 0 0 0 0 0 0 0 0 0 0 0 0 0 0 2.2 0.2 0.2 0 0 0 0 2.4000000000000004 1.8 0 0 3.4000000000000004 1.6 0.8 5 3 2.6 2.6 3.2 13.600000000000001 2.6 1.2000000000000002 0.2 6.800000000000001 0 6.800000000000001 0 6.2 0 4.800000000000001 1.8 0 0 0 0 0 0.4 0.8 0 0 0 0 1.4000000000000001 0 0 0 0 0.8 0 0 0 2 0 0 0 0 0 0 0.8 0 0 0 0 0 0 0.2 0 0 0 0 0 0 0 0.4 0 6.4 2.6 0 0 0 0 0 2 0 0 0 0 0 0 0 0 0 0.4 2 0 9.4 0 0 10.4 0 0 2.4000000000000004 0.6000000000000001 0.2 0.2 6.800000000000001 2.8000000000000003 2.6 0 0 2 0 0 0 0 0 0 5.6000000000000005 0 0.4 0 0 0 0 0 0 0 0 0 0.6000000000000001 0 0 0 0 0 0 0 0.6000000000000001 0 0 0 0 0 0 0 3.2 0.4 0.4 1.2000000000000002 0 0.2 0.2 1.2000000000000002 0.4 0.4 0 0.8 0 0 0 0 0 0.4 0 0 0 0 0 0 0 0 0 0 0 0 0 0 0 0 0 0 
 0 4 0 14.8 15 0.2 0 0.2 0 0 0 0.4 0.4 0 0 0.6000000000000001 0 0 0 0 24.400000000000002 33 8.4 9.4 12.600000000000001 5.2 0 28 41.2 6.4 9 6 32.2 83.60000000000001 45.800000000000004 8.200000000000001 34.6 42.800000000000004 35.4 25.6 0.6000000000000001 0 18.400000000000002 0 0 2.4000000000000004 0 0.4 0.6000000000000001 0.2 0 0 0.6000000000000001 0.2 0 0 0 0 0 0 0 0 0.6000000000000001 0 0 0.2 0 0 0 1.6 0 0 0.2 0 0 0 0 1 0 0 0 0 0 0 4.6000000000000005 2.8000000000000003 0 0 0 0 0 0 0.2 0 0 0 0 0 0 0 2.8000000000000003 0 4.4 3.8000000000000003 5 0 2 5.6000000000000005 0.2 2.6 2.2 2.8000000000000003 3.6 3.8000000000000003 5.800000000000001 0.2 5.2 2.8000000000000003 2.4000000000000004 3.2 0.2 0 0 0 0 0 0 0 0 0 0 0.2 0 0 0 0 0 0 5.2 0 0 0 0 0 0 0.4 0 0 0 0 0 0 0 0.8 0 1.6 0 0 0 0 0 0 0 0 1.2000000000000002 4 0 0 0 0 0 0 0 0 1.6 0 0 0.6000000000000001 0 0 10.4 0 0.2 5.4 3 13.200000000000001 3.8000000000000003 4.800000000000001 14.8 7.6000000000000005 6.2 0.4 2 3 7.6000000000000005 7.6000000000000005 7.4 5.2 4.800000000000001 0.4 0 0.4 0 0 0 0 0 0 0 0 0 0.4 0.2 0.2 0 0 0 0 3 0 0 2.6 2.4000000000000004 0 0 0 0 0 0.4 0 0 0 0 0 0 0 0 0 0.4 0 0 0 0 0 0 0 0 0 0 16 0 0 0 0 0.6000000000000001 0 0.4 0 18.400000000000002 0 0 0 0 0 0 0 3.2 0 0 0 0 0 0 0 0 0 0 0 0 3.2 0 1.8 0 0 0 0.6000000000000001 0 0 0 0 
 1.2000000000000002 0.6000000000000001 0.6000000000000001 0.6000000000000001 0.6000000000000001 0.2 1.8 0.6000000000000001 0.6000000000000001 0.6000000000000001 0.6000000000000001 17.400000000000002 0.6000000000000001 0.6000000000000001 1.4000000000000001 0.6000000000000001 0.6000000000000001 0.8 0.6000000000000001 0.6000000000000001 43.400000000000006 34 59.2 24.400000000000002 19.6 6 28 0 39.2 10.600000000000001 4.4 6.2 81.60000000000001 43.800000000000004 39.2 23.8 60.6 34.6 60.6 29.400000000000002 0.6000000000000001 0 0.6000000000000001 0.4 0 0 0.4 0.4 0.6000000000000001 3.6 0.6000000000000001 0 1.4000000000000001 0.2 0 0.6000000000000001 0 0 0 0 0 0 0.6000000000000001 0.8 0.4 0 0 0 0 1 0 0 0.4 0 0 0 0.6000000000000001 0.6000000000000001 0 0 0 0 0 0 9.200000000000001 0 0.2 0 0 0 2.4000000000000004 0 0 0 0 0 0.2 0 0 0 4.4 3.2 0 17.2 4.6000000000000005 6 0.2 6.6000000000000005 3.4000000000000004 5.4 3.8000000000000003 0 0 0 3.8000000000000003 6.2 7.4 2.6 3 0 0 0 0 0 0 0 0 0 0 0 0 0 2.2 0.2 0 0 0 0 5.2 0 0 0 0 0 0 0 0 0 0 0 0 0 0.6000000000000001 0 0 0 0 0 0.6000000000000001 0 0 0 0 0 1.4000000000000001 2.6 0 0 0 0 0 0 0 0 1.4000000000000001 0 0 0 0 0 2 0 3 8.4 3 0 5 5.800000000000001 8 3.6 2.8000000000000003 0 2.8000000000000003 8.200000000000001 12.4 4.4 2.2 0 4.2 2.8000000000000003 0 0 0 0 0 0 1.6 6 0.2 0 0 0 0 0 0 0 0 0 4.4 0 0 0 0 0 0 0 0 0 0 0 0 0 0 0 0 0 0 0 0 0 0 0 3.8000000000000003 0 0 0 0 0 15.200000000000001 0.2 0 0 0 0 0.2 0 0 0 17 0 0.6000000000000001 6.800000000000001 0 0 0 0.4 3.8000000000000003 0 0 0 0 0 0 0 0 0 0 0 0 0 0 15 0 0 0.4 0 0 0 0 0 
 0.6000000000000001 0 0 0 0 0 0 0 0 0 0 0.2 0 0 0 0 0 0 0.4 0 35.6 25.6 43.400000000000006 13.600000000000001 11.4 23 41.2 39.2 0 72.60000000000001 7 20.6 18.6 20.8 110 25.8 21.400000000000002 38.800000000000004 40.2 50.2 0.6000000000000001 0 0.4 9.200000000000001 0 1.8 0.4 0.4 0.6000000000000001 0.2 0 0 5.4 0.2 0 0 0 0 0 0 0 0 0.6000000000000001 0 0 0 0 0 0 0 0 0.4 0.2 0 0 0.4 0 0.4 0 0 0 0 0 0 5.2 0 0 0 0 0 0.2 0 0 0 0.2 0 0 0 0 0 0 2.6 4.2 0 4.6000000000000005 0 1.8 6.2 4.2 5.6000000000000005 6.4 1.8 0.2 0 0 3.6 2.4000000000000004 3.4000000000000004 2 3.8000000000000003 4.2 0 0 0 0 0 0 0 0.4 0.8 0 0 0 3.8000000000000003 0.2 0 0 0 0 0 0 0 1 0 0.2 0 0 0 0 0 0 0 2.2 0 0 0 0 0 1.2000000000000002 0 0 0 0 0 0 6.4 0 0 0 0 0 0 0 0 0.6000000000000001 0 0 0 0 0 0 4.4 2 0 0 0 2.4000000000000004 4.6000000000000005 12 0 6.2 2 1.8 13.600000000000001 0 2.6 0.4 2.2 5.6000000000000005 1.8 0.4 0 3.8000000000000003 0 0 0 0.4 0 0 0 0 0 0 0 0 0.6000000000000001 0 0 1.2000000000000002 0 0 0 0 0 0 0 0 0 0 0 0 0 0.2 0 0 0 0 0 0 0 0 0 0 0 0 0 0 0 0 0 0 0 0 0 1.8 0 0.4 17.400000000000002 0.4 0 0.4 0 0.4 0 0 0 0 0 0 0 0 0 0 0 0 0 0 0 0 0 0 4 0 0 0 0 0 0 0 0 
 0.4 0.4 0.4 0.2 0.2 0 0.4 0.2 0.4 0.6000000000000001 1 0 15.4 0.2 0.2 0.2 0.4 0.2 0.4 0.4 27.8 17.2 76.2 72.60000000000001 26.400000000000002 19.400000000000002 6.4 10.600000000000001 72.60000000000001 0 67.60000000000001 11.4 17 11.600000000000001 25.200000000000003 29.6 9.600000000000001 13.4 20.200000000000003 14.8 0.6000000000000001 0 0.4 0 0 0 16.2 0.4 12.8 0.4 0 0 30.400000000000002 13.600000000000001 26.400000000000002 0 0.4 0 12.4 0 0 0 0.6000000000000001 0 0 0 0 0 0 0 0.8 0 0.4 0 0 0 0 0.6000000000000001 0 0.4 0 0 0 0 0 0 0 0 0 0 0 0 0 0 0 0 0 0 0 0 1 0 0 0.8 5.2 2.4000000000000004 0 0 0 4.6000000000000005 0.2 0 0 0 0 0.8 7.800000000000001 0 0 0 4.2 0.2 4 0 0 0 0.2 4.2 5.4 0 0 0 0 0 2.6 2.8000000000000003 0 0 2 5.4 0 0 0 0 0 0 0 0 0 0 0 0 0 0 0 1.2000000000000002 0 0 0 0 0 0 2.6 0 0 0 0 0.2 0 0 0 2.6 0 0 0 0 1.4000000000000001 0 0 0 1.4000000000000001 0 3.8000000000000003 4 5.800000000000001 2.6 3.8000000000000003 0 0 0 0 0 0 0 4.6000000000000005 1.6 4.4 4 0 0 2.8000000000000003 1 5.2 2.2 0 0 0.2 0 0 0 0 0 2 2 0 4 0 0 0 1.6 0 0 0 0 0 0 0.6000000000000001 0 0 0 0 0 0.2 0 0 0 0 0 0 0 0 0 0 0 0 0 0.4 0 0 0 0 0 0 0 2.2 0 0 23.200000000000003 0 0.4 0.6000000000000001 0 0 0 0 0 0 0 0 0 0 0 0 0 0 0 0 0 0 0 0 0 0 0 0.4 0 0 0 0 0 
 0 0 0.2 0 0.2 0 0 0.2 0 0 0 0 0 0.2 0 0.6000000000000001 0.8 0 0 0 23.6 6.800000000000001 24 42.800000000000004 35.2 30.8 9 4.4 7 67.60000000000001 0 24.8 51.800000000000004 8.6 20 50.400000000000006 16.400000000000002 25.400000000000002 9.200000000000001 12.4 0.6000000000000001 0.4 0.4 0 12.4 1 19.400000000000002 0.4 0.8 0.2 0 0 21.8 6.2 12.8 0.8 0.8 0.4 13.200000000000001 0 0 0.4 0.6000000000000001 0 0 0 0 0 1 0 0 0 0.2 0 0.4 0 0 0.6000000000000001 0 0 0 0 0 0.4 0 0.4 0 0 0 0 0 0 0 0 0 0 0 0 0 0 1.6 0 0 2.2 2.8000000000000003 1.8 0 0 0 3 7.800000000000001 3.2 0 0 0 1.6 4.2 0 0 0 2.6 0 1.4000000000000001 0.2 0 0 0 2 2.6 0 4.2 0 3.2 1.2000000000000002 0.4 0 0 0 2.6 9.4 0 0 0 0 0 0 0 0 0 0 0 0.4 0 0 0 0.4 0 0 0 0 0 0 0 0 0 0 0 0 0 0 0 0 0 2.4000000000000004 0 0 0 0 0 0 0 0 2 2 3.6 4.4 2.4000000000000004 0 0 0 1.6 2.4000000000000004 0 0 2.4000000000000004 1.6 2.2 1.6 0 0 0.2 5 9.200000000000001 0 0 0 0 1.6 1.6 0 0 3.2 6 1.8 1.2000000000000002 1.6 0 0 2.4000000000000004 4.6000000000000005 0 0 0 0 0 0 0 0 0 0 0 0 1.4000000000000001 0 0 0 0 0 0 0 0 0 0 0 0 0 0 0 0 0 0 0 0 0 1.8 0 0.4 15.8 0 0.6000000000000001 15.200000000000001 0 0 0 0 0 0 0 0 0 0 0 0 0 0 0 0 0 0 0 0 0 0 0 2.4000000000000004 0 0 0 0 0 
