 0 72.60000000000001 27.200000000000003 34.800000000000004 25.6 8.4 38 84.80000000000001 28.200000000000003 45.2 20.200000000000003 25.400000000000002 27.400000000000002 37.4 29.6 30.200000000000003 80.4 33.800000000000004 27.200000000000003 14.600000000000001 0 1.2000000000000002 0.4 0 0 0.6000000000000001 0 0 0.6000000000000001 0.6000000000000001 0 0 0.4 0.6000000000000001 0.8 0 0 0.8 0 0 0.4 0.4 0 0.4 0 5.800000000000001 0.6000000000000001 0 0.6000000000000001 0.6000000000000001 0 0 0 0.6000000000000001 0.6000000000000001 0 0.2 0 0.6000000000000001 0 0.4 0 0 0.4 0 0 0.6000000000000001 0.6000000000000001 0.6000000000000001 0.2 0 0.4 0 0 0.4 0.4 0 0.4 6 0 0.2 4 3.4000000000000004 9.8 2.4000000000000004 9.4 0.2 6.2 3 6 3 9.600000000000001 4 1.4000000000000001 1.8 6 13 0 2.2 0 5.800000000000001 0 0 0 0 0 3 0 0 0 0 0 6.2 0.2 0.2 0 0 0 0 0 0 0 0 0 0.2 0 0 0 0 0 0 0 0 0 0 0.4 0 0 0 0 0 1.6 0 0 0 0 0 0 0 0 0 0 0 0 0 0 0.2 0 0 0 0 2.8000000000000003 4.4 2.2 0 0 2.6 2.4000000000000004 1.6 7.800000000000001 6.800000000000001 1.6 0.2 6.4 0.2 1.8 3.6 1.4000000000000001 2.6 6.2 0 0 0 0 0 0 0 0 0 0 0 0 0 0 0 0 0 0 0 0 0 0 0 0 0 0 0 0 0.2 0 0 0 0 0 0 0 0 0 0 0.4 0 0 0 0 0 0 0 0 0 0 0 0 0 0 0 0 0 0 0 0 0 2.4000000000000004 0 0 0 0.4 0 0 0.8 24.200000000000003 0.4 1.6 3.2 0 0 0 0 0 0 0 0.4 0 4.6000000000000005 0 0 0.4 0 0 0 0 0 0 0 0 0.4 3.6 0 0.2 0 0 0 0 0 0 0 0 0 12 0 0 
 72.60000000000001 0 24.6 95.2 25 9 27.200000000000003 42.400000000000006 32.4 44.800000000000004 26.8 38 13 42.6 70 40.6 10.4 58 28.400000000000002 11.200000000000001 0 1 0 0 0 0 0 0.4 1 0 0 0 0 0.6000000000000001 0.6000000000000001 0 0 0 0.4 22.200000000000003 0.4 0.4 0.4 1.4000000000000001 0 0.2 0.6000000000000001 0 0.6000000000000001 0.6000000000000001 0 0 16.8 0.6000000000000001 0.6000000000000001 0 0.2 0 0.6000000000000001 0 0.4 0 0 0.4 0.2 0 0.6000000000000001 0.4 0.6000000000000001 0.6000000000000001 0 0.8 0 0.6000000000000001 0 0.4 0.2 0 0 0 0.6000000000000001 3 0.4 2.2 1.6 9.600000000000001 2.6 6.4 0 0 1.6 1.4000000000000001 1 2.4000000000000004 4.6000000000000005 4 5 1.6 3.4000000000000004 2.6 2.6 0 0 0 0 0 6.6000000000000005 0 0 0 1.2000000000000002 0 2.2 0 0 0 0 0 0 0 0 0 0 0 0 0 0 0 0 0 0 0 0 0 0 0 2.4000000000000004 0.4 3.8000000000000003 0.4 0 0 0 0 6.2 0 0 0.8 0 0 0 0 0 0.4 0 0 0 0 0 0 2.2 0 0 5.6000000000000005 2.6 0 1.8 1.8 1.2000000000000002 1.6 4.6000000000000005 0 3.4000000000000004 3.8000000000000003 4.4 3 2 3.6 1.4000000000000001 2.8000000000000003 0 0 0 0 0 0 0 0 0 0 0 0 0 0 0.4 0 0 0 0 0 0 0 0 0 0 0.2 0 0 0 0 0 0 0 0 0 0 0 0 0 0 0.2 0 0 0 0.4 0 0 0 0 0 0 0 0 0 0 0 0 0 0 0 0 0 0 0 0.4 0 0.2 0.4 0.2 18 0.4 0 1.4000000000000001 0 0 0 0 0 0 0 0.4 0 0.2 0 0 0 0 0 0 0 0 0 0 4.6000000000000005 0 3 0 0 0 0 0 0 0 0 0 0 0 0 0 0 
 27.200000000000003 24.6 0 40.2 11.8 29 8.8 34.800000000000004 55.2 53.400000000000006 73.2 49 12.600000000000001 46.800000000000004 17.6 58.400000000000006 11 31 4.800000000000001 18.2 0 0.6000000000000001 0 0 0 0 0 0 0.6000000000000001 0 0 0 0 0.6000000000000001 0.6000000000000001 0 0 0 0 15.4 0.4 0.4 0 0.4 0 0 0.6000000000000001 0 0.6000000000000001 0.8 0 12.200000000000001 0 0.6000000000000001 0.6000000000000001 0 0.2 0 13.600000000000001 0.4 0 0 0 0.4 0 0 0.6000000000000001 0.6000000000000001 0.4 0 0 0.8 0 0 0 0.4 0 0 0.6000000000000001 0 0 3.2 3.6 0 6 9.600000000000001 0 2.2 3.8000000000000003 0.6000000000000001 7.2 0.4 3 3.2 2 2.8000000000000003 2.2 1.8 0 0 0 0 0 0 0 0 3.8000000000000003 0 0 0 0 0 0.2 0 0 0.2 0 0 0 0 0 0 0 0 0 0 0 0 0.2 0 0 0 0 0 0 0 0 0 0 0 0 0 0.4 0 0 0 0 0 0 0 0 0 0 0 0 0 0 0 0.8 0 2.4000000000000004 13.200000000000001 2.8000000000000003 13.4 5.2 0.2 0.4 4.2 5.2 0 5.800000000000001 3 0 2 3.4000000000000004 0.2 2 3 0 0 2.4000000000000004 0 0 0.4 0 0 0 0 0.2 0 0.2 0 0 0 0 0 0 0 1.8 5.6000000000000005 0 0 0 0 0 2.8000000000000003 0 0.6000000000000001 0 0 0 0 0 0 0 0 0 0 0 0 0 0 0 0 0 0 0 0 0 0 0 0 0.4 0 0.2 0 0 0 0 0 0 0 0 0 0 0 16.2 0 0.2 0.2 0 0.8 0 0 0 0 0 0 0 0 0 0 0 0 0 0 0 0 0 0 0 0 0 0 0 4.4 0 0 0 0 0 0 0 0 0 0 0 0 0 0 
 34.800000000000004 95.2 40.2 0 38.800000000000004 9 22 14.8 17.6 41.6 76 48.400000000000006 15.600000000000001 40.2 13.600000000000001 13.600000000000001 38.400000000000006 26.200000000000003 13.4 37.800000000000004 0.4 0.6000000000000001 0 0 0 0 14.8 0 0.8 0 16.8 0 30.8 0.6000000000000001 16.6 0 0 0 14.600000000000001 33.4 0.4 0.4 0 0.2 0 0 0.6000000000000001 0 0.6000000000000001 0.6000000000000001 0 0 0 0.6000000000000001 0.6000000000000001 0 0 0 1.4000000000000001 0 0 0 0 0.4 0 0 0.6000000000000001 16.6 0.4 0 0 0.4 0 0 0 0.4 0 0 0 0 0 4.2 0.6000000000000001 6 2.4000000000000004 7.2 0.2 0.2 0 0.4 9.8 13.200000000000001 1.4000000000000001 0 1.8 0 0.4 0 2.8000000000000003 0 7.6000000000000005 0 0 0 0 0 8.6 2.4000000000000004 4.4 0 0 0 7.2 0.2 0 0 0 0 4.6000000000000005 2.2 0 0 0 0 0 3.2 0 0 0 0 0 0 0 0 0 0 0 0 0 0 0 0 0.2 0 0 0 0 0 0 0 0 0 0 0.4 0 0 0 0 0 0 0 5.4 5.2 3.8000000000000003 2.2 4.2 0 0.6000000000000001 0 3.8000000000000003 3 0 0 0.2 0.2 0 5.6000000000000005 7.2 0.2 9.600000000000001 1.8 0 0 0.2 0 0 3.4000000000000004 0 0 0 0 0 0.2 0 0.4 0 0 0 0 0 0 0 3.2 0 0 0 0 0 0 0 0 0 0 0 0 0 0 0 0 0 0 2.8000000000000003 0 0 0.4 0 0 0 0 0 0 0 0 0 0 0 0 0 0 0 0 0 0 0 0.4 0 18 0 18 27.8 2.4000000000000004 0 3 0 0 0 0 0 0 0 0 0 0 0 0 0 0 0 0 0 0 0 0 0 0 3.6 2.2 0 0 0 0 0 0 0 0 0 0 0 0 0 
 25.6 25 11.8 38.800000000000004 0 53.800000000000004 48.400000000000006 32.800000000000004 33 61.2 15.200000000000001 26.6 62.800000000000004 21 11.600000000000001 35.800000000000004 10.8 26.400000000000002 54.2 63.400000000000006 22.400000000000002 19.400000000000002 15.200000000000001 0 0 0 18 14 8 0 0 0 59 2 45.400000000000006 15.8 14.8 0 21.6 6.6000000000000005 4.6000000000000005 0.4 0 0.4 0 1.2000000000000002 1.8 0 0.6000000000000001 0.6000000000000001 0 0.2 0.4 0.6000000000000001 0.6000000000000001 0 0.2 0 0.6000000000000001 0 0 0 0 0.4 0 0 0.6000000000000001 0.2 0.6000000000000001 0.4 0 0.4 0 0.4 0 0.4 0 0 0 0 0 0 0 5.6000000000000005 3.4000000000000004 6.4 0 0 0 2 9 9.4 0 0 0 0 0 0 0 0 4 6 0 3.2 0 0 7.6000000000000005 0.4 4 4.800000000000001 0 0 4.800000000000001 0 0 2.6 3.4000000000000004 0.2 5 6.4 0 0 0 0 0 0 0 0 0 0 0 0 0 0 0 0 0 0 0 0 0 0 0 0 0 3.2 0 0 0 0.2 0 0.6000000000000001 0 2.2 0.2 0 0 0 0 0 0 0 0 0 2.6 4.4 0.4 3.8000000000000003 0 1.2000000000000002 2.2 3.2 0 0 1.2000000000000002 0 0 3.2 0 0 0 0.6000000000000001 1.8 3.8000000000000003 2.4000000000000004 0 5.800000000000001 3.6 4.4 2.8000000000000003 0.4 0 2.6 0.2 5.800000000000001 0 0.2 0 7.2 13 0 0 0 0 0 0 0 0 0 0 0 0 0 0 0 0 0 2.8000000000000003 0 0 0 0 0 0 0 0 0 0 0 0 0 0 0.4 0 0 0 0 0 0 0 0 0 4 0 0 0.2 0 0.4 0 13 0 0.4 2.2 0 0 0.2 0 0 0 0 0 0 0 0 0 0 0 0 0 0 0 0 0 0 0 0 0 0 0 0 0 4 0 0 0 2.2 0 0 0 0 
 8.4 9 29 9 53.800000000000004 0 5.6000000000000005 21.200000000000003 8.200000000000001 13.4 10.600000000000001 11.4 11.200000000000001 6.2 5.6000000000000005 13.200000000000001 9.600000000000001 12 10 22.200000000000003 15.4 31.400000000000002 4.800000000000001 0 0.4 0 0 15.4 15.8 0.4 0 0 14.600000000000001 16 30.200000000000003 6 6.800000000000001 0 14.8 0 0.4 0.6000000000000001 0.2 4.4 0 0 1 0 0.6000000000000001 0.6000000000000001 0 5.6000000000000005 0 0.8 0.8 0.2 12.200000000000001 2.8000000000000003 0.6000000000000001 0 0 0 0 0.4 0 0 0.6000000000000001 0.6000000000000001 0.4 0 0 0.4 0 0 0 0.4 0 0 0 0 0 0 4.2 0 2.4000000000000004 1.8 0 0 0 0 0 0 0 2 0 0 3 0 0 0 1.8 2 0 2 0 0 2.8000000000000003 0 5 2.4000000000000004 0 0 0 0 1.8 5.6000000000000005 2.8000000000000003 0 1.8 1.2000000000000002 0 0 0 0 0 0 0 0 0 0 0 0 0 0 0 0 0 0 0 0 0 0 0.6000000000000001 0 0 0 0 0 0 0 0 0 0 0 0 0 0 0 0 1.4000000000000001 0 0 0 0 0 0 2.6 0 3 2.2 1.8 2.2 0 0 0.8 0 0 0 0 0 0 0.2 3 4 0 0 10.4 1.8 2.2 12.200000000000001 0 0 0 5.800000000000001 5.800000000000001 0 0.4 0 14.8 13.200000000000001 0 0 0 0 0 0 0 0 0 0 0 0 0 0 0 0 0 0 0 0 0 0 0 0 0 0 0 0 0 0 0 0 0 0 0 0 0 0 0 0 0 0 3.4000000000000004 0 0 0 23.200000000000003 1.2000000000000002 1 0.2 0 0.6000000000000001 1 0 0.4 0 0 0 0 0 0 0 0 0 0 0 0 4.2 0 0 0 0 0 0 0 1 0 0 0 0 0 0 0 0 0 2.8000000000000003 0 0 0 0 
 38 27.200000000000003 8.8 22 48.400000000000006 5.6000000000000005 0 42.800000000000004 28.8 81.60000000000001 5.6000000000000005 7.2 72.60000000000001 35.4 52.2 24.200000000000003 25 4.4 26.8 62.2 0.4 0.6000000000000001 0 0 0 0 0 0 0.6000000000000001 0 0 0 0 0.6000000000000001 0.6000000000000001 0 0 0.2 0 0 0.4 12.8 0 0.4 0 0.2 0.6000000000000001 0 0.6000000000000001 5.6000000000000005 0 0 0.4 0.6000000000000001 13 0 0.2 0 0.6000000000000001 0 8 0 0 0.4 0 0 0.6000000000000001 0.4 0.6000000000000001 1.6 0 0.4 0 0 0 0.4 0 0 0 0 4.2 6.2 7.800000000000001 6 0 0 4.800000000000001 8.4 8.200000000000001 2.2 5.4 2.4000000000000004 2.6 1.4000000000000001 0 11.8 9.200000000000001 1.4000000000000001 5.800000000000001 5.2 0 0 0 0 0 0 0 0 0 0 0 0 4.2 0 0 0 0 0 0 0 0 0 0 0 0 0 0 0 0 0 0 0 0 0 0 0 0 0 0 0 0 0 0 0 0.8 0 0 4.6000000000000005 0 0 0 0 0 0 0 0 0 0 0 0 5.4 0.2 10.200000000000001 0 0 0 3.8000000000000003 2 6 4.4 0 1.8 5.800000000000001 6 4.6000000000000005 7.2 6 1.2000000000000002 6.2 10.600000000000001 0 0 0 0 0 0 0 0 0 0 0 0 0 0 0 0 0 0 0 0 0 0 0 0 0 0 0 0 0 0 0 0 0 0 0 0 1 0 3 3.2 0 0 0 0 0 0 0 0 0 0 0 0 0 0 0 0 0 0 0 0 0 1.8 3.2 0 0 0 0 0 0 0 0 1.6 0 0 0 0 0 0 0 0 0 0 3.4000000000000004 0 0 0 0 0 0 0 0 0 0 0 0 0 0 2.4000000000000004 0 0 0 0 0 0 0 0 0 0 0 0 
 84.80000000000001 42.400000000000006 34.800000000000004 14.8 32.800000000000004 21.200000000000003 42.800000000000004 0 68.4 43 5.2 67.4 113.60000000000001 49 38 26.8 9.200000000000001 79.60000000000001 99.4 73.2 0 0.6000000000000001 0.2 0 0 0 0 0 0.6000000000000001 0 0 0 0 41.6 0.6000000000000001 0 0.4 15 0 0.4 0.4 0.4 0 0 0 0 0.6000000000000001 0 0.6000000000000001 0.6000000000000001 0 0.2 0.6000000000000001 0.6000000000000001 0.6000000000000001 0 0 0 0.6000000000000001 0 0 0 0 0.4 0 0 0.6000000000000001 0.6000000000000001 0.2 0 0 0.6000000000000001 0 1.4000000000000001 0 0.4 0 0 0 0 0 2.8000000000000003 5.4 5.2 3 11 0 9.200000000000001 0.4 0.2 0.2 2 0.2 2.2 0 2.8000000000000003 7.6000000000000005 0 4.6000000000000005 4.4 3.8000000000000003 0 0 0 0 0 3 0 0 0 0 0 5.2 0 0 0 0 0 0 0 0 0 0 0 0 0 0 0 0 0 0 0 0 0 1.6 0 0 1 0 0 0 0 2.2 0 0 0 0 0 0 0 0 0 0 0 0 0 0 0 0.8 0 0 0 3.6 3.8000000000000003 0 0 7.2 4.4 2 1.6 8.4 4.4 0 0 0 6 3 0 0.2 0 0 0 0 0 0 0 0 0 0 0 0 0 0 0 0 0 0 0 2.4000000000000004 0.6000000000000001 0 0 0 0 0 0 0 0 0 0 0 0 0 0 0 0 0 0 0 0 0 0 0 0 0 0 0 0 1.4000000000000001 0 0 0 0 0 0 0 1.4000000000000001 0 0 0 0 2.6 0 0 0 0 1.4000000000000001 0 0.4 18 0 0.2 2 0 0 0 0 0 0 0 0 0 2.2 0 0 0 0 0 0 0 0 0 0 0 0 6.2 0 0 0 0 0 0 0 0 0 0 0 0 0 0 
 28.200000000000003 32.4 55.2 17.6 33 8.200000000000001 28.8 68.4 0 25.6 51.800000000000004 8.4 90.60000000000001 71.60000000000001 21.6 30.200000000000003 9 11.8 56.6 49.400000000000006 0.6000000000000001 0.6000000000000001 0 0 0 0 0.4 0 1 0 0.4 0.2 12.200000000000001 0.6000000000000001 0.6000000000000001 0 0 0.6000000000000001 0.4 0.2 0.4 0.4 0 0.6000000000000001 0 0 0.4 0 0.6000000000000001 0.6000000000000001 0.6000000000000001 0 0 1.2000000000000002 0.6000000000000001 0.4 0.4 0.6000000000000001 0.4 0 0 0 0 0.4 0 0 0.6000000000000001 0.2 0.6000000000000001 0.4 0.4 0.4 0 1 0 1 0 0 0 1 6 5.800000000000001 5.800000000000001 2.6 0 0 3.8000000000000003 6 6 2.4000000000000004 4.800000000000001 3.4000000000000004 1.4000000000000001 0 0 0 9 1.8 9.4 4.6000000000000005 3.6 3.2 0 0 0 0 2.8000000000000003 0 0.2 0 0 0 2.6 0 0 0 0.2 0 0 13.200000000000001 0 0 0 0 0 0 0 3.4000000000000004 0 0 0 0 0 0 0 0 0 0 0.4 0 0 0 0 0 0.4 0 0 0.6000000000000001 0 0 0 0 0 0 0 0 0 0 0 0 7.2 0.2 0 0 0.8 2 2.4000000000000004 0 0 0 3 0 5.800000000000001 1.2000000000000002 1.8 4.6000000000000005 5.2 8 4.800000000000001 2.8000000000000003 0 0 0 0 0 0 0 0 0 0 0 0 0 0 0 0 0 0 0 0 0 0 0 0.2 0 9.8 0 0 1.8 0 0 0 0 0 0 0.4 0 0 0 0 0 0 0 0 0 0.2 0 0 0 0 0 0 0 0 0 0 0 0 0.4 0.2 0 0 0 0 0 0 0 0 0 19.200000000000003 0 0.2 16.8 0 0 0 0 0 0 0 0 0 0 0 0 0 0 0.2 0 0 0 0 0 0 0 0 0 2.2 0 0 0 0 0 0 0 0 0 0 0 0 
 45.2 44.800000000000004 53.400000000000006 41.6 61.2 13.4 81.60000000000001 43 25.6 0 24 25.200000000000003 101.2 50.400000000000006 56.800000000000004 16.400000000000002 29.200000000000003 46.400000000000006 11 21 0.8 1.8 0 0.4 0 0 16.8 0.4 0.6000000000000001 0 0 0 0 0.6000000000000001 0.6000000000000001 0 0.4 0 15.600000000000001 0.4 0.4 0.4 0 0.6000000000000001 0 0 0.4 0 0.6000000000000001 0.8 0 0.2 0.4 0.6000000000000001 0.6000000000000001 0 0.4 0.2 1.2000000000000002 0 0 0 0 0.4 0 0 0.6000000000000001 0.2 0.6000000000000001 0.4 0 0.4 0.6000000000000001 0 0 0.4 0 0 0 0 2 0.2 0 5 3.4000000000000004 6.4 2 0 2 0.2 3.8000000000000003 2 9.200000000000001 0 4 2 2 7.4 0.6000000000000001 2 0.4 0 0 0 0 0 0 0.2 1.4000000000000001 0 0 0 5.800000000000001 1.6 0 0 0 1.8 0 0 0 0 0 0.4 0 0 0 0 0 0 0 0 0 0 0 0 0 0 0 0 0 0 0 0 1.2000000000000002 0 0 1.2000000000000002 0 0 0 0 0 0 0 0 0 0 0 0 1.8 0.8 1.6 0 3 0 3.4000000000000004 4.4 0.2 2.8000000000000003 1.4000000000000001 1.4000000000000001 7.800000000000001 6.4 7.6000000000000005 3 4.2 8.8 2.6 7.2 0 6.4 0 0 0 0 0 0 0 0 0 0 3 0 0 0 0 0.2 0 0 0 0 0 0 0 2 2.8000000000000003 0 0 0 0 0 0 0 0 0 0 0 0 0 0 0 0 0 0 0 0 0 0 0 0 0 0 0 0 0 0 0 0 0 0 6 0 0 0 0.6000000000000001 0 0 0.2 0.4 0.2 1 0 0 0 0 0 0 0 0 0 0 2.6 0 0 0 0 0 0 0 0 0 0 0 0 3.8000000000000003 3.2 2.2 0 0 0 0 0 0 0 0 0 0 0 0 
 20.200000000000003 26.8 73.2 76 15.200000000000001 10.600000000000001 5.6000000000000005 5.2 51.800000000000004 24 0 37.2 49.800000000000004 9 33.800000000000004 18.400000000000002 58 23.200000000000003 6 16 0 0.6000000000000001 0 0 0 0.8 0 0 0.6000000000000001 0.2 0 0 0.6000000000000001 0.6000000000000001 0.6000000000000001 0 0 0 0 27.200000000000003 0.4 0.4 0 0.2 0 0 0.6000000000000001 0 0.6000000000000001 0.6000000000000001 0 0 0.4 0.6000000000000001 0.6000000000000001 0 0 8.6 0.6000000000000001 0 0 0 0 0.4 0 0 0.6000000000000001 0.6000000000000001 0.2 0 0 0.6000000000000001 0 0 0 0.4 0 0.4 0 0 0 2 2.8000000000000003 0.4 1.8 3.4000000000000004 0 0 2.2 3.8000000000000003 13.8 4.2 1.2000000000000002 0 3.6 0.4 0 0 0 0 0 0 0 0 0.4 0 10.200000000000001 2 0 0.2 0 0 1.4000000000000001 2.8000000000000003 0 0 0 0 0 4.2 0 0 0 0 0.2 0 0.2 0 0 0 0 0 0 0 0 0 0 0 0 0 0 0.4 0.2 0.4 0 0 0 0 0 0 0 0 0 0 0 0 0 0 0 0 0 6.800000000000001 6.800000000000001 12 7.800000000000001 4.800000000000001 1.4000000000000001 0 0 1.8 0.8 6 0 0 0 0 6 6.6000000000000005 0 3.8000000000000003 4.4 0 2 0 0.2 0 0 0 0 0.2 0 0 7.4 1.8 0 0 0 0 0 1.6 0 0 0 0 0 0 0 0 0 0 0 0.4 0 0 0 0 0 0 0 0 0 0 0 0 0 0 0.2 0 0 0 0 0 0 0 0 0 0 0 0 0 0 0 0 0 0 0 17.8 0.4 0.2 0.2 1.4000000000000001 0.4 0 0.4 0 0 0 0 0 0 0 0 0 0 0 0 0 0 0 0 0 0 0 0 0 0 4 0 0 0 0 0 0 0 0 0 0 0 0 0 
 25.400000000000002 38 49 48.400000000000006 26.6 11.4 7.2 67.4 8.4 25.200000000000003 37.2 0 10 21 9.600000000000001 64 15.8 81.2 5.2 5.4 0 0.6000000000000001 0 0 0 0 0 0 0.6000000000000001 0 0 0 0 0.6000000000000001 0.6000000000000001 0 0 0 7.4 16.400000000000002 0.4 0.4 0 0.6000000000000001 0 0 0.4 12.4 0.6000000000000001 0.8 0 0 6.6000000000000005 0.6000000000000001 0.6000000000000001 0 0.4 0.2 0.4 0 0 0 0 0.4 0 0 0.6000000000000001 0.2 0.6000000000000001 0.4 0 0.4 0 0 0 0.4 0 0 0 0 0 0 1 6.4 6.2 14.600000000000001 0 10.200000000000001 1.6 4.4 5.6000000000000005 0 2.2 1.4000000000000001 6.4 2.6 0 6 0 0 2.2 0 0 0 0 0 3.8000000000000003 0.2 0 0 0 0 0 0.6000000000000001 2.6 2.6 0 0 0 0.2 0 0 0 0 0 0 0 0 0 0 0 0 0 0 0 0 0 0 0 0 0 0 0.2 0 0 0 0 0 0 0 0 0 0 0 0.2 0 0 0 0.6000000000000001 0 6.2 0 0 6.2 2.2 0 1 2.8000000000000003 0 1.6 6.800000000000001 0 1.6 14.8 4.2 0 1 0.8 0 3.2 2.2 0.8 0 0 0 0 0 0 0 0.4 0.2 0 5.6000000000000005 2 0 0.2 0 0 0.4 0.4 0 0 0 0 0 0 0.2 0 4.6000000000000005 0 0 0 2.6 0 0 0 0 0 0 0 1.6 0 0 0 0 0 0 0 0 0 0 0 0 0 0 0.2 0 0 0 0 0 0 0 0 0 0 1.8 0 0.4 0.8 0.4 0 0 0 0 0 0 0 0 0 5.800000000000001 0 0 0 0 0 0 0 0 0 0 0 0 0 0 2 0 0 0 0 0 0 0 0.2 0 0 0 0 0 0 
 27.400000000000002 13 12.600000000000001 15.600000000000001 62.800000000000004 11.200000000000001 72.60000000000001 113.60000000000001 90.60000000000001 101.2 49.800000000000004 10 0 58.400000000000006 65.4 23 6 69 34.2 33.6 0.6000000000000001 0.6000000000000001 0.6000000000000001 0.4 0 0 0 0.4 0.6000000000000001 0 0.4 0 0.6000000000000001 0.6000000000000001 1 0 0.6000000000000001 0 0 0 0.4 0.4 0 0.2 0 0.4 0.6000000000000001 0 0.6000000000000001 13.200000000000001 0 0 0 0.6000000000000001 0.6000000000000001 0.2 0 0 0.6000000000000001 0.4 0 0.6000000000000001 0.4 0.4 0 0.4 0.6000000000000001 0.6000000000000001 0.4 0 0.2 0.8 0 0 0 0.4 0.2 0 0.8 0 3.4000000000000004 5.800000000000001 1.6 2.6 0 0 0 3 0 0 0 5.4 0 4 0.2 2.4000000000000004 2.2 2.2 7 6 0 0 0 0 0 0 0 0 0 0 0 0 2.6 0 0 0 0 0 0 0 0 0 0 0 0 0 0 0 0 0 0 0 0 0 0 0 0 0 0 0 0 0 0 0 0 0 3.2 0 0 0 0 0 0.2 0 0 0 0 0.6000000000000001 0 0 0 0.4 2.4000000000000004 0 0 0 1.8 3.8000000000000003 0 1.2000000000000002 0 1.4000000000000001 0 1.2000000000000002 0 4.800000000000001 0.8 1.8 4 2.8000000000000003 0 0 0 0 0 0 0 0 0 0 0 0 0 0 0 0 0 0 0 0 0 0 0 0 0 0 0 0 0 0 0 0 0 0 0 0 0 0 0 0 0 0 0 0 0 0 0 0 0 0 0 0 0 0 0 0 0 0 0 0 0 1.8 0 0 0 0.2 0.4 0.4 0.2 22.6 0 0 0 0 0 0 0 0 0 0 0 0 8.8 0 0 0 0 0 0 0 0 0 0 0 0 0 0 0 0 0 0 0 0 0 0 0 0 0 0 0 
 37.4 42.6 46.800000000000004 40.2 21 6.2 35.4 49 71.60000000000001 50.400000000000006 9 21 58.400000000000006 0 56.400000000000006 10.200000000000001 24.6 26 58 50.2 0 2 0.4 0 0.4 0.6000000000000001 0 0.8 0.6000000000000001 1.4000000000000001 0 0 0 0.6000000000000001 0.6000000000000001 0 0 0 0 0 0.4 0.4 0 0.6000000000000001 0 0 0.4 0 0.6000000000000001 0.8 0 0 0.4 0.6000000000000001 0.6000000000000001 0 0.6000000000000001 0 0.4 0 0.2 0 0 0.4 0 0 0.6000000000000001 0.2 0.6000000000000001 0.4 0 0.4 0 0.4 0.4 0.4 0 0 0 0 2.2 4.800000000000001 0 0.6000000000000001 3 3.8000000000000003 2.6 8.8 5 0 4.4 0 2.2 0 0 5.800000000000001 10.8 2.6 3.8000000000000003 3.4000000000000004 0 0.2 0 0 0 0 0 0 0 0 0 0 2 0 0 0 0 0 0 0 0 0 0 0 0.2 0 0 0 0 1 0 0 0 0 0 0 0 0.6000000000000001 0 1.6 0 0.4 0 0.4 1.2000000000000002 0 0 1.2000000000000002 0 0 0 0 0 0 0 0 0.4 0 0 0 1 0 3.8000000000000003 0 0 0 7.6000000000000005 5.2 2.2 3.4000000000000004 1.8 0 3.6 6.6000000000000005 4.4 2.4000000000000004 6.2 2.6 2.4000000000000004 7.6000000000000005 1.2000000000000002 0 0 0 0 0 0 0 0 0 0 0 0 0 0 0 0 0 0 0 0 0 0 0 0 0 0 0 0 0 0 2.6 0 0 0 0 0 0 0 0 2 0 0 0 0 0 0 0 0 0.6000000000000001 0 0 0 0 0 0 0 0 0 0 0 3 0 0 0 0 0 0 0.6000000000000001 0.2 0 0.6000000000000001 0 0.4 0.4 0 0 0 0 0 0 0 5.6000000000000005 0 0 0 0 0 0 0 0 0 0 0 0 3.2 0 2 0 0 0 0 0 0 0 0 0 0 0 0 
 29.6 70 17.6 13.600000000000001 11.600000000000001 5.6000000000000005 52.2 38 21.6 56.800000000000004 33.800000000000004 9.600000000000001 65.4 56.400000000000006 0 20.400000000000002 12 26 12 26.200000000000003 0 0.6000000000000001 0 0.4 0 0 0 0 0.6000000000000001 0 0 0.4 23.200000000000003 0.6000000000000001 0.6000000000000001 0 0 0 0 0 0.4 0.4 0 0.4 0 0 0.6000000000000001 0 0.6000000000000001 0.8 0 0 0.2 0.6000000000000001 0.6000000000000001 0 0.2 0 0.6000000000000001 0 0 0 6.6000000000000005 0.4 0 0 0.6000000000000001 0.2 0.6000000000000001 0.4 0 0.4 0 0 0 0.4 0 0.2 0 0 2.2 4.6000000000000005 5.2 2 0 2.6 2.2 2 1.8 0 6 4.4 2.2 2.6 4 6.4 6.2 2.4000000000000004 6.6000000000000005 5 0.4 0 0 0 0 0 0 0 0 0 0 0 1.6 0.4 0 0 0 1.6 0 0 0 0 0 0 0 0 0 0 0 0 0 0 0 0 0 0 0 0 0 0.4 0 0 4 0 1.4000000000000001 0 0 2.4000000000000004 0 0 0 0 0 0 0 0 0 0 0 0.4 4 8.200000000000001 4.800000000000001 9.8 2.2 0 3 1.8 2.4000000000000004 0 2.6 2.6 11.200000000000001 2.8000000000000003 5.6000000000000005 2.6 8.8 8.4 2.8000000000000003 9.4 0 0 0 0 0 0 0 0 0 0 0 0 0.4 0 0 0 0 1.8 0 0 0 0 0 0 0.4 0 0 0.2 0 0 0 0 0 0.4 0 0 0 0 0 0 0 0 0 0 0 0 0 0 0 0 0 0 0 0 0 0 0 0 0 0.2 0 3.8000000000000003 0 0 0 0.6000000000000001 0 0 1.2000000000000002 0 0.4 1 0 0 0 0 0 0 0 0 0 0 2 0 0 0 0 0 0 0 0 0 0 0 0 0 0 2.8000000000000003 0 0 0 0 0 0 0 0.2 0 0 0 0 
 30.200000000000003 40.6 58.400000000000006 13.600000000000001 35.800000000000004 13.200000000000001 24.200000000000003 26.8 30.200000000000003 16.400000000000002 18.400000000000002 64 23 10.200000000000001 20.400000000000002 0 15.8 44 22.6 24.400000000000002 0.4 0.6000000000000001 0 0 0 0.2 0 0.2 0.8 0 0 0.4 13.200000000000001 0.6000000000000001 0.6000000000000001 0 0.4 0 16 13.4 4.2 0.4 0 0.4 0 0 0.6000000000000001 0 0.6000000000000001 0.6000000000000001 0 0 0 0.6000000000000001 0.6000000000000001 0 0.2 0 0.6000000000000001 0 0 0 0 0.4 0 0 0.6000000000000001 0.4 0.6000000000000001 0.2 0 0.4 0 1.2000000000000002 1.2000000000000002 0.4 0 0 0 0 2.4000000000000004 2.8000000000000003 6.6000000000000005 12.600000000000001 2.6 4.800000000000001 2.2 4 0 4 5.4 8 2.6 1.6 8.4 2.2 2.8000000000000003 3.8000000000000003 0 0 5.800000000000001 4.6000000000000005 0.4 0 0 0.4 6.2 0 0 0 0 0 5.800000000000001 0 5.6000000000000005 0 3 0 1.2000000000000002 2.4000000000000004 0 0 0 0 0 0 0 0 0 0 0 0 0 0 0 0 0 0 0 0 0 0 4.6000000000000005 0 0 0 0 0 0 0 0 0 0 0 0 0 0 0.2 1.2000000000000002 0 2.2 1.6 0 0 1 5.800000000000001 0 0.2 1.4000000000000001 8.6 2 0 1.4000000000000001 9 0.4 0 2 7.6000000000000005 0 2.2 0 0 0 0 0 0 0 0.4 0 0.2 0 0 3.2 0 0 0 0 0 0 10.200000000000001 0 0 0 0 0 0 0 0 0 0 0 0 0 0 0 0 0 0 0 0 0 0 0.4 0 0 0 4.6000000000000005 0 0 0 0 0 0 0 0 0 0 0 0 0 0 0 0 0 0 0.4 37.800000000000004 0 0 38.6 0 0 2.4000000000000004 0 0 0 0 0 0 0 0 0 0 0 0 0 0 0 0 0 0 0 0 0 0.4 0 0 0 0 0 0 0 0 0 0 0 0 0 0 0 
 80.4 10.4 11 38.400000000000006 10.8 9.600000000000001 25 9.200000000000001 9 29.200000000000003 58 15.8 6 24.6 12 15.8 0 25.6 8.8 51 0 0.6000000000000001 0 0.4 0 0 4.6000000000000005 0 0.6000000000000001 0 0.2 0.4 15.4 0.6000000000000001 0.6000000000000001 14.600000000000001 0 0.2 12 15.200000000000001 0.4 0.4 0 0.2 0 0 0.6000000000000001 0 0.6000000000000001 12.4 0 0 12.8 0.6000000000000001 0.6000000000000001 0 0 10.8 0.6000000000000001 0 0 0 0 0.4 0 0 0.6000000000000001 0.6000000000000001 0.4 0 0 0.6000000000000001 0 0 0 0.4 0 0 0 0 2 8 0.2 3.8000000000000003 0 0.2 0.2 0.4 4 0.8 5.6000000000000005 3 1.4000000000000001 0.2 5 0 2.8000000000000003 3.8000000000000003 0.8 2 0 0 0 0 0 0 4.4 0.4 2 0 0 0 2.8000000000000003 3.4000000000000004 0 0 0 0 0 0 0 0 0 0.4 0 0 0 0 0 0 0 0 0 0 0 0 0 0 0 0 0 0 0.2 0 0 2 0 0 0 0 0 0 0 0 0 0 0 0 0 0 0.8 11.600000000000001 14.600000000000001 6.800000000000001 0 3.2 1.8 0 2 4.4 0.2 3.8000000000000003 0 2.8000000000000003 2.6 2 7 1.6 0 8.4 2 0 0 0 0 0.6000000000000001 4 0 0 0 0 0 0 0 0 0 0 0.2 0 0 0 0 0 0 0 0 0 0 0 0 0.2 0 0 0 0 0 1.8 0 0 0 0 0 0 0 0 0 0 0.4 0.4 0 0 0 0 0 0 3.8000000000000003 0 0 0 0 0 0.2 0 0 0 0.2 0 0 17.2 0 1.2000000000000002 0.8 17.6 0 0 0 0 0 0 0 0 0 0 0 0 0 0.4 0 0 0 0 0 0 0 0 0 5.4 0 0 0 0 0 0 0 0 0 0 0 0 0 
 33.800000000000004 58 31 26.200000000000003 26.400000000000002 12 4.4 79.60000000000001 11.8 46.400000000000006 23.200000000000003 81.2 69 26 26 44 25.6 0 9.600000000000001 24.400000000000002 0 0.6000000000000001 0 0 0 0 0 0.4 1 0 0 0 0 0.6000000000000001 0.6000000000000001 0 16.2 0.2 0.8 0.2 1.2000000000000002 0.4 0.6000000000000001 0.6000000000000001 0 0 0.4 0.6000000000000001 0.6000000000000001 0.6000000000000001 0 0.2 0 0.6000000000000001 7 0 0.4 0 0.4 0 0 0 0 0.4 0 0 0.6000000000000001 0.2 1.8 1.2000000000000002 0 0.4 0 0 0 0.4 0 0.6000000000000001 0 0 3.4000000000000004 0 0 8 2 7.4 0.2 7.2 2.8000000000000003 3.8000000000000003 8.4 9.4 1.6 3 4 8 0.2 4 0.2 0 2.6 0 0 0 0 0 2.6 0.2 0 0 0 0 5.2 0 0 0 0 0 0 0 0 0 0 0 0 0 0 0 0 0 0 0 0 0.4 0 0 0 0 0 0 0.2 0 4.2 0 0 0 0 0 0 0 0 0 0 0 0 0 0 0 0 0 2.2 5.2 1.8 3.4000000000000004 0.2 0.2 0.6000000000000001 3.4000000000000004 0.2 4 3.6 1.4000000000000001 2.2 3.8000000000000003 3 3 5 0.8 0 6.6000000000000005 0.2 0 0 0 0 0.2 0 0 0 0 0 0 0 0 0 0 0 0 0 0 0 0.2 0 0 0 0 0 0 0 0 0 0 0 0 0 0 0 0 0 0 0 0 0 0 0 0 0 0 0 0 0 0.4 0 0 0 0 0 0 0 0 0 0 0 0 0 0 0 0.4 0.4 27 0 0.4 1.4000000000000001 0 0 0 0.4 0 0 0 0 0 3 0 0 0 0 0 0 0 0 0 0 0 0 3 0 0 0 0 0 0 0 0 0 0 0 0 0 0 
 27.200000000000003 28.400000000000002 4.800000000000001 13.4 54.2 10 26.8 99.4 56.6 11 6 5.2 34.2 58 12 22.6 8.8 9.600000000000001 0 141 0 0.6000000000000001 0 0 0 0 0.4 0 0.6000000000000001 0 0 0 0.4 0.6000000000000001 0.8 0 0 0.2 0 0.2 0.4 0.4 0 0.2 0 0 0.6000000000000001 0 0.6000000000000001 2 0 0 0.2 0.6000000000000001 0.6000000000000001 0 0 1 0.6000000000000001 0 0 0 0 0.4 0 0 0.6000000000000001 0.6000000000000001 0.4 0 0 0.6000000000000001 0 0 0 0.4 0 0 0.8 0 2.6 0 4.800000000000001 0 0 0 0 4 3.6 3.4000000000000004 0 1.8 5.4 4.4 8.200000000000001 8.200000000000001 2.8000000000000003 2 5.6000000000000005 8.4 0 0 0 0 0 0 0 0 0 0 0 3.8000000000000003 0 0 0 0 0 0 0 2.4000000000000004 0 0 0 0 0 0 0 0 0 0 0 0 0 0 0 0 0 0 0.4 0 0 0 0 0 0 0 0 0 0 0 0 0 0 0 3.6 0 0 0 0 0.4 1.8 0.6000000000000001 0 0 0 0 3.8000000000000003 0 4.2 2 0 0 5.4 0 0 0 2.2 7.4 4.6000000000000005 7.6000000000000005 0 0 0 0 0 0 0 0 0 0 0 0 0 0 0 0 0 0 0 0 0 0 0 0 0 2.4000000000000004 0 0 0 0 0 0 0 0 0 0.4 0 0 0 0 0 0 0 0 0 0 0 0 0 0 0 0 0 0 1 0 0 0 0.4 0.4 0 0 0 0 0 0 0 0.4 0.2 10.600000000000001 0 0 0 0 0 0 0 0 0 0 0 0 0 0 0 0 0 0 0 0 0 0 0 0 0 0 0 0 0 0 0 0 0 0 0 0 0 0 0 0 
 14.600000000000001 11.200000000000001 18.2 37.800000000000004 63.400000000000006 22.200000000000003 62.2 73.2 49.400000000000006 21 16 5.4 33.6 50.2 26.200000000000003 24.400000000000002 51 24.400000000000002 141 0 0 0.6000000000000001 0 0 0 0.8 0.2 0 1 0.2 0.4 0.4 0 0.6000000000000001 0.6000000000000001 0.6000000000000001 0 0.2 0 0.4 0.4 0.4 0 0.2 0 0 0.6000000000000001 0 0.6000000000000001 1.6 0 0 0 1.6 0.8 0.2 6.2 0 0.6000000000000001 0.2 0 1 1.2000000000000002 0.4 0 0 0.6000000000000001 1.8 0.4 0 0 0.4 0.6000000000000001 1 0 0.4 0 0 0 0 6 2.6 2.2 0 0 0 4.800000000000001 6.800000000000001 4.800000000000001 0 4 3.6 0.4 2.6 0.2 0.2 5.800000000000001 2.2 4.6000000000000005 3 0 0 0 0 0 0 0 0 0 0 0 0 0 0 0 0 0.4 0.8 0 0 0 0 0 0 0 0 0 0 0 0 0 0 0 0 0 0 0 0 0.2 0 0 0 0 0 2.4000000000000004 0 0 1.6 0 0 0 0 0 0 0 0 0 0 0 0 5.4 0.2 0 0 0 0 3.4000000000000004 0.8 0 0 0 0 4.2 2 2 2 7.2 3.4000000000000004 9.200000000000001 4.4 0 0 0 0 0 0 0 0 0 0 0 0 0 0 0 0 0 0.4 0 0 0 0 0 0.2 0 0 0 0 0 0 0 0 0 0 0 0.2 0 0 0 0 0 0 0 0 0 0 0 0 0 0 0 0 0 0 0 0 0 0 0 0.2 0 0 0 0 0 0.6000000000000001 0 0.4 0 19.6 0 1.4000000000000001 0 0 0 0 0 0 0 0 0 0 0 0 0 0.6000000000000001 0 0 0 0 0 0 0 0.8 0 0 0 5.4 0 0 0 0 0 0 0 0 0 0 0 0 
 0 0 0 0.4 22.400000000000002 15.4 0.4 0 0.6000000000000001 0.8 0 0 0.6000000000000001 0 0 0.4 0 0 0 0 0 31.6 48.800000000000004 23.200000000000003 22.400000000000002 5.800000000000001 24.6 35.2 58.400000000000006 3.8000000000000003 11 8.200000000000001 74.8 65.4 42.6 23.200000000000003 11.4 6.2 29.6 17 0.2 0.8 0 0 0 0 1.2000000000000002 0 0.6000000000000001 0 0.4 0.6000000000000001 0.2 0 0 0 0 0.6000000000000001 0 0 0.2 0 0 0.4 0.4 0 0.6000000000000001 0.6000000000000001 0 0 0 0 0 0 2 0 0 0.8 0 0 0 0 0 0 10.200000000000001 0 0 0 0 0 0 0 0 0 0 0 0 0 0 0 2.6 1.6 0.2 0 0 3.6 1.4000000000000001 4.4 1.6 4.2 2.4000000000000004 0 0 0 9.4 8.4 3.2 4.2 5.2 4.2 0 0 0 4.6000000000000005 0 0 0.4 0 0 0 0 0 0 0 0 0 0 0 0 0 0 0 0 0 0 0.2 0 0 0 0 0 9.600000000000001 0 0 0.2 0 0 0 0 0 1.6 0 0 0 5.4 0 0 0.2 0 2.4000000000000004 0 0.8 0 0 0 0 0 0 0 0 6.6000000000000005 0 7.2 4.2 4.2 0 4.6000000000000005 0 1.8 2.8000000000000003 0 1.8 1.8 1.4000000000000001 0.2 1 0.8 4.800000000000001 3.8000000000000003 8.8 0 0 0 0 0 0 0 0 0 0 0 0 1.2000000000000002 0 0 0 0 0 0 0 0 0 0 5.6000000000000005 0 0 0 0 0 0 0 0 1 0 0 0.4 0 0 0 0 0 0 0 0 0 0 0 0 0 0 0 0 0 0 2 0 0.4 0.2 15.8 0.2 0.2 0 0 0 0 0 0 0 0 0 0 0 0 0 0 0 0 0 0 0 0 4.2 0 0 0 0 2 0 0 0 
 1.2000000000000002 1 0.6000000000000001 0.6000000000000001 19.400000000000002 31.400000000000002 0.6000000000000001 0.6000000000000001 0.6000000000000001 1.8 0.6000000000000001 0.6000000000000001 0.6000000000000001 2 0.6000000000000001 0.6000000000000001 0.6000000000000001 0.6000000000000001 0.6000000000000001 0.6000000000000001 31.6 0 37.800000000000004 53 19.400000000000002 28.6 43 24.200000000000003 43 32 12 21.8 23.8 26.400000000000002 42.400000000000006 50.6 49 8.6 20.400000000000002 8.8 2 0.6000000000000001 0 0 0.8 0 1 0 0.6000000000000001 0.4 0.8 1 0.4 0 0 0.2 0.6000000000000001 0.4 12.4 0 0.2 0 0 0.4 0.2 0 0.6000000000000001 0 0.4 2.4000000000000004 0 0 0 0 0 1.2000000000000002 0 3.6 0 0 0 0.2 0 0 0 0 0 0 0 0 0 0 0 0 0 0 0 0 0.4 0 0.4 2.4000000000000004 2 7.6000000000000005 2.4000000000000004 6.2 0 3.6 5 1.4000000000000001 0 0.4 2.2 0 0.4 7.4 3.8000000000000003 0.2 0.8 0 0 3.8000000000000003 0 0 4 0 6.2 0 0 0 0 0 2.2 0 0 0 0 0 1 1.4000000000000001 0 0 0 0 0 0 0 0 0 0 0 0 0 0 0 0 0 0 0.2 0 3.4000000000000004 0 0 0 0 0 0 0 0 0 0 4.2 0 0 0 0 4.2 0 0 0 0 3 8 1.4000000000000001 0 0.2 5.4 5.6000000000000005 1.4000000000000001 4.800000000000001 1 6.800000000000001 3 0 6.2 1.2000000000000002 0.2 7.6000000000000005 2.4000000000000004 6.800000000000001 0 0 0.6000000000000001 0 0 0 0.2 1.6 0 0 0.2 0 1 0 0 0 0 0 2.2 3 0 0 0 0 0 0 0 3.8000000000000003 0 0 0 0 0 0 0 0 0 0 0 0 0 3 2.2 0 0 0 0 0 0 0 0 0 0 0 1.6 0 0 30.8 15.8 0.2 3.8000000000000003 0.2 0 0 0 0 0 0 0 0 0 0.4 0 0 0 0 0 0.2 0 0 0 2.6 0 0 0.4 6.800000000000001 0 0 0 0 
 0.4 0 0 0 15.200000000000001 4.800000000000001 0 0.2 0 0 0 0 0.6000000000000001 0.4 0 0 0 0 0 0 48.800000000000004 37.800000000000004 0 42.2 54.2 24.6 11 84.2 44.400000000000006 21.400000000000002 16.400000000000002 6.4 13 52.400000000000006 13.600000000000001 71.8 99.60000000000001 74.2 13.600000000000001 68 0 0.6000000000000001 0 0.4 0 0 0.4 0 0.6000000000000001 0.6000000000000001 0.8 2.2 0.4 0 0.2 5 0.6000000000000001 0.4 0 0 0.4 0 0 0.4 10 0.6000000000000001 0.6000000000000001 0.6000000000000001 0 0 0.4 0.6000000000000001 0 0 2 0 0 1 0 0 0 0 0 0 0 0 0 0 0 0 0 0 0 0 0 0 0 0 0 0 0 6.2 0 6 2.6 2.4000000000000004 0 2.4000000000000004 8.4 2.2 5.6000000000000005 7 3 2.8000000000000003 0 5.6000000000000005 14.8 8.6 0 0 0 0 0 0 0 0 0 0 0 0 0 0 0 0 0.8 0 0 0 5.2 0 0 0 0 0 0 0 0 0 0 0 0 0 0 0 0 0 0 0 0 0 0 0 0 0.2 2.2 0 0 0 0 1 0 3.4000000000000004 3.8000000000000003 0 0 0 0 3 0 0 7.2 3.4000000000000004 2.2 4.6000000000000005 4.6000000000000005 2.8000000000000003 3 2.8000000000000003 5.4 3.4000000000000004 0 0.2 0 2.4000000000000004 6.2 1.4000000000000001 2.2 5.4 3.8000000000000003 0 0 1.4000000000000001 0 0 0 0 0 0 0 0 0 0 1.8 0.2 0 0 0 0 3.2 2.4000000000000004 0 0 0 0 0 0 0 0 0 0 0 0 0 1.2000000000000002 0 0 0 0 0 0 0 0 3.6 0 0 0 0 0 0 0 0 0 0 0 1 0 0.4 0.2 0.2 0.4 0.8 2.2 0 0 0 0 0 0 0 0 0 0 0 0 0 0 0 0 0 0 0 0 0 0 0 0 1.8 0 0 0 
 0 0 0 0 0 0 0 0 0 0.4 0 0 0.4 0 0.4 0 0.4 0 0 0 23.200000000000003 53 42.2 0 42.2 21.400000000000002 28.8 55.2 14 22.8 86.80000000000001 46.6 12.600000000000001 93.60000000000001 31.400000000000002 13 34.4 34.2 16.400000000000002 11 12 0.6000000000000001 0.2 0 0 0 0 10.200000000000001 4 0 0.4 0.6000000000000001 0.2 18.400000000000002 0 0.4 0 0.4 12.200000000000001 0.2 0.2 0 0 0.4 0.2 0 0.6000000000000001 0 0 0.4 0 0 0 0 0 0 0 7 0 0 0 0 0 0 0 0 0 0 0 0 0 0 0 0 0 0 0 0.2 0 0 1.8 2.8000000000000003 4.6000000000000005 3.6 0.4 7.6000000000000005 0 6.4 0.2 0 5.4 7.6000000000000005 0.8 3.4000000000000004 0 1.6 4 5.4 0 0 2.6 2 0 0 0 0 5 3.4000000000000004 0 0 0 0 3.6 2 0.2 2.8000000000000003 0 0.4 0 0 0 0 0 0 0 0 0 0 0 0 0 0 0 0 0 0 0 0 0 0 0 0 0 0 0 0 0 0 0 0.4 0 0 0 0 0 0 0 0 0 0 2.8000000000000003 2.6 0 0.8 0 13.600000000000001 2.6 0 5.800000000000001 4 1.6 0 0 0 7.4 0 1.4000000000000001 2.4000000000000004 0 0 0 1.2000000000000002 0 0 0 0.4 0.2 0 5.4 4.4 0 0 3.4000000000000004 0 0.2 0 9.200000000000001 0 3 0 0 0 0 0 0 0 0 0 0 0 0 0 0 1.4000000000000001 0 0 0 0 0 0 0 0 0 0 0 0 0.2 0 0 0 0 0 0 0 0.4 0.4 0 1 0.4 0.2 0 2.8000000000000003 0 0 0 0 0 0 0 0 0 0 0 0 0 0 0 0 0 0 0 0 0 0 0 0 0 0 0 0 
 0 0 0 0 0 0.4 0 0 0 0 0 0 0 0.4 0 0 0 0 0 0 22.400000000000002 19.400000000000002 54.2 42.2 0 13.8 23.200000000000003 58.6 18.400000000000002 111.80000000000001 20.200000000000003 7.4 55.400000000000006 23.200000000000003 12.600000000000001 11.8 13.200000000000001 39.6 11.600000000000001 12 12.600000000000001 0.6000000000000001 0.8 0 0.6000000000000001 0.6000000000000001 0 13 1.4000000000000001 0 0.4 0.6000000000000001 15.200000000000001 0.8 0 0 0.4 0.8 8.4 12.4 0.2 0 0 0.4 0.4 2.2 0.6000000000000001 0 0 0.4 0 0.2 0 0.6000000000000001 0 0 0.6000000000000001 0.8 0 0.4 0 0 0 0 0 4.2 0 0 0 0 0 0 0 0 0 0 0 0 0 0 2.2 2 6.2 0 1.6 11 0 0 0 2.4000000000000004 0 4.2 0 4 0 0 2.6 2 0 0 4.800000000000001 0 0 0 0 0 7.6000000000000005 9.200000000000001 0 0 0.2 0 9.200000000000001 0 0 3.8000000000000003 0 3.8000000000000003 0 7.6000000000000005 0 0 0 0 0 0 0 0 0 0 0 0 0 0 0 0 0 0 0 0 0 0 7 0 0 0 0 3.4000000000000004 0 0 0 0 0 0 0 0 1.6 0 0 0 0 1.8 1.8 0 7.6000000000000005 10.4 0 0 0 0 0 3 0 0 0 1.6 3 0 0 0 0 0 3.2 0 0 0 2.8000000000000003 6.4 4 0.6000000000000001 0 0.2 4 9.600000000000001 5.800000000000001 0 4.4 0 6.2 3 0 0 0 0 0 0 0 0 0 0 1 0 0 0 0 0 0 0 0 0 0 0 0 0 0 0 0 0 0 0 0 0 0 0 2.6 0 0.2 0.4 18.400000000000002 0.4 0.6000000000000001 0 0 0 0 0 0 0 0 0 0 0 0 0 0 0 0 0 0 3 0 0 0 0 0 0 0 0 0 0 
 0.6000000000000001 0 0 0 0 0 0 0 0 0 0.8 0 0 0.6000000000000001 0 0.2 0 0 0 0.8 5.800000000000001 28.6 24.6 21.400000000000002 13.8 0 7.2 9.4 10 28.8 29.400000000000002 70.2 7.2 26.8 11.200000000000001 27.6 22.6 27.200000000000003 12.8 8.200000000000001 0 0.6000000000000001 13.4 0.4 0 0 0.2 13 0.6000000000000001 0 0.4 0.6000000000000001 0.6000000000000001 12.4 19.6 0 9.600000000000001 0.6000000000000001 4.4 37.6 0 0 4.6000000000000005 0.6000000000000001 0.6000000000000001 0 0.2 0 0 0 0 0 0 0 0 0 0 0.6000000000000001 0 0 0 0 0 0 0 0 0.4 0 0 0 0.2 0 0 0 0 0.2 0 0 0 0 0 0 0 4.4 3.8000000000000003 7.2 0 2.6 0 0 0 1.6 0 0 0 3 6.6000000000000005 4.4 0 0 1.8 0.2 6.4 0 0 1.8 2.4000000000000004 3.8000000000000003 3.6 0.4 6.6000000000000005 5.800000000000001 5.2 12.4 2.4000000000000004 7.4 4.4 1.6 4 3.8000000000000003 0 0 0 0 0 1.4000000000000001 0 0 0 0 1 0 0 0 0 0 0 0 0 0 0 0 1 0 1.2000000000000002 0 0 0 0 0 0 0 0 0 0 0 0.2 0 0.4 0 0 0 0 2.4000000000000004 3.4000000000000004 3.6 0 0 0 0 1.8 4.800000000000001 0 0 0 0 0 4 0 0.4 10.200000000000001 0 1.6 0 0.6000000000000001 0 2.8000000000000003 4 2.6 0 0 3 5 12.600000000000001 1.8 3.8000000000000003 0 1.6 2.4000000000000004 4.6000000000000005 2.8000000000000003 0 0 0 0 0 0 0 0 0 0 0 0 1.6 0 0 0 0 0 0 0 0 0 0 0 0 0 0 0 0 0 0 0 0 1.4000000000000001 1.2000000000000002 0.4 19.400000000000002 0 1.6 0 0 0 16.6 0 0 1.4000000000000001 0 0 0 0 0 0 0 0 0 0 0 0 2.8000000000000003 0 0 0 0 3.6 0 0 0 0 0 
 0 0 0 14.8 18 0 0 0 0.4 16.8 0 0 0 0 0 0 4.6000000000000005 0 0.4 0.2 24.6 43 11 28.8 23.200000000000003 7.2 0 126.60000000000001 47 6.2 32.6 40.400000000000006 29.6 25 9 20.400000000000002 23.200000000000003 10.8 79 29.400000000000002 0.2 0.6000000000000001 1 0 0 0 0 0 1.4000000000000001 0 0.4 0.6000000000000001 0.4 1 0 0 0 0.4 0 0 0.4 0 0 0.4 0 0 0.6000000000000001 0 0 1.4000000000000001 0 0 0 0 0 0.4 0 2.2 0 0 0 0 0 4.4 2.8000000000000003 0 0 0 0 0 0 0 0 0 0 0 0 0 0 0 2.2 5.4 6.2 3.4000000000000004 0 2.8000000000000003 1.4000000000000001 8 3.8000000000000003 2.8000000000000003 0 0.4 3.6 4.6000000000000005 0.2 3.4000000000000004 0 5 6 1.6 0 0 0 0 0 0 0 0 0 0 0 0 0 0 0 2.2 0.2 0 0 0 0 0 0 0 0 0 0 3.2 0 0 0 0.4 0 0 4.2 0 0 0 0 0 0 0 0 0 2.6 0 0 0 0 0 0 3.6 0.2 0 0 0 0 0 0 0 0 1.8 0 0 1.2000000000000002 3 9.200000000000001 3.4000000000000004 4 5.800000000000001 2 3.2 0.2 0.2 3.4000000000000004 3.6 0.6000000000000001 2.4000000000000004 2.8000000000000003 0.2 6 0 0 0 0 0 0 0 0 0 0 0 0.2 0 0 0 0 0 1.6 0 0 0.6000000000000001 0 0 0 0 0 0 0 0 0 0 0 0 0 0 0 0.2 0 0 0 0 0 0 0 0 0 0 0 0 0 0 0 0 0.4 0 0 15.200000000000001 2.4000000000000004 0 0.2 0 0 0 0 0 0 0 0 0 0 0 0 0 0 0 4.4 0 0 0 0 0 0 0 0 3.6 0 0 0 0 
 0 0.4 0 0 14 15.4 0 0 0 0.4 0 0 0.4 0.8 0 0.2 0 0.4 0 0 35.2 24.200000000000003 84.2 55.2 58.6 9.4 126.60000000000001 0 72.4 9.8 7.6000000000000005 22.8 34.2 73.60000000000001 54.6 39.400000000000006 86.4 13.4 32.2 54.6 0 0.6000000000000001 0 0 0 0.2 1 0.2 0.6000000000000001 0.2 0.4 1.4000000000000001 0.4 0.6000000000000001 0 0 0 0.6000000000000001 1.2000000000000002 0 0 0 0.2 1.8 0.6000000000000001 0 0.2 0 0 1 0 0 0 0 0 1.6 0 1.6 0 0.6000000000000001 0 0 0 0.4 3 0 0 0 0 0 0 0 0 0 0 0 0 0 0 0 0 2.8000000000000003 4.2 5.4 0 5.4 0 7.2 12 0.2 0 5.800000000000001 0.4 3 0 4 2.6 0.2 1.8 0 0.2 0 0 0 0 0 0.2 0 0 0 0 0 0 0 0 0 0 0 0 3.4000000000000004 0.2 0 0 0 0 0 0 0 0 0 0 0 0 0.4 0 0 0 0 0 2.8000000000000003 1 0 0 0 0 0 0 0 0 1.8 2.8000000000000003 3.4000000000000004 0 0 0 0 0 0 0 0 0 2.4000000000000004 6 1.4000000000000001 0 1 1 10.8 2.8000000000000003 5.4 2.4000000000000004 7.800000000000001 4.2 0 5.6000000000000005 1.2000000000000002 0.2 8.4 1.2000000000000002 5.2 0.2 0 0 0 0 0 0 0 0 0 2.4000000000000004 0 0.6000000000000001 0 0.2 0 0 0 0 0 0 0 0 0 0 0 0 0 0 0.6000000000000001 0 0 0 0 0 0 0 0 0 0 0 0 2.2 0 0 0 0 0 0 0 0 0 0 0 0.4 0 0.2 15.200000000000001 15.200000000000001 0 0.4 2.2 0 0 0 0 0 0 0 0 0 0 0 0 0 0 0 0 0 0 0 2.6 0 0 0 0 0 0 0 0 
 0.6000000000000001 1 0.6000000000000001 0.8 8 15.8 0.6000000000000001 0.6000000000000001 1 0.6000000000000001 0.6000000000000001 0.6000000000000001 0.6000000000000001 0.6000000000000001 0.6000000000000001 0.8 0.6000000000000001 1 0.6000000000000001 1 58.400000000000006 43 44.400000000000006 14 18.400000000000002 10 47 72.4 0 36.4 10.600000000000001 10.200000000000001 14.600000000000001 38.2 142.20000000000002 28.6 29.8 24.6 37.800000000000004 23.6 13 0.6000000000000001 0 0.2 0 0 0 0.2 0.6000000000000001 0 1 1.8 0.2 0.2 1.2000000000000002 0.6000000000000001 0.6000000000000001 0.4 18.6 0.4 0.2 0 0.6000000000000001 0.4 0.4 0.4 0.6000000000000001 0.4 1.2000000000000002 0.8 0 0 0 0 2 0.4 0 1 0 0.6000000000000001 0 0 0 0 0 0 0 0 0 0 0 0 0 0 0 0 0 0 3.4000000000000004 0 0 6 7.800000000000001 0 2.2 4.6000000000000005 0 0 0.2 12.4 3.2 0 0 2.2 2.2 7.6000000000000005 13.200000000000001 2 1.6 0 0 1.6 0.4 0 0 0 5 0 0 0 0 0 0 0 0 0 0 0 2.4000000000000004 0 0 0 0 1.8 0 0 0 0 0 0 0 0 0 3.4000000000000004 0 0 2 0.4 0 0 0 0 0 0 0 0 0 0 0 0 0 3.6 0 0 0 0 0 0 0 0 0.2 3.2 2 0 2.4000000000000004 3.6 7.800000000000001 0 0.6000000000000001 5.4 3.4000000000000004 3.2 0 3 0.6000000000000001 6.4 7.4 0.6000000000000001 8.6 4.2 0 0 0 0 0 0 0 1.4000000000000001 0 0 0 0 0 0 0.2 0 0.2 0 4.6000000000000005 1.8 0.2 0 0 0 0 0 0 0 0 0 0.4 0 0 0 0 0 0 0 0 0 0 0 0 0 0 0.4 0 0.4 0 0 0 0 0 2.6 2 0 0.4 0.4 15.4 0.6000000000000001 2 0 0.2 0 0.4 0 0 0 0 0 0 0 0.4 0 0 0 0 0 0 0 0 0 0 0.4 0 3 3 0 0 0 
 0.6000000000000001 0 0 0 0 0.4 0 0 0 0 0.2 0 0 1.4000000000000001 0 0 0 0 0 0.2 3.8000000000000003 32 21.400000000000002 22.8 111.80000000000001 28.8 6.2 9.8 36.4 0 33.2 64.4 7.2 34.800000000000004 20.200000000000003 23.400000000000002 23.8 48.400000000000006 14.600000000000001 15.4 13.200000000000001 0.6000000000000001 0.6000000000000001 0 0 1.6 0.4 0.8 1.6 0.8 0.4 0.6000000000000001 0.2 0.8 0 0 0 0.4 26.8 0 0 0 0.4 1.6 0.6000000000000001 1 0.4 0 0 0 0 0 0 0 0 0.4 0 10.600000000000001 0 0 0 0 0 0 0 0 0 0 0 0 0 0 0 0 0 0 0 0 0 0 1.8 0.2 1.8 0.8 11 2.8000000000000003 2.6 2 2.2 3.4000000000000004 4.800000000000001 0 0 2.6 0 0 5.2 7.800000000000001 0 0 4 9.600000000000001 0 0 0 0 3.2 0 0 0 0 0 5.2 0 0 0 0 0 6 4 0 0 0 0 0 0 0 0 0 0 0 0 0 0 0 0 0 0 0 0 0.6000000000000001 0 0 0 0 0 0 0 0 0 0 0.2 0 0 0 0 0 0 0 0 0 7 4.800000000000001 0 2.8000000000000003 6.800000000000001 0 0 0 0 4.6000000000000005 3.8000000000000003 0 0 0.2 1.8 3.8000000000000003 4.800000000000001 0 0 0 0 0.2 0 0 0 2 2.4000000000000004 0 0 0 0 2.2 1.8 2.8000000000000003 0 4.6000000000000005 0 7.4 4.800000000000001 0 0 0 0 0 0 0 0 0 0 0 0 0 0 0 0 0 0 0 0 0 0 0.2 0 0 0 0 0 0 0.4 0 0 0 0 1.8 0 0 15.4 0.4 0.6000000000000001 2.6 0 0 0 0 0 0 0 0 0 0 0 0 0 0 0 0 0 0 0 0 0 0 0 0 0 0 0 0 0 
