 0 20.8 33.4 30.6 90.4 7.4 18.6 13.4 7 24.200000000000003 26.400000000000002 48 48.6 34 71.8 8.200000000000001 27.200000000000003 6.4 19.200000000000003 44.6 0 0.6000000000000001 0 0 0 0 0.2 0 0 0.6000000000000001 0 1 0 0 0 0.4 0.6000000000000001 0.2 14.8 0.2 0.6000000000000001 0 0 0 0 12.200000000000001 0.6000000000000001 0 0 0.4 0 0 0 0 0.4 0 0 7.6000000000000005 0 0 0.6000000000000001 0 0 0 0.4 0 0.6000000000000001 0 0 0.6000000000000001 0 0 1 0 0 0 2 0 0 0 0 3.6 0 4 3.2 4.6000000000000005 5 5 8 3.4000000000000004 0.6000000000000001 2.4000000000000004 0.2 0.2 5 14.600000000000001 2.8000000000000003 0.2 0 6.6000000000000005 0 0 0 0 0 0 0 0 0 0 0 1 0 0.2 3.4000000000000004 0 0 0 0 0 0 0 0 0 0 0 0 0.4 0 0 0 2 0 0 0 0 0 3.4000000000000004 2 0 0 0 0 0 0 0 1.4000000000000001 0 0 0 0 0 0 0 0 0 0 0 0 0 4.6000000000000005 2.2 3.6 2 0.6000000000000001 0.2 0 0 0.8 3.8000000000000003 6.800000000000001 6.800000000000001 4 2.8000000000000003 0 3 0.6000000000000001 0.2 0 5.2 0 0 0 0 0 0 3 4 0 0 0 0 0.2 0 0 0 0 0 6.800000000000001 0 0 0 0 0 0 0 0 0 0 0 0 0 0 0 0 0 0 0 0 0 0 0 0 0 0 0 0 0 0 0 0 0 0 0 0 0 0.2 0 0 0 0 0 0 0 0 0 0 0.2 0.6000000000000001 0.8 0 0.6000000000000001 0 0 0 0 0 0 0 0 0 0 0 0 0 0 0 0 0 0 0 0 0 0 0 0 0.4 0 0 0 0 0 0 0 0 0 0 0 0 0 
 20.8 0 82.60000000000001 49 30.200000000000003 50.2 56.400000000000006 84.80000000000001 57.800000000000004 27 40 41 8.6 19 10.4 30.6 83.2 23.200000000000003 5 30.400000000000002 14.600000000000001 0.6000000000000001 0 0 0 0 0 0 0 0.6000000000000001 0 0.2 0 0 0 0.4 1 0.6000000000000001 0.4 0 0.6000000000000001 0 0 0 0 0 0.6000000000000001 0 0 0.4 0.4 13 0 0 0 0 0 0.2 0 0 0.4 0 0 0.2 0.4 0 0.6000000000000001 0 4.4 0.6000000000000001 0 0 0 0.2 0 0 0.6000000000000001 0 1 0 0 0 2 2.4000000000000004 2.2 2.6 0.2 3 4.6000000000000005 0.2 2.8000000000000003 1.2000000000000002 0 9.200000000000001 1 6.4 4.6000000000000005 3.2 0 0 1.8 0 0 0 0 0 0 0 0 0 0 0 1 0 0.4 0 0.2 1.6 4.6000000000000005 0 0 0 0 0 0 0 0 0 0 0 0 0 0 0 0 0 0 4.800000000000001 0 0 1.4000000000000001 3 1 0 0 0 0 0 0 0 0 0 0 0 0 0 0 0 0 0 0.8 6.800000000000001 2.8000000000000003 5.4 1.4000000000000001 1.6 0 0 1.8 1.6 5.800000000000001 0 0 3.8000000000000003 11 2.4000000000000004 0 1.8 0 0 0 0 0.2 0 0 2.8000000000000003 0 0 0 3.4000000000000004 0 0 0.2 0 0 0 0 0 2 0 0 0 0 0 0 0 0 0 0 0 0 0 0 0 0 0 0 0 0 0 0 0 0 0 0 0 0 0 0 0 0 0 0 0 0 0 0 0 0 0 0 0 0 0 0 0.4 22 0 1.2000000000000002 0.2 0 0.4 0 0 0 0 0 0 0.2 0 0 0 0 0 0 0 0 0 0 0 0 0 0 0 0 1.8 0 0 0 0 0 0 0 0 0 0 0 0 0 0 
 33.4 82.60000000000001 0 62.2 52.800000000000004 67.60000000000001 13 83.4 41.6 104 46.2 27.6 31.200000000000003 45.400000000000006 11.200000000000001 95.4 45.2 29.8 5.2 44.2 0 0.8 0 0 0 0 14.8 14.600000000000001 0 0.6000000000000001 0 0 0.2 0 0 0.4 0.6000000000000001 0 14.8 0 0.6000000000000001 1.8 0 0 0 0 0.6000000000000001 0 0 0.4 0 0 0.6000000000000001 0 0 0 0 0 0 0 0.6000000000000001 0 0 0 0.4 0 0.6000000000000001 0 0 0.6000000000000001 0 0 0 0 0 0.2 0.6000000000000001 0 0 0 0 0 0.4 3.6 0.6000000000000001 4.800000000000001 0 0 3.6 2.4000000000000004 8.200000000000001 0 0 2.6 2 7.2 3.8000000000000003 3.4000000000000004 0 0 0 0 0 0 0 0 0 0 1.8 0 0 0 3.6 0 3 0 0 0 2.6 2.2 0 0 0 0 0 0 0 0 0 0 0.4 0 0 0 0 0.2 0 0.2 4.4 0 4.2 0.2 0 0 0 0 0 0 0 0 0 0 0 0 0 0 0 0 5.2 0.2 1.8 1.6 0 2 6.4 2 0 0 0 0.4 2.8000000000000003 0 0 3.6 2.4000000000000004 1.8 0 5 0 0 0 7.800000000000001 0 0 0 0 0 0 0.4 0 0 0 3.8000000000000003 0 0 0 0 0 0 0 0 0 0 0 0 0 0 0 0 0 0.4 0 0 0 0 0.2 0 0 0 0 0 0 0 0 0 0 0 0 0 0 0 0 0 0 0 0 1.2000000000000002 0 0 0 0 0.6000000000000001 0.4 0 0 0.2 0.2 0 18.2 0.4 0 0.4 0 0.6000000000000001 0 0 0 0 0 0 0 0 0 0 0 0 0 0 0 0 0 0 0 0 0 1.6 0 0.2 0 0 0 0.6000000000000001 0 0 0 0 0 0 0 2.4000000000000004 
 30.6 49 62.2 0 65.8 9.600000000000001 56.400000000000006 34.6 50 33.2 82.4 26.8 9.8 35.6 58.6 89.4 22.200000000000003 80.2 13.600000000000001 48.2 0 0.6000000000000001 0 0 0.2 0 33.2 0 0.2 0.6000000000000001 0.4 0.6000000000000001 0 0 0.2 0.4 0.6000000000000001 0 0.2 14.600000000000001 0.6000000000000001 1 0 0 0 0 0.6000000000000001 0 0 0.4 0 0 0 0 0 0 0 0 0.4 0 0.6000000000000001 0 0 0 7 0 0.6000000000000001 0 0 0.6000000000000001 0 0 0 0 0 0 0.6000000000000001 0 0 0 0 0 1 3.6 2.2 9.200000000000001 2.2 0.2 9.8 2.8000000000000003 10.200000000000001 0 0 0.8 0 5.2 3.8000000000000003 2.2 0 2.8000000000000003 3.2 2.6 0.2 0 0 0 0 0 2 0 0 0 7.6000000000000005 3.6 0 0 0 2 3.2 0 0 0 0 0.4 0 0 0.2 0 0 0 0 0 0 0 0 0 0 0 0 0 0 0 0 0 0 0 0.6000000000000001 0 0 0 0 0 0 0 0 0.2 0 0 0 0 2.6 0 0.2 0.4 1.8 2 0 0 0 0 3.2 1.6 0 4.800000000000001 5.2 1 0 3.4000000000000004 0 2.6 2 0 0 0 0 0 0.2 0 0 0 0 0 3.2 0.2 0 0 0 0 0 4.4 0 0.2 0 0 0 0 0 0 0 0 0 0 4 0 0 0 0 0 0 1.6 0 0 0 0 0 0 0 0 0 0 0 0 0 0 0 0 0 0 0 2.2 0 0 0 0 0 0 18.6 0 0 0.2 4.4 3.2 0 0 0 0 0 0 0 0 0 0 0 0 0 0 0 0 0 0 0 0 0 0 0 1 0 0 0 0 0 0 0 0 0 0.4 0 0 0 0 
 90.4 30.200000000000003 52.800000000000004 65.8 0 10.4 8.8 95.4 62.2 49.800000000000004 34.800000000000004 30 13.4 8.4 32.800000000000004 62.2 32.4 52.800000000000004 8.200000000000001 34 0 0.6000000000000001 0 0 0 0 17.2 0 0 0.6000000000000001 0 0 41.6 0 0 0.4 0.6000000000000001 0 0 15 0.6000000000000001 1 0 0.6000000000000001 0 0 0.6000000000000001 0 0 0.4 0 0 0 0 0 0 0 0 0 0 0.4 0 0 0 1 0 0.6000000000000001 0 0 0.6000000000000001 0 0 0 0.6000000000000001 0 0 0.6000000000000001 0.4 0 0 0 0.2 0 5 1.6 4.2 3.6 0.2 0 3.4000000000000004 4 3.6 0 0 0 2 1.8 4.2 0 0 0 0 0.6000000000000001 0 0 0 0 2.6 2 0 0.2 0 3.2 0 0 2.4000000000000004 0 0 2 0 0 0 0 0 0 0 0 0 0 0 0 0 0 0 0 0 0 0 0 0 0 0 0.4 0 0 0 0 0 2 0 0 0 0 0 0 0 0 0 0 0 0.4 0 0.2 4 5.6000000000000005 5 0 0 0.2 0 3 3.6 0 5.800000000000001 6.800000000000001 2 0.2 3 1.2000000000000002 0 0.2 1.2000000000000002 0 0 0 0 0.2 0.4 0 0 0 0 3.4000000000000004 0 0.8 0 2.4000000000000004 0 0.2 2 0 0 0 0 0 0 0 0 0 0 0 2.8000000000000003 0 0.2 0.4 0 0 0 0 0 0 0 1.2000000000000002 0 0 0 0 0 0 0 0 0 0 0 0.4 0 0 0 0 0 0 0 0 0 0 0.6000000000000001 18 0 0.4 0.6000000000000001 1.8 3.2 0.4 0 0 0 0 0 0.4 0 0 0 0 0 0 0 0 0 0 0 0 0 0 0 0 1.8 3.6 0 0 0 0 0 0 0 0 0 0 0 0 0 
 7.4 50.2 67.60000000000001 9.600000000000001 10.4 0 5.6000000000000005 9 25.200000000000003 51.6 14.8 28 7.2 10.4 6.2 22.400000000000002 40 30 17.2 51.6 0.6000000000000001 7.6000000000000005 0 14.8 0 0 14.600000000000001 7.2 0 5 0.2 0.4 41.400000000000006 14.8 15.8 0.6000000000000001 31.8 0 15.200000000000001 20.8 1 0 0 0 0 0 0.6000000000000001 0.6000000000000001 0 0.8 0 0 0.6000000000000001 0 0.4 0 0 0 0 0 1 0 0 0.4 0.4 0 0.6000000000000001 0 0 0.6000000000000001 0 0 0 0.2 0 0 1 0 0 0 0 0.2 0 1.2000000000000002 0 0.2 0 0 3.4000000000000004 0.8 0.6000000000000001 0.2 0 0 0 2.2 0.4 0.2 0 0 2.2 1.8 1.6 2.2 0 0 9 4.6000000000000005 0 0 0 0 2 4.2 0 4.6000000000000005 0 2.6 6.4 2.2 0 0 0 0 0 0 0 0 0 0 0 0 0 0 0 0 0 0 2 0 2 0 0 0 0 0.2 0 0 0 0.4 0.4 10.600000000000001 0 0 0 0.4 0 0 0 0 0 2 0.2 3.6 0.6000000000000001 0.2 0 0 0 10.200000000000001 5.2 9 0 0 2 0 0.2 1.8 0 0 0 5.800000000000001 15.8 2.4000000000000004 0 0 15.600000000000001 3.4000000000000004 13.200000000000001 4.6000000000000005 2.4000000000000004 0 0.2 3.8000000000000003 1.4000000000000001 6.2 3.2 0 15.600000000000001 8.8 0 0 0 0 0 0 0 0 0 0 0 0.4 0 0 0 0 0 0 0 0 0 0.2 0 0 0 0 0 0 0 0 0 0 0 0.2 0 0 0 1 0 0 0 0 0 0 0 0.2 0 0 0.2 2.6 0.2 2 0 0 0 0 0 0 0 0 0 0 0 0 0 0 0 0 0 0 0 0 0 0 0 0 2.6 0 0 0 0 0 0 0 0 0.2 0 0 0 0 
 18.6 56.400000000000006 13 56.400000000000006 8.8 5.6000000000000005 0 18.6 9.8 8.200000000000001 48.6 27.200000000000003 66.4 10.4 8 69.60000000000001 9.8 21.200000000000003 30.6 26.6 0 0.6000000000000001 0 0 0 0 14.8 0 0 0.6000000000000001 0 0 0 0 0 0.4 0.6000000000000001 0.4 0 0 0.6000000000000001 0 0 0 0 0 0.6000000000000001 0 0.2 0.4 0 0 0 0 0 0 0 0 0 0 0.6000000000000001 0 0 0 0.4 0 0.6000000000000001 0 0 0.6000000000000001 0 0 0.2 0 0 0 1.4000000000000001 0 0 0 1.8 0 1 3.6 0 0 0 3.6 3.4000000000000004 2.4000000000000004 0 4.800000000000001 1.2000000000000002 8.200000000000001 9.8 0 1.8 3 4 3.6 0 1.8 0 0 0 0 0 0 0 0 0 0 0 0 0 0 0 0 2 0 0 0 0 0 0 0 0 0 0 0 0 0 0 0 0 0 0 0 0 0 0 0 0 1 0 0 0 0 0 0 0 0 0 0 0 0 0 0 0 0 13 4.800000000000001 5 1.6 0 3.8000000000000003 0 3.2 2.2 0 0.2 1.6 3.8000000000000003 0 1.4000000000000001 0 0.2 3.2 2.4000000000000004 0 0 0 0 0 0 0 0 0 0 0 0 0 0 0 0 0 0 0 2.6 0 0 0 0 0 0 0 0 0 0 0 0 0 0 0 0 0 0 0 0 0 0 0 0 0 0 0 0 0 0 0 0 0 0 0 0 0 0 0 0 0 0 0 0 0 0 0.2 0.2 0.2 20 0 0 2 0 0 0 0 0 0 0 0 0 0 1.6 0 0 0 0 0 0 0 0 0 0 0 0 0 3 0 0 0 0 0 0 0 0 0 0 0 0 0 
 13.4 84.80000000000001 83.4 34.6 95.4 9 18.6 0 17 34.6 10.4 10.600000000000001 44.400000000000006 36.2 57.6 42.6 8.6 5.2 9 47.6 0 0.6000000000000001 0 0 0.4 0 0 0 0.2 0.6000000000000001 0 0 0 0 0 0.8 0.6000000000000001 0.2 0 0 0.6000000000000001 1 0 0 0 0 0.6000000000000001 0 0 0.4 0 0 0 0 0 0 0 0 0.6000000000000001 0 0.4 0 0 0 0.4 0 1 0 0 0.6000000000000001 0 0 0.6000000000000001 0.2 0 0 0.6000000000000001 0 0 0 2 0 1.4000000000000001 3.4000000000000004 2.6 0 1.2000000000000002 2.2 1.8 3.2 6.6000000000000005 0 2.6 8.4 6 0.2 0 2.8000000000000003 0 0 0 0 0 0 0 3 0 0 0 0 0 0 1.4000000000000001 0 0 0 0 0 4 0 0 1.6 0 0 0 0 0 0 0 0 0 0 3.6 0 0 0 0 0 0 0 0 0 0 0 0 0 0 0 0 0 0 0 0 0 0 0 0 0 0 1.8 2.8000000000000003 4.4 0.8 3.8000000000000003 0.2 3.2 0 0 0 0 2.2 0 0 1.6 4.4 5.4 0 2 0 0 0 0 0 0 0 0 2.2 0 0 0 0 0 0 0 0 0 0 0 3.6 0 0 0 0 0 0 0 0 0.2 0 0 0 0 0 0 0 0 0 0 0.4 0 0 0 1.6 0 0.2 0 0.4 0 0 0 0 0.4 0 0 0 0 0 0 0 0 0 0 0 0 0 0 12 0 18 0 0 1.6 0 0 0 0 0 0 0 0 0 0 0 0 0 0 0 0 0 0 0 0 0 0 0 0 2.8000000000000003 0 0 0 0 0 0 0 0 0 0 0 0 0 
 7 57.800000000000004 41.6 50 62.2 25.200000000000003 9.8 17 0 149.4 27.8 41.800000000000004 33 22.8 11.600000000000001 49.6 57.2 48.2 11.200000000000001 28.8 0 0.6000000000000001 0 0 0 0 0.4 0 0 1.4000000000000001 0 0 4.800000000000001 0 8 0.4 0.6000000000000001 0.2 14.600000000000001 14.4 0.6000000000000001 9.200000000000001 0 0 0.6000000000000001 0 1.2000000000000002 0.4 0 0.4 0 0 0.4 0 0 0 0 0.4 0 0 0.6000000000000001 0 0.6000000000000001 0 0.6000000000000001 0 0.6000000000000001 0.2 0 0.8 0 0 0 0 10.600000000000001 0 0.6000000000000001 0 0 0 0 2 0 4.2 2.8000000000000003 2 4 1.8 1.8 6 0 6.6000000000000005 0 3.6 0 0 3.2 1.8 0 0 0 0 0 0 2.2 0 0 0 0 0 0 0.2 6.800000000000001 0.2 3.4000000000000004 0.2 2 0 4 2.8000000000000003 0 0 0 0 0 0 0 0 0 0 0 0 0.4 0 0 0 0 0 0 0 0 0 0 0 0 0 0 0 0 0 0 0 0 0.2 0 0 0 0 0 0 0 3.4000000000000004 2.2 5.2 6 7.4 0 0 0 0 4.4 5.4 0 0 4 0 3 0 0 0 0 0 0 0 0 0 0 0.2 0 0 0 0.4 4.4 0.2 5.2 0 0 0 2.6 0 0 0 2 0 0 0 0 0 0 0 0 0 0 0 0 0 0 0 0 0 0 0 0 0 0 0 0 0.4 0 0 0 0 0 0 0 0 0 0 0 0 0 0 0 0 0 0 12.200000000000001 0 0 1 1.6 2.4000000000000004 0 0 0 0 0 0 0 0 0 0 0 0 0 0 0 0 0 0 0 0 0 0 0 0 2.6 0 0 0 0 0 0 0 0 0 0 0 0 0 
 24.200000000000003 27 104 33.2 49.800000000000004 51.6 8.200000000000001 34.6 149.4 0 36 31 9.4 34.6 20.8 59.2 13.8 49.800000000000004 12 65 0 0.6000000000000001 0 0 0 0 0 14.600000000000001 0 0.6000000000000001 0 0 15 0 24 0.4 0.8 0.2 6.800000000000001 0 0.6000000000000001 2 0 0 0 0 0.6000000000000001 0 0 0.4 0 1 0 0 0 0 0 0 0 0 0.4 0 0 0 0.4 0 0.6000000000000001 0 0.2 0.6000000000000001 0 9.8 0 0.2 0 0 0.6000000000000001 0 0 0 2.8000000000000003 1.4000000000000001 2.2 0 10.4 0 1.8 3.8000000000000003 2 3.2 4.4 11.200000000000001 3.2 8 0 0 0 2.8000000000000003 0 0 2.8000000000000003 0.2 0 0 0 0 0 0 0 0 0 0 3.2 0 3.8000000000000003 1.4000000000000001 0 0.4 1.8 0 0 0 0 0 1.6 0 0 0 0 0 0 0 0 0 0 0 0 0 0.4 0 0 0 0 0 0 0 0 0 0 0 0 0 0 0 0 0 0.2 0 0 2.2 0 7.800000000000001 2 7.4 7.800000000000001 6 0.4 0 1.4000000000000001 9.200000000000001 3.6 2.8000000000000003 0 0.2 5 0 3 5 0.4 0.2 1.2000000000000002 0 1.2000000000000002 0 0 0 4.2 0.6000000000000001 0.2 0 0 0 3.4000000000000004 0.4 6.4 0 0 0.6000000000000001 4.2 1.8 0 0 0 0 0 0 0 0 0 0 0 0 0 2.2 0 0 0 0 0 0 0 0 0 0 0.2 0 0 0 0 0 0.2 0 0 0 0 0 0 0 0 0 0 0 0 0 0 0.2 28.6 0.2 0.4 17.400000000000002 0.4 3 0 0 0 0 0 0 0 0 0 0 0 0 0 0 0 0 0 0.4 0 0 0 0 0 2.2 3.6 1.8 0 0 0 0 0 0 0 0 0 0 0 0 
 26.400000000000002 40 46.2 82.4 34.800000000000004 14.8 48.6 10.4 27.8 36 0 45.400000000000006 4.4 25.8 57 40.2 41.800000000000004 65 48.2 17 0 0.6000000000000001 0 0 0 0 15 0.2 0 0.6000000000000001 0 0 0 0.2 0 1 0.6000000000000001 0 3.6 29.8 0.6000000000000001 0 0 0 0 0 0.6000000000000001 0 0 0.6000000000000001 0 0.6000000000000001 0.2 0 0 0 0.2 0.4 0 0 0.6000000000000001 0 0 0 0.4 0 0.6000000000000001 0 0 0.6000000000000001 0 0 0 0 0 0 0.6000000000000001 0 0 0 0.2 0 4.6000000000000005 0.2 2.8000000000000003 5.2 0 2 2.4000000000000004 3.4000000000000004 0.2 6.4 0 0 0 2.4000000000000004 3.6 0 0 0 2.8000000000000003 2 0.2 0 0 0 0 0 0 0 0 0 2.8000000000000003 1.6 8.4 0 2 2.2 0 5.2 0 0 0 0 0 0 0 0 0 0 0 0 0 0 0 0 0 0 0 0 2.4000000000000004 0 0.2 0 0 0 0 0 0 0 0 0 0 0 0 0 0.4 0 0 0 0 0 0.4 0 2.8000000000000003 2.2 0 0 0 0 4 2.8000000000000003 0 0 2 1.4000000000000001 0 0 0 0 8.6 3 0 0 0 0 0 0.4 0 0 0 0 3.2 0.4 0 0 0 0 0.2 2.6 0 0 0 0 0 0 0 0 0 0 0 0 0 0 0.4 0 0 0 0 0 0 0 0 0 0.4 0 0 0 0 0 0.4 0 0 0 0 0 0 0 0 0 0 3 0 0 0 0.4 0.2 0 0.2 17 1.2000000000000002 1.8 0 0 0 0 0 0 0 0 0 0 0 0 0 0 0 0 0 0 0 0 0 0 0 0.4 0 0.2 0 0 0 0 0 0 0 0 0 0 0 0 
 48 41 27.6 26.8 30 28 27.200000000000003 10.600000000000001 41.800000000000004 31 45.400000000000006 0 26.6 18.400000000000002 8 33.6 137.8 34.2 5 69.8 0 0.6000000000000001 0 0 0 0 0 0 0.4 0.6000000000000001 11.4 0 0 0 14.4 0.4 0.6000000000000001 0.4 15.4 13 0.6000000000000001 0 0 0 0 0 0.6000000000000001 0 0 0.4 0 0 0 0 0 0 0 0.8 0 0 0.4 0 0 0 0.4 0 0.6000000000000001 0 0 5.6000000000000005 0 0 0 0.2 0 0 0.6000000000000001 0 0 0 0.2 10.200000000000001 0 5.4 3.6 6 2.4000000000000004 2.6 9 4.4 2.2 11 0 7.2 1.4000000000000001 9.8 9.600000000000001 0 0 5.800000000000001 0 0 0 0 0 0 0 0 0 0.2 0 0 3 0 5.2 0 0 2.6 2.6 0 0 0 0 0 0 0 0 0 0.2 0 0 0 0 0 0 0 0 0 2.6 0 0 0 0 0 0.2 0 1.4000000000000001 0.4 0 0 0 0.4 0.2 0 0.4 0 0 0 2.4000000000000004 0 4.4 5.2 3.2 7 3.2 8.200000000000001 0 0 0.6000000000000001 0.2 15 5.6000000000000005 0 10.200000000000001 2.2 1.4000000000000001 1.8 3.4000000000000004 0 2 0 0 0 0 0.4 0 0.2 0 0 0.2 0 0 0 0 0 0 0.4 0 6 0 0 0 1.8 0 0 0 0 0 0 0 0 0 2.2 0 0 0 0 0 0 0 0.2 0 0 0 0 0 0 0 0 0 0 0 0 0 0 0.2 0 0.2 0 0 0 0 0 0 0 1.2000000000000002 0 0.4 17.400000000000002 9.200000000000001 0.8 1.2000000000000002 0 0 0 0 0 0 0 0 0 0 2.6 0 0 0 0 0 0 0 0 0 0 0 0 1.4000000000000001 0 0 0 0 0 0 0 0 0 0 0 0 0 0 
 48.6 8.6 31.200000000000003 9.8 13.4 7.2 66.4 44.400000000000006 33 9.4 4.4 26.6 0 31.400000000000002 36 25.6 24.6 5.800000000000001 33 12.200000000000001 0 1 0 0 0 0 0 0 0 0.6000000000000001 0 0 0 0 0 0.4 0.6000000000000001 0.4 0.2 0 0.6000000000000001 0 0 0 0 0 0.6000000000000001 0 0 0.8 0 0 0 0 0 0 0 0 0 0 0.6000000000000001 0 0 0 0.4 0 0.6000000000000001 0 0 0.6000000000000001 0 0 0.8 0 0 0 0.6000000000000001 0 0 0 3.8000000000000003 4 4.800000000000001 8.6 0 0 1.6 2 2.4000000000000004 0 5.4 0.2 0 2.8000000000000003 7 2.2 0 3.2 5.2 0.2 0 0.4 0 0 0 0 0 0 0 0 0.4 0 0 0 0 0 0 0 0 0 0 0 0.2 0 0 0 0 0 0 0 0 0 0 0 0 0 0.6000000000000001 0 0 0 0 0 0 0 0 0 0 0 0.4 0 0 0 0 0 0 0 0 0 0.2 0 1 2.2 1.8 0.2 0 0 0 4.6000000000000005 0 1.4000000000000001 0.6000000000000001 0 0.2 0 2.2 2.2 0 1 2 1.8 0 0 0 0 0 0 0 0 2.8000000000000003 0 0 0 2.8000000000000003 0 0 0 0 0 0 0 0 0 0 0.2 0 0 0 0 0.2 0.2 0 0 0 0 0 0 0 0 0 0.4 0 0 0 0 0 0 0 0 0 0 0 0 0 1 0 0 0 0 0 0 0 0 0 0 0 0 0 0 0.8 0 0.2 2.2 0 0 0 0 0 0 0 0 0 0 0 0 0 0 0 0 0 3.4000000000000004 0 0 0 0 0 0 3.8000000000000003 0 0 0 0 0 0 0 0 0 0 0 0 0 
 34 19 45.400000000000006 35.6 8.4 10.4 10.4 36.2 22.8 34.6 25.8 18.400000000000002 31.400000000000002 0 34.6 16.8 31.8 30.8 36.4 37.4 0.6000000000000001 0.6000000000000001 0 0 0.6000000000000001 0 0 0.6000000000000001 0 0.6000000000000001 0 0 0.2 0 0.4 0.4 0.8 0.2 15 0 0.6000000000000001 0 1.6 0 0.4 0.6000000000000001 7.4 0 0.4 0.4 1.4000000000000001 0.4 0 0 0.4 0 0.6000000000000001 0.4 0 0 1.4000000000000001 0 0 0 0.6000000000000001 0.4 1.2000000000000002 0 0 0.6000000000000001 0 1 0.6000000000000001 0.6000000000000001 0 0.6000000000000001 0.8 1.2000000000000002 0 7.6000000000000005 1.8 2.8000000000000003 1.2000000000000002 1 4 3.8000000000000003 2.2 1.4000000000000001 5.6000000000000005 1.8 0 3.4000000000000004 9.600000000000001 0 0.2 5.800000000000001 3 0 8 3 0 0 0 0 1.2000000000000002 0 0 0 0 0 0 0 1.2000000000000002 0 0 0 0 0 2.2 0 0 0 0 0 0 0 0 0 0 0 0 0 0 0 0 0 0 0 0 0 0 0 0 0 0 0 0.8 0 0 0 0 0 0 0.2 0 0 0 0 3.8000000000000003 0 2.8000000000000003 0 2.4000000000000004 3.6 3.2 0.6000000000000001 2.8000000000000003 0.2 2.2 6.2 0 0 4 8.200000000000001 2.2 4.800000000000001 1.4000000000000001 0 0 8.8 0 0 0 0 0 0 0 0 0 0 0 0 0 0 0 0 0 0 3 0 0 0 2.4000000000000004 0 0 0 0 0 0 0 0 0 0 0 0 0 0 0 0 0 0 0 0 0 0 0 0 0.4 0 0 0 0 0 0 0 0 0 0 0 0 0 0 0 0 0 0 0 0 0 7.800000000000001 0 1 0 0 0 0.4 0 0 0 0 0 0 0 0 0 0 0 0 0 0 0 0 0 0 0 1.8 0 0 0 0 0 0 0 0 0 0 0 0 0 0 
 71.8 10.4 11.200000000000001 58.6 32.800000000000004 6.2 8 57.6 11.600000000000001 20.8 57 8 36 34.6 0 57.800000000000004 30.400000000000002 8.8 13.600000000000001 21.8 0 1 0 0 0 0 0 0 0 0.8 0.4 0 0 0 0 0.4 0.6000000000000001 0.4 0 0 0.6000000000000001 0 0 0 0 0 0.6000000000000001 0 0 0.4 0 0 0 0 0 0 0 0 0 0 1 0 0 0 0.4 0 0.6000000000000001 0 0 0.6000000000000001 0 0 1.6 0 0 0 0.4 0 0 6.4 5.6000000000000005 2.8000000000000003 6.6000000000000005 2.2 0 0 0.2 0.2 2.8000000000000003 2 3 0 2.4000000000000004 2.6 6 2 2 7.800000000000001 8.4 3 0 0 0 0 0 0 0 0.2 0 0 0 0 1 0 0 0 0.2 0 0 0 0 0 0.2 0 0 0 0 0 0 0 0 0 0 0 0 0 0 0 0 0.2 0 0 0 2.8000000000000003 0 0 1.2000000000000002 0 0 0 0 0 0 0 0 0 0 0 0.8 0 6.6000000000000005 1.4000000000000001 5.800000000000001 0 0 0.2 13.200000000000001 4 9 2.2 0 0 4.800000000000001 7 0 1.8 1.4000000000000001 0 1.8 11 0 0 0 0 0 0 0 2.8000000000000003 0 0 0 0 0 0 0 0 0 0 0 0 0 0 0 0 0 0 0 0 0 0.2 0 0 0 0 2.8000000000000003 0.2 0 0 0 0 0 0 0 0 0 0 0 0 0 0 0 2.6 0 0 0 0 0 0 0 0 0 0 0 0 0 0.2 0.2 0 0 0 0 3.8000000000000003 0 0.2 0 0 0 0 0 0 0 0 0 0 0 0 0 0 0 0 0 0 0 0 8.4 0 3.4000000000000004 0 0 0 0 0 0 0 0 0 0 0 0 0 
 8.200000000000001 30.6 95.4 89.4 62.2 22.400000000000002 69.60000000000001 42.6 49.6 59.2 40.2 33.6 25.6 16.8 57.800000000000004 0 51.800000000000004 26.6 8.8 12 0 0.6000000000000001 0.4 0.6000000000000001 0.6000000000000001 0.6000000000000001 0.4 0 0 0.8 0.4 0 41 1 41.2 0.4 1 0.2 0 0 0.6000000000000001 0 0 0 0.6000000000000001 0.6000000000000001 0.6000000000000001 0.4 0.6000000000000001 0.4 0.6000000000000001 12.8 0.6000000000000001 0 0.4 0 0.6000000000000001 0.6000000000000001 0.4 0 0.6000000000000001 0 0 0 0.4 0.4 0.6000000000000001 0.6000000000000001 0 0.6000000000000001 0 0.4 0 1 0 0 0.4 0.2 0 0.6000000000000001 1.4000000000000001 2.2 5.2 0.4 3.4000000000000004 0 0 2 2.2 3 6.2 2.6 0.2 4.2 0 1.4000000000000001 1.8 4.6000000000000005 0 0 1 0.2 0 0 0 0 0 0 0 0 0 0 3.2 0 7.4 0 0 0 3.2 0 0 0 0 0.4 0 0 0.2 0 0 0 0 0 0 0 0 0 0 0 0 0 0.6000000000000001 0 0.8 0 0 0 0 0 0 0 0 0 0 0 0 0 0 0 0 0 0 4.800000000000001 5.2 6.4 6.6000000000000005 2.6 3.2 2.8000000000000003 8 4 7.4 1.8 2.2 2.8000000000000003 0 1.6 4.6000000000000005 4 0.2 0 2.6 0 1.8 0 0 0 1.4000000000000001 0 0.2 0 0 0 2.2 0 0 0 0 2.6 2.4000000000000004 0 0 0 0 0 0 0 0 0 0 0 0 0 0 0 0 0 0 0 0 0 0 0 0 0 0 0 0 0 0 0 0 3 0 0 0 0 0 0 0 0 0 0 0 0 0 0.6000000000000001 18.8 0.2 0.8 0 0 2.2 0 0 0 0 0 0 0 0 0 0 1.4000000000000001 0 0 0.4 0 0 0 0 0 0 0 0 0 4.4 0 3 0 0 0 0 0 0 0 0 0 0 0 0 
 27.200000000000003 83.2 45.2 22.200000000000003 32.4 40 9.8 8.6 57.2 13.8 41.800000000000004 137.8 24.6 31.8 30.400000000000002 51.800000000000004 0 97.2 50.2 94.80000000000001 0 0.6000000000000001 0 0 0 0 0 0 0 1.4000000000000001 0 0 15.200000000000001 0.6000000000000001 0 0.4 0.6000000000000001 0.2 0.4 0 0.6000000000000001 0 0 0 0.6000000000000001 0 1 0.6000000000000001 0.4 0.4 0 12.600000000000001 0.6000000000000001 0 0 0 0 0.4 0 0 0.6000000000000001 0 0.6000000000000001 0 0.6000000000000001 0 0.6000000000000001 0.2 0 0.8 0 0 9.4 0 0 0 0.6000000000000001 0 0 0 0 0.4 0 3.4000000000000004 0 0 0 0 2.6 2 2 0.6000000000000001 2 2.6 2 5.4 2.8000000000000003 6 0 0 3.8000000000000003 0 0 0 0 0 0 3.2 0 0 0 0 4 0 0.2 1.6 0 0 5.2 0 0 0 0 0 0 0 0 0 0 0 0 0 0 0 0 0.4 0 0 5.6000000000000005 0.2 2.8000000000000003 0.4 0.6000000000000001 0 0 0 0 0 0 0 0 0 0 0 0 0 0 0 0 0 6 4.800000000000001 0 5 3 0 1 4.800000000000001 0 0.4 11.8 0.4 0 4.4 8.200000000000001 1.8 3.6 3 0 0 0 0 0 0 0 0 0.2 0 0 0 0 0 0 0 2 0 0 0 6.4 0 0 3.6 0 0 0 0 0 0 0 0.2 0 0 0 0 0 0.4 0 0 0 0 0 0 0 0 0 0 0 0 3 0 0 0 0 0 0 0 0 0 0 0 0 0 0 0 0 0 0 0.2 18 0.2 0 2.4000000000000004 0 0 0 0 0 0 0 0.4 0 0 0.2 0 0 0 0 0 0 0 0 0 0 0 0 1.6 0 0 0 0 0 0 0 0 0 0 0 0 0 0 
 6.4 23.200000000000003 29.8 80.2 52.800000000000004 30 21.200000000000003 5.2 48.2 49.800000000000004 65 34.2 5.800000000000001 30.8 8.8 26.6 97.2 0 6.6000000000000005 5.2 0 0.6000000000000001 0.2 0 0 0 14 0 0 1.2000000000000002 0 0 4.800000000000001 0.4 0 0.4 0.6000000000000001 0 15.600000000000001 7.4 0.6000000000000001 1 0 0 0.6000000000000001 0 1.2000000000000002 0.4 0 0.4 0 0 1.6 0 0 0 0.4 0.4 0 0 0.4 0 0.6000000000000001 0 0.6000000000000001 0 0.6000000000000001 0.2 0 0.8 0 0 0 0.4 0 0 0.6000000000000001 0.6000000000000001 0 0 0 3.8000000000000003 0 0 0 2.8000000000000003 0 0 0 5.800000000000001 13.600000000000001 4.4 0 0 0 0 3 3.4000000000000004 0 0 0.2 0 0 0 0 0 0 0 0.6000000000000001 0 0 0 11.200000000000001 0 1.6 0 1.4000000000000001 0 4.4 12.8 0 0 0 0 0.4 0 0 0 0 0 0 0 0 0 0 0 0 0 0 0 4.2 0 0 0 0 0 0 0 0 0 0 0 0 0 0 0 0 0 0.4 0.2 0 0 2 0 4.800000000000001 3.4000000000000004 0 0 0 2.6 2.2 4.4 0 0.2 5.800000000000001 0 4 4.2 0 0.4 0 3.2 0 0 0 0 1.8 0.2 0 0 0 0 7.2 0 6 0 0 0 4.4 0 0 0 0 0 0 0 0 4.2 0 0 0 0 0 0 0 0 0 0 0 0.2 0 0 0 0 0 0 0 2.2 10.200000000000001 0 0 0 0 0 0 0 0 0 0 0.2 0 0 0 0 0 0 0.6000000000000001 0 0.4 0.6000000000000001 0 2 0.4 0 0 0 0 0 0 0 0 0 0 0 0 0 0 0 0 0 0 0 0 0.4 0 0 2 0.2 0 0 0 0 0 0 0 0 0 0 0 3.2 
 19.200000000000003 5 5.2 13.600000000000001 8.200000000000001 17.2 30.6 9 11.200000000000001 12 48.2 5 33 36.4 13.600000000000001 8.8 50.2 6.6000000000000005 0 15.200000000000001 0 0.6000000000000001 0 0.4 0 0 0.4 0 0 0.6000000000000001 0 0.2 0.8 0 0.8 0.6000000000000001 0.8 0.4 0.2 0 0.6000000000000001 0 0 0 0 0 0.6000000000000001 0 0 0.4 0 0.4 0 0 0.4 0 0 0 0 0.8 0.4 0 0.2 0 0.6000000000000001 0 0.6000000000000001 0 0 0.6000000000000001 0 0 0.8 0.4 0 0 6 0.4 0 0 3.8000000000000003 0 0 0 2.8000000000000003 0.4 3.2 3.6 3.8000000000000003 0 0 0 4.800000000000001 0.8 5.4 0 0.2 0 6.800000000000001 7.6000000000000005 0 0 0 0.2 0 0 0 0 0 0 0 0.2 0 0 0 0 0 0 0 0.4 0 0 0 0 0 0 0 0 0 0 0 0 0 0 0 0 0 0 0 0 0 0 0 1.6 0 0 0 0 0 0.2 0 0 0 0 0 0 0 0 1.4000000000000001 0 2.8000000000000003 0.4 1.8 0 2.2 0 3 0 1.8 0 0.4 0 11 2.6 0 0 2 0 0 0 0 0 0.2 0.4 0 0 0 0 0 0 0.4 0 0 0 2.4000000000000004 0 0 0 0 0 0 0 0 0 0 0 0 0 0 0 0 0.2 0 0 0 1.6 0 0 0 0 0 0.4 0 0 0 0 0 0 0 0 0 0 0 0.4 0 0 0 0 0 0 0 0 0 0 0 0.4 0 0 0.2 0 0 0.6000000000000001 0 0 0 0 0 0 0 0 0 0 0 0 0 0 0 0 0 0 0 0 0 0 0 0 0 0 0 0 0 0 0 0 0 0 0 0 0 0 
 44.6 30.400000000000002 44.2 48.2 34 51.6 26.6 47.6 28.8 65 17 69.8 12.200000000000001 37.4 21.8 12 94.80000000000001 5.2 15.200000000000001 0 0 0.6000000000000001 0 0 0 0 0 0 0 0.6000000000000001 0 0 0 0 0 0.4 0.6000000000000001 0.4 0 0 0.6000000000000001 0 0 0 0 0 0.6000000000000001 0 0 0.4 0 0 0 0 0 0 0 0 0 0 0.4 0 0 0 0.4 0 0.6000000000000001 0 0 0.6000000000000001 0 0 0 0.2 0 0 0.6000000000000001 0 0 0 8.200000000000001 0 2 5.6000000000000005 3 2.4000000000000004 12.8 2 5.6000000000000005 0 2.2 8.8 2.8000000000000003 6.6000000000000005 1.2000000000000002 9.600000000000001 5 0.8 0 2.8000000000000003 0 0 0 0 0 0 0 0 0 0 0 0 0 0 0 0 0 0 0.8 0 0 0 0 0.2 0 0 0 0 0 0 0 0 0 0 0 0 0 0 0 0 0 0 0 0 0 0 0.6000000000000001 3.4000000000000004 0 0 0 0 0 0 0 0.4 0 0 0 0 7 1.8 1.8 8.8 0 2.4000000000000004 2.2 2.8000000000000003 0.2 1.6 0.2 6.800000000000001 0 5.4 8.6 0 2.2 4.2 0 2.2 0 0 0 0 0 0 0.4 0 0 0 0 2 0.2 0 0 0 0 0 3.8000000000000003 0 0 0 0 0 0 0 0 0 0 0 0 0 0 0 0 0 0 0 0 0 0 0 0 0 0 0 0 0 0 0 0 0 0 0 0 0 0 0 0 0 0 0 0 0 0 0.8 0 0.4 4.2 17.2 0 1.8 0 0 0 0 0 0 0 0 0 0 3.2 0 0 0 0 0 0 0 0 0 0 0 0 0 0 0 0 0 0 0 0 0 0 0.2 0 0 0 0 
 0 14.600000000000001 0 0 0 0.6000000000000001 0 0 0 0 0 0 0 0.6000000000000001 0 0 0 0 0 0 0 33.2 47.400000000000006 22.8 7.2 6 96.4 44.6 16.8 3.8000000000000003 39 8.4 19.6 15 10.600000000000001 47.800000000000004 39.2 8 68.2 23.400000000000002 0 0 0.6000000000000001 0 0 0 0 0 0 1.2000000000000002 0 0 0.4 0 0 0 0.6000000000000001 0.4 0.2 0 0 0 0.8 0 0 0.4 0 0 1.2000000000000002 0 0.4 0 0 0 0.4 0 0.6000000000000001 0 0 0 0 0.4 0 0.2 0.2 0 0 0 0 0 0 0 0 0 0.2 0 0 0 0 0 0.2 7.2 2.4000000000000004 2.4000000000000004 0 6.4 2.2 5.800000000000001 0.2 1.8 6.800000000000001 0 2.2 1.8 10.600000000000001 5.4 0.2 9.8 0 3.8000000000000003 0.2 0 0 0 0 0 0.2 0 0 0 0 0 0 0 0.4 0 0 0 0.6000000000000001 0 3 0 0 0 0 2.8000000000000003 0 0 0 0 0 1 0 0 0 0 0 0 0 0 0 0 0 0 0 0 0 0 0 0 0 0 0 0 0 0.2 0.4 0 0 0 5.2 0.4 2.2 4 5.4 2 2.8000000000000003 4.6000000000000005 6 8.200000000000001 5.800000000000001 0 0 3.6 3 6 1.8 3 0 3.8000000000000003 0 0 0 0 0 0 0 0 0 0 0 0 0 0 5 0 0 0 0 0.2 0 0 0 0 0 0 0 0 0 0 0 0 0 0 0 0 0 0 0 0.2 0 0 0 0 0 0.2 0 0 0 0 0 0 0 0 0.6000000000000001 0 0 1 0.8 0.4 0.6000000000000001 0 0 0 0 0 3.2 0 0 0 0 0 0 0 0 0 0 0 0 0 0 3.2 0 0 0 0 0 0 0 0 
 0.6000000000000001 0.6000000000000001 0.8 0.6000000000000001 0.6000000000000001 7.6000000000000005 0.6000000000000001 0.6000000000000001 0.6000000000000001 0.6000000000000001 0.6000000000000001 0.6000000000000001 1 0.6000000000000001 1 0.6000000000000001 0.6000000000000001 0.6000000000000001 0.6000000000000001 0.6000000000000001 33.2 0 45.800000000000004 8.8 82.4 8.200000000000001 23.8 74.8 12 5.800000000000001 81 5.2 27.200000000000003 32.2 24.200000000000003 22.200000000000003 27.200000000000003 48.400000000000006 9.4 23 41.400000000000006 0 0 0.4 0 0 0 0 0 0 0 0 0 0 0 0 0.2 0 13.8 0 0 0 0.2 0 0 0 0 0 0.4 0.6000000000000001 0 0 1.4000000000000001 0 0 0 0 0 0 0 0.2 0 0 0 7.6000000000000005 0 0 0 0.2 0 0 0 0 0 0 0 0 0 0 0 4.6000000000000005 2.2 0 0.2 1.2000000000000002 0.2 3.6 6.4 2.4000000000000004 3.6 4 2.2 3.2 4.800000000000001 6 7.6000000000000005 8.200000000000001 2.2 0 2.2 2 0 0 0 1.6 0 1.4000000000000001 0 0.4 0 2.4000000000000004 0 0 7.6000000000000005 0 0 0 0 2 6.4 1.8 0 0 0 0 0 0 0 0 0 0 0 0 0 0 0 0 0 0 4 0 0 0 0 0 3.2 0 0 0 0 0 0 0 0 0 3.6 0 0 0 0 2 0.2 10 3.6 0 0 9.8 3.6 0 4.6000000000000005 4.4 2.4000000000000004 0 4 7.2 8.200000000000001 3.6 4 3.8000000000000003 4 0 0 0 0 0 0 0.4 0 0 0 0 0 0 0 0.2 0 0 0 0.2 3.2 0 0 0 0 0 0 0 0 0 1.2000000000000002 0.4 0 0 0 0 0.2 0 0 0 0 0 0 0.4 0 0 0 0 0 0 15.4 0 0 4.6000000000000005 0 1 0.4 0 0.2 0.2 0 0.4 0.4 0 0 0 0 0 0 0 0 0 0 0 0 0 0 0 0 0 0 0 0 0 0 0 0 0 0 0 0 
 0 0 0 0 0 0 0 0 0 0 0 0 0 0 0 0.4 0 0.2 0 0 47.400000000000006 45.800000000000004 0 28.6 13.8 7.800000000000001 34.2 21.400000000000002 30.400000000000002 7 35.4 35.6 15.200000000000001 27.200000000000003 41.400000000000006 5.800000000000001 22.8 8 6 24.6 0 0 0 0.4 1 0 0.8 0.4 0.4 1.2000000000000002 0 0.6000000000000001 0.8 0 0.8 0 0.4 0.4 1.8 12.600000000000001 0 0 0.6000000000000001 0 0.2 0 0 0.2 0.2 0.8 0.8 0 0 9.8 0 0 0 0.2 0 0 0 0 0 0 0 0 0 0 0 0 0 0 0 0 0 0 0 3 0 0 0 5 2.6 1.8 0.6000000000000001 8.200000000000001 1.6 0.2 5.2 8.6 6.2 0.4 3 3.8000000000000003 0.8 0 0 7.800000000000001 4.4 4.6000000000000005 2 2 0 0 0 0 0.8 0 0 0 0 0 0 7.6000000000000005 0 0 0.4 0 3.4000000000000004 6 0 0 0 0 0 0 0 0 0 0 0 0 0 0 0 0 0 0 0 2 0 0 0.4 0 0 0 0 0 0 0 0 0 0 0 0 1.2000000000000002 0 0 0 0 4.6000000000000005 2.6 3.2 6.4 3.8000000000000003 0 3.8000000000000003 5.2 5.6000000000000005 12.600000000000001 4.6000000000000005 2.6 0 7 1.8 0.2 1.8 3 0 5.4 0 0 0 0 0 0 0 0 1.8 0 0 0 2.2 0 0.2 0 0 0 3.2 4 0 0 0 0 0 0 0 0 0 3.8000000000000003 0 0 0 0 0 0 0 0 0 0 0 0 0 0 0 0 0 0 0 0 0 0 0 0 2.8000000000000003 0.2 0 16 16 0 0.2 4 0 0 0 0 0 0 0 0 0 0 0 0 0 0 0 0 0 0 0 0 0 0 0 0 0 0 0 0 
 0 0 0 0 0 14.8 0 0 0 0 0 0 0 0 0 0.6000000000000001 0 0 0.4 0 22.8 8.8 28.6 0 32.2 52.800000000000004 18.2 16.400000000000002 17.8 12.600000000000001 8 71.4 68 23.400000000000002 54.2 23.8 8.6 54.2 9.600000000000001 53.2 0 0 0.4 0 0 0 1.2000000000000002 6 0 0 0 0 13.200000000000001 0 39.2 0 0.6000000000000001 0 0.6000000000000001 12.200000000000001 0 0 0.4 0 0 0.4 0 0 0 0 4.4 0.2 0 1 1.6 0 0.6000000000000001 0 0 0 0 0 0 0.8 0 0 0 0 0 0 0 0 0 0 0 0 0 0 0 0 0 0 2 4.2 8.200000000000001 5.2 2.2 0 4.800000000000001 0.8 0 6.4 0.2 0 0 0 2 3.8000000000000003 0 3.6 1.8 5.800000000000001 5.800000000000001 0 0 0 3.6 4.4 0 0 0 0 5.800000000000001 5 0 0 1.8 0 4.6000000000000005 0.2 0 0 0 0.2 0 0 0 0 0 0 0 2.8000000000000003 0 0 0 0 0 0 0 0 0 0 0 0 0 0 2.8000000000000003 0 0 0 1.4000000000000001 0 0 0 0 0 0 0 0 0 0 2.2 1.6 1.8 3.2 0.4 0 0 3.6 0.4 2 0.8 0 4.800000000000001 0 0.2 0 0 2 0 0 0 3 0 0 0 13.4 2.8000000000000003 0 0 0 0 9.600000000000001 2.8000000000000003 1.8 1.8 0 0 1.8 0 0 0 0 0 0 0 0 0 0 0 0 0 0 0 0 0 0 0 0 0 0 0 0 0 0 0 0 0 0 0 0 0 0 0 2 0 0 15.8 0 0 3.2 0.2 0 0 0 0 0.2 0 0 0 0 0 0 0 0 0 0 0 0 2 0 4 0 0 0 1.6 0 0 0 0 
 0 0 0 0.2 0 0 0 0.4 0 0 0 0 0 0.6000000000000001 0 0.6000000000000001 0 0 0 0 7.2 82.4 13.8 32.2 0 46.400000000000006 11.4 21.6 118.2 35.800000000000004 53.6 30.200000000000003 74.8 35.6 26.8 50.800000000000004 29.200000000000003 43.800000000000004 13.600000000000001 13 0 0 0.4 0 0 0 16 0 0 42.2 0 0 0.8 19.8 1.2000000000000002 0 4.800000000000001 0 19.6 14.200000000000001 0 0 0.4 0 0 0.4 0 0 0 0 0.8 0.2 0 0 0.4 0 0.6000000000000001 0 0 0 0 0 0 0 0 0 0 0 0 0 0 0 0 0 0 0 0 0 0 0 2 0.2 3 1.8 5 6.6000000000000005 0.2 1.2000000000000002 0 7.6000000000000005 0 4 0 0 2.6 0 2.6 0 0 0 0 1.8 4 0 2.8000000000000003 0 0.4 6.2 0 0 0 0 7.2 0 1.6 0 1.8 0 2.2 3.2 0 0 0 0 0 0 0 0 0 0 0 0.4 0 0 0 0 0 0 0 0 0 0 0 0 0 0 0 0 0 0 0 1 0 0 0 0 0 0 0 0 0 0 0.2 0 2.4000000000000004 2 0 2.4000000000000004 0 0 2.4000000000000004 2.2 0 0 0 0.4 5.2 0 0 0 3 0 1.6 0 0 0 4.800000000000001 0.2 1.2000000000000002 0 0 0 10.200000000000001 2 0.8 0.2 0 0 3.6 4.4 0 3 0 0 0 0 0 0 0 0 0 0.4 0 0 0 0 0 0 0.4 0 0 0 0 0 0 0 0 0 0 0 0 0 0 0 2.8000000000000003 0 0 0.2 14.8 1 0 0 0 0 0 0 0 0 0 0 0 0 0 0 0 0 0 0 0 0 0 0 0 0 0 0 0 0 0 0 
 0 0 0 0 0 0 0 0 0 0 0 0 0 0 0 0.6000000000000001 0 0 0 0 6 8.200000000000001 7.800000000000001 52.800000000000004 46.400000000000006 0 8.6 47.400000000000006 29.400000000000002 25.6 17.400000000000002 14.8 6.2 54.800000000000004 69.2 31.200000000000003 12.4 26.400000000000002 12.200000000000001 11.200000000000001 4.4 0 0.6000000000000001 11 0 0 2.4000000000000004 0 0 0 0 0 13.200000000000001 0.2 0 0 13.200000000000001 0 0.6000000000000001 14.200000000000001 0 0 0.4 0 0 0.4 0 0 0 0 12 0.2 0 0.6000000000000001 0.4 0 0.6000000000000001 0.6000000000000001 0 0 0 0 0 0 0 0 0 0 0 0 0 0 0 0 0 0 0 0 0 0 0.4 0 0 9.200000000000001 3.4000000000000004 6.800000000000001 0 0 2.6 6 2.4000000000000004 4.6000000000000005 0 0 0.2 0 0 0 0 0 0 6.800000000000001 0 4.6000000000000005 0 0 3 3.2 0 0 0 0.2 14.600000000000001 2.8000000000000003 0 0.2 2.4000000000000004 0 5.4 0 0 0 0 0 0 0 0 0 0 0 0 0 0 0 0 0 0 0 0 0 0 0 0 0 0 0 0 0 0 0 0 0 0 0 0 0 0 0 0 0 0 0 2.6 2.8000000000000003 0.2 1 0 0 1.8 0 0 3 0 0 0 0 0 2 0 0 0.2 0.2 4.6000000000000005 3.2 1.6 1.8 10.200000000000001 1.4000000000000001 0 2.8000000000000003 3.8000000000000003 0 2.8000000000000003 6.6000000000000005 5.6000000000000005 5.6000000000000005 0 0 0.8 7 0 0 0 0 0 0 0 0 0 0 0 4 0 3.2 0 0 0 2.6 0 0 0 0 0 0 0 0 0 0 0 0 0 0 0 0 2.6 0.8 0.2 18 0.2 2 0.2 1 0 0 0 0 0.8 0 0 0 2.6 0 0 0 0 0 0 0 0 0.8 0 0 0 0 0 0 0 0 0 0 
 0.2 0 14.8 33.2 17.2 14.600000000000001 14.8 0 0.4 0 15 0 0 0 0 0.4 0 14 0.4 0 96.4 23.8 34.2 18.2 11.4 8.6 0 19.6 11 8.200000000000001 36 51.2 29.200000000000003 8.4 11.200000000000001 5.2 33.4 7.6000000000000005 86.4 37.6 0 1 0.4 0 0.6000000000000001 0 0.6000000000000001 0.4 0 10.4 0.4 0 2.6 0 0 0 1 0.4 0.4 0 0.6000000000000001 0 7.2 0 0.2 0.4 0 0.2 1 0.2 0.4 0 0.2 0.4 0.4 0 0.6000000000000001 0.6000000000000001 0.4 1 0 0 0 0.4 1 7.4 3.2 0 0 4 5.6000000000000005 0 0 2.2 0.4 0 0 0.4 0 0 3.6 7.2 9.4 1.8 0 1.4000000000000001 6.800000000000001 1.8 5.800000000000001 0.2 2.4000000000000004 0 5.4 10.200000000000001 1.2000000000000002 2.8000000000000003 0 17 7.2 10.600000000000001 0 0 0 0 0 0 0 0 0 0 0 0 0 0 0.2 0 0 0 0 0 0 0 0 0 0 0 0 0 0 0 0 0 0 0 0 0 0 0 0 0 0 0 0.2 0 0 0.2 0 0 0 0 0 0 0 0 2.4000000000000004 1 0.2 4.2 0 0 7.4 8 0 0.8 0 0.6000000000000001 3.6 7.6000000000000005 2.4000000000000004 7.6000000000000005 2.2 0 3.6 3.8000000000000003 0.2 0 2.4000000000000004 5.800000000000001 0 3.4000000000000004 0 0 0 0 0 0 0 0 0 0 0 0 0 0 1.8 0 0 0 0 0 0 0 0 2 0 0 0 0 0 0 0 0 0 0 0 1.4000000000000001 0 0 0 0.4 0 0 0 0 0 0 0 0 0 0 0 0 0 0 0.4 0 0 0 0 0 0.4 0.2 0 0 0 0 0 0 0 0 0 0 0 2 0 0 0 0 0 0 0 0 0 0 0 0 2.4000000000000004 0 0 0 
 0 0 14.600000000000001 0 0 7.2 0 0 0 14.600000000000001 0.2 0 0 0.6000000000000001 0 0 0 0 0 0 44.6 74.8 21.400000000000002 16.400000000000002 21.6 47.400000000000006 19.6 0 31.400000000000002 10 58.400000000000006 38 35.6 16.6 20.8 78.60000000000001 24.8 18.400000000000002 29 45.800000000000004 0 0.6000000000000001 0.4 0 0 0 0 0 0.2 0 0 0.2 0.6000000000000001 0 0 0 0.6000000000000001 0.8 13.600000000000001 12.4 0 0 0.4 0 0.4 0.4 0 0.6000000000000001 2.6 0 1.2000000000000002 0 0 0.4 0.4 0 0.6000000000000001 1.6 0 0 0 0 2.6 0 0.8 0 0 0 0 0 0 0 0 0 0 0 0 0 0 0 1.8 3.2 3.6 0 1.6 0.2 4.2 5.2 15.600000000000001 1 5 3.6 3 3.8000000000000003 4.800000000000001 8.200000000000001 3.2 2.8000000000000003 0 2.8000000000000003 0 0 0 0 0 0 0.8 0 0 0 0 0 0 0 0 0 0 0 0.2 0 2.4000000000000004 0 0 0 0 0 0 0 0 0 0 0 0 0 0 0 0 0 0 0 0 0 0.4 0.2 3.8000000000000003 0 0 0 0 0 0 0 0 0 0 1.2000000000000002 0 1.8 0 0 4.6000000000000005 0 2 6 2.8000000000000003 0.8 8.4 7 0.6000000000000001 7.800000000000001 5.6000000000000005 0 1.6 5.800000000000001 0 4.6000000000000005 3.8000000000000003 3 0 5 0 0 0 0 0 0 0 0.2 0 0 0 0 0 0 0 0 0 0 0.2 0 0 0 0 0 0 0 0 0 0 0 0 0 0 0 0 0 0 0 0 0 0 0 0 0 0 0 0 0 0.4 0 0 0 0 0 0.6000000000000001 0.4 0.4 15.4 0.2 0 0 0 0 0 0 0 0.6000000000000001 0 0 0 0 0 0 0 0 0 0 2.6 0 0 0 0 0 0 0 0 0 0 0 0 
 0 0 0 0.2 0 0 0 0.2 0 0 0 0.4 0 0 0 0 0 0 0 0 16.8 12 30.400000000000002 17.8 118.2 29.400000000000002 11 31.400000000000002 0 60 51 53.6 20.6 20.400000000000002 16.400000000000002 35.800000000000004 27.8 88.2 67.60000000000001 13.4 0 0 0.6000000000000001 0 0 0 12.4 12.4 0 0 0 0.6000000000000001 0.6000000000000001 14.8 0 0 13.200000000000001 0.4 27 0.6000000000000001 0 0 0.4 0 0 0.6000000000000001 0 0 4 0 0.4 0.4 0 0 0.4 0 0.6000000000000001 0.4 0 0 0 0 0 0 0 0 0 0 0 0 0 0 0 0 0 0 0 0 0 0 0 0 4.800000000000001 2.8000000000000003 2 4 0 0 2 3.2 4 2.8000000000000003 0 0 0 0 5.4 0 0 0 8.200000000000001 10.600000000000001 1.4000000000000001 0 0 0 5.2 0 0 0 0 0 0 0 0 0 0 0 0 0.2 0 0 0 0 0 0 0 0 0 0 0 0.2 2.2 0.4 0 0 0 0 0 0 0 0 0 0 0 0 0 0 0 0 1.6 2 0 0 0 0 0 0 0 0 2.6 0 1.6 2 8.6 1.4000000000000001 0 0 0 2.8000000000000003 0 0.2 0 0 0 0.2 5.2 0 0 0 6 0 0 0 0 0 2 0 0.6000000000000001 0 0 0 2.2 0 0 0 0.4 6.2 5.4 4.2 2.6 0 0 0 0 0 0 0 0 0 0 0.2 0 0 0 0 0 0 0.2 0 0 0 4 0 0 0 0 0 0 0 0 15.600000000000001 0 0 2 0 0.4 15.4 0 0 4 7 0 0 0 0 6.2 0 0 0 0 0 0 0 0 0 0 0 0 3.6 0 1.8 0 0 0 0 0 0 0 0 
 0.6000000000000001 0.6000000000000001 0.6000000000000001 0.6000000000000001 0.6000000000000001 5 0.6000000000000001 0.6000000000000001 1.4000000000000001 0.6000000000000001 0.6000000000000001 0.6000000000000001 0.6000000000000001 0.6000000000000001 0.8 0.8 1.4000000000000001 1.2000000000000002 0.6000000000000001 0.6000000000000001 3.8000000000000003 5.800000000000001 7 12.600000000000001 35.800000000000004 25.6 8.200000000000001 10 60 0 65.60000000000001 40.6 21.400000000000002 66.8 74 80.80000000000001 26.6 31.400000000000002 28.400000000000002 14.200000000000001 0.8 0 1.2000000000000002 0.4 0 0 14.200000000000001 0 1 0.2 0.6000000000000001 0.4 1.2000000000000002 4.800000000000001 0 0.4 0.6000000000000001 0 24.400000000000002 12.600000000000001 0.6000000000000001 0 0.4 0 1.2000000000000002 0.6000000000000001 0 20.8 0 0 0.4 0.8 0 0 0.4 0 0.8 0.6000000000000001 0 0 0 0 0 0 0 0 0 0 0 0 0 0 0 0 0 0 0 0 0 0 2.8000000000000003 1.8 4.6000000000000005 6.2 2.2 3.6 3 3.4000000000000004 0 7.6000000000000005 1.8 3.4000000000000004 0 0 3.8000000000000003 0 4.2 2.8000000000000003 0 0 1.6 0 1.8 0.2 0 0 0.4 0 0 0 0 0 0.2 0 0 0 1.4000000000000001 0 2.4000000000000004 0 0 0 0 0 0 0 0 0 0 0 0 0 0 0 0 0 0 3.6 0 0 0 0 0 0 0 0 0 0 0 0 0 1 0 0 0 0 0 0 0 0 0 3.2 9.600000000000001 0.2 3.6 3.2 3.8000000000000003 5.800000000000001 2.6 0 5.2 0 0 0 2.8000000000000003 1.8 11.4 4.800000000000001 3.6 2.2 7.4 0 0 0 0 0 0.4 0 1.8 0 0 0 2 0 0 0.2 0 0 6.6000000000000005 7 0 0 0 0 0 0 0 0 0.4 0 0 0 0 0 0 0 0 0 0 0 0 0 5.2 0 0 0 0 0 0 0 0 0 0 0 4.2 0 0.4 0.4 15.200000000000001 0.4 0.2 0 0 0 0 0 0 0 0 0 0.4 0 0 0 0 0 0 0 0 0 0 0.2 0 0 0 0 0 0 0 0 
 0 0 0 0.4 0 0.2 0 0 0 0 0 11.4 0 0 0.4 0.4 0 0 0 0 39 81 35.4 8 53.6 17.400000000000002 36 58.400000000000006 51 65.60000000000001 0 49.2 12.4 22 14 72.60000000000001 66.60000000000001 45.800000000000004 10.200000000000001 44.400000000000006 0.6000000000000001 0 1 0.8 0 0 0.6000000000000001 0 0.4 0 0 0 1.2000000000000002 12.600000000000001 0 0 0.8 0.4 14 0.4 0 6.800000000000001 2 0 0 0.4 0 0 1.4000000000000001 0.6000000000000001 0.8 0.2 0 2 0.4 0 1.2000000000000002 0.8 0 0.4 0 0 0 0 0 0 0 0 0 0 0 0 0 0 0 0 0 0 0 0 0 2.4000000000000004 3 6 5.6000000000000005 7 1.6 0.8 0 5 0.4 4.6000000000000005 0 3.6 5 0 1.8 6.2 0 0 0.8 1.8 1.6 0 0 0 3.8000000000000003 0 0.4 0 0 0 0 0.4 0 0 0 0 0 0 0 0 0 0 0.2 0 0 0 0 0 0 0 0 0 0 0 0 0 0 0 0 0 0 0 0.4 0 0 0 0 0 0 0 0 0 0 0 0 0 0 0 5.2 0 0 10.8 4.2 0 0 3.4000000000000004 1.4000000000000001 3.2 5.2 0 0 3 0.8 0 3.2 2 0 0.2 3 0 0 0 0 0 1.4000000000000001 0 0.6000000000000001 0 0 0 0.4 0 2.4000000000000004 0 0 0 4.2 0 0 0 0 0 0 0 0 0 0 0 0.4 0 0 0 0 0 0 0 0 0 0 0 3.2 0 0 0 0 0 0 0 0 0 0 0 1.8 0 0 15.4 1 0.4 0 4 0 0 0 0 0 0 0 0 0 0 0 0 0 0 0 0 0 0 0 1.8 0 0 0 0 2.8000000000000003 0 0 0 
 1 0.2 0 0.6000000000000001 0 0.4 0 0 0 0 0 0 0 0 0 0 0 0 0.2 0 8.4 5.2 35.6 71.4 30.200000000000003 14.8 51.2 38 53.6 40.6 49.2 0 8 4.800000000000001 11.600000000000001 22.400000000000002 30.6 32 12.600000000000001 21.6 0 0 0.6000000000000001 0 0 0 0 13 0 41.800000000000004 0 5 0.6000000000000001 12.600000000000001 0.8 0 0.6000000000000001 0 13.4 12.8 0 0 0.8 0 0 0.4 9.600000000000001 0 1.2000000000000002 0 0.4 0.2 10.8 9.600000000000001 0.4 0 0.6000000000000001 0 0 1.2000000000000002 0 3.6 0 0 0 1.6 0 0 0 0 0 0 0 0 0 0 0 0 0 0 0 0 2.4000000000000004 2.2 2.4000000000000004 1.6 0 0 0 2.8000000000000003 2.4000000000000004 3 0 0 0 0 2 0.6000000000000001 0 0 4.4 2.2 1.4000000000000001 0 0 0 3 0 0 0 0 0 0 1.8 0 0 0 0 0.2 0 0 0 0 0 0 0 0 0 0 0 0 0 0 0 0 0 0 0 0 0 0 0 0.2 0 0 0 0.8 0 0 0 1 0.4 0 0 0 0 0 1 0 0 3.6 0 0 1.8 5.4 1.8 0.4 0 0 3 0 3.2 0 0 0 0 2.2 0 0 0 6.6000000000000005 4.6000000000000005 0.2 0 0 0 0.4 0 1.8 1.8 0 0 6.2 0 0 0 0 0 2.4000000000000004 0 0 0 0 0 0 0 0 0 3.8000000000000003 0 0 0 0 0 0 1.8 0 3.4000000000000004 0 0 0 0 5.4 0 0 0.4 0 0 0 0 0 0 0 0 0 0.8 0.2 15.8 0.4 0 6.6000000000000005 5 0 0 0 0 3.2 0 0 0 0 0 0 0 0 0 0 0 0 0 0 1.8 0 0 0 0 0 0 0 0 
