 0 71.2 34.800000000000004 18.8 20.8 12.600000000000001 63.800000000000004 39.2 32.6 10 23.6 16.400000000000002 10 56.2 56 47.2 51 49.2 7.4 78 0 0.6000000000000001 1 0.2 0 14.4 0 0.2 0.6000000000000001 0 0.2 0 0 0.4 0.6000000000000001 0 0.4 0 0.6000000000000001 15 0 0.6000000000000001 0.2 0.4 0 0.2 0 0 0 0.2 0 0 0 0 0 0.6000000000000001 0.6000000000000001 0 0 0.8 0 0 6.800000000000001 0 0.6000000000000001 0.6000000000000001 0 0 0 0 1.2000000000000002 0.6000000000000001 0.4 0 0 0.4 0.4 0 0.6000000000000001 0 0 8.200000000000001 3.8000000000000003 4 9.4 2.6 0 3.6 9.600000000000001 0 2 5.800000000000001 6.2 9.4 5.6000000000000005 2.4000000000000004 0.2 6.4 0.4 6 0 0 0 0 0 0 0 0 0 0 0 0 0 0 0 0 0 0 1.8 0 0 0 0 0 0 1.2000000000000002 0 0 0 0 0 0 0 0 0 0 0 0 0 0 0 0 0 0.6000000000000001 0 0 6 0 0 0 0 0 2.2 0 0 0 0 0 0 0 7.6000000000000005 2.8000000000000003 2.8000000000000003 2.8000000000000003 6.6000000000000005 0 2.4000000000000004 2.6 8.6 2.8000000000000003 4 3.4000000000000004 3.8000000000000003 1.8 6.2 2.2 0.2 0 0 0 0 0 0 0 0 0 0 0 0 0 0 0 3.2 0 0 0 0 0 0 0 0 0 0 0 0 0 0 0 0 0 0 0 0 0 0 0 0 0 0 0 0 0 0 0 0 0 0 0 0 0 0 0 0 0 0 0 0 0 0 0 0 2.4000000000000004 0 0 0 2.2 23 0 0 11.8 0.2 0.4 0 0 0 0 0 0 0 0 0.4 0 0 0 0 0 0 0 0.2 0 0 0 0 0 0 3.6 3 2.4000000000000004 0 0 0 0 0 0 0 0 0 0 0 0 
 71.2 0 80.60000000000001 74.60000000000001 6.800000000000001 8.6 80 65.8 42.2 25.6 25.8 39.800000000000004 5.800000000000001 13.200000000000001 50.800000000000004 28 22.200000000000003 41.400000000000006 25.200000000000003 46.2 0.4 0.6000000000000001 0 0 0 14.4 0 1 0 0 0 0 0 0.6000000000000001 0 41.2 0.4 0 0.6000000000000001 0 0 1.4000000000000001 0.2 0 0 0 0 0 0.4 0.4 0 0 0 0.4 0 0 0 0 0 0.6000000000000001 0.6000000000000001 0 1.2000000000000002 1 0.6000000000000001 0.4 0.6000000000000001 1 0.4 0 0 0 0.6000000000000001 0.6000000000000001 0 0.6000000000000001 0.4 0.4 0 0.4 0 9.4 3.2 0 8.8 0 1.6 1.8 2.4000000000000004 12.8 0.6000000000000001 0 0 5.4 7.6000000000000005 0.2 0 1.6 0 2.8000000000000003 0 0 0 0 0 0 0 0 0 0 0 0 0 1.4000000000000001 0 0 0 0 1.6 1 0 0 0 1.8 0 0 0 0 0 0 0 0 0 0 0 0 0 0 0 0 0 0 0 0.4 0 0.4 1.2000000000000002 0 0 0 0 0 1.4000000000000001 0 0 0 0 0 0 0 6.2 6 3.4000000000000004 1.2000000000000002 3 0 7.2 2.4000000000000004 1.4000000000000001 5.2 2.4000000000000004 2 0 10.8 3 0 1.4000000000000001 3.4000000000000004 0 7.2 0 0 0 0 0 0 0 0 0 0 0 0 2.2 0 0 0 0 0 0 0 0 0 0 0 0 4 0 0 0 0 0 0 0 0 0 0 0 0 0 0.2 0 0 0 0 0 0.2 0 0 0 0 0 0 0 0 0 0 0 0 0 0 0 0 0 0 0 0 18.2 0 0.4 0 0 1.6 0 0 0.4 0 0.4 0 0 0 0.4 0 0 0 0 0 0.2 0 0 0 0 0 0 0 0 0.8 11.200000000000001 9.200000000000001 0 0 0 0 0 0 0 0 0 0 0 0 
 34.800000000000004 80.60000000000001 0 83.80000000000001 52.6 46.800000000000004 29.200000000000003 75.4 13.200000000000001 17.6 9 5.2 11 45.2 36.6 12 31.200000000000003 50.6 8.8 29 0.2 0.4 0 0 0 0.4 18.400000000000002 0.2 0 0 0 0 0 15 0 0 0.4 0 15.4 15.4 0 0.2 0 0 0 0 0 0 0 0.2 0.4 0 0 6 0 0 0 0 0 0.6000000000000001 0 2.6 0 0 0.6000000000000001 0 0 0 0 0 1.4000000000000001 0 9.8 0 0 0.4 0.4 0 6.4 0 0 9 6.4 0 3.4000000000000004 7.800000000000001 0 3 0 3.2 8.4 0 1.4000000000000001 0.2 9.600000000000001 7.4 11 5.6000000000000005 0 0 0 0 0 0 0 0 2.6 1.8 0 0 0 3.2 1.8 3 0 0 0 0 3.6 4.800000000000001 0 0 0.2 0 0 0 0 0 0 0 0 0 0 0 0 0 0 0 0 0 0 0 0.2 0.2 0 0 2.2 0 0 0 0 0 0 0 0 2.6 0 0 0 0 15 0 5 5.800000000000001 7.4 3.4000000000000004 2.8000000000000003 6.2 3.4000000000000004 2.2 0 2.6 2.8000000000000003 1.2000000000000002 2.8000000000000003 2.2 0 2.8000000000000003 0 0 2.2 0 0 0 0 0 2.4000000000000004 0 0 0 0 0 2 0 0 0 0 2.8000000000000003 3.2 2.8000000000000003 0 0 0 0 0.4 0 0 0.4 0 0 0 0 0 0 0 0 0.8 0 0 0 0 0 0 0.2 0 0 0 0 0 0 0 0 0 0 0 0 0 0 0 0 0 0 0 0 0 0.2 4.6000000000000005 0.2 1 0.6000000000000001 0.4 3.2 3 0 0.2 0 0 0 0 0 0 0 0 0 0 0 0 0 0 0 0 0 0 0 0 2.2 0 1 0 0 0 0 0 0 0 0 0 0 0 0.2 
 18.8 74.60000000000001 83.80000000000001 0 28 11.600000000000001 39.2 18 11.200000000000001 42.400000000000006 30.400000000000002 20.200000000000003 14.4 21 28.8 24.6 11.200000000000001 11.4 11.200000000000001 35.2 15.600000000000001 0.4 0 0 0.2 14.600000000000001 15.200000000000001 0 0 0 0 1 16.6 15.200000000000001 0.4 0.4 0.8 0 5.4 30 0 5.4 13.200000000000001 0 0 0 0.4 0 0 0.4 0.4 0 0 0.4 0 0 0.6000000000000001 0 0.6000000000000001 1.2000000000000002 0 0.4 0 0 0.6000000000000001 0 0 0 0 0 0 0 0.6000000000000001 0.6000000000000001 0 0.8 0.4 5.800000000000001 0.4 0 0 0 0 2.8000000000000003 2.4000000000000004 2 0 1.8 9.8 13.200000000000001 4 2.4000000000000004 2 2.4000000000000004 0.4 6 7.800000000000001 0 2.4000000000000004 0 0 2.2 0 0 0 0 4.2 0 0 0 0 0.4 2.4000000000000004 0 0 2.4000000000000004 2.4000000000000004 0 9.8 0 0 0 2.2 0 0 0.6000000000000001 2.4000000000000004 0 0 0 0 0 0 0 0 3.2 0 0 0 0 0 0 0 0.6000000000000001 0 0 0 0 0.6000000000000001 0 0 0 0 0 0 0 0 0 0 0 4.2 0 2.4000000000000004 0 3.8000000000000003 4 5.800000000000001 2.4000000000000004 0 17 4.2 0.2 0 0 0 0.4 4.6000000000000005 2.4000000000000004 0 0 4.2 3.2 0 0 0 0 0 1.8 0 0 0 0 0 4.4 0.2 0 0 0.2 0 0 0 0 0 0 0 0 0 0 0.4 0 0 0 0 0 0 0 0 0 0 0 0 0 0 0 0 0 0 0 0 0 0.4 0 0 0 0 0 0 0 0 0 0 0 0 0 0 0.8 0 0 0.4 9.200000000000001 0 2.8000000000000003 2.8000000000000003 0 0 0 0 0 0 0 0 0 0 0 0 0.2 0 0 0 0 0 0 0 0 0 0 4.800000000000001 0 0 0 0 0 0 0 0 0.4 0 0 0 0 
 20.8 6.800000000000001 52.6 28 0 36.6 26.8 30.200000000000003 11.8 16.400000000000002 19.6 12.4 10.8 19.400000000000002 12.200000000000001 83.80000000000001 17 46.800000000000004 17.6 58.400000000000006 14.600000000000001 0.2 0 0.6000000000000001 1 0.2 0 12.4 0 0.6000000000000001 0.2 1.2000000000000002 14.600000000000001 30.6 0.6000000000000001 0.2 0.4 0 15.8 30.200000000000003 0 0 0.4 0 0.6000000000000001 0 0 0 0 1 0 0.4 0.6000000000000001 0.2 0.6000000000000001 0 0 0 0 0.6000000000000001 0 0 0.4 0 0.6000000000000001 0 0 0 0 0.2 0.4 0.4 0.8 0 0 0.6000000000000001 7 0.6000000000000001 0 0.6000000000000001 0.2 3.6 0 0 9 0 0 2 0 0 0 1.2000000000000002 0 4.800000000000001 3.2 0.2 1.8 2 0 0 2 0 0.2 0 0 0 6 2 0 0 0 0 2.4000000000000004 3.8000000000000003 0 0.8 2.2 0.2 0.2 4 0 0 0 0 0 0 0 0 0.4 0 0 0 0 0 0.4 0 0 0 0 3 0 0 0.2 0.2 0 0 5.800000000000001 0 0 0 0 0 0 0 0 0.4 0 4.2 0 0 2.8000000000000003 3.2 0 3.6 4 0 0 3 5.6000000000000005 3.2 2.8000000000000003 8.4 0.4 2.4000000000000004 4.800000000000001 0 0 2.6 0 0 9 4.800000000000001 4.6000000000000005 0.2 0 0 2.6 0.2 0.2 0 0 0 0.6000000000000001 1.6 6.6000000000000005 0 1 3.8000000000000003 0 1 0.4 0 0 0 0 0 0 0 0 0 0 0 0 0 0 0 0 0 0 0.2 0 2.6 0 0 0 0 0 0 0 0 0 0 0 0 0 0 0 0 0 0 0 0 0 0 0 0 24.6 0 3 0.6000000000000001 2 2.6 0.4 0.2 0 0 0 0 0 0 0.4 0 0 0 0 0 0 0 0 0 0 0 0 0 0.4 0.8 0 2.4000000000000004 0 0 0 0 0 0 0 0 0 4.800000000000001 0 0.2 
 12.600000000000001 8.6 46.800000000000004 11.600000000000001 36.6 0 7.4 49.800000000000004 10.4 46.400000000000006 80 13.200000000000001 12.600000000000001 140 10.4 50.6 10.600000000000001 13.8 10.4 9.600000000000001 33.4 17.2 0 0 0 17.2 0.4 29.8 7.6000000000000005 3.6 0 0 31.400000000000002 15 0.8 0 15.200000000000001 3.6 4.800000000000001 51.2 0 0.2 0.2 0 0 0 0 0 0 0.2 1.4000000000000001 0 0.4 0.2 0 0 0 0 0 0.6000000000000001 0 0 0 0 0.6000000000000001 0 0 0 1.6 0 0 0 1.8 0 0 0.4 0.4 0 0.6000000000000001 0 0 0 2.4000000000000004 2 0 0 0 0 0 3.6 0 3.4000000000000004 0 0.4 0 3.4000000000000004 2.2 2.8000000000000003 0 0 2 3.2 3 3.8000000000000003 0.2 0 3.2 0 0 0 10.200000000000001 0 10.4 0 0 0 0 0 6.800000000000001 1.8 0 0 2 0 0 0 0 0 0 0 0 0 0 3 0 5.800000000000001 0 0 0 0 0 0 0 0.6000000000000001 0.2 0 0 0 0 0 0 0 0 0 2.2 0 0 0 0 0 0.2 0 0 0 2 2 0 0 0 2.8000000000000003 2.4000000000000004 0.8 0 0 0 0 5.4 2.8000000000000003 0 0 4 4 6.6000000000000005 0 0 0.2 9.8 3.2 9.4 0 0.4 0 4.6000000000000005 6.2 0.6000000000000001 0 0 0.2 6.6000000000000005 0 0 0 0.2 0 0 0 0 0 0 0 0 0 0 0 0 0 0 0 0 0 0 0 0 0 0 0 0 0 0 0 0 0 0 0 0 0 0 0 0 0 0 0 0 0 0 1.2000000000000002 0.6000000000000001 0 30 0 2.4000000000000004 1.6 0 2.6 0 0 0 0 0 0 0 0 0 0 0 0 0 0 0 0 0 0 0 0 0 0 0.2 0 0 0 0 0 0 0 0 0 0 0 0 0 
 63.800000000000004 80 29.200000000000003 39.2 26.8 7.4 0 44.6 22.400000000000002 62.400000000000006 8 51 22.8 74.2 43.2 23.8 25.8 45.800000000000004 11.600000000000001 31 0 0 0 0 0.6000000000000001 14.600000000000001 0 0 0 0 0.4 0 0 0.6000000000000001 0 1.2000000000000002 0.4 2 0.6000000000000001 0 0 0 0.2 0 0 17 0 0 0.2 0.6000000000000001 0.4 1.6 0 0 0 0 0 0.2 0 0.6000000000000001 0 0 7.4 0 0.6000000000000001 0 0 0 0 0 0 0 0.6000000000000001 0 0 0.4 0.4 0.2 0.2 1.2000000000000002 5.4 2 0 0 5.2 0 1.6 6.2 7.6000000000000005 3 3 0 0 6 3.6 0 0 4 1 11.600000000000001 0 0.2 0 0 0 0 0 0 0 0 0 0 0 0 0 0 0 0 4.6000000000000005 1.4000000000000001 0 0 0 0 0 2.6 0 0 0 0 0 0 0 0 0 0 0 0 0 0.2 0 0 0 0 0 0.4 1.2000000000000002 0 0 0 0 0 0 3.8000000000000003 0 0 0.2 0 0 0 4.2 0.2 0.8 2 2.8000000000000003 0 2.6 3 2 4.6000000000000005 5.6000000000000005 0 0 4.2 5.800000000000001 0 2.2 2.2 0 2.6 0 0 0 0 0.4 0 0 0 0 0 0 0 0 0 0 0 0 0 0 0 0 0 0 0 0 0 0 0 0 0 0 0 0 0 3 0 0.4 0 0 0 0 0 0 0 0 0 0 0 0 0 0 0 3.2 0 0 0 0 0 0 0 0 3.4000000000000004 0 0 0 0.4 10.4 0 0 0 0.4 1.8 0 0 0 0 0 0 0 0 0 0 0 0 0 0 0 0 0 0 0 0 0 0 0 1.4000000000000001 3.8000000000000003 2.6 0 0 0 0 0 0 0 0 0 0 0 0 
 39.2 65.8 75.4 18 30.200000000000003 49.800000000000004 44.6 0 78.60000000000001 43.400000000000006 23.6 70.8 54.2 25.8 57.400000000000006 30 34.800000000000004 42.400000000000006 22.200000000000003 92.60000000000001 0 0 0.2 0.6000000000000001 0.6000000000000001 14.600000000000001 0 0 0 0.4 0 9.200000000000001 0 0.4 0 0 0.6000000000000001 0 15.600000000000001 0.4 0 0.4 0 12.600000000000001 0 0 0 0 0 0 0.4 0.4 0 0 0 0 0 0 0 0.6000000000000001 0 0 0 0 0.6000000000000001 0 0 0 0.2 0.4 0 0 0.4 0 0 0.4 0.4 0 0.6000000000000001 0.6000000000000001 3.4000000000000004 5.800000000000001 2 0 9 1.8 2 9.200000000000001 2.8000000000000003 11.200000000000001 3.6 0 0.2 12.600000000000001 9.600000000000001 2.8000000000000003 4 2.6 0 2.4000000000000004 0 0 0 0 0 0 0 0 0 0 0 0 0 0 0 0 0 0 8.8 3 0 0 0 0 0 3.8000000000000003 2.2 0 0 0 0 0 0 0 0 2.6 0 0 0 0 0 0 0 0.8 0 0 1.6 0 0 0 0 0 0 0 0 0 0 0 0 0 2.2 7.800000000000001 0.8 4.800000000000001 0 0 1.8 3.4000000000000004 3.8000000000000003 2.8000000000000003 5.800000000000001 3.6 0.2 0.6000000000000001 5 2.2 3.4000000000000004 0.6000000000000001 0 0.2 0 0 0 0 0 0 3.4000000000000004 0 0 0 0 0 1.8 0 0 0 0 0 0 0 0 0 0 0 0 0 0 0 0 0 0 0 0 0 0 0 0 0 0 0 0 0 0 0 0 0 0 0 0 0 0 0 0 0 0 0 0 0 0 0 0 4.4 0 0 0 0 8.200000000000001 0 0.4 0.4 0.4 0.4 0 0 0 0 0 0 0 0 0 0 4.6000000000000005 0 0 0 0 0 0 0 0 0 0 0 0 2 3 0 0 0 0 0 0 0 0 0 0 0 0 2 
 32.6 42.2 13.200000000000001 11.200000000000001 11.8 10.4 22.400000000000002 78.60000000000001 0 10.8 59 32.800000000000004 17.8 63.800000000000004 75.2 61.2 43.2 5.4 16.8 70.8 0 0 0.2 0 0 14.600000000000001 0.6000000000000001 0 0.2 0 0 0 0.4 1.8 0 0 0.4 0 16.2 0.2 0 0 0.2 0 0 0 0 0 0.6000000000000001 1.8 0.4 0 0 0 0 0 0 0 0 0.6000000000000001 0 0.2 0.8 0 0.6000000000000001 0 0.8 0 0 0 1.4000000000000001 0.4 1.2000000000000002 1.4000000000000001 0 0.6000000000000001 0.4 0.2 0.8 0 0 3.8000000000000003 2.2 7 15.4 0 1.4000000000000001 4 7.800000000000001 0 5 0 0.2 2.6 0 2.8000000000000003 0 4.800000000000001 1.2000000000000002 0 0 0 0 0 0 0 0 0 0 0 0 0 0 0 2 0 0 0 3.6 1.8 0 0 0 0 0 0.8 0 0 0 0.2 0 0 0 0 0 0 0 0 0 0 0 0 1.2000000000000002 0 0.2 0 0 0 0 0 0 0 0 0 0 0 0 0 0 0 2.2 0.2 3.2 6.2 0 0 3.2 0 2 3 4.4 0.2 2.6 0 0 0 0 0 0 0.4 0 0 0 0 0 0 0 0 0 0 1.6 0 3.6 0 0 0 0 0 0 0 0 0 0 0 0 0 0 0 0 0 0 0 0 0 0 0 0 0 0 0 0 0 0 0 0 0 0 0 0 0 0 0 0 0 0 0 0 0 0 0 0 0 0 0 0 0 0.2 0.4 0 17.6 0 1.6 0 0 0 0 0 0 0 0 0 0 0 0 0 0 0 0 0 0 0 0 0 0 6.4 1.8 4.2 0 0 0 0 0 0 0 0 0 0 0 0 0 
 10 25.6 17.6 42.400000000000006 16.400000000000002 46.400000000000006 62.400000000000006 43.400000000000006 10.8 0 26.400000000000002 16.6 8.6 42.400000000000006 19.200000000000003 18.8 8.6 7.6000000000000005 12.200000000000001 31 0.6000000000000001 0 0 0 0.6000000000000001 14.8 0 0 0 0 0 0 1.6 0.6000000000000001 0 0 0.4 0 15.200000000000001 0 0 0 0.4 0 0 0 0 0 7 0.6000000000000001 1.2000000000000002 0.8 0 0 0 0 0 0.2 0 0.6000000000000001 0.2 0 0 0 0.6000000000000001 0.6000000000000001 0 0 0 0 0 0 0.6000000000000001 0 0 0.6000000000000001 0.4 0.4 0 0 0 8.8 5.4 2 9 0 0 0.6000000000000001 3.6 7.4 2.8000000000000003 7.2 4.2 10.200000000000001 0.6000000000000001 0 1.6 5.800000000000001 1.2000000000000002 0 5.800000000000001 0 0 0 0 0 0.2 0 0 0 0 0 0 0 0 0 0.2 0 0.6000000000000001 1.8 0 0 2.2 0 0 0.2 0 0 0 0 0 0 0 0 0 0.6000000000000001 0 0 0 0 0 0 0 1.2000000000000002 0 0 0 0 0 0 0 0 0 0 0.2 0 0 0 0 0 2.4000000000000004 6.4 0.4 0 4.2 3.6 0 0 0 3 1.8 2.2 2.2 0 0 2.2 6.2 0.2 0 14 2.4000000000000004 0 0 0 0.2 0 2.6 0 0 0 0 0 0.4 0 0.2 0 0 0.4 0 0 0 0 0 0 0 0 0 0 0.2 0 0 0 0 0 0 0 0 0 0 0 0 0 0 0.2 0 0 0 0 0 0 0 0 0 0 0 0 0 0 0 0 0 0 0 0 0 0.6000000000000001 0.2 0 0.8 0.4 0 2.8000000000000003 0 0 0 0 0 0 0 0 0 0 2.8000000000000003 0 0 0 0 0 0 0 0 0 0 0 0 0 0 0 0 0 0 0 0 0 0 0 0 0 0 0 
 23.6 25.8 9 30.400000000000002 19.6 80 8 23.6 59 26.400000000000002 0 46.800000000000004 7.800000000000001 71 36 37.800000000000004 51.2 40.2 7.6000000000000005 13.4 14.8 0 14.8 0 8 0 15 0 0.2 0 0 0.2 0 16.400000000000002 0 0.2 0.4 0 45.6 19.200000000000003 0 5.4 0.2 0 0 12.4 0 0 0 0.4 0 0 0 6.4 0 0 0 0 0 0.6000000000000001 0 0 1.2000000000000002 0 0.6000000000000001 0 0 0 0 0 0.8 0 0.6000000000000001 0 0 0.6000000000000001 0.8 0.4 6 0 2.6 2.4000000000000004 0 1.8 3 3.6 0 3.8000000000000003 3.4000000000000004 7.2 6.2 3 0 2.8000000000000003 0.2 8.4 3 6.2 0 0.2 4.6000000000000005 0 0 0 0 0 3.2 1.4000000000000001 0 0 0 0 2.2 2.6 2.8000000000000003 0 0 0 0.8 4 0 0.4 0.6000000000000001 0 0 0.2 2.2 0 0.2 0 0 0 0 0 0.2 0 0 0 0 0 0 0 0.4 0 0 0 0 0.2 0 0 0 0 0 0 0 0 0 0 0 0 0 3.8000000000000003 3.2 10.200000000000001 0 10.200000000000001 0 0 4.6000000000000005 2.4000000000000004 2 8.200000000000001 0.2 0 0 2.2 0.2 3.8000000000000003 0 0 4.2 0 0 0 0 0 3 0 0 0 0 4.2 3.8000000000000003 1 1.8 0 0 3 2.2 3 0 0 0 0 0 0 0 0 0 0 0 0 0 0 0 0 0 0 0 0 0 0 0 0 0 0 0 0 0 0 0 0 0 0 0.2 0 0 0 0 0.2 0 0 0 0 0.4 0 9.200000000000001 0 0.8 22 0 0.6000000000000001 0 0 0 0 0 0.4 0 0 0 0 4 0 0 0 0 0 0 0 0 0 0 0 0 1.2000000000000002 0 0 0 0 0 0 0 0 0 0 0 0 0 0 
 16.400000000000002 39.800000000000004 5.2 20.200000000000003 12.4 13.200000000000001 51 70.8 32.800000000000004 16.6 46.800000000000004 0 9.200000000000001 27.400000000000002 22.400000000000002 22.6 33.4 21.6 7 22.8 13 0.4 0 0.6000000000000001 0.6000000000000001 15.200000000000001 15.4 0.4 0.6000000000000001 0 0 2.4000000000000004 0 16 0 0 1 0.6000000000000001 8.4 17 0 0.2 0 0 0.4 0 0 2 0 0.6000000000000001 0.4 0.6000000000000001 0 0.2 0 0.6000000000000001 0.6000000000000001 0.2 0 1.2000000000000002 0 0 1.8 0.4 0.6000000000000001 0.6000000000000001 0 0.8 0 0.2 0.8 0.6000000000000001 0.6000000000000001 0 0 0.4 0.4 0 0.4 0.6000000000000001 0 4.4 0 1.2000000000000002 6.800000000000001 0 0 5.4 5.800000000000001 0 2.6 2 0 2.6 2.4000000000000004 2.8000000000000003 1.6 4.4 0 0.2 2 4.4 0 0 0 0 3.6 1.2000000000000002 0 0 0 0 0 0 3.8000000000000003 0 0 0 3.6 1.4000000000000001 0 0 2.8000000000000003 0 0 0.4 2 0 0 2.4000000000000004 3.8000000000000003 0 0 0 0 0 0 0 0 0 0 0 0 0 0 0 0 0 0 0 0 0.6000000000000001 0 0 0 0 0 0 0 0 5.2 2.6 5.2 4.2 0 1.6 6.2 0 5.2 19.400000000000002 5 4 1.6 2.2 1 1.4000000000000001 3 0 1.8 0 0 0 0 0 0.8 0 0 0 0 0 0 0 4.4 2.8000000000000003 1 0 0 0 1.6 0 0 0 0 0 0 3.6 0 0 0 0 0 0 0 0 0 0 0 0 0 0 0 0 0 0 0 0 0 0 0 0 0 0 0 0 0 0 0 0 0 0 0 0 0 0 0 0 0.4 1.2000000000000002 0.2 1.8 0.4 2 0 0 0.4 0 0 0 0 0 0 0 0.4 0 0 0 0 0 0 0 0 0 7.4 0 0 1.2000000000000002 5.4 0 0 0 0 0 0 0 0 0 0 0 0 2 
 10 5.800000000000001 11 14.4 10.8 12.600000000000001 22.8 54.2 17.8 8.6 7.800000000000001 9.200000000000001 0 28.200000000000003 7.6000000000000005 5.6000000000000005 8.200000000000001 45.6 46.800000000000004 13.4 0 0 0 0 0 0.2 0 0 0 0 0 12.600000000000001 0 0.6000000000000001 0 0 0.4 0.4 0.6000000000000001 0 0 0 0.4 0 0 0 0 0 0 0.8 0.6000000000000001 11 0 0 0 0 0 12.8 0 0.6000000000000001 0 0 0 0 0.6000000000000001 0 0 0 0 0 0 0 0.6000000000000001 0.6000000000000001 0 1.6 0.4 0.6000000000000001 0 0 3.4000000000000004 0 1.4000000000000001 0 0 0 0 0 0 0 5 0.4 7.2 0 3.6 0 0 0 7.800000000000001 2 0 0 0 0 0 0 0 0 0 0 0 0 0 0 0 0 0 0.4 0 0 0 0 0 0 0 0 0 0.4 0 0 0 0 0 3.4000000000000004 0 0 0 0.4 0 0 0 0 0 0 0 0 0 0.2 0 1 0 0 0 0.6000000000000001 0 0 0 0 0 0 0 0 0 0 0 0 3.8000000000000003 3.4000000000000004 0 0 0.4 0.2 2.6 2 0 0.4 1.4000000000000001 0 3 2 0 0 0 0 0 0 0 0 0 0 0.4 0 0 0 0 0 0 0 0 0 0 0 0 0 0 0 0 0 0 0 0 0 0 0 0 0 0 0 0 0 0 0 0 0 0 0 0 0 0 0 0.2 0 0 0.4 0.2 0 0 0 0 0 0 0 0 0 0.4 0 0.4 0 0.4 0 0 2.6 0 0 0 0 0 0 0 0 0 0 0 0 0 0 0 0 0 0 0 0 0 0 0 0 0 0 0 0 0 0 0 0 0 0 0 0 0 0 
 56.2 13.200000000000001 45.2 21 19.400000000000002 140 74.2 25.8 63.800000000000004 42.400000000000006 71 27.400000000000002 28.200000000000003 0 110.60000000000001 84.60000000000001 79.80000000000001 26.8 37 71.60000000000001 0 0 0.2 0 0 0 0 0 0 0 0 0 0.2 0.6000000000000001 0 0 0.4 0 17 6.6000000000000005 0 0 0.2 0 0 0 0 0 0 7.6000000000000005 0 0 0 0 0 0 0 0 0 0.6000000000000001 0 0.2 0 0 0.6000000000000001 0 0 0 0 0 0 0 0.6000000000000001 0 0 0.6000000000000001 0.4 0.4 0 0 0 5.6000000000000005 13.8 2.2 3.4000000000000004 9.200000000000001 3 4 1.4000000000000001 10.8 9.8 0 4 3.4000000000000004 4.4 7.4 0 0 1.6 0 0 0 0 0 0 0 0 0 0 0 0 0 0 0 0 0 0 0 1.6 1 0 0 0 0 0 0 2.6 0 0 0.2 0 0 0 0 0 0.4 0 0 0 0 0 0 9.600000000000001 0 0.4 0 0 0 0 0 0 0 0 0 0 0 0 0 0 0 0 4 5.6000000000000005 2.8000000000000003 2.8000000000000003 1.8 0 0 0 2.6 0.6000000000000001 2 10.200000000000001 3.2 0 6.6000000000000005 0 3.2 0 6.4 0 0.4 0 0 0 0 3.2 3.2 0 0 0 0 4.800000000000001 0 0 0 0 0 0 0 0 0 0.4 0 0 0 0 0 0 0 0 0 0 0 0 0 0 0 0 0 0 0 0 0 0 0 0 0 0 0 0 0 0 0 0 0 0 0 0 0 0 0 0 0 0 0 9.200000000000001 0 0.4 17.6 0.2 2.8000000000000003 0 0 0 0 0 0 0 0 0 0 4.4 0 0 0 0 0 0 0 0 0 0 0 0 0 0 0 0 0 0 0 0 0 0 0 0 0 0 0.4 
 56 50.800000000000004 36.6 28.8 12.200000000000001 10.4 43.2 57.400000000000006 75.2 19.200000000000003 36 22.400000000000002 7.6000000000000005 110.60000000000001 0 18.2 54 67.2 18.8 44.2 1 0.6000000000000001 0 0 0 14.8 0 0 0 0 0 0.8 0 1.2000000000000002 0 0.8 0.4 0 0.6000000000000001 0 0.8 0 6.800000000000001 0 0.8 0 0 0.6000000000000001 1 0.6000000000000001 0.8 0 0 0 0 0 0 0 0 0.6000000000000001 1.2000000000000002 0 0 0 0.6000000000000001 0 0 0 0 0 0 0.8 0.6000000000000001 0 0 0.6000000000000001 0.6000000000000001 0.6000000000000001 0 0 4 3.4000000000000004 10.200000000000001 0 5.4 3.4000000000000004 4.800000000000001 7 4.800000000000001 10 11 4.800000000000001 4.6000000000000005 7.6000000000000005 2.4000000000000004 5.6000000000000005 7.4 0 1.2000000000000002 3.4000000000000004 0 0 0 0 0 0 2 0 0 0 0 0 0 0 0 0 0 0 4.2 1.2000000000000002 0 0.4 0 0 0 0 2.4000000000000004 0 0.2 0 0 0 0 0 0.2 0 0 2.8000000000000003 0 0 0 0 1 0 0 0 1.6 0.2 0 0 0 0 0 0 0 0 0 0 0 0 5.4 2.2 1 3.8000000000000003 2.8000000000000003 1.4000000000000001 0 0 0 3 0 1.8 8.8 4.6000000000000005 1.8 3.6 1.6 0.2 3.2 8.6 0 0 0 0 0 0 0.2 0 0 0 0 0 1.8 0 0 0 0 0 1.4000000000000001 0 0 0 0 0 0 0 0 0 0 0 0 0 0 0 0 0 0 0 0 0 0 0 0 0 0 0 0 0 0 0 0 0 0 0 0.2 0 0 0 0 0 0 0 0 0 0.4 0 35.800000000000004 0 0.4 0.6000000000000001 0.4 1.8 0 0 0 0 0 0 0 0 0 0 0.2 0 0 0 0 0 0 0 0 0 0 2.2 0 0 0 2.2 0 0 0 0 0 0 0 0 0 0 0 0 
 47.2 28 12 24.6 83.80000000000001 50.6 23.8 30 61.2 18.8 37.800000000000004 22.6 5.6000000000000005 84.60000000000001 18.2 0 23.200000000000003 27 28.200000000000003 36.6 0.2 0 0 0 0 0 40.800000000000004 0.4 0 0 0 0 0 0.4 0 0 0.4 0 15.4 0.2 0 0.4 0 0 0 0 0 0 0 0 1 0 0 0.2 0 0 0 0 0 0.6000000000000001 0 0 0 0.4 0.6000000000000001 0 0 0 0 0 0.8 0 0.4 0 0 0.4 0.4 0 0.6000000000000001 0 0 4 8.6 7 0 3.2 8.4 1.8 6.2 0 0.4 0 3.2 2.8000000000000003 0 2.4000000000000004 0 5.4 5.800000000000001 4 2 0 0 0 0 0 0.2 0.2 0 0 0 0 0 0 0 0 0 0 3.8000000000000003 0 0 0 0 0 0 3.4000000000000004 0 0 0 0 0 0 0 0.4 0 0 0 0 0 0 0 0 1 0 0 0 0 0 0 0 0 0 0 0 0 0 0 0.4 0 0 0 2.8000000000000003 3.4000000000000004 0 3.6 1.2000000000000002 4.800000000000001 0 0.4 0 7.4 5 13.200000000000001 0 0 4.6000000000000005 2.2 4.2 0 2 0.2 0 0 0 0 0 2.6 0 0 0 0 0 3.2 0 0 0 0 0 0 0.2 0 1.4000000000000001 0 0 0 0 0 0 0 0 0 0 0 0 0 0.2 0 0 0 0 0 0 0 0 0 0 0 0 0 0 0 0 0 0 0 0 0 0 0 0 0 0 0 0 0 0 0.2 0 0 9.4 0.2 1 0 0 0.4 0 0 0 0 0 0 0 2.8000000000000003 0 0 0 0 0 0 0 0 0 0 0 0 2 2 0 0 0 0 0 0 0 0 0 0 0 0 0 
 51 22.200000000000003 31.200000000000003 11.200000000000001 17 10.600000000000001 25.8 34.800000000000004 43.2 8.6 51.2 33.4 8.200000000000001 79.80000000000001 54 23.200000000000003 0 95 48.6 29.200000000000003 0 0 0 0 1 0 0 0 0 0 0 0.2 0.6000000000000001 16.8 0 1 1 0 34.4 14.4 0 0 0.2 0 1.2000000000000002 0.8 0 0 0.8 0.8 12 0 0 6.6000000000000005 0 0 0 0 0 1.4000000000000001 0 2.2 1.2000000000000002 0 0.6000000000000001 0 0 0 0 0 1.8 8.8 0.6000000000000001 0 0 0.4 0.4 0.2 0.2 0 0 0.4 4 2 5 7.2 3.8000000000000003 10 7.6000000000000005 4 10 0.8 0 2.6 2.8000000000000003 8.200000000000001 4.6000000000000005 5.4 0 0 0 0 0 0 0 0 2 1.4000000000000001 1 0 0 0 1.6 2.6 0.8 0 0 0 2.4000000000000004 3.8000000000000003 0 0 0 0 0 0.2 2.2 0 0 0 0 0 0 0 0 0 0 9.4 0 0 0 0 1 0 0.4 0 3.2 0 0 0 2.4000000000000004 0 0 0 0 0 0 0 0 0 3.4000000000000004 2.6 5.2 8.6 4.6000000000000005 3.2 0 1.4000000000000001 4.800000000000001 0 0.4 6.6000000000000005 3.8000000000000003 2.6 1 4 0 3.2 0.2 0.2 2.2 0 0 0 0 0 3 0 0 0 0 0 4.4 0 0 0 0 2.6 5.800000000000001 3.4000000000000004 0 0 0.4 0 0 0 0 0 1.8 0 0 0 0 0 0 0 0 0 0 0 0 0 0 0 0 0 0 0 0 0 0 0 0 0 0 2.6 0 0 0 0 0 0 0 0 0 0.4 26.8 0.2 0.2 0.6000000000000001 0 2.8000000000000003 0 0 0 0 0 0 0 0 0 0 3 0 0 0 0 0 0 0 0 0 0 0 0 2.2 0 2.4000000000000004 0 0 0 0 0 0 0 0 0 0 0 0 
 49.2 41.400000000000006 50.6 11.4 46.800000000000004 13.8 45.800000000000004 42.400000000000006 5.4 7.6000000000000005 40.2 21.6 45.6 26.8 67.2 27 95 0 6 53.2 0.4 0.2 0.4 0 0 0 0 15.200000000000001 0.2 0 0 0 0 13.200000000000001 0 0 0.4 0 8.6 13.200000000000001 0 0 0.4 0 0 0 0 0 0 1 0.4 0 0 12 0 0 0 0 0 0.6000000000000001 0 0.2 8 0 0.6000000000000001 0 0 0 0 0 0 0 0.6000000000000001 0 0 0.6000000000000001 0.4 0.6000000000000001 0 0 0 5.6000000000000005 1.6 0 5.2 6 0.2 4.4 3.8000000000000003 1.8 6.6000000000000005 0 1.8 0.6000000000000001 6.4 6.2 0 12.8 0.2 2 0 0 0 0 0 0 2 0.8 0 0 0 0 4.2 3.6 0 0 0 0 0 6.2 0 0 0 0 0 0 0 0 0 0 0 0 0 0 0 0 0 0 0 0 0 0 0.2 0 0 0 2.6 0 0 0 0 0 0 0 0 0 0 0 0 0 6.4 0 16 4 6.6000000000000005 1.8 0.2 3.4000000000000004 3 2.6 0 0.2 3.2 1 5.800000000000001 2.4000000000000004 0 0 0 0 0.6000000000000001 0.2 0 0.2 0 0 2.2 0 0 0 0 0 4.800000000000001 0 0 0 0 4 2.8000000000000003 0 0 0 0 0 0 0 0 0 0 0 2.6 0 0 0 0 0 0 1.8 0 3.8000000000000003 0 0 0 0 0 0 0 0 0 0 0 0 0 0 1.6 0 0 0 0 0 0 0.4 0 0 0 0.6000000000000001 2.8000000000000003 0 24.400000000000002 17.8 1.8 1 0 0 0 0 0 0 0 0 0 0 0 0 0 0 0 0 0 0 0 0 0 0 0 2 0 0.8 0 0 0 0 0 0 0 0.2 0 0 0 0 
 7.4 25.200000000000003 8.8 11.200000000000001 17.6 10.4 11.600000000000001 22.200000000000003 16.8 12.200000000000001 7.6000000000000005 7 46.800000000000004 37 18.8 28.200000000000003 48.6 6 0 18 0 0 0 0 0 0.4 0 0 0 0.2 0 0 0 0.4 0 0 0.6000000000000001 0 0.6000000000000001 0.4 0 0.2 0 0 0 0 7.800000000000001 0 0 0.6000000000000001 0.4 0 0 0 0 0 0 0 0 0.6000000000000001 0 0 0 0 0.6000000000000001 2 4.800000000000001 0 0 2 2.2 2 0.4 0 0 0.4 0.4 0 0.6000000000000001 0 8.4 0 0 2 0 0 8.8 3.8000000000000003 0 1.2000000000000002 0 0 2.8000000000000003 2.8000000000000003 1.2000000000000002 0 0 1.8 3.6 2.6 0 0 0 0 0 0 0 0 0 0 0 0 0 0 0 0.4 0 0 0 0.2 0 0 0 0 0 0 0 0 0 0 0 0 0 0 0 0 0 0 0.4 0 0 0 0 0 0 0 0 0.2 0 0.2 0 0.2 0 0 0 0 0.2 0.4 0 0 0 2.2 2.6 0 0.2 1.8 0.4 3 0 0 0 0 0 0.2 2.2 1.8 0.2 1.8 2.6 2.2 0 0 0 0 0 0 0 0 0 0.4 0 0 0 0 0 0 0 0 0 0 0 0 0 1 0 0 0 0 0 0 0 0 0.2 0 0 0.2 0 0 0 0 0 0 0 0 0 0 0 0 0 0 0 0 0 0 0 0 0 0 0.2 0 0 0.4 0 0 0 0.2 0 0 0 0 0.4 1 0 0 0 0 0 0 0 0 0 0 0 0 0 0 0 0 0 0.4 0 0 0 0 0 0 0 0 0 0 0 0 0 0 0 0 0 0 0 0 
 78 46.2 29 35.2 58.400000000000006 9.600000000000001 31 92.60000000000001 70.8 31 13.4 22.8 13.4 71.60000000000001 44.2 36.6 29.200000000000003 53.2 18 0 0 0 0 0 0 14.600000000000001 0 0 0 0.4 0 0 0.6000000000000001 0.6000000000000001 0 0 0.4 0 0.6000000000000001 0 0 0 0.4 0 0 0 0 0 0 0.8 0 0 0 0 0 0 0 0 0 0.6000000000000001 0 1.2000000000000002 0 0 0.6000000000000001 0 0 0 0 0 0.2 0 0.6000000000000001 0 0 0.6000000000000001 0.4 0.6000000000000001 0.6000000000000001 0 0 13.8 5.2 0 11.4 11.4 0 9.4 3.4000000000000004 6 4 0 7.2 6.6000000000000005 5.800000000000001 3.2 10.200000000000001 3.6 0 0.4 0 0 0 0 0 0 0 0 0 0 0 0 0 0 0 0 0 0 3.6 1.4000000000000001 0 0 0 0 0 0 2.2 0 0 0 0 0 0 0 0 2.4000000000000004 0 0 0 0.4 0 0 0 0.2 0 0.2 6 0 0 0.2 0 0 0 0 0 0 0 2.8000000000000003 0.4 0 12.8 3.2 9.200000000000001 4.2 7.6000000000000005 2.2 4.6000000000000005 7.800000000000001 6.2 5.6000000000000005 4.6000000000000005 4.800000000000001 6.2 5.6000000000000005 4 4.4 0 0.2 1.8 0.2 0 0 0 0 0.2 7.4 0 0 0 0 0 0 0.4 0 0 0 0 0 1.2000000000000002 0 0 0 0 0.4 0 0 0 0 2.4000000000000004 0 0 0 0 0 0 0 0.2 0 0 0 0 0 0 0 0 0 0 0 0 0 0 0 0 0 0 0 0 0 0 0 0 0 0 0 0 0 28.8 0 0 0.4 0.6000000000000001 3.4000000000000004 3.6 0 0 0 0 0 0 0 0 0 0 0 0 0 0 0 0 0 0 0 0 0 0 0.8 3 2.4000000000000004 0 0 0 0 0 0 0 0 0 0 0 0 
 0 0.4 0.2 15.600000000000001 14.600000000000001 33.4 0 0 0 0.6000000000000001 14.8 13 0 0 1 0.2 0 0.4 0 0 0 17.6 35.2 53.800000000000004 6.2 51 79.4 8.4 73.60000000000001 34.800000000000004 8.200000000000001 15.200000000000001 43.800000000000004 79.60000000000001 25.8 29.200000000000003 19.8 76 10.8 52.2 0.6000000000000001 0.6000000000000001 1 1.6 0.4 0 0 1.2000000000000002 12.600000000000001 0.4 0.4 1.2000000000000002 0 0.4 0 0.4 0 0.2 0 0 1.2000000000000002 9.8 0 0 0 0 0 0 5.4 0 0.2 0 2.2 0 0 0 0 0 0 1 0 0 4.800000000000001 0 0 0 0 0 0 0.2 0 10.200000000000001 0 0 0 2.6 0 2.4000000000000004 0 0 2.2 2.6 2.6 1.6 2.8000000000000003 0 1.6 2.2 0 3.6 6.800000000000001 10.8 5.2 9.200000000000001 4.2 6 0 0 0.2 0 0 0 2.2 0 0 0 0.2 0 0 0 0 0 0 0 0 0.2 0 0 2 0.8 0 0 0 0 0 0 0 0 0 0 0 0.4 0 0 0 0 0 0 0 0.2 0 0 2.4000000000000004 0 3 0.2 0 0 0 5.2 2.4000000000000004 0 0 0 0.4 0 1.4000000000000001 1.6 1 0 5.2 7.4 5.2 2 9.600000000000001 2.4000000000000004 0.4 0 1.6 0.4 3 4 2.6 7.6000000000000005 8 6.2 0 2.4000000000000004 2.2 0 0 0 0 0 0 0 0.8 0.4 0 0 0 0 3.8000000000000003 0 0 0 0 0 7.800000000000001 0 0 0 0 0 0 0 0 0 0 0 0 0 0 0 2.4000000000000004 0 0 0 0 0 0 0 0 0 0 0 0 0 0 0 0 0 0 0 1.4000000000000001 0.4 0 0.2 0 0.4 3.2 0 0 0 0 0 0 0 0 0 0 0 0 0 0 0 0 0 0 2.6 0 0 0 0 0 0 0 0 0 0 
 0.6000000000000001 0.6000000000000001 0.4 0.4 0.2 17.2 0 0 0 0 0 0.4 0 0 0.6000000000000001 0 0 0.2 0 0 17.6 0 25.200000000000003 10.600000000000001 80.60000000000001 7.4 74.4 19.400000000000002 27 4 20.400000000000002 27.6 23 42.2 12.200000000000001 13.600000000000001 7.4 5.800000000000001 11 34.4 0.6000000000000001 0.6000000000000001 0.8 0.6000000000000001 41.6 0 0 0 0 0 0.4 0 0 0.2 0 0 0 0 0 0 0 0 0 0 0 0 0 0 0 10 0 0 0 0 0 0 0 0 0 0 0 0 1.8 0 1.8 2.6 0 0 0 0 0 1 0 0 0 0 0 0 0 0 3 14.200000000000001 3.6 2.6 0.2 9 0.2 3.4000000000000004 3.2 0.8 0 0 2.4000000000000004 2.6 4.4 2 4 8.6 0 3.6 0 0 0 0 0 0 0 0 0 0 0 0 0.2 0 0 0 0 0 0 0 0 0 0 0 0 0.8 0 0.2 0 0 0 0.4 0 0 0 0 0 0 0.6000000000000001 0.4 0 0 0 0 0 0 0 0 0 0 0.2 0 0 0 0 0 0 0 0 0 0 3.6 0 6.4 4.2 3 5.6000000000000005 8.4 5.6000000000000005 2.4000000000000004 0 0 7.6000000000000005 3.8000000000000003 4 2.2 0 1.8 2.8000000000000003 0 0 0 0 0 0 0 0 0 0 0 0 0 1.8 0 0 0 0 0 0 0 0 0 0 0 0.4 0 0 0 0 0 0 0 0 0 0.2 0 0 0 0 0.4 0 0 0 0 0 0 0 0 0.2 0 0.2 0 0 0 1.2000000000000002 0 0 16.8 15 0 0.4 2.8000000000000003 0 0 0 0 0.2 0 0 0 0 0 0 0 0 0 2.4000000000000004 0 0 0 0 0 0 0 0 7.800000000000001 3.2 0 0 0 
 1 0 0 0 0 0 0 0.2 0.2 0 14.8 0 0 0.2 0 0 0 0.4 0 0 35.2 25.200000000000003 0 74.8 66.2 4 31 27.200000000000003 49.6 26.6 37.6 21.400000000000002 17.8 24.6 48 25.200000000000003 22.8 25.8 4.4 12 0.6000000000000001 0.6000000000000001 0.6000000000000001 0.6000000000000001 0.8 0 14.200000000000001 0 0 0 0 0 0 0.2 0.2 0 0.4 0.2 27.400000000000002 12.600000000000001 0.2 0 0.4 0 0 1.2000000000000002 0 0 0.8 0 0 0 0.8 0 0 0 0 0 0 0 0 0 0 0 2.8000000000000003 0.4 0 0 0 0 0 1.4000000000000001 0.4 0 0 0 0 0 0 0 0 0 2 11.200000000000001 9.600000000000001 4 1.8 0.2 4.2 5.2 4.4 4 0 4.2 0 5.800000000000001 2.2 15.200000000000001 0 1.6 0 0.2 0.4 0 0 0.2 3.6 0 0 0.2 0 0 2.4000000000000004 0.4 0.2 0 0 0 0.4 3.2 0 0 0 0 0 0.2 0 0 0 0 0 0 0 0 0 0 0.6000000000000001 0 0 0 0 0 0 0 0 0 0 0 0 0.2 0 0 0 0 1 0 0 0 0 0.2 0 2.6 5.4 0.4 0.2 9.8 0 5.4 6.800000000000001 9 0 0.8 11 0 0.2 0 2.8000000000000003 2 0 0 3.2 0 0.2 0 0 0 2.8000000000000003 0 0 0 0.4 0 1.6 0 0 0 0 0 0 1.8 0 0 0 0 0 0 0 0 0 0 0 0 0 0 0 0 0 0 0 0 0 0 0 0 0 0 0 0 0 0 0 0 0 0 1.8 0 0 34.2 3.4000000000000004 0 0 0 0 0 0 0 0 0 0 0 0 0 0 0 0 0 0 0 0 0 0 3 0 0 0 0 0 0 0 0 
 0.2 0 0 0 0.6000000000000001 0 0 0.6000000000000001 0 0 0 0.6000000000000001 0 0 0 0 0 0 0 0 53.800000000000004 10.600000000000001 74.8 0 47.800000000000004 22.200000000000003 19 9.4 28.8 24.8 16.400000000000002 10.600000000000001 15.8 20.400000000000002 15.200000000000001 69.8 8.8 53.2 17.400000000000002 12.200000000000001 13.600000000000001 0.6000000000000001 0.6000000000000001 0.6000000000000001 0.4 0 20.6 4.800000000000001 0 0 0 0.2 3.8000000000000003 0.2 0.6000000000000001 0.4 0 0 43.400000000000006 12.8 0.4 0 0.2 0 0 0 0 0 0 0 0 0 0 0 0 0 0.8 0.2 0 0 0 0 0 0 0 0 0 0 0 0 0 0 0 0 0 0 0 0 0 0 0.2 0 0 9.600000000000001 0 9.600000000000001 0 13.600000000000001 0.8 6.6000000000000005 3 2.4000000000000004 0 3.8000000000000003 0.2 0 2.4000000000000004 0 0 0 0 2.4000000000000004 0 0 0 0 1.8 2.4000000000000004 0 1.8 0 0 2.6 2.6 4.800000000000001 0.2 0 0 9.8 5.4 0 0 0 0 0 0 0 0 0 0 0 0 0 0 0 0.4 1 0 0 0 0 0 0 0 0 0 0 0 0 2.6 0 0.4 0 0 0.4 0 0 0 1.4000000000000001 0.4 6.2 4.6000000000000005 0 3.2 2.2 6.6000000000000005 0 0 4.2 1.8 0.4 0.8 0 0.2 10 3 0 12.200000000000001 0 0 5.800000000000001 1.4000000000000001 2 0 0 0 0 2.2 2.8000000000000003 0 0 0 0.2 0.2 3.6 3 0 1.4000000000000001 1.6 0 0 0 2 0 0 0 0 0 0 0 0 0 0 0 0 0 0 0 0 0 0 0 2.6 0 0 0.2 0 0 0 0 0 0 0 0 2.6 0.2 0.4 16 0 0 3.8000000000000003 0.2 0 0 0 0 2.8000000000000003 0 0 0 0 0 0 0 0 0 0 0 0 0 0 4 0 0 0 0 0 0 0 0 
 0 0 0 0.2 1 0 0.6000000000000001 0.6000000000000001 0 0.6000000000000001 8 0.6000000000000001 0 0 0 0 1 0 0 0 6.2 80.60000000000001 66.2 47.800000000000004 0 12.600000000000001 28.200000000000003 8.6 45.6 31 28.400000000000002 31.6 13 18 19.200000000000003 27.6 63.2 9.8 55.400000000000006 21.200000000000003 2.6 0.6000000000000001 0.6000000000000001 0.6000000000000001 0.6000000000000001 0.4 4.800000000000001 18 0 0 0 0 25 0 0 20.200000000000003 0 0.4 4.4 0 0 0 0.4 0 0 0 0 0 0.2 0 0 0 0 0 0 0 0.2 0.2 6.800000000000001 0.4 0 0 0 0 0 0 0 0 0 0 0 0 0 0 0 0 0 0 0 0 0 2.8000000000000003 2.6 0 0 4.800000000000001 0.2 0 4.2 4.6000000000000005 0 0.6000000000000001 0 0 0 0.2 2.2 0.2 0 0 7.800000000000001 3.8000000000000003 4.800000000000001 0 0 0 0 4.2 0 4.4 4 1.6 7.4 4.2 2.2 5 1.8 0 0.2 0 0 0 0 0 0 0 0 0 0 0 0 0.4 0 0 0 0 2.2 0 0 0 0 0 0 0 0 0 0 0 0 0.4 0 0 0 0 0.8 0 0 0 0 0 0 1.6 0 2.8000000000000003 6.4 2.4000000000000004 0 0.2 0 0.2 0 2.6 0 1.6 0 1.6 0 0.2 0 0 1.8 3.6 1.8 4.2 0 0 0 0 8.200000000000001 0 0 0 5.800000000000001 5.800000000000001 5 13 0.2 1.6 4.2 4.2 0 0 0 0 0 0.2 0.4 0 0 0 0 1.8 0 2.6 0 0 0 0 0 0 0 0 0 0 0 0 0 0 0 0 0 0 0 0.4 1.4000000000000001 3.6 0.4 0.4 1.4000000000000001 0.2 0 0.2 0 0 0 0 2.2 0 0 0 0 0 0 0 0 0 0 0 0 0 0 0 0 0 0 0 3.6 0 0 0 
 14.4 14.4 0.4 14.600000000000001 0.2 17.2 14.600000000000001 14.600000000000001 14.600000000000001 14.8 0 15.200000000000001 0.2 0 14.8 0 0 0 0.4 14.600000000000001 51 7.4 4 22.200000000000003 12.600000000000001 0 6 19.400000000000002 11.4 25.8 77.4 40.400000000000006 5.4 10 27.8 60.400000000000006 13.4 29.200000000000003 9.200000000000001 50.6 0.4 0.6000000000000001 0.8 0.6000000000000001 0.8 0 7.6000000000000005 0 0 0.2 0 0.6000000000000001 12.200000000000001 0.4 6.2 0 0 0.4 34 0.2 0 0 0 0.6000000000000001 0 0 0 0 0 0 0 0 0 0 0 0 1.2000000000000002 0.4 0 0 0 1.8 0 0 1.6 0 0 0 1.6 2.4000000000000004 0 1.2000000000000002 0 1.6 0 0 0 1.2000000000000002 1.2000000000000002 0 0 3.8000000000000003 3 4 3.4000000000000004 9 0 0 0 3.6 0 6.800000000000001 0 0 0 0 0 0 2.2 0 0.4 2.6 0 0 0 0 8.6 0 0 0.2 0 0 0.8 1.4000000000000001 5.2 0 1.6 0 6 7.2 0 0 0 0 0 0 0 0 0 0 0 0 0 0 0 0 0 0 0 0 4.800000000000001 0 0 0 0 0 0 0 0 1.8 0 0 0 0.2 0 2.4000000000000004 4.4 0 0 0 0 0 5.2 0 2.4000000000000004 0 0 0 2.4000000000000004 2.2 13.200000000000001 5 0 0 2.2 1.6 1 3.8000000000000003 0 0.6000000000000001 3 2.4000000000000004 0 0.2 0 0 2 4.800000000000001 0 0 0 0 4.6000000000000005 0.4 4 0.2 2.2 4.6000000000000005 2.4000000000000004 2.6 0 0 0 0 0 0 0 0 0 0 0 0 0 0 0 0 0 0 0 0 0 0 2.8000000000000003 0 0 0 0 0 0.2 0 0 0 0 0 1.8 0.6000000000000001 0 0.8 14.600000000000001 0 0 0 0 0 0 0 1.2000000000000002 0 0 0 0 0 0 0 0 0 0 0 0 0 0 0 0 0 0 0 0 0 0 0 
 0 0 18.400000000000002 15.200000000000001 0 0.4 0 0 0.6000000000000001 0 15 15.4 0 0 0 40.800000000000004 0 0 0 0 79.4 74.4 31 19 28.200000000000003 6 0 18.2 49.800000000000004 8.6 8 54.2 41.6 34 30.6 24.6 8.8 51.2 121.4 44.800000000000004 0.8 0.8 6.4 0.6000000000000001 0.4 0.8 0 0 0.4 1 0.2 0.6000000000000001 0 0.2 0 0.8 0 0.2 0.4 0 0 0.4 0.4 0.6000000000000001 1 0 0 0.2 0.2 0.4 0.4 0.6000000000000001 0 0 0.2 0.6000000000000001 0.8 0.2 9.200000000000001 0 0 0 0 2.4000000000000004 3.2 1.8 0 0 2.4000000000000004 0 0 2.8000000000000003 0 0 0 0.4 3 0 0 0 10.4 12.600000000000001 1.2000000000000002 0.2 5.800000000000001 0 5.2 0 4 1.6 0 0 2.2 4.800000000000001 3.8000000000000003 1.2000000000000002 1.8 4.4 2.8000000000000003 1.4000000000000001 0 0 0 0 0 0 0 0 0 0 0 0 5.2 0 0 0 0 0 0 0 0 0 0 0 0.2 0 0 0.4 0 0 0 1.2000000000000002 0 0 0 0 0 0 0 0 0 0 0 0 0 0 0 0 0 0 1.8 0 0 0 0 0 0 0 0 0 0.2 0 0 2 4.2 6.4 2.4000000000000004 11.8 2.8000000000000003 0 0 2 5.2 13.8 4.800000000000001 0 0 1.4000000000000001 5.6000000000000005 0 0.2 0 0 0 0 0 0 0 0 0 0 0 0 0 0 0 0 0 0 0 0 0 0 0 0 0 0 0 0 0 0 0 0 0 0 0 0 0 0 0 0 0 0 0 0 0 0 0 0 16 0 0 0 0 2 0 0 8.4 0.6000000000000001 0.4 0 0.2 0 0 0 0 0 0 0 0 0 0 0 0 0 0 0 0 0 0 0 0 0 0 0 1.2000000000000002 0 0 0 0 
 0.2 1 0.2 0 12.4 29.8 0 0 0 0 0 0.4 0 0 0 0.4 0 15.200000000000001 0 0 8.4 19.400000000000002 27.200000000000003 9.4 8.6 19.400000000000002 18.2 0 26.400000000000002 19.400000000000002 5.800000000000001 17.8 74.4 34.800000000000004 23.400000000000002 20.200000000000003 7.800000000000001 20.400000000000002 44 39.800000000000004 0.6000000000000001 0.6000000000000001 0.6000000000000001 0.6000000000000001 0.4 0 0 0 0 0.4 5 0 0 0 5.2 0 0 0.2 0 0 0 0.4 0 0 0 0 0 11.600000000000001 0.6000000000000001 0 0.4 0 0.2 0 0 0 0 0 0 0 0 0 0 0 0 0 0 0 0 0 0 0 0 0 0 0 0.2 0 0 0 2.2 3.8000000000000003 5.6000000000000005 7.2 9.600000000000001 0 2.2 6.4 0.2 7.2 3 2.2 4 7.2 4.2 2.4000000000000004 0 4.4 0 2.4000000000000004 0 0 0 0 0 0 0 0 0 0 0 0 2.4000000000000004 0 0 0 0 0 0 1.8 0 0 0 0 0.6000000000000001 0 0 0 0 0 0 0 0 0 0 0 0 0 0.2 0.2 0 0 0 2.4000000000000004 0 0.2 0 0 0 0 0 0.2 0 0 0 0 0 0.2 0 0 1.8 4.800000000000001 7.4 2.6 0 2.4000000000000004 4.4 0 6.2 2.4000000000000004 5.6000000000000005 3.8000000000000003 2.2 3.6 3.8000000000000003 3.6 3.6 5 1.8 3.8000000000000003 0 0 0 0 0 0 0 0 0 0 0 0 0.2 0 0 0 0 0 4 0 0 0 0 0 0 2 0 0 0 0 0 2.6 0 0 0 0 0 0 0 0 0 0 0 0 0 0 0 0 12.600000000000001 0 1.6 0 0 0 3.8000000000000003 0.2 0 0.2 0 0 0.6000000000000001 0 0 0 0 0 0 0 0 0 0 0 0 0 0 0 0 0 0 0 0 0.2 0 0 0 0 0 0 0 0 
 0.6000000000000001 0 0 0 0 7.6000000000000005 0 0 0.2 0 0.2 0.6000000000000001 0 0 0 0 0 0.2 0 0 73.60000000000001 27 49.6 28.8 45.6 11.4 49.800000000000004 26.400000000000002 0 45 36.4 18.2 37.800000000000004 16 105.4 41.6 40.6 32.4 12 16 1.4000000000000001 0.6000000000000001 0.6000000000000001 0.6000000000000001 0.4 0 11 0 0.6000000000000001 0.4 0 0.6000000000000001 0.4 1 0.6000000000000001 0.4 0 0 13.200000000000001 12.200000000000001 2.6 0 0.2 0 0.4 0 0.4 0 8.6 0.4 0.2 0 3.6 0.2 0.4 0 0 0 0 0.4 0.4 0 0 0 3.2 0 0 0 0 0 0 0.2 0 0 0 0 0 0 2.4000000000000004 0 1.8 0 7.2 10.600000000000001 0.2 6 0 0.2 7 7.800000000000001 3.4000000000000004 0 1.8 4.6000000000000005 2.6 0 0 2.8000000000000003 5.800000000000001 3.6 2.2 0 0 0 0 0 1.2000000000000002 2.6 0 1.6 0 1.6 1.8 0 0 0 0 0 0.2 3.8000000000000003 0 0 0 0 0 7.6000000000000005 0 0 0 0 0 0 0 0 0 0 1.6 0 0 0 0 0 0 0 0 0 0 0 0 0.2 0 0 0 0 1 0 0.4 0 0 0 0 0 9.4 4.800000000000001 2.4000000000000004 5.6000000000000005 0.6000000000000001 2 5.800000000000001 0 2.4000000000000004 3 2.4000000000000004 4.6000000000000005 1.8 0 0 0 0.6000000000000001 0 4.800000000000001 0 0 0 0 0 0 0 0 1.6 0 0 0 1.6 0 0 0 0 1.6 0 0 0 0 0 0 0 0 0 0 0 0 0 0 0 0 0 0 0 0 0 0 0 0 0 0 0 0 0 0 0 0 0 0 0 2.8000000000000003 0.2 0.4 21.200000000000003 15.8 0.4 0.6000000000000001 0.4 0 0 0 0 0 0 0 0 0 0 0 0 0 0 0 0 0 2 0 2.6 0 0 0 2.4000000000000004 0 0 0 0 
 0 0 0 0 0.6000000000000001 3.6 0 0.4 0 0 0 0 0 0 0 0 0 0 0.2 0.4 34.800000000000004 4 26.6 24.8 31 25.8 8.6 19.400000000000002 45 0 81.60000000000001 54.800000000000004 26.8 17.8 57.400000000000006 66.2 58.6 12.4 55.6 19.200000000000003 1 0.8 0.6000000000000001 0.6000000000000001 0.4 0 12.8 0 0 0.6000000000000001 0.4 0 15.4 0.2 0.2 0 0 0 0 13.4 0.6000000000000001 0 0 0 0 0 0 0 1 0 0 0.4 1 0 0 0 0 0 0 0 0 0 0 0.4 0 0 0 0 0 0 0 0 0 0 0 0 0 0 0 0 0.2 4.800000000000001 5 2.4000000000000004 7.4 1 0 0.2 3.6 4.6000000000000005 2.6 3.6 1.8 0 2.8000000000000003 0 2.6 0.4 2.6 1.8 0.4 4.800000000000001 0 0 0 0 9.200000000000001 0.8 0 2 0 0 2.8000000000000003 0 0 0 0 0 0 1.2000000000000002 0 0 5 0 0 0 0 0 0 0 0 0 0 0 0 0 0.6000000000000001 0 0 0 0 0 0 0 0 0 0 0 0 0 0 0 0 0.2 0 0.4 0 0 0 0 0 0 5.6000000000000005 0 2.2 7.2 0 0 14.200000000000001 0.2 0.2 4.4 0 0 0.2 3.6 3.8000000000000003 4.2 2.4000000000000004 2.2 2.6 0 0 0 0 0 2.2 0 0 0 0 0 1.4000000000000001 1.4000000000000001 0 0 0.4 0.2 3 4.800000000000001 0 0 0 0 0 0 0 0 0 0 0 0 0 0 0 0 0 0 0 0 0 0 0 0 0 0 0 0 0 0 0 0 0 0 4.2 0.4 0.4 15.8 16.6 0 0.6000000000000001 0.2 0 0 0 0 0 0 0 0 0 0 0 0 0 0 0 0 0 0 0 2.4000000000000004 0 0 0.2 0 0 0 0 0 
 0.2 0 0 0 0.2 0 0.4 0 0 0 0 0 0 0 0 0 0 0 0 0 8.200000000000001 20.400000000000002 37.6 16.400000000000002 28.400000000000002 77.4 8 5.800000000000001 36.4 81.60000000000001 0 54.6 20.6 10 47.400000000000006 95.60000000000001 46 14.8 8 16.2 0.6000000000000001 0.6000000000000001 0.6000000000000001 0.8 0.4 0 5.4 0 0 0 0.4 0 0 0.4 0 0 0 0.2 0.4 0.4 0.2 0 0 0 0 0 0 0 0 0 0 0.4 0 0 0 0 0 1 0 0.4 0 0 0 0 0 0 0 0 0 0.4 0 0 0 0 0 0 0 0 0 0 0 0 2.6 3.6 2.4000000000000004 6.2 0 0 6.4 0 0 5.6000000000000005 0 0 8.200000000000001 0 2.4000000000000004 0 0 1.8 2.2 2.4000000000000004 0.2 0 0 0 2 1.4000000000000001 0 1.6 0 0 11.600000000000001 0 0.2 0 0 0 0 5.4 0 0 0 0 0 0 0 0 0 0 0 0 0 0 0 0.4 0 0 9.8 0 0 0 0 0 1.2000000000000002 0 0 0 0 0 0 0.4 0 0 0.8 0 0 0 0 0.4 0 0 2 3.8000000000000003 1.8 3 0 0 0.4 1.2000000000000002 3 4 5.4 3.6 0 6 1.2000000000000002 7.6000000000000005 0.8 5.2 0 0 0 0 0 0 0 0 0 0 0 0 3.8000000000000003 2 0 0 0 0 6 0 1.4000000000000001 0 0 0 0 0 0 0 0 0 0 0 0 0 0 0 0 0 0 0 0 0 3.6 0 0 0.2 0 0 0 0 0 0 0 0 1.8 0.4 0.4 0.2 16 0.4 0 0 0 0 0 0 3.2 0 0 0 0 0 0 0 0 0 0 0 0 1.8 0 0 0 0 0 0 0 0 0 0 
