 0 19 54.2 87.60000000000001 7 10.200000000000001 64.2 29.8 8.200000000000001 28 29.200000000000003 7.4 72.8 61.6 27.6 9 41.400000000000006 63.800000000000004 26 30.400000000000002 0 0 0.2 0.6000000000000001 0.4 0 0 0.6000000000000001 0 0 0.6000000000000001 1 0 0 0 0 0 0.4 0.6000000000000001 0.4 0.4 0 0.4 0.8 0 0 0 0.6000000000000001 1.4000000000000001 0 0.6000000000000001 0.4 0 0 0 0.6000000000000001 0 0 0.6000000000000001 0 0 1.2000000000000002 0 0 0 0 0 0 0.6000000000000001 0.6000000000000001 0 9.200000000000001 1 0 0 0.6000000000000001 0 0.6000000000000001 0.4 0.4 4.4 7.2 0.2 3.8000000000000003 0 0.2 1 5 0.2 0 2.4000000000000004 0 1.8 0.2 0 0 2 4.800000000000001 2.6 2.2 0 0 0 0 0 0 0.2 0 0 0 0 0 0 0 0 0 2 0 2.6 0 0 0 0 0 0 0 0 0 0 0 0 0 0 0 0.4 0 0.6000000000000001 0 0 0 0 0 0 0 0 0 0 0 0 0 0 2 0 0 0 0.2 0 0 0 0 3 6.4 0 2.6 0 0 0.6000000000000001 2.2 5.800000000000001 2.4000000000000004 0 1.6 6.4 1.6 0.6000000000000001 2.4000000000000004 4.800000000000001 0 3.8000000000000003 3.2 0 0 0 0 0 0 0 0.4 0 0 0 0 0 0 2 0 0 0 0 2 0 3.2 0 0 0 0 0 0 0 0 0 0.8 0 0.4 0 0 0 0 0 0 0 1.8 0 0 0 0 0 0 0 0.4 0 0 0.2 0 0 0 0 0 0.2 0 0 0 0 0 0 0.8 18.2 0.4 17.8 19.200000000000003 0 0.6000000000000001 0 0 0 0 0 0 0 0 0 0 0 0 0 0 0 0 0 0 0 0 0 0 0 0.6000000000000001 1.6 2.6 0 0 0 0 0 0 0 0 0 0 0 0 
 19 0 46 36.800000000000004 11.600000000000001 50.6 43.6 25.400000000000002 21.200000000000003 7.800000000000001 10.4 12.8 15.200000000000001 27.6 47.6 89.80000000000001 35 46.2 61.2 22.6 0 0 0 0.2 0 0 0 0 0 0 0 42.800000000000004 0 0 0 0 0.2 0 0 0.4 0 0 0.4 0 0 6 0 0 0.2 0 0.6000000000000001 0.6000000000000001 0.2 0 0 0 0 0 0.4 0 0 0.6000000000000001 0 9 0 0 0 0 0 0.6000000000000001 0 0.6000000000000001 0.6000000000000001 0 0 0.6000000000000001 0 0.6000000000000001 0.4 0.4 5.2 5.800000000000001 4.2 3.2 0 2.2 2 5 10 9.200000000000001 0 10 2 4.2 1.8 3.6 2.8000000000000003 3.8000000000000003 3.2 0.2 2.4000000000000004 0 0 0 0 0.2 0 0.2 0.4 0.4 0 0 0 0 0 0 0 0 0 3 0 0 0 0 0 0 0 0 0 0 0 0 0 0 0 0 0 0 0 0 0 0 0 0 0 0 0 0 0 0 0 0.2 0 0 0 0 0 2.2 0 0 1.4000000000000001 0 4 0 3.8000000000000003 0 0.2 3 2 5 0 1.6 0 2.4000000000000004 1.4000000000000001 2.2 3.8000000000000003 2.8000000000000003 0 0.8 0 0 0 0 0 0 0 0 0 0 0 0 0 0 0 0 0 0 0 2.6 0 0.2 0 0 0 0 0 0 0 0 0 0 0 0 0 0 0 0 0 0.4 0 0 0 0 0 0 0 0 0 0 0 0.4 0 0 0 0 0 3.4000000000000004 0 0.2 0 0 0 0 0 0.4 17.8 0.2 0 17.6 0 2 0 0 0 0 0 0 0 0 0 0 0 0 0 0 0 0 0 3.2 0 0 0 0 0 0 0 0 0 0 0 0 0 9.4 0 0 0 0 0 0 
 54.2 46 0 15.8 28.200000000000003 24.400000000000002 25.8 74.8 10.200000000000001 38.400000000000006 8.200000000000001 8.4 49.2 24 21.8 20.200000000000003 33 37.6 29.200000000000003 9 14.600000000000001 0 0.4 0.8 0 0 14.600000000000001 0 0 1.2000000000000002 0 0 0 0 0 0.4 0.4 0 0.6000000000000001 0.6000000000000001 0 0 0.4 0.2 0.4 0 0 0 0 0 1 0.6000000000000001 0.2 0.6000000000000001 0 0 0.4 0 0.4 0.6000000000000001 0.8 0.6000000000000001 0 0 0.4 0.6000000000000001 1.2000000000000002 0.6000000000000001 0.4 0.6000000000000001 0.6000000000000001 1 0.6000000000000001 0.4 0 0.6000000000000001 0 1 0.4 0.4 2 3.2 1.8 0.2 0 0 0 8.6 0 0.4 4.4 1.8 2.8000000000000003 0 10.4 3.6 0.2 5.4 0 2.4000000000000004 0 0 0 0 0 0 5.6000000000000005 0 0 0 0 0 10.200000000000001 0 0 0 0 0 0 0 0 0 0 0 0 0 0 0 0 0 0 0 0 0 0 0 0 0 0 0 0 0 0 0 0 0 0 0 0 0 0 0 0 0 0 0 0 0 0 0 0.2 0 3.8000000000000003 8.4 0 0 2.4000000000000004 2.4000000000000004 0 0 2.2 0 1.4000000000000001 0.4 0.6000000000000001 4.6000000000000005 0 7 3 0 0 0 0 0 0 0 0 0 0 0 0 0 0 0 0 0 0 0 2.6 3.4000000000000004 0 5 0 0 0 0 0 0 0 0.4 0 0 0 0 0.4 0 0 0 0 0 0 0 0 0 3.4000000000000004 0 0 2.6 0 0 0 0 0 0.4 0 0 0 0 0 0 0 0 0 0 0 0 0.4 0.4 0 18 0 1.4000000000000001 0 0 0 0 0 0.2 0 1.6 0 0 0.2 0 0 0 0 0 0 0 0 0 0 0 0 0 0 0 0 0 0 0 0 0 0 0 0 0 0 0.6000000000000001 
 87.60000000000001 36.800000000000004 15.8 0 55.800000000000004 49.800000000000004 15.4 12.4 33.800000000000004 73.8 41.800000000000004 31 14.4 36 92 54.2 26.8 32 17.8 10 0.4 0 0 1 0 0.4 0 0 0 0 0 0.4 0 0 1 0 0.8 0.4 7.6000000000000005 0.8 0 0.4 0.4 0.4 1.4000000000000001 1.2000000000000002 0.6000000000000001 0 2.6 1 0.6000000000000001 0.4 0 0 0.8 0 0.6000000000000001 1 1.2000000000000002 0 0 0.6000000000000001 0 1.2000000000000002 0.4 0 0 0 0 0.6000000000000001 1.2000000000000002 11.4 0.4 1.2000000000000002 0 1.2000000000000002 0.4 0.6000000000000001 0.4 0.4 0.2 2.8000000000000003 2 3 5.6000000000000005 2.8000000000000003 0 0 0 0 0 2.4000000000000004 0 0 1 7.800000000000001 2 3 0 0.4 5.2 0 0 0 0 0 3.2 0 1.4000000000000001 0 0 0 1.6 0 0 0 0 0 6.2 0 0 0 0 0 0 0 0 0 0 0.8 0 0 0 0 0 0 0 0 0 0 0 0 0 0 0 0 0.4 0 0 0 0 2.6 0.2 0 0 0 0 0.4 0 0 0 0 0 9.200000000000001 2.4000000000000004 0 0 0.4 1.2000000000000002 3.6 2 5.800000000000001 0 0 0 0 3.4000000000000004 6.6000000000000005 0 0 0 0 0.2 0.4 0 0 0.2 0.2 0 0 3.2 0 2 3.4000000000000004 2.2 0 0 0 0.2 8 0 3.8000000000000003 0 0 0.4 0 0 0 0 0 0 0 0 0 0 0 0 0 0 0 0.2 2.4000000000000004 0 0 0 0 0 0 0 0 0 0 0 0 0.4 0 0 0 0 0 0 0 0 0 0 1.2000000000000002 0.4 0.4 19.6 0.2 0 1 1.2000000000000002 0 0 0 0 0 0 0 0 0 2.6 0 0 0 0 0 0 0 0 0 0 0 0 1.6 1.2000000000000002 0 0 0 0 0 0 0 0 0 0 0 0 0 
 7 11.600000000000001 28.200000000000003 55.800000000000004 0 54.2 9.8 14.8 75.60000000000001 18 37.6 7.4 16.6 32 31.8 35.800000000000004 68.2 73.2 34.800000000000004 57 15.200000000000001 0 0 0 0 0 4.800000000000001 14.600000000000001 0 0 0 0 14.8 0.2 0 0 0.6000000000000001 0 30.6 0.4 0 0.2 0.4 0.6000000000000001 0 0.2 0 0 0.4 0 0.6000000000000001 0 0 0 0 0 0 0 0.6000000000000001 0 0 0.4 0 0 0 0 0 0 0 0.4 0 0 0.4 0 0 0.6000000000000001 6 0.6000000000000001 0.4 0.6000000000000001 0 0.2 1.6 4.800000000000001 3 0 2.6 0.2 3 3.4000000000000004 4.800000000000001 2.8000000000000003 0.2 0 6 10.600000000000001 6.6000000000000005 7.4 0 0 2.8000000000000003 0 0 0 0 0 7.800000000000001 1.8 0 0 0 0 4.800000000000001 3 6.2 0 0 2.6 2.8000000000000003 2.8000000000000003 0 0 0 0 0 0 0 0 0 0 0 0 0 0 10.4 0 0 0 0 0 0 0 0 0 0 0 0 0 0 0 0 0.2 0 0 0 0 0 0 0 0 0 5.6000000000000005 0 6.6000000000000005 1.6 2.8000000000000003 0 0 0 4 9.4 2.8000000000000003 0 0 0.4 2.2 3.2 5.6000000000000005 0 0 2.8000000000000003 0 1.4000000000000001 0 0 0 1.6 1.4000000000000001 0.2 0 2.8000000000000003 0 0.2 3 0 0 1.8 0 4.6000000000000005 8.8 0 0 0 0 0 0 0 0 0 0 0 0 0 0 0 0 0 0 0 0 0 0 0 0 0 0 2.2 0 0 0 0 4.2 0 0 0 0 0 0 2.2 0 0 0 0 0 0 0 17.400000000000002 0 17.8 0.8 3.6 1.2000000000000002 2.2 0 0 0 0 0 0 0 0 0 2.4000000000000004 0 0 0 0 0 0 0 0 0 0 0 0 0 0 0 0 0 0 0 0 0 0 0 0 0 0 0 
 10.200000000000001 50.6 24.400000000000002 49.800000000000004 54.2 0 18.2 50.6 18.400000000000002 49.400000000000006 65 29.8 51 11.8 26 17 59.400000000000006 119.60000000000001 9.200000000000001 53.2 0.4 0 0.2 0 0 0 15 14.600000000000001 0.4 5.6000000000000005 0 0.4 30 14.600000000000001 0.2 15.600000000000001 0.2 14.600000000000001 15.600000000000001 15.600000000000001 0.4 0 0.4 0.2 0 0.2 0.6000000000000001 0 0 0 0.6000000000000001 1 0 0 0 0 0 0 0.6000000000000001 0 0 0.6000000000000001 0 0 0 0 0 0 0 0.6000000000000001 0 0.4 0.4 0.4 0 1.2000000000000002 0 1.2000000000000002 0.4 0.4 0 0.2 0 7.4 3 0.4 0.4 0 0 0.2 3 0.2 0 0 0 14.8 1.4000000000000001 0 0 0 0.4 1.4000000000000001 2.6 0 0 0 0 6.4 3.2 2 0 0 3.2 0 0 0 2.2 2 0 1.8 0 0 0 0 0 0 0 0 0.4 0 0 0 0 0 0 0 0 0 0.4 0 0 0 0 0 0 0.2 0 0 0 1.2000000000000002 0 0 0 0 0 0 0 1.2000000000000002 0 0 0 0 0 3.4000000000000004 3.6 5 0 0.2 0 7.800000000000001 0.8 5.800000000000001 0 0 0.2 0 0 9.200000000000001 0 0 4.4 5.2 3.8000000000000003 0 0 0 0 1.8 0 0 1.8 0.4 0 2.2 6.2 0 0 3 1.8 4.800000000000001 0 0 0 0 0 0 0 0 0 0 0 0 0 0 0 0 0 0 0 0 0 0 0 0.2 0 0 0 0 0 0 0 0 0 0 0 0 0 0 0 0 0 1.4000000000000001 0 0 0 1 17 0 0.4 0.2 0 1.4000000000000001 0 1.6 0 0 0 0 0 0 0.2 0 0 0 0 0 0 0 0 0 0 0 0 2.4000000000000004 0 13.200000000000001 0 0 0 0.2 0 0 0 0 0 0 0 0 0 0 
 64.2 43.6 25.8 15.4 9.8 18.2 0 110.2 47.2 57.800000000000004 62.400000000000006 6.4 76.80000000000001 37.4 9 89.80000000000001 39.6 17.6 57.6 21.400000000000002 0 0 0.4 1.8 0 0 0 0 0 0.6000000000000001 0 0 0 0 0 0 0.4 0.4 0 0.4 0 0 0.4 0 0 0 0 0.4 0 0 0.6000000000000001 0.8 0.2 0 0 0 0 0 0.4 0 0 0.6000000000000001 0 0 0.2 0 0 0 0 0.6000000000000001 0 0.6000000000000001 1 0 0 0.6000000000000001 0 0.6000000000000001 0.4 0.4 4.800000000000001 4.2 0 2.6 0.2 0 2 5.4 2.2 0.2 1.8 0 0 2.8000000000000003 5.4 6.2 0 1.8 4.4 4.2 0 0 0 0 0 4.4 0 0 0 0 0 0 0 0 0 0 0 0 0 0 0 0 0 0 0 0 0 0 0 0 0 0 2.2 0 0 0 0 0 0 0 0 0 0 0 0 0 0 0 0 0 0 1 0 4.6000000000000005 0 0 0 0 0 0 7 3.6 0 0 0 0 2.8000000000000003 3 2.6 3 0 2 7.800000000000001 0 5.800000000000001 0 0 0 0.2 5 0 0 0 0 0 0 0 0 0 0 0 0 0 0 0 0 0 0 0 0 0 0 0.2 0 0 0 0 0 0 0 0 0 0 0 0 0 0 0 0 0 0 0 0 0 0 0 0 0 0 0 0 0 0 0 0 0.2 0 0 0 0 0 0 0 0 0 0.4 9.600000000000001 0 0 0 0 0.4 0 0 0 0 0 0 0 0 0 0 0 0 0 0 0 0 0 0 0 0 0 0 0 0.2 0 1.6 0 0 0 0 0 0 0 0 0 0 0 0 
 29.8 25.400000000000002 74.8 12.4 14.8 50.6 110.2 0 40.6 52.800000000000004 52 8.6 40.6 32.4 71.4 12 22.8 26.400000000000002 82.60000000000001 23.6 0 0 0.6000000000000001 0 0 0 0.4 0 0 0 0 0 0 0 0 0.2 0.8 0 0.2 0.6000000000000001 0 0 0.4 0.2 0 0.4 0 0 0 0 0.6000000000000001 0.4 0 0 0 0 0 0 0.6000000000000001 0 0 0.6000000000000001 0 0 0 0 0 0 0 0.6000000000000001 0 1.2000000000000002 0.4 0 0 0.6000000000000001 0 0.6000000000000001 0.4 0.4 2.4000000000000004 4.800000000000001 5.6000000000000005 0 1.8 2 0 3 5 8.8 0 1.4000000000000001 6 2.4000000000000004 0 0.2 3.2 3.6 8.6 9.4 2 0 0 0 0 0 0 0 0 0 0 0 0 0 0 0 0 0 0 2.4000000000000004 0 0 1 0 0 0 0 0.2 0 0 0 0 0 0 0 0 0 0 0 0.2 0 0 0 0 0 0 0 0 0 0 0 0 0 0 0 0 0 0 0 0 4.800000000000001 3.8000000000000003 1.2000000000000002 1.2000000000000002 0 0.6000000000000001 0.6000000000000001 9.8 9 6.2 0 0 4 3.2 5.6000000000000005 2 6.800000000000001 0 22.6 5.800000000000001 0 0 0 0 0 0 0 0 0 0 0 6.4 0 0 0 0 0 0 0 2 0 0 2.6 0 0 0 0 0 0 0 1.6 0 0.2 0 0 0 0.4 0 0.4 0 0 0 0 0.2 2.8000000000000003 0 2.4000000000000004 0 0 0 0 0 0 0 0 0 0 0 0 0 0 0 0 0 0 0 0.4 0.4 0 17.8 0 3.4000000000000004 0 0 0 0 0 0 0 0 0 0 0 0 0 0 0 0 0 0 0 0 0 0 0 2.6 0 0 0 0 0 0 0 0 0 0 0 0 0 0 
 8.200000000000001 21.200000000000003 10.200000000000001 33.800000000000004 75.60000000000001 18.400000000000002 47.2 40.6 0 35.800000000000004 25.200000000000003 27 22.400000000000002 40.400000000000006 30.8 26.400000000000002 47.6 28.400000000000002 59.400000000000006 33.6 0 0 0 0 0 0.4 15 0.4 0.4 0 0 0 16.6 15.200000000000001 0.4 0 0.2 15.4 14.8 0.4 0.8 0 0.4 0.2 0 5.6000000000000005 0 0 0 0 0.6000000000000001 0.4 0.6000000000000001 0 0 0.6000000000000001 0 0 1.2000000000000002 0 0 0.6000000000000001 0 0 0 0 0 0 0 0.6000000000000001 0 1.2000000000000002 0.4 1.6 0 0.6000000000000001 0 0.6000000000000001 0.4 0.4 2.8000000000000003 9.600000000000001 0 1.8 0 13.600000000000001 0 5 0 6 3.6 11 2 2.8000000000000003 0 3.8000000000000003 7.4 4.800000000000001 6.2 0.4 2 4 0 0 0 0 3.4000000000000004 0.2 0 0 0 0 0 2 2.8000000000000003 0 0 0 0 6.2 0 0 0 0 0 0 0 0 0 0 0 0 0 0.4 0 0 0 0 0 0 0 0 0 0 0 0 0 0 0.2 0 0 0 0 0 0 0 0 0 0 0 2 2.8000000000000003 0.4 0.2 3.8000000000000003 0 0 4.6000000000000005 8.200000000000001 8.6 7 0 2 3.6 2.2 5.800000000000001 9.600000000000001 6.800000000000001 0 2.4000000000000004 2 0 0.2 0 0 0 0 0 0.4 0 0 0 0 0 0 0 0 0 0 2 0 0 0 0 0 0 3.2 0 0 0 0 0 0 4 0 0 0 0 0 0 0 0 0 0 0 0 0 0 0 0 0 0 0 0 0 1.8 0 0 0 0 0 0 0 0 0 0 17.8 0 0.6000000000000001 35.2 3 1.4000000000000001 0 0 0 0 0 0 0 0 0 0 0 0 0 0 0 0 0 0 0 0 0 0 0 0 0.2 0 0 0 2.6 0 0 0 0 0 0 0 0 0 
 28 7.800000000000001 38.400000000000006 73.8 18 49.400000000000006 57.800000000000004 52.800000000000004 35.800000000000004 0 65.4 11.200000000000001 76.60000000000001 15.4 52.800000000000004 39.800000000000004 33.4 25.8 61.6 16.400000000000002 0.2 0 0 8.200000000000001 0 0 0 0.2 0 0 0 0.6000000000000001 15 0.2 0 0 0.2 0 15 0.4 0 0.2 0.4 0.6000000000000001 0 0 0 0 0.4 0 0.6000000000000001 0 0 0 0 0 12.4 0 0.6000000000000001 0 0 0.4 0 0 0 0.2 0 0 0 0.4 0 0 0.4 0 0 0.6000000000000001 0 0.6000000000000001 0.4 0.6000000000000001 0 0.4 0.2 5.800000000000001 2.2 2.4000000000000004 0 4 0.4 0 1.8 5 0 0 10.600000000000001 9.600000000000001 5 5.2 0 0 5.4 0 0 0 0 0 13.200000000000001 0.2 13.8 0 0 0 5.6000000000000005 2 2.2 0 0.4 0 2.6 7.6000000000000005 0.4 0.4 0 0 0 0 1.4000000000000001 0 0 0 0 0 0 0 0 0 0 0 0 0 0 0 0.2 0 0 0 0 0 0 0 0 0 0 0 0 0 0 0.2 0 0 0 5 0 14 3.8000000000000003 0 0 2.4000000000000004 1 10 4 1.6 0 0 0.6000000000000001 2.4000000000000004 4 14.4 0 0 2.8000000000000003 0 0 0 0 0 0 0 0 0 0 0 0 3 0 0 0 0 0 22 0 2.6 0 0 0 0 0 0.4 0 0 0 0 0 0 0 0 0 0.4 0 0 0 0 0 0 0 0 0 0 0.4 0 0 0 0 0 0 0 0 0 0 0 0 0 0 0 0 0 0.4 0.6000000000000001 18.400000000000002 0.6000000000000001 2.4000000000000004 2.4000000000000004 0 0 0 0 0 0 0 0 0 0 2.2 0 0 0 0.4 0 0 0 0 0 0 0.4 0 2.6 2.8000000000000003 0 0 0 0 0 0 0 0 0.2 0 0 0 0 
 29.200000000000003 10.4 8.200000000000001 41.800000000000004 37.6 65 62.400000000000006 52 25.200000000000003 65.4 0 65.4 30.8 50.2 12.200000000000001 60.6 52.6 34.800000000000004 11.200000000000001 13.4 11.4 0 0 0 0 0 14.8 12.4 0 0 0 0.2 26.6 0 0 0 1.4000000000000001 0 0 0.8 0 0 0.4 0 0 0 0 0 0 0 0.6000000000000001 0.6000000000000001 0 0 0 0 0 0 0.4 0.4 0 0.6000000000000001 0 0 0 0 0 0 0 0.6000000000000001 0 0.6000000000000001 0.6000000000000001 0 0 0.6000000000000001 0 0.8 0.4 0.4 0 0 1.4000000000000001 0.6000000000000001 2.2 0.6000000000000001 0 4.2 0 0 0 0 0 0 4 3.6 0 0 0 0 0 0.2 0 0 0 0.2 12.8 3 6.2 0 0 0 0 0 2.8000000000000003 0 0 4 2.8000000000000003 0 0 0 0 0 0 0 0 0 0 0 0 0 0 0 0 0 0 0 0 0 0 0 0 0 0 0 0 0.2 0.4 0 2.4000000000000004 0 0 4 0 2 0.4 0.8 0 0 0 0 0 5.800000000000001 0 0.6000000000000001 0 0 2.2 0 0 7.6000000000000005 0.4 0 1.6 0 5.2 0 0 0 0 0 6.2 0.2 0 0.2 0.2 1 0 0 0 0.4 0 3.4000000000000004 0 0.2 8 0 0.2 5.6000000000000005 0 2.8000000000000003 0 0 0 0.2 0 0 0 0 2 0 0 0 0 0.4 0 0 0 0 0 0.2 0 0.2 0 0 0 0 0 0 0 0 0 0 0 0 0 0 0 0 0 0 0 0 0 0 9 0 19.6 0.8 0.8 1.8 0 0 0 0 0 0 0 0 0.2 0 0 0 0 0 0 0 0 0 0 0 0 0 0 1 2 0 0 0 0 0 0 0 0 0 0 0 0 0 
 7.4 12.8 8.4 31 7.4 29.8 6.4 8.6 27 11.200000000000001 65.4 0 7 25.400000000000002 25.200000000000003 25 47.400000000000006 37 24 25.400000000000002 46.6 14.8 0 0 0 0.2 31.6 15.600000000000001 0 0 0 0 29.400000000000002 0 0.4 0 0.4 0 20.6 0.4 0 0 0.4 0.6000000000000001 0 7.800000000000001 0 0 0 0 0.6000000000000001 0 0 0 0 0 0 0 0.6000000000000001 0 0 0.4 9 0 0 0 0 0 0 0.4 0 0 0.4 0 0 0.4 0 0.4 0.4 0.6000000000000001 2.2 7.2 0 0 4.800000000000001 4.6000000000000005 0.2 0 0.4 4 0.2 4 0 3.8000000000000003 8.6 0 5.2 2.2 0 0 10.8 2.2 2.8000000000000003 0 0 0 3.6 5.4 0 0 0 0 4.800000000000001 2.4000000000000004 3.4000000000000004 0 0 3.4000000000000004 3.8000000000000003 0 0 0 0 0 0 0 0 0 0 0 0 0 0 0 0 0 0 0 0 0 0 0 0 0 0 0 0 0.4 0 0 0 0 0 0 0 0 0 0 0 0 0 0 0 0 6.800000000000001 5.4 0 0 3.8000000000000003 3.2 0 2.8000000000000003 0.2 3.2 2.8000000000000003 2.2 1 1.4000000000000001 0.2 0 0 0 7.2 0 0 0 3 4.2 2.8000000000000003 0 2.8000000000000003 0.2 0 0.2 2 0.2 2.8000000000000003 4.2 6.2 0 0 0 0 0 0 0.4 0 0 0 0 3.8000000000000003 0 0 0 0 0 0 0 0 0 0 0.4 0 0.4 0 0 0 0 0 0 0 0 0 0 0 0 0 2.2 0 0 0 2 0 0 0 0.4 18.400000000000002 0 0 17.6 0 1.8 0 0 0 0 0 0 0 0 0.2 0 0 0 0 0 0 0 0 0 0 0 0 0 0 0 0 0 0 0 0 0 0 0 0 0.2 0 0 0 0 
 72.8 15.200000000000001 49.2 14.4 16.6 51 76.80000000000001 40.6 22.400000000000002 76.60000000000001 30.8 7 0 39.400000000000006 22 6.2 69.2 26.400000000000002 105.2 31.200000000000003 20.400000000000002 0 0.4 0 0 0 0 0 0 0 0.2 0 0 0 0 0 0.6000000000000001 0 0 0.6000000000000001 4.800000000000001 0 0.4 0.6000000000000001 0 0 0.2 0 0 0 2 0 0 0 0.4 0 0 0 0.6000000000000001 0 0 0.4 0 0 0 0 0 0 0 0.4 0 0 0.4 0 0 0.4 0 0.4 0.4 0.6000000000000001 1.6 2.4000000000000004 0 2 0 0.2 4.2 5.6000000000000005 4.6000000000000005 0 0.2 0.2 0 2.8000000000000003 3.4000000000000004 3.2 0 1.6 0 7 0 0 0 0 0 0 0 0.2 0.4 0 0 0 0 0 0 0 0.4 0 0 0 0.4 0.4 0 0 0 0 2.4000000000000004 0 0 0 0 0 0 0 0 0 0 0 0 0 0 0 0 0 0 0 0 0 0 0 0 0.4 0 0 0 0 0 0 0 0 0 0 4.800000000000001 1.4000000000000001 0 0 7.4 2 2 0 0 0 5.2 3 4.6000000000000005 0 0 0 6.800000000000001 2.4000000000000004 0 0 0 0 0 0 0 0 0 0 0 0 0 0 0.2 0 0 0 0 0 0 0 3.8000000000000003 0 0 0 0 0.4 0 0 0 0 0 0 0 0 0 0.4 0 0 0.4 0 0 0 0 0.2 0 0 4 0 0 0 0 0 0 0 0 0 0 0 0 0 0 0 0 0.2 0 0 0 0.2 0 1.6 0 0 0 0 0 0 0 0 0 0 0 0 0 0 0 0 0 0 0 0 0 0.4 0 2.6 0 1.6 0 0 0 0 0 0 0 0 0 0 0 0 
 61.6 27.6 24 36 32 11.8 37.4 32.4 40.400000000000006 15.4 50.2 25.400000000000002 39.400000000000006 0 42.800000000000004 6.6000000000000005 8.200000000000001 16.6 92.2 33.2 0 0 0.2 0.6000000000000001 0 0 0 0 40.800000000000004 0 0 0.4 0 0 0 0.2 0.2 0.2 15.200000000000001 0.4 0 0.8 0.4 0.4 0 12.4 0 0 1 0 0.6000000000000001 0.2 0 0.6000000000000001 0 0 0 0 0.6000000000000001 0.6000000000000001 0.6000000000000001 0.4 0 0 0 0.2 0 0.6000000000000001 0.2 0.4 0.6000000000000001 0 0.4 0 0 1.2000000000000002 0 0.6000000000000001 0.4 0.4 1.8 4 4.6000000000000005 5.2 0 0 3 0 2.6 7.6000000000000005 1.6 1 0.2 2.8000000000000003 1.4000000000000001 3 0 2.6 0 6.6000000000000005 5 3 0 0 0 0 0 0 0 0 0 0 0 0 0 0 0 0 0 0 0 0 0 0 0 0 0 0 0 0 0 0 0 0 0 0 0 0 0 0 0 0 0 0 0 0 0 6.4 0 0 0 3.6 0 0 0 0.2 0 0 0 0 0.2 2.4000000000000004 2.6 0 0 1.2000000000000002 5.2 2 6.4 0 3.6 0 9.8 6 4.6000000000000005 1 0 0 0.6000000000000001 0.8 0 0 0 0 2.6 0 0 0 0 0 0 0 5.4 0 0 0 0 0 0 0.4 0 0 0 0 0 0 0 0 0 0 0 0 0 0 0 0 0 0 0 0 0 0 0 0 0 0 0 0 0 0.4 0 0 0 0 0 0 0 0 0 1.6 0 0 0 0 0 0.4 0 0 0.8 8.8 0.2 0.4 0 0 0 0 0 0 0 0 0 0 3.4000000000000004 0 0 0 0 0 0 0 0 0 0 0 0 0 0 0 0 0 0 0 0 0 0 0 0 0 0 0 
 27.6 47.6 21.8 92 31.8 26 9 71.4 30.8 52.800000000000004 12.200000000000001 25.200000000000003 22 42.800000000000004 0 76.80000000000001 11.200000000000001 9.200000000000001 19.200000000000003 17.8 0 0 0.2 0 0 0 0 0 0 0 0 0 0 0.8 0.4 0 0.4 0 7 0.4 0 0.8 0.4 0.2 0 0 0 0 1 0 0.6000000000000001 0.4 0.2 0 0 0 0 0 0.6000000000000001 0 0 0.6000000000000001 0 4.4 0 0 0 0 0 0.6000000000000001 0 0.4 0.4 0 0 0.6000000000000001 0 0.6000000000000001 0.4 0.4 0.2 4.800000000000001 8.8 0 3.6 3.4000000000000004 0 4.6000000000000005 4.800000000000001 4.2 0 6.4 3.2 0 2.6 4.4 5 4.2 1.8 0.2 4.800000000000001 0 0 0 0 0 2.8000000000000003 0 0 0 0 0 1.4000000000000001 0 0 0 0 0 1.2000000000000002 2.4000000000000004 0 0 0 0 0 0 0 0 0 0 0 0 0 0 0 0 0 0 0 0 0 0.4 0 0 0 0 0 0 0 0 0 2.6 0 0 0 0 4 0.6000000000000001 0 0 1 0 5.800000000000001 2.2 0 0 0 1.4000000000000001 0 2.8000000000000003 2 0 1.6 0 0.2 0 3.4000000000000004 0 2.8000000000000003 0 0 0 0 0 0 0 0 0 0 0 0 0 2.4000000000000004 0 2.2 0 0.4 0 3.8000000000000003 5 0 3.4000000000000004 0 0 0 0 0 0 3.2 0.4 0 0 0 0 0 0 0 0 0 0 0 0 0 0 0 0 0 0 0 0 0 0 0 0.2 0 0 0 0 0 0 0 0 0 0 0 0 0 0.2 0.2 0.8 0.6000000000000001 0.6000000000000001 0 0 0 0 0 0 0 0 0 0 2.6 0 0 0 0 0 0 0 0 0 0 0 0 0 0 0 0 0 0 0 0 0 0 0 0 0 0 0 
 9 89.80000000000001 20.200000000000003 54.2 35.800000000000004 17 89.80000000000001 12 26.400000000000002 39.800000000000004 60.6 25 6.2 6.6000000000000005 76.80000000000001 0 17.2 10.600000000000001 62 12 14.8 0 0 0.4 0.2 0 14.8 0 0 0 0 0 0 14.600000000000001 0 0 0.4 0 0.2 0.4 0 0 0.4 0.6000000000000001 0 12 0 0 0 0 0.6000000000000001 2.6 0 0 0 0 0 0.4 0.6000000000000001 0 0 0.4 0 0 0 0 0.2 0 0 0.4 0 0 1 0 0 0.4 0 0.4 0.4 0.6000000000000001 0.8 6 4.6000000000000005 0 1.8 2 0 0 2.4000000000000004 5.800000000000001 4.800000000000001 9.600000000000001 3 2.6 7 0 6.4 3.6 4.4 0 5.2 0 0 0 0 0 5.6000000000000005 0 0 0 0 0 7.2 0 0 0 0 0 0 3.4000000000000004 0 0 0 0 0 0 0 0 0 0 0 0.2 0 0 0 0 0 0 0.2 0 0 0 0 0 0 0 0 0 0 0 0 0 0 0 0 0 0 0 0 0 2.4000000000000004 4.2 5.800000000000001 8.8 1.8 0 0.2 1.8 3.8000000000000003 1.4000000000000001 2.6 0 0 12.8 2.6 0 7.800000000000001 3.4000000000000004 0 0 0 0 0 0 0 0 0 0 0 0 4.4 0 0 0 0.4 0 0 0 7 6.2 0 0.4 2.6 0 0.2 0 0 0 0 0 0 0 0 0 0 0 0 0 0 0 0 0 0 0 2.4000000000000004 0 0 0 3 0 0 0 0 0 0 0 0 0 0 0 0 0 0 0 0 0.4 0 0.2 0 0.6000000000000001 0 2.6 2 0 0 0 0 0 0 0 0 0 0 0 0 0 0 0 0 0 0 0 0 0 0 3.6 0 0 0 0 0 0 0 0 0 0 0 0 0 0 
 41.400000000000006 35 33 26.8 68.2 59.400000000000006 39.6 22.8 47.6 33.4 52.6 47.400000000000006 69.2 8.200000000000001 11.200000000000001 17.2 0 41.800000000000004 93.4 46.800000000000004 0 0 0.2 0 0 0 0.2 15 0.4 0 0.8 0 15.200000000000001 1 0 0 0.2 0 0 0.4 0 0.4 0.4 0.2 0 13.4 0 0 0.4 0 0.6000000000000001 0.4 0.4 0 0 0 0 0 0.6000000000000001 0 0 0.6000000000000001 0 0 0 1.2000000000000002 0 0 0 0.6000000000000001 0 0.4 0.4 0 0 0.6000000000000001 0 0.6000000000000001 0.4 0.4 3.8000000000000003 0 0 9 0 0 0.4 5.4 2.6 4.2 0 2 0 5 3.4000000000000004 6.2 3.2 2.4000000000000004 0 3 0 0 0 0 0 0 4.6000000000000005 2.8000000000000003 4.2 0 0 0 0.2 1 2 0 0 0 2.8000000000000003 4.4 0 0 0 0 0 0 0 0 0.2 0 0 0 0 0 0 0 0 0 0 0 0 0 0 0 0 0 0 0 0.4 0 0 0 0 0 0 0 0.4 5.6000000000000005 0 0 0 2.6 2.6 2.2 2.8000000000000003 0 2.2 2 6.2 1.6 3.8000000000000003 4.4 1.2000000000000002 4 1.6 1.4000000000000001 0 3 0 0 0.4 0 2.6 0 0 0 0.6000000000000001 1.6 0 0 0 0.4 0 0.4 0 0 0.4 0 2.4000000000000004 2.6 0 0 0 2 0 0 0 0 0 0 0 0 0 0 0 0 0 0 0 0 0 0 0 0 0 0 0.2 0 0 0 0 0 0 0 0 0 0 0 0 0 0 0 0 0 0 0 34.800000000000004 0 17.2 8.4 2 2.2 0 0 0 0 0 0 0 0 0 0 0 0 0 0 0 0 0 0 0 0 0 0 0 0 0 0 0 0 0 0 0 0 0 0 0 0 0 0 
 63.800000000000004 46.2 37.6 32 73.2 119.60000000000001 17.6 26.400000000000002 28.400000000000002 25.8 34.800000000000004 37 26.400000000000002 16.6 9.200000000000001 10.600000000000001 41.800000000000004 0 23.200000000000003 14.4 16.400000000000002 0.6000000000000001 0.2 1 0 0 16.400000000000002 16.400000000000002 0 0 0 1.2000000000000002 15.4 0 0.6000000000000001 0 0.4 0 0 1 0.4 0 0.4 0.2 0 12.600000000000001 0 0 0.4 0 0.6000000000000001 1 0.2 0 0.4 0 0 0 0.6000000000000001 0.4 0.6000000000000001 0.6000000000000001 0 0.6000000000000001 0 0 0 0.6000000000000001 0.6000000000000001 0.6000000000000001 0 0.6000000000000001 0.6000000000000001 0 0.4 0.6000000000000001 0 1.2000000000000002 0.4 0.4 3.2 0.2 2.2 3.4000000000000004 0.8 0 0 5.4 0 7 1.4000000000000001 4 3 2.6 11.4 4 0.4 6.800000000000001 3.6 2.6 0 0 0 0 0 0 4.2 0 1.4000000000000001 0 0 0 2 0 0 0 0 0 0 0 0 0 0 0 0 0 0 0.2 0 0 0 0 0 0 0 0.2 3 0 0 0 0 0 0 0 0.2 0 0 0 0 0 0 0 0 0 0 0 0 1.4000000000000001 0 0 6 0 4 2 3.8000000000000003 0 1.8 1.8 2.6 0 2 3.8000000000000003 0 4.800000000000001 6 2.2 0 4.800000000000001 0 0 0 0 3.2 0 0 0 0 2 0.2 0 0 2 0 0 0 0 1 0 6.2 4 0 0 0 0 0 0 0 0 0.4 0 0 0 0 0 0 0 0.4 0 0.4 0 0 0 0 0.2 0 0 3.2 0 0 0 0 0 0 0 0 0 0 0 0 0 0 0 0 0 0 0.2 20.200000000000003 0 0.6000000000000001 0.4 0 0.4 0 0 0 0 0 0 0 0.4 0 0 0 0.4 0 0 0 0 0 0 0 0 0 0 0.2 0 0 0 0 0 0 0 0 0 0 0 0 0 0 0 
 26 61.2 29.200000000000003 17.8 34.800000000000004 9.200000000000001 57.6 82.60000000000001 59.400000000000006 61.6 11.200000000000001 24 105.2 92.2 19.200000000000003 62 93.4 23.200000000000003 0 27.8 0 0.2 0.2 2 0.2 0 0.4 0 0 0 0 0 0 0.6000000000000001 15.4 0 0.2 0.6000000000000001 0.2 0.4 1.2000000000000002 0 0.8 0.6000000000000001 0 13 0.8 0 0 1 0.6000000000000001 0 0.4 0 0.4 0.4 0 0 1 0 0 0.4 0 0.6000000000000001 0.4 0.4 0.8 0 0.4 0.4 0.8 0.6000000000000001 0.4 0.6000000000000001 0 0.4 0 0.4 1.2000000000000002 1.8 3.6 0.2 2.4000000000000004 2.8000000000000003 0 0 5.800000000000001 3.4000000000000004 1.8 7.800000000000001 1.4000000000000001 0.2 3 3.8000000000000003 10 4 0 1.6 2 4.6000000000000005 0 0 0 0 0 0 0 0 0 0 0 0 0 0 0 0 0 0 0 0 0 0 0 0 0 0 0 0 0 0 0 0.2 0 0 0 0 0 0 0 0 0 0.4 0 0 0 0 0 6.800000000000001 0 0 1.8 0 0 0 0 2.2 0 0.4 0 0 1.2000000000000002 2.4000000000000004 4.800000000000001 0 0 0 4.800000000000001 2 4 2.2 1.8 0 1.4000000000000001 16.6 0.2 2 0 0 0 0 0 0 0 0 0 0 0 0 0 0 0 0 0 0 0.2 0 0.4 0 0 0 0 0.2 0 0 0 0 0 3.4000000000000004 0.4 0 0 0 0 0 0 0 0 2.6 0 0 0 0 0 0 0 0 0 0 0 0 0 0 0 0 0 0 0 0 0 0 0 0 0 0 0 0.2 0.4 0.4 0.2 9.4 0 0.6000000000000001 0 0 0.4 0 0 0 0 0 0 0 0 0 0 0.2 3.2 0 0 0.2 0 0 0 0 0 0 0 0 0 0 0 0 0 0 0 0 0 0 0 0 
 30.400000000000002 22.6 9 10 57 53.2 21.400000000000002 23.6 33.6 16.400000000000002 13.4 25.400000000000002 31.200000000000003 33.2 17.8 12 46.800000000000004 14.4 27.8 0 0 0 0.2 0 0 0 0 0 0 0 0 0 0 0 0 0 1.2000000000000002 13.200000000000001 3 0.6000000000000001 0 0 0.4 0.6000000000000001 0 12.8 0 0.6000000000000001 0 0 0.6000000000000001 0 0 0 0.2 0 0 0 0.6000000000000001 0 0 0.4 0 0 0 0 0 0 0 0.4 0 0 0.4 0 0 0.6000000000000001 0 1 0.4 0.6000000000000001 0 3.4000000000000004 0 10 0 0 0.4 4.4 2.2 8.8 5.2 3.2 0 4.2 6 3.6 0.4 0 0.2 3 0 0 0 0 0 0 0 0 0 0 0 0 0 0 0 0 0 0 0 0.2 0 0 0 4.4 0 0 0 0 0.4 0 0 0 0 0 1 0 0 0 3 0 0 0 0 0 0 0 0 0.8 0 0 0 0 0 0 0 3.2 0 0 0 0 1.4000000000000001 3.6 0 0 3.2 0 0 1.8 4 0 2.2 0 1.4000000000000001 5.2 13.600000000000001 2.2 3.8000000000000003 0 3 0 0 0 0 0 0 0 0 0 0 0 0 0.4 0 0 0 0 0 0 3 0 0 0 0 1.6 0 0 0 0 0 0 0 0 0 0 0 0 0 0 0 0 0 0.2 0 0.2 0 0 0 0 0 0 0 0 0 0 0 0 0 0 0 0 0 0 0 0 0 0 0 0 0.4 0.2 0 1.4000000000000001 2.6 0 0 0 0 0 0 0 0.4 0 0 0 0 0 0 0 0 0 0 0 0 0 0 0 0 0 0 0 0 0 0 0 0 0 0 0 0 0 
 0 0 14.600000000000001 0.4 15.200000000000001 0.4 0 0 0 0.2 11.4 46.6 20.400000000000002 0 0 14.8 0 16.400000000000002 0 0 0 14.200000000000001 15.4 52.2 5.6000000000000005 6.2 44 26 5.6000000000000005 24.200000000000003 9.8 6 30.400000000000002 24.8 25.8 24.8 7.4 8.4 46.2 22.6 0.4 0 0 1.4000000000000001 0.4 0.8 0.6000000000000001 0.4 0 0 0 0.6000000000000001 0.4 0 0 0 0.6000000000000001 0 0.6000000000000001 0 9 0 0.4 0.4 0.6000000000000001 0 0 0 0 0.6000000000000001 0.6000000000000001 0 0 0 0.4 1.2000000000000002 0 0.6000000000000001 0.6000000000000001 0.4 0 0 0 0 2.4000000000000004 0.2 0 0 0 0 2.2 4.2 0 0 2.8000000000000003 0 2.2 0 0 0 0 2 1 6.2 0 0 3 2.6 5.800000000000001 5.800000000000001 0 5.2 6.4 3.6 5.6000000000000005 0 1.6 9.200000000000001 7 2.6 0 0 0 0 0 0 0 0 0 0 0 0 2.8000000000000003 0 0 0 0 0 0.2 0 0 0 0 0 0 0 0 0 0 0 0 0 0 3 0 0 0 0 0 4.6000000000000005 0 0 0 0 2 8.4 0 0 0 0 0 1 0 0 0 0 0 2.6 0 0 3 2.4000000000000004 0 1.6 0 0 5.800000000000001 6 6.6000000000000005 6.4 2.2 0.2 2.8000000000000003 5.2 4 2.6 7.800000000000001 0 10.200000000000001 1.6 0 0 0 0 0 0 0 0 0 0 3 0 0.8 0 0 0 0 0 0 0 0 0 0 0 0 0 0 0 0 0 0 0 0 0 0 0 0 0 0 0 0 0 0 0 0 0 0 0 0 0 0 0 0 0 1.2000000000000002 0.4 0 0 0.2 0.4 0.4 0 0 0 0 0 6.800000000000001 0 0 0 0 0 0 0 0 0 0 0 0 0 0 0 0 0 0 0 0 0 0 0 
 0 0 0 0 0 0 0 0 0 0 0 14.8 0 0 0 0 0 0.6000000000000001 0.2 0 14.200000000000001 0 50.800000000000004 35 23.6 8 31 58.6 74.60000000000001 38.2 28 37.800000000000004 15.600000000000001 12.8 78.60000000000001 47.400000000000006 7 9 23.6 32.6 0.4 0 0 0 0 1.2000000000000002 1 17 0 12.4 0 0.6000000000000001 12.8 0.2 0 0 0 0 0 0 0 0.4 0.6000000000000001 0.4 0.4 0 0 0 0 0 0.6000000000000001 0 0 0.2 0 0.6000000000000001 0 0.6000000000000001 3.2 0 0 0 0 0 0 6.2 0 0 0.4 0 0 0 0 0 0 0 0 0 0 0 1.8 0 6.800000000000001 2 6.4 3.8000000000000003 0 18.400000000000002 0 0 4.2 4 2.4000000000000004 9.4 0 4 0.8 2.4000000000000004 0 0 3.6 0 0 0 0 0 0 5.800000000000001 0 0 0.4 0 0 0 2.4000000000000004 0 0 0 2.4000000000000004 0 0 0 0 0 0 0 0 0 0 0.8 0 0 0 1.6 0 0 0 0 0 0.2 0 0 0 0 2 0 0.2 0 0 0 0 0 0 0 0 0 0 0 0 0 5.4 3.8000000000000003 3.6 3 2.4000000000000004 0 0.2 2.2 0 6 0 7.800000000000001 0 2.6 0 6.2 0 5.4 2.2 0 2.6 0 0 0 0 0 2.4000000000000004 0 0 0 0 0 0 0 2.2 0 0 0 0 4 0 0 0 0 0 0 0 0 0 0 0 0 0 0 0 0 0 0 0 0 0 0 0 0 0 0 0 0 0 0 0 0 0 0 3.4000000000000004 0.4 0 0.8 0 0.4 3.8000000000000003 0 0 0 0 0 0 0 0 0 0 0 0 0 0 0 0 0 0 0.2 0 1.8 0 0 0 0 0 0 0 0 
 0.2 0 0.4 0 0 0.2 0.4 0.6000000000000001 0 0 0 0 0.4 0.2 0.2 0 0.2 0.2 0.2 0.2 15.4 50.800000000000004 0 32.6 17.400000000000002 21.6 13.4 45.800000000000004 63.2 8 65 36 10.200000000000001 68.60000000000001 41.6 41.6 68.8 42.400000000000006 6.800000000000001 3.6 0.4 0 0 0 0 0.8 17.6 0.4 0 0 0 0.6000000000000001 3.6 1 0 0.4 0 0 12.4 0 0 0 0.4 0.4 0.6000000000000001 0 0 0 0 0 0.6000000000000001 0 0 0 0 0.6000000000000001 0 0.6000000000000001 1.2000000000000002 0 0 0 0 0 0 0 0 0 2.8000000000000003 0 0 0 0.2 0 0 0 0 0 0 0 0 0 3.2 12.200000000000001 0 10 4.2 0 0 0 2.6 5 0 0 0 2 3.4000000000000004 0 0 0 1.4000000000000001 0 0 0 0 0 3 0 0 0 0 0 4.6000000000000005 3.4000000000000004 0 0 0 0 6.4 2.4000000000000004 0 0 0 0 0 0 0.4 0 0 0.4 0 0 0 0.6000000000000001 0 0 0 0.2 0.4 0 0 0 0 0 0 0 0 0 0 0 0 0 0 0 0 0 1.8 0 0 0 1.6 0 2.4000000000000004 0.4 7.2 11 0 0 0 7.800000000000001 0 1.4000000000000001 0 0 0 2.4000000000000004 4.2 6 0 0 2.4000000000000004 0 0 0 0 0 0 9.600000000000001 0 0 0 0 4.6000000000000005 3 2.6 0 0 0 2 12.600000000000001 0 0 0 0 0.2 0 0 0 0 0.4 0 0 0 0 0 0.2 0 0 0 0 0 0 5.2 0 0 0 0 0 0 0.2 0 0 0 0 2.2 0 0 15.8 21.8 0 2.8000000000000003 0 0 0 0 0 0 0 0 0 0 0 0 0 0 0 0 0 0 0 0 4.4 0 0 0 0 0 0 0.2 0 
 0.6000000000000001 0.2 0.8 1 0 0 1.8 0 0 8.200000000000001 0 0 0 0.6000000000000001 0 0.4 0 1 2 0 52.2 35 32.6 0 25 23.400000000000002 24 64.4 36 32.800000000000004 14 52.2 17.400000000000002 29.6 99.4 54.400000000000006 24.200000000000003 59 16.2 32.800000000000004 0.4 0 0 0 0 1.4000000000000001 28 0.4 0 0 0 1 3.6 0 10.4 0 0 0 0 0 0 0.4 0.6000000000000001 0.4 0.4 0 0 0 0 0 1 0.4 0 0.2 0 0.6000000000000001 0 0.6000000000000001 1 0 0 0 0 0 0.2 0 0 0 0 0 0 0 0 0 0 0 0 2.2 0 0 0.2 5 0 2.6 3 1.6 0 5.4 2 7 2.2 6.800000000000001 1.8 0 3 7.6000000000000005 3.6 0 7.2 3 1.8 0 0 0 0 0 4.4 0 0 0 0 0 4.4 0 0 0 0 2 1.6 1.8 0 0 0 0 0 0.2 0 0 0 0.2 0 0 0 0 0 0 0 0 0 3.2 0 0 0 0 0 0 0 0 0 0 0 0 0 0 0 0 0 0 0 0 2.6 0.4 4.6000000000000005 3.8000000000000003 4.6000000000000005 2.6 0 0.2 2.2 5.2 7.6000000000000005 3.4000000000000004 6.6000000000000005 7.4 8.4 6.6000000000000005 1.4000000000000001 0.2 0 0 2.4000000000000004 0 0 0.2 0 0 2 0 0 0 0 0 0 3.8000000000000003 2.4000000000000004 0 0.4 0 0 0 0 0 0 0 0 0 0 0 0 0 0 0 0.2 0 0 0 0 0 0 0.4 0 0 0 0 0 0 0 0 0 0 0 0 0 0 1.8 0.2 0.2 41 0 0.4 3.6 3.2 0 0 0 0 0 0 0 0 0 0 0 0 0 0 0 0 0 0 0 0 0 0 0 0 0 0 0 0 
 0.4 0 0 0 0 0 0 0 0 0 0 0 0 0 0 0.2 0 0 0.2 0 5.6000000000000005 23.6 17.400000000000002 25 0 31.400000000000002 9.200000000000001 29 24.400000000000002 28.8 75.4 38.800000000000004 15.4 13.200000000000001 35.2 29.400000000000002 26.400000000000002 15 14 16.2 0.6000000000000001 0 0 0 0 0.8 0.8 0.4 0 0 0 1.8 0.4 0 0 0 0 0 26 12.4 0 0 0.4 0.4 0.6000000000000001 0 0 0 0 0 0.4 0 0.6000000000000001 0 0.8 1 0 0.6000000000000001 0 0.4 0 0 0 0 0 0 0 0 0 0 0 0 0 0 0 0.4 0 0 0 0 0 0 0 2.8000000000000003 0 2.8000000000000003 0 0 2.8000000000000003 0 4.2 2.2 0 0 0 1.6 2 0 0 0 1.6 1.6 3.2 0 0 0 6.4 4.2 1.2000000000000002 0 0 0 5.800000000000001 0.2 5 0 0 1 4.2 0 0 0 0 0 0 0 0.6000000000000001 0 0 0.2 0 0 0 0 0 0.4 0.2 0 0 0 0 0 0 0 0 0 0 0 0 0 0 0 0 0 0 0 0.2 0 0 0 0 0 0 3.8000000000000003 3.2 6 0 0 0 2.8000000000000003 0 2 0 0.2 0 0 6 3 0 0 0 0 0 0 0 0 2 2.4000000000000004 3.4000000000000004 0 0 2.4000000000000004 0.4 2.8000000000000003 0.2 3.2 0 0 3 2 0 0 1.6 0 0 0 0 0 0 0 0 0 0 0 0 0 0 0 0 0 0 0 0 0 0 0 0 0 0 0 0 0 0 0 6 0.4 0 15.200000000000001 1 0 0.2 0 0 0 0 0 0 0 0 0 0 0 0 0 0 0 0 0 0 0 0 0 0 0 0 0 6.4 0 0 0 
 0 0 0 0.4 0 0 0 0 0.4 0 0 0.2 0 0 0 0 0 0 0 0 6.2 8 21.6 23.400000000000002 31.400000000000002 0 4 52.6 67.4 8.6 17.400000000000002 7.4 9 10.8 54.800000000000004 27.400000000000002 21 40.400000000000006 20.8 11.8 12.8 0.4 0 0 0 0.8 9 0.2 0 0 0 6.2 14.600000000000001 0 0.8 7 9 4.2 28.400000000000002 37.4 5.4 0 0.4 0.4 0.6000000000000001 0 0 0 0.2 0 0.6000000000000001 0 0 0 0 0.6000000000000001 0 0.6000000000000001 1 0 0 0 0 0 0 0 0 0 0 0 0 0 0 0 0 0 0 0 0 0 0 0 0 0 0 2 0 0 0 0 0 1.6 0 0 0 0 0 0 0 0 0 1.8 1.2000000000000002 2 5.6000000000000005 0 4 2.4000000000000004 1.8 0 0 0.2 2.2 0 12.4 0 3.2 7.2 0.2 2.4000000000000004 2.6 0 0 0 0 0 0 0 0 0 0 0 0 0 0 0 0 0 0 0 0 0 0 0 0 0 0 0 0 0 1 0 0 0 0 0 0 0 0 0 0 0 1.8 4.6000000000000005 2 3.6 2.8000000000000003 0 0 1.6 0.2 2.6 0 0 0 0 1.6 4.800000000000001 0 0 2 0 0 0 0 0 4.4 1.8 6.2 0 3.2 2.8000000000000003 0 10.8 2 0 2.4000000000000004 3.8000000000000003 2.4000000000000004 5.6000000000000005 0 0 0 0 0 0 0 0 0 0 0 0 0 0 0 0 0 0 0 0 0 0 0 0 0 0 0 0 0 0 0 0 0 0 2.4000000000000004 0 0.4 0.8 0 0 0.2 0 0 0 0 0 0 0 0 0 0 0.4 0 0 0 0 0 0 0 0 0 0 0 0 3 0 1.2000000000000002 0 0 0 
 0 0 14.600000000000001 0 4.800000000000001 15 0 0.4 15 0 14.8 31.6 0 0 0 14.8 0.2 16.400000000000002 0.4 0 44 31 13.4 24 9.200000000000001 4 0 34.6 6.800000000000001 23.200000000000003 7 17.2 44 63.2 52.800000000000004 8.6 7 23.400000000000002 44 20.6 0.4 0 0 0 0 1 14.200000000000001 12.8 0 0 0 0.8 0 0 0 0 0 0 0 0 0 0.6000000000000001 0.6000000000000001 0.6000000000000001 0.4 0 0 0 0 0 0.6000000000000001 0 0 0.4 0 0.6000000000000001 0 0.6000000000000001 0.6000000000000001 0 0 0 0 0 5 0.2 0 0 0 0 5.4 0.2 0 0 2.8000000000000003 0 2.2 0 0 0 6.6000000000000005 2.2 2.6 0 0 0 3.8000000000000003 5.2 0 0 0 0 6 2.4000000000000004 2.6 0 1.6 9 2 0 0 0 0 0 0 0 0 0 0 0 0 0 0 0 0 0 0 0 0 0 0 0 0 0 0 0 0 0 0 0 0 0 0 0 0 0 0 0 0 0 0 0 0 0.8 4.2 3.8000000000000003 0 0 0 1.2000000000000002 0 2.4000000000000004 0 0 0 0.8 0 2.8000000000000003 0 0 0.2 0 6.4 0 0 0 1.6 5.2 0.2 0 4 12.8 3.4000000000000004 0 2 0.2 1.6 1.8 3.4000000000000004 0 0.2 0 0 0 0 0 0 0 0 0 0 0 0 0 0 0 0 0 0 0 0 0 0 0 0 0 0 0 0 0.2 0 0 0 0 0 0.8 0 0 2 0 0 0 0 0 0 0 15.600000000000001 0 0 4.4 0 0 0 0 1.2000000000000002 0.2 0.4 0.8 0 0.4 0.4 0 0 0 0 0 0 0 0 0 0 0 0 0 0 0 0 0 0 0 0 0 0 0 0 0 0 0 0 0 
 0.6000000000000001 0 0 0 14.600000000000001 14.600000000000001 0 0 0.4 0.2 12.4 15.600000000000001 0 0 0 0 15 16.400000000000002 0 0 26 58.6 45.800000000000004 64.4 29 52.6 34.6 0 45.2 5.4 25.8 35.2 40.2 81.60000000000001 34.4 11.4 5.6000000000000005 8 12.600000000000001 13.8 0.4 0 0 0 13.8 0.6000000000000001 0.6000000000000001 0.2 0 0 0 0.6000000000000001 12.600000000000001 0 0 0 0 0 0 13 0 0 0.4 0.4 0.6000000000000001 0 0 0 0 0 0.6000000000000001 0 0 0 0 0.6000000000000001 0 0.6000000000000001 0 0 0 0 0 0 0 0 0 0 0 0 0 0 0 0 0 0 0 0 0 0 0 2 1.2000000000000002 2.2 4.4 2.2 3.2 8.4 1.4000000000000001 0 2.4000000000000004 5.6000000000000005 0.4 2.4000000000000004 7.2 1.6 1 5.6000000000000005 0 0 5.6000000000000005 0.2 0 0.2 0 0 3.8000000000000003 0 0 0 0 0 2 0 4 0 0 0 2 0 0 0 0 0.2 0 0 0 0 0 0 0 0 0 0 0 0 0 0.2 0 0 0 0.8 0 0 0 0 0 0 0 0 0 1.4000000000000001 0 0 0 0 0 0 0 4 0 0 6.800000000000001 5.6000000000000005 3.8000000000000003 0.2 0 1.8 0 4.6000000000000005 0.2 4.4 0 2 0 7.6000000000000005 8.8 0 2.8000000000000003 0 2.6 0 0 0 0 0 2.6 0.2 3.2 0 0 0.6000000000000001 2 0.6000000000000001 2.6 0 0 0 1.6 1.4000000000000001 0 0 0 0 0 0 0 0 0 0 0 0 0 0 0 0 0 0 0 0 0 0 0 0 0 0 6 0 0 0 0 7.800000000000001 0 0.2 0.4 0 0 0.2 0 0.4 2.6 0 0 0 0 0 0 0 0 0 0 0.4 0 0 0 0 0 0 0 0 0 0 0 0 0 0 0.2 0 0 0 
 0 0 0 0 0 0.4 0 0 0.4 0 0 0 0 40.800000000000004 0 0 0.4 0 0 0 5.6000000000000005 74.60000000000001 63.2 36 24.400000000000002 67.4 6.800000000000001 45.2 0 87.4 81.4 51.2 16.400000000000002 20.200000000000003 125.4 29.6 23.400000000000002 33.2 17.8 18 13.200000000000001 0.2 0 0 0 1 4.800000000000001 0.4 0 12.200000000000001 0 0.6000000000000001 12.600000000000001 1.2000000000000002 0.2 0 0 0 12.4 0 0 0 0.4 0.4 0.6000000000000001 0 0 0 0 0 0.4 0 5.800000000000001 0 0 6.2 0 0.6000000000000001 0 0 0 0 0 0 0 0 0 0 0 0 0 0 0 0 0 0 0 0.4 0 0 0.2 0 3.6 3 0 13.4 0 2.8000000000000003 0 0 4.800000000000001 1 0 2.4000000000000004 0 1.6 1.4000000000000001 0 0 0 2.6 3.6 0 0 2 0 8.4 0 0 0 0 0 2.6 0.2 3.8000000000000003 0 2.2 0 5.6000000000000005 0.6000000000000001 0 0 0 0 0 0 1.2000000000000002 0 0 0.2 0 0 0 0.4 0 0 0.2 0 0 0 0 0 0 0 0 0 0 0 0 0 1.8 0 0 0 0 0 0 0.4 2.8000000000000003 0 0 0 2.2 3.6 13.600000000000001 4 0 0 0 5.4 0.4 10.600000000000001 0.2 0 0 1 2.8000000000000003 9.8 0 0 2 0 0 0 0 0 1.4000000000000001 0 0 0 0 0.2 0.2 2.2 2.4000000000000004 0 0 0 3 4.4 0 0 0 0 0 0 0 0 0 0 0 0.2 0 0 0 0 0 0 0 0 0 0 3.4000000000000004 0 0 0 0 0 0 0 0 0 0 0 3 0.2 0 15.600000000000001 0.2 0 0.4 0.4 0 0 0 0 0 0 0 0 0 0 0 0 0 0 0 0 0 0 0 3.6 0 0 0 0 0 0 0 0 
 0 0 1.2000000000000002 0 0 5.6000000000000005 0.6000000000000001 0 0 0 0 0 0 0 0 0 0 0 0 0 24.200000000000003 38.2 8 32.800000000000004 28.8 8.6 23.200000000000003 5.4 87.4 0 60.400000000000006 5.6000000000000005 12 45.400000000000006 50.2 34.800000000000004 29.400000000000002 8.6 33.2 76 0.8 0.2 0 0 0 0.8 0.6000000000000001 4.4 0 0 0 2 0 0 0 0.4 0 0 0.2 0 0 0 0.8 0.4 0.6000000000000001 0 0 0 0 0 0.6000000000000001 0 0.6000000000000001 0 0.4 0.6000000000000001 0 0.6000000000000001 0.6000000000000001 0 0 0 0 0 0.2 0.2 0 0 0 0 0 0 0 0 0 0 0 0 0 0 7.4 9 4 0 0 2.2 0.2 3.6 1.6 2 2.4000000000000004 0.2 1.4000000000000001 4.2 0 0 5.4 0 0.4 1.8 0 1.6 0 0 0 0 0.2 0 0 0 0 0 0 1.8 0 0 0 0 0 0 0 0 0 0 0 0 0 0 0 0 0 0 0 0 0 0.2 0.4 0 0 0 0 0 0 0 2.8000000000000003 2.6 0 0 0 0 0 0.2 0 0 0 0.2 0 0 0 0 7 8.6 3.4000000000000004 0 3.6 0 1.2000000000000002 3.6 2.8000000000000003 0 8.200000000000001 6.4 7.2 3 3.6 4 3 0 5.800000000000001 3 0 0 0 0 0 0 0 1.4000000000000001 0 0 0 0 0 1.6 1.8 0 0 0 1.8 0 0 0 0 0 0 0 0 0 0 0 2.2 0 0 0.8 0 0 0 0 1.8 0 0 0 0 0 0 0.2 0 0 0 0 0 0 0 0 1 0 0 15.600000000000001 15.200000000000001 0.4 0 0.4 0 0 0 0 0 0 0 0 0.4 0 0 0 0 0 0 0 0 4 0 0 0 0 0 1.8 0 0 0 0 
 0.6000000000000001 0 0 0 0 0 0 0 0 0 0 0 0.2 0 0 0 0.8 0 0 0 9.8 28 65 14 75.4 17.400000000000002 7 25.8 81.4 60.400000000000006 0 23.8 40.400000000000006 7.4 43.400000000000006 30.8 37.800000000000004 8.4 4.800000000000001 10.200000000000001 20.400000000000002 0.2 0 0.4 0 0.8 1 9.4 0 0 0 0.6000000000000001 0 0 0 12.200000000000001 0 0 12.4 12.600000000000001 0 0 0.4 0.4 0.6000000000000001 0 0 0 1.6 10.4 0.6000000000000001 0 0 0 0 0.6000000000000001 0 1.2000000000000002 0.8 1 0 0 0 0 0 0 0 0 0 0 0 0 3 0 0 0 0 0 0 0 0 0 0.6000000000000001 2.8000000000000003 2.4000000000000004 3 0 0 0 0 0.4 2.8000000000000003 0 0 0 1.4000000000000001 1.2000000000000002 1.8 0 0 8.8 4 0 0 0 0 2 3.4000000000000004 0 0 0 0 2.4000000000000004 3 4.800000000000001 0 10.8 3.4000000000000004 4 1.8 0 0 0 0 0 0 1.8 0 0 0 0 0 0 0 0 0 0.6000000000000001 0 0.2 0 0 0 0 0 0 0 0 0 0 0 3.6 0.2 0 0 0 0 0 0 0 0 0 0 4.4 5.4 6 4.4 0 0 0 10.600000000000001 3.4000000000000004 3.2 0 0 0 2.8000000000000003 1.2000000000000002 5.4 0 0 0 0 2.8000000000000003 0 0 0 0.2 1.4000000000000001 0 0 0 0 2.2 1.4000000000000001 2.2 3 1.2000000000000002 2.4000000000000004 9.200000000000001 4.6000000000000005 0 0 0 0 0 0 0 0 0 0 0 0 0 0 0 0 0 0 0 0 0 0 4.2 0 0 0 0 0 0 0 0 0 0 0 1.4000000000000001 0.4 0.6000000000000001 14.8 0 0.2 0 0.4 0 0 0 0 0 0 0 0 0 0 0 0 0 0 0 0 0 0 0 14.200000000000001 0 0 0 0 0 0 0 0 
 1 42.800000000000004 0 0.4 0 0.4 0 0 0 0.6000000000000001 0.2 0 0 0.4 0 0 0 1.2000000000000002 0 0 6 37.800000000000004 36 52.2 38.800000000000004 7.4 17.2 35.2 51.2 5.6000000000000005 23.8 0 10.4 32.800000000000004 20.8 34.800000000000004 51.400000000000006 55.400000000000006 6.800000000000001 20.8 0.4 1 0.8 0 0 1.4000000000000001 0.6000000000000001 0.2 0.2 0 0 0.6000000000000001 0.2 0 0.2 0 0 0 5.6000000000000005 0 0 0 0.4 0.4 0.6000000000000001 0.4 0 0 0 0.4 0.6000000000000001 6.800000000000001 0 0 0.4 0.6000000000000001 0 0.6000000000000001 1.6 0 0 0.4 0 0 0 0 0 0 0 0 0 0 0 0 0 2 0 0 0 0 1.8 1.2000000000000002 4.800000000000001 0 7.800000000000001 3.6 0 6.800000000000001 2.4000000000000004 3.2 11.600000000000001 5.800000000000001 0 3.2 8 6.4 6.4 0 0 2.4000000000000004 3 0 0 0 0 0 2.2 0 0 0 0 0 0 3.6 0 0 0.2 0 2.8000000000000003 0 0 0 0 0 0 0 2.2 0 0 0 0 0 0 3 0 0 0 0 0 0 0 0 0 0 0 0.4 0.6000000000000001 0 0 0 0 0 2.4000000000000004 0 0 0 0 0 0 0 6.2 0.2 2.8000000000000003 4.6000000000000005 4.2 7.4 0.2 1 0 3.2 7 4.2 5.4 4.800000000000001 3 7.6000000000000005 3.8000000000000003 0 0 0 0 0 0 0 0 0 2 8 0 0 0 0.2 0 0 2.8000000000000003 0.2 0 0 2.6 2.6 0 1.4000000000000001 0 0 0 0 0 0 0 0 0 0 0 0 0 0 0 0.2 0 0 0 0 0 0 0 0 0 0 0 0 0 0 0 0 2.4000000000000004 0 0.4 15 1 0.6000000000000001 2.2 0 0 0 0 0 0 0 0 0 0 0 0 0 0 0 0 0 0 0 0 0 0 0 0 0 0 0 0 0.2 
