 0 74.60000000000001 32.6 11.8 25.8 64 53.400000000000006 33 8.8 71 26.200000000000003 53 83 94.60000000000001 40.2 36.2 57.400000000000006 27.400000000000002 68.4 48.6 0.4 0 0.6000000000000001 0 0 0 0 0 0 0.6000000000000001 0.8 0.8 0 0.6000000000000001 14.8 0 0 0 0 0.2 0 0.2 0 0 0.4 0.4 0.6000000000000001 0 0 0.4 0 0 0 0 0.2 0.4 0 0 0 0 0 0 0.6000000000000001 0 0 0.4 0 0.6000000000000001 0 0 10 0 1.4000000000000001 0 0.4 0 0.6000000000000001 0 0 0 1.6 3.6 0 0 2 0 3.8000000000000003 6.800000000000001 0 0 11.200000000000001 2.8000000000000003 7.6000000000000005 0 5.2 1.4000000000000001 0 0 11.600000000000001 7.6000000000000005 0 0 0 0 0 0 0 0 0 0 0 0 0 0 0 0 0 0 1.4000000000000001 0 0.2 0 0 0 0 0 0 0 0 0 0 0 0 0 0 0 0 0 0 0 0 0 0 0 0 0 0 0 2.4000000000000004 0 0 0 0 1 0 0 0 0.4 0 0 0 4 0.6000000000000001 2.2 0 3 12.600000000000001 3.8000000000000003 0.2 0 0 0 0 3.2 2 1.4000000000000001 2.6 4 2.4000000000000004 5.4 0 0 0 0 0 0 0 0 0 0 0 0 0 0 0 0 0 0 1.4000000000000001 0 0 0 0 0 0 0 0 0 0 0 0.4 0 0 0 0 0 0 0 0 0 0 0 2.4000000000000004 1.8 0 0 0 0 0 0.4 0 0 0 0 0 0 0 0 0 0 0 2 0 0 0 0.4 0 0 0.4 0.2 0.4 4.800000000000001 0 0 0.4 0 0 0 0 0 0 0 0 0 0 0 0 0 0 0 0 0 0 0 0 2 0 0 0 0 0 0 0 0 0 0 0 0 0 0 
 74.60000000000001 0 124.2 42.400000000000006 7 5.6000000000000005 42.400000000000006 40.800000000000004 8.200000000000001 71 7.2 6 20.6 28 11 19 26.200000000000003 16.2 46.2 29.6 0.8 0 0.6000000000000001 0 0.2 0 0 0 0 0.6000000000000001 0.6000000000000001 0.2 20.6 0.6000000000000001 0 0.2 0 0 14.600000000000001 0.4 0 0.2 1.4000000000000001 0 0.6000000000000001 0.4 0.4 0 0 0.4 0 0 0 0 0.2 0.4 0 0 0 0 0 0 0.4 0 0 0.4 0 0.6000000000000001 0.4 0 0 0 0 0 8.8 0 0.6000000000000001 0 0 0 0 3.8000000000000003 0 0 3.6 2.8000000000000003 2.6 6.800000000000001 4 0 3 9 1.8 0.6000000000000001 0.2 1.8 2.8000000000000003 2.2 4.800000000000001 6.2 0.2 0 0 0 0 0 0.2 0 0.4 0 0 0 0 0.2 0.4 0 0 0 0 0 0 0 0 0 0 0.2 0 0 0 0 0 0 0 0 0 0 0 0 0 0 0 0.2 0 0 0 0.4 0 0 0.6000000000000001 0 0 0 0 3.4000000000000004 0 0 0 0 0 0 1.4000000000000001 5 5 10.8 0 0 1.8 2.2 0 0 4 7.6000000000000005 0 0 0 1.2000000000000002 2.8000000000000003 4.4 3.8000000000000003 6.4 0 0 0 0 0 0 0.6000000000000001 0 0.4 0 0 0 0 0 0 0 0 0 0.2 0 0 0 0.2 0 0 0 0 0 0 0 0 0 0 0 0 0 0 2.8000000000000003 0 2 0 0 0 0 0 0 0 0 0 0.2 0 0 0 0 0 0 0 0 0 0 0 0 0 0 0 0 0 0 1.2000000000000002 0 2.2 2 2.2 0 0 0 0 0 0 0 0 0 0 0 0 0 0 0 0 0 0 0 0 0 0 2.8000000000000003 0 0 0 0 0 0 0 0 0 0 0 0 0 0 
 32.6 124.2 0 39.400000000000006 16 14 31.8 63.2 98.60000000000001 15.200000000000001 31.200000000000003 43 33 36 71 27.400000000000002 10.4 63.400000000000006 7.6000000000000005 10.200000000000001 0.4 0 0.6000000000000001 0 0 0.6000000000000001 0 0.6000000000000001 41.400000000000006 42 0.8 0.4 15.200000000000001 1 0 0 0 0.4 4.6000000000000005 15 0 0.4 0 0 0.6000000000000001 0.4 0.4 0 0 0.4 0 0 0.8 0 0.2 0.4 0 0 0 0 0 0 0.4 0 0 0.4 0 0.6000000000000001 0 0 0 0 0 0 0.4 0 0.6000000000000001 0 0 0 0 4.2 4.4 2.6 5.6000000000000005 4.6000000000000005 0 1.8 2.2 4.2 0.2 2.6 0 7 0 1.4000000000000001 4.4 2.4000000000000004 0 2.8000000000000003 0 0 0 0 0 0 0.2 0 0 0 0 0 0.8 4.2 7.4 0 0 0 0 3.8000000000000003 0 0 0 0 0 0.2 2.2 0 0 0 0 0 0 0 0 0 0 0 0 0 0 0 0 0 0 0 0 0 0 0 0 12 0.4 0 0 0 0 0 0 0 1.4000000000000001 3.4000000000000004 0.2 6 0 2.4000000000000004 2 4 0 2.2 2.2 6.4 0 0.4 0 1.6 7.800000000000001 7.4 0 3.6 1.4000000000000001 4.6000000000000005 0 0 0 0 2.2 0 0.4 0 0 0 3.2 0 0.2 2 0 0 1.4000000000000001 0 0 0.4 0 0 0 0 0 0 0 0 0 0 0 0 0.2 0 0 0 0 0 0 0 0 0 0 0.4 0 0 0 0 0 0 0 0 0 0 0.4 0 0 0 0 0 0 0 0 0.4 0.6000000000000001 0 17.8 0 2.2 3 0.8 0 0 0 0 0 0 0.4 0 0 0 0 0 0 0.4 0 0 0.4 0 0 0 0 0 0 0 2.8000000000000003 0 0 0 0 0 0 0 0 0 0 0 0 
 11.8 42.400000000000006 39.400000000000006 0 106.4 55.6 35.6 11.200000000000001 31.200000000000003 22 45.400000000000006 27.200000000000003 12.600000000000001 59.400000000000006 15 35.2 8 26.8 34.6 58.6 0.4 1 1 0.2 0.4 0 15.600000000000001 15.8 0.4 0.6000000000000001 1.4000000000000001 0.8 33.2 0.6000000000000001 0 18 15.4 0.8 7.2 0.4 0 0.4 0.4 0 0.8 0.8 0.4 0.4 0 12.8 0 0.6000000000000001 5 0.2 0 1.8 0 0.2 0 0 0.4 1.2000000000000002 1.8 0.4 0 0.4 0.4 0.6000000000000001 0 0 0.6000000000000001 0 1.2000000000000002 0 1.2000000000000002 1.4000000000000001 0.6000000000000001 0 0.4 0 1.6 0 4.2 2.8000000000000003 0.4 2 0 0 2.6 5.6000000000000005 2.6 7.800000000000001 0 0 0 1.2000000000000002 2 0.8 0 4.4 4 0 0 2 0 0 13 5.2 0 2.8000000000000003 0 0 2.6 9.4 6.4 5.6000000000000005 0 0 6 11.600000000000001 0 0 0 0 0 0 0 0 0 0 0 0 0 0.2 0.2 0 0 0 0 0 0 0 0.6000000000000001 0 0 0 0 0.4 0 0 0 1.4000000000000001 0 0 0 0.4 0 2.4000000000000004 0 0 2.2 3.2 10.200000000000001 1.2000000000000002 0 0 0 0 2.6 3.2 2.2 2.8000000000000003 1 2 0.4 1.8 1 0.4 0 0 4.6000000000000005 5.6000000000000005 0 3.6 0 0 3 4.800000000000001 0 1.8 0 0 8.200000000000001 0 4.2 2.2 0 0 5.4 0.6000000000000001 0 0 0 0 0 0 3 0 0 0 0 0 0 0 0 0 2.8000000000000003 0 0 0 0 0 0 0 0 0 0 0 0.2 0 0 0 0 0 0 0 0 0 0 0 0 0 0 0 0 0 17.400000000000002 0 0.6000000000000001 0.4 0 0.4 1 0 0.2 0 0 0 0 0 0.4 0 0 0 0 0 0 0 0 0 0 0 0 0 0 2.8000000000000003 0 0 0 0 0 0 0 0 0 0 0 0 0 0 
 25.8 7 16 106.4 0 37.2 35.4 31.8 40.6 33.2 46.6 58.800000000000004 15.600000000000001 61.400000000000006 36.6 38.2 30.8 7.6000000000000005 14.200000000000001 33 0.6000000000000001 0 0.6000000000000001 0.2 0 1.2000000000000002 4.4 0 0 0.6000000000000001 0.4 0.2 0 15.600000000000001 0 0 0 0.2 21.6 15.200000000000001 0 12.600000000000001 0 0 0.6000000000000001 0.4 0.4 0 0 0.4 0 0 13.600000000000001 0 0 1 0 0 0 0 0 0 0.4 0 0 0.4 0 0.6000000000000001 0 0 1.8 0 0 0 0.4 0 0.4 0 0 0 0 0 0.2 3.6 7 3 4 0 0 7.2 3.8000000000000003 1.2000000000000002 0 0 6.4 0.8 1.6 4.4 0 0 2.8000000000000003 2.2 0 0 0 0 4.4 0 0 3.4000000000000004 0 0 2.6 8 3.4000000000000004 3.8000000000000003 4.6000000000000005 0 13 2.6 0 0 0 0 0 0 0 0 0 0 0 0 0 0 0 0 0 0 0 0 0 0 0 0 0 0 0 0 0 0 0 0.6000000000000001 0 0.2 0 0 0 0 0 0 0 0 0 0 2 2.8000000000000003 0.2 0 3 0 5.6000000000000005 0 0 2.2 0 5.800000000000001 3.8000000000000003 1 0.2 0 3.6 0 0 0 0 0 0 5.800000000000001 0 0 0 0 5.2 0 4.4 2.2 0 0.2 8.4 5.2 0 0 0 0 0 0 3.2 0 0 0 0 0 2.8000000000000003 0 0 0 0 0 0 0 0 0 0 0 0 0 0 0 0 0 0 0 0 0 0 0 0 0.2 0 0 0 3.2 0 0 0 0.8 0 0 0.6000000000000001 17.2 0.4 0 0 0 0 0 0 0 0 0 0 0 0 0 0 0 0 0.2 0 0 0 0 0 0 0 0 0 2.8000000000000003 0 0 0 0 0 0 0 0 0 0 0 0 
 64 5.6000000000000005 14 55.6 37.2 0 7.4 7.2 24 52.6 51.800000000000004 33.800000000000004 13.4 17.2 10.600000000000001 33 13.8 15 13.200000000000001 8.6 11.600000000000001 14.600000000000001 0.6000000000000001 0 0 0 30 0 15 16.2 1 0.4 0.2 7.800000000000001 22 15.200000000000001 12.4 22.400000000000002 15 14.8 0 0.2 0 0 0.6000000000000001 0.8 1 0 0 1 0 0 0.4 0 13.200000000000001 2.2 0 0 0 0 0.4 0 0.4 0.4 0.4 0.4 0 0.6000000000000001 0 0.4 0 0 0.4 0 0.4 0.4 0.6000000000000001 0 0 0 0 0 2.2 0 2.6 5.4 3 0 0.4 6.4 2.6 0.4 0 0 2.4000000000000004 2.8000000000000003 3 4.4 0 0 0.4 2 0 5.4 0 0 1 2.6 0.2 1.2000000000000002 2.4000000000000004 0.2 4.4 5.800000000000001 7.2 3.8000000000000003 0 2 1.8 6.6000000000000005 0 0 0 0 0 0 0 0 0 0 0 0 0 0.4 0.4 0 0 0 0 0 0 0 0 0 0 0 0 0 0 0 0 0.8 0 0 0 0.2 0 0 0 0 0 0.2 0.4 1.2000000000000002 2 8.4 0 0 1.4000000000000001 4.2 0 0 0 2.8000000000000003 6 0 3.2 0 1.4000000000000001 0 1 5.6000000000000005 6.6000000000000005 0.4 0 4.2 2.4000000000000004 8.4 0 6 2 3.4000000000000004 0 5.6000000000000005 0 9.200000000000001 5.2 0 1.8 1.8 0 0 0 0 0 0 0 0 0 0 0 0 0 0 0 0 0 0 0 0.4 0 0 0 0 0 0 0 0 0.4 0 0 0 0 0 0 0 0 0 0 0 0 2.6 0 0 0 2.2 1 0 1.4000000000000001 0 0.6000000000000001 4.4 0 0 0.4 0 0 0 0 0 0.2 0 0 0 0 0 2.6 0 0 0 0 0 0 0 0 0 0 2.6 0 0 0 0 0 0 0 0 0 0 0 0 
 53.400000000000006 42.400000000000006 31.8 35.6 35.4 7.4 0 79 33 24.8 7.6000000000000005 22.8 33 70.4 50.800000000000004 36.4 25.8 43.400000000000006 27.6 28.8 0.8 0 0.6000000000000001 0 0 0 0 0 0 0.6000000000000001 0.6000000000000001 0.2 0 0.6000000000000001 0.2 0 0 0 0 0.4 0 0.4 0 0.4 1.2000000000000002 0.4 1 0 0 1 0 0 0 0.2 0.2 1 11.200000000000001 0 0 0 0 0.6000000000000001 0.4 0 0 0.4 0 0.6000000000000001 0 0 0 0 0 0 0.4 0 0.6000000000000001 0 0 0 0 2 0.2 2.6 0 0 10 8.6 4.2 0.2 0 3 0 5.4 0.2 7.4 0 5.2 0.2 6 0 0 0 0.4 0 6.800000000000001 0 0 0 0 0 0 0 0 0 0 0 0 0 0 0 0 0 0 0 0 0 0 3.2 0 0 0 0 0 0 0 0 0 0 0 0 0 0 0.4 0 0 0 0 0 0.4 0 0 0 0 0 0 0 0 0 0 1 7 12.8 7.2 0 2 2.4000000000000004 0 0 0 3.8000000000000003 2.2 0 2 3.2 3.8000000000000003 2 2.8000000000000003 5 1.6 0 0 0 0 0 0 2.6 0 0 0 1.6 0 0 0 0 0 0 4 0.2 0 2 0 0 0 0 0 0.2 0 0 0 0 0 0 0 0 0 0 0 0 2.2 0 0 0 0 0 0 0 2.6 0 0 0 0 0 0 0 0 0 0 0 0 0 0 0 0 0 0.4 0 0 0 0.2 0 1.4000000000000001 2.2 0.4 0 0 0 0 0 0 3.2 0 0 0 0 0 0 0 0 0 0 0 0 0 0 1 2.4000000000000004 0 0 0 0 0 0 0 0 0 0 0 0 0 
 33 40.800000000000004 63.2 11.200000000000001 31.8 7.2 79 0 46.2 98.2 24.200000000000003 27.8 33.6 24 57 60.2 81.60000000000001 27.6 33.2 114.80000000000001 0.4 0 0.6000000000000001 0 0 0 0 0 0 0.6000000000000001 0.6000000000000001 0.2 0 0.6000000000000001 0 0.4 0 0 0 0.2 0 0.2 0 0 0.6000000000000001 0.4 0.4 0 0 0.4 0 0 0 0 0.2 1.6 0 0 0 0 0 0 0.4 0 0 0.4 0 0.6000000000000001 0.2 0 0 0 0 0 0.8 0 0.2 0.2 0 0 0 12.8 0.2 0.2 4.6000000000000005 0.8 5.2 5.6000000000000005 0 0.6000000000000001 3 4.800000000000001 0.2 5 2.8000000000000003 4 2.6 2.8000000000000003 11.200000000000001 5.800000000000001 0 0 0 0 0 2 0 0 0 0 0 0 0 0 0 0 0 0 1.4000000000000001 4.6000000000000005 0 0 0 0 0 0 0 0 0 0 0 0 0 0 0 0 0 0 0.2 0 0 0 0.2 0 3.6 0 0 0 1.6 0 0 0 0 1.2000000000000002 0 0 0 0 0 0 0 4 4.6000000000000005 3.2 0 6 7.4 9.200000000000001 2.2 2.4000000000000004 0 1 0 4 1.2000000000000002 0 5.2 7 0 2.8000000000000003 0 0 0 0 0 0.2 2.6 0 0 0 0 0 2.8000000000000003 0 0 3.2 0 0 2.8000000000000003 0 0 0 0 0 0 0 0 0 0 0.2 0 0 0 0 0 0 0 0 0.4 0 0 0 0 0 0 0 0 0 0 0 0 0 0 0 0 0 0 0.6000000000000001 0 0 0 2 0 0 0 0 0.4 0 0.2 0.4 0.2 0.8 0 0 0 0 0 0 0 0 0 0 0 0 0 0 0 0 0 0 0 0 0 0 0 0.2 4.800000000000001 0 0 0 0 0 0 0 0 0 0 0 0 0 
 8.8 8.200000000000001 98.60000000000001 31.200000000000003 40.6 24 33 46.2 0 40 7.4 23 38.400000000000006 100.2 47.400000000000006 30.6 59.800000000000004 31.6 58.400000000000006 17.2 0.4 0 0.6000000000000001 0 0 0 0 0 0 0.6000000000000001 0.6000000000000001 0.6000000000000001 0.8 0.6000000000000001 0.2 0 0 0 15 0 0 0.4 0 0 0.6000000000000001 0.6000000000000001 1.2000000000000002 0 0 0.4 0 0 0 0 0 0.4 0 0 0 0 0 0 0.4 0 0 0.4 0 0.6000000000000001 0 0 0 0 0 0 0.4 0 0.6000000000000001 0 0 0 0 3.4000000000000004 4 6 6.2 2.4000000000000004 0 0.2 4 0 0 7.6000000000000005 0 7.800000000000001 0 1 4.4 4.2 0.2 0 0 0 0 0 0 0 0 0 0 0 0 0 3.4000000000000004 2 0 0 2.8000000000000003 0 0 2.2 0 0 0 0.2 0 0 0 0 0 0 0.2 0 0.2 0 0 0 0 0 0 0 0 0 0 0 0 0 0 0 0 0 0.2 0 0 0 0.2 0 0 0 0 0 0 2 4.800000000000001 9.600000000000001 1.2000000000000002 2.6 0 3.4000000000000004 5.2 9.200000000000001 3 2.6 0 0 4.800000000000001 1.8 3 2 0 0.2 0 0 0 0 0 0 0.8 0.2 0 0 0 0 3.8000000000000003 0 0 0 0 0 2.4000000000000004 0 0 0 0 0 0 0 0 0 0 0 0 0 0 0 0 0 0 0 0 0 0 0 0 0 0 0 0 0 0 1.8 0.2 0 0 0 0 0 0 0 0 0 0 0 0 0 0 0 0.4 0 0.2 0.2 2.8000000000000003 1.6 0.2 0 0.4 0 0 0 0 0 0 0 0 0 0 0 0 0 0 0 0 0 0 0.4 0 0.2 0.2 0.2 0 0 0 0 0 0 0 0 0 0 0 0.4 
 71 71 15.200000000000001 22 33.2 52.6 24.8 98.2 40 0 55.400000000000006 67.2 30 40.2 63.2 34.2 37.2 50.6 26.6 28.6 0.4 0 1.4000000000000001 0 0.6000000000000001 0.2 15.200000000000001 0 0.2 0.6000000000000001 0.6000000000000001 0.6000000000000001 0.6000000000000001 5.4 0.2 0 0 1.4000000000000001 21.200000000000003 0 0 1.2000000000000002 0 0 2.2 0.4 0.6000000000000001 0 0 0.8 0 0.6000000000000001 11.600000000000001 1.2000000000000002 0.2 0.4 11.8 0 0 0 0 0.6000000000000001 0.8 0 0 0.4 0 0.6000000000000001 0 0 2.4000000000000004 0 0.4 0.6000000000000001 0.8 0 0.2 0.2 0.4 0.6000000000000001 0 4.2 1.8 3.6 2.2 0 0.2 1 1.6 7.800000000000001 3.6 3.6 2 6.6000000000000005 3.6 0 3.2 2.4000000000000004 0.2 0 2.8000000000000003 0 0 0.2 0 0 2.4000000000000004 0 0 6.4 0 0 2.2 1 0 0.2 0 0 2.4000000000000004 5.4 0 0 0 0 0 0 0 0 0 0 0 0 0 0 0 0 0 0 0 0.2 0 0 0 0 0 0 0 0 0.8 0 0 0 0 0.2 0 0 0 0 0.6000000000000001 0 0 0 0 3.8000000000000003 1.2000000000000002 0 0 4 0.6000000000000001 5.6000000000000005 4 0.8 0 0 0 1.4000000000000001 2 1 0 0.4 0.4 3.8000000000000003 0 1.6 0 0 0.2 2.4000000000000004 0 0 0 0 5 0 3 0 2.4000000000000004 0 0 5.800000000000001 0 0 0 0 0 0 0 0 0 0 0 0 0 0 0 0 0 0 0 0 0 0 0 0 0 0 0 0 0 0 0 0 0 0 0 0 0 0 0 0 0 0.4 0 0 0 0 19.400000000000002 0 0.2 0.4 0.4 2 0 0 0.2 0 0 0 0 0 0 0 2.6 0 0 0 0 0 0 0 0 0 0 0 0 2.4000000000000004 0 0 0 0 0 0 0 0 0 0 0 0 0 0 
 26.200000000000003 7.2 31.200000000000003 45.400000000000006 46.6 51.800000000000004 7.6000000000000005 24.200000000000003 7.4 55.400000000000006 0 19.400000000000002 9 7 30.6 21.8 80.4 27.6 17 38.2 0.6000000000000001 0 1 0 0 0 4.800000000000001 14.8 0 0.6000000000000001 0.4 0.2 14.8 0.8 0 0.6000000000000001 0.4 0.2 0.4 1 0 0.6000000000000001 0 0 0.6000000000000001 0.4 0.4 0 0 0.4 0 0 12.8 0 0 1.6 0 0 0 0 0 0 0.4 0 0.6000000000000001 0.4 0 0.6000000000000001 0.6000000000000001 0 1.4000000000000001 0 0 0 5 0 0.6000000000000001 0 0 0 0 0 0.2 2.2 5.2 2 6.2 0 3.4000000000000004 13.4 1.2000000000000002 6.2 0 0 2.6 1.4000000000000001 2.2 1 0 0 3 2.4000000000000004 0 0 0 0 14.600000000000001 0 0 5 0 0 2 2.4000000000000004 1.6 0 0.2 0 8.4 16.400000000000002 0 0 0 0 0 0 0 0 0 0 0 0 0 0 0 1.8 3.6 0 0 0 0 0 0.8 0 0 0 0 0 0 0 2.4000000000000004 0.6000000000000001 0 0 0 0 0 0 0 0 0 0 0 0 7 5.6000000000000005 0.2 0 2.2 0 5.4 0 0 2.2 0 5.2 2.6 2.4000000000000004 0 0 2.8000000000000003 3 0 0 0 0 0 0 0 0 0 0 4 0 9.200000000000001 3.2 0 0 7.4 3.2 0 0 0 0 0 0 0 0 0 0 0.6000000000000001 0 0 0 0 0 0 0 0 0 0 0 0 3.6 0 0 0 0 0 0 0 0 0 0 0 0 0 0 0 0 0 4.4 0 0 0 1.2000000000000002 17.2 0 0 0.8 0.2 0.8 0 0 0 0 0 0 0 0 0 0 0 0 0 0 0 0 0 0 0 0 0 0 0 0 1.4000000000000001 0 0 0 0 0.2 0 0 0 0 0 0 0 0 
 53 6 43 27.200000000000003 58.800000000000004 33.800000000000004 22.8 27.8 23 67.2 19.400000000000002 0 48.2 8.200000000000001 52 8.8 97.2 36.6 6.4 94.4 0.4 0 0.6000000000000001 0 0 0 0 0 0 0.6000000000000001 0.8 0.6000000000000001 0.2 1.2000000000000002 0.2 0 0.2 0 30.6 4.800000000000001 0 0 0.4 0 0.6000000000000001 0.4 0.8 0 0 0.4 0 0.6000000000000001 0 1.4000000000000001 0 0.4 0 1 0 0 0.4 6.4 1 0.4 0 0.4 0.4 0.6000000000000001 0 0.2 3.6 0 0 0 0.8 0 0.6000000000000001 0 0.4 0 0 0 0 3.6 1 3.8000000000000003 0 0.2 0 3.8000000000000003 1.8 3.2 0 2.2 3.4000000000000004 0 2.8000000000000003 6 0 0 0.2 0 0 0 0 0 3.2 2.4000000000000004 0 2 0 0 5.4 6.800000000000001 2.2 2.8000000000000003 0.2 0 2 5.6000000000000005 0 0 0 0 0 0 0 0 0 0 0 0 0 0 0 0 0 0 0 0 1 0 0 0 0 0 0 0 0 0 0 0.8 1.6 0 0 0 0 0 0 0 0 3.6 0 12.4 1.6 4.6000000000000005 0 0 4.2 0 6.4 1.4000000000000001 0 0 2 0 5.800000000000001 3.4000000000000004 0 0 8.8 3.4000000000000004 0 0 0 0 3.8000000000000003 6.800000000000001 0 0 0 0 5 0 1.8 0 0 0 3 7 0 0 0 0 0 0 1.6 0 0 0 0 0 0 0 0 0 0 0 0 0 0 0 0 0 0 0 0 0 0 0 0 0 0 0 0 0 0 0 0 0 0 0 0 0 0 0.4 23.400000000000002 0 0.4 0.2 9.4 0.4 0 0 0 0 0 0 0 0 0 0 1.6 0 0 0 0 0 0 0 0 0 0 0 0 0 3.4000000000000004 3.6 0 0 0 0 0 0 0 0 0 0 0 0 
 83 20.6 33 12.600000000000001 15.600000000000001 13.4 33 33.6 38.400000000000006 30 9 48.2 0 19.6 8.8 22 31.6 26.400000000000002 42.2 65.8 1 0 0.6000000000000001 0 0.4 0 0 0 0 1 0.6000000000000001 0.8 0 0.6000000000000001 0 0 0 0.4 0.6000000000000001 0.2 0 0.2 0.6000000000000001 0 0.6000000000000001 0.4 0.4 0 0 0.4 0.6000000000000001 0.6000000000000001 0 0 0.2 1 0 0 0 0 0 0 1 0 0.4 0.8 0 0.6000000000000001 0 0 0 0 0 0 0.8 0.4 0.2 0.2 0 0 3.6 5 0.4 0 0 0 1.6 1.6 0.4 0 0 0.2 0 3.4000000000000004 5.800000000000001 0.2 0 0 7 1.8 0 0 0 0 0 0 0 0 0 0 0 0 0 0 0 0 0 0.4 0 0 0 0 0 0 0 0 0 0 0 0 0.4 0 0 0.4 0 0 0 0 0 0 0 0 0 0 2.4000000000000004 0 0 0.2 0 0 0 0 1.6 0 0 0 0 0 0 0 8.4 0.4 0 0 0 0.2 0 2 0 0 0 0.4 5.2 0 0 0 0 0 0 3.2 0 0 0 0 0 0 0 0 0 0 0 0.4 0 0 0 0 0 0 0 0 0 0 0 0 0.4 0 0 0 0 0 0 0 0 0 0 0 0 0.4 0 0 0 0 0 0 0 0 0 0 0 0 0 0 0 0 0 0 0 0 0 0 0 0 0 0 0 0 0.4 0.2 0.2 0 0.4 1.8 0 0 0.2 0 0.2 0 0 0 0 0 0 0 0 0 0 0 0 0 6.4 0 0 0 0 0 0 0 0 0 0 0 0 0 0 0 0 0 0 0 
 94.60000000000001 28 36 59.400000000000006 61.400000000000006 17.2 70.4 24 100.2 40.2 7 8.200000000000001 19.6 0 82 32.6 9 13.600000000000001 41.2 38 0.4 0.2 0.6000000000000001 0.4 0 0 0 0 0 0.6000000000000001 0.6000000000000001 0.2 0 0.6000000000000001 0 0.4 0 0 0 0.2 0 0.2 0 0 0.6000000000000001 0.4 0.4 0 0 0.4 0 0 0 0 0 0.4 0 0 0 0 0.6000000000000001 0 1.2000000000000002 0 0 0.4 0 0.6000000000000001 0 9.4 0 1.4000000000000001 0.6000000000000001 0 0.6000000000000001 0 0.6000000000000001 0 0 0 2.6 4.2 2.6 2 0 11.600000000000001 0 4.2 2.4000000000000004 2.8000000000000003 3 3.4000000000000004 1.4000000000000001 5 0 7.800000000000001 2.2 0 1.4000000000000001 2.6 0 0 0 0 0 0 0 0 0 0 0 0 0 0 0 0 0.2 0 0 0.2 0 0 0 0 0 0.2 0 0 0 0 0 0 0 0 0 0 0 0 0 0 0 0 0 0 0 0 0 0 0 0 0 0 0.4 0 0 0 0 0 0 0 2 0 0 0 0 0 5.2 2.6 1.2000000000000002 0 2.4000000000000004 1.6 3 12.4 2.6 2.8000000000000003 6.800000000000001 2.4000000000000004 3.6 7 0 0 0 0.2 0 0 0 0 0.4 0 0 0 3.2 0 0 0 0 0 0.2 0 0 0.2 0 0 0 0 0 0 0 0 0 0 0 0 0.2 0 0 0 0 0 0 0 0 0 0 0.4 0 0 0 0 0 0 0 0 0 0 0.4 0 0 0 0 0 0 0 0 0.2 0 0.2 0.4 0 0 2.8000000000000003 0 0 0 0 0 0 0 0 0 0 0 0 0 0 0 0 0 0.4 0 0 0 0 0 0 0 0 0 0 0 0 0 0 0 0 0 0 0 0 
 40.2 11 71 15 36.6 10.600000000000001 50.800000000000004 57 47.400000000000006 63.2 30.6 52 8.8 82 0 16.6 116.80000000000001 20.8 28.200000000000003 113 0.8 0 1 0 0 0 0 0 0 0.6000000000000001 0.6000000000000001 0.2 0 0.6000000000000001 0 0 0.2 0 15 0.2 0 0.4 0 0 0.6000000000000001 0.4 0.4 0 0 0.4 0 0 0 0 0 0.8 0 0 0 0 0 0 0.4 0 0 0.4 0 0.6000000000000001 0 0 0 0 0.6000000000000001 0 0.4 0 0.2 0.2 0 0 2.8000000000000003 2.8000000000000003 2.2 0 2.2 1.6 4.2 4 4.2 0 9.4 3.6 1.4000000000000001 6.4 3 6 3.2 3.2 1.4000000000000001 3.8000000000000003 0 0 0 0 0 0 0 0 0 0 0 0 0.2 0 0 0.2 0 0 2 2.4000000000000004 0 0 0.2 0 0 0 0 0 0 0 0 0 0 0 0 0 0 0 0 0 0 0 0 0 0 0 0 0 0 0 0 0 0 2.6 0 0 0 0 0 0 0 5.2 2 2.6 0 7.4 6.2 0 0.4 0 0 1.2000000000000002 0 11 3.6 1.6 2.8000000000000003 3.6 3.4000000000000004 5.6000000000000005 0 0 0 0 0 0 2.8000000000000003 0 0 0 0 0 0 0 0 0 0 0 2 0 0 0 0 0 0 0 0 0 0 0 0 0 0 0 0 0 0 0 0 0 0 0 0 0 0 0 0 0 0 0 0 0 0 0 0 0.2 0 0 0 0 0 2.2 0 0 0 0.8 0.2 0 0.4 0.6000000000000001 1.6 2.4000000000000004 0 0 0 0 0 0 0 0 0 0 0 0 0 0 0 0 0 0 0 0 0 0 0 0 0.4 0 0 0 0 0 0 0 0 0 0 0 0 0 
 36.2 19 27.400000000000002 35.2 38.2 33 36.4 60.2 30.6 34.2 21.8 8.8 22 32.6 16.6 0 33.800000000000004 14.600000000000001 31.6 43.800000000000004 0.4 0 0.6000000000000001 0 0 0 0 0 0.6000000000000001 1 0.6000000000000001 0.8 0 0.6000000000000001 0 0 0.6000000000000001 0 0 0.2 0 0.6000000000000001 0 0 1.4000000000000001 0.4 0.4 0.4 0.6000000000000001 0.4 14.600000000000001 0 0.6000000000000001 0 0.2 16.2 0.6000000000000001 0.2 0 0 0 0.2 0.6000000000000001 0 0 0.4 0 0.6000000000000001 0 0 0 0 0 0 0.4 0 0.6000000000000001 0.4 0 0 3.2 3.6 5.800000000000001 6.6000000000000005 4.2 0 1.8 2 5.6000000000000005 3.6 2.2 2 0.2 0.6000000000000001 1.8 3.6 2.2 2 2.8000000000000003 3.4000000000000004 0 0 0 0 0 0 0 0 0 0 0 0 0 4.2 2.8000000000000003 0 0 0 0.2 0 0 0 0 0 0 0 0 0 0 0 0 0 0 0 0 0 0 0 0.2 0 2 0 2.8000000000000003 0 0 0 0 0 0 0 0 0 0 0 0 0 0 0 0 0 2.6 2.6 4.6000000000000005 2.2 0 2.6 0 3.2 3.2 7 3 0.6000000000000001 4 2.2 0.4 1.6 8.200000000000001 0 2.8000000000000003 3 0 0 0 0 2.4000000000000004 0 0 0 0 0 0 0 0 0 0 0 0 0 0.2 0 0 0 0 0 0 0 0 0 0 0 0 0 0 0 0 0 0 0 0 0 0 0.2 0 0 0 0 0 0 0 0 0 0 0 0 0 0 0 0 0 0 0 0.2 0 0 0 0 0 0 0 0.4 0 6.6000000000000005 1.6 0 0 0 0 0 0 0 0 0 0 0 0 0 0 0 0 0 0 0 0 0 0 2.6 0 0.2 0 0 0 0 0 0 0 0 0 0 0 0 
 57.400000000000006 26.200000000000003 10.4 8 30.8 13.8 25.8 81.60000000000001 59.800000000000004 37.2 80.4 97.2 31.6 9 116.80000000000001 33.800000000000004 0 55.400000000000006 11.200000000000001 22.8 0.4 0.4 0.6000000000000001 0 0 0 0.4 0 0 1 0.6000000000000001 0.4 15.600000000000001 0.6000000000000001 0 0 0.4 0 4.800000000000001 0.4 0 0 0 0 0.4 0.6000000000000001 0.6000000000000001 0 0 0.4 0 0 0 0 0 0.4 0 0 0 0 0 0 0.6000000000000001 0 0 0.4 0 0.6000000000000001 0 0 0.6000000000000001 0 0 0 0.4 0 0.6000000000000001 0 0 0 0 3.2 0.4 9.4 12.8 1.6 4 0 2 5.6000000000000005 2 7.6000000000000005 0 2.8000000000000003 11.4 2 4 3.2 0 3.6 0 0 0 0 0 0 5 0 0 0 6.800000000000001 0 2.8000000000000003 0 1.8 0 0 0 2 3 0 0 0 0 0 0 0 0 0 0 0 0 0 0 0 8.4 0 0 0 0 0 0 0 0.4 0 0 0 0 0 0 0 0 0 0 0 0 0 0 0 0 0.2 2 10.600000000000001 3.4000000000000004 0 6 2 3.6 5.6000000000000005 4 0.2 3.8000000000000003 0 0 0 4.2 5.2 4.4 0 5.800000000000001 6.2 0 0 0 0 0 3 0 0 0 0 0 2.4000000000000004 0 2 0 0 0 9.600000000000001 4.6000000000000005 0 0 0 0 0 0 0 0 0 0 0 0 0.8 0 0 0 0 0 0 0 0 0 0.2 0 0 0 0 0 0 0 0 0 0 0 0 0 0 0 0 0 0 1.8 0 0 0 0 0 0.4 17.2 20.200000000000003 1.4000000000000001 1 0 0 0 0 0 0 0 0 0 0 0 0 0 0 0 0 0 0 0 0 0 0 0 0 1.2000000000000002 0 0 0 0 0 0 0 0 0 0 0 0 0 
 27.400000000000002 16.2 63.400000000000006 26.8 7.6000000000000005 15 43.400000000000006 27.6 31.6 50.6 27.6 36.6 26.400000000000002 13.600000000000001 20.8 14.600000000000001 55.400000000000006 0 25.200000000000003 23.8 0.6000000000000001 1 0.6000000000000001 0.2 0.2 0.2 0 0.8 0.6000000000000001 0.6000000000000001 1 0.2 0 5.4 0 0 0 0 38.800000000000004 14.8 0 2.4000000000000004 0 0 2.6 0.4 0.6000000000000001 0 0 0.4 0 0.6000000000000001 0 1.2000000000000002 0.8 10.200000000000001 0 0 0.4 0 0 1.2000000000000002 0.4 0 0 0.4 0 0.6000000000000001 0 0 0.2 0 1.2000000000000002 0 2.2 0.4 0.6000000000000001 0 0 0 0 5.800000000000001 0 3.6 2.4000000000000004 5 0.2 2 0.2 3.8000000000000003 0.2 1.4000000000000001 0 11 0 0.2 7.800000000000001 7.800000000000001 2.8000000000000003 0 0 0 0 0 0 0.2 0.6000000000000001 0 0 0 0 0 5 4.2 4.4 0.2 0 0 0 5 0 0 0 0 0 0 0 0 0 0 0 0 0 0 0 0 0 0 0 0 0 0 0 0 0 0 0.2 2.8000000000000003 0 0 0 10.8 0 0.4 0 0 3.2 0 0 0 0 0.4 2 8.200000000000001 1 0.4 0 2.4000000000000004 6.6000000000000005 2.2 0 2 0 0 2.4000000000000004 0 5.800000000000001 2.2 0 0 1.8 7.800000000000001 0 0 0 0 1.6 2.4000000000000004 0 0 0.2 0 2.8000000000000003 0 0.2 3 0 0.2 1.2000000000000002 1.8 0 0 0 3.4000000000000004 0 0 0 0 0 0 0 0 0 0 0 0 0 0 0 0 0 0 0 0 0 0 0 0 0 0 0 3.2 0 0 0.2 0 0 0 0 0 0 0 0 0 0 0.4 18.6 0 0.6000000000000001 0.4 1.8 1.8 0 0 0 0 0 0 0 0 0 0 2.2 0 0 0 0.4 0 0 0 0 0 0 0 0 0 0 2.8000000000000003 0 0 0 0 0 0 0 0 0 0 0 0 
 68.4 46.2 7.6000000000000005 34.6 14.200000000000001 13.200000000000001 27.6 33.2 58.400000000000006 26.6 17 6.4 42.2 41.2 28.200000000000003 31.6 11.200000000000001 25.200000000000003 0 24.400000000000002 0.8 0 0.6000000000000001 0.2 0 0.2 0.2 0 0 0.6000000000000001 0.6000000000000001 0.2 0 0.6000000000000001 0 0 0.2 0 0 0.2 0 0.4 0 0 0.6000000000000001 0.6000000000000001 0.4 0 0 0.4 0 0 0 0 0.2 0.4 0 0 0 0 0.8 0 0.4 0 0 0.4 0 0.6000000000000001 0 0 0 0 0 0 0.4 0 0.2 0.2 0 0 5.800000000000001 8.8 0 0 0 0 2.8000000000000003 2.4000000000000004 2 0 0.2 0 3.2 3 0 4.6000000000000005 0 2 7.4 7.4 2.4000000000000004 0 0 1.2000000000000002 0 0 0 0 0 0 0 0 0 0 0 0 0 2 0 0 0 0 2.8000000000000003 0 0 0 0 0 0 0 0 0 0 0 0 0 0 0 0 0 0 0 0 0 0 0 0 0 1 0 0 0 0 0.8 0 0 0 0 0 0 0.6000000000000001 7 3.8000000000000003 9.8 0 0 5 12 2.8000000000000003 0 0 0 2.6 6.4 0 0 0 3.6 5.6000000000000005 0.4 0 0 0 0 0 0 0 0 0 0 0 0 0 0 0 0 0 0 0.2 0 0 0 0 0 0 0 0 0 0 0 0.4 0 0 0 0 0 0 0 0 0 0 0 0 4.6000000000000005 0 0 0 0 0 0 0 0 0 0 0 0 0 0 0 0 0 0 0 0 0 0.2 0 0 0 0 0 2 1.8 0 0 0 0 0 0.2 0 0 0 0 0 0 0 0 0 0 0 0 0 0 0 0 0.4 0 0 0 0 0 0 0 0 0 0 0 0 0 0 
 48.6 29.6 10.200000000000001 58.6 33 8.6 28.8 114.80000000000001 17.2 28.6 38.2 94.4 65.8 38 113 43.800000000000004 22.8 23.8 24.400000000000002 0 0.4 0 0.6000000000000001 0.4 0 0.4 0 0 0 1 0.8 0.4 0 0.6000000000000001 0 0 0 0.2 0 0.2 0 0.4 0 0 0.6000000000000001 0.4 0.4 0 0 0.4 0 0 0 0 0.2 0.4 0 0 0 0 0 0 0.6000000000000001 0 0 0.4 0 0.6000000000000001 0 0 0 0 0 0 0.4 0 0.6000000000000001 0 0 0 0 0 0 0 2 0 7.800000000000001 1.8 0 0 1.4000000000000001 2.8000000000000003 0 3.4000000000000004 8.6 1.8 0 0 2.4000000000000004 5.4 0 0 0 0 0 0 0 0 0 0 0 0 3 0 0 0 0 0 1.8 0 0 0 0 0 0 0 0 0 0 0 0 0 0 0 0 0 0 0 0 0 0 0 0 0 0 0 0 0 0 0 0 0 0 0 0 0 0 0 3.4000000000000004 0 2.8000000000000003 0 0 0 0 2.6 2 0 0 0 0.2 0.2 1 2.2 0 0.2 3 0 0 3.4000000000000004 0 0 0 0 0 0 0 0 0 0 0 2.4000000000000004 0 0 0 0 0 0 1.6 0 0 0 0 0 0 0 0 0 0 0 0 0 2 0 0 0 0 0 0 0 0 0 0 0.4 0.2 0 0 0 0 0.2 0 0 0 0 0 0 0 0 0 0 0.2 2 0 0 0 0.4 0.4 0.4 0 0.4 0 0.6000000000000001 0 0 0 0 0 0 0 0 0 0 0 0 0 0 0 0 0 0 0 0 0 0 0 0 0 0 0 0 0 0 0 0 0 0 0 0 0 0.4 
 0.4 0.8 0.4 0.4 0.6000000000000001 11.600000000000001 0.8 0.4 0.4 0.4 0.6000000000000001 0.4 1 0.4 0.8 0.4 0.4 0.6000000000000001 0.8 0.4 0 49.2 36.6 11 26 21.8 33.2 42.400000000000006 65.2 73.8 8.200000000000001 7.2 65.2 16.8 75.4 74.60000000000001 32.2 26.8 29 24.200000000000003 0 0.4 0 0 0.6000000000000001 0 0.6000000000000001 0 0 0 0 0.6000000000000001 0 0.4 0 0.6000000000000001 0 0 19.200000000000003 0 0 0 0 0 0 0 0.4 0.4 0 0 0 0 0 0.4 0 0 0 0.6000000000000001 0 0 0 0 0 0 0 0 0 0 0 0 0 0.8 0.4 0 0 0 0 2.6 0 0 4.6000000000000005 0 7.6000000000000005 2.2 2.8000000000000003 2 1.8 2 3.6 1.8 6 13.4 2.6 0 2.8000000000000003 7 1.4000000000000001 0 0.4 3.6 0 0 0 0 0 0 0 0.4 0 0 0 0 2.4000000000000004 0 0 0 0 0 0 0 0 0.4 0 0 0 0 0 0 0 0 0 0 0 0 0 0 0 0.6000000000000001 0 0 0 0 0 0 0.4 3.6 0 0 0 0 0 0 0 0 0 0 0 0 0 0 7 0 7 4.2 0 0 2.2 2.2 2.4000000000000004 0 2 0.8 2.6 4.2 0 13 4.2 1.8 0 0 0 0 0 0 0 0 0 0 0 0 0 0 0 0 0 0 0 0 0 0 0 0 0 0 0 0.4 0 0 0 0 0 0.2 0 0 0 0 0 0 0 0 0 0 0.2 0 0 0.4 0 0 0 0 0 0 0 0 1.2000000000000002 0.4 0 0.2 32.2 0.8 0.4 0 0 0 0 0 3.8000000000000003 0 0 0 0 0 0 0 0 0 0 0 0 3.4000000000000004 0 0 0 0 0 3.6 0 0 0 0 
 0 0 0 1 0 14.600000000000001 0 0 0 0 0 0 0 0.2 0 0 0.4 1 0 0 49.2 0 75 33.800000000000004 53.6 20.200000000000003 37.2 52.6 53.6 31.200000000000003 6.2 49 41.800000000000004 9.200000000000001 45 10.8 79.4 5.4 20.200000000000003 52.2 0.6000000000000001 0.6000000000000001 0 0 0.6000000000000001 1 13 0 0 0 0 1.6 0.6000000000000001 0 0 1.2000000000000002 0.4 0 6.2 0 0.2 0 1 0 0 0 0.4 0.4 0 0 0 0 0 0.6000000000000001 0.6000000000000001 0.2 0 0.6000000000000001 1 0.4 0 0 0 0 0 2 0 0.8 0 0 0 0 0 0 0 0 0 0 0 0 5 4.6000000000000005 6.2 0 5 1.6 1.8 6.800000000000001 2.8000000000000003 0 0 4.6000000000000005 0 0 0 4.2 5.2 1.6 0.2 7 0 0 0 2.2 0 0 0 0 0 0 0 0 5.4 0 0 0 0 0 0 0.2 0 0 2.2 1.6 0 0 0 0 0 0 0 0 0 0 0 0 0 0 0 0 0 0 1.6 6.4 0.8 0 0 0 0 0 0 0 0 0 0 0 0 0 0.8 0 8.6 2 8.4 11.200000000000001 2.8000000000000003 6.4 3.8000000000000003 0 5.6000000000000005 2.2 4.2 4 2.6 4.6000000000000005 0 1.8 4.4 4.6000000000000005 0 0 0.6000000000000001 0 0 0 0 0 1.8 0 0 0 0 0 0 5.4 0 0 0 0 1.2000000000000002 2.2 0 0 0 0 0 0 0 0 0 0 0 0 0 0 0 0 0 0 0 0 0 0 0 0 0 0 0 0 0 0 0 0 0 0 0.8 0.4 0 16 16 0.8 0.4 1.2000000000000002 0 0 0 0 0 0 0 0 0 0 0 0 0 0 0 0 0 2.6 0 0 0 0 0 4 0 0 0 0 
 0.6000000000000001 0.6000000000000001 0.6000000000000001 1 0.6000000000000001 0.6000000000000001 0.6000000000000001 0.6000000000000001 0.6000000000000001 1.4000000000000001 1 0.6000000000000001 0.6000000000000001 0.6000000000000001 1 0.6000000000000001 0.6000000000000001 0.6000000000000001 0.6000000000000001 0.6000000000000001 36.6 75 0 24.400000000000002 53.2 20.200000000000003 14.200000000000001 40.800000000000004 43.6 11.4 12.200000000000001 22 16.8 112.80000000000001 30.8 37.6 30.200000000000003 14.600000000000001 22.200000000000003 5.800000000000001 1 1 0.6000000000000001 0.4 0 0 1 1 0 0 0 1.8 0 0.2 0 0 0 0 12.600000000000001 4.4 0 0.6000000000000001 1.6 0 0 0 0 0 0 0 0.4 0 1.2000000000000002 0.2 1 0 0 0 0.2 0.4 0 0 0 0 0 0 0 0 0 0 0 0 0 0 0 0 0 0 0 0 4.4 1.8 17.8 0 5.800000000000001 2.2 1.8 10.600000000000001 5.4 0 12.200000000000001 2.2 0 0 2.2 2 4.4 4.6000000000000005 0.2 0.4 1.8 2 0 0 0 0 2 0 0 0 0 0 0.4 0 0 0 0 0 3.8000000000000003 4.800000000000001 0 0 0.2 2 0 0 0 0 0 0 0 0 0 0 0 0 0 0 0 0 0 0 0 0 0 0 0 0 0 0 0 0 0 0 0 0 0 0 0 0 7.2 3.4000000000000004 0 2.6 7.2 1.8 0 3 6.4 0.4 0.2 0.2 0 4.6000000000000005 5.6000000000000005 2.2 1 5.6000000000000005 0 0 2.6 0 0 0 0 0 2 0 0.2 0.2 0.2 0.4 0 3.8000000000000003 0 0 0 0 4.4 4.4 0 2 0 0 0 0 0 0 0 0 0 0 0 0.4 0 0.4 0 0 0 0 0 0 0 0 0 0 0 0 0 0 0 0 0 0.4 1.6 0 0.2 34.4 16.400000000000002 0.2 1 0.8 0 0 0 0 0 0 0 0 0 0 0 0 0 0 0 0.4 0 0.2 0 0 0 0 0 0 0 0 0 0 
 0 0 0 0.2 0.2 0 0 0 0 0 0 0 0 0.4 0 0 0 0.2 0.2 0.4 11 33.800000000000004 24.400000000000002 0 21.8 20.8 17.6 13.600000000000001 13.8 32.2 31.400000000000002 40.6 13.600000000000001 17.400000000000002 14.600000000000001 67.8 13.4 28.6 17.2 30.200000000000003 27 0.6000000000000001 0 0.6000000000000001 0.6000000000000001 0 29.6 0 0.6000000000000001 0 0 0 12.4 12.600000000000001 5.2 13.200000000000001 0.6000000000000001 0 38.400000000000006 18.8 0 0 12.600000000000001 5.800000000000001 0 0 0.4 0.4 0 0 0 0 0 0.2 0 0 0 5.800000000000001 0 0.4 0 0 0 0 0 0 0 0 0 0 0 0 0 0 0 0 0 0 0 0 0 1.6 2.2 4.4 8.200000000000001 3 0 0 0 7.4 2.4000000000000004 6.2 0 0 0 0 0 2.8000000000000003 0 0 4.2 2 4.800000000000001 0 0 0 2.6 5.6000000000000005 0 1.8 0 0 3.2 2 0 0 0 0 6.4 0.4 0.4 0 0 0 0 0 0 0 0 0 0 0 0 0 0 0 0 0 0 0 0 0 0 0 0 0 0 0 0 0 0 0 0 0.2 0 0 0 0 0 0 0 0 0 2 9.200000000000001 5.4 0 0 3.8000000000000003 0.2 3 4 0 0 0.4 0 0 5.4 0 0 2.8000000000000003 2.8000000000000003 0.4 0 0 0 2 7 4.4 0 0 0 0 2.6 1.8 6.800000000000001 0 1.8 15 1.8 0 0 0 0 0 0 0 0 0 0 0 0 0 0 0 0 0 0 0 0 0 0 0 0 0 0 0 0 0 0 0 0 0 0 1.2000000000000002 0 0.2 2.4000000000000004 15.200000000000001 0 0 0 0 0 0 0 0 0 0 0 0 0 0 0 0 0 0 0 0 0 0 0 0 0 1 0 4.2 0 0 0.2 
 0 0.2 0 0.4 0 0 0 0 0 0.6000000000000001 0 0 0.4 0 0 0 0 0.2 0 0 26 53.6 53.2 21.8 0 55.800000000000004 53.800000000000004 54.6 39.2 42.800000000000004 86 9.200000000000001 58.2 62.6 17.8 17.6 26.400000000000002 26.200000000000003 11.8 16 25.200000000000003 0.4 0.6000000000000001 0 1 0 0 28.200000000000003 6.4 0 0 0 43.400000000000006 18.2 12.600000000000001 28.400000000000002 12.600000000000001 0 0 26.200000000000003 0 0 0 0 0 0 0.4 0.4 0 0 0 0 0 0 0 0 9.8 1.6 1 0 0 0 0 0 0 0 0 0 0 0 0 0 0 0 0 0 0 0 0 0 0.2 0 3.2 0 7.2 3 0 0 3.2 4 0.2 4.800000000000001 0.2 0 0 0.2 0 0 0 0 2.8000000000000003 3 3 0 0 0 3.6 0 4.800000000000001 0 0 1.6 1.4000000000000001 2.6 5.2 0 0 0 3.4000000000000004 4.2 0 0 0 0 0 1.6 0 0 0 0.4 0 0 0 0 0 0.4 0 0 0 0 0 0 0 0 0 0 0 0 2.6 0.4 0 0 0 0 0 0 0 0 0 0 2.8000000000000003 0 4.800000000000001 2.4000000000000004 6 2 0 0.2 1.6 1.8 0.2 1.4000000000000001 0 0 0 0 1.4000000000000001 2.6 0 0 5.6000000000000005 4.6000000000000005 0 0 0.2 0 1.6 2 3.6 3 3.2 0 4.2 5.2 2.2 4.2 4 0 5.2 2 0 0 0 0 0 0 0 0 0 0 0 0 0 0 0 0 0 0 0 0 0 0 2.4000000000000004 0 0 0 0 0 0 0 0 0 0 0 1.4000000000000001 0.2 1 16.8 0.6000000000000001 0 0.4 0.2 0 0 0 0 0 0 0 0 0 0 0 0 0 0 0 0 0 1.4000000000000001 0 2.2 0 0 0 2.4000000000000004 0.2 0 0 0 
 0 0 0.6000000000000001 0 1.2000000000000002 0 0 0 0 0.2 0 0 0 0 0 0 0 0.2 0.2 0.4 21.8 20.200000000000003 20.200000000000003 20.8 55.800000000000004 0 6.6000000000000005 36.6 11.600000000000001 32.800000000000004 16.6 28.8 6 17.2 26.200000000000003 16.400000000000002 12.600000000000001 11.600000000000001 47.6 22.200000000000003 17.6 0.6000000000000001 0 0 0.6000000000000001 0 12.4 4.800000000000001 0 13.200000000000001 0 0 11.600000000000001 0.2 0 22.8 12.200000000000001 0 23.8 21.200000000000003 0 0 0 0 0 0 0.4 0.4 0 0 0 10.200000000000001 0 0 0 0 0 10.600000000000001 1.4000000000000001 3.6 0 0 0 4 0 0 0 0 0 0 0 0 0 0 0 0 2.4000000000000004 0 0 0 3.4000000000000004 0 5.2 0.2 2.4000000000000004 1.4000000000000001 0 0 1.6 0 2.6 4.2 0 0 0 0 0 0 0 0 3 0 0 1.8 0 0 0 0 1.8 3.2 2.6 0 0 4 4.800000000000001 0 0 0 4.6000000000000005 2.6 0 0 0 0 0 0 0 0 0 0 0 0 0 0 0 0 0 0 0 0 0 0 0 0 0 0 0 0 0 0 0 0 0 0 0 0 0 0 0 0 1.2000000000000002 0 2.4000000000000004 1.8 2 0.4 0 0 3 0 1.8 1.6 0 1.8 0 1.6 1.8 1.4000000000000001 0 0 5.800000000000001 3.6 0 0 0 0 0 4.2 2 2.6 0 2.4000000000000004 0 2.4000000000000004 10.200000000000001 1.4000000000000001 13.8 1.8 2.2 4.4 0 0 0 3.8000000000000003 0 0 0 0 0 0.4 0 0 0 0 0 0 0 0 0 0 0 0 2.8000000000000003 0 0 0 0 0 0 0 0 0 0 0 1 0 0 15 14.200000000000001 0.6000000000000001 0.4 0 0 0 0 0 0 0 0 0 0 0 0 0 0 0 0 0 0 2.2 0 0 3.2 0 0 1.8 0 0 0 0 
 0 0 0 15.600000000000001 4.4 30 0 0 0 15.200000000000001 4.800000000000001 0 0 0 0 0 0.4 0 0.2 0 33.2 37.2 14.200000000000001 17.6 53.800000000000004 6.6000000000000005 0 37 29 11.4 10.200000000000001 6 87.60000000000001 20.6 41.2 9 74.2 25.400000000000002 55 10.8 0 0.6000000000000001 0 0 0.6000000000000001 0 0.8 0 0 0 0 0 12.4 0 0 0.6000000000000001 0 0 0 0 0 0 0 0.4 0 0 0.4 0.4 10.600000000000001 0 0 0 0 0.2 0 0 0 0.6000000000000001 0 0.4 0 0 0 0 0 2.2 0 0 0.8 0 0 0.2 0 0 0 0 0 0 0 0 7.800000000000001 3 0 0 0.4 1.6 9.8 7 4.6000000000000005 4.2 4.2 0 1 2.8000000000000003 2.6 2.2 0.6000000000000001 1.2000000000000002 7.4 6.2 0 0 0 0 0 0 0 0 2.2 0 0 0 0 0 0 0 0 0 0 0 0 0 1.2000000000000002 0 0 0 0 0 0.2 0 0 0 0 0 0 0 0 0.2 0 0 0 0 2 1.4000000000000001 6.800000000000001 4.6000000000000005 0 0 0 0 1.2000000000000002 0 0 0 0 2 0 0 0.8 0 5 6.2 6.6000000000000005 2.2 2 4.6000000000000005 18.2 0.8 0 4 5.4 0 12 5 7 5.800000000000001 5.4 4.6000000000000005 5.2 8 0 0 0 0 0 0 0 0 0 0 0 0 0 0 0 0 0 0 0 0 0 0 0 0 0 0 0 0 0 0 0 0.2 0 0 0 0 0 0 0 1 0 0 0 0 0 0 15.200000000000001 0 0 0 0 0 0 0 1.8 0 0.2 0 15.200000000000001 0.4 0.8 0 0 0 0 0.2 0 0 0 0 0 0 0 0 0 0 0 0 0 0 0 2.4000000000000004 0 0 0 0 0 0 0 2.4000000000000004 
 0 0 0.6000000000000001 15.8 0 0 0 0 0 0 14.8 0 0 0 0 0 0 0.8 0 0 42.400000000000006 52.6 40.800000000000004 13.600000000000001 54.6 36.6 37 0 33.800000000000004 13.600000000000001 5.800000000000001 19.6 25 51.400000000000006 11.600000000000001 90.2 21 9 10.600000000000001 24.200000000000003 0.8 0.8 0 0 0.6000000000000001 0 0 0 0.8 0 0 0 0 0 0 2 11 0 0 0 0 0 0 0 0 0.4 0.4 0.4 0 0 0.4 0 0 0.6000000000000001 0 0 0 5.800000000000001 0 0.6000000000000001 4.2 0 0 0 0 2.6 0 0 0 3.6 0 0 0 0 0 0 1.8 0 0 0 0.4 4.4 9.4 2.6 3.4000000000000004 0.2 2.4000000000000004 4.800000000000001 0.6000000000000001 5 13.8 4.2 0.6000000000000001 0 3.8000000000000003 0 0 10 1.8 3 0.6000000000000001 0 0 0 0 0 0 0 0 0 0 0 0 0 0 0 0 0 0.4 0.4 0 0 1.6 0 0 0.2 0 0 0 0 0 2.6 0 0 0 0 0 0 0 0 0 0 0 0 0 0 0 0 0 0 0 0 0 0 0 0 0 0 0 3 4.6000000000000005 5.2 0.2 4 0.2 2.2 0 2.6 4 2.4000000000000004 10.600000000000001 1.4000000000000001 5 0 3.2 6.4 2.4000000000000004 2 4 0.2 2.6 0 0 0 0 0 0 0 2 0 0 0 0 0 0 0 0 0 3.6 2 0 0 0 0 0 0 0 0 0 0 0 0 0 0 0 0 0 0 0 0 0 0 0 0 0 0 4.6000000000000005 0 0 0 0 0 0 0 3.2 0 0.4 8 0.2 0 0.8 0.4 0.4 0 0 0 0 0 0 0 0 0 0 0 0 0 0 0 0 0.8 0 3.2 0 0 0.4 2.6 0 0 0 0 
 0 0 41.400000000000006 0.4 0 15 0 0 0 0.2 0 0 0 0 0 0.6000000000000001 0 0.6000000000000001 0 0 65.2 53.6 43.6 13.8 39.2 11.600000000000001 29 33.800000000000004 0 64.8 12 7 58.2 65 48.400000000000006 100.80000000000001 136.8 12.4 14 30.200000000000003 0 0.8 0 7.800000000000001 0.6000000000000001 0 0 0.8 0.8 0 0 0 0 0 0 0.6000000000000001 0 0 12.4 1.2000000000000002 0 1.2000000000000002 0.6000000000000001 0 0 0 9.200000000000001 0.4 0 0 0 0.4 7.6000000000000005 0.2 0.8 0 0 0.8 0 0.4 0 0 0 0 0 0 0 0 0 0 0 0 0 0 0 3.8000000000000003 0 0 0 0 9.200000000000001 7.6000000000000005 11.600000000000001 0 4.6000000000000005 0 0 2.4000000000000004 6 0 4.800000000000001 6 0 0.2 0 8.8 12.600000000000001 3.2 0 0 2.8000000000000003 0 0 0 0 0 1.8 0 0 0.2 0 0 0 0 0 0 0 0 0 0.2 0.4 0 0 0.8 0 0 0 0 0 0 0 0 0.4 0 0 0 0 0 0 0 0 0 0 1.8 1 0 0 0 0 0 0 0 0 0 0 0 0 0 0 0 1.8 0 2.2 5 0.2 7.6000000000000005 0.2 0 8.8 5.4 11.4 2 0 4 2.6 0 6.4 4 0 0.8 2.8000000000000003 0 0.4 0 0 0 0 0 2.8000000000000003 0 0 0 2.2 0.2 0 0.2 0 0 8.200000000000001 0 0 0 0 0 0 0 0 0 0 0 0 0 0.2 0 2.8000000000000003 0 0 0 0 0 0 0 0.2 0 0 0 0 0 0 0 0 0 0 0 0 0 0.6000000000000001 0.4 0 0 0.2 3.4000000000000004 0 0 0 0 0 0 0 0 0 0 0 0 0 0 0 0 0 4 0 4.2 0 0 0 2.2 0 0 0 0 
 0.6000000000000001 0.6000000000000001 42 0.6000000000000001 0.6000000000000001 16.2 0.6000000000000001 0.6000000000000001 0.6000000000000001 0.6000000000000001 0.6000000000000001 0.6000000000000001 1 0.6000000000000001 0.6000000000000001 1 1 0.6000000000000001 0.6000000000000001 1 73.8 31.200000000000003 11.4 32.2 42.800000000000004 32.800000000000004 11.4 13.600000000000001 64.8 0 22.400000000000002 72.8 12.8 60.800000000000004 26.8 37.800000000000004 52.400000000000006 11.200000000000001 13.4 18 0 0.8 0 0.2 1 0 20 0.6000000000000001 1.8 0 0.4 0 11.600000000000001 9 0 0.6000000000000001 0.8 0 24.8 0.8 0 0 0 0 0.2 0.4 0.4 0.4 0 0 0 0.4 0 0.4 0 0 0 1.2000000000000002 0 0.2 0 0 0 0 0 0.4 0 0 2.8000000000000003 0 0 0 0 0 0 0 0.2 0 0 0 0 0.4 4.800000000000001 4.4 11.600000000000001 6.6000000000000005 0 0.4 4 4 1.4000000000000001 10.8 0 1 0 0 0 0.8 0 0 4.4 0 2.4000000000000004 0 0 0 2 0 0 0 0 0 3.6 0 0 0 1.6 0 0 0 0 0 0 0 0.2 0 0 0 0 0 0 0 0 0 0 0 0 0 0 0 0 0 0 0.8 0.6000000000000001 0 0 0 0 0 5.4 0 0 0 0 0 0 0 0 0 2.6 0 1.2000000000000002 5.2 0.2 6 0 0 1.2000000000000002 1.6 3.2 9.8 0 0 2 0.4 4.2 5.800000000000001 0 0 2.6 3.2 0 0 0 0 3.4000000000000004 4.4 2.4000000000000004 0 0 0 4.800000000000001 4.800000000000001 3 0 0 0 6.6000000000000005 3 0 0 0 0 0 0 0 0 0 0 0 0 0 0 0 0 0 0 0 0 0 0 0 0 0 0 0 0 0 0 0 0 0 0 0.8 0.6000000000000001 0.6000000000000001 32.2 0 0 0.2 0.4 0.4 0 0 0 0 0 0 0 0 0 0 0 0 0 0 0 0 2 0 2.8000000000000003 0 0 0 7.2 3 0 0 0 
 0.8 0.6000000000000001 0.8 1.4000000000000001 0.4 1 0.6000000000000001 0.6000000000000001 0.6000000000000001 0.6000000000000001 0.4 0.8 0.6000000000000001 0.6000000000000001 0.6000000000000001 0.6000000000000001 0.6000000000000001 1 0.6000000000000001 0.8 8.200000000000001 6.2 12.200000000000001 31.400000000000002 86 16.6 10.200000000000001 5.800000000000001 12 22.400000000000002 0 52.2 53.2 11.600000000000001 11.8 77.2 20.6 18 5.4 76.60000000000001 12.600000000000001 0.2 0 41.400000000000006 0.6000000000000001 0.2 18.400000000000002 0 0 0 0 0 15.600000000000001 6.2 4.6000000000000005 0.6000000000000001 0.8 0 37.2 6 0 0 0 0 0 0 0.4 0.4 0 0 0 0 0 0.2 0 0 0.2 0.8 0 0.4 0 0 0.2 0 0 0 0 0 0 0 0 0 0 0 0 0 0 0 0 0 0 0 0 6.6000000000000005 4 8.4 0 2 0 3.6 0 0.2 0 0 0 0.4 0 0 0 0 4.4 3.2 2.8000000000000003 0 0 0 3.8000000000000003 4.4 0.4 6.2 0 0 3 0 0 0 0 0 6 0 0 0 0 0 0 0 0 0 0 0.2 0 0 0 0.4 0 0 0 0 0 0 0 0 0 0 0 0 0 0 0 0 0 0 0 0 0 0 0 0 0 0 0 0 0 0 4 5.800000000000001 0 0 1.4000000000000001 0 0 9.8 0 0 0 0 0 1.4000000000000001 0 0 0 6.2 3 0 0 0 0 0 1.6 0 0 0 6.6000000000000005 0 0 4.4 0 0.2 7 0.4 0 2.2 0 0 0 0 0 0 0 0 0 0 0 0 0 0 0 0 0 0 0 0 2.2 0 0 0 0 0 0 0 0 0 0 0 2.6 0 1.4000000000000001 16 14.8 0.4 0.8 0 0 0 0 0 0 0 0 0 0 0 0 0 0 0 0 0 0 0 0 3 0 0 0 0 0 0 0 1.2000000000000002 
 0.8 0.2 0.4 0.8 0.2 0.4 0.2 0.2 0.6000000000000001 0.6000000000000001 0.2 0.6000000000000001 0.8 0.2 0.2 0.8 0.4 0.2 0.2 0.4 7.2 49 22 40.6 9.200000000000001 28.8 6 19.6 7 72.8 52.2 0 11.4 51.400000000000006 7.6000000000000005 20.400000000000002 55.800000000000004 32.800000000000004 10 7 13.600000000000001 0.2 0 0 0.6000000000000001 0 27.200000000000003 0 1.6 0 0 0 12.4 12.200000000000001 12.4 13.4 0 0 16.2 31.8 0 0 0.4 0 0 0 0.4 0.4 0 0 0 0 0 0 0 0 0 9 0 0.4 0 0 0 0 0 0 0 0 0 3.8000000000000003 0 0 0 0 0 0 0 0 0 0 0.4 2 3.2 10.4 5.6000000000000005 5 0 0 0.2 5.800000000000001 2 10.8 0 0 0.2 0 6.2 2.8000000000000003 0 0 5 3 2.8000000000000003 0 0 0 2.4000000000000004 0.2 0 0.2 0 0 2.2 1.6 4 0 2.6 0.2 2.4000000000000004 0 0 0 0 0 0 0 0 0 0 0 0 0 0 0 0 0 0 0 0 0 0 0 0 0 0 0 0.2 0 0 0 0 0 2 0 0 2.4000000000000004 0 0 0 0 0 0 0 0 3.4000000000000004 5.6000000000000005 0 0 12.600000000000001 0.4 3 0 0 0.2 0 0.2 0 1.8 0.2 0 7.800000000000001 2.8000000000000003 0 0 0 0 0 1.6 2.2 0 0 0 0.2 0 0.2 3.8000000000000003 0 0 17.2 1.2000000000000002 0 0 0 0 0 0 0 0 0 0 0 0 0 0 0 0 0 0 0 0 0 0 0 0 0 0 0.2 0 0 0 0 0 0 0.4 2.6 0 0.4 0.4 14.8 0.2 0.8 0.4 0 0.2 0 0 0 0 0 0 0 0 0 0 0 0 0 0 0 0 0 0 0 0 0 0 0 0 0 0 
