 0 43.800000000000004 25.6 35.2 48.2 54 13.600000000000001 13.200000000000001 12 10 27 47.6 27.400000000000002 25 9.4 23 5.4 24.8 9 13.4 0.2 1 1 0 0 0.2 0 0.2 0 0.4 0 0 0.4 0 0 1.2000000000000002 0 0 0 0 2.6 0 0 0 0.6000000000000001 0.6000000000000001 0.6000000000000001 0 0 0.6000000000000001 1 0.8 0 0.2 0.6000000000000001 0.4 0.6000000000000001 0 0.6000000000000001 0 0 0.4 0 0.4 0 0 2 0 0 0.6000000000000001 1 0 0 0.2 0.2 0 0.2 1 0 0.6000000000000001 6.800000000000001 0.2 1.8 0 0 1 0 12.8 1.6 1.4000000000000001 0 5.4 0 2.6 4.800000000000001 5.800000000000001 3.4000000000000004 3.2 7.2 4.2 0 0 0 0 0 0 0 0 0 0 0 0 0 0 0 1.8 0 0 0.2 2.4000000000000004 0.2 0 0 0 0 0 0.8 1 0 0 0 0 0.4 0.6000000000000001 0 0.4 0 0 0 0.2 0 0 6.4 0.4 0 0 0 0 0.4 0.6000000000000001 0 0 0 0 0 0.6000000000000001 0.4 0 0.4 0 0.2 3.8000000000000003 0 0.2 7.800000000000001 0.2 0 3.2 0.4 2.4000000000000004 6.2 10 1.4000000000000001 8.6 0 1.8 0 3 0.4 3.6 0 0 0 0 0 0 2.2 0 0 0.4 0 0 0 0 0 0 0 0 0 0 0 0 0 0 0 0 0 0 0 0 0 0 0 0 0 0 0 0 0 0 0 0 0 0 2.6 0 0 0 0 0 0 0.4 0 0 0 0 0 0 0 0 0 0 0 0 0 0.2 0.4 0.4 0 0 0 3.2 0 0 0 0 0 0 0 0 0 0 0 0 0 0 0 0 0 0 0 0 0 0 0 0 0 0 0 0 0 0 0 0 0 0 0 0 0 0 
 43.800000000000004 0 48.6 78.4 25.400000000000002 49 69.2 51.6 49.6 86.4 29.400000000000002 10 69 54.400000000000006 64.8 101.80000000000001 8.200000000000001 59.400000000000006 29 56.800000000000004 0.8 1 0.6000000000000001 0.6000000000000001 0 0 0.2 0.2 0.4 0 0 41.400000000000006 0.4 40.6 0 0.4 0 0 0.4 0 0.6000000000000001 0 0 0 0.2 0.6000000000000001 0.6000000000000001 0 0 0 0.4 1 0 0 0 0.4 0.2 0 8.200000000000001 12.600000000000001 0 0 0 0 0 0 0 0 0 0 0 0 0 0.2 0 0 0 0 0 0.6000000000000001 6.800000000000001 0.2 0 6.2 0 0 2.2 4.6000000000000005 3 1.8 1.8 2.2 0 0 0.2 0 0 0.4 0 2.8000000000000003 0 2 0 0.4 0 0.4 0 0 0 0 0 0 0 0 0 0 0 0 0 0 0 0 0 0 0 0 0 0 0 0.4 0 0 0 0 0 0 0 0 0 0.4 0 0 0 0 0 0 0 0 0 0 0 0 1.2000000000000002 0 0 0 0 1.2000000000000002 0 0 5.6000000000000005 9.600000000000001 0 0 3 0 0 0.4 6.4 2.2 3.4000000000000004 7 7.2 1.8 0.8 0.2 0 2 6.800000000000001 0.2 0 0 0 0 0 0 0 0 0 0 0 0 0 0 0 0 0 0 2.2 0 0 0 0 0 0 4.6000000000000005 0 0 0.4 0 4 0 0 0 0 0 0 0.4 0 0 0.4 0 0 0 0 0.2 0 0 0 0.2 0 0 0 0 0 0 0 0 0 0 0 0 0 0 0 0 0 0.4 0.4 0.6000000000000001 1.2000000000000002 1.2000000000000002 0 0 0 0 0 0.2 0 0 0 0 0 0 0 0 0 0 0 0 0 0 0 0 0 0 0 0 0 0 0 0 0 0 0 0 0 0 0 0 
 25.6 48.6 0 52.400000000000006 58.400000000000006 8.4 13.8 30.200000000000003 14 13.600000000000001 24.8 8.8 12.8 12.600000000000001 101 53 71.8 10.200000000000001 7.6000000000000005 7.4 0.2 1.2000000000000002 0.4 0 0 0 0 13.8 0 0 0 0 0 15 0 0.2 0 15.4 14.600000000000001 0 1 0 0.4 0 0.6000000000000001 0.6000000000000001 12.600000000000001 0 0 0 0.4 0.4 0 0.2 0 0.6000000000000001 6 0 0.6000000000000001 0 0 0 0.6000000000000001 0.4 0 0 0 0 0 0.2 0 0 0 0 0 0 0 0 0 0.6000000000000001 4.2 2.6 0 3.8000000000000003 0 4.2 0 7 0 4.6000000000000005 0 3 0 0 3.2 6.2 3 0 0 2.2 0 0 0 0 0 0 0 0 0 0 0 0 0 0 0 0.2 0 0 2.4000000000000004 0 0 0 0 0 0 1.4000000000000001 0 0 0 0 2.6 0 0 0 0 0 0 0 0 2.4000000000000004 0 0.2 0 0 0 0 0 0 0 0 0 0 0 0 0 0 0 0 0 0 3 5 3 4.2 2.8000000000000003 0 0 6.4 3.4000000000000004 3 0 3.8000000000000003 1.6 0 0 0 0 3.4000000000000004 0 1.4000000000000001 0 0.4 0 0 0 0 4 0 0 0 0 0 0 0 0 0 0 0 1.4000000000000001 0 0 0 0 0 0 0 0 0 0 0 0 0 0 0 0 2.4000000000000004 0 0 0 0 0 0 0 0 0 0 0 0 0 0 0.4 0 0 0 0 0 0 0 0 0 0 0 0 0 0 0.6000000000000001 0 0 0.2 17.8 0 1.6 0 0 0 0 0 0 0 0 0 0 0 0 0 0 0 0 0 0 0 0 0 0 0 0 0 0.2 0 0 0 0 0 0 0 0 0 0 0 4.2 
 35.2 78.4 52.400000000000006 0 39.2 7.2 34 53.800000000000004 12.200000000000001 21.400000000000002 30.200000000000003 41.2 99.80000000000001 16.8 14.600000000000001 30 8.8 27.400000000000002 16.8 32.4 0 1 0.4 0 0 0 0 0 0 0 0 0 15.8 0.4 0 0.2 0 0 6.2 0 0.6000000000000001 0 0 0 0.6000000000000001 13 0.6000000000000001 0 0 0 0.4 0.4 0 0.2 13.600000000000001 0.4 0 0 0.6000000000000001 0 0 0 0 0.4 0 0.8 0.2 0 0 0.2 0 0 0 6.2 0 0 0 0 0 0.6000000000000001 0.2 8 3.4000000000000004 5.4 7 1.2000000000000002 1.4000000000000001 1.6 0 5.2 3 5.4 0 0 3.6 10 7.2 2 0 0 0 0 0 0.2 0 0 6.2 0 0 0 0 0 0.4 4 0 0.2 0 0 6.6000000000000005 5.2 0 0 0 0 0 1.4000000000000001 0 0 0 0 2.8000000000000003 1 0 0 0 0 0 0 0 0.2 0 0 0 0 0 0 0 0 0 0 0 0 0 0 0 7 0 0 0 0 0 2.4000000000000004 11 15.4 5.6000000000000005 3.2 0 6.4 0 2.8000000000000003 4 2.6 0 11.600000000000001 0 5.800000000000001 2.2 0 0 0 0 0 0 0 0 0 2 0 0 0 0 0 7.6000000000000005 3.4000000000000004 0 0 0 0 5.6000000000000005 3 0 0 0 0 0.4 0 0 0 0 0 2.8000000000000003 0 0 0 0 0 0 0 0 0 0.2 0 0 0 0 0 0 0 0 0.4 0 0 0 0 0 0 0 0 0 0 0 0 0 0 0 0.2 3.4000000000000004 0 0 18 0.4 1 0 0.4 0 0 0 0 0 0 0 0 2 0 0 0 0 0 0 0 0 0 0 0 0 2 7.6000000000000005 0 0 0 0 0 0 0 0 0 0 0 0 0 
 48.2 25.400000000000002 58.400000000000006 39.2 0 32.6 16.6 20.8 15 22.200000000000003 30.200000000000003 10.600000000000001 15 14.600000000000001 33.6 19 15.600000000000001 10.8 63.800000000000004 11.4 26 15.4 17.400000000000002 0 0.4 0.4 20.400000000000002 9.600000000000001 19.8 0 0 0 36.800000000000004 15 15.4 0.4 0.2 14.600000000000001 22.400000000000002 0.8 0.6000000000000001 0 0.6000000000000001 0 0 0.6000000000000001 0.6000000000000001 0 4.6000000000000005 0 0 0.4 0 0 13.4 0.4 0 12.600000000000001 0.6000000000000001 0 0 0 0 0.2 0 1 0 0 0 0 0 0 0 10.8 0 0 0 0 0 0.6000000000000001 0 1.6 0 0 9 7 0 0 1.4000000000000001 2.2 3.8000000000000003 2.8000000000000003 0 0 0 0 0 0 0.2 0 4.2 0 0.2 0 0.2 0 2 8 2.4000000000000004 1.6 0 6.2 4.2 3.6 2.2 0 3.4000000000000004 0 1.4000000000000001 1.8 0 0 0.2 0.2 0 0 0 0 0 0 0 0 0 0 2.4000000000000004 0 0 0 0 0 0 0 0.2 0 0 0 0 0 0 0 0 0.4 0 0 0 0 0.2 0 0 0 0 0 2 3 6.4 2.2 0 0.2 0 0 1.4000000000000001 0 0 0 0 2.6 0 4.4 0 0 0 0 0 0 0 0 5 2.2 0 0 5.2 0 1.8 1.4000000000000001 0 5 0.4 2 1.6 6.800000000000001 0.4 0 0 0 0 0.2 0 0 0 0 0 0 0 0 0 0 0.4 0 0 0 0 0 0 0 0 0 0 0 0 0 0 0 0 0.4 0 0 0 0 0 0 0 2.4000000000000004 0 0 0 0 0.8 0.4 18.8 0.2 0.4 0.6000000000000001 0 0 0 0 0 0 0 0 0 0 2.6 0 0 0 0 0 0 0 0 0 0 0 0 0 0.2 2.2 0 0 0 0 0 0 0 0 0 0 0 0 
 54 49 8.4 7.2 32.6 0 6 8 67.8 13.200000000000001 30.6 8.200000000000001 7.4 18.400000000000002 23.6 13.200000000000001 33.4 91 11.8 55 32.2 32.2 15.200000000000001 0 0.6000000000000001 0 0.6000000000000001 22.400000000000002 24.400000000000002 4 0.4 0.4 15.4 33.2 15 0.2 15.200000000000001 0 17.8 18.8 0.6000000000000001 0 0 0 0 0.6000000000000001 0.6000000000000001 0 11.8 1.8 0.2 0.4 0 0.2 0.4 0.8 0 12.4 0.6000000000000001 0 0 0 0 0.4 0.4 0 0.8 0 0 0.2 0 0 0 0 0 0 0 0.2 0 0.6000000000000001 0 0 0 0 0 0 1.2000000000000002 0 0 0.2 3.8000000000000003 1.4000000000000001 0 0 0 0 0 0 0 0 0 0 6.4 0 1.8 0 0.2 10.200000000000001 2.6 2 0 1 3.2 5.800000000000001 7.800000000000001 5.4 4.4 2.4000000000000004 4.800000000000001 4.4 0 0 0 0 0 0.2 0 0 0 0 0 0 0 0 0 0 0 0 0 0 0 0 0 0 0 0 0.2 0 0 0 0 0 0 0 0 0 0 0 0 2.2 0 0.2 0 0 0 3.2 0 0.6000000000000001 0 2.2 1.4000000000000001 2.8000000000000003 0 3.2 3.8000000000000003 0 6.6000000000000005 1.8 0 0 4 0.2 0 0 0 0 4 0.2 0 0.2 0 0 0.2 5 2.6 5.2 4.2 2.6 2.2 3.4000000000000004 0 0 0 0 0 0 0 0 0 0 0 0 0 0 0 0 0 0 0 0 0 0 0 0 0 0 0 0 0 0 2.6 0 0 0 0 0 0 0 0 0 0 0 0 0 0 0.8 0 0.2 17 0 0 0.6000000000000001 1.4000000000000001 0 0 0 0 0 0 0 0 0 0 0 0 0 0 0 0 0 0 0 0 0 0 0 2.2 0 0 0 0 2.6 0 0 0 0 0 0 0 0 
 13.600000000000001 69.2 13.8 34 16.6 6 0 89.4 8.8 64.8 9.8 82.80000000000001 76.60000000000001 33.2 7.6000000000000005 67.4 25.6 22.6 52.400000000000006 36.800000000000004 0 1 0.4 0.2 0 0 0 0 0 0 14.8 0 0.4 0 0 0.2 0 0 0 0 1 0 0 0 0 0.6000000000000001 1 0 0 0 0.4 0.4 0 0.2 0 0.4 0 0 0.6000000000000001 9.4 0 0 0 0.4 0 0 0 0 0 0.2 0 0 0 0 0 0 0 0 1 10.8 7.4 11.200000000000001 11.200000000000001 6 2 0 3 8 0.2 9.200000000000001 1.8 0.6000000000000001 0 2.4000000000000004 4.6000000000000005 0 4.4 0 0.8 2 4 0 0 0 0 0 0 0 0 0 0 0 0 0.2 0 0 0 0 2.6 0 0 0 0 0 0.4 0.2 0 0 0 0.2 0 0 0 0 0 0 0 0 0 0 0 0 0 0 0 0 0 0 0 0 0 0 0.4 0 0 0 0 1.8 0 0 6.2 0 3.6 0 4 0 4.6000000000000005 0 2.6 0 5.2 2.8000000000000003 2.4000000000000004 0 4.800000000000001 9.200000000000001 1.8 2.8000000000000003 9.200000000000001 3.4000000000000004 0.4 0 0 0 0 0.4 0 0.4 0 0 0 0 3.4000000000000004 0 0 0 0 0 7.2 0 0 0 0 0 0 0 0 0 0 0 0 0 0 0 0 0 0 0 0 0 0 0 0.4 0 0 0.4 0 0 0 0 0 0 0.2 0 0 0 0 0 0.4 0 0 0 0 0 0 0.4 0.2 0.6000000000000001 0 18 7.6000000000000005 1 0 0 0 0 0 0 0 0 0 0 0 0 0 0 0 0 0 0 0 0 0 0 10 0 0 0 0 0 0 0 0 0 0 0 0 0 0 0 
 13.200000000000001 51.6 30.200000000000003 53.800000000000004 20.8 8 89.4 0 52.2 28.8 16.8 51.400000000000006 40.6 56 49 67 26.400000000000002 24.200000000000003 14 57.400000000000006 0 1 0.6000000000000001 0 0 0 0 0 0.4 0 0 0 22.6 0 0.2 0.4 0 0 14.8 0 0.6000000000000001 0 0 0 0.6000000000000001 0.6000000000000001 0.6000000000000001 0.6000000000000001 0 0 0.4 1.6 0 0 0 0.4 0 0 0.6000000000000001 8.8 0 0 0 0 0 9.600000000000001 0.6000000000000001 0 0 0 0 0 0 10.200000000000001 0 0 0 0 2 0.6000000000000001 3.2 2.4000000000000004 9 2 3.6 2.2 8.4 2.2 6 0 10.8 5.800000000000001 2 0 5.6000000000000005 4.6000000000000005 5.800000000000001 7.6000000000000005 2 0.4 0 0 0 0 0 0 0 0 3.6 0.2 0 0 6.2 2.8000000000000003 0 0 0 0 0 0 0 0 0 0.2 0 0 0 0 0 0 0 0 0 0 0 0 0 0 0 0 0 0 0 0 0 0 0 0 0 0.4 0 0 1 0 0 0 1.8 0 0 0 4.2 5.4 4.800000000000001 3 5.800000000000001 2 2.8000000000000003 2 3.6 6.2 2.8000000000000003 3 13.200000000000001 0 3.8000000000000003 1 0 3.2 1.8 1.8 0 0 0 0 0 0 0 0 0 0 0 0 0.4 0 0.4 0 0 0 0 2.2 0 0 0 0 0 0 0.4 0 0 0 0.4 0 0 0 0 0 0 0 0 0 0 0 0 0.2 0 0 0 0 0 0 0 0 0 0 0 0 0 0 0 0 0 0 0 0 0 0.4 0.2 0 0 1.6 1.2000000000000002 2.4000000000000004 0 0 1.8 0 0 0 0 0 0 0 7 0 0 0 0 0 0 0 0 0 0 0 0 0 3.4000000000000004 0 0 0 0 0 0 0 0 0 0 0 0 0 
 12 49.6 14 12.200000000000001 15 67.8 8.8 52.2 0 25.8 36.4 26.400000000000002 17 37.800000000000004 95.80000000000001 14 54.400000000000006 34.800000000000004 13 15.4 0 1 0.6000000000000001 0 0 0 14.600000000000001 0 0 0 0 0 7.2 30.200000000000003 0 0.6000000000000001 0.6000000000000001 0 0 21.8 0.6000000000000001 0 0 0 1.2000000000000002 0.6000000000000001 1 0 0 0 0.4 0.4 0 0.4 0 13 0.4 0 0.6000000000000001 12 0 0.4 0.2 1 0 0.2 0.8 0.4 0 0.4 0.4 0.4 0 0 0 0.2 0.2 0 0 1 0 0 0.6000000000000001 4.2 1 0.2 0 0 0.6000000000000001 2.4000000000000004 1.2000000000000002 4.800000000000001 11.200000000000001 0 0 5.6000000000000005 1.2000000000000002 10.600000000000001 0 0 12.4 0 0 0 0 0 2.6 0.2 0 0 0 0.4 0 12 0 2 0 0 0 6 0 0 0 0 0 1.2000000000000002 0 0 0 0 0 0 0 0 0 0 0 0 0 0 0 0.2 0 0 0 0 0 0 0 0 0 0 1.6 0 0 0 0 0 0 0 2 2 2.6 0.2 0 2.2 0 0.8 3.4000000000000004 4.4 0.4 3.4000000000000004 4.6000000000000005 0.2 7.2 0 2 2.8000000000000003 0.2 0 0 0 0 0 0 0 1.2000000000000002 0 0 0 0 0 1.6 0 0 3 0 0 4.2 2.6 0 0 0 0 0 0 0 0 0 0 0 0 0 0 0 0 0 0 0 0 0 0 0 0 0 0 0 0 0 0 0 0 2 0 0 0 0 0 0 0 0 0 0 0 0 0.8 0 0 0.2 0 0 2 1.6 2 0 0 0 0 0 0 0 0 0 0 0 0 0 0 0 0 0 0 0 0 0 2.8000000000000003 7.6000000000000005 0 0 0 0 0 0 0 0 0 0 0 0 0 
 10 86.4 13.600000000000001 21.400000000000002 22.200000000000003 13.200000000000001 64.8 28.8 25.8 0 45 62.800000000000004 40.800000000000004 57.6 33.800000000000004 82.4 47.800000000000004 28.8 44 23.200000000000003 0.8 1.4000000000000001 0.6000000000000001 1 0.2 0 14.8 1.2000000000000002 0 0.6000000000000001 0.8 0.6000000000000001 0.4 15.4 15.4 1 1.2000000000000002 0.4 0 15.600000000000001 1 0.4 0 0 8.200000000000001 1.2000000000000002 0.6000000000000001 0.4 0.6000000000000001 0 0 0.4 0 0.2 1.2000000000000002 0.6000000000000001 0.4 0 1.2000000000000002 0 0.4 1.6 0.4 0.4 0 0.6000000000000001 0.2 0.8 0 0.2 1.2000000000000002 0 0 0.6000000000000001 0.4 0 10.200000000000001 0 0 1.4000000000000001 0 3.8000000000000003 3.8000000000000003 4.4 0 0.2 4 0 5.4 2.2 2 1.2000000000000002 2 0 4.2 6.2 3.8000000000000003 4 0 0.2 5.6000000000000005 0 0 0 0 0 7.6000000000000005 0.2 0 0.2 0 0 0 6.6000000000000005 0 0 0.2 0 0 4 0 0 0 0 0 0 0 0 0 0 0 0 0 0 0 0 0 0 0 0 0 0 0 0 0 0 0 0 0 0 0 0 0 0 0 1.6 0 0 0 0 4.6000000000000005 0.2 4.2 4 1.2000000000000002 0.2 2.8000000000000003 3.2 5.800000000000001 0.2 2 1.6 1.6 2.2 2.8000000000000003 2.8000000000000003 6 2.8000000000000003 1.2000000000000002 3.2 0 0 0 0 1.2000000000000002 0 0.4 7.6000000000000005 0 0 0 0 4 4 1.8 1.6 0 0 9.600000000000001 0 0 0 0 2.2 0 0 0 0 0 0 0 0 0 0 0 0 0 0 0 0 0 0 0 0 0 0 0 0 0 0 0 0 0 0 0 0 0 0 0 0 0 0 0 0 0 0 0.6000000000000001 0.2 0 0 1.2000000000000002 0.8 1.6 0 0 0 0 0 0 0 0 0 0 0 0 0 0 0 11.600000000000001 0 0 0 0 0 0 5 0 0 0 0 0 0 0 0 0 0 0 0 0 0 
 27 29.400000000000002 24.8 30.200000000000003 30.200000000000003 30.6 9.8 16.8 36.4 45 0 7.800000000000001 6.800000000000001 52.800000000000004 35.800000000000004 18.8 64.2 73 9.600000000000001 13.200000000000001 15 1 0.6000000000000001 0 0 0 14.8 0 0 0 0.6000000000000001 0 0.8 16 15.4 0.6000000000000001 0.6000000000000001 0 0 0 1.2000000000000002 0 0 0 13.4 1 0.6000000000000001 0 0 6.2 0 0.4 0 0.2 0 0.4 0.4 0 1 0 0 1 0 0.4 0 5.800000000000001 2 1 0 0.2 0.6000000000000001 0 0 0 0 0 0 0 0 1.4000000000000001 0 3.8000000000000003 0 5.800000000000001 2.2 2 0 0 0 0.2 1.4000000000000001 5.6000000000000005 2.8000000000000003 0 0 6 3 2.4000000000000004 0 0.2 6 0 0 0 0 0 3 0 2.8000000000000003 0 0 0 0 2.4000000000000004 0 0 0 0 0 6.2 0 0 0 0 0 1.2000000000000002 0 0.4 0 0 0 0 0 0 0 0.4 0 0 0.2 0 0 0 0 0 0 0 0 0 0 0 0 0 0 0 0 0 0 0 0.4 0 0.2 0.2 0.2 3.8000000000000003 2.4000000000000004 2.4000000000000004 3.8000000000000003 1.2000000000000002 0.4 2.4000000000000004 0.4 2 0.2 2.6 7.2 2.6 2.4000000000000004 5 0 0 0 0 0 0 0 0 1.6 5.800000000000001 0 0.4 0 0 3 0 2.2 0 0 2.2 5.6000000000000005 0 0 0 0 0 0 0 0 0.2 0 0 0 0.4 0 0 0 0 0 0 0 0 0 0 0 0 0 0 0 0 0 0 0 0.4 0 0 0 0 0 0 0 0 0 0 0 0 0 0 0 0 0.4 0 0 0.8 19 0 0 0 0 0 0 0 0 0 0 0 0 0 0 0 0 0 0 0 0 0 0 3 0 2.4000000000000004 0 0 0 0 0 0 0 0 0 0 0 0 
 47.6 10 8.8 41.2 10.600000000000001 8.200000000000001 82.80000000000001 51.400000000000006 26.400000000000002 62.800000000000004 7.800000000000001 0 7.6000000000000005 6 22.8 16 34.6 22 10.600000000000001 28.8 16.6 1 0.2 0 0.2 0 3.2 0 0.2 0 0.4 0 16.400000000000002 4 0 0 0.2 0 15 6.800000000000001 1 0 0 0 0.4 0.6000000000000001 0.6000000000000001 0 0 0.6000000000000001 0 1 0 0.8 0 1 0 13 1 0.8 0 0 0 0.6000000000000001 0 1.8 0 0 0 0.6000000000000001 0 0 0 10.4 0 0 0 0 0 0.6000000000000001 0 3.6 1.8 0.2 2.6 4.800000000000001 3 0 0 1.4000000000000001 11.200000000000001 4.6000000000000005 1.8 1.6 1.2000000000000002 2.6 1.2000000000000002 3.4000000000000004 0 0 1.6 0 0 0 0 0 7.2 7.4 0 0 0 0 3.8000000000000003 4 0.2 0 0 0 3.8000000000000003 0 0 0 0 0 0 0 0 0 0 0 0 0 0 0 0 0 0 0 0 0 0 0 0 0 0 0 0 0 0 0 0 0 0 0 0 0.8 0 0.6000000000000001 0 0 0 0 0 2.8000000000000003 2.8000000000000003 2 4.2 1.8 0 0 1 0.2 0 0 5.6000000000000005 8 0 2.2 0.4 0 0 0 0 0 0 0 0 0 0 0 2.2 0 11.8 6 0 1.6 0 0 6.800000000000001 2 0 0 3 0 0 0 0 0 0 0 0 0 0 0 0 0 0 0 0 0 0 0 0 2.6 0 0 0 0 0 0 0 0 0 0 0 0 0 0 0 0 0 0 0 0 0 0.4 17 0.4 17.2 17.6 0 0.6000000000000001 0 0 0 0 0 0 0 0 0 0 5.800000000000001 0 0 0 0 0 0 0 0 0 0 0 0 2 0 0 0 0 0 0 0 0 0 0 0 0 0 0 
 27.400000000000002 69 12.8 99.80000000000001 15 7.4 76.60000000000001 40.6 17 40.800000000000004 6.800000000000001 7.6000000000000005 0 12.8 29.200000000000003 84.60000000000001 9.4 4.4 74.2 28.400000000000002 0 2.2 1.4000000000000001 0 0.2 0.6000000000000001 0 0.6000000000000001 0.8 0 0.6000000000000001 0.6000000000000001 0.4 0.6000000000000001 0.4 0.8 0.6000000000000001 0.6000000000000001 1.2000000000000002 1 0.6000000000000001 0 0.4 0.6000000000000001 12.4 0.6000000000000001 0.6000000000000001 1 0.6000000000000001 0.4 0.6000000000000001 0.4 0.2 1.2000000000000002 0 1.4000000000000001 0.4 0.2 1.8 0 0 0 0 0 8.8 0.4 0 0 0.2 0 0.6000000000000001 0.4 0 1.2000000000000002 1 0 0 0 0 1.2000000000000002 8.6 0 0 0 0 1.8 5.2 3.6 0 0 0 0.6000000000000001 8.4 1.8 0 0 0.4 0 6.6000000000000005 8.200000000000001 0 0 0 0 0 0.4 0 0 0 0 0 0 0 0 0 0 0 0 0 0 0 0 0.4 0.4 0 0 0 0 0 0 0 0.2 0 0 0 0 0 0 0 0 0 0 0 0 0 0 0 0 0 0 0 0 0 0 0 0 0 0 0 0 3.6 0.2 0 0 4.4 0 2.8000000000000003 0 0 0 3.4000000000000004 2 0 0 0 3 0 0.2 2.2 2 0 0 0 0 0 0 0 0 0 0.2 0 0 0 0 0 0 0 1.2000000000000002 0 0 0.2 0 0 0 0 0 0 0 0 0 0 0 0 0 0 0 0.2 0 0 0 0 0 0 0 0 0 0 0 0 0 0 0 0 0 0 0 0.6000000000000001 0.2 0 0 0 0 0 0 0 0 0 0 0.4 0 0 1 0 0 0 0 0 0.2 0 0 0 0 0 0 0 0.8 0 0 0 0 0 0 0 0.4 0 0 0 0 0 0 0 0 0 0 0 0 0 0 0 0 
 25 54.400000000000006 12.600000000000001 16.8 14.600000000000001 18.400000000000002 33.2 56 37.800000000000004 57.6 52.800000000000004 6 12.8 0 13.4 20.200000000000003 6.4 23.200000000000003 46.2 16.400000000000002 0 0.8 0.4 0 0 0 0 0 0 0 0 0 0 0 0.2 0.2 0.2 0 0 0 1 0 0 0 0 0.6000000000000001 0.6000000000000001 0 0 0 0.2 0.4 0 0.2 0 0.4 0.2 0.2 0.6000000000000001 13.200000000000001 0 0 0 0.4 0 0 0 0 0 0.2 0 0 0 0 0 5.6000000000000005 0 0 0 0.6000000000000001 1.4000000000000001 0.2 6.6000000000000005 0 1.4000000000000001 0 2.8000000000000003 7 2 0.2 0 0.6000000000000001 2 7 2.6 2.4000000000000004 2.2 15 7 0.2 0 0 0 0 0 0 0 0 0 0 0 0 0 0 0 0 0.2 0 3 0 4.6000000000000005 0 0 0 0 0 0 0 0 0 0 0 0 0 0 0 0.4 0 0 0 0 0 0 0.2 0 0 0 0 0 0 0 0 1 0 0.4 0 0 0 0 0 0.6000000000000001 8.6 0 0 0 0 2.8000000000000003 0 5.6000000000000005 5.4 0 0 4.4 2.8000000000000003 0 0.6000000000000001 1.8 0 2.2 1.4000000000000001 0 0 0 0 0 0 0 0 0 0 0 0 2.8000000000000003 0 0 0 0 0.2 0 3.6 0 0.2 0.4 0 0 0 0 0 0 0 0 0 0 0 0 0.4 0 0 0.4 0 0 0 0 0 0 0 0.2 0 0 0 0 2.6 0 0 0 0 0 0 0 0 0 0 0 0 0 0 0 0.4 0.4 17.6 0 0.8 0 0 0 0 0 0 0 0 0 0 0 0 0 0 0 0 0 0 0 0 0 0 0 0 3.6 0 0 0 0 0 0 0 0 0 0 0 0 0 
 9.4 64.8 101 14.600000000000001 33.6 23.6 7.6000000000000005 49 95.80000000000001 33.800000000000004 35.800000000000004 22.8 29.200000000000003 13.4 0 33.2 51.2 32 30.200000000000003 21.6 0 1 0.2 0 0 0 0 0 0 0 0 0 22.8 1.2000000000000002 0 0 0 1.8 6.4 0 0.6000000000000001 0 0 0 0.6000000000000001 0.6000000000000001 0.6000000000000001 0 0 12.600000000000001 0.4 0.6000000000000001 0 0.4 0 0.4 0.2 0 0.6000000000000001 14.600000000000001 0 0 0 0.6000000000000001 0 0 0.2 0 0 0.6000000000000001 0 0 0 6.6000000000000005 0 0 0 0 0 0.6000000000000001 2.6 3 0 3 2.4000000000000004 1.8 1 5 3.4000000000000004 1.6 5.6000000000000005 14.200000000000001 1.4000000000000001 0 0 4 3.6 2.6 3 3.2 1.4000000000000001 0 0 0 0 0 10.600000000000001 0 0 0 0 0 0.4 0 0 0.2 0 0 0 7.2 0 0 0 0 0 0 0 0 0 0 0 0.2 0 0 0 0 0 0 0 0 0 0 0 0 0 0 0 0 0 0 0 0 1 0 0 0 0 1.2000000000000002 0.4 0 2.2 1.8 3.2 4 7.4 2.8000000000000003 0 4.6000000000000005 3 10.4 3.6 3 4.2 0 0 5 8.200000000000001 0 3.4000000000000004 0 0 0 0 0 0 0 6.6000000000000005 0 0 0 0.2 0 5.2 0 0 0 0 0 10.600000000000001 0 0 0 0 0 0 0 0 0 0 0 0 0 0 0 0 0 0 0 0 0 0 0 0 0 0 0 0 0 0 0 0 0 0 0 0 0 0 0 0 0 0 0 0 0 0 0.4 0.2 0 0 0.4 0.4 2.6 2.8000000000000003 0 0 0 0 0 0 0 0 0 2 0 0 0 0 0 0 0 0 0 0 0 0 2.4000000000000004 0 0 0 0 0 0 0 0 0 0 0 0 0 0 
 23 101.80000000000001 53 30 19 13.200000000000001 67.4 67 14 82.4 18.8 16 84.60000000000001 20.200000000000003 33.2 0 28.200000000000003 51.400000000000006 42.400000000000006 31.6 0 1.4000000000000001 0.4 0.4 0 0 0 0 0 0 0 0 0 0 0 0.2 0 0 0 0 14.600000000000001 0 0 0 0 0.6000000000000001 0.6000000000000001 0 0 0 0.4 0.4 0.6000000000000001 0.2 0 0.4 0 0 0.6000000000000001 0 0 0 0 0.4 0 0 0 0 0 0.2 0 0.2 0 0 0 0 0 0 1 0.6000000000000001 4.2 1.8 8.6 2.4000000000000004 0 0 7 6.6000000000000005 9.8 0.2 5 0 0 0.2 11.600000000000001 0.2 6.4 0 4 6 0 0 0 0 0 0 2.6 0 0 0 0 0.2 0 0 0 0.2 0 0 0.2 0 0 0 0 0 0 0 0 0 0 0 0 0 0 0 0 0 0 0 0 0 0 2.2 0 0 0 0 0 0 0 0 0 0 0 0 0 0.6000000000000001 0 0 0 0 5 0 3.8000000000000003 1.8 3.2 0 6.4 0 1.6 0 8.200000000000001 3 2.2 0 4.6000000000000005 4.800000000000001 2.6 2.8000000000000003 4.2 9.600000000000001 0 0.4 0 0 0 0 0 0 0 0 0 0 2.6 2.6 0 0 0 0 2.4000000000000004 0 0 0 0 0 0 0 0 0 0 4.2 0 0 0 0 0 0 0 0 0 0 0 0 0 0 0 0 0 0 0 0 0.4 0 4.6000000000000005 0 0 3.2 0 0 0 0 0 0 0 0 0 0.4 17.400000000000002 0 0.2 0.4 1.2000000000000002 1.6 0 0 0 0 0 0 0 0 0 0 0 0 0 0 0 0 0 0 0 0 0 0 0 0 0 0 0 0 0 0 0 0 0 0.4 0 0 0 0 
 5.4 8.200000000000001 71.8 8.8 15.600000000000001 33.4 25.6 26.400000000000002 54.400000000000006 47.800000000000004 64.2 34.6 9.4 6.4 51.2 28.200000000000003 0 41.6 27.8 5.800000000000001 0 1.6 0.6000000000000001 0 0 0.4 0 0 0 0 0 0 15 15 0.2 0.2 0.2 0.2 12.4 7.2 0.6000000000000001 0 0 0 1.6 0.8 0.6000000000000001 0.6000000000000001 0.2 0.6000000000000001 0.4 0.6000000000000001 1.2000000000000002 0.4 0 0.4 0 0.6000000000000001 0.6000000000000001 0.8 0 0 0 0.6000000000000001 0 0 0 0 0 0.6000000000000001 0 0.6000000000000001 0 0 0 0 0 0 4.6000000000000005 0.6000000000000001 0.2 4.2 7.800000000000001 14.600000000000001 0 2.8000000000000003 0 0 3.2 4.800000000000001 5.6000000000000005 2.6 2.4000000000000004 0 3.4000000000000004 6.2 7.2 2.4000000000000004 2 0.8 0.2 0 0 0 0 0 0.4 0 0 0 0 0 0 5.4 3.6 2.2 0 0.2 0 4.6000000000000005 0 3.4000000000000004 0 0 0 2.4000000000000004 0 0 0 0 0 0 0 0 0 0 0 0 0.2 2.8000000000000003 0 0 0 0 0 0 0 0 0 0 0 0 0 0 0 0 0 0 0 0 2.2 1.8 14.4 3 0 5.4 0 8.200000000000001 1.2000000000000002 3 0 6.4 0 2.2 12.200000000000001 0.8 2.2 2 0 0.8 0 0 0 0 0 0 0 0 0 0 0 0 0 0.2 0 0 0 0 4.6000000000000005 1.2000000000000002 0 0 0 0 0.2 0 0 0 0 0 0 0 0 0.2 0 0 0 0 0 0 0 0 0 0 0.4 0 0 0 0 0 0 1 0 0 0 0 0 0 0 0 0 0 0 0 0 0 0.2 0 0 0.2 0.4 1.2000000000000002 0 0 0 0 0 0 0 0 0 0 0 0 0 0 0 0.4 0 0 0 0 0 0.4 0 4.2 1.4000000000000001 0 0 0 0 0 0 0 0 0 0 0 0 0 
 24.8 59.400000000000006 10.200000000000001 27.400000000000002 10.8 91 22.6 24.200000000000003 34.800000000000004 28.8 73 22 4.4 23.200000000000003 32 51.400000000000006 41.6 0 51 24.8 0 1.4000000000000001 0.4 0 0.8 0.2 14.600000000000001 0 0 0 0 0 5.2 20 0 0.6000000000000001 0 0 0.2 8.6 1.8 0 0 0 0 1 0.6000000000000001 0 0 1.2000000000000002 0.4 0.6000000000000001 0 0.2 0 0.8 0 0.8 13.200000000000001 0.8 0 0.2 0 0.4 0 8.4 1.6 0 0 0.2 0 0.8 0 0 0 0 6 0.6000000000000001 0.2 0.6000000000000001 0 0 1.4000000000000001 3.2 0 0 1.8 0 11.4 5.6000000000000005 0 2 0 0 2.4000000000000004 2.2 5 2.2 0 0 0 2 0 0 0.2 0 2.8000000000000003 0.2 0.2 0 0 0 0 3 0 2 0 0.2 0 13 0 0 0 0.2 0 2.4000000000000004 0 0 0 0 0 0 0 0.4 0 0 0 0 0 0 0 0 0 0 0 0 0 0 0 0 0 0 0 0 0 1.6 13 1.2000000000000002 0 0 0 1.4000000000000001 3 0 0 2.2 3.4000000000000004 0 0 5.2 7 2.8000000000000003 0 3.8000000000000003 8.200000000000001 2.6 6.800000000000001 0.6000000000000001 0 0 7.800000000000001 3 2.8000000000000003 0 0 0 0 0 0 0 0 0 12.4 3 0 0.4 4.4 0 7 6.2 0.4 0 0 0 0 3.4000000000000004 0 0 0 0 0 0 0 0 0 0 0.4 0 0 0 0 0 0 0 0 0 7.2 0 0 0 0 0 0 0.4 0 1.4000000000000001 0 0 0 0 0 2.4000000000000004 0 0 0 0.2 36.800000000000004 0 0 0.4 0.2 2 2.6 0 0 0 0 0 0 0 0 0 0 0 0 0 0 0 0 0 0 0 0 0 0 0 5.2 0 0 0 0 0 0 0 0 0 0 0 0 0 
 9 29 7.6000000000000005 16.8 63.800000000000004 11.8 52.400000000000006 14 13 44 9.600000000000001 10.600000000000001 74.2 46.2 30.200000000000003 42.400000000000006 27.8 51 0 67.2 0 0.8 0.8 0 0 0.4 0 0 0 14.600000000000001 0 0 0 0 0 0.2 0 0.2 0 0 3.8000000000000003 0 0 0 0 0.6000000000000001 0.6000000000000001 0 0 0 0.2 0.4 0 0 0 0.4 0 0 0.8 0 0 0 0 0.2 0 0 0 0 0 9.600000000000001 0 0 0 0 0 0 0 0 9.600000000000001 0.6000000000000001 2.6 0.4 3.4000000000000004 3.8000000000000003 0 0 4.6000000000000005 2.8000000000000003 0 0.2 1 3.2 3.2 5.800000000000001 1.8 0.2 4.2 1.4000000000000001 11 6 0 0 0 0.2 0 0 0 0 0 0 0 0 0 0 0 0 0 0 0 0 0 0 0 0 0 0 0 0 0 0.2 0 0 0 0 0 0 0 0 0 0.2 0 0 0 0 0 0 0 0 0 0 0 0 0.4 0 0 0 0 2.8000000000000003 0 0 2.4000000000000004 3 0 0.4 0 0 7.800000000000001 0 0.4 0 0 0 2.6 0 9.4 0.4 1.6 0 11.8 0 0 0 0 0 0 0 0 0 0 0 0 0 0.6000000000000001 0 0 0 0 0 0.8 0 0 0 0 0 0 0 0 0 0 0 0 0 0 0 0 0 0 0 0 0 0.2 0 0.4 0 0 0.4 0 0 0 0.4 0 0 0 0 0 0 0 0 0 0 0 0 0 0 0 0 0 0.2 0.6000000000000001 0.2 0 2.2 0 0 0 0 0 0.4 0 0 0 0 0 0 0 0 0 0 0 0 0 0 0 0 0 0 0 0 0 0 0 0 0 0 0 0 0 0 0 0 
 13.4 56.800000000000004 7.4 32.4 11.4 55 36.800000000000004 57.400000000000006 15.4 23.200000000000003 13.200000000000001 28.8 28.400000000000002 16.400000000000002 21.6 31.6 5.800000000000001 24.8 67.2 0 0 41.2 1.2000000000000002 0 40.400000000000006 0 0 0.2 0 0 0 0 0 40 0.4 0.4 0 0 0 0 0.8 0 0 0.4 0 0.6000000000000001 0.6000000000000001 0 0 0.4 0.2 0.8 0 0 0 1 0 0 0.6000000000000001 0 0 0 0 0 0.6000000000000001 0.6000000000000001 0 0 0 0 0.4 0.6000000000000001 0 0 0 0 0.2 0.4 0 9 10.600000000000001 2.6 7.4 3.2 0 0 0.2 3.4000000000000004 3.4000000000000004 3.6 3.8000000000000003 2.4000000000000004 0 3.4000000000000004 6 1.6 5.2 2 10.600000000000001 0 10.8 0 0 0 0 0 0 0 0 0 0 0 0 0 0 0 0 0 6.4 0 0 0 0 0 0 0 0 0 0 0 2.2 0 0 0 0.2 0 2.4000000000000004 0 0 0 0 0 0 0 0 0 0 0 0 0 0 0 0 0 0 0 0 2.2 0 0 0 5.800000000000001 0.4 6 2.2 0 14 6 3.6 0 2 0 0 4.2 2.6 3.6 5.4 0 5.800000000000001 3.8000000000000003 0 0 0 0 0 0 0 0 0 0 0 0 4.4 0 0 0 0 0 4.6000000000000005 0 0 0 0 0 0 0 0 0 0 0 0 0 2 0 0 0 0 0 0 0 0 0 0 0 0 0 0 0 0 0 0 0 0 0 0.4 0 0 0 0 0 0 0 0 0 0 0 0.4 0 0.2 35.2 0.2 0.4 0 0 0.4 0 0 0 0 0 0 0 0 0 0 0.2 0 0 0 0 0 0 0 0 0 0.2 0 0 0 0 0 0 0 0 0 0 0 0 0 0 
 0.2 0.8 0.2 0 26 32.2 0 0 0 0.8 15 16.6 0 0 0 0 0 0 0 0 0 66.8 46 6 5.800000000000001 4.800000000000001 26 40.6 44.2 8.8 38.6 21.400000000000002 42.6 22.6 36.4 5.6000000000000005 4.2 9.200000000000001 7.6000000000000005 11.4 0 0 0.4 0 12.4 0 0 0.6000000000000001 10.600000000000001 1 0.4 0 0 0 0.2 0 0 0 0 0 0 0 0 0 0.6000000000000001 0.6000000000000001 0 0 0 0.4 0 0 0.4 1.2000000000000002 0 0 0.2 0 0 0 0 0 0 0 5.2 3.6 0 0.2 0 0 0.6000000000000001 0 0 0 0 0 0 0 0 0 11 1.6 3.8000000000000003 3.4000000000000004 0 3.2 0 2.6 2.4000000000000004 9.600000000000001 3.4000000000000004 1.8 9.200000000000001 0.6000000000000001 7.800000000000001 0.6000000000000001 7.800000000000001 2.8000000000000003 4.4 0 0 0 0 0 0 0 0 0 0 0 1.4000000000000001 0 0 0 0 0 0 0 2.2 2.4000000000000004 0 0 0 0 0 0 0 0 0 0 0 0 0 0 0 0 0 0 0 0 0 0 0 0.4 2.8000000000000003 2 0 0.2 0 0 0.4 0 0 0 0 0 0 2.2 0 0 2.4000000000000004 2 0 0 0 0 2.8000000000000003 2.2 2.4000000000000004 2.2 2.4000000000000004 0 0 2.8000000000000003 0.2 5.4 3 5.800000000000001 1.4000000000000001 0 0 0 0 0 0 2 0 0 0.2 0 0 0 0 0 0 0 0 0 0 2.4000000000000004 0 0 0 0 9.8 0 0 0 0 0 3.6 0 0 0 0 0 0 0 0 0 0 0 0 0 0 0 0 0 0 0 0 0 0 0 1.4000000000000001 0 0.4 15 0 0 0 0 0 0 0 0 0 0 0 0 0 0 0 0 0 0 0 1.8 0 0 0.4 0 0.2 0 0 0 0 0 0 0 
 1 1 1.2000000000000002 1 15.4 32.2 1 1 1 1.4000000000000001 1 1 2.2 0.8 1 1.4000000000000001 1.6 1.4000000000000001 0.8 41.2 66.8 0 47.800000000000004 17.6 40.800000000000004 6.800000000000001 48.6 33.4 8 41.800000000000004 31.200000000000003 20.200000000000003 20.400000000000002 9.600000000000001 39.2 28.400000000000002 14.600000000000001 33.2 9.600000000000001 27.6 0.4 0.4 0.2 0.2 0.2 0.2 0.4 1 0.4 1 0 0.4 0 0 0 0.4 0 0.6000000000000001 0.4 0 0 0.4 0.4 0.4 1 1 0.4 0.4 0.4 0.8 0.4 0.4 0.4 0.4 0.4 0.4 0.4 0.4 0 0 0 0 0 0 1.4000000000000001 0 0 0 0 0 0 0 0 0 0 0 0 0 0 0 0 6.2 0 0.2 3.2 9.200000000000001 0 4.4 2.6 0.2 9 1.6 7 2.2 5.800000000000001 9.600000000000001 5.4 5 4.2 0 0 0 0 0 0 0.2 0.6000000000000001 0 0 0 3 0 1.4000000000000001 0 0 0 0 0 3.8000000000000003 2.4000000000000004 0 0 0 0 0.2 0.4 0 0 0 0 0 0 0 0.2 0 0 0.2 0 0 0 2 0 0 0 0.2 0.2 0 0 0 0 0 0 0 0 0 0 0 0.4 0 0 0 2.2 3.8000000000000003 3.8000000000000003 0 0.2 0.4 6 8.200000000000001 2 2 3.6 0 0 0 1.4000000000000001 2.2 3.8000000000000003 0 2 0.4 0 0 0.4 0 2.2 0 0 0 0 0 0 0 0 0 0 0 0 2.6 3.8000000000000003 0 0 0 0 0 0 0 0 0 0 3.4000000000000004 0.2 0 0 0 0 0 0 0 0 0 0 0 0 0 0 0 0 0.2 0 0 0 0 0 2 0.4 0 0.6000000000000001 0 0.4 2.2 0 0 0 0.4 0 0 0 0 0 0 0 0 0 0 0 0 0 0 0 0 0 0 0 0 0 0.2 0 0 0 
 1 0.6000000000000001 0.4 0.4 17.400000000000002 15.200000000000001 0.4 0.6000000000000001 0.6000000000000001 0.6000000000000001 0.6000000000000001 0.2 1.4000000000000001 0.4 0.2 0.4 0.6000000000000001 0.4 0.8 1.2000000000000002 46 47.800000000000004 0 19.8 7 67.2 25.6 33 15.8 41 20.200000000000003 38.6 48.6 9.200000000000001 51.2 88.80000000000001 14 40.400000000000006 29.8 25.400000000000002 0 0 0 0 0.2 0.4 0 0 0.6000000000000001 0.2 0.4 0.2 0.8 0.8 0.2 0 0 0.2 0 12.8 0 0 0.2 0 0 0.2 0.2 0 0 0.2 0.4 0 0 0 0 0.4 0.2 0 0 1 0 0.2 0 0 2.4000000000000004 0 0 0 0 0 0 0 0 0 0 0 0 0 0 0 0.6000000000000001 3 5.800000000000001 6.4 0 4 0 5.6000000000000005 6.6000000000000005 4 14.4 0 3.4000000000000004 3.8000000000000003 4.2 4.800000000000001 3.4000000000000004 2.4000000000000004 2.8000000000000003 0 0.2 0 0 0 0 0 4.2 0 0 0 0 0 5.800000000000001 0 0 0 0 0 0.2 3.4000000000000004 0 0 0 0 0 0 0 0 0 0 0 0 0 0 0 0 0 0 0 0 1 0 0 0 0 3.6 0 0.2 0 0 0 0.2 0 0 1.8 0 0 0 0 0 6.2 2.2 3 5.800000000000001 2.2 1.8 1 9.600000000000001 3.4000000000000004 13 1.6 7.6000000000000005 1.4000000000000001 1.2000000000000002 5 3.2 3.2 0 0 2.6 2.6 0 0 0 0 0.2 0 0 0 0 0 0 2.8000000000000003 0 0 0.4 0 0.4 3.6 3.4000000000000004 0 3 0 0 0 0 0 0 0 0 0 0 0 0.4 0 0 0 0 0 0 0 0 0 0 0 0 0 0 0 0 0 0 0 0 3 0.4 0 15.8 0.8 0 2.6 0.2 0 0 0 0 2.8000000000000003 0 0 0 0 0 0 0 0 0 0 0 0 2.2 0 1.2000000000000002 0 0 0.2 0 0 0 0 0 
 0 0.6000000000000001 0 0 0 0 0.2 0 0 1 0 0 0 0 0 0.4 0 0 0 0 6 17.6 19.8 0 91.80000000000001 67.2 11 11.600000000000001 27.6 46.800000000000004 34.2 28 16.400000000000002 13.8 17 53 69.8 113.60000000000001 10.8 12 0 0 0 0 0 0.6000000000000001 13 0.6000000000000001 0.6000000000000001 1 0 0.6000000000000001 19.8 14.4 0 0.4 0.4 0.4 3.8000000000000003 0 0 0 0 0.6000000000000001 0.6000000000000001 0.6000000000000001 10.600000000000001 0 0 1.4000000000000001 0.4 0 1.4000000000000001 0 0.6000000000000001 0 7 0 0 0 0 0 0 0 0 0.4 0 0 0.2 0 0 0 0 0 0 0 0 0 0 0 0 0 0.2 1.2000000000000002 7.4 8 0 0 1.8 0 4.4 5.2 0 0 2.2 2.6 3.4000000000000004 3.4000000000000004 0 0 6 0 0 0.2 0 0 7.4 0.2 0 4 0 0 2.4000000000000004 8.8 0 0 0 0 5.800000000000001 0.8 1.6 0 0 0 0 0 0 0 0 0 0 0 0 0 0 0 0 0 0 0 0.6000000000000001 0 1 0 0 0 0 0 0 0.2 0 0 0 0 0 0 0.8 0 0 0 3.6 5.6000000000000005 6.2 5.2 4.800000000000001 9.200000000000001 0 6.4 4.2 4.4 4.4 1.8 0 0 2.8000000000000003 0 4.4 0.4 0 0 3 0 0 0 0 0 3.6 10.4 0.8 0 0 0 5.2 10.200000000000001 0.6000000000000001 0 0 0 4.6000000000000005 0.8 1.4000000000000001 0 0 0 0 0 0 0 0.4 0 0 0 0 0 0 0 0 0 0 0 0 0 0 0 0 0 0 0 0 0 0 0 0 0.4 2.6 0 0.4 1.2000000000000002 15.600000000000001 2.4000000000000004 0.6000000000000001 0.4 0 0 0 0 0 0 0 0 0 0 0 0 0 0 0 0 0 0 0 1.6 0 0 0 0.4 2.4000000000000004 0 0 0 
 0 0 0 0 0.4 0.6000000000000001 0 0 0 0.2 0 0.2 0.2 0 0 0 0 0.8 0 40.400000000000006 5.800000000000001 40.800000000000004 7 91.80000000000001 0 63.6 16.400000000000002 12 15.8 28.200000000000003 37.6 28 19.8 27 21 53.6 26.400000000000002 38 13.600000000000001 31.6 0 0 0 0 0 0 12.4 0.6000000000000001 0.2 0.6000000000000001 0.6000000000000001 0 0.4 0 0 0 0 0.2 0 0 0 0 0 0 0.6000000000000001 0.6000000000000001 0 0 9.4 0.4 0 0 0.8 0 0.2 0 0.2 0 0 0 0 0 0 0 0 0 0 0 0 0 0 0 0 0 0 0 0 0 0 0 0 6.800000000000001 0 4.6000000000000005 2.8000000000000003 3.2 7.4 0 0 0 6.800000000000001 4.800000000000001 0.2 0 3.2 11.4 0.2 6.2 0 0 0.2 0 0.4 0 0 0 2 0 0 0 0 0 0 2.6 2.2 0 0 0 2.8000000000000003 2.4000000000000004 0.8 0 0 0 0 0 0.2 0 0 0 0 0 0 0.2 0 0 0 0 0 0 1.4000000000000001 0 0 0 0 0 0 1.2000000000000002 0 0 0 0 0 0 0 0 0 0 0 0 6 6.6000000000000005 1.2000000000000002 6.4 0.2 0.2 0 5 6.4 0 1.8 3.8000000000000003 0 0 0 1.2000000000000002 5.2 3 0 0 0.2 0 0 0.2 0 0 0 0.4 3.2 0 0 0 0.2 2.2 0 0 0 0 6.6000000000000005 4 0 0 0 0 0 0 0 0 0 0.4 0.4 0 0 0 0 0 0 0 0 0 0 0 3.8000000000000003 0 0 0 0 0 0 0 0 0 0 0 1.2000000000000002 0 0.6000000000000001 0.4 1.6 0.4 0.4 0 0 0 0 0 0 0 0 0 0 0 0 0 0 0 0 0 0 0 0 0 0 0 0 0.2 3.6 0 0 0 
 0.2 0 0 0 0.4 0 0 0 0 0 0 0 0.6000000000000001 0 0 0 0.4 0.2 0.4 0 4.800000000000001 6.800000000000001 67.2 67.2 63.6 0 6 62.800000000000004 20.6 9.600000000000001 34.800000000000004 11.600000000000001 5 7.4 15.4 28 22.6 89.80000000000001 4.6000000000000005 10.4 0 12.600000000000001 0 0 0 0 1.6 14 0 0.6000000000000001 0 0.8 0.2 13 12.8 0 12.600000000000001 13.200000000000001 5.2 0 0 0 0 0 0.6000000000000001 0.6000000000000001 0.8 0 0 0.6000000000000001 0 0 1.8 0 0 0 0 0.2 0 0 0 0 0 0 0 2.2 0 0 0 0 0 0 0 0 0 0 0 0 0 0 0 0.2 0.2 3.2 1.8 1.2000000000000002 0 0 2.2 0 4 2.6 0.2 7.2 1.8 2.6 3 5.2 0 0 10.200000000000001 0.2 1.6 0 0 0.2 3 2 4 0 0.4 0 5.6000000000000005 1.2000000000000002 3 0.6000000000000001 4.6000000000000005 0 9.200000000000001 0 0 0 0 0 4 0.8 0 0.4 0 0 0 0 0 0 0 0 0 0 0 0 0 1 0 1.2000000000000002 0.8 0 0 0 0 0.8 0 0 0 0.2 0 0 0.4 0 0 0 2.6 1.8 4.2 2.8000000000000003 0 8.6 0 2.6 1.8 0.2 2.8000000000000003 2.4000000000000004 0 0 0 0 5 0.2 0 0 5.800000000000001 0 3.6 5 0 0 0.2 10 0 0 0 2.2 3 2.2 1.8 3 4 8.8 6.4 3.2 0 0 0 0 0 0 0 0 0 0 0 0 0.2 0 0 0 0 0 0.4 0 0 0 0 0 0 0 0 0 0 0 0 0 0 0 2.4000000000000004 0.4 0 15.4 0.2 0 0.8 0.2 0 0 0 0 0 0 0 0 0 0 0 0 0 0 0 0 0 0 0 0 0 0 0 0 2 0 0 0 
 0 0.2 0 0 20.400000000000002 0.6000000000000001 0 0 14.600000000000001 14.8 14.8 3.2 0 0 0 0 0 14.600000000000001 0 0 26 48.6 25.6 11 16.400000000000002 6 0 14 13.4 14.600000000000001 5 7 61.400000000000006 26.400000000000002 34.800000000000004 28 9.8 24 23.8 44.2 0 0 0 0 0 0 0 0.6000000000000001 0.2 0.6000000000000001 0.2 0.4 0.2 0 0 0 0 0 0 0 0 0 0 0 0.6000000000000001 1.4000000000000001 0 0 0 1 0 0 0.6000000000000001 0 0 0 0.6000000000000001 0 0 0 0 0.2 0 0 6.800000000000001 2.8000000000000003 0 0 0.8 0.8 0 0 0 0 0 0 0 1.8 0 0 3.4000000000000004 3 1.4000000000000001 0 0 0 8.6 9 6 0 2 0.6000000000000001 2.2 0 4.2 0.2 2 0 1.8 3.6 0 0 0 0 0 0 0 0 0 0 0 0 0 0 0 0 0 0 0 0 0 0 0 0 0 0 0 0 0 0 0 0 0 0 0 0 0 0 0 0 1.2000000000000002 0 2.8000000000000003 0 3.6 5.6000000000000005 0 1 0 3.6 0.8 0 0 0 0 2.4000000000000004 0 3 0 0 4.2 6.6000000000000005 6 9 0 0 0 3.2 0 0.2 1.6 1.2000000000000002 6.4 0 2.6 5 0 5.800000000000001 3 4.6000000000000005 0 0 0 0 0 1.2000000000000002 0 0 0 0 0 0 0 0 0 0 0 0 3 0 0 0 0 0 0 0 0 0.2 0 0 0 0 0 0 0 0 0.4 0 0 0 0 0.8 0 0 0 0 0.6000000000000001 0 0 0 0 0 0 0 1.8 0 0 0 0 0 0 0 0 0 0 0 0 0 0 0 0 0.4 0 0 0 1.8 0 1.8 0 2.4000000000000004 0 0 0 0 0 0 0 0 0 0 
 0.2 0.2 13.8 0 9.600000000000001 22.400000000000002 0 0 0 1.2000000000000002 0 0 0.6000000000000001 0 0 0 0 0 0 0.2 40.6 33.4 33 11.600000000000001 12 62.800000000000004 14 0 49.6 9.8 8.4 6.2 17 28.400000000000002 23.200000000000003 36.4 8 70.4 43.400000000000006 9.8 0.4 0 0 0 0 0.4 0.4 0.4 9.600000000000001 1.8 0.2 0 0 0 1 0 0 0.6000000000000001 0 0 0 0 0 0 0 0.2 0 0 0 0 0 0.4 0 0 0 0 0 0 0 0 0 0 0 0 0 4.2 0 0 0 0 0 0 0 0 0 0 0 0 0 0 5.6000000000000005 12.600000000000001 3.8000000000000003 4.800000000000001 2 4 3.8000000000000003 2.4000000000000004 4.2 4.2 6.2 4 0.2 1.8 2 0 2.8000000000000003 6 2 0 0 0.2 0 0 0 0 0 0 0 0 0 0 0 2.4000000000000004 0 0 0 0 1.4000000000000001 1.2000000000000002 0 0 0 0 0 0.4 0 0 0 0 0 0 0 0 0 0 0 0 0 0 0 0 0 0.4 0 0 0 0.2 0 0.2 0 0 0 0 0 0 0 0 0 0 8.6 3 5 2.8000000000000003 0 1.4000000000000001 9.200000000000001 2.8000000000000003 10 2 1.6 8.4 1.6 3.4000000000000004 2.8000000000000003 3 0 2.4000000000000004 0.6000000000000001 0.2 1 0 0 0 0 0 0 0 0.2 0 0 0 1.2000000000000002 0 0 0 0 0 0 0 0 0 0 0 0 0 0 0 0 0 4 0 0 0 2.2 0 0 0 0 0 0 0 0 0 0 0 0 0 0 0 0 0 0 0 1.8 0 0.4 10 0 0 0 0 0 0 0 0 0 0 0 0 0 0 0 0 0 0 0 0 0 2.8000000000000003 0 0 0 0 0 0 0 0 0 0 
 0 0.4 0 0 19.8 24.400000000000002 0 0.4 0 0 0 0.2 0.8 0 0 0 0 0 0 0 44.2 8 15.8 27.6 15.8 20.6 13.4 49.6 0 28.400000000000002 10 6.6000000000000005 31 20.6 46 87.2 33.4 8.8 48.6 15.4 0 0 0 0 0.8 0 0.6000000000000001 1.4000000000000001 12.8 1.4000000000000001 0.2 0 0 0.4 0.2 0 0 10.8 0.4 0 0 0 1.6 0 0.6000000000000001 0.6000000000000001 0.4 0 4.6000000000000005 1 0 0 0.6000000000000001 0 0 6.800000000000001 0.4 0 0 0 0 0 0 0 1.4000000000000001 0 0 0.4 0 0 0 0 0 0 0 0 0 0 0 0 0.2 3.4000000000000004 3.2 2.8000000000000003 0 0 0.2 8.8 4.6000000000000005 4.800000000000001 0 3.2 1.6 2.4000000000000004 8.200000000000001 0 1.8 5.800000000000001 5.800000000000001 0 0 0 0 0 0 0 0 0 0 0 0 0 2.2 0.2 0 0 0 0 0 0 0 0 0 0 0 0.4 1.6 0 0 0 0 0 0 0 0 0 0 0 0 0 0 0 0 0.2 0 0 0 0 0 0 0 0 0 0 0 0 0 0 0 0 6 2.4000000000000004 4 4.2 0 2.2 2.8000000000000003 0 0.4 1.8 4 0 5.6000000000000005 4.6000000000000005 5.2 0.6000000000000001 7.2 2 1.8 0 2 2 0 0 0 0 0 3.2 0 0 0 0 0 0 2 0 0 0 1.4000000000000001 0 0 0 0 0 0 0 0 0 0 0 1.2000000000000002 0 0 0 0 0 0 0 0 0 0 0 0 0 0 0 0 0 0.2 0 0 0 0 0 2 0 0 0.2 0 0.4 0 8 0 0.2 0 0 0 0 0 0 0 0.4 0 0 0 0 0 0 0 2 0 4.6000000000000005 0 0 0 0 2.8000000000000003 0 0 0 
 0.4 0 0 0 0 4 0 0 0 0.6000000000000001 0 0 0 0 0 0 0 0 14.600000000000001 0 8.8 41.800000000000004 41 46.800000000000004 28.200000000000003 9.600000000000001 14.600000000000001 9.8 28.400000000000002 0 31.6 27.200000000000003 24.200000000000003 60.400000000000006 52.2 64 103.2 27 16.2 34.800000000000004 0 0 0 0 0 0 0 0.6000000000000001 0.2 0.6000000000000001 0 0 5.800000000000001 7 0.2 0 0 0.2 25 0 0 0 0 0 0.6000000000000001 0.6000000000000001 0 0 1.8 0.8 0 2.2 0.4 0 0 0 0.4 0 0 0 0 0 0 0 0 0 2.8000000000000003 0.4 0 0 0 0 0 0 0 0 0 0 0 0 0 4.2 1 0 2.6 2.8000000000000003 3.2 3.2 0.2 0 6.4 5.6000000000000005 2.4000000000000004 0 2.2 3.6 4.4 0 1.6 0 0 0 0 0 0 0 2.8000000000000003 0 0 0 0 0 2 2.4000000000000004 0 0 0 0 0 3.8000000000000003 0 0 0 0 0 0 0.8 0 0 0 0 0 0 0 0 0 0 0 0 0 4.2 0 0 0 0 0 0 2 0 0 0.2 0 0 0 0 0 0 0.4 0 0 0 1.8 2 8 2.8000000000000003 2.2 6.4 0.6000000000000001 0.2 1.2000000000000002 0 0.2 0 0.2 2.8000000000000003 2.4000000000000004 0 3 0 5.2 2.4000000000000004 0 0 0 0 0 2 2.4000000000000004 0 0 0 0 4.800000000000001 4.6000000000000005 5.6000000000000005 0 0.2 0 14.4 1.8 0 0 0 0 0 0 0 0 0 0 0 0 0 0 0 0 0 0 0 0 0 0 3.8000000000000003 0 0 0 0 0 0 0 0 0 0 0 1 0 0 18.2 1 1 0.6000000000000001 0 0 0 0 0 0 0 0 0 0 0.4 0 0 0 0 0 0 0 0 0 4.800000000000001 0 0 0 1.8 0 0 0 0 
 0 0 0 0 0 0.4 14.8 0 0 0.8 0.6000000000000001 0.4 0.6000000000000001 0 0 0 0 0 0 0 38.6 31.200000000000003 20.200000000000003 34.2 37.6 34.800000000000004 5 8.4 10 31.6 0 61.6 7.800000000000001 46.400000000000006 55.400000000000006 45 33 53.400000000000006 10.8 10.600000000000001 0 0 0 0 0 0 12.600000000000001 0.6000000000000001 0.6000000000000001 0.6000000000000001 0 0 16.6 0 0 0 0 0.2 15.8 12.4 0 0 0 0 9.600000000000001 0.6000000000000001 0 0 0 0.4 0 0 0.4 0 10 0 0.2 0 0 0 0 0 0 0 0 0 0 0 0 0 0 0 0 0 0 0 0 0 0 0 0.4 5 2 4.800000000000001 6 14.200000000000001 0 0 3.2 0 4.800000000000001 2.8000000000000003 0 0 1.6 3.8000000000000003 3.4000000000000004 2.4000000000000004 0 0 2.8000000000000003 2.2 0 0 0 0 7 0 0 0 0 0 2 0 2.4000000000000004 0 0 0 3 6.2 0.8 0 0 0 0 0 0 0.2 0 0 0.8 0 0.4 0 0 0 0 0 0 0 0.4 0 0 0 0.4 0 0 0 0 0 0 0 0 0 0 0 0 0.2 0 0 0 2.6 2.4000000000000004 2.2 4.4 4.800000000000001 0 5 8.4 6.800000000000001 0 6 0 0.4 2.8000000000000003 0 0.4 3.2 0 0 1.4000000000000001 0 0 0 0 0 0 0.4 2 0 0 0.4 5.800000000000001 2.8000000000000003 0 0 0 0 5.4 12.200000000000001 0 0 0 0 0 0 0 0.4 0 0 0 0 0 0 0 0 0.2 0 0 0 0 0 0 0 0 0 0 0 0 0 0 0 0 0 3.8000000000000003 0 0.2 0.2 0.2 0 2.2 0 0 0 0 0 0 0 0 0 0 0.2 0 0 9.8 0 0 0 0 0 0 2 0 0 0 2 0 0 0 0 
 0 41.400000000000006 0 0 0 0.4 0 0 0 0.6000000000000001 0 0 0.6000000000000001 0 0 0 0 0 0 0 21.400000000000002 20.200000000000003 38.6 28 28 11.600000000000001 7 6.2 6.6000000000000005 27.200000000000003 61.6 0 8.6 3 8.4 8.200000000000001 112.4 92.60000000000001 5.800000000000001 36.2 0 4.4 0 0 0 0 0 0.6000000000000001 0 0.6000000000000001 0 0 25.8 12.4 0 0 0 0.4 12.600000000000001 4.6000000000000005 0 0 0 0.8 0.6000000000000001 0.6000000000000001 10 0 0 0.4 0 0 0.4 0 0 0 0.2 0 0 0 0 0 0 0 0 0 0 0 0 0 0 0 0.2 0 0 0 0 0 0 0 0 3.6 0 3.6 3.8000000000000003 6.800000000000001 0 0 0 0 4 5.800000000000001 0 0 1.6 10.4 3.8000000000000003 1.8 0 0.2 2.8000000000000003 2 0 0 0 0 7 0 2.8000000000000003 0 0 0 2 0.2 0.2 0 1.6 2.2 12 10 0 0 0 0 0 0 0 0.8 0 0 1 0 0 0 0 0 0 0 0 0 0.2 0 1.6 0 0 0 0 0 0 0 0 0 0 0 0 0 0 0 0 0 0 0 4.4 2.2 3 2.8000000000000003 0.2 4 5.6000000000000005 3.2 0.4 2.6 0 0.2 0 0 0.2 4.2 0 0 1 0 0 0 2.2 0 5 3.6 2.4000000000000004 0.6000000000000001 0 0 2.4000000000000004 4.2 0 0 0.2 0 6.2 8.8 0 0 0 0 0 0 0 0 0 0 0 0 0 0 0 0 0 2.4000000000000004 0 0 0 0 3.8000000000000003 0 0 0 0 0 0 0 0 0 0 0 0 0 0 0.2 19.400000000000002 0.8 3.2 0 0 0 0 0 0 0 0 0 0 0 0 0 0 0 0 0 0 0 0 2 0 0 0.2 0.8 0 0 0 0 
