 0 15 34.4 50.6 64.60000000000001 8 15.200000000000001 34.6 43.2 25.200000000000003 69.60000000000001 6.2 26.8 10 56.2 11.600000000000001 22.200000000000003 9.8 54.2 10.600000000000001 0 0 0.2 1 0.8 0 0.6000000000000001 0 0.8 0.6000000000000001 0 1.2000000000000002 15.200000000000001 0.4 0.8 1 0.6000000000000001 0.2 7.2 1 0.4 0.4 1 0 0.4 0 0 0.6000000000000001 0 0 0.2 0 0 0 0 0.8 0 0.8 0.6000000000000001 0.6000000000000001 0.6000000000000001 0 0 0 0.4 0.4 0 0 0 0.2 0 0.4 0.2 0.4 0 0.4 0 0 0 0.4 7.800000000000001 3.2 0 0.4 0 0.2 0.2 2 0 2 0 0.8 2.2 12.4 0 5 8.4 0 5 3.8000000000000003 2.2 0 0 0 0 0 3 0 0 0 0 0 0 0 0 0 0.2 0 10 0 0 0 0 0 0 0 0 0 0 0 0 0 0 0 0 0 0 0 0 0 2.6 0 0 0 0 0 0 0 0 0 0 0 0 0 0.2 0 0 0 0 0.4 0 0 7.4 0.6000000000000001 0 0 4.2 8.4 0 0 2.8000000000000003 0.2 4 5 4.6000000000000005 0 0.2 0.2 0.6000000000000001 3 0 0 0 0 0 0 4 0 0 0 0 0 0 3.4000000000000004 0 0 0 0 2.6 6 0 0 0 0 0 0 0 0 0 0 0 0 0 0 0 0 0 0 0 2.4000000000000004 0 0 0 0 0 0 0 0 0 0 0 0 0 0 0 0 0 0 0.4 0 0 0 0 0 0 0 0 0 0.6000000000000001 0 0.4 1.8 0 0 0 0 0 0 0 0 0 0 0 0 0 0 0 0 0 0 0 0 0 0 0 0 0 0 0 0 0 0 0 0 0 0 0 0 0 0 
 15 0 80.4 19.200000000000003 22.400000000000002 7.4 40.400000000000006 43.6 10.200000000000001 10.600000000000001 7.6000000000000005 7.4 50.2 35 46.800000000000004 47.400000000000006 22.6 91.60000000000001 7.800000000000001 21.6 0 0 0 0.8 0 0 0 0 0.6000000000000001 0 0.2 0.8 0 0.4 0.6000000000000001 0 0 0 14.8 0 12.600000000000001 0 0.6000000000000001 0 0.4 0 0 0 0 0 0 0 0 0 0 0.4 0 0.8 0 0 0 0 0 0 0 0 0 0.2 0 0 0 0.4 0 0 0 9 0 0 1.6 0.4 0 5.4 0.6000000000000001 0 3.4000000000000004 3.4000000000000004 2.8000000000000003 2.6 4 17 10.4 0.8 2.2 4 9.600000000000001 0 3.6 2.2 0 2.2 0 0 0 0 0 0 0 0.4 0.2 0 0 0 0.2 0 0 0 0 0 0.6000000000000001 0 0 0 0 0 0 0 0 0 0 0 0 0 0 0 0 0 0 0 0 3.2 0 0 0 0 0 0 0 0.8 0 0 0 0 0 0 0 0 0 0 0 0 6.2 3.6 0 4.800000000000001 0 3 0 0 4 2.8000000000000003 0 0 2 3 0 10.600000000000001 1.8 2.4000000000000004 2.2 0 2.4000000000000004 0 0 0 0 3.8000000000000003 5 0 0 0 0 0 0 2 0 0 0 0 0 4 0 0 0 0 0 0 0 0 0 0 0 0 0 0 0 0 0 0 0 0 0 0 0 0 0 0 0 0 0 0 0 0 0 0 0 0 0 0 0 0 0 0 0 0 0 0 0.6000000000000001 0 0 0 4.2 1.2000000000000002 2.6 0 0 0 0 0 0 0 0 0 0 0 0 0 0 0 0 0 0 0 0 0 0 5.2 0 0 0 0 0 0 0 0 0 0 0 0 0 0 
 34.4 80.4 0 27.6 72 65.4 14.200000000000001 23.8 46.400000000000006 69 50.400000000000006 9.600000000000001 14.8 51.400000000000006 12.4 58 10.8 127.2 6.4 24.400000000000002 0 0 0 0.6000000000000001 0 0 0.8 0.6000000000000001 0.8 0 0 0.6000000000000001 5 0.2 0.6000000000000001 0 0 0 15.4 14.600000000000001 0 0 0.6000000000000001 0 0.4 0 5.800000000000001 0 0 0.6000000000000001 0 0 0 0.4 0 0 0 0.8 0 0 0.4 0 0 0.4 0 0.2 0.8 0.2 0 0.6000000000000001 0 0.4 0 0 0 0 0 0 0 0.4 0.2 0.2 3.6 6 0.2 3 0 0 2.4000000000000004 5.4 3.2 4.4 0 3.8000000000000003 0.6000000000000001 8.6 2.4000000000000004 0.2 0 0 0.6000000000000001 0 0 0 3 0 0 1 0 0.2 0 0 2.8000000000000003 2.6 0 0 0 0 7.800000000000001 0.2 0 0 2.2 2.2 0 0 0 0 0.4 0 0 0.2 0 0 0 0 0 0 0 0 0.4 0 0 0 0 0.2 0 2 0 0 0 0 0 0.2 0.2 0 0 0 0 0 0.4 4.6000000000000005 2.6 4.800000000000001 2.4000000000000004 7 0 3.6 2.4000000000000004 2 3.8000000000000003 3.4000000000000004 0 0 0 0 5.4 2.6 0 0 2.6 0 0.2 0 0 0 0 0 0 0.4 0 0 0 4 1.6 0 0 0 4.2 2.8000000000000003 0 0 0 0 0 0 0 0 0 0 0 0 0 0 0.2 0 0 0 0 0 0 0 0 0 0 0 0 3.8000000000000003 0 0 0 0 0 0 2.8000000000000003 0 0 0 0 0 0 0 0 0 0 0.6000000000000001 17.6 0 0.2 26.6 0 1.2000000000000002 0.4 0 0 0 0 0 0.2 0 0 0 0 0 0 0 0 0 0 0 0 0 0 0 0 2.6 1.8 0 0 0 0 0 0 0 0 0 0 2.2 0 0 
 50.6 19.200000000000003 27.6 0 20.200000000000003 28.6 86.60000000000001 34.800000000000004 80 35.4 80 12.4 27.8 55.400000000000006 30 110 44.400000000000006 98 11.4 30.200000000000003 0.4 14.8 0 0.6000000000000001 1.2000000000000002 0 0.2 0 0.8 0 0 0.6000000000000001 0 0.2 0.6000000000000001 0 0 0 12.8 30 0 0 0.6000000000000001 0 1.2000000000000002 0 0.6000000000000001 0 0 0 0.8 0 0 0 0 0 0.4 1 0 0 0.2 0 0 0 0 0 0.4 0.4 0 1.2000000000000002 0 0.4 0 0 0 0 0 0 2.2 0.4 0 0 12.200000000000001 10.600000000000001 7 6.6000000000000005 0 0 14 0 6.2 8.8 0 0 5.6000000000000005 0 2 0 0 0 0 3.8000000000000003 0 0.4 0 0.4 0 12.600000000000001 3.4000000000000004 0 0 0 4 2.4000000000000004 2 0.4 0 0 0 0 0 0 0 0 0.2 0 0 0 0 0 0 0 0 0 0 0 0 0 0 0 0 0 0 0 0 0 0 0 0 0.4 0 0 1 1.4000000000000001 0 0 0 0 0 0 2.4000000000000004 3.4000000000000004 5.2 2.4000000000000004 5.2 10 0 1.8 3.8000000000000003 0 9.200000000000001 8 0 2.4000000000000004 0 5 0 5.2 0 0 3.6 2 0 0 0 4.2 7 4 0 0 0 0 0.2 5.2 0.4 1 0.4 0 9.600000000000001 5.6000000000000005 0 0 0 0 0 0 0 0 0 0 0 0 0 0 0 0 0 0 0 0 0 0 0 0 0 0 0 0 0 0 0 0 0 0 0 0 0 0 0 0 0 1.8 0 0 0 0 2 0.2 0.6000000000000001 0.2 4.2 1.8 0 0 0 0 0 0 0 0 0 0 0 0 0 0 0 0 0 0 0 0 0 0 0 3 0 0 0 0 0 0.2 0 0 0 0 0 0 0 0 
 64.60000000000001 22.400000000000002 72 20.200000000000003 0 59 8.8 17 55.800000000000004 35 32.4 30.8 12 57 17.2 17.8 43.2 11.4 10 17.400000000000002 0 27.400000000000002 15 0.4 0 0 17.6 23.400000000000002 16 0 0 0.6000000000000001 15.200000000000001 0.2 17.6 15.200000000000001 14.8 0 29.200000000000003 0.2 0 0 0.6000000000000001 0 0.4 0 0 0 0 0 12.600000000000001 0 0 0 0 0 0 13.200000000000001 0 0.6000000000000001 0.4 0 0 0 0 0 0 1.6 0 0 0 0.4 0 2.2 0 0 0 0 0 0.4 0 2.2 0 0.2 0 0 0 0 0 0.2 3.6 5.2 0 1.8 0 0 2 2.6 0 0 11.8 6.800000000000001 0 0 0 0.2 7.4 0 4.2 2 2 0 0 8 3.2 0 1.2000000000000002 1.6 2.6 4.2 0 0 0 0 0 0 0 0 0 0 0 0 0 0 0 0 0 0 0 0 0 0 0 0 0 0 0 0 0 0 0 0 0 4.800000000000001 0 0 0 0 0 0.4 0 0 4.6000000000000005 2.4000000000000004 2.2 2 0 0 3.2 0 2.8000000000000003 0.6000000000000001 0 0 0 0 0.8 3 0 0 6.800000000000001 3.8000000000000003 2.8000000000000003 0 0 0 4.6000000000000005 1.6 2.4000000000000004 0 0.4 0 5 5 5.2 0 0.6000000000000001 0 5.800000000000001 10.600000000000001 0 0 0 0 0 0 0 0 0 0 0 0 0 0 0 0 0 0 0 0 0 0 0 0 0 0 0 1.2000000000000002 0 0 0 0 0 0.2 0 0 0 0 0.4 0 0 0 0 0 0 0.2 17.400000000000002 0 1.6 17.8 0 1 0 0 0 0 0 0 0 0 0 0 0 0 0 0 0 0 0 0 0 0 0 0 0 2.6 0 0 0 0 0 0 0 0 0 0 0 0 0 0 
 8 7.4 65.4 28.6 59 0 50.2 5.6000000000000005 25 13.8 58.6 8.4 7 7.4 9.200000000000001 30 26.400000000000002 29.6 9.200000000000001 11.4 0 27.6 0 15.4 0 0 19.6 14 0.4 0 0 0.6000000000000001 15.8 14.8 15.8 0 3.6 4.2 33.800000000000004 31.400000000000002 0 0 0.6000000000000001 0 1 0 0 0 0 0 0.2 0 0 1.4000000000000001 0 0.4 0 0.8 0 1 0.2 0 0 0 0 0 0 0.2 0 1.2000000000000002 0 0.4 0.6000000000000001 0 0 0 0 0 0.2 0.4 0 0 0 2.4000000000000004 0 0 0 0 0 0 2.6 4.6000000000000005 0 0 0 0 0 0 0 0 9.8 2.4000000000000004 1.2000000000000002 2 0 2.8000000000000003 10 5.2 7.6000000000000005 9.8 1.4000000000000001 0.4 0.2 17 0 0.2 7.6000000000000005 8.6 6 2.6 0 0 0 0 0 0 0 0 0 0 0 0 0 0 0 0 0 0 0 0 1.4000000000000001 0 0 0 0 0 0 0 0 0.4 0 0 0 0 0 0.4 2 0 0 0 0 1 0 0 10.4 3.4000000000000004 0 0 2.2 3.8000000000000003 2.8000000000000003 16 0 0 0 0 1 0 1.8 0 6.800000000000001 1.4000000000000001 4.2 3.6 0 0.2 2.2 2.2 3.6 0 4.2 0 10.200000000000001 2.8000000000000003 7 0.2 2.8000000000000003 5.4 3.8000000000000003 0 0 1.4000000000000001 0 2.4000000000000004 0 0 0 0.4 0 0 0 0 0 0 0 0 0.4 0 0 0 3.6 3 3.8000000000000003 0 0 0 0 0 0 0 0 0 0.2 0 0 0 0 0 0 0 0 0.2 0 0 0 0.6000000000000001 0.2 0 0 0.8 0 0 0.8 0 0 0 0 14.600000000000001 0 0 0 0 0 0 0 0 0 0 0 0 0 0 0 0 0 0 0 0 0 0 0 1 0 0 0 0 0 0 0 0 
 15.200000000000001 40.400000000000006 14.200000000000001 86.60000000000001 8.8 50.2 0 20.8 51.800000000000004 18.8 25.8 24.200000000000003 22 38 10.8 68.2 14 7 14 26.6 0 0 0 0.8 0 0 0 0.4 0.4 0 0 0.8 0.8 0.2 16 0 16 0 0 0.4 0 0 0.6000000000000001 0 0.4 0 0 0 0 0 0 0 0 0 0 0.4 0 0.8 0 0 0 0 0 0 0 0 0 0 0 0 0 0.4 0 0 0 0 0 0 0 0.4 12.600000000000001 0 5.4 0 14 0 2.4000000000000004 7.6000000000000005 0.2 7 0.2 1.4000000000000001 1.2000000000000002 6.800000000000001 2.2 12.600000000000001 1.8 1.8 9 0 0 0 0 0 0 0 0 0 0 0 0 0 0 0 0 0 0 0 2.2 2.4000000000000004 0 0 0 0 0 0 0 0 0 0 0 0 0 0 0 0 0 0 0 0 0 0 0 0 0 0 0 0 0 0 0 0 0 0 0 0 0 0 0 0 2.8000000000000003 3.6 0 2.4000000000000004 0 0 6.800000000000001 0 0 0.8 0 0 0.8 5.4 2.6 6.6000000000000005 3.2 2 0.4 9.4 0 0 0 0 0 0 0 0 0 0 0 0 0 0 0 0 0 0 0 0.2 0 0 0 0 0 0 0 0 0 0 0 0 0 0 0 0 0 0 0 0 0 0 0 0 0 0 0 0 0 0 0 4.4 0 0 0 0 0 0 0 0 0 0 0 0 0 0 0 0 0.4 0 1.6 2.2 0 0 0 0 0 0 0 0 0 0 0 0 0 0 0 0 0 0 0 0 0 0 0 0 0 0 0 0 0 0 0 0 0 0 0 0 0 0 
 34.6 43.6 23.8 34.800000000000004 17 5.6000000000000005 20.8 0 19.200000000000003 14.200000000000001 44 21.6 20.8 76.2 99.80000000000001 13.4 8.6 15.4 17.2 9.8 0.2 0.4 0.4 1.4000000000000001 0 0 0 0 0.6000000000000001 0 0 0.6000000000000001 0 0.2 0.6000000000000001 0 40.6 0 0 0 0 0 0.6000000000000001 0 1.2000000000000002 0 2.6 0 0 0 0 0 0 0 0 0.4 0 0.6000000000000001 0 0 0 0 0 0 0 0 0 0.2 0 0 0 0.4 0 9.8 0 10.200000000000001 0.2 0 0 0.4 1.2000000000000002 8.8 0 0 0.4 0 4.6000000000000005 5.6000000000000005 3.4000000000000004 3.2 4.800000000000001 0.2 3.6 3.2 5 4.4 0 0.2 0.2 8.4 0 0 0 0 0 0 1.4000000000000001 3.2 0 0 0 0 0 0 0 0 0.4 0 4 0 0 0 0 1.6 0 0 0 0 0 0 0 0 0 0 0 0 0 0 0 0 0 0 0 0 0 0 0 1.2000000000000002 0 0 0 0 0 0 0 0 0 0 0 0 0 7.2 2.4000000000000004 1.8 0 1.6 2.8000000000000003 8.200000000000001 3 0 1.2000000000000002 0 6.6000000000000005 0 1.8 0.4 6.2 7.2 2 1.2000000000000002 3.4000000000000004 0 0 0 0 0 0 3.2 0 0 0 0 0 0 0 0 0 0 4.2 0 0 0 0 0 0 0 0 0 0 0 0 0 0 0 0 0 0 0 0 0 0 0 0 0 0 0 0 0 0 0 0 0 0 0.4 0 0 0 0 0 0 0 0 0 0 0 0 22.6 0.2 0 0 0 2.4000000000000004 0 0 0 0 0 0 0 0 0 0 0 0 0 0 0 0 0 0 0 0 0 0 0 4.2 0 0 0 0 0 0 0 0 0 0 0 0 0 0 
 43.2 10.200000000000001 46.400000000000006 80 55.800000000000004 25 51.800000000000004 19.200000000000003 0 50.800000000000004 36 5.2 12 38.400000000000006 77.4 54.800000000000004 8.4 28 15.4 31.6 0 0 0 0.8 0 0 0 0.6000000000000001 0.4 1.6 0 0.6000000000000001 2.4000000000000004 16.400000000000002 0.6000000000000001 0 0 0.8 30 15.4 0 0.8 1.4000000000000001 0 0.4 0.8 1.8 0 8.6 0 0.6000000000000001 0 0 0 0 0.4 1.2000000000000002 1 1.2000000000000002 0 0.2 0 0 0 0 0 0 0 0 1 0.8 0.4 0.6000000000000001 0 0.4 0 0.8 0 1.4000000000000001 0.8 0 0 4.6000000000000005 10.8 0 2.8000000000000003 0 0 0.8 4.6000000000000005 1.4000000000000001 5.6000000000000005 0.2 3.8000000000000003 0 2.4000000000000004 7.4 1.8 0 0 0.4 0 0 0 0 0 0 1.6 0 0 0 0 2.4000000000000004 0 0 0 0 0 3.6 0 0 0 3.4000000000000004 1.8 0 0 0 0 0 0 0 0 0 0 0 0 0 0 0.2 0 0 0 0 0 0 0 0.4 0 0 0 0.4 0 0 0 0 0 0 0 0 0 0 3 2.6 5.800000000000001 0 5.2 1.8 4.800000000000001 2.8000000000000003 0 6.800000000000001 2.2 0.2 0 3.2 2.8000000000000003 0 0 0.2 0 0 3.6 0 0 0 0.2 3.8000000000000003 0 0 0 0 0 0 4.4 0.4 0 0 0 6.800000000000001 10.4 0 0 0 0 0 0 0 0 0 0 0 0 0 0 0 0 0 0 0 0 0 0 0 0 0 0 0 0 0 0 0 0 0 0 0.2 0 0 0 0 0 0 0 0 0 0 0.4 0 0 0 17.400000000000002 0 1 0 0 0 0 0 0 0 0 0 0 0 0 0 0 0 0 0 0 0 0 0 0 0 2.6 2 2.6 0 0 0 0 0 0 0 0 0 0 0 0 
 25.200000000000003 10.600000000000001 69 35.4 35 13.8 18.8 14.200000000000001 50.800000000000004 0 35.4 15 52 35.800000000000004 17.2 163.4 27.6 54 19 16 0 0 0 1.2000000000000002 0 0 0 0 0.4 0 0 0.6000000000000001 15.200000000000001 0.4 0.6000000000000001 0.6000000000000001 0 0 15.4 18 0 0 0.6000000000000001 0 1 0 0 0 0 0 0.8 0 0 1.6 0 0.4 0 1 12.600000000000001 0.2 0 0 0 0 0 0 0 0.2 0 0 0 0.4 0 0 0 0 0 0 0 0.4 3.2 7 0.2 2.2 3.6 7.2 6.6000000000000005 0 0 4.6000000000000005 0 0.4 2 4.2 0.2 2.2 2.2 7.4 2 1.8 8.4 3.8000000000000003 0 0.4 0 0 0 4 2.4000000000000004 4.2 0 0 4 5.6000000000000005 0 0 0 3 5.4 0 0 0 2.4000000000000004 0 0 0 0 0 0 0 0.4 0 0 0 0 0 0 0 0 0 0.2 0 0 0.4 0 0 0 0 0 0 0 0 1.8 3.2 0 0 0 0 0 0 0 2.2 3.6 0 7.4 0 0 5.2 3.6 0 16 8.4 5.2 0 0 0 4 7.2 0.4 0 3 0 0 0 0 0 2.4000000000000004 0 0 0 0 0 2 6.6000000000000005 3.4000000000000004 2.2 2 0 4 2.8000000000000003 0 0 0 0 0 0 0 0 0 0 0 1.8 0 0 0 0 0 0 0 0 0 0 0 0 0.4 0 0 0 0 0 0 0 0 0 0 0 0 0 0 0 0 2.2 0 0 0 0 10 0 0 0.4 0 1.4000000000000001 0 0 0 0 0 0 0 0 0 0 2 0 0 0 0 0 0 0 0 0 0 0 0 0 3.4000000000000004 0 0 0 0 0 0 0 0 0 0 0 0 0 
 69.60000000000001 7.6000000000000005 50.400000000000006 80 32.4 58.6 25.8 44 36 35.4 0 11.600000000000001 5.6000000000000005 32.800000000000004 30.200000000000003 38.2 36.4 47.800000000000004 8.4 12.600000000000001 0 0 0 0.8 0 0 0 0 0.4 0 0 0.6000000000000001 5.4 0.4 0.6000000000000001 0 0 0 15.600000000000001 0 0 0 0.6000000000000001 0 0.4 0 0.8 0 0 0 0 0 0 0 0 0.4 0 1 0 0 0 0 0 0 0 0 0 0 0 0 0 0.4 0 0 0 8.6 0 5 0 0.4 3 0 1.8 3.6 6.6000000000000005 6.4 0 0 2 6.2 0 2.8000000000000003 0 7.4 8.4 2.2 2.4000000000000004 0 6.4 0 0.6000000000000001 0 0 0.2 0 0 0 3 0 0 0 0 0 0 0 0 0 0 3.8000000000000003 2.6 0 0 2.4000000000000004 2.4000000000000004 0.4 0 0 0 0 0 0.2 0 0 0 0 0.4 0 0 0 0 0 0 0 0.2 0 0 0 1.6 0 0.2 0 0 0 0 0 0 0 0.4 3.4000000000000004 0 0 2.4000000000000004 6.2 4 0 4.6000000000000005 0.4 5 3.6 0 4.2 0 0 0 0 3.8000000000000003 1.8 0 0 3.4000000000000004 0 0 0 0 0 0 0 0 0 0 0 0 0 1.4000000000000001 0 1 0 0 6.6000000000000005 4.2 0 0 0 0 0 0 0 0 0 0 0 0 0 0 0 0 0 0 0 0 0 0 0 0 0 0 0 0 0 0 0 0 0 0 0 0 0 0 0 0 0 0 0 0 0 0 1.2000000000000002 0 0 0 0 1.2000000000000002 0 0 0 0 0 0.4 0 3.2 0 0 0 0 0 0 0.4 0 0 0 0 0 0 0 0.4 1.4000000000000001 0 0 0 0 0 0 0 0 0 0 0 0 0 0 
 6.2 7.4 9.600000000000001 12.4 30.8 8.4 24.200000000000003 21.6 5.2 15 11.600000000000001 0 5.2 3.8000000000000003 27.400000000000002 27.8 12 14.200000000000001 5.800000000000001 9 0 16.400000000000002 15.4 0.6000000000000001 0 0 0 19 0.4 0 0 0.6000000000000001 0 0.4 15.4 0 0.2 0 0 14.8 0 0 0.6000000000000001 0 1.2000000000000002 0 0 0 0 0 2 0 0 2 0 0.4 0 1 0 0 0.4 0 0 0 0 0 0 4.4 0 0 0 0.4 0.4 1.8 1.6 0 0 0 0 0.4 7.4 0 2.6 0 8.6 2 0 4.800000000000001 2.4000000000000004 0 0 2 0 0 3.4000000000000004 0.2 0 4 0 0 3.2 4.2 0 0 0 0.2 2 0 0 6.800000000000001 0 0.8 4.6000000000000005 3.8000000000000003 4.2 1.6 0 4.2 3 5.2 0 0 0 0.2 0 0.2 0 0 0 0 0 0 0 0 0 0 0 0 0 0 0 0 0 0 0 4.800000000000001 0.4 0 0 0 0.4 0 0 0 0.2 0 0 0 0 0 3 2 0.4 1.8 4 0.2 0 0 0 1.2000000000000002 0 1.6 0 0 0 1.4000000000000001 3.4000000000000004 2.8000000000000003 0 0.2 2.8000000000000003 6.4 2 0 0 0.2 13 1.4000000000000001 0 2.6 0 0 7.4 1.8 2.4000000000000004 0 10.8 0 0 2 0 0 0 0 0 0 0 0 0 0 0 0 0 0 0 0 0 0 0 0 0 0 0 0 0 0 0 0 0 0 0 0 0 3.4000000000000004 0 0 0 0 0 0 0 3 0 0 0 0 1 0 0.2 17.2 0 3 0 0 0 0 0 0 0 0 0 0 2.8000000000000003 0 0 0 0 0 0 0 0 0 0 0 0 0 0 0 0 0 0 0 0 0 0 0 0 0 0 0 
 26.8 50.2 14.8 27.8 12 7 22 20.8 12 52 5.6000000000000005 5.2 0 28 43.400000000000006 50 58.800000000000004 50.800000000000004 56 62.800000000000004 0 0 0 0.6000000000000001 0 0 0 0 0.4 0 0 0.6000000000000001 0 0.4 0.6000000000000001 0.2 0 0 0 0 0 0 0.6000000000000001 5.800000000000001 0.4 0 0 0 0 0 0 0 0 0 0 0 0 1 5.6000000000000005 0 0 0 0 0 0 0 0 0 0 0 0 0.4 0 0 0 0 0 0 0 0.4 1 3 4.800000000000001 2.8000000000000003 11.600000000000001 0 2.6 0 2.2 0 5 0 8 14.200000000000001 1.6 0.2 0.4 4.6000000000000005 3 6.2 0 0 0 0 0 0 0 0 0 0 0 0 0 0 0 0 0 0 0 0 0 0 0 2.8000000000000003 0 0 0 0 0.4 0 0 0 0 0 0 0 0 0 0 0 0 0 0 0 0 0 0 0 0 0 0.2 0 0 0 0 0 0 0 0 0 6 2.6 0.2 0 0 0 0 3 0.2 2.2 0 0 3.6 8.200000000000001 1.2000000000000002 5 3.6 0 12.600000000000001 0 0 0.4 0 0 0 0 0 0 0 0.2 0 0 0 0 0 0 0 0 0 0 0 0 2.6 0 0 0 0.2 0.2 0 0 0 0 1 0 0 0 0.2 0 0 0 0 0 0 0 0 0 0 0 0 0 0 0 0.4 0 0 0 0 0 0 0 0 0.4 0 0 0 0 0 0 0.4 0.6000000000000001 0.2 3.6 0 0 0 0 0 0 0 0 0 0 0 0 0 0 0 0 0 0 0 0 0 0 0 0 0 0 0 0 0 0 0 0 0 0 0 0 0 0 
 10 35 51.400000000000006 55.400000000000006 57 7.4 38 76.2 38.400000000000006 35.800000000000004 32.800000000000004 3.8000000000000003 28 0 70.60000000000001 36.6 8 55.6 14.600000000000001 37.4 0 0 17.400000000000002 0.8 1.2000000000000002 0.2 0 1 0.4 0 15 1 0 0.4 0.6000000000000001 0 0.2 0 0 41.6 0 0 0.6000000000000001 1.2000000000000002 0.4 0 0.8 0 0 0 0 0 0 0 0 1 0 1 0 1.2000000000000002 0 0 0 0 0 0 0 0 0 0 0 0.4 0 0 0 10.4 0.8 0.8 0 0.4 5.800000000000001 3 1.8 0 6.800000000000001 3 3.4000000000000004 0 2.6 6.4 3 0 3 1.8 9.600000000000001 1.8 0 0 0.2 1 0 0 0 0 0 0 0 3.2 0 0 0 0 0 0 6.6000000000000005 0 0 0 2.6 3 0 0 0 1.6 0 0 0 0 0 0 0 0 0 0 0 0 0 0 0 0 0 0 0 0 0 0 0 0.8 0 0 0 0 0 0 0 0 0 0 0 0 2 6.800000000000001 3.8000000000000003 4 0 9.8 0 8.200000000000001 9.600000000000001 4 1.6 0 3.8000000000000003 6.2 0 5.2 6.800000000000001 3.4000000000000004 0 0 0 0 0 0 0 0 0 0 0 0 0 0 0 0 0 0 0 0 3.8000000000000003 0 0 0 0 0 0 0 0 0 0 0 0 0 0 0 0 0 0 0 0 0 0 0 0 0 0 0 0 0 0 0 0 0 0 0 0 0 0 0 0 0 0 0 0 0 0 0.4 0.2 0.4 0.4 0 0 0.6000000000000001 0 0 0.2 0 0 0 0 0 0 0 0 0 0 3 0 0 0 0 0 0 0 0 0 0.2 0 0 0 0 0 0 0 0 0 0 0 0 0 0 
 56.2 46.800000000000004 12.4 30 17.2 9.200000000000001 10.8 99.80000000000001 77.4 17.2 30.200000000000003 27.400000000000002 43.400000000000006 70.60000000000001 0 54.2 46 53.2 78.80000000000001 40.800000000000004 0 0 0.4 0.6000000000000001 0 0 0 0 0.2 0 0.4 0.6000000000000001 0 0.2 0.6000000000000001 0 0 0 15.600000000000001 0.4 0 0.2 0.6000000000000001 0 0.6000000000000001 0 0 0 0 0 0 0 0 0 0 0 0 0.8 0 0 0 0 0 0 0 0 0 0 0 0 0 0.4 0 0 0 6.6000000000000005 0 0 1.4000000000000001 0.4 0 5.6000000000000005 6.800000000000001 8 0.2 3.2 3.6 5 8 0 9.8 5.800000000000001 3.8000000000000003 0 8 5 1.6 1 0 0 0 0 0 0 0 0 0 1.8 0 0 0 0 3.8000000000000003 0 0 0 0 0 0 0 0 0 0 0 0 0 0 0 0 0 0 0 0 0 0 0 0.2 0 0 0 0 0 0 0 0 0.8 0 0 0 0 0 0 0 0 5.800000000000001 0 0 0 0 0.4 5.800000000000001 1 0 4.4 0 0.4 0 0 5 5.2 4.6000000000000005 0 1.2000000000000002 0.4 6 6 2.8000000000000003 0 0 0 0 0 0 0 0 0 3.4000000000000004 0 0 0 0 0 0 0 0 0 0 0 4 5.2 0 0 0 0 0 0 0 0 0 0 0 0 0 0 0 0 0 0 0 0 0 0 0 0 0 4.4 0 0 0 0 0 0 0 0.2 0 0 0 0 0.4 0 0 0 0 0 0 0.2 0 0.4 0 0.4 0.6000000000000001 1.8 0 0 0 0 0 0 0 0 0 0 0 0 0 0 0 0 0 0 0 0 0 0 0 2 0 2.8000000000000003 0 0 0 0 0 0 0 0 0 0 0 0 
 11.600000000000001 47.400000000000006 58 110 17.8 30 68.2 13.4 54.800000000000004 163.4 38.2 27.8 50 36.6 54.2 0 68.4 54.6 49 28.6 0.4 0 0 0.8 0 0 0 0 0.4 0 0 0.6000000000000001 1.8 0.2 1 0 0 0 11.200000000000001 0 0 0 0.6000000000000001 0 1.2000000000000002 0 0 0 0 0 1 0 0 1 0 0.4 0 0.6000000000000001 0 0 0 0 0 0 0 0 0 0 0 0 0 0.6000000000000001 0 0 0 8.200000000000001 0 0 0 1.6 0 4 5.2 0 9.600000000000001 8.4 0 2 2.8000000000000003 4 6 0.2 1.6 3.8000000000000003 12.4 0.8 0.2 0 4 0 0.2 4.6000000000000005 0.4 0 0 0 0 0 3 0 0 0 3 2.2 0 0 0 0 0.2 0.4 0 0 0.4 0 0 0 0 0 0 0 0 0 0 0 0 0 0 0.4 0 0 0 0 0 0 0.4 0 0 0 0 0 0 0 6 2 0 0 0 0 0 0 9 2.6 2.8000000000000003 0 15.4 2 2.6 6.800000000000001 3.8000000000000003 0 4.6000000000000005 0 0 10.8 9 3.6 0 5 0 4.4 11.8 0.2 0 1 3.4000000000000004 0 2.4000000000000004 2.8000000000000003 0 0 0 0.4 0 7.4 0 0 3 0 4.6000000000000005 0 0 0 0 0.2 0 0 0 0 0 0 0 0 0 0 0 0 0 0 0 0 0 0 0 0 0 0 0 0 0 0 0 0 0 0 0 2.2 0 0 0 0.4 0 2 0 0 0 0.2 35.800000000000004 0.4 0 0.2 0.6000000000000001 0.2 2.8000000000000003 0.2 0 0 0 0 0 0 0 0 4 0 0 0 0 0 0 0 0 0 0 0 0 7.2 0 0 0 0 0 0 0 0 0 0 0 0 0 0 
 22.200000000000003 22.6 10.8 44.400000000000006 43.2 26.400000000000002 14 8.6 8.4 27.6 36.4 12 58.800000000000004 8 46 68.4 0 12.600000000000001 23.8 8.4 0 0 0 0.8 0 0 0 0 0.4 0 0 0.6000000000000001 0 0.4 1 0 0 0 35.2 0.6000000000000001 0.4 0 0.6000000000000001 0 0.6000000000000001 0 0 0 0 0 0 0 0 0 0 0.4 0 1 0 0 0 0 0 0 0 0 0 0 0 0 0 0.4 0 0 0 10 0 0 0 0.4 0 5.800000000000001 6.6000000000000005 3.4000000000000004 3.2 2.2 4.4 0.4 0 2 3.8000000000000003 2 1.2000000000000002 5.2 0.2 0 1.4000000000000001 5.2 7.6000000000000005 3 0 3.4000000000000004 0 0 0 0 2 0 2 0 0 0 2 0.6000000000000001 0 0 0 0 1.6 0 0 0 0 0 0 0 0 0 0 0 0 0 0 0 0 0 0 0 0 0 0.2 0 0 0 0 0 0 0.2 0 0 0 0 6.800000000000001 2 0 0 0 0 0 0 2.2 0 9 2.2 9 0 2.6 1.8 3.6 6.2 4.800000000000001 4.6000000000000005 1.2000000000000002 0 0 4.2 8 0.4 3 2.4000000000000004 4.2 0 0 0 0 0 0.6000000000000001 0 5.800000000000001 0 0 0 0 2.2 2.4000000000000004 2.2 0 0 7 0.2 0 0 0 0 0 0 0 0 0 0 0 0 0 0 0 0 0 0 0 0 0 0 0.4 0.4 0 0 0 0 0 0 0 0 0 2.2 0 0 0 0 0 0 0 0 0 0 0 0.8 0.4 0 17.2 0 0 0.6000000000000001 0 0 0 0 0 0 0 0 0 0 0 0 0 0 0 0 0 0 0 0 9 0.4 0 0 0 0 0 0 0 0 0 0 0 0 0 0 0 0 
 9.8 91.60000000000001 127.2 98 11.4 29.6 7 15.4 28 54 47.800000000000004 14.200000000000001 50.800000000000004 55.6 53.2 54.6 12.600000000000001 0 11.4 45.400000000000006 0 0 0 0.6000000000000001 0 0 0 0.4 0.4 0 0 1 0 0.2 0.6000000000000001 0 0.4 0 0.2 14.4 0 0 0.6000000000000001 0 0.6000000000000001 0 0.2 0 0 0 0 0 0.2 0 0 0 0 0.6000000000000001 0.4 0 0.4 0 0 0 0 0 0 0.2 0 1.8 0 0.4 0 0 0 0 0 0 0 0.4 0 0.2 5 2.4000000000000004 3 0 0 0 7.2 2.2 6.6000000000000005 1.2000000000000002 1.2000000000000002 0 8 2.6 0 0 0 0 0 0 0 0 0 0 0 2.4000000000000004 0 0 0 0.4 2.8000000000000003 2.8000000000000003 0 0 0 0.6000000000000001 6.4 0 0 0 0 1.6 0 0 0 0 0 0 0 0 0 0 0 0 0 0 0 2 0 0 0 0 0 0 0 1 0 0 0 0 0 0.2 0 0.4 5.800000000000001 0 0 0 1.6 5.800000000000001 6.800000000000001 1.2000000000000002 1.4000000000000001 3.2 0 4.6000000000000005 0 2 7 2 0 3 0 2.8000000000000003 0 3.2 0 0 3.6 0 0.2 0.2 0 0 0.2 2.8000000000000003 0 0.4 0 0 0 4.800000000000001 1.6 0 0 0 4.800000000000001 3.4000000000000004 0 5.800000000000001 0 0 0 0 0 0 0 0 2.4000000000000004 0 0 0 0 0 0 0 0 0 0 0 0 0 0 0 0 0 0 0 0 0 0.2 0 0 0 0 0 0 0 0 0.2 0 0 0 0.6000000000000001 17.2 0.4 1.4000000000000001 18 0.8 1 0 0 0 0 0 0.4 0 0 0 0 0 0 0 3.4000000000000004 0 0 0 0 0 0 0 0 0 3.6 2.2 0 0 0 0 0 0 0 0 0 0 0 0 0 
 54.2 7.800000000000001 6.4 11.4 10 9.200000000000001 14 17.2 15.4 19 8.4 5.800000000000001 56 14.600000000000001 78.80000000000001 49 23.8 11.4 0 45.800000000000004 0 0 0 0.6000000000000001 7.4 0 0 0 0.4 0 0 1.4000000000000001 0 0.6000000000000001 0.6000000000000001 0.4 0 0 0 0 0 0 0.6000000000000001 0 0.4 0 0 0 0 0 0 0 0.6000000000000001 0 0 0 0 0.8 0 0 0 0.4 0 0 0 0 0 0 0 0 0 0.4 0 0 0 0 0 0 0 0.4 0 17.400000000000002 0 3.2 0 0 3.6 2.6 0 2 0.2 0 3.8000000000000003 0.4 0 4.800000000000001 2 3 0 6.800000000000001 0 0 0 0 0 0.2 0 0 0 0 0 0 0 0 0 0 0 1.2000000000000002 2.6 0 0 0 0 0 0 0 0 0 0 0 0 0 0 0 0.2 0 0 0 0 0 0.2 0 0 0 0 0.2 0 0 1.8 0 0.8 0 0 0.4 0 0 0 0 0 0 2.6 0 3.4000000000000004 0 0 0 4.6000000000000005 0 1.6 3 0.2 0.4 6 3.4000000000000004 3.6 3 5.2 0 6.4 1.2000000000000002 0 0 0 0 0 0 0 0 0 0 0 4.800000000000001 0 0 0 0 0 0 0.2 0 0 0 0 0 0 0 0 0 0 0 0 0 0 0 0 0 0 0 2.8000000000000003 0.2 0 0 0 2.4000000000000004 0 0 0 0 0 0 0 0 0 0 0 0 0 0 0 0 0 0 0 0 0 0 0 0 0.6000000000000001 0 2.6 1.8 0 0 0 0 0 0 0 0 0 0 0 0 0 0 0 0 0 0 0 0 0 2.8000000000000003 0 0 0 0 0 0 0 0 0 0 0 0 0 0 0 0 
 10.600000000000001 21.6 24.400000000000002 30.200000000000003 17.400000000000002 11.4 26.6 9.8 31.6 16 12.600000000000001 9 62.800000000000004 37.4 40.800000000000004 28.6 8.4 45.400000000000006 45.800000000000004 0 0 0 0 0.8 0 0 0.8 0 0.2 0 0 0.6000000000000001 0 0 0.6000000000000001 0.8 1 0.4 0.6000000000000001 0 0.6000000000000001 0.4 1 0 1.4000000000000001 0.4 0.6000000000000001 0 0 0 0 0.8 0 1.4000000000000001 0 0 0.6000000000000001 1 0.8 0.2 0 0 0 0 0 0.4 0 0 0.2 0 0.4 0.4 0.2 0 0.2 0.2 0.4 10.200000000000001 0 0.4 0 0 5.2 2.6 1.8 0.2 5.6000000000000005 0 2 2 5.6000000000000005 0 0.2 0 1.6 7.800000000000001 0 0.2 0 2.6 0 0 0 0 0 0.4 0 0 0 0 0 0 0 0 0 0 0 0 0 0 0 0 0 0 0 0 0 0 0 0 0 0 0 0 0 0 0 0 0 0.4 0 0 0 0 0 0 0 0 0 0 1.2000000000000002 0 0 0 0 0 0 0.2 0 2.4000000000000004 6 1.8 3 0 0 3.4000000000000004 0 1.4000000000000001 3.6 0 0 0 0.6000000000000001 7.6000000000000005 1.8 4.6000000000000005 0 0 2.6 3 0 0 0 0 0 0 0 0 0 0 0 0 0.4 0 0 0 0 0 5 0 0 0 0 0 0 0 0 0 0 0 0 0 0 0 0 0 0 0 0 0 0 0 0 0 0 0 0 0 0 0 0 0 0 0 0 0 0 0 0 0 0 0 0 0 0 0.4 0 0.2 0.2 0 3.4000000000000004 3.2 0 0 0 2.8000000000000003 0 0 0 0 0 0 0 0 0 0 0 0 0 0 0 0 0 0 0 0 0 0 0 0 0 0 0 0 0 0 0 0 0 0 
 0 0 0 0.4 0 0 0 0.2 0 0 0 0 0 0 0 0.4 0 0 0 0 0 17.6 54.400000000000006 14.4 7.6000000000000005 7.4 52.6 11.200000000000001 15.600000000000001 37 26.8 22.200000000000003 29.200000000000003 46.2 39.6 6.2 31 10.4 11.200000000000001 17.6 0.6000000000000001 0.6000000000000001 0.6000000000000001 4.2 0.2 0 0.2 0 0 0.4 0 0 0 0 0 0.8 0 0.4 0 0 0.4 0.8 0 0 0 9.8 0.6000000000000001 0 0.4 0 0 0 0 0.6000000000000001 0 0.4 0 0 0 0.6000000000000001 0 0 0 0.4 0 0 0 0 0 0 0 0 0 0 0 0 0 0 0.4 0 0 6.4 15.600000000000001 14.4 0 2.4000000000000004 0 3.8000000000000003 2.2 0.2 5.800000000000001 3.8000000000000003 0 0.2 4.4 6 9 0 0 0 0 0 0 0 0 0 5.4 0 0 0 0 0 0 0 0 0 0 0 5.4 4 0 0 0 0 0 0 0 0 2.8000000000000003 0.6000000000000001 0 0 0 0 0 0 0 0 0 0 0 0 0 0 4.4 0 0 0 0 0 0 0 0 0 0 0 0 0 0 0 0 2.8000000000000003 5 5.4 0.6000000000000001 2.4000000000000004 0 8.8 4.800000000000001 13.4 5.4 13.600000000000001 0 0 2.4000000000000004 3.2 0.4 9.8 0 0 1.6 0 0 0 0 0 0 0 0.2 2.4000000000000004 0 0 4.4 0 0 0 0 0 1 0 0 0 0 0 0 0 0 0 0 2 0 0 0 0 0 0 0 0 0 0 0 0 0.2 0 0 0 0 0 0 0 0 0 0 0 2 0 0 0 0 0.4 3 0 0 0 0 0 0 0 0 0 0 0 0 0.2 0 0 0 0 0 0 0 2.8000000000000003 0 0 0 0 0 0 0 0 
 0 0 0 14.8 27.400000000000002 27.6 0 0.4 0 0 0 16.400000000000002 0 0 0 0 0 0 0 0 17.6 0 17 26.6 54.800000000000004 7.800000000000001 17 33.4 20 8.200000000000001 46.2 50 23.400000000000002 25 57.400000000000006 7.6000000000000005 56 17 9.8 36 0.6000000000000001 0.6000000000000001 0.6000000000000001 0 0 0 0 0 0 0.2 0 0 15 1.8 0 0.4 0 0.4 0 10.8 0.6000000000000001 5.2 0 0 0 0 1.4000000000000001 0 10.4 0 0 0 0 0.4 1.4000000000000001 0.4 0 0.2 0.4 0.6000000000000001 0.4 0 0 0 0 3.4000000000000004 0 0 0 0 0 0.4 0 4 0 0 1.8 0 0 0 9.4 6.2 0 4 0 4.6000000000000005 8.6 2.2 5 7 1.4000000000000001 2.4000000000000004 4.4 4.6000000000000005 0.8 3 3.8000000000000003 2.8000000000000003 4 6.800000000000001 0 0 0 0 0 0 0 0 0 0 0 0 0 0 0 0 0 0 0 0 1.2000000000000002 0 0 0 0 0 0 2.8000000000000003 0 0 0 0 1.4000000000000001 0.4 0 0 1.4000000000000001 0 0 0 0 0 0 0 7.2 0 0 0 0 0 4 5.6000000000000005 0 0 0.2 0 1.8 0 0 0 7.800000000000001 1.2000000000000002 1.6 5 0 3.2 5 1.6 9.600000000000001 0 3.8000000000000003 0.2 18 2 4 3.8000000000000003 9.200000000000001 2.4000000000000004 0 3.2 0 0 0 0 0 0 0 0 0 0 0 0 0.2 0 0 0 0 0 0 0 0 0 0 0 0 0 0 0 0.2 0 0 0 0 0 0 3.8000000000000003 0.2 0 0 0 0 0 0 0 0 0 0 0 0 0 0 0 0 0 1 0 0 15.600000000000001 0 0.4 0 0.4 0 0 0 0 1.8 0 0 0 0 0 0 0 0 0 0 0 0 0 0 0 0 0 0 0 2.6 0 0 0 
 0.2 0 0 0 15 0 0 0.4 0 0 0 15.4 0 17.400000000000002 0.4 0 0 0 0 0 54.400000000000006 17 0 47 68.8 8.200000000000001 43 52 49.2 20.8 23.6 8.8 19 11.8 34.6 11.8 34.800000000000004 26.8 22.200000000000003 24 0.6000000000000001 0.6000000000000001 0.6000000000000001 1.4000000000000001 0.2 3.4000000000000004 0 0 0 0.4 8.4 0 0 1.2000000000000002 0 13.600000000000001 0.2 0 0 0 1.2000000000000002 0 0 0 0 10.4 0.6000000000000001 1.2000000000000002 0.4 0 0 0 0 1.4000000000000001 1.6 0.4 0 0 0 0.6000000000000001 0 0 0 0 0 0 0 0 0 0 0 2.8000000000000003 0 0 0 0 0 0 0 0 3.6 2.6 3.6 12.4 2 7.6000000000000005 2 3 0 2.6 3.6 3.6 2 0 7.2 6.4 13.200000000000001 1 2 0 0 0 0 0 0 0 2.6 0 0 0 0 0 3.4000000000000004 0 0 0 0 0 2 0 0 0 0 0 0 0 0 0 4.2 0.2 0 0 0 0 0 0 0 0 0 0.2 0 0.6000000000000001 0 0 0.2 0 0 0 3.2 0 0 0 0 0 0 0 0 0 0 0 3 2.6 12.4 0.2 2.6 7.2 0 2.2 5.6000000000000005 3.6 10 4 2.4000000000000004 0 1.6 0.2 0 11.8 0 0 0.6000000000000001 0 0 0 0 0 0 0 0 0 0 0 0 0 1.4000000000000001 0 0.4 0 1.8 0.4 0 0 0 0 0.2 0 0 0 0 0 0 0 0 0 0 0 0 0 0 0 0 0 1.6 0 0 0 0 0 0 0 0 0 0 0 1.8 0 0 0 0.4 0 0.4 0 0 0 0 0 1.8 0 0 0 0 0 0 0 0 0 0 0 0 2.8000000000000003 0 0 0 0 0 0 0.2 0 0 0 
 1 0.8 0.6000000000000001 0.6000000000000001 0.4 15.4 0.8 1.4000000000000001 0.8 1.2000000000000002 0.8 0.6000000000000001 0.6000000000000001 0.8 0.6000000000000001 0.8 0.8 0.6000000000000001 0.6000000000000001 0.8 14.4 26.6 47 0 57 11.200000000000001 35 19 13.600000000000001 57.6 32 33.2 13.200000000000001 34 13.4 44 33.2 27.400000000000002 12 31.400000000000002 14.4 0.6000000000000001 0.6000000000000001 0 0.2 0.4 0 13.4 0.2 0.4 0.2 0.4 4.800000000000001 0.4 0 0.6000000000000001 0.8 0 0.4 0 0.4 0 0 0 0 0 0.6000000000000001 0.8 7 0 2.8000000000000003 0 0 1.2000000000000002 0 0.4 0 0 0.2 0.6000000000000001 0.4 0 0 0.6000000000000001 0 0 0 0 0 0 0 0 0 0.2 0 0 0 0 0 0 0 0 0 3 3 1.6 0 0.8 1.2000000000000002 0 3.8000000000000003 5.4 2.2 0.2 0.2 7.800000000000001 0 1.6 0 2.8000000000000003 0 3.6 0.6000000000000001 0 0 0 0 2.8000000000000003 5.800000000000001 4.2 0 0.2 3.4000000000000004 0 0 3.6 0 0 2.6 0 0 0 0 0 0 0 0 0 0 0 0 0 0.2 1.2000000000000002 0 0 0 0 0 0 0 0 2.8000000000000003 0 0.2 0 0 0 0 0 0 0.4 0 0 0.2 0.2 0 0 0 0 2.2 0 2.4000000000000004 4.800000000000001 6.2 0.4 0 0 0 0 2.2 0 2.6 0 0.2 0 4.2 0 0 0 4.4 8.6 0 0 0 0 4.800000000000001 2.2 0 3.8000000000000003 0 0 2.6 2.2 0 1.8 0 0 0.4 3.4000000000000004 0 0 0 0 0 0 0 0 0 0 0 0 0 0 0 0 0 0 0 0 0 0 0.2 0 0 0 0 0 0 0.2 0 0 0 0 3.6 0 0.2 35 9 0 0.2 3 0 0.2 0 0 0 0 0 0 0 0 0 0 0 0 0 0.4 0 0 0 0 0 0 0 0 0 0 0 0 
 0.8 0 0 1.2000000000000002 0 0 0 0 0 0 0 0 0 1.2000000000000002 0 0 0 0 7.4 0 7.6000000000000005 54.800000000000004 68.8 57 0 60 10.200000000000001 71.60000000000001 16 16.2 28.400000000000002 40.400000000000006 16.6 15.600000000000001 20.6 24.6 18 36.4 17.2 14.8 24.400000000000002 1 0.6000000000000001 0 0.4 1.2000000000000002 0.2 11 0 0.4 0.2 0 26.8 25 12.4 0.6000000000000001 0.6000000000000001 0 0 0 0.4 0 0 0 0 0 0.6000000000000001 0 0.4 0 0 0 0 0.6000000000000001 0 0.6000000000000001 0 0 0 0.4 0 0 0 0 0.2 0 0 0 0 0.4 0 0 0 0 0 0 0 0 0 0 0 0 0 0 2.2 4 0 0 0 0 1.8 2.2 0 0 3 1.8 0 2.2 0 0 2.8000000000000003 3.6 5.4 0 0 0 0 2.2 8.200000000000001 1.8 0 1.8 3 4.6000000000000005 2.4000000000000004 4.6000000000000005 0.6000000000000001 0 1 6.4 1 0 0 2.6 0 0 0 0 0 0 0.2 0 3.4000000000000004 0 0 0 0 0 0 0 1.6 0 0 0.2 0 0 0 0.4 0 0 0 0 0 0 0 0 0 0 0 0 0 0.4 2.4000000000000004 1 5.800000000000001 15.200000000000001 0 0 0 0 0 4 0 0 0 0 0 0 0 0 4.800000000000001 2.4000000000000004 4.2 0.6000000000000001 0 0 3.6 1.6 0 7.2 0 0 0.2 2.8000000000000003 4.800000000000001 2 11.4 0 8.4 2 0 0 0 4.6000000000000005 0 0 0 0 4.4 0 0 0 0 3 0 0 0 0 0 0 0 0 2 0 0 0 0 0 0 0 0 0 0 0 2.4000000000000004 0 0 10.8 1 0.2 0 2.8000000000000003 0 0 0 0 0 0 0 0 0 0 0 3.8000000000000003 0 0 0 0 0 2.8000000000000003 0 0 0 0 0 1.6 0 0 0 0 
 0 0 0 0 0 0 0 0 0 0 0 0 0 0.2 0 0 0 0 0 0 7.4 7.800000000000001 8.200000000000001 11.200000000000001 60 0 6.4 13.200000000000001 11 9.600000000000001 37 34.4 7.800000000000001 6.6000000000000005 22.400000000000002 13 27.200000000000003 50.6 53.800000000000004 9.200000000000001 18 13 13 0 0.2 0 24.8 12.600000000000001 0 5.800000000000001 0 0 6.4 7 18.2 13.200000000000001 12.4 0.2 0.2 25.6 0.2 0 0 0 0 0.2 0.6000000000000001 17.400000000000002 0.4 0 0.2 0 0 0.6000000000000001 0 0.6000000000000001 0 0 0 0.6000000000000001 0 0 0 0 0 0 0 0 0 0 0 0 0 0 0 0 0 0 0 0 0 0 0 3.6 0 0 0 0 0 0 3.2 0 3 0 0 0 0 0 0 0 5.6000000000000005 3 5.6000000000000005 0 0.2 0 9.600000000000001 3.2 9 1.4000000000000001 0 3.4000000000000004 5.800000000000001 11.4 5.4 2.4000000000000004 0 0 5.800000000000001 4.2 0 0 0 0 0 0 0 0 0 0 0 0 0 0 0 0 0 0 0 0 1.2000000000000002 0 0 0 0 0 0 0 0.2 0 0 0 0 0 0 0 0 0 0 0 0.2 0 0 5.4 2.8000000000000003 0 0 0 0 2.8000000000000003 0 14 0 0 0 0 3.6 0 0 0 2 3.2 3 2.2 0 0 2.2 12.600000000000001 3.8000000000000003 1.2000000000000002 3.8000000000000003 0 2.4000000000000004 6 7 3.6 5 2.2 1.4000000000000001 0.4 0 0 0 0 0.4 0 0 0 0 0 0 0 0 0 0 0.4 0 0 0.2 0 0 0 0.2 0 0 0 0 0 0 0 0 0 0 0 1 0 1 1 0 3 0 0.2 0 0 0 2.2 0 0 0 0 0 0 0 0 0 0 0 0 0 0 0 0 0 0 7.4 1.6 0 0 0 0 
 0.6000000000000001 0 0.8 0.2 17.6 19.6 0 0 0 0 0 0 0 0 0 0 0 0 0 0.8 52.6 17 43 35 10.200000000000001 6.4 0 19.6 73 41 6 13.600000000000001 45.2 25 48.6 21.400000000000002 22.8 20 16.8 37.6 0.6000000000000001 0.6000000000000001 0.6000000000000001 0 0.4 0 0 0 0 0.6000000000000001 0 0 0 0.8 0 0.8 0 13.4 0 0.8 0.2 2.2 0 0 0 6.4 0.6000000000000001 0 0 0 0 0 0 0.6000000000000001 0 0.4 0 0 0 0.2 0 0 0 0 0 0 0 0 0 0 0 0.2 0 0 0 0 0 0 0 0 6.800000000000001 3.6 4.800000000000001 2 0 6.6000000000000005 10.600000000000001 3.6 4.4 8.4 9.200000000000001 0 5.2 2.4000000000000004 0.2 8.6 2.6 2 3.8000000000000003 0 0 0 0 0 0 0 0.2 0 0 0 0 0 0 0 0 0 0 0 0 2.8000000000000003 0 0 0 0 0 0 0 0 0.8 1.6 0 0 0 0 0 0 0 0 0 1.2000000000000002 0 1.4000000000000001 0 0 0 0 0 0 0 0 0 3 0 0 0 0 0 0 0 0 10.600000000000001 1 5.6000000000000005 0 5.4 2.6 2.8000000000000003 5.2 5.2 5.2 4.4 2.2 2 2.4000000000000004 3.8000000000000003 1.4000000000000001 2.6 4.4 0 0 0 7.4 0 0 0 0 0 0 0 0 0 0 0 0 0 0 0 0 0 0 0 0 0 0 0 0 0 0 0 0 0 0 0 0 0 0 0 0 0 0 0 0 0 0 0 0 0 0 0 0 0 0 0 0 1.2000000000000002 0.4 0 15 0 0.4 0.8 0 0 0 0 0 0 0 0 0 0 0 0 0 0 0 0 0 0 0 0 0 0 0 0 0 1.4000000000000001 0 0 0 
 0 0 0.6000000000000001 0 23.400000000000002 14 0.4 0 0.6000000000000001 0 0 19 0 1 0 0 0 0.4 0 0 11.200000000000001 33.4 52 19 71.60000000000001 13.200000000000001 19.6 0 20.400000000000002 8.8 81.80000000000001 9.4 39 49.2 90.80000000000001 13.4 73.4 7.2 9.600000000000001 14.8 1.2000000000000002 0.6000000000000001 1.4000000000000001 0.6000000000000001 0.6000000000000001 0.6000000000000001 0.4 0.6000000000000001 0 0.8 0.6000000000000001 0.6000000000000001 0.2 0.6000000000000001 0 1.6 0.2 1.4000000000000001 1 0.8 0.4 0 0.6000000000000001 0 0.8 0.2 0.8 1.2000000000000002 0.4 0 1 0.8 0.4 4 0 1 2.6 0.8 0.4 0.6000000000000001 0 0 0.2 0 2.8000000000000003 0 0 0 0.2 0 0 0 0.2 0 0 0 0 0 0 0 3.2 6 0.8 0 0 1.4000000000000001 3.8000000000000003 0 0 5.2 4.2 3.4000000000000004 0.2 2.4000000000000004 7.2 0.2 9.200000000000001 2.4000000000000004 3.4000000000000004 2.2 0 0 0 0 0 0 0 0 0 0 0 0 0.2 0 0 0 0 0 2 2.4000000000000004 1.2000000000000002 0 4.2 0 0 0 0 0 0 0 4.2 0.4 0 0 0 0 1 0 0 0 0 0 0 0 4.4 0 0 0 0 0 0 0 1.6 0 0 0 0.8 0 0 0 0.2 5 7.2 1.4000000000000001 0 2.2 3 5.6000000000000005 0 4.800000000000001 7.2 2.6 8.200000000000001 0 1.8 0 2.6 0 0 4.2 0 0 0 0 0 0 1.4000000000000001 0 0 0 0 0.8 0 0 1.2000000000000002 0 0 0 2.4000000000000004 0 0 0 0 0.4 0 0 0 0 0 0 0 0 0 0 0 0 0 0 0.4 0 0 0 2.8000000000000003 0 0 0 0 0 0.4 15.8 0 0 0 0 16.8 0 0 0 0 0.4 0.4 0.4 0 0 0 0.4 0.4 0 0 0 0 0 0 0 0 0 0 0 0 0 0 1.8 0 0 0 0 0 0 0 0 
 0.8 0.6000000000000001 0.8 0.8 16 0.4 0.4 0.6000000000000001 0.4 0.4 0.4 0.4 0.4 0.4 0.2 0.4 0.4 0.4 0.4 0.2 15.600000000000001 20 49.2 13.600000000000001 16 11 73 20.400000000000002 0 39.400000000000006 27.200000000000003 6.6000000000000005 93.2 19.400000000000002 54.400000000000006 67.4 27 37.2 41.2 25.400000000000002 0.6000000000000001 0.6000000000000001 0.6000000000000001 0 0 0 0 13.4 0 0.2 0 0 0 0 0 0.6000000000000001 0 0.2 0 0.2 0.2 0 0 0 0 10.200000000000001 0.6000000000000001 0 0.6000000000000001 0 0 0 0 0.4 0.8 0.4 0 0 0 0.6000000000000001 0 0 0 0 0 0 0 0 0 0 0 0 0 0 0 0 0 0 0 0 3.8000000000000003 4.4 6.4 7.6000000000000005 1.4000000000000001 1.6 11.4 2.2 0 5.2 0 1.8 3.2 0 4.6000000000000005 7.4 2.2 0.2 0 1.6 0 0 0 0 0 0 0 0 0 0 0 0 2.8000000000000003 0 0 0 0 0 1.4000000000000001 0 0 0 0 0 0 0 0 0 0.2 0.6000000000000001 0 0 0 0 0 0 0 0 0 0.6000000000000001 0 0 0 0 0 0 0.2 0 0 0 0 0 0 0 0 0 0 0 0 0 2.6 1.2000000000000002 4.6000000000000005 0 0 8.4 0 0.6000000000000001 6.6000000000000005 0 5 0 3.8000000000000003 0 5.2 9.8 0 2 4 1.8 0 0 0 0.2 0 0 0 1.2000000000000002 0 0 0 0 0 0 1.8 0 0 0 0 0 0 0 0 0 0 0 0 0 0 0 0 0 5.6000000000000005 0 0 0 0 0.4 0 0 0 0 0 0 0 0 0 0 0 0 0 0 0 0 2 0 0 0 0 0.8 2.4000000000000004 0 0 0 0 0 2 0 0 0 0 0 0 6.2 0 0 0 0 0 2.2 0 1 0 0 0 0 1.4000000000000001 0 0 0 
 0.6000000000000001 0 0 0 0 0 0 0 1.6 0 0 0 0 0 0 0 0 0 0 0 37 8.200000000000001 20.8 57.6 16.2 9.600000000000001 41 8.8 39.400000000000006 0 38.2 8.8 66.8 24.8 57 69 21.6 25.200000000000003 29.400000000000002 31.6 0.6000000000000001 0.6000000000000001 0.6000000000000001 1.8 0 0 0 0 0 0.2 0 0 0 0 0 0.8 0 0 13.200000000000001 0 0.4 1 0 0 0 21.200000000000003 0.6000000000000001 0 10.8 0 0 0 1.2000000000000002 0.4 0 0.4 0 0.4 0 0.6000000000000001 0 0 0 0 0 0 0 0 0 0 0 0 0 0 0 0 0 0 0 0 1.4000000000000001 3.2 12 9.200000000000001 3 0 5.800000000000001 2.4000000000000004 1.4000000000000001 7 0.4 0 0 0 1.8 6.800000000000001 10.8 0 0 0.4 2.2 3.2 0 0 0 0 2 0 0 0 0 0 2.4000000000000004 0 0 0 0 0 2.2 0 0 0 0 0 0 0 0 0 0 1.2000000000000002 0 0 0 0 0 0 0 0 0 3.4000000000000004 0 1.6 0.2 0 0 0 0 0 0 0 0 0 0 0 0 0 0 0 0 0 0.6000000000000001 0 9.8 3.2 0 5 0 0 0.8 5.6000000000000005 3 0.2 2.4000000000000004 0 3.6 3.6 0 10.200000000000001 0 0 0.2 0 0 0 0 0 0 0 0 0 0 0 2.6 0 1.2000000000000002 0 0 0 2.2 2.6 0 0 0 0 0 0 0 0 0 0 0 0 0 0 0.4 0 0 0 0 0 0 0 0 0 0 0 0 0 0 0 0 0 0 0 2.4000000000000004 0 0 0.4 0 0.4 0.6000000000000001 0 0 0 0 0 0 0 0 0 0 0 0 0 0 0 0 0 0 2.4000000000000004 0 2.2 0 0 0 0 0 0 0 0 
 0 0.2 0 0 0 0 0 0 0 0 0 0 0 15 0.4 0 0 0 0 0 26.8 46.2 23.6 32 28.400000000000002 37 6 81.80000000000001 27.200000000000003 38.2 0 13 55.400000000000006 10 21.200000000000003 21.6 38.2 46.2 48.2 53 0.6000000000000001 1.2000000000000002 42.2 0 0 0.6000000000000001 0 0.2 0 0.2 0 0 0 0 0 0.6000000000000001 0 0.2 23.8 0 0.4 0 0 0 0.4 0.2 0.4 0 0.6000000000000001 0.6000000000000001 0.4 0 0 0.2 0 0.4 0 0 0 0.6000000000000001 0 0 0 0 0 0 0 0.4 0 0 0 0 0 0 0 0 0 0.2 0 0.2 0 1.4000000000000001 1.8 0.6000000000000001 3.4000000000000004 7.800000000000001 0 0 2.6 2.2 4 7 0.2 0 7.6000000000000005 2.4000000000000004 6 1.6 0 0 0.8 4 0 0 0 0 7.6000000000000005 0.4 0 0 0.2 0 0.2 0 0 0 0 0 1.6 2.8000000000000003 0 0.4 0 0 0 0 0 0 0 0 0 0 0 0 0 0 0 0.4 0 0.2 0.2 0 0 1.8 0 0 0 0 0 0 0 0 0 0 0 0 0 0 0 0 0 2.4000000000000004 2 8.4 0.2 4.6000000000000005 0 2.4000000000000004 0 0 5 10 0 0 3 0 2 1.4000000000000001 0 0 5 5.4 0 0 0 0 2.6 4.4 0 0 0 0 2 0 2.2 1.8 0 0.4 6.2 10.8 0 0 0 0 0 0 0 0 0 0 0 0 0.4 0 0 0 0 0 0 0 0 0 1.4000000000000001 0 0 0 0 0 0 0.4 0 0 0 0 3.4000000000000004 0 0 0.8 0.2 0.2 0.2 2.4000000000000004 0 0 0 0 0.2 0 0 0 0 0 0 0 0 0 0 0 0 0 0 0 0 0 0 0 0 0 0 0 
 1.2000000000000002 0.8 0.6000000000000001 0.6000000000000001 0.6000000000000001 0.6000000000000001 0.8 0.6000000000000001 0.6000000000000001 0.6000000000000001 0.6000000000000001 0.6000000000000001 0.6000000000000001 1 0.6000000000000001 0.6000000000000001 0.6000000000000001 1 1.4000000000000001 0.6000000000000001 22.200000000000003 50 8.8 33.2 40.400000000000006 34.4 13.600000000000001 9.4 6.6000000000000005 8.8 13 0 26.400000000000002 11.8 46 6.6000000000000005 29.8 14.8 7.6000000000000005 10.200000000000001 13.200000000000001 1.8 0.6000000000000001 0 0.2 0.2 13.4 9.8 0 0.4 0 0 4.6000000000000005 10.8 4.2 0.8 0 0.4 1.4000000000000001 0.2 0.2 1.4000000000000001 0 0 0 0.2 0.6000000000000001 0 0.4 0 0 0 0 0.6000000000000001 0 0.4 0 0 0 0.6000000000000001 0 0 0 0 0 0 0 0 0.4 4.2 0 0 0 0 0 0 0 0 0 0 0 1.8 3.4000000000000004 0 2.6 0.8 0.2 0 0 2.2 0 9 0.2 0 0 0 0.4 1.6 0 0.2 3.6 0.2 0 0 0 0 2.4000000000000004 2.4000000000000004 11.8 1.8 0 0 0 3.4000000000000004 6.4 0 0 0 2.2 8.4 0 0 0 0 0 0 0 0 0 0 0 0.2 3 0 2.8000000000000003 0 0 0 0 0 1 0 0 0 0 0 0 3.6 0 0 0 0 0 0 0 0 0 0 0 0 0.4 0 0 2.4000000000000004 10 2.8000000000000003 0 2 0 2.4000000000000004 0.4 11.4 0 0 0 1.8 3.4000000000000004 1.8 0 0 5.800000000000001 2.4000000000000004 0.6000000000000001 0 0 0 1.2000000000000002 3.8000000000000003 0 4.2 0 0 5.4 4.4 4 4.2 5.6000000000000005 0 1.6 4.4 0.6000000000000001 0 0 0.4 0 0 0 0 0 0.4 0 0 1.4000000000000001 0 0 0 0 3.4000000000000004 0.2 0 0 0 0.4 0 0 0 0 0 0 0 0 0 0 0.4 0.8 0.8 0.2 0.4 15.600000000000001 0.4 0 2.2 0 0 0.4 0 0.2 0 0 0 0 0 0 0 0 0 0 0 0 0 0 0 0 0 2.2 1.4000000000000001 2.8000000000000003 0 0 0 
