 0 57.400000000000006 26.400000000000002 14.600000000000001 5.6000000000000005 7.6000000000000005 53.2 29.400000000000002 27 47 20.8 6 18 32 29.400000000000002 25 24.200000000000003 7.2 32.2 85.60000000000001 0 0 0 0 0.4 0 30.8 0.4 1.2000000000000002 0.2 1.2000000000000002 0 0 0 0 0 0 0.6000000000000001 0 0 0 0 0 0 0 0 0 0.4 0 0 0.6000000000000001 0 0.6000000000000001 0 0 0 0 12.4 0 0 0 0 1.6 0 0 0 0 0 0.6000000000000001 0 0 0 0 0 0.6000000000000001 0 0 0 0 0 0 0 6.2 4.2 0 0 5 5.6000000000000005 5.800000000000001 2.6 0 0.2 12 2 0 3.6 3.8000000000000003 0.2 2 4 1.8 0 0 0 0 0 0.2 0 0 0 0 0 5.6000000000000005 0 0 0 0 0 2.2 0 0 0 0 0 0 0 0 0 0 0.4 0 0 0 0 0.6000000000000001 0 0 0 0 0 0 0 0 0 0 0 0 0 0 0 0 0 0 0 0 10.600000000000001 3.8000000000000003 0.4 0 0 2.8000000000000003 8.4 2.6 2.6 1.2000000000000002 3 0 11.8 3.2 0.2 0 0.2 0.2 2.8000000000000003 3.4000000000000004 2.6 5 11.600000000000001 2.8000000000000003 2.2 4.6000000000000005 0 0 0 0 0 0 0 0 0 0 0 1.8 0 0 0 0 0 0 0 0 0 0 0 0 0 0 0 0 0 0 0 0 0 0.4 1.2000000000000002 0 0 0 0 0 0 0 0 0 0 0 0 0 0 0 0 0 0 6.4 0 0 0 0 0 0 0 0 0 0 0.4 0 0 0 1.2000000000000002 0.2 1.4000000000000001 8 0 0.2 0 0 0 0 0 0 0 0 0 0 0 0 0 0 0 0 0 0 0 0 0 0 0 0 0 0 0 0 0 0 0 0 0 0 0 
 57.400000000000006 0 38.800000000000004 36.2 27.200000000000003 7.6000000000000005 39.2 39.800000000000004 31.8 28.200000000000003 12.4 10 70 15 11.600000000000001 13.200000000000001 4 8 33.4 61.800000000000004 0 0 0 0 1.4000000000000001 0 15.200000000000001 0.4 0 0 0 0 0 0 0.4 0 0.4 0 11.600000000000001 0.6000000000000001 0 0 0 0 0 0 0.4 0 0 1 0.6000000000000001 0 1.6 0 0 0 0 1 0 10.600000000000001 0 0 0.2 0 0 0 0 0.4 0.6000000000000001 0 0 0 0 0 0.6000000000000001 0.6000000000000001 0 0 0 0 0 3.2 6.4 0 5 0 0.8 0 3.2 0 0 0 5.800000000000001 0 0 2.2 1.6 0 0 0.2 3.2 5 0 0 0 0 3.4000000000000004 0 0 0 0 0 5.4 0 0 0 0 0 9.600000000000001 2 0 7.2 0 0 0 0 0 0 0 0 0 0 0 0 0 0 0 0 0 0 0 0 0 0 0 0 0 0 0.4 2.2 0 0 0 0 0 0 0 2.8000000000000003 0 0 0.2 2.6 4.6000000000000005 0 2.4000000000000004 0 0 0.2 2.2 2 0 2 4.2 1 0 2.8000000000000003 4 0.2 3.6 0 3 0 0 0 0 0 4.2 0 0 0 0 0 0.2 0 0 0 0.2 0 0 0 0 0 0 0 0 0 0 0 0 0 0 0 0 0 0 0 0 0 3 0 2 0 0 0 0.2 0.4 0 0 0 0 0 0 0 0 0 0 0 0 0.2 0 0 0 0 0 0 0.8 36.800000000000004 0 0 4 0 1.8 3.6 0 0 0 0 0 0.4 0 0 0 0 0 0 0 0 0 0 0 0 0 0 0 0 0 0 3.6 0 0 0 0 0 0 0 0 0 0 0 0 
 26.400000000000002 38.800000000000004 0 62.800000000000004 74.2 91.2 57.800000000000004 42.800000000000004 56.800000000000004 74.8 53 29 52.6 9.600000000000001 12.200000000000001 47 18.8 43.6 49.800000000000004 12 14.8 41.6 0 0 0.4 0 3.2 42.2 0 0 0 0 14 18.6 0 0 0 0 0.2 0 0 0 0 0 0 0 0 0.4 0 0 0.4 0 0.6000000000000001 0 0 0 0 0.2 3.8000000000000003 0 0 0 1.2000000000000002 0 0 0 0 0 0.6000000000000001 0 0 0 0 0 0.4 0 0 0 0 0 0 0 5 0.2 9.200000000000001 4.800000000000001 0 0 3 1.8 4.2 13.600000000000001 0 0 5.6000000000000005 2 1.6 10 0 0 0.4 4.6000000000000005 0 0 0 0 5.2 0 0 0 0 0 7 2.2 3.6 0 0 0 6.4 5 0 0 0 0 0 0 0 0 0 0 0 0 0 0 0 0 0 0 0 0 0 0 0 0.8 0 0 0 0 1.4000000000000001 0 0 0 0 0 0 0 0 0 0 0 1 3.8000000000000003 3.8000000000000003 6 3.6 0 3 0.2 2.8000000000000003 0 7.2 4.2 0 0 0 3 0 0 0 0 1.8 0 0 0 0 0 2 0 0 0 0 0 0 0 0 0 0 0 3 0 0 0 0 0 0 0 0 0 0 0 0.4 0 0 0 0 0 0 0 0 1 0 0 0 0 0 3 0 0 0 0 0 0 0 0 0 0 0 0 0 0 0 2.6 0 0 0 0.4 18.2 0 0.4 22.200000000000003 3.4000000000000004 0.6000000000000001 3.4000000000000004 0 0 0 0 0 0 0 0.2 0 9.8 0 0 0 0 0 0 0 0 0 0 0 0 0 0 2.8000000000000003 0 0 0 0 0 0 0 0 0 0 0 0 
 14.600000000000001 36.2 62.800000000000004 0 19.400000000000002 10.4 54 36.2 21.400000000000002 34.2 19 6.6000000000000005 9.8 16.2 15 23.200000000000003 45.800000000000004 65.8 51.2 31.6 0 0.2 0.2 0.6000000000000001 0.4 0.2 0 0.4 0.4 0.8 0 0.4 0 16.6 14.8 0.2 0 0 0 1.2000000000000002 0 0.8 0 0 0 0 0 0 0 2.4000000000000004 0.4 0 4 0 0 0 0 0.4 0 0 0 0 2.8000000000000003 0.8 1.2000000000000002 0 0 0 7.2 0.6000000000000001 0 0 0 0 0.4 0 0 0 0 0 3.8000000000000003 3 7.2 2.6 4.6000000000000005 0.4 2.8000000000000003 0 7.800000000000001 4.4 2 4.2 0 0 5.2 9.600000000000001 6.2 2.4000000000000004 0 0 0.2 0.4 0 0 0 0 0 0 0 0 0.2 0 3.2 0 2.4000000000000004 0 0 0 5.4 2.4000000000000004 0 0 0 0 0 0 0 0 0 0 0 0 0 0 0 0 0 0 0 0 0 0 0 0.2 0 0 0 0 0 0 0 0 0 0 0 0 0 0 0 0.8 4.4 4.4 0 0 1.2000000000000002 0.2 6.6000000000000005 0.2 0 3.6 0 0 2 0 2.6 3.2 2 0 1.2000000000000002 0.4 1.4000000000000001 0 0 0 0 0 0 0 0 0 0 0 0 0 0 0.4 0 0 0.4 0 0 0 0 0 0 0.2 0 0 0 0 0 0 0 0 0 0 0 0.4 0 0 0 0 0 0 0 0 0 0 0 0 0 0 0 0 0 0.4 0.2 0 0 0 0 0 0 0 0 0.4 1.8 0.4 17.400000000000002 0.8 0 2 3.4000000000000004 0 0 0 0 0 0 0 0 0 2 0 0 0 0 0 0 0 0 0 0 0 0 1.4000000000000001 0 0 0 0 0 0 0 0 0 0 0 0 0 0 
 5.6000000000000005 27.200000000000003 74.2 19.400000000000002 0 68 11.8 12 79 14.600000000000001 56.400000000000006 34.800000000000004 17.8 13.200000000000001 12.600000000000001 18.400000000000002 24.200000000000003 15.4 14.4 12.4 18 0 0.2 0 0.4 0 26.6 30 0 4.800000000000001 0 0 14.600000000000001 37 0 0 0 6.4 0 30 0 0 0 0 0 0 0 0 0 0 0.4 0 0.6000000000000001 0 0 0 0 11.600000000000001 0.2 0 0 0 0 0 0 0 0 0 0.6000000000000001 0 0 0 0 0 0.4 0 0 9 0 0 0 0 0.2 1.2000000000000002 3 2.6 0 0 0.4 1.8 6.6000000000000005 3.6 0 0 0 0.6000000000000001 0 0 0 0 5.4 2.6 0 0 0 0 4 2.2 0.2 3.2 0 0 1.8 6.4 6 0 0.6000000000000001 0.2 2 5 0 0 0 0 0 0 0 0 0 0 0 0 0 0 0 0 0.2 0 0.2 0 0 0 0 0 0 0 0 0.6000000000000001 0 0 0 0 0.6000000000000001 0 0 0 0 0 0 0 1.4000000000000001 0 5.6000000000000005 4.800000000000001 0 0 0 0 0 0 3 2.2 0 0 0 0 0 2.8000000000000003 0 0.8 0 2 4 0 0 0 2.2 0 2 0 0 0 3.4000000000000004 1.8 1.4000000000000001 0 0 0 0.2 3.2 0 0 0 0.4 0 0 0.2 0 0 0 0 0 0 0 0 0 0 0.4 0.2 0 0 0 0 0 0 0 0 0 0 0 0 0 0 0 0 0 0 0 0 0.2 0 0 0 0 0 0.6000000000000001 0.2 0 0.8 17 0 2 0 0 0 0 0 0 0 0 0 2 1.8 0 0 0 0 0 0 0 0 0 0 0 0 0 0 0 0 0 0 0 0 0 1.4000000000000001 0 0 0 0 0 
 7.6000000000000005 7.6000000000000005 91.2 10.4 68 0 4.6000000000000005 8 54.2 14.8 54.6 31.6 10.4 12.4 10.4 16.2 21.8 15 10.8 10.200000000000001 36.2 30 3.4000000000000004 0.2 0.4 15.8 0 29.8 14.8 0 0 0 30 14.600000000000001 0 0 8.200000000000001 14.4 0 15 0 0 0 0 0 0 5.6000000000000005 0.2 0 0.4 13.600000000000001 0 0.6000000000000001 0 0 1 0 0.4 0 1.8 0.4 0 0.4 0 0 0 0.6000000000000001 0 6.6000000000000005 0 0 0 0 4.6000000000000005 0.6000000000000001 0.6000000000000001 0 0 0 0 0 0 0 0 0 5 0 0 0 1.2000000000000002 2.2 0 0 0 0 0.2 0 0 0 0 4.800000000000001 3.6 0.6000000000000001 3.6 0 0 6.2 8.8 2.8000000000000003 5.800000000000001 2.8000000000000003 0 0 1.8 5.6000000000000005 6.4 10.8 2.4000000000000004 3 3.4000000000000004 0 0.4 0 0 0 0 0 0 7.6000000000000005 0 0 0 0 0 0 0 0 0 0 0 0 0 0.2 0 0 0 0 0.6000000000000001 0 0 0 0 0.4 0 0 0 0 0 0 0 0.6000000000000001 0 0 1.2000000000000002 2.2 2.8000000000000003 1.8 0 0 0 1.6 0 0 0 0 0 0 0 0 1 3.4000000000000004 0.2 8 0 0 0 13.4 8.4 1.4000000000000001 2 0 0.2 4 2.2 0.2 8.4 2.2 0 3.2 4.800000000000001 0 2 0 0 0 0 0 0 0 0.2 0 0 0 0 0 0 0 0 0 0 0 0.4 0 0 0 0 0 0 0 0 0 0 0 0 0.2 0 0 0 0 0 0 0 0 0 0 0 0.6000000000000001 0 0 0 0 1.4000000000000001 0 0 0 0 0 0 0 0 0 2.2 0 0.4 0 0 0 0 0 0.2 0 0 0 0 0 0 0 0 0 0.2 0 0 0 0 0 1.8 0 0 0 0 
 53.2 39.2 57.800000000000004 54 11.8 4.6000000000000005 0 20.6 11.600000000000001 33.4 27.6 26.200000000000003 69.2 37.2 47.800000000000004 68.8 7.800000000000001 10.200000000000001 25.200000000000003 13.8 14.600000000000001 0 0 0 0.6000000000000001 0 14.600000000000001 0.4 0 0 0 0 0 14.600000000000001 4.6000000000000005 0 0 0 0 0 0 0 0 0 0 0 0 0.4 0 0 0.6000000000000001 0 0.6000000000000001 0 0 0 0 0 0 0 0 0 0.8 0 0 0 0 0 10 0 0 0 0 0 6.4 0 0 0 0 0 1 1.6 3.8000000000000003 0 0 0 3.8000000000000003 3 4.2 1.8 0 10 2 4 1.6 3.2 2 0 0.2 6.4 0 0 0 0 4 0 0 0 0 0 0 0 0 0 0 0 0 0 0 0 0 0 0 0 0 0 0 0 0 0 0 0 0 0 0 0 0 0 0 7.2 0 0 0 0 0 0 0 0 0 0 0 0 0 0 0 0 0 0 0 0 1.6 4 3.4000000000000004 0.6000000000000001 0 0 4 0.2 0 2.6 0 0 1.4000000000000001 5.2 0 7 0.6000000000000001 2 1.4000000000000001 2.4000000000000004 0 0 0 0.4 0.4 0 0.4 0 0 0 0 0 0 0 0 0 0 0 0 0 0 0 0.2 0 0 0 0 0 0 0 0 0 0 0 0 0 0 0 0 0 0 0 0 0 0 2 0 0 0 0 0 0 0 0 0 0 0 0 0 0 0 0 0 0 0 0.2 0.4 0 0.4 0 0.4 2.4000000000000004 0 0 0 0 0 0 0 0 0 0 0 0 0 0 0 0 0 0 0 0 0 0 0 3.8000000000000003 0 0 0 0 0 0 0 0 0 0 0 0 0 0 
 29.400000000000002 39.800000000000004 42.800000000000004 36.2 12 8 20.6 0 61.400000000000006 48.400000000000006 44.2 25 22.8 65.60000000000001 58.400000000000006 132.20000000000002 58 8 21.6 52.2 0 0 0.2 0 0.4 0 0.2 0.4 0.4 40.800000000000004 0 0 0 0 0 0 0 40.800000000000004 14.8 0 0 0 0 0 0 0 0 0.4 0 0 0.6000000000000001 0 0.6000000000000001 0 0 1 0 0 0 0 0 0 0.8 0 0 0 0 0 0.6000000000000001 0.4 0 0 0 0 0.6000000000000001 0 0 0 0 0 6 0 3 3 3.2 4.4 0 1.8 3.4000000000000004 2.6 0.4 1.6 0 2 0 7.6000000000000005 0 7 0 0 3.6 0 0 0 0 0 0 0 0 0 0 0 4.4 0 1.4000000000000001 0 0.4 0 5.4 1.6 0 0 4 0 0 0 0 0.4 0 0 0 0 0 0 0 0 0 0 0 0 0 0 0 0.2 0 0 0 0 0.8 0 0.2 0 0 0 0 0 0 0 0.4 0 0.4 10.200000000000001 0.2 3.4000000000000004 3.4000000000000004 6 0 4.2 9.4 0 6.4 0 0 2.2 2.4000000000000004 5.4 0.2 2.4000000000000004 0 0 0 0 0 0 0 0 0.2 0 0 0 0 0 2 0 0 0 0 0 3.2 0 0 0 0 0 0 0 0 0 0 0 0 0 0 0 0 0.4 0 0 0.2 0 0 0 0 0 0 0 0 0.2 0 0 0 0 0 0 0 0.4 0 0 0 0 0 0 0 0 0 0.2 11 0 0.8 0 0 1 0 0 0 0 0.2 0 0 0 0 0 0 0 0 0 0 0 0 0 0 0 0 0 0 2 3.8000000000000003 2.6 0 0 0 0 0 0 0 0 0 0 0 0 
 27 31.8 56.800000000000004 21.400000000000002 79 54.2 11.600000000000001 61.400000000000006 0 40 29.8 10 17.400000000000002 25 30.6 32.2 25.400000000000002 11.600000000000001 34.4 9.8 17.400000000000002 0 0 0 0.4 0 47 1 0 41 0 0 0 17.400000000000002 0 0 0 0 4.2 0 0 0 0 0 0 0 0 0 0 0 0.4 0 0.6000000000000001 0 0 0 0 0.2 0.8 0 0 0 0.8 0 0 0 0 0.2 6.6000000000000005 0 0 0 0 0 0.4 0 0 7 0 0 4.2 0.4 0 3.8000000000000003 4.6000000000000005 0 0 3 3 0 3.2 4.4 1.6 0 4.800000000000001 3.2 2.8000000000000003 11 0 2 8.4 3.2 0 0 0 0 0.4 0.2 0.4 0 0 0 4.4 0 2.6 0 0 0 8 4.6000000000000005 0 0 0 0 0 0 0 0 0.2 0 0 1 0 0 0 0 0 0 0 0 0 0 0 0 0 0 0 0 0.6000000000000001 0 1.4000000000000001 0 0 0 0 0 0 0 0 0 2.2 6.2 0.8 3.6 3.4000000000000004 3.4000000000000004 0 0.8 8 0 4.2 12.200000000000001 0 0 0 0 0 0 0 0 2 0.2 0 0 2.2 0 3 0 0 0 0 0.4 0 0 0 0 0.6000000000000001 0 0.4 0 0 0 0 0 0 0 0 0 0 0 0 0 3.8000000000000003 0 0 0 0 0 3 0 0 0 0 0 0 0 0 0 0 0 0 0 0 0 0 0 0 0 0 0 0 0.2 0 0 0 0.4 18.400000000000002 0 17.6 10 0.2 1 3.6 0.8 0 0 0 0 0 0 0 0 1.8 0 0 0 0 0 0 0 0 0 0 0 0 0 3.2 2.8000000000000003 0 0 0 0 0 0 0 0 0 0 0 0 
 47 28.200000000000003 74.8 34.2 14.600000000000001 14.8 33.4 48.400000000000006 40 0 66 68.8 33.6 17 35.2 11 56.2 33 43.400000000000006 32 0 0 0 0 0.4 0 0 0.4 0 0 0 0 0 0 0 0.4 0 0.2 17.8 0.4 0 0 0.6000000000000001 0 0 0 0 0.2 0 0 0.6000000000000001 0 0.6000000000000001 0 0 0 0 0 0 0 0 0 0.8 0 0 0 0 0 0.6000000000000001 0 0 0 0 0 1.6 0 0.4 0 0 0 0.8 3 3.6 3.8000000000000003 0 2.8000000000000003 3 0 6.6000000000000005 4.6000000000000005 1.6 0 0 2.2 2.4000000000000004 5.2 6 4.2 0 0 0.2 0 0 0 0 0 0 0 0 0 0 0 2.8000000000000003 0 0 0 0 0 2.4000000000000004 1.6 0 0 0.4 0 0 0 0 0 0 0 0.2 0 0 0 0 0 0 0 0 0 0.2 0 0 0.2 0 0 0 0 1 0 0 0 0 0 0 0 0 0 0 0 3.2 5.800000000000001 0.2 0 6.6000000000000005 2.8000000000000003 3.8000000000000003 3 2.4000000000000004 2.4000000000000004 13 0 1.8 2.8000000000000003 4.2 1.8 0 8.4 0 0.8 0 0 0 0 0 0 0.2 0 0 0 0 0 2.8000000000000003 0 0 0 0 0 12.8 0 0 0 0 0 1.6 0 0 0 0 0 0 0 0 0 0 0.2 0 0 0.4 0 0 0 0 0 0 0 0 0.4 0 0 0 0 0.4 0 0 0 0 0 0 0 0 0 0 0 0 0.4 12.600000000000001 0 17.400000000000002 0.6000000000000001 0 1.8 0 0.4 0 0 0 0 0 0 0 0 0 0 0 0 0 0 0 0 0.4 0 0 0 0 2.2 2.4000000000000004 2.8000000000000003 0 0 0 0 0 0 0 0 0 0 0 0 
 20.8 12.4 53 19 56.400000000000006 54.6 27.6 44.2 29.8 66 0 18 9.600000000000001 8.6 15.200000000000001 44 55.400000000000006 32.6 6.4 13 0.4 0 0 0 0.4 0 15 6.800000000000001 0 0 0.2 0 0 0 0 0 0 0 0.2 5 0 0 0 0 0 0 0 0.4 0 0 0.2 0 0.6000000000000001 0 0 0 0 0.4 2.6 0.2 0 0 0.8 0 0 0 0 0 0.6000000000000001 0 0 0 0 0 0.4 0 0 0 0 0 5.4 0.4 11 3.8000000000000003 0.2 0.4 0 0.2 2.2 0 5.4 19.400000000000002 0.2 0.4 5.6000000000000005 3 5.6000000000000005 3.6 0 0.4 2.2 0 0 0.4 0 0 2 0 0.2 0 0 0 0.2 2.2 2.8000000000000003 0 0.2 0 4.4 5 0 0 0 0 0 0 0 0 0.2 0 0 0.4 0 0 0 0 0 0 0 0 0 0 0 0 0 0 0 0 2.2 0 0 0 0 0 0 0 0 0 0 1 7 5.6000000000000005 0 3.2 0 0 6 0 2.2 0.6000000000000001 0 5.2 0.2 0.6000000000000001 0.2 2.6 0 0 7.4 0 3.6 0.2 0 0 0 0 0 0 6.2 0 0 2.6 1.4000000000000001 4.2 0 0 0 0 2.8000000000000003 4.800000000000001 0 0 0 0 0 0 0 0 0 0 0 0 0 0 0 0 0 0 0 0 0 0 0 0 0 0 0 0 0 0 0 0 2.8000000000000003 0 0 0 0 0 0 0 0 1.4000000000000001 0 0 0 0 0.2 0 0 1.2000000000000002 3 1.8 4.800000000000001 0 0 0 0 0 0 0 0 0 9.8 0 0 0 0 0 0 0 0 0 0 0 0 3 3 0 0 0 0 0 0 0 0 0 0 0 0 0 
 6 10 29 6.6000000000000005 34.800000000000004 31.6 26.200000000000003 25 10 68.8 18 0 6.4 9.4 63.800000000000004 26.6 44.6 18.6 11 8.8 15.8 0 0.4 0 0.4 0.2 14.4 38.6 0.8 41.800000000000004 0 0 15 15.4 0.4 0.6000000000000001 15 42 0 17.2 0 0 1 0 0 0 0 0.4 0 0 0.2 0 1.4000000000000001 0 0 0 0 0.8 2.4000000000000004 0.2 0 0 0 0 0 0.8 0 0 0.4 0 0 0 0 0 0.4 6 0 3.2 0 0 0 0 0.4 0 0 2.8000000000000003 0.4 0 0.2 3.6 8 16.2 0 1.6 0 2.6 0 0 0 0 2.6 0 0 0 0 0 5.6000000000000005 0.6000000000000001 4 2 0 0 0 5.6000000000000005 4.2 0 2.2 5.4 1.2000000000000002 4.6000000000000005 0 0 0 0 0 0 0 0 0 0 0 0 0 0 0 0 0 0 0 0 0 0 0 0 0 0 0 0.6000000000000001 0 0 0 0 0.6000000000000001 0 0 0 0 0 0 0 4.2 0 0 0.6000000000000001 0 0 0 0 4.6000000000000005 0 5.6000000000000005 0 0 5.800000000000001 0 2.6 0.2 0 0 1.2000000000000002 0 2 3.4000000000000004 0.4 0.8 0 0.6000000000000001 0.6000000000000001 7.4 0 0 0 3.8000000000000003 5.2 0.2 2.4000000000000004 0 0 0.2 6 0 0 0.2 0 0 0 0 0 0 0 0 0 0 0 0 0 0 0 0 0 0 0 0 0 0 0 0 0 0 0 0 0 0 0 0 3 0 0 0 0 0 0.2 0 0 0 1 0.4 0 0.2 0.4 4 1.4000000000000001 0.4 0 0 0 0 0 0 0 0 1.4000000000000001 10.200000000000001 0 0 0 0 0 0 0 0 0 0 0 0 3.2 0 0 0 0 0 0 0 0 0 0 0 0 0 0.4 
 18 70 52.6 9.8 17.8 10.4 69.2 22.8 17.400000000000002 33.6 9.600000000000001 6.4 0 55.400000000000006 29 24.8 6.800000000000001 6.800000000000001 57.400000000000006 62.6 0 16 14.8 0 0.4 0 0 0.6000000000000001 0 0 0 0 0 0 0 0 0 0 0 0 0 0 0 0 0 0 0 0.4 0 0.4 0.6000000000000001 0 0.6000000000000001 0 0 0 0 0 0 0 0 0 0 0 0 0 0 0 1.2000000000000002 0 0 0 0 0 0.6000000000000001 0 0 0 0 0 1.4000000000000001 0.2 7.2 0 0 0 1 3.8000000000000003 12 1.8 0 0.2 4.2 2.2 1.2000000000000002 0 4.6000000000000005 0 2 2.2 0 0 0 0 0.4 0 0 0 0 0 0 0 0 0 0 0 0 0 2.6 0 0 0 0 0 0 0 0 0 0 0 0 0 0 0 0 0 0 0 0 0.2 0 0 0 0 0.4 0 0.4 0 0 0 0 0.4 0 0 0 1.6 0 0.8 0 0 2 2.2 6.6000000000000005 3.4000000000000004 0 0 0 3 1.4000000000000001 0.2 0 0 0.2 5.2 0 2.6 5.800000000000001 8.8 2.8000000000000003 6.4 0 0 0 0 0 0 0 0 0 0 0 0 0 0 0 0 0 0 0 0 0 0 0 0 0 0 0 0 0 0 0 0 0 0 0 0 0 0 1.4000000000000001 0 0 0 0 0 0 0.4 0 0 0 0 0 0 0 0 0 0 0 0 0 1 0 0.4 0 0 0 0.2 0.2 0 0.4 0 0.2 0.2 0 0 0 0 0 0 0 0 0 0 0 0 0 0 0 0 0 0 0 0 0 0 0 0 0 0 0 0 0 0 0 0 0 0 0 0 0 0 
 32 15 9.600000000000001 16.2 13.200000000000001 12.4 37.2 65.60000000000001 25 17 8.6 9.4 55.400000000000006 0 44 53.2 29 46.6 78 105.4 1 0 0.6000000000000001 0 0.4 0 0 0.6000000000000001 0 0.4 0.4 0 0.6000000000000001 0 0 0 0 0.2 0.6000000000000001 0 0 0 4.800000000000001 1 0 0 0 1 0 1.4000000000000001 0.4 0 0.6000000000000001 0 0 0 0 0.2 0 0 0 0 0 0 0 1.4000000000000001 0.8 0 0.6000000000000001 0 0 0 0.6000000000000001 0 0.4 0 1.2000000000000002 0.8 0 1 2.2 4.2 0 3.6 0 0 1.8 4.800000000000001 7.800000000000001 4.2 0 0.2 2 0.6000000000000001 4.6000000000000005 4.2 4.2 0.2 2 2.8000000000000003 0 0 0 0 0 0 0 0 0 0 0 0 0 0 0 0 0 0 0 0 0 0 0 0 0 0 0 0 0 0 0 0 0 0 0 0 0 0 0 0 0 0 0 0 0 0.4 0 0 0 0 0 0 0 0 0 1.2000000000000002 0 0.4 0 0 2.2 0 6.4 1.8 3.8000000000000003 0 12 11.4 1 6.6000000000000005 0 0 2.6 4.4 0 0.2 5.6000000000000005 3.8000000000000003 1 6.4 0 0 0 0.4 0.4 0 0.4 0 0 0 0 0 0 0 0 0 0 0 0 0 0 0 0 0 0 0 0 0 0 0 0 0 0 0 0 0 0 4 0 0 0 0 0 0 0 0 0 0 0 0 0 0 0 3 0 0 0 0 0 0 0 2.8000000000000003 0 0 0 0.4 0.4 0 0.2 0 0 4.6000000000000005 0 0 0 0 0 0 0 0 0 0 0 0 0 0 0 0 0 0 0 0 0 0 0 0 0 0 0 0 0 0 0 0 0 0 0 0 0 0 
 29.400000000000002 11.600000000000001 12.200000000000001 15 12.600000000000001 10.4 47.800000000000004 58.400000000000006 30.6 35.2 15.200000000000001 63.800000000000004 29 44 0 61 8.6 37.800000000000004 14.4 52.2 0 0 0 0 0.4 0 0 0.4 0 0 0 0 0 0.2 0 0 0 0 0.2 0 0 0 0 0 0 0 0 0 0 0 0.6000000000000001 0 0.6000000000000001 0 12.200000000000001 0 0 0 0 0 0 0 0 0 0 1.6 0 0 0.6000000000000001 0 0 0 0 0 9.600000000000001 0 0 6 0 0 0.2 7.2 3.2 5.4 0 0 3 3.4000000000000004 6.2 6.800000000000001 0 0.2 2.6 0.6000000000000001 4.4 0.2 4.800000000000001 0.2 0 6.6000000000000005 2.2 0 0 0 0 0 0 0 0 0 0 0 0 0 0 0 0 0 0 0 0 0 0 0 0 0 0 0 0 0 0 0 0 0 0 0 0 0 0 7 0 0 0 0 0 0 0 0 0 0 0 0 0 0 0 0.2 0 0 0 0 0.2 8.6 2.2 2.2 1.2000000000000002 4.4 1 7.800000000000001 5 2.2 0 0 4.2 3.2 8.6 3.8000000000000003 4.4 6.4 6.4 3.2 3.8000000000000003 0 0 0.2 0.2 3.8000000000000003 0.2 0 0 0 0 0 2 0 0 0 0 0 4.2 0 0 0 0.4 0 2.2 0 0 0 0 0 0 0 0 0 0 0 0 0 0 0 0 0 0 0 0 1 0 0 0 0 0 0 0 0 0 0 0 0 0 0 0 0 0 0 0 0 0.2 0 0 11.8 0 0.6000000000000001 0 0 0 0 0 0 0 0 0 0 0 0 0 0 0 0 0 0 0 0 0 0 0 0 1.8 1.2000000000000002 0 0 0 0 0 0 0 0 0 0 0 0 
 25 13.200000000000001 47 23.200000000000003 18.400000000000002 16.2 68.8 132.20000000000002 32.2 11 44 26.6 24.8 53.2 61 0 32.800000000000004 28.8 27.200000000000003 12.200000000000001 0.2 5.2 0 0 0.4 0 14.600000000000001 0.8 0.4 0 0 0 15.200000000000001 0 0 0 0.2 0 0 0 0 0 0 0 0 0 0 0.2 0 0 0.6000000000000001 0 0.6000000000000001 0 0 0 0 0 0.6000000000000001 0 0 0 0 0 0 0.6000000000000001 0 0.4 0.6000000000000001 0 0 0 0 0 0.6000000000000001 0 0 0 0 0 7.6000000000000005 4 0 3.6 2.2 2.4000000000000004 0 2.6 4.800000000000001 5.800000000000001 3 10.600000000000001 1 2 0 0 1.8 3 0 6.800000000000001 2 0 0 0.2 0 0 0 0.4 0 0 0 0 2 0 3.4000000000000004 0 0 0 2 3.6 0 0 0 0 0 0 0 0 0 0 0 0 0 0 0 0 3.2 0 0 3.6 0 0 0 0.2 0 0 0 0 0 0 0 0 0 0 0 0 0 0 0 1 0 3.2 0 11.4 0 2.6 0.2 0 4.6000000000000005 2.4000000000000004 3.8000000000000003 6.6000000000000005 0 3.2 0.4 5.4 2.2 2.8000000000000003 1.2000000000000002 2.8000000000000003 0.2 0 0 0 0 0 3 0 0 0 0 0 0 0 0 0 0 0 1.4000000000000001 0.4 0 0 0 0 0 0 0 0 0 0 0 0 0 0 0 0 0 0 0 0 0 0 0 0 0 0 0 0 0 0 0 0 0 0 0 0 0 0 0 2.4000000000000004 0 2.4000000000000004 0 0 0 0.2 0.2 0 0.4 0.2 0 0.2 0 0 0 0 0 0 0 0 0 0.4 2 0 0 0 0 0 0 0 0 0 0 0 0 3 3 0 0 0 0 0 0 0 0 0 0 0 0 0 
 24.200000000000003 4 18.8 45.800000000000004 24.200000000000003 21.8 7.800000000000001 58 25.400000000000002 56.2 55.400000000000006 44.6 6.800000000000001 29 8.6 32.800000000000004 0 61.2 11 10.200000000000001 56.2 0 13 0 0.4 0 3.6 0.4 0 0.4 0.2 0 0 0 0 0 0 0 0.2 0 0 0 0 0 0 0 0 0.4 0 0 0.6000000000000001 0 0.6000000000000001 0 0 13.200000000000001 0 0 1.6 0.6000000000000001 0 0 0.8 0 0 0 0 0 0.6000000000000001 0 0 0 0 0 0.6000000000000001 0 0 0 0 0 2.4000000000000004 1.4000000000000001 3.6 2 0 1.6 0 0.2 7 2.2 4.800000000000001 3.2 0 3.8000000000000003 5.2 7.800000000000001 7 5.2 0 0 0 0 0 0 0 0 0 0 0 0 3 0 0.2 2 2.6 0 0 0 5.800000000000001 3.8000000000000003 0 0 0 0 0 0 0 0 0 0 0 0 0 0 0 0 0 0 0 0 0 0 0 0.6000000000000001 0 0 0 0 1 0 0 0 0 0 0 0 0 0 0 0 0.4 4 0.2 3.8000000000000003 3.8000000000000003 6.6000000000000005 4.800000000000001 0 3.8000000000000003 2.2 6.2 4 0 5.2 2.8000000000000003 1.8 2.8000000000000003 2.8000000000000003 0.2 2 0 0 0 0 0 0 0 0 0 0 0 0 0.4 0 0 0 0 0 10.200000000000001 0 0 0 0 0 0 0 0 0 0 0 0 0.2 0 0 0 0 0 0 0 0 0 0 0 0 0 0 0 0 0.4 0 0 0 0 0 0 0 0 0 0 0 0 2 0 0 0.2 0 21.400000000000002 0 1 0.2 0.4 0.8 0 0 0 0 0 0 0 0 0 0 2.4000000000000004 0 0 0 0 0 0 0 0 0 0 0 0 2 1.8 6.2 0 0 0 0 0 0 0 0 0 0 0 0 
 7.2 8 43.6 65.8 15.4 15 10.200000000000001 8 11.600000000000001 33 32.6 18.6 6.800000000000001 46.6 37.800000000000004 28.8 61.2 0 83 5.6000000000000005 3.8000000000000003 0 0 0.6000000000000001 0.4 0 14.8 15.200000000000001 1.2000000000000002 0 0.6000000000000001 0 0.4 18.6 0.4 0 0 0.6000000000000001 0.2 0.6000000000000001 0 0 0 1 0.4 0 0.6000000000000001 1 0 0 0.6000000000000001 0.6000000000000001 0.6000000000000001 0 0 0 0 1.2000000000000002 1 0 0 0 0 0 0 1 0 0 0.6000000000000001 0.6000000000000001 0 0 0 0 0.4 0 0 0 0 0 3.4000000000000004 5.2 0 16.8 0 2.8000000000000003 3.8000000000000003 1.8 5.4 6.2 4.800000000000001 5.6000000000000005 0.2 4.800000000000001 5.2 1.2000000000000002 8.6 2 0 4.2 0 0 0 0 0 0 0 0 1 0 0 0 1.8 2.2 1.8 0 0 0 5.4 3 5.2 0 0 0 0 0 0 0.8 0 0 0 0 0 0 0 0 0 0 0 0 0 0 0 0.4 0 0.4 0 0 0.8 0.4 0 0 0 0 0 0 0 0 0.2 4.4 0 0 0 0 2.2 0 6.6000000000000005 0 3.6 3.6 6.6000000000000005 0 0 5.2 3.6 0 5.6000000000000005 3.8000000000000003 0 5.2 0 2 0 0 0 0 0 0 0 0 0 0 0 0 0 0 0 0.2 10.600000000000001 0 0 0.4 1.8 0 0 0 0 0.2 0 0 0 0 0 0 0 0 0 0 0 0 0.4 0 0 0 0 0 0 0 0 0 0 0 0 0 0 0 0 0 0 0 0 0 0 0 0 1.6 0.2 0 0.2 1 0 1 0.4 0 0 0 0 0 0 0 0 0 1.8 0 0 0 0 0 0 0 0 0 0 0 0 0.4 2 0.8 0 0 0 0 0 0 0 0 0 0 0 0 
 32.2 33.4 49.800000000000004 51.2 14.4 10.8 25.200000000000003 21.6 34.4 43.400000000000006 6.4 11 57.400000000000006 78 14.4 27.200000000000003 11 83 0 84.4 0 0 0 0 0.4 0.6000000000000001 0 0.4 0 0.4 0 0 0 0 0 0 0.2 0 0.4 0 0.4 0 0 0 0 0 0.4 0.8 0.6000000000000001 2.6 0.6000000000000001 0.8 2.2 0 0 0 0 1.4000000000000001 0 0.6000000000000001 0.6000000000000001 0.6000000000000001 1 0 0 1.8 0 0 0.6000000000000001 0 0 0 0.2 0 0.6000000000000001 0.6000000000000001 0 0.6000000000000001 0 0 2.8000000000000003 8 2.2 4.6000000000000005 3.4000000000000004 0 4.4 2.8000000000000003 4.4 3.6 2.2 0.2 15.4 2.8000000000000003 4.6000000000000005 1.8 5.800000000000001 0 1.6 7 0 0 0 0 0 0 0 0 0 0 0 0 0 0 0 0 0 0 0 0 0 0 0 0 0 0 0 0 0 0 0 0 0 0 0 0 0 0 0 0 0 0 0 0 0 0 0 0 1.6 0 0 0 0 0 0 1 0 1.4000000000000001 0 0 2.6 0 2.8000000000000003 0 1.6 0 3 2.4000000000000004 3.2 5 0 0 0 5 3 13.200000000000001 8 7.6000000000000005 2.6 8.4 0 0 0 0 0 0 0 0 0 0 0 0.2 0 0 0 0 0 0 6.800000000000001 0 0 0 0 0 2.2 0 0 0 0 0 0 0 0 0 0 0 0 0 0 0 0 0 0 0 0 0 0 0 0 0 0 0 0 0 0 0 0 0 0 0 0 0 0 0 0 0.4 17.2 0.2 0.4 0.4 0 2 0 0 0 0 0 0 0 0 0 0 0 0 0 0 0 0 0 0 0 0 0 0 0 0 0 0 0 0 0 0 0 0 0 0 0 0 0 0 
 85.60000000000001 61.800000000000004 12 31.6 12.4 10.200000000000001 13.8 52.2 9.8 32 13 8.8 62.6 105.4 52.2 12.200000000000001 10.200000000000001 5.6000000000000005 84.4 0 0 40.6 0 0 0.6000000000000001 0 15.4 0.4 0 0 0 0 0 0 0 0 0 0 0.4 0 0 0 0 0 0 0 0 0 14 0 0.6000000000000001 0 2 0 0 0 0 0 0 0 0 0 0 0 0 0 0 0 0.6000000000000001 4.6000000000000005 0 0 0 0 0.6000000000000001 0 9.4 0 0 0 0 2.6 1.6 0 2.8000000000000003 0 8.4 6 2.2 3.4000000000000004 0 0 2.8000000000000003 2.2 1.8 0 0 0.2 0 0 0 0 0 0 0 0 0 0 0 0 0 0 0 0 0 0 0 0 0 0 0 0 0 0 0 0 0 0 0 0 0 0 0 0 0 0 0 0 0 0 0 0 0 0 0 0 0.4 0 0 0 0 0 0 0 0 1.2000000000000002 0 0.6000000000000001 0 0 2 5.800000000000001 5 0.2 2.8000000000000003 0 0 4.800000000000001 0 3.6 0 0 7 6.6000000000000005 2 0.2 3.8000000000000003 0 13 3 0 0 0 0 0.2 0 0 0 0 0 0 0 0.8 0 0 0 0.2 0 0 0 0 0 0 0 0 0 0 0 0 0 0 0 0 0 0 0 0 0 0 0 0 0 0 0 0 0.4 0 0 0 0 0 0 0 0 0 0 0 0 0 0 0 0 0 0 0 0.8 17.6 0 0.2 0 0 1.4000000000000001 0 0 0 0 0 0 0 0 0 0 0 0 0 0 0 0 0 0 0 0 0 9.8 0 0 0 0 0 0 0 0 0 0 0 0 0 0 0 0 
 0 0 14.8 0 18 36.2 14.600000000000001 0 17.400000000000002 0 0.4 15.8 0 1 0 0.2 56.2 3.8000000000000003 0 0 0 36.2 19 29.6 26.8 6 36 46.400000000000006 7.2 108.80000000000001 21 5.6000000000000005 34 77.2 68 7.6000000000000005 38.2 36 9.600000000000001 15.200000000000001 0.2 0 0 0 0 0 0 0.2 0.6000000000000001 0 3.4000000000000004 0.4 0 0 0 0 0 0 0.8 0 0 0 0 0 0 0 0 0 0.8 0 0.6000000000000001 0 0 0 0.6000000000000001 0 0 0.6000000000000001 0 0 0 0 0 0 0 2.4000000000000004 0 0 0 0 4.800000000000001 2.8000000000000003 0 0 0 0 0 0.4 0 0 4.2 5.6000000000000005 3 5.6000000000000005 0 0 1.2000000000000002 6 4.4 2 10.4 0 0 3.8000000000000003 17.400000000000002 3.6 3.8000000000000003 7 5.800000000000001 5.2 0 0 0 0.4 0 0 0 0 0 2.2 0 0 0 0.4 0 0 0 0 0 0 0 0 0 0 0 0 0.2 0 0 0.4 0 0 0 0 3.2 0 0.4 0 0 0 0.6000000000000001 0 0 1.4000000000000001 1.8 2 0 0 0 0 4.2 0.6000000000000001 0 0 0 0 0 0 0 0.8 0 2 5.4 3.6 0 0 7.2 0 2 0.2 2.6 2.6 2.8000000000000003 0 0.2 4.4 2.6 0.4 0 0.2 0 0 0 0 0 0 2.4000000000000004 3.2 0 0 0 0 0 0 0 0 0 0 0 0 0 0 0 0 0 0 0.2 0 0 0 0 0 0 0 0 0 0 0 0 0 0 0.8 3.8000000000000003 0 0 0 0 0 0 0 0 0 0 0 3.2 0 0 0.2 0 0.2 1 0 2.6 0 0 0 0 0 0 0 0 0 0 0 0 0 0 0 0 0.2 0 0 0 0 0 6 0 0 0 0 
 0 0 41.6 0.2 0 30 0 0 0 0 0 0 16 0 0 5.2 0 0 0 40.6 36.2 0 15.8 25.6 38.6 9.8 17.2 99.2 9.200000000000001 81.4 17.6 20.6 21.200000000000003 30.8 62.2 21 31.200000000000003 26 82.60000000000001 35.6 0.8 0 0 0.4 0.2 0.4 0.4 0 0.6000000000000001 0 0 1 0.6000000000000001 0 0 0 0 0 0.2 1.2000000000000002 0.6000000000000001 0 0 0.6000000000000001 0 0.2 0 0 0.4 0 0.6000000000000001 0 0 0 0.6000000000000001 0 0 0.6000000000000001 0 0.4 0 0 0 0 0 2.8000000000000003 0 0 0 0 0 0 0 0 0 0 0 0 0 0 0 7 4.800000000000001 3.4000000000000004 0 4.2 2 4.6000000000000005 8.200000000000001 6.4 2.6 6.4 0 0 2 8.6 4.2 9 0 4 0 0 0 0 0 0 0 0.2 0 0 0 0 0.4 0 0 0 0 0 0 2.2 0 0.4 0 0 0 0 0 0 0 0.8 0 0 0 0 1.2000000000000002 0 0 0 0 0 0 0 0 0 4.4 2 0 0 0 0 4 0 0 0 0 0.2 0 0 0 0 4 3.6 2.8000000000000003 3 0 0.2 2.2 2.4000000000000004 2.6 4.2 4.4 2.2 0 2.4000000000000004 2.8000000000000003 6.4 11 1.4000000000000001 5.2 7.2 0 2.4000000000000004 0 0 0 0 3.2 4.4 0 0 0 0 3.4000000000000004 3.6 0 0 0 0 0 0 0 0 1.6 0 0 0 0 0 0 0 0 0 0 0 0 0 0 0 0 0 0 0 0 0 0 0 0 0 0 0 0 0 0 0 0 0 0.4 0.4 0 0 4.800000000000001 0.4 0 0 0 0 0 0 0 0 0 0 0 0 0 0 0 0 0 0 0 0 0 0 0 0 0 0 0 0 
 0 0 0 0.2 0.2 3.4000000000000004 0 0.2 0 0 0 0.4 14.8 0.6000000000000001 0 0 13 0 0 0 19 15.8 0 17.400000000000002 24.400000000000002 9.8 35.800000000000004 31.400000000000002 43.2 13.600000000000001 18.6 36.2 14.200000000000001 11.200000000000001 53 45.800000000000004 36.800000000000004 98.60000000000001 26 35.4 0.2 0 0 16 0 0 0 0.2 0.6000000000000001 0 0 0.4 0 0 0 0 0 0.4 0 0 0 0.2 0 0 0 0 0 0 0 0 0.6000000000000001 0 0 0 0.6000000000000001 0 0 0.6000000000000001 0 0 0 0 0 0 0 0 0 0 0 0 0 1 0 0 0 0 0 0 0 0 2.6 7.800000000000001 0 2.4000000000000004 1.8 2.4000000000000004 6.4 10.200000000000001 5 5.6000000000000005 4 3.8000000000000003 0 1.6 9.8 0 2.8000000000000003 4.2 2.6 0 0 0 0 0 0 0 3.4000000000000004 0 0 0 0 0 1.8 0 0 0 0 0 1.8 4.2 0 1 0 0 0 0 0 1 0 0.8 0 0 0.8 0 0 0 0 0 0 0 0 0 0 0 1 3.4000000000000004 0 0 0 0 0 0 0 0 0 0 0 0 1.4000000000000001 0 7.2 3.2 6.6000000000000005 5 4.800000000000001 4 0 5.2 4.800000000000001 2.8000000000000003 2.2 0.2 6 0 2.8000000000000003 2.6 0 4.6000000000000005 0 4.2 0.6000000000000001 0 0 0 0 0 4.4 3.8000000000000003 0 0 0 0 0.2 0 0 0 0 0 0 0 0 0 0 0 0 0 0 0 0 0 0 0 0 0 0 0 0 0 0.4 0 0 0 0 0 0 0 0 0 0 0 0 0 0 0 1 0.4 0 0 15.200000000000001 0.4 0 0 0 0 0 0 0 0 0 0 0 0.2 0 0 0 0 0 0 0 0.2 0 4.2 0 0 0 2 0 0 0 0 
 0 0 0 0.6000000000000001 0 0.2 0 0 0 0 0 0 0 0 0 0 0 0.6000000000000001 0 0 29.6 25.6 17.400000000000002 0 25.400000000000002 10.200000000000001 16.400000000000002 13.200000000000001 14.600000000000001 32.800000000000004 54.400000000000006 11.600000000000001 20.8 32.2 46 22.200000000000003 17.400000000000002 13.4 35.6 65.8 13.600000000000001 0.4 0 1 1 0.6000000000000001 13.200000000000001 6.6000000000000005 2 0.4 0.4 8.8 13.4 12.4 0 0.4 0 0 13.4 12.8 0 0.2 0 0.4 0 0.4 0 0 0 0 1 0 0 0 0.6000000000000001 0 0.6000000000000001 0.8 3.8000000000000003 0 0 0 0 0 0.2 0 0 0 0 3 0 0 0 0 0 0 0 0 0 0 0 15.200000000000001 7.2 0.4 1.6 1.6 0 11 5 0 5.800000000000001 0 2.4000000000000004 0 0.2 5.6000000000000005 0 0 0 0 2.2 0 1.6 0 0 0 5.2 0.6000000000000001 2.8000000000000003 1.4000000000000001 0 0.8 4.6000000000000005 2 0 3 0 0.2 6.2 1.8 0 1.2000000000000002 0 0 0 0 0 0 0 0.8 0 0 2.8000000000000003 0 1.2000000000000002 0 0 1.4000000000000001 0 0 0 0.8 0 0 0 0 0 0 0 0 0 0 0 0 0 0 0 0 0 0 0 0 1.8 0 1.4000000000000001 0 0 0 5.2 2.4000000000000004 6.2 4.4 0 2.2 3.4000000000000004 5.2 3.2 0 0.2 0 4.2 2.2 0.2 0 0 0 4 0 2.4000000000000004 0 5.4 0 3.2 4.4 9.200000000000001 0 0 0 2.2 4 0 0 0 0 0 0 0 0.4 0 0.8 0 0.4 0 0 0 0 0 0 0 0 0 0 0 0 0 0 0 0 0 0 0 0 0 0 1.2000000000000002 0 0.4 15.8 0 0.6000000000000001 0.4 0 0 0 0 0 0 0 0 0 0 0 0 0 0 0 0 0 0 0 0 1.8 0 0 0 0 0 0 0 0 
 0.4 1.4000000000000001 0.4 0.4 0.4 0.4 0.6000000000000001 0.4 0.4 0.4 0.4 0.4 0.4 0.4 0.4 0.4 0.4 0.4 0.4 0.6000000000000001 26.8 38.6 24.400000000000002 25.400000000000002 0 23.400000000000002 15.600000000000001 11.200000000000001 17.8 23 54.2 24 56.2 28.400000000000002 17.8 34.800000000000004 89.80000000000001 67 16.6 22.6 12.600000000000001 12.8 0 0 0 0 0.8 6.6000000000000005 0.6000000000000001 12.200000000000001 0 0.8 12.600000000000001 0 0 12.4 0 0 0 0.6000000000000001 0 0 10.600000000000001 1.4000000000000001 0 0.2 0 0 0 0 0.4 1 0 0.2 0.6000000000000001 0 0 0.6000000000000001 9.8 0 0 0 0 0 0 0 0 0 0 0 0 0 0 0 0 0 0 0 0 0 0 4.4 3 6.4 0 8.8 0.4 3.6 6.6000000000000005 0 3.6 1.4000000000000001 0 0.4 0 10.600000000000001 0 4 0 0 0.2 0 0.2 3 0 0 0 2.6 0.2 5.2 0 3 9.600000000000001 2.4000000000000004 5.800000000000001 0 1.6 2.6 0.2 2.2 0 1.2000000000000002 0 0 0 0 0 0 0 0.8 0 0.2 0 0 1 0 0 0.2 0 0 0 0 0 0 0 0.4 0 0 0 0 0 0 0 0 0 0 0 0 0 0 0 0 0 13 0 3.8000000000000003 0 0 2.6 2.2 3 3.8000000000000003 0 0 0.2 0.6000000000000001 0 2.2 0 0 1.8 5.6000000000000005 0 2.6 0 0 0.4 8 1.6 0 2.6 0 10.200000000000001 11.4 1.6 3.6 2.6 3.4000000000000004 2.8000000000000003 3.2 0 0 0 0 0 0 0 0 0 0 0 0 0 0 0 0 0 0 0 0 0 0 2.6 0 0 0 0 0 0 0 0 0 0 0 3.2 0 0 16.2 16.6 0 0.2 0 3.6 0 0 2.8000000000000003 0 0 0 0 0 0 0 0 0 0 0 0 0 0 0 4.2 0 0 0 0 0 0 0 0 
 0 0 0 0.2 0 15.8 0 0 0 0 0 0.2 0 0 0 0 0 0 0.6000000000000001 0 6 9.8 9.8 10.200000000000001 23.400000000000002 0 65.4 9.600000000000001 8 11.8 16.6 37.4 10.8 12.200000000000001 54 17 27 28.8 5.800000000000001 13.600000000000001 21 23.200000000000003 0.2 0.2 0 0 5.6000000000000005 5 11.8 12 24 0.6000000000000001 15.4 12.600000000000001 4.4 20.6 15.200000000000001 0.6000000000000001 12.600000000000001 13.200000000000001 12.4 0 0 2.4000000000000004 1 0.4 0 0.2 0 0 0.4 1.8 0 0 1.8 8.6 0 0.6000000000000001 1.2000000000000002 0.2 0 0 0 0 0 1.4000000000000001 0 0 0 0 0.4 0 0 0 0 0 0 0 0.4 0 0 0.4 0 0 4 2 0 0 0 0 0 0 0 0 0 0 0 0 0.4 0 3.8000000000000003 0.2 3.4000000000000004 2.8000000000000003 0 0 5.2 2.4000000000000004 3.6 8.8 4.6000000000000005 3.2 12.4 9.8 8.6 6.800000000000001 4.2 6.800000000000001 1 1.6 0 0 0.4 0 1.2000000000000002 0 0 0 0 0 0 6.800000000000001 0 0 0 0 2.2 0.2 0 0 0 0 0 0 0 0 0.2 0 0.2 0 0.4 0 0 0 0 0 0 0 0 0 0 0 0 0 0 2.8000000000000003 0 0 0 0 0 2.4000000000000004 0 0 0 0 0 0 0 0 5.6000000000000005 4 4.4 0.8 0 0 4.4 2.6 2.2 10 12.200000000000001 0 9.200000000000001 0 0 7.800000000000001 4 8.4 7.4 5.2 0 0 0 0 0 0 0 0 0 0 0.2 0 0 0 0 0 0 6.6000000000000005 0 0 0 0 0 0 0 0 0 0 0 0 0 0 0 0 3 0 0.2 0.4 1 0 0 0.4 0.2 0 0 4.6000000000000005 0 0.2 0 0 0 0 0 3.2 0 0 0 0 0 0 0 0 0 0 0 0 0 0 0 0 
 30.8 15.200000000000001 3.2 0 26.6 0 14.600000000000001 0.2 47 0 15 14.4 0 0 0 14.600000000000001 3.6 14.8 0 15.4 36 17.2 35.800000000000004 16.400000000000002 15.600000000000001 65.4 0 32.2 35.6 38 5.4 13 32.6 33.6 151.8 22.8 23.8 21.400000000000002 25.200000000000003 39.800000000000004 0.2 0 0.4 0.6000000000000001 0.2 0 0.2 0.4 13.8 0.6000000000000001 0 0.4 0 0 0.6000000000000001 0 0 0.8 0.8 0 0 0 0 0 0 0 0 0 0 4.800000000000001 0.6000000000000001 0 0.6000000000000001 0 0.6000000000000001 0 0.6000000000000001 1.2000000000000002 0 0.6000000000000001 0 0 0 0.4 3 0 0 0 0 0 1.8 1.2000000000000002 0 0 0 0 0 3.8000000000000003 0 0 2.4000000000000004 2.6 3.6 3 1.6 0.4 4.2 2 3.6 7.4 0 3.8000000000000003 0.8 7.800000000000001 4 0.2 0 3 1.6 1.6 0 0 0 0 0 0 0 0 0 0 0 0 0 0 0 0 0 0 0 0 0 0 0 0 0 0 0 1 0 0 0 0 0.8 0 0 0 0 0 0 0 0 0.2 1.8 11 0.2 0 0 0 0 0 2 2.8000000000000003 0 0 0 0 0 4.4 1 0 14.600000000000001 2.6 4.4 2 5.2 2 0 8 4.6000000000000005 0 0 2.2 3 3.6 1.4000000000000001 2 2 6.6000000000000005 0 1.2000000000000002 2.4000000000000004 0 0 0 0 0 0 0 0 0 0 0 0 0 0 0 0 0 0 0 0 0 0 0 0 0 0 0 0 2.6 0 0 0 0 0 0 0 0 0.4 0 0 2.2 0 0 0 0 0 0 0 15.200000000000001 0 0 0 0 1.4000000000000001 0.2 0 0 0 0 0.4 1.6 2.2 0 0 0 0 0 0 0 0 0 0 0 0 0 0 0 0 1.6 0 0 0 0 0 0 0 0 0 0 
 0.4 0.4 42.2 0.4 30 29.8 0.4 0.4 1 0.4 6.800000000000001 38.6 0.6000000000000001 0.6000000000000001 0.4 0.8 0.4 15.200000000000001 0.4 0.4 46.400000000000006 99.2 31.400000000000002 13.200000000000001 11.200000000000001 9.600000000000001 32.2 0 44.800000000000004 11.200000000000001 8.6 5.6000000000000005 70.2 15.200000000000001 28.8 67.4 21.8 21.8 12.200000000000001 58.2 0 0 0 0 0 0 0 0.4 0.6000000000000001 0 0 0.6000000000000001 0 0 0 0 0 0 0.2 0 0 0 0 0 0 0.2 0 0 0 0 0.4 0 0 0 0.6000000000000001 0 0 0.6000000000000001 0 0 0 0 2.4000000000000004 0 3.8000000000000003 0.2 0 0 0 0 0 2 0 0 0 0 0 0.2 0 0 0.4 0.6000000000000001 0 2.6 0 1.6 1.8 1.8 1.8 6 0 3.6 0.2 9.8 2.8000000000000003 2.2 5 7.6000000000000005 0 4.6000000000000005 0 0 1.4000000000000001 1.2000000000000002 0 0 0 0 0 0 0 0 0 3.6 0 0 0 0 0 2 0 0 0 0 0 0 0.2 0 0 0 0 0 0 0 0 0 0.2 0 0 0 0 0 0 0 2.4000000000000004 1.8 0 0 0 0 3.8000000000000003 0.6000000000000001 0 0 0.4 0 0 0 0.8 2.6 1.4000000000000001 4.2 5 0 3.6 0.4 2.2 9.600000000000001 7.2 2.8000000000000003 1.8 0 2.2 7.2 0.2 3 6.2 0 4.800000000000001 19.8 0 2 0 0 0 0 0 0 0 0 0 0 0 0 0 0 0 0 0 0 0 0 0 0 0 0 0.4 0 0 0 0 0 0 0 0 0.4 0 0 0 0 0 0 0 0 0 0 0 0 0 0 2.8000000000000003 0 0 0 2.6 0 0 0 0 0 0.6000000000000001 0.8 1.4000000000000001 0 0 0 0 0 0 0 0 0 0 0 0 0 0 0 0 0 0 0 0 0 0 0 0 0 0 0 
 1.2000000000000002 0 0 0.4 0 14.8 0 0.4 0 0 0 0.8 0 0 0 0.4 0 1.2000000000000002 0 0 7.2 9.200000000000001 43.2 14.600000000000001 17.8 8 35.6 44.800000000000004 0 77.60000000000001 23 70.2 23 39.400000000000006 51.2 15.8 21.8 41 42.400000000000006 19.400000000000002 0.2 0.2 0 0 0 0 12.4 0 2.8000000000000003 0 0 0.4 0 0 0 1.2000000000000002 0 0.4 0 1.2000000000000002 0 0.2 0 0 0 0 0 0 0.6000000000000001 0 0.6000000000000001 0 0 0 0.6000000000000001 0 0 0.6000000000000001 0 0 0 0 0 0 0 1.8 7.4 0 0 0 0 0 0 0 0 0 0 0 0 0 0 1.8 8.8 3 5 0 3.2 4.6000000000000005 3.6 0.2 1.4000000000000001 10 0 3.6 0 4 3.4000000000000004 3.8000000000000003 3.6 0.4 2 0 0 0 0 0 0 3.4000000000000004 0 0 2.2 0 0 0 0 0 0 0.4 2.6 1.8 0 1.4000000000000001 0 0 0 0 0 0.6000000000000001 2.6 1.4000000000000001 0 0.4 1 0 0 0 0 0 0 0 0 0 0 0.4 0 0.2 0 0 0 0 0 0 0 0 0 0 0 0 1 0 8.4 4.6000000000000005 5.2 0 4.800000000000001 1.8 3.6 8.200000000000001 0 3.4000000000000004 0.2 2.6 1.8 0 4.6000000000000005 6.6000000000000005 4 3.2 0 3.4000000000000004 0 0.2 0 0 0 0 6.800000000000001 0 0 0 0 0 0 0 0 0 0.4 0 2 0 0 0 0 0 0 0 0 0 0 0 0 0 0 2.6 0 0 0 0 0 0 0 0 0 0 0 0 0 0 0 0 0 0 0 0 1.4000000000000001 0 0.4 14.8 0 0 0.6000000000000001 0 0 0 0 0 2 0 0 0 0 0 0 0 0 0 0 0 0 0.2 0 2 0 0 0 0 5 0 0 0 
 0.2 0 0 0.8 4.800000000000001 0 0 40.800000000000004 41 0 0 41.800000000000004 0 0.4 0 0 0.4 0 0.4 0 108.80000000000001 81.4 13.600000000000001 32.800000000000004 23 11.8 38 11.200000000000001 77.60000000000001 0 35.4 7.4 26.8 84.80000000000001 20.8 23.400000000000002 40.800000000000004 84.60000000000001 13.8 27.200000000000003 0 0 0 7 0.4 0 16.400000000000002 15 0.6000000000000001 0 0.4 0.6000000000000001 0 12.4 0 0 0.4 0 0 0 0 9.8 0 0 0.2 0.6000000000000001 0 0 0 0 0.4 0.4 0 0 0.6000000000000001 9 0 1.2000000000000002 0 0 0 0 0 0 0 0 0 0 0 0 0 0 0 0 0.4 0 0 0 0 0 0 6.4 7 4.4 2.6 5 0 3.2 4.2 4.2 5.4 0.2 0 0 0 9 4 0 0 0 2 0 2.8000000000000003 0 0 0 4.800000000000001 2.8000000000000003 0 0.6000000000000001 0.4 0 0.6000000000000001 3.2 0 0 0 0 2.4000000000000004 2.4000000000000004 0 1.2000000000000002 0 0 0 0.2 0 0 0 2.4000000000000004 0 0 4.2 0 3.6 0 0 0 0 0 0 0 3.8000000000000003 0 1 0 0 0 0 0 0 0 0 0 0 0 0 3 0 0 3.4000000000000004 8 0 8.6 4.2 1.8 0 4.800000000000001 0 0.2 5.6000000000000005 8 0 2.8000000000000003 6 0.2 4.800000000000001 7.4 0 0 9.4 0.4 0 0 0 0 4.4 0 0 0 0.2 0 2.2 0 0 0 0 0 8.8 0.2 0 0 0 0 0 0 0 0 3 0 0 0 0 0 0 0 0 0.4 0 0 0 0 0 0 0 0 0 0 0 0 0 0 0 0 2.4000000000000004 0 0.6000000000000001 15.4 0 0.4 0.4 0 0 0 0 0 0 0 0 0 0 0 0 0 0 0 0 0 0 2.6 0 1.8 0 0 0 0 0 0 0 0 
 1.2000000000000002 0 0 0 0 0 0 0 0 0 0.2 0 0 0.4 0 0 0.2 0.6000000000000001 0 0 21 17.6 18.6 54.400000000000006 54.2 16.6 5.4 8.6 23 35.4 0 54.400000000000006 12 9 31.6 32.6 26.8 39 7 76.2 14.4 0.2 0 0 0 0 5.2 0.6000000000000001 0.6000000000000001 0 0 1.6 12.4 0 0 0 0 0 0 4.6000000000000005 0 0.2 0 0 0 0 0.6000000000000001 0 0 0 0.6000000000000001 0 0 0 0.6000000000000001 0 0 0.6000000000000001 0 0 0 0 0 0 0 0 0 0 0 0 0 0 0 0 0 0 0 0 0 0 0 2 3.8000000000000003 5.800000000000001 0 1 0 0.2 3.6 2.6 4.2 0.2 0 0 0 3.8000000000000003 0.2 3.8000000000000003 3.8000000000000003 0 2.2 0 0 0 0.2 0 5.800000000000001 2.6 2.2 0 0 0 3.6 0 3.8000000000000003 1.6 0 0.2 4.6000000000000005 2.4000000000000004 0 1 0 0 0 0 0 0 0 0.8 0 0 0 0 0.6000000000000001 0 0 1.2000000000000002 0 0 0 1.2000000000000002 0 0 0 0 0 0 0 0 0 0 0 0 0 0 0 0 0 0.2 0 0 0 6.6000000000000005 1.4000000000000001 5.800000000000001 0 0 8 2.8000000000000003 6.6000000000000005 6.2 0 0 2.6 0 2 2.6 0 3.8000000000000003 3.2 2.2 0 0 0 0 3 0 2 0 0 0 3.8000000000000003 3.4000000000000004 6.6000000000000005 0 0 0 1.4000000000000001 0.2 0 0 0 0 0.4 0 0 0 0 0 0 0 0 0 0 0 0 0 0 0 0 0 1.4000000000000001 0 0 0 0 0 0 0 0 0 0 0 1 0.6000000000000001 0.4 16 15.600000000000001 0 0 0 0 0 0 0 0 0 0 0 0 0 0 0 0 0 0 0 0 0 0 3.2 0 0 0 0 0 0 0 0 
 0 0 0 0.4 0 0 0 0 0 0 0 0 0 0 0 0 0 0 0 0 5.6000000000000005 20.6 36.2 11.600000000000001 24 37.4 13 5.6000000000000005 70.2 7.4 54.400000000000006 0 13.8 4.800000000000001 5.800000000000001 29.400000000000002 31.6 14 6 5.6000000000000005 12.8 13.200000000000001 0 0 0 0 0 13 0.8 0 11.4 0.2 0 0 0.6000000000000001 5.800000000000001 12.200000000000001 1.4000000000000001 15 15.600000000000001 0.4 0.4 0 0.4 0 0.8 0 0 0 0 0.6000000000000001 0.6000000000000001 9 0 0.6000000000000001 0 0 0.6000000000000001 0 0.6000000000000001 0 0 0 0 0 0 0 0 0 0.4 0.2 0 0 0 0 0 0 0 0.2 0 0 2.8000000000000003 0 4.2 3.4000000000000004 3.8000000000000003 0 0 1.6 0 0 10.600000000000001 0 0 0 1.4000000000000001 0 4 0 0 2.8000000000000003 0 0 0 0 0 0 4.4 0 1.4000000000000001 0 0 3.4000000000000004 3 2 0 0 2.2 4.6000000000000005 9.200000000000001 0 0 0.2 0 0 0 4.2 0 0 0 1.4000000000000001 0 0 0 0 0 0 0.4 0 0 1.8 0 0 0 0 0 0.4 0 0.4 0 0.2 0 0 0 0 0 0 0 0 0 0 1.2000000000000002 0.4 5.6000000000000005 1.8 10.4 0 2.6 3 7.800000000000001 2.6 2 0 0 2.6 1.8 3.4000000000000004 8.4 0 2.4000000000000004 2 0 0 0 0 0 0.2 6.4 0 0 0 0 0.2 8.200000000000001 0 0 1.4000000000000001 1.6 2.4000000000000004 1 0 0 0 0 0 0 0 0 0 0 0 0 0 2.4000000000000004 0 0 0 0 0 0 0 0 3.8000000000000003 0 0 0 0 0 0 0 0 0 0 0 1.2000000000000002 0.4 0.8 23.8 23 0.4 0 0 0 0 0 2.4000000000000004 0.6000000000000001 0 0 0 0 0 0 0 0 0 0 0 0 0 0 2.8000000000000003 0 0 0 0 2.6 0 0 0 
 0 0 14 0 14.600000000000001 30 0 0 0 0 0 15 0 0.6000000000000001 0 15.200000000000001 0 0.4 0 0 34 21.200000000000003 14.200000000000001 20.8 56.2 10.8 32.6 70.2 23 26.8 12 13.8 0 14.8 49.6 9.600000000000001 23.8 10.200000000000001 94.60000000000001 34.800000000000004 0.6000000000000001 1 0 0 0 0 0 1.8 1.2000000000000002 0 0 2 0.6000000000000001 0 0.6000000000000001 1 0 0 0 0 0 0 0 0 0 0.2 0.2 0.4 0.4 0 0.4 0.4 0 0.8 0.6000000000000001 0 0 0.6000000000000001 0 0 0.2 0.4 4.2 0 7.800000000000001 1.8 0 0.2 0 0 0 0 0 0 0 0 0 1.4000000000000001 0 0 0 1.6 3.8000000000000003 3.4000000000000004 1 2.4000000000000004 0.2 3.2 0 12.4 0.2 2.6 5.4 0.8 1.8 9 4.800000000000001 2.2 0 2.6 0 0 0.4 0 0 0 0 0 0 2 0 0 0 0 0 0 0 0 3.4000000000000004 2.2 0 0 0 0 0 0 0 0 0 0 0 0 0 0 0.2 0.4 0 1.8 0.4 0 0.2 0 0 2.8000000000000003 3.2 2 0 0 0 0 0.2 2.6 0 0 1 2.6 0 0 0 0 3 2 5.800000000000001 0 1.6 0 3.8000000000000003 0.4 2.4000000000000004 0 3.8000000000000003 4.4 3.8000000000000003 2.4000000000000004 5.4 3 10.600000000000001 0 0 7 0 0 0 0 0 0 0 3.6 0 0 0 0.4 0 0 0 0 0 0 0 0 0 0 0 0 0 0 0 0 0.4 0 0 0 0.4 0 0 0 0 0 0 0 0 0 0 0 0 0 0 0.2 0 0 2.2 0 0 0 2 0 0.2 0 0 0.4 5.2 0 0 0 0 0 0 0 0 0 0 0 0 0 0 0 0.2 0 0 0 0 0 0 0.2 0 0 0 0 0 0 
