 0 22.6 17.400000000000002 12 26.6 25.6 12.8 30.400000000000002 80 10.4 8 73.2 20.6 51.2 25.6 23.8 56 64.8 8 33.2 0.2 0.6000000000000001 0.2 0.6000000000000001 0.6000000000000001 0 0.4 0 0.4 0.4 0.4 0.8 0.4 0.6000000000000001 0 0 0.2 0 1.2000000000000002 0 0 0 0 0.6000000000000001 0 0.4 0.6000000000000001 0 0 0 0.6000000000000001 0 0 0 0.6000000000000001 17.400000000000002 0 0.2 0 0.6000000000000001 0 0 0 0 0 0.6000000000000001 0 0.4 1.2000000000000002 0 0 0 0 0.4 0 0 0.2 0.2 2 0 2 0 0.2 0.4 0 0 3.4000000000000004 1.4000000000000001 1.4000000000000001 3.2 2 0 7 3.4000000000000004 5 3.4000000000000004 1.6 1.4000000000000001 3.2 0.2 0 0 0 0 0 0 0 0 0 0 0 0 0 0 5 0 0 0 0 0.4 0 0 0 0 0 0 0 0 0 0 0 0 0 0 0 0 0 0.4 0 0 0 0 0.4 0.2 0 0 0 0 0 0 0.6000000000000001 0 0 1.6 0 0 0 0.4 0 0 0 0 0.4 3 0 0 5.4 2 0 0 0 0 3.8000000000000003 4.2 5.4 0 0 0 4.800000000000001 0 0 0 0 0 0 0 0 0 0 0 0 0 0.4 0 0 0 0.2 0.4 0 0 0 0 0 0.2 0 0 0 0 0 0 0 0 3.8000000000000003 0 0 0 0 0.2 0 0 0 0.4 0 0 0 0 0 0 0 0 0 0 0 0 0 0 0 0 0 0 0 0 0 0 0.2 18.2 0 0 0.2 0 0 0.4 5 0 0 0 0 0 0 0 0 0 0 0 0 0 0 0 0 0.2 0 0 0 0 0 0 0 0 0 0 0 0 0 0 0 0 0 0 0 0 
 22.6 0 44.400000000000006 53.2 6 6.4 39.400000000000006 34.2 34.800000000000004 10.4 31.400000000000002 10.8 44.400000000000006 26.400000000000002 55.2 46.6 29.200000000000003 67.4 25.8 24.8 0 0.6000000000000001 0 0.4 0 0 0 0.2 0.4 0.2 0 0 5.2 0.6000000000000001 0 0 0.2 0.4 0.8 15.600000000000001 0 0 0.6000000000000001 0.2 0.4 0 0 0 0.2 0.4 0.4 0 0 0 0.6000000000000001 0.4 0 0 0 0.6000000000000001 0 0 0 0 0 0.4 0 0 0.6000000000000001 0 0 0 0 0.6000000000000001 0 0 0.4 0.6000000000000001 0.4 0 7.4 3 1.8 0.8 0 10.8 5.6000000000000005 3.2 4.2 1.2000000000000002 0 2 5.800000000000001 4.6000000000000005 2.8000000000000003 8 5.800000000000001 1.8 0.2 0 0 0 0 0 0 0 0.2 0 0 0 0 0 6.800000000000001 0.4 0 0 0 0 0.2 0 0 0 0.2 0 0 0.2 0 0.2 2 0.4 0 0 0 0 0 0 3.2 0 0 0 0 0 0 0 0 0.2 0 0 0 0 0 0 0 0 0 0 0 0 0 0 1.4000000000000001 7.800000000000001 0 9.4 0.4 1.4000000000000001 3 12 6.2 2.2 0.2 1.8 1.2000000000000002 0.2 2.6 3.2 2.8000000000000003 5.800000000000001 7.6000000000000005 0 0 0 0 0 0 0 0 0 0 0 0 0 3 0 0 0 0 0 4.2 2.8000000000000003 0 0 0.2 0 0 0 0.4 0 0.2 0 0 0 0 0 0 0 0 0 0 0 0 0 0 0 0 0 0 0.6000000000000001 0 0 0 0 0 0 0 0 0 0 0 0 0 0 0 0 0 0 0.2 0 0 17.6 0 0 3.2 0 0 0 0 0 0 0 0.2 0 0 0 0 0 0 0 0 0 0 0 0 0 0 0 0 0 0 0 0 0 0 0 0 0 0 0 0 0 
 17.400000000000002 44.400000000000006 0 90.2 26.8 24.8 33 26.400000000000002 44.2 50.6 43 30.400000000000002 10.200000000000001 8.4 31 22.8 58.800000000000004 43.400000000000006 6 31.8 0 1 0 0.6000000000000001 0 0 7.2 0 0.4 0 0.2 14.600000000000001 0.4 0.6000000000000001 0 0.2 0.4 0 15.8 0 13.600000000000001 0 0.2 0 0 0 0 0 0 0 0.6000000000000001 0 0 0 0.4 5 0 0 0 0.6000000000000001 0 0 0 0 0 0.6000000000000001 0 0 0.6000000000000001 0 0 0 0 0.4 0 0 0.4 0 0.4 0 3.6 9.4 1.8 3.2 0 5.800000000000001 2.8000000000000003 3.6 0 1.8 4.800000000000001 4.4 0 0 4.800000000000001 8.6 2.4000000000000004 2 0.2 2.2 0 0 0 0 2.6 0 0 0 0 0 0 0 1.8 0 0 0 0 0 7.6000000000000005 0 0 0 2.6 0 0.4 0 0 0 2.4000000000000004 0 0.2 0 0 0 0 0 0 0 0 0 0 0 0 0 0 0 0.2 0 0 0 0 0 0 0 0 0 0 0 0 0 5.4 1.8 9.4 5.800000000000001 3 1.2000000000000002 0 0.2 4.6000000000000005 0 5.4 0 0 2.8000000000000003 0.2 3.8000000000000003 2.2 2.6 0 1.8 0 0 0 0 0 0 0 0 0 0 0 0 2.8000000000000003 0.2 0.2 0 0 0 2.8000000000000003 9 0 0 0 2.2 0 0.2 0 0.2 0 0 0.4 0 0 0.4 0 0 0 0 0 0 0 0 0 0 0 0.2 0 0 0 0 0 0 0 0 0 0 0 0 0 0 0 0 0 0 0 0 0.4 0.4 0 18.400000000000002 3 0 0 0 0 0 0 0 14.200000000000001 0 0 0 0 0 0 0 0 0 0 0 0 0 0 0 0 2 0 0.2 0 0 0 0 0 0 0 0 0 0 0 0 
 12 53.2 90.2 0 17 20.400000000000002 48 67.2 34.800000000000004 43.400000000000006 11 70 35.6 18.6 12.4 51.2 50.400000000000006 90.2 23.6 96.80000000000001 0 0.6000000000000001 0 0.6000000000000001 0.8 0.4 0 0 0.8 0 0 0.4 14.8 1 0 0 0.2 0 15.200000000000001 0 0 0 0 0.6000000000000001 0 0.4 0 0 0 0 1 0 0 0 0.2 0.4 0.2 0 0 0.6000000000000001 0 0 0 0 0 0.6000000000000001 0 0 0.4 0 0 0 0 0.4 0 0 0 6.6000000000000005 0.4 0 3.2 9.8 3.2 0.4 1.4000000000000001 0.6000000000000001 4.6000000000000005 3.8000000000000003 2 2.8000000000000003 3.8000000000000003 0 0 0 0.2 3.2 1.6 7.800000000000001 0.2 2 2.6 0 0 0 0 0 2.6 0 0 0 0 0 0 1.4000000000000001 0 0 0 0 3 0.2 0 0 0 0 0 0 3 0 0 0 0 0 0 2.6 0 0 0 0.2 0 0.4 0 0 0 0.4 0 0 1.6 0.8 0 0 0 0 0 0 0 2.8000000000000003 0 0.2 0 0 2.2 2.2 3.8000000000000003 1.8 1.8 1 0 1.8 1.8 1.4000000000000001 0 2.8000000000000003 0 2.4000000000000004 0 1.8 0 2 0 6.2 0 0 0 0 0 0 0.2 0 0 0 0 0 0.2 0 6.800000000000001 0 0 0 3.6 2.8000000000000003 0 0 0 0.2 0 0 0 0 2 0 0 0 0 0 0 0 0 0 0 0 0 0 0 0 0 0 0 0 0 0 0 0 0 0 0 0 0 0 0 0 0 2 0 0 0.2 0.4 0.6000000000000001 0 0.6000000000000001 0.2 0 0 0 0 0 0 0 0 0 0 0 0 2 0 0 0 0 0 0 0.4 0 0 0 0 0 1.4000000000000001 0 0 0 0 0 0 0 0 0 0 0 0 0 0 
 26.6 6 26.8 17 0 35.6 12.8 27.6 15.600000000000001 43.400000000000006 31 8.6 15 29.8 29 16.6 43.2 9 17.2 18.6 0.2 15.600000000000001 0 0.4 0 0 24.6 0 0.4 0 0 0 82.2 29.6 0 0.4 0 0 1.2000000000000002 43.800000000000004 6.4 0 0 0 0 0 0 0 0 0 0.6000000000000001 0 0 0.4 0.6000000000000001 0.4 0 0 0 0.6000000000000001 0 0 0 0 0 0.4 0 6.800000000000001 0.6000000000000001 0 0 0 0 0.4 0 0 0 1 0.4 0 0.2 0.6000000000000001 0.2 3.8000000000000003 5.800000000000001 2.8000000000000003 0 2 3.6 0 2.8000000000000003 6.800000000000001 0 8.8 2.2 0.4 4 0 0 0 5.800000000000001 0.2 7.6000000000000005 2 0 0 5.6000000000000005 4 0 0 0 0 0.6000000000000001 0 3.2 3 10.8 2.2 0 0 0 0 0 0 0 0 0 0 0 0 0 0 0 0 0 0 0 0 0 0 0.2 0 0 0 5 0 0 0 0 0.2 0 0 0 0 0 0 0 0 0 1.6 11.600000000000001 0 0 0 7.4 9.200000000000001 0 0 5 0 0.4 0 0 0 0 0 4.2 0 0 0 3.6 4.2 3 4.6000000000000005 0 0.4 2 0 4 0.6000000000000001 2.8000000000000003 0 2.6 5 4.6000000000000005 0 2 4.6000000000000005 3 2.8000000000000003 0 0 0 0 0 0 0 0 0 0 0 0 0 0 0 0 0 0 0 0 0 0 0 0 0 0 0 0 0 0 0 0 0 0 0 0 0 0 0 0 0 0 0 0 0 0.4 0.2 0.4 0.4 23 0 0 0 0 0 0 0 0 0 0 0 0 0 0 0 0 0 0 0 0 5.6000000000000005 0 0 0 0 0 0 0 0 0 0 0 0 0 0 0 0 0 0 0 
 25.6 6.4 24.8 20.400000000000002 35.6 0 6.2 28.200000000000003 9.200000000000001 35 51.2 24.6 25 9 18 57.400000000000006 49.400000000000006 19.200000000000003 11.200000000000001 54.800000000000004 6.800000000000001 1.2000000000000002 0.8 0.6000000000000001 12.600000000000001 0 0 0 0.4 0 0.2 0 0.4 16.8 0 14.8 0.8 0.8 7.800000000000001 14 12.600000000000001 0 0 0 1 0 0 0 0 0 0.6000000000000001 0 0 0 0.4 0.4 1.2000000000000002 0.4 0.4 0.6000000000000001 0 0 1.2000000000000002 0 0 0.6000000000000001 0 9 0.6000000000000001 1.2000000000000002 0.6000000000000001 0.4 0 0.4 0 0 0 0 1.2000000000000002 0.6000000000000001 0 0.2 0 3.2 4.4 0.2 0 0 0 2.6 0 2.4000000000000004 0 0 0.6000000000000001 2.4000000000000004 0.4 0.4 1.6 0 0 1.6 0 5.800000000000001 0 0 0 0 1.8 0.2 4 0.2 5 3.2 0 5.2 9.4 0 14.4 3.6 0 0 4.6000000000000005 0 0 0 0 0 0 0 0 0 0 0 0 0 0.2 0 0 0 0 0 0 0 0 0 0 1.2000000000000002 0 0 0 0 0 0 0 0 0 0 0 0 0.2 0 2 0 2.2 4.2 0 0 0 3.4000000000000004 2 2.2 0 0.4 0 0 13.4 0.2 0 0 5 10.8 3.8000000000000003 0.4 0 0 3 1.2000000000000002 2.2 3.6 0 5.4 3.6 6.2 3.2 0.2 3.6 2.8000000000000003 0 2.6 0 0 2.6 0 0 0 0 0 0 0 0 0 0 0 0 0 0.2 0 0 0 0 0 0 0 0 0 0 0 0 0 0 0 0 0 0 0 0 0 0 0 0 0.2 0 0 0 1.4000000000000001 0.2 0.2 0.2 0.4 0.2 0.8 0 0 0.4 0 0 0 0.4 0 0 0 0 0 0 0 0 0 0 0 0 0 0 0 0 0.2 0 0 0 0 0 0 0 0 0 0 1.4000000000000001 0 0 0 
 12.8 39.400000000000006 33 48 12.8 6.2 0 42.6 25.8 6 5.4 30 16.8 7.4 6.6000000000000005 7.2 7.6000000000000005 23.6 13.200000000000001 87.2 0 0.6000000000000001 0 0.6000000000000001 0 0 0 0 0.6000000000000001 0.4 0 0 0.4 0.6000000000000001 0 0 0.2 0.4 0.6000000000000001 0 0 0 0 0 0 0 0 0 0 0.4 13 0 0 0 0.2 0.4 0.2 0 0 0.6000000000000001 0 0 0 0 0 6.2 0 0 6.800000000000001 0 0 9 0 0.4 0 0 0 0 0.4 0 5 6.4 0 0 0 3.2 9 5.4 5.4 0.2 0 3 0 0 0 0 5.6000000000000005 4 3 0 0 0 0 0 0 0 3 7.2 0 0 0 0 0 0 0 0 0 0 0 0 0 0 0 0 0 0 0 0 0 0 0 0 0 0 0 0 0 0 0 0 0.6000000000000001 0 0.6000000000000001 0 0 0 1 0 0 0 0 0 0 0 0 0 0 10 0 0 0 0.8 0 2.8000000000000003 0.2 2.2 0 5.6000000000000005 1.2000000000000002 2.2 0 0 2.4000000000000004 0 4.2 4 0 4.800000000000001 0 3.2 0 0 0 0 0 0 0 0 0 0 0 0 0 0 0 0 2.4000000000000004 0 3 0 0 0 0 0 0 0 0 0 0 2.6 0 3.2 0 0 0 0 4.800000000000001 0 0 0 0 0 0 0 0 0 0 0 0 0 0 0 0 0 0 0 0 0 0 0 0 0 0 0 0 0 0 0 0.6000000000000001 18 0 0.4 0 0 0 0 0 0 0 0 0 0 0 0 0 0 0 0 0 0 0 0 0 0 0 0 0 0.8 0 0 0 0 0 0 0 0 0 0 0 0 
 30.400000000000002 34.2 26.400000000000002 67.2 27.6 28.200000000000003 42.6 0 34.6 28.400000000000002 44.2 26 127 34.4 46.6 34.800000000000004 30.200000000000003 50.400000000000006 36.2 47.6 0 0.6000000000000001 0 0.4 0 0 0 0 0.4 0 0.4 0 0.4 1 0 0 0.2 0 0.6000000000000001 0 0 0 1 0 0 0 0 0 0 0 0.4 0 0 0 0.6000000000000001 0.4 0 0.4 0 0.6000000000000001 0 0 0 0 0 0.4 0 0 0.6000000000000001 0 0 0.2 0 0.6000000000000001 0 0 0 0.6000000000000001 0.4 0 1.6 2 2.2 0 0 3 2.8000000000000003 2.8000000000000003 1 3 5.2 0 2.2 2.2 2.2 7.6000000000000005 12.8 5.800000000000001 4 0 0 0 0 0 0 0 0.2 0 0 0 0 2.2 0 0 0 0 0 0 0.2 0 0 0 0 0 0 0 0 0 0 0 0 0 0 0 0 0 0 0 0 0 0.4 0 0 0 0 0 0 0 0 0 0 0 0 0 0 0 0 0 0 0 2.4000000000000004 2 5.2 0 0 0 0 4.4 1.4000000000000001 0 2.8000000000000003 1.6 1 1.8 7.2 0 0.2 2.2 5 0 0 0 0 0 0 0 0 0 0 0 0 0 0 0 0 0 0 0 0 3.6 0 0 0 0 0 4 0 0.2 0 0 0 0 0 0 0 0 0 0 0 0 0 0 0 0 0 0 0 0 0 0 0 0 0 0 0 0 0 2.4000000000000004 0 0 0 1 0 0 0 0 18 0 0.4 0 0 0.4 4.2 0 0 0 0 0 0 0 0 0 0.8 0 0 0 0 0 0 0 0 0 0 0 0 2 0 0.8 0 0 0 0 0 0 0 0 0 0 0 0 
 80 34.800000000000004 44.2 34.800000000000004 15.600000000000001 9.200000000000001 25.8 34.6 0 39.2 33 23 17.400000000000002 35.4 36.800000000000004 56 66.8 43.2 15 93.80000000000001 0 0.6000000000000001 0.2 1.2000000000000002 0.8 0 0 0.2 0.4 0.8 0 0.4 0.4 1.4000000000000001 0 0.4 0.4 0 1.4000000000000001 0.2 0 0 0.4 0.6000000000000001 0.8 0.4 0.6000000000000001 0 0 0 11 0 0 0 0.8 0.4 0.2 0.2 0.6000000000000001 0.6000000000000001 0 0 0 0 0 0.6000000000000001 0.2 0.4 1 0 0 9 1.2000000000000002 0.4 0 1.2000000000000002 0.2 0 1 0 0.2 2.2 0 3.2 0 8.8 3.2 2.4000000000000004 4.4 2.6 3.2 0 0 4 1.8 6.4 2.6 6.2 0 0 0 0 0 0 0 0 0.2 0.4 0 0 0 0 1.2000000000000002 0 0 0.4 0 0 0 0 0 0 0 0 0 0 0 0 2.8000000000000003 0 0 0 0 0 0 0 0 0 0 0 0 0 0 0 0 0.4 0 0 0 0 0 0 0 0 0 0 0 0.2 0 3.4000000000000004 6.800000000000001 4.800000000000001 0 7 0.2 0 2.2 5.6000000000000005 4.800000000000001 0 2 0 1.4000000000000001 0 1.4000000000000001 4.4 0 7.2 3.8000000000000003 0 0 0.4 0 0 0 0 0 0 1.4000000000000001 0 0 0 1.4000000000000001 0.8 0 0 0 0 3.4000000000000004 3.4000000000000004 0 0.4 0 0.4 0 0 0.4 0 0 0 0 0 0 0 0 0 0 0 0 0 0 0 0 0 0 0 0 0.4 0 0 0 0 0 0 0.2 0 0 0 0 0 0 0.2 0 0 0 0.4 0.2 0 0.4 17.6 0.4 0.4 3 0 0 0 0 0.2 0 0 0.2 0 0.2 0 0 0 0 0 0 0 0 0 0 0 0 2.2 0 2.4000000000000004 0 0 0 0 0 0 0 0 0 0 0 0 
 10.4 10.4 50.6 43.400000000000006 43.400000000000006 35 6 28.400000000000002 39.2 0 102.2 59.800000000000004 13.8 33.2 30 80 53.6 13.600000000000001 13.600000000000001 21.6 0 0.6000000000000001 0 0.6000000000000001 0 0 0 0 0.4 0 0 0 0.4 15.8 0 0 0 0 6.6000000000000005 0.2 7 0 0 0 8.200000000000001 0 0 0 0 0 0.6000000000000001 0 0 0 0.6000000000000001 0.4 0 0 0 0.6000000000000001 0 0 0 0 0 0.6000000000000001 0 0 0.6000000000000001 0 0 0.2 0 0.4 0 0 0 0.2 0.4 0 0 5.2 0.2 15.4 0.2 1.8 0 0 5.6000000000000005 9.200000000000001 5.6000000000000005 7.2 0 3.4000000000000004 2.6 4.6000000000000005 2.8000000000000003 2.2 0 0 2.2 0.2 0 0 0 0 4.6000000000000005 0.2 0 0 0 0 0 8.6 0 0.2 0 0 7.2 8.4 0 0 0 0 0 0 0 0 0.2 0 0 0 0 0 0 0 0 0 0 0 0 0 0 0 0 0 0.2 1.4000000000000001 0 2.4000000000000004 0 0 2.6 0 0 0 0 0 0 0.2 4 0 1 0 6 0 0 0 3.2 9.600000000000001 9.200000000000001 0.4 0.2 0.2 0 0.2 2.8000000000000003 0.2 0 0 2.6 12.600000000000001 0.6000000000000001 0 0 0 3.6 0 0.4 0 0 0.2 0.2 6.4 2.2 0.2 0.4 0 5 0.2 0 0 0 0 0 0 0 0 0 3 0 0 0 0 0 0 0 0 0 0 0 0 2.8000000000000003 0 0.4 0 0 0 0.4 0 0 0 0 0 0 0 0 0 0.4 0 0 0 0 0 0 0 0.4 0 0.8 10 0.4 0.6000000000000001 0 0 0 0 0 0 0 0 0 0 0 0 0 0 0 0 0 0 0 0 0 0 0 0 5 0 0 0 0 0 0 0 0 0 0 0 0 0 
 8 31.400000000000002 43 11 31 51.2 5.4 44.2 33 102.2 0 32.6 11.200000000000001 66.60000000000001 28.6 48.2 121.80000000000001 32.4 5.6000000000000005 31 0 0.6000000000000001 0 0.4 0 0 0 0.2 0.4 1 0 0 0.4 0.6000000000000001 6.800000000000001 0 0.4 0 16 0.6000000000000001 6 0 0.2 0 0.4 0 0 0.6000000000000001 0 0 0.6000000000000001 0 0 0 13.600000000000001 0.4 0 0 0 0.6000000000000001 0 0 0 0 0 0.4 0.4 0 0.6000000000000001 0.4 0.2 8.4 0.4 0.4 0 0 0.2 0.4 0.8 0 0.4 3.4000000000000004 3.2 4.2 0 7.2 2.4000000000000004 2.8000000000000003 3.8000000000000003 7.800000000000001 5.800000000000001 2.8000000000000003 0 3.2 3.8000000000000003 0.2 3.4000000000000004 2.2 0 0.6000000000000001 0 0 0 0.2 0 0 5.6000000000000005 0 0 0 0 0 0 6 0 0 0 0 1.4000000000000001 0.8 0 0 0 0 0 0 0 0 1.8 0 0 0 0 0 0 0.2 0 0 0 0 0 0 0.4 0 0 0 0.4 0.2 0 0 0 0 1.6 0 0 0 0 0.4 0 0 7.6000000000000005 2.6 0 0.2 4.6000000000000005 0 2.6 7.6000000000000005 4 2.8000000000000003 4.6000000000000005 0.2 4.6000000000000005 1 1.6 2.8000000000000003 3.6 18.400000000000002 0 1.2000000000000002 0 0 0 0.4 0 0 1 0 0 0 0 0 0.2 2 0 0 0 0 6.800000000000001 0.2 2.2 0 0 0 0 0 0 0 0 0 0 0 0 0 0 0 0 0 0 0 0 0.4 0 0 0 0 0 0 0 0 0 0 0 0 0 0 0 0 0 0 0 0.4 0 0 0 0 0 0 0.4 8.6 4.4 1 0 0 0 0 0 0 0 0 0 0 0 0 0 0 0 0 0 0 0 0 0 0 0 1.2000000000000002 0.4 0 0 0 0 0 0 0 0 0 0 0 0 0 
 73.2 10.8 30.400000000000002 70 8.6 24.6 30 26 23 59.800000000000004 32.6 0 5.6000000000000005 7.2 4.6000000000000005 87.60000000000001 80.2 21 8.4 47 14 1 0.2 1 0 0.2 13.8 0 0.6000000000000001 0 0.2 0.2 0.8 15.8 0 15 0 0.8 7.800000000000001 2 0 0 0 0 1 0 0 0 0.2 0.6000000000000001 0.6000000000000001 0 0 0 0.6000000000000001 0.4 0 0 0 0.6000000000000001 0 0.4 9 0 0.8 0.6000000000000001 0 0.4 0.6000000000000001 0 0 8.200000000000001 0 0.6000000000000001 0.6000000000000001 1.2000000000000002 0 0.8 11 0 0.2 2 0 6 1.2000000000000002 5.800000000000001 0.6000000000000001 0 4.800000000000001 2.8000000000000003 1.8 0.2 0 0 1.2000000000000002 0.2 3.2 5.2 0 0 2.2 0 0.2 0 0 0 2 0 0 0.2 3.6 0 2 4.4 2.4000000000000004 3 0 0.2 7.2 4.2 0 0.2 0 0 0 0 0 0 2.4000000000000004 0 0 0 0 0 0 0 0 0 0 0 0 10.8 0.2 0 0 2.4000000000000004 0.4 0.2 2.8000000000000003 0 0.2 0 0 0 2.6 0 0 0.4 0 0 1 2.4000000000000004 0 0 5 0 0 5.4 6 3.6 5.2 0 2 0 0 2 0 2.8000000000000003 0 0 0 0 0.2 0 0 0 0 2.2 0 0 0 4 2.2 6.4 0 0 4 0 2.6 3.2 0 0 0 0 0 0.4 0 0 0 0 0 0 0 0 0 0 0 0 0 0 0 0 0 0 0 0 0 0 0 0 0 0 0 0 0 0 0 0 0 0 0 0 4 0 0 0 0.8 0.4 16.6 0 0.2 0.8 0 0 0 0 0 0 0 0 0 0 0 0 0 0 0 0 0 0 0 0 0 0 0 0.4 0 2.8000000000000003 0 0 0 0 0 0 0 0 0 0 0 0 
 20.6 44.400000000000006 10.200000000000001 35.6 15 25 16.8 127 17.400000000000002 13.8 11.200000000000001 5.6000000000000005 0 52 26.200000000000003 7 5.4 38.400000000000006 42 28.6 0 0.6000000000000001 0.2 0.6000000000000001 0 0 0 0.4 0.4 0 0 0 0.4 0.6000000000000001 0 0.4 0.2 0 0.6000000000000001 0 0.6000000000000001 0 1.6 0 0.2 0 0 0 0 0 0.6000000000000001 0 0 0 0.2 0.4 0.2 0.4 0 0.6000000000000001 0 0 0 0 0 0.6000000000000001 0 0 0.4 0 0 1.4000000000000001 0 0.4 0 0 0 0 0.4 0 1 0 2.4000000000000004 0 0 0 3 3.2 1.4000000000000001 0 1.8 0 2.8000000000000003 8.8 4.800000000000001 1.4000000000000001 2.2 3 14 2 0 0.2 0 3.6 0 0 0 0 2.8000000000000003 0 0 0 0 0 0 0 0 0 0 0 0 0 0 0 0 0 0 0 0 0 0.2 0 0 0 0 1.6 0 0 0 0 0 0 0 0 0 0 0 0 0 0 0 0 0 0 0 1.2000000000000002 0.2 0 0 0 1.6 0 3.8000000000000003 0.6000000000000001 0.8 0.2 0 0 0 0 0 0.4 0 6.800000000000001 0 0 0 0 3.6 0 0 0 0 0 0 0 0 0 0.4 0 0 0 2.2 0 0 0 0 0 0 0 0 0 0 0 0 5.800000000000001 0 2 0 0 0 0 0 0 0 0 0 0 0 0 0.2 0 0 0 3.2 0 0 0 0.4 0 0 0 0 0 0 0 0 0 0.4 0 0 0.4 0 0 0 0 18 0 0.4 0.4 0 1.8 0 0 0 0 0 0 0 0 0 0 0.6000000000000001 0 0 0 0 0 0 0 0 0 0 0 0 0 0 0 0 0 0 0 0 0 0 0 0 0 0 0 
 51.2 26.400000000000002 8.4 18.6 29.8 9 7.4 34.4 35.4 33.2 66.60000000000001 7.2 52 0 25.400000000000002 23.8 9.200000000000001 8.200000000000001 20.400000000000002 21.6 0 0.6000000000000001 0 0.8 0 0 0 0 0.4 0 0 0 0.4 0.6000000000000001 0 0 0.4 0 0.8 0 12.600000000000001 0 1 0 0 0 0 0 0 0 0.6000000000000001 0 0 0 0.2 0.4 0.4 0.2 0 0.6000000000000001 0 0 0.4 0 0 0.6000000000000001 0 0 0.4 0 0 0 0 0.4 0 1 10.4 9.8 0.4 0 2.8000000000000003 2.4000000000000004 10.200000000000001 2 0 0.6000000000000001 0 0.2 4.6000000000000005 0 3 0 6.6000000000000005 6.4 10.200000000000001 6.4 2.6 10.8 5.6000000000000005 0 0 0 0 0 0 0 0 0 0 0 0.4 0 0.2 0 0 0 0 0 0 0 0 0 0 0 0 0 0 0 0 0 0.2 0.4 0 0 0 0 0 0 0 0 0 0 0 0 0 1.4000000000000001 0 0 0 0 0 0 0 0 0 0 0 0 0 0 4.2 2.2 2.6 8.200000000000001 0 0 2.6 2.6 5.4 0 2 4.4 0 6.800000000000001 0 2.2 4.2 0 0 2.6 0 0 0 2 0 0 0 0 0 0 0 0 0.2 0.2 0 0 0 0 0 3.6 0 0 0 0 0 3.4000000000000004 0 0 0 0 0 0 0 0 0 0 0 0 0 0 0 0 0.2 0 0 0 0 0 0.4 0 0 0 0 0 0 0 0 0 0 0 0 2 0 0 0 18.2 4.6000000000000005 0 0.6000000000000001 17.6 0 0.6000000000000001 0 0 0 0 0.4 0 0 0 0 0 3.4000000000000004 0 0 0 0 0 0 0 0 0 0 0 0 0 0 0.2 0 0 0 0 0 0 0 0 0 0 0 0 
 25.6 55.2 31 12.4 29 18 6.6000000000000005 46.6 36.800000000000004 30 28.6 4.6000000000000005 26.200000000000003 25.400000000000002 0 49 27.8 23.200000000000003 15.600000000000001 39.800000000000004 0.2 0.8 0.4 0.8 0.2 0.2 0.4 0.4 0.8 0.4 0.4 0.2 0.8 0.8 0.2 0.2 0.6000000000000001 0.2 0.8 0.2 13.200000000000001 0 0 0.2 0 0 0 0 0 0 0.6000000000000001 0 0 0 0 0.4 0.4 0.2 0 0.6000000000000001 0 0.4 0.4 0.4 0.4 1 0.4 0.4 0 0.4 0.4 0.4 0.2 0.4 0.4 0 0.4 0.4 0.4 0.4 0 2 3.2 2.6 0 0 2.8000000000000003 0 1.2000000000000002 3.2 0 0 3 3.2 6 11.8 1.8 1.4000000000000001 6 0 0 0 0 0 0 0 0 0 0 0 0 0 0 0 0 0 0.4 0 3.2 0 0 0 0 0 0 0 0 0 0 0 0 0 0 0 0 0 0 0 0 0 0 0 0 0 0 0 0 1 0 0 0 0 0 5 1.4000000000000001 0 0 0 0.4 0 2.2 0 3.6 11 0.4 0.4 3.2 4.4 2.6 0.4 2.6 0 0 3.4000000000000004 0 0 0.4 0 0 0 0 0 0 0 0.4 0 0.2 0.4 0 0 0 0 0 0 2 0 0 0 0 0 0 0 0 0 0 0 0 4.6000000000000005 2.2 0 0 0 0 0 0 0 0 0 1.4000000000000001 0 0 0 0 0.4 0 0 0 0 0 0 0 0 0 0 0 0 0 0 0 0 0 0 0 0 0 0 1.4000000000000001 0.2 0.6000000000000001 18 0 0.6000000000000001 0 0 0 0 0 0 0.2 0 0 0 0 0 0 0 0 0 0 0 0 0 0 0 0 0.4 0 0 0 0 0 0 0 0 0 0 0 0 0 0 
 23.8 46.6 22.8 51.2 16.6 57.400000000000006 7.2 34.800000000000004 56 80 48.2 87.60000000000001 7 23.8 49 0 63.6 95.2 10.4 18.400000000000002 0 0.6000000000000001 0 1 0 0.2 0 0 11.600000000000001 0 0 0 0.4 1 0 0 0.4 0.2 15.600000000000001 0 0 0 0 0 1 0 0 0 0 0 0.6000000000000001 0 0 0 0.6000000000000001 0.4 0 0 0 0.6000000000000001 0.6000000000000001 0 0 0 0 0.4 0 0 0.6000000000000001 0.6000000000000001 0 0.2 0 0.4 0 0 0.8 0.4 0.4 0 0.8 2 0 10.200000000000001 0 6.2 2.2 6.4 5.800000000000001 2 2.8000000000000003 0 0.6000000000000001 3 3.4000000000000004 7.6000000000000005 1.6 3 0 1.6 0 0 0 0 0 0 0 0 0 0 0 0 0 1.2000000000000002 0 0 0 0 2.2 0.2 0 0 0 0 0 0 0 3 5 0 0 0 0 0 0 0.2 0.2 0 0 0.6000000000000001 0 0 0 0 0 0 7.2 0 0 0 0 0 0 0 0 0 0 0 0 0 11.4 2.4000000000000004 1.4000000000000001 2.8000000000000003 1.8 0 2.6 8.200000000000001 2.2 4 4.6000000000000005 0 0 0.4 4.4 0 0 6 3 0 0 0 0 0.4 0 0 0.2 0 0 0 0 0 0 2 0 0 0 0 3 0 0 0 0 0 0 0 0 0 0 0 0 0 0 0 0 0 0.2 0 0 0 0 0 0 0 0 0 0 0 0 0 0 0 0 0 0 0 0 0 0 0 0 0.4 0 0 0 0.2 0 0.2 0 18.400000000000002 4.4 0.4 2.8000000000000003 0 0 0 0 0 0 0 0 0 0 0 0 0 0 0 0 0 0 0 0 0 0 2 0.6000000000000001 0.8 0 0 0 0 0 0 0 0 0 0 0 0 
 56 29.200000000000003 58.800000000000004 50.400000000000006 43.2 49.400000000000006 7.6000000000000005 30.200000000000003 66.8 53.6 121.80000000000001 80.2 5.4 9.200000000000001 27.8 63.6 0 143 5.2 7.6000000000000005 0.2 0.6000000000000001 0 0.6000000000000001 0 0.4 0 0 0.4 0 0 0 13 33 0.4 0 0.4 0 7.6000000000000005 0.2 0 0 0 0 1 0 0 0 0 0 0.6000000000000001 0 0 0 0.4 0.4 0 0 0 0.6000000000000001 0 0 0 0 0 0.6000000000000001 0 0 0.6000000000000001 0 0 0 0 0.4 0 0 0 0 0.4 0 0 7 4.800000000000001 6.4 1.4000000000000001 6.6000000000000005 1.8 8 10.600000000000001 5.6000000000000005 8 0 0 0 0.8 4 0 0 0.2 0 3.4000000000000004 0 3.4000000000000004 0 0 0 0 0 0 0 0 0 0 5.6000000000000005 0 0 0.2 0 1.8 4.6000000000000005 0 0 0 0 0 0 0 0 0 0 0 0 0 0 0 0 0 0 0 0.4 0 0 0 0 0 0 0.4 0 0 0 0 0 0 0 0 3 0 0.2 0 0 6.6000000000000005 0 1.8 0 2.2 0 0 0 0 4.800000000000001 3.6 0 0 0 1.2000000000000002 5.2 0 4.6000000000000005 0 0 0.2 0 0.2 0 0 0.2 1.6 0.8 0 0 0 0 2.4000000000000004 2.6 2 1.8 0.8 0.2 9.4 0 0 0 0 0.4 0 0.2 0 0 0 0 0 0 0 0 0 0 0 0.4 0 0 0 0 0 0 0 0 0 0 0 0 0 0 0 0 0 0 0 0 0 0 0 0 0 0 0 0 0.2 0.2 0 3.2 3.8000000000000003 0 0 0 0 0 0 0 0 0 0 0 0 0 0 0 0 0 0 0 0 0 0 0 0 6.4 2.2 0 0 0 0 0 0 0 0 0 0 0 0 0 
 64.8 67.4 43.400000000000006 90.2 9 19.200000000000003 23.6 50.400000000000006 43.2 13.600000000000001 32.4 21 38.400000000000006 8.200000000000001 23.200000000000003 95.2 143 0 10.8 68.2 0 0.6000000000000001 0 0.6000000000000001 0 0 0 0 0.4 0 0 0 0.8 0.6000000000000001 15 0 0.2 0 0.6000000000000001 0 0 0 0 0 0 0 12.600000000000001 0 0 0 0.6000000000000001 0 9.8 0 0 0.4 0.4 1.2000000000000002 0 0.6000000000000001 0 0 0 0 0 0.6000000000000001 0 0 0.2 0 0 8.200000000000001 0 0.4 0 0 0 0 0.4 0 1.4000000000000001 3.6 2.8000000000000003 0 0 6.4 3.4000000000000004 2.6 2.6 3.4000000000000004 2 0 0 0 0 0 7.6000000000000005 8.200000000000001 0.4 1.8 0 0 0 0 0 0 0.4 0.2 0 0 0 0 0 0 0 0 0 0 0 0 0 0 0 0 0 0.4 0 0 0 0 0 0 0.4 0 0 0 0 0 0 0 3.4000000000000004 0 0.4 0 0 0.2 0.4 0.2 0 0 0 0 0 0 0 0 0 0.4 0 0 10.200000000000001 2 2.2 1 1 1.8 0 6.6000000000000005 6 0 1 2.8000000000000003 9.8 0 2 2.8000000000000003 0 10.4 0 3.2 0 0.2 0 0 0 0 0 0 0 0 0 0 0 0 0 0 0 0 0.4 0 0 0.2 0 0 0 0 0 0 0 0 0 0 0 0 0 0 0 0 0 0 0 0 0 0 0 0 0 0.2 0 0 0 0 0 3 0.2 0 0 0 0 0 0 2 0 0 0 0.2 0.8 0.2 0.4 0.2 0 0 0 0 0 0 0.4 0 0 0 0 0 2 0 0 0 0 0 0 0 0 0 0 0 0 1.2000000000000002 0 0 0 0 0 0 0 0 0 0 0 0 0 0 
 8 25.8 6 23.6 17.2 11.200000000000001 13.200000000000001 36.2 15 13.600000000000001 5.6000000000000005 8.4 42 20.400000000000002 15.600000000000001 10.4 5.2 10.8 0 15.200000000000001 0 0.6000000000000001 0.4 0.4 0 0 0.6000000000000001 0 0.4 0 0 0 0.4 0.6000000000000001 0 0.4 0.2 0.4 0.6000000000000001 0 0 0 0 0 0 0 0 0 0 12.600000000000001 0.6000000000000001 0 0.4 0 0.6000000000000001 0.4 0 6.2 0 0.6000000000000001 0 0 0 0 0 0.4 0 0 0.6000000000000001 0 0.6000000000000001 0 0 0.4 0 0 0 0.4 0.4 1 1.4000000000000001 7.2 3 0 1.2000000000000002 0 15.200000000000001 3 2.4000000000000004 0 0 0 1.8 0 0 0 0 1.4000000000000001 0 3.2 0 0 0 0 0 0 0 0 2.8000000000000003 0 0 0 0 0 0 0 0 0 0 0 0 0 0 0 0 0 0 0.2 0 0 0 0 0 0.4 0 0 0 0 0 0 0 0 0 0 0.2 0 0 0 0 0 0 0 0 0 0 0 0 0 0 0 2.2 0 2 0 0 0 2.8000000000000003 0 0 0 0 2.8000000000000003 2.4000000000000004 0 2.6 0 0 0 0 9.600000000000001 0 0 0 0 0 0 1.6 0 0 0 0.4 0 0 0 0 0 0 0 0 0 0 0 0 0 0 0 0 0 0.4 0 0 0.2 0 0 0 0 0 0 0 0 0 0 0 0 0 0 0 0 0 0 0 0 0 0 0 0 0.4 0 0 0 0 2 0 0 0 0.4 0.2 0.4 0 0 0.4 0 0 0 0 0 0 0 0 0 0 0 2 0 0 0.4 0 0 0 0 0 0 0 0.4 0 0 0 0 0 0 0 0 0 0 0 0 0 0 0 0 
 33.2 24.8 31.8 96.80000000000001 18.6 54.800000000000004 87.2 47.6 93.80000000000001 21.6 31 47 28.6 21.6 39.800000000000004 18.400000000000002 7.6000000000000005 68.2 15.200000000000001 0 0.2 16 0 0.6000000000000001 0.2 12.4 0.4 0 0.4 0 0 0.4 0.8 0.6000000000000001 0.4 0 0.8 0 0.6000000000000001 0 0 0 0 0 0 0 0 0 0 0 0.6000000000000001 0 0 0 0.4 0.4 0 0.8 0 0.6000000000000001 1.2000000000000002 0 0 0 0 0.6000000000000001 0 0 0.6000000000000001 0.8 0 5.6000000000000005 0 0.4 0 0 8.8 0.2 0.4 0.2 2.2 5.4 0 0.2 0 3.8000000000000003 8.200000000000001 6.4 0.2 3.4000000000000004 2.8000000000000003 0 6.800000000000001 0 0 0 5.800000000000001 9.600000000000001 2.8000000000000003 0 0 0 0 0 0 0 2.6 0 0 0 0 0 0 0 0 0 0 0 0.2 0.2 0 0 0 0 0 0 0.2 0 0 0 0 0 0 0 0 0 0 0 0 0.4 0 0 0 0 0 0 1.2000000000000002 0 3.4000000000000004 0 0 0 0 0 0 0 0 1.6 0 0 2 2.8000000000000003 0.2 0.8 1.6 2 0 4.6000000000000005 6.6000000000000005 0 2.8000000000000003 0 5.2 0 3 1.2000000000000002 0 4 0 2 0 0 0 0 0 0 0 0 0 0 0 0 0.2 0 0 0 0.4 0 2.2 0 0 0 0 0.4 0 0.2 0 0 0 4.2 0 0 0 0.2 0 0 0 0.4 0 0 0 0 0 0 0 0 0 0 0 0 0 0 0 0 0 0 0 0 0 0 0 0 0 0 0 0.4 0 0 0.8 0.4 0 0.8 0 0 0 0 0 0 0.4 0 0 0 0 0 0 0 0 0 0 0 0 0 0.4 0 0 2 0 2.4000000000000004 0 0 0 0 0 0 0 0 0 0 0 0 
 0.2 0 0 0 0.2 6.800000000000001 0 0 0 0 0 14 0 0 0.2 0 0.2 0 0 0.2 0 34.4 72.8 48.800000000000004 6.2 9.600000000000001 27 12.200000000000001 68.4 20.200000000000003 65.4 7.800000000000001 8.8 18.6 21.8 23.400000000000002 7.6000000000000005 9.200000000000001 12.200000000000001 11.4 0 3.4000000000000004 0 0.2 0 0 0 0 0 0 0 0 0 0 0 0.2 0.4 0 0 0 0 0 0 0.6000000000000001 0 0.4 0 0 0 0 2 0.4 0 0.6000000000000001 0 0 0.6000000000000001 0 1 0 0 0 0 0.2 1.8 0.2 0 0 0 0 0 0.2 0 0 0 0 0 0 0 0 0 0 2.2 2.8000000000000003 2 0.2 0 7.800000000000001 2 7.4 5.4 2.6 4 0 5.6000000000000005 2.2 9.600000000000001 6.6000000000000005 2.6 0.4 0 0 0 0 0 0 0 0 0 0 0 0 5 0 0 0 0 0.4 2.2 1.8 0 0 0 0.4 0.2 0 0.2 0.4 0 0 0.6000000000000001 0.2 0 0 0 0 0 0 0 0.4 0.2 1.8 0 0 0 2.4000000000000004 0 0 0 0.4 0 0 0 0 0 0 0 0 0 0 0 0 6.800000000000001 0 0 0 3.2 3.6 3.8000000000000003 7 0 6 1.6 4.6000000000000005 0 0 4.800000000000001 11.8 0 2.8000000000000003 0 0 0 0 0 0 0 2.2 0 0 0 0 2.4000000000000004 0 0 0 0 0 0 3 0 0 0 0.2 0 0 0 0 0 0 0 0 0 0 0 0 0 0 0 0 0 0 0 0 0 0 0 0 0 0 0 0 0 0 3 0 0.2 15.4 0 0 0 0 0 0 0 0 0 0 0 0 0 0 0 0 0 0 0 0 0 2.8000000000000003 0 2.2 0 0 0 4 2 0 0 0 
 0.6000000000000001 0.6000000000000001 1 0.6000000000000001 15.600000000000001 1.2000000000000002 0.6000000000000001 0.6000000000000001 0.6000000000000001 0.6000000000000001 0.6000000000000001 1 0.6000000000000001 0.6000000000000001 0.8 0.6000000000000001 0.6000000000000001 0.6000000000000001 0.6000000000000001 16 34.4 0 58.800000000000004 15.600000000000001 16.2 7 35.2 52.800000000000004 35 9.8 21.8 20.6 41.2 71.4 27 54.6 71.2 21.200000000000003 31.8 25.200000000000003 0 1.6 0 0 0 0 0 0 0 0 0 0 0 0.6000000000000001 0 0 0.4 1.6 12.4 0 0 0 0 0.6000000000000001 0 0.6000000000000001 0.8 0.2 0 0 0 0 0 0.6000000000000001 0 1 0.4 0 0 0 0 0 0 0.2 0 0 0 0 0 0 0 0 0 0 0 0 0 0 0 0 0.4 2.8000000000000003 1.8 2 0 4 1.2000000000000002 3.4000000000000004 3.6 9 2 0.2 1.2000000000000002 0 9.600000000000001 3.8000000000000003 15.600000000000001 7.2 2 2.2 4.2 0 0 0 0 0 0 0 0 0 1.6 0 4 0 0 0 0 0 0.2 0 0 0 0 1.4000000000000001 0.2 0 0 0 0 0 0.8 0 0 0 0 0 0 0 0 0 0 0 0 0 0 0 0 0 0 0 0 0 0.2 0 0 0 0 0.2 0 4 0.2 0 0 12.600000000000001 7.6000000000000005 2 3.6 2 0.2 3.2 4.4 0 0 0 0.2 4 0.6000000000000001 0 0 0 0 0 0 0 4 0 0 0 0.4 0 0 0 5.800000000000001 0 0 0 0.4 0 0 2.8000000000000003 0 0 0.4 0 0 0 0 0 0 0 0 0 0 0 0 0 0 0 0 0 0 0 0 0 0 0 0 0 0 0 0 0 0 0 4.4 0 0 0 8.8 0.4 0.4 0 0.6000000000000001 0 0 0 2.2 0 0 0 0 0 0 0 0 0 0 0.2 0 0 0 0 0 0 0 0 0 0 0 0 
 0.2 0 0 0 0 0.8 0 0 0.2 0 0 0.2 0.2 0 0.4 0 0 0 0.4 0 72.8 58.800000000000004 0 54.6 27.8 21.200000000000003 32.2 33.4 28.6 45.2 12.200000000000001 55.6 36.2 71.4 26 43.2 23.200000000000003 22.8 23 28.6 0 1.2000000000000002 0 0 0 0 0 0 0 0 0 0 0 0 0 0.2 0.4 0 7.2 0 0 0 0 0.6000000000000001 0 0.4 0.4 0.2 0 0 0 0 0 0.6000000000000001 0 0 0.6000000000000001 0 0 0 0.2 0 0 0 0 0 0 0 0 0 0 0 0 0 0 0.4 0 0 0 0 0 4.4 0 3.8000000000000003 1.6 2.8000000000000003 0 3.4000000000000004 4.4 5.6000000000000005 1.8 0.2 0 2.2 5.800000000000001 0.8 4.4 2 0.4 0 1.4000000000000001 0 0 0 0 0.2 0 0 0 0 0 0 4 0 0 0 0 0 2 0.4 0 0 1.2000000000000002 0 0 0 0 0.2 0 0 1 0 0 0 0 0.2 0 0 0 0.4 0 0 0 0 0 0 0 0 0 0 0 0 0 0 0 0 0 0 0 0.2 0 4.2 0 6 4.2 1.6 3.4000000000000004 5.4 0.2 0 2.6 0 0 0.2 0 2.2 0.2 0 0 0.2 0 0 0 0 0 0 0 0 0 0 0 0 5.4 0 0 0 0 0 0 2.8000000000000003 0 0 0 0.2 0 0 0 0 0 0 0 0 0 0.2 0 0 0 0 0 0 0 3.4000000000000004 0 0 0 0 0 0 0 0 0 0.2 0 0 2.4000000000000004 0 0 0.2 8 0 0.4 0 0 0 0 0 0 0 0 0 0 0 0 0 0 0 0 0 0 0 0 0 0 0 0 0 0 0 0 0 
 0.6000000000000001 0.4 0.6000000000000001 0.6000000000000001 0.4 0.6000000000000001 0.6000000000000001 0.4 1.2000000000000002 0.6000000000000001 0.4 1 0.6000000000000001 0.8 0.8 1 0.6000000000000001 0.6000000000000001 0.4 0.6000000000000001 48.800000000000004 15.600000000000001 54.6 0 35.800000000000004 7 28.200000000000003 28.8 12.8 60.6 28.200000000000003 23.200000000000003 14.4 28.200000000000003 65.2 22.400000000000002 52.2 23 12 12.600000000000001 0 1 0 0 0 0 0.2 0 0 0 0 0 0 15 4 0.2 0.4 0.2 0 0 0.6000000000000001 0 0 0.6000000000000001 0 0.4 0 0 0 0 0 0.4 0 0.6000000000000001 0 0 0.6000000000000001 0 0 0 0 0 0 0 0 0 0 0 0 0 0 0 0 0 0 0 0 0 0 0 3.4000000000000004 0 0 0 10.200000000000001 0.4 0 11.600000000000001 0 5.4 0 4.2 0 0 4.6000000000000005 4.6000000000000005 7.2 6.6000000000000005 0 0 0 0 0 0 0 0 4.6000000000000005 0 0.2 0 0 0 4.6000000000000005 3.8000000000000003 1.4000000000000001 0 0 0 5 1 0 0 0 1.8 0 0 0 0 0 0 1.4000000000000001 0 0 0 0 0 0 0 0.4 0 0 1.2000000000000002 0 0 0 0 0 0.2 0 0 0 0.4 0 0 0 0 0 0 0 0.6000000000000001 3.6 7 7.4 3 2 0 0 1.6 5.4 5.800000000000001 6 0 0 0 3.8000000000000003 2 4.6000000000000005 7.4 0 5.2 8.8 4.800000000000001 0 0 0 0.2 5.4 0 2.6 0 0 0 6.800000000000001 0 0 0 0 0 1.8 6.800000000000001 0 0 0 0 0 0 0 0 0 0 0 0 0 2.6 0 0 0 0 0 0 0 0 0.2 0 0 0 0 0 0 0 0 0 0 0 3.8000000000000003 0 0 9 0 0 0.4 5.6000000000000005 0 0 0 0 0 0 0 0 0 0 0 0 0 0 0 0 0 5.4 0 3 0 0 0 0 0 0 0 0 
 0.6000000000000001 0 0 0.8 0 12.600000000000001 0 0 0.8 0 0 0 0 0 0.2 0 0 0 0 0.2 6.2 16.2 27.8 35.800000000000004 0 14.4 11.600000000000001 28.6 53.400000000000006 28.6 80 72.8 20 33.6 53.400000000000006 15.8 27.8 36 57 16.6 0 0.2 14.4 0 0 0 0 11.200000000000001 0 0 42 7.2 0 0 18.400000000000002 0.4 0.4 0 25.200000000000003 0.4 0 0 0 0.4 0 0.4 0.4 0 0 0 0 0.2 0 0.6000000000000001 0 0.4 0.6000000000000001 0 0 10 0 0 0 0 0 0 0 0 0.2 0.4 0 0 0 0 0 0 0 0 0 0 1.6 3.2 2 4.2 3 1 0 3.2 1.6 1.4000000000000001 0.2 2.6 0 0 0.4 4 3.8000000000000003 2 4.2 0.2 7.6000000000000005 4.2 6.4 4.800000000000001 0.2 0 6.800000000000001 0.2 2.4000000000000004 0.6000000000000001 0 0 0 0 1 0 1 2 0 0 0 0 0 0 0 0 0 0 1.4000000000000001 0 0.2 0 0 0 0 0.2 0 0 0 0 0 0.6000000000000001 0 0 0 0 0 0 0 0 0 0 0 0.2 0 0 7.800000000000001 0 0 0.8 1.8 4.4 3 3 6.800000000000001 5.4 0 0 5.2 2.4000000000000004 7.4 3.6 0 0 0 0 3.6 1.6 0 0 0.6000000000000001 0 5.2 0.2 0 0 4 0.2 0 1.8 0.4 0 1.6 0.2 2.4000000000000004 3 2.2 0 5.800000000000001 6 0 0 0 0 0 0 0 2.4000000000000004 0 0 0 0 0 0 0 0 0 0 0 0 0 0 0 0 0 0 0 0 0 0 0 0 0 0 1.4000000000000001 0.6000000000000001 0.4 0 0.4 1 1.2000000000000002 1.8 6.800000000000001 0 0 0 2 0 0 0 0 0 0 0 0 0 0 0 0 0 0 0 0 0 0 0 0 0 0 0 
 0 0 0 0.4 0 0 0 0 0 0 0 0.2 0 0 0.2 0.2 0.4 0 0 12.4 9.600000000000001 7 21.200000000000003 7 14.4 0 9.8 9 12.200000000000001 9.4 26 24.6 6.2 55 10.4 13.200000000000001 11.8 12 34.800000000000004 8 13.200000000000001 0 0 0 0 0 0.2 12.600000000000001 0 0 0 1.4000000000000001 4.6000000000000005 0 0.2 0.2 13 0 0 12.600000000000001 0 0 0 0.6000000000000001 0 0.4 0 0 0 0 0 0.4 0 0.6000000000000001 0 0 0.6000000000000001 0.4 0 0 0 0 0 0 0 0 0 0 0 0 0 0 0 1.4000000000000001 0 0 0 0 0 0 0 0 1.2000000000000002 1.8 3.8000000000000003 0 0 0 0 0 3.2 0 0 0 0 0 0 0 0 0.4 2.8000000000000003 7.4 3.6 3.2 0 0 3 4.800000000000001 0 0.6000000000000001 0 0 4.800000000000001 2.6 0.4 1.8 1.2000000000000002 4.4 3.2 3.6 0 0 0 0 0 0 0 0 0 0 0 0.4 0 0 0 0.4 0.8 0 0 0.2 0.4 0 0 0 0 0 0 0 0 0 0 0.2 0 0 0 0 0 0 0 0 0 0 0 0 0 3.4000000000000004 0 0 0.4 0 0 2.2 0 0 0 0 0 0 0 0 0 0.2 5 0 0 0 3.8000000000000003 0.2 1.8 1.8 0 0 1.8 2.6 0 2.8000000000000003 2.6 0 1.8 0 0 0 0 0.4 0 0 0 3 0 0 0 0 0 0 0 0 0.4 0 0 0 0 0.2 0 0 0 0 0 0 0 0 0 0.2 0 0 1.2000000000000002 0 0.6000000000000001 15.200000000000001 0.2 3.6 0 0.2 0 0 0 0 0 0 0 0 0 0 0 0 0 0 0 0 0 0 0 0 0 0 0 0 0 0 0 0 
 0.4 0 7.2 0 24.6 0 0 0 0 0 0 13.8 0 0 0.4 0 0 0 0.6000000000000001 0.4 27 35.2 32.2 28.200000000000003 11.600000000000001 9.8 0 25.400000000000002 33 21.400000000000002 24 4 56.400000000000006 69.2 61.400000000000006 23.8 65 25.400000000000002 30 29.400000000000002 0 0 0 0 0 0 0 0 0 0 0 0.2 0 0.2 0 0.4 0.4 0 0 0 0 0 0.8 0.4 0 0.4 0 0 0 0 0 0 0 0.6000000000000001 0 0 0.6000000000000001 0 0 0 0 0 0 1.8 5.4 0 0 0 0 0 0 7 0 0 0 0 0 0 0 0 11.4 4.4 6.6000000000000005 0 0.2 0 3.8000000000000003 6.6000000000000005 0.2 4 3.4000000000000004 2.6 0 0 6.800000000000001 4.800000000000001 5.4 2.8000000000000003 3 3.8000000000000003 0 0 0 0 0 0 0 0 0 0.4 0 0 0.2 0 0 0 0 0 3.4000000000000004 0 0 0 0 0 0 0 0 0 0 0 0 0 0 0 0 0 0 0 0 0.8 0 0 0 0 2.2 3.8000000000000003 0 0 0 0 0 0 0 0 0 0 0 0 0 0 4.2 5.6000000000000005 2.8000000000000003 1.6 0 0 0 0 3.8000000000000003 0.2 0.4 2.8000000000000003 2 5.4 0.8 6.6000000000000005 4.6000000000000005 2 1.8 2.6 0 0 0 0 0 0 0 0 0.2 0 0 0 0.2 0 0.4 0 0.2 0 0.4 0 0 0.4 0.2 0 0 0 0 0 0 0 0 0 0 0 0 0 0 0 0 0 0 0 2.6 0 0 0 0 0 0 0 0 0 0 0 0.4 0.4 0.4 12.4 16 0.4 0.2 0 0 0 0 0 0 0 0 0 0 0.2 0 0 0 0 0 0.4 0 2.4000000000000004 0 0 0 0 0 0.2 0 0 0 0 
 0 0.2 0 0 0 0 0 0 0.2 0 0.2 0 0.4 0 0.4 0 0 0 0 0 12.200000000000001 52.800000000000004 33.4 28.8 28.6 9 25.400000000000002 0 42.400000000000006 9.4 9.600000000000001 51.2 118.4 35.800000000000004 28.400000000000002 31 24.6 43.800000000000004 49.2 10.200000000000001 0 0 0 0 0 0 0 0 0 0 40.6 0 0 1 0 0.2 0.6000000000000001 0 0 0 0 0.6000000000000001 1 0.6000000000000001 0 0.4 0 0.2 0 0 0 0 0 0.6000000000000001 0 0 0.6000000000000001 10.200000000000001 10 0 0 0 0 0 0 0 0 0 0 0 0.4 0 0 0 0 0 0 0 0 0.2 3.6 3.8000000000000003 2.4000000000000004 0 1.8 2.6 0 3.4000000000000004 3 2.4000000000000004 2.6 1.6 0.4 3.2 2.4000000000000004 2.6 0.2 7 0 6.2 0 0 0 0 0 0 0 0 0 0 0 0.4 0 0 0 0 0 0 0 0 0 0 0 0 0 0 0 0 0 0 0 1 0 0 0 0 0 0 0.2 0 0 1 0 0 0 2 0 0 0 0 0 0 0 0 0 0 0 0 0 0 1.8 1.4000000000000001 0 3.2 5.2 0 6.6000000000000005 2.6 3 0 4.6000000000000005 0 0 4.4 1.8 5.4 0 0 0 0 0 0.2 3.4000000000000004 0 0 0.4 0 0 0 0 0 0 1.4000000000000001 0 0 0 0 0 1.4000000000000001 0 0 0 0 0 0 0 0 0 0 0 0 0 0 1.6 0 0 0 0 0 0 0 0 0 0 0 0 0 0 0 0 0 0 0 0 3.4000000000000004 0 0.2 0 0 0.2 2.8000000000000003 0 0 0 0 0 0 0 0 0 0 0 0 0 0 0 0 0 0 0 0 0 0 0 0 0 0.4 0 0 0 
 0.4 0.4 0.4 0.8 0.4 0.4 0.6000000000000001 0.4 0.4 0.4 0.4 0.6000000000000001 0.4 0.4 0.8 11.600000000000001 0.4 0.4 0.4 0.4 68.4 35 28.6 12.8 53.400000000000006 12.200000000000001 33 42.400000000000006 0 9.200000000000001 16.2 27.400000000000002 38.6 78.4 20.8 41.2 96 55.400000000000006 91.2 31.200000000000003 0 0 0.2 0.6000000000000001 0 0 0 0.6000000000000001 0 0 0 0.4 0 0 0.4 41.6 0.4 0 0 0 0 0 2 0.6000000000000001 5.4 0.4 0 0.4 0 0 0 0 0 0.6000000000000001 0 0 0.6000000000000001 0 0 0 0 0 0 0 0.2 2.8000000000000003 0 0 1.4000000000000001 0 0.2 0 0 0 0 0 1.8 0 0 0.4 0 6.2 0 4.6000000000000005 0 2.6 0 4.6000000000000005 4.2 6 0 2.2 3 0 18.400000000000002 0 2.6 0.2 0 4.800000000000001 0.2 0 0 0 0 0 0 0 0 1.2000000000000002 0 0 0 2 11.200000000000001 1.8 0 0 2.8000000000000003 0 0 0 0 2.2 0 0 0 0 0 0 7.4 0 0 0 0 0 0 0 0 1.6 0 0 0 2.4000000000000004 0 0.4 0 0 0 0 0 0 0 0 0.4 0 0 0 0 0 3.8000000000000003 6.4 0 2.2 0 0 0 1.6 0.2 6.2 1.6 2.4000000000000004 0 0 0.2 3.2 4.6000000000000005 0.2 0 0 0 0.2 0 0 0 0 0 2.6 0 0 0 0 0.2 0 0 0 0 0 0 0.2 0 0 0 0 0 0 0 0 0 0 0 0 0 0 0 0 0 0 0 0 0 0 3.2 0 0 0 0 0 0 0 0 0.2 0 0 1.2000000000000002 0 0.8 0 18.8 0 0.4 0 0 0 0 0 0 0 0 0 0 0 0 0 0 0 0 0 0 0 0 0 0 0 0 0 0 0 0 0 
 0.4 0.2 0 0 0 0 0.4 0 0.8 0 1 0 0 0 0.4 0 0 0 0 0 20.200000000000003 9.8 45.2 60.6 28.6 9.4 21.400000000000002 9.4 9.200000000000001 0 83.2 31.400000000000002 10.200000000000001 22.400000000000002 39.6 17.400000000000002 30.200000000000003 25.400000000000002 62.2 16.8 0 1 0 0 0 41.6 0 0 0 0 0 0 0 13.4 12.8 41.6 0.4 0 14 0 0 8.4 0 0.6000000000000001 0 1 0 0 0 0 0 0.2 0 0.6000000000000001 0 0 10.200000000000001 0 0 0 0 0 0 0 0 0 0 0 0 0 0 0 0 0 0 0 0 0 0 0 0 2.8000000000000003 2.2 0.2 4.2 0.2 0 9 0 4.2 0 4.6000000000000005 0 0 4.800000000000001 4.4 6.2 8.4 0 0 4.4 2.4000000000000004 3.6 0 0 0 3.6 0 4.6000000000000005 0 0 0 3.6 11 2.4000000000000004 0 0 0 2.6 3.8000000000000003 0 0 0 0 0 0 0 0 2 0 0 0 0 0 0 0 0 0 0 0 0 0 0 0 0 0 0 0 0 0 0.8 0.6000000000000001 0 0 0 0 0 0 0 0 0 3.4000000000000004 4.800000000000001 5.800000000000001 5.2 4.6000000000000005 0 1.6 3.4000000000000004 1.8 1.8 0 0 0.2 0 0 3.8000000000000003 6.2 0 0 8.6 0.4 0 0 0 0 4.2 0 6.6000000000000005 0 0 0 2.8000000000000003 0 0 0 2.8000000000000003 0 0.2 9.8 0 0 0 0 0 0 0 0 0 0 0 0 0 0 0 0 0 0 0 0 0 0 0.6000000000000001 0 0 0 0 0 0 0 0 0 0 0 4.6000000000000005 0 0.6000000000000001 36.2 0 0.6000000000000001 0.2 2.2 0 0 0 0 0 0 0 0 0 0.2 0 0 0 0 0 0 0 5.2 0 3 0 0 0.4 4 0 0 0 0 
 0.4 0 0.2 0 0 0.2 0 0.4 0 0 0 0.2 0 0 0.4 0 0 0 0 0 65.4 21.8 12.200000000000001 28.200000000000003 80 26 24 9.600000000000001 16.2 83.2 0 29.6 9 50.400000000000006 29.8 13.200000000000001 41.400000000000006 27.6 8.200000000000001 13.200000000000001 0 0 0 1.6 0 0.8 1.2000000000000002 1 0 0 0 0 0 4.6000000000000005 6.2 0 0.4 0 0.2 0 0 0 0 0.6000000000000001 0 0.6000000000000001 0 0.8 1.2000000000000002 0 0 0.2 0 0.6000000000000001 0 0 0.8 0 1.2000000000000002 0 0 0 0 0 0 0 0 0 0 0 0 0 2 0 0 0 0 0 0 0 0 2 0 2.4000000000000004 5.2 2.4000000000000004 0 2.2 0 1.2000000000000002 0 4.6000000000000005 0 0.2 0 0 0 0 0 0 0.2 1.8 0 0 0 0 6.2 0 2.8000000000000003 0 0.4 0 1.4000000000000001 8 3.2 1.4000000000000001 0 0 6.4 0 0 0 0 0.4 0 0 0 0 3 0 0 0 0 0 1.6 0 0 0 0 2.2 0 0 0 0.4 0 0 0 0 0 0 0 0 0 0 0 0 0 0.2 0 3.2 0 0 1.2000000000000002 5.2 5 0.2 0.2 0.4 0 0 1.6 1.8 0 0.2 0 2.2 1.8 0 0 2.6 12.4 2.4000000000000004 0 0 0 0 4.2 1.8 5.6000000000000005 0.2 0 0 3.6 1.8 0 0 2.6 0 0.4 0 0 0 0 0 0 0 0 0 0 0 0 0 0 0 0 0 0 0 0 0 0 0 2.6 0 0 0 0 0 0 0 0 0 0 0 1.8 0 0 11.4 14.8 0.4 0 0 0 0 0 0 0 0 0 0 0 0 0 0 0 0 0 0.4 0 2.2 0 1.4000000000000001 0 0 0 0.2 0 0 0 0 
 0.8 0 14.600000000000001 0.4 0 0 0 0 0.4 0 0 0.2 0 0 0.2 0 0 0 0 0.4 7.800000000000001 20.6 55.6 23.200000000000003 72.8 24.6 4 51.2 27.400000000000002 31.400000000000002 29.6 0 5.4 22.6 9 15.600000000000001 59.2 20.8 47.6 5.800000000000001 0 0 0 0 0 0 0 0.6000000000000001 0 0 0 0 0.2 0 12 0 0.4 0 11.600000000000001 0 0.6000000000000001 0 0 0.6000000000000001 0 0.6000000000000001 0.4 0 0 0 0 0.4 0 0.6000000000000001 0 0 0.4 0 0 0 0 0 0 0 0 0 0 0 0 0 0 0 0 0 0 0 0 0 0 0 0 0 2 1.8 7.2 7.2 0 0 0 0 0.2 3.6 0 0 0 0 0 5.800000000000001 0 0 7.4 0 0 0 0 0 0 3.4000000000000004 0 0 0 0 3.2 2.6 5.4 1.8 0 0 2 0 0 0 0 0 0 0 0 0 0 0 0 0 0 0 0 0 1.8 0 0 0 0 0.4 0 0 0 0 4.2 0 0 0 0 0 0 0 0 0 0 0 0 0 0 0 2.8000000000000003 5.2 1.6 7.2 0 0 5.2 0 3 0 0 0 1.6 0 2 6.6000000000000005 0.2 0 1.8 0 0 0 0 0 0 0 0 0.2 0 0 8.6 1.8 0 2.4000000000000004 0 0 2 4.2 0 0 0 0 0 0 0 0 0 0 0 0 0 0 0 0 0 0 0 0 0 0 0 0 0 0 0 0 0 0 0 0 0 0 1.2000000000000002 0 0.8 0.6000000000000001 7.800000000000001 1 2 0 0 0.2 0 0 0 0 0 0 0 0 0 0 0 0 0 0 0 0 0 6 0 0 0 4.2 0 0 0 0 
 0.4 5.2 0.4 14.8 82.2 0.4 0.4 0.4 0.4 0.4 0.4 0.8 0.4 0.4 0.8 0.4 13 0.8 0.4 0.8 8.8 41.2 36.2 14.4 20 6.2 56.400000000000006 118.4 38.6 10.200000000000001 9 5.4 0 71.4 28.6 42.400000000000006 15.8 8.4 61.2 28.8 0 1.2000000000000002 1.2000000000000002 0 0 0 0 0 0.8 0 0 0 0.4 0.8 1.2000000000000002 0.8 0.4 0 0 0 0 0 0 1.4000000000000001 1.2000000000000002 0.6000000000000001 0 0.4 0 0 1.2000000000000002 0.8 0.4 0.6000000000000001 0.4 0 1.2000000000000002 0.6000000000000001 0 0 0.2 0 2.4000000000000004 1.8 5 1.4000000000000001 0 0 0 0 1.8 0 0 0 0 0 0 0 0 0 5.6000000000000005 6.6000000000000005 5.6000000000000005 0.4 0 0 0 1.4000000000000001 3 2.6 17 0 0 4 6.2 4.6000000000000005 4.6000000000000005 2.6 2.4000000000000004 2 0 0 0 0 0 0.4 0 0 0 0 0 0 0 0 0 0 0 0 0 0 0 0 0 0 0 0 0 0 0 0.4 0 0 0 0 0 0 0 0.4 0 0.8 0 0 0 0 2.2 3.6 0 0 0 1.6 0 0 0 0 0 1.8 0 1.4000000000000001 0 0.2 0.6000000000000001 3.4000000000000004 0 3.4000000000000004 0 0 0 2 5.800000000000001 0 4.4 3.8000000000000003 3.2 3.2 3.8000000000000003 9.200000000000001 4 1.8 4.800000000000001 0 0 0 0 0 0 0 0 0 0 0 0 0 0 0 0 0 0 0 0 0 0 0 0 0 0.4 0 0 0 0 0 0 0 0 0 0 0 0 0 0 0 0 0 0 0 0 0 0 0 0 0 0 0 0 0 3.4000000000000004 0 0 0 15.200000000000001 0 0.8 0 0 0 0 0 0 0 0 0 0 0 0 0.8 0 3.6 0 0 0 0 0 0 0 0 0 0 0 0 0 0 
