 0 64 78.2 27.400000000000002 27.6 26.400000000000002 77.80000000000001 10.8 45.800000000000004 8.8 10.200000000000001 24 21.6 40.2 67.2 19.200000000000003 24.6 118.60000000000001 14.4 15.8 0 0 0 0 0 0.6000000000000001 0 0 0.8 0 0.2 0.4 0.2 0 0.6000000000000001 0.4 0.2 0.4 0 0 0.6000000000000001 0 0 0.4 0.6000000000000001 0.6000000000000001 0 0 0.2 5 0 0 0.6000000000000001 0.4 0 0 0.4 9.8 0 0.6000000000000001 0 0 0 0 0 0 0.4 0.6000000000000001 0 0.8 0 0 0 0 0 0.4 0.6000000000000001 0.4 0 0 2 6.2 6.2 1.8 0.2 1.6 4.2 1.8 14.600000000000001 8.4 5.6000000000000005 9 0 0 1.4000000000000001 5 1.8 3.2 0 0 0 0 0 1.2000000000000002 0 0 0 0 0 0 0 0 0 1.8 0 0 0 0.2 0 0 0 0.4 0 0 0 0 0 0 0 0 0 0 0 0 0 0 0 2.2 0 0 0 0 0 0 0.4 0 0 0 0 0 0 0 0 0 0 0 0 0 0 0 0.2 0.6000000000000001 0.4 2 2.8000000000000003 0 2 4.4 0 2.8000000000000003 1.8 3.6 4 4 8.6 2.4000000000000004 3.8000000000000003 2.6 2.6 5.800000000000001 0 0 0 0 0 0 0 0.2 0 0 0 0 0 0 0 0 0 0 3 2 0 0 0 0 0 0 0 0 0 0 0 0 0 0 0 0 4.4 0 0 0 0 0 0 0 0 3.8000000000000003 0 0 2 0 0 0 0 0 0 0 0 0 0 0 0 0 0 0 0 0.4 17.6 0 0.4 18.2 0 3 0 0 0 0 0 0 0 0 0 0 0 0 0 0 0 0 0 0 0 0 0 0 0 0 0.4 0.2 0 0 0 0 0 0 0 0.2 0 0 0 0 
 64 0 40.6 11.4 19.8 6.800000000000001 33.4 48.800000000000004 9.4 27.400000000000002 6.2 23.200000000000003 29.6 12 27 51.6 4.6000000000000005 91.80000000000001 6.800000000000001 8.4 0 0 0 0 0 0.6000000000000001 0 15.4 0 0 0.2 0.4 0 0 0.6000000000000001 0 0 0 16.400000000000002 46.2 0.6000000000000001 0 0 0.4 0.6000000000000001 0.4 0.4 0 0.4 0 0 0 0.6000000000000001 1 0.6000000000000001 0 0.4 0.4 0.6000000000000001 1.2000000000000002 0 0 0 0 0.4 0 0.4 0.6000000000000001 0 0 0 0 0 0 0 0.4 0.8 0.4 0 0 0 0 1.8 2.8000000000000003 6.2 2.2 0 0 1.8 0 5.800000000000001 4.2 2.2 12.200000000000001 6.4 4.4 3.2 2.6 0 0 2.8000000000000003 0 0 0 0 0 3.6 0 0 0 0 2.6 0.2 2 0 0 0 0 0 4.6000000000000005 0 0 0 0 1.2000000000000002 0 0 0 0 0 0 0 0 0 0 0 0 0 0 0 0.6000000000000001 0 0 0 0 0 0 0 0 0 0 0 0 0 0 0 0 0 0 0 2 0.2 6.4 0.4 6 0 2.2 2.6 6.800000000000001 0.4 0.2 6.800000000000001 2.4000000000000004 4.6000000000000005 0.4 0 2.6 9 0 0 0 0 0 0 0 0 0 0 0 0 0 0 3 0 0 0 0 0 3.6 4.2 0 0 0 0 0 0 0 0 0 0 0 0 0 0 0 0 0 0 0 0 0 0 0 0 0 0 0 0 0 0 0 0 0 0 0 0 0 0 0 0 0 0 0 0 0 0 18.6 0 0.6000000000000001 0 2 1.4000000000000001 0 0 0 0 0 0 0 0 0 0 0 0 0 0 0 0 0 0 0 0 0 0 0 0.2 1.6 0 0 0 0 0 0 0 0 0 0 0 0 0 
 78.2 40.6 0 21.6 31 8.8 48.6 70.2 17 42.400000000000006 27 7 31.400000000000002 14.200000000000001 55.2 13.600000000000001 43.400000000000006 10 4.4 8.8 0 0 0 0 0 0.6000000000000001 0 0 0 0.2 0 1.4000000000000001 0 0 0.6000000000000001 0 0 0 0 0.4 1 0 0 0.6000000000000001 0.6000000000000001 0.4 0 0.6000000000000001 0.4 11 0 0.4 0.6000000000000001 0.4 0 0 0.4 0.4 0 0.6000000000000001 0 0 0.4 0 0 6.800000000000001 0.8 0.6000000000000001 0 0 0 0 1.2000000000000002 0.2 0 0.8 0.6000000000000001 0.4 0 0 2.8000000000000003 8.4 5 0 0 0 4.800000000000001 0 13.600000000000001 9.600000000000001 0 7.2 4.800000000000001 2.8000000000000003 7.6000000000000005 2.8000000000000003 6 11.200000000000001 0 2.6 0 0.4 0 0 0 0 0 0 0 2.8000000000000003 0 0 0 1.6 0 0 0 0 0 0 0 0 0 0 0 0 3.4000000000000004 3.4000000000000004 0 0 0 0 0 0 0 0 0 0 0 0 0 0 0 0 0 2.2 0 0 0 0 0 0 0 0 0 0 0 0 0 0 0 6.6000000000000005 1.6 3 0 0 2.2 5.6000000000000005 3.2 2.8000000000000003 0 8.4 2.2 0.2 8.200000000000001 3.8000000000000003 2 5 0 6.4 0 0 0 0 0 0 0 0 0 0 0 0 0 0 0 0 0 0 3.4000000000000004 1 0 0 0 0 0 0 0 0 0 0 0 0 0 0 0 0 0 0 0 0 0 0 0 0 0 0 0 0 0 0 0 0 0 0 0 0 0 0 0 0 0 0 0 0 0 0 1.6 0 0 2 0 2.8000000000000003 2 0 0 0 0 0 0 0 0 0 0 0 0 0 0 0 0 0 0 0 0 0 0 0 0 0 0 0 0 0 0 0 0 0 0 0 0 1.4000000000000001 
 27.400000000000002 11.4 21.6 0 27.400000000000002 35.4 14.8 52.2 58.6 16.6 29.400000000000002 44.400000000000006 10.600000000000001 52.2 23.8 11.8 85.2 31.400000000000002 12 9.4 15.200000000000001 0 0.4 0 0.4 0.6000000000000001 15 27.6 15 0 0 1 30 11 15 0.4 0 0 17.400000000000002 0.6000000000000001 0.6000000000000001 0 0 0.4 0.6000000000000001 1 0.6000000000000001 0 0.4 12.200000000000001 0 0 1.2000000000000002 0.4 0 0.6000000000000001 0.4 0.4 0 0.8 0.4 0.2 0.6000000000000001 0 0 0 0.4 0.6000000000000001 0 0.4 0 0 0.2 0 0 0.8 0.6000000000000001 0.4 0 1 0 0 0 8.200000000000001 2.4000000000000004 3 0 0 0 3.2 0 2 0 0 4.6000000000000005 0 2.8000000000000003 7.6000000000000005 0 0 3.6 0 2 0 0 0 2.4000000000000004 2 2 0 0 0 3 2.6 4.6000000000000005 11.200000000000001 0 2 10 0 0 0 0 0 0 0 0 0 0 0 0 0 0 0 0 2.4000000000000004 0 0.2 0 0 0 0 0 0 0 0 0 0.2 0 0 0 0 0 0 0 0 0 0 0 0 0 0 0 0 2 11.600000000000001 0 0.2 0 0 4 4.2 0 0 0 0 0 2.4000000000000004 1.8 0 3.6 0 4.6000000000000005 0 0.2 0 6 0.2 4.800000000000001 2 0 0 6 4 3.2 6.2 5.800000000000001 0 0 5 0 0 0 0.2 0 0 0 0 0 0 0 0 0 0 0.4 0 0 0 0 0 0 0 0 0 0 0.4 0 0 0 0 0 0 0 0 0 0 0 0 0 0 0 0 0 0 0 0 0.4 0.4 0.2 8.8 0 2 0 0 0 0 0 0 0 0 0 0 0 0 0 0 0 0 0 0 0 2 0 0 0 0 3.8000000000000003 0 0 0 0 0 0 0 0 0 0 0 0 0 
 27.6 19.8 31 27.400000000000002 0 18.400000000000002 11.8 46.2 28.400000000000002 16.2 33.2 8.8 16.8 11.200000000000001 94.2 30 9.8 9 11.200000000000001 13.4 29.8 0.6000000000000001 5 1 0 0.6000000000000001 0.4 32.800000000000004 14.600000000000001 0 0 0.4 0.2 0.2 1 0.6000000000000001 0 0.4 20.400000000000002 42 1.4000000000000001 0.2 0 0.4 0.6000000000000001 0.6000000000000001 0 0.8 0 0.4 0 0.6000000000000001 0.6000000000000001 0.4 0 0 0.4 0.6000000000000001 0 0.6000000000000001 0 0 0 0 0 0 0.4 0.6000000000000001 0 0 0 0 0 0 0 0.4 0.6000000000000001 0.8 0 0.2 0 0.4 10.4 9.200000000000001 10.600000000000001 1.6 0 0 1.8 3.8000000000000003 1.4000000000000001 6 0.2 0 0 2 2 0 0 0 3 0 0.2 0.2 1.8 0 2.4000000000000004 2.2 0 2.6 0 0 0 0.6000000000000001 2.4000000000000004 0 0 0 2 8.6 0.4 0 0 0 0 0 0 0 0 0 0 0 0 0 0 0 0 0 0 0 0 0 0 0 0 0 0 0 0 0 0 0 0 0 0 2.2 0 0.2 0 0 0 0 0.2 0 5 0 6.2 0 2 2 2 5.4 0 2 4 1.4000000000000001 6.800000000000001 0.2 0 0 3 0 0 0 0 0 0.2 6.4 9.8 1 3.6 0 0 4.6000000000000005 3.4000000000000004 3.8000000000000003 0.4 0 3.8000000000000003 2.2 0 0 0 0 0 0 0 0 0 0 0 0 0 0 0 0 0 0 0 0 0 0 0 0 0 0 0 0 0 0 0 0 2.8000000000000003 0 0 0 0 0 0 0.2 0 0 0 0 0 0.6000000000000001 0.2 0 0.6000000000000001 0.6000000000000001 2.2 2.8000000000000003 0 0.2 0 0 0 0 0 0 0 0 3.6 0 0 0 2.6 0 0 0 0 0 0 0 0 0 0 0 0 0 0 0 0 0 0 0 0 0 0 0 
 26.400000000000002 6.800000000000001 8.8 35.4 18.400000000000002 0 8.6 22.200000000000003 27.400000000000002 12.8 31.400000000000002 12 6.2 11.200000000000001 28.400000000000002 25.400000000000002 30.200000000000003 59 6.2 10.4 0 0 0.4 0 0 0.6000000000000001 13.200000000000001 29.8 2.8000000000000003 0 0 0.4 9.4 0.2 0.6000000000000001 12.200000000000001 0 0 0 16.2 1 0 0.2 0.4 1.6 0.6000000000000001 0.2 1.2000000000000002 1 11.200000000000001 0 0.8 1.6 1.2000000000000002 0.4 0.4 0.4 1.6 0 1 0 0 1.2000000000000002 0 0 0 0.4 0.6000000000000001 9.200000000000001 0 0 0 0 0 0 0.4 3 0.4 1.2000000000000002 0 0 0 0 0.2 0.2 1.8 0 0 0 3.8000000000000003 4.800000000000001 2 0 0 4.6000000000000005 0 6.6000000000000005 2.4000000000000004 0 0 0.2 2 3.4000000000000004 1.8 0 0 3.8000000000000003 0 0 0 5.2 0 4.2 0 2.2 0 2.6 2.4000000000000004 4.800000000000001 6.800000000000001 0 0 0 0 0 0 0 0.2 0 0 0 1.6 0 0 0 0 0 0 0 1.8 0 0 0 0 0 0 0 0 0 0 0 0 0 0 0 0 0 0 0 0 0 0 0 1.8 0 4 0 0.2 0 1.2000000000000002 4.4 2.8000000000000003 0 0 0 5.2 1.4000000000000001 1.8 0 0 2.2 0.2 0 5.4 0 0 3.2 2.2 3.6 0 6.4 0 6.6000000000000005 2 2 1.8 3.2 0 2.2 0.6000000000000001 0 0 0 0 0 0.4 0 0 0 0 0 0 0 0 0 1 0 0 0 0 0 0 0 0 0 0 0 0 0 0 0.4 0 0 0 0 0 0 0 0 0 0 0 0 0 0 2 0.2 0.2 0.8 29.8 0 1.2000000000000002 0 0 0 0 0 0 0 0 0.4 0 0 0 0 0 0.4 0 0.4 0 0 0 0 0 0 2.4000000000000004 0 0 0 0 0 0 0 0 0 0 0 0 0 0 
 77.80000000000001 33.4 48.6 14.8 11.8 8.6 0 35.800000000000004 53.400000000000006 4.2 73.60000000000001 7.4 72.4 34 22 25.6 22.6 32.4 29.200000000000003 26.8 0 0 0 0 0 0.6000000000000001 0 0 0.2 0 0.2 0.4 0 0 0.6000000000000001 0.4 0 0.4 0 0 0.6000000000000001 0.2 0.2 9 0.6000000000000001 0.4 0 0 0.4 11.8 0 0 0.6000000000000001 0.4 0 0 13 1.2000000000000002 0 0.6000000000000001 0 0 0 0 0 0 0.4 0.6000000000000001 0 0 0 0 0 0 0 0.4 0.8 0.4 0 0 0.2 0 2 0 0 1.2000000000000002 0.2 2 3.8000000000000003 0 3.4000000000000004 5.4 3 5.2 10 0 7 1.8 0 0 0 0 0.4 0 0 0 0 0 0 0 0 0 0.2 0 0 0 0 0 0 0 0 0 0 0 0 0 0.4 0.4 0 0 0 0 0 0 0 0 0 0 0 0 0 0 0 0 0 0 0 0 0 0.2 0 0 0 0 0 0 0 0 0 0 5.800000000000001 12.8 3.4000000000000004 1.4000000000000001 0 0 0 1.8 8.200000000000001 2.6 0 0 2 0.2 0 0 2.8000000000000003 2.8000000000000003 3.2 4.6000000000000005 0 0 0 0 0 0 0 0.2 0 0 0 0 0 0 0 0 0 0 0 0.2 10 0 0 0 0 0 0 0 0.4 0 0 0 0 0 0 0 0 0 0 0 0 0 0 0 0 0 0.2 0.2 0 0 0 0 0 0 0 0 0 0 0 0 0 0 0 0 0.4 0 17.6 0.4 0.4 0.2 0 0.8 0 0 0 0 0 0 0 0 0 0 0 0 0 0 0.4 0 0 0 0 0 0 0 0 2.8000000000000003 2.4000000000000004 1.2000000000000002 0 0 0 0 0 0 0 0 0 0 0 0 
 10.8 48.800000000000004 70.2 52.2 46.2 22.200000000000003 35.800000000000004 0 37.6 8.4 23.6 50.400000000000006 21.8 75.2 12 48 36.4 23.400000000000002 79.60000000000001 29.400000000000002 0.4 0 0 0 0 0.6000000000000001 0 0 0.2 0 0.4 0.4 0.2 0 0.6000000000000001 0 0 0.4 11 15 0.6000000000000001 0.4 0 12.8 0.6000000000000001 1 0 0 0 0.2 0 0 0.6000000000000001 0.4 0 0 0.4 1.2000000000000002 0 0.6000000000000001 0 0 0 0 8.4 0 0.4 0.6000000000000001 0 0 0 0 9.8 0 0.4 1 0.6000000000000001 0.4 0 0.8 3 0 3 2.2 3 0 6 0 0 2.2 3.4000000000000004 11.200000000000001 3.4000000000000004 3.8000000000000003 4.4 0 7 0.2 0 4.6000000000000005 2.6 0 0 0 0 0 0 0 0 0 0 0 0 0 0 0 0 0.2 0 5.2 0 0 0 0 0 0 0 0 0 0 0 0 0 0 0 0 0 0 0 0 0 0 0 0 0 0 0 0 0 0 0 0 0 0 0 0 0 0 0 0 3.6 3.4000000000000004 7 3.2 1.8 0 0 7.6000000000000005 9.200000000000001 2.8000000000000003 0 0 0 0 1 0 7.800000000000001 6.6000000000000005 0 1.8 0 0 0 0 0 0 0 0 0 0 0 0 0 0 2.8000000000000003 0 0 0.2 0 7.4 0 0 0 0 0 0.2 0 0 0 0 0 0 4.2 0 0 0 0 0 0 0 0.4 0 0 0 0 0 0 0 0 0 0 0 0 0 0 0 0 0 0 0 0 0 0 0 0 0 17.8 0 18.2 18.400000000000002 2.6 1 0 0 0.4 0 0 0 0 0 0 0 0.2 0 0 0 0 0 0 0 0 0 0 0 0 3.8000000000000003 0 2 0 0 0 0 0 0 0 0.2 0 0 0 0 
 45.800000000000004 9.4 17 58.6 28.400000000000002 27.400000000000002 53.400000000000006 37.6 0 47.800000000000004 52.400000000000006 33.800000000000004 43.400000000000006 23.8 49 38 60.400000000000006 60 18.8 9 0 0 0 0 0 0.6000000000000001 0.4 0 0 0 0.2 0.4 0 0 0.6000000000000001 0.4 0 0.4 0 0 0.6000000000000001 0.6000000000000001 0 0.4 0.6000000000000001 0.6000000000000001 0 0 0.2 10.600000000000001 0 0 13.8 0.4 0.4 0 0.4 1 0 0.6000000000000001 0.2 0 0.4 0 0 0 1.6 0.6000000000000001 0 0 0.4 0.2 0 0 0 0.4 3.4000000000000004 0.4 0 0 0.4 3.2 5 2.2 0 1.2000000000000002 2.2 0 0 6.6000000000000005 5.2 2 1.8 0 6.800000000000001 5 5.6000000000000005 8.200000000000001 0 2.4000000000000004 0 0 0 0 0.2 0 3.2 0 0 0 0 0 0.8 0 0 0 0 0 0.6000000000000001 7.2 0 0 0 0 0.4 0 0 0 0 0 0 1.6 0 0 0 0 0 0 0 0 0 0 0 0 0 0.4 0 0 0 0 0 0.2 0 0.4 0 0 0 0 0 0 2.6 7.800000000000001 5.2 0.4 2 0.2 0 0 0 0.6000000000000001 4.800000000000001 0.4 0 1.6 5 10.200000000000001 3.6 4 0 2.8000000000000003 0 0 0 0 0 0 0 2 0 0 0.4 0 3.8000000000000003 0 0.2 7.800000000000001 0 0 0 0.8 0 0 0 0 0 0 0.4 0 0 0 0 0 0 0 0 0 0 0 0 0 0 0 0.4 0 0.4 0 0 0 0 0.2 0 0 0 0 0 0 0 0 0.4 0 0 0 0 0 0 0 0.4 0.2 18.400000000000002 1.2000000000000002 0 2 3.6 0 0 0 0 0 0 0 0 0 0.2 0 0 0 0 0 0 0 0 0 0 0 0 4 0 0 0 0 0 0 0 0 0 0 0 0 0 0 
 8.8 27.400000000000002 42.400000000000006 16.6 16.2 12.8 4.2 8.4 47.800000000000004 0 40.2 28.6 11.4 30 33.4 50.6 10.600000000000001 62.6 13.4 35 19.8 0 0 0 0 0.6000000000000001 14 0 0 0.4 0 0.4 5.2 8.200000000000001 0.6000000000000001 0 0 0 22 0 0.6000000000000001 0 0 0.4 0.6000000000000001 0.6000000000000001 2 0 0 0 0 0 0.6000000000000001 0.4 0.4 0 0.4 0.4 0 0.4 0 0 0.2 0 0 0 1.8 0.4 0 0 0 0 0 0 0 0.4 2 0.4 0 0 2.2 4.4 7.2 11.4 3.6 4.4 3.2 0 2.8000000000000003 5.4 5 0 4.2 2 0.2 5 2.8000000000000003 4.800000000000001 0 4.2 1.6 0 0.2 0 0 0 6.2 0 0 0 0 0 6.6000000000000005 2.4000000000000004 0.2 1.2000000000000002 0 0 2.6 3.2 0 0 0 0 0 0 0.2 0.2 0 0 0 0 0 0 0 0 0 0 0 0 0 0 0 0 0 0 0 0 0 0.4 0 0 0 0 0 1.4000000000000001 0 0 0 0 0 5.2 2.6 7.800000000000001 0.2 1.6 0 2.4000000000000004 0 4.4 7.800000000000001 0 2.8000000000000003 0 1 1.6 2 2.6 0 0.2 2.4000000000000004 0 0 0 0 0 0 2 0.2 0 0 0 2.8000000000000003 0 2.4000000000000004 1.8 0 0 7.2 5.6000000000000005 0 0 0 0 0 0 0 0 0 0 0 0 0 0 0 0 0 0 0 0 0 0 0 0 0 0 0.4 0 0 0 0 0 0 0 0 0 0 0 0 0 0 0 0 0 0 0.6000000000000001 9.600000000000001 0 0 0.2 0 1.8 1.4000000000000001 0 0 0 0 0 0 0 0 0 0 0 0 0 0 0 0 0 0 0 0 1.4000000000000001 0 0.2 0 0 0 0 0 0 0 0 0 0 0 0 0 0 
 10.200000000000001 6.2 27 29.400000000000002 33.2 31.400000000000002 73.60000000000001 23.6 52.400000000000006 40.2 0 29.200000000000003 9.600000000000001 11.4 10.200000000000001 29.6 81 50.400000000000006 6.6000000000000005 14 0 0.8 0.8 1.4000000000000001 0 1 0.6000000000000001 2.2 0.4 14 0.4 0.8 0 15.4 0.6000000000000001 0 0.4 0.4 4.2 0.2 0.6000000000000001 0 0 0.4 0.6000000000000001 0.4 0 0 0.4 0.2 0 0 0.6000000000000001 0.4 0 0 0.4 0.4 0.8 0.6000000000000001 0 0 0 0 0 0 0.4 0.6000000000000001 0 0 0 0 0 0 0 0.4 2.6 0.4 0 0 0 2.4000000000000004 0 2.6 0 11 0 0 0 7 2.6 0 3 1.4000000000000001 0.2 3.2 2.8000000000000003 0.4 0 0 0.4 0 0.2 0 0 0 3 0 1 0 0 0 5.4 4.4 0 0 0 1 8.4 6.4 0 0 0 0 0 0 0.2 0 0 0 0 0 0 0 0 0 0 0 0 0 0 0 0 0 0 0 0 0 0 0.2 0 0 0 0 0 0 0 0 0 0 0 13.4 2.6 2.4000000000000004 0 7 0 1.6 0.2 1.4000000000000001 0 5.2 0 0 1.8 6.2 2 5.6000000000000005 0 0 4 0 0 0 0 0 0.2 0.4 0 0 0 0 5.4 0.2 0 2.8000000000000003 0 0 0 0.4 0 0 0 0 0 0 0 0 0 0 0 0 0 0 0 0 0 0 0 0 0 0 0 0 0 0 0.4 0 0 0 0 0 0.2 0 0 0 0 0 0 0 0 0 0 0 0.2 0.2 0.4 0 0 0.2 0.2 0.2 2.4000000000000004 0 0 0 0 0 0 0 0 0 0 0 0 0 0 0 0 0 0 0 0 0 0 0.2 0 0 0 0 0 0 0 0 0 0 0 0 0 0 
 24 23.200000000000003 7 44.400000000000006 8.8 12 7.4 50.400000000000006 33.800000000000004 28.6 29.200000000000003 0 10.4 7.2 39.6 30.400000000000002 18.6 39.2 23.6 27.400000000000002 0.2 0 0 0 0.2 0.6000000000000001 0 0.4 0 0 0.2 0.4 0 15.600000000000001 0.6000000000000001 0 0 0 17 0 0.6000000000000001 0 0 0.4 0.6000000000000001 0.6000000000000001 1.6 0 0 12 0 0.2 0.6000000000000001 10 0.4 0 0.4 0.4 0 0.6000000000000001 0 9.4 0 0 0 0 0.4 0.6000000000000001 0 0 0 0.2 0 0 0 0.4 3.6 0.4 0 0.2 0 10.4 4 9 0 5 0 0 3.8000000000000003 2 1.4000000000000001 0 0 0 4.4 11.200000000000001 6 6.2 0 0 0.2 0 0 0 0 0 8 0 0 0 0 0 6.800000000000001 2.2 0 6.6000000000000005 0 0 6.4 2.8000000000000003 0 0 0.2 0 0 0 0 0 0 0 0 1.4000000000000001 0 0 0 0 0 0 0.2 0 0 0 0.2 0 0 0 0 0 0 0 0 0 0 0 0 0 0 0 0 0 0 0.4 0 2.8000000000000003 0 4.2 0 0.4 0 2 18.2 0 0 0 0.8 3.6 2.6 0 0 0 3.8000000000000003 0.4 0 0 0 0 2.2 2 0 2 0 0 13.200000000000001 2 0 2.4000000000000004 2.8000000000000003 0 1.4000000000000001 0 0 0 0 0 0 0 0 0 0 0 0 0 0 0 0 0 0.2 0 0 0 0 0.4 0 0 0 0 0 0 0.2 0 0 0 0 0 0 0 0 0 0 0 0 0 0 0 0 0.4 17.2 0.4 0 16.8 0 2 6.2 0 0.2 0 0 0 0 0 0 0 0 0 0 0 0 0 0 0 0 0 0 0 0 2.8000000000000003 9 0 0 0 0 0 0 0 0 0 0 0 0 0 
 21.6 29.6 31.400000000000002 10.600000000000001 16.8 6.2 72.4 21.8 43.400000000000006 11.4 9.600000000000001 10.4 0 61.800000000000004 7 7.800000000000001 14.4 23.200000000000003 42.6 9.8 0 0.8 0.2 0 0.2 0.6000000000000001 0 1.2000000000000002 0.4 0 0 0.4 0 0.6000000000000001 1.2000000000000002 0 0 0 0 0.2 0.6000000000000001 0 0.8 2.2 0.6000000000000001 0.6000000000000001 0 0 0.4 0.8 0 0 0.6000000000000001 0.4 0 0.4 1 2 1.2000000000000002 0.6000000000000001 0 0 0 1.2000000000000002 0.6000000000000001 0.4 0.4 1 0 0 0.6000000000000001 0.6000000000000001 0 0 0 0.4 0.8 0.8 0.8 0 2 14 0 0 0 0 4.800000000000001 7.800000000000001 3.2 2.8000000000000003 1.6 0 0.4 2.6 6.2 3 2 5.800000000000001 0 3.2 0 0 0 0 0 0 0 0.2 0 0 0 0 0 0 0 0 0 0 0.4 0 0 0 0 1.4000000000000001 0 0 0 0 0 0 0 0 0 0 0 0 0 0 0 0.4 1.2000000000000002 0.2 0 0.2 0 0 0 0.4 0 0 0 0 0 0 0 0 0 0 0 0 9.8 4 2.6 0.2 1 0 3.2 1.8 2 1.6 0.2 0 4.6000000000000005 8.4 2.4000000000000004 6.2 0 0 2.8000000000000003 4.6000000000000005 0 0 0 0.4 0 0 0 0 0 0 0 0 0 0 0 0 0 1.6 0 0 0 0 0 0 0 0 0 0 0 0 0 0 0 0 2 0 0.4 0 0 0 4.800000000000001 0 0 0 0 0 0 0 0.4 0 0 0 0 0 0 0 0 0 0 0 0 0 0 0 0 0 0 0 0.4 0 0 0.8 0 0 0 0 0 0.2 0 0 0 0.4 0 0 0 0 0 0 0 0 0 0 0 0 0 0 0 0.2 0 0 0 0 0 0 0 0 0 0 0 0 
 40.2 12 14.200000000000001 52.2 11.200000000000001 11.200000000000001 34 75.2 23.8 30 11.4 7.2 61.800000000000004 0 62 27 10 19.200000000000003 20.6 105.4 0 0 0 0 0.4 0.6000000000000001 0.2 0 0 0 0 0.4 5.4 0.2 0.8 0 0 0 0 0 0.6000000000000001 0.6000000000000001 0 0.6000000000000001 0.6000000000000001 1.2000000000000002 0 0 0.2 0 0 0 0.6000000000000001 0.4 0 0 0.4 0.4 0 1 0 0 0 0 0 0 0.4 0.6000000000000001 0 1.2000000000000002 0 0 0 0 0 0.4 0.6000000000000001 0.4 0 0 4.6000000000000005 2.6 2.6 0 0 0 5 3.4000000000000004 6 4.6000000000000005 0.4 2.4000000000000004 6.4 0.2 0.2 2 8.200000000000001 0 1.6 2.8000000000000003 0 0 0 0 0 0 0 0 0 0 0 0 0 0 0 0 0 0 0 0 0 0 0 0 0 0 0 0 0 0 0 0 2.8000000000000003 0 0 0 0 0 0 0 0 0 0 0 0 0 0 0 0 0 0 0 0 0 0 0 0 0 0 0 2.2 2.6 3 3.6 0 0 2 10.8 3.4000000000000004 3.6 0 0 0 1.4000000000000001 5.4 0 3 0 5.800000000000001 5.800000000000001 0 0 0 0 0 0 0 0 0 0 0 0 0 0 0 0 0 0 0 0 0 0 0 0 0 0 0 0 0 0 0 0 0 0 0 0 0 0 0 0 0 0 0 0 0 0 0 0 0 0 0 0 0 0 0 0 0 0 0 0 0 1.6 0 0 0 0 1.6 0 0.4 0 0 2.8000000000000003 0 0 0 0 0 0 0 0 0.4 0 2.6 0 0 0 0 0 0 0 0 0 0 0 0 1.8 0 0 0 0 0 0 0 0 0 0 0 0 0 0 
 67.2 27 55.2 23.8 94.2 28.400000000000002 22 12 49 33.4 10.200000000000001 39.6 7 62 0 94.4 8.6 43.800000000000004 11.8 65.60000000000001 0 0 14.8 0 0.4 0.6000000000000001 0 0 0 0 0 0.4 0 0 0.6000000000000001 0 0 0.4 0.2 14.8 0.6000000000000001 0 0 0.4 0.6000000000000001 13 0 0.8 0.4 11.8 0 0 0.6000000000000001 1 0 0 0.4 0.4 0 0.6000000000000001 0 0 0 0 0 0 0.4 0.6000000000000001 0 2.8000000000000003 0 0 9.8 0 0 0.4 7 0.4 0 0 3.4000000000000004 0.8 9.200000000000001 5.4 2.8000000000000003 4.6000000000000005 0 2.4000000000000004 13 7 0 9.200000000000001 0 0 7.2 5.4 4.800000000000001 0.6000000000000001 0 0 2.2 0 0 0 0 0 5.2 0.6000000000000001 0 0 0 0 0.2 0 1.8 0 0 0 0.2 1.6 0 0 0 0 0 0 0 0 0 0 0 0 3 0 0 0 0 0 0 0.2 0 0 0.4 0 0 0 0 0 0 0 0 0 0 0 0 0 0 0 0 0 0 0.2 2.8000000000000003 0.4 2.4000000000000004 0.4 3.2 2.4000000000000004 2.2 2.6 0.8 0.6000000000000001 0 2.2 7.2 0.2 4 1.8 2.8000000000000003 4 0 0 0 0 0 0 0 0 0 0 0 0 0 0 0 0 0 0 0 4 0 0 0 0 0 0 0 0 4 0 0 0 0 0 0 0 0.2 0 0 0 0 0 0 0 0 0 0 0 0.2 0 0 0 0 0.4 0 0 0 0 0.8 0 0 0 0 0 0 0 0.4 0 17 23 2.2 2 0 0 0 0 0 0 0 0 0 0 3.6 0 0 0 0 0 0 0 0 0 0 0 0 0 0 0 0 0 0 0 0 0 0 0 0 0 0 0 
 19.200000000000003 51.6 13.600000000000001 11.8 30 25.400000000000002 25.6 48 38 50.6 29.6 30.400000000000002 7.800000000000001 27 94.4 0 13.8 53.400000000000006 21 17.6 0 1 0 0 0.4 0.6000000000000001 0.6000000000000001 0 0.2 0 0 0.4 0 0 1 0.4 0 0 0 0 0.6000000000000001 0 0 0.4 1.2000000000000002 1 0 0 0 0 0.6000000000000001 0 0.6000000000000001 12.4 0 0 0.4 1 0 0.6000000000000001 0 0 0 0 0 0 9.8 0.4 0 0 0 0 0 0.2 0 0.4 3.6 1 0 0 0 14.8 8 1.8 0 0.8 2.4000000000000004 0 1.2000000000000002 2.6 2.2 3.8000000000000003 0 4.6000000000000005 3.4000000000000004 16.2 5.800000000000001 0.8 4.800000000000001 0 3.4000000000000004 0 0 3.4000000000000004 0 0 0 0 0 0 0 0 1.2000000000000002 2 0 0 0 0 0.6000000000000001 3.8000000000000003 0 0 0 0 0 0 0 0 0 0 0 1.8 0.2 0 0 0 0 0 0 0 0 0 0 0 0 0 0 0 0 0.4 0 0 0 0 0 0 0 0 0 0 0 8.4 3.2 0.8 4 0 2.4000000000000004 4.2 5.6000000000000005 10 2.8000000000000003 5.2 0 3.6 8.200000000000001 2.2 5.4 2.2 0 3.2 0 0 0 0 0 0 0 0 0 0 0 0 5.800000000000001 0 0 0 0 0 4.2 0.2 0 0 0 0 0 0 0 0 0.2 0 0 0 0 0 0 0 0 0 0 0 0 0 0 0 0 0 0 0 4.4 0 0.2 0 0 0 0 0 0 0 0 0 0 0 0 0 0.2 0.2 0.2 0 9 0.6000000000000001 1.8 3.8000000000000003 12.4 0 0 0 0 0 0 0 0 0 0 0 0 0 0.4 0 0 0 0 0 0 0 0 9.200000000000001 0 2 0 0 0 0 0 0 4.4 0 0 0 0 0 
 24.6 4.6000000000000005 43.400000000000006 85.2 9.8 30.200000000000003 22.6 36.4 60.400000000000006 10.600000000000001 81 18.6 14.4 10 8.6 13.8 0 33 22 7.800000000000001 0.6000000000000001 12.600000000000001 0 0 0 0.6000000000000001 5 0 0 0.6000000000000001 0 0.4 12 0 0.6000000000000001 0 0 0.2 0 0 0.6000000000000001 1.2000000000000002 0 0.4 0.6000000000000001 0.6000000000000001 0 0.6000000000000001 0 0.2 0 1.2000000000000002 0.6000000000000001 0.4 0 0 0.4 1.6 0 0.6000000000000001 0 0 0 0 0 0 0.4 0.6000000000000001 0 0 0 0 0 0 0 0.4 1.6 0.8 4.4 0.8 0.4 3.6 0 2 0.2 0.2 9.8 0 5.6000000000000005 6 3.8000000000000003 4.2 4.6000000000000005 0 1 7.6000000000000005 3.4000000000000004 2.4000000000000004 0 3.4000000000000004 0.2 0 0.8 0 0 0 2.2 0 0 0 0 0 0.2 0 0 0 0 0 0.2 2.6 0 0 0 0 0 0 0 0 4.4 0 0 0 0 0 0 0 0 0 0 0 0 0 2.4000000000000004 0 0 0 0 0 0 0 0 0 0 0 0 0 0 0 0 0 4.800000000000001 3.8000000000000003 4.2 2 1.8 4.2 0 2.2 0 0.2 0 1 2.8000000000000003 5.2 4.2 2.2 1.8 0 0 6.6000000000000005 0 0 0 0 0 0 3.8000000000000003 0 0 0 0 0 0 0 3.4000000000000004 0 0 0 0 3 0 0 0 0 0 0 0 0 0 0 0 0 0 0 0 0 0 0 0 0 0 0 0 0 0 0 0 0 0 0 0 0 0 0 0 0 0 0 0 0 0 0 0 0 0 0.2 2.8000000000000003 0 0.2 36.2 0 1.4000000000000001 0 0 0 0 0 0 0 0 0 0 0 0 0 0 0 0 0 0 0 0 0 0 0 0 0 0 0 0 0 0 0 0 0 0 0 0 0 0 
 118.60000000000001 91.80000000000001 10 31.400000000000002 9 59 32.4 23.400000000000002 60 62.6 50.400000000000006 39.2 23.200000000000003 19.200000000000003 43.800000000000004 53.400000000000006 33 0 6.800000000000001 22.400000000000002 0 0 0 0 0 0.6000000000000001 0 0 0 0.4 0 0.4 0 0 0.6000000000000001 0 0 0 14.8 0 0.6000000000000001 0 0 0.4 0.6000000000000001 1.4000000000000001 0.6000000000000001 0.4 0.4 12.4 0 0 0.6000000000000001 0.4 5.2 0 0.4 0.4 0 1 0 0 0 0 0 0 1.4000000000000001 0.6000000000000001 7.2 0 0.8 0 0 0 0.2 0.4 0.6000000000000001 1 0 0 2.8000000000000003 4.800000000000001 7.4 4 0 4 3.4000000000000004 0 6 11.8 1.6 0.4 2.2 1.6 7 2.6 2.8000000000000003 5.4 0 2 0 0.4 0 0 0 0 5 0 0 3 0 0 0 0.2 0 2.8000000000000003 0 0 3.6 3.4000000000000004 0 0 0.2 0 0 0 0 0 0 0 0 0 0 0 1 0 0 0 0 3 0.2 3.2 0 0 0 0 0 0 5 0 0 0 0 0 1.6 0 0.2 0 0 0 0 4.6000000000000005 1.8 0 0 1.6 0 2.6 1.4000000000000001 0 8.200000000000001 0 2 3 1.4000000000000001 4.6000000000000005 0 1.8 0 5.2 0 0 0 0 0 0 0 2 0 0 0 0.4 2.6 0 0 1.6 0 0 0 0 0 0 0 0 0 0 0 0 0 0 0 0 0 0 0.4 0 0 0 0 0 0 0 0 0 0 0.2 0 0 0 0 0 0 0 0 0.4 0 0 0 0 0.2 0 0 0 0 0 0.8 17.6 0.6000000000000001 0.2 1 0.6000000000000001 0.6000000000000001 1.4000000000000001 0 0 0 0 0 0 0 0 0 0 0 0 0 0 0 0 0 0 0 0 0 0 0 1.2000000000000002 0 0 0 0 0 0 0 0 0 0 0 0 0 
 14.4 6.800000000000001 4.4 12 11.200000000000001 6.2 29.200000000000003 79.60000000000001 18.8 13.4 6.6000000000000005 23.6 42.6 20.6 11.8 21 22 6.800000000000001 0 44.400000000000006 0.2 0 0.2 0 0 0.6000000000000001 0 0 0.2 0 0 0.4 0.4 0 0.6000000000000001 0 0 0.8 0 0 0.6000000000000001 0 0 0.4 0.6000000000000001 1 0 0 0.2 0 0.6000000000000001 0 0.6000000000000001 0.4 0 0 0.4 0.8 0 0.6000000000000001 0 0 0 0 0.2 0 0.6000000000000001 0.6000000000000001 0 1.2000000000000002 0 0 0 0 0 0.4 0.6000000000000001 0.8 0 0.2 4.2 0 0 0 0 1.6 0 6.800000000000001 0 0 0 0 0 0.6000000000000001 0 1.2000000000000002 4.800000000000001 0 2 2.2 0 0 0 0 0 0 0 0 0 0 0 0 0 0 0 0 0 0 0 0 0 0 0 0 0 0 0 0 0 0 0 0 10.600000000000001 0 0 0 0 0 0 0 0 0 0 0 0 0.2 0 0 0 0 0 0 0 0 0 0 0 0 0 0 3.4000000000000004 2 0 0 0 0 0 4.2 2.8000000000000003 2.8000000000000003 0 2 4.6000000000000005 2 0.2 0 0 0 3.6 3 0 0 0 0 0 0 0 0 0 0 0 0 0 0 0 0 0 0 0 0 4.4 0 0 0 0 0 0 0 0 0 0 0 0 0 0 0 2 0 0 0 0 0 0 0 0 0 0 0 0 0 0 0 0 0 0 0 0 0 0 0 0 0 0 0 0 0.4 0.2 0 0 0.4 0 0.2 0 0 0.2 0.2 0 0 0 0 0 0 0 0.2 0 0 0 0 0 0 0 0 0 0 0 2.8000000000000003 0 2 0 0 0 0 0 0 0 0 0 0 0 0.2 
 15.8 8.4 8.8 9.4 13.4 10.4 26.8 29.400000000000002 9 35 14 27.400000000000002 9.8 105.4 65.60000000000001 17.6 7.800000000000001 22.400000000000002 44.400000000000006 0 0 0 0 0 0 0.6000000000000001 0 0 0 0 0.2 0.6000000000000001 0 0 0.6000000000000001 0.4 8.200000000000001 0.4 0 0 0.6000000000000001 0 0.6000000000000001 0.4 0.6000000000000001 14.4 0.6000000000000001 0 0 0 0 0 0.6000000000000001 0.4 0 0 0.4 0.4 0 0.6000000000000001 0 7.2 0 0 0 0 0.4 0.6000000000000001 0 1.4000000000000001 0 0 0 0 0 0.4 0.6000000000000001 0.4 0 0 2.6 0.4 0.2 0 0 0 0 8.4 3.2 2 0.4 0 1.4000000000000001 0 0.2 2 3.2 0 3.2 0 0 0 0 0 0 0 0 0 0 0 0 0 0 0 0 0 0 0 0 0 0 0 0 0 0 0 0 0 0 0 0 0 2.2 0 0 0 0 0 0 0 0 0 0 0 0 0 0 0 0 0 0 0 0 0 0 0 0 0 0 0 1.8 1.8 0 3.2 0 0 2 1.8 5.4 6.6000000000000005 0 0 2 0 0 0 0 0 8.8 8 0 1.8 0 0 0 0 0 0 0 0.2 0 0 0 0 0 0 0 0 0 0 0.4 0 0 0 0 0 0 0 0 0 0 0 0 0 0 0 0 0 0 0 0 8.200000000000001 0 0 0 0 0 0 0 0 0 0 0 0 0 0 0 0 0 0 0 0 0 0 0 0 0.8 0 0.4 0.4 0 0.4 0 0 0 0 0 0 0 0 0 0 0 0 0 0 0 0 0 0 0 0 0 0 0 3.6 0 0.8 0 0 0 0 0 0 0 0 0 0 0 0 
 0 0 0 15.200000000000001 29.8 0 0 0.4 0 19.8 0 0.2 0 0 0 0 0.6000000000000001 0 0.2 0 0 46.2 23.6 10.600000000000001 52 30 84.80000000000001 61.800000000000004 51.800000000000004 28 28 10.600000000000001 24.200000000000003 42.800000000000004 55 6.4 39.800000000000004 38.400000000000006 18.400000000000002 26.6 0.2 0 0 0 0 2.8000000000000003 0.6000000000000001 0.2 0 0 0.6000000000000001 0.6000000000000001 0.6000000000000001 0.4 1 0 1.8 0.6000000000000001 0 0.2 0.6000000000000001 0.2 0 0.4 0.6000000000000001 0.2 0.6000000000000001 0 0 0.2 0.6000000000000001 0 0 0 0 0.2 0.2 0 0 0.8 0 0 0 3.6 4.2 0 0 0 0 0.4 0 0 0 0 0 4 0 0 0 0 1.8 1.6 0 2.6 1.4000000000000001 4.6000000000000005 0 4.2 2.6 0.2 0 0 0 3.8000000000000003 2.4000000000000004 0.6000000000000001 4.2 2 0 3.6 0 0.2 0 0 0 0 0 0 1.8 0 2 0 0.4 0 0 0 0 0 5.6000000000000005 2.6 0 0 0 0 0 0 0 0 0 0 0 0 0 0 0 1 0 0 0.4 0 0 1.2000000000000002 0 0 0 1.6 0 0 0 0 0 0 0 0 0 0.4 0 0.4 0 0 3.6 10.200000000000001 7.4 0 4 0 3.4000000000000004 6 4.6000000000000005 3.8000000000000003 1.8 3.6 1.8 1.4000000000000001 2.8000000000000003 0 3 0 6.6000000000000005 0 0.4 0 0 0 0 0 0 0 0 0 0 0.4 0 0 0 0 0 0 0.2 0.2 0 0 0 0 0 0 0 0 0 0 0 0 0 0 0 0 0 0 0 0 0 0 2.2 0 0 0 0 0 0 0 0 0 0 0 2.4000000000000004 0 0 0 0 0 0.8 0 0 0 0 0 1.6 0 0 0 0 0 0 0 0 0 0 0 0 1.8 0 0 0 0 0 0 0 0 0 0 
 0 0 0 0 0.6000000000000001 0 0 0 0 0 0.8 0 0.8 0 0 1 12.600000000000001 0 0 0 46.2 0 15.600000000000001 15 32.4 21.8 15 60.800000000000004 40.800000000000004 31 16.8 36 9.8 13.200000000000001 34 47 48.2 72.8 7.6000000000000005 10.200000000000001 0 0.2 0 0 0 0 13 0.4 0 40.800000000000004 0.6000000000000001 0.6000000000000001 0 0.4 0.8 0 0.6000000000000001 1 0 16.2 0.6000000000000001 0 1 0 0.6000000000000001 0 0 0 0 0 0 0 0 0 0 0 0.2 0 0 0.6000000000000001 0 0 0 0 0 0 0 0 0 0 0 0 0 0 0 0 0 0 0 0 0 3.2 0 2.6 2.2 2.6 3 0.6000000000000001 8.8 2.2 2.2 2.6 0 0 3.4000000000000004 0 4.4 0 0 0 0 0 0 0 0 0 0 0 1.6 0 0 0 0 0 0 0 0 0.4 6.800000000000001 0 0 0.6000000000000001 0 0 1 0 0.4 0 0 0 0 0 0.8 0 0.4 0 0 0 0 0 0 0 1.8 0 0 0 0 0 0 0 0 0 0 0 0 0 0 0 0.4 0 0 12.600000000000001 0 4.6000000000000005 6.4 2.4000000000000004 0 11.600000000000001 1.2000000000000002 2.2 3.8000000000000003 6.800000000000001 4.2 2.4000000000000004 3 0 0 9.8 0 0 1.8 2.6 0 0 0 0 0 2.4000000000000004 1.4000000000000001 0 0 0 2.2 0.4 0 0 0 0 2 2 0 0 0 0 0 0 0.2 0 0 0 0 0 0 0 0 0 0 0 0 0 0 0 2.4000000000000004 0 0 0 0 0 0 0 0 0 0 0 0.6000000000000001 0 0.2 15 0.2 0.4 0.4 3.4000000000000004 0 0 0 0 0 0 0 0 0 0 0 0 0 0 0.4 0 0 0 0 2.6 0 0 0 0 0 0 0 0 
 0 0 0 0.4 5 0.4 0 0 0 0 0.8 0 0.2 0 14.8 0 0 0 0.2 0 23.6 15.600000000000001 0 18.2 34.6 8.4 15 34.2 47.400000000000006 29.400000000000002 18.400000000000002 16.6 9.200000000000001 17.8 29.200000000000003 28.400000000000002 9.8 54.2 25.6 25.8 0 0 0.6000000000000001 0 0 0.4 0.6000000000000001 0.4 0 0.2 0.6000000000000001 0.6000000000000001 0 0.4 16 0.4 1.4000000000000001 0.6000000000000001 0 0 1.2000000000000002 0 0 0.2 0.6000000000000001 0.6000000000000001 1 0 0 0.6000000000000001 0 0 0.6000000000000001 0.6000000000000001 0.8 1 0 0 0.6000000000000001 1.4000000000000001 0 0 0 0 2.8000000000000003 0 0 0 0 0 0 0 0 0 0 0 0 0 0 0 1.6 3.8000000000000003 6.2 5.800000000000001 4.6000000000000005 4.2 0 8.6 0 1.2000000000000002 1.6 0 1.4000000000000001 0 0 3 1.8 0 0 1 0 0 0 0 0 0 0 0.2 0 0 0 0 2.4000000000000004 0.2 0 2 0 0 0 0 1.6 0 0 0 0.2 0 0 0 0 2 0 0 0 0 0 0 0 0 0 0.8 0 0.4 0 0 0 0 0 0 0 0 0.2 0 1.2000000000000002 0 0.2 0 0 0 0 0 0 0 0.2 3.4000000000000004 4.800000000000001 4.2 0 2.6 7.6000000000000005 3.8000000000000003 11.4 1.4000000000000001 0 0.4 0 2 0 2.2 0 3.4000000000000004 0.2 0 0 0 0 0 0 2.6 0 0 0 0 1.4000000000000001 0 0 0 0 0 6.4 4.6000000000000005 0 0 0 0.2 0 0 0 0 0 0 0 0 0 0 0 0 0 0 0 0 0 0 0 0 0 0 0 0 0 0 0 0 0 0 2.6 0 0.6000000000000001 0 15.4 0.2 0 0 0 0 0 0 2.2 0 0 0 0 0 0 0 0 0 0 0 0 0 0 3.4000000000000004 0 0.2 0.2 3.6 0 0 0 0 
 0 0 0 0 1 0 0 0 0 0 1.4000000000000001 0 0 0 0 0 0 0 0 0 10.600000000000001 15 18.2 0 40.800000000000004 21 19.400000000000002 17.2 15.4 14.600000000000001 33 18.8 8.4 11.600000000000001 18.8 18.2 10.200000000000001 83.4 13.600000000000001 26.200000000000003 0 1.4000000000000001 0 0 0 0.4 0.6000000000000001 0.4 0 0 0.6000000000000001 1 1 0.4 0.6000000000000001 0 0 0.6000000000000001 15.4 12.8 0.6000000000000001 0 0 2.6 0.8 0 0 0.4 0 0 0.4 0 0.2 0.2 0 11.200000000000001 0 0.4 0 0.6000000000000001 0 0 0 0 0 0 0 0 0 5.2 0 0 0.2 0 0 0 0 0 0 0 1.6 3.6 4.800000000000001 4.2 3.2 2 0 4 0 4.6000000000000005 0.6000000000000001 2 0 0 4.800000000000001 5.4 2.2 1.6 0 0 0.2 0 3.8000000000000003 0 0 0 2.2 0 0 0 3 0 2 0 3 0 0 0 1.6 0 0 1.8 0 0 0 0.4 0 0 0 0 0.6000000000000001 0 0 0 0 0 1 0 0 0 0 0 0 0 0 0 0 0 0 0.2 0 0 0 0 0 0 0 0 1 0 0 2.4000000000000004 5.4 4 0 1.8 0 0 0 2 0 0 0 2.6 0 4.800000000000001 2 3 0 3.6 0 0 0 0.2 0 0 0 3 2.8000000000000003 0 0 0 6 3.6 1.6 0 0.2 0 2.6 5 0.2 0 0 0 0 0 0 0 0 0 0 0 2.6 0 0 0 0 0 0 0 0 0 0 0 0 0 0 0 0 0.2 0 0 0 0 3.8000000000000003 0 0.4 15.600000000000001 15.200000000000001 0 8.200000000000001 0 0 0 0 0 2.2 0 0 0 0 0 0 0 0 0 0 0 0 0 0 0 0 0 0 0 0 0 0 0 
 0 0 0 0.4 0 0 0 0 0 0 0 0.2 0.2 0.4 0.4 0.4 0 0 0 0 52 32.4 34.6 40.800000000000004 0 50.6 9 13.200000000000001 28.400000000000002 15 32.800000000000004 50 12 21.8 90 100.60000000000001 9.600000000000001 33.2 8.8 30.8 0 0.4 0 11 0 0 0.6000000000000001 0.4 0.2 1 0.6000000000000001 0.8 0 0.6000000000000001 0.6000000000000001 0 0 0.6000000000000001 12.4 3.4000000000000004 0.6000000000000001 0 0 0 0.6000000000000001 0 1 0 0 0 0 0 0 0 0 0 0.2 0 0 0.4 0 0 0 0 0 0 0 0.2 0 0 0 0 0 0 0 0 0 0 0 0 0 1.2000000000000002 5.800000000000001 1.8 6.6000000000000005 3 0.4 0 12.8 2.2 1 4.6000000000000005 0 0 0 0 0 1.8 0 0.2 0.2 0 0 0 0 0 0.8 0 0 0.2 0 0 4.6000000000000005 3.4000000000000004 0 2.4000000000000004 0 0 1.8 0 0 0.8 0 0 0 0 0 0 0 0 1.2000000000000002 0 0.2 0 0.4 0.2 0.6000000000000001 0 0 0 0 0 0.4 0 0 0 0 0 0 0 0 0 0 0 0 0 0 0 0.2 0 3.4000000000000004 6.4 3.2 10.4 0 4.800000000000001 0 0.2 0 4 3.8000000000000003 3.2 0 0 0 2.2 0 1.2000000000000002 0.2 0 0 0 0 0 0 0 4.800000000000001 3.8000000000000003 0 0 0 0 6.800000000000001 4.4 2 0 5.4 0 4.2 5 0 0 0 0 0 0 0 1.8 0 0 0 0 0 0 0 0 0 0 0 0 0 0 0 0 0 0 0 0 0 0 0 0 0 0 1.2000000000000002 0 0 0.2 3 1 4.800000000000001 0.2 0 0 0 0 0 0 0 0 0 0 0 0 0 0 0 0 0 0 0 0.4 0 0 0 3.4000000000000004 0 0 0 0 
 0.6000000000000001 0.6000000000000001 0.6000000000000001 0.6000000000000001 0.6000000000000001 0.6000000000000001 0.6000000000000001 0.6000000000000001 0.6000000000000001 0.6000000000000001 1 0.6000000000000001 0.6000000000000001 0.6000000000000001 0.6000000000000001 0.6000000000000001 0.6000000000000001 0.6000000000000001 0.6000000000000001 0.6000000000000001 30 21.8 8.4 21 50.6 0 49.800000000000004 49.800000000000004 6 62.400000000000006 70.60000000000001 60.6 6.6000000000000005 7.800000000000001 60.400000000000006 14.200000000000001 71 13.600000000000001 52 32.4 13.200000000000001 12.600000000000001 13 0 1 0.6000000000000001 13.600000000000001 16.2 13.600000000000001 0.2 0.6000000000000001 1 0.2 5.4 13.8 12.4 0 1.2000000000000002 22.200000000000003 12 0.6000000000000001 0 0 0 0.6000000000000001 0 0 0 0 0 0 0 0 1.2000000000000002 0 0 0.6000000000000001 0 0 0.6000000000000001 0 0 0 0 0 0 0 0 0 0 0 0 0 0 0 0 0 0 0 0 0 0 0 3.6 2.6 2.4000000000000004 0 0 0 0 1.8 8 0 0.4 0 0 0 2 1.8 0 15 5 5.4 7.6000000000000005 0 0 12.200000000000001 0.4 0 4.2 2.4000000000000004 0 4 4 10.600000000000001 3.4000000000000004 2.4000000000000004 6 2 7 0 0 0 0.4 0 0 0 0 0 0 0.4 0.4 0 0 0 0 0.4 0 0 0 0 0 0 1 1 0 0 0 0 1.6 0 3.8000000000000003 0 0 0 0 0 0 0 0 0 0 0 2 6 1.6 0 0 0 0 0.2 2.6 0 2 0 0 0 2 0 0 2.2 0 3.6 0.2 8.200000000000001 0 2.2 5.2 0 2 0 0 1.6 0.4 2.8000000000000003 1.4000000000000001 6.6000000000000005 1.8 0 6.2 0 0 0 0 0 0 0 0 0 0 0 0 0.2 0 0.2 0 0 0 0 0 0 0 0 0 0 0 0 0 0 0 0 0 0 0 5.2 0.2 1 33 16.8 0.6000000000000001 1 0 0 12.4 0 0 0 0 0 0 0 0 0 0 0 0 0 0 0 0 0 0 0 0 0 0 0.4 0 0 0 
 0 0 0 15 0.4 13.200000000000001 0 0 0.4 14 0.6000000000000001 0 0 0.2 0 0.6000000000000001 5 0 0 0 84.80000000000001 15 15 19.400000000000002 9 49.800000000000004 0 19.200000000000003 53.6 36.800000000000004 5 3.2 59.400000000000006 34.2 48.800000000000004 8.8 9.4 14.200000000000001 26.200000000000003 17.6 0 0.2 0.4 0 0 3 0.6000000000000001 0.4 0.4 0.2 0.6000000000000001 0.6000000000000001 0 0.4 0.6000000000000001 0 1.4000000000000001 0.6000000000000001 0 0 0.6000000000000001 0 0 0 0.6000000000000001 0 0 6.4 0 0.2 0.6000000000000001 0.4 0 0.4 0 0 2 0.6000000000000001 0 7.6000000000000005 0 0 0 5.6000000000000005 2.2 0 0 0 0 0 0.4 0 0 0 0 4 0 2.6 0 0 1.8 17.2 2 4.4 0 0 2.4000000000000004 0.2 2 0 0 0 2.4000000000000004 2.4000000000000004 5.4 2.6 0.2 2.2 0 1.8 0 0 0 0 0 0 0 0 0 0.4 0 0 0 0 0 0 0 0 4.2 2.2 0 0 0 0 0 0 0 0.4 0 0 0 0 0 0 0 0.6000000000000001 0 0 0 0 0.2 1 0 0 2.6 6.4 0 0.4 0.2 0 2 0.2 0 0 0 0 0 0 0 0.4 3.8000000000000003 0.4 9.600000000000001 4.800000000000001 0.2 0 7.2 0 5.4 4.800000000000001 4.800000000000001 0 4.4 0.8 5.2 0 7.6000000000000005 0 5.6000000000000005 0.2 0 0 0 0 0 0 0 0 0 0.4 0 0 0 0 0 0 0 0 0 0 0 0 0 0 0 0 0 0 0 0 1.4000000000000001 0 0 0 0 0 0 0 0 0 0 0 0 0 0 0.4 0 0 0 17.2 0 0 0 0 2.4000000000000004 0.4 0.4 0 0 0 0.4 0 0 0 0 0 0 0 0 0 0.2 0 0 0 0 0 0 0 0 0 0 5.2 0 0 0 0 0 0 0 0 
 0 15.4 0 27.6 32.800000000000004 29.8 0 0 0 0 2.2 0.4 1.2000000000000002 0 0 0 0 0 0 0 61.800000000000004 60.800000000000004 34.2 17.2 13.200000000000001 49.800000000000004 19.200000000000003 0 43 27.400000000000002 4.800000000000001 48.6 95.2 14.600000000000001 125 87 8.4 7.2 26 22.6 0 0 0 0 0 0.4 0.6000000000000001 0.4 0 0 0.6000000000000001 0.6000000000000001 0 0.4 0.6000000000000001 0 0 0.6000000000000001 0 0 0.6000000000000001 0 0 0 0.6000000000000001 0 0 0 0 0 0 0 0 0 0 0 0 0 0 0.6000000000000001 0 0 0 0 3.2 0 0 0 0 0 0 0 0 0 0 3.6 0 3.8000000000000003 0 0 0 2.4000000000000004 6.800000000000001 8.200000000000001 0.2 1.2000000000000002 0 0 0 4.800000000000001 2.8000000000000003 0 2.4000000000000004 4.4 1.6 0 9 0 8.200000000000001 4.4 0 0 0 0 0 0 0 0 0 0 0 0 0 0 0 1.6 0 0 3.8000000000000003 0 0 0 0 0 0 0 0 0 0 0 0 0 0 0 0 0 0 0 0 0 0 0 0 0 6.2 6.800000000000001 0 0 0 0 0 9 0 0 0 2.4000000000000004 0 1.6 0 0 1.6 3.8000000000000003 3 0 3.8000000000000003 0.2 7 7 14.200000000000001 2.6 6.6000000000000005 0 4.800000000000001 1.6 7.800000000000001 4.6000000000000005 3 0 0 0 0 0 0 0 0 0 0 0 0 0 1.6 0 0 0 0 0 0 0 0 0 0 0 0 0 0 0 0 0 0 0 0 0 0 0 0 0 0 0 0 0 0 0 0 0 0 0 0 0 0 0 0 0 0 0 1.2000000000000002 0.4 0.4 0 0 0.8 0 0 0 0 0 0 0 0 0 0 0 0 0 0 0 0 0 0 0 1.8 0 0 0 0 0 0 0 0 0 0 
 0.8 0 0 15 14.600000000000001 2.8000000000000003 0.2 0.2 0 0 0.4 0 0.4 0 0 0.2 0 0 0.2 0 51.800000000000004 40.800000000000004 47.400000000000006 15.4 28.400000000000002 6 53.6 43 0 15.200000000000001 9.4 38.2 51.400000000000006 13 37.2 15.200000000000001 39.2 16.2 31 14.600000000000001 0.6000000000000001 0.2 0.2 0.6000000000000001 0 0.2 0.6000000000000001 0.2 0 0 1 0.6000000000000001 0 0.4 0.6000000000000001 0 6.4 0.6000000000000001 0 0 0.6000000000000001 0 0 0 0.6000000000000001 0 0 0 0.6000000000000001 0 0 0.6000000000000001 0 0 0 0 0 0 0.6000000000000001 0.6000000000000001 0 0 0 0 2 0 0 0 0 0.2 0 0 0 0 0 0 0 3.8000000000000003 0 0 0 0 7.6000000000000005 2.2 4.4 4.4 2.8000000000000003 0 5.4 6.6000000000000005 5.2 1.8 0 3.4000000000000004 0 0.2 4.800000000000001 0 0 1.4000000000000001 0 0.4 0 0 0 0 0 0 0 0 0 0 0.2 0 0 0 0 0 2.8000000000000003 0 0 0 0.2 0 0.2 0 1.2000000000000002 0 0 0 0 0 2.8000000000000003 0 1.2000000000000002 0 0 0 0.2 0.2 0 0 0 0 3.8000000000000003 3 0 0.4 0 0 0 0 0 0 0 0 0 0 0 0 0 0 2 1.8 1.4000000000000001 0 3.4000000000000004 6 1.8 4.6000000000000005 4.2 0 3.6 1.4000000000000001 4 2.4000000000000004 0 3.8000000000000003 0 0 2.6 0 0 0 0 0 0 0 0 0 0 0.2 0 0 0 0.4 2 0 4 2.6 0 0 0 0 0 0 0 0 0 0 0 0 0 0 0 0 0 0 0.4 0 0 0 3.2 0 0 0 0 0 0 0 0 0 0 0 14 0 0 7.800000000000001 0.2 0 0.2 1.4000000000000001 0 0 0 0 0 0 0 0 0 0 0 0 0 0 0 0 0 1.4000000000000001 0 1.6 0 0 0 3 0 0 0 0 
 0 0 0.2 0 0 0 0 0 0 0.4 14 0 0 0 0 0 0.6000000000000001 0.4 0 0 28 31 29.400000000000002 14.600000000000001 15 62.400000000000006 36.800000000000004 27.400000000000002 15.200000000000001 0 20.6 16 13.600000000000001 46.800000000000004 22.6 18.6 84.4 21.6 45 56.2 0 0.2 0.8 1.2000000000000002 0 0.8 19.200000000000003 1.2000000000000002 0.8 0 0.6000000000000001 1 6 6.6000000000000005 0.8 0.4 0.8 2 7 6.6000000000000005 0.6000000000000001 0 0 1.2000000000000002 0.6000000000000001 0 0 0.4 0 0 0 0 0 0 0 0 0.2 0 0.8 0.6000000000000001 0 0 0 0 6 0 0 0 0 0 0 0 0 0 0 0 0 0 0 0 2.8000000000000003 8 0.2 4.4 1.4000000000000001 0 0.2 3.8000000000000003 0 0 1.4000000000000001 7.4 6.2 0 1.4000000000000001 2.4000000000000004 2.2 4.800000000000001 0 0 0 2.4000000000000004 0 0 0 0 6.2 0 0 0 0 0 0 0 2.4000000000000004 0 0 0.2 3.8000000000000003 4.2 0.4 0 0 0 0 0 0 0 0 0.4 0 0 0 0 0 0 0 0 0 0 0 0 0 0 0 3.6 0 0 0 0 0 0 0 1.4000000000000001 0 0 0 0 0 0 2.8000000000000003 4.6000000000000005 5.6000000000000005 0.6000000000000001 5.6000000000000005 1.8 2 1.8 3.2 0.2 2.6 7.2 2.8000000000000003 1.8 2.6 0 2.4000000000000004 0 0 3 2.6 2 2 0 0 0 0 4.6000000000000005 0 0 0 0 6.6000000000000005 0 0 0 0 0 1.6 2 0 0 0 0 0 0 0.2 0 0 0 0 0 0 0 0 0 0 0 0 0 0 0 0 0 0 0 0 0 0 0 0 0 0 0 53.2 0 0 15.200000000000001 0 0.4 0.2 0 0 0 0 0 0 0 0 0 0 0 0 0 0 0 0.2 0 0 0 0 2.2 0 0 0 0 3 0 0 0 
 0.2 0.2 0 0 0 0 0.2 0.4 0.2 0 0.4 0.2 0 0 0 0 0 0 0 0.2 28 16.8 18.400000000000002 33 32.800000000000004 70.60000000000001 5 4.800000000000001 9.4 20.6 0 13.4 7.6000000000000005 50.400000000000006 12.8 30 76.80000000000001 15.200000000000001 10.4 50.400000000000006 0 0.4 0 0 0 0 0.6000000000000001 0.4 0.2 0 0.6000000000000001 0.6000000000000001 0 0.4 0.6000000000000001 0 0.8 13 25 0 0.6000000000000001 0 0 1.2000000000000002 0.6000000000000001 0 0 0 0 0 0 0 0 0 0 0 0 0 0 0.6000000000000001 0 0 0 0 0 0 0 0 0 0.4 0 0 0 0 0 0 1.2000000000000002 0 0 0 1.6 0 0 0 5 0.8 1.6 1.8 2 2.6 2.2 2 0 0 3.2 3 3.8000000000000003 0 0 0 0.2 0 1.6 0 0 0 0.8 0 0 0 1.2000000000000002 0 2.4000000000000004 0 2.4000000000000004 2 1.4000000000000001 0 5 0 0 0.8 0 0 0.2 0 0 0 0 0 1.2000000000000002 0 0.2 0 0 0 0.6000000000000001 0 0.4 5 0 0 0 0 0 0.2 0 0.2 0 0 0 0 0 0 0 0 0 0 1.6 0 0 0 0.4 1 2.6 2.4000000000000004 0 1.2000000000000002 0 0 1.6 2.6 0 4.800000000000001 0 4.2 2 6.6000000000000005 0 4.2 0 0 0 0 0 0 0 4.800000000000001 3 0 0 0.4 2.8000000000000003 2.6 5.6000000000000005 0 1 0.2 2 15.4 0 0 0 0 0 0 0 0 0 0 0 0 0 0 0 0 0 0 0 0 0 0 0.4 0 0 0 0 0 0 0 0 0.4 0 0 0.4 0 0 10.4 18.400000000000002 0 0.4 0.2 0 0 0 0 2 0 0 0 0 0 0 0 0 0 0 0 0 0 0 2 0 0 0 0 0 0 0 0 
