 0 18.400000000000002 18 13.8 67 6 56.400000000000006 56.800000000000004 32.800000000000004 53.2 8.6 6.2 52.6 53.6 103.60000000000001 88 35.800000000000004 32.4 44.6 17 0 0 0 0.6000000000000001 0.6000000000000001 0 0 0.8 0.6000000000000001 0 0 0 0 0 0.6000000000000001 0 0.8 0.4 0 0 0 0 4 0 0.4 0 0 3.4000000000000004 0 0 12.600000000000001 0 0 0 0 0 0.2 0 0 0 0.4 0 0 15.8 0 0.4 0 0 0 7.4 0 0 0.4 0 0 1.2000000000000002 0.4 0 0 0 1.4000000000000001 0.4 0 2 2.6 1.6 0.6000000000000001 0 4.6000000000000005 0.6000000000000001 0.2 5.4 1.6 0 0.4 4 8.6 4.6000000000000005 2.2 2.8000000000000003 0 0 0 0.2 3 0 0 0 0 0.2 0 0 0 0 0 0 0 0 0 0 0 3.4000000000000004 0 0 0 0 0 0 4 0 0 0 0 0 0 0 0 0 0 0 0 0 0 0.4 0 0 0 0 0 0 0 0 0 0 0 0 0 0 0 0 4.4 0.2 3.8000000000000003 0 3 2 3.4000000000000004 1.8 5.6000000000000005 0.4 8.6 7 0 5.2 5.800000000000001 2 2.6 2.8000000000000003 2 3.4000000000000004 0 0 0 0 0 0.4 0 0 0 0 0 0 0 0 0 0 0 0 0 0 0 0 0 0 0 0.4 0 0 0 0 0 0 0 0 2 0 0 0 0 0 0 0.2 0 0.4 0 0 0 0 0 0 0 0 0 0 0 0 0 0 0 0 0 0 0 0 0 0 0.4 0.4 0 0 0 1.4000000000000001 0 0.4 0 0 0 0 0 0 0 0 0 0 0 0 0 0 0 0.2 1.2000000000000002 0 0 0 0 2 0 0 0 0 0 0 0 0 0 0 0 0 0 0 
 18.400000000000002 0 100 15.8 9.200000000000001 28.200000000000003 83.4 37.6 47.800000000000004 62.400000000000006 4.800000000000001 35 7 23.400000000000002 71.8 61.2 60.800000000000004 8.6 40.6 38.6 0 0 0 0.6000000000000001 0.6000000000000001 0 0 0.4 0.6000000000000001 0 16.2 0 0.4 0.4 0.6000000000000001 0.6000000000000001 0.6000000000000001 0.8 15.200000000000001 0.2 0.2 0 0 0.2 0.4 0.4 0 0 0 0.4 0 0.2 0 0 0 0 0.8 0 0 0 0 0 0 0 0 1 0 0 0.2 1 0 0 0.4 0 0.2 0 0.6000000000000001 0 0.4 0 0 9.8 3.2 9.200000000000001 3.6 2.6 3.2 0.6000000000000001 0.6000000000000001 0 8 5 5 5.800000000000001 0 5.4 3.8000000000000003 5 4.6000000000000005 4.6000000000000005 0 0.2 0 0 0 0 0 0 0 0 0 0 7.800000000000001 0 0 0 0 0 2.2 2.2 0 0.2 0 0 0 0 0.2 0 0 0 0.4 0 0 0 0 0 0 0 0 0 1 0 0 1.8 1.2000000000000002 0 0 0 0 0 0 0 0 0 3.2 0 0 0 0 0 0 4 0 0 1.6 7.2 0.2 3.2 4.2 5.6000000000000005 0.8 0 0 0 0 0 0.2 4.6000000000000005 0 0 0 0 0.4 0 0 0 3 2.4000000000000004 0 0 0 0 3 0 0 0 0 0 3 0 0 0 0 0 0.2 0 0 0 0 0.4 0 0 0 0 2.6 0 0.4 0 0 0 0 0 0 0 0 0 0 0 0 0 0 0 0 0 0 0 0 0 0 0 0 0.2 0 0 0 0 24.6 0 0.6000000000000001 18 0.2 0 3.2 0 0 0 0 0 0 0 0 0 0 0 0 0 0 0 0 0 0 0 0 0 0 0 4.6000000000000005 4.4 0 0 0 0 0 0 0 0 0 0 0 0.4 
 18 100 0 22.6 40.2 38 15.4 29.8 84.60000000000001 66.4 25.400000000000002 43 46.800000000000004 11 53.800000000000004 26.6 33.6 96.4 5 10 0 41.400000000000006 0 1 0.8 0 15 0.4 0.6000000000000001 0 0.6000000000000001 0 0 0 0.6000000000000001 0.4 0.6000000000000001 0.4 14.8 0.4 0 0 0 0.6000000000000001 0.4 0.2 0.4 0.8 0 1.4000000000000001 0 0 0 0.2 0 0 0.2 0.8 0.6000000000000001 0 0.8 0 0 0 0 0.8 0 0 0 1.2000000000000002 0 0 0.4 0 0 0 0.2 0 0 0 4.4 4.6000000000000005 4 5.6000000000000005 3 7.800000000000001 3 8.8 2 2.4000000000000004 6 2.2 0 0 3 4.4 1.2000000000000002 2.6 0 0 0.4 0.4 0 0 0 0 3 0 0 0 0 0 2.8000000000000003 0 0 0 0 0 3.2 9.600000000000001 0 0 0 0 0 0 0 0 0 0 0 0 0 0 0 0 0 0.4 0 0 2 0 0 0.4 0 0 0 0 0 0 0 0 0 0.4 0 0 0 0 0 0.2 4.4 12.200000000000001 0 0 2.8000000000000003 0 5.2 3 2.2 5.800000000000001 0 0 4.800000000000001 1.2000000000000002 2.6 2 1.4000000000000001 3.4000000000000004 0 0 0 0 0 0 0 0 0 0 0.4 0 0.4 0 2.8000000000000003 2.2 0.4 0 0 0 2.2 3 3 0 0 5 0 0 0 0 0 0 0 0 0 0 0 0 0 0 0 0 0.2 0 0 0 0 0 0 0 0 0 0 0 0 0 0 0 0 0 0 0 0 2.6 0 0 0 0 9.4 0 0.4 0.2 2 0 2.6 0 0 0 0.4 0 0 0 0 0 2.8000000000000003 0 0 0 0 0 0 0 0 0 0 0 0 0 0 2.4000000000000004 0 0 0 0 0 0 0 0 0 0 0 0 
 13.8 15.8 22.6 0 58.400000000000006 23.200000000000003 12.600000000000001 19.6 19.200000000000003 101.80000000000001 43.6 65.8 13.4 95.2 12.8 11 14 25.400000000000002 14 11.8 5 18 0 0.6000000000000001 0.6000000000000001 0.4 0 0.4 0.6000000000000001 0 2 0 14.4 31 0.8 0.2 0.6000000000000001 0.4 29.200000000000003 14.8 0 0 0 0 0.4 0.6000000000000001 0 0 0 0 0 0 0 0 0 0 0.4 0 0 0 0.6000000000000001 0 0 0 0.4 0.4 0 0 0 0 0 0.8 0.4 0 0 0 1 0 0 0 0 0 0 0.4 4.800000000000001 3.2 0 1.8 0 5 0 3 0 0 0 0 0 0 0 0.2 0.6000000000000001 2.4000000000000004 0 0 0 0 6.800000000000001 5.4 7.4 0 0 0 0 5.6000000000000005 1.6 8.6 3.6 0 9.4 11 0 0.4 0 0 0 0 0.4 0 0 0 0 0 0 0 0 0 0.2 0 0 2.4000000000000004 0 0 0 0 0 0 0 0 0.4 0 1.4000000000000001 0 0 0 0 2.6 0 0 0 0 0 0 3 5.2 0.2 2.2 0.2 0 0 1.8 0 0.4 0.2 0 0 5.2 3.6 0 0 0 4.800000000000001 0 0 0 0 0 1.2000000000000002 0 0 0 0 0 6 12.600000000000001 2.2 0 3.4000000000000004 0 9 3.6 2.8000000000000003 0 0 0 0.4 0 0 0 0 0 0 0 0 0 0 0 0.2 0 0 0 0 0 0 0 0 0 0 0 0 0 0 0 0 0 0 0 0 0 0 0 0 0 0 0 0 0.4 0.4 0 0.2 0 0 0.4 0 0 0 0 0 0 0 0 0 0 0 0 0 0 0 0 0 0 0 0 0 0 0 0 0 0 0 0 0 0 0 0 0 2 0 0 0 0 
 67 9.200000000000001 40.2 58.400000000000006 0 53.2 12.600000000000001 73.2 59 18 38 79.60000000000001 13 61.6 16.6 13.600000000000001 13.8 15.8 32.4 14.200000000000001 14.8 0.8 0 0.6000000000000001 0.6000000000000001 0 30.200000000000003 0.4 0.6000000000000001 0 0 0.2 0.2 15.200000000000001 0.6000000000000001 0.2 0.6000000000000001 0.4 44.6 0 0.2 0 0 0 0.4 0 0 0 0 0 0 0 0 0 0 0 0.4 0 0 0.8 0.4 0 0 0.2 0 0.4 0 0.8 6.6000000000000005 0.4 0 0.8 6.800000000000001 0 0 0 0.6000000000000001 0 0.2 0 0 1.8 7 3.8000000000000003 2.8000000000000003 4.4 0 1 2 8.200000000000001 0.2 0 0 2.8000000000000003 0 2.6 0 0.2 0 0 4.800000000000001 0.2 0 0 0 0 6.6000000000000005 2.4000000000000004 8.200000000000001 0 0 0 2.4000000000000004 6.2 3.8000000000000003 5.800000000000001 0.2 0 5.6000000000000005 5.6000000000000005 0 0 0 0 0 0 0 0.4 0 0 0 0 0.2 0 0.2 0 0 0 0.4 0.2 0 0 0 0 0.2 0 0 0 0 0 0 0 0 0 0.4 0 0 0 0 0 0 2.8000000000000003 0 5.800000000000001 2 0.2 2.2 2.4000000000000004 0 4 0 0 0 0.4 0 0 2.6 0 0 0 1.4000000000000001 1.8 0 0 0 0 0.2 0 0 0 0 0 3.4000000000000004 12 0 2.4000000000000004 0 0 9.8 9.600000000000001 2.6 0 0 3.2 0 0 0.2 0 0 0 0 0 0 2.2 0 0 0 0 0 0 0 0 0 0 0 0 0 0 0 0 0 0 0 0 0 0 0 0 1.2000000000000002 0 0 0 0 0 0.4 0 29.400000000000002 0 0.6000000000000001 1.4000000000000001 0 0.8 0 0 0 0 0 0 0 0 0 0 0 0 0 0 0 0 0 0 0 0 0 0 0 0 0 3.8000000000000003 0 0 0 0 0 0 0 1.6 0 0 0 0 
 6 28.200000000000003 38 23.200000000000003 53.2 0 6 34 72.8 19.400000000000002 36.6 27.200000000000003 8 23.6 10.600000000000001 33.800000000000004 56.400000000000006 27.200000000000003 9.8 11.200000000000001 0.2 15 0 0.6000000000000001 0.8 0 3.8000000000000003 0.6000000000000001 9.200000000000001 0 0 0 7.6000000000000005 0 0.6000000000000001 0 0.6000000000000001 0.8 11.8 0.2 0 0 0 0 0.4 0 0 0 0 0 0 0 0 0 0 0 0.2 0 0 0 0 0.4 0 0 0 0.4 0 0 9.8 0 0 0 0.4 0 0 0 0.4 0 0.2 0.2 0 6.4 0 4.6000000000000005 12.600000000000001 0 0 2.8000000000000003 0 2.8000000000000003 1.8 10.600000000000001 0 0 0 0.2 0 4.6000000000000005 0 0 8.6 2.4000000000000004 0 0 4.4 0 5.4 0 0 2 0 2.6 10.4 5.2 2 0 0 3.8000000000000003 0.2 4.6000000000000005 0 0 0 0 0 0 1.8 0 0 0 0 0 0 0 0 0.4 0 0 0 0 0.8 0 0 3 0 0 0 0 0 0 0 0 0 0 0 0 0 0 0 0 0 0 0.4 0 0 1.2000000000000002 0 0 0 0.2 0 0 0 0 0 2 3 1.2000000000000002 0 0 0 5.800000000000001 0 0.4 0 0 14.600000000000001 2.2 0.6000000000000001 0 0 0 8.200000000000001 1.6 0 0 3.2 0 0 0 2.4000000000000004 0 0 0 0 0 0 0 0 0 0 0 0 0 3.8000000000000003 0 0 0 0 0 0 0 3 0 0 0 0.4 0 0 0 0 2.2 0 0 0 0 0 0 0 0 0 0 0 0 0 1 0.4 0.2 0 1 0 0 0 0 0 0 0 0 0 0 0 0 0 0 0 0 0 0 0 0 0 0 0 0 0 4.4 4.4 0 0 0 0 0 0 0 0 0 0 0 0 0 
 56.400000000000006 83.4 15.4 12.600000000000001 12.600000000000001 6 0 47.2 32.800000000000004 44.800000000000004 3.6 44.6 52.2 27.400000000000002 27.200000000000003 37.2 26.6 23.200000000000003 27.8 8.8 0 0 0 0.6000000000000001 0.6000000000000001 0 0.4 0.4 0.6000000000000001 0 0 0 0.4 0 0.6000000000000001 0 0.6000000000000001 15.200000000000001 0.4 0.2 0 0 0 0 0.4 0 0 0 0 0.2 0 0 0.6000000000000001 0 0 0 1.4000000000000001 0 0 0 0 1.2000000000000002 0 0 0 0.4 3.4000000000000004 0 0 0.6000000000000001 0 0 0.4 0 0 0 0.4 0 0 0 1.6 2.2 8.6 4.6000000000000005 3.6 5 2.6 2.8000000000000003 0 0 2.6 15.600000000000001 0 0.2 8 0 3 6 1.8 2.8000000000000003 0 0 0 0.4 0 0 0 0 0 0 0 0 0 0.2 0 1.4000000000000001 0 5.2 4.6000000000000005 0 0 0 0 0 0 0 0 0 0 0 0 0 0 0 0 0 0 0 0 0 0 0 0 0 0 0 0 0 0 0 0 0 0 0 0 0.4 0 0.4 0 0 11.200000000000001 2.8000000000000003 0.8 0 2.8000000000000003 0 0 0 3 0 8.8 1.8 5.4 1.2000000000000002 6 2.2 1.8 1.6 2.4000000000000004 0 0 0 0 0 0 0 0 0 0 0 0 0 0 0 0 0 0 0 0 0 0 0 0 0 0 0 0 0 0 0 0 0 0 0 3 0 0 0 0 0 0 0 0 0 0 0 0 0 0.2 0 0 0 0 0 0 0 0 0 0 0 0 0 0 0 0 0.4 0.4 0.4 0 18 0 0.4 2.2 0 0 0 0 0 0 0 0 0 0 0 0 0 0 0 0 0 0 0 0 0 0 0 2.2 0 0 0 0 0 0 0 1.6 0 0 0 0 0 
 56.800000000000004 37.6 29.8 19.6 73.2 34 47.2 0 50.800000000000004 44 24 45.2 33.6 51.6 29.200000000000003 52.6 39.400000000000006 28 10 12.4 0 0 0 1.2000000000000002 1.2000000000000002 0 0.4 0.4 0.8 0.4 0.4 0.4 0 0 0.6000000000000001 0 0.6000000000000001 0.8 15.600000000000001 0.2 0 0 0 1.4000000000000001 0.6000000000000001 0.2 0 1 0 0.4 0 0 0 0 0 0 0 0 0 0 0 0 0 1.4000000000000001 0 0.4 0 0.4 0 0 0 0 0.4 0.4 0 0.2 0.6000000000000001 0 0 0 1.6 2.6 2.8000000000000003 9.8 11.4 10.200000000000001 2.2 5.4 2.6 2 3.8000000000000003 8.6 0 2 2.4000000000000004 7.2 7 2.4000000000000004 0 0 0 0 0 0 0 0 0 0 0 0 0 0 2.6 1.2000000000000002 0 0 0 0 2.4000000000000004 4.6000000000000005 0 0.4 0 0 0 0 0 0 0 0 0 0.4 0 0 0 0 0 0 0 0 2 0 0 0.4 0 0.4 0 0 0 0.2 0 0 0 0 0 0 0 0 0 0 4.4 7 2.6 0 3.2 0 2.6 6.2 1.4000000000000001 5.4 3 2.2 1.2000000000000002 5.4 4 10.600000000000001 3.6 3.6 0 0.2 0 0 0 0 0 0 0 0 0 0.4 0 0 0.2 2 0 0 0 0 2.2 0 3 0 0 4.800000000000001 0 0 0 0 0.2 0 0 0 0 0 0.4 0 0 0 0 0 0 0 0 0 0 0 0 0 0 0 0 0 0 0 0 0.4 0.4 0 0 0 0 0 0 0 0 0.2 11 0.4 0 0 0 1 0 0 0 0 0 0 0 0 0 0 2.8000000000000003 0 0 0 0 0 0 0 0 0 0 0 0 0.2 0 2.2 0 0 0 0 0 0 0 0 0 0 0 0 
 32.800000000000004 47.800000000000004 84.60000000000001 19.200000000000003 59 72.8 32.800000000000004 50.800000000000004 0 114.4 75.4 56.800000000000004 14.600000000000001 78.60000000000001 69.2 75.2 18.2 19.200000000000003 21.400000000000002 10.8 0 0 0.4 1 0.6000000000000001 0 0 0.4 1.2000000000000002 0.2 1 0 0 0 0.6000000000000001 0 1.2000000000000002 0.4 27.400000000000002 0.8 0 0 0 0.4 0.4 0 0 7.6000000000000005 0.6000000000000001 1.2000000000000002 0 0 0 0 0 0 0 0 0.6000000000000001 0 0 0 0 0.8 0.6000000000000001 0.4 0 0 0 0 0 0 0.6000000000000001 0.4 0.2 0 0.6000000000000001 0 0 0.4 5 10.4 1.4000000000000001 6.2 10.8 4.4 0.2 2.4000000000000004 4 2 7.2 8.6 0 1.8 0 7 10 4 0 0 0 3.8000000000000003 0 0 3.8000000000000003 0 4.4 0 0 0 0 0 4.4 5.6000000000000005 0 0.6000000000000001 0 0 2.2 3.4000000000000004 1.8 0 0 0 0 0 0 0 0 0 0 0 0 0 0 0 0 0 0 0 2 0 0 1.2000000000000002 0 0 0 0 0 0 0.2 0 0 0 0 0 0 0 0 0 7.800000000000001 2.2 1.8 0 1.4000000000000001 3.4000000000000004 0 4.800000000000001 3.4000000000000004 0.2 3.4000000000000004 0 2.2 3 3.4000000000000004 4.6000000000000005 4.6000000000000005 5.6000000000000005 0 0 0 6.2 0 2.2 0 0 0 0.2 0 0 0 0.2 2.6 1.4000000000000001 0 0 0 0.4 0 0 2.8000000000000003 0.2 0 0 0 0 0 0 0 0 0 0 0 0 0.4 0 0 0 0 0 0 0 0 0 0 0.2 0.2 0 0 0 0 0 0 0 0 0 0 0 0 0 0 0 0 0 0 0.4 0.2 0.2 0.6000000000000001 0.2 0 0 0 0 0 0 0 0 0 0 0 0 1.8 0 0 0 0 0 0 0 9.4 0 0 0.4 0 4 2.6 0 0 0 0 0 0 0 0 0.4 0 0 0 0 
 53.2 62.400000000000006 66.4 101.80000000000001 18 19.400000000000002 44.800000000000004 44 114.4 0 17.8 61.800000000000004 16.2 70.2 104.4 116.2 60 55 12.8 15 0 0 0 0.6000000000000001 0.6000000000000001 0 0.4 0.4 0.6000000000000001 0.2 0 0 15 14.8 0.6000000000000001 0 0.8 1 0.4 12.4 0.2 0.4 0 12.8 0.4 0 0 0.6000000000000001 0 1.4000000000000001 0 0 0 0 0 0 0.8 0 0 0 0 0.6000000000000001 0 0 0 0.6000000000000001 0 0 0 2.2 0 0 0.4 0 0 0 0.6000000000000001 0 0 0 1.8 4.4 2 10 9.600000000000001 0 0 4.800000000000001 2.8000000000000003 4.2 2.6 16.400000000000002 0 0 3 2.4000000000000004 1.2000000000000002 10.200000000000001 2.8000000000000003 0 0 0.4 1.4000000000000001 0 0 0 0.6000000000000001 3.4000000000000004 0 0 0 0 2.8000000000000003 2 0 0 0 0 9.4 0 0 0 0 0.6000000000000001 0 0 0 0 0 0 0 0 0 0 0 0 0 0 0 0 0.2 0 0 0.2 0 0 0 0 0 0 1.6 0 0 0 1 0 0 5.800000000000001 0 0 4.4 6 2 0 1.6 1.6 0 0 0 0 1 0 3.2 4.6000000000000005 2.4000000000000004 11.8 6.2 8 0 0 0 2.8000000000000003 0 0 0 0 3.8000000000000003 2 0 0 0 0 0 0 0 0 0 0 0 0 0 0 0 0 0 0 0 0 0 0 0 0 0 0 2.4000000000000004 0 0 2.4000000000000004 0 0 2.8000000000000003 0 0 0 0 0 0 0 5.4 0 0 0 0 0 0 0 0 0 0 0 0 0 1.2000000000000002 0 0 0.4 0.2 0.4 2.2 1 0.6000000000000001 1.4000000000000001 3 0 0 0 0 0 0 0 0 0 1.6 0 0 0 0 0 0 0 0 0 0 0 0 2.6 5.2 0 0 0 0 0 0 0 0 0 0 0 0 0 
 8.6 4.800000000000001 25.400000000000002 43.6 38 36.6 3.6 24 75.4 17.8 0 10.8 24.400000000000002 40.2 30.200000000000003 100 12.600000000000001 45 25.200000000000003 10.200000000000001 29.8 15.200000000000001 15.8 0.8 0.6000000000000001 0 0.2 0.4 0.6000000000000001 0 0 0.4 15 0 0.6000000000000001 6 15.8 15.4 15.200000000000001 15.200000000000001 0.6000000000000001 0 0 1 0.4 0 0 1.8 0 1.8 0 0 0 0 0 0.8 0.2 0 0 0 0 0 0 0 0 1.4000000000000001 0 0 0 0 0 0 0.4 0 0 0 0.2 0 0 0 2.4000000000000004 0.4 0.2 2.8000000000000003 0 0 0 2 6.800000000000001 2.6 5.6000000000000005 0.4 0 2.2 0 14.4 0 2 0 0 2.2 0 0 0 0 0 0.2 9.200000000000001 0 0 0 2.2 7 0 7.4 8.6 3.6 0 0 3.6 0 0 2 0 0 0 0 0 0 0 0 0 0 2.2 0 0 0 0 0 0 0 0 0 0 0 0 0 0 0 0 0 0 0 0 0 0 0 0 0 0 2 2.2 0 2.4000000000000004 1.4000000000000001 0 4.2 2.2 3 0 0.2 8.200000000000001 1.4000000000000001 2.8000000000000003 5 1.2000000000000002 5.4 6.2 0 0 2.4000000000000004 0 0 1 0 0 0.8 6.6000000000000005 2.4000000000000004 2 0 0.4 2 0 0 0 0 0.2 5 3.4000000000000004 0 0 0 2.6 0 0 0 0 0 0 0 0 0 2.2 0 0 0 0 0 0 0 0 0 0 0 0.4 2.8000000000000003 0 0 0 0 0 0 0 0 0 0 0 0 0 0 0 0 0 0 0.2 0.2 0 0.2 0 0 0 0 0 0 0 0 0 0 0 0 0 1.6 0 0 0 0 0 0 0 0 0 0 0.2 0 0 0 0 0 0 0 0 0 0 0 0.2 0 0 0 0 
 6.2 35 43 65.8 79.60000000000001 27.200000000000003 44.6 45.2 56.800000000000004 61.800000000000004 10.8 0 26.200000000000003 57.6 51 111.4 82.4 22.200000000000003 5.6000000000000005 8.8 15.4 0 0 1.2000000000000002 0.6000000000000001 0 15.4 0.4 1 0.2 0 0 0 7.2 0.6000000000000001 0 0.6000000000000001 2 37.800000000000004 14.8 0.6000000000000001 0.4 0 0 0.4 0 0.4 0 0 0 0 0 0 1 0.4 0.6000000000000001 0 0 0 0 0 0 0 0.2 0 0.4 0.2 0 0 1.6 0 0 0.4 0.6000000000000001 0 0 0.2 0.2 0 0 0 3.6 7.2 5.4 5.2 2.8000000000000003 0 7 2.8000000000000003 6 2.8000000000000003 3.8000000000000003 0 2 3 2.4000000000000004 2.6 4.6000000000000005 0 0 0 3.2 0 0 0 0 2.4000000000000004 3.2 6 0 0 0 2.4000000000000004 6.800000000000001 2.8000000000000003 3.4000000000000004 0 0 8.6 2.2 0 0 0 0 0 0 0 0 0 0 0 0 0 0 0 0 0 0 0 2 1.4000000000000001 0 0 4 0 0 0 0 0 0 0 0 0 0 0 0 0 0 0 0 0 6.800000000000001 0 0.6000000000000001 3 0 0 0.2 0 3 0 0 3.2 3 0 2.6 0.2 6.4 0 0 4.4 0 0 0 0 0 0 0 0 0 0 0 6.6000000000000005 7.800000000000001 0 2 0 0 12.4 5.800000000000001 0 0 0 0 0 0 0 0 0 0 0 0 2.4000000000000004 0 0 0 0 0 0 0 0 0 0 0 0 0 0 0 0 0 0 0 0 0 3.4000000000000004 0 0 0 0 0 0 0 0 0 0 0.4 35.2 0.4 0 0.6000000000000001 0 0.8 3 0 0 0 0 0 0 0 0 0 0 0 0 0 0 0 0 0 0 0 0 0 0 1 2.4000000000000004 3.6 0 0 0 0 0 0 0 2.2 0 0 0 0 
 52.6 7 46.800000000000004 13.4 13 8 52.2 33.6 14.600000000000001 16.2 24.400000000000002 26.200000000000003 0 28.400000000000002 58.2 44.6 30.200000000000003 16.2 18.6 44 0 0 0 0.6000000000000001 0.6000000000000001 0 0 0.4 0.6000000000000001 0 0 0.2 0 0 0.6000000000000001 0 0.8 13.4 0 0.2 0 0 0 1.8 0.4 1.8 0 0 12.4 0 0 0 0 0 0 0 0.2 0 0 0 0 0 0 0 0 0.4 0 0 0 10.600000000000001 0 0 1.4000000000000001 0 0 0 0.2 0 0 0 2 1.6 1.8 2.2 2.4000000000000004 5 2 4.800000000000001 8.8 7.6000000000000005 0 0 0 6.6000000000000005 2.6 0 7.4 2.2 0.4 0 0 0 0.4 0.6000000000000001 0 0 0 0 0 0 0 0 0.2 0 0 0 0 0 0 0 0 0 0 0 0 0 0 0 0 0 0 0.4 0 0 0 0 0 0.2 0.6000000000000001 0 0 0.2 0 0 0 0 0 0 0 0 0.4 0 0 0 0 0.2 0 0 0 0 3.6 5.4 0.2 9.600000000000001 0.2 0.2 0 4.4 4.800000000000001 2 6 4 3.8000000000000003 3 3.4000000000000004 6 2.8000000000000003 4.6000000000000005 0 0 0 2.4000000000000004 0 0 0 0 0 0 0 0 0 0 0 0 0 0 0 0 0 0 0 0 0 0 0 0 0 0 0.2 0 0 0 0 2.4000000000000004 0.4 0 0 0 0 0 0 15 0 0 0 0 0 3 0.4 0 0 0 0.2 0 0 0.4 0.4 0 1.6 0 0 2.2 0 0 0 0.6000000000000001 0 0 0.4 0 0.4 0 2.6 0 0.4 0 0 0 0 0 0 0 1.6 0 0 0 0 0 0 0 0 0 0 0 0 0 0 0.2 0 0 0 0 0 0 0 0 0 0 0 0 
 53.6 23.400000000000002 11 95.2 61.6 23.6 27.400000000000002 51.6 78.60000000000001 70.2 40.2 57.6 28.400000000000002 0 41.6 36.6 41.400000000000006 13.200000000000001 24 32.800000000000004 0 0 0.4 0.6000000000000001 0.6000000000000001 0.6000000000000001 0.2 0.4 1.2000000000000002 0 0.6000000000000001 0 6.6000000000000005 0 0.6000000000000001 0 0.6000000000000001 0.6000000000000001 0 1 0.6000000000000001 0.4 0.6000000000000001 0.4 0.4 0 0 0.4 0 0 0 0 0 0 0.4 0 0 0.4 0 0 0 0 0 4.800000000000001 0 0.4 0 6.2 0 0 0 0 0.6000000000000001 0 0 0.6000000000000001 0 0 0 0 0 2.2 0 1.8 8.8 0 3.2 4 2 1.8 0.2 3.8000000000000003 0 5 3.6 3.2 0 5.2 0 0 0 0 0 0 0 0 0 0.2 0 0 0 0 2.8000000000000003 1.8 0 0 0 1.6 0.6000000000000001 0 0 0 0 0.4 0 0.2 0 0 0 0 0 0 0 0 0 0 0 0 0 0 0 0 0 0 0 0 0 0 0 0 0 0.2 0 0 0 0 2.4000000000000004 0 0 0 3 0 3 2 0 1.6 3 3.8000000000000003 1.8 0 2.6 1.4000000000000001 0 0 0.2 0.6000000000000001 0 0 0.8 4.800000000000001 0 0 0 0 0 0 1.6 2 0 0 0 0 0 0 0 0 0 0 0 0 0 0 0 0.2 0 0 0 0 0 0 0.2 0 0 2.6 1.8 0 0 0 0 0 0 0 0 0 0 0 0 0 0 0 0 0 0 0 0 0 0 0 0 0 0 0.4 0 0 0 0.8 0 0 1 0.6000000000000001 0 0 0.2 0.4 0 0 0 0 0 0.4 0 0 0 0 0 0 0 0 0 0 0 0 0 0 0 3.4000000000000004 5.2 0 0 0 0 0 0 0 0 0 0 0 0 0 
 103.60000000000001 71.8 53.800000000000004 12.8 16.6 10.600000000000001 27.200000000000003 29.200000000000003 69.2 104.4 30.200000000000003 51 58.2 41.6 0 37.4 8.4 12.200000000000001 15.600000000000001 51.800000000000004 0 0 0 1 0.6000000000000001 0 0 0.4 0.6000000000000001 0 0 0 0 0 0.6000000000000001 0.4 0.6000000000000001 0.4 1.4000000000000001 0 0 0 0 0.2 0.4 0 0 0 0 0 0 0 0 0 0 0 0.2 0 0 0 0 0 0 6.800000000000001 0 0.4 10.200000000000001 0 0 0 0 0 0.4 0 0 0.2 0.4 0 0 0 1 1.4000000000000001 1.6 2 2 4 2.4000000000000004 0 3 4 0 1.6 2.6 1.6 2.8000000000000003 4.800000000000001 9.600000000000001 3.8000000000000003 7 5.6000000000000005 0 0 0 0 0 0 0 0 0 0 0.4 0 0.2 0.2 0 0 0 0 0 0 0 1.8 0 0 0 0 0 0 0 1.8 0 0 0 0 0 0 0 0 0 0 0 0 0 0 0 0 0 0 0 0 0 0 0 0 0 0 0 3.6 0 0 5.800000000000001 4.2 6 0 0.2 0.2 0.4 3.4000000000000004 2.4000000000000004 2 8.8 1.4000000000000001 0.2 1.2000000000000002 4 3.4000000000000004 0.4 0.2 0 0.2 0 0.2 0 0 0 0 0 0 0 0 0 0.2 0 0 0 0 0 0 0 0 0 0.2 0 0 0 0 0 0 0 0 0 0 0 0 3.2 2.2 0 0 0 0 0 0 0 0 0 0 0 0 0 0 0 0 0 0 0 0 0 0 0 0 0 0 0 0 0 0 0.8 0 1 0.2 0.4 0.4 0 0 0 0 0 0 0 0 0.2 0 0 0 0 0 0 0 0 0 0 0 0 1.4000000000000001 0 0.2 0 0 0 0 0 0 0 0 0 0 0 0 0 0 
 88 61.2 26.6 11 13.600000000000001 33.800000000000004 37.2 52.6 75.2 116.2 100 111.4 44.6 36.6 37.4 0 30.8 61.800000000000004 26.6 29 0 0 0.6000000000000001 0.6000000000000001 0.6000000000000001 0.4 0.2 0.4 0.6000000000000001 0 0.6000000000000001 0 0 0.6000000000000001 0.6000000000000001 0.4 1 0.4 0.4 0.4 0.4 0 0 1.6 0.4 0.2 0.4 2.8000000000000003 0 0.4 0 0 0 0 0 0 0.6000000000000001 0 0 0 0 0 0 0 0 0.4 0 0 0.2 2.4000000000000004 0 0 0.4 0 0.2 0 1 0 0.2 0.4 3.2 7.2 0 16.2 1.8 5.2 0.2 7.2 3.4000000000000004 2.2 7 4.4 4.2 3.6 0 7.6000000000000005 8.6 2.4000000000000004 0 2.8000000000000003 0 0 0 0 0 0 0 0 0 0 0 0 0.2 0 0 0 0 2.4000000000000004 6.6000000000000005 0 0 0 0 0 0 0 0 0 0 0 0 0 0 0 0 0 0 0 0 0 0 0 0 0 0 0 0 0 0 0 0 0 0 0 0 0 0 0 0 0 4.2 6.2 0 2.2 4.2 1.4000000000000001 0 2.2 5 0 0.4 3.4000000000000004 7.2 2.6 2.8000000000000003 4.2 1.6 10.200000000000001 0 0 0 0 2.6 0 0 0 0 0 0 0 0 0 0 0 0 0.6000000000000001 0 0 0 0 0 0 0 0 0 0 0 0 0 0 0 0 0 2.2 3.4000000000000004 0 0 0 0 0 0 0 0 0 0 1.4000000000000001 0 0 0 0 0 0 0 0 0 0 0 0 0 0 0 4.6000000000000005 0 0 0 0 0.4 0.4 0.2 1 0 1.4000000000000001 2 0 0 0 0 0 0 0 0 0 3 0 0 0 0 0 0 0 0 0 0 0 0 1 0.2 0 0 0 0 0 0 0 0 0 0 0 0 0 
 35.800000000000004 60.800000000000004 33.6 14 13.8 56.400000000000006 26.6 39.400000000000006 18.2 60 12.600000000000001 82.4 30.200000000000003 41.400000000000006 8.4 30.8 0 32.6 6 5.800000000000001 0 0 0 0.6000000000000001 0.6000000000000001 0 0 0.8 0.6000000000000001 0.4 0 0 0 14.8 0.6000000000000001 0.2 0.6000000000000001 6.4 27.400000000000002 0 0.2 0 0 0 0.4 0 0 0 0 0 0 0 0 0 0 0 0.4 0 0 0 0 0 0 0.4 0 0.4 0 0 0 2.4000000000000004 0 0 0.4 0 0.2 0 0.6000000000000001 0 0 0 0 7.4 2.4000000000000004 5.6000000000000005 12 3.2 0 4.4 0 7 6.800000000000001 12.200000000000001 0 0 0 0 2.8000000000000003 4.6000000000000005 0 0 0 0.2 0 0 0 0 4 0 1.8 0 0 0 4 5 0 0 0 0 8.6 6.4 0 0.2 0 0 0 0 0 0 0 0 0 0 0 0 0 0 0 0 0 0 2 0 0 1 0 0 0 0 0 0 0.2 0 0 0 0 0 0 0 0 0 2.2 3 0.4 1.8 3.2 1.4000000000000001 0 0 2.8000000000000003 2 0 0 2.8000000000000003 1.6 0 1.6 3 8.4 0 0 0 4.800000000000001 0 0 0 0 0 0 0 0 0 0 5.6000000000000005 10.600000000000001 0 0 0 0 0 3.4000000000000004 2.6 0 0 0 0 0 0 0 0 0 0 0 0 0 3 0 0 0 0 0 6.800000000000001 0 0 0.8 0 0 0 0 0 0 0 0 0 0 0 0 0 0 0 0 0 0 0 0 0 0 11.200000000000001 0 0 0 0.4 0.8 2.2 0 0 0 0 0 0 0 0 0 0 0 0 0 0 0 0 0 0 0 0 0 0 3.4000000000000004 0.2 0 0 0 0 0 0 0 0 0 0 0 0 0 
 32.4 8.6 96.4 25.400000000000002 15.8 27.200000000000003 23.200000000000003 28 19.200000000000003 55 45 22.200000000000003 16.2 13.200000000000001 12.200000000000001 61.800000000000004 32.6 0 15.8 24.8 14.4 0 0 8 0.6000000000000001 0 15.600000000000001 1 1.4000000000000001 0.2 0.4 0.4 0.4 0 1.2000000000000002 0.8 0.8 1.2000000000000002 30.200000000000003 0.2 0 0.6000000000000001 1.4000000000000001 1.4000000000000001 0.4 0 0 4.800000000000001 0.2 1.6 0.6000000000000001 0 0.8 0.4 0 0.6000000000000001 0.6000000000000001 0 0 0 0.2 0.4 1.6 0.2 11.4 0.8 0 0 0 2.2 0.2 0 1.2000000000000002 0.4 0.2 0.4 0.2 0 0.6000000000000001 0 4.6000000000000005 1.6 1.6 8.4 4.2 0 0 1.8 11.8 9 1 0 0 2 0 1 2 4 0 0 2.8000000000000003 0 0 0 0 0 2.2 1.4000000000000001 0 0 0 0 0 0.4 3 4.2 0 0 0.8 2.8000000000000003 0 0.6000000000000001 0 0 0 0 0 0 0 0 0 0 0 2 0 0 0 0 0 0 0 0 0 0 0 0 0 0 0 0 0 0 0 0 0 2.4000000000000004 0 3.4000000000000004 0 0 2.2 2.8000000000000003 0.2 2 5.2 0 0.2 2 1.8 0 0 1.6 5.6000000000000005 6.6000000000000005 0.8 5.800000000000001 1 12.200000000000001 0 0 0 0 0 0 0 0 0 0 0 0 0 0 3.8000000000000003 2.2 0 0 0 0 0.4 6.800000000000001 2.6 0 0 0 0 0 0 0 0 0 0 0 0 2.4000000000000004 0 0 0 0 0 0 0 0 0 0 0 0 0 0 0 0 0 0 0 0 0 0 0 0 0 0 0 0 0 0 0 0.4 0.4 0 1 0 0 0.2 2.8000000000000003 0 0 0 0.2 0 0 0 0 0 3.8000000000000003 0 0 0 1.4000000000000001 0 0 0 0 0 0 0 0 0 0 0 0 0 0 0 0 0 0 0 0 0 0 0 
 44.6 40.6 5 14 32.4 9.8 27.8 10 21.400000000000002 12.8 25.200000000000003 5.6000000000000005 18.6 24 15.600000000000001 26.6 6 15.8 0 51 0 0 0 18 1 0 0.6000000000000001 1 1 0 0 0 0 0 0.6000000000000001 0.4 0.6000000000000001 0.4 0.8 0.4 0.4 0 0 0 0.4 0.2 0 0 0.8 0 0 0.4 0.6000000000000001 0 0 0.6000000000000001 1 0 0 0 0 0 0 0 0 0.4 0 0.2 0 0.6000000000000001 0 0 0.4 0 0.4 0 0.6000000000000001 0 0 0 0.4 3.8000000000000003 0 0 0 0 5 0 7 3.6 2.2 0 4.6000000000000005 2.8000000000000003 0 2 2.4000000000000004 2.4000000000000004 10.4 9 0 0.2 0 0 4.4 0 0 0 0 0 0 0 0 0 0 0 0 0 0 0 0 0.6000000000000001 0 0 0 0 0 0 0 0 0 0 0 0 0 0 0 0 0 0 0 0 0 0 0 0 0.4 0 0.2 0 0 0 0 0 0 0 0 0 0 0 0 0.6000000000000001 0 5.2 0 0 0.2 10.8 6 0 3.6 3.4000000000000004 2.8000000000000003 0 0 0 0 0 0 0 0 0 0.4 0 0 0 0 0 0 0 0 0 0 0 0 1 0.2 0 0 0 0 0 0 0 0 0 0 0 0 0 0 0 0 2.6 0 0 0.4 0 0 0 3.8000000000000003 0 0 0 0 0 0 0 0 0 0 0 0 0.8 0 0 0 0 0 0 0 0 0 0 0 0.2 0 0 0.2 0 0 1.2000000000000002 0 2 0 0 0 0 0 0 0 0 0 0 0 0 0 0 0 0 0 0 0 0 0 0 0 0 0 0 0 0 0 0 0 0 0 0 0 0.2 
 17 38.6 10 11.8 14.200000000000001 11.200000000000001 8.8 12.4 10.8 15 10.200000000000001 8.8 44 32.800000000000004 51.800000000000004 29 5.800000000000001 24.8 51 0 0 0.2 0 0.6000000000000001 1 0 0 0.4 0.6000000000000001 0 0 0 0 0 0.6000000000000001 0 0.6000000000000001 0.8 0 0.4 0 0 0 0 0.4 0.4 0 0.4 0 0 0 0 0 0 8.6 0 0 0.2 0 0 0 0 0 0 0 0.4 0 0.4 0 0 0 0 0.4 0 0 0 0.2 0 7.800000000000001 0 2 1.6 0 0.2 0 1.4000000000000001 3.4000000000000004 2.6 6.6000000000000005 2.2 0 0 5 6.800000000000001 0.4 6.2 4.2 5.6000000000000005 2.6 8.4 0 0 0 0 0 0 0 0 0 0 2.4000000000000004 0 0 0 0 0 0 0 0.4 0 0 0 0 0 0 0 0 0 0 0 0 0 0 0 0 0 0 0 0 2.8000000000000003 0 0 0.2 0 0 0 0 0 0 0 0 0 0 0.4 0 0 0 0 0 0.2 0.2 0.4 1.8 0 0 0 1.2000000000000002 3.2 6 0 1.8 4.6000000000000005 0.2 4.4 0 0 0 0 2.6 2 0 0 0 0 0 0 0 0 0.4 0 0.4 0 0 0 0.2 0 0 0 0 0 0.4 0 0 0 0 0 0 0 0 0 0 0 0 2.2 0 0 0 0 0 2.2 0.2 0 0 0 0 0 0 0 0 0 0 0 0 0 0 0 0 0 0 0 0 2.6 0 0 0 0 0.4 0 0 0.2 0.2 0.6000000000000001 0 0 0 0 0 0 0 0 0 0 0 0 0 0 0 0 0 0 0 0 0 0 0 0 0 0 0 0 0 0 0 0 0 0 0 0 0 0 
 0 0 0 5 14.8 0.2 0 0 0 0 29.8 15.4 0 0 0 0 0 14.4 0 0 0 35.4 39.800000000000004 48.6 88.4 26.400000000000002 42.2 26.200000000000003 9.600000000000001 21.200000000000003 4.800000000000001 9.4 17 15 71.8 24.6 21.8 16.2 13.4 9.600000000000001 0.6000000000000001 0 0.4 0 0 0 0 0 0.2 0 0 0 0 0 1.2000000000000002 0.6000000000000001 12.600000000000001 0 0 0 0 0 1.2000000000000002 0 0 0.8 0 0 0.4 0.6000000000000001 0 0.6000000000000001 0 0.6000000000000001 0 0.6000000000000001 0.2 0 0 0 0 0 0.2 0 0 0 0 0 1.6 7.4 1.8 0 0 0 1.6 0 0 0 0 0 5 0 0 0 2 7.4 3 1.6 0.2 0 0 0 2.4000000000000004 0.2 6.4 4 0.6000000000000001 4.2 2.4000000000000004 0.2 0 0 0 0 0 0 0 0.2 0 0 0 0 1.6 0 0 0 0 0 0 0 1.2000000000000002 1.8 0 0 0 0 0 0 0 0 0.2 0.4 0 0.2 0 0 0 0 0 0 0 0 0.2 0.2 1.6 2.4000000000000004 0 0 0 0 0 0 0 0 0 0.4 0 0 0 0.2 5 4.2 1.8 4.800000000000001 0 5.2 0 7.800000000000001 0 2.4000000000000004 5.2 2.6 3.6 5.2 4.6000000000000005 2.4000000000000004 0 1.6 4.4 2.6 2.6 0 0 0 0 0 0 0 0 0 0 0 0.2 0 0 0 0 0 2.8000000000000003 0 0 0 0 0 0 0 0 0 0 0 0 0 0 0 0 0 0 0 0 0 0 0 0 0 0 0 0 0 0 0 0 0 0 0 1 0.4 0 0 0 0.4 0 1.6 0 0 0 0 0 0 0 0 0 0 0 0 0 0 0 0 0 0 0 0 0 0 0 2 0 0 0 0 
 0 0 41.400000000000006 18 0.8 15 0 0 0 0 15.200000000000001 0 0 0 0 0 0 0 0 0.2 35.4 0 29.200000000000003 35.800000000000004 31.200000000000003 70.8 41 62 14.8 37.800000000000004 6.2 20.6 22.6 4.800000000000001 54.6 23.6 53.400000000000006 56.6 20.200000000000003 76.80000000000001 0.6000000000000001 0 0.4 0.8 0 0 0.4 0 0.2 0 0 0 0.2 0.6000000000000001 0 0.6000000000000001 0.2 0.4 0 0 0 0 3.2 0 0 0.6000000000000001 0 0 0.4 0.6000000000000001 0 0.6000000000000001 0 0.6000000000000001 0 0.6000000000000001 1.4000000000000001 0 1.2000000000000002 0 0 0 0 0 0 0 0 0 0 0 0.4 0 0.6000000000000001 0 0 0 0 0 0.4 0 11.200000000000001 5.4 1.2000000000000002 2.2 0 0 0 7 3.8000000000000003 0 0 0 7.800000000000001 0 2 5.4 5.4 11.8 0 0 0 0 0 3.6 0.4 0 0.4 1 0 0 0 0 0 0 0 0 3 0 0 2.4000000000000004 0 1.2000000000000002 0 0 0 0 0 0 0 0 0 0 0 0 0 6.2 0 0 0 0 0 0 0 0 1.4000000000000001 0.4 0 0 1.6 0 0 0 0 0 0 0 0 0 0 0 3.2 0.4 3.6 6.800000000000001 0 11.8 1.8 9.8 1.6 5.4 1.6 5.6000000000000005 6.4 2.6 2 2.4000000000000004 7.800000000000001 3 4.4 1.8 0 0 0 0 0 0 0 0 0 0 0 0 0 0 0 0 0 0 0 0 0 0 0 0 0 0 0.4 0 0 0 0 0 0 0 0 0 0 0 0 0 0 0 0 0 0 0.2 0 0 0 0 0 0 0 0 1.8 0.2 0 0 0 0 0 0.4 0 0 0 0 0 0 0 0 0 0 0 0 0 0 0 0 0 0 0 0 0 0 0 0 1.8 0 0 0 
 0 0 0 0 0 0 0 0 0.4 0 15.8 0 0 0.4 0 0.6000000000000001 0 0 0 0 39.800000000000004 29.200000000000003 0 28 64.4 77.4 11.200000000000001 37 33 27 26.8 22.8 101.60000000000001 21.6 25.6 57.2 54.400000000000006 25.6 24.200000000000003 21.6 0.6000000000000001 0 0.4 0 0 0 0 0 0 0 0 0 0.2 0 0 1.2000000000000002 0.2 0 2 12.200000000000001 0 0 5.800000000000001 0 0 0.6000000000000001 0 0 0.4 0.6000000000000001 0 0.6000000000000001 0.6000000000000001 0.6000000000000001 0 0.6000000000000001 0 0 0 0 0.4 0 0 0 0 0.2 0 0 0 0 0 0 0.4 0 0 0 0 0 0 0 0 2.2 2 7.800000000000001 1 0 0 3 5.2 2.4000000000000004 1.4000000000000001 3.4000000000000004 3 6 12 2.8000000000000003 2.6 4.4 0 0 0 0 0 0 0 0 0 0 0 0 0 0 0.8 0.2 0 0 0 0 2 1.8 0 0 0 0 0 0 0 0 1.2000000000000002 0.4 0 0 0 0 0 0 0 0 0 0 0 0.4 0 0 0 0 0 0 0.8 0 0 0 0 0 0 0 0 0 0 0 5.800000000000001 0.4 7.4 6.6000000000000005 1.6 5.6000000000000005 2 4.2 9 11.4 6.2 3 0 1.4000000000000001 6.800000000000001 1.6 4.2 3.4000000000000004 2.2 0 2.2 0 0 0.2 0 0 0 0 0 0 0 0 2.8000000000000003 0 0 0 0 0 2 0 0 0 0 0 0 2.2 0 0 0 0 0 0 0 0 0 0 6.2 0 0 0 0 0 0 0 0 0 0 0 0 0 0 0 0 0 1.4000000000000001 0 0 30.6 0.6000000000000001 0 0.4 0 0 0 0 0 1.8 0 0 0 0 0 0 0 0 0 0.4 0 0 0.2 0 2.4000000000000004 0 0 0 0 0 0 0 0 
 0.6000000000000001 0.6000000000000001 1 0.6000000000000001 0.6000000000000001 0.6000000000000001 0.6000000000000001 1.2000000000000002 1 0.6000000000000001 0.8 1.2000000000000002 0.6000000000000001 0.6000000000000001 1 0.6000000000000001 0.6000000000000001 8 18 0.6000000000000001 48.6 35.800000000000004 28 0 94.2 28.8 31.6 48 22 30.8 20.8 45.800000000000004 12.600000000000001 37.6 42.800000000000004 67.8 12.4 25.8 14.4 16.8 0.6000000000000001 0.2 0.6000000000000001 0 0 0 0.4 0 0 0 0 0.2 13.600000000000001 0 0 0.6000000000000001 10.8 0.4 0 0.2 0 0 1 0.2 0 0.6000000000000001 0 0 0.4 0.6000000000000001 0 0.6000000000000001 0 1 0 0.6000000000000001 0.6000000000000001 0 0 0 0 0 0 0 0 0 0 0 0 0 0 0 0 0 0.4 0 0 0 0 0 6.2 0.2 0.4 8.6 8.4 5.6000000000000005 0 3.6 0 4 1.6 2.2 0 0.8 2.2 0 2.6 7.6000000000000005 0 0 0 0 0 0 0 0 0 2.8000000000000003 0.4 0.4 0 0 2.4000000000000004 2 2.4000000000000004 2.4000000000000004 3.2 0 3.8000000000000003 2 0 1.2000000000000002 0 0 0 0 0 0 0 0 0 1.4000000000000001 0 0 0 0 0 0 0.2 0 0 0 0 0 2.2 4.4 0 0 0.4 0.2 0 0 0 0 0 1.6 0 0.2 0 0 0.4 0 6.4 4.800000000000001 2.6 5 0 0 4 13 0 0 0 3.6 0.2 5.4 0 0 0 0 2.8000000000000003 0 0 0 0 0 2.2 0 0 0.2 0 0 0 2.2 2.2 0 0 0 1.8 0 0 0 0 0 0 0 0 0 0 0 0 0 0 0 0 0 0 0 0 0 0 0 0 0 0 0 0 0 0 0 0 0 0 0 2.4000000000000004 0 0 15.600000000000001 16.2 0.2 2 2 0 0 0 0 0.2 0 0 0 0 0 0 0 0 0 0 0 0 0 0 1.8 0 0 0 0 3.6 0 0 0 
 0.6000000000000001 0.6000000000000001 0.8 0.6000000000000001 0.6000000000000001 0.8 0.6000000000000001 1.2000000000000002 0.6000000000000001 0.6000000000000001 0.6000000000000001 0.6000000000000001 0.6000000000000001 0.6000000000000001 0.6000000000000001 0.6000000000000001 0.6000000000000001 0.6000000000000001 1 1 88.4 31.200000000000003 64.4 94.2 0 37.800000000000004 9.600000000000001 107.4 22 33.4 35.4 16.8 16 15 36.6 45.800000000000004 44.2 23.8 15.200000000000001 34 0.6000000000000001 0 0.4 0 0.6000000000000001 0.6000000000000001 12.600000000000001 0.6000000000000001 0 16.6 0.6000000000000001 6 0 0 1.6 0.6000000000000001 0.6000000000000001 0.6000000000000001 0 0 0 11 0.6000000000000001 0 0 1 0 0 0.4 0.6000000000000001 0 1 0 1 0 0.6000000000000001 0.4 0.2 0 0 0 0 0 0 0 0 0 2.8000000000000003 0 0 0 0 0 0 0.8 0 0 0 0 0 2 0 4.4 6 1.8 7.6000000000000005 0 0 0 0.2 3.2 0 0 8.8 0 0 0.2 5 0 0 0 0 0 0 0 0 1.8 2.4000000000000004 6 0 0 0 1.6 2.4000000000000004 0 0.4 3.6 0 0 2.8000000000000003 0 0 0 0 0 0 0 0 9 0 0 0.8 0 0 0 0 0 0 0 0 0.2 0 0 0 0 0 1.2000000000000002 0 0 0 1.4000000000000001 0 0 0 0 0 0 0 0 0 4.800000000000001 2.6 3 4.2 2 13.200000000000001 0 0 9.4 12.4 5.6000000000000005 3.2 0 5 8.200000000000001 3.6 0 1.6 0 0.4 3.4000000000000004 0 0 0 0 0 0 0 0 0 0 0 2.4000000000000004 0 0 2.4000000000000004 0 0 3.4000000000000004 1.8 0 0 0 0 0 0 0 0 0.4 0 0 0 0 0 1.4000000000000001 0 0 0 0 0 0 0 0 0 0 15 0 0 0 0 0 0 0 0 0 0 0.6000000000000001 15.600000000000001 2 0 2.4000000000000004 1.2000000000000002 0 0 0 0 0.2 0 0 0 0 0 0 0 0 0 0 0 0 0 0 0 0 0 0 0 0 0 0 0 
 0 0 0 0.4 0 0 0 0 0 0 0 0 0 0.6000000000000001 0 0.4 0 0 0 0 26.400000000000002 70.8 77.4 28.8 37.800000000000004 0 49 7.6000000000000005 19.6 9.600000000000001 63.2 39 51.400000000000006 30.6 15.4 33.4 20 59.400000000000006 8.200000000000001 69.2 0.6000000000000001 0 0.4 0 0 0 0 0 0 0 0 0 14.200000000000001 0 0 0.6000000000000001 0.4 0.2 5.800000000000001 12.4 0 0 4.6000000000000005 0.4 0 0.6000000000000001 0 0 0.4 0.6000000000000001 0 0.6000000000000001 0 0.8 0 0.6000000000000001 0.2 0 0 6 0.4 0 0 0 0 0 0 0 0 0 0 0 0 0 0 0.8 0 0 0 0 0 3.6 6 1.6 3 2.6 0 0 5.800000000000001 2.6 0 7.2 0.4 0 0 0 0 1.6 0 0 4.800000000000001 0.2 0 0 0.4 0 1.4000000000000001 0 1.6 0 0 0 6.800000000000001 3.6 2.6 0 0 3.2 0.6000000000000001 2.8000000000000003 0 0 1.2000000000000002 0 0 0 0 0.4 0 0.4 0 0 0 0 0 0 0 0 0 0 0 0 0 0 0 0 0 0 0 0 0 0 0 0 0 0.4 0 0 0 2.2 4.4 0 5 0 5.2 1.6 0 0 2 4.800000000000001 4.4 2.4000000000000004 0 0 6 0 2 7.4 0 0 4 0.4 3 0.2 0 0 4.800000000000001 1.8 0 0 2.4000000000000004 2.4000000000000004 4.4 0.4 2.2 0 2.6 0 2.6 3.4000000000000004 0 1.8 0 0 0 0 0 0 0 0 0 0 0 0 0 0 0 0 0 0 0 0 0 0 0 0 0 0 0 0 0 0 0 0 2.4000000000000004 0 0 0.2 1.2000000000000002 0.2 1.4000000000000001 0 0 0 0 0 1.4000000000000001 0 0 0 0 0 0 0 0 0 0 0 0 0 0 0 0 0 0 0 0 0 0 0 
 0 0 15 0 30.200000000000003 3.8000000000000003 0.4 0.4 0 0.4 0.2 15.4 0 0.2 0 0.2 0 15.600000000000001 0.6000000000000001 0 42.2 41 11.200000000000001 31.6 9.600000000000001 49 0 59.800000000000004 38.2 19.200000000000003 17 4.6000000000000005 82.80000000000001 25 10 8.200000000000001 9.8 26.8 9.8 9 0.6000000000000001 0 0.4 0 0 0 0.4 0 1 0 0 0 0 0 0 0.6000000000000001 12.8 0 1.4000000000000001 0 0 0 0 0 0 0.6000000000000001 0 0.6000000000000001 0.4 0.8 0 0.6000000000000001 0.6000000000000001 0.6000000000000001 0 0.6000000000000001 0 0 0 0 0 0 0 0 0 0 0 0 2 2 2.8000000000000003 0 0 0 0 0 0 0 0 0 6 2.8000000000000003 0 0 0 0 3.8000000000000003 0 1.4000000000000001 3.2 0 11.4 10.600000000000001 8 12.200000000000001 3.8000000000000003 1.4000000000000001 7 3.6 3.2 0 0 1.8 0 0 0 0 0 0 0 0 0 0 0 0 0 0 0 0 0 0 1.6 0 0 0 0 0 2.2 0 0 0 0.8 0 0 0 0 0.4 0 0 0 0 0 0 0 10.200000000000001 4.4 0 0 0 0 0 0.4 0 0 0 0 0 0 0 0 1.6 1.8 3 4.800000000000001 2.2 0 6 9.8 0.8 3.6 3 5.2 6.800000000000001 2.8000000000000003 0 2.4000000000000004 4.800000000000001 0 2.4000000000000004 2.8000000000000003 0.2 0 0 0 0 0 0 0 0 0 0 0 0 0 0 0 0.2 0 0 0 0 0 0 0 0 0 0 0 0 0 0.4 0 0 0 0 0 0 0 0 0 0 0 0 0 0 0 0 0 0 0 0 0.2 0 0 1.4000000000000001 0 0.2 0 0 0 0.8 2 0 0 0 0 0 0 0 0 0 0 0 0 0 0 0 0 0 0 0 4.2 0 0 0 2 0 0 0 0 
 0.8 0.4 0.4 0.4 0.4 0.6000000000000001 0.4 0.4 0.4 0.4 0.4 0.4 0.4 0.4 0.4 0.4 0.8 1 1 0.4 26.200000000000003 62 37 48 107.4 7.6000000000000005 59.800000000000004 0 82.80000000000001 46.6 9 16.400000000000002 43.2 34.6 29 8.4 84.4 20.400000000000002 6.800000000000001 32.6 1 0 0.4 0.4 0 0 0 0 0 0 0 0.8 0 0 1 0.6000000000000001 12.600000000000001 0 0 0 0 0 1.2000000000000002 0 0 1.4000000000000001 0 0 0.4 7.800000000000001 0 0.6000000000000001 0 0.6000000000000001 0 0.6000000000000001 1 0 0.6000000000000001 0 0 0 0 0 0 4.4 0 0 0 0.4 0 0 0 0 0 0 0 0 0 0 8.4 2.2 3.8000000000000003 2.4000000000000004 0 6.6000000000000005 3 5.2 0.8 1.6 0.6000000000000001 0 4 3.8000000000000003 2.6 0.4 5.6000000000000005 14 0 0 0 0 0 0 0 0 0 3.6 0 0 0 0 0 0 0 0.2 0 0 0 0 0 0.2 0 0 0 0 0 0 0 0 0 2.4000000000000004 0.4 0 0 0 0 0 0 0 0 0 0 0 4.2 2.8000000000000003 0 0 1.2000000000000002 0 0 1.2000000000000002 0 0 0 0 0 0 0 0 3.8000000000000003 10.4 2.8000000000000003 10.4 0 9 0.2 0 0 2.8000000000000003 0.8 4 3 3.8000000000000003 4.800000000000001 4.4 0 3.8000000000000003 0.2 3.6 0 0 0 0 0 0 0 0 0 0 0 0 0 0 0 0 0 0 0 0 0 0 0 0.8 0 4.4 0 0 0 0.2 0 0 0 0 0 0 0 0 0 0 0 0 0 0 0 0 0 0 0 0 0 0 0 0 0.8 0 0 15 0 0.4 0 1.6 0 0 0 0 0 0 0 0 0 0 0 0 0 0 0 0 0 0 0 1.8 0 0 0.2 0 1.8 0 0 0 
 0.6000000000000001 0.6000000000000001 0.6000000000000001 0.6000000000000001 0.6000000000000001 9.200000000000001 0.6000000000000001 0.8 1.2000000000000002 0.6000000000000001 0.6000000000000001 1 0.6000000000000001 1.2000000000000002 0.6000000000000001 0.6000000000000001 0.6000000000000001 1.4000000000000001 1 0.6000000000000001 9.600000000000001 14.8 33 22 22 19.6 38.2 82.80000000000001 0 34.4 68.4 21.200000000000003 36.2 36.800000000000004 75.60000000000001 11 52.400000000000006 56 11.200000000000001 12.200000000000001 0.6000000000000001 0 0.4 0 4.2 0 0 0 1.2000000000000002 0.4 0 0.2 25.8 0 0.4 1.8 0.4 1.6 12.4 12.600000000000001 0 0 0.2 0 0.6000000000000001 0.6000000000000001 0 0 0.4 0.6000000000000001 0.6000000000000001 0.6000000000000001 0 1 0 0.6000000000000001 0.4 0 0 0 0.2 0 0 0 0 0 0 0 0 0 0 0 0 0 0 0 0 0 0 0 2.6 6.800000000000001 0 5 4 6 6.4 0 3 7 1.6 4.6000000000000005 8 5.2 4.800000000000001 2.4000000000000004 2.6 6.4 0 6.4 1.6 0 0 0 0.2 0 0 2.6 3.4000000000000004 0 0 0 2.6 2.8000000000000003 0 0 4.2 0 0 0 0 0 0.8 0 0 0 0.6000000000000001 0 0.2 0 0 0 0 0 0 0 0 0 0 0 0 0 0 0 3 0 0 0 0 0 0 0 0 0 0 0 0 0 0 0 2.4000000000000004 4 4.4 4.6000000000000005 1.2000000000000002 0 6.6000000000000005 2.6 3.4000000000000004 1.6 4.4 5.800000000000001 4.800000000000001 0 0 2.4000000000000004 4.4 12.600000000000001 0 1.2000000000000002 0 0 0 0 0 0 0 0 0 0 0 0 0 0 0 0 4 0.2 0.4 0 0 0 0 0 0 0 0 0 0 0 0 0 0 0 0 0 0 0 0 0 0 0 0 0 0 0.2 0 0 0 0 0 0 0 0 0.6000000000000001 0.8 0.4 0 0.8 1 1.4000000000000001 0 0 0.4 0 0 0 0 12.200000000000001 0 0 0 0 0 0 0 0 0 0 0 0 3.4000000000000004 0 0 0 0 0 0 0 0 
 0 0 0 0 0 0 0 0.4 0.2 0.2 0 0.2 0 0 0 0 0.4 0.2 0 0 21.200000000000003 37.800000000000004 27 30.8 33.4 9.600000000000001 19.200000000000003 46.6 34.4 0 29.400000000000002 12.4 40.800000000000004 19.200000000000003 43 19.6 29.200000000000003 26.6 12.8 37.4 0.6000000000000001 1.2000000000000002 0.4 0 0 1.2000000000000002 0 0 0.6000000000000001 0 0 0.2 0 0 0.4 0.6000000000000001 0 0 0.2 0 0 0.4 4.2 6.4 0 1.8 0 0 0.4 0.6000000000000001 0 1 0 0.6000000000000001 0 0.6000000000000001 0.8 0 0 0 0 0 0 0 0 2.2 0 0 0 0 0 0 0 0 0 0 0 0 0 0 4.4 3.2 4.800000000000001 0.2 0 2.2 2.6 3.4000000000000004 0 3.2 0 4.800000000000001 9.4 1.4000000000000001 0 2.6 6.4 8.4 0 2.2 2.4000000000000004 0 0 0 0 0 0 0 0 0 0 0 0 0 0 0 0 0.4 0 0 0 0 0 0 0 0 0 0 0 0 3.4000000000000004 0 0 0 0 0 0 0 0 0.4 0 0 0 0 0 0 0 0 0 0 0 1.8 0 0 0 0 0 0 0 0 3.8000000000000003 7.4 4.800000000000001 5.2 1.4000000000000001 6.4 2.6 2.6 6.4 0.4 4.4 8 6 5.800000000000001 3 8.200000000000001 0 5 0 2.8000000000000003 0 0 0.4 0 0 0 3.2 0 0 0.2 0 0 0 0 0 0 0 0 4.6000000000000005 0 0 0 0 0 0 1.8 0 0 0 0.2 0 0 1 0 0 0 0 0 0 0 0 0 0 0 0 0 0 0 0 0 0 0 0 0 0 0 0 4.2 0.6000000000000001 0 0 0 0 0 0 0 0 0 0 0 0 0 0 0.2 0 0 0 0 0 0 0 2.2 0 0.2 0.2 0 3.6 0 0 0 
 0 16.2 0.6000000000000001 2 0 0 0 0.4 1 0 0 0 0 0.6000000000000001 0 0.6000000000000001 0 0.4 0 0 4.800000000000001 6.2 26.8 20.8 35.4 63.2 17 9 68.4 29.400000000000002 0 9.4 57.6 8.200000000000001 63.2 35.800000000000004 52 21.8 4.6000000000000005 12.8 0.6000000000000001 0.2 0.4 0 0 0.6000000000000001 25.400000000000002 0 4.800000000000001 0.4 0 0.4 13 0 12.8 0.6000000000000001 0.4 0 6.800000000000001 0.2 1 1.2000000000000002 0 11.4 0.4 8.200000000000001 0 0 0.4 0.6000000000000001 0 0.6000000000000001 0 0.6000000000000001 0 0.6000000000000001 1.2000000000000002 0 0 0 0 0 0 0 0 2.4000000000000004 0 0 0 0 0 0 0 0 0 0 0 0 0 0 0 3.6 5.4 5 0.2 7.800000000000001 0 0 0.2 11.600000000000001 7.2 8.8 1.4000000000000001 4.6000000000000005 2.2 1.4000000000000001 0 1 0 4.6000000000000005 0 1.6 0 0 0 0 0 0 1.6 0 0 0 1.8 4 3 0 0 0 5.2 0 0 0 0 0 0 0 0 0 1.6 0 0 0 0 0 0 0 0 0 0 0.8 0 0 0 0 0 1.4000000000000001 0 0 0 0 0 1.6 0 0 0 0 0 0 0 0 5 3 2.6 2.8000000000000003 3.8000000000000003 0 1.2000000000000002 1.6 4.6000000000000005 5.4 4 8.200000000000001 0 0 0 2.6 1.2000000000000002 4.6000000000000005 0 0 0 0 0 0 0 0 1.6 0 2.2 5 0 0 0.2 0 0 0 0 0 0 0 0 0 0 0 0 0 0 0 0 0 0 0 0 0 0 0 0 0 0 0 0 0 0 0 0 0 0 0 0 0 0 0 0 0 1.2000000000000002 0 0.2 25.400000000000002 0 0 0.4 0.8 0 0 0 0 0.6000000000000001 0 0 0 0 0 0 0 0 0 0 0 0 2.2 0 2 0 3.2 0 0 0 0 0 0 
