 0 28 56 12.4 5.6000000000000005 7 16.8 44 26.200000000000003 9.8 19.8 6.2 32.4 29.6 25.6 20.8 25.8 9.200000000000001 24.8 64.60000000000001 0.4 0 0 16.6 15.8 0 0 0.4 0 1 1.2000000000000002 0.8 0.8 0 0.8 0.2 0 0.4 1.4000000000000001 0.8 0 0 1.2000000000000002 0.6000000000000001 0.6000000000000001 0.4 0 0.6000000000000001 0 0 0.2 0.4 0.2 1.4000000000000001 0 0.4 0 0.6000000000000001 0.8 0 0.6000000000000001 0.4 0 0 0 1.2000000000000002 0.6000000000000001 0 0 0 0 0.6000000000000001 0.6000000000000001 0.4 0.4 0 0 0 0 0 4.6000000000000005 3 2.6 2 0 3.4000000000000004 5 2.4000000000000004 4 0.2 0.4 0 0 2 5.2 0 3 3 0 2.6 0 0 0 0 0 0 0 0 0 0 0 0 0 0 0 0 0 0 0 1.2000000000000002 0 0 0 0 0 0 0.4 0 0 0 0 0 0 0 0 0 0 0 0 0 0 0 0 0 0 0 0 0 0.2 0.8 0 0 0 0 0 0 0 0 0 0.2 0 2.8000000000000003 4.4 1.8 0 0 3 3.4000000000000004 1.6 0 0.2 0 0.2 1.2000000000000002 4.6000000000000005 1.4000000000000001 0.2 0 2.6 0 0 0 0 0 0 0 0 0 0 0 0 0 0 0.2 0 0 0 0 2.6 0 0.2 1.4000000000000001 0 0 0 0.4 0 0 0 0 0 0 0 0 0 0 0 0 0 0 0 0 0 0 0 0 0 0 0.2 0 0 0 0 0 0 0 0 0 0 0 0 0 0 0 0 0 0 0 0 1.2000000000000002 0 1.6 0 0 0 0 0 0 0 0 0 0 0 0 0 0 0 0 0 0 0 0 0 0.2 0 0 0 0 0 0 0 0 0 0 0 0 0 0 0 0 
 28 0 69 33 8.6 23.6 19.8 18.8 22.6 59.2 26.8 38.800000000000004 29 30.200000000000003 9.4 57.2 59.400000000000006 18.2 24.400000000000002 56.800000000000004 0.4 0 0 0 0 0 29.400000000000002 0 0.6000000000000001 0 0 1 0.6000000000000001 0 0 0 0 0 16.400000000000002 0.2 0 0 0 1 0.6000000000000001 1.4000000000000001 0 0.6000000000000001 1.6 0 0.2 2.2 0 0.6000000000000001 0 0.4 0 0.6000000000000001 0 0 0.4 0.6000000000000001 0 0 0 0.6000000000000001 0 0 0 0 0 0.6000000000000001 0.6000000000000001 0.4 0.4 4.800000000000001 0 0 0 1.4000000000000001 7.800000000000001 5.6000000000000005 9.200000000000001 4 0 1.8 2 4.800000000000001 0.4 6.2 2.8000000000000003 2.4000000000000004 2 7.6000000000000005 3.8000000000000003 9 5.800000000000001 2.4000000000000004 0 6.4 0.6000000000000001 0 0 0 0 0 0 0 0 0 0 0 2 0 0 0.4 0 0 4 5.2 0 1 0.2 0.4 0 0 0 0.8 0 0 0 0 0 0 0 0 0 0 0 0 0 0 0 4 0.2 0 0 0 0 0 0 0 0 0 0 0 0 0 0 0 0 1.6 9.200000000000001 0 0.2 0 2.2 0 0 5 3.8000000000000003 1.4000000000000001 0 2.6 2.2 1.8 0 2.6 4.4 0 0 0 0 0 0 0 0 2 4 0 0.4 3.6 2.8000000000000003 0 0 0 0 0 1.2000000000000002 0.4 0 0 0 0.2 0 0 0 0 0 0 0 0 0 0 0.4 0 0 0.4 0 0 0 0 0 0 0 0 0 0 0 0 0 0 0 0 0 0 0 0 0 0 0 0 0 0 0 0 17.8 0.2 0 14.200000000000001 0.4 0 0 0 0 0 0 0 0 0 0 0 0.2 0 0 0 0 0 0 0 0 0 0 9.200000000000001 0 0.8 0 0.4 0 0 0 0 0 0 0 0 0 3 0 0 
 56 69 0 17.2 10.4 30.6 32 33 50.6 13.200000000000001 26.6 20.6 10.200000000000001 30.200000000000003 26.8 62.800000000000004 73.4 23.400000000000002 8.200000000000001 24.8 0.2 0 0 0 0.2 0.4 18.400000000000002 0.4 0.6000000000000001 0 0 0.6000000000000001 0 0.6000000000000001 0 0.6000000000000001 0 0.6000000000000001 8.6 0 0.4 0 0 0.6000000000000001 0.6000000000000001 2.2 0 0 2.6 0 13 0 0 1.6 0 0.4 0 0 0 0.6000000000000001 0.6000000000000001 0.6000000000000001 0 0 0 10.4 0.4 0.2 0 0 0 1 1.2000000000000002 0.4 0.6000000000000001 1 0.2 0.6000000000000001 0 2.6 0.2 2.4000000000000004 4.4 3.4000000000000004 0 0.2 0 0.2 4.2 0.6000000000000001 2.2 4 0 2.2 1.6 0 4.6000000000000005 4.6000000000000005 0 0 0 0 0.2 0 0 0 0 0 0 0 0 0 0 0.2 0 0 0 0 0.4 3.4000000000000004 0 0 0 0 0 0 0 0 0 0 0 0 0 0 0 0 0 0 0 0 0.6000000000000001 0 0 0 0 0 0 0 0 0 0 0 2.8000000000000003 0.2 0 0 0 0 0 0 2 1.8 0.2 0 0 0.2 0 2.8000000000000003 7.6000000000000005 1.6 5.6000000000000005 2 2.8000000000000003 2.2 5.6000000000000005 0 0 2.2 2.2 0 0 0 0 0 0 0 0 0 1.8 0 0 0 3.2 0 0 0 0.2 0 5.6000000000000005 0 0 0 0 0 0 0 0 3.6 0 0 0 0 0 0 0 0 0.2 0 0 0 0 0 0 0 0 0 0 0 0 0 0 0.2 0 0 0 0 0 0.2 0 0 0 0 0 0 0 0 0.8 0 0.4 35.800000000000004 0 1.6 0 0 0 0 0.2 0 0 0 0 0 0 0 0 0 0 0 0 0 0 0 0 0 0 2 0 0 0 0 0 0 0 0 0 0 0 0 0 0 
 12.4 33 17.2 0 107.60000000000001 113.2 15.4 17 36.6 92 107.2 11.200000000000001 12.4 36.2 28.200000000000003 9 119.2 56.400000000000006 58.2 14.4 13.8 0.4 0 6.800000000000001 0.4 0 14.8 14.8 0 0 0 0 15 0 0 0 0.4 0 0.6000000000000001 14.600000000000001 15 0 0 0.6000000000000001 0.4 1 0 0 0 0 0 0 0 0.4 0 0.4 0 0 0 0 0.6000000000000001 0 0 0 0 0.6000000000000001 0 0 0 0 0 0.4 0.4 0.6000000000000001 0.6000000000000001 0 0 0 0 0 0 0 3.6 4.800000000000001 0 1.6 0 3.4000000000000004 2.6 6.2 1.8 4.2 0.2 0 0 7 5.6000000000000005 0 0 0 7.800000000000001 0 1.8 0 0 0 0 0 0 0 0.2 0 2.2 1.2000000000000002 0 0 0 0 8 9.600000000000001 0 0 0 0 0 0 0 0 0 0 0 0.2 0 0 0 3 0 0 0 0.2 0 1.2000000000000002 0 0 0 0 0 0 0 0 0 0 0 0 0 0 0 0 0 0 0.2 7.4 4.4 0 1.6 2.4000000000000004 0 0.6000000000000001 3 4.4 0 2.8000000000000003 0 2.8000000000000003 0.2 2.2 0 0.2 0 0 0 3 0.4 0.4 0 0 0 0 0 0 0 0 8.4 0 10.8 0 0 0 0.2 2.8000000000000003 0 0.4 0.4 0 0.2 0 0 0 0 0 0 0 0 0 0 0 0 1.8 0 0 0 0.2 0 0 0 0 0 0 0 0 0 0 0 0 0 0 0 0 0 0 0 2.8000000000000003 0 0 0 0.6000000000000001 1 0 0.4 0.4 3.6 1.2000000000000002 3.4000000000000004 0 0 0 0 0 0 0 0 0 0 0 0 0 0 0 0 0 0 0 0 0 0 4.6000000000000005 3 2.2 0 0 0 0 0 0 0 0.2 0 0 0 0 
 5.6000000000000005 8.6 10.4 107.60000000000001 0 92 12.200000000000001 33.4 19.8 63.6 52.2 10 14.200000000000001 18.8 33.2 17.8 28.200000000000003 17.6 15.4 24.400000000000002 24.400000000000002 0.4 0 15.4 0 0 31.6 0 0 0 10.8 0 0.2 15.600000000000001 0 0.2 0.4 0.6000000000000001 5.800000000000001 21.200000000000003 0 0.4 0 0.6000000000000001 0.6000000000000001 1.4000000000000001 0.6000000000000001 0 0.2 0 0.2 0 0 0.6000000000000001 0 0.4 0.6000000000000001 0.6000000000000001 0 0 7.6000000000000005 0.4 0 0.4 0 1.2000000000000002 0 0.6000000000000001 0 0 0 0.6000000000000001 0.6000000000000001 0.4 0.4 0 0 0 0 0.8 0 0 2.2 3.8000000000000003 6.4 9.8 0 0 1.8 7 0.6000000000000001 2.4000000000000004 0 3 0 10.4 1.8 0.2 0 0 4.4 0 3.8000000000000003 0 0 0.2 6.2 0.4 0.4 0.2 0 0 2.4000000000000004 4 1 0 0 1.8 0 0 0 0 0 0 0 0 0 0 0 0 0 1.4000000000000001 0.4 0 0 0 0 0.4 0 0 0 0 0 3.8000000000000003 0 0 0 0 0 2 0 0 0 0 0 0 0 0 0 0 0 7.4 2.6 5 0.8 0.4 0 0.2 3 1 4.2 3.2 0 3.4000000000000004 2 0.2 3 2.2 0 0 0 11 0 0 0 0 2 4.800000000000001 2 0 0 0 5.4 4.4 5.4 2.2 1.8 4.6000000000000005 2 7.2 0 0 0 0 0 0 0 0.4 0 0 0 0 0 0 0 0 0 0 0 0 0 0 0 0 0 0 0 0 0 0 0 0 0 0.4 0 0 0 2.2 0 0 0 2.2 0 0 0 0.6000000000000001 2.2 0 0.4 0.4 0 0 0 6 0 0 0 0 0 0 0 0 0 0 0 0 0 0 0 0 0 0 0 0 0 0 6.2 0 0 0 0 1 0 0 0 0 0 0 0 0.4 
 7 23.6 30.6 113.2 92 0 7.2 24.6 10.8 58.400000000000006 100.60000000000001 63.6 8.8 13.4 15.8 34.6 18.2 27 9.200000000000001 13 22 15.8 0 0 1 0 12.200000000000001 3.2 23.6 4.2 17.2 1.6 0.8 0 0.4 1.2000000000000002 1.2000000000000002 0.4 1.2000000000000002 21.8 0.8 0 0 0.6000000000000001 0.6000000000000001 1.6 0 0.4 6.800000000000001 1.2000000000000002 0.8 0.6000000000000001 0 0.6000000000000001 0 0.8 13.600000000000001 1.6 1.4000000000000001 0 0.4 0.6000000000000001 0 0 0 1.4000000000000001 0.4 0 0 1 0.4 0.6000000000000001 0.6000000000000001 0.8 1.4000000000000001 0 0 0.4 0 0.8 0 0 2 2.4000000000000004 8.6 5 0 0 2.2 2.8000000000000003 0 2.4000000000000004 0 5.6000000000000005 0 2.8000000000000003 2 10.200000000000001 0 0 3 0 0 0 0 0 10.4 2 0 3 1.4000000000000001 0.2 0 12.600000000000001 4 1.4000000000000001 2 0.2 4.6000000000000005 3.4000000000000004 0 0 0 0 0 0 0 0 0 0 0 0 0 0 0 0 0 0 0 0 0 0 0 0.8 0 0 0 0 0 0 0 0 0 0 0 0 0 0 0 0 0 1.8 2.6 5.800000000000001 0.4 3.8000000000000003 0 0.2 3 2.6 5.6000000000000005 0 0 4 2.2 0 0 1 0 0 2.8000000000000003 5.800000000000001 2.8000000000000003 0 0 0 4.4 5.6000000000000005 1 0 3.2 0.6000000000000001 13 6.6000000000000005 0.4 0.4 0.2 3.8000000000000003 0 5 2.8000000000000003 0 0 0 0 0 0 0 0 0 0 0 0 0 0 0 0 0 0 0 0 0 0 0 0 0 0 0 0 0 0 0 0 0 0 0 0 0 0 0 0 0 0 0 0 0 17 0 0.2 0.2 0 0 0.8 0 0 0.4 0 0 0 0 0 0 0.2 0 0 0 0 0 0 0 0 0 0 0 0 0 0 0 0 4.4 0 0 0 0 0 12.4 0 0 0 0 
 16.8 19.8 32 15.4 12.200000000000001 7.2 0 22.8 14 5.800000000000001 8.8 7 46.2 64.60000000000001 28.400000000000002 69.2 28.8 8.8 11.200000000000001 23.200000000000003 0.4 7.4 0 0 0.4 0 0 1.2000000000000002 0.6000000000000001 0 0 0 0 0 0.2 0 14.8 0.6000000000000001 0.6000000000000001 0 0 0 0 0.6000000000000001 0.6000000000000001 0.4 0 0 12.4 0 0.2 0 0 0.6000000000000001 7.800000000000001 0.2 0 0 0 0 0.4 0.6000000000000001 0 0 0 6 0 0.8 0 0 0 0.6000000000000001 0.6000000000000001 0.4 0.4 0 0 2 0 0 4.4 4.2 4.2 0.2 0 0 0 6.6000000000000005 0 4.6000000000000005 2.2 6 0.2 5.6000000000000005 8.8 1.6 3 0 8.200000000000001 6 0 0 0 0 0 0 0 0 0 0 0.2 0 0 0 0 0 0 0 6 0 0 0 0 0 0 0 0 0 0 0 0 0.2 0 0 0 0 0 0 0 0 0.4 0 0 0 0 0 0 0 0 0 0 0 0 0 0 0 0 0 0 0 4 0.6000000000000001 0 0 2.8000000000000003 0 5.2 4.6000000000000005 3.2 0 3.4000000000000004 0 9.8 5 0 2.8000000000000003 0 0 0.2 9 0 0 0.4 0.4 0 0 3.6 0 0 0 0 0 0 0 0.2 0 0 0 2 0 0 0 0.4 0 0.2 0 0 0 0 0 0 0 0 2.6 0 0 0 2 0 0 0 0.2 0 0 0 0.4 0 0 0 0 0 0 0 0 0 0 0 0 0 0 0 0 0 0 0 0 0 0.2 0.4 0.6000000000000001 0.2 4 0 0 0 0 0 0 0 0 0 0 4.2 0 0 0 0 0 0 0 0 0 0 0 0 0 2.6 0 0 0 0 0 0 0 0 0.2 0 0 0 0 
 44 18.8 33 17 33.4 24.6 22.8 0 76.2 6.6000000000000005 6 3.6 76.4 18.8 28.8 10.200000000000001 9.200000000000001 5.6000000000000005 21 79.2 0.4 0 0.4 0 0 0 0 0 0.6000000000000001 0.4 0 0 0 0 1 0.8 0 0 0.8 16.2 0 0 0 1.4000000000000001 1.2000000000000002 0.4 0 0 0 0.6000000000000001 0.6000000000000001 0 0 0.6000000000000001 0 0.6000000000000001 0.4 0 0 0 0.6000000000000001 0.2 0 0 0.6000000000000001 1.2000000000000002 0 0 0 0 0.2 1 0.4 0.4 0.6000000000000001 0 0 0.4 0 0 3.6 1.8 0.2 2.2 3.6 6.6000000000000005 2.8000000000000003 1.2000000000000002 8 0 0 0 0.2 6.800000000000001 2.4000000000000004 0 0 2.4000000000000004 3 2.4000000000000004 0 0 0 0 0 0 4.2 0 0 0 0 0 0 0 0 0 0 0 0 0 0 0 0 0 0 0 0 0 0 0 0 0 0 0 0 0 0 0 0 0 0 0 0 0 0 0 0 0 0 0 2.2 0 0 0 0 0 0 0 0 0 0.2 0 2.8000000000000003 6.4 0 0 0 7.6000000000000005 3.2 0 0 0 0 5.6000000000000005 6.800000000000001 0 0 3.6 0 2.4000000000000004 0 0 0 0 0 0 0 0 0 0 0 0 0 2.6 0 2.2 0 0 4.4 0 0 0 3 0 0 0 0 0 0 0 0 0 0 0 0 0 0 3 0 0 0 0 0 0 0 0 0 0 0 0 0 0 0 0 0 0 0 0 0 0 0 0 3.8000000000000003 0 0 0.8 0 0 0.4 0.4 0 0.8 0 0 0.4 0 0 0.6000000000000001 0 0.8 0 0 0 0 0 0 0.4 0.2 0 4 0 0 0 0 0 0 0 0 0 0 0 0 0 0 0 0 0 0 0 0 
 26.200000000000003 22.6 50.6 36.6 19.8 10.8 14 76.2 0 88.60000000000001 19.400000000000002 88.60000000000001 77.80000000000001 22.8 29.400000000000002 62.800000000000004 10.4 27.8 14.200000000000001 18.2 0.4 0 0 0 0 0 14.4 0 0 0 0 0 0 0 0 0 0 0 15.600000000000001 0 0 0 0 0.6000000000000001 0.6000000000000001 0.4 0 0 0 0 0.2 0 12.4 0.6000000000000001 0 0.2 0 0 0 0 0.6000000000000001 0.4 0 0 0 0.6000000000000001 10.200000000000001 0 0 0 0 0.6000000000000001 8.4 0.4 0.4 0 1 0 0 0.8 1.4000000000000001 2.6 0 4.4 0.2 0.4 0 7.6000000000000005 2.4000000000000004 5.2 0 3 0 5.2 0 8.200000000000001 2.8000000000000003 4 0 0 0 0 0 0 0 0 0.2 0 0 0 0 0 0 0 0 0 0 0 2 5 0 0 0 0 0 0 0 0 0 0 0 0 0 0 0 0 0 0 0 0.2 0 0 0 0 0 0 0 0 4.4 0 0 0 0 0 0 0 0 0 0 0 0 3 6.800000000000001 3.6 2.8000000000000003 6.4 0 4 7.6000000000000005 3.6 12 2.6 1 2.6 2.8000000000000003 2.2 0.2 1.4000000000000001 0 0 0 0.4 0 0 1.8 0 1.2000000000000002 3.4000000000000004 2.6 4.4 0 0 0 0 0 0 0 0 11.8 0 0 0 0 0 0 0 0.4 0 0 0 0.2 0 0 0.4 0 0 0 0 0 0 0.4 0 0 0 0 0 0 0.4 0 0 0 0 0 0 0 0 0.4 0 0 0 0 0 0 0 0 0.2 0.2 0.4 0.4 9.600000000000001 0.4 0.2 0 0 0 0 0 0 0 0 0.4 0 1.8 0 0 0 0 0 0 0 0 0 0 0 0 6.2 0 0 0 0 0 0 0 0 0 0 0 0 0 0 
 9.8 59.2 13.200000000000001 92 63.6 58.400000000000006 5.800000000000001 6.6000000000000005 88.60000000000001 0 59 105.80000000000001 11.8 76.4 23.6 141.4 32.6 47.2 14.8 16 0 0 0 0 0 0 29.6 0 0 0 0.2 0 0 0 0 0.4 15.200000000000001 0 1.6 0 0 0 0 0.6000000000000001 0.4 1.6 0 0 5.6000000000000005 0 1.2000000000000002 0.2 0 0.6000000000000001 0 0.4 0 0 0 0 0.6000000000000001 0.2 0 0 0 0.6000000000000001 0 0 0 0 0 0.6000000000000001 0.4 0.4 0.6000000000000001 0 0 0 0 0.4 0 0 8.200000000000001 8.4 2.4000000000000004 20.8 0 0.2 1.6 5.4 3.6 5.800000000000001 0 0.6000000000000001 0 12.200000000000001 5.800000000000001 1 0 0 2.4000000000000004 0 0 0 0.2 0 5.2 0 0 0 0 0 2.4000000000000004 1.2000000000000002 0 0 0.2 0 1.8 4.2 4 0 0 0 0 0 0 0 0 0 0 0 0 0 0 0 0 0 0 0 0 0 0 0 0 0 0 0 0 0 0 0.4 0 0 0 0.2 0 0 0 0 0 8.8 3.4000000000000004 5.6000000000000005 0 1 0 0.2 0.2 1.2000000000000002 10.8 4.6000000000000005 0 3.2 1.6 2.2 2.2 4.4 0 0 0 7.2 0 0 0 0 0 5 0 0 0 0 8 0 2.6 0 0 0 1.4000000000000001 1.2000000000000002 0 0 0 0 0 0 0 0 0 0 0 0 0 0 0 0 0 0 0.4 0 0 0 0 0 0 0 0 0 0 0 0 0 0 0 0 0 0 0 0 0 0 0 0 0 0 0.6000000000000001 0.8 0 1.4000000000000001 17.400000000000002 0 1.8 0 0 0 0 0 0 0 0.4 0 0 0 0 0 0 0 0 0 0 0 0 0 0 0 4.6000000000000005 2 2 0 0 0 0 0 0 0 0 0 0 0 0 
 19.8 26.8 26.6 107.2 52.2 100.60000000000001 8.8 6 19.400000000000002 59 0 112.60000000000001 48.2 7.2 12.4 36 42.800000000000004 17 3.2 10.600000000000001 0 0 0 0 0 0.4 29.400000000000002 0 0 0 0 0 0 0 14.8 0 0 0.2 15.4 14.8 0 0 0 0.6000000000000001 0.6000000000000001 2.4000000000000004 0.8 0 1.4000000000000001 0 0.2 0 12.600000000000001 0.6000000000000001 0 0.4 0 0 0 0 0.6000000000000001 0.4 0 0 0 0.6000000000000001 0 0 0 0 0 0.6000000000000001 0.6000000000000001 0.4 0.4 0 0 0 0.8 2.2 0 0 3.8000000000000003 10.8 8.4 3.2 0 0 7.2 3.6 2.2 6.6000000000000005 0 0 0 6.2 1.2000000000000002 5.4 0 0 0 0 0 0 0 0 9.600000000000001 2 0 0 0 0 1.8 0 0 0 0 2.4000000000000004 2.4000000000000004 10.8 0 0 0.4 0.2 0 0 0.4 0 0 0 0 0 0 0 0 0 0 0 0 0 0 0 0 0 0 0 0 0 0.2 0 0 0 0 0 0 0 0 0 0 0 0 6 3 3.6 0.6000000000000001 5.6000000000000005 0 0.2 0 8.4 8.6 4.2 5.800000000000001 0 1.8 0 0.8 11.4 0 0 0.4 0 1 0 0 0 4 4.4 2.6 0 0 0 5.4 4 0.8 0 0.2 3.8000000000000003 2 6.4 0 0 0 0 0 0.4 0 0 0 0 0 0 0 0 0 2.8000000000000003 0 0.2 0 0 0 0 0 0 0.2 0 0 0 0 0 0 0 0 0 0 0 0 0 0 0 0 0 0 0 0 0.2 0 0.2 0.8 9 3.2 2.2 0 0 0 0 0 0 0 0 0 0 0.2 0 0 0 0 0 0 0 0 0 0 0.4 0 2.4000000000000004 0 0 0 0 0 0.4 0 0 0 0 0 0 0 0 
 6.2 38.800000000000004 20.6 11.200000000000001 10 63.6 7 3.6 88.60000000000001 105.80000000000001 112.60000000000001 0 6.800000000000001 92.2 9.4 84.2 60 32.4 5.800000000000001 5.6000000000000005 7 0 0 0.2 0 0 19.6 15.600000000000001 16 0 0 0 0 0 30.200000000000003 0 0 0 21.8 14.8 0 0 0 0.6000000000000001 0.4 6 0 0 0.6000000000000001 0 0 0 0 0.6000000000000001 0 0.4 0 0 0 0 0.4 0.6000000000000001 0 0 0 0.6000000000000001 0 0 0 0 0 0.6000000000000001 0.6000000000000001 0.4 0.4 0 0 0 0.4 0 0 0 1.4000000000000001 7.2 7.2 0 0 0 0 0 0 2.8000000000000003 0 0 0 0 2.4000000000000004 9.200000000000001 0 0 0 0 2.6 0 0 0 3.8000000000000003 6.6000000000000005 0 2.8000000000000003 0 0 0 0 0 0 0 1.8 3.6 11 0 0 0 0 0 0 0 0 0 0 0 0 0 0 0 0 0 0 0 2 0 0 0 0 0 0 0 0 0 0 0 0 0 0 0 0 2.6 0 0 0 0 4.800000000000001 0 2.4000000000000004 3.4000000000000004 11.600000000000001 1.8 0 0 5.800000000000001 5.6000000000000005 6.800000000000001 0 0 0 0 7.800000000000001 4.800000000000001 0 0.4 2.8000000000000003 4 2.2 0 0 0 1.2000000000000002 0.6000000000000001 2.2 0 2.8000000000000003 0 4 1.8 0 0 0 0 1.2000000000000002 0 0 0 0 0 0 0 0 0 0 0 0 0 0 0.2 0 0 0 0 0 0 0.2 0 0 0 0 0 0 0 0 0 0 0 0 0 2.2 0 0.2 0 0 0 0 0 0 0 0 0.4 0 0.4 16.8 24.200000000000003 0 0.4 0 0 0 0 0 0 0 0 0 0 0 0 0 0 0 0 0 0 0 0 0 0 0 2.8000000000000003 0 0 0 3.4000000000000004 0 0.2 0 0 0 0 0 0 0 0 
 32.4 29 10.200000000000001 12.4 14.200000000000001 8.8 46.2 76.4 77.80000000000001 11.8 48.2 6.800000000000001 0 74.2 44 42.400000000000006 45.2 7.800000000000001 73.2 29.8 1.4000000000000001 1.2000000000000002 0 0 0 0 0 0 16 0 0 0 0 0 4.4 11.8 0 0.2 0.6000000000000001 0 0.8 0 1.8 0.6000000000000001 1 0.4 1 0 0 0 0.2 0 0 0.6000000000000001 0 1.2000000000000002 0.8 1.2000000000000002 0 0 1 0.4 0 0 0 3.2 0 0 0 0 0 1 0.6000000000000001 0.6000000000000001 0.4 0 0 0 0 0 2.6 6 3 2.6 4 0 1.8 2.8000000000000003 0 0.2 3.6 0.2 3.8000000000000003 4.800000000000001 10.600000000000001 0 3.8000000000000003 0 2.2 2.8000000000000003 0 0 0 0 0.4 0 0.8 0 0 0 1.8 0 0 0 0 0 0 0 0 0 0 0 0 0 0 0 0 0 0 0 0 0 0 0 0 0 0 0 0 0.4 3 0 0 0 0 0 0 0 0 0 0 0 0 0 0 0.4 0.2 0 0 0 3.6 0 0 0.8 0 0 4.6000000000000005 4.2 4.2 0 0.2 0 0.2 4.4 0 0 4 3.6 3.6 7 4.2 0 0 0 0.4 0 0 3 0 0 0 0 0.2 0 0 0 0 2.4000000000000004 0.4 0 0 0 0 0 0 0 0 0 0 0 0.2 0 0 0 0 0 0 0 0 0 0 0 0 0 0 0 0 0 0 0 0 0 0 0 0.2 0 0 0 0 0.4 0 0 0 0 0 0.2 0.4 0 0.4 18.400000000000002 0 0.8 0 0 0 0 0 0 0 0 0 0 0 0 0 0 0 0 0 0 0 0 0 0 0 0 0 0 0 0 0 0 0 0 0 0 0 0 0 0 
 29.6 30.200000000000003 30.200000000000003 36.2 18.8 13.4 64.60000000000001 18.8 22.8 76.4 7.2 92.2 74.2 0 32.6 29.8 32.800000000000004 37.2 66 43.800000000000004 1.6 0.6000000000000001 0 0 0.4 0 0.4 0 0.6000000000000001 0 0 0.6000000000000001 0 0 0 0.6000000000000001 0 0 0.6000000000000001 0 0.2 0.4 0 0.8 0.4 0.4 0 0 0 0 0 18 0 0.6000000000000001 0 0.8 0.4 1 0.2 0 0.6000000000000001 0.2 0 0 0 1.4000000000000001 0.2 0 0 0 0 0.6000000000000001 0.6000000000000001 1.8 0.6000000000000001 0 0 0.4 0.4 0 5.4 0 3.6 0 0 1.8 5 7.800000000000001 2 2.6 3.4000000000000004 0.4 6 2.8000000000000003 7.800000000000001 5.4 4.6000000000000005 0 0.2 6 1.4000000000000001 0 0 0 0.4 0 0 0 0 0 0 0 2.6 0.2 0 0 0.4 0 4.6000000000000005 2.2 0 0 0 0 0 0 0 0 0 0 0 0 0 0 0 0 0 0 0 0.4 0 0 0 0 0 0 0 0 0 0 0 0 0 0 0.4 0.4 0 0 0 0 0.2 2 0 0.2 0 0 2 1.4000000000000001 0 0 0.6000000000000001 0 0.2 6.4 5 2.2 2 0 5.6000000000000005 0.2 0 0 0 0 0 0 0.8 0 0 0 0 0 0 0 0 0 0 0 2.6 0 0 0 0 0 0 0 0 4.2 0 0 0 0.2 0 0 0 0 0 2.8000000000000003 0 0 0 0 0 0 0 0 0 0 0 0 0 0 0 0 0 0 0 0 0 0.4 0 0 0 0 0 0 17.6 0.4 0.4 0.2 0 0 0 0 0 0 0 0 0 0 0 0 0 0 0 0 0 0 0 0 0 0 0 0 0 0 5 0.4 0 0 0 0 0 0 0 0 0 0 0 0 
 25.6 9.4 26.8 28.200000000000003 33.2 15.8 28.400000000000002 28.8 29.400000000000002 23.6 12.4 9.4 44 32.6 0 29.400000000000002 22.400000000000002 25 52.6 56 0 0 0 0 19.8 0.2 0 0 0.4 0 0 0 0 0 0 0 0 0 1.4000000000000001 0.2 0 0 0 0.6000000000000001 0.4 0.4 0 0 0 0 0 1.2000000000000002 0 0.6000000000000001 0 0.4 0 0 0 0 1.8 0.2 0 0 1.4000000000000001 0.6000000000000001 0 0 0 0 0 0.6000000000000001 0.4 0.4 0.6000000000000001 0 0 9.4 0 8.4 0 6 5 0 0.2 5 0 6.6000000000000005 0 6.6000000000000005 0.6000000000000001 2.2 2.6 0.2 2.6 1.2000000000000002 5.4 5 2.6 0 0 0 0 0 0 0 0.4 0 0 0 0 0 2.4000000000000004 0 0 0 0 0 0.4 0 0 0 0 0 0 0 0 0 0 0 0 0 0 0 0 0 0 0 5.2 0 0.4 0 0 0 0 0 0 0 0 0 0 0 0 0 0 0 0 0 0 0 4.6000000000000005 2.4000000000000004 0 0 1.4000000000000001 0 2.2 11.8 3.8000000000000003 0 3.6 6.2 2.8000000000000003 2.6 2.8000000000000003 3 11.600000000000001 6 0.8 5.4 0 5 0 0 0 0 0 0 0 0 0 0 3.8000000000000003 0 0 0 0 0 2 0.6000000000000001 0 0 0 0 0 0 0 0 0 0 0 0 1.2000000000000002 0 0 0 0 0 0 0 0 0 0 0 0 0 0 0 0 0 0 0 0 0 0 0 0 0 0 0 0 0 0 0 0 0 0 0 0 0 0 1.4000000000000001 0 4.6000000000000005 0 0 0 0 0 0 0 0 2 0 0 0 0 0 0 0 0 0 0 0 0 0 0 0 0 0 0 0 0 0 0 0 0 0 0 0 
 20.8 57.2 62.800000000000004 9 17.8 34.6 69.2 10.200000000000001 62.800000000000004 141.4 36 84.2 42.400000000000006 29.8 29.400000000000002 0 37 45.400000000000006 11.200000000000001 18.2 0.4 0 0 0 0 0 14.4 0 0 0 0.4 0 0 0.4 0.4 0 0.8 0 17 0 0 0 0 0.6000000000000001 0.6000000000000001 1 0 0 0.4 0 0.2 0 0.2 0.6000000000000001 0 0.2 0 0.2 0 0 0.6000000000000001 0.4 0 0 0 0.6000000000000001 0 0 0 0 0 0.6000000000000001 0.6000000000000001 0.4 0.4 0 0 0 0 2 3 5.2 3.8000000000000003 3.2 0 0.2 7.800000000000001 2.6 12.4 14.4 0 2.2 0 4.4 2.2 3 5.4 6.6000000000000005 0 2 0.2 0 0 0 0.6000000000000001 0 0.6000000000000001 0 0 0 0 0 0 0 0 0 0 0 1.8 2.6 3.8000000000000003 0 0 8.6 0 0 0 0.4 0 0 0 0 0 0 0 0 0 0 0 0 0.6000000000000001 0 0 0 0 0.2 0 0 0 0 0.4 0 0 0.2 0 0 0 0 0 0 2 0 2.8000000000000003 0.2 1.8 0 1.8 0 6.2 2.4000000000000004 4.4 1.6 3 0.2 0.2 0.2 0 2.2 8.200000000000001 0 0 0 0 0 0 0 0 1.2000000000000002 2.6 0 0 0 2.8000000000000003 0 0 0.2 0 0 2.2 0 0 0 0 0 0 0 0 0 0 0 0 0 0 0 0 0 0.2 0 0 0 0 0 0 0 0 0 0 0 0 0 0 0 0 2.4000000000000004 0 0 2.8000000000000003 0.2 0.4 0 0 0 0 0 0 0 0.2 0 0 19.200000000000003 0.2 0.6000000000000001 0 0 0 0 0 0 0 0.4 0 0 1.2000000000000002 0 0 0 0 0 0 0.2 0 0 0 0 0 2.4000000000000004 0 0 0 0.2 0 0 0 0 0 0 0 0 0 0 
 25.8 59.400000000000006 73.4 119.2 28.200000000000003 18.2 28.8 9.200000000000001 10.4 32.6 42.800000000000004 60 45.2 32.800000000000004 22.400000000000002 37 0 34.4 34.4 27.400000000000002 16 0.6000000000000001 1 0 1.4000000000000001 0.4 5.4 0 0.2 0 1 0 0 0 0 0 0 0 16.6 1 0 1 0 0.6000000000000001 1.4000000000000001 1 0 0 1.2000000000000002 0 0.2 0 0 1.2000000000000002 0 0.2 1 0 0 0 2 0.4 0 0 0 0.6000000000000001 1.6 0 0 0 0 0.6000000000000001 1.4000000000000001 0.4 0.4 0.6000000000000001 0 0 0 0 0.6000000000000001 2.4000000000000004 6.2 4.800000000000001 0.2 0 2.8000000000000003 3 0 0 4.800000000000001 3.8000000000000003 3.6 0 1.4000000000000001 0 8.6 1.8 0 0 2.2 0.2 0 0 0 0 0 0 0 0 0 0 0 1.4000000000000001 0 0 0 0 0 0.2 0 0 0 0 0 0 0 0 0 0 0 0 0 0 0 0 0 0 0 0.4 2.6 0 0 0 0 0 0 0 0 0 0 0 0 0 0 0.2 0.4 0 0 3.6 2 4.6000000000000005 3.6 3.2 0 4 5 0.6000000000000001 0 3.8000000000000003 4.4 2 0 1.8 0.6000000000000001 2 0.6000000000000001 1.4000000000000001 7.6000000000000005 0 0 3 0 0 0.2 0 0 0 0 0 0 0 2.8000000000000003 0 0 0 0 0 4.800000000000001 0 0 3.8000000000000003 0 0 0 0 0 0 0 0 0.4 0 0 0 0 0 0 0 0.4 0 0 0 0 0 0 0 0 0 0 0 0 0 0 0 0.4 0 0 0 0 0.2 0 0 0 0 0 0 17.6 0 1 17.400000000000002 0.2 1 0 0 0 0 0 0.2 0 0 0 0 0 0 0 0 0 0 0 0 0 0 0 0 0 3.6 0.6000000000000001 0.2 0 0 0 0 0 0 0 0 0 0 0 0 
 9.200000000000001 18.2 23.400000000000002 56.400000000000006 17.6 27 8.8 5.6000000000000005 27.8 47.2 17 32.4 7.800000000000001 37.2 25 45.400000000000006 34.4 0 9.4 7.4 5.6000000000000005 0.6000000000000001 15.200000000000001 0 0 0 29.8 0 0 0.2 0 0 0.2 0 0 0 0 0 15.4 0.2 0.4 0 0 0.6000000000000001 0.6000000000000001 0.4 0 0 0 0 0 0 0 0.4 0 0.8 0.4 0.8 0 0 0.6000000000000001 0 0 0 0 1 0 0 0 0 0 0.6000000000000001 0.4 3.4000000000000004 0.6000000000000001 0 0 0.4 0 0 0 0 6 2.2 0 1.4000000000000001 0 1.8 0.2 4 4.800000000000001 2.8000000000000003 3.2 2.8000000000000003 0 4.2 0.4 0 0 0 4.4 0 3.4000000000000004 0 0 0 0 0 0 0 0 0 6 1.6 0 0 0 0 5.4 2.6 0 0 0 0 0 3 0 0 0 0 0 0 0 0 0 0 0 0 0 0 0 0 0 0 0 0 0 0 0 0.2 0 0 0 0 0 0 0 0 0 0 0 1.6 0 0 1.4000000000000001 2.6 0 0 0 2.6 0.2 5 0 1.8 2 2 0 0 0 0 0 2 0 0 0.4 0 0 0 3 0 0 0 0 0 2 0 0 0 7.6000000000000005 3.2 0 0 0 0 0 0 0 4 0 0 0.2 0 0 0 0 0 5.800000000000001 1.8 0 0 0 0 0.2 0 3 0 0.2 0 0 0 0.4 0 0 0 0 0 0.2 0 0 0 0 1.4000000000000001 0 0 0 0 25.8 0 0 0.4 0 0.8 0 0 0 0 0 0 0 0 0 0 0 0 0 0 0 0 0 0 0 0 0 0 0 0 3 2.6 0 0 0 0 0 0 0 0 0 2.4000000000000004 0 0.6000000000000001 
 24.8 24.400000000000002 8.200000000000001 58.2 15.4 9.200000000000001 11.200000000000001 21 14.200000000000001 14.8 3.2 5.800000000000001 73.2 66 52.6 11.200000000000001 34.4 9.4 0 48.400000000000006 0.4 0 0 0 0 0 0 0 0 0 0 0 0.4 0.4 0 0 0 0 0.8 0.2 0 0 0 0.6000000000000001 0.6000000000000001 2 4.6000000000000005 0 0 0 0.2 0 0 0.6000000000000001 0 0.2 0 0 0 0 2.2 0.4 0 0 0 0.6000000000000001 0.8 0 0 0 0 0.6000000000000001 0.6000000000000001 0.4 0.4 0 7.6000000000000005 0 0 0 8.4 3.8000000000000003 0 2.4000000000000004 0 0.2 5.2 4.4 0 0 2.6 0 3.2 2.8000000000000003 2.2 0 3.8000000000000003 1 5.6000000000000005 0.2 0 0 0 0 0 0 0 0 0 0 1.8 0 0 0 0 0 0 0 0 0 0 0 0 0 0 0 0 0 0 0 0 0 0 0 0 0 0 0 0 0 0 0 0 0 2.6 0 0 0 0 0 0 0 0 0 0 0 0 0 0 0 4.800000000000001 0 0 0 0 0 2.2 5.2 0 0 0 0 2 1.4000000000000001 0 0 4 0 2.8000000000000003 5.800000000000001 0 0 3.2 0 0 0 0 0 0 0 0 0 0 0 0 0 3.4000000000000004 0 0 0 0 0 0 0 0 0 0 0 0 0 0 0 0 0 0 0 0 0 0 0 0 0 0 0 0 0 0 0 0 0 0 0 0 0 0 0 0 0 0 0 0 0 0 0 0 0 0 0.4 0.4 0.4 0 0.8 0 0 0 0 0 0 0 0 0 0 0 0 0 0 0 0 0 0 0 0 0 0 0 0 0 0 0 0 0 0 0 0 0 0 0 0 0 0 
 64.60000000000001 56.800000000000004 24.8 14.4 24.400000000000002 13 23.200000000000003 79.2 18.2 16 10.600000000000001 5.6000000000000005 29.8 43.800000000000004 56 18.2 27.400000000000002 7.4 48.400000000000006 0 1.6 0.4 0.6000000000000001 0 0 0 1 0.6000000000000001 1 0 0.6000000000000001 1 0 0 0.6000000000000001 1 0 0 0.6000000000000001 0 0 1 0 1.6 0.4 0.4 0 1 0 0 0 0 0 0.6000000000000001 0.4 0.2 0 0.8 0 0 1 0.4 0 0 0 0.6000000000000001 0 0 0.8 0 0 0.6000000000000001 0.6000000000000001 1.4000000000000001 0.6000000000000001 0.8 0 0 0 0 2.8000000000000003 8.4 0 0 4.2 7 8.200000000000001 5.4 0 0 2 0 0 5.800000000000001 4.2 1.4000000000000001 3.6 2.8000000000000003 3.2 0.8 0 0 0 0 0 0 0 0 0 0 0 0 0 0 0 0 0 0 0 0 0 0 0 0 0 0 0 0 0 0 0 0 0 0 0 0 0 0 0 0 0 0 0 0 0 0 0 0 0 0 0 0 0 0 0 0 0 0 0 0 0.2 0 2.6 2.4000000000000004 0 0 0 9.600000000000001 3.8000000000000003 0 0.2 0 0 8.6 4 0 3.6 3.2 0 2.8000000000000003 0 0 0 0 0 0 0 0.2 0 0 0 0 0 0 0 0 0 0 2 0 0 0 0 0 0 0 0 0 0 0 0 0 0 0 0 0 0 0 0 0 0.2 0 0 0 0 0 0 0 0 0 0 0 0 0 0 0 0 0 0 0 0 0 0 0 0 0 0 0 0.2 0 0 0 0 0.4 0 0 0 0 0 0 0 0 0 0 0 0 0 0 0 0 0 0 0 0 0 0 0 0 0 0 0 0 0 0 0 0 0 0 0 0 
 0.4 0.4 0.2 13.8 24.400000000000002 22 0.4 0.4 0.4 0 0 7 1.4000000000000001 1.6 0 0.4 16 5.6000000000000005 0.4 1.6 0 14.600000000000001 28.8 46.2 7.4 5.4 36.4 27.400000000000002 71.2 8.4 6 10.200000000000001 8.8 38.800000000000004 75 53.400000000000006 48 9 40.6 52.6 0 0 0 0 0 12.200000000000001 0 0.6000000000000001 0 0.6000000000000001 0 0 0.6000000000000001 0 0 0.4 0 0 0.6000000000000001 0.4 0 0 0 0 0 0 0 0 0 0 0.6000000000000001 0 0.4 0 0 0 0 0.6000000000000001 0 0 0 0 1.2000000000000002 0 0.2 0 0 0 0 0 0 0 0 0 0 0 0 0 0 0 2.4000000000000004 0.8 5.800000000000001 0 0 0 7.4 6.800000000000001 0 6.2 0.2 0.4 6.800000000000001 5.2 9.200000000000001 0.2 2.2 1.4000000000000001 0 0 0 0 0 0 0 0 0 0 4.6000000000000005 0 3.2 0 0 0 0 0 0 0 0 2 0 3.8000000000000003 0 0 0 0 0 0 0 0 0 0 0 0 0 0 0 0 0 0 0 2 0 0 7 0 0 0 0 0 0 0 0 0 0 0 0 0 0 0 1 4.6000000000000005 4.800000000000001 0.2 3.8000000000000003 0 3 3.6 2.6 3.6 4.800000000000001 1.6 9.200000000000001 10.200000000000001 2 7 2 2.6 7.6000000000000005 7 0 0 0 0 0 0 0 0 0 0 0 0 0 0 0 0 0 0 0 0 0 0 0 0 0 0 0 0 0 0 0 0 0 0 0 0 0 0 0 1 0 1.8 0 0 0 0 14 0 14.600000000000001 0.4 0 0 0 0 0.2 0.4 0.4 15.4 0 0 0.2 0.8 0 0 0 0 0 0 0 0 0 0 0 0 0 0 0 0 0 4.2 0 1.8 0 0 0 0 0 0 0 0 
 0 0 0 0.4 0.4 15.8 7.4 0 0 0 0 0 1.2000000000000002 0.6000000000000001 0 0 0.6000000000000001 0.6000000000000001 0 0.4 14.600000000000001 0 26 16.400000000000002 26.400000000000002 15.200000000000001 13.600000000000001 22.6 59.400000000000006 29 21.6 24.200000000000003 22.200000000000003 15.4 36.4 31.400000000000002 137.8 25 24.200000000000003 10 0 0 0 0 34.6 0.6000000000000001 0 0.6000000000000001 0 0.6000000000000001 0 4.800000000000001 0.6000000000000001 0 0 0.2 0 0 0.6000000000000001 0.4 0 0 0 0 0 0 0 0.6000000000000001 0.6000000000000001 0 0.6000000000000001 0 0 0 0 11.200000000000001 0 0.6000000000000001 0.4 0 0 0 0 0 2.4000000000000004 0 0 0 0 0 0 0 0 0 0 0 0 0 0 0 5.6000000000000005 0 4.4 6.4 0.4 6.2 3.8000000000000003 0 5.800000000000001 1 6.4 2.2 2.4000000000000004 3 4.800000000000001 7.6000000000000005 4.800000000000001 6 1.2000000000000002 0 0 0 0 0 0 0 0 2 0 0 0 0 1.8 0 0 0 0 0 0 0 0 0 0 0 0 0 1 0 0 0 0 0 3.2 0 0 0 0 0 0.8 0 0 0 0 0 0 6.2 0 0.8 0 0 0 0 0 0 0 0.2 0 0 0 0 3 2 13 3.6 1.8 0 2.2 0.4 0.2 3.8000000000000003 3.4000000000000004 5.2 0 4.2 0 0 1.6 0.2 2 0 0.2 0 0 0 0 0 0 0 0 0 0 0 0 0 0 0 0 0 2.2 2.4000000000000004 2 0 0 0 0 0 0.4 0 0 0 0 0 0 0 0 0 0 0 0 0 0 0 0 0 0 0 0.2 0 0 0 0 0 0 0 1.6 0.4 0.8 0.4 0 0.4 0.4 0.4 0 0 0 0 0.4 0 0 0 0 0 0 0 0 0 0 0 0 0.2 0 0 0 0 0 1.2000000000000002 2.4000000000000004 0 0 0.6000000000000001 
 0 0 0 0 0 0 0 0.4 0 0 0 0 0 0 0 0 1 15.200000000000001 0 0.6000000000000001 28.8 26 0 17 70.2 9 16.2 91.60000000000001 40 9.600000000000001 32.6 37.4 34.4 42.6 10.600000000000001 91.4 25.400000000000002 4.800000000000001 6 8.200000000000001 0 0 0 0 0 0.6000000000000001 0 0.8 0 0.8 0 0 0.8 0 0 0 0 17.2 0.8 0.4 0 0 0 0 0 0 0 0 0 0 0.6000000000000001 0 0 0 0 0 0 0.8 0 0 1.6 0 0 0 0 0 0 0 0.4 0 0 0 0 0 2.4000000000000004 0 0 0 0 0 0 4.6000000000000005 0 17.8 1.8 3.2 0 2.6 7.4 10.200000000000001 0.2 8 2.4000000000000004 2.2 2.6 3.4000000000000004 0 2.4000000000000004 0 0 0.2 0 0 0 0 0.2 0 2.4000000000000004 0 0 0 0 1.2000000000000002 2.8000000000000003 0 0 0 0 0 0 0 0 0 0 0 0 2.6 0 0 0 0 0.2 1.2000000000000002 0 0 0 0 0 2.2 0 0 0 0 0 1 0.6000000000000001 2.8000000000000003 0.4 0 0 0 0 0 0 0 0 0 0 0 0 5.6000000000000005 2.6 6.800000000000001 3.6 4.800000000000001 0 0 5 7 6.800000000000001 0.2 8.6 0 1.6 1.8 2.6 3.2 7.2 0 5 0 2.2 0 0 0 0 0 0 0 0 0 0 0.2 1.8 0 0 5.6000000000000005 0.4 1.8 2.6 0 0 0 0 0 0 0 0 0 0 0 0 0 2.6 0 0 0 0 0 0 0 0 0 0 0 0 0 0 0 0 0 0 0 0 1.6 0 0.4 14.8 0.4 0.4 0 0 0 9.600000000000001 0 0 0 0 0 0 0 0 0 0 0 0 0.4 0 0 0 0 1.8 0 0 0 0 0.2 0 0 0 
 16.6 0 0 6.800000000000001 15.4 0 0 0 0 0 0 0.2 0 0 0 0 0 0 0 0 46.2 16.400000000000002 17 0 36.4 35.6 34.800000000000004 32.6 29 42.800000000000004 10.8 41.2 29 15.600000000000001 10.8 15.4 10.8 36.800000000000004 17.6 23.8 0.8 0.6000000000000001 0 0.4 0.6000000000000001 1.4000000000000001 12.600000000000001 6.6000000000000005 0 1 0.8 0 9.4 14.200000000000001 0.6000000000000001 0.4 0.4 0.4 28 0.8 0.4 0.2 0 0.2 0 0.2 0.4 0 0.8 0 1 0.2 0.2 0.2 0 1.2000000000000002 0.4 0.6000000000000001 0 0 0 0 0 0 0 0 0 0 0 0 0 0 0 0 0 0 0 4 0 0 0 5.6000000000000005 0.2 2 4.6000000000000005 4.800000000000001 2.6 5.6000000000000005 14.600000000000001 2 5.6000000000000005 1.8 2.4000000000000004 1.6 7 2.4000000000000004 3.8000000000000003 0.2 0 2.4000000000000004 14.8 2.8000000000000003 0 0 0 0 2 2.4000000000000004 0 0 0 0 3.2 0.2 0.4 6.2 2.4000000000000004 0 7.2 2.2 0 0 0 0 0 0 0 0 0 0 0 0 0 0 0 0 0 0 0 0 0.2 0 0 0 0.2 0 0 0 0 0 0 0.4 0 0 0 0 0.8 0 0 0 1.8 0 5.800000000000001 0.4 1.2000000000000002 4 15 2.6 11.8 0 4.6000000000000005 0 0 3.2 1.8 6.4 1.8 0 0 2.4000000000000004 2.2 5.800000000000001 0.2 5 0 0 2 0 1.6 0 2 0 1.6 2.8000000000000003 2.6 0 0 0 1.6 0.2 0 0 0 0 0 0 0 0 0 0 0 0 0 0 0 0 0 0 0 0 0 0 0 0 0 0 0 0 0 0 0 0 0 4 3.2 0 0 9.8 16 0 0 2.4000000000000004 0 0 0 0 0 0 0 0 0 0 0 0 0 0 0 0 0 0 0 0.2 0 0 0 0 0.2 0 0 0 
 15.8 0 0.2 0.4 0 1 0.4 0 0 0 0 0 0 0.4 19.8 0 1.4000000000000001 0 0 0 7.4 26.400000000000002 70.2 36.4 0 30.200000000000003 25.400000000000002 17.400000000000002 13.4 35.2 15 17.400000000000002 27.8 11.200000000000001 32.4 34 24.8 45.2 10.200000000000001 76 2.2 0 0 0 39 0.6000000000000001 0 0.8 0 0.6000000000000001 0 0 1 0 17 0 0 0 25.6 17.400000000000002 0 0 0 0 0 0 0 0 0 0 0.6000000000000001 0 0 0.8 0 0 0 0.6000000000000001 0 0 0 0 0 0 0 0 0 0 0 0 0 0 0 0 0 0 0 2.8000000000000003 0 0 3.8000000000000003 0 2.8000000000000003 1.8 2.8000000000000003 1.2000000000000002 0 0 4.6000000000000005 0 5.800000000000001 4 0 0 1.8 0 0 0.2 0 0 5.4 3 0 0 0 0 1.6 2.8000000000000003 8.4 0 0 0 0 0 5.4 0 0 0.2 12.4 6 0 0 0 0 0 0 0.8 0 0 0 0 0.4 0.2 0 0 0 0 0 0 0 0 0 0 0 0 0 0.2 0 0 0 0 1.8 0 0.4 0 0 0 0 0 0 0 1.6 8.6 1 3.2 3.8000000000000003 3.8000000000000003 3.8000000000000003 2.4000000000000004 2.6 4.4 4.6000000000000005 0 0 0 3.4000000000000004 0 2.6 0 0 4.800000000000001 3.6 2 3.8000000000000003 0 0 0 4.6000000000000005 0 1.6 4.6000000000000005 0 2.2 1.2000000000000002 8.200000000000001 0 0 0 0.8 6.4 0 0 0 0 0 0 2.8000000000000003 0 1.4000000000000001 0 0 0 0 0 0 0 0 0 0 0 0 0 2.2 0 0 0 0 0 0 0 0 0 0 0 1.2000000000000002 0 0.4 0.6000000000000001 8.200000000000001 0 0 0 0 0 0 0 0 0 0 0 0 0 0 0 0 0 0 0 0 0 0 0 0 0.4 0.2 1.2000000000000002 0 0 0 0.4 
 0 0 0.4 0 0 0 0 0 0 0 0.4 0 0 0 0.2 0 0.4 0 0 0 5.4 15.200000000000001 9 35.6 30.200000000000003 0 11.8 8.6 24 11.8 52.6 35.6 11.4 9 19.8 78.2 43 37 10.600000000000001 8.4 0 0 0 0 0 0.6000000000000001 4 13 0 0.6000000000000001 0 0 13.600000000000001 0 0 0 0 0 7.2 12.8 0 0.2 0 13.200000000000001 7.4 0 0 0 0 0 0.6000000000000001 0 0 0 1.2000000000000002 0 0 0.6000000000000001 2.4000000000000004 0 0 0 0 0 0 0 0 0 0 0 0 0.8 0 0 0 0 0 0 0 0 0 0 0 3.8000000000000003 8.4 4.4 0 0 4.4 0 4.6000000000000005 0 0 2.4000000000000004 1.8 3.6 2 4.2 0 0 11.4 1.6 0 0 0 0 4 2.2 0 1.6 0 0 4 2.4000000000000004 0 4.800000000000001 2.8000000000000003 0.4 7.2 7.4 0 0 0 0 0 0 0.8 0 0 0 0 0 1.6 0 0 0 0 0 3.4000000000000004 0 0 0 0 1.8 0 0 0 0 0 0 0 0 0 0 0 0 0.6000000000000001 0 0 0 0.4 2 0 7 5.800000000000001 8.4 0 0 0 3.8000000000000003 3 4 0 0.8 0.2 0 5.800000000000001 3 0 0 0.2 0.2 6.2 0 0 0 1.8 0.2 0.4 0.4 7 0 3.4000000000000004 2.4000000000000004 0.2 2.2 0.2 0 11.8 15.4 0 0 0 0 0 0 0 0 0 0 0 0 0.4 0 0 0 2.4000000000000004 0 0 0 0 0 3.4000000000000004 0 0 0 0 0 0 0 0 0 0 0 0.4 0 0.4 18.400000000000002 0 0 0.4 0 0 0 0 1.4000000000000001 0 0 0 0 0 0 0 0 0 0 0 0 0 0 0 1.8 0 0 0 0 2.2 0 0 0 
 0 29.400000000000002 18.400000000000002 14.8 31.6 12.200000000000001 0 0 14.4 29.6 29.400000000000002 19.6 0 0.4 0 14.4 5.4 29.8 0 1 36.4 13.600000000000001 16.2 34.800000000000004 25.400000000000002 11.8 0 51.6 34.800000000000004 22.8 6.6000000000000005 5.800000000000001 10 17 46.800000000000004 53.2 19.200000000000003 25.8 40.6 25.400000000000002 0 0.6000000000000001 0 0 0.2 2.8000000000000003 1 1.6 1.2000000000000002 0.6000000000000001 0 0.2 1.2000000000000002 0 0 1.4000000000000001 0.4 6.2 13.200000000000001 1 0 0.2 0 0 0 0 0 0 9.600000000000001 0 0.6000000000000001 0 0.4 0 0 1.4000000000000001 0 0.6000000000000001 1.2000000000000002 0 0 2 1.6 6.800000000000001 6 0 0.4 0 0 0 2 3 0 0 0 0 4 1.8 0 0 2 0 0.2 0 1 0 2.8000000000000003 3.4000000000000004 0 0 6.6000000000000005 0.2 3 3.8000000000000003 0.6000000000000001 0 22 1.8 0 2.6 0 0 2 0 0 0 0 0 0 0 0 0 0 0 0 0 0 0 3.2 0 0 0 0 0 0 0 1 0 0 0 0 0 0 0 0 0 0 0.2 0 0 0.2 1.8 0 0 0.2 3 0 0 0 1.8 5.6000000000000005 0 0 0 0 0 0 0 0 0 1 2.8000000000000003 0 0.2 6.6000000000000005 0 0 0 5.4 4.2 0.6000000000000001 0 2.4000000000000004 0 0 0 6.2 4.4 1.2000000000000002 2.4000000000000004 0 0 0 0 0 0 0 0 0 0 0 0 0 0 0 0 0 0 0 0 0 0 0 0 0 0 0 0 0 0 0.2 0 0 0 0 0.4 0 0.4 0 0 0 0 0 0 0 0 27.200000000000003 0 14.600000000000001 14.8 0 0 0 0 1.4000000000000001 0 0.4 0 0 0.8 0 6.6000000000000005 0 0 0 0 0 0 0 0 0 0 0 0 0 5.4 2 0 0 0 0 0 0 0 0 0 0 0 0 0 
 0.4 0 0.4 14.8 0 3.2 1.2000000000000002 0 0 0 0 15.600000000000001 0 0 0 0 0 0 0 0.6000000000000001 27.400000000000002 22.6 91.60000000000001 32.6 17.400000000000002 8.6 51.6 0 58.6 29 51.6 48 23 49.400000000000006 37.4 58.400000000000006 7.2 47 111 34.800000000000004 0 0 0 0 0 0.6000000000000001 0 1.2000000000000002 0 1.2000000000000002 0 0 1.2000000000000002 0 0 0.2 0 0 0.6000000000000001 0.4 0 0 0 0 0 0.2 0 0 0.4 0 0.6000000000000001 0 1.4000000000000001 0.4 0 0 0 0.6000000000000001 0 0 0 0 0 0 0 0 0 0 0 0 0 7.2 0 0 0 0 1.2000000000000002 0 0 0 2 4.2 5 0 3.4000000000000004 2.8000000000000003 1.8 4.4 0.6000000000000001 3 0 6.6000000000000005 0 0 0 0 3.4000000000000004 3.4000000000000004 2.6 3.4000000000000004 0 0 0 0 0 0 0 0.4 0 0 0 0 0 0 0 0 0 0 8 0 0 0 0 0 0 0 0 0 0 0 0 0 0 0 0 0 0 1.4000000000000001 0 0 0 0 0 0 9 3.8000000000000003 0 0 0 2.6 0 1.4000000000000001 0 0 0 0 0 0 0 0 2.8000000000000003 0 0.2 0 1.4000000000000001 0 5.4 12.4 3.6 4 0 1.4000000000000001 2.6 0 11.8 2.6 0 0 0.2 0.6000000000000001 2.4000000000000004 0 0 0 0 0 0 0 0 0 4.4 0 0 0 0 0 0 0 0 0 0 0 0 0 0 0 0.2 1.8 0 0 0 0 0 0 0 1 0 0 0 0 0 0 0 0 0 0 0 0 4.6000000000000005 0 0 0 1.8 0 1.4000000000000001 0 0 0 1 0.4 0.4 2 0 0 0 0 0 0 0 0 0 0 0 0 0 0 1.2000000000000002 0 0 0 0 0 0 0 0 0 0 0 0 0 
 0 0.6000000000000001 0.6000000000000001 0 0 23.6 0.6000000000000001 0.6000000000000001 0 0 0 16 16 0.6000000000000001 0.4 0 0.2 0 0 1 71.2 59.400000000000006 40 29 13.4 24 34.800000000000004 58.6 0 38.6 29 57.400000000000006 29 29.6 17 20.6 13 65.2 21 13 0.8 0.4 0.2 0.6000000000000001 0 0.6000000000000001 0.4 1 0 0.6000000000000001 0 0 0.6000000000000001 0 1.6 5.4 0 1.2000000000000002 0.6000000000000001 0.4 0 0 0 0 0 0 0 0 1.2000000000000002 0 0.6000000000000001 0 0 0.4 0 0.8 0 0.6000000000000001 0 0 0 0 0 0 0 0 0 0 0 0 0 0 0 0 0 0 0 0 0 0 2.2 6.4 8.200000000000001 8.8 2 2.8000000000000003 0 5.4 4 5.6000000000000005 0 5 1.2000000000000002 0 0 3.6 2.6 0 1.4000000000000001 0 1.4000000000000001 0 0 0 0 0 0 1.6 0.2 0 0 0 4.4 2.8000000000000003 0 11.600000000000001 0 1.2000000000000002 0 0 0 0 0 0 0 0 0 0 0 0 0 0 0.4 0 0 0 0 0 2 0 0 0 0 0 2.4000000000000004 0 0 0 0 0 0 0 0 1.2000000000000002 0 0 0 0 0 0 11 0 2.8000000000000003 4.6000000000000005 9.8 0 0 0 0 3.8000000000000003 2.8000000000000003 11.4 1.4000000000000001 4 0.2 1.4000000000000001 1.6 4 0 2 0 2 0 0 0 0 2.4000000000000004 8.200000000000001 0.4 0.2 1.6 0 2.6 1.4000000000000001 0 0 3.2 0 2.4000000000000004 2.6 0 0 0 0 0 0 0 0 0 0 0 0 0 0 0 0 0 0 0 0.6000000000000001 0 0 1.4000000000000001 0 0 0.2 0 0 0 0 0 0 0 0 1.8 0 0 25.200000000000003 0.6000000000000001 0.4 6.4 0 0 0 0 0 0 0 0 0 0 0 0 0 0 0 0 0 0 2.4000000000000004 0 2 0 0 0 3.8000000000000003 0 0 0 0 
 1 0 0 0 0 4.2 0 0.4 0 0 0 0 0 0 0 0 0 0.2 0 0 8.4 29 9.600000000000001 42.800000000000004 35.2 11.8 22.8 29 38.6 0 97.60000000000001 24.400000000000002 10.8 15.600000000000001 40.2 39.6 9 49.6 18.6 57.400000000000006 0 0 0 0 0 0.6000000000000001 0 3 0 2 0 0 0.6000000000000001 0 0.4 0.2 1.6 0 13 0.6000000000000001 0 0 0 0 0 0 0 0 0 0 1 0 0 0 0 0 0 0.6000000000000001 0 0 0 0 0 0 0 0.4 0 0 0 0 0 0.4 0 0 0 0 0 0 0 0 0.2 0 2.6 3.8000000000000003 3.6 2.2 2.8000000000000003 5 3.8000000000000003 5 3.8000000000000003 2.6 0 3.6 5.2 1.4000000000000001 6.6000000000000005 0.2 1.8 0 0.4 0 0 0 0 0 0 3.2 0.2 0 0 0 0 1.6 4.6000000000000005 0 0 0 4.6000000000000005 0 0 0 0 0 0 0 0 0 0 0 0 0 2 0 0 0 0 10.4 1 0 0 0 0 0 0 3.8000000000000003 0.2 0 0 0 0 0 0 0 9.200000000000001 0 0 0 0 0 8.200000000000001 0 3 2.2 0 0 0 12.200000000000001 0 0 7 3.6 1.2000000000000002 7.6000000000000005 0 2.2 2.2 3 0.2 0 2.2 7.2 0 0 0 0 0 1 0 0 0.2 0 0.2 3.2 0 0 2 2.6 0 0 0 0 0 0 0 0 0 0 0 0 0 0 0 0 0 0 0 0 0 0 0 0 3.2 0 0 0 0 0 0 0 0 0 0 0 1 0.4 0 3.2 0.4 0.4 0.4 0.4 0 0 0 0 4 0 0 0 0 0 0 0 0 0 0 0 0 2.8000000000000003 0 0 0 0 0 2.4000000000000004 0 0 0 0 
 1.2000000000000002 0 0 0 10.8 17.2 0 0 0 0.2 0 0 0 0 0 0.4 1 0 0 0.6000000000000001 6 21.6 32.6 10.8 15 52.6 6.6000000000000005 51.6 29 97.60000000000001 0 31 26.8 49.2 12.600000000000001 34.800000000000004 122.2 39 10 21.8 0.4 0 0 0 0 0.6000000000000001 0.2 0.6000000000000001 0 0.6000000000000001 0 0 0.6000000000000001 0 12.600000000000001 0 0 0 28.6 18.400000000000002 0 0.4 0 0 0 0 0 0 0 0 0.6000000000000001 0 0 0 0 0 0 0.6000000000000001 0 0 0 0 0 0 0 0 0 0 0 0 0 0 0 4 0 0 0 0 0 0 4.2 10.4 2.8000000000000003 5.800000000000001 2.6 0.4 0 0 0 2.4000000000000004 5.2 6.4 0 0 1.8 0.8 6.2 2.4000000000000004 1.8 0 5.800000000000001 1 0 0 0 0 0 4.6000000000000005 2.2 0 0 2.8000000000000003 2.2 1.4000000000000001 5.6000000000000005 0 2.2 0.2 3.6 7.6000000000000005 0 0 0 0.2 0 0 0 0 0 0 0.2 0 0.8 0.4 0 0 0 0 0.8 0 0 0 0 0 0 0 0 0 0 0 0 1.8 0 0.4 0 0 0 0 0 0 6.800000000000001 0.2 4.4 9 0.2 0 5.2 0 0.2 2.8000000000000003 2.2 12.200000000000001 0 0 0 4.800000000000001 6 1.8 0 0 2.8000000000000003 3 0.2 0 0 0 0.2 4.4 0.2 3.2 0.2 0 1.8 1.4000000000000001 6.6000000000000005 0 2 0 0.2 2.2 0 0 0 0.2 0 0 0 0 0 0 0 0 2.2 0 0 0 0 0 0 0 0 0 4.6000000000000005 0 0 0.4 0 0 0 0 0 0 2 0 0.8 0 0.8 8.6 8 0.4 1.4000000000000001 0 0 0 0 0 0 0 0 0 0 0 0 0 0 0 0 0 0 0 0 2.4000000000000004 0 0 0.4 3.8000000000000003 0 0 0 0 
