 0 25.200000000000003 19.6 7.800000000000001 22 9.600000000000001 46.400000000000006 39.400000000000006 10.200000000000001 6.800000000000001 9.200000000000001 12 13.600000000000001 8.6 22.6 9.4 45.400000000000006 53.6 50.400000000000006 13.600000000000001 0 0 0.4 0.6000000000000001 0 0 0 0 0 0 0.4 0 0.2 0.6000000000000001 0.6000000000000001 0 0.6000000000000001 0 0 0.6000000000000001 0 0.6000000000000001 0 0 0.4 0 0 0 0 0.6000000000000001 0 12.600000000000001 0 0 0.6000000000000001 0.4 0 0 0 0.4 0.6000000000000001 0 0 0 0 0 0 13.8 0 0 0 0 0 0 0 0 0 0 0.4 0 13.200000000000001 1.6 0.2 0 0 0.8 5.2 2 1.8 0.2 0.2 4.4 3.6 9.4 3 0 7.6000000000000005 1.2000000000000002 7.2 2 0 0 0 0 0 0 0.4 0 0.4 0 0 0 0 0 0 0 0 0 0 3.8000000000000003 0 0 0 0 0 0 0 0 0 0 0 0 0 0 0 0 0 0.4 0 0 0 0 0.6000000000000001 0.2 0 0.6000000000000001 0.2 0 0 0 0 0 0 0 0 0 0.6000000000000001 0.4 0 0 0.2 1.8 0.2 0 0 0 2.4000000000000004 5.2 0 0 1.6 2.6 0 1.8 2.4000000000000004 4.4 0 4.6000000000000005 0 0 0 0 0 0 0 0 0 0 0 0 0 0 0 0 0 0 0 0 1.8 0 0 0 0 0 0 0 0 0 0 0 0 0 0 0 0 0 0 0 0 0 0 0 0 1 0 0 0 0 0 0 0.2 3.6 0 0 0 0 0 0 0.4 0 0 0 0 0 0 0 2 0 0 0.2 0 1.6 0 0 0 0 0 0 0 0 0 0 1.4000000000000001 0 0 0 0 0 0 0 0 0 0 0 0 0 0 0 0 0 0 0 0 0 0 0 0 0 0 0 
 25.200000000000003 0 76.80000000000001 62.400000000000006 59.800000000000004 66.2 33.2 27.400000000000002 22 10.200000000000001 85.2 33.4 13.600000000000001 12.8 73.4 15 24.8 44 27.6 57.400000000000006 0 0 0.4 0.6000000000000001 0 0 0 0 0 0 0.4 0 15.200000000000001 0.8 0.4 0 1 41.6 0 0 0 0.6000000000000001 0 0 0.4 12 0 0 0 0.6000000000000001 0 0 13 4.6000000000000005 0.6000000000000001 0.8 0 0 0 0.4 0.6000000000000001 0 0 0 0 0 0 6.800000000000001 0 6 0 0 0 0 0 0 0 0 0.4 0 5.800000000000001 3.8000000000000003 1.6 2.8000000000000003 0 0 13 4.6000000000000005 2.6 0 3.4000000000000004 1.4000000000000001 4.800000000000001 0 3.2 8.200000000000001 0 3 3 0 0 0 0 0 0.2 0 0 0 0 0 0 0 0 0 0 0 0 0 2.8000000000000003 0.4 0 0 0 0 0 0 0 0 0 0 0.2 0 0 0 0 0 0 0 0 0 0 0 0 0 0 0 0 0 0 0 0 0 0 0 0 0 0 0 0 0 2.8000000000000003 0.4 2 0 0 2.4000000000000004 0 5.800000000000001 1.6 6.800000000000001 7 2.8000000000000003 2.2 2.8000000000000003 2.6 2.8000000000000003 0 0 2.2 0 0.2 0 0 0 0 0 0 0 0 0 0 0 0 0 0 0 0 0 1.8 0.2 0 0 0 0.4 0 0.4 0 0 0 0 0 0 0 0 0 0 0 0.2 0 0 0 0 0 0 0 0 0 0 0 0 0 0 0 0 0 0 0 0 0 0 0 0 0 0 0 0.4 8.8 0.2 0.4 0.6000000000000001 3 2.2 0 0 0 0 0 0 0 0 0 0 7.800000000000001 0 0 0 0 0 0 0 0 0 0 0 0 2 3 0 0 0 0 0 0 0 0 0 0 0 0 0 
 19.6 76.80000000000001 0 53.800000000000004 74.8 3 58.6 17 42.400000000000006 34.800000000000004 9.4 44 32.2 67.2 52.6 29.200000000000003 29.200000000000003 32.6 9.200000000000001 97.80000000000001 0 0 0.4 0.6000000000000001 0 0.2 0.2 0 0 0 21.200000000000003 0 0.2 0.6000000000000001 0.4 0 0.6000000000000001 0.2 0.2 6.800000000000001 0 0.6000000000000001 0 0 0.2 0 0 0 0 0.4 0 0 2.2 0.4 0.6000000000000001 0.6000000000000001 0 0 0.4 0.4 0.4 0 0 0 0 0.2 0 0.6000000000000001 0 0 0 0 0 0 0 0 0 0 0.4 0 11.4 1.6 1.4000000000000001 0 2.2 3.6 6.2 1.6 4.2 0 8.8 1.6 9.200000000000001 0 1 3.6 7.4 6.4 2.8000000000000003 0.2 0 0 2.2 0 0 0 0 0 0 0 0 0 1.2000000000000002 0 0 0 0 0 3.4000000000000004 4.800000000000001 0 0 0 0 0 0 0 0 0 0 0.4 0 0 0 0 0 0 0 0 0 0.4 3 0 0 0 0.4 0 0 0 0 0 0 0 0 0 0 0 0.4 0 0 5.800000000000001 1.6 4 0.2 0 0 9.4 3.8000000000000003 3.4000000000000004 0.2 4 0 0 5.2 0.8 0 6.4 0 2 0 0 0 0 0 0 0 0.2 0 3.6 0 0 0 0 0 0 0 0 0 1.2000000000000002 2.8000000000000003 0 0 0 0.2 0 0.2 0.4 0 0 0 0 0 0 0 0 0 0 0.2 0 0 0 0 0 0 0 0 0 0 0 0 0 0 0 0 0 0 0 0 0 0 0 0 0 0 0 0 0.2 0.4 0.2 19 0.8 2.2 0 0 0 0 0 0 0 0 0 0 2.6 0 0 0 0 0 0 0 0 0 0 0 0 0 2.2 0 0 0 0 0 0 0 0 0 0 0 0 0 
 7.800000000000001 62.400000000000006 53.800000000000004 0 62.6 5.4 33.800000000000004 30.8 51.800000000000004 91.60000000000001 30.8 23.8 13.4 16 85.60000000000001 55 14.600000000000001 7 11.600000000000001 52.400000000000006 0 0 0.4 1 0 1.2000000000000002 14.8 18 0 0 0.4 0 15.4 0.6000000000000001 15.4 0 0.6000000000000001 0 0.6000000000000001 29.6 0.6000000000000001 0.6000000000000001 0.6000000000000001 0 0.2 0 0.4 0.6000000000000001 0 0.4 0 0.6000000000000001 12.200000000000001 0 0.6000000000000001 0.6000000000000001 0 0 0 0.4 0.8 10 0.6000000000000001 0.6000000000000001 0 0 0 0.6000000000000001 0 0 0 0 0 0 0.6000000000000001 0 0 0 0.4 0 0 0 2 7.800000000000001 5 0 0 0 3.8000000000000003 3.6 6.800000000000001 9.8 0 0 0 5.800000000000001 4.2 3.6 0 0 0.2 4.6000000000000005 0 0 0 0 0.2 1.8 0 2.2 0 0 3.8000000000000003 0.8 0 2 2.6 0 8.200000000000001 1.8 0 0 0 0 0 0 0 2.8000000000000003 0 0 0 0 0 0 0 0 0 0 2.4000000000000004 0 0 0 0 1.2000000000000002 1.4000000000000001 0 0 0 0 0 0.8 0 0 0 0 0 0 0 0 0 0 0 3.4000000000000004 0 2.2 4.4 0 0 6.2 8.6 0 4.2 0.2 0 0.6000000000000001 0 0.6000000000000001 2.4000000000000004 0 0 3.6 0 0 0.4 0 0 4.800000000000001 0 6 0 0 0 1.6 0.6000000000000001 2.8000000000000003 0 0 0 2.4000000000000004 0.2 0 0 0 0 0 0 0 0 0 0 0 0 0 0 0 0 0 0 0 0 0 0 0 0 0 0 0 0 0 0 0 0 0 0 0 0 0 0 0 0 0 0 0 0 0 0.4 9 0 0.4 17.6 2.4000000000000004 1.2000000000000002 0 0 0 0 0 0 0 0 0 0 0 0 0 0 0 0 0 0 0.4 0 0 0 0 0 0 0 0 0 0 0 0 0 0 0 0 0 0 0 
 22 59.800000000000004 74.8 62.6 0 56 45.6 11 16.8 60.800000000000004 19.6 51.6 14.200000000000001 11.8 37.2 11.200000000000001 9.600000000000001 20.400000000000002 13.600000000000001 19.400000000000002 4.6000000000000005 15 15.4 0.6000000000000001 5.6000000000000005 0 20.8 15.600000000000001 3.4000000000000004 0.4 0.4 0 16.2 30.200000000000003 17.400000000000002 0.2 7.6000000000000005 0 15.4 14.600000000000001 0 0.6000000000000001 0 0 0.4 0 0 0 0 0.6000000000000001 0 0 0 0 0.6000000000000001 0.8 0 0 0 0.4 0.6000000000000001 0 0 0 0.6000000000000001 0 0 0.6000000000000001 0 0 0 0 0 6.2 0 0 0 6.2 0.4 0.6000000000000001 0 0 0 2 0 3 0 0 2.6 0 3.4000000000000004 3.8000000000000003 0 0 0 2.8000000000000003 0.2 0 0 0 0 1.4000000000000001 0 0 0 0 2 2.6 3.2 7 3 0 7.4 3.6 4.800000000000001 1.8 6 0.2 0 0 0 0.4 0 0 0 0 0 0 0 0 0 0 0 0 0 0 0 0 0 0 0 0 0 0 1 6.2 0 0.2 0 0 0.2 0 0 0 0 0 0 0 0 0 0 0 0 1.6 8 0.2 0 2.4000000000000004 0.2 0 1.2000000000000002 4.4 0 0 0 0 2.6 0 0 0 4.6000000000000005 8.200000000000001 0.2 0 0 0 5 2.2 9.8 0.2 0.2 0 5.2 3 9.8 1.6 2 3.6 0 0 0 0 0 0 0 0 0 0 5.2 0.2 0 0 0 0 0 0 0 0 0 0 0 0 0.4 0 0 0 0.2 0 0 0 0 0 0 0 0 0 0 0 0 0.4 0 0 0 0 0 0.8 0.2 0.2 9.600000000000001 1.6 0 13.200000000000001 0 3.2 0.2 0 0 0 0 0 0 5.4 0 0 0 0 0 0 0 0 0 0 0 0 0 0 4.800000000000001 0 0 0 0 0 0 0 0 0 0 0 0 0 
 9.600000000000001 66.2 3 5.4 56 0 6.800000000000001 30.8 71.8 45 55.2 32.2 32.2 9.600000000000001 28.200000000000003 59 31.6 29.200000000000003 36.6 94.60000000000001 4.2 0 1 0.6000000000000001 16.8 0 14.8 0 0.4 0 1.2000000000000002 0 0.4 1.2000000000000002 32 0 1.4000000000000001 0 0.8 17.2 0 0.6000000000000001 0.6000000000000001 0 0.2 0.4 0 0 0 0.4 0 0.6000000000000001 0 0 0.6000000000000001 0.4 0 0.4 0 0.8 0.4 0 0 0 0.4 0 0 1 1.6 0 0 0 0 0.6000000000000001 0 0 8.200000000000001 0 0.4 0 0 3.4000000000000004 2.8000000000000003 4.2 2.6 5.800000000000001 0 3.6 2 10.600000000000001 0 10 0 0 4.2 6 2 6.4 0 0 0 7.6000000000000005 0 0 0 0 0 12.8 0 0 0 0 3.8000000000000003 2.4000000000000004 2.8000000000000003 3.8000000000000003 2.6 0 5.2 0.2 0 0 0 0.2 0 0 0 0 0 0 0 0 0 0 0 0 0 0 0 0 0 0 0.2 0 0 0 0 0 0 0 0 0 0 0 0 0 0.2 0 0 0 0 2 0 2.2 2.4000000000000004 1.2000000000000002 0 0 5 5.6000000000000005 3.6 3.8000000000000003 4.800000000000001 0 4.2 2.4000000000000004 5 2.4000000000000004 0 0 5.800000000000001 2.2 0 0.4 0 0 2.4000000000000004 4.4 1.6 0 0 0 1.6 5.6000000000000005 1.6 0 0 0 2 6.4 0 0 0 0 0 0 0 0 0 0 0 0 0 0 0.4 0 0 0 0 0 0 0.4 0 0 0 0 0 0 0.4 0 0 0 0 0 0.2 0 0 0 0 0 0 0.6000000000000001 0 0 0 0.8 0 0.4 9.600000000000001 0.2 0 2.6 0 0 0 0 0 0 0 0 0 0 0 0 0 0 0 0 0 0 0 0 0 0 0 6 0 0 0 0 0 0 0 0 0 0 0 0 0 0 
 46.400000000000006 33.2 58.6 33.800000000000004 45.6 6.800000000000001 0 34.4 9.600000000000001 7.4 51.6 25.8 12.4 46.6 9.4 64 8.6 47.6 29 71 0.4 0.4 0.8 0.8 0.6000000000000001 0.4 0.2 0.2 0.2 14.8 0.8 0.4 0.4 1 0.8 0.2 0.8 0.4 0.4 0.4 0 1 0 0 0.8 0 0 0.4 0 0.6000000000000001 0.2 0.2 0.4 0.4 1.4000000000000001 1 0.4 0.4 0 0.8 0.4 0 0 0 0 0 0 11 0 0 0 0 0 0 0 0 0.4 9.4 0.4 0 8.6 0 2 0 0 0 4.2 2.8000000000000003 3.2 0.2 3.8000000000000003 0 0 5.4 4.800000000000001 4.800000000000001 0 1.4000000000000001 0 10.4 0 0 0 0.2 0.2 0 0 0 0 0 0 0 0 0 0 0 0 0 0 6.6000000000000005 0 0 0 0 0 0 0 0 0 0 0 0 0 0 0 0 0 0 0 0 0 0 0.8 0 0 0 0 0 0 0 0 0 0 0 0 0 1 2 0 0 2.6 2 0 0 0 0 6.800000000000001 0.4 0 0 0.2 2 0 1 1 11.200000000000001 0 4.2 0 0 0.2 0 0 0.4 0 0 0 0 0 0 0 0 0 0 0 0 0 0 0 0 0 0 0 0 0 0 0 0 0 0 0 0 0 0 0 0 0.2 0 0 0 0 0.4 0 0 0 0 0 0 2.8000000000000003 0 0 0 0 0 0 0 0 0 0 0 0 0 0 0 0 0.4 0.2 0 0.4 19.8 0.4 0.8 0 0 0 0 0 0.4 0 0 0 0 0 0 0 0 0 0.2 0 0 0 0 0 0 0 0 1.8 4.2 0 0 0 0 0 0 0 0 0 0 0 0 
 39.400000000000006 27.400000000000002 17 30.8 11 30.8 34.4 0 19.400000000000002 15 25.8 65.8 67.2 49 10.600000000000001 22.8 22.8 14.8 48.400000000000006 27.400000000000002 0 0.4 0.8 0.8 0 0 0 0.4 0 14.4 1 0.2 0.4 0.6000000000000001 0.6000000000000001 0.4 0.6000000000000001 0.4 0.4 0 0 1 0 0 0.4 0 0 0 0 0.6000000000000001 0 0 0 0 0.6000000000000001 0.4 0 0 0 0.4 0.6000000000000001 0 0 0 0 0 0.4 10.200000000000001 0 0 0 0 0.2 0 0 0 0 0 0.4 0 7 5.4 7 9 0 0 13.4 5.4 0 0.2 2.4000000000000004 0 4.4 4.800000000000001 3.6 2.6 0 0.4 0 2 0 0 0 2.2 0 0 0 0 0 0 0 0 0 0 0 0 1 0 0 0.2 0 0 0 0 0 0 0 0 0 0 0 0 0 0 0 0 0 0 0 0 0 0 0 0 0 1 0 0 0 0 0 0 0 0 0 0 0.6000000000000001 2.4000000000000004 0 2 0 0 3.4000000000000004 3.8000000000000003 0 2.2 2.8000000000000003 4.6000000000000005 0.2 4.6000000000000005 5 5.4 2.4000000000000004 2 4.2 5.6000000000000005 0.2 0 0 0 0 0 0 0 0 0 0 0 0 0 0 0 0 4.4 0 0 0 0 0 0.2 0 0 0 0 0 0 0 0 0 0 0 0 0 0 0 0 0 0 0 0 0 0 0 0 0 0 0 0 0 0 0 1.6 0 0 0 0 0 0 0 0 0 0 0 0 0 0 1.6 0 0 0.2 0 0.4 2.4000000000000004 0 0 0 0 0 0 0 0 0 2.2 0 0 0 0 0 10.8 0 0 0 0 0 0 2 0 2.2 0 0 0 0 0 0 0 0 0 0 0 0 
 10.200000000000001 22 42.400000000000006 51.800000000000004 16.8 71.8 9.600000000000001 19.400000000000002 0 50.800000000000004 51.2 25 20 41 37 18.6 26.200000000000003 54 20.400000000000002 16 0 0.4 1.2000000000000002 0.6000000000000001 0.4 0 12.600000000000001 0.4 0.4 0 1 0 15.200000000000001 1 17.400000000000002 0 1.2000000000000002 0 14.8 0.6000000000000001 0.4 0.6000000000000001 0 0 1 0 0 0 0.6000000000000001 1.2000000000000002 0 0 19.8 0 0.6000000000000001 1.2000000000000002 0 0 0 1.6 1.8 0.6000000000000001 0 0 1.4000000000000001 0 0 0.6000000000000001 1.2000000000000002 1.4000000000000001 0.6000000000000001 0 0.4 0 0 0 0 0.4 0.4 0 0.4 3.8000000000000003 2.2 2.6 2.2 5.2 0 4.4 2 14 1 9.4 0 0 5.2 9.600000000000001 2 10.8 0 0 0 6.6000000000000005 0 0 2.8000000000000003 0 0 0.4 0.6000000000000001 0 0 0 0 7.800000000000001 0 0 0.2 0 7.6000000000000005 3.6 0 0 0 0 0 0 0 0 0 0 0 0 0 0 0 0 0 0 0 0 0 0 0.2 0 0 0 0 0 0 0 0 0 0 0 0 0 0.2 0 0 0 0 2 2 3.6 0.2 7.800000000000001 0.2 0 12 8.8 3.8000000000000003 3 10 0 4.6000000000000005 3.2 2.4000000000000004 1 0 0 9.4 2.4000000000000004 0 0 0 0 0 0 0 0 0 0 0 2.6 3.4000000000000004 0 0 0 4.800000000000001 5 0 0 0 0 0 0 0 0 0 0.2 0 0 0 0 0 0 0 0 0 0 0 0 0 0 0 0 0 0 0 0 0 0 0 0 0.2 0 0 0 0.2 0 0 10 0 0 0 0 0 0 0 0.2 3.8000000000000003 1.4000000000000001 0 0 0 0.4 0 0 0 0 0 0 0 0 0 0.4 0 0 0 0 0 0 0 0 0 5.800000000000001 2.4000000000000004 0 0 0 0 0 0 0 0 0 0 0 0 0 
 6.800000000000001 10.200000000000001 34.800000000000004 91.60000000000001 60.800000000000004 45 7.4 15 50.800000000000004 0 47.2 11.600000000000001 28.8 15.4 38.6 74.60000000000001 31 25.200000000000003 15.200000000000001 62.400000000000006 0.2 0 0.4 0.6000000000000001 0 0.6000000000000001 15.4 0 1.2000000000000002 0 1.2000000000000002 0 0.8 1.2000000000000002 31.200000000000003 0 0.6000000000000001 0 0.4 0.6000000000000001 0 0.6000000000000001 0 0 0.4 0 0 0 1.2000000000000002 0.6000000000000001 0 0 11.4 0 0.6000000000000001 1.2000000000000002 0 0 0.8 0.4 0.4 0 0 0 0 0 0.2 0.6000000000000001 0 0 0 0 0 0 0 0 0 0 0.4 0 0 3.4000000000000004 4.2 7.800000000000001 0.2 17 0.4 0 8.200000000000001 20.6 2.2 13.8 0.2 0 0 8.200000000000001 2.6 10 0 0 0 6.4 0 0 0 0 0 3 0 0 0 0 2.4000000000000004 0.2 0 0 2.6 0 8.200000000000001 3 0 0 0 0 0 0 0 0 0 0 0 0 0 0 0 0 0 0 0 0 0 0 0 0.2 0 0 0 0 0 0 0.4 0.4 0 0 0 0 0 0 0 0.4 0 4.800000000000001 2 3.8000000000000003 4.4 0.8 0 0 10 10.4 0.8 5.2 0 2.2 6.800000000000001 4.4 6.4 2.4000000000000004 0 0.2 2.4000000000000004 3.6 0 0 0 0 2.4000000000000004 0.2 0 0 0 0 2 5 0.2 0 0 0 4.4 6.2 0 0 0 0 0 0 0 0 0 0 0 0 0 0 0 0 0 0 0 0 0 0 0 0 0 0 0 0 0 0 0 0 0 0 0 0 0 0 0 0 0 0.8 0 0 0 0.6000000000000001 0.2 0 0.6000000000000001 0.2 5.4 1.2000000000000002 1.6 0 0 0 0 0 0 0 0 0 0 0 0 0 0 0 0 0 0 0 0 0 0 4.6000000000000005 2 0 0 0 0 0 0 0 0 0 0 0 0 0 
 9.200000000000001 85.2 9.4 30.8 19.6 55.2 51.6 25.8 51.2 47.2 0 23.8 6.4 8.6 21.200000000000003 22.200000000000003 36 9.8 24.200000000000003 20.200000000000003 0 0.2 0.8 0.6000000000000001 0 0 29.6 0 0.8 3.2 0.4 0.4 0.6000000000000001 0.8 30 0.2 0.6000000000000001 0 0.4 15.8 0 0.6000000000000001 0 0 12.8 0 1.2000000000000002 0 0 0.4 0 0 11.8 0 0.6000000000000001 0.8 0 0 0 0.4 0.4 0 0 0 1.8 0 0 0.6000000000000001 0 0 5.800000000000001 0 0 0 0 0 0 0 0.4 0 0 0 0 2 1.6 7.6000000000000005 0 0 6.800000000000001 9.600000000000001 3 6.2 0 0 0 5.6000000000000005 2 9.4 0 2.8000000000000003 0 6 0 0 0 0 0.2 2 0 2.4000000000000004 0 0 2 0.2 0 2.8000000000000003 2.2 0 13.600000000000001 0.4 0 0 0 0 0 0 0 0 0 0 0 0 0 0 0 0 0 0 0 0 0.4 0 0 0 0 0 0 0 0 0 0 0 0 0 0 0 0 2.6 0 0 0.2 2 2 0.2 5 0.2 0.2 0 7.800000000000001 6.4 0 5.4 0 0 1.2000000000000002 0 1.4000000000000001 3.2 0 0 2.8000000000000003 2.8000000000000003 0 0 0 0 6 1.8 2.6 0 0 0 1.2000000000000002 2.6 0 0 0 1.8 7.800000000000001 2.8000000000000003 0 0 0 0.2 0 0 0.4 0 0 0 0 0 0 0 0 0 0 2.6 0 0 0 0 0 0 0 0 0 0 0 0 0 0 0 0 0 0 0.2 0 0 0.4 0 0.2 0 0 0 1 0 0 0.2 17.2 2.8000000000000003 0.2 0.2 0 0 0 0 0 0 0 0 0 0 0 0 0.4 0 0 0 0 0 0 0 0 0 3 0 0 0 0 0 0 0 0 0 0 0 0 0 0 
 12 33.4 44 23.8 51.6 32.2 25.8 65.8 25 11.600000000000001 23.8 0 7 9.8 77.60000000000001 10.4 12.4 47 5 10.600000000000001 14.8 0.2 0.4 0.6000000000000001 0 0 0 0.6000000000000001 0.2 0 0.4 0 0.4 0.6000000000000001 15.200000000000001 0 1.4000000000000001 0 0 7.6000000000000005 0 0.4 0 0 0.6000000000000001 0 0 0 0 0.6000000000000001 0 0 0 0.4 0.6000000000000001 0.8 12.200000000000001 0 0 0.4 0.6000000000000001 0 0 0 0 0 0 0.6000000000000001 0 0 0.4 0 0 0 0 0 0 0 0.4 0 0 2.8000000000000003 1.2000000000000002 2.4000000000000004 4.4 6 0 5 9.8 3 3.4000000000000004 0.2 0 0.2 3.6 9.200000000000001 2.8000000000000003 3 0 0 2 2.4000000000000004 0 0 0 0 2 0.4 0 0.2 0 0 1.6 4.800000000000001 4.4 3 2 0 1 0.2 0 0 0 0 0 0 0 0.2 0 0 0 0 0 0 0 0 0 0 0 0 0 0 0 1.2000000000000002 0.6000000000000001 0 0 0 0 0 0.8 0 0.2 0 0 0 0 0 0 0 0 2.8000000000000003 1.8 3.2 2.4000000000000004 5.4 0 0 0.2 0 2.4000000000000004 3.6 4 0 0.4 0 5 0 0 0 2.8000000000000003 0 0.2 0 0 0 0 2.2 1.4000000000000001 2.6 0 0 10.200000000000001 2 2.8000000000000003 0 1.4000000000000001 0 2.6 4.6000000000000005 0.2 0 0 0 0 0 0 0 0 0 0 0 0 0 0 0 0 0 0 0 0 0 0 0 0 0 0 0 0 0 0 0 0 0 0 0 0 0 0 0 0 0 0 0 0 0 18.6 0 24.6 9.200000000000001 0 0.6000000000000001 0 0 0 0 0 0 0 0 0 0 0.2 0 0 0 0 0 0 0 0 0 0 0 0 4 2.8000000000000003 0 0 0 0 0 0 0 0 0 0 0 0 0 
 13.600000000000001 13.600000000000001 32.2 13.4 14.200000000000001 32.2 12.4 67.2 20 28.8 6.4 7 0 54 20.8 8.200000000000001 31 6 53.400000000000006 23.6 0 1.4000000000000001 0.4 40.800000000000004 0.8 0 0 0 0 0 0.4 0.4 0 0.6000000000000001 0.4 0.2 0.6000000000000001 0 0 0 0 0.6000000000000001 0 0 0.4 0 0 0 0 0.6000000000000001 0 0 0.4 0 1.4000000000000001 0.4 0 0 0 0.4 0.6000000000000001 0 0 0 0 0 1.6 10.600000000000001 0 0 0 0 0.6000000000000001 1 0 0.2 0 0 0.4 6 6.800000000000001 0 1.6 0 0 0 9.600000000000001 0.2 2 6.6000000000000005 0 0 2.8000000000000003 1.6 2.6 0 0 2 5.4 7.4 0 0 0 0 0 0.2 0 0 0 0 1.8 0 0 0 0 2.8000000000000003 0 0 0 0 0 0 0 0 0 0 0 0 0 0 0 0 0 0 0 0 0 0 0.2 0 0 0 0 0 0 0 0 0.2 0 2.4000000000000004 0 0 0 0 0 0.4 0 0 0 0 5 0 3 3.6 0.4 0 1.6 2 3.6 0 0 0 0.2 3.8000000000000003 0 2.4000000000000004 5.4 0 2 0 0 0 0 0 0 0 0 0 0 0 0 0 2.2 0 0 0 0 0 0 0 0 2.8000000000000003 0 0 0 0 0 0 0 0 0 0 0 0 0 4.6000000000000005 0 0 0 0 0 0 0 2.6 0 2 0 0 0 0 0 0 0 0 0 0 0 0 0 0 0 0 0 0 0 0 0.4 0 0 0 0 1.8 1.8 0 14.4 0 0 0 0 0 0.2 0 0 0 0 0 0 0 0 0 0 0 0 0.2 0 0 0 0 0 0 0 0 0 0 0 0 0 0 0 0 
 8.6 12.8 67.2 16 11.8 9.600000000000001 46.6 49 41 15.4 8.6 9.8 54 0 32.800000000000004 12 23 10.8 17.8 47.2 0 0.4 0.8 1 0.4 0.2 0 0 0 0.4 0.8 0 0.4 6.6000000000000005 15.200000000000001 0.6000000000000001 0.6000000000000001 0.4 0 0 0 0.6000000000000001 0.8 0.8 0.2 0 0 0 0 0.4 0 0 0 0 1.8 1.2000000000000002 0 0 0 0.4 0.8 0 0 0.2 0 1.2000000000000002 0.2 0.6000000000000001 0 0.4 0.4 0 0 0 1.2000000000000002 0 0.4 0 0.4 0 0.2 0 2.2 8 0 0.2 0.6000000000000001 8.6 6.4 0 2 0.2 0 5.4 8.200000000000001 3.4000000000000004 4.4 1.8 0 11.200000000000001 0 0 0 0 0 0 0 0 0 0 4.6000000000000005 0 0 0 0 0 0 0 0 5 0 0 0 0 0 0.2 0 0 0.4 0 0 0.4 0 3 0 0 0 0 0 0 0 0 1 0 0 5.2 0 0 0 0.4 0 0 0 0 0 0 0.8 0.2 0.4 0 5.800000000000001 0 5.800000000000001 8.4 0 0 7.800000000000001 0 2.4000000000000004 4.6000000000000005 3.6 3 4.6000000000000005 6.800000000000001 5.800000000000001 9.4 3.2 0 0 0 0 0 0 0 0 0 0 0 0 0 0 0 2.2 0 0 0 0 0 0 0 0 0.4 0 0 0 0 0 0 0 0 0 0 0 0 0 2.4000000000000004 0 0 0 0 0 0 0 0 0 0 0 0 0 0 0 0 0 0.2 0 0 0 0 0 0 0 0 0 0 0 0 0 0 0 0.2 0 2.6 0.4 0 0 0 0 0 0 0 0 0 0 0 0 0 0 0 0 0.2 0 0 0 0 0 0.2 0 0.4 0 0 0 0 0 0 0 0 0 0 0 0 
 22.6 73.4 52.6 85.60000000000001 37.2 28.200000000000003 9.4 10.600000000000001 37 38.6 21.200000000000003 77.60000000000001 20.8 32.800000000000004 0 61 11.8 29.400000000000002 16 23.200000000000003 0.4 0.4 8.4 1.2000000000000002 0.2 0 0.4 0.2 0 0 0.8 1 17 0.6000000000000001 0.6000000000000001 0.4 0.8 1.4000000000000001 15 15.4 0 1.6 0 0 0.4 0 0 0 0 0.6000000000000001 0 0 9.600000000000001 0 1.4000000000000001 0.6000000000000001 0 0.4 0 0.4 0.6000000000000001 0 0 0 10 0 0.8 0.6000000000000001 0 0 0 1 0 0 0 0 0 0 0.4 0.8 1.2000000000000002 0 2.8000000000000003 0 5.2 0 6.2 5 8.6 0.2 14.600000000000001 4.800000000000001 4 0 2 6.6000000000000005 5 5 4.2 0 0 0 0 0 0.4 0 0.4 0 0 0.8 0 0 2 5 0 0 0 0 6.800000000000001 4.4 0 0 0 0 0 0 0 0 0 0 0 0 0 0 0 0 0 0 0 0 0 0 0 0 0 0 0 0 0 0 0 0 0 0 0 0 0 0.4 0 0 3 2.6 2.6 4.2 0 5.2 0 2.4000000000000004 1.8 2.4000000000000004 2.2 6.4 0 4.2 9.200000000000001 0 3.4000000000000004 0.2 1.4000000000000001 0 0.4 0 0 0 0 0 0 0 0 0.2 0 0 0 0 0.2 0 0 0 4 8.4 0 0 0 0 0 0 0 0 0 0 0 0 0 0 0 0 0 0 0 0 0 0.2 0 0 0 0 0 0 0 0 0 0 0 0 0 0 0 0 0 0 0 2.4000000000000004 0 0 0 0.4 0.6000000000000001 0 0 18.2 3.6 1.2000000000000002 0 0 0 0 0 0 0 0 0 0 0 0 0 0 0 0 0 0 0 0.2 0 0 0 2.4000000000000004 2 0 0 0 0 0 0 0 0 0 0 0 0 0 
 9.4 15 29.200000000000003 55 11.200000000000001 59 64 22.8 18.6 74.60000000000001 22.200000000000003 10.4 8.200000000000001 12 61 0 48.2 5.800000000000001 24.6 16 0.6000000000000001 0.2 0.4 0.6000000000000001 0.2 0 15.4 0 0 0 1 0 0.2 1.2000000000000002 15.4 0.4 0.6000000000000001 0 15 0 0 0.6000000000000001 0 13.200000000000001 0.2 0.6000000000000001 0 0 0 0.4 13.200000000000001 0.4 0 0 1.8 0.4 0 0.6000000000000001 0 0.8 0.4 10.200000000000001 0 0 0 0 0 11 0.8 0 0 10 0 0 0 0 0 0 1.2000000000000002 11.4 3.6 1 7.6000000000000005 2.6 10.8 4 2.4000000000000004 0.4 7.4 4.800000000000001 6 5 0 4.2 2.8000000000000003 3.6 2.8000000000000003 4.800000000000001 0 9.8 0 0.2 0 2.2 0 0.4 2.8000000000000003 0.4 0 0 0 0 0 0.4 0 0 0.2 0 2.8000000000000003 2.2 0 0 0 0 0 0 0 0.2 0 0 0 0 0 0 0 0 0 0 0 0 0 0 0 0 0 0 0 0 0 0 1.4000000000000001 0 0 0 0 0 0 0 0 0 2.4000000000000004 3.4000000000000004 0 0 0.6000000000000001 2.2 3.2 0 0.6000000000000001 0 0 3.8000000000000003 0 0 2.8000000000000003 3.6 2 0 0 0 2.2 0 0 0 0 0 0 0 0.2 0 0 0 0 0 0 0 0 0 3.8000000000000003 6.800000000000001 0 0 0 0 0 0 0 0 0 0 0 0 0 0 0 0 0 0 0 1.6 0 0 0 0 0 0 0 0 0 0 0 0 0 0 0 0 0 0 0 0 0 0 0 0 0 0 0.2 0 0 0.4 0 2.8000000000000003 0 0 0 0 0 0 0 0 0 0 0 9 0 0 0 0 0 0 0 0 0 0 0 4.800000000000001 0.4 0 0 0 0 0 0 0 0 0 0 0 0 0 
 45.400000000000006 24.8 29.200000000000003 14.600000000000001 9.600000000000001 31.6 8.6 22.8 26.200000000000003 31 36 12.4 31 23 11.8 48.2 0 72.8 31.8 9 0.2 0 0 0 3 15 0 0 0 0 0.4 0 0.2 0 0.6000000000000001 0 0 0 0 0 0 0 0 0 0.6000000000000001 0 0 0 0 0.6000000000000001 0 0 0 0 0 0 0 0 0 0 0 0 0 0 0 0.4 2.8000000000000003 0 0.4 0 0 0.2 0.6000000000000001 0 0.2 0 0 0 0 0.4 7.2 4.800000000000001 0 0 0 8 5.6000000000000005 2.2 4.6000000000000005 3.4000000000000004 0 6.2 7.4 0 0 5.800000000000001 9.8 3 0 5.800000000000001 0.2 0 0 1.8 0 0 0.2 0 0.4 0 0 0 0 0 0 0 0 0 3.2 0.4 0 0 0 0 0 0 0 0 0 3.2 0 0 0 0 0 0 0 0 0 4.6000000000000005 0 0 0 0 0 0 0 0 0 0 0 0 0 0 0 0 0 0 0 0 5.2 4.800000000000001 2 3.8000000000000003 0 0 1.8 5.800000000000001 3.2 0 1.4000000000000001 0 0.4 2 5.6000000000000005 4 1.4000000000000001 2.4000000000000004 0 3.2 0 0 0 0 0 0.2 0 0 0 0 0 0 2.2 0 0 0 0 0 6.800000000000001 1.6 0 0 0.2 0 0 0 0 0 0 0.4 0 0 0 1.4000000000000001 0 0 0 0 0 0 0 0 0 0 0 0 0 0 0 0 0 0 0 0 0 0 0 0 0.4 0 0 0 0 0 0 0 20 0 0.4 0.2 0 1.6 0 0 0 0 0 0 0 0 0 0 1.6 0 0 0 0 0 0 0 0 0 0 0 0 0 0 0 0 0 0 0 0 0 0 0 0 0 0 0 
 53.6 44 32.6 7 20.400000000000002 29.200000000000003 47.6 14.8 54 25.200000000000003 9.8 47 6 10.8 29.400000000000002 5.800000000000001 72.8 0 6.2 6.2 0 0 0.4 0.6000000000000001 0 0.4 0.8 0 0 0 0.4 0 15.4 0.6000000000000001 0.4 0 0.6000000000000001 0 14.8 0.2 0 0.6000000000000001 0 0 0.4 0 0 0 0 0.6000000000000001 0 0 12.200000000000001 0 0.6000000000000001 0.8 0 0 0 0.4 0.6000000000000001 0 0 0 0 0 0 0.6000000000000001 0 0 0 0 0 0 0 0 0 0 0.4 0 0 2.8000000000000003 2 3.6 1.8 0 0 4 11.200000000000001 0.2 7 6.6000000000000005 0 0 3.4000000000000004 9.200000000000001 4.800000000000001 3.8000000000000003 0 0 0 0 0 0.2 0 0 0.4 0 0 2.8000000000000003 0 0 0 4.4 0 0 0 0 3.8000000000000003 8.200000000000001 0 0 0 0 0 0 0 0 0 0 0 0 0 0.2 0 0 0 0 0 0 0 0 1 0 0 0 0 0 0 0 0 0 0 2.2 0.2 0 0.6000000000000001 0 0 0 0 4.4 2 5.6000000000000005 0 4.4 0 0 2.6 5.2 4.4 14.4 0.2 0 4 6.800000000000001 3.2 0 0 0 0 0 0 0 0.2 0.4 0 0 0 0 0 0 0 0 0 0 0 0 10.8 2 0 0 0 0 0 0 1.6 0.2 0.4 0 0 0 0.2 0 0 0 0 0 0 0 0 0 0 0 0 0 0 0 0 0 0 0 0 0 0 0 0 0.4 0 0 0 2 0 0 0 0 0 0 0.6000000000000001 9.8 2.4000000000000004 2.6 0 0 0 0 0 0 0 0 0 0 0 0 0 0 0 0 0 0 0 0 0 0 0 1.8 2.6 0 0 0 0 0 0 0 0 0.4 0 0 0 0 
 50.400000000000006 27.6 9.200000000000001 11.600000000000001 13.600000000000001 36.6 29 48.400000000000006 20.400000000000002 15.200000000000001 24.200000000000003 5 53.400000000000006 17.8 16 24.6 31.8 6.2 0 41.6 0 0 0.4 0.6000000000000001 0 0 0 0 0 0 0.4 0 0.2 0.6000000000000001 0.4 0 0.6000000000000001 0 0 0 0 0.6000000000000001 0 0 0.2 0.4 0 0 0 0.4 0 0 0 0 1 0.4 0 0 0 0.4 0.6000000000000001 0 0 0 0 0 1.8 6.6000000000000005 0 0 0 0 0 0 0 0 5.2 0 0.4 0 9.600000000000001 1.4000000000000001 1.4000000000000001 0 0 0 3.6 2.8000000000000003 3.2 0.6000000000000001 0 0 7.4 5.4 0 0 3.6 1.2000000000000002 0 12.4 0 0 0 0 0 2 0 0 0 0 0 0 0 0 0 0 0 0 0 0 0 0 0 0 0 0 0 0 0 0 0 0 0 0 0 0 0 0 0 0 0 0 0 0 0 0 0 0 0 0 0 0 0 0 0 0 0 0 0 0 7 2 0.4 6.2 0 0 1.4000000000000001 2.6 0 0.2 0 0 0 8.8 0.2 4.2 0 3 0 3 0 0 0 0 0 0 0 0 0 0 0 0 2 0 0 0 0 0 0 0 0 0 0 0 0 0 0 0 0 0.2 0 0 0 0 0 0 0 0 0 0 0 0 0 0 0 0 0 0 0 0 0 0 0 0 0 0 0 0 0 0 0 0 0 0 0.4 0 17 0 0.8 0 0 2.8000000000000003 0 4.4 0 0 0 0 0 0 0 0 0 0 0 0 0 0 0 0 0 0 0 0 0 0 0 0 0 0 0 0 0 0 0 0 0 0 0 0 
 13.600000000000001 57.400000000000006 97.80000000000001 52.400000000000006 19.400000000000002 94.60000000000001 71 27.400000000000002 16 62.400000000000006 20.200000000000003 10.600000000000001 23.6 47.2 23.200000000000003 16 9 6.2 41.6 0 0.4 0 15.8 1.2000000000000002 0.2 0.4 0 0 0 0 0.4 0 0 0.6000000000000001 0.4 0 0.6000000000000001 0 0 40.2 0 0.4 0 0 0.6000000000000001 0 0 0 0 0.6000000000000001 0 0 0 0 0.8 0.4 0 0 0 0.4 0.6000000000000001 0 0 0 0 0 0 0.6000000000000001 0 0 0 0 0 0 0 0 0 0 0.4 0 0.4 0 0 0 0 0 0 3.4000000000000004 0 0 2.2 0 0 6.6000000000000005 9 0 0 0 7.2 2.8000000000000003 0 0 0 0 0 0 0.4 0 0.4 0 0 0 0 0.4 0 0 0 0 0 3 0 0 0 0 0 0 0 2.4000000000000004 0 0 0 0 0 0 0 0 0 0.4 0 0 0 0 0.8 0.2 0 1 0 0 0 0 0 0 3.2 0 0 0 1.8 0.4 0 0 0 0 2.4000000000000004 2.4000000000000004 0 0 14.600000000000001 0 0 3.8000000000000003 1.8 5 5.4 0 0.8 3 0 0.6000000000000001 6.4 2.2 0 0 0 0 0 0 0 0 0 0 0 0 0 0 0 0 0 0 0 0 0 0 0.2 0 0 0 0 0 0 0 0 0 0 0 0 0 0 0 0 0 0 0 0 0 0 0 0 0 0 0 0.2 0 0 0 0 0 0 0 0.4 1.8 0 0 0 0 0 0.6000000000000001 0 0.2 0.4 0 0 1.6 0 0 0 0 0 0 0 0 0 0 0 0 0 0 0 0 0 0 0 0 0 0 0 0 0 2.8000000000000003 0 0 0 0 0 0 0 0 0 0 0 0 
 0 0 0 0 4.6000000000000005 4.2 0.4 0 0 0.2 0 14.8 0 0 0.4 0.6000000000000001 0.2 0 0 0.4 0 52.2 16.2 66.8 24 12 75.4 40 25.8 5.800000000000001 5 11.8 17 53 8.8 66.4 49.6 36.6 12.8 23.400000000000002 0 0.6000000000000001 0 0.4 0.4 0 0.2 0.2 1 0 0.2 0 0 0 0.4 0.4 12 0 0 0.2 0 0.6000000000000001 0.6000000000000001 0 0 0 0 0 0 0 1.4000000000000001 7.800000000000001 0 0.4 0 0 1 0.6000000000000001 0 0.2 0 0 0 0 0.4 0 0 0 0 0.2 0 0 0.4 0 0 0 0 0 0 0 2.6 3 11.4 2.4000000000000004 0 0 0.2 1.2000000000000002 8.8 2.8000000000000003 0.2 7 1.4000000000000001 3.2 11 0 0 9 0 5 0 0 0 0 0 0 0 0 0 0 0 2.2 0 1.6 0 0 0 0 7.2 0 0 0 0 0 0 0 0 0 0.4 0 0 0 0 0 0 0 0 0 0 0 0 0 0 1.4000000000000001 0 1.6 0 0 0 0 0 5 0 4.800000000000001 0 0 2.4000000000000004 0 1.6 0 1.8 2.2 3.6 1.4000000000000001 3 0 0 4.4 6.6000000000000005 4.800000000000001 0 0 8.8 0 2 4 0 7.4 2 0 0 0 0 0 0 0 0 0 0 0 0 0 0 0 0 0 0 0 0 0 0 0 0 0 0 0 0 0 0 3 0 0 0 0 0 0 0 0 0 0 0 0 0 0 0 0 0 0 13.4 0 0 0 0 0 2.8000000000000003 0 0 0 0 0 0.4 0 0 0 0 0 0 0 0 0 0 0 0.4 0 0 0 0 0 0 0 0 0.2 0 0 0 0 4 0 0 0 
 0 0 0 0 15 0 0.4 0.4 0.4 0 0.2 0.2 1.4000000000000001 0.4 0.4 0.2 0 0 0 0 52.2 0 17.400000000000002 31.8 14.4 7.6000000000000005 14.4 22.6 84.80000000000001 126.60000000000001 47.6 37.800000000000004 45.2 17.8 45.400000000000006 71.4 32 25.200000000000003 13.200000000000001 20.400000000000002 0 0.6000000000000001 0.4 0 0.2 0 0 0 0 0 0 0.4 0 0 0.4 0 0 0 0 2 0 0.6000000000000001 0.6000000000000001 0 0.2 0 0 0 0 0 0.4 0.2 0 0.4 0 0 0.6000000000000001 0.6000000000000001 0 2.2 0 0 0 0 0 0 0 0 0 0 0 0 0 0 3 0 0 0 0 0.4 6.4 0 3.6 2.2 0 0 2.6 0 2.2 2.6 6.4 4 0 7 7.2 1.2000000000000002 3.8000000000000003 8.200000000000001 0 0 0 0 0 0 0 0.2 0 0 0 0 0 0 0 4 2 0 0.2 0 6 0 1 0 0 0 0 0 1.8 0 0 0 0.2 0.4 0 0 0 0 0 0 0 0 0 0 0 0 0 0 0 0 0 0 0 0 0 0 0 0 0 0 0.4 0 1.8 4.800000000000001 6.2 2 4.2 3 0.6000000000000001 3 3 9.600000000000001 5.800000000000001 5.4 1.8 1.6 0 7.2 7 3.8000000000000003 0 0 0 0 0 0 0 0 0 0 0 0 0 0 0 0 0 0 0 0 0 0 0 0 0 0 0 0 0 0 0 0 0 0 0 0 0.2 0 0.4 0.2 0 0 0 0 0 0 0 0 0 0 0.2 0 0 0 0 0 1.6 0.2 0 0 0 0.4 0 0 0 0 0 0 0 0 0 0 0 0 0 0 0 0 0 0 0 0 0 0.6000000000000001 0 0 0 2.8000000000000003 0 0 0 0 
 0.4 0.4 0.4 0.4 15.4 1 0.8 0.8 1.2000000000000002 0.4 0.8 0.4 0.4 0.8 8.4 0.4 0 0.4 0.4 15.8 16.2 17.400000000000002 0 60.400000000000006 23.6 10 18.2 47 14.8 8.4 32 74.2 7 16.8 43.6 56 38 25 20.8 5.800000000000001 0 0.6000000000000001 0.6000000000000001 0 0 1 0 0 0 0 0 0 4.6000000000000005 12.4 0.4 1 0 0 1.4000000000000001 0.2 0 0.2 0.6000000000000001 0 0 0 1.4000000000000001 0 0.4 0 0.4 0.4 0 0.4 0 0.2 0.6000000000000001 0.6000000000000001 0.6000000000000001 0 0.2 0 0 0 0.2 0 0 0 0 0 0 0 0 0 0 0 1.6 0 0 0 0.2 1.8 2.4000000000000004 1.8 2.4000000000000004 2.4000000000000004 3.6 0.6000000000000001 0.4 0 4.800000000000001 5.4 1.2000000000000002 0 0.2 4.4 2.2 0 0 0 1.4000000000000001 0 0 0 0 0 4 0 0 0 0 0 2.6 9.200000000000001 0 0.4 0 0 8 2.2 0 0 0 0 0 0 0 0 0.4 0 0.2 0.4 0 0.2 0 0 0 0 0 0 0 0 0.4 0.4 0 0 0 0 0 0 0 0 0 0 0 0 0 0 0 0 7.4 0 6.4 9.200000000000001 4.6000000000000005 0.4 1.2000000000000002 0 6.800000000000001 0.2 0 10.200000000000001 0 1.6 0.6000000000000001 2.4000000000000004 1.4000000000000001 0.4 0 0 4.4 0 2 0 0 0 4.2 3.8000000000000003 0 0 0 0 4.2 1 2.4000000000000004 0 2 0 0 2.2 0 0 0 0 0 0 0 0 0 0 0 0 0 1.4000000000000001 0.4 0 0 0.2 0 0 0 0 1.2000000000000002 0 0 0 0 0 0.6000000000000001 0 0 0 0 0 0.2 0 0 16.2 0 0 0.2 2.2 0 0 0 0.2 2 0 0 0 0 0 0 0 0 0 0 0 0 0 0 4.2 0 0 0 0 2.8000000000000003 0 0 0 
 0.6000000000000001 0.6000000000000001 0.6000000000000001 1 0.6000000000000001 0.6000000000000001 0.8 0.8 0.6000000000000001 0.6000000000000001 0.6000000000000001 0.6000000000000001 40.800000000000004 1 1.2000000000000002 0.6000000000000001 0 0.6000000000000001 0.6000000000000001 1.2000000000000002 66.8 31.8 60.400000000000006 0 31.8 50.2 33.2 24.400000000000002 14.4 48 21.6 31 22.400000000000002 77.2 71.60000000000001 28 51.800000000000004 31 18.6 8.200000000000001 5.800000000000001 1 0 0 0 0.4 0 0 0 0 0 0 1.2000000000000002 0 4.2 0 0 0 0 12.8 0.4 0.6000000000000001 1 0 0 0 0 0.6000000000000001 0 0 0.4 0.4 0 0.4 0 10.200000000000001 2 0.6000000000000001 1.8 1 1 0 0.4 0 0 0 0 0 0 0 0 0 0 0 0 0 0 0 0 0 0 0 0 3.6 5 4.6000000000000005 3 0 0 0 1.6 0 2.4000000000000004 0 3.4000000000000004 2.4000000000000004 0 3.4000000000000004 0 0.2 1.6 0.4 0 0 0 0 4.800000000000001 4.2 2.2 0 0 0 0 3.4000000000000004 2.6 0 0 0 2.4000000000000004 2.6 0 0 0.2 0 0 0 0 0 0.6000000000000001 0 0 0 0 0 0 0 0 0 0 0 0 0.2 0 0 0 0 0 0 0 0 0 0 0 0 0 0 0 0 0.2 0 1 0 0 2.4000000000000004 3.4000000000000004 0 2.4000000000000004 0 2.6 2.6 0 2.4000000000000004 0 2.4000000000000004 0 1.6 5.4 0 0 0 2.4000000000000004 0 3.4000000000000004 0 0 0 1.6 0 0 0 0 4 2.2 0 2 4.6000000000000005 2 0 2.4000000000000004 6 0 0 0 0 0 0 0 0 0 1.6 0 0 0 2.2 0 0 0 0 0 0 0 0 2.6 0 0 0 0.4 0 0 0 0 0 0 0 0.6000000000000001 0.8 0.4 16.2 1 0 0.6000000000000001 3.2 12.600000000000001 0.4 0 0 0 0 0 0 0 0 0 0 0 0 0 0 0 0 0 5.4 0 0 0 0 0 0 0 0 
 0 0 0 0 5.6000000000000005 16.8 0.6000000000000001 0 0.4 0 0 0 0.8 0.4 0.2 0.2 3 0 0 0.2 24 14.4 23.6 31.8 0 24.400000000000002 10.600000000000001 12.600000000000001 12.600000000000001 57.2 36.4 10.8 10.200000000000001 96.80000000000001 12.200000000000001 13.200000000000001 13 25 14.600000000000001 55.800000000000004 12.4 1 13.200000000000001 0.4 0.8 0 12.8 13.200000000000001 0 0.4 0.2 0.4 0 2.8000000000000003 13.600000000000001 0.4 0 0 25 1.4000000000000001 1 0.6000000000000001 0.6000000000000001 0 0.8 0 1 0 0 1.4000000000000001 0.4 9.600000000000001 0.2 6.4 0 1.2000000000000002 1.4000000000000001 0.6000000000000001 0.6000000000000001 0.2 0 0 0 0 0 0 0 0 0 0 0 0 0 0 0 0 0 0 0 0 0 0 1 5.2 1.6 1.4000000000000001 0 3.8000000000000003 2.6 0 0 1.8 0 0 0 0 0 0 0 0 2.4000000000000004 2.6 0 1.8 0 0 0.2 1.4000000000000001 2.4000000000000004 0 0 0 0 0 5.2 1.4000000000000001 0 0 2.2 0 3.6 0 0 0 0 2.4000000000000004 0 0 0 0 0 0 0 0 0 0 0 0 0 0 0 0 0 0 0 0 0 0 0 0.4 0 0 0 0 0 0 0 0 0 0 0.4 2.6 5 4.2 3.6 3.2 0 0 0 0 0 3.6 0 0 0.4 0 0.2 0 0.2 0 1.6 2 0 0 0 0 7.6000000000000005 1.6 0 0 0 0 0 0 1.4000000000000001 0 2.2 0 1.6 1.8 0 0 0 0 0 0 0 0 0 0 0 0 0 5.6000000000000005 0 0 0 0 0 0 0 0 0 0 0 0.2 0 0 7 0.2 0 0 0 11.600000000000001 2 0 1 1.2000000000000002 15.600000000000001 0 0.8 0.2 0 0 0 0 0 0 0 0 0 0.2 0 0 0 0 0 0 0 0.2 0 0 0 0 0 0 0 0 0 0 
 0 0 0.2 1.2000000000000002 0 0 0.4 0 0 0.6000000000000001 0 0 0 0.2 0 0 15 0.4 0 0.4 12 7.6000000000000005 10 50.2 24.400000000000002 0 22.400000000000002 23.8 48 8.4 18.6 69 10.8 9.8 33.800000000000004 14 30.200000000000003 36.800000000000004 9.200000000000001 7.800000000000001 0 8.200000000000001 25.8 0 1 0 6.4 6.6000000000000005 39 4.800000000000001 0 0 0 17 6.2 12.8 0 0 0.6000000000000001 6 0.8 0.4 0.6000000000000001 0 0 0 0 0 0 0 1.4000000000000001 0.4 0 0.4 0 0.2 0.6000000000000001 0.6000000000000001 0 0 0 0 0 0 0 0 0 0 0 2 0 0 0 0 0 0 0.4 1.6 0 0 2.6 1.8 3.2 0.2 1.2000000000000002 1.2000000000000002 0 1.8 4.4 0 0 1.2000000000000002 0.4 0.2 0 0 0 0.6000000000000001 0 0 2.4000000000000004 1.8 4.800000000000001 0 0 0 1.6 0 0.2 2 2.2 0 0 5.4 0 8.6 5.4 5.6000000000000005 7.800000000000001 12.200000000000001 3 0 0 0 0 0 0 0 0 0 0 1.6 0 0 0 0 0.2 0 0 0 0 0 0 0 0.2 0 0 0 0 1.2000000000000002 0 0.4 0 0 0 0 0 0 0 0 0.8 2.2 0 0.6000000000000001 0 0 0 0.2 0 0 0.2 0 0 0 2.6 0 0 0 0 0.4 1.8 1.8 2.4000000000000004 0 0.2 0 2.4000000000000004 3.2 5.2 0.4 0 2 1.4000000000000001 2 3.4000000000000004 3.8000000000000003 2 0 5.2 4 0 0 0.4 0 0 0 0 0 2.6 0 0.4 0 0 0 0 0 0 0 0 0 0 0 0 0 0 0 0 0 0 0 0 0 0 0 1.8 0 1 16.400000000000002 0.2 0.2 1.2000000000000002 0 0 0 0 0 0 0 0 0 0 0 0 0 0 0 0 0 0 2.2 0 0 0 0.4 0 0 4 0 0 0 
 0 0 0.2 14.8 20.8 14.8 0.2 0 12.600000000000001 15.4 29.6 0 0 0 0.4 15.4 0 0.8 0 0 75.4 14.4 18.2 33.2 10.600000000000001 22.400000000000002 0 19.8 12.8 15 24.8 7 35.800000000000004 29.8 30.6 22.6 6.2 7.2 39.6 18.2 0.6000000000000001 13 0 0 0.4 0 0 0.6000000000000001 0.6000000000000001 0 0.6000000000000001 0.6000000000000001 0.4 0.4 0.4 17.8 0 0 0 0.4 0.4 0.6000000000000001 0.6000000000000001 0 1.8 0 0 0 0.4 0.6000000000000001 0.8 0 0.6000000000000001 9.8 0 0 0.6000000000000001 0.6000000000000001 0 0 0 2.2 2.4000000000000004 0 5.6000000000000005 2.2 0 0 0 5.6000000000000005 0 0.4 0 0 0 0 0 1.4000000000000001 0 0 1.6 3.8000000000000003 0 2 0 0 4.2 1.4000000000000001 1.8 0 3.8000000000000003 0 5.800000000000001 3 0 0 0 1.4000000000000001 4.2 4.800000000000001 0 0 0 0 0 0 0 0 0 0 0 0 0 0 0 0 0 0 0.2 2 0 0 0 0 0 0 0 0 2.4000000000000004 0 0 0 0 0 0 0 0 0 4.800000000000001 0 0 1.4000000000000001 0 3.8000000000000003 2.2 7.2 0 4.2 1.6 1.2000000000000002 0 2.2 0 0 0 0 2.4000000000000004 2.2 0 0.4 12.200000000000001 2.4000000000000004 0.2 0 1.4000000000000001 0 3.8000000000000003 2.6 2.4000000000000004 0.8 0.2 0 2.4000000000000004 7 8 0 0 0 2.8000000000000003 5.2 0 0 0 0 0 0 0.4 0 0 0 0 0 0 0 0 0 0.2 0 0 0 0.4 0 0 0 0 0 0 0 0 0 0 0 0 0 0 0 0 0 0 0 0 1.4000000000000001 0 0 0 0 0 0.4 0 0 0 0 0 0 1.8 0 0.4 0 0 0.4 0 5.800000000000001 0 0 0.4 0 0 0 0 0 0 0 0 0 0.2 0 2.2 0 0 0 0 7.800000000000001 0 0 0 0 0 0 0 0.4 
 0 0 0 18 15.600000000000001 0 0.2 0.4 0.4 0 0 0.6000000000000001 0 0 0.2 0 0 0 0 0 40 22.6 47 24.400000000000002 12.600000000000001 23.8 19.8 0 64.8 16.2 22.6 22.400000000000002 33.6 28.6 55.400000000000006 21.6 26.400000000000002 65.60000000000001 54.400000000000006 21.400000000000002 0 0.6000000000000001 0 0 0 0 0 0 0 0 0 1.4000000000000001 12.200000000000001 0 0.4 0 0 0 1.4000000000000001 0 0 0.4 1.8 0 0 0 0 0 0 0 0.6000000000000001 0.2 0 0.4 0 0 0.6000000000000001 0.8 0 0 0 0 0 0 0.2 0 0 0 0 0 0 0 0 0 0 0 0 0 0 0 5.6000000000000005 4.2 4.4 3.8000000000000003 0 3.8000000000000003 0 1.4000000000000001 0.2 3.8000000000000003 7.2 1.4000000000000001 0.2 2.2 3.8000000000000003 2.6 2.2 5.4 0 0 0 0 0 0 0 0 0 0 0.2 0 1.8 0 2.2 5.6000000000000005 0 0 0 0 8.200000000000001 0 0 0 0 0 1.4000000000000001 0 0 0 0 0 0.2 0 0 0 0 0 0 0 0 0 0 0 0 0 3.6 2.8000000000000003 0 0 0 0 0 0 0 0 0 0 0.4 0 0.4 0 2.8000000000000003 4.4 0.4 2.6 9.4 5 2.2 2 2.2 0 1.6 5.4 3.4000000000000004 0.4 8 5.800000000000001 1.4000000000000001 3.8000000000000003 0 0 2.2 0 0 0 0 0 0 0 0 0 0 0 2 4.6000000000000005 0 0 0 0 0 0.6000000000000001 0 0 0 0 0 0 0 0 0 0 0 0 0 0 0 0 0 0 0 0 0 0 0 0 0 0.2 14.600000000000001 0 0 0 0 0 0 0 1.2000000000000002 0 0 0 8.200000000000001 0.4 0.8 0.4 0 0 0 0 2.2 0 0 0 0 0 0 0 0 0 0 0 0 0 0 0 0 0 0 2.6 1.4000000000000001 0 0 0 
 0 0 0 0 3.4000000000000004 0.4 0.2 0 0.4 1.2000000000000002 0.8 0.2 0 0 0 0 0 0 0 0 25.8 84.80000000000001 14.8 14.4 12.600000000000001 48 12.8 64.8 0 13.8 67.60000000000001 5.6000000000000005 15.8 53 33.4 15.200000000000001 24.400000000000002 21.6 62.6 8.6 0 0.6000000000000001 0 0 0.2 0.8 1.8 0 0 0 0 0 0 0 0.4 0 0 0.4 0 0 0 0.6000000000000001 0.6000000000000001 0 0.8 0 0 0 0 0 0.4 1.6 0 0.4 0 11.600000000000001 0.6000000000000001 0.6000000000000001 0 0.6000000000000001 0 0 0 0 0 3.6 0 0 0 0 0 0 0 0 0 0 0 0 0 0 4.800000000000001 0 4.6000000000000005 1.6 0 9.200000000000001 2.2 4.4 7.4 1.8 4.6000000000000005 1.2000000000000002 1.8 1.2000000000000002 3 1.2000000000000002 2.4000000000000004 5.2 2.6 0 0.8 0 0 0 0 0 0 0 0 0 0 0 0 0 0 0 0 0 0 0 0 0 0 0 0 0 0 0 0 0 0 3.6 0 0 0 0 0 0 0.4 0 1.4000000000000001 0 0 0 2.6 0 0 0 0 0 0 0 0 0 0 0 0 0 0.8 0 2.4000000000000004 0 6.4 0 2 0.2 0.4 0 4.4 1.2000000000000002 2 0 6.4 4 3 4.2 4 4.4 0 1.6 0 0 0 0 0 0 0 0 2.4000000000000004 0 0 0 0 0 0 0 0 0 0 0 0 0 0 0 0 0 0 0 0 0 0 0 0 0 0 0 0 0 0 0 0 0 0 0 0 0 0 0 0 0 0 0 0 0 1.8 0 0.4 0.4 0 0.6000000000000001 0 0 0 0 0 0 0 0 0 0 0 0 0 0 0 0 0 0 0 0 0 0 0 0 0 0 0 0 0 0 
 0 0 0 0 0.4 0 14.8 14.4 0 0 3.2 0 0 0.4 0 0 0 0 0 0 5.800000000000001 126.60000000000001 8.4 48 57.2 8.4 15 16.2 13.8 0 37.4 25 10 62.6 33.4 114.2 8.4 10.600000000000001 19 15.600000000000001 12.4 2 0 0.6000000000000001 19.200000000000003 0 16.2 8.8 0 0 0 0 3.4000000000000004 0.6000000000000001 12.8 0.8 1 0.2 0.4 16.2 0.8 2.2 11.200000000000001 1 1 0 0.4 0 8.200000000000001 0 0.4 0.2 0 10 0.4 1.2000000000000002 1.6 0.6000000000000001 0.4 0 0 0 0 0 0 0 0 0 0 0 0 0 0 0 0 0 0 0 0 0 9.200000000000001 0 2.8000000000000003 0.2 6 6 0 0.2 0 8.6 5.4 3.2 0 0 0 4.800000000000001 2.8000000000000003 2.4000000000000004 0 0 1.8 4.6000000000000005 0 0 0 0 6 11.4 2.2 0 0 0 8.4 3.6 1.4000000000000001 0 0 0 0 2.4000000000000004 0 0.4 0 0 0 0 0 0 0 0 0 0 0 0 0 0 0 4.800000000000001 12.200000000000001 0.6000000000000001 0 0 2 0.2 0 0 0 3 0 0 0 0 0.4 0 0 0 0 0 0 0 0 2 0.4 2.2 4.2 7 2 0 2.6 2.4000000000000004 5.6000000000000005 2 0 0 0 0 0.4 8.200000000000001 0 0 4.2 2.2 1.8 0 0 0 4 2.2 0 0 0 0 5.6000000000000005 0 3.8000000000000003 4.4 0 0 9 3.4000000000000004 0 0 0 0 0 0 0 0 0 1 0 0 0 2.2 0 0 0 0 0 0 0 0 0.4 0 0 0 0 0 0 0 0 0 0 0 1 0 0 23 16.8 0 2.6 0 0 0 0 0 0 0 0 0 0 0.4 0 0 0 0 0 0 0 0 0 4.4 0 0 0 3.4000000000000004 0 0 0 0 
 0.4 0.4 21.200000000000003 0.4 0.4 1.2000000000000002 0.8 1 1 1.2000000000000002 0.4 0.4 0.4 0.8 0.8 1 0.4 0.4 0.4 0.4 5 47.6 32 21.6 36.4 18.6 24.8 22.6 67.60000000000001 37.4 0 34.2 25.400000000000002 81.60000000000001 70.60000000000001 104.2 21 15 9.200000000000001 11.200000000000001 12.4 0.6000000000000001 0 0 0 0 26.400000000000002 0 0 0 0 0 5.2 0 0.4 0.4 0 0 15.8 5.800000000000001 0.4 0.6000000000000001 0.6000000000000001 0 0.6000000000000001 6.800000000000001 0 0 10 10 0.4 0 0 0.4 0.4 0 0.6000000000000001 0.6000000000000001 0 10 0 0 0 0 0 0 0 0 0 0 0 0 0 0 0 0 0 0 0 0 6.4 0 0 6.2 11.4 2.6 0 0.4 8.200000000000001 6.2 0.2 0 0 2.2 0.2 0.2 1.4000000000000001 2.2 0 0 0 2.4000000000000004 2 0 0 0 3.6 5 0 0 0 0 4.6000000000000005 0.2 4.800000000000001 2.4000000000000004 0 0 2.6 2.2 0 0.8 0 0 0 0 0 0 0 0 0 0 0 0 0 0 0 0 0 1.6 0 0 0.8 0 0 0 0 0 0 0 0 0 0 0 0 0 0 2.2 0 0 2.4000000000000004 0 10.4 12 7.6000000000000005 3.2 0 4 3.4000000000000004 5 7.2 11.8 0 1.6 1.6 5.4 0 4.4 0 0 5.800000000000001 3 0 0 0 0 4.800000000000001 1.8 0 0 0 0 5.2 1.8 0 2.4000000000000004 0 0 1.4000000000000001 5.2 0 0 0 0 0 0 0 0 0 0 0 0 0 0 0 0 0 0 0 0 0 0 2.4000000000000004 0 0 0 0 0 0 0 0 0 0 0 2.2 1 0.6000000000000001 17 14.8 0 3 0.2 0 0 0.2 0 0 0 0 0 0 0 0.4 0 0 0 0 0 0 0 0 0 0 0 0 0 0 0 0 0 
 0 0 0 0 0 0 0.4 0.2 0 0 0.4 0 0.4 0 1 0 0 0 0 0 11.8 37.800000000000004 74.2 31 10.8 69 7 22.400000000000002 5.6000000000000005 25 34.2 0 32 20.200000000000003 21.6 10.200000000000001 27.6 56.400000000000006 5.2 8.200000000000001 12.600000000000001 0.6000000000000001 0.2 0 0.2 0 24.8 0 0 0.8 0 4 13.4 5.2 13.200000000000001 12.8 0 0 14 26 0 0.6000000000000001 0.6000000000000001 0 0 0 0 0 0 0 0.4 0.4 0 0.4 0 0 1.6 0.6000000000000001 0.2 0 0.8 0 0 0 0 0 0 1.6 0 0 0 0 0 0 0 0 0 0 0 0.2 2.6 0 0 0 16.6 9.600000000000001 0 0 0 2.8000000000000003 4 11.8 0 0 0 4.2 4.6000000000000005 0.4 0 0 3.6 0.6000000000000001 3 0 0 0.4 6 2.4000000000000004 0 0 0 0 4.4 10 2.4000000000000004 0.4 6 0.4 10.4 3.4000000000000004 0 1.6 0 0 0 0 0 0 0 0 0.4 0.2 0 0 0 0 0 0 0 1.6 0 0 0.2 1.4000000000000001 0 0 0 0 0 0 0.2 0 0 0 0 0 0 0 0 0 0 0 6 2 0 4 0 3.6 8.8 0 4.6000000000000005 2.6 3 0 1.4000000000000001 2.6 6.6000000000000005 4 0 0 14.200000000000001 0 1.8 0 0 0 8.4 3.2 0 0 0 0 2.6 2 0 4.800000000000001 3.2 0 1.6 8.200000000000001 0 0 1.8 0 0 0 0 0 0 0 0 0 0 0 0.2 0 0.2 0.4 0 0 0 0 0 0 0 0 0 0 0 0 0 0 0 0 3.6 0 0 2 0.6000000000000001 0.2 0.6000000000000001 0.4 0 0 0 0 0 0 0 0 0 0 0 0 0 0 0 0 0 2 0 0 0 0 0 0 0 0 0 0 
