 0 45.2 12 18.6 5 49.6 40.400000000000006 9.600000000000001 51.6 9 23.8 47 31.400000000000002 30.200000000000003 91.4 88.4 23.8 6.800000000000001 26.400000000000002 19.8 0 0.6000000000000001 0.6000000000000001 0.4 0 0.2 0.6000000000000001 0 0.4 0.6000000000000001 0 0.6000000000000001 0.4 0 0 1 0 0.2 0 0 0.4 0.6000000000000001 0.4 0 0.6000000000000001 0 0 0 0 0 0 0 1.2000000000000002 0.2 0.8 0 0 0 0.6000000000000001 0 0 0 0.4 0 13.200000000000001 0 0.4 0.6000000000000001 0 0.4 0 0 0 0 0.2 0 0.6000000000000001 0.6000000000000001 0.4 0 10.200000000000001 4.800000000000001 2.8000000000000003 1.8 2 0 0.2 0 0 2.6 0 0 0 2.8000000000000003 12.8 2 0.2 0.2 4 13.8 0 0 0 0 0 0 0 0 0 0 0 0 0 0 0 0 0 0 0 0 0 0 0 0 0 0 2.8000000000000003 2.8000000000000003 0 0 0 0 0 0 0 0 0 0 0 0 0 0 0 0 0 0 0 0 0 0.4 0 0 0 0 0 0 0 0 0 0 3.6 2.6 4.2 0 0 0 2.2 4.6000000000000005 3.6 1.4000000000000001 0 0 3.2 2 1.4000000000000001 2 0.2 3 0 1.6 0 0 0 0 0 3 0 0 0 0 0 0 0 1.2000000000000002 0 0 0 0 0 0 0 0 0 0 0 0 0 0 0 0 0 0 0 0 0 0 0 0 0 0 0 0 0 0 0 2.8000000000000003 0 0 0 0 0 0 0 0 0 0 0 0 0 0 0 0 0 0 0 0.4 0 0.4 1.2000000000000002 0 0 3 3.8000000000000003 0 0 0 0 0 0 0 0 0 0 0.2 0 0 0 0 0 0 0 0 0 0 0 0 0 0 0 0 0 0 0 0 0 0 0 0 0 0 
 45.2 0 21 57.800000000000004 10.600000000000001 24.6 20.200000000000003 19.6 12.600000000000001 9.8 7.6000000000000005 25.8 9.4 78 52.6 28.8 95.2 8 14.600000000000001 11 0 0.6000000000000001 0.6000000000000001 0.4 0 0 0.6000000000000001 0 0.4 0.6000000000000001 0 0.6000000000000001 0 0 0 0 0 15.600000000000001 0 0 0.4 0.6000000000000001 0.4 0.4 0.6000000000000001 0 0 0 0 0 0.4 0 0.4 0 0 0.6000000000000001 0 0.6000000000000001 1.2000000000000002 0 0 0.6000000000000001 0.4 0 0 0 0.4 0.6000000000000001 0 0.6000000000000001 0 0.4 0 0.4 0 0 0.6000000000000001 0.6000000000000001 7 0 5.6000000000000005 2.2 3.8000000000000003 0 4 0 2.6 4.6000000000000005 3.2 0 0 0 3.8000000000000003 0 2.2 2.2 0 0 4.4 9.200000000000001 0 0 0 0 0 0 0 0 0 0 0 0 0 0 0 0 0 0 0 0 0 0 0 0 0 0 0 0 0 0 0 0 0 0 0 0 0 0 0 0 0 0.4 0.2 3 0 0 0 0 0 5.800000000000001 0 0 0 0 0 0 0 0 0 0 13 0 3.4000000000000004 0 0 0 4.2 4.2 8.4 0 0 0.2 0 0 1 7 2.4000000000000004 3 0 0 3.6 0 0 0 0 0 0 0 0 0 0 0 0.4 2 2.8000000000000003 0 0 0 0 0 0 0.4 0 0 0 0 0 0 0 0 0 0 0 0 0 0 0 0 0 0 0 0 0 0 0 0 0 0.2 0 0 0 0 0 0.2 0 0 0 0 0 0 0 2 0 0 0 0 0.4 0 0.6000000000000001 0.4 0 1 0 0 0 0 0 0 0 0 0 0 0.2 0 0 0 0 0 0 0.4 0 0 0 0 0 0 0 0 0 0 0 0 0 0 0 0 0 0 0 0 
 12 21 0 124 76 68.4 14.4 38.800000000000004 43.800000000000004 51.400000000000006 89 10.4 32.4 8.8 10.8 71.2 28.8 45.400000000000006 10.600000000000001 13.8 0.2 0.6000000000000001 0.6000000000000001 22.8 0 0 0.6000000000000001 0 0.4 0.6000000000000001 0 0.6000000000000001 0 14.8 0.8 0 0.4 0.4 32.800000000000004 14.8 0.4 0.6000000000000001 0.4 0 0.6000000000000001 0 0 0 0 0 0 5.800000000000001 0.4 0.2 0 0 0 0 0.6000000000000001 5.4 0 1.4000000000000001 1.6 0 0 0 0.4 0.6000000000000001 0 0.4 2.4000000000000004 0 0.8 0 0 0 0.6000000000000001 0.6000000000000001 0 0 0 0 0 1.8 6.800000000000001 2.2 0 2.6 0 0 10.600000000000001 5.4 0 0 0 6.800000000000001 3 6.2 0 0 0 0 0 0 0.2 0 3 0 0 0 0 0 0.4 6 2 0 0 0 0 3.2 0 0 0 0 0 0 0 0 0 0 0 0 0 0.4 0 0 0 0 0 0 0 0 0 1.6 0 0 0 0 0 0 0 0 0 0 0.2 0 0 0 0 0 0 2 0 7.2 13.8 0 0 2 0.2 7 7.2 13.4 0 0 2 2 2 6 0 2 0 0 0 0 0 0 0 3.2 0 0 0 0 0 0 0 0 0 0 4.800000000000001 2.4000000000000004 0 0 0 0 0 0 0 0 0 0 0 0 0 0 0.2 0 0 0 0 0 0 0 0 0 0.4 0 0 0 0 0 0 0 0 0 0 0 0 0 0 0 0 0 0 0 0 17.8 0 0 0 18 6.800000000000001 2.6 0 0 0 0 0 0 0 0 0 0 3 0 0 0 0 0 0 0 0 0 0 0 0 0 0 2 0 0 0 0 0 0 0 0 0 0 0 0 
 18.6 57.800000000000004 124 0 60.2 35.6 65.8 38.2 20.200000000000003 92 90.80000000000001 40.800000000000004 33 77.2 73.60000000000001 50.800000000000004 30.400000000000002 30.8 43.400000000000006 58.400000000000006 0 0.6000000000000001 0.6000000000000001 0.4 0 0 31.6 0 0.4 1 0 0.6000000000000001 0 0 16 0 0.4 0.6000000000000001 37.6 0.2 0.4 1 0.6000000000000001 0 1.2000000000000002 0 0 0 0 0 0 0 0.4 0.6000000000000001 0.4 0.4 0 0 0.6000000000000001 0 0 0 0.6000000000000001 0 0 0 0.6000000000000001 1.4000000000000001 0 0.4 0 0.6000000000000001 0 0 0 0 0.6000000000000001 0.6000000000000001 0.8 0 2.8000000000000003 1.4000000000000001 2 1.4000000000000001 0 2 0 0.6000000000000001 2.8000000000000003 4.4 0 1.2000000000000002 0 5.800000000000001 3 0 4 2.4000000000000004 3 0 0 0.2 0 0 0 0 4 0 0 2 0 0 2.4000000000000004 1.6 0 0 0 0 0 6.6000000000000005 0 0 0 0 0 0 0 0 0 0 0 0 0.4 0 0 0 0 0 0 0 0 0 0 1.6 0 0 0 0 0 0 0 0 0 0 0 0 0 0.2 0 0 2.2 3.8000000000000003 0.2 6.800000000000001 3.8000000000000003 0 0.4 5.800000000000001 2.8000000000000003 0 6 3.8000000000000003 0 0 1.6 0 2.6 5.6000000000000005 0 9.200000000000001 0 0 0 0 0.2 0 0 5.2 2 0 0 0 11 0 0.4 0 0 0 0 0 0 0 0 0 0 0 0.2 0 0 0 2.8000000000000003 0 0 0 0 3.2 0 0.2 0 0 0 0 0 0 0 0 0 0 0 0 0 0 0 0 0 3.2 0 0 0 0 0 0 0 0 0 0.4 0 0 0.4 0.6000000000000001 2.6 1.2000000000000002 0 0 0 0 0 0 0 0.2 0 0 0 0 0 0.4 0 0 0 0 0 0 0 0 0 0 0 2 0 0 0 0 0 0 0 0 0 0 0 0 
 5 10.600000000000001 76 60.2 0 72.2 10 40.800000000000004 32 19.400000000000002 87.60000000000001 9.8 13 58.6 30 17.400000000000002 28.6 26 40.400000000000006 16.400000000000002 7.2 0.6000000000000001 15.8 7.4 0 0 0.6000000000000001 14.8 0.4 0.6000000000000001 0 0.6000000000000001 21.8 0.2 29.200000000000003 0 0 0 16.2 8.4 0.4 0.6000000000000001 0.4 0 0.6000000000000001 0 0 0 12.4 6 0 0 0.4 0.2 0 0.4 0 0 0.6000000000000001 0 0 0.8 0.4 0 0 0 0.4 0.6000000000000001 0 0.4 0.4 0 0 0 0 0 0.6000000000000001 0.6000000000000001 0 0 0 0 0 5 2.6 2.2 0 2.2 0 0 10.4 4.800000000000001 0 0 0 4 0 0.2 0 0 6.800000000000001 0.6000000000000001 0.4 0 0 0 5.4 1.6 3.6 0 0.2 0 0 1.6 4.2 2.2 2.6 0 3.2 3.6 0 1.8 0 0 0 0 0 0 0 0 0 0 0 0 0 0 0 0 0 0 0 0 0 0 0 0 0.4 0 0 0 0 0 0.2 0 0 0 0 0 0 0 0 0 0 3.8000000000000003 0.2 9.4 2.4000000000000004 0.2 0 1.8 0 1 0 0 0 2.6 0.2 2.6 0 0 2.4000000000000004 0 6.6000000000000005 0 0 0 3.4000000000000004 3 0 2.8000000000000003 0 0 5.2 6.6000000000000005 4 0 2 0 4.6000000000000005 8.8 0 0 0 0 0 0 3 0 0 0 0 0 0 0 0 0 0 2 0 0 2.8000000000000003 0 0 0 0 0 0 0 0 0 0 0 0 0 0.4 0.2 0 0 0 0 0 0 0 0 0 0.6000000000000001 18 0 0.2 0.8 0 0.6000000000000001 0.4 0 0 0 0 0 0 0 0 0 3.4000000000000004 0 0 0 0 0 0 0 0 0 0 0.2 0 0 0 0 0 0 0 0 0 0 0 0 0 0 0 0 
 49.6 24.6 68.4 35.6 72.2 0 5.4 22.200000000000003 25.200000000000003 27.200000000000003 50.2 54.800000000000004 12.8 10.4 12.8 75.8 35.800000000000004 9.4 9.4 9.8 0 2.8000000000000003 43 3 0.6000000000000001 0.4 3.2 0 0.4 0.6000000000000001 2.2 0.6000000000000001 46.400000000000006 0 14.600000000000001 0 0 0.6000000000000001 1 16.400000000000002 0.4 0.6000000000000001 0.6000000000000001 0 0.6000000000000001 0 0 0 0 14.600000000000001 0 0 1 0.6000000000000001 0.4 0 0 0 0.6000000000000001 0 0 0 0.6000000000000001 0 0 0 0.6000000000000001 0.6000000000000001 0 0.4 1.2000000000000002 0.2 0.2 0.4 0.4 0 0.6000000000000001 0.6000000000000001 0 0 0 0 3.2 2.2 2 8.8 0.2 0 1.8 6.4 0.4 7.4 0 0 0.2 1.8 0 0 0 2.2 3 0 0 2.4000000000000004 0.4 0 3.8000000000000003 0 0 0 0 0 5 2.8000000000000003 0.2 0.2 0 0 7.4 9.4 0 0 0 0.6000000000000001 0 0 0 0 0 0 0 4.2 2.4000000000000004 0 0 0 0 0 0 0 0 0.2 0 0 0 0.4 0 0 0 0 0.4 1.4000000000000001 0 3 0.4 0 0 0 0 0 1.6 3 3.4000000000000004 3.6 0 0 1.8 0.2 2.2 5.800000000000001 0 0 0 1.2000000000000002 0 1.4000000000000001 3 7 0 0 2 0 1 3 3 0 4 12.4 3.8000000000000003 0.6000000000000001 0 0 2.2 12.4 0 0 0 6.2 0.8 5.800000000000001 0 0 0 1 0 0 0 0 0 0 0 0 0 2.8000000000000003 0 0 0 0 0 0 0 0 0 0 0 0 0 0 0 0 0 0 0 0 0 0 0 0 0 0.4 0 1 0 0 0 1.4000000000000001 0.4 0 0.2 0.6000000000000001 0 2.2 0 0 0 0 0 0 0 0 0 0 2.8000000000000003 0 0 0 0 0 0 0 0 0 0 0 0 2 0 0 0 0 0 0 0 0 0 0 0 0 0 2.6 
 40.400000000000006 20.200000000000003 14.4 65.8 10 5.4 0 104.2 62.2 63 11 14.600000000000001 49.2 52.800000000000004 31.8 25.6 6.6000000000000005 15.4 52.2 12.4 0 0.6000000000000001 0.6000000000000001 0.4 0 0 0.6000000000000001 0 0.4 0.8 0 0.6000000000000001 0 0 0 0 0.2 0 0 0 0.4 0.6000000000000001 0.6000000000000001 0.4 4.800000000000001 0 0 0.2 0.2 0.4 0.4 0 0.4 0.2 14.200000000000001 0.6000000000000001 0 1 1.2000000000000002 0 0 0.6000000000000001 0.4 0 0 0 0.4 0.6000000000000001 0 0.6000000000000001 0 0.4 2 0.4 0.6000000000000001 0 0.6000000000000001 0.6000000000000001 3.8000000000000003 2 4.2 1.8 4.6000000000000005 2.4000000000000004 0 0 1.4000000000000001 4.800000000000001 0.2 8.200000000000001 0 0 3.2 7.2 4.2 0 5.800000000000001 2.4000000000000004 6 0 0 0 0 0 0 0 0 0 0 0 0 0 0 0 0 0 0 0 0 0 0 0 0 0 0 0 0 0 0 0 0 0.4 0 0 0 0 0 0 0 0 0.4 0 0 0 0 0 0 0 0 3.2 0 0 0 0 0 0 0 0 0 0 4.2 4 2 0.4 0 0 0 0 0.4 0 9.4 4 0.4 0 3.8000000000000003 2.6 2.6 2.6 3 3 0 0 0 0 0 6 0 0 2.8000000000000003 0 0 0.4 0 0 0 0 0 0 0 0 0 0 0 0 0 0 0 0 0 0.2 0 0 0 0 0 0 0 0 0 4.4 0.2 0 0 0 0 0 0.8 0 0.8 0 0 0 0 0 0 0 0 0 0 0 0 0.4 0 0 0 0.4 23.400000000000002 0.2 0 0 0.4 1 2 0 0 0 0 0 0 0 0 0 0 0 0 0 0 0 0 0 0 0 0 0 0 0 0 0 0 0 0 0 0 0 0 0 0 0 0 0 
 9.600000000000001 19.6 38.800000000000004 38.2 40.800000000000004 22.200000000000003 104.2 0 80.60000000000001 60.800000000000004 31.6 44.2 46.6 100.60000000000001 68 11.200000000000001 83.2 60.6 10.4 23.200000000000003 0 0.6000000000000001 0.6000000000000001 0.4 0 0 0.6000000000000001 0 0.8 0.6000000000000001 0 0.6000000000000001 0 0 0.4 0 0 0 15 0.4 0.4 0.6000000000000001 0.4 0 0.6000000000000001 0 0 0 0 0 0 0 1 0.4 0 0 0 0 0.6000000000000001 0 0 0 0.6000000000000001 0 0 0 0.4 0.6000000000000001 0 0.4 0 0 0 0 0 0 0.6000000000000001 0.6000000000000001 2.4000000000000004 20.8 3 1.6 0 4.4 0 0 4.2 9.200000000000001 2.8000000000000003 0 3.8000000000000003 3.6 4.4 5 4.2 2.6 5.2 2.4000000000000004 5.800000000000001 0 0 0 0 0 0 0 0 0 0 0 0 0 0 0 0 0 0 0 2 0 0 0 0 0 0 0.4 0 0 0 0 0 0 0 0 0 0 0 0 0 0 0 0 0 0 0 0 0 0 0 1.2000000000000002 0 0 0.4 0.4 0 0 2 0 0 0 10 3.2 0 3.4000000000000004 6.4 0 2.6 0 0 1.4000000000000001 6 2.8000000000000003 0 0 3.4000000000000004 5.4 2.2 12.200000000000001 0 1.8 0 0 0.2 0 0 0 0 0 0 0 0 0 2 0 0 0 0 0 2 1.8 0 0 0 0 0 0 0 0 0 0 0 0 0 0 0 0 0 0 0.2 0 0 0 0 0 0 0 0 0 0 0 0 0 0 0 0 0 0 0 0.4 0 0 0 0 0 0 0 0.2 0 17.6 0 5.6000000000000005 1 0.8 0 0 0 0 0 0 0 0 0 6 0 0 0 0 0 0 0 0 0 0 0 0 0 1.8 0 0 0 0 0 0 0 0 0 0 0 0 0 
 51.6 12.600000000000001 43.800000000000004 20.200000000000003 32 25.200000000000003 62.2 80.60000000000001 0 91.2 6.800000000000001 48.6 75.4 34.800000000000004 77 79.80000000000001 35.4 31 13.4 13.4 0 0.6000000000000001 0.6000000000000001 0.4 0 4.2 0.6000000000000001 0 0.4 0.6000000000000001 0 0.6000000000000001 0 0 0 0 0 0.4 15 0 0.4 0.6000000000000001 0.4 0 0.6000000000000001 0 0 12.8 0 0 0 0 0.4 0.2 0 0 0 0 0.6000000000000001 0 0 0 0.4 0 0 0 0.4 0.6000000000000001 0 0.4 0 0 3.4000000000000004 0 0 0 0.6000000000000001 0.6000000000000001 0 0 6.6000000000000005 0 0.4 0 2.2 4.2 0 7 2.4000000000000004 1 9 4.2 0 0 0 2.6 0.4 14.4 0 0 0 0.8 0 0 0 0 0 0 0 0 0 0 3 6.800000000000001 0.4 0 0 0 0 0 0 0 0 0 0 0 0 0 0 0 0 0 0 0 0 0 0 0 0 0 0 0 0 0.4 0 0 0 0 0 0 0 0 0 0 0 0 0 0 0 0 3 5.800000000000001 2.2 2 1.8 0 0 1.6 0 9.600000000000001 0.4 11 0 1.8 7.6000000000000005 0 2.8000000000000003 7 4.6000000000000005 1.2000000000000002 0 0 3 0 0 0 0 0 0 0 0 0 0 0.2 0 0 0 0 10.600000000000001 2.2 0 0 0 0 0 0 0 0 0 0 0 0 0 0 0 0 0 0 0 0 0 0 0 0 0 0 0 0 0 0 0 0 0 0 0 0 0 0 0 0 0 0 0 0 0 0 17.8 0 9.600000000000001 35.6 0.6000000000000001 0.4 0 0 0 0 0 0 0 0 0 0 0 0 0 0 0 0 0 0 0 1.8 0 0 0 3.8000000000000003 2 1.8 0 0 0 0 0 0 0 0 0 0 0 4.2 
 9 9.8 51.400000000000006 92 19.400000000000002 27.200000000000003 63 60.800000000000004 91.2 0 16 53.800000000000004 30.400000000000002 20.200000000000003 63.400000000000006 159.20000000000002 15.4 11.200000000000001 14.200000000000001 34.4 0 0.8 0.6000000000000001 0.4 0 0 42.2 0 0.4 0.2 0.4 0.6000000000000001 0 0 0 0 0 0.4 23.400000000000002 0.2 0.4 0.6000000000000001 0.4 0 0.6000000000000001 0 0 0 0 0 0 0 13.8 0 0.4 0 0 0 0.6000000000000001 0 0 0 6.800000000000001 11.8 0 0 0.4 0.6000000000000001 0 0.4 0 0 0 0 0.2 0 0.6000000000000001 0.6000000000000001 0.8 0 3.2 1.6 19.400000000000002 0 0 6.800000000000001 3.2 0 4 7.6000000000000005 0 5 0 2.6 2.6 10 4.4 5.6000000000000005 2.8000000000000003 0 0 0 0 0 0 0 1.4000000000000001 0 0 0 0 0 2.2 2.8000000000000003 0 0 0 0 4.4 5.4 0 0 0 0.2 0 0 0 0 0 0 0 0 0 0 0 0 0 0 0 0 0 0.4 0 0 0 0.2 0 0 0 0 0.2 0.2 0 0 0.2 0 0 0 0 0 2.6 5.800000000000001 2.4000000000000004 0.6000000000000001 2.6 0 0 0 0 3.2 4.2 5.2 0 1.2000000000000002 4.800000000000001 0.2 2.8000000000000003 3.4000000000000004 4 0 0 0 0 0.4 0 0 0 0 0 0 0 0 0 0 0 0 0 0 0.4 0 0 0 0 0 0 3.2 0 0 0 0 0 0 1 0 0 0 0 0 0 0 0 0 0 0 0.4 0 0 0 0 0 0 0 0 0 0 0 0 0 0 0.2 0 0 0 0 0 0.6000000000000001 17.400000000000002 0 0.4 0 2.8000000000000003 2.4000000000000004 3.8000000000000003 0 0 0 0 0 0 0 0 0 0 0 0 0 0 0 0 0 0 0 0 0.4 0 10.8 1.2000000000000002 0 0 0 0 0 0 0 0 0 0 0 0 2.4000000000000004 
 23.8 7.6000000000000005 89 90.80000000000001 87.60000000000001 50.2 11 31.6 6.800000000000001 16 0 29.8 5.2 85 33 22.6 37 30.8 34.6 50 0 0.6000000000000001 1 1 0 0 0.6000000000000001 0 0.4 0.6000000000000001 16.400000000000002 0.6000000000000001 4.800000000000001 0.6000000000000001 0.6000000000000001 0 0.4 0 15.200000000000001 20.6 0.8 0.6000000000000001 0.8 0.4 0.6000000000000001 0 0 0 0 7.2 0 0 1 0.4 12.600000000000001 0 0.6000000000000001 0 0.6000000000000001 0.6000000000000001 0.4 0.4 0.4 0.2 0 0 0.4 0.6000000000000001 0 0.8 0 0 1.6 0 0.4 0 0.6000000000000001 0.6000000000000001 0 0 0 0 3 9.4 0.8 3.2 0 4.800000000000001 5.4 4.800000000000001 10.200000000000001 9.200000000000001 0 0 0 3.8000000000000003 0 8.200000000000001 0 0 0 0 0 0 0 0 5.800000000000001 1.8 3.8000000000000003 0 2.6 0 0.4 3.8000000000000003 1.8 0 0 0 6.2 2 0.4 0 3.2 0 0 0 0 0 0 0 0 0 0 0 0 0 0 0 0 0 0 0 0.4 0 0 0 0 0 0 0 0 0.8 0 0 0 0 0 0 0 0 0 2.8000000000000003 8.200000000000001 4 4.6000000000000005 2 3 0.8 1 8.4 2 2.8000000000000003 0 0 0 1.6 0 3.6 0 0 1 0 0 0 0 0 0 3.8000000000000003 0 0 0 0 5.800000000000001 0.4 2.6 0 1.8 0 15.600000000000001 4 0 0.2 0 0 0 0 0 0 0 0 0 0 0 0 0 0 0 0 0 0 0 0 0 0 0 0 0 0.4 0 0 0 0 0 0.4 0 3.2 0 0 0 0 0 0 0 0 0 0.4 0.4 0.2 0 0.4 0 3.6 0 0 0 0 0 0 0 0 0 0 1.6 0 0 0 0 0 0 0.2 0 0 0 0 0 0 0 0 0 0 0 0 0 0 0 0 0 0 0 0 
 47 25.8 10.4 40.800000000000004 9.8 54.800000000000004 14.600000000000001 44.2 48.6 53.800000000000004 29.8 0 26.200000000000003 34 17.2 32.800000000000004 46.2 33.4 6.800000000000001 6.800000000000001 0 1.2000000000000002 1.2000000000000002 0.4 0 0 0.6000000000000001 1.8 0.6000000000000001 1.2000000000000002 0.4 1 0.2 0 5.6000000000000005 0 0 0 5.2 0 0.4 0.6000000000000001 0.4 0 0.6000000000000001 0.6000000000000001 0.6000000000000001 0.4 0 0 0 0 0.4 0.4 0.6000000000000001 0 0 0 1 0 0 0 0.6000000000000001 0 0 0 0.4 0.6000000000000001 0 0.4 0 0.8 0.6000000000000001 0.6000000000000001 0.4 0 0.6000000000000001 0.6000000000000001 0.8 0 3.6 2 3.8000000000000003 7 3.2 5.800000000000001 0.2 3.6 6.800000000000001 5 0 4.4 0 5.2 2.2 10.600000000000001 6.4 0 0 0 0 0 0 0 0 2.8000000000000003 1.4000000000000001 0 3.8000000000000003 6 0 0 4.2 3 0.2 0 0 0 2.8000000000000003 1.4000000000000001 0 0 0 0 0 0 0 0 0 0 0 0 0 0 0 0 0 0 0 0 0 0 0 0 0 0 0 0 0 0 0 0 0 1.4000000000000001 0 0 0 0 0 0 2.6 6.6000000000000005 7.800000000000001 0.2 0 0 0 0 0 8.200000000000001 2.4000000000000004 1.4000000000000001 0 1.2000000000000002 3.2 0 2.6 3.6 0 1.8 0 0 0 0 0 0 0 0 3.8000000000000003 0 0 0 3 0.4 2.8000000000000003 0 0.2 4 0.2 0 0 0.4 0 0 0 0.4 0 0 0 0 0 0 0 0 0 0 0 0 0 0 0 0 0 0 0 0 0 0.2 0 0 0 0 1.6 2 0 0 0 0 0 0 0 0 0 0 0 0.4 0.6000000000000001 0.2 16.8 0.4 0.4 3.2 3.2 0 0 0 0 0 0 0 0.4 0 0 0 0 0 0 0 0 0 0 0 0 0 0 3.4000000000000004 0 0 0 0 0 3.8000000000000003 0 0 0 0 0 0 0 0 
 31.400000000000002 9.4 32.4 33 13 12.8 49.2 46.6 75.4 30.400000000000002 5.2 26.200000000000003 0 16.8 47.400000000000006 44 9.600000000000001 6 19.200000000000003 46.6 0 0.6000000000000001 0.6000000000000001 0.4 16.2 0.4 0.6000000000000001 0 0.4 0.4 0 0.6000000000000001 0 0 0.2 0 0 0 0 0 0.4 0.6000000000000001 0.4 0 0.6000000000000001 0 0 0 0 0 0 0 0.4 0.2 0 0 0.2 0 0.6000000000000001 0 0 0 0.4 0 0 0 0.4 7 0 0.4 0 0 0 0 10.4 0 0.6000000000000001 0.6000000000000001 1.4000000000000001 7 2.6 4.4 1.8 0.6000000000000001 0 4 6.6000000000000005 0 0.2 2.6 0 2.6 0 6.800000000000001 4.2 1.8 9.200000000000001 1.2000000000000002 1.8 0 0 0 0 0 2.2 0 0 0 2.6 0 0 0 0.2 0 0 0.2 0 0 2.2 0 0 0 0.4 0 0 0 0 0 1 0 0 0 0 0 0 0 0 0 0 0 0 0 0 0.8 0 0 0 0 0 0 0 0 0 0 0 0 0 0 0 0 2 7.4 2.6 2.2 0 0 0 1.8 0 0 2.6 4.2 0 1.8 2 0.2 7.2 12 2.6 4.800000000000001 0 0 0 0 0 0 0 0 0 0 0 0 0 0 0 0.2 0 0 0 0 0 0 0 0 0 0 0 0 0 0 0 0 0.2 0 0 0 0 0 0.2 0 0 0 0 0.4 0 0 0 0 0 0 0 0 0 0 0 0 0 0 0 0 0 0 0 0 0 0.2 0 0 0.4 0 0.2 2.2 2.6 0 0 0 0 0 0 0 0 0 0 0 0 0 0 0 0 0 0 0 0 0 0 2.4000000000000004 0 0.4 0 0 0 0 0 0 0 0 0 0 0 0 
 30.200000000000003 78 8.8 77.2 58.6 10.4 52.800000000000004 100.60000000000001 34.800000000000004 20.200000000000003 85 34 16.8 0 74 25.200000000000003 31 4.6000000000000005 58.6 36.4 0 0.6000000000000001 0.6000000000000001 0.8 0.4 0 0.6000000000000001 0.2 0.4 0.6000000000000001 0 0.6000000000000001 0 0 0 0 0.4 0.6000000000000001 0 0 0.4 0.6000000000000001 0.4 0 0.6000000000000001 0 0 0 0 0 0 0 0.4 0.2 0 0 0 0 0.6000000000000001 0 0 0 0.4 0 0 0 0.4 0.6000000000000001 0 0.4 6.6000000000000005 0 0 0 8.8 0 0.6000000000000001 16.6 1.2000000000000002 0 5.6000000000000005 6 5.6000000000000005 7.800000000000001 0.2 0.4 2 0.2 2.8000000000000003 3.8000000000000003 1 0 0 5.4 8.4 3.6 3.8000000000000003 0 3.4000000000000004 5.4 2.6 0 0.4 0 0 0 1.4000000000000001 1.6 0 0 0 0 3 0.6000000000000001 0 0 0 0 0 0 0 0 0 0 0 0 0 0 0 0 0 0 0 0 0 0 0 0 0 0 0 0 0 0 0 0 0 0 3.6 1.2000000000000002 0 0 0.2 0 0 0 0 0 0 0 1.8 2.4000000000000004 3.4000000000000004 0 0 0 9 6.2 3.4000000000000004 0.2 0 2 0 0 2 10.8 0 2.4000000000000004 3.6 2.2 0 0 0 0 0 0 0 0 0 0 0 0 0 0 0 0 0 0 0 0.2 0 0 0 0 0 0 0 0 0 0 0 0 0 0 0 0 0 0 0 0 0 1.4000000000000001 0 0 0 0 0 0 0 0 0 0 0 0 0.4 0.2 0 0 0 0 0 0 0 0 0 0.4 17 0 0 0 0.4 0.8 0 0 0 0 0 0 0 0 0 0 0 0 0 0 0 0 0 0 0 0 0 0.4 0 0 0 0 0 0 0 0 0 0 0 0 0 0 0 0 
 91.4 52.6 10.8 73.60000000000001 30 12.8 31.8 68 77 63.400000000000006 33 17.2 47.400000000000006 74 0 14.4 27.200000000000003 28 28.200000000000003 67.60000000000001 0.6000000000000001 0.6000000000000001 0.6000000000000001 0.4 0 0 0.6000000000000001 0 0.8 0.4 0 0.6000000000000001 0 0 0.4 0.4 0 0 3 0.2 0.4 0.6000000000000001 0.4 0 0.6000000000000001 0.4 0 0 0 0 0 0 0.8 0.2 0 0 0 0.2 1 0.4 0.4 0.4 0.4 0 0 0 0.4 0.6000000000000001 0.6000000000000001 0.4 0.4 11.600000000000001 0 0 0 0 0.6000000000000001 0.6000000000000001 1 0 2.2 6.800000000000001 2.4000000000000004 4 3 0.2 2.4000000000000004 3.6 4.4 1.8 6.2 0 3.4000000000000004 4.800000000000001 11 7.800000000000001 7.6000000000000005 0 2.4000000000000004 2.8000000000000003 0 0 0.2 0 0 0 0 0 0 0 0 0 0 0 0.2 0 0 0 0 0 0 0 0 0 0 0.4 0 0 0 0 0 0 0 0 0 0 0 0 0 0 0 0 0 0.2 0 0 0 0 0 0.8 0 0 0.4 0.4 0 0 0 0 0 0 3.8000000000000003 5 6.4 3.2 0 0 0 2.2 2.6 0 2 2 0 0 0.2 4 2.6 2 4.2 1 0 0 0 0 0 0 0 0 0 0 0 0 0 0 0 0 0 0 0 0.4 0 0 0 0 0 0 0 0 0 0 0 0 0 0 0 0 0 0 0 0 0 0 0 0 0 0 0 0 0 0 0 0 0 0 0.2 0.4 0 0 0 0 0 0 0 0 0 0 0.2 0 0.6000000000000001 0.4 0.4 3.6 2.6 0 0.4 0 0 0 0 0 0 0 0 0 0 0 0 0 0 0 0 0 0 0 0 0.2 0 0.2 0 0 0 0 0 0 0 0 0 0 0 0 
 88.4 28.8 71.2 50.800000000000004 17.400000000000002 75.8 25.6 11.200000000000001 79.80000000000001 159.20000000000002 22.6 32.800000000000004 44 25.200000000000003 14.4 0 12.600000000000001 73 27.200000000000003 34.800000000000004 0 0.6000000000000001 1 0.4 0 0 15.4 0 0.4 0.4 0 0.6000000000000001 15.600000000000001 0.2 0 0 0 0 0 9.8 0.4 0.6000000000000001 0.4 0 0.6000000000000001 12.8 0 0 0 0 0 0 0.4 0.2 0 0 0 0 0.6000000000000001 0 0 0 0.4 0 0 0 0.4 0.6000000000000001 0 0.4 0 0 1.4000000000000001 0 0 0 0.6000000000000001 0.6000000000000001 0 0 3.4000000000000004 0 0.4 2.6 5.6000000000000005 1.8 0 5.800000000000001 0.2 6.800000000000001 6.800000000000001 3.8000000000000003 0 0 0.2 9.8 0.2 5.4 3.2 1.6 0 0 0 0 0 0 0 0 0 0.6000000000000001 0 0 2.4000000000000004 2.4000000000000004 0 0 0 0 0 0.2 0 0 0 0 0 0 0 0 0 0 0 0.2 0 0 0 0 0 0 0 0 0 0 0 2 0 0 0 0 0 0 0 0 0 0 0 0 0 0 0 0 4 4.6000000000000005 8 0 4.4 0 0 6.6000000000000005 1.8 2.6 2.4000000000000004 3 0 5.800000000000001 4.800000000000001 0 0.2 3.2 0 5 0 0 0 0 0 0 0 0 0 1.8 0 0.2 0.2 0 0 0 0 0.2 2 0 0 0 0 0 0 0 0 0 0 0.4 0 0 0 0 0 0.4 0 0 0 0 0 0 0 0 0 0 0 0 0 0 0 0 0.2 0 0 0 0 0 0 0 0 0.2 0 0 0 0 0.4 0 18.2 0 0.2 1.2000000000000002 0 0 0 0 0 0 0 0 0 0 0 0 0 0 0 0 0 0 0 0 0 0 0 2.2 2.4000000000000004 4.2 0 0 0 0 0 0 0 0.2 0 0 0 0 
 23.8 95.2 28.8 30.400000000000002 28.6 35.800000000000004 6.6000000000000005 83.2 35.4 15.4 37 46.2 9.600000000000001 31 27.200000000000003 12.600000000000001 0 39 12 8.4 0 0.6000000000000001 1.4000000000000001 0.4 0 0 0.8 0 0.8 0.6000000000000001 0 0.6000000000000001 0 1.2000000000000002 0 0.8 0 0 14.600000000000001 15.4 0.4 0.6000000000000001 0.4 0 1.8 1.2000000000000002 0 0 1.2000000000000002 0 0 0 0.4 0.4 0.4 0 0 0 0.6000000000000001 0 0 1.2000000000000002 1.4000000000000001 0 0 0 1.6 0.8 7.2 0.4 0.2 0 0.8 0.8 0 0 0.6000000000000001 0.6000000000000001 0 0 3.2 0 3.6 3.2 10.8 1.6 2.6 4 8 3 3.8000000000000003 10.4 0 0 0 5.6000000000000005 0 6.6000000000000005 0 0 0 0 0.4 0 0 0 1.6 0 0 0 0 0 0 5 0 2 0 0 2.8000000000000003 2.8000000000000003 0 0 0 0 0 0.2 0 0 0 0 0 3.2 0 0 0 0 0 0 0 0 0 0 0 0 0 0 0 0 0 0 0 1 0.2 0 0 0 0 0 2.4000000000000004 0 1.8 2.4000000000000004 4.6000000000000005 0 5.6000000000000005 0 0 0.4 2.4000000000000004 8.8 3.8000000000000003 2.6 0 0 3.4000000000000004 0 4.4 4.6000000000000005 0 0 1.6 0 0.2 0 0 0 0 0 0 0 0 0 3.2 0 2.6 0 0 2.6 3.2 0 0 0 0 0 0 0 0 0 0 0 0 0 0 0 0 0 0 0 0 0 0 0 0 0 0 0 0 0 0 0 0 0 0 0 0.4 0.2 0 0 0.2 0 0 3.8000000000000003 0 0 0 0.8 17.400000000000002 0.2 18 17.2 0.2 2.4000000000000004 0 0 0 0 0 0 0 0 0 0 0 0 0 0.2 0 0 0 0 0 0 0 0 0 0 0 0 0 0 0 0 0 0 0 0 0 0 0 0.2 
 6.800000000000001 8 45.400000000000006 30.8 26 9.4 15.4 60.6 31 11.200000000000001 30.8 33.4 6 4.6000000000000005 28 73 39 0 8.6 7.2 0.4 0.6000000000000001 0.6000000000000001 0.4 0 0 0.6000000000000001 0.2 0.4 0.6000000000000001 0 2.2 0 0.2 0 0 0 0 0 15 0.4 0.6000000000000001 0.4 0 0.6000000000000001 0 0 0 0 0 0 0 0.4 0.2 0 0.6000000000000001 0 0 0.6000000000000001 0 0 0.8 0.4 0 0 0 0.4 1 0 0.4 0 0 7.800000000000001 0 0.6000000000000001 0 0.6000000000000001 0.6000000000000001 0 0 2.8000000000000003 1.4000000000000001 1.8 4 6 1.8 0 9.4 0.4 7 9.600000000000001 4 2.8000000000000003 2.8000000000000003 2.2 4 5.2 20 4.4 0 0 0 0 0 0 0 0 0 0 0 0 0 0 2.6 0 0 0.2 0 0 0 0.2 0 0 0 0 0 0 0 0 0 0 0 0 0 0 0 0 0 0 0 0 0 0.2 2.2 0 0 0 0 0 0 0 0 0 1.2000000000000002 0 0 0 0 0 0 6.6000000000000005 9.200000000000001 0.4 4 1.8 0 0 0 0 5.2 0.2 2 0 0.2 2.4000000000000004 2.2 4.2 3.8000000000000003 0 2.8000000000000003 0 0 0 0 0 0 0 0 0 0 2.2 0 0.4 0.4 0 0 0 0 11.200000000000001 2.6 0 0.4 0 0 0 1.2000000000000002 0 0 0 0 0 0 0 0 0 0 0 0 0 0 0 0.2 0 0 0 0 0 0.2 0 0 0 0 0 0 0 0 0 0 0 0 0 0 0 0 0 0 0.2 0 1 18.2 0.2 2.2 0 0 0 0 0 0 0 0 0 0 3.6 0 0 0 0 0 0 0 0 0 0 0 0 0 2 0 0 0 0 0 0 0 0 0 0 0 0 0 
 26.400000000000002 14.600000000000001 10.600000000000001 43.400000000000006 40.400000000000006 9.4 52.2 10.4 13.4 14.200000000000001 34.6 6.800000000000001 19.200000000000003 58.6 28.200000000000003 27.200000000000003 12 8.6 0 31.400000000000002 0 0.6000000000000001 2.2 0.8 0 0 0.6000000000000001 0 0.8 0.6000000000000001 0 0.6000000000000001 0 0 0 0 0.2 0.4 0 0 0.4 0.6000000000000001 0.4 0.6000000000000001 0.6000000000000001 0 0 0.6000000000000001 0 2.8000000000000003 0.6000000000000001 0 0.4 0.2 0 3.4000000000000004 0.4 0.4 1 0 0.6000000000000001 0.6000000000000001 0.4 0 0 0 0.4 0.8 0 2.8000000000000003 0 0.4 1 0.4 0 0 0.6000000000000001 1 2.8000000000000003 6.6000000000000005 0 4.2 2.4000000000000004 1.8 0 0 3.6 0 3.8000000000000003 3.4000000000000004 4.800000000000001 0 3.6 0 14 0 6.2 1.8 4.4 1.8 0 0.4 0 0 0 0 0 0 0 0 0 0 0 0 0 0 0 0 0 0 0 0 0 0 0 2.8000000000000003 0 0 0 0 0 0 0.2 0 0 0 0 0 0 0 3.4000000000000004 0 0 0.2 0 0 0 0 0 0 0 0 0 0 0 0 0 0.4 0 0 1.2000000000000002 3.2 2.6 0 0 0 4.2 0 0 1.6 0 0 0 3.4000000000000004 1.4000000000000001 2 0 0 0 0 0 0 0 0 0.4 0 0 0 0 0 0 0 0 0 0 0 0 0 0 0 0 0 1 0 0 0 0.4 0 0 0 0 0 0 0 0 0 0 0.4 0 0 0 0 0 0 0 0 0 0 0 0 3.4000000000000004 0 0 0 0 0 0 1.8 0 0 0 0 0 0 0 0 0.4 0.2 0 0 0 1.4000000000000001 0 0 0 0.2 0 0 0 0 0 0 0 0 0 0 0 0 0 0 0 0 0 0 0 0 0.2 0 0 0 0 0 0 0 0 0 0 0 0 0 
 19.8 11 13.8 58.400000000000006 16.400000000000002 9.8 12.4 23.200000000000003 13.4 34.4 50 6.800000000000001 46.6 36.4 67.60000000000001 34.800000000000004 8.4 7.2 31.400000000000002 0 0 0.6000000000000001 0.6000000000000001 0.4 0 0 0.8 0 0.6000000000000001 0 0 0.6000000000000001 0 0 0.4 0 0 0 0 0 0.4 0.6000000000000001 0.4 0 0.6000000000000001 0 0 0 0 0 0.6000000000000001 0 0.4 0.2 0 0 0 0 0.6000000000000001 0 0 0 0.4 0 0 0 0.4 0.6000000000000001 0.8 0.4 0 0 0 0.4 0 0 0.6000000000000001 0.6000000000000001 0.6000000000000001 0 3 1.8 0.2 2.4000000000000004 0 0 7.6000000000000005 2.2 2.6 0.2 0.2 2.6 0.8 0 7.2 1.6 5.2 0.2 3 0 0 0 0 0 0 0 0.2 0 0 0 0 0 0 0.4 0 0 0 0 2.2 0.8 0 0 0 0 0 0.2 0 0.2 0 0 0 0 0 0 0 0 0 0 0 0 0 0 2 1.8 0 0 0 0 0 1 0 0 0 0 0 0 0 0 0 0 3.4000000000000004 0 0 2.2 0 0 7.4 0 0 3.2 2 1.6 2.6 6 3 2.2 3 0.4 0 4.4 0 0 0 0 0 0 0 0 0 0 0 0.2 0 0 0 0 0 0.2 0 0 0 0 1 0 0 0 0 0 0 0.4 0 0 0 0 0 0.4 1 0 0 0 0 0 0 0 0 0 0 0 0 0 0 0 0 0 0 0 0 0 0 0 0 0.2 0 0 0 0.2 0.8 0.8 0.4 0.4 0.4 2.4000000000000004 1.4000000000000001 0 0 0.2 0 0 0 0 0 0 0 0.6000000000000001 0 0 0 0 0 0 0 0 0 0 0 1.2000000000000002 0 0 0 0 0 0 0 0 0 0.2 0 0 0 0 
 0 0 0.2 0 7.2 0 0 0 0 0 0 0 0 0 0.6000000000000001 0 0 0.4 0 0 0 31.8 14.600000000000001 25 7.2 6.4 26.8 12.200000000000001 27 8.6 6.6000000000000005 20 60.6 27.6 43.2 4.6000000000000005 5.800000000000001 64 7.4 12.600000000000001 0.4 1.2000000000000002 0 0.4 0 0 0 0 0 0.4 0 0 0.6000000000000001 0.4 0 0 0.6000000000000001 0 12.8 1.8 2.6 0.4 0 0 10.200000000000001 0 0 0 0 0.4 0 0 0.4 0 0.6000000000000001 0 0 0 0 0.6000000000000001 0 0 0 3.6 9.200000000000001 0 0 0 0 0 3.6 0 0 0 0 0 0 0 0 0 5.4 7.800000000000001 1.8 2.8000000000000003 2 2 4.6000000000000005 3.6 2 0 3 4 6.4 8.200000000000001 0.8 0 0 3.6 0 1.6 4.2 0 0 0 0 0 0.4 0 0 0 0 0.4 3.8000000000000003 0 0 0.4 0 0 2 0 0 0 5.2 0 0 0 1 1.4000000000000001 0 0 0 0 0 0 0 0 0 0 0 0 0 0 1 0 0.2 5.2 0 0 0 0 0 0 0 0 0 0 1.2000000000000002 0 0 0 10.200000000000001 0.4 7.800000000000001 12.200000000000001 0 0 5.2 6.800000000000001 1.6 0 0.6000000000000001 0 0 3.8000000000000003 0 6.800000000000001 1.6 0 2.2 6 1.6 0 0 0 1.8 0 0 0 0 0 0 0 0 1.2000000000000002 0 0 0 0 2.2 0 0.4 0 0 0 0 0.2 0 0 0.2 0 0 0 0 0 0 0 0 0 0 0 0 0 0 0 0 0 14.8 0 0 14.8 0 0 0 0 1.4000000000000001 0.2 0 0 0 0.4 0 0 0 0 0 0 0 0 0 0 0 0 0 0 0 0 0 0 0 0 0 0 0 0.6000000000000001 0 3.2 4 0 0 0 
 0.6000000000000001 0.6000000000000001 0.6000000000000001 0.6000000000000001 0.6000000000000001 2.8000000000000003 0.6000000000000001 0.6000000000000001 0.6000000000000001 0.8 0.6000000000000001 1.2000000000000002 0.6000000000000001 0.6000000000000001 0.6000000000000001 0.6000000000000001 0.6000000000000001 0.6000000000000001 0.6000000000000001 0.6000000000000001 31.8 0 32.6 37.800000000000004 67 3.6 49.2 24.200000000000003 39.6 68.60000000000001 113.80000000000001 48.2 12.4 10.4 17.6 18.2 36 25.8 7 25.8 12.8 0 0 0.4 0 0 0 0 0.2 0.4 0 0 0.6000000000000001 0.4 0 0 0.6000000000000001 0.4 13 0.4 4.6000000000000005 0.4 0 0 0 0 0 0 0 0.4 0 0 0.4 0 0.6000000000000001 0 0 0 0 0.6000000000000001 0 0 0 0.4 0 3.2 0 4.4 0 0 0 0 0 0 0 0 0 0 0 0 8.4 5.800000000000001 1.6 2.2 0.4 3.8000000000000003 0 0.2 4.4 0 10 2.8000000000000003 0 2.6 0 0 4.4 0 7 1.4000000000000001 2 1.2000000000000002 0 0 0 0 2.2 0 3.2 0 0 0 0 0 0 0 0 0 1.8 4.2 0 0 1.6 0 0 3.8000000000000003 0 0 1 0 0 0 0 0 0 0 0 0 0 0 0 0 0 0 0 0 0 0 0 0 0 0 0 0 0 0 0 0 0 0 0 6.4 0 4.2 2.2 0 0 0.2 2.6 4.6000000000000005 9.200000000000001 4 0 0 3.2 0 3.2 7.6000000000000005 0 0 0 3.2 0 0 0 0 1.6 0 0 0 0.4 0 0.2 0 0 0 0 0 0.2 2.2 0 0 0 0 0 0 0 0 0 0 0 0 0 0 0 0 0.4 0 0 1.8 0 0 2.2 0 0 0 0 0 0 0 0 0 0 0 0.2 0.4 0.2 0.6000000000000001 0.2 0 0.2 2.2 0 0 0 0 0 0 0 0 0 0 0 0 0 0 0 0 0 0 0 6.4 0 0 0 1.6 0 0 0 0.2 
 0.6000000000000001 0.6000000000000001 0.6000000000000001 0.6000000000000001 15.8 43 0.6000000000000001 0.6000000000000001 0.6000000000000001 0.6000000000000001 1 1.2000000000000002 0.6000000000000001 0.6000000000000001 0.6000000000000001 1 1.4000000000000001 0.6000000000000001 2.2 0.6000000000000001 14.600000000000001 32.6 0 46 53 8.6 99.80000000000001 91 39.800000000000004 45.800000000000004 80.80000000000001 53.6 43.6 48.400000000000006 13.4 44.2 52.800000000000004 35.2 58.2 40.800000000000004 0.4 0.2 0 0.4 0 0.8 0 0.8 0.4 0.8 0 0 0.6000000000000001 0.6000000000000001 0.2 0 1.2000000000000002 0 0 0.8 0.4 1 0 0.6000000000000001 0 0 0 0.4 0 0.6000000000000001 0 0 0.4 0.6000000000000001 0.6000000000000001 0 0 0.6000000000000001 0 0.6000000000000001 0 0 0 0 0.6000000000000001 2 0 0 0 0 0 0 0 0 0.4 0.4 0.2 0 0.2 0 3.2 0 3.6 7.4 0 1.6 0.2 2.6 6.2 2.4000000000000004 0.2 0.2 0 0 4.2 6.800000000000001 6 4.800000000000001 3.8000000000000003 6.4 0 0 0 0 0 0 2 0 0 0 0 0 0 0 0 0 0 0 0 0 0 0 0.6000000000000001 0 0 0 1 0 0 0 0 0 0 0 0 0 0.4 0 1.6 0 0 0 0 0 0 0.8 0 0 0 0 0 0 0 0 0 0 0 0 0.4 0 1.8 0 2.2 1.6 3.8000000000000003 0 2.4000000000000004 0 6.4 5.4 3 0 0.8 0 6.2 0.2 2 0 0 2 0 0 0 0 0.4 0 0.2 0 0 2.4000000000000004 0 0 0 0 0 0 0 1.8 7.4 0 0 0 0 0 0 0 0 0 0 0 0 0 0.2 0 0 0 0 0 0 0 0 0 0 0 0 0 0 0 0 0 0 0 0 0 0.4 0.4 0.4 0 1 0.2 1 0 0 0 0 0 1.8 0 0 0 0 0 0 0 0 0 0 0.4 0 0 0 0 0 0 0 0 0 0 0 0 
 0.4 0.4 22.8 0.4 7.4 3 0.4 0.4 0.4 0.4 1 0.4 0.4 0.8 0.4 0.4 0.4 0.4 0.8 0.4 25 37.800000000000004 46 0 18.400000000000002 50.400000000000006 74.60000000000001 60.2 104.80000000000001 46.2 61.6 10.4 69.2 39.400000000000006 19.400000000000002 56.800000000000004 59.400000000000006 24.8 15.600000000000001 12.8 0.4 1.6 0 1.6 1.2000000000000002 0 0 1.4000000000000001 0 0.4 0 0 12.4 0.6000000000000001 0 0.8 0.6000000000000001 0 3.8000000000000003 13 0.6000000000000001 1 0 0 0 0 0 0.8 0 0.6000000000000001 0 0.8 0.4 0 0.6000000000000001 0 0 0 0 0.6000000000000001 0 0 0 0 0 0 0 0 0 0 0 0 0 0 0 0 0 0 0 0 0 0 5.6000000000000005 4.6000000000000005 4.800000000000001 3.8000000000000003 0 14.600000000000001 5.6000000000000005 6.2 1.8 4.6000000000000005 0 0.2 5 11 5.2 5.2 0 0 0 0.4 0 0 2.6 0 2.6 2.2 0 0 0 0 4 0 0 0 0 0 0.4 1 0 0 0 0.2 0 0 0 0 0 0 0 0 0 0 0 0 2.4000000000000004 0 0.2 0 0 0 0 1 0 0 0 0 0 0 0 0 0 0 0 0.2 0 0 0 0 0 5 5 1.6 2.2 2.2 7 0 4.4 2.8000000000000003 0 6.4 0 1.8 1.6 12.200000000000001 7.4 1.8 0 0.4 0 0 0 0 0 0 4.800000000000001 0 0 0 0 0 0 1.6 0 0 0 0 5.6000000000000005 0 3.2 0 0 0 1.4000000000000001 0 0 0 0 0 0 0 0 0 0 0 0 0 3.6 0 0 0 0 0 0 0 0 0 0 0 0 0 0 0 1.2000000000000002 0.4 0.2 0 0.2 0.4 2.6 0 0 0 0 0 0.2 0 0 0 0 0.2 0 0 0 0 0 0 0 3.4000000000000004 0 0 0 0 0 0 2.2 0 0 0 
 0 0 0 0 0 0.6000000000000001 0 0 0 0 0 0 16.2 0.4 0 0 0 0 0 0 7.2 67 53 18.400000000000002 0 16.6 50.800000000000004 58 34.4 36 56.800000000000004 73.2 18.400000000000002 12.8 16.6 27 37.2 69.2 11.8 13.8 0.4 0 0 5 0 4.2 0.6000000000000001 0 4.2 0.4 0.8 4.2 0.6000000000000001 13.4 13.8 16.400000000000002 0.8 2.4000000000000004 0.2 0.2 0.8 0.6000000000000001 0 0 10 1 0 0 0 0.4 0 0 0.8 0 1 0.8 0 10 0 0.6000000000000001 0 0 0 0 0 0 0 0 0 2 0 0 0 0 0 0 0 0 0 0 0 5.800000000000001 0 0.2 1.2000000000000002 0.8 0 0 8 2.6 7 2.4000000000000004 0 0.2 0 0 3.4000000000000004 0 0 0 9.600000000000001 0 0 0 0 0 3.6 0.4 2.6 7.800000000000001 3 0 3.6 0 0 0.6000000000000001 7.6000000000000005 0 2.8000000000000003 4.6000000000000005 0 0.4 0 0.2 0 0 0 0 4.4 0 0 0 0 0 0 0 0.4 0 0.2 0 0 0 0 0 0 0 0 0 0 0 0 0 0 0 0 0.2 0 0 0 0 0 1.8 0 2.4000000000000004 0 0.8 0 1.8 0 0 7.800000000000001 2 0 0 0 0.2 0 5.6000000000000005 0 0 4.4 7 0 0 0 0 0 0 0 0 0 2.6 5 1.2000000000000002 0 3.6 0.8 3 0 6.2 0 0 0 0 0 0 0 0 0 0 0 0 0 0 0 0 0 0 0 0 0 3.8000000000000003 0 0 0 0 0 0 0 0 0 0 0 0 0 0 0 23.8 0.4 0 0 0.6000000000000001 0 4.2 0 0 0 0 0 0 0 0 0 0 0 0 0 0 0 0 0 1.4000000000000001 0.8 2.8000000000000003 0 0 0 0 0 0 
 0.2 0 0 0 0 0.4 0 0 4.2 0 0 0 0.4 0 0 0 0 0 0 0 6.4 3.6 8.6 50.400000000000006 16.6 0 7.6000000000000005 10 24.200000000000003 24.8 29.400000000000002 40 50.800000000000004 54.400000000000006 59.6 28.6 27.200000000000003 24 7 13.600000000000001 0.6000000000000001 13.200000000000001 0 13 0 0 0 9.8 12.8 5 0 0 13 0.6000000000000001 0 0 13.200000000000001 4.2 13.4 12.600000000000001 0.6000000000000001 0.6000000000000001 0 0 0 7.4 0 0 0 0.4 0 0 0.4 0 0.8 0.8 0 0 0 0.6000000000000001 0 0 0 0 0.2 0 0 0 0 0 0 0 0 0 0 0 2 0 0 0 0 0 0.4 0 5 0.2 0 0 3.4000000000000004 2.4000000000000004 0 0 0 0.4 0 2.8000000000000003 11.4 2 0 0 8.4 0 7 0 0 0 3 0.4 3.8000000000000003 5.6000000000000005 3 2.4000000000000004 10 0.2 5 2.2 6.6000000000000005 3.8000000000000003 0.2 5.6000000000000005 0 0 0 0.4 0 0 0 0 0 0 0 0 0 0 1 0 0 0 0 0 0 0 0 0 0 0 2 0 0 0 0 0 0 0 0 0.4 0 0 0 0 0 2.6 3.4000000000000004 0 1.6 2 0 0 1.8 0 2 5 0 0 0 2.6 0 3.8000000000000003 0.2 0 2.2 3.2 0 0.6000000000000001 2.8000000000000003 0.2 4.2 0 4 0 0 10.200000000000001 3.8000000000000003 0.6000000000000001 0 7 1.8 0 2.2 5.4 0 0 0 0 0.4 0 0 0 0 1.2000000000000002 0 0 0 0 0 0 0 0 4 0 0 0 2.6 0 0 0 0 0 0 0 0 0 0 0 0.2 0 0 17 0 0 0.2 0 0 0 0 0 0 0 0 0 3.8000000000000003 0.4 0 0 0 0 0 0 0 2.6 0 0 0.8 0 0 0 0 0 0 0 
 0.6000000000000001 0.6000000000000001 0.6000000000000001 31.6 0.6000000000000001 3.2 0.6000000000000001 0.6000000000000001 0.6000000000000001 42.2 0.6000000000000001 0.6000000000000001 0.6000000000000001 0.6000000000000001 0.6000000000000001 15.4 0.8 0.6000000000000001 0.6000000000000001 0.8 26.8 49.2 99.80000000000001 74.60000000000001 50.800000000000004 7.6000000000000005 0 66.8 25.400000000000002 15.600000000000001 15 10.4 44.800000000000004 39.6 53.2 26.400000000000002 7.6000000000000005 93 17.8 41.800000000000004 0.4 0 0 0.4 0 0 0 0 0 0.4 0 0 0.6000000000000001 1 0 0 0.6000000000000001 0.2 0.6000000000000001 0.2 0.6000000000000001 0.6000000000000001 10.600000000000001 0 0 0 0 0 0 0.4 0 0 0.4 0 0.6000000000000001 0 0 0 0 0.6000000000000001 0 0 0 0 7.6000000000000005 1.6 0 0 0 0 0 3.6 0 0 0 3.6 0 2.4000000000000004 0 0 2.8000000000000003 1.8 3.4000000000000004 1.8 0 5.4 0 7 3.8000000000000003 7.2 0 4.6000000000000005 3.4000000000000004 4.2 8.8 0 2.8000000000000003 0 0 0 0 0 0 0 0 0 0 0 0 0 0 0 4 0 0 0 0 0 0 0 0 0 4.6000000000000005 0 0 0 0.8 0 0.4 0 0 0 0.2 0 0 0 0 2.2 1.4000000000000001 0 0 0 0 0 0.8 0 0 0 1.4000000000000001 0 0.4 0 0 0 0 0 0 0 0 0 3.4000000000000004 0 8.4 5.4 0.4 0 8.200000000000001 0 13.200000000000001 1.8 5.2 0 2 0.8 0.6000000000000001 4 0 0 0 0.8 0 0 0 0 0 0 0 0 0 0 0.2 0 0 11 0 1.8 0 0 0.6000000000000001 0 0 0 0 0 0 0 0 0 0 0 0 1.6 0 0 0 0 0 0 2.4000000000000004 0 0 0 0 0 0 0 0 0 0 0 0 0 0 0 0.6000000000000001 0 0.4 0 1 0 0.4 0 0 0 0 0 0 0 0 0 0 0 0 0 0 0 0 0 0 0 0 0 0 0 0 2.8000000000000003 3 0 0 0.2 
 0 0 0 0 14.8 0 0 0 0 0 0 1.8 0 0.2 0 0 0 0.2 0 0 12.200000000000001 24.200000000000003 91 60.2 58 10 66.8 0 17.8 31.8 61.400000000000006 63.6 25 37.800000000000004 13.200000000000001 67.8 29.400000000000002 72.2 26.200000000000003 29.200000000000003 0.4 1.4000000000000001 0.4 0.4 0.2 0 0 0 0 0.4 0 0 0.6000000000000001 0.6000000000000001 0 0 14.4 0 12.600000000000001 0.2 0.6000000000000001 1.2000000000000002 0 0 0 0 0 0 0 0.4 0 0.8 0.4 0 0.8 0 0 0 0 0.6000000000000001 0 0 0 0 0.4 0 0 0 0 0 0 0 0 0 0 0 0 0 0 0 2.8000000000000003 2.2 0 4.2 7.4 0.2 0 4.2 2.8000000000000003 6.800000000000001 6.4 6 0 0 0 11.200000000000001 4.4 9.600000000000001 0 0 0.4 0 0 0 0 0 0.2 1.6 0 0 0 0 2 0 0 0 0 0 0.2 1.6 0 0 0 0 0 0 0 0 1.2000000000000002 0 0 0 0 0 0 0 0.8 0 0 0 0 0 0 0.4 0 0.6000000000000001 0 0 2.2 0 0 0 2 0 0 0 0 0 0 0 1.8 3.4000000000000004 6.2 3 0 5.2 0.2 1.2000000000000002 1.2000000000000002 2.8000000000000003 3.6 1 0.6000000000000001 1.6 5.4 3.4000000000000004 3.8000000000000003 1.8 0 0 1.8 0.2 0 0 0 0 6 1.8 0 0 0 0 3.4000000000000004 0 0 0 0 0 2.2 1.8 2 0 0 0 0 0 0 0 0 0 0 0 0 0 0 0 0 0 0 0 0 0 0 0 0 0 0.4 0 0 0 0 0 0 0 0.8 0 0.6000000000000001 1.6 0.2 0.2 2.2 0 0 0 0 0 2.2 0 0 0 0 0.2 0 0 0 0 0 0 0 2 0 1.6 0 0 0 0 0 0 0 0 
 0.4 0.4 0.4 0.4 0.4 0.4 0.4 0.8 0.4 0.4 0.4 0.6000000000000001 0.4 0.4 0.8 0.4 0.8 0.4 0.8 0.6000000000000001 27 39.6 39.800000000000004 104.80000000000001 34.4 24.200000000000003 25.400000000000002 17.8 0 35.6 10.200000000000001 67.2 84 18.400000000000002 33.800000000000004 63.6 21.8 11.4 59.2 31.8 0.4 0 0 0.6000000000000001 0 0 0 0 0 0.8 0 0 0.4 0.6000000000000001 0 0 0.8 0 0 0.2 0.6000000000000001 0.6000000000000001 0 0 0 1.8 0 0 0 0.6000000000000001 0 0 0.4 0 0.6000000000000001 0 0 0 0 0.6000000000000001 0 0 0 0 3.6 0 2.8000000000000003 0 0 0 0 5.2 0 0 0 0 0 0 0 0 3.8000000000000003 3.6 3.2 0 0 2.2 0 4 14.8 2 7.4 0.2 1.2000000000000002 2.8000000000000003 13.200000000000001 0 5.6000000000000005 0 9.600000000000001 0 0.8 0 0 0 0 0 3.2 0 2.4000000000000004 0 0 0 0 0 1.2000000000000002 0 4 0 0 2.2 0 0 0 0 0 0 0.8 0 0 0 0 0 0 0 0 0 0 0 1.4000000000000001 0 0 0 0 0.2 0 1.8 0 0 1 0 0 0 0 0 0 0 0 0 0 0 7.800000000000001 2.4000000000000004 3.6 3 5.800000000000001 0 2.2 1.2000000000000002 16 0 5.2 0.8 2.8000000000000003 1 2.4000000000000004 4.2 6.6000000000000005 8.6 1.2000000000000002 3.2 0 3.4000000000000004 0 0 0 0 0 0 0 0 0 0 0 0.2 0 0 0 0 0 0 0 0 0 0 0 0 0 0 0 3.4000000000000004 0 0 0 0 0 0 0 0 0 4 0 0 0.4 0 0 0 0 0 0 0 0 0 0 0 0.8 0.4 0.4 15.4 8 0 1 0 0 0 0 0 0 0 0 0 0 0 0 0 0 0 0 0 0 0 0 6.4 0 0 0 0.2 0 0 0 0 
 0.6000000000000001 0.6000000000000001 0.6000000000000001 1 0.6000000000000001 0.6000000000000001 0.8 0.6000000000000001 0.6000000000000001 0.2 0.6000000000000001 1.2000000000000002 0.4 0.6000000000000001 0.4 0.4 0.6000000000000001 0.6000000000000001 0.6000000000000001 0 8.6 68.60000000000001 45.800000000000004 46.2 36 24.8 15.600000000000001 31.8 35.6 0 62.2 76.60000000000001 13.4 35 39 17 74.8 35 18 21 0.8 0.6000000000000001 0.4 0.4 0.8 0 0 1.4000000000000001 0 0.4 0 0 1 0.6000000000000001 0 0 0.6000000000000001 0 11.600000000000001 0.2 0.4 0.6000000000000001 0.6000000000000001 0 0 2 0 0.4 0.2 1 0 0 0.4 0.6000000000000001 0.6000000000000001 0.4 0.4 0.4 0 0.6000000000000001 0 0 0 0 0 0 0 0 0 0 0 0 0 0 0 0 0 0 0 0 2.8000000000000003 4 0 3 2.2 4.4 0 0.2 1.6 3.6 4.800000000000001 9.8 0 0 0 3.4000000000000004 1.8 3.2 0 0 1.4000000000000001 0 0 0 0 0 2 1.2000000000000002 2.8000000000000003 0.4 0 0 0 0 3.6 0.2 1.2000000000000002 2.2 0.2 2.6 2.2 0.2 2.8000000000000003 0 0 0 0 0 0.6000000000000001 0 0 0 0 0 0 0 0.2 0 0 0 0 0 0 1.2000000000000002 0.4 0 0 0 0.4 0.4 0 0 0 0 0 0 0 0 0 0 0 6.4 0.2 7.4 0.6000000000000001 4.2 0 1.8 0 2 3.2 3.8000000000000003 0 2.4000000000000004 4.4 3 3 7.4 0 0 0 2 0 0 0 0 4 0 0 0 0 0 6.6000000000000005 0 0 0 0 0 1.8 1.8 2.6 0 0 0 0 0 0 0 0 0 0 0 0 0 0 0 0 0 0 0 0 0 0 0 0 0 0 0 0 0 0 0 0 0 0.6000000000000001 0 0 17 15 0.6000000000000001 2.6 0.2 0 0 0 0 0 0 0 0 0 0 0 0 0 0 0.2 0 0 0 0 2 0 0 0 2.4000000000000004 0 0 0 0 
