 0 57.2 24 11 12 5.800000000000001 89.4 144.8 20.400000000000002 27 92.2 4.800000000000001 27 28.200000000000003 46.2 11.200000000000001 9 25 85.60000000000001 47.6 0 0.4 0.4 0.4 1 0 0 0 0.6000000000000001 0 1 0 0.4 0.8 0 0 0 0 1.2000000000000002 0 0 0 0.6000000000000001 0 0 0 0 0 0 0.4 0 0.4 0 0 0 0.4 13.200000000000001 0 0 0 0 0 0 0 0.6000000000000001 0 0 0 0 0.6000000000000001 0 0.4 0 0.6000000000000001 0 0 0 0.6000000000000001 0 0 2.8000000000000003 3.4000000000000004 7.4 4.4 0 0 2.4000000000000004 4.800000000000001 8.4 3 2.4000000000000004 3.4000000000000004 2 0 0.6000000000000001 5.4 4.6000000000000005 0.2 14.600000000000001 3.8000000000000003 0 0 0 0 0 0 0 0 0 0 0 0 0 0 0 0 0 0 2 0 0 0 0 0 0 0 0 0 0 0 0 0 0 0 0 0.2 0 0 0 0 0 0 0 0 0 1.6 0 0 0 0 0 0 0 0 1.8 0 0 0 1.8 0 6.2 6.800000000000001 0 2.4000000000000004 0 0 11.200000000000001 5 3.4000000000000004 0 0 1.4000000000000001 0 1.8 2.4000000000000004 7.6000000000000005 2 4.800000000000001 4.6000000000000005 2.8000000000000003 0 0 0 0 0 0 0 0 0 0 0 0 0 0 0 0 0 0 0 0 0 0 0 0 0 0 0 0 0 0 0 0 0 0 0 0 0 0 0 0 0 0 0 0 0 0 0 0 2.8000000000000003 0 0 0 0 0 0 0 0 0 0 0 0 0 0 0 0 0 0.4 0 0 0 2.2 1.4000000000000001 0 0 0 0 0 0 0 0 0 0 0 0 0 0 0 0 0 0 0 0 0 0 0 0 0 0 0 0 0 0 0 0 0 0 0 0 0 0 
 57.2 0 53.6 30.8 22.6 5.6000000000000005 25 41 4.800000000000001 40.400000000000006 19.200000000000003 9.600000000000001 32.800000000000004 9.200000000000001 30.200000000000003 46.6 47 42.400000000000006 6.6000000000000005 8.4 0 0.4 0.4 0.6000000000000001 1 0 14.8 0 0.6000000000000001 2.2 0 0.2 36.6 0 0 0 0 0 0.6000000000000001 0 0 0 0.6000000000000001 0 0 0 0 0 0 9.600000000000001 0 0.6000000000000001 0 0 0.6000000000000001 0.4 0 11.4 0 0 0 0 0 0 0.6000000000000001 0 0 0 0 0.6000000000000001 0 0 0 0.4 0 0 0 0 0 0 2 0.8 1.6 2.2 1.4000000000000001 2.8000000000000003 0 2.4000000000000004 6.4 0 9.4 0.4 3.2 0 0.4 4.6000000000000005 3.6 13 3.2 1.8 0 0 0 0 0 0.2 0 0 0 0 0 0 0 0 0 0 0 0 10.8 0 0 0 0 2.8000000000000003 0 0 0 0 0 0 0 0 0 0 0 0 0.2 0 0 0 0 0 0 0 0.2 0 0 0 0 0 0 0 0 0 0.8 0 0 0 0.8 0 0 7.4 3.8000000000000003 1.4000000000000001 3.4000000000000004 0.4 10.200000000000001 1.4000000000000001 0.2 0 4.800000000000001 2.8000000000000003 0 1 2.2 0 2.2 2 3 0 0 0 0 0 0 0 0 2.2 0 0 0 0 0 2.4000000000000004 3.6 0 0 0 0 0 0 0 0 0 0 2.8000000000000003 0 0 0 0 0 0 0 0 0 0 0 0 0 0 0 0 0 0 0 0 0 0 0 0 0 0 0.4 0 0.6000000000000001 0 0 0 0 0 0 0 0 0 0 0.2 18.2 0 0 17.8 3.8000000000000003 0.8 4.4 0 0 0 0 0 0 0 0 0 0 0 0 0 0 0 0 0 0 0 0 0 0 0 4.2 0 0 0 0 0 0 0 0 0 0 0 0 0 
 24 53.6 0 60.2 12.4 6.800000000000001 108.2 53.400000000000006 28.8 93.2 41.800000000000004 15.4 22.400000000000002 25.400000000000002 25.8 13 22.6 27.200000000000003 28 7.800000000000001 0 0.4 0.8 0.4 0.2 0 13.200000000000001 0 0.6000000000000001 0 0 0 12.4 0.8 0 0 0 0 0.2 12.600000000000001 0 0 0.6000000000000001 0 0 0 0 0 0 0.4 0 0.2 0 0 0 0.4 0 16.8 0 0.2 0 0 0 0 0 0.2 0 0 0 0.6000000000000001 0 0 0 0.6000000000000001 0 0 0 0 0 0 1.4000000000000001 3.2 2 3.4000000000000004 0 3.6 2.6 6.4 1.8 0 5.2 8.8 0 2.6 0.2 8.4 6.800000000000001 4.4 0 0 0 0.6000000000000001 0 0 0 0 0 0 0 0.4 0 0 0 0 0 0 0.4 0 2.2 0.2 0 0 0 0 0 0 4 0 0 0 0 0 0 0.2 0 0 0 0 0 0 0 0 0 5.4 0 0 0 0 10.200000000000001 0 0 0 0 0 0 0 0 0 0 0 0.6000000000000001 0 4.2 4.2 0 2.8000000000000003 1.8 3.2 2.6 0.4 1.8 5.6000000000000005 0 4 2.8000000000000003 0 1.8 7.6000000000000005 0.8 0 0 3.6 0 0 0 0 0 4.800000000000001 0 0 0 0 0.4 0 2 0 0 0 0 0 0 2.8000000000000003 0 0 0 0 0.4 0 0.4 0 0 0 0 0 0 0 0 0 0 0 0 0 0 0 0 0 0 0 0 0 0 0.2 0 0 0 0 0 0 0 0 0 0 0 0 0 0.4 0.4 0.4 0 0.2 2.2 1.6 0 0 0 0 0 0 0 0 0 0 2.4000000000000004 0 0 0 0 0 0 0 0 0 0 0 0 3.2 2.4000000000000004 2.2 0 0 0 0 0 0 0 0 0 0 0 0 
 11 30.8 60.2 0 45 22.6 61.800000000000004 14.200000000000001 40 14.200000000000001 27.8 9.8 10.200000000000001 10.600000000000001 19.200000000000003 41.800000000000004 44.800000000000004 8.8 16 12.8 0.2 21.400000000000002 1.2000000000000002 0.4 0.2 0.2 0.4 0 0.6000000000000001 0.4 0 0.4 15.600000000000001 0.2 0.2 0 0.4 0.2 0.2 0.4 0 0 1 0.4 0.4 0.2 0.4 0.4 0 0.4 0.2 0.2 0 0 0 0.8 0 1.6 0.4 0.6000000000000001 0 0 0 0.4 0.4 0 0 0.4 0 0.6000000000000001 0 0 0 0.6000000000000001 0 1 0 0 0 0 6.2 3 0 0.2 2.8000000000000003 1.6 0 3.8000000000000003 2 2 3.2 5.800000000000001 0 2.8000000000000003 7.4 0 4.800000000000001 6 0 0 0 0 0 0 0 0 0 1.8 0 0 0 0 3.6 0 0 0 0 0 6.800000000000001 0 0 0 0 0 0 0 0 0 0 0 0 0 0 0 0 0 0 0 0 0 0 1.6 0 0 2.8000000000000003 0 0 0 0 0 0 0 1.8 0 0 0 0 0.8 0 0 2.2 0 2.8000000000000003 3.2 3 1.6 0 0 0 2.4000000000000004 3.4000000000000004 3.4000000000000004 0 2.2 3 0.2 6 0 0 0 0 0 0 0 0 0 2 0 0 0 0 0 2.4000000000000004 2 0 0 0 0 1.4000000000000001 0 0 0 0 0 0 0 0 0 0 0 0 0 0 0 0 0 0 0 0 0 0 0 0 0 0 0 0 0 0 0 0 0 0 0 0 0 0 0 0 0 0 0 0 0 0 0.8 18.6 0 0.4 0.6000000000000001 0.2 0 0 0 0 0 0 0 0.4 0 0 0 0 0.2 0 0 0 0 0 0 0 0 6.800000000000001 0 0 0 0 0 0 0 0 0 0 0 0 0 0 0 0 0 
 12 22.6 12.4 45 0 43.6 25 14.8 153 17.2 40 25.200000000000003 23.200000000000003 10 33.2 39 17.8 72 18 53 0 0.6000000000000001 12.8 0.4 0 0.4 15.600000000000001 0.4 0.6000000000000001 0 0.8 0 8 14.600000000000001 0.2 15.200000000000001 0 0.2 35.2 20.6 0.6000000000000001 0 0.6000000000000001 0 0 0 0 0 0 0.4 0 0.6000000000000001 0 0 0 0.4 0 0 0 0 0 0 0 0 0.6000000000000001 0 0 9.8 0 0.6000000000000001 0 0 0 0.2 0 0 0 0 0 0 0 0 0 0 1 2.2 0 0 0 7.6000000000000005 2.8000000000000003 5.800000000000001 0 0 0.8 1.2000000000000002 2.4000000000000004 4.4 0 0 3.6 4.4 0.2 0 0 0 13.200000000000001 2.6 0 0 3.6 0 4.800000000000001 3.2 2.8000000000000003 0 0 0.2 5.2 3.6 0 0 0 0 0 0 0 0 0 0 0 0 0 0 0 0 0 0 0 0 0 0 0.4 0 0 0 0.6000000000000001 0 0 0 0 0 0.6000000000000001 0 0 0 0 1.4000000000000001 0 0 2 1.4000000000000001 3.8000000000000003 0 11 2 0 0 0 4 1.4000000000000001 2.2 0.8 2 0 0 4.2 0 0 0 4.6000000000000005 2 0 2.2 0 0 2.4000000000000004 2.2 0.2 0 0 0 17.2 1 0 4.800000000000001 0.2 0 5 0.2 0 0 0 0 0 0 0 0 0 0 0 0 0 0 0 0 0 2.8000000000000003 0 0 0 0 0 0.2 0 0 0 0 0 0 0 0 0 0 0 0 0 0 0 0 0 0 0 0 0 0 0 0 17.6 9.4 0.2 1.6 3.6 0 0 0 0 0 0 0 6.6000000000000005 0 0 0 0 0 0.2 0 0 0 0 0 0 0 0 0 0 0 0 0 0 0 0 0 0 0 0 0 0 0 
 5.800000000000001 5.6000000000000005 6.800000000000001 22.6 43.6 0 7.800000000000001 6.800000000000001 26 11.200000000000001 42.2 10.600000000000001 8.8 5.6000000000000005 30.400000000000002 29.400000000000002 24.200000000000003 15.4 26 8 14.600000000000001 15 15.200000000000001 1 0.8 1.2000000000000002 15.4 1.2000000000000002 0.6000000000000001 0.4 0 0 8.200000000000001 14.600000000000001 16.400000000000002 23.6 0.6000000000000001 0.6000000000000001 16.2 30 0 0 0.6000000000000001 0 0 0 0 0 4 0.4 0 1.8 0.4 0 0 0.6000000000000001 0 0 0 0 0 0 0 0 1.2000000000000002 0 0 1.2000000000000002 0 1.2000000000000002 0 0.2 0 0.2 0 0.4 0 11.200000000000001 0.4 0 0 0 0 0 3.4000000000000004 5.800000000000001 0.4 0.2 0 2.8000000000000003 0 4.800000000000001 0 0 0 0 0 1.4000000000000001 0 3.4000000000000004 5.4 2.2 6.6000000000000005 0 0 0 3.8000000000000003 2.2 1 0.2 4.2 6 4.6000000000000005 5.2 8.8 4 0 2.4000000000000004 0 8.8 0 0 2.8000000000000003 0 0 0 0 0 0 0 0 0 0 0 0 1.8 0 0 0 0 0 0 0.2 0 0 0 0 0 0 0 0 0 0 0 0 0.2 0 0 0 0 0 0 0 0 7.4 0 0 0 0 2.2 0 0.2 0 0 0 0 2 0 0 0 5.2 11 0 0 0 0 2.8000000000000003 2 2.6 2.8000000000000003 2.4000000000000004 0 9.4 0 0 0.6000000000000001 0 1.4000000000000001 7.2 3.2 0 0 0 0 0 0 0 0 0 0 0 0 0 0 0 0 0 2.8000000000000003 0 0.2 0 0 0 0 0 0 0 0 0 0 0 0 0 0 0 0 0 0 0 0 0 0.2 0 0 0.4 0 1 0 24.400000000000002 18.6 0 0.6000000000000001 0 3.2 0 6.4 0 0 0 0 1 0 0 0 0 0 0 0 0 0.2 0 0 0 0 0 0 0 0 0 0 0 0 0 0 0 0 0 0 0 0 
 89.4 25 108.2 61.800000000000004 25 7.800000000000001 0 26.6 38.2 17.400000000000002 21.6 25.6 55.6 12.8 10 7.800000000000001 5.2 9.600000000000001 45.2 29.400000000000002 16 0.4 0.4 0.4 0 0 0 0 0.6000000000000001 0 0 0 0.4 0 0 0 0 0 1 0 0 0 0.6000000000000001 0 0 0 0 0 0 0.4 0 0.4 0 0 0 0.4 0 0 0 0 0 0 0 0 0.6000000000000001 0 0 0 0 0.6000000000000001 0 0 0 0.4 0 0 0 0 0 0 9.200000000000001 0.4 2.2 5.2 2.4000000000000004 0 2 5.800000000000001 4.4 0 1 0 1.6 4 2.8000000000000003 5 3.2 0 2 0 0 0 4 0 0 0 0 0 0 0 0 0 0.2 0.2 0 0 0 0 0.2 0 0 0 0 0 0 0.2 0 0 0 0 0 0 0 0 0 0 0 0 0 0 0 0 0 0 0 0 0 0 0 0 2 0 0 0 0 0 0.2 0 0.8 0 2 0 0.8 2.4000000000000004 0 3.4000000000000004 5.6000000000000005 12.8 4.2 3.4000000000000004 0 2 3 0 1.8 1.4000000000000001 2.8000000000000003 0.8 1.4000000000000001 6 0 0 0 0.4 0 0 0.2 0 0 0 0 0 0 0 0 0 0 0 0 0 0 0 0 0 0 0 0 0 0 0 0 0 0 0.4 0 0 0 0 0 0 0.4 0 0 0 0 0 0 0 0 0 0 0 0 0 0 0 0 0 0 0 0 0 0 0 0 0.4 0.4 0 0.2 0 3.6 1.6 0 0 0 0 0 0 0 0 0 0 2.8000000000000003 0 0 0 0 0 0 0 0 0 0 0 0 0 0 0 0 0 0 0 0 0 0 0 0 0 0 0 
 144.8 41 53.400000000000006 14.200000000000001 14.8 6.800000000000001 26.6 0 44.800000000000004 25.8 68.60000000000001 13.600000000000001 15.4 89 43.800000000000004 25 6.6000000000000005 7.4 77.60000000000001 5.800000000000001 0 0.6000000000000001 0.4 13.600000000000001 0 0 1.4000000000000001 0 0.8 0.8 16 0 0.4 0 0 0 0 0.2 1.8 0.4 0 0 0.6000000000000001 0 0 0 0 0 0 1 0 0.2 0 0 0 0.4 0 0.2 0 0 0 9.4 0 0 0.4 0 0 0 0 0.6000000000000001 0 0 0 0.6000000000000001 0 0 0 0 0 0 6.6000000000000005 6.6000000000000005 9.8 1.8 1.6 0.2 0.8 1.8 1 4.6000000000000005 2.6 6.6000000000000005 1.8 3 3 7 4 6 2.2 0 0 0 0 0 0 0 0 0 0 0 0 0 0 0 0 0 0.4 0 4 0.2 0 0 0 0 0 0 0 0 0 0 0 0 0 0.2 0 0.4 0 0 0 0 0 0 0 0 2.2 0 6.6000000000000005 0 0 0 0 0 0.4 0 0 0.6000000000000001 0 0 0 0 2.8000000000000003 1.8 0.2 3.6 0 0 8.8 1.6 11.600000000000001 1.4000000000000001 0 0 0 3.6 3.8000000000000003 3.4000000000000004 2.4000000000000004 2 0 1.8 0 0.2 0 0 0 0 0 2.8000000000000003 0 0 0 0 0.4 0 0 0 0 0 0 0 0 0 0 0 0 0 0.4 0 0.4 0 0 2.2 0 0 0 0 0 0 0 0 0 0 0 0 0 0 0 0 0 0 0 0.2 0 0 0 0 0 0 0 0 0 0 0 0 0 0 0 0.4 0.4 0 3.8000000000000003 0 0 0 0 0 0 0 0 0 0 0 0 0 0 0 0 0 0 0 0 0 0 0 0 0 2 0 0 0 0 0 0 0 0 0 0 0 0 0 
 20.400000000000002 4.800000000000001 28.8 40 153 26 38.2 44.800000000000004 0 34.6 25.200000000000003 28.8 26.400000000000002 43.400000000000006 37.4 51.6 29.200000000000003 55.800000000000004 100.60000000000001 13.8 0 0.4 0.4 0.4 0 0 0 0 0.6000000000000001 0 0 0 15 0 0 0 15.8 0 0.4 0.4 0 0 0.6000000000000001 0 0 0 0 0 0 0.4 0 0.2 0 0 0 0.4 0 0 0 0 0 0 0 0 0.2 0 0 0 0 0.6000000000000001 0 0 0 0.6000000000000001 0 0 0 0 0 0 1.6 9.8 2.4000000000000004 0 2.8000000000000003 1.2000000000000002 0 2.6 0.6000000000000001 6 0 7.800000000000001 0 4.4 0.2 1.6 0 8 2.8000000000000003 0 0 0 0 0 0 0 2.8000000000000003 0.2 0 0 0 0 2.8000000000000003 0 0 0 0 0 2.6 0.2 0 0 0 0 0 0 0 0 0 0 0 0 0 0 0 0 0 0 0 0 0 0 0 0 0 0 0 0 0 4.4 0 0 0 0 0 0 0 0 3 0 6.800000000000001 2.6 2 13.200000000000001 0 3.4000000000000004 0 0.2 2.6 3.2 0 0.6000000000000001 0 4.800000000000001 3.4000000000000004 2.8000000000000003 6.6000000000000005 0 0 2.8000000000000003 0 2 0 0 0 0 2 0 0 0 0 0 4 0 0 0 0 0 0 0 0 0 0 0 0 0 0 0 0 3.2 0 0 0 0 0 0 0 0 0 0 0 0 0 0 0 0 0 0 0 0 0 0 0 0 0 0 0 0 0 0 0 0.4 0 0 0 0.6000000000000001 0 0 9.200000000000001 0 0 1.6 0 0 0 0 0 0 0.2 0 0 0 0 0 0 0 0 0 0 0 0 0 0 0 0 0 0 0 0 0 0 0 0 0 0 0 0 0 0 0 
 27 40.400000000000006 93.2 14.200000000000001 17.2 11.200000000000001 17.400000000000002 25.8 34.6 0 33.6 8.200000000000001 13.4 33.800000000000004 22.6 47 47 27 23.8 17.400000000000002 0 0.6000000000000001 15 0.4 0 0 0.2 0 0.6000000000000001 0 0 0 3.8000000000000003 14.600000000000001 0 0 0 0 0.8 26.6 0 0 0.6000000000000001 0.4 0.4 0 0 0 0 0.4 0 0.4 0 0 0 0.8 0 0 0 0 0 0.8 0 0 0.6000000000000001 0 0 0 0 0.6000000000000001 0 0 0 0.4 0 0 0 0 0 0 2.2 0 1.4000000000000001 5.2 5.2 2.4000000000000004 0 0.2 0.4 0.2 6.2 3.8000000000000003 0 0 0 6.800000000000001 1.8 7.800000000000001 0 0 0 0 0 1 0 0.4 0 0 0 0 0 0 2.6 4.800000000000001 0 0.2 0 0 10 1 0 0 0 0 0 0 0 0 0 0 0 0 0 0 0 0 0.4 0 0 0 0 1.2000000000000002 0 0 0.4 0 0 0 0 0.2 0 0 0 0 0 0 0 0.2 2.6 0 0.2 0 1 1.4000000000000001 0 0.6000000000000001 3 1.4000000000000001 0 2.6 3 7.2 0 4.4 0 0 2.4000000000000004 4.6000000000000005 0 0 1.8 0.2 0 0 0 0.4 0 5.6000000000000005 0 0 0 0 4 2 3.8000000000000003 0 0 0 0 3.4000000000000004 0 0 0 0 0 0 0 0 0 0 0 0 0 0 0 0 0 0 0 0 0 0 3.8000000000000003 0 0 0 0 0 0 0 0 0 0.2 0 0 0 0 0 0 0 0 0 0 0 0 0 18 1 0.2 0 3.8000000000000003 0 0 0 0 0 0 0 0 0 0 0 0 0 0 0 0 0 0 0 0 0 0 0 0 5.800000000000001 1.6 3 0 0 0 0 0 0 0 0 0 0 0 0 
 92.2 19.200000000000003 41.800000000000004 27.8 40 42.2 21.6 68.60000000000001 25.200000000000003 33.6 0 28.6 24.8 22.6 35.800000000000004 61.400000000000006 65.4 27.8 25 11.600000000000001 0.2 0.4 0.4 0.4 0 0 15.4 0 0.6000000000000001 0 0 15.8 23.6 0.4 0 0 1.2000000000000002 1.2000000000000002 15.200000000000001 0 0 0.2 1.2000000000000002 0 0 0 0 0.4 18.400000000000002 1.6 1.2000000000000002 0.6000000000000001 0 0 0 0.4 0.8 0 0 0 0 0 0.4 0.4 0.6000000000000001 0 0.4 0.2 0 0.8 0.2 0 0.4 1 0.4 0 0 0 0.2 0 3.8000000000000003 0 1 6 0.2 3.4000000000000004 2.8000000000000003 0 0 7.4 4.6000000000000005 2 0 0 4.4 3.2 0.2 1.6 0.4 0 0 0 0 0 0 0 2.6 0 0 0 0.2 0 2 0 2 0 0 0 6.4 0 0 0 3.4000000000000004 0 0.4 0 0 0 0 0 0 0 0 0 0 0 0 0 0 0 0 0.4 0 0 3.4000000000000004 0 1.2000000000000002 0 0 0 0 0 0.4 0 0 0.4 0 0.4 0 0 3.6 9.200000000000001 0 3 8.200000000000001 4.800000000000001 0 0 4 5.800000000000001 3 1.8 0 1.4000000000000001 0 2 2.6 2.2 2.6 0 0 0 0 0 0 0 1.6 0.6000000000000001 0 0 0 0 2.6 0 7.6000000000000005 0 0 0 2.6 1.2000000000000002 0 0 0 4.2 0 0 0 0 0 0 0 0 0 0 0 0 0 0 0 0.4 0 0 0 0 0 0 0 0 0 0 0 0 0 0 0 0 0 0 0 0 0 0 0 0 0.2 0.4 0 0 17.2 17.400000000000002 0 0.4 3.6 0 0 0 0 0 0 0.2 15.4 0.2 3 0 0 0 0 0 0 0.4 0 0.2 0 0 0 0 0.8 0 0 0 0 0 0 0 0 0 0 0 0 0 
 4.800000000000001 9.600000000000001 15.4 9.8 25.200000000000003 10.600000000000001 25.6 13.600000000000001 28.8 8.200000000000001 28.6 0 13 5.4 26.6 6.6000000000000005 16.2 21.400000000000002 13.200000000000001 6.4 14.8 15.200000000000001 15.600000000000001 0.4 0 0.4 13 0 0.6000000000000001 0 0 0 15.600000000000001 14.600000000000001 0.4 0 0 0 12.8 15.4 0 0 0.6000000000000001 0 0 0 0 0 0 0.4 0 0.2 0 0 0 0.4 0 0 0 0 0 0.6000000000000001 0 0 0.2 0 0 9.200000000000001 0.6000000000000001 0.6000000000000001 0 0 0 0.6000000000000001 0 0 0 14.4 0 0 0 0 0 2 4 5.2 2.6 2.4000000000000004 2.8000000000000003 0.4 2.4000000000000004 1.8 0 0 0 0 6 1.2000000000000002 0 0 0 1.4000000000000001 4.2 0 0 0 2.8000000000000003 3 0 0 1.6 0 0.6000000000000001 8.4 0 1.8 2.2 0 0 2.6 0 0 0 0 0 0 0 0 0 0 0 0 0 0 0 0 0 0 0 0.2 0 0 0 1 0 0 0 0 0 1.2000000000000002 0 0 0 0 0 0 0 0 0 0 0 2 2 0 1.6 13 0 0 0 0 2.2 3.6 0 0 0 0 1.8 5.4 0 0 8.8 7 1.8 0 0 0 2.8000000000000003 3 0 7 0 0 5.4 2.2 3.6 7.4 0.4 3 3.4000000000000004 0 0 0 0 0 0 0 0 0 0 0 0 0 0 0 0 0 0 0 0 0.4 0 0 0 0 0 0 0 0 0 0 0 0 0 0 0 0 0 0 0 0 0 0 0 0 0 0.8 9.8 0 17.2 19.200000000000003 0 1.6 0 0 0 0 0 0 0 0 0 0 2.8000000000000003 0 0 0 0 0 0 0 0 0 0 0 0 0 0 0 0 0 0 0 0 0 0 0 0 0 0 0 
 27 32.800000000000004 22.400000000000002 10.200000000000001 23.200000000000003 8.8 55.6 15.4 26.400000000000002 13.4 24.8 13 0 47.6 30.6 17 4.4 7.800000000000001 14.600000000000001 45.800000000000004 0 6 0.8 18.400000000000002 0 0.4 0 0 0.6000000000000001 0 0 0.4 0.4 0 0.2 0 0.2 0.2 0.6000000000000001 0 0 0 1.2000000000000002 0 0 0 0 0 0 1 0 0.4 0 0 0 0.4 0 0 0 0 0.4 0 0 0 0.6000000000000001 0 0.4 0 0 0.6000000000000001 0 0.2 1 0.2 0 0 0 0 0 0 1.8 11.600000000000001 1 0 0 0 0 7 2.2 0 0 4.4 0 6.6000000000000005 2 0 0 2.4000000000000004 4.2 2.6 0 0 0 0 0 0 0 0.2 0 0 0 0 0 0 0.2 0 0 0.4 0 0.4 0 0 0 0 0 0 0 0 0.4 0 3 0 0 0 0 0 0 0 0 0 0 2.4000000000000004 0 0 0 0 0 0 0 0 0 0 0 0 0.8 2.2 0 0 1 0 0 2.2 0 0.2 0 0 0 0.4 6.4 0 0 2 3 0 6.2 0.8 5.4 0 1.6 0.6000000000000001 0 0 0 0 0 0 0 0 0 0 0 0 0 0 0 0 2 0 0 0 0 0 0 0 0.2 0.4 0 0 0 0.2 0 2.2 0 0 3.4000000000000004 0 0 0 0 0 0 0 0 0 0 0 0 0 0 4 0 0 0 0 0 0 0 0 0 0 0 0.2 0 0 3.4000000000000004 0 0 0.4 0 0 0 0.4 0 0 0 0 0 0 0 0 0 0 0 0 0 0 0 0 0 0 0 0 0 0 0 0 0 0 0 0 0 0 0 0 0 0 0 0 0 0 
 28.200000000000003 9.200000000000001 25.400000000000002 10.600000000000001 10 5.6000000000000005 12.8 89 43.400000000000006 33.800000000000004 22.6 5.4 47.6 0 23.6 28.200000000000003 7.4 6.4 35.4 8.6 0 0.4 0.4 0.4 0.4 1 0.2 0 0.6000000000000001 0.4 0 0 0.4 0 0 0 0 0 0.8 0 0 0 0.6000000000000001 0 0 0 0 0 0 0.4 0 0.2 0 0 0 0.4 0 0 0 0 0 0 0 0 0.4 0 0 0 0 0.8 0.6000000000000001 0 0 0.6000000000000001 0 0 0 0 0 0 1.6 3.6 3.6 5.6000000000000005 0 0 2 2.6 0 7 2.6 7.4 0.2 6.4 3.8000000000000003 6.6000000000000005 0 2.8000000000000003 8 3.2 0 0 0 1.8 0 0 0 0 0 0 0 0 0 0 0 0 0 0 2.8000000000000003 0 0 0 0 0 0 0 0 0 0 2.6 0 0 0 0 0 0 0 0 0 0 0 0 0 0 0.4 0 0.8 0 0 0 0 0 0.6000000000000001 0 0 0.2 0 0 0 0 4.6000000000000005 3.8000000000000003 0 4.4 0 0 0 0.2 9 0 0 0 0 11.200000000000001 0 9.600000000000001 2.8000000000000003 0 0.2 2.8000000000000003 0 0 0 0 0 0 0 0.2 0 0 0 0 0 0 0 0 0 0 0 0 0 0 0 0 0 0 0 0 0 0 0 0 0 0 0 0 0 0 0 0 0 0 0 0 0 0 0 0 0 0 0.6000000000000001 0 0 0 0 0 0 0 0 0 0 0 0 0 0 0 0 0 0 0.4 0 0 0 0 0 0 0 0 0 0 0 2.6 0 0 0 0 0 0 0 0 0 0 0 0 0 0 0 0 0 0 0 0 0 0 0 0 0 0 0 0 
 46.2 30.200000000000003 25.8 19.200000000000003 33.2 30.400000000000002 10 43.800000000000004 37.4 22.6 35.800000000000004 26.6 30.6 23.6 0 34.4 39.400000000000006 13.4 37.6 16 0 0.4 0.4 0.4 0 0.2 0 0 1 0 0 0 15.200000000000001 0 0.2 0.4 0 0 0.4 0 12.200000000000001 0 0.6000000000000001 0 0.4 0 0 0 1.2000000000000002 0.4 0 0.2 0 0 1.4000000000000001 0.4 0 0 0 0 0 0 0 0 0.2 0 0 0 0 0.6000000000000001 0 0 0 0.6000000000000001 0 0 0 0.2 0 0 2.8000000000000003 2.4000000000000004 0 3.4000000000000004 3.4000000000000004 2.2 0 2.8000000000000003 3.6 6.4 4.4 5.2 2.4000000000000004 2.8000000000000003 3.4000000000000004 6.800000000000001 9.600000000000001 3.6 5.6000000000000005 7.800000000000001 0 0 0 0 0 0 0 0 0 0 0 0 4.4 0 0 0 0 0 0 0 0 0 0 0 0 0 0 0 0 0 0 0 0 0 0 0 0 0 0 0 0 0 0 0 1 0 0 0 0 0 0 0 0 0 1 0.4 0 0 0 0 0.2 1.8 0 2.2 0 0.6000000000000001 2.2 0 5 0.8 0 0 0 2.8000000000000003 2.8000000000000003 0 1.4000000000000001 4.4 2.6 0 0 0 0 0 0 0 2 0 0 0 0 0 0.2 0 0 0 0 0 1 0 0 0 0 2 0 0 0 0 0.2 0 0 0 0 0 0 0 0 0 0 0 0 0 0 0 0 0 0 0 0.2 0 0 0.4 0 0 0 0 0 0 3 0 0 0 0 0 0 0 0 0 0.4 0 0 0.4 0 0 0 0 0 0 0 0 0 0 0 0 0 0 0 0 0 0 0 0 0 0 0 0 0 0 0 0 0 0 0 0 0 0 0 0 0 0 
 11.200000000000001 46.6 13 41.800000000000004 39 29.400000000000002 7.800000000000001 25 51.6 47 61.400000000000006 6.6000000000000005 17 28.200000000000003 34.4 0 30.200000000000003 30.6 16.6 10.200000000000001 0 0.4 1 0.4 0 0 0.4 0 0.8 0 0.8 0.6000000000000001 16 0.4 0 0 0 0 0.4 0 0 0 0.6000000000000001 0.4 0 0 0 0.4 0.6000000000000001 0.4 0 0 0 0 0.4 0.8 0 0 0 0.2 0 0.6000000000000001 0 0 7 0 0 0 0 0.6000000000000001 0.4 0 0 0.6000000000000001 0 0 0 0 0 0 12.200000000000001 4 0.2 4.800000000000001 2 0 0 3.2 1 10 1.8 7.4 0.4 6.6000000000000005 3.4000000000000004 0 8.200000000000001 0 0 2 0 0 0 0 0 0 0 0 0 0 0 0 3.6 0 0 0 0 0 2.8000000000000003 0 0 0 0 0.4 0 0 0 0 0 0 0 0 0 0.4 0 0 0 0 0 0 0 0 0 0 0.6000000000000001 0.4 0.8 0 0 0 0 0 2.6 0 0 1.4000000000000001 0 0 0 0 0 0 6.2 1.4000000000000001 0 0.4 0.2 0 3.6 0.6000000000000001 0 1 0 0 3.6 2.6 0.2 1.6 0 0 0 0 0 0 0.4 0 2.6 0 0 0 0 0 1.6 4.6000000000000005 0 0 0 0 0.8 0 0 0 0 0 0 0 0 0 0 0 0 0 0 0 0 0 0 0 0 0 0 0 0 0 0 0 0 0 0 0 0 0 0 0 0 0 0 0 0 0 0 0 0 0 0 0 0.4 0.4 0.6000000000000001 0.2 0 0 0 0 0 0 0 0 0 0 0 0 0.2 0 0 0 0 0 0 0 0 0 0 0 0 0 0 0 0 0 0 0 0 0 0 0 0 0 0 0 
 9 47 22.6 44.800000000000004 17.8 24.200000000000003 5.2 6.6000000000000005 29.200000000000003 47 65.4 16.2 4.4 7.4 39.400000000000006 30.200000000000003 0 31 5.2 5.4 0 0.4 0.4 0.8 0.2 0 4.6000000000000005 0 16.8 0.2 0 0 27.400000000000002 0.2 0 0 0 0 6 12.4 0 0 0.6000000000000001 0 0 0 0 0 0 0.4 0 0.4 0 0 0 0.4 0 0 0 0 0 0.2 0 0 0.6000000000000001 0 0 0 0 0.6000000000000001 0 0.4 0 0.6000000000000001 0 10.200000000000001 0 8.8 0 0 1.2000000000000002 0 1.4000000000000001 3.2 15.600000000000001 6 0 0 0 4.800000000000001 10.8 2.6 0 0 0 5.2 0 9 0 0 0 0.2 0 0 0 0 5.2 0 0 0 0 0 4.800000000000001 0 1 0 0 0 2.6 4.800000000000001 0 2 0 0 0 0 0 0 0 0 0 0 0 0 0 0 0 0 0 0 0 0 0 2 0 0 0 0 0 0 0 0 0 0 0 0 0 0 0 0 0 0 2 0 1.6 0 0 0 0 4.2 3.8000000000000003 12 0 0.8 0 0 3.2 2.4000000000000004 1.4000000000000001 0 0.2 0.2 0 0 0 0 1.2000000000000002 2 0 0 0 0 4.4 3.8000000000000003 3.2 0 0 0 4 0 0 0 0 0 0 0 0 0 0 0 0 0 3 0 0 0 0 0 0 0 0 0 0 0 0 0 0 0 0 0 0 0 0 0 0 0 0 0 0 0 0 2 0 0 0 0.2 0.2 0.4 17 0.2 0 0.4 0 0 0 0 0 0 0 0 0 0 0 0 0 0 0 0 0 0 0 0 0 0 0 5.2 3.2 2 0 0 0 0 0 0 0 0 0 0 0 0 
 25 42.400000000000006 27.200000000000003 8.8 72 15.4 9.600000000000001 7.4 55.800000000000004 27 27.8 21.400000000000002 7.800000000000001 6.4 13.4 30.6 31 0 75.8 6.6000000000000005 0 0.4 0.4 0.8 0.2 0 1 0 0.6000000000000001 0 0 0 14 32.2 0 0 0 0.8 18.2 27.8 0 0 0.6000000000000001 0 0 0 0 0 0 1.2000000000000002 0 0.2 0 0 0 0.4 0.2 0 0 0 0 0 0 0.8 0.8 0 0 0 0 0.6000000000000001 0 0 0 0.6000000000000001 0.6000000000000001 0 0 0.2 0 0 0 1.8 0 4.4 1 2 0 0 3.4000000000000004 7.4 14.8 3 0 2.8000000000000003 4.2 5.2 6.4 5.6000000000000005 0 1.6 0 1.8 0 0 0 0.4 2.8000000000000003 0 0 0 0 0 0 0 0 2 0 0 2.6 4.2 0 0 0 0 0 0 0 0 0 0 0 0 0 0 0 0 0.4 0 0 0 0 0 0 1.4000000000000001 0.4 0 0 0 0 0 0 0 0 0 0 0 0 0 0 0 2.8000000000000003 2 8.4 4 6.6000000000000005 0.2 3.2 1.4000000000000001 0.2 0.2 7.4 11.8 0 0 8 0 3 2.4000000000000004 0 0 0 0 0 0 0 0.4 0.6000000000000001 0 0 0 0 0 2.2 0 0 0 0 0 0 0 0 0 0 0 0 0 0 3.4000000000000004 0 0 0 0 0 0 0 0 0 2 0 0 0 0 0 0 0 0 0 0 0 0 0 0 0.2 0 0 0 0 0 0 0 0 1.8 0 0 0 1 0 0.6000000000000001 1.4000000000000001 8.6 2.8000000000000003 1 1.8 0 0 0 0 0 0.4 0 0 0 0 0 0 0 0 0 0 0 0 0 0 0 0 3.6 0 3.4000000000000004 0 0 0 0 0 0 0 0 0 0 0 0 
 85.60000000000001 6.6000000000000005 28 16 18 26 45.2 77.60000000000001 100.60000000000001 23.8 25 13.200000000000001 14.600000000000001 35.4 37.6 16.6 5.2 75.8 0 32.4 11.8 0.8 0.6000000000000001 0.4 0.2 0 0 0 0.6000000000000001 0 0 0 0.4 17.2 0 0 0 0 0.2 0.2 8.200000000000001 0 0.6000000000000001 0 0 0 0 0 0 0.4 0 0 0 0 0 0.4 0 0 0 0.4 0 0 0 0 0 0 0 0 6.800000000000001 0.6000000000000001 0 0 0 0.6000000000000001 0 0 0 0 0 0 6.4 0 2.2 5 0 0 3.2 0 6.4 3.8000000000000003 0 3.2 10 0 2 6.2 0 0 9.4 2.6 0 0 0 0 0 0 0 0 0 0 0 0 0 0 0 0 0.4 0 0 0 0 0 0 0 0 0 0 0 0 0 0 0 0 0.2 0 4.4 0 0 0 0 0 0 0 0 1.2000000000000002 0.2 1 0 2 0 0 0 2.2 0 0 0.8 0 0 0 0 7.4 0.4 4.2 4.4 0 0 4.800000000000001 7.2 3 0 0 2.2 0 2.6 5.800000000000001 5.6000000000000005 0.2 7.4 2 0 0 0 0 0 0 0 0 0.2 0 0 0 0 0 0.2 0 0 0 0 0 0 0 3.4000000000000004 0 0 0 0 0.4 0 0.4 0 0 0 0 0 0 0 0 0 0 0 0 0 0 0 0 0 0 0 0 0 0 0 0 0 0 0 0 0 0 0 0 0 0 0 0 0.2 0 0.4 0 0 3.4000000000000004 0.8 0 0 0 0 0 0 0 0 0 0 0 0 0 0 0 0 0 0 0 0 0 0 0 0 0 3.6 0 0 0 0 0 0 0 0 0 0 0 0 
 47.6 8.4 7.800000000000001 12.8 53 8 29.400000000000002 5.800000000000001 13.8 17.400000000000002 11.600000000000001 6.4 45.800000000000004 8.6 16 10.200000000000001 5.4 6.6000000000000005 32.4 0 0 0.4 0.4 0.8 0 0 0 0 0.6000000000000001 0 0 0 0.4 0.2 0 14.8 0 16.2 0.6000000000000001 0 0 0 0.6000000000000001 0 0 0 0 0 0 0.4 0 0.4 0 0 0 0.4 0.2 0.2 0 0 0 0 0 0 0.6000000000000001 0 0 0.2 0 0.6000000000000001 0 0.8 0 0 0 0 0 0 0 0 2.6 2 2.6 0 0 0 0.2 6.4 1.8 0 0 0 4.2 3.2 1 8.6 0 0 5.800000000000001 12.200000000000001 0 0 0.2 0 0 0 0 0 0 0 0 0 0 0 0 0 0 0 3.2 0 0 0 0 0 0 0 0 0 0 0 0 0 0 0 0 0 0 0 0.2 0 0 0 0 0 0 0 0 0 0 0 0 0 0 0 0 0 0 0 0 0 1.2000000000000002 2 0 0 0 0 5.4 4 3.8000000000000003 0 0 0 4.4 5.800000000000001 0 3.6 0.2 0 4.2 0 0 0 0 0 0 0 0 0 0 0 0 0 0 0 0 0 0 0 0 0 0 0 0 2.8000000000000003 0 0 0 0 0 0.2 0 0 0 0 0 0 0 3.4000000000000004 0 0 0 2.8000000000000003 0 0 0 0 0 0 0 0 0 0 0 0 0 0 0 0 0 0 0 0 0 0 0 0.2 0 0 0 0 0.6000000000000001 1.2000000000000002 0 0 0 0 0 0 0 0 0 0 0 0 0 0 0 0 0 0 0 0 0 0 0 0 0 0 0 0 0 0 0 0 0 0.4 0 0 0 0 
 0 0 0 0.2 0 14.600000000000001 16 0 0 0 0.2 14.8 0 0 0 0 0 0 11.8 0 0 37 40.800000000000004 27.8 47.400000000000006 12 85.4 48.400000000000006 11.8 37 8.200000000000001 5 24 19.6 66 4.2 8.8 22.8 8.6 52 0.6000000000000001 0.6000000000000001 0.6000000000000001 0 0 0 0.6000000000000001 0 2.4000000000000004 0 0 0 0 0 0 0.6000000000000001 0 0 13.8 0 0.6000000000000001 1.6 0 0 0.6000000000000001 0 1 0.8 0.2 0 0 0.6000000000000001 0.4 0.8 0.4 0 0 0.2 1.6 0.4 0 0 0 0.4 0 0 0 0 0 0 0 0 0 0 0 0 0 0 0 0 5.800000000000001 0 6.800000000000001 0 10.600000000000001 3.2 1.4000000000000001 4 7.2 4 3.8000000000000003 6.2 0 0 6 4.6000000000000005 2.8000000000000003 2.4000000000000004 0 0 0.2 0 0 0 0 0 0 0 0 0 0 0 3.4000000000000004 0 0.2 0 0 0 6.2 5 1 0 0 0 0 0 0 0 0 0 0 0.2 0 0 0 0 0 0 0 0 0 0 0 0.4 0 0 0.2 0 0 0 0 0 0 0 0 0 0 0 0 0 0.4 1.2000000000000002 3.4000000000000004 2.2 0 2.4000000000000004 4.4 0 0 0 0 1.6 2 1.8 2.8000000000000003 4 0.2 3 0 0 0.2 0 0 0 0 0 0 0 0 0 0 0 0 0 0 0 0 0 0.4 0 0 0 0 0 0 0 0 0 0 0 0 0 0 0 0 0 0 0.4 0 0 0 0 2.2 0 0 0 0.2 0 0 0 0 0 0 0 0.6000000000000001 0 0.4 0 0 0 0.8 0 0 2.2 0 0 0 0 0 0 0 0 0 0 0 0 4.2 0 0 0 0 4.4 0 0 0 0 0 0 0 0 
 0.4 0.4 0.4 21.400000000000002 0.6000000000000001 15 0.4 0.6000000000000001 0.4 0.6000000000000001 0.4 15.200000000000001 6 0.4 0.4 0.4 0.4 0.4 0.8 0.4 37 0 63.6 24.8 6.6000000000000005 6.2 53.400000000000006 39.6 55 38.400000000000006 10.600000000000001 13 10 8.4 58.400000000000006 9.4 21.8 16.400000000000002 62 21.400000000000002 0.6000000000000001 0.6000000000000001 0 0 0.4 0.2 0.6000000000000001 0 1.2000000000000002 0 0 0 0 0 0 0.6000000000000001 0 0.6000000000000001 12.4 0 0 0 0 0 0 0 0.6000000000000001 0.8 0 0 0 0.6000000000000001 0 0.6000000000000001 0.6000000000000001 0 0 0 0 0.6000000000000001 0 0 0 0 0 0.2 0 0 0 0 0 0 0 0 0 0 0 0 0 0 4.800000000000001 0 2.6 5 1.8 2 1.4000000000000001 0 12.200000000000001 2.2 3.4000000000000004 4 0 0.8 0.2 1.6 4 3.6 0 2.2 3.8000000000000003 0 0 0 0.2 0 2.2 0 0 0 0 0 0.8 0 0 0 0 0 1.8 4.6000000000000005 0.6000000000000001 0 0 0.2 0 0 0 0 0 0.4 0.8 0 0 0 0 2.8000000000000003 0 0 0 0 0 0 0 0 2.8000000000000003 0.4 0 0 0 0 0 0 0 0 0 0 0 0 0 0 6.6000000000000005 2.4000000000000004 0 0.6000000000000001 0 1.4000000000000001 2 7.2 0.6000000000000001 0.4 0 0 1.8 1.8 4.800000000000001 3.4000000000000004 2.2 0 0 2.8000000000000003 2.8000000000000003 0 0 0 0 0 0 0 0 0 0 2.4000000000000004 1.8 3.6 0 0 0 0 0 0 0.2 0 0 0 0 0 0 0 0 0 0 0 0 0 0 0 0 0 0.2 0 0 0 2.2 0 0 0 0 0 0 0 0 0 0 0 1.6 0 0.4 0.2 15.600000000000001 0 0.6000000000000001 3.8000000000000003 0 0 0 0 0 0 0 0 0 0 0 0 0 0 1.8 0 0 0 0 0.2 0 0 0 0 0 0 0 0.2 
 0.4 0.4 0.8 1.2000000000000002 12.8 15.200000000000001 0.4 0.4 0.4 15 0.4 15.600000000000001 0.8 0.4 0.4 1 0.4 0.4 0.6000000000000001 0.4 40.800000000000004 63.6 0 19.8 11 8.8 74.4 62.6 16 14.8 55.400000000000006 6.2 56.6 22.8 21.8 24.200000000000003 66.2 16.8 26 18.8 1.8 0.6000000000000001 0.6000000000000001 0.6000000000000001 0.8 0 3.4000000000000004 0 0.4 0 0 0 0.2 0 0.4 1.2000000000000002 0 0 0 0 6.2 0 0 0 0 0 0.6000000000000001 0 0 0 0 0.2 0 0.6000000000000001 0.6000000000000001 0 1.8 0.2 0 0.6000000000000001 0 0 0 0 2.2 0 0 0 0 0 4.4 0 0 0 0 0 0 0 0 0.4 5.2 7.800000000000001 6 2.8000000000000003 3.8000000000000003 5 4.800000000000001 13.600000000000001 0 7.800000000000001 4 0 6 7.2 0.2 0 0 4 0 2 0 0 0 0 0 0 0 0 0 0 0 0 2.8000000000000003 0 3.6 0 0 0 1 0 0.4 0 0 0 0 0 0 0 0 2.6 0 0 0 0 0 0 0 0 0 0.4 0 0 0 0 0.4 0.4 0 0 0 0 0 0 6.2 0 0 0 0 0 0 0 3.4000000000000004 0 2.6 3.6 1.8 0 2.2 4.6000000000000005 6 5.2 3.2 3.2 2 0.6000000000000001 3.2 9.600000000000001 10.4 2.8000000000000003 0 5.800000000000001 0 0.4 0 0 0 0 0 0 0 0 0 0 0 0 1.8 0 0.2 0 0 7.2 0.2 0 0 0 0 0 0 0 0 0 0 0 0 0 0 0.8 0 0 0 0 0 0 0 0 0 0 0 0 0 0 0 0 0 0 0.6000000000000001 0 0 9.4 0 0 2.6 0 0 0 0 0 3.8000000000000003 0 0 0 0 0 0 0 0 0 0.2 0 0 0.2 0 0.6000000000000001 0 0 0 4.4 0 0 0 0 
 0.4 0.6000000000000001 0.4 0.4 0.4 1 0.4 13.600000000000001 0.4 0.4 0.4 0.4 18.400000000000002 0.4 0.4 0.4 0.8 0.8 0.4 0.8 27.8 24.8 19.8 0 15 54.2 30.400000000000002 47.2 50.2 47.2 63.2 23.400000000000002 12.4 17.8 57.2 11 9.8 8.4 17 12.8 15.200000000000001 13.600000000000001 0.6000000000000001 0 0 0 13 0 1.6 0 0 0 0 12.8 0 0.6000000000000001 0 0 1 0 1.2000000000000002 0 0.4 0 0 0 0.4 0 0.4 0 0 1.4000000000000001 1.6 0.6000000000000001 1.8 0 0 0.2 0 0.6000000000000001 0 0 0 0 0 0 0 0 0 0 0 0 0 0 0 0 0 0 0 0 4.2 2 4.800000000000001 0 7.6000000000000005 2 0 2.8000000000000003 5.800000000000001 2.8000000000000003 3.6 0 0.8 2.8000000000000003 2.8000000000000003 8.4 4 10.600000000000001 0 0 0 0 0 0 0 1.2000000000000002 3.8000000000000003 0 0.4 0 0 0.4 1.2000000000000002 0 0 0 0 2.8000000000000003 0.6000000000000001 12.4 0 0 0 0 0 0 0.4 0 0 0 0.6000000000000001 0 0 0 0 0 0 0 0 0 0 1 0 0 0 0 0 0 0 0 0 0 0.6000000000000001 0 0 0 0 0 0 0 2.4000000000000004 0 2.4000000000000004 2.2 0.2 1.6 3.2 0 3.4000000000000004 1.2000000000000002 1.8 5.2 0 3.8000000000000003 5.6000000000000005 0.6000000000000001 6.6000000000000005 7.4 0 6.800000000000001 1.6 2.4000000000000004 0 0 0 0 4.800000000000001 6 0 0 2.4000000000000004 0.4 4.2 0 0 0 0 0 2.4000000000000004 0.4 0 0 0 0 0 0 0 0 0 0.2 0 0 0 0 0 0 0 0 0 0 0 0 2.6 0 0 0 0 0 0 0 0 0 0 0.4 1.6 0.6000000000000001 0 0.8 1.4000000000000001 0 0.4 2.8000000000000003 0.2 0 0 0 0 0 0 0 0.4 0 0.4 0 0 0 0 0 0 0 0 1.6 0 0 0 0 0 0 0 0 
 1 1 0.2 0.2 0 0.8 0 0 0 0 0 0 0 0.4 0 0 0.2 0.2 0.2 0 47.400000000000006 6.6000000000000005 11 15 0 19.400000000000002 11.200000000000001 51.6 24.200000000000003 29.8 32.2 40.400000000000006 11 56.2 13 11.4 13.600000000000001 5.2 13.4 10 13.200000000000001 13.600000000000001 0 0 0 0 26.200000000000003 0 1.8 12.600000000000001 0 0 0 37.4 13.600000000000001 0.6000000000000001 0 0 56 13 0 0 0 0 0 0 0.6000000000000001 0 0 0 0 0.4 0.6000000000000001 0.6000000000000001 0.6000000000000001 0 0 0 0 0.6000000000000001 0 0 0 0 0 0 0 0 0 0 0 0.4 0 0.4 0 0 0 0 0 0 0 0 0 0.4 1 0.2 0 0 0 0 0 0 0 0 0 0 0 0 0 0 2.2 5 2 0 0 0 4.800000000000001 0 3 0 0 0 4.6000000000000005 3.2 3 0 1.6 3 4.2 5.800000000000001 0 0.2 0 0 0 0 0 0 0 0 7.6000000000000005 0 0.2 0 0 0 0 0 0.2 0.4 0 0 0 2.2 0 1.6 0 0 0 0 0 0 0 0 0 0 0 0 0 0 0 0 0 0 0 3.2 0 0 0 2 0 0 0 0 0 0 0 0 0 0 1.8 6.800000000000001 0 0 0 0 1.6 1.6 0 0 1.6 0 1.8 0 0 6.800000000000001 3.6 1.6 17 5.6000000000000005 0 0 0 5.2 0 0 0 0 0 1.6 0 0 0.2 0 0 2.2 0 0 0 0 0 0 0 0 0 0 0 0 0 0 0 0 0 0 0.8 0.4 1 1.8 0 0 0.8 0.2 0 0 0 0 0 0 5.6000000000000005 0 0 0 0 0 0 0 0 0 0 0 0 0 0 0 0 0 0 0 0 0 
 0 0 0 0.2 0.4 1.2000000000000002 0 0 0 0 0 0.4 0.4 1 0.2 0 0 0 0 0 12 6.2 8.8 54.2 19.400000000000002 0 48.2 4.800000000000001 11.4 91.2 21.6 37 7.800000000000001 25.200000000000003 13 19 28.6 46.6 11 12.600000000000001 0.6000000000000001 0.6000000000000001 0 0 1.4000000000000001 0 0.2 13.200000000000001 6.2 10.600000000000001 0 0 12 1.4000000000000001 25.200000000000003 1.6 5.4 0 12.200000000000001 0.2 0 0 0 0 0 0 0.4 0 0 1.2000000000000002 0.6000000000000001 0.6000000000000001 0 0.6000000000000001 0.6000000000000001 0 0.4 0 0 0.6000000000000001 0 0 0 0 0 0 0 0 0 0 0 0 0 3.6 0 0 0 0 0 0 0 0 0 10 6.800000000000001 1.6 0 0 5.2 1.8 0 4.800000000000001 0 0 0 0 3.6 0 0 0 4 2.2 0 1.6 0 0 0.2 2 3.8000000000000003 0 2.6 2 1 2.4000000000000004 4.6000000000000005 0.6000000000000001 1 3 0.2 2.2 0 0 0 0 0 0 0 3.4000000000000004 0 0 0 0 1.6 0 0 0 0 0 0 0 0 0 0 0 0 0 0 0 0 0 0 0 0 0 0 0.4 0 0 0 0 0 0 0 0 1.8 0 0 0 2 0 2.2 0 0 0 0 0 0 0 0 0 6.6000000000000005 10.600000000000001 0 0.4 0 0.8 3.8000000000000003 4.4 1.8 0.8 2.2 3.6 1.8 6 1.8 14.600000000000001 0 0 2.4000000000000004 0.2 0 0 0 0 0 1.4000000000000001 0 0 0 0 0.6000000000000001 0 0 0 0 0.2 0 0 0 0 0 0 0 0 0 0 0 0 0 0 0 0 0 0 1.2000000000000002 1.2000000000000002 0 1.2000000000000002 14.600000000000001 0.4 1.2000000000000002 0 0 0 0 0 2.8000000000000003 0 0 0 3.6 0 0 0 0 0 0 0 0 0 0 0 0.4 0 4.4 0 2.2 0 0 0 
 0 14.8 13.200000000000001 0.4 15.600000000000001 15.4 0 1.4000000000000001 0 0.2 15.4 13 0 0.2 0 0.4 4.6000000000000005 1 0 0 85.4 53.400000000000006 74.4 30.400000000000002 11.200000000000001 48.2 0 20.400000000000002 10.600000000000001 9.4 8.6 9.600000000000001 81 72.2 39.6 17.400000000000002 33.800000000000004 30.200000000000003 66.60000000000001 25.400000000000002 0.6000000000000001 0.6000000000000001 0 0 0 0 0.6000000000000001 0 0.6000000000000001 0 0 0 0 0 0 0.6000000000000001 0 0 0 0 0 0.2 0 0 0 0 0.4 2.8000000000000003 0 0 0 0.6000000000000001 0 0.6000000000000001 0.6000000000000001 0 0 0 0 0.6000000000000001 0 0 1.6 0 0 2.6 0 0 0 0 0 0 0 0 0 2.4000000000000004 0 3.6 0 0 7.4 0 3.6 0 4.4 0.2 8 5.6000000000000005 0.2 3.8000000000000003 2.6 0 0.2 8.8 1.8 3.8000000000000003 3.6 0 0 0.8 0 0 0 0 0 0 0 0 0.4 0 0 0 0 0 0 0 0 0 0 0 1 0 0 0 0 0 0 0 0 0 0 0 0 0 0 0 0 0 0 0 0 0 0 0 3.2 0 0 0 0 0 0 0 0 1.2000000000000002 0 0 0 0 0.6000000000000001 0 4 4 0 8.8 0 0.2 0 7.2 5 2.2 3.6 2.2 0.4 3.6 4.6000000000000005 4.2 1.4000000000000001 0.4 2.4000000000000004 2.8000000000000003 1.8 0 0 0 0 0 0 0 0 0 2.4000000000000004 0.2 2.2 0 0 0 0 0.8 0 0.2 0 0 0 0 0 0 0 0 0 0 0 0 0 0 0 0 0 0 0 0 0 0 0 0 0 0 0 0 0 0 0 0 0 0.2 1.2000000000000002 0 0.4 0 0 0.2 0 0.6000000000000001 0 0 0 0 0 0 0 0 0 0 0 0 0 0 5.4 0 0 0 0 1.8 0 0 0 0 0 0 0 0 
 0 0 0 0 0.4 1.2000000000000002 0 0 0 0 0 0 0 0 0 0 0 0 0 0 48.400000000000006 39.6 62.6 47.2 51.6 4.800000000000001 20.400000000000002 0 54.800000000000004 25.6 79.80000000000001 6 77.2 44.6 53.2 31.400000000000002 41.6 25 17.400000000000002 6.2 0.6000000000000001 0.6000000000000001 0 0 0 0 0.2 0 6.4 0 0 0 0 0 0 0.6000000000000001 0 0 1.4000000000000001 0 0 0 0 0 0 0 0.4 0 0 0 9.4 0.6000000000000001 0 0.6000000000000001 0.6000000000000001 0 1.4000000000000001 0.4 0 0.6000000000000001 0 0 0 0 0.2 0 0 0 0 0 0 0 0 0 0 0 0 0 0 0 3.4000000000000004 4.4 10.4 0.2 8.200000000000001 6.4 2.4000000000000004 6.2 2.6 8 6.800000000000001 1.4000000000000001 0 0 6.4 2.6 6.4 11.8 0 0 0.4 0 0 0 0 0 0 0 0 0 0 0 2 0 0 0 0.4 0 4.4 2.6 1.2000000000000002 0.4 0 0 0 0 0 0 0 0 0 0 0 0 0 0 0 0 0.2 0 0.4 0 0 0 0 0 0 0 0 0 0 0 0 0 0 0 0 0 0 0 0.2 0 6.2 6.2 2.4000000000000004 2.6 5.4 0 4.6000000000000005 2.6 0 4 0.2 6.2 5.6000000000000005 4.2 9.600000000000001 5 0 3.2 0 0 0 0 0 0 0 0 0 0.4 0 0 0 0 0 0 0 0 0 2 0 0 0 0 0 0 0 0 0 3.4000000000000004 0 0 0 0.4 2.6 0 0 0 0 0 0 0 2.4000000000000004 0 0 0 0 0 0 0 0 0 0 0 0.6000000000000001 0 0.6000000000000001 14.8 0 0.4 0.8 0.8 0 0 0 0 0 0 0 0 0 0 0 0 0 0 0 0 0 0 0 4.6000000000000005 0 0 0 0 0 0 0 0 
 0.6000000000000001 0.6000000000000001 0.6000000000000001 0.6000000000000001 0.6000000000000001 0.6000000000000001 0.6000000000000001 0.8 0.6000000000000001 0.6000000000000001 0.6000000000000001 0.6000000000000001 0.6000000000000001 0.6000000000000001 1 0.8 16.8 0.6000000000000001 0.6000000000000001 0.6000000000000001 11.8 55 16 50.2 24.200000000000003 11.4 10.600000000000001 54.800000000000004 0 42.6 59.400000000000006 34.6 12.200000000000001 24.8 92.2 57 7.6000000000000005 20.8 35.2 10.4 0.6000000000000001 0.6000000000000001 0 0 0 0 4 0 2.2 0 0 0.4 0 0 0 0.6000000000000001 0 0 6.800000000000001 0.2 0 0 0 0 0 0 0.4 0 0 0 14.8 0.6000000000000001 0 0.6000000000000001 0.6000000000000001 0 1 0.4 0 0.6000000000000001 0 0 0 0 0 0 0 0 0 0 0.4 0 0 0 0.4 0 0 0 0 0 0 2.4000000000000004 4.2 1.4000000000000001 7.4 5.800000000000001 0 0 4.6000000000000005 4.800000000000001 4.2 6.6000000000000005 0 0 1 5.6000000000000005 2.6 8.200000000000001 0 1.2000000000000002 0 0 0 0 0 0 2.2 0 0 0 0 0 0 0 3.2 0 0 0 4.6000000000000005 6.2 0 0 0 0 0 0 0 0 0 0 1.4000000000000001 0 0 0 0 0 0 0 0 0 0 1 0 0 0 0 0 0 0 2.4000000000000004 0 0.4 0.6000000000000001 0 0 0 0 0.2 0 0 2.4000000000000004 0 2 0.2 0 2.4000000000000004 4 0 2.2 0 1.6 2.8000000000000003 0 1.6 4.800000000000001 2.2 8.8 4.2 0 2.6 1.6 1.4000000000000001 0 0 1.6 0 3 3.2 0 0 0 0 4.4 2.4000000000000004 0 0 0 0 0 1.4000000000000001 0 0 0 0 0.4 0 0 0 0 0 0 0 0 0 0 0 0 0 0 0 0 0 2.2 0 0 0.2 0 0 0 0 0 0 0 0 15.4 0.4 0.2 24.8 0 0 0 2.4000000000000004 0 0 0 0 3 0 0 0 0 0 0 0 0 0 0 0 0 2.6 0 3.2 0 0.4 0 0 0 0 0 0 
 0 2.2 0 0.4 0 0.4 0 0.8 0 0 0 0 0 0.4 0 0 0.2 0 0 0 37 38.400000000000006 14.8 47.2 29.8 91.2 9.4 25.6 42.6 0 49.2 20 6.800000000000001 39.2 37.6 35.800000000000004 51.400000000000006 37.4 17 13 13.200000000000001 0.6000000000000001 0 41.6 0 0 0.8 0 1.8 1.2000000000000002 0 1.2000000000000002 0 14.200000000000001 0 0.6000000000000001 0 0.8 4.6000000000000005 0.2 0 0 0 0 0 0 1.8 0 0 1.6 0 0.4 0 0.6000000000000001 0.6000000000000001 0 0 0.2 0 0.6000000000000001 0 0 0 0 0 0 0 0 0 0 0 0.2 0 0.4 0 0 0 0 0 0 8.200000000000001 1.4000000000000001 2.6 7.6000000000000005 9.600000000000001 0.2 0 2 10 1.2000000000000002 2 1.8 0.4 2.4000000000000004 4.4 2.2 6.2 4.4 0 0 4.4 0 0 0 0 0 0.6000000000000001 0 0.4 0 0 0 3.8000000000000003 0 0 0 0 4.800000000000001 6.2 7.2 0 0.2 0 0 0 0 0 0 0 0 1.6 0 0 0 0 0 0 0 0 0.4 0 0 0 0 0 0 0 0 0 0 0 0 0 0 0 0 0 0 0 0 3.8000000000000003 0 7.2 3 0.2 4.4 2.2 2.6 2.4000000000000004 4.2 5.2 4.800000000000001 0 3.4000000000000004 5.6000000000000005 2.2 3 0.2 0 1.2000000000000002 3.8000000000000003 6.4 0 0 0 0 0 0 0 0 0 0 0.4 0.4 0 0 0 0 0.2 1.6 0 0 0 0 0 0 0 0 0 0 0 0 0.2 0 0 0 0 0 0 0 0 0 2.8000000000000003 0 0 0 0 0 0 0 0 0 0 0 2 0 0.4 15.8 0.4 0 0.4 4 0 0 0 0 0 0 0 0 0 0 0 0 0 0 0 0 0 0 0 0.2 0 0 0 0 2.8000000000000003 0 0 0 
 1 0 0 0 0.8 0 0 16 0 0 0 0 0 0 0 0.8 0 0 0 0 8.200000000000001 10.600000000000001 55.400000000000006 63.2 32.2 21.6 8.6 79.80000000000001 59.400000000000006 49.2 0 70.8 51.800000000000004 7 74.2 83.80000000000001 42.2 47.400000000000006 11.200000000000001 12.600000000000001 18.8 0.6000000000000001 0 0.4 0 0 17.400000000000002 0 0.6000000000000001 0 0 0 0 23.200000000000003 0 0.6000000000000001 0 0 13.8 5.800000000000001 9.200000000000001 0 0 0 0 0 0.4 0 0 0.4 0 0.6000000000000001 1.2000000000000002 0.6000000000000001 0.6000000000000001 0 0 0.2 0 0.6000000000000001 0 0 0 0 0 0 0 0 0 0 0 0 0 0 0 0.4 0 0 0 0 0.2 2.6 1.4000000000000001 4.800000000000001 2.2 2 0 0.6000000000000001 3.8000000000000003 0 2.2 2.4000000000000004 0 0 2.2 5.6000000000000005 2.2 6 0 2.6 0 2.8000000000000003 0 0 0 0 1.6 0 0 0 0 0 12.200000000000001 2.4000000000000004 0 3.2 0 4 2.6 0 0 0 0 0 0 0 0 0 0 0 0 0 0 0 0 0 0 0 0.4 0.4 0.2 0.6000000000000001 0 0 0 0 0 0 0 0 0 0 0.2 0 0 0 0 0 0 0 0 0 0 4.2 1.6 3.8000000000000003 11 0 4 4.4 0 13.8 0 1.6 0 0.6000000000000001 6.6000000000000005 7 0 2 4.2 4.6000000000000005 0 0 0 0 3 0 2.8000000000000003 0 0 0 0 4.4 1.6 0 2.4000000000000004 0 4.4 2.8000000000000003 0 4.4 0 0 0 0 0 0 0 0 0 0 0 0.2 0 0 0 0 0 0 0 0 0 0 0 0 0 0 0 0 0 0 0 0 0 0 0.2 0.2 0.2 0 0.2 0 0 0 0 0 0 0 0 0 0 0 0 0 0 0 0 0 0 0 0 0 0 0 0 0 0 0 0 0 
 0 0.2 0 0.4 0 0 0 0 0 0 15.8 0 0.4 0 0 0.6000000000000001 0 0 0 0 5 13 6.2 23.400000000000002 40.400000000000006 37 9.600000000000001 6 34.6 20 70.8 0 4 11.8 7 3.8000000000000003 16 23.200000000000003 8 16 0.8 6.6000000000000005 0 0 17.8 0 26.400000000000002 0.2 10.200000000000001 0 0 0 0 0.6000000000000001 0.8 0.6000000000000001 0 0 12.600000000000001 19.6 0 0 0 0 0 0 0.4 0 0 0 0 0.6000000000000001 0.2 0.6000000000000001 0.4 0 0 0 0 0.4 0 0 0 0 0 0 0 0 0 0 0 0 0 0 0 0 0 0 0 0 1.2000000000000002 0 0 1.4000000000000001 1.8 0 0 0 1.6 0.6000000000000001 1.8 4.800000000000001 0 0 0 0 0 0 0 0 0.4 7.800000000000001 0.2 0 0 0 4 0.2 7.800000000000001 0 0 0 5.2 1.8 2 4 0.2 0.2 0 2.4000000000000004 0 0 0 0 0 0 0 0 0 0 1.2000000000000002 0 0 0 0 0 0 0 0 0 0 0 0 0 0 1 0 2.4000000000000004 0 0 0 0 0 0 0 0 0 0 2.2 0 1.4000000000000001 0 0 0 3.2 4 0 0 0 3.8000000000000003 2.6 0 0 0 1.6 0 1.6 0 0 0 9.200000000000001 9.600000000000001 0 0 0 0 9.600000000000001 7.2 0.2 0 0 0 2.6 5.2 2.8000000000000003 4.6000000000000005 9.4 0.4 9.600000000000001 2 0 0 0 0 0 0 0 0 0 0 0 0 0 0 0 0 0 0 0 0 0 0 0 0 0 0 0 0 0 0.2 0 0 0 0 0.8 0 0.4 15.200000000000001 0.2 0 15 1.4000000000000001 0 0 0 0 0 0.4 0 0 0 0 0 0 0 0 0 0 0 0 0 0 0 0 2.2 0 0 0 0 0 
