 0 35.6 80 10.600000000000001 14.4 9.600000000000001 76.60000000000001 46 6.4 95.60000000000001 66 7.800000000000001 43.6 10 36.2 47.400000000000006 21 26.6 26 110.60000000000001 0 4.4 0 0 0.2 0 14.8 0 0.2 0.4 0 0 15.200000000000001 0 0 0 0 0 0.6000000000000001 0 0 0.6000000000000001 0 0.4 0 0 0 0 0 0 0 0.2 0 0 1 0 0 0.8 0 0 0 0.6000000000000001 0.6000000000000001 0 0 0.6000000000000001 0 0 0 0 0.6000000000000001 0 0 0 0 0 0 0 0.2 0 5.4 4.2 1.8 0 0 4.800000000000001 0.6000000000000001 5 0 0 3.8000000000000003 10.200000000000001 0 2 3.2 3 0.2 8 2.6 0 0 0 0 0 0 0 0 0 0 0 0 0 2.8000000000000003 3.2 0 0 0 0 5.4 8 0 0 0 0 0 0 0 0 0 0 0 0 0 0 0 0 0 0 0 0 0 0.8 0 0 0 0 0 0 2.4000000000000004 0 0 0 0.4 0.2 0 0 0 0 0 0 3.8000000000000003 2.8000000000000003 0 0 0.4 0.2 0 4.2 0.2 3.2 0.4 3 0 0.2 0 1.4000000000000001 2.2 1.2000000000000002 3 1.8 0.4 0 0 0 0 0 0 0 2 0 0 0 1.8 0 0 0 0 0.2 3.8000000000000003 0 0 0 0 0 0 0 0 0 0 0 0 0 0.4 0 0 0 0 0 0 0 0 1.4000000000000001 0 0 0 0 0 0 0.4 0 0 0 0 0 0 0 0 2.8000000000000003 0 0 0 2.6 0 0 0 0.2 0.4 0 0.4 0.4 0 0.4 0 0 0 0 0 0 0 0 0 0 0 0 0 0 0 0 0 0 0 0 0 0 0 0 0 0 0 0 0 0 0 0 0 0 0 0 0 0 
 35.6 0 31.200000000000003 17 6.4 51.6 37.800000000000004 38.2 25.6 8.200000000000001 7.4 9.4 9 31.8 69.2 52 72.4 6.2 11 28.6 0.4 0 0 0 0 0 0 0 0 0.2 0 0 0.4 0 0 0 0 3.2 0.8 15.200000000000001 0 1 10.200000000000001 0.2 0 0 0 0 0 0 0 0.2 9 0 1 0 0 0.6000000000000001 0 0 0 0.8 0.8 0 0 0.6000000000000001 0 0 0 0 0.6000000000000001 0 0 0 0 0 0 0.2 0 0 0.4 4.800000000000001 0 2 2.8000000000000003 0 3.8000000000000003 4.800000000000001 1.8 3.8000000000000003 4.2 8.8 0 4.4 8.200000000000001 0 5.800000000000001 0.2 0 0 0 0 0 0 0 0 0 0 0 0 0 0 4.2 0 0 0 0 0 0 1.4000000000000001 0 1.4000000000000001 0 0 0 2 0 0 0 0 0 0 0 0 0 0 3 0 0 0 0 0 0 0 0 0 0 0 0 0 0 0 0 0 0 0 0 0 9.600000000000001 0 0 2.4000000000000004 4.6000000000000005 6.2 2 4.2 0 1.4000000000000001 0 0 5.4 2.8000000000000003 0 5 7.2 2.4000000000000004 2.6 8.4 0 0 5.800000000000001 0 0 0 0 0 1.8 0 0 0 0 0 2.8000000000000003 0 0 0 0 0 2.6 0 0 0 0 0 0 0 0 0 0 0 0 0 0 0 0 0 0 0 0 0 0 0 0 0 0 0 0 0 0 0 0 0 0 0 0 0 0 0 0 0 0 0 0 0 0 0 1 0 0 0 0 4.2 4.800000000000001 0 0 0 0 0 0 0 0 0 2.8000000000000003 0 0 0 0 0 0 0 0 0 0 0 0 1.4000000000000001 1.6 0 0 0 0 0 0 0 0 0 0 0 0 0 
 80 31.200000000000003 0 22 27.400000000000002 73 16.8 59.800000000000004 34.4 24.8 45.400000000000006 8 43 52.6 63.2 38 46.400000000000006 11.4 19 20.400000000000002 0 0 0 0 0.2 0.2 8 0 0 0 0 0 7.6000000000000005 0 0.2 0 0.2 15.600000000000001 1 14.8 0 0.6000000000000001 0 0.4 0 0 0 0 0 0 0 0.2 0 0 0.4 0 0 0.6000000000000001 0 0 0 0.6000000000000001 0.6000000000000001 0 0 0.6000000000000001 0 0 0 0 0.6000000000000001 0 0 0 0.4 0 0 0 0 0 0.2 2.6 0 2 0 2 2.4000000000000004 2 6 0.2 1.8 5 2.2 0 9 0 0 0.4 3.2 8.200000000000001 0 0 0 0 0 0 0.4 0.2 0 0 0 0 1.2000000000000002 0 0 0 0 0 5.4 6.2 0 0 0 0.2 0.4 0 0 0 0 0 0 0 0 0 0 0 0 0 0 0 0 0 0 0 0.4 0 0 0 2.4000000000000004 0 0 0 0 0 0 0 0 0 0 0 2.4000000000000004 0 1.4000000000000001 2.6 0 1.8 4.2 0 11.8 0.2 2.2 6.800000000000001 1.8 0 0 5 3.8000000000000003 1.8 0 4 2.6 2.2 0 0 0 0 3.2 0 0.4 0 0 0 1.2000000000000002 0 0 0 0 0 0 0 0 0 0 0 0 0 0 0 0 0 0 0 0 0 0 0 0.4 0.2 0 0 0 0 0 0 0 0 0 0 0 0 0 0 0 0 0 0 0 0 0 0 0 0 0 0 0 0 0.8 0 0 18.2 3.6 1.2000000000000002 2.2 0 0 0 0 0 0 0 0 0 0 0 0 0 0 0 0 0 0 0 0 0 0 0 0.4 3.8000000000000003 0 0 0 0 0 0 0 0 0 0 0 0 
 10.600000000000001 17 22 0 65.60000000000001 34.6 35.6 14 29.8 38.800000000000004 31.200000000000003 59.800000000000004 75.60000000000001 18.2 11.600000000000001 48.6 6 113 59.800000000000004 12.4 15 0 0.2 0 0.2 0 15.8 0 0 0 0 0 15.200000000000001 30 0 0 0.2 0.2 20.6 15.4 0 1.6 0 0.4 0 0 0 0 0 0 0 0 0 0.2 0.4 0 0 0.6000000000000001 0.4 0 0.8 0.6000000000000001 0.6000000000000001 0 0 0.6000000000000001 0 2.6 0 0.6000000000000001 0.6000000000000001 0 0 0 0 0 0.6000000000000001 0 0 0 0.4 5.2 4.2 2.6 13.4 4.6000000000000005 0 2.6 2 5 0 0.2 2.6 0 2.4000000000000004 0 6 3.2 3.8000000000000003 0 0 0.2 0 0 0 0 3.2 0 0.2 0 0 0 5.6000000000000005 0.4 0 0 0 0 3.8000000000000003 3 0 0 4.2 0 0 0 0 0 0.4 0 0 0 0 0 0 0.4 0 0 0 0 0 0 0 0 0 0 0 0 0 0 0.4 0.4 0 0 0 0.2 0 0 0 0 4.800000000000001 7.2 2 6 2.2 2 0 2.2 2.4000000000000004 2 6.2 2.6 1.4000000000000001 0 2.8000000000000003 2.6 7.6000000000000005 2.4000000000000004 0 0 4.2 7.4 0.2 0 0 0 0.4 4 0 0 0 0 3.4000000000000004 0 0 0 0 0 11.600000000000001 0.2 0 0 0 0 0 0.2 0 0 0.2 0 0 0 0 0 0.8 0 0 0 0 0 0 0 1.6 0 0 0 0 1.8 0 0 0 0 0 0 3 0 0 0 3.8000000000000003 0 0 0 0 0 0 0.8 0.2 0 19 17.400000000000002 0 2.4000000000000004 0 0 0 0 0 0.2 0 0 0 0 0 0 0 0 0 0 0 0 0 0 0 0 0 1.8 0 0.4 0 0 0 0 0 0 0 0 0 0 0 0 
 14.4 6.4 27.400000000000002 65.60000000000001 0 62.800000000000004 11 28.8 15.8 56.400000000000006 33.800000000000004 39.6 17.2 14.4 13.4 32.4 25.400000000000002 91.2 29.6 33 0.4 0 0.4 0 0.2 0.2 59.2 8.200000000000001 16.2 0 0 0 16.6 21.6 4 0 0 0 20.200000000000003 31.200000000000003 0 0.6000000000000001 0 0.4 0.2 0 0 0 0 0 0 0.8 0 0 0.4 0.2 0 0.6000000000000001 0.4 0 0 1.6 0.6000000000000001 0 0 0.6000000000000001 0 0 0 0 0.6000000000000001 0 0 0 0 0 0.8 0 0 0 0 0 0 0.2 0 6.6000000000000005 0 0 0 0.6000000000000001 2.8000000000000003 2 0 0 0 0 0.2 0 0 0 7.6000000000000005 6.6000000000000005 2 0 0 0 8.4 6.4 12 0 0 1.6 0 0.2 16.8 0 1.8 5 5.6000000000000005 3.4000000000000004 0 0 3.6 0 2.2 0 0 0 0 0.4 0 0 0 0 0 0.2 0 0 0 0 0 0 0 0 0 0 0 0 0 0 0 0.2 0 0 0 0.4 0 0 0 0 0.8 0.4 0 0 7.800000000000001 2 0 0 0 0 3 0 0 0 0 0 0 0 0 0 0 2.2 2.2 0 0 0 4.4 1.6 2.6 0 2.6 0 4 11.200000000000001 2.4000000000000004 6.2 3.8000000000000003 2.8000000000000003 6.2 8 0 0 0 0 0 0.4 0 0 0 0 0 0 0 0 0 0 0 0 0 0 0 0 0 0 0 0 0 0 0 0 0 0 0 0 0 0 0 0 0 0 0 0 0 0 0 21.400000000000002 0.6000000000000001 0 0.4 0.8 0 2.2 0 0 0 0 0 0 0.4 0 0 0 0 0 0 0 0 0 0 0 0 0 0 0 0 0 0 0 0 0 0 0 0 0 0 0 0 0 0 0 
 9.600000000000001 51.6 73 34.6 62.800000000000004 0 68.2 40.400000000000006 6.800000000000001 44.2 35 23.400000000000002 8 10 28.6 17.8 53.2 50.400000000000006 11.8 54.6 0.6000000000000001 5 0.4 0 0.2 0 15 11.600000000000001 0 15.8 0 0 19.8 15 29.400000000000002 0 14.8 0.4 23 18 0 1.2000000000000002 6.6000000000000005 0.4 4.6000000000000005 0 0 9.200000000000001 0 0 0 0 0 0 0.4 0 0 0.6000000000000001 0 0 0 0.6000000000000001 0.6000000000000001 0 0 0.6000000000000001 0 0 0.6000000000000001 0 1.8 0 1.2000000000000002 0 0 0 0 0 0 0 0 2.2 0 2.2 9.4 5.4 0 0 0 2.4000000000000004 1 4.2 1.4000000000000001 0 0 0 0 3 0 0 2 0 1.6 0 0 0 0 0 4 0 0 1.4000000000000001 6.2 3.8000000000000003 2.2 1.8 0 0 2.8000000000000003 7.4 0 0.4 3 0 0 0 0.2 0 0 0 0 0 0 0 0 0 0.2 0 0 0 0 2 0 0 0 0 0 0 0 0 2 0 0 0 0 0 0 0 2 1.6 0 0.4 0 2 0 0 0 2.6 0 5.800000000000001 2.8000000000000003 7.2 1 0 0 0 5.2 3.6 0.4 2.4000000000000004 3.4000000000000004 4.6000000000000005 0 0 0 0 2.2 12.200000000000001 0 0 4 0.4 9 6 0 2.4000000000000004 3.6 0 2.6 3.4000000000000004 0 0 0 0 0 0 0 0 0 0 0 0 0 2.4000000000000004 0 0 0 0 0 0 0 0 0 0 0 0 0 0 0 0 0 0 0 0 0 0 0 0 0 0 0 0 0 0 0 0.8 0.2 0 1.8 1 0.2 0.8 0 0 0 0 0 0.4 0 0.4 0 0 0 0 0 0 0 0 0 0 0 0 0 0 0 0 0 0 0 0 0 0 0 0 0 0 0 0 0 0 
 76.60000000000001 37.800000000000004 16.8 35.6 11 68.2 0 38.2 52.400000000000006 8 6 6 38.2 29.200000000000003 39 27.400000000000002 49.400000000000006 10 28.8 34 0.4 15.200000000000001 0.2 0.4 0.2 0 0 0 0.6000000000000001 1 0 0 0 0 0.6000000000000001 0 0 14.8 0.6000000000000001 0 0.8 0.8 13.8 1 0 1.2000000000000002 1 12.8 0 0.4 0.4 0.4 1.2000000000000002 0 0.4 0 0.4 0.8 0.2 0.6000000000000001 0 0.8 0.6000000000000001 0 0 0.6000000000000001 0 0.2 0 0 0.6000000000000001 0.4 0 0 0.4 0 0 0 0.4 0 2 9 0.8 11.200000000000001 0 0.2 0 10.200000000000001 3.2 6.2 0 0 0 5.800000000000001 12.8 7.6000000000000005 2.8000000000000003 1.4000000000000001 0 3.4000000000000004 0 0 0 0 0 0 0 0 0 0 0.2 0 0.2 0 0 0 0 0 0.2 0 0 0 0 0 0 0 0 0 0 0 0 0 0 0 0.2 0 0 0 0 0.4 0.4 0 3 0 0 0 0 0 0 0 0 0 0 0 0 0 0 0 0.8 0 4.4 0.4 0.2 2.8000000000000003 1 1.2000000000000002 2 1.4000000000000001 2.8000000000000003 0 2.2 3 5.800000000000001 2 2 0 0 3.6 0 5.6000000000000005 0 0 0 0 0 0 0 0 0 0 0 0 0 0 0 0 0 0 3 0 0 0 0 0 0 0 0 0 0 0 0 0 0 0.2 0.2 0 0 0 0 0 0 0 0 0 0 0 0 0 0 0 0 0 0 1.6 0 1.8 0 0 0 0 0 0 0 0 0 0.2 18 0 0.6000000000000001 0 0 1.2000000000000002 0 0 0 0 0 0 0 0 0 0 0 0 0 0 0.4 0 0 0 0 0 0 0 0 2.8000000000000003 0 1.8 0 0 0 0 0 0 0 0 0 0 0 0 
 46 38.2 59.800000000000004 14 28.8 40.400000000000006 38.2 0 24.6 32.4 22.6 7.2 46.6 53.2 46.400000000000006 27 55.6 27.400000000000002 12 33.2 0.4 0 0.6000000000000001 0.6000000000000001 1 0 0 1 0 0 0.4 0.2 15.8 0 0 0.6000000000000001 0 0.4 1.2000000000000002 0 0 1.2000000000000002 0 0.8 0.4 0.8 0.4 0.8 0.8 0 0 0.2 0.2 0.6000000000000001 1 0 0.4 0.6000000000000001 0.4 0.4 0 3.4000000000000004 0.6000000000000001 0 0.4 2.4000000000000004 0 0 1.2000000000000002 0 0.6000000000000001 0 0.4 0 0.6000000000000001 0 0 4.6000000000000005 0 0 2.2 7.6000000000000005 1.2000000000000002 1.2000000000000002 0 1.2000000000000002 1.8 5 11 0 7.6000000000000005 8.6 1.6 4.4 8.6 0 1.6 3.4000000000000004 2.6 3 0 0 0 0 0 0 0 0 0 0 0 0 6 0 0 0 0 0 3 4.6000000000000005 0 0 0 0 0 0 0 0 0 0 0 0 0 0 0 0 0 0 0.4 0 0 0 0 0 0 0 0 0 0 0 0 0 0 0 0 1.2000000000000002 0 0 0 0 3.6 2 4 2 3.2 4 2.6 4.800000000000001 1.2000000000000002 6 2 7.4 1 0 3.2 0 0.6000000000000001 4.6000000000000005 0 6.2 2.2 0 0 0.4 0 0 0 0 0 0 0 0 2.4000000000000004 0 0 0 0 0 5.4 0 0 0.2 0 0 0 0 0 0.4 0 2.6 0 0 0 0 0 0 0 0 0 0 0 0 0 0 0 0 0 0.4 0 0 0 0 0 0 0 0 0 0.4 0 0 0 0 0 0 0 0.2 1.6 0.2 0 17.6 2.2 0.6000000000000001 4.4 0 0 0 0 0 0 0 0 0 4 0 0 0 0 0 0 0 0 0 0 0 0 2 0.2 0.4 0 0 0 0 0 0 0 0 0 0 0 0 
 6.4 25.6 34.4 29.8 15.8 6.800000000000001 52.400000000000006 24.6 0 12.8 3.8000000000000003 48.6 69 47.800000000000004 46.2 25 26.400000000000002 24.8 73.4 45 0 0.2 0 0.2 0.2 0 0 0 0 0 0 0 0.6000000000000001 0 0.6000000000000001 0 0.4 0.4 1 0.2 12.200000000000001 0.6000000000000001 0 0.6000000000000001 0 0 0 0 0 0 0.2 0.2 0 0 0.4 0.4 0 0.6000000000000001 0.2 0 0.4 1 0.6000000000000001 0.2 0 1.2000000000000002 0 0.8 0.2 0.6000000000000001 0.8 0 0.6000000000000001 0.4 6 0 0.4 0 0.4 0 6 8.200000000000001 2 4.2 0 0 0.8 0 4 0.4 0 0 2.8000000000000003 4.4 7 2.8000000000000003 2 0.4 6.2 3.2 0 0 0.2 0 0 0 0 0 0 0 0 0 0 0 0 0 0 0 0 0 0 0 0 0 0 0 0 0 0 0 0 2 0.4 0 0 0 0 0 0 0 0 0 0 0 0 0 0 0 0 0 0 0 0 0 0 0 0 7.6000000000000005 0 0 2.4000000000000004 0 0 2 0 0 6 0 4.4 0 6.2 0 5.800000000000001 0 3.8000000000000003 3.6 0 0 0 0.2 0 0 0 0 0 0 0 0 0 0 0 0 0 0 0 0.2 0 0 0 0 0 0 0 0 0 0 0 0 0 0 0 0 0 0 0 0 0 0 0 0 0 0 0 0 0 0 0 0 1.6 0 0 0 0 0 0 0 0 0 0 0 0 0 0 0 0 0 0.4 0 0 0 3.6 0.6000000000000001 0.2 0 0 0.2 0 0 0 0 0.2 0 0 0 0 0 0 0 0 0.4 0 0 0 0 0 0 0 0 0 0 0 0 0 0.6000000000000001 0 0 0 0 0 0 
 95.60000000000001 8.200000000000001 24.8 38.800000000000004 56.400000000000006 44.2 8 32.4 12.8 0 96.2 8 30.200000000000003 59.6 54.2 27 24.6 19 34 29.8 0 0 0 0 0.6000000000000001 0 17.8 0 0 0 15 0 28 12.200000000000001 0 0 0 0 15.200000000000001 6.6000000000000005 12.4 0.6000000000000001 0 0.6000000000000001 0.4 0 0 0 0 0 0 0 0 0 0.4 0 0 0.6000000000000001 0 0 0 0.6000000000000001 0.6000000000000001 0 0 0.6000000000000001 0 0 0 0 0.6000000000000001 0 0 0 0 0 0 0 0.2 0 0 6.4 1.6 4.2 1.6 3.8000000000000003 0.6000000000000001 2.4000000000000004 0 7.800000000000001 3 8.4 3.4000000000000004 0 3.8000000000000003 2 1.6 4.800000000000001 0 0 0.2 0 0 0 0 0 0.2 5.6000000000000005 3.2 0 0 0 6.2 0 0 0 0 0 7.4 3.6 0 0 3.6 0.4 0.2 0 0 0 0 0 0 0 0 0 0 0 0 0 0 0 0 0.6000000000000001 0 0 0.2 0 0 0 0 0 0 0 0 0 0 0 0 0 0 0 0 0 0 7 5.4 0 0.6000000000000001 2.2 1 4.4 4.4 4 0 0.2 0 3.8000000000000003 5.6000000000000005 1.8 0 2.4000000000000004 0 1.4000000000000001 0 0 0 0 7.4 4.4 0 0 0 0 6.6000000000000005 0 0.6000000000000001 0.2 0 0 0 4.4 0 0 0 0 0 0 0 0 0 0 0.4 0 0 0 0 0 0 0 0 0 0 0 0 0 0 0 0 0 0 0 0 0 0 1.8 0 0 0 0 0 0 0 0 0 0 0 0.8 0.2 0 0 0 0 1.4000000000000001 2.8000000000000003 0 0 0 0.4 0 0 0 0 0 0 0 0 0 0 0 0 0 0 0 0 0 0 0 4 0 0 0 0 0 0 0 0 0 0 0 0 0 
 66 7.4 45.400000000000006 31.200000000000003 33.800000000000004 35 6 22.6 3.8000000000000003 96.2 0 14.8 23.6 24.6 11 57.800000000000004 39.800000000000004 50.6 15.4 17.2 0.2 0 0.6000000000000001 0.4 0.4 0 15.200000000000001 0 0 0 0 0 21 0.4 0 0 0 0 0.4 0.2 0 2.8000000000000003 0 0.8 0.2 0 0 0 0 0.2 0.4 0.2 0 0 0.4 0 0 1 0.4 0 0 0.6000000000000001 0.6000000000000001 0 0 0.6000000000000001 0 0 0 0 0.6000000000000001 0 0 0 0 0 0 0 0.2 0 0 2.4000000000000004 0.2 4.4 12.600000000000001 5.800000000000001 0 0 0 0 2.2 5.6000000000000005 2.6 0.6000000000000001 2.8000000000000003 0 3.6 4.800000000000001 1.2000000000000002 0 0 0 0 0 0 0 3.2 0 0 0 0 0 2.8000000000000003 0 0 0 0 0 1.4000000000000001 7.2 0 0 0 0 0 0 0 0 0 0 0 0 0 1.2000000000000002 0 0 0 0 0 0 0 0 0 0 0 0 0 0 0 0 0 0 0 0 0 0 0 0 0 0 0 3 2.8000000000000003 5.6000000000000005 2.2 1.4000000000000001 0 3 0 2.6 0 1.8 1 0 2.8000000000000003 0 13.200000000000001 2 0 3.2 6.6000000000000005 0 0 0.4 0 0 5.800000000000001 2.2 0 0 0 0 0 0 0 0 0 0 7.6000000000000005 0 0 0 0 0 0 0 0 0 0 0 0 0 0 0 0 0 0 0 0 0 0 0 0 0 0 0 0 0 0 0 0 0 0 0 0 0 0 0 0 0 0 0 0 0 0 0.8 0.2 0 18.400000000000002 2 0 35.4 0 0 0 0 0 0 0 0 0 0 2.8000000000000003 0 0 0 0 0 0 0 0 0 0 0 0 0 0 0 0 0 0 0 0 0 0 0 0 0 0 0 
 7.800000000000001 9.4 8 59.800000000000004 39.6 23.400000000000002 6 7.2 48.6 8 14.8 0 23.6 51.400000000000006 25.6 25.200000000000003 15.200000000000001 22.400000000000002 7.6000000000000005 51.2 0 0 0 0 0.4 14.4 0.6000000000000001 24.6 15 0 0 0 0.6000000000000001 15.200000000000001 30.6 0.4 0.2 0 42.800000000000004 15.600000000000001 0 1.2000000000000002 0.4 0.6000000000000001 0 0.6000000000000001 0 0.6000000000000001 0.4 0 0 0.2 0 0 0.4 13.200000000000001 0 17.400000000000002 0 0.4 0 1.6 10.200000000000001 0 0 1.2000000000000002 0 0 0.6000000000000001 0 0.6000000000000001 0 0 0 0 0 0.6000000000000001 0 0.2 0 0 2.2 0 1.2000000000000002 5 2.8000000000000003 0 2.8000000000000003 1.8 0 7.4 4 0 3.4000000000000004 0 0 0.2 3.4000000000000004 0 0 3.4000000000000004 0 0 0 0 0 7.4 3.8000000000000003 1.8 0 0 1.4000000000000001 11.4 0 5 4.2 2.2 1.2000000000000002 5.2 0.2 0 0 0 0 0 0 0 0 0 0 0 0 0 0 0 0 0 0 0 0 0 0.6000000000000001 0 0 0 0 0 0 0 0 0.6000000000000001 0 0 0 0 0 0 0 0 0 4.6000000000000005 2 7.4 0 7.2 3.8000000000000003 1.2000000000000002 0 0 7.800000000000001 0 8.200000000000001 0 0 3.2 0 3.4000000000000004 2.8000000000000003 0 3.6 2.2 0.2 2 0 0 0 2.2 2.2 0 0 0 0 8 6.2 3.2 2.8000000000000003 2.2 6 8.4 0 0 0 0 0 0 0 0 0 0 0 0 0 0 0 0 0 0 0 2.8000000000000003 0 0 0 0 0 0 0 0 0 0 0 2 0 0 0 0 0 0 0 0 0 0 0 0 0 0 1.4000000000000001 1 0 19.6 17.8 0 2 0.2 0 0 0 0 0 0 0 0 0 4.4 0 0 0 0 0.2 0 0 0 0 0 0 0 0 0 0 0 0 0 0 0 0 0 0 0 0 0 0 
 43.6 9 43 75.60000000000001 17.2 8 38.2 46.6 69 30.200000000000003 23.6 23.6 0 40.6 9.600000000000001 17.400000000000002 8.200000000000001 29 105.60000000000001 19.400000000000002 0 0 0 0 0.4 0 0 0.4 1.2000000000000002 1.2000000000000002 0.4 0 0 0 0 0.4 0 0.4 0.6000000000000001 0 0.8 0.6000000000000001 0 0.8 0 0.4 0 0 0 0 0 0.4 1.2000000000000002 0 0.4 0 0 0.8 0 0 0 8.200000000000001 0.6000000000000001 0 0 0.6000000000000001 0 4.4 0 9.600000000000001 0.8 1 0.2 0 0 0 0 0 0 0 0.2 4.4 1.6 1.4000000000000001 2 1.4000000000000001 0.2 2 2.6 4.4 0 3 1.8 4 2.4000000000000004 8.6 2.2 17 4.800000000000001 3.2 0 0 0 0 0 0 0 0 0 0 0 0 0.2 0 0 0 0 0 0 0 0 1 0 0 0 0 0 0 0 0 0 0 0 0 0 0 0 0 0 0 0 0 0 0 0 0 0 0 0 0 0 0 0 0 0.4 0 0 0 0 0 4.4 1.8 0.8 1.8 0 0 0.2 1.6 0.6000000000000001 5.2 0.2 2 3 0 0.2 0.2 2 0 2.2 2.8000000000000003 0 0 0 0 0 0 0 0 0 0 2 0 0 0 0 0 0 0 0 0 0 0 0 0 0 0 0 0 0 0 0 0 0 0 0 0 0 0 0 0 0 0 0 0 0 0 0.8 0 0 0 0 0 0 0 0 0 0 0 0 0.2 0 0 0 0 0 0.6000000000000001 17.6 0 0 0.2 0 1.2000000000000002 0 0 0 0 0 0 0 0 0 0 0.2 0 0 0 0 0 0 0 0 0 0 0 0 0 2 0 0 0 0 0 0 0 0 0 0 0 0 5.4 
 10 31.8 52.6 18.2 14.4 10 29.200000000000003 53.2 47.800000000000004 59.6 24.6 51.400000000000006 40.6 0 88.2 9.200000000000001 24 11 60.6 54.400000000000006 0 0.4 0.4 0 0.2 0 0 0 0 0 0 0 1 0 0 0 0.2 0 0.6000000000000001 0 0 0.6000000000000001 0 0.4 0 0 0 0 0 0 0 0.6000000000000001 0 0.2 0.4 0 0.2 1 0 0 0 0.6000000000000001 0.6000000000000001 0.8 0.6000000000000001 0.6000000000000001 0 0 0.2 0.4 0.6000000000000001 0 0 0 0.4 0.6000000000000001 0 0.4 0 0 2.4000000000000004 2.2 4.2 0 0 3.4000000000000004 1.8 0 0.2 2.8000000000000003 0 13.8 8 0 5.4 0 0 3 0.4 12 0 0 0 0 0 0 0 0 0 0 0 0 3 0 0 0 0 0 4.2 2.6 0 0 0 0 0 0 0 0 0 0 0 0 0 0 0 0 0 0 0 0 0 0 0 0 0 0 0 0 0 0 0 0 0 0 0 0 0 0 0 2.2 0 0 0 2.8000000000000003 0 0 9.8 2 4.2 2.8000000000000003 6.2 3 7.4 0 0 3 2.6 0.2 2.4000000000000004 2.2 0.2 0 0 0 0 0 0 0 0 0 0 0 2 0 0 0 0 0 0 0 0 0 0 0 0 0 0 0 0 0 0 0 0 0 0 0 0 0 0 0 0 0 0 0 0 0 0 0 0 0 0 0 0 0 0 0 0 0 0 0 0 0 0 0 0 0 0.4 0 0.2 0.4 3 1.4000000000000001 0 0 0 0 0 0 0 0 0 0 0.2 0 0 0 0 0 0 0 0 0 0 0 0 0 10.4 0 0 0 0 0 0 0 0 0 0 0 0 0 
 36.2 69.2 63.2 11.600000000000001 13.4 28.6 39 46.400000000000006 46.2 54.2 11 25.6 9.600000000000001 88.2 0 14 4.6000000000000005 5 52.400000000000006 43.400000000000006 0 0.4 0.2 1 0.2 0 0 0 0 0 0 0.4 14.8 0.4 0 0 0 0 0.6000000000000001 0.4 7 0.6000000000000001 0 0.4 0 0 0 0 0 0 0 1 0 0.4 0.4 0 0 0.6000000000000001 0.4 0 0 0.6000000000000001 0.6000000000000001 0 0 0.6000000000000001 0 0 0 0 0.6000000000000001 0.4 0 0.6000000000000001 0 0 12 0 1.8 0 4.2 8.8 0 4 0 0 2.4000000000000004 1.6 8.8 1.8 4 14.8 2.2 2.8000000000000003 11.8 5.4 0 6.2 2.2 3.2 8.6 0 0 0 0 0 0 0 0 0 0 0 1.4000000000000001 0 0 0 0 0 0 1.2000000000000002 0 0 0 0 0 0 3.6 0 0 0 0 0 0 0 0 0 0 0 0 0 0 0 0 0 0 0 0 0 0 0 0 0 0 0 0 0 0 0 0 0 1.6 0 0.4 0.6000000000000001 0 1.8 3.6 2.8000000000000003 0 3 1 4.4 3 0 0 3.2 0 4.800000000000001 0 4.2 0 0 0 0 0 0 0.4 0 0 0 0 0 1.2000000000000002 0 0 0 0 0 0 0 0.4 0 0 0 0 0 0 0 0 0 0 0 0 0 0 0 0 0 0 0 0 0 0 0 0 0 0 0 0 0 0 0 0 0 0 0 0 0 0 0 0 0 0 0 0 0 17.400000000000002 0 0.6000000000000001 0 4.800000000000001 2.2 3 0 0 0 0 0 0 0 0 0 0.2 0 0 0 0 0 0 0 0 0 0 0 0 0 4.2 0 0 0 0 0 0 0 0 0 0 0 0 0 
 47.400000000000006 52 38 48.6 32.4 17.8 27.400000000000002 27 25 27 57.800000000000004 25.200000000000003 17.400000000000002 9.200000000000001 14 0 25.400000000000002 48.2 28.400000000000002 32.800000000000004 0.4 0 0 0 0.4 0 4 0 0 0 0 0 12.600000000000001 0.2 0 0 0 0 2.8000000000000003 0 0 0.6000000000000001 0 0.6000000000000001 0 0 0 0 0 0 0 0 0 0 0.4 0 0 0.6000000000000001 0.4 0 0 0.6000000000000001 0.6000000000000001 0 0 0.6000000000000001 0 0.6000000000000001 0 0 0.6000000000000001 0 0.2 0 0.4 0 0 0 0.4 0 4 0 3.6 6.800000000000001 5 10.4 0 2.4000000000000004 0 2 0.2 0.8 0 2 0 3.8000000000000003 0.2 0 2 1.4000000000000001 0 0 0 0 0 0 2 0 0 0 0 0 1.2000000000000002 0 0 0 0 0 3.4000000000000004 8.200000000000001 0 0 0 0 0 0 0 0 0 0 0 0 0 0 0 0 0 0 0 0 0 0 0 0 0 0 0 0 0 0 0 0 0 0 0 0 0 0 0 0 3 3 0.8 0 2.6 0 0.2 0 2.6 1.4000000000000001 2.6 2.6 4.800000000000001 0 2.6 4.2 4.6000000000000005 0 1.6 0 5.800000000000001 0.2 0 0 0 0 5.2 0 0.2 0 0 0 0 0 0 0 0 0 0 0 0 0 0 0 0 0 0 0 0 0 3.8000000000000003 0 0 0 0 0 0 0 0 0.8 0 0 0 0 0 0 0.2 0 0 0 0 0 0 0 0 0 0 0 0 0 0 2 0 0 0 0.6000000000000001 0 0.4 11.600000000000001 1.8 0 1.4000000000000001 0 0 0 0 0 0 0 0 0 0 0 0 0 0 0 0 0 0 0 0 0 0 0 0 0 0.2 0 0 0 0 0 0 0 0 0 0 0 0 
 21 72.4 46.400000000000006 6 25.400000000000002 53.2 49.400000000000006 55.6 26.400000000000002 24.6 39.800000000000004 15.200000000000001 8.200000000000001 24 4.6000000000000005 25.400000000000002 0 28.400000000000002 44.800000000000004 91.80000000000001 0 0.4 0 0 0 0 7.4 0 0 0 0 0 17.400000000000002 0 0.2 0 0 0.2 0.8 4.4 0 3 0 0 0 0 0 0 0 0 0 0.2 0 0 0.4 0 0 0.6000000000000001 0.4 0 5.800000000000001 1 0.6000000000000001 0 0 0.6000000000000001 0 0 0 0 0.6000000000000001 0 0 0 0 0 0 2.2 0 0 2 0 3.4000000000000004 2 3 1.8 2.2 3.6 8.4 1.8 9.8 8 2 0.4 0.2 1.8 3 3.4000000000000004 2.2 0 0 0 0 0 0.2 0 0 0 0 0 0 0 2.8000000000000003 0 0 0 0 0.4 1.2000000000000002 2 0 0 0 0 0 0 0 0 0 0 0.4 0 0 0 0 0 0 0.4 0 0 0 0.4 0 0 0 0 0 0 0 0 0 0 0 0 0 0 0 1.6 0 0 0 0 4.4 4.4 0 3.4000000000000004 4.4 0.2 1.2000000000000002 0 0 0 0 0 2.6 0 10.600000000000001 5.4 0 0 3.2 0 2.2 0 0 0 2.8000000000000003 1.4000000000000001 0 0 0 0 0.2 0 0 0 0 0 3.4000000000000004 2 0 0 0 0 0 0 0 0 0 0 0 0 0 0 0 0 0 0 0 0 0 0 0 0.2 0 0 0 0 0 0 0 0 0 0 0 0.4 0 0 0 0 0 0 0 0 0 0 0.4 0.2 0.2 0.6000000000000001 5 1 2.8000000000000003 0.4 0 0 0 0 0 0 0 0 4.4 0 0 0 0 0 0 0 0 0 0 0 0 5.800000000000001 1.6 0 0 0 0 0 0 0 0 0 0 0 0 0 
 26.6 6.2 11.4 113 91.2 50.400000000000006 10 27.400000000000002 24.8 19 50.6 22.400000000000002 29 11 5 48.2 28.400000000000002 0 21 7.4 14.8 0 0 0 0.2 0 5.2 0 0 0 0 0 14.8 18.6 0 0 0 0 30.400000000000002 7.4 0 2.4000000000000004 0 0.4 0 0 0 0 0 0 0 0 0 0 0.4 0 0 0.6000000000000001 0.4 0 0 0.6000000000000001 0.6000000000000001 0 0 0.6000000000000001 0 0.4 10.200000000000001 0 0.6000000000000001 0 0 0 0 0 0 0 0 0 0 3.8000000000000003 2 2.6 15.200000000000001 6.800000000000001 0 0 2.8000000000000003 4 0.2 2.6 2.8000000000000003 0 3.6 0 5.2 0.2 3.2 0 2.8000000000000003 0.2 0 0 0 0 5.4 2.8000000000000003 3.2 0.8 0 0 3.8000000000000003 2.8000000000000003 0 0 0 0 8.200000000000001 5.2 0 0 2.4000000000000004 0 0 0 0 0 0 0 0 0 0 0 0 0 0 0 0 0 0 0 0 0.4 0 0 0 0 0 0 0 0 0 0 0 0 0 0 0 0.2 5.800000000000001 5.2 2.4000000000000004 3.4000000000000004 4.800000000000001 0 0 0 2.4000000000000004 3.4000000000000004 13 0.8 0.4 0 3.2 3 5 0.4 0 0 4.2 5 0.4 0 0 0 6.6000000000000005 3 0 0 0 0 4.4 0 0 0 0 0 8.6 3.2 0 0 3 0 0 0 0 0 0 0 0 0 0 0 0 0 0 0 0 0 2.6 0 0 0 0 0.4 0 0 0 0 0 0 0 0 0.2 0 0 0 0 0.2 0 0 0 0 0 0 0.6000000000000001 0.6000000000000001 18 17.400000000000002 0 1 0 0 0 0 0 0 0 0 0 0 0 0 0 0 0 0 0 0 10.4 0 0 0 0 2.6 0 2 0 0 0 0 0 0 0 0 0 0 0 0 
 26 11 19 59.800000000000004 29.6 11.8 28.8 12 73.4 34 15.4 7.6000000000000005 105.60000000000001 60.6 52.400000000000006 28.400000000000002 44.800000000000004 21 0 48 0 0.6000000000000001 0.2 0 0 0.6000000000000001 0 0 0 0 0 0 0 0 0 0 0 0 0.6000000000000001 1 0 0.6000000000000001 0 0 0 0 0 0 0 0 0.6000000000000001 1.2000000000000002 0 0 0.4 0.2 0 1.2000000000000002 0.2 0 0 1.2000000000000002 0.6000000000000001 0 0 0.6000000000000001 0 2.2 0 0.6000000000000001 0.6000000000000001 0 0.4 0 0 0 0 0 0 0 7 0 0.2 6 0 0 2 2.8000000000000003 2.8000000000000003 2.2 0 0 3.8000000000000003 3.2 2.8000000000000003 13.200000000000001 0 2.4000000000000004 7.800000000000001 0 0 0 0 0 0 0 0 0 0 0 0 0 0 0.2 0 0 0 0 0.2 0 0 0 0 0 0 0 0 0 0 0 0 0 0 0 0 0 0 0 0 0 0 0 0 0 0 0 0 0 0 0 0 0.4 0 0 0 0 0 0 0 0 3.6 0 0 3.4000000000000004 0.4 0 5.800000000000001 0 5.6000000000000005 0.2 2 0 6.4 1 0 0.2 0 0 1.6 0 0 0 0 0 0 0 0 0 0 0 0 0 0 0 0 0 0 0 5.2 0 0 0 0 0 0 0 0 0 0 0 0 0 0 0 0 0 0 0 0 0 0 0 0 0 0 0 0 0 0 0 0 0 0 1.8 0 0 0 0 0 0 0 0 0 0 0 0 0 0 0 0 1.8 1.2000000000000002 0 0 0 0 0 0 0 0 0 0 0 0 0 0 0 0 0 0 0 0 0 0 0 0 1.6 0 0 0 0 0 0 0 0 0 0 0 0 0 
 110.60000000000001 28.6 20.400000000000002 12.4 33 54.6 34 33.2 45 29.8 17.2 51.2 19.400000000000002 54.400000000000006 43.400000000000006 32.800000000000004 91.80000000000001 7.4 48 0 0 0 0 0.4 0.2 0 0 0 0 0 0 0 0 0 0.2 0 0.4 0 1 0 13.4 0.6000000000000001 0 0.4 0 0 0 0 0 0 0 0 0 0 0.4 0 0 0.6000000000000001 0 0 0 0.6000000000000001 0.6000000000000001 0 0 0.6000000000000001 0 0 0 0.6000000000000001 0.6000000000000001 0 0 0 0 0 0.4 0 0 0 4 4.2 1.8 2.6 0 0 2.6 3.6 0.4 12.4 0 2.2 1.6 0 13.4 2.4000000000000004 1.6 2.4000000000000004 1.8 1.4000000000000001 0 0 0 0 0.4 0 0 0 0 0 0 0 0 0 0 2.2 2.4000000000000004 0.2 0 0 0 0 0 0 0 0 0 0 0 0 0 0 0 0 0 0 0 0.2 0 0 0 0.2 0 0 0 0 0 0 0 0 0 0 0 0 0 0 0 0 0 0 0 3.2 0 4.800000000000001 0 0 2 0.4 7.4 0 3.6 0 5.2 0 0 3.8000000000000003 0 3.2 0 0 0 0 0 2.6 0 0 0 0 0 0 0 0 0.4 0 0 0 0 0 0 0 0 0 0 0 0 0 0 0 0 0 0 0 0 0 0 0 0 0 0 0 0 3.4000000000000004 0 0.4 0 0 0 0 0 0 0 0 0 0 0 0.2 0 0 0 0 0 3 0 0 0 0 0.4 0 0.4 0.6000000000000001 0 1.4000000000000001 0 0.2 0 0 0 0 0 0 0 0 0 0 0 0 0 0 0 0 0 0 0 0 0 0 2.8000000000000003 0 0 0 0 0 0 0 0 0 0 0 0 0 
 0 0.4 0 15 0.4 0.6000000000000001 0.4 0.4 0 0 0.2 0 0 0 0 0.4 0 14.8 0 0 0 51.800000000000004 70.60000000000001 52.800000000000004 13.4 49.2 83.60000000000001 34.6 36 12.600000000000001 23.6 37.2 104.60000000000001 28.8 9 8.6 9.200000000000001 21.200000000000003 109.80000000000001 52.2 0.4 0 0 0 1.4000000000000001 0 0 0.6000000000000001 0 0.4 1.8 0.2 6.4 0 0 0.2 0 0 0.6000000000000001 0 0 1 0 0 0 0.2 0 0.6000000000000001 0.4 0 1.2000000000000002 0 0 0 0 0 1 0.6000000000000001 0 0.4 0 0 0 8 2.6 2.6 0 0 0 0 5 3.2 0 0 0 0 0 0 0 0 4 10 4.6000000000000005 5.2 5.6000000000000005 2.4000000000000004 5 11.600000000000001 4.6000000000000005 6.4 1.8 3.6 0 3.8000000000000003 4.4 4.6000000000000005 5.2 6.800000000000001 0 4.4 0 0.2 0 0 0 0 2.8000000000000003 0 0 0 0 0 2.4000000000000004 0 0 0 0 0 0 1.2000000000000002 0 0 2.2 0 0 0 0 0 0 1.4000000000000001 0 0 0 0 0 0 0 0 0 0 7.6000000000000005 0 0 0 0.8 0 0 0 0.6000000000000001 0 0 5 0 0 0 0 0 0 4.2 0 2.4000000000000004 6.4 13.4 1.4000000000000001 1.6 0 0 3 2.8000000000000003 2.2 2 0 0 3.6 8.200000000000001 3.6 3.4000000000000004 5 0 7.6000000000000005 0 0 0 0 0 3.6 0 0 0.2 0 0 0 0 0 0 0 0 0 0 0 0 0 0.4 0 0 0 0 0 0 0 0 0 0 0 0 0 0 0 0 0 0 0 5.800000000000001 0 0 0.4 0 0 0 0 0 0.4 0 0 3.2 0.4 0 16 0 0.6000000000000001 0.2 0 0 0 0 0 0 0 0 0 0 0 0 0 0 0 0 0 0 1.8 0 0 0 0.2 0 0 3.4000000000000004 0 0 0 
 4.4 0 0 0 0 5 15.200000000000001 0 0.2 0 0 0 0 0.4 0.4 0 0.4 0 0.6000000000000001 0 51.800000000000004 0 61 45.2 27.400000000000002 21 32.800000000000004 73.60000000000001 37 46.800000000000004 32 67 22 28.400000000000002 41.2 54.6 12.600000000000001 24.200000000000003 26 44.400000000000006 0.6000000000000001 0.2 0.2 0 0.4 0 0 11.600000000000001 0.4 0.4 0.6000000000000001 0 0 0 0 0 0 0 0.6000000000000001 0 0 0 0 0 0 0 0 0 0 0 0.4 0 0 0 0 0 0 1 0 0.6000000000000001 3.8000000000000003 0 0 0 0 0 0 0 0.4 0 0 0 0 0 0 0 0 0 0 0 3.2 1 8.8 1.4000000000000001 3.4000000000000004 4.800000000000001 0 11.4 0 0.8 3.8000000000000003 0 3 17.400000000000002 0.2 5.6000000000000005 4.2 9 0 0 0 0 0 0 0 0 4.4 0 0 0 0 0 0.2 0 0 0 0 0 13.600000000000001 0 0 0 0 0 0 0 0 0 2.6 0 0 0 0 0 0 0 0 0.4 0 0 0 0 0 0 0 0 0 0 0 0 0 0 0 0 0 0 0 3.6 0 0 1.4000000000000001 5.2 7.2 3.4000000000000004 4.4 6.2 0 4.2 2 3.4000000000000004 4.800000000000001 10.600000000000001 4.6000000000000005 0 2.4000000000000004 6.4 3.4000000000000004 1.2000000000000002 0 3.4000000000000004 0.2 0 0 0 0 0 0 0 0 0 0 0 0 0 2.2 0 0 0 0 0 0 0.4 0 0 0 0 0 0 0.2 0 0 0 0 0 0 0 0 0 0 0 0 0 0 0 0 0 0 0 0 0 0 0 0 0 3.6 0.2 0.2 15.8 16.2 0 3.6 0 0 0 0 0 1 0 0 0 0 0 0 0 0 0 0 0 0 1.4000000000000001 0 2.4000000000000004 0 0 0 0 2.6 0 0 0 
 0 0 0 0.2 0.4 0.4 0.2 0.6000000000000001 0 0 0.6000000000000001 0 0 0.4 0.2 0 0 0 0.2 0 70.60000000000001 61 0 28 65.8 10 33.4 63.400000000000006 55 74.4 10.4 113.4 28.400000000000002 74 13.4 14.4 31.400000000000002 20 52.2 27.200000000000003 0.6000000000000001 0 0.8 0 0.6000000000000001 0 4 0.4 0.8 0.4 0.6000000000000001 0 6 1 0.4 0 0 0 0.8 0 0 0.2 0 0 0 0 0 0.4 1.2000000000000002 10.600000000000001 0.4 0 0 0 0.6000000000000001 0 0 8.6 0 0.4 0 0 0 0 0 0 0 0 0.2 0 0 0 0 0 0 0 0 0 0 0 5.2 4.4 1.8 2.6 2.6 13 2.8000000000000003 3.8000000000000003 1.8 3.4000000000000004 5 0 0.6000000000000001 0 0 5.800000000000001 9.600000000000001 2 0 0 2.6 0 3.2 0 0 0 6.800000000000001 2.2 0 0 0 0 5.800000000000001 0 0 0 0 0 0.2 10 0 0 2.4000000000000004 0 0 0 0 0 0 2.6 0 0 0 0 0 0 0 0 0 0 1.2000000000000002 0 0 0 0.2 0.2 0 0 0 0 0 0 0 0 0 0 0 0 0 0 0 4 0.2 1.6 0.4 0 0 0.6000000000000001 6.6000000000000005 1.4000000000000001 2.6 0.2 2 2.8000000000000003 7.2 3 2.8000000000000003 7 0 2.8000000000000003 0 0 0.8 0 0 0 2.2 1.8 2.8000000000000003 0 0 0 2 0 3.4000000000000004 0 0 0 0 0 0 0.4 0 0 0 3.4000000000000004 0 0 3.8000000000000003 0 0 0 0 0 0 0 0 0 0 0 0 0 0 0 0 0 0 0 0 0 0 0 0 0 1.2000000000000002 0 0 16.8 0.4 0.4 2 0.2 0 9.4 0 0 0 0 0 0 0 0 0 0.4 0 0 0 0.2 0 0 0 0 0 0 0 3 0 0 0 0 
 0 0 0 0 0 0 0.4 0.6000000000000001 0.2 0 0.4 0 0 0 1 0 0 0 0 0.4 52.800000000000004 45.2 28 0 34 12 18.8 72.2 26.8 32.4 28.200000000000003 14 10.8 31.200000000000003 67.4 17.2 27.8 13.4 14 12.600000000000001 25 0 0 0 0 0 0.2 0.4 0.2 0.4 0.4 0.2 0.2 1.4000000000000001 0.2 0 0 11.600000000000001 0.6000000000000001 13.600000000000001 0 0 0 0 0 0 0 0 2 0 0.4 0.2 0 0 0.2 0 9.600000000000001 0.6000000000000001 1 0.4 0 0 0 0 0 0 0 0.4 0 0 0 0.2 0 0 0 0 0 0 0 0 3.6 0 6 6.800000000000001 0 5 1.4000000000000001 2.8000000000000003 0.2 2.4000000000000004 7.800000000000001 0 0 6 0 1.8 0 0 0 0 2.8000000000000003 0 3.2 0 0 0 1.4000000000000001 0 0 0 0 0 7.6000000000000005 4.2 0.2 0 0 0 4.800000000000001 2.2 0 0 0 0 0 0 0 0 0 0 0 0 0 0 0 0 0 0 0 3.4000000000000004 0 0 0 0 0 0 0 0 0 0 0 0 0 0 0 0 0 0 0 0 5.2 2.6 2 2.6 4 0 0 0 0.4 1.8 2.2 4.2 0 0.4 1.4000000000000001 0 6 7.6000000000000005 0 3 0 0.2 1 0 0 0 0.6000000000000001 0 3.2 0 0 0 17 0.2 2 4.4 4.6000000000000005 0 0.2 2.6 0 0 0 0 0 2.8000000000000003 0 0.2 0 0 0 0 2.6 0 0 0 0 2 0 0 0 0 0 0 0 0.2 0 0 0 0 0 0 0 0 3.2 0.4 0.6000000000000001 15.200000000000001 0 0 0.4 0 0.2 0 0 0 0 0 0 0 0 0 0 0 0 0 0 0 0 0 0 2 0 0 0 2.6 0 0 0 0 
 0.2 0 0.2 0.2 0.2 0.2 0.2 1 0.2 0.6000000000000001 0.4 0.4 0.4 0.2 0.2 0.4 0 0.2 0 0.2 13.4 27.400000000000002 65.8 34 0 41.2 8.8 16.2 30.200000000000003 19 74.4 58 28.400000000000002 16 13 15.200000000000001 9.8 7.6000000000000005 53.800000000000004 20.400000000000002 4.800000000000001 0 1.4000000000000001 0.6000000000000001 0.6000000000000001 0 11.200000000000001 0.4 0 12.4 1 0.2 13.600000000000001 24 0 0 0 0 1 0.6000000000000001 0.6000000000000001 0 0 0 0 0 0.2 0 0 0.4 0.4 0 0 0 7.2 0 0.4 0.2 0 0.6000000000000001 0 0 0 3.8000000000000003 0 0.4 0 0 0 0 0 0 0 0 0 0 0 0 0 0 0 0.4 1.8 0 1.8 4.4 0 3.8000000000000003 2 0 4.2 0 0 0 0 4 0 19.400000000000002 0 0 0.8 0 5.800000000000001 0 0 0 4.4 5.800000000000001 4 0 3.2 0 1.8 5.2 0.2 8.8 0 0 1.8 2 0 0 0 0 0 0 0 0.4 0 0 0 0 0 0 0 0 3.6 0 0 0 0 0 0 0 0 0 0 0 0 0 0 0 0 0 0 0 0.4 0 0 0 0.4 0 5.2 2.4000000000000004 2.8000000000000003 9.600000000000001 0 2 0.2 0 7.800000000000001 2.6 0 0 0 0 2 0 0 3.8000000000000003 3.6 0 4.800000000000001 0 0 0 3.2 1 1 1.8 0 0 4.800000000000001 0 5.2 0 0 0 1.8 0.8 1.4000000000000001 0 0.2 0 11.4 2.8000000000000003 0 0 0 4 0 0 0 0 0 0 0 0 0 0 0 0 0 0 0 0.2 0 0 0 0 0 0 0 0 10 0.8 0 3.6 8.8 0 0.4 0.4 0 0 0 0 3.4000000000000004 0 0 0 0 0 0 0 0 0 0 0 0 0 0 0 0 0.4 0 3.8000000000000003 2.8000000000000003 0 0 0 
 0 0 0.2 0 0.2 0 0 0 0 0 0 14.4 0 0 0 0 0 0 0.6000000000000001 0 49.2 21 10 12 41.2 0 20 71.8 15 32.800000000000004 40.800000000000004 9.600000000000001 9 7.6000000000000005 19.400000000000002 33.800000000000004 37.2 19.400000000000002 5.800000000000001 12.600000000000001 23.400000000000002 12.4 0 0.8 1.2000000000000002 0.6000000000000001 23.6 1.2000000000000002 0 0.4 1.2000000000000002 0.8 21 16.8 0.2 0 0 0 13.200000000000001 1 1.2000000000000002 0 0 0 0 0 0.4 0 11 0.8 0.4 10.8 0 0 0 0 0.8 0.4 0 0.6000000000000001 0 0 0 0 0 0.2 0 0 0 0 0 0 0 0 0 0 0 0 0 0 0 0 4 1.2000000000000002 4.4 6 0 0 0 1.6 0.4 0.2 0 7.2 0 0 0 2.6 0 0.4 5.2 0 0.4 0 0 0 0.4 0 2.4000000000000004 0 2.2 0 9 0.8 0 5.4 0 0 8.200000000000001 2.2 0 0 0.4 0 0 0 0 0.2 0 0 0 0 0 0 0 0 2.2 0 0 0 0 0 0 0 0 6.4 0 0 0 0 0 0 0 0 1.6 0 0 0 0 0 3.8000000000000003 0 1.4000000000000001 5.6000000000000005 2.8000000000000003 1.8 0 0 4.2 1.8 0.4 5.2 1.4000000000000001 0 0 4.800000000000001 3.6 1.8 0 0 4.2 0 2.6 2.2 0 0 3 0 2 2 0 0 4.2 0 8.200000000000001 0 0.2 0 1 2 0 0 0 0 0 0 0 0 0 0 1.6 0 0 0 0 0 0 0 0 0 0 0 0.2 0 0 0.4 0 0 0 0 0 0 0 0 1 0 0.2 15.600000000000001 15.200000000000001 0.4 0.2 0.2 0 0 0 0 0 0 0 0 0 0 0 0 0 0 0 0 0 0 0 0 0 0 0 0 0 0 0 0 
 14.8 0 8 15.8 59.2 15 0 0 0 17.8 15.200000000000001 0.6000000000000001 0 0 0 4 7.4 5.2 0 0 83.60000000000001 32.800000000000004 33.4 18.8 8.8 20 0 35.800000000000004 10.4 28.400000000000002 6.2 5.6000000000000005 44.400000000000006 36.800000000000004 22.8 8.200000000000001 20 10.8 72 106.4 0.6000000000000001 0.4 0 0 0 0 0 0.4 0 0.4 0.4 0 0 0 0 0.2 0 0 0.6000000000000001 0 0 0.8 0 0 0 10.200000000000001 0 0 0 0 0.4 0 0.4 0 0 0 1.8 0.2 0 0.6000000000000001 0 0 0 1.8 0 2 0 0 0 5.2 0.2 0 0 0 0 0 0 0 0 0 1.8 4 6.6000000000000005 0 3.2 0 0 3.4000000000000004 9.8 0 0 1.4000000000000001 2 4.800000000000001 7.6000000000000005 3.8000000000000003 4.800000000000001 0.6000000000000001 5.4 2.2 0 0 2.8000000000000003 0 0 0 0 0 0 0 0 0 0 0 0 0 0 0 0.2 0 0 0 0 0 0 0 0 0 4.6000000000000005 0 0 0 0 0 0 0 0 0 0 0 0.6000000000000001 0 0 0 3.6 4.4 0 0 0 0 1.8 0 0 0 0 0 4.6000000000000005 0 0 0 1.6 3 0 0 0 0 7.800000000000001 8.8 1.2000000000000002 3.4000000000000004 0 0 2.2 1.2000000000000002 3.2 0 3.8000000000000003 0 0 3.8000000000000003 0 0 0 0 0 0 0 0 0 0 2 0 0 0 0 0 0 0 0 0 0 0 0 0 0 0 0 0 2.2 0 0 0 0 0 0 0 0 0 0 0 0 0 0 0 0 0 0 0 0 0 0 0 0 0 1.8 0.4 0.4 0 0.4 0.4 0.4 0 0 0 0 0 0 0 0 0 0 0 0 0 0 0 0 0 0 0 0 0 0 0 0 0 0.2 0 0 0 
 0 0 0 0 8.200000000000001 11.600000000000001 0 1 0 0 0 24.6 0.4 0 0 0 0 0 0 0 34.6 73.60000000000001 63.400000000000006 72.2 16.2 71.8 35.800000000000004 0 33.4 16.6 111.4 50.800000000000004 18.2 91.4 58.6 39.800000000000004 59 23.6 60.400000000000006 29.6 0.6000000000000001 0 0 0 0 0 0 0.4 0 0.4 0.4 0 0 0 0 0.2 0 0 0.8 0 0 10.600000000000001 0 0 0 0 0 0 0 0 0.4 0 0 0 0 0 2.2 0.2 0 0.6000000000000001 0 0 0 0 1.8 0 0 0 0 0.2 1.6 0 0 0 0 0 0 0 0 0 5.6000000000000005 5.6000000000000005 8.200000000000001 2 1.6 4 0 0 5.800000000000001 1.6 0 1 2.2 5.2 6.2 1.4000000000000001 0.8 0 3.2 0 0 0 0 0.4 0 0 2.6 0 0 0 0 0 4.2 0 0 0 0 0 3.8000000000000003 0 0 0.8 0 0 0 0 0 0 0 0 0.6000000000000001 0 0 0 0 0 0 0 0 0 0 0 0 0 2 0 1.8 0 0 2.4000000000000004 0.4 2.4000000000000004 0.2 0 0 0 0.2 0 0 0 0 3 4 3.4000000000000004 15.4 0 4 1.8 7.6000000000000005 0 2.8000000000000003 2 2.6 6.6000000000000005 9.600000000000001 2.4000000000000004 3.6 0 0 0 0 0 0 0 0 0 0.2 0 0 0 0 0 1.8 0 2.2 0 0 0 0 0 0 0 0 0 0 0 0 0 0 0 0 0 0 0.2 0 0.2 0 0 0 0 0 0 0 0 0 0 0 0 0 0 0 0 0 0 2.8000000000000003 0 0.4 0 15.4 0 0.4 0.4 0 0 0 0 0 0 0 0 0 0 0 0 0 0 0 0 0 1.2000000000000002 0 0 0 0 0 0 0 0 0 0 
 0.2 0 0 0 16.2 0 0.6000000000000001 0 0 0 0 15 1.2000000000000002 0 0 0 0 0 0 0 36 37 55 26.8 30.200000000000003 15 10.4 33.4 0 102.4 31 36.6 63.6 17 16.6 23.200000000000003 55.6 22.200000000000003 60.6 20.200000000000003 0.4 0 0 0 12.4 0 0 0.6000000000000001 0 0.4 0.4 0.2 0.6000000000000001 0 0 0 0.2 0 0.4 10 0 0 0 0 0 0 0 0 0.4 0 0.6000000000000001 0 0 0 0 0 0 0.6000000000000001 0 0.4 0 0 0 0 0 0 0 0 0.2 0 0 0 0 0 3.6 0 0 4.4 0 3.4000000000000004 0 5 0 0 0.4 7 2.8000000000000003 4.2 0.2 0.4 10 0.6000000000000001 2 4.4 0.2 9 7.6000000000000005 4.800000000000001 0 0 0.6000000000000001 0 3.8000000000000003 0 0 0.4 3.6 0 0 0 0 0 1.4000000000000001 0 0 0 0 0 2.2 5.6000000000000005 0 0 2 0 0 0 0 0 0 3.4000000000000004 0 0.4 0 0 0 0 0 0 2 0 1 0 0 0 1.4000000000000001 0 0 0 0 0 0 0 0 0 0 2.8000000000000003 0 3.8000000000000003 0 0 6.6000000000000005 0.2 6.4 2.6 2.2 2.8000000000000003 0 3.6 3.4000000000000004 4.2 2.4000000000000004 6 0.4 3.2 2.8000000000000003 2.8000000000000003 7.2 4.2 1.8 2.4000000000000004 0.4 0 0.2 0 0 0 0 0 0.2 0 0 0 1.6 0 1 0 0 0 0 0.8 0 3.8000000000000003 0 0 0 3.8000000000000003 0 0 0 0 0 0 0 0 2.6 0 0 0 0 0 0 0 0 0 0 0 0 0 0 0 0 0 0 0 2.2 0 0 18.6 0 0.4 0.4 7 0.4 0 0 0 0 0 0 0 0 0 0 0 0 0 0 0.4 0 0 0 0 0 0 0 7.6000000000000005 1.6 0 0 0 
 0.4 0.2 0 0 0 15.8 1 0 0 0 0 0 1.2000000000000002 0 0 0 0 0 0 0 12.600000000000001 46.800000000000004 74.4 32.4 19 32.800000000000004 28.400000000000002 16.6 102.4 0 48.6 38.800000000000004 13 13.4 83.2 44.800000000000004 39.6 24.8 24.6 37 0.8 0 0 0 0 12.600000000000001 0 0.4 0 0.4 0.4 12.4 0 0 0.6000000000000001 0.2 0 0 0.8 0 0 1 0 0 0 0 0 0 0 0 0.4 0 0 0 0 0 1 0.4 0 0.6000000000000001 0 3.2 0 0 0 0 0 0 0 0 0 0 0.4 0 0 0 0 0 0 0 3.8000000000000003 8.200000000000001 12.200000000000001 0.4 3.4000000000000004 8.200000000000001 0 4.4 11.4 0 2.4000000000000004 12.200000000000001 2 7 2 4 3.8000000000000003 5 0.6000000000000001 8.200000000000001 0 0 0 0 0.2 0 13.8 0 0 0 0 0 3.2 0 0 0 0 0 4.2 0 0 0 3.4000000000000004 0 0 0 0 0.2 0 0.4 0 0 0 0 0.4 0 0 0 0 0.4 0.6000000000000001 0 0 0.2 0 2.6 0 0 0 0 0 0 0 0 0 0 0 0 0 0 0 0 3.6 2.4000000000000004 4.6000000000000005 3.6 0 4.2 3.6 8 15.8 9.4 0 4.800000000000001 1.2000000000000002 9.8 0.6000000000000001 4 0.2 5.2 0 0 0 0 0 0 0 0.2 0 0.2 0 0 0 0 2.4000000000000004 0 0.2 0 3 3.6 0 0 0 0 0 0 0 0 0 0 0 0 0.4 0 0 0 0 0 0 0.2 0 0 0 0 0 0 0 0 0 0 0 0 0 0 2 0 0.6000000000000001 0.4 1.6 0.4 1.8 1.4000000000000001 0 0 0 0 0 0 0 0 0 0 0 0 0 0 0 0 0 0 0 0 0 0 0 0 3.2 0 0 0 
 0 0 0 0 0 0 0 0.4 0 15 0 0 0.4 0 0 0 0 0 0 0 23.6 32 10.4 28.200000000000003 74.4 40.800000000000004 6.2 111.4 31 48.6 0 40 22.8 8 43.2 33 34.6 25.8 5.800000000000001 24.8 13 12.200000000000001 0 0 0.2 0 12.4 0.4 0 0.4 0.8 0 0.2 12.600000000000001 12.600000000000001 0.2 0 0 13 0 0 0.6000000000000001 0 0 0 0 0 0 0 0 0.8 0 0 0 0 0 0 0.4 0 0.6000000000000001 0 0 0 0 0 0 0 0 0 0 0 0 0 0 0 0 0 0 0 0 0 0 3.2 0.6000000000000001 2.8000000000000003 2 0.2 12.600000000000001 9 2.6 8 1.8 0 6.800000000000001 3.6 4.6000000000000005 6 13.8 0.6000000000000001 0 0.4 0 2.2 0 0 0 0 0 2.4000000000000004 0 3.2 0 2.6 1.6 0 3.4000000000000004 0 0 0 0 0 0 0 0 0 0.4 0.4 0.4 0 0 0 0 0 0 0 0.4 0 0.4 0 0 0 0 0 0 0.4 0 0 0 0 0 0 0 0 0 0 0 0 0 0 0 4.6000000000000005 0 6.800000000000001 2 0.4 9.8 0 2 0 2.2 2.4000000000000004 1.2000000000000002 0 0 0 1.8 5.800000000000001 3.4000000000000004 0 4.4 0 0.4 0.8 0 0 0 1.8 0 0 0 0 0.4 1.2000000000000002 0.8 2.2 2 0 0 0 0 0 0 0 0 0 0 0 0 0 0 0 0 0 0 0 0 0 0 0 0 0 0 0 0 0 0 0 0 0 0 0 0 0 0 1.4000000000000001 0 0 15 0 0 0 0.4 0 0 0 0 0.6000000000000001 0 0 0 0 0 0 0 0 0 0 0 0 0 0 0 0 0 0 0 2.4000000000000004 0 0 0 
 0 0 0 0 0 0 0 0.2 0 0 0 0 0 0 0.4 0 0 0 0 0 37.2 67 113.4 14 58 9.600000000000001 5.6000000000000005 50.800000000000004 36.6 38.800000000000004 40 0 4.4 41.2 7.2 21.6 31 10.600000000000001 10.600000000000001 27 0.6000000000000001 0 0.2 0 0 16 0 0.4 0 0.4 0.4 0.2 12.8 0.2 0 0 0 0.4 14 0.2 0 6 0 0.2 0 0 0 0 0.4 0 0.4 0 0 0 0 0 0 0.6000000000000001 0 0.4 0.2 0 0 0 0 0 0 0 0 0.4 0 0 0 0 0 0.4 0 0 0 0 4.2 2.4000000000000004 4 13.200000000000001 0.2 6.2 1.2000000000000002 18.400000000000002 2 3 5.800000000000001 0 0 4 0 4.2 8.8 12 0 0 0 0 0 0.2 0 0 10.600000000000001 0 0 0 0 0 7.800000000000001 0.4 0 0 0 0 4 1.6 0 0 0 0 0 0 1 0 0 0.8 0 0 0 0 0 0 0 0 0 0 0 0 0 0 0 0 0 0 0 0.2 0 0 0.4 0 0.8 0 0 0 0 0 0 2.6 6.2 3.4000000000000004 6.4 9.600000000000001 0 1.8 2.8000000000000003 3 4.6000000000000005 6.6000000000000005 0 0 2.4000000000000004 3 7.4 4.4 0 12 1.2000000000000002 0 3.6 0 0 0 2.4000000000000004 1.8 0 0 0 0 0.2 0 0.2 0 0 0 3.6 2 0 0 0 0 0 0 0 0 0 0 0 0 0 0.4 0 0.4 0 0 0 0 0 0 0 0 0 0 0 0 0.2 0 0 0 0 0 2.6 1 0 29.8 15.600000000000001 0 0 0 0 0 0 0 1 0 0 0 0 0 0 0 0 0 0 0 0 1.4000000000000001 0 0 0 0 0 0 2.4000000000000004 0 0 0 
