 0 39.6 25.400000000000002 11.600000000000001 6.2 10.4 16 10.600000000000001 26.8 25.6 23.8 8.4 27.6 27.400000000000002 5.2 8.200000000000001 50.6 8.6 31.400000000000002 11.8 0 0.6000000000000001 0 0 0 0 0 0.4 0.4 0.4 0.4 0 0.6000000000000001 0 0 0 0.2 0.6000000000000001 10 0 0 0 0.6000000000000001 0 0 0 0 0 0 0 0 0.6000000000000001 0 0 0 0 0 0 0 0 0.6000000000000001 0 0 0 0 0 0 0 0 0 1.6 0 0 0 0 0 5.800000000000001 0 0 0 7 6.800000000000001 2.6 2.2 0 0 6 5.4 7.800000000000001 3 0.2 0 9.4 7.800000000000001 0 0 0.2 5.4 15.200000000000001 2 0 0 0 0 0 0.4 0 0 0 0 0.4 0 0 0 0 0 0 0 0 0 0 0 0 0 0 0 0 0 0 0 1.2000000000000002 0.4 0 0 0 0 0 0 0 0 0 0 0 0 0 0 0 0 0 0 0 0 0 0 0 0 0 0 0 0 5 2 1.8 1.8 0 0 2.6 2.2 7.800000000000001 1.2000000000000002 3.4000000000000004 0 0 6.800000000000001 5.4 0.2 0 8 0 3.4000000000000004 0 0 0 0 0 0 0.4 0 0 0 0 0 0 0 0 0 0 0 0 0 0 0 0 0 0 0 0.2 0 0 0 0 0 0 0 0 0 0 0 0 0 0 0 0 0 0 0 0 0 0 0 0 0 0 0 0 0 0 0 0 0 0 0 0 0 0 0 0.4 0 0.2 0 0.2 2.6 0 0 0 0 0 0 0 0 0 0 0 0 0 0 0 0 0 0 0 0 0 0 0 0 0 0 0 0 0 0 0 0 0 0 0 0 0 0 
 39.6 0 18 97.80000000000001 7.2 10.200000000000001 34.2 16.2 29.200000000000003 42.2 26 30.6 7.800000000000001 38.400000000000006 21.6 43.6 51.2 17.2 34.4 59 0 0.8 0 0 0 0.2 0 0 0 8.8 0.4 0 0.6000000000000001 0 0 0 0.4 0.6000000000000001 0.2 14.4 0 1.2000000000000002 0.6000000000000001 0 0.4 0.8 0 0 0 0 0 0.6000000000000001 0 0.8 0 0 0 0.6000000000000001 12.600000000000001 0 0.6000000000000001 0 0 0 0 0 1 0 0 0 2 0 0 0 0.2 0.4 0 0.8 0 0 7.800000000000001 2.6 8 0 4 0 1.8 4 6.2 3 0.2 4 3.4000000000000004 11.600000000000001 5.4 3.2 0 9.200000000000001 0 0 0.4 0 0 0 0 0 0 0 0 0 0 0 0 0 0 0 0 0 0 0 0.2 0 1.8 0 0 0 0 0 0 0 0 0 0 0 0 0 0 0 0 0 0 1 0 0 0 0 0 0 0 0 0 0.4 0 0 0 0 0 0 0 0 11.200000000000001 4.2 0.4 2.2 0 0 2.6 5.2 5.2 0.8 7.6000000000000005 0 0.6000000000000001 0 1.2000000000000002 3.6 2.2 2.2 1.8 0 0 0 0 0 0 0 0 2 0 0 0 0 0 0 0 0 0 0 0 1.8 0 1.8 0 0 0 0.2 0 0 0 0 0 0 0 3.6 0 0 0 0 0 0 0 0.2 0 0 0.4 0 0 0 0 0 0 0 0 0 0 0 0 0 0 0 0 0 0 0 0 0 0.4 0 0.4 2.4000000000000004 0.4 0 0 0 0 0 0 0 0 0 5.6000000000000005 0 0 0 0 0 0 0 0 0 0 0 0 0 0 0 5.4 4 0 0 0 0 0 0 0 0 0 0 0 0 
 25.400000000000002 18 0 18.6 53.6 7.4 13.200000000000001 79.60000000000001 49.800000000000004 76.4 80.2 80.80000000000001 29 21.6 23.400000000000002 12.4 27 50.2 5.2 24.400000000000002 0 0.6000000000000001 0 0 0 0 0 0 0 0.6000000000000001 0.4 5.6000000000000005 5.4 0 0 0 0.4 0.6000000000000001 15 0 0 0 0.6000000000000001 0 0 0 0 12.600000000000001 0 0 0 0.2 0 0 0 0 0 0.2 0 0 0.6000000000000001 0 0 0 0 0 0 0 0 0 0.6000000000000001 0 0 0 8.6 0 0 0 0.6000000000000001 0 3 5.4 2.8000000000000003 3.2 12 3.2 6.800000000000001 8.8 5 2.4000000000000004 6.2 3.4000000000000004 3 0 2 5.2 4.2 5.800000000000001 0 0 0 0.4 0 0 0 0 3.4000000000000004 0 0 0 0 0 0 0 0 0 0 0 0 3 0 0 0.2 0 0 0 0 0 0 0 0 0 0 0 0 0 0 0 0 0 0 0 0 0 0 0 0.2 0 0 0 0 0 0 0 0 0 0 0 0 0 0 0 5.800000000000001 2.6 3.2 5 0.2 2.4000000000000004 1.8 3.4000000000000004 9.200000000000001 5.2 0.2 7.2 5.800000000000001 2.2 0.2 5.2 0 0 0 4 0 0 0 0 5.800000000000001 0 0 0 0 0 6 0 0 0 0 0 0 3.8000000000000003 2.2 0 0 0 0 0 0 0 0 0 0 0 0 0 0.2 0 0 0 0 0 0 0 0 0 0 0 0 0 0 0 0 0 0 0 0 0 0 0 0 0 0 0 0 0 0 0 0.6000000000000001 0 0.2 18.400000000000002 0 0 2.8000000000000003 0 0 0 0 0 0 0 0 3 0 0 0 0 0 0 0 0 0 0 0 0 0 1.8 0 0 0 0 0 0 0 0 0 0 0 0 0 2.4000000000000004 
 11.600000000000001 97.80000000000001 18.6 0 38.2 25.6 19.200000000000003 13.4 95.60000000000001 47.400000000000006 11.8 20 70.60000000000001 17.8 39.2 58.800000000000004 45.2 12.600000000000001 12.600000000000001 9 0.8 0.6000000000000001 0 0.8 0 0.2 15.600000000000001 7.4 1.2000000000000002 0.6000000000000001 0.4 0.2 0.6000000000000001 0.2 0 0 0.4 0.6000000000000001 15.600000000000001 21.6 0 0 0.6000000000000001 0.8 0 0.8 0 0 0 0 0 0.6000000000000001 0 0.4 0 0 0 0.4 0 0.8 0.6000000000000001 0 0 0 0 0.2 0 9.600000000000001 0 0 0.6000000000000001 0 0.4 0 0.2 0 0 0 0 0 2.4000000000000004 7.6000000000000005 6.2 2.2 4.2 3.6 0 2.8000000000000003 13 0.4 7 8.200000000000001 0 0 3.2 5.4 3.4000000000000004 0 0 0 0 0 2.6 0.2 0 0.2 0 5.6000000000000005 0 0 0 0 6.2 0 0 0 0 0 4.4 0 0 0 0 0 0 0 0 0 0 0 0 0.2 0 0 0 0 0 0 0 0 0 2 0 0 0 0 0 0 0 0 0 0 0 0 0 0 0 0 0 0 3 1 4.6000000000000005 2.8000000000000003 5.4 6 2 5 0 1.2000000000000002 2 2 0 0 0.2 5.6000000000000005 4 3.8000000000000003 0 0 0 2.8000000000000003 0 0 0 0 3 2.2 0 0 0 0 6.6000000000000005 0 5.800000000000001 0 0 0 0 5 0 0 0 0 0 0 0.4 0 0 0 0 0 0 0 0 0 0 0 0 0 0 0 0 0 0 0 0 0 0 0 0 0 0 0 0 0 0 0 0 0 0 0 0 0 0 0 0 0 18.2 0 0 2 0 0 0 0 0 0 0 0 0 0 0 0 0 0 0 0 0 0 0 0 0 0 0 2.2 0 2.6 0 0 0 0 0 0 0 0 0 0 0 0 
 6.2 7.2 53.6 38.2 0 26.400000000000002 9.600000000000001 30 32 16 35.2 96.80000000000001 9.600000000000001 16.6 35.2 81.80000000000001 45.400000000000006 85.4 19.200000000000003 15 32.6 0.6000000000000001 7.6000000000000005 0.4 0 0 15.200000000000001 20 0 17.2 0.6000000000000001 15.8 24.6 24.200000000000003 3.8000000000000003 0.4 15.4 0.6000000000000001 0 30 0 5.800000000000001 0.6000000000000001 0 13.600000000000001 0 0 0 0 13.4 0 0 0 1.2000000000000002 0 0 0 0 0 0 0.4 0 0 0 0 0 0.6000000000000001 0 1.2000000000000002 0 0.6000000000000001 8.4 0 4.800000000000001 0.6000000000000001 0 0 0 0.4 0 0 2.6 0 5.4 6.2 4 0 0 2.4000000000000004 0 0 3 0 0 0 1.2000000000000002 4 3 0 0 0 4.2 0 7.6000000000000005 0 0 4.800000000000001 3.2 0 0 0.2 3 0 7.6000000000000005 0 3 0 0 4 3.8000000000000003 0 0 0.4 0 0 0 0 3.6 0 0 0 0 0 0 0 0 0.4 0 0 0 0 0 1.2000000000000002 0 0 0 0 0 0 0 0 0 0 0 0.4 0 0.4 0 0 0.6000000000000001 0 0 0 10.8 11.200000000000001 3.4000000000000004 0 0 0 0 0 5.4 0 0 0.2 0 1.8 0 0 0 5.2 2.2 4.4 0 0 0 11.600000000000001 0 0.6000000000000001 2 2.4000000000000004 0 2.4000000000000004 2.4000000000000004 7 0 6 11 5 0 0 0 0 0 0 0 0 0 0 0 0 0 0 0 0.2 0 0 0 0 0 0 0 0 0 0 0 0 0 0 0 0 0 0 0 0 0 0 0.2 0.4 0 0 0 0 0 0 0.4 1.2000000000000002 0.4 17.6 1 0 8 0 0.4 0 0 0 0.2 0 0 0 0.4 2.8000000000000003 0 0 0 0 0 0 0 0.2 0 0 0 0 0 0 0 0 0 0 0 0 0 0 0 0 0 0 0 
 10.4 10.200000000000001 7.4 25.6 26.400000000000002 0 6.2 57.800000000000004 7.4 112 15 76 37.2 18.400000000000002 19.6 11.200000000000001 15.8 11 10.600000000000001 7.6000000000000005 23 23 0 0 0 0 16 17.8 0 15.8 1.2000000000000002 0.6000000000000001 4.2 23.8 0.8 0 15 0.6000000000000001 0.8 20.8 0.4 0.6000000000000001 0.6000000000000001 2.4000000000000004 12.4 0 0 0 4.2 0 0.2 0.8 0.6000000000000001 0 0 4.4 7 0.4 0 0 0.4 0 0 0 0 0 0 0 0 0 1.2000000000000002 10.200000000000001 1 0 0.6000000000000001 0 0.6000000000000001 0.4 0.4 0 0 0 0.2 0 7.4 1.8 0 0 3.8000000000000003 3 0 2 0 0 0 0 0 0 0.2 0 6.2 2 0 5.6000000000000005 0 0 7.4 1.6 0 2.4000000000000004 0 0 1.8 6.800000000000001 0 0 0 0.4 1.8 9 0 0.2 1.4000000000000001 3.4000000000000004 0 0 0 0 0 0 0 0 2.4000000000000004 0 0 0 0 0 0 0 0 1 1.4000000000000001 0 0 0 0 0 0 0 0 0 0 0 0 0 0 0 0 0 3.2 0 0 0 1 3.8000000000000003 0 3.2 0.2 1.2000000000000002 0 0 0 0 0 1.8 2.6 0 0 0 5.4 2.4000000000000004 0 0 0 0 4.6000000000000005 4.2 0.6000000000000001 0 2.2 0 0 0 3.6 0 2.2 7.2 6.6000000000000005 1.8 0 0 0 0 0 0 0 0 0 0 0 0 0 0 0 0 0 0 0 0.2 0 0 0 0 0 0 0 0 0 0 0 0 0 4.2 0 0 0 0 0 0 0 0 0 0 0 1.4000000000000001 0.2 0 0.2 0.8 4.800000000000001 2 0 0 0.4 0 0 0.2 0 0 0 0 0 4.2 0 0 0 0 0 4 0 0 0 0 0 0 0 4 0 0 0 2.8000000000000003 0 0 0 0 0 0 0 0 
 16 34.2 13.200000000000001 19.200000000000003 9.600000000000001 6.2 0 33.2 75 19.400000000000002 16.8 8.200000000000001 27.400000000000002 22.6 9 50 44.2 7.6000000000000005 31.6 25.200000000000003 0 0.6000000000000001 0 0.6000000000000001 0 0.6000000000000001 0 0 0 0.4 0.4 2.6 0.6000000000000001 0 0.6000000000000001 0 0.2 0.6000000000000001 0.4 0 0.6000000000000001 0 0.8 0 0 0 0 0 0 0 0 1.2000000000000002 0 1 0.4 0 0 0 0 0.6000000000000001 0.6000000000000001 0 0 0 0 10.200000000000001 0 0 0 0 0.8 0 0 0 0 0 0 0 0.2 0 2 2.8000000000000003 2.6 0 0 0 2.8000000000000003 4 2.6 8.6 0 0 0 3.2 2.2 0 0 2.8000000000000003 3 7.4 0 0 0 0 0 0 0 0 0 0 0 0 0 0 0 0 3.2 0 0 0 0 0 0 0 0 0 0 0 0 0 0 0 0 0 0 0 0 0 0 0 0 0 0 0 0 0 0 0 0 0 0 1 0 2.2 0 0 0 0 0 0 0 1.4000000000000001 0 0 0 0 4 2 0 0 3 0 0.6000000000000001 0 1.2000000000000002 1.4000000000000001 0 0 3.2 1.6 0 0 0 0 0 0 0 0 0 0 0 0 0 0 0 0 0 0 0 0 0 0 0 0 0 0 0 0 0 0 0 1.8 0 0 0 0 0 0 0 0 0 0 0 0 0 0 0 0 0 0 0 0 0 0 0 0 0 0 0 0 0 0 0 0 0 0 0.4 0 0 0.2 0 1.6 0 0.4 0 0 0 0 0 0 0 0 0 0 0 0 0 0 0 0 0 0 0 0 0 0 0 0 0 0 0 0 0 0 0 0 0 0 0 0 
 10.600000000000001 16.2 79.60000000000001 13.4 30 57.800000000000004 33.2 0 33.6 79.4 25.6 30 21.6 34.800000000000004 36.2 23.200000000000003 53.6 33.800000000000004 12.200000000000001 14.200000000000001 0.6000000000000001 0.6000000000000001 0.6000000000000001 0.8 0.4 0.6000000000000001 0.4 0 1.2000000000000002 1.2000000000000002 0.8 15 30 0 0 0 0.2 0.6000000000000001 5.2 0 2 0 0.6000000000000001 12 0.2 1.4000000000000001 0 0 0 0.6000000000000001 0 0.6000000000000001 0 0.8 0 0.8 0.6000000000000001 0.4 7.4 0.6000000000000001 0.4 0 1 1 0 0 0 0 0.2 1.2000000000000002 1.4000000000000001 0 0.2 0 1.2000000000000002 0.2 0.6000000000000001 0.4 0.4 0 6.6000000000000005 1 8 14.200000000000001 2.8000000000000003 3 9 5.2 0 1.4000000000000001 3 2.2 8 0 4.4 1.6 10.200000000000001 2.8000000000000003 0 0 0 0 0 0 0 0 4.800000000000001 0 0 0 0 0 0 0 0 0 3.8000000000000003 0 0 0 0 0 0 2.4000000000000004 0 0 0 0 0 0 0 0 0 0 0 0 0 0 0 0 0 0 0 0 0 0 0 0 0 0 0 2.8000000000000003 0 0 0 0 0 0 0 0.4 0 0.2 2 5.2 2 2.2 3.4000000000000004 0 1.8 6 2.2 8.4 2.4000000000000004 1.8 6.800000000000001 2 0.2 2.8000000000000003 4.2 0 0 0 0 0 0 0 0 0 0 0 0 0 3.4000000000000004 0 0 0 0 0 0 2.6 0 0 0 0 0 0 0 0 0 0 0 0 0 0 0 0 0 0 0 0 0 0 0 0 0 0 0 0 0 0 0 0 0 0 0 0 0 0.2 0 0 0 0 0 0 0 0 0 0 0 1.6 0 3.4000000000000004 2.8000000000000003 0 0 0 0 0 0 0 0 0 0 0 0 0 0 0 0 0 0 0 0 0 0.4 7.800000000000001 0 0 0 0 0 0 0 0 0 0 0 0 0 0 
 26.8 29.200000000000003 49.800000000000004 95.60000000000001 32 7.4 75 33.6 0 101.2 11.8 33 17.6 151.4 17.8 48.2 18.6 69.4 41.2 30.8 0 0.6000000000000001 0 0.4 0 0 0.2 0 0 0.6000000000000001 0.4 0.2 15.600000000000001 0 0.4 0 0 0.6000000000000001 15.200000000000001 0 0 2.4000000000000004 0.6000000000000001 0 0.4 0 0 0 0 0 0 0.4 0 1 0 0 0 14.600000000000001 8 0 0.6000000000000001 0 0 0 0 0.8 0 0 0 0 0.6000000000000001 0 0 0 1.2000000000000002 0 0 0 2.4000000000000004 0 5.2 0 0 3.2 10.200000000000001 0.2 2.8000000000000003 15.600000000000001 12.4 2.2 2.2 1.8 2.4000000000000004 0 0.4 1 0 3.2 4.6000000000000005 0 0 0 0 0 0 0 0 0 0 0 0 0 3.2 3.2 0 0 0 0 0.4 2.2 0 0 0 0 0 0 0 0 0 3.2 0 0 0 0 0 0 0 0 0 0 0 4.4 0 0 0 0 0 0 0 0 0 0 0 0 0 0 0 0 0 0 0 0 6 5.4 0 5.800000000000001 0 0 0.4 1.8 0.8 4.2 0 0 0.6000000000000001 7.2 0.6000000000000001 0 0 0 0 0 0.2 0 0 0 5 2 0 0 0 0 9.600000000000001 4.6000000000000005 0 0 0 0 0 2.2 0 0 0 0 0 0 0 0 0 0 0 0.2 0 0 0 0 0 0 0 0 0 0 0 0 0 0 0 0 0 0 0 3.2 0 0 0 0 0 0 0 0 0 3.8000000000000003 0 0 0 0.2 0.2 0 0 18.2 0 1.2000000000000002 0 0 0 0 0 0 0 0 0 0 3.2 0 0 0 0 0 0 0 0 0 0 0 0 10.200000000000001 3.4000000000000004 5.2 0 0 0 0 0 0 0 0 0 0 0 0 
 25.6 42.2 76.4 47.400000000000006 16 112 19.400000000000002 79.4 101.2 0 64.2 13.8 49.800000000000004 32 34.800000000000004 16.8 44.800000000000004 53.400000000000006 11.200000000000001 28.6 0 0.6000000000000001 0 0.2 0.2 0 14.8 0 0 0.6000000000000001 0.4 0 0.6000000000000001 0 0 0 0.2 0.6000000000000001 30.200000000000003 14.8 0 0 0.6000000000000001 12.4 0 0 0 0 0 0 0 0.6000000000000001 0 0.4 0 0 0 0.4 0 0 0.6000000000000001 0 0 0 0 0 0 0 0 0 0.6000000000000001 0 0 0 2.2 0 0 0 0 0 2.2 2 5.4 0 2 0 3 9 13.4 3.8000000000000003 1 6.800000000000001 2.4000000000000004 2.2 3.2 6.6000000000000005 1.8 0.2 0 0 0 0.2 0 0.4 0 0 0.2 0 0 0 0 0 3 0 0 0 0 0 2 0 2 0 0.2 0 0 0 0 0 0 0 0 0 2.4000000000000004 0 0 0 0 0 0 0 0 1 0.2 0 0 0 0.4 0 0 0 0 0 0 0 0 0 0 0 0 0 3.8000000000000003 0.2 0 0 2 3.8000000000000003 6.4 3.6 0.4 4.4 6.4 1.8 0.2 2.8000000000000003 0 7.6000000000000005 5 0.2 0 0.6000000000000001 0 0 0 0 0 0 3 1.6 0 0 0 0 2.8000000000000003 0 0 0 0 0 0 3.8000000000000003 0 0 0 0 0 0 0 0 0 0 0 1.6 0 0 0.4 0 0.2 0 0 0 0 0 0 0 0 0 0 0 0 0 0 0 0 0 0 2.6 0 0 0 0 0 0 0 0 0 0.4 0.6000000000000001 0 0 0 0.4 2 0 3.6 0 0 0 0 0 0 0 0 0 0 0 0 0 0 0 0 0 0 0 0 0 0 0 3.4000000000000004 0 0 0 0 0 0 0 0 0 0 0 0 
 23.8 26 80.2 11.8 35.2 15 16.8 25.6 11.8 64.2 0 46.800000000000004 26.400000000000002 28.200000000000003 16 67.2 36.2 35.800000000000004 7.4 27.400000000000002 0 0.6000000000000001 0 0 0 0 0.4 0 0.4 0.4 0.4 15.200000000000001 30 0.2 0 0 0 0.6000000000000001 5.4 0.4 0 0 0.6000000000000001 0 0.2 0 0 0 0 0 0 0.6000000000000001 0 0.8 0 0 0 0.6000000000000001 0 0 0.6000000000000001 0 0 0 0 0 0 0 0 0 0.6000000000000001 0 0 0 0 0 0 0 10 0 2.6 2.4000000000000004 8.6 5 2.6 4.4 1.4000000000000001 0 4 3.6 2 2.2 2.6 0 0 5.2 4.800000000000001 2.6 0 0 0 1.4000000000000001 0 0 0 0 4.2 0 0 0 0 0 0 0.4 0 0 0 0 0.4 2.4000000000000004 1.6 0 0 0 0 0 0 0 0 0.4 0 0 0 0 0 0 0 0 0 0 0 0 0 0 0 0 0 0 0.2 0 0 0 0 0 0 0 0 0 5.4 0.4 10.600000000000001 4 2.6 0.2 2.2 2.2 0.2 0.2 2.4000000000000004 5 6.4 3 4.2 4.800000000000001 3.2 0.2 0 1.4000000000000001 13.200000000000001 0 0 2.4000000000000004 0 0.4 0 0 0 0 0 0 0 0 6.6000000000000005 0 0 0 0 0 0 6.6000000000000005 0 0 0 0 0 0 0 0 0 0.6000000000000001 0 0 0 0 0 0 0 0 0 0 0 0 0 0 0 0 0 0 0 0 0 0 0 0 0 0 0.4 0 0 0 0 0 0 0 0 1.8 17.400000000000002 0 0.4 17.6 0 0.8 0 0 0 0 0 0 0 0 18.6 5 0 0 0 0 0.2 0 0 0 0 0 0 0 0 6 2.8000000000000003 0 0 0 0 0 0 0 0 0 0 0 0 0 
 8.4 30.6 80.80000000000001 20 96.80000000000001 76 8.200000000000001 30 33 13.8 46.800000000000004 0 5.800000000000001 94.60000000000001 6.800000000000001 54.2 56.800000000000004 33.2 7 10.200000000000001 0.4 0.6000000000000001 0 0 0 0 0 0.2 0 0.4 0.4 0.2 37.4 0.6000000000000001 42 0 0 0.6000000000000001 15.4 0.8 13.200000000000001 1.6 0.6000000000000001 0 0.8 0 0 0 0 0 0.2 0.6000000000000001 0.2 0.6000000000000001 0 0 0 13.4 0 0 0.6000000000000001 0 0 0 0 0 0 0 0 0 0.6000000000000001 6.2 0 0 0 0 0 0 0 0.4 0 5.6000000000000005 3 3.6 5.6000000000000005 1.8 0 0 0.2 1.6 6.2 2 0 0 0 2 3 0 0 0 2 4 0 11.4 0 0 7.4 0 0 0 0 0 0.4 4.4 0 0.2 0 0 0 0.6000000000000001 0 0 0 0 0 0 0 0 0 0 0.4 0 0 0 0 0.2 0 0 0 0 0 2 0 0.2 0.4 0 0 0 0 0 0 0 0 0 0 0 0 0 0 0 0 0 0 4.2 0.2 11 0 0 0 0 2 13 0 0 0 0 0.6000000000000001 0 0 0 2.6 6.6000000000000005 0.6000000000000001 0 0 0 18.2 0 4.2 0 0 0 2.8000000000000003 7.4 7.800000000000001 0 0 0 0 1.8 0 0 0 0 0 0 0 0.2 0 0 0 0 2.4000000000000004 0 0 0 0 0 0 0 0 0 0 0 0 0 0 0 0 2.4000000000000004 0 0 0 0 0 0 0 0 0 0 0 2.4000000000000004 3.8000000000000003 0 0 17.8 0.8 0.4 18 0 0 1.4000000000000001 0 0 0 0 0 0 0 0 0 0 0.6000000000000001 0 0 0 0 0 0 0 0 0 0 0 0 3.2 0 0.2 0 0 0 0 0 0 0 0 0 0 0 0 
 27.6 7.800000000000001 29 70.60000000000001 9.600000000000001 37.2 27.400000000000002 21.6 17.6 49.800000000000004 26.400000000000002 5.800000000000001 0 20.8 11 8.200000000000001 3.4000000000000004 64.4 28 27 0.4 0.8 0 0.2 0.4 0 0.8 0 0 0.6000000000000001 0.4 0.2 0.6000000000000001 0 0 0 0 1.4000000000000001 0.4 0 0 0 0.6000000000000001 0 0 0.2 0 12.600000000000001 0 1 0 0.2 0 0.8 0 0 0.2 0.2 0 0 0.6000000000000001 0.4 0.8 0.4 0.8 0.6000000000000001 0.2 0 0.2 0.4 0.6000000000000001 0 0.2 0 1.6 0.2 0.6000000000000001 0.4 0.2 0 3.2 3.6 0 3.2 0.2 0 3 0.4 0 3.4000000000000004 0 0 2.2 0 3 2 2.8000000000000003 0 8.6 2.8000000000000003 0 0 0 0 0 0 0 0 0 0 0 0 0 0 0 0 0 0 0 0 0 0 0 0 0 0 0 0 0 0 0 0 0 0 0 0 0 0 0 0 0 0 0.4 0 0 0 0 0 0 0 2.6 0.2 0 0 0 0 0 0 0 0 3.2 2.6 0 0 0 1.8 2.2 6 3.2 3 2.6 3.4000000000000004 4.2 2.2 3 4.4 0 0.8 2.4000000000000004 2.8000000000000003 0 0 0 0 0 0 0 0 0 0 0 0 0 0 0 0 2.2 0 0 0 0 0 0 0 0 0 0 0 0 0 0 2 0 0 0 0 0 0 0 0 0 0 0 0 0 0 0 0 0 0 0 0 0 0 0 0 0 0 0 0 0 0 0 0 0 0 0 0 0 1.8 0 2 4.6000000000000005 0 0.4 0 0 0 0 0 0 0 0 0 0 0 0 0 0 0 0 0 0 0 0 3.4000000000000004 0 0 0 0 0 0 0 0 0 0 0 0 0 0 
 27.400000000000002 38.400000000000006 21.6 17.8 16.6 18.400000000000002 22.6 34.800000000000004 151.4 32 28.200000000000003 94.60000000000001 20.8 0 40.6 35.800000000000004 28.6 43.800000000000004 62 35.6 0.4 0.6000000000000001 0 0 0.4 0.4 0 0 0 0.6000000000000001 0.4 5 0.6000000000000001 0 0 0 0.4 0.6000000000000001 0.4 0 0 0 0.6000000000000001 0 0 0 0 23.400000000000002 0 0 0 0.2 0 0.4 0 0 0 0.6000000000000001 0 0 0.8 0 0 0 0 0 0.4 0 0 0 1.2000000000000002 0 0 0 0.6000000000000001 0 0 0 0.2 0.2 0 5.2 2.6 0 2.6 3.4000000000000004 0 3 0 3.2 2.8000000000000003 5.2 1.4000000000000001 1.6 0.2 3.8000000000000003 1.8 4.6000000000000005 3.8000000000000003 2.6 0 0.4 0 0.4 0 0 0 0 0 0 0 0 1.2000000000000002 0 0 0 0 0 0 0 0 0 0 0 0 0 0 0 0 0 0 0 0 0 0 0 0 0 1.8 0 0 0 0.2 0 0 0 0 0 0 0 0 0 0 0 0 0 0 0 0 0 2.6 2 2.8000000000000003 0 3.2 1.8 9.4 6 2.6 1 0 0 0 6.2 0 0.2 0.2 5 1.4000000000000001 1.6 0 2.8000000000000003 0 0 0 0 0 0 0 0 0 0 3.4000000000000004 0 0 0 0 0 0 1.4000000000000001 0 0 0 0 0 0 0 0 0 0 0 0 0 0 0.2 0 2 0 0 0 0 0 0 0 0 0 0 0 0 0 0 0 0 0 0 0 0 0 0 0 0 0 0 0 0 0.4 0 0 0.4 17.8 0 2 0 0 0 0 0 0 0 0 0 0 0 0 0 0 0 0 0 0 0 0 0 0 0 0 2.8000000000000003 0 0 0 0 0 0 0 0 0 0 0 0 4 
 5.2 21.6 23.400000000000002 39.2 35.2 19.6 9 36.2 17.8 34.800000000000004 16 6.800000000000001 11 40.6 0 61.2 45 30.400000000000002 38.6 33.4 0 1 0 0 0 0.2 0 0 0 0.6000000000000001 15.200000000000001 15.600000000000001 15 0 0 0 0 0.8 0.2 1.2000000000000002 1.4000000000000001 0 0.6000000000000001 0 0.6000000000000001 0 0.4 0 0 0 0 0.6000000000000001 0 0.8 0 0.4 0 1.2000000000000002 0 0 0.6000000000000001 0 0 0.4 0 0 0 0 0 0 0.6000000000000001 0 0 0 1 0 0 0 0.8 0 0.2 5 0.6000000000000001 2.8000000000000003 11 3 0 6.4 3 1.8 7.6000000000000005 7 3.6 0 3 0.8 10 4.800000000000001 0 0 0 0 2 0 0 0 0 0 0 0 0 0.8 3.6 0 0 0 0 0 0.2 0 0 0 0 0 0 0 0.4 0 0 0 0 0 0 0 0 0 0 0 0 0 0 0 0 0 0 0 0 0 0 0 0 0 0 0 0 0 0 0 0 0 0 0 4.4 6.6000000000000005 2.4000000000000004 2.4000000000000004 2.2 0.4 1 1.6 0 9.600000000000001 1.8 0 0 2.4000000000000004 0 1.8 3.2 5.800000000000001 0 0 0 0 0 0 0 0 0 0 0 0 6 0 2 0 4.4 0 3 2.8000000000000003 0 0 0 0 0 0 0 0 0 0 0 0 0 0 0 0 0 0 0 0 0 0 0 0 0 0 0 0 0 0 0 0 0 0 0 0 0 0 0 0 0 0 0 0 0 0 0 0.4 17.8 17.6 0 0.6000000000000001 0.2 0.2 0 0 0 0 0 0 0 0 0 0 0 0 0 0 0 0 0 0 0 0 0 0 2.8000000000000003 0 0 0 0 0 0 0 0 0 0 0 0 0 
 8.200000000000001 43.6 12.4 58.800000000000004 81.80000000000001 11.200000000000001 50 23.200000000000003 48.2 16.8 67.2 54.2 8.200000000000001 35.800000000000004 61.2 0 73 121 68 15.4 0 0.6000000000000001 0 0 0 0 0 0 0 0.6000000000000001 0.4 0.4 4 0 0.2 0 0.4 0.6000000000000001 0.4 0 0 2 0.6000000000000001 0 0.4 0 0 0 0 0 0 0.2 0 1 0 0 0 0.6000000000000001 0 0 0.6000000000000001 0 0 0 0 0 0 0 0 0 1.2000000000000002 0 0 0 0.6000000000000001 0 0 0.4 0.2 0 0 2.8000000000000003 3.2 2.4000000000000004 4.800000000000001 0 0 2.8000000000000003 0 0 3 4.800000000000001 1.4000000000000001 3.6 0.2 3.6 8.200000000000001 7.2 0 0 0 0 0 0 0 0 0.4 0 0 0 0 0 0 0 0 0 0 0 0 3 0 0 0 0 2.2 0 0 0 0 0 0 0 0 0 0 0 0 0.4 0 0.2 0 0 0 0 0 0 0 0 0 0 0 0 0 0 0 0 0.2 0 0 0 3.6 0.6000000000000001 0 3.8000000000000003 2.8000000000000003 4.800000000000001 2 0 0.2 4 3.2 7.800000000000001 1.8 3 0.2 1.2000000000000002 2 2 1 0.8 0 2.8000000000000003 0 0 0 0 5.6000000000000005 0 0 0 0 0 2.6 0 3 0 0.4 0 0 0.4 0 0 0 0 0 0 0 0 0 8.4 0 0.2 0 0 0 0 0 0 0 0 0 0 0 0 0 0 0 0 0 0 0 0 0 0 0 0.4 0 0 0 0 0 0 0 0 0 0 0.6000000000000001 0 9.600000000000001 17.6 0 2.2 0 0 0 0 0 0 0 0 0 0 5.6000000000000005 0 0 0 0 0 0 0 0 0 0 0 0 4.4 2.8000000000000003 0 0 0 0 0 0 0 0 0 0 0 0 0 
 50.6 51.2 27 45.2 45.400000000000006 15.8 44.2 53.6 18.6 44.800000000000004 36.2 56.800000000000004 3.4000000000000004 28.6 45 73 0 34.4 5.4 23.400000000000002 0 0.6000000000000001 0 0 0 0 0 0 0 0.4 0.4 0.2 15.200000000000001 0 0 0 0.4 0.8 0.2 1 0 2.6 0.6000000000000001 0 0.4 0 0 0 0 0 0 0.6000000000000001 0 1 0 0 0 13.4 0 0 0.6000000000000001 0 0 0 0 0 0 0 0 0 0.6000000000000001 0 0 0 0 0 0 0 0 0 0 2.4000000000000004 1.8 3 13.8 0.2 0 0.2 2.8000000000000003 0 4 0.2 0 0 0.2 2.2 4.800000000000001 0 0 0 0 0 0 0 0 0 0.2 0.4 0 0 0 0 0 3 0 0.2 0 0 0 2.2 0 0 0 0 0 0 0 0 0 0 0.2 0 0 0 0 0.4 0 0 0 0 0 0.4 0.8 0 0 0 0 0 0 0 2.6 0 0 0 0 0 0 0 0 0 0 0 0.4 2 0 1.8 0 0 0 0 4 8.8 0 0 0 3.4000000000000004 0.6000000000000001 0 0 1.6 0 0 0.2 0 0 0 5.800000000000001 2 0 0 0 0.2 2.8000000000000003 5 7 0 0 0 0 1.8 0 0 0 0 0 0 0 0 0 0 0 3.4000000000000004 0 0 0 0 0 0 0.4 0 0 0 0 0 0 0 0 0 0 0 0 0 0.2 0 0 0 0 0 0 0 0 2.8000000000000003 0 0 0 0 0.4 0.2 11.8 0.8 0 0.8 0 0 0 0 0 0 0 0 0 0 1 0 0 0 0 0 0 0 0 0 0 0 0 1.6 0 2.8000000000000003 0 0 0 0 0 0 0 0 0 0 0 0 
 8.6 17.2 50.2 12.600000000000001 85.4 11 7.6000000000000005 33.800000000000004 69.4 53.400000000000006 35.800000000000004 33.2 64.4 43.800000000000004 30.400000000000002 121 34.4 0 5.800000000000001 40.400000000000006 0 0.6000000000000001 0 0 0 0 0 0 0 0.6000000000000001 0.4 14.8 15.4 0 0 0.4 0.4 0.6000000000000001 0 15.200000000000001 0 0 0.6000000000000001 0 13.4 0 0 0 0 0 0 0 0 1.2000000000000002 0 0 0 1 0 0 0.4 0 0 0 0 0 0 0 0 0 0.6000000000000001 0 0 0 0.6000000000000001 0 0.2 0 0.6000000000000001 0 0 8.6 3.2 5.800000000000001 8.4 5.2 0.6000000000000001 3.2 2.8000000000000003 0.2 0 2.2 2.2 0 2.2 1.8 3 5.6000000000000005 0.2 0 0 1.6 0 0 0 0 4 0 0 0 0 0 0.2 0 0 0 0 0.4 0.2 2.2 0 0.2 0 0 0 0 0 0 0 0 0 0 0 0 0 0 0 0 0 0 0 0 0 0 0 0 0 0 0 0 0 0 3 0 0 0 0 0 0 0.6000000000000001 4 7.6000000000000005 0 0 2.2 0.4 2.2 0 0 5.6000000000000005 3 6 2.2 2.4000000000000004 2 0 0 0.4 1.6 0 0.4 2.2 0 0 0 0 0 0.8 0 0 0 0 6.6000000000000005 0 2.2 0 0 0.2 3 2.2 0 0 0 0 0 0 0 0 0 0 0 0 0 0 0 0 0 0 0 0.2 0 0 0 0 0 0 0 0 0 0 0 0 0 0 0 0 0 0 0 0 0 0 0 0 0 0.6000000000000001 18.8 0 18 28.400000000000002 0 1.8 0 0 0 0 0 0 0 0 0 2.2 0 0 0 0 0 0 0 0 0 0 0 0 0 4 7.800000000000001 0 0 0 0 0 0 0 0 0 0 0 0 0 
 31.400000000000002 34.4 5.2 12.600000000000001 19.200000000000003 10.600000000000001 31.6 12.200000000000001 41.2 11.200000000000001 7.4 7 28 62 38.6 68 5.4 5.800000000000001 0 52 0 0.6000000000000001 0 0 0 0 0 0 0.2 0.6000000000000001 0.4 0.4 0.6000000000000001 0.4 0 0 0.2 0.6000000000000001 0.4 0 0.2 0 1.2000000000000002 0.6000000000000001 0 0 0 0 0.2 0.4 0 0.2 0 0.4 0 1 0.2 0 0 0 0.8 0 0 0 0.4 0.2 0.4 0 1.2000000000000002 0 2.6 0.6000000000000001 0 0 0.6000000000000001 0 0.2 0.4 0.2 0 0 6.6000000000000005 2.6 0 2.8000000000000003 0 2.8000000000000003 2.8000000000000003 4 6 0 0 0 2.8000000000000003 2.2 0 0 5.800000000000001 3.6 4.2 0 0 0 0 0 0 0 0 0 0 0 0 0 0 0 0 0 0 0 0 0 0 0 0 0.2 0 0 3 0 0 0 3.2 0 0 0 0 0 0 0 0 0 0 0 0 0 0 0 0 0 0 0 0 0 0 0 0 0 0 0 0 3.2 1.8 0 0.2 0 0 12.200000000000001 5.4 6.6000000000000005 0 15.4 0 0 2.8000000000000003 2.6 0 0 6.6000000000000005 0 2.2 0 0 0 0 0 0 0 0 0 0 0 0 0 0 0 0 0 0 0 0 0 0 0 2 0 0 0 0 0 0 0 0 0 0 0 0 0 0 0 0 0 0 0 0 0 0 0 0 0 0 0 0 0 0 0 0 0 0 0 0 0 0 0 0 0 0.4 0.2 0 0.4 10.4 0 0.2 0 0 0 0 0 0 0 0 0 0 0.4 0 0 0 0 0 0 0 0 0 0 0 0 0 2.4000000000000004 0 0 0 0 0 0 0 0 0 0 0 0 0 
 11.8 59 24.400000000000002 9 15 7.6000000000000005 25.200000000000003 14.200000000000001 30.8 28.6 27.400000000000002 10.200000000000001 27 35.6 33.4 15.4 23.400000000000002 40.400000000000006 52 0 0 0.6000000000000001 0.8 0 0 0 0 0 0 0.4 0.4 0.4 0.6000000000000001 0.4 0 0 0 0.6000000000000001 0.2 0 0 0 0.6000000000000001 0.6000000000000001 0 0 0 0 0 0 0 0.6000000000000001 0 0 0 0 0 0.6000000000000001 0 0 0.6000000000000001 0 0 0 0 0 0 0 0 0 1.2000000000000002 0 0 0 0 0 0 0 0 0 7.6000000000000005 0 5.2 5.4 0 0 8.4 6.800000000000001 3.2 7 1.4000000000000001 0 14 3.6 5.6000000000000005 1.8 0 7.800000000000001 0 1.4000000000000001 0 0 0 0 0.2 0 0 0 0 0 0 0 0 0 0.2 0 0.6000000000000001 0 0 0 0 0 0 0.4 0 1.8 0 0 0 0 0 0 0 0 0 0 2.6 0 0.4 0 0 6 0 0 0 0.4 0 0 0 0 0 2.8000000000000003 0 0 0 0 0 2.6 0 0 6 0.8 2.6 2 0 0.4 6.4 0 4.4 5.6000000000000005 0 0 2.2 8.200000000000001 6.4 2.2 0.2 5.2 7.4 5.4 0 0 0 0 0 0 0 0 0 0 1.6 0 0 0 0 0 0 0 0.4 0 0 0 0 0 0 0 0.4 0 0 0 0 0 0 0 0 0 0 0 0 0 0 0 0 0 0 0 0 0 0 0 0 0 0.2 0 0 0 0 0 0 0.2 0 0 0 0 0 0 0 0 0 17.8 0 0.6000000000000001 0 2 0 0 0 0 0 0 0 0 0 0 0 0 0 0 0 0 0 7.2 0 0 0 2.8000000000000003 3.4000000000000004 0 0 0 0 0 0 0 0 0 0 0 0 0 
 0 0 0 0.8 32.6 23 0 0.6000000000000001 0 0 0 0.4 0.4 0.4 0 0 0 0 0 0 0 85.4 21.400000000000002 113 6.2 9.200000000000001 64 51.800000000000004 24.200000000000003 19.8 7.2 13 90 43.400000000000006 39 53.400000000000006 35.6 8.4 51.400000000000006 11.600000000000001 0.4 0.4 0 0.4 0.2 0 0 0 0 0 0 0 0 0.2 0 0.4 0 0.6000000000000001 0 0.4 0 0 0 16.400000000000002 0.6000000000000001 0.6000000000000001 0 0 0 0 0 0.2 0 0 0 0 0 0 0.6000000000000001 0.6000000000000001 0 0 0 0 0.4 1.4000000000000001 0 0 0 0 0 0 0 0 1.4000000000000001 0 0 0 0 0 0 4.800000000000001 2 2.8000000000000003 0 0 3.8000000000000003 4.4 0.2 5.4 0.6000000000000001 4 1.8 5.4 3.4000000000000004 4 0 5.800000000000001 3.6 10.200000000000001 0 0 0 0 0 0 0 0 0 0 0 0.4 0.2 0 0.2 0 0 0 0 0 0 0 0.8 4.4 0 0 0 0 0 0 0.4 0 0 0 0 1 0.4 0 0 0.2 0 0 0 0 3.8000000000000003 0.2 0 0.2 0 0 0 0 0 0 0 0 1 0 0.6000000000000001 0 12.4 2.4000000000000004 6.6000000000000005 0.6000000000000001 0 0 6.4 1.6 2.2 3.4000000000000004 5 0 1.6 2.2 15.4 0 15 15 3.4000000000000004 0 0 0.2 0 0 0 0 0 0 0 0 0 0 0.4 0 0 0 0 0 1.8 2.2 0 0 0 0 0 0 0 0 0 0 0 0 0 0 0 0 0 0 0 0 0 0 0.2 0 0 0 0.2 0 0 0 3.2 0.2 0 0 1.6 0 0.4 15.4 0 0 1 0 0 0 0 0 0 0 0 0 0 0 0 0 0 0 0 0 0 0 0 2.6 0 0 0 0 0 0 0 0 
 0.6000000000000001 0.8 0.6000000000000001 0.6000000000000001 0.6000000000000001 23 0.6000000000000001 0.6000000000000001 0.6000000000000001 0.6000000000000001 0.6000000000000001 0.6000000000000001 0.8 0.6000000000000001 1 0.6000000000000001 0.6000000000000001 0.6000000000000001 0.6000000000000001 0.6000000000000001 85.4 0 36.4 21.8 6.6000000000000005 9.200000000000001 66.2 33.4 13.4 7.6000000000000005 8.8 8 28.400000000000002 43.800000000000004 28.400000000000002 38.2 10.8 37.800000000000004 8.8 10.200000000000001 0.8 0.4 0 0.4 0.2 0 13 0 0 0.2 0 0 12.4 0.4 0.2 0.4 0 1 0 0.4 0 0 0 0 1.6 0.6000000000000001 0 0 0 0 0 0 0.4 0 0 0 0.2 0 0.6000000000000001 0.6000000000000001 0 0 0 0 0 0 0 0 0 0 0 0 0 0 0 0 0 0 0 0 8.4 0 7 2.2 5 0.2 5 3 4.6000000000000005 9.4 1.4000000000000001 2.4000000000000004 7.4 0 1.8 3.4000000000000004 6.800000000000001 0.8 2.2 4.6000000000000005 0 0 0 0 0 0 0 0 0 0 0 0 2 0 0 0 0 0 0 0 0 0 0 0 0.2 0.4 0 0 0 0 0 0 0 0 0 0.4 0 0 0 0 0 0 0 0 1.2000000000000002 7.6000000000000005 0 0 0 0 0 0 0 0 0 0 0 0 0.4 0 2.4000000000000004 2.6 0 6.2 0.2 4.6000000000000005 0.4 3.6 0.8 1.8 1.6 0.4 2.4000000000000004 3.2 2.8000000000000003 3.4000000000000004 9.200000000000001 3 3.6 0 0 0 0 0 0 0 0 0 0.2 0.4 0 0 0.4 0 2.8000000000000003 0 0 0 1.6 1.8 0 0 0.2 0 0 0 0 0 0 0 0 0 0 0 0 0 0 0 0 0 0 0 0 0 0 0 0 0 0 0 5 0 0 0 0.8 0 0.4 0.2 0 0.4 0.4 0.2 0 0 0 0 0 0 0 0 0 0 0 0 0 0 0 0 0 0 0 4.6000000000000005 0 0 0 0 0 0 0 0 
 0 0 0 0 7.6000000000000005 0 0 0.6000000000000001 0 0 0 0 0 0 0 0 0 0 0 0.8 21.400000000000002 36.4 0 55 30.8 8.200000000000001 32 28.8 45.800000000000004 54.400000000000006 9 37.800000000000004 29.200000000000003 15.4 39.800000000000004 27.8 25.6 26.6 49.800000000000004 11.200000000000001 0.4 2.8000000000000003 0 1.6 0.4 2 11 0 0.2 0.2 0 0 4.6000000000000005 13.4 1 1 0.2 0.2 12.8 0.4 3.6 0.8 0.2 0 3 0.8 0 0.4 0 0 0 0.2 2.2 0 0 0.4 10 0.8 1 1 0 0 0 0 0 1.8 0 0 0 0 0 0 0 0.2 0.2 0 0 0 0 0 2.4000000000000004 0 0 6.4 6.800000000000001 1.8 0 6.6000000000000005 4 0.8 9 9.600000000000001 0 2.4000000000000004 0.4 6 0.6000000000000001 5 1.8 0 0 0 0 0 0 0 0 0 0 8.6 0.4 0 2.4000000000000004 0 0 0 0 0 2.8000000000000003 1.8 0 0 0.6000000000000001 0.2 0 0 0.4 0 0 0 0 0 0 0.4 0 5.4 0 0 0 0 0 0.6000000000000001 0 0 2.2 0 0 0 0 0 0 0 0 0.8 0.2 0 0 2.2 0 0 8.4 0 6.800000000000001 1.6 0 6.4 0 1.2000000000000002 8.4 5.2 9.4 8.6 0 6.800000000000001 2 11.8 2 4.2 0 0 2 0 0 0 0 0 0 0 0.4 0 0 0 6 2.4000000000000004 0 2.2 0 0 1.8 2 0 0 0 0.4 0 0 0 0 0 0 0 0 0 0 0 0 0 0 0 0 0 0 0 0 0 0 0 0 0 0 0 0 0 0 3.4000000000000004 0 0.4 0.8 16.400000000000002 0.4 0 0 0 0 0 0 0 0 0 0 0 0.4 0 0 0 0 0 0 0 0 0 0 0 0.4 0 4.6000000000000005 1.6 0 0 0 
 0 0 0 0.8 0.4 0 0.6000000000000001 0.8 0.4 0.2 0 0 0.2 0 0 0 0 0 0 0 113 21.8 55 0 17.400000000000002 43 33.6 14.200000000000001 31.200000000000003 57.800000000000004 62.400000000000006 39 60.800000000000004 47.6 29.6 34 25 51.400000000000006 22.400000000000002 11 0.4 0.4 0 0.6000000000000001 0.2 0 13.8 0 0 0.4 0 0 12.8 0 0.4 0.4 0 0.4 6 0.4 0 0 7 0 1.4000000000000001 0.4 0 0 0 0 0 0 0.2 0 0 0.2 0 0 0.6000000000000001 0.6000000000000001 0 0 0 0 0 0.2 0 0 0 0 0 0 0 0 0 0 0 0 0 0 0 0 4 0.2 12 3.2 0 2.4000000000000004 0 5.4 0 5.6000000000000005 0 2.8000000000000003 2 3.6 2.2 12.8 2 3 0.4 0 0 0 0 0 3.4000000000000004 0 0 0.2 0 0 2.4000000000000004 0 0 0 0 0 4.6000000000000005 0.2 0 0 0 0 0.4 0 0 2 0 0 0 0 0.4 0 0 0 0 0.2 0 0 0 0 0 0 0 0 0 0 0 0 0 0 0 1.4000000000000001 0.4 0 0 0 0 0 5 0 3.2 5.6000000000000005 2.2 2.4000000000000004 0 2 4.4 3.4000000000000004 2.8000000000000003 8.200000000000001 0.2 0 0 2 3 5.2 1.4000000000000001 0 4 0 0 0 0 0 0 0 0 0 0.2 0 2.2 0 0.2 0 0 0 8.8 0 0 0 0 0 0 0 0 0 0 0 0 0 0.6000000000000001 0 0 0 0 0 0 0 0 0 0 0 0 0 0 0 0 0.4 0 0 0 0 1.6 0 0.4 0.2 0.4 0.4 0.2 0 0 0 0 0 0 0 0 0 0 0 0 0 0 0 0 0 0 3.8000000000000003 0 0 0 0 0 0 0 0 0 0 
 0 0 0 0 0 0 0 0.4 0 0.2 0 0 0.4 0.4 0 0 0 0 0 0 6.2 6.6000000000000005 30.8 17.400000000000002 0 20 12.200000000000001 24.200000000000003 56.800000000000004 22.200000000000003 51 55 15.8 19.6 30.6 48.800000000000004 25.200000000000003 35 13 11.200000000000001 4.4 0.4 0 1.8 0 0.2 0.4 0 0 0 0 0.2 19.8 0 0 13.200000000000001 0 0.4 0 8.8 0 0 0 0 0.6000000000000001 1.8 0 0 0.6000000000000001 0 0 0 0 0 0 0 0.8 0 0.6000000000000001 0.6000000000000001 0 0 0 0 0.4 0 0 0 0 0 0 0 0 0 0 0 0 0 0 0 0 8.6 7.6000000000000005 0.2 0 8.200000000000001 0 1.8 2.2 3 4.6000000000000005 0 0 0.4 5.4 0 5.6000000000000005 3.4000000000000004 0 0 7.6000000000000005 8 6 0 0 0 0 0.6000000000000001 0 0 0 2.2 2.8000000000000003 3.4000000000000004 3.2 1.8 5.800000000000001 0 11 0 0 0 0 0 0 0 0 0.2 0.2 0 1.2000000000000002 0 0 0 0.6000000000000001 2.4000000000000004 0.4 0 0 0 0 0 0 0 0 0 0 0 0 0 0 0 0 0 0 1.6 0 0 0 0 0 4.4 0.6000000000000001 4 5.6000000000000005 2 0 1.8 0 2.6 2.2 0 0 0 0 4.2 5.4 14.200000000000001 0 0 4.2 0 0.2 0 0 0 0 2 0 0 0 0 2.6 3.4000000000000004 0.2 0 2 0 0 0 0 0 1.6 0 0 0 0 0 0 0 0 1 0 0 0 0 0 0 0 0 0 0 3.4000000000000004 0 0 0 0 0 0 0 0 0 0 0 2 0 0.2 8.4 0.4 0.2 5 0.4 3 0 0 0 6.6000000000000005 0 0 0 0 0 0 0 0 0 0 0 0 4 0 0 0 0 0 0 0 0 0 0 
 0 0.2 0 0.2 0 0 0.6000000000000001 0.6000000000000001 0 0 0 0 0 0.4 0.2 0 0 0 0 0 9.200000000000001 9.200000000000001 8.200000000000001 43 20 0 5 4.6000000000000005 51.2 28.6 38.400000000000006 27 21.200000000000003 8.200000000000001 9 31.400000000000002 9.4 52.6 7.2 7.800000000000001 4.2 0.4 0 2.2 0.2 0.2 0.2 0.2 0 0.2 0 0 4.4 12.4 0.2 13.4 0 0.2 27.200000000000003 5 0 0 0 0 1.4000000000000001 0.6000000000000001 0 0 0 0 0 0 1.2000000000000002 0 0 0 0 0 0.6000000000000001 0.6000000000000001 0 0 6.800000000000001 0 0.4 0 0 0 0 0 0 0 0 0 0 0 0 0 0 0 2.2 3.4000000000000004 7.800000000000001 0 6.4 9.4 0 0.2 4.6000000000000005 0.2 4 2.4000000000000004 0 0.2 0 0.4 3 3.2 0 0 4.2 7 4 0 0 0 5.4 5.4 1.4000000000000001 2.8000000000000003 0 1.8 7.4 3 0.2 1.2000000000000002 1.6 0.2 5.4 2.2 0 0 0 0 0 0 0 0.2 0.2 0 2.4000000000000004 0 0 0 0.8 0.4 0.4 0 0 0 0 0.4 0 0 0 0 0 0 0 0 0 0 0 0.6000000000000001 0 0 0 0 0.2 0 1.4000000000000001 0 0.2 1.6 2 3.4000000000000004 0 0 2.2 0.2 1.6 9.4 0 0 0 2.6 0.2 1.4000000000000001 0 0 0 0 0 0.2 0 0 0 0 0 1.2000000000000002 2.4000000000000004 0 1.6 2.6 0.2 0 6.4 0 3.2 5.6000000000000005 0 0 0 0 0 0 0 0 0 0 0 0 0 0 0 0 0 0 0 0 0 0 2.4000000000000004 0 0 0 0 0 0 0 0 0.2 0 0 0.4 0 0.2 0 15.600000000000001 0 7.6000000000000005 0.4 0 0 0 0 0 0 0 0 0 0 0 0 0 0 0 0 0 0 0 0 0 0 0 0 2.4000000000000004 0 0 0 
 0 0 0 15.600000000000001 15.200000000000001 16 0 0.4 0.2 14.8 0.4 0 0.8 0 0 0 0 0 0 0 64 66.2 32 33.6 12.200000000000001 5 0 56 24.6 5 66.4 10.200000000000001 23.400000000000002 44 41 20.400000000000002 37.800000000000004 11 73.8 34.800000000000004 0.4 0.4 0 0.2 0.2 0 0.2 0 0 0.2 0 0 0 0.2 0 0.4 0 0 0 0.4 0 0 0 0 0.6000000000000001 0.6000000000000001 0 0 0 0 0 0 0 0 0 1.4000000000000001 0.4 0 0.6000000000000001 1.4000000000000001 0 0 0 0 0 0 0 0 2.8000000000000003 1.8 0 0 0 0 0.2 0 0 0 0 0 4.6000000000000005 0 2.2 1.6 0 0 5 2.4000000000000004 8.6 1 0 6 11.8 3.2 0 8 1.2000000000000002 4.6000000000000005 5.4 8.4 0 0 2.6 0 0 0 0 0 0 0 0 0 0 0 0 0 0 0 0 0 0 0 0.6000000000000001 0.8 0 0 0 0 0 0 0 0 0.4 0 0 1 0 0 0 0 0 0 0 0 2 2.2 3.4000000000000004 0 0 0 0 0 0 0 0 0 2.2 0 2.6 0 7 0 2.6 2 0 0.2 5.6000000000000005 4.4 0.4 11.600000000000001 6 0.6000000000000001 9.4 2.4000000000000004 7 0.6000000000000001 5.800000000000001 0 1.4000000000000001 2.8000000000000003 0.2 0 0 0 0 0 0 0 0 0 0 0.4 0 0 0 0 0 0 0 0 0 0 0 0 0 0 0 0 0.4 0 0 0 0 0 0 0 0 0 0 0 0 0 0 0 0 0 0 0 0 0 2.6 0 0 0 2.6 0 0 17 0 0 0.4 0.4 0 0 0 0 0 0 0 0 0 0 0 0 0 0 0 0 0 0 0 3.4000000000000004 0 0 0 0 0 0 0 0 
 0.4 0 0 7.4 20 17.8 0 0 0 0 0 0.2 0 0 0 0 0 0 0 0 51.800000000000004 33.4 28.8 14.200000000000001 24.200000000000003 4.6000000000000005 56 0 21.8 34.4 26.400000000000002 21 66.2 56.800000000000004 27.6 9.200000000000001 24.6 21.400000000000002 30.8 15 0.6000000000000001 0.4 0.4 0.4 0.2 0 0 0 0 0 0 0.4 0 0 0 0.8 0 0.2 0 0.4 0 0.4 0 0 0.6000000000000001 0.6000000000000001 0 9 1.2000000000000002 0 0 0.4 0 0 0 0 0 0 0.6000000000000001 0.6000000000000001 0 0 0 0.2 0 0.8 0 0 0 0 0 0 0 0 0 3.2 0 0 0 0 0.4 1.4000000000000001 3.8000000000000003 0 0.4 0 3.2 5 0 2.2 0 3.2 6 11 4.2 6 1.6 0 8.6 4.2 0 0 0 0 0 0 0 0 0 0 0 0 2 0 0 0 0 0 0 0 0 0 3.6 0 0.4 0.2 0 0 0 0 0 0 2 0 0 0 0 0.2 0 0 0 0 0 0 1.2000000000000002 0 0 0 0 0 0 0 0 0 0 0 0 0 0.2 0 4 7.4 4.2 0 2 0 0.2 0 2.8000000000000003 2.2 4.800000000000001 0 0.8 1.8 7.6000000000000005 3.8000000000000003 1.8 7 2 0 0.2 0 0 0 0 0 0 0 0 0.2 0.2 0 1.4000000000000001 0 0 3.2 0 0 0 0 0 0 0.4 0 0 0 0 0 0 0 0 0 0.4 0 0 0 0 0 0 2.6 0 0 0 0 0 0 0 0 0 0 0 0 0 0 1.6 0 0 22.6 0 0.4 0 0 11 0 0 0 0 0 0 0 0 0 0 0 0 0 0 0 0 0.2 0 3.4000000000000004 0 0 0 0 0 0 0 0 
 0.4 0 0 1.2000000000000002 0 0 0 1.2000000000000002 0 0 0.4 0 0 0 0 0 0 0 0.2 0 24.200000000000003 13.4 45.800000000000004 31.200000000000003 56.800000000000004 51.2 24.6 21.8 0 28.200000000000003 23.400000000000002 59.2 24 53.400000000000006 34 58.6 27.8 22.6 19.8 9.4 0.4 0.4 0 1.2000000000000002 0 0.2 0 0 0 0 0 0 0 0.2 0 0.4 0 0 0 0.4 0 0 0 0 0.6000000000000001 0.6000000000000001 0 0.2 0.6000000000000001 0 0 0.2 0 0 0.8 0 0 0 0.6000000000000001 0.6000000000000001 0.8 0 0.4 0 0 0 0 0 0 0 0 0 0 0 0 0 0 0 0 0 0 3.6 2.6 5.6000000000000005 3.6 0 0 2.6 5 0 11.600000000000001 0.2 2.8000000000000003 2.4000000000000004 4.6000000000000005 8.4 6 0 0 5 0 0 0.4 0 0 0 0 0 0 0 0 0.2 0 2.6 0 0 0 0 2.2 0 0 0 0 0.4 0 0 0 0 0 0 0 0 0 0 3.8000000000000003 0 0 0 0 0 0 0 0 0 0 0 0 0 0 0 0 0 0 0 0 4 0 0 0.4 0 2.8000000000000003 2.2 13.200000000000001 3.6 0.8 3 0.2 3 2.6 5 4.6000000000000005 4.800000000000001 0 5.2 0 11 4 0 3 0 0 0 0 0 0 0 0 0 0 0 0 0.4 1.8 0 0 0 0 0 1 4.2 0 0 0 0 0 0 0 0 0.6000000000000001 0 0 0 0 0 0.4 0 0 3 0 0 0 0 2.8000000000000003 0 0 0 0 0 0 0 0 0 0 0 0.8 0 0.4 1.2000000000000002 0 0.4 0 0 0 0 0 0 0 0 0 0 0 0 0 0 0 0 0 1.8 0 0 0 0 0 0 0 1.8 0 0 0 0 
 0.4 8.8 0.6000000000000001 0.6000000000000001 17.2 15.8 0.4 1.2000000000000002 0.6000000000000001 0.6000000000000001 0.4 0.4 0.6000000000000001 0.6000000000000001 0.6000000000000001 0.6000000000000001 0.4 0.6000000000000001 0.6000000000000001 0.4 19.8 7.6000000000000005 54.400000000000006 57.800000000000004 22.200000000000003 28.6 5 34.4 28.200000000000003 0 19 53.6 25.8 22 15 38.2 32.800000000000004 25.400000000000002 18 32.2 0.4 0.4 0 0.4 0 0 3.8000000000000003 0 0 0 0 0 0.2 0 0 0.4 0.2 0.4 0 0.4 0 0 0 0 0.6000000000000001 0.6000000000000001 0 0 1 0 0 0.2 0 0 0 0 0 0 0.6000000000000001 0.6000000000000001 0 0 0 0 0 2.2 0 0 0 0 0 0 4 0 0 0 0 0 0 0 2.2 7.6000000000000005 2.2 4.2 4.800000000000001 13.4 4.6000000000000005 0 1.6 1.2000000000000002 2.2 0 0 4.2 0 2.8000000000000003 1.2000000000000002 14.600000000000001 0 3.4000000000000004 0.2 10.8 0 0 0 0 1.8 0 0 0 0 0 1.8 1.8 0 0.4 0.4 0 6.800000000000001 3.6 0 0 0 0 0 0 0 0 0 0 0 0 0 0 0.8 0 0 0 0 0 0 0.4 0 0 0.2 0 0.2 2.4000000000000004 0 0 0 0 0 0.6000000000000001 0 0 0 0 0.2 0 1.8 7.4 0.2 0.2 1.8 1.6 2.8000000000000003 0 6 2.4000000000000004 1.6 4 0 0 0 3.4000000000000004 0.2 5.4 1.4000000000000001 0 4 0 0 0 0 0 0 0 0 0 0 0 0 0 2.8000000000000003 0 0 1.6 0.8 1.8 0 0 0 0 0 0 0 0 2 0 0 0 0 0 0 0 0 0 0 0 0 0 0 0 0 0 0 0 0 0 0 0 0 0 0.8 0.4 0 29 15 0.4 1 0 0 0 0 0 0 0 0 0 0 0 0 0 0 0 0 0 0 3.8000000000000003 0 0 0 0 0 0 0 0 0 0 
 0.4 0.4 0.4 0.4 0.6000000000000001 1.2000000000000002 0.4 0.8 0.4 0.4 0.4 0.4 0.4 0.4 15.200000000000001 0.4 0.4 0.4 0.4 0.4 7.2 8.8 9 62.400000000000006 51 38.400000000000006 66.4 26.400000000000002 23.400000000000002 19 0 10.8 20.6 20 10.8 38.2 48.6 31.8 9.4 10 0.6000000000000001 0.6000000000000001 0 0.2 0 12.4 12.8 0 0 0.2 0 0 0.2 0 0.2 0.4 0 41.800000000000004 8.4 16.6 0 0 0 0 0.6000000000000001 1.6 0 0 2.6 0 0 0.4 0 0 0 0 0 0.6000000000000001 0.6000000000000001 0.6000000000000001 0 0 0 0 1.2000000000000002 5.2 0 0 0 0 0 0 0 0 0 0 0 0 0 0 1.6 0 1.8 2.8000000000000003 2.6 2.2 1.6 0 2.2 2.4000000000000004 0 6.800000000000001 2.2 0 4.4 5 0 2 1.2000000000000002 0 4 2.8000000000000003 0 0 0 0 0.2 2.6 0 0 0 0 0 0 0 0 3.6 0 7.4 1.4000000000000001 0 0 0 0.6000000000000001 0 0 0 0 0 0 0 0 0 0 6.6000000000000005 0.6000000000000001 0 0.4 0 0 0 0 0 0 0 0 0 0 0 0 1 0 0 0 0.2 1.4000000000000001 0 0 0 0 0 0 0 1.8 0.4 0 0.6000000000000001 0.2 0 3.2 0 0 0 0 1.8 5.6000000000000005 1.2000000000000002 2.6 0 0 4.2 0 6.2 0 0 0 2.4000000000000004 6.800000000000001 3.4000000000000004 0 0.4 0 0 1.6 3 2 5 0 8 0 0 0 0 0 0 0 0 0 0 0 0 0 0 0 0 0 0 0 0 0 0 0 0 0 0 0 0 0 0 0 0 2.6 0 0.4 2 0.4 0.2 16.8 7.4 0 3.6 0 0 0 0 0 3.4000000000000004 0 0 0 0 0 0 0 0 0 0 0 0 2.4000000000000004 0 2 0 0 0 0 0 0 0 0 
 0 0 5.6000000000000005 0.2 15.8 0.6000000000000001 2.6 15 0.2 0 15.200000000000001 0.2 0.2 5 15.600000000000001 0.4 0.2 14.8 0.4 0.4 13 8 37.800000000000004 39 55 27 10.200000000000001 21 59.2 53.6 10.8 0 9 66 52.400000000000006 44.400000000000006 29.8 61 13.600000000000001 11.200000000000001 1.8 0.8 0 1 1.2000000000000002 0 24.6 0 0 5.800000000000001 0.6000000000000001 0 12.200000000000001 11.8 0 0.4 1.2000000000000002 0.4 4.4 1.2000000000000002 0.4 0 0 0 1.8 0.6000000000000001 0.4 0 0 0 0 0 1.2000000000000002 9.4 0.6000000000000001 1.2000000000000002 0.4 0.4 1.2000000000000002 0.6000000000000001 0 2.8000000000000003 0 1 0 3.6 0 0 0 0 2.8000000000000003 6.4 0 0 0 2.2 2 3 0 0 0 3.6 3.6 2 6.800000000000001 1 0 0 0 1 3.4000000000000004 0 0.2 0.2 1.8 0 3 1.8 0 0 3.8000000000000003 0 0.2 0 0 0 2 4 0 6.2 0 0 0.2 0.2 0 0.4 0 0 0 2.8000000000000003 0 0 0 0 0 0 0 0 0 0 0 0 0 0 0 0 0 0 0 0 0 0.8 2.8000000000000003 0.2 11 2.6 0 6.6000000000000005 0 1.4000000000000001 0.8 0.2 0 0 0 0 0.2 2.8000000000000003 0 0.4 0.2 3.6 0 2.8000000000000003 6.6000000000000005 5.2 0 0 0.8 0 0 5.2 3.6 0 0.2 0 0 4.800000000000001 0 2.6 4.4 2.6 0 0 0 0 0 0 1.8 0 0 0 1.6 1.6 5.6000000000000005 0 0 0.2 9.600000000000001 2.2 0 0 0 0 0 0 0 0 0 0 0 0 0 0 0 0 0 0 0 0 0 0 0 0 0 0 0.2 0 0 0 0 0 0 0 0.8 0 0.8 9 0 0.2 0 0.4 0 0 0 2 0 0 0 0 0 0 0 0 0 0 0 0 0 4.2 0 0 0 0 0 0 0.8 0 0 0 
