 0 30.6 35.800000000000004 33 7 3.6 52.6 76.2 13 6.2 16.2 9.200000000000001 75 31.200000000000003 25.8 5 54.800000000000004 51 41 126.2 0.4 0.4 2.2 0 0.2 0 0.2 0.6000000000000001 0 0.4 0.6000000000000001 0 0 1.2000000000000002 0 0 0.8 0 0 0 0 0 0.4 0 11.200000000000001 0.4 0 0.4 0.6000000000000001 0 0.6000000000000001 0 0 0 10.600000000000001 0 1 0 0 0 1 0 0.4 0 0.4 0.4 0 0.4 0.6000000000000001 0 0 0 0 0 0 0.6000000000000001 0 0 1 0 0 2.4000000000000004 8 0.2 2.2 0 2.8000000000000003 0.2 0.2 8.200000000000001 1.6 2 3 1.8 10.4 8 7.4 3.6 1.8 5.800000000000001 0 0 0 0 0 0 0 0 0 0 0 0 0 0 0 0 0 0 0 0 0 0 0 0 0 0 0 0 0 0 0 0 0 0 0 0 0 0 0 0 1 0.4 0.2 0 0 0 2.4000000000000004 0 0 0 0 0 0 0 0 0 0 1.2000000000000002 0 0.8 13.600000000000001 0.2 6.2 3 1 0 5.6000000000000005 2 1.8 0 1.4000000000000001 0.2 2.6 4.6000000000000005 0.2 4 0 0 0.2 3.4000000000000004 2 0 0 0.4 0 0 0 0 0 0 0 0 0 0 0 0 0 0 0 0 0 1.2000000000000002 0 0 0 0 0 0 0 0 0 0 0 0 0 0 0 0 0 0 0 0 0 0 0 0 0 3.8000000000000003 0 0 0 0.2 0 0 0 0 3 0 0 0 0 0 0.2 0 0 0 0.2 0.4 9.4 0.4 0 1.4000000000000001 0 0 18 0 0 0 0 0 0 0 2 0 0 0 0 0 0 0 0 0 0 0 0 0 0 0 0 0 0 0 0 0 0 0 0 0 0 0 
 30.6 0 65.60000000000001 15 9.4 6.6000000000000005 13.200000000000001 64.4 30.200000000000003 25.200000000000003 57 26 61.2 61.800000000000004 12 33.4 23.8 65 26 48.400000000000006 0.4 0.4 1.2000000000000002 2 0.8 0 0 1 1 1 0 14.8 0.4 0.6000000000000001 1 1.2000000000000002 0 0.6000000000000001 0.4 0.6000000000000001 0 0.4 1 0.8 1.6 0.4 0 0 0.6000000000000001 0.6000000000000001 1 0 0.2 0.4 0.6000000000000001 1 1.8 0.6000000000000001 0 0 1.4000000000000001 0 0.8 0.4 1.6 1.4000000000000001 0.2 0.4 0.6000000000000001 1 0.6000000000000001 0.4 0.2 0.6000000000000001 0 0.6000000000000001 0 0.4 1.2000000000000002 0 0 3.8000000000000003 4.2 2.2 4.4 1.8 7.2 9 0.2 3.2 1.6 4.800000000000001 0 0 0.6000000000000001 0 2.8000000000000003 7 1.2000000000000002 1.4000000000000001 3.2 0 0 0 0 0 0 0 0 0 0 0 1.4000000000000001 0 0 0 0 0 0 8.6 0 0 0 0 0 0 0 0 0 0 0 0 0 0 0 0 0 0 0 0 0 0 0 0 0 0 0 0 0 0 0 0 0 0 0 0 0 1 0 0 1.2000000000000002 0 1.8 0.2 0 0 0.6000000000000001 0 1.6 2.2 2.8000000000000003 9.8 2.4000000000000004 0 6.2 2.2 0.6000000000000001 3.4000000000000004 0 0 2 0 0 0 0 0 0 0 0 0 0 0 0 2.2 2.6 0 0 0 0 3.8000000000000003 0 0 0 0 0 0 0 0 0 0 0 0 0 0 0 0 0 0 0 0 0 0 0 0 0 0 0 0 0 0 3 0 0 0 0 0 0 0 0 0 0 0 0 0 0 0 0 0.4 0 0.2 0 1.6 0 0 0 0 0.4 0 0 0 0 0 2.4000000000000004 0 0 0 0.8 0 0 0 0 0 0 0 0 2 0 2.8000000000000003 0 0 0 0 0 0 0 0 0 0 0 0 
 35.800000000000004 65.60000000000001 0 45.6 28.6 16.6 11 22 53.2 36.6 50.400000000000006 26.8 83 57.2 14 48.6 32.4 10.4 26 57.2 0.8 0.6000000000000001 0.6000000000000001 0 0.4 0 0 1 0 0.4 0 0 0 15.8 0 0 0 0 0 0 0 0 0.4 0 0.4 0.6000000000000001 0 0 0.6000000000000001 0 0.6000000000000001 0 0 0 0 0 0.6000000000000001 0 0 0 0.4 0 0.6000000000000001 0 2 0 0 7 0 0 0 0 0 0 0 0.6000000000000001 1.6 0 0.4 0 4.4 2.8000000000000003 1.8 9.8 2.2 1.4000000000000001 0 17.2 3 0.4 2.4000000000000004 3.6 0 0.2 0 0 1.8 11.200000000000001 3 5.4 2.8000000000000003 0 0 1.6 0 0 2.6 0 0 0 0 0 1.8 0 0 0 0 0 0 1.8 0 0 0 0 0 0 0 0 0 0 0 0 0.2 0 0 0 0 0 0 0 0 0 0 0 0 0 0 0 0 0 0 0 0 0 0 3 0 4.4 0 0 0 0 0 3 0 0 3.8000000000000003 2.8000000000000003 0 1.2000000000000002 0 16.400000000000002 0.8 2.6 4 3.8000000000000003 4.800000000000001 5 0 0.4 2.2 0 0 0 0 0 0 0 0 0 0 0 2.8000000000000003 5.6000000000000005 1.4000000000000001 0 0 0 2.2 2.8000000000000003 0 0 0 0 0 0 0 0 0 0 0 0 0 0 0 0 0 0 0 0 0 0 0.4 0 0 0 0 0 0 0 0 0 0 0 0 0 0.4 0 0 0 0 0 0 0 0 0 0 0 0 0 0.4 0.6000000000000001 0 0 0 0 0 0 0 0 0 0 1.4000000000000001 0 0 0 0 0 0 0 0 0 0 0 0 2.2 1.8 2 0 0 0 0 0 0 0 0 0 0 0 0 
 33 15 45.6 0 15.200000000000001 24.8 16 59.400000000000006 16.6 22.6 15.200000000000001 62.800000000000004 58.400000000000006 54.6 23 34.4 29.400000000000002 26.6 35.800000000000004 41.6 15.8 0.4 0.6000000000000001 0 0 0 15.200000000000001 0.6000000000000001 0 0.4 0 0 0 15.4 16.6 0 0.4 0 15.600000000000001 29.6 0 0 0.4 0 0.4 0.4 0 0 0.6000000000000001 0 0.6000000000000001 0 0 0 0 0 1 0 0 0 0.6000000000000001 0 0.4 0 0.6000000000000001 0 0 0 0.6000000000000001 0 0 0 0 0 0 0.6000000000000001 1 0 0.6000000000000001 0 0 2 10 6.4 2.4000000000000004 5.800000000000001 2.2 3 0.8 2.2 9.8 0 0 4.800000000000001 1.8 6.6000000000000005 7 0 0 0 1.2000000000000002 0 0 0 0 0.2 0 0 0 0 0 0.2 0.4 0 11.600000000000001 0 0 0 2.2 0 1.8 0 0 0 0 0 0 0 0 0 0 0 0 0 0 0 0 0 0 0 0 0 0 0 0 0 0 0 0 0.2 0 0.4 0 0 0 0 0 0 0.4 0 2.8000000000000003 6.800000000000001 0.2 1.6 0 0.2 0 0 3.4000000000000004 0 15 3 2.2 0 2 1.8 1.8 2.2 0 3 5.4 0 0 0 0 0.4 0 0.6000000000000001 0 0 0 0 0 0.2 0.2 0 0.8 0 2 0 0 0 0 0 0 0 0 0 0 0 0 0 0 0 0 0 0 0 0 0 0 0 0 0 0 0 0 0 0 0.4 0 0 2 0 0 0 0 0 0 0 0 0 0 0 0 0.4 0.4 0 18.2 0 0 1 0 0 0 0 0 0 0 0 0 0 2.2 0 0 0 0 0 0 0 0 0 0 0 0 3.6 2 0 0 0 0 0 0 0 0 0 0 0 0 0 
 7 9.4 28.6 15.200000000000001 0 16.6 12 29 35.2 35.800000000000004 19.8 10 13 17.2 16.400000000000002 34.2 15 23 12.600000000000001 17.8 0.6000000000000001 0.4 0.8 0 0 0 18.400000000000002 15.8 0 0.4 0.2 0 30.200000000000003 42.400000000000006 0 0 0 0 29.8 0.2 0 0 13.200000000000001 0 13.200000000000001 0.4 1 0 0.6000000000000001 0 0.6000000000000001 0.6000000000000001 0 0 0 0 1 0 0 0 1.4000000000000001 0 10 0 0.4 0 0 0 0.2 0.6000000000000001 0.2 0 0 0 0 0.6000000000000001 0 0 0.4 0 2 4.800000000000001 0 0 0.4 2.8000000000000003 0 0.2 3.6 0 2 5 0 2.6 0 4.4 2.2 5 0 0 2.8000000000000003 2.6 2.8000000000000003 0 0 0 3.2 4.4 0 2.8000000000000003 0 0 4.800000000000001 0 2.8000000000000003 0 0.2 2.2 4.6000000000000005 3.8000000000000003 0 0 0 0.2 0 0 0 0 0 0 0 0 0 2.8000000000000003 0 0 0 0 0 0 0 0.2 0.4 0 0 0 0 0 0 0 0 0 0 0 0 0 0 0 0 0 0 0 2.2 0 4.800000000000001 1.4000000000000001 0 0 2.6 2.8000000000000003 0.2 0.2 0 0.4 0 5.800000000000001 0 1.4000000000000001 0.2 0.2 3.8000000000000003 4.2 0 0.2 0 0 3.4000000000000004 0 1.6 0 0 0 2.4000000000000004 3.4000000000000004 3.2 0.4 2.6 2.2 1.8 3.4000000000000004 0 0 0 0 0 0 0 0 0 0 3 5.6000000000000005 0 0.4 0 0 0 0 0 0 0 0 0 0 0 0 0 0 0 0 0 0.4 0 0 0 0 0 4.4 0 0 0 0 0 0 0 0.4 12 0.2 0 20 2.2 1 3.2 0 0 0 0 0 0 0 0 0 0 0 0 0 0 0 0 0 0 0 0 0 0 0 2.8000000000000003 0 0 0 0 0 0 0 0 0 0 0 0 2.6 
 3.6 6.6000000000000005 16.6 24.8 16.6 0 23.400000000000002 19.400000000000002 9.600000000000001 31.400000000000002 15 29.6 13.600000000000001 12.200000000000001 53.400000000000006 29.6 11.8 11.4 14.4 61 17 0.4 12.600000000000001 0 0.2 0 6.4 16 0.4 0.4 0 0.4 0 15.600000000000001 1.2000000000000002 20.6 0 1.2000000000000002 15 0 1.4000000000000001 0 0.4 0 0.6000000000000001 0.4 0 0 0.6000000000000001 0 1 0 0 0 1 0 0.6000000000000001 0 0 0.6000000000000001 0.4 0 0.8 0 0.4 0 0 1.2000000000000002 0.6000000000000001 0 0 0.2 0.8 0.4 0.4 0.6000000000000001 0.2 0 0.4 0 2 2.6 0 3.4000000000000004 1.6 6.6000000000000005 0 1.8 3 1.2000000000000002 2.2 3.8000000000000003 0 2.2 0 1.8 0 4.6000000000000005 0 0.6000000000000001 2.8000000000000003 4 2 0 4.800000000000001 0 2.4000000000000004 0 2.8000000000000003 4.2 0.6000000000000001 0 4 0 3 0.2 3.8000000000000003 0.4 0.4 0 0 0 0 0 0 0 0 0 0 0 0 0 0 0 0 0 0 0 0 0.2 0 0 0 0 0 0 0 0.2 0 0 0 0 0 0.2 0 4 0 0 0 0 0 0 0 2.8000000000000003 0 6.2 0 0 3.8000000000000003 0 0 1.8 0 2 0 0 0 2.2 0 0 0.6000000000000001 0.2 0 0 0 0 8 4 0 2.2 4.800000000000001 0 2.4000000000000004 0 0 0.2 4.800000000000001 0 2.2 1.2000000000000002 0 0 0 0 0 0 0 0 0 0 0 0 0 0 0 0 0 0 0 0 0 0 0 0 0 0 0 0 0 0 0 0 0.2 0 0 0 0 0 0 2.2 0 0 0 0 0 0.2 0 1 0.8 0 0.2 0 0 0 0.2 0 0 0 0 0 0 0 0 0 0 0 0 0 0 0 0 0 0 0 0 0 1.4000000000000001 0 0 0 0 0 0 0 0 0 1.2000000000000002 0 0 0 
 52.6 13.200000000000001 11 16 12 23.400000000000002 0 16.2 11 7 12.4 4.6000000000000005 25.400000000000002 9.200000000000001 20.8 10 5.2 13 48 6.800000000000001 0.6000000000000001 0.8 0.6000000000000001 0.2 0.2 0 0 0.6000000000000001 0 0.4 0 0 0 0.6000000000000001 0 0 0 0 0 0 0 0 0.4 0 0.4 0.4 0 0 0.6000000000000001 0 0.6000000000000001 0 0 0 0 0 0.8 0 0 0 0.4 0 0.6000000000000001 0 0.4 0 0 0 0 0 0 0 0 0 0 0.6000000000000001 0 0 0.4 0 6 1.4000000000000001 0 0 0 0 2.6 0 0 1.2000000000000002 0 0 4.4 2.8000000000000003 5.800000000000001 1.8 0 0 2.8000000000000003 0 0 0 0 0 3.6 0 0 0 0 0 0 0 0 0 0 0 0 0 0 0 0 0 0 0 0 0 0 0 0 0 0 0 0 0 0 0 0.4 0 0 0 0 0 0 0 2 5.2 0 0 0 1 0 0 0 0 0 0 0 0 0 0 6.800000000000001 0 1.4000000000000001 0 0.8 0 2.4000000000000004 0.2 0 0 0.6000000000000001 0 1.2000000000000002 1.8 0 1.2000000000000002 4 0.4 0 5 0 0 0 0 0 0 0 0 0 0 0 0 0 0 0 0 0 0 0 1.6 0 0.2 5.4 0 0 0 0 0 0 0 0 0 0 0 0 0 0 0 0 0 0 0 0 0 0 0 0 0 0 0 0 0 0 0 0 0 0 0 0 0 0 0 0 0 0 0 0 0.4 0 0 0 1.4000000000000001 0 0 0 0 0 0 0 0 0 0 0 0 0 0 0 0 0 0 0 0 0 0.4 0 0 0 0 0 0 0 0 0 0 0 0 0 0 0 0 
 76.2 64.4 22 59.400000000000006 29 19.400000000000002 16.2 0 35.2 71 51 36.4 20.8 19.400000000000002 93.80000000000001 101.60000000000001 49.400000000000006 27.400000000000002 76 12.8 0.6000000000000001 1 0.6000000000000001 0 0.2 0 0 0.6000000000000001 0 0.4 0 0.2 0.4 0.6000000000000001 15.8 0.4 0 0 0 0 0 0 0.4 0 0.6000000000000001 0.4 0 0 0.6000000000000001 0 0.6000000000000001 0 0 0 0 0 0.6000000000000001 0 0 0 0.4 0 0.6000000000000001 0 0.4 0 11.4 0 0.4 1.6 0 0 0 0 0 0.6000000000000001 0 0 0.4 0 5 1.6 5.2 0 2.2 2 3.8000000000000003 1.4000000000000001 10.8 4.2 9.8 2.2 0 3.6 1.6 6 2.6 7.800000000000001 2.8000000000000003 3 0 0 0 0.4 0 0 0 0 0 0 0 0 0 0 0 0.2 0 0 0 0.2 0 0 0 0 0 0 0 0 0 0.4 2.2 0 0 0.4 0 0 0 0 0 0 0 0 0 0 0 0.4 0 0 0 0 0 0 0 0 0.4 0 0 0.2 0 0 0 4.4 1.4000000000000001 4 0 0 0 2.2 3.8000000000000003 0 0.4 3 0 3.6 2.6 2.4000000000000004 0.2 1.2000000000000002 0 5 0 0 0 0 0 0 1.6 0 0 0 0 0 0 0 0 0 0 0 0 1.2000000000000002 0 0 0 0 0 0 0 0 0 0 0 0 0 0 0 0 0 0 0 0 0 0 0 0 0 0 0 2.8000000000000003 0 0 0 0 0 0 0 0 0 0 0 0 0 0 0 0 0 0 0.4 0.2 20.400000000000002 17.400000000000002 0 0.4 0 0 0 0 0 0 0 0 0 0 0 0 0 0 0 0 0 0 0 0 0 0 0 0 0 0 0 0 0 0 0 0 0 0 0 0 0 0 
 13 30.200000000000003 53.2 16.6 35.2 9.600000000000001 11 35.2 0 71.60000000000001 30.400000000000002 28.8 42.2 57.2 62.2 15.600000000000001 61.2 30.8 20.6 18 0.6000000000000001 0.4 0.6000000000000001 0 0.2 0.4 0 1 0 0.4 0 0 0 0.6000000000000001 0 0 0 0 0 14.8 0 0 0.4 0 0.4 0.4 0.2 0 0.6000000000000001 0 0.6000000000000001 0 0 0 0 2 1 0 0 0 0.4 0 0.6000000000000001 0 0.8 0 0 0 0.4 0 0 0 0 0 0.8 0.6000000000000001 0.6000000000000001 0 0.4 0 0.4 6.4 0 4.4 2.8000000000000003 0 0 2.8000000000000003 3.2 5.800000000000001 5.6000000000000005 10.200000000000001 0 0.6000000000000001 2 2 1 0 5.2 2.4000000000000004 0.2 0 0 0 0 0 0 0 0.4 0 0 0 1.4000000000000001 0 0 0 0 0 2.8000000000000003 0 0 0 0 0 0 0 0 0 0 0 0 0 0 0.2 0 0 0 0 0 0 0 0 0 0 0 0 0 0 0 0 0 0 0.4 0 0 0 0 3.4000000000000004 0 1 2 0 1.4000000000000001 4.2 0 3.4000000000000004 1.6 0.2 0.6000000000000001 6 3.2 4.2 1 1 1.2000000000000002 2.2 4.4 1.4000000000000001 0 2.8000000000000003 0 0 0 0 0 0 2.4000000000000004 0 0 0 0 0 0 0.2 0.2 0 0 0 1.8 3.8000000000000003 0 0 0 0 0 0 0 0 0 0 0 0 0 0 0.4 0 0 0 0 0 0 0 0 0 0 0 0 0 0 0 0 0 0 0 0 0 0 0 0 0 0 2.2 0 0 0 1 0 0 0 9.200000000000001 0.2 2.4000000000000004 0 0 0 0 0 0 0 0 0 0 0 0 0 0 0 0 0 0.2 0 0 0 1.8 0 2.6 0 0 0 0 0 0 0 0 0 0 0 0 0 0 
 6.2 25.200000000000003 36.6 22.6 35.800000000000004 31.400000000000002 7 71 71.60000000000001 0 75.2 10.4 11.8 29 17.2 39.400000000000006 12.8 39.2 39.800000000000004 41.2 0.6000000000000001 0.6000000000000001 0.6000000000000001 0 0.2 0 0 0.6000000000000001 0 0.4 0 0 15.4 2 0 0 0 0 1.2000000000000002 7.2 0 0 0.4 0 0.6000000000000001 0.4 12.4 0 0.6000000000000001 0 0.6000000000000001 0.2 0 0 0 1.2000000000000002 1 0 0 0 0.4 0 0.6000000000000001 0 0.4 0 0 0 0.2 0.2 0 0 0 0 0 0.6000000000000001 0 0 0.4 0 0 0 0.2 0.2 2 2.6 0 2.6 2 5.2 9.200000000000001 9 0 5.2 0 2.2 0 2.2 0 1.2000000000000002 0 0 0 0 0 0 0.2 0 0 0 0 0 4 0.2 0.2 0 0 0 5.4 1.2000000000000002 0 0 0 0 0 0 0 0 0 0 0 0 0.4 2.8000000000000003 0 0 0 0 0 0 0 0 0 0 0 0 0 0 0 0 0 0 0 0 0 0 0 0 0 0 0 2.6 1.6 2.4000000000000004 5.2 2 0 0 2 8 6.2 2 0 3.8000000000000003 4.800000000000001 2.8000000000000003 5.4 3.4000000000000004 0 0 0 0 0 0 0 0 0 0 0 0 0 0 2.2 0 0 0 0 0 2.2 5 0 0 0.2 0 0 0 0 0 0 0 0 0 0 0 0 0 0 0 0 0 0 0 0.2 0 0 0 0 0 0 0 0 0 0 0 0 0 0 0 0 0 0 2 0 0 0 0.4 0.8 0.2 0 18.400000000000002 0 1.2000000000000002 2.2 0 0 0 0 0 0 0 0 0 0 0 0 0 0 0 0 0 0 0 0 0 0 1.8 0 3.4000000000000004 0 0 0 0 0 0 0 0 0 0 0 0 
 16.2 57 50.400000000000006 15.200000000000001 19.8 15 12.4 51 30.400000000000002 75.2 0 14.600000000000001 23.6 43.2 13.600000000000001 120 50 43.6 50.800000000000004 36.800000000000004 1 0.4 0.6000000000000001 0.8 0 0 0 0.6000000000000001 0 0.4 0.6000000000000001 0 0.4 1.2000000000000002 0 0 0.4 0.8 15.4 15.4 0 0 0.8 0.4 1 0.4 0 0 0.6000000000000001 0 0.6000000000000001 0.4 0.4 0 0.4 0 1 0 0 0.4 0.6000000000000001 0 0.8 0 0.4 0 0 0.6000000000000001 0.4 0.4 0 0 0 0.6000000000000001 0 0.6000000000000001 0 0 0.4 0 1.8 0.8 6.6000000000000005 1.8 10.600000000000001 0 2.4000000000000004 3.4000000000000004 0 2.6 2 6.4 0 8.8 2 0.2 5.800000000000001 8 0 2.4000000000000004 2.2 0 0 0 0 0.2 0 0 0 2 0 0 1.4000000000000001 0 0 2.2 0 2.4000000000000004 5.800000000000001 0 0 0 0 0 0 0 0 0 0 0 0 0 0 0 0 0 0 0 0 0 0 0 0 2.2 0 0.8 0 0 0 0 0 0.4 0 0 0 0 0 0 0.4 0 2.4000000000000004 0 7 9.600000000000001 0 2.8000000000000003 0 0 2.2 6.6000000000000005 4.6000000000000005 3.4000000000000004 2.8000000000000003 3 0 0.2 0 1.4000000000000001 0 0 11.8 1.8 0 0 0 0 0 0 3.2 0 0 0 5.2 0 3.8000000000000003 0 0 0 0 3.8000000000000003 0 0 0 0 0 0 0 0 0.4 0 0 0 0 0 0 0 0 0 0 2.4000000000000004 0 0 0 0 0.4 0 0 0 0 0 0 0 0 0 0 0 0 0 0 0 0 0 0 0 0 0.2 1.8 0 0.2 17 0 2.4000000000000004 0.4 0 0.2 0 0 0 0 0 0 0 5.2 0 0 0 0 0 0 0 0 0 0 0 0 0 0 0 0 0 0 0 0 0 0 0 0 0 0 0 
 9.200000000000001 26 26.8 62.800000000000004 10 29.6 4.6000000000000005 36.4 28.8 10.4 14.600000000000001 0 8.8 7 23.8 103.4 51.800000000000004 15.200000000000001 4.6000000000000005 24 6.4 0.4 0.6000000000000001 0 0.2 0.2 4.800000000000001 0.6000000000000001 0 0.4 0 0 0 0.6000000000000001 12.600000000000001 0 15.600000000000001 0 18.400000000000002 13 0 0 0.4 0 0.4 0.4 0.4 0 0.6000000000000001 0 0.6000000000000001 0 0 0 0.6000000000000001 1.2000000000000002 1.2000000000000002 0 5.6000000000000005 1.2000000000000002 0.4 0 1 0 0.4 0.6000000000000001 0 0 0.4 0 0 0 0 0 0 0.6000000000000001 0.4 0 0.4 0 0 2.2 3.4000000000000004 0 7.4 5 2.8000000000000003 2.8000000000000003 4 1.4000000000000001 5.800000000000001 0 0 2.8000000000000003 0 3.4000000000000004 0.6000000000000001 14.8 0 1.2000000000000002 2.6 0 0 0 0 0 0 0 0 0 0 0 4.4 0 4.800000000000001 0 0.8 0 0 6 0 0 0 0 0 0 0 0 0 0 0 0 0 0 0 0 0 0 0 0 0 0 0 0 0 0 0 0 0 0 0 0 0 0 0 0 0 0 0 0 0 3.8000000000000003 0 4 0 0 0 0 1.8 3.4000000000000004 1.6 2.6 0 3.4000000000000004 2.6 0 2.8000000000000003 5.800000000000001 0 0 4.2 0 0.2 0 0 0 3.4000000000000004 2 0 0 0 0 0 6.2 5.4 0 3.8000000000000003 2.6 1.8 1.2000000000000002 0 0 0 0 0 0 0 0.2 0 0 0 0 0 0 0 0 0 0 0 0 0 0 0 0 0 0 0 0 0 0 0 0 0 0 0 0 0 0 0 0 0 0 0 0 0 1.2000000000000002 1 0.2 0.4 0.8 2 2.2 0 0 0 0 0 0 0 0 0 0 0 0 0 0 0.2 0 0 0 0 0 0 0 0 1.8 3.2 3.4000000000000004 0 0 0 0 0 0 0 0 0 0 0 0 
 75 61.2 83 58.400000000000006 13 13.600000000000001 25.400000000000002 20.8 42.2 11.8 23.6 8.8 0 40.6 53.6 9.600000000000001 25 46.6 54.2 37 0.6000000000000001 0.4 0.6000000000000001 0 0.2 0 0.4 0.6000000000000001 0 0.4 0 0 0 0.6000000000000001 0 0 0 0 0.2 0 0 0.2 0.4 0 0.4 0.4 0 0 0.6000000000000001 0 0.6000000000000001 0 0 0 0 0.8 1 0 0 0 0.4 0 0.6000000000000001 0 1.8 0 0 0 0.4 0 0 0 0.4 0 0 0.6000000000000001 0.2 0.4 0.4 0 3.8000000000000003 3.4000000000000004 2 2.2 0 0 0 3.2 0.2 3 4.2 21.400000000000002 4.6000000000000005 2.6 2.6 1.8 0 0.4 10.200000000000001 10.200000000000001 0 0 0 0 0 0 0 0 0 0 0.4 0 0 0 0 0 0 0 3.6 2.2 0 0 0 9.4 0 0 0 0 0 0 0 0 0 0 0 0 0 0 0 0 0 0 0 0.4 0 0 0 0 0 0 0 0 0 0 0 0 0 3.2 0 0.6000000000000001 4.6000000000000005 3.4000000000000004 0 0.8 0 1.2000000000000002 3.8000000000000003 3.4000000000000004 0 0 1.4000000000000001 0 0 0 8.6 8.200000000000001 4.800000000000001 0 0.2 2.6 0 0 0 0 1.4000000000000001 0 0 6 0.4 0 0 0 0 0 0 0 0 0 0 0 0 0 0 0 0 0 0 0 0 0 0 0 0.4 0 0 0 0.2 0 0 0 0 0 0 0 0 0 0 0 0.2 0 0.4 0 1.8 0 0 0 0 0 0 1 0 0 0 0 0 0.2 0.2 0.2 19.8 0.2 0.2 3.2 0 0.4 0 0 0 0 0 0 0 0 0 0 0 0 0 0 0 0 0 0 0 0 0 2 0 4.2 0 0 0 0 0 0 0 0 0 0 0 0 
 31.200000000000003 61.800000000000004 57.2 54.6 17.2 12.200000000000001 9.200000000000001 19.400000000000002 57.2 29 43.2 7 40.6 0 46.2 25.8 45.2 51.2 58.800000000000004 92.4 0.6000000000000001 0.4 7.800000000000001 0.6000000000000001 0.8 0 0 1 0.2 0.4 0 0.4 0 0.6000000000000001 0.2 0 0.2 0.6000000000000001 0.4 0.6000000000000001 0 0.4 0.8 0 0.4 0.4 0 0.6000000000000001 0.6000000000000001 0.4 0.6000000000000001 0 0 0 0 0 1.6 0.6000000000000001 0 0 1 0 1 0.6000000000000001 1 0 1.6 0 0 0 0.4 0 0.4 0 0 0.6000000000000001 0 0 0.4 0 7 2.8000000000000003 3.6 2.6 3 0 6.2 8.4 2 3.6 0 6 0 2 2.2 0 6 0 1.8 0.2 0 0 0 0 0 0 0 0 0 0 0 0 0 0.4 0 0 0 0 3.2 0 0 0 0 0 0 0 0 0 0 0 0 0 0.2 0 0 0 0 0 0 0 0 0 0 0 0 0 0 0 0 0 0 0 0 0 3 0 0 2.4000000000000004 0 0.8 1.8 2.8000000000000003 1.2000000000000002 3.8000000000000003 0 2.2 5 1.4000000000000001 0 1.4000000000000001 1.2000000000000002 10.4 1.2000000000000002 2.2 4.2 7.4 2 2 0 0.2 1.8 0 0 0 0 0 0 0 0 0 0 0 0 0 0 0 0 0 0 2.8000000000000003 0 0 3.8000000000000003 0 3.8000000000000003 0.4 0 0 0 0 0 0 0 0 0 0 0 0 0 0 0 0 0 0 0 0 0 0 0 0 0 0 0 0 0 0 0 0 0 0 0 0 0 0 0 0.2 0 0.2 0 0 0 2.6 0 0 0 0 0 0 0 0 1.8 0 1 0 0 0 0 0 0 0 0 0 0 0 0 0 0 0 0 0 0 0 0 0 0 0 0 0 0 0 
 25.8 12 14 23 16.400000000000002 53.400000000000006 20.8 93.80000000000001 62.2 17.2 13.600000000000001 23.8 53.6 46.2 0 37.4 42.400000000000006 30.200000000000003 13.8 27.6 0.4 0.4 0.6000000000000001 0 0.4 0 0 0.6000000000000001 0.4 0.4 0 0.4 0 0.6000000000000001 3 0 0 0 0.2 0 0 0 0.4 0 0.4 0.4 0 0 0.6000000000000001 0 0.6000000000000001 0 0 0 0 0 0.8 0 0 0 0.6000000000000001 0 0.4 0 0.4 0 0.8 0 0.6000000000000001 0 0 0 0 0 0 0.6000000000000001 1.6 0 0.6000000000000001 0 11.8 1.6 3 3.4000000000000004 0 0 9.600000000000001 0 6.800000000000001 2 4 2 0 1.8 5.6000000000000005 2 2 5.2 0 3.8000000000000003 0 0 0 0 0 0 0.4 0 0 0 0 0 0 0 0 0 0 0 0 0 0 0 0 0 0 0 0 0 0 0 0 0 0.4 0 0 0 0 0 0 0 0 0 0 0 0 0 0 0 0 0 0 0 0 0 0 0 0 0 0 0.4 2 8 7.800000000000001 7.4 0 0 5.4 3.6 0 0 0 0 4.4 10.600000000000001 2.6 0 0 0 0 2.6 0 0 0 0 0 0 1.6 0 0 0 0 0 0 0 0 0 0 0 0 1.2000000000000002 0 0 0.2 0 0 0 0 0 0 0 0 0 0 0 0 0 0 0 0 0 0 0 0 0 0 0 0 0 0 0 0 0 0 0 0 0 0 0 0 0 0 0 0 0 0 0.4 0 0.4 0.2 17.8 0.2 2.2 0 0 0 0 0 0 0 0 0 0 0 0 0 0 0 0 0 0 0 0 0 0 0 3 0 0 0 0 0 0 0 0 0 0 0 0 0 0 
 5 33.4 48.6 34.4 34.2 29.6 10 101.60000000000001 15.600000000000001 39.400000000000006 120 103.4 9.600000000000001 25.8 37.4 0 29.6 26 6.6000000000000005 36.2 0.4 15.600000000000001 0.6000000000000001 0 0.2 0.2 0 1 0 0.4 0 0 0.4 0.8 0 0 0 0 0 0 0 0 0.4 0.2 0.6000000000000001 0.4 0 0 0.6000000000000001 0 0.4 0 0 0 0 0 0.6000000000000001 0 0 0 0.6000000000000001 0 0.4 0 0.4 9 0 3.2 0.6000000000000001 0 0 0 0 0 0 0.4 0 0 0.6000000000000001 0 0.4 4.6000000000000005 4.2 0 6 1.8 0.2 5.2 10.200000000000001 3.2 8.200000000000001 2.2 0 1.8 0 2.6 3.8000000000000003 6.6000000000000005 0 0 0 0 0 0 0 0 3.2 0 0.2 0 0 0 0 0 0 0 0 0 0 0 0 0 0 0 0 0 0 0 0 0 0 0 0 0 0 0 0 0 0 0 0 0 0 0.2 0 0 0 0 0 2.6 0 0 0 0 0 0 0 0 0 0 0 3 0 3.6 0 0.2 0 0 9.4 0 4.6000000000000005 5 6 2.6 0 0 0.2 3.2 0 0 2.2 0 0 0 0 0 1.4000000000000001 0 0.2 1.2000000000000002 0 0 3.4000000000000004 0 0 0 0 0 0 0 0 0 0 0 0 0 0 0 0 0 0 0 0.4 0 0 0 0.2 0 0 0 0 0.4 0 0 0 0 0 0 0 0 0.4 2 0 0 0 0 0 0 0 0 0 0 0 0 0 0.2 0 0 0 0.2 0.2 3.6 0 0.4 0 0 0 0 0 0 0 0 2.2 0 0 0 0 0 0 0 0 0 0 0 0 0 0 0.6000000000000001 0 0 0 0 0 0 0 0 0 0 0 0 
 54.800000000000004 23.8 32.4 29.400000000000002 15 11.8 5.2 49.400000000000006 61.2 12.8 50 51.800000000000004 25 45.2 42.400000000000006 29.6 0 32 9 7.4 0.6000000000000001 0.4 0.6000000000000001 15 0.4 0 0 0.6000000000000001 0.2 0.4 0 0 0 15.4 0 0 14.8 0.2 0 0 0 0 0.4 0 0.4 0.4 0 0 0.6000000000000001 0 0.6000000000000001 0 0 0 0 0 0.6000000000000001 0 0 0 0.4 0 0.6000000000000001 0.2 1 0 0 0 0.4 0 0 0 0 0 0 0.6000000000000001 5.800000000000001 0 0.4 0 2.8000000000000003 5.4 10 7.800000000000001 5 1.8 5.4 0 2.2 12.8 0.2 2.6 0 0 2.4000000000000004 3.2 1.6 12.8 3.6 5.4 3.4000000000000004 0 0 0 0 0 2.2 0 0 0 0 0 1.6 0 0 0 0 0 0 0.2 0 0 0 0 0 0 0 0 0 0 0 0 0 0 0 0 0 0 0 0 0 0 0.4 0 0 0 0 0 0 0 0 0 0 0 0 0 0 0.8 0 0.6000000000000001 2.8000000000000003 3.6 5.4 4.2 0.2 0 2.4000000000000004 5.6000000000000005 0.4 2.2 0 2.6 2 0.4 1 1 4.4 1.2000000000000002 0.4 2.6 0 0 0 0.2 0 0 0.4 0 0 0 0 0 2 2.2 3.6 0 0 0 2 3.8000000000000003 0 0 0 0 0 0 4.4 0 0 0 0 0 0 0 0 0 0 0 0 0 0 0 0 0 0 0 0 0 0 0 0 0.2 0 0 0 0 0 0 0 0 0 0 0 0 0 0 0 0 0.6000000000000001 0 0 1 0 0 0 0 0 0 0 0 0 0 0 0 0 0 0 0 0 0 0 0 0 0 0 1.6 1.4000000000000001 0 0 0 0 0 0 0 0 0 0 0 0 0 
 51 65 10.4 26.6 23 11.4 13 27.400000000000002 30.8 39.2 43.6 15.200000000000001 46.6 51.2 30.200000000000003 26 32 0 33 24.8 0.6000000000000001 0.4 0.6000000000000001 0 0.4 0.4 0 1 0 0.4 14.8 0 0 1.4000000000000001 0 0 0.6000000000000001 1.2000000000000002 0 0 0 0 0.4 0 0.4 0.4 0 0.2 0.6000000000000001 0 0.6000000000000001 0 0 0 0 0 0.6000000000000001 0 0 0 1.2000000000000002 0 0.6000000000000001 0 0.4 0 0 0 0 0.2 0 0 0 0 0 0.6000000000000001 0 0 0.4 0.6000000000000001 2.8000000000000003 3.2 4 1.4000000000000001 0 2 2.2 0 0 10.8 10.200000000000001 7.2 0 0.2 8.4 4.2 2.2 16 1.8 1.8 0 0 0 0 0 0 0 0 0.4 0 0 0 4 0 0.4 0 0 0 0.2 0 0 0 0 0 0 0 0 0 0 0 0 0 0 0 3 0 0 0 0 0 0 0 0 0 0 0 0 0 0 0 0 0 0 0 0 0 0 5.2 0 0.6000000000000001 10.600000000000001 0.6000000000000001 10 2.6 3.4000000000000004 0.4 1.8 6 4.6000000000000005 0 3 0 2.8000000000000003 0.4 0.2 3.2 0 1.4000000000000001 0 7.2 0 0 0 0 0 0 0 0 0 0 0 0 0 0 0 0 0 0 0 0 0 0 0 0 0 0 0 0 0 0 0 0 0.2 0 0 0 0.4 0 0 0 0 0 0 0 0 0 0 0 0.4 0 0.6000000000000001 0 0 0 0 0 0 0 0 0 0 0 0 0 0 0 0.2 0 1.6 17 0 5 1.4000000000000001 0 0 0 0 0 0 0 0 0 0 0 0 0 0 0 0 0 0 0 0 0 0 0 0 0 0 0 0 0 0 0 0 0 0 0 0 0 
 41 26 26 35.800000000000004 12.600000000000001 14.4 48 76 20.6 39.800000000000004 50.800000000000004 4.6000000000000005 54.2 58.800000000000004 13.8 6.6000000000000005 9 33 0 48 0.6000000000000001 0.4 0.6000000000000001 0 0.4 0 0 0.6000000000000001 0 0.4 0 0 0 0.6000000000000001 0 0 0 0 0 0 0 0 12.8 0 0.4 0.4 0 0 0.8 0 0.6000000000000001 0 0 0.4 0 0 0.8 0 0 0 0.4 0 0.6000000000000001 0 0.4 0 0 0 0.2 0 0 0 0 0 0 0.6000000000000001 0 0 0.4 0 6 1 16 0 0 0 0.2 3.8000000000000003 0 7.800000000000001 3.4000000000000004 0 3 2.6 9.200000000000001 4 5.6000000000000005 0 2.2 0 0.2 0 0 0 0 0 0 0 0 0 0 2 0 0 0 0 0 0 0 0 0 0 0 0 0 0 0 0 0 0 0 0 0 0 0 0 0 1.6 0 0.2 0 0 0 0 1.2000000000000002 0 0 0.4 0 0 0 0 0 0 0 0 0 0 0 0 5.800000000000001 0 2.8000000000000003 0 0 0 6.2 4.6000000000000005 2.2 0 1 0 0 0.6000000000000001 0 6.4 0.8 0 0.2 6.4 0 0.4 0 0 0 0 0 0 0 0.2 0 0 0 0 0 0 0 0 0 0 0 0 0 3.8000000000000003 0 0 0 0 0 0 0 0 0 0 0 0 0 0 0 0 0 0 0 0 0 0 0 0 0 0 0 0 0 0.4 0 0 0 0 0 0 0 0 0 0 0 0 0.2 0 1 0 0 1.6 0 0 0 0 0 0 0 0 0 0 0 0 0 0 0.4 0 0 0 0 0 0 0 0 0 0 0 0 0 0 0 0 0 0 0.2 0 0 0 0 
 126.2 48.400000000000006 57.2 41.6 17.8 61 6.800000000000001 12.8 18 41.2 36.800000000000004 24 37 92.4 27.6 36.2 7.4 24.8 48 0 0.6000000000000001 1 0.6000000000000001 0.6000000000000001 0.8 0.8 0 6.2 0 0.6000000000000001 0.6000000000000001 0.6000000000000001 0.6000000000000001 0.6000000000000001 0 0 0.4 0 0 0.4 0.4 0.6000000000000001 0.8 0 0.4 0.4 0 0 1 0 0.6000000000000001 0.6000000000000001 0 0 1 0 0.6000000000000001 0 0 0.8 0.4 0 0.6000000000000001 0 1 0 0 0 0.2 0 0 0 7.2 0 0.6000000000000001 0.6000000000000001 0.4 0 0.4 0 2.8000000000000003 6 3.6 2.8000000000000003 1.2000000000000002 0 0 6.2 3.8000000000000003 0.2 3.2 0 0.2 17.6 12.4 9 9.200000000000001 3.4000000000000004 0.2 7.6000000000000005 0 0 0 0 0 0 0 0 0 0 0 0 0 0 0 0 0 0 3.2 1.8 0 0 0 0.2 0 0 0 0 0 0 0 0 0 0 0 0 0 0 0 0 0 0.2 0.4 0 0 0 0 0 0 0 0 0 0 0 0 0 0 0 0 0 5.6000000000000005 5.4 0 4.4 0 3.4000000000000004 2.8000000000000003 3.6 0.4 0 1.6 4 0.6000000000000001 4.2 6.800000000000001 4.800000000000001 1.4000000000000001 3.4000000000000004 0.4 0 1.4000000000000001 0 0 0.2 0 0 0 0 0 0 0 0 0 0 0 0.4 0 0 0 0 0 0 0 0 0 0 0 0 0 0 0 0 0 0.4 0 0 0 0 0 0 0 0 0 0 0 0 2.8000000000000003 0 0 0 0 0.4 0 3.6 0 0 0 0 0 0 0 0 0 0 0 0 0 0 24.6 0 0 0.2 0 0 0 0 0 0 0 0 0 0 0.8 0 0 0 0 0 0 0 0 0 0 0 0 3.4000000000000004 0 1.6 0 0 0 0 0 0 0 0 0 0 0 0 
 0.4 0.4 0.8 15.8 0.6000000000000001 17 0.6000000000000001 0.6000000000000001 0.6000000000000001 0.6000000000000001 1 6.4 0.6000000000000001 0.6000000000000001 0.4 0.4 0.6000000000000001 0.6000000000000001 0.6000000000000001 0.6000000000000001 0 35.800000000000004 11.600000000000001 42 41.2 52.6 26.200000000000003 9.8 13.4 24.8 22.400000000000002 26.400000000000002 29.200000000000003 11.200000000000001 59 27.400000000000002 29.6 35.800000000000004 7.800000000000001 18 2 0 0 0 12.8 0 0 0 0 0.4 0 0 0 0 0 0 0.2 0.6000000000000001 0.6000000000000001 0 0 0.6000000000000001 0 0 0.6000000000000001 0 0.6000000000000001 0 0 0 0 0.6000000000000001 0 0.4 9.8 0 0 0.4 0 0 0 0 0 0 0.4 4.6000000000000005 0 0 0 0 0 2.6 0 0 0 0 0 0 0 0 4.800000000000001 2.6 3.2 2.4000000000000004 4.2 0 0 3.2 3.2 3.8000000000000003 0 2.4000000000000004 3 9.200000000000001 5 2 8.6 0.4 2.8000000000000003 3 0 0 0 0 0 0 0 0.4 0 0 0 0 0 0 0 0 0 0 4.2 1.8 0 0 0 1 0 0 0 0 0 0 0 0 0 0 0 0 0 0 0 1.6 0.4 0 0 0 2.6 0 0 0 0 0 0 0 0 0 0 0 0 0 0 0 4.800000000000001 2.6 6.2 0 3 0 5.6000000000000005 3.6 0 2 0 0 0.2 9 7.800000000000001 6 6.4 8.4 1.8 2 0 0 0 0 0 0 0 3.4000000000000004 0 0.4 0.2 0 0.6000000000000001 0 0 0 0 0 4.6000000000000005 0 0.2 0 0 0 0 0 0 0 0 0 0 0 0 0 0 0 0 0 0 0 0 0 0 0 0 0 0.2 0 0 0 0 0 0 0 0.4 0.4 0 32.4 0 0 0 3.4000000000000004 0 0 0 0 0 0 0 0 0 0 0 0 0 0 0 0 0 2.2 0 0 0 0.2 0 0 0 0 0 0 
 0.4 0.4 0.6000000000000001 0.4 0.4 0.4 0.8 1 0.4 0.6000000000000001 0.4 0.4 0.4 0.4 0.4 15.600000000000001 0.4 0.4 0.4 1 35.800000000000004 0 18.6 57 78.4 62.400000000000006 33.4 66.4 40.2 17.400000000000002 23.6 37 69 53.400000000000006 16.8 6.2 155.4 34 55 68.2 0.2 0 0 0.2 0 1 0 0 0 0.4 0 0 12.8 0.6000000000000001 0 0 0 1.6 13 0 0 0.2 0 0 0.6000000000000001 0.2 0.4 0 0 0 0 0.8 0 0.6000000000000001 0 0 0 0.4 0 0 0 0 0 0 0 0 0 0 0 0 0 0 0 0.4 0 0 0 0 0 0 2.2 2.2 2.6 2 0 0 0 6 5 5.800000000000001 0.2 2.2 5.6000000000000005 9.8 3 3.2 2 2.2 0 3.4000000000000004 0 0 0 0 0 0 1.4000000000000001 0 0 0 0 0 4 0 0 0.2 0 0.2 1.8 0.4 1.2000000000000002 0 0 0 0 0 0 0 1.6 0 0.2 0 0 0 0.8 0 0 0.2 0 0.4 0.4 0 0 0 0 3.6 0 0 0 0 0 0 0 0 0 0 2.8000000000000003 0 0 0 3.2 1.6 10.600000000000001 3.8000000000000003 0 0.4 0 0 2 5.4 0.4 0 7.800000000000001 3.2 1.8 5.2 3.4000000000000004 0 0 0 4.6000000000000005 4 0.6000000000000001 0 0 0 0 5.4 0.2 0 0 0 0.8 0 0 0 0.8 0 3.4000000000000004 1 0 0 0 0 0 0 0.4 0 0 0 0 2.8000000000000003 0 0 0 0 0 0 0.4 0 0 0 0 0 0 0 0 0 0 0 0 0.4 0 0 2 0 0 17.2 0.6000000000000001 0 0.6000000000000001 0.4 0 0 0 0 0 0 0 0 0 0 0 0 0 0 0 0 0 2.2 0 7.6000000000000005 0 0 0 0 0 0.2 0 0 
 2.2 1.2000000000000002 0.6000000000000001 0.6000000000000001 0.8 12.600000000000001 0.6000000000000001 0.6000000000000001 0.6000000000000001 0.6000000000000001 0.6000000000000001 0.6000000000000001 0.6000000000000001 7.800000000000001 0.6000000000000001 0.6000000000000001 0.6000000000000001 0.6000000000000001 0.6000000000000001 0.6000000000000001 11.600000000000001 18.6 0 33 43.6 25 16 64.4 49.2 92.80000000000001 19 10 13.8 14.8 39 68.4 21.8 42.800000000000004 64.60000000000001 7.800000000000001 0 0.6000000000000001 0.2 0.4 0 0 0 0 0 0.4 0 0 1.2000000000000002 0 0 0 0.8 1 0.6000000000000001 0 0.4 0.2 0.6000000000000001 0 0.6000000000000001 0 0.4 0 0 0.4 0.6000000000000001 0 0.6000000000000001 0.6000000000000001 0 0 0 0.4 0.2 0 0 0 0 0 0 0 0 0 0 0 0 0 0 0 0 0 0 0 0 0 0 4.800000000000001 3.6 9 9 6.800000000000001 0.4 5.2 0.4 0 6 7.2 0 0 5.2 1.6 14.4 0.4 0 0 1.8 0 0 0 0 0 0 3.8000000000000003 0 0 0 0 2.6 2.6 3.4000000000000004 0 0 1 5.800000000000001 1.4000000000000001 0 0 1 0 0 0 0 0 0 0.2 0 0 1.6 0 0 0 0 0 0 0 0 0 0 0.4 0 1.8 0 0 0 0 0 0 0 0.4 0 4 0 0 0.4 0.2 3.6 0.2 2.6 4.2 8.6 3.6 5 3.4000000000000004 4.2 7.800000000000001 6.4 3.4000000000000004 0.4 0 0.4 7.800000000000001 2 4.800000000000001 0 0 2.6 0 1.8 0 0 0 0 2.8000000000000003 0 0 0 0 0 3.4000000000000004 0 0 0.4 0.2 0 17.400000000000002 0 0 0.2 0 0 0.2 0 0 0 0 0 0 0 0 0 0 0 0 0 0 0 0 0 0 0 0 0 0 0 0 0 0 0 0 2.2 0.2 0.2 0.2 15.200000000000001 0.4 0.6000000000000001 3 0 0 0 0 0 0 0 0 0 0 0 0 0 0 0 0 0 0 0 0 0 0 0 0 2.6 0 0 0 
 0 2 0 0 0 0 0.2 0 0 0 0.8 0 0 0.6000000000000001 0 0 15 0 0 0.6000000000000001 42 57 33 0 27.6 9 13.4 52 34.2 80.80000000000001 32 42 37.6 28 15.4 7.4 26.6 20.8 33.800000000000004 40.2 0.4 0 0 0 0.4 0.2 1 1 0 0.4 0 0.2 0.2 12 1.2000000000000002 0.6000000000000001 0 0.6000000000000001 0.6000000000000001 0.4 0 0.4 0.4 0.2 1.4000000000000001 0 1.6 0.8 0 0.8 0 0.6000000000000001 0 1.4000000000000001 0 0 0 0.4 0 0 0 0 0 0 0 0 0 0 0 0 0 0 0 0.2 0 0 0 0 0 0 1.6 2 0 8.200000000000001 0.8 2.6 0 5 2.4000000000000004 2.8000000000000003 2.4000000000000004 4 0.2 6.6000000000000005 0 4.800000000000001 0 2 0 0.2 3 0.2 0 0 0 0 0 2.4000000000000004 0 0 0 0 0 0 1.2000000000000002 0 0 7.6000000000000005 1.8 2.4000000000000004 0 0 0 0 0 0 0 0 0.2 0 0 0.2 0 0 1.2000000000000002 0 0 0.4 0 0 0.6000000000000001 0 0 0 0 0 0 0 0 0 0 0 0 0 0 0 0 0 0 0 1.8 2.4000000000000004 7.2 2.2 2.4000000000000004 5.4 0 2.2 5.6000000000000005 2.2 0.4 0 6 2.6 0 1.6 2.4000000000000004 2 0 0 1.2000000000000002 3.8000000000000003 2.6 0 1.6 0 8.8 1.4000000000000001 2.4000000000000004 2.2 0 0 5.2 2 2.6 1.4000000000000001 5.2 0 0.2 1.2000000000000002 0 3 0 0 0 0 0 0 0 0 0 0 0 0 0 0 0 0 0 0 0 0 0 0 0 0 0 0 0 0 0 0 0 0 2.6 0.4 0.4 15.4 23.200000000000003 0.8 0 0 0 0 0.4 0 0 0 0 0 0 0 0 0 0 0 0 0 0 1.6 0 0 0 0 0 0 0 0 0 0 
 0.2 0.8 0.4 0 0 0.2 0.2 0.2 0.2 0.2 0 0.2 0.2 0.8 0.4 0.2 0.4 0.4 0.4 0.8 41.2 78.4 43.6 27.6 0 33.2 12.200000000000001 77.2 20 48.6 20.200000000000003 42.400000000000006 62 30.6 17 58.400000000000006 26.6 16.8 142.20000000000002 46.800000000000004 0.4 0 0.2 0.8 0 0 0 0 0 0.4 0 0 0.8 0 0 0 0.4 1.2000000000000002 0.6000000000000001 0 0 0.4 0 0 0.6000000000000001 0 0.4 0 0 0 0 0.6000000000000001 0 0.6000000000000001 0 0 0 0.4 0 0 0 0 0 0.2 0 0 0 0 0 0 0 0 0 0 0 0 0 0 0 0 4.4 1.8 1 9.8 0.4 4.2 0 6 0 7.6000000000000005 5.4 0 0 5.800000000000001 0 3.8000000000000003 0 0 0 0 0 0.4 0 0 0 0 0 4 0 0 0 0 5.4 0 1.6 0 0 0 2.8000000000000003 7.4 0 0.4 0 0 0 0 0 0 0 0 0 0 0 0 0 0 0 0 0 0 0 0 0 0 0 0 0 0 0 0 0 0 0 0 0 0 0 0 0 0 2.4000000000000004 8 4.2 0.2 4 2.8000000000000003 0 3.2 4 0 0 0.6000000000000001 5 2.8000000000000003 0 2.6 4 4.800000000000001 0 0 0 0.2 0 0 0 0 0.4 2.6 0 0.2 0.2 0 0 0 0 0 0 0 4 1.8 0 0 0 0 0 0 0 0 1.8 0 0 0 0 0 0 0 0 0 0 0 0 0 1.8 0 0 0 0 0 0 0 0 0 0 0 2.2 0 0.4 18.6 0.4 0 3.6 0 0 0 0 0 0 0 0 0 0 0 0 0 0 0 0 0 0 1 0 0.2 0 0.2 0 0 0 0 0 0 
 0 0 0 0 0 0 0 0 0.4 0 0 0.2 0 0 0 0.2 0 0.4 0 0.8 52.6 62.400000000000006 25 9 33.2 0 5 35.4 32 74.60000000000001 59.6 24.8 5.800000000000001 9.600000000000001 5.6000000000000005 18 55.2 25.6 51.800000000000004 13.4 12.4 10.8 1.2000000000000002 0.8 0.2 0 0 0.2 0 0.4 0.2 0 15.200000000000001 12.600000000000001 0.2 14.600000000000001 12.8 1.2000000000000002 0.8 11.4 0 0 0 0 0.4 0 0 0.4 0 0 0 0 0.2 0.6000000000000001 0.2 0 0 0.4 0 0 3.6 0 0 0 0.2 0 0 0 0 1.4000000000000001 0 0 1.6 0 0 0 0 0 0 0 2.2 0 2.2 3 0 4.4 0 2.2 1.2000000000000002 2.4000000000000004 5.800000000000001 0 0 0 0 0.2 0 2.6 0 0 2.2 4.2 3.2 0.6000000000000001 0 0.4 8 4.2 0 2.6 0 0 8.200000000000001 0 3.6 0 0 1.4000000000000001 2.8000000000000003 6.6000000000000005 0.6000000000000001 0.2 0 0 0 0 0 0 0 0 0 0 0.2 0 0.4 0 0 0 0 0 0 0 0 0 0 0 0 0 0 0 0 0 0 0 0 0 0 0 0 0 0 2.6 0.8 4.800000000000001 4.6000000000000005 6.800000000000001 0 0 2.8000000000000003 0 0 1.8 0 0 1 0.2 0 7.4 0 0 1.4000000000000001 2.4000000000000004 5 0 0.4 0 0 1.8 0 0 0 0 3.6 0 2.8000000000000003 3.8000000000000003 2 3.8000000000000003 3.6 3.6 0 0 0 0 0 0 0 0 0 0 0 0 0 0 0 1.4000000000000001 0 0 0 0 0 0 1.8 0 0 0 0 0 0 0 0 0 0 0 0.2 0 0 0.8 0.2 0 3 0 0 0 0 0 2 0 0 0 0 0 0 0 2.2 0 0.2 0 0 0 0 2.8000000000000003 0 0 0 0 0 0 0 0 
 0.2 0 0 15.200000000000001 18.400000000000002 6.4 0 0 0 0 0 4.800000000000001 0.4 0 0 0 0 0 0 0 26.200000000000003 33.4 16 13.4 12.200000000000001 5 0 63.6 6.800000000000001 6.800000000000001 7.800000000000001 7.4 43.800000000000004 43 34.800000000000004 23.6 24.6 8.200000000000001 47.400000000000006 36.800000000000004 0 0 0 0 12.200000000000001 0 0 0 0 0.4 0 0 0 0 0 0 0.4 0.6000000000000001 0.6000000000000001 0 0 0.2 0 0 0.4 0 0.2 0 0 0 0 0.2 1 0.6000000000000001 0 0 0 0.4 0 0 0 0 0 0 0 2.2 0 0 2.8000000000000003 0 0 1.6 0 0 0 0 0 0 0 0 0.2 4 4.6000000000000005 0 3.6 0 10.200000000000001 7.2 2.4000000000000004 4.2 0.8 0 10 2.2 12 0.2 3.4000000000000004 4.6000000000000005 0 6.2 0 0 0 0 0 0 0 0 0.4 0 0 0 0 0 0 0 0 0 0 0.2 0 0 0 0 0 1.2000000000000002 0 0 0 0 0 0 0 0 0 0 0 0 0 0 0 0 0 0 3.2 8.4 0 0 0 2.8000000000000003 0 0 0 0 0 0 0 0 0 0 7.2 7.2 0.2 0 1.2000000000000002 0 4.6000000000000005 4 1.6 2.2 3.6 0 1.2000000000000002 7.4 1.8 0 11 0 0 3.4000000000000004 0 0 0 0 0 0 0 0 0 0 0 0 0 0 0 0 0 0 0 0 0 0 0 0 0 0 0 0 0 0 0 0 0 0 0 0 0 0 0 0 0 0 0 0 0 0.4 28 0 0 0 0 0 0 0 2.6 0 0 0.2 0.2 0 0 0 0 0 0 0 0 0.4 0 0 0 0 0 0 0 0 0 0 0 0 0 0 0 0 0 0 1.2000000000000002 0 0 0 
 0.6000000000000001 1 1 0.6000000000000001 15.8 16 0.6000000000000001 0.6000000000000001 1 0.6000000000000001 0.6000000000000001 0.6000000000000001 0.6000000000000001 1 0.6000000000000001 1 0.6000000000000001 1 0.6000000000000001 6.2 9.8 66.4 64.4 52 77.2 35.4 63.6 0 41.2 64.8 49.400000000000006 17.6 43 31.6 30.6 24.6 10 26 74.2 12.8 0.2 0 0 0 12.4 0 0 0 0 0.4 0 0.2 0 0 0 0 0.2 0.6000000000000001 0.6000000000000001 0 0 0.6000000000000001 0 0 0.6000000000000001 0 0.6000000000000001 0 0 0 0 0 0.4 0.4 0 0 0 0.4 0 0 0 0 0 0 0.2 0 0 0 2.8000000000000003 0 0 2.2 0 0 0 0.2 0 0 0 0 2.2 7 8 1.8 1.6 3 8.4 2.2 3.4000000000000004 4 6.6000000000000005 3.4000000000000004 4 0.2 14.200000000000001 0 4 2 0 1.8 0 0 0 0 0 0 0 3 0 0 0 0 0 0 0 0 0 0 3.8000000000000003 3.8000000000000003 0 2 4 0.6000000000000001 0 0 0 0 0 0 0 0 1.4000000000000001 0 0.2 0 0 0 0 0 0 0 0 0 2 5.4 0.4 0 3 0 0 0 0 0 0 0 0 0 0 0 2 4.4 0 2 8.6 0 2.4000000000000004 1.8 0 5.6000000000000005 6.4 0 1.4000000000000001 2 0.2 2.6 5.2 1.8 0 1.6 0 0 0 0 0 0 0 0 0 0 0 0 0 0.4 0 0 0 0.2 3.8000000000000003 0 0.2 0 0 0 0 0 0 0 0 0 0 0 0 0 0 0 0 0 0 0 0 0 0 0 0 0 15 0 0 0 0 0 0 0 1.6 0 0.4 0.4 0 0 1 2.6 0 0 0 0 0 0 0 0 0 0 0 0 0 0 0 0 0 0.2 0 0 0 0 0 0 1.8 0 0 0 
 0 1 0 0 0 0.4 0 0 0 0 0 0 0 0.2 0.4 0 0.2 0 0 0 13.4 40.2 49.2 34.2 20 32 6.800000000000001 41.2 0 59 10 31.400000000000002 35.2 14.8 31.200000000000003 40.6 47 20.6 32 11.8 0 0 0 0.8 0 0 0.2 0 0 0.4 0 0 1.4000000000000001 0.6000000000000001 0.6000000000000001 0 0.2 1 4.4 0 0 0.4 0 0 1 0 0.4 0.4 0 0.4 0 0 0 1 0 0 0 0.4 0 0 0 0 0 0 0 0 0 0 0 0 0 0 0 0 0 3.8000000000000003 0.4 0 0.4 0 0 1.6 1.8 7.2 2.6 8 0 0 9.8 0 15.4 5.2 3.2 4 0 0 1.8 2.4000000000000004 0 4.6000000000000005 0 0 0 0 0 0 10 6 0 0 0 0 11.8 3.2 1.6 0 0 0 4.2 6.2 0.4 0 0 0 0 0.8 0 0 0.8 0 0 0 0 0 0 0 0 0 0 0 0.6000000000000001 0 0 0 0 0 0 0 0 0 0 0 0 0 0 0 0 0 0 0 0 0 7.2 6.800000000000001 3.8000000000000003 7.6000000000000005 0 3.2 1.8 5.2 0.2 4 0 4 7.4 0 2.2 5.6000000000000005 0 0 2.6 0 0 0 1.6 0 3.2 2.8000000000000003 0 0 0 0 0.2 0 0.4 0 0 0 3.4000000000000004 3.8000000000000003 3.2 0.4 0 0 0 0 0 0 0 0 0 0 0 0 0 0 0 0 0 0 0 0 4.4 0 0 0 0 0 0 0 0 0 0 0 2 0.2 0 15.4 1 0 0 0 0 0 0 0 1.8 0 0 0 0 0 0 0 0 0 0 0 0 0 0 8.8 0 0 0 0.2 0 0 0 0 
 0.4 1 0.4 0.4 0.4 0.4 0.4 0.4 0.4 0.4 0.4 0.4 0.4 0.4 0.4 0.4 0.4 0.4 0.4 0.6000000000000001 24.8 17.400000000000002 92.80000000000001 80.80000000000001 48.6 74.60000000000001 6.800000000000001 64.8 59 0 44 8.200000000000001 28.400000000000002 17.2 33 30 24.8 28.400000000000002 64.2 38 0 0 0 0 0 0 0 0 0 0.4 0 0 12.8 0 0 0.4 0.4 0.6000000000000001 13 0 0 0.2 0 0 0.6000000000000001 0 0.4 1.4000000000000001 0 0 0 0.8 0 0.6000000000000001 0 0 0 0.4 0 0 3.4000000000000004 0 0 0 0 0 0 0.2 0 0 0 0.2 0 0 0 0 0 0 0 0 2.2 0 0 7.2 3.2 7.6000000000000005 0 15.600000000000001 0.6000000000000001 1.4000000000000001 4.2 6.4 0 2.8000000000000003 3.6 3.4000000000000004 1.8 3.8000000000000003 0 0 0 0 0 0 0 0 2 6.2 0 0 0 0 0 0.2 4.800000000000001 0 0 0 4.6000000000000005 0.2 0 0 2.6 0.4 0 0 0 0 0 0 0 0 1.6 0 1.4000000000000001 0 0 0 0 0 0.4 0 0 0 0 0 0 0 0 0 0 0 0 0 0.4 0 0 0 0 0 0 0 4.6000000000000005 8 10 4.6000000000000005 5.4 0 7.4 2.8000000000000003 2.2 1.6 8.6 1.2000000000000002 2 2.6 0 6.800000000000001 0 0 3.4000000000000004 0 0.2 0 0 0 0 3.6 2.2 0 0 0 0 0 3.6 1.8 0 0.6000000000000001 6.4 3.6 0 0 0 0 0 0 0 0 2.6 0 0 0 0 0 0 2 0.2 0 0 0 0 0 0 0 0 0.2 0.4 0 0 0 0 0 0 0 2.2 0 0.2 2.2 18.2 0 0.8 2.8000000000000003 0 0 0 0 0 0 0 0 0 0 0 0 0 0 0 0 0 0 0 0.4 0 0 0.2 2 0 0 0 0 
 0.6000000000000001 0 0 0 0.2 0 0 0 0 0 0.6000000000000001 0 0 0 0 0 0 14.8 0 0.6000000000000001 22.400000000000002 23.6 19 32 20.200000000000003 59.6 7.800000000000001 49.400000000000006 10 44 0 26.400000000000002 8.8 39.800000000000004 27.200000000000003 11 18.8 107 15.600000000000001 28 0 0 0 0 0 0 0.6000000000000001 0 0 0.4 0 0 0 0 16.2 0 0.2 0.6000000000000001 14 13.4 0 0.4 0 0 0.6000000000000001 0 0.4 0 0 0 0.2 0 0 0.6000000000000001 0 0 0 0.4 0 0 0 0 0 4.6000000000000005 0 0 0 0.4 0 0 0 0.2 0 0 0 0 0 0 0 0 0 2 0 4.4 1.6 5.800000000000001 0 2 0 2.2 2.6 4.6000000000000005 0 10.600000000000001 2 3.4000000000000004 1.8 0 0 0 2.2 0.4 4.6000000000000005 0 0 0 5 2.8000000000000003 4.4 13.600000000000001 0.2 0.4 4.800000000000001 2.2 0 0 3.2 0 2.8000000000000003 2.6 0 0 0.6000000000000001 0 0 0 0 0 0 0 0 0 0.6000000000000001 0 2.8000000000000003 0 0 1.4000000000000001 0 0 0 0 0 0 0 0 0 0 0 0 0 0 0 2.8000000000000003 0.4 0 0 0 0 0 2 2.6 1.2000000000000002 4.2 5.6000000000000005 3.4000000000000004 2 2.8000000000000003 0.4 1.8 0 4.2 0 0 0.2 6.6000000000000005 2.8000000000000003 3.2 0 0 3.6 0 2 0 0 0 4.2 2 0 3.6 0 0 0 0 2.2 2 0.8 0 0 6.4 0 0 0 0 0 0 0 0 0 0 0 0 0 0 0 0 0.2 0 0 0 0 0 0 0 0 0 0 0 0 0 0 0 0 0 1 0 0 12.600000000000001 15.4 1 0.4 3.4000000000000004 0 0 0 0 0 0 0 0 0 0 0 0 0 0 0 0 0 1.4000000000000001 0 0 2 0 0.2 0 0 0 0 0 
 0 14.8 0 0 0 0.4 0 0.2 0 0 0 0 0 0.4 0.4 0 0 0 0 0.6000000000000001 26.400000000000002 37 10 42 42.400000000000006 24.8 7.4 17.6 31.400000000000002 8.200000000000001 26.400000000000002 0 11 8.6 22.200000000000003 40.800000000000004 48.2 14.600000000000001 10.200000000000001 4.800000000000001 0 0.4 0 1.2000000000000002 0.4 1.2000000000000002 12.200000000000001 0.2 0 0.4 0 0 0.6000000000000001 0.4 0 0.2 0.2 1.8 11.8 0.8 0 0.4 0.4 0 0.6000000000000001 0 0.4 0 0 0 0 0.6000000000000001 0.4 0.6000000000000001 0 0 0 1 0 0 0 0.4 0 0 0 0 0 0 0 0 0 0 0 0 0 0 0 0 0 0 3.4000000000000004 10.200000000000001 3.8000000000000003 0.2 3.2 4.2 0 8.200000000000001 4.4 4.4 4.4 1.8 0 0 0 4.2 0 3.2 0 0 0 0 0 0 0 0 3.4000000000000004 0 0 0 0 0 7.4 0 0.2 0 0 0 7 8 0 0 0 0 0 3 0 0 1 0.2 1.4000000000000001 0 0.4 0 0 0 0 0 0 1.6 0 0 0 0.4 6.6000000000000005 0 0 0 0 0 0 0 0 0.4 0 0 0 0 0 0 0.2 1.6 10.200000000000001 6.4 2.4000000000000004 0 0 7 0 3 6.800000000000001 4.6000000000000005 0 0.4 4.2 3.8000000000000003 8.4 0.4 0 0 0.2 0 0 0 0 0 3.4000000000000004 1.8 0 0 0 0 4.6000000000000005 0 0 0 0.2 0 5 2 0 0 0.2 0 0 0 0 0 0 0 4 0 0 0 0 0 0 0 0 0 0 0 2.8000000000000003 0 0 0 0 0 0 0 0 0 0 0 1.6 0 0 30.8 0.4 0.4 3 0 0 0 0 0 1.4000000000000001 0 0 0 0 0 0 0 0 0 0 0 0 3.6 0 4.800000000000001 0 0 0 0 0 0 0 0 
