 0 16.8 14.600000000000001 11.4 6 8 19 14 5.6000000000000005 9 11.200000000000001 26.8 30 38.400000000000006 23.200000000000003 25.8 8.200000000000001 52 19.400000000000002 30.400000000000002 0 0.4 0.4 0.4 0 0 0.6000000000000001 0 0 0 0.8 0 0 0 0.8 0.4 0 0 0 0.4 0.6000000000000001 0.4 0 1.2000000000000002 0 0 0 0 0 0.2 0 0 0 0.8 0 0 0.6000000000000001 0 0 0 0 0 0.6000000000000001 0 0.6000000000000001 0.4 0 0.8 0 6.6000000000000005 6.4 0 0 0 0 0 0 0.6000000000000001 0.4 0 6.4 6.6000000000000005 7.2 2.6 0 0 0 3.8000000000000003 2.8000000000000003 3 0.4 0 11.200000000000001 4.2 4.800000000000001 11.600000000000001 1.6 0 12.600000000000001 2.8000000000000003 0 0 0 0 0 1.2000000000000002 0 0 0 0 0 0 0 0 0 0 0 0 0 0 0 0.2 0 0.4 0 0 0 0 0.2 0 0 0 0 0 0 0 0.4 0 0 0 0 0 0 0 0 0.4 0 0 0 0 0 0 0 0 0 1 0 0 0 0 2.6 0 5.6000000000000005 3.8000000000000003 0 0 3.6 0.2 0 2.8000000000000003 1 3 0 0 0.2 2.6 3.2 3.8000000000000003 0.4 0 0 0 0 0 0 0 0 0 0 0 0 0 0 0 0 0.4 0 0 1.6 0 0 0 0 3.4000000000000004 0 0 0 0 0 0 0 0 0 0 0 0 0 0 0 3 0 0 0 0 0 0 0 0 0 0 0 0 0 0 0 0 0.2 0 0 0 0 0 0 0 0 0.2 0.2 0 0.6000000000000001 0 0 0.6000000000000001 0 0 0 0 0 0 0 0 0 0 0 0 0 0 0 0 0 0.2 0 0 0 0 0 2 0 0 0 0 0 0 0 0 0 0 0 0 0 0 
 16.8 0 47 50.2 5.800000000000001 5.6000000000000005 43 37 49.400000000000006 45.6 22.400000000000002 28.6 32.6 52.6 11.600000000000001 11.200000000000001 8.8 24.200000000000003 53 64.8 0 0 0.2 0.4 0.2 0 0.6000000000000001 0.2 0 0 1.2000000000000002 0 0 0.2 0 0 0 0 0 0.6000000000000001 0 0 0 0 0 0 0 0 1 0 0 0 0 0 0 0 0.6000000000000001 0 0 1 0 0 0.6000000000000001 7.2 0.6000000000000001 0.4 0 0.6000000000000001 0.4 0 0 0 0 0 0 0 0 0.8 0.4 0 4.800000000000001 4 7.2 9 0 3 0 1.6 5.4 0 2.2 8.8 4.2 9.600000000000001 6.2 6.4 9 3.4000000000000004 2.4000000000000004 0.2 0 0.4 0 0 0 0 0 0 0 0 0 0 0 0 0 0 0 0.2 0 0.6000000000000001 0 0 0 0 0 0 0 0 0 0 0 0 0 0 0 0 0 0 0 0 0 0 0 0 0 0 0 0 0 0 0 0 1.8 0 0 0 0 0 0 0 11 1.8 2.6 0 2 1.4000000000000001 4.800000000000001 8.6 2.8000000000000003 2.2 1.2000000000000002 3 2.8000000000000003 0.8 0 6.6000000000000005 0 11.4 5.2 3.6 0 0 0 0 0 0 0 0.2 0 0 0 0 0.4 0 0 0 0 0 0 0 0 0 0 0 0 0 0 0 0 0 0 0 0 0 0 0 0 0.4 0 0 0 0 0 0 0 0 0.2 0 0 0 0 0 0 0 0 0 0 0 0 0 0 2.4000000000000004 0 0 0 0.2 1 0 0.6000000000000001 0.2 0.2 1 0 0 0 0 0 0 0 0 0 0 0.8 0 0 0 0 0 0 0 0 0 0 0 0 0.2 0 0 0 0 0 0 0 0 0 0 0 0 0 0 
 14.600000000000001 47 0 16.400000000000002 7.6000000000000005 7 32.800000000000004 39.800000000000004 33.6 10.600000000000001 93.80000000000001 22.6 13 47 30.6 59.400000000000006 24.8 71 3.4000000000000004 26.400000000000002 0 0 0.6000000000000001 0.4 0 0 0.6000000000000001 0 0 0 0.4 0 0 0 0 0.2 0 0 0 0.4 0 0 12.8 0.4 0 0 0 0 0 0 0 0 0 0.2 0 0 0.4 0 0 0 0 0 5.6000000000000005 0 0.4 0.4 0 0.6000000000000001 0.2 0.2 0 0 0 0 0 0 0 0.6000000000000001 0.6000000000000001 0 2 2.6 4 4 2.6 0.2 2 2.4000000000000004 0.2 0 2 4 4.6000000000000005 2.2 2.6 4 0 1.8 4.800000000000001 0.2 0 0 0.2 0 0 0.4 0 0 0 0 0 0 0 0 0 0 0 0 0 0 0 0 0 8.8 0 0 0 0 0 0 0 0 0 0 0 0 0 0 0 0 2.8000000000000003 0 0 0 0 0 0 0 0 0 0 0 0.2 0 0 0 0 0 0 0 0 3.2 7.4 1.2000000000000002 0 0 0 4.6000000000000005 2.8000000000000003 2.8000000000000003 0 5 4 0 1.8 1.4000000000000001 2.4000000000000004 0.6000000000000001 3.6 5.800000000000001 0 0 0 0 0 0 0 0 0 0 0 0 0 0 0 0 0 0 0.4 2.4000000000000004 0 0 0 0 0 0 0 0 0 0 0.4 0.4 0 0 0 0 0 0 0 0 0 0 0 0 0 0 0 0 0 0 0 0 0 0 0 0 0 0 0 0.4 0 0 0 0 0 0 0 0.4 0 0 0.8 0.8 0 0 0 0 0 0 0 0 0 0 0 0 0 0 0 0 0 0 0 0 0 0 0 2.8000000000000003 0 0 0 0 0 0 0 0 0 0 0 0 0 0 
 11.4 50.2 16.400000000000002 0 14 31.8 19.8 16.6 37 73.2 50 28.400000000000002 15 20.400000000000002 36.4 13.4 11.8 61 18.2 33 3.6 0 0.4 0.4 0 0 0.6000000000000001 14.600000000000001 0 0 1.2000000000000002 0 15 5.6000000000000005 0 0 0 0 0 0.6000000000000001 0 0 0.6000000000000001 1.8 0 0 0 0 0 0 0 0 0 0 0 0 6.6000000000000005 0 0 13.4 0 0 0.6000000000000001 0 0.6000000000000001 0.4 0 0.6000000000000001 0.4 0 0 0 0 0 0 0 6.4 0.6000000000000001 0.4 1 0 3.6 0 1.4000000000000001 0.4 2 0 4 2.6 1.8 0 0 0 3.8000000000000003 4.4 0 4 6.6000000000000005 0 0 2.8000000000000003 0 0 0 0 0 2.8000000000000003 2.2 0 0 0 0 0.4 0 1.8 0 0 0 0 5 0 0 0 0 0 0 0 0 0 0 0 0 0 0 0 0 0 0 0 0 0 0 0 0 0 0 0 0 0 0 0 0 0 0 0.2 0 0 0 0 0 3.8000000000000003 0.4 0 0.2 6.6000000000000005 0.8 0.6000000000000001 3 1.2000000000000002 2.8000000000000003 3.2 2 0 0.4 0 6.2 3.6 2.4000000000000004 0 0 0 0 0 0 0 0 3 0 0 0 0 0 2 0 3.4000000000000004 2.2 0 0 2.4000000000000004 0 0 0 0 0 0 0 0 0 0 0 0 0 0 0 0 0 0 0 0 0 0 0 0 0 0 0 0 0 0 0 0 0 0 0 0 0 0 0 0 0 0 0 0 0 0 0 0 0.4 18.2 0.6000000000000001 1.8 0 0 0 0 0 0 0 0 0 2.4000000000000004 0 0 0 0 0 0 0 0 0 0 0 0 0 0 0 0 0 0 0 0 0 0 0 0 0 0 0 0 0 
 6 5.800000000000001 7.6000000000000005 14 0 45.800000000000004 9.200000000000001 35.2 29.8 31.6 20.6 9.200000000000001 19.8 61.6 41.2 16.400000000000002 10.600000000000001 66.60000000000001 24.400000000000002 21.200000000000003 16 0 0.4 0.4 0 0 0.6000000000000001 16.2 0 15.4 0.4 0 40.2 0.6000000000000001 4.4 15.200000000000001 0.6000000000000001 17.2 15.600000000000001 30.6 0 0 0.6000000000000001 0 0.8 0.4 0 0 0 0 0 0.6000000000000001 0 0.4 0 0 0.6000000000000001 0.8 0 0 0 0.6000000000000001 0.8 0.4 1.8 0.4 0 0.6000000000000001 0.4 0 0 0 0 0.8 0 0 0 0.6000000000000001 0.8 0 0 0 12 0.6000000000000001 4.800000000000001 0.2 0 0 2.2 8.6 3.6 0 0 0 0 0 3.8000000000000003 0 0 0 4.800000000000001 0 0 0 0 0 15.8 11.600000000000001 0 0 0 0 11.4 1.6 0 1.4000000000000001 2.8000000000000003 0 4.800000000000001 0 0 0 0 2.4000000000000004 0 0 0 1.4000000000000001 0 0 0 0 0 0 0 0 0 0 0 0 0 0 0 0 0 0 0 0 0 0 0 0 0 0 0 0 0 0 0 0 3 3 0 4.6000000000000005 3.4000000000000004 7.4 0 0 0 1.8 7.2 0 0 0 0 0 0 0.8 0 0 4.6000000000000005 0 0 0 0 0 2 0.2 2.6 0 0 0 11.200000000000001 2.8000000000000003 3.8000000000000003 4.4 0.6000000000000001 0 4 20.8 0 0 0 0 0 0 0 0 0 1.4000000000000001 0 0 0 0 0 0 0 0 0 0 0 0 0 0 0 0 0 0 0 0 0 0 0 0 0 0 0 0 0 0 0 0 0 0 0 0 0 0 21.200000000000003 9 12.4 2.6 2.2 0 0 0 0 0 0 0 0 2.6 0 0 0 0 0 0 0 0 0 0 0 0 0 0 2.4000000000000004 0 0 0 0 0 0 0 0 0 0 0 0 0 
 8 5.6000000000000005 7 31.8 45.800000000000004 0 5.800000000000001 6.4 29.200000000000003 28.400000000000002 9 31.8 23.8 7.800000000000001 10.4 104.4 26.200000000000003 15.600000000000001 54.800000000000004 63 27.6 14.8 0.6000000000000001 0.4 0 0 19 12.200000000000001 0.2 14.8 0.4 0 73.60000000000001 31.8 32 0 0 0.4 6.6000000000000005 15.200000000000001 0 0 0 4.4 0 0 0 0 0 0 0 0 0 0.2 0 0 7.800000000000001 0 0 0 0 0 0.6000000000000001 0 2.6 0.4 0 0.6000000000000001 0 0 0.2 0 0 0 0 0 0 0.6000000000000001 0.4 0 0 0 0 4.800000000000001 8.200000000000001 2.2 0 0 1.6 9.4 1.8 0 0 0 0 0 0 1.2000000000000002 0 0 3.8000000000000003 0 0 0 0 0 7 4.6000000000000005 0 0 0 0 1.6 3.2 2.4000000000000004 8.8 0 0 6.6000000000000005 4.2 0 0.8 0 0 0 0 0 0 0 0 0 0 0 0 0 0 0 0 0 0 0 0 0 0 0 0 0 0 0 0 0 0 0 0 0 0 0 0.6000000000000001 0 0 0 0 0 6.6000000000000005 2.6 5 0 0.4 0 3.2 4.2 0 0 0 0 0 0 0 0 0 2.8000000000000003 0 0 0 0 0.2 7.2 0 0 0 0 0 4.6000000000000005 0 7.800000000000001 2.2 3.4000000000000004 0 5.800000000000001 2.2 0 0 0 0 0 0 0 0 0 1.2000000000000002 0 0 0 0 0 0 0 0 0 0 0 0 0 0 0 0 0.2 0 0 0 0 0 0 0 0 1 0 0 0 0 0 0 0 0 0 0.2 0 0.2 19 16.400000000000002 3.6 6.6000000000000005 6.2 0 0 0 0 0 0 0 0.2 1 0 0 0 0 0 0 0 0 0 0 0 0 0 0 0 0 0 0 0 0 0 0 0 0 0 0 0 0 
 19 43 32.800000000000004 19.8 9.200000000000001 5.800000000000001 0 51.400000000000006 27.200000000000003 33 6.800000000000001 9.4 59.2 36.4 13.4 43.400000000000006 11.600000000000001 45 27.8 32.2 0 0 1.2000000000000002 0.4 0 0 7.2 0 0 0.2 0.4 0 0 0 0 0 0 0 0 0.4 0 15.200000000000001 0 0 0 0 0 0 0 0 0 0 0 0 0 0 0.6000000000000001 0 0 0 0 0 1.8 0.8 0.6000000000000001 0.4 0 0.6000000000000001 0.4 0 0 0 0 0 0 0 0 0.6000000000000001 0.4 0 0 8.200000000000001 0 10.200000000000001 0 0 10.600000000000001 8.200000000000001 0 2.4000000000000004 0 0 2.6 0 0.2 0 4 2.6 3.4000000000000004 3 0 0 0 0 0 3.6 0 0 0 0 0 0 0.2 0 0 0 0 0 0 0 0 0 0 0 0 0 0 0 0 0 0 0 2.4000000000000004 0 0 0 0 0 0 0 0 0 0 0 0 0 0 0 0 0 0 0 0 0 0 0 0 0 0 0 0.6000000000000001 0 9.200000000000001 0 0 0 0.6000000000000001 6.2 2.8000000000000003 3.4000000000000004 0 5.4 4.4 2.4000000000000004 7.6000000000000005 1.2000000000000002 5 2 3.4000000000000004 4.2 0 0 0.2 0 0 0 0 0 0 0 0 0 0 0 0 0 0 0 0 0 0 0 0 0 0 0 0 0 0 0 0 0 0 0 0 2.2 0 0 0 8.4 0 0 0 0 0 0 0 0 0 0 0 0 0 0 0 0 0 0 0 0 0 0 0 0 0 1 0 0 0.4 0.2 0 1 0 0 0 0 0 0 0 0 0.2 0 0 0 0 0 0 0 0 0 0 0 0 0 0 3.8000000000000003 0 0 0 0 0 0 0 0 0 0 0 0 0 0 
 14 37 39.800000000000004 16.6 35.2 6.4 51.400000000000006 0 31.8 26 16.8 9 25.8 20.6 28 28.8 17.6 34.2 13 28 0 0 0.4 0.4 0 0 1 0 0 0 0.4 0.6000000000000001 14.8 0 0 40.800000000000004 0 0 0.4 18.2 0 0 0 0 0 0 0 0 1.2000000000000002 0 0 0 0 0 0 0 0.6000000000000001 0 0 0 0 0 2.2 0 0.6000000000000001 0.4 0 0.6000000000000001 0.2 0 0 0 0 0 0 0 0 0.6000000000000001 0.4 0 0 2.8000000000000003 16 0.2 0 3.2 4 2.4000000000000004 0 2.8000000000000003 3.4000000000000004 0 2 4.2 0 2 3.2 0 3.6 0.2 0.2 0 0 0 0 0 0 0 0 0 0 0 2.4000000000000004 0 0 0 0 0 0 0 0 0 0 2 0 0 0 0 0 0 0 0 0 0 0 0.6000000000000001 0 0 0 0.8 0 0 0 0 0 0.2 0 0 0 0 0 0 0 0 0 0 0 0 0 0 1 6.800000000000001 6.800000000000001 5 0 0 0 10.200000000000001 2.6 2.6 2.8000000000000003 5.6000000000000005 6.2 2.6 2.6 1.2000000000000002 0 0.6000000000000001 0.2 1.6 8.8 0 0 0 0 0 0 0 0 0 0 0 2.8000000000000003 0 0 0.2 0 0 0 1.2000000000000002 0 2.4000000000000004 0 0 0 0.8 0 0 0 0 2.8000000000000003 0 0 0 0 0 0 0 0 4 0 0 0 0 0 0 0 0 0 0 0 0 0 0 0 0 0 0 0 0 0 3 0 0 0 0 0.6000000000000001 0 17.8 6.4 1.4000000000000001 2.2 0 0 0 0 0 0 0 0 0 0 1 0 0 0 0 0 0 0.4 0 0 0 0 0 2.8000000000000003 4.6000000000000005 0 0 0 0 0 0 0 0 0 0 0 0 0 
 5.6000000000000005 49.400000000000006 33.6 37 29.8 29.200000000000003 27.200000000000003 31.8 0 30.400000000000002 26.6 6.4 23.6 74 17.6 28.400000000000002 9.600000000000001 19.200000000000003 20.6 98.4 16 0 14.200000000000001 0.4 0 0 0.6000000000000001 1.2000000000000002 0 0 0.4 0 15.4 0.8 0 0.6000000000000001 0 0 30 0.4 0 0 2.2 0 0 0 0 0 0.8 0 0 0 0 0 0 0 0.6000000000000001 0 0 0 0 0 0.6000000000000001 0 1.8 0.4 0 0.6000000000000001 0 0 1.2000000000000002 0 0 0.8 0 0 0 0.6000000000000001 0.8 0 3 7 0.2 6 1.6 2.8000000000000003 0 8.8 0 2.8000000000000003 6.2 2 5 8.4 3.2 5 0.4 8 0.2 0 0 2 0.4 0 0 0 3.2 2.6 0 0 0 0 4.2 1.4000000000000001 0 0 0 0 2.4000000000000004 1.8 0 0 0 0 0 4.2 0 0.2 3.6 0 0 0 0 0 0 0 0 0 0 0 0 0 0 0 0 0.6000000000000001 0 0 0 2.6 0 0 0.4 0 0 0 0 0 0 0 0.2 4.6000000000000005 0 5.2 0 2.6 4 9.600000000000001 3.4000000000000004 5.800000000000001 2.8000000000000003 3.8000000000000003 0 1.8 0 4.800000000000001 2.8000000000000003 2.6 0 5.6000000000000005 0 0 0 0 0 0 0 0 0 0 0 0 2.8000000000000003 0 2.4000000000000004 0 0 0 3.2 3 0 0 0 0 0 5.800000000000001 0 2.8000000000000003 0 0 0.2 0 0 0 0 0 0 0 0 0 0 0.8 0 0 0 0 0 0 0 0 3 0 1.2000000000000002 0 0 0 0 0 0 0 0 0 0 0 0 0 9.8 0 0.2 0.6000000000000001 0 16.6 2.6 0 0.2 0 0.2 0 0 0 0 1.8 1.6 0 0 0 0 0 0 0 0 0 0 0 0 4.2 0 0.4 0 0 0 0 0 0 0 0 0 0 0 0 
 9 45.6 10.600000000000001 73.2 31.6 28.400000000000002 33 26 30.400000000000002 0 33.800000000000004 16 9.200000000000001 21.200000000000003 68.8 72.4 73.4 25.200000000000003 57.800000000000004 72 14.4 0 0.6000000000000001 0.4 0 0 0.6000000000000001 0.2 0 0.2 0.4 0 7 19.8 0 0.2 0 0.4 1.4000000000000001 15.200000000000001 0 0 0 1.8 0.2 0 0 0 0.6000000000000001 0 0 0 0 0.2 0 0 13 0 0 0 0 0 0.6000000000000001 0 0.4 0.4 0 0.6000000000000001 0.4 0 5.800000000000001 0 0.4 0 0 0 0 0.6000000000000001 0.6000000000000001 0 0 4 0.2 1.4000000000000001 0.2 7.6000000000000005 0 5.2 2.8000000000000003 4.6000000000000005 0 0 3 4 6.4 0 11 3.8000000000000003 0 0 0 0 0 0 0 0 0 1 0 0 0 0 0.4 0 1.6 0.4 0 0 0 3 0 0 0 0 0 0.6000000000000001 0 0 0 2 0 0 0 0 0 0 0 0 1.8 0 0.2 0 0 0 0 0 0 0 0 0 0 0 0 0 0 2 0 0 0 0 3.2 0.4 0 6.800000000000001 4.800000000000001 0.2 0.6000000000000001 0.8 1 1 5.4 2.4000000000000004 0 0 0 5 12.200000000000001 11.4 0 0 0 0 0 0 0 0 2.2 0.2 0 0 0 0 9 0 0.4 0 0 0 4.6000000000000005 0.2 0 0 0 0 0 0 0 0 0 0 0 0 0 0.2 0 0 0 0 0.4 0 0.2 0 0 0 0 0 0 0 0 0 0 0 0 0 0.2 0 0 0 0 0 0 0 0 0 0 0 2.2 0 9.8 0.2 1.8 1.2000000000000002 0 0 0 0 0 0 0 0 0 0 0 0 0.4 0 0 0 0 0 0 0 0 0 10 0 2 3.4000000000000004 0 0 0 0 0 0 0 0 0 0 0 0 
 11.200000000000001 22.400000000000002 93.80000000000001 50 20.6 9 6.800000000000001 16.8 26.6 33.800000000000004 0 72 6 44.800000000000004 15.8 47.6 27.6 28.200000000000003 12.200000000000001 53.800000000000004 14.8 0 1.4000000000000001 0.4 0 0 0.6000000000000001 0 0.2 0.4 0.8 0 0 15.8 0 0 0 0 0.2 30.6 0 0 0 0.4 0 0.2 0 0 0 0 0 0 0 0 0 0 0.6000000000000001 0 0 0 0 0 0.6000000000000001 0 0.6000000000000001 0.4 0 0.6000000000000001 0 8 5.800000000000001 0 0 0 0 0 0 0.6000000000000001 0.4 0 5.4 0.4 21.400000000000002 0 0 3.6 0 2.6 4.800000000000001 5 0.2 7.4 3.6 7 6.2 6.6000000000000005 4.6000000000000005 0.6000000000000001 0 0.2 1 0 0 0 0 0 0 0 0 0 0 0.2 0.2 0 5.800000000000001 0 0 0 0.2 2.4000000000000004 0 0 0 2.4000000000000004 0 0 0 0 0 0 0 0 0 0 0 0 0 0 0 0 0 0.2 0 0 0 0 0.4 0 0 0 0 0 0 0 0 1.2000000000000002 0 0 0 0 6.2 7.800000000000001 0 5.6000000000000005 1.6 0 0 0 4 0 3 7.6000000000000005 0.2 0 0 4 7 7.800000000000001 0 0 4 0 0 0 0.4 0 5 0 0 0 0 0 7.2 0 0.2 0 0 0.4 0 2.2 0 0 0 0 0 0 0 0 0 0 0 0 0 0 0 0 0 0 0 0 0 0 0 0 0 0 0 0 0 0 0 0 0 2.2 0 0 0 0 0 0 0 0 0 0 0.4 0 0.2 0 0.2 10.4 0.2 1.6 0 0 0 0 0 0 0 0 0 0 0 0 0 0 0 0 0 0 0 0 0 0 0 0 1.8 0 0 0 0 0 0 0 0 0 0 0 0 0 
 26.8 28.6 22.6 28.400000000000002 9.200000000000001 31.8 9.4 9 6.4 16 72 0 5.800000000000001 50 78 74.8 50.6 23 8.200000000000001 89.2 0 0 0.2 0.4 0 0.4 0.6000000000000001 0.2 0 0 0.4 0 0.2 0 0.2 0 0 0 0 33 0 0 0 0 0.6000000000000001 0 0 0 0 0 0 0 0 0 0 0 13.200000000000001 0 0 0.2 0 0 0.6000000000000001 0 0.6000000000000001 0.4 0 10.600000000000001 0 0 6.2 0 0 0.2 0 0 0 0.6000000000000001 0.4 0 5.4 2.2 5.800000000000001 1.2000000000000002 3 5.4 0 2 3 5 0.2 0 3.6 11 2.8000000000000003 1.8 1.8 0 0 8 4.6000000000000005 0 0 0 0 0 0.2 0 0 0 0 0 0 0 0 4 0 0 0 5.2 0 0 0 0 0 0 0 0.2 0 0 0 0 0 0 0 0 0 0 0 0.4 0 0 0 0 0 1.6 0 0 0 0 0 0 0 0 0.2 1.2000000000000002 0 0 0 0 1.8 0.8 0 4.2 2 0 0 0 0 0.2 0.4 2.4000000000000004 0 0 0 0 2.8000000000000003 0 0 0 3.8000000000000003 0 0 0 0 0 7.4 5.4 0 0 0 0 7.2 0 0.2 0 0 0 6.6000000000000005 1.4000000000000001 0 0 0 0 0 0 0 0.4 2.8000000000000003 0 0 0 0.4 0 0 0 0 0 0 0 1.4000000000000001 0.4 0 0 0 0 0 0 0 0 0 0 0 0 0 0 0.4 0 0 0 0 0 0 0 0 0.2 11.600000000000001 0 1 0.6000000000000001 0.4 2.6 0 0 0 0 0 0 0 0 0 0 0 0 0 0 0 0 0 0 0 0 0 0 0 0 2.2 5.4 0 0.2 0 0 0 0 0 0.4 0 0 0 0 
 30 32.6 13 15 19.8 23.8 59.2 25.8 23.6 9.200000000000001 6 5.800000000000001 0 68.2 16.2 9.200000000000001 29.8 5.4 52.6 88.4 0 0 0.6000000000000001 0.4 0.4 0.4 0.8 0 0 0 1.4000000000000001 0 0 0 0 0.2 0 0 0 0.4 0 0 0 0 0 0 0 0 0.2 0.2 0 0 0 0.2 0 0 0.4 5 0 0 0 0 0.6000000000000001 0 0.6000000000000001 0.4 0 0.6000000000000001 0.2 0.2 0 0 0 0 0 0 0 0.6000000000000001 0.4 0 0 0 0 4 2.8000000000000003 0 4 0 3.8000000000000003 6 3.4000000000000004 0 6.6000000000000005 5.4 1.4000000000000001 3.6 3.2 0 7.4 2.2 0 0 0 0 0 0 0 0 0 0 0 0 0 0 0 0.4 0 0 0 0.4 0 0 0 0 0 0.4 0.2 0 0 0 0 0 0 0 0 0 0 0 0 0 0 0 0 0 0 0 0 0 0 0 0 0 0 0 0.4 0 2.6 0 0 0 3.4000000000000004 0 1.8 2.4000000000000004 0 0 12.4 3.4000000000000004 3 3 0 3.6 0 8.6 3 0.2 2.8000000000000003 1.6 0 0 0 0 0 0 0 0 0 0 0 0 0 0 0 0 0 0 0 0 0 0 0 0 0 0 0 0 0 0 0 0 0 0 0 0 0 0 0 0 0 2.8000000000000003 0 0 0 0 0 0 0 0.2 0 0 0 0 0 0 0 0 0 0 0.2 0.2 0 0 0 0 0 0 0.4 0 0.4 0 0 1.2000000000000002 0 0 0 0 0 0 0 0 0 0 0 0 0 0 0 0 0 0 0 0 0 0 0 0 0 0 0 0 0 0 0 0 0 0 0 0 0 0 
 38.400000000000006 52.6 47 20.400000000000002 61.6 7.800000000000001 36.4 20.6 74 21.200000000000003 44.800000000000004 50 68.2 0 40.2 82.2 30.400000000000002 6.800000000000001 36.4 80.60000000000001 0 0 0.8 0.4 0 0 0.6000000000000001 0 0 0 0.4 0 0.4 6.6000000000000005 0 0 0 0 0 0.6000000000000001 0 0 0 0 0 0 0 0 0 0 0 0 0 0 0 0 1 0 0 0 0 0 0.6000000000000001 0 0.6000000000000001 0.4 0 0.6000000000000001 0.4 0 0 0 0 0 0 0 0.2 0.6000000000000001 0.4 0 6.4 2.2 3.6 5.6000000000000005 4.6000000000000005 0 4 0 6 6.6000000000000005 8.8 9.200000000000001 4.6000000000000005 3.8000000000000003 3.4000000000000004 7.4 0 5 0 4.6000000000000005 0 0 0 0 0 0 0 0 0 0 0 2 0 0 0 0 0 0 0 3 0 0.4 0 0.4 0 0 0 0 0 0 1.2000000000000002 0 0 0 0 0 0 0 0 0 0 0 0 0 0 0 0 0.4 0 0 0 0 0 0 0 0 0 0 0 0 0 2 0 2.2 0 0 3.8000000000000003 6.800000000000001 7 9.600000000000001 4.800000000000001 1.6 0 10.4 3.2 13.4 5.2 4.6000000000000005 2.8000000000000003 3.4000000000000004 0 0 0 0 0 0 0 0 0 0 0 0 0 0.4 0 0.4 0 0 0 0 0 0 0 0 0.4 0 0 0 0 0 0 0 0 0 0 0 0 0 2.4000000000000004 0 0 0 1 0 0 0 0 0 0 0 1.8 0 0 0 0 0 0 0 0 0 0 0 0 0 0 0.4 0.4 0 0 0 0 1.4000000000000001 0 0 0 0 0 0 0 0 0 0 0.2 0 0 0 0 0 0 0 0 0 0 0 0 2.2 0 0 0 0 0 0 0 0 0 0 0 0 0 0 
 23.200000000000003 11.600000000000001 30.6 36.4 41.2 10.4 13.4 28 17.6 68.8 15.8 78 16.2 40.2 0 17 63.800000000000004 32.6 14.4 31 0.4 0 0.6000000000000001 0.4 0 0.4 1.2000000000000002 0 1 0.4 1 0.4 15.8 0 0 0.4 0.6000000000000001 0 0 0.6000000000000001 0 0 1.4000000000000001 0 2.4000000000000004 0 0 0 0 1.2000000000000002 0.8 0.4 0.4 0.6000000000000001 0 0 1.4000000000000001 0 0 1.8 0 0 0.6000000000000001 0 0.6000000000000001 0.4 0 0.6000000000000001 0.2 0.4 6.4 1.6 0 0 0 1.2000000000000002 9.600000000000001 0.6000000000000001 0.4 0 0 1.6 5.6000000000000005 1.6 2.8000000000000003 10.200000000000001 0 2 6 7.2 0 0 0 1.4000000000000001 0.2 3.4000000000000004 6 1.4000000000000001 0 0 0 0 0 0 0 0 0 1.8 0 0 0 0 3.8000000000000003 0 0 0 0 0 2.8000000000000003 0.6000000000000001 0 0 0 4.2 0 0 0 0 0 0.2 0 0 0 0 0 0 0 0 0 0 0 0 0 0 0 0 2.2 0 0 0 0 0 0 0 0 1 0 0 0 0 6.4 5.6000000000000005 0 7 2.2 3 0 2.4000000000000004 2.2 0 5.800000000000001 0.8 0 0 0 3.6 4.800000000000001 0.2 0 0 0 0 0 0 0 0 0 1.6 0 0 0 0 0.2 0 0 0 0 0 5 1.6 0 0 0.2 0 0 0 0 0 0 0 0 0 0 0 0 0 0 0 0 0 0 0 0 0 0 0 0 0 0 0 0 0 0 0 0 0 0 0 0 0 0 1.2000000000000002 0 0 0 0.4 2 0 18 0 1.4000000000000001 1.8 1.8 0 0 0 0 0 0 0 0 0 0 0 0 0 0 0 0 0 0 0 0 0 0 0 3.2 3.4000000000000004 0 0 0 0 0 0 0 0 0 0 0 0 
 25.8 11.200000000000001 59.400000000000006 13.4 16.400000000000002 104.4 43.400000000000006 28.8 28.400000000000002 72.4 47.6 74.8 9.200000000000001 82.2 17 0 88.4 42.800000000000004 108 36.4 0 0 0.2 0.4 0 0 0.6000000000000001 0.2 0 0 0.4 0 0 0.4 0.6000000000000001 0.2 0 0 0 19.6 0 0 0 0 13 0 0 0 0 0 0 0.2 0 0 0 0 0.6000000000000001 0 0 0 0 0 1 0 0.6000000000000001 0.4 0 0.6000000000000001 0 0 0 0 0 0 0 0 0 0.6000000000000001 0.4 0 2 1.6 6.6000000000000005 14 0.2 2.4000000000000004 2.6 2.6 6.2 2.2 0 4.6000000000000005 7.800000000000001 3.2 1.8 7.2 0 2.8000000000000003 1.8 4 7.4 0 0 0 0 0 0 0 0 0 0 0 0 0 0 0 0 0 0 0 0 0 0.2 2.2 0 0 0 0 0 0 0 0 0 0 0 0 0 0 0 0 0 0 0 0 0 0 0 0 0 0 0 0 0 0 0 0.2 0 0 0 0 0.4 3.2 0 1 0.4 0 0 2.4000000000000004 2.2 0.8 0.4 1.2000000000000002 2.8000000000000003 0 3 5 6.6000000000000005 4.4 3 4.4 3.8000000000000003 0 0 0 0 0 6.2 0 0 0 0 0.4 4 0 0 0 0 0 6 2.4000000000000004 0 0 0 0.4 0 0 0 0 0 0 0 0 0 0 0 0 0 0 0 0 0 0.2 3.2 0 0 0 0 0 0 0 0 0 0 0 0 0 0.2 0 0 0 0 0 0 0 0 0.2 0.4 0 0.4 0.2 0 1 0 0 0 0 0 0 0 0 0 0 0 0 0 0 0 0 0 0 0 0 0 0 0 2.4000000000000004 2 0 0 0 0 0 0 0 0 0.2 0 0 0 0 
 8.200000000000001 8.8 24.8 11.8 10.600000000000001 26.200000000000003 11.600000000000001 17.6 9.600000000000001 73.4 27.6 50.6 29.8 30.400000000000002 63.800000000000004 88.4 0 27.6 5.2 45 0 0.6000000000000001 1.2000000000000002 0.4 0.4 0 0.6000000000000001 0 0.6000000000000001 0.2 0.8 0 14.8 0 0.6000000000000001 0.6000000000000001 0.6000000000000001 0.6000000000000001 0.4 15.4 0 0 0 0.8 2 0 0 0 0.6000000000000001 0.6000000000000001 0 0 0.4 0.4 0 0 0.2 1 0 0.6000000000000001 0 0.2 1.2000000000000002 0 1 1 0 1 0.2 0.4 6.6000000000000005 0.4 0 0.4 0.2 0.8 0.4 0.8 0.6000000000000001 0.2 3 7.800000000000001 6.6000000000000005 2 2 3.8000000000000003 0 2.6 4.4 4.800000000000001 2.8000000000000003 0 2 0 1.6 2.2 4.4 0 0 2.2 0 0 0 0 0 0 0 0 0 0 0 0 0 0 0 0 0.4 0 0 0 0 0 0 2 0 0 0 0 0 0 8.6 0 0 0 0 0 0 0 0 0 0 0 0 0 0.4 0 0 0 0 1 0 0 0 0 0 1.2000000000000002 0 0 0 0 3.2 2 0 6.6000000000000005 0.2 0 0 0 0 0 5.2 0 0 3.4000000000000004 0.8 0 3 0 0.4 0 0 0 0 0 0 0 6.2 2.2 0.4 0.4 0 0 2 0 0 0 0 0 7.6000000000000005 2.4000000000000004 0 0 0 0 0 0 4 0 0 0 0 0 0 0 0 0 0 0 0 0.2 0 0 0 0 0 0 0 0 0 0 0 0 0 0 0 0 0 0 0 0 0 0 0 0 0 0 2.4000000000000004 0 17.2 0.4 2.4000000000000004 2.4000000000000004 0 0 0 0 0.2 0 0 0 0 0 0 0 0.8 0 0 0 0 0 0 0 0.2 0 0 9.600000000000001 0.4 4 0 0 0 0 0 0 0 0 0 0 0 0 
 52 24.200000000000003 71 61 66.60000000000001 15.600000000000001 45 34.2 19.200000000000003 25.200000000000003 28.200000000000003 23 5.4 6.800000000000001 32.6 42.800000000000004 27.6 0 9 9.200000000000001 15.200000000000001 0 0.4 1.4000000000000001 0 0 0.6000000000000001 0.6000000000000001 0 0 0.4 0 0 14.4 0 0.2 0 0 0 15.4 0 0 0.6000000000000001 0.4 0 0 0 0 0 0 0 0.4 0.4 0 0 0 0.6000000000000001 0 0 0 0 0.6000000000000001 0.6000000000000001 0 0.6000000000000001 0.4 0 0.6000000000000001 0.2 0 7.800000000000001 0 0 0 0.6000000000000001 0 0 0.6000000000000001 0.4 0 2.8000000000000003 4.2 3.2 2.8000000000000003 0 10.8 0 14 4.2 2.8000000000000003 0 0 4.6000000000000005 0 4.6000000000000005 3.8000000000000003 4 7.800000000000001 0 0 2.2 0 0 0 0 0 0 2.2 0 0 2 0 4.6000000000000005 0 4.800000000000001 0 2.8000000000000003 0 2.8000000000000003 0 0 0 0 1.2000000000000002 0 0 0 0 0 0 0 0 0 0 0 0 0 0 0 0 0 0 0 0 0 0 0 0 0 0 0 0 0 0 0 1.2000000000000002 0 0 0 0 7.800000000000001 6 0 8 2.6 3.4000000000000004 0.8 1.4000000000000001 4.800000000000001 1 3.4000000000000004 0 0 0 0 13.4 9.4 1.2000000000000002 0 0 0 0 0 0 0 0 2.2 0 0 0 0 0 1.2000000000000002 0 0.2 0 0 0 3 1.2000000000000002 0 0 0 0 0 0 0 0 0 0 0 0 0 0 0 0 0 0 0 3.4000000000000004 0 0 0 0 0 0 0 0 0 0 0 0 0 0 0 0 0 0 0 0 0 2.6 0 0 0 0 2.2 0 0.6000000000000001 0.4 0.6000000000000001 0 2.6 0 0 0 0 0 0 0 0 0 0 0 0 0.4 0 0 0 0 0 0 0 0 0 0.4 9.600000000000001 4.800000000000001 0 0 0 0 0 0 0 0 0 0 0 0 
 19.400000000000002 53 3.4000000000000004 18.2 24.400000000000002 54.800000000000004 27.8 13 20.6 57.800000000000004 12.200000000000001 8.200000000000001 52.6 36.4 14.4 108 5.2 9 0 88.80000000000001 0 0 0.6000000000000001 12 0 0 0.6000000000000001 0 0 29.6 7.6000000000000005 0 0 0 0 0 0 0 0 0.4 0 0 0 0 0 0 0 0 0 0 0 0 0 0 0.6000000000000001 0 0.6000000000000001 0 0 0 0 0 0.6000000000000001 0 0.6000000000000001 0.4 0 0.6000000000000001 0.2 7.4 0 0 0 1 0 0 0 0.6000000000000001 0.4 0 2.8000000000000003 2.2 4 0 0 0 8.4 2.6 0.2 3.8000000000000003 0.2 0 0 1.4000000000000001 11.600000000000001 3.2 0 0 3.8000000000000003 2.2 0 0 0 0 0 0 0 0 0 0 0 0 0 0 0 0 0 0 0 0 0 0 0 0 0 0 0 1.2000000000000002 0 0 0 0 0 0 0 0 0 0 0 0 0 0 0 0 0 0 0 0 0 0 0 0 0 0 0 0 0 0 0 0 2.2 1.4000000000000001 2.8000000000000003 0 0 0 2.8000000000000003 1.8 5.2 0 0 1.2000000000000002 0 10.600000000000001 4.2 0 2.2 4.2 2.2 0 0 0 0 0 0 0 0 0 0 0 0 0 0 0 0 0 0 0 0 0 0 0 0 0 0 0 0 0 0 0 0 0 0 0 0 0 0 0 1.8 0 0 0 0 0 0 0 0 0 0 0 0 0 0 0 0 0 0 0 0 0 0 0 0 0 0 0.8 0.4 0 0.4 0 0 0 0 0 0 0 0 0 0 0 0 0 0 0 0 0 0 0 0 0 0 0 0 0 0 0 0 0 0 0 0 0 0 0 0 0 0 0 0 0 
 30.400000000000002 64.8 26.400000000000002 33 21.200000000000003 63 32.2 28 98.4 72 53.800000000000004 89.2 88.4 80.60000000000001 31 36.4 45 9.200000000000001 88.80000000000001 0 0 0 1.2000000000000002 0.4 0 7.4 0.6000000000000001 40.6 0 6.6000000000000005 0.4 0 0.4 0 0 0.4 0 0.4 0.2 1.2000000000000002 0 0 0 0.4 0 0 0 0 0 0.2 0.2 0 0 0 0 0 0.6000000000000001 0 0 0 0 0 0.8 0 0.6000000000000001 0.4 0 0.6000000000000001 0 0 0 0 0 0 0 0 0 0.6000000000000001 1.4000000000000001 0 5.2 2.8000000000000003 3.2 1.4000000000000001 0.2 0 0.2 2.6 0 0.2 8.200000000000001 3.6 2.8000000000000003 3.8000000000000003 5.800000000000001 8.200000000000001 0 7.2 3 4.6000000000000005 0 0 0 0 0 0 0 0 0 0 0 0.2 0 0 0 0 0 0 0 2 0 0 0 0 3 0 0 0 0 0 0 0 0 0 0 4 0 0 0 0 0 0 0.2 0 0 0 0 0 0 0 0 0 0 0 0 0 0 0 0 0 0 2.8000000000000003 0 1.4000000000000001 0 0 5.6000000000000005 7.2 6.6000000000000005 3 0 4 0.2 4.4 3 5 6 1.4000000000000001 0 1 0 0 0 0 0 0.2 0 0 0 0 0 0 0 0 0 0 0 0 0 0.2 0 0 0 0 0 2 0 0 0 0 0 0 0 0 0 0 0 0 0 0 0 0 0 0 0 0 0.2 0 0 0 0 0 0 0 0 0 0 0 0 0 0 0 0 0 0 0.8 17.8 0 0.6000000000000001 0.6000000000000001 0.4 1.6 0 0 0 0 0 0 0.4 0 0 0 2 0 0.2 0 0 0 0 0 0 0 0 0 0 0 0 0 0 0 0 0 0 0 0 0 0 0.4 0 0 
 0 0 0 3.6 16 27.6 0 0 16 14.4 14.8 0 0 0 0.4 0 0 15.200000000000001 0 0 0 42.2 53 15.8 10.4 7.6000000000000005 33.4 45.2 20.400000000000002 66.8 122.2 52 57.2 13 12.200000000000001 28.8 28.6 22.200000000000003 102.80000000000001 16.2 0 0 0 0.6000000000000001 0 0 12 0 0 0.4 0 0 0 0.4 0 0 0.6000000000000001 0 0 0.2 0.8 0 0.6000000000000001 0 1 0 0.6000000000000001 0 0 0.6000000000000001 0.2 0 0.4 0.4 0 0 0 0 3.6 0 0 0 0 2.8000000000000003 1.6 0 3 0 0 1.4000000000000001 2.2 0 0 0 0 0 0 1.8 0 0 3.2 5.4 3.4000000000000004 4.4 2.4000000000000004 0.6000000000000001 5.6000000000000005 2.6 4.2 2.8000000000000003 0 0 5 1.6 6.6000000000000005 6.2 2.2 6 0 0.2 0 3.2 0 0 0.4 0.2 0 0 0.4 0 0 0 1.8 0 0 0 0 0.4 0 2.6 0 0 0 0.2 0 2.6 0 0 1.6 0 0 3.2 0 0 0 0 0 0 0 0 0 0 0 3 4.6000000000000005 2.8000000000000003 0 2.2 0 2.6 0.2 0 0 0 0 0 0 0 0 0 4 2.4000000000000004 6 3.4000000000000004 1.8 2.2 0 2.2 7 4.800000000000001 3 5.6000000000000005 0 6 6.4 3.4000000000000004 8 3 0 2.2 0 0 0 0 0 0 0.2 0 2.6 0 0 0 0 0 3.2 0 0 0 0 0 0 0 0 0.4 2.6 0 0 0 0 0 0.2 0 0 0 0 0 0 0.4 0 0 0 0 0 0 0 0 0 0 0 14.8 0 0 0.4 0 1.2000000000000002 0 0.2 16 0 0 0 0.2 0 0 0 0 0 0 0 0 0 0 0 0 0 0 0 0 0 0 0 4 0 0 0 2.2 0 0 0 0 
 0.4 0 0 0 0 14.8 0 0 0 0 0 0 0 0 0 0 0.6000000000000001 0 0 0 42.2 0 25.200000000000003 29.400000000000002 13.600000000000001 23 54.6 30.6 16.400000000000002 62.400000000000006 52.2 39.6 21 8.4 39.400000000000006 26.400000000000002 44 37.2 50.6 8.200000000000001 0 0 0.4 0 0 0 0 0 0 0.4 0 0 2.4000000000000004 0.4 12.8 0 0.8 0.4 0 0.2 0.6000000000000001 0 0.6000000000000001 0.6000000000000001 0.4 1.4000000000000001 10.8 0 0 0.2 0.2 0 0.4 0.4 0.4 0 0 0 0 0 0 0 0 0 1.4000000000000001 0.4 0 0 0 0 0 0 0 0 0 0 0 0 0 0 1.4000000000000001 2 2 9.200000000000001 1.8 2.4000000000000004 2.8000000000000003 0 0 3.4000000000000004 0.2 0 2.8000000000000003 4.800000000000001 0 0.4 9.600000000000001 4.800000000000001 2.2 5.800000000000001 0 0 0 0 0 0 0 0 0 0 0 0 2 1.6 0 0 0 0 0 0.8 2.4000000000000004 0 0 0 0 0 0 0 0 0 0 4.800000000000001 0 0 0 0.4 0 0.2 0 0 0 0 0 0 0 1.4000000000000001 0 0 0 0 0 0 0 0 0 0 0 0 0 0 3.2 6.6000000000000005 2 0 6 2.2 0 1.4000000000000001 8.8 2.8000000000000003 3.4000000000000004 2.8000000000000003 0 7.6000000000000005 3.8000000000000003 12.8 5 4 0 0 0 0 0 0 0 0 0 0 0 0 0.2 0 3.4000000000000004 0 0.4 0 0.4 0 2 0.2 0.2 0 0 0 0 0 0 0 0 0 0 0 0 0 0 0 0.2 0 4.4 0 0 0 0 0 0 0.4 0 0.4 0 0 0 0 0 0 0.6000000000000001 0 0.4 0.4 0.4 0 1.2000000000000002 0 0 0 0.4 0 0 0 0 0 0 0 0 0 0 0 0 0 0 0 0 0.2 0 0 0 0 4.2 0 0 0 
 0.4 0.2 0.6000000000000001 0.4 0.4 0.6000000000000001 1.2000000000000002 0.4 14.200000000000001 0.6000000000000001 1.4000000000000001 0.2 0.6000000000000001 0.8 0.6000000000000001 0.2 1.2000000000000002 0.4 0.6000000000000001 1.2000000000000002 53 25.200000000000003 0 61.6 13 19.8 57.400000000000006 28 66.2 14.200000000000001 57.400000000000006 51 19.200000000000003 32.6 8.8 38.400000000000006 18.6 101.4 64 63.6 0 0 0 0 0 0 0 0 0 0.4 0 0.2 0 0.4 0 0 1 0 12.600000000000001 13.4 0.6000000000000001 0.2 0.6000000000000001 0 0.2 0.6000000000000001 0.6000000000000001 0 0 0.4 0.2 0 0.4 0.4 0 0 0 0 0 0 0 0 0 0 0 0 0 0 0 0 0 0 0 0 0 0 0 4 0 0 0 2 2.2 8.200000000000001 3.8000000000000003 2.8000000000000003 4.2 3.4000000000000004 3 10.200000000000001 5.800000000000001 4.4 3.8000000000000003 7.6000000000000005 2.4000000000000004 8 0 0 0 2.2 3.2 0 0 0.4 0 0 3.2 0 0 0 0 0 0.6000000000000001 0 0 0.6000000000000001 0.2 0 0.2 3.4000000000000004 0 0.2 0.4 0 0.4 0.2 0 0 1.2000000000000002 0 0 1.2000000000000002 0 0 1.8 0 0 0 0 0 0 0 0 0 0 1.8 0 0 0 0.4 0 0 0 0 0 0 0 0 0 0 3.6 4.4 5.6000000000000005 9.4 5 0.2 0 0 0 1 2.2 7.6000000000000005 0 0 1.8 1.8 3.8000000000000003 8.4 0 0 0 0 0.2 0 0 0 2.8000000000000003 5.800000000000001 0.4 0 0 0 4.6000000000000005 2 0 0 0 0 0 1 0 0 0 0 0 0 0 0 0 0.2 3.2 0 0 0 0 0 0 0 0 0.4 0 0 3.4000000000000004 0 0 0 0 0 2 0 0 0 0 0 0.2 0 0 30.6 1.6 0 2.2 0 0 0 0 0 0 0 0 0 0 0 0 0 0 0 0 0 0 0 0 0 0 0 0 3 0 0 0 0 
 0.4 0.4 0.4 0.4 0.4 0.4 0.4 0.4 0.4 0.4 0.4 0.4 0.4 0.4 0.4 0.4 0.4 1.4000000000000001 12 0.4 15.8 29.400000000000002 61.6 0 43.2 49.400000000000006 20.8 16.2 33.6 36.2 36 9.4 14 16.8 13.200000000000001 23.6 54.400000000000006 11.4 12.600000000000001 26.8 0 0 0.2 0 0.4 0 0 0.2 0 15.4 0.4 0 14.200000000000001 0.4 0 0 1 0 24.6 6.800000000000001 0.6000000000000001 0.4 0.6000000000000001 0 0.4 0.4 0.6000000000000001 0 0 0.8 1.4000000000000001 0.4 0.4 0.4 0 0 0.6000000000000001 0 0 0 0 0 0 0 0 0 0 0 0 0 0 0 0 0 0 0 0 0 0 0 0 0 2.8000000000000003 12.200000000000001 7 0 1.8 0 4.4 1.2000000000000002 10 6.6000000000000005 0 0.2 0 0 6 0.2 0 0.2 2.8000000000000003 0 0 0 0 0 5.6000000000000005 5 6 0 0 0 0 2 0.2 1.2000000000000002 2.4000000000000004 0 4.2 5 0 1.8 0 0 0 0 1.4000000000000001 0 0 0 0 0 0 0 0 0 0 0 0 0 0 0 0 0 0 0 0 0 0 0 0 0 3.2 0 0 0 0 0 0 0 0 0 0 11.600000000000001 0.2 1.4000000000000001 0 0.4 3 4.6000000000000005 3 2.2 0.2 0 0 0 2 14 0 0 7 3 1.6 0.2 0 0 10 3.4000000000000004 2.4000000000000004 0 0 0 10 2.4000000000000004 2.6 0 2.4000000000000004 0 4.4 2.8000000000000003 0 1.2000000000000002 0 0 0 0 0 0 0.2 0 0 0 0 0 0 0 0 0 0 0 0 0 10.200000000000001 0 0 0 0 0 0 0 0 0 0 0 0.8 0 0 0.6000000000000001 0.4 0 0.4 0 0 0 0 0.4 0.4 0 0 0 0 0 0 2.6 0 0 0 0 0 0 0 0 0 0 0 0 0 0 0 0 
 0 0.2 0 0 0 0 0 0 0 0 0 0 0.4 0 0 0 0.4 0 0 0 10.4 13.600000000000001 13 43.2 0 14 37.800000000000004 13.200000000000001 27 50.2 97.60000000000001 23.8 16.400000000000002 13.4 54.400000000000006 44 83.60000000000001 13.600000000000001 9.4 16.6 0 0 0 0 0 0.6000000000000001 0 0.2 0 0.4 0 0.6000000000000001 0.6000000000000001 0.4 0.2 1.4000000000000001 0.6000000000000001 0.2 10.4 0.2 0.6000000000000001 0 0.6000000000000001 0.6000000000000001 0.2 0 0.6000000000000001 0.4 0 0.6000000000000001 0 0 2.4000000000000004 0.4 0 0 0 0 0 0 0 0 0 0 0 0 0 0 0 0 0 0 0 0 0 0 0 0 0 0 0 3.2 2.2 0.4 7.2 5.4 0 0 3.2 3.4000000000000004 3.8000000000000003 3 0 3.4000000000000004 0 0 6.6000000000000005 10.4 0 2.6 0 0 0 0 0.4 0 0 4 0 0 0 0 0 3.2 0 0 0 0.4 2.8000000000000003 0.8 0 0 0 2.2 0 0 0 0 0 0 0 0 0.6000000000000001 0 0 0 0 0 0 0 0 0 0 0 0 0 0 0 0 0 0 0 1.2000000000000002 0.2 0 0 0 0 0 0 2.8000000000000003 5.4 2 9.600000000000001 10 5.6000000000000005 0 0 4.2 5.2 5.800000000000001 2.2 0 2.8000000000000003 0 2 0.2 2 0 0 4 0 0 0 0 0 0.4 1.4000000000000001 8.4 0 0 0 3.6 0 3.8000000000000003 2 0.4 0 2 1 0 0 0 0.4 0 0 0 0 0 0 0.2 0 0 0 0 0 0 0.4 0 0 0 0 0 0 0 0 0 0 0 0 0 0 0 0 0 0 0.4 0.2 17 0.4 0.2 0 0 0 0 0 0 0 0 0 0 0 0 0 0 0 0 0 0 0 0 2.2 0 0 0 0 4.6000000000000005 0 0 0 
 0 0 0 0 0 0 0 0 0 0 0 0.4 0.4 0 0.4 0 0 0 0 7.4 7.6000000000000005 23 19.8 49.400000000000006 14 0 5.800000000000001 3.6 8.6 25.8 34.4 12.600000000000001 8.6 9.8 9.8 73.2 8.4 58.400000000000006 9 9 12.600000000000001 12.4 12.4 13.200000000000001 0 0 1 19.400000000000002 0.4 0.8 0 0 17.8 1 0 11.4 1.2000000000000002 0 18.400000000000002 18 0.6000000000000001 0.2 0.6000000000000001 0 1.2000000000000002 0 0.8 0 0 0.4 0 0.2 1.2000000000000002 0.8 0 0 0 0 0 0 0 0 0 0 0 0 0 0 0 0 0 0 0.4 0 0 0 0 0 0 0 0 0 1.6 0 8.8 0 0 0 0 0.8 2.4000000000000004 0.4 0.4 0 0 0 3.4000000000000004 1.2000000000000002 0 0 2.6 1.8 0.4 0 0 3 1.6 0.6000000000000001 2.8000000000000003 0.6000000000000001 2.6 0 0 1.8 3.6 3 2.4000000000000004 0 0.2 6.4 0 0 0 0 0 0 0 0.6000000000000001 0 0 0 0 0 0 1.8 0 0 0 1.8 0.2 0 0.4 0 0 0 0.6000000000000001 0 0 0 0 0 0 0 0 0 0 0 0 0 1.2000000000000002 0 0 2.8000000000000003 4.6000000000000005 2 0 0 1.6 1.6 1.6 1.8 0.2 0 2.4000000000000004 0 5.6000000000000005 1.4000000000000001 6 0 0 6.2 2 3.6 6.6000000000000005 0 0 2.4000000000000004 3.6 3.6 2.2 1.8 0 0 0.2 10 2.2 0 2.4000000000000004 6 5 0 0 0 0 0 0 0 0 0 0 0 0 0 0 0 0 0 0 1.8 0.8 0 0 0 0 0 0.6000000000000001 0 0 0 0 0 0 0 0 2 0 0.2 1 0 0.4 0.4 0.2 0.4 0 0 0 0 0 0 0 3.6 0 0 0 0 0 0 0.2 0 0 0 0 0.4 0 2.4000000000000004 0 0 0 0 0 
 0.6000000000000001 0.6000000000000001 0.6000000000000001 0.6000000000000001 0.6000000000000001 19 7.2 1 0.6000000000000001 0.6000000000000001 0.6000000000000001 0.6000000000000001 0.8 0.6000000000000001 1.2000000000000002 0.6000000000000001 0.6000000000000001 0.6000000000000001 0.6000000000000001 0.6000000000000001 33.4 54.6 57.400000000000006 20.8 37.800000000000004 5.800000000000001 0 19.6 27.6 66.4 9.4 24.8 47 32.6 52.6 43.2 24.8 17.6 46 43 0 0 0 0 0 0 0.2 0 0 0.4 0 0 0 0.4 0 1.6 0.6000000000000001 0 0 0.2 0.6000000000000001 0 0.6000000000000001 3.4000000000000004 0.2 10 0.6000000000000001 0 0 0.4 0.2 0 0.4 0.4 0 0 0 0 0 0 0 0 0 0 2 1.8 0 0 0 0 0 4 0 0 0 0 0 0 0 0 3.8000000000000003 10 1.6 6.4 0 3 7.6000000000000005 2.4000000000000004 9.200000000000001 1.8 0 0 3.4000000000000004 5.4 2.6 0 0 8.6 6.2 2.4000000000000004 0 0 0 0 0 0 0 0 0 0 0 0 0 2 0 0 0 0 0.2 0 0 0 0 0 0 0 0 0 0 0.2 0 0 0 0 0 0 0 0.8 0 0 0.6000000000000001 0 0 0.6000000000000001 0 7.2 0 0.2 0 0 0 0 0 0 0 0 0 0 0 0 2.6 4.4 3.8000000000000003 0 4.800000000000001 1.6 4 0.2 2.4000000000000004 6 6.4 5.6000000000000005 0.2 4.2 3.8000000000000003 2.4000000000000004 14.8 0.2 2.2 0 0 0.2 0 0.2 0 0 0 0 0 1.2000000000000002 0 0 0 0 0 0 0 0 0 0.2 0 0 0 0 0 0 0 0 0.2 0 0 0 0 0 0 0 0 0 0 9.4 0 0 0 0 0 0 0 0 0 0 0 0 0 0 0.2 0 0 16 6.2 0 0.6000000000000001 0 0 0 0 0 0 0 0 0 0 0 0 0 0 0 0 0 0 0 0 2 0 0 0 3.8000000000000003 0.8 0 0 0 
 0 0.2 0 14.600000000000001 16.2 12.200000000000001 0 0 1.2000000000000002 0.2 0 0.2 0 0 0 0.2 0 0.6000000000000001 0 40.6 45.2 30.6 28 16.2 13.200000000000001 3.6 19.6 0 38 9.8 26.8 49 37.2 55.800000000000004 29.400000000000002 52.800000000000004 9.600000000000001 28.400000000000002 27.6 15 0 0 0 0.4 0.6000000000000001 0 0 0 0 0.4 0 0 0 0.4 0 0 0.6000000000000001 0 0 0 0.6000000000000001 0 0.6000000000000001 0 0.4 0 0.6000000000000001 0 0 0 0.6000000000000001 0 0.4 0.4 2.4000000000000004 0 0 10.200000000000001 1.2000000000000002 0 0 0 0 0 2.4000000000000004 0.2 0 0 0 0 0 0 0 0 0 0 0 2.4000000000000004 0 0 1.8 0.2 1.8 2.4000000000000004 2.8000000000000003 9.200000000000001 2.6 6 0 3 0 3 0 2.6 3.8000000000000003 8.200000000000001 0 2.6 2 1.4000000000000001 0 0 0 0 0 0 0 0 0 0 0 0 3.8000000000000003 0 0 0 0 0 2.4000000000000004 1.6 0 0 0 0 0 0 0 0 4 0 0 1 0 0 0 0 0 0 0 0 0 0 0 0.2 1.6 7.6000000000000005 0 0 0 0 0 0 0 0 0 0 0 0 0 0 5.800000000000001 6.2 1.2000000000000002 2.6 1.8 5 0.2 0 7.2 4.800000000000001 1.6 1.2000000000000002 0.8 0 2.6 3.2 2 3.4000000000000004 0 0 0 0 0 0 0 0 0 0 0 0 0 0 4 0 0 0 0 0 0 0 0 0.4 0 0 0 0 0 0 0 0 0 0 0 0 0 0 0 0 0 0 0 0 0 0 0 0 0 0 0 14.8 0 0 0 0 1.2000000000000002 0 0 0.4 0.4 0.8 2.2 0 0 0 0 0 5.4 0 0 0 0 0 0 0 0 4.2 0 0 0 0 0 0 0 0 0 0 0 0 0 0 
 0 0 0 0 0 0.2 0 0 0 0 0.2 0 0 0 1 0 0.6000000000000001 0 0 0 20.400000000000002 16.400000000000002 66.2 33.6 27 8.6 27.6 38 0 92.2 11.8 78.60000000000001 27.6 18 32 59.800000000000004 46.400000000000006 68 12 28.400000000000002 0 1.2000000000000002 0 0.6000000000000001 0 0 0.8 0 0.8 2.2 0.6000000000000001 11.8 0 0.4 0 1.2000000000000002 1.8 0 0 1 0.6000000000000001 0 0.6000000000000001 0.8 0.4 0 0.6000000000000001 0 13 0.8 0 0.4 0.4 0.4 0 0 1 0 0 0 0 0 0 0 0 0 0 0 0 0 0 0 0 0 1.2000000000000002 0 0 0 0 0 1.8 1.2000000000000002 7.2 2 2 0 2.4000000000000004 1.6 11.200000000000001 9 0.4 1.6 0 8.4 6.2 14.4 2.6 1.4000000000000001 0 2 0 0 0 0 0 0 1.4000000000000001 0 0 0 0 0 3.6 0.4 0 0 0 0 4.6000000000000005 6.6000000000000005 0 0.2 0 0 0 0 0 0 0.8 0 0 0.6000000000000001 0 0 0 0 0 0 0 0 0 0 0 3 0 0 0 0 0 0 0 0 0 0 0 0 0 0 0 0 2.4000000000000004 9.4 2 0 4.800000000000001 6.6000000000000005 2.6 2.2 11.8 6.2 1.2000000000000002 2 2.8000000000000003 0 0 2.4000000000000004 2 13.600000000000001 4 0 0 0 0 0 0 0 0 0 0 0 0 0 1.8 0 0 0 0 0 0 0 0 0 0 0 0 0 0 0 0 0 0 0 0 0 0 0 0 0 0 0 0 0 0 0 0 0 0 0 0 0 0 0 0 0 0 0.4 0 8 15.8 0 2.8000000000000003 0.4 0.2 0 0 0 0 0 0.4 0 0 0 0 0 0 0 0 0 0 0 0 3.8000000000000003 0 0 0 0 0 0 0 0 
 0 0 0 0 15.4 14.8 0.2 0 0 0.2 0.4 0 0 0 0.4 0 0.2 0 29.6 6.6000000000000005 66.8 62.400000000000006 14.200000000000001 36.2 50.2 25.8 66.4 9.8 92.2 0 15 83 19.200000000000003 61.400000000000006 42.6 38.6 7.6000000000000005 25 15.4 31.8 0 0 0 0.2 0.4 0.6000000000000001 0 0 0 2 0 0.8 0 0.8 0 1.2000000000000002 0.6000000000000001 0 12.8 0 0.6000000000000001 0 0.6000000000000001 1.6 0.4 0 0.6000000000000001 0 0 0.2 0.2 0 1.6 0.4 0.6000000000000001 12.4 0 0 0 0 0 0 0 0 2 0 0 0 0 0 0 0 0 0 0 0 0 0 0 0 1.2000000000000002 0.4 2.4000000000000004 2.4000000000000004 0 4 2.4000000000000004 0 9 5 1.4000000000000001 0.2 0 3.6 3 0 2 4.4 0 2.4000000000000004 0.2 0 0 0 0 0 0.2 6.2 0 0 0 0 0.2 2 0 0 0 0 1.6 2.4000000000000004 1 0 0 0 0 0 0 1.2000000000000002 0 0 0 0.4 0 0.4 0 0 0 0.2 0 0 0 0 0 0 0 1.8 0 0 0 0 0 0 0.2 0 0 0 0 0 0 0 2.4000000000000004 2.2 3.8000000000000003 4 4.4 0 2.8000000000000003 2 5 8 3.8000000000000003 6 0 6.800000000000001 0.2 5.2 7.2 5.800000000000001 0 0 0 0 0 0 0 0 2.4000000000000004 3 0 0 0 0 6 0 1.6 0 0 0 0 0 0.2 0.2 0 0 0 0 0 0.2 0 0 0 0 0 0 0 0 0 0 0 0 0 0 0 0 0 0 0 0 0 0 0 0 0 0 0.4 0 0 0.8 0.4 0 1.8 0.2 0 0 0 0 0 0 0 0 0 0 0 0 0 0 0 0 0 0 0 0 0 0 0 0 0.2 0 0 0 
 0.8 1.2000000000000002 0.4 1.2000000000000002 0.4 0.4 0.4 0.4 0.4 0.4 0.8 0.4 1.4000000000000001 0.4 1 0.4 0.8 0.4 7.6000000000000005 0.4 122.2 52.2 57.400000000000006 36 97.60000000000001 34.4 9.4 26.8 11.8 15 0 42 48.2 48.2 13.200000000000001 29.8 47 7.800000000000001 25.200000000000003 26.8 0 0 1 0 41.800000000000004 0 0 0 0 0.4 0 0.4 13.200000000000001 0.4 0 0 1 0 18.400000000000002 5.800000000000001 0.6000000000000001 2.2 0.6000000000000001 0 0.2 0 0.6000000000000001 0 0 0.4 0 0 0.4 0.4 0 0 0 0 0 0 0 0 0 0 0 0.4 0 0 0 0 0 0 0 0 0 0 0 0 0 0 2.6 0 0.4 5.800000000000001 16.400000000000002 6.6000000000000005 0.4 0 4.6000000000000005 0.2 5.4 6.6000000000000005 0 0 4.4 0.2 3.8000000000000003 5.2 0 0 6.4 0 0 0 0 0 5 0 0 0 0 0 1.2000000000000002 1.8 0.2 1.2000000000000002 2.4000000000000004 0 0.2 6 0 0 0 0.4 0 0 0 0 0.8 0 0 0.2 2.6 0 0 0.4 0 0 0 0.4 0 0 0 0 0 0.2 0 0 0 0 0 0 0.4 0 0 0 0 0 0 0 2.2 0.4 4 8.8 2.6 2.2 0 1.8 1.8 5.2 7.6000000000000005 4.4 0.2 2.6 2 0 0 7 0 0 2.8000000000000003 0 1.6 0 0 0 5.2 0 0.2 0 0 0 7.4 2.6 1.2000000000000002 0 0 0 0 1.2000000000000002 0 0 0 0 0 0 0 0 0 0 0 0 0 0 0 0 0 0 0 0 0 0 2.8000000000000003 0 0 0.4 0 0 0 0.4 0 0 0 0 5.2 0 0.4 15.8 0 0.6000000000000001 1 0.4 0 0 0 0 0 0.4 0 0 0 0 0 0 0 0 0 0.4 0 0 0 0 0 0 0 2.8000000000000003 0 0 0 0 
 0 0 0 0 0 0 0 0.6000000000000001 0 0 0 0 0 0 0.4 0 0 0 0 0 52 39.6 51 9.4 23.8 12.600000000000001 24.8 49 78.60000000000001 83 42 0 9.8 7.6000000000000005 21.8 61.400000000000006 40.6 20.400000000000002 10 7.4 0 0 0.2 0 0 0 0 0.4 0 0.4 0 1 0 0.6000000000000001 0 0 1.6 0 12.4 4.6000000000000005 0.6000000000000001 0 0.6000000000000001 2.6 0 0 0.6000000000000001 0 0 1 0 0 0.4 0.4 0 0 0 0 0 0 0 0 0 0 0 0 0 0 0 0 0 0 0 0 0 0 0 0 0 0 5.800000000000001 0 3.8000000000000003 7.2 4 3.2 0 0 2.4000000000000004 1 2.2 1.8 0 1.4000000000000001 2 0 4.2 1.4000000000000001 0 0 2.4000000000000004 0 0 0 0 0 0 7.6000000000000005 3.8000000000000003 0 0 0 3 0 0 0 0 0 1.2000000000000002 2 0 2.4000000000000004 0 0 0 0 1.6 0 0 0.2 0 0 0 0 0 0 0 0.2 0 0 0 0 0 0 0 1 0 0 0 0 0 0 0 0 0 0 0 0 0 0 3.4000000000000004 3.4000000000000004 2 9 1.6 0 2.2 4.2 6.800000000000001 8 4.2 0 0.2 5.2 0 3.8000000000000003 3 6.800000000000001 0 0 3.4000000000000004 3 0 0 0 0 0.2 3 2.4000000000000004 0 0 0 3.6 4.6000000000000005 3.8000000000000003 0 2.4000000000000004 0 0.2 1.2000000000000002 0 0 0 0 0 0 0 0 0.2 0 0 0 0 0 0 0 0 0 0 0 0 0 0 0 0 0 0 0 0 0.4 0 0 0 0 3 1.2000000000000002 0.2 0.4 0 0 1.6 0 0 0 0 0 0 0 0 0 0 0 0 0 0 0 0 0 0 0 0 0 0.2 0 0.4 0 0 0 0 0 
