 0 85 29 16.6 51.6 9.600000000000001 59.400000000000006 13.8 27.6 6.6000000000000005 16.2 49.2 73.60000000000001 44.6 44.800000000000004 50.6 8.6 105.80000000000001 13.200000000000001 9 0 0 0.4 0 0.6000000000000001 15.4 0.4 0 0.8 0.6000000000000001 0.6000000000000001 1.2000000000000002 0.8 0.6000000000000001 0.6000000000000001 0 0.6000000000000001 0.6000000000000001 0.6000000000000001 0 0 0 0.6000000000000001 0.6000000000000001 1 0.4 0 0.4 0 13.4 0.6000000000000001 0.6000000000000001 0.4 0.6000000000000001 0.6000000000000001 1.2000000000000002 1 0.6000000000000001 0.6000000000000001 0 0 0.6000000000000001 0 0.4 0.6000000000000001 0 0.4 0.6000000000000001 0 0.4 0.4 0.6000000000000001 0.4 0.2 0.2 1 0 0.8 0 0 0 4 0.4 8 0 0 3.8000000000000003 2.6 4.2 0 3.6 0.4 6.6000000000000005 4.4 4.6000000000000005 0.4 2 0 0 0 0 0 0 0 0 0 2.8000000000000003 0 0 0 0 0 0 0 0 0 0 0 0.4 0 0 0 0 0 2.8000000000000003 0 0 0 0 0 0.4 0 0.2 0 0 0 0 0 0 0 0 0 0 0 0 0 3.6 0 0 0 0 0.6000000000000001 0 0 0 0 0 0 0 0 1.2000000000000002 2 0.8 0 0 0 3.2 1.8 0.6000000000000001 1.8 7.800000000000001 2.2 1.8 9 4 0.4 0.4 0 3.8000000000000003 0 0 0 0 0 0 0.2 0 0 0 0 0 0 0 0 0 0 0 0 0 0 0.2 0 0 0 0 0 0.2 0 0 0 4.2 0.2 0.4 0 0 0 0 0 0 0 0 0 0 0 0 0 0 0 0 0 0 0 0 2.8000000000000003 0 0 0 0 0 2.8000000000000003 0 0 0 0 2.2 0.4 0.4 0 0.4 0.2 1.2000000000000002 1 0 0 0 0 0 0 0 0 0 0 0 0 0 0 0 0 0 0 0 0 0 0 0 4.2 0 0 0 0 0 0 0 0 0 0 0 0 0 0 
 85 0 22.200000000000003 20.200000000000003 44.400000000000006 59 58.2 42.6 10 12.600000000000001 12.8 9 29.6 77.60000000000001 67.8 25.6 67.4 9.600000000000001 28.6 52.2 41 0 0.4 0 0 0 0.8 0 1 0.6000000000000001 0 0.6000000000000001 0.6000000000000001 0.6000000000000001 0.6000000000000001 0 0 0.4 0.6000000000000001 0 0.8 0 0 0.4 0.6000000000000001 1.2000000000000002 0 0.4 0 0.4 0 1 0.6000000000000001 0.6000000000000001 0.6000000000000001 0.6000000000000001 0.4 1 0.4 0 0.2 0.6000000000000001 0 0 0.4 0 0.4 0.6000000000000001 0 0 0.4 0.6000000000000001 0.4 4.2 0 0.6000000000000001 0 0.4 0.4 0 7.2 1.8 4 6 0 0 4.800000000000001 6 7.2 0 3 0 6.4 5.2 2.6 6.800000000000001 3.8000000000000003 2.6 2.8000000000000003 2.4000000000000004 0 0 0 0 0 0 0 2 0 0 0 0 0 0 0 0 0 0 0 0 0 0 0 0 0 0 0 0 0 0 0 0.2 0 0 0 0 0 0 1.8 0 0 0 2.8000000000000003 2.2 0 0 0 0 0 0 0 0.6000000000000001 0 0 0 0 0 0 0 0 3 4 2 4.4 3.2 0.8 2.8000000000000003 7.4 1.8 0 16.8 0 0 2.6 0 0.2 0.2 0 3 0 0 0 0 0 0 0 0 0 0.4 0 0 0 0 0 0 0 0 0 0 0.4 0 0 0 0 0 0 0 0 0 0 2 0.8 0 0 0 0 0 0 0 0 0 0 0 0 0.4 0 0 0 0 0 0 0 0.4 0 0 0 0 0 0 0 0 0 0 0 0 0 1 0 0.4 17.400000000000002 0 0 5.2 0 0 0.8 0 0 0 0 0.2 0 4.6000000000000005 0.4 0 0 0 0 0 0 0 0 0 0 0 1.6 3.8000000000000003 0 0 0 0 0.2 0 0 0 0.4 0 0 0 0 
 29 22.200000000000003 0 31.8 14.200000000000001 4.4 15.200000000000001 18 40.6 35.2 63.400000000000006 22.200000000000003 34 25 36.2 29 47 51.2 28.6 20.400000000000002 0 0 0.4 0 0 0 0.4 0 0.4 0.6000000000000001 0 0.8 14.8 0.8 1 0 0 0.6000000000000001 0 14.8 0 0 0.4 0.2 0 12.8 0 0.4 0 0 0 0.4 1.2000000000000002 0 0.6000000000000001 8.8 0 0.6000000000000001 0.6000000000000001 0 0 0 0 0 0.8 0 6.800000000000001 0.6000000000000001 0 0 0 0.4 0.4 0.2 0 0.6000000000000001 0 1 0.4 0 1.8 0 7.4 0 6.6000000000000005 3.4000000000000004 0 0 1 4.4 3.2 5.2 2.8000000000000003 0.2 6.2 4.800000000000001 3 0 0 1.8 0 2.6 0 0 0 0 0.2 0 0 0 0 0 0 0 1.6 0 0 0 7 2.8000000000000003 0 0 0 0 0 0 0 0 0 0 0 1.6 0 0 0 0 0 0 0 0 0 0 0 0 0 0 0 0 0 0 0 0.8 0 0 0 0 0 0 3 0 0 2.8000000000000003 2.6 2.8000000000000003 5.6000000000000005 0 0.2 5 2.4000000000000004 4 0 0 1.8 0 9.8 8.200000000000001 1 6.2 0 2.6 0 0 0 0 0 0 0 2.8000000000000003 0 0 0 0 5.2 3.2 0 0 0 0 1.4000000000000001 0 0 0.2 0 0 0 0 3.8000000000000003 0 0 0 0 3.6 0 0 0 0 0 0 0 0 0 0 0 0 0 0 0 0 0 0 0 0 0 0 0 0 0 0 0 0 0 0 0.6000000000000001 0 0 0.4 1.8 0 1 0.2 0 1.2000000000000002 0.2 0 0 0 0 0 0 0 0 0 0 0 0 0 0 0 0 0 0 0 0 0.4 0 0 2.2 0 0 0 0 0 0 0 0 0 0 0 0 0 
 16.6 20.200000000000003 31.8 0 34.6 25 31.400000000000002 11.8 24.200000000000003 57.800000000000004 33.6 12.600000000000001 33.6 23 13.4 72.60000000000001 67.60000000000001 25.8 18 56.800000000000004 0 0 0.4 0 12.4 0 0.4 0 4.6000000000000005 0.6000000000000001 0 0 0.2 12.4 0.6000000000000001 0 0 0.2 0.2 14.8 0 0 0 0 0 0 0 0.4 0 0 0 0 0.4 0 0.6000000000000001 0.6000000000000001 0 0.6000000000000001 0.6000000000000001 0 0 0 0 0 2.8000000000000003 0 0.4 1.6 0 0 2.2 3 0.4 2.6 3.6 0.6000000000000001 1 0.6000000000000001 0.4 0.2 2 0 2.8000000000000003 0 4 5 0 0 0.4 2 8.4 2 0 0 0.2 0 3.4000000000000004 0.2 0 2.6 0.2 0 0 0 0 0 1.6 3.2 0 0 0 0 2.4000000000000004 0 2 0 0 0 1 7.6000000000000005 0 0 0 0 0.2 0 0 0 0 0.2 0 1.4000000000000001 0 2.2 0 0 0.2 0 0 0 0 0.2 0 0 0 0 0 0 0 0 0 0 0 0 0 0 0 0 0 0 0 6 0 7.4 3.8000000000000003 0 0 2.2 0 0 2.4000000000000004 0 2.6 0 2.6 1.2000000000000002 0.2 8.200000000000001 0.6000000000000001 0.2 0 0 0.2 0 0 0 5.2 0 0 0 0 0 0.6000000000000001 0.2 0 0 0 0.2 0.2 0 0 0 0 0 0 0 0 0 0.4 0 0 0 0 0 0 0 0 0 0 3.8000000000000003 0 0.2 0 0 0 0 0 0 0 0 0 0 0 0 0 0.4 0 0 0 0 0 0 0 0 0 0.2 0 0 10 3 0.2 0.4 0 0 0 0 0 0 0 0 0 0 0 0 0 0 0 0 0 0 0 0 0 0 0 2.2 0 0 0 0 0 0 0 0 0 0 0 0 0 0.2 
 51.6 44.400000000000006 14.200000000000001 34.6 0 30 32 31.200000000000003 15.8 45.2 39 21.400000000000002 61 17.2 37.800000000000004 18.400000000000002 40.800000000000004 68.4 18.400000000000002 61 0 20.200000000000003 10 0 0 0 1 22.200000000000003 0 0.6000000000000001 0 0 14.8 14.8 15.200000000000001 0 27.8 0 29.6 45.6 0 0 0 0 0 0 0 0.4 0 0.2 12.8 0 0.4 0 0.6000000000000001 0.6000000000000001 0 0.6000000000000001 0.6000000000000001 0 0 0 0 0 0.6000000000000001 0 8.8 0.6000000000000001 0 0 0 0 0.4 1 0 0.6000000000000001 0 0.6000000000000001 0.4 0 8.6 0 3.2 0 3 1.2000000000000002 0 0 4 0 4.6000000000000005 0 0 0 5.4 0 0.2 6.800000000000001 0 0 2.2 5 0 0 0 0 1.8 3.2 1.6 2 0 0 4.800000000000001 2 2.4000000000000004 5.6000000000000005 0 0 6 0.2 0 0 0 3.2 0 0 0 0 0 0 0 0 0 0 0 0 0 0 0.2 0 0 0 0.8 0 0 0 0 0 0 0.4 0 0 0 0.4 0 0 0 0.4 0 0 2.4000000000000004 0 0 2.6 2.4000000000000004 2.2 0.2 2 2 0 4.4 6 0 0 2.8000000000000003 0 0 0 0.2 2.8000000000000003 0 2.8000000000000003 1.8 0 0 0 1.8 2 0.4 5 3.2 0 4.800000000000001 2.4000000000000004 3.4000000000000004 0.4 0 2 6 3.4000000000000004 0 0 0 0 0 2.6 0 0 0 0 0 0.2 0 0 0 0 0 0 0 0 0 0 0 0 0.4 0 0 0 0 0 0 0 0.4 0 0 0 0 0 0 0 0 1.4000000000000001 0 0 0 19.200000000000003 35.4 0.4 0.2 17.6 0 0.4 2.6 0 0 0 0 0 0 0 0 0 2.4000000000000004 0 0 0 0 0 0 0 0 0 0 0 0 0 0 1.6 0 0 0 0 0 0 0 0 0 0 0 0 
 9.600000000000001 59 4.4 25 30 0 48.2 8.200000000000001 9.8 13 15.4 11.4 9.4 8.6 72 56.6 11 15.4 10.200000000000001 10.600000000000001 3.6 36.2 15.8 0 0.2 0 17.8 7.2 0 0.6000000000000001 0 0 15.600000000000001 18.400000000000002 8.8 14.8 27.200000000000003 0 17.6 22.8 0 0 0 1 0 0 0 0.4 0 0.4 12.8 0 0.4 0 0.6000000000000001 0.6000000000000001 0 0.6000000000000001 0.6000000000000001 0 0 0 0 0 0.6000000000000001 0 0.6000000000000001 0.6000000000000001 0 0 0 0.6000000000000001 0.4 0 0 0.6000000000000001 0 0.6000000000000001 0.4 0 0 2.6 0 2.6 1.4000000000000001 8.4 0 0 0 0.4 0 1.4000000000000001 0 0 0 2.2 0 0 0 0 4.6000000000000005 0 0.4 0 0 0 2.2 10.8 2.2 12.600000000000001 3.8000000000000003 0 3.6 4.4 6.2 3.8000000000000003 0 0 7.4 2.2 0 0 0 0 0 0 0 0 0 0.2 0 0.2 0 0 0 0 0 0 0 0 0 0 0 0 0 0 0 0 0 0 0 0 0 0.2 0 0 0 0.2 0 0 0.2 0 0 0.8 0.8 0 0.4 0 0 0 0 0.2 0 0 0 0 0 0 0 0 6.6000000000000005 6.6000000000000005 3.4000000000000004 2.6 0 0 7.6000000000000005 0 3.4000000000000004 2.4000000000000004 2.8000000000000003 0 6.2 7.800000000000001 8.8 6 10 5.6000000000000005 7.4 9 0 0 0 0 0 0 0 0 0 0.4 0 0 0 0 0 0 0 0 0 0 0 0 0 0.2 0 0 0 0 0 0 0 0 0.2 0 0 0 0 0 0 0 0 2 0 0 0 0 0.4 0 0 0 0.4 1.2000000000000002 0.4 0 0.2 0 0 0 0 0 0.2 0 0 0 0 0 0 0 0 0 0 0 0 0 0 0 0 0 0 0 0 0.2 0 0 0 0 0 0 0 0 
 59.400000000000006 58.2 15.200000000000001 31.400000000000002 32 48.2 0 36.800000000000004 8.200000000000001 49 5.800000000000001 46.400000000000006 56.800000000000004 80.4 62.2 84.2 15 11.4 47.400000000000006 27.6 0 0 0.4 0 0.6000000000000001 0 0.4 0 0.4 0.6000000000000001 0 0 0 1.2000000000000002 0.6000000000000001 0 0 0.2 0.2 0 0 0 0.6000000000000001 0 0 0 0.6000000000000001 1 0 0 0.4 0 0.4 0 13.200000000000001 1.2000000000000002 0 0.6000000000000001 0.6000000000000001 0.6000000000000001 0.2 0 0 0 0.6000000000000001 0 0.4 0.6000000000000001 0 0 0 0.2 0.4 0.4 0 0.6000000000000001 0 0.4 0 0 5.4 3.6 6.4 0 0 1.6 1.6 0.4 5.4 12.4 3 3.4000000000000004 7 0.4 2 6.800000000000001 4.2 2 0 4 0 0.2 0 0 0 0 0 0 0 0 0 0 0.2 0 0 0 0 0 0 0 0 0 0 1.4000000000000001 0 0 0 0 1.4000000000000001 0 1.6 1.6 0 0 0 1.6 0 0 0 0 0 1.6 2 0 0.2 0 0 0 0 0 0 1.4000000000000001 0 0 0 0 0 0 0 2 0.4 2.8000000000000003 0 6.4 0 2.2 0.2 9.600000000000001 0.2 0.4 12.200000000000001 0.2 2 0 3 2.6 0.2 0.2 0 0.4 0 0 0 0 0 0 0 0 0 0 0 0 0.4 0 0 0 0 0 0 0 0 0 1.2000000000000002 1.4000000000000001 0 1.6 0 0 0 0 0.2 0 0 0 3.8000000000000003 0 0 0 0 0 0 0 0.4 0 0 0 0 0 0 0 0 0 1.6 0 0 0 0 0 0 0 0 0 1.6 0 0 0 0.6000000000000001 0 1.4000000000000001 0 0.4 0.6000000000000001 0 0 0.4 0 0 0 0 0 0 0 10.8 0 0 0 0 0 0 0 0 0 0 0 0 0 1.8 0 0 0 0 0 0 0 0 0 0 0 0 0 
 13.8 42.6 18 11.8 31.200000000000003 8.200000000000001 36.800000000000004 0 14 4.6000000000000005 26.400000000000002 22.6 124.80000000000001 55.2 27.200000000000003 26.200000000000003 10 7.4 46.2 14.200000000000001 0 0 0.4 0 0 14.8 0.4 0 0.8 0.6000000000000001 0 0.4 0 0.4 0.6000000000000001 0.2 14.8 0 4.6000000000000005 17 0 0 0 0.6000000000000001 0.6000000000000001 0 0 0.4 0 1 0.6000000000000001 0.6000000000000001 0.4 13.8 0.6000000000000001 0.6000000000000001 0.4 0.6000000000000001 0.6000000000000001 0 0.6000000000000001 0 0 0 0.6000000000000001 0.2 0.4 0.6000000000000001 0 0 0 0.4 0.4 0.2 0 0.6000000000000001 0 0.6000000000000001 0 0.4 3 2.8000000000000003 1.4000000000000001 3 3 6.2 4.2 2.4000000000000004 4.4 3 15.200000000000001 0 1.4000000000000001 5 3.8000000000000003 2.4000000000000004 1.4000000000000001 5.6000000000000005 0 1.6 0 2.6 4.2 3 0 0 0 0 0 0 0 0 0 0 0 0 0 0 5.2 0 0 0 0 0 0 0 0 0 0 0 0 0 0 0 0 0 0 0 0 0 0 0 0 0 0 0 0 0.4 0 0 0 0 0 0 0 0 0 0 0 0 0 8.6 1.8 0 2.8000000000000003 2 2.4000000000000004 3.6 2.6 2.6 0 0 0 0 0 2.2 5.6000000000000005 0 3 0 0 0 0 0 0 0 0 0 0.2 0 0 0 3.4000000000000004 0 3 0 0 0 0.2 3 0 0.2 0 0 0 0 0 0 0 0 0 0 0 0.2 0 0 0 0 0 0 0 0 0 0 0 0 0 0 0 0 0 0 0 0 0 0 0 0 0 0 0 1.8 0 0 0 0.2 0.8 0 0.6000000000000001 0.4 0 1.8 0 0 0 0 0 0 0 0 0.2 0 3.2 0 0 0 0 0 0.8 0 0 0 0 0.4 0 2.6 0 0 0 0 0 0 0 0 0 0 0 3 0 0 
 27.6 10 40.6 24.200000000000003 15.8 9.8 8.200000000000001 14 0 30.6 63.2 45 22.8 21.6 47.400000000000006 62.400000000000006 47 46.800000000000004 36.6 14.4 0 1.2000000000000002 1 0 0 0 0.4 0 0.4 0.6000000000000001 0.4 0.4 15.8 1.4000000000000001 0.6000000000000001 0 0 0.6000000000000001 0 30.400000000000002 0.2 0 0 0.4 0.6000000000000001 0.4 0 0.6000000000000001 0 0 0.6000000000000001 0.6000000000000001 0.8 0.2 0.6000000000000001 1.6 0 0.6000000000000001 1.2000000000000002 0 0 0 0 0 1.2000000000000002 0 0.6000000000000001 0.6000000000000001 0.4 0 1.2000000000000002 0.6000000000000001 0.4 0 1 0.6000000000000001 1.4000000000000001 0.6000000000000001 0.4 0 0 0 1.8 0.8 10 2.8000000000000003 0 0 0.4 2 15.600000000000001 4 2.8000000000000003 0 2.2 5 2.2 4.2 0 0 0 2.8000000000000003 0 0 1.6 0 4 0 0 0 0 0 2 0 1.2000000000000002 0.4 2 0 8.200000000000001 3 0 0 0.6000000000000001 0 3 0 0 0 0 0 0 0 0 0 0 1.8 0.4 0 0.4 0 0 0 0 0 0 0 0 0 0 0 0 0.8 0 0 0 0 0 0 0 0 0 0 4 4.4 7.800000000000001 0 0.2 3.6 0.6000000000000001 3.4000000000000004 6 0.4 0 0 5 7.4 3.2 11.600000000000001 1.2000000000000002 0 0.2 0 0.2 0 0 0 0 3 0 0 0 0 4.6000000000000005 5 0 0 0 0 2.2 0 0 0 0 0 0 0 0 0 0 0 0 3.6 0 0 0 0 0 0 0.4 0 0 0.4 0 0 0 0 0 0 0 0 0 0 0 0 0 0.2 0 0 0 0 0 0 0 0 0 0 0.6000000000000001 0 0 8.8 0 0 0 0 0 0 0.4 0 0 0 0 0 0 0 0 0 0.4 0 0 0 0 0 0 0 0 0 0 0 0 0 0 0 0 0 0 0 0 0 0 0 
 6.6000000000000005 12.600000000000001 35.2 57.800000000000004 45.2 13 49 4.6000000000000005 30.6 0 31 88 9 20 25.200000000000003 41.400000000000006 52.400000000000006 57.800000000000004 14.600000000000001 48.6 0 0.2 0.4 15.4 0 0.4 4 0.4 0.4 0.6000000000000001 0.6000000000000001 0.6000000000000001 29.8 1.2000000000000002 0.6000000000000001 0.6000000000000001 0.8 0 3.6 33 0 0 0 0 0 0 0 0.8 0.4 0.2 12.4 0.4 0.4 0 0.6000000000000001 4.4 0 1 0.6000000000000001 0 0 0 0 0 0.6000000000000001 0 0.4 0.6000000000000001 0 0 0 0.4 0.4 0.2 1.4000000000000001 0.6000000000000001 2.8000000000000003 0.8 0.4 0 0 0 0 5 7 1.8 0 0 0 4.2 3.8000000000000003 3.6 0 0 0 5.800000000000001 0 3 0 0 2 5.2 0 0 0 0 4.2 3.6 0.2 0 0 0 6.4 2.4000000000000004 3.8000000000000003 5.800000000000001 0 0 3.8000000000000003 5.6000000000000005 0 0 0 0 0.2 0 0 0 0 0.2 0 0 0 0 0 0 0.4 0 0 0 0 0.4 1.2000000000000002 0 0 0 0 0 0 0 0 0 0 3 0 0 0 0 0 0 0 0 4.4 9.8 7.4 4.2 0 0 0 3.2 2 7 0 0 0 0.4 0 6.800000000000001 0 0 0 3.4000000000000004 1 0 0.2 0 3.4000000000000004 2 1.4000000000000001 0 0 0 2.6 5.4 3.2 0 0 0.2 4 0 0 0 0 0 0 0 4 0 0.4 0 0 1.4000000000000001 0 0 0 0.2 0 0 0 0 0 0.4 0 0 0 0 0 0 0 0 0 0 0 0 0 0 0 0 0 0 0 0 0 0 0 0 17.400000000000002 0 0.4 0.4 0 0.6000000000000001 0 0 0 0 0 0 0 0 0 0 0 0 0 0 0 0 0 0 0 0 0 0 0 0 1.4000000000000001 1 0 0 0 0 0 0 0 0 0 0 0 0 
 16.2 12.8 63.400000000000006 33.6 39 15.4 5.800000000000001 26.400000000000002 63.2 31 0 68.4 8 44.400000000000006 32.2 38.6 55.800000000000004 47.6 8.6 54.800000000000004 0 0 0.4 0 0 0 0.4 0 0 1 0 0 4 0 0.6000000000000001 0 0.2 0.2 14.8 22.8 0 0 0 0 0 0 0 5.6000000000000005 12.4 0.4 0.6000000000000001 0 0.4 0 0.6000000000000001 2 0 14 0.4 0 0 0 0 0 0.4 0 0.4 0.6000000000000001 0 0 0 0 0.4 0.6000000000000001 0.8 0.6000000000000001 1 0.8 0 0 0 1.4000000000000001 0.2 3.2 13 2.2 0 0 3.8000000000000003 3.4000000000000004 15.8 0 2.8000000000000003 0 3.2 7.2 4.2 5.4 0 0 0 4.800000000000001 0 0 0 0 8.200000000000001 3.8000000000000003 2.2 0 0 0 4.4 2.6 1.4000000000000001 3.6 0 0 5.4 3.2 0 0 0 0 5.4 0 0 0 0 0 0 0 0 0 0 0 0 0 0 0 0 0 0.6000000000000001 0 0 0 0 0 0 0 0 0 0 1 0 0 0 0 0 0 0 0 2.2 5 7.6000000000000005 0 0 2 0.2 6.800000000000001 6 2.4000000000000004 0 0 0.6000000000000001 5.2 1.2000000000000002 2.8000000000000003 0.4 0.2 2 0.2 0 0 0 0 0 0 0 0 0 0 1.6 0 0 2.6 0 0 0.2 0 0 2 0 0 0 0 0 0 0 0 0 5.2 0 0 0 0 0 0 0 0 0 0 0 0 0 0 0 0 0 0 0 0 0 0 0 0 0 0 0 0 0 1.2000000000000002 0 0 0 0.6000000000000001 28.6 0 0.6000000000000001 19 2.2 0.4 0 0 0 0 0 0 0 0 0 0 0 0 0 0 0 0 0 0 0 0 0 0 0 0 0 1.4000000000000001 0 0 0 0 0 0 0 0 0 0 0 0 
 49.2 9 22.200000000000003 12.600000000000001 21.400000000000002 11.4 46.400000000000006 22.6 45 88 68.4 0 20 13.600000000000001 24.200000000000003 29.200000000000003 26.6 37.4 26.400000000000002 25.400000000000002 0.4 6.6000000000000005 0.8 0 0 0.2 16.6 0 0 0.8 0 0.2 30 0 0.6000000000000001 0.2 0.4 0 0.4 32.4 12.8 0 1.2000000000000002 0 0 0 0 0.4 0 1.4000000000000001 0.6000000000000001 0 0.4 0 0.6000000000000001 1.8 0 1.2000000000000002 0.6000000000000001 0 0 0 0 0.2 1 0 0.4 0.6000000000000001 0 0 0 0 0.4 0.2 0 1.2000000000000002 0 0.6000000000000001 0.4 0 0 0 3.8000000000000003 2.4000000000000004 11.200000000000001 4.2 1 0 3.8000000000000003 2.2 5.2 0 4.6000000000000005 0.4 6.2 6.800000000000001 10 9.4 0 4 0 8 0 0 0 0 2.4000000000000004 0.4 0 0 0 0 2 3.8000000000000003 1 5.6000000000000005 0 0 8.4 6.4 0 0.4 0 0 0 0 0 0 0 0 0 0 0 0 0 0 0 0 0 0 0 0 1.6 0 0 0 0 0.2 0.2 0 0 0 0 0.8 0 0 0 0 0 0 0 0 1.2000000000000002 2.6 6 1.2000000000000002 0.2 6 2.8000000000000003 7.6000000000000005 0 11.4 0 0 3 4 3 4 0 2.6 2 0.4 0 0 0 0 0 3 2.2 0 0 0 6.2 7 3.4000000000000004 0 0 0 6.800000000000001 0 0 0 0 0 0 0 0 0 0 0 0 2.4000000000000004 0 0 0.4 0 0 0 0 0 0 0 0 0 0 0 0 0 0 0 0 0 3.4000000000000004 0 0 0 1.4000000000000001 0 0 0 0 0 0 0 0 0.8 18.6 0.4 0 0.4 0.4 0.4 0 0 0 0 0 0 0 0 0.4 0 0 0 0 0 0 0 0 0 0 0 0 0 0 0 4.4 1.2000000000000002 0 0 0 0 0 0 0 0 0 0 0 0 
 73.60000000000001 29.6 34 33.6 61 9.4 56.800000000000004 124.80000000000001 22.8 9 8 20 0 35.4 34 72.60000000000001 10 8.4 87.60000000000001 50.400000000000006 0 0 0.4 0.6000000000000001 0 0 0.4 0 0.4 0.6000000000000001 0 0 0.6000000000000001 0.4 0.8 1.2000000000000002 0.4 0.4 0 0 0.6000000000000001 0 2.6 0 0 0 0 0.4 0 1.2000000000000002 0 0 0.4 0 0.6000000000000001 0.6000000000000001 0 0.6000000000000001 0.4 0 0 0 0 0 0.4 0 1.4000000000000001 0.6000000000000001 0 0 0 0 0.4 0.6000000000000001 0 0.6000000000000001 0 0.4 0 1 0 0 2.2 0 0 2.2 1.8 0 13.8 1 0 6.800000000000001 18.2 7.6000000000000005 6.6000000000000005 2 4.800000000000001 2 2 12.4 0 0 0 5 0 0.2 0 0 0 0 0 0 0 0 0 0 0 0 3.2 0 0 0 0 0 0 0 0 0 0 0 0 2.4000000000000004 0 0 0 0 0 0 0 0 0 0 0 0 0.2 0 0 0 0 0 0 0.8 0 0 0 0 0 0 0 0 3.4000000000000004 10.200000000000001 0 0 0 0.4 0 0 0 0 0 0 3.2 0 3.8000000000000003 5.800000000000001 0 9.600000000000001 1.6 3.8000000000000003 0 0 0 0 0 0 0 5.800000000000001 0 0 0 0 0 0 0 0 0 0 0 0 0 0 0 0 0 0 0 0 0 0 0 0 0 0 0 0 0 0 0 0 0 0 0 0 0 0 0 0 0 0 0.2 0 0 0 0 0 0 0.8 0 3.2 0 0 0 0 0 0.4 0 0 18.6 0.4 2.2 0.4 0 0 0 0 0 0 0 0 0 0 0 0 0 0 0 0 0 1.8 0 0 0 0 0 0 4.4 0 0 0 0 0 0 0 0 0 0 0 0 0 
 44.6 77.60000000000001 25 23 17.2 8.6 80.4 55.2 21.6 20 44.400000000000006 13.600000000000001 35.4 0 45 18 22 54.2 72.4 26.6 0 0 0.4 0 0.2 0 0.4 0 0.4 0.6000000000000001 0 0.2 0 0.2 0.6000000000000001 0 0.4 0.2 0 0 0 0 0 0 0 0 0 0.4 0 0 0 0 0.4 0 0.6000000000000001 0.6000000000000001 0 0.6000000000000001 0.2 0 0 0 0 0 0.4 0 0.4 0.6000000000000001 0 0 0 0 0.6000000000000001 0.6000000000000001 0 0.4 0 0.4 0.4 0 4.800000000000001 7 5.2 0 0 1 0 7.6000000000000005 5.2 2.6 1.4000000000000001 2.8000000000000003 0 4.6000000000000005 4.6000000000000005 0 4.6000000000000005 0 0 0.2 0 0 0 0 0 0 0.2 0 0 0 0 0 0 0 0 0 0 0 2.4000000000000004 2.4000000000000004 0 0 0 0 0 0 0 0 0 0 0 0.6000000000000001 0 0 0 0 0 0 0 0 0.8 3.2 0 0 0 0 0 0 0 0 0 0 0 0 0 0 0 0 0 0 0 8 3.4000000000000004 1.8 0 1 1.8 0.2 1.6 4.4 7 0.8 0.2 0 0 2.6 7 3 2.4000000000000004 0 0 0 0 0 0 2.2 0 0 0 0 0 0 0 0 2.2 0 0 0 0 2 0 0.4 0 0 0 0 0 0 0 0 0.2 0 0 0 0 0 0 0 0 0 0 0 0 0 0 0 1 0 0 0 0 0 0 0 0 0 0 0 0 0 0 0 0 0 0 0 0 0 1.2000000000000002 0.4 2 0.4 0 0 0 0 0 0 0 0 0 0 0 0 0 0 0 0 0 0 2.8000000000000003 0 0 0.2 0 2.8000000000000003 1.8 0 0 0 0 0 0 0 0 0 0 0 0 0 
 44.800000000000004 67.8 36.2 13.4 37.800000000000004 72 62.2 27.200000000000003 47.400000000000006 25.200000000000003 32.2 24.200000000000003 34 45 0 56 27 12.200000000000001 37.4 25.400000000000002 0 0 0.4 0 0.4 0 0.4 0.2 0.8 0.6000000000000001 1.4000000000000001 0.2 0 0.2 1 0 0 0 16.8 0 0 0.4 0 13.4 0 0 0 0.4 1.2000000000000002 0 0 0 0.4 0 0.6000000000000001 0.6000000000000001 0 0.6000000000000001 0.6000000000000001 0 0 0 0 0 0.6000000000000001 0.4 8.4 0.6000000000000001 0 0 0 0 0.4 1.4000000000000001 0 0.6000000000000001 0 0.6000000000000001 0.4 0 5.4 2.2 5.4 2.2 1.2000000000000002 0 1.8 0.2 11.4 0 4.2 8 5 2 9 2.6 3.2 7.800000000000001 0 0 0 0 0 0 0 0 3 0 0 0 0 0 0 0 0.8 0 0 0 3.8000000000000003 0 0 0 0 0 3.6 0.4 0 0 0 0.6000000000000001 0 0 0 0 0 0 0 0 0 0 0 0 0 0 0 0 0 0 0 0.4 0 0.4 0 0 0 0 0 0.4 0 0 3 0.4 0.2 0 0 4.6000000000000005 0 3 2 3.6 8.200000000000001 2.2 0 0 6 3.2 6.6000000000000005 2.8000000000000003 0 3.2 3.8000000000000003 0 0 0 0 0 0 0 0.4 0 0 0 10.600000000000001 0 0 0 0 0.2 3 0 0 0 0 0 0 0 0 0 0 0 0 0.2 0 0 0 0 0 0 0 0 0 0 0 0 0 0 0 0 0 0 0 0 0.4 0 0 0 0 0 0 0 0 3.2 0 0 0 0 17.400000000000002 0 0.4 17.6 0 0.4 2 0 0 0 0 0 0 0 0 0 3.2 0 0 0 0 0 0 0 0 0 0 0 0 0 2.2 0 0 0 0 0 0 0 0 0 0 0 0 0 
 50.6 25.6 29 72.60000000000001 18.400000000000002 56.6 84.2 26.200000000000003 62.400000000000006 41.400000000000006 38.6 29.200000000000003 72.60000000000001 18 56 0 28.8 41.6 50.400000000000006 30.6 0 0 0.4 0 0 1.2000000000000002 0.4 0.4 0.2 0.6000000000000001 0 0.6000000000000001 13 0.4 0.6000000000000001 0 0 15.8 0.2 8.8 0.6000000000000001 0 0 0 0 0.8 0 1 0 6 0 0 0.4 0 0.6000000000000001 0.6000000000000001 0 1 0.6000000000000001 0 0 0 0 0 0.6000000000000001 0.4 0.4 0.6000000000000001 0 0 0 0.2 1 0.6000000000000001 1.4000000000000001 0.6000000000000001 0.8 0.4 1.4000000000000001 0 6.2 4.4 3.2 5.4 2.8000000000000003 0 0 3.2 6.2 2.8000000000000003 2.6 0.4 8.200000000000001 3.6 0.2 2.4000000000000004 8.200000000000001 10.200000000000001 0 10 0 0.2 0 0 0 0 2.6 8.200000000000001 3.8000000000000003 0 0 0 2.8000000000000003 0 0 0 0 0 6.4 3.2 0 0 0 0 3.2 0 0 0 0 0 0 0 0 0 0 0 0 0 0 0 0 0 0 0 0 0 0 0 0 0 0 0.6000000000000001 0 0 0 0 0 0 0 0 0 0 2.4000000000000004 5.6000000000000005 1.8 0 0 4.6000000000000005 0 4.4 18.6 0.2 0 0.2 3.2 0.2 4.6000000000000005 5.4 0 0 2.4000000000000004 0 0 0 0 0 0 0 0 0 0 0 0 0 0.2 0 0 0 0 0 0 0 0 0 0 0 0 0 0 0 0 0 0 0 0 0 0.2 9 0 0 0 0 0 0 0 0 0 0 0 0 0 0 0 0 0 0 0 0 0 0 0 0.2 0 0 0 0.2 0 0 0 0.2 0 0.4 0 0 0 0 0 0 0 0 0 0 0 0 0 0 0 0 0 0 0 0 0 0 0 0 0 0 0 0 0 0 0 0 0 0 0 0 0 0 
 8.6 67.4 47 67.60000000000001 40.800000000000004 11 15 10 47 52.400000000000006 55.800000000000004 26.6 10 22 27 28.8 0 36.6 93.80000000000001 5.6000000000000005 0 0 0.4 0 0 0 15.200000000000001 0 0 0.6000000000000001 0 0 30.200000000000003 0 0.6000000000000001 0 0.2 15.200000000000001 0 29.8 0.2 0 0 0 0 0 0 0.4 0 0.2 0 0 0.4 0 0.6000000000000001 1.6 0 0.6000000000000001 0.4 0 0 0 0 0 0.4 0 0.4 0.6000000000000001 0 0 0 0 0.4 1 0 0.6000000000000001 0 0.4 0.4 0 2.8000000000000003 0 0 3.8000000000000003 6.4 2.6 0 0.4 1.6 2 10 0 0 0 0 3.2 2.6 9.600000000000001 0 0 0 11.200000000000001 0 0 0 0 4.2 0 0 0 0 0 2.6 6.4 1.2000000000000002 3.2 0 0 4 5.4 0 0 0 0 0.2 0 0 0 0 0 0 0 0 0 0 1.8 0.4 0 0.2 0 0 0.4 3.8000000000000003 0 0 0 0 0 0 0 0 0 0 1.6 0 2 0 0 0 0 5.800000000000001 2 3 1 5.6000000000000005 2.8000000000000003 0 0 0 2 0.2 8.4 0 3 0.4 2.8000000000000003 5 1.6 0.4 0.8 4.6000000000000005 0.6000000000000001 0 0 0.2 0 0 3 1.6 1.8 0 0 5 4.800000000000001 4.800000000000001 0 0 0 7.800000000000001 0 0 0 0 0 0 0 0 0 0.2 0 10 0 0 0 0 0 0 0 0 0 0 0.4 0 0 0 0 0 0 0 0 0 0 0 0 0 0 0 0 0 0 0 0.2 0 0 0 0.2 17.2 0 0 23.6 0.2 0 2.4000000000000004 0 0 0 0 0 0 0 0 0 0 0 0 0 0 0 0 0 0 0 0 0 0 3.6 1.8 1 0 0 0 0 0 0 0 0 0 0 0 0 
 105.80000000000001 9.600000000000001 51.2 25.8 68.4 15.4 11.4 7.4 46.800000000000004 57.800000000000004 47.6 37.4 8.4 54.2 12.200000000000001 41.6 36.6 0 28.8 51.6 0 0.6000000000000001 0.4 0 0 0.8 16.2 0 0 18.400000000000002 0 0.2 15.8 0.4 0.6000000000000001 0 0 1.8 14.8 25 0 0 0.4 0 0 0.4 0 0.4 0 0.4 0 1 0.4 0.4 0.6000000000000001 0.6000000000000001 12.600000000000001 0.6000000000000001 0.6000000000000001 0 0 0 0 0.6000000000000001 0.6000000000000001 0 0.4 0.6000000000000001 0 0 0 1.6 0.4 0.8 1.8 0.6000000000000001 0.6000000000000001 0.6000000000000001 0 0 0 2.6 3.2 3.6 4.4 4.2 3.8000000000000003 2 0 0 11.600000000000001 0 0.2 3.2 2.2 0 0 6.4 0 0 3.4000000000000004 5.800000000000001 0 0 0 0 4 5.4 0 0 0 0 9.200000000000001 1.8 3.2 2.8000000000000003 0 0 0 6.800000000000001 0 0 0 0 0 0 0 0 0 0.2 0 0 0 0 0 0 0 0 0 0 0 0 1 0 0 0 0 0.2 0 0 0 0 0 0 0 0 0 0 0 0 0 0 3.2 5.800000000000001 11.600000000000001 1.6 2.6 0 2 0 2.6 6.800000000000001 1.6 2 0.4 0 4.4 7.4 0.4 0 2 0.2 0 0 0 0 3.2 0 2 0 0 0 2 0 6.2 0.2 0 0.2 1.8 0 0 0 0 0 0 0 0 0 0 0 0 4.2 0 0 3.2 0 0 0 0 3.4000000000000004 0 0 0 0 0 0 0 0.2 0 0 0 0 0 0 0 0 0 0 0 0.2 0 0 0 0 0 0.6000000000000001 0 0 1 17.6 0 0.6000000000000001 0 0 0 0 0 0 0.4 0 0 0 0 0 0 0 0 0 0 0 0 0 0 0 0 0 2.2 1.4000000000000001 0 0 0 0 0 0 0 0 0 0 0 0 
 13.200000000000001 28.6 28.6 18 18.400000000000002 10.200000000000001 47.400000000000006 46.2 36.6 14.600000000000001 8.6 26.400000000000002 87.60000000000001 72.4 37.4 50.400000000000006 93.80000000000001 28.8 0 18 0 0.4 15.8 0.6000000000000001 0 0 0.4 0 0.2 0.6000000000000001 0.6000000000000001 0.6000000000000001 0.6000000000000001 0.4 1.4000000000000001 0 0 0.2 0 0 0.6000000000000001 0 0 0.4 0.6000000000000001 1.6 0 0.8 0 0.4 0.6000000000000001 0.8 0.4 0 0.6000000000000001 0.6000000000000001 0 1 1 0 0 0 0.6000000000000001 0 1.2000000000000002 0 0.6000000000000001 0.6000000000000001 0 0 0 0.6000000000000001 1.4000000000000001 0.2 0.6000000000000001 0.6000000000000001 1 0.6000000000000001 0.4 0 2.8000000000000003 3.8000000000000003 2.8000000000000003 6.2 0 0 4.4 2.4000000000000004 5 0 0 3 4.6000000000000005 7 8 2.8000000000000003 5 5.6000000000000005 0 4.4 0 0 0 0 0 0.2 0 0 0 0 0 0 0 0 0 0 0.4 0.2 0.4 0 0 0 1 0 0 0 0 0 0 0 0 0 0 0 0 0 0 0 0 0.4 0 0 0 0 0 0 0 0 0 0 0 0.6000000000000001 0 0 0 0 0 0 0 0.4 0.2 0 0 2.6 0 0.2 2.6 0 0 0.2 5.6000000000000005 0.2 1.4000000000000001 6.4 5.4 1 3.4000000000000004 0 3 2.6 0 0 0 0 0 0 0.2 0 0 0 0.4 0 0 0 0 0 0.2 0 2 0 0 0 0 0 0 0 0 0 0 0 0 0 0 0 0 0 0 0.4 0 0 0 0 0 0 0 0 0 0 0 0 0 0 0 0 0 0 0 0 0 0 0 0 0 0 0 0.4 0.4 0.4 0.2 0 0 0 0 0.4 0 0 0 0 0 0 0 0 0 0 0 0 0 0 0 0 0 0.4 0 0 0 0 0 0 0 0 0 0 0 0 0 0 0.4 0 0 0 
 9 52.2 20.400000000000002 56.800000000000004 61 10.600000000000001 27.6 14.200000000000001 14.4 48.6 54.800000000000004 25.400000000000002 50.400000000000006 26.6 25.400000000000002 30.6 5.6000000000000005 51.6 18 0 0.2 0 0.4 0.6000000000000001 0 0 0.4 0.2 0.2 0.6000000000000001 0 0 0 7.6000000000000005 0.8 0.4 0 0.2 0 0 0 0 0 0.4 0.2 0 0 0.4 0 1 0.6000000000000001 0.2 0.4 0 0.6000000000000001 1.2000000000000002 0.6000000000000001 0.6000000000000001 0.6000000000000001 0 0 0 0 0 1.2000000000000002 0.6000000000000001 0.4 0.6000000000000001 0 0 0.4 0.6000000000000001 0.4 0.2 0 0.6000000000000001 0 1 0.4 1.2000000000000002 5.4 0.2 0 3 0 0 3.4000000000000004 1 2 0 0 0 1.8 6.800000000000001 2.6 4.800000000000001 1.4000000000000001 1.6 3.4000000000000004 2 0 0.2 0 0 0 0 0 0 0 0 0 0 0 0 0 0 0 0 0 0 0 0 0 0 0 0.2 0 0 0 0 0 0 0 0 0 0 0 0 0 0 0 0 0 1.4000000000000001 0 0 0 0 0 0 0 0 0 0 0 0.4 0 0 0 0 3.2 0 0 0.4 1.6 0.2 0.2 0.4 9.200000000000001 0 0 0 0 6.6000000000000005 3 0 0 0 4.2 0.2 0 0 0 0 0 0 0 0 0 0 0 0 0 0 0 0 0 0 0 0 2 0 0 0 0 0 0 0 0 0 0 0 0 0 0 0 0 0 0 0 0 0 0 0 0 0 0 0 0 0 0.2 0 0 0 0 0 0 0 0 0 0 0 0 0 0 0 0 0 0.8 0 0 0.4 0 0 0 0 0 0 0 0 0 0 0.4 0 0 0 0.2 0 0 0 0 0 0 0 0 0 0 0 0 0 0 0 0 0 0 0 0 0 0 0 
 0 41 0 0 0 3.6 0 0 0 0 0 0.4 0 0 0 0 0 0 0 0.2 0 45.6 11 7.4 20.6 7.2 21 41.800000000000004 24 23 7.4 18 22.8 51.6 22.8 7.800000000000001 8.200000000000001 4.2 20 21.400000000000002 0 0 0.6000000000000001 0 0 0 0.2 0 0 0.8 10 0 0 0 0 0 0 0.6000000000000001 0 0 0 0 0 10.4 0.4 0 0 0 0 0 0 0.2 0 0 0 0.6000000000000001 0 0.6000000000000001 0.4 0 0 0 0 0 2 1.2000000000000002 0 0 0 0 0 0 0 0 0 0 0 0 0 0 0 3.4000000000000004 0.2 4.4 4.6000000000000005 3.2 0 5.2 2.2 1.8 5.2 0 0 2.4000000000000004 3.6 3.2 3.2 4 0.2 3.8000000000000003 0 0 0 0 0 0 0.2 0 0 0.2 0 0 0 1.8 0 0 0 0 0 0 0 0 0 0 1.6 0.4 0.2 0 0 0 0 0 0 0 0 0 0 0 0 1.6 0.8 0 0 0 0.2 0 0 0 0 0 0 0 0 0 0 0 0 0 0 0 2.2 0 7.800000000000001 2.8000000000000003 2.8000000000000003 3.4000000000000004 7.2 3.8000000000000003 2.6 3.8000000000000003 2.2 2.6 2 3.2 2 0 6.2 3.8000000000000003 6 4.4 0 0 0.2 0 0 0 0 0 0 0 0 0 0 0 0 0 0 0 0 0 0 0 0 0 0 0 0 0 0 0 0 0 0 0 0 0 0 0 0 0 0 0 0 0 0 0 0 0 0 0 0 0 0 0 1 0 0.4 16 15.600000000000001 0 0 0 0 0 0 0 0 0 0 0 0 0 0 0 0 0 0 0.4 0 0 0 4 0 0 0 0.6000000000000001 0 0 0 0 
 0 0 0 0 20.200000000000003 36.2 0 0 1.2000000000000002 0.2 0 6.6000000000000005 0 0 0 0 0 0.6000000000000001 0.4 0 45.6 0 25.400000000000002 16.6 23.8 52.6 8.6 91 25.6 64.60000000000001 10.8 13 9.200000000000001 21.8 87.60000000000001 23 33 50.800000000000004 13.200000000000001 37 0 0 0.6000000000000001 0 0 0 0 0 0 1 0.2 0 0 0 0 0 0.2 0.6000000000000001 0.2 0 0 0 0 0 0.6000000000000001 0.2 0 0 0 0 0 0 0 0 0 0.6000000000000001 0.6000000000000001 0.6000000000000001 0.4 0 0 2 0 2.8000000000000003 1.8 2.2 0 0 2 0 0 1.8 0 0 0 0 0 1.8 0 0 3 3.2 0 7 0 0.2 0 5.4 1.8 3.6 0 0.4 0 0 3.2 2 1.4000000000000001 0.2 5.4 0 5.6000000000000005 0 0 0 0 0 0 0 0 0 0 0 0 3.8000000000000003 0 0 0 0 0 0 0 0 0 0 0 0 0 0 0.2 0 0 0 0 0.2 0 0 0 0 0 0 0 0 0 1 1 2 0.2 0 0 0 0 0 0 0 0 0 0.4 0 0 0 2.6 4 4.4 0 0.2 2.2 3.8000000000000003 2.8000000000000003 2 5.2 3.4000000000000004 0 5.4 0.8 4 4.2 6.4 2 3.6 3.2 0 0 0 0 0 0 0 0 0 0 0 0 0 3.6 0 0 0 0 0 0 0.4 0.4 0 0 0 0 0 0 0 0 0 0 0 0 0.4 0 1.8 0 0 0 0 0 0 0 0 0 0 0 0 0 0 0 0 0 3.2 0 0 0.4 0 0 0.4 0.4 0 0 0 0 0 0 0 0 0 0 0 0 0 0 0 0 0 0 0 1.8 0 0 0 1.4000000000000001 3.2 0 0 0 
 0.4 0.4 0.4 0.4 10 15.8 0.4 0.4 1 0.4 0.4 0.8 0.4 0.4 0.4 0.4 0.4 0.4 15.8 0.4 11 25.400000000000002 0 58.6 41 6.800000000000001 24.6 59.400000000000006 35.800000000000004 28.8 71.4 9 18.2 12.600000000000001 41 11.8 28 71.60000000000001 60.6 50.400000000000006 0.4 0.6000000000000001 0.6000000000000001 0 0 0 0 0 0 1 0 0.2 15 0 0 0 0 0.6000000000000001 5.4 0 0 0 0 0.6000000000000001 0.4 0 6.2 0 0 0 0 0 0 0 0 0.6000000000000001 0.6000000000000001 0.6000000000000001 0.4 0 0 0 0 0 0 1.8 0 0 0 0 0 0 0 0 0.4 0 0 0 0 0 2 6.4 9.4 3.4000000000000004 6.800000000000001 2.4000000000000004 3.6 0 2.6 2.6 3.2 7.4 0 0 3.2 6.4 9.200000000000001 6.4 3.2 0 0 0 0 0 0 0 3.2 0 0 6.4 0 0 5.4 3.4000000000000004 2.2 2.2 3.8000000000000003 0 2 7.4 0 0 0 0 0 0 0 0 0 0 0 0 0 0 0 0 0 0 0 0 0 0.2 2 0.8 0.6000000000000001 0 0 0 0 0 0 0 0 0 0.2 0 0 0 0 0 0 0 9.4 0 4 3 9 4.800000000000001 0.2 6.6000000000000005 8.8 0 2.4000000000000004 2.2 4.6000000000000005 2.6 1.8 7.4 1.4000000000000001 2.8000000000000003 1.8 0 4.4 0 0 0 0 0.6000000000000001 0.4 0 0 2.8000000000000003 5.4 0.4 0 0 0 0 3.6 1.6 0 0 0 0 0 0 0 0 0 0 0 0 0 0 0 0 0 0 0 0.4 0 0 1.6 0 0 0 0 0 0 0 0 0 0 0 1.2000000000000002 0 0.2 0.8 18.2 0.4 0.8 0 0 0 0 0 0 0 0 0 0 0 0 0 0 0 0 0 0 0 0 0 0 0 0 0 0 0 0 0 
 0 0 0 0 0 0 0 0 0 15.4 0 0 0.6000000000000001 0 0 0 0 0 0.6000000000000001 0.6000000000000001 7.4 16.6 58.6 0 41 41.400000000000006 64.4 41 52.6 55.6 157 36.6 36.6 62.2 62.2 11.600000000000001 23.400000000000002 45.800000000000004 29 12.600000000000001 0 1.4000000000000001 0.6000000000000001 0.6000000000000001 0.4 1 0.2 0.4 0.4 1.6 0.6000000000000001 0 26 0 0.4 0.4 1 1.2000000000000002 7 0 0 0 0 0.2 0.4 0 0 0 0.6000000000000001 0.4 0 0 0 0.6000000000000001 0.8 0.6000000000000001 0.4 1 0.4 0 0 0.4 0 0 0 0.2 0 0.4 0 0 4 0 0 0 0 0 0 0 0 0 2.2 0 5.2 1.6 4.800000000000001 3 0 0 8.6 2.2 1.8 9.600000000000001 0 0 0 3.6 8.6 3.8000000000000003 0 0 0 1.2000000000000002 3.4000000000000004 0 0 0 3.4000000000000004 0 2.8000000000000003 3 0 0 18.400000000000002 1.2000000000000002 2 2.4000000000000004 2.6 0 0.2 1.6 0 0 0 0 0.2 0 0 0 0 0 0 0 0 6.4 0 0 0.2 2.8000000000000003 0 0 0 0 3 0 0 0 0 0 0 0 0 0 0 0 0 0 0 1.6 0 0 0 0 4 1.2000000000000002 13.600000000000001 5.800000000000001 2.2 0 0 4.2 5.6000000000000005 5.800000000000001 2.8000000000000003 1.8 0.4 0 1.4000000000000001 9.4 0 0 3.8000000000000003 0 0 0 0 0 0 4.6000000000000005 0.6000000000000001 5.6000000000000005 0 0 3.4000000000000004 0 6.4 0 0 0 0.4 5 0 0 0 0 0 0 0 0 0 0 0 0 0 0 1.6 0 0 0.2 0 0 0 0 3.6 0 0 0 0 0 0 0 0 0 0 0 2.2 0 0.8 16 8 0.2 0.4 0.4 0 0 0 0 0 0 0 0 0.4 0 0 0 0 0 0 0 0 0 0 0 0 0 0 0 0 0 0 0 
 0.6000000000000001 0 0 12.4 0 0.2 0.6000000000000001 0 0 0 0 0 0 0.2 0.4 0 0 0 0 0 20.6 23.8 41 41 0 54.800000000000004 13.8 19 55.2 35.6 100 26.400000000000002 18.8 37.4 48.6 22.200000000000003 20.8 24.400000000000002 58.400000000000006 18.400000000000002 0 0 13.4 0 0 0 12.4 0.4 0 0.6000000000000001 0 0.2 27.400000000000002 0 0.2 0 0 0.6000000000000001 33.800000000000004 0 0 0 0 0.2 0.4 0 0 0 0 0 0 0 0 0 0 0.6000000000000001 0 0.6000000000000001 0.4 0 0 0 0 0 0 0 0 0 0 0 0 0 0 0 0 0 5 0 0 0 0.2 0.2 3.8000000000000003 7.4 4.6000000000000005 3.8000000000000003 0 0 0 2.2 1.6 2 0 0 0 0 2.2 4 0 0 0 5 3.2 0 0 0 4.800000000000001 0 1.6 0.2 0 0 6 5.2 2 8.200000000000001 0 1.8 0.2 4.800000000000001 0 0 0 0 0 0 0 0 0 0 0 0 0 0 0 0 0 1.8 0 0 0 0 1 0 0 0 0 0.2 0 0 0 0 0 0.4 0 0.4 0 0.8 0 0 0 0.2 2.2 3 8 2.4000000000000004 0.4 0 0.4 0 4.4 6.2 0 0 0.2 0 1 4.6000000000000005 0 0 1.6 2.8000000000000003 0.2 0 0 0 0 4.800000000000001 1 4 0 0 1.2000000000000002 0 4.800000000000001 0 0 2.2 2.2 3.8000000000000003 0 0 0 0 0 0 0 0 0 0.2 0 0 0 0 0 0 0 0 0 0 0 0 0.2 0 0 0 0 0 0 0 0 0 0 0 1 0.6000000000000001 0 16 0.8 0 0 0 0 0 0 0 0 0 0 0 0 0 0 0 0 0 0 0 0 8.4 0 0 0 0 0 0 0 0 0 0 
 15.4 0 0 0 0 0 0 14.8 0 0.4 0 0.2 0 0 0 1.2000000000000002 0 0.8 0 0 7.2 52.6 6.800000000000001 41.400000000000006 54.800000000000004 0 5.2 11.600000000000001 26 14.600000000000001 39.2 27.200000000000003 7.6000000000000005 12.4 11.4 22.8 17.6 40 56.400000000000006 13.200000000000001 0 0 0.6000000000000001 0 0 0.8 0 0.8 0 1 0 0.8 38.400000000000006 0 0 0 0 0.6000000000000001 5.6000000000000005 0 0 0 0 0.6000000000000001 0.4 0 0 0 0 0 0 0 0 0 0 0.6000000000000001 0 0.6000000000000001 0.4 0 0 0 0 0 0 0 0 0 0 0 0 0 0 0 0 0 0 0 0 0 0 0 4 8.200000000000001 5.2 1.6 0 0 0 2.6 3 8.4 0 0 0 0 4.800000000000001 1.2000000000000002 0 0 1.4000000000000001 1.2000000000000002 5.800000000000001 0 0 0 8.6 2.2 3.8000000000000003 3.4000000000000004 0 0 8.8 6 6.4 8.4 3.2 0 2 3.8000000000000003 0 0 0 0 0.6000000000000001 0.2 0.2 0 0 0 0 0 0 0 0 0 0 0 2.4000000000000004 0 0 0 0.8 0 0.2 0 0 0 1 0 0 0 0 0 0 0 0 0.2 0 0 0 0 0.8 2.4000000000000004 3 3.8000000000000003 0 0 0 0 4.4 0 0 0 0 0 2 4.800000000000001 0 0 9.200000000000001 0 0.2 0 0 0 0.2 2.8000000000000003 1.8 2.4000000000000004 0 0 0 2.6 7 1.4000000000000001 0.2 0 3.2 2.2 0 0 0 0 0 0 0 0 0 1.4000000000000001 0 0 0 0 0 0 0 0 0 0 0 0 0 0 0 0 0 0 0 0 0 0 0 0 1.4000000000000001 0.2 0 15.600000000000001 0 0.2 0 2.4000000000000004 0 0 0 0 0 0 0 0 0 0 0 0 0 0 0 0.4 0 0 0 2 0 0 0 0 0.2 0 0 0 
 0.4 0.8 0.4 0.4 1 17.8 0.4 0.4 0.4 4 0.4 16.6 0.4 0.4 0.4 0.4 15.200000000000001 16.2 0.4 0.4 21 8.6 24.6 64.4 13.8 5.2 0 35.800000000000004 11 21.8 10.600000000000001 9.200000000000001 73 30.200000000000003 27.200000000000003 12.200000000000001 39.6 9.200000000000001 17.6 10.8 0 0 4.2 2.6 15.200000000000001 0 0 0.2 0.8 1 13 0 0 0 0 0 0 1.8 0 13.600000000000001 0 0 0 0 0.4 0 0 0 0.2 0 0 0 0 1.2000000000000002 0 10.600000000000001 0 1.4000000000000001 0.4 0 0 0 0.4 0 0 0.2 0 0 0 0 0 0 0 0 0 0 0 0 0.6000000000000001 0 2.8000000000000003 2.4000000000000004 2.2 2.4000000000000004 0 0 1.2000000000000002 12.200000000000001 0 8.4 3.8000000000000003 2.2 0 2.6 4.800000000000001 0 2.8000000000000003 1.6 0 3.8000000000000003 0 0 0 0 0 0 0 0 0 0 0 0.4 0.4 0 0.4 0.4 0 0 0 0.2 0 0 1.6 0 0 0 0 0 0 0 0 0 0 0.2 0 0 0 0 0 0 0.8 0 2.2 0 0.2 0 0 0 0 0 0 4.6000000000000005 0 0 1.8 0 0 4.2 0 0 7.4 4.800000000000001 1.2000000000000002 3 4.6000000000000005 0 3 1.2000000000000002 3.8000000000000003 0 0 2.4000000000000004 2.6 16 2.6 11 4 2.8000000000000003 0 6.6000000000000005 0 0 0 0 0 0 0 0 0 0 0 0 0 0 0 0 2.4000000000000004 0 0 0 0 0 0 0 0 0 0 0 0 0 0 0 0 0 0 0 0 0 0.2 0 0 0 0.4 0 0 0 0.2 0 0 0 0 0 0 0 1.4000000000000001 0 0 0 8.8 0 0 0.4 0 0 0 0 0 0 0 0 0 0 0 0 0 0 1 0 0 0 0 0 0 0 0 0 0 0 0 0 
 0 0 0 0 22.200000000000003 7.2 0 0 0 0.4 0 0 0 0 0.2 0.4 0 0 0 0.2 41.800000000000004 91 59.400000000000006 41 19 11.600000000000001 35.800000000000004 0 68.8 75 10 39 39.2 52.400000000000006 42.2 8.8 81.60000000000001 8.6 48 27.8 0 0 0.6000000000000001 0.2 0 0 0.4 0 0 1.4000000000000001 27.400000000000002 1 0 0 0 0 0 0.4 0.4 0 0 0 0 0.2 1 0.2 0 0 0 0 0 0 0 0 0.2 1 0 6.6000000000000005 0.4 0 0 0 0 0 1.6 2.2 0 0 0.4 0.4 0 0 0 0 0 0 0 0 0 0 9.8 1.6 1.2000000000000002 3 0.4 2.4000000000000004 0 4.6000000000000005 0.2 3.2 0 3 11.8 4.4 5.2 5 2.6 1.8 1 2.4000000000000004 2.4000000000000004 0 0 0 3 0 0 0 0 0 0 0 0 0 0 0 0 0 1.8 0 0 0 0.4 0.2 0 0 0 0 0 0 0 0 0.2 0 0 0 0 0 0 0 0.4 0 0 0.8 0.8 0 0 0 0 0 0 0.4 0 0 0 0 0 0 0 0 8.200000000000001 7.2 4.800000000000001 0 4.2 2.4000000000000004 2.4000000000000004 4.800000000000001 4.6000000000000005 3.8000000000000003 7.800000000000001 0 2.4000000000000004 9.600000000000001 3.8000000000000003 2 0 1.4000000000000001 6.6000000000000005 3 0 0 0 0.4 0 0 0 0 0 0 0 0 2.6 11 1.8 0 0 0 0 0 0 0 0 0 0 0 0.4 0 0 0 0 0 0 0 0 0 0 0 0 0 0 0 0 0 0 0 0 0.4 0 0 0 0 0 0 1.6 0 0.6000000000000001 0 0.2 0 0.4 0.4 0 0 0.4 0 0 0 0 0 0 0 0 0 0 0 0 0 0 0 0 3 0 0 0 0 3.6 0 0 0 
 0.8 1 0.4 4.6000000000000005 0 0 0.4 0.8 0.4 0.4 0 0 0.4 0.4 0.8 0.2 0 0 0.2 0.2 24 25.6 35.800000000000004 52.6 55.2 26 11 68.8 0 45.800000000000004 27.8 73.4 27.6 30.6 13 26.400000000000002 69.60000000000001 16.6 42 14.8 0 0.4 1.2000000000000002 0 0 0.2 0 0 0 1.2000000000000002 0 0.2 0.2 0 0 0.2 1.2000000000000002 1 0.2 0.2 0.4 0 0 0 0.4 0 0 0 0.8 1 0 0 0 0.8 0.8 1 0 1 0.4 0.4 0 0 0 0 0 0 0 0 0 0 0 0 0 0 0 0 0 0 0 0 0 0 2.2 0 0 0 0 0 5.6000000000000005 2 2.8000000000000003 0 0 0 0 2.8000000000000003 4.2 7.6000000000000005 0.4 0 2.4000000000000004 0 2 5 0 0 0 0 0 0 0 0 0.2 0.4 0 0.6000000000000001 0 0 1.8 0 0 0 0 0 0 0 0 0 0 0 0 0 0 0 0 0 0 0 0 0 0 0 0 0 0 0.4 0 0 0 0 0 0 0 0 3.2 0 0 1 0 0 0 2 7 0 7.2 6.2 2.8000000000000003 1.8 4.800000000000001 3.2 0 0.8 0 0 1 0.8 0 0 0 0 0 0 0 0 0 0 0 0 0 0 0 0 5.4 6 9.4 0 0 0 0 3.2 0 0 0 0 0 0 0 0 4.6000000000000005 0 0 0 0 3.6 0 0 0 0 5 0 0 0 1.4000000000000001 0 0 0.4 0 0 0 0 0 0 0 0 3.2 0.4 0.4 0 15 0 3 0.2 0 0 0 0 0 0 0 0 0 0 0 0 0 0 0 0 0 0 0 0.2 0 0.4 0 1.8 0 0 0 0.2 
 0.6000000000000001 0.6000000000000001 0.6000000000000001 0.6000000000000001 0.6000000000000001 0.6000000000000001 0.6000000000000001 0.6000000000000001 0.6000000000000001 0.6000000000000001 1 0.8 0.6000000000000001 0.6000000000000001 0.6000000000000001 0.6000000000000001 0.6000000000000001 18.400000000000002 0.6000000000000001 0.6000000000000001 23 64.60000000000001 28.8 55.6 35.6 14.600000000000001 21.8 75 45.800000000000004 0 49.6 21 17.6 19.8 40.800000000000004 28.6 26.200000000000003 27.8 51.800000000000004 16.6 0 0.2 0.6000000000000001 0 0 0 0 0 0 0.8 0 0 12.8 0 0 0 0 0.6000000000000001 0 0 0 0 0 0 0.4 0 0 0 0 0 0 0 0 0 0 0.6000000000000001 0.2 0.6000000000000001 0.4 0 0 0 0 0 0.6000000000000001 0 0.2 0 0 0 0 0 0 0 0 0 0 0 0 0.2 2.8000000000000003 0.2 4 0 0 3 0 0 3.8000000000000003 0 1.6 9.8 0 0 0 3.4000000000000004 5.2 7.4 0 2.2 4 0 3 0 0 0 0 0 1.6 0 0 0 0.6000000000000001 0 0 0 0 0 1.8 0 0 0 0 0 0 0 0 0 0 0 0 0 0 0 0 0 0 0 0 0.4 0 0 0.8 0 0 0 0 0 0 0.4 0.2 0 0 0 0 0 0 0.2 0 0 0 0.6000000000000001 7.6000000000000005 2.4000000000000004 8.200000000000001 8.200000000000001 0 7.4 4.4 1.8 3.2 2.6 0.4 0.2 0 2 0.4 2 0 0 0 0 0 0 0 0 0 0 0 3.6 0 0 2.8000000000000003 3.8000000000000003 3.4000000000000004 0 0 0 4.2 0 0 0 0 0 0 0 0 3.8000000000000003 0 0 0 0 0 0 0 0 0.2 0 0 0 0 0 0 0 0 0.4 0 0 0 0 0 0 0 0 4.2 0.2 0 0.4 15.8 0 0.4 0 0 0 0 0 0 0 0 0 0 0 0 0 0 0 0 0 0 3.6 0 0 0 0 0 0 0 0 0 0 
 0.6000000000000001 0 0 0 0 0 0 0 0.4 0.6000000000000001 0 0 0 0 1.4000000000000001 0 0 0 0.6000000000000001 0 7.4 10.8 71.4 157 100 39.2 10.600000000000001 10 27.8 49.6 0 22.8 7.4 7.4 15.600000000000001 69.8 29.8 37 8.200000000000001 56.800000000000004 12.600000000000001 1.4000000000000001 13 0.6000000000000001 0.4 0 15.4 0.2 0.4 0.6000000000000001 0 0 26 0 0.2 0 13.200000000000001 1.2000000000000002 13.600000000000001 0 0.4 0 0 0.6000000000000001 0.4 0 0 0 0 0 0 0 0 0.6000000000000001 0 0.6000000000000001 0 1 0.4 0 0 0 1.2000000000000002 0 0 0 0 0.4 0 0 0 0 0 0 0 0 0 0 0 0 0 0 3 3.6 0.2 0 0 0 5.6000000000000005 1.8 0 4.4 0 0 0 5.6000000000000005 2 2.6 0 0 2.8000000000000003 8.6 0 0 0 0 8.6 0.8 2.4000000000000004 2.4000000000000004 0 0 16.400000000000002 3.4000000000000004 2.4000000000000004 1.2000000000000002 2.4000000000000004 0 4 0.8 0 0 0 0 0.2 0 0 0 0 0 0 0 0 0 0 0 0 0.6000000000000001 0.2 0 0 0 0 0 0 0 0 0 0 0 0 0 0 0 0 0 0.2 1.8 0 0 0 0 4.800000000000001 0 3 1.4000000000000001 0 0 2.8000000000000003 2.8000000000000003 0 4.4 0 0 0 0 0 0 0 0 9.200000000000001 4.6000000000000005 1 0 0 0 1.4000000000000001 7.2 6.800000000000001 13.8 0 0 6.2 6.800000000000001 3.4000000000000004 0 0 0.8 0 10.600000000000001 0 0 0 0 0 3.6 0 0 0 0 0 0 0 0 0 0 2.2 0.2 0 0 0 0 2.8000000000000003 0 0 0 0 0 0 0 0 0 0 0 2.2 0.2 0.2 9.200000000000001 0.8 1 4.800000000000001 0.6000000000000001 0 0 0 0 0 0 0 0 0 0 0 0 0 0 0 0 0 0 3.4000000000000004 0 0 0 0 0 2.8000000000000003 0 0 0 
