 0 17.400000000000002 19.200000000000003 8.6 7.4 51.6 90.80000000000001 33.6 30 5.4 6.6000000000000005 13 88.80000000000001 10 77.80000000000001 12.4 8 9.200000000000001 30.200000000000003 32.6 0 0 0 2 0 0 0 0.2 0 0.6000000000000001 0.2 0 0 0 0 0 0.2 0 0.8 0 0.4 0.4 0.4 0 0 0.6000000000000001 0 0 0 1.2000000000000002 2 0 0 0 0 0 0 0.8 0 0.4 0 0 0 1.2000000000000002 0 0 0 0 0 0 0 0 0 0 0.6000000000000001 0.6000000000000001 0.6000000000000001 0 0 0 5.800000000000001 0.4 2.6 0 0 0 8.200000000000001 2 0.4 0 0.2 0 6.4 5.4 0 4.6000000000000005 0.2 0 6.800000000000001 0.8 0 0 0 0 0.2 0 0 0 0 2 0 0 0 0 0 0 0 0 0 0 0 0 0 0 0 0 0 0 0 0 6 0 0 0 0 0 0 0 0 0 0 0 0 0 0.4 0 0 0 0 0 0 1.6 0 0 0 0.4 0.4 0 0 0 2.6 0 2.6 0 0.2 0.6000000000000001 2 3.2 0 0 4.4 0 6.6000000000000005 6.800000000000001 0 0.2 1.6 1.8 4.6000000000000005 0 0 0 0 2.8000000000000003 0 0 0 0 0 0 0 0 0 0 0 0 0 0 0 0 0 0 0 0 0 0 0 0 0 0 0 0 7.800000000000001 0 0 0 0 0 0 0 0 0 0 0 0 0 0 0 0 0 0 0 0 0 0 0 0 0 0 0 0 0 0 0 0 0 0.2 0 0.4 0 0.4 2 0 0 0 0.4 0 0 0 0 0 0 0 0 0 0 0 0 0 0 0 0 0 0 0 0 0 0 0 0 0 0 0 0 0 0 0 0 0 0 
 17.400000000000002 0 66.2 6.2 26.400000000000002 5.2 14.8 48 26.400000000000002 44.800000000000004 7.6000000000000005 8.6 39.6 23 7.800000000000001 22 25.400000000000002 32 44 24 0 0 2 0.6000000000000001 0 0 0 0 0 0 0 0 0 0 0 0 0 0 0.4 0 0 0 0.2 0 0 0.4 0 0 0.4 0.6000000000000001 0 0 0 0 0 0 0 0.2 0 0.4 0 0 1 0.6000000000000001 0 0 0 0 0 0 0 1.2000000000000002 0 0 6.4 1.6 0.6000000000000001 0 0 0 6.4 10 2.8000000000000003 0.2 2.2 3.4000000000000004 8.4 3.2 4.4 6.4 4.4 0 2.4000000000000004 3 12.8 1.8 6.6000000000000005 2.8000000000000003 0 7.800000000000001 0.4 0 0 0 0 0 0 0 0.2 0 0 0 0.2 0 0 0 0 0 1.8 0 0 0.2 0 0 0 0 3.6 0 0 3.6 0 0 0 0 0 0 0 0 0 0 0.2 0 0 1.2000000000000002 0 0 0 0 0 0 0 0 0 0 0.8 0 0 0 0 0 6.4 2.4000000000000004 6.6000000000000005 9.4 4.4 2.8000000000000003 6.6000000000000005 2.8000000000000003 2 9.200000000000001 0.2 8.4 0 1.4000000000000001 4.6000000000000005 5.2 4.6000000000000005 7.2 0 2 0 0 0 0 0 0 0 0 0 0 0 0 0 0 0 0 0 0 0 2.6 0 0 0 0 0 0 0 0 0 0 0 0 0 0 0 0 0 0 0 0.2 0 0 0 0 0 0 0.2 0 0 0 0 0 0 0 0 0 0 0.4 0 0 0 3.8000000000000003 0 0 0 0 0 0 0 0 3 1.4000000000000001 0 0 0 0 0 0 0 0 0 0 0 0 0 0 0 0 0 0 0 0 0 0 0 6.800000000000001 0.2 0 0 0 0 0 0 0 0 0 0 0 0 0 
 19.200000000000003 66.2 0 62.6 10 20 78 69.60000000000001 19.400000000000002 32.800000000000004 73.8 11.600000000000001 11.4 27 10.200000000000001 157 24 64 13.600000000000001 28.200000000000003 0.2 0 0 1 0 0 16.6 0.8 0 0 0 0.2 15.200000000000001 0 0.4 0 0 0 15.8 14.8 0 0 0.2 0.4 0 0 0 0 1.6 0.6000000000000001 0 0 0 0 0 0 1 0.2 0 0.4 10.200000000000001 0 0 0.6000000000000001 0 0 0 0 0.2 0 0 0 0 0 0.6000000000000001 0.2 0.6000000000000001 0 0.4 0 3.4000000000000004 4.6000000000000005 5.6000000000000005 2.4000000000000004 9.200000000000001 0.4 0 3.2 0.2 5.6000000000000005 2 4 2.6 2 1.8 0 4.2 0 0 0 6.4 1 0 0 0 0 0 0 0 0 0 0 0 0 3 0.4 0 0 0 10 0 0 0 0 0.2 0 0 0 0.2 0 0 0 0 0 0 0 0 0 0 0 0 0 0 0 2 0 0 0 0 0 0 0 0 0 0 0 0 0 0 0 0 0 4.6000000000000005 0 0.2 7 0 0 2.2 0 6.4 1 0 0 3.8000000000000003 3.8000000000000003 1.2000000000000002 22 0 0 3.6 0.4 0 0 0 0 0 0 0 0 0 0 5.800000000000001 0 0.4 0 0 0 3.6 6.2 0 0 0 0 0 0 0 0 0 0 0 0 0 0 2.4000000000000004 0 0 0 0 0 0 0 0 0 0 0 0 0 0 0 0 0 0 0 0 0 0 0 0 0 0 0 0 0 0 0 18 0 0 1.2000000000000002 0.2 2.4000000000000004 0 0 0 0 0 0 0 0 0 0 0 0 0 0 0 0 0 0 0 0 0 0 0 0 0 0 0 0 0 0 0 0 0 0 0 0 0 0 
 8.6 6.2 62.6 0 16.400000000000002 27.400000000000002 19.6 53.6 17.6 16.6 63 55 15.600000000000001 14.600000000000001 33.2 28.400000000000002 53.800000000000004 28.6 14.4 58.800000000000004 15 0.2 0 1.2000000000000002 0.4 0 14.600000000000001 0 0 0 0 0 38.400000000000006 5.800000000000001 0 0 0 0 0.4 0 0 7.800000000000001 0 0 0 0.8 0 0 2.4000000000000004 0.6000000000000001 0 0 0 0 0 0 0.2 0 0 0.6000000000000001 0 0 0.6000000000000001 0.6000000000000001 0 0 0 0 1 0 0 0.2 0 0 0.4 0 0.4 0 0 0 0 1.2000000000000002 2 8.8 5.2 0.2 0 0 1 7.2 0 1.8 0 0 1 0 4.4 3 0 0 3.2 4.800000000000001 0 3.6 0 0 5.6000000000000005 0 0 0 0 0 2.8000000000000003 5.6000000000000005 0 0 0 0 2 8.200000000000001 0 0 0 0 0 0 0 0 0 0 0 0 0 0 0 0 0 0 2.8000000000000003 0 0 0 0 0 0 0 0 3.6 0 0 0 0 0 0 0 0 0 0 0 0 0 4.800000000000001 0 3.6 0.2 5.2 0 0 3 1 4.4 2.4000000000000004 0 0 15.600000000000001 4.4 4.6000000000000005 0 0 0 7 0 0 0 0 0 4.800000000000001 0 5.6000000000000005 0 0 0 0 0 0 3.4000000000000004 1.8 0 2.4000000000000004 8.8 0 0 0 0.2 0 0 0 0 0 0 0 0 0 0 0 0 0 0 0 0 0 0 0 0 0 0 0 0 0 0 0 0 0 0 0 0 0 0 0 0 0 0 0 0 0 0.4 0 0 0.4 18.400000000000002 0 5.800000000000001 2 0 0 0 0 0 0 0 0.2 0 0 0 0 0 0 0 0 0 0 0 0 0 0 0.8 1.8 0 0 0 0 0 0 0 0 0 0 0 0 0 
 7.4 26.400000000000002 10 16.400000000000002 0 44 12.200000000000001 14.200000000000001 18 31.200000000000003 24 10.4 15.600000000000001 20.8 20.400000000000002 78.2 11.600000000000001 52.6 15.8 20.6 0.2 6.4 8.8 0.6000000000000001 0.2 0 34.6 3.2 4.6000000000000005 1.2000000000000002 0 0 0.6000000000000001 0 14.8 0 0 0 42 15 0 0 0 0 0 0 0 0 0 0.6000000000000001 0 1.8 0 0 0 0.2 0 0 0 0.6000000000000001 0 0 0 0.6000000000000001 0 0 0 0 0 0 0 0 0 0 0.4 0 0.2 0 0 0 0 0 0 0.2 2 6.6000000000000005 0 1.8 0 0 0 0.4 0 0.6000000000000001 0.4 0 0 0 0 0 0.2 0 0 0 0 0 0.4 0 3.2 1.4000000000000001 5 0 0.2 0 2.2 3.8000000000000003 0 4.800000000000001 2.6 0 0 0 0 0 0 0 0 0 0 0 0 0 0.2 0 0 0 0 0.2 0 0 0 0 0 0 0 0 0 0 0 0 0.8 0 0 0 0 0 0 0 0 0 2.8000000000000003 0.2 3 0 2.4000000000000004 3.6 0 0 0.8 0.2 0 0 0 0 0 4 0 3.4000000000000004 0 0 5.2 4 0.2 0 0 0 3.6 3.2 6.6000000000000005 3 0 0 1.4000000000000001 2.6 2.4000000000000004 3.6 0 6 2.8000000000000003 5.2 0 0 0 0 0 0 0.4 0 0 0 0 0 0 0 0 0 0 0 0 0 0 0 2.4000000000000004 0 0 0 0 0 0 0 0 4.2 0 0 0 0.4 0 0 0 0 0 0 0 0 0 0 0.8 0.2 0.2 0.2 2.2 3.6 0 0 0.4 0 0 0 0 0 0 0 5 0 0 0 0 0 0 0 0 0 0 0.4 0 0 0 0 0 0 0 0 0 0 0 0 0 0 0 0 
 51.6 5.2 20 27.400000000000002 44 0 21.6 26.6 8.4 11.8 30.8 9 6.4 27.200000000000003 26 19.400000000000002 13.600000000000001 29.400000000000002 15.200000000000001 24.400000000000002 14.8 0.4 14.600000000000001 1.4000000000000001 0.2 0 0 0.4 15 30 0 0 0 0 0.2 29.200000000000003 0.2 0 20.6 33.2 0 0.4 0.2 0 0 0 0.2 0 0 0.6000000000000001 1.6 0 0 0 0 0.2 0 0.2 0 0.4 0 0 0 0.6000000000000001 0 0 0 0 0.8 0 0 0 6.2 0 0.6000000000000001 0.2 0.6000000000000001 0 0 0 0 3 3.6 5.2 0 3 0 0 3.6 4 0.2 4.2 0 0 1.8 0 1.8 0.2 0 0 0 2.2 4 0.2 0 0 3.4000000000000004 0 2.8000000000000003 0 0 0 0 0 3 1.8 5.4 13.4 2 3.2 3.2 0 0 0 0 0 0 0 0 0 0 0 0 0 0 0 0 0 0 0 0.2 0 0 0 0 0 0 0.8 0 0 0 0 0 0 0 0 0 0.2 0 0 0.2 0 0 0 2 3.2 0 0 4 0 0 0 0 3.8000000000000003 0 3.6 0 0 0.4 0.2 2.4000000000000004 1.6 3.8000000000000003 3 0 0 0 0 7.6000000000000005 1.8 0 4.6000000000000005 3.8000000000000003 5.2 2 2.4000000000000004 3.2 0 14.200000000000001 3.4000000000000004 0 0 0 0.4 2.2 0 0 0 0 0 0 0 0 0 0 0 0 0 0 0 0 0 0 0 0 0 0 0 0 0 0 0 0 0 0 0 0 0 0 0 0 0 0 0 0 0.2 0 0.4 0 0 0 1.8 0 0 0 0 0 15 0 0 0 0 0 0 0 0 0 0 0 0 0 0 0 0 0 4.4 0 0 0 0 0 2.8000000000000003 0 0 0 0 0 0 0 0 
 90.80000000000001 14.8 78 19.6 12.200000000000001 21.6 0 60 33 21.8 6 5.800000000000001 140.8 22.6 71.8 17.8 24.400000000000002 23 43.6 108 40.6 0 0 0.6000000000000001 0 0.2 0 0.2 0.2 0 0.2 0.2 0 14.8 0 0 0 0 0.4 0 0 0 0.2 0 0 0.4 0 0 0 0.6000000000000001 0 0 0 0 0 0 0 0.2 0 0.4 0 0 0 0.6000000000000001 0 0 0.4 0 0 6.4 0 0 0 0 0.6000000000000001 0.2 0.6000000000000001 0 0 0 6.2 6.2 4 0 0 0 5.800000000000001 0.2 3 1.6 2.2 1.6 5 9 4.800000000000001 2 5.4 0.2 6.6000000000000005 3.2 0 0 0 0 0 0 0 0 0 0 0 0 0 0 0 0 0 0 0 0 0 0 0 0 0 0 0 0 0 0 0 0 0 0 0 0 0 0 0 0 0.6000000000000001 0 0 0 0 0 0 0.6000000000000001 0 0 0 0 0 0 0 0 0 0 0 0 0.4 0.2 9 3 4.2 0 4.2 7.6000000000000005 0 2.2 0 0 5.4 8.8 2 0.2 2.6 5.2 2 1.6 0 0 0 3.6 0 0 0 0 0 0 0 0 0 0 0 0 0 0 6.6000000000000005 0 0 0 0 0 0 0 0 0 0 0 0 0 0 0 0 0 0 0 0 0 0 0 0 0 0 0 0 0 0 0 0 0 0 0 0 0 0 0 0 0 0 2 0 0 0 1.4000000000000001 0 0.4 0 0.2 0 1.2000000000000002 0 0 0 0 0 0 0.4 0 0 0 0 0 0 0 0 0.4 0 0 0 0 0 0 0 1.8 0 3 0 0 0 0 0 0 0 0 0 0 0 0 
 33.6 48 69.60000000000001 53.6 14.200000000000001 26.6 60 0 41.2 29.400000000000002 41.800000000000004 4.4 41.400000000000006 15.600000000000001 25.200000000000003 51.800000000000004 12.600000000000001 44.400000000000006 54 27.200000000000003 0 0 0.6000000000000001 0.6000000000000001 0 0 0 0.2 41 0 0 0 0.4 0 0 0 0 0 16 0.8 15 0.4 0.2 0 0 0.4 0 0.4 0.2 0.6000000000000001 0 12.4 0 0 0 0 0 0.2 0.2 0.4 0 0 1.2000000000000002 0.6000000000000001 0 0 0 0 0 0.6000000000000001 0 0.6000000000000001 0.6000000000000001 0 1.6 1.8 0.6000000000000001 0 0 0 7.6000000000000005 9.8 5.2 8.200000000000001 7.2 2 5.6000000000000005 0 6 3.8000000000000003 2.2 0.2 4.4 5 9.8 0 13 1.8 0.4 4.4 0 0 0 0 0 0 0 0 0 0 0.2 2.6 7.800000000000001 0 0 0 0 0 0 0 0 0 1.8 0 0 0 0 0 0 0 0 0 0 0 0.2 0 0 0 0 0 0.2 0 0 0.2 0 0 0 0.2 0 0 0 0 0 0 0 0 0 0 0 0 0 0 2 0 6.4 5.6000000000000005 2.6 3.4000000000000004 1.6 4.6000000000000005 0.2 0.6000000000000001 1 0 9.200000000000001 0.2 2.8000000000000003 0.2 0 1.4000000000000001 7.6000000000000005 0 0 0 0 0.4 3.2 0 0 0 0 0 0.4 0 0 0 0 0 6.4 1.8 0 0 0 0 0 0 0 0 0 0 0 0 0 0 0 0 0 0 0 0 0 0 0 0 0 0 0 0 0 0 0 0 0.2 0 0 0 0 0 0 0 0 3 0 0 0 0.6000000000000001 0 0.6000000000000001 0.4 0.2 0 2.6 1.4000000000000001 0 0 0 0 0 0 0 0 0 0 0 0 0 0 0 0 0 0 0 0 0 0 5.2 0 0 0 0 0 0 0 0 0 0 0 0 0 0 
 30 26.400000000000002 19.400000000000002 17.6 18 8.4 33 41.2 0 35.2 47.800000000000004 49 37.800000000000004 36.2 30.8 15.4 48.6 7.6000000000000005 77.4 25 4.800000000000001 0.4 0.2 0.8 0.2 0.4 0 0 0 0.6000000000000001 0.2 0.4 0.4 0.2 0.2 0.2 0 0.4 0.8 0.4 0 0.4 0.2 0 0.4 0 0 0.4 0.2 1 0 1.2000000000000002 0 0 0.4 0 0.4 0.6000000000000001 0.4 0.8 0 0 0 0.6000000000000001 0 0.4 0 0.2 0 0 0 0.4 0 0 0.6000000000000001 6 0.6000000000000001 0 0 0 4.4 0 5 4.2 0 0 4.6000000000000005 0.2 5.6000000000000005 2.2 6.6000000000000005 1.6 0 0 0 0 0 3.6 0.2 0 0 0 0 0 0.4 0 0 0 0 0 0 0 4 0.2 0 0 0 0 0 0 0 0 0 0 0 0 0 0 0 0 1.8 0 0 0 0 1.2000000000000002 0 0 0 0 0 0.8 0 0 0.2 0 0 0 0 0 0 0 0 0 0 0 0 0 0 0 0 3.6 5.6000000000000005 0 3.8000000000000003 0 16.2 6 3 0.4 8 0 1.8 0 0 0.2 0 0 0 1.2000000000000002 0 0 0 0 0 0 0 0 0.8 0 0 0 0 0 0 0 0 0 0 0 0 0 0 0 0 0 0 0 0 0 0 0 0 0 0 0 0 0 0 0 0 0 0 0 0 0 0 0 0 0 0 0 0 0 0 0 0 0 0 0 0 2.8000000000000003 0 0 0 0.2 0.2 0.4 18.6 0.2 0 2.2 0 0 0.4 0 0 0 0 0 0 0 0 0 0 0 0 0 0 0 0 0 0 0 0 0 4.2 0 0 0 0 0 0 0 0 0 0 0 0 0 
 5.4 44.800000000000004 32.800000000000004 16.6 31.200000000000003 11.8 21.8 29.400000000000002 35.2 0 107.80000000000001 57.2 9.8 55.400000000000006 39.2 98.4 26.6 45.6 40 42.800000000000004 0 0 0 0.8 0 0 25.8 0 0 0 0 0 0 0 0 0.2 0.4 0 15.200000000000001 0 0 0 0 0 0 0.4 0 0 1 0.8 0 0 0 0 0 0 1.8 0 0 0.6000000000000001 0 0 0.2 0.6000000000000001 0 0 0 0 0 0 0 0.8 0 0 0.4 0.2 0.2 0 0 0 6.2 3.6 3 3 4 2.6 0 2.4000000000000004 0 6.6000000000000005 4.2 1.8 1.8 2.8000000000000003 3.2 0 3.6 2 0 0 3.2 0 0 0 0.2 0 0 0 0 0 0 0 0 0 1.8 0 0 0 8 3.8000000000000003 0 0 0 0 0 0 0 0 0 0 0.2 3.2 0 0 0 0 0 0 0 0 0.2 0 0 0 0.4 0 0 0 0 0 0 0 0 0 0 0 0.4 0 0 0 3.6 0 0 10 3 8.4 0 0.4 5.800000000000001 0 4.800000000000001 0 3.2 0 2.6 0.2 0.4 0 0 0 5.800000000000001 0 0 0 0 0 0 0 0 0 0 0 3.2 0 0 3 0 0 0.2 10 0 0 0 0 0 0 0 0 0 0 0.4 0 0 0 0 0 2.8000000000000003 0 0 0 0 0 0 0 0 0 0 0 0 0 0 0 0 0 0 0 0 0 0 0 0 0 0 0 0 0 17.6 0 0 0 2.8000000000000003 1.4000000000000001 0.2 0 0 0 0 0 0 0 0 0 0 0 0 0 0 0 0 0 0 0 0 0 0 0.6000000000000001 0 0 0 0 0 0 0 0 0 0 0 0 0 0 
 6.6000000000000005 7.6000000000000005 73.8 63 24 30.8 6 41.800000000000004 47.800000000000004 107.80000000000001 0 37 10.8 12.200000000000001 28.200000000000003 16.6 49.6 13.200000000000001 7.800000000000001 33 7.6000000000000005 0 0 0.6000000000000001 0 0.2 19 0 0 0 0 0.4 29.8 15 16.6 0 0.2 0 0.4 0 0 0 0.2 15 0 0 0 0 0 0.6000000000000001 0 1.2000000000000002 0 0 0 0 0 0.2 0 0.4 0 0 0.2 0.6000000000000001 0 0 0 0 0 0 0 0 0 0 0.6000000000000001 0.4 0.6000000000000001 0 0 0 7.4 5 3 11.4 4.2 2.8000000000000003 0 0 0 0 1.2000000000000002 0 0 0.2 0 0 4.6000000000000005 6.800000000000001 0 0 2.8000000000000003 0 0 0 0 0 0 0 0 2 0 0 4.6000000000000005 3.2 0 0 0.2 0.2 7 4 0 0 0 0 0 0 0.4 0 0 2.4000000000000004 0 0 0 0 0 0 0 0 0 0.4 0 0 0 0 0 0 0 0 0 0 0.2 0 0 0 0.4 0 0 0 0 0 5.4 4.6000000000000005 2.8000000000000003 4.6000000000000005 0 3.2 0.4 7 11 4.800000000000001 7.2 0 0.4 0.2 6.4 1.8 0 7.4 0 3.2 7 0 0 0 0 0 0 0 3.4000000000000004 4 0 0 0 0 2 3 0 0 0 0 0 0 0 0 0 0.4 0 0 0 0 0 0 0 0 0 0 0 0 0 0 0 0 0 0 0 0 0 0 0 0 0 0 0 0 0 0 0 0 0 0 0 0 0 0 0 0.2 0 0 0.2 0.2 0.4 4.6000000000000005 0 0 0 0 0 0 0 0 0 0 0 0 0 0 0 0 0 0 0 0 0 0 0 0 1.2000000000000002 0 0 0 0 0 0 0 0 0 0 0 0 0 
 13 8.6 11.600000000000001 55 10.4 9 5.800000000000001 4.4 49 57.2 37 0 24 30.6 45.800000000000004 37.4 33.6 31.6 5.2 5.2 0 0 0 0.6000000000000001 0 0 14.600000000000001 0.2 0 0 0 0 29.6 0 0 0.8 0.2 0 0.4 0 0 0 0 0 0 0 0 0 1 0.6000000000000001 0 0 0 0 0 0 0 0 0 0.6000000000000001 0 0 1 0.6000000000000001 0 0 0 0 0 0 0 1.2000000000000002 0 0 1.8 1.4000000000000001 0.4 0 0 0 0 3.2 0 0 6.2 7.6000000000000005 0 1.4000000000000001 2.2 4 2.4000000000000004 0 0 0 7.4 2.8000000000000003 7.2 9.8 0 2.2 3.8000000000000003 0 0 0.2 0 0 0 0.2 0 0 0 0 4.2 0.2 0 0 0 0 3.4000000000000004 6.800000000000001 0 0 0 0 0 0 2.2 0 0 0 0 0 0 0 0 0 0 0 0 0 0 3.8000000000000003 0 2.4000000000000004 0 0 0 0 0 0 0 0 0 0 0 0.4 0 0 0 0 5.6000000000000005 5 0.4 8.8 0 6 0 0 0 4.2 5.6000000000000005 0 0 0 8.6 1.2000000000000002 5.800000000000001 5.800000000000001 0 0 5.2 0 0 0.4 3 0 0.4 0 3.8000000000000003 0 0 0 0 0 0 0.4 0 0 3.4000000000000004 2.8000000000000003 0 0 0 0 0 0 0 0 0 0 0 0 0 0 1.8 0 0 0 0 0 0 0 0 0 0 0 0 0 0 0 0 0 0.4 0 0 0 0 0 0 0 0 0 0 0 0 1 0 0.4 0.4 0.8 0 2.8000000000000003 0 0 0 0 0 0 0 0 0 0 0 0 0 0 0 0 0 0 0 0 0 0 0 3.6 0 0 0 0 0 0 0 0 0 0 0 0 0 0 
 88.80000000000001 39.6 11.4 15.600000000000001 15.600000000000001 6.4 140.8 41.400000000000006 37.800000000000004 9.8 10.8 24 0 96.4 87.2 24.400000000000002 51 70 37.4 53.2 0 0 0 0.6000000000000001 0 0 0.4 12.8 0 0 0 0 0 0 0 0 0 0 1 0.2 0 0 0.6000000000000001 0 0 0.2 0 0 0 0.6000000000000001 0 0 0 0 0 0 0 0.6000000000000001 0 0.4 0 0 0 0.6000000000000001 0 0 0 0 0 0 0 0 0 0 0.6000000000000001 0.6000000000000001 0.6000000000000001 0 0 0 2.2 8 0 0 2 0 0 12.600000000000001 7.6000000000000005 2 6.2 0.2 3.8000000000000003 11.8 4.800000000000001 6.800000000000001 2.2 6.4 4.4 11.8 0 0 0 0 0 0 0 0 0 0 0 0.2 0 0 0 0 3.2 0 0 0 0 0 0 0 0 0 0 0 0 0 0 0 1.8 0 0 0 0.4 3 0 0 0 0 0 5 0 0 0 0 0 1.8 0 0 0 0 0 0 0 0 0 0 4.4 5.6000000000000005 7 3 0 0 3.4000000000000004 6 3.2 12.8 0 3.6 6.6000000000000005 0 2.4000000000000004 0 0 5 3.4000000000000004 6 0 0 0 2.6 0 0 0 0 0 0 0 0 0 0 0 0 0 0 2.2 0 0 0 0 0 0 0 0 0 0 0 0 0 0 0 0 0.2 0 0 0.4 0 0 0 0 0 0 0 0 0 0 0 0 0 0 0 0 0 0 0 0 0 0 0 0 0 0 0 0 0.4 0.4 0 0 1.4000000000000001 0 0 0 0 0 0 0 0 0 0 0 0 0 0 0 0 0 0 0 0 0 0 0 0 0 0 0 0 0 0 0 0 0 0 0 0 0 0 
 10 23 27 14.600000000000001 20.8 27.200000000000003 22.6 15.600000000000001 36.2 55.400000000000006 12.200000000000001 30.6 96.4 0 35.800000000000004 13.200000000000001 36 87.60000000000001 14.4 15 0 0 0.4 0.8 0 0 1.2000000000000002 0.4 0.6000000000000001 0.4 0 0 0 0.4 0 0 0 1 0.4 0 0 0 0.2 0 0.8 1 0 0 0.4 0.6000000000000001 1.4000000000000001 0 0.2 0 0 0.6000000000000001 0 0.2 0 0.4 0 0 7.2 1 0.8 1 0 1.2000000000000002 0.2 0 0 1.4000000000000001 0 0 1.4000000000000001 0.8 0.8 0 0 0 0 8.200000000000001 0 0 1 2.4000000000000004 2.2 5.4 2.4000000000000004 5 6.800000000000001 1.2000000000000002 3.2 1.2000000000000002 6.4 7.4 5.800000000000001 6.800000000000001 0.2 3.4000000000000004 0 0 0 3.8000000000000003 0 0 0 3.4000000000000004 0 0 0 0 0 0.2 0 0 0 0 2.4000000000000004 0 0 0 0 0 0 5.800000000000001 0.4 0 0 0.4 0 0 0 0 0 0 0 0 0 0 9 0 0 0 0 0.2 0 1.2000000000000002 0 0 0 0 0 0 0.4 0 0 0 0 0 5 0.4 0.8 2.6 3.2 0 1.4000000000000001 0 2 2.6 3 0.4 2.4000000000000004 3.4000000000000004 2.6 0 9.200000000000001 0 0 1.2000000000000002 0 0 0 0 0 0 0 0 0 0 0 0 0 0 0 0 0 0 4 0 0 0 0 0 0 0 0 0 0 0 0 0 0 0 0 2.8000000000000003 3.8000000000000003 0 0 0 0 0 0 0 0 0 0 0 0 0 0 0 0 0 0 0 0 0 0 0 0 0 0 0 0 0 0 0 0.2 0 0 0.2 0 0 0 0 0 0 0 0 0 0 0 0 0 0 0 0 0 0 0 0 0 0 0 5 0 3.6 0 0 0 0 0 0 0 0.2 0 0 0 0 
 77.80000000000001 7.800000000000001 10.200000000000001 33.2 20.400000000000002 26 71.8 25.200000000000003 30.8 39.2 28.200000000000003 45.800000000000004 87.2 35.800000000000004 0 13.600000000000001 6.6000000000000005 48 21.8 60.400000000000006 0.4 0 0.4 1 0 0 0 0.2 0 0.6000000000000001 0 0 0.6000000000000001 0 0 0 0 0 0.8 0 0 0 0 0 11.4 0.4 0 0 0 0.6000000000000001 0 0 0 14 0 0 0 0 0 0.6000000000000001 0 0 0.2 0.6000000000000001 0 0 0 0 0.4 0 0 0 0 0 0.4 0 0.4 0 5.6000000000000005 0 2 5.6000000000000005 0.2 9.8 4.2 0 0 2.6 2 0 0 0 5.4 11.4 5 3.4000000000000004 3.2 0 3.8000000000000003 6.2 0 0 0 0 0 0 0 0 0 0 4 0 0.2 0 0 0 0 0 0 0 0 0 0 0 0 0 0 0 0 0 0 0 0 0 0 0 0 0 0 0.8 1.2000000000000002 0 0 0 0 0 0 0 0 0 0 0 0 0 0 0 0 0 0 0 1 0 3.4000000000000004 0 3 4 0.6000000000000001 2 9.8 0 0.6000000000000001 0 3.2 0.8 5.4 0 0 4.800000000000001 3.4000000000000004 0 0 0 0 0 0 0 0 0 0 0 0 0 0 0 0 0 0 0 2.8000000000000003 0 0 0 0 0 0 0 0 0 0 0 0 0 0 0 0 0 0 0.2 0 0 0 0 0 0 0 2.8000000000000003 0 0 0 0 0 0 0 0 0 0 0 0.2 0 0 0 0 0 0 0 1.2000000000000002 0 0 0 0 0 1.8 0.4 0 0 0 0 0 0 0 14.8 0 0 0 0 0 0 0 0 0.4 0 0 0 0.4 0 2 0 0 0 0 0 0 0 0 0 0 0 0 0 0 
 12.4 22 157 28.400000000000002 78.2 19.400000000000002 17.8 51.800000000000004 15.4 98.4 16.6 37.4 24.400000000000002 13.200000000000001 13.600000000000001 0 32.2 47.2 34.4 75.60000000000001 0 14.8 0 0.6000000000000001 0 0 0 0 0 0 0 0 0 14.8 0 0 0 14.8 0.4 0 0 0 0.4 0 0 0.4 0 0 1.2000000000000002 0.6000000000000001 0 0 0 0 0 0 0 0.4 0 0.4 0 0 0.6000000000000001 0.6000000000000001 0 0 0 0 0 0 0 0.6000000000000001 0 0 1.8 2.4000000000000004 0.6000000000000001 0 0 0 0 3.6 0 0 3.8000000000000003 2 0 7.2 5.6000000000000005 3.8000000000000003 2.2 2.8000000000000003 0 0 4.800000000000001 1.8 2.4000000000000004 5 0 0 0 0 0 0 0 0 0 4 0 0.4 0 0 3.6 0 0 0 0 0 1.6 3.6 0 0 0 0 0 0 0 0 0 0 0 0 0.4 0 0 0 0 0.4 0 0 0.4 0 0 1.4000000000000001 0 0 0 0 0 0 0 0 0 0 0 0 0 0 0 0 11.600000000000001 3 3.4000000000000004 3.2 6.6000000000000005 5.4 0 1.6 4.2 3.4000000000000004 2.2 3.4000000000000004 0 0.2 2.4000000000000004 2.2 9 2.6 0 2.6 0 0 0 0 0 0 0 0 0 0 0 0 4 0 0 0 0 0 1.8 6.6000000000000005 0 0.2 0 0 0 0 0 0.4 0.4 0 0 0 0 0 0 0 0 0 0 0 0 0 0 0 0 0 0 0 0 0 0 0 0 0 0 0 0.4 0 0 0 0 0.4 0 0 0 0.4 0.2 0.2 0.6000000000000001 0.4 3.2 2.8000000000000003 0 0 0 0 0 0 0 0 0 0 0 0 0 0 0 0 0 0 0 0 0 0 0 3 0 6.800000000000001 0 0 0 0 0 0 0 0 0 0 0 0 
 8 25.400000000000002 24 53.800000000000004 11.600000000000001 13.600000000000001 24.400000000000002 12.600000000000001 48.6 26.6 49.6 33.6 51 36 6.6000000000000005 32.2 0 65.8 22.6 72.2 0 0 0 0.6000000000000001 0.4 0 0 0 0.4 0 0.6000000000000001 0 0 1 0 0.6000000000000001 0 0.4 0.4 0 0.4 1.2000000000000002 0.2 0 0 0.4 0 0 0.4 0.6000000000000001 0 4.2 0 0 0 0 0.2 0.2 0 0.8 0 0 0 0.6000000000000001 0 0 0 0 0 0 8.8 0 0 0 0.6000000000000001 0.2 0.6000000000000001 0 0 0.2 4.2 2 4 13.200000000000001 1.8 0 7.6000000000000005 1.6 3.8000000000000003 1.8 5.6000000000000005 7 0 0 0 5.6000000000000005 3.4000000000000004 11 0 0 0 0 0 0 0 0 0 2.8000000000000003 0 0 0 0 8.4 0 0 0 0 0 0 0 0 0 0 0 0 0 0 0 0 0 0 0 0 0 0 0 0 0 0 0 0 0.6000000000000001 0.4 0 0 0 0 0 0 0 0 0 0 0 0 0 0 0 0 0 0 2.4000000000000004 2.2 2.8000000000000003 5 0 7.6000000000000005 3.2 3 2.2 8.200000000000001 3.8000000000000003 2.8000000000000003 0 0.4 0.2 0 0.2 0 1.4000000000000001 0 0 0.4 0 0 0 0 0 0 0 0 0 2.8000000000000003 0 0 0 0 0 1.8 0 0 0 0 0 0 0 0.2 0 0 0 0.4 0 0 0 0 0 0 0.4 0 0 0 0 0 0 0 0 0 0 0 0 0 0 0 0 0 0 0 0 0 0 0 3 0 0 0 0 0 0 9.200000000000001 0 0.2 19.200000000000003 0 0 0 0 0 0 0 0 0 0 0 0 0 0 0 0 0 0 0 0 0 0 0 0 5.800000000000001 0 0 0 0 0 0 0 0 0 0 0 0 0 
 9.200000000000001 32 64 28.6 52.6 29.400000000000002 23 44.400000000000006 7.6000000000000005 45.6 13.200000000000001 31.6 70 87.60000000000001 48 47.2 65.8 0 29.200000000000003 12 0 0 0.4 1.4000000000000001 0 0 0 0 0 0.6000000000000001 0.2 0 0.6000000000000001 0 0 0 0 0 15.4 6.6000000000000005 0 1.4000000000000001 0.2 0 0 0 0 0 0.6000000000000001 0.6000000000000001 0 0 0.6000000000000001 0.6000000000000001 0 0 0.2 0.4 0 0.4 0 0 0.2 0.6000000000000001 0 0 0 0 0.4 0 1.4000000000000001 0 0 0 0.6000000000000001 0.2 0.6000000000000001 0 0 0 3.8000000000000003 3 0 0 2 0 0.2 0.4 3.2 6.800000000000001 3.8000000000000003 4.2 2.6 2.8000000000000003 2.8000000000000003 0 3.8000000000000003 3 0.2 1.8 0 1.8 0 0 0 0 0 3.6 0 3.6 0 0 0.4 0 0.8 0 0 0 0 3.4000000000000004 0 0 0 0 0 0 0 0 0 0 0 0 0 0 0 0 0 0 0 0 4.2 0 0.4 0.2 0 0 0 0.6000000000000001 0 0 0 0 0 0 0 0 0 0 0 0 0.2 3.2 4.4 0 4 5.2 0 2.8000000000000003 0.4 0 5.800000000000001 0 0 3 0.2 15.600000000000001 7.4 4.2 0 4.2 0 2 1.6 0 0 0 0 0 0 3 0 0 6 0 0 0 0 0 0.2 3.2 0 0 0 0 0 0 0.2 0 0 0 0.4 0 0 0 0 0 0 0.4 0 0 0 0 0 0 0 0 0 0 0 0 0 0 0 0 0 0 0 0 0 0 0 0 0 0 0 0 0.6000000000000001 0 0 17.400000000000002 1.4000000000000001 20.200000000000003 0.4 0 0 0 0 0.2 0 0 0 0 0 0 0 0 0 0 0 0 0 0 0 0.2 0 0 0 2 0 0 0 0 0 0 0 0 0 0 0 0 
 30.200000000000003 44 13.600000000000001 14.4 15.8 15.200000000000001 43.6 54 77.4 40 7.800000000000001 5.2 37.4 14.4 21.8 34.4 22.6 29.200000000000003 0 65.4 0 0 0 0.6000000000000001 0 0 0 0 0 0 0 0 0 0 0 0 0 0 0.2 0 0 0 0 0 0 0 0.4 0 0.2 0.6000000000000001 0 0 0 0 0 0 0 0 0 0.6000000000000001 0 0 0 7.2 0 0 0 0 0 0 0 0 0 0 0.4 0 0.4 0 0 0 4.6000000000000005 2.4000000000000004 4.6000000000000005 2.2 0 2 1.8 3.2 5.4 2.2 10.200000000000001 1.6 1.8 6 4.800000000000001 3.2 6.4 2.6 0.2 3.8000000000000003 0 0 0 0 0 0 0 0 0 0 0 0 0 0 0 0 0 0 0 0 0 0 0 0 0 0 0 0 0 0 0.4 0.4 0 0 0 0 0 0 0 0 0.8 0 0 2.2 0 0 0 0 0.4 0 0 0 2 0.4 0 0 2.6 0 0 0.4 3.6 7 6.6000000000000005 2.8000000000000003 0 0 4.800000000000001 6.2 0.2 4 0 5.800000000000001 2.6 0 0 0 0.2 3 2.8000000000000003 13.4 0 0 0 0.8 0 0 0 0 0 0 0 0 0 0 0 0 0 0 0.2 0 0 0 0 0 0 0 0 0 0 0 0 0 0.4 0 0 0 0.4 0 0 0 0 0 0 0 0 0 0 0 0 0 0 0.2 0 0 0.2 0 0 0 0 0 0 0 0 0 0 0 0 0 17.8 0 0 3.4000000000000004 0 0 0.2 0 0 0 0 0 0 0 0 0 0 0 0 0 0 0 0 0 0 0 0 0 1.4000000000000001 0 0 0 0 0 0 0 0 0 0 0 0 0 
 32.6 24 28.200000000000003 58.800000000000004 20.6 24.400000000000002 108 27.200000000000003 25 42.800000000000004 33 5.2 53.2 15 60.400000000000006 75.60000000000001 72.2 12 65.4 0 0.6000000000000001 0 0 15.600000000000001 0.6000000000000001 0 0.6000000000000001 0.4 0 0 0 0.6000000000000001 0 0 0 0 0.2 0 0.8 0 0 0 0.2 0.4 0 0.2 0 0 0 0.6000000000000001 0 0 0 0 0 0.8 0.4 0.2 5.800000000000001 0.4 0 0.4 0 0.6000000000000001 0 0 0.6000000000000001 0 0.4 0 0.4 0.6000000000000001 0.6000000000000001 0.6000000000000001 1.2000000000000002 0.4 0.6000000000000001 0 0 0 4.4 2 5 0 0 0 0 2.6 6.2 0 6.6000000000000005 0 6 5 0 1.2000000000000002 4.2 2.4000000000000004 8.8 5.800000000000001 0 0 0 0 0 0 0 0 0 0 2.8000000000000003 0.8 0 0 0 0 0 0 0 0 0 0 0 0 0 0 0 0 0 0 0 0 0 0 0 0 0 0 0 0 1.4000000000000001 0 0 1.8 0 0 0 0 0 0 0 0 0 0 0 0 0 0 0 0 0.6000000000000001 4 7.2 5.800000000000001 0.2 2.6 5.800000000000001 11.200000000000001 5.2 2.2 8.6 3.4000000000000004 2.8000000000000003 4.6000000000000005 0 0 0.2 2.8000000000000003 2.2 3.6 0 0 0 0 0 0 0 0 0 0 0 0 0 0 0 0 0 0 0.2 0 0 0 0 0 0 0 0 0 0 0 0 0 0 0 0 0 0 0 0 0 0 0 0 0 0 0 0 0 0 0 0 0 0 0 0 0 0 0 0 0 0 0.2 0 0 0 0.6000000000000001 0.4 0 0 0.6000000000000001 0 0 0 0 0 0 0 0 0 0 0 0 0 0 0 0 0 0 0 0 0 0 0 0 0 0 0 0 0 0 0 0 0 0 0 0 0 0 0 2.4000000000000004 
 0 0 0.2 15 0.2 14.8 40.6 0 4.800000000000001 0 7.6000000000000005 0 0 0 0.4 0 0 0 0 0.6000000000000001 0 32.800000000000004 36 9.8 10.4 7 66.4 51.2 11.4 16.2 6.2 56 49.2 50 42.2 39.800000000000004 6 41.800000000000004 14 9 0 0 0 0 0 1 0 0 0.8 0 0 0 0 0 0 0 40.800000000000004 0.6000000000000001 0 0 0 0.6000000000000001 0 0.8 0 0 0 0 0 0 0 0.4 0 0.6000000000000001 0 6.800000000000001 0 0 0 0 0.4 0 0 2.2 0 0 0 0 0 0 0 0 0 0 0 0 0 0 0 0 0.2 13 9.4 0.2 0 8 1.8 3.2 3.2 3.6 1.8 2.2 0 12.200000000000001 2.8000000000000003 3.4000000000000004 2.4000000000000004 1.8 2 2.2 0.2 0 0 0 0 0 0 0.2 0 0 1.8 0 0 0 0 0 0.4 0 0 0 0 0 0 0 0.2 0 0 0 0 0 0 0 0 0.4 0 0 0 0 0 0.4 1 0 0 0 0 0 2.6 0 2.6 0.8 0 0 0 0 0 0 0 0.2 0 0 1.4000000000000001 4.800000000000001 3 4.2 4.6000000000000005 3.6 4.4 9.200000000000001 6.2 13.8 0 3.2 3 4.6000000000000005 9.4 4.4 5 0 0 0 0 0 0 2.4000000000000004 0 0 0 0 0 0 0 0 0 0 0 0 0 0 0 0 0 0 0 0 0 0 0 0 0 0 0 0 0 0 0 0 0 0 0 0 0 0 0 0 0 0 0 0 0 0 0 0 0 0 1.6 0.4 0 8 0 0.4 0.4 0 0 0 0 0 0 0 0 0 0 0 0 0 0 0 2 0 0 0 0 0.2 0 0 0 0 0 0 0 0 
 0 0 0 0.2 6.4 0.4 0 0 0.4 0 0 0 0 0 0 14.8 0 0 0 0 32.800000000000004 0 95 14.8 30 6.800000000000001 58.800000000000004 38 11.200000000000001 8.6 22.200000000000003 8.200000000000001 11 31.8 45.800000000000004 11.200000000000001 65.2 23.200000000000003 10.200000000000001 24 0.2 1.4000000000000001 1.2000000000000002 0 0.2 1.4000000000000001 0.6000000000000001 0 0.8 0 0 0 0.8 0 0.4 0 0 2.4000000000000004 0 1.2000000000000002 1.2000000000000002 9.600000000000001 0 0.8 0.4 0.8 0 0 0 0 0.4 0.8 0 1 0.2 0 0.2 2.4000000000000004 1.2000000000000002 0 0 0 0 0 1 1.6 0 0 0 0 0 0 0 0 0 0 0 0 0 0 0 8.6 0 1.4000000000000001 3.2 2.4000000000000004 1 2.6 9 0 2.6 4.800000000000001 0 0 2.8000000000000003 0 6.4 4.2 0 1.6 3.2 0 0 0 0 0 0 0 0 0 0 0 1.4000000000000001 3.2 0 0 0 0 0 10.200000000000001 0 0 0 0 1.2000000000000002 0 0 0 0 0 0 0 0 0 0 0 0 0 1 0 0 0 0 1.4000000000000001 0 0 0 2.8000000000000003 0 0 0 0 0 0 0 0 0 0 0.8 0 0 2.8000000000000003 5.2 5.2 0 5.800000000000001 2 4.4 0 0 0 4.2 0 0 0 0 0 3.2 4 1.8 0 0 0 0 0 0 0 0 0 0 0 0 4 0 3 0 0 0 1.8 1.6 0 0 0 0 0 0 0 0 0 0 0 0 0 0 0 0 0 0 0 0 0 0 0 0 0 0 0 0 0 0 0 0 0 2.2 2.2 0 0.6000000000000001 15.200000000000001 0 0 0 0.2 2.6 0 0 0 0.4 0 0 0 0 0 0 0.6000000000000001 0 0 0 0 0 2.6 0 0 0 0 0 2.6 2.6 0 0 0 
 0 2 0 0 8.8 14.600000000000001 0 0.6000000000000001 0.2 0 0 0 0 0.4 0.4 0 0 0.4 0 0 36 95 0 21.8 68 68 18.8 16.2 36.4 30.6 20.200000000000003 48.6 62 13.600000000000001 43.400000000000006 34 28 22.6 76.2 11 0.4 0.6000000000000001 0.4 0.6000000000000001 0 1.2000000000000002 0.4 13 0.6000000000000001 0.6000000000000001 0.4 0.8 0.4 0 0 0 0 0.6000000000000001 0.2 0 0.4 0.6000000000000001 0.4 1 0 0 0.4 0 0.4 0.2 0 0.8 0.2 0.6000000000000001 0 0.4 0 0 0.6000000000000001 0.2 0 0 0 0 0 6.2 0.2 0 0 0 0 0 0 0 0 0 0 0 0 0 0 16.400000000000002 1.8 0.8 4.6000000000000005 16.6 0 5.6000000000000005 3.6 3.8000000000000003 4.800000000000001 2 0.4 0 3 2.8000000000000003 6 0 0.2 0 3.4000000000000004 0 0 0 0 0 0 0 0 0 0 0 0 1.6 3.8000000000000003 0 0 0 3.8000000000000003 1.4000000000000001 0 0 0 0 1.2000000000000002 0 0 0 0 0 0 0 0.4 0 0 0.4 0.2 0 1.2000000000000002 0 1.4000000000000001 0 0 0 0 0 0 0 0.8 0 0 0 0 0 0 0 4 0 0 0 12.600000000000001 4.800000000000001 0 2.4000000000000004 0 1.8 4.2 9.600000000000001 3.2 6.800000000000001 0 1.4000000000000001 0 2.4000000000000004 9 6.4 1 1.2000000000000002 0 0 1.4000000000000001 0 0 0 0 0 4.4 0 0 0 0 0 3.8000000000000003 0 0 0 0 0 3.6 0 0 0 0 0 0 0 0 0 0 0 0 0 0 0 0 0 0 0 0 0.2 0 0 0.6000000000000001 0 0 0 0 0 0 0 0 0 0 0 1 0 0.2 0 0.4 0 0.4 0.6000000000000001 0 0 0 0 0 0 0 0 0 0 0 0 0 0 0.2 0 0 0 0 4 0 0 0.4 0 0 0 0 0 
 2 0.6000000000000001 1 1.2000000000000002 0.6000000000000001 1.4000000000000001 0.6000000000000001 0.6000000000000001 0.8 0.8 0.6000000000000001 0.6000000000000001 0.6000000000000001 0.8 1 0.6000000000000001 0.6000000000000001 1.4000000000000001 0.6000000000000001 15.600000000000001 9.8 14.8 21.8 0 53.400000000000006 7.6000000000000005 58.2 13.200000000000001 31 33.800000000000004 22.400000000000002 29.6 28 14.600000000000001 12 8.200000000000001 27 30.8 12.8 9 26.200000000000003 13 0 0.6000000000000001 0.2 1.2000000000000002 24.6 0 0.2 0.6000000000000001 0 0 12.4 17.2 0 0.8 0.6000000000000001 0.6000000000000001 0 12.8 0 0.6000000000000001 0.4 1 0 0 0 0 0.8 0 0 7.6000000000000005 0 0.6000000000000001 0 1 0 0 0 0 0 0 0 0 0 0 0 0 0 0 0 0 0 0 0 0 0 0 0 0 0 0 0 2 5.2 3.6 0 0 0 0 3.6 1.4000000000000001 0.4 0 0 0 0 0.4 0.4 0 0.4 0 3.2 0 0 0 9.8 0 0 0.4 0 0 11.600000000000001 5 1.8 0 2.4000000000000004 0 2.4000000000000004 1 0 0 0 0 0 0 0 0 0 0 0 0 0 0.2 0 0 1.6 0 0 0.2 0 0 0 0 0 0 0 2.4000000000000004 0 0 0 0 0.6000000000000001 3.4000000000000004 0 0 0 0.4 2.2 0 0 0 0 0 4 2.6 0 0 0 2.2 7.4 0.2 0 0 0 0 0 0 0 0 1.2000000000000002 2.2 0 0.4 0 0 6.6000000000000005 4.800000000000001 0 0 0 0 2.2 3.4000000000000004 0.4 0 0 0 4.2 3.4000000000000004 0.2 0 0 2.4000000000000004 0 1.2000000000000002 0 0 0 0 0 0 0 0 0 0 0 0 0 0 0 0 0 0 0 0 0 0 0 0 0 2.4000000000000004 0 0 5.2 0 0 0 0 0.2 0.4 2 0 0 0 0 0 0 0 0 0 0 0 0 0 0 0.2 0.2 0 0 0 0 0 0 0 0 0 0 0 2.2 
 0 0 0 0.4 0.2 0.2 0 0 0.2 0 0 0 0 0 0 0 0.4 0 0 0.6000000000000001 10.4 30 68 53.400000000000006 0 37.2 9.200000000000001 30.8 28.200000000000003 32 18.2 61 20.400000000000002 18.2 14.4 20.200000000000003 21.200000000000003 52.400000000000006 17.2 18.2 0.6000000000000001 12.8 0 0 0.2 1 0.6000000000000001 0 0.8 0 0 0 1.2000000000000002 12.600000000000001 12.4 0 0 0.6000000000000001 26.200000000000003 37.800000000000004 0 0.6000000000000001 0 0.4 0 0 0 0 0 0 0 0 0 0.6000000000000001 0 0 5.6000000000000005 0 0 0 0 0 0 0 0 0 0 0 0 0 0 0 0 0 0 0 0 0 0 0 0 0 2.4000000000000004 0 0 2.8000000000000003 6.4 0 2 3 2.8000000000000003 2.6 0 0 0.2 2.2 1.8 0 0 0 2 0 7.4 0 2.2 0 3 0 0 3.4000000000000004 0 0 2.4000000000000004 5.6000000000000005 2.8000000000000003 0 2.2 0 7.800000000000001 2.6 0 0 0 0 0 0 0 0 0.6000000000000001 0 0 0.8 0 0 0 0 0 0.8 0 0 0 0 0 1.8 0 0 0 0.6000000000000001 0 1.8 2.6 0 0 0 0 0 0 0 0 0 0 3.8000000000000003 2.4000000000000004 2.6 4.800000000000001 0.2 2.4000000000000004 2 0 0 5.6000000000000005 0.2 0 0.4 0 0 3 3 0 0.2 0 2 0 3 0 0 6.4 3.2 0 0 0 0 11.200000000000001 3 0.2 0 2 0 2.2 6.6000000000000005 0 0 0 0 0 0 0 0 0 0 0 0 0 0 0 0 0 0 0 0 0 0 0 0 0 0.4 0 0 0 0 0 0 0 0 1.4000000000000001 0.4 1.4000000000000001 0.2 0.4 0 0.4 0.6000000000000001 0 0 0 0 0 0 0 0 2 0 0 0 0 0 0 0 0 2 0 0 0 0 0 3 0 0 0 2 
 0 0 0 0 0 0 0.2 0 0.4 0 0.2 0 0 0 0 0 0 0 0 0 7 6.800000000000001 68 7.6000000000000005 37.2 0 8 5.4 15 10.200000000000001 12.8 17.2 8 10.200000000000001 9.600000000000001 35.6 7.6000000000000005 12.600000000000001 11.600000000000001 51.800000000000004 16.6 5 1.2000000000000002 0 0.8 0.6000000000000001 4.4 3.8000000000000003 0.6000000000000001 0 12.600000000000001 0 0 0 17.400000000000002 18.8 12.8 0.6000000000000001 24.6 0.8 0 0.6000000000000001 0 0.4 0 0 0 0 0 0 0 0.4 0 0.6000000000000001 0 0 0 0 0 0 0 0 0 0 0 0 0 0 1.8 0 0 0 0 0 0.4 0 0 0 0 0.2 0 0 0 0 2.6 0.4 0 0 0.4 0 0 0 0 0 0 0 0 0 0 0 7.800000000000001 5.4 5 11.200000000000001 5.800000000000001 0 3.4000000000000004 2.2 2.8000000000000003 6 21 3 4.6000000000000005 0.2 0.2 1 8 8.8 0.4 3.6 0 0 0 0 0 0 0 0 1.2000000000000002 0 0 0.8 0 0 0 0 0 1 0 0 0 0 0 0 0 0 0 0 0 0 0 0 0 0 0 0 0 0 0 0 0 0 0 0 0 0 0 0 0 0 0 0 0 0 0 0 0 0 0 0 2.2 2.4000000000000004 5 5.6000000000000005 0 0.2 2 7.800000000000001 3.6 2.2 4.2 0.2 0 1.6 5 0 6.4 2.4000000000000004 6.4 7.2 0 0 0 0.4 0 0 0 0 0 0 0 0 0 0 0 0 0 0 2.4000000000000004 0 0 0 0 0 0 0 0 0 0 0 0 0 0 0 1.6 0 0.2 0.8 0 0 0.2 0 0 0 0 3.4000000000000004 0 0 0 0 3 0 0 0 0 0 0 0 0 0 0 0 0 0 0 0 0 0.2 0 0 
 0 0 16.6 14.600000000000001 34.6 0 0 0 0 25.8 19 14.600000000000001 0.4 1.2000000000000002 0 0 0 0 0 0.6000000000000001 66.4 58.800000000000004 18.8 58.2 9.200000000000001 8 0 15.4 18 5.4 2.6 50.6 40.2 23.6 7.800000000000001 7.800000000000001 7.6000000000000005 8.200000000000001 30.6 23.6 0.4 0 0 0 0.2 1 0 0 1 0.6000000000000001 0 0.4 0 0 0 0 1.4000000000000001 0.6000000000000001 0.2 0 1 0.4 0.4 0.4 0 1.2000000000000002 0 0 0.8 0 0 1 1 0.6000000000000001 0 0 0 0 0.2 0 0 0 0 0 1 1.2000000000000002 0 2.6 0 0 0 6.2 0.4 0 0 0 0 0 0 0 5.800000000000001 10.4 0 0 0.4 0 1.6 0.2 3.8000000000000003 1.8 4.2 0 0 4.6000000000000005 1.8 1.4000000000000001 0 0.2 1.4000000000000001 0 0 0 0 0 0 0 0 0 0 0 0 0 0 0 0 0 0 0 0.4 0 0 0.6000000000000001 0 0.4 0 0 0 0 0 0 0 0.4 0 0 0 0.6000000000000001 0 0 0 0 0 0.6000000000000001 0 4 3 6.4 0 0 0 0.6000000000000001 0 0 0 0 0 0.2 0 0 0 0 5 0 2.2 0 0 0 0.2 1.2000000000000002 2.4000000000000004 0.2 0 0 8.200000000000001 0 0 4.2 2.6 0 0 7.6000000000000005 0 0 0 0 0.4 0 0 0 0 0 0 0 0 0 0 0 0 0 0 0 0 0 0 0 0 0 0 1.6 0 0.2 0 0 0.2 0 5 0 0 0 0 0 0 0 0 0 0 0 7.6000000000000005 0 0.4 8 3 0 0 0.4 2.8000000000000003 0 0 10.600000000000001 0 0.4 0 0 3.4000000000000004 0 0 0.4 0 0 0 0 0 0 0 0.4 0 0 1.4000000000000001 0 0 0 0 0 0 0 0 0 0 0 0 0 
 0.2 0 0.8 0 3.2 0.4 0.2 0.2 0 0 0 0.2 12.8 0.4 0.2 0 0 0 0 0.4 51.2 38 16.2 13.200000000000001 30.8 5.4 15.4 0 14.600000000000001 9.8 10 10.600000000000001 31 33.4 17 50.6 12 12.200000000000001 15.8 52 0 0 0 0 0.2 0.6000000000000001 0 0 0.6000000000000001 0 0 1.2000000000000002 13.200000000000001 0 0 1 0 0.6000000000000001 6.2 0.8 0 0.6000000000000001 0 0.4 0 0.2 0 0 0 0 0 0.6000000000000001 0 0.6000000000000001 0 0.6000000000000001 0 0 0 0 0 0 0 0 6.4 3.8000000000000003 0 0 0 0 0 0.2 0.4 0 0 0 0 0 0 0 9.600000000000001 0 1.6 0 0.6000000000000001 0 0 0 3.2 5 0 0.6000000000000001 1.8 0 0.2 2.4000000000000004 2.8000000000000003 4.800000000000001 0 2.8000000000000003 0 0 0 0 2.6 0 0 0 0 0 0 0 1.6 0 0 0 0 0 0.4 0 0 0 0 0.2 0 0 0 0 0 0 0 0 0 0 0 0 0 0 0 0 0 0 0 0.4 0 0 0 1.2000000000000002 0 0 0 0 0 0 0 0 0 2.8000000000000003 0 0 0 0 5.6000000000000005 0 2.4000000000000004 0.2 0 1.8 0.4 2.4000000000000004 0 0 4 0 2.2 1.4000000000000001 1.2000000000000002 8.4 2.6 0.4 0 0 0 0 0.4 0 0 0 0 0 0 0 1.8 0 1.8 0 0 0 0 0 0 0 0 0 0 0 0 0 0 0.4 0 0 0 0 0 0 0 0 0 0 0 0 0 0 0 0 12 0 0 0 0 0 0 0 0.4 0 0.4 1.2000000000000002 17.8 0.4 0.8 0 2.4000000000000004 0 0 0 10.8 0 0 0 0 0 0 0 0 0 0 0 0 0 0 0 0 0 0 0 0 0 0 0 
 0 0 0 0 4.6000000000000005 15 0.2 41 0 0 0 0 0 0.6000000000000001 0 0 0.4 0 0 0 11.4 11.200000000000001 36.4 31 28.200000000000003 15 18 14.600000000000001 0 35.2 23.200000000000003 21.200000000000003 20.8 109 20.200000000000003 42.800000000000004 34 22 27.6 9.600000000000001 1.2000000000000002 0.6000000000000001 0 4.4 0.2 1 2 0 0.6000000000000001 0 0 0 15.600000000000001 12.8 1.2000000000000002 0 0 0.6000000000000001 0.6000000000000001 19.400000000000002 0 0.6000000000000001 0 0.4 0 0 0 0 0 1 0 0 0.2 0.6000000000000001 0 1.2000000000000002 0 0 0 0 0 0 0 0 0 0 0 0 0 0 0 0 0 0 0 0 2.8000000000000003 0 0 0 0 4.6000000000000005 7 6.4 2.2 8.4 0 4.2 6.6000000000000005 0 5.6000000000000005 8.4 0 0 2.2 12.600000000000001 0 4.4 0 0 0 0 0 0 0 3.6 2.2 1.8 0.2 0 0 0.2 3.6 0.2 3 0 0 0 5 2.2 0.4 0 0 0 0 0 0 0 0 0 0 0 0 0 0 0 0.6000000000000001 0.4 0 0 0 0 0 0 0.2 0 0 0 0 0.4 0 0 2.6 0 0 0 0 0 0 3 2 2 0 3.4000000000000004 4.4 5.800000000000001 3.8000000000000003 6.6000000000000005 0.2 0 0 0 2.6 3 0 0.8 0.6000000000000001 0 0 0 5.2 0 0 0 0 0 3.8000000000000003 3 0 0 0 0 4.2 3.2 0 0 0.4 0 1.6 0.2 0 0 0 0 0 0.2 0 0 0 0 0 0 0 0 0 0 0 0 0 0 0 0 4.6000000000000005 0 0 0 0 0 0 0 0 0 0 0 2.8000000000000003 0 0 8.6 31 0 7.2 1.6 0 0 0 0 0 0 0 0 0 0 0 0 0 0 0 0 0 0 0 4.800000000000001 0 0 0 0 0 0 0 0 
 0.6000000000000001 0 0 0 1.2000000000000002 30 0 0 0.6000000000000001 0 0 0 0 0.4 0.6000000000000001 0 0 0.6000000000000001 0 0 16.2 8.6 30.6 33.800000000000004 32 10.200000000000001 5.4 9.8 35.2 0 40.400000000000006 10 23.200000000000003 34.4 32.800000000000004 92.80000000000001 73.4 29.200000000000003 35.2 116.2 12.600000000000001 0.2 0 0 0 1 12.8 0 0.8 0 0 0 12.4 6.2 0 0 0 0.6000000000000001 0 11.200000000000001 0 0.6000000000000001 0 0.4 0 0 0 0 0 0 0 0.6000000000000001 0 1.2000000000000002 0 0 0 0 0 0 0 0 0 0 0 2.6 0 0 0 0 0 0 0 0 0 0 0 0 0 0 0 7 6.800000000000001 4.2 7.2 7.2 3.2 3 4.4 1.6 1.2000000000000002 3.8000000000000003 0 2.8000000000000003 2.8000000000000003 2.6 10 12.600000000000001 0.4 0.8 0 0 0 0 0 0 5.4 0 0 0 0 0 0 16 0.2 0 0 0 0.4 2.6 0 0 0 0 0 0 0 0 0.2 0 0 0 0 0 0 0 1.6 0 0 0 0 1 0 0.6000000000000001 0 0 0 0 0 0 0 0 0 0 0 0 0 0 0 0 6.800000000000001 5.800000000000001 0.4 3.2 3.6 9.600000000000001 2.6 6.4 3.8000000000000003 3.4000000000000004 2 9.4 2.6 7 4.6000000000000005 3 0 0 0 2 0 0.6000000000000001 0 0 0 0 4.4 0 0 0 0 0 3.4000000000000004 0 12.600000000000001 0 0 0 2 0.6000000000000001 0 0 0 0 0 0 0 0 0 0.4 0 2.2 0 0 0 0 0 0 0 0 0 0 0 0 0 0 0 0 0 0 0 0 0 0 1.8 0.4 0.4 8 0.2 0 0.4 2 5.6000000000000005 0 0 0 0 0 0 0 0 0 0 0 0 0 0 0 0 0 0 1.6 0 0 0 0 2.6 0 0 0 
 0.2 0 0 0 0 0 0.2 0 0.2 0 0 0 0 0 0 0 0.6000000000000001 0.2 0 0 6.2 22.200000000000003 20.200000000000003 22.400000000000002 18.2 12.8 2.6 10 23.200000000000003 40.400000000000006 0 35.2 7.2 22 12 14.4 52.400000000000006 34.6 9 11.4 26.200000000000003 0.4 0 0 0 1 22.8 0 0.8 0 0 0 0 13 0 0 12.4 0.6000000000000001 0 12.8 0 0.8 0 0.4 0 0 0 0 0 0 0 0.6000000000000001 0 0.6000000000000001 0 0 0 0 0 0 0 0 0 0 0 0 0 0 0 0 0 0 0 0 0 0 0 0 0 0 2.8000000000000003 0.2 0.2 1.6 0 2.2 0 1.4000000000000001 2.8000000000000003 0 6 1.6 0 0 0 2 3.6 0 0 3.6 0.8 0 0.2 0 0 0 3.6 2.2 0 3 0 0.2 7.4 4.4 9.600000000000001 0 0 0 2.8000000000000003 3.8000000000000003 0.4 0 0 0 0 0 0 0 0 0 3.8000000000000003 0.2 0 0 0 0 4 0.8 0 0 0 0 0 0 0.2 0 0 0 0 0.4 0 0 0.6000000000000001 0 0 0 0 0 0.2 0 0 2.2 3.8000000000000003 0 2.8000000000000003 1.6 0 0.2 0 0 6.6000000000000005 0 2.2 0 0.6000000000000001 0.4 0 5.4 2.8000000000000003 0 2.4000000000000004 0.2 0 0 0 0 8.200000000000001 2.4000000000000004 0 0 0 0 4.4 1 0 0 0.6000000000000001 0 2.6 1.2000000000000002 0 0 0.4 0 2.8000000000000003 0 0 0 0 0 1 0 0 0 0 0.2 0 0 0 0 0 0 1.6 0 0 0.2 0 0 0 0 0 0.4 0 0 0 0 0 1 7.4 0 1.2000000000000002 0 0 0 0 0 3.4000000000000004 0 0 0 0.4 0 0 0 0 0 0 0 0 1.8 0 0 0 0 2.4000000000000004 2.4000000000000004 0 0 0 0 
 0 0 0.2 0 0 0 0.2 0 0.4 0 0.4 0 0 0 0 0 0 0 0 0.6000000000000001 56 8.200000000000001 48.6 29.6 61 17.2 50.6 10.600000000000001 21.200000000000003 10 35.2 0 12.600000000000001 18.8 26.6 5 27.200000000000003 58.400000000000006 5.4 25.200000000000003 12.600000000000001 4.2 0 0 0 1 12.4 0 0.8 0 0.2 0 0 4 12.4 0 0 0.6000000000000001 0.2 11 0 8.6 0 0.4 0 0 0 0 0 0 0 0.6000000000000001 0 0.6000000000000001 0 0 0 0 0 0 0 0 0 0 0 0 0 0 2 0 0.4 0 0 0 0 0 0 0 0 0 0 2.6 0 3.8000000000000003 0 0 1.6 4.800000000000001 2.4000000000000004 4 0 5 0 0 1.6 1 0 2 0 0 0 3.4000000000000004 1.8 0 0.4 0 7.2 0.2 0 2.2 2.4000000000000004 0 3.4000000000000004 7 8.8 0 2.6 0.2 10 4.2 0 0 0 0 0 0 0 0 0 0.2 0 3.4000000000000004 0 0 0 0 0.4 2.2 0 0 0 0 0 3.4000000000000004 0 0 0 1.6 0 0 0 0 2.6 0 0 0 0 0 0 0 0 0 2.4000000000000004 4.4 2.6 11.4 2.2 4.4 0 3.8000000000000003 8 0 2.6 0 0 0 0 2.4000000000000004 0 2 4 0.2 2.2 0 0 0 8.8 2.2 2.4000000000000004 0 0 3.2 7 2.4000000000000004 0 0 3 0 0 2 0 0 0 0 0 0 0 0 0 0 0 0 0 0 0 0 0 0 0 0 0 0 4 0 0 0 0 0 0 0 0 0 0 0 2.2 0.4 1.2000000000000002 0.6000000000000001 0.6000000000000001 0.4 0.4 0 0 0 0 0 0 0 0 0 4 0 0 0 0 0 0 0 0 2 0 0 0 0 0 3 0 0 0 0 
 0 0 15.200000000000001 38.400000000000006 0.6000000000000001 0 0 0.4 0.4 0 29.8 29.6 0 0 0.6000000000000001 0 0 0.6000000000000001 0 0 49.2 11 62 28 20.400000000000002 8 40.2 31 20.8 23.200000000000003 7.2 12.600000000000001 0 29.400000000000002 11.8 23.6 6.2 10.600000000000001 18 29.200000000000003 0.2 0.4 0 0.8 0 1 0 0 0.8 0.2 0 0 12.8 0 0.2 1.8 0.4 0.8 0 0 0 1.4000000000000001 0 0.4 0 0 0 0 0.8 0 0.8 1.8 1.2000000000000002 1.8 1.2000000000000002 0 0 0 0 0 0 0.2 0 2.8000000000000003 0 1.4000000000000001 1.6 0 0 0 0 0 0 0 0 0 0 0.4 0 0.2 5.4 9.8 5.4 3 0 2.6 13.8 0.2 0.4 4.2 0.8 0 2.4000000000000004 19 0.2 0.2 0 0.2 4.4 1.2000000000000002 0 0 0 0 0 0 0 0 0 0 0 0 0 0 0 0 0 0 2.8000000000000003 0 0 0 0 0 0 0 0 0 0 0.2 0 0 0 0 0 0 0 0 0 0 0.2 1 0 2.4000000000000004 0 0 0 0 0 1.4000000000000001 2.8000000000000003 0 0 0 0 0 0 2.2 0 0 15.8 0.2 2.2 3.6 2.2 0 2 4.2 16 11.4 0.4 3.4000000000000004 0 2.2 10.8 7.4 5.2 0 0 0 0 0 0 0 0 0.4 0 0 0 0 0 0 0 0 7.2 0 0 0 0 0 0 0 0 0 0 0 0 0 0 0 0 0 0 0 0 0 0 0 0 0 0 0 0 0 0 0 19.400000000000002 0 0 16 0 0 0 0 2 0 0.4 0 0 0 0.4 0 0 0 0 0 0 0 0 0 0 0 0 0 0 0 6.4 0 0 0 0 4.4 0 0 0 0 0 0 0 0.2 
