 0 67.2 23.200000000000003 38.400000000000006 50.6 7.6000000000000005 72.60000000000001 78 15 30.8 4.2 11 55.6 47.800000000000004 66.60000000000001 25.200000000000003 40 10 59.6 51.2 0 0 0.4 0 0 0.2 0 0 0 0 0.4 1 0 0.4 1 0.6000000000000001 0 0 0.4 0.4 0.4 0 0 0 0 0 0.6000000000000001 0 0 0.6000000000000001 0 0 0 0 0.6000000000000001 0 0 0 0 0 0 0 0 0 0.4 0 0 0 0 0 0 0 0 0 0 0 0 0.8 0 0.4 4.800000000000001 7.2 5 7.4 2.2 0 0 0 5 0 1.8 0 11.8 3.4000000000000004 4.800000000000001 0 3.6 5.6000000000000005 0.4 6 0 0 0 0 0 0 0.4 0 0 0 0 0 0 2.6 0 0 0.4 0 0 0 0 1.8 0 0 0.2 0 0 0 0 0.2 0 0 0 0 0 0.2 0 0.4 0 0 0 0 0 0 2.8000000000000003 1.6 0 0 0 0 0 0 0 0 0 0 1 2 0 0 3.2 0 1.6 0 0 0 2 3 2.8000000000000003 0 0 2.2 0.2 6.6000000000000005 2.8000000000000003 11.200000000000001 0.2 4.2 0.2 5.6000000000000005 0.2 0 0 0 0 0 0 0 0 0 0 0 0 2 0 0 0 0 0 0 3.4000000000000004 0 0 0 0 0 0 0 0 0 0 0 0 0 0 0 0 0 0 0 0 0 0 0 0 0 0 0 0 0 0 0 0 0 2 0 0 0 0 0 0 0.2 0 0 0 0.4 0 0 18 0.4 0 1.2000000000000002 2 0 0 0 0 0 0 0 0 0 0 0 0 0 0 0 0 0 0 0 0 0 0 0 3.6 0 0 0 0 0 0 0 0 0 0 0 0 0 
 67.2 0 81.80000000000001 64.8 48 8.6 33.6 15.600000000000001 14.8 51.6 26.6 27.8 12.8 48 27.400000000000002 43.800000000000004 68.2 13.4 6.4 7 0.6000000000000001 0 0 0 0.2 0 0 0 0 0 0.6000000000000001 0.6000000000000001 8.6 0 0.8 0.6000000000000001 0.4 0 16.8 15.600000000000001 0.4 0 0 0 0 0 1.2000000000000002 0 0 0.6000000000000001 0 0 0 0 0.6000000000000001 0.2 0 0 0 0 0.2 0 0 0 0.4 0 2 0 0 0 0 0 0 0 0 0.2 1.2000000000000002 0.2 0.2 1 4.2 3 3.2 0.2 4.2 2.6 0 0 0 3.8000000000000003 5.2 3.2 2.6 8.4 3.6 0.2 0 9.4 0 0 0 0.4 0 0 0 0.2 0 4 0 0 0 0 0 0 2.8000000000000003 0 0 0 0 2.6 0 0 0.2 0 0 0 0 0 0 0 0 0 0 0 0 0 0 0 0 0 0 0 0 0 0 0 0.4 0 0 0 0 0 0 0 0 0 0 0 0 0 0 2 5 5.2 3.8000000000000003 2 2 5 2.8000000000000003 0 11 4.800000000000001 0 0 2 3.8000000000000003 2.8000000000000003 7 0 0 0 0 0.2 0 0 0 4.6000000000000005 2.8000000000000003 0 0 0 0 0 0 0 0 0 0 0 3.6 0 0 0 0 0 0 0 0 0 0 0 0 0 0 0 0 0 0 0 0 0 0 0.2 0 0 0 0 0 0 0 0 0 0 0 0 0 0 0 0 0 0 0 0 0 0.2 0.2 3.6 0 0.4 17.400000000000002 0.2 0.6000000000000001 0 0 0 0 0 0 0 0 0 0 0 0 0 0 0 0.4 0 0 0 0 0 0 0 5.6000000000000005 0 0.2 0 0 0 0 0 0 0 0 0 0 0 0.4 
 23.200000000000003 81.80000000000001 0 18.2 6.4 49.800000000000004 26.6 16.400000000000002 14 9.8 25.200000000000003 12 11.8 73.4 12 54.2 11.8 35.800000000000004 46.400000000000006 29 56.2 0 0 0.4 0.4 0 0 0 0.6000000000000001 0 1 0.4 0 0 1.4000000000000001 3.8000000000000003 0 0 0.4 4.2 0 2.8000000000000003 0 0 0.8 1.8 1 0 0.4 0 0 0.4 0 0 0 0 0 0 0 0 0.2 0.8 0 0.4 0 0 0 0 0 0 0.6000000000000001 0 0.4 0 0 1 0 1 0 0 5 0.2 0 0 2 0 0 5 4.800000000000001 4.800000000000001 0 2 0 4 8.200000000000001 2 1.6 8.4 0 0.2 0.2 1.8 0 0 0 0 0 3.8000000000000003 0 0 0.4 0 1.8 2 0 0 0 0 0 3 0 0 4 0 0 0 0 0 0 0.6000000000000001 0 0 10.4 0 0 0 0 0 0 0 0 0 0 0 0 0 0 0 0 0 0 0 0 0 0 0 0 0 0 0.4 0 2.4000000000000004 4.2 0 0 0 0 0 2 0 0 0 1.8 3.2 0 0 0 0 0 1.4000000000000001 0 0 3.6 0 0 0 2.2 0 0 0 0 0 0 3.4000000000000004 0 0 0 2.2 3.8000000000000003 1.2000000000000002 0.2 0 0 0 0 0 0 0 0 0 0 0 0 0 0 0 0 0 0 0.4 0.2 0 0 0 0 0 0 0 0 0 0 0 0 0 0 0 0 0 0 0 0 0 0 0 0 0 17.6 0 0.4 0 0.2 3.2 0 0 0.4 0 0 0 0 0 0 0 0 0 0 0 0 0 0 0 0 0 0 0.4 0 0 0.2 0.2 0 0 0 0 0 0 0 0 0 0 0 1.8 
 38.400000000000006 64.8 18.2 0 16.6 6.4 51.400000000000006 48.800000000000004 81.2 52.800000000000004 55.800000000000004 112 52.6 19.400000000000002 70.2 51.2 47 77.80000000000001 36.6 31.400000000000002 0 0 0 0 0.2 0 0 16.6 0.6000000000000001 0 0.6000000000000001 0.6000000000000001 0.2 14.8 0.6000000000000001 0.6000000000000001 0 0.4 0.4 8 0.4 0 0 0 0 0 0.6000000000000001 0 0.6000000000000001 0.6000000000000001 0 0 0 0 0.6000000000000001 0 0 0 0 0 0 0 0 9.4 0 0 0 10.200000000000001 0 0 0 0 0 0.4 0 0 0 0.2 0 0.6000000000000001 3.4000000000000004 0 3.8000000000000003 9.4 4.800000000000001 10.200000000000001 0 0 0.2 4.6000000000000005 2.2 0.8 0.8 3.8000000000000003 0 3.6 0 2 0 3.2 0 0 0.2 0 0 0 0 0.2 0 0.4 0 0 7.800000000000001 0 2.8000000000000003 0 0 0 0 3 0 0.2 0 0 0 0 0 0 0 0 0 0 0 0 0 0 0 0 0 0 0 0 0 0 0 0 0 0 0 0 1.2000000000000002 0 0 0 0.2 0.4 0 0 0 0 2.4000000000000004 8.200000000000001 5.2 11.4 2.2 2.8000000000000003 0.4 1.2000000000000002 1.2000000000000002 0 1.4000000000000001 3.8000000000000003 0 0 3.8000000000000003 3.6 17.6 15.600000000000001 0 0 5.6000000000000005 0 0 0 0 4.2 0.4 0 0 0 0 0 0 0.2 0 0 0 0 0 3 0 0 0 0 0 0 0 0 0 0 0 0 0 0 0 0 3.6 0 0 0 0 0 1.6 0 0 0.2 4.4 0 0 0 0 0 0 0 0 0 0 0 0 0 0 0 0 0 0 0 0.6000000000000001 0.4 0.4 2 0 3.2 1.8 0 0 0 0.2 0 0 0 0 0 0 0 0 0 0 0 0 0 0 0 0 0 0 3 0 5.2 0 0 0 0 0 0 0 0 0 0 0 0 
 50.6 48 6.4 16.6 0 55 91.4 9.200000000000001 66.2 32.6 31.400000000000002 54.6 14.600000000000001 34.800000000000004 35.4 42.800000000000004 10.8 8.4 51 55.6 0 18.400000000000002 11.4 0 0 0 0.6000000000000001 0.4 15.200000000000001 0 0.8 0.8 15.600000000000001 16.2 1 0.8 15.600000000000001 0 3.8000000000000003 0.8 0.4 0.8 0 13.8 0 0 0.6000000000000001 0 2 0.6000000000000001 0 0 0 0 1 0 0 0 0 0 0 0 0 0 0.2 0 0 0 0 0 0 0 0 0 0 0 0 0 0 0.6000000000000001 0 3 3.4000000000000004 0 7.2 3.8000000000000003 2.8000000000000003 0 0 0 8.200000000000001 2.8000000000000003 0 0 0 0 0 1.4000000000000001 0 0 4.800000000000001 0 3 0 0 0 0 1.8 0 5.4 2.4000000000000004 2 0 0 6.6000000000000005 4.800000000000001 2.2 0.8 2.2 0 0 0 0 0 0 0 0 0 0 0 4.4 0 0 0 0 0 0 0 0 0 0 0.4 0 0 0 0 0 0 0 0 0 7 0 0.4 0 0 0 0 0 0 0 0 0.6000000000000001 2.8000000000000003 0 7.6000000000000005 0 5.800000000000001 0 0 2.6 1.8 0 0.4 0 0.4 0.2 2.6 0 0 7.6000000000000005 0.2 0.4 0 0.4 0 3.2 5.4 1.8 0 0 0 10.8 2.6 1.6 1.6 3 6.4 0.2 0 0 0 0 0.4 0 0 0 0 0 0 0 0 0 0 0 2.6 0 1.4000000000000001 0 0 0 0 0 0 0 0 0 0 0 0 0 0 0 0.2 0 0 0 0 0 0 0 0 0 0 0 0.6000000000000001 0.6000000000000001 0.2 1.4000000000000001 10.600000000000001 0 0.4 0 0 0 0 0 0 0 0 0 2.2 0 0 0 0 0 0 0 0 0 0 0 0 0 1.2000000000000002 3.8000000000000003 0 0 0 0 0 0 0 0 0 0 0 0 0 
 7.6000000000000005 8.6 49.800000000000004 6.4 55 0 7.6000000000000005 9.4 19.6 28.200000000000003 47.6 12 6.6000000000000005 33 50.800000000000004 33.4 13.8 13.8 9.200000000000001 10 23.8 15.8 0.4 0.4 0.2 0.4 14.4 0.4 0 0 1 16 4 4.4 15.8 16 2.6 0 0.4 1 0.4 0 0.4 13.4 0.6000000000000001 0.6000000000000001 1.8 0.4 0 1 0 0 0 0 0.6000000000000001 0.6000000000000001 0 0 0 0 0 0 0.6000000000000001 0 0.6000000000000001 0 0 0 5.800000000000001 0 1.2000000000000002 0 1.4000000000000001 0 0 0 0.8 0.4 0.6000000000000001 1 0 0 5.6000000000000005 0 3.4000000000000004 0 2.8000000000000003 0 0 2 3.8000000000000003 1.4000000000000001 0 0 0 0 0 0 0 4 2.2 1.6 1.8 2 0 0 0.2 2.8000000000000003 0 2.2 3.2 2 0 2.4000000000000004 2 3 0.2 1.8 8.200000000000001 1.8 0 0 0 0 0 0 0 0 0 0 0 0 0 0 0 3.2 0 0 0 0 0 0 0 0 0 0 0 0 6.4 0 0 0 0 0 0 0 0 0 0 0 0 0 0 0 2 2 0 0 0 2 0 0 0 0 0 0 0 0 0 0 3.2 5.800000000000001 4.2 0 0 0 0 2 6.800000000000001 0 7 0 8.8 0 2.4000000000000004 6.800000000000001 5.800000000000001 6.2 0.2 0 0 0 0 3.2 0 0 3 0 0 0 0 0 0 0 0 0 0 0 0 0 0 0 0 1 0 0 0 0 0 0 0 0 0 0 0 0 0 0 0 0 0 0 0 0 0 0.2 1.2000000000000002 1.2000000000000002 0 9 0 1.2000000000000002 0 0 0 0 0 0 0 0 0 0 0 0 0 0 0 0 0 0 0 0 0 0 0 0 5.2 0 0 0 0 0 0 0 0 3 0 0 0 0 
 72.60000000000001 33.6 26.6 51.400000000000006 91.4 7.6000000000000005 0 32 9.4 65.4 92.80000000000001 29.6 63.2 37.6 54.6 23.6 23 7.4 73.8 45.400000000000006 0 0 0 0 0.2 0 0.2 0 0 0 0.8 0.6000000000000001 0 0 0.6000000000000001 0.6000000000000001 0.4 0 0.2 0.4 0.4 5.4 0 0 0 0 2.2 0 0 0.6000000000000001 0 0 0 0 0.6000000000000001 0 0 0 0 28.400000000000002 0 0 0 0 0 0 0 0 0 0 0 0 0 0 0 0 0 4.6000000000000005 0 0.6000000000000001 0.2 2 3.8000000000000003 5.4 2.8000000000000003 0 3.2 6.800000000000001 4 2.6 2.4000000000000004 0 2 6.2 6 0.4 0 2 2.6 7.4 0 0.2 0 0 0 0.4 0 0 0 0 0 0 0 0 0 0 0 0 0 0 0 0 0.4 0 0 0 0 0 0 0 0 0 0 0 0 0 0 0 0 0 0 0 0.2 0 0 0 0.2 0 0 0 0.2 0 0 0 0 0 1 0.4 0 0 4 3 5.4 0 0 0 4.800000000000001 0.4 4.4 0.2 0 0 0 4.4 3.2 8.8 9.600000000000001 0.2 3.8000000000000003 2.8000000000000003 0 0 0 0 0 0 0 0 0 0 3.6 0 0 0 0 0 0 0 0 0 0 0 0 0 0 0 0.2 0 0 0 0.2 0 0 0 0 0 0 0 0 0 0 0 0.4 0 0 0 0 0 0 0 0 0 0 0 0.2 0 0 0 0 0 0 0 0 0 0.4 0.4 0 0 0.4 17.6 0.4 1.2000000000000002 0.6000000000000001 0 0 0 0 0 0 0 0 0 0 0 0 0 0 0 0 0 0 0 0 0 0 0 0 0 0 0 0 0 0 0 0 0 0 0 0 0 
 78 15.600000000000001 16.400000000000002 48.800000000000004 9.200000000000001 9.4 32 0 20.200000000000003 10.8 7.800000000000001 45.2 44.400000000000006 57.400000000000006 34.6 12.8 4.6000000000000005 7.6000000000000005 10.200000000000001 26.6 0 0 0 0.4 0 0 0 0 0.4 0 1 0.8 0 0 1 0.6000000000000001 0 0 0.2 0.4 0.4 0 0 0 0.2 0 0.6000000000000001 0 0 0.6000000000000001 0 0 0 0 0.6000000000000001 0 0 0 0 0 0 0 0 0 0.4 0 0 0 0 0 0 0 0 0 0 0 0 6 0 0.6000000000000001 0.2 0.2 5.6000000000000005 8.200000000000001 0 0 0 2 4.800000000000001 0.6000000000000001 0 0 2 2.8000000000000003 2.4000000000000004 2.4000000000000004 4.2 0 3.6 4.2 0 0 0 0 0 0 0 0 0 0 0 0 0 0 0 0 0 0.2 0 0 0 0 0 0 0 0 0 0.4 2 0 0 0 0 0 0 0 0 0 0 0 0 0 0 0.2 0 0 0 0 0 1.2000000000000002 0.4 0 0 0 0 0 0 0 0 0 12.4 8.200000000000001 2.8000000000000003 3 0 3.2 0 2 0 1.8 0 2.8000000000000003 0 6.2 5.2 4.6000000000000005 4.2 1.2000000000000002 0 5 0 0 0 0 0 0 0 3 0 0 0.2 0 0 0 0 0 0 0 0.6000000000000001 0 0 0 0 0 0 0 0 0 0 0 0 0 0 0 0 0 0 0 0 0 0 0 3.6 0 2 0 0 0 0 0.2 0 0 0 0 0 0 0 0 0 0 0 0 0 0 0 0 0.4 0 18 17 0 2 2.2 0 0 0 0 0 0 0 0 0 0 0 0 0 0 0 0 0 0 0 0 0 0 0 1.8 2 0 0 0 0 0 0 0 0 0 0 0 0 
 15 14.8 14 81.2 66.2 19.6 9.4 20.200000000000003 0 52 26.200000000000003 24.200000000000003 15.200000000000001 61.6 18 50.800000000000004 25.8 34.6 15.600000000000001 30.400000000000002 0.2 0 0 0 0.2 0 0 0 0 0 0.8 0.6000000000000001 7 0 0.6000000000000001 15.4 0 0 15.8 0.4 0.4 0 1 12.600000000000001 0 0 0.6000000000000001 0 0 0.6000000000000001 0 0 0 0 1 0 0 0 0 0 0 0 7.2 0 0 0 0 0 0 0 0 0 0 0 0 0 0 0.4 0 8.200000000000001 0 6.4 4.4 15 4.2 5.800000000000001 9.200000000000001 2.4000000000000004 6.800000000000001 0 4.2 8 2.2 3.2 0 2.8000000000000003 4 2.6 0 0 0 0 0 0 0 0 0 0 0 0 0 2 2.8000000000000003 0 9.8 0 0 0.4 1.6 3.8000000000000003 0 0 0 0 0 0 0 0.2 0.2 0 0 0 0 0 0 0 0 0 0 0 0 0 0 0 0 0 0 0 0 0 1 0 0 0 0 0 0 0 0 0 0 2.2 2.6 5.2 2.8000000000000003 1.8 2.2 3.4000000000000004 4.800000000000001 6.4 8.200000000000001 9 0 0 4.800000000000001 1.2000000000000002 3.2 7.6000000000000005 0 0.2 4 0 0.4 0 0 0 0 0 0 0 0.4 0.2 0 0 0 0 0 0 6.2 4.6000000000000005 0 0.4 0 0 0 0 0 0 0.2 0 0 0 0 0 0 0 0 0 0 0 0 0 0 0 0 0 0 0 0 0 0 0 0 0 0 0 0 0 0 0 0 3 0 0 0 0.4 17.8 0 0 19.6 0 4.6000000000000005 0 0 0 0 0 0 0 0 0 0 0 0 0 0 0 0 0 0 0 0 0 0 0 1.6 2.2 0 0 0 0 0 0 0 0 0 0 0 0 0 
 30.8 51.6 9.8 52.800000000000004 32.6 28.200000000000003 65.4 10.8 52 0 37.800000000000004 28.6 10 60.800000000000004 24.200000000000003 32.800000000000004 60.6 19.200000000000003 18.8 57 15 0.2 0.2 0 0.2 0 0 0.2 0.2 0 0.8 0.6000000000000001 8.4 0 0.6000000000000001 0.6000000000000001 0 0 15.600000000000001 1 0.4 0 20.200000000000003 0 0 0 0.6000000000000001 0 0 15 0 0 0 1.2000000000000002 0.6000000000000001 0 0.4 0 0 0 0 0.2 0 0 0 0 0 0 0 0 0 0 0 0 0 0 0 2.2 0 0.8 2.2 3 0.2 6.6000000000000005 4.800000000000001 5.2 0.8 0 0 2 0.4 8.4 0 0 0 2.6 0.6000000000000001 3.8000000000000003 0 5.4 0 0 0 0 0 0 3.8000000000000003 2.6 0 0 0 0 0 0 2.8000000000000003 0 0 0 4 2.6 0 0.4 0 0 0 0 0 0 0 0 0 0 0 0 0 0 0 0 0 0 0 0 0 2.6 0 0 0 0 0 0.4 0.2 0 0 0.2 0.4 0 0 0 0 0 2.8000000000000003 2.6 4.4 5.6000000000000005 4.6000000000000005 2 0 0 2.8000000000000003 2.8000000000000003 8.200000000000001 2 0 0 0.2 2.8000000000000003 3.2 3 0 4.2 5 0 0 0 0 0 0.2 0.2 0 0 0 0 0 0 0 0 0 0 3 6 0 0 0 0 0 0 0 0 0 0 0 0 0.2 0 0 0 0 0 0 0 0 0 0 0 0 0.2 0 0 0 0 0 0 0 0 0 0 0 0 0 0 0 2.4000000000000004 0 0 0 0.4 17.6 0 0.8 34 0.4 2.2 2.4000000000000004 0 0 0 0 0 0 0 0 0 13 0 0 0 0 0 0 0 0 0 0 0 0 2 4.4 2.2 0 0 0 0 0 0 0 0 0 0 0 0 
 4.2 26.6 25.200000000000003 55.800000000000004 31.400000000000002 47.6 92.80000000000001 7.800000000000001 26.200000000000003 37.800000000000004 0 29.8 8.4 11 57.400000000000006 82.60000000000001 35 53 9 12.200000000000001 0.4 14.600000000000001 0 0 0.2 0 0.6000000000000001 0 0 0 0.6000000000000001 0.6000000000000001 8.200000000000001 0 0.6000000000000001 0.6000000000000001 0 0 15.200000000000001 30.400000000000002 0.4 0 0 5.800000000000001 0 0 0.6000000000000001 0 0 0.6000000000000001 0 0 0 0 0.6000000000000001 0 0 0 0 0 0 0 0 0 0 0 0 0 0 0 0 0 0 0 0 0 0 0 0 0.6000000000000001 0 0 1.8 4.2 3.2 0 3.8000000000000003 0 3 3 2.8000000000000003 4.800000000000001 0 0.4 0 0 0.6000000000000001 4.6000000000000005 0 0 0 5.800000000000001 0 0 0 0 2 2 0 0 0.6000000000000001 1.8 3 0 5.2 2 0 0 3.8000000000000003 2.8000000000000003 0 0 0 0 0 0 0 0 0.4 0.4 0 0 0 0 0 0 0 0 0 0 0 0 0 0 0 0 0 0 0 0 0 0 0 0 0 0 0 0 0 0 0 0 3 2 0.8 2.6 0 1.4000000000000001 4.2 0 7.4 5.800000000000001 0 0 2.2 0 2.2 2 0 0 3 1 3 0 0 0 3.8000000000000003 4.2 2.4000000000000004 0 0 0.4 0 0 0 0 0 1 9.8 2 0 0 0 0 0 0 0 0 0.4 0 0 0 0 0 0 0 0 0 0 2.6 0 0 0 0 0 0 0 0 0 0 0 0 0 0 0 0 0 0 0 0 0 0.8 0 0 0 0 33.4 0 0.4 17.2 0 0 0 0 0 0 0 0 0 0 0 0 0 0 0 0 0 0 0 0 0 0 0 0 0 2.6 4 0.4 0 0 0 0 0 0 0 0 0 0 0 0 
 11 27.8 12 112 54.6 12 29.6 45.2 24.200000000000003 28.6 29.8 0 7.800000000000001 66.4 28.200000000000003 35 75.4 27 46.800000000000004 5.6000000000000005 0 15.4 0.6000000000000001 0 0.6000000000000001 0 14.8 4.6000000000000005 0.4 0 1 1 0.6000000000000001 19.8 1 1 0 0 0.6000000000000001 15.4 0.4 0 0 0.2 0 0 0.6000000000000001 0 0 0.6000000000000001 0 0 0.2 0 0.6000000000000001 0 1.2000000000000002 0 0 0 0 0 0 0 0.2 0 0 0 0 0 0 0 0 0 0 0 0 2.4000000000000004 0 0.6000000000000001 2.8000000000000003 3.4000000000000004 0 9.8 0 6.4 0.2 0.2 0 0 0 0 2.8000000000000003 4.6000000000000005 0 3.2 8.8 0 0 0.2 0 0 6 0 0 0 0 0.2 0 1.8 0 0 2.2 3.6 0.8 0 0 0.2 0 2.2 0 0 0 0 0 0 0 0.2 0 0 0 0 0 0 0 1.8 0 0 0 0 0 0 0 0 0 0 0 0 0 0 4.800000000000001 0 0 0 0 0 0 0 3 0 1 3.2 2.2 4 2.8000000000000003 2 2 1.2000000000000002 3.6 2.8000000000000003 6 0.4 0 0 4 7.800000000000001 6.800000000000001 11.600000000000001 0 4.4 4 0.2 0.2 0 0 0 11.600000000000001 3.8000000000000003 0 0 0.2 0 10.200000000000001 4 3.4000000000000004 2 4.2 4.2 0 3.6 0 0 0 0 0 0 0 0 0 0 0 0 3 0 0 0 0 0 0 0 0 0 0 0 0 0 0 0 0 0.2 0 0 0 0 0 0 0 0 0 0 0 0 0 0 0 0 1 0 0.8 1.4000000000000001 0 2.6 1.8 0 0 0 0 0 0 0 0 0 0 0 0 0 0 0 0 0 0 0 0 0 0 0 0 2 0 0 0 0 0 0 0 0 0 0 0 0 
 55.6 12.8 11.8 52.6 14.600000000000001 6.6000000000000005 63.2 44.400000000000006 15.200000000000001 10 8.4 7.800000000000001 0 36 93.60000000000001 51.6 7.6000000000000005 9 126.60000000000001 50.800000000000004 0 0 0 0 0.2 0 0 0.2 0 0 7.4 0.6000000000000001 0.2 0 0.8 0.6000000000000001 0 0.4 0.4 0.4 0.4 0 0 0.4 0 0 0.6000000000000001 0 0 0.6000000000000001 0 0.6000000000000001 0 0 0.6000000000000001 0.2 0 0 0 0 0 0 0 6.6000000000000005 0.2 0 0 0 0 0 0 0 0 0 0 0 0 0 0 0.6000000000000001 0 2.8000000000000003 2.4000000000000004 0 0 0 4.2 3.4000000000000004 4.2 0 0 0 4.2 3 6.2 4.6000000000000005 1.4000000000000001 0 9.8 0.2 0 0 0 0 1 0 0 0 0 0 0 0 0 0 0 0 0 0 0 0 0 0 0 0 0 0 0 0 0 0 0 0 0 0 0 0 0 0 0 0 0 0 0 0 0 0 0 0 0 0 0 0 0 0 0 0 0 0 0 0 4.6000000000000005 4.6000000000000005 0.4 0 0 3.4000000000000004 0 2.2 0 0 0 2.6 0 0 4 3 0 0 4.4 5.6000000000000005 0 0 0 0 0 0 0 0 0 0 0 0 0 0 0 0 0 0 0.2 0 0 0 0 0 0 0 0 0 0 0 0 0 0 0 0 0 0 0 0 0 0 1.6 0 0 0 0 0 0 0 0 0 0 0 0 0 0 0 0 0 0 0 0 0 0 0 0 0 0 19 0 0 1.6 0 0 0 0 0 0 0 0 0 0 0 0 0 0 0 0 0 0 2 0 0 0 0 0 1.6 0 0 0 0 0 0 0 0 0 0 0 0 0 
 47.800000000000004 48 73.4 19.400000000000002 34.800000000000004 33 37.6 57.400000000000006 61.6 60.800000000000004 11 66.4 36 0 85.2 36.4 41.800000000000004 28.400000000000002 58.2 35 40.800000000000004 0.2 0 0 40.6 0 0 0 0 0 1.2000000000000002 0.6000000000000001 0 0 0.8 0.6000000000000001 0 0 1.2000000000000002 0.4 0.4 0 0 0 0 0 0.6000000000000001 0 0 0.6000000000000001 0 0 0 0 0.6000000000000001 0 0 0 0 0 0 0 0 0 0 0 0 0 0 0 0 0 0 0 0 0 0 0.6000000000000001 0 10.8 8.200000000000001 5 8.200000000000001 0 2.4000000000000004 2.2 2.6 2 7 0.6000000000000001 5.6000000000000005 1.8 6.2 9.200000000000001 2.6 3 0.2 0 0 3.8000000000000003 0 0 0 0.2 0 0 0 0 0 0 0 0 0 0 0 0.2 0 0 0 0 1.2000000000000002 0 0.2 0 0 0 0 0 0 0 0 0 0 0 0 0 0 0 0 0 0.4 0 0.2 0 0.4 0 0 0.2 0.8 0 0 0 0 0 0 0 0 0.4 0 0 0 4 3.8000000000000003 2 0 0 4.2 9.600000000000001 2.2 0 2 5.2 2.6 0 8.6 2.2 1.8 3.6 1.4000000000000001 7.800000000000001 0 0 0 0 0 0 0 0 0 0 0 0 0 0 0 0 0 0 0 0 0 0 0 2.4000000000000004 0 0 0.2 0 0 0 0.2 0 0 0 0 0 0 0 0 0 0 0 0 0 0 0 0 0 0 0 3 0 0 0 0 0 0 0 0 0 0 0 0 0 0.4 0.4 0.2 0 1 0.4 0.4 2 0.4 0 0 0 0 0 0 0 0 0 0 0 0 0 0 0 0 0.4 0 0 0 0 0 9.200000000000001 3 0 0 0 0 0 0 0 0 0 0 0 0 0 
 66.60000000000001 27.400000000000002 12 70.2 35.4 50.800000000000004 54.6 34.6 18 24.200000000000003 57.400000000000006 28.200000000000003 93.60000000000001 85.2 0 18.2 11 25.6 43.800000000000004 41.6 0.2 0 0 0.4 0 0 0 0 0.4 0 1 0.6000000000000001 4.6000000000000005 0 0.6000000000000001 0.6000000000000001 0 0 0 0.4 0.4 0 0 0 0 0.6000000000000001 0.6000000000000001 0 0 0.6000000000000001 0 0 0 0 0.6000000000000001 0 0 0 0 0 0 0 0 0 0.4 0.4 0 0 0 0 0 0 0 0 0 0 0.4 0 0 0.4 5 1.2000000000000002 5.800000000000001 0 2.4000000000000004 0 2.2 4 3.4000000000000004 0 2 0 12 5.800000000000001 6.6000000000000005 4 3 0 3.2 0 0 0 0 0 0 0 0.4 0 0 0 0 0 0 0 0 0 0.4 0 0 0 0 0 0 0 0.4 0 0 0 0 0 0 0 0 0 0 0.2 0 0.2 0 0 0 0 0 0 1 1.4000000000000001 0 0 0 0 0 9.4 0 0 0 0 1.2000000000000002 0 0 0 1.2000000000000002 0 2.2 0 0 0.2 2.4000000000000004 4.4 2.2 3 0 2 0 7 3.2 18 5.6000000000000005 2.4000000000000004 2.2 0 0 0 0 2.4000000000000004 0 0 0 0 0 0 0 0 0 0 0 0 0 0 5.6000000000000005 0 0 0 0 0 3.6 0 0 0 0 0 0 0 0.4 0 0 0 2.6 10.4 0 0 0 0 0 0 0 0 0 0 0 0 0 0 0 0 0 0 0 0 0 0 0 0.4 0 0 0 0.2 0.2 0.2 2 0 0.4 1 0 0 0 0 0 0 0 0 0 0 0 0 0 0 0 0 0 0 0 0 0 6 0 0 3.6 0 0 0 0 0 0 0.2 0 0 0 0 0 0.2 
 25.200000000000003 43.800000000000004 54.2 51.2 42.800000000000004 33.4 23.6 12.8 50.800000000000004 32.800000000000004 82.60000000000001 35 51.6 36.4 18.2 0 77.4 46.400000000000006 22.6 73.8 0 0 0 0 0.2 0 0 0 0 0 0.6000000000000001 0.6000000000000001 14.600000000000001 0 0.6000000000000001 0.8 0 0 0.4 15.600000000000001 0.4 0 0 5.4 0 0 0.6000000000000001 0 0 0.6000000000000001 0 0 0 0 0.6000000000000001 0 0 0 0 0 0 9 0.4 0 0 0 0 0 0 0 0 0 1.4000000000000001 0 0 0 0 0 0 1 1.6 4.6000000000000005 5.2 5.6000000000000005 3.8000000000000003 0 0 0.2 0 0 5.6000000000000005 5 2.4000000000000004 1.8 0 1.4000000000000001 6.2 7.4 0 0 0 2.8000000000000003 0 0 0 0 0 0 0.2 0 0 1.6 2 0 5.2 2 0 0 2.8000000000000003 5.6000000000000005 0 0 0 0 0 0 0 0 0 0 0 0 0 0 0 0 0 0 0 0 0 0 0 0 0 0 0 0 0 0 0.6000000000000001 0 0 0 0 0 0 0 0.4 0 1.8 2.4000000000000004 1.2000000000000002 8.200000000000001 3.2 4.6000000000000005 2.2 6 3 2 3 3 0 0 1.4000000000000001 1.8 3.8000000000000003 10.4 0 0 6.2 0 2.6 0 0 0 0 0.2 0 0 0 0 0 0 0 0.2 0 0 2.8000000000000003 0.2 0 0 0 0 0 0 0 0 0 0 0 0 0 0 0 0 0 0 0 0 0 0 0 0 0 0 0 0.4 0 0 0 0 0 0 0 0 0 0 0 0 0 0 0 0 0 0 0.2 0 0.2 17 0.2 4.2 0 0 0 0 0 0 0 0 0 0 0 0 0 0 0 0 0 0 0 0 0 0 0 2.2 2.8000000000000003 2.2 0 0 0 0 0 0 0 0 0 0 0 0 
 40 68.2 11.8 47 10.8 13.8 23 4.6000000000000005 25.8 60.6 35 75.4 7.6000000000000005 41.800000000000004 11 77.4 0 13.600000000000001 5.6000000000000005 6 18 0.6000000000000001 0 1.2000000000000002 0.6000000000000001 0 0 0 0 0.6000000000000001 0.8 2.4000000000000004 8.200000000000001 2.8000000000000003 0.6000000000000001 1 0 0.4 15 0.4 0.4 0.4 0 0 4.800000000000001 0 1.6 0 1.2000000000000002 2.2 1.6 0 0 0 0.8 0.6000000000000001 0 0 0 1.2000000000000002 1.8 0 0 0 1.2000000000000002 0 0 0 0 0 1.8 0 0 0 0 0 1.4000000000000001 0 0 1 0.2 6.2 0 6.6000000000000005 4.800000000000001 14.600000000000001 4 2 8.6 0 2 2.4000000000000004 3.4000000000000004 3.4000000000000004 2.8000000000000003 2.6 0.2 5.6000000000000005 0 2 0 0 0 0 0 0 3.4000000000000004 0 0 0 0 0 2.8000000000000003 0 2.8000000000000003 0 0.4 0 1.8 3.8000000000000003 0 0 0 0 0 0 0 0 0 0.2 0 0 0 0 0 0.2 0 0.4 0 0 0 0 0 0 0 0 0 0 0 0 0.2 0 0 0 0 0 0.6000000000000001 0 0 0 0 5 2.8000000000000003 5.4 2.8000000000000003 2 3.6 0.6000000000000001 5 2.4000000000000004 9.4 5.2 0 4.4 5.2 0 2.8000000000000003 2.2 0.8 0 0.2 0 0 0 0 0 0 0 0 0 0 0 0 0.2 0 0 0 0 2.6 10.8 0 0 0 0 0 0 0 0 0 0 0 0 0 0 0 0 0 0 0 0 0 0 0 0 0 0 0 0 0 0 0 0 0 0 0 0 0 0 0 0 0 2.8000000000000003 0 0 0 0.6000000000000001 17.2 0 0.2 17.2 0 1.4000000000000001 0 0 0 0 0 0 0 0 0 0 0 0 0 0 0 0 0 0 0 0 0 0 0 1.4000000000000001 0 0 0 0 0 0 0 0 0 0 0 0 0 0 
 10 13.4 35.800000000000004 77.80000000000001 8.4 13.8 7.4 7.6000000000000005 34.6 19.200000000000003 53 27 9 28.400000000000002 25.6 46.400000000000006 13.600000000000001 0 6 13.8 3.8000000000000003 0.2 0 0.4 0 0 0.6000000000000001 0 0.4 0 0.8 0.6000000000000001 5.4 0.4 0.8 0.6000000000000001 0 0 33 15.200000000000001 0.4 0 0 1.4000000000000001 0 0.2 0.6000000000000001 13.4 0 0.6000000000000001 0 0.2 0 0 0.8 0 0 0 0 0 0 0.4 0 0 0.4 0 0 0 0 0 0 0.2 0 0 0.4 0 0 0 0.6000000000000001 0.4 6.4 0 2.2 0 3.2 0.2 0 4.2 2.6 3.2 2.8000000000000003 4.6000000000000005 2 5 1.4000000000000001 0 5.6000000000000005 6.4 0 0.2 0 0 0 0 0 0 4.2 0 0 0 0 0 2.8000000000000003 14.600000000000001 3.2 0 0 0.2 0 10.200000000000001 0 0 0 0 0 0 0 0.4 0.4 0 0 0 0 0 0 0 0 0 0 0 0 0 0 0 0 0 0 0 0 0 0 0 0 2.8000000000000003 0 0 0 0 0 0 0 0 0 8.6 5.2 3.8000000000000003 1.8 1.2000000000000002 7.4 2 3.4000000000000004 0 0 0 1.6 0 2 5.800000000000001 0 0 1.4000000000000001 4.6000000000000005 0 0 0 0 2.6 1.2000000000000002 0 0 0.2 0.4 0 2.4000000000000004 0 0 0 0 2.8000000000000003 1.2000000000000002 0 0.2 0 0 0 0 0 0 0.6000000000000001 0 0 0 0 0 0 0 0 0 0 0 0 0 0 0 0 0 0 0 0 0 0 0 0 0 0 0 0 0 0 0 0 0 0 0 0 0 0.2 0 0.2 0.8 0 2.4000000000000004 0 0.4 0.4 0 0 0 0 0 0 0 0 0 0 0.2 0 0 0 0 0 0 0 0 0 0 0 0 0 0 0 0 0 0 0 0 0 0 0 0 
 59.6 6.4 46.400000000000006 36.6 51 9.200000000000001 73.8 10.200000000000001 15.600000000000001 18.8 9 46.800000000000004 126.60000000000001 58.2 43.800000000000004 22.6 5.6000000000000005 6 0 38.800000000000004 0.6000000000000001 0 0 0 0.8 0 0 0.6000000000000001 0 0.2 1 0.6000000000000001 0 0.6000000000000001 0.8 0.6000000000000001 0 0.4 0.6000000000000001 0.4 0.4 0.4 0.4 0 0 0 1 0 0.4 0.6000000000000001 0 12.4 0 0.6000000000000001 0.6000000000000001 0 0 0 0 0.4 0 0 0 0 0 0 0 0 0.4 0 0 0 0 0.6000000000000001 0.4 0 0 0 0 8.8 4 4.2 5 0 0.4 0 8.200000000000001 5 8.200000000000001 0.6000000000000001 1 0 7.6000000000000005 8.6 3.6 6 5 3.2 8.6 3.6 0 0 0 0 0 0 0 0 0 0 0 0 0 0 0 0 0 0 0 0 0 0 0 0 0 0 0 0 0 0 0 0 0 0 0 0 0 0 0 0 0 0 0 0 0 0 0 0 0 0 0 0 0 0 0 0 0 0 0 1.6 0 0 1 0 0 0.2 7.4 5.4 7 1.8 0 0 0 0 6.6000000000000005 0.4 0.2 6.4 2.8000000000000003 0 0 0 0 0 0 0 0 0 0 0 0 0 0 0 0 0 0 0 0 0 0 0 0 0 0 0 0 0 0 0 0 0 0 0 0 0 0 0 0 0 0 0 0 0 0 0 0 0 0 0 0 0 0 0 0 0 4 0 0 0 0 0 0 0 0 0 0.4 0 0.2 0 0.4 0 0.2 0.4 0 0 0 0 0 0 0 0 0 0 0 0 0 0 0 0 0 0 0 0 0.6000000000000001 0 0 0 0 0 0 0 0 0 0 0 0 0 0 0 
 51.2 7 29 31.400000000000002 55.6 10 45.400000000000006 26.6 30.400000000000002 57 12.200000000000001 5.6000000000000005 50.800000000000004 35 41.6 73.8 6 13.8 38.800000000000004 0 0 0 0 0 0.2 5.4 0 0 0 0 0.8 0.6000000000000001 0 0 1 0.6000000000000001 0 0 0.2 0.4 0.4 0 0 0 0 0 1 0 0 0.6000000000000001 0 0 0 0 0.6000000000000001 0 0 0 0 0 0 0 0 0 0 0.6000000000000001 0 0 0 0 0 0 0 0 0 0 0 1.2000000000000002 0 0.6000000000000001 4.4 1.8 3.2 7.2 3.8000000000000003 0 0 0 3.6 0 8 0.4 9 10 3.6 3.6 2.8000000000000003 2.8000000000000003 8.6 5 0 0 0 0 0 0 0 0 0 0 0 0 0 0 0.2 0 0 0.2 0 0 0 0 0 0 0 0 0 0.4 0.4 0 0 0 0 0 0 0 0 0 0 0 0 0 0 0 0.2 1.2000000000000002 0 0 0 0 0 0 0 0 0 0 2.2 0 0 0 3.4000000000000004 2.6 3 0 0 0 4.800000000000001 3.4000000000000004 2.8000000000000003 0 0 0.2 2.8000000000000003 0 5 9 0 4.2 1.8 5.800000000000001 0 0 0 0 0 0 0 0 0 0 0.2 0.4 1.2000000000000002 0 0 0 0 0 0 0 0 0.2 0 0 0 0 0 0 0.4 2.2 0 0 0 0 0 2 0 2 0 0 0 0 0 0 0 0 0 0 0 0 0 0 0 0 0 0 0 0 1.6 0 0 0 0 0 0 0.6000000000000001 0.2 0 0 0.8 0 2.8000000000000003 2 0 0 0 0 0 0 0 0 0 0 0 0 0 0 0 0 0 0 0 0 0 0 0 0 0 0 0 0 0 0 0 0 0 0 0 0 0 
 0 0.6000000000000001 56.2 0 0 23.8 0 0 0.2 15 0.4 0 0 40.800000000000004 0.2 0 18 3.8000000000000003 0.6000000000000001 0 0 18 30.400000000000002 53 94.2 6.6000000000000005 17.2 49 23.200000000000003 23.200000000000003 22.200000000000003 94.4 26 18 11.8 36.6 37.2 7.6000000000000005 21.6 38.6 0.6000000000000001 0 0.4 0.2 0.6000000000000001 0.4 0 0.4 0 0 0 0 0 0.8 1.4000000000000001 0.6000000000000001 0 0 0 0 0 0 0 0 0.2 0 0 0.6000000000000001 0.6000000000000001 0.6000000000000001 0.8 0.6000000000000001 0 0.6000000000000001 0.6000000000000001 0.6000000000000001 0 0 0 0.6000000000000001 0 1.4000000000000001 0.4 0 0 0.4 0 0 0 0 3 3 0 0 0 0.2 0.2 3.2 0.2 0 2.2 0 0.4 2 5.800000000000001 1.8 7.4 4.4 0 3 2 2.6 12.4 4.4 0.4 3.2 2.6 0 6 2 0 0 0 0 0 0 5.4 0 0 0.2 0 0 3.4000000000000004 3.6 0 0 0 3.2 0 2.2 0 0 0 0 0 0 0 0 0.6000000000000001 0 0 0 3.4000000000000004 0 0 0 0 0 0 0 0 0 0.4 1.4000000000000001 2.6 0 0 0 0 1.4000000000000001 0 0 0 0 0 0 0 0 1 0 1.8 9.8 5 7.6000000000000005 6.2 4 6.4 2.8000000000000003 0.2 0 5.800000000000001 0 9.200000000000001 13.4 0 0 5.2 2.2 2.8000000000000003 4.6000000000000005 0 0 0 0 0 0 0 0.2 0 0 0 0 0 0 0 0 0 0 6.2 0 0 0 0.4 0 0 0 0 0 0.2 0 0 0 0 0 0 0 0 0 0 0 0 2.8000000000000003 0.2 0 0 0 0.4 0 0 0 0 0 0 0 0.4 0 0 0.4 0.2 0 0.4 0 2.2 0 0 0 0.4 0 0 0 0 0 0 0 0 0 0.2 0 0 0 0 0 0 0 0 1 0 0 0 0 
 0 0 0 0 18.400000000000002 15.8 0 0 0 0.2 14.600000000000001 15.4 0 0.2 0 0 0.6000000000000001 0.2 0 0 18 0 17.8 12.200000000000001 7.6000000000000005 8.200000000000001 37.4 36 15.8 7 3.8000000000000003 50.2 39.400000000000006 39 69.2 39.6 37 11.8 7.4 7.2 0.6000000000000001 0 0.4 0.2 0.8 0.6000000000000001 0 0.6000000000000001 0.6000000000000001 0 0 0 0 0 0.6000000000000001 0.4 0 0 6.6000000000000005 0 0 0.2 5.6000000000000005 0 0 0.4 0 0 0 0.6000000000000001 0 0.4 0 1.6 0.4 0.6000000000000001 0.6000000000000001 6.4 0 0 0.2 0 0 0 0 3.2 0 0 0 0 0 0 0 0 0 0 0 0 0 0 2 6 6 2.6 0 0.2 1.8 7.6000000000000005 1.6 0.4 9 0 4.2 0.2 7.2 5.4 2.2 0 8.8 2.8000000000000003 0 2.6 0 0 0 0 0 0 0.4 0 0 0 2.8000000000000003 0 0 0 0 0 0 2.4000000000000004 0 0 0 0 0 0 0 0 0 0 0 0 3 0 0 0 0 0 0 0 0 0 0 0.2 0 0 0 0 0 0 0 0 0 0 0 0 0 0 0.8 0 0 3.8000000000000003 0.2 4.4 2.2 3.4000000000000004 1.4000000000000001 1.2000000000000002 6.6000000000000005 1.2000000000000002 3 0.6000000000000001 3.6 3.2 0.2 5.800000000000001 12.8 3 2.2 2.6 0 0 0 0 2.6 0 0 0 0 0 0 0 0 0 0 0 0 0 6.800000000000001 0 0 0 0 0 0 0 0 0 0 0 0 0 0 0 0 0 0 0 0 0 0 0 1.4000000000000001 0 0 0 0 0 0 0 0 0 0 0 1.4000000000000001 0 0.2 0 0.4 0 0.4 0.4 0 0 0.4 0 0 0.2 0 0 0 0 0 0 0 0 0 0 0 0 0 0 0 0 0 0 0 0 0 0 
 0.4 0 0 0 11.4 0.4 0 0 0 0.2 0 0.6000000000000001 0 0 0 0 0 0 0 0 30.400000000000002 17.8 0 31.8 20.200000000000003 67.2 18 40.6 73.2 24.200000000000003 27.400000000000002 28.8 31.200000000000003 28 85.4 21.200000000000003 49.6 51.800000000000004 21.400000000000002 7.4 0.6000000000000001 0.2 0.4 0.2 0.6000000000000001 0.4 14 0.4 0.8 0 0 0 13.4 0 0.8 0.6000000000000001 0.4 0 12.8 0 0 0 0 0 0 0 0 0.6000000000000001 0.4 0.6000000000000001 0.4 0.6000000000000001 0 0.6000000000000001 0.4 0.6000000000000001 0 0 0 0.2 0 0 0 0 0 0 0 0 0 0 0 0 0 0 0 0 0 0 0 0 6.2 2.2 1.8 2.4000000000000004 0 1.6 0 5.800000000000001 0 4 3 5.6000000000000005 1.8 0 1.8 3.2 4.800000000000001 3 0 0 0 0 0 0 0 0 3.8000000000000003 3 0 0 0 0 3 0 0 0 0 0 2 2.2 0 0 1.8 0 0 0.6000000000000001 0 0 0 0 0 5.2 3.2 0 0 0 0 0 0 0 0 0 0 0.8 0 1.4000000000000001 0 0 0 0 0 0 0 0 0 0 0 0 0.8 0 0 2 2.8000000000000003 1.8 0 7 10.4 0 0.2 4.2 2.2 0 2.2 5.4 1.8 0 0 2.2 0 0.2 0 0.2 0 0 0 0 6.2 0 0 0 0 0 0 2.8000000000000003 0 0 0 0 5.800000000000001 0 0 0 0 0 0 0 0 0 0 0 0 0 0 0 0 0 0 0 0 0 0 0 0 0 0 0 0 0 0 0 0 0 0 0 0 0 0 16 0.2 0.6000000000000001 0.2 0 0.2 0 0 0 0 0 0 0 0 0 0 0 10 0 0 0 0 0 0 4.2 0 0 0 0 0 0 0 0 
 0 0 0.4 0 0 0.4 0 0.4 0 0 0 0 0 0 0.4 0 1.2000000000000002 0.4 0 0 53 12.200000000000001 31.8 0 36.4 24 21.400000000000002 12.600000000000001 26.8 95.2 22.400000000000002 147.6 16.8 55.800000000000004 13.200000000000001 6 26.200000000000003 61 19.400000000000002 7.800000000000001 25.8 0.2 0.8 0 0.6000000000000001 10.4 13.4 0.8 0 0 0 0 0.2 26.200000000000003 18.2 0.4 1.2000000000000002 0 24 36 0 0 0 0 0 15.200000000000001 0 0 0 0.6000000000000001 0 0.4 0 0.6000000000000001 0.4 0.6000000000000001 0 0 0 0 0 0 0 0 0 0 0 0 0 0 0 0 0 0 0 0 0 0 0 0 0 0 0 0 13.200000000000001 0.4 0 0 3.6 3 0 2 0 0 0 2.2 0 4.6000000000000005 0 0 6 6.6000000000000005 0 0.4 0 0 4.6000000000000005 9.600000000000001 0 0 0 0 0 0 0 2.6 2.2 0 1.4000000000000001 0.2 0 0 1.2000000000000002 0 0 0 0 0 0 0 0 0 0 0.4 0 0 0 0 0 0 0.4 0 0 0.4 0 0 0.6000000000000001 0 0 0 0 0 0 0 0.2 0 2.4000000000000004 1 0 0.4 0 0 0 0 6.2 2.2 0 0 0 0.2 4.800000000000001 13.4 0 0 0 0 0 0.2 0.4 0 4 7.6000000000000005 0 0 0 0 0.4 9.600000000000001 8.6 0 0 0 0.6000000000000001 0 1.2000000000000002 12.600000000000001 2.2 0 4.4 3.8000000000000003 0 0 0 0 0 0 0 0 0 0 0 0 0 0 0 0 0 0 0 0 0 0 2.2 0 0 0 0 0 0 0 0 0 0 0 0.8 0.4 0.4 1.2000000000000002 15.4 0.4 0 0.2 0 0 0 0 0 0 0 0 0 0 0 0 0 0 0 0 0 0 0 0.2 0 2.4000000000000004 0 0 0 0 0 0 
 0 0.2 0.4 0.2 0 0.2 0.2 0 0.2 0.2 0.2 0.6000000000000001 0.2 40.6 0 0.2 0.6000000000000001 0 0.8 0.2 94.2 7.6000000000000005 20.200000000000003 36.4 0 49.2 53.6 12.600000000000001 36 63.2 65.60000000000001 75.8 16 58 45 52.6 68.2 54.800000000000004 57 14 0.6000000000000001 0 0.4 0 0.6000000000000001 0.6000000000000001 13.200000000000001 0.4 0 0 0 0 14.200000000000001 0 0.6000000000000001 0.4 0 0 1.6 0 0 0 0 0 2.6 0 0 0.4 0.4 0.6000000000000001 0.6000000000000001 0.4 0 0.6000000000000001 0.4 0.6000000000000001 0 0 0 0.2 0 0 0 0 0 0 0 0.2 0 0 0.2 0 0 0.4 0 0 0 0 0 0 2.8000000000000003 3.4000000000000004 4.2 2.2 2 2.6 3.8000000000000003 2.8000000000000003 1.8 2.8000000000000003 1.6 2 0 1.8 0 2 6.6000000000000005 1.6 0.4 2.4000000000000004 0 0 0 0 0 0 4.4 4 0 0 0 0 2.6 2.6 0 0 0 0 3.6 1.8 0 0 3.8000000000000003 0 0 0.2 0 0 0 0 0.2 6 2.8000000000000003 0 0.4 0 0 0 0 0 0 0 0 0 0 0 0 0 0 0 0 0 0 0 0 0 0 0 0.4 0 0 0 1.6 6.6000000000000005 2 2.6 0 0 1.4000000000000001 3.6 0.2 0 0 0 0 2.4000000000000004 5.800000000000001 0 0 0 0 0 0 0 0 0 4.800000000000001 0 0 0.2 0 0 1.6 2.2 0 0.4 0 0.4 7.800000000000001 0 0 0 0 0 0 0 0 0 0.2 0 0 0 0 0 0 0 0 0 0 0.4 0 0 0.4 0 0 0.4 0 0 0 0 0 0 0 0 0.6000000000000001 0.4 0 25 1 0 1.2000000000000002 0 0 0 0 0 0 0 0 0 0 0 0 0 0 0 0 0 0 0.6000000000000001 0 2.6 0 0 0 0 1.6 0 0 0 
 0.2 0 0 0 0 0.4 0 0 0 0 0 0 0 0 0 0 0 0 0 5.4 6.6000000000000005 8.200000000000001 67.2 24 49.2 0 7 6.2 23.400000000000002 42.6 23.400000000000002 51 47.800000000000004 9.200000000000001 9.200000000000001 14.8 30 15.200000000000001 14 7.6000000000000005 13.8 0 0.4 0 0.6000000000000001 2.2 12.4 0.4 0 0 0 0 18.2 17.6 13.4 0.4 0.2 1.8 23.8 12.4 0 0 0 11 0.6000000000000001 0 0 0.2 0.2 0.6000000000000001 0.2 0.4 0 0.6000000000000001 0.4 0.6000000000000001 0 0 0 0 0 0 0 0 0 0 0 0 0 0 0 0 0 0 0 0 0 0 0 0 0 0 0 2.2 3.4000000000000004 1.6 0 0 0 2.2 0 4 0 0 0 2.6 1.6 3.8000000000000003 0 0 0 0.6000000000000001 0 0 0 0 7.6000000000000005 6 0 0 1.8 0 4.4 0 0 0 0 0 2 4.800000000000001 0 0 1.2000000000000002 0 0 1.8 0 0 0 0 0 0 0 0 0 0 0 0 0 0 0 0 1 0 0 0 3.4000000000000004 0 0 0.6000000000000001 0 0 0 0 0 0 0 1.2000000000000002 0 0 0 0 0.2 0 0 0 0 0 0 1.6 2.2 9 0 0 0.2 0 0 0 0 0 5.6000000000000005 0 0 0 0 0 2.8000000000000003 5.800000000000001 0 0 0 0 5.6000000000000005 4.4 0.6000000000000001 4 0 0 0 0 0 0 0 0 0 0 0 0 0 0 0 0 0 0 0 0 0 0 0 0 0 0 0 0 0 0 0 0 0 0 0 0 0 0 0.8 0 1.2000000000000002 15.200000000000001 1.2000000000000002 0.2 2.8000000000000003 0 0 0 0 0 0 0 0 0 0 0 0 0 0 0 0 0 0 0 0 0 3.2 0 0 0 2.4000000000000004 0 0 0 
 0 0 0 0 0.6000000000000001 14.4 0.2 0 0 0 0.6000000000000001 14.8 0 0 0 0 0 0.6000000000000001 0 0 17.2 37.4 18 21.400000000000002 53.6 7 0 22.8 33.4 51.2 25.400000000000002 11.200000000000001 64 83 26.8 93.2 62.400000000000006 36.800000000000004 60.2 25.8 0.6000000000000001 0 0.4 0.4 0.8 0.6000000000000001 11.8 0.4 12.200000000000001 0 17.6 0.4 0 0 0.6000000000000001 0.4 0 0.2 0 0 0 0 0 0 0 0 0 0.4 0.4 0.6000000000000001 0 0.4 0 1.8 0.4 0.6000000000000001 2.8000000000000003 0 0 0.2 0 0 0 0 0 8.4 0 0 0 0 0 0 0 0 0 0 0 0 0 0.4 5.2 8 3.2 4.800000000000001 2.8000000000000003 0 8 2.8000000000000003 2.8000000000000003 0 3.6 0.2 0 10.200000000000001 3.4000000000000004 0 6.800000000000001 0.4 3 0 0 0 0 0 0 0 0 0 0 0 0.4 0 0 3 0 0 0 0 0 0.2 0 0 0 0 0 0 0.2 0 0 0 0 0 0 0 0 0 0 0 0.2 0 0 0 0 4.6000000000000005 0 0 0.2 0 0 0 0 0 0 0 0 0 0 0 1.6 0 0.4 0 1.6 5 0 4.6000000000000005 3.8000000000000003 5.800000000000001 7.4 4.2 2.2 0 4.2 0 3.6 4.4 7.6000000000000005 4 0.2 0 0 0 0 0 0 0 0 0 0 0 0 0 0 0 0.4 0 0 0 8.4 0 0 0 0 0.8 0 0 0 0 0 0 0 0 0 0 0 0 0 0 0 0 0 0 0 0 0 0 0 0 0 0 0 0 0 0 0.8 0 0.4 1.2000000000000002 0 0.6000000000000001 0.8 0 0 0 0 0 0 0 0 0 0 0 0 0 0 0 0 0 0 1.2000000000000002 0 3.8000000000000003 0 0 0 1 0 0 0 0 
 0 0 0 16.6 0.4 0.4 0 0 0 0.2 0 4.6000000000000005 0.2 0 0 0 0 0 0.6000000000000001 0 49 36 40.6 12.600000000000001 12.600000000000001 6.2 22.8 0 26.200000000000003 39.800000000000004 6.6000000000000005 8.8 58.800000000000004 20.6 12.200000000000001 99.4 33.4 54 28.6 77.2 0.6000000000000001 0 0.8 0.4 13.200000000000001 0.6000000000000001 0 0.4 1 0 0 0 0 1.6 4.4 0.4 0 0 0 0 0 0 0 0 0 0 0 0.2 0.2 0.6000000000000001 0 0.4 0 0.6000000000000001 0.4 0.6000000000000001 0 0 0 0 0 0.8 0 2.4000000000000004 0 8 0 0 0 0 0 0 0 0 0 0 0 0 0 0 0 0 6.4 2.4000000000000004 3.4000000000000004 10 2.6 4.6000000000000005 4.4 5 2.4000000000000004 0 5.800000000000001 0 0.2 4.4 1.8 3.6 3 0 0 0 0 3.2 0 0 0 0.4 0 0 0 0 8 0 0 0 0 0 0 1.6 0 0 0.6000000000000001 0 0 0 0.2 0 0 0 0 0 2.4000000000000004 0 0 0 0 0 0 0 0 0 0 6.2 2.8000000000000003 1.6 0 0 0 1 0 0 0 0 0 0 0 0 0.6000000000000001 0 14.600000000000001 2.6 1.6 4.2 2.2 1.4000000000000001 6 0 0.4 2.6 2 7 0.6000000000000001 9.4 0 2.4000000000000004 0 4.4 0 7.4 0 0 0 0 0 0 0 0 0 0 0 0 2.6 3.6 0 0 0 0 4.6000000000000005 0 0 0 0 0 0 0 0 0 0 0 0 0 0 0.2 0 0 0 0 0 0 0 1.8 0 0 0 0 0 0 0 0 0 0 0 0 1 0 0.4 0.2 0.6000000000000001 0 0.4 0 2.8000000000000003 0 0 0 1.2000000000000002 0 0 0 0 0 0 0 0 0 0 0 0 0 0 0 0 0 0 0 0 0 0 0 
 0 0 0.6000000000000001 0.6000000000000001 15.200000000000001 0 0 0.4 0 0.2 0 0.4 0 0 0.4 0 0 0.4 0 0 23.200000000000003 15.8 73.2 26.8 36 23.400000000000002 33.4 26.200000000000003 0 45 40.400000000000006 42.6 34.2 22.6 33.4 27.8 49.400000000000006 103 37.2 7.800000000000001 1 0 0.4 0 8.6 0.6000000000000001 15 0.8 1.6 0.6000000000000001 0 9.600000000000001 13.600000000000001 0 0.8 0.4 0.4 0 0.4 0 0.4 0 0 1.2000000000000002 1 0 0 11.4 0.2 0.6000000000000001 2.6 0.4 0.8 0.6000000000000001 0.4 1.8 0 0 0 0.4 0 0 0.2 0 0 0 0 0 0 0 0 0 0 0 0 0 0 0 0.4 0 1 1.2000000000000002 0.2 6.4 1.6 4 0 0 1.6 5.2 1.6 2.2 0 1.6 2 2.2 10.4 2.6 0 0 0 0 0 0 0 0 4 4.4 0 0 0 0 4.4 3.8000000000000003 0 0 0 0 2.2 0 0 0 1.6 0.4 0 0.4 0 0 0 0 0 2.4000000000000004 2.4000000000000004 0 0 0 0 0 0 0 0 0 0 0.2 0 0 0 0 0 0.6000000000000001 0 0 0 4.6000000000000005 0 0 0 0 0 0 0 0 5.4 3.8000000000000003 1.6 2.8000000000000003 4.6000000000000005 0 3 2.2 7.4 0.2 3 2.2 6.4 0 1.8 2 0 0.2 0 0 0 0 0 0 9.4 0.4 0 0 0 0 0 0 0 0 0 0 4.2 0 0 0 0.2 0 0 0 0 0 0 1.6 0 0 0 0 0 0 0 0 0 0 0 0 0.4 0 0 0 0 0 0 0 0 0 0 0 0.6000000000000001 0 0 31.6 2.6 0 0.2 0 0 0 0 0 0.2 0 0 0 0 0 0 0 0 0 0.4 0 0 2.2 0 2.4000000000000004 0 0 0 0.2 0 0 0 0 
 0 0 0 0 0 0 0 0 0 0 0 0 0 0 0 0 0.6000000000000001 0 0.2 0 23.200000000000003 7 24.200000000000003 95.2 63.2 42.6 51.2 39.800000000000004 45 0 55.800000000000004 9.4 15.4 32.800000000000004 48.800000000000004 22.200000000000003 12 43.2 57.2 10 0.8 0 0.4 0 0.6000000000000001 0.6000000000000001 0 0.6000000000000001 0 0 0 0 12.600000000000001 9.600000000000001 13.600000000000001 0.4 1.2000000000000002 0.6000000000000001 18 0 0 12.4 0.2 0 0 0 0 0 0 0.6000000000000001 0.6000000000000001 0.4 0 0.6000000000000001 0.4 0.6000000000000001 0 0.4 0 0 0 0 0 0 0 0 0 0 0 0 0 0 0 0 0 0 0 0 0 0.4 4.4 1.2000000000000002 2 1.2000000000000002 5.800000000000001 6.2 0 3.6 3.2 10 0 5.6000000000000005 0 0 0 3.6 2.4000000000000004 9.8 0 0 0 2.2 0 0 0 0 2.6 4.2 0 0 0.6000000000000001 0 0 0 0 0 0 0 0 0 0 0 1 0 0 0 0 0 0 0 0 0 0 0 0 0 0 0 0 0 0 0 0 0 0 0 0.8 0 0 0.2 0 0 0 0 0 0 1.8 1.6 0 0 0 0 4.4 0 1.2000000000000002 0 0.6000000000000001 0 0 0 4.2 4.6000000000000005 0 1 1.4000000000000001 0 2.2 2.6 0 0 2.4000000000000004 0 0 0 0 0 5.6000000000000005 0.2 0.2 0 0 0 10 2.4000000000000004 0 4 0 0 0.4 0 0 0 0 0 0 0 0 0 0 0 0 0 0 5.2 0 0 0 0 0 0 0 0 0 0 0 0 0 0 0 0 0 0 0 0 0.8 0.4 0.4 15.600000000000001 0.8 0 3.6 0 0 0 0 0 0 0 0 0 0 0 0 0 0 0 0 0 0 0 0 0 0 0 0 0 0 0 0 0 
 0.4 0.6000000000000001 1 0.6000000000000001 0.8 1 0.8 1 0.8 0.8 0.6000000000000001 1 7.4 1.2000000000000002 1 0.6000000000000001 0.8 0.8 1 0.8 22.200000000000003 3.8000000000000003 27.400000000000002 22.400000000000002 65.60000000000001 23.400000000000002 25.400000000000002 6.6000000000000005 40.400000000000006 55.800000000000004 0 45.6 7 20.8 39.800000000000004 19.200000000000003 14.600000000000001 45.800000000000004 25.6 9.600000000000001 1.8 0 9 0 0.6000000000000001 1.4000000000000001 0.8 0.6000000000000001 0 0.6000000000000001 0 0 12.600000000000001 1.2000000000000002 1.2000000000000002 0.4 0.8 1.2000000000000002 0.6000000000000001 0 0 0 0.2 0 2 10 0 0 0 0.6000000000000001 0.8 0.4 1.4000000000000001 0.6000000000000001 0.4 0.6000000000000001 0 0 0.4 0 0 0 0 0 0 0 0 0 0 0 0 0 0 0 0 0.2 0 0 0 0 3.6 2.2 0 2.6 1 6.4 0 0 2.8000000000000003 1.6 0.2 2 0 0 0 0.8 8.8 6.800000000000001 0 0 0 0 0 0.4 0 0 0.6000000000000001 0 0 0 0 0 0.2 3.4000000000000004 0 0 0 0 0 2.8000000000000003 0 0 0.2 0 0 0 0 0 0 0 0 0 0 0 0 0 0 0 0 0.2 0 0 0 0 0 0 0 0 0 0.6000000000000001 0 0 0 0 0 0.2 0 0 0 0 0 3 2.8000000000000003 4.2 1.2000000000000002 4.800000000000001 0 0 1.6 0.2 1.8 1.2000000000000002 0 0 4.4 0 1.4000000000000001 0.2 0 0.2 0.4 0 0 0 0 0 2.8000000000000003 0 0 0 0 0 3 1.4000000000000001 0 0 0 0 0 0 0 0 0 0.2 0 0 0 0 0 0 0 0 0 0 0 0 0 0 0 0 0 0 0 0 0 0 0.2 0 1.6 0 0 0 0 0 2.2 0 0 30.400000000000002 29.6 0 3.6 0 0 0 0 0 0 0 0 0 0 0 0 0 0 0 0 0 0 2 0 0 0 0 0.4 0 3 0 0 0 
 1 0.6000000000000001 0.4 0.6000000000000001 0.8 16 0.6000000000000001 0.8 0.6000000000000001 0.6000000000000001 0.6000000000000001 1 0.6000000000000001 0.6000000000000001 0.6000000000000001 0.6000000000000001 2.4000000000000004 0.6000000000000001 0.6000000000000001 0.6000000000000001 94.4 50.2 28.8 147.6 75.8 51 11.200000000000001 8.8 42.6 9.4 45.6 0 6.800000000000001 49.800000000000004 34.2 21.400000000000002 57.400000000000006 34.800000000000004 8.6 8.200000000000001 13 0 12.8 0 0.6000000000000001 4.6000000000000005 4.6000000000000005 0.4 12.4 0 0 0 6.2 12.8 13 0.4 0 0 13.200000000000001 16.6 0 0 0 0 0 0 0.8 0.2 0.2 0.6000000000000001 0 0.4 0 0.6000000000000001 0.4 0.6000000000000001 0 0 0 0 0 0 0 0 0 0 0 0 0 0 0 0 0 0 0 0 1 0 0 0 5 1.8 6.2 0 13.200000000000001 2 3.8000000000000003 0 2.2 0 2.8000000000000003 7.4 0 2 0 0 6.2 0 0 0 1.2000000000000002 4 0 0 0 0 0.2 0.4 2.2 2 0 0 2.4000000000000004 0.2 0 12.4 0 0 3.8000000000000003 0 0 0 0 0 0 0 0 0 0 0 0 1 0 0 0 0 0 0 0 0 0 0 0 0 0 0 0.2 0 0 0 0 0 0 0 0 0 0 0.4 0 0 1 1.2000000000000002 0 2.4000000000000004 1.8 7.4 0 0.2 0.2 1.4000000000000001 3.6 5.2 0 0 0 2 0 0 0 0 5.2 5.6000000000000005 0 0 0 0 2.8000000000000003 0 7.2 0 2.2 0 0 0 0 2.4000000000000004 0 0 0 4 0 0 0 0 0 0 0 0 0 0 0 0 0 0 0 1.2000000000000002 0 0 0 0.2 0 0.2 3.8000000000000003 0 0 0 0.2 0 0 0 0 0 0 0 0 0 0.8 2.2 0.2 0 0.4 0 0 0 0 0 0 0 0 0 0 0 0 0 0 0 0 0 0 0.8 0 4.800000000000001 0 0 0 4.6000000000000005 0 0 0 0 
