 0 53.2 30.6 26.400000000000002 11.600000000000001 8 29 36.800000000000004 10.8 9.200000000000001 48.6 24 44 53.800000000000004 82.80000000000001 26.8 24.200000000000003 43 68.4 41.800000000000004 0.4 0.4 0 0 0 0 0 0 0.4 0.2 0.4 0 0.8 0.4 0 0 0.8 0 0 0.8 0 0 0.2 0 0 0 0 0.6000000000000001 0 0 0.6000000000000001 0.6000000000000001 0 13 0 0.6000000000000001 0 0.4 12.4 0.4 0.4 0 0 0 0 0 0 0.8 0.6000000000000001 0 0 0 0.6000000000000001 0 1 0 0 0.4 0 0.6000000000000001 5 3 4.6000000000000005 0 0 0 2.6 2.2 7.2 5.6000000000000005 0 5.6000000000000005 3.2 5.800000000000001 4.4 4 6.6000000000000005 1.2000000000000002 1.8 4.4 0 0 0 0 0 0 0 0 0 0 0 0 0 0 0 0 0 0 2.8000000000000003 0 0 0 0 0 0 0 0 0 0 0 0 0 0 0 0 0 0 0 0 0 0 0 0 0 0.4 0 0 0 0.2 0 0 0 0 0 0 0 1.8 0 0 0 0 2.6 0 0 0.2 0 0 0.2 0 0 0 4 1.4000000000000001 2 0.2 0 7 4 3.6 4 0 0 0 0 0 0 0 0 0 0 0 0 0 0 0 0 0 0 2.2 0 0 0 0 0 0 0 0 0 0 0 0 0 0 0 0 0 0 0 0 0 0 0 0 0 0 0 0 0 0 0 0 0 0 0 0 0 0 0 0 0 0 0 0 0 0 0 0.4 0 0.6000000000000001 0.2 0 1.2000000000000002 0 0 0.2 0 0 0 0 0 0 0 3 0 0 0 0 0 0 0 0 0 0 0 0 0 0 0 0 0 0 0 0 0 0 0 0 0 0 0 
 53.2 0 73.4 20 26.200000000000003 9 57.800000000000004 52.6 25 9.200000000000001 8.200000000000001 9.600000000000001 5.4 35.2 94 63 12.200000000000001 27 53.2 28.8 0.4 0.4 0.8 0 0 0.4 0.4 0 0.6000000000000001 0 0.4 14.8 0.4 0.4 0.2 0.2 0.6000000000000001 0 15 0.4 0 0 0.4 0 0 0 0 0 0 0 0 0.8 0 0 0 0.6000000000000001 0.2 0.4 0 0 0.2 0 0 0 0 0 0 0.4 0.6000000000000001 0 0 0 0 0 0.6000000000000001 0 0 0 0 0.2 4.800000000000001 3 9.200000000000001 5.4 0 0 2.8000000000000003 1.4000000000000001 5.6000000000000005 3 0 4.2 2 3.8000000000000003 2.6 3.2 0 1.2000000000000002 0 0 0 0 0 0.4 0 0 0 2 0.4 0.2 0 0 0 0.2 0 0 0 0 3.4000000000000004 0.2 0 0 0 0 0 0 0 0 0 0 0 0 0 0 0.4 0 0 0 0 0 0 0.2 0 0 0 0 0 0 0 0 0 0 0 0 0 0 0 0 0 0 3 0 3.2 0 0 0 0 2.2 0.4 0.2 2.8000000000000003 0 0.2 2.4000000000000004 0 2.4000000000000004 3 3.4000000000000004 0 0.2 0 0.2 0 0 0 0 4 0 0 0 0 0 0 0 0 0 0 0.2 0 0 0 2.8000000000000003 0 0 0 0 0 0 0 0 0 0.2 0 0 0.4 0 0 0 0 0 0.2 0 0 0 0.2 0.2 0 0 0 0 0 0 0 0 0 0 0 0 0 0 0 0 0 0 0 0 0.2 0 0.2 0 2.2 1.6 0 0 0 0 0 0 0 0 0 0 3 0 0 0 0 0 0 0 0.2 0 0 0 0 3.4000000000000004 2.8000000000000003 4.2 0 0 0 0 0 0 0 0 0 0 0 0 
 30.6 73.4 0 44.800000000000004 72.4 79.2 11 114 11 35.800000000000004 10.8 28 12.600000000000001 14.8 53 47 7.2 23 8.4 7.800000000000001 0.4 0.4 0 0 41 0.4 0.4 0 0.6000000000000001 0 0.6000000000000001 1 1.2000000000000002 0.4 0 0 0.6000000000000001 0.2 14.4 15.200000000000001 0 0 0.4 0 0 0 0 0 0 0 0 1.4000000000000001 0 0 0 1.2000000000000002 0 0.4 4.6000000000000005 0 0.4 0 0 10 0 0 0 0.4 0.6000000000000001 0 0 0 0 0 0.6000000000000001 0 0 0 0 0 0 2 8.8 3.8000000000000003 1.8 1 0 4.800000000000001 5 5.6000000000000005 2.8000000000000003 5 0 3.2 2 2.8000000000000003 0.8 4.800000000000001 0 0 0 0.2 0 0 0 0 0 1.6 1.2000000000000002 0 0.4 0 0.8 0 0 0 0 0 3.4000000000000004 0 0 0 2 0 0 0 0 0 0 0 0 0 0 0 0 0 0 0 0.2 0 0 0 0 0 0 0 2.8000000000000003 0 0 0 0 0 0 0 0 0 0 0 0 0 3.2 0 0 3.8000000000000003 1.2000000000000002 0.8 0 0 3.4000000000000004 1.8 0.8 1.2000000000000002 0.6000000000000001 0 2 4.6000000000000005 1.6 3.8000000000000003 0 0 1.4000000000000001 0 0 0 0 0 10.200000000000001 2.8000000000000003 0 0 0 0 5.2 2.6 1.6 0 0 0 0 0 7 2 0 0 0 0 0 0.2 0 0.2 0 0 0 0 0 0 0 0 0 0 0 0 0 0 0 0 0 0 0 0 0.4 0 0 0 0.4 0 0 0 0 0.4 0 1.2000000000000002 0 0 0 0 0.2 0 0 1.2000000000000002 2.4000000000000004 2 0 0 0 0 0 0 0 0.4 0 0 1.8 0 0 0 0 0 0 0 0 0 0 0 0 7.800000000000001 1.6 2.6 0 0 0 0 0 0 0 0 0 0 0 0 
 26.400000000000002 20 44.800000000000004 0 82.80000000000001 15.4 20.200000000000003 34.6 14.600000000000001 82.80000000000001 53.400000000000006 31 11.200000000000001 56.2 15.200000000000001 19.8 37.800000000000004 35.800000000000004 27.6 13.4 0.4 0.4 0 0.6000000000000001 0 0 8 0 0.6000000000000001 0.4 1 0 0.4 0.4 0 0 1 0 0.2 6.6000000000000005 0 0 0.4 0 0.6000000000000001 1.6 1.2000000000000002 0 0 0 0.6000000000000001 1.6 0 0 0 0.6000000000000001 2 1 0 0 0.2 0 11 0 7.2 0.4 0 0.4 0.6000000000000001 0 0 0.4 6 0 0.6000000000000001 0 0 0.2 0 0.2 3.2 3.8000000000000003 2.8000000000000003 5.6000000000000005 7.800000000000001 2.6 2.6 0 3.4000000000000004 0.8 4 0 0 0 1 4.4 5.4 2.4000000000000004 0.2 0 2.2 0 0 0 0.2 0 2.8000000000000003 0 0 0 0 0 3.2 0 0 4.6000000000000005 0 0 2 0.2 0 0 0 0 0 0 0 0 0 0 0 0 0 0 0 0 0.2 1.4000000000000001 0 0 0.2 0 0 0 0 0 0 2 0 0 0 0.4 0 0 0 3.6 0.8 0 0.2 0 0 1.4000000000000001 0 3.2 5 0 0 0 0.2 5 3.8000000000000003 4.4 0 2 12.8 2.6 2.4000000000000004 8 0.2 0 2.2 0 0 0 0 0 6.4 2.8000000000000003 0 0 0 2.8000000000000003 6.800000000000001 3.4000000000000004 2 0 0 0 2.8000000000000003 0.2 0 0 0 0 0 0 0 0 0 0 0 0 0 0 0 0 0 0 0 0 0 0 0 0 0 0 0 0 0 0 0 0 0 0 0 0 0 0 0 0 0 0 0 0 0 0 17.6 0.2 1 26.400000000000002 0 0 0 0 0 0 0 0 0 0 0 0 0.2 0 0 0 0 0 0 0 0 0 0 0 0 1.8 0.2 0 0 0 0 0 0 0 0 0 0 0 0 0 
 11.600000000000001 26.200000000000003 72.4 82.80000000000001 0 31.200000000000003 13 34.4 17.400000000000002 35.2 27.400000000000002 28.400000000000002 74 39 62.2 18.2 71.60000000000001 11.600000000000001 52.800000000000004 12 16.2 0.4 15.200000000000001 0 0 0 14.600000000000001 0 0.6000000000000001 0 0.6000000000000001 0 24.200000000000003 8.4 15.200000000000001 4 0.6000000000000001 0 16.2 0.4 0 0 0.4 0 0.4 2.2 1.6 0 0 0 0 0.6000000000000001 0 0 0 0.6000000000000001 1.8 0.4 0 0 0.2 0 0 0 0 0 0 0.4 1.4000000000000001 0 0 0 0 0 0.6000000000000001 0 0 0 0 0.6000000000000001 3 5.2 0 3.2 7.2 5.2 2.4000000000000004 3 9.200000000000001 6 11 7 0 1.8 1.6 0 3.6 0 0 0 2.8000000000000003 3.8000000000000003 0.2 0 0 0 4.4 0.2 0.2 0 1.8 0 4.800000000000001 5.800000000000001 0 2 1.8 5.4 0 2.2 0 0 0 0 0 0 0 0 0.2 0 0 0 0 0.2 0 0 3.6 1 0 0 0 0 0 0 0 0 0 0 0 0 0 0 0 0 0 0 0 0 0 0 0 0.2 0 1.8 0.8 7 0 0 0 1.2000000000000002 0.8 0 0.8 8.200000000000001 3 0 1.4000000000000001 2.2 0 0 0 6 0.6000000000000001 0 0 0 4.6000000000000005 3.2 6.6000000000000005 0 0 0 18.400000000000002 4.4 4.4 0 0.4 0 2.6 8.8 0 0 0 0 0 0 0 0 0 0 0 0 0 0.4 0 0 0 0 0 0 0 0 0 0 0 0 0 0 0 0 0 0 0 0 0 0 0 0 0 0 0 0 0 0 0 0.2 0.2 0.6000000000000001 0.4 0 0 2.2 0 0 0 0 0 0 0 0 0 0 12.8 0 0 0 0 0 0 0 0 0 0 0 0 0 0 0 0 0 0 0 0 0 0 0 0 0 0 0 
 8 9 79.2 15.4 31.200000000000003 0 45.800000000000004 11.600000000000001 10.8 30.8 15 29.400000000000002 10.600000000000001 8 28 51.2 14.600000000000001 8 7.4 5.2 15.4 5 15 0.2 0 0 5.6000000000000005 5.4 1.6 0 15.200000000000001 0 17.2 0.2 0.2 0 17.2 0.2 43.800000000000004 1.8 0 0.4 0.4 0 0 0 19.8 0 0 0 0.4 1 0 0.2 0.4 0.8 0 1.8 0 0 0.4 0 0.8 0 0 0.8 0.2 0.4 0.6000000000000001 0 0 0 0.4 1.4000000000000001 0.6000000000000001 0 0 0 0 0 0 4 0 3.4000000000000004 0 8.4 0 3.4000000000000004 2.8000000000000003 3 5.800000000000001 0 0 0 0 0 2 1.6 0 0 8.4 3 2.8000000000000003 0 0 1.4000000000000001 3.4000000000000004 4 1.6 0 0 2.8000000000000003 0 2.6 0 2.2 0.4 0 1 3.4000000000000004 0 0 0 0 0 0 0 0 0 0 0 0 0 0 0 0 0 3.4000000000000004 0 0 0 0 0 0 0 0 0 0 0 0 0 0 0 0 0 0 0 0 0 0 0 0.8 0 0 4.4 0.8 2.6 2.4000000000000004 2.2 3.2 0 0 0 0.8 0.8 3.4000000000000004 2 3.6 0 0 6 0 7 0 0 0 10.200000000000001 0 0 2.2 1 1.2000000000000002 4.2 5 2 4.2 0 0 0 5.6000000000000005 0 0 0 0 0 0 0 0 0 0 0 0 0 0 0 0 0 0 0 0 0 0 0 0 0 0 0 0 2.2 0 0 0 0 0 0 0 0 0 0 0 0 0 3.6 0 0 0 0.2 0 1 0.2 0 0.6000000000000001 0 0 0 0 0.2 0 0 0 0.6000000000000001 0 0 0 0 0 0 0 0 0 0 0 0 0 0 6.2 0.2 5.2 0 0 0 1.6 0 0 0 0 0 0 0 0 
 29 57.800000000000004 11 20.200000000000003 13 45.800000000000004 0 35.800000000000004 72.8 64.4 9.4 29.400000000000002 55.400000000000006 52.400000000000006 42.400000000000006 20.8 8.4 23.400000000000002 12.8 40.400000000000006 0.4 0.4 0 0 0 0.2 0 0 0.6000000000000001 0 0.4 0 0.4 1.4000000000000001 0.2 0 1 0 0 8.6 0 0 0.4 0 0 0 0 0 0 0 1 1.4000000000000001 0 0 0 0.6000000000000001 0.4 0.4 14.200000000000001 0 0.4 0 0 0 0 0.6000000000000001 0 0.4 0.6000000000000001 0 0 0 0 0 0.6000000000000001 0 0 0 0 0 7 7 4.6000000000000005 0 0 0.2 2.2 6.2 6.800000000000001 2 0 5 4.4 6.2 0.2 4 8.8 0 1.6 3.4000000000000004 0 0 0 0 0.2 0 0 0 0 0 0 0 0 0 0 0 0 0 0 0 0 0 0 0 0 0 0 0 0 0 0 0 0 0 0 0 0.2 0 0 0 0.2 0 0 0 0 0 0 0 0 0 0 0.4 0 0 0 0 0 0 0 0 2.6 4.6000000000000005 5.4 3.2 0 0.8 2.2 4 0.2 0 0.6000000000000001 2.6 10.200000000000001 4.2 0 5.6000000000000005 3.2 0 0 8.6 0 0 0 0 0 0 0 0 0 0 0 0 0 0 0 0 0 0 0 0 0 0 0 0 0 0 0 0 0 0 0 0 0 0 0 0 0 0 0 0 0 0 0 0 0 0 0 0 0 0 0 0 0 0 0 0 0 0 0 0 0 1.4000000000000001 0 0 0 0 0.2 0 0.2 0 0 1.6 9.4 0 0 0 0 0 0 0 0 0 0 0 0 0 0 0 0 0 0 0 0 0 0 0 0 0 0 0 0 0 0 0 0 0 0 2.6 0 0 
 36.800000000000004 52.6 114 34.6 34.4 11.600000000000001 35.800000000000004 0 55.2 9.200000000000001 26.200000000000003 23 32 41.800000000000004 35 43.2 10.600000000000001 23.8 11.600000000000001 25.200000000000003 0.4 1 0 0 0.2 0.2 9.8 0 0.8 0.2 0.8 0.2 0.8 0 0 0 0.6000000000000001 0 0.6000000000000001 0.2 0 0 0 0 0 0 0.6000000000000001 0 0 0 0 0.8 0 0 0 0.6000000000000001 8.4 0.6000000000000001 0 0 2.4000000000000004 0 0 0 0 0 0 0.4 0.6000000000000001 0 0 0 0.4 0 0.4 0 0 0.6000000000000001 0 0.6000000000000001 2.6 3.8000000000000003 3.2 8.6 0.2 3.8000000000000003 2.8000000000000003 3.8000000000000003 3 5.4 0.2 6 0 5.4 2.4000000000000004 3.4000000000000004 5.2 0.4 3 0 0 0.2 0 0 0.2 0.2 0 0 0 0 0 0 1.8 0.4 0 0 0 0 5.2 3.8000000000000003 0 0 0 0.2 0 0 0 0 0 0 0 0 0 0 0 0 0 0.4 0.6000000000000001 0 0.4 0 0 0 0 0.4 0 0 0 0 0 0 0 0 0 0 0.6000000000000001 0 0 0 3.2 1 0 0 2.4000000000000004 0 2.2 2.8000000000000003 0 0.2 6.2 3.6 0.6000000000000001 3.2 4.800000000000001 5 0 10 0 0 0 0 0 0 0 0 3.8000000000000003 0 0 0.2 0 0 0.2 0.2 2.2 0 0.4 0 0 0 0.2 2.2 0 0 0 0 0 0 0 0 0.2 0 0 1.8 0 0 0 0 0 0 0 0 0 0 0 0 0 0 0 0 0 0 0 0 0 0 0 0 0 0 0 0 0 0 0 0 8.4 0 0.4 0 0 4 0.4 0 0 0 0 0 12 0 0 0 2.6 0 0 0 0.4 0 0 0 0 0 0 0 0 2 0.2 0 0 0 0 0 0 0 0 0 0 0 0 0 
 10.8 25 11 14.600000000000001 17.400000000000002 10.8 72.8 55.2 0 32.800000000000004 38 10.4 21.400000000000002 51.800000000000004 44.2 33.6 90.2 26.200000000000003 23.6 11 0.4 0.4 0 0 0 14.4 0 0 0.6000000000000001 0.2 0.4 0 0.4 0 0 0 0.6000000000000001 0 0 0.4 0 0 0.6000000000000001 0 0 0.6000000000000001 1.2000000000000002 0 0 0 0 1 0 0 0 0.6000000000000001 0.4 0.6000000000000001 0 0 0.6000000000000001 0 0 0 0 0 0 22 0.6000000000000001 0 0 0 0 0 0.6000000000000001 0 0 0 0.2 0 1.8 7.6000000000000005 2.8000000000000003 6.2 5.6000000000000005 0 0.2 2.4000000000000004 11.4 0 0.8 1.8 2.8000000000000003 2.8000000000000003 0 4.4 1.4000000000000001 4.800000000000001 0 0 0 0 0 0 0 0 0 0 0 0 0 0 4 0 0.2 0 0 0 0 0 0 0.2 0 0 0 0 0 0 0 0 0 0 0 0 0 0.2 0 0 2 0 0 0 0 0 0 0 0 0.4 0 0 0 0 0 0 0 0 0 0 0 0.2 2.2 2.4000000000000004 2 0 1.2000000000000002 0 0 5.6000000000000005 2.6 2.8000000000000003 6.2 3.2 9.200000000000001 6.800000000000001 5.800000000000001 0 10.600000000000001 3 0.2 4 0 0 0 0 0 0 0.2 2.8000000000000003 0 0 0 0 1.8 0 0 0 0 0 0 0 0 0 0 0 0 0 0 0 0.4 0 0 0 0 0 0 0 0 0 0.2 0 0 0 0 0 0 0 0 3.8000000000000003 0 0 0 0 0 0 0 0 0 0 0 0 0 0 0 0 0 0 17.400000000000002 0 10.600000000000001 8.200000000000001 0.2 1.8 0 0 0 0 0 0 0 0 0 0 0 0 0 0 0 0 0 0 0 0 0 0 0 0 0 0 0 0 0 0 0 0 0 0 0 0 0 0 
 9.200000000000001 9.200000000000001 35.800000000000004 82.80000000000001 35.2 30.8 64.4 9.200000000000001 32.800000000000004 0 70.2 100.4 56 20 14.4 59.800000000000004 72.8 29.400000000000002 16.6 13.8 22.200000000000003 0.4 3.8000000000000003 0 0.2 0 14.8 14.8 2.4000000000000004 23 0.8 0 4.6000000000000005 15.200000000000001 14.600000000000001 0 0.6000000000000001 0 14.600000000000001 0.2 0 0 0.2 0 0 0 0 0 0 0 0 0.8 0 0 0 0.6000000000000001 0 0.4 0 0 0 0 8.200000000000001 1 8.8 0.6000000000000001 0 0.4 0.6000000000000001 0 0 0 10.200000000000001 8.4 0.6000000000000001 0 0 0.2 0 0.4 0 0 0 0.6000000000000001 3.2 9.600000000000001 0 0.2 0 1.4000000000000001 12.4 3.6 0 0 0 3.8000000000000003 1.8 4.800000000000001 0 0 4.2 5 3 0 0.2 0 3 1.8 0 0 0.4 0 7 5.6000000000000005 4 1.8 0.6000000000000001 0 4.6000000000000005 0 0 0 0 6 0 0 0 0 0 0 0 0 0 0 0 0 0 0 0 0 0 0 0 0 0 0 0 0 0 0 0 0 0 0 0 0 1.6 0 0 0 0.2 0 1.6 7.2 4.4 6.6000000000000005 0 0 6 0 13 0.4 0 0 0.2 0 1.4000000000000001 1 0 0 1.2000000000000002 0 0 0 0 0 3.2 0 0 0 0 0 5.800000000000001 4.4 0.2 2 0.2 0 3.6 3.4000000000000004 0 0 0 0 0 0 0 0 0 0 0 0 0 0 0 0 0 0 0 0 0 0 0.2 0 0 0 0 0 0 0 0.2 0 0 0 0 0 0 0 0 0 0 0 0 0 0 0.6000000000000001 18.2 0 0.4 34.800000000000004 2.2 2.8000000000000003 0 0 0.4 0 0 0 0 0 0 0 0 0 0 0 2.2 0 0 0 0 0 0 0 0 0 7.2 2.6 0 0 0 0 0 0 0 0 0 0 0 0 
 48.6 8.200000000000001 10.8 53.400000000000006 27.400000000000002 15 9.4 26.200000000000003 38 70.2 0 10 5.800000000000001 47.2 32 19 42.6 64 20.6 16.8 16.2 1 0 0 0.4 0.4 0.6000000000000001 0 0.4 0.2 1.6 0 15 0.8 0 1.4000000000000001 0.6000000000000001 15.600000000000001 0.4 27.400000000000002 0 0 0.2 0 0.2 0.8 1.2000000000000002 0 0 0 0 1.6 0 0 0 0.8 1 0.2 0.4 0 0 0.2 6.4 11.4 0 0 0 0.6000000000000001 0.6000000000000001 7.6000000000000005 0 0 0 0 0.4 0 1.2000000000000002 0.4 0 1.4000000000000001 0.2 7.2 5.800000000000001 8.4 11.4 7 2.4000000000000004 0.4 4.2 0.4 11 7.800000000000001 0 1.4000000000000001 1.8 2.8000000000000003 1.2000000000000002 6.6000000000000005 0 0 0 5.4 1.4000000000000001 0 0.4 0 1.8 0 0 0 0 0 2.2 7 4.4 0 0 3.6 0 2.2 0 0 0 0 0 0 0 0 0 0 0 0 0 0 0 0 0 0.2 1.4000000000000001 2 0.2 0 0 0 0 0.2 0 0 0 0 0 0.2 0 0 0 0 0 0 0 0 0 2.2 0 3.4000000000000004 0.8 4.2 0 8 0 2 3.4000000000000004 7.6000000000000005 1 1.6 6.800000000000001 0 5.800000000000001 12.600000000000001 0 0 0 2.4000000000000004 0 0 0 0 2.4000000000000004 6.4 4.800000000000001 0.4 0 0 5.800000000000001 4.800000000000001 0 2.2 0 0 0 6 0 0 0.2 0 0 0.4 0 0 0 0 0.4 0 0 0 0 0 0 0 0 0 0 0 0 0 0 0 0 0 0 0 0 0 0 0 0 0.4 4.4 0 0 0 0 0 0 0 0 0 0 0.2 11.4 2.4000000000000004 0 2.4000000000000004 0 0 0 0 0 0 0 0.2 0 0 0 0 0 0 0.2 0 0 0 0 0 0 0 0 1.2000000000000002 0 0 0 0 0 0 0 0 0 0 0 0 0 0 
 24 9.600000000000001 28 31 28.400000000000002 29.400000000000002 29.400000000000002 23 10.4 100.4 10 0 48.6 33 9 27.6 14.600000000000001 14.200000000000001 5.800000000000001 6.800000000000001 15.4 0.4 1 0 0 0 15.600000000000001 4.4 0.6000000000000001 0.6000000000000001 0.4 1 15.200000000000001 22.6 14.8 0 0.6000000000000001 0 7.2 0.4 0 0 0.6000000000000001 0 0.8 0 0.4 0 0.6000000000000001 0 0 0.8 0 0 1 13.600000000000001 14.600000000000001 0.6000000000000001 0 0 1.2000000000000002 0 0 0.2 0.6000000000000001 0.2 0 0.4 0.6000000000000001 0.6000000000000001 0.6000000000000001 1 1 0 6.800000000000001 0 0.6000000000000001 0.4 0 1.6 2.8000000000000003 0 0.2 2.2 2.2 5 0 0 0.6000000000000001 0 2.6 0.2 0 0 0 3.2 2 0 0 0 2.8000000000000003 2.8000000000000003 2.8000000000000003 0 0 0 0 0 0 0 0 0 2.8000000000000003 3 0 2.2 1.6 0 4 0 0 0.2 0.4 0 0 0 0 0 0 0 0 0 0.4 1.4000000000000001 0 0 1.2000000000000002 0 0 0 0 0 0 0 0 0 0 0 0 0 0 0 0.4 0 0 0 0.8 0 0 0 0.2 0.2 0 0 0.4 3 0 0 0.2 0.6000000000000001 3.8000000000000003 4.4 0.2 0 1.8 0 0 2.2 0.4 0 2 0 0 0 0 0 5.2 2 0 0 0 0 2.6 0.2 0 0 0 0 2.8000000000000003 0.2 0 0 0 0 0 0 0 0.4 0 0.2 0 0 0.2 0 0 0 0.2 0 0 0 0 0 0 0 0 0 0 0 0 0 0.4 0 0 0 0 0 0 0 0 0 0 0 0 0 0 0.4 17 0 0.8 0.4 1.8 2.4000000000000004 0 0 0 0 0 0 0 0 0 0 0 0 0 0 0 0 0 0 0 0 0 0 0 0.2 6.2 0 0 0 0 0 0 0 0 0 0 0 0 0.4 
 44 5.4 12.600000000000001 11.200000000000001 74 10.600000000000001 55.400000000000006 32 21.400000000000002 56 5.800000000000001 48.6 0 38 11 23.6 72.2 8.200000000000001 39.400000000000006 52.2 0.4 1 0 0 0 16.400000000000002 1.4000000000000001 0 0.6000000000000001 0 0.4 1 0.4 0 0 0 0.6000000000000001 0 0 0.2 0.4 0 0.6000000000000001 0 0 0 0 0 0 0 0 0.6000000000000001 0 0 0 0.6000000000000001 0 0.6000000000000001 7.2 0 0.6000000000000001 0 0 0 0 0 0 0.4 0.6000000000000001 0 0 8.6 0.4 0 0.6000000000000001 0 0 0 0 0 7.2 6.2 0 0 0 4.2 8.4 4.800000000000001 0 0.8 1.4000000000000001 5.2 0 0 0 4.6000000000000005 6.6000000000000005 0 8.6 4.2 0 0 0 0 0 0 0 0 0 0 0 0 0.2 0 0 0 0 0 0.2 2.6 0 0 0 0 0 0 0 0 0 0 0 0 0 0 0 0 0 0 0 0 0 0 0 0 0 0 0 0 0 0 0 0 0.2 0 0 0 0 0 0 0 1.2000000000000002 3.4000000000000004 3.8000000000000003 0 0 0 4.2 0 7.6000000000000005 0 1 1.6 5 0 0 5.6000000000000005 0.2 2.6 6.6000000000000005 2.2 0 0 0.6000000000000001 0 0 0 0 0 0 0 0 0.2 0 0 0 0 0 0 0 0 0 0 0 0 0 0 0 0 0 0 0 0 0.2 0 0 0.2 0 0 0 0 0 0 0 0 5.2 0 0 0 0 0 0 0 0 0 0 0 0 0 0 0 0 0 0 0 0 0.4 0.2 0 0.4 0 0.4 0.4 3.8000000000000003 0 0.4 0 0 0 0 0 0 0 0 0 0 0 0 0 0 0 0 0 0 0 0 0 0 0 0 0 0 0 0 0 0 0 0 0 0 0 
 53.800000000000004 35.2 14.8 56.2 39 8 52.400000000000006 41.800000000000004 51.800000000000004 20 47.2 33 38 0 33.6 7.6000000000000005 41.2 22 31.200000000000003 21.8 0.4 41 0.4 0.2 0 0 0 0 1 1 0.4 0 0.4 0 1.2000000000000002 0.8 0.6000000000000001 0 0 0.2 0 0 0.2 0 1 0 0.6000000000000001 0 0 0 0 1 0 0 0 0.6000000000000001 8.4 0.2 0 0 0 0 0.6000000000000001 0 0.6000000000000001 0.6000000000000001 0 0.4 0.6000000000000001 0 0.2 0.4 0 0 11 0.4 0 0.8 0 0.6000000000000001 2.4000000000000004 15.600000000000001 0 6.6000000000000005 0.4 0 3 3.2 5.6000000000000005 2.4000000000000004 2.6 0.6000000000000001 4.800000000000001 1.4000000000000001 1.6 7.800000000000001 0 4.800000000000001 0 12.4 0 0 0 0 0 0 0 0 0 0 0 0 0 0 0.2 0.2 0 0 3 2 0 0.4 0 0 0 0 0 0 0 0 0.2 0 0 0 0 0.2 0 0 1.6 0 0 0 0 0 0 0 0 0.2 0 3.4000000000000004 0 0 0 0 0 0 0.4 0 0 0 2.2 6.4 0 0 0 0 0 0 4.2 0 0.4 1.8 5.2 5.800000000000001 1.2000000000000002 0.2 1.6 4 0 3 0 0 0 0 0 0 2.6 0 0 0 0 0 0 0 3 0 0 4.6000000000000005 3.8000000000000003 0 0 0 0 0 0 0 0 0 3 0 0 0 0 1.6 0 0 0.2 0 0 0 0 0 0 0 0 0 0 0 0 0 0 0 0 0 0 0 0 0 0 0 0 0 0 0 0 0.4 0.6000000000000001 0 17.6 0 0 1.2000000000000002 3.6 0 0 0 0 0 0 0 0.2 0 0.6000000000000001 0 0 0 0 0 0 0 0 0 0 0 0 0 0 0 0 0 0 0 0 0 0 0 0 0 0 0 
 82.80000000000001 94 53 15.200000000000001 62.2 28 42.400000000000006 35 44.2 14.4 32 9 11 33.6 0 33.2 27.400000000000002 66.8 67 34.6 0.4 0.4 0 0 0 0.4 0.4 0 0.4 0.2 0.4 0 0.4 0.4 0 0 0.6000000000000001 0 0 0.8 0 0 0.2 0 0 0 0 0 0 0 0 1 0 0 0 0.6000000000000001 0 0.2 0 0 6.6000000000000005 0 0 0 0 0 0 0.4 0.6000000000000001 0 0 0 0 0 0.4 0 0 0.4 0 0.6000000000000001 0.2 4.2 8 0 0 0 0 4.2 12.8 0 1.4000000000000001 7.4 2.8000000000000003 11 1.2000000000000002 2.8000000000000003 2.8000000000000003 5 0.2 3 0 0 0 0 5.2 0 0 0 0 0 0 0 0 0 0 0 0 0 0 0 0 6.4 0 0 0 0 0 0 0 0 0 0 0 0 0 0 0 0 1.8 0 0 0 0 0 2.4000000000000004 0 0 0 0 0 0 0 0 0 0 0 0 0 0 0 0 5.4 0 2 0.2 0.8 0.2 0 2 0.6000000000000001 3.2 5.4 13.200000000000001 0 2 2.2 4.4 0.2 3 0 0 0 0 0 0 0 1.8 3 0 0 0 0 3.4000000000000004 0 0 0 0 0 0 0 0 0 0 0 0 0 0 0 0 0 0 0 0 0 0 0 0 0 0 0 0 0 0 0 0 0 0 0 0 0 0 0 0 0 0 0 0 0 0 0 0 2 0 0 0 0 17.8 0 26.200000000000003 0.8 0.6000000000000001 2.8000000000000003 0 0 0 0 0 0 0 0 0 0 2.4000000000000004 0 0 0 0 0 0 0 0 0 0 0 0 2.6 0 0 0 0 0 0 0 0.8 0 0 0 0 0 0 
 26.8 63 47 19.8 18.2 51.2 20.8 43.2 33.6 59.800000000000004 19 27.6 23.6 7.6000000000000005 33.2 0 77.2 37.800000000000004 51.2 9.4 15.4 0.4 0 0 0 0.2 0.6000000000000001 0 0.6000000000000001 0 0.8 0.4 16 0 0 0 0.6000000000000001 0 11.200000000000001 0.4 0 0 0.6000000000000001 0 0 1.8 2.6 0 0 0 0 0.6000000000000001 0 14 0 0.8 0.8 0.6000000000000001 0 0.4 0.6000000000000001 0 0 0 0 0 0 0.4 0.6000000000000001 0 0 0 0 0 0.6000000000000001 0 0 0 0 0 0.2 4.800000000000001 5.2 10 5.2 5.4 0 2.2 0.4 2.8000000000000003 13 1.8 0 0 0.4 4.6000000000000005 2.2 13 0 0 0 4.6000000000000005 0 0 0.4 0.2 0.2 7.4 0 0 0 0 2.2 5.800000000000001 0 0.2 0 0 2.8000000000000003 2 0 0 0 0.2 0 0 0 0 0 0 0 0 0 0 0 0 0 0.2 0 0 0.2 0 0 0 0 0.2 0 0 0 0 0 0.2 0 0 0 0 0 0 0 0 2.4000000000000004 6.800000000000001 0.2 0 2 0.2 2.6 0 14.8 5.4 8.200000000000001 0 0 0 4.4 2.4000000000000004 3.2 3.6 0 0 0 0 0 0 0 0 0.4 2.6 0 0.4 0 0 7.2 3.8000000000000003 0 0 0.4 0 0 0 0 0.2 0 0 0 0.4 0 0 0 0 0.4 0 2.6 0 0 0 0 0 0 0 0 0 0 0 0 0 0 0 0.2 0 0 0 0 0 0 0 0 0 0 0 0 0 0 0 0 0.4 17.400000000000002 0 0 1.6 2 1.4000000000000001 0.2 0 0 0 0 0 0 0 0 0 0 0 0 0 0.2 0 0 0 0 0 0 0 0 0 4 2 0 0 0 0 0 0 0 0 0 0 0 0 
 24.200000000000003 12.200000000000001 7.2 37.800000000000004 71.60000000000001 14.600000000000001 8.4 10.600000000000001 90.2 72.8 42.6 14.600000000000001 72.2 41.2 27.400000000000002 77.2 0 51.400000000000006 16.2 4.6000000000000005 0.4 0.4 0 0 0 0 0 0.2 0.6000000000000001 0 0.4 0 0.4 7.800000000000001 0 0 0.6000000000000001 0 0 0.4 0 0 0.4 0 12.200000000000001 3 2.4000000000000004 0 0 0 0.4 1 0 0.2 0.4 1.2000000000000002 2 0.4 0 0 0.2 0.8 0.4 0 0 1 0 0.4 0.6000000000000001 0 0 0 0 0.6000000000000001 0.6000000000000001 0 0 0 0 0.2 3.4000000000000004 5 6 13.4 8.8 0.2 0 3.4000000000000004 13.4 0.2 2.4000000000000004 2.2 0 1.2000000000000002 5.2 5.4 0.2 5.800000000000001 0.6000000000000001 1 0 0 0 0 0 0 0.2 0 0 0 0 0 0 0.4 0 0 0 0 0 2 0 0 0 0 0 0 0 0 0 0 0 0 0 0 0 0 0 0.4 2 0 0.4 0 0 0 0 0 0 0 0 0 0 0.4 0 0 0 0 0 0 0 0 0.2 4.4 0 0 0.4 0 0 4 0.8 3.4000000000000004 1.4000000000000001 4.800000000000001 1.8 0.2 11.200000000000001 0 4.800000000000001 5.6000000000000005 0 0 0 0 0 0 0 0 3 5.6000000000000005 0 0 0 0 2.8000000000000003 0 0 0 0 0 3 0.2 0 0 0 0 0 0.2 0 0 0 0 0 0 0 0 0 0 0 0 0 0 0 0 0 0 0 0 0 0 0.2 0 0 0 0 0 0 0 0 0 0 0 0 0 0 0 0 0.2 0 0.2 9.4 4.2 0.2 3 0 0 0 0 0 0 0 0 0 0 0 0 0 0 0.4 0 0 0 0 0 0 0 0 0 0 0 0 0 0 0 0 0 0 0 0 0 0 0 
 43 27 23 35.800000000000004 11.600000000000001 8 23.400000000000002 23.8 26.200000000000003 29.400000000000002 64 14.200000000000001 8.200000000000001 22 66.8 37.800000000000004 51.400000000000006 0 42 53.800000000000004 15.8 0.6000000000000001 0 0 0 0 0 0 0.4 0.2 0.4 0 0.4 0 0 0 0.6000000000000001 0 15.600000000000001 0.4 0 0 0.2 0 0 0 0 13 0 0 0 1 0 0 0 0.6000000000000001 0 0.2 0 0 0 10.200000000000001 8.4 1.2000000000000002 0 0 0 0.4 0.6000000000000001 0 0 0 0 0 0.4 0 0 0.4 0 0.6000000000000001 0 2 10.600000000000001 9.4 5.6000000000000005 0 0.2 3.8000000000000003 2.8000000000000003 5 1.2000000000000002 4.800000000000001 0 3.6 0 9.4 0 10.8 0 6 0 1.2000000000000002 4 0 0 0 0 2 0 0 0 0 2.8000000000000003 5 1.2000000000000002 0.4 0 0 0 0 0 0.2 0 0 0 0 0 0 0 0 0.4 0 0 0 0 0.4 0 0 3 0 0 0 0 0 0 0 0 0 0 0 0 0 0 5 0 0 0 0 3.8000000000000003 1.8 0 0.4 0 6.4 1 4.6000000000000005 0 0 0.4 0 1.2000000000000002 5.6000000000000005 2 0 0 2.6 6 1.6 2.8000000000000003 0 0 0 0 0 1.4000000000000001 0 4.2 6.800000000000001 0 0 0 0 0 0 0 0.6000000000000001 0 0 0 3.6 0 0 0 0 0 0 0 0 0.4 0 0 0 0 0 0 0 0 0 0.4 0 0 0 0 0 0 0 0 0 0 0 0 0 0 0 0 0.4 0 0 0 0 0 1.2000000000000002 0 0 0 1 1.6 0 17.2 32.4 0.2 2.6 0 0 0 0 0 0 0 0 0 0 2.2 0 0 0 0 0 0 0 0 0 0 0 0 2.6 0 3.6 0 0 0 0 0 2.4000000000000004 0 0 0 0 0 0 
 68.4 53.2 8.4 27.6 52.800000000000004 7.4 12.8 11.600000000000001 23.6 16.6 20.6 5.800000000000001 39.400000000000006 31.200000000000003 67 51.2 16.2 42 0 13.200000000000001 0.4 0.4 0 0 0 0 0 0 0.4 0.2 0.4 0 0.4 0 0 0 0.6000000000000001 0 0 0.4 0 0 0.2 0 0 0 0 0 0 0 0 1 0 0 0 0.6000000000000001 0 0.2 0 0 0 0 0 0 0 0 0 0.4 0.6000000000000001 0 0 0 0 0 0.4 0 0 0.4 0 0.6000000000000001 0.2 2.6 5.2 0 0 0 0.4 2.4000000000000004 13.4 0 0 1.8 0 3.2 0.8 0 0 2.2 0 0 0 0 0 0 0 0 0 0 0 0 0 0 0 0 0 0 0 0 0 0 0 0.4 0 0 0 0 0 0 3.2 0 0.2 0 0 0 0 0.2 0 0 2 0 0 0 0 0 0 0 0 0 0 0 0 0 0 0 0 0 0 0 0 0 0 2.4000000000000004 0 0 0 0 0 3.4000000000000004 0.2 0 4.4 3.2 7.4 0 3 0 5.4 1.8 6.6000000000000005 0.4 0 0 0 0 0 0 0 0 0 0 0 0 0 0 0 0 0 0 0 0 0 0 0 0 6 0 0 0 0.2 0 0 0 0 0 0 0 0 0 0.2 0 0 0 0 0 0 0 0 0 0 0 0 0 0 0 0 0.4 0 0 0 0 0 0 0 0 0 0 0 0.4 8.4 0 0.2 0.6000000000000001 0 0 0 0 0 0 0 0 0 0 0 0 0 0 0 0 0 0 0 0 0 0 0 0 0 0 0 0 0 0 0 0 0 0 0 0 0 0 
 41.800000000000004 28.8 7.800000000000001 13.4 12 5.2 40.400000000000006 25.200000000000003 11 13.8 16.8 6.800000000000001 52.2 21.8 34.6 9.4 4.6000000000000005 53.800000000000004 13.200000000000001 0 0 0.6000000000000001 0.4 0 0.2 0 0 0 0 0 0 0 0 0 0 0.2 0 0.4 0 0.4 0 0 0.6000000000000001 0 1 0 0 12.600000000000001 0 0.6000000000000001 0 0 0 0 0.2 0 0 0.6000000000000001 6.800000000000001 0 0 0.4 0.4 0 0 0.2 0 0 9.4 0 0 0 0 0 0 0 0 0 0 0 0 2.4000000000000004 9 0 0 0 5.2 12.8 0.2 2 0 2.2 1.2000000000000002 1.6 0 5.6000000000000005 3.6 0 2.6 6.2 0 0 0 0 0 0 0 0 0 0 0 0 0 0 0 0 0 0 0 0 0 0 0 0 0 0 0 1.2000000000000002 0 0 0 0 0 0 0 0 0 0 0 0 0 0 0 0 3.6 0 0 0 0 0 0 0 0 0 0 6.2 0 0 0 0 2.4000000000000004 0 7.4 4 0 0 0 0 4.4 0 0 0 0 0.2 0 5 0.2 0 0 4.2 0 0 0 0 0 0 0 0 0 0 0 0 0 0 0 0 0 0 0 0 0 0 0 0 0 0 0 0 0 0 0 0 0 0 0 0 0 0 0 0 0 0 0 0 0 0 0 0 0 0 0 0 0 0 0 0 0 0 0 0 0 1.2000000000000002 0 0 0 0 0 0 0.6000000000000001 0 0.4 0.6000000000000001 0 0 0.2 0 0 0 0 0 0 0 2 0 0 0 0.2 0 0 0 0 0 0 0 0 0 0 0 0 0 0 0 0 0 0 0 0 0 0 0 
 0.4 0.4 0.4 0.4 16.2 15.4 0.4 0.4 0.4 22.200000000000003 16.2 15.4 0.4 0.4 0.4 15.4 0.4 15.8 0.4 0 0 55.6 24.8 26 7.800000000000001 7 26.400000000000002 23.200000000000003 8.6 8.8 18.400000000000002 53.6 38 19 46 12.4 26 23 81.60000000000001 8.200000000000001 0 0.2 0 0 0 0 0 0 0 0 0.2 0.4 0 0.6000000000000001 0 0 0 0.6000000000000001 0 0 0 0 0 1.6 0.4 0 0.4 0 0 0 0 0 0.6000000000000001 0 0 0 8.200000000000001 0 0 0 0 0 0 0 2.8000000000000003 2.4000000000000004 0 0 0 2.8000000000000003 3.2 10 0 0 0 0 0 0 0 0 1.2000000000000002 8.6 9.8 5.800000000000001 0 0 0 9 5.800000000000001 10.4 3.2 0.2 2.2 20 7.6000000000000005 0 0 6.2 0.2 1.2000000000000002 0 0 0 0 0 0.4 0.2 0 0 0 0 0 0 0 0.2 0 0 0 2.8000000000000003 0 0 0 0 0 0 0 0 0 0 0 0 0 0 0 0 0 0 0 0 0 0 0 0 2.8000000000000003 0 7 0 0 2.6 0 3.4000000000000004 2.4000000000000004 0 1.2000000000000002 0 0.4 2.4000000000000004 0 0 0 0 0.6000000000000001 0 2.8000000000000003 0 0 2 9.200000000000001 0 2.8000000000000003 7 0 1 4 1 6 0 0.2 2 3.8000000000000003 2 0 0 0 0 0 0 0 0 0 0 0 0 0 0 0 0 0 0.2 0 0 0 0 0 0 0 0 3 0 0 0 0 0.4 0 0 0 0 0 0 0 0 0 0 0 0 0 0 0 0 0 0 0 0 0 1.4000000000000001 0 0.4 0 0 0 6.2 0.2 0 0 0 0 0 0 0 0 0 0 0 0 0 0 0 3.2 0 0 0 0 0 0 0 0 0 0 0 0 
 0.4 0.4 0.4 0.4 0.4 5 0.4 1 0.4 0.4 1 0.4 1 41 0.4 0.4 0.4 0.6000000000000001 0.4 0.6000000000000001 55.6 0 95.4 47.800000000000004 24.8 35.800000000000004 16.2 14.600000000000001 66.4 11.600000000000001 40.800000000000004 20.200000000000003 14.600000000000001 26.6 9.8 31 85.2 19.6 18.6 5.4 1 0.4 0 4.6000000000000005 0 0 0 0 0 0 0 0 5 0.4 0 0.2 0 4.4 17.400000000000002 0 0 0 0 0.6000000000000001 0.8 0 0.6000000000000001 0.4 0 0 0 0 0.8 0 0 0.2 0.8 0 0 0 0 0 0 0 0 0 0 0 0 0 0 0 0 0 0 0 0 0 0 0 7.2 0 11.600000000000001 5.4 3 2.8000000000000003 2.6 10.200000000000001 1.6 6.800000000000001 6 0 0 2.2 0 0 0 3.6 0 0.6000000000000001 0 0 0 0 0 0 1.8 0 0 0 0 0 2 4.6000000000000005 0 0 0 0 0.2 0.2 0 0 0 0 0 0 0 0.2 0 0 0 0.2 0 0 0 0 0 0 0 1.4000000000000001 0.2 0 0 0.2 0 0 0 0 0 0.2 0 0 0 1.4000000000000001 0 0 0 0 0 0 6.6000000000000005 2.8000000000000003 21.6 0.6000000000000001 0 7.800000000000001 3.2 1.6 0 4.2 9.4 2.4000000000000004 0 2.8000000000000003 2.8000000000000003 8.8 0.4 3.6 0 2.8000000000000003 2 0 0 0 0 2.6 2 0 0 0 0.2 0 1.8 0 0 0 0 0 0.2 4.800000000000001 0 0 0 0 0 0 0 0 0 0 0 0 0 0 0 0 0 0 0 0 0 0 0 0 0 0 0 0 14.4 0 0 0 0 0 1.6 0 0.8 9.200000000000001 0 0 1.4000000000000001 0 0 0 0 12.8 0 0 0 0 0 0 0 0 0 0 0 0 0 0 0 2.6 0 0 0 2.6 0 0 0 0 
 0 0.8 0 0 15.200000000000001 15 0 0 0 3.8000000000000003 0 1 0 0.4 0 0 0 0 0 0.4 24.8 95.4 0 46.2 55.6 23.8 16.8 61.800000000000004 66.2 55.6 19.200000000000003 5.6000000000000005 77.4 18.2 44.6 10.4 26.8 39.800000000000004 38.400000000000006 12.200000000000001 0 0.4 0 41.400000000000006 0 1 0.4 0 0 0 0 0.4 0 0.4 0 0 0 1 0 0 0 0 0 0.6000000000000001 1.4000000000000001 0 0.6000000000000001 0 0 0 0 0 1 0 0 0.4 0 1 0 0 0 0 0 0 0 0.2 0 0 0 0 0 0 0 0 0 0 0 0 0 0 4.800000000000001 2.2 4.2 8.200000000000001 0 0 0 10.4 13.600000000000001 5.2 5.4 0 0 6.4 0 3 2 3.4000000000000004 0 1.8 0 0 0 0 0 0 0 0 0 0 0 0 0 0 2 0 0 0 3.2 0 1 0 0 0 0.4 0 0 0 0 0 0 0 0 0 0 0 0 0 0 0.2 0 0 1.4000000000000001 0 0 0 0 0 0 0 0 2.4000000000000004 0 1.2000000000000002 0 0 0 0 0 0 2 0.4 1.8 20 2 1.2000000000000002 2.8000000000000003 1.6 0 2.2 8.8 0 0 0 0.2 4.4 2.2 5.800000000000001 2 0 5.2 0 0 0 0 0 4 0 0 0 0 0 0 0 0 0 0 0 0 0 0 0 0 0 0 0 0 0 0 0 0 0 0 6.6000000000000005 0 0 0 0 0 0 0 0 0 0 0 0 0 0 0 0 0 0 0 0 1.6 0.2 0 15.600000000000001 0 0 2.2 0.4 0 0 0 0 2.8000000000000003 0 0 0 0 0 0 0 0 0 0 0 0 0 0 0 0 0 0 0 2.2 0 0 0 
 0 0 0 0.6000000000000001 0 0.2 0 0 0 0 0 0 0 0.2 0 0 0 0 0 0 26 47.800000000000004 46.2 0 76.4 27.200000000000003 35.6 12 32.6 36.6 43 74.8 17.2 37.4 12 25.8 63.2 71.4 15.4 55.400000000000006 0 0.4 0 0 0 0 4.800000000000001 0 0 0 0 0.4 0.2 0.6000000000000001 0.2 0.4 0 0 0 0.2 0 0 0 0.4 0.6000000000000001 0 0.6000000000000001 0 0 0 0 0 0.6000000000000001 0 0.8 0 0 0 0 0 0 0 0 0 0 0 0 0 0 0 0 0 0 0 0 0 0 0 0 0 2.6 0 2.4000000000000004 0 10.200000000000001 4.4 2.2 2.2 2.4000000000000004 6.6000000000000005 2.2 4 0 0.2 0.2 0 0 3.8000000000000003 0 0 0 1.8 0 2.4000000000000004 0 0 8.4 2.2 0 0 0 0 2.6 6.4 1.6 0 0 2.4000000000000004 3 0.2 0 0 0 0 0 0.4 0 0 0 0 0 1.4000000000000001 0 0 0 0 0 0.4 0 0 0 0 0 0 0 0 0 0 0 0 0 0 0 0.8 0 0 0 0 0 0 2.2 4.4 4.4 3.2 5.4 2.6 2.6 0 4 19.400000000000002 0.4 4.800000000000001 0 0 1.4000000000000001 2.6 2.4000000000000004 1 3.2 0 7 4.2 0 0 0 0 2 6.6000000000000005 0 2.6 0 0 0.8 2.8000000000000003 0 1.6 2.4000000000000004 0 6 4 0 2 0.2 0 0 0 0 0 0 0 0 0 0 0 0 0 0 0 0 0 0 0 0 0 0 0 0 0 0 0 0 0 0 0 1.2000000000000002 0.4 0 0.6000000000000001 0 0.6000000000000001 0.6000000000000001 0 0 0 0 0 0 0 0 0 0 0 0 0 0 0 0 0 0 0 0 0 0 0 0 0 0 0 0 0 
 0 0 41 0 0 0 0 0.2 0 0.2 0.4 0 0 0 0 0 0 0 0 0.2 7.800000000000001 24.8 55.6 76.4 0 67.60000000000001 8.6 19 18.8 85.4 27 37.800000000000004 13.8 14 10.600000000000001 31.400000000000002 11 13.600000000000001 54.800000000000004 17.2 0 11.600000000000001 0 1.4000000000000001 0.2 0 25.6 0 0 0 0 0.8 31 0.2 22.400000000000002 0 0 0 23.200000000000003 38.400000000000006 0 0.4 0 0.6000000000000001 0.6000000000000001 0.4 0.6000000000000001 0 0 0.4 0 0 0.6000000000000001 0 0 0.6000000000000001 0 0 0 0 0 0 0 0 0 0 0 0 0 0 0 0 0 0 0 0 0 0.2 0 0 0 0 2 1.6 0.2 0 0.2 0 0 0 2.8000000000000003 7.2 0 0 2.4000000000000004 0 0 0 0.2 0 3.8000000000000003 5.800000000000001 0.2 0 0 0 2.4000000000000004 0 0.8 0 0 0 20.8 5.6000000000000005 5.6000000000000005 1.6 3 0 3.8000000000000003 4.2 4.2 0 0 0 0 0 0 0 0 0 0 0 0 0 0 0 0 0 0 5.6000000000000005 0 0 0 0 0 0 2.4000000000000004 0 0 0 0 0 0 0 0 0.2 0 0 0 1 0 0.2 0 3 4.2 7.6000000000000005 0 0 2 2.6 2 8.6 0 0 0 0.6000000000000001 2.2 2.6 0 0 6.4 2.6 4 10 0 0 3 9.8 0.4 6.800000000000001 1.6 4.4 0 4.800000000000001 0 2.4000000000000004 2.6 0 5.2 1.8 0 0 0 0 0 0 0 0 0 0 0 2.2 0 0 0 0 0 0 0 0 0 0 0 0 0 0 0 0 0 0 0 0 0 0 1.8 0.2 0.6000000000000001 32.6 14.8 0 0.6000000000000001 0 0 0 0 0 0 0 0 0 0 0 0 0 0 0 0 0 0 0.4 0 2.6 0 0 0 0 0 0 0 0 
 0 0.4 0.4 0 0 0 0.2 0.2 14.4 0 0.4 0 16.400000000000002 0 0.4 0.2 0 0 0 0 7 35.800000000000004 23.8 27.200000000000003 67.60000000000001 0 47 50.800000000000004 7.800000000000001 15.4 78.60000000000001 16.400000000000002 22.200000000000003 105.2 66.60000000000001 57.6 52.2 43 50 11.4 13.200000000000001 20.6 0 0 0 0 7.6000000000000005 0 0 0 0.2 0.2 37.4 13.200000000000001 25.8 0 0 0.6000000000000001 24.8 24.400000000000002 0 0 0 0.4 0.6000000000000001 0 0.6000000000000001 0 0 0 0 10 0.6000000000000001 0 0.6000000000000001 0 0 0 0 0 0 0 0 0 0 0 0 0 0 0 0 0 0 0 0 0 0 0 0 0 2.6 0 3.6 3 2 0.2 0 2.6 0.2 9.600000000000001 3.2 4.800000000000001 0 0 0 4.6000000000000005 3 0 0 0 0 4 0 0 0 0 0.4 3.2 2.4000000000000004 0 0 0 4.800000000000001 5 0.4 0 2.6 0 0 0.2 1.2000000000000002 0 0.4 0 0.4 0 0 0 0 0 0 0 0 0 0 0.2 0.2 0 0 0.8 0 0 0 0 0 0 0 0 0 0 0 3.8000000000000003 0 0 0 0 0.6000000000000001 0 0 0.6000000000000001 0 0 3 2.8000000000000003 4.800000000000001 13.8 0 0.8 2.2 0.8 6.2 0 0 0 2.4000000000000004 2.4000000000000004 0 5.4 2.8000000000000003 0.4 6.4 0 5.800000000000001 0 0 0 0 8.200000000000001 0 4 0 0 0 7.4 0 2.2 1.8 0 2.4000000000000004 1.6 0 0.2 0 0 2.6 0.4 0 0 0 0 0 1.8 0 0 0 0 0 0 0 0 0 0 0.2 0 0 0 0 0 0 0 0 0 0 0 0 0.4 0 14.600000000000001 6.2 0.4 0.2 0 0 0 0 0 0 0 0 0 0 0 0 0 0 0 0 0 0 2.4000000000000004 0 5 0 0 0 0 0 0 0 0 
 0 0.4 0.4 8 14.600000000000001 5.6000000000000005 0 9.8 0 14.8 0.6000000000000001 15.600000000000001 1.4000000000000001 0 0.4 0.6000000000000001 0 0 0 0 26.400000000000002 16.2 16.8 35.6 8.6 47 0 19.6 41.6 10.200000000000001 22.8 15.8 27.200000000000003 16.6 69.2 31.400000000000002 95.2 53.6 70.8 28.200000000000003 0 0.4 0 0 0 0 0 0 0 0 0.2 0.4 0 0.4 0 0.2 0 5.2 0 0.4 0 0 0 0.4 0.6000000000000001 0 0.6000000000000001 0 0 0 0 0 0.6000000000000001 0 0 0 0 8.4 0 0 0 0 0 0 0 0.2 0 0 1.4000000000000001 0 3.8000000000000003 0 0 0 2.6 0 0 0 0 0 6.6000000000000005 0 2.4000000000000004 8.200000000000001 14.4 1.8 6.4 3.4000000000000004 4.6000000000000005 6 2 2.8000000000000003 0 0.6000000000000001 0 1 0.2 7.4 0.2 4.2 0.2 0 0 0 0 0 0 0 0 0 0 0 0 0 0 0 0 1.6 11.600000000000001 0 1.2000000000000002 0 0.4 0 3.4000000000000004 0 0 0 0 0 0 3 0 0 0 0 0 0 0 0 0.4 0 0 0 1.6 0 0.8 0 0 1.6 0 0.4 0 0.4 0 0.4 0 0.4 0 0.4 6.800000000000001 3 5.800000000000001 5.6000000000000005 2 4 3.8000000000000003 0 0.2 0 0 2.6 4.4 1.6 9 0.6000000000000001 0 0.8 2.4000000000000004 0.4 0 0.2 0 0 0 0 0 0 0 0 0 0 0 1.6 0 0 0 0 0 5.2 0 0 0 0 0 0 0 0 0 0 0 0 0.4 0 0 0 0 0 0 0 0 0 3 0 0 0 0 0 0 0 0 0 0 0 1.4000000000000001 0 0.2 0.6000000000000001 0 0 0 3 0 0 0 0 0 0 0 0 0 0 0 0 0 0 0 0 0 0 0 2 0 0 0 0 0 0 0 0 
 0 0 0 0 0 5.4 0 0 0 14.8 0 4.4 0 0 0 0 0.2 0 0 0 23.200000000000003 14.600000000000001 61.800000000000004 12 19 50.800000000000004 19.6 0 33.2 12 5.6000000000000005 48 32.2 29.8 8.8 20 30.400000000000002 9.8 29.400000000000002 34 0 0.2 0 0 0 0 0 0 0 0 0.2 0 0 0.6000000000000001 6.800000000000001 12.4 0 0 0 0 0 0 0 0.4 0.8 0 0.4 0 0 0 0 0 0.6000000000000001 0 0 0 0 0.6000000000000001 0 0 0 0 0 3.8000000000000003 13 6 0 0 0 4 0 0 0 0 0 2.6 0 0 0 0 1.2000000000000002 8.4 4.6000000000000005 0 0.6000000000000001 1.4000000000000001 0 4.4 10.600000000000001 0 0 2.2 6.6000000000000005 1.2000000000000002 4.4 4 10.8 2.4000000000000004 6.2 4.2 0 0 0.4 0.2 2 0 0 0 0 0 0 0.2 0 0 2 0 0 0 2.6 0 0 0 0 0 0 0 0 0 0 0 0 0 0 0 0 0 0 0 0 0 0 0.4 0 0 4 0.4 0 0 0 0 0 0.2 0 0 0 0 0 0 0.4 0 0.6000000000000001 0 2.8000000000000003 0 0.2 0.2 0 0.6000000000000001 5.2 0 9.8 0 0 0 6.800000000000001 0.2 4.4 2.8000000000000003 0 1.8 0 0 0 0 0 0 2.6 0 0 0 0 0 0 0 0 0 0 0 0 0 0 0 0 0 2.8000000000000003 0 0 0 0 0 0 0 0 0 0 0.4 0 0 0 0 0 0 1.8 0 0 0 0 0 0 0 0 0 0 0 1 0.2 0 15 0 0.2 0 1.8 0 0 0 0 2.6 0 0 0 0 0 0 0 0 0 1.8 0 0 0 0 1.4000000000000001 0 0 0 0 2 0 0 0 
 0.4 0.6000000000000001 0.6000000000000001 0.6000000000000001 0.6000000000000001 1.6 0.6000000000000001 0.8 0.6000000000000001 2.4000000000000004 0.4 0.6000000000000001 0.6000000000000001 1 0.4 0.6000000000000001 0.6000000000000001 0.4 0.4 0 8.6 66.4 66.2 32.6 18.8 7.800000000000001 41.6 33.2 0 87 11.200000000000001 98.2 18.8 74.8 31.8 13.4 112.4 8.6 18.2 35.6 0 0.4 0 0 0 0 0 0 0 0 0 0 0 0.4 0 0.2 16.6 0.2 0 0 0 0 0 0.6000000000000001 1.2000000000000002 0 0.6000000000000001 0 0 0 0 0 0.6000000000000001 0 0 0.4 0 0.6000000000000001 0 0 0 0 0 0 0 2.6 0 0 0 0 0 0 0 0 0 0 0 0 0 0 0.2 3.6 1.8 0.8 6.2 3.8000000000000003 4.4 1.6 1.4000000000000001 4 0.2 0 0 2.6 8.200000000000001 1.4000000000000001 7.800000000000001 0 2 10.8 4 0 0 0 0 0 0.2 0 0 0 0 0 0 0 2 0 0 0 2.2 0 0 0 0 0 0 0 0 0 0 0 0 0 0 0 0 0 0 0 0 0 0 0 0 0 2.6 2.4000000000000004 1.6 0 0 0 0 1.8 0 0 0 2 0 0 0 0 6 3.8000000000000003 4.2 2.4000000000000004 2.8000000000000003 0.2 0 1.8 2.2 2.2 1.6 7.800000000000001 0 0.2 6 4.2 7.6000000000000005 2.6 4.2 0 0 0 0 0 0 0 10.200000000000001 0 0 0 0 0 2.8000000000000003 0 0 0 0 0 0 5 0 0 0 0 0 0 0 0 0 0 0 0 0 0 0 0 0 0 0 0 0 0 0 0 0 0 0 0 0 0 0 0 0 0 0.4 0 0.6000000000000001 15.4 0 0.4 0.6000000000000001 1.2000000000000002 0 0 0 0 2.2 0 0 0 0 0 0 0 0 0 0 0 0 0 0 0 0 0 0 6 1.6 0 0 0 
 0.2 0 0 0.4 0 0 0 0.2 0.2 23 0.2 0.6000000000000001 0 1 0.2 0 0 0.2 0.2 0 8.8 11.600000000000001 55.6 36.6 85.4 15.4 10.200000000000001 12 87 0 30.6 32 7.2 60.400000000000006 13.200000000000001 12 127.2 56 30.400000000000002 37.6 0 0.4 0 0 0 0 0 0 0 0 0 0.2 0 0.4 13 0 0 1.4000000000000001 0 12.200000000000001 0 0 0 0.6000000000000001 0.6000000000000001 0 0.6000000000000001 0 0 0.2 0 0 0.6000000000000001 0 1 0.6000000000000001 0 0 0 0 0 0 0 0 0 0 0 0 0 0 0 0 0 0 0 0 0 0 0 0 0.2 0 2.2 5.2 5.800000000000001 8.4 0.2 0 2.2 0 0 13.8 0 0 0 0 3.8000000000000003 0 0 3.8000000000000003 3.8000000000000003 3 0 0 0 3 10 3.8000000000000003 0 0 0 0 5 2.2 0 0 2.4000000000000004 2.6 0 0.2 0 0 0 0 1.4000000000000001 0 0 0 0 0 0 0 0 0 0 0 0 0 0 0 0 0 0 0 0 0 1.2000000000000002 0 0 0 0 0 0 0.2 0 2.8000000000000003 0 0 0 1 0 5 0 9.200000000000001 6.4 3 0.4 0.2 0.2 6.4 0 3.8000000000000003 0 0 4 0.2 0.6000000000000001 0 0.2 0 2.2 3.4000000000000004 0 0 0 0 0 0 0 2.8000000000000003 0 0 2.2 0 2.8000000000000003 0 2 0 2.2 2 0 1.6 0.4 0 0 0 0 0 0 0 0 1.8 0 0 0 0 0 0 0 0 0 0 2 0 0 0 0 0 0 0 0 0 0 0 0 0 0.2 0.6000000000000001 0.4 0 0.6000000000000001 2.6 0 0 0 0 0 0 0 0 0 0 0 0 0 0 0 0 0 2 0 4.6000000000000005 0 0 0 0 0 0 0 0 
 0.4 0.4 0.6000000000000001 1 0.6000000000000001 15.200000000000001 0.4 0.8 0.4 0.8 1.6 0.4 0.4 0.4 0.4 0.8 0.4 0.4 0.4 0 18.400000000000002 40.800000000000004 19.200000000000003 43 27 78.60000000000001 22.8 5.6000000000000005 11.200000000000001 30.6 0 29.400000000000002 105 3.2 47.2 29.8 41.400000000000006 17 24.200000000000003 11.600000000000001 0 0.6000000000000001 0 1 0.6000000000000001 0 24.6 0 0 0.4 1.2000000000000002 0.4 18.6 1.6 24.6 0.6000000000000001 0.6000000000000001 0.4 14 11.600000000000001 0 0.2 0.4 11.8 0.6000000000000001 0 0.6000000000000001 0.6000000000000001 2 0 0 0.4 0.6000000000000001 0.6000000000000001 1 0.6000000000000001 0.6000000000000001 0.6000000000000001 0 0.2 0 0 0 0 0 0 0 0 0 0 0 0 0 0 0 0 0 0 0 0 5.6000000000000005 0 3.6 3.2 10.8 0 4.800000000000001 2 2.6 2.2 3.4000000000000004 5.2 0 2.8000000000000003 0 0 0 9.200000000000001 0.4 2 0.2 2.8000000000000003 0 0 0 0 2.4000000000000004 0 0 0 0 0 5.4 7 0 0 3.6 2.4000000000000004 9 2.6 0 0 0.2 0 0 0 0 0 0 0 0 1 1.6 0 0 0 0.4 0 0 2 0 0 0 0 1.4000000000000001 0 0 0 0 0 0 0 0 4 0 0.2 0 0.2 0 0 0 2.6 1.8 2.8000000000000003 3.4000000000000004 4.6000000000000005 2.6 0 0 7.800000000000001 2.8000000000000003 14 0 0 0.6000000000000001 10 0 0 3.8000000000000003 0 0.2 2.4000000000000004 1.6 0 0 0 0 0 0 3.6 0 0 1.8 0.6000000000000001 0 0 0 0.2 4.2 0.2 4.6000000000000005 0 0 0 0 0 0 0 0 0 0 0 0.2 0 0 0 0 0 0 0 0 0 0 0 0 0 0 0 0 0 0 0 0 0 0.4 0 1.2000000000000002 15 0.4 0 2 0 0 0 0 0 0 0 0 0 0.2 0 0 0 0 0 0 0 0 0.6000000000000001 0 0 0 0 1.6 0 0 0 0 0 
 0 14.8 1 0 0 0 0 0.2 0 0 0 1 1 0 0 0.4 0 0 0 0 53.6 20.200000000000003 5.6000000000000005 74.8 37.800000000000004 16.400000000000002 15.8 48 98.2 32 29.400000000000002 0 6.4 20.6 5.2 23.400000000000002 16.2 64 46.2 50.400000000000006 0 0.8 0 1.8 0 0 0 0 0 1.4000000000000001 0.4 1 0 0.8 0.4 0 0 0.2 0 0 0 0 0 0.6000000000000001 0.6000000000000001 0 0.6000000000000001 7 0 1.2000000000000002 0 0 0.6000000000000001 1.2000000000000002 0.4 0.2 0 0.2 0 0 0 3.4000000000000004 3.8000000000000003 0 0 0 0 0 0 0 0 0.4 0 0 1.8 0 0 0 0 0 0 0 0 3.2 4.2 4.800000000000001 0 0 0.2 2.6 0 2.4000000000000004 0 3 7.6000000000000005 0.2 7.800000000000001 0 0 2.8000000000000003 1.6 5.2 0 0 0 0 3.4000000000000004 3.2 0 0 0 0 5.2 0 3.4000000000000004 0 2 4.4 1.6 0 0 0 0 0 0.8 0 0 0 0 0 0 0 0 0 0 0.4 0 0.6000000000000001 0 0 0 0 0 0 0 0 1.8 0 0 0 0 0 0 0 0 0.4 0 0 0 1.2000000000000002 2.8000000000000003 4.2 2.4000000000000004 5.2 4.6000000000000005 2.4000000000000004 0 0.2 0 3.8000000000000003 0 7.2 0 0 7 0 6.2 0 0 0 0 1.6 0.4 0 0 0 2.2 0 0 0.2 0 0.2 3.4000000000000004 2.6 2.4000000000000004 0 0 0 0 3.2 0 0.4 0 0 0 0.2 0 0 0 0 0 2 0 0 0 0 0 0 0.2 0 0 0 0 0 0 0 0 0 0 0 0 0 0 0 0 0.4 1.2000000000000002 0.4 14.8 0.6000000000000001 2 1.8 0 0 0 0 0.4 0 0 0 0 0 0 0 0 0 0 0 0 0 0 0 0 0 1.4000000000000001 0.2 0 0 0 0 
