 0 56.2 43.2 9.600000000000001 22.6 8.8 52.6 54.6 25.8 25 41.400000000000006 17 38.6 13.8 9.4 8.8 7.4 7.6000000000000005 9.200000000000001 9.600000000000001 0 0 0.2 0 0 0 0 0 0 0.4 0 0 0 0.4 0 0 0.6000000000000001 0.4 0.2 0.6000000000000001 0 0 0 0 0 0.4 0 0.6000000000000001 0 0 0 0 0 0 0.6000000000000001 0 0 0.4 0 0.6000000000000001 0 0.6000000000000001 0 0 0.4 0 0.6000000000000001 1 0.4 0.2 0 0 0.8 0.6000000000000001 0 0 0 0 0 0 0 5 4 4.4 0.8 3 2.8000000000000003 5.800000000000001 0.4 7 0.2 1.8 0 0 3 9.200000000000001 8 1.8 4 5.800000000000001 0.2 0 0 0 0 0 0 0 0 0 0 0 0 0 3.4000000000000004 0 0 0 2.8000000000000003 0 0 0 0 0 0 0 0 0 0 0 0 0 0 0 0 0 0 0 0 0 0 0 0 0 0 0 0 0 0.4 0 0 0 0 0 0 0 0 0 0 0 2.8000000000000003 2 3 6.4 7 4 3.8000000000000003 2.2 5.800000000000001 2.2 0.2 0.8 0 6.2 7.4 3.4000000000000004 3.8000000000000003 0 2.2 2.6 0 0 0 0 0 0 0 0 0 0 0 0 0 0 0 0 0 0 0 0 0 0 0 0 0.4 0 0 0 0 0 0 0 0 0 0 0 0 0 0.4 0 0 0 0 0 0 0 0 0 0 0 0 0 0 0 0 0 0 0 0 0 0 1.4000000000000001 0 0 0 11 17.6 0 0 0 0.2 2.2 1 0 0 0 0 0 0 0 0 0 1.8 0 0 0 0 0 0 0 0 0 0 0 0 2.2 0.8 0 0 0 0 0 0 1.8 0 0 0 0 0 0 
 56.2 0 44.2 74.4 49 19.400000000000002 15 84 76.2 55.2 10.4 28.200000000000003 24.6 10 19.200000000000003 27.8 72.4 43 55.800000000000004 11 0.4 0 0 0.4 0 0 0 0 0 0.6000000000000001 0.2 0.2 0 3.4000000000000004 0 0 41.400000000000006 4.4 30.400000000000002 15.8 0 0 0 0 0 0.2 0 0.6000000000000001 0 0 0.6000000000000001 0 0 0 0.6000000000000001 0 0 0.4 0 0 0 0.6000000000000001 0 0.6000000000000001 0 0.4 0.4 0 0.2 0 0 0 0 0.6000000000000001 0 0 0.4 0 0.6000000000000001 0.2 0 1.6 0.2 2.4000000000000004 2.6 4.6000000000000005 0 1.2000000000000002 0 2.2 2.8000000000000003 2.4000000000000004 1.8 0 2.4000000000000004 6.2 1.2000000000000002 7.4 0 2.2 0 0 0 0 0 0 2 2.2 0 0 0 0 3.2 0 0.4 0 0 0 2 1.8 0 0 0 0 0 0 0 0 0 0 0 0 0 0 0 1.6 0 0 0 0 0 0 0 3.4000000000000004 0 0 0 0.2 0 0 0 0 0 0 0 0 0 0 0 0 0 0.4 2 0.2 3.6 3.4000000000000004 4 0.2 8.8 2.2 2.4000000000000004 3 0.4 3.8000000000000003 4.6000000000000005 5.6000000000000005 7.4 0 0.2 0.2 0 0 0.2 0 0 0 3.4000000000000004 0 0 0 0 0 2.6 5 0 0 0 0 2.4000000000000004 0 0 0 0 0 0 0 0 0 0 0 0 0 0 0 0 0 0 2.6 0 0 0 0 0 0 0 0 0 0 0 0 0 0 0 0 0 0 0 0 0 0 0 0.4 0 0 0 0.2 0.2 0.4 0 24.200000000000003 0 2.6 1.2000000000000002 0 0 0 0 0 0 0 0 0 0 0 0 0 0 0 0 0 0 0 0 0 0 4.4 2.2 0 0 0 0 0 0 0 0 0 0 0 0 0 
 43.2 44.2 0 19.400000000000002 12.8 50.800000000000004 28.8 58.400000000000006 23 37.4 5.800000000000001 38.400000000000006 33.2 30.400000000000002 81.80000000000001 31.8 67.4 25.6 29.6 12.200000000000001 0 0 0 0 0.2 0 14.4 0 0 0.8 0.2 0 0 0.2 0 0 0.6000000000000001 0 0.4 0.6000000000000001 0 0 0 1.8 0 0 0 0.6000000000000001 0 0 0 0 0 0 0.6000000000000001 0 0 3.2 0 0 0 0.6000000000000001 0 0 0 0 0.4 0 0 0 0 0 0 0.6000000000000001 0 0 0 0 0 0 0 8 3 2.6 1.8 2.6 2.8000000000000003 1.8 3.2 3.8000000000000003 0 0 0 0 11.600000000000001 2.8000000000000003 1.8 5.6000000000000005 3.8000000000000003 3.4000000000000004 0.2 0.4 0 0 0.4 0 4 0.2 3.6 0 0 0 0 0 0 0 0 0 6.800000000000001 0 0 0 0 0 0 0 0 0 0 0 0 0 0 0 0 0 0 0 0 0 0 0 0 0 0 0 0 0 0 0 0 0 0 0 0 0 0 0 0 0 0.4 0 5.4 7 5.2 5.6000000000000005 0 2.6 0.6000000000000001 0 3.2 0 0 2.6 1.8 0 2.4000000000000004 0 0.2 0 0 0 0 0 0 0 1.6 0 0 0 0 0 2.4000000000000004 0 0 0 0.4 0 10.8 2.2 0 0 0 0 0 0 0.2 0 0 0 0 0 0 0 0 0 0 0 0 0.4 0 0 0 0 0 0 0 0 0 0.2 0 0 0 0 0 0 0 0 0 0 0 1.8 0 0 0 0.4 9.200000000000001 0 0.4 0.4 1.8 1.4000000000000001 0 0 0 2.4000000000000004 0 0 0 0 0 0 7.4 0 0 0 0 0 0 0 0 0 0 0 0 0 4.2 0 0 0 0 0 0 0 0 0 0 0 0 0 
 9.600000000000001 74.4 19.400000000000002 0 37.800000000000004 22.8 38 11.600000000000001 20.400000000000002 43.800000000000004 10.600000000000001 27.8 12.200000000000001 13 16 52.6 31.8 9.8 23.200000000000003 56.400000000000006 30 0 0 0.4 0.8 0 0 14.600000000000001 0 0.6000000000000001 0.2 0 2.4000000000000004 1.4000000000000001 1.4000000000000001 0 0.6000000000000001 0 33.6 13.4 0 0 0.2 0 0.8 0.2 0 1.8 0 0 1.2000000000000002 0 0 0 1.4000000000000001 0.2 0 0.4 0 0 0 1.2000000000000002 0.4 0.6000000000000001 0.6000000000000001 1.2000000000000002 0.4 0 0 0 0 0 0 2.8000000000000003 1 0.4 0.4 0 0 0 0 0 3.2 8 0.2 5.800000000000001 0 0 0 1.4000000000000001 2.8000000000000003 7 0 0 1.2000000000000002 0 0 2.2 0 0 0 0 0 0 0 0 7.6000000000000005 3.6 3.4000000000000004 0 0 0 4 2.6 6.2 0 0 0 0 0 0 0.2 0 0 0 0 0 0 0 0 0 0 0 0 0 0 0 0 0 0 0 0 0 0 0 0 0 0 1 0 0 0 0 2.6 0.4 0 0 0 0 0 0 0 5.800000000000001 3.2 5.2 3.4000000000000004 0 10 0 3.6 0 2 0 1.2000000000000002 0 1.4000000000000001 0 0 0 2.2 0.4 2.8000000000000003 0.6000000000000001 0 2 0 20.200000000000003 3.2 0 0 0 1.2000000000000002 0.4 6.800000000000001 0 0.2 0 0 2 0 0 0 0 0 0 1 0 0 0 0 0 0 0 0 0 0 0 0 0 0 0 0.8 0 0 0 0 0 0 0 0 0 0 0 0 0 0 0 0 0 0.2 0 0 0 0 0 0.4 0.8 0.4 20.8 18.400000000000002 2.4000000000000004 1.2000000000000002 0.8 0 0.8 0 0 0 0 0 0.4 0 0 0 0 0 0 0.2 0 0 0 0 0 0 0 0 0 0 0 0 0 0 0 0 0 0 0 0 0 0 
 22.6 49 12.8 37.800000000000004 0 43.6 18 12.4 27.8 16.400000000000002 109 7.2 72.2 13 20.400000000000002 46.400000000000006 12.4 16 15.8 16.400000000000002 4 6.2 0 0 0.2 42 15 11.600000000000001 0 1.2000000000000002 0 0.2 31.400000000000002 30.200000000000003 0 0.2 15.600000000000001 2 6.2 4.800000000000001 0 0 0 0 0.4 0.2 0 0.6000000000000001 0 0 12.600000000000001 0 0 0 1 0 0 0.2 0 0 0 0.6000000000000001 0 0 3.2 0.6000000000000001 0.4 0 0.2 0 0 0 6.4 1.4000000000000001 0 0 0.4 0 0 0 0 3.8000000000000003 0 0 2.6 0.2 0.4 2 3.2 2 6 2 0 0 2.6 1.2000000000000002 2 3.2 0.2 2 5.2 1.4000000000000001 0 2 0 0 0.4 4.6000000000000005 6.4 0 0 0 3 3.4000000000000004 7.6000000000000005 3.6 1.8 0.2 0 0.2 0 0 0 0 2 0 0 0 0 0 0 0 0 0 0 0 0 0 0 0 0 0 0 0 0 0 0 0 0 0 0 1 0 6.800000000000001 0 0.2 0 0 0 0 0 1.2000000000000002 1.8 3.8000000000000003 5 0 0 0 0 0 0 0 0 0 0.2 0 3.2 0 0.4 0 0 4.4 3.8000000000000003 9.600000000000001 0 0 8 5.2 0 0 3.6 0.4 3.6 9.600000000000001 0.2 0 0 0 1 2.4000000000000004 0 0 0 0 0 0 0 0 0 0 0 0 2.6 2.2 0 0 0 1.8 0 0.2 0 0.4 0 0 0 0 0 0 0 0 0 0 0 0 0 0 0.4 0 0 0 0 1.4000000000000001 0 0 0 0.2 0.4 0 0.4 0 0 1.6 0.2 0 0 0 0.2 0 0 0 14.600000000000001 0 0 0 0 0 0 0.2 0 0 0 0 0 0 0 0 0 0 0 0 0 0.2 0 0 0 0 0 0 0 0 
 8.8 19.400000000000002 50.800000000000004 22.8 43.6 0 24.200000000000003 22.200000000000003 10.600000000000001 25 25.6 31.200000000000003 5.6000000000000005 22 10 10.600000000000001 51.2 11.200000000000001 28.8 14 15 29.6 0 0 0 0 15.8 14.8 22.200000000000003 0.4 0 0.6000000000000001 0 0.2 0 15.4 0.6000000000000001 0 29.6 30.200000000000003 0 0 0.6000000000000001 0 0 0.4 0 0.6000000000000001 0 0 0 0 0 0 0.6000000000000001 0 0 0.4 0 0 0 0.6000000000000001 6.4 0 2.4000000000000004 0 1.2000000000000002 0 0.6000000000000001 0 0 0 2 0.6000000000000001 0 0 0 0 0 0 0.2 0 6 0 13.8 3.6 0 0 6.6000000000000005 5.800000000000001 2.8000000000000003 0.2 0 0 0 5.2 0 2.8000000000000003 0.2 0 1.6 4.2 0 0 0 0 14 2.2 3 0 0 0.6000000000000001 7.2 0 3.8000000000000003 2 0 0 0.4 0 0.2 0 0 0 0.4 0 0.2 0 0.4 0 0 0 0 0.4 0 0 0 0 0 0 0 0.2 0 0 0 0 0 0 1 0 0 0 0 0 4.800000000000001 0 0 0 0 0 0 0.2 1.4000000000000001 0 2 0.2 0 1.2000000000000002 0 2 0 0 1.6 0 0 5.4 2 5 2.2 0.6000000000000001 0 5.800000000000001 0.2 0 0 0 1.6 0.2 1.8 1.8 0.6000000000000001 2 0 10.8 0 6 0 0 3.8000000000000003 2.2 0 0 0 0 0 0 0 0 0 0 0 0 0 0 0 0 0 0 0 10 0 0 6.2 0.4 0 0 0 0.4 0 0 0 0.4 0 0 0 0.4 0 0 0 0 0 0 0 0 0 0.2 0 0.4 0.4 18 0 6.2 0 0 0.4 0 0 0 0 0 0 0 0 0 0 0 0.2 0 0 0 0 0 0 0 0 0 0 2 0 0 0 0 0 0 0 0 0 0 0 0 
 52.6 15 28.8 38 18 24.200000000000003 0 38 29.8 25.200000000000003 7.800000000000001 31.400000000000002 38.400000000000006 10.200000000000001 23.8 6.6000000000000005 68.4 5.2 74.60000000000001 13.200000000000001 0 0 0 0.2 0.4 0 0 0 0 0.6000000000000001 0.2 0 0 1 0.6000000000000001 0 0.6000000000000001 0 0.4 0.6000000000000001 0.4 0 0.2 0 0.4 0.2 0 1.2000000000000002 0 0.2 0.6000000000000001 0 0 0 1 0 0 0 0 0 0 0.6000000000000001 0 0 12.200000000000001 0 0.4 0 0.2 0 0 0 0 0.6000000000000001 0 0 0 0 0 0 1.4000000000000001 0 7.2 2.2 5 2.6 2.4000000000000004 0 2.6 4.800000000000001 0 0 0.4 3 6.800000000000001 1.8 5.2 4.2 0.2 0 0 0 0 0 0 0.4 0 0 0 0 0 0 0 0 0.2 0 3.6 2.8000000000000003 0 0 0 0.2 0 0 0 0.4 0 0 0 0 0 0 0 0 0 0 0 0 0 0 0 0 0 0 0 0 0 0 0 0 0 0 0 0 0 0 0 0 0 0 2 4.2 2 1.8 0.2 0.2 2.4000000000000004 2.8000000000000003 3.2 0.2 0 2.8000000000000003 4.6000000000000005 0.4 2.8000000000000003 4.4 0.2 0 2 12.600000000000001 0 0 0.4 0 0 0 0.2 0 0.4 0 0 0 0.6000000000000001 0 0 0 0 0.4 0 0 0 2.2 0 0 0 0 0 0 0 0 0 0 0 0 0 0 0 0 0 0 0.6000000000000001 0 0 0 0 0 0 0 0 0 0 0 0 0 0 0 0 0 0 0 0 0.2 0 0 0 0 0.4 0 0.6000000000000001 0.4 2 2.4000000000000004 0.2 0 0 0 0 0 0.4 0 0 0 0 0 0 0 0 0 0 0 0 0 0 0 0 0 1.4000000000000001 0 0 0 0 0 0 0 0 0 0 0 0 0 
 54.6 84 58.400000000000006 11.600000000000001 12.4 22.200000000000003 38 0 30.400000000000002 9.8 49.6 7.800000000000001 59.2 56.800000000000004 40.6 23.8 9.4 8.6 50.400000000000006 68.2 13.8 0 0 0 0 0 0 0 0 0.4 0.4 0 0 0.2 0 0 0.6000000000000001 0 0.2 0.6000000000000001 0 0 1 0 0 0.6000000000000001 0 0.6000000000000001 0 0 0 13 0 0 0.4 0 0 0.2 0 0 0 0.6000000000000001 0 0 0 10.4 0.6000000000000001 0 0.6000000000000001 7.800000000000001 7.2 0 0 0.4 0 0 0 0 0 0 2.4000000000000004 7.4 5.2 0 0 0 0.2 6.2 0.2 0 4.4 0 8.6 3.4000000000000004 1.2000000000000002 0 0 7.6000000000000005 2.6 0.8 0 0 0 0 0 0 0.4 0 0 0 0.4 0.4 0 0 0 0 0 0 3 0 0 0 0 0 0 0 0 0 0 0 0 0 0 0 0 0 0 0.4 0 0 0 0 0 1.2000000000000002 0 0 0 0 0 0 0 0 0 0 0 0 0 0 0 0 0 3.4000000000000004 0.8 0 0 0 4.800000000000001 0 2.2 0.2 2.2 4 0.4 1.6 0 2 0 0.8 6 0 0 0 0 0 0 0 0 0 0 0 0 0 3 0 0 0 0 0 2.2 2 0 2.2 0 0 0 0 0 0 0 0.4 0 0 0 0 0 0 0 0 0 0 0 0 0 0 0 0 0 0 0 0 0 0 3 0.2 0 0 0 0 0 0 0 0 0 0 0 0.4 0 0.4 0.4 0 0 4.6000000000000005 0 0 0 0 0 0 0 0 0 0 0 0 0 0 0 0 0 0 0 0 0 0 0 0 3 0 0 0 0 0 0 0 0 2.6 0 0 0 0 
 25.8 76.2 23 20.400000000000002 27.8 10.600000000000001 29.8 30.400000000000002 0 35 8.200000000000001 44.6 31.8 18.2 55.800000000000004 27.6 28.400000000000002 27.200000000000003 108.2 15.8 0 0.8 0 0 0 0 0 0.2 0 1 0 0 1.2000000000000002 0.6000000000000001 0 0.8 42.400000000000006 17.400000000000002 0.4 0.6000000000000001 0 1.2000000000000002 13.4 0 1.2000000000000002 0.2 13.4 0.6000000000000001 0 0 0 0 0 0 1.8 1 0 0 0 1.2000000000000002 0 0.6000000000000001 0 0 0 1.2000000000000002 0.8 0 0.2 7.800000000000001 0 0.4 0 0.6000000000000001 0.2 0 0 11.600000000000001 0 0 1.6 4.800000000000001 2.8000000000000003 0.2 0 4.2 4.800000000000001 5.2 2.2 2 3.4000000000000004 0.2 3.4000000000000004 0 7 1.8 5.4 2.8000000000000003 2.4000000000000004 2 0 0 0 0 0 0 2.8000000000000003 0.4 0 0.4 0 0 0 3.8000000000000003 0 0 0 0 7.4 0 0 0 0 0.2 0 0 0 0 0 0 0 0 0 0 0 0 0 0.4 0 0 2.8000000000000003 0 0 0.6000000000000001 0 0 0 1 0 0.4 2.2 0 0 0 0 0 0 0 0 0 3 1.8 3.8000000000000003 4.800000000000001 0.6000000000000001 2.6 3.4000000000000004 0.8 0 0 8.200000000000001 0.4 0 2.4000000000000004 0 2 3.6 0 0 0.8 0 0 0 0 0 0 1.4000000000000001 0 0 0 0 0 2 0 0 0 0 0 2.4000000000000004 2.4000000000000004 0 0 0 0 0.4 0 0 0 0 0 0 0 2.4000000000000004 0 0 0 0 0 0 0 0 0 0 0 0 0 0 0 2.2 1.8 0 0 0 0 0 0 0 0 0 0 0 4.2 1.2000000000000002 0 0 0.6000000000000001 17 0 0.6000000000000001 0.2 0 4 0 0 0 0 0 0 0.2 0 0 0 0 0 0 0 0 0 0 0 0 0 0 0 0 2 0 0 0 0 0 0 0 0 0 0 0 0 0 0 
 25 55.2 37.4 43.800000000000004 16.400000000000002 25 25.200000000000003 9.8 35 0 22.400000000000002 51.800000000000004 56.2 32.2 24.6 37 19 68.60000000000001 68.60000000000001 69.4 0 0 0 0.4 0 0 0.4 0 0 0.6000000000000001 7.800000000000001 0 0.2 18.400000000000002 0 0 0.6000000000000001 0 15.600000000000001 0.6000000000000001 0 0 0.6000000000000001 0 0 0.4 12.8 0.6000000000000001 0 0 0 0 0 0 0.6000000000000001 0 0 0.2 0 0 0 0.6000000000000001 0 0 9.200000000000001 0 0.6000000000000001 0 0.4 0 0 0 0 0.6000000000000001 0 0 0 0 0 0 0 13.600000000000001 3 5.800000000000001 0 5.4 0 1.8 6 4.800000000000001 0.2 0 0.4 0 9.4 2.4000000000000004 1.8 4.2 1.6 3 0 0 0 0 0 0 2 5.800000000000001 0 0 0 0 0.4 0.2 0 0 0 0 6.4 0 0 0 0 0 0 0 0 0 0 0 0 0 0 0 0 0 0 0 0 0 0 0 0 0 0.2 0 0 0 1 0 0 0 0 0 4 0 0 0 0 0 1.4000000000000001 2 9.200000000000001 5.4 2.6 2 0 6.2 0.4 4.4 2.8000000000000003 0 0 3.8000000000000003 0 0 0.8 4 1 1.8 1.8 0 0 0 0 0 1 0 0 0 0 0 2.8000000000000003 0 0 3.8000000000000003 0 0 9.600000000000001 2 0 0 0 0 0 0 0 0 0 0 0 0 0 0 0 0 0 0 1.4000000000000001 0 0 0 2.6 0 0.2 0 0 0 0 0 0 0.2 0 0 0 0 0 0 0 0 0 1.8 0 0 0 0.4 9.600000000000001 0.2 18.400000000000002 18.2 3 1.6 0.4 0 0.4 0 0 0 0 0 0 0 5 0 0 0 0 0 0 0 0 0 0 0 0 0 0 0.4 0 0 0 0 0 0 0 0 0 0 0 0.2 
 41.400000000000006 10.4 5.800000000000001 10.600000000000001 109 25.6 7.800000000000001 49.6 8.200000000000001 22.400000000000002 0 74.60000000000001 31.8 24.400000000000002 14.4 54 25.6 27.6 6.2 57.6 14.8 15.600000000000001 0 0 0.2 0 14.8 14.4 0.4 16.2 0.2 0 0 19.400000000000002 0.2 0 0.6000000000000001 0 16.2 16 0 0 0 0 0 0.2 0 0.6000000000000001 0 0 0 13.600000000000001 0 0 0.6000000000000001 0 0 0.4 0 0 0 0.6000000000000001 0 0 0 0 0.4 0 0.2 0 10.200000000000001 0 0 0.6000000000000001 0 0 0 0 0 0 0 2.6 0 1.8 0 0 0 5 2.8000000000000003 4.2 0 0.2 0.2 0 5.2 2.6 1.4000000000000001 0 1.2000000000000002 4.6000000000000005 0 4.800000000000001 0 1.8 0 0 6.800000000000001 3 3.2 0 0.4 0 1.8 2.6 2.8000000000000003 3.6 0 0 2.4000000000000004 0 0 0 0 0 0 0 0 0 0 0 0 0 0 0 0 0 0 0 0 0 0 0 0 0 0 0 0 0 0 0 0 0 0 0.4 0.4 0 0 0 0 0 0 0 0 2 4.6000000000000005 0 1.6 2.6 3.4000000000000004 0 0 2.6 2.2 4.4 2.6 2.8000000000000003 0 1 0 0 0 2 0 0 0 0 3.2 3.2 0 0.2 0 0.2 2 6.800000000000001 0 7.2 0 0 0 12 0 0 0 0 0 0 0 0 0 2.6 0 0 0 0 0 0 0 0.4 0 0 0 0 0 0 0 0 0 0 0 0 0 0 4.6000000000000005 0 0 0 0.2 0 0 0 0 1.6 0 0 0 0 9.600000000000001 0 0 0 0 0.8 1.2000000000000002 0 0 0 0 0 0 0 0 0 1.6 0 0 0 0 0 0 0 0 0 0 0 0 3 0 0 0 0 0 0 0 0 0 0 0 0 0 0 
 17 28.200000000000003 38.400000000000006 27.8 7.2 31.200000000000003 31.400000000000002 7.800000000000001 44.6 51.800000000000004 74.60000000000001 0 8.8 24 19.200000000000003 5 28.8 11 49.2 10.4 0.4 0.2 0.2 0 0 0 0 12.4 15 0.8 0.8 0.4 29.400000000000002 15.200000000000001 0 0.4 15.8 0.4 0.4 1.4000000000000001 0 0 0 0 0 0.6000000000000001 0 0.6000000000000001 0 0 0 0 0 0 0.4 0 0 0 0 0 0 0.6000000000000001 0 0 0 0 0.6000000000000001 0 0.6000000000000001 0.2 0 0 0 0.6000000000000001 0 0 0 0 0 0 2 0 7.4 2 8.6 9 0 0 3.2 11.4 1.8 0.2 0.2 3.4000000000000004 0 11.600000000000001 4.800000000000001 3.8000000000000003 0 0 0.6000000000000001 1.8 0 0 2.6 0 0.2 5.800000000000001 1.2000000000000002 0 0 0 0 5.6000000000000005 2.2 0 11.600000000000001 0 2.8000000000000003 0.2 0 0 0 0 0 0 0 0 0.2 0 0 0 0 0 0 0 0 0 0 0 0 0.2 0 0 0 0 0 0 0.2 0 0 0 0 1.4000000000000001 0 0 0 1.6 0 0 0 0 2.6 5.800000000000001 7.6000000000000005 3.2 0 1.6 0.2 0.6000000000000001 1.6 0 3.8000000000000003 0 1.6 0 2.6 0 0 1.4000000000000001 0 3 1.8 0 0 0 2 7 0 0 0 0 11.200000000000001 3.6 0.2 0 0 0 2.2 2.2 0 0 0 0 0 0 0 0.2 0 0 0 0 0 0 0 0 1 0 0 0 0 0 0 0 0 0 0 0.4 0 0 0 0 0 0 0 0 0 0 0 0 0 0 0 0 0 0.4 0.2 0 0.4 0.4 0.2 0.8 0 0 0 0 0 0 0 0 2 0 0 0 0 0 0 0 0 0.4 0 0 0 0 0 0 4.2 0 0 0 0 0.2 0 0 0 0 0 0 0 2.2 
 38.6 24.6 33.2 12.200000000000001 72.2 5.6000000000000005 38.400000000000006 59.2 31.8 56.2 31.8 8.8 0 14.600000000000001 9 24.8 7.6000000000000005 22 31.200000000000003 32.6 0.2 1 1 0 0.8 0.2 0.6000000000000001 1.4000000000000001 0 0.4 0 0 0.6000000000000001 0.8 0 0.6000000000000001 1.4000000000000001 0.4 1.4000000000000001 0.8 0 1.2000000000000002 0.2 0.6000000000000001 1.2000000000000002 0.6000000000000001 1 0.6000000000000001 9.200000000000001 0 0 0 0.4 0 1.6 0 0 0.4 0 1.2000000000000002 0 0.6000000000000001 0.2 0 0 1.2000000000000002 0.8 0 0.6000000000000001 0 0 0 0.6000000000000001 0.6000000000000001 0.4 0 0 0.6000000000000001 0 0.6000000000000001 4.4 6.4 3.2 2.2 0 0 0 4 0.2 3 0.4 0 4.4 4.6000000000000005 5.2 5.2 3.8000000000000003 0 0.2 11 0 0 0.2 0 0 0 0 0 0 0 0 0 0 0 0 0 0 0 5 0 0 0 0.2 0 0 0 1 0 0 0 0 0 0.2 0 0 0 1 0 0 0 0 0 0 0 0 0 0.4 0.2 0 2.8000000000000003 0 0 0 0 0 0 0 0 0 0 3.8000000000000003 3.8000000000000003 0 2.8000000000000003 2.4000000000000004 0 7 0.4 4.2 0 0 4.2 3.6 7.800000000000001 6.2 3.4000000000000004 0.2 2 3 0 0 0 0 0 0.2 0 0 0 0 0 0 0 0 0 0 0 0 0 0 0 0 0 0 0 0 0 0 0 0 0 0 0 0 0 0 2.6 0 0 0 0 0 0 0 0.4 0 0 0 0 0 0 0 0 0 0 0 0 0 0 0 0 0 1.4000000000000001 0 0 0 0 18 0 0.2 0 0 1 2 0 0 0 0 0 0 0 0 0 2 0 0 0 0 0 0 0 0 0 0 0 0 1.2000000000000002 0 0 0 0 0 0 0 0 0 0 0 0 0 0 
 13.8 10 30.400000000000002 13 13 22 10.200000000000001 56.800000000000004 18.2 32.2 24.400000000000002 24 14.600000000000001 0 96 52.400000000000006 46.2 52 24.6 50.2 0 0 0 0 0 0 14.600000000000001 0 0 0.4 4 0 0 0.4 0 0 0.6000000000000001 0 0.2 0.6000000000000001 0 0 13.200000000000001 0 0 0.4 0 0.6000000000000001 0 12.600000000000001 0 0 16.6 0 0.6000000000000001 0 0 0 0 0 0 0.6000000000000001 0.2 6.800000000000001 0 0 0.6000000000000001 0 2.6 1 2 2 0 0.6000000000000001 0 0.2 6.6000000000000005 0.4 0 0 0 0.4 1.8 0.4 0 0 2 6.2 2.4000000000000004 0 5 0 0 0 1.4000000000000001 0 4.2 2.6 2.4000000000000004 0 0.2 0 0 0 0 0 0 0 0 0 0 0 0 0 0 0 0 0 3.4000000000000004 0 0 0 0.2 0 0 0 0 0 0 0.2 0 0 0 0 0 0 0 0 0.2 0 0.4 0 0 0 0 0 0 0 0 0 0 0.2 0 0 0.2 0 0 0 0 2.6 5.6000000000000005 2.8000000000000003 0 0 3 0 0 2.8000000000000003 3.8000000000000003 0 6.2 0 0.2 3.6 0 2 2.6 4.2 3.8000000000000003 0 0 0 0 2 0 0 0 0 0 0 0 0 0 0.4 0 0 0 0 0 0 0 0 0 0 0 0 0.4 0 0 0 0 0 0 0 0 0 0 0 0 0 0 0 0 0 0 0.2 0 0 2 0 1.4000000000000001 0 0 0 0 0 0 0 0 0 0 2.2 0 0 0 0.2 17.400000000000002 0 0.2 0 0 1 0 0 0 0 0 0 0 0 0 0 2 0 0 0 0 0 0 0 0 0 0 0 0 0 0 0 0 0 0 0 0 0 0 0 0 0 0 0 
 9.4 19.200000000000003 81.80000000000001 16 20.400000000000002 10 23.8 40.6 55.800000000000004 24.6 14.4 19.200000000000003 9 96 0 36.4 70.8 50.6 18 38.6 0 0 0 0.6000000000000001 0 0.6000000000000001 0 0 0 0.6000000000000001 0.4 0 0 0.2 0.2 0 0.6000000000000001 0.2 0.2 0.6000000000000001 0 0 11.4 0.4 0 0.4 0 1.2000000000000002 12.8 0 1.2000000000000002 0.6000000000000001 1.2000000000000002 0 0.6000000000000001 0 0 0 0 0 0 0.6000000000000001 0 1 0 0.8 0.6000000000000001 0 0.6000000000000001 0 0 0 0 0.6000000000000001 0 0 0.4 0.2 0 0.6000000000000001 0 2 2 1.6 1.6 1.2000000000000002 5.4 0 1.2000000000000002 0.4 4 2.4000000000000004 2.8000000000000003 5.800000000000001 5.6000000000000005 0.6000000000000001 2.2 4.800000000000001 4.6000000000000005 0.2 0 3 0 0 0 0 0.2 0 0 0 0 0 0 0 0 0 0 0 5.2 0 0.2 0 0.4 0 0.4 0.2 0.2 0 0 0 0 0 0 0.4 0 0 0 0 0 0 0 0 0 0 0 0 0 0.6000000000000001 0 0.6000000000000001 0 0 0 0 0 0 0 0 0 0 0.4 2.2 5 2.4000000000000004 0 8.6 2 2.8000000000000003 0 3.8000000000000003 7.2 0 0.6000000000000001 2.6 0 0.4 0 0.2 0 0.2 0 0 0 0 0 0 0 0 0 0 0 0 4.6000000000000005 0 0 0 0 0 2.2 2 0 2 0 0 0 0 0 0 0 0 0 0 2.8000000000000003 0 0 0.2 0 0 0 0 0 0 0 0 0 0 0 0 0 0 0 0 0 0 0 0.4 0 0 0 0 0 0 3.2 0 0 0 17.400000000000002 0 18.6 0.2 0.4 5 0 0 0 0 0 0 0 0.2 0 0 0 0 0 0 0 0 0 0 0 0 0 0 0 0.2 5.6000000000000005 0 0 0 0 0 0 0 0 0 0 0 0 0 
 8.8 27.8 31.8 52.6 46.400000000000006 10.600000000000001 6.6000000000000005 23.8 27.6 37 54 5 24.8 52.400000000000006 36.4 0 56 70 14.600000000000001 13.600000000000001 0 0 0.4 0 0 0 0 0.4 0 0.6000000000000001 0 0 0 0.6000000000000001 0 0 0.6000000000000001 0 15.4 15.4 0 1.2000000000000002 0 0 0 0 0 0.6000000000000001 0 0.2 0 0 0 0 0.6000000000000001 0 0 0 0 0 0 0.6000000000000001 0 0 0 0 0.4 0 0 0 0 0 0 0.6000000000000001 0 0 0 0 0 0 0.4 4.4 2 6 3.2 5.6000000000000005 8.8 6.6000000000000005 2.6 4.6000000000000005 3.6 2 0 0.6000000000000001 5.2 2 5 3.8000000000000003 3.6 5.800000000000001 2.6 0 0 0 0 0 2 2 0 0 0 3 0 0 0 0 0 0.2 7.2 2.2 0 0 0 0 0.2 0 0.4 0 0 0 0 0 0 0.2 0 0 0 0 0 0 0 0.4 0 0 0 0 0 1.4000000000000001 0 1.6 0 0 0 0.4 0 0 0 0 0 0 0 5.800000000000001 14.600000000000001 5.4 2 1.8 3 0 3.8000000000000003 0 0 0.4 0 4 0 2.2 3 7.6000000000000005 0 1.4000000000000001 0 3.2 0 0.6000000000000001 0 0 0 0 0 0 0 0 1.4000000000000001 4 2.8000000000000003 0 0 0 0.2 2.2 0 0 0 0 0 0 0 0.2 0 0 0 0 3.8000000000000003 0 0 0 0 0 0 0 0 0 0 0 0 0 0 0.4 0 0 0 0 10.8 0 0 0 0 0 0 0 0 1.2000000000000002 0 0 0 0.4 36.4 0 0.4 0 0 0.6000000000000001 0 0 0 0 0 0 0 0 0 0 1.4000000000000001 0 0 0 0 0 0 0 0 0 0 0 0 2.4000000000000004 2.2 0 0 0 0 0 0 0 0 0 0 0 0 0 
 7.4 72.4 67.4 31.8 12.4 51.2 68.4 9.4 28.400000000000002 19 25.6 28.8 7.6000000000000005 46.2 70.8 56 0 103.2 46.6 9.8 0 0 0 0 0 0 1 0.2 0 0.4 0 0 0 0.6000000000000001 0 0 0.6000000000000001 0 16.8 12.4 0 0 0 0 0 0.4 0 0.6000000000000001 0 0 0 0 0 0 0.6000000000000001 0 0 0.4 0 0 0 0.6000000000000001 0 0 0 0 0.6000000000000001 0 0.6000000000000001 0 0 0 0 7.4 0 0 0 0 0 0 0 0.6000000000000001 6.2 8.4 9.200000000000001 7.800000000000001 0 0 0.2 10.8 7.6000000000000005 3.8000000000000003 0 2.6 2.2 18.2 5 4.4 0 0 0.6000000000000001 0.4 0 0 0.4 0 4.800000000000001 0 0 0 0 0 6 0 0 0 0 0 1.4000000000000001 0 0 0 0 0 0 0 0 0 0 0 0 0 0 0 0 0 0 0 0 0 0 0 0 0.6000000000000001 0 0 0 1.2000000000000002 0 1.2000000000000002 10 0 0 0 0.2 0 0 0 0 0 0 0 3.4000000000000004 12 4.4 7.2 0 0.8 0.2 6 4.2 2.2 4.2 0.2 2 1.8 8.4 2.2 0 0 0 0 0 0 0 4.2 3.8000000000000003 0 0 0 2.8000000000000003 0 0.2 3.6 0 0 0.4 0 0 0 0 0 0 0 0 0 0.2 0 0 0 0 0 3.4000000000000004 0 0 0 0 0 0 0 0 0 0 3.4000000000000004 0 0.4 0 0 0 0.4 0 0 0 0 0 0 0 0 0 0 0 0 0 0 0 0.4 9.200000000000001 0.2 0.2 9.600000000000001 0.4 1.2000000000000002 0 0 0 0 0 0 0 0 0 0 0 0 0 0 0 0 0 0 0 0 0 0 0 6.6000000000000005 2.4000000000000004 0.2 0 0 0 0 0 0 0 0 0 0 0 0 
 7.6000000000000005 43 25.6 9.8 16 11.200000000000001 5.2 8.6 27.200000000000003 68.60000000000001 27.6 11 22 52 50.6 70 103.2 0 21.6 4.2 0.2 0.2 0.2 0.2 0.2 0.4 0.4 0.6000000000000001 0.4 0.6000000000000001 1.2000000000000002 0.2 0.4 0.6000000000000001 0.2 0.2 1 0.4 0.4 0.8 0 0 0 0 0 0.4 0 0.6000000000000001 0 0 12.8 0 0 0 0.6000000000000001 0 0 0.4 0 0 0.2 0.8 0.4 0.2 2.2 0 0.8 0.2 1 0.4 2.2 0.2 0.4 11.600000000000001 0.4 2.2 0.4 0 9.8 0.4 1.8 3 3 3.2 2.8000000000000003 3 3.8000000000000003 0.6000000000000001 8.4 3.8000000000000003 4.2 4 0 2.8000000000000003 0 8.4 7.6000000000000005 2.2 2.8000000000000003 2.8000000000000003 2.2 0.4 0 0 0 0 3 0 0 0 0 0 0 0 0 0 0 0 2.8000000000000003 1.6 0 0 0 0 0 0 0 0 0 0 0 0 0 0 0 0 0 0 0 0 0 0 0 0 0 0 0 0 1.2000000000000002 0 0 0 0 0 0.4 0 0 0 0 0 0 2.2 5.6000000000000005 0 2.8000000000000003 4.800000000000001 3.6 0 1.8 0 0 0 0 2.6 5.6000000000000005 2.2 5.800000000000001 11 0 1.2000000000000002 0 0 0 0 0 1.6 0 0 0 0 0 0 9.200000000000001 0 0 0.2 0.2 0 2.8000000000000003 0 0 0 0 0 0 0 0.4 0 0 0 0 0 0 0 0 0 0 0.6000000000000001 0 0 0 0 0 5.4 0 0.2 0 0 0 0.2 0 0 2.2 0 0 0 0 0 0 0 0 0 0 0 0 0.6000000000000001 0.6000000000000001 0 0.6000000000000001 1.2000000000000002 0.2 3.4000000000000004 0 0 0 0 0 0 0.2 0 14.600000000000001 0 0 0 0 0 0 0 0 0 0 0 0 0 0 2.4000000000000004 3.8000000000000003 2 0 0 0 0 0 0 0 0 0 0 0 0 
 9.200000000000001 55.800000000000004 29.6 23.200000000000003 15.8 28.8 74.60000000000001 50.400000000000006 108.2 68.60000000000001 6.2 49.2 31.200000000000003 24.6 18 14.600000000000001 46.6 21.6 0 26.200000000000003 0 0 0 0 0.6000000000000001 0 0 0.2 0 0.4 0.4 0 0.4 0.6000000000000001 0 0 0.6000000000000001 0 5.2 0.6000000000000001 1.2000000000000002 0 0.6000000000000001 0 0 0.6000000000000001 0.4 0.6000000000000001 0 0 0 0 0 12.4 0.4 0.4 0 0.4 0 0 0 0.6000000000000001 0 0 0 0.6000000000000001 1 0 0.6000000000000001 0 0 0 0.6000000000000001 0.6000000000000001 0 0 0.4 0 0 0 4.4 5.4 0 0 0 2 7.6000000000000005 0 0 0 0 0 5.4 2 0 0 0 0 2.6 0 0 0 0 0 0 0 0 0 0 0 0 0 0.4 0 0 0 0 0 4.6000000000000005 0 0 0 0 0 0 0 0 0 0 0 0 0 0 0 0 0 0 0 0 0 0 0 0 0.6000000000000001 0 0 0 0.2 0 0 0 0 0 0 0 0 0 0 0 0 0 0 1.4000000000000001 0.2 0 0 3.8000000000000003 0 0 0 3 0 6.4 2 0 0 2.2 0 0 8.4 0 0 0 0 0 0 0 0 0 0 0 0 0 0 2.2 0 0 0 0.4 3 0 0 0 0 1.6 0 0 0 0 0 0 0 0 0 0 0 0 0 0 3.6 0 0 0 0 0 3.4000000000000004 0 0 0 0 0 0.2 0 0 0 0 3.6 0 0 0 0 0 0 0 0 0 0.2 0.2 0.4 6.6000000000000005 0 0.8 0 0 0 0 0 0 0 0 0 0 0 0 0 0 0 0 0 0 0 0 0 0 0 3 2.2 0 0 0 0 0 0 0 0 0 0 0 0 0.4 
 9.600000000000001 11 12.200000000000001 56.400000000000006 16.400000000000002 14 13.200000000000001 68.2 15.8 69.4 57.6 10.4 32.6 50.2 38.6 13.600000000000001 9.8 4.2 26.200000000000003 0 0 0 0 0 0 0 0 0 0 0.6000000000000001 0.2 0 0 0.4 0.4 0 0.6000000000000001 0 0.6000000000000001 0.6000000000000001 0 0.4 0 0 0 0.6000000000000001 0 1.2000000000000002 0 0 0 0 0 0 1 0 0 0.4 0.6000000000000001 0 0 0.6000000000000001 0 0 11.200000000000001 0 0.4 0 0 0 0.4 0.4 0 1 0 0 0 0 0 0 4.2 4 1.6 0 0 0.2 2.6 4 1.6 0 0.2 0.4 5.2 10 0 0 0 0 2.6 7.4 0 0 0 0 0 0 0 0 0 0.2 0 0 0 0 0 0 0 0 0 0 0 0 0 0.4 0 0 0 0 0 0 0 2.4000000000000004 0 0 0 0 0 0.2 0 0 0 0 0 0 0 0 0 0 0 0 0 0 0 0.2 0 0 0 0 0 0 2.2 3 0 0.2 0.2 0 2.4000000000000004 0.2 5.4 0 6.4 3 4.800000000000001 0 0 0 0 1.8 7.6000000000000005 0 0 0 0 0 2 0 0 0 0 0 0 0 0 0 0 0 0 0 0 0 0 0.2 0 0 0.2 0 0 0 0 0 0 0 0 0 0 0 0 0 0 0 0 0 0 0 0 0 0 0 0 0 0 0 0 0.2 0 0 0 0 0 2 0 0.2 0 0 0.4 0 0.2 0 0.2 0.4 0 2.8000000000000003 0 0 0 0 0 0 0 0 14.4 0 0 0 0 0 0 0 0 0 0 0 0 0 0 0 0 0 0 0 0 0 0 0 0 0 0 0 0 0 
 0 0.4 0 30 4 15 0 13.8 0 0 14.8 0.4 0.2 0 0 0 0 0.2 0 0 0 18 58.800000000000004 69 4.6000000000000005 48.6 27 34 9.600000000000001 10.8 24.200000000000003 34.4 79.60000000000001 16.400000000000002 23 26 45.6 63.800000000000004 23.400000000000002 47.800000000000004 0.4 0 0.4 0.6000000000000001 0.2 0 0.6000000000000001 0 0 0 0 0 0.4 0 1 0 0 1.4000000000000001 24.400000000000002 0 0 11.600000000000001 0.6000000000000001 0 0 0.2 0.4 0.4 0 0 0 0.2 1.2000000000000002 1.2000000000000002 0 0 0 0.4 0.4 0 0 0 0 0 0 2.4000000000000004 0 0 0 0.2 0 1.4000000000000001 0 0 0 0 0 0 0 0 0 0 0 3.4000000000000004 4 0 3.4000000000000004 2.2 0.8 2 0 0 3.4000000000000004 4.4 0.6000000000000001 2.8000000000000003 0.2 0 0 2.4000000000000004 0 0 0 0 0 0 0 0 0 0 0 0 0 0 0 0 0 0 3 0 0 0 0 0 0 0 0 0 0.8 1.8 0 0 0 0 0.6000000000000001 0 0 0 0 0 0 0 0 1.8 2.6 0.2 0 0 0 2.4000000000000004 0 0 0 0.6000000000000001 0 0 0 0 0 0 7.800000000000001 3 0 2.2 9.200000000000001 0 2.8000000000000003 0 0.6000000000000001 3.8000000000000003 0 0.2 0.2 5 3.6 3 4.2 3.4000000000000004 0 0 0 0 0 0 0 0 0 0 0 0 0 0 0 0 0 0 0 0 5 0 0 0 0 0 0 0 0 0 0 0 0 0 0 0 0 0 0 0 0 0 0 0 0 0 0 0 0 0 0 15.4 0 0 0 0 2 0 0 20.6 15.600000000000001 0.2 1.6 0 0 0 0 0 0 0 0 0 0 0 0 0 0 0 0 0 0 3 0 0 0 0 0 0 0 0 0 4.4 
 0 0 0 0 6.2 29.6 0 0 0.8 0 15.600000000000001 0.2 1 0 0 0 0 0.2 0 0 18 0 21.8 25.6 7.6000000000000005 23.8 37.800000000000004 44.400000000000006 88.80000000000001 21.8 10.200000000000001 4.6000000000000005 107.4 30.400000000000002 50.2 24.200000000000003 41 9.600000000000001 18 44.800000000000004 0.6000000000000001 0.4 0 0.6000000000000001 0 0 0 0 0 0 0.6000000000000001 0 0.4 0 0 0 0 0.8 0.4 0 0 0.6000000000000001 0.6000000000000001 0 2.2 0 0.4 0 0 0 0 0.6000000000000001 1.8 0.6000000000000001 0 0 0 0.4 0.6000000000000001 0 0 0 0 0 1.8 0.4 0 0 0 0 0 0 0 0 0 0 0 0 0 0 4 8.6 1.2000000000000002 10.600000000000001 0 3.2 0 3.2 3.4000000000000004 3.8000000000000003 0 0 2.6 1.8 3.4000000000000004 5.4 1.2000000000000002 2 2.2 0 0 0 0 0 0 0 0 1 0 0 0 0 0 0 0 0 2.2 0 0 2.4000000000000004 0 0 0 0 0 0 0 0 0 0 0 0 0 0.6000000000000001 0 1.2000000000000002 0 6.2 0 0 0 0 0 1.4000000000000001 4 0 0 0 0 0 0 0 0 0 0 0 0 0 0 0 0 3.8000000000000003 14 2.2 0 0 4.6000000000000005 3 6.2 1.4000000000000001 0 0 3.6 7.4 2 6.4 0 3.2 2.2 1.6 0 0 0 0 0 0 2 0 0 0 0 0 0 0 0 0 0 0 0 0 0 0 0 0 0 0 0 0 0 2.2 0 0 0 0 0 0 0 0 0 0 0 0 0 0 0 0 0 0 0 0 0 0 0 0 0.8 0 0.4 0.2 0.4 0.8 0.4 2 0 0 0 0.2 0 0 0 0 0 0 0 0 0 0 0 0 0 0 0 0.2 0 0 0 0 0 0 0 0 
 0.2 0 0 0 0 0 0 0 0 0 0 0.2 1 0 0 0.4 0 0.2 0 0 58.800000000000004 21.8 0 23.400000000000002 86.80000000000001 95.80000000000001 21.8 37.2 33.800000000000004 33.6 64 5.800000000000001 14.600000000000001 13 55.6 46.6 80.2 30 10 11.4 0.4 0.4 0 0.6000000000000001 0 0 0.4 0 0 0 0.2 0 12.600000000000001 0 0 0.4 0 1.2000000000000002 0.6000000000000001 0 0 0.8 0.6000000000000001 0 0 0.8 0.4 0.6000000000000001 0 0 0 0.4 0 0.4 0 0 0 0.4 1.8 0 0 0 0 0 0 0 0 0 0 0 0 0 0 0 0 0 0 0 0 0 9.4 3.2 0.4 3.8000000000000003 10.600000000000001 3.6 0 0 1.6 2.6 8.8 7.800000000000001 0 0 4.4 2 2.8000000000000003 6.6000000000000005 0 0 5.2 0 0 0 0 0 4.2 0 0 0 0 0 6 0 3.2 0 0 0 1 4 0 0 0 0 0 0 0 0 0 0 0 0 0 0 0 0 0 0 1.2000000000000002 0 0 0 0 0 0 0 0 0 0 0 0 0 0 0 0 0 0 0 0 0 0 2.4000000000000004 2 8.200000000000001 5 8 0 0 0.6000000000000001 7 12.4 7 0 0 1.8 2.8000000000000003 9.600000000000001 0.2 0 0 0 0.4 0 0.2 0 0 4 0 2.2 0 0 0 0.6000000000000001 0.6000000000000001 0 0 0 0 2.2 1.8 0 0 0 0 0 0 0 0 0 0 0 0 0 0 0 0 0 0 0 0 0 2 2 0 0 0 0 0 0 0 0 0 0 0 3.6 0.4 0 15 0.2 0 0 0 0 0 0 0 0 0 0 0 0 0 0 0 0 0 0 0 0 3.4000000000000004 0 0 0 0 0 0 1.2000000000000002 0 0 0 
 0 0.4 0 0.4 0 0 0.2 0 0 0.4 0 0 0 0 0.6000000000000001 0 0 0.2 0 0 69 25.6 23.400000000000002 0 43.400000000000006 98.60000000000001 16.8 15 13.8 45.800000000000004 34.800000000000004 7.4 55.400000000000006 19.8 28.400000000000002 7.6000000000000005 35.2 25.400000000000002 14.200000000000001 71.60000000000001 0.4 0.2 0 0.6000000000000001 0.8 0 12.200000000000001 1 0 0.6000000000000001 6.800000000000001 0.4 21.400000000000002 12.4 1 0 0.6000000000000001 1.2000000000000002 0.6000000000000001 0 0 1.2000000000000002 0.6000000000000001 0 0.6000000000000001 1.6 0.4 0 0 0 0.6000000000000001 0.4 0 0.4 0 0 0 1.4000000000000001 1 0 0 0 0 0 0 0 0 0.4 0 0 0 0 0 0 0 0 0 0 0 0 1.4000000000000001 0 2.6 4.4 3 4.2 0 0 0 3.2 2.6 0.4 0 1.4000000000000001 1.8 0 0 7 0 0 0.2 0 0 0 0 0 2 5 0 0 0 0 4.4 6.2 4 0 0 0 0 6.6000000000000005 0 3.4000000000000004 0 0 0 0.2 0 0 0 0 0 0 0 0 0 0 0.8 3.6 0.2 0 0 0 0 0.2 0 0 0 0 0 0.4 0 0 0 1.6 0 0 0 5.6000000000000005 0 0 1.8 1.4000000000000001 0 2.8000000000000003 1.8 5 0 0 6.2 0 0 2.6 0.2 0 2 0 2.4000000000000004 6.2 0 0 3.8000000000000003 0 0 0.2 0.2 5.800000000000001 2.8000000000000003 0 3 2.4000000000000004 0 0.4 8.4 5.4 0 0 0 0 0 1.6 0 0 0 0 0 0 0 0 0 0 0 0 0 0 0 0 0 0 0 0 0 0 0 0 0 0 0 0 0 0 0 0 0 0 2 0 0.4 16.8 7.800000000000001 0.4 4 0 0 0 0 0 0 0 0 0 0 0 0 0 0 0 0 0 0 0 0 0 0 0 1.2000000000000002 1.4000000000000001 1.4000000000000001 0 0 0 
 0 0 0.2 0.8 0.2 0 0.4 0 0 0 0.2 0 0.8 0 0 0 0 0.2 0.6000000000000001 0 4.6000000000000005 7.6000000000000005 86.80000000000001 43.400000000000006 0 31.200000000000003 8 30.400000000000002 13.8 27.200000000000003 35.800000000000004 28.6 18.6 30.8 34.6 12.4 25.200000000000003 12.8 11.200000000000001 20.8 0.4 0 0 0.4 0 0.2 0 0 3 0.2 0 0 0.4 0 12.4 0 0 1 0.6000000000000001 12.600000000000001 0 0.8 7.2 0 0 0 0.6000000000000001 0 0 8.200000000000001 0 0 0 0 0.6000000000000001 0.2 0 1.8 0.4 0 0 0.2 0 0 0 0 0 0 0 0 0 0 0 0 0.2 0 0.2 0 0 0 1.6 1.8 2.8000000000000003 2.8000000000000003 3.4000000000000004 5.4 0 0 0 0 7.4 11.200000000000001 0 4.2 1.2000000000000002 0 5.800000000000001 6.4 0 0 3.6 0.4 0 0 0 0.4 5.4 0 0 0.2 0 0 12.200000000000001 4.2 1.6 0 2.4000000000000004 4.2 0.2 2.6 0 0 0 0 0 0 0 0 0 0 0 0 0 0 0 0 0 0 1.6 0 0 0 0.4 0 0 0 0 0.4 1.4000000000000001 0 0 0 0 0.8 0 0 0 0 0 0 0 2 0.2 6.2 2.6 3 0 0.2 0.2 0 3.4000000000000004 4.2 0 0 0.8 0 2 2.6 0 0 4.2 2.2 0 2.2 0 0 7.4 3.6 2.4000000000000004 7.4 0 0 2.8000000000000003 3.4000000000000004 0 9.200000000000001 1.8 0 8.200000000000001 3.4000000000000004 0 0 13.600000000000001 0 0 0 0 0 0 0 0 0 0 0 0 0 0 0 0 0 0 0 0 0 0 0 3.6 0 0 0 0 15.200000000000001 0 0 2.4000000000000004 0 1.4000000000000001 0 16.2 0 0 0 0 0 0.4 0 0 0 0 0 0 0 0 0 0 0 0 0 0 0 0 0 0 0 0 0 1.4000000000000001 0 0 0 
 0 0 0 0 42 0 0 0 0 0 0 0 0.2 0 0.6000000000000001 0 0 0.4 0 0 48.6 23.8 95.80000000000001 98.60000000000001 31.200000000000003 0 12.200000000000001 7.4 50.2 10.4 24.200000000000003 7.4 6.800000000000001 23.400000000000002 28.400000000000002 14.8 12.600000000000001 7.800000000000001 13.200000000000001 52.6 1 0.6000000000000001 1.8 0.6000000000000001 0.6000000000000001 0.2 5.2 1.2000000000000002 0 0 0.6000000000000001 0 0.8 6 14.200000000000001 0.6000000000000001 0 1.6 0.6000000000000001 6 0 2 0.6000000000000001 0 0.4 0.6000000000000001 0.4 1.2000000000000002 0.6000000000000001 0 0 0.2 0 1 0 2 0 0.4 0.4 0 0 0 0 0 0 0 0 0 0 0 0 0 0 0.2 0 0 0 0 0 0 0 0 4 2.6 3.6 6.2 0 0 0 0 6.800000000000001 3.6 0 0 0 0 4.2 0 0 0 4 2 7.800000000000001 0.2 8.6 0 0.2 3.2 0 1.6 0 4 9.4 2 3.8000000000000003 6 10.4 2.8000000000000003 1.6 2.8000000000000003 0 0 1.8 2.2 0 0 0 0 0.4 0 0 0 0 0 0 0 1.6 0 0 0 0 0 0 0 0 0 0 0 0 0.6000000000000001 0 0 0 0 0 0 0 0 0 0 0.4 0 0 0.4 5.2 8.8 0 0 0 0 0 0 1.2000000000000002 0 0 0 0.2 3.4000000000000004 0 0 9.600000000000001 0 0 0 0.2 0 1.8 1.8 1.2000000000000002 4 1.4000000000000001 2.2 14.8 6.6000000000000005 2 0.2 9.600000000000001 4.800000000000001 0 2.8000000000000003 0 0 0 0 0 0 0.4 0 0.2 0 0.4 0 0 0 0.6000000000000001 0 0 0 0 0 0 0 0 0 0 0 0 0 0 0 0 0 0 0 1.8 1 0 1 0 2.6 0.8 0.4 0 0 0 2.8000000000000003 0 0 0 0 0 0 0 0 0 0 0 0 0 0 0 0 0 0 0 2.4000000000000004 2.6 0 0 0 
 0 0 14.4 0 15 15.8 0 0 0 0.4 14.8 0 0.6000000000000001 14.600000000000001 0 0 1 0.4 0 0 27 37.800000000000004 21.8 16.8 8 12.200000000000001 0 30.6 101.2 5.2 51.6 19.200000000000003 65.2 53.800000000000004 27.6 38.800000000000004 11 8.8 10.200000000000001 14.600000000000001 0.4 0 0 0.8 0.4 0 0 1.2000000000000002 0 0 1.2000000000000002 1.2000000000000002 0.4 0 0.4 0 0.6000000000000001 1.2000000000000002 0.6000000000000001 0 0 1.2000000000000002 1 5.2 0.6000000000000001 0 0.6000000000000001 0 0 0.6000000000000001 0.6000000000000001 0 0.6000000000000001 0 0 0.4 0 0.6000000000000001 0.4 0.8 0 0 0 1.2000000000000002 3.6 2.8000000000000003 0 0 2.4000000000000004 0 0 2.6 0 0 0 0 0 0.2 0 0 0 5 2 2.2 0 0 2.6 2.2 3.4000000000000004 3.8000000000000003 0 0 5.800000000000001 5.6000000000000005 2.2 0.2 0 1.8 2.4000000000000004 2.2 1.6 0 0 0 0 0 0 0 0 0 0 0 0 0 0.2 0 0 0 0 0 0 0 0 0 0 0 0 0 0 0 2.2 0 0 0 0 0 0 0 0 0 0 0 0.2 2 0.6000000000000001 2.2 0 0 0.2 2.6 0 2.4000000000000004 0 0 0 0.2 0 0 0 0 1.8 4 2.6 2 1.8 0 4 5.2 1.4000000000000001 3.6 0 1.8 1.6 5 3.6 3.6 0 0.2 2 1.6 0.2 0 0 0 0 0 0 0 0 0 0 0 0 0 0 0 0 0 0 0 1.8 1.4000000000000001 0 0 0.2 0 0 0 0 0 2.6 0 0 0 0 0 0 0 0 0 0 0 0 0 0 0 0 0 0 0.4 0 0 0 0 2.2 0 0 15.4 0 0.4 0.4 0 0 0 0 0 0 0 0 0 0.4 0 0 0 0 0 0 0 0 0 0 2.8000000000000003 0 0 0 0 0 0 0 0 
 0 0 0 14.600000000000001 11.600000000000001 14.8 0 0 0.2 0 14.4 12.4 1.4000000000000001 0 0 0.4 0.2 0.6000000000000001 0.2 0 34 44.400000000000006 37.2 15 30.400000000000002 7.4 30.6 0 33.4 40.800000000000004 36.6 5.2 52.800000000000004 33.800000000000004 16.8 71 38.800000000000004 58.400000000000006 8.6 12.4 0.4 0 0 0.6000000000000001 0 0 0 11.4 0 0 1.6 0 0.4 0 0 0 1.8 0.8 0.8 0 0 0.6000000000000001 0.6000000000000001 0 0.6000000000000001 0 0.4 5.6000000000000005 0 0 0 0.2 0.4 0.2 0.4 1.8 0 1.8 0.4 0 0.2 0 0 0 0 0 0 0 0 0 0 0 0 0 0 0 0 0 0 0 2 2 7.4 10.4 9.8 2.8000000000000003 0 1.6 7 7.800000000000001 0 5.2 2.8000000000000003 1.8 2.2 1.8 3.2 0 1.8 2.2 0 0 0 0 0 0 0.2 3.6 0 0 0 0 0 0 0 0 0.6000000000000001 0 4.2 3.6 0 0 0 0 0.4 0 0 0 0 0 0 0 0 1.2000000000000002 0 0 0 1.6 0 0.2 0 0 0 0.2 8.6 0 0 0 0 0.2 0 0 0 0 0 0 0 0 0 0 2.4000000000000004 1.8 3.4000000000000004 0.2 0.2 0 2.4000000000000004 3.8000000000000003 5.2 12.600000000000001 5.4 0.8 1.4000000000000001 3 0 3.8000000000000003 3.8000000000000003 6.2 0 0.2 0.2 0 0 0 0 0 0.6000000000000001 0 0 0 0 0 0 0 0 0 0 0 0 0 0 0 0 0 0 0 0 0 0 0 0 0 0 0 0 0 0.4 0 0 0.2 0 0 0 0 0 0 0 0 0 0 0 0 0 0 1.2000000000000002 0 0 0.2 0.2 0 0.8 0 0 0 0.2 0 4 0 0 0 0 0 0 0 0 0 0 0 0 1 0 0 0 0 0 0 0 0 0 0 
 0 0 0 0 0 22.200000000000003 0 0 0 0 0.4 15 0 0 0 0 0 0.4 0 0 9.600000000000001 88.80000000000001 33.800000000000004 13.8 13.8 50.2 101.2 33.4 0 13.600000000000001 67.60000000000001 5.4 38 19.8 18.2 50.6 10.600000000000001 6.800000000000001 15.8 75.2 1 0.4 0 0.6000000000000001 0 0 0 0 0.4 0 0 0 0.4 0 0 0 0 0.6000000000000001 0.4 0 0 4.800000000000001 0.6000000000000001 0 0 0 0.4 0 0 0 0 0.6000000000000001 0 0.6000000000000001 0 1 0 0.4 0.6000000000000001 0 0 0 0 6.4 0 4 0 0 0 0 0 0 0 0 0 0 0 0 0 0 1.8 8.6 0.2 0.2 0.2 4.2 0.2 2.8000000000000003 3.2 10.200000000000001 3.8000000000000003 2.4000000000000004 8 0 0 1 1.2000000000000002 0.4 1.8 5 0 0 0.2 0 0 0 0 0 0 0 0 0 0 0 0 0 0 0 5.2 2.4000000000000004 0 0 0 0 0 0 1.8 0 0 0 1.2000000000000002 0 0 0 0 0 0 0 1 0 0 0 0 0 0.6000000000000001 0.2 0.2 0 0 0 0 0 0 0 0 0 0 0 0 0 7.2 6.4 9.600000000000001 0.2 0.2 0 4.2 9 3.4000000000000004 8.8 5 2 2.2 2.2 8.6 13.600000000000001 2 0 2.4000000000000004 0 0 0 0 0 0 0 0 0 0 0 0 0 0 0 0 0 0.2 0 8.6 0 0.2 0 0 0 0 2.8000000000000003 0.2 0 0.4 0 0 0 0 0 0 0 0 0 0 0 0 0 0 0 0 0 0 0 0 0 0 0 0 0 1.2000000000000002 0 0 0.2 0 0.4 3.8000000000000003 0.2 0 0 0 0 2 0 0 0 0 0 0 0 0 0 0 0 0 0 0 1.8 0 0 0 0 0 0 0 0 
 0.4 0.6000000000000001 0.8 0.6000000000000001 1.2000000000000002 0.4 0.6000000000000001 0.4 1 0.6000000000000001 16.2 0.8 0.4 0.4 0.6000000000000001 0.6000000000000001 0.4 0.6000000000000001 0.4 0.6000000000000001 10.8 21.8 33.6 45.800000000000004 27.200000000000003 10.4 5.2 40.800000000000004 13.600000000000001 0 29 38.6 27.8 34.800000000000004 49 36.6 64 34.2 23.8 77.80000000000001 0.6000000000000001 0.4 0.8 1.4000000000000001 0 0.2 0 0 0 0 0.4 0 11.4 0 0 0 0 2 20.8 13.4 0 5.6000000000000005 0.6000000000000001 0.8 0 1.4000000000000001 7 0 0 0 0.4 0.6000000000000001 0 0.6000000000000001 0 0 0 0.4 0.6000000000000001 0 0 0 0 0 0 0 0 0 0 0 0 0 0 0 0 0 0 0 0 0 3.2 0 1.6 6.6000000000000005 9.600000000000001 2.2 0 1.6 9 4.800000000000001 0.2 0.2 0 0 2.2 5 4.6000000000000005 6.2 0 0 0 0 0 0 0 0 1 2.4000000000000004 0 0 0 0 0 6.800000000000001 3.2 0 0.2 0 3.8000000000000003 1.2000000000000002 0 0 0 0 0 0 0 0 0 0 0 0 0 0.4 0 0 0 0 0 0 0 6.2 0 0 0.2 0 0 0 0 1.6 0 0 0 0 0 0 0 0 0 0.2 0 0 3.6 3.2 0 4.2 0 0 4.2 5 4.4 2.4000000000000004 1.8 0 0 0 8 8.6 0 0 0 0 1.8 4.2 0 0 2 0 2.8000000000000003 1 0 0 0 0.4 0 0 0 0 0 1.2000000000000002 0 0 0 0 0 0 0 0 0 0 0 0 0 0 0 0 0 0.4 0 0 0 0 0 0 0 0.2 0 0 0 0 0 0 0 0 1 0 0.4 23.200000000000003 0.4 0.4 0.6000000000000001 1.8 0 0 0 0 0 0 0 0 0 0.4 0 0 0 0 0 0 0 2 0 0.2 0 0 0 0 0 0 0 0 
 0 0.2 0.2 0.2 0 0 0.2 0.4 0 7.800000000000001 0.2 0.8 0 4 0.4 0 0 1.2000000000000002 0.4 0.2 24.200000000000003 10.200000000000001 64 34.800000000000004 35.800000000000004 24.200000000000003 51.6 36.6 67.60000000000001 29 0 8.6 11.4 21.8 13 37.2 21.6 8.8 7.6000000000000005 29 0.6000000000000001 0.4 0.6000000000000001 0.6000000000000001 0 0 0 0 0 0 0 0 13 0 0 0 0 0.6000000000000001 4 1.4000000000000001 0 0.6000000000000001 0.6000000000000001 0 0 2 0.4 0 0 0 0 0.6000000000000001 0 0.6000000000000001 0 0 0 0.4 0.6000000000000001 0 0 0 0 0 0 0 0 0 0 0 0 3.4000000000000004 0 0 0 0 0 0 0 0 0 0 1.6 0 3.4000000000000004 0 0 3.6 0 0.4 8.8 4 3.4000000000000004 2.6 2.8000000000000003 0.2 0 8.200000000000001 0 3.4000000000000004 3.6 0 0.4 0.2 0 0 3.8000000000000003 0 0 0 0 0 2.8000000000000003 0 6.4 0 0 0.2 0 2 2.6 0 0 0 0.2 0.4 0 0 0 0 0 0 0 0 0 0 1.2000000000000002 0.8 2.2 0 0 0 0 0 0.4 0 0 0 0 0 0 0 0 0 0 0 0 0 0 0 8.6 6.800000000000001 4 5.2 2 7.6000000000000005 0 1.2000000000000002 4.2 1.8 0 3 0 0 2.2 2.4000000000000004 2.6 0 0 2.2 0.8 0 0 0 0 0 2 0 3 0 0 0 0 8.200000000000001 0 0 0 0 0 1.4000000000000001 0 0 0 0 0 0.2 0 0 0 0 0 0 0 0 0 0 0 0 0 0 0 0 0 0 2.2 0 0.2 0 0 0 0 0 0 0 1.6 0.2 0 16.2 0.2 0 4 0 0 0 0 0 0 0 0 0 0 0 0 0 0 0 0 0 0 0 0 0 0 0 0 0 2.2 0 0 0 
