 0 31.200000000000003 75.4 28.400000000000002 41.2 8.200000000000001 34 56.2 25.400000000000002 24.200000000000003 6.4 4.6000000000000005 70.4 47 29.200000000000003 26.8 32.2 10 13.200000000000001 7.800000000000001 0.6000000000000001 0 0 0 0 0.4 0 0.6000000000000001 0 0 0.6000000000000001 0.6000000000000001 0.8 0.4 0.8 0.4 0.2 0 0 0.6000000000000001 0 0 0 0 0.4 0.8 1.2000000000000002 0 1.8 0 0 0 0.6000000000000001 0 0 12.8 0 0.6000000000000001 0 0 0 0 1.2000000000000002 0 0 0.8 0.4 1.8 0 1.8 0.8 7.4 0 0 0 0.4 0.4 0.8 0.8 0.4 0 9.8 3.2 0.2 2.2 2.6 0.2 5.6000000000000005 9.4 1.6 2.6 3.2 6.6000000000000005 13 5.6000000000000005 0.2 2.4000000000000004 2.6 0 3.2 4.2 0 0 0 0 0 2 0 0 0 0 0 0 0 0 0 0 0 0 0 0 0 0 0 0 0 0 0 0 0 0 0 0 0 0 0 0 0 0 0 0 0 0 0 0 0 0 0 0 0 0 0 0 0 0 0 0 0 0 0 9.600000000000001 1.8 8.6 0 3.2 8.8 4.2 6.800000000000001 4.6000000000000005 2.2 0 0 0 0 2 10.8 7 4.6000000000000005 0 2.4000000000000004 0 0 0 0 0 0 0 0 0 0 0 0 0 0 0 0 0 0 0 0 0 3.6 0 0 0 0 0 0 0 0 0 0 0 0 0 0 0 0 0 0 0 0 0 0 0 0 0 0 0 0 0 0 0 0 0 0 0 0 0 0 0 0 0 0 0 0 0.2 0 8.6 0 0.4 0.6000000000000001 0 0 0 0 0 0 0 0 0 0 2.2 0 0 0 0 0 0 0 0 0 0 0 0 3.6 1.6 0 0 0 0 0 0 0 0 0 0 0 0 0 
 31.200000000000003 0 35.4 30.8 69 6.2 56.2 11.4 45.2 65 62.6 47 55 25.400000000000002 93.60000000000001 11.600000000000001 24.8 10.200000000000001 70.60000000000001 6.4 0.8 0 0 0 0 0.4 0 0.6000000000000001 0 0 0.6000000000000001 0.6000000000000001 0 0.6000000000000001 0.2 0.2 16.400000000000002 0 0.2 1 0 0 0 6.6000000000000005 0.4 0 0 0 0.6000000000000001 0 0 0 0.6000000000000001 0 0.2 17 0 0 0 0 0 0 0 0 0 1.6 0.4 0.6000000000000001 0 0 0 0 0 0 0 0.4 0 0 0 0.6000000000000001 0 8.6 6.4 7 5 4 0 3.2 6.2 2 4.4 1.8 2.8000000000000003 2 3.8000000000000003 6 12.200000000000001 4.2 0 0 2.8000000000000003 0 0 0 0 0 0 0 0 0 0 0 1.8 0 0 0 0 0 2 0 0 0 0 0 0 0 0 0 0 0 0 0 0 0 0 0 0 0 0 0 0 0 0 0 0 0 0 0 0 0 0 0 0 0 0 0 0 0 0 0 2.6 4.4 5 0 0 7.2 3.8000000000000003 6.800000000000001 0 0 2 7 16.6 0.8 4.4 4.6000000000000005 11 4.2 0 0 0 0 0 0 0 0 0 0 0 0 0 0 1.4000000000000001 0 0 0 0 0 0 0.4 0 2.6 0 0 0 0 0 0 0 0 0 0 0 2.2 0 2.4000000000000004 0 0 0 0 0 0 0 0 0 0 0 0 0 0 0 0 0 0 0 0 0 0 0 0 0 0 0 0 0 0 0 0 0.4 18.2 0 2 0 0 0 0 0 0 0 0 0 0 0 0 0 0 0 0 0 0 0 0 0 0 0 0 0 0 0 0 0 0 0 0 0 0 0 0 0 0 
 75.4 35.4 0 24.400000000000002 7.6000000000000005 52 44 17 35.6 90.2 12 9 14.8 8 12.8 65.2 33.2 44.800000000000004 62.800000000000004 25.8 0.6000000000000001 0 0 0 0 0.4 0 0.6000000000000001 0 0 0.6000000000000001 0.6000000000000001 0 15.4 0.6000000000000001 0.2 0 0 14.600000000000001 12.8 0 0 0 0 0.4 0 0 0 0.6000000000000001 0 0 0 0.6000000000000001 0 0 13 0 5.800000000000001 0 14.8 0 0 0 0 0 0 0.4 0.6000000000000001 0 0 0 0 0 0 0 0.4 0 0.2 0 0.4 4 3.6 2.2 2.8000000000000003 0 4.2 1.8 2.6 0.2 0 3.4000000000000004 0 0 3.6 2.4000000000000004 1.8 1.8 6.2 2.8000000000000003 4 0 0 0 0 0 0 0 2.2 0 0 0 0 0.6000000000000001 0 0 0 0 0 0.6000000000000001 0 0 0 0.4 0.4 0 0 0 0 0 0 0 0 0 0 0 0 0 0 0 0 0 0.2 0 0 0 0.2 0 0 0 1 0 0 0 4.800000000000001 0 0 0 4 2.2 0 1.4000000000000001 0 0.2 4.6000000000000005 0 3.2 10.8 4.4 0 7.800000000000001 0 9.4 3.6 2.8000000000000003 4.6000000000000005 2.8000000000000003 0.2 3.2 0 2 11 0 0 0 0 0 3.4000000000000004 2.2 0 0.2 0 0 0 4.6000000000000005 0 1.6 0 0.4 2 0.4 0 0 0 0 0 0 0 0 0 0 0 0 0 0 0 0 3.2 0 0 0 0 0 0.2 0 0 0 0 0 0 0 0 0 0 0 0 0 0 0 0 0 0 1.8 0 0 0 0.4 35.4 0 20 0 0.4 2 0 0.8 0 0 0 0 0 0 0 0 0 0 0.4 0 0 0 0 0 0 0 0 0.4 0 2.2 0 0 0 0 0 0 0 0 0 0 0 0 0 0.4 
 28.400000000000002 30.8 24.400000000000002 0 45.400000000000006 7.800000000000001 55.2 95.60000000000001 53.2 58.800000000000004 32.4 66 57 27.8 32.2 29.6 29.6 38.800000000000004 13 13.8 1.2000000000000002 0 0 0.8 0 0.4 0 0.6000000000000001 0 0.2 0.6000000000000001 1 14.8 15 1.4000000000000001 0.8 0.4 0 0.2 0.6000000000000001 1.6 0 0 0 0.6000000000000001 2 0.2 2 0.6000000000000001 0 0 0 0.8 1.8 2 13.200000000000001 0 0.4 0 0 0 0 0 0 0 0 0.4 0.6000000000000001 0 1 0 0 0 0 0 0.4 0 1.4000000000000001 0 0.4 0.8 0 8.8 0 3.6 2.6 0 0.4 1.2000000000000002 2 15.8 3.4000000000000004 0 3.2 0.8 5.2 4.800000000000001 0 0 0 3.2 0 0 0 0 0 8 4 0.4 0 0 0 0.2 0 0 0 0 0 7.4 0.6000000000000001 0 0 0 0 0 0 0 0 0 0 0 0 0 0 0 0 4.2 0 0 0 0 0.4 0 0 0 0.2 0 0 0 0.4 0 0 0 1 0 0 0 0 0 0 3.6 0.2 6.4 0.2 0.2 2 3.4000000000000004 0.4 0 0.2 10.200000000000001 2.8000000000000003 3 1 0 0 0.8 5.6000000000000005 0 0 2.2 0 3 0 0.2 0 2.2 0 0 0 0 0 1.4000000000000001 0 0.4 0 0 0 2.2 4 3 0.2 0 0 0 0 0 0 0 2.4000000000000004 0 0 0 1.4000000000000001 0 0 0 0 0 0 0 0 0.4 0 0 0 0 0 0 0 0 0 0 0 0 0 0 0 0 0 0 0 0 0 0 0.4 17.8 0 0.2 17.400000000000002 0.4 0.4 0 0.2 0 0 0 0.2 0 0 0 0 0 0 0 0 0 0 0 0 3 0 0 0.2 0 3.4000000000000004 0 0.2 0 0 0 0 0 0 0 0 0 0 0 0 
 41.2 69 7.6000000000000005 45.400000000000006 0 30.6 12.8 28.200000000000003 42.400000000000006 16.2 37 56.400000000000006 60.800000000000004 14.200000000000001 30.6 29.8 44.800000000000004 28.200000000000003 14.600000000000001 15.4 4.800000000000001 5 1 0 1 0.4 4.4 16.400000000000002 2.4000000000000004 0.4 1 1.2000000000000002 14.600000000000001 15.8 8.200000000000001 0.2 15.600000000000001 0 14.8 0.6000000000000001 0 0.4 0 0.2 0 0.6000000000000001 0 0 0.6000000000000001 0.6000000000000001 0.4 0 1 0.2 0.4 8.6 0.4 0.6000000000000001 0 0.6000000000000001 0.4 1.4000000000000001 0.4 0 0 1 0.8 0.6000000000000001 0 0 0 0 0 0.2 0 0.4 0 1.4000000000000001 0 0.6000000000000001 0.2 0.2 3.6 4 0 9.8 0.2 0 6.4 4 2.4000000000000004 0 0 0 0 7.4 5 0 0 0 2.8000000000000003 1.4000000000000001 0.2 1.4000000000000001 0 0 0 2 0 0 1 0 4.2 3.2 0 4.2 0 2 4.2 2.2 0 0 0 0 0 0 0 0 0 0 0 0 0 0 0 0 0 0 0 0 0 0 1.2000000000000002 0 0 0 0 0 0 0 0 0 0 0 0 0 0 0 0 0 1.2000000000000002 12.200000000000001 0.2 4 4.800000000000001 0.2 0 0 4 0 3.8000000000000003 3 0 3.2 0 1.4000000000000001 0 0 0 0 0 0 4.6000000000000005 0 0 0 6 3.8000000000000003 0.6000000000000001 0 0 0.4 1.8 3.4000000000000004 2 0.2 2.2 1.8 5 0 0 0 0 0 0 0 0 0 0 0 0 0 0 0 0 0 0 0 0 0 1.4000000000000001 0 0 0 0 0 0 0 0 0 0 0 0 0 0 0 0 0 0 0 0 0 0 0 0 0.4 0 0.4 0.4 10.8 0 1.2000000000000002 0.6000000000000001 0 0 0 0 0.4 0 0 0 0 0 0 0 0.4 0 0 0 0 0 0 0 0 0 0 0 4 0 0 0 0 0 0 0 0 0 0 0 0 
 8.200000000000001 6.2 52 7.800000000000001 30.6 0 7.800000000000001 48.2 26.400000000000002 11.200000000000001 11 68.8 6 63.400000000000006 56 9.8 26.400000000000002 92.4 15 8.4 46.400000000000006 27.200000000000003 4.6000000000000005 0 0 0.4 16 28.400000000000002 0 0.4 0.6000000000000001 15.200000000000001 16.6 20 29.8 17.400000000000002 15.200000000000001 14.8 30.400000000000002 0.4 0 0 0 0 0.2 0 0 0 0.6000000000000001 0 0 0 0.6000000000000001 0 0 0.4 0 0 0 0 0 0 0.8 0 0 0 0.4 0.6000000000000001 0 0 0 0 0 0 0 0.4 0 0 0 0.6000000000000001 0 0 0 2.8000000000000003 1.8 1.4000000000000001 0 0 0 0.2 0.8 0.8 0 0 0 0 0 0 0 0 4.6000000000000005 5.800000000000001 4.6000000000000005 0 0 0 7.4 3.2 0 0 1.8 0 3 8 1.8 0 4.2 0.2 0 3 0 0 0 0 0 0 0 0 0 0 0 6.4 0 0 0 0 1.8 0 0 0 0 0 0 0 0.4 0 0 0 0.4 0 0 0.8 0 0 0 0 0 0 0 0 0 0 1.2000000000000002 4.2 0 9 0.4 0 0 0 0.8 0 0 0.8 0 0 0.8 0 0 0 0 2.2 0.6000000000000001 2.8000000000000003 0 0 4.4 2.8000000000000003 7 0 4 2.8000000000000003 6.6000000000000005 2 6.6000000000000005 3.6 12.4 0.6000000000000001 7.800000000000001 5.4 0 0 0 3 0 0 0 0 0 0 0 0 0 0 0 0 0 0 0 0 0 0 0 0 0 0 0 0 0 0 0 0 0 0 0 0 0 0 0 0 0 2.4000000000000004 0 0 0 0 17 0 0 1.8 0.2 1 0 0 0 0 0 0 0 0 0 0 0 0 0 0 0 0 0 0 0.2 0 0 0 0 0 0 0 0 0 0 0 0 0 0 0 0 0 0 0 
 34 56.2 44 55.2 12.8 7.800000000000001 0 58.6 30.8 6.800000000000001 8.4 9.200000000000001 77.60000000000001 48.6 47.400000000000006 19.400000000000002 20.6 5.800000000000001 122.2 26.6 1 0 0.2 1.2000000000000002 0 0.4 0 0.6000000000000001 0 0.2 0.6000000000000001 1.6 0.6000000000000001 0.4 0 1 0.4 0 0 1.2000000000000002 0 0 0.4 0 0.2 0.2 0.6000000000000001 0.4 0.6000000000000001 0 0 0 0.6000000000000001 0.2 0 0 0 12.8 0 0.4 0.4 0 0 0 0 0 0.4 0.6000000000000001 0 0.4 5.4 0 0 0 0 0.4 0.2 1.2000000000000002 0.4 0.4 2.2 4.800000000000001 6.2 0 0 3.2 8.200000000000001 8.6 0 0 0 0.8 1.4000000000000001 7.2 0 5 0.8 8.4 2.2 0 0 0 0 0.4 0 0 0 0 0 0 0 0 0 0 0 1.4000000000000001 0 0.4 0 0 0 0 0.2 0 0.2 0 0 0 0 0 0 0 0 0 0 4 0 0 0 0 0 2.8000000000000003 0 0 0 0 0 0 0 0 0 0 0 0 0 0 0 0 0 0 18.8 4 2.2 0 0 0 5.800000000000001 4.800000000000001 0 9.600000000000001 2.2 3.6 5.4 0 6.6000000000000005 0 8.200000000000001 9 0 0 0 0 0 0 0 0 0 0 0 0.4 0 0 0 0 0 0 0 0 4 0 0 2 0 0 0 1.4000000000000001 0 0 0 0 0 0 0 0 0 0 0 0 0 0 0 0 0 0 0 0 0 0 0 0 0 0 0.4 0 0 0 0 0 0 0 0 0 0 0 0 0.2 0.4 0 0 0.4 0 0.4 0 0 0 0 0 0 0 0 0 0 0 0 0 0 0 0 0 0 0 0 0 0 0 4 0 0 0 0 0 0 0 0 0 0 0 0 0 0 
 56.2 11.4 17 95.60000000000001 28.200000000000003 48.2 58.6 0 12 26.8 41.800000000000004 8.200000000000001 66 15.200000000000001 35.2 25.8 58.6 8 10.8 47.2 0.6000000000000001 0 0 0 0 0.4 0.4 0.6000000000000001 0 0 0.6000000000000001 1 0 0.4 0 0.4 0 0 0 0.6000000000000001 0 6.4 0 0 0.4 0.2 0.2 0 0.6000000000000001 0 0 0 0.6000000000000001 0.2 0 0 0 5.2 0 0 0 0 0 0 0 0 0.4 2 0.8 0 0 0 0 0 0 0.4 0.2 0 0 0.4 5 13.200000000000001 3.2 0 7.4 0 1.2000000000000002 5.6000000000000005 4.800000000000001 3.6 0 1.4000000000000001 1.4000000000000001 0 9.200000000000001 1.8 2.2 2.2 9.4 4.2 0 0 0 0 0 0 4.800000000000001 0 0 0 0 0 0 0 0 0 0 0 0.4 0.2 0 0 0 0 0 0 0 0 0 0 0 0 0 0 0 0 0 0 0 0 0 0 0 0 0 0 0 0 0 0 0 0 0 0 0 0 0 0 0 0 0 0 0.2 0 0.2 0 0 8.200000000000001 2.8000000000000003 0.6000000000000001 4.2 0 2 0 0 6 4.800000000000001 7.2 5.6000000000000005 8.200000000000001 0 0 0 0 0 0 0 0 0 0 0 0 0 0 2.4000000000000004 0 0 0 0 0 0 0 0 0 0 0 0 0 0 0 4.4 0 0 0 0 0 3.2 0 0 0 0 0 0 0 0 0 0 0 0 0 0 0 0 0 0 0 0 0 0 0 0 0 0 0 0 0.4 0 0 17.8 0.4 0 1.2000000000000002 2.2 0 0 0 0 0 0 0 0.2 0 3.2 0 0 0 0 0 0 0 0 0 0 2.2 0 0 0 0 0 0 0 0 0 0 0 0 0 0 0 0 
 25.400000000000002 45.2 35.6 53.2 42.400000000000006 26.400000000000002 30.8 12 0 72.2 30.400000000000002 56.2 36.800000000000004 14.600000000000001 17.2 31.400000000000002 28.6 151 36.4 10.8 1.8 0.4 0 0.6000000000000001 0 0.4 0.2 0.6000000000000001 0 0 1 1.4000000000000001 0.4 1.2000000000000002 0 0.2 1 0 15 0.6000000000000001 0 0 0 0 0 0.2 0 0.4 1 0 0 0 12.8 0 0 13 0 6.800000000000001 0 0.4 0.4 0 0 0 0 0 1.4000000000000001 1.2000000000000002 0 0 0.4 0.4 0 0 0 0.4 0 5.800000000000001 0 0.6000000000000001 1.6 0 4.4 1.8 4 1.8 0 2 5.800000000000001 7.4 10.600000000000001 7.800000000000001 2.2 0 1.2000000000000002 6 2.8000000000000003 6 0 3.2 0 0 0 0 0 0 6.4 0 0 0 0 0 0 0 2 0 0 0 4.6000000000000005 1.8 0 0 0 0.2 0 0 0 0 0 0.4 0 0 0 0 0 0 1.8 0 0 0 0 0 2.8000000000000003 0 0 0 0 0 0.4 0 0 0 0 0 0 0 0 0 0 0 4 0 4 2.2 0.4 4.2 0 2.2 3.8000000000000003 3.6 5 0 0 5.6000000000000005 5.6000000000000005 0 0 3 0 0 0 0.2 0 0 0 0 0 0 0 3.4000000000000004 0.2 0 2.2 0 0 0 0 0 4.4 0.8 0 0 0 0.2 0 0 0 0 0.2 0 0 0 2.2 0 0 0 0 0 0 0 0 0 0 0 0 0 0 0 0 0 0 0 0 0.2 0 0 0 0 0 0 0 2.4000000000000004 0 0 0 0.4 0.8 0 0.2 18 0 1.8 0 0 0 0 0 0 0 0 0 0 0 0 0 0 0 0 0 0 0 2.8000000000000003 0 0 0 0.2 0 0 0 0 0 0 0 0 0 0 0 0 0 0 
 24.200000000000003 65 90.2 58.800000000000004 16.2 11.200000000000001 6.800000000000001 26.8 72.2 0 98.80000000000001 135 28.200000000000003 18 19.6 16.400000000000002 47.2 79.80000000000001 18.2 38.400000000000006 16 0 0 0 0 0.4 0 0.6000000000000001 0 0 0.6000000000000001 0.6000000000000001 0.8 7.6000000000000005 0.4 0.4 15.600000000000001 0 14.8 0.6000000000000001 0 6.6000000000000005 0 0 12.4 0.2 0.2 0 0.6000000000000001 0 0.4 0 0.6000000000000001 0 0 0.4 0 12.600000000000001 0 0 0 0 0 0 0 0 0.4 0.6000000000000001 2 0 0 0 0 0 10.200000000000001 10.8 0.2 0.2 0 0.4 3.8000000000000003 1.4000000000000001 7 0 5.2 3.6 0 3.2 8.4 4.800000000000001 5.6000000000000005 0 0 0 4.800000000000001 6.800000000000001 3.2 3.4000000000000004 0 10.200000000000001 0.2 0 1.8 0 0 0 3.2 0 0 0.2 0 0 10 0 0 0 0 0 7 0 0 0 0 0 0 0 0 0 0 0 0 0 0 0 0 3.2 0 0 0 0 0 0 0 0 0 0 0 0 0 5.800000000000001 0 0 0 1.4000000000000001 0 0 0 0 0 0 0 0 3 11 0.6000000000000001 0 0 6.2 0 21 3.2 2.6 0 3.6 13.8 4 0.2 3.4000000000000004 2.6 3.8000000000000003 0.6000000000000001 2.6 0.6000000000000001 0 0 0 1.2000000000000002 0 0.2 0.4 0 0 2.6 3 4 0 7 0 4.4 7.4 0 0 0 0 0 0 0 0 0 0 0 0 0 0 0 0 0 0 1.2000000000000002 0 0 0 0 0 0 0 0 0 0 0 0 0 0 0 0 0 0 0 0 0 0 0 0 0 0 0.4 2.2 0.2 1 13.200000000000001 0.2 1 0 0 0 0 0 0 0 2.8000000000000003 0 0 5.800000000000001 0 0 0 0 0 0 0 0 0 0 0 0 3.2 0 0 0 0 0 0 0 0 0 0 0 0 0 0 
 6.4 62.6 12 32.4 37 11 8.4 41.800000000000004 30.400000000000002 98.80000000000001 0 34 7 28.200000000000003 31.8 66.2 55.800000000000004 32 25 13 0.8 0 0 0 0.2 0.4 0 0.6000000000000001 0 0.4 0.6000000000000001 0.6000000000000001 0 0.6000000000000001 0 0.2 0 0 0 0.6000000000000001 0 0 0 6.6000000000000005 0 0 0 3.6 0.6000000000000001 0 0 0 0.6000000000000001 0 0 21.200000000000003 0 0 0 0 0 0 0 0 0 0 0.4 0.6000000000000001 0 0 0 0 0 0 0.2 0.4 0 0 0 0.6000000000000001 2.2 1.8 5.6000000000000005 5 5.800000000000001 0.2 0 2.2 5.800000000000001 3.8000000000000003 7.4 1.6 0 0 4 10 7 2 0 1.8 2.8000000000000003 0 0 0 0 0 3.2 0 0 0 0 0 2.2 0.4 0 0 0 0 4.800000000000001 0 0 0 0 0 0 0 0 0 0.4 0 0 0 0 0 0 0 0 0 0 0 0 0 1 3.4000000000000004 0 0 0 0.2 0 0 0.2 0 0 0 0.2 0 0 0 0 1.8 0 6.2 1.8 0 5.6000000000000005 3 0 1.6 4 1.8 7 4.800000000000001 0 3.6 1.4000000000000001 4.800000000000001 2 3.6 0 0 0 1.4000000000000001 0 0 0 0 0.4 0 0 0 0 0 2.8000000000000003 0.2 0.2 0 0 0 0 1.2000000000000002 0 2.4000000000000004 0.2 0 0 3 1.4000000000000001 0 0 0 0 0 0 0 0.2 0 0 0 0 0 0 0 0 0 0 0 0 0 0 0.4 0 0 0 0 0 0 0 0 0 0 0 0 0 0 0 0 0 0 0.2 18.2 0.4 2.2 0 0 0 0 0 0 0 0 0 0 1.8 0 0 0 0 0 0 0 0 0 0 0 0 0 0 4 0 0 0 0 0 0 0 0 0 0 0 0 
 4.6000000000000005 47 9 66 56.400000000000006 68.8 9.200000000000001 8.200000000000001 56.2 135 34 0 7.4 25 23 12 18.6 31.400000000000002 56.2 10.8 20.400000000000002 17.400000000000002 15.8 0 0 0.8 15.600000000000001 16.2 0 0 15.600000000000001 0.6000000000000001 28.8 7 0.4 0 0 0.2 19.6 13.600000000000001 0 0 0 1 0 0 0 0 0.6000000000000001 0 0 0 0.6000000000000001 0 0 0.2 0 0 0 0 0 0 0.2 0 0 0 0.4 0.6000000000000001 0 0 0 0 0 0 0 0.4 0 0 0 0.6000000000000001 0 0 4.6000000000000005 0 4 3.6 0 0 2.4000000000000004 7.800000000000001 4.2 6.6000000000000005 2.6 0 0 0 0 2.2 0 0 2.8000000000000003 18.400000000000002 0 0 0 0 11 3.6 0 0 0 0 0 4.4 3.8000000000000003 0 0 0 7.4 5.800000000000001 0 0 0 0 0.2 0 0 0 0 0 0 0 0 0 0.2 0 0 0 0 0 0 0 0 0 0 3.6 0 0 0.2 0 0 0.2 0 2 0 0 0 0 0 0 0.2 0 1 1.2000000000000002 2.8000000000000003 4.6000000000000005 3.8000000000000003 0 0 0 6.2 2 3.4000000000000004 0.8 2.2 0 2 2.4000000000000004 0 0 0 2.4000000000000004 12.8 0 0 0 0 3.8000000000000003 0.4 0 0.4 0 5.4 0 4.2 0 3.8000000000000003 0 0.4 8.8 0 0 0 0 0 0 0 0.4 0 0 0 0 0 0 0 0 0 0 0 2.6 0 0 0 0 0.2 0 0 0 0 0 0 0 0 2.2 0 0 0 0 0 0 0 0 0 0 0 1.2000000000000002 0.2 0 0.4 17.2 0 1.6 0 0 0 0 0 0 0 0 0 0 0 0 0 0 0 0 0 0 0 0 0 0 0 0 0 0 0 0 0 0 0 0 0 0 0 0 0 0 
 70.4 55 14.8 57 60.800000000000004 6 77.60000000000001 66 36.800000000000004 28.200000000000003 7 7.4 0 12.8 12 32 10.200000000000001 6.800000000000001 18.6 40.2 0.6000000000000001 0 0 0 0 0.4 0 0.6000000000000001 0 0 0.6000000000000001 0.6000000000000001 0 0.6000000000000001 0 0 0 0 0 0.4 0 12.4 0 0 0.4 0 0 0 0.6000000000000001 0 0 0 0.6000000000000001 0 0 0 0 0.2 0 0 0 0 0 0 0 0 0.4 1.8 0 0 0 0.4 0 0 0 0.4 0 0 0 0.6000000000000001 1.4000000000000001 5.800000000000001 0 0 2 0 5.2 4.800000000000001 2.4000000000000004 1.6 0 1 6.6000000000000005 1.8 6.2 0 0 2 0 2 0 0 0 0 0 0 0 0 0.4 0 0 0 0 0 0 0 0 0 0 0 0 0 0 0 0 0 0 0 0 0 0 0 0 0 0 0 0 0 0 0 0 0.4 0 0 0 0.2 0 0 0 0 0 0 0 0 0 0 0 0 0 0 4.4 1.8 3 0 2.6 0 3.8000000000000003 1.8 5 2.4000000000000004 0 1 0 0.4 0 2 3.6 2.4000000000000004 5.4 3.2 0 0 0 0 0 0 0 0 0 0 0 0 0 0 0.4 0 0 0 0.4 0 0 0 0 0 0 0 0 0 0 0 0 0 0 0 0 0 0 0 0 0 0 0 0.4 0 3.8000000000000003 0 0 0 0 0 0 0 0 0 0 0 0 0 0 0 0 0 0 0 0 0 0.4 0.4 0.4 0 0.2 0.2 1.8 0.2 0 0 0 0 0 0 0 0 2.2 0 0 3.4000000000000004 0 0 0 0 0 0 0 0.2 0 0 0 0 0 0 0 0 0 0 0 0 0 0 0 0 
 47 25.400000000000002 8 27.8 14.200000000000001 63.400000000000006 48.6 15.200000000000001 14.600000000000001 18 28.200000000000003 25 12.8 0 79.2 43.800000000000004 25.6 9.8 20.400000000000002 35.4 0.6000000000000001 0 0 0 0 0.4 0 0.6000000000000001 0 0 0.6000000000000001 0.6000000000000001 0 0.6000000000000001 0 0.2 0 0 0 0.6000000000000001 0 0 0 0 0 0.2 0 0 0.6000000000000001 0 0 0 0.6000000000000001 0 0 0 0 0.2 0 0 0 0 0 0 0 0 0.4 0.6000000000000001 0.4 1.6 0 0 0 0 0 0.4 0 1.4000000000000001 0 0.6000000000000001 6.4 0 0 0 4.2 2.2 4.4 17.6 1.4000000000000001 0 0 0 0 5.6000000000000005 11 2.6 1.4000000000000001 3.6 2.2 14 0.2 0 0 0 0 0 0 0 0 0 0 0 0 0 0 0 0 0 0 0 0 0 0 0 0 0 0 0 0 0 0 0 0 0 0 0 0 0 0 0 0 0 0 0 0 0 0 0 0 0 0 0 0 0 0 0 0 0 0 0 3.6 0 3.6 0 0 2.2 6.800000000000001 1.4000000000000001 0.6000000000000001 0 0 2.2 2.8000000000000003 0 6.2 2.6 7 6 0 2.6 0 0 0 0 0 0 0 0 0 0 0 2 0 0 0 0 0 0 0 0 0 0.2 0 0 0 0 0 0 0 0 0 0 0 0 0 0 0.8 0 0 0 0 0 0 0 0 0 0 0 0 0 0 0 0 0 0 0 0 4.800000000000001 0 0 0 0 0 0 0 0 0 0.2 0.4 0.2 0.4 2.2 0 0 0 0 0 0 0 0 0 0 0 0 0 0 0 0 0 0 0 0 0 0 0 1.6 1.8 0 0 0 0 0 0 0 0.2 0 0 0 0 0 
 29.200000000000003 93.60000000000001 12.8 32.2 30.6 56 47.400000000000006 35.2 17.2 19.6 31.8 23 12 79.2 0 81 7.800000000000001 11 20.200000000000003 43 0.6000000000000001 0 0.4 0.6000000000000001 0 0.4 0 0.6000000000000001 0 0.4 0.6000000000000001 1 0 0.6000000000000001 0 0.6000000000000001 0.2 0.4 14.8 1 0 0 0 0.4 1 0 0 0 0.6000000000000001 0 0.4 0 0.6000000000000001 0 0 0 0.4 0.4 0 0 0 0 2.8000000000000003 0 0.4 0.6000000000000001 0.4 0.6000000000000001 0 1.2000000000000002 0 0.4 0 0 0 0.4 0 1.2000000000000002 0 0.6000000000000001 1.6 8.200000000000001 2 2.4000000000000004 0 2.8000000000000003 0 7 0 0 2.2 5 0 8.8 5.6000000000000005 2 0 2.8000000000000003 2.4000000000000004 0 7.2 0 0 0 0 0 1.6 0 0.4 0 0 0.2 0 3.4000000000000004 2.4000000000000004 0 0 0 0 0 0 0 0 0 0 0 0 2.8000000000000003 2.2 0 0 0 0 0 0 0 0 0 0 0 0 0 0 0 0 0 0.2 0 0 0 0 0 0 0 0 0 0 0 0 0 3.6 2.4000000000000004 5.6000000000000005 0 3.6 9.8 7.4 2 0 1.8 5.2 1.8 14.200000000000001 2.4000000000000004 3 4.800000000000001 3.4000000000000004 0.2 0 0 0 0 0 0 0 0 0 0 0 0 0 0 0 0 0.2 0 0 0 0 0 0 3 0 0 0 0 0 0 0 0 0 0 0 0.4 0 0 3.4000000000000004 0 0 0 0 0 0 0 0 0 0 0 0 0 0 0 0 0 0 0 0 0 0 0 0 0 0 0 0 0.6000000000000001 0.2 0.2 19.200000000000003 0 0 0.8 0 0 0 0 0 0 0.2 0 0 0 0 0 0 0 0 0 0 0 0 0 0 0 0 3.6 0 1.8 0 0 0 0 0 0 0 0 0 0 0 0 
 26.8 11.600000000000001 65.2 29.6 29.8 9.8 19.400000000000002 25.8 31.400000000000002 16.400000000000002 66.2 12 32 43.800000000000004 81 0 28.400000000000002 29.6 25.6 40.2 0.8 0 0 0 0 0.4 0 0.6000000000000001 0 0 0.6000000000000001 0.6000000000000001 0 0.6000000000000001 0 0.2 0 0.6000000000000001 14.4 0.6000000000000001 0 0 0 0 13 0 0.2 0 0.6000000000000001 0 0 0 0.6000000000000001 0 0 0 0 12.600000000000001 0 0 0 0 0 0 0 0 0.4 0.6000000000000001 0 0 0 0 0 0 0 0.4 0 0.4 0 0.4 3.2 2.8000000000000003 4 3 17.400000000000002 0 0.8 7.4 3.2 3.6 0 0 0 15.4 4.6000000000000005 6 2 6.6000000000000005 1.8 11.600000000000001 0 0 0 0 0 0 0 0 0 0 0 0 3 2 0 0 0 0 0 0 0 0 0 0 0 0 0 0 0 0.2 0 0 0 0 0 0 0 0 0 0 0 0 0 0 0 0 0 0 0 0 0 0 0.4 0 0 0 0 0 0 0 11.600000000000001 3.2 3.4000000000000004 0 2.8000000000000003 2.6 6 8.6 0 5.2 1.6 0 0 2.8000000000000003 7 6.6000000000000005 2.2 5.800000000000001 0 5.4 0 0 0 0 0 0 0 0 0 0 0 0 0 3 0 0 0 0 3.2 0 0 0 0 0.4 0 0 0 0 0.4 0 0 0 0.2 0 0 0 0 0 0 0 0 0 0 0 0 0 0 0 0.2 0 0 0 0 0.2 0 0 0 0 0 0 0 0 0 0 0 0.2 0.4 0.2 9.8 0 0 1.4000000000000001 0 0 0 0 0 0 0 0 0 0 0.6000000000000001 0 0 0 0 0 0 0 0 0 0 0 0 2.8000000000000003 2 1.4000000000000001 0 0 0 0 0 0 0 0 0 0 0 0 
 32.2 24.8 33.2 29.6 44.800000000000004 26.400000000000002 20.6 58.6 28.6 47.2 55.800000000000004 18.6 10.200000000000001 25.6 7.800000000000001 28.400000000000002 0 78 7.6000000000000005 8.200000000000001 1.2000000000000002 0.4 0 0.6000000000000001 0 0.4 16.2 0.6000000000000001 0 0 0.6000000000000001 1.2000000000000002 0.2 16.2 0.2 0.4 0.6000000000000001 0.4 14.8 0.6000000000000001 0 0 0 11.8 0.4 0 0.2 0.4 1 0 0 0 0.6000000000000001 0 0 12.600000000000001 0 0.8 0 0.4 0 1.8 0 0.4 0.4 0.2 0.4 0.6000000000000001 0 0 0.4 0 0 0 0.4 0.4 0.2 0.2 0 0.4 0 4.4 5.4 7.2 7.2 4.6000000000000005 0 0 5.2 0.2 9.600000000000001 0 0 4.800000000000001 0 0.2 9.8 2.6 0 3.8000000000000003 0 0.8 0 0 0 0 0 3.6 0.2 0 0 2 5.6000000000000005 0 0 1.2000000000000002 0 0 4.4 0 0 0 0 0 0 0 0 0 0 0 0 0 0 0 0 3.2 0 0 0 0 0 0 0 0 0 0 0.4 3.4000000000000004 0 2.8000000000000003 0 0 0 0.4 0 0 0 0 0 0 1 2.4000000000000004 2.2 7.2 0.4 0 1.4000000000000001 0 0 2.8000000000000003 0 5.6000000000000005 0 0 0 1.2000000000000002 0 2.6 0 0 2 0 0 0 0 0.4 1.4000000000000001 3.6 0 0 0 0 0 2.4000000000000004 0 1 0.4 0 0 0 0 0 0 0 0 0 0 0 0 0 0 0 0 0 0 0 0 0 0 0 0 0 0 0 0 0 0 0 0 0 0 0 0 0 0 0 0 0 0 0 0 3.2 0 0 0 0.2 35.4 0 20 17 0 2 0 0 0 0 0 0 0 0 0 0 0 0 0 0 0 0 0 0 0 0 0 0 0 2.2 2 0 0 0 0 0 0 0 0 0.4 0 0 0 0 
 10 10.200000000000001 44.800000000000004 38.800000000000004 28.200000000000003 92.4 5.800000000000001 8 151 79.80000000000001 32 31.400000000000002 6.800000000000001 9.8 11 29.6 78 0 63.6 9.8 11.200000000000001 15.8 0 0.6000000000000001 0.4 0.4 0 0.6000000000000001 0 0 0.6000000000000001 1.2000000000000002 0 0.6000000000000001 0.2 0.4 0.6000000000000001 0 11.8 0.6000000000000001 0 0 0 0 0.4 0 0.2 0.6000000000000001 1 0 0 0 0.6000000000000001 0 0 0.2 0 13.200000000000001 0 0.8 0.4 0 0 0 0 0 0.6000000000000001 0.6000000000000001 2 0 0.4 0 0 0 0 0.4 0 0.4 0 1 2 0 0.6000000000000001 0 1.8 1.2000000000000002 0 2.4000000000000004 5.6000000000000005 7.2 3.8000000000000003 10 2.8000000000000003 0 1.2000000000000002 0.2 2 3 0 2.6 0 2 2.8000000000000003 0 0 0 5.4 0.6000000000000001 2.4000000000000004 0 0 0 3.2 6.2 4.4 0 0 0 7.6000000000000005 3.8000000000000003 0 0 0 0 0 0 0 0 0 0 0 0 0 0 0 0 0 0.2 0 0 0 0 1.4000000000000001 3 0 0 0 0 0 0.4 0.4 0 0 0 0 0 0 0 0 0 0 0 4.4 5.4 5.4 0.4 0 3.8000000000000003 2 7.800000000000001 4 0 0 6.4 5 0 0.4 0.4 0 0 0 5.4 0.2 0 0 0 0 4.800000000000001 0 0 0 0 5.800000000000001 0.2 4.800000000000001 6.800000000000001 3.4000000000000004 2.6 4 5.2 4 0 0 2 0 3.6 0 0 0 0 0 0 0 0 0 0 0 0.4 0 0 0 0 0.2 0 0 0 0 0 0 0 0 0 0 0 0 0 0 0 0 0 0 3.6 0 0 0 0 9.600000000000001 0 1 17.6 0.4 1.2000000000000002 0 0 0 0 0 0 0 0.2 0 0 0 0 0 0 0 0 0 0 0 0 0 0 0 0 0 0 0 0 0 0 0 0 0 0 0 0 0 0 
 13.200000000000001 70.60000000000001 62.800000000000004 13 14.600000000000001 15 122.2 10.8 36.4 18.2 25 56.2 18.6 20.400000000000002 20.200000000000003 25.6 7.6000000000000005 63.6 0 43.800000000000004 0.6000000000000001 0.2 0 0.4 0 0.8 0.2 0.6000000000000001 0 1 0.6000000000000001 1 0 0.8 0.2 0.2 0.4 0 0 0.6000000000000001 0 0 0 0 1 0.6000000000000001 13 0 0.6000000000000001 0 0.4 0.4 1.2000000000000002 0.6000000000000001 0.4 0.4 0.6000000000000001 1.2000000000000002 0 0.4 0 1.2000000000000002 0 0 0 1 0.4 0.6000000000000001 0 0 0 0.6000000000000001 0 0.2 0 0.4 0 0 0 0.6000000000000001 2.2 1.6 0 0 2 2.8000000000000003 3.6 4.800000000000001 0.2 0 0.2 0.4 6.6000000000000005 3.6 4.6000000000000005 1.6 0 3.8000000000000003 4.4 0.4 0 0 0 0 0 0 0 0 2 0.4 0 0 0 0 0 0 0 0 0 0 0 0 0 0 0 0 0 0 0 0 0 0.2 0 0.2 0 0 0 0 0 0 0 0 2.6 0 0 0 0 0 3.2 0 0 0 0 0 0 0.2 0 0 0.4 0 9 2.2 3 0 0 1.4000000000000001 0 1.4000000000000001 0 2 0 2.2 5.4 1 0 0 6 2 0.6000000000000001 1.2000000000000002 0 0 0 0 0 0 0 0 0 0 0 0 0 0 0 0 0 0 0 0 0 0 0 0 0 0 0 0 0 0 0 0 0 0.2 0 0 3 0 0 0 0 0.2 0 0 0 2.2 0 0 0 0 0.4 0 0 0 0 0 0 0 0 0 0 0 0 0 0 0.8 0.2 0 0 0.4 0 1.6 0 2 0 0 0 0 0 0.2 0 0 0 0 0 0 0 0 0 0 0 0 0.2 0 0 0 0 0 0 0 0 0 0 0 0 0 0 0 0 0 
 7.800000000000001 6.4 25.8 13.8 15.4 8.4 26.6 47.2 10.8 38.400000000000006 13 10.8 40.2 35.4 43 40.2 8.200000000000001 9.8 43.800000000000004 0 0.6000000000000001 0 0.2 0 0.8 0.8 0 2.4000000000000004 0.2 0 0.6000000000000001 1 12.200000000000001 0.4 0 0.4 0.4 0 0 0.8 0 19.400000000000002 0 0 0 0.4 0.2 0 1 0 0 0 0.6000000000000001 0 0 0 9.4 0.2 0 0 0 0 0 0 0 0 0.4 1 0 0 0 0 0 0 0 0.4 0.6000000000000001 0 0 1 2.2 5.800000000000001 0 0 5 3.2 2.4000000000000004 4.2 0 0 0 0 1.6 5.6000000000000005 2 4.2 1.6 2 0 2.4000000000000004 0 0 0 0 0 0 0 0 0 0 0 0 0 0 0 0 0 0 0 0 0 0 0 0 0 0 0 0 0 0 0 0 0 0 0 0 0 0 0 0 0 0 0 0 0.4 0 0 0 0.2 0 0 0 0 0 0.2 0 0 0 0 0 0 3 0 0 2.2 3.6 3 5.6000000000000005 1.8 2.4000000000000004 0 3.8000000000000003 3.6 0 3.4000000000000004 2.2 4.2 2.4000000000000004 2.4000000000000004 2.2 0 0 0 0 0 0 0 0 0 0 0 0 0 0 0 2.8000000000000003 0 0 0 0 0 0.4 0 0 0.4 0 0 0 0 0 0 0 0 0 0 0 0 0 0 0 0 0 0 0 0 0 0 0 0 0 0 0 0 0 0 0 0 0 0 0 0 0 0 0 0 0.4 0 0 2.2 0.2 0 0.6000000000000001 4.4 0 0 0 0 0 0 0 0 0 2.2 0 0 0 0 0 0 0 0 0 0 0 0 0 0 0 0 0 0 0 0 0 0 0 0 0 0 0 
 0.6000000000000001 0.8 0.6000000000000001 1.2000000000000002 4.800000000000001 46.400000000000006 1 0.6000000000000001 1.8 16 0.8 20.400000000000002 0.6000000000000001 0.6000000000000001 0.6000000000000001 0.8 1.2000000000000002 11.200000000000001 0.6000000000000001 0.6000000000000001 0 36.2 45.400000000000006 26.200000000000003 7.800000000000001 4.800000000000001 75.2 27.8 5 8.4 11.200000000000001 10 32.4 44 24.200000000000003 15.200000000000001 7.800000000000001 6.4 38 17.6 0 0 0 0.2 1.2000000000000002 1 0.4 0 0 0 0.4 0 0.4 0.2 0 0.4 0.4 0.6000000000000001 0 0 0 11.600000000000001 0.6000000000000001 0 0 0 0 0 0 0.4 1.4000000000000001 0.6000000000000001 0.2 0 0 0.4 1 0 0 0 0 0 0 0 0 0.4 0 0 0 4.2 0 2 0 0 0 0 0 0 0 0 5.4 5.6000000000000005 0 1.4000000000000001 2 1.8 7.4 2.4000000000000004 0.2 0 0 0 5.4 5.2 4.2 5 7.800000000000001 6.800000000000001 4.800000000000001 8.4 0 0 0 0 0.2 0 0 0 0 0 0 0 0 0 0 0 0 0 0 1.8 0 0 0 0 0 0 0.4 0 0 0 0 0 0 0 1.8 0 0 0 0 0 0 0 1.8 1 2 0 0 0 0 0 0.4 0 0 3.2 0 0 0.6000000000000001 0 0 0 0 4 2.4000000000000004 0 3 0 2.6 5.6000000000000005 1.8 0 0.4 4 7.2 3 5 8 9.8 3.6 8 9 0 0 0 0.2 0.2 0 2 0 0 0 0 0 0 0 0 0 0 0 0 0 0 0 0 0 0 0 0 0 0 0 0 0 0 0 0 0 2.2 0 0 0 0 0 0 0 0 0 0 0 0 15 0 0 0 0 0.4 0 0.4 0 0.2 0 0.2 5.4 0 0 0 0 0 0 0 0 0 0 0 0 0 0 0 0 0 0 0 2.2 0 0 0.2 0 0 0 0 0 
 0 0 0 0 5 27.200000000000003 0 0 0.4 0 0 17.400000000000002 0 0 0 0 0.4 15.8 0.2 0 36.2 0 31.200000000000003 80 10.4 20.200000000000003 14.4 33 32.800000000000004 24.200000000000003 12.4 93 9.4 87.2 36.6 24.400000000000002 35.4 17.8 40.400000000000006 12.200000000000001 0 0.4 0 0 0.2 0.4 0 0 0 0 0 0 0.4 0 0 0 0.4 0.6000000000000001 0 0 0 0 1.2000000000000002 0 0.6000000000000001 0.4 0 0 0 0 0.6000000000000001 1.2000000000000002 0 0.4 0 0 0.4 0.4 0 0 0 0 0 0 0 1.2000000000000002 1.8 0 0 0.2 0 0 0 0 0 0 0 0 0 0 0 1 4.800000000000001 0 0 2.4000000000000004 2.8000000000000003 4.2 4.4 7.2 0.4 0 0.2 0.8 2.6 0.2 1.8 6.6000000000000005 0 0.4 0 0 0 0 0 0 0 0 0 0 0 2.2 2.6 0 0 0 0 0 0 0.6000000000000001 0 0 0 0 0 0 0 0 0 0 0.6000000000000001 0 0 0 0 0 1.6 0 0 0 0.2 0 0.2 0 3 0 2.6 0 0 0 0 0 0 0.2 0 0 0 0 0 0 2.8000000000000003 0 2.2 1.8 0 2 4.2 5.800000000000001 8.200000000000001 0.2 3.2 0 7.800000000000001 5.4 2.6 4.800000000000001 0 8.200000000000001 3.4000000000000004 3 0 0 0 0.2 0 0 1.6 3.2 0 0.2 0 0 5.2 0 0 0 0.2 0 3 0 0 0 0 0 0 0 0 0 0 0 0 0 0 1.8 0 0 0 0 0 0 0 0 0 0 0 0 14.600000000000001 0 0 0 0 0 0 0.4 3.6 0 0 15.4 0 0.4 0.2 0.4 0 0 0 0 0 0 0 0 0 0 0 0 0 0 0 0 0 0 0 0 0 0 0 0 0 0 0 0 
 0 0 0 0 1 4.6000000000000005 0.2 0 0 0 0 15.8 0 0 0.4 0 0 0 0 0.2 45.400000000000006 31.200000000000003 0 45.400000000000006 70.2 18.6 26 16.2 57.2 23.8 43.800000000000004 21.6 20 27.8 43.400000000000006 12.4 8.4 31.200000000000003 64 28.400000000000002 0 0 0 0 0.2 0.6000000000000001 0 0 0 0 0 0 0.8 0 0 0.8 1.2000000000000002 0.6000000000000001 1.6 0 0 0 1.6 0 0 0 0 0 0 10.600000000000001 0 0.6000000000000001 0.2 0 0 0 0.6000000000000001 0 0 0 0 0 0 0 0 0 0 0 0 0 0 0 0 0 0 0 0 0 0 0 0 2.4000000000000004 3 0 6.6000000000000005 4.4 9 0 4 3.2 7.6000000000000005 0 1.2000000000000002 0.2 0.4 4.6000000000000005 11.4 5.2 0 5.800000000000001 0 0 0 0 0 0 4.4 0 1.6 0 0 2.8000000000000003 4 7 0 0 4.800000000000001 0 0 8.6 0 0 0 0 0 0 0 0 0.6000000000000001 0 0 0.2 0 0 0 0 0 0 0 0 0 0 0 0 0.2 0 0 0 0 0 0 0 0 0 0 0 0 0 0 0 0.2 1.4000000000000001 12.600000000000001 12.600000000000001 15.4 5.800000000000001 2.6 4 6.2 3.6 9.4 3.8000000000000003 5.800000000000001 0 0 3.6 0 0 0 6.800000000000001 0 0 0.4 0 0 0 3.4000000000000004 0 0 0 0 0 4.2 1.8 0 0 0 0 0 6.2 0 0 0 0 0 0 0 0 0 0 0 0 0 0 0 0 0 0 0 0 0 0 2.8000000000000003 0 0 0 0 0 0 0 0 0 0 0 0.4 0 0 0 0 0.4 0.4 0.6000000000000001 0 0 0 0 0 0 0 0 0 0 0 0 0 0 0 0 0 0 0 5.2 0 0 0 2.4000000000000004 0 0 0 0 
 0 0 0 0.8 0 0 1.2000000000000002 0 0.6000000000000001 0 0 0 0 0 0.6000000000000001 0 0.6000000000000001 0.6000000000000001 0.4 0 26.200000000000003 80 45.400000000000006 0 37.4 10.200000000000001 26.200000000000003 10.600000000000001 35.800000000000004 44.800000000000004 16.2 23 17.8 18.6 74.2 25.8 27.200000000000003 19.400000000000002 14.8 54.800000000000004 0 0.2 0 0 0.2 0.6000000000000001 0 0 0.4 0 0 0 0.4 0 9.8 1 15.8 0.6000000000000001 14.4 0 0 0 0.6000000000000001 0 0 0 0 0 0 0 0 0.6000000000000001 0 0 0 0 0.6000000000000001 0 0 0 0 0 0 0 0.2 0 0 0 0 0 0 0 0 0 0 0 0 0 0 0 0 0 1.8 0 5.4 7.800000000000001 0 0 3.4000000000000004 8 3.6 3.4000000000000004 0 0 0 3 0 3.2 0 0 3.8000000000000003 0 0 2 0 0 4.2 0.4 3.8000000000000003 0 0 0 2.4000000000000004 3.6 0 0 0.2 0 2.8000000000000003 0 0 0 0 0 0 0 0 0 0 0 0.6000000000000001 0 0 0 0 0 1.6 0 0 3.2 0 0 0 0 1.8 0 5.6000000000000005 0 0 0 0 0 0 0 0 0 0 0 0 0 0 0 2 1.2000000000000002 2.4000000000000004 1.2000000000000002 0 0 2.4000000000000004 2.6 2.2 2.6 0 0 0 2.8000000000000003 0 0 0 0 0 2 1.8 0 0 0 4.2 2.6 0 0 0 0 11.200000000000001 4.2 0 0 0 0 4.2 0 0 0 0 0 0 0 0 0 0 0 0 0 0 0 0 0 0 0 0 0 0 0 0 0 0 0 0 0 0 0 0 0 0 0 1 0 0 17 0 0 0.6000000000000001 0.4 0 0 0 0 0 0 0 0 0 0 0 0 0 0 0 0.4 0 1.8 0 2 0 0 0 0 0 1.4000000000000001 0 0 
 0 0 0 0 1 0 0 0 0 0 0.2 0 0 0 0 0 0 0.4 0 0.8 7.800000000000001 10.4 70.2 37.4 0 30.400000000000002 7.2 58.2 46.800000000000004 89.2 94.2 10.600000000000001 58.6 64.4 83 28.8 69.60000000000001 22 52.400000000000006 9 0 12.600000000000001 0 0 0.2 0.8 4.800000000000001 12.600000000000001 0 0 0 0 6.6000000000000005 5.6000000000000005 19.400000000000002 0.8 1.2000000000000002 0.6000000000000001 5.2 4 0 0 0.6000000000000001 0 0 0 0 0 0 0 0 0.6000000000000001 0 0 0 0 0.6000000000000001 0 0.4 0 0 0 0 0 0 0 0 0 0 0 0 0 0 0 0 0 0 0 0 0 0 0 4.2 0 0 14.600000000000001 0 0 0 6.800000000000001 4.800000000000001 1.8 0 0 0 0 4.6000000000000005 2.2 0 0 0 0 0 0 0 0 0.2 1.6 2.4000000000000004 3.4000000000000004 0 0 5.2 4.2 0 0 0.8 1.6 2.8000000000000003 0 0 0 0 0 0 0 0 0 0 0 0 0.4 0 0 0 0 0 0 0 0 0 0 0 0 0 0 0.2 0 0 0 0 0 0 0 0 0 0 0 0 0 1.8 0 0.2 10.600000000000001 0 6 0 0 0 3.6 2.4000000000000004 2 0 0 0 2.4000000000000004 0.2 0 0 0 2 0.2 3.2 0.4 0 0 3.2 1.8 0.2 0 1.6 0 13 0.8 5.800000000000001 0 2.4000000000000004 0 0 2.6 0 0 0 0 0 0 0.4 0 0 0 0 0 0 0 0 0 0 0 0.2 0 0 0 0 0 0 0 0 0 0 0 0 0 0 0 0 0.8 0 15.600000000000001 0 0.4 1 0.4 0 0 0 0 0 0 0 0 0 0.4 0 2 0 0 0 0 0 2.2 0 2.2 0 0 0 0 0 3.6 0 0 
 0.4 0.4 0.4 0.4 0.4 0.4 0.4 0.4 0.4 0.4 0.4 0.8 0.4 0.4 0.4 0.4 0.4 0.4 0.8 0.8 4.800000000000001 20.200000000000003 18.6 10.200000000000001 30.400000000000002 0 3.2 20 15.8 34 80.60000000000001 23.400000000000002 8.6 9.8 11.4 11.4 19.8 101.60000000000001 9.200000000000001 11.600000000000001 0 13 0.6000000000000001 0.2 0.2 0.6000000000000001 14.4 12.4 0.2 0.2 2 1 6.800000000000001 0.4 14.200000000000001 13.4 2.4000000000000004 0.6000000000000001 13 6 0 0 0.6000000000000001 0 0 0 0 0 0 0 0 0.6000000000000001 0 7.2 0 0 2 0 0 0 0 0 0 0 0 0 0.4 0 0 0 0 0 0 0.4 0 0 0 0 0 0 0 0 0 0 3 0 0 0.4 0 0.2 2.8000000000000003 8.200000000000001 0 0 0 0 3.8000000000000003 0 0 0 0.4 0 0 5.4 0 0.2 12.4 3.2 2.4000000000000004 2.4000000000000004 0.8 0 0.4 0 0 0 3.8000000000000003 1.6 4.4 4.6000000000000005 0 0.2 0.2 0 0 0 0 0 0 0 0 0 0 0 0 0 0.4 0 0 0 0 0 0 0 0 0 0 0 0 0.6000000000000001 0 0 0 0 4.800000000000001 0 0 0 0 0 0 0 0 2.6 5.6000000000000005 7.6000000000000005 0 0 0 0 4 3.8000000000000003 0 0 0 0 0 0 0 0 3.2 5 2 0.2 0 0 2 2.2 0.2 0 1.8 2 6 4 2.2 0 3.6 0 2.4000000000000004 2.6 0 0 0 0 1 0 0 0 0 0 0 0 0 0 0 0 0 0 0 0 0 0 9.4 0 0 0 0 0 0 0 0 0.2 0 0 1.4000000000000001 0 0 0.8 0.8 0 0.2 0 0 0 0 0 0 0 0 0 0 0 0 0 0 0 0 0 0 2.8000000000000003 0 2.2 0 0 0 0 0 0.8 0 0 
 0 0 0 0 4.4 16 0 0.4 0.2 0 0 15.600000000000001 0 0 0 0 16.2 0 0.2 0 75.2 14.4 26 26.200000000000003 7.2 3.2 0 19.6 20.200000000000003 9.600000000000001 4.4 25.6 77 44.800000000000004 26.6 38.800000000000004 159.60000000000002 37.6 25.400000000000002 30.8 0 0 0 0 0.4 0.6000000000000001 0 0 0 0 0 0 0.4 0.6000000000000001 0 0.4 0.4 0.6000000000000001 0 0 0 1 0.6000000000000001 0 0 0 0 0 0 0 0 0.6000000000000001 0 0 0 0 0.6000000000000001 0 0 0 0 1.2000000000000002 0 0.6000000000000001 1.4000000000000001 0 0 0 1.8 4.800000000000001 0.2 1.6 0 0 0 0 3 0 0 0 7 15.4 2.6 3.2 0.8 0.2 1.6 4 0 1.6 3 0 3.4000000000000004 0.4 2.2 0.2 7.800000000000001 2.8000000000000003 1.6 0.2 0 0 0.4 0 0 0 0 0 0 0 0 0 0 0 0 0 0 0 1 0 0 1.2000000000000002 0 0.2 0 0 0 0 0 0 0 1.6 0 0 0 0 0 0 0 0 0.2 0.2 0 2.4000000000000004 2.4000000000000004 1 0 0.2 0.8 0 0.8 3.2 0 0 0 0 0.6000000000000001 0 0 0 0 2 3.6 1.2000000000000002 0 0 4.6000000000000005 0 3.4000000000000004 3.4000000000000004 4.2 3 2 3.6 2.8000000000000003 3.2 5.6000000000000005 3.4000000000000004 6.2 7.4 0.4 0 0 0 0 0 0 0 0 0 0 0 0.2 0.4 0 0 0 0 0 0.6000000000000001 0 0 0 0 0 0 0 0 0 0 0 0 0 0 0 0 0 0 0 0 0 0 0 0 0 0 0 0 0 12.600000000000001 0 0 0 0 0.4 0.2 0 0 14.8 0 0.2 0 0 0 0 0 0 0 0 0 0 0 0 0 0 0 0 0 0 0 0 0 0 0 0 0 0 0 0 0 
 0.6000000000000001 0.6000000000000001 0.6000000000000001 0.6000000000000001 16.400000000000002 28.400000000000002 0.6000000000000001 0.6000000000000001 0.6000000000000001 0.6000000000000001 0.6000000000000001 16.2 0.6000000000000001 0.6000000000000001 0.6000000000000001 0.6000000000000001 0.6000000000000001 0.6000000000000001 0.6000000000000001 2.4000000000000004 27.8 33 16.2 10.600000000000001 58.2 20 19.6 0 50.800000000000004 43.800000000000004 37.4 22.8 53 43.800000000000004 26 53 38 5.4 10.200000000000001 14.600000000000001 0 0.2 0.4 0 0.4 0.4 1 0 0 0.6000000000000001 0 0 1.6 12.200000000000001 0 0.4 0.6000000000000001 0.6000000000000001 0 0 0 0 1.6 0.2 0.4 0.6000000000000001 0.8 0 0 0 0 0.6000000000000001 0 0.6000000000000001 0 0.4 0.4 9.200000000000001 0 0 0 0 0 0 0 0 0 0 0 0 0 0 0 0 0 0 0 0 0 0 8.4 3 2.6 4.2 0 0.2 1.6 9.600000000000001 0 0 1.8 3.6 0 3.4000000000000004 2.6 0 2 0 0 6.4 0 0 0.4 0 0 0 0 0 0.2 4.2 0 0 0 0 0 0 0 0 2.8000000000000003 3 0 0 0 0 0 0 0 0 0 0 0 3.2 0 0 0 0 0 0 0 0 0 0 0 0 1.4000000000000001 1 0 0 1.2000000000000002 0 0 0 0.4 0 0 0 0 0.4 0 0 1.8 3.4000000000000004 3.8000000000000003 0.2 7.6000000000000005 3 3.8000000000000003 1.2000000000000002 1.8 0 6 0 2.2 6.6000000000000005 4.2 2.2 7.2 4.2 6.4 4.2 0 0 2.6 0 0 0 0.6000000000000001 0.4 0 0 0 0.2 0.2 0 0 0 0 0 1.2000000000000002 0 4 0 0 0 0 0 0 0 0 0 0 0 0 0 0 0 0 0 0 0.2 0 0 4.2 0 0 0 0 0 0 0 0 0 0 0 0 0 0 0.2 2.2 0 3.2 0 0 0 0 0 0 0 0 0 0 0 0 0 0 0 0 0 0 0 0 0 0 0 0 0 0 0 0 0 
 0 0 0 0 2.4000000000000004 0 0 0 0 0 0 0 0 0 0 0 0 0 0 0.2 5 32.800000000000004 57.2 35.800000000000004 46.800000000000004 15.8 20.200000000000003 50.800000000000004 0 122.60000000000001 56.800000000000004 8.8 20 68.60000000000001 20 43.2 16 21.6 11.600000000000001 13 0.4 0 0 0 0.4 0.4 1.2000000000000002 0 0 0 0 0 17 0 0 0.2 0.4 0.6000000000000001 25.8 0.2 0 0 0.6000000000000001 0 0 0 0 0 6.6000000000000005 0 0 0.6000000000000001 0 3 0 0 0.2 0 0.4 1 0 0 0 0 0 0 0 0 0 0 0 0 0 0 0.2 0 0 0 0 0 0 0.2 2.4000000000000004 3.8000000000000003 4.4 1.6 0 1.6 1.8 11.600000000000001 4.6000000000000005 6 0.2 0 2.6 0 2.8000000000000003 1.8 0 0 0 0 0 0 0 0 1.4000000000000001 0.2 1.4000000000000001 0 0 0 0 1.8 0 0 0 0 5 5.800000000000001 0 0 0 0 0 0 0 0 0 0 0.2 0 0 0.2 0 0 1 0 0 0 0 0 0 0 0.6000000000000001 0.2 0 0 0.4 0 0.4 0 0 0 0 0 2.6 0 0 0 1 0.2 0 0.2 3.4000000000000004 0 2.4000000000000004 0 0.2 7.4 3.6 3.6 0 1.8 0 0 0 2.6 0.2 0.2 2.2 0 0 0 0 0 1.4000000000000001 3.6 0 0 0.4 0 9.200000000000001 0 3.2 8 0 0 5.4 1.4000000000000001 0 0 0 0 0 0 0 0 0.4 0 0 0 0 0 0 0 0 0 0 0 0 0 7.2 0 0 0 0 0 0 0 0 0 0 0 16.400000000000002 0 0 3.6 15.200000000000001 0 0 0.4 0 0 0 0 0 0 0 0 0 0 0 0 0 0 0 0 0 2 0 0 0 0 0 0 0 0 0 0 
 0 0 0 0.2 0.4 0.4 0.2 0 0 0 0.4 0 0 0 0.4 0 0 0 1 0 8.4 24.200000000000003 23.8 44.800000000000004 89.2 34 9.600000000000001 43.800000000000004 122.60000000000001 0 118 12.4 11.600000000000001 22 68.4 26.6 26.8 27 16.400000000000002 17.2 0 0 0.6000000000000001 0.6000000000000001 0.8 0.6000000000000001 3.8000000000000003 1 0 0 0 0 0.6000000000000001 0 12.8 12.600000000000001 0.4 0.6000000000000001 25 0 9 0 0.6000000000000001 0 0.2 0 0 0 0 0.2 0 1.2000000000000002 0 0.4 0 0 0.4 0 0.4 0 0 0 0 0 0 0 0 0 0 0 0 0 0 0 0 0 0 0 0 0 3 0 2 2.4000000000000004 3.2 1.8 0 3.8000000000000003 0.6000000000000001 14 3.8000000000000003 1.8 0 0 4 0 4.800000000000001 10.8 0 0 0.4 0 0 0.2 0 0 0.4 0 1.8 0 0 0.2 2.8000000000000003 0 0 0 0 0 1.4000000000000001 5 0 0 0 0 0 0 0 0 0 0 0 0 0 0 0 0 1 0 0.4 0 0 0 0 0 1.6 0 0 0 0 0 0 0 0 0 0 0 0 0 0 0 2 0 0 0.4 0 2.2 0 0 0 4.2 2.2 11.200000000000001 0 0 0 0.2 0 0.2 0 0 1.8 0.2 1.8 0 0 0 3.4000000000000004 1.6 0.2 0 0 0 14.200000000000001 0 3.8000000000000003 0 0 0 4.6000000000000005 1.4000000000000001 0 0 0 0 0 0 0 0 0 0 0 0 2.4000000000000004 0 0 0 0 0 0 0 0 0 2.8000000000000003 0 0 0 0 0 0.4 0 0 0 0 0 0.2 0.4 0.4 23.200000000000003 17.400000000000002 0.6000000000000001 2.8000000000000003 3 0 0 0 0 0 0 0 0 0 0 0 0 0 0 0 0 0 1 0 1.8 0 0 0 0 0 1.6 0 0 
 0.6000000000000001 0.6000000000000001 0.6000000000000001 0.6000000000000001 1 0.6000000000000001 0.6000000000000001 0.6000000000000001 1 0.6000000000000001 0.6000000000000001 15.600000000000001 0.6000000000000001 0.6000000000000001 0.6000000000000001 0.6000000000000001 0.6000000000000001 0.6000000000000001 0.6000000000000001 0.6000000000000001 11.200000000000001 12.4 43.800000000000004 16.2 94.2 80.60000000000001 4.4 37.4 56.800000000000004 118 0 43.2 9.200000000000001 52.6 27.200000000000003 16.2 46.6 84.80000000000001 6.4 47.800000000000004 0 0 0 0 0.8 1.2000000000000002 13.4 0 12.4 0 0.6000000000000001 0.6000000000000001 13.8 0 12.600000000000001 0 1 1.2000000000000002 13.8 13 0 0 0.6000000000000001 0 0 0.4 0 0 0 6 0 1 0 0 0 0 0.6000000000000001 0.2 1.2000000000000002 0 0 0 0 3.8000000000000003 0 0 0 0 0 0 0 0 0 0 0 0 0 0 0 0 2 3.6 0 5.6000000000000005 4.4 4.800000000000001 0 1.4000000000000001 2.6 5.4 5.2 1.8 0 0 2.6 12.200000000000001 0.4 5.800000000000001 0 0 0 0 0 0 0 0 0 4.2 0 4.4 0 0 3 0.6000000000000001 4 0 0 0 0 6.800000000000001 0 0 0 0 0 0 0 0 0 0.4 0.2 0 0 0 0 0 0 0 2.8000000000000003 0 0 0 0 0 0.8 0 0 0 0 0 0 0 0 0 0 0 0 0 0 0 6.800000000000001 3 0 6.4 3 8 0 0 0.2 3.4000000000000004 0.8 0 0 0 0 0 0 0 0 1.8 0.2 0 10.8 0 0 0 1.8 0 0 0 4.4 0 9 0.2 2 0.2 1.8 0 7.6000000000000005 9.200000000000001 0 0 0 0 0 0 8.4 0 0 0 0 0 0 0 0 0 0 0 0 0 0 0 2.4000000000000004 0 0 0 0 0 0 0 0 0 0 0 0.2 0 0 14.8 15.200000000000001 0.2 3 0 0 0 0 0 0 0 0 0 0 0 0 0 0 0 0 0 0 0 0 2 0 0 0 2.4000000000000004 0 0 0 0 
