 0 20.8 55.6 11.4 7.4 5.800000000000001 39.6 14.600000000000001 23.6 6.2 32.800000000000004 9.600000000000001 24.8 75.60000000000001 52.400000000000006 13 11.200000000000001 15.8 18.6 40.2 0.4 0 0.6000000000000001 0 0.6000000000000001 0 0.8 0 0.6000000000000001 0 0.4 1 0 0.4 0 0 0.4 0 0 0 0 0 0 0 0 0 0.4 0 0.6000000000000001 0.6000000000000001 0.4 0 1.4000000000000001 1.2000000000000002 0 0.6000000000000001 0 0.6000000000000001 0 0 0.6000000000000001 0 0.6000000000000001 0 0 0 0 0 5.4 0.4 0 0 0 0 6 0 0 0 0.4 0 0 2.2 1 0 0 0 4.800000000000001 2.6 2.6 3.8000000000000003 0 0 2.6 0 3.4000000000000004 0 0.2 2.6 2.6 4.800000000000001 0 0 0 0 0 0.2 0 0 0 0 0 0 0 2.8000000000000003 3.6 0.4 0 0 5.800000000000001 0 0 0 0 0 0 0 0 0 0 0 0 0 0 0 0 0 0 0 0 0 1 0 0 0 0 0 0 0 0 0 0 0 0.6000000000000001 0 0 0 0 0 0 0 5 2 0 3.6 3 0 0.2 0 0 0 0.2 0 1 3.8000000000000003 0 2.8000000000000003 0 4.800000000000001 2.8000000000000003 0.6000000000000001 0 0 0 0 0 0 0 0 0 0 0 0 3 0 0 0 0 0 0 0 0 0 0 0 2 0 0 0 0 3.6 0 0 0 0 0 0.2 0 0 0 0 0 0 0 0 0 0 0 0 0 0 0 0 0 0 0 0 0 0 0 0 0 0 0 0 0 0 0 0.2 0 0.4 2 1.8 0 0 0 0 0 0.4 0 0 0 0 3 0 0 0 0 0 0 0 0 0 0 0 0 0 2.2 0 0 0 0 0 0 0 0 0 0 0 0 0 
 20.8 0 75.8 108.80000000000001 10.8 17.400000000000002 35.6 33.4 43.800000000000004 14.200000000000001 73.2 17.8 30.400000000000002 26.8 12 46.800000000000004 6.6000000000000005 12 23.8 9.200000000000001 0 0 0 0 0.2 0 0.2 0 0 0 0 0 14.8 0 0 0 0.4 0 13 15.8 0 0 0 0 0 0 0 0 0.6000000000000001 0.6000000000000001 0.4 0 0 0.4 0 0.6000000000000001 0 0 0 0 0.4 0 0.6000000000000001 0 0 0 0 0 0 0.4 0 0 0 0 0 0 0 0 0 0 1.4000000000000001 4.4 4 3.4000000000000004 2.4000000000000004 2.8000000000000003 0.2 3 9.200000000000001 0 0 8.6 3 0 2.2 0.4 5.4 6 0.2 0 0 2.6 0 0 0 0 1.8 0.4 0 0 0 0 2.2 2.8000000000000003 0 0 0 0 0 2.4000000000000004 0 0 3.4000000000000004 0 0 0 0 2.2 0 0 0 0 0 0 0 0 0 0 0 0 0 0 0 0 0 0 0 0 0 0 0.2 0 0 0.2 0 0 0 0 0 0 10.8 3.6 5.800000000000001 2.2 4.800000000000001 0 0 2 2.2 1.8 0.2 2.8000000000000003 0 1.8 0 5 4.2 6.6000000000000005 3.2 3 0 0 0 0 0 0 1.4000000000000001 2 0 0.2 0 0 5 0 0 2.6 0 0 2.8000000000000003 0 0 0 0 3 0 0 0 0 0 0 0 0 0 0 0 0 0.4 0.4 0 0 0 0 0 0 0 0 0 0 0.4 0 0 0 0 0 0 0 0 3.2 0.2 0 0 1.8 0 0 0 0 0.2 0 0.4 0.6000000000000001 1.8 2.4000000000000004 0 0.4 0 0 0 0 0 0 0 0 2.8000000000000003 0 0 0 0 0 0 0 0 0 0 0 0 0 4.2 0 0 0 0 0 0 0 0 0 0 0 0 3 
 55.6 75.8 0 28.6 50.6 5.800000000000001 10.8 65.2 18.2 11.4 68.60000000000001 4 24.400000000000002 28.400000000000002 49.2 9 38.800000000000004 56.400000000000006 51.400000000000006 56 0 0 0 0 0.4 0 0.2 0 0 0.2 0 0 0.2 0 0 0 0 0 14.8 0 0 0 0 0 0 0 0 0 0.4 0.6000000000000001 0.4 0 0 0.4 0 0.4 0 0 0 0 0.4 0 4 0 0 0 0 0 0 0.4 1.6 0 0 0 0 0 0 0 0.8 0 0.2 0 3 1.4000000000000001 0 0 2.8000000000000003 4.4 0 0 0 5.800000000000001 0 0 4.6000000000000005 6.4 3 6.800000000000001 0.2 2.4000000000000004 0 0 0 0 0 0.4 0 0 0.2 0 0.2 0 3.2 2.2 0 0 0 0 2 0 0 0 4.4 0 0 0 0 0 0.2 0 0 0 0 0 0 5.6000000000000005 0 0 0 0 0 0 0 0 0 0 0 0 0.2 0 0 0 0 0 0 0.4 0 0 0 0.2 3.8000000000000003 5.6000000000000005 10.200000000000001 0 0 2 0 4.2 2.4000000000000004 9.8 2.2 1.6 0 11.8 6.2 2 0 2.2 0 2.4000000000000004 0 0 0 0 0 0 2 0 0 0 0 0 11.600000000000001 3.2 0 0 0 0 0 0 0 0 0.4 0 0 0 0 0 0 0 0 0 0 0 0 0.2 0 0 0 2.8000000000000003 0 0 0 0 0 0 0 0 0 0 0 0 0 0 0 0 0 0 0 0 0 0 0 0 0 0.2 0.6000000000000001 0 0.2 0 0 1.2000000000000002 1 0 0 0 0 0 0 0 0 0 7 0 0 0 0 0 0 0 0 0 0 0 0 1.6 0 0 0 0 0 0 0 0 0 0 0 0 0 0.4 
 11.4 108.80000000000001 28.6 0 61.6 9.600000000000001 48.800000000000004 91.2 46.800000000000004 99.4 28.8 46.800000000000004 7.800000000000001 75 50.6 24.6 29 49.6 75.8 19.200000000000003 0 0 14.600000000000001 0 0.4 0 0.2 0 0 0 0 0.2 12.4 0 0 0 0 0 21 4.6000000000000005 0 0 0 0 0 0 0 0 0.6000000000000001 0.6000000000000001 0.4 0 0 0.4 0 0.6000000000000001 0 0 0 0 9.200000000000001 0 0.6000000000000001 0 0 0 0 0 0 0.6000000000000001 0 0 0 0 0.2 0 0 0 1.2000000000000002 0 0 0 1.8 3.8000000000000003 1.6 0 0 4.2 9.8 1 6.2 3.4000000000000004 0 0 2.2 5.4 6.4 2.2 0 0 0.2 0 0 0 0 0 2.2 0 0 0 0 0 6 0 0 0 0 0 0 1.8 0 0 3 0 0 0 0 0 0 0 0 0 0.2 0 0 0.2 0 0 0.2 0.4 0 0 0 0 0 0 0 0 0 0 1.4000000000000001 0 0 1.2000000000000002 0 0 0 0 0 0 0 1.2000000000000002 5 3 1.6 0 0 8.4 3.2 1.2000000000000002 2.2 0 0 2.8000000000000003 0 5.800000000000001 5.4 0 0 3.4000000000000004 0.4 0.2 0.2 0 0 0 0 0 0 0 0 0.2 3.4000000000000004 0 0.2 3 0 0.2 5.800000000000001 2.6 0 0.2 0 0 0 0 0.4 0 0 0 0 0 0 0 6 0 0 0 0 4.4 0 0 0 0 2 0 0 0 0 0 0 0 1.2000000000000002 0 3.6 0 0 0 0 0 0 2.4000000000000004 0 0 0 1 1 0.4 0 17.6 0.2 1.4000000000000001 0 0 0 0 0 0 0 0 0 0 0 0 0 0 0 0 0 0.4 0 0 0 0.2 0 0 2 0 0 0 0 0 0 0 0 0 0 0 0 0 
 7.4 10.8 50.6 61.6 0 42.2 29 43 68.4 36.800000000000004 39.400000000000006 28.6 9.4 17.8 46.6 39.400000000000006 44.2 22.400000000000002 10.4 13.600000000000001 0 0.2 0 0 0.6000000000000001 0.6000000000000001 0 0 0.2 0 0.8 0.6000000000000001 14.600000000000001 0 0.4 0 0.6000000000000001 0.6000000000000001 14.8 6.6000000000000005 0 0 0 0 0 0.4 0 0 0.4 0.6000000000000001 0.4 1.8 0 0.4 0 0.4 0 0.4 0 0 0.4 0 0.6000000000000001 0.2 0 0.4 0 0 0 0.6000000000000001 1.4000000000000001 0.2 0 0 0 0 0 0 0 0 0 0 0.6000000000000001 2.2 3.8000000000000003 5 0 0 6 8.6 4.4 2.4000000000000004 0 0 0 3.2 1.2000000000000002 0 0 0 0.4 0 0 0 0 0 0.2 0.2 0 0 0 0 3 0 0 0 0 0 1.4000000000000001 0 0.4 0 0 0 0 0 0 0 0 0 0 0 0 0 0 0 0 0 0 0 0 0 0 0.2 0 0.2 0 0 0 0 1.8 0.6000000000000001 0 2.2 0 0 0 0 0 0 0 0 0 0 1.2000000000000002 0.4 0 4 0 0 0.2 0.2 0 2.4000000000000004 0 3.8000000000000003 2.2 0 0 1.4000000000000001 0 0.2 0.2 0 0 0 0 0 1.8 0 0 0 4.4 0.2 3 0.2 0 2.2 2.2 1.8 0 0 0 0 0 0 0 0 0 0 0 0 0 0 0 0 0 0 0 0 0 0 0 0 0 0 0 0 0 0 0 0 0 0 0 0 0 0 0 0 0 2.2 0 0 0 0.4 17.6 0.2 0.4 17.8 0.2 1.8 0 0 0 0 6.4 0 0 0 0 0 0 0 0 0 0 0 0 0 0 0 0 0 0 0 0 0 0 0 0 0 0 0 0 0 0 0 0 0.4 
 5.800000000000001 17.400000000000002 5.800000000000001 9.600000000000001 42.2 0 11.200000000000001 21.6 30.200000000000003 11.600000000000001 30.200000000000003 13.600000000000001 22.6 22.8 25.8 17.6 10.4 9.4 11 13.8 29.8 14.8 0 0 1 0.2 0.4 21.400000000000002 0.6000000000000001 4.2 0 0.6000000000000001 27 1.2000000000000002 5.2 0 0 13.4 14.600000000000001 15.4 0 1.2000000000000002 0 0 0 3.8000000000000003 0 0 1.4000000000000001 0.6000000000000001 0.4 0 0 0.4 13.4 1.4000000000000001 0 0 0 0 0.6000000000000001 0 0.6000000000000001 0.2 0 0 0 0 0 0.6000000000000001 0 0 0 0 0.6000000000000001 0 0 0 0 0 0 5.4 0 0.4 2 1.4000000000000001 0.6000000000000001 6.800000000000001 0 0 0 10.4 0 0 2 0 0 2.2 0 0 0.2 3.8000000000000003 4.4 0.2 0 0 6.6000000000000005 1 0.2 1.4000000000000001 0 0 4.4 8 0.4 1.6 0 3.8000000000000003 8.4 6.2 0.2 0 0 0 0 0 0 3.8000000000000003 0 0 0 0 0 0 0 0 0 0 0 0 0 0.2 0 0 0 0 0 0 0 0.2 0 0 0 0 0 0.6000000000000001 0 0 0 0 1.8 0.8 0 0 6.800000000000001 0.2 0 0 3.6 0 3.4000000000000004 0 0 0 0 0 0 0 0 0 2.2 2.8000000000000003 1.8 2.2 0 0 0 7 5.800000000000001 0 0 2.8000000000000003 1.8 5.2 4.4 0 1 1.6 0 0.4 0 0 0 0 0 0 0 0 0 0 0 0 0 0 0 0 0 0 0 0 0 0 0 0 0 0.4 0 3.2 0 0.4 2.8000000000000003 0 0 0 0 0 0 0 0 0 0 0.2 0 0 0 1.6 17.8 0 0 0.4 0 3 0 0 0 0 0 0 0 0 0 0 0 0 0 0 0 0 0 0 0 0 0 0 0 2 1.8 0 0 2.6 0 0 0 0 0 0 0 0 0 0 
 39.6 35.6 10.8 48.800000000000004 29 11.200000000000001 0 56.2 35.2 25.8 5.4 8.200000000000001 11 88.80000000000001 53.800000000000004 25.6 7.800000000000001 10 87.4 42.800000000000004 0.4 7 0 0.4 0.4 26 0.8 0 0 0.4 0 0.4 0.4 0 0 0 0 0 0 0 0 0 12.4 0 0 0 0 0 1.2000000000000002 1.2000000000000002 0.4 0 0.4 1.2000000000000002 0 0.6000000000000001 0 0 5.2 0 10.4 0.6000000000000001 0.6000000000000001 1.2000000000000002 0.4 0 0 0 0 0.4 0 0 0 0 0 0 0 0.4 0.2 0 5.2 2 2 0.4 3.2 0 0.4 7.800000000000001 0.2 4.6000000000000005 2 0 5.4 3.8000000000000003 5.800000000000001 17.2 0 4.4 0.6000000000000001 2.2 0 0 0 0 0 0 0 0 0 0 0 0 2.8000000000000003 0 0.2 0 0 0 0 0 0.2 0 0 0 0 0 0 0 0 2.8000000000000003 0 0 0 0 0 0.2 0 0 0 0 1.6 0.2 0 0 0 0 0 0 0 0 0 0 0 0 0 0 0 0 0 0 0 6 0 0 0 0 0 2.2 1.6 0.2 2 6.4 6.4 0 6.2 0 6.6000000000000005 0 4.800000000000001 4.2 0 0 0 0 0 0 0 0 0 0 0 0 0 0.4 0 0 0 0 0 0.2 0 0 0 0 0 0 0 0 0 0 0 0 0 0 0 0 0 0 0 3.2 0 0 0 0 0 0 0 0 0 0 0 0.2 0 0 0 0 0 0 0 0 0 0 0 0 0 0.4 0 0 0.2 0.2 0 2.4000000000000004 0 0 0 0 0 0 0 0 0 0 0 0 0 0 0 0 0 0 0 0 0 0 0 0 2 0 0 0 0 0 0 0 0 0 0 0 0 0 
 14.600000000000001 33.4 65.2 91.2 43 21.6 56.2 0 82 12.8 5.800000000000001 9.8 11.8 37.4 14.8 11.600000000000001 8.6 29 9.600000000000001 26.200000000000003 0.6000000000000001 0.4 0 0 0.2 0 0.6000000000000001 0 0 0.8 0.4 0.4 16.8 14.8 0 0 0 0 11 16 1.2000000000000002 0 1.2000000000000002 0.2 0 0 0 0 1.2000000000000002 1.2000000000000002 0.4 0.6000000000000001 0 0.8 0 0.6000000000000001 0 0.8 0 0 0.6000000000000001 0.6000000000000001 0.6000000000000001 0 0.2 0 0 0 0 0.8 0 0 0.4 0 0.2 0 0 0.2 0.6000000000000001 0 0 1.4000000000000001 1.6 3 0 0 1.2000000000000002 3 6.4 7 7.4 3.2 2.8000000000000003 0 0 0.2 4.2 2.2 0.4 2.2 0 0 0 0 0 0 0 0.4 0 0 0 0 4.4 2.8000000000000003 3.6 0 0 0 2.8000000000000003 0 0 0 9.600000000000001 0 0 0 0 0 0 0.2 0 0 0 0 0 0 0 0 0 0 2.8000000000000003 0 0 0 0 0 0 0 0 0 0 0 0 0 0 0 0 0.2 0 3 16 10.200000000000001 4.2 0 10 0 0 4 0 1 1.2000000000000002 3 0 3.4000000000000004 3.6 2.8000000000000003 4.4 2.8000000000000003 8.200000000000001 3.4000000000000004 0 0 0 0 0 0 0 0 0 0 0 0 12 0 0 2 0 0 9.8 1 0 0 0 0 0 0 0 0 0.2 0 0 0 0 0 0 0 0.2 0.4 0 0 0 0 0 0 0 0 0 0 0.2 0 0 0 0 0 0 0 0 0 3.2 0 0 2.2 0 0 0 0.4 0.4 0 0.4 0.6000000000000001 2.4000000000000004 1.8 0 0 0 0 0 0 0 0 0 0 3.2 0 0.4 0.2 0 0 0 0 0 0 0 0 0 0 3 0 0 0 0 0 0 3.8000000000000003 0 0 0 0 0 0 
 23.6 43.800000000000004 18.2 46.800000000000004 68.4 30.200000000000003 35.2 82 0 75.8 38.2 55.2 26.8 52.6 74.8 36 7.4 9.4 37.6 19.8 0 0 0 0 0.2 1.2000000000000002 0 16.400000000000002 0.4 0 0.6000000000000001 0 0.4 0 0 0 0 0.8 0 0 0 0 0 0 0 0 12.200000000000001 0 0.2 0.6000000000000001 0.4 0 0 0.4 0 0.4 0 0 0 0 0.4 0 1.6 0 7.6000000000000005 0 0 0 0 0.4 0 0.6000000000000001 0 0 0.6000000000000001 0 0 0 0.6000000000000001 0 2.6 0 7.800000000000001 0 4.2 0.2 7.4 3.2 5.800000000000001 2.6 8.8 4.4 3.4000000000000004 2.2 3 7.2 0 1.2000000000000002 0 0 0 0 0 0 0 0.2 0 0 0 0 0.4 0 0 0.2 0 0 0 0 0 0 0 2 0 0 0 0 0 0 0 0 0 0 0 0 0 0 0 0 0 0 0 0 0 0 0 0 0 0 0.4 0 0.6000000000000001 0 0 0.4 1.6 0 0 0 0 0.4 10 3.2 0 0 3.8000000000000003 0 0 5.4 0.2 0 2.8000000000000003 7 0 3.6 0 2.8000000000000003 9.8 0 3.6 8 0 0 0 0 0 0 0 0 0 0 0 0 0 0 0 0 0 0 2 0 0 0 0.2 0 0 0 0 0 0 0 0 0 0 0 0 0.4 0 0 0 0 0 0 0 0 0 0 0 0 0 1 0 0 0 0 0 0 0 0 0 0 0 0 0 0 0 0 0.2 0.4 0.4 0 3 0.4 0 0 0 0 0 0 0 0 0 0 0 0 0 0 0 0 0 0 0 0 0 0 0 0 4 0 0 0 0 0 0 0 0 0 0 0 0 0 
 6.2 14.200000000000001 11.4 99.4 36.800000000000004 11.600000000000001 25.8 12.8 75.8 0 40.400000000000006 85 9 32.4 21 64.2 8.4 42.800000000000004 21.6 24.200000000000003 0 0.4 0.2 0 0.4 0 0.2 0 0 0 0 0 30 0 0 0 0 0 4.4 31.8 0 0 0 0 0 0 5.6000000000000005 0 0.6000000000000001 0.6000000000000001 0.4 0 0 0.4 0 0.6000000000000001 0 0 0 0 0.6000000000000001 0 0.6000000000000001 0 0 0 0 0 0 0.4 0 0 0 0 0.2 0 0 0.4 0 1.2000000000000002 3.8000000000000003 0 8.4 5.6000000000000005 3.6 3.6 2.8000000000000003 0 3 4.2 7 8.6 0 1.2000000000000002 0 0 5.2 2 0 0 0 3.2 0 0 0 0 2 0 0 0 0 0 5.2 0 0 0 0 0 0 3.6 0 0 0 0 0 0 0 2.6 0 0 0 0 0 0 0 2.2 0 0 0 0 0 0 0 0 0 0 0 0 0 0 0 0 0 0 0 0 0 0 0 0 0 0 4.4 5.6000000000000005 0 2.4000000000000004 0 0 3.4000000000000004 4.4 0 5.800000000000001 0 0.8 8 5.2 1.4000000000000001 6 0 1.4000000000000001 0 0 0 0 0 0 2.2 3 0 0 0 0 2.6 0 0 2.8000000000000003 0 0 6 0 0 0 0 0 0 0 0 0 0 0 0 0 0 0 0 0 0 0 0 0 0 0 0 0 0 0 0 0 0 0 0 0 0 0 0 0 0 0 0 0 0 0 0 0 0 0 0.2 0.2 0.8 10.200000000000001 0 1.2000000000000002 0 0 0 0 0 0 0 0 0 0 0 0 0 0 0 0 0 0 0 0 0 0 0 0 0 0 0 0 0 0 0 0 0 0 0 0 0 0 
 32.800000000000004 73.2 68.60000000000001 28.8 39.400000000000006 30.200000000000003 5.4 5.800000000000001 38.2 40.400000000000006 0 21.6 6.4 44.800000000000004 53 74.4 35.6 30.8 50.800000000000004 30.400000000000002 15 0 0.2 0 0.2 0 0.6000000000000001 0.4 0 0 0.4 0 0 0.6000000000000001 0 0 0 0 14.8 0 0 0 0.4 0 0 0 0 0 0.6000000000000001 0.6000000000000001 0.4 0 0 0.4 0 0.6000000000000001 0 0 0 0 0.6000000000000001 0 0.6000000000000001 0 0 0 0 0 0 0.4 0 0 0 0 0 1.4000000000000001 0 0 0 0 0 0.2 3.6 0 0 2.2 6.800000000000001 3.4000000000000004 2 0 5.800000000000001 3 3.2 0.2 2 1.6 3.8000000000000003 3.4000000000000004 0 0 0 2.4000000000000004 0 0 0 0 0 0 0 0.2 0 0 0 4.2 0 0 0 0 0.2 2.6 0 0 0 0 0 0 0 0 0 0 0 0 0 0 0 0 0 0 0 0 0 0 0 7.2 0 0 0 0 0 0 0 0 0 2 0 0 0 0 0 0 5.2 0 4.4 8.6 0 0 2.2 3.4000000000000004 0 4.6000000000000005 0 0.2 0 4 0 7.6000000000000005 0.8 3 0 0 0 0 0.2 0 0 0 0 0.4 0 0 0 0 3.8000000000000003 0 0 0 0 0 4.2 0 0 0 0 0 0 0 0 0 0 0 0 0 0 0 0 0 0 0 0 0 0 0 0.4 0 0 0 0 0 0 0 0 0 0 2.2 0 0 0 0 0 0 0 0 0 0 0 0 0.8 0 17.8 0.4 0 1.4000000000000001 0 0 0 0 0 0 0 0 0 0 15.600000000000001 0 0 0 0 0 0 0 0 0 0 0 0 0 1.6 6 0 0 0 0 0 0 0 0 0 0 0 0 
 9.600000000000001 17.8 4 46.800000000000004 28.6 13.600000000000001 8.200000000000001 9.8 55.2 85 21.6 0 5.800000000000001 66.4 54.2 16.8 12.8 36.800000000000004 25 8.200000000000001 31.8 14.600000000000001 0 0 0.4 0 0.2 0 0 0 0 0.4 34.4 9.8 14.8 14.8 0 0.6000000000000001 14.8 29.8 0 0 0 0 0 0.2 0 0 0.6000000000000001 0.6000000000000001 0.4 0 0 0.4 13.4 0.6000000000000001 0.6000000000000001 0 0 0 0.6000000000000001 0 0.6000000000000001 0 0 0 0 0 0 0.6000000000000001 0 0 0 0 0.2 0 0 0 0 0 0 0 6 7.800000000000001 0 2.8000000000000003 0 0 1.4000000000000001 1.2000000000000002 2.6 6.6000000000000005 0 0 0 0 7.6000000000000005 0 0 0 2.4000000000000004 8 1 0 0 0 5.6000000000000005 3 1.4000000000000001 0 2.8000000000000003 0 7.6000000000000005 2.8000000000000003 0.2 0 0 5.4 6.4 6.4 0 0 0 0 0 0 0 0 0 0 0 0 0 0 0 0 0 0 0 0 0 0 0 0 0 0 0 0 0 0.4 0 0 0 0 0 0.6000000000000001 0 0 0 0.4 0 0 9.200000000000001 2 2.8000000000000003 3.4000000000000004 0 0 0 0 2.4000000000000004 0 0 0.2 0 4.4 2 2 0 0.6000000000000001 2.2 0 0 0 0 0 1.8 0 2.8000000000000003 0 0 2.2 0 0 0.4 5.6000000000000005 0 0 8.8 0 0 0 0 0 0 0 0 0 0 0 0 0 0 0 0 0 0 0 0 2.8000000000000003 0 0 0 0 0 0 0 0 0 0 0 0 0 0 0 0 0 0 0 0 0 0 0 0 0 0.4 18.400000000000002 0.2 17.8 9.200000000000001 0.4 2.8000000000000003 0 0 0.4 0 0 0 0 0 0 0 0 0 0 0 0 0 0 0 0 0 0 0 0 1.8 0 0 0 0 0 1.4000000000000001 0 0 0 0 0 0 0 0 
 24.8 30.400000000000002 24.400000000000002 7.800000000000001 9.4 22.6 11 11.8 26.8 9 6.4 5.800000000000001 0 11 21.400000000000002 6.6000000000000005 6.6000000000000005 24.400000000000002 14.600000000000001 23.8 0 0.2 15.4 0 0.4 0 0.4 0 0 0 0.8 0 0.2 0.4 0 0 0.8 0 0 0 0 0.2 0 0 0 0 0 0 0.6000000000000001 0.6000000000000001 0.4 0.8 0 0.4 0 0.6000000000000001 0 0 0 0 0.6000000000000001 0 0.6000000000000001 1.6 0 0.8 0 0.8 0 0.6000000000000001 6.2 0 0 0.4 0.4 0.2 1.2000000000000002 0 0.8 0.8 3 0 2 0 0 1.2000000000000002 4.800000000000001 4.4 0 0 0 3 0 4.4 3.2 3.2 0 2.4000000000000004 0 0 0 0 0 0 0 0 0 0 0 0 0 0 0 0 0 0 0 0 0.2 0 0 0 0 0 0 0 0 0 0 0 0 0 0 0 0 0 0 0 0 0 0 0 0 0 0 0 0 0 0 0 0 0 0 0 0 0 0 2.8000000000000003 0 0 0.4 0.2 0 0 0 0 2.2 4.2 0 3.2 0 0 2.4000000000000004 0 0 0 0 0 0 0 0 0 0 0 0 0 0 0 0 0 0 0 0 0 0 0 0 0 0 0 0 0 0 0 0 0 0 0 0 0 0 0 0 0 0 0 0 0 0 0 0 0 0 0 0 0 0 0 0 0 0 0 0 0 0 0 0 0 0 0 0 0 0 0 0 0 0.8 0 0 0 0 3.6 1.8 0 0 0 0 0 0 0 0 0 0 0 0 13.4 0 0 0 0 0 0 0 0 0 2.8000000000000003 3 0 0 0 0 0 0 0 0 0 0 0 0 0 
 75.60000000000001 26.8 28.400000000000002 75 17.8 22.8 88.80000000000001 37.4 52.6 32.4 44.800000000000004 66.4 11 0 76.60000000000001 25 22.6 100.80000000000001 56.800000000000004 49.6 0 0 0 0 0.4 0 0.2 0 0.6000000000000001 0 0 0 0.4 0 0 0 0 0 0 0 0 0 0 0 0 0 0 0 0.6000000000000001 0.6000000000000001 0.4 0 0 0.4 0 0.6000000000000001 0 0 0 0 7.6000000000000005 0 9.600000000000001 0 0 0 0 0 0 0.4 1 0 0 0 0.2 0 0 0 0.2 0 4 0 3.8000000000000003 0 4 0.8 3.2 5 2.4000000000000004 2 4 0 3.2 0 2 5 0 10.4 3.6 0 0 0 0 0 0 0 0 0 0 0 0 0 1.4000000000000001 0.2 0.2 0 0 0 0 0 0.2 0 0 0 0 0 0 2.6 0 0 0 0 0 0 0 0 0 0 0 0 0 0.2 0 0 0 0 0 0 0 0 1.4000000000000001 0 1 1.2000000000000002 0 0 0 0 0 0 0 3.6 0 2.4000000000000004 0 0 0 9 0.4 0 3.6 1.6 1.6 5.6000000000000005 1.8 4 3.4000000000000004 0.2 0 5.4 0 0 0 0 0 0 3.6 0 0 0 0 0 0.2 2 0 0 0 0 0 0.4 0 0 0 0 0 0 0 0 0 0 0 0 0 0 0 0 0 0 0 3 0 0 0 1.2000000000000002 0 0.2 0 0 0 0 0 0.2 0 0 0 0 0 0 0 0 0 0 0 0 0 0.4 0 0 0.4 0.4 0 2.6 2 0 0 0 0 0 0 0 0 0 1.6 0 0 0 0 0 0 0 0 0 0 0 0 2.6 2 0 0 0 0 0 0 0 0 0 0 0 0 0 
 52.400000000000006 12 49.2 50.6 46.6 25.8 53.800000000000004 14.8 74.8 21 53 54.2 21.400000000000002 76.60000000000001 0 40.2 33.2 56.400000000000006 55.800000000000004 35.2 0 0.2 0 0 1.2000000000000002 26 0.4 0.4 0 0.4 0 1.2000000000000002 0.6000000000000001 0.2 40.6 0.2 0 0 0 0 0 0 0 0 0 0.8 0 0 0.6000000000000001 0.6000000000000001 0.4 0 0 0.4 0 0.6000000000000001 0 0 0 0 0.6000000000000001 0 0.6000000000000001 0.8 0 1.2000000000000002 0 0 0.8 0.6000000000000001 0 0.4 0 0 0.4 0 0.8 0 0 0.8 0 0 3.2 4.4 0 0 5.2 4 1.4000000000000001 0.2 4.4 6.6000000000000005 1.8 0 3.4000000000000004 4.4 0 1.8 0 1.6 0 0 0 0 0 0 0 0 0 0 0 0 2.2 2.8000000000000003 0 0 0 0 2.8000000000000003 0 0 0 0 0.4 0 0 0 0.4 0 0 0 0 0 0 0 2.2 0 0 0 0 0 2.6 0 0 0 0 0 0 0 0 0 0 0 0.8 0 0 0 0 0 0 4.6000000000000005 0 0 5.2 0 4 1.2000000000000002 1.6 0.8 6.6000000000000005 2.4000000000000004 5.2 3 3.2 2.8000000000000003 3 0 2.6 0 0.2 0 0.4 0 0 0 0 2 0 0 0.2 0 0 2.6 3.8000000000000003 0.2 0 0 0 1.6 0 0 0 0 0 0 0 2.8000000000000003 0 0 0 0 0 0 0 0 0 0 0.4 0 5.800000000000001 0 0 0 0 0 0 0 0 0 0 0 0 0 0 0.4 0 0 0 0 0 0 0 0 0 0 6.6000000000000005 0 0 0.4 0.2 0 1.4000000000000001 0 0 0 0 0 0 0.4 0 0 0 2.6 0 0 0 0 0 0 0 0 0 0 0 0 0 1.4000000000000001 2.8000000000000003 0 0 0 0 0 0 0 0 0 0 0 0 
 13 46.800000000000004 9 24.6 39.400000000000006 17.6 25.6 11.600000000000001 36 64.2 74.4 16.8 6.6000000000000005 25 40.2 0 16 23.8 19.6 16 16.8 0 0 0 0.2 0 0.4 0 0 0 0 0 15.200000000000001 0 0 0 0 0 16.400000000000002 16.8 0 0 12.8 0 0 0 0 0 1.4000000000000001 0.6000000000000001 0.4 0 0 0.4 0.6000000000000001 0.6000000000000001 0 0 0 0 0.6000000000000001 0 0.6000000000000001 0 0 0 0 0 0 0.4 0 0 0 0 0.2 0 0 0 0 0 3.2 0 6.2 2.4000000000000004 3.4000000000000004 4.4 3 0.2 0 4.2 8 0 0 1.8 0 0.2 8.4 0 0.2 0 0.4 1.6 0 0 0 0 0 0.4 0 0 0 0 2.8000000000000003 0 0 0 0 0 2 0 2.4000000000000004 0 0 0 0 0 0 0 0 0.4 0 0 0 0 0 0.2 0 0 0 0 0 0 0 0 0 0 0 0 0 0 1.8 0 0 0 0 0 0 0 0 0 0 0 6.6000000000000005 2.6 0 0 0 0 0 0 0 6.4 0 1 0 6.800000000000001 2.6 2 0 1.4000000000000001 0.2 0 0 0 0 0 0 0 0 0 2.2 0 2 0 0 0 0 0 10.600000000000001 0 0 0.4 0 0 0 0 3.2 0 0 0 0 0 0.4 0 0 0 0 0 0 0 0 0 0 0 0 0.2 0 0 0 0 0 0 0 0 0 0 0 0 0 0.6000000000000001 0 0 0 0 0 0 0.4 0.4 18 9.4 0 0.8 0 0 0 0 0 0 0 0 0 0 0 0 0 0 0 0 0 0 0 0 0 0 0 0 0 0 0 0 0 0 0 0 0 0 0 0 0 0 
 11.200000000000001 6.6000000000000005 38.800000000000004 29 44.2 10.4 7.800000000000001 8.6 7.4 8.4 35.6 12.8 6.6000000000000005 22.6 33.2 16 0 64.4 12.4 23.400000000000002 0 0 0 0 0.4 0 0.2 0 0.2 0 0 0 14.600000000000001 0 0 0 0 0.4 0 15.200000000000001 0 0 0 0 0 0 0 0 0.6000000000000001 0.6000000000000001 0.4 0 0 0.4 1 0.6000000000000001 0 0 0 0 0.6000000000000001 0 0.6000000000000001 1.6 14.600000000000001 0 0 0 0 0.4 1.6 0 0 0 0.2 0 0 0 0 0 2.8000000000000003 0 0 14 0 2 2 6.4 0.6000000000000001 2 8.8 3 0.8 0 5.2 14.200000000000001 2.8000000000000003 2 1.4000000000000001 0 2 0 0 0 0 0 3.6 0 0 5.800000000000001 0 0 6.2 0 0 0 0 4 0 0.4 0 0 0 0 0 0 0 2.8000000000000003 0 0 0 0 0 0 0 2 0 0 0 0 0 2.8000000000000003 0 0 0 0 0 0 0 2.4000000000000004 0 0 0 2.2 0 0 0 0 0 0 1.8 0.8 0 2.2 0 4.4 1 9 3.4000000000000004 12.8 5.2 2.4000000000000004 2.8000000000000003 2.2 7.4 0 0.2 0 0 1 0 0 0 0 0 0 1.4000000000000001 0 0 0 0 0 0 1.6 4 0 0 0 3.6 3.6 0 0 0 0 0 0 0 0 0 0 0 0 0 0 0 0 0 0 0 3 0 0 0 0 0 0 0 0 0 0 0 0 0 0 0 0 0 0 0 0 0 0 0 0 0 0.6000000000000001 2.2 0 0.2 10 0.2 1 2 0 0 0 0 0 0 0 0.4 0 0 0 0 0 0 0 0 0 0 0 0 0 0 2.8000000000000003 0.2 3.4000000000000004 0 0 0 0 0 0 0 0 0 0 0 0 
 15.8 12 56.400000000000006 49.6 22.400000000000002 9.4 10 29 9.4 42.800000000000004 30.8 36.800000000000004 24.400000000000002 100.80000000000001 56.400000000000006 23.8 64.4 0 8.8 38.2 0.4 0 0 0.4 1 0 0.2 0 0 15 0 0 12 0 0 14.600000000000001 0 0 19.400000000000002 4.6000000000000005 0 0 0 0 0 0 0 0 0.6000000000000001 0.6000000000000001 0.4 0 0 0.4 0 0.6000000000000001 0 0 12.600000000000001 0 0.6000000000000001 0 0.6000000000000001 0 0 0 7.6000000000000005 0 0 0.4 1.8 0 0 0 0.4 0 6.6000000000000005 0 0 0 0.4 0 2.6 4 0 1.6 3.8000000000000003 2.6 1.8 1 7 2 0 0.2 1.6 5.6000000000000005 2 7.800000000000001 0 0 0 0 0 0 0 0 0 0 0 0 0 0.4 2.4000000000000004 4.800000000000001 0 0 0 0 0 0 0 0 0 0 0 0 0 0 0 0 0 0 0 3 0 3 0 0 0 0 0 0 0 0 0 0 0 0 0 0 3.8000000000000003 0 0.2 0.6000000000000001 0 0.4 0.6000000000000001 0 0 0 2 3.2 0 2.8000000000000003 0 1.8 0 5 1.6 5 0.2 1.8 0 6.2 5 10.4 3 3 0 0.4 0 0.2 0.2 0 0 0.4 1.6 0 0 0 0 0.2 11.600000000000001 3 0 0 0 0 0.4 0 0.2 0 0 0 0 0 0 0 0 0 0 0 0 0 0 0 0 0 0 0.2 0 0 0 0 0 0 0 0 0 0 0 0 0 0 0 0 0 0 0 0 0 0 0 0 0 1.2000000000000002 0.4 0 0.6000000000000001 18.8 0 1.4000000000000001 1.8 0 0 0 0 0 0 0 0 0 3.2 0 0 0 0 0 0 0 0 0 0 0 0 1.8 0 0 0 0 0 0 0 0 0 0 0 0 0 0 
 18.6 23.8 51.400000000000006 75.8 10.4 11 87.4 9.600000000000001 37.6 21.6 50.800000000000004 25 14.600000000000001 56.800000000000004 55.800000000000004 19.6 12.4 8.8 0 53.6 0 0 0 0 0.4 0 0.2 0.4 0.2 0 0 0 1 0 0 0 0 0 0 0 0 0 0 0.4 0 0 0 0 0.6000000000000001 0.6000000000000001 0.4 0 0 0.4 12.4 0.6000000000000001 0 0.2 0 0 0.6000000000000001 0 0.6000000000000001 2.2 0 0 0 0 0 0.4 0 0 11.4 0 0.2 0 0 0 0 0 1.6 4.2 4.6000000000000005 0 3.6 0 7.6000000000000005 2.6 3.8000000000000003 2.2 3.8000000000000003 0 3.2 7 2.6 0.4 0 0.8 4.2 3.8000000000000003 0 0 0 0 0 0 0 0 0 0 0 0 0 0 0.4 0 5.800000000000001 0 0 0 0 0 0 0 0 0 0 0 0 0 0 0 0 0 0 0 0 0 0 0 0.4 0 0.2 0.2 0 0 0 0 0 0 0 0 0 0 0 0 0 0 0 0 8 2.2 3.4000000000000004 3 3.8000000000000003 0 0.4 1 1.8 0 0.2 9.200000000000001 6.6000000000000005 2.8000000000000003 0 0 7.4 0 3.6 5.4 0 0 0.4 0 0 0 0 0 0 0 0 0 0 0 0 0 0 0 0 0 0 0 0 0 0.4 0 0 0 0 0 0 0 0 0 0 0 0 0 0 0 0 0 0 0 0 0 0 0 0 0 0 0.2 0 0 0 0.2 0 0 0 0 0 0 0 0 0 0 0 0 0.4 0.4 2.6 1.2000000000000002 0 0 0 0 0 0 0 0 0 0 0 0 0 0 0 0 0 0 0 0 0 0 0 0 3 0 0 0 0 0 0 0 0 0 0 0 0 0 
 40.2 9.200000000000001 56 19.200000000000003 13.600000000000001 13.8 42.800000000000004 26.200000000000003 19.8 24.200000000000003 30.400000000000002 8.200000000000001 23.8 49.6 35.2 16 23.400000000000002 38.2 53.6 0 0 0 0 0 0.4 7.800000000000001 0.4 0 0 0.2 0 0 0 0 0 0 0 0.4 0 0 0 0 0 0 0 0 0 0 0.4 0.6000000000000001 0.4 0 0 0.4 0 0.4 0 0 0 0 6 0 0.6000000000000001 0 0 0 0 0 0 0.4 1.8 0 0 0 0 0 0 0.4 0 0 2 0 0.2 0 0.2 1.2000000000000002 2.4000000000000004 0.4 1.8 0 3.6 0 3.6 2.8000000000000003 5.4 5.800000000000001 0 4.2 7.800000000000001 3.8000000000000003 0 0 0 0 0 0.2 0 0 0.2 0 0 0 0 0 0 0.4 0 0 0 0 0 0 0 0 0 0 0 0 0.4 0.4 0 0 0 0 0 0 0 0 0 0 0 0 0 0 0 0 0 0 0.4 0 1.4000000000000001 0 0 1.2000000000000002 2.8000000000000003 0 0 0 0 0 0 4.4 0 0 0 0 4.800000000000001 9.4 0 3.6 0 4.2 2.8000000000000003 4 2.8000000000000003 3.8000000000000003 1.8 0.2 2 3 0 0 0 0 0 0 0 0 0 0 0 0 0 0 0 0 0.2 0 0 0 1.8 0 0 0 0 0 0 0 0 0 0 0 0 0 0 0.4 0 0 0 0 0 0 0 0 0 0 0 0 0 0 0 0 0 0 0 0 0 0 0 0 0 0 0 0 0 0 0 0 0 0 0 0.4 0.8 0 0 0 0 0 0 0 0 0 0 0 0 0 0 0 0 0 0 0 0 0 0 1.8 0 0 0 0 0 0 0 0 0 0 0 0 0 0 
 0.4 0 0 0 0 29.8 0.4 0.6000000000000001 0 0 15 31.8 0 0 0 16.8 0 0.4 0 0 0 26.200000000000003 101.60000000000001 29.8 51.6 5.4 80.4 25 21.6 7.6000000000000005 8 47 66.8 24.8 39.400000000000006 96.80000000000001 21.8 63.6 7.6000000000000005 39.400000000000006 0.6000000000000001 11.600000000000001 0.6000000000000001 0 0 0.8 0 0 1.4000000000000001 0 0 0 0 0 0 1 0 0 0 0 0 0.6000000000000001 0.8 0.4 0.4 0 0.6000000000000001 0.4 0 0 0.4 0 0 0 0 0 0 0.6000000000000001 0.6000000000000001 0 0 0 0 2.8000000000000003 0 0 0 0 0 0 4.2 2.2 0 0 0 0 3.2 0 0 0 0 1.8 2.4000000000000004 2 2.4000000000000004 0 2.4000000000000004 0 0 4.800000000000001 0.2 0 0.4 3.8000000000000003 0 5.4 2.4000000000000004 2.2 2.6 0 0 0 0 0 0 0 2.6 0 0 0 0 0 2.2 0 0 0 0 0 1.6 0 0 0 0 0 0 0 0 0 0 0 0 0 0 0 0 1 0 0 0 0 0 0 4.2 1.8 1.4000000000000001 0 0 1.6 0 0 2.6 0 0 0 0 1 0 0 0 0 4.800000000000001 2.6 8.4 0 0 1.2000000000000002 4.6000000000000005 2.2 1.6 0 4.6000000000000005 4.6000000000000005 2.2 6 0 4.2 2.2 0 5.2 4.4 0 0 0 0 0 0 0 0 0 0 0 0 0 0 0 0 0 0 2.2 0 0 0 0 0 0 0 0 0 0 0 0 0 0 0 0 0 0 0 0 0 0 0 0 0 0 0 4.6000000000000005 0 5.4 0 0 0 0 0 1.8 0 0 0 0 0.4 6.2 0 0 0 0 0 0 0 0 0 0 0 0 0 0 2.8000000000000003 0 0 0 0 0 0 0 0 0 0 0 0 0 0 
 0 0 0 0 0.2 14.8 7 0.4 0 0.4 0 14.600000000000001 0.2 0 0.2 0 0 0 0 0 26.200000000000003 0 66.60000000000001 34.800000000000004 57.800000000000004 12 75.60000000000001 61.2 60.2 12.200000000000001 24.8 62.6 17.2 25.6 66.60000000000001 7.4 70.2 35.4 49 8.8 3.2 0.6000000000000001 0.4 13.600000000000001 0 1 0.4 0 0.4 0 0 0.6000000000000001 0.2 0.2 0 0 0 0 0 12.600000000000001 0 1 0 0.4 1 0 0.4 0.4 0 0 0.4 0 0.4 0 0 0 0 1.2000000000000002 1.4000000000000001 1.2000000000000002 0 0 0 0 0 0.6000000000000001 0 0 0 0 0 0 0 0 0 0 0 0 0 0 5.2 3.6 4 8 9.600000000000001 2.8000000000000003 0 0 0 7.800000000000001 7 4 2.4000000000000004 4.4 0 3.6 0 1.8 3.2 4.6000000000000005 12.600000000000001 0 0 0 0 0.2 2.6 0.2 6.2 0 0 0 1 0 0 0 0 0 2.4000000000000004 2.2 0 0 0 0 0 0 0 0 0 0 0 0 0 0 0 0 0 0 0 0 0 0 0 0 0 3.6 0 0 0 0 0 0.2 0 0.2 0 0 0.4 0.8 0 0 2.4000000000000004 5.6000000000000005 3.8000000000000003 0 3.6 1.6 3.4000000000000004 3.4000000000000004 3 0.8 3.6 6 0.2 3.2 0 9.4 3.6 6.6000000000000005 0.2 2.8000000000000003 0 2.4000000000000004 0 0 0 0 0 0 0 0 0 0 0.2 0 0 0 0 0 3 0 0 0 3.4000000000000004 0 0 0 0 0 0 0 0.4 0 0 0 1.2000000000000002 0 0 0 0 0 0 0 0 0 0 0 0 0 0 0 0 0 0 0 2.8000000000000003 0 0 0.2 0 0 3.2 0.2 0 0 0 0 2.8000000000000003 0 0 0 0 0 0 0 0 0 0 0 0 0 0 0 0 0 0.2 5.2 0 0 0 0 
 0.6000000000000001 0 0 14.600000000000001 0 0 0 0 0 0.2 0.2 0 15.4 0 0 0 0 0 0 0 101.60000000000001 66.60000000000001 0 94.2 11.8 6.800000000000001 52 35.6 16.6 32 18.8 81.2 16 50.6 11 16.8 27 11.200000000000001 10.200000000000001 11.4 13.600000000000001 0 0.6000000000000001 0 0 0 0 0 0 0 0 0 0.2 0 0 0 0 0 0 7 0 0.6000000000000001 1 0.4 0.4 0 1.8 0.4 0 0 0.8 0 0 0 0 0 0.2 0.6000000000000001 0.6000000000000001 0 0 0 0 0 4.800000000000001 0 0 0 0 0 0 0 0 0 0 3.2 0 0 0 0 0 0 0.4 2.8000000000000003 9.4 3.8000000000000003 0 0 0 4.2 1.6 0 0 1.4000000000000001 0 0 3.4000000000000004 2.4000000000000004 0.2 0.4 6.6000000000000005 2.8000000000000003 0 0 0 0.4 9.600000000000001 0 1.6 0 0.2 0 4 3 4.6000000000000005 0 0 0 4.800000000000001 5 0 0 0 0 0 0 0 0 0 0 0 0 0 0 0 0 0 0 0 0 0 0 0 0 0 0.6000000000000001 0 0 0 0 0 0 0 0 0 0 0 0.8 0 0 2 0 0 1.6 2.8000000000000003 2 0 1 0 3.2 1.6 7.6000000000000005 0 2.2 0 1.8 2.4000000000000004 5.800000000000001 0.2 0 2.2 3.4000000000000004 0.2 0 0 0 3.8000000000000003 0.2 0.4 0 0 0 10.200000000000001 0 2.4000000000000004 0.2 0 0.2 3.6 3.2 0 0 0 0 0 0 0 0 0 0 0.2 0 0 0 0 0 0 0 0 0 0 0 2.4000000000000004 0 0 0 0 0 0 0 0 0 0 0 2 0.4 0 15.600000000000001 0 0.4 0.2 0 0 0 0 0 0 0 0 0 0 0 0 0 0 0 0 0 0 0 0 0 0 0 0.4 2.8000000000000003 0 0 0 0 
 0 0 0 0 0 0 0.4 0 0 0 0 0 0 0 0 0 0 0.4 0 0 29.8 34.800000000000004 94.2 0 61.6 23.400000000000002 37.800000000000004 34.2 70.2 30.8 75.2 15.200000000000001 98.2 8.200000000000001 77.4 14.4 63.2 20 14 11.8 13.8 0 0.6000000000000001 0 0 0 0 0 0 0 0 0.4 0 0 0 0 0 0.2 0 7.800000000000001 0 0.6000000000000001 0.2 0.4 0.4 0 0.6000000000000001 0.4 0 0 10.200000000000001 0 0 0 0 0 0 0.6000000000000001 0.6000000000000001 1.2000000000000002 0 0 0 0 0 0 0 0 0 0 0 0 0 0 0 0 0 0 0 0 3.8000000000000003 0.2 7 2.2 2.8000000000000003 0.2 0 2.6 6.6000000000000005 0 2.4000000000000004 4.800000000000001 0 0.2 0 9.4 0.4 3.2 0 0 5 0 0 0 0 0 2.2 0 0.2 0 0.2 0 0.2 0 0.2 0 0 0 6.4 2.4000000000000004 0 0 0 0 0 0 0 0 0 0 0 0 0 0 0 0 0 0 3.2 0 0 0 0 0 0 3.6 0 1.2000000000000002 0 0 0 0 0 0 0.2 1.2000000000000002 0 0 0 0 0 0 3.8000000000000003 0 7.6000000000000005 12.200000000000001 9.200000000000001 2.2 0 1.4000000000000001 2.4000000000000004 2.6 0 0.2 0 4.4 0.8 7.4 0 2.8000000000000003 0 0 0 0 0 0 0.2 0 0.2 0 0 0 0.4 0 2 0 0 0.2 4.800000000000001 4.2 0 0 0 0 0 0 0 0 0 0 0 0 0 0 0 0 0 0 0 0 0 0 0 0 0 0 0 0 0 0 0 0 0 0 1.2000000000000002 0 0.6000000000000001 15.200000000000001 15.8 0.4 0.4 0.2 0 0 0 0 3.2 0 0 0 0 0 0 0.2 0 0 0 0 0 0 0 0.8 0 0 0 2.2 0 0 0 0 
 0.6000000000000001 0.2 0.4 0.4 0.6000000000000001 1 0.4 0.2 0.2 0.4 0.2 0.4 0.4 0.4 1.2000000000000002 0.2 0.4 1 0.4 0.4 51.6 57.800000000000004 11.8 61.6 0 63.2 58 14.200000000000001 40.2 31.8 28.8 23.6 18.400000000000002 11.4 12.600000000000001 33.2 28.200000000000003 25.200000000000003 15.4 19.6 0.6000000000000001 13 13 0.2 0 0 39.2 0.2 16.2 0 0 0 0 0 11.4 0.2 0 1 0 13 5.6000000000000005 0.6000000000000001 0.2 0.4 0.4 0 0.6000000000000001 0.4 0 0.4 0.4 0 1.2000000000000002 0 1.4000000000000001 0 0.2 0.6000000000000001 1 0 0 0 0 0 0 4.6000000000000005 0 0 0.4 0 0 0.2 0 0 0 0 0 0 0 0 0 0 0 0 6 3.6 0 5.6000000000000005 2.6 7.6000000000000005 0 4.6000000000000005 0 1.8 0.8 4.6000000000000005 3.2 0 0 0 0 10.4 0 1.6 0 0 0 4 0 0 3.8000000000000003 0 2.4000000000000004 1.4000000000000001 3 2.8000000000000003 1.8 3.2 6.2 0 0 0 0 0 0 0 0.2 3.6 0 0 0.2 0 0 0 0.4 0 0 0 0 0.2 0.2 0 2.2 0 3.4000000000000004 0 0 0.2 0 0 0.8 0 0 0 0 0 0 0 0 0 0.2 2.6 0 1.6 5.4 0.2 2.8000000000000003 0 0 4.800000000000001 0 6 1.6 0 0 0 0 0 0.2 3.2 3.4000000000000004 0 0 0 3 0 0.2 0 4 0 0 0 2.8000000000000003 0 1.6 1.6 2.4000000000000004 4.6000000000000005 3.6 0 0 0 0 0 0 0 0 0 0 0 0 0 3.4000000000000004 0 0 0 0 0 0 0 0 0 0 0 0 0.2 0 0 0.4 0.2 0 5.800000000000001 0 0 17.8 0.4 0.2 0.6000000000000001 15.4 2.4000000000000004 0.8 0.6000000000000001 0 0 0 0 0 0 0 0 0 0 0 0 0 0 0 0 0 0 0 0 0 0 0 0 4.2 0 0 0 
 0 0 0 0 0.6000000000000001 0.2 26 0 1.2000000000000002 0 0 0 0 0 26 0 0 0 0 7.800000000000001 5.4 12 6.800000000000001 23.400000000000002 63.2 0 19.8 48 95 8.6 45.2 59.2 11.4 11.4 7.4 18.8 18.6 14.8 9.8 12.600000000000001 0.6000000000000001 0 1.6 0 0 1 28.400000000000002 13.8 14.200000000000001 0 0 0.6000000000000001 1.4000000000000001 13 39.6 0.8 0.2 16.6 33.6 16.2 0.2 1 0 0.8 2.2 0.6000000000000001 0.6000000000000001 0.4 0.4 0 0.4 0.2 0 0 0 0 0.6000000000000001 1 0.6000000000000001 0.4 0 0 0 0 0 0 0 0 0 0 0 0 0 0 0 0 0 0 0 0 0 0 0 0 4 0 0 3.6 2.8000000000000003 0 0 1.8 0 0 1.8 0 0 3.6 5.4 0 0.4 5.2 2 7.800000000000001 0 0.2 1.8 0 0 2.2 0 0 3.4000000000000004 0 3 5.4 3.6 5.4 0 3.2 0 0 0 0 0 0.2 0 0.4 0.2 2.6 0 0 0 0 1.6 0 0 0 0 0 0 0 0 0 1 0 0 0 0 0 0.6000000000000001 0 0 0 0 0 0 0 0 0 0 0 0 0.6000000000000001 9.4 0 1.4000000000000001 0 0 0.4 0 3.8000000000000003 0 0 0 0 0 0 0 0 10.4 2.6 0.4 0 2.4000000000000004 0 9 0 0 3.8000000000000003 5.2 2 6.2 9 8.200000000000001 6.4 5.4 2.4000000000000004 2.2 0 0 0 0 0 0 0.4 0 0 0 0 0 0 0 0 0 0 0 0 0 0 0 0 0 0 0 0 0 0 0 0 0 0 0 0 3.8000000000000003 0 0.2 0 1.6 5.800000000000001 0 0.8 0 0 0 0 0 0 0 0 0 0 0 0 0 0 0 0 0 0 0 1.8 0 0 2.6 0 0 0 0 0 
 0.8 0.2 0.2 0.2 0 0.4 0.8 0.6000000000000001 0 0.2 0.6000000000000001 0.2 0.4 0.2 0.4 0.4 0.2 0.2 0.2 0.4 80.4 75.60000000000001 52 37.800000000000004 58 19.8 0 52.800000000000004 59.400000000000006 78.4 24.400000000000002 12.4 46.2 34.6 23 44.800000000000004 22 20.6 8.4 63 0.6000000000000001 0 6 0 0 0 0 0 0.8 12.200000000000001 0 0 0 0 0 5.6000000000000005 0 0 0 0 0 0.6000000000000001 0.2 0.2 0.4 0.4 0.6000000000000001 0.4 0 0 0.4 0 0 0 0 0 0 0.6000000000000001 0.6000000000000001 1.2000000000000002 0 0 3 0 0 1.2000000000000002 0 0 0 0 0 0 0 0 0 0 0 0 0 0.2 5.6000000000000005 0.2 6.6000000000000005 0 0 0 0 5.4 4.800000000000001 4.800000000000001 4.800000000000001 4.2 0 0 13.8 10.600000000000001 1.6 3.6 0 0 0 0 0 0 0 0 0 0 0 2 0 0 1.8 0 0 0 0 0 2.6 3.4000000000000004 0 0 2.2 0 0 0 0 0 0 0 0 0 0 0 0 0 0 0 0 0 0 0 0 0 0 1.2000000000000002 0 0.6000000000000001 0 0 0 0 0 0 0 3 0 0 0 0 3.2 0.8 2.2 0 1.6 5.2 10.200000000000001 3.6 2.2 3.6 1.6 0 0 0.2 0 0.2 4.6000000000000005 1.2000000000000002 2 3.6 0 0 0 0 0 0 0 0 0 0 0 0 0 0 0 0 0 0 2 0 0.4 0 0 0 0 0 0 0 0 0 0 0 0 0 0 0 0 0.2 0 0 0 0 0 0 0 0 0 0 0 0 0 0 0 0 1.8 0.4 0 0 15.600000000000001 0.4 1.2000000000000002 4.800000000000001 0 0 0 0 2 0 0 0 0 0 0 0 0 0 0 0 0 0.2 0 0 0 0 0 0 0 0 0 0 
 0 0 0 0 0 21.400000000000002 0 0 16.400000000000002 0 0.4 0 0 0 0.4 0 0 0 0.4 0 25 61.2 35.6 34.2 14.200000000000001 48 52.800000000000004 0 135.20000000000002 9.4 10.4 25.6 35.2 17.6 62.400000000000006 38.2 16.2 23.8 15.4 30.200000000000003 0.6000000000000001 1 0.4 0 0 5.800000000000001 0 10.600000000000001 1.8 0 0 0 0 0 0 0.8 0 0 0 0 0 0.6000000000000001 1.2000000000000002 0.4 0.4 0 0.4 0.4 0 0 0.4 0 0 12.200000000000001 0 0 0 0.6000000000000001 0.6000000000000001 0.8 0 0 0 0 0 0.4 0 0 0 0 0 0 0.4 0 0 0 0 0 0 0 2.8000000000000003 3.6 6.6000000000000005 2.8000000000000003 7.800000000000001 1.6 0 3.8000000000000003 2 9 4.800000000000001 4.6000000000000005 0 0 3.6 11.8 2.6 6 0 0 6.4 0 0 0 0 0 1.4000000000000001 0 2.6 0 0 0 0.6000000000000001 0 0.2 0 0 0 3 2 0 0 2.8000000000000003 0 0 0 0 0 0 0 0 0 0 0 2.2 0 0 0 0 0 0 0 0.4 0 0 2.4000000000000004 0 0 0.4 0 0 0 0.4 0 0 0 0 3.4000000000000004 0 0 0 2.4000000000000004 13 0 1.6 0 1.4000000000000001 8.6 6.6000000000000005 5 4.800000000000001 3 0 8.4 2.6 6.2 7.6000000000000005 0.2 11.200000000000001 3.8000000000000003 0 2.4000000000000004 0 0 0 4.4 0 0 0 0 0 0 0 0 0 0 0 0 0.4 0 0 0 0 0 0 0 0 0 0 0 0 0 0 0 0 0 0 0 0 0 0 0 0 0 0 0 0 0 0 0 0 0 0 0.4 3.6 0 0 0.2 0.4 0.4 3.2 0 0 0 0 0 2.6 0 0 0 0 0 0 0 0 0 0 0 0 0 0 0 0 0 0 2.6 0 0 0 0 
 0.6000000000000001 0 0 0 0.2 0.6000000000000001 0 0 0.4 0 0 0 0 0.6000000000000001 0 0 0.2 0 0.2 0 21.6 60.2 16.6 70.2 40.2 95 59.400000000000006 135.20000000000002 0 30 40.6 36.800000000000004 87.4 35.800000000000004 17 67.4 68.60000000000001 14.200000000000001 18 30 0.6000000000000001 0.2 0.6000000000000001 0 0 0 0 0.2 4.4 0 0.4 0 0 0 0 0.4 0 0.4 0 0 0 0.6000000000000001 0.4 0.4 0.4 0 0.6000000000000001 0.4 0 0 0.4 0 0.6000000000000001 0 0 0 0 0.6000000000000001 1 2.2 0 0 0 0 0 0 0 0 0 0 0 0 0 0 0 0 0.4 0 0 0 5 6.2 3 0.2 0 2 0 3.8000000000000003 2.4000000000000004 8.8 7.800000000000001 2 0 7.2 2 13 3 3.8000000000000003 0 0 1.4000000000000001 0 0 0.2 0 0 1.4000000000000001 0 2.4000000000000004 0 0 0 0.2 0 0 0 0 0 0 4.4 0 0.2 0.8 0 0 0 0 0 0 0 0 0 0 0 0 0 0 0 0 0 0 0 0 0 0 2.4000000000000004 0 0 0 0 0 0 0 0 0 0 0 1 0 1.4000000000000001 1.6 3 4.6000000000000005 0 0 3.2 2.4000000000000004 5 0.2 1.6 0.2 4.800000000000001 0 2.8000000000000003 0 2.2 11.200000000000001 2.8000000000000003 0 2.6 0 2.6 0 0 0 0 0 0 0 0 0 0.4 0.2 0 0.2 0 0 0 0.6000000000000001 0 0 0 0 0.4 0.2 0 0 0 0 0 0 0 0 0 0 0 0 0 0 0 0 0 0 0 0 0 0 0 0 0 0 0 0.2 0 3.8000000000000003 0 0.4 0 0.2 0.2 0.8 2.6 0 0 0 0 7 0 0 0 0 0 0 0 0 0 0.2 0 0 2 0 0 0 0 0 0 0 0 0 0 
 0 0 0.2 0 0 4.2 0.4 0.8 0 0 0 0 0 0 0.4 0 0 15 0 0.2 7.6000000000000005 12.200000000000001 32 30.8 31.8 8.6 78.4 9.4 30 0 29.400000000000002 8.4 25.8 11.600000000000001 27.8 28.400000000000002 43.400000000000006 16.400000000000002 16.2 17.8 0.6000000000000001 0 0.6000000000000001 0 0 0.2 5.800000000000001 0 0 0 0 0 0 0 0 0 0 0 0 0 0 0.6000000000000001 0 0 0.4 0 10.600000000000001 0.4 0.8 0 0.4 0 1.2000000000000002 0 0 0 0 0.6000000000000001 0.6000000000000001 0 0 0 0 0 0 0 0 0 0 0 0 0 0 0 0 0 0.2 0 0.2 0 1.8 2.4000000000000004 0.4 4 2 2 2 0 0 1.4000000000000001 0 3.6 0 1.8 0.2 3 0 4.2 3.8000000000000003 2 0.6000000000000001 4.6000000000000005 0 0 0 0 0 3.8000000000000003 0 0.4 0 0 0 0 5.4 0 0 0.2 8.6 6.800000000000001 0 0 0.8 0 0 0 1 0 0 0 0 0 0 0 0 0.2 0 0 0 0 0 0 0.2 0.4 0.4 0.2 0 1.4000000000000001 0 0.4 0 0 0 0 0 0.4 0 0 0 0 0.2 7.6000000000000005 0 7.800000000000001 5.800000000000001 4.4 2.2 0 1.6 9.4 7.6000000000000005 0 0 0 0 2.2 2.2 0 0.2 0.2 0.2 0 0 0.6000000000000001 0 0 3 3.8000000000000003 0 0 0 0 2.4000000000000004 0 0 0.4 3.8000000000000003 0 7.4 6.800000000000001 0 0 0 0 0 0 0 0 0 0 0 0 0 0 0 0 0 0 0 0 0 0 3.4000000000000004 0 0 0 0 0 0 0 0 0 0 0 3.8000000000000003 0.4 0 15.200000000000001 0 0 2.8000000000000003 1.6 0 0 0 0 0 0 0 0 0 0 0 0 0 0 0 0 0 1.6 0 0 0 0 0 0 4.2 0 0 0 
 0.4 0 0 0 0.8 0 0 0.4 0.6000000000000001 0 0.4 0 0.8 0 0 0 0 0 0 0 8 24.8 18.8 75.2 28.8 45.2 24.400000000000002 10.4 40.6 29.400000000000002 0 32.800000000000004 12.600000000000001 5 57.2 95.2 49 36.4 3.4000000000000004 9 17.2 0.2 0.6000000000000001 0 0 0 48.400000000000006 4.6000000000000005 1 0 0 0 0 0.2 4.4 0.2 0.4 0 0 5.2 0 0.6000000000000001 0.4 0.4 0.4 0.2 0.6000000000000001 0.4 0 0 0.4 0 1 1.2000000000000002 0 0 0 0.6000000000000001 0.6000000000000001 1.2000000000000002 0 0 0 0 0 0 0 0 0 0 0 0 0 0 0 0 0 0 0 0 1.8 0.4 0.4 1.8 6.800000000000001 0.8 0 5.4 6.4 9.600000000000001 0 3 0 1.4000000000000001 2.4000000000000004 7.6000000000000005 5.4 4 0 0 2.2 0 0.2 0.4 0 0 2.4000000000000004 6.6000000000000005 0.2 0 0.6000000000000001 0 0 0.2 1 2.8000000000000003 2 0 2.6 0 0 0 0 0 0 0 0 0 0.4 0.2 0 0 0 0 0 0 0 0 0 0 0 0 0 0 0 0 0 0 0 0 0 0 0 0 0 0 0 0 0 0 1.2000000000000002 2.2 0.2 6.2 1.6 0.2 1.6 0.2 5.2 1.8 1.8 3.2 0.4 0.2 0 3.4000000000000004 0 2.4000000000000004 0 0 0.8 2.8000000000000003 0 0 0 0 0 0 0.8 3.6 0 0 7 0 2 1.6 4 0 4.2 2 0 0 0 0 0 0.4 0 0 0 0 0 0 0 0 0 0 0 0 0 0 0 0 0.2 0 0 0 0 0 0 0 0 0 0 0 1.6 0 1 15 14.600000000000001 0 1.6 0 0 0 0 0 0 0 0 0 0 0 0 0 0.2 0 0 0 0 0 0 0 0 0 0 0 2.6 0 0 0 
 1 0 0 0.2 0.6000000000000001 0.6000000000000001 0.4 0.4 0 0 0 0.4 0 0 1.2000000000000002 0 0 0 0 0 47 62.6 81.2 15.200000000000001 23.6 59.2 12.4 25.6 36.800000000000004 8.4 32.800000000000004 0 6 13.200000000000001 84 23.8 48.800000000000004 34.800000000000004 44.6 7.6000000000000005 0.8 0 0.4 0 0 0 12.4 12.8 1.2000000000000002 0 0 0 0.2 13.200000000000001 18.400000000000002 0 0.2 1.4000000000000001 13 13.4 0 0.6000000000000001 0 0.2 1.2000000000000002 0 0.2 0.4 2 0 0.4 0 0 0 0 0 0 0.4 0.6000000000000001 0 0 0 0 0 0 0 0 0 0 0 0 0 0 0 0 0 0 0 0 0 0 0 0 2 8.4 6 0 4 2.2 4.4 2.6 2.4000000000000004 0 0 1 3.8000000000000003 0 8 2 0 7 3.6 5.2 0 0 0 2 0 2.4000000000000004 1.8 2.4000000000000004 0 3.4000000000000004 0.8 9.4 1 3.2 7.2 3.6 2.2 0 0 0 0.2 0 0 0 2.2 0 3 0 0 0 0 0.2 0 0 0 0 0 0 0 0 0 0 0 0.4 0 0 0 0 0 0 0 0 0 0 0.4 0 0 0 0.2 0 0 6.2 1.6 1.6 1.4000000000000001 0 0 0 4.4 0 0 0 2.4000000000000004 0.2 3 0 0 8.8 5.2 2.6 0 2.4000000000000004 0 0 0 2.8000000000000003 3.6 0 0 6.2 2.6 0 2.2 0.6000000000000001 5.6000000000000005 4.2 0.4 0 0.2 0 0 0 0 0 0 0 0 0 0 0 0 0 0 0 0 0 0 0 0 0 0 0 0 0 0 0 0 0 0 0 0 2.6 0.6000000000000001 0.4 0.4 14.600000000000001 0 0 0.2 0 0 0 0 0 0 0 0 0 0 0 0 0 0 0 0 0 0 0 0 0 0 0 2.4000000000000004 0 0 0 0 
 0 14.8 0.2 12.4 14.600000000000001 27 0.4 16.8 0.4 30 0 34.4 0.2 0.4 0.6000000000000001 15.200000000000001 14.600000000000001 12 1 0 66.8 17.2 16 98.2 18.400000000000002 11.4 46.2 35.2 87.4 25.8 12.600000000000001 6 0 33.800000000000004 68.8 20.200000000000003 13.200000000000001 79.60000000000001 16.400000000000002 41 1.4000000000000001 1 0.4 0 1.2000000000000002 1.2000000000000002 0 0 1.4000000000000001 0 0 0.4 2.4000000000000004 0 0.2 1.6 0 0 0 0 0 0.6000000000000001 0 0 0.4 0.4 1.2000000000000002 0.4 0 1.6 0.4 0 0 0.8 0 0 0 0.6000000000000001 0.6000000000000001 0 0 0 0.6000000000000001 2 0 0 0 0 2 3 2.6 0 0 0 0 2.8000000000000003 6 0 0 0.2 2.6 8 7.4 1.8 0 0 3.8000000000000003 4.800000000000001 3.4000000000000004 3.4000000000000004 0.6000000000000001 0.4 6.800000000000001 2.2 1.6 7.4 2.8000000000000003 6.800000000000001 2.6 4.2 0 0 0 0.4 0 0 0 0 0 0 0 0 0 0 0 0 0 0 0 0 0 0.4 0.4 0 0 0 0 0 0 0.2 0 0 0 0.2 0 0 0 0 0 0 0 0 7.6000000000000005 2.8000000000000003 3 0 0 0 2.6 0 0 0 0 1.2000000000000002 0 1.8 1.2000000000000002 0.4 0 2.2 0 4 0.4 2.6 0 0 0.2 2.2 0 1.6 0 2.2 2.4000000000000004 7 3.2 2.8000000000000003 2.4000000000000004 0 6.800000000000001 0 0 0 0 0 0 0 0 0 0 0 0 0.4 0 2.2 0 0 0 0 0 0 0 0 0 0.4 0.2 0 0 0 0 0 0 0 0 0 0 0 0 0 0 0 0 0 0 0 0 0 0 0 0 29.6 0 0 0 0 2.6 0 0.2 0 0 0.4 1.2000000000000002 0.4 0 0 0 0 0 0 0 0 0 0 0 0 0 0 0.2 6 0 1.4000000000000001 0 0.2 0 0 0 0 0 0 0 0 
