 0 41.2 35.4 51.6 95 8.6 29.400000000000002 31.400000000000002 11.200000000000001 21.8 22.8 59.2 38.800000000000004 146.4 25.6 9.200000000000001 44.800000000000004 20.6 9.4 10 0.4 0 0.6000000000000001 0.6000000000000001 0 0 0 0 0 0.4 0 0 0.6000000000000001 0.4 0.4 0.2 0 0.4 0 0 0 0 0 0 0 0 0 0 0 0 0 0.2 0 0 0 0.4 0 0 0.4 0 0 0.6000000000000001 0 0 0 0.6000000000000001 0 0 0.2 12 0 0.6000000000000001 0 0.2 0 0 8.4 0.6000000000000001 0 0 6 3.6 0 0.4 0 2.2 4.800000000000001 7.6000000000000005 4 0.4 0 0 0.4 3.2 9.200000000000001 8.8 3.4000000000000004 3.2 0 2.8000000000000003 0 0.4 1.2000000000000002 1.4000000000000001 0 0 0 0 0 0 0 0 0 0 0 0 0 0 0 0 0 0 0 0 0 0 0 0 0 0.4 0 0 0 0 0 0 0 0.2 0.6000000000000001 0 0 0 0 0 0 0 0 0.4 0 0 0.2 0 0 0.4 0 0.2 0 0 0 0 8 7.800000000000001 2 0 0 2.4000000000000004 7.6000000000000005 1.4000000000000001 0 0 8.4 2 0 1.4000000000000001 2.4000000000000004 0 5.2 0.2 8.4 1.8 0 0 0 0 0 0 0 0 0 0 0 0 0 0 0 0 0 0 0 0 0 0 0 0 0 0 0 0 0.2 0 0 0 0 0 0 0 2.4000000000000004 0 0 0 0 0 0 0 0 0 0 0 0 0 0 0 0 0 0 0 0 0 0 0 0 0 0 0 0 0 0.8 0 0.4 27.200000000000003 0 0.6000000000000001 0 0 0 0 0 0 0 0 0 0 0 0 0 0 0 0 0 0 0 0 0 0 0 0 7.800000000000001 0 0 0 0 0 0 0 0 0 0 0 0 0 
 41.2 0 37.6 38.400000000000006 7.800000000000001 10.600000000000001 50.6 30.200000000000003 49.2 5 41 42.800000000000004 13.200000000000001 28.6 14 25.200000000000003 47.6 23 8.8 7.4 0.4 0 7.4 1 0 0.2 0 0.6000000000000001 0 0.4 0.4 0 1.4000000000000001 0.4 0 0.4 0 0 0 15 0 0 0.6000000000000001 0 0 0 0 0.6000000000000001 0.6000000000000001 0 0 0 0 0 0.4 1 0.6000000000000001 0 0 0.6000000000000001 0.4 0.6000000000000001 0 0.2 0 0.6000000000000001 0 0 0 8.8 0 0.6000000000000001 0 0.4 0 0 0 0.6000000000000001 0 0 0 6.2 1.8 7 3.8000000000000003 5 0 0.2 0 5 2.6 9.200000000000001 2.4000000000000004 4.6000000000000005 8 0.4 4.4 11 0 0 0 0 0 0 0 0 0 0 0 0 0 0 2 0 2.4000000000000004 0 0 0 0 0 0 0 0 0 0 0 0 0 0 0 0 0 0 0 0 0 0 0 0 0 2.6 0 1.8 0 0 0 0 0 0 0 0 0 0 0 0 0 0 0 0 0 0 0 0 7 6.800000000000001 0 3.6 2.8000000000000003 4.2 9.200000000000001 0 2.2 10.8 0 0 0 0.8 3 2.2 3.4000000000000004 0 0 0 0 0 0 0 4.800000000000001 0 0 0 0 0 4.800000000000001 0 0 0 0 0 3.4000000000000004 0 0 0 0 0 0 0 0 0 0 0 0 0 0 0 0 0 0 0 0 0 0 0 0 0 0 0 0 0 0 0 0 2.2 0 0 0 0 0 0 0 0 0 0 0 0 0.2 0 0 1 17.6 2.2 2.4000000000000004 0 0 0 0 0 0 0 0 0 0 0 0 0 0 0 0 0 0 0 0 0 0 0 0 2.4000000000000004 0 0 0 0 0 0 0 0 0 0 0 0 0 
 35.4 37.6 0 72.60000000000001 65.60000000000001 50.800000000000004 57.2 16.6 24.200000000000003 53 43.400000000000006 49.400000000000006 30.8 13 17.6 10.4 51.6 70.8 10 19 1 0 0.8 1.2000000000000002 0 0 0 0.4 0 0.8 0.2 0 1.6 0.8 0.2 4 0.2 0.2 0 14.200000000000001 0 0 0.4 0 0 0 0 0.6000000000000001 0.2 0 0 0.2 0 0 3.6 1 0.6000000000000001 0 0 0.6000000000000001 0.4 0.6000000000000001 6.4 0.2 0 0.6000000000000001 0 0 0 10.8 0 0.6000000000000001 1.4000000000000001 0 0 0 0 0.6000000000000001 0 0 2.8000000000000003 0.2 0 2.2 1.8 0 3.4000000000000004 2.4000000000000004 0 6.800000000000001 0.6000000000000001 4 2.8000000000000003 8.4 5.6000000000000005 4.2 8.6 3.6 0 0 1.4000000000000001 0 0 0 0 0 1.8 0 0 0 0 0 0 0.6000000000000001 0 0 0 0 0 0 0 6.800000000000001 0 0 0 0 0 0 0 0 0 0.2 0 0 0 0 0 0 0 0 0 0 0 0 0 0 0 0 3.6 0 0 0 0 0 0.4 0 0 0 0.2 0 3.2 0 0.6000000000000001 3.2 2.4000000000000004 0.6000000000000001 2 0 0 3.6 9.8 9.8 4 1.8 2.2 0 1 0.4 0.8 1.2000000000000002 3.2 0 0 0 0 0 2.6 0.2 0 0 0 0 0 4.4 0 0.4 0 0.2 0.8 0 0 0 0 0.4 0 0 0 0 0 0 0 0 0 0 0 0 0 0 0 0 0 0 0 0 0 0 0 0 1.6 0 0 0 0 1 1 0 0 0 0 0 0 3.8000000000000003 0 0 0 0 0.4 0.2 0.4 0.4 0 3 0 0 0 0 0 0 0 0 0 0 0 0 0 0 0 0 0 0 0 0 0 0 0.4 0 0 0 0 0 0 0 0 0 0 0 0 0 0 0 
 51.6 38.400000000000006 72.60000000000001 0 62.400000000000006 11 58.400000000000006 33.6 49.2 54.6 28.200000000000003 33.800000000000004 94 14.200000000000001 24.400000000000002 10.600000000000001 105.2 12.8 13.600000000000001 43.6 0.8 0 0.4 0.6000000000000001 0.4 32.6 0 0 0 0.4 0 0 23.8 0.4 0.4 0 0 0 15.8 0.4 0 0 0 0 0 0 0 0.2 0 0 0 0 5.4 0 0 0.6000000000000001 0 0 0 0.4 0 1 0 0 0 0.6000000000000001 0 0 0 8.200000000000001 0 0.6000000000000001 0 0 9.8 0.6000000000000001 0 0.6000000000000001 0 0.2 2.8000000000000003 0 3 4.4 2.2 0 5.800000000000001 2 2 7.4 5.2 0 2.4000000000000004 10.4 5.6000000000000005 0.6000000000000001 3.6 3.6 0 0 0 0 0 0 0 0 3 0 0 0 0 0 0 0 0 0 0 0 2 0 0 0 0 0 0 0 0.6000000000000001 0 0 0 0 0 0 0 0 0 0 0 0 0 0 0 0 0 0 0 0 0 0 0 0 0 0 0 0 0 0 0 0 0 3 5.6000000000000005 4.800000000000001 0 0.2 0.4 5.6000000000000005 0 0 6.4 1.6 7 3.8000000000000003 8.200000000000001 5.800000000000001 2.8000000000000003 8.8 2.2 0 1.2000000000000002 1.8 0 0 0 0 0 1.8 3 0 0 0 0 2 0 1.6 0 0 0 1.2000000000000002 5.6000000000000005 0 0.2 0 0 0 0 0 0 0 0 0 0 0 0 0 0 3 0 0 0 0 0 0 0 0 0 0 0 0 0 0 0 0 0 0 0 0 0 0 0 0 0 0 0 0 0.4 0 0.2 0 18.6 0 3.6 0 0 0 0 0 0 0 0 3 0 2.6 0 0 0 0 0 0 0 0 0 0 0 0.4 0 0 0 0 0 0 0 0 0 0 0 0 0 0 0 
 95 7.800000000000001 65.60000000000001 62.400000000000006 0 33.800000000000004 13.600000000000001 26.200000000000003 61.2 11 37 33.800000000000004 9.8 103.60000000000001 11.200000000000001 16.2 10.4 11.200000000000001 11.8 15.4 1 0.2 0.6000000000000001 1.4000000000000001 0.2 0.4 0.2 0 4.4 0.6000000000000001 1.2000000000000002 0.2 1 15 0.4 0.4 0.4 0.2 18.8 3.8000000000000003 0 0 0 0 0 0 0.2 0 0.4 0 0 0 0 0 0 0.4 0 0.6000000000000001 0 0 0 0.6000000000000001 0 0 0 7.6000000000000005 0 0.8 0.4 0.6000000000000001 0.4 1.2000000000000002 0.4 0.4 0 0 0 0.6000000000000001 0 0 0 0 1.2000000000000002 0 0 0 0 0 0 0 0 0.4 0 0 3.4000000000000004 0 0 0 0 0 3.4000000000000004 0 0 0 0 3.4000000000000004 0 1.2000000000000002 2.8000000000000003 0 2.8000000000000003 0 0 1.6 0 2.8000000000000003 0 0 0 1.2000000000000002 0 0 0 0 0 0 0 4.2 0 0 0 0 0.2 0 0 0 0 0 0 0 0 0 0 0 0 3 0 0 0 0 0 0 0 0 0 0 0 0 0 0 0 0 2.4000000000000004 0 0 0 0 0 0 0 0 0 0 0 0 0 0 1.8 1.4000000000000001 0 4 2.8000000000000003 0.2 0 0.2 0 0.2 0 0 0 0 0 0 0 1.4000000000000001 0 0 0 5 0 0 0 0 0 0 0 0 0 0 0 0 0 0 0 0 0 0 0 0 0 0 0 0 0 0 0 1.8 0 0 0 0 0 0 0 0 0 0 0 0 0 0 0 2.4000000000000004 0 0 0 0.4 0.6000000000000001 0.4 0.4 0.6000000000000001 1.6 0 0 0 0 0 0 0.4 0 0 0 0 0 0 0 0 0 0 0 0 0 0 0 0 0 0 0 0 0 0 0 0 0 0 0 0 0 0 0 
 8.6 10.600000000000001 50.800000000000004 11 33.800000000000004 0 12.200000000000001 8.8 88.4 13.8 38.6 13.8 10.8 23.400000000000002 11 15.200000000000001 13 32 8.6 9.4 0.4 3 0.4 0.6000000000000001 0 0 0.8 16.2 0 0.6000000000000001 0.2 0 6.800000000000001 0.8 0.2 0 15 0.4 0.2 45.800000000000004 0 0 0 0 0 0 0 0 0 0 0 0 0 0 0 0.4 0 0 0 0 0.2 1.4000000000000001 0 0 0.6000000000000001 0.4 0 0 4 0.6000000000000001 0 0.6000000000000001 0 0 0 0 9.600000000000001 0.6000000000000001 0 0.2 11.8 1.2000000000000002 5.800000000000001 3 14 2.6 0 0 0.8 2.6 5.800000000000001 6.4 0 0 0 3.4000000000000004 5.4 2.6 0 0 4.800000000000001 0 2 1.8 0 0 1.6 0 0.4 0 0 0 3.2 0 0.2 0 1.6 3.8000000000000003 2.6 3.8000000000000003 0 1.8 0 0 0 0 0.6000000000000001 0 0 0 0 0 0 0 0 0 0 0 0 0 0 0 0 0 0 0 0 0 0 0 0.2 0 0 1.8 0 0 0 0.4 0 0 7.4 0 0 5.800000000000001 14.4 8.8 0 0 0 2.8000000000000003 3.6 2.6 0 4 0 0 3 7.2 0 0 1.4000000000000001 0 0 3 0 0 4.6000000000000005 6.2 2 1.8 1.8 0.2 8.4 0.2 4.4 1.8 0 2.2 2.8000000000000003 0 0 0 0 0 0 0 0 0 0 0 0 0 0 0 0 0 0 0 1.4000000000000001 0 0 0 0 0 0 0 0 0 0.2 0 0 0 0 0 0 0 0 0 0 0 0 3.6 0 0 0 0.2 0.2 0.2 9 1 0 3 0 0 0 0 0 0 0 0 0 0 0 0 0 0 0 0 0 0 0 0 0 0 0 0.2 0 0 0 0 0 0 0 0 0 0 0 0 0 0 
 29.400000000000002 50.6 57.2 58.400000000000006 13.600000000000001 12.200000000000001 0 23.200000000000003 69 10.200000000000001 7.2 10.8 17 32 12.200000000000001 56.400000000000006 34.4 31 24 30.6 0.4 0 0.4 0.6000000000000001 0 0.4 0 0 0 0.4 6.2 0.4 0.6000000000000001 0.4 0 0 0 0 0 0 0 0 0 0 0 0 0 0 0 0 0 0 0 0 0 0.4 0 0 0 0 0 0.6000000000000001 0 0.6000000000000001 0 0.6000000000000001 0 0 0 7.6000000000000005 0 0.6000000000000001 0 0.8 0 0 0 0.6000000000000001 0 0 4.4 4.2 0.2 0 0 0 5.2 4 4.4 0.2 0 0 2.8000000000000003 10.600000000000001 4.6000000000000005 3.8000000000000003 0.4 10.200000000000001 3.6 7.4 0 0 0 0 0 0 0 0 0 0 0 2 0 0 0 0 2.4000000000000004 0 0 0 3.6 1.2000000000000002 0 0 0 0 0 0 0 0 0 0 0 0 0 0 0 0 0 0 0 0 0 0 0 0 0 0 0 0 0 0 0 0 0 0 0 0.2 0 3 5.800000000000001 5.6000000000000005 2 0 0 0 7.2 3 6 9.8 0 3.4000000000000004 2.4000000000000004 8.4 3 0 0.4 0 0 3.8000000000000003 0.2 0 0 0 0 0 0 0 0 0 0 0 0 0 0 0 0 0 0 0 0 0 0 0 0 0 0 0 0 0 0 0 0 0 0 0 0 0 0 0 0 0 0 0 0 0 0 0 0 0 0 0 0 0 0 0 0 0 0 0 0 0 0 0 0 0 0 0.4 0 0.2 0.4 1.6 0 0 0 0 0 0 0 0 0 0 3.8000000000000003 0 0 0 0 0 0 0 0 0 0 0 0 3.8000000000000003 0 0 0 0 0 0 0 0 0 0 0 0 0 0 
 31.400000000000002 30.200000000000003 16.6 33.6 26.200000000000003 8.8 23.200000000000003 0 13.200000000000001 19.200000000000003 5.6000000000000005 50.6 27.8 52.2 27.6 6.800000000000001 12.600000000000001 66 10.600000000000001 51.800000000000004 1 0 1.4000000000000001 1.2000000000000002 0 0 0 0.8 0.4 1 2.6 0.6000000000000001 0.6000000000000001 0.4 0 0.4 0 1.2000000000000002 15.600000000000001 0.4 0 0 0 0.8 0 0 0 0.8 0.6000000000000001 0 0.6000000000000001 0 0 0.8 0.4 0.4 0.2 0 0 0 0 1 0 0.2 0.6000000000000001 0.6000000000000001 1.2000000000000002 0 0.2 0.6000000000000001 0 1.2000000000000002 0.4 0.8 1 0 0 0.8 0 0 0 3.8000000000000003 1.8 2 15.4 2.4000000000000004 7.2 2.8000000000000003 6.2 4.4 0.2 0 0 11.200000000000001 3 5.800000000000001 2.8000000000000003 5.2 3.6 15 0 0 0 0 0 4.2 0 0 0 0 0 0 1.4000000000000001 0 2.8000000000000003 0 3.8000000000000003 0 0 0 0 0 0 0 0 0 0 0 0 0 0 0 0 0 0 0 0 0 0 0 0 0 0 0 0 2.2 0 0 0.6000000000000001 0 0 0 0 0 0 0 0 0 0 0 0 6.6000000000000005 0 2.8000000000000003 6 4.800000000000001 7 4.6000000000000005 0.2 0.8 2.4000000000000004 0 0 2.4000000000000004 5.4 2.2 4.2 0 3 5.4 0 0 0 0 0 0 0 0 0 0 0 0 0 2.6 0 0 0 3 0.2 0 0 0 0 0 0 0 0 0 0 0 0 0 0 3.2 0 0 0 0 0 0 0 0 0 0 0 0 0 0 0 0 0 0 0 0 0 0 0 0 0 0 0 0 0 0 0 0 0 0 0 23.200000000000003 3.2 2.2 21.200000000000003 0 0 0 0 0 0 0 0 0 0 0 0 0.4 0 0 0 0 0 0 0 0 0.4 0 5.6000000000000005 0 0 0 0 0 0 0 0 0 0 0 0 0 
 11.200000000000001 49.2 24.200000000000003 49.2 61.2 88.4 69 13.200000000000001 0 26.200000000000003 24.8 43.2 31.200000000000003 26 101.4 48 43.2 85 16 11.200000000000001 0.8 0 0.4 0.6000000000000001 0 0 0 0 0 0.4 0 0.2 0.6000000000000001 0.6000000000000001 0.2 7.2 0 0 0 19.6 0 0 1.4000000000000001 0 0 0 0 0 0 0 0 0 0 0 0 0.4 0 0 0 0 10 0.6000000000000001 0.4 0 0 0.4 0 0 0.4 0.6000000000000001 0 0.6000000000000001 0 0.2 0 0 0 0.6000000000000001 0 0 0 2.6 1.2000000000000002 4 2 0.2 0 0 3.8000000000000003 1.2000000000000002 5.6000000000000005 3.6 0 0 0.2 0 2.2 5.6000000000000005 0 0 10.600000000000001 1.8 0 0 0 0 0 0 0 0 0 0 2 0 3.6 0 0 0 0 2 0 0.2 0 0 0 0 0 0 0 0.4 0 0 0 0 0 0 0 0.2 0 0 0 0 0 1 0 0 0 1.8 0 0 0 0 0 0.4 1.4000000000000001 0.2 0 1.6 0 0 0.4 3.8000000000000003 1 1.6 4 0 0.4 2.8000000000000003 7.2 2 1.8 1.8 3.2 2 0 5.800000000000001 6 1.4000000000000001 1.6 4 0 0 0 0 0 0 0.2 1.6 0 0 0 0 0 3.4000000000000004 1.4000000000000001 0 0 0 0 2.4000000000000004 1.4000000000000001 0 0 0 0.2 0 0 0 0.2 0 0 2.6 0 0 0 0 5.4 0 0 0 0 0 0 0 0 0 0 0 0 0 0 0 0 0 0 0 0 0 0 0 0 0 0 0 0 0 0.6000000000000001 0 17.400000000000002 0.2 3.2 18.6 0 0.4 0 0 0 0 0 0 0 0 2.8000000000000003 0 0 0 0 0 0 0 0 0 0 0 0 3.8000000000000003 0 1.4000000000000001 0 0 0 0 0 0 0 0.8 0 0 0 0 
 21.8 5 53 54.6 11 13.8 10.200000000000001 19.200000000000003 26.200000000000003 0 12.600000000000001 8.200000000000001 10 32 18.6 35.6 32 30.8 32.800000000000004 55.400000000000006 0.4 0 0.4 0.6000000000000001 0.4 0 0 0.4 0.2 0.4 0 0 15.8 0.6000000000000001 14.8 0 0.8 0 4.4 31.400000000000002 0.4 0 0 0.6000000000000001 0.4 0 0 0 0.4 0 0.4 0 0 0 0 0.4 0 0 0 0 0 0.6000000000000001 0 0 0 0.6000000000000001 0 0.4 0 0.4 0 0.8 0 1.8 0 0 0 0.6000000000000001 0 7.2 0 0 3.8000000000000003 5.2 5.6000000000000005 0 6.4 8.4 0.2 4.800000000000001 7.6000000000000005 6.2 0 0 4 0 6 2 0 3.6 3.6 1.4000000000000001 0 0.2 0 0 2.2 1.4000000000000001 0 0 0 0 2.6 6.6000000000000005 3.2 0 5.6000000000000005 0 2.6 3.2 0 0 0 0 0 0 0 0 0 0 0 0 0 0 0 0 0 0 0.2 0 0 0 0 0.2 0 0 0 0 0 0 0 0 0 0 0 0 0 0 0 0 2 3.4000000000000004 6.4 6.800000000000001 0 0 2 2.6 2.6 0 4.2 6 2 0 0 3 0 1 1.8 2.2 2.4000000000000004 0 9.8 0 0 0 10.4 0 0 0 0 0 3.2 0 0 0 0 0 4.2 2.6 0 0 0 0 0 0 0 0 0 0 0 0 0.4 0 0 0 0 0 0 0 0 0 0 0 0 0 0 0 0 0 0 0 0 0 0 0 0 0 0 10.8 0 3.8000000000000003 0 0 0.4 0.4 18.2 0 0 17.6 0 1.8 3.6 0 0.4 0 0 0 0 0 0 0 0 0 0 0 0 0 0 0 0 0 0 0 0 3 0 0.6000000000000001 0 0 0 0 0 0 0 0 0 0 0 0 
 22.8 41 43.400000000000006 28.200000000000003 37 38.6 7.2 5.6000000000000005 24.8 12.600000000000001 0 68.60000000000001 3 8 12.200000000000001 11.4 31.400000000000002 6 24.8 52.2 15.200000000000001 0.4 0.8 0.6000000000000001 0 0 0.2 16.8 0 0.4 0 0 16.400000000000002 15.200000000000001 0 1 0 1.2000000000000002 15 15 0.4 0 0 0 0 0.8 0 0 6.2 0 0 0 0 0 1.4000000000000001 0.4 0.6000000000000001 1 0.4 0 0 1.8 0 0 1.6 0.6000000000000001 0 0 0.6000000000000001 6.800000000000001 0.2 0.6000000000000001 0 0 0 7 0 1.2000000000000002 0 0 4 5.6000000000000005 0 0 4 4.2 0 0 0 3.6 4 0.4 0.4 0.2 0 2 3.4000000000000004 4 0 0 3.8000000000000003 0 0 0 0 0 0.2 0 2 0 0 0 0.6000000000000001 3.6 1.2000000000000002 0 0 0 2.2 2 0 0 0 0 0 0 0 0 0 0 0 0 0 0 0 0 0 0 0 0 0 0 0 0 0 0 0 0 0 0 0 0 0 1.2000000000000002 0 0 0 0 0 0 2.6 0 0 0.8 0.2 8.6 0 0 0 5.2 0 0 3.4000000000000004 3 3.6 0 4.6000000000000005 2.8000000000000003 1.2000000000000002 0 0 0 3.8000000000000003 4.4 0 0 0 3.2 0 2.6 4.2 0.2 2.6 0 4.800000000000001 1.8 0 2.2 1.8 1.4000000000000001 0 0 0 0 0 0 0 0 0 0 0 0 0 3.6 0 0 0 0 0 0 0 0 0 0 0 0 0 0 0 0 0 0 0 0 0 0 0 0 0 0 0 0 0 0 0 0 0 0 18.400000000000002 0.2 0 0.8 0 0.4 0 0 0 0.2 0 0 0 0 0 0 0 0 0 0 0 0 0 0 0.2 0 0 0 0 0 0 0 0 0 0 0 0 0 0 0 0 0 
 59.2 42.800000000000004 49.400000000000006 33.800000000000004 33.800000000000004 13.8 10.8 50.6 43.2 8.200000000000001 68.60000000000001 0 6.2 25.400000000000002 7.2 29.400000000000002 79.80000000000001 35 6.6000000000000005 30 0.4 0 0.4 0.6000000000000001 0 0 0 0 0 0.4 0 0 1 0.8 0 0.2 0 0 0 0.2 0 0 0 0 0 0 0 0 0 0 0 0 0 0 0 0.4 0 0 0 0 0 0.6000000000000001 0 0 0 0.6000000000000001 0 0 0 9.8 0 0.6000000000000001 0 0.6000000000000001 0 0 0 0.6000000000000001 0 0 3.2 5.4 0 3.8000000000000003 10.4 3.2 2 3.4000000000000004 3 5 0.2 0 0.8 2.8000000000000003 0.4 2.8000000000000003 10.8 2.4000000000000004 0 3.6 4.4 0 0 0 0 0 0 0 0 0.4 0 0 0.8 0 0 0 0 0 0 0 0 0 0 0 0 0 2.6 0 0 0 0 0 0 0 0 0 0 0 0 0 0 0 0 0 0 0 0 0 0 0 0 0.2 0 1.4000000000000001 0 0 0.4 0 0 0 2.8000000000000003 9.4 0 2.2 1 3.2 4.4 8.8 0 3 3.2 0 2 4.4 3.8000000000000003 1.4000000000000001 12.600000000000001 1.4000000000000001 3.4000000000000004 0.2 0 0.4 0 0 0 3.2 0 0 0 0 0.2 0 2.8000000000000003 0.4 0 0 0 0 0 0 0 0 0 0 0 0.2 0 0.4 0 0 0 0 0 0 0 0 0 0.4 0 0 0 0 0 0 1.6 0 0 0 0 0 0 0 0 0.4 0 0 0 0 0 0 0 0 0 0 0 0 1.2000000000000002 0.4 2 18.6 0 0.4 4 0 0 0 0 0 0 0 0 0 14.4 0 0 0 0 0 0 0 0 0 0 0 0 0 4.800000000000001 0 0 0 0 0 0 0 0 0 0 0 0 0 
 38.800000000000004 13.200000000000001 30.8 94 9.8 10.8 17 27.8 31.200000000000003 10 3 6.2 0 48 15.8 45.800000000000004 31.200000000000003 40.800000000000004 72.60000000000001 47 0.4 0 0.4 0.6000000000000001 0 0 0 0 13 0.4 19.6 0 41 0.6000000000000001 0 0 0 0 0 0 0 0 0 0 0 0 0 0 0 0 0 0 0 0 0 0.4 0 0 0 0 0 0.6000000000000001 0 0 0 0.4 0 0 0.4 0.6000000000000001 0 0.6000000000000001 0 0.2 0 0 0 0.6000000000000001 0 0 8 3 2.2 0 0 3 2.4000000000000004 3.6 9.200000000000001 0 0 0 3 5.2 2.8000000000000003 3 0 2.8000000000000003 4 10.4 0 0 0 0 0 0 0 0 0 0.4 0 0 0 0 0 0 9 0 0 3.8000000000000003 0 0 0 0 1.8 0 0 0 0 0 0 0 0 0 0 4.2 0 0 0 0 0 0 0 0 0 0 0 0 1 0 0 0 0 0 0 0 0.4 0.6000000000000001 0 0 11.4 3.2 0 0 0 0 2.2 0 3.8000000000000003 0 0 1 0 1.4000000000000001 7.2 0 0 0 1.6 3.6 0 0 0 0 0 0 0 0.2 0 0 1.6 0 0 0 0 0 0.2 0 0 0 0 0 2.2 3 0 0.4 0 0.2 0 0 0 0 0 0 0 0 0 0 0 0 0 0 0 0 0 0 0 0 0 0 0 0 0.2 0.4 0 0 0 0 0 0 0 0 0 0 0 0 0.4 0 0.8 17.400000000000002 0.4 3.8000000000000003 0 0 0 0 0 0 0 0 0 0 0 0 0 0 0 0 0 0 0 0 0 0 0 3.4000000000000004 2.2 0 0 0 0 0 0 0 0 0 0 0 0 0 
 146.4 28.6 13 14.200000000000001 103.60000000000001 23.400000000000002 32 52.2 26 32 8 25.400000000000002 48 0 17.6 27.8 8.200000000000001 51.800000000000004 13.4 62.400000000000006 0.4 1 0.4 0.6000000000000001 0 0 0.4 0.2 0 0.4 10 0 0.6000000000000001 0.8 0 0.2 0.4 0 0 0.8 0 0 0 0 0 0.6000000000000001 0 0 0.4 0 0 0 0.4 0 1 0.4 0 0 0 0 0 0.8 0 0 0 0.6000000000000001 0.2 0 0 0.6000000000000001 0 0.6000000000000001 0 0.8 0.4 0 0 0.6000000000000001 0.6000000000000001 0 3.2 1.2000000000000002 0 3.8000000000000003 10.4 3.4000000000000004 1.4000000000000001 5.6000000000000005 5.4 3 0 0 0 0 7.800000000000001 4 8.200000000000001 3.4000000000000004 0 5.4 0 0 0 3.6 0 0 0 0 0 0.4 0 0 0.4 0 0 0 2.2 0 0 0 0 0 0 0 4.2 1.4000000000000001 0 0 0 0 0 0 0 0 0 0 0 0 2 0 0 0 0 0 0 0.2 0 0 0 0 0 0.2 0 1 0 0 0.4 0 0 0.2 3 3.4000000000000004 0 2.2 4.6000000000000005 3 7.800000000000001 6.2 0.6000000000000001 4 6 0 0.2 2.8000000000000003 0 0 5 1.8 4.800000000000001 2.4000000000000004 0 0.2 0 0 4.800000000000001 0 0 3.8000000000000003 0 0 0.2 0 2.6 0.2 0 0 0 0 0 0.2 0 0 0 0 0 0.4 0 0.4 0 0 0 0 0 0 0 0 0 0.4 0 0 0.2 0 0 2.2 0.2 0 0.2 0 0 0 0 0 0.2 0.4 0 0 0 0 0 0 0 0 0 0 0 0.2 0 0.4 0.4 17.6 0 1.6 2.8000000000000003 0.2 0.4 0 0 0 0 0 0 0 0 0 0 0 0 0 0 0 0 0 0 0 0 0.2 7.2 0 0 0 0 0 0 0 0 0 0 0 0 0 
 25.6 14 17.6 24.400000000000002 11.200000000000001 11 12.200000000000001 27.6 101.4 18.6 12.200000000000001 7.2 15.8 17.6 0 13.8 10.8 25 12.8 41.800000000000004 0.6000000000000001 0 0.4 0.6000000000000001 0 0 0 0 0.2 0.4 0.8 0 0.6000000000000001 0.8 0.2 0 0.2 0 0.4 0.6000000000000001 0 0 0 0 0 0 12.600000000000001 0 0 0 0.4 0 0 0 0 0.4 0 0 0 0 0 0.6000000000000001 0.4 0.2 0 0.6000000000000001 0 0 0 0.2 0 0.4 0 0 0 0 0 0.6000000000000001 0 0 0 0 8.200000000000001 2.8000000000000003 0 0 12.8 0.2 2 0.2 2 0 7.4 7 0 0 0 0 9 2 0 0 0 0 0 0 0 0 0 0 0 0 0 0 0 0 0 0 0 3 0 0 0 0 0 0 0 0 0 0.2 0 0 0 0 0 0 0 0.2 0 0 0 0 0 0 0 0 0 0 1.6 0.6000000000000001 0 0 0 0 0 0.2 0 0.2 0 0 0.4 5.6000000000000005 4 0 0.2 0 6.2 0 0.4 0.8 4.6000000000000005 0.4 1.8 1.2000000000000002 5.4 2.8000000000000003 5 4.6000000000000005 0 3 0 0 0 0 0 2.6 0 0 0 0 0 0 0 0 0 0 0 0 0 2.8000000000000003 0 0 0 0 0 0 0 0 0 0 0 0 0 0 0 0 0 0 0 0 0 0 0 0 0 0 0 0 0 0 0 0 0 0 0 0 0 0 0 0 0 0 0 0 0 0 0.4 0 0.2 19 0 2 0 0 0 0 0 0 0 0 0 0 2.6 0 0 0 0 0 0 0 0 0 0 0 0 0 0 0 0 0 0 0 0 0 0 0 0 0 0 0 
 9.200000000000001 25.200000000000003 10.4 10.600000000000001 16.2 15.200000000000001 56.400000000000006 6.800000000000001 48 35.6 11.4 29.400000000000002 45.800000000000004 27.8 13.8 0 23.400000000000002 18.8 8.4 13.4 0.6000000000000001 0.2 0.4 0.6000000000000001 0 0 0.2 0.4 0.2 0.8 24 14.200000000000001 1.2000000000000002 1 0 0.2 0.4 0.2 0 14.600000000000001 0 0 0 0.4 0 0 0 0 0 0.2 0 0 0.2 0 0 1 0 0 0 0 0.2 0.8 0 0 0.4 0.6000000000000001 0 0 0.8 0.6000000000000001 0 0.6000000000000001 0 0.4 0 0 0 0.6000000000000001 0.8 0 3.4000000000000004 2.4000000000000004 0 2.4000000000000004 0.2 0 2.6 0 8 0.2 1.8 2.4000000000000004 1.8 3.2 0 4 0 2.8000000000000003 5.800000000000001 1.8 1.8 1.8 0 0 0 0 0 0 0 0 0 0 2.4000000000000004 3.4000000000000004 0 0 0.2 0 0 2.4000000000000004 0 0 0 0 0 0 0 0 0 0 0 0 0 0.4 0 0 0 0 0 0 0 0 0 0.8 0 0 0.4 0 0 0 0 0 0 0 0 0 0 0 0 0 15.200000000000001 5.4 0 0.6000000000000001 0 2 6.800000000000001 5.4 4.6000000000000005 7.6000000000000005 1.6 2.2 1.8 3.8000000000000003 3 2.8000000000000003 2 0 0 1.4000000000000001 0 0 0 0 0 0 2.8000000000000003 0 0 0 0 0 0.2 0 0 0 0 0 0 0 0 0 0 0 0 0 0 0 0 0 0 0.4 0 5 0 0 0 0 0 0 0 0 0 0 0 0 0 0 0 0 0 0 0 0 0 0.4 0 0 0 0 0 0 0 0 0 0.2 16.8 0 0.4 0.4 0 1.6 0 0 0 0 0 0 0.4 0 0 0 2.6 0.2 0 0 0 0 0 0 0 0 0 0 0 6 3.8000000000000003 2.2 0 0 0 0 0 0 0 0 0 0 0 0 
 44.800000000000004 47.6 51.6 105.2 10.4 13 34.4 12.600000000000001 43.2 32 31.400000000000002 79.80000000000001 31.200000000000003 8.200000000000001 10.8 23.400000000000002 0 73.60000000000001 17.8 26.400000000000002 0.4 0 0.4 0.6000000000000001 0 0 0 0 0 0.8 0 0 0.6000000000000001 0.4 0 0 0 0 0 0 0 0 0 0 0 0 0 0 0 0 0 0 6 0 0 0.4 0 0 0 0 0 0.6000000000000001 0 0 0 0.6000000000000001 0 0 0 10.8 0 0.6000000000000001 0 0 0 0 0 0.6000000000000001 0 0 3 4.2 2 14.8 0 2.2 6.800000000000001 5.6000000000000005 3.2 0.2 3.2 0 3 3.4000000000000004 5.2 2 0.8 5.800000000000001 0 2.8000000000000003 0 0 0 0 0 0 0 0 0 0 0 0 0 0 2.6 0 0 0 0 0 0 0 0 0 0 0 0 0 0 0 0 0 0 0 1.2000000000000002 0 0 0 0 0 0 0 0 0 0 0 0 0 0 0 0 0 0 0 0 0 0 0 0 0 0.6000000000000001 4.4 4.4 0 0 0.2 10.200000000000001 3.4000000000000004 3.4000000000000004 4 2.6 2.4000000000000004 2.2 2.8000000000000003 1.8 0 1.8 2.2 1.2000000000000002 7.2 0.2 0 2.4000000000000004 0 0 0 0 1.6 0 0 0 0 0 0 0 0 0 0 0 3.6 0 0.2 0 0 0 4.2 0 0 0 0 1.4000000000000001 0 0 1 0 0 0 0 0 0 0 0 0 0 0 0 0 0 0 0 0 0 0 0 0 0 0 0 0 0 0 0 0 0 0 0 0.2 0 0 35.800000000000004 0 0 0.4 0 0 0 0 0 0 0 0 0 3.4000000000000004 0 0 0 0 0 0 0 0 0 0 0 0 0 2.2 0 0 0 0 0 0 0 0 0 0 0 0 0 
 20.6 23 70.8 12.8 11.200000000000001 32 31 66 85 30.8 6 35 40.800000000000004 51.800000000000004 25 18.8 73.60000000000001 0 6 24 16 0 0.4 0.6000000000000001 0 0 0 0 0 17.8 0 0 1 15.200000000000001 0 0 0 0 19.6 29.400000000000002 0 0 0 0 0 0 0 0 0 0 0 0 0 0 0 0.4 0 0 0 0 0 0.6000000000000001 0 0.4 0 0.6000000000000001 0 0 0 0.8 0 0.2 0 0 0 0 0 0.6000000000000001 0 0 2.8000000000000003 5.2 0 1.8 2 5 2.8000000000000003 0 10.8 2 2.4000000000000004 1.8 0 5.6000000000000005 0 8.4 0 0 0 0 2.2 1 0 0 0 0 0 0 0 0 0 0 2.4000000000000004 3 0 0 0.6000000000000001 0 0 0.8 0 3 0 0 0 0 0 0 0 0 0 0 0 0 0 0 0 0 0 0 0 0 0 2.6 0 0 0 0 0 0 0 0 0 0 0 0 0 0.2 0 0 0.2 2.8000000000000003 2.2 0 5 4 3.2 3.6 3 0 2.4000000000000004 6 0 7.2 4.6000000000000005 3.4000000000000004 7.6000000000000005 0 0 0 0 0 3 0 0 0 4.6000000000000005 0 0 0 0 0 0 3 0 0 0 0 0.4 0 0 0 0.2 0 0.4 0 0 0 0 0 0 0 0 0.2 0 0 1.8 0 0 0 0 0 0 0.4 0 0 0 0 0 0 0.2 0 0 0 0 0 0 0 0 0 0 0.2 0 0 0 0 17.400000000000002 0 0 1.2000000000000002 0 0.6000000000000001 0 0 0 0 0 0 0 0 0 0 0 0 0 0 0 0 0 0 0 0 0 0 0 3.2 3.8000000000000003 4.800000000000001 0 0 0 0 0 0 0 0 0 0 0 0 
 9.4 8.8 10 13.600000000000001 11.8 8.6 24 10.600000000000001 16 32.800000000000004 24.8 6.6000000000000005 72.60000000000001 13.4 12.8 8.4 17.8 6 0 20.200000000000003 0.4 0 0.4 1 0 0.4 0 0 0 1 0.4 0 0.8 0.4 0 0 0 1.8 0.2 0 0 0 0 0 0 0 0 0 1.2000000000000002 0 0 0.4 0 0 0 0.4 0.2 0 12.600000000000001 0 0 0.6000000000000001 0 0 0 0.6000000000000001 0 0 0 0.6000000000000001 0 0.8 0 1 0 0 0 0.6000000000000001 0 0 5.800000000000001 0 2.6 0 0 0 6 5.2 0.2 0 0 0 0 2.6 3.8000000000000003 3.2 0 0 0 0 0 0 0 0 0 0 0 0 0.2 0 0 0 0.4 0 0 0 0 0 0.2 0 0 0 0 0 0 0 0 0 0 0 0 1 0 0 0 0 0 0 0 0 0 0 0 0 0 0 0 0 0 0 0 0 0 0 0 0 0 1.2000000000000002 0 0 2.4000000000000004 0 1.2000000000000002 0 0 0.2 0 0 0 0 1 2.2 0.2 3.8000000000000003 1.6 0 0 0 0 4.2 0 0 0 0 0 0 0 0 0 0 0 0 0 0 0 0 0 0 0.2 0 0 0 0 0 0 0 0 0 0 0.4 0 0 0 0.4 0 0.4 0 0 0 0 0 0 0 0.2 0 0 0 0 0 0 0.4 0 0 0 0 0 0 0 0 0 0 0 0 0 0 0 0.8 0 0 0 0 1.4000000000000001 0 0 0 0 0 0 0.4 0 0 0 0 0 0 0 0 0 0 0 0 0 0 0 0 0 0 0 0 0 0 0 0 0 0 0 0 0 0 0 
 10 7.4 19 43.6 15.4 9.4 30.6 51.800000000000004 11.200000000000001 55.400000000000006 52.2 30 47 62.400000000000006 41.800000000000004 13.4 26.400000000000002 24 20.200000000000003 0 0.4 6.4 0.4 0.6000000000000001 0 0.6000000000000001 0 0 11.600000000000001 0.4 0.4 0.4 1 0.4 0 0.6000000000000001 0 0.6000000000000001 0 1.8 0.4 7.2 0 0 0 1.4000000000000001 0 0 0 0 0.6000000000000001 0 0 0 0 1 13.8 0 0.4 0 0.4 0.6000000000000001 0 0.4 0.4 2 0.4 0.2 0.2 0.6000000000000001 0 0.6000000000000001 0 6.4 0 0 0 0.6000000000000001 0.6000000000000001 0 6.4 0.4 3.8000000000000003 0.4 0 2.4000000000000004 7.4 4.800000000000001 3.6 1.6 0 0 0 4.4 5.2 1.2000000000000002 4 3 4.800000000000001 5.4 0 0 0 0 0 0 0 0 0 0 0 0 0 0 0 0 2.6 0 1.6 0 0 0 0 0 0 0 0 0 0 0 0 0 0 0 0 0 0 0.4 0 0 0 0 0 0 0 0 0 0 1.4000000000000001 0 0.4 0 0 0 0 0 0 0.2 0 0 6.6000000000000005 7.6000000000000005 3.8000000000000003 1.2000000000000002 0 0.2 2 0.2 1.4000000000000001 0 2.4000000000000004 2.6 0 2.2 4.2 0 2.8000000000000003 0 3.2 10.4 0 0 0 0 0 0 0 0 0 0 0 0 0 0 0 0 0 0 0 0.4 0 0 0 0 0 0 0 0 0 0 0 0 0.4 0 0 0 0 0 0 0 0 0 0 0 0 0 0 0 0 0 2.2 0.4 0 0 0 0 0 0 0 0 0 0 0 0 0 0 0 0.4 0 27.8 0 1 0 0 0 0 0 0 0 0 0 0 0 0 0 0 0 0 0 0 0 0 0 0 0 0 2 0 0 0 0 0 0 0 0 0 0 0 0 0 
 0.4 0.4 1 0.8 1 0.4 0.4 1 0.8 0.4 15.200000000000001 0.4 0.4 0.4 0.6000000000000001 0.6000000000000001 0.4 16 0.4 0.4 0 21.6 37.2 33.2 20 48 68.60000000000001 49 20.6 39.6 65 48.800000000000004 56.800000000000004 49.6 40.6 35.4 53.6 11.600000000000001 25.6 8 0 0 0 0 0 0 0.4 0.4 0.2 0.2 0 0 0.2 1.8 0 0.6000000000000001 0.6000000000000001 1.2000000000000002 0.2 0.2 0 0 0.6000000000000001 0 0 0 0 0.8 0 0.4 0 0.6000000000000001 0.6000000000000001 0 0 0 0 0.6000000000000001 0 0 0 0 0 0.4 0.2 0 0 0 0 0 0 0 0 0 0 0 0 0 0 0 0 1.4000000000000001 2.8000000000000003 0.4 0 3 2.8000000000000003 0 1.6 3.6 3.6 1.8 0 4.6000000000000005 6.4 2.2 3.8000000000000003 0.6000000000000001 0 2.4000000000000004 0 0 0.2 0 0 0 0 0 0 0 1 0 0 0 0 0 0 0 0 5.2 0.4 0 0 0.8 0 0 0 0.2 0 0 0 0 1.6 0 0 0 0 0 0 0 0 0.4 0 0 0 0.2 1.8 0 0 0 0 0 0 0 0 0 0 0 0 0 0 2 6.800000000000001 7.2 4.2 0.2 0 6.4 3.6 4.4 3.4000000000000004 4.2 0 6.4 2 6.800000000000001 2 8.6 3 4 0 0 0 0 0 2.2 0 0 0 0 0 0 3.8000000000000003 0 0.2 0 0 0 0.2 1.2000000000000002 0 0 0.4 0 0.4 2.2 0 0 0 0 0 0 0 0 0 0 0 0 0 0 0 0 0 0 0 0 0 0 0 0 0 0 0 0 3.8000000000000003 0.2 0.4 0.2 15.600000000000001 0.4 0.2 1.6 0 0 0 0 0 0 0 0 0 0 0 0 0 0 0 0 0 0 0 0 0 0 0 0 0 0 0 0 
 0 0 0 0 0.2 3 0 0 0 0 0.4 0 0 1 0 0.2 0 0 0 6.4 21.6 0 65 22.6 14.200000000000001 7.800000000000001 31.8 35.4 73.60000000000001 7.800000000000001 22.8 6.800000000000001 11 26.200000000000003 11 50.400000000000006 41.800000000000004 29.400000000000002 20.8 7.4 0.2 0 0 0 0 0 0 0.2 0 0 0 0 0 0.6000000000000001 0 0.6000000000000001 20.200000000000003 0 13 0 0 0.8 0.6000000000000001 0 0.8 0 0 0 0.4 0 0 0 0.6000000000000001 9.8 0 0 0 0.6000000000000001 0 0 0 0 0 0 0 1.8 0 0 0 0 0 0 0 0.2 0 0 0 0 1 0 4.800000000000001 2.2 6 16 3.4000000000000004 1.8 1.6 1.4000000000000001 0 2.6 2.2 6 1.2000000000000002 0 0 4 1.4000000000000001 5.2 2.2 2 2.6 0 0 0 0 0 5.800000000000001 0 0 0 0 0 5.800000000000001 7.2 4.4 0 0 0 2.8000000000000003 1.2000000000000002 0 0.2 0 0 0 0 0.2 0.8 0 0 0.2 0 0 0 0 0 0 0 0 0 0 5.2 0 0.2 0 2.8000000000000003 0 5 0 0 0 0 0 0 0 0 0 0 0 0 1 1.6 5.6000000000000005 2.6 0 4 1.2000000000000002 2.6 2 2.8000000000000003 1.4000000000000001 0.4 1.2000000000000002 0 2.6 5.4 5.6000000000000005 9.4 4.4 0 1.6 0 0.2 0 0 0 0 5.4 0 0 0 0 0.4 2.2 8.6 0 0 0 3.6 2.4000000000000004 0 0 0 0 0 0 0 0 0 0 0.2 0 0 0 0 0 0 0 0 0 0 0 2.4000000000000004 0 0 0 0 0 0 0 0 0 0 0 2.4000000000000004 0.4 0 0 15.4 0.4 0.4 0.4 0 0 0 0 0 0 0 0 0 0 0 0.2 0 0 0 0.2 0 3.6 0 11 0 0 0 0 0 0 0 0 
 0.6000000000000001 7.4 0.8 0.4 0.6000000000000001 0.4 0.4 1.4000000000000001 0.4 0.4 0.8 0.4 0.4 0.4 0.4 0.4 0.4 0.4 0.4 0.4 37.2 65 0 70.60000000000001 27.6 12.600000000000001 31.200000000000003 69.2 22.6 38.6 67.4 21 34.4 13.200000000000001 23 14.8 9.8 34.6 5.6000000000000005 6.800000000000001 0 0 0 0 0 0 12.600000000000001 0 0 0 0 0 11.8 1.8 0 0.4 0 0 0 0 0.6000000000000001 0 0.6000000000000001 3.4000000000000004 0 0 0.6000000000000001 0 0 0 0 0 0.6000000000000001 0.2 0 0 0 0.8 0 0 0 0 0 0 0 0 0 0 0 0 0 0 0.4 0 0 0 0 0 0 0 0 1 4 0.2 0.2 7.800000000000001 3 3 1.8 4.4 0.2 7.6000000000000005 0 10.600000000000001 0 4 0 6.6000000000000005 1.2000000000000002 0 1.8 0 0 0.8 0 0.4 6.6000000000000005 2.2 0 0 2.4000000000000004 0 3.8000000000000003 0 7.6000000000000005 0 0 0 3.8000000000000003 15.200000000000001 2.8000000000000003 0 0 0 0 0 0.2 0 0 0 0 0 0 0 0 0 0 0 0 0 0.2 0 0 0 0 0 0 0 0 0 0 0 0 0 0 0 0 0 0 0 0 0.2 3.6 3 8.8 6.6000000000000005 0 4.2 0.2 2 0.4 4.4 3.8000000000000003 0 1.8 7 0.2 11.600000000000001 0 3.4000000000000004 3 0 0 0 0 0 0.2 3.2 0 0 0 0 0 0.2 3 0 0 0.2 2.6 2.4000000000000004 0 0 0 0 0 0 0 0 0 0 0 0 0 4.2 0 1 0 0.2 0 0 0 0 0 0 0 0 0 0 0 0 0 0 0 0 2.4000000000000004 0.2 0.4 0 30.6 0 0 2.4000000000000004 0 0 0 0 10.600000000000001 0 0 0.2 0 0 0 0.2 0 0 0 0 0 0 0 0 0 0 0 2 2.6 0 0 0 
 0.6000000000000001 1 1.2000000000000002 0.6000000000000001 1.4000000000000001 0.6000000000000001 0.6000000000000001 1.2000000000000002 0.6000000000000001 0.6000000000000001 0.6000000000000001 0.6000000000000001 0.6000000000000001 0.6000000000000001 0.6000000000000001 0.6000000000000001 0.6000000000000001 0.6000000000000001 1 0.6000000000000001 33.2 22.6 70.60000000000001 0 54 3.8000000000000003 38.800000000000004 35.4 17.6 19.8 34.2 39.2 11.8 28.400000000000002 14.200000000000001 20 24.8 34.4 29.8 12.200000000000001 0 12.600000000000001 0 0 0.4 0 12.4 14 0.2 0.2 5.6000000000000005 0 5.2 13.600000000000001 12.4 0.4 0 0 0 54.400000000000006 4.2 0 0.4 0.4 8.200000000000001 0 0.6000000000000001 0 0 0 0 0 0.6000000000000001 0 0 0 0 0.4 0 0 0 0 0 0 0 0.2 0 0 0 0 0 0 0 0 0 0 0 0 0 0 1.2000000000000002 0 1.6 0 0.2 2.6 3.4000000000000004 5.6000000000000005 0.2 4.800000000000001 0.4 0.4 0 0.2 0 4.6000000000000005 0 2.4000000000000004 0 0 0 1.6 0.2 1.4000000000000001 0 0 1.4000000000000001 11 0 0 2 0 3 0 0.4 0 1.4000000000000001 0 11.600000000000001 8 0 0 0 0 0 0 0 0 0 0 0 0 0 0 0 0 3.4000000000000004 11.8 0 0 0 0 0 0 0 0 0 0 0 0 0 0 8 4 0 2.6 0 0 0 0 2.4000000000000004 2 2.8000000000000003 2 5.800000000000001 3.8000000000000003 0 1.2000000000000002 4 4.4 2.8000000000000003 7 0 9.200000000000001 0 0 2.8000000000000003 2.8000000000000003 1.6 4.2 2 6 0 0 0.2 0 0 1.4000000000000001 3 0 0 0 2.6 0.2 2 0 0 0 0 0.2 0 0 0 0.2 0 0 0 0 0 0 0 0 0 0 0 0 0 0 0 7.4 0 0 0 0 0 0 0 0 0 0 0 0 0 0 0.8 0 0.4 15.8 0 0.4 0 1 0 0 0 0 1.8 0 0 0 0 0 0 0 0.2 0 0 0 0 1.2000000000000002 0 0 0 0 2.8000000000000003 0 2.6 0 0 0 
 0 0 0 0.4 0.2 0 0 0 0 0.4 0 0 0 0 0 0 0 0 0 0 20 14.200000000000001 27.6 54 0 9.200000000000001 37.6 20.6 11.600000000000001 18.2 48.2 25 17.6 11.8 34.2 45.2 59 27.6 13 15.600000000000001 0 7.2 0 0 0 0 0.2 29 0 0 0.6000000000000001 0 12.200000000000001 17.6 15.8 13.200000000000001 0 0 0 5.6000000000000005 0 0 0.8 0 0 0 0 1 0 0 0 0 0.6000000000000001 0 0 0 0 0.4 0 6.4 0 0 0 0 0 0 0 0 0 0 0 0 0 0 0 0 0 0 0 0 0 1.8 0.2 0.2 11.200000000000001 2.2 2.8000000000000003 1.4000000000000001 1.8 4.4 0 2.2 0 0 0 4.6000000000000005 0 6.800000000000001 0 0 3 5.800000000000001 0 3.2 0 0 0.2 1.6 0 0 0 0 3.8000000000000003 8.200000000000001 3 0 0 0 7.4 3 0 0 0 0 0 0.4 1.4000000000000001 0 0 0 0 0 0 0 0 0 0 0 0 0 0 0 0.2 0 0 0.4 0 0 0 0 0 0.2 0.8 1.2000000000000002 0 0.4 0 0 0 0 2.4000000000000004 1.4000000000000001 0 2.8000000000000003 0 3.8000000000000003 0 2.4000000000000004 2.6 5.2 2.8000000000000003 6 0 0 0 11.200000000000001 5.4 0 0 0.2 0 2.4000000000000004 0 3.4000000000000004 0 0.4 0 0.6000000000000001 3 0 0 0 2.4000000000000004 0 1.8 0 0 0 2 0 0 0 0 0 0 0 0 0 0 0 0 0 0 0 0 0 0 0 0 0 0 0 1.6 0 0 0.4 0 0 0 0 0 0 0 0 0.8 0 0 16.2 15 0.4 1 2 0 0 0 0 0 0 0 0 0 0 0 0 0 0 0 0 0 0 0 1.8 0 0 0 0 0.2 0 0 0 
 0 0.2 0 32.6 0.4 0 0.4 0 0 0 0 0 0 0 0 0 0 0 0.4 0.6000000000000001 48 7.800000000000001 12.600000000000001 3.8000000000000003 9.200000000000001 0 7.6000000000000005 8.6 10.200000000000001 9 19.8 24.400000000000002 39 10 13 12.8 12.4 44.2 9.4 30.8 18.8 20.200000000000003 0 13 0.4 0 3.2 14.4 26.400000000000002 0 0 0 0 6.800000000000001 12.4 26.8 0 15.4 17.2 12.600000000000001 0 10.600000000000001 1.6 0.6000000000000001 0 0.4 0 0.4 0 0.4 0 0 0.6000000000000001 0 0.4 0.4 0.6000000000000001 0.8 0 0.6000000000000001 0 0 0 0 0 0 0 0 0 0 0 0 0.6000000000000001 0 0 0 0 0 0 0 0 0 0 0 0 0 0 0 0 0 0 0 0 0 0 0.4 0 0 0 0 2.6 0.2 6.2 3.2 0 0 0 6.800000000000001 2 4.6000000000000005 2 2.4000000000000004 2.2 0 4 4.2 2 6 0 6 0 0 0.4 0 0 0 0 0 0 0 0 0 0 0 0.8 0 0 0 0 0 2.2 0 0 0 0 0 0 0.2 0 0 0 0 0.2 0.2 0 1 0 0 0 0 0 0 0 0 2 0.2 0 0 0 0 0 0 0 0 0 0 0 0 0 0 0.2 4.4 4.4 0 0 0.4 10.200000000000001 0 2 3.6 2.2 1.4000000000000001 8 5.800000000000001 0 2 1.6 2 0 2.6 0 0 0 0 0 0 0 0 0 0 0 0 0 0 0.2 0 0 0 0 0 0 0 0 0 0 0 0 0 0 0 0 0 0 0 0.6000000000000001 0 0.2 0 0 0.4 0 0 0.2 0 12.8 0 0 0 0 0 8.8 0 0 0 0 0 0 0 0 0 0 0 0 0 2.2 0 0 0 0 0 
 0 0 0 0 0.2 0.8 0 0 0 0 0.2 0 0 0.4 0 0.2 0 0 0 0 68.60000000000001 31.8 31.200000000000003 38.800000000000004 37.6 7.6000000000000005 0 66.4 24.200000000000003 22.400000000000002 39 9.8 62.800000000000004 34.6 33.4 48 25 21.8 9.200000000000001 9.600000000000001 0 1.6 0 0 0 0 0 0.6000000000000001 0 0 0 0 0 1.6 6.2 0.4 0 0 0 0 0.6000000000000001 0 0.4 0 0 0 0.2 0.6000000000000001 1.8 0 0 0 0.6000000000000001 0 0 0 0 0.4 0 0 0 0 0 0 0 0.2 0 0 0 0 0 0 0 0 0 0 0 0 0 0 4.4 8.6 4 0 2 4.6000000000000005 5.800000000000001 5.4 2.6 7.6000000000000005 0 0 2 0.6000000000000001 0.2 0 4.6000000000000005 5.6000000000000005 0 6.6000000000000005 0 0 0 0 0 0 0 0 0 0 0 0 2.4000000000000004 0 0 0 0 0 4.4 3 0 0 0 0 0 0 0 0 0 0 0 0 1.6 0 0 0 0 0 0 0.2 0 0 0 0.4 0 0 0 0 0 0 0 0 0 0 0 0 0 0 0 0 5.800000000000001 3.6 0 2.2 11.4 2 0 9.600000000000001 1.8 7.2 16.400000000000002 3.4000000000000004 0 8.6 2.6 2.6 6.2 0 2.6 2.8000000000000003 0 0 0 0 0 0 0 0 0 0 0 0 1.2000000000000002 0 0 0 0 0 1.8 2 0 0 0 0 0 0 0 0 0 0 0 0 0 0 0 0 2 0 0 0 0 0 0 0 0 0 0 0 0 0 0 0 0 0 1.4000000000000001 0 1 15.4 0.2 0 3.2 1.6 0 0 0 0 0 0 0 0 0 0 0 0 0 0 0 0 0 3.4000000000000004 0 0 0 0 0 0 0 0 0 0 
 0 0.6000000000000001 0.4 0 0 16.2 0 0.8 0 0.4 16.8 0 0 0.2 0 0.4 0 0 0 0 49 35.4 69.2 35.4 20.6 8.6 66.4 0 34.6 25.200000000000003 118.4 7.2 60.400000000000006 26.200000000000003 14.4 17 27.8 55.800000000000004 25 7.800000000000001 0 1.4000000000000001 0 0.4 0 0.6000000000000001 0 1.6 13.600000000000001 0 0.4 0.2 0.6000000000000001 0.8 1 1 0.4 0 15.8 0 0 0.8 0.6000000000000001 0.6000000000000001 1.6 0 0 0 0.8 0 0 0 0.6000000000000001 0 0 0 0 0.6000000000000001 0 0 5.4 0 0 0.4 0 3.4000000000000004 1.6 0 0 0 0 0 0 0 0 0 0 0 0 0 2.6 2.2 7.2 6.800000000000001 3.4000000000000004 1 0.4 3.6 3.4000000000000004 3.6 6.2 0 5.4 6.2 3.8000000000000003 1.6 2.6 2 2.6 2.8000000000000003 0 0 0.2 0 0 0 4.2 0 0 0 0 0 2.4000000000000004 0 0 0 0 0 0.8 0 0.4 0 0 2.2 0 0 0 0 0 0 0 0 3 0 0 0 0 0 0 0 0 0.4 0 0 0 4.4 2.4000000000000004 0 0 0 0 0 0 0 0 0 0 0 0 0 0.2 0 4.6000000000000005 9 4.4 3.6 2.4000000000000004 11 8 5.2 17 6.2 2.4000000000000004 6.6000000000000005 4.2 0 6 4 2.6 0.6000000000000001 0 0 0 0 0 0 0 0 0 0 0 0 0 0.2 0 0 0 0 1.6 3.2 0 0 0 0 0 0 0 0 0 0 0 0 0 0 0 0 0 0 0 0 0 0 0 0 0 0 0 0 0 0.4 0 0 0 0 1 0.4 0.4 8.200000000000001 0 0.6000000000000001 0.2 2.4000000000000004 0 0 0 0 0 0 0 0 0 0.4 0 0 0 0 0 0 0 0 0 0 0 0 0 0 0 0 0 0 
 0 0 0 0 4.4 0 0 0.4 0 0.2 0 0 13 0 0.2 0.2 0 0 0 11.600000000000001 20.6 73.60000000000001 22.6 17.6 11.600000000000001 10.200000000000001 24.200000000000003 34.6 0 32 56 16.400000000000002 41.400000000000006 61 76.80000000000001 9.4 22.400000000000002 23 46.2 11 0 0 0 0 0 0 12.600000000000001 6.6000000000000005 0 0 0 0 11.8 0.4 0 0.6000000000000001 0 0 0.4 0 0.6000000000000001 0 0.6000000000000001 3 0 0 0.6000000000000001 0 0 0 0 0 0.6000000000000001 0 0 0 0 0.4 0 0 0 0 0 0 0 3 0 0.2 0 0 0 0.2 0 0 0 0 0 0 0 0 0.2 2.8000000000000003 0.8 0 0 9.200000000000001 0.2 3.6 3.4000000000000004 2 5.2 5.800000000000001 2.8000000000000003 3.4000000000000004 1.8 6.2 4.4 0 3.8000000000000003 1.6 2 0 0 0 0 0 5.6000000000000005 2.2 0 0 0 0 11.8 0 7.800000000000001 1 0 0 4 0.4 0 0 0 0 0 0 0 0 0 0 0 0 0 0 0 0 0 0.2 0 0 0 0.2 0 0 0 1.8 0 0 0 0 0 0 2.2 0 0 0 0 0 0 0 4 4.2 2.8000000000000003 1.6 5.6000000000000005 0 0.2 0 0 0 0 0 1.8 0 1.4000000000000001 2.4000000000000004 1.6 1 2 3.2 3 0 0 4.4 0.4 0 0 2.4000000000000004 0.4 0 0 0 0 0.6000000000000001 2.8000000000000003 0 0 0 2.2 5.4 0 0 0.4 0 0.4 0 0 0.4 0 0 0 0 0 0 0 0 8.4 0.2 0 0 0 0 0 0 0 0 0 0 0 0 0 0 0 0 2.6 0 0 0.2 15.200000000000001 0.4 0.4 0.4 0 0 0 0 9.200000000000001 0 0 0 0 0 0 0 0 0 0 0 0 0 0 0 0 0 0 0 2.8000000000000003 0 0 0 
 0.4 0.4 0.8 0.4 0.6000000000000001 0.6000000000000001 0.4 1 0.4 0.4 0.4 0.4 0.4 0.4 0.4 0.8 0.8 17.8 1 0.4 39.6 7.800000000000001 38.6 19.8 18.2 9 22.400000000000002 25.200000000000003 32 0 26 22.200000000000003 22.200000000000003 56.6 35.4 29.6 41.400000000000006 68.4 40.6 16.2 0 1.2000000000000002 0 0 0 0 0 5.4 0 12.8 0 0 0 0.4 0 0.4 0 0 0.8 0 0 0 0.4 0 0 0 0 0.8 0.4 0 0 0 0.8 0 0 0 0 0.4 0 0 0 0 0 0 0 2.4000000000000004 0 0 0 0 0.4 0 0 0.2 0 0.4 0 0.4 0 2.6 0 1.6 3.6 0 2.2 0.4 5.6000000000000005 4 6.4 5.2 12.200000000000001 0 0 3.4000000000000004 2.6 4.2 0 3.6 3.2 1.2000000000000002 0 0 0 0 0 0 0 0 0 0 0 0 3 0.2 0 0.4 0 0 2.2 0 0 0 0 0 0 0 0 0 0.2 0.6000000000000001 0 0 2.8000000000000003 0 0 0 0 0 0 0 0 0 0 0 0 0 1.4000000000000001 0 0 0 0 0 0 0 0.4 0 0 0 0 0 2.4000000000000004 8.4 7.800000000000001 3.8000000000000003 3.8000000000000003 7.6000000000000005 0 0 3 9.200000000000001 3.4000000000000004 11.4 3 5.800000000000001 2 1.6 4 10.200000000000001 2.8000000000000003 11.8 0 0 0 0 0 0 0.4 0 0 0 0 0 2.6 0 0 0 0 0 2 0 0 1 0 0.2 0 0 0 0 0 0 0 0 0 0 0 0 0 0 0 0 0 0 0 0 0 0 0 0 0 0 0 0 0 0 2.2 0.4 0 15.4 0 0 0.2 0.4 0 0 0 0 0 0 0 0 0 0 0 0 0 0 0 0 0 0 0 0 0 0 0 0.8 0.2 0 0 0 
 0 0.4 0.2 0 1.2000000000000002 0.2 6.2 2.6 0 0 0 0 19.6 10 0.8 24 0 0 0.4 0.4 65 22.8 67.4 34.2 48.2 19.8 39 118.4 56 26 0 11.600000000000001 22.200000000000003 24.200000000000003 42.2 54 38.800000000000004 14.600000000000001 21.8 11 0 12.8 0 0 0 0 14.4 11.200000000000001 0.2 0 0.6000000000000001 0 0 14.200000000000001 13.4 0.6000000000000001 0 0 0.2 13.600000000000001 0 0 0.6000000000000001 0 0 0 0 0 0 0 0 0 0.6000000000000001 0.2 0 0 0 0.8 0 0 2 2 0 0 0 0 0 0 4 5.800000000000001 0 0 2.6 2.2 0 2 0 0 0 0 0.4 4.4 1.2000000000000002 1.8 0 2.8000000000000003 0.8 0.4 0 4.4 2.2 1 0 0 0 0 1.8 0 0 0 0 2.8000000000000003 0 0 0 1.8 0 1.8 0 0 0 0 1.8 0 0 0 0 0 7 0 0 0 0 0 0 0 0 0 5.2 0 0 0 0 0 0 0 0 0 0 0 5.800000000000001 0 0 0 0 0 0 0.4 2 0 0 0 1.2000000000000002 1.8 1.8 0 0 0 0 0 1.2000000000000002 0 4 3.2 8 3.8000000000000003 0 3.4000000000000004 2.4000000000000004 3.2 8 4.4 0 2.4000000000000004 0 2 2.2 0 0.2 2.6 0.8 5 0 0 0 0 0 0 2.4000000000000004 0 0 0 0 0.6000000000000001 0 0 0 0 2.4000000000000004 3.8000000000000003 0 0 0 0 0 0 0 0 0 0 0 0 0 0 0 0 0 0 0 0 0 0 1.8 0 0 0 0 0 0 0 0 0 0 0 0.2 0 0.6000000000000001 6 10.4 0.2 0.2 1.4000000000000001 0 0 0 0 0 0 0 0 0 0 0 0 0 3.6 0 0 0 0.2 0 0 0 0 0 0 0 0 0 0 
 0 0 0 0 0.2 0 0.4 0.6000000000000001 0.2 0 0 0 0 0 0 14.200000000000001 0 0 0 0.4 48.800000000000004 6.800000000000001 21 39.2 25 24.400000000000002 9.8 7.2 16.400000000000002 22.200000000000003 11.600000000000001 0 5.800000000000001 15.4 6 7.6000000000000005 34.800000000000004 61.800000000000004 6 3.8000000000000003 0.2 24.6 0 0 0 0 0 3.8000000000000003 0 0 0 0 5.2 12.4 0 13 11.4 13.8 3.8000000000000003 0 2.6 0 0.6000000000000001 1.8 0 0 0.8 0 0 0 0 0.2 0.6000000000000001 0 0 0 0 0.4 0 0 0 0 0.4 0 0 0 0 0 0 0 0 0 0 0 0 0 1.6 0 0 3.2 0 0 0 1.8 7.2 6.2 0 5.4 0 0 0 0 0 0 0 13.600000000000001 0 3.6 0 0 5 0.2 2.4000000000000004 0.2 0 0 1.8 5.6000000000000005 2.2 5.4 0 0 2.8000000000000003 7.6000000000000005 4.6000000000000005 0 0 0 5.800000000000001 2.2 0 0.4 0 0 0 0 0 0 6.2 0 0.2 0 0 0 0 0 0 0 0 0 0 0 0 0 0 0 1 0 0 1.6 0 0 0 0 0 0 0 0 0 0 0 4.2 0 2 4.6000000000000005 0 0 0 1.8 4 0 9.600000000000001 0 0.2 0 3.6 2.4000000000000004 3.6 0 0 3 2.8000000000000003 0 0 0 0 3.8000000000000003 1 0 0 0 0 3.6 2.6 2 2 0 0 4 1 0 0.4 0 0 0 0 0 0 0 0.4 0 0 0 0 0 0 0 0 0 0 0 0 0.6000000000000001 0 0 0 0 0 0 0 0 0.2 0 0 1 0.4 0 0.2 0.4 0.4 0 0 0 0 0 0 2.2 0.4 0 0 0 0 0 0 0 0 0 0 0 0 0 2 0 0 5.2 0 3.8000000000000003 0 0 0 
