 0 76 32.4 12.600000000000001 21.8 5.2 48.6 53.2 5 69.8 7.2 6.2 30.8 33.2 24.8 23.400000000000002 50.6 6.6000000000000005 27.200000000000003 6.4 15.4 0.6000000000000001 0 0.4 0.6000000000000001 0 0 0 0.4 0.6000000000000001 0 0.4 40.800000000000004 0.6000000000000001 0.8 0.4 41.2 0.6000000000000001 0.2 0 0.6000000000000001 0 0.6000000000000001 0 0.6000000000000001 1.2000000000000002 0.4 1 0 0 0.4 0 0.4 0 14.600000000000001 0 0 0.4 0 0 0 0 0.4 0.6000000000000001 0.4 0.4 0 0.4 0 0 0.6000000000000001 0 0 0.6000000000000001 0 0 1.4000000000000001 0 0 0 5.4 7.4 5.800000000000001 2.2 0.2 5.2 0 2.6 6 3.8000000000000003 1.6 2.8000000000000003 2.6 0.2 4.6000000000000005 1.6 2.2 4.2 2.8000000000000003 2 0 0 0 0 0 0 0 0 0 0 0 0 0 0 0 0 0 0 1.4000000000000001 0 0 0 0 0 0 0 0 0 0 0 0 0 0 0 2 0 0 0 0 0 0 0 3.4000000000000004 0 0 0 0 0 0 1.4000000000000001 0 0 0 0 0 0 0 0 0 0 8.4 8.4 4 1.4000000000000001 2 0 3.4000000000000004 4.4 0 0 5.4 0 0.4 1.8 2.8000000000000003 0.2 2.2 1.8 0 2.2 0 3 0 0 0 0 0 0 2.4000000000000004 0 0 0 0 0 0 0 0 0 4.2 1.4000000000000001 0 0 0 0 0 0 0 0 0 0 0 0 0 0 0 3.8000000000000003 0 0 0 0 0 0 0 0 0 0 0 0 0 0 0 0 0 0 0 0 0 0 0 0 0 0 0 0 0 0.2 0 0.4 0 0 0 1.6 0 0 0 0 0 0 0 0.4 0 0 0 0 0 0 0.4 0 0 0 0 0 0 0 0.2 5 0 4.4 0 0 0 0 0 0 0 0 0 0 0 0 
 76 0 64.60000000000001 40.400000000000006 16.8 6.800000000000001 35.4 19.200000000000003 43 11.8 23.200000000000003 7 13 10.8 25.8 28.6 78.2 49.6 19.8 41.2 0 0 0 0.4 0.4 0 0 0 0 0 0 0 0 16.2 0 0 0.2 0 0 0 0.6000000000000001 0 0.6000000000000001 0 0.6000000000000001 0.6000000000000001 0 1.2000000000000002 0 0 0 0 0.4 0 0 0 0 0.4 0.4 0 0 1.2000000000000002 0.4 0 0.4 0 0 0 0 0 0 0 0 0.4 0 0 0 0 0 0 12.200000000000001 3.8000000000000003 3.4000000000000004 2.2 0 6 6 10.600000000000001 0.4 0 0.2 3.6 0 2.4000000000000004 1 16.2 5.4 5.800000000000001 0 3.8000000000000003 0 0.4 0 0 0.2 0 0 2.2 0 0 0 0 3.4000000000000004 0 0 0 0 0 4.4 0 0 0 0 0 0 0 0.2 0 0 0 0 0 0 0 3 0 0 0 0 0 0 0.6000000000000001 0 0 0 0 0 0 0 0 0 0.4 0 0 0 0 0 0 0 0 8 1.8 1.8 0 0.4 3.6 6 0 2.8000000000000003 0 10.200000000000001 5.2 2.2 10.8 5.6000000000000005 8.200000000000001 0.2 0.2 2.2 0.2 0 0 0 0 0 0 0.2 0 0.2 0 0 0 0 0 0 0 0 0 0 0 0 0 0 0 0.4 0 0 0 0 0 0 0 0.2 0 0 0.4 0 0 0 0 0 0 0 0 0 0 0 0 0 0 0 0 0 0 0.4 0 0 0 0 0 0 0.4 0 0 0 0.4 9.8 0 0 17.8 0.4 3 0.2 0.2 0 0 0 0 0 4 0 0 0 0 0.4 0 0 0 0 0 0 0 0 0 0 0 2 3.4000000000000004 0 0 0 0 0 0 0 0 0 0 0 0 
 32.4 64.60000000000001 0 82.2 7 20.200000000000003 24 22.200000000000003 59 35.2 5.6000000000000005 21.6 48.800000000000004 34.800000000000004 46 35 34.800000000000004 11 7.800000000000001 37.4 0 0 0 0.4 0.8 0.2 0 0.2 0 0 0 0 15.8 0.6000000000000001 0.4 0 0.6000000000000001 0 0 15.4 0.8 0.4 0.6000000000000001 0 0 0.6000000000000001 0.6000000000000001 1 0 0 0.4 0 0.4 0 0.6000000000000001 0 0 1 0.6000000000000001 0 0 0 0.6000000000000001 0 0.4 11.4 0 0.6000000000000001 0 1 0 0 0 0.4 0 1 0 0.8 0 0 3 3.2 11.8 2 0.4 4.6000000000000005 2.4000000000000004 4.2 3 1.8 1.6 2.4000000000000004 3.6 4.2 1.4000000000000001 4.4 2.8000000000000003 0 3 2.4000000000000004 0 0 0 0 0 0 3.2 3 0 0 0 0 3 0 0 0 0 0 9 1.4000000000000001 0 0 0 0 0 0 0 0 0 0 0 0 0 0 0 0 0 0 0 0 0 0 0 0 0 0 0 0 0 0 0 0 0 1.6 0.8 0 0 0 0 0 11.600000000000001 0.2 8 2.8000000000000003 1.8 2.2 0.2 0 6.2 3.2 7.800000000000001 2.4000000000000004 2.4000000000000004 2.8000000000000003 1.6 2.2 0.2 0 0 2.2 0 0 0 0 0 0 0 0 0 0 0 0 2.4000000000000004 2 1.6 0 0 0 0 2.2 0 0 0 0 0 0 0 0 0 0 0 0 0 0 0 0 0 0 0 0 0 0 2 0 0 0 0 0 0 0 0 3.4000000000000004 0 0 0 0 0 0 0 0 0 0 0 0 0 0.4 0 0.4 0 0.4 0.2 3 0.4 0 0 0 0 0 0 0 0 0 0 0 0 0 0 0 0 0.4 0 0 0 0.4 0 0 2.2 0 0 0 0 0 0 0 0 0 0 0 0 0 
 12.600000000000001 40.400000000000006 82.2 0 49.2 7.2 22.6 17.6 134.4 38.400000000000006 46.6 42.400000000000006 14.200000000000001 32 73.60000000000001 13 97 21.6 33.800000000000004 11.200000000000001 0 0 0 0.4 0.4 0.2 0.2 0.2 0 0 0 0 41.6 0.6000000000000001 0 0.4 0 0 15.4 15 0.6000000000000001 0 0.6000000000000001 0 0.6000000000000001 0.6000000000000001 0.2 0.6000000000000001 0 0 0 0 0.4 0 5.800000000000001 0 0 0.4 0.4 0 0 0 0.6000000000000001 0 0.4 0 0 0 0 0 0 0 0 0.4 0 0 0 0 0 0 4.6000000000000005 3.6 2.2 0 0.2 10 2.4000000000000004 4 6.4 2.6 0.2 5.800000000000001 0 0 4.2 4.2 7.800000000000001 3.2 0 0 3.6 0 2.4000000000000004 0 0 0 0 2 0 0 0 0 0 0.4 0 0 0 0 0 2.6 0 0 2.2 0 0 0 0.4 0 0 0 0 0 0 0 0 5 0 0 0 0 0 0.2 0 0.4 0 0 0 0 0 0 0 0 0 0 0 0 0 0 0 0 0.4 0.8 0 7 0 1.8 3.6 0.6000000000000001 2.4000000000000004 8.200000000000001 5.4 16 0.2 5 2 5 1.2000000000000002 3.6 0.2 0 1.6 0 0 0 0 0 0 0 0.4 0 0 0 3.2 0 0.4 0 0 0.2 4.2 0 0 0 0 0 0.2 0 0 0 0 0 0 0 0 0 0 0.2 0 0 0 0 0 0 0 0 5.4 0 0 0 0 0 0 0 0 0 0.2 0 0 0 0 0 0 0.2 0 0 0 0 17.2 0.2 0.6000000000000001 28.400000000000002 0 1.4000000000000001 3.6 0 0 0 0 0 0 0 0 0 0 0 0 0 0 0 0 0 0 0 0 0 0 0 2 2.4000000000000004 0 0 0 0 0 0 0 0 0 0 0 0 
 21.8 16.8 7 49.2 0 13.4 11.4 10.4 16.2 14 34.6 58.2 12.4 54.800000000000004 61 21.200000000000003 50 28.8 28 19.400000000000002 0 0 0 0.4 0.4 0 7.2 15.4 0 0 0 0.4 0.4 0.6000000000000001 0.2 0 0 0 15.600000000000001 31.8 0.6000000000000001 0 0.6000000000000001 0 0.6000000000000001 0.6000000000000001 12.4 0.6000000000000001 0 0 0 0 0.6000000000000001 0 0 0 0 0.4 0 0 0 0 0.4 0 0.4 0 0 0 0 0 0 0 0 0.4 0 0 0 0 0 0 0 0 0 7.4 4.800000000000001 6.800000000000001 0 0 2.8000000000000003 0 4 0 0 0 0 0 4.6000000000000005 0 0 0 3.6 1.8 2.8000000000000003 1.8 0 0.4 4.4 0.2 0 0 2 0 0 4.4 0 0 5.6000000000000005 0 8.8 1.6 3.4000000000000004 0 2 0 0 0.2 0 0 0.2 0 0 0 0 0 0 0 0 0 0 0 0 0 0 0 0.8 0 0 0 0 0 0 0 0 1.6 0 0 1 0 0 0 0.2 0 1.2000000000000002 9 1.2000000000000002 3 0.2 0 0 5.4 0 3.4000000000000004 0.4 0 0 0 3.4000000000000004 5.800000000000001 0 0 0 5.800000000000001 0 0 3.6 0.2 6.4 2.6 4.2 0 1.4000000000000001 0 2.8000000000000003 0.2 6.2 0 0 5.2 2.4000000000000004 6.800000000000001 0 0 0 0 0 0 0 0.4 0 0 0 0 0 0 0 0 0 0 0 0 0 0 0 0 0 0 0 0 0 0 0 0 0.4 0 0 0 0 0 0 0 0 0 0 0 0 1.4000000000000001 0.2 0.2 0.8 0.6000000000000001 0 1.6 5 0 0 0 0 0 0 0 0 0 0 0 0 0 0 0 0 0 0 0 0 0 0 6.2 0 0 0 0 0 0 0 0 0 0 0 0 0 0 
 5.2 6.800000000000001 20.200000000000003 7.2 13.4 0 5.800000000000001 20.8 4.6000000000000005 26.6 40.800000000000004 45.6 7 10 9.4 32.800000000000004 16.8 91.4 12 8 15 0.2 0 0.4 0.4 0 0 14.4 29.8 12.600000000000001 15.600000000000001 0.6000000000000001 16.2 30.400000000000002 0.2 0 15.200000000000001 0 22.200000000000003 0.6000000000000001 0.6000000000000001 0.4 0.6000000000000001 0 1.6 1 0 0.6000000000000001 0 1.6 0 0 0.6000000000000001 0.6000000000000001 0 0.6000000000000001 0 0.4 0.4 0.6000000000000001 0 0 0.4 0.6000000000000001 1 0 0.2 0 0 0.6000000000000001 0 0 0 6.6000000000000005 0 0 0.6000000000000001 0 0 0 0.2 1.4000000000000001 0 0 2.8000000000000003 0 0 0 0 0 2.6 2.2 0 2.6 0 0 2 4 0 0 1.8 7.800000000000001 0 0 0 0 7 0.2 4.2 0 0 0 1.2000000000000002 2.4000000000000004 2.6 1.8 3.2 2.8000000000000003 5.4 5.800000000000001 0 0 0 0 0 0 0 0 0 0 0 0 0.4 0 0 1.4000000000000001 0 0 0 0 0 0 0 0.2 0 0 0 0 0 0 0 0 0 0 0.8 0 0 0 0 0 0 3.8000000000000003 0 0 0 0 0 0.2 0 3.4000000000000004 0 0 0 0 0 0 2.6 2.2 0 0 0.2 0.2 3.4000000000000004 0 0 0 3.8000000000000003 3.6 0 0.2 0 1.4000000000000001 2.6 3.6 6.4 2.8000000000000003 3.8000000000000003 0 0 3.8000000000000003 0 0 0 0 0.4 0 0 0 0 0 0 0 2.6 0 0 0.4 0 0 0 0 0 0 0 0 0 0 0 0 0 0 0 0 0 0 0.4 0 0 0 0 0 0 3 0 0 3.8000000000000003 0 0 0 1.4000000000000001 0.8 0.2 3.4000000000000004 0 0 0 0 0 0 0 0 0 0 4.2 0 0 0 0 0 0 0 0 0 0 0 0 0 3 0 0 0 0 0 0 0 0 4.4 0 0 0 0 
 48.6 35.4 24 22.6 11.4 5.800000000000001 0 14.200000000000001 13.4 22.400000000000002 5 29 24 57 24.8 13.200000000000001 9.4 70.2 41.6 10 0 4.4 0 0.4 0.4 14.600000000000001 0 0 0 0 0 0 0 0.6000000000000001 0 0 0 0 0 0 0.6000000000000001 0 0.6000000000000001 0 0.6000000000000001 0.4 0 0.6000000000000001 0 0 3.2 0 0.6000000000000001 0 0 0 0 0.4 0 0 0 0 0.4 0 0.4 0 1 0.4 0 0 0 0 0 0.6000000000000001 0 0 0 4.4 0 0 1 7.2 0 7.4 0 3.2 0.8 0 0.2 4.4 4 2 1.4000000000000001 2.4000000000000004 4.800000000000001 2 0 6.6000000000000005 1.8 0 0 0 0 0 0 0 0 0 0 0 0 0 0 0.2 0 0 0 0 0 0 0 0 0 0 0 0 0 0 0 0 0 0 0 0 3 0 0 0 0 0 0 0 0 0.2 0 0 0 0 0 1 2.8000000000000003 0 0 0 0 0 0 0 0 0 2 2.2 2.6 4.800000000000001 0.8 0 11.4 6.2 0 0 3.4000000000000004 0 0 5.2 5.800000000000001 0 2.2 2.4000000000000004 0.8 2.8000000000000003 0 0 0 0 0 0 0 0 0 0 0 0 0 0.2 0 0 0 0 8.8 0 0 0 0 0 0.4 0 0 0 0 0 0 0 0 0 0 0.4 0 0 0 0 0 0 0 0 0 0 0 0 0 0 0 0 0 0 0.4 0 0 0 0 0 0 0.4 0 0 0 0 0 0 0 0.4 0 1.6 0 0 0 0 0 0 0 0 0 0 0 0 0 0 0 0 0 0 0 0 0 0.2 0 0 0 0 0 0 0 0 0 0 0 0 0 0 0 0 
 53.2 19.200000000000003 22.200000000000003 17.6 10.4 20.8 14.200000000000001 0 35.800000000000004 77.4 16.8 43 37 55.400000000000006 9.200000000000001 45.2 25.200000000000003 13.600000000000001 10 15.600000000000001 0.4 0.4 0 0.4 0.4 0.4 0.4 0 0 0 0.6000000000000001 0.2 0 0.6000000000000001 0 0 0 0.4 0 0 1 15.200000000000001 0.6000000000000001 0 0 1.2000000000000002 0 0.6000000000000001 0 0 0 0 0.8 0 0 0 0.2 1.2000000000000002 0.2 0.6000000000000001 0 0.6000000000000001 0.4 0.4 0.4 0 0 0.6000000000000001 0 0 0.6000000000000001 0 0 0.8 0 0 0 0 0 0 2.4000000000000004 4.800000000000001 2.2 0 2.8000000000000003 0 0.2 4.2 6.2 1.8 2.6 5.800000000000001 0 7.6000000000000005 4 0 0 6.2 0 1.6 0 2 0 0 0 0 6.800000000000001 0 0 0 0 0 3 0 0 0 0 0 2.8000000000000003 2.6 0 0 0 0 0 0 0 0 0 0 0 0 0 0 0 0 0 0 0 1.6 0 0 0 0 0 0 0 0 0 0 0 0 0 0 0 0 0 0 0 0 0 2 0 0 0 0 3.6 0 16.8 6.6000000000000005 0 0 9.8 4.6000000000000005 0 0 2.6 4.2 1.2000000000000002 2 0.2 0 0 0 0 0 1.4000000000000001 0 0 0 0 0 4.6000000000000005 0 0 0 0 0 5.2 1.8 0 0 0 0 0 0 0 0 0 0 0 0 0 0 0 0 0 0 0 0 0 0 0 0 0 0 0 0 0 0 0 0 0 0 0 0 0 0 0 0 0 0 0 0 0 0.8 0.2 0 0.2 0 0 0.8 0 0 0 0.2 0 0 0 0 0 0 0 0 0 0 0 0 0 0 0 0 0 0 0 0 6.2 0 0 0 0 0 0 0 0 0 0 0 0 0 
 5 43 59 134.4 16.2 4.6000000000000005 13.4 35.800000000000004 0 67.4 50.6 29.200000000000003 18 37.2 78.80000000000001 43.400000000000006 75.60000000000001 68.2 16.2 49.2 0 0 0 0.4 0.4 0 0.4 0 0 0.2 0 0 0 0 0.4 0 0 0 0 0 0 0 0 0 0 0.4 0 0 0 0 0 0.4 0 0 0 0 13 0.2 0.4 0.6000000000000001 0 0.4 0 0.4 0 0 0.2 0 0 0 0.4 0 0 0 0 0 1.4000000000000001 0 0 0 3.6 3.4000000000000004 2.2 0 0 6 4.4 5.4 3.6 2.2 0.2 9.4 0 3.2 1.8 12.8 5.4 7.2 0 2.8000000000000003 0 0 0 0.2 0 0 0 2.8000000000000003 0 5.6000000000000005 0 0 3.6 0 0 0 0 0 2.8000000000000003 0 0.4 0 0 0 0 0 0 0 0 0 0 0 0 0 0 0 0 0 0 0 0 0.6000000000000001 0 0 0 0 0 0 0 0 0 0 0.2 0 0 0 0 0 0 0 3 2.4000000000000004 1.8 0 5.800000000000001 0.2 8.4 0.2 5.4 0 6 4.6000000000000005 4.2 10 4.800000000000001 12 2.6 0.2 2.2 0 2 0 0 0 0.4 0 4.2 0.4 0 0 0 0 0 0 0 0 0 0 2.2 0 0 0 0 0 0.6000000000000001 0 0 0 0 0 0 0 0 0 0 0 0 0 0 0 0.4 0 0 0 0.2 0 0 0 0 0 0 0 0 0 0 0 0 0 0 0 0 0 0 0 0 0.4 9.8 0 0.4 34.4 0 2.2 0 0 0 0 0 0 0 0 0 0 0 0 0 0 0 0 0 0 0 0 0 0 0 0 3.8000000000000003 3.4000000000000004 0 0 0 0 0 0 0 0 0 0 0 0 
 69.8 11.8 35.2 38.400000000000006 14 26.6 22.400000000000002 77.4 67.4 0 63 10.600000000000001 45.800000000000004 47.2 87.60000000000001 51 16 94.4 38 19.200000000000003 0.4 0 0 0.4 0.4 0 0 0 0 0 0 0 0 0.6000000000000001 0 0 0 0.2 15.4 0 0.6000000000000001 0 0.6000000000000001 0 0.6000000000000001 0.6000000000000001 0 0.6000000000000001 7.2 2.8000000000000003 0 0 0.4 0 0 0 0 0.4 0.2 0 0 0 0.4 0 0.4 0 0 3.6 0 0 0 0 0 0.4 0 0 0 0 0 0 0 2 6 0 2 0 1.2000000000000002 2.4000000000000004 2.2 5.2 11.4 3.8000000000000003 2 0 0 1.4000000000000001 4.6000000000000005 2.6 2.6 9.4 5.2 0.4 0 0 0.6000000000000001 0 3.2 0 0.2 0.2 0 0 5.800000000000001 0 0 0 0 0 3.2 1.4000000000000001 0 0 0 0 0 0 0 0 0 0 0 0 0 0 3.2 0 0 0 0.2 0 0 0 0 0 0 0 0 0 0 0.2 0 0 0 0 0 0 0 0 0 0 0 5.800000000000001 0.4 0 2.4000000000000004 0 6 2.8000000000000003 4 2 2.8000000000000003 0 4.800000000000001 11.4 0.2 0 5.6000000000000005 6.2 0.4 5.800000000000001 0 0 4.2 0 0 0 0 4.2 0 0 0 0 0 2.8000000000000003 2.6 0 3.4000000000000004 0 2.2 0 0 1.8 2.8000000000000003 0 0 0 0 0 0 0 0 0 0 0 0 0 0 0 0.4 0 0 0 0 0 0 0 0 0.2 0 0 0 0 0 0 0 0 0 0 0 0 0 0.6000000000000001 2.2 0 0 0.2 17.8 0 1 0 0.6000000000000001 4.6000000000000005 0 0 0 0 0 0 0 0 0 0 4.4 0 0 0 0 0 0 0 0 0 0 0 0 0 0 2.8000000000000003 0 0 0 0 0 0 0 0 0 0 0 0 
 7.2 23.200000000000003 5.6000000000000005 46.6 34.6 40.800000000000004 5 16.8 50.6 63 0 54 5.800000000000001 69 58.6 33.6 59 41 41.400000000000006 12 26.200000000000003 0.4 0.2 0.6000000000000001 0.8 0 0.2 0.2 0 0.2 0.6000000000000001 0 0.2 0.8 0.2 0.8 1.2000000000000002 0.2 7.6000000000000005 0.4 1.6 0 0.6000000000000001 0.4 0.6000000000000001 0.8 0 0.6000000000000001 0.4 18.8 0 0 0.4 0 0.6000000000000001 0.6000000000000001 0 1.2000000000000002 0 0 0 0.2 1 0 0.4 0 0 0.6000000000000001 0.6000000000000001 0 0 0.2 0 2 0.6000000000000001 0 0 0.2 0 0.6000000000000001 3.8000000000000003 0 0.4 0.2 3.8000000000000003 0 0 0 4.6000000000000005 0 2.6 4.6000000000000005 0 0 0 0 6.4 0 0 0 0 2.8000000000000003 0 0 0 0 12.200000000000001 0.4 2.8000000000000003 0 0 0 5.2 0 0.2 0 0 0 0 3.6 0 0 2 0 0 0 0.4 0.4 0 0 0 0 0 0 0.2 0 0 0 0 0 0 0 0 0 0 0 0 0 0 0.4 0 0.2 0 0 0 0 0 0 0 0 0 1.8 3 2 0 2.2 0 0 0 12.200000000000001 2.4000000000000004 0 0 0 3 5.2 1.6 1.6 0 0 0.4 0 1.6 0 0 0 3 1.6 0 0 0 0 0 0 4.4 3.2 0 0 0 0 0.4 0 0 0 0 0.2 0 0 0 0 0 0 0.2 0 0 0 0 0 0 0 0 0.4 0 0 0 0 0 0 0 0 0 0 0 0 0 0 0 0 0 0 0 2 0 0 0 0.4 8.200000000000001 0 0.2 9.8 0.2 5.2 0.8 0.2 0 0 0 0 0.4 0 2 0 2 0 0 0 0 0 0.2 0 0 0 0 0 0 0 1.6 0 0 0 0 0 0 0 0 0 0 0 0 0 
 6.2 7 21.6 42.400000000000006 58.2 45.6 29 43 29.200000000000003 10.600000000000001 54 0 52.400000000000006 50.6 24 24.200000000000003 47.6 14.8 10.4 26.8 0.4 0 0 1.2000000000000002 0.8 0 0.2 0 0.2 0.4 0.4 0 2 1 0.4 0 0 0 2.4000000000000004 0.4 1 0 0.6000000000000001 0 0.6000000000000001 0.6000000000000001 0 1 0 0 0.8 0 0.6000000000000001 0 0.6000000000000001 0 0 0.4 0.4 0.8 0 1.2000000000000002 0.4 0 0.4 0 0.4 0 0 0 0.4 0 0 0.8 1.2000000000000002 0 0.4 0 0 0.6000000000000001 3.4000000000000004 1.2000000000000002 4 0.2 0 4 2 4 3.4000000000000004 0 0.6000000000000001 5.800000000000001 0 2 4.4 5.4 8.200000000000001 5.2 0 2.6 0 0 0 0 0 0 0 0 0 0 0 0.2 3 0 0 0 0 0 0.6000000000000001 0 0 0 0 0 0 0 0 0 0 0 0 0 0 0 0 0 0 0 0 0 0 0.6000000000000001 0.4 0 0.4 0 0 0 0 0 0 0 0 0 0 0 0 0 0 0 0 2.4000000000000004 4.2 0.2 0 2.4000000000000004 5.800000000000001 1.6 0.4 0 8.6 4.800000000000001 2.4000000000000004 5.6000000000000005 8.4 9.8 1.6 0.2 2 0 0 0 0 0 0 0 0.6000000000000001 0 0 1.4000000000000001 0 0 0.2 0 0 0 0.2 0.2 0 4.2 0 0 0 0 0 0 0 0 0 0 0 0 0 0 0 0 0 0 0 0 0 0 0 0 0 0 0 0 1.4000000000000001 0 0 0 0 0 0 0 0 0 0 0 0 0 0 0 0 0.4 9.200000000000001 0 0.4 18 0 0 0 0 0 0 0 0 0 0 0 0 0 0 0 0 4.2 0 0 0 0 0 0 0.4 0 0 4.4 7 0 0 0 0 0 0 0 0 0 0 0 0 
 30.8 13 48.800000000000004 14.200000000000001 12.4 7 24 37 18 45.800000000000004 5.800000000000001 52.400000000000006 0 35.2 47.6 11.8 51 32.800000000000004 36.4 29.400000000000002 40.800000000000004 0 1 0.4 7.6000000000000005 0 0 0 1.2000000000000002 0 0 0 1 0.6000000000000001 0 0 40.400000000000006 0.4 0 0 0.6000000000000001 1.2000000000000002 0.6000000000000001 0 0.6000000000000001 0.6000000000000001 0 1 0 0.8 0 0 0.6000000000000001 0 0 0 0 0.4 0.4 1.4000000000000001 0.4 0 0.4 0 0.4 0 0 0.2 0 0 0 0 0 0.4 0 0 1.8 0 0 0.8 5.2 3.8000000000000003 5.2 1.2000000000000002 0 0 0.2 3.2 0.2 5.4 5.800000000000001 2.2 0 3.4000000000000004 2.6 4.800000000000001 0 3.8000000000000003 8.6 7.4 0 0 0.2 0 0 0 0 0 0 0 0.2 0 2.6 0 0 0 0 0 0.2 0 0 0.4 0 0 0 0 0 0 0 0 0 0 0 0 3.2 0 0 0 0 0 0 0 0 0 0 0.4 0 0 0 1 0.2 0 0 0 0 0 0 0 0 0 2.2 1.8 0.2 0 4 0 4.4 3.8000000000000003 1.6 0 0 0 0.6000000000000001 7.4 2 0 3.4000000000000004 2 0 9.8 0 0 0 0 0 0 0 0 0 0 0 0 0 0.2 0 0 0 0 0.6000000000000001 0 0 0 0 0.4 0 0 0 0 0 0 0 0 0 0.2 2 0 0 0 0 0 0 0 0 0 0 0 0 0 0 0 0 0 0 0 0 0 0.4 0 0 0.4 0 0 2 0 0 0 0 0.4 0.8 0 0 1.8 0 0 0 0 0 0 0 2 0 0 0 0 0 0 0.4 0 0 0 0 0 0 0 0 0 0 0 0 0 0 0 0 0 0 0 0 0 0 0 
 33.2 10.8 34.800000000000004 32 54.800000000000004 10 57 55.400000000000006 37.2 47.2 69 50.6 35.2 0 61.400000000000006 27.200000000000003 69.4 25 49.400000000000006 74 0 0 0 0.4 0.8 0 0 0 0 0 0 0 0 0.6000000000000001 0.2 0 0 0 14.600000000000001 0 0.6000000000000001 0 0.6000000000000001 0 0 0.6000000000000001 0 0.6000000000000001 0 0 0 0 0.6000000000000001 0 0 0 0 0.4 0 0 0 0 0.4 0 0.4 0 0 3.2 0 0 0 0 0 0.4 0 0 0 0 0 0 3.8000000000000003 6.800000000000001 0 2 2 0 4.4 12 5.2 0.2 4.6000000000000005 6 3 7 0.8 2.4000000000000004 4.4 1.8 3.6 2.2 0 0 0 0 0 0 0 0.2 1.6 0 0 0 0 0 0 0 0 0 0 0 0 0 0 0 0 0 0 0 0 0 0 0 0 0 0 0 0 0 0 0 0 0 0 0 0 0 0 0 0 0 0 0 0 0 0 0 0 0 0 0 6.800000000000001 4.6000000000000005 2 0 0 0 2.8000000000000003 3 8.200000000000001 0 2.8000000000000003 0 3.6 2.6 0 0 4.2 2 0 0.2 0 0 0 0 0 0 0 0 0 0 0 0 0.2 0 0 0 0 0 0 0 0 0 0 0 0 0 0 0 0 0 0 0 0 0 0 0 0 0 0 0 0 0 0 0 0 0 0 0 0 0 0 0 0 0 0 0 0 0 0 0 0 0 0 0 0 0.6000000000000001 0.6000000000000001 0 0 0 0 0.6000000000000001 0 0 0 0 0 0 0 0 0 0 0 0 0 0 0 0 0 0 0 0 0 0 0 0 0 3 0 0 0 0 0 0 0 0 0 0 0 0 
 24.8 25.8 46 73.60000000000001 61 9.4 24.8 9.200000000000001 78.80000000000001 87.60000000000001 58.6 24 47.6 61.400000000000006 0 18.8 28.200000000000003 17 44.2 39.6 0 0 0.4 0.4 0.4 0 0.6000000000000001 0 0 0 0 0 0 0.6000000000000001 0 15.4 0.4 0 0 0 1 0.4 0.6000000000000001 0 0 0.6000000000000001 0 0.6000000000000001 0 0 0 0 0.4 0 0 0 0.4 0.4 0 0.4 0 0 0.4 0 0.4 0 0 2 0.2 0.4 0 0 0.4 0.8 0 0 0.4 0.8 7.4 0 8.6 3.2 1.8 2.6 0 4 0.2 5.2 0 5.2 3.6 3.8000000000000003 0 9.600000000000001 9.200000000000001 0.8 0 2.2 8.200000000000001 1.6 0 0 0 0 0 0 0 0 0 0 0 0 0 0 0 0 0 0 0.2 0.2 0 0 0 0 0 0 0 2.2 0 0 0 0 0 0 0 0 0 0 0 0 0 0.8 0 0 0 0 0 0 0 0 0 0 0 0 0 0 0 0 0 0 1.8 0 0.6000000000000001 0 0 0 3.8000000000000003 3.4000000000000004 2 0 0 3 6.6000000000000005 0 0 3.6 8 2.2 0.4 7.2 0 0 0 0 0 0 0 0 0 0 0 0 0 0 0 0 0 0 2 0.4 0 0 0 0 0 0 2.8000000000000003 0 0 0 0 0 0 0 0 3.6 0 0 0 0 0 0 0 0 0 0 0 0 0 0 0 0 0 0 0 0 0 0 0 0 0 0 0 0 0 0.6000000000000001 17.400000000000002 0 0 0 0 1 0 0 0 0 0.2 0 0 0 0 0 0 0 0 0 0.2 0 0 0 0 0 0 0 0 2.8000000000000003 0 1.4000000000000001 0 0 0 0 0 0 0 0 0 0 0 0 
 23.400000000000002 28.6 35 13 21.200000000000003 32.800000000000004 13.200000000000001 45.2 43.400000000000006 51 33.6 24.200000000000003 11.8 27.200000000000003 18.8 0 68.2 10.200000000000001 5.800000000000001 73.2 0 0.4 0 0.4 0.4 0.4 1.6 0.6000000000000001 0 15 0 0.2 0 0.6000000000000001 0 0 0 0 0 0 0.6000000000000001 0.4 0.6000000000000001 0 0.6000000000000001 0.6000000000000001 0 13.4 0 0 0 0 0.6000000000000001 0 0 0 0 0.4 0.4 0 0.6000000000000001 0 0.4 0 0.4 0 0 0 0 0 0 0 0 0.4 0 0 0 0 0 0 3.4000000000000004 0 14.8 7.2 2.8000000000000003 9.8 1.8 2.8000000000000003 0 2 0 0 0 0 0 14.600000000000001 7 3.8000000000000003 0 3 0 0 0 0 0 0 13 0.2 0 0 0 0 6.800000000000001 3.2 0 0 0 0 1.8 0.6000000000000001 0 0 0 0 0 0 0 0 0 0 0 0 0 0.6000000000000001 0 0 0 0 0 1.8 0 0.2 0 0 0 0 0 0 1.6 0 0 0 0 0 0 0 0 0 0 0 0.6000000000000001 0.2 1.2000000000000002 5 0 3.2 0 0 4.800000000000001 2 2 5.6000000000000005 0.4 5 0 0 0.2 3.4000000000000004 0 2.4000000000000004 0 0 0 0 0 0 5.2 0 0 0 0 0 0.2 0.2 0 0 0 0 3.8000000000000003 8.8 0 0 0 0 1.8 0 0 0 0 0 0 0 0 0 0 0 0 0 0 0.2 0 0 0 0 0 0 0 0 0.2 0 0 0 0 0 0 0 0 0 0 0 0 2.6 0 0 0 0 18.8 0.4 0.2 0.2 0.6000000000000001 0.6000000000000001 0 0 0 0.4 0 0 0 0 0 0 0.4 0.4 0 0 0 0 0 0.4 0 0 0 0 0 0 0 1.8 0 0 0 0 0 0 0 0 0 0 0 0 
 50.6 78.2 34.800000000000004 97 50 16.8 9.4 25.200000000000003 75.60000000000001 16 59 47.6 51 69.4 28.200000000000003 68.2 0 30.6 24.8 23.8 0.4 0 0 0.4 0.4 0 0 0 0 0 0 0 0.4 0.6000000000000001 0 0 41.2 0 0 1.2000000000000002 0.6000000000000001 0 0.6000000000000001 0 1 0.6000000000000001 0 0.6000000000000001 0 0 0 0 0.8 0 0 0 0.4 0.4 0.4 12.4 0 0 10.200000000000001 0 1.2000000000000002 0 0 0 0 0 0 0 0 0.4 0 0 0 0 0 0 1.6 6.6000000000000005 0 0.2 0 7.6000000000000005 4 6 4.2 1 0.4 7.6000000000000005 0 3 0 7 6 5.800000000000001 0 0 0 0 0 0 0 0 0.2 3.8000000000000003 0 0 0 0 0 0 0 0 0 0 4.6000000000000005 0 0 0.4 0.8 0 0 0 0 0 0.2 0 0 0 0 0 0 0 0 0 0 0 0 0.6000000000000001 0 0 0 0.4 0 0.2 0 0 0 0 0 0 0 0 0 0 0 0 2.6 1.8 0 1.8 0.2 0.2 7.4 0.2 5.6000000000000005 1.6 5.4 4.6000000000000005 1.8 5.6000000000000005 0 8.6 1.8 3 2 0.4 2 0 0 0 0 0 6.2 0 0 0 0 0 0 0 0 0 0 0 0.6000000000000001 0 0 0 0 0.4 0 0 0 0 0 0 0 0 0 0.2 0 0.2 0 0 0 0 0 2.4000000000000004 0 0 0 0 2 0 0 0 0 0 0.2 0 0 0 0.4 0 0 0.4 0 0 0 0 0.2 0.6000000000000001 2 0 0.4 34.6 0.4 2.2 3 0 0 0 0 0.4 0 0 0 0 0 0 0 0 0.4 0 0 0 0 0 0 0 0 0.2 0 3.6 0 0 0 0 0 0 0 0 0 0 0 0 
 6.6000000000000005 49.6 11 21.6 28.8 91.4 70.2 13.600000000000001 68.2 94.4 41 14.8 32.800000000000004 25 17 10.200000000000001 30.6 0 6.4 30.400000000000002 14.600000000000001 0 0 0.6000000000000001 0.4 0 0 0 0 0 0 0 14.600000000000001 0.6000000000000001 14.8 0.2 0.4 16.8 44.2 38.2 0.6000000000000001 0 0.6000000000000001 0 0.6000000000000001 0.6000000000000001 0 0.6000000000000001 12.4 2.8000000000000003 0 0 0.4 0 0 0 0 0.4 0.4 0 0 0 0.4 0 0.4 0 0 0 0 0 0 0 0 0.4 0 0 0 0 0 0 0 2.8000000000000003 2.4000000000000004 2.6 6 3.6 0 0 0 4.2 8.8 3.8000000000000003 0 0 0 1.4000000000000001 0.4 0 0 0 7.6000000000000005 0.4 0 0 0.2 0 10 2 0.2 0 0 0 8.4 0 0 0 0 0 5.4 4.6000000000000005 0 0.4 0 0 0 0 0 0 0 0 0 0 0 0 0.4 0 0 0 0.6000000000000001 0 0 0 0 0 0 0.4 0 0 0 0 0 0 0 0 0 0 0 0 0 0 0 3.4000000000000004 0 0 3.6 0 0 1.6 0 6.6000000000000005 0 1.2000000000000002 0 0 0 0 3.4000000000000004 9.200000000000001 0 3.4000000000000004 3.2 0 4.2 6.2 0 0 0 4 0 0 0 0 3 3 3.6 0 0 0 7.2 0 0 0 0 0.4 0 0 0 0 0 0 2.2 0 0 0.2 0 0 0 0 0 0 0 0 0 0 0 0 0 0 0 0 0.4 0 0 0 0 0 0.4 0 0 0 0 0.2 0 0 0.2 0.6000000000000001 17.2 0 0.6000000000000001 1.6 0.6000000000000001 5 2.8000000000000003 0 0 0 0 0 0 0 0 0 4.2 0 0 0 0.4 0 0 0 0 0 0 0 0 2.4000000000000004 0 0 0 0 0 0 0 0 0.2 0 0 0 0 0 
 27.200000000000003 19.8 7.800000000000001 33.800000000000004 28 12 41.6 10 16.2 38 41.400000000000006 10.4 36.4 49.400000000000006 44.2 5.800000000000001 24.8 6.4 0 53.800000000000004 0 0.6000000000000001 0 0.4 0.6000000000000001 0 0 0 0.2 0 0.2 0.4 0 0.6000000000000001 0 0.6000000000000001 0.8 0 0 0.4 0.6000000000000001 0 0.6000000000000001 0 1.2000000000000002 1 0.4 0.8 0 0 0 5.800000000000001 0.6000000000000001 0 0 0 0 0.4 0 0 0 0 0.4 0 0.4 0.4 0 2.2 0 0 0.2 0 0 0.4 0 0 0.2 0 0 0 9.4 10.8 0 0 0 0 3.4000000000000004 3.6 0 4.4 1.8 2.6 0 2 1.8 0 0 2.4000000000000004 5.6000000000000005 5 0 0 0 0 0.2 0 0.4 0 0 0 0 0 0 0 0 0 0 0 0.4 0 0 0 0 0 0 0 0 0 0 0 0.4 0 0 0 0 0 0 0 0 0 0 0 0 0 0 0 0 0 0 0.6000000000000001 0 0 0 0 0 0 0 0 0 0 2.8000000000000003 0.2 0 0 0 0 2.2 3.8000000000000003 0.2 0 0 0 3.6 0 2.6 0 8.4 2.2 0 4.4 0 0 0 0 0 0 0 0 0 0 0 0 0 0 0 0 0 0 2 0 0 0 0 0 0 0 0 0 0 0 0 0 0 0 0 0 0 0 0 0 0 0 0 0 0 2.4000000000000004 0.4 0 0 0 0 0 0 0 0 0 0 0 0 0 0 0 0 0 0 0 0.4 0.2 0.4 0.4 0 0.6000000000000001 0 0 0 0 0 0 0 0 0 0 0 0 0 0 0 0 0 0.2 0 0 0 0 0 0 0 0 0 0 0 0 0 0 0 0.2 0 0 0 0 
 6.4 41.2 37.4 11.200000000000001 19.400000000000002 8 10 15.600000000000001 49.2 19.200000000000003 12 26.8 29.400000000000002 74 39.6 73.2 23.8 30.400000000000002 53.800000000000004 0 0 0.4 0 0.4 0.8 0 0 0 0 0 0 28.8 0 0.8 0 0 0 0 0 0 0.6000000000000001 0 0.6000000000000001 0 0.2 0.6000000000000001 0 0.6000000000000001 0 1.8 0 0 0.6000000000000001 4.4 0 0 0 0.4 0.2 0 0.4 0 0.4 0 0.4 0 0 0 0 0 0 0 0 0.4 0 0 0 0 0 0 0 3.8000000000000003 1.8 1 0 0 0.8 13.8 0.2 8 9 1.2000000000000002 0.2 12 2 5.6000000000000005 2.8000000000000003 0 5.2 5 0 0 0 0 0 0 0 0 0 0 0 0 2.8000000000000003 0 0 0 0 0 0.2 0 0 0 0 0 0 0 0 0 0 0 0 0 0 0 0 0 0 0 0 0 0 0 0 0 0 0 0 0 0 0 0 0 0 0 0 0 0 0 0 0 3 0.4 2 0 0 2.8000000000000003 1 6.2 5.4 0 0 0 3.6 3.4000000000000004 4.2 0 1.8 6 0 5.2 0 0 0 0 0 0 0 0 0 0 0 0 0 0 1.2000000000000002 0 0 0 0 0 0 0 0 0 0 0 0 0 0 0 0 0 0 0 0 0 0 0 0 0 0 0 0 0 0 0 0 0 0 0 0 0 0 0 0 0 0 0 0 0 0 0 0 0 0 0.2 0 0 0 0.2 0 1.4000000000000001 0 0 0.2 0 0 0 0 0 0 0 0 0 0 0 0 0 0 0 0 0 0 0 0 0 0 0 0 0 0 0 0 0 0 0 0 0 0 0 
 15.4 0 0 0 0 15 0 0.4 0 0.4 26.200000000000003 0.4 40.800000000000004 0 0 0 0.4 14.600000000000001 0 0 0 27.400000000000002 36.6 12.600000000000001 59.2 29.8 48 33.4 52 6.4 8 8.4 30.200000000000003 87 79.80000000000001 29 6 12.200000000000001 53.6 77.4 0.4 0 0 0.6000000000000001 0.6000000000000001 0 0 0 0 0 5.2 0 0 0 0 0.6000000000000001 0 0.4 0 0.4 0 0.4 0 0 0 0.4 0 0 0 0 0 0 0 1 0.4 0.6000000000000001 0 0 0.4 0 0 0 0 1.2000000000000002 0 0 0 0 0 0 7.800000000000001 0 0 0 0 0.4 0 0 0 0 0.6000000000000001 4 1.6 3.8000000000000003 4 0 3.6 2 2.4000000000000004 4.2 0.6000000000000001 5 2.6 1.8 7.800000000000001 2.8000000000000003 5.2 0 2 0 0.4 0 0 0 0 0 0 0 0 0.2 0 0 3.6 0 0 0.2 0 0 0 0 0 0 0 0 0 0 0 0 0 0.4 0.2 0 0 0 0 0 0 0 0 0 0 0 0 0 1.6 1.4000000000000001 3 0 0 1.2000000000000002 0 0 0.2 0 0 0 0.4 0.2 0 0.4 4 1.6 2.4000000000000004 0 0 2.4000000000000004 0 12.200000000000001 2 3 0 0 3.8000000000000003 3.8000000000000003 1.4000000000000001 9.200000000000001 0 3 1.2000000000000002 0 0 0 0 0 0 0 0 0 0 0 0 0 2.2 0 0 0 0 0 0 2 0 0 0 0 0.2 0 0 0 0 0 0 0 0 0 0 0 0 0 0 0 0 0 0 0 0 0 14.8 0 0 0.2 0 0 0.2 0 1.6 0 0.6000000000000001 15.600000000000001 0.4 0 0.8 0 2.6 0 0 0 0 0 0 0 0 0 0 0 0 2.6 0 0 0 0 0 0 0 0 0 3 0 0 0 0 
 0.6000000000000001 0 0 0 0 0.2 4.4 0.4 0 0 0.4 0 0 0 0 0.4 0 0 0.6000000000000001 0.4 27.400000000000002 0 80.80000000000001 11.4 34.2 19.400000000000002 41.6 28.400000000000002 13.200000000000001 4.800000000000001 39 8.8 42.800000000000004 38.2 43.6 63.400000000000006 71.8 39.6 51.2 57 0 0 0 0.6000000000000001 0.6000000000000001 0 1 0 0 0 0 0 0 12.4 0 0.6000000000000001 0 0 13.4 0 0 0.4 0 0 0 0.6000000000000001 0 0 0 0 0.6000000000000001 0 0 0.4 0.4 0.6000000000000001 0.4 0.2 0.4 0 0 0 0 5 0 0.4 0 0 0 0 0 0 0 0 0 0 0 0 0 0.4 2.2 3.8000000000000003 3.2 3.4000000000000004 11.600000000000001 0 2 3.8000000000000003 4.6000000000000005 6.2 0 3.8000000000000003 0.2 4.6000000000000005 2.6 3.6 0 2.8000000000000003 0 0 0 0 0 0 1.4000000000000001 0 7 0 0 0 0 0 0 0 0 0 0.8 0 3.2 0 0 0 0 0 0 0 0 0 0 0.2 0 0 0 0 0 0 0 0 0 0 0 0 0 0 0 2.2 1 0.6000000000000001 0 0.2 0 0 0 0 0 0 0 0 0 0 0 4.2 3.2 0 0 2.2 0 7.800000000000001 6.4 5.2 1.6 2.2 3.2 0 0 3.8000000000000003 2.6 5 0 0 0 0 0 0 0 0 0 0 0 0 0 0 2.2 0.2 0 0 0 0 5 0 0 0 0 0 0 0 0 0 0 0 0 0 0 0 0 0 0 0 0 0 0 0 0 0 0 0 0.2 0 0 0 0 0 0 0 0.8 0 0.4 15.200000000000001 5 0.4 0.2 0 0 0 0 0 4.4 0 0 0 0 0 0 0 0.8 0 0 0 0 3.4000000000000004 0 0 0 0 0 0 0 0 0 0 
 0 0 0 0 0 0 0 0 0 0 0.2 0 1 0 0.4 0 0 0 0 0 36.6 80.80000000000001 0 56.800000000000004 55.6 6.2 12.600000000000001 28 13.8 51.2 23.6 33.4 10.200000000000001 23.400000000000002 12 82.60000000000001 18.8 10 47.400000000000006 14.600000000000001 0.4 0.4 0 0.6000000000000001 0.6000000000000001 0 0 0 0 0 0 0.4 0 0 1 0.4 3.4000000000000004 0.6000000000000001 0.2 0 0 0.4 0 0 0 0.4 0 0 0 0 0.4 0.4 0 0.8 0.4 0.4 0 0 0.6000000000000001 0 5 0 0 0 0 0 0 0 0 0 0 0 0 0 0 0 0 0 0 0 0 0.8 2.4000000000000004 2.8000000000000003 0 6.4 2.8000000000000003 2.2 6.4 4.800000000000001 2.8000000000000003 2.4000000000000004 0 0 0 2.6 5.4 2 0 0 0 0 0 0 0 0 2 0 0 0 0 0 11 2.6 0 0 1.4000000000000001 0 4.2 0.2 0 0 0 0 0 0 0 0.6000000000000001 0 0.2 0.2 0 0 0 0 0 0 0 0 2 0 0 0 0 0 0 0 0 0 0 0 0 0 0 0 0 0 0 0 0 0 8 4 2.6 0 4.800000000000001 0 1.8 0 0 7.800000000000001 2.4000000000000004 0 0 0 1.6 1.8 4.2 0 0 2 0 0 0 0 0 2.4000000000000004 0 0 0 0 0 4.2 4 1.6 0 0 0 5.6000000000000005 2.2 0 3.4000000000000004 0 0 0 0 0 0 0 0 0 0 0 0 0 0 0 0 0 0 0 0 1.8 0 0 0 0 0 0 0 0 0 0 0 0.6000000000000001 0.2 0.6000000000000001 0.2 17.6 0.2 0.2 0.2 0 0 0 0 0 0 0 0 0 0 0 0 0 0 0 0 0 0.2 0 4.4 0 0 0 0 2.6 0 0 0 
 0.4 0.4 0.4 0.4 0.4 0.4 0.4 0.4 0.4 0.4 0.6000000000000001 1.2000000000000002 0.4 0.4 0.4 0.4 0.4 0.6000000000000001 0.4 0.4 12.600000000000001 11.4 56.800000000000004 0 16.400000000000002 36.6 19.200000000000003 14.200000000000001 30.6 39.400000000000006 45.2 25.8 14 32.2 57.400000000000006 38.800000000000004 52.800000000000004 57.800000000000004 14.4 52.800000000000004 38.400000000000006 0.6000000000000001 12.600000000000001 0.6000000000000001 0.6000000000000001 0.6000000000000001 12.8 0 1.6 0 0 0 0 13.4 0 0.6000000000000001 0 0.2 0.6000000000000001 13 9.200000000000001 0.4 0 0 0 0.6000000000000001 0 0 0 10 0 0 0 0.4 0.4 0.6000000000000001 0 0 0.4 0 0.4 0 0.4 0 0 0 0.4 0.4 0 0 0 0 0 0 0 0 0 0 0.2 0 0 0 2 3.6 0 6 0 3.4000000000000004 2.6 5.6000000000000005 6.4 4.6000000000000005 0 0 0 4.800000000000001 0 4.4 0.2 0 0 0 0 0 0 0 0.2 9.8 2 0 0 0 5.6000000000000005 1.4000000000000001 0 0 0.4 0 2.6 12.200000000000001 0 0 0 0 0 0 0 1 0 0.2 0.6000000000000001 0 0 0 0 0 0 0 0 0 0 0 0 2.2 0 0 0.2 0 0 0 0 3.6 0 0 0 1.2000000000000002 0 0 0 0 2.2 3.8000000000000003 3.2 0 9.600000000000001 2.8000000000000003 3 0 0.6000000000000001 6.4 3.6 0 0 0 0 3.4000000000000004 6 0.2 0 0 0 1.8 0 0 0 0 4.6000000000000005 1.8 0 0 0 0 2.2 3.8000000000000003 2.8000000000000003 0 0.2 0 0.2 0 0 0 0 0 0 0 0 0 0 0 0 0 0 0 0 0 0 0 0 0 0 0 0 0 0 0 0 0 0 0 0 0 0 0 3 0 0.2 42.800000000000004 0 0.4 0.2 0 0 0 0 0 0 0 0 0 0 0 0 0 0 0 0 0 0 0 0 4 0 0 0 0 1.4000000000000001 0 0 0 
 0.6000000000000001 0.4 0.8 0.4 0.4 0.4 0.4 0.4 0.4 0.4 0.8 0.8 7.6000000000000005 0.8 0.4 0.4 0.4 0.4 0.6000000000000001 0.8 59.2 34.2 55.6 16.400000000000002 0 20.400000000000002 23.6 58 30.400000000000002 66.8 19.8 25.8 14.8 55.2 30.200000000000003 33.6 28.6 13.600000000000001 13.200000000000001 39.800000000000004 0 0 15.200000000000001 0.6000000000000001 0.6000000000000001 0 0.2 6 0.8 0.4 0 0 0.2 0 0.8 14.4 1.8 0.2 27.6 0 0 10.600000000000001 0 0 0 0.6000000000000001 0 0.4 0 0 0.6000000000000001 0.4 0 0.4 1.6 0.8 0 0.6000000000000001 0.6000000000000001 0.2 0 0 0 0 0 0 0 0 0 0 0 0 0 0 0 0 0 0 0 0 0.2 2.6 0 5 0 10 0 2 2.4000000000000004 4.800000000000001 3.8000000000000003 0.2 0 0 0 0.2 3.4000000000000004 0 0 0 7 0 4.6000000000000005 0 0 0 5 4 2.6 0 0 0 3.8000000000000003 4.800000000000001 4.800000000000001 0.2 6.800000000000001 0.2 2.4000000000000004 0 0 0 0 0 0 0 0 0.8 0 0.4 0.4 0 0 0 0 0 0 0 0 0 0 0 0 0 1.2000000000000002 0 0 0 0.4 0.6000000000000001 0 0 0 2.4000000000000004 0 0 0 1.4000000000000001 0 0 0 4.6000000000000005 5 1.6 0 1.6 0 3.8000000000000003 6 2 5.6000000000000005 0 0 0 0 0 1.4000000000000001 4.800000000000001 0 0 15 3.6 4.4 0 5.6000000000000005 0 0 2.6 4.6000000000000005 3 0 0 7.6000000000000005 6 6 0 3.4000000000000004 0 17.2 6.800000000000001 0 0 0 0 0 0 0 0 0 0 0 0 0 0 0 0 0 0 0 0 0 0 0.8 0 0 0 0 0 0 0.4 0 0 0 0 1.6 0.6000000000000001 0 4.2 1 0.6000000000000001 1.2000000000000002 2.6 0 0 0 0 0 0 0 0 0 0 0 0 0 0 0 0 0 2.6 0 7.2 0 0 0 0 0 0 0 0 
 0 0 0.2 0.2 0 0 14.600000000000001 0.4 0 0 0 0 0 0 0 0.4 0 0 0 0 29.8 19.400000000000002 6.2 36.6 20.400000000000002 0 91.4 49.2 84.60000000000001 8.4 21.400000000000002 12.200000000000001 49 7.4 13.200000000000001 13.8 30.8 13 13.600000000000001 9.600000000000001 3.6 16.8 0 0.6000000000000001 0.6000000000000001 0 0 12.8 0 11.200000000000001 0 0 13.200000000000001 1.6 10.8 11.4 0 0 0.2 5 0 10.600000000000001 0 0 0 0.6000000000000001 0 0 0 0 0 0 0 0.4 0.4 0.6000000000000001 0 0 0.4 0 0 0 0 0 0 0.4 0 0 0 0 0 2.6 0 0 0 0 0 0 0 0.4 0 0 2.4000000000000004 2.6 0.2 4.800000000000001 0 0 1.4000000000000001 0 0 11 0 0 0 0 0 1.4000000000000001 0 0 1.6 4.800000000000001 1.2000000000000002 1.4000000000000001 0 0 2.8000000000000003 7.800000000000001 3 4 0.4 0 2.6 5.2 0 1.8 0 0 0 3.8000000000000003 0 0 0 0 0 0 0 2.4000000000000004 0 0.4 0 0 0 0 0 0 0 0 0.4 0 0 0 0 0 0 0 0 0.2 0 0 0.2 0 0 0 0 2 0 0 0 0 0 1.8 0.2 3.6 3 2.6 0 0 0 3.2 0 5 0 0 0 2.2 0 0.2 0 0 2.4000000000000004 4.6000000000000005 5.6000000000000005 0.2 0 0 12.600000000000001 1.6 4.6000000000000005 1.6 0 0 1.2000000000000002 2.4000000000000004 5 0.6000000000000001 1.8 0.2 4.4 6 0 0 0 0 0 0 0 0 0 0 0 4 0 0 0 0 0 0 0 0 0 0 0 0 0 0 0 0 0 0 0 0.2 0 0.2 3.4000000000000004 0 0.4 0.2 0 1 3.4000000000000004 2.4000000000000004 0 0 0 0 0 0 0 0 0 0 0 0 0 0 0 0 0 0 0 0 0 0 0 0 1.8 0.2 0 0 
 0 0 0 0.2 7.2 0 0 0.4 0.4 0 0.2 0.2 0 0 0.6000000000000001 1.6 0 0 0 0 48 41.6 12.600000000000001 19.200000000000003 23.6 91.4 0 38.400000000000006 27.400000000000002 25.200000000000003 9.8 19.6 18.400000000000002 16.6 34.800000000000004 54.400000000000006 74.4 10.200000000000001 13.200000000000001 111.80000000000001 0 0.4 0 0.6000000000000001 0.6000000000000001 0 0.2 0 0.8 0 0 0 0 0 0.6000000000000001 0.6000000000000001 0 0 0.2 0 0 0.8 0 0 0 0.4 0 0 0 0.4 0 0 0 0.4 0.4 0.6000000000000001 0 0 0.4 0 0 0 0 0 0 0.4 0 0 0 0 0 0 0 0 0 0 0 0 0 0.4 0.2 6.6000000000000005 5.2 6.4 1.2000000000000002 0 0 9.4 2 3.6 2.4000000000000004 0 1.4000000000000001 0 3.2 2.6 6.6000000000000005 8.6 0 0 0 3 0 0 0 0 0.4 0 0.6000000000000001 0 0.4 0 2.4000000000000004 0.6000000000000001 0 0 1.4000000000000001 0 0 0 0 0 0 0 2 0 0 0 0 0 0 0 0 0.8 0 0 2.6 0 0 0 0 0 0 0 2.8000000000000003 0 0 0 0 0.6000000000000001 0.2 0 2.6 0 0 0 0 0 0 0 2 8 5 0 4 7.800000000000001 4.6000000000000005 7 7.6000000000000005 2.4000000000000004 1.8 2.4000000000000004 1.8 2.6 0 0.4 1.8 7.6000000000000005 0 1.2000000000000002 0 0 0 0 0 0 0 0 0 0 0 0 5.2 0 0 0 0 0 2.8000000000000003 0 0 0 0 0 0 0 0 0 0 0 0 0 0 0 0 0 0 0 0 0 0 0 0 0 0 0 0 0 0 0 0.2 0 0 0 1.8 0 0 0 0 0 0.4 0 0 0 0 0 7.6000000000000005 0 0 0 0 0 0 0 0 3.8000000000000003 0 0 0 0.2 0 0 0 0 0 0 0 0 0 0 
 0 0 0.2 0.2 15.4 14.4 0 0 0 0 0.2 0 0 0 0 0.6000000000000001 0 0 0 0 33.4 28.400000000000002 28 14.200000000000001 58 49.2 38.400000000000006 0 19.8 15.600000000000001 65.60000000000001 8.6 17.6 29.8 88.60000000000001 38.400000000000006 51.2 20.8 16.8 98.2 0 0.8 0 0.6000000000000001 0.6000000000000001 0 0 0 0 0 0 0.4 0 0 2 0.4 1.2000000000000002 0 10.600000000000001 0 0 0.4 0 0 0 0.4 0 0 0 0 0 0 0 0.4 0.4 0.4 0 0 0.6000000000000001 0 2.2 0 0 0 0 0 0 0 0 0 0 0 0 0 0 0 0 0 0 0 2.4000000000000004 4.4 2.4000000000000004 6.800000000000001 0 1.4000000000000001 1.4000000000000001 0.2 2.2 3.8000000000000003 4.6000000000000005 1.6 0 0.2 0 6.6000000000000005 6.4 6.2 0 2 2.2 0 0 0 0 0 4.6000000000000005 0 0 0 0 0 2.6 0 0 0 3.2 0 6.800000000000001 0.2 0 0 0 0 1.2000000000000002 0 0 0 0 0 0 0 0 0.4 0 0 1.6 0 0 0 0 0 0 1.8 0.8 0 0 0 0 0 0 0 0 0 0 0.4 0 0 0.2 0 4.2 5 3 0.4 4.6000000000000005 0 7 1.8 4.800000000000001 4.4 4 1.4000000000000001 3.4000000000000004 8.200000000000001 0 0 1.4000000000000001 3.6 0 0.4 0 0 0 0 0 0 0 0 0 0 0 0 0 1.8 0 0 0 0 0 0 0 0 0 0 0 0 0 0 0 0 0 0 0 0.4 0 0 1.8 0 0 0 0 0 1.8 0 0 0 0 0 0 0 0 0 0 0 2.4000000000000004 0.4 0 0 22.400000000000002 0 0.4 0 0 0 0 0 0 0 0 0 0 0 0 0 0 0 0 0 0 8.8 0 0 0 0 0 0 0 0 0 0 
 0.4 0 0 0 0 29.8 0 0 0 0 0 0.2 1.2000000000000002 0 0 0 0 0 0.2 0 52 13.200000000000001 13.8 30.6 30.400000000000002 84.60000000000001 27.400000000000002 19.8 0 43.2 46.400000000000006 39 85.80000000000001 40.400000000000006 20.6 71.8 29 8.4 16.400000000000002 13.4 13.4 0 0 0.6000000000000001 0.6000000000000001 0 0 0 0.4 0 0 0 0 0 0 0.6000000000000001 0 0 0 12.600000000000001 0 0.4 0 0 0 0.4 0 0 0 0 0 0 0.4 0.4 0.4 0.6000000000000001 0 0 0.4 0 0 0 0 0 3.6 0 0 0 0 0 0 0 0 0 0 0 2.8000000000000003 0 0 0 3 0 2 0 1.6 2.8000000000000003 0 8.4 0 0 0 6.4 3.6 4 7.4 3 3.8000000000000003 13.200000000000001 0 1.8 1.6 0 0 0 0 4 0 0 0 0 0 0 7.6000000000000005 1 0 0 0 0 0 0.6000000000000001 0 0 0 0 0 0 0 0 0 0.2 0 0 0 0 0 0 0 0.2 0 0 0 0 0 0 0 0 0 0 0 0 0 0 0 0 0 0 0 0 0 0 2.4000000000000004 0 0.4 14.8 3 7.2 2.2 4 6 3.6 0 10 0 12.600000000000001 7.2 3 4 0 0 1.2000000000000002 0 0 0 0 0 0 2 0 0 0 0 0 6 5.4 0 0 0 0 7.6000000000000005 1.8 0 0 0 0 0 0 0 0 0 0 0 0 0 0 0 0 0 0 0 0 0 0 0 0 0 0 0 0 0 0 0 0 0 0.2 0.4 0.4 0.4 0 0 0 4 3.6 0.8 0 0 0 4.800000000000001 0 0 0 0 0 0 0 0 0 0 0 0 0 0 0.4 0 0 0 0 0 0 0 0 
 0.6000000000000001 0 0 0 0 12.600000000000001 0 0 0.2 0 0.2 0.4 0 0 0 15 0 0 0 0 6.4 4.800000000000001 51.2 39.400000000000006 66.8 8.4 25.200000000000003 15.600000000000001 43.2 0 30.8 14.600000000000001 65.4 63.2 57 26.6 35.4 8.8 32.800000000000004 66.60000000000001 0 0.6000000000000001 0 0.6000000000000001 0.8 0.4 4.4 0.8 0 0 1 0 0 0 0.4 0.6000000000000001 0.4 0.6000000000000001 0.2 0 0 0.4 0.6000000000000001 0.8 0 1 0 0 0 0.4 0 0 0 0.4 0.4 1 0 0.4 0.6000000000000001 0.4 0 0 0 0 0.6000000000000001 0 0 0 0 0.2 0 0 0 0 0 0 0 0 0 0 0.8 0 0 4.6000000000000005 0 3.6 0 0 1 6.800000000000001 4.2 3.2 0 0.2 2 3.8000000000000003 0 7.4 0 0 0 0 0 0 0 0 2 0 0 0 0 0 2.4000000000000004 4.6000000000000005 0 0 0 0 3.4000000000000004 3.8000000000000003 0 0 0 0 0 4.2 0 1.8 0 0.2 1.2000000000000002 0 0 0 0 0 0 0 0 0 0 0 0 0 0 0 0 0 0 0 0 0 2.8000000000000003 0 0 0 0 0 0 0 0 2.6 4 1.8 4 0 0 0 0 2.8000000000000003 11.4 5.2 0 1.4000000000000001 3 0 7 1.4000000000000001 0 0 1.6 0 0 0 0 0 3.8000000000000003 0 0 0 0 0 2 6.6000000000000005 5 8.4 0 0 11.4 0 0 0 0 0 0 0 0 0 0 0 0 0 0 0 0 0 0 0 0 0 0 2 0 0 0 0 0 0 0 0 0 0 0 0 1.8 0 0 15.600000000000001 0.4 0 0.6000000000000001 0 0 0 0 0 0 0 0 0 0 0 0 0 0 0 0 0 0 0 0 6.6000000000000005 0 0 0 2.4000000000000004 0.2 0 0 0 
 0 0 0 0 0 15.600000000000001 0 0.6000000000000001 0 0 0.6000000000000001 0.4 0 0 0 0 0 0 0.2 0 8 39 23.6 45.2 19.8 21.400000000000002 9.8 65.60000000000001 46.400000000000006 30.8 0 58.400000000000006 7 70 77.60000000000001 29.6 102.4 64.8 27.8 13.8 12.600000000000001 0 0 0.6000000000000001 0.6000000000000001 0 0 0 0 0 1.2000000000000002 0 0.2 13.4 13.8 0.6000000000000001 0 0 0.2 0 0 0.4 0 0 0 0.4 0 0 0 0 0 0 0 0.4 0.4 0.6000000000000001 0 0 0.4 0 0 0 0 0 0 0 0 0 0 0 0 0 0 0 0 0 0 0 0 0 0 0 1.8 3.6 1.6 0.2 0 14.600000000000001 2.4000000000000004 0 3.4000000000000004 6.6000000000000005 0 6.6000000000000005 2.2 12.600000000000001 1.4000000000000001 6 0 1.8 1.8 0 0 0 0 0 7 0 0 0 0 0 0 1.4000000000000001 0 0 0 0 3.8000000000000003 2.2 0 2.8000000000000003 0 0 0 0 0 0 0 0.4 0 0 0 0 0 0 0 0.2 0.4 0 0 0 0 0 0 0.4 0.8 1 0 0 0 0 0 0 0 0 0 0 0 0 0 2.4000000000000004 2 2.8000000000000003 4.2 0.6000000000000001 5.6000000000000005 3.6 5.2 4.4 4.4 7 0 3.2 0 7 2.6 0.4 0 2.6 2.6 0 0 0 0 0 0 0 0 0 0.4 0 0 4.6000000000000005 0 0 5.2 0 6.2 1.8 0 0 0 0 0 0 0 0 0 0 0 0 0 0 0 0 0 0 0 0 0 0 0 0 0 0 0 0 0 0 0 0 0 0 2.4000000000000004 0 0.4 25.200000000000003 15.200000000000001 0.2 1.4000000000000001 2.8000000000000003 0 0 0 0 3.2 0 0 0 0 0 0 0 0 0 0 0 0 0 0 0 0 0 0 0 0 0 0 0 
 0.4 0 0 0 0.4 0.6000000000000001 0 0.2 0 0 0 0 0 0 0 0.2 0 0 0.4 28.8 8.4 8.8 33.4 25.8 25.8 12.200000000000001 19.6 8.6 39 14.600000000000001 58.400000000000006 0 89.2 36.4 5.4 11.8 33.2 16.2 24.8 20.6 6.6000000000000005 0.2 21.8 0.6000000000000001 0.6000000000000001 0 0 0 0 0 0 0 0.8 0 0 0.4 1 3 0.4 3 0 0.4 0 0 0 0.4 0 0 0 0 0 0 0 0.4 0.4 0.4 0 0 0.6000000000000001 0 0 0 3.2 0 0 0 0 0 0 0 0 0 0 0 0 0 2.4000000000000004 0 0 0 0 0 0 0 0.2 0.2 0 2 0 4.800000000000001 0 7 0 0 0.2 0 2.2 1.4000000000000001 0 0 13.600000000000001 0 0 0 0 0 4.800000000000001 0 4.4 1 0.2 0 4.6000000000000005 1.4000000000000001 0.4 0 2 0 6.2 2.6 0 0 0 0 0 0 0 0 0 0.8 0 0 0 0 0 0 0 0 1.2000000000000002 0 0 0 0 0 0 0 0 0.4 0 0 0.4 0 0 0 0 0.4 0 0 0 1.6 0 1.8 0 7.2 5.800000000000001 0.2 0 3 0.2 2 2.4000000000000004 3.2 0 7.2 0 0 0 5 0 0 7.4 4.2 0.8 0 0 0 2.4000000000000004 0.4 3.6 2 0 0 1.8 11.8 4 6 0.2 0.2 6.2 4 0 0 0 0 0 0 0 0 0 0 0 0 0 0 0 0 0 0 0 0 0 0 1.6 0 0 0 0 0 0 0 0 0 0 0 3.2 0 0.2 20.6 1 0 6.2 3.2 0 0 0 0 0 0 0 0 4.6000000000000005 0 0 0 0 0 0 0 0 0 0 4.2 0 0 0 2.6 0 0 0 0 
