 0 65.4 16.2 74.60000000000001 44 15 63.2 68.60000000000001 6.6000000000000005 27.400000000000002 15 8.8 17.2 40.800000000000004 44.400000000000006 8.6 8.6 23.200000000000003 34 13.600000000000001 0.8 0.8 0 0 1.4000000000000001 1.6 0.4 0 0.2 0.2 0 0.2 0 0.4 0 0 1.2000000000000002 0 1.6 1.2000000000000002 0.4 0 0 0.4 0.4 0 0.6000000000000001 0 0 0.4 0 0 0.2 1 0.6000000000000001 0 0 0 0 0.6000000000000001 0 10 0.6000000000000001 0 0.6000000000000001 0 0.2 0 0.4 0.6000000000000001 0 1 1 8.8 1.2000000000000002 0.2 1.2000000000000002 0 0 0.6000000000000001 3.8000000000000003 2.8000000000000003 6.2 3.2 2.2 0 4.800000000000001 5.6000000000000005 2.8000000000000003 0 5.800000000000001 8.4 8.8 0.4 9.600000000000001 2 2.2 0 5.6000000000000005 5.4 0 0 0 0 0 0.2 0 0 0 0 0 0 0.4 0 0 0 0 0 0 0 0 0 0 0 0 0 0 0 0 0 0 0 0 0 0 0 0 0 0.2 0.4 0 0 0 0 0 0 0 0.6000000000000001 0 0 0 0 0 2.2 0 0.6000000000000001 0.6000000000000001 0 0 0 5 2.8000000000000003 16.400000000000002 3.4000000000000004 0.4 0 4.6000000000000005 3.2 2.4000000000000004 0 2 0.2 5.6000000000000005 1.8 1.8 2.2 2.2 8 0 0 0 0 0 0 0 0 0 0 0 0 0.2 0 0 0 0 0 0 0 0 0 0 0 0 0 0 0 3.2 0 0 0 0 0 0 0 0 0 0 0 0 0 0 0 0 0 0 0 0 0 0 0 0 0 0 0 0 0 0 0 0 0 0 3.4000000000000004 0 0 0 0.6000000000000001 19.6 0.2 0 0.2 0 1.2000000000000002 0 0 0 0 0.2 0 0 0 0 0 2.4000000000000004 0 0 0 2 0 0 0 0 0 0 0 0 3.6 0 0 0 0 0 0 0 0 0 0 0 0 0 0.4 
 65.4 0 92.80000000000001 12.8 73 10 58.400000000000006 19.6 45.400000000000006 53.6 15.4 23.400000000000002 41.400000000000006 68 57.2 70.2 7.2 42.800000000000004 7 5.6000000000000005 5.2 0.4 1.2000000000000002 0 0.6000000000000001 0.6000000000000001 0 1.2000000000000002 0 0.2 0 1.4000000000000001 0 0.2 0 0 0.6000000000000001 0 1.4000000000000001 0.4 0 0 0 0 13 1.2000000000000002 11 0 0 0 0 0 0.4 0.4 0 1.2000000000000002 1.2000000000000002 0 0 0 0 0.6000000000000001 0.6000000000000001 0.8 0.6000000000000001 0 0 0.6000000000000001 0 1.8 0 0.4 0.6000000000000001 0 0 0 0 0.8 0 0 2.8000000000000003 1.4000000000000001 3.2 6.2 6.2 0 4.2 4 7 3 13 8.6 2 9.4 11.600000000000001 8.4 0.4 3.8000000000000003 0 0 2.2 0 0 0 0.2 0 0 0 0 0 0 0 0 0 0 0 0 0 0 0 0 0 0 0 0 0 0 0 0 0 0 0 0 0 0 0 0 0 0 0 0 0 0 0 0 0 0 0 0 2.2 0 0.2 0 0 0 0.4 0 0 0 0 0 2 1.2000000000000002 1.2000000000000002 2 0 2.4000000000000004 0 4.4 3.8000000000000003 3.6 5.2 2.2 3.8000000000000003 4.4 3.8000000000000003 3.6 7.800000000000001 0.2 3.6 0 0.4 0.2 0 0.2 0 3.4000000000000004 2.4000000000000004 0 0 0 0 0 2 1.6 0 0 0 7.6000000000000005 4.6000000000000005 0 0 0 0 0 0 0 0 0 0 0 0 0 0 0 0.4 0 0.4 0 0 0.2 0 0 2.6 0 0 0.4 0 0 0 0 0.4 0 0 0 0 0 0 0 0 0 0 0 0 0 0 17.8 0 0.4 0 0.4 1.6 0 0 0 0 0 0 0 0 0 0 1.8 0 0 0 0 0 0 0 0 0 0 0.4 0 0 2.4000000000000004 0 0 0 0 0 0 2.4000000000000004 0 0 0 0 0 0 
 16.2 92.80000000000001 0 19.400000000000002 18.2 5.6000000000000005 110.60000000000001 106.60000000000001 22.8 54.2 13.4 42.400000000000006 33.800000000000004 12.600000000000001 15.200000000000001 39.2 47.2 37.2 9.8 47.2 0.4 0.4 0 0 0.6000000000000001 0.6000000000000001 0.4 0.4 0 0 0 0 0 0.2 0 0 0.6000000000000001 0.4 0.6000000000000001 0.6000000000000001 0 0 0 0 0.4 0 0 0 0 0.2 0 0 0 0.6000000000000001 0 0 0 0 0 0 0 0.4 0.6000000000000001 0 0.6000000000000001 0.2 0 0 0 0.6000000000000001 0 0.4 0.6000000000000001 0 0.4 0.4 0 0 0 0 3 5.800000000000001 0.4 0 6.2 0 0 2.4000000000000004 3.6 3 4.4 4.2 3 3.4000000000000004 0 7.800000000000001 1.4000000000000001 3 0 0 0 0 0 0.2 0 0 0 0 0 0 0 0 0 0 0 0 0 0 0 0 0 0 0 0 0 0 0 0 0.2 0 0 0 0 0 0 0 0 0 0 0 0 0 0 0 0 0 0 0 0 0 0 0 0 0 4.4 0 0 0 0 0 3 0 0 0 0 0 2.8000000000000003 0.4 2.6 2.4000000000000004 8.6 0.2 4.4 4.800000000000001 5 5.4 4.2 4.2 4.6000000000000005 0 0 0 0 0 0 0 2.4000000000000004 2.4000000000000004 0 0 0 0 0 0 0 0 0 0 2 0 0 0 0 0 0 0 0 0 0 0 0 0 0 0 0 0 0 0 0 0 1.8 0 0 0 0 0 0 0 0 0 0 0 0 0 0 0.2 0 0 0 0 0 0 0 0 0 0 0 0 0.2 0 0 0.4 0 2 0 0 0 0 0 0 0 0 0 0 0 0 0 0 0 0 0 0 0 0 0 0 0 0 0 0 0 0 0 0 0 0 0 0 0 0.2 
 74.60000000000001 12.8 19.400000000000002 0 36.2 99.2 15 54.6 61.400000000000006 22.200000000000003 94.80000000000001 110.60000000000001 9.4 13.4 11.8 24.400000000000002 7.4 33 14.200000000000001 12.4 0.4 0.4 0 0 0.8 0.6000000000000001 1 0 0 0.4 16 0 7.4 0.2 0 0 0.6000000000000001 0.2 7.6000000000000005 0.4 0 0 0 0 0.4 0 0 0 0 0 0 0 0 0.4 0 0 0.2 0 0 0 0 0.6000000000000001 0.6000000000000001 0 0.6000000000000001 0 0 0 0 0.6000000000000001 0 0.4 0.6000000000000001 0 0 0.4 0.2 0 0 0 0 5.4 7.2 2.4000000000000004 4.6000000000000005 3.4000000000000004 0 2.2 0 1.8 4.6000000000000005 4.6000000000000005 0 1.6 0 2.8000000000000003 4 0 0 0 0 0 0 0 5.800000000000001 0 0.2 7.800000000000001 0 0 0 0 6.2 0 0 0 0 0 0 2.8000000000000003 3.2 0 0 0 0 0 0 0 0 0 0 0 0 0 0 0 0 0 0 0 0 0 0 0 0 0 0 0 0 0 0 0 0 0 0 0 0 0 0 0 4.6000000000000005 0 0.2 4.800000000000001 0 0 0 0 1.8 4.800000000000001 1.6 1.8 3.4000000000000004 5.6000000000000005 2.8000000000000003 4.800000000000001 0 2.4000000000000004 0.6000000000000001 0 1.8 3.2 0 0 0 0 0 4 0 0 0 0 2 5.800000000000001 2.6 0 0 0 2 2.8000000000000003 0 0 0 0 0 0 0 0 0 0 0 0 0 0 0 0 0 0 0 0 0 0 0 0 0 0 0 0 0 0 0 0 0 0 0 0 0 0 0 0 0 0 0 0 0 0.8 21.200000000000003 0 0.4 1.4000000000000001 0.4 2.4000000000000004 3 0 0 0 0 0 0 0 0 0 0 0 0 0 0 0 0 0 0 0 8.6 0 0 2 0 0 0 0 0 0 0 0 0 0 0 0 0 0 
 44 73 18.2 36.2 0 17.400000000000002 11.200000000000001 22.400000000000002 74.8 23.8 70.60000000000001 60 15.200000000000001 30.8 22.8 34.2 24.200000000000003 49.800000000000004 16.400000000000002 11.8 0.4 0.8 12.8 0 0.6000000000000001 0.6000000000000001 16.6 15.200000000000001 0 0 0.4 0 15 0.2 0 15.4 0.6000000000000001 15 16 13.8 0 0 0 0 0.4 0 0 0 0 0 0 0 0 0.4 0 0 0 0 0 0 0 0.6000000000000001 0.6000000000000001 0 0.6000000000000001 0 0 0 0 0.8 0 0.4 0.6000000000000001 0 0 0 0 0 0 0 0 0 0 0 1.2000000000000002 5.4 0 3 0 0 7.4 2.8000000000000003 0 2 3.4000000000000004 0 0 0 0 0 2.8000000000000003 2.4000000000000004 5 0 0 0.4 0 3 0 0 0 0 3.8000000000000003 0 3.4000000000000004 0 0 3 0 2.8000000000000003 0 0 0 0 0 3 0 0 0 0 0 0 0 0 0 0 0 0 0.4 0.2 0 0 0 0 0 0.4 0 0 0 0 0 0 0 0 0 0 0 0 0 0 0 5.4 1.2000000000000002 3.8000000000000003 0 0 0.4 0.6000000000000001 6.6000000000000005 0 0 0 0 0 0 2.6 0 0 1.4000000000000001 0 0 2 0 0 0 0 0.2 4 0.2 0 0 0 0 0.4 4.2 0 0 0 0 2.4000000000000004 0 0 0 0 0 0 6 0 0 0 0 0 0.2 0 0 0 0 0 0 0 0 0 0 0 0 0 0 0 0 0 0 0 0 0 0 0 0 0 0 0 0 0 0 0 0 0.2 11 0.4 1.2000000000000002 0 0.2 1.4000000000000001 0 0 0 0 0 0 0 0 0.2 0 0.6000000000000001 0 0 0 0.8 0 0 0 0 0 0 0 0 2.6 2 0 0 0 0 2.4000000000000004 0 0 0 0 0 0 0 0.2 
 15 10 5.6000000000000005 99.2 17.400000000000002 0 5.800000000000001 15.200000000000001 8.6 28.200000000000003 37 47.6 16.2 14.200000000000001 10.8 18 31.8 12.200000000000001 10 7.4 0.4 0.4 0.6000000000000001 0 0.6000000000000001 0.6000000000000001 37.6 15.200000000000001 0 0.4 0 0.6000000000000001 14.600000000000001 14.600000000000001 0 0 0.6000000000000001 0 0.6000000000000001 15.200000000000001 0 0 0 8.6 0.4 0.6000000000000001 0 0 0 0.2 0.8 0 0 0.6000000000000001 0 0.6000000000000001 6.2 0 0 12.600000000000001 0 0.4 0.6000000000000001 0.4 0.6000000000000001 0 0 0.2 0 1.2000000000000002 0 0.4 0.4 0 0 0 0.6000000000000001 0.4 0 8.4 0 0 0 4.4 0.2 8.200000000000001 0 0 0 9 0 0 0 0.6000000000000001 0 0.2 3.4000000000000004 1.4000000000000001 0 0 2.8000000000000003 0 1.4000000000000001 0 0 2 2 3.8000000000000003 0 0 0.4 0 3.4000000000000004 3.2 0 0 0 0 6 5.6000000000000005 0 0 0 0 0 0 0 0 0 0 0.4 0 0 0 0 0 0 0 0 0.6000000000000001 0 0 0 0 0 0 0 0 0 0 0 0 0 0 0 1 0 0.4 0 0.2 0 2.4000000000000004 0 0 4.800000000000001 15 0 0 0 0 0 5 0 5.2 2.2 0 0 0 0 0 4.800000000000001 4.2 0 0 0 0.4 1.8 2.2 0 0 0 0 0 0.8 0.2 3 0.2 0 4 4.6000000000000005 0 0 0 0 0 0 0 0 0 0 0.4 0 0 0 0 0 0 0 0 0 0 0 0 0 0 0 0 0 0 0 0 0 0 0 0 0 0 0 0 0 0 3 0 0 0.4 0.4 1.8 0 0.2 18.400000000000002 0 0.6000000000000001 0 0 0 0 0 0 0 0 0 0 0 0 0 0 0.2 0 0 0 0 0 0 0 0 0 2.2 1.2000000000000002 0 0 0 0 0 0 0 0 0 0 0 0 
 63.2 58.400000000000006 110.60000000000001 15 11.200000000000001 5.800000000000001 0 35 73.4 26.200000000000003 6.6000000000000005 44.2 40 36.800000000000004 7.2 25 27.200000000000003 8.8 24.200000000000003 10.200000000000001 1.8 0.4 0 0 1.4000000000000001 15.4 0.4 0 0.8 0.2 0 2.2 0 0.2 0.2 0.4 0.6000000000000001 0.4 1 1.2000000000000002 0 0 0 0 0.4 0 0 0 0 0 19 0 7.2 0.4 0.8 6.2 0 0 0 0 0 0.6000000000000001 0.6000000000000001 0 0.6000000000000001 0 0 0 0 0.6000000000000001 1.4000000000000001 0.4 0.6000000000000001 0 0 0.4 0 0 0 0.6000000000000001 5 3.6 2.4000000000000004 0 0 0 5 4.2 6.4 5.6000000000000005 8 0 0 2 3 7.2 3.6 2.4000000000000004 2.2 4.6000000000000005 0 0 0 0.4 0 0 0 0 0 0 0 0 0.4 0 0 0 0 0 0 0 0 0 0 0 0 0 0 0 0 0 0 0 0 0 0 0 0.2 0 0 0 0 0 0 0 0 0 0 0 4.6000000000000005 0 0 0 0 0 0 0.6000000000000001 0.6000000000000001 0 0 0 13.4 0 0 7 0 0 3 0 3.8000000000000003 2 0.2 2 4 8.4 1.8 3 3.6 0.2 2 3 0 0 0 0 0 0 0 0 0 0 0 0 2.8000000000000003 0 0 0 0 0 0 0 0 0 0 0 0 0 3 0 0 0 0 0 0 0 0 0 0 0 0 0 0 0 0 0 0 0 0 0 0 0 0 0 0 0 0 0 0 0 0 0 0 0 0 0 0 0 0 0.2 0.8 0.2 0 1.6 2.6 0 0 0 0 0 0 0 0 0 0 0 0 0 0 0 0 0 0 0 0 0 0 0 0 0 0 0 0 0 0 0 0 0 0 0 0 0 
 68.60000000000001 19.6 106.60000000000001 54.6 22.400000000000002 15.200000000000001 35 0 122.2 51 4.2 91.60000000000001 26.400000000000002 52.400000000000006 22.400000000000002 37.4 35.4 25.6 61.6 28.6 0.4 0.4 0 0 1 0.8 0 0 0.2 0 0 0.2 0 0.4 0.4 0 0.6000000000000001 15.4 0.6000000000000001 0.4 0 0 0 0 0.4 0 0 0 0 0.2 0 0 0 0.6000000000000001 0 0 0 0 0 0 0 0.4 0.6000000000000001 0 0.6000000000000001 0 0 0 0 0.6000000000000001 0 0.4 0.2 0 0 0 0 0 0 0.8 2.2 0 0 0 6.800000000000001 2.4000000000000004 3.6 0 5.4 0 1.6 0 0.2 0 1.8 1.4000000000000001 0 1.8 4.4 4.4 0 0 0 0 0.4 0 0 0 0 0 0 0 0 0 0 0 0 0 0 0 0 0 0 0 0 0 0 0 0 0 0 0 2.4000000000000004 0 0 0 0 0 0 0 0 0 0 0 0 0 0 0 0 0 0 0.4 0 0 0 0.8 0.2 0 0.4 0 0 2.2 0 0 0 0 5 4.2 4 0 0 0 4 2.8000000000000003 0 4 2.8000000000000003 2 6 1.8 0 0 0 2.6 0 0 0 0 0 0 0.2 0 0.2 0 0 0 0 0 0 0 0 0 0 0 0 0 0 3.6 0 0 0 0 0 0 0 0 0 0 0 0 0.2 0 0 0 0 0 0 0 0 0 0 0 0 0 0 0 0 0.6000000000000001 0 0 0 0 0 0 0 0.4 0 0 1 0.2 0.2 1.8 0 0 0 0 0 0 0 0 0 0 0 0 0 0 0 0 0 0 0 0 0 0 0 0.2 5.800000000000001 0 0 0 0 0 0 0 0 0 0 0 0 0 
 6.6000000000000005 45.400000000000006 22.8 61.400000000000006 74.8 8.6 73.4 122.2 0 95.4 10.200000000000001 40.400000000000006 35.6 22 58 47.800000000000004 32.4 23.6 22 53.400000000000006 0.4 0.4 0 0 1.2000000000000002 0.6000000000000001 0 0 0 0 0 0 0 0 0 0 0.6000000000000001 0 0.6000000000000001 0.4 0 0.4 0 0 0.4 0 5.4 7.2 0 0.4 0 0 0 0.6000000000000001 0 0 0 0.6000000000000001 0 0.6000000000000001 0 1.2000000000000002 0.6000000000000001 0 0.4 0 0 0 0 0.6000000000000001 0 0.8 0.8 0.8 0.6000000000000001 3.2 0 0.6000000000000001 0 0.8 0 6.6000000000000005 2.2 0 1.8 2.2 8.6 2 0 1.8 0.8 2 2.6 7.4 0 7.4 4.800000000000001 0.4 0 0.4 0 0 0 0 0 0 0 0 0 0 2.4000000000000004 0 0.2 0 0 0 0.4 0 0 0 0 0 0 0 0 0 0 0 0 0 0 0 0 0 0 0 0 0 0 0.2 0 0 0 0 0 0 0 0 0 0 0 0 0 0 0 0 0 0 0 0 2.2 0 0 4.4 2.8000000000000003 0 3.4000000000000004 0.2 2.2 1.4000000000000001 4 2.2 2.2 4.2 2.2 6.2 4 0 1.6 0.2 0 0 0 0 0 0 0 0 0 0 0 0.2 0 0 0 0 0 0 3.4000000000000004 0 0 0 0.2 0 0 0 0 0 0 0 0 0 0 2 0 0 0 0 0 0 0 0 0 0 0 0 0 0 0 0 0 0 0 0 0 0 0 0 0 0 0 0 0 0 0 0.4 0 0.4 0.4 0.4 0.4 2.4000000000000004 3.4000000000000004 0 0 0 0 0 0 0 0 0 0 0 0 0 0 0 0 0 0 2.4000000000000004 0 0 0 0 4.6000000000000005 0 0 0 0 0 0 0 0 0 0 0 0 0 
 27.400000000000002 53.6 54.2 22.200000000000003 23.8 28.200000000000003 26.200000000000003 51 95.4 0 34.2 73.8 10 78 20.6 34 42.6 22.200000000000003 17 56.800000000000004 0.4 0.4 0 0 0.6000000000000001 0.6000000000000001 19.400000000000002 0 0 0 0 0 0 0.4 0 0.2 0.6000000000000001 0 15.4 8 0 0 0 12.600000000000001 0.4 0 0 0 0 0.2 0 0 0 0.6000000000000001 0 0 0 0.4 0 0.8 0 0.4 0.6000000000000001 0 0.6000000000000001 0 0 0 0 0.6000000000000001 0 0.4 0.4 0 0 0 0 0 0 0 0 0.2 2 10.600000000000001 5.6000000000000005 3.2 2.4000000000000004 3 2 2.8000000000000003 5.4 3.4000000000000004 0 4.2 7.4 3 4 8.6 0 0 5.800000000000001 0 0 0 0 0 0 0 0 0 0 0.2 0 0.2 0 0 0.2 0 1.6 3 0 0 0 0 0 0 0 0 0 0 0 0 0 0 0.4 0 0 0 0 0 0 0 0 0 0 0 0 0 0 0 0 1.6 0 0 0 0 0 0 0 0 0 6 5 2.8000000000000003 4.800000000000001 4.800000000000001 0 0.6000000000000001 2.6 2.2 7.800000000000001 7.800000000000001 0 2 2.6 2 0 2.2 0 2.8000000000000003 3 0.2 0 0 0 0 4.2 0.8 0 0 0 0 0 0 2.8000000000000003 1 0 0 0.2 5.6000000000000005 0 0 0.4 0 0 0 0 0 0 0 0 0 0 0 0 0 0 0 2.2 0 0 0 0 0 0 0 0 0 0 0 0 0 0 0 0 0 0 0 0 0 0 0 0 0 0 0.6000000000000001 4.2 0 0 0.4 0.4 0 0 0 0 0 0 0 0 0 0 0 5 0 0 0 0 0 0 0 0 0 0 0 0 0 2.4000000000000004 1.8 0 0 0 0 0 0 0 0 0 0 0 0 
 15 15.4 13.4 94.80000000000001 70.60000000000001 37 6.6000000000000005 4.2 10.200000000000001 34.2 0 74.4 6.6000000000000005 10.8 79.2 34.2 37.800000000000004 9 4.4 29.8 0.4 0.4 0 0 0.6000000000000001 0.6000000000000001 1 0.4 0 0 0 0 23.400000000000002 0.6000000000000001 0 0 0.6000000000000001 0.2 26.200000000000003 0.6000000000000001 0 0 0 0 0.4 0 0 0 0 0.2 0 0 0 0.6000000000000001 0 0 0 0 0 0 0 0.6000000000000001 0.6000000000000001 0 0.6000000000000001 0 0 0 0 0.6000000000000001 0 0.4 10.8 0 0 0.4 0.2 0 0 0 0 0 3 2.4000000000000004 5.2 0.2 0.6000000000000001 6.2 0 2 12.8 10.200000000000001 0 2.4000000000000004 2.8000000000000003 5.2 0.2 0 0 0 0 0 0 0.2 0 0 3.4000000000000004 6 0 0 0 0 10 0 0.2 0 0 0 6.2 4.2 0 0 0 0 0 0 0 0 0 0 0 2.2 0 0 0 0 0 0 0 0 0 0 0 0 0 0 0 0 0 0 1.4000000000000001 0 0.4 0 0 0 0 0 0 0 0 0 1.6 1.8 0 2.8000000000000003 0 0 3 5.4 9.600000000000001 0.2 1.8 0 2 2.6 1.4000000000000001 3.8000000000000003 0 0 2.4000000000000004 5 0 0 0 0 2.4000000000000004 2.4000000000000004 0 0 0 0 3 5.2 3.4000000000000004 0 0 0 4 4.4 0 0 0 0 0 0 0 0 0 0 0 0 0 0 0 0 0 0 0 0 0 0 0 0 0 0 0 0 0 0 0 0 0 0 0 0 0 0 0 0 0 0 0 0 0 0 37.2 0 21 0.4 3.4000000000000004 0.8 0 0 0 0 0 0 0 0 0 0 2 0 0 0 0 0 0 0 0 0 0 0 0 3 0 0 0 0 0 0 0 0 0 0 0 0 0 0 
 8.8 23.400000000000002 42.400000000000006 110.60000000000001 60 47.6 44.2 91.60000000000001 40.400000000000006 73.8 74.4 0 20.200000000000003 7 7.800000000000001 12 17.400000000000002 16.400000000000002 6.6000000000000005 6.800000000000001 0.6000000000000001 0.4 0 0 0.8 0.6000000000000001 7.2 15.4 0 0 0 0 0 0.4 0 0 0.6000000000000001 0 16 15.4 0 0 0 0 0.4 0 0 0 0 0 0 12.600000000000001 0 0.4 9 0 0 0 0 0 0 0.6000000000000001 0.6000000000000001 0.4 0.6000000000000001 0 0 0 0 0.6000000000000001 0 0.4 1 0 0 0.4 0 0.2 0 0 0 3.2 4.4 3.8000000000000003 9.600000000000001 6.800000000000001 0 2.2 0 4.6000000000000005 0.2 6.6000000000000005 0 1.6 0 1.6 8.6 0 0.4 0.2 2 1.2000000000000002 0 0 0 0 7.2 3.6 0 0.2 0 0 2.2 1.2000000000000002 0.2 0 0 0 1.2000000000000002 0 0 0 0 0 0.2 0 0 0 0 0 0 0 0 0 0 0 0 0 0 0 0 0 0 0 0 0 0 0 0 0 0 0 0 0 0 0 0 0 0 0 5 0 0 0 1.4000000000000001 0 0 0 0 4.4 3.6 2.4000000000000004 2 2 3 5 2.2 3.8000000000000003 1.4000000000000001 0 4.6000000000000005 2.4000000000000004 0 0 0 0 0 5.4 8.8 0 0 0 4.4 8.6 4.4 0 0 0 2.6 5.800000000000001 0 0 0 0 0 0 0 0 0 0.4 0 0 0 0 0 0 0 0 0 0 0 0 0 0.2 0 0 0 0.2 0 0 0 0 0 0 0 0 0 0 0 0 0 0 0 0 0 0.6000000000000001 17.8 0 0.4 0.2 0.2 1.6 0.4 0 0 0 0 0 0 0 0 0 0 0 0 0 0 0 0 0 0 0 0 0 0 0.2 0.2 0 0 0 0 0 0 0 0 0.8 0 0 0 0 
 17.2 41.400000000000006 33.800000000000004 9.4 15.200000000000001 16.2 40 26.400000000000002 35.6 10 6.6000000000000005 20.200000000000003 0 75.60000000000001 9 68 6 43 59.2 14.4 4.4 0.4 0 0 16.6 1.2000000000000002 0.6000000000000001 0 0 0 0 0.2 0 1 0 0 0.6000000000000001 0.4 0.6000000000000001 0.8 0 0 0.6000000000000001 0 0.4 0 0 0 0 0.6000000000000001 0 0 0 0.6000000000000001 0.4 0 0.4 0 0 0.2 0 1.4000000000000001 0.6000000000000001 0 7.6000000000000005 0 0 0.4 0 0.6000000000000001 0.2 0.4 0 0 0 0 0 0 0 0 7.800000000000001 0 0 1.8 1.4000000000000001 0 3.6 3.2 0.6000000000000001 2.6 2.8000000000000003 3 0.2 0 3.8000000000000003 3 0 2 8.200000000000001 2.8000000000000003 0 0.4 0 0 0 0 0 0 0 0 0 0 0.2 0 0 0 0 0 3.6 0 0 0 0 0 0 2.8000000000000003 0.4 0 0 0 0 0 0 0 0 0 0.2 0 0 0 0 0 0 0 0 0 0 0 0 0 0 0 0 0 0 7.2 1 0 0.4 0 5.4 0 0 0 2 0 0 0 0.4 1.8 0 3.8000000000000003 0 0 3.4000000000000004 1 0.2 2 1.2000000000000002 4.800000000000001 0 0 0 0 0 0 0 0 0 0 0.2 0 0.2 0 0 0 0 0 0 0 0 0 0 0.4 0 0 0 0 0 0 0 0 0 0 0 0 0 0 0 0 0.2 0 0 0 0 0 0 0 0 0 0 0 0 0 0 0 0 0 0 0 0 0 0 0 0 0 0.2 0 0 0 0.4 1 0 0 0 0 0 0 0 0 0 0 0 0 0 0 0 0 0 0 0 0 0 0 0 0 2 0 0 0 0 0 0 0 0 0 0 0 0 0 
 40.800000000000004 68 12.600000000000001 13.4 30.8 14.200000000000001 36.800000000000004 52.400000000000006 22 78 10.8 7 75.60000000000001 0 35.2 71.4 116.80000000000001 25 81.80000000000001 19.6 0.4 0.4 0 0 0.8 5.6000000000000005 0 0 0 0 0.4 14.600000000000001 0 0 0.4 0 0.6000000000000001 0 0.6000000000000001 0.4 0.4 0 0 0 0.4 0 0 0 0 0.4 0 13 0 0.6000000000000001 0 0 0 0 0 0 0 0.4 0.6000000000000001 0 0.4 0 0 0 0 0.6000000000000001 0 0.4 0.2 0 0.2 0 0 0 0 0 1.8 2 2.2 2.4000000000000004 3.2 4.2 10.600000000000001 5.2 1.2000000000000002 2.4000000000000004 4.6000000000000005 0 6.2 0 5 4.2 6 0.4 5.6000000000000005 12.4 0 0 0 0 0 0 0 0 0 0 0 0 5.6000000000000005 0 0 0 0 0 0 0 0 0 0 0 0 0 0 2.2 0 0 0 0 0 0 0 0 0 0 0 0 0 0 0 0 0 0 0 0 0 0 0 0 0 0.4 0 1.8 1 0 0 0 1 0 3.4000000000000004 2.2 3 0 10.200000000000001 0 3.2 0 0 1.8 0 4 1 6.4 5.6000000000000005 0.2 0.4 5.4 0 0 0.4 0 0.4 0 0.2 0 0 2.4000000000000004 0 0 0 0 0 0 0 0 0 0 0.4 0 0 2.2 0 0 0 0 0 0 0 0 0 0 0 0.2 0 0.2 0 0 0 0 0 0 0 0 0.2 0.4 0 0 0 0.2 0.4 0 0 0 0 0 0 0 0 0 0 0 0 0.6000000000000001 0 0 0 9.8 0 0.4 3.2 0 0 0 0 0 0 0 0 0 0 0 0 0 0 0 0 0 0 0 0 0.2 0 2.8000000000000003 1.2000000000000002 0 0 0 0 0 0 1 0 0 0 0 0 0 
 44.400000000000006 57.2 15.200000000000001 11.8 22.8 10.8 7.2 22.400000000000002 58 20.6 79.2 7.800000000000001 9 35.2 0 36.4 10.4 44.800000000000004 14.600000000000001 21.200000000000003 1.4000000000000001 0.4 0 0 1 1.4000000000000001 0.2 0.2 0 0.2 0 0 0 0.4 0 0.6000000000000001 0.6000000000000001 0 16.400000000000002 0.8 0 0 0 0 0.4 0 0 0 0 0.4 0 0 0 0.6000000000000001 0 0 0 0.4 0.4 0 0 0.4 1 0 0.6000000000000001 0.4 0 0 0 1.2000000000000002 0 0.6000000000000001 0.2 0 0 0 0 0 0 0.4 0 1.8 6 2.6 1.6 0 6 2.6 2.2 0.2 5.2 4.4 1.4000000000000001 21 10.8 8.4 2.2 2.6 0 2 2.4000000000000004 0 0 0 0 0 0 0 0 0 0 0 0 0 0 0 0 1.4000000000000001 0 0 0 0 0 1.2000000000000002 0 0 0 0.2 0 0 0 0 0 0 3.8000000000000003 0 0 0 0 2 0 2 0 0 0 0 0 0 0 0 0 0 0 0 0 0 0 0 0 0 0 4.2 7 9.600000000000001 2.2 0.2 3 2.4000000000000004 10 1.8 0 4 2 0 9.200000000000001 1.2000000000000002 0.2 3.2 0.6000000000000001 3 0 0.2 0 0 0 0 3.8000000000000003 0 0 0 0 0 0 0 3 0 0 0 3.4000000000000004 3.8000000000000003 0 0 0 0 0 0.4 0 0 0 2.2 0 0 0 0 0 0 0.2 0 0 0 0 0 0 0 0 0.4 0 0 0.2 0 0 0 0 0 0 0 0 0 0 0 0 0 0 0 0 0 1.6 0 0 1 0 0.4 0.2 0 0 0 0 0 0 0 0 0 3 0 0 0 0 0 0 0 0 0 0 0 0 0.6000000000000001 4.800000000000001 0 0 0 0 0 0 0 0 0 0 0 0 0 
 8.6 70.2 39.2 24.400000000000002 34.2 18 25 37.4 47.800000000000004 34 34.2 12 68 71.4 36.4 0 31 10.4 49.2 12.600000000000001 0.4 1.8 0 0.8 0.8 0.8 0 0 0 0.6000000000000001 0 0 0 0.2 0.6000000000000001 0.6000000000000001 0.6000000000000001 14.8 0.6000000000000001 0.4 0 0 0.6000000000000001 0.6000000000000001 0.4 0 0 0 0 0.2 0 0 0.6000000000000001 0.6000000000000001 0.8 0.2 0 0 0 0 0 0.4 0.6000000000000001 0 0.6000000000000001 0 0 0 0 0.6000000000000001 0 0.4 0.4 0.2 0 0.4 0 0 0 0 3.2 3.4000000000000004 4 2.4000000000000004 4.2 0.8 0 3 4.800000000000001 9.200000000000001 2.8000000000000003 4 3.2 4.800000000000001 0.6000000000000001 4 0 1.6 0 0 1.8 0 0 0 0 0 0 0 0 0 0 0 0 0 0 0 0 0 2.8000000000000003 0.2 0 0 0 0 0 0 0 0 0 0 0 0 0 0 0.2 0 0 0 0 0.2 0.2 0 0 0.4 0 0 0 0 0 0 0 0 0 0 0 0 0.4 0 0 0 0 3.4000000000000004 0 0 0 0 2.8000000000000003 0 4.6000000000000005 2 2.6 3.2 2.4000000000000004 1.6 0.4 25 3 5.6000000000000005 1.8 0 0 0 0 0 0 0 0.6000000000000001 1 0 0 0 0 0 2.4000000000000004 2.8000000000000003 0 0 0 0 9.4 0 0 0 0 0 0 0 0 0 0 0 0 0 0 0 0 0 0 0 0 0 0 0 0 2 0 0 0 0 0 0 0 0 0 0.2 0 0.2 0 0 0 0 3.4000000000000004 0 0 0 0 0.2 0 0.4 0 0.6000000000000001 2.4000000000000004 0 0 0 0 0 0 0 0 0.8 0 0 0 0 0 0 0 0.2 0 0 0 0 0.4 0 0 2.6 0 0 0 0 0 0 0 0 0 0 0 0 0 
 8.6 7.2 47.2 7.4 24.200000000000003 31.8 27.200000000000003 35.4 32.4 42.6 37.800000000000004 17.400000000000002 6 116.80000000000001 10.4 31 0 46.6 12.200000000000001 2.2 0.4 0.4 0.4 0 0.8 0.6000000000000001 7.6000000000000005 0 0 4.6000000000000005 0 0 14.4 0.4 0 0 0.6000000000000001 0 0.6000000000000001 0.4 0 0 0 0 0.4 0 0 0 0 0.2 0 0 9.200000000000001 0.6000000000000001 0 0 0 0 0 0 0 0.4 0.6000000000000001 0 0.6000000000000001 0 0 0 0 0.6000000000000001 0 0.4 0.4 0 0 0 0 0 0 0 0 2.6 2.2 5 0.2 4.6000000000000005 8 0 4.4 2.8000000000000003 0.2 0 3.8000000000000003 0 3.2 2 5.6000000000000005 4 2 2.6 2 0 0 0 0 0 0 0 0 0 2.8000000000000003 0 8.8 0 0 0 0.4 0 1.2000000000000002 0 0 0 0 0 0 0 0 0 0 0 0 0 0 0 2.8000000000000003 0 0 0 0 0 0 0 0 0 0 0 0 0 0 0 0 0 0 0 0 0 0 0 0 0 0.4 0 4 2.4000000000000004 1.6 0 2.4000000000000004 0 4.2 2.8000000000000003 0.4 6.6000000000000005 0 4.4 0.2 7.2 7.4 0.4 2 2.4000000000000004 2.6 0 0 0 0 0 0 0 0 0 0 0 0 3.2 0 0 0 0 0 2 0 0 0.2 0 0 0 0 0 0 0 0 0 0 0 0 0 0 0 0 0 0 0 0 0 0 0 0 0 0 0 0 0 0 0 0 0 0 0 0 0 0 0 0 0 0 0.4 18.400000000000002 0 16.8 8.4 2.8000000000000003 4 3.4000000000000004 0 0 0 0 0 0 0 0 0 0 0 0 0 0 0 0 0 0 0 0 0 0 3 0 0.8 0 0 0 0 0 0 0 0 0 0 0 0 
 23.200000000000003 42.800000000000004 37.2 33 49.800000000000004 12.200000000000001 8.8 25.6 23.6 22.200000000000003 9 16.400000000000002 43 25 44.800000000000004 10.4 46.6 0 6.2 5.2 0.4 0.4 0 0 1 0.6000000000000001 1.4000000000000001 0.2 0 0.6000000000000001 0 0 0 0.2 0 0 1 0 1 0.4 0 0 0 0 8.6 0.4 0.6000000000000001 0.4 0 0 0 0 0.6000000000000001 1 0.6000000000000001 0 0 0 0.4 0.4 0 1.2000000000000002 0.6000000000000001 0 0.6000000000000001 0 0 0 0 1 0 0.8 0.6000000000000001 0.2 0.2 0 0 0 0 0 3.4000000000000004 6.800000000000001 5 2 2 0 5.6000000000000005 0 0 2.6 0 7.800000000000001 6.6000000000000005 17 3.2 4.2 8.200000000000001 6 0 2.4000000000000004 0 0 0 0 0 0 0 0 0 0 0 0 3.2 0 0 0 0 0 0 0 0 1.8 0 0 0 0 0 0 0 0 0 0 0 0 0 0 0 0 0 0.2 0 0 0 0 0 0 0 0 0 0 0 0 0 0 0 0 0 0 0 0 3.4000000000000004 0 2 8.6 3.4000000000000004 0 3 3.8000000000000003 0.2 0.2 5.2 10.600000000000001 2 1.8 2.6 2.6 5.6000000000000005 12.600000000000001 1.4000000000000001 5.4 0 0 0 0 0 0 0 0 0 0 0 0 0 0 0 0 0 0 3.4000000000000004 0 0 0 0 0 0 0 0 0 0 0 0 0 0 0 0 0 0 0 0 0 0 0 0 0 0 0 0 0 0 0 0 0 0 0 0 0 0 0.6000000000000001 0 0 0 0 0 0 0 0.2 0.8 0 0.2 17 0 0 0.4 0 0 0 0 0 0 0.2 0 0 0 0 0 0 0 0 0 0 0 0 0.2 0 0 4.6000000000000005 0 0 0 0 0 0 0 0 0 0 0 0 0 0 
 34 7 9.8 14.200000000000001 16.400000000000002 10 24.200000000000003 61.6 22 17 4.4 6.6000000000000005 59.2 81.80000000000001 14.600000000000001 49.2 12.200000000000001 6.2 0 42 1.4000000000000001 1.4000000000000001 0.4 0 1.4000000000000001 1.2000000000000002 0 0.8 0.4 0 0 0 5.6000000000000005 1 0.6000000000000001 0.6000000000000001 0.6000000000000001 0 1 0.6000000000000001 0 0.4 0.4 1 0.4 0.8 0.6000000000000001 0.2 0 0.8 13.200000000000001 0.4 0 0.6000000000000001 0.6000000000000001 0.4 0.2 0.4 0 0.4 0.2 0.4 1 0 1.4000000000000001 0.2 0.4 9 0 0.6000000000000001 0.8 2 0.2 0 0 0.6000000000000001 1 1.4000000000000001 0 2.2 6 0 1.8 0 0.2 0 2.8000000000000003 5.800000000000001 5.4 0 0 0 2.8000000000000003 0 2.2 0 2.8000000000000003 0 6.800000000000001 0.4 2.2 0 0 0 0 0 0 0 0 0 0 0 0 0 0 0 0 0 0 0 0 0 0 0 0 0 0 0 0 0 0 0 0 0 0 0 0 0 0 0.2 0 0 0 0 0 0 0 0 0 0 0 0 0 1.6 0 2.2 0.4 0 0 0 1.4000000000000001 0 5.2 0 0.4 0 2.2 7.6000000000000005 0 0 0 0 4 2.4000000000000004 2.2 0 0 3 2.8000000000000003 1 0 0 0 0 0 0 0 0 0 0 0 0 0 0.2 0 0 0 0 0 0 0 0 0 0 0 0 2.8000000000000003 0 0 0 0 0 0.4 0 0 0 0 2.8000000000000003 0 0 0 0 0 0 0 0 0 0 0 0 0 0 2.8000000000000003 0 0 0 0 0 0.2 0 0 0 0 0 0 0 0 0 0.6000000000000001 0 0 2 0 0 0 0 0 0 0 0 17 0 0 0 0 0.4 0 0 0 0 0 0 0 0 0 0 0 0 0 0 0 0 0 0 0 0 0 0 0 0 
 13.600000000000001 5.6000000000000005 47.2 12.4 11.8 7.4 10.200000000000001 28.6 53.400000000000006 56.800000000000004 29.8 6.800000000000001 14.4 19.6 21.200000000000003 12.600000000000001 2.2 5.2 42 0 0.4 0.4 0 0 1 0.8 0.2 0.2 0 0 0 0 0 0 0 1.2000000000000002 0.6000000000000001 0 1 0.4 0 0 0 0 0.4 0 0 0 0 0.6000000000000001 0 0 0 0.6000000000000001 0 0 0 0 0.4 0 0 0.8 0.6000000000000001 0 0.4 0 0 0 0 0.6000000000000001 0.2 0.4 0 0 0 0 0 0 0 0 5 0 1.6 0 0 0 0 0.2 3 0 0 0 2 0 0 0 2.8000000000000003 0 6.800000000000001 0 0 0 0 0 0 0 0 0 0 0 0 0 0 0 0 0 0 0 0 0 0 0 0 0 0 0 0 0 0 0 0 0 0 0 0 0 0 0 0 0 0 0 0 0 1 0 0 0 0 0 0 0 0 0 0 0 0 0 0 0 5.6000000000000005 0 2.2 0 0 0 2 6 0 0 0 0 3.2 2 0.2 0 0 0 4.4 4.4 0 2 0 0 0 0 0 0 0 0 1.8 0 0 0 0 0 0 0 0 0 0 0 0 0 0 0 2.8000000000000003 0 0 0 0 0 0 0 2.8000000000000003 0 0 0 0 0 0 0 0 0 0 0 0 0 0 0 0 0 0 0 0 0 0 0 0 0 0 0 0 0 0 0.6000000000000001 0 0 0 0 0 2.4000000000000004 0 0 0 0 0 0 0 0 0 0 0 0 0 0 0 0 0 0 0 0 0 0 0 0 0 0 0 0 0 0 0 0 0 0 0 0 0 0 
 0.8 5.2 0.4 0.4 0.4 0.4 1.8 0.4 0.4 0.4 0.4 0.6000000000000001 4.4 0.4 1.4000000000000001 0.4 0.4 0.4 1.4000000000000001 0.4 0 59.6 22.400000000000002 10.200000000000001 7 22.8 59.800000000000004 74.8 24.6 22.8 17.2 59.400000000000006 13.600000000000001 20.400000000000002 71 27 39.800000000000004 35.2 35.2 38.2 0 0 1 0.4 0.6000000000000001 0 8.4 0 0 0 0 2 0 0 0 0 0 0.6000000000000001 0 1 0 0 0 0 0 0 0 0 0 0.2 0 0 0 0 0 0.6000000000000001 0.8 0 0 0 0 0 0 0 0 0 0 0 0.2 0.2 0 0 0.2 0 0 0 0 0 0.2 0 3.6 4.800000000000001 2.4000000000000004 0.2 2.6 7.2 23.8 2 3.2 5.800000000000001 1.4000000000000001 3.8000000000000003 3.8000000000000003 2.6 4 9.4 2.4000000000000004 2.4000000000000004 0.2 0 0 0 0.4 0 0 0 0 0 0 0 0 0 0 0 0 0 0 0 3.2 0 0 0 0 0 0 0.6000000000000001 0 0 0 0 0 0 0 0 1 0 0 0 0 0 0 0 0 0 0 0 0 0 0.8 0 0.2 0 0 0 0 0 0.2 0 0 0 2.2 0.4 12.200000000000001 0.6000000000000001 4.4 0 3.8000000000000003 2.8000000000000003 10.600000000000001 3.2 0 3 0.4 7.2 2.2 5 2.6 2.2 5.4 0 0 0 0 0 0 0 0 0 0 0 0 0 0 0 0 0 0 0 2 0 0 0 0.4 0 0 0 0 0 0 0 0 0 0 0 0 0 0 0 0 0 0 0 0 0 0 0 0 0 0 0 0 0 0 0 1.2000000000000002 0.4 0 15.200000000000001 0.2 0 0.4 0 0.2 0 0 0 0 0 0 0 0 0 0 0 0 0 0 0 0 0 0 1.4000000000000001 0 0 0 0 4.4 0 0 0 
 0.8 0.4 0.4 0.4 0.8 0.4 0.4 0.4 0.4 0.4 0.4 0.4 0.4 0.4 0.4 1.8 0.4 0.4 1.4000000000000001 0.4 59.6 0 41.400000000000006 17 51 69.8 27 22.200000000000003 55.2 24.8 37.2 28.6 22.400000000000002 27.8 85.80000000000001 49.800000000000004 74.8 33.4 52.400000000000006 20.400000000000002 0 0.2 0 0.4 0.6000000000000001 0.4 13.8 0 0 0 0 1 10.4 0 0 0 0 0.6000000000000001 13.600000000000001 0.8 13 0 0 0 0 0 0 0 0.4 0.2 0 0 0 0 0 0.6000000000000001 0 0 0 0 0 0 0 0 0 0 0 0 0 0 0 0 0 0 0 0 0 0 0 0 1.2000000000000002 5.6000000000000005 3.6 0.6000000000000001 2.6 2.4000000000000004 0 0 12 3.2 2 0 9 0.2 3.2 4.4 2.6 3 0.4 0 0 0 0 0 0 0 3.4000000000000004 0 0 0 0 0 2.2 2.2 0 0 0.2 0 5.2 0 0 0 0 0 0 0 0 0 0 0 0.2 0 0 0 0.2 0 0 0 0 1 0 0 0 0 0 0 0 0 0.8 0 0 0 0 0 0 0 0.2 0.2 0 0.4 0 0 10.200000000000001 3.2 7.4 0 0 0 4.6000000000000005 12.600000000000001 3.2 7.2 0 4.800000000000001 2.4000000000000004 6.6000000000000005 0.2 5.2 0 0 0 0 0 0 0 0 4 1.6 0 0 0 0.2 4.2 0 0 0 1.6 0 2.4000000000000004 4.2 0 13.200000000000001 0 0 0 0 0.4 0 0 0 0 0 0 0 0 0 0 0 0 0 0 0 4.6000000000000005 0 0 0 0 0 0 0 0 0 0 0 1.4000000000000001 0 0.2 31.400000000000002 0.4 0 0.2 0 0 0 0 0 0 0 0 0 0 0 0 0 0 0 0 0 0 0 0 0 0 0 0 0 3.6 0 0 0 
 0 1.2000000000000002 0 0 12.8 0.6000000000000001 0 0 0 0 0 0 0 0 0 0 0.4 0 0.4 0 22.400000000000002 41.400000000000006 0 47.2 9 4.800000000000001 33 75.8 40.400000000000006 11.8 41.2 6.4 29.200000000000003 32.4 34.4 83 56.400000000000006 40.800000000000004 24.8 30.200000000000003 15.200000000000001 0 0 2 0.6000000000000001 0 4.800000000000001 0 0 0 0.4 0 13.8 0 0.2 0 0 0.6000000000000001 0 1 0.6000000000000001 0.4 0 0 0 0 0 1 0.4 0 0 0 0 0 0 0.6000000000000001 0 0 0.4 0 0 0 0.2 0.2 0.2 6 0 0 0 0 0 0.2 0 0 0 0 0 0 0 0 4.4 0 13.200000000000001 2 8.200000000000001 0 0.2 2.2 9.8 0.2 3.4000000000000004 0 0 2.2 2.6 9.200000000000001 0 5.800000000000001 0.4 2.4000000000000004 0.2 0 0 0 0 0 2.6 0 0 0 0 0 5.6000000000000005 0 0 0 4.800000000000001 0 6 0.2 3.2 0 0 0 0 0 0 0.4 0 0 0 0 3 0 0 0 1.8 0 0 1.2000000000000002 0 0 0 0 0 3 0 0.6000000000000001 0 0 0 0 0 0 2.2 0 0 0 0.6000000000000001 0 3.2 3.8000000000000003 2 0 6.4 4 3 3 2.8000000000000003 17.8 0.4 1.4000000000000001 0 4.4 3.4000000000000004 4.4 3.8000000000000003 1.4000000000000001 4.2 0 0.2 0 0 0 0 0 4.4 0 0 0 0 0 0 3.8000000000000003 0 0.4 0.2 0 10.200000000000001 2.8000000000000003 0 0 0 0 0 0 0 0 0 0 0 0 0 0 2 0 0 0 0.2 0.4 0 0 0 0 0 0 0 0 0 0 0 0 0 0.2 1.8 0.2 0 15.8 0 0.4 0 0 0 0 0 0 0 0 0 0 0 0 0 0 0 0 0 0 0 0 0 1.6 0 0 0 0 0 0 0 0 
 0 0 0 0 0 0 0 0 0 0 0 0 0 0 0 0.8 0 0 0 0 10.200000000000001 17 47.2 0 15.200000000000001 21.200000000000003 33.4 77.60000000000001 49 47.6 85.4 21.400000000000002 13.200000000000001 19 14.4 44 36 18.6 11.200000000000001 13.200000000000001 0 0.4 0 0.4 0.6000000000000001 0 17.6 4 0 0 0 0 10.4 0 0 0 0 0.6000000000000001 25.6 4.4 10.200000000000001 0 0 0 0 0 0 0.6000000000000001 0 6.2 0 0 0 0 0 0.6000000000000001 0 0 0 0 0 0 0 0 0 0 0 0 0 0 0 0 0 0.2 0 0 0 2.8000000000000003 0 0 2 0.2 1.6 2.2 1.4000000000000001 1.2000000000000002 0 0 0 0 0 1 0 0 2.8000000000000003 3.8000000000000003 0.2 3 0.8 0 0 0 0 0 0 0 3.6 0 0 0 0.2 0 1.6 4.4 0 1.6 2.6 0 4.2 9.600000000000001 0 0 0 0 0 0 0 0 0 0 0 0 0 0 0 0 0 0 0 5.2 0 0 0 2.4000000000000004 0 0 0 0.8 0 0 0.4 0 0 0 0 0 0 0 0 0 0 0 0 7.4 5 2 0 0 6 4.2 3.2 3.4000000000000004 0 0.2 0 0 0 0.2 0 0 2.2 0 0 0 0 0 4 2.4000000000000004 1.6 0 2 0 6.800000000000001 4.800000000000001 2 1.4000000000000001 0 0.2 0 5.800000000000001 0 0 0 0.4 0 0 0 0 0 0 0 0 0 0 0 0 0 0 0 0 0 0 0 0 0 0 0 0 0 0 0 0 0 0 3.2 0 0 16 0 0.4 0.6000000000000001 0.2 0 0 0 0 0 0 0 0 0 0 0 0 0 0 0 0 0 0 0 0 0 0 0 1.2000000000000002 0 0 0 0 
 1.4000000000000001 0.6000000000000001 0.6000000000000001 0.8 0.6000000000000001 0.6000000000000001 1.4000000000000001 1 1.2000000000000002 0.6000000000000001 0.6000000000000001 0.8 16.6 0.8 1 0.8 0.8 1 1.4000000000000001 1 7 51 9 15.200000000000001 0 33 6.800000000000001 11.4 15.8 17.2 15.600000000000001 37.2 13.200000000000001 54.800000000000004 54.800000000000004 14.200000000000001 12.200000000000001 22.8 50.400000000000006 12.600000000000001 6.4 13 7.800000000000001 0.4 0.6000000000000001 0.2 7.4 0 0 1.4000000000000001 0 0 0 0 0 1 0 1.4000000000000001 6.800000000000001 15.600000000000001 0 0 0 0 9.200000000000001 0 0 0 0 0 0 0 0 0 0 0.4 0 0 0 0 0 0 0 0 0 0 0 0 0 0 0 0 0 0 0 0 0 0 0 0.4 0 0 0 0 2.4000000000000004 0 0 0 0 0 0 6.2 0 0 0 0 0 0 3.2 0 5.2 2.2 3 0 0 1.2000000000000002 4 2.2 2 0 2.4000000000000004 0 2.2 5.6000000000000005 4.800000000000001 2 3.4000000000000004 0 4.4 1.8 0.8 2 0 0 0 0 0 0 0 0 0.6000000000000001 0 0 0 0 1.2000000000000002 0 0 0.6000000000000001 0 0 0 0 0 0.6000000000000001 0 0 0 0 1.6 0 0 0 0 0 0 0 0 0 0 0 0 0 0.8 0 4.4 0 0 0 0 2.8000000000000003 0 0 0 0 0 0 4.800000000000001 0 0 5.6000000000000005 2 0 1.8 0 0 2.2 2 4.2 1.8 0.6000000000000001 0 7.2 2.8000000000000003 4 4.2 0 2.2 1.6 4.2 0 0 0 0 0 0 0 0 0 0 0 0 0 0 0 0 0 0 0 0 0 0 0 0 0 0.2 0 0 0 0.2 0 0 0 0 1.6 0 0.4 0.2 0 0 0.4 3 0 0 0.2 0 0 0 0 0 0 0 0 0 0 0 0 1 0 0 0 0 0 0 0 0 0 0 0 0 
 1.6 0.6000000000000001 0.6000000000000001 0.6000000000000001 0.6000000000000001 0.6000000000000001 15.4 0.8 0.6000000000000001 0.6000000000000001 0.6000000000000001 0.6000000000000001 1.2000000000000002 5.6000000000000005 1.4000000000000001 0.8 0.6000000000000001 0.6000000000000001 1.2000000000000002 0.8 22.8 69.8 4.800000000000001 21.200000000000003 33 0 5 50.6 10.4 25.200000000000003 11.8 17.2 90.60000000000001 54 55 14.600000000000001 54.400000000000006 35.4 8.4 12.4 0.4 0.2 0.2 0.8 0.6000000000000001 0 1.2000000000000002 16.2 0 0 0 0 0.4 4.800000000000001 0.6000000000000001 13.4 15.600000000000001 2.4000000000000004 18.8 14.8 0 0 0 0 0 0 0 0 1.2000000000000002 0 0 1.2000000000000002 0.2 0 0 0.4 1.2000000000000002 0.8 0 0 0 0 0 0.4 0 0 0 0 0 0 3.4000000000000004 0 0 0 0 0 1.8 0 0 0 0 0 0 0.2 4.4 1 0 0 0 0 0 3.6 1.8 0 0 0.2 0 0 0 0 0.2 5.2 2.2 1.8 0 0 4.800000000000001 2.6 6.4 1.2000000000000002 0 0 3 1.4000000000000001 0.2 0.2 0.4 0.4 0.6000000000000001 4.2 0 0 0 0 0 3 0.2 0 0 0 0 0 0 1 0 0 0 0 0 0 0 0 0 0 0.6000000000000001 0 0 0 0 0 0 0.4 0 0 0 0 0 0 0 0 0 0 0 0.4 0 4.2 0 0 0 0 2.4000000000000004 3.2 0 0 0 0 0 0 0 0 0 0 3 1.8 2.2 0 4.4 1.8 5.4 0 0 0 5.4 0 2.2 2.2 0 1.2000000000000002 0 0.2 0 0 0 0 0 0 0 0 0 0 0 0 0 0 0 0 0 0 3 0 0 0 0 0 0 0 0 0 0 0 0 0.2 0 0 2.4000000000000004 2 0 1.2000000000000002 0 0 0.4 0.2 0 0 0 0 0 0 0 0 0 0 0 0 0 0 0 0 0 0 0 0 0 0 0 1 0 0 0 0 
 0.4 0 0.4 1 16.6 37.6 0.4 0 0 19.400000000000002 1 7.2 0.6000000000000001 0 0.2 0 7.6000000000000005 1.4000000000000001 0 0.2 59.800000000000004 27 33 33.4 6.800000000000001 5 0 88.80000000000001 12.8 10.200000000000001 6.2 5.4 19.6 74.60000000000001 18.6 61.6 5.800000000000001 26 30.6 43.400000000000006 0 0 0 2.4000000000000004 0.6000000000000001 0 0 0 0 0 1 0 0 0 0 0 0 1 0.2 4.4 0 0 0 0 0 0 0 0 0 10.200000000000001 9.200000000000001 0 0 0 0 0.6000000000000001 0 0 0 0 0 0 0 8.6 0 8 0 0 0 4 0.2 0 0 0 0 0 1.2000000000000002 0 0 0 7.6000000000000005 0 7.2 0 0 0 0 0 3.2 0 6 0 0.8 1.2000000000000002 1.6 0 2.6 6.6000000000000005 7.800000000000001 9.600000000000001 0 0 0 0 0 0 0 0 0 0 0.2 0 5.6000000000000005 0 0 0 0 0 0 0 2.8000000000000003 0 0 0 0 0 0 0 0 0 0 0 0 0 0 0 0 0 0 0 0 0 0 0 7.2 6 0 1.2000000000000002 0 3.8000000000000003 0 5.2 0 0 0 0 0 0 0.2 0 4.6000000000000005 7.800000000000001 2.2 3 2.8000000000000003 0 2.4000000000000004 3.6 0 5 0.2 1.4000000000000001 0 2.6 2.4000000000000004 6.2 1.4000000000000001 1.6 3.4000000000000004 8 0 0 0 0 0 0 0 0 0 0 0.2 0 0 0 0 0 0 0.2 5.4 0 0 0 0 0 0 0 0 0 0 0 0 0 0 0 0 0 0 0 0 0 0 4.2 0 0 0 0 16.2 0 0 0 0 0 0 0 1.2000000000000002 0 0.2 15.4 0 0.4 2.4000000000000004 0.2 0 0 0 0 1.6 0 0 0 0 0 0 0 0 0 2.2 0 0 0 0 0.2 0 0 0 0 0 0 0 0 
 0 1.2000000000000002 0.4 0 15.200000000000001 15.200000000000001 0 0 0 0 0.4 15.4 0 0 0.2 0 0 0.2 0.8 0.2 74.8 22.200000000000003 75.8 77.60000000000001 11.4 50.6 88.80000000000001 0 48.400000000000006 7.6000000000000005 25.6 8 31.6 64.2 12.600000000000001 29.400000000000002 40.2 10.600000000000001 34.6 25.6 0 7.6000000000000005 0 1.2000000000000002 0.6000000000000001 0 0.2 0 0 0 0.2 0 0 0 0 0 0 0.6000000000000001 0 0.8 0 0 0 0 0 0 0 0 0 11.4 0 0 0 0 0 0.4 0 1 0 0 0 0 0 0 0 1.8 0 0 0 3 0 0 0 0 0 0 0 0 0 0 2.8000000000000003 3.2 1.8 1.8 7.4 0 1.2000000000000002 4.800000000000001 12 5.2 3.6 0 0 3.8000000000000003 8.6 0 4.6000000000000005 1.6 5.4 4.6000000000000005 0 0 0 0 1.4000000000000001 0 1.8 0 0 0 0.4 0 0 0 0 0 0 0 1.2000000000000002 0 5.800000000000001 0 0 0 0 0 0 0 0 0 0 0 0 0 0.6000000000000001 0 0 0 0 0 0 0 0 0 7 2 0 1 0 0 0 0 0 0 0 0 0.2 0 1.8 0 0 5.2 2 5.2 4.4 0 9.8 12.8 2.4000000000000004 8.200000000000001 8.200000000000001 5.4 2.6 1.2000000000000002 2.6 0.6000000000000001 7 3.8000000000000003 3.8000000000000003 0.2 0 0 0 0 0 0 0.2 0 0 0 0.2 1 0 0 0 0 0 0.2 0 0 0 0 0 0 0 0 0 0 0 0 0 0 0 0 0 0 0 0 0 0 0 0 0 0 0 0 0 0 0 0 0 0 0 0 3.2 0 0 0 0 0.4 3.4000000000000004 0 0 0 0 0 0 0 0 0 0 0 0 0 0 0 0 0 0 0 0 0 0 0 0 0 0 0 0 0 
 0.2 0 0 0 0 0 0.8 0.2 0 0 0 0 0 0 0 0 0 0 0.4 0 24.6 55.2 40.400000000000006 49 15.8 10.4 12.8 48.400000000000006 0 14.600000000000001 82 62.400000000000006 23.400000000000002 18.6 102.80000000000001 29.400000000000002 42.6 7.800000000000001 16.6 15.200000000000001 0 0 0 0.4 0.6000000000000001 0 13 0 0 0.4 0 0 12.4 3.8000000000000003 0 0 0 0.6000000000000001 0.2 0.8 0.2 0 0 0 0 0 0 0.8 0.2 0.2 0 0 0 0 0 0.6000000000000001 0 0.2 0 0 0 0 0.2 0 0 0 0 0 0 0 0 0 0 0 0 0 0 0 0 0 0 2.6 7.2 2.6 5 3.8000000000000003 3.8000000000000003 0 4 1.8 4.4 2.6 0 0.4 4.4 8.200000000000001 0.2 2.6 0 0 1 0 0 0 0 0 6 0 0 0 0 0 1.8 0 0 0 0 0 6.4 2 0 0 0 0 0 4 0 0 0 1.2000000000000002 0 0 0 2.2 0 0 0 0 0 0.6000000000000001 0 0 0 0 0 0 0 0.2 0.8 0 0 0 0 0 2 0 0 0 0 0 5.2 0 7.2 0 5 0 0.2 0 9.4 4.800000000000001 3.2 4.4 0 4 0.2 3.2 3.6 0 4 0 0 0 0 0 0 0 7 0 0 0 0 0 2 2.2 0 0 0 0 4.6000000000000005 0.8 0 0 0 0 0 0 0 0 0 0 0 0 0 0 0 0 0 0.2 0 0 0 0 2 0 0 0.4 0 0 0 0 0 0 0 0 1 0 0 15.200000000000001 33.800000000000004 0.4 0 0 0 0 0 0 0 0 0 0 0 0 0 0 0 0 0 0 0 0 0 0 0 0 0 0 3.8000000000000003 0 0 0 
 0.2 0.2 0 0.4 0 0.4 0.2 0 0 0 0 0 0 0 0.2 0.6000000000000001 4.6000000000000005 0.6000000000000001 0 0 22.8 24.8 11.8 47.6 17.2 25.200000000000003 10.200000000000001 7.6000000000000005 14.600000000000001 0 36.800000000000004 48.400000000000006 68.2 26.8 33.2 96.4 131.20000000000002 25.200000000000003 14.4 21.6 0 0 0 0.4 0.6000000000000001 0 8.200000000000001 0 0 0.8 0 41.6 13.200000000000001 0 0 0 0 0.6000000000000001 14.600000000000001 0.8 0 0 0 0 10 0 0 0 0 0 0 0 0 0 0 0.6000000000000001 0.8 0.4 0 0 0 0 0 0 0 0.2 0 0 0 0 0 0 0 0 0 0.2 0 0 0 0 3.6 1.8 0 14 1.4000000000000001 3.4000000000000004 0.2 2.2 1.8 0 0 10.200000000000001 0 0 3.6 7.6000000000000005 0 0.4 0 0 4.2 0 2 0 0 0 0 2.8000000000000003 0 0 0 0 1.8 0.2 0 3.8000000000000003 0 0 1.6 6.6000000000000005 0 0 0 0 1.4000000000000001 0 0.2 0 0 0 1.8 0 0.2 0 0.4 0 0 0 0.2 0.8 1.6 0 0 0 0 0 0 0 0 0 0 0 0 0 0 0 0 0 0 0 0 0 0.2 5.2 2 13 0 0 0 0 7.800000000000001 2.6 0.2 3.8000000000000003 0 0 0 7.6000000000000005 0 0 3.6 0 0 0 0 0 4 1.8 0 0 4 0 6.6000000000000005 0 0 0.4 0 0 0.2 5.800000000000001 0 0 0 0.2 0 0 0 0 0 0 0 0 0 0.4 0 0 0 0 0 0 0 0 2 0 0 0 0 0 0 0 0 0 0 0 1.6 0 0.2 1.6 0.2 0.6000000000000001 0.8 2.4000000000000004 0 0 0 0 0 0 0 0 0 0 0 0 0 0 0 0 0 0 0 0 0 0 0 3 0 0 0 0 
 0 0 0 16 0.4 0 0 0 0 0 0 0 0 0.4 0 0 0 0 0 0 17.2 37.2 41.2 85.4 15.600000000000001 11.8 6.2 25.6 82 36.800000000000004 0 22.6 18.6 7 45.2 57.400000000000006 48 22.6 10.8 72.8 0 0 0 0.4 1.2000000000000002 0 0.4 0 0 0.6000000000000001 0 2.2 13.200000000000001 0 0.4 0 0 0.6000000000000001 14.600000000000001 0.6000000000000001 0 0 0 0 0 0 0 0 0.4 1 0.4 0 0 0 0.2 0.6000000000000001 0 0 0.8 0 0 4 2.2 0 0 0 0 0 0 0 0 0 0 0 0 0 0 0 0 0 0.2 8.6 2.6 2.6 4.6000000000000005 16.2 2.8000000000000003 0.2 6.2 2.8000000000000003 0.2 1.6 2.4000000000000004 2.2 0.2 6.6000000000000005 0.4 1.8 0.2 0 0 0 0 0 0 0 2.2 1.8 0 0 0 0 0.2 0 0 0 0 0 8.4 1.8 0 0 0 0 0 0 0 0 0 0 0.4 0 0 0 0 0 0 0 0 0.6000000000000001 0 0 4 0 0 0 0 0 0.6000000000000001 0 0 0 1.4000000000000001 0 0 0.2 0 0 0 0 0.2 3.6 7.2 0.2 7.4 1.6 0 0 1.4000000000000001 6.800000000000001 4.800000000000001 5.4 0 0 3.6 4 0 2 0 0 0.2 0 0 0.4 0 0 2.2 0 0 0 0 0 0 0.2 0 0 0 0 0 3.4000000000000004 0 0.4 0 0 0 0 0 0 0.4 0 0 0.2 0.2 0 0 0 0 0 0 2.4000000000000004 0 0 0 0 0 0 0 0 0 0 0 0 0 0 3 0.2 0 0.4 0.6000000000000001 0.4 1.2000000000000002 0 0 0 0 0 0 0 0 0 0 0 0 0 0 0 0 0 0 3.8000000000000003 0 0 0 0 0 0 0 0 0 0 
 0.2 1.4000000000000001 0 0 0 0.6000000000000001 2.2 0.2 0 0 0 0 0.2 14.600000000000001 0 0 0 0 0 0 59.400000000000006 28.6 6.4 21.400000000000002 37.2 17.2 5.4 8 62.400000000000006 48.400000000000006 22.6 0 51.400000000000006 7.4 27 26.400000000000002 28.400000000000002 34.4 8.8 20.400000000000002 17.400000000000002 23.200000000000003 12.4 0.6000000000000001 0.6000000000000001 0 0 14.200000000000001 0 0.6000000000000001 0 10.4 0 0 13.200000000000001 32.2 1.6 0.6000000000000001 7.4 24 0.4 0 0 0 0 0 0 0 0 0.2 0 0 0.6000000000000001 0 0 0.6000000000000001 0 0 0 0 0 0 0 0 0 3.6 0 0.4 4.6000000000000005 0 0 0 0 0 0 0 0 0 0 0 0 5.4 3 0.2 3 4.2 3.2 0 5.4 4.2 0 0.2 3.8000000000000003 0.2 0.2 3.8000000000000003 0 0 0 0.4 3.2 0.2 7.2 2 0 0 0 5.4 0 0 3.6 0.2 4 0.2 6.2 0.2 0 0 2.8000000000000003 0 0.8 0 0 0 0 0 4.2 0 0 0.4 0.4 0 0 0 0 0 0 0 3.6 0 3.2 0 0 0 0 0 0 0 1.6 0 0 0 0 5 0 0 0 0 0 0 0 0 7 0 2 4.800000000000001 0 0 1.8 2.2 0 0 0 0 0 4 0 2.2 0 0 5.4 2.8000000000000003 3.4000000000000004 0 0 0 0 2 2.6 0 0 1 3.6 4.800000000000001 0.2 2.6 0 0 10.200000000000001 4.2 0 0 0 0 0 0 0 0 0 0 0 0 0 0 0 0 0 0 0 0 0 0 0 0 0 0 0 0 0 0 0 0 0 0 1.6 2.2 0.8 0 0 0.2 0.6000000000000001 1.8 0 0 0 0 0 0 0 0 0 0 0 0 0 0 0 0 0 0 0 0 0 0 0 1 0 0 0 0 
