 0 80.80000000000001 12 8.8 30.8 53.6 32.4 29.400000000000002 49 65.4 5.800000000000001 25 73 27 26.200000000000003 23.400000000000002 24.400000000000002 61.800000000000004 9.200000000000001 48.800000000000004 0.4 0 0 0.4 0 0 0 0.4 0 0 0 14.8 0 0 0 0 0.2 0.6000000000000001 0.4 15.200000000000001 0 0 0.6000000000000001 0 0 0.6000000000000001 0 0.6000000000000001 0 0 0 0 0 0.2 1.6 0.4 0 0 0 0 0 0 1 0 0.2 0 0 0.6000000000000001 0 0 0 0 0 0.2 0.4 0 0 0.2 0.6000000000000001 0.6000000000000001 5.4 2.6 0 1 3.4000000000000004 0 4 7.6000000000000005 0 3 0 0 1.6 1.8 2.6 0.2 9.8 0.2 2.8000000000000003 0.4 0 0 0 0 0 2.6 2 0 0 0 0 0 0 1.4000000000000001 0 0 0 0 0 2.4000000000000004 0 0 0 0 0 0 0 0.4 0 0 0 0 0 0 0 0 0 0 0 0 0 0 0 0 3.4000000000000004 0 0 0 0 0 2.2 0 0 0 0 0 0 1 0 0 0 5.4 2.4000000000000004 1.6 2.4000000000000004 0 2.6 5 7.800000000000001 0 1.2000000000000002 0 12 3.8000000000000003 2.4000000000000004 0 2.4000000000000004 0 2.8000000000000003 10 0 0 0 0.4 0 0.2 0 0.2 0 0 0 0 0 0 0 0 0 0 0 3.2 0 0 0 0 0 0 0 0 0 0.2 0 0 0 0 0 0 0.4 0 0 0 0 0 0 0 0 0 0 0 0 0 0 0 0 0 0 0 0 0 0 0 0 3.2 0 0 0 0.2 0 0 0 0 0 1.4000000000000001 0 0 0 0 0 0 0 0 0 0 0 0 0 0 0 0 0 0 0 0 0 0 0 0 3.6 0 0 0 0 0 0 0 0 0 0 0 0 0.2 
 80.80000000000001 0 75.4 12 8.6 50.400000000000006 77.4 33 20.400000000000002 68.4 41.800000000000004 79.4 27 25.6 9.600000000000001 27.400000000000002 26.200000000000003 23.8 9.200000000000001 49 0.4 0 0 0.6000000000000001 0.2 0.8 0 0.4 0 0 0 0.8 0 0 0.4 0 1 0.8 5 5.2 0 0.6000000000000001 0.6000000000000001 0.4 1.6 0 0.2 1.8 4.6000000000000005 6 0.4 0.6000000000000001 0 1 0.6000000000000001 0 1.4000000000000001 0 0 0 0 0 0.8 0 1.4000000000000001 0.6000000000000001 0.2 0 0 0.2 0.8 0.8 0 0.8 0.4 0.8 0.2 0 0 0.4 2 6 8.200000000000001 5.800000000000001 3 0 3.2 3.6 1 6 3.2 0 1.8 0 4 3 3.4000000000000004 0 2.6 0.4 0 0 0 0 0 0 0 0 0 0 0 0 0 1 0 0 0 0 0.6000000000000001 2 0 0 0 0 0 0 0.2 0.2 0 0 0 0 0.4 0 0 0 0 0 0.4 0.2 0 0.6000000000000001 0.4 0 0 0 0 2.2 0.6000000000000001 0 0 0 0 0.2 0.4 0.2 0 0.4 0 0 0 5.4 0 6.2 2.2 0 0 6 1.2000000000000002 3.4000000000000004 0 3.2 2.6 3.4000000000000004 0.4 0 5.2 0.4 0 1.8 0 0 0 0.4 0 0.2 0 0 0 0 0 0 0 0 0 0 0 0 4.800000000000001 4 0 0 0 2 0 0 0.4 0 0 0 0 0 0 0 0 0 0.4 0 0 0 0 0 0.2 0 0 10.4 0 0 0 0 0 0 0 0 0 0 0 0 0 0 0 3 0 0 0 0 0.2 0 4.6000000000000005 0.6000000000000001 0 1.8 0 0 0 0 0.4 0 0 0 0.4 0 0 0 0 0.4 0 0 0.6000000000000001 0 0 0 0.4 0 0 0 8.6 0 0 0 0 0 0 0 0 0 0 0 0 0 
 12 75.4 0 30.6 30.200000000000003 114.4 72.4 33.6 54.2 72.4 24.6 57.2 11.200000000000001 31.8 18.2 55.2 11.4 29.400000000000002 52.6 53.6 0 0 0 0.4 0.2 0 0 0.4 0 0 0 0 20.8 0 0.4 0 0 0.2 29.8 15.4 7.4 0 6.4 0 0 0 0 0.6000000000000001 0 0 0 0 0 0.2 0.4 0.4 0 1 0 0 0 0 0 0 0.6000000000000001 0 0 0 0 0.2 0 0 0 0 0 0.4 0 0 0 0.8 0 2 3.2 0 3.4000000000000004 2 0 0 5.4 0 9.200000000000001 1.4000000000000001 0.8 0 3.8000000000000003 0 0.2 5 0 0 4 0 0 0 0 0 2.8000000000000003 0.2 0 0 0 0 0.6000000000000001 4 0 0 5.2 0 6.800000000000001 11 0.2 0 0 0 0 0 0 0 0 0 0 0 0 0 0 0 0 0 0 0 0 0.2 0 0 0 0 0 0 0 0 0 0 0 0 1.4000000000000001 0 0 0 1.6 0 0 0 0 8.200000000000001 2.2 0.2 0 2.4000000000000004 2.6 0 3.6 8 0 0 0 0 0 10 0 0 0.4 0 0 0 0 0 2.8000000000000003 3 0 0 0 0 3.8000000000000003 0 0 0 0 0 3.2 0 3 0 0 0 0 0 4.2 0 0 0 0 0 0 0 0 0 0 0 0 0 0 0 0 0 0 0 0 0 0 0 0 0 0 0.4 0 0 0 0 0 0 0 0 0 0 0 0 18 0 0.6000000000000001 0.8 0.2 2.8000000000000003 3.2 0 0 0 0 0 0 0 0 0 0 0 0 0 0 0 0 0 0 0 0 0 0 0 1.2000000000000002 0 0 0 0 0 0 0 0 0 0 0 0 0 
 8.8 12 30.6 0 26.400000000000002 69.8 22.200000000000003 12.200000000000001 12.200000000000001 116.4 28.400000000000002 10 13.4 12 16 57.800000000000004 11.600000000000001 29.8 60.6 14.600000000000001 0.4 0 0 0.4 3.4000000000000004 0.4 14.8 15.200000000000001 0 0.4 0 0.4 21.8 0 1.2000000000000002 0 0.4 0.4 16 15.600000000000001 0 0 0.6000000000000001 0 0 0 0.6000000000000001 0.6000000000000001 0 0 0 0.2 0 0.4 13.4 0 0.2 0.4 0 12.8 0 0 0 0 0.6000000000000001 0 0 0 0 0 0 0 0 0 0 0 0 0.6000000000000001 0.8 0.8 0 0 6 3.4000000000000004 2.4000000000000004 5.2 0.8 2.8000000000000003 0.2 0 2.2 4.800000000000001 0 0 0 3.4000000000000004 2.2 0 0 0 8.4 0 0 2 0 0 0 0 0 2.6 0 0 4 0 0 0 9.4 0 0 2.8000000000000003 0 1.8 0 0 0 0 0.2 0 0 0 0.2 0 0 0 0 0 0 0 0 0 0 0 0 0 0 0 0 0 0 0 0 0 0 0 0.2 0 0.4 0 1 0 2 2.2 0 3.2 0.4 4.6000000000000005 0 0.6000000000000001 0.4 4.6000000000000005 0 0 0 0.2 0 2.2 0 1 0 0 3.8000000000000003 1.4000000000000001 0 0 0 0 4.2 3 0.4 0 0 0 5 6.4 0.6000000000000001 2.4000000000000004 0 0.2 1.6 0 0 0 0 0 0 0.4 0.2 0 0 0 2 0 0 0 0 0 0 0 0 0 0 0 0 0 0 0 0 0 0 0 0 0 0 0 0 1.4000000000000001 0.2 0 0 0 0 0 0 0 0 0.8 0 0.4 0 18.2 0 1.8 0 0 0 0 0 0 0 0 0 0 0 0 0 0 0 0 0 0.4 0 0 0 0 0 1.8 0 0 0 0 0 0 0 0 0 0 0 0 0 0 
 30.8 8.6 30.200000000000003 26.400000000000002 0 84.60000000000001 53.2 73.8 33.2 29 45 13 105.2 32.6 18 12.200000000000001 58.2 26.400000000000002 11.4 78.4 0.6000000000000001 0.6000000000000001 0 0 1 14.600000000000001 0 0.4 0.6000000000000001 0.4 0 0 6.800000000000001 0.2 0.2 15.8 0.8 0.2 0.6000000000000001 0.6000000000000001 0 0 1.4000000000000001 0.4 0 0 0 0.8 0 0.2 0 0 0.4 0.8 1.2000000000000002 0.2 0.2 1.6 0.6000000000000001 0 0 0 0 0 0.6000000000000001 0 0 10.4 0 0.4 0 0 0 0 0 0 0.6000000000000001 0 0 0.4 0.2 0 2.8000000000000003 0 10 5 0 0 2.4000000000000004 2.2 1.8 2.6 0 0 2 0 5 2.6 0 0 2.8000000000000003 0.2 0 0 0 0 7.800000000000001 0.2 0 3.4000000000000004 0 0 8 3.6 0 0 0 2 0 1.8 6.800000000000001 0 0 0 0 0 0 0 0.2 0 0 0 0 0 0 0 0 0 0 0 0 0.4 0 0 0.2 0 0 0 0 0 0 0 0 0 0.4 0 0 0 0 0 0.2 0 2.8000000000000003 5.800000000000001 2 2 0 0.2 2.6 2.6 1.6 5.6000000000000005 0 0 2 2 0 3.2 0 0 1 0 0.2 0 0 0 1.4000000000000001 4.2 3.6 0 1.4000000000000001 0 0 4.2 0 2.2 0 0 0 4.6000000000000005 0 0 0 0 0 0 0 0 0 0 0 0 0 0 0 0 0 0 0 0 0 0 0 0 0 0 0 0 0 0 0 0 0 0 0 0 0 0 0 0 0 0 0 0 0 0.8 11.600000000000001 0 0.6000000000000001 0.6000000000000001 0 1 0 8.4 0 0 0 0 0 0 0 0.4 1.4000000000000001 0 0 0 0 0 0 0 0 0 0 0 0 0.2 4.4 0 0 0 0 0 0 0 0 0 0 0 0 0 
 53.6 50.400000000000006 114.4 69.8 84.60000000000001 0 26.400000000000002 8.4 17.6 52 16.2 83 6.800000000000001 6.6000000000000005 10.4 38 10.200000000000001 31.8 12.200000000000001 13 30.400000000000002 0 0 0 0.4 0 0.2 15.4 0 0 0 0 15.600000000000001 0 8.200000000000001 14.8 0 0.6000000000000001 5 19.200000000000003 2.8000000000000003 5 0.4 0.8 0 0 0.4 0.6000000000000001 0 0 0 0.4 0.2 0 1.2000000000000002 0 0.8 0 1.8 0 0 0 0 0 0.2 0 0 0 0 0 0 0 0 0 0 0 0 0 0 0.6000000000000001 0 0.2 4 2.4000000000000004 2.4000000000000004 5.4 0 3.6 0 0 3.2 0 0 0 0.4 2.2 0 0 0 0 3 2.2 0 1.8 0 0 1.6 0 1.6 5 2.2 0 0.4 0 0 0 2 0 4.800000000000001 0 0 0.2 0 0 0 0 0.2 0 0 0 0 0 0 0 0 0 0 0 0 0.4 0 0 0 0 0 0 0 0 0 0 0 0 0 0 0 0 0 0 0 0 1 0 0 5.4 0 0 0 0.4 0.4 3.4000000000000004 0 0 0 0.8 0 0 0 6.2 0 0 3.6 4 0 0 0 0 2 2.8000000000000003 0.4 0 0 0 0.2 3.6 2.4000000000000004 1.6 3 5 12.600000000000001 0 0 0 0 0 0 0.4 0.2 0 0 0 0 0 0 0 0 0 0 0 0 0 0 0 0 0 0 0 0 0 0 5 0 0 0 0 0 0 0 0 0 0 0 0 0 0 0 0 0.2 0 0.6000000000000001 19 0.2 1 0.2 0 0 0 0 4.6000000000000005 0 0 0 0 0 0 0 0 0 0 0 0 0 0 0 0 0 0 0 0 0 0 0 0 0 0 0 0 0 0 0 0 
 32.4 77.4 72.4 22.200000000000003 53.2 26.400000000000002 0 42.400000000000006 10.4 32.4 23.200000000000003 8.8 61.400000000000006 36.4 71.60000000000001 10 72.60000000000001 7 8 21.6 0 0.4 0 0.4 0 0 0 0.4 0 0 0.2 0 0 0 0 0.2 0 15.4 0.8 0.6000000000000001 0 0 0.6000000000000001 0 0 0 0.2 0.6000000000000001 0 0 0 0 0 0.2 0.4 0 0 0 0 0 0 0 0 0 0.4 0 0 0 0.4 0 0 0 0 0 0 0 0 0 0 0.6000000000000001 11 4.2 0.8 4.800000000000001 0 0 3.6 7.800000000000001 0 1.2000000000000002 0 3.6 4.800000000000001 3.6 0 4.800000000000001 0 0 2.2 2 0 0 0 0 1.2000000000000002 0 0 0 0 0 0 0 0 0 0 0 0 0 0 0.2 0.2 0 0 0 0 0 0 0 0 0 0 0 0 0 0 0 0 0 0 0 0 0 0.2 0 0.4 0 0 0 0 0 0 0 0 0 0 0.4 0 0 0 0 0 2.8000000000000003 0 1 0 0 2 1 0 0 1.6 7.6000000000000005 13.600000000000001 6.800000000000001 9.200000000000001 2.2 6 0 1.8 0 0 0 0 0 0 0 0 0 0 0 0 0.2 0 0 0 0 0 1.4000000000000001 0 0 0 0 0 0 0 0 0 0 0 0 0 0 0 0 0 0 0 0.4 0 0 0 0.2 0 0 0 0 0 0 0 0 0 0 0 0 0 0 0 0 0 0 0 0 0 0 0 0.4 0 0 0.8 0.4 2 1.8 0 0 0 0 0 0 0.2 0 0.4 0 0.4 0 0 0 0.2 0 0 0 0 0 0 0 0 0 0 0 0 0 0 0 0 0 0 0 0 0 0 0.2 
 29.400000000000002 33 33.6 12.200000000000001 73.8 8.4 42.400000000000006 0 22.6 29.200000000000003 41.800000000000004 29 28 16.400000000000002 47.400000000000006 31.6 63.2 6.4 32.2 15.8 0 0 0 0.2 0 0 0 0.4 0 0 0.2 0 0 0 0 0.2 0 0.4 0.6000000000000001 0.6000000000000001 0 0 1.4000000000000001 0 0 0 0.2 0.6000000000000001 0 0 0 0 0 0.6000000000000001 0.6000000000000001 0 0.4 0 0 0 0 0 0 0 0.6000000000000001 0 11.200000000000001 0 0 0 0 0.4 0 0 0 0 0 0 0 0.4 3.6 6.4 2 0.2 3.6 0 3.6 6.4 10.4 5.800000000000001 1.8 5.4 1.4000000000000001 8.6 6.6000000000000005 8.8 0 5 2.2 0.2 0 0 0 0 0 0.4 0 0 0 0 0 0 0 2.2 0 0 0 0.4 0 5 0 1 0 0 0 4.2 0 0 0 0 0 0 0 0 0 0 0 0 0 0 0 0 0 0 0.8 0.2 0 0 2.4000000000000004 0 0.4 0 0 0 0 0 0 0 0 0.4 0 6 0.2 1.8 0.8 1.4000000000000001 0 0.6000000000000001 0 1.6 4.6000000000000005 4 4.2 3.8000000000000003 2 4.4 7.6000000000000005 0 0 3.8000000000000003 0 0 0 0 0.4 0 0 0 0 0 0 0 0 0 0 0 0 0 0 0 0 0 0.4 0.2 0 0 0 0 0 0 0 0 0 0.2 0 0 0 0 0 0 0 0 0 0 0 0 0 0 0 0 0 0 0 0 0 0 0 0 0 0 0 0 0 0 0.4 0.4 17.6 0.4 0 0.4 2.8000000000000003 0.6000000000000001 0 0 0.4 0 0 0 0 0 0 0 1.8 0 0 0 0 0 0 0 0 0 0 0 0 0 0 0 0 0 0 0 0 0 0 0 0 0 0 0 
 49 20.400000000000002 54.2 12.200000000000001 33.2 17.6 10.4 22.6 0 60.400000000000006 9 25 26.6 26.200000000000003 38.2 16.6 7.4 7.4 16.8 42.2 0 0 0 1.6 0 0 0 0.4 0 0 0 0 15.200000000000001 0 0 0 0 0.4 8.200000000000001 7.800000000000001 8 0 0.6000000000000001 0 0 1 0 0.6000000000000001 0 0 0 0.2 0 0.4 0.4 0 0.2 0 0 0 0 0 0 0 0.6000000000000001 0 0 0 0 0 1.2000000000000002 0 2 2.2 0 1 0.2 2 0 0.6000000000000001 0 0 7 2.8000000000000003 2 0.2 0 9.600000000000001 0 0 4 0 1.4000000000000001 0 0 10.8 3.4000000000000004 0 2.6 2 3 0 0 0 0 0 2.4000000000000004 0 0 0 0 0 0 0 0.2 0 0 0 2.2 0 0 0 0 0 0 0 0 2.4000000000000004 0 0 0 0 0 1 0.8 0.2 0 0 0 0 0 1 0 0 0.2 0 0 0 0 0 2.2 0 0.4 0 3.4000000000000004 0 0 0 0.6000000000000001 0 11 4.6000000000000005 2 1.6 1.8 0 5.6000000000000005 6.4 14 2.2 0 6 1.2000000000000002 0 0.2 0.4 0 2.8000000000000003 3 0.2 0 0.2 0 0 0 0 11.600000000000001 2.2 0 0 0.2 0 0 0 0 0.4 0 0 2.2 0.2 0 0 0 0 0 0 0.2 0 0 0 0 0 0 0 0 0 0 0 0 0 0 0 0 0 0 0 0 0 0 0 0.4 0 0.4 0 0 0 0.2 0 0 0 0 0.2 0 0 0 0.4 17.2 0 0 0 0.2 0.4 0.4 0 0 0 0 0 0 0 0 0 0 0 0 0 0 0 0 0 0 0 0 0 0 0 0 0 0 0 0 0 0 0 0 0 0 0 0 0 
 65.4 68.4 72.4 116.4 29 52 32.4 29.200000000000003 60.400000000000006 0 65 52.800000000000004 9.200000000000001 35.4 76.80000000000001 42 43.6 34 14.4 68.2 0.2 0.2 0 0 0 0 0 0.6000000000000001 0 0 0 0 3.6 0 0 0 0 0.2 23.6 15.600000000000001 0 0 0.6000000000000001 0 0 0 0 0.6000000000000001 0 0 0 0 0 0.4 7.4 0 0.2 2 0 0 0 0 1.6 0 0.6000000000000001 0 0 0 0 0 0 0 0 0 0 0 0 0.2 0 0.6000000000000001 2 0.4 4.2 1.2000000000000002 3.8000000000000003 1.2000000000000002 0 3.2 3.6 0 5.2 0 0 2.8000000000000003 6.6000000000000005 5.4 4 3.2 0 0 0 0 0 0 0 0 3.6 0 0 0.2 0 0 2.6 0 0 0 2 0 0 2.6 0 0 0 0 0 0 0.4 0 0 0 0.4 0 0 0 0 0 0 3.8000000000000003 0 0 0 1.4000000000000001 0 0 0 0 0 0 0 0 0 0 0 0 1.2000000000000002 0 0.2 0 0 0 4.2 2.8000000000000003 3.2 10.8 2.8000000000000003 2.8000000000000003 0 6.6000000000000005 3.4000000000000004 2.8000000000000003 0 3.4000000000000004 0 0 4.800000000000001 3 0 5 0 0 0.2 0 0 0 0 0 3.4000000000000004 3.2 0.2 0 1.6 0 5.6000000000000005 0 0 0 0 1.2000000000000002 3.4000000000000004 0.4 0 0 0 0 0 0.2 0.4 0 0 0 2.2 0 0 0 0 0 0 0 0 0 0 0 0 0 0 0 0 1.2000000000000002 0 0 0 0 0 0 0 2.2 0 0 0 0 0 0 0 0 0 0.4 9.4 0.4 0.4 0 0 0.8 0 0 0.4 0 0 0 0 0 0 0 0 0 0 0 0 0 0 0.2 0 0 0 0 0 2 4 0 0 0 0 0 0 0 0 0 0 0 0 0 
 5.800000000000001 41.800000000000004 24.6 28.400000000000002 45 16.2 23.200000000000003 41.800000000000004 9 65 0 71.60000000000001 4.800000000000001 9 32.6 21.6 31.6 24.400000000000002 7.800000000000001 28.200000000000003 0 0.8 0 0.2 0 0 15.8 0.4 0 0 0 1.2000000000000002 0.8 0 0 0 0.4 0.2 0.6000000000000001 0.6000000000000001 0 0 2.2 0 0 0.2 0.8 0.6000000000000001 0 0 0.4 0 0 0.8 0.4 0 0.2 2.2 0 0 0 0 1.2000000000000002 0.4 0.6000000000000001 0 0 0 0 0 0 1.6 0 0 0 0 0 0 0 0.6000000000000001 0.2 0.2 8.6 4.6000000000000005 2.6 3.8000000000000003 2.2 0 6.2 4 0 13.600000000000001 2.2 0 3.8000000000000003 0 7.2 5.4 0 0 0 0.8 0.2 0 0 0 0 0 0 0 0 0 2.2 2.6 0.6000000000000001 0 0.4 0 0 7 0 0 0 0 0 0 0 0 0 0 0 0 0 0 0 0 0 0 0 0 0 0 0 0 0 0 0.4 0 0 0 0 0 0 0 0 0 0 0 1 0 3.8000000000000003 3.2 3.8000000000000003 2.2 3.8000000000000003 2.2 0 0 0 10.600000000000001 6.800000000000001 4.800000000000001 0 0.2 3.2 7.4 3.4000000000000004 1.8 0 0 3 0 0 0 0 0 0 0.2 0 0.4 0 0 0.2 0 0 0 0 0.4 0.2 5.2 0 0 0 0 0 0 0 0 0 0 0 0 0 0 0 0 0 0 0 0.2 0 0 0.4 0 0 0 0 0 0 2.6 0 0 0 0 0 0 0 0 0 0 0 0 0 0 0 0 1 0 17.8 0 2.4000000000000004 0.2 0 0 0.2 0 0 0 0 0 0 2 6.6000000000000005 0 0 0 0 0 0 0 0 0 0 0 0 1.8 2.2 0 0 0 0 0 0 0 0 0 0 0 0 0 
 25 79.4 57.2 10 13 83 8.8 29 25 52.800000000000004 71.60000000000001 0 27.400000000000002 58.800000000000004 14.4 16 73.60000000000001 61.2 46.800000000000004 43.6 0 0.4 0 0.8 0.6000000000000001 0 15.4 15.8 0 0.8 0 0.4 0.4 0 0 0.8 0 1.2000000000000002 15.4 16.400000000000002 10.8 0 0.6000000000000001 0.6000000000000001 0.4 0 0.2 0.6000000000000001 0 0 0 1.4000000000000001 0 0.6000000000000001 0.6000000000000001 0 0.6000000000000001 0.2 0 0 0 0 0.6000000000000001 0.4 1.6 0 0.6000000000000001 0.4 0.4 0.6000000000000001 0.6000000000000001 0 0 0.6000000000000001 0 0 0.4 0 0 0.6000000000000001 8.200000000000001 6.800000000000001 17 10 0 0.2 0 0 0 5.6000000000000005 4.800000000000001 6.6000000000000005 0 0.4 0 0.8 0 2.2 0 0 2.6 0.2 0 5 0 0 0 0 0 0 0 0 0 0 0 0 0 0 3 3.2 0 0 0 0 0 0 0 0 0 0 0 0 0 2.2 0 0 0 0 0 0 0 0 0.8 0 0 0 0 0.2 1 0 0.6000000000000001 0 0 0 0.2 0 0 0 0 0 10.600000000000001 0 5.2 2.8000000000000003 2.8000000000000003 0 0 3.6 3.8000000000000003 0.2 1.2000000000000002 3.6 0 7 2.4000000000000004 4.800000000000001 7.6000000000000005 4.6000000000000005 0 2.2 0 0 0.2 0 0 0 0 0 0 0 0 0 2.2 2 0 0 0 0 7.4 0 0 0 0 3.6 0 3.8000000000000003 3.4000000000000004 0 0 0 0 0 0 0 0 0 0 0 0 0 0 0 0 0 0 0 0 0 0 0 0 0 0 0 0 0 0 0 0 1.8 0 2.4000000000000004 0 0 0 0 0.8 0.4 0.6000000000000001 18 2.2 0.6000000000000001 4 0 0 0 0 0 0 0 0 0 0 0 0 0 0.4 0 0 0 0 0 0 0 0.2 3.2 0.4 3.6 0 0 0 0 0 0 0 0 0 0 0 0 
 73 27 11.200000000000001 13.4 105.2 6.800000000000001 61.400000000000006 28 26.6 9.200000000000001 4.800000000000001 27.400000000000002 0 15 24.8 6.800000000000001 51.6 27.8 26.200000000000003 29.200000000000003 0 0 0 0.2 0 0.2 0.4 0.4 0 0 0 0 40 0 0 0 0 0.4 0.6000000000000001 40.800000000000004 0 0 0.6000000000000001 0 0.4 0 0 0.6000000000000001 0 0 0 0 0 0.4 0.4 0 0.2 0.4 0 0 0 1.2000000000000002 0 0 0.6000000000000001 0 0 0 0 0 0 0 0 0 0 0 0 0 0 0.6000000000000001 3.8000000000000003 2.6 0 0.8 0 0 4.800000000000001 3.8000000000000003 0 2 3 2.8000000000000003 0 5 3 1.4000000000000001 2.4000000000000004 0 2.8000000000000003 4.800000000000001 0 0 0 0 0 0 0 0 0 0 0 0 0 0 0 0 0 0 0 0 0.6000000000000001 0 0 0 0 0 0 0 0 0 0 0 0 0 0 0 0 0 0 0 0 0 0 0 0 0 0 0 0 0 2.4000000000000004 0 0 2.2 0 0 0 1 0 0 3.2 2.6 0 0 0 0 5 1.8 0 0 2.6 0.2 6 1.8 2 2.4000000000000004 8.6 0 6 2.8000000000000003 0 0 0 0 0 0 0 0 0 0 0 0 0 0 0 0 0 0 0 0 0 0 0 0 0 0 0 0 0 0 0 0 0 0 0 0 0 0 0 0 0 0 0 3.2 0 0 0 0 0 0 0 0 0 0 0 0 0 0 0 0 0 0 0 0 0 1.2000000000000002 0 0 0.4 0 3.2 2.2 0.2 0 0 0 0 0 0.4 0 0 0 0 0 0 0 0 0.4 0 0 0 0 0 0 0 0 0 0 0 0 0 0 0 0 0 0 0 0 0 0 
 27 25.6 31.8 12 32.6 6.6000000000000005 36.4 16.400000000000002 26.200000000000003 35.4 9 58.800000000000004 15 0 44 28.6 44.400000000000006 9 16.6 25.6 0 0 40.800000000000004 0.2 0 0 40.400000000000006 0.4 0 0 0 0 0 0.4 0 0 0 0 0.6000000000000001 0.6000000000000001 0 0 0.6000000000000001 0.4 0 0 0.6000000000000001 0.6000000000000001 0.6000000000000001 0 0.6000000000000001 0.6000000000000001 0 0.2 0.8 0 0 0.4 0.4 0 0 0 0 0 0.4 10 0 0.6000000000000001 0 0.4 0 0 0 0.4 0 0 0 0.2 0 0.6000000000000001 9.4 2.2 2.8000000000000003 8.4 0.2 0 0 2.8000000000000003 3.6 3.2 4 3.2 1.6 1 0 2.8000000000000003 5.4 0 0 0 0 0 0 0 0 0 0 0 0 0 0 0 0 0 0 0 0 0 0 0 0 0 0 0 0 0.4 0 0 0 0 0 0 0 0 0 0 0 0 0 0.2 0 1 0 0 0 0 0 0 0.6000000000000001 0.4 2.4000000000000004 0 0 0 0.2 0 0 0 0 0 3.8000000000000003 0 3.6 0 1.8 0 2.4000000000000004 2 7 5 7.6000000000000005 2.2 2.4000000000000004 4 9.8 0 3.2 0 2.8000000000000003 2 0 0 0 0 0 0 0.2 0 0 0 0 0 0.2 0 0 0 0 0 0 0 0 0 0 0 0 0 0 0 0 0 0 0 0 0 0 0 0 0 0 0 0 0 0 0 0 0 0.2 0 0 0 0 0 0 0 0 0 0 0 0 0 0 3.2 0 0 0 0 17.400000000000002 0.4 18.6 0 2.6 1.2000000000000002 0 0 0 0 0 0 0 0 0 0 0 0 0 0 0 0 0 0 0 0 0 0 0 3.6 1.4000000000000001 0 0 0 0 0 0 0 0 0 0 0 0 0 
 26.200000000000003 9.600000000000001 18.2 16 18 10.4 71.60000000000001 47.400000000000006 38.2 76.80000000000001 32.6 14.4 24.8 44 0 98.2 31.200000000000003 33.800000000000004 77 43.6 0.4 0 0 0.8 0 0 0 0.4 0 0 0 0 0 0 0 0 0.2 0.4 0.4 1 0 0 0.6000000000000001 17.2 0 0 0 0.6000000000000001 0 0 0 0 0 0.2 0.4 0 0 0 0 0 0 0 0 0 0.4 0 0 0 0 0 0 2.6 0 0 0 0 0 0 0.4 0.6000000000000001 4.800000000000001 7.4 0.4 0.2 1.4000000000000001 0 1 0.2 6.6000000000000005 0 3.8000000000000003 1.6 1.2000000000000002 11 4 5 1.8 3.4000000000000004 0 0 0 0 0.4 0 0 0 2.8000000000000003 0 0 0 0 0.2 0 0 0 0 0 0 0 2.4000000000000004 0 0 0 0 0 0 0 0 0 5.2 0 0 0 0 0 0 0 0 0 0 0 0.8 0 0 0 0 0 0 0.2 0 0 0 3.8000000000000003 0 1.4000000000000001 0 0 0.2 0 0 0.2 0 7 0.2 5.4 2.2 2.2 0 4.800000000000001 0 0 16.400000000000002 2 0 4.6000000000000005 2 0.4 0 0 2.6 0 0 0 0 0 0 7.6000000000000005 0 0 0 0 0 0 0 0 0 0 0 0.4 0 0 0 0 0 0 0 0 0 0 0 0 0 0 0 0 0 0 0 0 0 0 0 0 0 0.4 0 0 0 0 0 0 0 0 0 0 0 0.4 0 0 0 0 0 0 0 0 0 0.4 0 0.4 0 4.4 2 0 0 0 0 0 0 0 0 0 0 0 0 0 0 0 0 0 0 0 0 0 0 0 0 2 0 0 0 0 0 0 0 0 0 0 0 0 0 
 23.400000000000002 27.400000000000002 55.2 57.800000000000004 12.200000000000001 38 10 31.6 16.6 42 21.6 16 6.800000000000001 28.6 98.2 0 63.400000000000006 9.200000000000001 8.6 32.6 0 0 0 0.2 0 0 0 0.4 0 0 0 0 0 0 0 0 0 0.2 0.8 0.6000000000000001 0 0 5.800000000000001 0 0 0 1.2000000000000002 0.6000000000000001 0 0 0 0 0 0 0.4 0 0.8 0 0 0 0 0 0 0 0.2 0 0 0 0 0 0 0 0 0 0 0 0 0 0 0.6000000000000001 1.4000000000000001 3.2 4.6000000000000005 4.4 0.2 0 0 4 5.6000000000000005 5.800000000000001 0 0.2 0 2.8000000000000003 3.2 9.200000000000001 0 3.8000000000000003 0 1.8 0 0 0 0 0 0 0 0 0 0 0 0 0 0.2 0 0 0.4 0 0 4.6000000000000005 0 0 0 0 0 0 0 0 4.2 0 0 0 0 0 0 0 0 0 0 0 0 0 1.4000000000000001 0 0.8 0 0 0 1.6 0 1 0 0 0 0 0 0 0 0 0 0.2 0 2 4 1.2000000000000002 0 0 0.2 5 0.2 0 0 0 6.2 0 3 6.4 4 0 1.2000000000000002 0 0 0 0 0 0 0 3 0 0 0 0 0 0 1.4000000000000001 2.8000000000000003 0 0 3.8000000000000003 0 0 0 0 3 0 0 0 0 0 0 0.2 0 0 0 0 0 0 0 0.4 0 7.6000000000000005 0 0 0 0 0 0 0 0 0.4 0 0 0 0 0 0.2 0 0 0 0.2 0 2.8000000000000003 0 0 0 0.2 0 0.4 0.4 0 0 0.4 0 0 0 0 0 0 0 0 0 0 0 0 0 0 0 0 0 0 0 0 0 0 0 0 0 3.8000000000000003 0 0 0 0 0 0 2.8000000000000003 0 0 0 0 0 
 24.400000000000002 26.200000000000003 11.4 11.600000000000001 58.2 10.200000000000001 72.60000000000001 63.2 7.4 43.6 31.6 73.60000000000001 51.6 44.400000000000006 31.200000000000003 63.400000000000006 0 31 6.800000000000001 25.400000000000002 0.4 0 0.2 0.6000000000000001 0 0 0.4 0.4 0.2 0 0 12.4 0 0.4 0 0 0.4 0.2 0.6000000000000001 0.8 0 0 0.6000000000000001 0 0 0 0 0.6000000000000001 0 13.4 0 0 9.600000000000001 0.4 0.4 0 0.2 0 0 0 0 0 0 0 0.6000000000000001 0 0 0 0 0.4 0 0 0 0 0 0 0 0 0 0.6000000000000001 7.800000000000001 0.2 4.4 9.8 1.8 0 0 3.6 8.200000000000001 4.4 1.6 4 0 2.8000000000000003 1.8 5 5.2 3.2 0 0 0 0 0 2.4000000000000004 0.4 0 0 0 0 0 0 0 0 0 0 0 0.2 0 0.4 2.6 0 0 0 0 0 0 0 0 0.2 0 0 0.2 0.2 0 0 0 0.4 0 0 0 0 1.6 0.2 0 0 0 0 0 0.2 0 3 0 0 0.2 0 0 0 0 0 0 3 0 5 0 2.4000000000000004 0 2.6 2.2 5.4 5.6000000000000005 6 2.4000000000000004 0 4 7.4 0 7 0 2.8000000000000003 1.8 0 0 0 0 0 0 0 0 0 0 0 0 0 0 0 0 0 0 0.2 0.4 0 0 0 0 0 0 0 0 0 0 0.4 0 0 0 0 0 0 0 0 0 0 0 0 0 0 0.4 0 0 0 0 0 0 0 0 0 0.4 0 0.4 0 0 0 3.8000000000000003 0 0 0 0.2 16.8 0 18.2 0.4 2.6 2 0 0 0 0 0 0 0 0 0 0 0.6000000000000001 0 0 0 0 0 0 0 0 0 0 0 0 3.4000000000000004 4.2 0 0 0 0 0 0 0 0 0 0 0 0 0 
 61.800000000000004 23.8 29.400000000000002 29.8 26.400000000000002 31.8 7 6.4 7.4 34 24.400000000000002 61.2 27.8 9 33.800000000000004 9.200000000000001 31 0 22.6 4.4 0 0 0.4 0 0 0 0 0.4 0.8 0 0 0 12 0.2 0 0 0 0.4 7.4 0.6000000000000001 0 0 1.2000000000000002 0 0 0 0 0.6000000000000001 0 0 0 0 0 0.4 0.4 15 0.2 1.8 0 0 0 0 0 0 0.6000000000000001 0 0 0 0 0 0 5 0 0 0 0 0 0 0 0.6000000000000001 0.2 6.4 5.2 2 1.8 2.4000000000000004 3 2.6 2.8000000000000003 7.2 0.4 1.8 3 0 3.8000000000000003 5 3 4.4 0 0 0 0 0 0 0 0 0 0 0 0 0 0 5.2 2 0 0 4 0 0 4.6000000000000005 0 0 0 0 0 0 0 0 1.6 0 0 0 0 0 0 0 0 0 0 0 0 0 4.4 0 0.8 0 0 0 1 0 0.8 0 0 0 0 0 0 0 0 0 1 0 2.6 8.200000000000001 2.6 4.2 0 0.2 0 0.2 0.6000000000000001 2.8000000000000003 1.8 5.4 0 3 0 7.800000000000001 0 2.6 0.2 0 0 0 0 0 2 3 0 0 0 0 3.8000000000000003 0 0 0 0 0 0.6000000000000001 6 0 0 0 0 0 0 0 0 0 0 0 0 0 0 0 0 0 0 0 0 0 0 0 0 0 0 0 0 0 0 0 0 0 0 0 0 0 0 0 0 0 0 0 0 0 0.4 0.6000000000000001 0 0.8 0.4 0 1.4000000000000001 0 0 0 0 0 0 0 0 0 0 0 0 0 0 0 0 0 0 0 0 0 0 6.6000000000000005 0 1.2000000000000002 4 0 0 0 0 0 0 0 0 0 0 0 0 
 9.200000000000001 9.200000000000001 52.6 60.6 11.4 12.200000000000001 8 32.2 16.8 14.4 7.800000000000001 46.800000000000004 26.200000000000003 16.6 77 8.6 6.800000000000001 22.6 0 39.800000000000004 0 12.200000000000001 0 0.2 0 0.2 0 0.8 0 0.2 0.4 0 16 0 0 0 0 0.2 0.4 0.6000000000000001 0 0 0.6000000000000001 0 0 0 0 0.6000000000000001 0.6000000000000001 0 0 0 0 0.2 13 0 0.2 0 0 0 0 0 0 0 0.4 0 0 16 0 0.4 9.200000000000001 1.2000000000000002 0 9.4 0 0 0 0 0 0.6000000000000001 0 2.4000000000000004 0 0 0 0 10 0 2.4000000000000004 0 0 1.4000000000000001 2 0 2.4000000000000004 0 0 2.2 6.6000000000000005 6.4 0 0 0 0 0 0 0 0 0 0 0 0 0 0 0 0 0 0 0 0 0 0 0 0 0 0 0 0 0 0 0 0 0 0 0 0 0 0 0 0 0 0 0 0.4 0 0 0 0 0 0 0 0 0 0 0 0 0 4.6000000000000005 0 0 0 0.2 2.8000000000000003 0 4.2 1.6 0 4.2 0 0 0 3.4000000000000004 0 2.6 0 0.4 8.200000000000001 0 1.4000000000000001 2.2 0 0 0 0 0 0 0 0 0 0 0 0 0 0 0 0 0 0.2 0 0 1.2000000000000002 0 0 0 0 0 0 0.2 0 0 0 0 0 0 0 0 0 5 0 0 0 0 0.4 0 0 0 0 0 0 0 0 0 0 0 0 0 0 0 0 0 0 0 0 0 0 0.2 0 0 0 0.2 0 1.2000000000000002 0 0 0 0 0 0 0 0 0 0 0 0 0 0 0 0 0 0 0 0 0 0 0 0 0 0 0 0 0 0 0 0 0 0 0 0 0 0 
 48.800000000000004 49 53.6 14.600000000000001 78.4 13 21.6 15.8 42.2 68.2 28.200000000000003 43.6 29.200000000000003 25.6 43.6 32.6 25.400000000000002 4.4 39.800000000000004 0 0 0 0 0.2 0 0.6000000000000001 15.200000000000001 1.4000000000000001 0.4 0.6000000000000001 0 0.2 0 0 0 0 0 0.4 0.6000000000000001 1.2000000000000002 0 0 0.6000000000000001 0 0.4 0.6000000000000001 0 0.6000000000000001 0.6000000000000001 0 0 0.2 1.4000000000000001 1 1 0.6000000000000001 0.2 0.6000000000000001 0 0 0 0 0 0 0.6000000000000001 0 0 0 0.2 0.4 0 0.4 0 0 0.4 0 0 0 0.2 0.6000000000000001 0 3.4000000000000004 3.6 2.2 1 0 4.2 2.2 0 4 0 0 1.2000000000000002 1.2000000000000002 2.4000000000000004 8.6 2.6 0.2 2.2 0 0 0 0 0 0 0 0 0 0 0 3.4000000000000004 0 0 1.4000000000000001 0 0 0 0 0 0 0 0 0 0 0 0 0.2 0 0 0 0 0 0 0 0 0 0 0 0 0 0 0 2.2 0 0.2 0 0 0 0 0 0 0 0 0 0 0 0.4 0 0 0 3 2.8000000000000003 0.2 1.2000000000000002 0 1.4000000000000001 0.2 8.200000000000001 0 0 0 5.6000000000000005 8.8 5.4 4.2 0.4 8 0 0.8 7.2 0 0 0 0 0 0 0 0 0 0 0 0 0.2 0 0 0 0 0 0 3.6 0 0 0 0 0 0.2 0 0.2 0 0 0 0 0 0 0 0 0 3.6 0 0 0 0 0 0 0 0 0 0 0 0.2 0 0 0 0 2.6 0 0 0 0 0 0 0 0 0 0 0 0.6000000000000001 0 0.4 0 0 1 0 0 0 0 0 0 0 0 0 0 0 0 0 0 0 0 0 0.2 0 0 0 0 0 0 1 0 0 0 0 0 0 0 0 0 0 0 0 0 
 0.4 0.4 0 0.4 0.6000000000000001 30.400000000000002 0 0 0 0.2 0 0 0 0 0.4 0 0.4 0 0 0 0 23.400000000000002 46.400000000000006 27.400000000000002 49.800000000000004 7.4 82.4 60.2 11.8 56.2 13.4 9 36.4 94.80000000000001 72 39 27.6 7 34.4 43.800000000000004 0 0 12.4 0 0.6000000000000001 0 0.2 0 0 0 0 0 0 0 2.2 0 0 0 0.8 0 0 0.4 0.8 0 0 0 0 0.6000000000000001 0 0.4 0.6000000000000001 0 0.6000000000000001 0 0 0 0 0 0 0.6000000000000001 0 0 0 0 0 2.8000000000000003 0 0 0 0 2.6 0 0 0 0 0 0 0 0.2 0 1.8 13 3.8000000000000003 0 0 2.8000000000000003 9 4.6000000000000005 5 6.800000000000001 6 0.2 3 1.4000000000000001 4 0 5.6000000000000005 5 7.6000000000000005 0 0.2 0 0 0 0 0 0 0 0 0 0 0 0 0 0 0 0 0 0.6000000000000001 2.2 0 0 0 0 0 0 0 0 0 0 0 0 0 0 0 0 0 0 0 0 0 0 0 0 0.2 0 0 0.4 0 3 0 0 0 0.4 0 0 0 0 0 0 8.200000000000001 2 8 0 3 0 3.4000000000000004 3.2 10.8 0 3.2 0 8.8 4.800000000000001 9.200000000000001 14.4 3.4000000000000004 2.4000000000000004 0 3.8000000000000003 0 0 0 0 0 0 0 0 0 0 0 0 0 0 0 0 0 0 3.4000000000000004 0 0 0 0 0 0 0 0 0 0 0 0.2 0 0 0 0 0 0.2 4.2 3.4000000000000004 0 0 0 0.2 0 0 0 0 0 0 0 0 0 0 0 2.6 0.2 0.4 0.2 0 0.4 0.4 0.4 0 0 0 0 0 0 0 0 0 0 0 0 0 0 0 0 0 0 0 3.6 0 0 0 2.8000000000000003 0 0 0 0 
 0 0 0 0 0.6000000000000001 0 0.4 0 0 0.2 0.8 0.4 0 0 0 0 0 0 12.200000000000001 0 23.400000000000002 0 36 34.800000000000004 6.6000000000000005 39.800000000000004 16.2 14.200000000000001 91.4 75.8 51.2 25.8 11.8 8.4 37.800000000000004 59.6 68 16.6 8.6 39.6 0 0 0 0 0.6000000000000001 0 0 0 0 0 0 0 0 2 0 0 0.2 0 0 0 0 0 0.8 0 0 0 0 0.6000000000000001 0 0.4 0.6000000000000001 0 0.6000000000000001 0 0 0 0 0 0 0.6000000000000001 0 0 0 0 0 1.8 0 0 2.4000000000000004 0 1.4000000000000001 3.2 0 0 0 0 0 0 0 0 0 0 7.800000000000001 25.200000000000003 4.6000000000000005 8 2.6 0.2 0 0 7 3.6 1.6 3.2 0.2 9.200000000000001 5.4 7.4 0 7 0 0 0 0 0 0 3 4 7 0 0 0 10.200000000000001 3.2 0 0 0 0 0 0.2 0 0 0 0 0 0 0 0 0 0 0 0 0 0 0 0 0 0 0 0 0 0 0 0 0 1.8 0 0 0 0 0 0 0 0 0 0 2.4000000000000004 0 0 0 1 4.2 4.6000000000000005 4.6000000000000005 0 0.4 0 2 0 7 1.4000000000000001 5.800000000000001 0 0 0 7.4 5.6000000000000005 4 1.2000000000000002 2 5.2 0 0 0 0 0 1.4000000000000001 0 0 0 0 0 2.6 2.2 0.2 0 0 0 1.8 0 0 0 3 0 0 0 0 0 0 0 0 0 0 0 0 0 0 0 0 0 0 0 0 0 0 0 0 0 0 0 0 0 0 0 1.2000000000000002 0 0.6000000000000001 0.4 0 0 0 1.6 0 0 0 0 3 0 0 0 0 0 0 0 0 0 0 0 0 1.4000000000000001 0 1.8 0 0 0 0 0 0 0 0 
 0 0 0 0 0 0 0 0 0 0 0 0 0 40.800000000000004 0 0 0.2 0.4 0 0 46.400000000000006 36 0 26.400000000000002 6 22.400000000000002 19.6 35.4 31.400000000000002 40.400000000000006 25.200000000000003 38.6 21.8 27 38.800000000000004 11.4 10.600000000000001 23.400000000000002 12.200000000000001 41.400000000000006 0 0 0 0 0.6000000000000001 0 0.4 0 0 0.2 0 0 0 0 0 0 0 0 3.8000000000000003 0 0 0 9 0 0 0 0 0.6000000000000001 0 0.4 0.6000000000000001 0 0.6000000000000001 0 0 0 0 0 0 0.6000000000000001 0 0.2 0 0 0 0 0 0 0 0 0 0 0 0 0 0 0 0 0.4 0 2.6 5.6000000000000005 7 3.8000000000000003 0.4 0.2 7.2 5.4 1.6 2.2 8.6 4 0 2 6.800000000000001 2.6 3 4.4 1.8 0 0.4 0 0.6000000000000001 0 0.6000000000000001 0 4.2 0 0.2 0 0 0 3 1.4000000000000001 0 0.4 0 0 0 1.4000000000000001 0 0 0 0 0 0 0 0 0 0 0 0 0 0 0 0 0 0 0 0.4 0 0 0 0 0.2 0.2 0 0.2 0 3.2 0 0 0 0 0 0 0 0 0 0 2.8000000000000003 5.2 7.4 4.2 4.4 3.8000000000000003 0 2.6 2.4000000000000004 2 5.6000000000000005 5 0 0.6000000000000001 5.6000000000000005 2.4000000000000004 5.6000000000000005 0 0 0.2 2 0 0 0 0 0 0 0 0 0 0 0 2.2 0 0 3.4000000000000004 0 0 7 2.2 4.2 0 0 0 0 0 0 0 0 0 0 0 0 1.8 0 0 0.4 0 0 0 0 0 0 0 0 0 0 0 0 0 0 0 0 0 0.4 0.6000000000000001 0.4 0 0 0 0 0 0 0 0 0 0 0 0 0 0 0 0 0 0 0 0 0 0 0 0 2.2 0 0 0 2.6 3 0 0 0 
 0.4 0.6000000000000001 0.4 0.4 0 0 0.4 0.2 1.6 0 0.2 0.8 0.2 0.2 0.8 0.2 0.6000000000000001 0 0.2 0.2 27.400000000000002 34.800000000000004 26.400000000000002 0 26.200000000000003 7.800000000000001 44.800000000000004 34.2 25.8 24 73.4 12.600000000000001 55.400000000000006 14.200000000000001 28.8 14.8 38.6 76.80000000000001 9.4 72.60000000000001 0.4 0 0 0 1 0 4.800000000000001 17 0 0 0 0 4 12.600000000000001 0 0 0 0.2 6.2 0 0 0 0.6000000000000001 0 0 0 0 0.6000000000000001 0 6.6000000000000005 13.8 0 0.4 0 0 0 0 0 0 0.6000000000000001 0 0 4.6000000000000005 2.4000000000000004 0 0 0 0 0 0 0 0 0 0 0 0 0 2.6 0 0 3 2 2.6 0 0 1 5.4 5.800000000000001 2.8000000000000003 3.6 5.6000000000000005 5.800000000000001 2.8000000000000003 0 4.2 1.8 0.4 3.4000000000000004 0 0 2 3.4000000000000004 1.4000000000000001 0 0 0 0.2 0 2.4000000000000004 0 0 0 0 2.2 11 0 0 0 15.4 0.2 0 0 0 0 0 0 0 0 0 0 0 0 0 0 0 0 0 0 0 1.2000000000000002 0 0 0 0 0 0 0 0 0 0 0 0 0.4 0 0 0 1.8 0 0 0 4.4 2.4000000000000004 6.2 2.6 2.8000000000000003 9.600000000000001 0 1 3.6 4.6000000000000005 3.4000000000000004 2.4000000000000004 0.8 2.8000000000000003 6 1.4000000000000001 4.2 0 0 0 0 0 0 0 0 0 0 0 0 0 0 0 0 2.6 1.2000000000000002 2 0 0 10.200000000000001 1.6 0 0 0 0 0 0 0 0 0 0 0 0 0 0 0 0 0 0 0 0 0 0 2.6 0 0 0 0 0 0.2 0 0 0 0 0 3.2 0.4 0.2 15 16 0 0.2 0 0.2 0 0 0 0.2 0 0 0 0 0 0 0 0 0 0 0 0 0 0 0 0 0 0 0 0 0 0 0 
 0 0.2 0.2 3.4000000000000004 1 0.4 0 0 0 0 0 0.6000000000000001 0 0 0 0 0 0 0 0 49.800000000000004 6.6000000000000005 6 26.200000000000003 0 16.400000000000002 40 37 13.8 56.400000000000006 18.400000000000002 22.8 18 14 11 53.6 66.60000000000001 23.200000000000003 9.8 14.200000000000001 0 12.200000000000001 0 0 3.4000000000000004 0 13.8 14.200000000000001 0 0 0 0.4 25.8 25 11 12.200000000000001 4.2 12.4 28.8 12.4 0 0 0.6000000000000001 0 0 0 0 0.6000000000000001 0 0.4 0.6000000000000001 0 0.6000000000000001 0 0 0 0 0 0 0.6000000000000001 0 0 0 0 0 0 0 0 3.2 0 0 0 0 0 0 0 0 0 0 0.4 3.4000000000000004 0 10.600000000000001 0 0.2 0 0 2.2 0 0 0.2 2.2 0 0 4.2 2.2 0 0 0.4 0 2.4000000000000004 4.4 8.8 2 0 0 3.2 0 3.8000000000000003 0 0 0.4 2.2 2.2 9 0.2 4.2 0.2 9 0 0 0 0 0 0 1.2000000000000002 1.6 0.4 0 1.4000000000000001 2.2 0 0 0 0 0 0 0 0 1.4000000000000001 0 0 0 0 0 0 0 0 0 0.2 0 0 0 0 2.2 0 0 0 0 0 0 0.2 0 0 0.4 4.6000000000000005 0 0 0.2 2.8000000000000003 0.2 0 0 0 0 0 3.4000000000000004 0.2 0 0 3.6 0.8 0.2 0 0 0 3.4000000000000004 0 0 2.2 3.8000000000000003 0 4.6000000000000005 3 3.4000000000000004 4.2 0 6.800000000000001 6.6000000000000005 17.2 0 0 0 0 0 0 0.2 0 0 0 0 0 0 0 0 0.4 0 0 0 0.4 0 0 2.6 0 0 0 0 0 0 0 0 0 0 0 1.2000000000000002 0.2 1.4000000000000001 15.4 16.2 0.2 4.6000000000000005 0 0 0 0 0 0 0 11.200000000000001 0 2.8000000000000003 0 0 0 0 0 0 0 0 0 0 0 0 0 0 0 0 0 0 0 
 0 0.8 0 0.4 14.600000000000001 0 0 0 0 0 0 0 0.2 0 0 0 0 0 0.2 0.6000000000000001 7.4 39.800000000000004 22.400000000000002 7.800000000000001 16.400000000000002 0 6 4.800000000000001 33.2 30.6 60.800000000000004 12.4 5.6000000000000005 34 18.400000000000002 87.2 32.2 25.6 9.8 7.800000000000001 0 12.8 12.600000000000001 0.2 0.4 0 0.6000000000000001 12.600000000000001 0 0 1 0.2 0 0 0 0 0 0 0 11 0 0.8 0.6000000000000001 0 0.6000000000000001 0 0 5.800000000000001 0 1 0.6000000000000001 0 0.6000000000000001 2 0 0.6000000000000001 0 0 0 0.6000000000000001 0 0 0 0 0 0 0 0 0 0 0 0 0 0 0 0 3.2 0 0 0 0 0 2.6 8.6 5.6000000000000005 4.800000000000001 0 0 0 3.6 0.2 0 0 0 0.2 7.4 5.800000000000001 3.8000000000000003 0 0 0 0 0 0 2.6 0 3.8000000000000003 3.2 0.2 0 0 0 16.400000000000002 2 2.8000000000000003 0 0.2 0 4.800000000000001 0 0 0 0 0 0 0 0 1.6 0 2.2 0 0 0 0.2 0 0 1 0 0 0 0 0 0 0 0 0 0 0 3.8000000000000003 0 14.4 0 0 0 0 0 0.8 0 4.2 0 1.8 7 3.6 6.800000000000001 0 3.8000000000000003 0 0 3 3 0.2 4.6000000000000005 0 3.8000000000000003 0 1.8 5.800000000000001 0.2 0 0 1.6 5.2 1.6 0 0 0 0 0 0 0 1.4000000000000001 0 4.2 4.2 3.4000000000000004 1.8 0 4.4 0 1.6 0 0 0 1.4000000000000001 0 0 0 0 0 0 0 0 0 0 0 0 0 0 0 0 0 0 0 0 0 0 0 0 0 0 0 0 0 0 2.4000000000000004 0 1.2000000000000002 1.2000000000000002 0.8 0 0 0 0 0 0 0 0 0 0 0 0 0 0 0 0 0 0 0 0 1.8 0 0 0 0 1.4000000000000001 0 0 0 0 0 
 0 0 0 14.8 0 0.2 0 0 0 0 15.8 15.4 0.4 40.400000000000006 0 0 0.4 0 0 15.200000000000001 82.4 16.2 19.6 44.800000000000004 40 6 0 42.800000000000004 38 27.8 23 14.600000000000001 20.400000000000002 17.400000000000002 52.6 7.2 25.200000000000003 18.2 18.8 48.400000000000006 0 0 0 0 1.6 0 0.4 0 0 0.4 0 0 0.8 0.2 0 0 5.6000000000000005 0 0 0 0 0 0.6000000000000001 0 1 0 0 0.6000000000000001 0 0.2 0.6000000000000001 6 0.4 0 0 0 0 0 0 0.6000000000000001 0 0 0.6000000000000001 0.2 0 1.4000000000000001 0 0 0 0 0 5.6000000000000005 0 0 0 0 0 0 0 0 6 4.6000000000000005 0 0.4 1.4000000000000001 0 0 7 6 0 3.4000000000000004 0 1.2000000000000002 2.6 4.6000000000000005 0 0.2 0 2.4000000000000004 4.4 0 0 0 0 0 0 0 2.4000000000000004 0 0.2 0 0 0 0 0 0 0 0 11.600000000000001 0 0 0 0 0 0 0 0.4 1.2000000000000002 0.2 0 0 0 0 0 0 0 0 0 0 3.8000000000000003 0 0 0 0.4 0 0 0 1 0 0 0 0 0 0 0 0 0 0 0.4 0 0 3 7.4 0.4 0 9.200000000000001 0.2 2 5 3.6 0 0 7.800000000000001 12.8 0.2 2.6 3 2.4000000000000004 1.4000000000000001 0.2 0 0 0 0 0 0 2.8000000000000003 0 0.2 0 0 0 2.2 4.6000000000000005 0.4 0 0 0 0 2.2 0 0 0 0 0 0 0 0 0 0 0 0 0 0 0 0 0 0 0.2 0 0 0 4 0 0 0 0 0 0 4 0 0 3 0 5.4 0 0 15.200000000000001 15.600000000000001 0 0.2 0 0 0 0 0 0 0 0 0 0 0 0 1.8 0 0 0 0 0 0 0 1.6 0 0 0 0 0 0 0 0 
 0.4 0.4 0.4 15.200000000000001 0.4 15.4 0.4 0.4 0.4 0.6000000000000001 0.4 15.8 0.4 0.4 0.4 0.4 0.4 0.4 0.8 1.4000000000000001 60.2 14.200000000000001 35.4 34.2 37 4.800000000000001 42.800000000000004 0 10.8 63.2 51.400000000000006 21.6 81.2 44.800000000000004 59.2 51.400000000000006 31.6 6 87.2 11.600000000000001 0.2 4.2 0 0 0.6000000000000001 0 0.4 0 0 0 0 0 0 0 0.2 0 0 0 0 1 0 0.6000000000000001 0.8 0 0 0.2 0 1.4000000000000001 0 0 0.6000000000000001 0 0.4 0 0 0 0 0 0 0.6000000000000001 0 2.6 0.4 0 0 5.2 0 0 0 0 0 3.6 0 0 0 0 1.6 0 0 0 6.4 6 3.8000000000000003 0.8 0 1.8 1.6 4 3.6 3.8000000000000003 0.2 3.8000000000000003 1.6 1.4000000000000001 9.600000000000001 0.2 1.2000000000000002 7.6000000000000005 7.4 0 0 0 0 0 0 0 0 0 0 0 0 0 0 0 0 0 0 0 2.6 1.8 0 0 0 0 0 0 0 0 0 0 0 0 0 0 0 0 0 0 0 4 0 0 0 0 2.6 2.8000000000000003 0 0.8 0 0 0 0 0 2.6 0 0 0 0 0 0 1.2000000000000002 0.2 6.6000000000000005 0.2 5 3.8000000000000003 5.800000000000001 2.8000000000000003 5.4 2.4000000000000004 2 0.2 6.2 7 7 3 3.6 0 1.2000000000000002 6.800000000000001 0 0 0 0 0 0 0 0 0 0 0 0 0.2 0.4 0 0 0 0 8.200000000000001 0 0 0 0 0 0 0 0 0 0 0 0 0 0 0 0 0 0 0 0 0 0 0 0.2 0 0 0 0 0 0 11.8 0 15.4 0 9.600000000000001 0.4 0.4 0.4 0 1.8 0.4 0.4 0 0 0 0 0 0 0 0 0 0 0 0.4 0 0 0 0 0 0 0 0 0 0 0 0 1.6 2 0 0 0 
 0 0 0 0 0.6000000000000001 0 0 0 0 0 0 0 0 0 0 0 0.2 0.8 0 0.4 11.8 91.4 31.400000000000002 25.8 13.8 33.2 38 10.8 0 45.400000000000006 52.800000000000004 7 22.200000000000003 64.8 25.200000000000003 63.2 12 65.4 31.200000000000003 18 0 0 0 0 1.2000000000000002 11 0 0 0 0.2 0 0 0 5.2 0 0 0 0 0 0 0 0 0.6000000000000001 0 0 0 0 0.6000000000000001 0 0.4 0.6000000000000001 0 0.6000000000000001 0 0 0 0 0 0 0.6000000000000001 0 0 0 0 0 0 0 0 0 0 0 0.2 0 0 0 6.4 0 0 0.4 0 3 0 9.600000000000001 2.4000000000000004 2.2 2.8000000000000003 1.4000000000000001 13.4 0 2.4000000000000004 2.2 3.6 5.4 2 4.800000000000001 11 1.6 6.800000000000001 0 0 0.2 2.2 0 0 0 0 0 0.2 0 0 0 0 2.8000000000000003 3.2 0 0 0 0 5 0 0 0 0 0 0 0 0 0 0 0 0 0 0 0 0 0 0 0 0 0.4 0 0 0 0 0 0 0 0.2 0 0 0 2.6 0 0 0 1.6 1.6 0 0.2 0 2.2 5.800000000000001 8.6 9.600000000000001 2.4000000000000004 6.2 0 2.2 0 0.4 6.4 3.2 3.2 0.2 3.6 9 4.2 2.4000000000000004 2.2 3.2 0.2 2.2 0 0 0 0 1.4000000000000001 0 0 0 0 0 2.4000000000000004 4 2.6 0 0 0 2.8000000000000003 0 0 2.2 0 0 0 0 0 0 0 0 0 0 0 0 0 0 0 0 0 0 0 0 3.8000000000000003 0 0 0 0 0 0 0 0 0 0 0 2.8000000000000003 0 0 0 0 0.4 0.4 2.2 0 0 0 0 0 0 0 0 0 0 0 0 0 0 0 0 0 1.8 0 4.6000000000000005 0 0 0 0 0 0 0 0 
 0 0 0 0.4 0.4 0 0 0 0 0 0 0.8 0 0 0 0 0 0 0.2 0.6000000000000001 56.2 75.8 40.400000000000006 24 56.400000000000006 30.6 27.8 63.2 45.400000000000006 0 35 70.8 15 42.800000000000004 35.2 25.400000000000002 13.8 15 30.200000000000003 24 0 0 0 0 0.6000000000000001 0 0.2 0 0 0 0 0 0 0.2 0 0 0 0 0 0.2 0 0 1.2000000000000002 0 0 0 0 0.6000000000000001 0 0.2 0.6000000000000001 0 0.6000000000000001 0 0 0 0 0 0 0.6000000000000001 0 0 0 0 0 0.2 0 0 0 0 0 0 0 0 0 0 0 0 0 0 0 0.8 5.4 7.4 1.6 4.4 0.8 7.2 9.600000000000001 2.6 2 3.4000000000000004 6.800000000000001 2.2 2.4000000000000004 3.4000000000000004 3.2 6.800000000000001 0 0 0 0 0 0 0 0 3.2 0 0 0 0 0 0 1.2000000000000002 0 0 0 0 0 4.6000000000000005 0 0 0 0 0 0 0 0 0 0 0 0 0 0 0 0 0 0 0 0 0 0 0 0 0 0 0 0 0 0.2 0 0 0 0 0 0 1.2000000000000002 0 0.2 0 1.8 9 7.800000000000001 13 2.2 4.800000000000001 0 0.2 0 1.8 3.6 1.6 8.4 0.6000000000000001 3.8000000000000003 16.2 3 4.800000000000001 4 7.6000000000000005 0 0 0 0 0 0 1.2000000000000002 0 0 0 0 0 0 0 0 0 0 0 1.6 0 0 0 0 0 0 0 0 0 2.2 0 0 0 0 0 0 0 0 0 0 0 0 0 0 0 0 0 0 0 0 0 0 0 0 0 0.4 0 0 15 0.4 0 0.6000000000000001 3.2 0 0 0 0 0 0 0 0 0 0 0.4 0 0 0 0 0 0 2 0 5.4 0 0 0 0 1.6 0 0 0 
 0 0 0 0 0 0 0.2 0.2 0 0 0 0 0 0 0 0 0 0 0.4 0 13.4 51.2 25.200000000000003 73.4 18.400000000000002 60.800000000000004 23 51.400000000000006 52.800000000000004 35 0 28.8 10.600000000000001 24 24.200000000000003 63.400000000000006 56.800000000000004 7.800000000000001 39 40.400000000000006 0 0.6000000000000001 0 0 1.2000000000000002 11.4 0.2 0 0 2.6 0.4 0 0 0 0.4 0 0 0.2 0 0 0 0.4 0.8 0 0 0 0 1 0 0.2 1.2000000000000002 0 0.6000000000000001 0 0.6000000000000001 0 0 0.2 0 0.6000000000000001 0 0 0 0.4 0 0 0 0.4 0 0 0 0 0 0 0 0 0 0 0 0 0 2 2 4.800000000000001 4.6000000000000005 10.200000000000001 1.4000000000000001 2.4000000000000004 1.6 13 7.6000000000000005 3.2 0 0 0 8.8 6 6.4 0 0 0 3 0 0 0 0 2.6 4.2 2.2 0 0 0 6 2.4000000000000004 0 0 0 0 0.2 2.8000000000000003 0 0 0 0 0.2 0 0 0 0 0 0 0 0.4 0 0 0 0 0 0 0 0.2 0 0 0 0 0 0 0 0 0 0 0 0 0 0 0 0.6000000000000001 0 0 0 3 1.4000000000000001 3.4000000000000004 23.6 5.2 0 0 0 1.2000000000000002 3.8000000000000003 1.6 6 3.4000000000000004 2 1.4000000000000001 5.800000000000001 3.6 3 0 0 9.8 2.8000000000000003 0 0 0 0 0 0 1.8 0 0 0 4 2.2 3.4000000000000004 0 0 0 1.2000000000000002 5.2 0 0 0 0 0 0 0 0 0 0 0 0 0 0 0 0 0 0 0 0 0 0 0 0 0 0 0 0 0 0 0 0 0 0 1.8 0 0.6000000000000001 0.2 0.2 0 0 0 0 0 0 0 3 0 0 0 0 0 0 0 0 0 0 0 0 2.2 0 4.800000000000001 0 0 0 0 0 0 0 0 
 14.8 0.8 0 0.4 0 0 0 0 0 0 1.2000000000000002 0.4 0 0 0 0 12.4 0 0 0.2 9 25.8 38.6 12.600000000000001 22.8 12.4 14.600000000000001 21.6 7 70.8 28.8 0 18.8 21.8 11.4 8.4 17.6 28.400000000000002 8.200000000000001 38.400000000000006 0 12.4 0 0.2 0.4 0 0.4 0 0 1.4000000000000001 0 0 12.8 12.8 0 0 0.2 0 6.2 0 0 0 0.6000000000000001 0 0 0 0 0.6000000000000001 0 0.6000000000000001 0.6000000000000001 0 0.6000000000000001 0 0 0 0 0 0 0.6000000000000001 0 0 0 0 0 6.4 0 0 0 0 0 0 0 0 0 0 0 0 0 0 0 2.8000000000000003 0 7.6000000000000005 6.800000000000001 2.2 0.2 2.4000000000000004 15 0 6 1.8 2.6 0.2 3.6 7 2.6 2.4000000000000004 0.4 0 4 0 2.6 0 0 0 2.6 3.6 4.4 0 0 0 0 2.2 0 0 0 0 0 0 0 0 0 0 0.6000000000000001 0 0 0 0 0 0 0 0 0.4 0 0 0 0 0 0 0 0 0 0 0 0 0 0 0 0.2 0 0 0 0 0 0 0 0 0 0 0 3.4000000000000004 1.8 3.2 2.2 2.6 2.4000000000000004 5.6000000000000005 2.4000000000000004 8.6 2 2.8000000000000003 0 0 4 0 0 0 0 2 15 0 0 0 0 0 2 0 2.2 0 0 0 0.6000000000000001 2.8000000000000003 8.4 2.2 0 0 1.4000000000000001 8.4 0 0 3 0 0 0 0 0 0 0 0 0 0 0 0 0 0 0 0 0 0 0 0 0 0 0 0 0 0 0 0 0 0 0 2.2 0.8 0 35.2 0 0 0.8 0 0 0 0 0 2.2 0 0 0 0 0 0 0 0 0 0 0 0 0 0 0.4 0 0 0 0 0 0 0 0 
