 0 76.2 37.800000000000004 18.2 13.8 8 42 62 6.2 5 7.6000000000000005 12 35.4 44.400000000000006 32 95.60000000000001 26.6 47 27.8 72.60000000000001 1.4000000000000001 0.4 0 0 0 1.4000000000000001 0 0.6000000000000001 0 0.2 0 0.6000000000000001 0.4 1 0.6000000000000001 0 0.2 0.2 0.6000000000000001 0 0.6000000000000001 0 1.2000000000000002 1.2000000000000002 0.6000000000000001 0.4 0.6000000000000001 0.6000000000000001 0 0.6000000000000001 0 0.6000000000000001 0 0.6000000000000001 0 0 0 0 0 0 0.6000000000000001 0 0 0 0 0 0.2 0 0 1 0 0 0.4 2.6 0 0 0.6000000000000001 0 0 0 0 0 4.800000000000001 0 0 4 2 0 11.600000000000001 0 0 3.6 0 2.2 5.800000000000001 0 5.800000000000001 0.4 1.8 0 0 0 0 0 0 0 0 0 0 0 4.6000000000000005 0 0 0 0 0 0 0 0 4.4 0 0 0 6.800000000000001 0 0 0 0 0 0 0 0 0 0 0 0 0 0 0 0 0 0 0 0 0 0 0 0 0 0 0 0 0 0 0 0.2 0 0 0 0 1.2000000000000002 4 0 0 1.4000000000000001 2.8000000000000003 2.2 0 1.2000000000000002 4.6000000000000005 1.6 0 0 6.800000000000001 5.6000000000000005 2 0 0 3 2.2 0 0 0 0 0 0 0 0 0 0 4.2 0 0 0 0 0 0 0 0 0 0 0 0 0 0 0 0 0 0 0 0 0 0 0 0 0 3.6 0 0 0 0 0 0 0 0 0 0 0 0 0.6000000000000001 0 1.4000000000000001 0 0 0 0 0 0 0 0 0 0 0 0 0 0.4 0.2 0 0.2 0 3 1.8 0 0 0 0 0 0 0 0 0 0 0 0 0 0 0 0 0 0 0 0 0 0 0 0 0 0 0 0 0 0 0 0 0 0 0 0 0 0 
 76.2 0 40.400000000000006 12 9.8 11 19.6 33.800000000000004 10.4 42.400000000000006 10.8 51 44 59.800000000000004 40.6 61.6 14.200000000000001 8.200000000000001 81.4 75.60000000000001 0.6000000000000001 0.6000000000000001 0.6000000000000001 0 0 0.6000000000000001 0.2 0 0.2 15 0.4 0.8 0.8 1.4000000000000001 0 0 0.6000000000000001 0 0.6000000000000001 0 0 0 0.6000000000000001 1.2000000000000002 0.6000000000000001 0.4 0.4 0 0 0.6000000000000001 0 0.8 0 0.6000000000000001 0 0.4 0 0 0 0 0.6000000000000001 0 0 0 0.6000000000000001 0 0.2 0 1.2000000000000002 1.4000000000000001 0.4 0.4 0.8 1.8 0.6000000000000001 10 11 0.4 0 0 2.2 5.2 3 0 0 4.6000000000000005 7 4 5.800000000000001 1.8 0 11 2.2 5.800000000000001 3.2 8.6 3.8000000000000003 2.8000000000000003 3.6 0.8 0 0.4 2.4000000000000004 0 0.4 0 0 0 0 0 0 0 0 0 0 0 0 0 0.4 0 0 0 0 0 0 0 0 0 0 0 0 0 0 0 0 0 0 0 0 0 0 0 0 0 0 0 0 3.6 0 0 0.4 0 0 0 0 0 0 0 0 0 5 1.8 4.800000000000001 0 0.8 0 5 7 3.6 6.800000000000001 4.800000000000001 4 3.8000000000000003 3.6 8.8 2.4000000000000004 2.2 0 0 3 0 0.2 0 0 0 0 0 0 0 0 0 0 0 0 0 0 0 0 0 0 0 0 0 0 0 0 0 0 0 0 0 0 0 0.4 0 0 0 0 0.2 0 0 0.4 0 0 0 0 0 0 0 0 0 0 0 0 0 0 0 0 0 0.2 0 4.2 0 0 0 0.2 0 0 0.2 0 3.6 1.4000000000000001 0 0 0 0 0 0 0 0 0 0 0.2 0 0 0 0 0 0 0 0 0 0 0.4 0 5.2 0 0 0 0 0 0 0 0 0 0 0 0 0 0 
 37.800000000000004 40.400000000000006 0 23.8 7.800000000000001 25.6 16.2 23.8 21 9.600000000000001 28.400000000000002 27 30.8 100.60000000000001 31 37 29.8 43.6 6.4 21.400000000000002 0.6000000000000001 0.4 0.2 0.4 0 0 14.8 0 0 0 0.4 0.6000000000000001 0.4 16.2 0 0.4 0.4 0 16.2 14.8 0 0 0.6000000000000001 0.4 0 0.6000000000000001 0.4 0 0 0.6000000000000001 0.2 0.6000000000000001 0 0.6000000000000001 1 0.2 0 0 0 12.4 2.2 0 6 0 0 0 0.6000000000000001 0 10 0.4 0 0 0 0.4 0 0 0 0 0 0 2.4000000000000004 6.6000000000000005 3 3 1.4000000000000001 0.2 2.2 0 3.2 0.2 0 0.2 2.6 0 4.4 0 0 0 0 0 3.8000000000000003 0 0 0 0 0.2 5.6000000000000005 0 0 0 0 0 4.4 2 3.8000000000000003 0 0.2 0 1 0.2 0 0 0 0 0 0 0 0 0 0 1.2000000000000002 0 0 0.2 0 0.4 0 0 0 0 0 0 0 0 0 0 0 0 0 0 0 0 0.4 0 3 0 0 0.4 0 0 2.6 0 4.800000000000001 3.2 0 2 1.8 3 2.6 2.2 3.2 3.2 2.6 0.2 6 1.6 8 2.6 0 0 2.8000000000000003 0 0 0 0 0 0 0 0 0 0 0 2.4000000000000004 0 14.600000000000001 0 1.4000000000000001 0.6000000000000001 0.6000000000000001 2 0 0 0 0.2 0 0 0 0 0 0 0 0 0 0 0 0 0 0 0 0 0 0 0 0 0 0 0 0 0 0 0.2 0 0 0 0 0 0 0 0.4 0 0 0 0 0 0 0.8 0.2 0 0 0.8 0 1.4000000000000001 0 0 0 0 0 0 0 0 0 0 2.8000000000000003 0 0 0 0 0 0 0 0 0 0 0 0 4.2 0 0 0 0 0 0 0 0 0 0 0 0 0 0 
 18.2 12 23.8 0 20.200000000000003 11.8 25.400000000000002 50.400000000000006 32.6 76.60000000000001 47.400000000000006 44.800000000000004 31 59 54 32 34.4 10 13.8 9.600000000000001 0.6000000000000001 0.4 0 0 0 0 0.4 0 0 0 0.2 0.6000000000000001 5.4 2.2 0 0.2 0.2 0 0.6000000000000001 0 0 0 0.6000000000000001 0.6000000000000001 0 0.4 1 0 0 0.6000000000000001 0 0.6000000000000001 0 0.6000000000000001 0 12.8 0 0 0 0 1.2000000000000002 0 0 0 0 0 0 0 0 0.4 0 0 0 0.6000000000000001 0 0 0.2 0 0 0 0 0 0 0 3.4000000000000004 0.2 12 0 1.4000000000000001 8.6 6 4.6000000000000005 3.6 0 0 6.6000000000000005 3 8 2.4000000000000004 10.4 1.6 0 0.2 0 0 0 3.6 0 0 0 0 0 0 0 0 0 0 0 5.4 3 0 0 0 2 0 0 0 0 0 0 0 0 0 0 0 0 0 0 0 0 0 0 0 0 0 0 0 0 0 0 0 0 0 0 0 0 0 0 0 0 4.4 1.8 3.2 8.6 0 0 0 2.8000000000000003 1.4000000000000001 0 2 13 1 0 2.8000000000000003 5.2 0 2.4000000000000004 0 5.6000000000000005 0 0 0 0 0 0 0 0 0 0 0 0 0 0 0 0 0 0 0 0 0 3.2 0 0 0 0 0 0 0 0 0 0 0 0 0 0 0 0 0 0 0 0 0 0 1.2000000000000002 0.2 0 0 0 0 0 0 0 0 0 0 0 0 0 0 0 0 0 0 0 0 8.6 0 11.600000000000001 18 0 2.4000000000000004 3.6 0 0 0 0 0 0 0 0 0 5.2 0 0 0 0 0 0 0 0 0 0 0 0 0 3.8000000000000003 0 0 0 0 0 0 0 0 0 0 0 0 0 
 13.8 9.8 7.800000000000001 20.200000000000003 0 39.800000000000004 17.2 54.800000000000004 14.200000000000001 71.2 13.8 7.6000000000000005 12.200000000000001 14.200000000000001 12.600000000000001 11.600000000000001 52 6.6000000000000005 11.600000000000001 15.200000000000001 0.6000000000000001 12.4 0 0 0 0 0 0.2 15.600000000000001 0 0 0.6000000000000001 15 1 0.2 0 0 0 16.6 3 0 0 0.6000000000000001 0.6000000000000001 0 0.4 0.4 1.2000000000000002 12.600000000000001 0.6000000000000001 0 0.6000000000000001 0 0.6000000000000001 0.4 0 0 0 0 0 0.6000000000000001 0 0 0 0.2 0 0.2 0 0.6000000000000001 0.8 0.2 0 0.4 0.8 0 0 0 0 0 0 0 0 0 6.800000000000001 4.6000000000000005 0.2 0 0 2.8000000000000003 0 2 0 0 0 0 1.2000000000000002 1.8 3.6 0 0 2.2 1.8 2.6 0 0 0 3.6 2 0 0 2.2 0 0 0 0.2 4.4 2.6 0.2 5.6000000000000005 5.800000000000001 0 0 0 0 0 0 0 0 0 0 0 0.4 0 0 0 0 0 0 0 0.4 0 0.4 0.6000000000000001 0 0 0 0 0 0 0 0 0 0 1.2000000000000002 0 0 1 0 0.4 0 0 0 0.4 3.6 4 0 0 0 0 0.2 2.6 8 0 0.2 0 0 4.800000000000001 1.8 0.4 0 6.6000000000000005 0.4 0 1 0 0 0.2 6.2 3.6 3 0 0.2 10.200000000000001 1.8 2 2.2 4.2 2 1.8 4.6000000000000005 0 0 0 0 0 0 0 0 0 0.2 0 0 0 0 0.4 0 0 0 0.2 0 0.2 0 0 0 0 0 0 0 0 0 0 0 0 0 0.4 0 0 0 0 0 0 0 0 0 0 1.4000000000000001 0.6000000000000001 0 0.2 1 0 1.2000000000000002 0 0 0 0 0 0 0 0 0 0 0.2 0 0 0 0 0 0 0 0 0 0 0 0 0 0 0 0 0 0 0.2 0 0 0 0 0 0 0 0 
 8 11 25.6 11.8 39.800000000000004 0 52.2 21.200000000000003 14.200000000000001 10 31.200000000000003 7.4 11.200000000000001 7.800000000000001 9.8 14 30.8 13 11 9.200000000000001 1.8 16.2 7 0 0 0 21.8 4.4 45.400000000000006 0 15 0.6000000000000001 15 29.400000000000002 0 0 12.200000000000001 0 48.400000000000006 6 0 0 0.6000000000000001 1 13 0.4 0.6000000000000001 0.6000000000000001 12.600000000000001 0.6000000000000001 0 0.6000000000000001 0 0.6000000000000001 0 0 0 0 0 0 0.4 1 0 0 0 0.2 0 0 0 0.4 0 0 0 0.6000000000000001 0 0 0 0 0 0 0 0 0 3.2 0 2 0 0 8.6 0 2.4000000000000004 0 0 0 0 1.8 8 2.8000000000000003 0 0 0 0.6000000000000001 7.6000000000000005 1.4000000000000001 0 0 3.6 2.8000000000000003 6 3 4 3 3.2 5.800000000000001 4.2 0 0 2.8000000000000003 2 9 0 0 0 0 0 0 0 0 0 0 0 0.2 0 0 0 1.6 0 0 0 0.2 0 0 0.4 0 0 5.800000000000001 0 0 0 0 0 0 0 1.4000000000000001 0 0 0.8 0 0.2 0 0 0 0.4 0 3.2 3 0 0.4 0 0.4 5.6000000000000005 6 0 5 0 0 1.2000000000000002 1.8 0.2 0 4.4 0 4.4 4.6000000000000005 7.2 0 8.4 5 0.4 7.4 0 2.4000000000000004 4.800000000000001 2 8.200000000000001 3 0 13.600000000000001 6.2 5.2 0 0 0 0 0 0 0 0 0 0.2 0 0 0 0 0.2 0 0 0 0 0 0 0 0 0 0 0 0 0 0 0 0 0 0 0 0.2 0 0 0 0 3 0 0 0 0 0 0.4 10.200000000000001 0.2 0.8 1 0 1.6 0 0 0 0 0 0 0.2 0 0 0 0 0 0 0 2 0 0 0 0 0 0 0 0 0 0 0 0 0 0 0 0 0 0 0 0 0 0 0 
 42 19.6 16.2 25.400000000000002 17.2 52.2 0 85.80000000000001 51.400000000000006 8.8 10.4 8.4 44.6 32.800000000000004 9.8 52.800000000000004 5.6000000000000005 23 76.2 13.8 1 0.2 0 0.6000000000000001 0 0.8 0 0 0.6000000000000001 0.4 0.4 1 0.6000000000000001 1.2000000000000002 0 0 0.4 0.6000000000000001 0.8 0.4 0.6000000000000001 0.2 1.4000000000000001 1 0.4 0.8 0.4 0 0.4 1.2000000000000002 0.4 0.6000000000000001 0 0.6000000000000001 0 0 0 0 0.6000000000000001 0.4 0.6000000000000001 0 0 0 0.8 0.4 0.4 0 0 0.4 0 0 0 0.4 0 0 0 1 0 0 0 2 4.4 0 0 0 6 4.4 0.4 2.8000000000000003 1.4000000000000001 2.4000000000000004 3.2 2.2 6.6000000000000005 0.2 0.2 2.6 0.2 1.6 0 0 0 0 0 0 0 0 0 0 0 0 0 0 0 0 0 0 0 0 0 0 0 0 0 0.4 0 0 0 0 0 0.2 0 0 0 0 0 0 0 0 0 0.2 0 0 0.4 0 0 0 0 0 0 0 0 0.4 0 0 0 0 0 0 7.2 7.800000000000001 0 0 0 0 4.2 0 4.800000000000001 4.800000000000001 0 0 7 2.6 0 4.4 5.4 7.4 7 3.4000000000000004 0 0 0 0 0 0 0 0 0.2 0 0 0 0 0 0 0 0 0 0 0 0 0 0.2 0 0 0 0 0 0 0 0 0 0 0 0 0 0 0 0 0 0 0 0 0 0 0 0 0 0 0 0 0 0 0 0 0 0 0 0 0 0 0 0 0 0 0.2 0.2 0.2 0 0.4 0 1.2000000000000002 0 0 0 0.2 0 0 0 0.2 0 0 0 0 0 0 0 0 0 0 0 0 0 0 0 0 0 0 0 0 0 0 0 0 0 0 0 0 0 0 
 62 33.800000000000004 23.8 50.400000000000006 54.800000000000004 21.200000000000003 85.80000000000001 0 22 21.8 30.8 35.4 25.8 23.200000000000003 63.2 46.6 7 63.800000000000004 33.2 56.800000000000004 1 0.2 0.4 0 0 0 0 0 0.6000000000000001 0.4 0 1 0 0.6000000000000001 0.6000000000000001 0.6000000000000001 0 5.4 0.6000000000000001 0 0 0 0.6000000000000001 1 0.6000000000000001 12.8 0.4 0 2.2 1.2000000000000002 0.6000000000000001 0.6000000000000001 0 0.6000000000000001 0 0.2 0.4 0 0 0 0.6000000000000001 0 0 0 0.6000000000000001 1.8 0.6000000000000001 0 0 0.4 0.2 0.4 0.8 0.2 0 0 0.8 0.8 0.2 0 0 0 2.8000000000000003 0 0 5.800000000000001 1.8 12.8 1.4000000000000001 3.8000000000000003 2.8000000000000003 6.6000000000000005 3 0 0.2 2.8000000000000003 0 5 0 0.2 3.6 0 0 0 0 0 3.2 0 0 0 0.4 0.2 0 0 0 0 0 0 1.6 11 0.2 0 0 0 0 0 0 0 0 0 0 0 0 0 0 0 0.4 0 0 0 0 0 2.4000000000000004 0.2 0.6000000000000001 0 0 0 0 0 0 0 0 1.6 0 0 0 0 0 0 6.2 4 2.6 8.200000000000001 1.4000000000000001 1.8 0 2.6 0 0 4.4 1.8 0 0 0 0 0 2.6 0 0 0 0 0 0 0 0 0 0 0 0 0.2 0 0 0 0 0 1.8 0 0 0 0 0 2.6 0 0 0 0.2 1.2000000000000002 0 0 0 0 0 0 0 0 0 0 0 0 0 0 0.2 0 0.4 0 0 0 0 0 0 0 0 0 0 0 0 0 0 0 0 4 0 0 0 0 18 0 0 18 3 0.6000000000000001 4 0 0 0 0.2 0 0 0 0 0 0.2 0 0 0 0.8 0 0 0 0 0 0 10.200000000000001 0 0 0 0 0 0 0 0 0 0 0 0 0 0 0 0 
 6.2 10.4 21 32.6 14.200000000000001 14.200000000000001 51.400000000000006 22 0 40 28.6 37.2 26.6 20.6 49.400000000000006 29.8 42.2 8.200000000000001 76.60000000000001 33.800000000000004 0.6000000000000001 0.2 1.4000000000000001 0 0 0 0 0 0 0 0 1 15.200000000000001 0.8 22.200000000000003 0 0 16.6 1 0 0 0 0.6000000000000001 0.6000000000000001 0.6000000000000001 0.4 0.6000000000000001 0 0 0.6000000000000001 0.4 0.6000000000000001 1.8 0.6000000000000001 0 0 0 0.6000000000000001 2.6 0 0.6000000000000001 0.4 0 0 0 0 0 0 0 0.4 0 0 0 0.6000000000000001 0 0 0.4 0 0 0 0 2 3.4000000000000004 5.4 4 5.6000000000000005 0 12.4 5.4 6.2 4 0 0.2 2.8000000000000003 0.2 0 4.2 1.6 2.4000000000000004 6 4.6000000000000005 0 0 0 0 0 0.6000000000000001 0 0 0 0 0.2 0 0 0 0 0 0 2.4000000000000004 3 0.6000000000000001 0 0 0 0 0 0 0 0 0 0 0 0 0 0 0 0 0 0 0 0 0 2.4000000000000004 0.2 0 0 0 2 0 0 0 0 0 0.6000000000000001 0 0 0 0 0 0 2 8 1.2000000000000002 10.600000000000001 0.2 0.6000000000000001 2.8000000000000003 0.2 0 4.6000000000000005 2.8000000000000003 3.8000000000000003 0.8 3.4000000000000004 0 8.200000000000001 8 9.600000000000001 0 0 0 0 0 0 0 0 0 0 0 0 0 0 2.4000000000000004 2.8000000000000003 0 0 0 0 2.8000000000000003 0 0 0 0 0 0 0 0.2 0 0 0 0 0 0 0 0 0 0 0 0 0 0 0 0 0 0 0 0 0.4 0 0 0 0 0 0 0 0 0 0 0 0 0 4.800000000000001 0 0 0 0.2 17.6 0 0.6000000000000001 0.4 0 0.2 0 0.4 0 0 0 0 0 0 0 0 0.2 0 0 0 0 0 0 0 0 0 0 0 0 0 4.800000000000001 0 0 0 0 0 0 0 0 0.4 0 0 0 0 
 5 42.400000000000006 9.600000000000001 76.60000000000001 71.2 10 8.8 21.8 40 0 31.200000000000003 22 9.8 59 39 12 28.8 6.6000000000000005 13.4 62.400000000000006 0.6000000000000001 0.6000000000000001 0 0 0.2 0 0 0 0 0 0 0.6000000000000001 15.600000000000001 0.8 0.2 0 0 0 16 0.4 0 0 0.6000000000000001 0.6000000000000001 0 0.4 0.6000000000000001 0 13.200000000000001 0.6000000000000001 14 0.6000000000000001 0 0.6000000000000001 0 0.2 0 0.2 0 0 0.6000000000000001 0 0 0 0 0.2 0 0 0 0.4 0 0 0 0.6000000000000001 0 0 6.2 0 0 0 0.2 2.2 0 3 6 5.4 2 3.4000000000000004 2 3.8000000000000003 0.8 6 0 3.6 0 1.4000000000000001 3.6 7.4 0 2.6 7.800000000000001 0 0 0 0 0 4.4 0 0 0 0 0 2.2 0 0 0 0 0 9.200000000000001 0 0 0 0 0 0 0 0 0 0 0 0 0 0 0 0 0 0 0 0 0 0 0 0 0 2 0 0 0 2 0 0 0 0 0 0 0 0.4 0 0 0 5.800000000000001 2.6 0.8 0 1.8 3.6 0 5.2 2 0.2 4.800000000000001 6 3.8000000000000003 0 0 0 2.8000000000000003 0 0 2.2 2 0 0 5.4 0 0 2.2 0 0 0 0 0 4.4 3 0 0 0 0 4 2.6 0 0 0 0 0 0 2.2 0 0 0 0 0 0 0 0 0 0 0 0 0 0 0 0.4 0 0 0 0 0 0 0 0 0 0 0 2.8000000000000003 0 0 0 0 0 0 2 0 0 0 0 0.8 0 18 10.4 3.8000000000000003 0 0 0 0 0 0 0 0 0 0 0 0 0 0 0 0 0 0 0 0 0 0 0 0 0 0 1.8 0 0 0 0 0 0 0 0 0 0 0 0 
 7.6000000000000005 10.8 28.400000000000002 47.400000000000006 13.8 31.200000000000003 10.4 30.8 28.6 31.200000000000003 0 40.400000000000006 7.4 9 32.2 63.2 19.200000000000003 42.800000000000004 6.800000000000001 54 0.6000000000000001 0.2 0 0 0 0 14.8 0 0 0 0 0.6000000000000001 17.6 15.4 0 0 0.4 0 10 14.8 0 0 0.6000000000000001 0.4 0 0.4 0.4 0 0 0.6000000000000001 0 0.6000000000000001 0 0.6000000000000001 0 0 0 0 0.4 0 0.6000000000000001 0 0 0 0 0 0.6000000000000001 0 0 0.4 0 0 0 0.2 0 0 0.2 0 0.2 0.4 0 1.6 0 2.8000000000000003 2.2 3 0 3.8000000000000003 0 4.6000000000000005 0.4 3 0 0 0 0 0.2 1.6 0 0 0 0 0 0 4 0 0 3 2.8000000000000003 2 0 0 4.800000000000001 2 3.6 0 0 2.6 3 4.2 0 0 0 0 0 0 0 0 0 0 0 0 0 0 0 0 0 0 0 0 0 0 0 0 0.2 0.2 0 0 0 0 0 0 0 0 0 0 0 0 0 0 2.4000000000000004 2.8000000000000003 4.6000000000000005 3 0 1.2000000000000002 0 0 0 0 8 0.2 0.2 0 0 1.4000000000000001 0 4.6000000000000005 0.2 0 0 1.8 0 0 0 0 4.2 0 0 0 0 0 0 2.8000000000000003 8.4 0 0 0 4 1.8 0 0 0 0 0 0 0 0 0 0 0 0.2 0 0 0 0 0 0.6000000000000001 0 0 0 2 0 0 0 0 0 0 0 0 0 0 0 0 0 0 0 0 0 0 0 2.6 0 0 0 0.2 17.2 0 0 0 0.4 1.6 0 0 0 0 0 0 0 0 0 0 0.2 0 0 0 0 0 0 0 0 0 0 0 0 0 1.8 0 0 0 0 0 0 0 0 0 0 0 0 0 
 12 51 27 44.800000000000004 7.6000000000000005 7.4 8.4 35.4 37.2 22 40.400000000000006 0 48.2 12.200000000000001 49.800000000000004 12.200000000000001 35.6 79.80000000000001 7 47.400000000000006 0.6000000000000001 0.2 16 0 0 0 20.8 0 0 0 0 0.6000000000000001 14.8 19 0 0 0 0 0.6000000000000001 11 0 0 0.6000000000000001 0.4 0 0.4 0.4 0 0 0.6000000000000001 0 0.6000000000000001 0 0.6000000000000001 0 0 0 0 0 0 0.6000000000000001 0 0 0 0 0.8 0.4 0 0 0.4 0 0 0 0.4 0 0 0 0 0 0 0.2 0.4 0.6000000000000001 0 2.2 3.2 6.2 10 0 13.600000000000001 0 0 3.4000000000000004 0 0 5 0.2 6.2 0 2.2 0 1.8 0 0 0 0 6.800000000000001 0 3 0 0 0 3.2 0.2 3.4000000000000004 0 0 0 9 3 0 0 0 0 0 0 0 0 0 0 5 0.4 0 0 0 3.2 0 0 0 0.4 0 0.4 0 0 0 0 0 0 0 0 0 0 0 0.2 0 0 0 9.600000000000001 0.4 0 26.400000000000002 11.4 3.2 0 2.6 2.8000000000000003 0 0.2 3 0.6000000000000001 4.6000000000000005 0.8 3.4000000000000004 0 0.4 0 4 0 0 0 0.4 2.2 0.2 0.2 0 0 3 0 0.6000000000000001 0 0 0 0 0 3.2 3 1.8 0.2 2.2 3.2 0 0 0 0 0 0 0 0.4 0 0 0 0 0 0 0.4 0 0 0 0 0 0 0 0 0 4.800000000000001 0 0 0 0 0 0 0 0 0 0.4 0 0 0 0 0 0 3.4000000000000004 0 0 0 0 17.6 0 0.2 0.2 0 3.4000000000000004 0 0 0 0 0 0 0 0 0 0 0 0 0 0 0 0 0 0 0 0 0 0 0 0 0 0 0 0 0 0 0 0 0 0 0 0 0 0 
 35.4 44 30.8 31 12.200000000000001 11.200000000000001 44.6 25.8 26.6 9.8 7.4 48.2 0 100.4 8.6 23.6 17.8 20 44.800000000000004 13 1 0.2 0 0.4 0.4 0 0 0 0 0.2 0 0.6000000000000001 0.6000000000000001 0.8 0 0 0 0 0.6000000000000001 0.4 0 0 1 0.6000000000000001 0.4 0.4 0.4 0 0 0.6000000000000001 0.8 0.8 0 0.6000000000000001 0 0 0.4 0 10.8 0.6000000000000001 2.2 0 0 0 0 0.8 0 0 0 0.4 5.800000000000001 0 0.2 2.2 0.4 0 0 0.8 0 0.4 2 2 5.2 0 0 0.2 8.6 0.2 4 0 1.8 1.8 0 2 6.800000000000001 6.4 3 3.8000000000000003 1.6 2.6 0 0 0 0 0 0 0.2 0 0 0 0 0 0 0 0 0 0 0 0 0 0 0 0 0 3.2 0 0 0 0 0 2.8000000000000003 0 0 0 0 0 0 0 0 0 0 0 0 0 0 0 0 0 0 0 0 0 0 0 3.8000000000000003 0 0 0 0 0 2.2 6.4 1.8 0 2.2 0 3 3 6.4 5 0 3.4000000000000004 0.4 5.6000000000000005 6 2.2 0 3.8000000000000003 0.8 4 0 0 0 0 0 0 0 0 0 0 0 0 0 0 0 0 0 0 0 0 0 0 0 0 0 0 0 0 0 0 0 0 0 0 0 0 0 0 0 0 0 0 0 0 0 2.6 0 0 0 0 0 0 0 0 0 0 0 0 0 0 0 0 0 0 0 0.4 0 0.4 17.400000000000002 17 4.2 1 0 0 0 0 0 0 0 0 0 0 0 0 0 0 0 0 0 0 0 0 0 0 0 8.200000000000001 0 0 0 0 0 0 0 0 0 0 0 0 0 0 
 44.400000000000006 59.800000000000004 100.60000000000001 59 14.200000000000001 7.800000000000001 32.800000000000004 23.200000000000003 20.6 59 9 12.200000000000001 100.4 0 42.6 29.200000000000003 27.400000000000002 10.8 15.200000000000001 24.200000000000003 0.6000000000000001 15.4 0 0 0 0 0 0.4 0 0 0.4 0.8 0.4 1.4000000000000001 0 0.4 0.4 0 1 0 0 0 0.6000000000000001 0.6000000000000001 0 0.4 0.4 0 0 0.6000000000000001 0 0.6000000000000001 0 0.6000000000000001 0 0 0 0 0 0 0.6000000000000001 0 0 0 0 0 0.4 0 0 0.4 0 0 0 1 0 0 0 8.4 0 0 4 1.6 9.600000000000001 0 0 3.4000000000000004 6.800000000000001 4.6000000000000005 1.4000000000000001 0 4 2.4000000000000004 6.800000000000001 2.2 4 2.2 4 0 2.6 3.6 0 0 0 0 0 0 0 0 0 0.2 0.4 0 0 0 0 0 0 0 0 2.8000000000000003 0.2 0 0 0 0 0 0 0 0 0 0 2.2 0 0 0 0 0.2 0 0 0 0 0 0 0 0 0 0 0 0 0 0 0 0 0 0 0 0 0 0 0 4.4 5 2.4000000000000004 0 1.2000000000000002 1.6 2 4.2 8.4 2.2 0 0 2.6 1.8 2.8000000000000003 1.2000000000000002 0 0.6000000000000001 1.8 0 0 0 0.4 0 0 0 0 0 0 0 0.2 0 0 0.2 0 2 0 0 0 0 0 0 0 0 0 0 0 0 0 0 0 0 0 0 0 0 0 0 0 0 0 0 0 0 0.4 0 0 0.2 0 0 0 0 0 0 0 0 0 0 0 0 0 0 0 0 0 0.4 0 0.4 0.4 0 2.8000000000000003 0 3 0 0 0 0 0 0 0 0 0 0 0 0 0 0 0 0 0 0 0 0 0 0 2.2 0 0 0 0 0 0 0 0 0 0 0 0 0 0 
 32 40.6 31 54 12.600000000000001 9.8 9.8 63.2 49.400000000000006 39 32.2 49.800000000000004 8.6 42.6 0 60.2 29.200000000000003 91.2 43.800000000000004 29.6 0.6000000000000001 0.4 0.2 0 0 0 0 0 0 0.4 0 1 0.2 0.8 0 0 0 0 0.8 0 0 0 0.6000000000000001 0.6000000000000001 0 0.4 0.4 0 0 0.6000000000000001 0 0.6000000000000001 0 0.6000000000000001 0 0 0 0 0 0 0.6000000000000001 0 0 0 0 0 0.2 0 0 0.4 0 0 0 0.6000000000000001 0 0 7.2 0.2 0.2 0 5.4 9 0 0 3.6 0 10 1.4000000000000001 0 5.4 9.200000000000001 10.600000000000001 4 6.6000000000000005 3.4000000000000004 3.6 3 0.2 4.6000000000000005 2.8000000000000003 8.4 0 0 0 0 0 3.8000000000000003 0 0 0 0 0 2 0 0 0 0 0 2.6 0 0 0 0 0 0 0 0 0 0 0 0 0 0 0 0 0 0 0 0 0 0 0 0 0 0 0 0 0 0 0 0 0 0 0 0 0 0 0 0 0 1.4000000000000001 0 5.6000000000000005 6.6000000000000005 0 0 5.4 7.800000000000001 6.2 7 2.6 0 8.6 0 3.2 15 1.2000000000000002 4.800000000000001 0.2 0.2 0 0 0 0 0 0 0 0 0 0 0 0 0 0 0 0 0 0 0 0 0 0 0 0 0 0 0 0 0 0 0 0 0 0 0 0 0 0 0 0 0 0 0 0 0 0 0 0 0 0 0 0 0 0 0 0 0 0 0 0 0 0 0 0 0 0.2 0 0 17.400000000000002 0.6000000000000001 0.6000000000000001 1.8 3.6 0 0 0 0 0 0 0 0 0 0 0 0 0 0 0 0 0 0 0 0 0 0 2 2.2 0 0 0 0 0 0 0 0 0 0 0 0 0 
 95.60000000000001 61.6 37 32 11.600000000000001 14 52.800000000000004 46.6 29.8 12 63.2 12.200000000000001 23.6 29.200000000000003 60.2 0 76.2 34.4 7.6000000000000005 26.6 0.6000000000000001 0.4 0 0.2 0 0 0 0 15 16.8 0 0.6000000000000001 0.4 1 0 0 0 0 15.8 0 0 0 0.6000000000000001 0.4 0 0.4 0.4 0 0 0.6000000000000001 0 1 0 0.6000000000000001 0 0 0 0 0 0 16.400000000000002 0 0 0 0 0 0.6000000000000001 0 0 0.4 0 7 0 0.2 0 0 10.4 0 0.2 0 4 11 3 0 0 3.4000000000000004 2.4000000000000004 0.2 3.4000000000000004 3.2 0 9.8 15.4 2.6 7.4 5.2 0 0 0 0 0 0 0 0 0 0 0.4 0 0 0 0 0 7.4 0.2 0 0 0 0 0 3.8000000000000003 0 0 0 0 0 0 0 0 0 1.8 0 0 0 0 0 0 0 2.8000000000000003 0 0 0 0 0 0 0 0 0 0 0 0 0 0 0 0 0 0 0 0 0 0 3 0 8.4 2.8000000000000003 2.8000000000000003 1.2000000000000002 3.8000000000000003 4.6000000000000005 5 5.4 2.8000000000000003 0.2 6.4 0 6 4.4 1.6 4.6000000000000005 0 0 4 0 0 0 0 0 0 0 0 0 0 0 0 0 0 0 0 0 0 0 0 0 0 0 0 0 0 0 0 0 0 0 0 0 0 0 0 0 0 0 0 0 0 0 0 0 0 0 0 0 0 0 0 0 0 0 0 0 0 0 0 0 0 0 0 0 0.2 0 0.2 0.4 0.2 3.2 0 0 0 0 0 0.4 0 0 0 0 0 0 0 0 0 0 0 0 0 0 0 0 0 2.2 0 0 0 0 0 0 0 0 0 0 0 0 0 0 
 26.6 14.200000000000001 29.8 34.4 52 30.8 5.6000000000000005 7 42.2 28.8 19.200000000000003 35.6 17.8 27.400000000000002 29.200000000000003 76.2 0 48.6 7.6000000000000005 63.800000000000004 1 0.4 0 0 0.2 0 15.200000000000001 0.2 0 0 0 0.6000000000000001 0.6000000000000001 15.600000000000001 0 0 0 0.2 15.200000000000001 17 0 0 0.6000000000000001 0.8 0.4 0.4 0.4 0.4 0 0.6000000000000001 0 0.6000000000000001 1.2000000000000002 0.6000000000000001 0.8 14.4 1.2000000000000002 0.6000000000000001 0 0 0.6000000000000001 1 0 0 0.4 0 10.600000000000001 0 0 0.4 0 0.6000000000000001 0 0.6000000000000001 0 0 0 0 0.2 0 2.2 1.4000000000000001 2.6 0 3.8000000000000003 0 2.2 3.6 1.2000000000000002 2.6 4.800000000000001 0 4 4.2 1.6 3.4000000000000004 2.2 0 0.2 8.200000000000001 3 0 0 0 0 0 11.200000000000001 0 0 0 0.2 0 5.6000000000000005 3 3 0 0 0.2 3.2 0 0.4 0 0 0 0 0 0 0 0 8.200000000000001 0 0 0 0 0 0 0.2 0 0 0 0 0 0 0 0 0 2.6 0 0 0 2.8000000000000003 0 0 0 0.2 0 0 0 0 0 0 0 4.800000000000001 0.2 0 2 2.6 4 3.4000000000000004 2 5.800000000000001 0 0 0 4.6000000000000005 1.8 0 0 0 0 3.2 0 0.2 0 0 0 0 0 2.8000000000000003 0 0.4 0 0 0.4 4 0 1.4000000000000001 0 0.4 2 0 0 0 0 0 0 0 0 0 0 0 0 0 0 0 0 5.800000000000001 0 0 0 0 0 0 0 0.2 0 0 0.4 0 0 0 0 0 0 0 0 0 0 0 0 0 0 0 0 0.2 0.2 0.6000000000000001 0.2 0 0.2 0 1.8 7 0 0 0 0 0.2 0 0 0 0 2.8000000000000003 0 0 0 0 0 0 0 0 0 0 0 0 2 0 0 0 0 0 0 0 0 0 0 0 0 0 0 
 47 8.200000000000001 43.6 10 6.6000000000000005 13 23 63.800000000000004 8.200000000000001 6.6000000000000005 42.800000000000004 79.80000000000001 20 10.8 91.2 34.4 48.6 0 23.6 8.8 0.6000000000000001 0.2 0 0 0 0 4.6000000000000005 0 0 0 0 1.2000000000000002 0 14 0.4 0 0 0.2 0.6000000000000001 6 0 0 0.6000000000000001 0.6000000000000001 0 0.4 0.4 0 0 0.6000000000000001 0 0.6000000000000001 0 0.6000000000000001 1.2000000000000002 0 0 0 0 0 0.6000000000000001 0 0 0 0 0 0.2 0.4 0 0.4 0 0 0 0.6000000000000001 0 0 0.8 0 0.8 0.6000000000000001 0 0 0 2 1 0 5.2 0 0 3.8000000000000003 3.6 5.800000000000001 3.6 0.2 0 5.4 0 3.4000000000000004 0 0 0 0 0 0 0 0 5.6000000000000005 0 3 0 0 0 3.2 0.8 2 2 1.8 0 2 0 0 0 0 0 0 0 0 0 0 0 0 0 0 0 0 0 0 0 0 0 0 0 0 0 0 0 0 0 0 0 0 0 0 0 0 0 0 0 0 0 0 0 3.6 8 0 0.6000000000000001 0 2.8000000000000003 0 0 7.4 1.8 0 0 0 0 0 11.200000000000001 0 0 1.8 0 0 0.2 0 0 3 0 0.2 0 0 0 0 0 3.4000000000000004 0 1.2000000000000002 0 2 2.8000000000000003 0 0 0.2 0 0 0 0 0 0 6 0 0 0 0 0 0 0 0 0 0 0 0 0 0 0 0 0 0 0 0 0 0 0 0 0 0 0 0 0 0 0 0 0 0 0 0 0.2 0.2 0.2 17.8 0 0.6000000000000001 4 0 0 0 0 0 0 0 0 0 0 0 0 0 0 0 0 0 0 0 0 0 0 0 0 0 0 0 0 0 0 0 0 0 0 0 0 1.4000000000000001 
 27.8 81.4 6.4 13.8 11.600000000000001 11 76.2 33.2 76.60000000000001 13.4 6.800000000000001 7 44.800000000000004 15.200000000000001 43.800000000000004 7.6000000000000005 7.6000000000000005 23.6 0 36.800000000000004 0.6000000000000001 0.4 0 0 0 0 0 0 0.2 40.2 0 0.6000000000000001 0.2 1 0 0 0 0 0.6000000000000001 0 0 0 0.6000000000000001 0.6000000000000001 0 0.4 0.4 0 0 0.6000000000000001 0 0.6000000000000001 0 0.6000000000000001 0 0 0 0 0 0 0.6000000000000001 0 0 0 0 0 0.2 0 0 0.4 0 0 0 5 0 0 10 0 0 0 1.6 4.2 3.8000000000000003 0 0 0 0 2 2.2 0 2.6 10.600000000000001 2.2 5.4 0.2 5 3.8000000000000003 3 5.6000000000000005 2.2 0 0 0 0 0 0 0 0.2 0.4 0 0 0 2 0 0 0 0 0 0 0 0 0 0 0 0 0 0 0 0 0 0 0 0 0 0 0 0 0 0 0 0 0.2 0 0 0 2 0 2.4000000000000004 0 0 0 0 0 0 0 0.4 0 0.4 0 0 0 0 0.2 3 0 0 5.4 2.6 4 9.8 0.2 0 5.2 3.6 2.8000000000000003 10.600000000000001 2.2 5.6000000000000005 2.4000000000000004 0.2 2 0 0 0 0 0 0 0 0 3 0 0 0 0 0 0 0 0 0.4 0.2 0 0 0 0 0 0 0 0 0 0 0 0 0 0 0 0 0 0 0 0 0 0 0 0 0 0 0 0 0 0 0 0 0 0 0 0 0 0 0 0 0 0 0 0 0 0.6000000000000001 0 0.2 0.4 0.2 0 1.2000000000000002 0 0 0.4 0 0 0.4 0 0 0 0 0 0 0 0.8 0 0 0 0 0 0 0 0 0 1 3.4000000000000004 0 0 0 0 0 0 0 0 0 0 0 0 0 
 72.60000000000001 75.60000000000001 21.400000000000002 9.600000000000001 15.200000000000001 9.200000000000001 13.8 56.800000000000004 33.800000000000004 62.400000000000006 54 47.400000000000006 13 24.200000000000003 29.6 26.6 63.800000000000004 8.8 36.800000000000004 0 0.6000000000000001 0.4 0 0 0 0 0 0 0 0 0 0.6000000000000001 0.6000000000000001 0.8 0.4 0 0 0 0.6000000000000001 0 0 0 0.6000000000000001 0.4 0 0.4 0.4 0 0 0.6000000000000001 0 0.6000000000000001 0 0.6000000000000001 0 0 0 0 0 0 0.6000000000000001 0 0 0 0 0 0.6000000000000001 0 0 0.4 0 0 0 1.2000000000000002 0 0 10.200000000000001 0 0.2 0 6.2 5.2 3.4000000000000004 0 0 0.8 0 0 7 0 0.8 3.2 5.2 9.200000000000001 8.6 4.6000000000000005 3.4000000000000004 0.2 4.2 0.4 0 0 0 0 0 0 0 0 0 0 0 0.2 2.2 0 0 0 0 0 0 0 0 0 0 0.4 0 0 2.4000000000000004 0 0 0 0 2.6 0 0 0 0 0 0 0 0 0 0 0.2 0.4 0 0 0 0 0 0 0 0 0 0 0 0.6000000000000001 0 0.4 0 0 0 0 0 0 0 0 2.4000000000000004 7 3.8000000000000003 5.6000000000000005 0.4 0 3.2 4.800000000000001 3.4000000000000004 5.6000000000000005 5.6000000000000005 0.2 2.6 4.2 0 0 0 0 0 0 0 0 0 0 0 0 0 0.4 0 0 0 0 0 0 0 0 0 0 0 0 0.4 0 0 0 0 0 0 0 0 0 0 0 0 0 0 0 3.4000000000000004 0 0 0 0 0 0 0 0 0 0 0 0 0 0 0 0 0 0 0.2 0 0 0 0 0 0.4 0.2 0.4 0.6000000000000001 0.6000000000000001 0 0 0 0 0 0 0 0 0 0 0 0 0 0 0 0 0 0 0 0 0 0 0 1.8 0 0 0 0 0 0 0 0 0 0.2 0 0 0 0 
 1.4000000000000001 0.6000000000000001 0.6000000000000001 0.6000000000000001 0.6000000000000001 1.8 1 1 0.6000000000000001 0.6000000000000001 0.6000000000000001 0.6000000000000001 1 0.6000000000000001 0.6000000000000001 0.6000000000000001 1 0.6000000000000001 0.6000000000000001 0.6000000000000001 0 45.800000000000004 20.200000000000003 50.400000000000006 81 72.2 52.400000000000006 43.2 7.800000000000001 43 47.2 12.200000000000001 11.200000000000001 57.2 56.6 40.2 50.6 37.2 7.4 24.200000000000003 1.2000000000000002 0 0 41.2 0 0 0 1 0 0 0 40.800000000000004 0 2.2 0 0 0.6000000000000001 0 0 0 0 0 0 3 1 0 0.6000000000000001 0 0 0.4 0 0 0 0 0.6000000000000001 0.2 0.6000000000000001 6.6000000000000005 1.4000000000000001 0 0 0 0 0 0 0 0 0 0 0 0 0 0 0 0 0 0 0 0 0 0 4.800000000000001 8.200000000000001 0.2 0 1.8 0 1 4.6000000000000005 0 3.2 0 0 7.800000000000001 1.2000000000000002 5.800000000000001 2.2 2 0 0 0 0.2 0 0 0 0 0 0.4 0 0.2 0.4 0 2.2 0 0 0 0 0 7.800000000000001 1.6 0 0 0 0 0.6000000000000001 0 0 0 0 0 0 0 0 0 0 0 0 0.2 0 0 0 0 3 0 0 0 0 0 0 0 0 0 0 0 0 0 0.2 0 0.2 0 0 1 1.4000000000000001 2.4000000000000004 9 3.2 0 7.2 9.4 2.6 4.4 1.6 0 2 2.2 2.6 4 4 0 0 0 0 0.2 0 0 0 0 0 0 0 0 0 2.6 0 0 0 0 0 4.4 0 0 0 0 0.4 0 3 0 0 0 0 0 0 4.4 0 0 0 0 0 0 0 0 0 0 0 0 0 0 0 0 0 0 0 0 0 1.2000000000000002 0.2 0.2 8.8 0 0.8 9 0.2 0 0 0 0 0.2 0 0 0 0 0 0 0 0 0 0 0 0 0 0 1.6 0 0 0 0 1.6 0 0 0 
 0.4 0.6000000000000001 0.4 0.4 12.4 16.2 0.2 0.2 0.2 0.6000000000000001 0.2 0.2 0.2 15.4 0.4 0.4 0.4 0.2 0.4 0.4 45.800000000000004 0 19 79.4 21.6 6.4 45 20.400000000000002 25.6 5.6000000000000005 61.800000000000004 13.8 10 11.600000000000001 29.6 13.4 6 25.8 28.200000000000003 7.800000000000001 0.4 0 0 0.6000000000000001 0 0 0 0.6000000000000001 0 0 0 0 13.600000000000001 0.6000000000000001 0 0 0.6000000000000001 0.4 12.4 12.4 0 2 0 0.4 0 0 0.6000000000000001 0 0 0.6000000000000001 0 0 0 0 0 0 0.2 10.4 0 0 0 0 0 0.6000000000000001 0 2.4000000000000004 0 0.4 0 0 0 0 0 0 2.8000000000000003 0 0.2 0 0 0 0 4.6000000000000005 7.4 1.2000000000000002 0 3.4000000000000004 0 4.6000000000000005 0 0.2 3.6 0 0 2.6 2 0 2.6 3.8000000000000003 0 3.6 0 0 0 0 0 0 0.2 0 0 1.8 0 0 0 0.2 0 0 0 0 8.200000000000001 3.2 0 0 0 0 0.2 0 0 0 0 0 0 0 0 0 0 0 2.2 0 0 0 0 0 0 0 0 0 0 0 0 0 0.4 0 0 0 0 0 0.8 0 0.4 0 2.4000000000000004 4.2 3.8000000000000003 0 2.4000000000000004 0 9.600000000000001 4.2 4.6000000000000005 5.2 5.800000000000001 2.6 2 6 5.2 5 0 4.800000000000001 1.6 1 0.2 0 0 0 0 0 0 0 0 0 0 0 0 0 0 0 0 0 0 0 0 0 0 0 0 0 0 0 0 0 0 0 0 0 0 0 1.8 0 0 0 0 0 0 0 0 0 0.4 0 0 0 0 0 0 0 3 0 0.4 30.6 0 0.4 0 0 0 0 0 0 3.2 0 0 0 0 0 0 0 0 0 0 0 0 0 0 0 0 0 0 1.8 2 0 0 0 
 0 0.6000000000000001 0.2 0 0 7 0 0.4 1.4000000000000001 0 0 16 0 0 0.2 0 0 0 0 0 20.200000000000003 19 0 48.2 6.800000000000001 28.200000000000003 44.400000000000006 26.6 75.60000000000001 32.2 7.800000000000001 8.4 15.200000000000001 31.200000000000003 10.600000000000001 13 13.4 24.6 20 17.400000000000002 25.400000000000002 0 0 0.6000000000000001 0 0 14.600000000000001 1.8 0 0 1.2000000000000002 0 25.8 0.6000000000000001 0 0 0.6000000000000001 0 25.400000000000002 17.6 0 0 0 0 0.4 0 0.6000000000000001 1.6 0 0.4 0 0 0 0 0 0 0.6000000000000001 0 0 0 0 0 0 0.2 0 0 0 0 0 0 0 0 0 0 0 0 0 0 0 0 0 0 0 0 0.4 0 0 3.6 5.6000000000000005 5.4 1.6 4.2 0 0 1.8 1.8 5.6000000000000005 0.4 0 0 0 6.4 0 0 0 0 0 2.6 0 1.4000000000000001 0 0 6.800000000000001 8 0 0 0 0 1 2.6 0 0 0 0 0 0 0 0 0 0 0 0 0 0 0 0 0.2 0 0 0 0 0 0 0.6000000000000001 2 0 0 0 0 0.2 0 0.2 0 0 0 0 0 0 0.4 0 0.2 2.8000000000000003 6.2 3.4000000000000004 0 6.2 3 0 0.2 6.2 8.200000000000001 8.200000000000001 0 2.2 4.6000000000000005 1.2000000000000002 0 6.800000000000001 0 0 1.6 1.4000000000000001 0 0 0 0 3.4000000000000004 5 6.2 0 0 0 0 4.800000000000001 2 0 0 0 2 0 0 0.4 0 0 1.4000000000000001 0 0 0 0 0 0 0 0 0 0 0 0 0 0 2.2 0 0 0 0 0 0 0 0 0 0 0 0 0 0 0.8 0 0.6000000000000001 15.600000000000001 15.200000000000001 0 0 0 0 0 0 0 0 0 0 0 0 0 0 0 0 0 0 0 0 0 0 0 0 0 0 4.4 0 0 0 0 
 0 0 0.4 0 0 0 0.6000000000000001 0 0 0 0 0 0.4 0 0 0.2 0 0 0 0 50.400000000000006 79.4 48.2 0 39.2 9.8 20.200000000000003 19.8 43 58.2 16.6 15.200000000000001 26 12 30.400000000000002 44.800000000000004 8 35 16.8 13.200000000000001 0.6000000000000001 0.2 0.6000000000000001 4 0 12.600000000000001 0.6000000000000001 4.800000000000001 0 0.6000000000000001 0 0.6000000000000001 12.600000000000001 2.2 0 42 4.800000000000001 0 17.8 4.4 0.4 0 0 0.8 0.4 0 1 0 0 1.2000000000000002 0 0 0 0 0 0 0.6000000000000001 0 1 0 0 0 0 0 0 0 0 0 0 0 0 0 0 0 0 0 0.6000000000000001 0 0 0 0 2.8000000000000003 2 0 0 5 0 1.8 4.6000000000000005 0.6000000000000001 18.8 2 0 6.4 0 4.2 0.2 7.4 0 0 0 0.4 0 0 0 0 0 0 0 0.4 0 0 1.2000000000000002 3.6 0 0 0 0 8 3.8000000000000003 0 0.4 0.4 0 0 0 4.2 0 4 0 0 0 0 0 0 0 0 0 0 0 0 0 0 0 0 0 0 0 0 0 0 0 0 0 0 0 0 0 0 0 0 4 0 2.8000000000000003 0 0 0 0.2 0 7.2 3.8000000000000003 6 0 2.4000000000000004 2.6 7.4 0 3.8000000000000003 0 0 1.4000000000000001 0 0 0 0 0 0.2 0 0.2 0.2 0 0 2 10 0 0 0 0 3.2 0 0 0 0 0 0 0 0 0 0 0 0 0 0 0 0 0 0 0 0 0 0 0 9.600000000000001 0 0 0 0 0 0 0 0 0 0 0 2.2 0.8 0.2 18.2 0.4 0.4 0.8 0 0 0 0 0 0.2 0 0 0 0 0 0 2 0 0 0 0 0 0 0 0 0 0 0 1.6 0 0 0 0 
 0 0 0 0 0 0 0 0 0 0.2 0 0 0.4 0 0 0 0.2 0 0 0 81 21.6 6.800000000000001 39.2 0 20.400000000000002 14.8 10 16.2 65.60000000000001 39 68.4 18.2 25.400000000000002 42 38 26 46.400000000000006 72.2 14.8 0.6000000000000001 0 0 0.6000000000000001 0 0 0 0.8 0 0 0 0 0 2.6 0 0 0.6000000000000001 0 0 0 0 0.4 0 1 0 0 0.6000000000000001 0 0 0.6000000000000001 0 0 0 0 0 0 0.6000000000000001 0 0.4 0 0 0 0 0 0 0 0 0 0 0 0 0 0 0 0 0 0 0 0 0 0 4.6000000000000005 4.2 5.2 1.8 4.6000000000000005 0 1.8 3.6 11 2.2 5.2 0 7.800000000000001 2.8000000000000003 0.2 6.6000000000000005 5 0.2 0 0 2 0 0 1.2000000000000002 0 0 0 0 0 0 0 1.8 0 0 0 0 2.6 8.200000000000001 0 2.8000000000000003 0 0 0 0 0 0 0 1.6 0 0 0 0 0 0.4 0 0 0 0 0 0 0 0 1.6 0 0 1 0 0 0 0 0 0 0 0 0 0 0 0.4 0 0 3.8000000000000003 5.2 2.4000000000000004 5.4 7.2 2.6 2.2 3.8000000000000003 0 4.2 3.4000000000000004 0 4.2 0 0 2 0 0 0 0 0 0 0 0 0 0 0 0 0 0 0 1 4.4 0 0 0 0 3 1.6 0 0.2 0 0 0 0 2.2 0 0 0 0 0 0 0 0 0 0 0 0 0 0 0 0 0 0 0.4 0 0 0 0 0 0 0 0 3 0.2 1.2000000000000002 15 19.200000000000003 0.4 0.6000000000000001 2.6 0 0 0 0 3.8000000000000003 0 0 0 0 0 0 0 0 0 0 0 0 2.8000000000000003 0 0 0 0 0 0 0.6000000000000001 0 0 0 
 1.4000000000000001 0.6000000000000001 0 0 0 0 0.8 0 0 0 0 0 0 0 0 0 0 0 0 0 72.2 6.4 28.200000000000003 9.8 20.400000000000002 0 44.6 7.6000000000000005 49.800000000000004 28.400000000000002 31.200000000000003 28.200000000000003 6 9.600000000000001 32.2 18.6 9.4 27.200000000000003 11.4 7.800000000000001 14.600000000000001 0 0.6000000000000001 1 0.6000000000000001 0 8.6 13.200000000000001 0 0 0 0 13 0.8 12.4 12.4 0.8 0 0 6.4 0 0 0 0 0.8 0 0.6000000000000001 0.6000000000000001 10.4 1.8 0 0 1 0.2 0 0 1.2000000000000002 0 0 0 0 0 0 0 0 0 0 0 0 0 0 0 0 0 0 0 0 0 0 0 0 0 0 2 10.600000000000001 4 0 0 0.2 12 0 2.6 0 0 0 0 3.2 3 0 1 6.800000000000001 0 6.4 2.2 0 0 6.800000000000001 4.800000000000001 3.2 3.4000000000000004 0 3 7.4 1.4000000000000001 0 1.6 0 0 1.6 6 0 0 0 0 0 0 0.4 0 0.4 0 0.4 0 0 0 0.6000000000000001 0 0 0 4.2 0 0 0 0 0.2 0 0 0 2.2 0 0 0 1.6 0 0.2 0 0.2 0 0 0.4 0 2.2 0 3.8000000000000003 0 0 4.6000000000000005 0 9 0 0 0 2 1.4000000000000001 0 0 0 0 1 0 0 4 3.8000000000000003 2.4000000000000004 0 0 0 3.6 0.2 0.2 0 0 5.800000000000001 4 4 9 0.2 3.2 1.6 0 8.6 0.2 0 0 0 0 0 0 0 0 0 0 0 0 3.2 0 0 0 0 0 0 0 0 0 0 0 0.2 0 0 0.2 0 0 0 0 0 2.2 0.4 0.4 0.2 0 0.2 1.8 0 0 0 0 0 0 0 0 0 0 0 0 0 0 0 0 0 0 0 0 0 0 0 0.6000000000000001 0 0 0 0 0 
 0 0.2 14.8 0.4 0 21.8 0 0 0 0 14.8 20.8 0 0 0 0 15.200000000000001 4.6000000000000005 0 0 52.400000000000006 45 44.400000000000006 20.200000000000003 14.8 44.6 0 37.2 38.2 40.800000000000004 73.4 22.400000000000002 14.600000000000001 53.2 26.200000000000003 61 50 8 13.8 94.80000000000001 0.6000000000000001 0 0.4 0.6000000000000001 0 0 0 1 0.2 0 0 0 0 0.6000000000000001 0.4 0 0.6000000000000001 0 0 0 0 0.4 0 1.4000000000000001 0.6000000000000001 0 0.6000000000000001 0.6000000000000001 0 0.6000000000000001 0 0 0 0 0 0 0.6000000000000001 0.6000000000000001 0.8 0 0 0 0 0 0 0 0 0 0 0 0 0.6000000000000001 0 0 0 0 0 0 0 0 3 2.2 0 6 0 2.4000000000000004 4.2 6.800000000000001 10.8 3.4000000000000004 2.8000000000000003 4 4 1.6 17.8 3.8000000000000003 1.6 0 2.2 0 0 0 2.4000000000000004 0 0 0 0 0 0 2.6 0 0 0 0 0 2.4000000000000004 0 0 3.2 0 0 0 0 0 0 0 0 0 0 0 0 0 0 0 0 0 0 0.4 0.4 0 0 0 2.8000000000000003 0 0 0 1.2000000000000002 0 0 0 2 0 0 0 0 0 0 0 0.4 0 0 2.2 0.6000000000000001 8.200000000000001 1.4000000000000001 1.8 8 5.4 0.8 4.2 2.2 4.6000000000000005 0 1.4000000000000001 4.6000000000000005 5.4 1.6 0.2 2.8000000000000003 6 0 0 0 0 0 0 0 0 0 0 0 0 0 0 0 0 0 0 0.2 1.2000000000000002 0 0 0 0 0 0 0 0 0 0 0 0 0 0 0 0 0 0 0 0 0 0 0 0 0 0 0 0 0 0 0 0 0 0 1.2000000000000002 0 0.4 0.2 0 0 8.4 0 0 0 0 0 3.8000000000000003 0 0 0 0 0 0 0 0 0 0 0 0 0 0 0 0 0 0 0 2.4000000000000004 0 0 0 
 0.6000000000000001 0 0 0 0.2 4.4 0 0 0 0 0 0 0 0.4 0 0 0.2 0 0 0 43.2 20.400000000000002 26.6 19.8 10 7.6000000000000005 37.2 0 20 24 27.200000000000003 11.600000000000001 20.6 46.400000000000006 11.4 29.8 24.8 23.400000000000002 39 18.8 0.4 0 0.2 3 0 0 0 14.8 0 0.2 0 0 13.4 12.4 0 0 0.6000000000000001 0.6000000000000001 12.4 0.4 0 0 0 0 0 0 0.6000000000000001 0 0 0.6000000000000001 0 0 0 0 0 0 0.2 0 0 1 0 0 0 0 0 0 0 0 0 0 0 0 0 0 0 0 0 0 0 0 0 2.8000000000000003 0 10 0.2 3.4000000000000004 0 1.6 9.200000000000001 5.4 0 2.6 0 3.6 4.2 6 3.8000000000000003 2 0 0 0 0 0 0 0 0 0 0 0 0 0 0 2.8000000000000003 0.4 0 0 0 0 3 2.2 0 0 0 0 0 0 0 0 3 0 0 0 0 0 0.4 0 0 0 0 0 0 0 1.6 0 11.4 0 1.4000000000000001 0 0 0 0 0 0 0 0 0 0 0 0.4 0 0 0 4.4 5 0 2.2 4.2 0.4 0.2 5.800000000000001 28.200000000000003 4 0 0 2.2 0 5.4 0.2 1.4000000000000001 0 0 0 0 0 0 0 0 0 0 0 0 0 0.2 0.8 0 0.2 0 0 0 0.2 0 0 0 0 0 4 0 0 0 0.2 0 0.4 0 0 0 0 0 0 0 1.4000000000000001 0 0 0 0 0 0 0 0 15.200000000000001 0 0 0 0 0 2.2 0 0 15.600000000000001 0 0 4.4 8.4 0 0 0 0 0 0 0 0 0 0 0 0 0 0 0 0 0 0 0 1.2000000000000002 0 0 0 4.6000000000000005 0 0 0 0 
 0 0.2 0 0 15.600000000000001 45.400000000000006 0.6000000000000001 0.6000000000000001 0 0 0 0 0 0 0 15 0 0 0.2 0 7.800000000000001 25.6 75.60000000000001 43 16.2 49.800000000000004 38.2 20 0 13 8.200000000000001 10.8 22.8 75.2 33.800000000000004 27.6 23.6 25.200000000000003 37.800000000000004 39.6 25.200000000000003 0 0 0.6000000000000001 0 0 12.4 1.8 0.2 0 12.600000000000001 13.4 13 0.6000000000000001 0 0 0.6000000000000001 0 12.600000000000001 16 0 0 0 0 0 0 0.6000000000000001 0 0 0.6000000000000001 0 0.4 0 0 0 0 0.2 0 0 0 0 0 0 0 0 0 0.4 0 0 3.8000000000000003 0 0 0.4 0 0 0 0 0 0 0 0 1.8 2 2.2 0.2 0 0.2 6.800000000000001 2.8000000000000003 4.2 6.4 5.4 0.2 0 1.4000000000000001 2.8000000000000003 8.200000000000001 9 0.2 0.2 0 4.6000000000000005 0 0 0 0 0 2.4000000000000004 0.4 0.8 0 0 2.2 2.6 0 0 0 0 0.2 0.2 0 0 0 0 0 0 0 0 0.2 0.2 0 0 0 0 0.4 0.2 0 0 0 0.2 0 0 0 0.2 2.2 0.2 0 0 0 0 0 0 0 0 0 0 0.4 0 0.4 0 0 2 3.2 2.6 0 2.4000000000000004 1.4000000000000001 0 1.8 2.2 2.2 3.8000000000000003 3 5.2 1.6 4.2 1.2000000000000002 2 0 0 0 0 0 0 0.4 0 3.8000000000000003 2.4000000000000004 5.4 0 0 0 0 12 2.2 0 0 0.2 1.4000000000000001 0.6000000000000001 0 0 0.4 0 0 0 0.2 0 0 0 0 0 0 0 0 0.2 0 0 0 0 0 0 0 0 0 0 0 0 0 0 0 0 0 0 2.8000000000000003 0.2 0.6000000000000001 0.4 14.8 0.2 0.4 0 0 0 0 0 0 0 0 0 0 0.2 0 0 0 0 0 0 0 3.6 0 0 0 0 0 0 0 0 0 0 
 0.2 15 0 0 0 0 0.4 0.4 0 0 0 0 0.2 0 0.4 16.8 0 0 40.2 0 43 5.6000000000000005 32.2 58.2 65.60000000000001 28.400000000000002 40.800000000000004 24 13 0 47.6 22.6 26.200000000000003 23.6 53.2 31 8.6 43 16.2 37.4 0.6000000000000001 0.6000000000000001 0 0.8 0 0 0 0.6000000000000001 0 0 0 0.4 0 1.2000000000000002 0 0 0.6000000000000001 0.4 0 12.8 10.4 0 0 1.8 0 0 0.6000000000000001 0 0 0.8 0.2 0 0 0 0 10 0.4 0 2 0 0 0 0 0 0 0 0 0 0 0 0 0 0 0 0 0 0 0 0 0 0 0 1.6 3.4000000000000004 6.2 2.2 0 0 6.800000000000001 4.2 2.2 0 0.4 5.6000000000000005 3.6 4.800000000000001 7.2 0 0 0 0 0 0 0 0 0 0.2 1.6 0 0 0 0 0 4.2 0 0 0 0 5.2 2 0 0 0 0 1.2000000000000002 0 0.2 0 0 0 0 0 0 0 0 0 0 0 0 0 0 0 0.8 0.2 0 0 0.8 0 0 0 0 0.4 0 0 0 0 0 0 0 0 0 1.8 16.2 2.8000000000000003 2 4.6000000000000005 2 1.6 4.800000000000001 1.6 2.6 4.6000000000000005 0 0 2.8000000000000003 5.800000000000001 2 4 0 0 2.8000000000000003 1 0 0 0 0 0.2 0 0.4 0.4 0 0 1.8 0 0 0 0 0 4.4 5.6000000000000005 0 0 0 0 0 0 0 0 0 1.4000000000000001 0 0.2 0 0 0.4 0 0 0 0 0 0 0 3.4000000000000004 0 0 0 0 0 0 0 0 0 0 0 2 0 0.4 15.600000000000001 0.8 0.4 3.6 0.4 0 0 0 0 0 0 0 0 0 0 0 0 0 0 0.4 0 0 0 0 2 0 0 0 0 3.2 0 0 0 
 0 0.4 0.4 0.2 0 15 0.4 0 0 0 0 0 0 0.4 0 0 0 0 0 0 47.2 61.800000000000004 7.800000000000001 16.6 39 31.200000000000003 73.4 27.200000000000003 8.200000000000001 47.6 0 29.6 5.4 38.6 17.2 68 81.60000000000001 59 28 61.400000000000006 1.4000000000000001 0.4 0.4 0.6000000000000001 0 0 0 13.200000000000001 0.2 0 0 0.4 0 0.8 0 0 0.6000000000000001 0.4 2 0 0 1.4000000000000001 0 0 0.6000000000000001 0.6000000000000001 0.6000000000000001 0.6000000000000001 0 0.6000000000000001 0 0 0 0 0 0 0.6000000000000001 0 0 0 0 0 0 0 2.2 0 0 0 0 0 0 0 0 0 0 0 0 0 0 0 2.2 1.8 3.8000000000000003 9.200000000000001 4.6000000000000005 6.6000000000000005 0 1.6 5 2.8000000000000003 1.8 6.6000000000000005 0 4.2 4.800000000000001 0 5 4.800000000000001 0 2.8000000000000003 0.2 2 3 0 0 0 4.4 2.2 0 0 0 0 3.8000000000000003 0 0 0 0 0 0.6000000000000001 0.2 0 0 0 0 0 0 0 0 0.4 0 0 0 0 0 3 0 0 0 0 0 0 0 0 1.2000000000000002 0 0 1.4000000000000001 0 0 0 0 0 0 0 0 0 0 0 0.4 0 4.6000000000000005 0 10.4 2.6 2.2 12.8 6.800000000000001 4 4 5 0 0 0 3.4000000000000004 0.4 3.8000000000000003 0 3.8000000000000003 3.4000000000000004 0 2.6 1.8 0 0 0 0 3.2 0 0 0 0 0 0 5.2 2 0 0 0 0 4.4 0 0 0 0 0 0 0 0 0 0 0 0 0 0 0 0 0 0 0 0 0 0 0 0 0 0 0 0 0 0 0 0 0 0 2.8000000000000003 0 1 0 15.600000000000001 0 0 2.2 0 0 0 0 4 0 0 0 0 0 0 0 0 0 0 0 0 0 0 0 0 0 0.2 0.2 0 0 0 0 
