 0 23.8 71.4 12.200000000000001 19.200000000000003 11.600000000000001 51.2 27.6 63.2 77.2 29.200000000000003 28.200000000000003 24.8 17.2 9.8 39.2 16 8.4 10.200000000000001 11.200000000000001 0 0.8 7 0.8 0.4 11.8 0 0 0.4 0.2 0.8 0 0 0 0.6000000000000001 1 0 41.400000000000006 0 0 0 0 0.2 0 0.6000000000000001 0 0 0 0 0 0.4 0 0.6000000000000001 0 0 2.4000000000000004 0 0 0 12.4 0.6000000000000001 0 0 0 0 0 0.4 0 0.2 0 0 0 0.4 0.4 0 0 0 0 0 0 2.2 0 2.4000000000000004 7.800000000000001 0 0 3.2 2.8000000000000003 21.400000000000002 1.6 7 0.6000000000000001 2 0 2.4000000000000004 0 6.2 2.4000000000000004 0 0 0 0 0 0 0 0.2 0 2.2 0 0 0 0 0 0 0 0 0 0 0 0.2 0 0 0 0 4 0 0 0 0 0 0 0 0 0.4 0 0 0 0 0 0 0 0 0 0 0 0 0 0 0 0 0 0 0 0 0 0 0 0 0 0 0.4 3.4000000000000004 0 0 0 0 0 4.4 2.8000000000000003 0 7.800000000000001 0 2 5 1 4.4 3 8.4 0 4.2 0 0 0 0 0 0 0 0 0 0 0 0 3.2 0 0 0 3.2 3.4000000000000004 3.4000000000000004 0 0 0 0 0 0 0 0 0 0 0 0 3 0 0 0 0 0 0 0 0 0 0 0.2 1.6 0 3.6 0 0 0 0 0 0 3.4000000000000004 0 0 0 0 0 0 0 0 0.2 0 0 0 0 0 0.2 18.6 0.6000000000000001 0 3.6 0 0 0 0 0 0 0 0 0 0 0 0 0 0 0 0 0 0 0 0 0 0 0 0.2 0 0 0 0 0 0 0 0 0 0 0 0 0 0 
 23.8 0 54.800000000000004 27.6 5.6000000000000005 7 15.4 48.6 28.8 6.4 27.400000000000002 142.4 26.200000000000003 39.400000000000006 14 98.2 27.8 26.8 12 24.8 0 0.4 0.4 0.8 0 0.6000000000000001 0 0.2 0 0 0.4 0 0 0 0.4 0.6000000000000001 0 1 15 0 0 0 0.2 0 0.6000000000000001 0 0 0 0 0 0.4 0 0.6000000000000001 0 0 0.2 0 0 0 0 0.6000000000000001 0 0 0 0 0 0.4 0 0.2 0 0 0 0.4 0.2 0 0 0 0 0 0 2.8000000000000003 14 6.4 3.2 0 0.4 0 0.2 11.200000000000001 2.2 0.4 4 0 8.4 6.2 7 2 3 0 4.800000000000001 0 0 0 0 0 0 0 0 0 0 0 0 0 0 0 0 1 0 1.8 2.4000000000000004 0 0.2 0.4 0 0 0 0 0 0.4 0 0 0 0 0 0 0 0 0 0 0 0 0 0 0 0 0 0 0 0 0 0 0.4 0.8 0 0 0 0 0 0.4 0.2 0 3.8000000000000003 6.6000000000000005 2.8000000000000003 0 0 3.8000000000000003 5 2.4000000000000004 3 3.4000000000000004 0 3.2 0.2 7.6000000000000005 3.2 3 0.2 2.4000000000000004 0 0 0 0 0 0 0 0 0 0 0 0 0.2 0 0 0 0 0 0 5.4 0 0 0 0 0 0.4 0 0 0 0 0 0 0 0 0.4 0 0 0 0 0 0 0 0 0 0 0 0 0 0 0 0.2 0 0 0 0 0 0.4 0 0 0 0 0 3.8000000000000003 1.6 0 0 0.4 0 0 0 21.6 0 2 0 0 0 0 0 0 0 0 0 0 4.4 0 0 0 0 0 0 0 0 0 0 0 0 2.6 0.2 0 0 0 0 0 0 0 0 0 0 0 0 0 
 71.4 54.800000000000004 0 19.6 41.400000000000006 6 56.2 31.400000000000002 46.800000000000004 71 51.6 28.8 11 14.8 70 64.8 31.8 7 26.200000000000003 8.200000000000001 0.2 0.4 0.6000000000000001 1.2000000000000002 0.4 0.6000000000000001 0 0 0 0.2 0.4 0 0 0 0.4 0.6000000000000001 0 0.6000000000000001 4.2 0 0 0 0.4 0 0.6000000000000001 0 0 0 0 0 0.4 0 0.6000000000000001 0 0 0 0 0 0 0 0.6000000000000001 0 0 0 0 0 0.6000000000000001 0 0.4 0 0 0 0.4 0.6000000000000001 0 0 0 0 0 0 2.6 0 6.6000000000000005 2.6 3 0 0.2 3.4000000000000004 7.800000000000001 9.8 2 5.4 0 0 6 2.2 4 3.8000000000000003 0 0 0 0 0 0 0.4 0 0.6000000000000001 1.4000000000000001 0 0 0 0 0.2 0 0 0 0.4 0 1.4000000000000001 4.2 0 0 0 0 0 0 0 0 0 0 0 0.2 0 0 0 0 0 0 0 0 0 0 0 0 0 0 0 0 0 0 0 0 0 0 0 0 0 0 0 0 0 2 4.6000000000000005 3 0.2 1 0 0.4 0 3.6 1.8 0 2.8000000000000003 2.2 8.4 2 4.4 4 0 3 0 0 0 0 0 0 0 0 0 0 0 0 0 0 0 0 0.4 0 2.4000000000000004 4 0 0 6.800000000000001 2.4000000000000004 0.2 0 0 0 0 0 0 0 0 0 0 0.2 0 0 0 0 0.4 0 0 0 0 0 0 0 0 0 0 0 0 0 0 0 0 0 0 0 0 1.6 0 0 0 0.2 0.4 0 10 18 0.8 2.2 0 0 0 0 0 0 0 0 0 0 3.6 0 0 0 0 0 0 0 0 0 0 10 0 2 0 0 0 0 0 0 0 0 0 0 0 0 0 0 
 12.200000000000001 27.6 19.6 0 17.8 62.2 44 19.200000000000003 8.8 79.2 9 82.80000000000001 22.6 21.6 11.4 14.200000000000001 68.8 6.6000000000000005 71 23 6.6000000000000005 0.4 1 1.2000000000000002 0 0.6000000000000001 21.400000000000002 0 0 0 0.4 0 0 0 0.6000000000000001 0.6000000000000001 0.4 1.6 15 0.2 0 0 0.2 0 0.6000000000000001 0 0 0 0 0 13.600000000000001 0 0.6000000000000001 0 0 0.4 0 0 0 0 8.8 0 0 7.6000000000000005 0 0 1.4000000000000001 0 0 0 0 0 0.6000000000000001 0 0 0 0 0 0 0 0 3.2 8.200000000000001 0.2 2.4000000000000004 1.8 3 5.2 4.6000000000000005 2 1.8 5.6000000000000005 5 1.8 5.800000000000001 4.2 4.4 0 0 0 0 0 0 0 0 0 2.8000000000000003 0.6000000000000001 0 0.2 0 0 4.800000000000001 4.6000000000000005 2.4000000000000004 0 0 0 2.2 2.4000000000000004 0 0 0 2.6 0 0 0 0 0 0 0 0 0 0 0 0 0 0 0 0 0 0 0 0 0 0 0 0 0 0 0 0 0 0 0 0 0 0 0 0 1.4000000000000001 1.8 2.2 4.6000000000000005 2.8000000000000003 3 4.6000000000000005 4.800000000000001 4.4 0 6 0.2 0.2 2.6 1.4000000000000001 3.2 3.2 6.2 0 0 0 0 0 0 0 0 2.4000000000000004 0 0 0 0 0 2.4000000000000004 2 1.2000000000000002 0 0 0.2 1.4000000000000001 0 0 0 0 0 0 0 0 0 0 0 0 0 0 0 0 0 0 2 0 0 0 0 0 0 0 0 0 0 0 0 0 0 0 0.4 0 0 0 4.2 0 0 0 0 0 0 0 0.4 0 0 0 0.8 0.4 1.2000000000000002 2 0.4 0 0 0 0 0 0 0 0 2.6 0 0 0 0 0 0 0 0 0 0 0 0 3 0 11.200000000000001 0 0 0 0 0 0 0 0 0 0 0 0 
 19.200000000000003 5.6000000000000005 41.400000000000006 17.8 0 60.400000000000006 11.200000000000001 30.8 47.800000000000004 17.6 76.2 9.600000000000001 12.4 11.200000000000001 13.8 36 8.8 10.8 12 62.6 0.2 16.400000000000002 0.6000000000000001 1.6 0 0.6000000000000001 14.8 0 15.200000000000001 0 0.6000000000000001 0.2 16.2 0 0.8 15.4 5.4 0.6000000000000001 14.8 29.8 0 0 0.4 0 0.6000000000000001 0 0 0 0 0 0.4 0 0.8 0 0 1.4000000000000001 0 12.200000000000001 0 0 0.6000000000000001 0 0 0 0.6000000000000001 0 0.6000000000000001 0 0.4 0 0 0 0.4 0.6000000000000001 0 0 0 0 0 0 0 0 0 9.4 0 0 0 0 2.8000000000000003 0 0 0 0 0 0 0 0 0.2 0 0 5.800000000000001 5.2 3.8000000000000003 0 0.2 4.2 7.2 11 1 1.8 1.2000000000000002 0 5.6000000000000005 0 0 2 1.4000000000000001 2.4000000000000004 5.2 4 0 0 0 0 0 0 0 0 0 0 0 0.4 0 0 0 0 7 0 0 0 0 0 0 0 0 0 0 0 0 0 0 0 0 1.2000000000000002 0 0 0 2.2 0 0 0 0 0 4.2 3.6 0 0 0 0.2 0 0 2.2 0 0 0 0 0 3.6 0 1.8 0 0 9 0 0 0 5.800000000000001 0 0.8 2 0 2 6.6000000000000005 1.6 2.8000000000000003 0 3.8000000000000003 0 4.800000000000001 3.6 0 0 0 0 0 0 0 0 6.800000000000001 0 0 0 0 0 0 0 0 0 0 0 0 0 0 0 0 0 0 3.8000000000000003 0 0 2 0 0 0 0 0 0 0 0 0 0 0 0 0 0 0 34.800000000000004 0.4 0.6000000000000001 0 0 1.4000000000000001 0 0 0 0 0 1 0 0 0 0 0 0 0 0 3.4000000000000004 0 0 0 0 0 0 0 0 0 0 0 0 0 0 0 0 0 0 0 0 0 0 0 
 11.600000000000001 7 6 62.2 60.400000000000006 0 3.6 9.4 8.200000000000001 26.8 17.8 12.8 8 11 10.4 16.6 20.6 10.8 12.8 12.8 16 6.6000000000000005 15.200000000000001 16.400000000000002 0 0.6000000000000001 22 0 9 0.4 0.2 0 14.8 0.2 10 16.6 0 0.6000000000000001 15 0 0 0 0.6000000000000001 0 0.6000000000000001 0 0 0 0 0 0.4 0 1.6 0 0 0.4 0 0 0 0 0.6000000000000001 0 0 0 0.2 0.4 0.6000000000000001 0 0.6000000000000001 0 0 0.8 0.4 0.6000000000000001 0 0 0 0 6.6000000000000005 0 0 0 2 0 4.4 4.800000000000001 0 0 0 0 3.4000000000000004 0 0 0 0 0 0 0 0 0 2.6 0 3.2 3.8000000000000003 0 0 0.6000000000000001 0.2 2.4000000000000004 3.4000000000000004 2.4000000000000004 0 5.4 9.600000000000001 5 0 0 0 0 0.4 0 0 0 0 0 0 0 0 0 0 0 0 0 0 0.4 0 0 0 0 0 0 0 0 0 0 0 0 0 0.6000000000000001 0 0 0 0 1 0.2 0 0 0 0 0 0 0 0 6 10.8 3 0.4 0.4 3 0 0 0.6000000000000001 0 0 0.4 0 0 5.2 0 0 2 11.8 1.2000000000000002 0 0 0 2.4000000000000004 1.8 6.2 0 4 1.8 7.4 6.800000000000001 4.6000000000000005 1.6 0 0 6 2.2 0 0 0 0 0 0 0 0 0 0 0 0 0 0 0 0 0 0 0 0 0 0 0 0 0 0 3.6 0 0 0 0 0 0 0 0 0 0 0 0 2 0 0 3.6 0 0 1.8 18.400000000000002 0.2 1 0.4 3.6 4 0.8 0 0 0 0 0 0 0 0 0 0 0 0 0 0 0 0 0 2.4000000000000004 0 0 0 0 0 0 0 0 0 0 0.2 0 0 0 0 0 0 0 0 
 51.2 15.4 56.2 44 11.200000000000001 3.6 0 51.800000000000004 15.4 50.6 26.400000000000002 26.200000000000003 16 31 20.200000000000003 27.200000000000003 25.6 49 18.8 52.2 0 0.4 1.2000000000000002 17.2 0 0.6000000000000001 0 0 0 0 15.4 0.8 0.4 0 0.8 1.4000000000000001 0 0.6000000000000001 0 0 0 0 0.2 0.4 1 0 0 0.4 0 0 0.4 0 0.6000000000000001 0 0.6000000000000001 0.4 0.2 0.6000000000000001 0 0 0.6000000000000001 0 0 0 0 0 0.8 0 0 0 0 0 1 0.2 0 0 0 0 0 0 2 3.6 9 5.800000000000001 1.8 0.8 3.8000000000000003 7.4 8.6 6.6000000000000005 0.2 4 2.4000000000000004 1.8 6.4 2.2 5.6000000000000005 3 0 0 0 0 0 0 0 0 0 0 0 0 0 0.2 0 1.6 0 0 0 0 0.2 0 0 0 0 0 0 1.4000000000000001 0 0 0 0 0 0 0 0 0 0 0 0 0 0 0 0.4 0 0 0 0 0 0 0.4 0 0 0 0 0 0 0 0 0 0 0 0.4 3.4000000000000004 3.6 2.2 0 1.8 6.2 5.2 2.8000000000000003 2.4000000000000004 8.4 5.2 0 5.6000000000000005 0.6000000000000001 4.2 4.4 1.8 0 2.8000000000000003 0 0.2 4.6000000000000005 0 0 0.4 0 0 0 0 0 0 0 0 0 0 0 0 2 0 0 0 0 0 0 0 0 0 0 0 0 0 0.2 0 0 0 0 0 0 0 0 0 0 0 0 0.2 0 0 0 0 0 0 0 0 0 0 0 0.4 0.2 0 0 0 0 0 0 0 0.4 0 0.2 0 0.4 2.2 2 0 0 0 0 0 0 0 0 0 1 0 0 0 0.4 0 0 0 0 0 0 0 0 2.2 0 2.2 0 0 0 0 0 0 0 0 0 0 0 0 
 27.6 48.6 31.400000000000002 19.200000000000003 30.8 9.4 51.800000000000004 0 12.600000000000001 64.2 12.8 22.6 26 39.800000000000004 9.4 6.800000000000001 12.8 5.6000000000000005 32.2 8 0 0.4 0.8 1.2000000000000002 0.8 0.6000000000000001 0 0 0 0 0.2 0 0 0 1.2000000000000002 0.6000000000000001 0 1.6 0 0.8 0 0 0.4 0.4 0.6000000000000001 5.800000000000001 0 0.6000000000000001 1.2000000000000002 0.4 0.4 0.6000000000000001 0.6000000000000001 0.4 0.6000000000000001 0.4 0.6000000000000001 0.6000000000000001 0.4 0 0.6000000000000001 0 0.4 0 0 0 0.6000000000000001 0 0.6000000000000001 0.8 0 0.4 0.4 0.6000000000000001 0 0 0.4 0.4 0 9.8 0.2 17.6 3.2 0.4 1.6 0 7 3.2 0 2.6 0 2 1.4000000000000001 6 3.8000000000000003 7.800000000000001 5.6000000000000005 0 0 4.6000000000000005 0 0 0 0 0 0.2 0 0 0 0 0 0 0.2 0 0 0 0 0 0 2 3.8000000000000003 0 0 0 0 0 0 0 0 0 0 0 0 0.4 0 0 0 0 0 0 0 0 0 0 0 0 0 0 0 0 0 0 0 0 0.4 0 0 0 0 0 4.6000000000000005 4.2 2.4000000000000004 0 0 2 2.8000000000000003 11 0 0.2 6.4 0 0 5 9.4 0 1.6 0.2 2.6 1.2000000000000002 0 0.2 0 0 0 0 2 0 0 0 0.2 0 0 0 0 3.8000000000000003 0 0 1.4000000000000001 0 0 0 0 0 0 0 0 0 0 0 0 0 0 0 0.4 0 0 0 0 0 0 0 0 0 0 0 0 0 0 0 0 0 0 0 0 0 0 0 0 0 0 0 0 0 0 0 0 0 0.4 0 0 0.2 0 0 0 0 0 0 0 0 0 0 2.8000000000000003 0 0 0 0 0 0 0 0 0 0 0 0 2 0 2 0 0 0 0 0 0 0 0 0 0 0 0 
 63.2 28.8 46.800000000000004 8.8 47.800000000000004 8.200000000000001 15.4 12.600000000000001 0 13.8 69.8 12 12 21 29 87.80000000000001 44 21.200000000000003 15.4 16.8 0 0.4 0.4 1.4000000000000001 0 0.8 0 0.2 0 0 0.4 0 0 0.2 0.6000000000000001 0.6000000000000001 0 0.6000000000000001 15 14.600000000000001 0 0 0.2 0 0.6000000000000001 0 0 0 0 0 1.6 0 0.6000000000000001 0 0 0.2 0 0 0.2 0 0.6000000000000001 1.2000000000000002 0 0 0.4 0 0.4 0 6.4 0 0 0 0.4 0.2 0 0 0 0 0 0 0 0 6.4 0.2 2.2 0 0 2.8000000000000003 8.6 7.800000000000001 2.6 6.4 0 0.2 3 0.4 2.4000000000000004 12.200000000000001 0 0 0.2 0 6 0 0 0 4.6000000000000005 6.4 0 0 0 0 2 0 0 1 0 0 3.4000000000000004 2.4000000000000004 0 0 0 0 0 0 0 0 0 0 0 0 0 0 2.6 0 0 0 0 0 0 0 0 0 0 0 0 0 0 0 0 0 0 0 0 0 0 3.4000000000000004 0 0 0 0 1.8 3.2 0 0 0 0 0 3.8000000000000003 3.8000000000000003 1.8 0.6000000000000001 2.6 0 1 2.8000000000000003 4.6000000000000005 0 3.4000000000000004 0 0 0 0 0 0 0 0 0 0 0 0 0.4 0 0 0 0 0 3.2 5.6000000000000005 0 0 0 0 0 0 0 0 4.6000000000000005 0 0 0 0 0 0 0 0 0 0.4 0 0 0 0 0 0 0 0 0.2 0 0 0 0 0 0 0 0 0 0 0 0.4 0 3.2 0 0 0 0 0.2 0 3.8000000000000003 19.200000000000003 0 1.6 0 0 0 0 0 0 0 0 0 0 0 0 0 0 0 0 0 0 0 0 0 0 0 0 0 0 0 0 0 0 0 0 0 0 0 0 0 0 
 77.2 6.4 71 79.2 17.6 26.8 50.6 64.2 13.8 0 36.800000000000004 72.2 6.4 33 65.60000000000001 97.4 43.6 7.4 79.80000000000001 14.4 0 0.4 0.4 1 0 0.6000000000000001 0 0 0 0 0.4 0 0 41.6 0.4 0.6000000000000001 0 0.6000000000000001 17 1 0 0 0 0 0.6000000000000001 0 0 0 0 0 0.4 9.4 0.4 0 0 11.4 0.4 0.6000000000000001 0 0 0.6000000000000001 0 0 0 0 0 0.4 0 0 0.6000000000000001 0 0 0.6000000000000001 0 0 0 0 8.8 0 0 2 5.800000000000001 7.800000000000001 3.2 1.4000000000000001 0.2 2.8000000000000003 4 6.4 7.2 0 5.4 1.6 6.6000000000000005 7 4.800000000000001 1.6 3.4000000000000004 0.4 0 0 0 0 0 0 0 0 0 0 0 0 0 0.2 1.6 0 0 0 0 0 2.2 0 0 0 0 1.4000000000000001 0 0 0 0 0.4 0 0 0 0 0.2 0 0 0 0.2 0 0 0 0 0 0 0 0 0 0 0 0 0 0 0 0 0 0 0 0 0 1.2000000000000002 1.4000000000000001 2.6 0 0 1.4000000000000001 4.4 15 0 7.800000000000001 6.800000000000001 2.6 0 7 3.2 0 2.8000000000000003 4 2.6 4.800000000000001 0 0 0 0 0 0 12.8 0 0 0 0 0 0 0 0 0 0 0 1.4000000000000001 0 0 0 0 0 0 0 0 0 0 0 0 0 0 0 0 0 0 0 0 0 0 0.4 0 0 0 0 0 0 0 0 0 0 0 0 0 0 0 0 0 0 0 1.4000000000000001 0 0 0 0 0.2 0.4 0.6000000000000001 0.2 0.2 2.2 0 0 0 0 0 0 0 0 0 0 2.2 0 0 0 0 0 0 0 0 0 0 0 0 2.2 0 2.2 0 0 0 0 0 0 0 0 0 0 0 0 
 29.200000000000003 27.400000000000002 51.6 9 76.2 17.8 26.400000000000002 12.8 69.8 36.800000000000004 0 77.80000000000001 3.8000000000000003 8 30.8 110.80000000000001 46 44.400000000000006 5 21 0 0.4 1 1.2000000000000002 0 0.6000000000000001 0 0 0 0 0.4 0 0 15.4 0.6000000000000001 0.6000000000000001 0 1.2000000000000002 0.2 14.8 0 0 0.2 0 0.6000000000000001 0 0 0 0 0 0.4 0 0.6000000000000001 0 0 0.8 0 0 0 0 0.6000000000000001 0 0 0 0 0 0.4 0 0.2 0 0 0 1 0.4 0 0 0 0 0 0 0 0.4 6.2 2 2.8000000000000003 0 0.2 4.2 12.200000000000001 13.4 2.2 4.800000000000001 0.2 0 3.8000000000000003 0 2.8000000000000003 8.6 0 0 1.2000000000000002 0.4 5.6000000000000005 0.2 0 0 3.4000000000000004 9.8 0 0 0 0 0.8 0 0 3.8000000000000003 0 0 4.4 2.2 0 0 0 0 0 0 0.2 0 0 0 0 0 2.4000000000000004 0 0 0 2.4000000000000004 0 0 0 0 0 0 0 0 0 0 0 0 0 0 0 0 0 0 0 0 4.800000000000001 0 4.2 0 2.6 2.8000000000000003 4.4 0 4.2 0 0 0 4 3.8000000000000003 5.4 2.2 1.6 0 3.4000000000000004 4.4 12.200000000000001 0 3.6 0 0 1 0 0 0 0 0 0.2 0 0 0 0.2 0 0 0 0 0 9 4 0 0 0 0 0 0 0 0 0 0 0 0 0 0 0 0 0 0 1.6 0 0 0 0 0.2 0 0 0 0 0 0 0 0.4 0 0 0 0 0 0 0 0 0 0.4 0 0 0 0.6000000000000001 0.2 0 18.400000000000002 19 0.4 0.8 0.4 0 0 0 0 0 0 0 0 0 0 0 0 0 0 0 0 0 0 0 0 0 0 0 0 0 0 0 0 0 0 0 0 0 0 0 0 0 
 28.200000000000003 142.4 28.8 82.80000000000001 9.600000000000001 12.8 26.200000000000003 22.6 12 72.2 77.80000000000001 0 5.2 31.6 25.6 23.8 38.2 16.2 27.200000000000003 8.8 20.6 0.6000000000000001 0.8 1 0 0.6000000000000001 31.6 0 0 0 0.2 9.200000000000001 0 15 0.6000000000000001 0.6000000000000001 0.4 1 15 8.6 0 0 0.2 0 0.6000000000000001 0 0 0 12.8 0 0.4 0 0.6000000000000001 0 0 0.6000000000000001 0 0 0 0 0.6000000000000001 0 0 0 0 0 0.8 0 0.2 0 0 6 0.4 1 0 0 0 0.4 0 0 4.800000000000001 1.4000000000000001 1.2000000000000002 4.6000000000000005 4.2 5.6000000000000005 2 2.2 2.8000000000000003 14 6.6000000000000005 12.4 0.2 0 3.2 0.2 0.2 2 0 0 0 0.8 4.4 0 0 0 8 12.8 0 0.2 0 0 2.2 0 4.6000000000000005 3 2.8000000000000003 2.2 5.800000000000001 2.6 0 0.2 0.4 0 0 0 0 0 0.4 0 0 0 0 0 2.4000000000000004 0 0 0 0 2.4000000000000004 0 0 0 0 0 0 0 0 0 0 0 0.4 0 0 1.4000000000000001 0 0 0.2 0.4 0 0 0 0 4.4 3.8000000000000003 3.6 0.4 3.6 4 6 2.2 0.2 0 3 0 3.8000000000000003 1.4000000000000001 3 0 0.2 0 0 0 0 0 0 0 1.2000000000000002 0 0 0 0.2 0.2 3.4000000000000004 3.8000000000000003 2 0 0 0 5.4 0 0 0 0 4 0 0 0 0 0 0 0 0 0.4 0 0 0 0 0 0 0 0 0 0 0 0 0 0 0 0 0 0 0 0 0 0.4 0 2.8000000000000003 0 0 0 2.4000000000000004 0 0 0 0.2 0.4 0.4 0.4 0.4 0.4 3 2.6 0 0 0 0 0 0 0 0 0 0 0 0 0 0.4 0 0 0 0 0 0 0 0 0.2 0 0 0 0 0 0 0 0 0 0 0 0 0 0 
 24.8 26.200000000000003 11 22.6 12.4 8 16 26 12 6.4 3.8000000000000003 5.2 0 52.2 21.6 26 5 48.400000000000006 68.60000000000001 35.4 0 0.4 0.4 1.6 0 0.8 0 0 0 0 0.2 0 0.4 0 0.4 0.6000000000000001 0 0.6000000000000001 0 0 0 0 0.4 0 0.6000000000000001 0 0 0 0 0 0.4 0 0.6000000000000001 0 0 0.2 0 0 0 0 0.6000000000000001 0 0 0 0 0 20.200000000000003 0 0.4 0 0 0 0.4 1 0 0 0 0 0 0 2.8000000000000003 10.200000000000001 0 3.6 0 0 7.800000000000001 9.4 2.6 0.8 2 0 0 3.8000000000000003 0 2.8000000000000003 4 0.4 0 5.4 0 0 0 0 0 0 0 0 0 0 0 0 0.4 0 0 0 0 0 0 0 0 0 0 0.2 0 0 0 0 0 0 0 0 0 0 0 0 0 0 0 0 0 0 0 0 0 0 0 0 0 0 0 0 0.2 2.6 0 0.4 0 0 0 0 2.8000000000000003 6.2 0 0 0 2.2 0 2.4000000000000004 0 1.2000000000000002 0 0 11.4 0 4 1.4000000000000001 2 1.8 4 2.8000000000000003 0 0 0 0 0 0 0 0 0 0 0 0 0 0 0 0 0 0 0 0 0 0 0 0 0 0 0 0 0 0 0 0 0 0 0 0.2 0 0 0 0 0 0 0 0 0 0 0 0 0 0 0 0 0 0 0 0 0 0 0 0 0 0 0 0 0 0 0 0 0 18 0.2 0.4 0 0 0 0 0 0 0.2 0 0 0 0 0 0 0 0 0 0 0 0 0 0.2 0 0 2 0.4 0 0 0 0 0 0 0 0 0 0 0 0 0 
 17.2 39.400000000000006 14.8 21.6 11.200000000000001 11 31 39.800000000000004 21 33 8 31.6 52.2 0 27.200000000000003 13 23.8 41.400000000000006 32.4 41.6 0 0.4 0.8 0.8 0 0.6000000000000001 0 0 0 0 0.4 0 0 0 0.4 0.6000000000000001 0 0.6000000000000001 0 0.4 0 0 0 0.4 0.6000000000000001 0 0 0 0 0 0.8 0 0.4 0 0 0 0.2 0 0.2 0 0.6000000000000001 0.6000000000000001 0 0 0.6000000000000001 0 0.4 0 0 0 0 0 0.6000000000000001 0 0 0 0 0.4 0 0 2.6 3.4000000000000004 6.800000000000001 4.800000000000001 0 0 4.4 1.6 2.6 0 2.6 1.2000000000000002 0 7 2 7 9 4.800000000000001 2.8000000000000003 2.6 0 0 0 0 0 0 0.2 0 0 0 0 0 0 0 0 0 0 2.2 1.4000000000000001 2 0 0 0 0 0 0 0 0 0 0 0 0 0 0 0 0 0 0 0 0 0 0 0 0 0 0 2.8000000000000003 0 0 0 0 0 0 0 0 0 0 0 0 0 2 2 4.4 0 0 0.8 0 3.2 1.4000000000000001 3.4000000000000004 6 0 2.2 2.2 5.4 2.8000000000000003 3.6 0.2 2.8000000000000003 0 0 0 0 0 0 0 2.2 0 0 0 0 0 0 0 0 0 0 0 0 0 0 0 0 0 0 0 0 0 0 0 0 0 0 0 0 0 0 0 0 0 0 0 0 0 3.2 0 0 0 0 0 0 0 0 0 0 0 1.4000000000000001 0 0 0 0 2.8000000000000003 0 0 0 0 0 0 0.8 0.2 0.4 1.6 0 0 0 0 0 0 0 0 0 0 15.600000000000001 0 0 0 0 0 0 0 0 0 0 0 0 2 2.8000000000000003 0 0 0 0 0 0 0 0 0 0 0 0 0 
 9.8 14 70 11.4 13.8 10.4 20.200000000000003 9.4 29 65.60000000000001 30.8 25.6 21.6 27.200000000000003 0 32 46.2 46.6 44.400000000000006 20.200000000000003 0 0.4 1 1.2000000000000002 0 0.6000000000000001 0 0 0.2 0 0 0 0 15.4 0.6000000000000001 0.8 0 0.6000000000000001 0 15 0 0 0.6000000000000001 0 0.6000000000000001 0 12.4 0 0 0 0.4 0 0.6000000000000001 0 0 0 0 0 0 0 0.6000000000000001 0 0 0 0 0 0.6000000000000001 0 0.6000000000000001 0 0 0 0.4 0.6000000000000001 0 10.200000000000001 0 0 0 0 2.8000000000000003 0 7.800000000000001 2.6 0 2.8000000000000003 1.8 3.8000000000000003 0 1.2000000000000002 16.2 0 0 1.4000000000000001 5.4 6 7.6000000000000005 4.2 3.4000000000000004 0 0 0 0 0 0 0 0 0 5.2 0 0 0 0 0 0 0 0 0 3.6 2.6 0 0 0 0 0 3.2 0 0 0 0.4 0 0 0 0 0.2 0 0 0 0.4 0 0 9 2 0 0 0 0 0 0 0 0 0 0 0 0 0 0 0 0 0 0 0 2.6 0 0 3 10.200000000000001 0 0.2 14.600000000000001 10 1 3.8000000000000003 0 0.4 2.6 0 0.6000000000000001 0 0.6000000000000001 0 0 0 0 0 0 0 0 0 0 0 0 0 0 0 0 0 0.2 2 0 0 0 0 0 0 0 0 0 0 0 0 0 0 0 0 0 0 0 0 0 0 0.4 0 0 0 2.2 0 0 0 4 0 0 0 0 0 0 0 0 0 0 0 0 0 0 0 0.2 0 0.4 17.6 0.4 0 1 0 0 0 0 0 0 0 0 0 0 0 0 0 0 0 0 0 0 0 0 0 0 0 0 2.4000000000000004 2.6 0 0 0 0 0 0 0 0 0 0 0 0 
 39.2 98.2 64.8 14.200000000000001 36 16.6 27.200000000000003 6.800000000000001 87.80000000000001 97.4 110.80000000000001 23.8 26 13 32 0 20.6 8 26.200000000000003 74 0 0.4 0.4 1 0 0.6000000000000001 0.2 0 0 0.2 0.4 0.2 0.2 0.2 0.8 0.6000000000000001 0 1 4.4 12 0 0 0.2 0 0.6000000000000001 0 0 0 0 0 0.4 0 13.600000000000001 0 0 0.4 0.2 0 0 0 0.6000000000000001 0 0 1.8 0 0 0.4 0 0 0 0 10.4 0.4 0.2 0 0 0 0 0 0 0 0 3.2 1.4000000000000001 3 3 0 0.2 4.800000000000001 10.8 4.6000000000000005 6.800000000000001 0 0 10.8 2.4000000000000004 2.4000000000000004 9.200000000000001 0 0 0 0 0.4 0 0 0 0.2 1.4000000000000001 0 0 0 0 0.2 0 0.2 0.2 0 0 2 2.8000000000000003 0 0 3.4000000000000004 0 0 2.8000000000000003 0 0 0 0 0 0 0 0 0 0 0 2.2 0 0 0 0 0 0 0 0 0 0 0 0 0 0 0 0 0 0 0 0.2 0 0 0 0 3.8000000000000003 7.800000000000001 0 3.6 0 0 0 11.4 2.6 2.6 1.8 2.6 4.2 1.6 3.4000000000000004 7.2 0.4 3.6 0 2 0 0 0 0 0 0.2 0.2 0 0 0 0 0 0 0 0.2 0 6.4 4.2 0 0 0 0 0 0.4 0 0 0 0 0 0 0 0 0 0 0 0 0 0 0 0 0 0 0 0 0 0 0 0 0 0 0 0 0 0 0 0 0 0 0 4 0 0 0 0 0.4 0 18.6 2.6 0.4 10.600000000000001 0 0 0 0 0 0 0 0 0 0 3.8000000000000003 0 0 0 0 0 0 0 0 0 0 0 0 0 0 0 0 0 0 0 0 0 0 0 0 0 0 0 
 16 27.8 31.8 68.8 8.8 20.6 25.6 12.8 44 43.6 46 38.2 5 23.8 46.2 20.6 0 13.4 10.4 49.6 0 0.4 0.4 0.8 0 0.6000000000000001 18.400000000000002 0.6000000000000001 0 0 0.2 0 0 0.2 0.4 0.6000000000000001 0 0.8 14.8 0 0 0 0.4 0 0.6000000000000001 0 0 0 0 0 0.4 0 0.6000000000000001 0.8 0 0.4 0 0 0 0 0.6000000000000001 0 0 0 0 0 0.6000000000000001 0 0.6000000000000001 2 0 0 0.4 0.6000000000000001 0 0 0.4 0.2 0 0 0 1.2000000000000002 7.800000000000001 3.4000000000000004 2.6 0.6000000000000001 7.800000000000001 3.6 1.8 7 3.8000000000000003 12 2.2 0 2.6 0 2.6 1.2000000000000002 0 0 2 0.4 0 0.4 0 0 0 0.6000000000000001 0 0 0 0 4.4 3 2.8000000000000003 0 0 0 1 0 0.2 0 0 0.4 0 0 0 0 0 0 0 0 0 0 0 0 0 0 0 0 0 0 0 0 0 0 0 0 0 0 0 0 0.4 0 0 0 0 0 0 0 0 2 3.8000000000000003 0 2.8000000000000003 2.6 5.2 2.8000000000000003 6.6000000000000005 7 9.8 0 0.6000000000000001 4.6000000000000005 0 1.6 0.6000000000000001 6.2 0 0 2.8000000000000003 2.8000000000000003 0 0 0 0 1.8 0 0 0 0 0 0 2.4000000000000004 1.4000000000000001 0 0 0 5 0 0 0 0 0 0 0 0 0 0 0 0 0 0 0 0 0.4 0 0 0 0 0 0 0 0 0 0 0 0 0.4 0 0 0 0 0 0 0 0 0 0 0 0 0 0 0 0 0 0.8 0 0.4 0.6000000000000001 2.8000000000000003 1 0 0 0 0 0 0 0 0 0 0 0 0 0 0 0 0 0 0 0 0 0 0 0 0 0 2.2 0 0 0 0 0 0 0 0 0 0 0 0 
 8.4 26.8 7 6.6000000000000005 10.8 10.8 49 5.6000000000000005 21.200000000000003 7.4 44.400000000000006 16.2 48.400000000000006 41.400000000000006 46.6 8 13.4 0 26.6 24.400000000000002 0 0.4 1.2000000000000002 1 0 0.6000000000000001 17 0 0 0 0 0 14.8 0 1 0.6000000000000001 0 1 0 0 0 0 0.6000000000000001 0 0.6000000000000001 0 0 0 0 0 0.4 0 0.6000000000000001 0 0 1 0 0 0 0 0.6000000000000001 0.4 1 0 0 0 0.6000000000000001 0 0.6000000000000001 0 0 0 0.4 0.6000000000000001 0 0 1.2000000000000002 0 0 0 4.2 0 0.2 3.2 3.6 0 0 0.8 3.6 4 8.6 3.6 0 1.6 1.6 4.6000000000000005 3.6 1 0 0 7 3.4000000000000004 4.2 0 0 0 3.6 5.6000000000000005 0 0.4 0 0 2 1 0 2.4000000000000004 0 0.4 1.8 0 0 0 0 0 0 0 0 0 0 0 0 0 0 0 0 0 0 0 0 0 0 0 0 0 0 0 0 0 0 0 0 0 0 1.2000000000000002 0 0 0 2.6 0 0 0 1 0 8 3.2 3.2 0 0 7 7.800000000000001 2 10.200000000000001 0 0 0 9 0.4 3 0 0 0 4.4 2.6 0 0 0 0.4 0.2 0 0 0 0 4.800000000000001 0.4 0.2 0 0 0.2 6.2 0 0 0 0 0 0 0 0 0 0 1.6 0 0 0 0 0 0 0 0 0 0 0 0 0 0 0 0 0 0 0 0 0 0 0 0.2 0 0 0 0 0 0 0 0 0 0 0.4 0 35 0.6000000000000001 0 18.400000000000002 4.2 2.2 2 0 0 0 0 0 0 0 0 0 0 0 0 0 0 0 0 0 0 0 0 0 0 0 2.8000000000000003 0 0 0 0 0 0 0 0 0 0 0 0 0 
 10.200000000000001 12 26.200000000000003 71 12 12.8 18.8 32.2 15.4 79.80000000000001 5 27.200000000000003 68.60000000000001 32.4 44.400000000000006 26.200000000000003 10.4 26.6 0 13.200000000000001 0.6000000000000001 0.4 0.6000000000000001 0.8 0 0.6000000000000001 0.4 0.8 0.4 0 0.2 0 0 0.4 1 0.6000000000000001 0.4 1.2000000000000002 0 0 0 0 0.4 0 1 0 0 0 2.4000000000000004 0 1 0 1.2000000000000002 0.4 0 0.4 1 0 0.2 0 0.6000000000000001 1 0 0 1.6 0 0.8 0.2 0.6000000000000001 0.4 0 0 1.4000000000000001 0.6000000000000001 0 0 8.200000000000001 0 0.2 0 2 2.8000000000000003 0 1.8 0.8 0 7 5.800000000000001 4.6000000000000005 0.2 4.800000000000001 0 6 5 6.6000000000000005 4.800000000000001 4.6000000000000005 5.6000000000000005 3.8000000000000003 5 0 0 0 0 0 0 0 0 0 0 0 0 0 0 0 0 0 0 0 0 0 0 0 0 0 0 0 0 0 0 0 0 0 0 0 0 0 0 0 0 0 0 0 0 0 0 0 0 0 0 2.4000000000000004 0 0 0 0 0 0 0 0 0 0.4 3.2 2 1.8 0 2.2 12.4 5.800000000000001 9.600000000000001 1.4000000000000001 0 0 2.8000000000000003 1.4000000000000001 2.6 5 6 3.8000000000000003 0 2.2 0 0 0 0 0 0 0.2 0 0 0 0 0 0 0.2 0 0 0 0 0 0 0 0 0 0 0 0 0 0 0 0 0 0 0 0 0 0 0 0 0 0 0 0 0 0 0 0 0 0.2 0.2 0 0 0 0 0.4 0 0 0 0 0 0 0 0 0 0 0 0.4 0 0 0.4 0.4 0.4 1.8 2 0.4 0 0 0 0 0 0 0 0 0 0 0 0 0 0 0 0 0 0 0 0 0 2.8000000000000003 2.2 0 0 0 0 0 0 0 0 0 0 0 0 0 
 11.200000000000001 24.8 8.200000000000001 23 62.6 12.8 52.2 8 16.8 14.4 21 8.8 35.4 41.6 20.200000000000003 74 49.6 24.400000000000002 13.200000000000001 0 0.6000000000000001 0.4 0.6000000000000001 1 0 0.6000000000000001 0 0 0 0 0.4 0 0 0 0.6000000000000001 1.2000000000000002 0 0.6000000000000001 0 0.8 0.6000000000000001 0 0 0 0.6000000000000001 0.2 0 0 0 0 0.4 0 0.8 0 0 0.4 0 0.4 0 0 1.2000000000000002 0 0 0 0 2.4000000000000004 0.4 0 0 0 6.800000000000001 0 0.6000000000000001 0.6000000000000001 0.2 0 0 0 0 0 3.4000000000000004 0 0 0 0 0 2.2 6.2 0.2 4.2 0 0.2 3 4.800000000000001 4 0 0.2 2 0 1.2000000000000002 0 0 0 0 0 0 0 0 0 0 0.2 0 0 0 0 0 0 0 0 0 0 0 0 0 0 0 0 0 0 0 0 0 0.4 0 0 0 0 0 0 0 0 0 1.2000000000000002 0 0 0 0 0 0 0 0 0 1.2000000000000002 0 0 0 0 0 0 0 5.2 0.6000000000000001 0 0 0.2 0.4 0 2.2 2 0 0 0 6.6000000000000005 0 0 1 0 0 6.6000000000000005 2.6 0 0 0 0 0 1.8 0 0 0 0 0 0 0 0 0 0 0.4 0 0.2 0 0 0 0 0 0 0 0 0 0 0 0.4 0 0 0 0 0 0 0 2.6 0 0.2 0 0 0 0 0 0 0 0 0 0 0 0 0 0 0 0 0 0 0 0 0 0 0 0 0 0 0 0 1.6 0 1.6 0 0 0 0 0 0 0 0 0 0 0 0 0 0 0 0 0 0 0 0 0 0 0 0 2 0 0 0 0 0 0 0 0 0 0 0 0 0 
 0 0 0.2 6.6000000000000005 0.2 16 0 0 0 0 0 20.6 0 0 0 0 0 0 0.6000000000000001 0.6000000000000001 0 55.6 73.8 44.2 6.800000000000001 20.8 71.60000000000001 54.400000000000006 39 40 21 37 11 26.6 31.8 74.8 21.400000000000002 30 11.600000000000001 21.400000000000002 0 0 0 0 0 0.4 0 11.8 0 0 0 0 1.8 0 0 0.2 0 0.4 0 0 0 0 0 0 0 0 0 0.6000000000000001 0.6000000000000001 0 0 0 0 0 0 0 0 0.4 0.4 0 0 0 0 0 0 2.8000000000000003 0 0 0 0 3.2 0 0 0 0 0 0 0 0 0 1.8 2 6.6000000000000005 0 1.6 2.2 12.200000000000001 0.2 5.800000000000001 3.8000000000000003 1.6 2.8000000000000003 0 0 2.8000000000000003 6.6000000000000005 0 0 8.4 0 5.2 0 0 0 0 0 0 0 0 0 0 0 0 0 0 0 0 0 2 1.8 0 1.4000000000000001 0 0 0 1.2000000000000002 0 0 0 0 0 0 0 0 0 0 0 0 0 0 0 0 0 0.4 6.4 4.4 0 0 0 0 0 0 0 0 0 0 0 0 0 0 0.2 2.4000000000000004 0.2 5.6000000000000005 2.6 3.4000000000000004 3.2 3.6 2.2 3.4000000000000004 6.2 1.8 0.2 9.600000000000001 1.6 9 0 4.2 0 0.2 0 0 0 0 0 0 0 0 0 0 0 0 2.4000000000000004 0 0.2 0 0 0 2.2 4 0 0 0 0 0 0 0 0 0 0 0 0 0 0 0 0 0 7 0 0 0 0 3.8000000000000003 0 0 0 0 0 0 0 0 0 0 0 1.2000000000000002 0.4 0.2 0.4 0 0.6000000000000001 0 2.2 0 0 0 0 0 0 0 0 0 0 0 0 0 0 0 0 0 0 0 0 0 0 0 0 7.4 0 0 0 
 0.8 0.4 0.4 0.4 16.400000000000002 6.6000000000000005 0.4 0.4 0.4 0.4 0.4 0.6000000000000001 0.4 0.4 0.4 0.4 0.4 0.4 0.4 0.4 55.6 0 30.200000000000003 83.80000000000001 8.6 12.8 17.2 13.8 46.6 22.8 9.200000000000001 24.200000000000003 43.400000000000006 10.8 15.8 28.8 33.800000000000004 18.6 11.4 33 0 0 0 0 0 0 0 0.2 0 7.2 0 0 14.600000000000001 0 0 0.2 0 0.4 0 0.2 0 0 0 0 0.6000000000000001 1.6 0 0.6000000000000001 0.6000000000000001 0 1.2000000000000002 0 0 0 0 0 0 0.2 0.8 0 0 0 0 0 1.4000000000000001 5.4 0 0 0.4 0 0 0 1.6 0 0 0 0 0 3.6 4 2.2 5.2 3.6 5.4 1.2000000000000002 1.2000000000000002 0 0.2 3.6 5 6 2.2 7.2 2.2 1.2000000000000002 0 4.2 0 0 7.6000000000000005 0 0 0 0 8 0 0 0 0 0 0 0 0 2.2 0 0 0 0 0 0.2 0 0 0.4 0 0 0 0.4 0 0 0 0 0 0 0 0 0 0 0 0 0 4.2 0 0 0.2 2.6 0 0 0 0 0 0 0.2 0 0 0 0 0 0 0.2 3.8000000000000003 0 5.2 4 3.4000000000000004 0.2 2 2.4000000000000004 8.6 1.8 2.4000000000000004 3.2 5.2 0.2 2.4000000000000004 2.6 1.8 4.800000000000001 1.4000000000000001 0 1.6 0 0 0 0 0 0 0 0 0 0 0 0 0 0 0 0.2 0 0 2.4000000000000004 2 0 0 0 0 0 0 0 0 0 0 0 0 0 0 0 0 0 0 0 0 0 0 3.8000000000000003 0 0 0 0 0 0 0 0 3.8000000000000003 0 0 1.4000000000000001 0 0 0 0 0 1.8 0 0 0 0 0 0.2 0 0 0 0 0 0 0 0.2 0 0 0 0 0 0 0.2 0 0 0 0 0 0 0 2 
 7 0.4 0.6000000000000001 1 0.6000000000000001 15.200000000000001 1.2000000000000002 0.8 0.4 0.4 1 0.8 0.4 0.8 1 0.4 0.4 1.2000000000000002 0.6000000000000001 0.6000000000000001 73.8 30.200000000000003 0 71.4 9 55.2 76.60000000000001 27 47 18.400000000000002 54.2 43.800000000000004 14 10.200000000000001 28.400000000000002 22.8 84 62.400000000000006 27.400000000000002 38.400000000000006 0 0 0 1.4000000000000001 0.4 0 0 0.8 0 0.4 0 0 28.400000000000002 12.600000000000001 12.8 0.2 0.8 1 12.600000000000001 0 0 0 0 0 0 0 0.4 0.6000000000000001 0.6000000000000001 0.2 0 0 0 0 0 0 0 0 0.4 9.4 0 0 0 0 3.8000000000000003 0.2 0 1.4000000000000001 0 0 0 0 0 0 0.4 0 0 0 0 0 0 2.4000000000000004 1.8 4.6000000000000005 1.2000000000000002 0 5.2 0.4 6.6000000000000005 3.8000000000000003 2.2 3 3 0 3.4000000000000004 0.2 2.2 0 0 1.2000000000000002 3 0 0.2 0 0 0 0 2.2 0 0 0 0 0 2.4000000000000004 0 1.6 0 0 0.4 0.2 0 0 0 0.4 0 0 0 0 1.2000000000000002 0 0 0 0 0.2 0 0 0 0.2 0 0.2 9.8 0 0 0.2 0 0 0 0 0 0 0 0 0 0 0 0 0 0 0 0 3.2 2.2 4.6000000000000005 3.6 3 5.6000000000000005 0.2 7.2 4 0.6000000000000001 2.8000000000000003 5.4 0.2 3.6 4 0.2 9.8 4 0 2.2 0 0 2.6 0 0 1.6 0 0 0 0 0 0 0 2 0 0.2 0 0 4.800000000000001 2.2 0 0 0 0 0 0 0 0 0 0 0 0 0 1.6 0 0 0 0.6000000000000001 0 0 0 1.6 0 0 0 0.4 0 0 0 0 0 0 0 0 0.6000000000000001 0.4 0 0.2 0 0.4 2.2 0 0 0 0 0 0 0 0 0 0 0 0 0 0 0 0 0.2 0 0 0 1.8 0 0 0 0 0.2 0 0 0 
 0.8 0.8 1.2000000000000002 1.2000000000000002 1.6 16.400000000000002 17.2 1.2000000000000002 1.4000000000000001 1 1.2000000000000002 1 1.6 0.8 1.2000000000000002 1 0.8 1 0.8 1 44.2 83.80000000000001 71.4 0 28.6 20.400000000000002 56.400000000000006 59 77.60000000000001 38.800000000000004 16.400000000000002 24.400000000000002 16.6 16.8 29.200000000000003 19.200000000000003 29.400000000000002 26.6 62 29.8 0.4 0.2 0.2 0.2 0.6000000000000001 0.2 0.4 0.8 0.4 0 0.8 0.2 14.200000000000001 0.2 0.4 0.6000000000000001 14.600000000000001 1.2000000000000002 0 11.8 0 0.4 0.4 0.4 0.4 1 0 0.6000000000000001 1 0 0.6000000000000001 0.4 2.8000000000000003 0.4 0 0 0.4 0 0.4 0.4 0 0 0 0 0 3 0 0 0 0 0 0 0 0 0 0 0 0 0 0 0 1.8 0 0 0 0 2.6 0.2 2.4000000000000004 3.6 0 3 0 0 0 4.4 0 0 0 0 0 0 0 0.4 0 0 0 0 0 0 0 0 0 1.6 0 0 0 0.4 1.8 1.6 0 0 0 0 0 0 0 0 0 0 0 0 0 0 0 0.6000000000000001 0 0 0 0 0 0 0 0 2.6 0 0 0 0 0.4 0 0 0 0.4 0 0 0 0 1.6 0.4 0 2.8000000000000003 1.8 0.6000000000000001 0 0.2 2 0 0 1.6 7.800000000000001 3 0 3.4000000000000004 0 5.4 1.6 0.4 0 0 0 0.2 0 0 0 0 2.4000000000000004 0 0 0 0 0 0.2 0 0.4 2.4000000000000004 0 0.4 3 1.2000000000000002 0 3.6 0 0 0 0 0 0 0 0 0 0 0.4 0 0 0 0 0 0 0 0 0 4 0 0 0 0.4 0 0.4 0 0 0 0 0.4 0 0 0.2 1 0.4 0 1.8 0 0.4 0 0.2 0 0 0 0 0 0 0 0 0 0 0 0 0 0 0 0 0 0 0 1.4000000000000001 0 2 0 0 0 
 0.4 0 0.4 0 0 0 0 0.8 0 0 0 0 0 0 0 0 0 0 0 0 6.800000000000001 8.6 9 28.6 0 13.8 17.2 17.6 30 17 45.2 41.2 10.8 59.400000000000006 14.8 17.8 39.6 54.6 13.4 59 0.6000000000000001 0 12.600000000000001 2 0 0 11.8 16.6 0.4 41.800000000000004 42.2 0 29.8 25 0.4 0.6000000000000001 0 0.4 11.4 0 0.2 0 0.2 0 0 0.4 0 10.200000000000001 0.6000000000000001 0 1 0 0 0 0 1.6 10 0 0.6000000000000001 0 0 0 0 0 0 0 0 0 0 0 0 2 0 0 0.2 0 0 0 0 0 0 0.2 0 1.6 1.4000000000000001 0.4 0 0 4.6000000000000005 0 0 5.800000000000001 0 0 0 4.4 0 2.2 0 0 0 2 8.8 0 0 2.4000000000000004 5.6000000000000005 0.2 0 0 4.4 0 1.4000000000000001 8.4 1.8 2 0 0 5.800000000000001 0 0 0 0 0.4 0 0 0 0.8 0 0 0 0 0 0 0 0 0 0 0.4 0.4 0 0 0 0 0 0 0 0 0 0 0 0 0 0.8 0 0 0 0 0 0 0 0 1.6 0 0 4.2 0.2 0 0 0.4 0 2.6 0 0 0 4.2 1.4000000000000001 0 0 0 1.2000000000000002 0 3.4000000000000004 0 0.2 0.4 5.2 13 3.8000000000000003 0.2 0 2 0 4 9.200000000000001 8.6 5.4 3.4000000000000004 4.2 4 0 0 0 0 0 0 0 0 0 0 0 0 0 0 0 0 5.6000000000000005 0 0 0 0 0 0 0 0 0.2 0 0 0 0 0 0 0 0.2 1.4000000000000001 0 0.2 0 14.8 0.8 1.8 0 0 0 0 0 0 0 0 0 0 0.2 0 0 0 0 0 0 0 3.2 0 0 0 0 0 5.800000000000001 0 0 0 0 
 11.8 0.6000000000000001 0.6000000000000001 0.6000000000000001 0.6000000000000001 0.6000000000000001 0.6000000000000001 0.6000000000000001 0.8 0.6000000000000001 0.6000000000000001 0.6000000000000001 0.8 0.6000000000000001 0.6000000000000001 0.6000000000000001 0.6000000000000001 0.6000000000000001 0.6000000000000001 0.6000000000000001 20.8 12.8 55.2 20.400000000000002 13.8 0 19.200000000000003 6.6000000000000005 26.6 28.6 27.400000000000002 27.6 8.6 11.600000000000001 100.2 21.400000000000002 42.800000000000004 20 12.600000000000001 9.600000000000001 13.200000000000001 0 0.4 0 0 0 5.800000000000001 0.8 0 0.4 0 0 25.8 17.2 12.4 12.8 0 0.4 19.200000000000003 0.2 0 0 0 0 0 0 0 0.6000000000000001 0.6000000000000001 0 0 0 0 0 0 0 0 0 0.4 0 0 0.4 0 0 0 0 0 0 0 0 0 0 0 0 0 0 0 0 0.2 0 0 5.6000000000000005 0.4 0 7.2 2.6 0 5.2 3.4000000000000004 0 2.6 7.800000000000001 0 0 0 0 0.2 4.2 0 0 0 0.2 3.8000000000000003 0 0 0 4.2 0 0 0 0 0 6.800000000000001 4.4 1.6 1.4000000000000001 2.6 0 7.800000000000001 3 0 0 0 0 0 0 0 0.4 0 0 0.2 0 0 0 0 0 0 0 0 0 0 0 0 0 0.2 0 0 0.4 0 0 0 0 0 0 0 2.6 0 0 0 0 0 2.2 1.4000000000000001 4.4 0 2.4000000000000004 0 3.2 0 0.6000000000000001 3.8000000000000003 3 0 0 0 0 2 5.4 0 0 1.2000000000000002 0 2.4000000000000004 2.2 0 0 2 3.2 2.2 4.6000000000000005 0 0 0 5.800000000000001 5 0.2 2.2 1.8 5.2 3.8000000000000003 0 0 0 0 0 0 0 0 0 0 0 0 0 0 0 0 0 0 0 0 0 0 0 0 0 0 0 0 0 0 0 0 0 0 2.8000000000000003 0.8 0 14.8 1 0 2 0.8 0 0 0 0 0 0 0 0 0 0 0 0 0 0 0 0.2 0 0 0 1.6 0 0 0 0 0 0 0 0 
 0 0 0 21.400000000000002 14.8 22 0 0 0 0 0 31.6 0 0 0 0.2 18.400000000000002 17 0.4 0 71.60000000000001 17.2 76.60000000000001 56.400000000000006 17.2 19.200000000000003 0 23.6 13 7.800000000000001 6.2 44 35.6 89.2 11.8 10.4 8 93.2 8 25.8 0.4 0 13.4 0 0.4 0 0.6000000000000001 0.8 4.800000000000001 0 0 0 0.4 0.4 0.4 1 0.8 0.4 0 0 0 0.6000000000000001 0 0 0 0 0.6000000000000001 0.6000000000000001 0.6000000000000001 0 0 0 0 0 0.4 0.4 0 0.2 10.8 0 0 0 0 0 2 4.4 0 0 0 0 2.8000000000000003 0 0 0 0 0 0 0 0 0 2.2 2 0 0.6000000000000001 0 0 6 2 1.6 0 0 0.2 1.6 2.4000000000000004 3.6 4.6000000000000005 3.4000000000000004 0 5.4 0.2 0 0 0 0 0.2 0 0 0 0 0 0 0 0 0 0 0 0 0 0.4 0.2 0 0 0 0 0 0 0 0 2 0 0 0 0 1.4000000000000001 0 0 0 1.8 0 0 0 0 0.4 2 4 4.4 0 0 0.2 0 0 2.6 0 0 0 0 1.2000000000000002 0.2 0 0 9.8 0.4 6.800000000000001 1.8 0 0 0 2.6 3 0 0 2 13.4 8.200000000000001 9 3.6 0 1.8 3.8000000000000003 0.4 0 0 0 0 0 0 0 0.4 0 0 0 0 3 0 0 0 0 0 0 0 0 1.6 0 0.2 0 0 0 0 0 0 0.2 0 0 0 0 0 0 0.4 0 0 0 0 0 0 0 0 19.200000000000003 0 0 0 0 0 0 0 6.800000000000001 0 0.4 15 0 0 0.4 0 0 0 0 0 0 0 0 0 0 0.4 0 0 0 0 0 0 0 0 0 0 0 0 0 0 1.2000000000000002 0 0 0 
 0 0.2 0 0 0 0 0 0 0.2 0 0 0 0 0 0 0 0.6000000000000001 0 0.8 0 54.400000000000006 13.8 27 59 17.6 6.6000000000000005 23.6 0 29 10 23.6 4.800000000000001 16 21.400000000000002 10.200000000000001 20.6 35.800000000000004 64.8 26.6 6.2 0 3.4000000000000004 0.2 0 0 0 0 0 0 0 0 0 14 0 0 0.4 0 0.4 0 0.2 0 0 0 0 0 0 0 0.6000000000000001 0.6000000000000001 0 0 0 0 0 0 0 0 0 0.4 0 0 0 0 0 0.2 0 0 0 0 0 0 0 0 0 0 0 0 2.6 0 0 0 3.8000000000000003 0.4 4.4 1.4000000000000001 0 3.4000000000000004 0 9.4 1.4000000000000001 0 5.6000000000000005 0 3 3 8 2.6 0 0 0 6.800000000000001 0 0.2 0 0 0 0 0 0 0 0 0 0 5 0 0.2 0 0 0.2 1 0 0 0 0 0 0 0 0 0.2 0 0 1.4000000000000001 0 0 0 0 0 0 0 0 0 0 0 0 0 0 0 0 0 0 0 0 0 0 0 0 0 0 0 0 0.2 6 2.2 7.2 3.6 7.800000000000001 0 3.2 3 6.2 3.2 6.4 0 0 0.2 2.2 8.8 4.6000000000000005 0 0 0 0 4 0 0 0 0 0 0 0 0 0 0 0 0 0.2 0 0 6 1.8 0 0 0.2 0 0 0 0 0 0 0 0 0 0 0 0 0 0 0 0 0 0 0 0 0 0 0 0 0 0 0 0 0 0 0 2 0 0 0.4 0 0 1.6 0 0 0 0 0 0 0 0 0 0 0 0 0 0 0 0 0 0 1.6 0 2 0 0 0 2 0 0 0 0 
 0.4 0 0 0 15.200000000000001 9 0 0 0 0 0 0 0 0 0.2 0 0 0 0.4 0 39 46.6 47 77.60000000000001 30 26.6 13 29 0 21.400000000000002 11 60 25 35 29.400000000000002 44 20 28.8 25.400000000000002 32 0.2 0 0 0 0 0 0 0 0 0 0 0 20 0 0 0.4 0 0.4 0 0.2 0 0 0 0 0.2 0.4 0 0.4 0.6000000000000001 0 0.4 1.2000000000000002 0 0 0 0 0 0 0.4 0 0 0 0 0 0 1.8 0 0 0 0 0 0 0 0 0 0 0 0 4.4 7.800000000000001 0 5.6000000000000005 4 9.600000000000001 0.2 4.2 0.2 2.2 4.6000000000000005 5.4 9.4 4 2.2 0 0.6000000000000001 0 7 0 0 4.2 1.6 0 0 0 0 0 0 0 0 0 0 0 0 1.6 0 0 0 0 0 3.2 0 3 0 0 0 0 0.4 0 0 0 0 0 0 0 0 0 0 0 0 0 0 0 0 0 2 0 0 0 0 0 0 0 0 0.2 0 0 0 0 0 0 3.6 5 7.2 3.4000000000000004 0 0 2.8000000000000003 5.4 5.6000000000000005 5.800000000000001 6.4 6.4 6.6000000000000005 4.2 2.6 3.4000000000000004 5 3.8000000000000003 0 0 0 0 0 0 0 0 2.8000000000000003 0 0 0 0 0 2.4000000000000004 0.2 0 2.4000000000000004 0 0 2 3.4000000000000004 0 0 0 0 0 0 0 0 0 0 0 0 0 0 0 0 0 0 0 0 0 0 3.8000000000000003 0 0 0 0 0 0 0 0 0 0 0 0.4 0.4 0 15.200000000000001 0.2 0.2 2.2 3 0 0 0 0 2.6 0 0 0 0 0 0 0 0 0 0 0 0 0 0 0.2 0 0 0 0 0 0 0 0 
 0.2 0 0.2 0 0 0.4 0 0 0 0 0 0 0 0 0 0.2 0 0 0 0 40 22.8 18.400000000000002 38.800000000000004 17 28.6 7.800000000000001 10 21.400000000000002 0 59.800000000000004 53 16.2 75.4 24.8 30 44.2 39 10.600000000000001 44.400000000000006 13.200000000000001 0 0.6000000000000001 6.4 0 0.6000000000000001 0 0.6000000000000001 0.2 0 41.400000000000006 1.2000000000000002 0.4 0.2 12.600000000000001 0.4 0 0.4 0 13.200000000000001 0 4.6000000000000005 0 0 0 0 0 2.2 0.6000000000000001 0 0.4 0 0 0 0 0 0 0.4 0.4 0 0 0 0.4 0 0 0.4 4.6000000000000005 0.4 0 0 0 0 0 0 0 0 0 0 0 0.2 0 2 4.4 1.8 7 4.800000000000001 0 0 3.2 0.4 3.8000000000000003 1.2000000000000002 0 0 0 6.6000000000000005 1.6 6.6000000000000005 0 2.4000000000000004 7 0 0.2 0 0 0 0.2 2 0 0 0 0 2.2 0 0 0.2 0 0 4.4 1 0 0.4 0 0 0 0.4 0 0 0 0 0 0 0 0 0 0 0 0.4 0 0 0.4 0.4 0 0 0 0 0 0 0 0 0 0 0 0 0 0 0 0 0 0 2.2 0.2 0 10.8 3.6 7 0 6.4 1.8 0 1.2000000000000002 0.2 0 2.2 0 3 2.8000000000000003 4 0 0 0 0 0 3 0 0 3.2 0 0 0.2 0 0 6.800000000000001 0 8.6 0 0 0.2 4.2 0 0 0 0 0 0 0 0 0 0 0 0 0 0 0 0 0 0 0 0 0 0 0 0 0 0 0 0 0 0 0 0 0 0 0 15.200000000000001 0 0.6000000000000001 15 0.2 0 0.4 0 0 0 0 0 0 0 0 0 0 0 0 0 0 0 0 0 0 0 0 5.4 0 0 0 0 0 0 0 4.800000000000001 
 0.8 0.4 0.4 0.4 0.6000000000000001 0.2 15.4 0.2 0.4 0.4 0.4 0.2 0.2 0.4 0 0.4 0.2 0 0.2 0.4 21 9.200000000000001 54.2 16.400000000000002 45.2 27.400000000000002 6.2 23.6 11 59.800000000000004 0 42 8.4 25.6 54.800000000000004 38 18.2 13.600000000000001 6.2 56.400000000000006 0.4 12.8 0 0 0 0 6.800000000000001 2.2 0 0 0 0 12.600000000000001 25.6 0 0 0 0.4 12.600000000000001 4.800000000000001 0 0 0 0 0 0 0 0.4 0.6000000000000001 0 0 0 0 0 0 0 0 0 0.8 0 0 0 0 0 0 0 0 0 0.4 0 0 0 0 0 0 0 0 0 0 0 0 2.4000000000000004 6.2 2.8000000000000003 0.4 1.6 0 0 0.4 0 0 2.4000000000000004 2 0 0 1.6 2.8000000000000003 1.8 0 0 2 0.2 1.2000000000000002 0 0.2 0 1.4000000000000001 0.2 0 0 0 0 1.8 8.4 3.6 1.2000000000000002 0.2 0 5.2 4.4 0 1 0 0 0 0 0.4 0 0 0 0 0 0 0 0 0 0 0 0 0 0 0 0 0 0 0 0 0 0 0 0 2 0 0 0 0 0 0 0 0 0 0 4.6000000000000005 0 1 2.4000000000000004 2.4000000000000004 6 8.6 7.4 2.2 0 0 0 0 5.4 1.2000000000000002 3 0 2 3.6 0 3.2 0 0 0 2 7.6000000000000005 0 0 0 0 0.2 2 10.600000000000001 0 8.200000000000001 1 6.2 3.4000000000000004 0 0.2 0 0 0 0 0 0 0 0 0 0 0 0 0 0 0 0 0 0 0 0 0 0 0 0 0 0 0 0 0 0 0 0 1.2000000000000002 0.4 0 0 18 0.4 1 6 0 0 0 0 0 0 0 0 0 0 0 0 0 0 0 0 0 0 0 0 0 0 0 2.4000000000000004 0 0 0 0 
 0 0 0 0 0.2 0 0.8 0 0 0 0 9.200000000000001 0 0 0 0.2 0 0 0 0 37 24.200000000000003 43.800000000000004 24.400000000000002 41.2 27.6 44 4.800000000000001 60 53 42 0 26.200000000000003 51.400000000000006 23.6 9 30.200000000000003 36.2 79.4 5 0.6000000000000001 0 0 5.800000000000001 0 0 13.4 9.600000000000001 0.6000000000000001 0.4 0 0 16.400000000000002 0 1.2000000000000002 13 0 1 12.600000000000001 12.8 1 0 0 0 0.6000000000000001 0.2 10 1.2000000000000002 11.600000000000001 0 0 0.2 0.6000000000000001 0 0 0 0 0.2 0.4 0 0 0.4 0 0 0 0 0.2 0 0 0 0 0 3.8000000000000003 0 0 0 0 0 0 0 0 3 3.2 1.8 4 2.8000000000000003 2.2 6.4 6.2 4 5.2 2.6 1.6 0 0.4 3.8000000000000003 3.6 0.2 0 3.8000000000000003 2 3.8000000000000003 0 0 0 0 5.6000000000000005 4 0 0 0 0 0 5 9.4 0.2 0 0 1.2000000000000002 0 0 0 0 0 0.4 0 2.4000000000000004 0.6000000000000001 0 0 0 0 0 0 0 0 0 0 0 0 0 0 0 0 0.2 0 0 0.4 0 0 0 0 0 0 0 0 0 0 0 0 1.8 2.4000000000000004 3 8.8 0 2.6 0 3.2 2.6 0.2 0 4.800000000000001 2.4000000000000004 3.2 0.2 3.4000000000000004 2.4000000000000004 3.2 0 0.2 3.6 0 0 0 0 0 3.4000000000000004 0 0 0 0 0 3.6 0.2 6.800000000000001 4.2 0 6.800000000000001 3.8000000000000003 2.2 0 0 0 0 0 0 0 0 0 0 0 0 0 0 0 0 0 0 0 0 0 0 0 0 0 0 0 0 0 0 0 0 0 0 2.6 0.8 0 1 0.2 0.4 2.2 1.4000000000000001 0 0 0 0 3.2 0 0 0 0 0 0 0 0 0 0 0.2 0 0 0 0 0 0 0 0 1.4000000000000001 0 0 0 
