 0 55.400000000000006 42.400000000000006 9 7.800000000000001 9.600000000000001 59.400000000000006 11.600000000000001 5.6000000000000005 21.200000000000003 47.6 7.2 39.400000000000006 43.6 8.8 6.2 14.8 14 27.6 32.2 0 0.6000000000000001 0.4 0 0 0 0.4 0 0 0 0.2 0 0 0 0 0.6000000000000001 0 0 0 0 0 0.2 0.4 0 0 0 0 0 0.6000000000000001 0 0 0 0.6000000000000001 0 0 0 0 0 0 0 0 0 0.6000000000000001 0 0.6000000000000001 0 0.6000000000000001 0 0.6000000000000001 0 0 0 6 0 0 0 0 0 0.2 0 10.200000000000001 5.2 14 0 0 0 2.4000000000000004 4.800000000000001 0.2 6 4.800000000000001 0 0.6000000000000001 0.4 6.2 3.8000000000000003 2.6 3.2 3.4000000000000004 3.6 0 0 0 0 0 0 0 7.2 0 0 0 0 0 0 0 0 0 0 0 0 0 0 0 0 0 0 7.2 0 0 0 4.2 0 0 0 0 0 0 0 0 0 0 0 0 0 0.4 0 2.4000000000000004 0 2.2 0 0 0 0 0 0 0 0 0 0 0 0.2 0 0 1.8 0 0 4.2 0.2 0 1.4000000000000001 0 0 5.800000000000001 6.4 0 3.2 0.2 0 9 3.8000000000000003 0 0 0 0 0 0 0 0 0 0 0 0 0 0 0 0 0 0 0 0 0 0.2 0 0 0 0 0 0 0 0 0 0 0 0.4 0 0 0 0 0 0 0 0 0 0 0 0 0 0 0 0 0 0 0 0 0 0 0 0 0 0 0 0 0 0 0 0.4 0 0 0 0.4 0 6 2.8000000000000003 0 0 0 0 0 0 0 0 0 2 0 0 0 0.2 0 0 0 0 0 0 0 0 0 3.8000000000000003 0 0 0 0 0 0 0 0 0 0 0 0 0 
 55.400000000000006 0 76.80000000000001 15.8 51.400000000000006 51.2 73 33.800000000000004 9.4 24 24.400000000000002 82.60000000000001 57.400000000000006 33.800000000000004 73 15.200000000000001 78.4 26.200000000000003 15.600000000000001 27.400000000000002 0 0.6000000000000001 0 6.6000000000000005 1 0 15.200000000000001 0 0 0 0.2 0 0 0 0 0.6000000000000001 0.4 0 0 0.4 0 0.2 0.4 0 0 0 0 0 0.6000000000000001 0 0 0 0.6000000000000001 0.2 1 1 0 0 0 0 0 0 0.6000000000000001 0 0.6000000000000001 0 0.6000000000000001 0 0.6000000000000001 0 0 0 0 0 0 0 0 0 0 0 1 10.8 3 11 0 0 6.2 2.4000000000000004 4.2 8.6 7.800000000000001 7.800000000000001 5.2 3.2 0 6.2 3.6 3.2 3.2 0 0 0 0 0 0 0 0 0.2 0 0 0 0 0.2 0 0 0 0 0 0 0 0 0 0 0 0 0 0 0 0 0 0 0 0 0 0 0 0 0 0 0 0 0 0 0 0 0 0 1.6 0 0 0.8 0 0 0.4 0 1.2000000000000002 0 0 0 0 3.2 6.4 3.8000000000000003 3.2 0 0 0 2 7.4 4.2 0 3.2 2.4000000000000004 4.4 0.2 4 3 5 0 1.2000000000000002 0 0.4 0 0 0 0 2 0 0 0 0 0 0 0 0 0 0 0 3.6 5 0 0 0 0 0.2 0 0 0 0.4 0 0 0 0 0 0 0 0 0 0 0 2 0 0 0 1.6 0 0 0 0 0 0 0 0 0 0 0 0 0 0 0 0 0 0 0 0 0.8 0.4 0 0.2 0 0 1.8 2.4000000000000004 0 0 0 0 0 0 0 0 0 0 0 0 0 0 0 0 0 0 0 0 0 0 0 2 0 0 0 0 0 0 0 0 0 0 0 0 0 
 42.400000000000006 76.80000000000001 0 40.2 7.4 6.4 42.800000000000004 20 25.200000000000003 29.400000000000002 13.8 24 15.200000000000001 29.200000000000003 28 8.4 34.800000000000004 69.4 47.6 18.6 0 0.6000000000000001 0 0 0 0.6000000000000001 27.400000000000002 0.6000000000000001 0 0 0.4 0 0 0.4 0.2 0.6000000000000001 41.400000000000006 0 0.4 0.6000000000000001 0 0.2 0.4 0 0 0 0 0 1.6 0 0.8 0.2 0.6000000000000001 1.8 1 1.6 0.6000000000000001 11.600000000000001 0 0 0 0.2 1 0 0.6000000000000001 0 1 0 0.6000000000000001 0 0 0 0 0 12 0 0 0 0.4 0 4.6000000000000005 4.2 3.6 3.8000000000000003 0.2 0 6.6000000000000005 2.4000000000000004 7.2 10.200000000000001 7.800000000000001 4.6000000000000005 0.2 0 0 4 3.6 1.8 2.4000000000000004 0 0 0 0 0 0 0 10.600000000000001 0 0 0 0 0 0 2.2 0 0 0.2 0.2 7.800000000000001 0 0 0 0 0 0 0 0 0 0 0 0.4 0 0 0 0 0 0 0 0 0 0 0 0 0 0 0 0 0 0.4 0 0 0 0 0.2 0 0 0.4 0 0 0 12.4 2.2 2 3 2.2 0.2 2.8000000000000003 5 3.8000000000000003 0.8 0 6.4 0 3.2 0 3.6 0.4 2 2.4000000000000004 3.6 0 0 0 0 0 0 2 0 0 0 0 0 0 0.4 0 0 0 0 3.6 4.2 0 0 0 0 0 0 0 0 1.8 0 0.2 0 0 0 0 0 0.2 0 0 0 0 0 0 0 0 0 0 0 0 0 0 0 0.4 0 0 0 0 0 0 0 0 0 0 0 0 0.6000000000000001 7 0 0.6000000000000001 0 0 0 4.6000000000000005 0 0 4 0 0 0 0 0 0 0 0 0 0 0 0 0 0 0 0 0 0 0 0 0 0 0 0 0 0 0 0 0 0 0 0 0 0 
 9 15.8 40.2 0 34.4 8.200000000000001 37.2 34.6 49.6 19.6 30.6 18.400000000000002 18.400000000000002 36.4 12.600000000000001 44.2 64.4 30.8 28.6 13.200000000000001 0 0.6000000000000001 0 0 0 0 32.4 17.6 0 0.2 0.2 0 16.2 0 0 15.600000000000001 0 0 7.4 4.4 0 0.8 0.4 0 0 0 0 0 0.6000000000000001 0 0 0 0.6000000000000001 1.4000000000000001 0 0 0 0 0 0 0 0 0.6000000000000001 0 0.6000000000000001 0 0.6000000000000001 0 0.6000000000000001 0 0 0 0 0 0 0 0 0 0 0 0 0 1.6 0.4 11.8 4.6000000000000005 0 3.6 2 2.4000000000000004 2.8000000000000003 0 0 2.2 0 0 3 0 0 0 7.4 2.6 0 0 0 0 7.800000000000001 0 0.2 0 0 0 16 6.6000000000000005 3 4 0.4 0.4 1.2000000000000002 8.8 0 0 0 0 0 0 0 0 0 0 0.2 0 0 0 0 0 0.2 0 0 0.4 0 0 1 0 0 0 0 0 0.2 2 0 0 0 0 0 0.2 0 0 0 2.4000000000000004 6 0 0 8.200000000000001 16 2.8000000000000003 0 0 2.4000000000000004 0.4 3.8000000000000003 3.2 0 0 2 2 4.2 1.6 0 1.2000000000000002 0.6000000000000001 0 0 0.2 0 3.2 1.6 0 1.6 0 0 0 4.2 0.2 1.8 0 2.8000000000000003 0 4.2 0 0 0 0 0 2.8000000000000003 0 0 0 0 0 0.4 0 0 0 0 0 0.4 0 0 0 0 0 0 0 3.6 0 0 0 0 0 0 0 0 0 0 0 0 0 0 0 0 0.6000000000000001 0 0 0 0.6000000000000001 0 0 17.400000000000002 0.2 3 0.6000000000000001 0.4 0 0 0 0 0 0 0 0 0 0 0 0 0.8 0 0 0 0 0 0 0 0 0 5.800000000000001 0 0 0 0 0 0 0 0 0 0 0 0 0 0 
 7.800000000000001 51.400000000000006 7.4 34.4 0 66 7.2 13.8 62 61.400000000000006 57.2 34.2 13.200000000000001 12.200000000000001 31.8 35.2 51.6 12.4 8.6 16 15.600000000000001 12.4 15.4 0 0.2 0.2 46 15 0 0 15.200000000000001 0 0.2 0 44.400000000000006 12.200000000000001 0 0 44.800000000000004 30.8 0 13.8 0.4 0 0 0.4 0 0 0.6000000000000001 0.6000000000000001 0.2 0.2 0.6000000000000001 4 0.4 0 0 12.4 0 1 0 0 0.6000000000000001 0 0.6000000000000001 0.6000000000000001 0.6000000000000001 0 0.6000000000000001 0.4 0 0.8 0 0 0 0 0 0 0.4 0 0 2.2 0.8 1.8 5 3.8000000000000003 0 0 0 0 0 8.4 0 0 2 4 0 0 0 0 5.2 0.2 0 0 0 0 10.600000000000001 4 3.4000000000000004 0 0 0.8 3.8000000000000003 4.2 3 4 5.2 1.4000000000000001 4.2 3.2 0 0 0 0 0 0 0 0 0 0 0 0 0 0 0 0 0 0 0 0 0 0 0 2 0.8 0.2 0 0 0 0 0 0 0 0 0 0 0 0 0 0 2.8000000000000003 0.2 2.4000000000000004 0 1.2000000000000002 12.600000000000001 0 0 0.2 0 1.8 0 0 0 0 0 0 0 0 0 0.4 0 0 0 0 0 4 0 10.600000000000001 4.6000000000000005 0 0 14.8 2.2 4.800000000000001 0.2 2.6 0 2.4000000000000004 5.800000000000001 0.2 0 0 0 0 0 0 0 0 0 0 0 0 0 0 0 0 0 0 0 0 0 0 0 0 0 0 0 0 0 0 0 0 0 0 0 0 0 0 0 0 0 0 0 0 0.6000000000000001 0.4 0 1 29.400000000000002 0.6000000000000001 0.4 0 0 0 0 0 0.2 0 0 0 0 0 0 0 0 0 0 0 0 0 0 0 0 0 0 0 0 0 0 0 0.2 0 0 0 0 0 0 0 0 
 9.600000000000001 51.2 6.4 8.200000000000001 66 0 5 4.2 24.8 11.600000000000001 13.4 10 10.4 7.6000000000000005 31 29.200000000000003 15 27.400000000000002 4.800000000000001 55.800000000000004 34.4 45 4.4 0.4 0 0 17 15.200000000000001 0 0 0.4 0.6000000000000001 0.4 0 29.8 18.400000000000002 12.4 0 30.400000000000002 35.4 0 0.2 0.4 0.6000000000000001 0 0 0.4 0 1.2000000000000002 0 0 0.2 0.6000000000000001 0.4 4.2 2 0.6000000000000001 12.8 0 0 0 0 0.6000000000000001 0 0.6000000000000001 0 1.2000000000000002 5 0.6000000000000001 0 0 0 1.6 0 0.6000000000000001 0 0 0 1 0.6000000000000001 0 4 0 0 5.2 3.2 0.2 1.8 2 0.2 1.2000000000000002 2.2 0 0 0 2.4000000000000004 0 0 0 0 2.2 0.4 3 1.2000000000000002 0 0 3 1.8 1.8 2.6 0 0 4.4 2.6 2.2 3.2 2.4000000000000004 1.8 11.8 4 0 0.4 0 0 0.4 0 0 0 0 0 0 0 0 0 0 0 0 0 0 0 0 0 0 0 0.6000000000000001 0 0 0 0 0 0 0 0 0 0 0 0 0 0 1 0 0.2 2.8000000000000003 0 4 2.8000000000000003 0 2.2 3.6 0.8 0 0 0 0 0 0 0.6000000000000001 0 0 0 0.4 2.8000000000000003 2.4000000000000004 2.4000000000000004 0 0 4 0 11.600000000000001 0 0 0 8.6 6.2 6.6000000000000005 0.2 2.8000000000000003 0 9.4 16.8 0 0 0 0 0 0 0 0 0 0 0 0 0 0 0 0 0 0 0 0 0 0 0.2 0 0 0 0 0 0 0 0 0 0 0 0 0 0 0 0 0 0 0 0 0 0 0.4 1.2000000000000002 0 0.2 1.2000000000000002 0.2 3.4000000000000004 0 0 0 0 0 0.4 0.4 0 0.4 0 0 0 0 0 0 0 0 0 0 0 0 0 0 0 0 0 0 0 0 0 0 0 0 0 3.8000000000000003 0 0 0 
 59.400000000000006 73 42.800000000000004 37.2 7.2 5 0 34.6 49.400000000000006 25.400000000000002 60 11.200000000000001 77.80000000000001 30.200000000000003 39.2 7.6000000000000005 16.400000000000002 45.6 47 39.800000000000004 0 1.2000000000000002 0 0 0 0 0.4 0.6000000000000001 0 0 0 0.6000000000000001 0 0.6000000000000001 0 1 0.4 0.4 0.2 0 0 1.2000000000000002 0.8 0.6000000000000001 0 0 0 0 0.6000000000000001 0 0 0 1.2000000000000002 0 0.4 0 0.6000000000000001 0 0 0 0 0 0.6000000000000001 0 0.6000000000000001 0.4 0.6000000000000001 0 0.4 6.6000000000000005 0 0 0 0 0.4 0 0 1.2000000000000002 0.6000000000000001 0 7.4 0.2 6.800000000000001 2.8000000000000003 0 1.2000000000000002 7.800000000000001 0 0 2.8000000000000003 2.8000000000000003 0 0 0.4 0 0 0.6000000000000001 5.2 5.2 0.2 0 0 0 0 0 0 0 0.4 0.2 0 0 0 0 0 0 0 0 0 0 0.8 0 0 0 0 0 0 0 0 0 0 0 0 0 0 0 0 0 0 0 0 0 0 0 0 0 3.2 0 0 0 0 0 0 0 0 0 0 0 0 0 0 0 2.4000000000000004 4 4.6000000000000005 0 0 6.800000000000001 0 0 6 6.4 2 5.6000000000000005 2.6 0.8 0 0.4 5.2 3.8000000000000003 2 0 0 0 0 0 0 0 0 0 0 0 0 0 0 0 0 0 0 3.4000000000000004 0 0 0 0 0 0 0 0 0 0 0 0 0 0 0 0 0 0 0 0 0 0 0 0 0 0 0 0 0 0 0 0 0 0 0 0 0 0 0 0 0 0 0 0 0 0 0.2 21 0 0.2 0.2 0.6000000000000001 1.4000000000000001 0 0 0.2 0 0 0 0 0 0 0 0 0 0 0 0 0 0 0 0 0 0 0 0 0 0 0 0 0 0 0 0 0 0 0 0 0 0 0 
 11.600000000000001 33.800000000000004 20 34.6 13.8 4.2 34.6 0 70.4 8.8 26.200000000000003 9.200000000000001 14.8 32.6 86.4 41 50.6 9.200000000000001 31.200000000000003 12.200000000000001 0 1.4000000000000001 0 0 24.8 0 12.8 0 0 0 0.4 0 0 0 0 0.6000000000000001 0 0 0 14.200000000000001 0 0 0.8 0 0.4 0 0 0 0.8 0 0 1 0.8 0.4 0 0 0 0 0 0 0 0 0.6000000000000001 0 0.8 0 0.6000000000000001 0.2 0.6000000000000001 0 0 0.8 0 0 0 0 0 0 0.6000000000000001 0 0 6.2 2 3.8000000000000003 5 5.2 0.2 3.6 2.4000000000000004 3.8000000000000003 1.8 3.6 1 4.800000000000001 2.4000000000000004 4.800000000000001 0.6000000000000001 2 0 0 0 0.2 0 0 0 0 2 0 0 0 0 0 3 0 0 0 0 0 0.4 2.2 0 0 0 0 0 0 2 0 0 0 0 0 0 0 0 0 0 0 0 0 0 0 0 0 0 0 0 0 0 0 0 0 0 0.8 0 1.2000000000000002 0 0 0 0 14 2.4000000000000004 7 2.2 11.4 3.4000000000000004 3.6 0 3.4000000000000004 0 6.4 0 4.6000000000000005 0 5.6000000000000005 3.2 7.4 1.8 4.6000000000000005 3.8000000000000003 0 0 0 0 0 0 8.8 0 0 0 0 0 0 0 0 0 0 0 3.8000000000000003 0 0 0 0 0 0 0 0 0 0 0 0 0 0 0 0 0 2.4000000000000004 0 0 0 0 0 0 0 0 0 0 0 0 0 0 0 0 0 0 0 0 0 0 0 0 0 0 0 0 0.4 0 0 17.6 18 3 3.4000000000000004 0 0 0 0 0 0 0 0 0 0 0.6000000000000001 0 0 0 0 0 0 0 0 0 0 0 0 0 0 0 0 0 0 0 0 0 0 0 0 0 0 0 
 5.6000000000000005 9.4 25.200000000000003 49.6 62 24.8 49.400000000000006 70.4 0 70.60000000000001 28.200000000000003 8.6 21.400000000000002 17 33.4 37.4 44.800000000000004 26.400000000000002 13.4 10 0 0.6000000000000001 0.4 0 0 0 0.4 0 0 0 0 0 0 0 0 0.6000000000000001 0 0.4 0 0 0 0.8 0.4 0.2 0 0 0 0 1.8 0 0 0 0.6000000000000001 0.4 4.4 2 0 0 0 0.4 0 0 1 0 0.6000000000000001 0 0.6000000000000001 0 0.4 0 0 0.2 0 0 0 0 0 0 0 0 4 6.6000000000000005 0 0.4 2.8000000000000003 2 0 4.6000000000000005 10 0 3.4000000000000004 2.4000000000000004 5.6000000000000005 7.2 18.8 1.4000000000000001 3.2 5 5.800000000000001 0 0 0 0 0 0 0.4 4.6000000000000005 0 0 0 0 0 2.8000000000000003 1.6 0 0 0 0 12.4 0 0 0 0.2 0 0 0 0 0 0 0 0 0 0 0 0 0 0 0 0 0 0 0 0 0 0 0 0 0 0 0 0 0 0 0 0.2 0 0 0 0 0.4 12.600000000000001 2.4000000000000004 5 0 1.8 0.6000000000000001 0 5.800000000000001 4.4 0 0.4 8 0 2.2 3.4000000000000004 0 7 0.2 2.6 0.6000000000000001 0 0 0 0 0 0 1.4000000000000001 0 0 0 0 0.4 0 2.4000000000000004 0 0 0 0 2.4000000000000004 2.4000000000000004 0 0 0 0 0.2 0 0 0 0 0 0 0 0 0 0 0 0 0 0 0 0 0 0 0 0 0 0 0 0 0 0 0 0 0 0 0 0 0 0 0 0 0.2 3.6 0 0 0.2 0.2 0 0.4 0.2 0.2 2 0.2 0 0 0 0 0 0 0 0 0 0 0 0 0 0 0 0 0.4 0 0 0 0 0 0 0 0 0 0 0 0 0 0 0 0 0 0 0 0 
 21.200000000000003 24 29.400000000000002 19.6 61.400000000000006 11.600000000000001 25.400000000000002 8.8 70.60000000000001 0 29 28 46.2 71.8 36.2 55.400000000000006 53 28.8 32.4 17.6 0 0.8 0 0.4 0 0 0.8 0 0 0.2 0.2 0.6000000000000001 0.2 1.2000000000000002 0 0.8 0.2 0 0 0.2 0.2 2 0.4 1.2000000000000002 1 0 0.6000000000000001 1.2000000000000002 2.4000000000000004 0 0.4 0 0.6000000000000001 0.8 0.2 0.4 1.2000000000000002 0 0.4 0.2 1.6 0.4 1 0.4 0.8 0 0.6000000000000001 0 1.2000000000000002 0 0 0.2 0.6000000000000001 0.4 0 0 0 0 0.2 0.8 0.2 0 3.4000000000000004 2.8000000000000003 0 0 2 2.2 6.2 0.2 0 0 3 2.8000000000000003 5.6000000000000005 0.4 4.2 5.2 3.2 0 0 0 0 0 0 0 3.2 0 0 0.4 0 4.800000000000001 0 3.8000000000000003 0 0 0 0 0.4 0 0 0.2 0 0 0 0 0 0 0 0 1.4000000000000001 0 0 0 0 0 0 0 0 0.4 0 0 0 0 0 0 0 0 0 0 0 0 3 0 0 0 0 0 0 0 0 4.4 2.6 2.8000000000000003 0 0.2 0.2 5 2.6 3.6 0 5.6000000000000005 2 6 3.6 2.6 0 2 0.2 2 0 0 0 0 0 0 0 0 0 0 6.800000000000001 0 0 0 0 0 0 0 0.2 0 0 0 0 0 0 0 0 0 0 0 0 0 0 0 0 0 0 0 0 0 0 0.2 0.2 2.6 0.4 0 0 0 0.2 0.4 0.2 0 0 0.4 0 0 0 0.2 0 0.2 0 0 0 0 0 0.4 1 0 0.4 0 0 0.8 2.2 0.4 0 0 0.4 0 0 0 0 0 6 0 0 0 0 0 0 0 0 0 0 0 0 2.2 0 0 0 0 0 0 0 0 0 0 0 0 0 0 
 47.6 24.400000000000002 13.8 30.6 57.2 13.4 60 26.200000000000003 28.200000000000003 29 0 54.800000000000004 71.60000000000001 9.4 28.200000000000003 54.800000000000004 39.400000000000006 26.8 52 9 0.2 0.8 0 0 0 0 15.200000000000001 15.8 0.2 1.2000000000000002 0.2 0.4 19.6 4.800000000000001 0.2 15.600000000000001 0 18.8 20.400000000000002 7 0 0.6000000000000001 0.4 0 0 0 0 0 0.6000000000000001 0 0 0 0.6000000000000001 4.6000000000000005 0.4 0 0 0 0 0.4 0 0 0.6000000000000001 0 0.6000000000000001 0 0.6000000000000001 0 0.6000000000000001 0 0 0 0 0 0 0 0 0 0.2 0 0 0.2 1.4000000000000001 0 4.4 1.6 0 2.8000000000000003 4.2 1.2000000000000002 0.2 5.4 1.4000000000000001 10.8 0.8 0 4.6000000000000005 5 0.2 0 4.4 1.2000000000000002 0 2.8000000000000003 0 0 0 3 0 0 0 0 5.4 0 6.800000000000001 3 0.2 0 2 4.800000000000001 0 0 0 0 0 0 0 0 0 0 0 0 0.8 0.2 0 0 0 0 0 2 0 0 0 0 0.4 0 0 0 0 0 0 0 0 0 0 0 0 0 0 0 6.4 0 5.800000000000001 1.8 1.4000000000000001 9 0 4 0.2 1.4000000000000001 7.2 5.6000000000000005 2 0 6.6000000000000005 2.6 0.6000000000000001 4.6000000000000005 0 3.8000000000000003 4.4 0 0 0 0 0 0 0 2 0.2 0 0 0 0 0.2 0 3.4000000000000004 0 2.6 0 0 0 0 0 2.8000000000000003 0 0 0 0 0 0 0 0 0 0.4 0 0 0 0.2 0 0 0 0 0 0 0 0 0 0 0 0 0 0 0 0 0 0 0 0 0 0 0 0 0 0.4 0 18 0.2 0.4 20.6 2.6 0.4 6.2 0.4 0 0 0 0 0 0 0 0 0 0 0 0 0 0 0 0 0 0 0 0 0 4.2 0 3 0 0 0 0 0 0 0 0 0 0 0 0 
 7.2 82.60000000000001 24 18.400000000000002 34.2 10 11.200000000000001 9.200000000000001 8.6 28 54.800000000000004 0 9.600000000000001 23.8 4.800000000000001 27.8 52.800000000000004 7.800000000000001 24.6 6.800000000000001 0 0.6000000000000001 0.4 0 0 0.6000000000000001 30 0.6000000000000001 0 0 0 0 0.2 0.4 15 15.600000000000001 0.8 0 19.400000000000002 13.200000000000001 0 0.6000000000000001 0.4 0.2 0 0 0 0.2 0.6000000000000001 0 0.2 0 0.6000000000000001 2.4000000000000004 0.2 0.4 2 0 0 0 0 0 1.8 0 0.6000000000000001 0 1.4000000000000001 0 0.4 0 0 0.4 0 0 0 0 0 0 0 0 0 5.6000000000000005 0 4.2 6 1.6 3 0.8 8.4 8.200000000000001 2.4000000000000004 3.6 2.2 8.6 4.6000000000000005 2.8000000000000003 11 3 0 0 4.2 2 0 0.2 0 0 0 2 0 0 1.8 0 4.2 0.2 3 4 4.2 0 0 2.8000000000000003 0 0 0 0 0 0 0 0 0 0 0 3.4000000000000004 0 0 0 0 0 0 0 0 0 0 0 0 0 0 0 0 0 0 1 0 3.6 0 0 0.2 0 0 0 0 9.600000000000001 1.4000000000000001 5.4 0 5 2.8000000000000003 2.8000000000000003 7.800000000000001 0.2 1.8 0.2 8 0 0 4.800000000000001 2.8000000000000003 4.4 0.2 0 0 0 0 0 0 0 0 3.2 0 2.2 0 0 0 0 0 0 0 3.4000000000000004 0 0 0 0 0 0 0 4 0 0 0 0 0 0 0 0 0 0 0 0 0 0 0 0 0 0 0 0 0 0 0 0 0 0 0 0 0 0 0 0 0 0 0 0 0 0 0 0 0.8 0 0.4 17.2 1.6 0 0.8 0.2 0 0 0 0 0 0 0 0 0 0 0 0 0 0 0 0 2 0 0 0 0 0 0 0 0 0 0 0 0 0 0 0 0 0 0 0 0 
 39.400000000000006 57.400000000000006 15.200000000000001 18.400000000000002 13.200000000000001 10.4 77.80000000000001 14.8 21.400000000000002 46.2 71.60000000000001 9.600000000000001 0 63.6 10.8 12.8 23.6 5.2 59.2 57.2 0 0.8 1.2000000000000002 1.8 0 2.2 1 0.6000000000000001 0 1.2000000000000002 0.4 0.6000000000000001 0.8 0.6000000000000001 1.2000000000000002 2.2 7.2 0 0 0.4 0 0 0.4 0.8 0.6000000000000001 0 0 0 1.4000000000000001 0 0.4 0.8 0.6000000000000001 0 0 0 1.4000000000000001 0.4 0 0.2 0 0 0.8 0.4 0.8 1.6 0.6000000000000001 0 0.6000000000000001 0.8 0 1.2000000000000002 0 0 0 0 0.8 2.2 1.2000000000000002 0 2 0 5.800000000000001 0 0 1.6 2.4000000000000004 2 0 0.4 0 0 0 2.2 2 0 0.8 1.8 6 8.200000000000001 0 0 0 0 0 0 0 1.6 0 0 0 0 0 0 0 0 0.4 0 0 3.8000000000000003 0 0 0 0 0 0 0 0 0 0 0 0 0 0 0 0 0 0 0 0 0 0 1.2000000000000002 0 0 0 0 0 0 0 0 0 0 0 0 0.2 0 0 0 0 0.8 2.6 3.4000000000000004 2 0 0.6000000000000001 4 0 5.800000000000001 9.200000000000001 6.2 0.2 2.8000000000000003 6 1.4000000000000001 0 0 2.4000000000000004 14.200000000000001 4.2 0 0 0 0 0 0 0 0 0 0 0 0 3.8000000000000003 0 0 0 0 0 3.4000000000000004 0 0 0 0 0 0 3.2 0.4 0 0 0 0.4 0 0 0 0 0 0.4 0 0 0 0 0 0 0 0 0.4 0 0 0 0 0 0 0 0 0 0 0 0 0 0 0 0 0 0 0 0 0.4 0 0.6000000000000001 0 2.2 0.4 0 0 0 0 0 0 0 0 0 0 4.2 0 0 0 0 0 0 0 0 0 0 4.4 0 0 0 0 0 0 0 0 0 0 0 0 0 0 0 0 
 43.6 33.800000000000004 29.200000000000003 36.4 12.200000000000001 7.6000000000000005 30.200000000000003 32.6 17 71.8 9.4 23.8 63.6 0 60.2 5 15.8 22.8 28.8 111.60000000000001 0 1 0 0 0 1.6 0.4 0.6000000000000001 0 0 0.2 0 0 0.4 0 0.6000000000000001 0.2 0 0.4 0.6000000000000001 0 0.4 0.4 0.4 0 0.2 0 0 0.6000000000000001 0 0 1.6 0.6000000000000001 0.8 0.4 0.6000000000000001 6.800000000000001 0 0 0.6000000000000001 0 0 1.6 0 0.6000000000000001 0 1.4000000000000001 0 0.6000000000000001 0.4 0 0 0 0 0 0 0 0.6000000000000001 0 0.6000000000000001 3.8000000000000003 4.2 19.8 5.6000000000000005 1.4000000000000001 1.4000000000000001 2 2.8000000000000003 2.6 0.2 2.6 0 0 0 1.4000000000000001 3.8000000000000003 0 1.4000000000000001 5.2 0 0 0 0 0 0 0 0 2.6 0 0 0 0 0.2 0 0 0 0 0 0 0 0 0 0 0 0 0.4 0 0 0.2 0 0 0 0 0 0 0 0 0 0 0 0 0 0 0 0 0 0 0 0 0 0 0 0 0 0 0 0 0 0 0 0.2 2.2 0 4.6000000000000005 2.2 0 3.4000000000000004 0 0 1.6 0 6.2 19.200000000000003 3 0 0 4 5.4 5.800000000000001 0.2 0 0.2 0 0 0 0 0.4 0 0 0 0 0 0 0 0.2 0 0 0 0 0.4 0 0 0 0 0.4 0 0 0 0.2 0 0 0 0 0 0 0 0 0 0 0 0 0 0 0 0 0 0 0 0 0 0 0 0 0 0 0 0 0 0 0 0 0 0 0 0 0.2 17.400000000000002 0.4 0.8 0 0.2 0.4 0 0 0 0 0 0 0 0 0 0 0.2 0 0 0 0 0 0 0 0 0 0 0 0 0 2 0 0 0 0 0 0 0 0 0 0 0 0 0 
 8.8 73 28 12.600000000000001 31.8 31 39.2 86.4 33.4 36.2 28.200000000000003 4.800000000000001 10.8 60.2 0 32.2 59.400000000000006 23.8 14.600000000000001 47.6 0 0.6000000000000001 0 0 1 0 0.6000000000000001 0.8 0 0 25.400000000000002 0 14.4 0 0.4 0 0 0 0 0 0.4 0.6000000000000001 0 0.6000000000000001 0.4 0.2 0.4 0 0 0 0 0 0 0 1 0.8 0 0.8 0 0 0.4 0 0 0 0 0.6000000000000001 0 0 0 0 0 0 0 0.4 0 0 0 0 0 0.4 1.6 6.2 5.6000000000000005 2.2 0 1.6 2.6 0.2 2.8000000000000003 0 2 17.6 7.2 2 0 4.4 2.6 1.8 13 0 0 0 0 0 1.8 0 0 2.4000000000000004 0 0 0 0 0 0 0 0 0 0 2.8000000000000003 1.4000000000000001 0 0 0 0 0 0 0 0 0 0 0 0 0 0 0 0 0 0 0 0 0 0 0.4 0 0 0 0 0 0 0 0 0 0 1.4000000000000001 0 2.2 0 0 0 0 1 4.2 7 13.600000000000001 0 4.4 8.6 2.2 7.4 4.800000000000001 15 1.8 16.2 0 1.4000000000000001 0.8 8.200000000000001 16.2 0 2.2 0 0 0 0 0 0 2 0 0 0 0 0 0 0 0 0 0 0 5.6000000000000005 4.2 0 0 0 0 0 2.2 0 0 0 0 7 0 0 0 0 0 0 0 0 0 0 0 0 1.4000000000000001 0 0 0 0 0 0 0 0 0 0 0 0 0 0 0 0 0 0 0 0 0 0 17.6 0 0.2 9.8 2.4000000000000004 1.2000000000000002 0 0 0 0 0.4 0 0 0 0 0 0 0 0 0 0 0 0 0 0 0 0 0 0 0 0 0 0 0 0 0 0 0 0 0 0 0 0 0 
 6.2 15.200000000000001 8.4 44.2 35.2 29.200000000000003 7.6000000000000005 41 37.4 55.400000000000006 54.800000000000004 27.8 12.8 5 32.2 0 44.2 27.8 7.6000000000000005 11 0.4 0.6000000000000001 0 14.8 0 0 0.4 0.6000000000000001 0 0.4 0.2 0 15.600000000000001 15.4 0 0.6000000000000001 0 0.6000000000000001 0.4 0 0 0.4 0.8 0 0.6000000000000001 0 0 0 0.6000000000000001 0 0 0 0.6000000000000001 0.2 0.4 1.4000000000000001 0 0.8 0 0 0 0.4 1.2000000000000002 0 0.6000000000000001 0.4 0.8 0 0.6000000000000001 0 1.2000000000000002 0.8 0 0 0 0.6000000000000001 0.6000000000000001 0.2 0.2 0 4.6000000000000005 4.800000000000001 2 0 2 2 0 4 7.800000000000001 0 3.6 13.200000000000001 0 6.6000000000000005 3.2 1.2000000000000002 0.2 0 3.2 0 0 0 0 0 0 0 7 0 0 0 0 0 3.4000000000000004 0.2 0 0 0 0 7.4 0 0 0 0 0 0 0 0 0 0 0 0 0 0 0.4 0 0 0 0 0.2 0 0 0 3.2 0 0 0 0 0 0 0 0 0 0 0 0 0 0 0.4 0 0 3.2 4.2 6.2 0 0 4.4 0 10.4 6 0.2 2.4000000000000004 4 0 2.6 3.8000000000000003 0 2.8000000000000003 3.2 2.8000000000000003 2.2 1.8 0 0 0 0 0 1.4000000000000001 0 0 0 0 0 0 3.6 0 0.2 0 0 3 3 0 0 0 0 0.2 0 0 0 0 0 0 0 0 0 0 0 0 0 0 0 0 0 0 0 0 0 0 0 0 0.4 0 0 0 0 0 0 0 0 0 0 0 0.2 0 0 0 0 1.8 0 0.2 0.4 0 0.4 0 0 0 0 0 0 0 0.4 0 0 0 0 0 0.4 0.2 0 0 0 0 0 0 0 0.2 0.8 0 0 0 0 0 0 0 0 0 0 0 0 0 0 
 14.8 78.4 34.800000000000004 64.4 51.6 15 16.400000000000002 50.6 44.800000000000004 53 39.400000000000006 52.800000000000004 23.6 15.8 59.400000000000006 44.2 0 13.8 12 31.200000000000003 0 1 0 0 0 0 0.4 0.4 0 0 0.2 0 15.200000000000001 14.8 0 15 0 0.4 0 1 0 0.4 0.4 0 0 0 0 0 0.6000000000000001 0 0 0 0.6000000000000001 0.2 0 0.2 0 0 0 0 0 0 0.6000000000000001 0 0.6000000000000001 0 0.6000000000000001 0 0.6000000000000001 0 0 0 0 0 0 0 0 0 10 0 2.4000000000000004 0 2 4.4 0.4 0 5.4 7.4 6 0.2 0 0.2 8.6 5.6000000000000005 0.2 2 1.4000000000000001 2.2 0 0 0 0 0 0 0 0.4 15.8 0 0 0 0.2 0 0 0 0 0 0 0 6 0 0 0 0 0 0 0 0 0 0 0 0 0 0 0 0 0 0 0 0 0.4 0 0 0 0 0 0 0 0 0 0 0 0 0 0 0.2 0 0 0 0 0.4 0.6000000000000001 0.4 0.2 2.2 2 0.2 0 2.8000000000000003 0 3.2 2.2 12.200000000000001 1 0.8 4.4 2.6 7.800000000000001 8.4 0 0.2 2 0 0 0 0 0 0 0 0 0 0.2 0.4 0 0 0 0 0 0 0 0 0 0 0 0 0 0 0 0 0 0 0 0 0 0 0 0 0 0 0 0 0 0 0 0 0 0 0 0 0 0 0 0 0 0 0 0 0 0 0 0 0 0 0 0 0 0.6000000000000001 18.8 0.2 0.8 0.4 0 1.6 2.4000000000000004 0 0 0 0 0 0 0 0 0 0 0 0 0 0 0 0 0.4 0 0 0 0 0 1.2000000000000002 0 0.2 0 0 0 0 0 0 0 0 0 0 0 0 
 14 26.200000000000003 69.4 30.8 12.4 27.400000000000002 45.6 9.200000000000001 26.400000000000002 28.8 26.8 7.800000000000001 5.2 22.8 23.8 27.8 13.8 0 10 5.4 0 0.6000000000000001 0 0 0 0 20 0.6000000000000001 0 0 0.4 0 27.6 15 0 0.8 0 0 0.2 14.4 0 0.2 0.4 0 0 0 0 0 0.4 0 0 0.4 0.6000000000000001 0.4 0 1.2000000000000002 0 0 0.2 0 0 0 0.6000000000000001 0 0.4 0 7.6000000000000005 0.2 0.6000000000000001 0 0 0 0 0 0 0 0 0 0.6000000000000001 0 0 2 1.6 2 0 3.8000000000000003 0 0.2 0.4 3 12 2.2 2.4000000000000004 0 4.4 6.4 0 1.6 0 0 0.4 2 0 0 0 0 4 0 0 0 0 0 6.800000000000001 0 0.2 0 0 0 6 8 0 0 0 0 0 0 0.4 0 0 3.8000000000000003 0 0 0 0 0 0 0 0 0 0 0 0 0 0 0 0 0 0 0 0 0 0 0 0 0 0.2 0 0 0 0 0 0 0 0 0 0 0 0 1.8 0.6000000000000001 16.6 0 0 0 0 2.8000000000000003 5 8.200000000000001 0 0 2 0 0 0 0 0 1.2000000000000002 0 0 0 0 0 5 5.800000000000001 0 0 0 0 0 0 0 0 0 0 0 0 0.4 0 0 0 0 0 0 0 0 0 0 0 0 0 0 0 0 0 0 0.4 0 0 0 0 0 0 0 0 0 0.4 1.8 0 0 0 0 4.800000000000001 0 0 0 0 0.2 0 0 19.400000000000002 0 2.6 0 0 0 0 0 0 0 0 0 0 0 0 0 0 0 0 0 0 0 0 0 0 0 5.2 5.6000000000000005 1 0 0 0 0 0 0 0 0 0 0 0 0.4 
 27.6 15.600000000000001 47.6 28.6 8.6 4.800000000000001 47 31.200000000000003 13.4 32.4 52 24.6 59.2 28.8 14.600000000000001 7.6000000000000005 12 10 0 30.400000000000002 0 0.6000000000000001 6.2 0 0.2 0 0.4 0 6.2 0.2 0 6.4 0 0 0 0.6000000000000001 0 0 0 0 0 0.6000000000000001 0.4 0.2 0 0 2.4000000000000004 0 0.6000000000000001 0 0 0 4.800000000000001 0 0 0 0 0 4.2 0 0 0 0.6000000000000001 0 0.6000000000000001 0 0.6000000000000001 0 0.2 0 0 0 0 0 0 0 0 0.4 0 0 5.6000000000000005 2.6 1.2000000000000002 3.4000000000000004 0 0 12.4 0.2 0.2 9.200000000000001 3 2.4000000000000004 1.8 2.8000000000000003 0 3.4000000000000004 0.6000000000000001 1.8 2.6 0 0 0 0 0 0 0 0 0 0 0 0 0 0 0 0 0 0 0 0 0 0 0 0 0 0 0.2 0 0 0.4 0 0 0 0 0 0 0 0 0 0 0 0 0 0.4 0 0 0 0 0 0 0 1.8 0 0 0.4 0 1.6 0 0 0 0 8.8 2 3.2 0.2 2 1 2.8000000000000003 0 3 2 0.2 0 3.6 2.8000000000000003 3.2 6.4 3 0 4.2 3.6 0 0 0 0 0 0 0 0 0 0 0 0 0.2 0 0.4 0 0 0 0 0 0 0 0 0 0 0 0 0 0 0 0 2 0 0 0 0 0 0 0 0 0 0 0 0 0 0 0 0 0 0 0 0 0 0 0 0 0 0 0 0 0 0 0 0 0 0 0.4 0 0.2 0 0 2.4000000000000004 0 0 0 0 0 0 0 0 0 0 0 0 0 0 0 0 0 0 0 0 0 0 0 0 0 0 0 0 0 0 0 0 0 0 0 0 0 0 
 32.2 27.400000000000002 18.6 13.200000000000001 16 55.800000000000004 39.800000000000004 12.200000000000001 10 17.6 9 6.800000000000001 57.2 111.60000000000001 47.6 11 31.200000000000003 5.4 30.400000000000002 0 0 0.6000000000000001 0 0 0 0 0.6000000000000001 0 0 0.4 0.4 0 0 0 0 0.6000000000000001 0 0 0 0 0 0 0.4 0 0 0 0 0 0.4 0 0 0.2 13 0 0.4 0.6000000000000001 0.4 0 0 0 0 0 0.6000000000000001 0 0.6000000000000001 0 0.6000000000000001 0 10.8 0 0 0 0 0 0 0 0 0.8 0.6000000000000001 0 2 7.800000000000001 4.6000000000000005 2.8000000000000003 0 0 5.4 2 2 0 0 1.4000000000000001 0.8 0 0 1.4000000000000001 0 0 7.2 6 0 0 0 0.2 0 0 2 0 0 0 0 0.4 0 0.4 0 0 0 0 0 0.2 0 0 0 0 0 0 0 0 0 0 0 0.4 0 0 0 0.2 3.2 0 0 0 0.4 0 0.6000000000000001 0 0 0 0 0 0 0.2 0 0 0 0 0 0 0 0 0 0 1.4000000000000001 3.4000000000000004 1.4000000000000001 2.8000000000000003 0 1.2000000000000002 3 2 2.6 0 0.8 2.2 0.8 3.4000000000000004 0 0 0.2 3.4000000000000004 8.4 0 0 0 0 0 0 0 0 0 0 0 0 0 0 0 0 0 0 0 3 4.2 0 0 0 0 0 0 0 4.2 0 0 0 0 0 0 0 0 0 0 0 0 0 0 0 0 0.2 0 0 0 0.2 0 0.4 0.4 0 0 0 0 0 0 0 0 0 0 0 0 0 0 10.200000000000001 0.6000000000000001 0.4 0.4 0.4 2.2 0 0.4 0 0 0 0 0 0 0 0 0 0 0 7.6000000000000005 0 0 0 0 0 0 0 0 0 0 0 0 0 0 0 0 0 0 0 0 0 0 0 0 
 0 0 0 0 15.600000000000001 34.4 0 0 0 0 0.2 0 0 0 0 0.4 0 0 0 0 0 131 50.400000000000006 15.200000000000001 7.6000000000000005 6 14.4 19 14.200000000000001 6.4 21.400000000000002 7.800000000000001 30.8 69.60000000000001 15.200000000000001 41 38.6 22.400000000000002 67.2 43.6 0 1 0.4 0.6000000000000001 0.2 7.800000000000001 0.6000000000000001 0 0 0 0.2 0 1.6 0 6.4 0 0.6000000000000001 0.2 0 0 0 0 1.4000000000000001 0.4 0 0 0 5 0.8 0 9.4 0.4 1.8 0 0 0 0 0 0 0 0 0 0 0 0 5 3 0.4 0 0 0 0 0 3 0 0 0 0 0 0 4.2 0 8.200000000000001 3 4.800000000000001 2 2 3.2 0 5 9.8 2.2 0 0.2 4.800000000000001 2.4000000000000004 2.8000000000000003 5.2 0 4.4 0 0 0 0 0 0 0 0 0 0 0 2.2 0 0 0 0 0 0 0 0 0 0 0 0 0.4 1.6 0.4 0 0 0 0 0 0 0 0 0 0 0 0 0 0 0 0 0 2 0.6000000000000001 0 0 0 0.2 0 0 0 0 1.6 0 0 0 0 0 5 4.800000000000001 8.200000000000001 5.6000000000000005 0 2.8000000000000003 1.2000000000000002 11.600000000000001 4.2 0 0 0 3.6 13.4 2.6 8 0 0.2 2.2 9.4 0 0 0 0.4 0 2.4000000000000004 4.6000000000000005 0 0 0 0 0.4 0 0 0 0 0 0 0 0 0 0 0 0 0 0 0 0 0 0 0 0 0 0 0 0 0 0 0 0.2 0 0 1 0 0 0 0 0 0 0 0 0 0 0.4 1.8 0 0 15.600000000000001 8 0 3.2 0 0 0 0 0 0 0 0 0 0 0 0 0 0 0 0 0 0 0 0 2 0 0 0 0 1.4000000000000001 0 0 0 
 0.6000000000000001 0.6000000000000001 0.6000000000000001 0.6000000000000001 12.4 45 1.2000000000000002 1.4000000000000001 0.6000000000000001 0.8 0.8 0.6000000000000001 0.8 1 0.6000000000000001 0.6000000000000001 1 0.6000000000000001 0.6000000000000001 0.6000000000000001 131 0 81.2 36 8 6.2 48.2 19.6 11.4 9.200000000000001 11 11.200000000000001 36 72.2 57.6 19.200000000000003 44.800000000000004 23.8 10 83 0 0.8 0.4 0.6000000000000001 0 0 0.2 0 0 0 0 0.2 1.4000000000000001 0 0 0 0.6000000000000001 0.4 0 0 0 0 0.6000000000000001 0.4 0 0 0 1.4000000000000001 0.6000000000000001 0 0 0.4 2 0 0 0 0 0 0 0 0 0.4 0 0 4.4 1.4000000000000001 0.4 0 0 0 0 0 0 0 0 0 0 0 0 0 1.8 0 15.600000000000001 0.6000000000000001 0 3.8000000000000003 1.8 4.2 2.2 2.4000000000000004 4.4 2 0 0.8 2.2 3.8000000000000003 4 3.8000000000000003 0.8 0.6000000000000001 0 0 0 0 0 0 0 0 0 0.4 0 0 0 0 0 2 0 0 0 0 0 0 0 0 0 0.2 0 0 0 0 0 0 0 0 0 0 0 0.4 0 0 0 0 0 0 3.4000000000000004 0 0 0.2 0 0.2 0 0 0 0 0 0 0.4 0 0 0 4.6000000000000005 3.8000000000000003 2.8000000000000003 6.4 0 2.2 2.4000000000000004 9.4 2.2 0 2.4000000000000004 0 6.2 2.8000000000000003 4.2 2.2 6.6000000000000005 3 14 5.6000000000000005 0 0 0 0 0 0 0 0 0 0 0 0 0 0 0 0 0 0 0 0 0 0 0 0 0 0 0 0 0 0 0 0 0 0 0 0 0 0 0 0 0 0 1.4000000000000001 0 0 0.2 1.6 0 0 0 0 0 0 0 4.4 0.4 0 0.2 0 0 0.4 0 0 0 0 0 0 0 0 0 0 0 0 0 0 0 0 0 0 0 0 0 0 0 0.4 0 3.6 0 0 0 
 0.4 0 0 0 15.4 4.4 0 0 0.4 0 0 0.4 1.2000000000000002 0 0 0 0 0 6.2 0 50.400000000000006 81.2 0 83.2 26.6 48.800000000000004 29.8 54.800000000000004 46.2 37 5.4 9.4 55 26.200000000000003 5.800000000000001 26.200000000000003 17.8 33 36.6 50.800000000000004 0 0.8 0.4 0.6000000000000001 0 0 26 0 0 0 0.4 0 0.6000000000000001 0.4 0 0 0.6000000000000001 0 8.8 0.8 0 0 0.6000000000000001 0.4 0 0 0 1.4000000000000001 0.6000000000000001 0 0 0.4 4.800000000000001 0 0 0 0 0 0 0.6000000000000001 0.4 0 0 0 0 0.4 0 0 0 0 0 0 0 0 0 0 0 0 0 0 5.800000000000001 2 0 6 2 1.6 3 2 6 0 2.2 0 18.400000000000002 1.4000000000000001 3.6 6 0 3.2 0 2.4000000000000004 0 0 0 0 0 0.4 5.4 0.4 0 0 0 0 1.4000000000000001 2.8000000000000003 0 0 0.2 0 0 0 0.8 0 0 0 0 0 0 0 0 0 0 0 0 0 0.6000000000000001 0 0 0 1 0.6000000000000001 0 0.4 0 0 5 0 0 0 0 0 0 0 0 0 1 1.2000000000000002 0 0 0 0 5.800000000000001 7.2 1.6 2 4.2 0 14.8 2.6 4.6000000000000005 9.4 3.2 3.6 3.2 2.2 1.6 4.4 5.6000000000000005 2.6 2.8000000000000003 2.8000000000000003 0.4 0 2.8000000000000003 0 0 0 2.4000000000000004 0 0 0 0 0 0 0 0 9.8 0 0 0 0 0 0 0 0 0 0 0 0 0 0 0 0 0 0 0 0 0 0 0 0 0 0 0 0 0 0 0 0 0 0 0 0 0 0 2 0 0.4 8.6 15.200000000000001 0 2.4000000000000004 3.2 0 0 0 0 0 0 0 0 0 0 0 0 0 0 0 0 0 1.8 0 0 0 0 0 0.2 3.8000000000000003 0.4 0 0 
 0 6.6000000000000005 0 0 0 0.4 0 0 0 0.4 0 0 1.8 0 0 14.8 0 0 0 0 15.200000000000001 36 83.2 0 20.8 30.200000000000003 16.8 15.600000000000001 32.2 54.800000000000004 112.80000000000001 32.4 54.2 21.6 16 72.2 60.800000000000004 46.800000000000004 95.2 69.8 0 0.8 0.4 0.6000000000000001 0 0 12.600000000000001 11 0 0 0 0 0.6000000000000001 0.2 0 0 0.8 0.2 11 4.800000000000001 0 0 0.6000000000000001 0.4 0 0 0 0.6000000000000001 0.8 0 0 0.4 0.8 0 0 0 0 0 0 0 0 0.2 0 0 0 0 0 0 0 0 0 0 0 0 0 0 0 0 0 0 0 2.2 0.2 0 7.800000000000001 7.800000000000001 0 0 4.4 10.200000000000001 7 6.6000000000000005 0 0 0 3.8000000000000003 0.4 5 0 0 7 0 0 2.8000000000000003 0 0 0.2 3.4000000000000004 0.4 0.4 0 0 1 4.800000000000001 6 0 0 0 3.6 0 0 0 0 0 0 0 0 0.2 0 0 0 0 0 0 0.2 0 0 0.2 0 0 0 0 0 0 0 0 0 0.2 0 0 0 0 0 0 0.6000000000000001 0 0 0 0 0 0 1.8 0 3.2 4.6000000000000005 2.6 0 1.6 0 0 5.800000000000001 2.6 0 0 0.2 9.200000000000001 16 9.200000000000001 0 0 4.2 0 0 0 0 0 4.2 0 0 0.2 0 2.4000000000000004 2 0 0.2 2.6 0 1.6 0 0 0 0 0 0 0 0 0 0 0 0 0 0 0 0 0 0 0 0 0 0 0 0 0 0 0 0.4 0 0 0 0 0 0 0 0 2.2 0 0.4 1 14.8 0.4 2 0 0 0 0 0 0 0 0 0 0 0 0 0 0 0 0 0 0 0.2 0 0 0 0 0.2 2.4000000000000004 0 0 0 0 
 0 1 0 0 0.2 0 0 24.8 0 0 0 0 0 0 1 0 0 0 0.2 0 7.6000000000000005 8 26.6 20.8 0 17 23.400000000000002 12.200000000000001 47.6 55.800000000000004 45 98.2 29.8 19.6 15 17.400000000000002 39.800000000000004 35.4 18.2 10.8 1 2.2 0.4 1.2000000000000002 0.4 0.2 1 1.8 12.200000000000001 1.4000000000000001 0 0.2 10.600000000000001 1.4000000000000001 2.4000000000000004 0 1 1.4000000000000001 12.4 0.6000000000000001 0.8 0 1.2000000000000002 1 0.2 1.4000000000000001 0 0.6000000000000001 0.6000000000000001 1.4000000000000001 0 0.4 1.2000000000000002 0.8 0 0.8 0 0 0.2 0.4 0 0 0 0.2 0 0 0 0 0 0 0 0 0.2 0 0 0 0 0 0 0 0 0 5 1 0 2.8000000000000003 0 0 0 2.8000000000000003 7.4 4 0 0 0 3.2 0 2 0 0 8.200000000000001 0 0 0 0 0 8.4 0.2 2 3 0 0 0.2 0 0 0.8 0 0 14 5.2 0 0 1.8 0 0 0 0 0.4 0 0 0 0.6000000000000001 0 0 0.2 0 0.2 0 0 0 0.2 0 0 0 0 0 0 0 0 0 0 0 0 0 0 0 0 0 0 0 0 0 0 0 7 0 0 0 0 17 3.4000000000000004 5.6000000000000005 0 0 0 2.6 3.2 2.6 0 0 6 0 0 0 0 0 0.2 2.2 0 0 3 0 1 5.6000000000000005 0.2 3.2 0 0 3.2 0 0 0 0 0 0 0 0 0.4 0 0 0 0 0.2 0 0 0 0 0 0 0 0 0 0 0 0 0 0 0.2 0 0 0 0 0 0 1.4000000000000001 0 0 16.400000000000002 15 0 0.6000000000000001 0.6000000000000001 0 0 0 0 6.6000000000000005 0 0 0 0 0 0 0 0 0 0 0 0 2.4000000000000004 0 0 0 0.2 0 3 0 0 0 0 
 0 0 0.6000000000000001 0 0.2 0 0 0 0 0 0 0.6000000000000001 2.2 1.6 0 0 0 0 0 0 6 6.2 48.800000000000004 30.200000000000003 17 0 4 48.800000000000004 52 12 56.6 32 4.2 57 53.400000000000006 30.400000000000002 37.6 42.6 53.6 12.600000000000001 0 13.200000000000001 0.4 0.6000000000000001 0.4 1 0.6000000000000001 12.8 0 1 0.2 0 28.6 25.400000000000002 12.600000000000001 13.4 2.4000000000000004 0 25 25 0 0 0.6000000000000001 0.4 0 0 0 0.6000000000000001 0.6000000000000001 0 0 0.4 0.6000000000000001 0 0 0 0 0.2 0.2 0 0 0 0 0 0 0 0 0 0 0 0 0 0 0 0 0 0 0.4 0 0 0 0 2.4000000000000004 0 3.2 18 0.2 0 3.6 2 2 1.4000000000000001 3.2 0 0 0 3.8000000000000003 0 0 0 3.6 6 3.8000000000000003 6.4 0 0 0.4 5.6000000000000005 0 2.4000000000000004 0.2 0 2.6 8.6 5.6000000000000005 2 2.8000000000000003 0 0 3 0 0 0 0 0 0 0 0 0 0 0 0 0.2 0 0.2 0 0 0 0 0 0 0 0 0 0 0 7.4 0 0 0 0 0.2 0 0 0 0 0 0 0 0 0 0 0 0 8.8 0 0 0 0 2.2 1.8 2.4000000000000004 0 0 0 8.6 1.8 5 0 0 4.4 2 0 0 6 0 11.200000000000001 2 6.800000000000001 0 0 2.4000000000000004 4.2 0 0.8 4 0 1.6 3.6 6.2 0 0 0 0 0 0 2.4000000000000004 0 0 0 0 0 0 0 0 0 0 0 0 0 0 0 0.2 0 0 0 0.4 0 0 0 0 0 0 0 1.6 0.4 0.2 2.4000000000000004 1.6 0.4 0.2 0.2 0 0.4 0 3.6 0 0 0 0 0 0.4 0 0 0 0 0 0 0 0 0 1.6 0 0 0 0.2 0 3 0 0 
 0.4 15.200000000000001 27.400000000000002 32.4 46 17 0.4 12.8 0.4 0.8 15.200000000000001 30 1 0.4 0.6000000000000001 0.4 0.4 20 0.4 0.6000000000000001 14.4 48.2 29.8 16.8 23.400000000000002 4 0 53 9.200000000000001 7.4 8.200000000000001 6.4 25.200000000000003 16.400000000000002 17.8 15 6.4 6 28.8 58.400000000000006 0 1 0.4 0.6000000000000001 0 0 0 0 0 0 0 0 0.6000000000000001 1.6 0 0 0.6000000000000001 12.4 0 0.8 1.4000000000000001 0 0.6000000000000001 0.4 0 0 0 0.6000000000000001 0.6000000000000001 0 0 0.4 2 0 0 0 0 0 0 0 0 0 0 1.8 12.4 4.4 0 0 4.800000000000001 5.4 7.2 1.2000000000000002 0 0 0 0 3.6 0 0 0 6.4 2 8.4 1.6 0 0 4 2.4000000000000004 3 0 0 0 4.6000000000000005 11.600000000000001 2 5 1.8 1.4000000000000001 2 4.800000000000001 0 0 0 0 0 0 0 0 0 0.4 0 0 0 0 0 0 0 0 0 0 0 0 0 0 0.4 0 0 0 1 0 0 0 0 0 0 0.2 0 0 0 0 0 0 0 2.6 6 2 0 0 2 0 0 0 0 0 0 0 0 0 0 0 2.6 0 0 0 0 0 3.4000000000000004 0 0.8 5.800000000000001 0 0 9.8 0.2 6.6000000000000005 0 3.6 0 1.6 0 0 0 0 0 0 0 0 0 1.4000000000000001 0 0 0 0 0 0 2.8000000000000003 0 0 0 0 0 0 0 0 0 0 0 0 0 0 0 0 0 0 0 0 0 0.2 0 0 0 0 0 0 0 0 14.8 0 0 16.8 0 0 0 0 1.4000000000000001 0 0 0 0.2 0 0.4 0.2 0 0 0 0 0 0 0 0 0 0 0 0 0 2.4000000000000004 3.6 2.6 0 0 0 0 0 0 0 0 0 0 0 0 
 0 0 0.6000000000000001 17.6 15 15.200000000000001 0.6000000000000001 0 0 0 15.8 0.6000000000000001 0.6000000000000001 0.6000000000000001 0.8 0.6000000000000001 0.4 0.6000000000000001 0 0 19 19.6 54.800000000000004 15.600000000000001 12.200000000000001 48.800000000000004 53 0 39.2 51.800000000000004 21.8 26.400000000000002 41.2 105 68 20.8 9.8 8.6 18.2 46.2 0.4 2.6 0.8 1.8 0.6000000000000001 2.2 0.4 0.4 0.8 0.6000000000000001 0 0 1.2000000000000002 4.4 0.8 0 2 13.200000000000001 0.4 0.2 1 0 0.6000000000000001 0.8 0 1.4000000000000001 0 0.8 0.6000000000000001 1 5.2 0.4 0.6000000000000001 0.4 0 0 0.6000000000000001 0 0.2 0.4 0 0 0 0 1.8 2.4000000000000004 0 0 0 0 0.8 2.4000000000000004 0 0 0 0 0 0 0 0 14.8 3.4000000000000004 2.4000000000000004 0 4 2 5.6000000000000005 2.2 0 4.6000000000000005 3.6 1.4000000000000001 3.6 2.2 6.4 0 4 2.4000000000000004 2.4000000000000004 2.8000000000000003 0 0 0 0 0 0 0 0 0 2.6 0 0 0 0 0 0 0 0 0 0.2 0 0 0 0 1 0 0 0 0 0 0 0 0 0 0 0 0 0 0 0 0 0 0 3.6 3.2 0 0 0 0 0.4 3 0 0 1.2000000000000002 1.2000000000000002 0 0 2.8000000000000003 0 1.6 8.200000000000001 0.2 5.2 0.8 3.6 0 0.6000000000000001 2.2 4.800000000000001 0 0 0 3 2.4000000000000004 2.6 6.4 0 0 2.2 8.6 0 0 0 0 0 0 3.6 0 0 0 2 2.4000000000000004 0 0 0 0 0 0 0 2.4000000000000004 0 0 0 0 0 0 0 0 0 0 0 0 0 0 0 0 0 0 0 0 0 0 0 0 0 0 13 0 0 0 0 0 0 0 1.4000000000000001 0.4 0 0 7.800000000000001 0.4 4.800000000000001 0.4 0 0 0 0 0 0 0 0 0 0 0 0 0 0.4 0 4.6000000000000005 0 0 0 2.6 0 0 0 0 0.2 0 0 0 
 0 0 0 0 0 0 0 0 0 0 0.2 0 0 0 0 0 0 0 6.2 0 14.200000000000001 11.4 46.2 32.2 47.6 52 9.200000000000001 39.2 0 25.8 23.200000000000003 51.6 17.8 23.6 13.200000000000001 38.800000000000004 21.6 13.4 13.8 28.200000000000003 0 1 0.4 0.6000000000000001 0 1.4000000000000001 12.4 0 0 0 0 0 4.6000000000000005 0.4 0 0 2.6 0 4 0 4.6000000000000005 0 0.6000000000000001 0.4 0 0.8 10.600000000000001 0.6000000000000001 0.6000000000000001 0 0 0.4 0.6000000000000001 0 0 0 0 0 0.6000000000000001 0 0 0 0 0.4 0 0 1.8 0 0 0 0 0 0 0 0 0 0 1.8 0 0 2.2 0 5.800000000000001 4.800000000000001 6 4.6000000000000005 0 0 0 8 7.800000000000001 4.2 0 0 4.2 0 1.4000000000000001 8.8 0 2.8000000000000003 0 0 0 0 0 0 4.2 0 0 0 0 0 0 1.4000000000000001 0 0 0.2 0 1.8 2.6 0 0 0.2 0 0.8 0 0 0 0 0 0 0 0 0 0 0 0 0 0 0.6000000000000001 0 0 0 0 0 0 0 0 0 0.6000000000000001 0 0 0 0 1.6 0 2.8000000000000003 0 0 0 4 0 4.2 1.4000000000000001 7.6000000000000005 0 0 0 1.6 9.200000000000001 0.8 2.2 0 0.8 0.2 12 2.2 2.4000000000000004 0.2 3 0 0 2 0 0 0 13.600000000000001 0 0 0 0 4.2 1.8 2 1.8 0 0 0 0 2.6 0 0 0 0 0 0 0.4 0 0 0 0 0 0 0 0 0 0 0 0 0 0 0 0 0 0 0 0 0 0 0 0 0 0 0 2.8000000000000003 0.4 0.4 30.200000000000003 0.4 0.2 2.2 0.2 0 0 0 0 9.8 0 0 0 0 0 0 0 0 0 0 0 0 2 0 2.4000000000000004 0 0 0 0 0 0 0 0 
 0 0 0 0.2 0 0 0 0 0 0.2 1.2000000000000002 0 1.2000000000000002 0 0 0.4 0 0 0.2 0.4 6.4 9.200000000000001 37 54.800000000000004 55.800000000000004 12 7.4 51.800000000000004 25.8 0 33 30.8 47 59.2 28.400000000000002 12.200000000000001 23 36 26.400000000000002 13.200000000000001 0.6000000000000001 23 0.4 0.6000000000000001 0 0.6000000000000001 5 0 0 0 0.4 0 23.8 0.4 0 41.6 2.6 0.2 0.4 0 0 0 0.6000000000000001 0.4 0 1.8 0 0.6000000000000001 0.6000000000000001 0 0 0.4 1.6 4.4 0 0 0 0.2 0 0 0.2 0 0 0 0 0 0 0 0 0.2 0.4 0 0 0 0 0 0 0 0 0 0.2 2.8000000000000003 3 2.4000000000000004 12.600000000000001 7.800000000000001 0 1 6.4 3.6 0.2 4.4 3.4000000000000004 0 0 3.6 7.6000000000000005 0 0 0 0 0 0 0 0 0 4.4 4 0 0 0 0 1 0.2 0.2 0 0.2 0 4.4 0 1.2000000000000002 0 0 0 0 0 0 0 0 0 1 0 0 0 2.4000000000000004 0 0 0 1 1.2000000000000002 0 0.4 0 0 0 0.2 0 0 0 0.2 0 0 0 3.4000000000000004 0 0 0.2 0 0 0 0 6.6000000000000005 0 4.4 7.2 3.8000000000000003 0 3.6 2 8.200000000000001 2.6 3.6 1.2000000000000002 2.4000000000000004 0 2.2 5.6000000000000005 5.4 0 0 0 0 2 0 0 0 3.6 0 0 0 0 2.6 3.2 0 0 0 0 0 5.6000000000000005 2 0 0 0 0 0 0 0 0 0.6000000000000001 0 0 0 0 1.6 0 0.4 0 0 0 0 0 0 0 0 0 0 0 0 0 0 0 0 0 0 0 0 0 15.600000000000001 0.4 0.6000000000000001 0 3.6 0 0 0 0 0 0 0 0 0 0 0 0 0 0 0 0 0 0.6000000000000001 0 2 0 0 0 0.6000000000000001 0 0 0 0 
 0.2 0.2 0.4 0.2 15.200000000000001 0.4 0 0.4 0 0.2 0.2 0 0.4 0.2 25.400000000000002 0.2 0.2 0.4 0 0.4 21.400000000000002 11 5.4 112.80000000000001 45 56.6 8.200000000000001 21.8 23.200000000000003 33 0 40 20.400000000000002 8.4 11.8 38.6 33.800000000000004 54.400000000000006 47.800000000000004 11 0.6000000000000001 0.8 0.4 0.6000000000000001 0 0 12.4 0.8 0 0 0 0 13 0.2 0 0 0.8 0.4 0 0 0 0 0.6000000000000001 0.4 0 0.6000000000000001 0 0.6000000000000001 0.6000000000000001 0 7.2 0.4 0.6000000000000001 0 0 0 0 0 0.4 0 0 0 0 0 0 0 0 0 0 0 0 0.4 0 0 0 0 0 0 0 0 2.4000000000000004 0 4.800000000000001 6.2 2.4000000000000004 2.2 0 0 2 4 4.6000000000000005 5 0 0 1.6 0 0 6 0 0 3.2 0 3 0 0 0 8.200000000000001 2.6 3.6 0 0 0 1.8 0.2 3.2 1.4000000000000001 0.8 0.2 2.2 1.6 3.6 0 0 0 0 0 0 0 0 0 0 0 0 0 0.8 0 0 0 10.200000000000001 0.4 0 0 0 2.4000000000000004 0 0 0 0 0 0 0 0 0 0 0 0 0 0 0 0 0.4 2 1.2000000000000002 3 8.8 13.200000000000001 0 2.6 0 11.4 6.800000000000001 0 0 0.2 0.4 4.2 4 7.6000000000000005 0 0 3.8000000000000003 0 0 0 0 0 3.2 0.4 0.2 0 0 2.4000000000000004 6.800000000000001 3 0 2.4000000000000004 0 0 12.8 0.6000000000000001 0 0 0 0 0 0 0 0 0 0 0 0 0 0 0 0 0 0 0 0 0 0 0 0 0 0 0.2 0 0 0 0 0 0 0 2 0 0 1.4000000000000001 16.2 0.2 1.2000000000000002 2.6 0 0.4 0 0 2.4000000000000004 0 0 0 0 0 0 0 0 0 0 0 0 0 0 0.4 0 0 0 0 0 0 0 0 
