 0 59.800000000000004 53.2 74 7.4 48.800000000000004 65.60000000000001 12 27.8 8 11 46.2 74.60000000000001 14.600000000000001 69.2 6.6000000000000005 50.400000000000006 52.400000000000006 59.800000000000004 39.2 0 0 0 0.2 0 0 0 0.6000000000000001 0 0 0.6000000000000001 0 0 0 0 0.8 0 0.2 0 0 0 0.4 0 0 0 0.6000000000000001 0.4 0.4 0 0 0 0.6000000000000001 0 0 0 0 0 0 11 0 0.6000000000000001 0.6000000000000001 0 0.4 0 0 0.6000000000000001 1.8 0 0.4 0.8 0 0.8 0.6000000000000001 0 0 0.6000000000000001 0 0 0 7 3 2 0.4 3.4000000000000004 2.6 2.6 0 2.6 0 5 4.6000000000000005 3.6 2 7.800000000000001 0.4 6.2 9.200000000000001 0 6 0 0 0 0 0.4 0 0 0 0 0 0 0 0 0 0.4 0 1.4000000000000001 0 0 4.6000000000000005 0 0 0 0 0 0 0 0 0 0 0 0 0 0 0 0 0 0 0 0 0 0 0 0 0 0 0 0.2 0 0 0 0 0 1.6 0 0 0 0 0 0 0 2.6 9.200000000000001 5.6000000000000005 0 0 0 7 0 0.4 2.8000000000000003 0 0.4 0 7.6000000000000005 1.6 3.6 3.6 0 0 0 0.2 0 0 0 0 0 0 0 0 0 0 0 0 2.8000000000000003 0 0 0 0 0 0 0 0 0 0 0 0 0.2 0 0 5.800000000000001 0 0 0 0 0 0 0 0 0 0 0 0 0 0 0 0 0 0 0 0 0 0 0 2 0 0 0 0 0 0 2.6 0 0 0 0.4 0 0.4 0.4 0.4 2.4000000000000004 1 0 0 0.2 0 0 0 0 0 0 0 0 0 0 0 0 0 0 0 0 0 0 0 0 3 0.2 0 0 0 0 0 0 0 0 0 0 0 0 0 
 59.800000000000004 0 40.2 29.8 11.600000000000001 8.6 46.2 9.200000000000001 54.2 30.8 10.4 6.2 19.200000000000003 30.400000000000002 72.4 57.400000000000006 43.2 27.8 15.200000000000001 8 0 0 0 0 0 0 0 1 0 0 0 0 0 0 0 0.6000000000000001 0 0 0 0 0 0.2 0 0 0 0.6000000000000001 0 0.4 0 0 0 0.8 0 0 0 0 0 0 15.4 0 0.6000000000000001 0.4 0 0.4 0 0 0.6000000000000001 0 0 0.4 0.8 0 0.6000000000000001 0.6000000000000001 0 0 0.6000000000000001 0 0 0 9.4 7.800000000000001 7 3 1.8 0 5.4 0 5.6000000000000005 2.4000000000000004 7.2 0 1.6 2.2 2.2 3.6 10.200000000000001 0 2.8000000000000003 2.4000000000000004 0 0 0 0 0 0 0 0 0 0 0 0 4.6000000000000005 0 0 0 0 0 0 0 0 0 0 0 0 0 0 0 0 0 0 0 0 0 0 0 0 0 0 0 0 0 0 0 2.2 0 0 0 0 0 0 0 0 0 0 0 0 0 0 0 0 9.600000000000001 2 1.4000000000000001 0 0 0 2.2 6.800000000000001 4 3.8000000000000003 0 0.4 5.4 5.2 3.4000000000000004 5.800000000000001 3.4000000000000004 0 2 0 0 0 0 0 0 0 0 0 0 0 0 0 0 0 0 0 0 0 0 2.6 0 0 0 0 0 0 0 0 0 0 0 0 0 0 0 0 2 5 0 0 0 0.2 0 0 0 0 0 0 0 0 0 0 0 0 0 0 0 0 0 0 3 0 0 0 0.2 0 0.4 0.4 0.2 0.4 0 0 0 0 0 0 0 0 0 0 0 0 0 0 0 0 0 0 0 0 0 0 0 0 0 0 0 0 0 0 0 0 2 0 0 0 0 0 0 
 53.2 40.2 0 64 67.2 61 42 31.200000000000003 14 29.8 25.6 29.200000000000003 61 15.8 34 46.400000000000006 91.60000000000001 46.6 23 5.800000000000001 0 0 0 0 0 0 0 1 0 0 0 0 0 0 0 1 0.4 0 0 0 0 0.2 0 0 0.4 0.6000000000000001 0.4 0.4 0 0.4 0 1 0 0 0 0 0 0 0.2 0 1.8 0 0 0.4 0 0 1.4000000000000001 0 0 0.4 0 0.4 2 6.6000000000000005 0 1.2000000000000002 1.8 0 0 0 7.6000000000000005 11.200000000000001 2.2 6 4 0 4.800000000000001 7 2 1.8 2.4000000000000004 8 9 4.6000000000000005 2.8000000000000003 0.2 6.800000000000001 5.4 2.6 2.6 0 0.4 0 0 0 0 0 0 0 0.2 0 0 0 0 0.2 0 0 0 0 0 0 0 0 0 0 0 0 0 0 0 0 0 0 0 0 0 0 0 4.2 0 0 0 0 0 0 0 0 0 0 0 0 0 0 0 0 0 0 0 0 0 1.4000000000000001 2.8000000000000003 4.800000000000001 0 3.8000000000000003 0 2 4.800000000000001 0 1.6 7 1.6 3.2 6.2 8.4 5.6000000000000005 5.4 3.6 0.4 0 0 0 0 0 0 0 0 0 0 0 0 0 0 0 0 0 0 0 0 2.4000000000000004 0 0 0 0 0 0 0 0 0 0 0 0 0 0 0 0 0 0 2.4000000000000004 0.4 0 0 0 0 0 0 0 0 0 0 0 0 0 0 0 0 0 0 0 4.4 0 3.6 0 0 0 0.6000000000000001 0 0.4 0.4 2 1.6 3.4000000000000004 0 0 0 0 0 0 0 0.2 0 0 0 0 0 0.2 0 0 0 0 0 0 0 0 0 3 1.4000000000000001 0 0 0 0 0 0 0 0 0 0 0 0 0 
 74 29.8 64 0 52.400000000000006 7.6000000000000005 35.4 9.8 94 52.400000000000006 79.2 24.8 74.4 53.6 53 42 25.200000000000003 38.6 57 28 0.2 0.2 0 0 0 0 13.200000000000001 42.800000000000004 0 0 0 0 0 0 0 0.6000000000000001 0 0 0 15.600000000000001 0 2 0 11.8 0 0.6000000000000001 0 0.4 1 0 0 0.6000000000000001 0 0 0 0 0 0 0.2 0 0.6000000000000001 1.6 0 0.4 0 0 0.6000000000000001 0 0 0.4 0.6000000000000001 0 10.600000000000001 0.6000000000000001 0 0 0.6000000000000001 0 0 0 7.2 4 0 0 5 0 1.8 0.2 0.2 2.2 4.4 5 7.4 0 2.2 0 4.4 4.4 1.8 0 0 0 1.6 0 0 0 0 0 0 3.2 0 0 0.4 2.8000000000000003 2 0 0 0 0 0 0 0 0 0.2 0 0 0 0 0 0 0 0 0 0 0 0 0 0 0 0 0 0 0 0 0 2 0 0 0 0 0 0.4 0 0.6000000000000001 0 0 0 0 0 0 0 3.4000000000000004 3.2 1.8 0 2.8000000000000003 0 1.6 0 0 2.6 0 0 0 2.6 0 0 2.2 0 0 0 0 4.4 4 0 0 4.2 0 1.8 0 0 0 0.4 4.4 0 0 0 0 2.2 4 0 0 0.2 0 0 0 0 0 0 6.4 2.4000000000000004 3.8000000000000003 0 0 2 0 0 0 3.8000000000000003 0 0 0 0 0 0 0 0 0 0 0 0 0 0 0 0 0 0 0 0 0 0 0 0 0 0 0 1.8 0 0.4 19.200000000000003 2.4000000000000004 0.8 0 0 0 0 0 0 0 0 0 0 0 0 0 0 0 0 0 0 0 0 0 0 0 0 0 0 0 0 0 0 0 0 0 0 0 0 0 0 
 7.4 11.600000000000001 67.2 52.400000000000006 0 33.6 14.4 30.200000000000003 14.600000000000001 34 37.2 61.400000000000006 77 11.8 24.6 13.200000000000001 24.8 6.2 10 26 0 0 16.400000000000002 0 0 0 21.8 0.8 0 0.2 0.4 0.2 0.2 0 0.2 0.6000000000000001 0 0 0 0 0 0.8 0 0 0 0.6000000000000001 6 0.4 0 0 0 0.6000000000000001 12.600000000000001 0.2 0 0 0 0 0.4 0 0.6000000000000001 0 0 0.4 0 0 8.6 0 0 0.4 0 0 0.6000000000000001 0.6000000000000001 7.2 0 0.6000000000000001 0.2 0 0 0 3 0 1.4000000000000001 0 0 0 0 1.8 0.2 4.4 4.800000000000001 2.4000000000000004 1.6 3 0.4 0.8 4.800000000000001 3.6 0 0 0.2 2.6 0 0.4 0 0 0 0 2.4000000000000004 0 0 2 4.2 0.4 0 0 0 0 2.2 0 0 0 0 0 0 0 0 0 0 0 0 0 0 0 0 0 0 0 0 0 0 0 0 0.8 0 0 0.4 0 0 0 0 0 0 0 0 0 0 0 0 2 6.4 2.8000000000000003 3.4000000000000004 0 0 1.2000000000000002 0 1.2000000000000002 0 2.4000000000000004 0 0 2.4000000000000004 3.4000000000000004 4.800000000000001 0 0 0 0 0 0 3.8000000000000003 3.6 0 0 0 0 0.4 0 0 0 0 3.2 0 0 0 0 4.800000000000001 1.4000000000000001 0 0 0 0 0 0 0 0 0 0 0 0 0 0 0 0 0 0 0 0 0 0 0 0 0 0 0 0 0 0 0 0 0 0 0 0 0 0 1.6 0 0 0 0 0 0 1 18 0 0.6000000000000001 0.2 2 0 0 0 0 0 0 0 0 0 0 0 0 0 0 0 0 0 0 0 0 0 0 1.6 0 0 2.4000000000000004 0 0 0 0 0 0 0 0 0 0 0 0 0 
 48.800000000000004 8.6 61 7.6000000000000005 33.6 0 6.2 41.800000000000004 10.600000000000001 46.400000000000006 33.6 18.6 5.800000000000001 25.8 14.4 28.400000000000002 13.200000000000001 52 51 7 0 1.6 0 15.600000000000001 0 0 0.2 0.6000000000000001 0 2.2 0 0 30 30.6 14.8 0.6000000000000001 14.600000000000001 0 12.4 16.2 0 0.2 0 0.2 0 0.6000000000000001 0 0.4 0 0 0 0.6000000000000001 0 0 0 0 0 0 0 0 0.6000000000000001 0 10.4 0.4 0 0 0.6000000000000001 0 0 0.6000000000000001 0 0 1.2000000000000002 0.6000000000000001 0 0.4 0.6000000000000001 0 0 0.2 0 0 1 0 0 6.2 0 1.6 0 2.4000000000000004 0 0 0 0 0 0 0 4.4 0 0 2.6 0 0 0 0 0 2.4000000000000004 7.6000000000000005 0.2 2.6 0 0.2 4.800000000000001 0 0 0 0.2 1.2000000000000002 3.2 2 0 1.8 0 0 0 0 0 0.2 0 0 0 0 0 0 0 0 0 0 0 0 0 0 0 0 0 0.2 0 0 0 0 0 0 0 0 0 0 0 0 0 0 2.8000000000000003 0 0 0 5.6000000000000005 0.2 2.8000000000000003 0 0 0.2 1.2000000000000002 0.6000000000000001 0 0 0 0.6000000000000001 1.4000000000000001 0 2.6 0 2 0 8.200000000000001 0 0 0 0.4 5.4 0.6000000000000001 0 0.4 0 2.2 2.8000000000000003 4.4 0 1.8 0 0.2 1.6 0 0.2 0 0 0 0 0 0 0 0 0 0 0 0 0 0 0 0 0 2.4000000000000004 0 0 0 0 0 0 0 0 0 0 0 0 0 0 0 0 0 0 0 0 0 0 0 0 0 0.4 19.6 0.2 0.8 1 0 1.2000000000000002 0 0 0 0 0 0.2 0 0 0.2 0.2 2.2 0 0 0 0 0 0 0 0 0 0 0 0 0 0 2.8000000000000003 0 0 0 0 0 0 0 0 0 0 0 0 
 65.60000000000001 46.2 42 35.4 14.4 6.2 0 14 9.600000000000001 43.6 5.6000000000000005 22.8 21 57 11.8 4.6000000000000005 33.800000000000004 41.6 33.2 19.400000000000002 0 0 0.4 0 0 0 0 0.6000000000000001 0 0 0 0 0 0 0 0.6000000000000001 0 0 0 0 0 0.2 0 0 0 0.6000000000000001 0 0.4 0 0 0 0.6000000000000001 0.4 0 0 0 0 0 12.4 0 0.6000000000000001 1 0 0.4 0 0 0.6000000000000001 0 0 0.4 1.4000000000000001 0 0.6000000000000001 0.6000000000000001 0 0 0.6000000000000001 0 0 0 11.200000000000001 16.8 0 3.4000000000000004 1.8 0 5.4 5.6000000000000005 2.8000000000000003 0 14.4 8.6 5.2 3.6 11 0 3.8000000000000003 0.4 5.6000000000000005 2.4000000000000004 3.4000000000000004 0 0.4 0 0 0 0 0 0 2.6 0 0 0 0 0 0 0 0.2 0 0.2 0 0 0 0.2 0 0 0 0 0 0 0 0 0 0 0 0 0 2.4000000000000004 0.2 0 0 0 0 0 0 0 0 0 0 0 0 0 0 0 0 0 0 0 0 0 2.8000000000000003 3.2 4.800000000000001 0.2 0 0 4 2.6 2.8000000000000003 0 0.8 0 0 5.4 8.200000000000001 4.800000000000001 1.8 4 6 0 0 0 0 0 0 0 0 0 0.4 0 0 0 0 0 0 0 0 0 0 0 0 0 1.8 0 0 0 0 0 0 0.4 0 0 0 0 0 0 0 0 0 0 0 0 0 0 0 0.4 0 0 0 0 0 0.2 0 0 0 0 0 0 0 0 0 2.8000000000000003 0 0 0 0 0.2 0 0.2 0.2 5 2.6 0.4 0 0 0 0 0 0 0 0 0 0 0 0 0 0 0 0 0 0 0 0 0 0 0 1.2000000000000002 0 0 0 0 0 0 0 0 0 0 0 0 0 
 12 9.200000000000001 31.200000000000003 9.8 30.200000000000003 41.800000000000004 14 0 51.400000000000006 38.2 4.800000000000001 50.6 26.200000000000003 35.4 25.8 24.8 46 9 11 8.8 0 0 0 0 0 0.6000000000000001 0.4 0.6000000000000001 0.6000000000000001 15.4 0 0 15.200000000000001 0 0 0.6000000000000001 0 0.8 15 14.600000000000001 0 0.4 0 0 0 0.6000000000000001 0 0.4 0 0 0 0.6000000000000001 0 0 0 0 0 0 0.2 0.6000000000000001 0.6000000000000001 0 0 0.4 1 0 0.6000000000000001 0.2 0.4 0.4 0 0.6000000000000001 2.2 0.6000000000000001 0 1.4000000000000001 0.6000000000000001 0 0.2 0 0.2 3.6 6.6000000000000005 4.2 2.8000000000000003 2.4000000000000004 0 5.6000000000000005 5.2 0.8 0 7 0 5.4 2.4000000000000004 0 3.4000000000000004 2 0 8.6 0 0 0 0 0 0 0 0 0 0 0 0 0 0 0 0 0 0 0 19.400000000000002 0 2.8000000000000003 0 0 0 0 0 0 0 0 0 0 0 0 0 0 0 0 0 0 0 0.2 0 0 0 0 0 0 0 0 0 0 0 1.2000000000000002 0 0 0 0 0 0 5.4 0 3.2 0 2.8000000000000003 0.2 7.4 4.6000000000000005 0 0.4 0 2.2 0 9.200000000000001 2.8000000000000003 0 4 0 2.4000000000000004 0 0 0 0 0 0 0 0 0.2 0 0 0 0 9.200000000000001 0 0 0 0 0 0 4.800000000000001 0 0 0 0 0 0 0 0 0 3 0 0 0 0 0 0 0 0 0 0 0 0 0 0 0 0 0 0 0 0 0 0 0 0 0 0 0 0 0 0 0 0 0 0 0 0.4 0 0 0 0.2 0 0.8 0 0 0.2 0 0 0 0 0 0 0 0 0 0 0.4 0 0 0 0 0 0 0 3 0 3 1.8 0 0 0 0 0 0 0 0 0 0.4 0 0.2 0 
 27.8 54.2 14 94 14.600000000000001 10.600000000000001 9.600000000000001 51.400000000000006 0 40.6 71 6.4 22 34.6 32.2 47.2 20.200000000000003 11.8 10.200000000000001 10.8 15 0 0 0 0 0.6000000000000001 15.200000000000001 0.8 0.6000000000000001 15.200000000000001 0 0 23 0 0 0.6000000000000001 0 0.4 8.8 0.2 0 0.2 0 9.4 0 0.6000000000000001 0 0.4 0 0 0 0.6000000000000001 0 0 0 0 0 0 0.2 0.6000000000000001 0.6000000000000001 0 0 0.4 2.2 0 0.6000000000000001 0 0.2 0.4 0 0.6000000000000001 1.4000000000000001 1.2000000000000002 0 2.4000000000000004 0.6000000000000001 0 0.2 0 3 0 5 5.4 0 9 0 1.2000000000000002 0 1.8 3.4000000000000004 2.2 0 0 2.4000000000000004 3 2 8 2 0 2 0 1.8 0.2 0 0 0 0 0 0 0 0 0 3.8000000000000003 6.6000000000000005 0 0 0 0 7.4 0 2.8000000000000003 0 0 0 0 0 0 0 0.2 0.2 0 0 0 0 0 0 0 0 0 0 0 0 0 0 0.2 0 0 0 0 0 0 0 3.4000000000000004 0 0 0 0 0 0 2.8000000000000003 0 1 2.6 6.2 0 2.8000000000000003 2.2 2 2.8000000000000003 0 0.8 2 0 0 0 7.800000000000001 0 0.2 0 2.4000000000000004 0 0 0 0 1.8 0 4.4 0 0 2.6 0 5 2 0 0 0 0 2.6 0 0 0 0 0 0 0 0 0 0 2.8000000000000003 0 0 0 0 0 3 0.2 0 0 0 0 0 0 0 0 0 0 0 0 0 0 0 0 0 0 0 0 0 0 0.2 0 0 0 0 0.4 0 0 0.4 0 0 0.2 1 0 0 0 0 0 0 0 0 0 0 2.2 0 0 0 0 0 0 0 0 0 0 0 0 0 0 0 0 0 0 0 0 0 0 0 0 0 0 0 
 8 30.8 29.8 52.400000000000006 34 46.400000000000006 43.6 38.2 40.6 0 59.800000000000004 55.6 10.8 33.4 40.6 50 11.200000000000001 38 12.8 10 0.2 0 0 0 0 0 15.200000000000001 0.6000000000000001 0 41.6 0 0 0 0 0 42.2 0 0.4 15.600000000000001 0 12.200000000000001 0.2 0 8.8 0 0.6000000000000001 0 0.4 0 0 1.4000000000000001 0.6000000000000001 0 0 0 0 0 0 0.2 0 0.6000000000000001 0 0 0.4 3.2 0 0.6000000000000001 0 0 0.4 0 0 0.4 4.4 0 0 0.6000000000000001 0.4 0 0 2.8000000000000003 3.8000000000000003 3 4 1.2000000000000002 4.4 4.4 2.2 3 4.4 5 5.800000000000001 2 1.4000000000000001 0 2.6 9.8 0 3.2 0 2.8000000000000003 4 1.4000000000000001 0 0 0 3.6 0.4 1.2000000000000002 0 0 0 0.8 2.2 2.6 0 0 0 1.4000000000000001 6 0 0.4 0 0 0 0 0.6000000000000001 0 0 0 0 0 0 0 0 0 0 0 0 0 0 0 0 0 0 0 0 0 0 0 0 0 0 0.8 0 0 0 0 0 0 0 2 0 0 0 3.6 2.6 0.8 1.8 5.800000000000001 2.2 0.8 0.2 2 0.2 0.8 3.2 1.2000000000000002 0 0 0 0.4 0 0 0.2 0 0 0 0 1.8 0 0 4.2 0.4 0 0 0 0 3 0 0 0 0 0 0 0 0 0.4 0 2.8000000000000003 0 0 0 0 0 0 0 0 3.6 2 0 2 0 0 0 0 0.2 0 0 0 0 0 0 0 0 0 0 0 0 0 0 2.8000000000000003 0 0 0 0.4 0.8 0.2 0 19.6 0.6000000000000001 2.2 2 0 0.4 0 0 0 0 0 0 0 0 0 0 0 0 0 0 0 0 0 0 12.600000000000001 0 1.8 2.2 0 0 0 0 0 0 0 0 0 0 0 0 0 
 11 10.4 25.6 79.2 37.2 33.6 5.6000000000000005 4.800000000000001 71 59.800000000000004 0 31 7.6000000000000005 11.200000000000001 14 56.6 12.600000000000001 69.8 6 6.4 0.2 0.4 0.8 0.4 0 0.2 48 1.2000000000000002 0.4 0.4 1 0.4 1 0 0.6000000000000001 18.8 0 0.8 0 12.8 0 1.4000000000000001 1.2000000000000002 0.6000000000000001 1 1.4000000000000001 1 0.8 2.6 0.8 0 0.6000000000000001 1 0 0 0 0.4 0.4 0.2 0 1.2000000000000002 0 0 0.4 0.8 1 1 0 0 0.4 0.6000000000000001 0.2 0.6000000000000001 12.200000000000001 0 0.8 1.2000000000000002 0.8 0 0 0 0 0.2 4.4 8.6 6.2 0 0 7.4 3.6 2 2.2 0 0 0 4.800000000000001 4.6000000000000005 0 0 0 4.800000000000001 2 0 0 0 0 5.2 0 2 0.2 0 0 6 1.6 2.2 0 0 1.4000000000000001 5.800000000000001 2.2 0 0 0 0 0 0 0 0 0 0 0 0 0 0 0 0 0 0 0.4 0 0 0 0 0 0 0.8 0 0.4 0 0 0 0 0 0 3.2 0 0 0 0 0 0 0 0 2.2 4 9.200000000000001 0.2 0 0.8 2.8000000000000003 0 2.6 0 0 0 0 0 3 0 0 2 0 3.4000000000000004 0.4 0 0 4.6000000000000005 6.800000000000001 0 0 0 0 8.6 5 3 0 0 0 0.2 5.6000000000000005 0 0 0 0 0 0 0 0 0 0.2 0 0 0 0 0 0 0 0 0 0 0 0 0 0 0 0 0 0 0 0 0 0 0 0 0 0 0 0 0 0 0 0 0 0 0 1.2000000000000002 18 0 9.600000000000001 17.8 0.2 0.8 1.2000000000000002 0 0 0 0 0 0 0 0 0 0 0 0 0 0 0 0 0 0 0 0 0 0 0.8 0 2 0 0 0 0 0 0 0 0 0 0 0 0 
 46.2 6.2 29.200000000000003 24.8 61.400000000000006 18.6 22.8 50.6 6.4 55.6 31 0 8.6 11 70.8 42.400000000000006 17.6 54.800000000000004 49 6 0 0 0 0 0 0 0 0.6000000000000001 0 0 0 0 15 0 0.2 0.6000000000000001 0 0.8 0 14.8 0 1.4000000000000001 0 0 0 0.6000000000000001 0 0.4 1.6 0 0.6000000000000001 0.6000000000000001 0 0 0 0 0 0 0.2 0 0.6000000000000001 0 0 0.4 0 0 0.6000000000000001 1.2000000000000002 0 0.4 0 0 1.6 0.6000000000000001 0 1.4000000000000001 0.6000000000000001 0 0 0 0 3 1.6 2 6.2 3.2 0 4.4 3 2 0.2 4.2 2.4000000000000004 4 2.2 0.2 6.2 12.600000000000001 0 2 0 0 0 0 0 0 0 0 0 0 0 0 0 0 0 0 0 0 3 2 0 0 0 0 0 0 0 0 0 0 0 0 0 0 0 0 0 0 0 0 0 0 0 0 0 0 3.2 0.4 0 0 0 0 0 0 0 0 0 0 0 0 0.6000000000000001 0 8.8 0.2 7 3.6 0.8 11.8 0 2 8.200000000000001 4 2 0.2 5.4 2.6 12.4 0 0 0 2 0 0 0 0 0 4.4 2 0.2 0 0 0 0 0 0 0 0 0 0 1 0 0 0 0 0 0 0 0 0 3.2 0 0 0 0 0 0 0 0 0.2 0 0 0 0 0 0 0 0 0 0 0 0 0 0 0 0 0 0 0 0 0 0 0 0 0 0 0.4 0.2 0.4 0 0.8 1.8 2.8000000000000003 0 0 0 0 0 0 0 0 0 0 2 0 0 0 0 0 0 0 0 0 0 0 0 3.2 3.4000000000000004 0 0 0 0 0 0 0 0 0 0 0 0 0 
 74.60000000000001 19.200000000000003 61 74.4 77 5.800000000000001 21 26.200000000000003 22 10.8 7.6000000000000005 8.6 0 20.200000000000003 32 43.800000000000004 7.2 6.6000000000000005 15 32.2 0 0 0 0 0 0 0 0.6000000000000001 0 0 0 0 0 0 0 0.6000000000000001 0 0 0 0 0 0.2 0 0 0 0.6000000000000001 0 0.4 0 0 0 2.4000000000000004 0 0 0 0 0 0.4 0 9.4 0.6000000000000001 0.8 0 0.4 0 0 0.6000000000000001 0 0 0.4 0.6000000000000001 0.4 0.4 0.6000000000000001 0 0 0.6000000000000001 0 0 0 10.600000000000001 0.4 0 0 0 0 0.4 0.2 0 0.2 4 0.2 7 0 12.600000000000001 5.6000000000000005 0 3.8000000000000003 2.6 0 0.2 0 0 0 0 0 0 0.2 0 0 0 0 0 0 0.4 0 0 0 0 0.2 0 0 2.8000000000000003 0 0 0 0 0 0 0 0 0 0 0 0 0 0 0 0 0 0 0.4 0 0 0 0 2.8000000000000003 0 0 0 0 0 0 0 0 0 0 0 0 0 0.2 7.800000000000001 0.2 7.6000000000000005 0 3.4000000000000004 0 1.4000000000000001 0 0 3.4000000000000004 0.2 1.4000000000000001 2 0 0.4 0 5.800000000000001 0 0.2 0 0.2 0 0 0.4 0 0 0 0.6000000000000001 0 0 3 0 0 0 0 0 0 0 0 0 0 0 0 0 0 0 0.2 0 0 0 0 0 2.4000000000000004 0 0 0 0 0 0 0 0 0 0 0 0 0.4 0 0 0 0 0 0 0 0 0 0 0 0 0 0 0 0 0 0 0 0 0.2 0.2 0 0 1.6 0 0 0 0 0 0 0 0 0 0 0 0 0 0 0 0 0 0 0 0 0 0 0 0 0 0 0 0 0 0 0 0 0 0 0 0 0 0.2 
 14.600000000000001 30.400000000000002 15.8 53.6 11.8 25.8 57 35.4 34.6 33.4 11.200000000000001 11 20.200000000000003 0 31.6 73 13.8 4.800000000000001 19.400000000000002 44.800000000000004 0.2 0 0 0 0 0 0 0.6000000000000001 0 0 0 0 0 0 0 0.6000000000000001 0 0 15.4 0 0 0.4 0 0 0 0.6000000000000001 0 0.4 0 0 0 0.6000000000000001 0 0 0 0 0 0 0 0 0.6000000000000001 0 0 0.4 0 0 0.6000000000000001 0 0 0.4 3.6 0 0.6000000000000001 0.6000000000000001 0 0 0.6000000000000001 0 0 0 4 7.4 1.8 3.8000000000000003 0 0 0.2 3.4000000000000004 2.4000000000000004 0.6000000000000001 0.2 3.6 0.2 7.800000000000001 11.8 3.4000000000000004 0 0.4 4 0 0.4 0 0 0 0 0.4 0 0.4 0 0 0 0 0 0 0 0 0 1.6 0.4 3.4000000000000004 2.8000000000000003 2.8000000000000003 0 0 1.4000000000000001 0 0 0 0 0 0 0 0 0 0 0 0 0 0.2 0 0 0.2 0 0 0.8 0 0 0 0 0 0 0 0 0 0 0 0 0 0 0 1.8 0 3 2 0 0.2 20.200000000000003 4.6000000000000005 2.4000000000000004 0 0.8 1.8 5.2 3.6 1.8 0 0 0 2.2 0 0 0 0 0 0 0 0 0.2 0 0.2 0 0 3 0 0 0 0 0 0 0 0 0 0 0 0 0.4 0 0 0 0.2 0 0 0 0 0 0 0 0 0 0 0 0 0 0 0 0.4 0.2 0 0 2.4000000000000004 0 0.2 0 0 0 0 1 0 0 0 0 0 0 0 0 0.4 0.2 0 0 0.4 0 3.2 0 0 0 0 0 0 0 0 0 0 0 0 0 0 0 0 0 0 0 0 0 0 0 0 0 0 0 0 0 0 0 0 0 0 0 0 0 0 
 69.2 72.4 34 53 24.6 14.4 11.8 25.8 32.2 40.6 14 70.8 32 31.6 0 45.6 8.6 93.60000000000001 15.600000000000001 16.6 0 0 0 0 0 0 0 0.6000000000000001 0 0 0 0 0.6000000000000001 0 0 0.6000000000000001 0 0 0 0 0.6000000000000001 0.2 0 0 0 0.6000000000000001 0 0.4 0 0 0 0.6000000000000001 0 0 0 0 0 0 0.4 0 0.6000000000000001 0.2 0 0.4 0 0 0.6000000000000001 0 0 0.4 0.2 0 0.6000000000000001 0.6000000000000001 0 0 0.6000000000000001 0 0 0 1.8 3 5.4 0 0 0 0 0 6.4 4.6000000000000005 1.2000000000000002 0 6.6000000000000005 7.6000000000000005 1.4000000000000001 5.4 3.8000000000000003 6.4 1.8 0 0 0 0 0 0 0 0 0 0 0 0 0 4.800000000000001 0 0 0 0 0 0 2 0 0 0 0 0 0 0 0 0 0 0 0 0 0 0 0 0 0 0 0 0 0 0 0 1 0 0 0 0.2 0 0 0 0 0 0 0 0 0 0 0 0 4.2 3.8000000000000003 2 0 0 5.6000000000000005 4.800000000000001 4.800000000000001 2 4 0 3 2.8000000000000003 4 0.4 0 0 2 4.4 0 0 0 2.6 0 0 0 0 0 0 0 0 0 0 0 0 0 0 0 0 0 0 0 0 0 0 0 0 0 0 0 0 0 0 0 0 0 0 3 0 0 0 0 0.4 0 0 0 0 2 0.6000000000000001 0 0 0 0 0 0 0 0 0 0 0 0 0 0 0 0.4 0 0.2 0.6000000000000001 17.8 0.4 3.6 0 0 0 0 0 0 0 0 0 0 0 6.800000000000001 0 0 0 0 0 0 0 0 0 0 0 0 3 0 0 0 0 0 0 0 0 0 0 0 0 0 
 6.6000000000000005 57.400000000000006 46.400000000000006 42 13.200000000000001 28.400000000000002 4.6000000000000005 24.8 47.2 50 56.6 42.400000000000006 43.800000000000004 73 45.6 0 11 21.200000000000003 5.2 73.8 0 0 0 0 0 0 0 0.6000000000000001 0 0 0 0 0 0 0 0.6000000000000001 0 0 0.4 0 0 0.4 0 9.8 0 0.6000000000000001 0 13.8 0 0 0 0.6000000000000001 0 0 0 0 0 0 0.4 0 0.6000000000000001 0 0 0.4 0 0 9.8 0 0 0.4 0 0 0.6000000000000001 0.6000000000000001 0 0 0.6000000000000001 0 0 0 4.2 2.8000000000000003 2 0 0 0 0 2.8000000000000003 3 2 3.2 0 2.6 2 7.4 2.8000000000000003 3.8000000000000003 7.800000000000001 2.2 0 0 0 3.8000000000000003 0 0 0 0 0 0 0 0 0 0 7 1.8 0 0 0 0 3 0 0 0 0 0 0 0 0 0 0 0 0 0 0 0 0 0 0 0 0 0 0 0 0 0 1.4000000000000001 0 0 0 0 0 0 0 0.2 0 0 0 0 0 0 8 5.800000000000001 2.8000000000000003 2.8000000000000003 3.8000000000000003 0 1.4000000000000001 2 1.8 2 4.4 0 2.8000000000000003 0 0 0.2 0.4 0 3.6 1.2000000000000002 0 0 0 0 0 4 0 0 0 0 4.4 0 3 10.8 0 0 0 0 2 4.2 0 0 0 0 0 0 0 0 0 2 0 0 0 0 0 0 0 0 2.8000000000000003 0 0 0 0 0 0 0 0 0 0 0 0 0 0 0 0 0 0 0 0 0 0 0 0 0 0 0 0.4 0.4 0 18 0.2 2.4000000000000004 0 0 0 0 0 0 0 0 0 0 0 0 0 0 0 0 0 0 0 0 0 0 0 0 2 0 0 0 0 0 0 0 0 0 0 0 0 0 
 50.400000000000006 43.2 91.60000000000001 25.200000000000003 24.8 13.200000000000001 33.800000000000004 46 20.200000000000003 11.200000000000001 12.600000000000001 17.6 7.2 13.8 8.6 11 0 35.4 10 8.6 0.4 0 0 0 0 0 16.400000000000002 0.6000000000000001 0 0 0 0 5.2 0 0.4 0.6000000000000001 0.4 0 0 0.6000000000000001 0 0.2 0 0 0 1.4000000000000001 1.6 0.4 0 0 0 0.6000000000000001 0 0 0 0 0 0 12.600000000000001 0 0.6000000000000001 0 0 0.4 1.2000000000000002 0 0.6000000000000001 0 0 0.4 0 0 2.2 0.6000000000000001 0 1 12.4 0 0 0 6.800000000000001 4.6000000000000005 2.4000000000000004 9.8 3.2 2 3.4000000000000004 5.6000000000000005 5 0.4 1.2000000000000002 5.6000000000000005 3.2 8.6 2.2 4.2 13.200000000000001 2.8000000000000003 2.6 4.2 2 0 0 0 0 6.4 2 0 0.4 0 0 0 0.2 0 0 0 0 0 0 8.200000000000001 0 0.4 0 0 3 0 0 0.4 0 0 0 0 0 0 0 0 0 0 0 0 0 0 0.4 0 0 0 0 0 3.2 0 0 0 0.2 0 0 0.2 0 0.4 0 0 0.2 0 4 2 2.6 0 0 1.2000000000000002 2.2 8.6 2 3.8000000000000003 2 0.4 2.4000000000000004 9.8 11.8 2 0 0.2 0 0 0 0 0 0 0.4 0 0 0 0 0 0.2 0 0 0 0 0 0 0.6000000000000001 0 0.4 0 0 0 0 0 0 0 0 0 0 0 0 0 0 2.8000000000000003 0 0.4 0 0 4.6000000000000005 0 0 0 0 0 0 0 0 0 0 0 0 0 0 0 0 0 0 0 6.800000000000001 0 0 0 0.4 0 0 0.2 0.4 0 3.6 0.2 0 0 0 0 0 0 0 0 0 0 0 0 0 0 0 0 0 0 0 0 0 0 3.2 0 0 0 0 0 0 0 0 0 0 0 0 0 0 
 52.400000000000006 27.8 46.6 38.6 6.2 52 41.6 9 11.8 38 69.8 54.800000000000004 6.6000000000000005 4.800000000000001 93.60000000000001 21.200000000000003 35.4 0 12.200000000000001 10.600000000000001 0 0 0.4 0 0 0 19.8 0.6000000000000001 0 0 0 0 0.2 0 0 0.6000000000000001 0 0 0 7.4 0 0.2 0 4.800000000000001 0 0.6000000000000001 0 0.4 0 0 0 0.6000000000000001 0 0 0 0 0 0 0.4 0 0.6000000000000001 0 0 0.4 1.8 0.2 0.6000000000000001 0 0 3.4000000000000004 0 1.2000000000000002 0.6000000000000001 8.4 0 0.4 0.6000000000000001 0 0 0 5.6000000000000005 4.4 0.4 2.2 5.4 2 4.6000000000000005 0 0 7 2.2 6 4.6000000000000005 2.4000000000000004 0 3 11 0 2 0 6.2 3.6 2 0 0 0 4.2 0 2.4000000000000004 0 0.2 0 2 4 1.8 0 0 0 0.4 6.6000000000000005 0 0 0 0 5 0 0 0 0 0 0 0 0 0 0 0 0 0 0 0 0 0 0 0 0 1.2000000000000002 0 0 0 0 0 0 0 0 0 0 0 0 0 0 0 0 0 0 0 2.6 0 0 0 2.6 4 9.200000000000001 0 0 5.2 1.6 2.6 3.6 0 0 2.4000000000000004 0 0 0 0 0 0 0.4 0 0 0 0 7.800000000000001 5.6000000000000005 0 0 0 0 2.8000000000000003 3.2 0 0 0 0 0 0 0 0 0 3.8000000000000003 0 0 0 0 0 0 1.6 0 3 0 0 0 0 1.4000000000000001 0 0 0 0 0 0 0 0 0 0 0 0 0 0 0 0 0 2.8000000000000003 0 0 0 0.2 17.400000000000002 0.4 21.400000000000002 35.2 0 3 2.6 0 0 0 0 0 0 0 0 0 0 0 0 0 0 0 0 0 0 0 0 0 0 2.6 0 3 0 0 0 0 0 0 0 0 0 0 0 0 
 59.800000000000004 15.200000000000001 23 57 10 51 33.2 11 10.200000000000001 12.8 6 49 15 19.400000000000002 15.600000000000001 5.2 10 12.200000000000001 0 47.6 0 0 0 0 0 0 0 0.6000000000000001 0 0.4 0 0 0 0 0 1 1.2000000000000002 0.6000000000000001 0 0 0 13 0 0 0.4 0.6000000000000001 0 0.4 0.4 0 0 0.6000000000000001 0.2 0 0 0 0 0.4 0 0 1.2000000000000002 0 0 0.4 0.8 0 0.6000000000000001 0 0 0.4 0 0.4 0.6000000000000001 1 0.6000000000000001 1 1.6 0 0 0 4.2 0.2 0.2 0.8 0.4 0 2.4000000000000004 4.800000000000001 0 0.2 0.2 0.2 7.800000000000001 5 0 0 3.6 0 3.8000000000000003 0.2 0 0 0 0 0 0 0 3.8000000000000003 0 0 0 0 0 2.8000000000000003 0 0 0 0 0 0 0.4 0 0 0 0 0 0 0 0.4 0 0 0 0 0 0 0 0 0 0 0 0 0 0 4 0 0 0 0 1.6 0.4 0 0 0 0 0 0 0 0 0 0 0.2 0 0.2 0 0 0 0.2 0.4 0.8 0 2.6 0 0 0 0.6000000000000001 4 1.8 2 6 5.2 0 0 0 0 0 0 0 0 0 0 0 0 0.4 0 0.2 0 0 0 0 0 0 2 0 0 0.2 0 5.4 0 0 0 0.2 0 3.6 0 0 0 0 0.4 0 0 0 0 0.2 0 0 0 0 0 0 0 0.4 0 0 0 0 0 0 3.4000000000000004 0 0 0 5.800000000000001 0 0 0 0 0 0 0.2 0 0 0.6000000000000001 0 0 0 0.4 0 0 0 0 0 0 0 0 0 0 0 0 0 0 2.4000000000000004 0 0 0 0 0 0 0 0 0 0 0 0 0 0 0 0 0 0 0 
 39.2 8 5.800000000000001 28 26 7 19.400000000000002 8.8 10.8 10 6.4 6 32.2 44.800000000000004 16.6 73.8 8.6 10.600000000000001 47.6 0 0 0 0 0 0 0 0 0.6000000000000001 0 0.2 0.4 0 0 0 0 1 0 0.4 0.4 0.2 0 0.2 0 0 0 0.6000000000000001 0.4 0.4 0 0 0 0.6000000000000001 0 0 0 0 0 0 0 0 0.6000000000000001 1.2000000000000002 0 0.4 0 0 0.6000000000000001 6.6000000000000005 0 0.6000000000000001 0.2 8.8 0.6000000000000001 0.6000000000000001 0 0 0.6000000000000001 0 0 0.2 3.2 0.2 2.4000000000000004 0 0 0 0 0.2 2.6 0 2.2 0 0 0 7.800000000000001 3.2 0 2.4000000000000004 0.8 3 0 0 0 0 0 0 0 0 0 0 0 0 0 0 0 0 0 0 0 0.4 0 0 0 0 5.6000000000000005 0 0 0 0 0 0 0 0 0 0 0 0 0 0 0 0 0 4.6000000000000005 0 0 0 0 0 0 0 0 0 0 0 0 0 0 0 0 0 6 4.6000000000000005 11.8 3 0 0 2 0.2 0 0.2 2.6 0 3.8000000000000003 0 0 0 0 1.4000000000000001 4.2 3.4000000000000004 0 0 0 0 0 0 0 0 0 0 0 0 0 0 0 0 0 0 0 0 0 0 0 0 0 0 0 0 0 0 0 0 0 0 0 0 0 0 0 0 0 0 0 0 0 0 0 0 0 0 0 0 0 0 2 0 0 4.800000000000001 0 0 0 0 0 0 0 0 0.4 0 0.2 0 0.4 5 0 0 0.4 0 0 0 0 0 0 0 0 0 0 0 0 0 0 0 0 0 0 0 0 0 0 0 0 0 0 0 0 0 0 0 0 0 0 0 
 0 0 0 0.2 0 0 0 0 15 0.2 0.2 0 0 0.2 0 0 0.4 0 0 0 0 33.2 30.200000000000003 22.6 21.400000000000002 47 28 43.6 12 19.8 55 9.600000000000001 67.60000000000001 22.400000000000002 28.8 7 7.6000000000000005 15 54.2 65.2 0 0 0 0.6000000000000001 0 0 0 0.4 0.6000000000000001 0 0 0 0.4 0 0 0 0 0.4 0.2 0 0.4 0 0 0.6000000000000001 2 0 0 0 0 0 0 0.6000000000000001 0.6000000000000001 0 0.4 0 0.8 0.4 0 0 0 0 0 0 2 2.8000000000000003 0 0 0 0.2 2.2 0 0 0 0 0 0 0 0 2.6 2 9.200000000000001 2.4000000000000004 0.2 0 0 2.4000000000000004 2.4000000000000004 0 2 2.4000000000000004 3.6 0.4 0.8 1 4 0 3.4000000000000004 8.200000000000001 0 2.2 0 0 0 0 0 0.4 0 0 0 0 0 0 0 0 0 0 0 0 0 0 0.2 2.2 0 0 0 0 0 0 0 0.8 0 0 0 0 0 0 0.4 0 1.8 0 0 0 0 2.2 3.8000000000000003 0 0 0.4 0 0 0.2 0 0 0 0 0 0 0 0 3.8000000000000003 2 0 0 1.4000000000000001 0 6.2 4.800000000000001 3.6 0 2.2 0 0 2 5.2 9.8 8.200000000000001 3.8000000000000003 4.6000000000000005 2 0 0 0 0 0 0 0 0 0 0 0 0 0 0.2 0 0 0 0 0 0 0 0 0 0 0 0.2 0 0 0 0 0 0 0 0 0 0 0 0 0.2 0 0 0 0 0 0 0 0.2 0 0 0 0 0 0.2 0 0.4 0 0 15.600000000000001 8 0 0.8 2.6 0 0 0 0 0 0 0 0 0 0 0 0 0 0.2 0 0 0 2.8000000000000003 0 2 0 0.4 0 0 0 0 0 0 
 0 0 0 0.2 0 1.6 0 0 0 0 0.4 0 0 0 0 0 0 0 0 0 33.2 0 30 57 9 6 31.8 68.2 14 13.600000000000001 9.200000000000001 9.200000000000001 42.2 24.200000000000003 31 16.400000000000002 29.200000000000003 8.200000000000001 44.800000000000004 27.6 0 0 0 0.6000000000000001 0 0 1.4000000000000001 0.4 0.6000000000000001 0 0 0.6000000000000001 0.6000000000000001 0 0 0 0 0.6000000000000001 1.4000000000000001 0 0.6000000000000001 0.4 0.4 0.6000000000000001 0.4 0 0 0 0 0 0.4 1.2000000000000002 1 0 0.4 0 1.6 0.6000000000000001 0 0 0 0 0 0 2 2.6 0 0 0 0 0 0 0 0 0 0 0 0 0 0 0.2 2.4000000000000004 3 0.2 0 0 4 2 0 4 2.8000000000000003 2.8000000000000003 0.2 4 0 3.2 0.4 3.4000000000000004 5 0 0 0 0 0 0 0 1.6 0 0 0 0 0 0 0 0 0 0 0 2 1.6 0 0 1.8 0 2.4000000000000004 0 0 0 0 0 1.2000000000000002 0 0 0 0 0 0 0 0 1.2000000000000002 0 0 0 0 2 1.2000000000000002 0 0 0 0 0 0 0 0 0 0.2 0 0 0 0 2 2.2 0 0 0.2 1.6 5 0 3.6 0.2 0 0 0 2.2 4 4.800000000000001 4.6000000000000005 5.4 2.4000000000000004 0 0 0 0 0 0 0 0 0 0 0 0 0 0 2.4000000000000004 0 0 0 0 1.6 0 0 0 0 0 0 0 0 0 0 0 0 0 0 0 0 0 0 0 0 2.2 0 0 0 0 0 0 0 0 0 0 0 0 0 0 0 0 0 15.600000000000001 0.2 0 0.2 1.6 0 0 0 0 0 0 0 0 0 0 0 0 0 0 0 0 0 2.4000000000000004 0 0.2 0 0 0 0 0 0 0 0 
 0 0 0 0 16.400000000000002 0 0.4 0 0 0 0.8 0 0 0 0 0 0 0.4 0 0 30.200000000000003 30 0 17 11 20 11.200000000000001 40.6 55.2 25.200000000000003 13.600000000000001 5 16.400000000000002 52.400000000000006 24.6 25.400000000000002 41.400000000000006 27 5 13.4 0 0 0 0.4 0 0 0 0.4 0.6000000000000001 0 0 0 13 12.600000000000001 0 0 0 0 17.6 26.200000000000003 0.6000000000000001 0 0 0.6000000000000001 0 0 0 0 0 0 0 0.6000000000000001 0.6000000000000001 0 0.4 0 16 1.2000000000000002 0 0 0 0 0 0 0 0 0 0 0 0 0 0 0 0 0.2 0 0 0 0 0 0.8 2.6 1.6 3.2 5.800000000000001 2.4000000000000004 0 0 4.4 4.6000000000000005 3.2 3.6 0 3 2.2 6 2.4000000000000004 0 0 0 0 0.2 0 0 0 0 4.800000000000001 0 0 0 0.2 0 3.4000000000000004 3.8000000000000003 3 0 1.8 0 5 0.4 0 0 0 0 0 0 0 0 0 0.2 0 0 0 0 0 0 0 0 0 0.4 0 0 0 0 0 0 0 0 0 0 0 0 0 0.4 0 0 0 0 0 0 4 1.8 5.6000000000000005 9 7.2 0.6000000000000001 4.6000000000000005 0 1.8 2 7.6000000000000005 4.6000000000000005 0 1.8 0 0 1 10.8 2.4000000000000004 0.2 0.6000000000000001 0 0 0 0 0 1.2000000000000002 0 0 0 0 0 0 0 0 0 0 0 0.8 10.200000000000001 0 0 0 0 0.4 0 0 0 0 0 0 0 0 0 0.2 0 0 0 0 0 0 0 0 0 0 0 0 0 0 0 0 0 0 0 0.6000000000000001 0.4 0 0 0.6000000000000001 0.8 0.2 0 0 0 0 0 0 0 0 0 0 0 0 0 0 0 0 0 0 0 0 0 0 0 0 3.6 0 0 0 0 
 0.2 0 0 0 0 15.600000000000001 0 0 0 0 0.4 0 0 0 0 0 0 0 0 0 22.6 57 17 0 35.800000000000004 22.400000000000002 19.6 21.200000000000003 44.800000000000004 29.8 7.2 35.800000000000004 30.200000000000003 79.80000000000001 93.60000000000001 23.400000000000002 6 45.400000000000006 20.400000000000002 45.800000000000004 0 0 0 0.4 0 0 0 0.4 0.6000000000000001 0 1.2000000000000002 0 13 0 0 0 0 0 0.2 13.200000000000001 0.6000000000000001 0 0 0.6000000000000001 0 0 0 0.2 0 0 0 0.6000000000000001 0.6000000000000001 0 0.6000000000000001 0 0 0.6000000000000001 0 0 0 0 0 0 0 0 0 0 0 0 0 0 0 0 0 0 0 0 0 0 0 0 0 1 0 5.4 4 1.4000000000000001 5.800000000000001 4.800000000000001 2.4000000000000004 7.4 6 0 0 8 0 3.2 0 0 3.8000000000000003 2 0 0 0 0 0 7.800000000000001 0.2 3.8000000000000003 1.8 0 3.8000000000000003 2.4000000000000004 1.6 0.2 0 0 0 0 0 0 0 0 0 0 0 0 0 0 0 0 0 0 1.8 0 0 0 0 0 0 0 0 0 0 0 0 0 0 0 0 0 0 0 0 0 0 0 0 0 0 1.8 1.8 9 0 0 3.2 2.4000000000000004 0.4 4.800000000000001 0 8.200000000000001 0 0 2.8000000000000003 1.2000000000000002 4.800000000000001 0 0 0 0 2.2 0 0 0 0 0.6000000000000001 0 0 0.2 0 0 0 0 0 0 3.8000000000000003 0 0 0 0 1.6 0 0 0 0 0 0 0 0 0 0 0 0 0 0 0 0 0 0 0 0 2.2 0 0 0 0 0.4 0 0 0 0 0 0 0.6000000000000001 0 0.4 15 0 0 0 0 0 0 0.4 0 0 0 0 0 0 0 0 0 0 0 0 0 0 0 0 3.6 0 0 0 0 0 0 0 0 
 0 0 0 0 0 0 0 0 0 0 0 0 0 0 0 0 0 0 0 0 21.400000000000002 9 11 35.800000000000004 0 12.4 9.4 51.400000000000006 16.2 20.400000000000002 53.2 7 30.200000000000003 38.2 31.8 26.6 22.400000000000002 29.6 17 21 6.4 12.8 0 0.4 0 0 0 0.4 0.6000000000000001 0 0 0 1.2000000000000002 4.4 0 0 0 0 0 12.600000000000001 0.6000000000000001 0 0 0.6000000000000001 0 0 0 0 0 0 0 8.200000000000001 0.6000000000000001 0 0.4 0 0 0.6000000000000001 0 0 0 0 0 0 0 0 0 0 0 0 0 0 0 0 0 0 0 0 0 0 0.2 0 0.2 0.2 10.600000000000001 4.6000000000000005 0 2.4000000000000004 11.600000000000001 3.6 2.6 6.800000000000001 0 0 3 0.2 6.2 1.4000000000000001 0.2 0 2.8000000000000003 3.6 0 0 0 0 1.6 0 0 0 0 0 0 0 0 0 0 0 0.8 0 0 3.2 0 0 0 0 0 0 0 0 0 0 0 0 0 0 0 0.2 0 0.2 0 0 0 0 0.2 0.2 0 0 0 0 0 1.8 0 0 0 0 0 0 0 0 2 3.4000000000000004 1.8 0.2 3.4000000000000004 2.4000000000000004 0.4 0 5 6 8.200000000000001 2.8000000000000003 0 0 0.2 4.4 0.4 2 0 0 1.4000000000000001 2 0 0 0 0 0 2.6 2.6 0 0 0 0 0.6000000000000001 0 0 0 0.4 2 2.2 0 0 0 0 0 0 0 0 0 0 0 0 0 0 0 0 0 0 0.2 0 0 0 0 0 0 0 0 0 0 0 0 0 0 0 0 0 0 20.8 0 0.4 0.6000000000000001 0 0 0 0 0 6.800000000000001 0 0 0 0 0 0 0 0 0 0 0 0 0 0 0.2 0 0.2 0 0 1.4000000000000001 0 0 0 
 0 0 0 0 0 0 0 0.6000000000000001 0.6000000000000001 0 0.2 0 0 0 0 0 0 0 0 0 47 6 20 22.400000000000002 12.4 0 9 37.800000000000004 23.8 53 16.400000000000002 7.4 50.6 8 12.4 11.8 9.8 27.400000000000002 9.600000000000001 12.8 0 0 12.8 12.8 0 0 0 0.4 0.6000000000000001 0 0 0 5.2 24.400000000000002 25.200000000000003 14 5 0 25.400000000000002 23.400000000000002 0.6000000000000001 0 0 0.6000000000000001 0 0 0 0 0 0 9.600000000000001 0.6000000000000001 0.6000000000000001 0 0.4 0 0 0.6000000000000001 0 0 0 0 0 0 0 0 0 0 0 0 0 0 0 0 0 0 0 0 0 0 2.2 0 0 2 0 0 0 0 3.6 0.2 7 4.2 0 0 0 2.2 0 3 2 0 1.2000000000000002 0 5.4 0.2 1.8 0 6.4 0 2.4000000000000004 1.8 0 0 5.6000000000000005 3 2.2 5.800000000000001 0 1.6 4.6000000000000005 5 0 0 0 0 0 0 0 0 0 0 0 0 0 0 0 0 0 0 0 0 0 0 0.8 0 0 0 0 3.8000000000000003 0 0 0 0 0 0 0 0 0 0 0 0 0 0.6000000000000001 3.2 3.6 0 0.8 0 2.8000000000000003 3.4000000000000004 0.6000000000000001 4 2.2 0 0 2.2 3.6 0 2.2 0 0 1.4000000000000001 3.4000000000000004 2.6 9.200000000000001 2.8000000000000003 0 10 3 0 1.8 0 3.4000000000000004 2.6 5 6.2 2.6 0 2.8000000000000003 8.200000000000001 1.4000000000000001 0 0 0 0 0.2 0 0 0 0 4.2 0 0 0 0.2 0 0 0 0 0 0 0 0 2 0 0 0 0 0 0 0 0 0 0 0 0 0.2 0 0 8.6 0 3.8000000000000003 0 0 0 0 0 0 0 0 0 0 0 0 0 0 0 0 0 0 0 0 3 1.8 0 0 0.6000000000000001 0 3.6 0 0 
 0 0 0 13.200000000000001 21.8 0.2 0 0.4 15.200000000000001 15.200000000000001 48 0 0 0 0 0 16.400000000000002 19.8 0 0 28 31.8 11.200000000000001 19.6 9.4 9 0 14.4 6.6000000000000005 49.400000000000006 49.400000000000006 12.600000000000001 29.200000000000003 12.600000000000001 6.4 52.2 7.6000000000000005 8.4 11.4 46.6 0 1.2000000000000002 0 0.4 0 0 0 0.4 1.2000000000000002 0 0 0 0.2 0 0 0 0 0 0.6000000000000001 0 0.4 0 0 0.6000000000000001 1.8 0 0 0 0 0 0 0.6000000000000001 1 0.6000000000000001 0.4 0.8 0 0.6000000000000001 0 0 0 0 0 2.4000000000000004 10.4 2 0 0 0 5.4 0 4.4 0 0 0 3 2 0 0 0 6.6000000000000005 6 0 2 0 0 11 3.2 2.6 2.4000000000000004 0.2 0 4.2 8.200000000000001 15 0 0 0 2.8000000000000003 9.4 0 3.6 0 0 3.6 0 0 0 0 0 0 0 0 0 0 0 0 0 0 0 0 0 1.8 0 0.6000000000000001 0 0 0 0 0 0 0 0 0 0 0 0 0 0 0 0.4 0 0 0 0.2 5 0 0 0 2 0 6.6000000000000005 0 0 0 0.4 1 2.6 0 0 4.2 2.6 2.6 2.4000000000000004 0 0 3.4000000000000004 8.4 2 0 0 0 4.2 2.6 0 0 0 0 1 4 0 0 0 0 0 0 0 0 0 0 0 0 0 0 0 0 0 0 0 0 0 0 0 0 0 0 0 0 0 0 0 0 0 0 0 0 0 0 0 0 0 0 0 0 0 0 12.600000000000001 0 14.8 0 0 0 3.6 0 0.4 0 0.4 0 0 0.4 0 0 0 0 0 0 0 0 0 0 0 0 0 0 0 1.6 0 0 0 0 0 0 0 0 0 0 0 0 0 0 
 0.6000000000000001 1 1 42.800000000000004 0.8 0.6000000000000001 0.6000000000000001 0.6000000000000001 0.8 0.6000000000000001 1.2000000000000002 0.6000000000000001 0.6000000000000001 0.6000000000000001 0.6000000000000001 0.6000000000000001 0.6000000000000001 0.6000000000000001 0.6000000000000001 0.6000000000000001 43.6 68.2 40.6 21.200000000000003 51.400000000000006 37.800000000000004 14.4 0 143.20000000000002 7.2 8.200000000000001 4.6000000000000005 15.200000000000001 28.400000000000002 46.6 53.400000000000006 25.400000000000002 37.6 22.200000000000003 25.200000000000003 0 0 0 0.4 0 0 0 0.4 0.6000000000000001 0.6000000000000001 0.2 0.6000000000000001 0.4 0 0 0 0 0.4 4 12.600000000000001 0.6000000000000001 0 0.4 0.6000000000000001 0 0.8 0 0 0 0 0.4 1.2000000000000002 1.2000000000000002 0.4 0.4 0 1 1.4000000000000001 0 0 0 0 0 0 1.6 0.2 0 0 0 0 0 0 0 0 0 0 0 0 0 0 0.6000000000000001 0 6.4 2.6 0.2 2.2 0 3 5 4.6000000000000005 7.800000000000001 9.8 0.2 1.6 0.2 9.4 2.4000000000000004 0 2 0 0 0.2 0 0 0 0 9.200000000000001 0 0 0 0 0 3.4000000000000004 0.4 0 0 0 0 4 2.4000000000000004 0 0 0.2 0 0 0 0 0 0 0 0 0 0 0 0 0 0 0 0 1 0 0 0 0 0 0 0 0.4 0 0 0 0 0.2 0 0 0 0 0 0 0 1.6 4.2 2.2 4.2 0.6000000000000001 3.2 2.4000000000000004 0 0 11.4 7.2 4.6000000000000005 1.8 1.6 0.2 1.8 0 18.8 2 0 0 0 0 0 0.4 0 0 0 0 0 0 0 0 0 0 0 0 0 3.8000000000000003 6.2 4.6000000000000005 0 0 0 0 0 0 1.2000000000000002 0 0.4 0 0 0 0 0 0 0 0 0 0 0 0 0 0 0 0.2 0 0 0 15 0 0 0 0.2 0.6000000000000001 0 0.2 15.4 15.200000000000001 0 2.6 0 0 0 0 0 0 0 0 0 0 0.2 0 0 0 0 0 0 0 0.2 0 0 0 0 0 0 0 0 0 0 
 0 0 0 0 0 0 0 0.6000000000000001 0.6000000000000001 0 0.4 0 0 0 0 0 0 0 0 0 12 14 55.2 44.800000000000004 16.2 23.8 6.6000000000000005 143.20000000000002 0 18.8 21 8.200000000000001 31.6 26.400000000000002 19 57.2 11 35 40.6 16.400000000000002 0 0 0.6000000000000001 0.4 0 0.6000000000000001 0 0.6000000000000001 0.6000000000000001 0 0 0 0.8 0 0 0.6000000000000001 0.6000000000000001 0 12.600000000000001 27 0.4 0 0 0.6000000000000001 0.2 0 0 0 0 0.6000000000000001 0.6000000000000001 0.6000000000000001 0.6000000000000001 0 0.4 5 3.6 0.4 0 0 0 0 0 0 2 0 0 0 0 0 0 0 0 0 0 0 0 0 0 0 1.2000000000000002 0 2.2 2.8000000000000003 4.6000000000000005 3 0 2.2 3.8000000000000003 2 6.4 8.8 0 1.8 3 5.6000000000000005 2 3.8000000000000003 3 0 0 0 0 0 0 0 4.4 0 0 0 0 0 0.2 0.2 1.4000000000000001 0 0 0 5.800000000000001 0 0 0 0 0 0 0 0 0 0 0.4 0 0 0 0 0 0 0 0 0 0.2 0 0 0 0 0.2 0 0 0 0 0 0 0 0 0.2 0 0 0 0 0 0 2 6.2 2.4000000000000004 2.8000000000000003 0 1.6 2.2 0 2.4000000000000004 9.200000000000001 4 5.6000000000000005 0 2.2 10.200000000000001 11 0 5.4 2.4000000000000004 0 0.2 0 0 0 0 0 0 0 0 0 0 0 0 0 0 0 0 0 1.2000000000000002 0 0 0 0 0 0 0 0 0 0 0 0 0 0 0 0 0 0 0 0 0 0 0 0 0 0 0 0 0 0 0 0 0 0 0 1.2000000000000002 0.4 0 0.2 0.6000000000000001 0 1.8 0.4 0 0 0 0 0 0 0 0 0 0 0 0 0 0 0 0 0 2.8000000000000003 0 4.2 0 0 0 0 0 0 0 0 
 0 0 0 0 0.2 2.2 0 15.4 15.200000000000001 41.6 0.4 0 0 0 0 0 0 0 0.4 0.2 19.8 13.600000000000001 25.200000000000003 29.8 20.400000000000002 53 49.400000000000006 7.2 18.8 0 32.6 7.2 22.400000000000002 43.6 31.8 123.80000000000001 12.8 14 34.6 44.2 12.600000000000001 12.8 0 1.8 0 0 0 1 0.6000000000000001 0 0 0.4 11.600000000000001 6.4 0 0 0.4 1 12.4 4.800000000000001 0.6000000000000001 0.4 0 0.6000000000000001 0.6000000000000001 0.8 0 0.2 0 1 1.2000000000000002 1.2000000000000002 0.6000000000000001 0 0.4 0 0 1.2000000000000002 0.8 0 0 0 0 2 0.4 0.2 0 0 0 0 0 0 0 0 0 0 0 0 0 0 7.800000000000001 7.6000000000000005 0 5.6000000000000005 3.6 4.2 5 12.8 0.2 0 0 2.8000000000000003 0.2 0 7.4 4.2 0.2 3 2.8000000000000003 0 0 3.4000000000000004 0 0 0 0 1.8 0 0 0 0 0 0 7.4 0 0 4.4 0 0 0 0 0.2 4 0 0 0 0 0 0 0 0.8 0 0 0 0 0 0 0 0 1.6 0 0 0 0 2.4000000000000004 1.2000000000000002 0 0 0 0 0 0 0 0 0 0 0 0 0 0 0 0 5.6000000000000005 3.8000000000000003 4.4 0.8 5 2.6 2 3.2 2.8000000000000003 17.2 0 0 5.6000000000000005 4 12.200000000000001 0 0.6000000000000001 3.6 3.6 1.8 0 0 0 0 2.8000000000000003 2.4000000000000004 0 0 0 0 0.2 0.8 0 3.6 3.6 0.2 0 0 0 0 0 0 0 0 0 0 0 0 0 0 2.6 0 0 0 0 0 0 0 0 0 0 0 0 0.2 0 0 0 0 0 0 0 0 0 0.2 0 15 10.4 0.4 0.6000000000000001 2.4000000000000004 0 0 0 0 0.2 0 0 0 0 0.2 0 5.4 0 0 0 0 0 0 0 3.8000000000000003 0 0 0 0 0 0 0 0 
 0.6000000000000001 0 0 0 0.4 0 0 0 0 0 1 0 0 0 0 0 0 0 0 0.4 55 9.200000000000001 13.600000000000001 7.2 53.2 16.400000000000002 49.400000000000006 8.200000000000001 21 32.6 0 24.8 38 70 43.6 66.60000000000001 43.400000000000006 80.60000000000001 7.800000000000001 32.800000000000004 0 12.600000000000001 0 0.4 0 0 14.4 10.600000000000001 0.6000000000000001 18.6 0 0 14.8 0 0.2 0.6000000000000001 0.2 0 0.2 0 0.6000000000000001 0 0 0.6000000000000001 0 0 0 0 0 0 0 0.6000000000000001 0.6000000000000001 0 0.4 0 0 0.6000000000000001 1 0 0 0 0 0 0.2 0.4 0 0 0 3.8000000000000003 0 0 0 0 0 0 0 0 0 0 2.2 0 3.6 0 8.200000000000001 10.600000000000001 2.8000000000000003 0 1.4000000000000001 3.4000000000000004 1.6 2.6 0 0 2.8000000000000003 0 6 2 0 0 3.8000000000000003 6.2 2.4000000000000004 3.6 0 0 0.6000000000000001 0 3.2 0 0 0 0.2 1.6 0 0 0 0 2 0.2 0 1.8 0.2 0 0 0 0 0 0 0 0 0 0 0 0 0 0 0 0 0 0 0 0 0 0 0 0 0 0 0 0 0 0 0 0 0 0 0 0 0 2 3.4000000000000004 1.2000000000000002 6.4 9.600000000000001 0 0.4 0 2.2 9.200000000000001 6.2 3.6 0 0 2 4.800000000000001 0 4.4 0 0 1.8 1.6 3.4000000000000004 0 0 0 0.2 2 0 0 0 0 5.800000000000001 2.4000000000000004 0 0 0 0 0 13.200000000000001 0 0 0 0 0 0 0 0 0 0 0 0 0 0 0 0 0 0 0 0 0 0 0 0 0 0.4 0 0 0 0 0 0 0 0 1.2000000000000002 0.4 0.2 15.4 0.2 0.4 0 0 0 0 0 0 0 0 0 0 0 0.2 0 0 0 0 0 0 0 0 0 2.2 0 0 0 0 0 0 0 0 
 0 0 0 0 0.2 0 0 0 0 0 0.4 0 0 0 0 0 0 0 0 0 9.600000000000001 9.200000000000001 5 35.800000000000004 7 7.4 12.600000000000001 4.6000000000000005 8.200000000000001 7.2 24.8 0 7 18.400000000000002 23.200000000000003 15.600000000000001 16.8 41.2 5.4 51.800000000000004 12.8 12.600000000000001 12.8 0.4 0 0 4.2 0.4 0.6000000000000001 3.6 0 0 27.400000000000002 12.600000000000001 0.2 0 0 0.4 0 12.600000000000001 0.6000000000000001 0 0 0.6000000000000001 0 0 0 0.2 0 0 0 0.6000000000000001 0.6000000000000001 0 0.4 0 0 6.800000000000001 0 0 0 0 0 0 0 0 0 0 0 0 0 0 0 0 0 0 0 0 0 0 0 0 0 4.4 0 1.8 1.4000000000000001 0 0 1.2000000000000002 0.2 2.4000000000000004 0 0 0 2 0 2.6 0 0 0 6.6000000000000005 5.2 0 0 0 2.2 1.8 4 2.6 1.6 0 1.8 5.800000000000001 3.8000000000000003 8.4 4 0 2.2 6.4 0 0 0 0 0 0 0 0 0 0 0 0 0 0 0 0 0 0 0 0 0 0 0 0 0 0 0 0 0 0 0 0 0 0 0 0 0 0 0 0 0 0 0 0 2 5.800000000000001 0 0 2.8000000000000003 0 0 0 0 0 4.6000000000000005 3.2 0 0 0 0 6.4 0.2 15.600000000000001 4.4 0 0 2.4000000000000004 4.4 0 0 0 0 9.600000000000001 0 2.4000000000000004 0 3.4000000000000004 2.4000000000000004 2.2 0.2 0 0 0 0 0 0 0 0 0 0 0 0 0 0 0 0 0 0 0 0 0 0 0 0 0 0 0 0 0 0 0 0 0 0 0.6000000000000001 0 0.4 0.2 0 0 0.4 0 0 0 0 0 0 0 0 0 0 0 0 0 0 0 0 0.2 0 0 0 0 0 0 0 0 0 0 0 0 
