 0 80.4 32.6 27.6 47.400000000000006 49.800000000000004 36.6 75.2 24.400000000000002 4.6000000000000005 19 34.6 68.4 63.2 23 48.2 48 17.8 41.400000000000006 26.6 0 2 0.4 0.6000000000000001 0 0 0 0.2 0 0 0 0 15.4 0.8 0 0 0 0.6000000000000001 0 0 0 0 0.6000000000000001 0 0 0 0.6000000000000001 0 0.4 0 0 0 0 0 1.8 0 0 0 0.2 0.2 0 0 1.4000000000000001 0.4 0 0 0 0 0.6000000000000001 0 0 0.6000000000000001 0 0 0 0 0.6000000000000001 0 0 0 8.200000000000001 4.4 3 0.4 0 0 1.8 5.4 0.8 6 3.4000000000000004 0 2.8000000000000003 5.2 0 5.4 2.2 2.8000000000000003 2 1 0.2 10.4 0 0 0 0 0 0 0 0 0 10 0 0 0 0 0 0 0 0.2 0 0 0 0 0 0 0 0 0 0 0 0 0.2 0 0 0 0 0 0 0 0 0 0 0 0 0 0 0 0 0 0 0 0 1.2000000000000002 0 0 0 0 0 0 8.8 4.800000000000001 7.4 2.6 3 2 0.2 0 0 0 1.6 2.6 3.4000000000000004 3.4000000000000004 6.800000000000001 4.2 0 0 2.6 0.2 0 0 0 0 0 0 0 0 0 0 0 0 0 0 0 0 0 0.2 0 0 0 0 0 0 0 0 0 0 0 0 0 0 0 0 0 0 0 0 0 0 0 0 0 0 0 0 0 0 0 0 0 0 0 0.2 0 0 0 0 0 0 0 0 0 0 0 0.4 11.4 0 18.6 0 0.4 1 0 0 0 0 0 0 0 0 0 0 0 0 0 0 0 0 0 0 0 0 0 0 0 0 0 0 0 0 0 0 0 0 0 0 0 0 0 0 
 80.4 0 82.60000000000001 33.6 52.6 22.8 85.80000000000001 49 27.400000000000002 24.8 16.2 41 33.2 95.4 58 9.8 16.6 10.600000000000001 10 52.800000000000004 0 0.4 0.4 0.6000000000000001 0 0 0 0 0 0 0 0 9.4 0.6000000000000001 0 0 0 0.6000000000000001 15.600000000000001 0 0 0 0.6000000000000001 0 0 5 0.8 0.2 0.4 0 0 0 0 0 0.2 0 0 0 0 0.4 0 0 6.6000000000000005 0.4 0.2 0 0 0 1.2000000000000002 0 0 0.6000000000000001 0 0 0 0 0.4 0.6000000000000001 0 0 0 3.6 8 3.8000000000000003 0.2 10.4 2.6 11.600000000000001 4.6000000000000005 0 0.2 0 0 3 3.6 6.2 2.2 3.2 0 1.8 0.2 0.2 0 0 0 0 8 0 0.2 0 0 0.2 3.6 0 4 0 0 0 5.800000000000001 5.800000000000001 0 0 0 0 0 0 0 0 0 0 0 0 0 0 0 0 0 0 0 0 0 0 0 0 0 0 0 0 0 0 0 0 0 0 0 0 0 0 0 0 2.2 2.6 2.2 0 4.6000000000000005 1.4000000000000001 0 1.4000000000000001 2.6 1.8 2.8000000000000003 0 0 0 3.4000000000000004 2 4.4 3.8000000000000003 0 2.4000000000000004 0 0 0 0 0 0 0 2.6 0 0 0 0 0.2 0.2 0 0 0 0 4.2 4.4 2.2 0 0 0 0 0 0 0 0 0 3 0 0 0 0 0 0 0 0 0 0 0 0 0 0 0 0 0 0 0 0 0 0 0 0 0 0.4 0 0 0 0 4 0 0 0 0.2 0 0 17.6 0 1.2000000000000002 0.8 0 0 0 0 0 0 0 0 0 0 0 0 0 0 0 0 0 0 0 0 0 0 0 0 0.4 0 0 0 0 0 0 0 0 0 0 0 0 13 
 32.6 82.60000000000001 0 45.2 60.800000000000004 32.6 34.2 59.400000000000006 59.6 42.6 28.8 21.400000000000002 10.600000000000001 13.600000000000001 64.60000000000001 7.800000000000001 50.6 8 29 17 14.8 0.8 0.4 0.6000000000000001 1 0 4.6000000000000005 0 0 0 0 0.4 13 0.6000000000000001 0.4 0 0.2 1.4000000000000001 25 0 0.4 0 0.6000000000000001 0 0 0 0.6000000000000001 0.6000000000000001 6.2 0.4 0 0.6000000000000001 0.4 0 0 0 0.4 0 0 0 0 0 0 0.4 0 0 0 0 0.6000000000000001 0 0.4 0.6000000000000001 0 0 0 0 0.6000000000000001 0 0 0 0.2 0 2.4000000000000004 7.800000000000001 2 1.8 0 0.2 11.4 4 0.2 3.2 0 0 3.2 1.8 2.8000000000000003 0 0 1.4000000000000001 0.2 0 0 0 0 0 2.2 0 0 0 0 0 0.4 0 1.6 3 0 0 2.8000000000000003 3.8000000000000003 0.2 0 0 0 0 0 0 0 2 0 0 0 0 10.4 0 0 0 0 0 0 0 0 0 0 1.4000000000000001 0 0 0 0 0.2 0 0 0 0 0 0 0 0 0 0 0 0 5.2 4.2 1.6 2.2 0 2.8000000000000003 8.4 0.4 0 6.4 3.4000000000000004 3.6 0.2 2.8000000000000003 0.2 6.2 0 4.2 0 0 0 0 0 0 0 2.4000000000000004 0 0 0 0 0.2 0 0 0 0 0 4.2 3.8000000000000003 0 0 0 0 0 0 0 0 0.8 0 0 0 0 0 0 0 0 0 0 0 0 0 0 0 0 0 0 0 0 0 0 0 0 0 0 0 0 0 0 0 0 2.2 0 0 0 0.2 0.6000000000000001 0 0 0 4 0.8 0 0 0 0 0 0 0 0 0 0 0 0 0 0 0 0 0 0 0 0 0 0 0 0.2 0 0 0 0 0 0 0 0 0 0 0 0 0 0 
 27.6 33.6 45.2 0 55 25.6 65.4 25.400000000000002 35.4 36.800000000000004 39.400000000000006 49.2 28.400000000000002 25.400000000000002 34.4 48 8.200000000000001 42 35.4 19.400000000000002 0 0.4 0.4 1 0 0 0.2 0 0 0 0.2 0 12.600000000000001 0.6000000000000001 0 0 0 0.6000000000000001 17 0 0 0 0.6000000000000001 0 0 0 0.6000000000000001 0 0.4 0 0 0 0 0 0.2 0 0 0 0 0.2 0 0 0 0.4 1.2000000000000002 0 0 0 0.6000000000000001 0 0 0.6000000000000001 0 0 4 0 0.4 0.6000000000000001 0 0 3.6 2.2 7.2 5.2 1.8 4 0 1.6 6.800000000000001 0 4.2 2 3.4000000000000004 0 0 3.8000000000000003 4.800000000000001 7.4 2.8000000000000003 3.2 1.8 0 0 0.2 0 0.2 2 0 1 0 0 0.2 0 0 9.200000000000001 0 0.4 0 0.2 6 0 0 3 0 0 0 0 0 3 0 0 2.2 0 0 0 0 0 0 0 0 0 0 0 0 0 0 0 0 0 0 0 0 0 0.4 0 0 0 0 0 0 4.4 0 2 3.8000000000000003 1.6 4.6000000000000005 0 5.4 2.2 3.2 9.600000000000001 13 0 0.2 6.2 11 0 6.800000000000001 0 0 0 0 0 0 0 0 0.2 0 0 0.6000000000000001 0 0 1.8 0.6000000000000001 0 0 0 0 7.4 0.4 0 0 0 0 0 0 0 0 0 0 0 0 0 0 0 0 0 0.4 0 0.4 0 0 0 0 0 0 0 0 0 0 0 0 0 0 0 0 0 0.4 0 0 0 0 0 0 0 0.2 17.8 0 0.2 0.4 0 1 2.2 0 0 0 0 0 0 0 0 0 0 0 0 0 0 0 0 0 0 0 0 0 0 2.6 0 0 0 0 0 0 0 0 0 0 0 0 0 0 
 47.400000000000006 52.6 60.800000000000004 55 0 111.60000000000001 10.200000000000001 51 80 33.6 50.6 17.400000000000002 33.6 37.6 16.400000000000002 85.60000000000001 87.4 10 13.600000000000001 58.6 2 15.4 0.4 0.6000000000000001 0 0 16.2 0.4 0 0 0.2 0 40.800000000000004 0.6000000000000001 0 0.2 14.4 0.6000000000000001 14.600000000000001 15.200000000000001 12.4 0 0.6000000000000001 0 0 0 0.6000000000000001 0 0.4 0 0 0 0 0 0 0 0 0 0 0.2 0 0 0 0.4 0.4 0 0 0 0.6000000000000001 0 0 0.6000000000000001 0 0 1.2000000000000002 0 0.6000000000000001 0.6000000000000001 0 0 1.4000000000000001 2.2 7.6000000000000005 0 0 10.200000000000001 0 2.8000000000000003 4.4 0.6000000000000001 2 0 0.2 0.2 7.6000000000000005 4 6.4 0.2 0 1.6 4 0 1.8 0 0 0 6.6000000000000005 3 2.4000000000000004 0 0 0 1.6 0 0 0 2 0 2.6 1.6 0 0 0 0 0 0 0 0 0 0 0 0 0 0 0 0 0 0 0 0 0 0 0 0 0.2 0 0 0 0 1.8 0 0.2 0 0.6000000000000001 0 0 0 0 0 0 0 0 6.4 2.4000000000000004 2 0 1.6 0.2 0.4 0 2.2 5 0 0 4 0.2 2 8.4 0 0 2 0 0 0 0 0 2.4000000000000004 1.4000000000000001 0 0 0 0 1.4000000000000001 0.2 0 0 0 0 0.4 4 0 0 0 0 0 0 0.2 0 0 0 0 0 0 0 0 0 0.2 0 0 0 0 0 0 0 0 0 0 0 0 0 0 0 0 0 0 0 0 0 0.4 2.6 0 0 0 0 0 1.4000000000000001 1 0 0.6000000000000001 0.4 4.2 1.4000000000000001 0 0 0 0 0 0 0 0 0 2.6 0 0 0 0 0 0 0 0 0 0 0 0 0 2.2 0.2 0 0 0 0 0 0 0 0 0 0 0 0 0 
 49.800000000000004 22.8 32.6 25.6 111.60000000000001 0 8.4 69.2 41.6 13.8 15.600000000000001 29.400000000000002 31.400000000000002 25.6 12 33.4 73.8 12.600000000000001 46.800000000000004 11.600000000000001 5.6000000000000005 16.6 0.8 1 0.8 0 16.400000000000002 0.4 15 0 1 0 33.800000000000004 16.400000000000002 0.2 15.8 4.2 1 19.200000000000003 15.600000000000001 0.6000000000000001 0.4 0.6000000000000001 0 0 0 0.6000000000000001 0 0.4 0 0 14.200000000000001 0.6000000000000001 0.6000000000000001 0.4 1 0.8 2 0 0.2 0 0 0 1 0.2 1 0.6000000000000001 0.8 0.6000000000000001 0.4 0 1 0.2 0 0.2 0 0.6000000000000001 0.4 0 0.2 0 0 0 0 3.2 0 0 0.2 0 2 3.2 1.8 0 0 3.8000000000000003 0 2 0 0 0 0.2 2.6 0 2.4000000000000004 0 0 2.6 4.800000000000001 0.8 0 0 0 6.4 2.8000000000000003 0.2 0 5.6000000000000005 0 0 8.6 0.4 0 0 0 0 0 0 0 0 0 0 0 0 0 0 0 0 0 0 0.2 0 0 0 0 0 0 0 0 0 1.4000000000000001 0 1.8 4 0 0 0 0 0 0 0 0 0 3.4000000000000004 2.8000000000000003 5.4 2.4000000000000004 0 0 0.4 0 0 8 0 0 3.2 0 0 1.8 0 0.4 2.8000000000000003 0 0 0 0 0.2 5 5 0 0.2 4 0 2.2 2.2 3.8000000000000003 1.8 1.8 0 2.2 5.6000000000000005 0 0 0 0 0 0 0.6000000000000001 0 0.4 0 0 0 0 0 0 0 0.2 0 0 0 0 0.2 0 0 0 0 0 0 0 0 0 0 0 0 0 0 0 0 0.4 0 0 0 0 0 0.2 0 9.600000000000001 0 0.6000000000000001 18.8 0.2 0 0.6000000000000001 0 0 0 0 0 0 0 0 0 0 0 0 0 0 0 0 0.4 0 0 0 0.4 0 3.4000000000000004 0 0 0 0 0 0 0 0 0 0 0 0 0 0 
 36.6 85.80000000000001 34.2 65.4 10.200000000000001 8.4 0 22.6 44.6 18.400000000000002 24.6 8.6 48.800000000000004 13.600000000000001 66.2 34.800000000000004 23.400000000000002 25.200000000000003 73.2 57.400000000000006 0 1 0.8 0.6000000000000001 0 0 0 0.6000000000000001 0.6000000000000001 0 1 0 0.6000000000000001 0.8 0.4 0.2 0.2 0.6000000000000001 0 0.4 0.2 0.2 1.2000000000000002 1.2000000000000002 2.8000000000000003 0.2 0.8 9.600000000000001 0.4 0.6000000000000001 0 0.8 0.8 0.2 1.4000000000000001 0.8 1.4000000000000001 0.4 0.4 0.8 0 8 0 0.4 0.6000000000000001 0 0.6000000000000001 0 1.2000000000000002 0 1 1.2000000000000002 0.6000000000000001 0 0 0 0.8 0.8 0 0 12.4 0.4 5 4 1.6 11.200000000000001 5.2 12.4 6.2 0 0 0 0 3 0 4.2 0 6.2 3.4000000000000004 2.2 2.4000000000000004 0 0 0 0 0 3.6 0 0 2.2 0 0 2 0 0 0 0 0 2 0.2 0 0.4 0 0 0 0 0 0.2 0 0 0 0 0 0 0 0 0 0 0 0 0 0 0 0 0 0 0 0 0 0.6000000000000001 0.4 0 0 0 0 0 0 0.4 0 0 5.6000000000000005 4.6000000000000005 0 2 0 0 0 1.2000000000000002 2.8000000000000003 2.2 11 3 2.6 0 2 0 3.4000000000000004 4.2 0.2 2.6 0 0 0 0 0 0 0 0.2 0 0 0 0.8 0 0 0 0 0 0 0 0 2.2 0 0 0 0 0 0 0 0 0.2 0 0 0 0 0 0 0 0 0 0 0 0 0 0.2 0 0 0 0 0 0 0 0 0 0 0 0 0 0 0 0 0 0 0 0 0 0.4 18.8 0.4 0.4 0.4 0 0.8 0 0 0 0 0.2 0 0 0 0 0.4 1.4000000000000001 0.2 0 0 0 0 0 0 0 0.4 0 0 0 0 0.2 2.6 0 0 0 0 0 0 0 0 0 0 0 0 
 75.2 49 59.400000000000006 25.400000000000002 51 69.2 22.6 0 98.2 60.6 35.4 41 35.4 95.4 26.6 23.400000000000002 25.200000000000003 25.6 53.2 55 0 0.4 0.4 0.6000000000000001 0 0.2 0 0 2.6 0 0.4 0 0.4 0.6000000000000001 0 0 0 0.6000000000000001 0.4 0 0 0 1.4000000000000001 0 0 0 0.6000000000000001 0.6000000000000001 0.8 12.600000000000001 0 0 0.4 0.6000000000000001 0.2 0 0.8 0 0 0 0 0.2 0 0.8 0 0.6000000000000001 0 0 1.4000000000000001 0.6000000000000001 0 0.6000000000000001 0 0 0 0 0.6000000000000001 0 0 0.8 3.4000000000000004 6.6000000000000005 8 2.8000000000000003 0 7 0 4.6000000000000005 6.6000000000000005 0.2 0 4.6000000000000005 0.8 0 1.4000000000000001 5.6000000000000005 6.2 1.8 1.8 5 0.2 0 0 0 0 0 3.2 0 0 0 0 0 1.6 0 0 0 0 0 2 5.6000000000000005 0 0 0 0 0 0 0 0 3 0 1.2000000000000002 0.4 0 0 0 0 0 0 0 0 0 0 0 0 1 0 0 0 0 0 0 0 0 0 0 0 0 0 0 0 0.6000000000000001 0.4 0 6.2 16 1.6 2.4000000000000004 1.2000000000000002 10.600000000000001 3.6 3.4000000000000004 3.4000000000000004 3.2 5.4 3.6 2.2 1.4000000000000001 3.2 2 0 0 0 0 0 0 0 0 2.2 0 0 0 0 0.2 0 0 0 0 0 0 5.2 0.2 0 0 0 0 0 0.4 0 0 0 4.4 0 0 0 0 0 0 0 0 0 0 0 0 0 0 0 0 0 0 0 0 0 0 0 0 0 0.6000000000000001 0 0 0 0 0 0 0 0 0.2 19 0 18.6 0 0 0.8 0 0 0 0 0 0 0 0 0 0 0 0 0 0 0 0 0 0 0 0 0 0 0 0 0.2 0 0 0 0 0 0 0 0 0 0 0 0 0 
 24.400000000000002 27.400000000000002 59.6 35.4 80 41.6 44.6 98.2 0 90.80000000000001 23.8 27 12.600000000000001 80 57.400000000000006 28.6 44 71.8 20.8 30.400000000000002 15 0.8 0.4 1 0 0 22.6 0 0 0 0 0 0.2 17.400000000000002 0 0 0.4 1 17.8 0.6000000000000001 0 0.4 0.6000000000000001 0.6000000000000001 0.2 0 0.6000000000000001 0 1 0 0 0 0 0 1.2000000000000002 0 0.4 0 0.8 0 0 0 0 0.4 0 0 0 0 0.8 0 0 0.6000000000000001 0 0 0 0 0.6000000000000001 0.4 0 0 5.4 2 2 0.2 2.4000000000000004 9.200000000000001 0.2 4.4 3.8000000000000003 4.800000000000001 4.4 7 0 0 0 0 5.2 3.8000000000000003 0 1.4000000000000001 2.4000000000000004 0 0 0 0 0 2 1 0 0 0 0 1.8 1.2000000000000002 0 3.4000000000000004 0.2 0 3.6 0.2 0 0 0 0 0 0 0 0 5 0 0 0 0 0 0 0 0 0 0 0 0 0 0 0 0 0 0 0 0 0 0 0 1.8 0.4 0 0 0 0 0 0 3 2.4000000000000004 1.8 4.4 0 0 0 2.2 0.2 0 5.2 5.800000000000001 2.6 0.4 2 0 0 3.4000000000000004 0.2 0 0 0 0 0 0 0 0 2.6 0 0 0 0 1.8 1.4000000000000001 6.6000000000000005 0 0 1.4000000000000001 0.8 3.4000000000000004 0 0 0 0 0 0 0 0 0 0 0 0 0 0 0 0 0 0.4 0 0.4 0 2.2 0 0 0 0 0 0 0 0 0 0 0 0 0 0 0 0.4 0 0 0 0 0 0 0 0 4.2 0 0 0 2 0.6000000000000001 0 0 0 0 0 0 0 0 0 0 0 0 0 0 0 0 0 0 0 0 0 11.200000000000001 0 2.6 2.8000000000000003 0 0 0 0 0 0 0 0 0 0 0 0 0.4 
 4.6000000000000005 24.8 42.6 36.800000000000004 33.6 13.8 18.400000000000002 60.6 90.80000000000001 0 34.800000000000004 9.8 31.6 15.200000000000001 22.6 34.4 25.6 17.6 16.6 10 0 0.4 0.4 0.8 0 0 15.600000000000001 0.2 0 0 0.4 0.2 1.4000000000000001 0.6000000000000001 0 0 0.8 0.6000000000000001 15 3.6 0 0 0.6000000000000001 0 0 0 0.6000000000000001 0.6000000000000001 0.8 0 0 0 0.4 1.8 0 0 1.8 0 0 0.2 0 0 0 0.8 0.6000000000000001 0.8 0 0.8 0.6000000000000001 0.6000000000000001 0 0.6000000000000001 0 0 0.4 0 1.2000000000000002 0.6000000000000001 0 0.4 0 0 5.800000000000001 2.2 2.8000000000000003 5.2 0 3.4000000000000004 4.6000000000000005 0 1.8 0.4 0 0 0 6.2 2 0 0 3.2 6.4 0 0 0 0 0 16.8 2.8000000000000003 4.4 0 0 0 6.6000000000000005 4 2.4000000000000004 0.2 0.4 0 3.6 3.2 0 0 0 0 0 0 0 0 2 0 0 0 0 0 0 0 0 0 0 0 0 0 0 0 1.8 0 0 0 0 0.2 0.4 0 0 0 0 0 0 0.2 0 0 0 0 0 0 3.2 3.6 0 2 3.8000000000000003 6.6000000000000005 0 2.2 0 0 0 9.200000000000001 3.4000000000000004 2 0 0 0 0 0 0 0 0 1.8 7.2 0 0 0 0 2 0 0 0 3.8000000000000003 0 7.800000000000001 3 0 0 0 0 0 0 0 0 0 0 0 0 0 0 0 0 0 0 0 0 0 0 0 0 0 0 0 0 0 0 0 0 0 0 0 0 0 0 0 0 0 3 5.2 0 0 0 0.2 0.4 0.2 17.8 2.8000000000000003 0.4 2.2 0 0 0 0 0 0 0 0 0 0 0 0 0 0 0 0 0 0 0 0 0 0 0 0.2 0 0 0 0 0 0 0 0 0 0 0 0 0 
 19 16.2 28.8 39.400000000000006 50.6 15.600000000000001 24.6 35.4 23.8 34.800000000000004 0 23 25 101.2 37.800000000000004 65.2 39 15.200000000000001 21 9 0 0.4 0.4 0.6000000000000001 0 0 0 0 0 0 0 0.4 3.4000000000000004 0.6000000000000001 0.4 0 0 0.6000000000000001 6.4 0 0 0 0.6000000000000001 0 0 0 0.6000000000000001 0 0.4 0 0 0 0 0 1.2000000000000002 0 0 12.4 0 0 0 0 0 0.4 2 0 0 0 0.6000000000000001 9.200000000000001 0 0.6000000000000001 0 0 0.8 0 0.6000000000000001 0.4 0 0 9 9.4 12 2 3.4000000000000004 5.2 0 1.6 0 0.2 3 0 0 3.6 2.6 11.600000000000001 6.4 6 0 6 2.6 0 0 0 0 0 2.4000000000000004 0 0 0 0 0 0 0 0 0 0 0 0 2 0 0 0 0 0 0 0 0 0 0 0 0 0 0 0 0 0 0 0 0 0 0 0 0 0 0 0 0 0 0 0.8 0 0 0 0 0 0 0.6000000000000001 0 0 2.8000000000000003 1.8 0.2 4 2 0 0 0 0 0.2 8.200000000000001 3.6 1.8 0 7.6000000000000005 3 3 0 0 0 0 0 0 0 0 0 0 2 0 0 0 0 2 0 0 0 0 0 3 2.6 0 0 0 0 0 0 0 0 0 0 0 0 0 0 0 0 0 0 0 0 0 0 0 0 0 2.6 0 0 0 0 0 0 0 0 0 0 0 0 0 0 0 0 0 0 0 0.4 11 0 17.8 0 0.4 0.6000000000000001 2.2 0 0 0 0 0 0 0 0 0 0 0 0 0 0 0 0 0 0 0 0 0 0 3.6 0.2 2.6 0 0 0 0 0 0 0 0 0 0 0 0 
 34.6 41 21.400000000000002 49.2 17.400000000000002 29.400000000000002 8.6 41 27 9.8 23 0 6.2 38.6 40.6 46.400000000000006 50 21.6 10.200000000000001 5.2 5.6000000000000005 1.6 0.4 1 0 0 15.200000000000001 0 0.4 0 0 0.6000000000000001 15.200000000000001 5.6000000000000005 0.4 0 0 8.4 21.400000000000002 1.4000000000000001 0.4 0 0.6000000000000001 0 0 0 0.6000000000000001 0 0.4 0 0 0 0 0 0.2 0 0.4 0 0 0.6000000000000001 0.4 8.6 0 0.6000000000000001 0 0 0.8 8.200000000000001 1 0.2 0 0.6000000000000001 0.2 0 0 0 1.4000000000000001 0.6000000000000001 0 0.8 3 1.8 2.8000000000000003 3.4000000000000004 3 5.6000000000000005 0 1.8 0.2 3.4000000000000004 3 0 0 1.8 9.4 1.8 8.8 1.2000000000000002 0 0.2 0 0 0 0 0 0 0 0.2 0.4 0 0 0 8.6 5.6000000000000005 2 0 0 2 0.2 6.2 0 0 0 0.4 0 0 0 0 3.2 0 0.2 0 0 0 0 0 0 0 0 0 0 0 0 0 0 0 0 0 0 0 0 4.6000000000000005 2 0 0 0 0 0 0 0 0 0 2.8000000000000003 2.6 6.800000000000001 1.6 0.2 0 0 0 2.6 4.2 0 0 3.4000000000000004 0 1.4000000000000001 1.6 0 0 0 0 0 0.2 0 0 2 2.4000000000000004 0 0 4.2 0 4.4 7.6000000000000005 9.600000000000001 3.4000000000000004 2.6 0 8.4 3.2 0 0 0 0 0 0 0 0 0 0 0 0 0 0 0 0 0 0 0 0 0 0 0 0.2 0 0 0 0 0 0 0 0 0 0 0 0 0.4 0 0 0 0 0 0 0 0 0 17.400000000000002 0.4 9.200000000000001 17.8 0 1.4000000000000001 0 0 0 0 0 0 0 0 0 0 0 0 0 0 0 0 0 0 0 0 0 0 2.2 6.4 3.8000000000000003 0 0 0 0 0 0 0 0 0 0 0 0 0 
 68.4 33.2 10.600000000000001 28.400000000000002 33.6 31.400000000000002 48.800000000000004 35.4 12.600000000000001 31.6 25 6.2 0 16.400000000000002 47.2 24 9.600000000000001 25.8 33.6 31.200000000000003 0 0.4 0.4 0.6000000000000001 0 0 0.4 0 0.4 0 0 0 0.6000000000000001 0.6000000000000001 0 0.4 0.4 0.8 0 0 0 0 1.6 0 0 0 0.6000000000000001 0.2 0.6000000000000001 0 0 0.2 0 0.6000000000000001 0 0 0.6000000000000001 0 0 13.600000000000001 0 0 0 0.4 0 0.4 0 0.4 0.6000000000000001 0 0 0.6000000000000001 0 0 0 0 0.4 0.6000000000000001 0 0 9.4 4 5.800000000000001 3.6 0 1.4000000000000001 0 5.4 2.6 5.800000000000001 3.6 4.2 4.2 8.8 3.2 10.8 0.2 2.8000000000000003 3.6 9 0 0 0 0 0 0 0 0 0 0 0 0 0 0 0 0 0 0.4 0.4 0 0 0 3.4000000000000004 0 0 0 0 0.2 0 0 0 0 0 0 0 0 0 0 0 0 0 0 0 0 0 0 0 0 0 0 3 0 0 0 0 0 0 0 0 0 3.6 0.8 5.2 2.8000000000000003 0 1.6 0 3.6 3.2 0 0 0 0.4 6.2 6.4 2.6 0 0 7.4 2.2 0 0 3.8000000000000003 0 0 0 0 0 0 0 0 0 0 0 0 0 0 0 0 0 0 0 0 0 0 0 0 0 0 0 0 0.4 0 0 0 0 0 0 0 0 0 0 0 0 0 0 0 0 0 0 0 0 0 0 0 0 0 0 0 0 0 0 0 0 0 0.4 0.4 0 0.2 0 0 0.4 0 0 0 0 0 0 0 0 0 0 0.2 0 0 0 0 0 0 0 0 0 0 0 0 0 0 0 0 0 0 0 0 0 0 0 0 0 0 0 
 63.2 95.4 13.600000000000001 25.400000000000002 37.6 25.6 13.600000000000001 95.4 80 15.200000000000001 101.2 38.6 16.400000000000002 0 53.800000000000004 34 22.8 27.400000000000002 18 16.6 0 0.8 0.4 0.6000000000000001 0 0.2 0 0 0 0 0.4 0 0 0.6000000000000001 0 0 0 0.6000000000000001 0 0 0 0 0.6000000000000001 0 0 0 0.6000000000000001 0.6000000000000001 0.8 0 0 0 0.4 0.6000000000000001 1 0.2 0.8 0 0 0 0 0 0.2 0.8 10.200000000000001 0 0 0 1.4000000000000001 0.6000000000000001 0 0.6000000000000001 9.8 0 0 0 0.6000000000000001 0.2 0.2 0 4 1.8 2.8000000000000003 0 0 7.800000000000001 2.2 5.800000000000001 0 7.6000000000000005 0.2 2.2 2.6 2.2 4 4 2.2 2.2 2.8000000000000003 2.6 0 0 0 0 0 0 0 0 0 0.4 0 0 0 0 0 0 0 0 0 2.8000000000000003 0 0 0 0 0 0 0.2 0 0 0 0 0 0 0 0 0 0 0 0 0 0 0 0 0 2 0.4 0 0 0 0 2.4000000000000004 0 0 0 0 0 0 0.4 0 0 0.2 0.2 0.2 4.6000000000000005 3.8000000000000003 0 1.8 0 1 0 3 5 3 0 4.6000000000000005 0 3.8000000000000003 1.8 2.4000000000000004 2.6 0 0 0 0 0 0 0 0 0 0 0 0 0.4 0 0 0.4 0 0 0 0 0 0 0 0 0 0 0 0 0 0 0 0 0 0 0 0 0 0 0 0 0 0 0 0 0 0 0 0.4 0 0 0 0 0 0 0 0 0 0 0 0 0 0 0 0 0 0 17.8 0 9.200000000000001 0 0 1 0 0 0 0 0 0 0 0 0 0 0 0 0 0 0 0 0 0.2 0 0 0 0 0 0 0 6 0 0 0 0 0 0 0 0 0 0 0 0 
 23 58 64.60000000000001 34.4 16.400000000000002 12 66.2 26.6 57.400000000000006 22.6 37.800000000000004 40.6 47.2 53.800000000000004 0 48.800000000000004 65.2 26.6 76 38.6 0 0.4 0.4 0.6000000000000001 0 0.6000000000000001 0 0 0.6000000000000001 0 0.2 0 0.4 1 0.4 0 1 0.6000000000000001 0 0 0 0 0.6000000000000001 0 0 0 1 0 0.4 0 0 0 10.4 0.4 1.2000000000000002 0 0 0.4 0 0 0 0 0 0.4 0.6000000000000001 0 0 0 0.6000000000000001 0 0 0.6000000000000001 0 0 0 0 0.6000000000000001 0.2 0 0 11.200000000000001 4.6000000000000005 0.2 5 0 0.2 1.4000000000000001 6.6000000000000005 3 6.800000000000001 5 0 2.4000000000000004 3.2 0.2 3 2.6 9.4 2 0 0 0 0 0 0 0 3.8000000000000003 0 0 0 0 0 2.2 0 0.2 0 0 0 7.6000000000000005 0 0 0 0 0 0 0 0 0 0 0 0 0 0 0 2.6 0 0.2 0 0 0 0 0 0 0 0.4 0 0 0 0 0 0 0 0 0.4 0 0 0 0 0 0 8.8 4.6000000000000005 11.600000000000001 10.600000000000001 8.6 2.2 0.2 3.6 0 0.4 6.4 7.2 6 4.800000000000001 14.200000000000001 4.4 0 5.2 2.6 0.2 0 0 0 0 0 0 0 0 0 0 0 0 0 2.8000000000000003 2.6 0 0 0 2.2 0 0 0 0 0 0 0 0 0 0 0 0 0.2 0 0 0 0 0 0 0 0 0 0 0 0 0 0 0 0 0 0 0 0 0 0 0 0 0 0 0 0 0 0 0 0 0 0.2 3.2 0.2 19 0 0 0.4 0 0 0 0 0 0 0 0 0.2 0 0 0 0 0 0 0 0 0 0 0 0 0 0 0.6000000000000001 4 0 0 0 0 0 0 0 0 0 0 0 0 0 
 48.2 9.8 7.800000000000001 48 85.60000000000001 33.4 34.800000000000004 23.400000000000002 28.6 34.4 65.2 46.400000000000006 24 34 48.800000000000004 0 36.800000000000004 57.2 52.800000000000004 8.4 0.8 0.8 1 1 0.2 0.4 0.2 0.2 0 0.2 0.2 0.4 15 1 0.4 0.4 0.4 1 22.200000000000003 0 0 0 1 0.4 0 0.2 3.8000000000000003 0 0.6000000000000001 0 0.2 0.2 0 0.4 0.8 0.4 0.4 0.4 0 1 0.4 0 0 1.4000000000000001 1.8 0.4 0 0 0.6000000000000001 0 0 1 0 0 2.2 0.4 0.6000000000000001 1 0 0.4 0 0.2 0.2 3.8000000000000003 1 2.8000000000000003 0.4 2 0 0 3.8000000000000003 0 0 0 0 5.6000000000000005 2.8000000000000003 5.2 0 0 0.6000000000000001 1.2000000000000002 0 0 0 0 5.6000000000000005 0 2.2 0 0 0.2 0 0 2.2 0 0.2 0 0 5 0 0 0 0 0 0 0 0 0 0 0 0 0 0 0 0 0 0 0 0 0 0 0 0 0 0 0 0 0 0 1.2000000000000002 0 0 0 0 0 0 0.8 0 0 0 0 0 8.6 3 0 0 0 0 2.8000000000000003 9.8 2.8000000000000003 0 1 4 3.4000000000000004 2.2 2.6 0 0 0 0 0 0 0 0 0 0.2 0 0 0 0 4.4 0 0 0 0 0 5 0.4 0 0 0 0 0 0 0 0 0 0 0 0 0 0 0 0 0 0.4 0 0 0 0 0 0 0 0 0 0 0 0 0 0 0 0 0 0 0.6000000000000001 0 0 0 0 0 0 0 0 0 23.8 0 0.6000000000000001 0.8 0.4 0.2 3.2 0.4 0 0 0 0.2 0 0 0 0 0 0 0.4 0 0 0 0 0 0 0 0 0 0 0 0 2.8000000000000003 0 0 0 0 0 0 0 0 0 0 0 0 
 48 16.6 50.6 8.200000000000001 87.4 73.8 23.400000000000002 25.200000000000003 44 25.6 39 50 9.600000000000001 22.8 65.2 36.800000000000004 0 43.800000000000004 22.6 23.200000000000003 19 0.4 0.4 0.6000000000000001 0 0 7.800000000000001 0.2 0 0 0 13.200000000000001 4.2 0.6000000000000001 0 0 0 0.6000000000000001 14.8 0 0 0 0.6000000000000001 0 0 0 0.6000000000000001 0 0.4 0 0 0 0 0 0 0 0.4 0 0 0 0 0 0 0.4 0 0 0 0 0.6000000000000001 0 0 0.6000000000000001 0 0 0.4 0 0.6000000000000001 0.2 0 0 0 0 0 2.8000000000000003 4 0 0 5.4 0 3.8000000000000003 2.6 8.6 2 0 3.2 1.8 4.6000000000000005 2.6 2.6 4 2.4000000000000004 0 0 0 0 0 5.6000000000000005 0.2 0 0 0 0 2.6 0.2 0 3 0 0.2 6.800000000000001 3.4000000000000004 0 0 0 0 0 0 0 0 0 0 0 0 0 0 0 0 0.2 0 0 0 5.6000000000000005 0 0 0 2.4000000000000004 1.4000000000000001 0 0 0 0 0.4 0 0 0 0 5.6000000000000005 0 0.8 0 0 0 0.2 1.8 6.800000000000001 7.800000000000001 0 1.8 2 0.6000000000000001 0.4 2.2 2.4000000000000004 2.6 1.6 0.4 0 1.2000000000000002 1.6 0 0 0 0 0 0 0 0 0 3.6 0 0 0 0.2 0 1.8 0 0 0 0 5 3.4000000000000004 1.4000000000000001 0 0 0 0 0 0 0 0 0 0 0 0 0 0 0 0 0 0 0 0 0 0 0 0 0 0 0 0 0 0 0 0 0 0 0 0 0 0 0 0 2 0 0 0 0.2 0.2 0 0 0.2 1.8 1 0 0.4 0 0 0 0.2 0 0 0 0 0 0 0 0 0 0 0 0 0 0 0 0 0 0 1.6 2 0 0 0 0 0 0 0 0 0 0 0 0 
 17.8 10.600000000000001 8 42 10 12.600000000000001 25.200000000000003 25.6 71.8 17.6 15.200000000000001 21.6 25.8 27.400000000000002 26.6 57.2 43.800000000000004 0 5.800000000000001 16 0 1.2000000000000002 0.4 0.6000000000000001 0 0.2 0 0.2 0 0 0 0.4 0.4 0.6000000000000001 0.2 0.8 0.8 1.8 16 0 0 0 0.6000000000000001 0 0.4 0 0.6000000000000001 0 0.4 0 0 0 0 0 2.2 1.2000000000000002 12.4 0 0 0.2 0 0 0 0.4 0.2 0 0 0 0.6000000000000001 0 0 0.6000000000000001 0 0.6000000000000001 0.2 0 0.6000000000000001 0.6000000000000001 0 0 2 0 0 8.6 0.4 0.2 0 1.4000000000000001 2.2 0 11.200000000000001 0 1.4000000000000001 0 0 5.4 2.4000000000000004 9.600000000000001 2.8000000000000003 6.4 2 0.2 0 0 0 0 0.4 0 2 0 0 0.2 1 2.6 2.2 0 0 0 0.4 3.2 0 0 0 0 0 0 0 0 0.4 0 0 0 0 0 0 0 0 0 0 0 0 0 0 0 0 0 0 0 0 0 1 0 0 0 0 0 0 0.8 0 0 8.200000000000001 2.4000000000000004 2.2 6.6000000000000005 2.8000000000000003 2.2 0 5 0 1.8 6.6000000000000005 2.4000000000000004 2.2 0.2 5.4 15.4 4.800000000000001 3.6 0.2 0 0 0 0 0 0 0 1.4000000000000001 2 0 0 2 0 2 1.8 0 0 0 0 5.6000000000000005 0.4 0 0 0 0 0 0 0 0 0 0 0 0 0 0 0 0 0 0.4 0 0.4 0 4.2 0 0 0 0 1.4000000000000001 0 0 0 0 0 0 0 0 0 0 0.4 0 0 0 0 0 0 0 0.6000000000000001 0.2 0 0.2 17.6 0 2.4000000000000004 2.2 0 0 0 0 0 0 0 0 0 0 0 0 0 0 0 0 0 0 0 0 0 0 0 3.6 3 0 0 0 0 0 0 0 0 0 0 0 0 
 41.400000000000006 10 29 35.4 13.600000000000001 46.800000000000004 73.2 53.2 20.8 16.6 21 10.200000000000001 33.6 18 76 52.800000000000004 22.6 5.800000000000001 0 18.400000000000002 0 3.8000000000000003 0.6000000000000001 1 0 0 0 0 0 0 0 0 0 1 0.2 0 0.4 1 0 0 0 0 0.6000000000000001 0 0 0 0.6000000000000001 4.4 0.4 0 0 0 0 0 1 0 0 0 0 0 0 0 1 0.4 0 0 0 0 0.6000000000000001 0 0 0.6000000000000001 0 0 0 0 0.8 0.2 0 0 7.800000000000001 0 2.8000000000000003 0 0 0 11.8 4.6000000000000005 2.4000000000000004 0.6000000000000001 0 0 3.8000000000000003 12.600000000000001 0 2.6 0 4.4 0.4 2.8000000000000003 0 0 0 0 0 0 0 0 0 0 0 0 0 0 0 0 0 0 0 0.6000000000000001 0 0.2 0 0 0 0 0 0.4 0 0 0 0 0 0 0 0 0 0 0 0 0 0 0 0 0 0 0 0 0 0 0 0 0 0 0 0 0 0 0 0 7 2 0.6000000000000001 0 0 0 2.8000000000000003 0 0 0 0 0 2 5.2 1.8 0 0.4 0 0.4 2.6 0 0 0 0 0 0 0 0.2 0 0 0 0 0 0 0 0 0 0 0 0 0 0 0 0 0 0 0 0 0 0.4 0 0 0 0 0 0 0 0 1.4000000000000001 0 1.8 0 0 0.4 0 0 0 0 0 0 0 0 0 0 0 0 0 0 0 0 0 0 0 0 0 0.2 0.8 0 0 0.4 0.2 1.2000000000000002 0 0 0 0 0 0 0 0 0 0 1.2000000000000002 0 0 0 0 0 0 0 0 0 0 0 0 0 0 1.8 0 0 0 0 0 0 0 0 0 0 0 0 
 26.6 52.800000000000004 17 19.400000000000002 58.6 11.600000000000001 57.400000000000006 55 30.400000000000002 10 9 5.2 31.200000000000003 16.6 38.6 8.4 23.200000000000003 16 18.400000000000002 0 0 0.4 0.8 0.6000000000000001 0 0 0.2 0 0 0 0.2 0 0.4 0.6000000000000001 0.2 0 0 0.6000000000000001 0 0 0 0 0.6000000000000001 0 0.8 0 0.6000000000000001 0 0.4 0 0 0 0 0 0 0 1.2000000000000002 0 0.4 0 1.2000000000000002 0.4 1.2000000000000002 0.4 0 0 0 0 0.6000000000000001 0 0.8 0.4 0 0 0 0 0.6000000000000001 0.4 0 0 5.800000000000001 3.4000000000000004 0 6.4 0 0 3 6.2 7.2 2.4000000000000004 3.2 0 7 13.600000000000001 0 0.2 0 1.8 5.4 3 0 0 0 2.8000000000000003 0 0 0 0.6000000000000001 0 0.6000000000000001 0 0 0 0 0 0 0 0.2 2.4000000000000004 0 0 0 0 0 0 0 0 0 0 0 0 0 0 0 0 0 0 0 0 0 0 0 0 0 0 0 0 0 0 0 0 0 0 0 0 0 0 0 0 0 10.4 1.8 14.200000000000001 5.2 0 1.4000000000000001 0 10 0 0 7.6000000000000005 3.4000000000000004 3.2 6.4 7.2 4.800000000000001 0.2 2 2.2 0 0 0 0 0 3 0 0 0 0 0 0.2 0 0 0 0 0 0 0 0 0 0 0 0 0 0 0 0 0 0.4 0 0 0 0 0 0 0 0 0 0 0 0 0 0 0 0 0 0.4 0 0 0 0 0 0 0 0 0 0 0 0 0 0 0 0 0 0.4 0 0 0.4 0.4 0.2 0 0.6000000000000001 0 0 0 0 0 0 0 0 0 0 0 0 0 0 0 0 0 0 0 0 0 0 0 0 0 0 0 0 0 0 0 0 0 0 0 0 0 0 
 0 0 14.8 0 2 5.6000000000000005 0 0 15 0 0 5.6000000000000005 0 0 0 0.8 19 0 0 0 0 59.2 68.2 54.800000000000004 10.600000000000001 50 47 5.2 31.8 7.4 23.200000000000003 5.2 20.8 23.200000000000003 24.8 23.8 25.200000000000003 8 6.800000000000001 40.6 0 0 0 0 0.4 0 0.6000000000000001 0 0 1.6 0 0 0 1.2000000000000002 0.2 0 0 1 0.6000000000000001 12.600000000000001 0 0 0 0.6000000000000001 0.4 0 1.2000000000000002 0 0.6000000000000001 0.4 0 0 0.8 6.2 0 0.4 0.6000000000000001 0.6000000000000001 0.6000000000000001 0.6000000000000001 0 0 0 0 9.4 0 0 0 0 0 0 3.6 0 0 0 0 0 0 0 0 6.2 4.6000000000000005 6 2 0.4 0 1.2000000000000002 4.800000000000001 4.2 0.2 0.2 2.2 5.2 6.2 2.6 4 2 0.4 2 3 0 0 0 0 0 0 0 0 0 0 0 0 0 4.4 0 0 0 0 3 0 0 0 0 0 0 0 0 0 0 0.4 0 0 0 1.4000000000000001 0 0 0 0 0 0 0 0 0.2 0 3.2 2 0 0 0 0 0 2 0 0 0 0 0 0 0 0 11.200000000000001 2.4000000000000004 8.200000000000001 5.2 0 0 3.4000000000000004 1.8 0.2 0 10 4.2 0 0.4 3 9 5.6000000000000005 2 0 5.6000000000000005 0 0 0 0 0 0 0.2 0 0 0 0 0 0 0 0 0 0 0 0 0 0 3 0 0 0 0 0 0 0 0 0 0 0 0 0 0 0 0 0 0 0 0 0 0 0 0 0 0 0 15.4 2.4000000000000004 0 0 0 0 0 0 0.2 0 0.4 0.2 2.8000000000000003 0 0 0 0 0 0 0 0 0 0 0 0 0 0 2.4000000000000004 0 0 0 0 2.2 0 0 0 0 0 0 0 0 
 2 0.4 0.8 0.4 15.4 16.6 1 0.4 0.8 0.4 0.4 1.6 0.4 0.8 0.4 0.8 0.4 1.2000000000000002 3.8000000000000003 0.4 59.2 0 66.2 38.800000000000004 7.6000000000000005 25 12.600000000000001 20.8 28.8 47.2 38 19.8 31.8 80.4 19.400000000000002 71 51.400000000000006 9 26.6 15.200000000000001 0 0 0 0 0.4 0 0.6000000000000001 0 0 0.8 0 0.2 0 0.4 0 0 0 0.2 5 0 0 0 0.4 0 10.4 0 0.6000000000000001 0 0.6000000000000001 0.4 0 0 0.6000000000000001 0 0 0.4 0.4 0 0.6000000000000001 0.6000000000000001 0 0 0 0 0 0 0 0 0 0 0 0 2 0 0 0 0 0 0 0 0 5.6000000000000005 9.8 2.8000000000000003 0 0 0.8 3.6 0 2.6 3.4000000000000004 4 3.6 2.6 0 2.4000000000000004 0 0.4 0 2.8000000000000003 0 0 0 0 0 0 3.6 0 0 0 0 2.4000000000000004 0 0 0 0 0 0 2.6 0 0 0 0 0 0 0 0 0 4.2 1.2000000000000002 0 0.8 0.6000000000000001 0 0.4 0 0 0 0 0 0 0 0.4 0 0 0 0 0 0 0 0 4.2 0 0 1.2000000000000002 0 0 0 0 0 2.6 5.2 1 0.2 0 3.6 4.4 2.2 4 2.8000000000000003 0.2 0 2.8000000000000003 4.800000000000001 4.4 3.8000000000000003 2 1.6 5.4 0 0 0 0 0 0 0 0 0 0 0 0 0 10 0 0 0 0 0 0 0 0 0 0 0 0 0 0.4 0 0 0 0 0 0 0 0 0 0 0 0 0 0 0 0 0 0 0 14.8 0 0 0 0 0 0 0 0.4 0 0 15.200000000000001 16 0.4 0.2 0.2 0 0 0 0 0 0 0 0 0 0 0 0 0 5.6000000000000005 0 0 0 0 0 0.2 0 0.4 0 3.2 0 0 0 0 
 0.4 0.4 0.4 0.4 0.4 0.8 0.8 0.4 0.4 0.4 0.4 0.4 0.4 0.4 0.4 1 0.4 0.4 0.6000000000000001 0.8 68.2 66.2 0 63.2 49.400000000000006 48.400000000000006 11.4 23 45.2 55.400000000000006 7 21 13 69.8 25.400000000000002 44.400000000000006 52.2 25.400000000000002 7.4 25 0 0 0 0 0.4 0 0.6000000000000001 0 0 0 0 0 0 13 0 0 0 0.2 0.6000000000000001 6.6000000000000005 0 0 0 0 0.4 0 0.6000000000000001 0 0.6000000000000001 0.4 0 0 1 0 0 0.2 0.4 0 0.6000000000000001 0.6000000000000001 0 0.4 0 0 0 0 0 0 0 0 0 3.6 0 0 0 0 0 0 0 0 0 4.6000000000000005 0.2 1.8 2.8000000000000003 2.2 0 19.200000000000003 2.6 2.6 3.8000000000000003 5.6000000000000005 0 0 0 0 1.8 1.8 0 0.4 4.6000000000000005 0 0.2 0.2 0 0 0 4.4 0 0 0 0 0 0 0 0.4 1.8 0 0 3.2 0 0 0 0 0 0 0 0 0 0 0 0 0 0 0 0 0.4 0 0 0 0 0 0 0 0 0 0 0 0 0 0 0 0 0 0 0.2 0 0.4 0 0 0 2.2 7.2 2.6 0 4.2 0.8 0 2.4000000000000004 0 4.2 11.200000000000001 0 2.2 2.4000000000000004 3.8000000000000003 2.2 5.6000000000000005 1.2000000000000002 2.6 3.4000000000000004 0 0 0 0 0 0.4 2.6 0.8 0 0 0 3.8000000000000003 1.4000000000000001 0 0 0 0 2.4000000000000004 0 0 0 0 0 0 0 0 0 0 0 0.4 0 0 0 0 0 0 0 0 0 0 0 0 0 0 0 0 0 0 0 0 0 0 0 15.4 0 0 15.8 15.4 0.4 0.2 0 0 0 0 0 3.6 0 0 0 0 0 0 0 0 0 0 0 0 1.6 0 0 0 0 0 2.8000000000000003 1.6 0 0 0 
 0.6000000000000001 0.6000000000000001 0.6000000000000001 1 0.6000000000000001 1 0.6000000000000001 0.6000000000000001 1 0.8 0.6000000000000001 1 0.6000000000000001 0.6000000000000001 0.6000000000000001 1 0.6000000000000001 0.6000000000000001 1 0.6000000000000001 54.800000000000004 38.800000000000004 63.2 0 24 24 39.400000000000006 51.6 20.400000000000002 58.800000000000004 44.2 23 61 69.4 33.4 33.2 6 20.6 13.4 14.8 0 0 0 0 0.4 0 13 6 0 0.6000000000000001 0 0 0.4 13.600000000000001 0 0.2 0.4 0.6000000000000001 6.6000000000000005 12.4 0 0 0 0 0.4 0 1.4000000000000001 0 0.6000000000000001 1 0 0.6000000000000001 1 0 0 0 2 5.800000000000001 0.6000000000000001 0.6000000000000001 0 0 0 0 0 0 0 0 0 0 0 0 0 0 0 0.4 0 0 0 0 4.4 9.200000000000001 6.4 2.4000000000000004 2.6 0 0 4 4.800000000000001 0 4.800000000000001 1.8 0 7.2 4.2 5 2.2 7.800000000000001 0 0 2.2 0 0 0 0 0 2.2 0.2 1.4000000000000001 0 0 0 5.4 0.2 3 0 0 0.2 11.200000000000001 2.2 1 2 0 4.4 0 0 0 0 0 0 0 0 0 0 0 0 0 0.2 0.2 0 10.4 0 0 0 0 0 0 0 0 0 0 0 0 0 0.6000000000000001 0 0 0 0 0 2.6 9.600000000000001 6.800000000000001 0.4 2.8000000000000003 2.2 0 2.2 3.8000000000000003 6.800000000000001 2 0.2 0 0 2.2 2.2 2.4000000000000004 0 0 4 1.6 1.4000000000000001 3.6 0 0 0 2.2 0 0 0 0 0 2 0 0.2 0 0 0 2.8000000000000003 0.2 0 0 0 0 0 0 0 0 0 0 0 0 0 0.4 0 0 0 0 3 0 0 0 0.2 0 0 0 0 0 0 0.2 0 0 0 0 3.6 0 0.4 15.4 15 0.4 0.2 0.4 0 0 0 0 4.4 0 0 0 0 0 0 0 0 0 0 0 0 0 0 4.6000000000000005 0 0 0 0 0 0 0 0 
 0 0 1 0 0 0.8 0 0 0 0 0 0 0 0 0 0.2 0 0 0 0 10.600000000000001 7.6000000000000005 49.400000000000006 24 0 20.400000000000002 13.8 13.200000000000001 15.8 77.80000000000001 33.800000000000004 25 58.800000000000004 43.800000000000004 21.400000000000002 13.4 16 30.200000000000003 17.8 16.400000000000002 0.4 15 12.4 0 0.4 0 32.2 12.4 0 0 0 2.4000000000000004 35.4 37.800000000000004 16.8 0 0 0 0.6000000000000001 0.4 0 0 0.8 0 0.4 0 0.6000000000000001 0 0.6000000000000001 0.4 0 0 0.8 0 0 0.2 0.4 0.6000000000000001 0.6000000000000001 0.6000000000000001 0 0 0.4 0 0 0 0 0 0 0 0 0 0 0 0 0 0 0 0 0 0.2 0 0 1.2000000000000002 2 4 0 0 0 2 0 4.6000000000000005 0.4 0 0 0 0 0 0.4 0 4.800000000000001 0 5 1.4000000000000001 0.2 0 0.4 4.800000000000001 1.4000000000000001 13.600000000000001 0 2 9.200000000000001 6.800000000000001 5 2.6 0.4 2 3.8000000000000003 6 0.8 0 0 0 0.4 0 0 0 0.2 0 0 0 0 0 0 0.8 0 0 0 0 0 0 0 0 0 0 0 0 0 0.4 0 0 0 0 0 0 0 0 0 0 0 0 0 0 0 2 0 0 0 0 0 1.6 0 0 0 0 0 2 0 0 0 1.6 8 5.4 0 0.4 6.6000000000000005 5.4 4 2 2.2 1.4000000000000001 3.8000000000000003 3.2 1.6 2.6 5.2 3.6 2.8000000000000003 4.800000000000001 0 0 0 0 0 0 0 0 0 0 0 0 2.4000000000000004 0 0 0 0 0 0 0 0 0 0 0 0 0 0 0 0 0 0 0 0 0 2.4000000000000004 0 0.4 1 0 0.4 0.4 0.4 12.600000000000001 0 0 0 0 0 0 0 0 0 0 0 0 0 0 0 0 0 0 0 0 0 1.4000000000000001 0 2.4000000000000004 2 0 0 
 0 0 0 0 0 0 0 0.2 0 0 0 0 0 0.2 0.6000000000000001 0.4 0 0.2 0 0 50 25 48.400000000000006 24 20.400000000000002 0 21.200000000000003 25.6 22.400000000000002 43 13 52.800000000000004 4.4 10.4 8.8 14.600000000000001 12.4 21.6 11 8.8 0 0 0 0 4.4 4.2 6 0 4.2 0 0 0.8 18 13 0.2 0 0.2 2.4000000000000004 25.8 0 0 0 0 0 0.4 0 1.2000000000000002 0 0.6000000000000001 0.4 0 0 0.8 0 0 0.4 2.6 0.6000000000000001 0.6000000000000001 0.8 0 0 0 0 0 0 0 0 0 0 0 0 0 0 0 0 0 0 0 0 0 0 5.2 2.6 3.8000000000000003 3.6 0 0 0 2 6 4.800000000000001 0 0 2.8000000000000003 0 0 2.2 0 0 3.6 0 2.4000000000000004 0 0 0 2.6 0 0 2 0 0 15.4 1.4000000000000001 2.6 0 1.4000000000000001 0.2 6.800000000000001 7 0 0 0 0 0 0 0 0 0 0 0 0 0 0 0 0 0 0 0 0 0 0 0 0 2 0 0 0 0 0 0 0 0 0 0.2 0 0 0 0 0 0 2.6 0 3.4000000000000004 1.4000000000000001 6.2 1.4000000000000001 0 0 0 0 10 0 0 0 1.8 0 5.2 0 0 2.4000000000000004 0 3 0 0 0 2.6 2.2 0 0 0 0 11 1.8 0 0 8.4 0.2 5.4 2.4000000000000004 0 0 0 0 0 0 0 0 0 0 0 0 0 0 0 0 0 0 0 0 0 0 0 0 0 0 0 0 0 0 0 0 0 0 1.4000000000000001 0 0 0.4 8.8 0.2 0.2 0 0 0 0 0 0 0 0 0 0 0 10.600000000000001 0 0 0 0 0 0 0 0 0 0 0 0 0 2.4000000000000004 0 0 0 
 0 0 4.6000000000000005 0.2 16.2 16.400000000000002 0 0 22.6 15.600000000000001 0 15.200000000000001 0.4 0 0 0.2 7.800000000000001 0 0 0.2 47 12.600000000000001 11.4 39.400000000000006 13.8 21.200000000000003 0 21.6 23 10.8 60.800000000000004 5.2 43.6 87.80000000000001 23.6 9.200000000000001 5 24.200000000000003 7.6000000000000005 23.6 0 0 0 0 0.4 0 0.6000000000000001 0 7.2 0 0 0 0.2 0.4 0 0 0 12.4 0.6000000000000001 0 0 0 0 0 0.4 0 1 0 10.8 0.4 0.2 0.2 0.8 0 0 0.4 0.4 0 0.6000000000000001 0.6000000000000001 0 0 0 0 10 3.6 0 0 0 0 0 6.4 0 0 0 0 0 0 0 0 2.6 0.2 0 2 2.6 0 0 2.8000000000000003 2.8000000000000003 0 0 0 2.4000000000000004 5.2 3.6 5.6000000000000005 2.2 5 0 0 0 0 0 0 0 0 0 0 0 0 0 0 3.6 0 0 0 0 0 7 0 0 0 0 1.2000000000000002 0 0 0 0 0 0 0 0 0 0 0 0 1.6 0 0 0 0 0 0 0 1.6 11 0 0 0 2.6 0 0.4 0 0 0 0 3.8000000000000003 1.2000000000000002 0 0 5.2 0.4 0 2.4000000000000004 0 0 0 15 0.2 6.4 7.800000000000001 0 1.8 3 2.6 2.8000000000000003 10 0.2 0 9.8 0 0 0 0 0 0 0.2 0 0 0 0 0 0 0 0 0 0 0 0 0 0 0 0 0 3.6 0 0 0 0 0 0 0 0 0 0 0 0 0 0 0 0 0 2.4000000000000004 0 0 0 0 0 0 16.8 3.8000000000000003 0 0 0 0 0.4 0.2 0.6000000000000001 0 0.2 0 0 0 0 0 0 0 0 0 0 0 0 0 0 0 0 0 0 0 0 0 0 0 0 0 0 0 0 0 0 
 0.2 0 0 0 0.4 0.4 0.6000000000000001 0 0 0.2 0 0 0 0 0 0.2 0.2 0.2 0 0 5.2 20.8 23 51.6 13.200000000000001 25.6 21.6 0 11.4 24 23.200000000000003 22.400000000000002 74.8 42.400000000000006 38.6 19.8 10 20.200000000000003 12.600000000000001 27 0 0 0 0 0.4 0 0.6000000000000001 0 0 0 0 40.800000000000004 0 0.6000000000000001 0 0.4 0 0 18 0 0 0 0 0 0.4 0 0.6000000000000001 0 0.4 0.4 0 0 1 0 0 0 0.4 0 0.6000000000000001 0.6000000000000001 0 0 0 0 0 0 0 0 0 0 4.2 0 0 0 0 0.2 2 0 0 0 2.2 2 2.8000000000000003 4 5 0 3 0 0 0.2 2.6 1.4000000000000001 0.8 5.4 4.2 5.4 4.2 4.2 1.8 0 0 0 0 0 0 0 1.4000000000000001 0.2 0 0 0 0 1.8 0.2 0 0 0 0 5.2 0 0 0 0 0.2 0 0 0 0 0 0 0 0 0 0 0 0 0.4 0 0 0 0 0 0 0 0 0 0.4 1.6 0 0 0 0 0 0 1 0 0 0 0 0 1.4000000000000001 1.2000000000000002 5 1.6 0 2.8000000000000003 6.4 2.8000000000000003 7.2 1.8 4.4 0 1.2000000000000002 2.4000000000000004 0 1.6 2.8000000000000003 2.4000000000000004 5 6.800000000000001 0 0 0 0.2 0 2.6 0.4 0 0 0 0 0 4.2 0.2 0 0 0 0 0 0 0 0 0 0 0 0 0 0 0 0 0 0.4 0 0 0 0 0 0 0 0.2 0 0 0.6000000000000001 0 0 4 0 0 0 0 0 0 0 0 0 1.8 0 17.8 15.4 0 0.2 0 0 0 0 0 2.8000000000000003 0 0 0 0 0 0 0 0 0 2.8000000000000003 0 0 0 0 3.2 0 0 0 0 0.2 0 0 0 
 0 0 0 0 0 15 0.6000000000000001 2.6 0 0 0 0.4 0.4 0 0.6000000000000001 0 0 0 0 0 31.8 28.8 45.2 20.400000000000002 15.8 22.400000000000002 23 11.4 0 48.800000000000004 8.6 81.60000000000001 19.400000000000002 17.8 37 35.6 41.400000000000006 23 42.400000000000006 32.4 0 0 0 0 0.4 0 4 1 1.8 0 0.2 0 12.4 13 0 0.6000000000000001 0 6 0.6000000000000001 0 0 0 0 0 1 0.6000000000000001 0.6000000000000001 0 0.6000000000000001 1 0.6000000000000001 0 1.2000000000000002 0 0.6000000000000001 0 1 1 0.6000000000000001 0.6000000000000001 0 0 0 0 0 2 0 0 0 0 0 1.2000000000000002 0 0 0 0 0 0 0 0 0.2 4 2.4000000000000004 4.4 3 9.600000000000001 0 2 2 5.6000000000000005 2 5.4 0 2.4000000000000004 0 0 5 0.6000000000000001 0 3.6 3.2 0 2.2 0 0 0 0 0 0 0 0 0 3.2 1.2000000000000002 2.2 0 0 0 0 3.6 0 0 0 0 0 0 0 0 0 0 0 0 0 0 0 0 0 0 0 0 0 0 1.4000000000000001 0 0 0 0 0 0 0 0 0 0 0 0 0 0 0 0 0.6000000000000001 0 0 2 9 0 2 6.2 0.2 1.4000000000000001 1.8 5 4.800000000000001 2.4000000000000004 3 5 3 0 5 2 4.4 0 0 0 0 0 0 0.8 1.6 0 0 0 0 3.6 0 0 0 1.2000000000000002 0 3.6 0 0 0 0 0 0 0 0 0 0 0 0 0 0 0 0 0 0 0 0 3.6 0 0 1.8 0 0 0 0 0 0 0 0 0 0 0 0 0 0 1.2000000000000002 0 0.2 0.4 0.2 0 0 0 0 0 0 0 0 0 0 0 0 0 0 0 0 0 0 0 0 0 0 0 0 3 0 0 0 
 0 0 0 0 0 0 0 0 0 0 0 0 0 0 0 0.2 0 0 0 0 7.4 47.2 55.400000000000006 58.800000000000004 77.80000000000001 43 10.8 24 48.800000000000004 0 16.400000000000002 40.400000000000006 101.2 37.2 53.400000000000006 16 28 30.6 22.200000000000003 21 0 0 0 4.2 0.4 0 14.4 0 0 0 0 0 0 5.2 0 0 0 0 17.2 12.200000000000001 0 0 0 0 0.4 0 0.6000000000000001 0 0.6000000000000001 0.4 0 0 1 0 0 0.2 0.4 0.8 0.6000000000000001 2 0 0 0 0 0 0 0 0 0 0 0 0 0 0 0 0 0 0 0 0 0 4 3 3.8000000000000003 0 3.2 0 0.2 0.4 3.2 4 2.8000000000000003 0 2 0 2.2 0 2.6 0 2.2 4.6000000000000005 0 3 0 0 0 4.2 0.6000000000000001 0 0 0 0 4 6.6000000000000005 3 1.8 1.6 2.4000000000000004 0 0 0 0 0 0 0 0 2.2 0 0.8 0 0 0 0 0 0 0 0 2.4000000000000004 0 0 0 0 0 0 0 0 3.6 2.6 0 0 0 0 0 0 1.2000000000000002 0.4 0 0 1.6 0 0 2.4000000000000004 2 8.200000000000001 1.8 5.800000000000001 3.2 0 3.4000000000000004 2.6 3.2 4.800000000000001 2.2 0.4 2.4000000000000004 1.4000000000000001 0 3.8000000000000003 2 0 3.6 0 0 0 0 1.6 2 13.600000000000001 3.2 0 0 0 1.2000000000000002 0 0 0 0 2.2 0 0.6000000000000001 0 0 0 0 0 0 0 0 0 0 0.2 0 0 0 0 0 0.4 0 0 0 0 0 0 0 0 0 0 0 0 0 0 0 0 0 2 0 0.2 8.4 1.6 0.2 3 0.4 0 0 0 0 0 0 0 0 0 0 0 0 0 0 0 0 0 0 0 0 0 0 0 1.8 0 0 0 0 
 0 0 0 0.2 0.2 1 1 0.4 0 0.4 0 0 0 0.4 0.2 0.2 0 0 0 0.2 23.200000000000003 38 7 44.2 33.800000000000004 13 60.800000000000004 23.200000000000003 8.6 16.400000000000002 0 26.400000000000002 12.200000000000001 73 23.200000000000003 51.6 37.4 38 8.8 25.200000000000003 0 0 0 0 0.4 0 6.6000000000000005 0 0.2 0.8 0 0 16.2 0.6000000000000001 1.2000000000000002 41.6 0 0.2 0.6000000000000001 26.8 0 0.8 0 0 0.4 0 0.6000000000000001 8 0.6000000000000001 0.4 0 0 0.8 0 0 0.2 1.8 0 0.6000000000000001 0.6000000000000001 0 0 0 0 0 0 0 0 0 0 0 0 2.8000000000000003 0 0 0 0 0 0 0 0.8 4 7.800000000000001 3.2 9.600000000000001 6.4 0 1.6 1.8 2.6 8.8 2.6 0 2.6 4.6000000000000005 5.4 0.4 10 0 0 0 0 0 0 0 0 0 1.6 0 0 0 0 6 0.2 6 0 0 0 4 0 0 0 0 2 0 0 0 0 0 0 2 0 0 0.2 0 0 0 0 0 0 0 0 0 0 0 0 0 0 0 0.8 0 0 0 0 0 0 0 0 0 0 6.800000000000001 7.4 1.4000000000000001 1.2000000000000002 3.4000000000000004 0 0 2.2 4.6000000000000005 6 0.2 2.2 0 3.2 4.800000000000001 3.2 2.4000000000000004 0 0 5.2 4.6000000000000005 0 0 0 0 0 0 0 0 3.8000000000000003 0.2 0 6 0 12.200000000000001 1.8 0.4 0 9.200000000000001 1 0 0 0.2 0 0 0 0 0.4 0 0 0 0 0 0 0 0 0 0 0 0 0 0 0 0 0 0 0 0 0 0 0 0 0 0 0.6000000000000001 0 0.4 15.200000000000001 0.6000000000000001 0 0.4 0.2 0 0 0 0 1.6 0 0 0 0 0 0 0 0 0 0 0 0 0 0 2.6 0 0 0 0 0 0 0 0 
 0 0 0.4 0 0 0 0 0 0 0.2 0.4 0.6000000000000001 0 0 0 0.4 13.200000000000001 0.4 0 0 5.2 19.8 21 23 25 52.800000000000004 5.2 22.400000000000002 81.60000000000001 40.400000000000006 26.400000000000002 0 9.4 17.400000000000002 16.8 38.6 20 19 21 10.200000000000001 0 0 0 0 0.4 0 13.4 0.6000000000000001 0.4 0 0 1.2000000000000002 13.8 1.6 0 0 0.6000000000000001 0 13.200000000000001 0 0.2 0 0 0.4 0.4 0 0.6000000000000001 0 0.6000000000000001 1 0 0.2 0.8 0.6000000000000001 0 0.2 0.4 0.4 0.6000000000000001 0.8 0 0 0 0 0 0 0 0 0 0 0 0 0 0 0 0 0 0 0 0 0 4.6000000000000005 8 2 3.6 8 0 1.4000000000000001 0 0 13.4 6.800000000000001 0 0 0 0 1.2000000000000002 0.2 0 2.4000000000000004 3.4000000000000004 0 0 0 0.2 0 0 0.4 0 3 0.2 0 3.8000000000000003 2.8000000000000003 2 2.6 2 0 3 6.800000000000001 0 0 0 0 0 0 0 0 0 0 0 0 0 0 0 0 0.2 0 0 0 0 0 0 0 0 0 0 0 0 0 0 0 0 0 0 0 0 0 0 0 4.800000000000001 0.4 7.800000000000001 8.200000000000001 1.6 3.6 0 0 2.8000000000000003 5 0.2 3.6 3 2 5.4 0.8 2 4.4 2.2 2.8000000000000003 1 0 0 0 0 0 0 0 3 1.2000000000000002 0 0 20.200000000000003 3.4000000000000004 3.4000000000000004 0 0 0 12.200000000000001 2.4000000000000004 0.2 0 0 0 0 0 0 0 0 0 0 0 0 0 0 0 0 0 0 0 0 0 3.2 0 0 0 0 0 0 0 0.2 0 0.4 0 0.6000000000000001 0.2 0.4 15 18.400000000000002 0.4 0.4 0 0.4 0 0 0 4.2 0 0 0 0 0 0.4 0 0 0 0 0 0 0 0 0 0 0 0 2.6 0 0 0 0 
