 0 42.2 81.4 30.400000000000002 11.200000000000001 10.8 14.8 81.2 35 22.8 26.6 50.2 43 48.6 28.400000000000002 5.800000000000001 23.400000000000002 23.400000000000002 50.400000000000006 28.6 0 0 0 0 0.6000000000000001 0 0.6000000000000001 0 0 0 0.4 0.6000000000000001 0 0.2 0 0 0 0 0 0.4 0 0 0 0 0 0 0 0 0.6000000000000001 0.6000000000000001 0 0 0 0.6000000000000001 0.2 0 0.4 0 0 0 0 0.6000000000000001 0 0 9 0 0 0 0 0 0.6000000000000001 0 0.6000000000000001 0 0 0 0 0 0.4 0 0 5 6 4.2 7 0 5 2.6 0 0.8 0 2.8000000000000003 2.2 4 7 6.6000000000000005 2.2 4.800000000000001 0 0 0 0 0 0 0 0 0 0 0 0 0 0 0 0 0 0 0 0 2.8000000000000003 2.8000000000000003 0 0 0 0 0 0 0 0 0 0 0 0 0 0 0 0 0 0 0 0 0 0 0 2.6 0 0 0 0 0 0 0 0 0 0 0 0 0 0 0.6000000000000001 0 0 1.6 2 3.2 0 0 0.2 2.6 0.2 2.6 4.6000000000000005 0 2.8000000000000003 3 4 0 0 2.6 0 0 0 0 0 0 0 0 0 0 0 0 0 0 2 0 0 0 0 0 3 0.2 0 0 0 0 0 0 0 0 0 0 0 0 0 0 0 0 0 0 0 0 0 0 0 0 0 0 0 0 0 0 0 0 0 0 0 0 0 0 0 0 0 0.2 0 0 0 0.4 0.4 0 0.4 0.2 0 2.4000000000000004 0 0.2 0 0 0 0 0 0 0 0 2.4000000000000004 0 0 0 0 0 0 0 0 0 0 0 0 0 3.8000000000000003 0 0 0 0 0 0 0 0 0 0 0 0 0 
 42.2 0 89 28.200000000000003 29.6 23.400000000000002 65.60000000000001 14.600000000000001 45.2 52.6 7.4 27.200000000000003 43.800000000000004 66.8 11.8 25.400000000000002 10.200000000000001 9.4 17.2 25.400000000000002 0 0 0 15.4 0.6000000000000001 0 0.6000000000000001 0 0.4 0 0 0 0 0.2 0.4 0 0 0 0 0.4 0 0 0 0 0 0 0 0 0.6000000000000001 0.6000000000000001 0 0.2 0 0.6000000000000001 0.4 0 0.2 0 0 0 0 0.6000000000000001 0 0 0 3 0 0 0 8.200000000000001 0.6000000000000001 0 0.6000000000000001 0 0 0 0 0 0.4 0 2.4000000000000004 0 0 8 0 0 0.2 4.800000000000001 7.800000000000001 6.2 7.2 2.6 3.2 0 8.6 0.2 5.800000000000001 11.200000000000001 0 2.4000000000000004 10 0.6000000000000001 0 0 0 0 0 0 0 0 0 0 0 0 0 0 0 0 2.4000000000000004 0 0 0 0 0 0 0 0 0 0 0 0 0 0 0 4.6000000000000005 0 0 0 0 0 0 0 0 0 0 0 0 0 0 0 0 0 0 0 0 0 0 0 0.2 0.2 0 1.4000000000000001 0.2 0 4.4 0 9.600000000000001 7 5.6000000000000005 0 4 2.8000000000000003 4 18 4.2 0.2 2.8000000000000003 12 0 0 0 0 0 0 0 0 0 0 0 0 0 0 0 0 0 0 0 0 0 0 0 0 0 0 0 0 0 0.4 0 2 0 0 0 0 0 0 0 0 0 0 0 0 0 0 0 0 0 0 0 0 0 0 0 0 0 0 0.4 0 0 0 0 0.6000000000000001 0 0 0.2 0.4 0 0 17.8 0.2 0.2 1.6 0 0 0 0 0 0 0 0 0 0 1.6 0 0 0 0.4 0 0 0 0 0 0 0 0 0 3.8000000000000003 0 0 0 0 0 0 0 0 0 0 0 0 2.4000000000000004 
 81.4 89 0 20 12.600000000000001 58.400000000000006 56.6 70.2 99 77 25 8 54.800000000000004 37.6 42.400000000000006 12.200000000000001 36.2 26.6 33.800000000000004 12.8 0.4 0 0.2 0.4 0.6000000000000001 0 0.6000000000000001 0 0 0.4 0.2 1 16.400000000000002 0 1 0.4 0 0.8 15.4 0.8 0.6000000000000001 0 0 1.4000000000000001 0.4 1.2000000000000002 0 0.8 0.6000000000000001 0.6000000000000001 0.8 0 0 0.6000000000000001 1.2000000000000002 0 1 0 0 0 0 0.4 0 0.8 0.4 2.8000000000000003 0 0 0 0 0.6000000000000001 0.4 0.6000000000000001 1.2000000000000002 1.6 0 0 0.4 0.4 0 5.4 4 8.200000000000001 13.200000000000001 0 0 5.4 5.4 0 8.8 2 0.2 2 0.2 2 0.4 1.8 0 3.2 2 2.8000000000000003 0 0 0 0 0 6.6000000000000005 0 0 0 0 0 2 0 0 0 0 0 2 6.6000000000000005 0 0 0 2.8000000000000003 0 0 0 0 0 0 0 0 0 0 0 0 0 0 0 0 0 0 0 0 0 0 0 0 0 0 0 0 0 0 0 0 1 0 0.2 0 3.6 1.8 0 0.2 6.2 2 3.6 1.8 2.4000000000000004 3 0 2.4000000000000004 5.6000000000000005 4 2.8000000000000003 0 0 2.8000000000000003 0 2.6 0 0 0 0 0 0 2.2 0 0 0 0 0 3.2 0 0 0 0 0 0.4 1.4000000000000001 0 0 0 0 0 0 0 0 0 0 0 0 0 0 0 0 0 0 0 0 0 0 0 0 0 0.8 0 0 0 0 0 0 0 0 0 0 0 0 0 0 0 0 0 0 0 0 18.400000000000002 0 0.8 0.4 0.4 1.8 0 0 0 0 0 0 0 0 0 0 11 0 0 0 0 0 0 0 0 0 0 0 0 0 3.6 0 0 0 0 0 0 0 0 0 0 0 0 0 
 30.400000000000002 28.200000000000003 20 0 34.4 12.600000000000001 49.2 23.200000000000003 28.6 85.60000000000001 103 48.2 11.4 34.4 114.80000000000001 28.200000000000003 29 64.4 21.400000000000002 17.6 0 0 0.2 0 4.2 0.4 7.6000000000000005 0 0 0.2 0 0 0 0 0 0 0 0 0 0.4 9 0 0 0.2 0 18.400000000000002 0 0 0.6000000000000001 0.6000000000000001 0 0 0 0.6000000000000001 0 0 0.6000000000000001 0 0.4 0 0 0.4 0 0 0 0 0 0 0 6.800000000000001 0.6000000000000001 1.6 0.6000000000000001 0 0 0 0.2 0.2 0.4 0.6000000000000001 2.6 11.8 6.800000000000001 0 6.2 2.6 0 1 2.6 0 0.4 4.6000000000000005 0 0 5.800000000000001 10.4 5.4 8.200000000000001 0 0 0.4 0 0 0.2 3.4000000000000004 0 2.2 0 0 6.800000000000001 0 0 0 0 2.8000000000000003 0 0 6.800000000000001 0.6000000000000001 0 0 0 0 0 0 0 0 0.2 0.2 0 0 0 0 0 0 0 0 0 0 0 0 0 0 0.4 0 0.4 0 0 0 0 0 0 0 0 0 0.4 0 0 0.6000000000000001 0 0 6 2.4000000000000004 5.4 0 0.2 4.6000000000000005 1.2000000000000002 0 5.4 5 8 0 0 2.2 1.8 20.400000000000002 3 0 0 0.2 0.2 0 0.2 0 0 0.4 0 0 0 0 0 0.2 2.4000000000000004 0 0 0 0 0 4.2 0 0.2 0.4 0 0 0 0 0 0 0 0 0 0 0 0 0 0 0 0 0 0 0 0 0 0 0 0 0 0 0 0 0 0 0 0 0 0 0 0 0 0 0 0 0 0 0.8 0 0 0.6000000000000001 0.8 3.2 3 6.2 0 0.4 0 0 0 0 0 0 0 2.6 0 0 0 0 4.2 0 0 0 0 0 0 0 0 0 0 0 0 0 0 0 0 0 0 0 0 0 0 
 11.200000000000001 29.6 12.600000000000001 34.4 0 36.800000000000004 8.6 16.2 33.4 21 59.800000000000004 15.4 33.4 14 17.400000000000002 16.2 57.400000000000006 25 12.600000000000001 30.6 0 0 16 0 0.6000000000000001 0 1 16.8 0 0 0 0 0.4 19.8 0.8 0 0 0 0 37.4 0 0 0 0 0 0.2 0 0 0.6000000000000001 0.6000000000000001 0 0.4 0 0.6000000000000001 0.2 7.2 0.4 0 0 0 0 0.6000000000000001 0 5.2 0 0 0 0 0 0 0.6000000000000001 0 0.6000000000000001 0 0.2 0 0.4 0 0.4 0.6000000000000001 0 0 0 0 4.4 0 0 0 0 0.8 6.2 4.4 0.2 0 2.8000000000000003 3.4000000000000004 2.8000000000000003 4.800000000000001 0 0 6 3.6 0 0 0 0 0.8 0 0 0 0 0 0 15 1.4000000000000001 2.2 3 0.2 2.6 0 0 0 0 0 0 0.4 0 0 5.6000000000000005 0 0 0 0 0 0 0 0 0 0 0 1.6 0 0 0 0 0 0 0 0 0.6000000000000001 0 0 0 0 0 0 0 0 0 0 0 0 2.4000000000000004 10.8 3 6.6000000000000005 0.4 0.2 2.2 0 3.4000000000000004 0 0 0.2 0 0 2.8000000000000003 0.2 0 0 1.4000000000000001 0.4 2.4000000000000004 0 0 0 0.4 2.2 3.2 0 0 0 3.8000000000000003 0 0 3 0 0 3.2 0 0 0 0 0 0 0 0 0 0 0 0 0 0 0 0 0 0 0 0 0 2 0 0 0 0.2 0 0 0 0 0 3.2 0 0 0 0 0 0 0 0 0 0 0.2 0 0 0 1 0 0 22.6 0.4 0.8 1.2000000000000002 0 0 0 0 0 0 0 0 0 0 2.2 0 0 0 0.4 0 0 0 0 0 0 0 0.4 1.4000000000000001 3.6 1.4000000000000001 0 0 0 0 0 0 0 0 0 0 0 0 
 10.8 23.400000000000002 58.400000000000006 12.600000000000001 36.800000000000004 0 33.6 7.2 53 48 16.6 57.2 68.4 63 54 30.400000000000002 15.8 31 67.8 57.800000000000004 0 0 0.8 0.2 2.2 0 14.600000000000001 5.800000000000001 15 0 15.4 0.4 0 19.400000000000002 5.4 0 1.2000000000000002 0.4 14.8 31.400000000000002 10.4 0 0 12.600000000000001 1.2000000000000002 0.8 0 0.8 0.8 0.8 0 0 0 0.6000000000000001 0 0 0.6000000000000001 3.6 0 0.8 1.2000000000000002 0.6000000000000001 0 2.4000000000000004 0 0 0 0.4 0 0.8 0.6000000000000001 0 0.6000000000000001 0 1 1.2000000000000002 0 0 0.4 1.4000000000000001 1.8 0 2.8000000000000003 0 0 7.4 2 0 0.6000000000000001 0 6.800000000000001 2 0 0 1 0 0 2 0 0 2.8000000000000003 0 0 5.800000000000001 0 0 1.6 9 4.6000000000000005 0 0 0 3.8000000000000003 0 3.6 2.2 6.800000000000001 2.4000000000000004 4 2.8000000000000003 0 0 0 0 0 0 0 0 0 2.8000000000000003 0 0 0.2 0 0 0 0 0 0 0 0 0 0 0 0 0 0 0 0 0 0.4 0 0 0 0 0 0 0 0 0 0 0.4 2 0 4 4 0 0 0 0 3.4000000000000004 0.6000000000000001 0 0 0 0 0 0 0.4 0 0 3.2 0 3.8000000000000003 15.600000000000001 0 3 1.6 3.2 2.8000000000000003 0.2 0 3.4000000000000004 7 0 0 0.2 3 5.2 0 0 0 0 0 0 0 0 0 2.8000000000000003 0 0 0 0 0 0 0.2 0 0 5.6000000000000005 0 0 0 0 0 0 0 0 0 0 0 0.2 0 0 0 0 0 0 0 0 0 0 0 0 0 0 1 0.4 0 0.6000000000000001 18.8 0 2.8000000000000003 0 0 0 0 0 0.4 0 0 0 0 0 0 0 0 0 0 0 0 0 0 0 3.8000000000000003 0 0.8 0 0 0 0 0 0 0 0 0 0 0 0 0 0 
 14.8 65.60000000000001 56.6 49.2 8.6 33.6 0 12.600000000000001 23.8 26.200000000000003 24.8 10.4 27.6 56.6 8.8 40.6 3.6 8.8 9.4 47 0.6000000000000001 0.4 0 0.6000000000000001 1 0 0.6000000000000001 0.6000000000000001 0.8 0 0.4 0 0 0.8 0 0 0 0 0 0 0.6000000000000001 0 0 0 0 0 1 0 0.6000000000000001 0.6000000000000001 0 0.6000000000000001 0.6000000000000001 1.6 0.2 0.6000000000000001 0.4 0.2 0 0 0 1 0 0 0 0 0 0.4 0 0 0.6000000000000001 0 0.6000000000000001 0.4 0 0 0 0 0.4 0 11.4 3 1.6 3.6 0 0 0 7.800000000000001 4 2.6 1.8 2.4000000000000004 1.4000000000000001 0 0 1.8 4 0.2 2.8000000000000003 3.8000000000000003 0 0 0 0 0 0 0 0 0 0.4 0 0 0 0 0 0 0 0 1.8 0 0 0 0 0 0 0.8 0 0 0 1.2000000000000002 0 0 0 0 0 0 0.6000000000000001 0 0 0 0 0 0 0 0 0 0 0 0 0 0 1.8 0 0 0 0 0 0 0.2 0 0 0 1.2000000000000002 0 5 0 3.2 7.2 5 1.8 1.8 2.8000000000000003 1.8 9.4 0 6.800000000000001 3.2 1.8 0 7.4 0 0 0 3 0 0 0 0 0 0 0 0 0 0 0 0 0 0 3.6 0.2 0 0 0 0 0 0 0 0 0.2 0 0 0 0 0 0 0 0 0 0 0 0 3.6 0 0 0.4 0.4 0 0 0 0 3 0 0 0 0 0 0 0 0 0 0 0 0 0 0 0.4 0 0 0 0 2.2 1.4000000000000001 2.8000000000000003 0 0 0 0 0 0 0 0 0 0 0 0 0 0 0 0 0 0 0 0 0 0 0 0 0 0 0 0 0 0 0 0 0 0 0 0 0 
 81.2 14.600000000000001 70.2 23.200000000000003 16.2 7.2 12.600000000000001 0 35 45 30 49.400000000000006 58.800000000000004 16.2 18 26.8 15.4 29.8 54.800000000000004 48.800000000000004 0 16.8 0 0 0.6000000000000001 0 0.6000000000000001 0 0.4 0 0 0 17 0 0 0 0 0 0 0 0 0 0 0 0 0 1.2000000000000002 0 0.6000000000000001 1 0 0 0 0.6000000000000001 0 0 0.6000000000000001 0 0 0 0 0.6000000000000001 0.4 0 0.6000000000000001 1.2000000000000002 0 0 0 0 0.6000000000000001 0 0.6000000000000001 0 0 0 0 0 0.4 0 2.4000000000000004 9.200000000000001 10.200000000000001 9.200000000000001 3.2 0 5.6000000000000005 2.8000000000000003 0.8 2.8000000000000003 2.8000000000000003 0 8 12.600000000000001 10.600000000000001 0 3.6 7.4 2.8000000000000003 2 0 0 0 0 0 0 0 0 0 0 0 0 0 0 0 0.2 0 0 3.2 3 0 0 0 0 0 0 0 0 0 1.4000000000000001 0 0 0 0 0 0 0 0 0 0 0 0 0 0.6000000000000001 0 0 0.4 0 0 0.2 0 2 0 0 0 0 0 0 1.6 0 5.2 5 8.4 0 0 1.8 4.4 0 9 3.8000000000000003 1.6 0 0 2.2 3.6 0 0.2 0 6 5.2 0 0 0 0 0 0 0 0 0 0 0 0 2.2 0.2 0 0 0 0.2 0.4 2 0 0 0 0 0 0.4 0 0 0 0 0 0 0 0 0 0 0 0 0 0 0.4 0.4 0 0 0 0 0 0 0 0.2 0 0 0 0 0 0 0 0 0 0 0 3.2 0 0 0 0 0 0.2 0.4 0 0.2 1.4000000000000001 0 0 0 0 0 0 0 0.2 0 2 0 0 0 0 0 0 0 0 0 0 0 0 0 0 5 0 0 0 0 0 0 0 0 0 0 0 0 0 
 35 45.2 99 28.6 33.4 53 23.8 35 0 13 22.400000000000002 25.400000000000002 29.200000000000003 28.400000000000002 29 26.200000000000003 13.600000000000001 14.8 32.2 74.4 0 0.2 0.2 0 1 0 5.800000000000001 0 0.4 0.6000000000000001 0.2 0.2 15 0 0.4 0 0 0 0 12.200000000000001 0 0.6000000000000001 0.6000000000000001 0 0 0 0.4 0 0.6000000000000001 14.4 0 0 0 0.6000000000000001 0 0 13.4 0 0 0.8 0 0.4 1 0 0.6000000000000001 0.8 0 0.6000000000000001 0.6000000000000001 0 0.8 0 0.6000000000000001 0.8 0.6000000000000001 0 0 0 0.4 0.4 3.2 2 4 3 0.2 0 0 8.200000000000001 2 7.2 4.800000000000001 6.4 6.800000000000001 1.4000000000000001 5 8.8 5.2 4.4 1.4000000000000001 2.4000000000000004 3.2 3 0 0 0 0 0 0 0 0 0 0 0.2 3.2 0 0 0 0 2 5.6000000000000005 0 0 0 0 0 0 0 0 3.4000000000000004 0 0 0 0 0 0 0 0 0 0 0 0 0 0 0 4.2 0 0 0 0 0 0 0 0 0 0 0 0 0 0 0 1.4000000000000001 0 0 10 4.6000000000000005 0 2 3.6 4.6000000000000005 0 3 2 1.8 2.2 2 0 4.800000000000001 2.4000000000000004 0 1.4000000000000001 0 0 0 0 0 0 0 0 0 12 0 0 3 0 0 3.6 0 0 0 1.6 0 0 0 0 0 0 0 0 0 0 0 0 0 0 0 0 0 0 0 0 0 0 0 0 0 0 0 0 0 0 0 0 0 0 0 0 0 0 0 0 0 0 0 0 0 0 0 0 18.2 0 0 1.6 0 0 0 0 0 0 0 0 0.4 0 1.8 0 0 0 0 0 0 0 0 0 0 0 0 0 6.2 0 0 0 0 0 0 0 0 0 0 0 0 0 
 22.8 52.6 77 85.60000000000001 21 48 26.200000000000003 45 13 0 56.400000000000006 24.8 49.800000000000004 58.2 54.2 89.80000000000001 31 43.6 60.400000000000006 15.600000000000001 0 0 0.2 0 0.4 0.2 0.6000000000000001 0 0.2 0.4 0 0 0 0 0 0 0 0 0 0.2 1.2000000000000002 0 0 0.2 0 0 0 0 0.6000000000000001 0.6000000000000001 0.6000000000000001 0.2 0 0.6000000000000001 0 0 0.6000000000000001 0 0 0 0 0.4 0 1.6 0 0 0 0.4 0 0 0.6000000000000001 0 0.6000000000000001 0.2 1 0 0.2 0.2 0.4 1 4.800000000000001 7.4 11 0 5 4.2 3.8000000000000003 0 2.4000000000000004 5.6000000000000005 0 4 0 0 1.4000000000000001 0 5.6000000000000005 6.2 0 0 2.4000000000000004 0.4 0 0 0 0.2 4.800000000000001 0 0 0 0 0 3.4000000000000004 0 0 0 0 0 5 2.2 0 0 0 0 0 0 0 0 0 1.4000000000000001 0 0 5 0 0 0 0 0 0 0 0 0.2 1.2000000000000002 1 0 0 0 0.2 0 0.2 3 0 0 0 0 0 0 0 1.2000000000000002 0 0.4 7.2 6.2 2 0.6000000000000001 10.600000000000001 1.4000000000000001 0 0 5.2 2.6 5.4 0.4 0 2.8000000000000003 0 3 0 0 0 0 0 0 0 0 0 3.2 0 0.2 0 0 0 0 4.6000000000000005 0 0 0 0 0 3 0 0 0 0 0 0 8.200000000000001 0 0 0 0 0 0 0 0 0 0 0 0 2.6 0 0 0 0 0 0 0 0 0 0 0 0 0 0 0.4 0 0 0 0 0 0 0 0 0 0 0.4 1 0 0 28.6 7.2 0.4 0 0 0 0 0 0 0 0 0 0 0 0 0 0 0 0 0 0 0 0 0 0 0 7.2 0 0 0 0 0 0 0 0 0 0 0 0 0 0 
 26.6 7.4 25 103 59.800000000000004 16.6 24.8 30 22.400000000000002 56.400000000000006 0 74.8 9 23.6 46.6 35.6 33.800000000000004 42.800000000000004 6.800000000000001 56.800000000000004 0 0 0.2 0 0.4 0.4 0.6000000000000001 0 0 0.2 0 0.2 31 0 0 0 0 0.4 0.2 0.2 1.2000000000000002 0 0 0 0 0 0 0 0.6000000000000001 1 0 0 0 0.6000000000000001 0 0 0.6000000000000001 0 0 0 0 0.4 0 0 0 0 0 0.2 0 0 0.4 12.4 0.6000000000000001 0 0.2 0 0 0 0.4 0 2.8000000000000003 4 6.800000000000001 0 2 2 0 6.4 2.8000000000000003 0 2 0.4 3 0 0 8.200000000000001 5.4 6.4 0 0 4.4 0.2 0 0 0 0 2.2 0 0 0 0 0.4 0 0 0 0 1.6 0 4.4 6.800000000000001 0 0 0 0 0 0 0 0 0 0 0 0 0 0 0 0 0 0 0 0 0 0 1.2000000000000002 0.4 0 0 0 0 0 0.6000000000000001 0 0 0 0 0 0 0 0 0 0 0 7.4 1 5.6000000000000005 0 15.600000000000001 3.2 2.6 1.8 6.4 4 12.4 0 0 0 1 12 2.2 0 0 0 0 0 0 0 0 0 0 0 0 0 0 2.6 2.6 0 0 0 0 0 9.200000000000001 0 0 0 0 0 3.6 0 0 0 0 0 0 0 0 0 0 0 0 0 0 0 0 0 0 0 0 0 0 0 0 0 0 0 0 0 0 0 0 0 0 0 0 0 0 0 0.2 1.4000000000000001 0 17.400000000000002 1 0.4 1.8 6.800000000000001 0 0 0 0 0 0 0 0 0 0 0 0 0 0 0 0 0 0 0 0 0 0 3 19.200000000000003 0 0 0 0 0 0 0 0 0 0 0 0 0 
 50.2 27.200000000000003 8 48.2 15.4 57.2 10.4 49.400000000000006 25.400000000000002 24.8 74.8 0 26.6 42 15.600000000000001 45.2 17.8 68.4 6.2 8.4 0 0 0.2 0 42.400000000000006 0 5.6000000000000005 0 0 0.2 0 0.2 14.8 0 6 0.2 0 0.4 15 0 0.8 0 0 0 0 0 0 0 0.6000000000000001 0.6000000000000001 0 0 0 0.6000000000000001 0 0 0.6000000000000001 0 0 0 0 0.4 0 0 0 0 0 0.2 0 0 0.6000000000000001 0 0.6000000000000001 0 0 0 0 0 0.4 0 9.4 6 3 0.2 5.4 4 0 0 3.4000000000000004 0 1.8 0 2 0 2.8000000000000003 10.8 0.8 2.2 0 0 0 0 0 0 0 0 2 0 0 0 0 0 4.6000000000000005 4 3.6 0 0 0 0 4.800000000000001 0 0 0 0 0 0 0 0 0 0 0 0 0 0 0 0 0 0 0 0 0 0 0 0 0 0 0 0 0 0 0 0 0 0 0 0 0 0 0.2 0 0 0 0 7 4.6000000000000005 0 0 1.8 0 6.4 3.6 3.6 1.6 5.800000000000001 0 1.4000000000000001 7.6000000000000005 2.4000000000000004 0 0 1.8 3.4000000000000004 0 0 0 0 4.6000000000000005 0.4 0 0 0 0 0 0 0 3.6 0 0 0 5.2 0 0 0 0 0 0 0 0 0 0 0 0 0 0 0 0 0 0 0 0 0 0 0 0 0 0 0 0 2.6 0 0 0 0 0 0 0 0 0 0 0 0 0 0 0 0 0.4 0.4 0 0.8 0 0 0.4 3.8000000000000003 0 0.4 0 0 0 0 0 0 0 0 0 0 0 0 0 0 0 0 0 0 0 0 0 0 0 0 0 0 0 0 0 0 0 0 0 0 0 
 43 43.800000000000004 54.800000000000004 11.4 33.4 68.4 27.6 58.800000000000004 29.200000000000003 49.800000000000004 9 26.6 0 76 59 47.2 8.6 25 29.200000000000003 11.200000000000001 0.4 0.6000000000000001 0.2 0 0.6000000000000001 0 0.6000000000000001 0 0.4 0.2 0 0 0.4 0.2 0.4 0 0.6000000000000001 0.4 0 0.2 0 0 0 0 0 0 0 0 1 0.6000000000000001 0 0.6000000000000001 0 0.6000000000000001 0.6000000000000001 0 1.2000000000000002 0.4 13.4 0 0 0.4 9.4 0 0 1.2000000000000002 0 0.2 0 0 0.6000000000000001 0 0.6000000000000001 0.2 0 0 4.800000000000001 0.6000000000000001 0.8 0 0.6000000000000001 0 0 4 0 0 2.4000000000000004 4.800000000000001 3.6 12.200000000000001 7.4 1.8 4 0 9.8 0.6000000000000001 0 10 1.8 0.4 0 0 0 0 0 0 0.2 0 0 0 0 0 0 0 0 0 0 0 0 0 0 0 0 0 0 0 0 0 0 0 0.4 0 0 0 0 0 0 0 0 0 0 0 0 0 0 0 0 0 0 0 0 0 0 0 0 0 0 0 0 0 8.200000000000001 2.8000000000000003 0 1 0 0 6.6000000000000005 3.4000000000000004 1.4000000000000001 0 7.2 0 0 8 2 2.2 3 3.8000000000000003 0 2.6 0 0 0 0 0 0 0 0 0 0 0 0 0 0 0 1.4000000000000001 0 0.2 0 0 0 0 0 0 0 0 0 0 2.2 0 0 2.8000000000000003 0 0 0 0 0 0.2 3 0 0 0 0 0 0 0 0 0 0 0 0 6.4 0 0 0.2 0 0 0 0 0 0 0 0 0 0 0.4 0 0.4 0.4 0.2 0.4 1.6 2 0 0 0 0 0 0 0 0 0 4 0 0 0 0 0 0 0 0 0 0 0 0 0 0 0 0 0 0 0 0 0 0 0 0 0 0 0 
 48.6 66.8 37.6 34.4 14 63 56.6 16.2 28.400000000000002 58.2 23.6 42 76 0 34.6 66.2 14.4 42.2 42.2 51.800000000000004 0 0.4 0 0 0.6000000000000001 0 0.6000000000000001 0.4 0 0 0 0.6000000000000001 0 0 0 0 0 0 0 0 0 0 0 0 0 0 2.4000000000000004 0 13 0.6000000000000001 0 0 0 1.2000000000000002 1 0 0.6000000000000001 0 0 0 0 0.6000000000000001 0 0 0.2 5.6000000000000005 0 0.8 0 6.2 0.6000000000000001 0 0.6000000000000001 0.4 0 0 0 0 0.4 0 7.800000000000001 4.800000000000001 3.4000000000000004 8 0 0 0 8.200000000000001 13 3.2 4 0.6000000000000001 3.2 0 2.2 3.4000000000000004 0.4 9.600000000000001 0 4 0.2 0 0 0 0 2.2 0 0 0 0 0 0 0 0 0 0 0 0 2.2 0 0 0 0 0 0 0 0 0 0 2.6 0 0 0 0 0 0 0 0 0 0 0 0 0 0 0 0 0 0 0 0 0 0 0 0 0 0 0 0 0 0.4 1.6 2.6 2.2 1.4000000000000001 3.4000000000000004 0 5.800000000000001 3.8000000000000003 0.2 2.4000000000000004 3.4000000000000004 10.4 1 3.4000000000000004 0 3.4000000000000004 4.6000000000000005 0.4 0 2.4000000000000004 0 0 0 0 0 0 0 0.4 0 0 0 0 0 0 0 0 0 0.4 0 0 0 0 2.6 0 0 0 0 0.2 0 9 0 0 0 5.2 0 0 0 0 0 0 0 0 0 0 0 0 0 0 0 0 0 0 0 0 0 0 0.2 0 0 0 0 0 0 0 0.4 0.4 0 0 0.4 0.4 2.8000000000000003 1.6 1.8 3.8000000000000003 0 0 0 0 0 0 0 0 0 0 0 0 0.2 0 0 0 0 0 0 0 6.2 0 0 0 0 0 0 0 0 0 0 0 0 0 0 0 
 28.400000000000002 11.8 42.400000000000006 114.80000000000001 17.400000000000002 54 8.8 18 29 54.2 46.6 15.600000000000001 59 34.6 0 36.800000000000004 21.400000000000002 15.4 70.8 32 0 0 16.8 0 0.4 0 0.6000000000000001 0 0 0.2 0 0.4 15.4 0.2 0.2 0 0 0 0.4 0 2.2 0 0 0.6000000000000001 0 0.4 0 0.6000000000000001 0.6000000000000001 0.6000000000000001 1.8 0 0 0.6000000000000001 0.4 0 0.6000000000000001 0 0 0.6000000000000001 0 0.4 6.4 0.4 5.800000000000001 0 0 0.4 0 0 0.6000000000000001 0 0.6000000000000001 0.8 1.4000000000000001 0 0 0 0.4 1 2.8000000000000003 2.8000000000000003 7.800000000000001 9.600000000000001 2.6 3 3.8000000000000003 2.8000000000000003 0 4.2 0.2 2.6 0.6000000000000001 2.6 0 9.4 2.4000000000000004 2 5.6000000000000005 0 4.800000000000001 0 0 0 0 0 2 0 0 0 0 0 0.2 0 0 0 0 0 11.4 7.2 0 0 0 0 0 0 0 0 0 0 0 0 0 0 0 0 0 0 0 0 0 0 0 0 0.4 0 0 0 0 0 0 0 0 0 0 0 0.2 0 0 0 7.2 2 1 4.2 4.4 0 0 0.2 2 6 0 3.2 4.2 0 0 7 4.2 0 0 5.800000000000001 0 0 0 0 0 0 0 0.2 0 0 0 0 2.8000000000000003 4.2 0 0 0 0 0 4.800000000000001 0 0 0 0 0 0 0 0.4 2.6 0 2 0 0 0 0 0 0 0 0 0 0 0 0 0 0 0 0 0 0 0 0 0 0 0 0 0 0 0 0 0 0 0 0 0 0 0 0.2 0.2 0 17.6 0.2 3 0 0 0 0 0 0 0 0 0 0 0 4 0 0 0.4 0 0 0 0 0 0 0 0 0 4 0 0 0 0 0 0 0 0 0 0 0 0 0 
 5.800000000000001 25.400000000000002 12.200000000000001 28.200000000000003 16.2 30.400000000000002 40.6 26.8 26.200000000000003 89.80000000000001 35.6 45.2 47.2 66.2 36.800000000000004 0 42.6 29.6 5 44.400000000000006 0 0 0 0 0.6000000000000001 6.800000000000001 0.6000000000000001 0 0 0 0 0 0 0.4 0 0 0 0 0 0.2 1 0 0 0 0 0 0 0 0.6000000000000001 0.6000000000000001 24.6 0.2 0 0.6000000000000001 0.4 0 0.2 0 0 0 0 0.6000000000000001 9.8 0 0 0 0 0 0 0 0.6000000000000001 0 0.6000000000000001 0 0 0 0 0 0.4 0 10.200000000000001 9.8 8.6 0 2.4000000000000004 0 3.6 0 2.8000000000000003 5.800000000000001 2.4000000000000004 1.8 2 0.4 8.8 7 2.4000000000000004 11.200000000000001 0 0 0.2 0 0 0 0 0 2 0 0 0 0 0 0.2 0 0 0 0 0 0.8 3.6 0 4 0 0 0 0 0 0 0.2 1.4000000000000001 0 0 0 0 0.4 0 0 0 0.2 0 0 0 1.2000000000000002 0.4 0 0 0 0 0 0 0 0 0 0 0 0 1.2000000000000002 0 0 0 0 5.4 1.4000000000000001 4.2 3.8000000000000003 2.2 1 2 0 11.4 6.800000000000001 4.4 3.8000000000000003 4.4 0.2 1.6 6.800000000000001 6.800000000000001 0 0 0 0 0 0 0 0.4 0 0 0 0 0 0 0 1.4000000000000001 0 0 0 0 0.8 2.6 0 0 0 0 0 2.2 0 0 0 0 0 3.8000000000000003 0 0 0 0 0 0 0 0 0 0 0 0 0 0 4.2 0 0 0 0 0 0 0 0 0.4 0 0 0 0 0 0 0 0 0 0 0 0.2 0 18.2 3.8000000000000003 2 3.2 0 0 0 0 0 0 0 0 0 0 0 0 0 0 0 0 0 0 0 0 0 0 0 0 0 0 0 0 0 0 0 0 0.2 0 0 0 0 
 23.400000000000002 10.200000000000001 36.2 29 57.400000000000006 15.8 3.6 15.4 13.600000000000001 31 33.800000000000004 17.8 8.6 14.4 21.400000000000002 42.6 0 36.4 69.60000000000001 25.400000000000002 0 0 0.2 0 0.8 0 0.6000000000000001 0 0.4 0.2 0 0 15 0 0.2 0.2 1.6 0 1.2000000000000002 13.200000000000001 3.4000000000000004 0 0 0 0 0 0 0 0.6000000000000001 0.6000000000000001 0 0 0 1 0 0 0.6000000000000001 0 0 0 0 0.4 0 0 0.6000000000000001 0.8 0 0.2 0 0 0.6000000000000001 0 0.6000000000000001 0 0 0.2 0.6000000000000001 0 0.4 0 0.2 10.600000000000001 4.2 3.4000000000000004 2 2.8000000000000003 3.4000000000000004 3.2 0.2 6 2.4000000000000004 0 0 5.800000000000001 3 5 7 2 1.8 10.600000000000001 2.8000000000000003 2.2 0 0 0 0 2.8000000000000003 0 0 0 0 0 0 1.8 0 0.2 2 0 5.2 6.2 0 0 0 0 0 0 0.4 0 7 0 0 0 0 0 0.4 0 0.2 0 0 0 0 0 1 0.8 0 0 0 0 0 2.2 0 0 0 0 0 0 0 0 0 0 1.6 0.4 0 5.6000000000000005 0.2 1.2000000000000002 2 0.2 5 3.2 0.2 0 0 0 2.2 0 7.2 4.800000000000001 0 9.600000000000001 0 0.2 0 0 0 0.4 0 0 0 0 0 0 1.8 1.6 0 3 0 0 3.4000000000000004 6.4 0 0 0 0 0 0 0 0 0 0 0 0 0 0 0 0 0 0 0 0 0 0 0 0 0 0 0 0 0 0 0 0 0 0 0 0.4 0 0 0 0 0 0 0 0 0 0 9.600000000000001 0 18.8 18 0 3.6 0 0 0 0 0 0 0 0 0 0 0 0 0 0 0 0 0 0.4 0 0 0 0 0 3.8000000000000003 3.6 0 0 0 0 0 0 0 0 0 0 0 0 0 
 23.400000000000002 9.4 26.6 64.4 25 31 8.8 29.8 14.8 43.6 42.800000000000004 68.4 25 42.2 15.4 29.6 36.4 0 9.8 8.200000000000001 0 0 0.2 0 0.4 0 0.6000000000000001 0 0 1.2000000000000002 0 0 0 0 0 0.6000000000000001 0.4 0 0 8.6 1.6 0 0 0 0 0 0 0 0.6000000000000001 0.6000000000000001 0 0 0 0.6000000000000001 0 0 0.6000000000000001 0 0 0 0 0.4 0 0 0 0 0 0 0 0 0 0 0.8 0 0 0 0 0 0.4 12 4 2.4000000000000004 0 0.2 7.2 0 0.8 1.4000000000000001 10.4 2 2.8000000000000003 0 0 0.8 2.2 4.4 7.6000000000000005 6.800000000000001 0 0 2.6 2.6 0 0 0 0 2 0 0 0 0 0 0.2 2.2 0 0 0.4 0.4 0.2 4.4 0 0.2 0 0 0 0 1.8 0 6.6000000000000005 0 0 0 0 0 0 0 0 0 0 0 0 0 1.2000000000000002 1 0 0 0 6 0.2 0.2 0 0 0 0 0 0 2 0.4 1.4000000000000001 0 0 1.6 1 5.2 0 0.4 0 0 2 6.800000000000001 4.800000000000001 0 0 1.6 3 2.6 7.4 1.2000000000000002 0 0 0 0 0 0 0 0 2.2 0 0 0.2 0 0 3 0.2 6 2.8000000000000003 0 0 0.2 2.8000000000000003 0 0 0 0 0 0 0 0 0 0 0 0 0 0 0 0 0 0 0 0 0 0 0 0 0 0 0 0 0 0 0 0.2 0 0 0 0 0 5.6000000000000005 0 0 0 0.2 0 0 0 8.4 0.2 0.6000000000000001 21.200000000000003 18.6 0 2.2 2.4000000000000004 0 0.4 0.4 0 0 0 0 0 0 0 0 0 0 0 0 0 0 0 0 0 0 0 4 2.8000000000000003 0 0 0 0 0 0 0 0 0 0 0 0 0 
 50.400000000000006 17.2 33.800000000000004 21.400000000000002 12.600000000000001 67.8 9.4 54.800000000000004 32.2 60.400000000000006 6.800000000000001 6.2 29.200000000000003 42.2 70.8 5 69.60000000000001 9.8 0 32.2 0 0 0.2 0.4 0.4 0 0.6000000000000001 0.6000000000000001 0 0.6000000000000001 0 0.2 0 0.2 0 0 0.2 0 0 0.2 0 0 0 0 0 0 0.8 0 0.6000000000000001 0.6000000000000001 0 0 0 1 0 0 0.6000000000000001 0 0 0 0 0.8 0 7.6000000000000005 0 0.4 0.2 0.2 0 1 0.6000000000000001 0.4 0.6000000000000001 0 0.2 0.2 0 0 0.4 0.8 0.6000000000000001 2.6 0.2 3.6 0 0 3.6 3 4.800000000000001 1.6 5.6000000000000005 0 1.6 10.200000000000001 2.4000000000000004 2.4000000000000004 2.8000000000000003 4 5.4 2.8000000000000003 0 0 0 0 0 0 0 0 0 0 0 0 0 0.2 0 0 0.2 0 0 0 0 0.2 0 0 0 0 0 0 0 0 0 0 0 0 0 0.6000000000000001 0 0 0 0 1.4000000000000001 0 0 0 0 0 0 0.2 0 0 0 0 0 0 0 0 0 0 0.4 0 9.8 0 2.2 0 0 0 0 0.2 3.8000000000000003 0 1.2000000000000002 0 4 0 0 2.4000000000000004 0 0 9 7 0 0 0 0 0 0 0 0 0 0.4 0 0 0 0.4 0.2 0 0 0 0 0 0 0 0 0 0 0 0 0 0 0 0 0 0 0 0 0 0 0 0 0 0 0 0 0 0 0 0 0 0 0 0 0.4 0 0 0 0 0 0 0 0 0 0.4 0 0 0 0 0.2 0.4 0 0.2 0 2.4000000000000004 0 0 0 0 0 0 0 0 0 0 0 0 0 0 0 0 0 0 0 0 0 0 0 0 0 0 0 0 0 0 0 0 0 0 0 0 0 0 
 28.6 25.400000000000002 12.8 17.6 30.6 57.800000000000004 47 48.800000000000004 74.4 15.600000000000001 56.800000000000004 8.4 11.200000000000001 51.800000000000004 32 44.400000000000006 25.400000000000002 8.200000000000001 32.2 0 0 0 0 0 0.6000000000000001 0 0.6000000000000001 0 14.600000000000001 0 0.4 0.2 0 0 0 0 0 0 0 0 0 0 0 0 0 0 0 0 0.6000000000000001 0.6000000000000001 0 0 0 0.6000000000000001 0 0 0.6000000000000001 0 0 0 9 0.6000000000000001 0 0 0 0 0 0 0 0 0.6000000000000001 0 0.6000000000000001 0 0 0 0 0 0.4 0 2.8000000000000003 11.600000000000001 8.6 0.4 0 0 3.6 6.800000000000001 4.6000000000000005 9.4 3 11.200000000000001 7.800000000000001 0.8 7.4 12 3.4000000000000004 5 2.2 0.2 0 0 0 0 0 0 0 0 0 0 0 0.4 0 0 0 0 0 0 1.6 0 0 0 0 0 0 0 0 0 0.4 1 0 0 0 0 0 0 0 0 0 0 3 0 0 0.2 0 0 0 0 0 0 0 2.8000000000000003 0 0 0 0 0 0 0.2 0 1.4000000000000001 6.2 2.2 0.8 3 2.6 5.6000000000000005 4.6000000000000005 4.2 2.6 2.4000000000000004 2.4000000000000004 5.6000000000000005 9.200000000000001 0 0 5.6000000000000005 5.800000000000001 0 1.2000000000000002 0 0 0 0 0 0 0 0 0 0 0 0 0 0 0 0 0 1.8 0 0.2 0 0 0 0 0 0 0 0 0 0 0 0 0 0 0 0 0 0 0 0 0 0 0 0 0 0 0 0 0 0 0 0 0 0 0 0 0 0 0 0 0 0.2 0 0 0 0.4 0 0 0.4 0.4 3.4000000000000004 2.8000000000000003 0 0 0 0 0 0 0 1 0 0 2.4000000000000004 0 0 0 0 0 0 0 0 0 0 0 0 0 0 0 0 0 0 0 0 0 0 0.2 0 0 0 0 
 0 0 0.4 0 0 0 0.6000000000000001 0 0 0 0 0 0.4 0 0 0 0 0 0 0 0 62.800000000000004 31 11 25.200000000000003 36.6 16.400000000000002 30.8 27.200000000000003 36.6 23.6 6.4 11.200000000000001 12.200000000000001 69.8 39.400000000000006 42 9.8 25 73.8 0 0 0 40.400000000000006 0 0 12.4 0 0 0 0 0 0.6000000000000001 40.400000000000006 0 0 0 0 52.800000000000004 0 0 0 0 0 0 0 0 0.2 0 0 0 0 0 0 0.6000000000000001 0 0 0.4 0 0 0 0 0 0 0 0 0 0 0 0 0 0 0 0 0 0 0 0 0 0 0 0 4.2 4.2 5.800000000000001 2.4000000000000004 0 0.2 19.400000000000002 2 2.6 4.4 2 0 4.2 1.4000000000000001 4.2 1.2000000000000002 0 2.6 2 0 0 0 0 0 4 0 0 0 0 0 1.6 0.2 0 0 0.6000000000000001 0 3.6 0 0 0 0 2.6 0 0.6000000000000001 1 0 3.8000000000000003 3.4000000000000004 0 0 0 0 0 0 0.2 0 0 0 0 0 0 0 0.2 0 0 0 0 0 0 0 0.6000000000000001 0 0 0 0 0 0 0.4 4 3.4000000000000004 10 2.2 0 3 2.4000000000000004 0 6.4 3 6.800000000000001 0.2 0.6000000000000001 0.4 3.8000000000000003 9.200000000000001 5.4 2 0 2.8000000000000003 3.4000000000000004 0 0 0 0 0 0 0 0 0 0 0.4 0 0 0 0 0 0 8.8 1.6 0 0 0 0 0 0 0.4 0 0 0 0 0 0 0 0 0 0 0 0 0 0 0 2 0 0 0 0 0 0 0 0 0 0 0 1.2000000000000002 0 0.4 15.600000000000001 23 0.2 0.2 0 0 0 0 0 0 0 0 0 0 0 0 0 0 0 0 0 0 0 3.2 2.4000000000000004 0 0 0 0 0 0 0 0 
 0 0 0 0 0 0 0.4 16.8 0.2 0 0 0 0.6000000000000001 0.4 0 0 0 0 0 0 62.800000000000004 0 36.4 35 52 39.2 38.2 30 91 37.2 27.6 7.6000000000000005 60 11.4 13.600000000000001 8.6 15.8 11 26 86.2 0 0 0 0 0.4 0 0.2 0 0 0 0 0 0.6000000000000001 0 0 0 0 0 0 0 0 0 0 0 0 0 0.6000000000000001 0 0 0 0 0 3 0 0.6000000000000001 0 0.2 0.4 0 0 0 0 0 0 2.6 0 0 0.4 0 0.4 0 0 0 0 0 0 0 0 0 0 2.6 0.8 6.800000000000001 2.6 6.2 1.2000000000000002 4.6000000000000005 3.6 9.200000000000001 0.2 2 4.4 0.4 0.2 1.2000000000000002 4 0 4 0 3.8000000000000003 2.4000000000000004 0 0 0 0 0 0 0 0 0 0 0 0 0.2 0 0 0 0 0 2 0 0 0 0 0 0.6000000000000001 0 0 0 0 0 3.8000000000000003 0 0 0 0 0 0 0 0.2 0 0 0 0 0.2 0 0 0 0 0.4 0 0 0.6000000000000001 0 0 0 0 0 0 0 10.200000000000001 2 6.4 6.6000000000000005 0 2.4000000000000004 2.2 0 3.4000000000000004 2 6.2 0 9.8 0 0.4 4.800000000000001 4.6000000000000005 0 1.6 5.800000000000001 2.4000000000000004 0 0 0 0 0 0 0 0 0 0 0 0.4 0 0 0 0 0.2 6 0 0 0 0 0 0 0 0 0 0 0 0 0 3.6 0 0 0 0 0 0 0.2 0 0 2.6 0 0 0 0 0 0 0 0 0 0 0 1 0.4 0.4 16 8.200000000000001 0 0 0 0 0 0 0 0 0 0 0 0 0 0 0 0 0 0 0 0 0 0 0 0 0 0 2 0 0 0 0 
 0 0 0.2 0.2 16 0.8 0 0 0.2 0.2 0.2 0.2 0.2 0 16.8 0 0.2 0.2 0.2 0 31 36.4 0 62.2 70.8 5.4 31.200000000000003 48.2 20.400000000000002 43.800000000000004 44 12 34.2 12.8 13.600000000000001 72.60000000000001 41.400000000000006 50.400000000000006 30 16.2 0 0 0 0 0 0 0 0 0 0 0 0 12.200000000000001 0 0 0 0.2 1 0 0 0 0 0 0 0.4 0 0 0.2 0 0 0 0 0 0 0.6000000000000001 0 0.2 0.4 0 0 0 0 0 0 0 0 0 0 0 0 0 2.4000000000000004 0 0 0 0 0 0 0 0 1.2000000000000002 0 0 4.2 1.6 2.2 7 4.800000000000001 1.8 2 2.4000000000000004 0 2 1.6 0 1.8 1.8 2.4000000000000004 0.8 0 0 0 0 0 0 0 2 2.2 0 0 0 0 0 0 1.2000000000000002 0 0 0 2.6 4 0 0 0 0 0 0.2 0 0 0 0 0 0 0 0 0 0 0 0 0 0 0 0 0 0 0 0 0 0.2 0 0 0 0 0 0 2.8000000000000003 0 0 0 0 0 5.6000000000000005 4 4.800000000000001 2 1.8 0 4 6.4 7.2 1.6 2.2 4.800000000000001 2.4000000000000004 0 4.2 0 3.6 7.4 3.2 0 0.4 0 0 0 0 0 0 2 0.2 0 0 0 0 2.6 0 0 0 0 0.2 1.2000000000000002 0.4 0 0 0 0 0.6000000000000001 0 0 0 0 0 0 0 0 0 0.4 0 0 0 0 0 0 0 0 0 0 0 0 0 0 0 0 0 0 1 0 0 0.2 15.600000000000001 0 3.6 0 0 0 0 0 0 0 0 0 0 0 0 0 0 0 0 0 0 3.6 0 2.8000000000000003 0 0 0 0 0 0 0 0 
 0 15.4 0.4 0 0 0.2 0.6000000000000001 0 0 0 0 0 0 0 0 0 0 0 0.4 0 11 35 62.2 0 36.800000000000004 8.8 11.8 22 32.6 17.8 15.8 74.4 28.6 58.400000000000006 11.4 43 21 44.800000000000004 93.2 18 0 0 0 0 0 0 0.2 0 0 0 0 0.4 0.6000000000000001 28 0.8 0.4 0 0 0 12.4 0 0 0 0 0 0 0 0 11.4 0 0 1 0 0 0.6000000000000001 0 0 0.4 0 9.600000000000001 0 0 0 0 0 0.4 0 0 0 0 0 0 0 0 0 0 0 0 0 0 0 10.4 1 5.2 4 0 0.6000000000000001 8.8 0 1.8 0.4 4.6000000000000005 0 0.4 0 3.2 0 0 0 0 0 3.8000000000000003 0 0 0 0 1.8 0 0 0 0 0 7 1.8 0 2.2 0 0 7.4 11.600000000000001 0 0 0 0 0.4 0 0 0 0 0 0 0 0 0 0 0 0 0 0 0.8 4.800000000000001 0 0 0 0.2 0.2 0 0 0 0 0 0 0 0 0 0 0 0 0 0 4.6000000000000005 0 13 2.8000000000000003 3.6 2 0 0 3.6 4 0 2.4000000000000004 4 0 3 2 6.800000000000001 0 0 0.2 0 0 0.4 0 0 0 0 1.6 1.2000000000000002 5.800000000000001 3 0 4 3.2 0 0.2 0 0 0.2 5.2 0 0 1.6 0.4 0 0 0 0 0 0 0 0 0 0 0 0 0 0 0 0 0 0 0 0 0 0 0 0 0 0 0 0 0 0 6.800000000000001 0 0.4 0.4 0 0 0 4 0 0 0 0 0.2 0 0 0 0 0 0 0 0 0 0 0.2 0 0 0 4.4 0 0 0 1.6 0 0 0 1.6 
 0.6000000000000001 0.6000000000000001 0.6000000000000001 4.2 0.6000000000000001 2.2 1 0.6000000000000001 1 0.4 0.4 42.400000000000006 0.6000000000000001 0.6000000000000001 0.4 0.6000000000000001 0.8 0.4 0.4 0.6000000000000001 25.200000000000003 52 70.8 36.800000000000004 0 34.2 49.6 10 12.4 54.400000000000006 51.6 42.2 29.8 14.8 11 29.6 9.4 38.2 12.200000000000001 15.200000000000001 10.600000000000001 0 0 0 0 0 0 0 0 0 0 0 4.4 13 0 0 0 0 12.600000000000001 12.4 0 0 0.2 0 0 0 0 0 0 6.4 0 0 0 0 0.6000000000000001 0 0 0.4 0 0 0 0 0 0 0 0 0 0 0 0 0 0 0 0 0 0 0 0 0 0 0 2.4000000000000004 4 2 9.600000000000001 0.2 0 0 1.6 7.800000000000001 6 3.8000000000000003 0 2 0 2.4000000000000004 0 2 0 0 4.2 0 0 0 0 0 2.8000000000000003 0 0 0 0 0 3 0.2 0 0 0.8 0 7.800000000000001 0 0 0 0 0 0 0 0 0 0 0 0 0 0 0 0 0 0 0 0 0.2 0 0 0 0 0 0 0 0 0 0 0 0 0 0 0 0 0 0 0 0 3.6 2.4000000000000004 4.4 0 0 2.4000000000000004 0 0 0.2 1.4000000000000001 9.200000000000001 0 0 0 5.800000000000001 3.4000000000000004 2.8000000000000003 0.2 0 2.8000000000000003 8.200000000000001 0 0 0.6000000000000001 0 0 11.600000000000001 3.4000000000000004 0 0 0 0 0.6000000000000001 1.8 0 0 0 1.4000000000000001 12 4.2 0 0 0 0 0 0 0 0 0 0 0 0 0 0 0 0 0 0 0 0 0 0 0 0 0 0 0 0 0 0 0 0 0 0 0.8 0.8 0.6000000000000001 30.8 8.6 0.4 0.6000000000000001 1.2000000000000002 0 0 0 0 0 0 0 0 0 0 0 0 0 0 0 0 0 0 0 6.800000000000001 0 0 0 0 2.2 0 0 0 
 0 0 0 0.4 0 0 0 0 0 0.2 0.4 0 0 0 0 6.800000000000001 0 0 0 0 36.6 39.2 5.4 8.8 34.2 0 6.4 8.6 16.6 15 39.6 56.6 7.800000000000001 38.2 22.6 30.400000000000002 11.4 46.6 6.4 16.2 0 0 0 0 0 10.8 0 0 0 0 12.200000000000001 0.8 13.200000000000001 12.200000000000001 0 0 0 0 4.4 13 0 0 0.4 0 0 0 0 0 9 0 0 0.6000000000000001 0 0 0.6000000000000001 0 0 0.4 0 0 0 0 0 0 0 0 0 0 0 0 0 0 0 0 0 0 0 0 0 0 0 9.200000000000001 4 0.2 0.2 0 0 0 2.8000000000000003 4.800000000000001 11 3.2 0 0 0 1 0 4.2 0 0 3 1.4000000000000001 0 0.4 1.4000000000000001 0 0.2 0 0 0 0 0 5.800000000000001 4.2 0 1.6 0 0 4.4 4.2 0 0 0 0 0 0 0 0 0 0 0 0 0 0 4.6000000000000005 1.8 0 0.4 0 0 1 0 0 0 0.4 0 0 0 0 0 0 0 0.6000000000000001 0 0 0 0 0 0 0 0 3.2 0 8.4 1.8 6.800000000000001 0 0.4 0 2.2 0.2 4.4 0 0 3 2.4000000000000004 1.6 0 0 0 2 4.2 0 0 0 0 2.2 0 1.2000000000000002 0 0 0 2 3.6 0 1.6 0 0 0.6000000000000001 4.4 0 0 0 0 0 0.2 0 0 0 0 0 0 0 0 0 0 0 0 0 0 0 0 0 0 0 0 0 0 2.6 0 0 0 0 0.2 4 0.4 1.2000000000000002 15.4 15.4 0 0.4 1 0 0 0 0 1.6 0 0 0 0 0 0 0 0 0 0 0 0 0 0 0 0 0 0 0 2 0 0 0 
 0.6000000000000001 0.6000000000000001 0.6000000000000001 7.6000000000000005 1 14.600000000000001 0.6000000000000001 0.6000000000000001 5.800000000000001 0.6000000000000001 0.6000000000000001 5.6000000000000005 0.6000000000000001 0.6000000000000001 0.6000000000000001 0.6000000000000001 0.6000000000000001 0.6000000000000001 0.6000000000000001 0.6000000000000001 16.400000000000002 38.2 31.200000000000003 11.8 49.6 6.4 0 42.800000000000004 38.2 21.6 24.200000000000003 10 79.2 13 66 8.4 23 8 55.800000000000004 111.80000000000001 0 0 0 0 0 0 0 0 0 0 0 0 0.6000000000000001 0 0.2 0 0 1 0 0.2 0 0 0 0 0 0 10 1.2000000000000002 0 0 0 0 0.6000000000000001 0 0.6000000000000001 0 0 0.4 0 0 0 0 0 0 6 5.6000000000000005 0 0 0 0 0 1.8 0 0 0 0 0 0 0 0.2 4 0 0 3.4000000000000004 5 0 13 7 5.800000000000001 4.4 0 3 4.2 2.8000000000000003 4.4 1.8 5 8.6 4.4 12.200000000000001 0 0 0 0 0 0 0 0 0 0 0.2 0 0 0 0 0 0 0 0 0 0 0 0 0 4.2 0.6000000000000001 0 0 0 0 0 0 0 0 0 0.4 0 0 0 0.4 0 0 0 2.2 1.8 0 0 0 0 0 1.8 0 0 0 0 0 0 0 0 0 2.2 4 0 0.4 2 0 3.2 2.6 2.6 2 0 0 6.4 2.6 0.2 2.8000000000000003 0 2.2 4.4 6.800000000000001 0 0.4 0 0 0 0 0 0 0 0 0 0 0 0 0 0 0 0 0.2 0 0 0 0 0 0 0 0 0.4 0 0 0 0 0 0 0 0 0 0 0 0 0 0 0 0 0 0 0 0 0 0 0 0 0 0 2.2 0 0 0 0 0.4 0 0 0 0 0 0 0 0 0 0 0 0 0 0 0 0 0 0 0 0 0 0 0 0 0 0 0 0 0 0 
 0 0 0 0 16.8 5.800000000000001 0.6000000000000001 0 0 0 0 0 0 0.4 0 0 0 0 0.6000000000000001 0 30.8 30 48.2 22 10 8.6 42.800000000000004 0 45.400000000000006 93.60000000000001 23.400000000000002 5.4 59.400000000000006 22.6 25.8 22 96.80000000000001 27 9 19.400000000000002 0 0 0 0 0 0 0.2 0 0 0 0 0.4 0.6000000000000001 0 0 0 0 3.8000000000000003 0 0.8 0 0 0 0 0 0 9.4 0 0 0 0 0 0 0 0.6000000000000001 0 0 0.4 0 0 0 0 0 0 0.2 1.2000000000000002 0 0 0 0 0 4 0 0 0 0 0 0 0 0.4 0 0 0 10 2.4000000000000004 0 4 6.2 9.200000000000001 3.8000000000000003 0 0 0 1.8 3 5.800000000000001 13.4 5.6000000000000005 7.2 0 0 0 0 0 0 0.4 0.8 0 0 0 0.4 0 0 0.2 0 0 0 0 0 0 0 0 0 0 0 0 0 0 0 0.2 0 0 0 0 0 0.2 0 0 0 0 0 0 0 2.4000000000000004 0 0 0 0 0 0 0 0 0 0 0 0 0 0 0 0 5 4.6000000000000005 8 3 9.600000000000001 0 2.2 5.6000000000000005 4.2 8.8 6 0 3 0.2 4.4 0 4 18.8 18 4 0.2 0.2 0 0 0 0.4 0 0 0 0 0 0 0 0 0 0 0 0 4 0 0 0 0 0 0 0 0 0 0 0 0 0 0 0 0 0 0 0 0 0 0 0 0 0 0 0 0 0 0 0 0 0 0 0 2.2 0 0 0.4 0 0.4 0 0.2 0 0 0 0 0 0 0 0 0 0 0 0 0 0 0 1.8 0 0 0 0 0 0 0 1.8 0 0 0 0 
 0 0.4 0 0 0 15 0.8 0.4 0.4 0.2 0 0 0.4 0 0 0 0.4 0 0 14.600000000000001 27.200000000000003 91 20.400000000000002 32.6 12.4 16.6 38.2 45.400000000000006 0 45 22 8.4 49 51.400000000000006 46.400000000000006 32.800000000000004 33.4 5.2 46.400000000000006 76.60000000000001 0 0 0 0 0 0 0 0 0 0 0 0 0.6000000000000001 0.4 0 0 0 0 0 0.6000000000000001 0 0.8 0.2 0 0.6000000000000001 0 1.2000000000000002 2.4000000000000004 10.200000000000001 0 0 0 1 0 0.6000000000000001 0.4 0.6000000000000001 0.4 0 0 0 0 0 0 0 2 0 0 0 0 0 0 0 0 0 0 0 0 0.4 0 0 11.200000000000001 13.600000000000001 5 4.6000000000000005 0 0.6000000000000001 4.2 5.800000000000001 0 0 2.6 1.2000000000000002 2.6 3.2 11.8 9 4 1.6 6.2 0 0 0 0 0 2 0 0 0 0 0 0 1.8 0 0 0 0 0 0.6000000000000001 0 0 0 0 0 0 6.2 0.6000000000000001 0 0 0 0 0 0 0 0.4 0 0 0 0 0 1.6 2.2 0 0 0.4 0 0 0 0 0 0 0 1.6 0 0 0 0 0 0 0 1.4000000000000001 0.2 2 4.800000000000001 0 0 0 1.8 7.4 4.800000000000001 4 0 2.6 2 0.2 3.2 7.6000000000000005 0 3.6 6.6000000000000005 1.6 0 0 0 0 0 0 0 0 0 0 0 0 0 0 0 0 0 2.8000000000000003 0 0.2 0 0 0 0 3.4000000000000004 0 0 0 0 0 0 0 0 0 0 0 0 0 0 0 0 0 0 0 0 0 0 0 0 0 0 0 0 2.4000000000000004 0 0.6000000000000001 15.200000000000001 16.2 0 0 0 0 0 0 0 0 0 0 0 0 0.4 0 0 0 0 0 0 0 0 0 0 0 0.2 0 1.8 0 0 0 0 
 0 0 0.4 0.2 0 0 0 0 0.6000000000000001 0.4 0.2 0.2 0.2 0 0.2 0 0.2 1.2000000000000002 0.6000000000000001 0 36.6 37.2 43.800000000000004 17.8 54.400000000000006 15 21.6 93.60000000000001 45 0 22.200000000000003 49.2 19.400000000000002 49.800000000000004 46.800000000000004 98.60000000000001 21.200000000000003 30.200000000000003 33.6 25.8 0 0 0 0 0 0 0.2 0.2 0 0 0 1.2000000000000002 13.8 0.2 0 0 0.4 0.2 0 0 0 0 0.6000000000000001 0 0.4 0 1.2000000000000002 1.2000000000000002 8.200000000000001 0 0 0 0 0 0.6000000000000001 0 0 0.8 0 0 0 0 0 0 0 0 0.2 0.4 0 0.2 0 0 0 0 0 0 0 0 0 0 0.2 2.8000000000000003 0.2 3 3.8000000000000003 3 2 0.2 5.4 0 2.8000000000000003 7 3.8000000000000003 0 4 1 3.4000000000000004 1.8 0 2.6 1.8 2 0 0 0 0 2.6 2 0 0 0 0 1.6 5.4 3.8000000000000003 0 0 0 0 0 0.2 0 0 0 0.4 0.8 1 0 0 0 0 0 0 0 0 0 0 0 0 0.2 1 2.6 0 0 0.4 0 0 0 0.4 0.4 0 0 0.8 0 2.4000000000000004 0 0 0 0 0 2 3.2 0 5.4 0 1.6 3.2 1.4000000000000001 1.4000000000000001 5.2 0 5.2 2 0 0 4 4.6000000000000005 0 0.2 0 1.8 0 0 0 0 0 0 0.6000000000000001 3 0 0 0 4.2 11.200000000000001 0 0 0 0 0 5.4 0 0 0 0 0 0 0 0 0 0 0 0 0 0 0 0 0 0.2 0 0.2 0 0 0 0 0 0 0 0 0 0 0 0 0 0 3 0.6000000000000001 0 0 15 0.6000000000000001 0.6000000000000001 0 0 0 0 0 0 0 0 0 0 0 0 0 0 0 0 0.2 0 3 0 0 0 0 0 0 0 0 0 0 
 0.4 0 0.2 0 0 15.4 0.4 0 0.2 0 0 0 0 0 0 0 0 0 0 0.4 23.6 27.6 44 15.8 51.6 39.6 24.200000000000003 23.400000000000002 22 22.200000000000003 0 41 36.4 76.2 29.200000000000003 13.200000000000001 140.8 71.60000000000001 15.600000000000001 30.6 0 0 0 0 0 0 0 0 0 12.200000000000001 0 0 0.6000000000000001 12.600000000000001 0 0 12.4 0.6000000000000001 0 0 0 0 0.2 0 0 0 0 0 0 0 0 1 0 0 0.6000000000000001 0 0 0.4 0 0 0 0 0 0 0 0 0 0 0.4 0 0 0 0 0 0 0 0 0 0 0 0 7 6 5 3.4000000000000004 2.2 4.800000000000001 2.8000000000000003 9 2 5.6000000000000005 2.8000000000000003 0.4 1.8 0.2 0.2 5 4.6000000000000005 1.2000000000000002 0 2.4000000000000004 2 0.2 0 0 0 0.4 0 0 0 0 0 1.4000000000000001 0 0 0 0 0 4 3.4000000000000004 0 0 0 0 0 0 0 0 0 0 0 0 0 0 0 0 0 0 0 0 0 0 0.2 0 0.2 0 0 1.2000000000000002 0 0 0 0 0.2 0 0.4 0 0 0 0 0 6.6000000000000005 4.2 3.8000000000000003 0.2 7.4 2 0 0 7.4 6.6000000000000005 3.8000000000000003 2 0 1.8 4 0 4 4.2 0.6000000000000001 1.2000000000000002 0 0 0 0 0 0 2 0 0 0 0 0 0 0 0 0.2 0 0 1.6 1.4000000000000001 0 0 0 0 0 0 0 0 0 0 0 0 0 0 0 0 0.2 0 0 0 0 0 0 0 0 0.2 0 0 0 0 0 0 0 0 3.4000000000000004 0 0 17.8 0.2 0.2 2.6 4.4 0 0 0 0 0 0 0 0 0 0 0 0 0 0 0.2 0 0 0 0 4 0 0 0 1.2000000000000002 0 0 0 0 
 0.6000000000000001 0 1 0 0 0.4 0 0 0.2 0 0.2 0.2 0 0.6000000000000001 0.4 0 0 0 0.2 0.2 6.4 7.6000000000000005 12 74.4 42.2 56.6 10 5.4 8.4 49.2 41 0 12 30.6 50.400000000000006 7.2 17.2 40.6 48.6 10.200000000000001 13.4 0 0 0 0 0 0 0.2 0 1 0 1 13.600000000000001 15 0 0 0 0 1.6 3.2 0 0 10.200000000000001 0 0 0 0 0 0 0 0 1.2000000000000002 0 0 0.6000000000000001 0 0 0.4 0 0 0 0 0 0 0 0 0 0 0 0 0 0 0 0 0 0 0 0 0 0 0 1.8 3 0 0 0.4 0 0 0 1.4000000000000001 3.2 9.600000000000001 0 0 3 0 0 0 0 0 2.4000000000000004 2 0 0 0 0 7.6000000000000005 0.2 0 0 0 0 4.800000000000001 13.8 0 5.2 0 0 2 0.2 0 0 0 0.2 0 0 0 0 0 0 0.2 0 0 0 0 0 0 0 0 0 0.4 0.2 0 0 0.2 0 0 0 0 0 0 0 0 0.2 0 0 0 0 0 0 0 2.4000000000000004 0.4 6.2 4.6000000000000005 2.6 0 0 0 1.8 0 3.8000000000000003 0 1.6 0 0 1.4000000000000001 0 0 0 0 0 0 0 0 0 1.4000000000000001 5.6000000000000005 4.6000000000000005 0.2 0 0 6.4 7.4 0 3 0 0 0 4.6000000000000005 0 0 0 0 0 0 0 0 0 0 0 2.2 1.4000000000000001 0 0 0 0 0 0 0 0 0 0 0 0 0.4 0 0 0 0 0 0 0 0 0.6000000000000001 0 0 1.4000000000000001 0.2 0.8 0.6000000000000001 3.6 0 0 0 0 2 0 0 0 0 0 0 0 0 0 0 0 0 2.6 0 2.4000000000000004 0 0 0 0 0 0 0 0 
