 0 36.4 13 16.2 7 4.4 36.4 11.8 23.8 5.4 7.4 6.2 53.2 73 26.8 9.4 27.200000000000003 5 50.800000000000004 51.6 0 0 0.4 0.2 14.8 0.4 0 0.4 0 0 0 0.4 0 0.2 0 0.2 0 0 15.4 0.4 0 0.4 0 0 0 0 0 0 0 0 0 0 0 1.2000000000000002 0 0 0 0.2 0 0.6000000000000001 0.4 0.6000000000000001 0.6000000000000001 0 0 0.4 0 0 0 0 0 0.6000000000000001 0.2 0 0 0.4 0 0.4 0 1.4000000000000001 5 2.6 3.4000000000000004 0 0 0 7 9 15.200000000000001 2.6 1.8 1.6 0.2 0 1.8 6.800000000000001 0.6000000000000001 2.2 10.600000000000001 4 0 0 0 0 0 0 0 0 0.2 0 0 0 0 0 0 0 0 0 0 3.4000000000000004 0 0 0 0 0 0 0 0 0 0 0 0 0 0 0 0 0 0 0 0 0 0 0 0 0 0 0 0 0 0 0 0 0 0.8 0.4 0 0 3 0 0 3.6 5.4 0 0.4 0 0 4.4 2.4000000000000004 2.4000000000000004 3 0 0 0 2 3.6 4.4 5.2 2 15.200000000000001 11.8 0 0 0 0 0 0 0 0 0 0.2 0 0.4 3.8000000000000003 0 0 0 0 0 0 0 0 0 0 0 0 0 0 0 0 0 0.2 0 0 0 0 0 0 0 0 0 0 0 0 0 0 0 0 0 0 0 0 0 0 0 0 0 0 0 0 0 0 0.2 0 0 0 0.4 1.2000000000000002 0 0.4 17.8 0 4.800000000000001 0 0 14.600000000000001 0 0 0 0 0 0 0 0 0 0 0 0 0 0 0 0 0 0 0 0 0 0 0 0 0 0 0 0 0 0 0 0 0 0 0 
 36.4 0 54.6 45.400000000000006 7.4 56.2 15 51.400000000000006 44.800000000000004 25 24 7.2 20 26.200000000000003 66.60000000000001 10.200000000000001 48 43.6 28.200000000000003 19.8 0 0 0 0.2 0.2 0 0 0.6000000000000001 0.4 0 0.8 0.4 7 0.2 0 0.2 0 0 0.6000000000000001 6.800000000000001 2.2 0.4 0 0 1 0 0 0 0 0 0 12.8 0 0 0 0 0 0.6000000000000001 0 0.6000000000000001 0.6000000000000001 0.6000000000000001 0.6000000000000001 0.8 1.8 0.4 1 0 0 0 0 0.6000000000000001 0 0 0 0.4 0 0.6000000000000001 0 0 5 2.8000000000000003 2.8000000000000003 5.4 2.8000000000000003 2.2 4.4 10.200000000000001 4.4 1.8 6.4 2.8000000000000003 1.6 0 4.6000000000000005 3.6 4 0 6.6000000000000005 0 0 0 0 0 0 0 0 0 0 0 0 0 0 0 0 0 0 0 0 3 0 0 0 0 0 0 0 0.4 0 0 0 2.2 0 0 0 0 0 0 0 0 0 0 0 0 0 0 0 0 0 0 0 0 0 0.8 0 0 0 0 0 0 0 1.6 1.2000000000000002 0 2.2 2.8000000000000003 0 3.4000000000000004 0 4.800000000000001 0.2 1.4000000000000001 4.800000000000001 7 0.2 9.200000000000001 1.6 2.6 0 0.6000000000000001 0 0 0 0 0 0 0 0 0 0 0 3.2 3 0 0 0 0 0 0 0 0 0 0 0 0 0 0 0 0 0 0 0 0 0.4 0 0 0 0 0 0 0 0 0 0 0 0 0.2 0 0 0 0 0 0 0 0 0.4 0 0 0 0 0 0.2 0 0 0 0.4 0.8 0.2 0 0.2 0 1.8 0 0 0 0 0 0 0 0 0 0 0 0.4 0 0 0 0 0 0 0 0 0 0.2 0 0 0 1.2000000000000002 0 0 0 0 0 0 0 0 0 0 0 0 
 13 54.6 0 24 45.6 21.200000000000003 11.200000000000001 45.400000000000006 112 69.60000000000001 35.2 22.6 29.200000000000003 9.8 24.200000000000003 15 42.2 40.800000000000004 64.60000000000001 28.6 0 0 13 0 0.2 0 13.8 0.4 0 0 0 0.4 15 0.2 0 0.4 0.4 0 0.8 15.200000000000001 0 0.4 0 0 0 0 0 0 0 0 0 0 0 1.2000000000000002 0 0 0 0.4 0 0.6000000000000001 0.4 0.6000000000000001 0.4 0 0 0.6000000000000001 0 0 0 0 0 0.6000000000000001 1.8 0 0 0.6000000000000001 0.2 0.6000000000000001 0.2 0 2.6 8.200000000000001 6.6000000000000005 2.4000000000000004 3.6 2.8000000000000003 3 2.6 0 3 0 0.2 0.2 7 1.6 2.2 0.2 0 2.2 0 0 0 0.2 0 0 0 0 0 0 0 0 0 0 0 0 2 0 0 2 1.4000000000000001 0 0 0 0 0 0 0 0 0 0 0 0 0 0 0 0 0 0 0 0 0 0 0 0 0.2 0 0 0.2 1 0 0 0 0 1.2000000000000002 0 0 0 0 0 0 0 0.4 2.8000000000000003 0 2.2 5.2 2.6 2.6 0 0.2 1.6 1.8 2.8000000000000003 1 2 4.4 0.4 3.8000000000000003 0 0 0 0 0 0 0 0 0 1.8 0 0 0 0 0 3.2 0 0 0 0 0 2.6 0 0 0 0 0 0 0 0 0 0 0 0 0 0 0 0.8 0 0 0 0 0 0 0 0 0 0 0 0 0 0 1.2000000000000002 0 0 0 0 0 0 0 0.2 0 0 0 0 0 0 0.4 9.200000000000001 0 0 0 0 2.8000000000000003 0 0 0 0 0 0 0 0 2 0 3.2 0 0 0 0 0 0 0 0 0 0 0 0 0.8 0 0 0 0 0 0 0 0 0 0 0 0 0 0 
 16.2 45.400000000000006 24 0 17.400000000000002 42.6 38 18.8 52.6 21.400000000000002 18.6 8.8 30.6 10.8 32.4 17.6 25.8 58.2 16.8 16.6 0 3 0 0 0 0 27.200000000000003 0.4 0 0.6000000000000001 0 0.4 0.2 0 0.4 0 0.6000000000000001 0.2 39.800000000000004 0.6000000000000001 0 0.4 0 0 0 0 0 1.6 0 0 0 0 0.4 0 0 0 0 0 0 0.6000000000000001 0.6000000000000001 0.6000000000000001 1 0 0.4 0.4 0 0 0 0 0 0.6000000000000001 0 0 0 0.4 0 1.2000000000000002 0 0 5.6000000000000005 0.4 0 6 0.4 5.4 2 3.4000000000000004 0 3 4.2 6.2 0 0.2 3.4000000000000004 6 6.2 1.4000000000000001 0.2 3.8000000000000003 0 2.6 0 0 0 0 2 0 0 0 0 0 3 0 1.6 2.6 0 0 2.2 12.600000000000001 0.2 0 0 0 0 0 0 0 0 0 0 0 0 0 0 0 0 0 0 0 0 0 0 0 0 0 0 0 0 7.800000000000001 0 0 1 0 0 0 0 0 0 0.6000000000000001 3.2 2.6 0 14.200000000000001 2.8000000000000003 1.6 0.2 3.2 7.2 0 2 2.6 2.6 2 0 0.2 2 0.2 0 0 0 2 0 0 0 0 0 1.6 0.2 0 0 0 6.800000000000001 0 1.6 0 0 0 1.8 0 3.4000000000000004 0 0 0 0 0 0 0 0 0 0 0 0 0 0 0 0 0 2.6 0 0 0 0 0 0 0 0 0 0 0 0 0 0 0 0 0 0 0 0 0 0 1.2000000000000002 0 0 0 0.2 2.2 0 17.6 18.6 4.800000000000001 3.6 0 0 0 0 0 0 0 0 0 0 0 0 0 0 0 0 0 0 0 0 0 0 1 0 0 0 0 0 0 0 0 0 0 0 0 0 0 0 
 7 7.4 45.6 17.400000000000002 0 49.400000000000006 26.8 47.400000000000006 90.80000000000001 31 55 31.200000000000003 11.8 8 38 78 13.600000000000001 8.6 13.600000000000001 81.4 5.4 1.4000000000000001 0.8 0 0 0 14.600000000000001 0.4 0 14.4 0 0.4 0 0 15 0.6000000000000001 0 15.200000000000001 15.200000000000001 0.4 1.8 0.4 0 0 0 0 0 0.8 0 2 0 0.4 0 0 0 0 0 0 0 14 0.4 0.6000000000000001 0.4 0 6.4 0.4 0 0 0 0 0 0.6000000000000001 13.200000000000001 0 0 0.6000000000000001 0 0.4 0 0 6.800000000000001 2 1.4000000000000001 6 6.2 1.8 0 1.6 0 0 6.2 3.2 0 0 2.4000000000000004 3 6.800000000000001 2.4000000000000004 0 5.800000000000001 6 0 0 0 0 0 0 0.2 0 0 0 0 0 5.6000000000000005 0 0.2 3 0 1.4000000000000001 0.2 0 0 0 0 0 0 0 0 0 0 0 0 0 0 0 0 0 0 0 0 0 0 0 0 0 0 0 0 0 0 0 0 4.6000000000000005 1.8 0 0 0 0 0 0 2.4000000000000004 0 2.4000000000000004 0.2 3.6 11.8 0 2.4000000000000004 2.8000000000000003 7.4 2.6 0 0 1.4000000000000001 4.6000000000000005 5.4 2 0.2 0 0 0 0.2 0 0 0 0 0 2 0.4 0 0 0 3.2 8.200000000000001 0 0 0 0 2 5.800000000000001 0 0.4 0 0 0 0 0 0 0 0 0 0 0 2.4000000000000004 0 0 0 0 0 0 0 0 0 0 0 0 0 0 0 0 0 0 0 0 0 0 0 0 0 0 0 0 0 0 0 0.4 18.6 0.4 1 0.4 0 3.4000000000000004 2 0 0 0 0 0 0 0 0 0 0 0 0 0 3 0 0 0 0 0 0 0 0 5 9.8 2.4000000000000004 0 0 0 0 0 0 0 0 0 0 0 0 
 4.4 56.2 21.200000000000003 42.6 49.400000000000006 0 58.800000000000004 25.8 43 29.8 57.800000000000004 51 8.200000000000001 7.2 12 57.800000000000004 79 45 9.600000000000001 54.2 12.8 0 0.2 0 0.6000000000000001 0.2 3.8000000000000003 16.8 0.4 0 0 0.4 0 0 0 0 0 15.200000000000001 0.8 0.4 0 0.4 0 12.8 0 0 0 0 0 0 0 0 0.6000000000000001 0 0 0 0 4 1.2000000000000002 1 0.4 0.6000000000000001 0.6000000000000001 0 0 0.4 0 0 0 0 0 0.6000000000000001 0.2 0 0 6.800000000000001 0 0.4 0 0 0 0 1.8 5.2 10.600000000000001 2.8000000000000003 0 1.8 0 3 4.2 4.2 0 0 1 2 2.4000000000000004 5.2 0 0 0 3 0 0 0 0 3.8000000000000003 0 0 0 0 0 9 0 0 0 0 2.6 1.8 0 0 0 0 0 0 0 0 0 0 0 0 0 0 0 0 0 0 0 0 0 0 0 0 0 0 0 0 0 0 0 0 0 0 0 0 0 0 0 0 0.2 2.8000000000000003 1.2000000000000002 2.2 0 0.2 0.2 0 0 0 1.8 10.600000000000001 1.8 0.2 4.4 0 2.4000000000000004 0 2.8000000000000003 0 0 3 6.4 0 0 0 0 3.4000000000000004 2.4000000000000004 0 0 0.2 3.2 8.6 2.4000000000000004 2 2.4000000000000004 4 2.6 3.2 2.4000000000000004 0 0 0 0 0 0 0 0 0 0 0 0 0 0 0 0 0 0 0 0 0 0 0 0 0 0 0 0 0 0 2.2 0 0 0 0 0 0 0 0 0 0 0 4.800000000000001 0 0 0 0 0.4 10.4 0 1.6 0 0 0 0 0 0 0 0 0 0 0 0 0 0 0 0 0 0 0 0 0 0 0 0 0 0 0 0 0 0 0 0 0 0 0 0 0 0 0 
 36.4 15 11.200000000000001 38 26.8 58.800000000000004 0 14.4 11.4 7 9 25.400000000000002 44.800000000000004 47.2 43.800000000000004 51.400000000000006 8.8 11.200000000000001 48 9.600000000000001 0.4 1 1 0.6000000000000001 0 0 0.4 8.6 0 0 0 0.8 0.8 0.4 0.4 0.6000000000000001 0.8 0 8.8 0.4 0.4 0.4 0 0 0.6000000000000001 0 0 0.4 0 0.4 0 0 0 0 0 0 0.4 1 0.6000000000000001 0.6000000000000001 0.4 1 0.4 0 0 0.4 0.2 7.6000000000000005 0.4 0.6000000000000001 0 9 0.6000000000000001 0 0 0.6000000000000001 0 0.4 0.6000000000000001 10 7.800000000000001 0.2 2.8000000000000003 0 0 0 5.6000000000000005 3.2 8.4 0.2 0 0 0 1 0 0 3.6 0 0.4 10.600000000000001 0 0 0 0 0 0 0 0 0 0.6000000000000001 0 0 0 0 0 0 0 0 0 0 0 0 0 0 0 0 0 0 0 0 0 0 0 0 0 0 0 0 2.2 0 0 0 0 0 0 0 0 0 0 0 0 0 0 0.4 0 0 0 0 0 0 6.4 2 2 3.4000000000000004 2 0 3.6 3 0 0 0 0 0 1.8 2 0 0 0.2 3.6 3.4000000000000004 0 0 0 0 0 0 0 0 0 0 0 0 0 0 0 0 0 0 2.4000000000000004 2.6 0 0 0 0 0 0 0 0 0 0 0 0 5 0 0 0 0 0 0 0 0 0 3 0 0 0 1.6 0 0 0 0 0 0 0.2 0 0 0 0 0 0 0 1.8 0 0 0 0 18.2 0 0.4 0 0 3.8000000000000003 0 0 0 0 0 0 0 0 0 0 0 0 0 0 0 0 0 0 0.2 0 0 0 0 0 0 0 0 0 0 0 0 0 0 0 0 0 0 0 
 11.8 51.400000000000006 45.400000000000006 18.8 47.400000000000006 25.8 14.4 0 58.2 20.400000000000002 27.8 36.800000000000004 106.4 34.2 125.4 13.8 23.400000000000002 9.200000000000001 15.200000000000001 75.8 0 0 0 41 0.2 41 0 41.6 0.4 0 2.2 0.4 15.4 0.2 0 0.4 0 0 0.6000000000000001 15.200000000000001 1 0.4 0 0 0 0 0 0.4 0 0 0 0 0 0 0 0 1.4000000000000001 0 0 13.200000000000001 0.6000000000000001 0.6000000000000001 0.6000000000000001 0 0 0.4 0 0 0 6 0 0.4 7.4 0 0 0.4 0 0.6000000000000001 0 0 1.8 7.2 4.6000000000000005 0.8 4.2 5 0 10.4 3 0 1.8 3 3.4000000000000004 2.8000000000000003 3.2 7 4.4 4 0.2 0 0 0 0.2 0 0 0 0 0 0 0.4 0 0 0 0 0 0.4 0 0.4 0 0.2 0 0 0 0 0 0 0 0 0 0 0 0 0 0 0 0 0 0 0 0 0.2 0.2 0.4 2.8000000000000003 0 0 0 0 0 0 0 0 0 1.2000000000000002 0 0 0 0 0 0 0 3.6 2 0 0 2.8000000000000003 0 7.6000000000000005 2.6 12.4 2.2 0 0.2 0.4 6.800000000000001 2.8000000000000003 5.6000000000000005 3.6 0 1.8 0 0 0 0 0 0 0 0 0 0 0 3.8000000000000003 3 0.2 0 0 0 0 1.4000000000000001 4.2 0 0 0 0 0.2 0 0 0 0 0 0 0 0 0 0 0 0 0 0 0 0 0.4 0 0 0 0 0.2 0 0 0.4 0 0 0 0 0 0 0 0 0 0 0 0.2 0 0 0 0 17.8 0.4 0.8 0.2 0.2 1 2.4000000000000004 0 0 0 0 0 0 0 0 0 0 0 0 0 0.4 0 0 0 0 0 0 0 0 5 2.4000000000000004 5 0 0 0 0 0 0 0 0 0 0 0 2 
 23.8 44.800000000000004 112 52.6 90.80000000000001 43 11.4 58.2 0 26.400000000000002 37.2 24.200000000000003 19.200000000000003 10.4 26.200000000000003 48.6 30 26.200000000000003 15 73.4 0 0 0 0 0 0 14.8 0.4 0 0.8 0 0.4 0 0.4 0 0.4 0 0 8 0.4 0 0.4 0 0 0 0 0 0 0 0 0 0 0 0.2 0 0 0 0.4 0 2.4000000000000004 0.4 0.6000000000000001 0.6000000000000001 0 0 0.4 0 0 0 0 0 0.6000000000000001 7.6000000000000005 0 0 0.4 0 0.4 0 0 2.6 5.4 3.6 2.8000000000000003 7.2 0 1.8 8.4 0 1.4000000000000001 4.2 7.4 2.8000000000000003 1.4000000000000001 4 6.2 8.6 2.6 0 0 0 0 0 0 0 3.6 0 0 0 0 0 3.6 0.2 0 0 0 0 0 0.2 0 0 0 0 0.2 0 0.4 0 0 0 0 0 0 0 0 0 0 0 0 0 0 0 0 0 0 0 0 0.4 0 0 0.4 0 0 0 1.2000000000000002 0 0.2 0 0 0.2 2.4000000000000004 0.2 5 0 2.4000000000000004 0 2 1.4000000000000001 4.4 1.2000000000000002 6.4 4.2 0 1.8 6.4 4.4 3.8000000000000003 9.8 2.6 0 0.2 0 0 0 0 3.2 0.4 0 1.8 0 0 0 0 9.200000000000001 4 0 0 0 0 0 0 0 0 0 0 0 0 0 0 0 0 0 0 0 0 0 0 0 0 0 0 0 0.2 0 0 0 0 0 0 0 0 0.2 0 0 0 0 0 0 0 0.2 0 0 1.4000000000000001 0 0 0 0.4 35.6 0 0.4 0.2 0 1.2000000000000002 0 0 0 0 0 0 0 0 0 0 0 0 0 0 0 0 0 0 0 0 0 0 0 2 0 4.2 0 0 0 0 0 0 0 0 0 0 0 7.2 
 5.4 25 69.60000000000001 21.400000000000002 31 29.8 7 20.400000000000002 26.400000000000002 0 72 76.60000000000001 31.8 12 29 37 17.8 67.2 17.6 17.8 0 0 0 0.4 0.4 0 31 0.6000000000000001 0 0 0 0.4 15 0.4 16 0.4 0 0.2 16 15.4 1 0.6000000000000001 0 0 0 0 0 0.4 11.8 0 0 0 0 0 0 0 0 0 0 12.200000000000001 0.6000000000000001 0.6000000000000001 0.6000000000000001 0 0 0.4 0 0 0 0 0 0.4 10.600000000000001 0 0 0.4 0 0.6000000000000001 0 0 0 7.4 2.4000000000000004 0 7.4 6.6000000000000005 0 0 0 11.600000000000001 0 0 0 2.2 4.4 0.2 6 2 0 0 3.2 0 0.2 0 0 0 0 0.2 0 0 0 0 1 0 1.8 0 0 3.6 1.2000000000000002 2.4000000000000004 0 0 0 0 0 0 0 0 0 0 0 0 0 0 0 0 1.8 0 0 0 0 0.8 0 0 0 0 0 0 0 3.2 0 0 0 1.6 0 0 0 0 0 0 0 0 4.2 3.4000000000000004 0 5.800000000000001 2 2.6 4.2 3 1 11 0.2 0.2 6.800000000000001 2.4000000000000004 2 3.6 0 0 3.2 0 0 0 0 0 0 2.4000000000000004 0 0.2 0 0 0 6.2 0.4 0 0 0 0.4 3.8000000000000003 0 0 0 0 0 0 0 0 0 0 0 0 0 0 0 0 0 0 0 0 0 0 0 0 0 0 0 0 0 0 0 0 0 0 0 0 0 0 0 0 0 0 0 0 0 0.2 21.400000000000002 0.2 0.6000000000000001 9.4 0 3.6 2 0 0 0 0 0 0 0 0 0 0 0 0 0 0 0 0 0 0 0 0 0 0 6.6000000000000005 0 3.2 0 0 0 0 0 0 0 0 0 0 0 0 
 7.4 24 35.2 18.6 55 57.800000000000004 9 27.8 37.2 72 0 49.6 42.6 50 45 20.6 42.400000000000006 11 8 55.6 0 0 0 0 0 0 0.4 14.8 0 0 0 0.4 7.2 0.2 7 1.4000000000000001 0 0.2 22.8 4.4 13.200000000000001 0.4 0 0 0 0 6 0 0 0 0 0 0 0 0 0 10 0 0 0.6000000000000001 0.4 0.6000000000000001 0.6000000000000001 6.4 0 0.4 0 0 0 0 0 0.6000000000000001 6.4 0 0 0.6000000000000001 0 0.4 0 0 0 0.2 0 4.6000000000000005 3.8000000000000003 2.8000000000000003 0 3.2 0 4.800000000000001 0.2 6.800000000000001 0 0.8 8.6 3.8000000000000003 4.800000000000001 3.2 0 0 1.6 0 0 0 0 0 3.2 0 0 0 0 0 0.2 0 0 0 0 0 1.6 0 2.6 0 5.6000000000000005 0 0 0 0 0 0 0 3 0 0 0 0 0 0 0 1.4000000000000001 0 0 0 0 0 0 0 1.4000000000000001 0 0 0 0 0 0 0 0 0 0 0 0 0 0 1 2.8000000000000003 2.8000000000000003 1.8 5.4 0.4 8 3.2 5.6000000000000005 3.2 1.4000000000000001 2.6 1.4000000000000001 8.6 2 0 3.8000000000000003 0 0 0.4 0 0 0 0 0 3.6 0 0 0 0 0 3.2 0.4 0 4.6000000000000005 0 1.4000000000000001 0.6000000000000001 0.6000000000000001 0 0 0 0 0 0 0 0 0 0 0 0 0 0 0 0 0 0 0 0 0 0 0 0 0 0 0 0 0 0 0 0 0 0 0 0 0 0 0 0 0 0 0 0 0 0.2 0 0 0.8 0 0.4 4.4 0.2 0 0 0 0 0 0 0 0 0 0 0 0 0 0 0 0 0 0 0 0 0 0 0 0 4.2 0 0 0 0 0 0 0 0 0 0 0 0 
 6.2 7.2 22.6 8.8 31.200000000000003 51 25.400000000000002 36.800000000000004 24.200000000000003 76.60000000000001 49.6 0 7.4 13.600000000000001 67 50 33.4 58 7.4 11.600000000000001 5.2 0.4 0 15.200000000000001 0.2 0 15.8 0.4 0.2 0 0 0.6000000000000001 0 0 15.600000000000001 11.4 0.4 0 18 21 2.2 0.4 0 0 0 0 0 1 0 0 0 0 0 0 0 0 0 0.4 0 25.6 0.4 0.6000000000000001 0.4 0 0 0.4 0 7.6000000000000005 0 6.6000000000000005 0 10 0.6000000000000001 0 0 0.6000000000000001 0 0.4 0 0 3 0 0.4 5.6000000000000005 4 2.2 0 2.4000000000000004 0 3.8000000000000003 5.800000000000001 6.800000000000001 0 0 0 3.6 6.6000000000000005 12 0 4 6.4 0.2 0 0 0 0 0 0 0 0 0 0 2.4000000000000004 4.6000000000000005 0.2 0.2 3.4000000000000004 0 6 0.2 0 0 0 0 0 0 0 0 0 0 0 0 0 0 0 0 0.4 0 0 0 0 0 0 0 0 0 0 0.2 0 0 0 0 0 0 0 0 0 0 0 0.4 2.4000000000000004 3.6 7 1.2000000000000002 2.2 6 0 0 3 8.6 3 0.4 0 1.4000000000000001 2.4000000000000004 2.8000000000000003 0 5.4 0 0 3.8000000000000003 0 0 3.6 0 0 2.2 7.2 0 0 0 0 3.4000000000000004 11.200000000000001 0.2 4.2 0 0 4.800000000000001 5 0 0 0 0 0 0 0 0 0 0 0 0 0 0 0 0 0 0 0.4 0 0 0 0 0 0 0 0 0.4 0.4 0 0 0.4 0 0 0 0 0 0 0 0 0 0 0 0 0 0 0.6000000000000001 0 0.6000000000000001 0 0 3 3 0 0 0 0 0 0 0 0 0 0 0 0 0 0 0 0 0 0 0 0 0 0 3.4000000000000004 2 0 0 0 0 0 0 0 0 0 0 0 0 0 
 53.2 20 29.200000000000003 30.6 11.8 8.200000000000001 44.800000000000004 106.4 19.200000000000003 31.8 42.6 7.4 0 32.4 27.8 6.800000000000001 24.6 27 91 59.6 0 0 0.4 0 0 0.4 0 0.4 0 0 14.4 0.4 0 0.4 0 0.4 0 0.4 0.6000000000000001 15 0 0.4 0 0 0 0 0 0 0 0 20.200000000000003 0 0 0 0 0 0 12.8 0 0.6000000000000001 0.6000000000000001 7.4 0.6000000000000001 0 0 0.4 0 0 0.6000000000000001 0 0 0.6000000000000001 0 0 0 0.4 0 0.6000000000000001 0 0 0 2.8000000000000003 0.2 2 0 0 4.6000000000000005 0.2 0 0 0 0.2 3.8000000000000003 4.6000000000000005 5.4 0.2 0 0 2.2 8 3.4000000000000004 0 0 0 0 0 0 0 0 0 0 0 0 0 0 0 0 0 0 0 0 0 0 0 0 0 0 0 0 0 0 0 0 0 0 0 6 0 0 0 0 0 0 0 0 0 0 0 0 0 0 0 0 0 0 0 0 0 0 0 3.6 0 0 0 0 0 3.2 2 0 0 0 0 4 5.4 0 0 0 0.2 0.2 2.2 0 0 0 0 0 0 0 0 0 0 1.8 0 0.2 0 0 0 0 0 0 0 0 0 0 0 0 0 0 0 0 0 0 0 0 0 0 0 0 0 0 0 0 0 0 0 0 0 0 0 0 0 4.2 0 0 0 0 0 0 0 0 0 0 0 0 0 0 0.8 0 0 0.4 0 0.2 0.8 0 0 0 0 0 0 0 0 0 0 0 0 0 0 0 0 0 0 0 0 0 0 0 0 0 0 0 0 0 0 0 0 0 0 0 0 0 0 
 73 26.200000000000003 9.8 10.8 8 7.2 47.2 34.2 10.4 12 50 13.600000000000001 32.4 0 13.8 17 10.4 20.6 84.60000000000001 52.800000000000004 0 0.6000000000000001 0.6000000000000001 0.6000000000000001 0 0 0.4 1 0 0 0 0.4 0.6000000000000001 0.2 0 0.4 0.4 0 0.6000000000000001 0.4 0.4 6.800000000000001 0 0 0 0 0 0 0.6000000000000001 0 0 0 0 0 0 0 0 0.2 0 0.6000000000000001 0.4 1 0.6000000000000001 0 0 0.4 0 0 0 0 0 0.6000000000000001 0.4 0 0 0.4 0 0.4 0 0.4 3.2 0.2 7.2 5 0 0 5.6000000000000005 2.2 7.800000000000001 0 0 5.2 0.6000000000000001 9.600000000000001 0.2 2.6 0 3.6 4.2 0.2 0 0.4 0 0 0 0 0 0 0 0 0 0 0 0 0 0 0 0 0 0 0 0 0 0 0 0 0 0 0 0 0 0 0 0 0 0 0.4 0 0 0 2.4000000000000004 0 0 2.4000000000000004 0 0 0 0 0 0 0 0.4 0 2 0 0 0 0 0 0.2 0.2 2.2 2.6 0 0 0 2 4.6000000000000005 0 6 0 0.2 0 4.4 2.2 0 4.6000000000000005 0 8 6.2 0 0 0 0 0 0 0 0 0 0 0 0 0.2 0 0 0 0 0 0 0 0 1.6 0 0 0 0 0 0 0 0 0 0 0 0 0.4 0 0 0 0.2 0 0 0 0 0 0 0 0 0.2 0.4 0 0 0.2 0 0 0 0 0 0 0 0 0 0 0 0 0 0 0 0 0.2 0.2 0 2.4000000000000004 0 0 0 0 0 0 0 0 0 0 0 0 0 0 0 0 0 0 0 0 0 0 0 0 2 0 0 0 0 0 0 0 0 0.2 0 0 0 0 
 26.8 66.60000000000001 24.200000000000003 32.4 38 12 43.800000000000004 125.4 26.200000000000003 29 45 67 27.8 13.8 0 38.2 20 41.6 24.8 51.2 0 0.4 0 0.4 0 0.6000000000000001 1 1 0 0 0.6000000000000001 0.8 14.600000000000001 0.2 14.8 0.4 0 0 7.6000000000000005 18.8 6.800000000000001 0.4 0 0 0.6000000000000001 0 0 1.2000000000000002 0 0 0 0 0.4 1.4000000000000001 0 0 0 0 0 0.6000000000000001 0.4 0.6000000000000001 0.6000000000000001 12 0 0.6000000000000001 0 0 0.2 0.4 0 1 0.2 0 0 0.4 0 0.6000000000000001 0.2 0.2 0 5.4 0.2 0 0 6 5.2 2.2 5.800000000000001 0 0 2.4000000000000004 3.8000000000000003 1.8 3.2 1 2.8000000000000003 6.6000000000000005 6.2 0 0.4 0 0.2 0 0 0 0 0 0 0.2 0 0 2.8000000000000003 0 0 0 0 0 0 0.2 0 0 0 0 0 0 0 0 0 0 0 0 0 0 0 0 0 0 0 0 0 0 0 0 0 0 0 0 0 0 0 0 0 2.2 0 0 0 0 0 0 0 0 7.800000000000001 2.2 0 0 0 5 1.6 0.8 0 2 2.6 0 2.6 4.2 1.8 0 0 1 0 0 0 0 0 0 0 0 0.4 0 0 0 0 0 0 0 0 0 0 4.2 0 0.4 0 0 0 0 0 0 0 0 0 0 0 0 0 0 0 0 0 0 0 0 0 0 0 0 0 0 0 0 0 0 0 0 0 0 0 0 0 0 0 0 0 0 0 0.4 20.200000000000003 0 0.8 0 0.2 1.4000000000000001 0 0 0 0 0 0 0 0 0 0 0 0 0 0 0 0 0 0 0 0 0 0 0 3.2 2 0 0 0 0 0 0 0 0 0 0 0 0 0 
 9.4 10.200000000000001 15 17.6 78 57.800000000000004 51.400000000000006 13.8 48.6 37 20.6 50 6.800000000000001 17 38.2 0 29.8 23.8 8.200000000000001 36.4 0.2 0 0 0 0 0 12.8 1 0 0 0.6000000000000001 0.4 0 0 0 0.4 0 0 30.200000000000003 0.4 0 0.4 0 0 0 0 0 0 0 0 0 0 0 0.8 0 0 0 0.2 0 0.8 0.6000000000000001 0.6000000000000001 0.6000000000000001 0.4 0 0.4 0 9.4 0.6000000000000001 0 0 0.4 6.4 0 0 0.4 0 0.6000000000000001 0 8.200000000000001 0 2.2 3.2 0 7.4 3.2 5.6000000000000005 2.2 0 5.6000000000000005 0 8.4 0 1.2000000000000002 2.8000000000000003 2.2 2.2 4 2.2 0 0 0 0 0 0 0 0 0 0 0 0 0 2.2 0 0 0 0 0 3.6 0 0 0 0 0 0 0 0 0 0 0 0 0 0 0 0 0 0 0 0 0 0 0 0 0 0 0 0 0 0 0 0 0 4.2 0 0 0 0 0 0 0 4.800000000000001 8.4 6.4 2 0 0 0 3.8000000000000003 4.4 2.2 0 0.2 0 0 5.6000000000000005 0 2.6 7.4 2.2 3.4000000000000004 0.4 1.8 0 0 0.2 0 3.4000000000000004 4.4 0 0 0 0 0 5.6000000000000005 4.800000000000001 5.4 0 0 0.6000000000000001 1 0.4 0 0 0 0 0.2 0.2 0.2 0 0 0 0 0 0 0 0 0.4 0 0 0 0 0 0 0 0 0 2.6 0 0 0 0 0.2 0 0 0 0 0 0.4 0 0 0 0 0 0 0 0 0.2 0.4 17.400000000000002 0.4 3.8000000000000003 1.4000000000000001 0 0 0 0 0 0 0 0 0 0 0 0 0 0 0 0 0 0 0 0 0 0 0 0 0 4 0 0 0 0 0 0 0 0 0 0 0 0 
 27.200000000000003 48 42.2 25.8 13.600000000000001 79 8.8 23.400000000000002 30 17.8 42.400000000000006 33.4 24.6 10.4 20 29.8 0 58.800000000000004 5.2 54 0 0 0 0.2 0.2 0 0 0.4 0.4 0.8 0 0.4 0.2 0.2 0 0.4 0 0 5 0.6000000000000001 0 0.4 0 0 0 0 0 0 0 0 0 0 0 0 0 0 0 1.4000000000000001 0 0.6000000000000001 0.4 1 0.6000000000000001 0 0 0.4 0 0 0 0 0 0.6000000000000001 0.2 0 0 0.4 0 0.4 0 0 0 1 2 12 0 4 6.800000000000001 1.4000000000000001 0 0 0 19.400000000000002 0 0 5.2 4.2 4.2 4.2 8.200000000000001 0 2 0 3.2 0 0 0 0 3.4000000000000004 0 0 0 0 3.2 0 0 0.2 0 0 2.6 1 0.4 0 0 0.4 0 0.2 0 0 0 0 0 0 0 5.4 0 0 0 0 0 0 0 0 0 2.6 0 0 0.2 0 0 0.2 0 0 0 2 0 0 0 0 0 0 0 0 2.6 0.6000000000000001 2.6 3.8000000000000003 0 3 3.2 0 4 4 3 3.4000000000000004 0 3.8000000000000003 4.4 0 0 2 0 0.2 0 0 0 0.2 1.8 0 0 0 0 0 9.8 0 1.2000000000000002 0 0.2 0 0 0 0 0.4 0 0 0 0 0 0 0 0 0 0 0 0 0 0 0 0 0 0 0 0 0 0 0 0 0 0 0 0 0 0 0 0 0 0 0 0 0 0 0 0 0 0 0 0 18 0.2 0 0.2 0 0.4 0 0 0 0 0 0 0 0 0 0 3.6 0 0 0 0 0 0 0 0 0 0 0 0 3 2 0.2 0 0 0 0 0 0 0 0 0 0 0 0 
 5 43.6 40.800000000000004 58.2 8.6 45 11.200000000000001 9.200000000000001 26.200000000000003 67.2 11 58 27 20.6 41.6 23.8 58.800000000000004 0 5.800000000000001 6.6000000000000005 0 0 0 0 0 0 18.400000000000002 0.6000000000000001 0 0 0 0.4 0.2 0.2 0 0.2 0 0 16.2 0.6000000000000001 12.600000000000001 0.6000000000000001 0 0 0 0 0 0 0 0 0 0 0 0 0 0 0 0 0 0.6000000000000001 0.6000000000000001 0.6000000000000001 0.6000000000000001 0 0 0.4 0 0 0 0 0 0.2 0 0 0 0.4 0 0.6000000000000001 0 0 7 1.2000000000000002 0.6000000000000001 3.8000000000000003 3.6 0.2 2.4000000000000004 4.6000000000000005 6.2 1.2000000000000002 12.4 5.800000000000001 0 1.2000000000000002 4.800000000000001 6.800000000000001 2.6 0 2.4000000000000004 0 1.4000000000000001 0 2.8000000000000003 0 0 0 0 4.2 0 0 0 0 0.2 0 0 2.2 0 1.4000000000000001 2 1.6 0 0 0 0 0 0 0 0 0 0 0 0 0 0 0 0 0 0 0 0 0 0 0 0 0 0 0 0 0 0 0 0 0 0.4 0 0 0 0 0 0 0 0 2.4000000000000004 3 1.4000000000000001 7.4 1 4.6000000000000005 3 0 3 1.2000000000000002 2.8000000000000003 2.6 1.6 2.8000000000000003 0 0 0 0 0 0 0 0 0 0 1.4000000000000001 2.2 0 0 0 0 3.2 5.6000000000000005 0 0 0 0.2 0 0 0 0 0 0 0 0 0 0 0 0 0 0 0 0 0 0 0 0 0 0 0 0 0 0 0 0 0 0 0 0 0 0 0 0 0 0 0 0 0 0 0 0 0 0 0 0 0 0.6000000000000001 0 0.4 0.6000000000000001 1.6 0.2 0 0 0 0 0 0 0 0 0 2.6 0 0 0 0 0 0 0 0 0 0 0 0 0 0 0 0 0 0 0 0 0 0 0 0 0 0 0 
 50.800000000000004 28.200000000000003 64.60000000000001 16.8 13.600000000000001 9.600000000000001 48 15.200000000000001 15 17.6 8 7.4 91 84.60000000000001 24.8 8.200000000000001 5.2 5.800000000000001 0 43 0 0 0.4 0 0 0.4 0 0.4 0 0 0 0.4 0 0.2 0 0.2 0 0 0.6000000000000001 0.4 6.2 0.4 0 0 0 0 0 0 5.6000000000000005 0 0 0 0 0 0 0 0 0 0 0.6000000000000001 0.4 0.6000000000000001 0.6000000000000001 0 0 0.4 0 0 0 0 0 0.6000000000000001 0.2 0 0 0.4 0 0.4 0 0 4.800000000000001 2 3 1.6 0 0 5.6000000000000005 3.6 3.8000000000000003 0 0 0 0 1.6 4 0 0 0 5 8.4 0 0 0.2 0 0 0 0 0 0 0 0 0 0 0 0 0 0 0 0 0 0 0 0 0 0 0 0 0 3 0 0 0 0 0 0 0 0.2 0 0 0 0 0 0 0 0 0 0 0 0 0 0 0.2 0 0.4 0 0 0 0 0 0 0 0 2.8000000000000003 0 0 0 0 5.800000000000001 0 0 0 0 5.4 2.2 5.6000000000000005 0.8 0.2 0 5.2 3 0 0 0 0 0 0 0 0 0 0 0 0 0 0 0 0 0 0 0 0 0 0 0.2 0 0 0 0 0 0 0 0 0 0 0 0.2 0 0 0 2.8000000000000003 0 0 0 0 0.2 0 0 0 0 0.2 0 0 0.4 0 0 0 0 0.2 0 0 0 0 0 0 0 0 0.4 0 0.4 0 0 0 0.8 0 0 0 0 0 0 0 0 0 0 0 0 0 12.600000000000001 0 0 0 0 0 0 0 0 0 0 0 0 0 0 0 0 0 0 0 0 0 0 0 0 
 51.6 19.8 28.6 16.6 81.4 54.2 9.600000000000001 75.8 73.4 17.8 55.6 11.600000000000001 59.6 52.800000000000004 51.2 36.4 54 6.6000000000000005 43 0 0 0.2 0.6000000000000001 0 0 0.6000000000000001 0 1 0.4 0 0 0.4 0 0.2 0.4 0.4 0.2 0 1 1 0 1 0 0 12 0 0 0 0 0.6000000000000001 0 0 0 0 0 0 0 0.4 0 0.6000000000000001 0.8 0.6000000000000001 0.6000000000000001 0 0.4 0.4 0 0 0 0 0.6000000000000001 1 0 0.6000000000000001 0 0.4 0.6000000000000001 0.6000000000000001 7 0.4 2 7.6000000000000005 5.6000000000000005 0 0 0 4 7.4 7.800000000000001 0 0 0 12.8 6.800000000000001 1 2.2 0 3 4.800000000000001 0.2 0 0 0 0 0 0 0 0 0 0 0 0 0 0 0 0 0 0 0.4 0 0.4 0 0 0 2.6 0 0 0 0 0 0 0 0 0 0.2 0 0 0 0 0 0 0 0 0 0 0 0 0 0 0 0 0 0 0 0 0 0 0 0 0 0 3.4000000000000004 2.2 0 0 0 0.8 0 0 3.6 0 0 0.4 5 4 0.4 5.2 3.2 0 4.2 0 0 0 0 0 0 0 0 0.2 1.6 0 0 0 0 0 0 0 0 0 0 0 0.2 0 0 1.8 0 0 0 0 0 0 0 0 0 0 0 0 0 0 0 0 0 0 0 0 0 0 0 0 0 0 0 0 0 0 0 0 0 0 0 0 0 0 0 0 1 0 0 0 0 0 0.4 0 0 0 0 0 0 0 0 4.800000000000001 0 0 0 0 0 0 0 0 0 0 0 0 0 0 0 2 0 0 0 0 0 0 0 0 0 0 0 0 0 
 0 0 0 0 5.4 12.8 0.4 0 0 0 0 5.2 0 0 0 0.2 0 0 0 0 0 33.2 14.200000000000001 8.6 5.6000000000000005 5.800000000000001 19.200000000000003 31.6 10.600000000000001 10.200000000000001 7.800000000000001 4.6000000000000005 10.600000000000001 28.200000000000003 8.4 6.2 8 34.2 51.2 42 0.2 0.4 0 13.600000000000001 41.400000000000006 0 0 0 0 0 0 0 1 0.2 0 0 0.2 1.8 2.8000000000000003 0.8 0 0 0 0 0 0.6000000000000001 0 0 0.4 0 0 10.200000000000001 0 0 0 0 0 0 0 0 0 0 0 3.6 7.2 2 0 0 0 0 5.6000000000000005 0 0 0 0 0 0 0.8 0 0 9 5 0 0 0 5.2 3 2.6 0 1.6 0 1.4000000000000001 10 10.8 9.200000000000001 1.8 9.8 2.6 3.4000000000000004 3.6 0 0 0 0 0 0 3.6 0 0 0 0 0 0 0 0 0 0 0 0 0 0 0 0.2 0 0 0 0 0 0 0 0 0 1.2000000000000002 0 0 14.600000000000001 0 0 0 0 0 0 0 1.4000000000000001 4 0 0 0 0 0 3.8000000000000003 0.4 0 0 0 0 0 0.2 0.6000000000000001 0 0 4.6000000000000005 3.6 3.2 0 0 4.4 0.8 4.800000000000001 5.6000000000000005 0 0 2.2 4.4 6.800000000000001 0 4 8.200000000000001 4 1 0 0 0 0 0 0 0 0 0 0 0 0 0 0 0 0 0 0 0 0 0 0 0 0 0 0 0 0 0 0 0 0 0 0 0 0 0 0 0 0 0 0 2 0 0 0 0 0 0 0 0 0 0 0 1.6 0 0 0 0 0.8 0 0.4 0 0 0 0 0 0 0 0 0 0 0 0 0 0 2 0 0 0 0 5.6000000000000005 0 0 0 0 0 0 0 0 
 0 0 0 3 1.4000000000000001 0 1 0 0 0 0 0.4 0 0.6000000000000001 0.4 0 0 0 0 0.2 33.2 0 67.8 19.200000000000003 7.6000000000000005 5.800000000000001 34.2 18.6 30.8 28.200000000000003 9.8 22.400000000000002 25.400000000000002 16.400000000000002 24 7 76 7.4 23 80.80000000000001 0.4 0 0.2 1.6 1 0 6.2 0 0 1.4000000000000001 0 0.2 0 0.4 5 0.6000000000000001 0.4 0.4 1 0.6000000000000001 0 0.8 0 0 0.6000000000000001 1 0 0 0.4 0 0.6000000000000001 1 0.2 0 0 0 0.2 0.4 0 1 0 0 0 0 3.6 3.8000000000000003 0 0 0 0 3.6 0 0 0 0 0 0 0 0 0 7 0 3 0.6000000000000001 0 0 2.2 5 1.6 3.2 5.2 0 2.6 18.6 4.6000000000000005 2.2 8.8 2.4000000000000004 8 0 0 0 0 0 0 0 0 0 0 0 0 0 2.2 0 0 0 0 0 3.6 0 0 0 1 0 0 0 0 0 0 2.4000000000000004 2.6 0 0.4 0 0 0 0 0 0 0 0 0 0 0 5 0 0 0 0 0 0.2 0 0 0 3.4000000000000004 0 0 0 0 0 3.8000000000000003 0 8.4 6.6000000000000005 4 2.4000000000000004 10 6.2 10.8 6.4 2.8000000000000003 4.4 2.2 5.4 5.2 6 4.2 3.6 4.4 2 2 0 0 0 0 0 3.4000000000000004 0 0 0 0 0 0 0 0 0 0 0 2.2 4 0 0 0 0 0 0 0 0 0 0 0 0 0.4 0 0 0 0 0 0 5.6000000000000005 0 0 0 0 0 3.6 0 0.4 0 0 0 0 2 0 0.8 0.2 0.4 0 0.2 0 3 0 0 0 0.4 0 0 0.4 0 0 0 0 0 0 0 0 4.6000000000000005 0 0 0 0 8.200000000000001 0 0.4 0 0 3.8000000000000003 0 0 0 
 0.4 0 13 0 0.8 0.2 1 0 0 0 0 0 0.4 0.6000000000000001 0 0 0 0 0.4 0.6000000000000001 14.200000000000001 67.8 0 38.400000000000006 70.2 32.6 41.400000000000006 59 83.4 29 23.6 35 28.400000000000002 18.400000000000002 32.800000000000004 13 44.800000000000004 7.2 22.6 50.800000000000004 0 0.4 0 0.4 0.8 0.4 0 0.2 0 2 0 0.6000000000000001 13.4 0 2.8000000000000003 0 1.2000000000000002 1 13 0.6000000000000001 0 0 10.200000000000001 0 0 0.4 0.4 0 0.6000000000000001 0 0 0.6000000000000001 0 0.4 0 1.2000000000000002 0 0 0 0.6000000000000001 0 0 0 0 0 0 0 0 2.8000000000000003 0 0 0 0 0 0 0 0 0 0 0 0 2 1.4000000000000001 4.800000000000001 0.2 1 1.6 0 6 7.4 10.4 2.6 3 6.800000000000001 2.2 4.800000000000001 5 3.2 0 0.4 0 0 0 0 0 0 0 0 0 0.4 0 0 2.8000000000000003 0 0 0 6.6000000000000005 0 3 0 0 0 0.2 0 0 0 0 0 0 0 2.4000000000000004 0 0 0 0 0 0 0 4.4 0 0 0 0 0 0.2 0 0 0 0.2 0 0 0 0 0 0.6000000000000001 0 0 0 0 0 5 2.4000000000000004 17.8 7 2.4000000000000004 2 1.4000000000000001 3.4000000000000004 0.2 7.2 2.2 7.2 0 0 2.6 6 8.6 2.8000000000000003 2.6 6.800000000000001 0 3.4000000000000004 0 4 0.4 0.4 4.6000000000000005 0 0 0 0 0 0 0 0 0 0 0 0 4.800000000000001 0 0 0 0 0 0 0 0 0 0 0 0 0 0 0.2 0 0 0 0 0 0 0 0 0 0 0 0 0 0.2 0 0 0 0 0 1.6 0.2 0 15.8 0 0 1.8 0.4 0 0 0 0 0 0 0 0 0 0 0 0.2 0 0 0 0 0 0 0 2 0 0 0 3.8000000000000003 2.2 0 0 0 
 0.2 0.2 0 0 0 0 0.6000000000000001 41 0 0.4 0 15.200000000000001 0 0.6000000000000001 0.4 0 0.2 0 0 0 8.6 19.200000000000003 38.400000000000006 0 52.800000000000004 73.2 33.800000000000004 55.2 25.200000000000003 32.4 37.2 54.2 70.60000000000001 74 15.4 32 12.4 8 15.4 20.200000000000003 22.8 0 0.6000000000000001 0.4 0.6000000000000001 0.4 0 13.8 0 0 1.6 0 25.200000000000003 0.4 0.8 1.4000000000000001 0 0.4 19.200000000000003 0.6000000000000001 0 0 0 0 0 0.4 0 0 1 0 0 2.6 0 0 4 0 2.2 0 0 0 0 0 0 0 0 0 0 0 0 0 0 0 0 0 0 0.2 0 0 0 0 0 4.2 4.4 0 4.2 3.8000000000000003 0 3.8000000000000003 5.2 2 5.4 0 0 2.6 1.6 2.4000000000000004 0 0 0 0 4 1.4000000000000001 0 0 0 0 0 0.2 0 0 0 0 2 2.8000000000000003 0 5.4 7.4 0 5.2 4.6000000000000005 0 0 0.2 0 0 0 0 0 0 0.2 0 0 0 0 0 0 0 0 0 0.2 0 0 0 0 0 0 0 0 0 0 0 0 0 0 0 0 0 0 0 0 3.6 2.6 4.4 20.6 9.4 5 0 1.6 0 6.800000000000001 2.6 8.200000000000001 0 0 0 4.800000000000001 0 0 0 0 8.4 0 9.200000000000001 3.4000000000000004 0 0 0 0 0 0 0 0 7.800000000000001 5 4.800000000000001 0 3.4000000000000004 0 0 6.2 0 0.4 0 0 0 0 0 0 0 0 0 0 0.2 0 0 0 0 0 0 0 0 0 0 0 0 0 0 0 0 0 0.4 0 0 0 3.2 0 0.8 0 7 0.2 0.2 5 0 0 0 0 5.800000000000001 0 0 0 0 0 0 0 0 0 0 0 0 0 0 1.6 0 0 0.2 0 0 0 0 0 
 14.8 0.2 0.2 0 0 0.6000000000000001 0 0.2 0 0.4 0 0.2 0 0 0 0 0.2 0 0 0 5.6000000000000005 7.6000000000000005 70.2 52.800000000000004 0 24.400000000000002 13.8 100.2 47 29.400000000000002 69.2 24.400000000000002 14.4 24.200000000000003 11.600000000000001 33 29 5.2 56.2 22.6 12.200000000000001 12 0 6 0.6000000000000001 0 12.600000000000001 16 0 0 0 0.4 40.2 0 0 0 0 0.4 27 0.8 0 0 0 0 1.2000000000000002 0.6000000000000001 0 0 0.4 0 0 2.4000000000000004 0 0 0 0 3.2 0 0 0 0 0 0 0 0 0 5.4 0 0 0 0 0 0 0 0 0 0 0 0 0 0 2.2 4.2 0.2 11.4 3.4000000000000004 0 0 1.8 0 2.6 1.8 0 0 0 0 0 0 0 0 16.2 1.4000000000000001 0.2 0 0 0 2.4000000000000004 0 0 2.6 0.2 0 6.4 4 2.4000000000000004 7.4 0.2 0.2 7 6 0 0 0 0 0 0 0 0 0 0 0 0 0 0.4 0 0 0 0 4.4 0.4 0 0 0 0 0.2 0 0 0 0 0 0 0 0 0 0 0 0.2 0 0 0 6 0 0.2 2.4000000000000004 0.2 3.2 0 0.2 5.800000000000001 0 3 0 0 0 0 2.2 0 2.8000000000000003 0 0 5 3.8000000000000003 0 2.6 0 0 0 0 0 0 0 0 4.2 0 2.6 0 3.8000000000000003 3 8.200000000000001 4.4 0 0.4 0 0 0 0.2 0 0 0 0.4 0 0 0 4.800000000000001 0 0 0 0 0 0 0 0 0 0 0 0 0 0 0 0 0 0 0 0 0.6000000000000001 0 0.2 0.8 22.8 0 1 0 0 0 0 0 2 0 0 0 0 0 0 0 0 0 0 0 0 0 0 0 0 0 0 0 0 0 0 0 
 0.4 0 0 0 0 0.2 0 41 0 0 0 0 0.4 0 0.6000000000000001 0 0 0 0.4 0.6000000000000001 5.800000000000001 5.800000000000001 32.6 73.2 24.400000000000002 0 4 24.6 25 26.200000000000003 31.400000000000002 67.8 6.2 7.800000000000001 56.2 60.400000000000006 11.8 51.2 51.400000000000006 11.200000000000001 12.200000000000001 0 0 0 0.6000000000000001 0 5.2 5.2 42.6 0.4 0.2 0 0 12.200000000000001 12.200000000000001 0 0 0 28 0.6000000000000001 0 1 0 1 0 0.6000000000000001 0 0 0.6000000000000001 0 0 0.6000000000000001 0 0 0 0 0 0 2.2 0 0 0 0 0 0 0 0 0 0 0 0 0 0 0 0 0 0 3.8000000000000003 0 0 0 0 0 5.2 1.6 1.8 0 0 2.6 2.4000000000000004 5 3.4000000000000004 0 0 2.6 0 0 4.800000000000001 0 0.4 4.2 0 0 0 4.6000000000000005 0 5 6.800000000000001 3.6 0.4 0 0 10.200000000000001 1.6 2.2 8.4 0.2 0 9.200000000000001 2 0 0 0 0 0 0 0 0 0 2.6 0 0 0 0.2 0 0 0 0 0 0 0 0 0 0 0 0 0 0 0.2 0 0 0 0 0 0 0 0 0 0 0 0 3 0 0.2 6.6000000000000005 5.6000000000000005 0 0 5.4 0.2 0 0.2 0 0 0 4.4 0 3.4000000000000004 0 0 6.4 4.6000000000000005 0 0 0.4 0.4 3.2 0 0 1 0 0 8 3 1.6 2.6 4.2 0 3.4000000000000004 0.2 0 0 0 0 0 0 0 0 0 0 0 0 0 0 0.2 0 0 0 0 0 0 0 0 0 0 0 0 0 0 0 0 0 0 0 5.4 0.2 1 5.4 14.600000000000001 0 0.2 0.8 0 0 0 0 0 0 0 0 0 0 0 0 0 0 0 0 0 0 0 0 0 0 0 3.8000000000000003 0 0 0 0 
 0 0 13.8 27.200000000000003 14.600000000000001 3.8000000000000003 0.4 0 14.8 31 0.4 15.8 0 0.4 1 12.8 0 18.400000000000002 0 0 19.200000000000003 34.2 41.400000000000006 33.800000000000004 13.8 4 0 87 10 84.2 5 29 25.6 45.400000000000006 40.6 24.200000000000003 86.60000000000001 11.600000000000001 34 67 0 0 0 0 0.6000000000000001 0 0 0.6000000000000001 0.2 0 0.4 0 0 0.6000000000000001 0 0.6000000000000001 0 0.4 0.6000000000000001 5.2 0 0 0 0 0 0.4 0.2 0 0.6000000000000001 0 0 1.6 0 0.4 0 0 0 0 0 0.8 0 0 2.2 2 4.4 0.2 0 0 0.4 2.6 3.4000000000000004 0 0 0 0 0 0 8 0 0 2.2 2.6 0 1.8 0.4 0 8 3.6 0.6000000000000001 0 0.2 0 5 2.6 13 0 2.8000000000000003 3 5 9.600000000000001 0.2 0 0 0 0 0 0 0 0 0 0 0 0 0 0 0 2.4000000000000004 0 0.2 0 0 0 0 0 0 0 0 0 0 0 0 0 0 0.4 0 0 0 0 0.2 1 0 0 2 9.8 3.4000000000000004 4.2 0 0 3.4000000000000004 0 0 1.6 0 0 0 0 0 7 0 0 9.600000000000001 0 6 4 0 0 0 8.4 0.2 14 0 2.4000000000000004 0 4.6000000000000005 3 0 0 0.2 0 0 1 0.2 0 0 0 0 0.4 0 0 0 0 0 3.8000000000000003 0 0 0 0 0 1.8 0.2 0 0 0 0 0 0.4 0 0 0 0 0 0 0 0 1.8 0 0 0.2 0 0 0 0 0 0 0 0 0 0 0.4 15.200000000000001 0 0 0 0 3.2 0.4 0 0 0 0 0.8 0 3.8000000000000003 0 0 0.4 0 0 0 0 0 0 0 0 0 0 0 0 0 2.8000000000000003 0 10 0 0 0 0 0 0 0 0 
 0.4 0.6000000000000001 0.4 0.4 0.4 16.8 8.6 41.6 0.4 0.6000000000000001 14.8 0.4 0.4 1 1 1 0.4 0.6000000000000001 0.4 1 31.6 18.6 59 55.2 100.2 24.6 87 0 24 7.6000000000000005 7.800000000000001 6 40.400000000000006 30.400000000000002 23.400000000000002 23.400000000000002 9.4 27.6 35.4 53.2 0 0 0 12.600000000000001 0.8 0 0 0 0 0 0 0 0.8 0 0 0 0 2.4000000000000004 13.8 0.8 0 0 0 0 0 0.6000000000000001 0 0 0.4 0 0 0.6000000000000001 0 0 0 0 0 0 0 0 0 0 0 0 12.200000000000001 2.2 0 0 0.2 0 5.6000000000000005 0 0 0 0 0 0 0.2 0 0 7.6000000000000005 2 4.4 0 3 1.8 4.4 8.4 0 5.2 0 0.6000000000000001 4.800000000000001 7.6000000000000005 1.8 0 3 5.2 4.6000000000000005 0 0 0 0 0 0 0 0 0 0 0 2 0 0 0 0 0 1.6 0 0 0 0 0 0 0 0 0 0 0 0 1.2000000000000002 0 0 0 0.2 0 0 0 0 0.4 0 0 0 0 0 5.6000000000000005 0 0 0 0 0 3.4000000000000004 2 0 0 0 0 0 3.4000000000000004 0 0 0.4 4.800000000000001 0.2 0 1.8 4 6 0 3.6 7.4 5.800000000000001 0 3 2 2.4000000000000004 0 2.4000000000000004 8 3.6 3.2 0 0 0 0 0 0 0.2 0 0 0 0 0 0.2 0 0 0 0 0 0 2 0 0 0 0 0 0 0 0 0 0 0 0 0 0 0 0 0 2.2 0 0 0 0 3.8000000000000003 0 0 0 0 0 0 0 0 0 0 0 1 0 0 0 0 0 0.8 2.8000000000000003 0 10.200000000000001 0 0 0 0 0 0 0 0 0 0 0 0 2.4000000000000004 0 0 0 0 0 0 0 0 0 0 0 0 0 
 0 0.4 0 0 0 0.4 0 0.4 0 0 0 0.2 0 0 0 0 0.4 0 0 0.4 10.600000000000001 30.8 83.4 25.200000000000003 47 25 10 24 0 99.4 14.600000000000001 19.400000000000002 29.8 18.2 16.6 95.2 59.6 12.600000000000001 15.8 19.200000000000003 0 0 0 0.2 0.6000000000000001 0 0 0 0 0 0 0 0 0 0.4 0 0 0.4 23.6 0.6000000000000001 0 0 0 0 0 0.6000000000000001 0 0 0.2 0 0.4 1.4000000000000001 0 0 0 0 1 0 0 0 0 0 0 0 3.6 3.6 0 0 0 0 3.6 0 0 0 0 0.4 0 0 0 0 3.6 3.6 11.8 0 2.2 4.2 2 4 6.4 2.4000000000000004 2.8000000000000003 2.4000000000000004 3.8000000000000003 4.2 0.2 0 2.8000000000000003 3.4000000000000004 5 0 1.4000000000000001 0 0 0 0 0 0 0 0 0 0 0 0 2.2 0 1.2000000000000002 0 0 3.2 0 0 0 0 0 0 0 0 0 0 1 0 0 0 0 0 0 0 0 0 0 0 0 0 0 2.8000000000000003 0 0 0 0 0 0 0 0 0 1.4000000000000001 0 2 0 0 0 4.6000000000000005 0.4 0 11 5.2 3 3.4000000000000004 0.2 7.800000000000001 3.8000000000000003 6.6000000000000005 4.800000000000001 5.800000000000001 2.4000000000000004 3.6 7.800000000000001 1.8 0 4.6000000000000005 3.4000000000000004 0 0 0 0 0 0 0.2 0 0 0 0 0 0 0 0 0 0 0 0.2 5 0 0 0 0 0 0.4 0 1.6 0 0 0 0 0.4 0 0 0 0 0 0 0 0 0 0.2 0 0 0 0 0 0 0 0 0 0 0 2.2 0 0 0 0.2 0 2 3.4000000000000004 0 0 0 0 1.8 0 0 0 0 0 0 0 0 0 2.6 0 0 0 0 0.2 0 0 0.2 0 0 0 0 0 
 0 0 0 0.6000000000000001 14.4 0 0 0 0.8 0 0 0 0 0 0 0 0.8 0 0 0 10.200000000000001 28.200000000000003 29 32.4 29.400000000000002 26.200000000000003 84.2 7.6000000000000005 99.4 0 29.400000000000002 16.6 69.8 13.4 23.6 55.6 36.4 15.4 16.2 22 0 0 0 0.2 0.6000000000000001 0 0 0.4 0 0 0 0 0 0 0 0 0 0.4 13.200000000000001 1 0.6000000000000001 0 0 0 0 0.4 0.4 0 0.6000000000000001 0 0 1 0 0 0 0 2 0.4 0 0 0 0 0 0 0.2 5.6000000000000005 0 0 0 0 0 0 0 0 0 0 0 0 0 0 0 4.2 3.8000000000000003 3.2 2.4000000000000004 1.8 4.800000000000001 4.6000000000000005 2.8000000000000003 3.2 0 2 2.8000000000000003 3.4000000000000004 0 0 13 7.4 0.4 5.6000000000000005 0 0 0 0 0.2 0 3.4000000000000004 2.8000000000000003 0 0 0 0 2.4000000000000004 2.4000000000000004 0 2.6 0 0.4 4.800000000000001 2 0 0 0 0 0 0 0 0 4.2 0.6000000000000001 0 0 0 0.2 0 0 0 0 0.2 0 0 0 0 0 0 0 0 0 1.8 0 0 0 0 0 0.6000000000000001 0 0 0 0 0 8.6 0 2.2 10.8 0 0.2 1.2000000000000002 4.800000000000001 2.6 2.4000000000000004 8.8 10.4 0 2 2.8000000000000003 7.4 0 0 2.2 2 0.2 3 0 0.2 0 0 0 0 1.6 0 0 1.2000000000000002 2 3.2 1.6 0 1.8 0 0 2.6 0 0 0 0 0 0 0 0 0 0 0 0 0 0 0 0 0 0 0 0 0 0 0 0 0 6.6000000000000005 0 0 0 0 0 0 0 0 1.4000000000000001 0.2 0 22 0 0 1.4000000000000001 0 0 0 0 0 1.8 0 0 0 0 0 0 0 0 0 0 0 0 2.2 0 0 0 0 0 0 0 0 0 0 
 0 0.8 0 0 0 0 0 2.2 0 0 0 0 14.4 0 0.6000000000000001 0.6000000000000001 0 0 0 0 7.800000000000001 9.8 23.6 37.2 69.2 31.400000000000002 5 7.800000000000001 14.600000000000001 29.400000000000002 0 49.800000000000004 7.6000000000000005 7.800000000000001 12.600000000000001 30.400000000000002 23.6 12.200000000000001 8.6 15.8 1 0.2 0 0.2 0.6000000000000001 0 4.800000000000001 27 0 0 3 0 23.6 0 1.4000000000000001 0 0 0.2 18.2 13.600000000000001 0 0 0 12.8 0 1.4000000000000001 1.4000000000000001 0 0.6000000000000001 0 0 0.6000000000000001 0 1.2000000000000002 0 0 1.6 0 0 0 0 0 0 0 0 0 0 0 0 0 0 0 0 0 0 0 0 0 0 0 0 0 0 3.8000000000000003 1.8 1.8 0 0 6 0 4.4 0 0 0 0 0 0 0 0 3.6 11.200000000000001 1.6 0 0 0 0 1.6 0 0 4 0.8 0.4 14 12.8 0 15 2.4000000000000004 0.2 5.800000000000001 6.4 0 0 0 0 0 0 0 0 0 0.4 0 0 0 0.2 2.6 0 0 0 3.4000000000000004 0 0 0 0 0 0 0 0 0 0 0 0 0 0 0 0 0 0.4 0 0 0 0 0 0 3.8000000000000003 4.2 11.8 0 0 2.6 3.6 0 5.6000000000000005 0 0 0 2.8000000000000003 0 2.8000000000000003 0.2 0.2 5.6000000000000005 7.2 1.6 0.6000000000000001 0 0 2.4000000000000004 0 4.6000000000000005 0 0 0 4 0.4 6.800000000000001 0 4 0 3 3.8000000000000003 0 0 0 0 0 0 0 0 0 0 0 0 0 0 0 0 0 0 0 0 0 0 0 0 0 13.8 0 0 0 0.4 0 0 0 0 1.6 0.4 0 30.200000000000003 1 1 1.2000000000000002 0 0 0 0 0 0 0 0 0 0 0 0 0 0 0 0 0 0 0 0 0 0 0 0 0 0 0 0 0.4 
 0.4 0.4 0.4 0.4 0.4 0.4 0.8 0.4 0.4 0.4 0.4 0.6000000000000001 0.4 0.4 0.8 0.4 0.4 0.4 0.4 0.4 4.6000000000000005 22.400000000000002 35 54.2 24.400000000000002 67.8 29 6 19.400000000000002 16.6 49.800000000000004 0 12.4 17.6 22 5.800000000000001 29.8 11 48.400000000000006 48 7 0 0 0.2 0.6000000000000001 0 0 17.2 0 0 0 0 6.6000000000000005 0 1.2000000000000002 12.8 0 0.4 0.8 1 1 0 0 0 0 0.6000000000000001 0.4 0 0.2 0 0.6000000000000001 0.2 0 0 0 1.4000000000000001 0 0 0 0 0 0 0 0 0.4 0 0 0 0 0 0 0 0 0 0 0 0 0 0 0 0 4.2 0 5.4 4.4 0 1.2000000000000002 0 0 4.6000000000000005 0 2.2 0 0 3.6 1.8 1.6 2.4000000000000004 0 0 6.4 4.6000000000000005 0 0 0 0 1.4000000000000001 2.4000000000000004 0 0 2.6 0.4 3 9.200000000000001 0.2 7 2.6 0.2 5.800000000000001 11.200000000000001 0 0 0 0 0 0 0 0 0 0.4 0 0 0 0.2 0 0 0 0 0.4 0 0 0 0.8 0 0 0 0 0 0 0 0 0 0 0 0 0 4.800000000000001 0 0 0 0 0 2.2 7.800000000000001 3.4000000000000004 1.2000000000000002 4 2.2 10.4 3.4000000000000004 3.4000000000000004 3 0 0 0 10.600000000000001 2.4000000000000004 0 0 2.8000000000000003 1.8 6.800000000000001 8 0.4 0 0 0 0 6.2 0 0 1.4000000000000001 6.6000000000000005 6.800000000000001 7 0 6.2 0 0.4 9.600000000000001 1.8 0 0 3 0 0 0 0 0.2 0 0 0 0 0 0 0 0 0 0 0 0 0 0 0 0 0 0 0 0 0 0 0 0 0 2.2 0.8 0 15.4 14.8 0 0.8 0 0 0 0 0 0 0 0 0 0 0 0 0 10.200000000000001 0 0 0 0 0 0 3.8000000000000003 0 0 1.6 0 2.6 0 0 0.4 
 0 7 15 0.2 0 0 0.8 15.4 0 15 7.2 0 0 0.6000000000000001 14.600000000000001 0 0.2 0.2 0 0 10.600000000000001 25.400000000000002 28.400000000000002 70.60000000000001 14.4 6.2 25.6 40.400000000000006 29.8 69.8 7.6000000000000005 12.4 0 71.60000000000001 44.6 28.400000000000002 72.8 5 11.8 113.80000000000001 1 0 0 0 0.6000000000000001 0 0 0 0 0 0 0 0 0 0 0 0 0.4 0.6000000000000001 0.8 0 0 0 0 0 0.6000000000000001 0 0 0.2 0 0 0.2 0 0 0 0 0 0 0.4 0 0 0 0 3.8000000000000003 0 6.2 0.2 0 0 0 0 0 0 0 0 0 0 0 0 0 0.2 3.8000000000000003 4.2 0 0 0 1.8 14 11 0 1.6 0 4.2 3.4000000000000004 0.2 8.4 0 2 4.6000000000000005 0 0 0 0 0 0 0 0 0 0 0 0 0 0 0 0 0 2.6 0 0 0 0 0 0.2 0 0 0 0 0.2 0 0 0 0 0 0 0 0 0 0 0 0 0 0 0 0 3.2 3.8000000000000003 0 0 0 2.2 0 2.2 0 1.6 9 1.8 0 0 0 0 8 6 6 6 0 0 6.4 1.4000000000000001 2.8000000000000003 7.6000000000000005 9.8 6 0 0.2 5.2 4.4 2.2 1.8 6.800000000000001 2 0 0 0 0 0 0 0 0 0 0 0 0 0 0 0 0 0 0 0 0 0 0 0 0 0 0 0 0 0 0 0 0 0 0 2 0 0 0 0 0 0 0 0 0 0 0 0 0 0 0 0 0 0 0 1.8 0.2 0.4 0 0 0 2.2 0 0 0 0 0 0 0 0 0 0 0 0 0 0 0 0.2 1 0 2.2 0 0 0 0 0 0 0 0 0 0 
