 0 65.60000000000001 15.4 12.600000000000001 19.6 10.600000000000001 31.400000000000002 24.6 6.4 13.200000000000001 77 40.400000000000006 27.8 30.200000000000003 9.4 27.8 18.400000000000002 7.4 12.4 25 1.2000000000000002 0.4 0 1 0 0.6000000000000001 0 0 0.4 0.4 0.4 0 0.6000000000000001 0.6000000000000001 9.600000000000001 0.4 0 0.2 0.4 0 0 0 0.4 0 0.4 0 0 0.4 0.6000000000000001 0 0 0 0 0 0 0.4 0 0.2 0 1.4000000000000001 0 0 0 0 0 0.4 0 1 0 0 0.8 0 0 0 12.600000000000001 0 0.2 0 0 0 17.2 2.6 6.6000000000000005 0 0 2.8000000000000003 5.6000000000000005 0.6000000000000001 3.2 1.8 13.600000000000001 3 0.2 2 4 2.2 0 5 1.8 9 0 0 0 0.2 0 0.4 0 0.2 0 0 0 0 3 0 0 0 0 0 0 5.4 0 0.4 0 0 0 0 0 0 0 0 0 0.2 0 0 0 0 0 0.4 0 0 0 0 0 0 0 0 0 0 0 0 2.6 0 0 0 0.6000000000000001 0 0 0 0 0 6 3.6 5.6000000000000005 0 0 3 0 3 1.8 3.6 3.2 0 0 5.6000000000000005 8.6 4.6000000000000005 12.4 3.2 7 6.4 0 0.4 0 0 0 0 0 0 0 0 0 1 0 0 0 0 0 0 0 0 0 0 0 0 0 0 0 0 0 0 0 0 0 0 0 0 0 0.4 0 0 0 0 0 0 0 0 0 0 0 0 0.4 0 0 0 0 0.4 0 0 0 0 0 0 0 0 0 0.2 0.2 0 0 20.200000000000003 0 0.8 10 0 0 0 0 0 0 0 0 0 0 0 0 0 0 0 0 0 0 0 0 0 0 0 0 6.2 0 0 0 0 0 0 0 0 0 0 0 0 
 65.60000000000001 0 67.8 10.8 21.8 18.2 35 70.4 53.6 26.200000000000003 97.60000000000001 28.400000000000002 25.8 31.400000000000002 6 70.4 34.4 35.2 24.400000000000002 65 0.4 0 0.2 0 0 0 0 0 0.4 0 0 0 0 0.2 0.2 0 0 0 14.600000000000001 14.8 0 0 0 1.4000000000000001 0 0 0 0 10.8 0 0 0 0 0 0 0 0.2 0 0.2 0.2 0 0.6000000000000001 0 0 0 0 0 0 0 0.2 0 0 0 0 0 0 0 0 0 0 0 3.2 0 2.4000000000000004 0.6000000000000001 2.2 2 4.6000000000000005 3.6 2.4000000000000004 0 0 3.8000000000000003 2.8000000000000003 4.2 5 3.8000000000000003 7 0 1.2000000000000002 0 3 0 0 0 0 0 0 0 0 0 0 9.600000000000001 0 4 0 0 0 0.2 0.2 0 0 0 0 0 0 0 0 0 0 0 0 0.4 0.2 0.2 0 0 0 0 0 0 1.2000000000000002 0 0 0 0 0.2 2.4000000000000004 0 0 0 0 0 0 0 0 0 0 0 0 2 0.4 1.6 2.6 2.6 0 0 0 7.4 4.4 3.6 3.6 0 0 0 8.6 0 8.4 6.800000000000001 0 0 0.2 0 0 0 0 1.6 1.8 0 0 0 0 0.4 0 0 0 0 0 5 2.6 0 0 0 0 0 0 0 0 0 0 0 0 0 0 0 0 0 0 0 0 0 0 0.2 0 0 0 0 0 0 0 0 0 0 0 0 0 0 0 0 0 0 0 0 0 0 0.8 0 0 18.400000000000002 19 0 1.4000000000000001 0 0 0 0 0 0 0 0 0 0 0 0 0 0 0 0 0 0 0 0 0 0 0 3 4 2.6 0 0 0 0 0 0 0 0 0 2.8000000000000003 0 0 
 15.4 67.8 0 60.800000000000004 12 25 15.4 43.6 61 56 79.80000000000001 7.800000000000001 36.6 29.8 30.200000000000003 22 8.8 11 36.4 53.800000000000004 0.6000000000000001 0 15.200000000000001 0.6000000000000001 0 0 17 0.4 0 0.8 0 0.4 0 0.6000000000000001 0 0 0.2 0 0 4.4 0 0 0.4 5.800000000000001 0 0 0 0 0.6000000000000001 0 0 0.2 0 0 0 0 0 0 0.2 11.4 0.6000000000000001 0 0 0 0 0.6000000000000001 0 0 0 0 0 0 0 0 0 0 0 0 0 0 1.4000000000000001 2.2 0.4 4 0 3.8000000000000003 5.6000000000000005 5.800000000000001 4.6000000000000005 4.4 2 3.8000000000000003 4 2 6.2 1.4000000000000001 0.4 7.800000000000001 3.6 0 0 0 0 0 3 0 0 0 0 2.8000000000000003 0 0 4 0 0 0 0 0 2.2 0.2 0 0 0 0 0 0 0 0 0 0 0 0.2 0 0 0 0 1.8 0 0 0 0 0 0 2.4000000000000004 0 0 0 0 0 0 0 0 0 0 0 1.2000000000000002 0 0 0 0 5.2 0 4.4 0 2.2 2 3.8000000000000003 0 2.8000000000000003 0 2.8000000000000003 1.6 0 0 2.6 2.4000000000000004 0 6.2 0 0 0 4.2 0 0 0 0 1.2000000000000002 1 0.4 0 0 0.4 0 0 0 0 0 0 2.2 2.2 0 0 0 0 0 0 0.2 0 0 0 0 0 0 0 0 0 0 0 0 0 0 0 0 0 0 0 0 0 0 0.2 0 0 0 0.2 0 0 0 0 0.4 0 0 0 0 0 0 0.4 0.4 0 17.2 0 0.2 1 0 7 0 0 0 0 0 0 0 0 0 0 0 0 0 0 0 0 0 0 0 0 0 2.4000000000000004 2.6 0 0 0 0 0 0 0 0 0 0 0 0 0 
 12.600000000000001 10.8 60.800000000000004 0 78 7.6000000000000005 15.4 71.4 61 27.200000000000003 33.6 73.60000000000001 5.800000000000001 57.6 9.200000000000001 6.4 13.600000000000001 32.6 97.80000000000001 7.4 15.600000000000001 0 0 42.2 0 0 16.8 4.2 0 0.4 0 0 13 15.200000000000001 0 41.400000000000006 0 0 16.2 14.8 0.4 0 12.600000000000001 0.6000000000000001 0 0 0 0 0.6000000000000001 0 0 1.2000000000000002 0.6000000000000001 0 0 0 0 0 0.4 1.4000000000000001 0 0 0 0 0 0.6000000000000001 1.2000000000000002 0 0 0 0 0 4.4 0 0 0 0 0 0 0.4 0 0 1.8 1.8 8 6.6000000000000005 0 0 5 0 7.2 9.4 0 0 0 5.2 0 4.6000000000000005 0 0 0.6000000000000001 3.8000000000000003 2.4000000000000004 0.6000000000000001 0 0 2.8000000000000003 0 0 0 0 0 4.4 6.2 2.8000000000000003 3.2 2.8000000000000003 0 0 2.8000000000000003 0 0 0 0 0 0 0 0 0 0 0 0 0 0 0 0 0 0 0 0 0 0 0 0 0 0 0 0 0 0 0 0 0 0 0 0 0 0 0 0 2.4000000000000004 2.6 2.8000000000000003 0 2 0 0 0 2 4.4 4.6000000000000005 0 0 0.4 0 2.8000000000000003 0 0 1.4000000000000001 0 2.6 3 6.800000000000001 0 0 0 4 4.4 5.2 0 0 0 5 0 2 7 2.2 0 0 6.6000000000000005 0.4 0 0 0 0 0 0 0 0 0 0 0 0 0 0 0 0 0 0 0 0 0 0 0 0 0.2 2.8000000000000003 0 0 0 0 0 0 0 0 0 0 0 0 0 0 0 0 0 0 0 2.4000000000000004 0 0.2 0 0 1.6 0 0 0 0 0 0 0 0 0 0 0 0 0 0 0 0 0 0 0 0 0 0 0 0 0 0 0 0 0 0 0 0 0 0 0 0 0 0 
 19.6 21.8 12 78 0 52.6 5.6000000000000005 7.2 65.4 29.6 59.6 17.8 8.200000000000001 12.600000000000001 9.4 11 11 55.2 96.80000000000001 8.200000000000001 15.8 15.200000000000001 0.4 1.2000000000000002 0 0 45.800000000000004 0.2 0 0.8 0 0 0 4.800000000000001 33.6 0 15 15 16.400000000000002 6 0 0 0.6000000000000001 1.2000000000000002 0 0 0.8 0 1.2000000000000002 0 0 0.2 0 0 0 0 0 0 0 1 0 0.4 0 0 0 0.8 0.6000000000000001 0 0 8.6 0 0.2 0.6000000000000001 0 0 2.4000000000000004 0 0 0 0 0 0.2 2.6 0 2 1.2000000000000002 0 0 0 3.6 1.8 3.2 0 0 0 0 5.4 0 0 0 0 1.4000000000000001 0 0.4 0 0.4 8 0 1.8 0 1.6 0 6.800000000000001 1.6 2.2 7.2 1.8 2.6 4.4 4.4 0 0 0 0 0 0 0 0 0.2 0.2 0 0.4 0 0 0 0 0 0.4 0 0 0 0 0 0 0 0 0 0.2 0 0 0 0 0 0 0 0 0 0 0 0 0 2.2 0 0 13.8 0 0 0 0 0.2 0 1.6 0 0 0 0 0 0 0 0 2.6 13 1.6 0 0 0 9 2 2.2 0 2.4000000000000004 8.8 0.2 7 1.4000000000000001 0 2.2 0 0 6 0 0 0 0 0 0 0 0 3 1.6 0 0 0 0 6.2 0 0 0 0 0 0 0 0 0 0 0 0 0 0 0 0 0 0 0 0 0 0 0 0.4 0 0 0 0 0 0 0 24.200000000000003 0.4 0.6000000000000001 0.4 0.6000000000000001 1.6 0 0 0 0 0 0 0 0 1.8 0 0 0 0 0 0 0 0 0 0 0 0 0 0 0 0 0 0 0 0 0 0 0 0 0 0 0 0 0 
 10.600000000000001 18.2 25 7.6000000000000005 52.6 0 7 5.2 27.8 6.4 23.8 73.4 9.4 50.6 6.2 55.2 13 30 51.6 55 15.200000000000001 27.400000000000002 15.600000000000001 0.6000000000000001 0 0.4 35 15.200000000000001 0 15 0 0 16.8 6 34.2 0 31 0 14.600000000000001 37 0 0 0.4 0.8 0 0 0 0 0.6000000000000001 0 0 0 0 0 0 0 0 0 3 14.4 0 0 0 0 0 0.6000000000000001 0 0 0 0 0 0 0.8 0 0 0 0 0 0 0 0 2 0 0.2 1.8 2.2 0 0 0.2 2.2 0 0 0 3.8000000000000003 0 3.8000000000000003 7 0.2 0 0 3.6 0 0 9.8 0 0 2.8000000000000003 3 2.2 1.6 4.6000000000000005 0 4 0 0 0 0.6000000000000001 5 2 0 0 0 0 0 0 0 0 0 0 0 0 0 0 0 0 0 0 1.6 0 0 0 0 0 0 0 0 0 0 0 0 0.2 0 0 0 0 0 0 0 0 0 0 0 0 2.6 10.4 2.6 0 0 0 0 0 2.6 0 0 0 0 0 0 0 0 4 2.8000000000000003 0.2 0 0 0.4 13.600000000000001 6 0.8 0 2.2 0 6.800000000000001 7.4 2 3 5.6000000000000005 0 0 4.4 0 0 0 0 0 0 6.6000000000000005 0 0 0 0 0 0 0 0 0 0 0 0 0 0 0 0 0 0 0 0 0 0 0 0 0 0 0 0 0 0 0 0 0 0 0 0 0 0 0.4 0.4 0 1 1.2000000000000002 0 1.4000000000000001 0 0 0 0 0 0 0 0 0.4 0 0 0 0 0 3.6 0 0 0 0 0 0 0 0 0 3.8000000000000003 0 0 0 0 0 0 0 0 0 0 0 0 0 
 31.400000000000002 35 15.4 15.4 5.6000000000000005 7 0 21.6 15 11.600000000000001 55.800000000000004 7.2 31.200000000000003 52.800000000000004 9.600000000000001 26.6 93.4 4.6000000000000005 14.4 45.2 1.6 0.6000000000000001 0.6000000000000001 0.6000000000000001 0.6000000000000001 0.4 0 0 0 1 0 0.2 0 1 0.2 0.6000000000000001 0 0.6000000000000001 0.6000000000000001 0.8 0 0 1 1.2000000000000002 0 0.6000000000000001 0 0.6000000000000001 5.2 0.6000000000000001 0 0.6000000000000001 0 0 0.4 0 1.4000000000000001 0.2 0.6000000000000001 11.8 0 0 0 0 0 0.6000000000000001 0.6000000000000001 0 0 0 0 0 0 0 0.6000000000000001 0 0.6000000000000001 0 0 0.2 3 1.8 3.2 0 0 18.2 2.2 5.6000000000000005 0 0 0 3.8000000000000003 0.6000000000000001 15 0.4 0 5.4 5.800000000000001 0.2 1.4000000000000001 0 0 0 0 0 0 0 0 0 0 0 0 0 0 0 0 0 0 0 0.2 0 0 0 0 0 0 0 0 0 0 0 0 0 0 0 0 0 0 0 0 0 0 0 0 0 0 0 0 0 0 0 0 0 0 0 1.2000000000000002 0 0 0 0 5 0 3.2 0 0 2 6.2 0 0 4.2 0.2 0 1.6 0.4 1.8 0 0 3.4000000000000004 0 0 0 0 0 0 0 0 0.2 0 0 0 0 0 0 0 0 0 0 0 3.8000000000000003 0 0 0 0 0 0 1.6 0 0 0 0 0 0 0 0 0 0 0 0 0 0 0 0 0 0 0 0 0 0 0 0 0 0 0 0 0 0 0 0 0 2.2 0 0 0 0 0 0 0 0 0.4 9 0.4 1.8 0 0.4 0 0 0 0 0 0 0.6000000000000001 0.2 0 0 0 0.4 0 0 0 0 0 0 0 0.4 0 0 4 0 0 0 0 0 0 0 0 0 0 0 0 0 
 24.6 70.4 43.6 71.4 7.2 5.2 21.6 0 53.2 8 27 8.8 20.400000000000002 34.800000000000004 50.400000000000006 26.400000000000002 33.2 24 29.6 29 0.4 0 0 0.8 0 0 0 0.6000000000000001 0 0.4 0.4 0.4 0.4 0.6000000000000001 0 0 0 0 0 0 0.6000000000000001 0 0.4 0 0.6000000000000001 0.6000000000000001 0 0.6000000000000001 0.6000000000000001 0 0.6000000000000001 0 0 0 0 0 0 0 0.4 0.4 0 0 0 0 0 1.2000000000000002 0.6000000000000001 0 0 0 0 0 0 0.4 0 0 0 0 0.2 0 0.2 4.2 7.800000000000001 5.2 0 2.2 7.6000000000000005 3.6 7 0 3.2 0 5.800000000000001 2.2 5.800000000000001 3.6 0 6.800000000000001 9.200000000000001 3.8000000000000003 0 0 0 0 0 0 0 0 0 0 0 0 0 0 1.4000000000000001 0 0 0 4.800000000000001 3 0 0 0 0 0 0 0 0 0 0 0 0 0 0 0 0 1.8 0 0.4 0 0 0 0 0 0 0 0 0 0 0 0 0 0 0 0 0 0 0 0 0 3.2 3.6 1.8 3.8000000000000003 0.8 0 0 0 13 4.800000000000001 3.8000000000000003 4 3 0 0 5.2 0 0 1.6 1.8 0 0 0 0 0 0 0 0 0 0 0 0 0 0 0 0.2 0 0 2 0 0.2 0 0 0 0 0 0 0 0 0.4 0 0 0 0 0 0 0 0 0.4 0 0 0 0.4 0 0 0.4 0 0 0 0 0 0 0 0 0 0 0 0 0 0 0 0 0 0 0 0 0 0 8.4 0 3.2 2.8000000000000003 0 4.2 0 0 0 0 0 0 0 0 0 0 0 0 0 0 0 0 0 0 0 0 0 1.6 3.6 0 0 0 0 0 0 0 0 0 0 0 0 0 
 6.4 53.6 61 61 65.4 27.8 15 53.2 0 14.600000000000001 74.4 8.200000000000001 30.400000000000002 65.4 22.6 23.8 48.400000000000006 62 23.6 32.800000000000004 0.8 0 0 0.4 0 0 15 1.6 0 0.4 0 0 0 0.6000000000000001 0.4 0.4 0 0 14.600000000000001 7.2 0 0 0.6000000000000001 1.2000000000000002 0 0.6000000000000001 0 0 0.6000000000000001 0.4 0 0.2 0.4 0 0.2 0.4 0 0 0 1.6 0 0.2 0 0 0 1 0 0 0.6000000000000001 0 0 0 0 0.4 0 0.4 0.6000000000000001 0.2 0 0 0 4 8.6 7.4 2.8000000000000003 0 2.6 2.8000000000000003 2.8000000000000003 6 2.2 3.4000000000000004 1.4000000000000001 5.4 0 0 6.4 3.8000000000000003 3.2 0 0 0 0 0 0 0 0 0 0 0 0 0 10.200000000000001 2.8000000000000003 1.6 0 0 0 0.2 0 0 0 0 0 0 0 3.4000000000000004 0 0 0 0 0 0 0 0 0 2.8000000000000003 0 0 0 0 0.8 0 0 0 0 0 0 0 0 0 0 0 0 0 0 0 0 0 0 0 0 0.2 0 3.2 0 0 3.4000000000000004 0 3.6 0.2 0.2 0 2 0 9.200000000000001 0.2 3.8000000000000003 0.2 0 0 3.2 0 0 0 0 2.4000000000000004 1.8 0 0 0 0 3.4000000000000004 0 0 0 0 0 2.6 3 0 0 0 0 0 0 0 0 0 0 0 0 0 0 0 0 0 0 0 0 0 0 0 0 0 0 0 0 0 0 0 0 0 0 0 0 0 0 4 0 0 0 0 0 0 0 0.8 0 0.2 1.2000000000000002 0 1 0 0 0 0 0 0 0 0 0 0 0 0 0 0 0 0 0 0 0 0 0 0 0 5.800000000000001 0 1.6 0 0 0 0 0 0 0 0 0 0 0 0 
 13.200000000000001 26.200000000000003 56 27.200000000000003 29.6 6.4 11.600000000000001 8 14.600000000000001 0 50.6 21.400000000000002 10 33.2 52 33 11 10 22.200000000000003 21.200000000000003 0.2 0 0 0.4 0 0 0 0 0 0.4 0 0 14.8 0.6000000000000001 0.4 0 0 0.2 14.600000000000001 3.4000000000000004 0 0 0.6000000000000001 0 0 0 0 0 0.6000000000000001 0 0 0 0 0 0 0.4 0 0 0.6000000000000001 11.200000000000001 0 0 0 0 0 0.6000000000000001 1 0 0 0 0 0 0 0 1.8 0 0 0 0 0 1.8 1.8 2.2 0 0 13.8 0 3.8000000000000003 0.2 0 0 5.4 0.4 3.8000000000000003 2.4000000000000004 10.600000000000001 7.6000000000000005 8.200000000000001 0 3.6 0 0 0 0 0 0 0 0 0 0 0 0 0 0 2 3.2 0 0 0 0.2 0 0 0 0 0 0 0 0 0 0 0 0 0 0 0 0 0 0 0 0 0 0 0 0 0 0 0 0 0 0.4 0 0 0 0 0 1.2000000000000002 0 0 0 0 2.6 2.4000000000000004 5.6000000000000005 4.4 1.8 2 3.8000000000000003 0.2 2.6 1.2000000000000002 4.6000000000000005 2.4000000000000004 2.8000000000000003 0 0 4.4 2 3.4000000000000004 0 0 3.8000000000000003 0 0 0 0 0 3 2.2 0 0 0 0 2.6 3.4000000000000004 2.8000000000000003 0 0 0 7.800000000000001 2.6 0 0 0 0 0 0 0 0.2 0 0 0 0.2 0 0 0 0 0.2 0 0 0 0 0.4 0 0 0 0 0 0 0 0 0 0 0.4 0 0 0 0 0 0 0 0 0 0 0 0 0.4 0 0 0.2 7.6000000000000005 2.6 4 0 0 0 0 0 0 0 0 0 0 0 0 0 0 0 0 0 0 0 0 0 0 0 0 4 0 0 0 0 0 0 0 0 0 0 0 0 0.4 
 77 97.60000000000001 79.80000000000001 33.6 59.6 23.8 55.800000000000004 27 74.4 50.6 0 16.400000000000002 70 41.800000000000004 9.200000000000001 59.6 75.4 44 10.200000000000001 72.8 0.6000000000000001 0 0 0.6000000000000001 0.4 0 0 0.4 0 0.4 0 0 0 0.6000000000000001 0 0 0 0 27 31.6 0 0 0.4 0.8 0 0 0 0 0.6000000000000001 0 0 11.600000000000001 0 0 0 0 0 0 1.2000000000000002 0.4 0 0 0 0 6.6000000000000005 0.6000000000000001 1.6 0 0 0 0 0.4 1.6 0 0 0 0 0 0 0 0 4.6000000000000005 2.6 3 5 4.4 0 4.800000000000001 3 2.2 3.4000000000000004 0.2 0 4.800000000000001 1 2.2 15 16.6 0 0 0 0 0 0 0 0 0 0.2 0 0 0 0 4.2 0 5.4 3.2 0 0 1.2000000000000002 3.6 0 0.4 0 0 0 0 0 0 0 0.2 0 0 0 0 0 0 0 0 0 0 0 0 0 0 0 0 0 0 0 0 0 2.6 0 0 0 0 0.8 0 0 0 1.4000000000000001 2.8000000000000003 0.2 2.6 0 0 0 0 6.800000000000001 3 4.800000000000001 4.2 0 0 0 5 0 5 14.600000000000001 0 3.8000000000000003 0.4 4.4 0 0 0 4.4 5.2 0 0 0 0 1 0 0 0 2.4000000000000004 0 4 4 0 0 0 0 0 0 0 0 0 0 0 0 0 0 0 0 0 0.4 0 0 0 0 0 0.2 0 0 0 0 0 0 0.4 1.8 0 0 0 0.2 0 0 0 0 0 0 0 0 0 0.4 0 0 18 8.4 0.2 2.8000000000000003 0 0 0 0 0 0 0 0 0 0 0 0 0 0 0 0 0 0 0 0 0 0 0 0 8.4 0 0 0 0 0 0 0 0 0 0 0 0 0 
 40.400000000000006 28.400000000000002 7.800000000000001 73.60000000000001 17.8 73.4 7.2 8.8 8.200000000000001 21.400000000000002 16.400000000000002 0 5.6000000000000005 12 30.400000000000002 16.400000000000002 50.2 48.400000000000006 8.4 8.6 8 0 0 0.6000000000000001 0 0.4 0.2 14.8 14.8 0.4 0 0 18 4 15 14.8 0 0 0 0.2 0 0 0.4 0 5.6000000000000005 0.2 0 0 0.6000000000000001 0 0 1 3.4000000000000004 0 0 0 0 0.2 0 0.4 0 0 0 0 0 0.6000000000000001 0 0 0 0 0 0 0 0 0.4 0 0 0 0 0 0 4.2 5.2 3 0 2.4000000000000004 0 0 4.800000000000001 1.4000000000000001 5.4 4.800000000000001 0 0 0 3.8000000000000003 5.4 0 0 0 6 0 0.2 0 0 0 2.2 2.6 0.2 0 0.2 0 0 6.4 5 0.8 0 0 0 4.800000000000001 0 0 0 0 0 0 0.4 0 0 2.4000000000000004 0 7.800000000000001 0.4 0 0 0 0 3.6 0 0 0 0.4 0 0 0 0 0 0 0 0 0 0 0 0 0 0 0 0 0 0 0.6000000000000001 11.600000000000001 0 3.2 3.6 3.8000000000000003 0 0 8.200000000000001 2.6 2.6 0 0.4 1.8 10 7.4 4.800000000000001 1.6 5.2 0 1.4000000000000001 0 7.6000000000000005 0.4 3.8000000000000003 0 0.4 4.4 5.4 0 0.2 0.8 0 4 1.8 3.4000000000000004 0 0 0.2 0 0 0 0 0 0 0 0 0 0 0 0 0 0 3.2 0 0 0 0 0 0 0 0 0 0 0 0 0 0 0 0 0 0 0 0 0 0 0 0 0 0 0 0 0 0 0 0.2 17.6 0.2 1.6 0.4 0 1 2.2 0 0 0 0 0 0 0.4 0 0 0 0 0 0 0 0 0 0 0 0 0 0 0 0 0 0 0 0 0 0 0 0 0 0 0 0 0 0 
 27.8 25.8 36.6 5.800000000000001 8.200000000000001 9.4 31.200000000000003 20.400000000000002 30.400000000000002 10 70 5.6000000000000005 0 35.2 7.6000000000000005 86.60000000000001 27.6 117.2 22.200000000000003 65.60000000000001 0.6000000000000001 0 0.6000000000000001 0.6000000000000001 0 0 0 0 0 0.4 0 0 0 0.6000000000000001 0 15.4 0 0 0 0 0 0 0.4 0 0 0 0 0 0.6000000000000001 0 0 0 0 0 0 0 0 0 0.2 12.600000000000001 0 0 0 0 0 0.4 0 0 0 0 0 0 0 0 0 0 0 0 0 0 1.2000000000000002 2.4000000000000004 4.4 1.2000000000000002 0 0.2 3.6 8 2.2 3.2 0 0 2.4000000000000004 0 2.2 2.4000000000000004 0 0 1.2000000000000002 8.4 0 0 2.4000000000000004 0 0 0 0.4 0 0 0 0 0 0 2.2 0 0 0 0 2.6 0 0 0 0 0 5.800000000000001 0 0 0.4 0 0 0 0 0 0 0 0 0 0 0 0 0 0 0 0 0 0 0 0 0 0 0 0 0 0 0 1.8 0 0 0 0 2.2 0 0 0 0 0 6.800000000000001 0 0 1.4000000000000001 2 2.8000000000000003 1.6 0.2 4.4 1.8 0 2.4000000000000004 0 0 0 0 0 0 0 0 0 0 0 0 0 0 0.4 0 0 0 1.2000000000000002 0 0 0 0 0.2 0 0 0 0 0 0 0 0 0 0 0 0 0 0 0 0 0 0 0 0 0 0 0.4 0 0 0 0 0 0 0 0 0 0 0 0 0 0 0 0 0.2 0 0 0 0.2 0 0 0.2 0 0.2 2.6 0 0 0 0 0.4 0 0 0 0 0 0 0 0 0 0 0 0 0 0 0 0 0 0 0 0 0 0 0 0 0 0 0 0 0 0 0 0 0 
 30.200000000000003 31.400000000000002 29.8 57.6 12.600000000000001 50.6 52.800000000000004 34.800000000000004 65.4 33.2 41.800000000000004 12 35.2 0 18 28.200000000000003 44.6 48.400000000000006 43.400000000000006 104.80000000000001 0.4 0 0 0.6000000000000001 0 0 0 0.4 0 0.4 0.2 0 0 0.6000000000000001 0 0.4 0 0 0 0 0 0 0.4 0 0 0 0 0 0.6000000000000001 0 0 0 0 0 0 0 0 0.4 0.2 12.8 0 0.6000000000000001 0 0 0 0.6000000000000001 0 0 0 0 6.2 0 0 0 0 0 0 0 0 0 8.4 2.2 12.600000000000001 4.2 0 2.8000000000000003 2.8000000000000003 9.4 2 3.2 0 1.4000000000000001 10.200000000000001 0.4 9.4 4.6000000000000005 0.8 1.6 9.600000000000001 3.4000000000000004 0 0 0 0 0 0 0 0 0 0 0 0 2.2 0 0 0 0 0 2 0 0 0 0 0 0 0 0 0 0.2 0 0 0 0 0 0 0 0 0 0 0 0 0 0 0 0 0 0 0 0 0 0 0 0 0 0 1 0 0 0 0 2.8000000000000003 0 0 0 0 0 2.8000000000000003 3.4000000000000004 0 6.4 2.4000000000000004 2.6 0 0 0.4 3.2 2.8000000000000003 2.2 0 2 0 0 0 0 0 0 0 0 0.4 0 0 0.4 0 0 0 0 0 0 3.4000000000000004 0 0 0 0 0 0 0 0.2 0 0 0 0 0 0 0 0 0 0 0 0 0 0 0 0 0 0 0 0 0 4.2 0 0 0 0 0 0 0 0 0 0.4 0 0 0.2 0 0 0 0.6000000000000001 0 0.2 0.2 37.800000000000004 0.4 1.6 0 0 0 0 0 0 0 0 0 0 0 0 0 0 0 0 0 0 0 0 0 0 0 0 0 0 0 0 0 0 0 0 0 0 0 0 0 0 
 9.4 6 30.200000000000003 9.200000000000001 9.4 6.2 9.600000000000001 50.400000000000006 22.6 52 9.200000000000001 30.400000000000002 7.6000000000000005 18 0 29.6 36.6 10 14 18 0.6000000000000001 0.4 1.4000000000000001 5.800000000000001 0.4 0.2 0.4 0 0 0.4 0 0.4 0 1 0 0.4 0.4 0 0.2 0 0 0 0.4 0.4 0 0 0 0 0.6000000000000001 0.2 0 0 0 0 0 0 0 16 0.2 0.6000000000000001 0 0 0 0 0 1.6 0 0 0 0 0 0 0 0 0 0 0 0 0 0 5.6000000000000005 2 6.800000000000001 4 3.2 0.6000000000000001 3.4000000000000004 4.4 5 1.2000000000000002 4.4 2 0 6.800000000000001 5.800000000000001 4.800000000000001 3.8000000000000003 6.2 2 3.2 0 0 0 0 0 0 0 0 0 0 0 0 2 3.4000000000000004 0 0 0 0 2.2 2.6 0 0 0 0 0 0 0 0 0 0 1.6 0 0 0 0 0 2.8000000000000003 0 0 0 0 0 0 0 0 0 0 0 0 0 0 0 0 0 0 0 0 0 0 0 0 5 1.6 3.4000000000000004 7.800000000000001 3.4000000000000004 0 3.8000000000000003 11.200000000000001 0 2.2 0 0 6.2 4.2 4.6000000000000005 4.4 2 0 0 0 0 3.6 0 0 0 0 0 0 0 0 1 0 0 0 0 0 0 0.4 0 0 0 0 0 0 0 0 0 0 0 0 0 0 0 0 0 0 0 0 0 0 0 0 0 0 0 0 0 0 0 0 0 0 0 0 0 0 0 0 0 0 0 0 0 0 1 0.2 0 17.8 17.400000000000002 2 2 3.2 0 0 0 0 0.4 0 0 0 0 3.8000000000000003 0 0 0 0 0 0 0 0 0 0 0 0 0 3.8000000000000003 0 0 0 0 0 0 0 0 0 0 0 0 0 
 27.8 70.4 22 6.4 11 55.2 26.6 26.400000000000002 23.8 33 59.6 16.400000000000002 86.60000000000001 28.200000000000003 29.6 0 45.2 40.2 54.6 48.6 0.4 0 0 0.6000000000000001 0.8 0.4 15.200000000000001 0.8 0 0.4 0 0 1.6 0.6000000000000001 0 0 0 0 0.6000000000000001 4.4 0 0.8 0.4 0.8 0 0 0 0 0.6000000000000001 0 0 0 0 0 0 12.4 0 0 0.2 1.2000000000000002 0 0 0 0 1.2000000000000002 0.6000000000000001 0 0 0 0 0 0 0 0 3.4000000000000004 0 0 0 0 0 0 6.6000000000000005 0 0.2 0 1.8 0 2 4.800000000000001 5 8.200000000000001 0.2 0.8 8 1 2.2 5 4.6000000000000005 13.4 4 0 0 0 0 0 0 0 0 0 0 0 0 4.4 0 0 0.2 0 0 0.4 1 0 0 0 0 0 0 0 0 0 0 0 0 0 0 0 0 0 0 0 0 0 0 0 0 0 0 0 0 0 0 0 0 0 0 0 0 0 0 0 0 0 2 0 3.6 2.2 1.8 0 0 6 0.2 0.6000000000000001 3.6 0 2.6 3.6 0 0.2 9.8 0 0 0.2 4.2 0 0 0 0 0.8 0.8 0 0.8 0 0.8 0 1.8 0 0.4 0 0 0.2 0.6000000000000001 0.2 0 0 0 0 0 0 0 0 3.2 0 0 0 0 0 0 0 0 0 0 0 0 0 0 0 0 0 0 0 0 0 0 0 0 0 0 0 0 0 0 0 0 0 0 0 0.2 0.6000000000000001 0 17.8 17.400000000000002 0.4 2.4000000000000004 4 0 0 0 0 0 0 0 0 0 0 0 0 0 0 0 0 0 0 0 0 0 0 0 7.800000000000001 0 0 0 0 0 0 0 0 0 0 0 0 2 
 18.400000000000002 34.4 8.8 13.600000000000001 11 13 93.4 33.2 48.400000000000006 11 75.4 50.2 27.6 44.6 36.6 45.2 0 79.4 5.6000000000000005 33.4 0.8 0 0 15.200000000000001 0 0 0 0 0 0.4 0 0 12.4 0.6000000000000001 0 0 0 0 14.8 0 0 0 0.4 0 0 0 0 12.600000000000001 0.6000000000000001 0 0 0 0 0 0 0 0 0 0.2 0.4 0 0 0 0 0 0.4 0 0 0 0 0 0 8.200000000000001 0 0 0 0 0 0 0 3 7.2 5.2 4.800000000000001 3 0.2 3.4000000000000004 2.2 2.8000000000000003 2.2 4.6000000000000005 6 1.8 0 5.2 8.8 1.2000000000000002 2.8000000000000003 1.8 10.8 0 0 0 0 0 0 0 0 0 0 0 0 9.4 6.2 2.2 0 0 0 2.6 1.4000000000000001 0 0 0 0 0 0 0 0 0 0 0 0 0 0 0 0 0 0 0 0 0 1 0 0 0.2 0 0.6000000000000001 0 0 2.2 0 0 0 0 0 0 0 0 0 0 0 1.8 0 0 0 2.6 0 1 6 6.6000000000000005 2.2 2 3 3.2 1.6 0 3.6 5.2 0 2.2 0.2 0 2 0 0 0 2.8000000000000003 3.4000000000000004 0 0 0 0.4 6.2 0 0 0 0 0 3.6 0 0 0 0 0 0 0 0 0 0 0 0 0 0.8 0 0 0 0 0 0.2 0.2 0 0 0 0 0 0 0 0 0 0 0 0 0 0 0 0 0 0 0 0 0 0 0 0 0 0 0.4 0 17.400000000000002 20 0.4 1.2000000000000002 3.8000000000000003 0 0 0 0 0 0 0 0 0 0 0 0 0 0 0 0 0 2.2 1.8 0 0 0 1.8 2.8000000000000003 3.2 0 0 0 0 0 0 0 0 0 0 0 1.6 
 7.4 35.2 11 32.6 55.2 30 4.6000000000000005 24 62 10 44 48.400000000000006 117.2 48.400000000000006 10 40.2 79.4 0 24.400000000000002 44 1.6 0 0.2 1.4000000000000001 0 0 15.8 0.4 0 0.4 0 0 30.8 1 0 0.8 0 0 0.4 4.6000000000000005 0 0 0.4 1.2000000000000002 0 0 0 0 0.6000000000000001 0 0 0.2 0.6000000000000001 0 0 0.8 0 0 0.2 12.8 0 0 0 0 0 0.6000000000000001 0 0.8 0 0 1.4000000000000001 0 0 0 0.8 0 0 0 0 0 0 5 0.2 7.2 2.6 0.2 0 6 6.4 3 9.8 1.8 1.4000000000000001 0.4 2.4000000000000004 6 0.4 2.6 2.2 3.8000000000000003 0 0 2 0 0 0 0 0 0.4 0.8 0 0 3.8000000000000003 3.2 0 0 0 0 2.2 2.2 0 0 0 0 0 0 0 0 0 0 0 0 0 0 0 0 0 0 0 0 0 0 0 0 0 0 0 0 0 0 0 0 0 0 0 1 0 0 0 0 0 0 0.2 3 2.2 3.6 4 0.4 11 0 2.2 7.2 0 2.8000000000000003 0 3 0 4.800000000000001 0 0 5.4 4.2 0 0 0 0.2 1.6 3.8000000000000003 0 0 0 1 4.2 0.6000000000000001 0 0 0 0 2.8000000000000003 0.2 0 0 0 0 0 0 0 0 0.4 0 0 0 4 0 0.4 0 0 0 0 0 0 0 0 0 0 0 0 0 0 0 0 0 0 0 0.2 0 0 0 0 0 0 0 0 0 0 0.4 0.2 0.2 17.6 0.6000000000000001 0.6000000000000001 1 2.8000000000000003 0 0 0 0 0 0 0 0 0 0 0 0 0 0 0 0 0 0 0 0 0 0 0 2.6 0 0 0 0 0 0 0 0 0 0 0 0 2.6 
 12.4 24.400000000000002 36.4 97.80000000000001 96.80000000000001 51.6 14.4 29.6 23.6 22.200000000000003 10.200000000000001 8.4 22.200000000000003 43.400000000000006 14 54.6 5.6000000000000005 24.400000000000002 0 63 0.4 0 0 0.6000000000000001 0 0 0.4 0 0 0.4 0 0 0 0.6000000000000001 0 0 0 0 0 0 0 0 0.4 0 0.4 0 0 0.6000000000000001 0.6000000000000001 0 0 0 0 13.8 0 0 0 0 0 0 0 0 0.2 0 0 0.6000000000000001 0 0 0 0 0.6000000000000001 0 0 0 0 0 0 0 0 0 6 0 0 0 0 0 2 2.2 0.2 0 0 0.4 3.4000000000000004 5.2 2 0 0 2 0 4.6000000000000005 0 0 0 0 0 0.2 0 0 0 0 0 0 0.4 0 0 0 0 0 0 0 0 0.2 0 0 0 0 0 0 0 0 0 0 0 0 0 0 2.6 0.2 0 0 0 1 0 0 0 0 0 0.4 0 0 0 0 0 0 0 0 0 0 0 0 2.2 0 1.4000000000000001 0 0 0 10.4 1 0 1.4000000000000001 0 0 2.2 2.4000000000000004 1.8 0 0 0 8.4 3.2 0 0.8 0 0 0 0 0 0 0 0 0 0 0 0 0 0 0 0 4 0 0 0 0 0 0 0 0 0 0 0 0 0 0 0 0 0 0 0.2 0 0 0 0 0 0.2 0 0 0 0 0.4 0 0 0 0 0 0 0.2 0 0 0 0 0 0 0 0 0 0 0.4 0.4 0 0.2 0.2 2.4000000000000004 0 0 0 0 0 0 0 0 0 0 0 0 0 0 0 0 0 0 0 0 0 0 0 0 0 0 0 0 0 0 0 0 0 0 0 0 0 0 
 25 65 53.800000000000004 7.4 8.200000000000001 55 45.2 29 32.800000000000004 21.200000000000003 72.8 8.6 65.60000000000001 104.80000000000001 18 48.6 33.4 44 63 0 0.4 0.4 0 0.6000000000000001 0 0 0 0 0 0.4 0 0.6000000000000001 0 0.6000000000000001 0 0.4 0 0 4.2 0 0 0 0.4 0 0.6000000000000001 0 0 0 1 0 0.4 0 0 0 0 0 0 0 0.2 0.6000000000000001 0 0 0 0.4 0 0.8 0 0 0 0 0 0 0 0 0 0 0 0.2 0 0.4 1.6 2.2 0 2 0 0.2 2.8000000000000003 4.800000000000001 2.2 6.4 0 0 5.6000000000000005 2 5 6.4 0.2 6.2 1.2000000000000002 5 0 0 0 0 0 0 0 0 0 0 0 0 0 0 0 0 0 0 2.4000000000000004 0 0.2 0 0 0.4 0 0 0 0 6 0 0 0 0 0 0 0 2.6 0 0 0 0 0 0 0 0 0 0 0 0 0 0 0 0 0 0 0 0 0 0 0 6.800000000000001 0 1.8 0 0 0 2 0 0 1.4000000000000001 2 7.2 3.8000000000000003 0 2.4000000000000004 2.2 0 4 0 0 0 0 0 0 0 0 1.4000000000000001 0 0 0 0.4 0 0.2 0 0 0 0 0 4 0 0 0 0.4 0 0 0 0 0 0 0 0 0 0 0 0 0 0 0 0 0 0 0 0 0 0 0 0 0 0 0 0 0 0 0 0 0 0 0.4 0 0 0 0 0 0 0 0.4 0 0 2.2 0.8 0 3.2 0 0 0 0 0 0 0 0 0 0 0 0 0 0 0 0 0 0 0 0 0 0 0 0.4 0.2 0 0 0 0 0 0 0 0 0 0 0 0 0 
 1.2000000000000002 0.4 0.6000000000000001 15.600000000000001 15.8 15.200000000000001 1.6 0.4 0.8 0.2 0.6000000000000001 8 0.6000000000000001 0.4 0.6000000000000001 0.4 0.8 1.6 0.4 0.4 0 42.6 28.6 53.2 24.200000000000003 8.200000000000001 32 70 54 5.6000000000000005 5.6000000000000005 6.800000000000001 58.2 90.4 12.600000000000001 64.8 53.6 26.8 66.8 9.4 0 0 0 0 2 0.6000000000000001 0 0.6000000000000001 0 0 0 14.200000000000001 0 0 0 0 0 0 7 0.8 0 0 0 0 0.4 0.4 0 0.4 0 0 0 0 1.2000000000000002 0 0 0 0 0 0 0 0 0 3 0 2.4000000000000004 2 0 0 0 0 0 1.2000000000000002 0 0 0 0 0 0 0 0 8.8 1.8 0 4 2.8000000000000003 0 8.6 9.200000000000001 1.4000000000000001 0.6000000000000001 1.6 3.8000000000000003 2.4000000000000004 6.2 8 3 2.2 2.4000000000000004 4.2 2.2 0 0 0 0 0 0 0 0 0 0 0 0 1.6 0 0 0 0 0 2.8000000000000003 6 0 0 0 0 0 0 0 0 0 0 0 0 0 0 0 0 0 0 0 0 0 0 0 1.4000000000000001 0.2 1.6 1.8 0 0 0 0 2.2 0.8 0 0 0 0 0 0 0.4 1.6 7.4 6.800000000000001 9.200000000000001 0 3 2.4000000000000004 3.2 7.2 0 0.2 6.4 2.4000000000000004 10 6.6000000000000005 7.4 2.4000000000000004 10 0 1.6 0 0 0 0 0 0 4.6000000000000005 0 0 0 0 0 0 0 0 0 0 0 0 0 0 0 0 0 0 0 0 0 0 0 0 0 0 3.4000000000000004 0 0 0 0 0 0 0 0 0 0 0 0 27.200000000000003 0 0 0 0 0 0 0 1.8 0 0.2 17 0 0.4 0.4 0 0 0 0 0 3.6 0 0 0 0 0 0 0 0 1.8 0 0 0 2.6 0 0 0 0 0 1.4000000000000001 0 0 0 0 
 0.4 0 0 0 15.200000000000001 27.400000000000002 0.6000000000000001 0 0 0 0 0 0 0 0.4 0 0 0 0 0.4 42.6 0 32 13.8 7 5.2 76.80000000000001 85.4 45.800000000000004 23.200000000000003 9.200000000000001 5.6000000000000005 34 69 60.6 119.60000000000001 26.200000000000003 29 49.800000000000004 27.6 0 0 0 0 0.8 0.6000000000000001 0 0.6000000000000001 0 0 0 0 0 0 0 0 0 14 0.6000000000000001 0.4 0 0 0 0 0.4 0.6000000000000001 0 0.4 0 0 0 0 1 0 0 0 0 0 0 0 0 0 0 0 4.4 0 0 0 0 0 0 2.4000000000000004 0 0 0 0 0 0 0 0 9 2.6 3.4000000000000004 0 6 0 10 9.4 4.6000000000000005 4.800000000000001 6.800000000000001 0 6.6000000000000005 0 3.6 7.800000000000001 15.200000000000001 0.2 2 2 0 0 0 0 0 0 0 0 0 0 0 0 0 2.8000000000000003 0 0 0 1 1 0 0 0 0 0.2 0 1 0 0 0 0 0 0.2 0 0 0 0 0 0 0 0 0 0 0 0 2.6 5.2 0 0 0 0 0 0 0 0 0 0 0 0.2 0 0 3.2 0 5.6000000000000005 3.6 10.600000000000001 0 0 0 0 0 8 0 6 10.4 2.8000000000000003 8.200000000000001 7.4 2 2.6 0.2 0 0 0 0 0 0 0 0 0 0 0 0 0 0 0 0.2 0 0 0 0 0 0 0 0 0 0 0 0 0 0 0 0 0 0 0 0 0 0 0 0.4 0 0 0 0 0 0 0 0 0 0 0 0.2 0 0 3 0.4 0 0 0 0 2.6 2.4000000000000004 0 0 0 0 1.6 0 0 0 0 0 0 0 0 0 0 0 0 0 0 0 0 0 0 0 0 0 0 0 
 0 0.2 15.200000000000001 0 0.4 15.600000000000001 0.6000000000000001 0 0 0 0 0 0.6000000000000001 0 1.4000000000000001 0 0 0.2 0 0 28.6 32 0 18.400000000000002 10 119 37 58.6 16.8 24 31.200000000000003 17.8 14.200000000000001 28.6 24.400000000000002 15.600000000000001 44.2 61.6 29.8 80.4 0 0 0 0 0 0.6000000000000001 0 0.6000000000000001 0 0 0 0.2 0 0.2 0 0 0 0 1 15.600000000000001 0 0.4 0 0 0.4 0.6000000000000001 0 0.4 0 0 0 0 0 0 0 0 0 0 0 0 0 0 0 0 0.4 0 0 0 0 0 0 0 0 0 2.4000000000000004 0 0 0.4 0 0 3 4.800000000000001 1.8 1.4000000000000001 2.2 0 4 0.6000000000000001 1.4000000000000001 0 0 5.6000000000000005 0 0 5.6000000000000005 0 2.6 2.6 4.4 0.2 0 0 0 0 0 0 7 2.6 0 0.2 0 0 0 1.6 1.2000000000000002 0 0 0.4 0.2 2.2 0 0 0 0 0 0 0 0 0 0 0 0 0 0 0 0 0 0.4 0 0 0 0 0 0 0 0.6000000000000001 0 0.4 0 1.2000000000000002 0 0 0 0 0 0 0 0 0 0 0.2 5.2 0 3 2.2 3.4000000000000004 1.4000000000000001 6 2 2.2 0.2 3 0.4 2 2.2 2.8000000000000003 0.2 7.4 0.2 2 2.2 0 0 0 0 0 0 2.4000000000000004 0 0 0 0 0 0 1.2000000000000002 0 0.2 0 0 1.4000000000000001 0 0 0.2 0 0 0 0 2 0 0 0 0 0 0 0 0 0 0 0 0 0 0 0 0 0 0 0 0 0 0 0 0 0 0 1 0.4 0 16.2 0 0 0.2 0 0 0 0 0 7.4 0 0 0 0 0 0 0 0 0 0 0 0 0 0 8.6 0 0 0 0 0 3 0 0 
 1 0 0.6000000000000001 42.2 1.2000000000000002 0.6000000000000001 0.6000000000000001 0.8 0.4 0.4 0.6000000000000001 0.6000000000000001 0.6000000000000001 0.6000000000000001 5.800000000000001 0.6000000000000001 15.200000000000001 1.4000000000000001 0.6000000000000001 0.6000000000000001 53.2 13.8 18.400000000000002 0 32.4 95.4 16 33 83.4 51.400000000000006 35.6 43.2 33.6 58.2 101 20 13.8 32.2 14.600000000000001 27.8 0.2 0 0 0 0 0.6000000000000001 0 0.6000000000000001 0 0.6000000000000001 0 0 0 13.8 0 0 0 0 1 0.4 0 1.6 0 0 0.4 2 0 1.4000000000000001 0 0 0 0 0 0 0 0 0.4 0 0 0 0 0 0 0 0 0 0 0 0 0 0 0 0 0 0 0 0 0 0 0 3.8000000000000003 1.8 0.2 2 4 8 0 3 2.4000000000000004 5.2 6 1.8 0 0 0 4.6000000000000005 3 0 0 0 0 5.800000000000001 0.2 0 0 0 1.2000000000000002 2.4000000000000004 0.4 0 0 0 7 2 0.2 0 0 0 6.800000000000001 4 0 0 0 0 0 0.8 0 0 0 0 0 0 0 0 0 0 0 0 0 0 0 0 0 0 0 0 0 0 0 0 0 0 0 0 0 1.2000000000000002 0 0 0 0 0 0 10.600000000000001 18.2 5.6000000000000005 0.2 0 0 4.800000000000001 7.800000000000001 0.2 0 0 0 0 0 2 1.6 0 0 2.8000000000000003 0 0.2 0 0 0 0 0.2 1.8 0 0 0 1.2000000000000002 1.6 0 0.2 0.2 0 0.4 0.2 0 0 0 0 0 0 0 0 0 0 0 0 0 0 0 0 0 0 0 0 0 0 5.2 0 0 0 0 0 0 0 0 0 0 0 1.4000000000000001 0.4 0.4 0.2 15.600000000000001 0.8 0 2 0 0 0 0 0 0 0 0 0 0 0 0 0 0 0 0 0 2.4000000000000004 0 0.2 0 0 0.2 1.8 3.4000000000000004 0 0 0 
 0 0 0 0 0 0 0.6000000000000001 0 0 0 0.4 0 0 0 0.4 0.8 0 0 0 0 24.200000000000003 7 10 32.4 0 55 28.6 46.400000000000006 36 19.8 31.6 9.200000000000001 18 61.6 20.8 16.2 60.400000000000006 9.200000000000001 12.4 18.6 0 8.200000000000001 0 0 0 0.6000000000000001 27.400000000000002 6.800000000000001 1.2000000000000002 2 0 0.6000000000000001 3.8000000000000003 25.400000000000002 0 4.4 0 0 16.8 0.2 0.2 0 0.2 0 0.4 1 0.6000000000000001 0.6000000000000001 0.2 0 0 0 0.2 0 0.2 0 0 0 0 0 0 0 0 0 3.8000000000000003 0 0 0.4 0 0 0 0 0 0 0 0 0 0 0 0 3.8000000000000003 0 2.8000000000000003 0.2 7 2 0 1.2000000000000002 0.2 3 0 2 0 0 0 0 3 2.4000000000000004 0 0 0.2 2.6 1.4000000000000001 0.2 0.4 0 6 9.8 0 0.2 2.6 0 6.2 5 10.600000000000001 2.6 2.2 0 6.4 1.8 0 0 0 1 0 0.2 0 0 0 0 0 0 0 0 0 2 0 0 0 0 0 0 0 1.4000000000000001 0 0 0 0 0 0 0 0 1.4000000000000001 0.2 0 0 0 0 0 0.8 0 5.2 2 0 1.8 8.4 0 0 2.8000000000000003 0 3.6 5.800000000000001 0 0 3 6.2 5.2 0.4 0 0 1.6 3.6 2.6 8.6 0 0 7.4 0 0 0 2 0 2.4000000000000004 2 0.6000000000000001 2.4000000000000004 4.6000000000000005 4.4 5.800000000000001 10 0 0.2 0 0.4 0 0 0.2 0 0 0 0 0 0 0 0 0 0 0.2 0 0 0 0 0 0 0 0 0 0 0 0 0 0 0 0 1.2000000000000002 0 0.2 0 15.600000000000001 0.2 0.4 2.2 0 0 0 0 0 0 0 0 0 0 0 2 0 0 0 0 0 0 0 0 0 0 6 0 0 0 0 0 
 0.6000000000000001 0 0 0 0 0.4 0.4 0 0 0 0 0.4 0 0 0.2 0.4 0 0 0 0 8.200000000000001 5.2 119 95.4 55 0 10 25 23.200000000000003 23.200000000000003 15.600000000000001 29 30.8 13.4 55.400000000000006 53.6 44.400000000000006 35.4 8.6 12 25 18 9.8 0 0.6000000000000001 0.6000000000000001 15.8 27 8.4 0 0.2 0 13.4 21.200000000000003 24.200000000000003 25.400000000000002 0 0 14.200000000000001 5.2 0 0 0 0 0.4 0.6000000000000001 0.2 0.4 0 0 0 0 0 0 0 0 0 0 0 0 0 0 0 0 0.2 0 0 0 0 0 0 0 0 0 0 0 0 0 0 0 0 0.4 5.4 2.2 0.2 12 0 0 0 0 1.6 0 0 0 0 0 0 0 0 0 10 4 2.4000000000000004 3.2 2.4000000000000004 0 8.8 3 4.2 1.4000000000000001 2 2.4000000000000004 4.6000000000000005 1.4000000000000001 2.2 4.800000000000001 0.2 0 0 0.2 0 0 0 0.2 0 0 0 0 0.2 0 0 0.4 0 0 0 0 0 0 0 0.2 0 0 0 0.4 0 0.2 0 0 0 0 0 0 0 0 0 0 0 3.8000000000000003 0 0 0 0 0 0 3.4000000000000004 6.4 0 0 0.2 2 5 0 0 0 0 0 0 2 0 0 0 9.8 6.2 2 0 0 5 0 0 0 0 0 10 7 0 7.4 3.6 0.2 6.2 13 0 0 0 0 0 0 0 0 0 0 0 0 0 0 0 0 0 0 0.2 0 0 0 0.2 0 0 0 0 0 0 0 0 0 0 0 0.6000000000000001 1.2000000000000002 0 0 0.8 0 0 0.2 0 0 0 0 0 0 0 0 0 0 0 0 0 0 0 0 0 0 0 1.4000000000000001 0 0.2 0 0 0 0 0 0 
 0 0 17 16.8 45.800000000000004 35 0 0 15 0 0 0.2 0 0 0.4 15.200000000000001 0 15.8 0.4 0 32 76.80000000000001 37 16 28.6 10 0 54.6 9.200000000000001 6 48.6 20.200000000000003 24.200000000000003 54.400000000000006 44.2 6.2 29.6 28 15.600000000000001 50.800000000000004 0 0 0 0.6000000000000001 0 0.6000000000000001 0 0.8 0 0 0 1.2000000000000002 0 0 0 0 0 0 13 0.4 0 0 0 0 0.4 0.6000000000000001 1.4000000000000001 0.4 0 0 0 0 0.8 0 0 0.6000000000000001 0 0 0 0 0 0 0 0 4 3.4000000000000004 0 0 0 0 2.4000000000000004 0 0 0 0 0 1.8 0.4 0 0 0 2.6 0 3 0 3 0.2 3.4000000000000004 1.8 0.2 2.2 1.6 2.8000000000000003 2.4000000000000004 0 0.8 0 6.4 3.2 0 0 4 4 0 0 0 0 0 0 0 0 0 1.4000000000000001 0 0 0 0 3.6 0.6000000000000001 0 0 0 0 0 5 0 0 0 0 2.8000000000000003 0 0 0 0 0 0 0 0.4 0 0 0 0 0 0 5.6000000000000005 2.2 0 0.2 0 0 0.4 1.8 0 0 0 0 0 0 0 0 2.2 7.800000000000001 5.4 0 0.4 2 7.2 6.4 6.4 0.8 0.2 3.2 0.4 4.4 7.6000000000000005 1.4000000000000001 5 2.8000000000000003 0.2 6.800000000000001 0 0 0 0 0 0 2.8000000000000003 0 3 0 0 0 0 0 0 0 0.2 0 0 0 0 0 0.2 0 0 0 0 0 0 0 0 0 0 0 0 0 0 0 0 0 0 0 0 0 0 0 14.8 0 0 0 0 0 0.4 0 3 0.8 0 0.2 0 0 0 0 13 0 0 0 2.2 0 0 0 0 0 0 0 0 0.2 0 0 0 0 0 0 0 0 0 0 0 0 0 0 
 0 0 0.4 4.2 0.2 15.200000000000001 0 0.6000000000000001 1.6 0 0.4 14.8 0 0.4 0 0.8 0 0.4 0 0 70 85.4 58.6 33 46.400000000000006 25 54.6 0 49.2 25.8 22.200000000000003 33.2 41.800000000000004 66.2 16.6 39.800000000000004 25.400000000000002 59 55.800000000000004 9.4 0 0 0 0 0 0.4 0 0.6000000000000001 0 0 0 2.4000000000000004 9.8 0 0 0 0 0 14.4 0 0.4 0 0 0 0.4 0.6000000000000001 0.6000000000000001 0.6000000000000001 0 0 0 0.6000000000000001 0 0 0 0 0.2 0 0 0 2 0 0 0 0 2.4000000000000004 0 0 0 0 2 8.4 0 0 0 0 0 0 0 0 1.6 0 3.6 3.4000000000000004 4 0 4.4 2.2 1.8 3.2 1.8 8 0.8 1.2000000000000002 0.2 0.2 0 3 2.4000000000000004 1.8 0 0 0 0 0 0 5.4 1.4000000000000001 0 0 0 0 2 0 3.8000000000000003 0 0 0 8.4 0 0 0 0 5 0 0 0 0 0 0 0 0 0 0 0 0 0 0 0 0.4 0 0 0 1 2.8000000000000003 0 0.4 0 0 0.2 0 0 1.2000000000000002 0 0 0 0 0 0 0.6000000000000001 0 11.600000000000001 4.6000000000000005 7.2 2.4000000000000004 2 0.2 4.6000000000000005 4.800000000000001 2.6 1.8 6.800000000000001 0 0 9.600000000000001 10.200000000000001 2.4000000000000004 2 0 0.8 0 0 0 0.2 0 0 3.2 0.8 0 0 0 0 0 0 0 0 0 0 1.8 2 0 0 0 0 0 0 0 0 0 0 0 0 0 0 0 0 0 0 0 0 0 0 1.2000000000000002 0 0 0 5.4 0 0 0 0 0 0 0 1.6 0 0.4 0.6000000000000001 0.6000000000000001 0.4 0.2 0 0 0 0 0 3 0 0 0 0.2 0 0 0 0 0 0 0 0 2.2 0 0 0 0 0 1 0 0 0 0 
 0.4 0.4 0 0 0 0 0 0 0 0 0 14.8 0 0 0 0 0 0 0 0 54 45.800000000000004 16.8 83.4 36 23.200000000000003 9.200000000000001 49.2 0 54 9.4 24.400000000000002 73.8 57 19.8 77.80000000000001 40 16 19 25 0 0 0 0 1 0.4 0 0.6000000000000001 0.4 0 0.4 0.4 0 0 0 0 0 0 13.8 0.2 0 1 0 11.200000000000001 1.2000000000000002 1.6 10.200000000000001 1.8 0 0 0 0 0 0 0.6000000000000001 0.6000000000000001 0 0 0 0 0 0 0 0 0 0.4 0 0.2 0 0 0 6.6000000000000005 0 0 0 0 0 0 0 0 3.6 0.2 0 0 7.4 3.4000000000000004 3.2 5.6000000000000005 10 5 5.6000000000000005 5.6000000000000005 0 0 6.800000000000001 6.800000000000001 5.2 2.2 0 0 0 0.4 0 0 0 0.6000000000000001 2.2 2.2 0 0 0 0 2 2.6 1.6 0 0 0 5.6000000000000005 2 0 0 0 0 0 3.2 0 0.4 0 0 0 0 0 0 0 0 0 0 0 0 0 0 0 0.6000000000000001 0 0.8 0.8 0 0 0 0.2 0 0.6000000000000001 0.4 0 0 0 0 0 1.4000000000000001 1.2000000000000002 2.8000000000000003 6.6000000000000005 1.4000000000000001 4 0 0 2.4000000000000004 0 7 4.6000000000000005 4.4 2 2.6 0.8 7.4 5.6000000000000005 8.4 0.2 0.4 1.6 0 0 0 0 0 2.2 1.8 0 0 0 0 0.2 0 4 0.4 0 0 0 0 0 0 0 0 0 0 0.2 0 0 0 0 0 0 2.6 0 0 0 0.4 0 0 0 0 0 0 0 0 0 0 0 0 0 0 0 0 1.6 0 0.4 17 0.2 0.2 0.8 0.4 0 0 0 0 0 0 0 0 0 0 0 0 0 0 0 0 0 2.2 0 0 0 0 0 1.6 0.2 0 0 0 
 0.4 0 0.8 0.4 0.8 15 1 0.4 0.4 0.4 0.4 0.4 0.4 0.4 0.4 0.4 0.4 0.4 0.4 0.4 5.6000000000000005 23.200000000000003 24 51.400000000000006 19.8 23.200000000000003 6 25.8 54 0 100.2 24.200000000000003 64.60000000000001 74.2 21 34.800000000000004 34 45.2 20.8 29.400000000000002 0 0 0 0 0.2 0.4 0.4 2 0 0 0 0 0 4 0 0 0 0 0.8 0.2 0 0 0 0 1.4000000000000001 0.6000000000000001 10.4 1.4000000000000001 0 0 0 0 0 0 0 0 0 0 0 0 0 0 0 0 0 0 0 0 0 0 0 0 0 0 0 0 0 0 0.4 0 0 1.8 1 3.8000000000000003 6 2.4000000000000004 0 2.4000000000000004 2.4000000000000004 3 0.4 0 0 0 0 1.6 0 0 0 0 0 0 0 0 0 2.2 8.8 2.6 0 0 0 0 0 1.2000000000000002 5.2 0 0 0 6.4 0 0 0 0 0 0 4.2 0 0 0 0 1.4000000000000001 0 0 0 0 0 0.4 0 0 0 0 0 0 6.4 0 0 2 0 0 0 0 0 1.4000000000000001 0 0 0 0 0 0 1 0 4 7.2 1.2000000000000002 12.8 0.8 0 2.4000000000000004 2.2 6.2 0 0.2 0 0 0 6.800000000000001 2.8000000000000003 1.6 0 0 4.2 0.2 0 0 0 0 0 8 0 0.4 0 0 1.8 1.4000000000000001 1.8 0 0 0 6.2 1.8 3.2 0 0 0 0 0 0 0 0 0 0.2 0 0 0 0 0 0 0 0 0 0 0 0 0 0 0 0 0 0 0 0 0 0 0 2 0 0 0 15.200000000000001 0 0 0.4 0 0 0 0 0 0 0 0 0 0 0 0 0 0 0 0 0 0.2 0 0.8 0 0 0 0 0 0 0 0 
 0.4 0 0 0 0 0 0 0.4 0 0 0 0 0 0.2 0 0 0 0 0 0 5.6000000000000005 9.200000000000001 31.200000000000003 35.6 31.6 15.600000000000001 48.6 22.200000000000003 9.4 100.2 0 46 8.4 95.2 30.400000000000002 12.8 83.80000000000001 36.2 56.2 15.200000000000001 0 0.2 0 0 0 0.6000000000000001 25.400000000000002 1.2000000000000002 0.4 0 0 0 0 12.600000000000001 0.4 0 0 0 14 0 0 0 0 0 1.6 0.6000000000000001 0 0.4 0 0 0 0 0 0 0 0 0 0 0 1.4000000000000001 0 0 0 0 0 0 0 0 0 0 0 0 0 0 0 0 2.8000000000000003 0 0 0.4 0 0 4 2 2.2 10 0 0 0 0 0 1.8 0 0.4 0 0 0 0 0 0 0 3.4000000000000004 0.2 0 0 0 3.8000000000000003 0.6000000000000001 0 2.4000000000000004 0 0 4.4 5.2 0 0 0 0 2.4000000000000004 2 0 0 0 0 0 0 0 0 0 0 0 0 0 0 0 0 0 0 0 0 0 0 0 0 0 0 0 0 0 0 0 0 2.8000000000000003 0 0 0 0 0 0 0 0 2.4000000000000004 2.4000000000000004 1.8 1.8 4.6000000000000005 0 0 2 1.2000000000000002 3.6 0.2 0 0 0 0 0 2.2 0 0 5 2.4000000000000004 0 0 0 0 13.8 9.200000000000001 0 0 0 0 0 4 7 2.8000000000000003 0 0 1.8 0.4 0 0 0 0 0 0 0 5 0 0 0 0 0 0 0 0 0.4 0 0 0 0 0 0.2 0 0 0 0 0 0 0 0 0 0 0 1.6 0.2 0.4 17.6 1 0 0 0.4 0 0 0 0 0 0 0 0 0 0 0 0 0 0 0.4 0 0 0 0 3.6 0 0 0 0 0 0 0 0 
 0 0 0.4 0 0 0 0.2 0.4 0 0 0 0 0 0 0.4 0 0 0 0 0.6000000000000001 6.800000000000001 5.6000000000000005 17.8 43.2 9.200000000000001 29 20.200000000000003 33.2 24.400000000000002 24.200000000000003 46 0 7.2 15.200000000000001 49.400000000000006 66 13.8 45.400000000000006 50.400000000000006 10.8 0.6000000000000001 0 0.6000000000000001 0.2 0.2 0.6000000000000001 0 1.2000000000000002 0.6000000000000001 0.2 0 0 0 12.600000000000001 0.4 0.2 0 0.4 1.8 0.4 6.2 0.6000000000000001 0 0.6000000000000001 1.6 1.2000000000000002 0.4 10.8 0 0.4 0 0.4 0.2 0 0.2 0 0 0.4 0.8 0 0 0 0 0 0 0 0 0 0 0 0 0 0 0 0 0 0 0 0 0 0 0.8 0.6000000000000001 5.800000000000001 2.8000000000000003 7.4 0 0 1.4000000000000001 2.6 9.4 6.4 0 0 1.8 2 0 0 0 2.4000000000000004 0 0 0 0 0 0 3.6 6.800000000000001 2.8000000000000003 1.4000000000000001 0 0.4 0 9 1.8 0 0 0 4 3 0 0 0 0 0 0 0 0 0 0 0 0 0 0 0 0 0 0 2.8000000000000003 0 0 0 0 0 0 0 1 0 0 0 0 0 0.4 0 0 0 0 0 0 0 0 3.8000000000000003 2.8000000000000003 3 0 0 0 0 0 4.800000000000001 0 4.4 0 0 0 0 0.2 2.6 0 0 4.2 0.4 0 0 0 0 0 8.6 0 0 0 0 2.2 0 4.6000000000000005 0 0 0 3.6 3.8000000000000003 0.4 0 0 1.4000000000000001 0 0 0 1.8 0 0 0 0 0 0 0 0 0 0 0 0 0 0 3 0 0 0 0 0 0 0 0 0 0 0 66.2 0 0.4 16 16.2 0 0.8 0.4 0 0 0 0 0 0 0 0 0 0 0 0 0 0 0 0 0 2 0 4 0 0 0 1.4000000000000001 1.4000000000000001 0 0 0 
 0.6000000000000001 0 0 13 0 16.8 0 0.4 0 14.8 0 18 0 0 0 1.6 12.4 30.8 0 0 58.2 34 14.200000000000001 33.6 18 30.8 24.200000000000003 41.800000000000004 73.8 64.60000000000001 8.4 7.2 0 37.2 27 11.200000000000001 63.400000000000006 71.8 26.6 32 1 0 0 0 0.6000000000000001 0.6000000000000001 0.2 0.6000000000000001 0 0 0 0 0 0 0 0 0 0 0.6000000000000001 40.6 0 0.6000000000000001 0.6000000000000001 0 0.4 0.6000000000000001 0 0.4 0 0 0 0.4 0.6000000000000001 0 4.6000000000000005 0.6000000000000001 0.4 0 0 0 0 0.2 0 1.4000000000000001 1.6 0 0 0 2.8000000000000003 0 1.6 2.4000000000000004 0 0 0 3.4000000000000004 0 0 0 0.4 5.2 2.6 0 0 1 0 2.4000000000000004 6.2 1.6 1.4000000000000001 1.8 0 3 3 2.2 3 3.2 0 0 0 0 0 0 0.4 0 0 0.2 0 0 0 0 0 0 0 0 0 0 1 0 0 0 0 0 0 0 1.6 0 0 0 0 0 0 0 0 0 0 0 0 0 0 0 0 0 2.6 0 2.2 0 0 1.4000000000000001 0 1.6 1.6 0 0.2 0 0 0.2 0.4 0 0 1.6 0 7.800000000000001 3.4000000000000004 0.6000000000000001 0.2 1.8 4.800000000000001 0 3 0.4 0.2 9.4 4.800000000000001 0.2 6.800000000000001 3.6 2 2.2 0 0 0 0 0 0 1.6 0 0 0 0 0 0 0 0 0 0 0 0 0 0 0 0 0 0 0 0 0 0.2 0 0 0 0 0 0 0 0 0.4 0 0 0 0 0 0 0 0 0 0 0 0 0 0 0 0.2 0 1.8 0.4 0 0 0 0.2 0.4 0 0 0 0 0 0 0 0 0 0 0 0 0 0 0 0.4 0 0 0 0 0 0 0 0 0 0 0 0 0 
