 0 28.6 33.4 28.400000000000002 24.400000000000002 24 8.200000000000001 14.600000000000001 6.800000000000001 8.6 25.6 40 6 25.200000000000003 68.8 14.600000000000001 5.800000000000001 4.4 70 11.4 0 0 0.4 0.6000000000000001 0 0 0 0 0 0 0.4 0.6000000000000001 0.6000000000000001 0.2 0.6000000000000001 0 0.4 0 0.6000000000000001 0 0 0 0 0.4 0 0 0.4 0 0 0.6000000000000001 0 0.8 0 0 0 0.2 0.4 1 1 0 0 0 0.4 0.6000000000000001 0.6000000000000001 0 0 0.8 0.2 0 0.2 0.4 0 0 0 1 0 0 0.6000000000000001 0 6 7.4 0 2.2 2.6 0 0 6 3 4.6000000000000005 1.8 0 0 10.200000000000001 4.6000000000000005 2.6 2.2 1.8 0 0 0 0 0 0 0 0 0 0.4 0 0 0 0 1.8 0 0 0 0 0 1.8 0 0 0 0 0 0 0 0 0 0 0 0 0 0 0 0.2 0 0 0 0 0 0 0 0 0 0 0 0 0 0 0 0 0 1 0 0 0 0 0 0 0 3.4000000000000004 2.6 0 6 5.2 0 0.4 0 5.4 7.6000000000000005 6.6000000000000005 0 2.4000000000000004 5 1.8 1.6 2.8000000000000003 6.4 2.6 0 0 0 0 0.4 0 0 0 0 0 0 0 0 0.2 0 0 0 0 0 2.4000000000000004 0 0 0 0 0 3.6 0 0 0.2 0 0 0 0 0 0.4 0 0 0 0 0 0 0 0 0 0 0 0.2 0 0 0 0 0 0 0.2 0 0 0 0 0 0 0 0 0 0 0 0 0 0.2 0 0 0 3.2 1.2000000000000002 2.2 0 0 0 0.2 0 0 0 0 0 0 0 0 0 0 0 0 0 0 0 0 0.2 0 2.8000000000000003 2.6 0 0 0 0 0 0 0 0 0 0 0 0 0 
 28.6 0 68.60000000000001 58.800000000000004 25 64.2 32.4 65.2 26.8 20.8 7.4 41.800000000000004 13.600000000000001 9.8 31 27.200000000000003 9.8 108.80000000000001 10.200000000000001 47.800000000000004 0 0 0 0 0 0 22 0.4 0 0 0.8 0.6000000000000001 0.6000000000000001 0.4 0 0 0 0 0 0 0 0 0 0.4 0 0 0.4 0 0 0.6000000000000001 0 0.6000000000000001 0 0 0 12.200000000000001 0 0.6000000000000001 1 0 0 0 0.6000000000000001 0.6000000000000001 0.6000000000000001 8.4 0 0 0 0 0.6000000000000001 0 0 1 0 0.6000000000000001 0 0 0 0 3.4000000000000004 2.8000000000000003 3.6 1.8 3.8000000000000003 2.8000000000000003 3.6 4 0.2 0 3.8000000000000003 2.2 2.6 7 0 2.8000000000000003 0.2 0.8 0 5.800000000000001 3.2 0 0 0 0 0 0 0 0.2 0 0 0 0 0 0 0 0 0 4.800000000000001 0 0 0 0 0 0 0 0 0 0 0 0 0 0 0 0 0 0 0 0 0 0 0 0 0 0.4 0 0 0 0 1.8 0 0 0 0 0 2.8000000000000003 0 0 0 0 4 2.6 0 3.6 0.4 2 0 0 5.2 13 6 2.2 3.4000000000000004 6.6000000000000005 0.2 9.4 5.4 11 0.6000000000000001 2.6 0 0 0 0 0 0.4 0 0 0 2.6 0 0 1.8 0 0 0 0 0 0.2 0 0 0 0 0 0.4 0 0 0 0 0 0 0 0 0 0 4.6000000000000005 0 0 0 0 0 0 0 0 0 0 0 0 0 0 0 0 0 0.4 0 0 0 0 0 0 0 0 0 0 0 0 18 0 0 21.6 4 3 0 0 0 0 0 0 0 0 0 0 0 0 0 0 0 0 0 0 0 0 0 0 0 4 0.6000000000000001 0 0 0 0 0 0 0 0 0 0 0 0 0 
 33.4 68.60000000000001 0 44.2 73.60000000000001 53 51.800000000000004 106.80000000000001 11.600000000000001 62.2 8 26.400000000000002 34.6 7.4 26.400000000000002 68.2 36.800000000000004 39.800000000000004 7.800000000000001 8 0 0.4 0 0 0 0 4.800000000000001 0 0 0 0 0.8 1 0.6000000000000001 0 0 0.2 0.4 0.4 0 0 0 0 0.4 0 0 0.4 0 0 0.6000000000000001 1 0.6000000000000001 0 0.2 0 2.6 0 1 1 0 0 0 0 0.6000000000000001 0 0 0 0 0 0 0.6000000000000001 0 0 0.6000000000000001 0 0.4 0 0 0 0 4.6000000000000005 3.2 4.4 3.2 1.4000000000000001 0 0 3.2 4 0.4 1.6 1.8 0.6000000000000001 4.4 1.6 4.4 2.4000000000000004 1.6 0.2 3.2 2.2 0 0 0 1.4000000000000001 0 0.2 0 0 0 0 0 0 0 0 0 0 0 8.200000000000001 0 0 0 0 0 0 0 0 0 0 0 0 0 0 0 0 0 0 0 0 0 0 0.6000000000000001 0 5.800000000000001 0 0 0 0 0 0 0 0 0 0 0 0.6000000000000001 1 0 0 0 0 2.2 0 0.2 6.800000000000001 2.2 0 4.6000000000000005 4.4 3 1.6 7.6000000000000005 0 14.4 1.4000000000000001 3 5.800000000000001 5.4 2.4000000000000004 0.2 0 1.8 0 0 0 0 0 0.2 0 0 0 0 5.6000000000000005 0 0 0 0 0 0 0 0 0 0 0 0 0 0 0 0 0 0 0 0 0 0 0 0 0 0 0 0 0 0 0 0 0 0 0.2 0 0 0 0.4 0 0 0 0 0 0 0.4 0 0 0 0 0 0 0 18.400000000000002 0 0.6000000000000001 0 0 1.8 1.4000000000000001 0 0 0 0 0 0 0 0 0 0 0 0 0 0 0 0 0 0 0 6.6000000000000005 0 0 2.6 1.4000000000000001 1.8 0 0 0 0 0 0 0 0 0 0 0 0 
 28.400000000000002 58.800000000000004 44.2 0 38 10 36.800000000000004 30.8 14.200000000000001 14.200000000000001 41 35.6 17 50.6 35.2 11.600000000000001 45.800000000000004 34.6 63 11 23.400000000000002 0.4 0 0.2 0.4 0.6000000000000001 0 15.200000000000001 0.2 0.6000000000000001 0.4 1 10.200000000000001 1 0.2 1 0.2 0.2 0.4 15 7 0.4 0.4 0.8 0.2 0 0.8 0 0.4 0.8 1.8 1 0.6000000000000001 1 0.4 1.8 0.4 1 1.2000000000000002 0 0.2 0 9.4 0.6000000000000001 0.6000000000000001 0.2 0 0 0 0.4 1 0.6000000000000001 0 0 0.2 0.6000000000000001 0 0.4 0 0 0 0 2 0 0 0 0 3.2 0 0 0.2 2 0 7 0 0.2 0 2 0 0.2 3 3 0 0 0 0 1 0 4.2 0 0 0.4 2.6 0 0 0 0.2 0 6.6000000000000005 0 0 0 0 0 1.8 0.2 0 0 0 0 0 0 0 0 0 0 0 0 0 0 0 0 0 1.8 0 0 0 0 0 0 0 1.6 0 0 0 0.2 0 0 0 0 0 0.4 0.2 5.800000000000001 6.4 0.2 0 7 1 5.6000000000000005 3.8000000000000003 6.4 3.6 7.2 0 6.800000000000001 3.6 2.8000000000000003 0 0 2.4000000000000004 2.8000000000000003 0.2 0 0 0 1 0 0.4 0.4 0.2 0 0 0.2 0 4.2 0 0 0 2 0 0.2 0 0 0 0.2 0 0 0 0 0 0 0 0 0.4 0 0 0 0 0 0 0 0 0 0 0 0 0 0 0.2 0 0 0 0 0 0 0 0 0 0.2 0 0 0 0 0 0.4 0.4 0 1.8 0.6000000000000001 0.4 2.4000000000000004 0 0 0 0 0 0 0 0 0 0 0 0.4 0 0 0.2 0 0 0 0 0 0 0 0 0.2 0 1.8 0 0.2 0 0 0 0 0 0 0 0 0 0 
 24.400000000000002 25 73.60000000000001 38 0 61.400000000000006 12.200000000000001 89.60000000000001 32.800000000000004 54.6 15.600000000000001 25.400000000000002 16.400000000000002 10.600000000000001 33 126 16 8.6 15.8 16 2.4000000000000004 14.4 7.2 0 0 0.2 0.4 0 0 0.4 0 0.6000000000000001 16 0 0 0 0 0 0 60.2 0.8 0 0 0.4 0 0 0.8 0 0 0.6000000000000001 0 0.6000000000000001 0 0 0 0.4 0 0.6000000000000001 0.8 0 0 0 0 0.6000000000000001 0.6000000000000001 1.8 0 0 0 0 0.2 0 0 0 0 0.6000000000000001 0 0 0 0 0 0.4 1.8 7.4 3.4000000000000004 4.800000000000001 0 4.800000000000001 3.6 0.4 0.4 2.6 2.2 1.8 0 7.6000000000000005 0 7.4 0 0 5 0 0 0 0 0 0.2 0.2 0 0.4 0 0 11.200000000000001 0 0 0 0 0 1.4000000000000001 3.8000000000000003 0 0 0 0 0 0 0 0 0 0 0 3.4000000000000004 0 0 0 0 0 0 0 0 0 0 0 1.2000000000000002 0 0 0 0 0 0 0 0 0 0 0 0 0 0 0 0 0 0 7.2 1.2000000000000002 0 4.800000000000001 0 2.6 0 6.6000000000000005 0 3.4000000000000004 0 0 0 2.8000000000000003 0 0.8 3.8000000000000003 0 4.4 2.2 0 0 0 0 2.6 2.6 2.6 1.8 2.8000000000000003 0 5.800000000000001 2.6 0 2 0 0 9 3.2 0 0 0 0.2 0 0 0 0 0 0 0 0 0 0 0 0 0 0 0 0 0 0 0 0 0 0 0 0 0 0 0 0 0 0 0 0 0 0 0 0 0 0 3.8000000000000003 0 0 0 0.4 0.2 0 0.6000000000000001 3.4000000000000004 2 0 0 0 0 0 0 0 0 0 0 0 0 0 0 0 0 0 0 0 0 0 0 0 0 4.2 2.6 0 0 0 0 0 0 0 0 0 0 0 0 
 24 64.2 53 10 61.400000000000006 0 28.8 29.200000000000003 8.6 23.6 15.600000000000001 12 5.4 47.400000000000006 37.800000000000004 80.2 35.800000000000004 9.8 9 8.6 26.8 39 57.800000000000004 0 0 0 15.8 0.2 0 0 17.2 0.8 1.2000000000000002 1.6 15 69.8 0.2 0 26.8 5.6000000000000005 0 0 0 0.4 0 0 0.4 0 0 0.6000000000000001 0 0.6000000000000001 0 0 0 0.4 8.8 1 0.8 0 0 0 0 0.6000000000000001 0.6000000000000001 0 0 0 0 0 0.2 0 0 0 0 0.6000000000000001 0 0 0 0 0 0 0 0.2 0 0 0 5.2 0 0 0 0 0 2.2 0 3.6 0 2.8000000000000003 0 0 5.800000000000001 3.8000000000000003 0 3.4000000000000004 0 2 5 10 6.4 1.6 3 0 9.8 4.4 0 1.8 0.4 0 1.6 4 0 0 0 0 0 0 0 0 0 0 0 0 0 0 0 0 0 0 0 0 0 0 0 4.800000000000001 0 0 0 0 0 0 0 0 0 0 0 0.2 0 0 0 0 0 0 0 0 0 1.8 0 8.6 0 4 0 3.2 0 0 0 1.4000000000000001 0.4 2.2 0 0 0 0 0.6000000000000001 0 0 0 1.6 10 0 5 6 0.2 9 12.600000000000001 14 0 0 3.8000000000000003 9.200000000000001 15.8 0 0 0 0 0 0 0 0 0 0 0 0 0 0 0 0 0 0 0 0 0 0 0 0 0 0 0 0 0 0 0 0 0 0 0 0 0 0 0 0 0 0 4.6000000000000005 0 0 0.4 1 0.2 1.8 0.2 1.6 1.4000000000000001 0.8 0 0 0 0 0 0 0 0 0 0 0 0 0 4 0 0 0 0 0 0 0 0 0.2 1.8 1.8 0 0 0 0 0 0 0 0 0 0 0 0 
 8.200000000000001 32.4 51.800000000000004 36.800000000000004 12.200000000000001 28.8 0 24 57 6 51.2 65 59.400000000000006 53.2 7.800000000000001 6.4 23.200000000000003 4.4 16.400000000000002 9.8 0 0.2 0 0 0 0 0 0 0 0 0 0.8 0.6000000000000001 0.2 0 0.2 0 0 0 0 0 0 0 0.8 0 0 0.6000000000000001 0 0 0.6000000000000001 0 0.8 0 0 0 0.8 0 0.6000000000000001 1 0 0 0 0 0.6000000000000001 0 0 0 0 0 0 0.6000000000000001 0 0 0 0 0.4 0 0 0 0 5.2 0.6000000000000001 7.4 0 1 3.8000000000000003 4 6.2 0.2 0 4.2 2.2 3 0 0 2.8000000000000003 0.2 0 2 6.4 0 0 0 0 0 0 0 0 0 0 0 0 0 0 0 0 0 0.2 4 0 0 0 0 0 0 0 0 0 0 0 0 0 0 0 0 0 0 0 0 0 0 0.4 0 3.8000000000000003 0 0.6000000000000001 0 0 0 0 0 0 0 0 0 2.4000000000000004 0 0 0 0 0.2 0.2 0.2 0 0 0 1.2000000000000002 2.6 0 0.6000000000000001 2 4 2.8000000000000003 0 0 4.6000000000000005 7.6000000000000005 0.2 2.8000000000000003 8 0 0 0 0 0 0 0 0 0 0 0 0 1.8 0.4 0 0.4 0 0.4 0 0 0 0 0 0.8 0 0 0 0 0 0 0 0 0 0 0 0 0 0.4 0 0 0 0 0 0 0 0 0 0 0 0 0 0 0 0 0 0 0 0 0 0 0 0 0 0 0 0.2 17.8 0 0.4 0.6000000000000001 0.4 1.2000000000000002 0 0 0 0 0 0 0 0 0 0 0 0 0 0 0 0 0 0 0 0 0 0 0 0.2 0 0 0 0 0 0 0 0 0 0 0 0 0 0 
 14.600000000000001 65.2 106.80000000000001 30.8 89.60000000000001 29.200000000000003 24 0 75.2 16.8 26 9.200000000000001 33.4 33.6 6.800000000000001 31.8 27.400000000000002 43.400000000000006 10.4 53.800000000000004 0 0 0 0 0.6000000000000001 0 0.6000000000000001 0 1 0 0.4 0.8 16.6 0.2 0 0.2 0.6000000000000001 1 15.4 0 0.6000000000000001 0 0 1 0 0 0.4 0.4 0 19 1 1.2000000000000002 1 0 0.6000000000000001 2.2 0 1 0.6000000000000001 0 0 0.2 0 0.6000000000000001 0.6000000000000001 0 0 0.6000000000000001 0.2 0 0.8 0 0 3.2 0 0.6000000000000001 0 0 0.2 0.4 3.4000000000000004 1.4000000000000001 2.2 4.6000000000000005 12.4 0 0 3.6 10.200000000000001 8 4.800000000000001 1.2000000000000002 2.6 3.6 2.8000000000000003 3 3.6 4.2 0 0 0 0 0 0 0.2 0 0 0 0 0 0 0 0.2 0 2.4000000000000004 0 0 0 11.200000000000001 0 0 0 0 0 0 0 0 0 0 3.2 0 0 0 0 0 0 0 0 0 0 0 0 0 3 0 0 0 0 0 0 0 0 0 0 0 0 0 0 0 0 0 0 4.4 0 10.4 2.6 0 5.800000000000001 6 0.4 2.8000000000000003 7 0 1 3.6 0.6000000000000001 2.2 2 1.8 2.6 2 0 0 0 0 0 0 0 0 0 0 0 1.4000000000000001 0 0 0 0 0 0.2 0.8 0 0 0 0 0 0 0 0 0 0 0 0.2 0 0 0 0 0 0 0 0 0 0 0 0 0 0 0 0 0 0 0 0 0 0 0 0 0 0 0 0 0 0.2 0 0 0 0.4 11.600000000000001 0 0.8 0 0 0.8 0 0 0 0 0 0 0.4 0 0 0 0 0 0 0.8 0 0 0 0 0 0 0 0 0.2 4.2 1.6 0.2 0 0 0 0 0 0 0 0 0 0 0 0 
 6.800000000000001 26.8 11.600000000000001 14.200000000000001 32.800000000000004 8.6 57 75.2 0 13.8 35.6 69.4 56.400000000000006 35.800000000000004 77.4 24.8 59 45 56 29.8 0 0 0 15 0 0.2 14.8 0 0.2 0 0 1 19.8 0 0 0 0.4 0 7.2 0 0 0 0 0.4 0 0 0.4 0 0 0.6000000000000001 0 0.6000000000000001 0 0 0 2.6 0 1 1 0 0 0 0 0.6000000000000001 0.4 0 0 0.4 0.6000000000000001 0 0.6000000000000001 0 0 0 0 0.6000000000000001 0 0 0 0 5 1.4000000000000001 0 5 6.4 4 3.8000000000000003 3 4.2 7.4 2.8000000000000003 3.8000000000000003 0 2.4000000000000004 0 5.2 6 0 0 0 2 0 0 0 0 0 0 0 0 0 0 10 0 0 3.4000000000000004 0 0 0.2 0 0 0 0 0 0 0 0 0 0 0 0 0 0 0 0 0 0 0 0 0 0 0 0.4 0 0.6000000000000001 0 0 0 0 0 0 0 0 0 0 0 0 0 0 0 0 0 2.4000000000000004 3.6 0 1.6 1.8 0 4.6000000000000005 0 2.6 2.2 2.4000000000000004 2.8000000000000003 0 3 0 0 0 2.8000000000000003 0 1.8 0 0 0 0 0 0 0 0 0 0 0 0 0.2 0 0.4 0 0.2 0.2 6.2 0 0 0 0 0 0 0 0 0 0 0 0 0 0 0 0 0 0.4 0 0 0 0 0 0 0 0 0 0 0 0 0 0 0 0 0 0 0 0 0 0 0 0 0 0 0 0 17.6 0 0.8 27.200000000000003 0.8 3 8.4 0 0 0 0 0 0 0 0 0 2.8000000000000003 0 0 0 0 0 0 0 0 0 0 0 0 2 0 1.8 0 0 0 0 0 0 0 0 0 0 0 0 
 8.6 20.8 62.2 14.200000000000001 54.6 23.6 6 16.8 13.8 0 32.4 25.8 10.8 40.400000000000006 77 42.2 11.4 12.4 13.4 73.60000000000001 0 0 0 0 0 0 45.6 0 0 0 0 0.6000000000000001 15.600000000000001 0.2 0 0 0.2 0 0.4 0 0 0 0 0.4 0 0 0.4 1.2000000000000002 0 0.6000000000000001 0 0.6000000000000001 0 0 13.8 12.8 0 1 1 0 0 0 0 0.6000000000000001 0.6000000000000001 0 0 0 0 0 0.6000000000000001 0 0 1.4000000000000001 0 0.6000000000000001 0 0 0 0 3.4000000000000004 1.4000000000000001 2 4.6000000000000005 0.2 0.2 0 0 5.800000000000001 2.6 6.4 0 3 2.4000000000000004 0 5 1.8 9.4 0 0 6.2 3.2 0 0 0 0 2 0 2.4000000000000004 0 0 0.2 0 0 2.8000000000000003 0 0.2 0 6 0 0 0 0 0 0 0.4 0 0 0 0 0 0 3.8000000000000003 0 0 0 0 0 0 5.2 0 0 0 0 0 0 0 0 0 0 0 0 0 0 0 0.4 0 0 0 0 0 0.2 0 0 0 1 0 0 5.2 4.2 4.2 3.2 0 1.8 0 11 2 4 0.8 2.6 0 4 0 0 0 0 0 0.4 0.8 0.2 0 0 11.600000000000001 0 0 0.2 0 0 0.6000000000000001 4 0 0 0 0 0 0.4 0 0 0 0 0 0 0 0 0.2 0 0 0 0 0 0 0 0 0 0 0 0 0 0 0 0 0.4 0 0 0 0 0 0 0 0.4 0 3.6 0 0 0 0 0 0 0.2 0 4.2 2 0 0 0 0 0 0 0 0 0 0 3.6 0 0 0 0 0 0 0 0 0 0 0 0 6.4 3.8000000000000003 0 0 0 0 0 0 0 0 0 0 0 0 0 
 25.6 7.4 8 41 15.600000000000001 15.600000000000001 51.2 26 35.6 32.4 0 9.200000000000001 6.6000000000000005 36.2 13.8 45.800000000000004 42.400000000000006 16.8 7.2 13 0 0.4 0.6000000000000001 0 0 0 15.8 0 7.800000000000001 0 0 1.4000000000000001 30.400000000000002 15.200000000000001 0 0.4 0 0.6000000000000001 6.6000000000000005 1.8 0 0.6000000000000001 0 1 0.2 0 0.4 1 0 0.6000000000000001 0 0.6000000000000001 0 0 0 0.4 0 0.8 1 0 0 0.2 0 1.2000000000000002 0.6000000000000001 0 0 1 0 0 0.4 0 0 0.4 0 0.6000000000000001 0 0 0 0.4 2 2.8000000000000003 3.4000000000000004 7.4 0.6000000000000001 0 0 0 2 4.800000000000001 2.8000000000000003 9 0 0.2 1.6 5.6000000000000005 1.8 0 0.4 0.2 18 7.6000000000000005 1.6 0 0 0 2.4000000000000004 0.2 5.6000000000000005 0 0 0 3.4000000000000004 2.2 5 4.2 0 0 9.8 7.2 0 0 0 0 0 0 0.4 0.4 0 0 0 0.4 0 0 0 0.4 0 0 0 0 0 0 0 0 0 0 0 0 0 0 0.6000000000000001 0 0 0 0 0 4.4 0 0.4 0 0 6.2 0 2.4000000000000004 5.4 1 0 0.6000000000000001 0.2 2.8000000000000003 12.8 3 0 0 1.8 0 0 0.2 0 0 5.6000000000000005 1.2000000000000002 2.6 0 0 0 1.8 0 0.2 0 0 0 0 0 0 6 0 0 15.4 0 0 3.2 0 0 0 0 0 0 0 0 0 0 0 0 0 0 0 0 0 0 0 0 0.2 0 0 0 0 0 0 0 0 0 0 0 0 0 0 0 0 0 0 0 0 0 0 0 17.6 0 11 0.2 0.4 2.2 1.8 0 0 0 0 0 0 0 0 0 3.8000000000000003 0 0 0 0 0 0 0 0 0 0 0 0 0 0 0 0 0 0 0 0 0 0 0 0 0 0 0 
 40 41.800000000000004 26.400000000000002 35.6 25.400000000000002 12 65 9.200000000000001 69.4 25.8 9.200000000000001 0 50.6 7 21 81.80000000000001 41.800000000000004 51.400000000000006 32.800000000000004 10 12.4 0 0 0 0 0 0.8 7.2 0 15 0.2 1.2000000000000002 15.600000000000001 0.4 14.8 0 0.2 0 14.4 0.4 0 0 1 1 0 0 0.8 0 0 0.6000000000000001 1.6 13.600000000000001 0 0 0 3.4000000000000004 0.8 1 0.8 0 0.4 0 0 0.6000000000000001 0.6000000000000001 0 0 0 0 0 2.2 0 0 0 0 0.6000000000000001 0.2 0 0 0 6 2 0 0 2.8000000000000003 0.2 0 2.8000000000000003 0 0 8.4 1 2.8000000000000003 0 5.6000000000000005 0.2 0 5.4 10.8 5.4 1.8 0 0.2 0 0 0 0 0 0 0 0 0 3 0 0 0 0 0 18.6 0 0 0 0 0.4 0 0 0 0 0 0 0 0 0 0.4 0 0 0 0 0 0 3 0 0 0 0 0 0.4 0 0 0 0 0 0.8 0 0 0 0 0 0 0 0 0.4 0 4 8.200000000000001 1.6 0 2 1 5.2 3.8000000000000003 5 4.2 6.800000000000001 0 4.2 2 7.4 0 9.4 0 0 0 0 0 0 0 0 0 0 0 0 5 0.4 0 1 0 3 2.6 2.8000000000000003 0 0 0 0 0 0 3 0 0 0 0 0 0 0 0 0 0 0.4 0 0 0 0 0 0.4 0 0 0 0 0 0 0.2 0 0 0 0 0 0 0 0 0 0 0 4.4 0 0 1.8 1.4000000000000001 0 1.2000000000000002 18.2 2.4000000000000004 3.6 0.2 0 0.2 0 0 0 0 0 0 0 0 0 0 0 2.2 0.2 0 0 0 0 0 0 2 0 2.4000000000000004 0 0 0 0 0 0 0 0 0.2 0 0 0 0 
 6 13.600000000000001 34.6 17 16.400000000000002 5.4 59.400000000000006 33.4 56.400000000000006 10.8 6.6000000000000005 50.6 0 40.6 40.6 27.200000000000003 26 10 16.2 57.6 0 0 0 0 0 0 0 0 0 0 0 15.200000000000001 0.6000000000000001 0.2 0 0 0 0 0 0 0 0 0 0.6000000000000001 0 0 0.6000000000000001 0 0 0.6000000000000001 0 0.6000000000000001 0.4 0 0 0.6000000000000001 0 0.6000000000000001 0.8 0 0.8 0 0 0.6000000000000001 0 0 0 0 0 0 0.6000000000000001 0 0 1 0 0.4 0 0 0 0 13 4.2 5.4 0 3.6 0 5.4 0.2 10 6.2 2 0 2.6 1.8 3.6 0 8.200000000000001 6.800000000000001 0.2 2 0 0 0.2 0 0 0 0 0 0 0 0.6000000000000001 0.2 0 0 0 0 0.4 0 0 0 0 0 0 0 0 0 0 0 0 0 0 0 0 0 0 0 0 0 0 0 0 0 0 0 0.4 0 0 0 0 0 0 0.2 0 0 0 0 0 0 0.2 0 3 2 2.4000000000000004 2.4000000000000004 0 0 2.6 0 9.200000000000001 0 1.8 0.2 1.2000000000000002 0.4 10.200000000000001 0.4 13 9.4 1 2.6 0 0 0 0 0 0 0 0 0 0 0.2 0 0.2 0 0 0 0 0 0.4 0.4 0 0 0 0 1.4000000000000001 0 0 0 0 0 0 0 0 0 0 0 0 0 0 0 0 0 0 0 0 0 0.4 0 0 0 0 0 0 0 0.2 0 0 0 0.4 0 0 0 0 0 0 0 0.4 0 0.4 18.2 0.4 17.400000000000002 8.4 0 0 0 0 0 0 0 0 0 0 0 0 0 0 0 0 0 0 0 0 0 0 4.2 0 0 0 0 0 0 0 0 0 0 0 0 0 0 
 25.200000000000003 9.8 7.4 50.6 10.600000000000001 47.400000000000006 53.2 33.6 35.800000000000004 40.400000000000006 36.2 7 40.6 0 15 43.400000000000006 26.6 26.200000000000003 16.2 33.800000000000004 0 0 0 0 0 0 0 0 0 0 0 0.6000000000000001 0.6000000000000001 0.2 0.2 0 0 0 0 0 0 0 0 0.4 0 0 0.4 0 0 0.6000000000000001 0 0.8 0 0 0 0.6000000000000001 0 0.6000000000000001 1 0 0 0 0 0.6000000000000001 0.6000000000000001 0 0 0.8 0 0 0.6000000000000001 0 0 0 0 0.6000000000000001 0 0 0 0 1.8 7 5.2 2.2 1.2000000000000002 3.2 2.6 0 10.600000000000001 4 5.4 0 0 0 9 8 4.6000000000000005 0 0 8.6 0 0 0 0 0 0 0 0 0 0 0 0 0 0 0 0 0 0 6.2 0 0 0 0 0 0 0 0 0 0 0 0 0 0 0 0 0 0 0 0 0 0 0 0 0 0 0 0 0 0 0 0 0 0 0 0 1 4.2 0 0 0 3.4000000000000004 2.4000000000000004 0 0.2 4 0 0 2 0.2 2.4000000000000004 0 7 0 2.4000000000000004 5.4 2.6 4 3.2 9.600000000000001 2.8000000000000003 0 0.2 0 0 0 0 0 0 0 0 0 0 1.8 0 0 0 0 0 0 0 0 0 0 0 0 0 0 0 0 0 0 0 0 0 0 0 0 0 0 0 0 0 0 0 0 0 0 0 0 0 0 0 0 0 0 0 0 0 0 0 0 0 0 0 0 0 17.400000000000002 0 0 0.4 0 3 6 0 0 0 0 0 0 0 0 0 0 0 0 0 0 0 0 0 0 0 0 0 0.2 0 1.4000000000000001 0 0 0 0 0 0 0 0 0 0 0 0 0 
 68.8 31 26.400000000000002 35.2 33 37.800000000000004 7.800000000000001 6.800000000000001 77.4 77 13.8 21 40.6 15 0 33 29.400000000000002 58.2 13 21.400000000000002 3.4000000000000004 0 0 0 15.4 0 0.6000000000000001 0.6000000000000001 0 0.4 0 41.400000000000006 15.4 0 0.8 0.6000000000000001 0 0 14.600000000000001 0.2 0 0.6000000000000001 0.4 0.4 0.2 0 0.4 0.2 0 0.6000000000000001 0 0.6000000000000001 0 0 0 0.4 0 0.6000000000000001 1 0.4 0 0 0 0.6000000000000001 9 0.2 0 3.8000000000000003 0 0 0.2 0 0 0 8 0.6000000000000001 0 0 0 0 0 2.6 3 4.2 4 2.2 4.4 10.4 3.8000000000000003 0 3.4000000000000004 2.4000000000000004 0 3.8000000000000003 16.2 0 1.2000000000000002 5.800000000000001 0 0.2 2 0 0 0 0 0 0 0 0 0 0 0 2.8000000000000003 3.8000000000000003 0 0 0 0 2.4000000000000004 0 0 0 0 0 0 0 0 0 0 0 0 0 0 0 0 0 0 0 0 0 0 0 0 1 0 0 0 0 0 0 0 0 0 0 0 0 0 0 0 0 4.4 2 3.6 2.6 2.8000000000000003 4.6000000000000005 0 2.4000000000000004 0 3.6 0 6.4 10.600000000000001 0 0.2 2.6 0 2 2.8000000000000003 0 2 0.4 0 0 0 0 0 0 0 0 0 0 4.4 0 0 0 0 0 6.6000000000000005 0 0 0 0 0 0 0 0 0 0 0 0 0 0 2.8000000000000003 0 0 0 0 0 0 0 0 0 0 0 0 0 0 0 0 0 0 0 0 0 0 2.8000000000000003 0 0 0 0 0 0 0 0 0.4 0 0.4 0.2 25 3.8000000000000003 1.8 0 0 0 0 0 0 0 0 0 0 0 0 0 0 0 0 0 0 0 0 0 0 0 0 2.2 1.8 0 0 0 0 0 0 0 0 0 0 0 0 
 14.600000000000001 27.200000000000003 68.2 11.600000000000001 126 80.2 6.4 31.8 24.8 42.2 45.800000000000004 81.80000000000001 27.200000000000003 43.400000000000006 33 0 19 32 37.6 24.400000000000002 0 0 0 0 0 0.2 0.4 0 0 1.2000000000000002 0.4 0.6000000000000001 1 0.6000000000000001 0.8 0.6000000000000001 0.2 0.4 0 14.8 0.4 0.6000000000000001 0.6000000000000001 0.4 0 0 0.8 0 0 1.2000000000000002 0 0.6000000000000001 0 0 0.4 0.6000000000000001 0 1 0.6000000000000001 0 0 0 1 0.6000000000000001 0.6000000000000001 0.4 0 0.8 0.2 0 0.4 0 0.2 1.6 0 0.6000000000000001 0 0 0.2 0.6000000000000001 0 6 4.6000000000000005 2.6 2.8000000000000003 1.4000000000000001 0 3 11 12.600000000000001 3.4000000000000004 0 0 2.4000000000000004 1.8 6.6000000000000005 3.6 4.4 0 0 0.4 0 0 0 0 0 0 0 0.2 0 0 0 2 0 0 0 0 0 1.4000000000000001 0.2 0 0 0 0 0 0 4.800000000000001 0 0 0 0 0 0 0 0 0 0 0 0 0 0 0 0.4 0 0 0.2 0 0 0.4 0 0 0 0 0 0 0 0 0 0 0 0 0 0 3.8000000000000003 0 0 0 0 9.600000000000001 6 1.2000000000000002 0 0 11.200000000000001 2.2 0.8 0 6.6000000000000005 0.2 1.2000000000000002 0 0 0 0 0 0 0.4 0 0 0 0 0 0.2 0 0 0 0 0 4.4 1.2000000000000002 0 0 0.4 0 0 0 0 0 0 0.4 0 0 0 0 0 0 0 0 0 0 0 0 0 0 0 0 0 0 0.4 0 0 0 0 0 0 0 0 2.6 0 0 0 0 0 0 0 0.4 0.6000000000000001 0.4 0.4 0.4 4 3.2 2 0 0 0 0 0 0 0 0 0 0 0 0 0 0 0 0 0.2 0 0 0 0 0 3 5.800000000000001 0 0 0 0 0 0 0 0 0 0 0 0 0.2 
 5.800000000000001 9.8 36.800000000000004 45.800000000000004 16 35.800000000000004 23.200000000000003 27.400000000000002 59 11.4 42.400000000000006 41.800000000000004 26 26.6 29.400000000000002 19 0 53 48.6 7.2 0.4 0.8 1 1.2000000000000002 0.6000000000000001 0.2 0 0.4 0 0 0 1.4000000000000001 0.8 0 0 1 0.4 0.2 1 0 0 0 0 0.4 0 0.4 0.4 0 0 0.8 0.6000000000000001 0.6000000000000001 11.600000000000001 13 0 1.2000000000000002 1 0.6000000000000001 1.6 0 0 0 0.4 1 0.6000000000000001 0 0 5.4 0 0 0 0 0.6000000000000001 0.6000000000000001 0 0.8 0 0 0.4 0 0 1.4000000000000001 0 0.6000000000000001 3 5.6000000000000005 3.8000000000000003 2.4000000000000004 6.2 6 3.8000000000000003 5.2 0.4 0.2 4.4 4.6000000000000005 6.4 3 0 2.4000000000000004 0 0 0 0 0 0 0 0 0 0 0 0 0.2 0 0 0 0 0 2.4000000000000004 0 0 0 0 0 3 0.4 0 0 0 0 0 0 0 0 0 0 0 0 0 0 0 0 0 4.2 0 0 0 0 0 0 0 0 0 0 0 2.8000000000000003 0 0 0 0 0 4.4 2.2 0.6000000000000001 5.800000000000001 0 0 5.800000000000001 4.800000000000001 5.800000000000001 0 8.200000000000001 0 2.8000000000000003 2 2.4000000000000004 2.6 0.2 0 0 0 0 0 0 0 0 0 0.4 0 0 0 0 0.2 3.2 0 0 0 0 1.4000000000000001 0 0 0 0 0 0 0 0 0 0 0 0 0 0 0 0 0 0 0 0 0 0 0 0 0 0 0 0 0.2 0 1.6 0 0.4 0 0 0 0 0 0 1 0.2 0 0 0 0 0 0 34.800000000000004 0.2 0.6000000000000001 34.2 0 1.8 0 0 0 0 0 0 0 0 0 0 0 0 0 0.2 0 0 0 0 0 0 0 0.4 0 0 0 0 0 0 0 0 0 0 0 0 0 0 0 0 
 4.4 108.80000000000001 39.800000000000004 34.6 8.6 9.8 4.4 43.400000000000006 45 12.4 16.8 51.400000000000006 10 26.200000000000003 58.2 32 53 0 7.6000000000000005 48 0 0.2 0.4 0.6000000000000001 0 0 0.2 0 0 0 0 0.6000000000000001 0.6000000000000001 0 0 1 0 0.4 0.6000000000000001 7.6000000000000005 0 0 0 0.6000000000000001 0 0 0.6000000000000001 0 0 0.6000000000000001 1.4000000000000001 0.6000000000000001 0 1.2000000000000002 0 1.8 0.4 0.6000000000000001 1 0 0 0 0.4 0.6000000000000001 0.2 0 10.200000000000001 0.8 0 0 0.6000000000000001 0 0 0 0 0.8 0 0 0 0 0 2.4000000000000004 1.2000000000000002 0.2 5.4 6.6000000000000005 3.4000000000000004 2.2 4.6000000000000005 9.200000000000001 10.600000000000001 6 0 0 0 7.6000000000000005 3.8000000000000003 3.2 0 6 0.2 0 0 0 0 0 0 0 0 0 0 0 0.2 0 0 0 0 0.4 9.200000000000001 0 0.4 0 0 0 3.2 0 0 2.6 0 0 0 0 0 0 0 0 0 0 0 0 0 0.4 0 0 0 0 0 0 0 0 0 0 0 0 0 0.6000000000000001 0.2 0 0 0 0 4.2 0.6000000000000001 0 6.2 3 0 8.6 6.2 0 0.2 6 0 5 3.8000000000000003 3.4000000000000004 3 1.6 0 0 0 0 0 0 0 0 0 0 0 0 0 0 2.4000000000000004 0 0 0.2 0 0 4.4 0 0 0 0 0 0 0 0 0 0 0 0 0 0 0 0 0 0 0 0 0 0 0 0 0 0 0 0 0 0 0 0 0 0 0 0 0 0 0 0 0 0 0 0 0 0 0 34.6 0.4 0.4 10 0.6000000000000001 1.6 0 0 0 0 0 0 0 0 0 0 0 0 0 0 0 0 0 0 0 0 0 0 0 0 0 0 0 0 0 0 0 0 0 0 0 0 0 0 
 70 10.200000000000001 7.800000000000001 63 15.8 9 16.400000000000002 10.4 56 13.4 7.2 32.800000000000004 16.2 16.2 13 37.6 48.6 7.6000000000000005 0 33 0 0 0 0 0 0.4 0 0 0.2 0 0 15.600000000000001 0.6000000000000001 0.4 0 0 0 0 0 0 0 0 0 0.4 0 0 0.4 12.600000000000001 0 0.6000000000000001 0 0.6000000000000001 0 0 0 0.8 0 0.8 1 0 0 0 0 0.6000000000000001 0.2 0 0 0 0 0 0.6000000000000001 0 0 0 0 0.6000000000000001 0 0 0 0 7.4 0 5 0 0 0 0 2 0 0 0 0 3 0.2 3 0 0.2 0 3.4000000000000004 0 0 0 0 0 0 0 0 0 0 0 0 0 0 0 0 0 0 0 0 0 0 0 0 0 0 0 0 0 0 0 0 0 0 0 0 0 0 0 0 0 0 0 0 0 0 0.2 0 4.2 0 0 0 0 0.8 0 0.2 0 0 0 0 0 1 0.2 0.6000000000000001 0.2 3.6 0 3.4000000000000004 2.4000000000000004 0 0 13.200000000000001 2.4000000000000004 5.6000000000000005 0 0 0.6000000000000001 4 0 3.8000000000000003 14 0 0 0 0 0 0 0 0 0 0 0 0 0 0 0 0 0 0 0.2 0 0 0 0 0 0 0 0 0.2 0 0 0 0 0 0 0 0 0 0 0 0 0 0 0 0 0 0.2 0 0 0 0 0 0 0 0 0 0 0 0 0 0 0 0 0 0 0 0.6000000000000001 0 0.4 0 0.4 0.4 0.8 0 0 0 0 0 0 0 0 0 0 0 0 0 0 0 0 0 0 0 0 0 0 0 0 0 0 0 0 0 0 0 0 0 0 0 0 0 0 
 11.4 47.800000000000004 8 11 16 8.6 9.8 53.800000000000004 29.8 73.60000000000001 13 10 57.6 33.800000000000004 21.400000000000002 24.400000000000002 7.2 48 33 0 1.2000000000000002 0.4 0 0 0 0 0 0 0 0 0 0.8 15.4 0.2 0 0 0 0 0 0 0 0 0 0.4 0 0 0.4 0 0 0.6000000000000001 0 0.6000000000000001 0 0 0 0.6000000000000001 0 1 1 0 0 0 0 0.6000000000000001 0.6000000000000001 0 4 0 0 0 0.6000000000000001 0 0 0 0 0.6000000000000001 0 0 0 0 6.6000000000000005 5.2 1 0 3.4000000000000004 0 0 5 4.800000000000001 5 4.6000000000000005 0 0.4 6 1.2000000000000002 0 5.6000000000000005 0 0 3 0.4 0 0 0 0 0 0 0 0 0 3.4000000000000004 0.2 1.2000000000000002 0 0 0 0 0 0 0 0 0 0 0 0 0.4 0 0 0 0 0 0 0 0 0 0 0 0 0 0 0 0 0 2.4000000000000004 0 0 0 0 0 0 0 0 0 0 0 2.4000000000000004 0 0.4 0 0 4.4 0.2 5.2 5 0 0 1.4000000000000001 0 6.4 0.2 0 0 3 2 2.8000000000000003 0 0.2 5.4 1.8 0 0 2 0.4 2 0 0 0 0.4 0 0 0 0 0 0 0 0 3 0 0 0 0 0 0 0 0 0.4 0 0 0 0 0 0 0 0 0.2 0 0 0 0 0 0 0 0 0.8 0 0 0 0 0 0.4 0 0 0 0 0 0 0 0 0 0.4 0 0 0 0 0 0.6000000000000001 0.6000000000000001 0 0 0 0 1.4000000000000001 0 0 0 0 0 0 0 0 0 0 0 0 0 0 0 0 0 0 0 0 0 0 0 0 0 0 0 0 0 0 0 0 0 0 0 0 0 0 
 0 0 0 23.400000000000002 2.4000000000000004 26.8 0 0 0 0 0 12.4 0 0 3.4000000000000004 0 0.4 0 0 1.2000000000000002 0 54.2 39.400000000000006 7.2 13.8 7.800000000000001 84.80000000000001 64.4 9.8 8.8 49.400000000000006 21.400000000000002 69.4 23.6 26 20.200000000000003 63.2 13.200000000000001 22.8 21.200000000000003 0 0.6000000000000001 0.8 0.8 0 0 0 0 0 0 0 1.2000000000000002 0 0 0 0.2 0 0.8 12.600000000000001 0 1.2000000000000002 0 0 9.600000000000001 0 0 0 0 10.200000000000001 0 0 0 0 0.4 0 0 0 0.6000000000000001 0 0 0 0 0.2 0 0.2 4 0 0 0 0 0 2 0.2 0 0 0 0 0 0.2 0 5.4 0 2 15.600000000000001 0 0 4 3.4000000000000004 1.4000000000000001 2.6 11.200000000000001 0 5 1.2000000000000002 0 4.4 7.800000000000001 0.2 6.4 7.4 0 0 0 1.4000000000000001 0 0 0.2 0 0 0 0 0 0 0.6000000000000001 0 0 0 0 0 2.2 0 0 0 0 0 0.2 0 0 1.8 0 0.8 0 0 4.6000000000000005 0 0 0.8 0 0 0 1.2000000000000002 0 0 0.2 0 0 0 0 0.8 0 0 0 0 0 0 0 0 0 0 0 0 0 2.6 0 0.8 1.8 4.4 5 8.200000000000001 5.2 4.800000000000001 0 7.2 9.8 0 5.4 5.6000000000000005 4 2.4000000000000004 6.4 4.6000000000000005 0 0 0 0 0 0 0 0 0 0 0 0 0 0 0 0 0 0 0 0 0 0 0 0 0 3.2 0 0 0 0 0 0 0 0 0.4 0 0 0 0 0 0 2.4000000000000004 0 0 0 0 0 0 0 0 0 0 0 0.6000000000000001 0.2 0.6000000000000001 0 0 0.4 0 0 0 0 0 0 2.6 0 0 0 0 0 0 0 0 0 0 0 0 0 0 0 0 0 0 0 0 0 0 0 
 0 0 0.4 0.4 14.4 39 0.2 0 0 0 0.4 0 0 0 0 0 0.8 0.2 0 0.4 54.2 0 51.400000000000006 53 6 47.800000000000004 50.2 31 29 15.200000000000001 6.800000000000001 14.8 23.6 8.4 22 43.400000000000006 26.400000000000002 32.6 34.6 32.2 0 0.6000000000000001 1.2000000000000002 1.2000000000000002 1.4000000000000001 12.8 0.2 0.8 0.6000000000000001 1 1 1.2000000000000002 13.200000000000001 0.4 0 1 0.6000000000000001 1.4000000000000001 5.800000000000001 0 0 0.4 0 0 0.6000000000000001 0.4 0.2 0.6000000000000001 0 0 9.8 0.6000000000000001 0.8 0.6000000000000001 0.8 0.8 0.2 11.200000000000001 9.200000000000001 0 0 0 0 0 0 0 0 0 0 0 0 0 0 0 0 0 0.2 0 0 0 2.8000000000000003 2.4000000000000004 0 2.4000000000000004 0 3 13.200000000000001 9.8 9.8 8.6 9 0 4.4 4.6000000000000005 0 11.4 6.6000000000000005 0.4 0 2.4000000000000004 4.6000000000000005 0 0 0 0 0 0 0 0.2 0.4 0 0 0 2.4000000000000004 0 0 0 0 0 0 0 0 0 0 0 2.4000000000000004 0 0 0 0 0 0 0 0 0 0 0.8 0 0 1 0 0 0 0 0 0 0 0 0 0 0.2 0 0 0 0 0 0 0 0 0 0 0.4 0.4 4.4 4.6000000000000005 0 2 7.800000000000001 3 2.6 5 3.6 3.8000000000000003 6.4 4.6000000000000005 0 2 4.2 2.2 8.200000000000001 1.4000000000000001 0 0 0 0 0.4 0 0 0 0 0 0 0 0 0 0 0 0 0 0 0 0 0 0 0 0 0 0 0 0 0 0.4 0 0 0 0 0 0 0 0 0 0 1.8 0 0 0.2 0 0 0 0 0 0 0 0 1.4000000000000001 0 0 0.2 0 0 0.4 1.4000000000000001 0.6000000000000001 0 0 0 1.2000000000000002 0.4 0 0 0 0 0 0 0 0 0 0 0 0 0 0 0 0 0 0 0 0 0 0 
 0.4 0 0 0 7.2 57.800000000000004 0 0 0 0 0.6000000000000001 0 0 0 0 0 1 0.4 0 0 39.400000000000006 51.400000000000006 0 24.6 70.8 21.6 13.4 42.6 97.80000000000001 15.4 30.200000000000003 11.600000000000001 14 9.200000000000001 8.200000000000001 34.800000000000004 8.200000000000001 24 48.800000000000004 29 0 0.6000000000000001 0.6000000000000001 0 0 0 0 0 0 0 0 0.4 0.2 0.6000000000000001 0 0 0 0.6000000000000001 12.8 12.600000000000001 0 0 0 1.4000000000000001 0 0 0 0 1.8 0 0 0.2 0 0.4 0 0 0 0.6000000000000001 0 0 0 0 0 0 0 3 0 0 0 0 0 0 0 0 0 0 0 0 0 0 0.6000000000000001 1.8 3 4.6000000000000005 0.6000000000000001 4.6000000000000005 0 0.4 0 0 5.2 5.800000000000001 0.4 4.4 1.4000000000000001 0 2.8000000000000003 0 0 4 0 1.6 0 0 0 0 4.6000000000000005 1.6 1.8 1.6 0 0 1.2000000000000002 1.6 0 1.2000000000000002 0 0 4.2 4.2 0 0 0 0 0 0 0 0 0 0 0 0 0 0 0 0 0 0 0 0 0 0 0 0 0 0 0 0 0 0 0 0 1.4000000000000001 0 0 0 0 0 0 0 0 0 0 4.800000000000001 9.8 1.2000000000000002 0 9.8 6.800000000000001 1.4000000000000001 3.6 0 0 4 0 0 10.4 0 0.6000000000000001 0.2 11.600000000000001 0.2 0 0 0 0 0.6000000000000001 0 1.6 0 0 0 0 0 0 0 0 0 1.6 2 0 0 0 0 0 0 0 0 0 0 0 0 0 0 0 0 0 0 0 0 0 0 3.4000000000000004 0 0 0.2 0 0 0 0 0 0 0 0 1.6 0 0.4 0 0 0.2 0 0.4 0 0 0 0 0 0 0 0 0 0 0 0 0 0 0 0 0 0 1 0 0 0 0 0 0 0 0 0 
 0.6000000000000001 0 0 0.2 0 0 0 0 15 0 0 0 0 0 0 0 1.2000000000000002 0.6000000000000001 0 0 7.2 53 24.6 0 55 68.60000000000001 17.2 18.8 139.20000000000002 61 38 57.800000000000004 13.8 77 22.200000000000003 75.2 43.6 13.4 59.6 11 4.6000000000000005 0.6000000000000001 0.6000000000000001 0 0 0 6.800000000000001 0 0 0 0.2 0.6000000000000001 13.600000000000001 0 0 0 0 0.8 14.8 12.4 0 0 0 0.2 0 0 0 0 10.200000000000001 0 0 0 0 0.6000000000000001 0 0 0 0.4 0 5.800000000000001 0 0 0 0 0 0 0 0 0 0 0 0 0 0 0 0 0 0 0 0 0 0.2 0 4 6.800000000000001 6 0 0 0 5 4.800000000000001 0.8 0 3.4000000000000004 0 4 3.4000000000000004 2.4000000000000004 0 0 1.4000000000000001 1.4000000000000001 0 0 0 0 1.8 1.8 3.2 0 0.2 0 1.8 1.8 2 0 0 0 2 1.8 0 0 0 0 0 0 0 0 0 0 0 0 0 0 0 0 0 0 0 0 1.2000000000000002 0 0 0 0 1 0 0 0.8 0 0.8 0 0 0 0 0 0 0 0 1.2000000000000002 1.2000000000000002 0 0 0 0 4.6000000000000005 0.2 0 4 1.8 1.6 2.6 3 0 0.2 5.4 0 3.4000000000000004 0 0 0 2.6 0 1.4000000000000001 0 0 1.6 5 0 0 0 0 0 7 4.2 2 3.4000000000000004 0 24.6 4 0 0 0 0 0 0 0 0 0 0 0 0 0 0 0 0 0 0 0 0 0 0 0 0 0 0 0 0 0 0 0 0 0 0 1.8 0 0.8 20.200000000000003 9 0.6000000000000001 0.8 0.4 0 0 0 0 0 0 0 0 0 0 0 0 0 0 0 0 0 0 0 1.6 0 0 0.4 2.8000000000000003 2.2 0 0 0 
 0 0 0 0.4 0 0 0 0.6000000000000001 0 0 0 0 0 0 15.4 0 0.6000000000000001 0 0 0 13.8 6 70.8 55 0 32.6 13.600000000000001 14.4 67.8 38.800000000000004 32.4 32 35.2 13.600000000000001 17.6 46.2 14.200000000000001 29.6 15.200000000000001 11.8 0 0.6000000000000001 0.6000000000000001 0 0 0 18.6 0 0 1.6 0 0.6000000000000001 17.8 19.6 10.4 13.600000000000001 0 13.200000000000001 14.600000000000001 6.2 0 0 0 0.6000000000000001 0.2 0 0 0 1 0 0 0 0 0.6000000000000001 0 0 0 0.4 0 0 0 0 0 0 0 0 0 5.6000000000000005 0 0 0 0 0 0 0 0 0 0 0 0 0 0 0 4.800000000000001 5.6000000000000005 3.2 0 0 0 0 0 0 0 0 0.2 0 0 7.800000000000001 0 0 0 0 7.800000000000001 0.4 0 0 4.6000000000000005 2.4000000000000004 4 0.8 0 0 6.800000000000001 3.8000000000000003 0 0 5.6000000000000005 4 12.600000000000001 0 0 0 0 0 0 0 0 0 0 0 0 0 0 0 0 0 0.4 0 0 1.2000000000000002 0 0.4 0 0 0 0.6000000000000001 0 0 0 0 0.4 0 0 0 1.8 0 0 0 0 0.2 0 0 0 6.4 3.6 2.6 0 0 0.2 0 4.4 4.2 0 0 0 2.6 3.6 5 0 0 2.4000000000000004 0.2 0.6000000000000001 2 0 0 6 26.8 2.6 0 0 0 2.8000000000000003 3 3.2 7.2 8.8 9.8 5.800000000000001 0 0 0 0 0 0 0 0 0 0 0 0 0 0 0 0 0 2.4000000000000004 0 0 0 0 0 0 0 0 0.2 0 0 0 0 0 0 0 0 1.8 0.4 0.8 10 0 0 1 0 3.6 0 0 0 0 0 0 0 0 0 0 0 0 0 0 0 0 0 0 0 5.6000000000000005 0 7.6000000000000005 0 2 0 0 0 
 0 0 0 0.6000000000000001 0.2 0 0 0 0.2 0 0 0 0 0 0 0.2 0.2 0 0.4 0 7.800000000000001 47.800000000000004 21.6 68.60000000000001 32.6 0 9.600000000000001 21.8 16.8 15.8 21 43.800000000000004 11.4 9.600000000000001 25 22 12.600000000000001 34.2 10 8 13 0.6000000000000001 14 0 0 0 13.600000000000001 5.800000000000001 0 14 0 0.6000000000000001 4.2 12.600000000000001 12.600000000000001 0 0 0.6000000000000001 0.2 0.2 0 1 0 0 1.6 0 0.8 0 0 0 1.2000000000000002 0.4 0 0.4 0 0 0 0.6000000000000001 0 0 0 0 0 0 0 0 0 0 0 0 0 0 0 0 0 0 0 0 0.2 0.2 0 0 2.8000000000000003 0 4.2 0.2 0 0 0 0 0 3.6 0 0.4 3.8000000000000003 0 0 1.8 0 0 0.8 0.4 4.6000000000000005 0 0 0 2.6 0.2 0.6000000000000001 0.2 3.4000000000000004 0 2.4000000000000004 1.8 2.6 2 2.6 4.2 3.6 3 0 0 0 0 0 0 0 0 0 0 0 0.2 0 0 0 0 0 0 0 0 0 0 0 0 0 0.6000000000000001 0 0 0 0 0.4 0 0 0 0 0 0 0 0 0.2 0 0 2 3.6 7 0.2 0 0 1.4000000000000001 1.8 2.4000000000000004 1.4000000000000001 0 0 0 5 2 1.8 0 0 3.8000000000000003 0.2 0.2 0 0 0 6 9 2.4000000000000004 0 0.4 0 2.6 0.2 2.6 4.800000000000001 9.600000000000001 1.4000000000000001 4.800000000000001 6.6000000000000005 0.2 0 0 0 0 0 0 0 0 0 0 0 0 0 0 0 0 0 0 0 0 0 0 0 0 0 0 0 0 0 0 0 0 0 1.8 0 0 16.6 0 0 2 0 0 0 0 0 0 0 0 0 0 0 0 0 0 0 0 0 0 0 0 2.8000000000000003 3.8000000000000003 0 7.4 0 0 0 0 0.2 
 0 22 4.800000000000001 0 0.4 15.8 0 0.6000000000000001 14.8 45.6 15.8 0.8 0 0 0.6000000000000001 0.4 0 0.2 0 0 84.80000000000001 50.2 13.4 17.2 13.600000000000001 9.600000000000001 0 23.8 9.600000000000001 6.800000000000001 48 23 38.800000000000004 8.4 9.4 9.200000000000001 9.8 4.800000000000001 26.200000000000003 4.800000000000001 1 1.8 0.6000000000000001 0 0.2 0 1 1.4000000000000001 0 0.2 0 0.6000000000000001 1 0.6000000000000001 0 0.4 0.2 0.8 1 0.8 1.2000000000000002 1.2000000000000002 0 0 0 0 1 1 0 9.600000000000001 0.4 0.4 1 1.4000000000000001 0 0 0 0.8 0.6000000000000001 0.4 0 0 2.2 6 3.6 2.4000000000000004 0 0 1 0 2.4000000000000004 0 0 0 0 3.8000000000000003 2.6 0 2.6 0 6.2 4 9.600000000000001 2.8000000000000003 0 0 2.8000000000000003 2.2 1.6 1.8 0 0 3.2 2 7.2 0 0 7 0.2 1.4000000000000001 0 0 0 0 0 0.2 2 0 0 0 0 0 1.6 0 0 0 0 0 3.8000000000000003 0 0 0 0 0 0 0 0 0 0.4 0 0.2 0 0 0 0 0 0 0 0 0 0 0 11.200000000000001 0 0 2 0 0 0 0 0 0.2 0 0 0 4 0 0.2 0 0 2.2 2.2 2.8000000000000003 0.4 0 2.8000000000000003 8.4 0.2 7.2 0 0 3.2 3.6 0 0 0 0 0 2.4000000000000004 9.8 0 0 0 4.6000000000000005 0 0 5.4 0 0 0 0 0 0.8 0 0 0 0 0 0 0 0 0 0 0 0 0 0 0 0 0 0 0 0 0 0 0 0 0 0 0.2 0 1.8 0 0 0 0 0 0 0 0 0 0 0 0 1 0.4 0.8 0 0 0 1.2000000000000002 0 0 0 0 0 0 0 0 0 0 0 0 0 0 0.2 0 0 0 0 0 0 0 0 0 0 0 4 0 0 
 0 0.4 0 15.200000000000001 0 0.2 0 0 0 0 0 7.2 0 0 0.6000000000000001 0 0.4 0 0 0 64.4 31 42.6 18.8 14.4 21.8 23.8 0 97.2 27.400000000000002 53.400000000000006 8.4 35.2 13.8 46.2 56 26.200000000000003 71.2 112.80000000000001 8.200000000000001 0 0.6000000000000001 0.6000000000000001 0 0 0 0 0 0 0 0 0.6000000000000001 1.2000000000000002 0 0 0 0 0.6000000000000001 13 0 0 0 0 0 0 0 0.4 0 0 0 0 0 0 0.6000000000000001 0 0 0 0.4 0.2 0 0 0 0 0 0.2 0 0 0 0 0 0 0 0 0 0 0 0 0 0 0 0 3.2 4.2 5 4 7.2 0 0.2 1.2000000000000002 3.8000000000000003 6 8.8 0 2.8000000000000003 3.4000000000000004 5.800000000000001 8.8 0 8 0.4 1.6 0 0.4 0 0 0 0 0.2 0 0 0 0 0 1.4000000000000001 0.2 0 0 0 0 4.800000000000001 0 0 0 0 0 0 0 0 0 0 1.8 0 0 0 0 0 0 0 0 0 1 0 0 0 0.2 3.2 0 0 0.8 0 0.8 0 0 0 0 0 0 0 0 1.2000000000000002 1.6 3.4000000000000004 3 0.2 3.6 7.4 0.2 4.2 13 2.2 6 3.8000000000000003 3 0.2 0.2 0.2 19.400000000000002 7 0 5.800000000000001 10.200000000000001 0 0 0 0.2 0 0.6000000000000001 0.2 0 0 0 0 0 4 0 0 0 0.2 2.8000000000000003 4.800000000000001 0 0 0 0 0 0 0 0 0 0 0 0 0 0 0 0 0 0 0 0 0 0 0 0 0 0 0 0 0 0 0 0 0 0 2.6 0 0 0 0.4 0.4 0.6000000000000001 0 0 0 0 0 1.6 0 0 0 0 0 0 0 0 0 0 0 0 0 0 2 0 0 0 0 0 0 0 0 
 0 0 0 0.2 0 0 0 1 0.2 0 7.800000000000001 0 0 0 0 0 0 0 0.2 0 9.8 29 97.80000000000001 139.20000000000002 67.8 16.8 9.600000000000001 97.2 0 85 41 8.4 16.400000000000002 21.200000000000003 57.6 32 7 27.400000000000002 16.2 12.4 0 0.6000000000000001 0.6000000000000001 0 0 0 12.600000000000001 0 0 14 1.6 2.6 0.6000000000000001 0 0 0 0 0.6000000000000001 12.4 4 0 0 0 5 0 0 0 0.4 1.2000000000000002 0 0 0 0 0.6000000000000001 0 0 0 0.4 0 0 2 0 0 0 0 0 0 0 0 0 0 0 0 0 0 0 0 0 0 0 0 2.4000000000000004 5.4 4.6000000000000005 2.8000000000000003 2.2 0 0 0 2.6 6.4 6.800000000000001 0 0.8 2.4000000000000004 2 7.800000000000001 0 0 0 2.4000000000000004 0 0 0 0 0 0 0 0 0 0 0 0.2 2.2 0 2 0 0.2 0 3.8000000000000003 0 0 0 0 0 0 0 0 0 0.4 0 0 0 0 0 0 0 0 0 0 1.8 0 1.2000000000000002 0 0 0 0 0 1.2000000000000002 0 0 0 0 0 0 0 0 0 0 0 7.4 5 2 2.6 5.2 7.2 0 0.2 3.4000000000000004 1.6 3.8000000000000003 3 0 0 1.8 0.4 8.4 2 0 0 15.4 3 0 0 0 0 6.800000000000001 0 0 0 0 0 0 0 3.8000000000000003 0 0 0 2.2 10 0.2 0 0 0 0 0 0 0 0 0 0 0 0 0 0 0 0 0 0 0 0 0 0 0 0 0 0 0 0 0 0 0 0 0 3.4000000000000004 0 0.2 2 15.600000000000001 0 4 0.2 0 0 0 0 0 0 0 0 0 0.2 0 0 0 0 0 0 0 0 0 6 0 0 0 0 2.4000000000000004 0 0 0 
 0 0 0 0.6000000000000001 0.4 0 0 0 0 0 0 15 0 0 0.4 1.2000000000000002 0 0 0 0 8.8 15.200000000000001 15.4 61 38.800000000000004 15.8 6.800000000000001 27.400000000000002 85 0 33.2 12.200000000000001 21.6 33.2 96.80000000000001 60.2 41.6 15.200000000000001 14.4 30.8 0 0.8 0.6000000000000001 0.4 0.2 0.6000000000000001 3.4000000000000004 0.8 0.4 4.6000000000000005 0.4 1 41.800000000000004 0.8 0 0.2 0.4 0.8 0.2 12.200000000000001 0.4 0.4 0.6000000000000001 1.8 0 0 0 0.4 0.2 0.6000000000000001 0 0 0 0.4 0 0.6000000000000001 0.8 1 0 0 0 2.4000000000000004 0 0 0 0 0 0 10.8 0 0 0 0 0 0 0 0 0 0 0 0 0.4 4 4 4.2 3.2 0.2 4.2 0.2 6.4 6.6000000000000005 0.2 0 2.4000000000000004 0 11.200000000000001 11 1.2000000000000002 0 0 3.4000000000000004 1.6 0 0 0 0 0 0 0 0 0 0 0.6000000000000001 1.4000000000000001 0.2 0 0 0.4 0 6.6000000000000005 0 0 0 0 0 0 0 0 0 0.4 0 0 0 0 0 0 2.6 0 0 0.6000000000000001 1.4000000000000001 0 0 0 0 1.8 0 0 1 0 4.800000000000001 0 0 0 0 0 0 0 0 1.8 1.8 11.200000000000001 4.800000000000001 1.8 2.6 6.800000000000001 2.8000000000000003 0 6.6000000000000005 4.800000000000001 4.2 0.2 0.2 2 0 0 0.2 13.8 0 5.6000000000000005 0 7.800000000000001 0 0 0 0 0.8 0 0 0 0 0 0 3.8000000000000003 3.6 0 0 0 8.200000000000001 7.800000000000001 0.4 0 0 0 0 0 0 0 0 0 0 0 0 0 0 0 3.8000000000000003 0 0.4 0 0 0 0 0 0 0 0 0 0 0.4 0 0 0 0 1.2000000000000002 0.4 0.4 15.600000000000001 16 0.4 0.2 2.6 0 0 0 0 0 0 0 0 0 0.8 0 0 0 0 0 0 0 3.6 0 1.8 0 0 0 0 0.6000000000000001 0 0 0 
 0.4 0.8 0 0.4 0 17.2 0 0.4 0 0 0 0.2 0 0 0 0.4 0 0 0 0 49.400000000000006 6.800000000000001 30.200000000000003 38 32.4 21 48 53.400000000000006 41 33.2 0 23.400000000000002 9.8 30.200000000000003 42 17.6 28.400000000000002 65 13 7.2 17.400000000000002 0.6000000000000001 0.6000000000000001 0 0 0 7.4 0.2 0 0.4 0 0.6000000000000001 12.4 0 0 0 0 0.6000000000000001 0.4 19.400000000000002 1.2000000000000002 0 0.6000000000000001 1 0 0 0 0 0.8 0 0 0 0 1 0 0 0.6000000000000001 1 0 0 0 1 0 0 0 0 0 0 0 0 0 1.2000000000000002 0 0 0 0 0 0 0 0 0 0 7.2 2 3.6 0 0 4 0 3.4000000000000004 3.8000000000000003 4.2 0 5.2 3.8000000000000003 3.4000000000000004 4.800000000000001 0 0 0 2.4000000000000004 3.8000000000000003 0 0 0 0.4 3.2 1.4000000000000001 2.2 1.6 0 0 0.4 6 0 0 0 0 2.2 2.8000000000000003 0 0 0 0 0 0 0 0 0 0 0 0 0 0 0 0 0 0 0 0.4 0 0 0 0 0 0 0 4.800000000000001 0 0 0 1.8 0 0 0 0 0 0 0.2 2.4000000000000004 1.8 4 0 0.8 7.4 2.4000000000000004 1.8 3.6 0.2 0 0 3.4000000000000004 0 0 4.6000000000000005 0 4 3.6 0 0 7 5.4 0 0 0 0 3.2 0 0.2 0 0 0 0 3.2 3.4000000000000004 3.6 0 0 3 0.8 0 0 0 0 0 0 0 0 0 0.2 0 0 0 0 0 0 0 0 0 0.4 0 0 0 0 0 0 0 0 0 0 0 0 0 0 5.2 0 0.2 15 15 0 1 0.2 0 0 0 0 0 0 0 0 0 0 0 0 0 0 0 0 0 0 0 1.8 0 0 0 3 0.4 0 0 0 
