 0 62 16.400000000000002 12.4 9 11.8 32.800000000000004 33.4 6.2 70.2 9.8 10 77.80000000000001 34 43.6 24.400000000000002 50.800000000000004 26.6 69.8 27.200000000000003 0 0 0 0.4 0 0 0 0.4 0 0 0 0 0 0 0 13.200000000000001 0.4 0 0 0 0.4 0.6000000000000001 0.4 0 0 6.2 0 0.6000000000000001 0.4 0 0 0.8 0 0 0.6000000000000001 0 0 0 0.6000000000000001 0 0 0 0.2 0 0.4 0 0.6000000000000001 0 0 0 0.6000000000000001 0 0 0 0.4 0 0 0 0 0.2 0.8 0 0 5.6000000000000005 0 0 10.4 2.6 0 1.8 6 7.2 2.6 1.4000000000000001 2.4000000000000004 2 3.6 0 0.2 1 0 0 0 0 0 0 0 0 0 0 0 0 0 0 0 0 0 0 0.2 0 0 0 0 0.4 0 0 0 0 0 2.6 0 0 0 0.2 0 0 0 0 0 0 0 0 0 0 0 0 0 0 0 0 0 0 4.2 0 0 0 0 0 0 0.8 7.800000000000001 9.200000000000001 1.2000000000000002 0 0 0 5.800000000000001 0.2 2.8000000000000003 0 0 2.2 8.4 0 2.2 5.6000000000000005 3.8000000000000003 0 2.6 11 0 0 0 0 0 0 0 0 0 0 0.2 0 0 0 0 0 0 0 0 0.4 0 0 0 0 0 0 0 0 0 0 0 0 0 0 0 1.8 0 0 0 0 0 0 0 0 0 0 0.2 0 0 0 0 0 0 2.2 0 0 0 0 0 0 0 3.4000000000000004 0 0 0 0.4 0 0 0.4 0.4 0.2 0.8 0 0 0 0 0 0 0 0 0 0 0 0 0 0 0 0 0 0 0 0 0 0.2 0 0 0 0.2 0 0 0 0 0 0 0 0 0 0 0 0 
 62 0 66.60000000000001 67.4 26.6 8.8 31.400000000000002 42.800000000000004 36.4 15.600000000000001 11.600000000000001 18 52.800000000000004 69.8 33.800000000000004 25 36.800000000000004 9.8 11.200000000000001 38.400000000000006 0 0 0.8 0 0 1 0 0.8 0 0 0.4 1.2000000000000002 0 1.2000000000000002 14.8 0.4 0.4 1 0.4 0.2 0.4 1.2000000000000002 0.2 0 1 0.4 0 0.6000000000000001 0 1.2000000000000002 1 0.6000000000000001 0 0.4 0.6000000000000001 0.4 1 0 0.6000000000000001 0 0 0 0 0.4 0.4 0 0.8 1 0 0 1 0 0.6000000000000001 0 0.4 0 7.4 0 0 0 2 2.2 2.2 6 0 0 6.2 1.8 0 5 5.800000000000001 0 1.8 0 4.6000000000000005 0.4 1.6 2.6 0 0.4 0 0 0 0 0 0 5 5 0 0.2 0 0 4 0.2 0 2 0 0.4 2.4000000000000004 2 0 0 0 0 0 0 0 0 0 0 4.800000000000001 0 0 0 0 0 7.4 0 0 0 3.8000000000000003 0 0 0 0 0 0 0 0 0 0 0 0 0 0 0 0 0 0 0.8 7.2 0 3.6 8.6 0 0.2 0 5.800000000000001 3.6 0 3.6 11 0 1.4000000000000001 2 6.6000000000000005 0 3.6 5 6.2 0 0 0 0.4 0 0 0 0 0 0 0 5.4 2.8000000000000003 3.8000000000000003 0 0 0 0 1.8 0 2 0 0 0 0 0 0 0 0 0 0 0 0 0 0 0 0 0 0 0 0 0 0 0 0 0 0 0 0 0.2 0 0 0 0 0 0 0 0 0 0 0 2.8000000000000003 0 0 0 0.4 0.6000000000000001 0 0.8 9.200000000000001 2.4000000000000004 3.4000000000000004 0.2 0 0.4 0 0 0.4 0 0 0 0 0 0 0 0 0 0 0 0 0 0 0 0 0 3.6 2.2 0 0 0 0 0 0 0 0 0 0 0 0 0 
 16.400000000000002 66.60000000000001 0 37.4 69.60000000000001 94 13 21.400000000000002 47.800000000000004 29.200000000000003 52.800000000000004 5 64.2 10.200000000000001 27.6 63 12 46.6 6.6000000000000005 6.4 17.8 0 0 0.4 0 0.4 0.6000000000000001 1 0.2 0.4 0 0 0 17 0 0 1 0 0.6000000000000001 17.8 0.4 0.6000000000000001 0 15.4 0 0 0 0.6000000000000001 0 0 0 0.8 0 15.600000000000001 1.4000000000000001 0 0.2 0 0.6000000000000001 0 0 0 0 8.8 1 0 2.2 2.2 0 0 0.4 0 0 0 1 0 0 0 0 0 0 5 1.6 3.2 0.8 6.2 3.4000000000000004 0 3.4000000000000004 3.6 2 5.800000000000001 0 0 7.6000000000000005 0 5.4 3.8000000000000003 0 0 0.2 0 1.2000000000000002 0 0 1.4000000000000001 3 0 0 0 0 0 4.2 0.2 3.8000000000000003 0.2 0 0 10.4 9 0 0 0 0 0 0 0 0 0 0.2 0 0 0 0 0 0 0 0 0 0 0 0 0.4 1.2000000000000002 0 0 0 0.4 0 0 0.2 3.4000000000000004 0 0 0 0 0 1.2000000000000002 0 0 2.4000000000000004 0 6.4 7.4 1 0 0.2 2 1.4000000000000001 10 11.600000000000001 3.2 0 1.6 6 6.4 0 3.8000000000000003 0 0 5.4 0 0.4 0 0.4 0.4 5.6000000000000005 0 0 0 0 0 5.4 0 0 0.2 0 2 3.6 8 0 0 0 0 0 0 0 0 0 0 0 0 0 0 0 0 3.8000000000000003 0 0 0 0 0 0 0 0 0 0 0 0 0 0 0 0 0 0 0 0 0 0 0 0 4.6000000000000005 0 0 0 0.2 0.2 0 0.6000000000000001 10 0 1.4000000000000001 0 0 0 0 0 0 0 0 0 0 2 0 0 0 0 0 0 0 0 0 0 0 0 0 0 0 0 0 0 0 0 0 0 0 0 0 0 0 
 12.4 67.4 37.4 0 34.2 5.6000000000000005 54.6 12 55.2 63.800000000000004 28 28.8 58.800000000000004 46 8 23.6 66.4 32.6 9.4 15.600000000000001 6.2 0 0 0 0 0.4 0 15.4 0.2 0 0 0 0 13.600000000000001 0 0 0.4 0.2 0.2 0.8 0 0.6000000000000001 0.4 0 0 0 0 0.6000000000000001 0 0 0 0.8 0 0 1 0 0 0 1 0 0 0 0 0 0.4 0 0.6000000000000001 1 0 0 0.6000000000000001 0 0 0 0.4 0 6.800000000000001 0 0 0 3.2 3.6 4.2 5.4 5.800000000000001 8.6 5 1.8 1.8 2.8000000000000003 2.4000000000000004 2.4000000000000004 0 2.4000000000000004 7 0 5 3.8000000000000003 0 10 0 0 4 0 0 0 0 0 0 0 1.8 0 3.2 0 0 0.4 0 0 2.8000000000000003 0.2 0 0 0 0 0 0 0 0 0 2.2 0 0 0 0 0 0.4 0 0 0 0 0 0 0 1.2000000000000002 0 0 0 0 0 0 0.2 0.6000000000000001 0 0 0 0 5 1.2000000000000002 0 0 0 3.6 0 9 2.6 0 3.6 3.8000000000000003 0 0 22.200000000000003 6.6000000000000005 0 2.6 0 8 0.2 6.2 0 5 5.2 0.4 0 0 0 0 2.2 0 0 0 0.4 0 1.8 0 0 0 0 0 5.6000000000000005 0 0 0 0 0 0 0.2 0 0 0 0 0 0 0 0 0 0 0 0 0 0 0 0 0 0 0 0 0 0 0 0 0 0.4 0 0 0 0 0 0 0 0 0 0.2 0 0 0 0 17.8 0 0 0.4 0.6000000000000001 1.8 0.2 0.4 0 0 0 0 0 0 0 0 0 0 0 0 0 0 0 0 0 0 0 0 0 6.6000000000000005 0 0 0 0 0 0 0 0 0 3 0 0 0 0 
 9 26.6 69.60000000000001 34.2 0 33.2 8 63.6 15.200000000000001 18.8 45.6 62.400000000000006 20.200000000000003 104.60000000000001 44.400000000000006 49.400000000000006 12.200000000000001 14.4 51.800000000000004 15.600000000000001 18.400000000000002 0 0.2 0 0 0 0 3.8000000000000003 0 0 0 0.4 15.200000000000001 19.400000000000002 0 0 0.6000000000000001 0 15.200000000000001 0.2 0.4 0.6000000000000001 0 0 0 0 0 0.6000000000000001 0 0 0 0.6000000000000001 0 0 0.8 0 0 0 0.6000000000000001 0 0 0 0 0 0.6000000000000001 0 1.2000000000000002 0.4 0 0 0.4 0 0 0 0.6000000000000001 0 0.4 0 0 0 0 2.2 2.4000000000000004 0 2.8000000000000003 3 3.8000000000000003 0 4.4 1.8 2.2 0 0 0 3.4000000000000004 0 0.2 5.4 0 0 5 0.2 0.4 0 0 0 1.2000000000000002 2.8000000000000003 0.6000000000000001 0 1.8 1.6 1.6 0 1.6 5.800000000000001 0 0.2 2.8000000000000003 2.6 0 0 0 0 0 0 0 0 0 0 0 0 0 0 0 0 2.4000000000000004 0 0 0 0 0.4 0 0.6000000000000001 0 0 0 0 0 0 1.4000000000000001 0 0 0 0 0 0 0 0 0 5.800000000000001 0 3 3.8000000000000003 2 2 0 2.2 3.4000000000000004 17.400000000000002 10 1.8 0 4.4 7.2 9.600000000000001 0 5 0 0 4.6000000000000005 3 0 4 0 0 0 1.4000000000000001 0 0.4 2.4000000000000004 0 16.400000000000002 4.4 0 3.8000000000000003 0.6000000000000001 0 7.6000000000000005 1.6 1.8 4 0 0 0 0 0 0 0 0 0 0 0 0 0 0 0 0 0 0 0 0 0 0 0 0 0 0 0 0 0 0 0 0 0.4 0 0 0 0 0 0 3 0 0 0 0 10 0 2 1.2000000000000002 0 2.4000000000000004 0 0 0 0 0 0 0 0 0 0 2.4000000000000004 0 0 0 0 0 0 0 0 0 0 0 0 0 2.4000000000000004 0 0 0 0 0 0 0 0 0 0 0 0 0 
 11.8 8.8 94 5.6000000000000005 33.2 0 51.800000000000004 93.4 8.4 14 17.400000000000002 12.4 23.8 8.200000000000001 51.6 14 12 29.6 23.6 11.200000000000001 16.400000000000002 58 15.200000000000001 0 0 0.2 4.6000000000000005 25.400000000000002 15.8 0.4 0.4 0 15.8 30.8 15.600000000000001 14.8 0.4 15.600000000000001 4 23.400000000000002 0.4 0.6000000000000001 0.6000000000000001 0 0 0 0 0.6000000000000001 0 0 0 0.6000000000000001 0 0 2.2 0 0 0 0.6000000000000001 1.2000000000000002 5.800000000000001 0 0.4 0.8 0.4 0 0.6000000000000001 0 0.8 0 0.6000000000000001 0 0 0 0.4 0.4 0 0 0 0 0 0 0 3 0.2 2.8000000000000003 0 0 0 0 0 3.8000000000000003 0 0 0 0 0 0 0 0 22.6 8.6 0.4 4 4 0 4.2 1.6 10.4 0 1.8 1.4000000000000001 5 0 11.200000000000001 2.4000000000000004 0 2 0.2 7.800000000000001 0 0 0 0 0 0 0 0 0 0 0 3 0.4 0 0 0 0 0 0 0 0 0 0 2.8000000000000003 0 0 0 0 0 0.2 0.8 3.4000000000000004 1.4000000000000001 0 0 0 0 0 0 0 0 0.2 0 1 2 3.2 0 0 0 0 0 0 0 0 0 0 0 3.2 0 0 3.8000000000000003 2.6 8.200000000000001 5.800000000000001 0 0 10.4 7.2 0.2 0 0 0 0 4 4.6000000000000005 2 10.8 8.200000000000001 6.2 0.6000000000000001 0 0 0 0 0 0 0.4 0 0 0 0 0 0 0 0 0.2 0 0 0 0.2 0 0 0 0 0 0 0 0 0 0 0 0 0 0 0 0 0 0 0 0 0 0 0 0 0 0.4 0.4 0 0.2 0.2 0.2 0.8 0.8 0 0 0 0 0 14.8 0 0.2 0 0 0 0 0 2.2 0 0 0 0 0 0 0 0 0 0 0 0 0 0 0 0 0 0 0 0 0 0 0 
 32.800000000000004 31.400000000000002 13 54.6 8 51.800000000000004 0 47.800000000000004 29.200000000000003 25.400000000000002 7.800000000000001 48 24.400000000000002 44.800000000000004 48.400000000000006 15.4 25.200000000000003 15.4 11.4 12.8 0 0 0 0 0 0.2 0 0.4 0.4 0.2 15 0.6000000000000001 0 0 0 0 0.4 0.2 0 0 0.4 0.6000000000000001 0.4 5.800000000000001 0 0 0 0.6000000000000001 0 0 0 0.6000000000000001 0 0 0.8 0 0 0 0.6000000000000001 0 0 0 0 0 0.4 0 0.6000000000000001 1.8 0 0 0.6000000000000001 0 0 0 0.4 0 6.6000000000000005 0 0 0 1.8 3 3.4000000000000004 0.6000000000000001 0 0 4.4 2.6 2 9.600000000000001 0 3.8000000000000003 3 14.4 12.200000000000001 2 5.6000000000000005 8.8 0.4 11 0 0 0 0 0 0 0 0 0 0 0 0 0 0 0 0 0 0 0 2 0 0.4 0 0 0 0 0 0 0 0.2 0 0 0 0 0 0 5.4 0 0 0 0 0 0 0 0 0 0.8 0 0 4.2 0 0 0 0 0 0 0 0 0 0.4 0.8 3.4000000000000004 4 3.6 0 0.2 4.2 4 3.8000000000000003 0 3.4000000000000004 5.2 2 5 0 9.8 5.2 12.600000000000001 0 4.2 0 0 0.4 0 0 0.2 0 0 0 0 0 0 0.2 0 0 0 0 0.4 3.6 1.4000000000000001 1.4000000000000001 0 0 0 0 1.4000000000000001 0 0 3.4000000000000004 0 0 0 0 0 0 0 0 0 0 0 0 0 0 0 0 0 0 0 0 0 0 0 4.2 0 0 0 0 0 0 0 0 0 0 0 0 0 0.4 0 0.2 1 2.2 0.4 0 0 0 0 0 0 0 0 0 0 0 0 0 0 0 0 0 0 0 0 0 0 0 4.4 5.800000000000001 7 0 0 0 0 0 0 0 0.2 0 0 0 0 
 33.4 42.800000000000004 21.400000000000002 12 63.6 93.4 47.800000000000004 0 31.400000000000002 11.8 26.8 49.800000000000004 89.80000000000001 99 74.8 27.8 27.200000000000003 25.8 29.400000000000002 46.400000000000006 0 0 0 0 0 0.4 0.4 0.4 0 0 0 0 0 0 0 0 0.4 0 0 0 0.4 1 0 0 10.200000000000001 0 0 1 0 0 0 0.6000000000000001 0 0 1 0 0 0 0.6000000000000001 0.6000000000000001 0 0.2 0 0 0.6000000000000001 0 0.6000000000000001 0 0 0 0.4 0 0 0 0.6000000000000001 1.2000000000000002 0 0 0 9.600000000000001 3.8000000000000003 8.6 0.4 4.800000000000001 3.4000000000000004 0 7 5.2 2.8000000000000003 2 3.8000000000000003 1.2000000000000002 2.6 3.8000000000000003 0 2.2 0 2.2 0 3.2 0 0 0.4 0 0 0 0 0 0 0 0 0 0 0 0 0 0 0 0 3 0 0 0 0 0 0 0 0 0.2 0.4 0 0 0 0 0 0 0.4 0 0 0 0 0 0 0 0.4 0 0 0 4.2 0 0.2 0 0 0 0 4.4 0 0 0.2 0 0 7.4 4.2 0 0 0 1.6 8.6 5.2 0 0 0 12.8 3 4.2 0 5.4 3.6 1.2000000000000002 0 0 0 0 0 0 0 0 0 0 0 0 0 0 0 0 0 0 0 0 0 0 0 0 0 0 0 0 0 0 0 0 0 0 0 0.4 0 0 0 0 0 0 0 0 0.2 0 0 0 0 0 0 0 0 0 0 0 0 0 0 0 0 0 0 0 0 0 0.2 0.4 0 0.8 17.8 0.4 2.2 2.4000000000000004 0 0 0 0 0 0 0 0 0 0 0 0 0 0 0 0 0 0 0 0 0 0 3 0 0 0 0 0 0 0 0 3.2 0 0 0 0 0 
 6.2 36.4 47.800000000000004 55.2 15.200000000000001 8.4 29.200000000000003 31.400000000000002 0 56.6 8.8 24.8 20.400000000000002 23.200000000000003 13.4 52.2 56.6 56.6 10.8 77 0.2 0 0 0 0 0.6000000000000001 15 25.8 0 0 0 0 0 0.4 0 0 0.4 0 0 5 0.4 0.6000000000000001 0.4 0 0 0 0 0.6000000000000001 0 0 0 0.8 0 0 0.6000000000000001 0 0 0 0.6000000000000001 0 0 0 0 7 0.6000000000000001 0 1.8 0 0 0 0.4 0 0 0 0.6000000000000001 0 0 9.200000000000001 0 7 2 5.800000000000001 2.4000000000000004 7.6000000000000005 2.8000000000000003 0.8 5 4.6000000000000005 3 3.6 1.8 0 0 2.8000000000000003 7 4 7.2 0.2 0 6.6000000000000005 0.2 0.2 2.2 0 0.4 0 0 0 0 0 0.2 0 2.8000000000000003 3.8000000000000003 0 0.4 0 0 4.2 0.2 0 0 0 0 0 0 0 0 0.4 2.2 0 0 0 0 0 0 0 0 0 0 0 0 0 1.8 0.2 0 0 1.2000000000000002 0 0 0 1 0 0.2 0 0 0 1 0.4 0 0 4 0 3 3.6 3.2 2.2 4 0 3 6.2 0 0 1 0 7 0 0 0 5.6000000000000005 0 0 0 0 0 0 2.4000000000000004 0 0 0 0 0 5.4 0 0 1.8 0 0 0 4 0 0 0 0 0 0 0 0 3 0 0 0 0 0 0 0 0 0.2 0 0 0.4 0 0 0 0 0 0 0 0 0 1.4000000000000001 0 2.2 0 0 0 0 0 0 0 0 0.2 0 0 0.2 0.2 0.2 0 0 18.400000000000002 2.6 1.2000000000000002 0 0 0.2 0 0 0 0 0 0 0 0 0 0 0 0 0 0 0 0 0 0 0 0 0 0 0 0 0 0 0 0 0 0 0 0 0 0 0 
 70.2 15.600000000000001 29.200000000000003 63.800000000000004 18.8 14 25.400000000000002 11.8 56.6 0 77.60000000000001 7.6000000000000005 8.8 23 15.200000000000001 26.6 28.8 89.2 15.4 21.8 0 0 0 0 0 0.4 0 0.4 0.2 0 0.2 0 3.2 12.8 0 0 0.4 0.2 21.6 7.4 0.4 0.6000000000000001 0.6000000000000001 0.6000000000000001 0 0 0 0.6000000000000001 0 0.4 0 0.8 0 0 0.6000000000000001 0 0 0 0.6000000000000001 0 0 0 0.4 8.200000000000001 0.4 0 0.8 0.4 0 0 0.6000000000000001 0 0 0 0.4 0 5.800000000000001 0 0 0 2 3.8000000000000003 1.2000000000000002 5.800000000000001 7.2 1.8 3.4000000000000004 4.4 2.2 2.4000000000000004 0 3.4000000000000004 0 6.6000000000000005 6.4 5 7 2.6 0 4.4 0 0 2.2 0 0 0 0 0 0 0 0 0 2 11.8 0 0 0 0 0 0 0 0 0 0 0 0 0 0 0 7 0 0 0 0 0 0 0 0 0 0 0 0 0 1 0 0 0 0.4 0 0 0 0.4 0 0 0 0 0 0.8 0 9.600000000000001 0 3 0 7.2 0 0.2 1.6 4.6000000000000005 0.2 3.2 2.8000000000000003 1.4000000000000001 0 2 0.4 7.4 1.2000000000000002 2.6 0 2.4000000000000004 0.6000000000000001 3.2 0 0 0 0 0 0 0 0 0 0 4.2 0 4.800000000000001 0 0 0 1.6 2.2 0 0 0 0 0 0 0 0 0 0 0 0 0 0 0 0 0 0 0 0 0 2.4000000000000004 0 0 0 0 0 0 0 0 0 0 0 0 0 0 0 0 0 0 0 0 0 0 0 0 0.4 0.2 0.4 0.6000000000000001 3.6 1.2000000000000002 0 0 0 0 0 0 0 0 0 0 0 0 0 0 0 0 0 0 0 0 0 0 0 1.6 3.2 0 0 0 0 0 0 0 0 0 0 0 0 0 
 9.8 11.600000000000001 52.800000000000004 28 45.6 17.400000000000002 7.800000000000001 26.8 8.8 77.60000000000001 0 14 29.400000000000002 5 14.8 60 38.6 48.6 7.2 24.200000000000003 14.8 0 0 0 0 0 0.2 13 0 0 0 0 0 19 0 0 1.4000000000000001 0 47 21.400000000000002 0.4 0.6000000000000001 0 0 0 0 0.2 0.6000000000000001 0 1.2000000000000002 0.2 0.6000000000000001 0 0 0.6000000000000001 0 0 0 0.6000000000000001 0 0 0 0 0 0.6000000000000001 0 0.6000000000000001 0 0 0 0.4 0 0 0 1.4000000000000001 0 0.4 0 0.6000000000000001 0 0 0.2 0 0.2 3.2 10 0 2.2 2 2 2 6.4 0 1.6 0 0 0 0 0 0 4.2 0 0.2 0 0 0 6 6 0.2 0 0.8 0.2 1.2000000000000002 4 3.6 3.8000000000000003 0 0 0 3.8000000000000003 0 0 0 0.4 0 0 0 0 0 0 0 0 0 0.2 0 0 0 0 0 0 0 0 0 1.2000000000000002 0 0 0 0 0 0 0.8 0.2 0 0 0 3.2 0 0.8 0 0 0.6000000000000001 0 0 5.6000000000000005 2 0 0 1.4000000000000001 0 0.2 3 3.8000000000000003 0 2 3.6 0 0 3.2 2.6 0 11 7 0 0 0 0 2 2 0 0 1.8 0 7 0 5 0 2 0 5.2 1 0 0 0 0 0 0 0.6000000000000001 0 0 0 0 0 0 0 0 0 0 0 0 0 0 0 0 0 0 0 0 0 0 0 0 0 0 0.4 0 0 0 0 0 0 0 0 0 0 0 0 12 0 0.2 0 0 1.2000000000000002 0.8 0 0 0 0 0 0 0 0 0 0 0 0 0 0 0 6.6000000000000005 0 0 0 0 0 0 2.6 2.8000000000000003 0 0 0 0 0 0 0 0 0 0 0 0 0 
 10 18 5 28.8 62.400000000000006 12.4 48 49.800000000000004 24.8 7.6000000000000005 14 0 48 48 27.8 10.8 17 33.4 5.800000000000001 47.400000000000006 14.8 0.2 0 0 0 0 4 12.4 0 0 0 0 23.200000000000003 15 0.4 0 0.4 0 42 6.6000000000000005 0.4 0.6000000000000001 0 0 0 0 0 0.8 0 0 0 0.6000000000000001 0 0 0.6000000000000001 0 0 0 0.6000000000000001 0.6000000000000001 0 0 0 0 0.6000000000000001 0 0.6000000000000001 0 0 0 0.4 0 0 0 0.6000000000000001 0 0 0 0 0 0 2.4000000000000004 0 0 4 10 0 1.4000000000000001 0 0 0 3.8000000000000003 0 0 0 0 2.8000000000000003 0 0 0 7 0 3.6 0 0 0 12 12.4 0 0 1 0 2.2 0 5.800000000000001 5.6000000000000005 0 0 1.6 2.8000000000000003 0 0 0 0 0 0 0 0 0 0 0 0 0 0 0 0 0 0 0 0 0 0 0 0.6000000000000001 0 0 0 0 0 0 1 0 0 0 0 0 0 0.4 0 0 1.4000000000000001 0 3 6.2 2.8000000000000003 2 0 5.2 3 2.2 3.2 0.6000000000000001 0 0 0 0 0 3.4000000000000004 0 0 14.200000000000001 8.6 0 0 0 0 2.6 0 0 0 2 0 6.800000000000001 0 0 2.2 0 0 3.2 0.6000000000000001 0 0 0 0 0 0 0 0 0 0 0 0 0 0 0 0 0 0 0 0 0 0 0 0 0 0 0 0 0 0 0 1.2000000000000002 0 0 0 0 0 0 0 0 0 2.6 0 0 0 0.8 0.8 0.4 0 0.8 1.2000000000000002 2.2 0 0 0 0 0 0 0 0.4 0 0 0 0 0 0 0 0 0 0 0 0 0.4 0 0 0 4.6000000000000005 0 0 0 0 0 0 0 0 0 0 0 0 0 
 77.80000000000001 52.800000000000004 64.2 58.800000000000004 20.200000000000003 23.8 24.400000000000002 89.80000000000001 20.400000000000002 8.8 29.400000000000002 48 0 34.800000000000004 53.2 5.2 8.8 24 83.80000000000001 52.800000000000004 0 0 0 0.2 0 0.4 0.2 1 0 1.4000000000000001 0 0 0 0 0 0 0.4 0.4 0 0 0 0.6000000000000001 0.8 0.4 0 0.8 0 1.2000000000000002 0 0.4 0 0.6000000000000001 0 0 0.6000000000000001 0 0 0 0.6000000000000001 0 0.2 0 0.8 0 0.4 0 0.6000000000000001 0 0 0 0.6000000000000001 0 0 6.2 0.4 0 0.8 9 0 0.6000000000000001 2 0 0 2.2 0 0 8 3.4000000000000004 1 0 3.8000000000000003 1.6 4.2 8.200000000000001 3.6 0 0 3.4000000000000004 4 2 0 0 0 0 0 0 0 0 0 0 0 0 2.2 0 0 0 2.6 0 0 1.8 0 0.2 0 0 0 0 0.4 0 0 0 0 0 0 0 0.4 0 0 0 0 0 0.2 0 0 0 0 0 0.2 0 0 0 0 0.4 0 2.4000000000000004 0 0 0 0 0.4 0 0.6000000000000001 2.8000000000000003 0 0 0 0 0 2 0 0 0 0 0 0.2 4 0 0.4 0 5.2 0 0 0 0 0 0 0 0 0 0 0 0 0 0 0.2 0 0 0 0 0 0 0 0 0 0.2 0 0 0 0 0 0 0.2 0 3.8000000000000003 0 0 0 0 0 0 0 0 0 0.4 0 0 0 0 0 0 0 0 0 0 0 0 0 0 0 0 0 0 0 0 0 0 0 0 0 0.2 0.4 0 2.6 3 0 0.2 0 0 0 0 0 0 0 0 0 0 0 0 0 0 0 0 0 0 0 0 0 0 0 0 0 0 0 0 0 0 0 0 0 0 0 
 34 69.8 10.200000000000001 46 104.60000000000001 8.200000000000001 44.800000000000004 99 23.200000000000003 23 5 48 34.800000000000004 0 77.2 17.6 29.200000000000003 7.4 23.200000000000003 21 0.8 0 0 0 0 0.8 0 0.4 0.6000000000000001 0 0 0 0 0 0 0 0.4 0 0.8 0 0.4 1.8 1.4000000000000001 0 0 0 0 1 12.600000000000001 0 0 0.6000000000000001 0 0.8 0.6000000000000001 0 0 0 0.6000000000000001 0 1.2000000000000002 0 1.2000000000000002 0.8 1.2000000000000002 0 0.8 0.4 0 0.4 0.6000000000000001 0 0 0 0.4 0 6.6000000000000005 0 0 0 4.4 2.8000000000000003 0.4 3 0 0 2.8000000000000003 2.2 0 2.4000000000000004 1.2000000000000002 8.4 6 8 6.2 1.8 6.2 9 3.4000000000000004 4.4 0 0 0 0 0 0 0 0 0 0 0 0 0 0 0 0 0 0 0 1.4000000000000001 0 0 0 0 0 0 0 0 0 0 0 0 0 0 0 0 2 0 0 0 0 0 0 0 0 0 0 0 0 0 13.8 0 0 0 0 0 0 0 0 1.2000000000000002 2.2 2.4000000000000004 3.6 3.8000000000000003 0 0.2 0.2 5.6000000000000005 2.2 0.2 2.8000000000000003 3.6 3.6 2.8000000000000003 0.4 7.800000000000001 5 9.600000000000001 3 3.4000000000000004 0 0 0 0 0 0 0 0 0 0 0 0 0 0 0 0 0 0 1.6 0 4 0 0 0 0 0 0 3.4000000000000004 0 0 0 0 0 0 0 0 0 0 0 0 0 0 0 0 0 0 0 0 0 0 0 0 0 0 0 0 0 0 0 0 0 0 0 0 0 0 0 0 1.4000000000000001 0.6000000000000001 5.4 2 0 0 0 0 0 0.2 0 0 0 0 0 0 0 0 0 0 0 0 0 0 0 0 0 3.4000000000000004 2 2.8000000000000003 0 0 0 0 0 0 0 0 0 0 0 0 
 43.6 33.800000000000004 27.6 8 44.400000000000006 51.6 48.400000000000006 74.8 13.4 15.200000000000001 14.8 27.8 53.2 77.2 0 32.800000000000004 24.400000000000002 9.200000000000001 13.600000000000001 86.2 0 0 0 0.2 0 0.2 0 0.6000000000000001 0 0 0 0 0 0 0 0 0.4 0 0 0 0.4 0.6000000000000001 0.2 0 0 0 0 0.6000000000000001 0 0 0 0.6000000000000001 0 0 1 0 0 0 0.6000000000000001 0 0 0 8.6 0 0.6000000000000001 0 0.6000000000000001 0 0 0 0.4 0 0 0 0.6000000000000001 0 0 0 0 0 2.6 3 0.4 3.2 0 0 5.6000000000000005 3.8000000000000003 0 2.4000000000000004 8.4 0 7 4 5 1.6 0 4 0 2 0 0 0.4 0 0 0 0.2 0 0 0 0 0 4.2 0 0 0 0 0 0 3 0 0 0 0 0 0 0 0 0.2 0.2 0 0 0 0 3 0 2.8000000000000003 0 0 0 0 0 0 0 0.4 0 0 0 0 0 0 0 0 0 0 0 0 0 0.2 1 8.6 2.8000000000000003 5.6000000000000005 0.2 0 2 2.8000000000000003 1.6 4.2 3.6 2.2 7.4 2 0.8 13.200000000000001 2.8000000000000003 2.6 0 3.4000000000000004 1.8 0.2 0 0 0 0 0 0 0 0 0 0 0 4.2 0 0 0 0 5.6000000000000005 0 0 2.4000000000000004 0 0 2 0 0 0 0 0 0 0 0 0 0 0.4 0 0 0 0 0 0 0 1.4000000000000001 0.2 0 0 0 0 0 0 0 0 0 0 0 0 0 0 0 0 0 2.8000000000000003 0 0 0 0 0.8 0 10.600000000000001 0 0 2.8000000000000003 0 0 0 0 0 0 0 0 0 0 2.8000000000000003 0 0 0 0 0 0 0 0 0 0 0 0 0 2.4000000000000004 0 0 0 0 0 0 0 0 0 0 0 0 0 
 24.400000000000002 25 63 23.6 49.400000000000006 14 15.4 27.8 52.2 26.6 60 10.8 5.2 17.6 32.800000000000004 0 19.400000000000002 27 10 14.8 0 0 0 0 0 0.4 0.6000000000000001 0.4 0 0 0 0 0 1.4000000000000001 0 0 0.4 0.4 0 5 0 0.6000000000000001 0.4 0 0 0 0 0.6000000000000001 0 0 0 0.8 0 0 0.6000000000000001 0 0 0 1.8 0 0 0 0 6 0.4 0 1.4000000000000001 0 0 0 0.6000000000000001 0 0 0 0.4 0 0 0 0 0 1.8 0.6000000000000001 3.6 2.8000000000000003 0 2.2 4.4 1.6 0.2 3.8000000000000003 3.6 3 3 6.800000000000001 9 1.8 11.4 5.2 0 5 1.8 0 2.4000000000000004 0 0 0 0 0 0 0 0.2 0 2 2.2 0 0 0 0 2.6 1.8 0 0 0 0 0 0 0 0 0 2.4000000000000004 0 0 0 0 0 0 0.2 0.2 0 0 0 0 0 0.4 0 0 0 2.6 0 0 0 0.8 0 0 0 0 0 3.4000000000000004 0 0 0 2 3 0.4 2 3.4000000000000004 2.6 0 0 7.2 11.4 0 0.2 2.4000000000000004 2.6 6.800000000000001 1.6 0 0 2.6 0 0 0 0 0 0 0 0 0 0 0 0 3.2 2.4000000000000004 0 0 0 0 0.2 6.6000000000000005 1.6 0 0 0 0 0 0 0 0 0 0 0 0 0 0 0 0 0 0 0 0 0 0 0 0 0 0 0 0 0 0 0 0 0 0 0 0 0 0 0 0 0 0 0 0 0 0.2 0 19.8 19.200000000000003 0 1.6 0 0 0.2 0 0 0 0 0 0 0 0 0 0 0 0 0 0 0 0 0 0 0 0 0 0.2 0 0 0 0 0 0 0 0 0 0 0 0 0 
 50.800000000000004 36.800000000000004 12 66.4 12.200000000000001 12 25.200000000000003 27.200000000000003 56.6 28.8 38.6 17 8.8 29.200000000000003 24.400000000000002 19.400000000000002 0 49.2 91.80000000000001 40.2 0 0 0 0 0 0.4 0 0.4 0 0 0 0 0 0 0 0 0.4 0 0.6000000000000001 0.2 0.4 0.6000000000000001 0.6000000000000001 0 0.4 0 0 0.6000000000000001 0 0.4 0 6 0 0 1 0 0 0 0.6000000000000001 0 0 0 0.2 0 0.4 0 0.6000000000000001 0 0 0 0.6000000000000001 0 0 1 0.4 0 9.8 9.200000000000001 0 0 9.200000000000001 7 8 5.2 2.8000000000000003 0 11 12 7.6000000000000005 9.4 1.4000000000000001 0 1 6.4 4.4 5.4 4.800000000000001 0 0 3.6 0 0 0 0 0.4 0 0 0 0 0 0 0 1.8 2.2 0 0.4 0 0 7.800000000000001 1.2000000000000002 0 0 0 0 0 0 0 0 0.4 0 0 0 0 0 0 0 0 0 0 0 3.8000000000000003 0 0 0 0 0 0 0.6000000000000001 0 0 0 0 0 0 0 0 0 0 0.4 0 0 0 0 4.4 3.8000000000000003 0.2 0 6.6000000000000005 0 0 2.8000000000000003 0 0 5.4 11 3 0 0 0 0.2 0 0 0 0 0 0 0 0 0 0 0 0 0 0 0 0 0 0 2.6 0 0 0 0 0 0.2 0 0 0 0 0 0 0 0 0.2 0 0 0 0.2 0 0 0.4 0 0 0 0 0.2 0 0 0 0 0 0 0 0 0 0 0 0 0 0 0 0 0 0 0.2 0.2 0 0 0.4 0.4 2.2 0.8 2 0 0.4 0 0 0 0 0 0 0 0 0 0 0 0 0 0 0 0 0 0 0 0 2.2 0 0 0 0 0 0 0 0 0 0 0 0 0 0 
 26.6 9.8 46.6 32.6 14.4 29.6 15.4 25.8 56.6 89.2 48.6 33.4 24 7.4 9.200000000000001 27 49.2 0 11 17.400000000000002 0 0 0 0 0 0 0 0.4 0 0 0.2 0 0 14.600000000000001 0 0 0.4 0 0 31.6 0 0.6000000000000001 0 0 0 0 0 0.6000000000000001 0 0 0 25.6 0 0 0.6000000000000001 0 0 0 0.6000000000000001 0 0 6.800000000000001 0 10.200000000000001 1 0 0.6000000000000001 0 0 0 0.4 0 0 0 0.6000000000000001 0 1.2000000000000002 0 0 0 0 8.6 1.8 2.8000000000000003 0 1 0 3.8000000000000003 4.6000000000000005 0.2 0 12 0 8.4 3 3.2 5.800000000000001 0 0 4.2 6.800000000000001 0 0 0 1.6 0 2 0 0 0 0 0.2 0 4 3.2 0 0 0.2 6.4 2.6 0 0 0 0 0 0 0 0 0 2.4000000000000004 0 0 0 1.8 0 0 0 0 0 0 0 0.4 0 0 0 0 0 5.800000000000001 0 0 0 0 0 0 0 0 0 0 0.4 0.4 0 2 3.8000000000000003 0.2 3 0 8 3.6 0.4 1.4000000000000001 2 0 1.4000000000000001 2.8000000000000003 3.6 5.800000000000001 1.4000000000000001 3.8000000000000003 2.2 2.8000000000000003 2.6 0 0 0.2 0 0 0 0 0 0.4 0 0 2.8000000000000003 0 3 0 0 0 2.6 7.4 0 0 0 0 0 0 0 0 0 0 0 0 0 0 0 0 0 0 0 0 0 0 0 0 0 0 0 0 0 0 0 0 0 0 0 0 0 0 0 0 0 0 0 0 0 0 0.6000000000000001 0.2 0 0.8 0 0.8 0.6000000000000001 0 0 0 0 0 0 0 0 0 0 0 0 0 0 0 0 0 0 0 0 0 0 3.4000000000000004 0 0 0 0 0 0 0 0 0 0.2 0 0 0 0 
 69.8 11.200000000000001 6.6000000000000005 9.4 51.800000000000004 23.6 11.4 29.400000000000002 10.8 15.4 7.2 5.800000000000001 83.80000000000001 23.200000000000003 13.600000000000001 10 91.80000000000001 11 0 19.400000000000002 0 0 0 0 0 0 0 0.4 0 0.4 0.4 0 0 0 0 0 0.4 0 0.4 0 0 0.6000000000000001 0.2 0 0 0 0 0.6000000000000001 0 0 0 0.6000000000000001 0 0 0.6000000000000001 0 0 0 0.6000000000000001 0 0 0 0 0 0.6000000000000001 0 0.6000000000000001 0 0 0 0.6000000000000001 0 0 0 0.4 0 0 0 0 0 6 0 0 0 0 0 0 0 0 0 0 3.6 1.8 1.4000000000000001 0 1.4000000000000001 4 1.8 4 1.8 0 0 0 0 0 0 0 0 0 0 0 0 0 0 0 0 0 0 0 0 0 0 0 0 0 0 0 0 0 0 0 0 0 0 0.2 0 0 0 0 0 0.2 0 0 0 6.4 0 0.4 0 0 0 0 0 0 0 0 0 0 0 0 0 13.600000000000001 0 0 0 0 0 1 0 0 0 0 0 2.2 0.4 0 0 2.8000000000000003 7.4 0 0 0 0 0 4.4 0 0 0 0 0 0 0 0 0 0.4 0 0 0 0 0 0 0 0 0 0.4 0 3.2 0 0 0 0 0.4 0 0 1.8 0 0 0 0 0 0 0 0 0 0 0 0 0 0 0 0 0 0 0 0 0 0 0 0 0 0 0 0 0 0 0 0.2 0 0.4 0 0 0.2 1.8 0 0 0 0 0 0 0 0 0 0 0 0 0 0 0 0 0 0 0 0 0 0 0 0 0 0 0 0 0 0 0 0 0 0 0 0 0 0 
 27.200000000000003 38.400000000000006 6.4 15.600000000000001 15.600000000000001 11.200000000000001 12.8 46.400000000000006 77 21.8 24.200000000000003 47.400000000000006 52.800000000000004 21 86.2 14.8 40.2 17.400000000000002 19.400000000000002 0 0 0 0 0 0 0 0 0.4 0 0.4 0 0 0.4 0 0.2 0.2 0.4 0 0 7.4 0 0.6000000000000001 8.8 0 0 0 0 0.6000000000000001 0 0 0 13.200000000000001 0 0 0.6000000000000001 0 0.8 0 0.6000000000000001 0 0 0 0 3.2 0.6000000000000001 0 0.6000000000000001 0.6000000000000001 0 0 0.6000000000000001 0 0 0 0.4 0 0 0 0 0.6000000000000001 1.8 0 2 5.6000000000000005 0 0 5 2.2 2.8000000000000003 8.4 2.2 3.2 0.2 3.2 6.6000000000000005 7.6000000000000005 2.6 0 0 0 0 0 0 0 0 0 0 2.2 0 0 0 0 0 0 0 0 0 0 4.2 1.6 0 0.4 0 0 0 0 0 0 0 0 0 0 0 0 0 0 0 0 0 0 0 0 0 0 0 0 0 0 0 0 0 0 0 0 0 0 0 0 0 0.8 2.6 0 0 0 0 0 0 1.6 0.4 0 0 2.2 0 1.4000000000000001 4.4 0 1.4000000000000001 0 8.8 2.4000000000000004 0 0 0 0 0 0 0 0 0 0 0 0 0 0 0 0 0 0.2 0.4 0 0 0 0 0 0 0 0 0 0 0 0 0 0 0 0 0 0 0 0 0 0 0 0 0 0 0 0 0 0 0 0 0 0 0 0 0 0 0 0 0 0 0 0 0 0 0.2 0 0.2 0 0.4 0 0.4 5 0 0 0 0 0 0 0 0 0 0 0 0 0 0 0 0 0 0 0 0 0 0 1.4000000000000001 0 0 0 0 0 0 0 0 0 0.4 0 0 0 0 
 0 0 17.8 6.2 18.400000000000002 16.400000000000002 0 0 0.2 0 14.8 14.8 0 0.8 0 0 0 0 0 0 0 47.6 45.2 14.200000000000001 45.800000000000004 64.4 40.2 56.400000000000006 42.800000000000004 26.6 53.2 41.6 7.800000000000001 66.4 46.2 37 37.4 10.600000000000001 49.400000000000006 19 0.4 0 0 0.4 1 0.4 0 0 0 0 0 0.6000000000000001 0 0 0 0 0 0.4 0 0 0 0.6000000000000001 0 0 0 0 0 0 0 0 0 0.6000000000000001 0.4 0 0 0 0 0 0 0 0 0 0 0 4.4 2.6 0 0 0 0 0 0 0 0 0 0 0 0 0 0 5.800000000000001 3.4000000000000004 3.8000000000000003 0 0 0 0 0 5.6000000000000005 2 5.2 3.8000000000000003 8.4 0 3.8000000000000003 5.800000000000001 0 5.6000000000000005 0 2.6 0 0 0 0 0 0.2 0 2 0 0 0 0 3.4000000000000004 0 0 2.4000000000000004 0 0.2 3.8000000000000003 4.2 0 0 0 1.4000000000000001 0 0 0 0 0 0.4 0.6000000000000001 0.8 0 0 0 0 0 1.2000000000000002 0 0 0 0 0 3.8000000000000003 1.6 0 0 0.4 0 2.2 2.6 0.8 0 0 0 0 0 0 0 0 1.8 2.4000000000000004 5.800000000000001 5.800000000000001 7 0 0 3.2 2.4000000000000004 3.4000000000000004 0.4 6.2 3.2 11.8 2 4.6000000000000005 4.4 7 5.4 1.4000000000000001 0 0.2 0 0 0 0 0 0 1.4000000000000001 0 0 0 0 1.4000000000000001 0 0 0 0 0 1.8 0 0 0 0 0 0 0 0 0 3.6 0 0 0 0 0 0 0 0 0 0 0 0 0 0 0 0 14.8 0 0 0 0 0 0 0 3 0.4 0 15.4 14.8 0 4.6000000000000005 0.4 0 0 0 0 0 0 0 0 0 0 0 0 0 0 0 0 0 1.8 0 3.2 0 0 0 0 0 0 0 0 
 0 0 0 0 0 58 0 0 0 0 0 0.2 0 0 0 0 0 0 0 0 47.6 0 24.8 11.8 13 46 16.2 59.400000000000006 34.800000000000004 42.6 22.400000000000002 39.6 21.200000000000003 9.8 62.6 13.200000000000001 96.2 29 19.6 7.2 0.8 0.6000000000000001 0 0 0.6000000000000001 0.6000000000000001 0 0 0.4 0 0 0 0 0 0.6000000000000001 0 0.6000000000000001 1 14.4 12.8 0 0.4 0 0.4 0 0.6000000000000001 0 0 0.4 0 0 1 0.6000000000000001 0.6000000000000001 0.2 0 0 0.6000000000000001 0 0.2 0 0 0 0 1.4000000000000001 0 0 0 0 0 0 0 0 0 0 0 0 0 0 0 0 6.800000000000001 6 0.2 0 4.6000000000000005 1.4000000000000001 1.4000000000000001 8 3.6 2.2 2.4000000000000004 0 0 2.2 3.6 3.8000000000000003 3.2 0.4 0 0 4.4 0 0 0 0 0 0.6000000000000001 0 0 0 0 2 0 1.4000000000000001 3.6 0 3 4.6000000000000005 7 0 0.4 0 0 0 0.4 0 0 0 0 0 0 0 0 0 4.2 0 0 0 0 0 0 0 0 0 0.2 0 0 0 0 0 0 0 0.6000000000000001 0.4 0 0 0 0 0 2 12.200000000000001 10.4 0 2.8000000000000003 2.6 2 0 3 13.4 2.4000000000000004 2.4000000000000004 0.2 0.2 0 1.2000000000000002 3.2 7 0 0 0 0 0 0 0 4 4.4 2.8000000000000003 0.2 0 0 0 0.6000000000000001 4.6000000000000005 0 0 0 0 1.8 2.6 0 0 0 0 0 0 0 0 0 0 0 0 0 0 0 0 0 0 0.2 0.2 0 0 0 0 0 0 0 0 0.2 0 0 0 0 0 1.2000000000000002 0 0.2 15.600000000000001 11.200000000000001 0.8 0.4 0 0 0 0 0 0 0 0 0 0 0 0 0 0.4 0 0 0 0 1.8 0 0.8 0 0 0 0 0 0 0 0.4 
 0 0.8 0 0 0.2 15.200000000000001 0 0 0 0 0 0 0 0 0 0 0 0 0 0 45.2 24.8 0 40.6 70.60000000000001 22.8 49 23.8 44.2 26.200000000000003 24.200000000000003 5.4 27.400000000000002 25.8 43.2 49.2 30.8 14 7.2 10 0.2 0.4 0 0 1.4000000000000001 0.8 0 0.6000000000000001 0 0 0 0 0 0 0 0.4 0.2 0.4 0 0 0 0.6000000000000001 0 0.4 0 3.4000000000000004 0 0 0 0 0.4 0.6000000000000001 1.2000000000000002 0 0 0 0 0 0 0 0 0 0 0 0 0 0 0 0 0 0 0.4 0 0 0 0.2 0 0 0 0 2.8000000000000003 0.6000000000000001 1.8 1.2000000000000002 1.8 7 2.2 10.200000000000001 0 5.800000000000001 6.6000000000000005 4.6000000000000005 0.2 4.2 1.2000000000000002 4.4 3 3.2 0 6.2 0 0 0 0 0 0.2 0 0 0 0 0 0 6.2 0 0 0 0 0 2 4.4 0 0 0 1.8 0 0 0 0 0 0 0 0 2.4000000000000004 0 0 0 0 0 0 0 0 0 0 0 0 1 0 2.6 0 0 0 1 0 0 0 0 0 1.2000000000000002 0 0 0 4.6000000000000005 3.2 3 10.200000000000001 0 2.2 4.800000000000001 4.800000000000001 22.8 1.4000000000000001 9.600000000000001 2.6 7 2.6 3.8000000000000003 0 3.8000000000000003 0 1.8 0 0 0 0 0 0 0 0 2.2 0 0 0 0 0 0 0 0 0 10.600000000000001 1.6 0 0 0 0 0 0 0 0 0 0 0 0 0 0 0 0 0.4 0 0 0 0 0 0 0 0 0 0 0 0 0 0 0 0 0 4.2 0.4 0 0.2 15.8 0 2.4000000000000004 0 0 0 0 0 0.4 0 0 0 0 0 0 0 0 0 0 0 0 2 0 0 0 0 0 1.8 0 0 0 0 
 0.4 0 0.4 0 0 0 0 0 0 0 0 0 0.2 0 0.2 0 0 0 0 0 14.200000000000001 11.8 40.6 0 22.200000000000003 10.600000000000001 33.6 29.200000000000003 32 36.4 65 20.8 32.6 11.200000000000001 8.200000000000001 25.200000000000003 11.200000000000001 7.6000000000000005 16.6 8.4 4.4 0 0 0 1.4000000000000001 0.4 0 5.2 0 0 0.4 0 0 12 13.8 0.2 0 0.4 1 26.400000000000002 0 0.4 0 0 0 0 0 0 5.2 0 0 0.6000000000000001 0.6000000000000001 0 0 0 0 0.4 0 0 0 0.4 0 0 0 0 0 0 0 0 0 0 1.8 0 0 0 0 0 1.2000000000000002 0 4.4 0 3 9.8 6.800000000000001 3.8000000000000003 0 0.4 0 0.6000000000000001 2.8000000000000003 0 0 0 1.4000000000000001 0 0 1.4000000000000001 0 0 1.8 0 0.2 4.800000000000001 0 0 6.2 1.8 0.2 2.2 0 0 4.2 5.4 11 0 0 0 2.4000000000000004 2 0 0 0 0 0 0 0 0 0 0 2.6 0 0 1.2000000000000002 0 0.6000000000000001 0 0 0 0 3 0 0.4 0 4.6000000000000005 0 2.4000000000000004 0 0 0 1.8 0 0 0 0 0 0 0.8 0 1.8 0 0 0 0 2.8000000000000003 4.2 2.2 0 5 4.6000000000000005 0 9.600000000000001 0.2 0 0 0 0 0 0 0 5 4.6000000000000005 1.4000000000000001 1.6 0 0 0.2 3.6 0.8 0 0 0 5.2 0 0.4 0 0 0 6.4 1.8 0 0 0 0 0 0 0 0 0 0 0 0 0 0 0 0.2 0 0 0 0 0 0 0 0 0 0 0 0 0 0 0 0 0 0 3.6 0.2 0 2.4000000000000004 0 0 0.2 2.2 0 0 0 0 0 0 0 0 0 0 0 0 0 0 0 0 0 0 0 2 0 0 0.2 0 0 4.6000000000000005 0 0 
 0 0 0 0 0 0 0 0 0 0 0 0 0 0 0 0 0 0 0 0 45.800000000000004 13 70.60000000000001 22.200000000000003 0 21.200000000000003 15.200000000000001 47.800000000000004 33.2 35.6 31.8 36 13.600000000000001 12.8 50.400000000000006 29.8 43.6 23 16.2 28.8 0.4 0 0 0 0.6000000000000001 1 0 0 0 0 0 0 0 0 0 0 0 0.6000000000000001 13.200000000000001 0 0 0.4 0 0 0 0 0 0 0 0 0 0.6000000000000001 0.6000000000000001 0 0 0 0 0 0 0 0 0.4 0 0 0 0 0 0 0 0 0 0 0 0 0 0 0 0 0 0 0 3.6 2.4000000000000004 0 2.2 3.6 0 0.6000000000000001 9 4.6000000000000005 2 7.800000000000001 0 1.4000000000000001 0 4.6000000000000005 5.4 2.6 0 0.2 0 0 0 0 0 0 0 0 0 0 0 0 2 0.2 5.4 2.4000000000000004 0 0 4.2 12.8 0 0 0 0 0 0 0.6000000000000001 0 0 0.6000000000000001 0 0 0 0 0 0 0 0 0 0 0 0 0 0 0 0 0 0.4 0 0 0 0 10.8 1.2000000000000002 0 0 0 0 0 0 0 2 9 0 2.6 1.8 0 0.4 0 1.8 1.8 12.8 0.2 4 8.4 3.6 4.800000000000001 8.4 0 0 2.6 0 0 0 0 0 1.6 1.8 0 0 0 0 0.2 9.4 0 0 0 0 7.6000000000000005 6.6000000000000005 0 0 0 0 0 0 0 0 0 0 0 0 0 0 0 0.2 0 0 0 0 0 0 0 0 0 0 0 0 0 0 0 0 0 0 2 0 0.6000000000000001 15.200000000000001 9 0.6000000000000001 0.4 0.4 0 0 0 0 0 0 0 0 0 0 0 0 0 0 0 0 0 1.8 0 1.8 0 0 0 0 0 0 0 0 
 0 1 0.4 0.4 0 0.2 0.2 0.4 0.6000000000000001 0.4 0 0 0.4 0.8 0.2 0.4 0.4 0 0 0 64.4 46 22.8 10.600000000000001 21.200000000000003 0 11.200000000000001 52.2 55 33.800000000000004 37 46.400000000000006 10.8 5.800000000000001 30 24.8 35.6 11.600000000000001 11.600000000000001 7.2 0.2 13 0.2 0 2.4000000000000004 13.600000000000001 14.4 1.2000000000000002 0 0 0.4 0.4 5 15.8 13 0 0.4 14 0.2 43.400000000000006 1.2000000000000002 0.6000000000000001 0 0 0 0.6000000000000001 0 0 0 0.4 0 0.6000000000000001 0.4 0 0 0.4 0.6000000000000001 0 0.8 0 0 0 0 0 0 0 0 0 0 0 0 0 0 0 0 0 0 0 0 0 0 0 0.2 0 4.4 5.4 0 0 3.8000000000000003 0.4 4.4 3.8000000000000003 0 0 1 2.8000000000000003 1.8 3.4000000000000004 0 0 1 0 0 2 0 0 4.2 2.4000000000000004 2.6 2.2 0 0 0 2.4000000000000004 4.2 0 0 0 4.4 2.8000000000000003 0 0 0 0 0 0 0 0.4 0 0 0 0 0.2 0 0 0 0 0 0 0 0 0 0 0 0.8 0 0 0 0 0 0 0 0 0 0 0 2 4 0 0 0 2.6 1.6 0 5 0.4 0 0 4.800000000000001 7.4 1.8 0 0 2.4000000000000004 0 0 0 2 0 0 3.2 0 1.4000000000000001 0 0 3.4000000000000004 0 4.2 1.4000000000000001 0 0 0 4.4 1.8 2.4000000000000004 0 5.800000000000001 0 6.6000000000000005 1.8 0 0 0 0 0 0 0 0 0 0 0 0 0 0 0 0 0 0 0 0 0 0 0 0 0 0 0 0 0 0 0 0 0 0 0.6000000000000001 0 0.2 1 1.8 0 1 0.4 0 0 0 0 0 0 0 0 0 0 0 0 0 0 0 0 0 0 0 2 0 0 0.2 0 0.8 4.800000000000001 0 0 
 0 0 0.6000000000000001 0 0 4.6000000000000005 0 0.4 15 0 0.2 4 0.2 0 0 0.6000000000000001 0 0 0 0 40.2 16.2 49 33.6 15.200000000000001 11.200000000000001 0 23.400000000000002 77.4 13 48.6 26.400000000000002 48.6 15 38.400000000000006 37.2 10 41.800000000000004 23 54.800000000000004 0.4 0 0 0 2.8000000000000003 0.4 0 1 0 0 0 0.4 0 0 0 0 0 0.4 0 0.6000000000000001 0 0.6000000000000001 0 0 0 0 0 0 0 0 0 0.6000000000000001 0.2 0 0 0 0 11.600000000000001 0 0 0 0 0 0 2.6 1.2000000000000002 0 0 0 0 0 0 0 0 0 0 2.4000000000000004 0 0 0 4.2 3.2 5.800000000000001 0 2 2.8000000000000003 2.4000000000000004 13.200000000000001 0 0 1.8 5 7.2 6.4 10.600000000000001 3.4000000000000004 2.4000000000000004 8.8 2.2 1.8 0 0 0.4 0 0 0 0.4 0 0 0 0 0 3.8000000000000003 0 0 0 0 0 2 3.2 0 0 1.8 0 0 0 0 0 0 0.2 0.8 0 1.2000000000000002 0 0 0 0 0 0 0 0 0 0 0 0 8.200000000000001 0 1 0 0 0 0.8 0 0 0 0 0 0 0 0 2.6 3.8000000000000003 2.4000000000000004 5.4 5.800000000000001 0 3.6 8 4.800000000000001 5 2 4.800000000000001 2.6 1 2.6 2.4000000000000004 0 1.8 0 3.2 0 0 0 0 0 0 0 0 6.2 0 0.6000000000000001 0 0.2 0 0 0 0 0 2 0.2 0 0 0 0 0 0 0 0 0 0 0 0 0 0 0 0.2 0 0.4 0 0 0 0 0 0 0 0 0 0 17.400000000000002 0 0 0 0 0 0.4 0.4 0.4 0 20.8 0.4 2.2 0 0 0 0 0 0 0 0 0 0 0 0.4 0 0 0 0 0 0 0.2 0 0 0 0 0 1.8 0 0 0 0 
 0.4 0.8 1 15.4 3.8000000000000003 25.400000000000002 0.4 0.4 25.8 0.4 13 12.4 1 0.4 0.6000000000000001 0.4 0.4 0.4 0.4 0.4 56.400000000000006 59.400000000000006 23.8 29.200000000000003 47.800000000000004 52.2 23.400000000000002 0 37.800000000000004 16.2 6.6000000000000005 6.800000000000001 64.2 39.6 16.8 11.8 88.80000000000001 10.8 31.400000000000002 7.6000000000000005 0.6000000000000001 0 0 0 2 0.6000000000000001 0 0 0 0 0 0 0 0 0 0 0 0.6000000000000001 1.4000000000000001 0 0 0.4 0 0 0 0 0 0 0 0 0 0.6000000000000001 0.6000000000000001 1.2000000000000002 0 0 0 9.4 0 0 0 0 0 0 1.8 2.6 0 0 0 0 0 0 0 0 0 0 0 0 0 0 3.4000000000000004 3.8000000000000003 2.4000000000000004 5.6000000000000005 5 0 0 4.2 3.8000000000000003 4.2 7.4 0 0.2 0.2 0 6.6000000000000005 0.4 1.2000000000000002 0 0 2.2 0 0 0 0 0.2 0 2.6 0 0 0 0 0 1.8 0.2 3.6 0 0 2.8000000000000003 4.4 0 0 0 0.2 0 0 0 0 0 0.4 0.6000000000000001 4.800000000000001 0 0 0 0 0 0.2 0 0 0 0 0 2.8000000000000003 0 2 0 2 0 0 2.6 0 0 2 0 0 0 0 0 0 1.4000000000000001 2.2 10.600000000000001 0 0 2.8000000000000003 1 0 1.8 3 1.4000000000000001 6.800000000000001 1.6 3.2 2.8000000000000003 0 3.2 4 2.4000000000000004 0 0 0 0 0 0 0 2.4000000000000004 0 0 0 0 0 0 1.6 0 0 0 0 0.2 2.4000000000000004 0 0 0 0 0 0 0 0 0 0 0 0 0 0 2 0 0 0 0 0 0 0 0 0 0 0 13.200000000000001 0 0 0 0 0 0 0 0.8 0 0.4 1.8 15.200000000000001 0 0.6000000000000001 0.4 0 0 0 0 0 0 0 0 0 0 0 0 0 0 0 0 0 0 0 0 0 0 0 0 0 0 0 0 
 0 0 0.2 0.2 0 15.8 0.4 0 0 0.2 0 0 0 0.6000000000000001 0 0 0 0 0 0 42.800000000000004 34.800000000000004 44.2 32 33.2 55 77.4 37.800000000000004 0 18.400000000000002 24 80.60000000000001 21.400000000000002 12.200000000000001 49 27.400000000000002 50.6 23 56.2 25.8 0.2 0 0 0 3 0.4 0 0.4 0 0 0 0 0 14.8 0 0 0 0.4 5.6000000000000005 13.4 0.6000000000000001 0.6000000000000001 0 0 0 0 0 0 0 0 0 0.6000000000000001 0.4 10.4 0 0 0 0 0 0 0 0 0 0 0 0 0 0 0 0 0 0 0 0 0 0 0 0 0 0 3.6 6.2 1.8 0 0.2 0.2 2 3.6 4 12.8 1.6 5 0 1.4000000000000001 10.200000000000001 7 0 6.6000000000000005 0 6 0 0 0 0.2 0 0 2 3 0 0 0 0 2 0 1.6 2.2 0 0 4.4 9 0 0 0.4 0 0 0 0 0 0 0 2.2 0 2.8000000000000003 0 0 0 0 0 0 0.4 0 0 0 0.4 0 4.6000000000000005 0 0 0 0 0 0 0 0 0 0 0.2 0 0 0 0 6 13 4.2 2.4000000000000004 3.2 0.4 2.2 4.800000000000001 3.8000000000000003 2.6 4.6000000000000005 0 2.2 3.8000000000000003 0 3 6.2 1 0 0 0 0 0 0.2 0 5.800000000000001 0 0 0 0 0 0 4.4 0 0 0 0 0 3.8000000000000003 0 0 0 0 0 0 0 0 0 0 0 0 0 0.4 0 0 0 0 0 0 0 0 0 0 0 0 0 0 0 0 0 0 0 0 1 0.4 0 15.200000000000001 0.2 0 0 0 0 0 0 0 0 0 0 0 0 0 0 0 0 0 0 0 0 1.8 0 0 0 0 0 0 0 0 0 0 
 0 0 0.4 0 0 0.4 0.2 0 0 0 0 0 1.4000000000000001 0 0 0 0 0 0.4 0.4 26.6 42.6 26.200000000000003 36.4 35.6 33.800000000000004 13 16.2 18.400000000000002 0 75 10 56.400000000000006 9.200000000000001 58 29.200000000000003 58.2 144.20000000000002 19.8 29.400000000000002 0.2 0 0 0 0.4 0.2 19.400000000000002 0 0 0 12.600000000000001 0 0 0 0 0 0 0.2 0 0 0 0.6000000000000001 0 0 0 0 0 0 0 0 0 0.6000000000000001 0.2 0 0 0 0 0 0 0 0 0 0 0 0 0 0 0 0 0 0.6000000000000001 0 0 0 0 0 0 0 0 0 0 0 2.2 0 3 3.4000000000000004 3 1.2000000000000002 2 7 0 3 0 1.4000000000000001 0 1.4000000000000001 0.2 2.6 0 0 0.8 0 0 0 0 0 2.6 2.8000000000000003 0 0 0 0 2 0 5 1.6 0 0 0 0.8 0 0 0 0.2 0 0 0 0 0 0 0 0 0 0 0 0 0.4 0 0 0 0 0 0 0 0 0 0.2 0.2 0 0 0 0 2.2 1 0 0 0 0 0 0 0 0 9 3 2 3.2 0 0 8.6 2.4000000000000004 2.4000000000000004 5.2 0 3.6 2.2 2.8000000000000003 0 2 0 0 0 0 0 0 0 0 2.8000000000000003 0.2 0 0.6000000000000001 0 0 6.800000000000001 3.4000000000000004 3.4000000000000004 0 0 0 0.6000000000000001 6.4 0 0 0 0.2 0 0 0 0 0 0 0 0 0 0 0 0 0 0 0 0 0 0 0 0 0 0 0 0 0 0 0 0.4 0 0.2 1.6 0 0.4 0 16 0 0.4 0.6000000000000001 0 0 0 0 0 0 0 0 0 0 0 0 0 0 0 0 0 0 0 0 0 0.4 0 0 0 1.2000000000000002 0 0 
 0 0.4 0 0 0 0.4 15 0 0 0.2 0 0 0 0 0 0 0 0.2 0.4 0 53.2 22.400000000000002 24.200000000000003 65 31.8 37 48.6 6.6000000000000005 24 75 0 25.8 7 51.2 20.200000000000003 31 20.8 8.8 10.4 10.4 0.2 0 0.2 12.8 1.2000000000000002 0.4 0 0 0.6000000000000001 0 0 0.2 0.2 16.6 0 0.2 0 0.4 0 27.400000000000002 0 0.6000000000000001 0 0 0.8 0.8 5 0.6000000000000001 0 0 0.4 0.6000000000000001 1 0.4 0 0 0.6000000000000001 0 0.6000000000000001 0.4 0 0 0 0 0 0 0 0 0 0 0 0 0 0 0 0 0 0 0 0 0 0 0 0 3.8000000000000003 4.4 0 0 2 0.6000000000000001 2.6 5.800000000000001 0 1.6 0 7.6000000000000005 0 4 0 0 0.2 0.2 0.4 2.4000000000000004 0 0 2.4000000000000004 2 0.2 2.2 0.2 0 2.2 4.2 5.800000000000001 0.2 0 4.2 8 0.4 0 0 0 0.4 0 0 0 0 0 0 0 0 0 0.2 0 0 0 0 0 0.4 0 0 0 0.4 3 0 0 0 0 0 0 0 0 0 0 0 0 0 0 0 0 1.2000000000000002 6.4 4.6000000000000005 2.4000000000000004 0 0 0 4.4 4 0.8 0 0 5 1.8 0 0 0 0 1.6 5.800000000000001 1.4000000000000001 3.8000000000000003 0 0 0 0 0 2.8000000000000003 8 1.4000000000000001 0 3 0.8 1 0 0 0 2.4000000000000004 3.2 0 0.2 0 0 0 0 0 0 0 0 0 0 0 0.4 0 0 0 0 0 0 0 0 0 0 0 0 0 0 0 0 0 0 0 0 3 0.4 0 0 0 0 0.6000000000000001 0 0 0 0 0 0 0 0 0 0 0 0 0 0 0 0 0 0 0 0 0 0 0 0.2 0 0 4.800000000000001 0 0 
 0 1.2000000000000002 0 0 0.4 0 0.6000000000000001 0 0 0 0 0 0 0 0 0 0 0 0 0 41.6 39.6 5.4 20.8 36 46.400000000000006 26.400000000000002 6.800000000000001 80.60000000000001 10 25.8 0 5.4 7.800000000000001 8.8 17.8 24.8 49.6 4.4 3.8000000000000003 0.6000000000000001 0 0 0 0.6000000000000001 0.6000000000000001 2.8000000000000003 0 0 0 0 0 0 6.6000000000000005 0 0 0 0.6000000000000001 12.4 20.6 0 0.4 0 0 0 0.8 0 0 0 0 0 0.6000000000000001 0.6000000000000001 0 0 1.2000000000000002 0 0 0 0 0 0 0 0 0 0 0 0 0 0 0 0 0 0 0 0 0 0 0 0 0 4 0 1.6 2.2 2.8000000000000003 0 0 7 0 3.8000000000000003 3 0 0 0 9.8 4.4 0 0 0 2 0 0 0 0 2.4000000000000004 5.6000000000000005 10.200000000000001 0 0 0 0 2.2 2 1.2000000000000002 8 0 0 6 5.4 0 0 0 0 2.8000000000000003 0 0.6000000000000001 0 0 0.6000000000000001 0 0 0 0 0 0 0 0 0 0 0 0 0 0 0.2 0 0 0 0 0 0 0 0.6000000000000001 0 0 0 0 0 0.6000000000000001 0 0 0 3.6 0 1.8 0 0 0 3.4000000000000004 3.4000000000000004 4.6000000000000005 3.4000000000000004 0 2.4000000000000004 0 2.6 4.4 6.6000000000000005 0 0 0 0 0 0 0 0 4.4 4 0 0 0 0 3.4000000000000004 1 0 0 0 0 3 2.4000000000000004 1.8 0 0 0 0 0 0 0 0 0 0 0 0 0 0 0 0 0 0 0 0 0 0 0 0 0 0 0 0 0 0 0 0 0 3.6 0 0 2.4000000000000004 15.4 1.2000000000000002 0.4 0 0 0 0 0 0 0 0 0 0 0 0 0 0 0 0 0 0 0 0 1.8 0 0 0 0 0 0 0 0 
