 0 39.2 32.4 9.200000000000001 8.4 6.800000000000001 29.8 54.400000000000006 10.8 11.8 25 11.600000000000001 27.200000000000003 54.6 45.6 27.200000000000003 24.6 7.4 54.2 73.2 0 15.200000000000001 0 0.6000000000000001 0 0 1.2000000000000002 0.6000000000000001 0.6000000000000001 0.6000000000000001 1.2000000000000002 0 0 0 0.4 0 0 2 0 0.6000000000000001 1.2000000000000002 0 0.6000000000000001 12.600000000000001 0 0 0 0 0 0 0 0 0.4 0.8 1.2000000000000002 0.4 1.6 0 0 0 0.8 0.6000000000000001 0 0 0 0.8 0 1.4000000000000001 0 0.2 0 0 0.4 0 0 0 0 0.2 0.6000000000000001 0.6000000000000001 2.2 3.2 1.8 5.6000000000000005 1.4000000000000001 2.2 0.6000000000000001 1.8 2.2 0 3 7.6000000000000005 0 1.6 6.6000000000000005 5.2 5.6000000000000005 5.800000000000001 6 1.8 0 0 0 0 0 0 0 0 0 0 0 0 0 0 0 0 0 0 1.4000000000000001 0 0 0.2 0 0 0 0 0 0 0.2 0 0 0 0 0 0 0 0.4 0 0.4 0 0 0 0 0 0 0 0 0 0 0.4 0 0 0 0 0 0 0 0 0 0 4 7 4.6000000000000005 0 0 0 0.2 3.8000000000000003 10 2 0 0 2 3.2 0 1.6 3 4.2 1.6 4 0 0 0 0 0 0 0 0 0 0 0 0 0 0 0 0 0 0 0 0 0 0 0 0 0 0 0 0 0 0 0 0 0 0 0 0 0 0 0 0 0 0 0 0.2 0 0 0 0 0 0 2 0 0 0 0 0 0 0.4 0 0 0 0.4 0 0 0 0.4 17.8 0.2 0 0 0 1.8 0 0 0 0 0 0 0 8.8 0 0 3 0 0 0 0 0 0 0 0 0 0 0 0 4 0 0 0 0 0 0 0 0 0 0 0 0 0 0 
 39.2 0 63.2 32.2 24 5.6000000000000005 37 83.2 17.6 9.600000000000001 70.60000000000001 65.8 31 12.600000000000001 13.8 12.200000000000001 26.400000000000002 6.2 7.2 44.400000000000006 0 0 0 0.6000000000000001 0 0 0 16.6 0.6000000000000001 0 0.4 0 0 0 0.4 1 0 0.4 0.4 0.6000000000000001 17.2 0 0.6000000000000001 0 0 0 0 12.600000000000001 0 0 0.2 0 0.4 0 0.4 0.4 0 0 0 0 0.4 1 0.2 0.8 0 0.2 0 0.8 0.2 0 0 0.8 0.8 0.4 0.2 0 0.2 1.6 0.8 0.6000000000000001 0.2 14.600000000000001 2.4000000000000004 3 7.4 0 4.2 0 13 6.2 0 0.6000000000000001 3.4000000000000004 2 5.800000000000001 6.2 6.4 11.600000000000001 4.4 0.2 0 0 0 0 0 1.8 3.4000000000000004 0 0 0 0 0 0.2 0 0 0 0 0 0 0 0 0 0 0 0 0 0 0 0 0 0 1.2000000000000002 0 0 0.2 0 0 0 0 0 0 0 0 0 0 0 0 0.4 0 0 0 0 0 0 0 0 0 0 0 0 0 0 8.4 4.4 3.2 0 2.4000000000000004 1.8 1.6 4.4 8.6 12.4 3.8000000000000003 0 0.8 1.4000000000000001 8.6 3.8000000000000003 0 0.4 0 0 0 0 0 0 5 3.8000000000000003 0 0 0 0 8.8 0 1.4000000000000001 0 0 0 3.8000000000000003 1.6 0 0 0 2.2 0 0.4 0 0 0 0 0 0 0 0 0 0 0.4 0 0 0.2 0 0 0 0 0 3.2 0 0.4 0 0 0 0 0 0 0 1 0 0 0 0 0 2 0 0 0 0.8 0.2 0 1.6 17.400000000000002 0.4 3 0 0 0 0 0.2 0 0 0 0 0 0 0 0 0 0 0 0 0 0 0 0 0 0 2.4000000000000004 0 0 0 0 0 0 0 0 0 0.4 0 0 0 0 
 32.4 63.2 0 19.400000000000002 30.6 23.6 34.2 133.8 36 13.200000000000001 93 23.8 47.2 37.800000000000004 30.6 46.400000000000006 41.800000000000004 8.8 10 86 14.8 0 0 0.6000000000000001 0 0 0 0.8 0.8 0 0 0.4 0.2 0 0 0 0 0 0 0.6000000000000001 0 0 0.6000000000000001 0 0 0 0 0 0 0 0 0 0.4 1 0 0.4 0.2 0 0 5.2 0 0.2 0 0 0 0.4 0 0.6000000000000001 0 0 0 0 0.6000000000000001 0 0 1.2000000000000002 0 0 10.8 0.6000000000000001 0 0 3.2 4.4 1.6 3 2.2 1.4000000000000001 3 0.6000000000000001 3.8000000000000003 1.2000000000000002 2.2 10.200000000000001 6.6000000000000005 0 0 1.4000000000000001 0.2 0 0 0 0 0 0 0 3 0 0 0 0 0 0 0 0 3.8000000000000003 0 0 2 0 0 0 0 0 0 0 0 0 0 0 0 0 0 0 0 0 0 0 0 0 0 0 0 0 0 0 0 0 0 0 0 0 1 0 0 0 0 0 0 0 4.2 0 1.4000000000000001 4.800000000000001 0 1.8 6.2 2.2 3.4000000000000004 7.2 3.6 2.8000000000000003 0.4 2 0 0 4.6000000000000005 0 0 1.2000000000000002 0.2 0 0 0 0 0 0.2 0 0 0 0 0 7 0 0 0 0 0 4.2 2 0 0 0 0 0 0 0 0 0 0 0 0 0 0 0 0 0 0 0 0 0 0 0 0 0 0 0 0 0 0 0 0 0 0 0 0 0 0 0 0 0 0 0 0 0 0 17.6 0.4 17.6 0.8 0.2 1.4000000000000001 0 0 0 0 0 0 0 0 0 0 0 0 0 0 0 0 0 0 0 0 0 0 9.8 3 0 3.2 0 0 0 0 0 0 0 0 0 0 0 0 
 9.200000000000001 32.2 19.400000000000002 0 16.2 53.800000000000004 49 30.6 61.6 49.2 35.6 8.200000000000001 29.6 57.400000000000006 14 54.400000000000006 7.6000000000000005 107.2 36.2 70.2 0 0 0 0.8 0 0 0 0.6000000000000001 0.6000000000000001 0 0 0 14.600000000000001 21.200000000000003 0 0 0 0 28.6 19 0 0 0.6000000000000001 0 0 0 0 0 0 0 0 0 0.4 0 0 0.4 0.4 0 0 0 0 0.6000000000000001 0 0 0 7 0.2 0.6000000000000001 0 0 0 0 1 0.8 0 0 0 0.2 1.4000000000000001 0.6000000000000001 0 0 10.8 0 0 2 4 0 0 2.2 2 6.4 4.2 2.8000000000000003 0 2.2 1.6 0.4 3.8000000000000003 7 3.8000000000000003 0 0 0 0 0 1.8 1 0 0 0 0 7.6000000000000005 4 0 0 0 0 0.2 3.4000000000000004 0 0 0 0 0 0 0 0 0 0 0 0 0 0 0 0 0 0 0 0 0 0 0 0 0 0 0 0 0 0 0 0 0 0 3.6 0 0 0 0 0 0 0 3.2 0 2 0 0.8 0 4 0.6000000000000001 3.8000000000000003 5 3.8000000000000003 1.4000000000000001 0.8 3 0 6 0 2.8000000000000003 8.200000000000001 0 0 0 0 0 0 0 0 0.2 0 0 0 0 3.2 0 0 0 0 7 0 0 0 0 0 0 0 0 0 0 0 0 0 0 0 0 0 0 0 0 0 0 0 0 0 0 0 0 0 0 0 0 0 0 0 0 2.8000000000000003 0 0 0 0 0.6000000000000001 0 0 0 0 17.8 0 0 19.8 0.4 2.2 0 0 0 0 0 0 0 0 0 0 0 0 0 0 0 0 0 0 0 0 0 0 0 0 4 0 0 0 0 0 0 0 0 0 0 0 0 0 
 8.4 24 30.6 16.2 0 30.8 6.800000000000001 22.8 29 87 26.6 31.8 10.8 30.8 17 38.6 42.2 25 16.6 14.8 0 14.8 0.6000000000000001 0.6000000000000001 0 0 6.800000000000001 0.8 15.8 1.2000000000000002 0 0 60.2 0 0 0.4 0 0 0.6000000000000001 15.600000000000001 0 0 0.6000000000000001 0 0 0 0 0 0 0 0.2 0 0.4 0.6000000000000001 0 0.4 13.8 0.4 0 1.6 0 0.6000000000000001 0 1 0.2 0 0.6000000000000001 1 0 0 0 0 0.4 0 8.8 0.8 0 0.2 0.6000000000000001 0.6000000000000001 0 1.6 2.4000000000000004 0 2.6 4.4 0 1.6 0.6000000000000001 4.4 2.2 0 0 0 4 0 0 4.800000000000001 0 0 3.6 0 0 0 0 0 12 0.4 0 0 4.6000000000000005 0 6 0 0 0 0 4 0 7.4 0 0 0 0.8 0 0 0 0 0.2 0 0 0 0 1.6 0 0 0 0 0 0 0 0 0 0 0 0 0 0 0 0 0 0 0 0 0 0 0 0.2 0 0 0 1.4000000000000001 3.6 5.4 10 4.2 0 0 0 0.2 5.800000000000001 4 0 0 2.6 0 0 0 0 0 5 4 0.4 0 0 0 4.800000000000001 14.200000000000001 0.2 0 0 0 0.2 4.2 3.2 2.2 0.2 0 5.6000000000000005 4.4 0 0 0 0 0 0 0 0 0 0 0 0 0 0 0 0 0 0 0 0 0 0 0 0 0 0 0 0 0 0 0 0 0 0 0 0 0 0 0 0 0 0 0 0 0 0 0.4 0 0.4 0.4 0 4 8.200000000000001 0 0 0 0 0 0 0 0 0 0 0 0 0 0 0 0 3 0 0 0 0 0 3 2 0 0 0 0 0 0 0 0 0 0 0 0 0 
 6.800000000000001 5.6000000000000005 23.6 53.800000000000004 30.8 0 27 40.800000000000004 19.8 20.400000000000002 19 11.600000000000001 5.2 8.200000000000001 11.200000000000001 18.400000000000002 33.6 24.8 11.200000000000001 10 14.8 14.600000000000001 0 0.6000000000000001 0 0 0 15.200000000000001 16.2 0.4 0 0 43.2 16.2 1.2000000000000002 0 0.2 0.4 31.8 32.4 0 12 0.6000000000000001 0 0 0 0 0 0 0 0 0 0.4 0 0 0.4 0.2 0.2 0 0.2 0 0.4 0 0 0 0 0 0.6000000000000001 7.2 0 0 0 0.4 0 0 0 0 0 0.6000000000000001 0.6000000000000001 0 3 4.6000000000000005 4.2 2.6 4 0.4 0 2.8000000000000003 4 0 2.6 0 0 0 0 4.800000000000001 2.6 0 0 7.800000000000001 0 8.6 9 0 0 5.2 0 1 3 0 6 0.2 2 2.2 4.6000000000000005 3.2 0 1.2000000000000002 6 0 0 0 0 0 0 0 0 0 0 0 0 0 0 0 0 0 0 0 0 0 0 0 0.2 0 0 0 0 0 0 0 0 0 0 0 0 0 0 0 0 0 0 0.4 4 3.2 0 0 0 0 0 3.2 4.2 0 0.4 3.6 0 4.2 0 0 0 0 2 2 1.8 0 0 3 0.2 0 0 0 0 8.6 2 6.800000000000001 0.2 0.4 0 8.8 20.400000000000002 2.4000000000000004 1.4000000000000001 0.4 0 0 0 0 0 0 0 0 0 0.2 0 0 0 0 0 0 0 0 0 0 0 0 0 0 0 0 0 0 0 0 0 0 0 1.4000000000000001 0 2.8000000000000003 0 0 0 0 0 0 0.8 0 0 3 9 0 1.4000000000000001 0 1 0 0 0 0 0 0 0 0 0 0 0 0 0 0 0 0 0 0 0 0 0 0.2 3 0 0 0 0 0 0 0 0 0 0 0 0 0 
 29.8 37 34.2 49 6.800000000000001 27 0 30.6 21.400000000000002 50 8 42 68.4 48 27.6 19 24.400000000000002 9.4 56 9.600000000000001 0.4 0 0 0.6000000000000001 0 0 0 0.6000000000000001 0.6000000000000001 0 0 0 5.800000000000001 3.8000000000000003 0 0 0 0 0 0.6000000000000001 0 0 0.6000000000000001 0 0 0 0 0 0 0 0 0 0.4 0.6000000000000001 0 0.4 0 0.2 0 0.8 0 0.6000000000000001 0 1.2000000000000002 0 0 0 0.6000000000000001 0 1 1.2000000000000002 0 0.4 0 0 0 0 0.2 0.6000000000000001 0.6000000000000001 1.8 3.6 3 0.2 1.6 0 4.4 0 5.2 0 0.2 2.2 6.6000000000000005 0 8 8.4 0 5.800000000000001 7 3.6 0 0 0 0 0 0 0 0 0 0 0 0 0 0 0 0 0 0 2.4000000000000004 0 0 0 0 0 0 0 0 0 0 0 0 0 0 0 0 0 0 0 0 0 0 0 0 0.2 0 0 0 0 0 0 0 0 0.4 0 0 0 0 0 0 0 0 0 4.2 0 0 1.4000000000000001 6.4 1.6 0 1.4000000000000001 0 2 3.4000000000000004 5.6000000000000005 4.6000000000000005 0.2 8.8 4.2 0 3.2 0 0 0 0 0 0 0 0 0 0 0 0 2.6 0 0 0 0 0 0 0 0 0 0 0 0 0 0 0 0 0 0 0 0 0 0 0 0 0 0 0 0 0 0 0 0 0 0 0 0 0 0 0 0 0 0 0 0 0 0 0 0 0 0 0 0 0.4 9.200000000000001 0 0.4 0 0.4 1.4000000000000001 0 0 0.4 0 0 0 0 0 0 0 2.6 0 0 0 0 0 0 0 0 0 0 0 0 0 0 2 0 0 0 0 0 0 0 0 0 0 0 0 
 54.400000000000006 83.2 133.8 30.6 22.8 40.800000000000004 30.6 0 36.6 29.6 41.2 13.200000000000001 19.8 37.2 24 60.6 110 65.8 11.4 70.4 0 0 0 0.6000000000000001 0.2 0 0 0.6000000000000001 0.6000000000000001 0 0 0 0 0 0 0.8 0 0.4 0.4 0.6000000000000001 0.4 0 0.6000000000000001 0 0 0 0.4 0 0 0 0.2 0 0.4 1 0.4 0.4 13.4 0.4 0 0.8 0 0.8 0 0 0 0 0 0.6000000000000001 0 0.2 0 0.4 0.4 0 0 0 0 0 0.6000000000000001 0.6000000000000001 0 0 6.4 0.2 10.200000000000001 0 5.800000000000001 7.4 12.200000000000001 2.4000000000000004 3.6 2.6 2.6 1.8 3.4000000000000004 0 2.2 4.800000000000001 0 0 0 0 0 0 0 0 2 0 0 0 0 0 0.2 0 0 0 0 0.2 1.6 0 0.4 0 2.8000000000000003 0 0 0.2 0 0.4 0 0 0 0.2 0 0 0 0 0 0 0 0.4 0 0 0 1.8 0 0 0 0 0 0 0 0 0 4 0 0 0 0 0 0 0 0 3.6 12.200000000000001 1.4000000000000001 2.4000000000000004 3.8000000000000003 2.6 1.8 3 5.4 4.4 0 0.2 0 0 2.6 0 0 2.6 0 0 0 0 0 3.8000000000000003 0 0 0.4 0 0 0 5.2 0 1.6 0 0 0 4.6000000000000005 3.6 0 0 0 0 0 0 0 0 0 0 0 0 0 0 0 0 0 0 0 0 0 0.2 0 0 0 0 2 0 0 0 0 0 0 0 0 0 0 0 0 0 0 0 0 0 0 0 0.2 0 17.8 17.400000000000002 2.4000000000000004 1.4000000000000001 0 0 0 0 0 0 0 0 0 0 0 0 0 0 0 0 0 0 0 0 0 0 0 5.4 0 0 0 0 0 0 0 0 0 0 0 0 0 0 
 10.8 17.6 36 61.6 29 19.8 21.400000000000002 36.6 0 76 26.200000000000003 32.800000000000004 29 76 43.400000000000006 15.8 17.8 25.6 19.6 12.600000000000001 0 0 0 0.6000000000000001 0 0 15.4 0.6000000000000001 0.6000000000000001 0 0 0 0 0 14.8 0 0 0 3.6 4.4 0 0 0.6000000000000001 0 0 0 0 1 0 0 0 0 0.4 0.4 1.2000000000000002 0.4 7.800000000000001 0 0 1.4000000000000001 0 0.6000000000000001 0 0 0 0 0 0.6000000000000001 0 0 0 0 0.4 0 0 0 0 0.2 0.6000000000000001 0.6000000000000001 0 0.2 13.4 4 0 0 4.800000000000001 2.2 0 0 5.2 0 0 1.8 0.4 2.4000000000000004 3.6 0 3 1.8 0 0 0.4 0 0 0 2 0 0.4 0 0 2.4000000000000004 4.4 0.2 0 0 0.4 0 0 5 0 0 0 0 0 0 0 0 0 0 0 0 0 0 0 0 0 0 0 0 0.2 0.2 0 0 0 0 0 4 2.2 0 0 0 0 0 0 0 0 0 0 0 0 3.4000000000000004 2.2 5.4 0.2 0 2 0 4.800000000000001 2 0 0.6000000000000001 6.4 3.2 4.2 0 0 8.6 0.2 2.4000000000000004 0 0 4.6000000000000005 0 0 0 0 0 0.2 0 0 0 0 0 3.6 0 0 0 2 4.2 0 0 0 0 0 0 0 0 0 0 0 0 0 0 0 0 0 0 0 0 0 0 0 0 0 0.2 0 0 0 0.4 0 0 0 0 0 0 0 0 0 0 0 0 0 0 0 0 0 0.4 0.4 17.6 0.2 2.8000000000000003 0 0 0 0 0 0 0 0 0 0 0 0 0 0 0.4 0 0 0 0 0 0 0 0 0 1.4000000000000001 0 0 0 0 0 0 0 0 0 0 0 0 0 
 11.8 9.600000000000001 13.200000000000001 49.2 87 20.400000000000002 50 29.6 76 0 107.60000000000001 80.4 10 31.6 31.6 23 15.200000000000001 51.2 15.8 12.8 0 0 0.2 1 0.6000000000000001 0 14.4 0.6000000000000001 0.6000000000000001 0.6000000000000001 0.6000000000000001 0 15 14.8 0.4 0 0 0.4 14.4 42 0 0 0.6000000000000001 0 0 0 0 0.6000000000000001 0 0 0 0.6000000000000001 0.4 0 0.4 0.4 0.8 0.6000000000000001 0 0 0.6000000000000001 0.2 0 0 0 1.2000000000000002 0 0.4 0 0 0 0.4 0.6000000000000001 0 0 0 0 0 0.6000000000000001 0.6000000000000001 0 0 2 4 1.8 1.4000000000000001 0 3 3.2 2.2 0 2.6 0 0.2 0 0 3.8000000000000003 1.8 0 0 3.4000000000000004 0 0 0 0 0 2 4.2 2.8000000000000003 0 0 0 12.200000000000001 4.6000000000000005 0 0 0 0 1.6 1.8 0 0 0 0 0 0 0 0 0.2 0 0 0 0 2.8000000000000003 3.6 0 0 0 0 0 0 0 0 0 0 0 0 0 0 0 0 0 0 0 0 0 0 3 0 0 0 0 0 0.4 3 0 0 0 0 2.6 5 3.8000000000000003 0 2.6 9.8 0 0 0 0 0 6 2.2 3 0 0 0 0 1.6 1.4000000000000001 0 0 0 0 1.8 2.2 0 0 0.4 0 2.8000000000000003 0 0 0 0 0 0 0 0 0 0 0 0 0 0 0 0.2 0 0 0 0 0 0 0 0 0 0 0.2 0 1.2000000000000002 0 0 0 0 0 4.2 0 0 0 0 0 0 0 0 0 0 0.4 17 0 0.4 18.2 2.4000000000000004 0.8 0 0 0 0 0 0 0 0 0 0 0 0 0 0 0 0 0 0 0 0 0 0 0 0 0 0 0 0 0 0 0 0 0 0 0 0 0 0 
 25 70.60000000000001 93 35.6 26.6 19 8 41.2 26.200000000000003 107.60000000000001 0 11.200000000000001 50.400000000000006 17.2 11.8 29.8 78.4 46 53.400000000000006 32 9 0 0 0.6000000000000001 0 0 0 30.6 2 0.4 0 0 2.6 7.2 0 0 0 0.2 4.2 1.8 0 0 0.6000000000000001 0 0 0 0 0 0 0 0 0 0.4 0 0 0.4 1.4000000000000001 0 0 0 0 0.6000000000000001 11.200000000000001 0.6000000000000001 0 0 0 0.6000000000000001 0 0 0 0 0.8 0 0 0.6000000000000001 0 0.6000000000000001 0.4 0.6000000000000001 0 4.4 3 3.8000000000000003 0 4.4 0.8 3.8000000000000003 3.4000000000000004 7.2 1 4 0 3.8000000000000003 0 0 0.2 2 0 0 0 0 0 0 0 0 9.600000000000001 3 0 0 0 0 7.4 3.2 0 3.4000000000000004 0 0 3.2 2.8000000000000003 0 0 0 0 0 0 0 0 0 0 0.2 0.4 0 0 0 0 0 0 0 0 0 0.2 0 0 0.4 0 0 0 0 0 0 0 0 0 0 0 0 0 0 0 0 0 0 0 3.8000000000000003 0.2 0 3.2 7.4 8.4 6.800000000000001 3.8000000000000003 0 0 0.4 3.6 5.6000000000000005 2.8000000000000003 0 0.6000000000000001 5.800000000000001 4.4 0 0 0 0 0 0 0 0.2 0 0 0 0 2.6 0 0 2 0 2.8000000000000003 0 0.2 0 0 0 0 0 0 0 0.2 0 0 0 0 0 0 0 0 0 0 0 0.4 0 0 0 0 2 0 0 0 0 0 0 0 0 0 0 0 0 0 0 2.4000000000000004 0 0 0 0.6000000000000001 0.2 0.2 0.6000000000000001 10 0 2.4000000000000004 0 0.8 0 0 0.2 0 0 0 0 0 3 0.4 0.2 0 0 0 0 0 0 0 0 0 0 0 0 0 0 0 0 0 0 0 0 0 0 0 0 0 
 11.600000000000001 65.8 23.8 8.200000000000001 31.8 11.600000000000001 42 13.200000000000001 32.800000000000004 80.4 11.200000000000001 0 23.6 9.4 7.6000000000000005 28.400000000000002 13.4 41.6 3.6 14 14.8 0 0 0.6000000000000001 0.2 0.4 57.2 0.8 0.6000000000000001 0 0.2 0 41.6 16 0 0 0 0 0.2 0.6000000000000001 0 0 0.6000000000000001 0 0 0 0 1.4000000000000001 0 0 12.600000000000001 0 0.4 0 0.6000000000000001 0.4 1 0 0 0 0 0.6000000000000001 0 0 0 0 0 0.6000000000000001 0 0 9.200000000000001 0 0.4 0 0 0 0 0.2 1 1.2000000000000002 0 0 7.4 3.8000000000000003 17.8 0 4.2 3.6 7 2.4000000000000004 0 0 2.8000000000000003 0 2.4000000000000004 3 0 3 0.4 0 2 2.2 0 0.4 0 0 10.4 2.8000000000000003 0 0.4 0 0 3 4 3.2 0 0 0 1.4000000000000001 13.8 0 0 0 0 0 0 0 0 0 0 0 0 0 0 0 0 0 0 0 0 0 0 0 0 0 0 0 0.2 0 0 0 0 0.2 0 0 0 0 0 0 0 0.4 0 3 0 3.6 2.8000000000000003 8.8 1.4000000000000001 0 4.800000000000001 8.4 4.4 0 2.4000000000000004 3.2 0 2.2 0 3.6 0.4 3.2 2.4000000000000004 3.4000000000000004 0 0 0.2 2.2 16 3 0 0 3 2.4000000000000004 3.2 0.2 0 0 0 3.8000000000000003 2.4000000000000004 0 0 0 0 0 2.4000000000000004 0 0 0 0 0 0 0 0 0 0 0 0 0 0 0 0 0 0 0 0 0 0 0 0 0 0 0 0 0 0 0.2 0 0 0 0 0 0 0 0 0.2 0.8 0 0.8 0 2.2 1.2000000000000002 8.4 0 0 0 0 0 0 0 0 0 0 0 0 0 0 0 0 0 0 0 0 0 0 2.6 0 0.2 0 0 0 0 0 0 0 2.8000000000000003 0 0 0 0.4 
 27.200000000000003 31 47.2 29.6 10.8 5.2 68.4 19.8 29 10 50.400000000000006 23.6 0 76.4 26 25.6 21.8 46.800000000000004 102.60000000000001 22.6 0 0 0 0.6000000000000001 0 0.2 0.4 0.6000000000000001 0.6000000000000001 0 0 0 0 0 0 0 0 1.2000000000000002 0.4 0.6000000000000001 0 0 1 0 0 0.4 0 0 0.6000000000000001 0 0 0 0.8 0 0 0.4 0.4 0 0 0 0 0.6000000000000001 0 1.2000000000000002 0 0 0 0.6000000000000001 0 0.6000000000000001 2.6 0 0.4 0 0 0.4 0 0.2 0.6000000000000001 0.6000000000000001 3.6 0 5 3.6 0.4 0 5 0 2 0 2.8000000000000003 2 5.2 0 9.4 7.4 0.2 3.8000000000000003 6.4 2 0 0 0 0 0 0 0 0 0 0 0 0 0 0 0 0 0 0 0 0 0 0 0 0 0 0 0 4.800000000000001 0 0 0 0 0 0 0 0 0 3.8000000000000003 0 0 0 0 0 0 0 0 0 0 0 0 0 0 1 0 0 0 0 0 0 0 0 4.2 2.2 0 0 0 8 1.8 0 0 0 0.8 3.8000000000000003 3.6 5.2 0 0.4 9.8 0.6000000000000001 7.4 0 0 0 0 0 0 0 0 0 0 0 0 0 0 0 0 0 0 0 0 0 0 0 0 0 0 0 0 0 0 0 0 0 0 0 2 0 0 0 0 0 0 0 0 0 0 0 0 0 0 0 0 0 0 0 0 0 0 0 0 0 0 0 0 0 0.2 0 0 0 0 0.4 2 0 0 0 0 0 0 0 0 0 0 0 0 0 0 0 0 0 0 0 0 0 0 0 0 0 0.4 0 0 0 0 0 0 0 0 0 0 0 0 
 54.6 12.600000000000001 37.800000000000004 57.400000000000006 30.8 8.200000000000001 48 37.2 76 31.6 17.2 9.4 76.4 0 57.400000000000006 33.800000000000004 8.6 53.6 61 36 0 0 0 0.6000000000000001 0 0 0 0.6000000000000001 0.6000000000000001 0 0 0 0 0 0 0 0 0 0 0.6000000000000001 0 0 0.6000000000000001 0 0 0 0 0 0 0 0 0 0.4 0.8 0 0.6000000000000001 0.4 0 0.6000000000000001 0.8 0 10.8 0 0 0 0.6000000000000001 0 0.6000000000000001 0 1.6 0.2 0 0.4 0 0 0 0 0.4 0.6000000000000001 0.6000000000000001 0 1.6 3.4000000000000004 0 3.8000000000000003 1.8 4.4 17.6 0.6000000000000001 1.8 3.8000000000000003 3 2.8000000000000003 3.8000000000000003 2 5.4 2.8000000000000003 2 1.6 0 0 0 0 0 0 0 0 0 0 0 0 0 1.8 0 0 0 0 0 2.8000000000000003 0 0 0 0 0 0 0 0 0 0 0 0 0 0 0 0 0.2 4.6000000000000005 0 0 0 0 0 0 0 0 0 0 0 0 0 0 0 0 0 0 0 0 0 0 0 7.4 2.4000000000000004 4.6000000000000005 0.4 0 1.8 1 0 0.4 0 0 2.6 0.2 5 2.2 2.6 2.8000000000000003 0 2.2 0.8 0 0 0 0 0 0 0 0 0 0 0 0 0 0 0 3.2 0 0 2.8000000000000003 0 0 0 0 0 0 0 0 0 0 0 0 0 0 0 3.4000000000000004 0 0 0 0 0 0 0 0 0 0 0 0 0 0 0 0 0 0 0 0 0 0 0 0 0 0 0.2 0 0 0 0.4 22.6 0 0.4 0.2 2.2 0 0 0 0 0 0 0 0 0 0 0 0.2 0 0 0 0 0 0 0 0 0 0 0 0 0 0 0 0 0 0 0 0 0 0 0 0 0 0 0 
 45.6 13.8 30.6 14 17 11.200000000000001 27.6 24 43.400000000000006 31.6 11.8 7.6000000000000005 26 57.400000000000006 0 40.800000000000004 25.8 64 21.400000000000002 21.6 0 0 0.4 1 0 0 0 15.200000000000001 0.6000000000000001 0 0 0 0 0 0.2 0 0 0 0 0.6000000000000001 0 0 13.600000000000001 0 0 0 0 0 0 0 0.2 0 0.4 0.8 0 0.4 0 0 0 5.4 0 0.2 0.4 0.4 0 0.6000000000000001 0 0.6000000000000001 0 0.8 1 0 0.6000000000000001 0 0 0 0 0 0.6000000000000001 0.6000000000000001 3.4000000000000004 3.6 5.800000000000001 11.600000000000001 1.6 0 2 6.6000000000000005 2.4000000000000004 2.2 2 2 3.8000000000000003 0 13 4.6000000000000005 0 1.6 4.2 2.6 0 0 0 0 0 0 0.4 0 0 0 0 0 0 0 0 0 0 0 2.4000000000000004 0.4 0 0 0 0 0 0 0 0 0 0 0 0 0 0 0 0 0 0 0 0 0 0 0 0 0 0 1.8 0 0 0 0 0 1.4000000000000001 0 0 0 0 0 0 0 2.4000000000000004 9.600000000000001 2.2 0 0 1.8 0.2 2 3.2 0 0 0 0 0 3.4000000000000004 0.4 3.8000000000000003 5.6000000000000005 0 3.8000000000000003 0 0 0 0 0 0 0 0 0 0 0 0 0 0 0.6000000000000001 0.2 0.2 0 0 0.2 0 0 0 0 0 0 0 0 0 0 0 0 0 0 0 0 0 0 0 0 0 0 0 0 0 0 0 0 0.2 0 0 0 0 0 0 0 0 0 0 0 0 0 0 0 0 0 8.8 0.2 0.6000000000000001 0.6000000000000001 0.6000000000000001 1.8 0 0 0 0 0 0 0 0 0 0 2.6 0 0.4 0 0 0 0 0 0 0 0 0 0 0 0 2.2 0 0 0 0 0 0 0 0 0 0 0 0 
 27.200000000000003 12.200000000000001 46.400000000000006 54.400000000000006 38.6 18.400000000000002 19 60.6 15.8 23 29.8 28.400000000000002 25.6 33.800000000000004 40.800000000000004 0 15.8 87.2 27.8 78 0 0 0 0.8 0 0 14.8 1 0.6000000000000001 0 0.4 0 0 0 0 0.4 0 0 0.4 0.6000000000000001 12.600000000000001 0 0.6000000000000001 0 0 0 0 0 0 0 0 0 0.4 0.4 2.2 0.4 6.4 0 0 0.6000000000000001 0 0.6000000000000001 0 0 0 2 0 0.6000000000000001 0 0 0 0 0.4 0 0 0 0 0.2 0.6000000000000001 0.6000000000000001 6.800000000000001 4.4 0.6000000000000001 0.2 0 2.2 2 10.4 4.4 2.8000000000000003 6.800000000000001 7.800000000000001 5.2 2.8000000000000003 5.6000000000000005 0.2 1.8 0 4.2 2 0 0 0 0 0 0 1.4000000000000001 0 0 0 0 0 6.6000000000000005 0.2 0 0 0 0 0 2 0 0 0 0 0 0 0 0 0 0 0 0 0 0 0 0 0 0 0 0 0 0 0 0 0 0 0 0 0 0 0 0 1.2000000000000002 0 0 0 0 0 0 0 2.8000000000000003 3.6 1.8 3.2 0 0 9.600000000000001 7 3.2 7.4 0.2 2.4000000000000004 0 0 0 2.8000000000000003 2 0 0.4 0.2 0 0.2 3.6 0 0 0 0 0 0.2 0 0 0 4.6000000000000005 0 0 0 0 0 2 1 0.4 0 0 0 0 0 0 0 0 0 8.6 0 0 0 0.2 0 0 0 0 0 0.4 0 0 0 0 0 0 0 0 0 0 0 0 0.2 0 0 0 0 0.4 0 0 0 0 0 0 0 0.2 0 0.2 0 0 3 0 6.4 0 0 0 0 0 0 4 0 0 0 0 0 0 0 0 0 0 0 0 0 0 0 1.6 2.6 0 0 0 0 0 0 0 0 0 0 0 0 
 24.6 26.400000000000002 41.800000000000004 7.6000000000000005 42.2 33.6 24.400000000000002 110 17.8 15.200000000000001 78.4 13.4 21.8 8.6 25.8 15.8 0 71.60000000000001 7.6000000000000005 19.400000000000002 15.200000000000001 0 0 0.6000000000000001 0 0.2 0.4 0.6000000000000001 0.6000000000000001 0 0 0 16.2 0 15.200000000000001 0 1 0 12.4 22.8 0 0 0.6000000000000001 0 0 0 0 0 0 0 0.4 12.4 0.4 1.2000000000000002 0 0.4 0.2 0 0 3.4000000000000004 0.4 0.2 0 0 0 1 0 0.4 0 0 0 0 0.6000000000000001 0 0 0 7.800000000000001 10.200000000000001 0.6000000000000001 1.8 0 3.2 2.4000000000000004 3.4000000000000004 3.8000000000000003 3.8000000000000003 0 1.4000000000000001 9.4 6.2 2 6.2 0 3.2 3.2 0 1 3.6 0 0 2.8000000000000003 0 0 0 0 0 2.8000000000000003 0 0 0 0 0 0.4 0 0 3 0 0 1.6 3 0 0 0 0 0 0 0 0 0 0 0 0 0 0 0 0 0 0 0 0 0 0 0 0 0 0 0 0 0 0 0 0 0 0 0 0 0 0 0 0 10.4 0 1.4000000000000001 7.4 2.6 3.6 0 2.2 0.4 2.6 3.6 0.6000000000000001 0 0.6000000000000001 2.6 0 1.8 0 0 0 0 0 0 0 0 0 3.2 0 0 0 0 0 3.4000000000000004 2.2 0.4 0 0 0 7.6000000000000005 4.4 0 0 0 0 0 0 0 0 0 0 0 0 0 1.8 0 0 0 0 0 0 0 0 0 0 0 0 0 0 0 0 0 0 0 0 0 0 0 0 0 0 0 0 0 0 0 0.6000000000000001 17.2 0 17.6 9.200000000000001 0 1.6 0 0 0 0 0 0 0 0 0 0 13.200000000000001 0 0 0 0 0 0 0 0 0 0 0 0 3.6 1.8 0 0 0 0 0 0 0 0 0 0 0 0 0 
 7.4 6.2 8.8 107.2 25 24.8 9.4 65.8 25.6 51.2 46 41.6 46.800000000000004 53.6 64 87.2 71.60000000000001 0 8.4 17.8 0 0 0 0.6000000000000001 0 0 12.8 0.6000000000000001 1 0 0 0 19 0 7.2 0 0 0 0 15.4 0 0 0.6000000000000001 0 0 0 0 2 0 0 0 0 0.4 0 0.6000000000000001 0.4 17.8 0 0 0 0 0.4 0 0 0 0 0 0.6000000000000001 0 0 0 0 0.4 0 0 0 0 0 0.6000000000000001 0.6000000000000001 0.4 3 4.2 6.6000000000000005 0 0 0 3 0 6.6000000000000005 2.4000000000000004 5 2.8000000000000003 2.2 0 0.2 0 1.4000000000000001 2.2 6.800000000000001 4.2 0.2 0 0 0 0 2.4000000000000004 2.2 0 0 0 0.6000000000000001 10 0.2 0 0 0 0 0 3 0 0 0 0 0 0 0 0 0 0 0 0 0 0 0 0 0 0 0 0 0 0 0 0 0 0 0 0 0 0 0 0 0 0 0 0 0 0 0 0 0 4.2 6.4 8 2.8000000000000003 0 2 1.8 0 1.8 4.6000000000000005 2 2.8000000000000003 0 6 2.8000000000000003 0 5.4 0.2 0 2.8000000000000003 3.2 2.8000000000000003 0 0 0 0 3.2 0 0 0 0 0 3.4000000000000004 1.2000000000000002 0 0 0.2 5.2 5.6000000000000005 0.2 0 0 0 0 0 0 0 0 0 0 0 0 0 0 0 0 0 0 0 0.4 3 0 0 0 0 0 0 0 0 0 0 0 0.2 0 0 0 0 0 0 0 0 0 0 0 0.4 0 0 0.4 17.400000000000002 0 0.4 0 0 0.2 0 0 0 0 0 0 0 0 0 0 0 0 0 0 0 0 0 0 0 0 0 1.6 0 0 0 0 0 0 0 0 0 0 0 0 0 
 54.2 7.2 10 36.2 16.6 11.200000000000001 56 11.4 19.6 15.8 53.400000000000006 3.6 102.60000000000001 61 21.400000000000002 27.8 7.6000000000000005 8.4 0 77.80000000000001 0 0 0 0.6000000000000001 0 29 0 0.6000000000000001 1 0 0 0 0 0 0 0 0 0 0 0.6000000000000001 0 0 0.6000000000000001 0 0 6 0 0 0 0 12.600000000000001 0 0.4 0 0 0.4 0.2 0 0 0 0 0.6000000000000001 0 0.8 10.600000000000001 0 0 0.6000000000000001 0 0.6000000000000001 0 0 0.4 0 0 0 0 0.6000000000000001 0.4 0.6000000000000001 3.6 2.2 0.2 0 0 0 4.800000000000001 0 0.2 0 2.2 2 2 14 2.8000000000000003 0 0 0 4.2 10 0 0 0 0 0 0 0.4 0 0 0 0 0 0 0 0 0 0 0 0 0 0 0 0.4 0 0 0 0 0 1.2000000000000002 0 0 0 0 0 0 0.6000000000000001 0 0 0 0 0 0 0 0 0 0 0 0 0 0.6000000000000001 0 0 0 0 0 0 0 0 0 1.2000000000000002 0 4.4 2.2 0 0 0 3.4000000000000004 1.8 0 0 0 0 3.6 0.2 0 2.4000000000000004 0 3.2 2 2.8000000000000003 0 0 0 0 0 0 0 0 0 0 0 0 0 0 0 0.4 0.2 0 0 0 0 0 0.2 0 0 0 0 0 0 1.6 3.6 0 0.6000000000000001 0 2.8000000000000003 0 0 0 0 0 0 0 0 0 0 0 0 0 0 0 0 0 0 0 0 0 2.6 0 0 0 0 0 0 0 0 0.4 0.4 0.4 0.2 0 0.4 3.4000000000000004 0 0 0 0 0 0 0 0 0 0 0 0 0 0 0.2 0 0 0 0 0 0 0 0 0 1.6 0 0 0 0 0 0 0 0 0 0 0 0 0 
 73.2 44.400000000000006 86 70.2 14.8 10 9.600000000000001 70.4 12.600000000000001 12.8 32 14 22.6 36 21.6 78 19.400000000000002 17.8 77.80000000000001 0 0 0 0 0.8 0 0 0 0.6000000000000001 0.6000000000000001 0 0 0 0 0 0.4 0.4 0.2 1 0 0.6000000000000001 0 0 0.6000000000000001 0 0 4.2 0 0 0 0 0 0 0.4 0 0 0.4 0.4 0 0 0 0.4 9 0 0 0 0.2 0 0.6000000000000001 0 0 0 0 0.4 0 0 0 0 0.2 0.6000000000000001 0.6000000000000001 3.2 5.4 0 2.4000000000000004 0 0 1.6 2 4.6000000000000005 3 0.4 11 6.6000000000000005 7.2 3.8000000000000003 4.6000000000000005 5 2.6 3.2 0.2 0 0 0 0 0 0 0 0 0 0 0 0 0 0 0 0 0 0.4 0 0 0.2 0 0 0 0 0 0 0.2 0 0 0 0.4 0 0 0 0 0 0 0 0.2 0 0 0 0 0 0 0 0 0 0 0 0 0 0 0 0 0 2.4000000000000004 0 0 5 4.2 2 4 0 0 3.4000000000000004 7 5 2 0 0 7.2 2.6 0 8 3.4000000000000004 6 3.2 10.600000000000001 0 0 0 0 2.2 0 0 0 0.2 0 0 0 0 0 0.4 0 0 0 0 0 0 0 0 0 0 0 0 0 0 0 0 0 0 0 0 0 0 0 0 0 0 0.4 0 0 0 0 0 0 0 0 0 0 0 0 0 0 2.6 0 0 0 0 9.4 0 0 0 0.4 0.6000000000000001 0 0 0 0.4 0.4 0 0 0 0 0 0 0 0 0 0 0.2 0 0 0 0 0 0 0 0 0 0 0 0 3.2 1 0 0 0 0 0 0 0 0 0 0 0 0 0 
 0 0 14.8 0 0 14.8 0.4 0 0 0 9 14.8 0 0 0 0 15.200000000000001 0 0 0 0 53.400000000000006 12.8 16.2 47 19.200000000000003 29.200000000000003 47 6.800000000000001 7.800000000000001 6.2 25.400000000000002 12.8 21.200000000000003 8.8 17.2 13.8 23.200000000000003 40.2 22 0 0 0 0.4 0.6000000000000001 0 0.4 0 0 0 0.6000000000000001 0 0 0.6000000000000001 0 0 1.2000000000000002 0 0.6000000000000001 0 0 0.2 0.4 0 0 1 0 0 0 0 0.6000000000000001 9.200000000000001 0.4 0 1.2000000000000002 0.6000000000000001 0.4 0 0.6000000000000001 0 0.4 0 0 3.6 0.4 3.6 0 0 0 2.2 0 0 0 0 0 0 0 2 0 0 2.2 2.8000000000000003 0 0 3.8000000000000003 2.4000000000000004 3 7 5.4 3.8000000000000003 4.6000000000000005 5.4 0 1.8 0 9.200000000000001 10.8 4.2 4 2.8000000000000003 0 0 0 0 0 0 0 0 0 0 0 0 0 0 0 0 0 0 0 3.4000000000000004 0 2.6 1.2000000000000002 0 0 0 0 0 0 0 0 0 0 1 0 0 0 0 0 0 0 0 1.2000000000000002 0 5.2 3.4000000000000004 0 0 0.8 2.4000000000000004 4 4.2 0 0 0 0 0 0 2.6 2.2 4 4.2 1.6 0 0 0 0 0 1.6 4 0 5.6000000000000005 0 5.6000000000000005 4.4 4.4 2 1.8 0 0 0 0 0 0 0 0 0 0 0 0 0 0 2.4000000000000004 0 0 0 0 0 2 0 0 0 0 0 0 0 0 0 0 0 0 0 0 0 0 0 0 0 0 0 0 0 0 0 0 0 0 0 0 0 0 0 0 0 0.8 0 0 0 0 0 3.2 0 0 0 0 0 3 0 0 0 0 0 0 0 0 0 0 0 0 0 0 0 0 0 0 0 0 0 0 0 
 15.200000000000001 0 0 0 14.8 14.600000000000001 0 0 0 0 0 0 0 0 0 0 0 0 0 0 53.400000000000006 0 30.200000000000003 20 6.2 20.400000000000002 89.60000000000001 19.400000000000002 29 8.8 9.200000000000001 22.400000000000002 33.800000000000004 43 28.8 20.400000000000002 29.6 19.6 42.800000000000004 41 1 0 0 0 0.6000000000000001 0 0 0 0 0 0.8 0 0 0.6000000000000001 0.2 0 0.8 0 0 0 0 0 0 0 0 0.6000000000000001 0.2 0 0 0 0 2.4000000000000004 0.6000000000000001 0 0.4 0 0 0 0 0 0 0 0 0 0 0.4 0 1.6 0 0 0 0 0 0 0 0 0 0 0 0 7.800000000000001 2.8000000000000003 5.6000000000000005 0 3.8000000000000003 2.6 0.2 6 2.4000000000000004 4.6000000000000005 11.4 6 3 0.2 0 6.2 17.8 5.6000000000000005 0 2.8000000000000003 0 0 0 0 0 0 0 0 0 0 0 0 0 0 0 0 0 0 0 3.4000000000000004 0 1.4000000000000001 1.2000000000000002 0 0 0 0 0 0 0 0 0 0 1.2000000000000002 0 0 0 0 0 0 0 0 0 0 0 2.2 0 0 1 2.6 0 3.8000000000000003 0 0 0 0 0 0 0.2 0 0.2 0 1.6 0.8 4.800000000000001 0 0 0 0 3 2.2 1.2000000000000002 0.8 3.4000000000000004 4.2 6.4 7.4 0 0 0 0 0 0 0 0 0 0 0 0 0 0 0 0 0 0 0 0 0 4.2 0 0 0 0 0 0 0 0 0 0 0 0 2.8000000000000003 0 0 0 0 0 0 0 0 0 0 0 0 0 0 0 0 0 0 0 0 0 0 1.2000000000000002 0 0.8 0 16 0.4 3.8000000000000003 0 0 0 0 0 3.6 0 0 0 0 0 0 0 0 0 0 0 0 0 0 0 0 0 0 0 0 0 0 0 
 0 0 0 0 0.6000000000000001 0 0 0 0 0.2 0 0 0 0 0.4 0 0 0 0 0 12.8 30.200000000000003 0 22.400000000000002 59.2 55.400000000000006 43.400000000000006 15 48.2 15 23.200000000000003 25.8 11 11 100.60000000000001 106.2 24.6 11 72.60000000000001 7.800000000000001 0 0 0 0 12.8 0 1.2000000000000002 0 0 0.6000000000000001 0.6000000000000001 0 13 0.6000000000000001 0 0 0.6000000000000001 0.2 0 12.8 0 0 0 0 0 0.6000000000000001 0 0 0 9.600000000000001 0 3 0.6000000000000001 0 0.4 0 0 0 0 0 0 0 0 0.4 0 0 0 0 0 0 1.4000000000000001 0 0.4 0 0 0 0 0 0 0 0 3.2 0.4 7 0.2 5.4 0 3 6.800000000000001 0.2 2.4000000000000004 8.200000000000001 0 2.4000000000000004 9.4 9.4 2 3.6 0 0 0 0 0 0 0 0.2 13.8 0 0 0 0 0 2 0.2 0 0 0 0 11 4.6000000000000005 0 0 0 0 0 1.6 0 0 0 0 0 0 0 0 0.4 0 0 0 0 0 0.6000000000000001 0 0 2.4000000000000004 0 0 0 0 0 0 0 0 0 0 0 0 0 2.4000000000000004 0 0 0 4.800000000000001 9.600000000000001 2.8000000000000003 3.2 2.6 0 4.800000000000001 12 3.4000000000000004 1.6 14.600000000000001 3.8000000000000003 0 4.800000000000001 1.8 0.8 4.6000000000000005 0 5 0 0 0 0 0 0 0.6000000000000001 0 0 0 0 0 6.2 2.2 0 0 0 0 10.4 2.4000000000000004 0 0 0 0 0 0 0 0 0 0 0 0 0 2.4000000000000004 0 0 0 0 0 0 0 0 3.4000000000000004 0 0 9.200000000000001 0 0 0 0 0 0 0 0.2 0.6000000000000001 0 0.4 0 0 0 0.8 0 0 0 0 0 6 0 0 0 0 0 0 0 0 0 0 0 0 0 0 4 0 0 5.6000000000000005 2 0 0 0 0 
 0.6000000000000001 0.6000000000000001 0.6000000000000001 0.8 0.6000000000000001 0.6000000000000001 0.6000000000000001 0.6000000000000001 0.6000000000000001 1 0.6000000000000001 0.6000000000000001 0.6000000000000001 0.6000000000000001 1 0.8 0.6000000000000001 0.6000000000000001 0.6000000000000001 0.8 16.2 20 22.400000000000002 0 82.4 23.200000000000003 18.8 55.400000000000006 67 18.2 36.6 33.2 21.200000000000003 43.6 23.200000000000003 15 47.2 29.400000000000002 23.8 13.4 0 6.800000000000001 0.2 0 0.6000000000000001 0 0 0 0 0.2 0.6000000000000001 0 12.600000000000001 0.6000000000000001 0 0 0.6000000000000001 0 0 12.200000000000001 0.4 0 0 0 0 0.4 0 0 0 8.200000000000001 0 1 0.4 0 0.4 0 0 0 0 0 3.2 0 0 0.4 0 0 0 0 0 0 0 0 0.4 0 0 0 0 0 0 0 2.8000000000000003 2.6 10.4 0 2.8000000000000003 0.4 0 0 5.800000000000001 3 6.2 4.4 0 0 0 1.6 1.8 6.6000000000000005 0 0 1.2000000000000002 0 0 0 0 0.2 0 0 0 0 0 0 0 0.2 0 0 0 0 2 3.4000000000000004 0 0.2 0.2 0 0 2.2 0 0 0 0 0 0 0 0 0.4 0 0 0 0 0 0 0 0 0 0 0 0 0 0.8 0.6000000000000001 0 0 0 0 0 0 0 0 0 0 0 8.200000000000001 1.4000000000000001 0 2.2 0 1.6 2.4000000000000004 2.2 5.4 5.800000000000001 2.6 0 1.2000000000000002 0.8 2 3.2 4.4 0 0 0 0 0 0 0 0 0 0 0.2 0 0 0 6 2.6 0 0 0 0 5.4 0 0 0 0 0 0 0 0 0 0 0 0 0 0 0.4 0 0 0 0.2 0 0 0 0 0 0 0 0 0 0 0 0 0 0 0 0 0.4 0 0.2 0.4 15.8 0 3.2 0 0 0 0 0 0 0 0 0 0 0 0 0 0 0 0 0 0 3 0 0 0 0 0 0 2 0 0 0 
 0 0 0 0 0 0 0 0.2 0 0.6000000000000001 0 0.2 0 0 0 0 0 0 0 0 47 6.2 59.2 82.4 0 27.200000000000003 26.200000000000003 14.600000000000001 17.8 29.200000000000003 59.800000000000004 16.2 15.8 56.6 21 35 37 23.8 8.8 13.200000000000001 0 0 0.2 0 0.6000000000000001 0 0.4 1.2000000000000002 0 1.8 0.6000000000000001 12.4 12.600000000000001 0.6000000000000001 0 5.2 0.6000000000000001 0 12.600000000000001 0 0 0 0 0 0 0.4 0 0 0 9.4 0 0.8 0.4 0 0.4 0 0 0 0 0 0 0 0 0 0 0 0 0 0 0 0 0 0 0 0 0 0 0 0 0 0 3.2 5.2 2.6 0 1 0 0.2 2 2 2.2 3.8000000000000003 0 0 3 7.4 4.2 4.800000000000001 0 0 3.6 0 0 0 0 0.2 2 0 0 0.4 0.2 2.2 0 4 0 0.2 0 0 1.8 4.2 0 0 0 0 0.4 0.8 0 0 0 0 0 0 0 0 0 0.4 0 0 0 0 0 0 0 0 0 0 0 0 0 0 0 0 0 0 0 0 0 0 0 0 0 0 4.6000000000000005 4.800000000000001 1.4000000000000001 2.4000000000000004 0.2 0 0.2 0.2 1.6 3 0.4 0 3.6 3.6 5 2.6 0 0 6.2 3.4000000000000004 0 0 0 2 3 4.800000000000001 0 0 0 0 1.6 7.4 0 0 0 0 0.2 0 0 0 0 0 0 0 0 0.4 0 0.4 0 0 0 2.2 2.2 0 0 0 0 0 0 0 0.2 0 0 0 0 0 0 0 0 0 0 0 0.2 0.4 0 0.2 2 2.8000000000000003 0.4 0 0 0 0 0 0.2 0 0 0 0 0 0 0 0 0 0 0 0 0 0 1.8 0 0 0 2.2 0 0 0 0 
 0 0 0 0 0 0 0 0 0 0 0 0.4 0.2 0 0 0 0.2 0 29 0 19.200000000000003 20.400000000000002 55.400000000000006 23.200000000000003 27.200000000000003 0 12 21.200000000000003 12.600000000000001 29.200000000000003 20.6 39.800000000000004 4.4 30.400000000000002 71 29.400000000000002 40.400000000000006 27.6 8.6 13.8 6 0 1.2000000000000002 0 1 0 1 13.200000000000001 0 0.2 0.6000000000000001 0 0.2 13.200000000000001 0.4 0 0.6000000000000001 0 15.600000000000001 3.6 0 1.4000000000000001 0 0 0.6000000000000001 1.4000000000000001 0.4 0 0.8 0.2 0 0.6000000000000001 0.4 0 0.4 0.8 0 0 3.6 0 0 0 0 0 0 0 0.2 0 0 0 0 0 0 0 2.4000000000000004 0 0 0 0 0 4.6000000000000005 0 0.2 0 5.2 2.4000000000000004 0 0 4.800000000000001 0 2.6 0 0 3.6 1.8 1.2000000000000002 3 2.4000000000000004 0 0 1.8 0.2 1.2000000000000002 2 0 0 3.4000000000000004 3.8000000000000003 0 0 0 0 0.8 11.8 3.8000000000000003 0 0 0 2.6 5.4 0 0 0 0 0.2 0 0 0 0 0.4 0 0 0 0 0 0.2 0 0 0 0 1 0 0 0 0 0 0 0 0.4 0.6000000000000001 0 0 0 0 0 0 0 0.4 0 0 0 0 4.800000000000001 2.6 3.8000000000000003 9.8 0 3.6 0 0.4 0.2 0 0 2.6 0 0.2 0 2.2 0 0 5.4 2.8000000000000003 0 0 0 0 0 1.6 3.8000000000000003 2.4000000000000004 2.2 0 2.6 2 7.6000000000000005 2.8000000000000003 0 1.6 2.6 3.2 0 0 0 0 0 0 0 0 0 0 0 0 1 3.8000000000000003 0.2 0 2.6 0 0 0 0 0 0 0 0 0 0 0 0 0 0 0 0 0 0.8 0 1.4000000000000001 1.2000000000000002 0 0.4 2.2 0.4 0 0.4 0 0 0 0 0 0 0 0 0 0 0 0 0 0 0 0 0 2.8000000000000003 0 0 0 1.8 0 0 0 0 
 1.2000000000000002 0 0 0 6.800000000000001 0 0 0 15.4 14.4 0 57.2 0.4 0 0 14.8 0.4 12.8 0 0 29.200000000000003 89.60000000000001 43.400000000000006 18.8 26.200000000000003 12 0 16.6 98.4 11 49.6 9.8 48.800000000000004 62.800000000000004 25.400000000000002 9 23.6 22.8 9.4 27.400000000000002 0 0 0.2 0 0.6000000000000001 0 0 0.8 0 0 0.6000000000000001 0 0 0.8 1 0 14 0 0 0 0 0 0 0 0.4 0.4 0 0 0 0.2 0 1.4000000000000001 0.4 5.4 0.4 0 0 0 0 0 0 0 2.2 3.2 1.8 0.2 0 0 0 0 0.6000000000000001 0 0 0 0 0.2 0 0 0 0 0.2 2.2 4.4 0 0 1.6 3.4000000000000004 4.2 1.8 2.2 10 1.8 5.2 1.6 4.800000000000001 0 1.4000000000000001 1.4000000000000001 6.4 6 0 0.4 0 0 0 0 0 0 0 0 0.6000000000000001 0.2 0 0 0 0 0 0 0.4 0 0 0 0 0 0 0 0 0 0 0 0 0 0 0 1.8 0 0 0 0 0 0 0 0 3.4000000000000004 0.4 0 0 0 0 1 2 0 0 0 0 0 0 0 0.4 0 5.4 7.2 3 0 0 0 3 4.2 6 2 0 2.4000000000000004 0.2 0 5.6000000000000005 3.6 4 0 0 2 0 0 0 0 0 0 0 0 0 0 0 0 0 0 0 0 0 0 0 0 0 0 0 0 0 0 0 0 0 0 0 0 0 0 0 0 0 0 0 0 0 0 0 0 0 0 0 0 0 0 0 0 0 0 0 0 0.6000000000000001 0 0 0.4 0 0.4 0 0 0 0 2.2 0 0 0 0 0 0 0 0 0 0 0 0 0 0 0 0 0 0 0 0 0 0 0 
 0.6000000000000001 16.6 0.8 0.6000000000000001 0.8 15.200000000000001 0.6000000000000001 0.6000000000000001 0.6000000000000001 0.6000000000000001 30.6 0.8 0.6000000000000001 0.6000000000000001 15.200000000000001 1 0.6000000000000001 0.6000000000000001 0.6000000000000001 0.6000000000000001 47 19.400000000000002 15 55.400000000000006 14.600000000000001 21.200000000000003 16.6 0 31.400000000000002 24.400000000000002 71.60000000000001 20.400000000000002 28.400000000000002 52.2 13.600000000000001 51 16.6 6.6000000000000005 42.2 27.8 0 0 0 0 0.6000000000000001 0 0 0 0 0 0.6000000000000001 0 0 0.6000000000000001 0 0 1 0 12.4 3.2 0 1 0 0.6000000000000001 0 0.6000000000000001 0 0 0 0 0 0.6000000000000001 0.6000000000000001 0 0.4 0 0 0 0 0 0 0 0 0.2 0 10.600000000000001 2.4000000000000004 0 0 0 0 0 0 0 0 0 0 0 0 0 2.2 2.8000000000000003 3 0 3.8000000000000003 0 2.4000000000000004 2.6 1.6 3.8000000000000003 0 2.8000000000000003 0.6000000000000001 7.2 0 9.600000000000001 3.8000000000000003 6.4 5.4 2.6 13.4 0 0 0 0 0 0 3 0 0 0 0 0 6 0 0 0 0 0 3.4000000000000004 0 1.8 1 0 0 0 0 0 0 0 0 0 0 0 0 0 0 0 0 0 0 0 0 0 7.2 4.4 0 0 0.8 7 1.8 3 0 0 0.2 0 0 0 0.2 0 8.8 0.4 1.6 0 2.6 0 1.6 1.4000000000000001 1.6 0.2 1.8 0 0 4.800000000000001 5.6000000000000005 8.4 4.2 4 0 3.6 0 0 0 0 0 0 0 0 2.4000000000000004 0 0 0 0.4 0 0 2 0 0 6 0 0 0 0.2 0 0 0 0 0 0 0 0 0.4 0 0 0 1.2000000000000002 0 0 0 0 0 0 0 0 0 0 14.8 0 0 0 0 0 0 0 0.8 0 0 0.2 0 0.4 3.6 0.2 0 0 0 0 0 0 0 0 0 0 0 0 0 0 0 0 0 0 0 0 0 0 0 0 2.8000000000000003 0 0 0 
 0.6000000000000001 0.6000000000000001 0.8 0.6000000000000001 15.8 16.2 0.6000000000000001 0.6000000000000001 0.6000000000000001 0.6000000000000001 2 0.6000000000000001 0.6000000000000001 0.6000000000000001 0.6000000000000001 0.6000000000000001 0.6000000000000001 1 1 0.6000000000000001 6.800000000000001 29 48.2 67 17.8 12.600000000000001 98.4 31.400000000000002 0 27.400000000000002 29.200000000000003 22.8 53 104.60000000000001 68.8 99.4 32.2 22.200000000000003 31.400000000000002 26.6 0 0 0.2 0 0.6000000000000001 0 0 0 0 1.6 0.6000000000000001 0 12.4 0.6000000000000001 0 41.400000000000006 1.4000000000000001 0 0 12.4 0 0 0 0 0 0.4 0 10.200000000000001 0 0 0 1 0.4 0 0.4 0 0 0 0 0 0 0 0 0 0 0 0 0 0.6000000000000001 0.2 0 0 2 0 0 0 0 0.2 0 0 1.8 3.8000000000000003 2.4000000000000004 7.6000000000000005 0 0.2 0.2 0 3.6 1.8 11.200000000000001 8.8 3.2 0 6 8.200000000000001 0.2 2.2 1.6 1.2000000000000002 0 0 0 0 0 0 1.4000000000000001 0 0.4 2 0 0 3.2 0 0 0 0 0 1.4000000000000001 0 0 0.4 0 0 0.6000000000000001 0 0 0 0 0 0 2 0 0.8 0 0 0 0 0 0 1.2000000000000002 0 0 0 1.8 0 0.2 0 0.2 0 0 0 0 0 0 0 0 1 0.4 0 3.6 5 2.6 10.4 1.8 0 5.6000000000000005 0 0.2 14 4.4 2.8000000000000003 5.800000000000001 0 0.6000000000000001 1.4000000000000001 3 4.6000000000000005 0 3.4000000000000004 0 0 0 0 0 0 0 0 0 1.4000000000000001 0 0 6.6000000000000005 3 0 0 0 0 4.4 0.2 1.8 0 0.8 0.4 0 0 0 0 0.2 0 0 0 0 0 0 0 0 0 0 0 0 0 4.4 0 0 0 0 0 0 0 0 0 0 0 1.2000000000000002 0 0.4 0 0.2 0.4 0.8 0 0 0 0 0 0 0 0 0 0 0 0 0 0 0 0 0.2 0 0 0 0 0 0 0 0 0 0 0 0 
 0.6000000000000001 0 0 0 1.2000000000000002 0.4 0 0 0 0.6000000000000001 0.4 0 0 0 0 0 0 0 0 0 7.800000000000001 8.8 15 18.2 29.200000000000003 29.200000000000003 11 24.400000000000002 27.400000000000002 0 26.400000000000002 46.800000000000004 53.6 46.400000000000006 34.4 42.2 42.400000000000006 14.600000000000001 15 19.6 12.600000000000001 0 0.2 0 0.6000000000000001 0 0 18.6 0 0.4 0.6000000000000001 0 1.4000000000000001 0.6000000000000001 0 0 0.4 0 4.6000000000000005 13 0 1.8 0 1 0.8 1 0 0 0 0.4 0 0.6000000000000001 0.4 0 0.4 0 0 0 0 0 0 0 0 0 1.6 0 0 0 0 0 0 0 0 0 0 0 0 0 0 0 0 3.2 1.8 0.4 7.800000000000001 3.2 1.2000000000000002 1.2000000000000002 1.6 4 5 3.8000000000000003 0 3.8000000000000003 4.6000000000000005 0.2 1.6 6.6000000000000005 1.6 0 2.2 0 0 0 0 0 0.2 7.2 0 0 0 0 2.4000000000000004 10 9.600000000000001 1.8 0 0 1.8 0 0 0 0 0 0 0 0 0 0 0 0 0 2.6 0 0 0 0 0 0 0 0 0 0 0.6000000000000001 0 0 0 0 0 0 0 0 0 0 0 0 0 0 0.2 0 2.2 0 5 0.2 5.2 2.8000000000000003 3.6 4.6000000000000005 2.8000000000000003 2.6 11.600000000000001 1.6 0.8 0 0 2.4000000000000004 0 7.2 0 0 0.4 0 0 0 0 0 0.4 0 3.6 0 0 0 10.4 0 2.6 0.2 0 0.2 15.8 5 0 0 4.2 0 0 0 0 0 0 0 0 0 0 2.6 0 0 0 0 0 0 0 0 0 0 0 0 0 0 0 0 0 0 0 0 0 0 0 25.8 15.200000000000001 0.6000000000000001 0 2.2 0 0 0 0 0 0 0 0 0 0 0 0 0 0 0 0 0 0 0 2.6 0 0 0 2 2.6 0 0 0 
 1.2000000000000002 0.4 0 0 0 0 0 0 0 0.6000000000000001 0 0.2 0 0 0 0.4 0 0 0 0 6.2 9.200000000000001 23.200000000000003 36.6 59.800000000000004 20.6 49.6 71.60000000000001 29.200000000000003 26.400000000000002 0 26.200000000000003 17.6 18.6 48.6 55.6 50.800000000000004 113.2 46.800000000000004 70 0 0 0.2 0 0.6000000000000001 0 1.2000000000000002 0 10.4 0.4 0.6000000000000001 0 16 0.6000000000000001 0 0 0.8 0 0 25.200000000000003 0 0 0 0 0 0.4 0 0 0 5.2 0 0.6000000000000001 0.4 0 0.4 0 0 0 0 0 0 0 0 0 0 0 2.2 0 0 0 0 0 0 0 0 0 0 0 0 0 0.2 2.8000000000000003 3.8000000000000003 2.2 3.4000000000000004 1.2000000000000002 0 0 7.6000000000000005 4.4 6.6000000000000005 6.4 0 0 0 4 3.2 6.2 0 0.2 2.4000000000000004 0 0 0 0 0 3.6 2 0 0 0 0 4.6000000000000005 0 0 0 0 0 5.4 0 0 0 0 0 0 0.6000000000000001 0 0 0 0 0 0 0 0 0 0 0 0 0 0 1.2000000000000002 0 0 0 0 0 0.2 0 0 0 0.2 0 0 0 0 0 0 7.800000000000001 0 0 0 0 2.8000000000000003 4.2 6 0 0.6000000000000001 0 0 5 12.4 2.6 0 0 0 2.6 3 7 0 0 0 0 0 0 0 0 2.8000000000000003 0 0.2 0 0 0 15.4 5.4 0 0 0 0.2 5 0.2 0 0 0.2 0 0 0 0 0 0 0 0 0.4 0 2.6 0 0 0 0 0 0 0 0 0 0 0 0 0 0 0 0 0 0 0 0 0.6000000000000001 0 1 0 16.400000000000002 0 0 0.2 0.4 0 0 0 0 0 0 0 0 0 0 0 0 0 0 0 0 0 0 0 0 0 0 1.8 2 0 0 0 
 0 0 0.4 0 0 0 0 0 0 0 0 0 0 0 0 0 0 0 0 0 25.400000000000002 22.400000000000002 25.8 33.2 16.2 39.800000000000004 9.8 20.400000000000002 22.8 46.800000000000004 26.200000000000003 0 6.800000000000001 61 27.200000000000003 13.8 58.800000000000004 18.2 6.4 9 12.600000000000001 0 0 0 0.6000000000000001 0 12.4 35.2 0 5 0.6000000000000001 0 13.4 0.6000000000000001 0 0 0.4 0 3 0.2 0 0.2 0 0 0 0.6000000000000001 0 0 0 9.4 0 0.6000000000000001 0.4 4.6000000000000005 11.200000000000001 0 0 0 0 0 0 0 0 0 0 0 0 2.8000000000000003 0 0 0 0 0 0 3 0 0.2 0 0 0 3.2 0 4 0 8 4.800000000000001 0 0 5 0.6000000000000001 3.6 9 0 0 0 1.2000000000000002 5.2 7.6000000000000005 0 0 2.2 0 2.2 0.2 0 0 0.2 3.4000000000000004 0 0 0 0 4.800000000000001 9.4 2.6 0.8 0.4 0.4 10.8 4.800000000000001 0 0 0 0 0 0 0 0 0 0 0 0 0 0 0 0 0 0 0 0 15 0 0 0 0 0 0 0 9.4 0.6000000000000001 0 0 0 0 0 0.4 0 0.4 0 0 0 0 5 0.6000000000000001 2.2 1.2000000000000002 1.2000000000000002 0 0 0.4 6.2 0 0 3 0 0 11.8 6.4 0 0 1.2000000000000002 0 0 0 0 0 0 0.4 0.2 0 0 0 16 0.8 2 0.2 0 0.2 11 2 0 0 0 0 0 0 0 0 0 0 0 0 0 2.6 0 0 0 0 0 0 0 0 0.2 0 0 0 0 0 0 0 0 0 0 0 0.2 0 0 17 15.4 0 2.8000000000000003 1.8 0 0 0 0 0 0 0 0 0 0 0 0 0 0 0 0 0 0 0 2.8000000000000003 0 0 0 0.2 0 0 0 0 
