 0 32.4 37.4 26.6 31.400000000000002 5.800000000000001 21 57.6 52.2 18.2 20.200000000000003 47.6 15 115.4 43.800000000000004 7.4 8 7.4 10.4 8.200000000000001 0 0.6000000000000001 0.4 0 0 0.2 0.4 0 0 0 0 0 0.4 0 0 0 0.4 0 0 0 0 0 0 0 0.2 0 0.4 2 0.6000000000000001 0 0 0.4 1.4000000000000001 0.6000000000000001 0 0 0 0.2 0 0 0 0 0 2.4000000000000004 0 0.6000000000000001 0 0 0 6.800000000000001 0 0 0.6000000000000001 0 0 0 0.6000000000000001 0 7 0 3.4000000000000004 2.8000000000000003 2 12.600000000000001 3.6 0 4.2 4.2 7.2 2.8000000000000003 0 4.800000000000001 1.8 14.200000000000001 0.2 4 14 11.4 4.800000000000001 3.4000000000000004 0 0 0 0 0 0 0 0 0 0 0 0 2 0 0 0 0 0 0 0 0.4 0 0 0 0 0 0 0 0 0 0 0 0 0 0 0 0 0 0 0 0 0 0 0 1.2000000000000002 0 0 0 0 0 0 0 0 0 0 1.4000000000000001 0 0 0 0 1 2 0 0 5.4 13 0 2.4000000000000004 3.8000000000000003 0.2 1.8 2.6 0 0 3.8000000000000003 3 4.2 9.600000000000001 0 2.2 0 0 0 0 0 0 0 0 0 0 0 0 3.4000000000000004 0 0 0 0 0 4.2 0 2.8000000000000003 0 0 0 0 0 0.2 0 0 0 0 0 0 0 0 0 0 0 0 0 0 0 0 0 0 0 0 0 0 0 0 0 0 0 0 0 0 0 0 0 0 3.8000000000000003 0 0 0 8.200000000000001 0.2 0 0.4 0 0 1.6 0.2 0 0 0 0 0 4.6000000000000005 0 0 0 0 0 0 0 0 0 0 0 0 0 0 0 0 2.4000000000000004 4.4 3.4000000000000004 0 0 0 0 0 0 0 0 0 0 0 0 
 32.4 0 27.8 13.8 10 14.4 70 22.200000000000003 38.2 10.200000000000001 22 6.4 58.400000000000006 85 11.600000000000001 30 7.4 25.6 28 9.4 0.4 0 0 0 0.6000000000000001 0 0 0 0 0.2 0.2 0 0 0.2 0 0.4 0.4 8 0 0 0 0 0 0.2 0 0 0 0.6000000000000001 0.4 0 12.600000000000001 0.4 0 0 0 0 0 0 0 0 0 0 0 1.2000000000000002 1.2000000000000002 0 0 0 1.2000000000000002 0 0 0 0.4 0 0 0 0.6000000000000001 0 0 0 0 0 0 0 0.4 1.4000000000000001 0 2.2 5.2 4.4 0.6000000000000001 4 5.6000000000000005 1 4 0 0 2.8000000000000003 0 1.8 0 0 0 0 0 0 0 0 0 0 0 3 0 3 0 0 0 0 0 0 0 0 0 0.2 0 0 0 0 0 0 0 0 0 0 0 0 0 0.4 0 0 0 0 0 0 0 0 0 0 0 0 0 0 0 0 0 0 0.4 0 0.4 0 0 2 5.6000000000000005 3 3.8000000000000003 0 2 14.600000000000001 8.200000000000001 4.2 3.2 6.2 0 11.200000000000001 0 4.2 8.6 7 0 2.8000000000000003 0 0 0 0 0 0 0 0 0 0 0 0 0 0 0 0 0 0 0 0 0 0 0 0 0 0 0 0 0 0 0 3.4000000000000004 0 0 0 0 0 0 0 0 0 0 0 0 0 0 0 0 0 0 0 0 0 0 0 0 0 0 0 0 0 0 0 0 0 0.4 17.6 0.4 25.200000000000003 1.2000000000000002 0.6000000000000001 0 0 0 0 0 0 0 0.2 0 0 0 0 0 0 0 0 0 0 0 0 0 0 0 0 0 0 0 0 0 0 0 0 0 0 0.4 0 0 0 0 
 37.4 27.8 0 45.800000000000004 34.800000000000004 24.400000000000002 15.600000000000001 69.8 74.4 37.800000000000004 39.6 8.6 19.6 14 38.6 38.400000000000006 46.400000000000006 31 10.4 12.200000000000001 0 0 0 0 0.2 0 0 0.4 0 34.6 0 0 1.8 0 0 0 0.4 0 56.400000000000006 0 0 0 0 0 0 0.2 0 0.6000000000000001 5.6000000000000005 0 0 0.4 0 0 0 0 0 0 0 0 0 0 0 0 0 0 0 0 0 0 0 0 0.4 0 0 0 0.6000000000000001 0 0 2 0 1.2000000000000002 10 7.2 0.4 2.4000000000000004 0 7.6000000000000005 2.4000000000000004 2 6 5 4.2 2 0.2 3 10.200000000000001 3.2 0 3.2 0 0 0 0 0 0 0 0 0 0 0.4 0 4.4 2 11.8 0 8.200000000000001 0 0 2.8000000000000003 0 0 0 0 0 0 0 0 0.2 0 0 0 0 0 0.2 1.2000000000000002 0 0 0 0 0 0 0.2 0 1.2000000000000002 0 0 0 0 0 0.2 0 0 0 0 1.4000000000000001 0 0 0 0 1 8.200000000000001 0.2 6.2 3.2 2.2 0 0 3.4000000000000004 2.4000000000000004 1.8 0 0 0 3.8000000000000003 4.6000000000000005 3.4000000000000004 0.6000000000000001 0 0 0.4 0 0 0 0 0 2.2 4.4 0 0 1.8 0 2 3.6 0 0 0 0 5.800000000000001 0 0 0 0 0 0 0 0 0.4 0 0 0.2 0 0 0 0 0 0 0 0 0 0 0 0 0 0 0 0 0 0 0 0.4 0 0 0 0 0 0 0 0 0 0 0.2 0 0 0 0.8 0.4 0 0.2 39.400000000000006 0 2.2 0 0 0.2 0 0 0 0 0 0 0 0 0 0 0 0 0 0 0 0 0 0 0 0 1 4 3.4000000000000004 0 0 0 0 0 0 0 0 0 0 0 0 
 26.6 13.8 45.800000000000004 0 53.6 44.400000000000006 74.4 31.200000000000003 37.2 36.4 43.800000000000004 41 11 17.400000000000002 23.8 72.60000000000001 40.6 52.2 24.6 10.200000000000001 1 0 0 0 0 0.2 0.2 0.4 0.2 0.2 0.4 0 0.6000000000000001 0 0 0 0.2 0 31.8 29.400000000000002 0.8 0 0 0 0 0 0 0.6000000000000001 0.4 0 0 0.8 0 0 0 0 0 0.2 0 0 0 0.4 0 0 0 0 0 0 0 0 0 0.2 0.4 0 0 8.200000000000001 0.6000000000000001 0 0 0 0 2.4000000000000004 3 3.2 8.8 4.2 0 1.2000000000000002 0.2 0 9.4 4.6000000000000005 0 0 0 3 0.6000000000000001 8.8 0 0 0 0 0 0.4 0 0 0 3 2 0 0 0 2.6 2.4000000000000004 5.800000000000001 0 0 0.4 6.4 5 0 0 0 0 0 0.4 0 0 0 0 0 0 0 0 0 0 0 0 0 0 0 0.4 0 0 0 0 0 0 0.2 0 0 0 0 0.2 0 0 0 0 0 0 0 3 0.2 3.8000000000000003 7 3.4000000000000004 2.2 0.8 8.4 0 1.2000000000000002 6.4 0 0 0.2 7 5 0.4 0 0 3 0.2 2.2 0 0 0 0 6 0.2 0 0 3.4000000000000004 0 2 2.2 5.6000000000000005 2.4000000000000004 0 0.2 3.6 0 0 0 0 0 0 0 0 0 0 0.4 0 0 0 0 0 0 0 0 0 0 0 0 0 0 0 0 0 0.2 2 0 0 0 0 0 0 0 0 0 0 0 0 0 0 0 0.2 0.6000000000000001 0 0.6000000000000001 0.6000000000000001 0.4 1 0 1.8 0 0 0 0 0 0 0 0 0 0 0 0 0 0 0 0 0 0 0 0 0 0 9.4 0 0 0 0 0 0 0 0 0 0 0 0 0 
 31.400000000000002 10 34.800000000000004 53.6 0 51.400000000000006 9.8 33.800000000000004 34 57.800000000000004 17 54.800000000000004 16.8 17.2 27.6 40.400000000000006 12.4 42.400000000000006 10.600000000000001 13.8 46 0 0.2 0 0 0.2 0 0 0 0 0 0 0.4 0 30.400000000000002 20.8 0 0 15.200000000000001 0 0 0 0 5.6000000000000005 0 0 0 0.4 0.4 0 0 0.4 0 0 0 0 0 0.2 0.6000000000000001 0 0 0 0 0 0 0 1.4000000000000001 0 0 0.4 0 0 0.4 0 0 0 0.4 0 0 0 0 0 5.4 11.4 3.6 6.6000000000000005 0 2.8000000000000003 0.2 0.2 3 2.2 0 0 0 3.8000000000000003 3 0 0 2.6 3.4000000000000004 1.8 0 4.6000000000000005 0 0 5.6000000000000005 6.6000000000000005 2.6 0 0 0 1.8 2.8000000000000003 0 1.4000000000000001 1.8 0 4.2 7.2 0.2 0 0 0 0 0 0 0 0 0 0 0 0 0 0 0 0 0 0 0 0 0.2 0 0 0.2 0 3 0 0 0 0 0 0 0 0 0 0 0 0 0.4 3.4000000000000004 6.4 0 0.6000000000000001 1.6 2.4000000000000004 0 0.2 0 0.2 2.6 0 0 0 0 0 0.2 0 0 0 0.2 3.2 0.2 0 0 0 1.6 4 0 0.2 0 0 0 1.4000000000000001 1 3.6 0.2 0.2 8.200000000000001 0 0 2.6 0 0 0 0 0 0 0 0 0 0 0 0 0 0 0 0 0 0 0 0 0 0 0 0 0 0 0 0 0 0 2 0 0 0 0 0 0 0 0 0 0 0 0 0.2 1.4000000000000001 0.4 0.6000000000000001 0.6000000000000001 0 0.8 0.6000000000000001 0 0 0 0 0 0 0.2 0 0 0 0 0 0 0 0 0 0 0 0 0 0 0 1.2000000000000002 0 2.4000000000000004 0 0 0 0 0 0 0 2.6 0 0 0 0 
 5.800000000000001 14.4 24.400000000000002 44.400000000000006 51.400000000000006 0 6.2 69 10.8 15 25 10.200000000000001 7.6000000000000005 51.6 30.6 25.400000000000002 33.2 35 9.4 25.400000000000002 15 0.6000000000000001 0.8 15.200000000000001 0 0 13.200000000000001 21.400000000000002 15.200000000000001 24 0 0.6000000000000001 6 15 11.4 0 0.2 0.6000000000000001 8.8 14.4 0.2 0 0 0 0.8 0.4 13 0.8 0.8 0 0 0.4 0 0.2 0 0.4 0.2 0 0 0.4 0 0.4 0.6000000000000001 0.2 2.2 2.6 2.4000000000000004 0 0.2 2 0.4 2 0.4 0 0.2 0.8 1.8 7.800000000000001 0 0 0 0 3.2 0 0 0.2 0 0 3.6 0 3 0 0 0 0 2.2 0 0 0 0.2 5.6000000000000005 2 0 3.4000000000000004 0 0 4.800000000000001 2.4000000000000004 2 10 2 0.2 0.8 0 1.8 2.2 0 0 5.6000000000000005 0.2 0 0 0 0 0 0 0 0 0.4 0 0 0 0.4 2.6 0 0 0 0 0 0 0 0 0 0 0 2 0 0 0.4 0 0 0 0 0 0 0 0 0 0 0 0 3.2 0.2 0.2 1.8 2.6 0 0 0 1.2000000000000002 3.6 3.6 0 0 3.6 0 0 2 0 0 0 3.6 0 0.2 0 0 0 9.200000000000001 3.2 0 0.2 0 2.8000000000000003 1.6 2.2 0 2.4000000000000004 0 2.8000000000000003 3.6 0 0 0 0 0.2 0 6.6000000000000005 0 0 0 0 0 0 0.2 0 0 0 0 0 0 0 0 0 0 0 0 0 0 0 1.8 0 0 0 10.8 0 0 0 0 0 0 0 0.4 0 0 0 0.4 0 0 1 1.2000000000000002 0.2 4 0.8 2 0.2 0 0 0 0 0 2 0 0 0 0 0 0 0 0 0 0 0 0 0 0 0 0 1.4000000000000001 0 0 0 0 0 0 0 0 0 0 0 0 
 21 70 15.600000000000001 74.4 9.8 6.2 0 37.4 17.400000000000002 4.4 12.600000000000001 19.200000000000003 11.600000000000001 52.400000000000006 48.400000000000006 6.4 21.200000000000003 8.4 11.200000000000001 47.400000000000006 0 0 0 0 0.4 0 0 0.2 0 0 0 0 0.4 0 0 0 0 0 0.2 0 0 0 0 0 0 0.4 0 0.6000000000000001 0.4 0 0 0.4 0 0 0 0 0 0 0 0 0 0 0 1.2000000000000002 0 0 0 0 0 0 0 0 0.6000000000000001 0 0 0 0.6000000000000001 0 0 0 2.2 2 0 0.2 0 0 6.2 0.2 6.6000000000000005 6.2 0 0.4 2.2 5 12.200000000000001 4.6000000000000005 3.4000000000000004 2.2 1.8 0.2 0 0 0.2 0 0 0 0 0 0 0 0 0 0 0 0 0 0 0 0 0 0 0 0 0 0 0 0 0.2 0 0 0 0 0 0 0 0 0 0 0 0 0 0 0 0 4.2 0 0 0 0 0 0 0 0 0.2 0 0 0 0 0 0 2.4000000000000004 0 6.800000000000001 2.6 6.4 0 4.800000000000001 0.6000000000000001 9.4 2 0 4.2 0 6.6000000000000005 6 4.6000000000000005 6.2 2 0 6.2 0 0 0 0 0 0 0.2 0 0.2 0 0 0 0 0 0 0 0 0 0 0 0 0 0 0.4 0 0 0 0 0 0 0 0 2.2 0 0 0 0 0 0.4 0 0 0 0 0 0.4 0 0 0 0 0 0 0 0 0 0 0 0 0 0 0 0 0 0 0 0 15.600000000000001 0.4 0 0 17.8 0.2 2 0 0 0 0 0 0 0 0 0 0 0 0 0 0 0 0 0 0 0 0 0 0 0 2 0 0 0 0 0 0 0 0 0 0 0 0 0 0 
 57.6 22.200000000000003 69.8 31.200000000000003 33.800000000000004 69 37.4 0 52.6 129 25.6 7.2 20.400000000000002 73.4 34.6 6.4 32.4 41.2 27.400000000000002 26.400000000000002 0 0 0 0 0 0 0 0 0.4 0 0 0 0 0 0 0 0.4 0.4 0.2 0 0 0 0 0 1.6 10 0 0.6000000000000001 0.6000000000000001 0 0 0.4 0 0 0 0 0 0 0 0 0 0 0 0.4 0 0 0 0 0 0 0 0 0.6000000000000001 0 0 0 0.6000000000000001 0 0 0 0 1.2000000000000002 6.6000000000000005 1.8 0 2.2 3.4000000000000004 6.2 3.4000000000000004 12.8 0 7.4 4.6000000000000005 5.6000000000000005 0 3.6 5.4 6.4 3.6 7.4 0 0 0 0 0 0 2.2 0 0 0 0 0 2.2 0 0 0 0 0 6.2 0 0 0 0 0 0 0 0 0 0 0 0 0 0 0 0 1.2000000000000002 0 0 0 2 0 0 0 0 0.6000000000000001 0 0 0 0 0 0 0 2 0 0 2.6 0 0 0 0 4.2 6.6000000000000005 0 4 8.4 3.8000000000000003 0 4.2 7.2 2.2 5.800000000000001 3.8000000000000003 0 0.2 9.8 7.6000000000000005 2.8000000000000003 0 0 6.6000000000000005 0 0 0 0 0 0 0 0 0 0 0 0 3.8000000000000003 0 0 0 0 0 9 0 0 0 0 0 0 0 0 0 0 0 0 0 0 0 0 0 0 0 0 0 0 0 0 0 0 2.4000000000000004 0 0 0 0 0 0 0 0 0 0 0 0 0 0 0 0 0 0 0 0.4 0.2 0 0.2 0.6000000000000001 0 4.2 2.8000000000000003 0 0 0 0.4 0 0 0 0 0 0 0 0 0 0 0 0 0 0 0 0 0 0 2.6 2.4000000000000004 2.8000000000000003 0 0 0 0 0 0 0 0 0 0 0 0 
 52.2 38.2 74.4 37.2 34 10.8 17.400000000000002 52.6 0 48 21.200000000000003 31.200000000000003 18 51 56.800000000000004 30 37 44.6 28.200000000000003 31 0.4 0 0 0.4 0 0 1.4000000000000001 0.6000000000000001 0 0.6000000000000001 0 0 0 0 0 0 1.2000000000000002 0.4 14.8 0 0 0 0 0 1 0.4 0 1 0.6000000000000001 0 0.6000000000000001 0.8 1.8 0 0.6000000000000001 0 1 0.4 0 0 0 0.6000000000000001 0.4 1.6 0.6000000000000001 0 0 0 0 0 0.4 0.6000000000000001 0.6000000000000001 0.6000000000000001 0.2 0.2 1.2000000000000002 0.6000000000000001 0.8 0 3.6 1.2000000000000002 1 4.2 0 1.8 0 0.8 0.4 2.6 2.8000000000000003 2.6 6.4 3.8000000000000003 0 5.2 7 2.8000000000000003 0 6.2 0.2 0 0 0.2 0 0 0 0 0 0 0 0 0.2 1.6 0 0 0.4 0 0.6000000000000001 1.8 0 0 0 0 0 0 0 0 0 0 0 0 0 0 0 0 0 0 0 0 0 2 0.2 0 1 0.2 0 0 0 0 0 3.2 0 0 0 0 0 0 2.2 0 2.4000000000000004 3 0 3 5.6000000000000005 3.8000000000000003 0 0.6000000000000001 3.6 0 2.8000000000000003 4.6000000000000005 0 0 0 8 0 0.2 0 4.4 0 3 0 0 0 0 2.2 0 0 0 0 0 0 0 0 0 0 0 5 0 0 0.2 0 0 0 0 0 0 0 0 0 0 0 0 0 0 0 0 0 0 0 0 0 0 0 0 0 0 0 0 0 0 0 0 0 0 0 0 0 0 0 7.4 0 0 0 0 0 0.2 0.4 0 0 2.4000000000000004 0 0 0 0 0 0 0 0 0 0 4.2 0 0 0 0 0 0 0.4 0 0 0 0 0 4 0 3.4000000000000004 0 0 0 0 0 0 0 0 0 0 0 0.2 
 18.2 10.200000000000001 37.800000000000004 36.4 57.800000000000004 15 4.4 129 48 0 34.4 33.2 10 58.400000000000006 32.800000000000004 31 20 9 7.4 18.2 0 0 0 0 0 0 0.2 0 0 0 0 0.6000000000000001 0 0 0 0.2 0 0 28 30.6 0 0 0.6000000000000001 0 2.6 0.2 0 0.6000000000000001 0.4 0 0 0.4 0 0 0 10.4 0.8 0 0 0 0 0 0 0 0 0 0 0 0 0 0 0 0.4 0 0 7.800000000000001 0.6000000000000001 0.8 0 9.8 0 0.8 6.800000000000001 6.4 7.4 2.8000000000000003 0 6.800000000000001 10.200000000000001 0.8 6.4 7.4 0 1.8 0.4 1.8 5.800000000000001 7.800000000000001 0 3.8000000000000003 0 0 0 0 0 0 0.4 3 0 0 2.4000000000000004 0 1.8 2.4000000000000004 2 0 0 0 2.6 0 0 0 0 0 0 0 0 0 0 0 0 0 0 0 0 0 4.2 0 0 0 0 0 0 0 0.6000000000000001 0 0 0 0 0 0 0 1 0 0 0.2 0 0 0 0 2.4000000000000004 13.4 0.2 4.4 3.2 6.4 0 1 0 2.6 7 3.4000000000000004 0 0 8.6 3.2 0 2.6 0 0 0 0 0 0 0 0 2 0 0 0 0 0 6.4 3.2 0 0 0 0 6.800000000000001 0 0 0 0 0 0 0 0 0 0 0 0 0 0 0 0 0 0 0 0 0 0 0 0 0 0 0 0 0 0 0 0 0 0 0 0 0 0 0 0 3.2 0 0 0 0 0 0 0.2 0.2 0 17.400000000000002 0.4 0.4 0 0 0 0.2 0 0 0 0 0 0 4.2 0 0 0 0 0 0 0 0 0 0 0 0 1.6 6.2 2.8000000000000003 0 0 0 0 0 0 0 0 0 0 0 0 
 20.200000000000003 22 39.6 43.800000000000004 17 25 12.600000000000001 25.6 21.200000000000003 34.4 0 30.200000000000003 8 24.200000000000003 34.6 17 53 55.2 5.800000000000001 11.4 7.2 0 0 0 0 0 0.6000000000000001 0 0.2 0.6000000000000001 0 0 1.6 0 0 0.4 0 0 0.4 46.2 0 0 0 1.2000000000000002 0 1.2000000000000002 0 0.6000000000000001 0.6000000000000001 0 0 0.4 0 0 0 0.2 0.2 0.6000000000000001 0 0 0 0 0.6000000000000001 1.4000000000000001 0.4 0 0.6000000000000001 0.6000000000000001 0 0 0 0.6000000000000001 0.6000000000000001 0 0 10.200000000000001 0.6000000000000001 0 0 6.2 0 1.2000000000000002 0 2.8000000000000003 5.6000000000000005 0 0 2 0 2.2 7 2.8000000000000003 0 2.8000000000000003 0 2.8000000000000003 0 6.6000000000000005 0 0 2.2 0 0 0 0 0 0 2.8000000000000003 0 0 0 0 4.2 0 5 0 0 0.2 8.6 2.6 0 0 0 0 0 0 0 0 0 0 0 0 0 0 0 2 0 0 0 0 0 0 1.2000000000000002 0 0 0 0 0 2.4000000000000004 0 0 0 0 0 0 0 0 0 0 0 0.2 0 0 2.8000000000000003 8.6 2.6 0 2.2 5.2 0 0 7.2 0 0 0 5.2 2.8000000000000003 6.2 0 1.8 2.4000000000000004 0 0 0 0 0 0.2 6.800000000000001 3.2 0 2.2 0 0 4.6000000000000005 0 2.2 0 0 0 4.6000000000000005 0 0 0 0 0 0 1.4000000000000001 0 0 0 0 0 0 0 0 0 0 0 0 0 0 0 0 0 0 0 0 0 0 0 0 0 0 0 0 0 0 0 0 0 0 0 0 0 0 0.2 0.8 0 0 0.4 0.4 1.2000000000000002 0 0 0 0 0 0 0 0 0 0 0 0 0 6.4 0 0 0 0 0 0 0 0 0 1.2000000000000002 3.8000000000000003 0 0 0 0 0 0 0 0 0 0 0 0 0 
 47.6 6.4 8.6 41 54.800000000000004 10.200000000000001 19.200000000000003 7.2 31.200000000000003 33.2 30.200000000000003 0 5.2 5.800000000000001 16.6 22.8 60.800000000000004 35.800000000000004 5 49.400000000000006 14.8 0 0 0 0 0 0 0.6000000000000001 0 0 0 0 0 0 14.8 15.200000000000001 0 0 15 7.2 0 0 0 0 0 0 0 0.6000000000000001 0.6000000000000001 0 0 0.4 0 0 0 0 0 0 0 0 0 0 0 0 0 0 0 0 0 0 8.6 0 0.6000000000000001 0 0 0 0.6000000000000001 0.2 0 0 0 4 2.4000000000000004 7.6000000000000005 4 5.800000000000001 0 3 0 0 6.800000000000001 2 0 0 0 0.2 0.6000000000000001 0 0 0.2 4.6000000000000005 0.2 0 0.2 0 0 3.2 3.2 2.2 0 0 0 3.4000000000000004 3.8000000000000003 3.2 2.4000000000000004 0.4 0 8.6 3.6 0 0 0 0 0 0 0 0 0 0 0 0 0 0 0 0 0 0 0 0 0 1 3.4000000000000004 0 0 0 0 0 0 0 0 0 0 0 0 0 0 0 0 0.2 2 1.8 0 0.8 6.6000000000000005 5.2 0 0 0 0 2.6 0 0 0 0 0 0.2 0 0 0 1.6 7.4 1.2000000000000002 0 0 0 8 0.2 0 0.2 3.4000000000000004 0 0 2.4000000000000004 7.800000000000001 2.4000000000000004 2.6 0 3.8000000000000003 12.4 0 0 0 0 0 0 0 0 0 0 0 0 0 0 0 0 0 0 0 0 0 0 1.4000000000000001 0 0 0 0 0 0 0 0 0 0 0 0 0 0 0 0 0 0 0 0 0 0 0 17.400000000000002 0 6 0.4 0.4 1 0 0 0 0 0 0 0 0 0 0 0 0 0 0 0 0 0 0 0 0 0 0 0 0 0 3.2 0 0 0 0 0 0 0 2.8000000000000003 0 0 0 0 
 15 58.400000000000006 19.6 11 16.8 7.6000000000000005 11.600000000000001 20.400000000000002 18 10 8 5.2 0 79.2 4.2 6.2 8.6 4 33.800000000000004 55.2 0 0 0 0.4 0 0 1 0 0 0.4 0 0 0 0.4 0.2 12.8 0.4 0 0 0 0 0 0 0 0 0 0 0.6000000000000001 0.4 0 0 0.4 0 1.6 0 0 0 7 0 0 0 0 0 0.2 0 0 0 0 0 0 0 0 0.6000000000000001 0 0 0 0.6000000000000001 0 0 0 1 3.6 0 6 4.4 0 5 0.2 7 2.2 0 0.2 2.8000000000000003 2.2 2.4000000000000004 0 4.6000000000000005 4.4 12.8 5 0 0 0 0 0 0 0 2.4000000000000004 0 0 0 0 0 0 0 0 0 0 0 0 0 0 0 0 3.4000000000000004 0 0 0 0 0 0 0 0 0 0 0 0 0 0 0 0 0 0 0 0 0 0 0 0 0 0 0 0 0 0 0 0 0 0 0 8.4 0 0 0 0.2 0 0 0 0.2 0 0 0 5 6 1.8 0 0 3.2 0 10 0 0 0 0 0 0 0 0 0 0 0 0 4 0 0 0 0 0 0 0 0 0 0 0 0 0 0 0 0 0 0 0 0 0 0 0 0 0 0 0 0 0 0 0 0 0 0 0 0 0 0 0 0 0 0 0 0 0 0 0 0 0 0 0 0 0.4 0 0 17.8 0 0 2.4000000000000004 3 0 0 0 0 0.4 0 0 0 0 0 0 0 0 0.2 0 0 0 0 0 0 0 0 0 0 0 0 0 0 0 0 0 0 0 0 0 0 0 
 115.4 85 14 17.400000000000002 17.2 51.6 52.400000000000006 73.4 51 58.400000000000006 24.200000000000003 5.800000000000001 79.2 0 21.6 41.6 14 23 47.2 16 0 0 0 0 0 0 0 0 0 0 0 0 0 0 0 0 0.4 0 0 0 0 12.4 0 0 0 0 2 0.4 0.4 0 0 0.4 0 0 0 0 0 0.4 0 0 0 1 0 0.8 0.6000000000000001 0.8 0 0 0 0 0 0 0.4 0 0 0 0.4 0 0.4 0 0 2.8000000000000003 5.4 2.4000000000000004 0 2 0 2.2 3.6 8.4 0 4.6000000000000005 5.2 4.4 4.800000000000001 11.600000000000001 2.8000000000000003 0.2 0 0.4 0.2 0 0 0 0 0 0 0 0 0 0 0 0 0 0 0 0 0 0 2 0 0 0 0 0 0 0 0.2 0 0 0 0 0 0 0 0 0 0 0 0 0 0 0 0 2 0 0 0 0 0 0 0 0 0.2 0 0.6000000000000001 0 0 0 0 1 0 2.4000000000000004 0.6000000000000001 6.800000000000001 0 0 5.800000000000001 0.6000000000000001 4 4.800000000000001 2.4000000000000004 0.6000000000000001 0 3.2 2.4000000000000004 2.6 1.8 2 7.4 0 0 0 0 0 0 1.4000000000000001 0 0.2 0 0 0 0 0 0 0 0 0 0 0 0 0 0 0.4 0 0 0 0 0 0 0 0 0 0.8 0 0 0 0 0.4 0 0 0 0 0 0.4 0 0 0 0 0 0 0 0 0 0 0 0 0 0 0 0 0 0 0 0 0.4 0.4 0 0.6000000000000001 0.8 1 2.2 0 0 0.4 0 0 0 0 0 0 0 0 0 0 0 0 0 0 0 0 0 0 0 0 0 0 0 0 0 0 0 0 0 0 0 0 0 0 0 
 43.800000000000004 11.600000000000001 38.6 23.8 27.6 30.6 48.400000000000006 34.6 56.800000000000004 32.800000000000004 34.6 16.6 4.2 21.6 0 10.600000000000001 54.800000000000004 32.2 11.600000000000001 18.400000000000002 0 0 0 0 0 0 0 0 0 0 0 0 0 0 0 0.4 0.2 0 0 0 0 0 0 0 2.2 0 0 0.6000000000000001 0.6000000000000001 0 0 0.4 0 0 0 0 0.8 0 0 0 0 0 0 0.4 0 8 0 0 0 0 0 0 0.8 0 0 0 0.6000000000000001 0 0 0 0.4 8 1.4000000000000001 1.4000000000000001 0 0.4 0 2.8000000000000003 4.2 7.4 1 7.4 3.8000000000000003 3.6 8.4 5.6000000000000005 0.4 7.2 3.8000000000000003 6.2 2 0 0 0 0 0 2.2 0.2 0 0 0 0 1.2000000000000002 0 0.2 0 0 0 3.4000000000000004 0.6000000000000001 0 0 0 0 0 0 0 0 0 0 0 0 0 0 0 0 0 0 0 0 0 0.6000000000000001 0 0 3 0 0 0 0 0 0 0 0 0 0 0 0 0 0 0 0 0.2 0.4 6 12 6.4 0 3.2 11.8 0.4 7.2 3.8000000000000003 0 0.4 6 7.4 5.6000000000000005 0 0 4.800000000000001 6 0 0 0 0 0 0.2 0 0 0 0 0 3.6 0 0 0 0 0.2 4.800000000000001 0 0 0 0 0 3.4000000000000004 0 0 0 0 0 0 0 0 0 0 0 0 0 0 0 0 0 0 0 0 0 0 0 0 0 0 0 0.2 0 0 0 0 0 0 0 0 0 0 0 0 0 0 0 0.4 1.4000000000000001 0.4 0.2 2.8000000000000003 0.4 0.4 0 0 0 0 0 0 0 3.8000000000000003 0 0 0 0.2 0 0 0 0 0 0 0 0 1.8 3.4000000000000004 4 0 0 0 0 0 0 0 0 0 0 0 0 
 7.4 30 38.400000000000006 72.60000000000001 40.400000000000006 25.400000000000002 6.4 6.4 30 31 17 22.8 6.2 41.6 10.600000000000001 0 48.800000000000004 51.6 6.2 9 0.4 0 0 0 0 0 0 0 0 0.2 0 0.6000000000000001 15.600000000000001 0 0 0 0 0 14.4 0.4 0 0 2.4000000000000004 0 0.8 0 0 0.6000000000000001 0.6000000000000001 0 0 0.4 0 0 0 0 0 0 0 0 0 0 0 0 0 0 0 0 0 9.600000000000001 0 0 0.6000000000000001 0 0 0 0.6000000000000001 0 10.200000000000001 1.6 0 3.8000000000000003 5.800000000000001 5.6000000000000005 0 7 0 5.6000000000000005 4.2 0 4 0 0 0 0.6000000000000001 2 2.8000000000000003 0 0 1.8 2.6 0 0 0.4 0 0 0 0 0 1.8 0 0 0 4.6000000000000005 0 0 0 0.4 1.8 4.6000000000000005 0 0 0 0 0 0.4 0 0 0 0 0 0 0 0 0 0 0 0 0 0 0 2.4000000000000004 0 0 0.2 0 0 0 0 0 0 0 0 0.2 0 0 0 0 0 0 0 5.2 6 3.8000000000000003 4 0 2.4000000000000004 4.4 0 0.2 5.800000000000001 15.200000000000001 0 0.4 0 0.4 0.2 3.2 2.8000000000000003 0 3 0.2 0 0 0 0 7 3 0.2 0 0.6000000000000001 0 0 3.4000000000000004 0 0 1.2000000000000002 0 2 3.4000000000000004 0 0 0 0 0 0 0 0 0 0 0.4 0 0 0 0 0 0 0 0 0 0 0 0 0 0 0 3.4000000000000004 0 0 0 0 0 0 0 0 0 0 0 0 0 0 0 0 0 0 0.2 0.2 0 0.2 0.2 2.2 1.2000000000000002 0 0 0 0 0 0 0 0 0 0 0 0 0 0 0 0 0 0 0 0 0 0 0 0 0 0 0 0 0 0 0 0 0 0 0 0 0 0 
 8 7.4 46.400000000000006 40.6 12.4 33.2 21.200000000000003 32.4 37 20 53 60.800000000000004 8.6 14 54.800000000000004 48.800000000000004 0 37.6 3.4000000000000004 7.2 41.2 0 0.4 0 0 0 14.8 0.6000000000000001 0.4 0 0 0 0.2 0.6000000000000001 0 0 0.2 0.6000000000000001 45.2 0 0 0 0 0 0 0 0 0.6000000000000001 0.4 0.4 0.4 0.4 0 0 0 0.4 0.4 0.4 0 0 0 0 0 19.400000000000002 0.4 0 0 0 0 0 0 7 0.6000000000000001 0 0 0 0.6000000000000001 0.4 0 2.6 0 3.4000000000000004 3.8000000000000003 0.2 0 5.800000000000001 0 4.2 0.2 2.6 9.600000000000001 0 3 0 3 2.8000000000000003 2.8000000000000003 0 0 0 0 0 0 0 0 0 0 0 0 0 0 0 3.6 2 6.4 0 0.4 0 2.6 1.8 0 0 0 0 0 0 3 0 0 0 0 0 0 0 0 0 0 0 0 0 0 0.2 0.2 0 2 0 0 0 0 0 0 0.4 0 0 0 0 0 0 0 0 0 3.2 0.2 5.2 0.2 2.8000000000000003 1.4000000000000001 0 5.2 4.2 0.2 1.8 0 0 0 5.800000000000001 4.4 6.800000000000001 0 0 5 0 0 0 0 0 2.2 2.6 0 0 0 0 0 7 0 1 4.6000000000000005 0 5 2.2 0 0 0 0 0 0 0 0 0 0 0.2 0 0 0 0 0 0 0 0 0 0 0 0 0 0 0 0 0 0 0 0 0 0 0 0 0 0 0.6000000000000001 0 0 0 0 0 0 0 0.2 0.4 0 1 29 0.2 0.8 0 0 0 0 0 0 0 0 0 0 0.4 0 0 0 0 0 0 0.4 0 0 0 0 0 0 3.6 0 0 0 0 0 0 0 0 2 0 0 0 0 
 7.4 25.6 31 52.2 42.400000000000006 35 8.4 41.2 44.6 9 55.2 35.800000000000004 4 23 32.2 51.6 37.6 0 8 6 0 0.4 0 0.4 0 0.2 4.800000000000001 0 0 0 0 0 14.600000000000001 0 0 0.2 0 0 26 28.6 0.2 0 0.4 0 0.4 0 0 0.6000000000000001 0.8 0 0 0.4 0 0 0 0 0 0 0 0 0 1.2000000000000002 0 0 0 0 0 0 0 0.8 0 0 0.6000000000000001 0 0 0 1.2000000000000002 0 0 1.2000000000000002 0 0 2.4000000000000004 2.4000000000000004 0 4.2 0 0 7.6000000000000005 0 3.8000000000000003 0 0 0 0.4 1.4000000000000001 0.2 0 0 0 0 0 0 0.2 0 0 0 0 6.6000000000000005 0 0 0 0.4 2 10.600000000000001 0 0 0 3.8000000000000003 5.800000000000001 0.2 0 0 2.6 0 0 0 0 0 0 0 0 0 0 0 1.2000000000000002 0 0 0 0 0 0 0.4 0 0 0 0 0 2.2 0 0 0 0 0 0 0 0 0 0 2.2 0 2.6 3.6 7.4 0 5.2 1.8 0 3 0 2.8000000000000003 1.6 0 0 7.2 5 4.2 6.800000000000001 0 0.2 5 0 4.4 0 0 0 1.4000000000000001 6.2 0 0 0 0 0 2 2 2.8000000000000003 3.4000000000000004 0 3 4.800000000000001 0 0 0 0 0 0 0 0 0 0 0 0 0 0 0 0 0 0 0 0 0 0 0 0 0 0 0 0 0 0 0 0 0 0 0 0 0 0 0 0 0 0 0 0 0 0 0 0 0 1 0 1.6 0 0 0 0 0 0 0 0 0 0 0 0 0 0 0 0 0 0 0 0 0 0 0 0 0 0 0 0 0 0 0 0 0 0 0 0 0 0 
 10.4 28 10.4 24.6 10.600000000000001 9.4 11.200000000000001 27.400000000000002 28.200000000000003 7.4 5.800000000000001 5 33.800000000000004 47.2 11.600000000000001 6.2 3.4000000000000004 8 0 18.2 0 0 0 0 0 0 0 0 0.4 0 0 0 0 0 0 0 0.2 0 0 0 0 0 0 0 0 0 0 0.6000000000000001 0.2 0 0 0.4 1.4000000000000001 0 0 0 0 0 0 0 0 0 0 0 0 0 0 0 0 0 0 0 0.6000000000000001 0 0 0 0.6000000000000001 0 0 0 5.6000000000000005 3.2 1.4000000000000001 0 0 0 10 2 0 0.2 0 0 3.6 0 2.4000000000000004 0.4 7.800000000000001 2.2 2 4.2 0 0 0 0 0 0 0 0 0 0 0 0 0 0 0 0 0 0 0 0.8 0 0 0 0 0 0 0 0 0 0 0 0 0 0 0 0 0 0 0.2 0 0.4 0 0 0 0 1.8 0.4 0 0 0 0 0 0 0 0 0 0 0 0 0 0 1.8 2.2 0 0 0 0 4.800000000000001 0 0.2 4 3.6 17.400000000000002 0.2 0 0 3.8000000000000003 0 2.8000000000000003 4.4 0 0 0 0 0 0 0 0 0 0 0 0 0 0.2 0 0 0 0 0 0 0 0 2.4000000000000004 0 0 0 0 0 0 0 0 0 0 0 0 0 0 0 0 0 0 0 0 0 0 0 0 0 0 0 0 0 0 0 0 0 0 0 0 0.4 0 4.800000000000001 0 0 0 0 0 0 0.2 0 2.6 1 0 0 0 0 0 0 0 0 0 0 0 0 0 0 0 0 0 0 0 0 0 0 0 0 0 0 0 0 0 0 0 0 0 0 0 0 0 0 
 8.200000000000001 9.4 12.200000000000001 10.200000000000001 13.8 25.400000000000002 47.400000000000006 26.400000000000002 31 18.2 11.4 49.400000000000006 55.2 16 18.400000000000002 9 7.2 6 18.2 0 0.6000000000000001 0 0 0 0 1.4000000000000001 0.4 0 0.6000000000000001 0 0.4 0.8 0 0 0 0 1.8 0.2 0 0 0 0 0 0 0 0.6000000000000001 0 0.6000000000000001 0.4 0 0 1.2000000000000002 1.4000000000000001 0 0 0 0.4 0.2 0 0 0 0 0 0 0 0 0 0 0.4 0.4 0 0.4 1 0 1.6 0.6000000000000001 0.6000000000000001 0 0 0.4 7 5.2 1.8 5.2 2.8000000000000003 0 10.600000000000001 2 2.8000000000000003 7.2 0 4.6000000000000005 5.2 0.2 2.2 0 9.600000000000001 5 5 8.200000000000001 0 0 0 0 0 0 0 0 0 0 0 0 0 0 0 0 0 0 0 0 0 0 0 0 0 0 0 0 0 0 0 0 0 0 0 0 0 0 0 0 0 0 0 0 0 0 0 0 0 0 0 0 0 0 0 0 0 0 0 0 2 0 0 0 0.2 0 0.2 0.4 0.4 0.2 0 0.2 3.6 6.6000000000000005 2 0 6.2 1.6 0 2.4000000000000004 0 0 0 0 0 0 0 0 0 0 0 0 3.2 0 0 0 0 0 0 0.2 0 0 0 0 0 0 0 0 0 0 0 0 0 0 0 0 0 0 0 0 0 0 0 0 0 0 0 0 0 0 0 0 0 0 0 0 0 0 0 0 0 5.6000000000000005 0 0 0 0 0 0 19 0.6000000000000001 0.2 1.6 2.6 0 0 0 0 0 0 0 0 0 0 0 0 0 0 0 0 0 0 0 0 0 0 0 0 0 0 0 0 0 0 0 0 0 0 0 0 0 
 0 0.4 0 1 46 15 0 0 0.4 0 7.2 14.8 0 0 0 0.4 41.2 0 0 0.6000000000000001 0 17.8 31.8 21.200000000000003 3.8000000000000003 6.2 17 31.200000000000003 21.6 6.2 5 6.4 12.8 87.80000000000001 40.400000000000006 26.400000000000002 71 9.200000000000001 7.800000000000001 21 0 0 0.6000000000000001 0 0 0 0.6000000000000001 0 0 0 0 0 0 0 0.6000000000000001 0.6000000000000001 0 0 0.2 0.6000000000000001 0 0 0 0 0 0 0 0 0 0 0 0 0.4 0 0.4 0 0 10.8 0.6000000000000001 0 0 0 0 0 6.2 2.8000000000000003 0 0 0 0 0 0 0 0 0 0 0 4 0 0 12.200000000000001 9.4 5 9.600000000000001 3.6 7.800000000000001 0 10 4 0 0.4 2 3.8000000000000003 2 5.800000000000001 6.4 2.4000000000000004 2.6 17 2.4000000000000004 0 0 0 0 0 0 2.6 0 0 0 0 0 3.8000000000000003 9.4 0 0 0 0 2 3 0 0 0 0 0 0 3.8000000000000003 0 0 0 0 0 0 0 0 0 0 0 0 0 0 0 0 0 0 0 0 0 0 0 0 1 0 0 0 0 0 0 0 0 0 7.4 15.600000000000001 0 0 0 4.4 0 6.4 6 4.2 3.8000000000000003 0.2 0 2.6 12.4 0 1.8 0 1.8 0 0 0 0 0 0 0 0 0 0 0 0 0 0 0 0 0 0 1.6 1 0 0 0 0 0 0 0 0 0 0 0 0 0 0 0 0 0 0 0 0 0 0 2.2 0 0 0 0 0 0 0 0 0 0 0 0.6000000000000001 0 0 0.2 1.8 0.4 0.4 0.2 0 0 0 0 0 0 0 0 0 0 0 0 0 0 5.800000000000001 0 0 0 0 4 0 0 0 0 0 0 0 0 
 0.6000000000000001 0 0 0 0 0.6000000000000001 0 0 0 0 0 0 0 0 0 0 0 0.4 0 0 17.8 0 54.2 59.6 18 7 20.8 35.2 120.60000000000001 21 22.400000000000002 7.2 29.400000000000002 39 51 25.400000000000002 52.6 10.8 21.400000000000002 9.200000000000001 0 0 0.8 0 0 0 0.6000000000000001 24 0.4 0 0 0 0 0 0.4 0.6000000000000001 0 0 25 0.6000000000000001 0 0 0 0 0.2 0 0 0 0 0.4 0 0 0.2 0 0.4 2.6 0.6000000000000001 0.6000000000000001 0.6000000000000001 0.4 0 0 0 0 0 0 0 0 0 0 0 0 0 0.4 0 0 0 0 0 0 0.8 0 8.8 0.2 6.800000000000001 0 0.8 7.800000000000001 0 6.6000000000000005 9.4 4.2 2.6 1.4000000000000001 2.8000000000000003 5.6000000000000005 8.6 10.4 0 0 0 0.2 0 0 0 0 2.8000000000000003 3 0 0 0 0 2 0 3.8000000000000003 0 0 0 2.2 2.8000000000000003 0.8 0 0 0 0.2 0 0 0 0 0 0 0 1.4000000000000001 0 0 0 0 0 0 0 0 0 0 0 0 0 0 0 0 0 0 2.2 0 0 0 0 0 0 1 0 7.2 5 0.4 5.6000000000000005 9 8.8 2.6 3.8000000000000003 1.8 3.4000000000000004 0.2 0 3.2 0.4 2.6 5.4 2.8000000000000003 7.800000000000001 0 0 0 0 0 0 0 0 0 0 0 0 0 0 3 3.2 0 0 0 0 3 3.6 0 0 0 0 0 0 0 0.4 0 2.4000000000000004 0.4 0 0 3 0 0 0 0 0 0 0 0 0 0 0 0 0 0 0 0 0 0 0 0 2 0 0.8 0.4 16 0 0.4 2.8000000000000003 0 0 0 0 0 0 0 0 0 0 0 0 0 0 0 0 0 0 0 10 0 0 0 0 5.6000000000000005 0 0 0 
 0.4 0 0 0 0.2 0.8 0 0 0 0 0 0 0 0 0 0 0.4 0 0 0 31.8 54.2 0 75 66.4 53 31.8 39.6 30 15.4 5.6000000000000005 8.200000000000001 13.200000000000001 26.400000000000002 23.6 9.200000000000001 51.6 35.4 25 38.800000000000004 0 0 0.4 0 0 0 0.6000000000000001 0 0 0 0.2 0 0 0 0.2 0.4 0 0 13 13.8 0 0 0 0.2 0.4 0 1.2000000000000002 0 0 0 0 0 0 0 0.6000000000000001 0 0.2 0.4 0.6000000000000001 0 0 0 0 0 0 0 0 0 0 0 0 0 0 0 0 0 0 0 0 0 4.4 3 2.2 2.8000000000000003 6 4.4 1.4000000000000001 4.800000000000001 3 0.2 2.8000000000000003 3.4000000000000004 2.8000000000000003 0.8 5.6000000000000005 4.2 7.4 8.8 0 0 0 0 0 0 0 0.2 0.4 2.2 0 0 0 0 4.800000000000001 2.4000000000000004 2.8000000000000003 0 0 0 2 0.2 0 0 0.4 0 0 0 0.6000000000000001 0 0 0 0 0 0.2 0 0 0 0 0 0 0 0 0 0 0 0 0 0 0 0 0 0 0 0 0 0 0 0 0 0 0 2.4000000000000004 2.8000000000000003 4.2 7.4 8 1.4000000000000001 0 0.2 0 4.6000000000000005 2 4.6000000000000005 0.2 0 1.2000000000000002 13.200000000000001 3 2.2 0 0 0 0 0 0.4 0 0 2.8000000000000003 0 0 0 0 0 0 0 0 0 0 0 0 1.8 0 0 0 0 0 0.2 0 0 0 0 0 0 0 0 0 0 0 0 0 0 0 0 3 0 0 0 0 0 0 0 0 0 0 0 1.4000000000000001 0 0 0 17 0 0.2 0 0 0 0 0 0 0 0 0 0 0 5.800000000000001 0 0 0 0 0 0 0 0 4.800000000000001 0 0 0 0 0 0 0 0 
 0 0 0 0 0 15.200000000000001 0 0 0.4 0 0 0 0.4 0 0 0 0 0.4 0 0 21.200000000000003 59.6 75 0 41.800000000000004 109.4 74.60000000000001 103 58 42.2 22.8 10.600000000000001 13.200000000000001 41.400000000000006 26.400000000000002 32.4 13.4 85.80000000000001 27 11.8 0 0 0.4 0 0 0 0.8 0 0 0 0 0 0 5.4 0.2 13 0 0 0.2 13.4 0 0 0 0 0.4 0 0.8 0 0 0 0 0 0 0 0.6000000000000001 0 1 0.4 0.6000000000000001 0 0 0 0 0 0.2 0 0 0.2 0 0 0 0 0 0 0 0 0 0.4 0 0 2.4000000000000004 5.2 2 3.8000000000000003 4.4 0.2 6.2 6.4 2.2 6 1.6 5.2 1.8 4 3.8000000000000003 2.6 2.8000000000000003 4.2 0 1.8 4.4 0 0 0 0 0 2.2 0.6000000000000001 3.6 0 0 0 0 1.6 2 0 0 0 4.2 4.4 0 0 1.2000000000000002 0 0 0 0 0 0 0 0 0 0 0 0 1.6 0 0 0 1.6 0 0 0 0 0 0 0 0 0 0 0 0 0 0 0 0 0 0 3 0 0.2 6.2 0 4.2 0 3.4000000000000004 3.6 4.4 0.2 0 2.2 0 3.8000000000000003 0 0 1.4000000000000001 3.8000000000000003 0 0 1.4000000000000001 0.4 0 0 0 0 0 3.6 0.2 1.8 0 0 0 2.4000000000000004 0 0 0 0 0 0 0 0.2 0 0 0 0 0 0 0 0 0 0 0 4 0.4 0 0 0 0 0 0 0 0 2.6 0 0 0 0 0 0 0 0 0 0 0 2.2 0 0 24.6 15 0.2 0.2 0.4 0 0 0 0 0 0 0 0 0 0 0 0 0 0 0 0 0 2 0 3.6 0 0 0 0 0 0 0 0 
 0 0.6000000000000001 0.2 0 0 0 0.4 0 0 0 0 0 0 0 0 0 0 0 0 0 3.8000000000000003 18 66.4 41.800000000000004 0 56.2 11.200000000000001 48 39 19.8 26.400000000000002 107.2 31.200000000000003 12.200000000000001 9.4 28.200000000000003 54.800000000000004 8.8 64 57 0 5.6000000000000005 0.6000000000000001 0 0 0.4 0.6000000000000001 0 0 0.2 0 1.2000000000000002 11.600000000000001 0.2 3.8000000000000003 0.6000000000000001 0 0 5.6000000000000005 0.8 0 0 0 0 0 0 0.4 0 0.4 0.6000000000000001 1 1.2000000000000002 11.600000000000001 0.4 0.4 0 0 0.6000000000000001 0.6000000000000001 0 0 0.2 0 0 0 0 0 0 0 0 0 0 0 0 0 0 0 0 0 0 0 0 0.8 4.4 0 0.2 0 0 2.2 2.8000000000000003 0.2 0.8 0 0 0 0 0 4.4 0 0 3.8000000000000003 1.6 3 0 0 0 4 3.8000000000000003 0.8 5.4 0.2 2.2 0.2 5.4 7.800000000000001 0 4.2 0 5.6000000000000005 1.4000000000000001 0 1 0.6000000000000001 0 0 0 0 0 0.4 0.2 0 0.8 0.2 0.6000000000000001 1.8 0.6000000000000001 0 0 0 0 0 0 0 0 0 0 0 0 0 0 0 0 0.6000000000000001 0 0.4 0 0 0 0 0 0 2 3.8000000000000003 2 0 0.2 0.2 0 0.2 0 0.2 4.800000000000001 0 0 0 0 3.2 0 0 0 2.4000000000000004 2.2 4.6000000000000005 0 0 0 3.4000000000000004 5.6000000000000005 2 0 0 0 9 0 2.2 0 8 0.4 4 4 0 0 0 0 0 0 0 0 0 0 0 0 0 0 0 0 0 0 0.2 0 0 0 0 0 0 0 0.2 0 0 0 0 0 0 0 1 0 0 0 0.6000000000000001 0 1.2000000000000002 0 0.2 0 0 0 0 0 0 0 0 2.4000000000000004 0 0 0 0 0 0 0 0 0 0 0 0 0 5.2 0 0 0 0 
 0.2 0 0 0.2 0.2 0 0 0 0 0 0 0 0 0 0 0 0 0.2 0 1.4000000000000001 6.2 7 53 109.4 56.2 0 7 62.2 12 8 10.200000000000001 13.8 16.6 10.4 7.4 11.600000000000001 12.600000000000001 11.600000000000001 7 9.4 14 12 0.6000000000000001 0 0 0 5.2 0 15.600000000000001 0.2 0 6.4 0.2 0.4 13 13.4 0.2 12.600000000000001 0 26 0 0 0 0 0.4 0 0 0 0 0.4 0 0 0 0 0.6000000000000001 0 0 0.4 0.6000000000000001 0 0 0 0 0 0 0 0 0 0 0 0 0 0 0 0 0 0 0 0 0 0 0 0 0.4 6.4 0 0 0 0 2.6 3.8000000000000003 0 0 0 0 0 0 6.4 0 0 2.6 3.2 0 1.6 0 0 0.8 2.2 1.8 4.2 6.2 5.2 0 11.600000000000001 4.2 4.6000000000000005 4.4 0 2.2 3.6 0 0 0 0 0 0 0 0 0 0 0 0 0 0 0 1.8 0 0 0 0.2 3.6 0 0 0 0 0 0 0 0 0 0 0 0.4 0 0 0 0 0 0 0 0 0.8 0 0 7.4 3.8000000000000003 0 0 0 0 0 2.4000000000000004 0 0 0 0 2.2 0 0 0 2.2 3.6 7 0 0 0 13 4.2 3.6 2 1.6 0 4.6000000000000005 2.8000000000000003 6.6000000000000005 2.2 7 0 0 2 0 0 0 0 0 0 0 2.6 0 0 0 0 0 0 0 0 0 0 4.4 1.6 0 0 0 0 0 0.2 0 0 0 0 0 0 0 0 1.8 0.2 0 0.4 0 0.4 1.6 0 0.6000000000000001 0 0 0 0 0 0 0 0 0 0 0 0 0 0 0 0 0 0 0 0 2.2 2.4000000000000004 0.4 0 0 0 0 
 0.4 0 0 0.2 0 13.200000000000001 0 0 1.4000000000000001 0.2 0.6000000000000001 0 1 0 0 0 14.8 4.800000000000001 0 0.4 17 20.8 31.8 74.60000000000001 11.200000000000001 7 0 21.8 57.400000000000006 51 88 20.400000000000002 60.2 17.6 47 8.200000000000001 23.8 21.8 27.400000000000002 59.800000000000004 0.2 0 0.6000000000000001 0 0 0 1 0 0 0 0 0 0 4.800000000000001 0.4 1 0.2 0 0 0.6000000000000001 0 0 0 0 0 0 0 0 0 0 0 0 0.4 0 0.4 0 0 0.6000000000000001 0.6000000000000001 0 0 0 0 0 0 0.2 0 0 0 0 2.2 0.2 0 0 0 0 0 0 0 0 1.2000000000000002 0 2.6 0 8 0 0 5.6000000000000005 1.6 4.6000000000000005 1.6 2.6 0.2 2.8000000000000003 16.8 4.800000000000001 8.6 2 2.8000000000000003 2.2 0 0 0 0 0 0 0 0 0 0.4 0 0 0 0 0 0 0 0 2 0 0.6000000000000001 0 0 0 0 0 0 0 0.6000000000000001 0 0 0 0 0 0 0 0 0 0 0 0 0 0 2.8000000000000003 0 0.2 0 0 2.4000000000000004 0 0.2 0.2 0 0 0 2.4000000000000004 2.4000000000000004 0 0 0 1.8 0 0 2.8000000000000003 2.8000000000000003 0 1.4000000000000001 0.2 4.800000000000001 11 3 0 3.6 0 4 5.2 0 5.4 0 0 0 0 0 0 0 0 0 0 0 0 0 0 0.2 0 0 0 0 0 0 0 1.4000000000000001 0 0 0 0 0 0 0 0 0 0 0 1.4000000000000001 0 0 0 0 0 0 0 0 0 0 0 0 0 0 0 0 0 0 0 12.8 0 0.6000000000000001 0 0 0 0.2 0.8 1.8 1.4000000000000001 0 0 0 0 0 0 0 0 0 0 0 0 0 0 0 0 0 0 0 2.6 0 0 0 0 0 0 0 0 
 0 0 0.4 0.4 0 21.400000000000002 0.2 0 0.6000000000000001 0 0 0.6000000000000001 0 0 0 0 0.6000000000000001 0 0 0 31.200000000000003 35.2 39.6 103 48 62.2 21.8 0 66.8 48.400000000000006 25 20.8 23.8 145.6 47.800000000000004 31 13 22.8 14.4 8.6 0 0 0.6000000000000001 0 0 0.4 0.6000000000000001 0.4 0 0.2 0 0.4 0 0 0.8 0.6000000000000001 0 0 25.6 0.6000000000000001 0 19.6 0 0 0 0 0.6000000000000001 0 0.4 1 1 0 0.4 0 0.4 0 2.6 0.6000000000000001 0.6000000000000001 0 0 0 0 0 0 0 0 0 0 0 0 0.2 0 0 0 0 0 0 0 0 6 10.8 7.4 5.4 3.6 0.4 2.2 6.2 5.4 3.2 2.6 0 1.2000000000000002 2 5.800000000000001 5 0.4 2.6 0 2.6 0 0 0 0 0 0 2.6 3 0 1.6 0 0 8 6.4 0 0 0 0.2 2.4000000000000004 10.200000000000001 0 0 0.4 0 0 0 0.2 0 0 0 0 0 0 0 0 0 0 0.2 0 0 0 0 0 0 0 0 0 0 0 0 0 0 0 0 0 0 0 0 2.8000000000000003 0 0 6 7.800000000000001 0 0 7.800000000000001 0.2 4.6000000000000005 0 3.4000000000000004 3.6 0 2.6 0 0 4.2 3.2 4.800000000000001 0 0 0 0.4 0 0 0 0 1 2.2 0 0 0 0 4.4 0.2 0 0 0 0 1.8 4 0 0 0 0 0 0 0 0 0 0 0 0 0 0 0 0 0 0 0 0 0 0 2.2 0 0 0 0 0 0 0 0 0 0 0 2.2 0.4 0 0.2 17 0 0 0.4 0 0 0 0 0 0 0 0 0 0 0 0 0 0 0 0 0 0 0 3 0 0.4 0 0 0 0 0 0 
 0 0 0 0.2 0 15.200000000000001 0 0.4 0 0 0.2 0 0 0 0 0 0.4 0 0.4 0.6000000000000001 21.6 120.60000000000001 30 58 39 12 57.400000000000006 66.8 0 60.6 11 5 45.800000000000004 44.2 31 26.8 100.2 7.2 29 15.600000000000001 0 0 0.6000000000000001 0 0 0 0.8 0 0 0 0 0 0 0.8 0.6000000000000001 0.6000000000000001 0.2 0 0 0.6000000000000001 0 0 0 0 0 0 11.4 0 0 0 0 0 0.6000000000000001 0 0.4 0 1.2000000000000002 0.6000000000000001 0.6000000000000001 0 0 0 0 0 0 0 0 0 0.2 0 0 0 0 0 0 0 0 0 0 0 2.4000000000000004 4.6000000000000005 0 0.2 0 2.2 6.6000000000000005 0 4.4 7.4 5 0.2 0 4.2 0.4 3.2 3.2 5 0 0 0 0 0 0 0 0 2.2 3.6 0 0 0 0 2.6 0 0.2 0 0 0 7.2 2.4000000000000004 0 0 0.2 0 0 0 0.6000000000000001 0 0 0 0 0 0 0 0.4 0 0 0 0 0 0 0 0 0 0 0 0 0 0 0 0 0 0 0 0 0 0 0 0 0 0.4 9.600000000000001 3.4000000000000004 3.8000000000000003 0 8.6 3.6 3.8000000000000003 2.4000000000000004 0 8 5.2 2.6 0 3.6 2.6 8.8 1.8 0 0.2 0 0 0 0 0 0 0 0.4 0 0 0 0 3.2 0 0 0 0 0 5 0.4 0 0 0 0 0 0 0 0 0 0.2 0 0 0.4 0 0 0 0.2 0 0 0 0 0 0 0 0 0 0.2 0 0 0 0 0 0 0 1.8 0 0.4 0.2 0 0.4 4 0 0 0 0 0 0 0 0 0 0 0 0 0 0 0 0 0 0 0 0 0 0 0 0 0 0 0 0 0 
 0 0.2 34.6 0.2 0 24 0 0 0.6000000000000001 0 0.6000000000000001 0 0.4 0 0 0.2 0 0 0 0 6.2 21 15.4 42.2 19.8 8 51 48.400000000000006 60.6 0 40 12.4 8 11.4 28.200000000000003 42.6 88 36.6 17.8 32 0 0 1.4000000000000001 0 0 0.6000000000000001 0.6000000000000001 0 0.4 1.6 0 0 0 0 0.4 1.2000000000000002 0.2 0 12.8 1.4000000000000001 0 0.2 0.4 0 0 0 1 0 0 0 0.4 10.200000000000001 0.4 0 0.4 0.6000000000000001 0.8 0.6000000000000001 0.6000000000000001 0 0 0 0 0 0 0 0 0 0 0 0 0 0 0 0 0 0 0.4 0 0 0 5.6000000000000005 7 6.800000000000001 0 10.8 1.8 2.8000000000000003 2.6 3.8000000000000003 5.6000000000000005 4.800000000000001 1.4000000000000001 0 2.6 2.8000000000000003 2 0 0 1.8 0 5.6000000000000005 0 0 0 0 4 2.2 0 0 4.800000000000001 0 0.8 0.4 4 0 0 0 6.6000000000000005 0 0 0 0 0 0.2 0 0 0 0 0 0 0 0 0 0 0 0 0 0 0 0 0 0 0 0 0 2.4000000000000004 0 0 0 0 0 0 0 0 0 0 0 0.2 0 0 0 3.4000000000000004 0 4.4 22.200000000000003 2 5.2 9.4 3.2 2.2 0 2.4000000000000004 2.6 0 0.6000000000000001 4.6000000000000005 9.8 0 0 1.4000000000000001 0 0 0 0 0 0 2.6 0 0 0 0 0 0 0 0 2.6 0 0 1.2000000000000002 0.2 0 0 0 0 0 0 0 0 0 0 0 0 0.4 0 0 0 0.2 0 0 0 0 0.4 0 0 0 0 0 0 0 0 0 0 0 1.6 0.4 0.4 5.4 8.8 0 0 0 0 0 0 0 0 0 0 0 0 0 0 0 0 0 0 0 0 0.2 0 0 0 0 0 0 0 0 0 0 
 0 0.2 0 0.4 0 0 0 0 0 0 0 0 0 0 0 0 0 0 0 0.4 5 22.400000000000002 5.6000000000000005 22.8 26.400000000000002 10.200000000000001 88 25 11 40 0 54 8.200000000000001 9.4 12.200000000000001 11.8 25.200000000000003 37.800000000000004 6.6000000000000005 11.4 0 0.2 0.6000000000000001 0 0.6000000000000001 0.6000000000000001 5.2 0 0 0 0.4 0 0.2 0 0.4 0.6000000000000001 0 0.6000000000000001 42.400000000000006 0.6000000000000001 0 0 0.6000000000000001 0 0.2 0 0 0.6000000000000001 0 0 0.6000000000000001 0.4 0.2 0 1.2000000000000002 1.4000000000000001 0.6000000000000001 0.6000000000000001 0.6000000000000001 0 0 1.6 0 0 0 0 0 0 0 0 0 0 0 0 0 0 0 0 0 0 0 3.2 11.200000000000001 2.4000000000000004 0 5 0 0 2.6 0.2 3 4.800000000000001 3 0 0 0 2 3.4000000000000004 0 0 4.2 0 3.6 0 0 0 0.4 1.4000000000000001 2.6 0 0 0 6.4 0 3 1 0 2.8000000000000003 2.8000000000000003 3.8000000000000003 0 0 1.4000000000000001 2.6 0 0 0 0 0 0 0 0 0 0.4 0 0 0 0 0 0 0 0 0 0 0 0 0.2 0 0 0 0 0 0 0 0 0 0 0 0 0 0 0 0 2 2.6 13.4 1.8 2.4000000000000004 9.200000000000001 5.2 1.8 0 0 0 4.4 0.4 2.6 4 0 0 2 0 1.8 0 0 0 1 5.2 2.2 3.8000000000000003 0.2 0 2 5 0 0 2.2 0 0 4.4 0 0 0.2 0 0 0 0 0 0 0.4 0 0 0 0 0 0 0 0 4 0 0 0 0 0 0 0 0 0 0 0 0 0 0 0 0.8 0 0 6 5 0.6000000000000001 0.2 0 0 0 0 0 0.6000000000000001 0 0 0 0 0 0 0 0 0 0 0 0 0.2 0 2.8000000000000003 0 0 0.4 0 2.8000000000000003 0 0 0 
 0 0 0 0 0 0.6000000000000001 0 0 0 0.6000000000000001 0 0 0 0 0 0.6000000000000001 0 0 0 0.8 6.4 7.2 8.200000000000001 10.600000000000001 107.2 13.8 20.400000000000002 20.8 5 12.4 54 0 9 4.4 6.4 22.6 32.800000000000004 29.400000000000002 4.2 59.2 0.2 12.600000000000001 0.8 0 0 0 0.6000000000000001 0 13 0 0 0.2 17.400000000000002 0 12.8 0.6000000000000001 0 0 19 13.8 10.600000000000001 0 0 0 0 0 0.2 0 0 0 0 0.2 1 0.8 0.4 0 0 0.6000000000000001 0.6000000000000001 0 0 0 0 0 0 0 0 0 0 0 0 0 0 0 0 0 0 0 0 0 0 0.6000000000000001 3.2 2 1.8 1.2000000000000002 0 0 4 0 0 0 0 0 0 0 0 0 0 0 6.4 1.6 5 0 0 0 5.2 4.4 1.6 0.2 2 0.2 2.6 8.200000000000001 1.8 4.2 2.4000000000000004 0 4.6000000000000005 3.4000000000000004 0 0 0 0 0 0 0.4 0 0 0 0 0 0 0 0 0 0 0 0 0 0 0 0 1.8 0 0 0 0 0 0 0 0 0.4 0 0 0 0 0 0 0 0 0 4 0 2 5.4 0 0 0 0 0.2 7.800000000000001 0 0 0 0 0 0 0 0 4.2 2 1 0 0 0 5 6.2 3.6 3.8000000000000003 0 0 2.2 4.800000000000001 5.6000000000000005 1.8 20.8 0 6.6000000000000005 5.800000000000001 0 0 0 0 0 0 0 0 0 0 0 0 0 0 0 0 0 0 0 0.2 0 0 0 0 0 0 0 0 0 0 0 0 0 0 0.6000000000000001 0 0.2 0 0 0.4 0.2 0 0 0 0 0 0 0 0 0 0 0 0 0 0 0 0 0 0 0 0 0 0 0 0 0 0 0 0 0 
 0.4 0 1.8 0.6000000000000001 0.4 6 0.4 0 0 0 1.6 0 0 0 0 15.600000000000001 0.2 14.600000000000001 0 0 12.8 29.400000000000002 13.200000000000001 13.200000000000001 31.200000000000003 16.6 60.2 23.8 45.800000000000004 8 8.200000000000001 9 0 34.6 27 11.8 16.400000000000002 4.4 45 42.400000000000006 1.6 0 0.4 0.4 0.2 1.2000000000000002 0.6000000000000001 0 0.8 0 0 0 12.200000000000001 0 0.2 1.6 0 0.6000000000000001 0 1.8 0 0.4 0.6000000000000001 0 0.4 0 0.4 0.4 0 0.2 1.6 0.6000000000000001 0.4 0 0.6000000000000001 0.6000000000000001 9.4 0.4 0.6000000000000001 2.4000000000000004 0 0 0 0.2 0 0 0 0 0 0 0 0 0 0 0 0 0 0 0 0 0 0 1.6 0 0 2.2 0.4 4.2 3.6 8.4 3 2.8000000000000003 0 3.4000000000000004 0 7.6000000000000005 10.600000000000001 2.2 4.6000000000000005 0 2.6 0 0.4 0 0 0 0.2 0.2 0 0 0 0 0.4 0 0 0 0 0 0.2 0 0.2 0 0 0 0 0 0 0 0.6000000000000001 0 0 2.4000000000000004 0 0 0 0 0 5 0.4 0 0 0 1.6 0 0 0 0 0 0 0 0.2 0.6000000000000001 0 0 0 0 0 0.2 0 0 3.2 2.4000000000000004 2.6 2.4000000000000004 0 0 10 0 5.2 6 2 0 3.4000000000000004 2.6 4.4 0 2.6 7.2 2.6 2.4000000000000004 0 1.6 0 0 0 0 0 0 0 0 0 0 0 0 0 0 0 0 0 0 0 0 0 0 0 0 0 0 0.4 0 0 0 0 0 0 0 0 0 0 0 0 0 0 0 0 0 0 0 0 0 0 0 0 0 1.2000000000000002 0.2 0 0.2 0 0 10.8 1.8 0 0 0 0 0 0 0 0 0.4 0 0 0 0 0 0 0 0 0 0 0 0 0 0 0 0 0 0 0 
