 0 24.8 57.2 13.4 5.800000000000001 4.4 44.400000000000006 48.400000000000006 5.4 24.6 8.4 7.800000000000001 9.8 26.200000000000003 28.6 18.2 7.4 7.2 56.400000000000006 45.800000000000004 0.8 0.2 0 0.6000000000000001 0.6000000000000001 0.4 1 0.4 1 0.8 0.4 0.8 0 0.6000000000000001 0 0.4 0 0.6000000000000001 15.200000000000001 0.2 0.4 0 0 1.2000000000000002 0.2 0 0 0 0.2 0.6000000000000001 2.4000000000000004 0 0 0.8 0.4 1.4000000000000001 0.6000000000000001 0 0 1 0 0.4 7.4 0 0.6000000000000001 0 0.4 0 10.4 0 0 0 0.2 10.600000000000001 0 0 0 0.4 0 0.4 0 0 0.4 0 0 2.6 3.4000000000000004 4.6000000000000005 0 8.6 0 2.8000000000000003 2.4000000000000004 5.4 4.2 5.2 2.4000000000000004 3.4000000000000004 0.2 0 2 3.2 0 0 0 0 0 0 0 0 0 0 0 0 0 0 0 0 3.6 0 0 0 0 0 0 0 0 2.6 0 0 0 0 0 0 0 0 0 0 0 0.2 0 0 0 0 0 0 0 0 0 0 0 0 0 0 0 0 0 3.2 0 0 0.4 2.8000000000000003 10 0.2 1.4000000000000001 2.6 2.8000000000000003 0 0.2 1 0.2 1.4000000000000001 0 0 2.2 0.2 3 3.6 0 0 3.6 0 0 0 0 0 0 0 0 0 0 0 0 0 0 0 0 0 0 6.2 0 0 0 0 0 0 0 0 0 2.2 0 0 0 0 0 0 0 0 0 0 0 0 1.6 0 0 0 0 0 0 0 0 0 0 0 0 0 0 0 0 0 0 0 0 0 0 0.2 17.8 0 0 8.8 0 0.4 0 0 0 0 0.2 0 0 0 0 0 0 0 0 0 0 0 0 0 0 0 0 0 0 3.2 0 0 0 0 0 0 0 0 0 0 0 0 0 0 
 24.8 0 64.4 10.8 8 9.8 33.800000000000004 113.4 33.800000000000004 87.2 9.4 23.8 21.8 47.2 51 29.8 43 11.8 3 71.4 0 0.8 0 0.6000000000000001 0.6000000000000001 1 0.8 0 0.4 16.2 0 1 0.6000000000000001 6.6000000000000005 0 0.4 0 0 15 0 0 0 0 1 1 0 0 0.6000000000000001 0 1.2000000000000002 1.4000000000000001 0 0 0.4 0.2 1 0.4 1 0 0.6000000000000001 0 0 0 0 0.6000000000000001 0.2 8.200000000000001 1.2000000000000002 0 0.8 0 0.8 1.4000000000000001 0.2 0 0 0 0 0 0.4 1.6 4.800000000000001 0.2 0 1.6 4 0 2.6 3.8000000000000003 5.2 0 5.2 0 8 0.8 1.6 6.800000000000001 4.4 2 2 0 0 0 0 0 0 0 0 0 0 0 0 0 0 4.6000000000000005 0 0 0 2 0 0 0 0 0 2.8000000000000003 0 0 3 0 0 0 0 0 0 0 3.8000000000000003 0 0 0 0 0 0 0 0 0 0 0 1 0 0.2 0 0 0 0 0 0 0 0 0 0 0 2.8000000000000003 9.4 3.4000000000000004 1.6 5.800000000000001 0.6000000000000001 2.8000000000000003 2.8000000000000003 2 1.6 1.6 1 0 1 7.800000000000001 3 3 11.8 0 2 0 0 0 0 0 0 0 0 0 0 0 0.2 0 0 0 0 0 0 0.2 0 0 0 0 0 0 0 0 0 1.8 0 0 0 0 2.6 0 0 0 0 0 0 0 0 0 0 0 0 0 0 0 0 0 0 0 0 0 0 0 0 0 0 0 0 0 0 0 18.400000000000002 0 0 0.6000000000000001 0 2.2 0 0 0 0 0 0 0 0 0 0 0 0 0 0 0 0 0 0 0 0 0 0 0 1.6 0 0 0 0 0 0 0 0 0 0 0 0 0 0 
 57.2 64.4 0 28 28.200000000000003 7.4 15 62.6 42.400000000000006 89 46.2 62 10.600000000000001 87.2 54.2 33 13.200000000000001 24.6 22 3.8000000000000003 0 0 14.600000000000001 0.6000000000000001 0.6000000000000001 0.2 0 0.4 0.4 0.4 0 0.8 0.4 0 0 0.2 0 0 0 14.4 0 0 0 0 0 0 0 0 0 0.6000000000000001 0 0 0 0.6000000000000001 0.6000000000000001 0 0 0 0 0.6000000000000001 0 0 0 0 0.6000000000000001 0.6000000000000001 0 0.4 0 0 0 0 11.4 0.6000000000000001 0 0.2 0 0 0 0.4 1.2000000000000002 5 3.6 0 5.2 8.200000000000001 2.6 5 6.4 4.4 1.8 9.600000000000001 0 4.2 3.6 3.8000000000000003 2.6 3.6 0.2 1.8 0 0 0 0 0.4 0 0 0.2 0 0 0 0 0 0 0 0 0 0 3 1.4000000000000001 0 0 0 0 0 0.2 0.2 0.2 0 0 0 0.2 0 0 0 0 0 0 0 0 0.2 0.4 0 0 0 0 0 0.6000000000000001 0.2 1.2000000000000002 0 0 0 0.6000000000000001 0.6000000000000001 0 0 0 0 0.4 0 7.4 6.4 0 3.4000000000000004 9 0 4.800000000000001 0.2 0.4 5 0.8 0.2 0.2 0 3.2 0.6000000000000001 0 0 6.6000000000000005 0 2.6 0 0 0 0 0.2 0 0 0 0 1.2000000000000002 0 0 0 0 0 0 0 6.800000000000001 0.4 0 0 0 0 0 0 0 0 0 0 0.4 0 0 2.2 0 0 0 0 0 0 0 0 0 0 1.4000000000000001 0 0 0 0 0 0 0 0 0 0 0 0 0 0 0 0.4 0 0 0 1 0.4 0.4 0.4 0.2 0 0.4 0 0 0 0 0 0 0 0 0 0 0 0 0 0 0 0 0 0 0 0 0 0 0 2.8000000000000003 1 1.8 0 0 0 0 0 0 0 0 0 0 0 0 
 13.4 10.8 28 0 72.2 49 18.2 15.8 31.8 37.2 38 52.400000000000006 16 104.60000000000001 19.6 9 10 28 59.2 53 0 0.4 0 15.4 0.6000000000000001 0.2 13.600000000000001 0 0.4 0 0 7.4 3.4000000000000004 14.8 0 0.2 0 0 29.400000000000002 37.800000000000004 0 0 0 0 0.2 0 12.600000000000001 0 0 18.8 2.2 0 0 0.4 0.4 0 0 0 0 0.6000000000000001 0 0 0 0 0.6000000000000001 0 0 0 0 0 0 0 0.2 0.4 0 0 0.4 8.6 0 0.4 0 0 6.2 1.8 0 5.800000000000001 0 0 0.2 5.800000000000001 5.800000000000001 6.2 0 0 0 2.2 6.2 3 0 0 0 2.4000000000000004 0 0 0 0 7.6000000000000005 0 0 0.2 0 0 2.4000000000000004 4 3 2.4000000000000004 0.4 0 4.6000000000000005 1.8 0 0 0 0 0 0 0 0 0 0 0 0 0 0 0 0 0 0 0 0 0 0 0.2 0 0 0.2 0 0 0 0 0 0 0 0 0 0 0 0 0 0 0.4 0 4.800000000000001 2.8000000000000003 6.2 6.800000000000001 0 0 0 3.8000000000000003 0.6000000000000001 2 0 0 6.800000000000001 0 3.4000000000000004 0 0 0 8.6 3.2 0 0 0 0 7.6000000000000005 0 0 0 0 0.4 4.800000000000001 3.6 0 4 0 0 0.2 12.8 0 0 0 0 0 0 0 0 0 0 0 0 0 0 0 0 0 3.2 0 0 0.4 0 0 0 0 0 0 0 0 0 0 0 0 0 0 0 0 0 0 0 0 0 0 0 0 1 35 0 0.2 0 0 0.4 0.4 0 0 0 0 0 0 0 0 0 0 0 0 0 0 0 0 0 0 0 0 0 0 0 0 0 0 2.4000000000000004 0 0 0 0 0 0.4 0 0 0 0 
 5.800000000000001 8 28.200000000000003 72.2 0 54.400000000000006 8 10.8 38.800000000000004 82 53.2 29.8 16.2 15.600000000000001 106.4 36.800000000000004 12.4 23.400000000000002 16.400000000000002 18.8 0 0.2 0 0.6000000000000001 0.6000000000000001 0.4 31 0 0.4 0 0 16 30.200000000000003 12.600000000000001 0 0.4 0 0 12.4 49.400000000000006 0.4 0 0 0 1 0.4 0 0 0 1.4000000000000001 0.2 0 0 0.4 0.2 0 0 0 0 0.6000000000000001 1.2000000000000002 0 0 0 0.6000000000000001 0.2 0 0 0.4 0 0 0 0.4 7 0 0 0.8 6.2 0 0.4 0.6000000000000001 2.6 1.8 2 2 4 0 0 2.4000000000000004 6 3.8000000000000003 1.6 2.2 0 0 1 3.6 0.2 0 0 3.4000000000000004 0 0 0 0 0 8.4 3.4000000000000004 0 0 0 0 2.2 1.6 5.800000000000001 3.6 0 0 4.800000000000001 1.2000000000000002 0 0 0 0 0 0 0 0 0 0 0 0 0 0 0 0 0 0 0 0 0 0 0 0 0 0 0 0 0 0 0.8 0.4 0 0 0 0 0 1 0 0 0 0 0.2 1.4000000000000001 0 0.2 0 0 0 4.6000000000000005 2.6 2.4000000000000004 0 2.2 0 0 5.6000000000000005 2.6 0 0 4.2 0 0 0 0 0 16 4.2 8.6 0 0 0 3.6 7 3.2 2.6 2 0 7.2 2.6 0 0 0 0 0 0 0 0 0 0 0 0 0 0 0 0 0 0 0 0 0 0 0 3 0 0 0 0 0 0 0 0 0 0 0 0 0 0 0 0 0 0 0 0 0 0 17.6 0 0 0 0 3.4000000000000004 10.200000000000001 0 0 0 0 0 0 0 0 0 0 0 0 0 0 0 0 0 0 0 0 0 0 0 1.8 0 0 0 0 0 0 0 0 0 0 0 0 1.6 
 4.4 9.8 7.4 49 54.400000000000006 0 7.4 9.200000000000001 27.200000000000003 30 49 18.6 9.200000000000001 6.800000000000001 16.2 14 56.6 56.2 10.600000000000001 10.4 0 31.400000000000002 0.2 1 0.6000000000000001 0.2 14.8 0.6000000000000001 0.4 1 0.4 0.8 7.6000000000000005 5 15.600000000000001 0.6000000000000001 0 0.6000000000000001 37.2 50.6 0 0 0.2 0 0.8 1 0 0 0 3.6 1 1 0 0.4 0.6000000000000001 0 0.6000000000000001 0.6000000000000001 0 0.6000000000000001 0 0 0 0.2 11.200000000000001 0 0.4 0.6000000000000001 0.2 0 1.2000000000000002 2.6 6.4 1.8 0.2 0 1.6 10.600000000000001 0 0.4 0 0 3 0.4 1 0 0 0 0.2 0 5.800000000000001 4.6000000000000005 0 0 0 0 0 0 0.8 0 1.6 0.4 0.8 0 0 0 5.800000000000001 12 0 0 0.8 0 7 4 9.600000000000001 4 0 0 3.8000000000000003 2.2 0 0 0 0 0 0 0 0 0 0 0 0 0 0 0 2.8000000000000003 0 0 3.6 0.4 0 0 0 0 0 0 0 0 0 3.8000000000000003 0.4 0 0 0 0 0 0 0 0 0 0 0 0 1.8 0.4 0.2 0 0 0 6.4 0.2 0 1.2000000000000002 0 0 0.2 0.2 0.2 0 0 9 3.2 0 0 0 0 7.4 3 0 0 0.2 0 0.2 3.2 2.2 2 3.6 0 7 13.600000000000001 0 0 0 0 0 0 0 0 0 0 0 0 0 0 0 0 0 0 0 6.2 0 0.2 0 0 0 0 0 0 0 0 0 0 0 0 0 0 0 0 0 0 0 0 0 0 0 1 0.2 0 0 0.8 0 3.6 0 0.4 0 0 0 0 0 0 0 0.2 0 0 0 0 0 0 0 0 0 0 0 0 0 0 0 0 0 0 0 0 0 0 0 0 0 0 0 0.2 
 44.400000000000006 33.800000000000004 15 18.2 8 7.4 0 37 10.200000000000001 9.8 66.60000000000001 5.800000000000001 35 38.2 41 5.2 23.200000000000003 26.200000000000003 14.8 48.800000000000004 0 0 0.6000000000000001 2 1 0.2 0.4 0 16.2 0 0 1 0 0 0.2 0.2 0 0.4 0 0 0.6000000000000001 0 0 0 0.4 1 0.6000000000000001 0 0.4 1.8 0 0.6000000000000001 7 1.2000000000000002 0.6000000000000001 0.6000000000000001 0 0.4 0 1.2000000000000002 0.4 0 0.4 0 0.6000000000000001 0.4 0.8 0.6000000000000001 0.2 0.2 0.4 0 5.6000000000000005 0.6000000000000001 0 0.4 0.6000000000000001 0.2 0 0.6000000000000001 2 4.4 1.6 0 3.6 3.2 4.800000000000001 4.4 3.2 3 0 4.6000000000000005 2.8000000000000003 5.4 6.800000000000001 5.2 8.200000000000001 5.4 6.6000000000000005 2.2 0 0.4 0 0 0 0 0 0 0 0 0 0.2 0 0 0 0 0 0 3 0 0 0 0 0 0 0 0 2.8000000000000003 0 0 0 0 0 0.2 0 0 0 0 0 0.2 0 0 0 0 0 0 0 1.4000000000000001 0 1 0.4 0 0 0 0 0 0 0 0 0 0.2 4 0.2 6.6000000000000005 0 0 1.6 0 1.6 0 9.200000000000001 0.4 1.8 0 0.4 1.8 0 2 2.2 10.4 0 0 0 0 0 3.6 0 0 0 0 0 0 3.8000000000000003 0 0 3 0 0 0 0 0 0 0 0 0 0 0 0 0 0 0 0 0 0 0 0 0 0.2 0 0 0 0 0 0 0 0 0.4 0 0 0 0 0 0 0 0 0 0 0 0 0 0 0 0 0 0 0.4 0.4 0 0 1.8 0 0.8 0 0.2 0 0 0 0 0 0 0 0 0 0 0 0 0 0 0 0 0 0 0 0 0 7.800000000000001 2.6 0 0 0 0 0 0 0 0 0 0 0 0 0 
 48.400000000000006 113.4 62.6 15.8 10.8 9.200000000000001 37 0 36.4 9.200000000000001 49 9.200000000000001 55.6 56.800000000000004 50.2 63.800000000000004 10 16.2 27.200000000000003 18.8 0 0 0 0.6000000000000001 1 0.2 0.4 0 0.4 0.6000000000000001 0 0.6000000000000001 0 0 0.2 0.8 0 0.4 0 0.2 0 0 0.6000000000000001 0.6000000000000001 0.4 0 0 0 0 1.2000000000000002 0.6000000000000001 0 0 0.6000000000000001 1 0 0 0.2 0 0.6000000000000001 0.4 0.4 0.4 0.2 0.6000000000000001 0 0 0.6000000000000001 0.6000000000000001 0 0 0 0.4 0.8 0.6000000000000001 0.4 0 0 0 1.4000000000000001 2 5 0 4 0 0 4 2.6 3.2 0 0 0 0 5 8.8 0 9 1.4000000000000001 6.4 4 0 0 0 0 0 0 0 0 0 0 0 0 0 0 0 0 0 0 2.6 0 0 0 0 0 0 0 0.2 2 0 0 0 0 0 0 0 3.6 0 0 0 0 0 0 0 0 0 0 0 1 0 0 0 0 0 0.2 0 0 0 0 0 0 3 4 1.8 3.2 3 0 2.6 3.2 0 1.4000000000000001 0 4 4 0 6.4 4.6000000000000005 3 3.2 0.2 0.2 2.6 0 0 0 0 0.4 0 0 0 0 0 0 0 0 0 0 0 0 0 0.2 0 0 0 0 0 0 0 0 0 3 0 0 0 3.8000000000000003 0.2 2.8000000000000003 0 0 0 0 0 0 0 0 0 0 0 0 0 0 0 0 0 0 0 0 0 0 0 0 0 1 0 0 0 0.8 0.4 0 18.2 18.2 0.4 2 2 0 0 0 0 0.4 0 0 0 0 0 0 0 0 0.8 0 0 0 0 0 0 0 0.4 2.6 0 0 0 0 0 0 0 0 0 0 0 0 0 1.4000000000000001 
 5.4 33.800000000000004 42.400000000000006 31.8 38.800000000000004 27.200000000000003 10.200000000000001 36.4 0 17.2 43.6 43.400000000000006 28.200000000000003 47.800000000000004 19.400000000000002 68.60000000000001 51.400000000000006 40.6 20.200000000000003 10.4 0 0 0 0.6000000000000001 0.6000000000000001 0.2 0.4 0 0.4 0 0 1 23.6 0 0 0.2 0 0 0.2 0.6000000000000001 0 0 0 0.8 0 0 0 0 0 1.6 0 0 0 0.6000000000000001 0.6000000000000001 0 0 0 0 0.6000000000000001 0 0 0 0 0.6000000000000001 0 0 0.4 0.8 0 0 0 0.8 0.6000000000000001 0 0.2 0 6 0 0.4 4.800000000000001 5.800000000000001 0.4 8.6 5.2 3.8000000000000003 5 3.4000000000000004 3.6 4.4 2.8000000000000003 3 0 0 6.800000000000001 2.8000000000000003 0 4.4 0 1.8 0 0 0 0 0 0 3.6 1.4000000000000001 0 0 0 0 0.2 2.2 2 0 0 0 5 0 0 0 0 0 0 0 0 0 0 0 0 0 0 0 0 0 0 0 0 0 0 0 0 0 0 0 0 0 0 1.6 0 0 0 0 0 0 0 0 1.2000000000000002 0 1.6 3.4000000000000004 5.2 2.6 0.8 1.8 0 7.4 2 6 1.8 1.4000000000000001 0 2 0 2.6 2.8000000000000003 0 0 3.8000000000000003 0 0 0 0 0 0 1.6 0 0 0 0 0 2.8000000000000003 3 0 2.2 0 0 2.4000000000000004 2 0 0 0 0 0 0 0 0 0 0 0 0 0 0 3.4000000000000004 2.8000000000000003 0 0 0 0 0 0 0 0 0 0 0 0 0 0 0 0 0 0 0 0.2 0 0 0 0 0 0 0 0 0 0.4 0.2 0.4 0.6000000000000001 0.4 0 1.8 2.4000000000000004 0 0 0 0 0 0 0 0 0 0.2 0 0 0 0 0 0 0 0 0 0 0 0 7 1 2.4000000000000004 0 0 0 0 0 0 0 0 0 0 0 0 
 24.6 87.2 89 37.2 82 30 9.8 9.200000000000001 17.2 0 19.200000000000003 40.6 26.8 17.400000000000002 26.8 54.800000000000004 70 61.2 19.200000000000003 17.400000000000002 0 0 0 0.6000000000000001 1 0.2 15.4 16 0.8 0 0 0.6000000000000001 0 15 0 0 0 0.2 19.6 15.600000000000001 0 0 0 0 0.2 0 0 0.8 0 0.8 1.4000000000000001 0 0 0.4 0.4 0 0 0 0 0.6000000000000001 0 0 0 0 0.6000000000000001 0 0 0.2 0 0 0 0 0.2 0.6000000000000001 1 0 0 0 0 0.4 2 2.6 5.2 2 0 3.4000000000000004 0 0 5.6000000000000005 7 0.4 15.200000000000001 0 2.6 0 1.2000000000000002 8 2 0 0.2 3.4000000000000004 0.2 0 0 0 0 5.4 0 0 0 0 0 2.4000000000000004 0 0.6000000000000001 1.8 0 0 5.800000000000001 1.8 0 0 1.2000000000000002 0 0 0 0 0 0 0 0 0 0 0 0 0.2 0 0 0 0 0 0 0 0 0 0 0 4 0 0 0.6000000000000001 0 0 0 0 0 0 0 0 0 0 0 3.8000000000000003 0.2 10 17.8 2.2 0 0 2.4000000000000004 4.6000000000000005 3.6 0 1.8 0 3.8000000000000003 9.4 2.6 0 0 10.8 3.2 0 0 0 0 0 7 0 0 0 2 4.4 7.4 0.2 0 0 0 0.6000000000000001 6 0 0 0 0 0 0 0 0 0 0 0 0 0 0 0 0 0 0 0 0 0 0 0 0 0 0 0 0 2.8000000000000003 0 0 0 0 0 0 0 0.4 0 0 0 0 0 0 0 0 0 18.2 0 0 0.4 0.2 2.6 0 0 0 0 0 0 0 0 0 0 0 0 0 0 0 0 0 0 0 0 0 0 0 0 0 0 0 0.2 0 0 0 0 0 0 0 0 0 0 
 8.4 9.4 46.2 38 53.2 49 66.60000000000001 49 43.6 19.200000000000003 0 23.200000000000003 7 10.200000000000001 76 19.200000000000003 88.2 11.8 5.6000000000000005 54.6 0 0.2 0 1 0.6000000000000001 0.4 22.200000000000003 0 0.4 0 1.2000000000000002 1.2000000000000002 22.400000000000002 14.8 0 0.4 0 0 24.400000000000002 25.400000000000002 0 0 0.4 1 0.6000000000000001 0 0.4 0 0 0.6000000000000001 0.4 0 0 0.4 0 0 0.6000000000000001 0 0 0.6000000000000001 0 0 0 0 0.6000000000000001 0 0.4 1 0 0 0 0 12.200000000000001 0.2 0.8 0 0.8 0.2 0 0.4 0 0.2 0 0 5.6000000000000005 8 2.4000000000000004 2 0 3.2 1 4 0.4 3.8000000000000003 3.4000000000000004 0.2 3.4000000000000004 3 0 0 0.2 1.8 0 0 0 0 3.6 2 0 0 0 0 5.2 0 1.6 4.6000000000000005 0 0 3.6 1.2000000000000002 0 0 0 0.4 0.2 0 0 0 0 0 0 0 0.4 0 0 0 0 0 0 0 0 0 0 0 0 0 0 0 0 1.8 0 0 0 0 0 0 0 0.2 0 0 0 8 1.4000000000000001 0 2.2 0 0 4.800000000000001 2.4000000000000004 0 3.2 0.6000000000000001 0.2 0.2 0 0 0 0.4 2.2 6 3.8000000000000003 0 0 0 0 0 9.200000000000001 0 0 0 0 0 2.4000000000000004 0 3.6 0.2 2 0 0 2.8000000000000003 0 0 0 0 0 0 0 0.2 2.2 0 0 0 0 0 0 0 0 0 4.2 0 0 0 0 0 0 0 0 0 0 0 0 0 0 0 0 0.4 0 0.2 0 0 0 0 0 0 0 0.6000000000000001 0.2 0 0 0.4 0.4 1.6 0 0 0 0 0 0 0 0 0 0 0 0 0 0 0.2 0 0 0 0 0 0 0 0 3 4.6000000000000005 3.2 0 1.8 0 0 0 0 0 0 0 0 0 0 
 7.800000000000001 23.8 62 52.400000000000006 29.8 18.6 5.800000000000001 9.200000000000001 43.400000000000006 40.6 23.200000000000003 0 3.8000000000000003 8.6 9.200000000000001 6.800000000000001 14.600000000000001 22.200000000000003 9 8.8 0 0.4 0 0.6000000000000001 0.6000000000000001 0.6000000000000001 15.4 0 0.4 0 0 0.6000000000000001 14.8 4 0 0.4 0 0 15 15.600000000000001 0 0 0 0 0.2 0 0 0 0 1 8.200000000000001 0 0 0.4 0.4 0 0 0 0 0.6000000000000001 0 0 0 0 0.6000000000000001 0 0 0 0 0 0 0 0.4 0.4 7.4 0 0 10.200000000000001 0 0.4 0 0 0 3.2 2.4000000000000004 5.6000000000000005 0 0 2.4000000000000004 5 10.200000000000001 9.8 0 0 0.2 1.4000000000000001 0 2.8000000000000003 0.4 0 0 0 0.4 1.4000000000000001 0 0 1.6 0.2 0 0 0.8 0 0 3.6 8.6 0 0 0 1.6 0 0 0 0 0 0 0 1.2000000000000002 3 0 0 0 0 0 0 0 0 0 0 0 0 0 0 0 0 0 0 0 0 0 0 0 0 0 0 0 0 0 0 0 0 0 0 4 0 1.4000000000000001 6.4 0 0 0 7.2 2.4000000000000004 1.4000000000000001 0 0 0 4.4 1.8 0 0 0 7.4 0 0 0 0 0.2 4.800000000000001 3.8000000000000003 0 0 0 1.6 2 6.2 0 2 0 0 2 7.800000000000001 0 0 0 0 0 0 0 0 0 0 0 0 0 0 5.6000000000000005 0 0 0 0.4 0 0 0 0 0 0 0 0 0 0 0 0 0 3 0 0 0 0 0 0 0 0 0 0 0 0 0.8 17.6 0.2 0 0.4 0 2.2 0 0 0 0 0 0 0 0 0 0.2 0 0 0 0 0 0 12.200000000000001 0 0 0 0 0 0 0 6.2 0 0 0 0 0 0 0 0 0 0 0 0 0 
 9.8 21.8 10.600000000000001 16 16.2 9.200000000000001 35 55.6 28.200000000000003 26.8 7 3.8000000000000003 0 14.8 10.8 16.2 61.6 51.800000000000004 63.800000000000004 39.800000000000004 0.4 0 0 0.6000000000000001 1 0.4 1.2000000000000002 0 0.6000000000000001 0.4 0 0.6000000000000001 0 0 0.2 0.8 0 0.2 0 0 0 0 0 1 0.2 0 0 0 0 0.6000000000000001 0 0 0 0.4 0.4 0 0 0 0 0.6000000000000001 13.8 1 0 0 0.6000000000000001 0 0.2 0 0 0.8 0 0 0 0.4 0 0 0 0 0 0.4 4 0.2 0 0 0 0 0 0 1.6 0 2.2 0 3.8000000000000003 10.200000000000001 4.2 5 2.6 1.8 5.2 4.2 0 0 0 0 0 0 0 0 0 0.4 0 0 0 0 0 0 0.2 0 0 0 0 0 0 0 0 0 0.4 3.2 0 0 0 0 0 0 0 2.8000000000000003 0 0 0 0 0 0 0.4 0 0 0.2 0 0 0 0 0 0 0 0 0 0 0 0 0 0 3.8000000000000003 1.4000000000000001 0 2.6 0 0 3.8000000000000003 0.4 4.800000000000001 0 0 0 0 2.8000000000000003 11.600000000000001 0.2 0 0.4 2.4000000000000004 3.2 0 0 0 0 0.2 0 0 0 0 0 0 0 0 0 0 0 0 0 0 0 0 0 0 0 0 0 0 0 0 0 0 0 0 0 0 0 0 0 0 0 0 0 0 0 0 0 0 0 0 0 0 0 0 0 0 0 0 0 0 0.6000000000000001 0 0 0 0 0 0 0.4 0 1 0 4 4.6000000000000005 0 0 0 0 0 0 0 0 0 0 0 0 0 0 0 0 0 0 0 0 0 0 0 0 3.2 0 0 0 0 0 0 0 0 0.2 0 0 0 0 
 26.200000000000003 47.2 87.2 104.60000000000001 15.600000000000001 6.800000000000001 38.2 56.800000000000004 47.800000000000004 17.400000000000002 10.200000000000001 8.6 14.8 0 76.2 37.2 73 24.8 68 10.8 0 0 0 0.6000000000000001 13.8 0.4 0.4 0.2 0.4 0 0.6000000000000001 0.6000000000000001 0 0 0 0.4 0 0 0 0 0 0 0 0 0.4 0 0 0 0 0.6000000000000001 0 0 0 0.4 0.2 0 0.2 0 0 0.6000000000000001 0 0 0 0 0.6000000000000001 0 0 0 0.2 0 0 0 0.8 0.4 0 0 0 0 0 0.4 3.4000000000000004 3.8000000000000003 0 0.2 5.4 3.6 9 3 2.2 0 0 3.8000000000000003 0 0 8.6 0 0 11.200000000000001 2.2 3 0 0 0 0 0 0 0 0 0 0 0.4 0.2 0 0 0 0.2 0 0 3 0 0 0 0 0 0 0 0 0 0 0 0 0 0 0.2 0 2.6 0 0 0 0 0 0 0 0 0 0 0 0 0 1.4000000000000001 0 0 0 0.6000000000000001 0 0 0 0 0 0 2 4.4 1.6 0 2.4000000000000004 0 4 7.800000000000001 2.4000000000000004 1.4000000000000001 9 0.4 2 0 0.4 7 0 3.6 2.2 3.4000000000000004 3 0 0 0 0 0 0 0 0 0 0 0 0 0 0 0 0 0 0.2 0 0 0 0 0 0 0 0.2 0 0.4 4.2 0 0 0 0 3.4000000000000004 2.8000000000000003 0 0.2 0 0 0 0 0 0 0 0 0.2 0 0 0 0 0 0 0 0 0 0 0 0 0 0 0.2 0 0 0 0.6000000000000001 0 0 0.4 18 0 4 2.2 0 0 0 0 0 0 0 0.2 0 0 0 0 0 0 0 0 0.4 0 0 0 0 10 6.800000000000001 0 3.2 0 0 0 0 0 0 0 0 0 0 0 0 
 28.6 51 54.2 19.6 106.4 16.2 41 50.2 19.400000000000002 26.8 76 9.200000000000001 10.8 76.2 0 39.400000000000006 34.4 70.60000000000001 35.800000000000004 30.8 0 0 0 0.6000000000000001 0.6000000000000001 0.2 0.6000000000000001 0.8 0.8 0 0 0.6000000000000001 0 0.2 0 0.4 0 0 0 0 0 0 0 0 0.2 0 0 0 0 0.6000000000000001 0 0 0 0.4 0.4 0 0 0 0.4 0.6000000000000001 0 0 0 0 0.6000000000000001 0 0 0.2 0 0 0 0.2 0 0.6000000000000001 0 0 0 0 0 0.4 5.4 0.2 3 1 0 1.8 3.2 3 2 0.4 0 2.4000000000000004 0 0 9.8 0.2 7.2 3.8000000000000003 10 8.8 0 0 0 0.4 0 0 0 0.2 0 0 0 0 0 0.2 0.2 0 2.6 0 4 0.2 0 0 0 0 0 0 0 0 0 0 0 0 0 0 0.4 5 0 0 0.4 0 0.4 0 0 0 0 0 0 1.8 0 1.8 0 0 0 0 0 1.8 0 0 0 0 5.4 0.2 0.2 6.6000000000000005 4.4 0.4 4.4 0 3.4000000000000004 2.4000000000000004 0 0 3.6 0 1.2000000000000002 5.4 2.6 0.4 0.6000000000000001 7.2 4 0 0 0 2.2 0 0.2 0 0 0 0 0 2.2 0 0 0 0 3.6 0 4 0 0 0 0 0 0 0 0 0 2.6 0 0 0 0 0 0 0 4.2 0 0 0 0 0 0 0 0 0 0 0 0 0 0 0 0 0 0 0.4 0 0 0 0 0 0 0 0 0.4 0 0.4 0.4 17.400000000000002 4.4 1.4000000000000001 0 0 0 0 0 0 0 0 0 0 0 0 0 0 0 0 0 0 0 0 0 0 0 11 3.2 0 0 0 0 0 0 0 0 0 0 0 0 0 
 18.2 29.8 33 9 36.800000000000004 14 5.2 63.800000000000004 68.60000000000001 54.800000000000004 19.200000000000003 6.800000000000001 16.2 37.2 39.400000000000006 0 35.800000000000004 23 9 19.6 0 0 0 0 0.6000000000000001 0.4 0.2 0 0.4 0 0 0 0 15 0 0.4 5.6000000000000005 0 0 0 0 0 0 13 0.6000000000000001 0.4 0 0 0 0 0 0 0 0 0 0.4 0 0 0 0 0 0 0.4 0.4 0.6000000000000001 0.4 0.4 0 0 0 0 0 0.4 0 0 0 0 0 0 0 4.800000000000001 10.600000000000001 0.2 2.8000000000000003 8.200000000000001 1.6 3 6.4 3.4000000000000004 4 0 0 2.6 1.8 0.2 3.6 1.2000000000000002 1.8 0 2.2 3.4000000000000004 0.4 0 1.8 0 0 0 3.4000000000000004 0 0 0.4 0.2 0 0 0 0 0 2 1.6 0 0 0 0 0 0 0 0 0 0 0 0 0 0 0.2 0 3.8000000000000003 0 0 0 0 0 0 0 0 0 0 0 0 0 0 3.4000000000000004 1.2000000000000002 0 0 0 0 0 0 1.8 0 0 0.2 2.8000000000000003 0.2 0.2 0 2.8000000000000003 2.2 5.800000000000001 1.6 3.8000000000000003 1 0 2.6 1.2000000000000002 0.4 9.8 13.200000000000001 0 3.4000000000000004 1.6 0 0 0 0 0 0 0 0 0 0 0 3.6 0 0 0 0 0 3.8000000000000003 0.2 0 3.2 0 0 0 0 0.2 0 0.2 2.2 0 0 0 0 3 0.2 0 0.2 0 0 0 0 0 0 0 0 0.4 0 0 0 0 0 0 0 0 0 0 0 0 0 0 2.2 0 0 0 0.2 1 0 0.2 3 0.4 0.8 0.2 0.2 0 0 0 0 0 0 0 0 0 0.4 0 0 0 0 0 0 0 0 0 0 0 1.4000000000000001 0 0 0 0 0 0 0 0 0 0 0 0 0 0 
 7.4 43 13.200000000000001 10 12.4 56.6 23.200000000000003 10 51.400000000000006 70 88.2 14.600000000000001 61.6 73 34.4 35.800000000000004 0 76.60000000000001 76.4 26.8 0 0 0 0.6000000000000001 0.6000000000000001 0.2 0.6000000000000001 0 0.6000000000000001 0 0 0.6000000000000001 0 0 0 1 0 0 0 0.6000000000000001 0 0 0 0 0.2 0 0 0 0 0.6000000000000001 0 0 0 0.4 0.4 0 0 0 0 0.6000000000000001 0 0 0.2 0 0.6000000000000001 0 0 0.2 0 0 0 0 8.6 0.6000000000000001 0 0 0 0 7.800000000000001 0.4 2 0 0.2 3 6.4 3.6 3 2 2 2 0 4.2 0 11.4 4.4 8.6 10.8 3.2 6 4 0.4 0 0 0 0 0 0 0 0 0 0 0 0 0 0 0 0 0 0 0 0 0 0 0 0 0 0.8 0 0 0 0 0 0 0 0 0 0 0 0 4.6000000000000005 0 0 0 0 0 0 0 2.8000000000000003 0 1.8 0 0 0 0 0 0 0 0 0 1.6 2.8000000000000003 8.200000000000001 0 9.600000000000001 2.2 0 0.2 6.2 4.4 0 4 3 2 2.4000000000000004 1.8 2.2 2.8000000000000003 4 1.2000000000000002 10.200000000000001 0 0 0 0 0 0 0 0 0 0 0 0 0 0 1.4000000000000001 0 0 0 0 0 0 0 0 0 0 0 0 0 0 0 0 0 0 0 0 0 0 4.4 0 0 0 0 0 0 0 0 0 0 0 0 0 0 0 0 0 0 0 2.8000000000000003 0 0 0 0 0 0 0 0.4 0.4 0.2 17.8 0.2 2.6 0.6000000000000001 0 0 0 0 0 0 0 0 0 0 0 0 0 0 0 0 0 0 0 0 0 0 0 5 3 0 0 0 0 0 0 0 0 0 0 0 0 0 
 7.2 11.8 24.6 28 23.400000000000002 56.2 26.200000000000003 16.2 40.6 61.2 11.8 22.200000000000003 51.800000000000004 24.8 70.60000000000001 23 76.60000000000001 0 47.6 10.200000000000001 0.6000000000000001 0.2 0.4 1 1.2000000000000002 1.2000000000000002 1.2000000000000002 2 0.6000000000000001 0.2 0.2 1.4000000000000001 0.8 0.4 0.4 0.8 0.4 0.8 15.4 15.4 0.4 0.2 0.2 0.6000000000000001 0.2 0.2 15.200000000000001 1 0 2 1.6 0.2 0.4 1 1 0 0.2 0.4 0 1 0 0 0.4 0 5.4 0.4 0.2 2.6 0.4 0.8 0.4 2.4000000000000004 0.6000000000000001 1.4000000000000001 0 0.6000000000000001 0.4 9.4 0 0.8 5.800000000000001 6.800000000000001 3.2 4.4 0 2.8000000000000003 0 0 0.2 2.8000000000000003 0 2.2 0 0 2 2.8000000000000003 2.8000000000000003 2.8000000000000003 0 0.2 0 0 0 0 0 0 6.4 1.4000000000000001 0 0 0 0 0.2 4.2 3.4000000000000004 0 0 0 0.8 0 0 0 0 0 0 0 0 0 0 0 0 0 0 0 0 0 0 0 0 0 0 0 2.8000000000000003 0 0.4 0 0 0 0 0.4 0 0 0 0 0 0 0 0.4 0 0 0.2 3.4000000000000004 3.6 0 5.4 7 0 2.6 0 2.6 0 5 0.4 0.4 5.2 0 11 0 0 0 0 2.8000000000000003 0 0 0 0 1.8 0 0.4 0 0 0 10.8 3.6 1.2000000000000002 1.8 3.8000000000000003 0 0 6.800000000000001 0 0 0 0 0 0 0 0 0 0 0 0 0 0 0.4 0 0 2.4000000000000004 0 0 0 0 0 0 0 0 0 0 0 0 0 0 0 0 0 0 0 0.4 0 0 0 0 0 0 0.2 0 17.8 0.2 17.6 17.400000000000002 0.4 1.4000000000000001 0 0 0 0 0 0.2 0 0 0 0 0.4 0 0 2.8000000000000003 0 0 0 0 0 0 0 0.2 0 0 0 0 0 0 0 0 0 0 0 0 0 0 0 0 
 56.400000000000006 3 22 59.2 16.400000000000002 10.600000000000001 14.8 27.200000000000003 20.200000000000003 19.200000000000003 5.6000000000000005 9 63.800000000000004 68 35.800000000000004 9 76.4 47.6 0 76.80000000000001 0.6000000000000001 0 0.2 0.6000000000000001 1 0.6000000000000001 0.4 0 0.4 0 0.4 1 0 0 0 0.2 0 0.4 0 0.2 0 0 0.4 0.8 0.6000000000000001 0 0 0 0 1.4000000000000001 0 0 0 5.2 0 0 0 0 0 0.6000000000000001 0 0 0 0 0.4 0 0 0 0.6000000000000001 0 0 0 0 0 0 0 0 0 0 0.4 9 0 0 0 0 0 5.2 0 2.4000000000000004 0 2.2 0 3.8000000000000003 3.2 3.2 0 0 0 4.4 0.4 0 0 0 0 0 0 0 0 2.2 0 0 0 0 0 0 0 0 0 0 0 0.2 0 0 0 0 0 0 3.2 0 0.4 0 0 0.6000000000000001 0 0 0 0 0 0.4 0 0 0 0 0 0 1 0 0 0 4.2 0 0 0 0 0 0 0 3.4000000000000004 0 0 2.8000000000000003 0 0 0 0 0 3 0 0 0 0 0 3.8000000000000003 0 2.6 1 0 0 0 3.4000000000000004 0 0 0 0 0 0 0 1.6 2 1.4000000000000001 0 0 0 0 0 0 0 0 0 0 0 0 0 0 0 0 0 0 0 0 0 2.4000000000000004 0 0 0 0 0 0 3.4000000000000004 0.4 0 0 0 0 0 0 0 0 0 0 0 0 0 3.2 3.8000000000000003 0 0 0 0 0 0 0 0 0 0 0.2 0 0 0.8 0.4 0.4 2.2 0 4.6000000000000005 0 0 0 0 0.2 0 0 0 0 0 0 0 0 0 0 0 0 0 0 0 0 0 0 0 0 0 0 0 0 0 0 0 0 0 0 0 
 45.800000000000004 71.4 3.8000000000000003 53 18.8 10.4 48.800000000000004 18.8 10.4 17.400000000000002 54.6 8.8 39.800000000000004 10.8 30.8 19.6 26.8 10.200000000000001 76.80000000000001 0 0 0 0 0.6000000000000001 0.6000000000000001 0.2 0.2 0 0.4 0 0 0.6000000000000001 0 0 0 15 0.2 0 0 0 0 0 0 0 0.4 0 0 0 0 0.6000000000000001 0 0 0 0.4 0.2 0 0 0 0 0.6000000000000001 0 0 0 0 0.6000000000000001 0 0 0 0 0 0 0 0 0.4 0 0 0 0 0 0.4 3.6 0.2 0 0 0 0.2 3 0 0 0 1.4000000000000001 0 8 7.4 4 0 4.6000000000000005 1.8 10.4 3 0 0 0 0 0 0 0 0 0 0 0 0 0 0 0 0.2 0 0 0 0 0 0 0 0 0 0 0 2.2 0 0 0 0 0 0 0 0 0 0 0 0 0 0 0 0 0 0 0 1.4000000000000001 0 0 0 0 0 0 0 0 0 0 0 0 3.4000000000000004 0 0 6.800000000000001 0 0 2 2.4000000000000004 2 0 0 0 1.8 3.2 5.4 2 0 0.4 0 6.2 0 0 0 0 0 0 0 0 0 0 0 0 0 0 0 0 0 0 0 0 0 0 0 0 0 0 0 0 0 0 0 0 0 0 0 0 0 0 0 0 0 0 0 0 0 0 0 0 0 0 0 0 0 0 0 0 0 0 0 0 0 0 0 0 0 0 0 0 0.4 0 4.4 1.8 0 0 0 0 0 0 0 0 0 0 0 0 0 0 0 0 0 0 0 0 0 0 0 0 3.2 0 0 0 0 0 0 0 0 0 0 0 0 0 
 0.8 0 0 0 0 0 0 0 0 0 0 0 0.4 0 0 0 0 0.6000000000000001 0.6000000000000001 0 0 21.200000000000003 77.80000000000001 12 10.4 11.4 138 28 21.8 66.8 24.8 77.2 70.8 22.8 53 38.800000000000004 70.2 62.2 28.400000000000002 19.400000000000002 0.6000000000000001 12.600000000000001 0 0 6 1.6 0 0.6000000000000001 0 0.4 0 0.4 0.2 0 0.4 40.800000000000004 0 0.6000000000000001 0 0 0 0 0 0 0 0 0 0.6000000000000001 0 6.800000000000001 1 0.8 0.8 0 0 0 0 0.2 0 1.6 0 0 0 0 0 0 0 0 0 0 0 0 0 0 0 0 0 0 0 0 7 15.4 8.8 0 0 6.800000000000001 0 1.8 6.4 6.2 8.6 0 0 0 0 3.2 8.200000000000001 3.2 0 5.800000000000001 0 0 0 0 0 0 0 0 0.4 0 0 0 0.4 0 0 0 0 0 2.4000000000000004 0 0 0.6000000000000001 0 0 0 0 0 0 0 0 2.6 0 0 0 0 0 0.4 0 0 0 0 0 0 0 0.2 0 0 0 0 0 0 0 0 0 0 0 0 0 0 0.6000000000000001 5.6000000000000005 0 0 5.6000000000000005 2 0.2 0 7.800000000000001 11.600000000000001 0.2 0 4.800000000000001 0 0 2.4000000000000004 0.6000000000000001 7.6000000000000005 4 2.2 0 0 0 0 0 0 0 0 0 0 0 0 0 0 0 0 0 0 0 7.6000000000000005 2.2 0 0 0 0 0 0 0 0 0 0 0 0 0 0 0 0 0 0 0 0 0 0 0 0 0 0 0 0 0 0 0 0 0 0 2.2 0 0 15.600000000000001 15.4 0.4 3.6 0 0 0 0 0 0 0 0 0 0 0 0 0 0 0 0 0 0 0 0 0 0 0 0 0 0 0 0 0 
 0.2 0.8 0 0.4 0.2 31.400000000000002 0 0 0 0 0.2 0.4 0 0 0 0 0 0.2 0 0 21.200000000000003 0 117 77.80000000000001 8 21 20.8 13 28 25.400000000000002 6.800000000000001 23.6 10.4 6 45.2 13.600000000000001 25 6.800000000000001 31.6 23.200000000000003 0.6000000000000001 0 0 0 0.4 0.6000000000000001 0 0.4 0 0.4 41.2 1 0 0 0 2 0.6000000000000001 0.6000000000000001 0 0.2 0 0 0 0 7.4 0 0 0.6000000000000001 0.2 0.4 0 0 0.2 0.6000000000000001 0 0 0.8 0 0 0.6000000000000001 0 0 0 0 1.4000000000000001 3.2 0 0 0 0 0 0 0 0 0 0 0 0 0 0 5.2 0 5.2 3.4000000000000004 1.8 0.2 6.4 4.6000000000000005 1.2000000000000002 2 3.4000000000000004 4.800000000000001 10.8 3.8000000000000003 5.4 3.6 4.6000000000000005 1.8 0.2 11.600000000000001 0 0 0 0 0 0 3.6 0.2 0 0 0 0 0 0 0 0 0 0 3.2 8.200000000000001 3 1 0 0 0 0 0 0 0 0 0 0 0 0 0 0 0 0 0 0 0 0 0 0 0 0 3 0 0 0 0 0 0.8 0 0 0 0 0 0 0 0 1 1.8 5.800000000000001 0 2.8000000000000003 4.4 2.2 2.4000000000000004 8.8 11 0 0 3.2 2.8000000000000003 6.6000000000000005 2 3.6 3.8000000000000003 0 0 0 0 0 0 0 2.4000000000000004 6 0 0 0 0 0 0 0 0 0 0 2.2 6.6000000000000005 0 0 0 0 0 0 0 0 0 0 1.2000000000000002 0 0 0 0 0 0 0 0 0 0 0 2.6 0 0 0 0 0 0 0 0 0 0 0 1 0.4 0 0.4 0 0.4 0.8 1.6 0 0 0 0 0 0 0 0 0 0 0 0 0 0 0 0 0 0 0 0 0 0 0 0 0 0 0 0 
 0 0 14.600000000000001 0 0 0.2 0.6000000000000001 0 0 0 0 0 0 0 0 0 0 0.4 0.2 0 77.80000000000001 117 0 38.800000000000004 23.8 25 13.4 15.200000000000001 31.400000000000002 18 42.2 64 12 71 25 70.8 7.4 8 22.8 28.6 0.6000000000000001 0 0 0 1 0.6000000000000001 0 0.6000000000000001 0 0.4 0 0.4 0 0 0 0.4 0 0.6000000000000001 0 0.4 0 0 0 0 0 0 0 0.6000000000000001 0 1.4000000000000001 0 0 0.2 2 0 0 2.2 0 0 0.2 0 0 0 0 0 0.2 0 0 0.8 0 0 0 0 0 0 0 0 0 0 0 4.2 4.2 3.8000000000000003 0 0 2.6 0.2 2.6 5.2 9 0 0 1.8 0 3.6 1 8.6 0 2 4.2 0 0 0 0 0 0 4.2 0 0 0 0 0 0 2.6 0 0 0 0 0 4.6000000000000005 0.4 0 0 0 0.4 3.2 0 0.4 0 0 0 0 0 0 0 0 0 0 0 0 0 0 0 0.4 0 0 0 0 0 0 0 0 0.6000000000000001 0 0 2 0 0 0 0 3.2 4 8.8 6.800000000000001 0 3.2 0 0.2 5.800000000000001 5.800000000000001 6.6000000000000005 4.800000000000001 0 0 3.2 3.4000000000000004 1 5.6000000000000005 6.2 0 0 0 0 0 0 0.2 2 4 0 0 0 0 0 0 0 0 4.2 0 10.600000000000001 8.4 0 0 0 0 0 0 0 0 0 0 0 0 0 0 0.8 0 0 0 0 0 0 0 0 0 0 15.200000000000001 0 0 0 0.2 0 0 0 0 0.8 0.4 0.4 17.6 0.4 0 0.4 0 0 0 0 0 0 0 0 0 0 0 0 0 0 0 0 0 0 0 0 0 0 0 0 0 0 0 0 0 
 0.6000000000000001 0.6000000000000001 0.6000000000000001 15.4 0.6000000000000001 1 2 0.6000000000000001 0.6000000000000001 0.6000000000000001 1 0.6000000000000001 0.6000000000000001 0.6000000000000001 0.6000000000000001 0 0.6000000000000001 1 0.6000000000000001 0.6000000000000001 12 77.80000000000001 38.800000000000004 0 33.800000000000004 8.6 17.6 32.4 24.400000000000002 14.200000000000001 28.8 21 11.200000000000001 13.4 53.2 67.8 30.8 13 14.200000000000001 12.600000000000001 0.6000000000000001 0 0.6000000000000001 0.4 1.4000000000000001 0.6000000000000001 3.2 13.4 0 1.4000000000000001 0 1 0.8 12.200000000000001 0.2 0.4 0 0.6000000000000001 12.600000000000001 0.8 0 0 0 0 0 0 0.8 1 0.2 0.2 1 1.2000000000000002 0.4 0 0 0 12.8 0.2 0 0 0 0 0 0 0 0 0 0 0 0 0 0 0 0 0 0 0 0 0 0 0.2 0 0.2 1.2000000000000002 7.2 4.800000000000001 0 0.2 2.8000000000000003 4 6.800000000000001 3.6 0 0 0 0 2.2 0 0 0 7.4 1.6 0 0 0 0 1.2000000000000002 0 0 0 0 2.4000000000000004 1.4000000000000001 2.2 5.4 0 0 0 0 15.200000000000001 0 0 0 0.2 0 0 0 0 0 0 7 0 0 0 0 0 0 0 0 0 0 0 0 0 0 0 0 0 0.8 0 0 0 0 0 1.6 0 0 0 0 0 0.2 1.4000000000000001 7.800000000000001 2.2 7 10.600000000000001 0 0.2 2.8000000000000003 12.200000000000001 5 2.8000000000000003 0 0 0.4 2.6 0 5.4 0 0 1.2000000000000002 0 0 0.2 0 0 2.4000000000000004 7.800000000000001 0 1.2000000000000002 0.2 0 8.200000000000001 1.6 0 0 0 0 2.2 4.2 0 0 0 0 0 0 0 0 3.8000000000000003 0 0 0 0 0 0 0 0 0 0 0 0 0 0 0 0 0 0 0 0 0 0 0 0 0 0.8 1 0.4 15.600000000000001 15.4 0.4 0 0 0 0 0 0 0 0 0 0 0 0 0 0 0 0 0 0 0 0 0 3.2 0 0 0 0 0.8 0 0 0 
 0.6000000000000001 0.6000000000000001 0.6000000000000001 0.6000000000000001 0.6000000000000001 0.6000000000000001 1 1 0.6000000000000001 1 0.6000000000000001 0.6000000000000001 1 13.8 0.6000000000000001 0.6000000000000001 0.6000000000000001 1.2000000000000002 1 0.6000000000000001 10.4 8 23.8 33.800000000000004 0 18 23.200000000000003 75.60000000000001 51 13.8 89.80000000000001 29 14.8 16.2 54 33.4 26.200000000000003 28.400000000000002 10.4 19.200000000000003 0.6000000000000001 0 0 1 1 0.6000000000000001 5.4 0.8 0 1 0 0.6000000000000001 12.4 0 0 0.6000000000000001 0 1.8 6 0 0 0.6000000000000001 0.4 0.4 0 0 0 1.8 0 1.4000000000000001 1 0.8 0.6000000000000001 0 0.4 0 0 0.6000000000000001 0.4 0.8 0 0 0 0 0 0 0 0 0 0 0 0 0 0 0 0 0 0 0 0 0 0 0 5.800000000000001 7.6000000000000005 0 0 0 2.8000000000000003 4.6000000000000005 2 8.4 0 2.2 0 0 0 1.6 0 0 0 0 1.8 0 0.2 0 3 0 0 0 1.8 0 3.4000000000000004 1.8 2.4000000000000004 4.6000000000000005 2.8000000000000003 2 3.2 2.8000000000000003 0 0 0 0 0 0 0.4 0 0 0 0.2 0 0 0 0 0 0 0 0 0 0 0 0 0 2.8000000000000003 0 0 0 0.6000000000000001 0 0 0 0 0 0 0 0 0 0 0 0 4 5.800000000000001 1.6 5.2 7.800000000000001 0 0.4 0 7.800000000000001 6.6000000000000005 0.2 0 4 1.8 2.2 0 4 0.2 0 9.4 0 1.8 0 0 0 2.4000000000000004 4.800000000000001 0 2.4000000000000004 0 0 5.800000000000001 3.6 0 4 0 1.8 3.2 7.800000000000001 0 0 0.2 0 0 0 0 0 0 0.2 0 0 0 0 0 0.2 0 0 0 0 0 0 0 0 0 0 0 0 0 0 0 0 0 0 2 0.4 0.6000000000000001 7.6000000000000005 0.8 0 0.4 0.8 0 0 0 0 0 0 0 0 0 0 0 0.4 0 0 0 0 0 0 0 0 0 0 0 2.6 1.6 0 0 0 
 0.4 1 0.2 0.2 0.4 0.2 0.2 0.2 0.2 0.2 0.4 0.6000000000000001 0.4 0.4 0.2 0.4 0.2 1.2000000000000002 0.6000000000000001 0.2 11.4 21 25 8.6 18 0 5.800000000000001 3.4000000000000004 10.8 22.6 63.800000000000004 25.400000000000002 46.6 8 50.400000000000006 34.4 29.200000000000003 57.400000000000006 24 13 0.6000000000000001 12.200000000000001 0.4 0 0.8 0.8 0 0.6000000000000001 10.600000000000001 0.4 12.600000000000001 0.4 0 0.2 0.6000000000000001 12.4 1.2000000000000002 13.600000000000001 0 12.4 0.4 0 0.4 5.6000000000000005 0 0 0 1.2000000000000002 0.8 1.2000000000000002 0.8 0.4 0.6000000000000001 0.8 0.6000000000000001 0.2 0 1.2000000000000002 0 0.2 0 0 0 0 0 0 0 0 0 0 2 0 0 0 0 0 0 0 0 0 0.4 0 1.4000000000000001 0 0.2 13 0 0 0 2 2.8000000000000003 0 0 0 0 0 5.800000000000001 0.2 0 0 0.2 0 7.4 0 4.4 0 8.8 9 10.4 0 6.4 0 2.4000000000000004 10.4 1 0 4.4 3.8000000000000003 0 1.4000000000000001 0 0 0 0 0.6000000000000001 0 0 0 0 0 0 0 0 0 0 0 0 0 0 0 0 0.6000000000000001 0.4 0 0 0.2 0 0 0 0 0.4 0 0 0 1 0 0 0 0 0 0.4 2.6 0 5.2 0 2 0 0 0 3 0 0 0 0 0 0 0.2 8.6 0 0 0 0 3.8000000000000003 3 0 0 8 2.6 0 0 0.2 0.2 0 3.4000000000000004 2.8000000000000003 6.6000000000000005 10.8 0 5.6000000000000005 3.6 0 0 0 0 0 0.2 0 0.2 0 0 0 0 0 0 0 0 0 2 0 0 0 0 0 0 0 0 0.4 0 0 0 0 0 0 0 0.6000000000000001 0 0.4 30 0.8 0.4 0.8 0 0 0.4 0 0 0 0 0 0 0 0 0 0 0 0 0 0 0 0 0 0 0 0 0 0 0 0 0 0 
 1 0.8 0 13.600000000000001 31 14.8 0.4 0.4 0.4 15.4 22.200000000000003 15.4 1.2000000000000002 0.4 0.6000000000000001 0.2 0.6000000000000001 1.2000000000000002 0.4 0.2 138 20.8 13.4 17.6 23.200000000000003 5.800000000000001 0 47.6 42.2 5.800000000000001 22 8 78.60000000000001 44 6.6000000000000005 14.600000000000001 5.2 26.400000000000002 26.6 30.8 0.6000000000000001 0 0 0 0.6000000000000001 1.4000000000000001 0 0.6000000000000001 0 0.4 0 0.4 0 0 0 0 0 0.6000000000000001 0 0 8.200000000000001 0 0 0 0 0 0 0.6000000000000001 0 1.6 0 0 0.6000000000000001 0 0 0 0 0.4 0 0 0 0.4 0 2.8000000000000003 0.8 6.2 0 0 0 5.6000000000000005 2 1.8 0 0 0 0 0 0 0 0 0.2 4.4 2.6 1.4000000000000001 0 0 2.2 0 2 2.8000000000000003 4.2 0 2.6 0.8 0 4.4 3.6 0.2 3.6 0 0 0 0 0 0 0 0.2 0 0 0.4 0 0 0 0 0 0 0 0 0 0 0 0.2 0 0 0.2 0 0 0 0 0 0 0 0 0 0 0 0 0 0 0 0 0 0 0 0 0 0 0 0 0 0 0 0.2 0 0 0 0 0 0 0 6 0.4 0 0.2 14.4 0 3.8000000000000003 2.4000000000000004 4.4 1.8 0 2.4000000000000004 4.2 0 0 0.2 5 0.4 0 4.800000000000001 0 0 0 0 0 0 0.4 0 0 0 0 0 0 0 0 0 0 0 6.6000000000000005 3.2 0 0 0 0 0 0.2 0 0 0 0 0 0 0.4 0 0 0 0 0 1.6 0 0 0 0 0 0 0 0 0 0 0.2 0 0 0 0 1.2000000000000002 0 0.4 15 0.2 0 0.8 0 0 0 0 0 0 0 0 0 0 0 0 0 0 0 0 0 0 2 0 1.6 0 0 0 0 0 0 0 0 
 0.4 0 0.4 0 0 0.6000000000000001 0 0 0 16 0 0 0 0.2 0.8 0 0 2 0 0 28 13 15.200000000000001 32.4 75.60000000000001 3.4000000000000004 47.6 0 80 26.8 8 21.400000000000002 18.8 49.2 43.6 70.8 35.2 38.800000000000004 32 12.8 0.6000000000000001 6 4.4 0.4 0.6000000000000001 1.2000000000000002 0 0.6000000000000001 0 0.4 0 0.4 0 0 0 0.6000000000000001 0 1 0 0 0 0 0 0 0 0 0 1.2000000000000002 0 0.6000000000000001 0 0.4 1 0 0 0 0 0.2 0 0 0 0 0 1.8 7.2 0 0 0 0 0 0 0 3 0 0 0 0.2 0.4 0 0 0 2.4000000000000004 3.8000000000000003 5.4 2.8000000000000003 0 0 3 9.200000000000001 0.2 5 2.8000000000000003 3.2 7.6000000000000005 0 0.4 5 1.8 0 4 0.2 0 0 0 0 0 0 0 0 0 0 0 0 0 0 0 0 0 1 0 0 3 0 0 0 0 0 0 0 0 0 0 0 0 0 0 0 0 0 0 0 0 0 0 0 0 0 0 0 0 0 0 0 0 0 0 0 0.8 0 0 2.6 0.4 0 1.8 4.800000000000001 2.8000000000000003 0 4.800000000000001 4 4.4 0 0 0 0 4.6000000000000005 5.6000000000000005 9.600000000000001 0 0 0 0 0 0 0 0 0 0 0 0 0.4 0 0 0 0 0 0 0 0 0 2 0 0 0 0 0 0 0 0 0 0 0 0 0 0 0 0 0 0 0 0 0 0 0 0 0 0.4 0 0 0.2 0 0 0 0 0 1.8 0 0 0.4 0 0.4 0 0 0 0 0 0.2 0 0 0 0 0 0 0 0.4 0 0 0 0 0 0 0 2 0 0 0 0 2.8000000000000003 0 0 0 
 1 0.4 0.4 0.4 0.4 0.4 16.2 0.4 0.4 0.8 0.4 0.4 0.6000000000000001 0.4 0.8 0.4 0.6000000000000001 0.6000000000000001 0.4 0.4 21.8 28 31.400000000000002 24.400000000000002 51 10.8 42.2 80 0 22.6 90.60000000000001 77.2 12 58.6 30.200000000000003 50 40 17.400000000000002 31.200000000000003 18.400000000000002 0.6000000000000001 0 0 0 2.8000000000000003 1.6 13 0.6000000000000001 0.6000000000000001 0.4 0.6000000000000001 1 0 0 0.4 0 0 0.6000000000000001 0.6000000000000001 0 0.6000000000000001 0 0 0 0.4 0 0 0.6000000000000001 0 5.6000000000000005 0 0 0.6000000000000001 0 0.4 0.4 0 1.6 0 0 0 0 0 0 0 0 0 0 0 0 0 0 0 0.4 0 0 0.6000000000000001 0 0 0 3.4000000000000004 4.2 2 0 2 0.2 0 0 4.800000000000001 5.4 4 2.6 0 0.2 0 9.4 13 2 1.6 2.6 0 0 0 0 0 0 0 0 0 0 0 0 1.6 0 4 0 0 0 0.2 3 0 0.6000000000000001 0 0 0 0 0.4 0 0 0 0 0.2 0 0.2 0 0 0 0 0 0 1.2000000000000002 0 0 0 0 0 0 0 0 0 0 0 0 0 0 0 0 0 0 0 10.200000000000001 1.8 3.8000000000000003 7.6000000000000005 6.6000000000000005 2.2 0 7.2 3.4000000000000004 5.6000000000000005 4.4 3 0 1.8 1.4000000000000001 2.8000000000000003 2 5.800000000000001 0 0 2 0 0 0 0 0 0 6.6000000000000005 0 0 0 0.4 1.8 0 0 0 0 0 7.800000000000001 5.4 0 0 0.2 0 0.2 0 0 0 0 0 0 0 0 0 0 0 0 0 0 0 0 0 0 0 0 0 0 0 0 0 0 0 0 0 2.2 0.2 0 0.4 15 0 2.8000000000000003 0 0 0 0 0 0 0 0 0 0 0 0 0 0 0 0 0 0 0 0 0 0 0 0 0 0 0 0 0 
 0.8 16.2 0.4 0 0 1 0 0.6000000000000001 0 0 0 0 0.4 0 0 0 0 0.2 0 0 66.8 25.400000000000002 18 14.200000000000001 13.8 22.6 5.800000000000001 26.8 22.6 0 69.2 25 41.400000000000006 19.6 37.2 18.400000000000002 42 17.2 79.80000000000001 27.6 0.6000000000000001 0 0 0 0.4 0.6000000000000001 0 0.4 0 0.4 0 0.4 12.4 0 0 0 1 0.6000000000000001 0 0 0 0 0 0 0 0 0 0.6000000000000001 0 0.4 0 0 0.2 0.6000000000000001 0 0 0.4 0 9.8 0 0 0 0 0 0 0 0 0 0 1.6 0 0 0 0 0 0 0 0.4 0 0 1.2000000000000002 2.4000000000000004 6.2 4.2 4.4 1.6 0.2 2.4000000000000004 7 7 4.4 4.6000000000000005 5 4.4 3.2 7 1.6 8.4 0 4.2 0 0 0 0 0 0 0 1.4000000000000001 0 0 0 0 0 0 2.2 0 0.2 0 7.6000000000000005 2.6 1 0.8 0 0 0 0 0.2 0 0 0 0 0.4 0 0 0 0 0 0 0 0 0 0 0 0 0 0 0 0 0 0 0 0 0 0 0 0 0 0 0 0.6000000000000001 0 2.2 0 4.2 0 2.4000000000000004 1.8 3.6 4.6000000000000005 0.6000000000000001 4.2 8.8 0 2 1.8 4.4 2.8000000000000003 2.4000000000000004 2.4000000000000004 0 0 0 0 0 0 0 1.8 0 0 0 0 0.2 0 0 0 0 0 0 0 0 0 0 0.4 0 0 0 0 0 0 0 0 0 0 0 0 0 0 0 0 0 0 0 2.4000000000000004 0 0 0.4 0 0 0 0 0 0 0 0 1 0.4 0 0.6000000000000001 0 0.2 3.4000000000000004 1.6 0 0 0 0 0 0 0 0 0 0 0 0 0 0 0 0 0 0 0 0 0 0 0 0 0 0 0 0 
 0.4 0 0 0 0 0.4 0 0 0 0 1.2000000000000002 0 0 0.6000000000000001 0 0 0 0.2 0.4 0 24.8 6.800000000000001 42.2 28.8 89.80000000000001 63.800000000000004 22 8 90.60000000000001 69.2 0 29.400000000000002 23 39.800000000000004 26 54.800000000000004 19 72.60000000000001 29.200000000000003 14.200000000000001 11.4 0 0 1.2000000000000002 0.4 0.6000000000000001 0 0.4 0 0.4 0 0.4 0 0 0 0 1.8 1 0 0.2 0 0 0 0 0 0 0 0.6000000000000001 0 10.200000000000001 1.2000000000000002 0 0 0 0 0 0 0 0 0.8 0 0 0 0 0 0 0 0 0 0 0.4 0 0 0 0.4 0 0 0 0 0 0.2 3.6 0.2 3.4000000000000004 0.2 0 0.2 0 4.4 2.8000000000000003 0 9.8 0 2.4000000000000004 3.6 0 4.2 2 0 2.2 0 0 0 0 0 0 10.8 4.6000000000000005 0 0 0 0 0 0 7 0 0.2 0 6 4.6000000000000005 0 0 0 0 0 0 0 0 0 0 1.4000000000000001 0 0 0 0 0 0 0 0 0 0 0 0 0 0 0 0 0 0 0 0 0 0 0 0 0 0.2 0 0 0 2.2 11.4 2.2 6.4 0.2 2.8000000000000003 0 2.8000000000000003 2 4.6000000000000005 5.4 8.8 0 1.2000000000000002 3 3.6 0.2 8.8 0 0 0 0 0 0 0 0 7.2 3.6 0 0 0 2.2 0 0 0 2.6 0 0 8.200000000000001 6.4 0.2 0 0 0.4 0 0 0 0 0 0 0 0 0 0 0 0 0 0 0 0 0 0 3 0 0 0 0 0 0 0 0 0 0 0 1.4000000000000001 0 0 0.6000000000000001 0 0 0.2 0 0 0 0 0 0 0 0 0 0 0 0 0 0 0 0 0 0 0 0 0 0 0 0 0 2.6 0 0 0.4 
 0.8 1 0.8 7.4 16 0.8 1 0.6000000000000001 1 0.6000000000000001 1.2000000000000002 0.6000000000000001 0.6000000000000001 0.6000000000000001 0.6000000000000001 0 0.6000000000000001 1.4000000000000001 1 0.6000000000000001 77.2 23.6 64 21 29 25.400000000000002 8 21.400000000000002 77.2 25 29.400000000000002 0 50.6 68.8 7.2 27.6 32.800000000000004 30.200000000000003 10.600000000000001 9 0.6000000000000001 0 0 1.8 0.6000000000000001 0.6000000000000001 0 0.6000000000000001 0 13.200000000000001 0 0.8 0 0 0 1.6 0 0.6000000000000001 0 0 0 0 0 0 0 0.6000000000000001 0 0.6000000000000001 0 9.600000000000001 0 0 0.2 0 0 0 0 0 0 0 0 0 0 0 0 0 0 0.2 0 0 0 0.8 0 0 0 0 0 0 0 0 0 2.8000000000000003 3 0 1.8 10.8 0 3 5.6000000000000005 10.200000000000001 4.800000000000001 3 0 0 0 5 2 7.800000000000001 0 0 0 0 0 0 0 0 2.6 0 0 0 1.6 0 0 0 2.6 0 0 0 0.2 6.800000000000001 0 0 0 0 0 0 0 0 0 0 1.2000000000000002 0 0 0 0.2 0.2 0 2.8000000000000003 0 0 0 0 0.2 0 0 0 0 0 0 0 0.2 0 0 0 0 0 0 0 0.2 1.2000000000000002 0.2 3.2 6 0 1.2000000000000002 4.6000000000000005 0 3.6 2.4000000000000004 11.200000000000001 3.2 8.6 0 0 1.6 5.2 0 9.8 0 0 0 0 0 0 0 0 1.4000000000000001 3.6 0 0 0 0 2.8000000000000003 0 0 0 0 4.4 6.6000000000000005 2 0 0 0 0 0 0 0.4 0.4 0 0 0 0 0 0 0 0 0 0 0 0 0 0 0 0 0 0 0.2 0 0 0 0 0 0 0 1.2000000000000002 0 0.4 27.200000000000003 0.2 0 2.6 0.4 0 0 0 0 0.2 0 0 0 0 0 0 0 0 0 0 0 0 0 0 0 0 0 0 0 0 0 0 0 
