 0 35.4 30.6 31.6 52.800000000000004 63.400000000000006 18.8 20.200000000000003 7.6000000000000005 26.8 62.6 28 33.6 25.200000000000003 11.600000000000001 17.6 29.200000000000003 23.200000000000003 29.6 14.200000000000001 0.6000000000000001 0 0.4 0 0.6000000000000001 0.6000000000000001 0.4 0 0 0 0 0.4 0 0.6000000000000001 0 0.2 0 0.8 0 0.2 0 0 0 0 0 2 3.2 0.6000000000000001 0 0.8 0 0.4 0.6000000000000001 1 1.2000000000000002 0 0 1.4000000000000001 15.4 7.800000000000001 0 0 0.4 0 0 1 0 0 0.4 0 0 0.8 0 0.4 0 0.6000000000000001 0 0.6000000000000001 0 0.6000000000000001 1.8 5.6000000000000005 0 3 0 0 3.8000000000000003 5.2 0 3.6 3.2 0 4.2 8.4 5.4 1 0 4.4 13.600000000000001 0 0 0 0 0 0 0 0 0 0 0 0 0 0.4 0 0 1.4000000000000001 0 0 0 0 0 0 0 0 0 0 0 0 0 0 0 0 0 0 0 0 0 0 0 0 0 0 0 0 0 0 0.4 0 0 0 0 0.4 0 0 0 0 0 0 0 0 3.4000000000000004 0 1 2.8000000000000003 1.6 3 2.4000000000000004 4.2 3.6 2.2 0 3 2.8000000000000003 0 9 0 2 1.2000000000000002 1.2000000000000002 5.4 0 0 0 0 0 0 0 0 0 0 0 0 0 0 0 0 0 0 0 0 0 0 0 0 0 0 0 0 0 0 0 0 0 0 0 0 0 0.2 0 0 0 0 0 0 0 0 0.4 0 0 0.4 1.8 0 0 0 0 0 0 0 0 0 0 2.8000000000000003 0 0 0 0.4 0 0 0 0 9.600000000000001 1.8 0 0 0.4 0 0 0 0 0 0 0 3.6 0 0 0 0 0 0 0 0 0 0 0 0 0 0 0 0 0 0 0 0 0 0 0 0 0 0 0 
 35.4 0 82 20.400000000000002 43.2 22.6 35 78 32 44.6 33.2 43.6 41.800000000000004 51 11.200000000000001 25.6 26.400000000000002 13.600000000000001 14.8 11.8 0.8 0.4 0.4 0.4 0.4 1 0 8.6 0 0 0.4 0 0 0.4 0 0 0 0.6000000000000001 14.8 0 0 0 0 0 0 0 0.6000000000000001 0.6000000000000001 0 1 0 0.4 0.6000000000000001 0.4 0.4 0 0.2 0.2 0 0 0 0.6000000000000001 0 0 0 6.6000000000000005 1 0.2 0.4 0 0 0.6000000000000001 0 0.4 0 0.6000000000000001 0 0.6000000000000001 0 5.2 0 2.4000000000000004 6.800000000000001 5.4 2.4000000000000004 0 0 0.2 3.2 2.8000000000000003 10 3.2 0 0.2 4.800000000000001 5.800000000000001 3 6.4 0 0 1.8 0 0 0 0 0 0.4 0 0 0 0 0 3.6 0.2 1 0 0 0 0 0 0 0 0 0 0 0 0 0 0 0 0 0 0 6.4 0 0 0 0 0 0 0 0 0 0 0 0 0 0 0 0 0 0 0 0 0 0.6000000000000001 0 0 0 0 3.2 4 7.800000000000001 1.8 3.8000000000000003 0 2.8000000000000003 3.4000000000000004 5.4 4.800000000000001 3 0.8 0 5.800000000000001 2 2.8000000000000003 0 6.6000000000000005 0 0 0 0 0 0 0 0 0 0 0 0 0.2 0 3 0 0 0 0 0.2 0 3.8000000000000003 0 0 0 0 0 0 0 0 0 0 0 0 0 0 0 0 0 0 0 0 0 0 0 0 0 0 0 0 0 0 0 0 0 0.4 0 0 0 0.2 0 0 0 0 0 0 0 0 18.2 0 0.2 0.2 4.800000000000001 3.6 0 0 0 0 0 0 0 0 0 0 0 0 0 0 0 0 0 0 0 0 0 0 0 0 4.800000000000001 0 0 0 0 0 0 0 0 0 0 0 0 0 
 30.6 82 0 19.6 37.800000000000004 9.4 33.2 53.6 48.2 69.8 43 34.6 16.8 82.4 11 29.200000000000003 24.200000000000003 29 32.4 59.400000000000006 0.6000000000000001 0 0.4 0 0.4 4.2 14.600000000000001 0 0 0 0.4 0 0 0.4 0.2 0 0 0.6000000000000001 15.4 0.2 0 0 0 0 0 0 0.6000000000000001 0.6000000000000001 0 0.6000000000000001 0 0.4 0 0.4 0 0 0 0 0 0 0 0 0.4 0 0 0 0 0.2 0.4 0 0 0.6000000000000001 0 0.4 0 0.6000000000000001 0 0.6000000000000001 0 0.6000000000000001 0 0 5.800000000000001 12.8 2.6 0 4.6000000000000005 0 2.8000000000000003 4.800000000000001 5.2 5.4 0 3.8000000000000003 3.8000000000000003 7.6000000000000005 11 14.4 0 0 2.2 0.2 0 0 0 0 0 2 0 0 0 0 1.8 0 2.4000000000000004 0 0 0.2 2.6 2 0 0 0.2 0 0 2.2 0 0 0 0 0 0 0 0 0 0 0.8 0 0 0 0 0 0 0 0 0 0 0 0 0 0 0 0 0 0 0 0 0.2 0 0 0 2.4000000000000004 0.6000000000000001 11.200000000000001 5 2.6 0.8 4 2 1.4000000000000001 0 7 0 3.2 5.2 0 4 12.8 0 4.2 0 3.4000000000000004 0 0 0 0.2 0 0 0 0 3 0 0 7.4 0 0 0 0.2 0 5.800000000000001 0 0 0 2.2 0 0 0 0.8 0 0 0 0 0 0 0 0 0 0 0 0 0 0 0 0 0 0 0 0 0 0 0 0 0.2 0 0 0 0 0 0 0 0 0 0 0 0 0 1 0 0 0 3.2 1 0 0 0 0 0 0 0 0 0 0 0 0 0 0 0 0 0 0 0 0 0 0.2 0 0 4.4 0 0 0 0 0 0 0 0 0 0 0 0 0 
 31.6 20.400000000000002 19.6 0 37 53.800000000000004 32.2 59 35.800000000000004 38.400000000000006 23.8 34.800000000000004 13.600000000000001 43.2 13.4 18.6 9.4 42.2 21.400000000000002 8.4 5.2 15.200000000000001 0.4 0 0.6000000000000001 0.6000000000000001 14.8 5.2 0 0.2 0.6000000000000001 0 0 15.200000000000001 0 0 0 0.6000000000000001 0 15.200000000000001 0 0 0 0 0 0 1.4000000000000001 0.6000000000000001 0 2.6 0 0.4 1.2000000000000002 0.4 0 0 0 0 0 0 0 0.2 0.4 0 0 0 0.8 0.2 0.4 0 0 0.4 0 0.4 0 0.6000000000000001 0 0.6000000000000001 0 7.800000000000001 0 2 10 6.800000000000001 0.2 13.600000000000001 0 2.8000000000000003 8 2 0 2.4000000000000004 0 1.8 3 3.2 3.6 0 0 0 0.2 3.8000000000000003 0.2 0 0 0 4 0 0 0 0 0 5.2 1.4000000000000001 0 0 0 0 11.200000000000001 3.6 0.2 0 0 0 0 0 0 0 0 0 0 0 0.4 0 0 0 0 0 0 0 0 0.2 0 0 0 0 0 0 0 0 0 0 0 0 0 0 0.4 0 0 0 0 0 9 0 0 0 3.8000000000000003 6.2 0 8.200000000000001 3 0 0 0 0 3.2 2.4000000000000004 5.2 0 0 0 0 0 0 0 0 0 0 0 0.4 0 0 4 2 3.2 0.2 0 0 4 0 0 0 0 0 0 0 0.4 0 0 0.2 0 0 0 0 0.4 0 0 0.2 0 0 0 0 0 0 0.2 0 0 0.4 0 0 0 0 1.6 0 0 0 0 0 0.4 0 0 2.2 0 0 0 0 0.2 0 18 17.8 0.2 2.2 0 0 0 0 0 0 0 0 0.2 0 0.2 0 0 0 0 0 0 0 0 0 0 0 0 3 0 0 0 0 0 0 0 0 0 0 0 0 0 0 
 52.800000000000004 43.2 37.800000000000004 37 0 65.2 91.4 9 13 32.2 17.6 77.80000000000001 12 63 14.200000000000001 35.4 22 49.400000000000006 47.2 35.6 1 13.200000000000001 0.4 0 1 0.6000000000000001 0 0.4 0.2 0 0.4 0 28 15.8 15.200000000000001 16.2 0 13.200000000000001 15 5.4 0 0.4 4.800000000000001 0 0 0.4 0.6000000000000001 0.6000000000000001 0 0.6000000000000001 0 0.4 0 1 0.6000000000000001 0 0.8 0 0 0 0.2 0 0 0 0 0.8 0.6000000000000001 0.8 0.4 0.4 0.4 0.6000000000000001 0.6000000000000001 0.4 0 0.6000000000000001 0 0.6000000000000001 0 0.6000000000000001 0 0 0.2 0.6000000000000001 11.200000000000001 2.4000000000000004 0 0 0 3.6 1 3 0 3.2 0 0 0 0 0 0 4 4.4 0 8 0 0 0 2.6 0 0 0 0 0 0 2.6 3.4000000000000004 0 2.8000000000000003 2.2 0 0 0 0 0 0 0 0 0.4 0 0 0 0 0 0 0 0 0 0.2 0 0 1.8 0 0 0 0.4 0 0 0 0 0 0 0 0 0 0 0 0 0 0 0 0.2 1 1.2000000000000002 4.4 0.8 0 0 0 0 0 7 0.4 0 0 0 3.6 0 0.2 1.8 0 5.2 4.6000000000000005 2 0 0 0 2.6 0 0 0 0.2 0 3.2 2 0 0.2 1 1.2000000000000002 2.2 0 0 0 0 0 0 0 0 0.2 0 0 0 1.4000000000000001 0 0 0 0 0 0 0 0 0 0 0 0 0 0 0 0 0 0 0 0 0 0 0 0 0 0 0 0 0 0 0 0 0 0.4 12 0.2 1 0 0 2.2 0 0 0.4 0 0 0 0 0 0 3.6 0 0 0 0 0 0 0 0 0 0 0 0 0 0 1.8 0 0 0 0 0 0 0 0 0 0 0 0 0 
 63.400000000000006 22.6 9.4 53.800000000000004 65.2 0 8.200000000000001 6 10.8 52.800000000000004 25 22 52.800000000000004 12.200000000000001 8.200000000000001 12.600000000000001 30.8 32.4 10.4 25.6 15.4 0.2 0.6000000000000001 72.60000000000001 0.4 0.6000000000000001 29.6 0 0 0.4 0.2 0 37.4 20.400000000000002 32.2 15.8 31.200000000000003 6 5 45 0 0 0 0 0 0 0.6000000000000001 0.6000000000000001 0 0.4 0 0.4 0 0.4 0.4 0 0 0.8 0 0 0 0 0 0 0 1 0 0.4 0.4 0 0 0.8 0 0.4 0 0.6000000000000001 0 0.6000000000000001 0 1.2000000000000002 0 0 0 0 0 6 0 0 3.8000000000000003 0 0 0 0 0 0 0 3.4000000000000004 0 0 0 0 4.2 2.6 2 0 0 4.800000000000001 2.8000000000000003 4.2 8.6 0 0.4 9.600000000000001 2 0.6000000000000001 3 0.2 3.8000000000000003 3.6 4.4 0 0 0 0 0 0 0 0 1.8 0 0 0 0 0 0.4 0 0 0 0 0 0 0 0 0.8 0 0 0 2.6 0 0 0 0 0 0 0 0 0 0 0 0 0 0 4 0 0 12.200000000000001 0 0 1 5.6000000000000005 1 0 0 0 0 3.2 0 0.2 0 0 2.8000000000000003 3.2 3.6 0 0 2.6 6.800000000000001 0 7.4 1.8 1.8 0 3.2 2.2 8.200000000000001 0 2.8000000000000003 14 7.800000000000001 3.8000000000000003 0 0 0 0 0 0.4 2.6 0 0 0 0 0 0 0 0 0 0 0 3.2 0 0 0 0 0 0 0 0 0 0 0 0 0 0 0 0 0 0 0 0 0 0 0 0 0 0 0.4 0 0 18.8 0.2 0.4 0.4 0 0 0 0 0 0 0 0 0.4 0 0 0 0 0 0 0 0 0 0 0 0 0 0 0 0 0 0 0 0 0 0 0 0 0 3.8000000000000003 0 0 0 
 18.8 35 33.2 32.2 91.4 8.200000000000001 0 18.6 46 25 26.400000000000002 26.6 83.80000000000001 65 10.4 7.4 8 48.400000000000006 19.400000000000002 11.4 0.6000000000000001 0.6000000000000001 0.4 0 1 0.8 0 0.4 0 0 0.2 0.4 0 0.8 0 0 0 1 0.4 0 0 0.6000000000000001 0 0 0 0.4 0.6000000000000001 0.6000000000000001 0 0.6000000000000001 0 0.4 0 1 0.4 12.200000000000001 0 0 0 0 0.2 0 0.6000000000000001 0 0.2 0 0.6000000000000001 0 0.4 0.6000000000000001 0.2 0.4 0.6000000000000001 0.4 0 0.4 0 0.6000000000000001 0 0.6000000000000001 10 0 2 0.4 0 0 4 0 2.2 5.800000000000001 3.6 5.800000000000001 3.4000000000000004 3.6 4.2 4.2 2.4000000000000004 3.8000000000000003 2.6 6.4 0 0 0 0 0 0 0 0 0 0 0 0 0 0 0 0 0 0 0 0 0 0 0 0 0 0 0 0 0 0 0 0 0 0 0 0 0 0 0 0 0 0 0 0 0 0 0 0 0 0 0 0 0 0 0.4 0.6000000000000001 0 0 0 0 8.4 3.6 2.6 2.6 7.800000000000001 0 2.2 3.8000000000000003 0 2.4000000000000004 0 0 3.2 10.4 5.6000000000000005 0 3 5.2 5.6000000000000005 6.800000000000001 0 0 0 0.2 3.2 0 0 0 0 0 0 0 3.4000000000000004 0 0 0 0 0 0 0 0 0 0 0 0 0 0 0 0 0 0 0 0 0 0 0 0 0 0 0 0 0 0 0.4 0 3.8000000000000003 0 0 0 0 0 0 0 0 0.2 0.4 0 0 0 0 0 0 0 0 0 0.2 0 0.4 0.6000000000000001 0 0 2.2 0 0 0 0 0 0 0 0 0 0 0 0 0 0 0.2 0 0 0 0 0 0 0 0 0 2 0 0 0 0 0 0 0 0 0 0 0 0 0 
 20.200000000000003 78 53.6 59 9 6 18.6 0 18.400000000000002 7.800000000000001 39.6 5.800000000000001 21.6 37.800000000000004 9.200000000000001 48.6 25.8 24.6 35.6 12.8 0.6000000000000001 0 0.4 0 0.4 0.6000000000000001 0 0 14.8 0 0 0.6000000000000001 0 0.4 0 0 0 0.6000000000000001 4.800000000000001 0 0 0 0.4 0 0 0 0.6000000000000001 0.6000000000000001 0 0.6000000000000001 0 0.4 0 0.4 0 0 0 0 0 0 1.4000000000000001 1.2000000000000002 0.6000000000000001 0 0 0 0.6000000000000001 0.4 0.4 0 0 1 0 0.4 0 1.2000000000000002 0 0.6000000000000001 0 1.6 0 1 2.4000000000000004 5.6000000000000005 2.6 0.2 4 3.8000000000000003 5.2 5 5.800000000000001 4.2 0 1.4000000000000001 3 0 2.6 5.800000000000001 0.2 0 2.2 0 0 0 0 0 1.4000000000000001 2 0 0 0 0 0 0 0 0 0 0 0 0 0 0 0 3 0 0 0 0 0 0 0 0 0 0 0 0 0 0 0 0 0 0 0 0 0 0.2 0 0 4.4 0 0 0 0 0 0.4 0 0 0 0 0 3 0.2 0 4 9.600000000000001 0 0 6.2 5.2 3.2 0.4 3.8000000000000003 0 0 3.4000000000000004 0.4 2.4000000000000004 0.2 0 5.2 0 0 0 0.2 0 0 0 0 0 0 0 0 0 0 0 0 0 0 0 3.8000000000000003 0 0 0 0 0 0 0 0 0 0 0.2 0 0 0 0 0 0 0 0 0 0 0 0 0.4 0 0 0 0 0 0 0 0 0 0 0 0.4 0 0 0 0 0 0 0 0 0 0 0.4 0 0.4 0 3.6 0.6000000000000001 0 0 0.4 0 0 0 0 0 0 0 0 0 0 0 0.2 0 0 0 0 0 0 0 0 2.6 0 0 0 0 0 0 0 0 0 0 0 0 0 0 
 7.6000000000000005 32 48.2 35.800000000000004 13 10.8 46 18.400000000000002 0 31.6 24.200000000000003 18.400000000000002 56 43.2 19 29 56.2 79.4 78.4 33 15.600000000000001 0.4 0.4 0.6000000000000001 0.4 1.2000000000000002 16.6 0.2 0.6000000000000001 0 1.4000000000000001 0.6000000000000001 3.6 1 0 2 0 0.6000000000000001 0.8 14.4 0 0 0 0 0.8 0.4 0.6000000000000001 0.6000000000000001 0 0.6000000000000001 0 0.4 0 0.6000000000000001 0.2 0.4 6 2 0 0 10.4 0 0.4 0 0.4 0 0 0.4 0.4 1.2000000000000002 0 1 10.600000000000001 10.600000000000001 0.4 0.6000000000000001 0 0.6000000000000001 0 0.6000000000000001 0 2.2 5.6000000000000005 10.600000000000001 2.6 2 0 0 6.800000000000001 1.6 5.2 5 0 0 2.2 5.800000000000001 3 2.6 0 4.2 1.4000000000000001 3.2 0 0 0 0 6.6000000000000005 0 0 0 1.6 0 2.8000000000000003 0 9 0 5.4 0 3 2.2 0 0 0 0 0 0 0 0 0 0 0 0 0 0 0 0 0 0 0 0 0 0 0 0.8 0 0 0 0 0 0 0 0.4 0 0 0 0 0 0 0 0 2.8000000000000003 2.2 0 0 1.6 1.8 0 4.2 0.2 6 0 1.4000000000000001 0 6 3.6 5 0.8 2.6 0 3.8000000000000003 2.2 0.2 0 0 0 0 0 2.4000000000000004 0 0 0 0 2.6 7 2.6 0 0 0 0 5.2 0 0 0 0 0 0 0.2 0 0 0 0 0 0 0 0 0 0 0 0 0 0 0 0 0 0 0.4 0.4 0 0 0 0 0 0 0 0 0 0 0 0 0 0 0 0 0 0 0 1.4000000000000001 0 0 19.400000000000002 3 0.6000000000000001 0 0 0 0 0 0 0 0 0 0 0 0 0 0 0 0 0 0 0 0 0 0 0 4.800000000000001 1.6 2 0 0 0 0 0 0 0 0 0 0 0 0 
 26.8 44.6 69.8 38.400000000000006 32.2 52.800000000000004 25 7.800000000000001 31.6 0 36.800000000000004 43.6 10 35.800000000000004 18.8 85 62.400000000000006 68.60000000000001 41.6 14.200000000000001 0.6000000000000001 0.4 0.4 0.6000000000000001 0.4 0.6000000000000001 18.2 0 0 0.4 0 0 0.2 0.8 0 0.6000000000000001 0 0.6000000000000001 0 15 0 0 0 0 0 0 0.6000000000000001 0.6000000000000001 0 1.4000000000000001 0 0.4 0.6000000000000001 0.4 0.2 0 0 0 0 0 0.2 0 0.2 0 0 0 0 0.4 0.4 0 0.8 0.6000000000000001 0 0.4 0 1.8 0 0.6000000000000001 0 0.6000000000000001 0 0 6.4 11.8 0 0 0 0 7.800000000000001 3.2 5.6000000000000005 2.8000000000000003 0 2.8000000000000003 0.6000000000000001 5.4 6 3.2 0 0 2.8000000000000003 0 3.6 0 0 0 2.2 0 0 0 0 0 3.2 0.6000000000000001 0.4 0 0 0 5.6000000000000005 0 0 0 0 0 0 0 0 0 0 0 0 0 0 0 0 0 0 0 0 0 0 0 0 0 0.4 0 0.2 0 0 0 0 0 0 0 0 0 0 0 0 11 0 3 8.8 3 1.2000000000000002 6 0 6 0.4 7.2 0.2 2.4000000000000004 0 3.4000000000000004 0 3.2 0.2 6.6000000000000005 0 0 0 0.2 0 0 0.4 0 0 0 0 0 0.2 0 0 4.4 3.2 0 0 0.2 0 0 0 0 0 0 0 0 1.6 0 0 0 0 0 0 0.4 0 0 0 0 0.2 0 0 0 0.2 0 0 0 0 0 0 0.2 0 2.2 0 0 0 0 0 0 0 0 0 1.2000000000000002 0 0 0 0.6000000000000001 17.8 0.6000000000000001 0.6000000000000001 0.4 2.8000000000000003 2.8000000000000003 1 0 0.6000000000000001 0 0 0 0 0 0 0 0 0 0 0 0 0 0 0 0 0 0 0 0 2.8000000000000003 4.4 0 0 0 0 0 0 0 0 0 0 0 0 0 
 62.6 33.2 43 23.8 17.6 25 26.400000000000002 39.6 24.200000000000003 36.800000000000004 0 30.200000000000003 27 55.2 47.400000000000006 53.800000000000004 21.400000000000002 24 80.80000000000001 9.4 10 14.8 0.4 0 0.6000000000000001 0.6000000000000001 14.600000000000001 7.6000000000000005 0 0 0 1 0.2 15.4 0 0.2 0 0.6000000000000001 0 0 0 0 0 0 0 0 3.4000000000000004 0.6000000000000001 0 0.8 0 0.4 0 0.8 0.4 0 0 1 0 0 0 1.8 0 0 0 0 0.4 0.8 0.4 0 0 0.8 0 0.4 0 0.6000000000000001 0 0.6000000000000001 0 0.6000000000000001 0 5 0 4.6000000000000005 2 1.8 0 0.2 3 6.2 9.4 1.8 0 9 11.600000000000001 6.800000000000001 0 9 2.6 0 0 3 0.2 0 0 0 2.2 0 0 0 0 0 2.8000000000000003 0 0 0 0 0 2.8000000000000003 0 0.2 0 0 0 0 0 0 0 0 0 0 0 0.4 0 0 0 0 0 0 0 0 0 0 0 0 0 0 0 0 0 0 0 0 0 0 0.8 0 0 0 0 3.4000000000000004 2 0.2 2 7.4 3.2 8.8 2.4000000000000004 3 1.8 3.4000000000000004 10.600000000000001 0 7.4 5.800000000000001 2 3.2 0.2 0 2.6 0 0 0 0 0 0 0 0 0 0.4 0 0 2 0 0 0.2 0 0 2 0 0 0 0 0 0 0 0 0 0 0 0 0 0 0 0.4 0 0 0 0 0 0 0 0 0 0 0 0 0.4 0 0 0.4 0 0 0 0 0 0 0 0.4 0 0 0 0 0 0 0.4 0 0 0 34.6 2 5.800000000000001 2 0 0 0 0 0 0 0 0 0 6.2 0 0 0 0 0 0 0 0 0 0 0 0 0 1.4000000000000001 0 0 0 0 0 0 0 0 0 0 0 0 0 
 28 43.6 34.6 34.800000000000004 77.80000000000001 22 26.6 5.800000000000001 18.400000000000002 43.6 30.200000000000003 0 6.2 25.200000000000003 50.400000000000006 6.2 42.400000000000006 86 48.2 31 0.6000000000000001 16.2 0.4 0 0.4 0.6000000000000001 0 0 0 0 0 0 12.4 0.4 0 0 0 0.6000000000000001 4.800000000000001 29.6 0 0 0 0 0 0 0.8 0.6000000000000001 0 5.2 0 0.4 1.2000000000000002 0.4 0.2 0 0 0 0 0 0 0 0.4 0 0 0 0 0.2 0.4 0 0 0.6000000000000001 0 0.4 0 0.6000000000000001 0 0.6000000000000001 0 0.6000000000000001 0 1.6 3.8000000000000003 12.4 0.6000000000000001 7.2 0 0.6000000000000001 11.200000000000001 3.6 4 3.2 0.2 2.4000000000000004 3 1.6 5.800000000000001 1.6 0 0 2.6 4.4 0 0 0 0 0.2 5.6000000000000005 0 0 0 0 7.4 0 0.4 0.8 0 6.6000000000000005 1.6 6.800000000000001 0 0 0 0 0.2 0 0 0 0 0 0 0 0 0 2.8000000000000003 0 0 0 0 0 0 0 0 0 0 0 0 0 0.4 0 0 0 0 0 0 0.4 0 0 0 0 0 3.8000000000000003 5.6000000000000005 2.6 2.4000000000000004 2.2 4.2 1.8 0 0.6000000000000001 0 3.4000000000000004 0 10.4 0 2.8000000000000003 0 5.2 0 0 5.4 3.2 0 0 0 0 0 4.800000000000001 0 0 0 0 2.6 0 2.8000000000000003 0 0 0 5.800000000000001 0 0 0 0 0.2 0.2 0 3.2 0 0 1.8 0 0 0 0 0 0 0 0 0.2 0 0 0 0 0 0.2 0 0 0 0 0 0 0 0 0 0 0 0.2 0 0 0 0 2 0 0 0 0.4 0 0 1.2000000000000002 17.400000000000002 3.2 3.2 0.4 0 0 0 0 0 0 0 0 0 0 0 0 0 0 0 0 0 0 0 0 0 0 0 1.6 0 0 0 0 0 0 0 0 0 0 0 0 0 
 33.6 41.800000000000004 16.8 13.600000000000001 12 52.800000000000004 83.80000000000001 21.6 56 10 27 6.2 0 27.400000000000002 52.400000000000006 9 6.2 7.6000000000000005 79 52.400000000000006 0.6000000000000001 0.8 0.8 0.6000000000000001 0.4 0.8 0 0 0 0.4 0 0.4 0 0.8 0.4 0.2 0 1 1 0.4 0 0 0 0 0 0 0.6000000000000001 0.6000000000000001 0 0.4 0 0.4 0 0.4 0.4 0 0.6000000000000001 0 0 0 0.6000000000000001 0.4 0 0 0 0 0 0 0.8 0 0 0.6000000000000001 9 0.4 0.2 1.2000000000000002 0 0.6000000000000001 0 0.6000000000000001 5.4 0 5.6000000000000005 0 3.2 0 3 3.8000000000000003 0 0 2.2 2.2 5.6000000000000005 4.4 0 3.6 0 2 3.6 0.4 0 0 0 0 0 0 0 0 0 4.2 0 0 0 0 0 0 0 0 0 0 0 0 0 0 0 0 0 0 0 0 0 0 0 0 0 0 0 0 0 0 0 0 0 0 0 0 0 0 0 0 0 0 0 0 0 0.6000000000000001 0 0 0 0 2.2 3.2 8 2.6 0 0 9.8 7.800000000000001 2 3.6 0 0 6.800000000000001 2.2 7.6000000000000005 0 0 4 0.2 5.2 0 2.8000000000000003 0 0 0 0 0 0 0 1.8 0 0 5 0 0 0 0 0 0 0 0 0 0 0 0 0 0 0 0 0 0 0.4 0 0 0 0.2 0 0 0 0 0 0 0 0 0 0 0 0 0 0 0 0 0 0 0 0 0 0 0 0 0 0 0 0 0 0.4 0.2 0 0 0.2 0 0 0.2 0 0 0 0 0 0.2 0 0 0 0 0 0 0 0 0 0 0 0 0 0 0 0 0 0 0 0 0 0 0 0 0 0 0 0 0 0 0 
 25.200000000000003 51 82.4 43.2 63 12.200000000000001 65 37.800000000000004 43.2 35.800000000000004 55.2 25.200000000000003 27.400000000000002 0 26.6 28.8 8.6 69.4 35.4 19.200000000000003 0.6000000000000001 0 0.4 40.400000000000006 13.600000000000001 41 0 0 0 40.800000000000004 0 0 0 0.4 0 0 0 0.6000000000000001 0 0.2 0 0 0 0 0 0.4 1.2000000000000002 0.8 0 0.4 0 0.6000000000000001 0 0.4 0.6000000000000001 0.4 0 1.6 0 0 0 1.2000000000000002 0 0.2 0.2 0 0 0.4 0.8 0.2 0.2 0.6000000000000001 0 0.4 0 0.6000000000000001 0 0.6000000000000001 0 0.6000000000000001 1.4000000000000001 2.2 3 3.2 2.6 0 0 0 5.800000000000001 1.8 4 5.800000000000001 2.4000000000000004 0 5.4 9.8 0.8 7 6.6000000000000005 1.8 0 0 0 0 0 0 1.4000000000000001 0 0 0 0 0 6.2 0 0 0 0 0 0 0 0 0 0 0 0 0 0 0 0 0 0 0 0 0 0 0 0 0 1 0 0 0 0 0 4.4 0 0 0 0.4 0 0 0 0 0 0 2.6 0 0 0 0.2 2 1.8 0.2 2.8000000000000003 3 2.8000000000000003 2.6 6.4 6.6000000000000005 4.4 0.4 1.2000000000000002 0 2 6.800000000000001 0.8 3.8000000000000003 4.800000000000001 0 3 0 0 0 0 0 0 0 0 0 0 0 0 3 0 0.2 0 0 0 0 0 0 0 0 0.2 0.2 0 0 0 0.2 0 0 0 0 0 0 0 0 0 0 2.6 0 0 0 0 0 0 0 0 0 0 0 0 0 0 0 0 0 0 0 0 0 0 0 0 0 0.4 0 0.2 0.4 0.2 2 2.8000000000000003 0 0 0 0 0 0 0 0 0 0 3.4000000000000004 0 0 0 0 0 0 0 0 0 0 0 0 2.6 2.4000000000000004 0 0 0 0 0 0 0 0 0 0 0 0 0 
 11.600000000000001 11.200000000000001 11 13.4 14.200000000000001 8.200000000000001 10.4 9.200000000000001 19 18.8 47.400000000000006 50.400000000000006 52.400000000000006 26.6 0 24.8 8.4 6 61.800000000000004 36 0.6000000000000001 0 0.4 0 0.4 1 0.6000000000000001 0 0 0.6000000000000001 0 0.4 0.6000000000000001 0.4 0 0 0 0.6000000000000001 0 1 0 0 0 0 0 0 1.2000000000000002 0.6000000000000001 0 1 0 0.4 0.4 0.8 0.2 0 0.2 1.6 0 0 0.2 0.2 0 0 0 0 0.2 0 0.4 0.4 0 0.6000000000000001 0 0.8 0 0.6000000000000001 0 0.6000000000000001 0 0.6000000000000001 1.4000000000000001 21 0 0 0 0 5 3 2 0.2 4.4 0 2.4000000000000004 2.2 4.800000000000001 4.6000000000000005 0.2 10 5.6000000000000005 0.4 0 0 0 0 0 0 0 0 0 0 0 0 0 0 0 0 0 0 0 0 0 0 2.8000000000000003 0 0 0 0 0 0 0 0 0 0 0 0 0 0 0 0 2 0 0 0 0 0 0 0 0 0 4.4 0 2.4000000000000004 0 0 0 0 0 0 0 0 0 2 2.6 0 0 6.800000000000001 0 0 7.4 0 4 0 0 4.4 0 3 3.8000000000000003 0 0 0 0 2.8000000000000003 0 0 0 3.6 0 0 0 0 0 0 0 0 0 0 0 0 0 0 0 0 0 0 0 0 0 0 0 0 0 0 0 0 0 0 0 0 0 0 0 0 0 0 0 0 0 0 0 0 0 0 0 0 0 0 0 0 0 0 0 0 0 0 0 0.6000000000000001 0 0 0.4 9.4 0.2 0.4 0.8 0 0 0 0 0 0 0 0 0 3.2 0 0 0 0 0 0 0 0 0 0 0 0 0 0 0 0 0 0 0 0 0 0 0 0 0 0 0 
 17.6 25.6 29.200000000000003 18.6 35.4 12.600000000000001 7.4 48.6 29 85 53.800000000000004 6.2 9 28.8 24.8 0 28.8 16.400000000000002 51.2 11.600000000000001 0.6000000000000001 0 0.6000000000000001 0 1.4000000000000001 0.6000000000000001 0 0 0 0.8 0 0 0.2 0.4 0 0 0 1 7.4 0.4 0 0 0 0 1 0 1 0.6000000000000001 0 0.6000000000000001 0 0.4 0 0.4 0 0 0 1.6 0 0.2 0 0 0.4 0 0 0 0 0 0.4 0 0 0.6000000000000001 0 0.4 0 0.6000000000000001 0 1.2000000000000002 0 0.6000000000000001 0 0.2 5.4 4 0.2 2.8000000000000003 3 0 9.4 4.4 0.4 2.8000000000000003 0 3 8 4.6000000000000005 2.8000000000000003 6.6000000000000005 2.4000000000000004 0 2.2 0 0 0.4 0 0 1.6 0 0 0 0 0 0 1.4000000000000001 0 1.2000000000000002 0 0 2.8000000000000003 2.6 0 0 0 0 0 0 0 0.4 0 0 0 0 0 0 0 0 0 0 0 0 0.4 0 0.2 0.4 0.2 0 0 3.2 0 0 0 0 0 0 0 0 0 0 0 0 0 0.2 0 3.8000000000000003 4 3.2 0 7.4 5.4 5.800000000000001 1.8 3.4000000000000004 0 0 4 0 7 5.4 0.4 3 0 2.4000000000000004 0 0 0 0 0 2.2 0 0 0 0 1.2000000000000002 2 0 0 0 0.4 0 2.4000000000000004 0 0 0.2 0 0 0 0 0 0 0 0 0 0 0.2 0 0 0 0 0 0.4 0 0 0 0 0 0 0 0 0.2 0 0 0 0 0 0 0 0 0 0 0 0 0 0 0 0 0.2 0 0.4 17.2 0.2 0 1.8 0 0 0 0 0 0 0 0 0 0 2.6 0 0 0 0 0 0 0 0 0 0 0 0 0.6000000000000001 0 0 0 0 0 0 0 0 0 0 0 0 0 0 
 29.200000000000003 26.400000000000002 24.200000000000003 9.4 22 30.8 8 25.8 56.2 62.400000000000006 21.400000000000002 42.400000000000006 6.2 8.6 8.4 28.8 0 88.80000000000001 89.80000000000001 28.200000000000003 16 0 0.4 0 0.4 1 7.6000000000000005 0 0 0 0 0.4 15.600000000000001 0.4 0 0.4 0 0.6000000000000001 15.200000000000001 16 0 0 2.2 0 0 0 0.6000000000000001 0.6000000000000001 0 1 0 0.8 0 1 0.2 0.4 0 0.2 0 0 0 0 0.2 0 0 0 1.4000000000000001 0 0.4 0 0.4 0.6000000000000001 10.200000000000001 0.4 0.6000000000000001 0.6000000000000001 0 1.2000000000000002 0 0.6000000000000001 0 0 4.4 6.6000000000000005 5.2 0 0 0 6.6000000000000005 0.4 4.4 2.8000000000000003 0 0 0 3.2 13.600000000000001 3.4000000000000004 0 0 4.2 2 0 0 0 0 2.6 1.4000000000000001 0 0 0 0 2.2 0.4 10.8 0 4.4 0 4.2 4.6000000000000005 0 0 0 0.2 0 0 2 0 0 0 0 0 0 0 0 0 0 2.2 0 0 0 0 0 0 0 0 0.2 0 0 0 0 0.2 0 0 0 0 0 0 0 0 0 1.6 2.2 14 0.2 6.2 0 0.4 0.4 0 0.2 0 0 0 0 2.8000000000000003 1.8 1.8 0 0 2.8000000000000003 2.8000000000000003 0.2 0 0.2 0 0 2.8000000000000003 0 0 0 0 0 13.8 2.8000000000000003 0 0 0 0 4 0 0 2 0 0 0 0.4 0 0 0 0 0 0 0.4 0 0 0 0 0 0 0 0 0.2 0 0 0 0.2 0 0 0 0 0 0 0 0 0 0 0 0 0 0 0 0 0 0 0 17 0.2 0.2 0 0 2.2 0 0 0 0 0 0 0 0 0 2.8000000000000003 0 0 0 0 0.2 0 0 0 0 0 0 0 0 1.2000000000000002 0 2 0 0 0 0 0 0 0 0 0 0 0 0 
 23.200000000000003 13.600000000000001 29 42.2 49.400000000000006 32.4 48.400000000000006 24.6 79.4 68.60000000000001 24 86 7.6000000000000005 69.4 6 16.400000000000002 88.80000000000001 0 8 12.200000000000001 15.600000000000001 0.2 0.4 0 1.2000000000000002 0.6000000000000001 0.8 15.4 0 0 1.2000000000000002 0 15.4 0.4 0 0 0 0.6000000000000001 0 12.200000000000001 0 0 0 0 0 0 1.8 0.6000000000000001 0 0.6000000000000001 0 0.4 0 0.6000000000000001 0 0 0 0 0 0.8 0 0 7 0 1.4000000000000001 0 0 0.4 0.6000000000000001 0 0 1 0 0.4 0 0.4 0 0.6000000000000001 0.8 0.6000000000000001 0 0 3 8.6 2 0.6000000000000001 0 0.2 12 2.2 2 3.2 0 0 5 8 4.4 3.6 0 0 0 4.2 0 0 0 0 5.2 0 0 0 0 0 0.2 0 0.2 0 0.2 0 3.8000000000000003 0 0 0 0 5.6000000000000005 0 0 0 0 0 0 0 0 0 0 0 0 0 0 0 0 0 0 0 0 0 0 0 0 0 0 0 0 0 0 0 0 0 0.2 0 0 0 2.2 0.4 1 2.2 5.6000000000000005 0 2 0 4.4 0 0 0.4 2.2 0 2.2 4.2 4.4 0 0 3.8000000000000003 0 3 0 0 0 0 2.8000000000000003 0 0 0 0 4.4 0 2 0 0.4 0 0 2 5 2 0 0 0 0 3.4000000000000004 0 0 0 0 0 0 0 0 0 0 0 0 0 0 0 1.6 0 0 0 0 0 0 0 0 3.8000000000000003 0.2 0 0 0 0 0 0 0 0 0 0 0 0 0 17.6 0 0.4 3 0.2 2.8000000000000003 0 0 0 0 0 0 0 0 0 0 0 0 0 0 0 0 0 0.2 0 0 0 0.2 0 4.800000000000001 2.4000000000000004 2.4000000000000004 0 0 0 0 0 0 0 0 0 0 0 0 
 29.6 14.8 32.4 21.400000000000002 47.2 10.4 19.400000000000002 35.6 78.4 41.6 80.80000000000001 48.2 79 35.4 61.800000000000004 51.2 89.80000000000001 8 0 46 0.6000000000000001 0 0.4 0 0.4 0.6000000000000001 0 0 0 0 0 0 0 1 0 0.6000000000000001 0.2 0.6000000000000001 0 0 0 0 0 0 0.8 0 1 0.6000000000000001 0 0.4 0 0.4 0 0.4 0.4 0 0.8 1.6 0 0 0.4 0.2 0.2 0 0 0.4 0 0.8 1.4000000000000001 0 1 0.6000000000000001 0 0.4 0.2 1 0 1.6 0 0.6000000000000001 8.6 5.2 0 8 0 9.4 0.2 0 3.6 2.6 2.6 0 6 0 4.6000000000000005 8 0 12 6.4 5.6000000000000005 0 0 0 0 0 0 0 0 0 0 0 0 0 0 0 0 0 0 0 0 0 0 0 0 0 0 0 0 0 0 0 0 0 0 0 0 0 0 0 0 0 0 0 0 0 2.4000000000000004 0 0 0 0 0 3.2 0 0 0.4 0 0 0.6000000000000001 0 1 0 3.2 0 0 2.6 2.6 0 0 9.4 0 0 1.4000000000000001 2.6 3.6 2 0.2 5.6000000000000005 1.2000000000000002 0 0 0 0 0 0.2 0 0 0 0 0 0 0 0 0 0 0 0 0 0 0 0 0 0 0 0 0 0 0 0 0 0 0.2 0 0 0 0 0 0 0 0 0 0 0 0 0.4 0 0 0 0 0 0 0 0 0 0 0.2 0.4 0 0 0 0 0 0 0 0 0 0.4 0 0 0.2 0.2 2.2 0.6000000000000001 0 0 0 0 0.2 0 0 0 0 0 2.6 0 0 0 0.2 0 0 0 0 0 0 0 0 0 1.8 0 0 0 0 0 0 0 0 0 0 0 0 0 
 14.200000000000001 11.8 59.400000000000006 8.4 35.6 25.6 11.4 12.8 33 14.200000000000001 9.4 31 52.400000000000006 19.200000000000003 36 11.600000000000001 28.200000000000003 12.200000000000001 46 0 0.6000000000000001 0 0.4 0 0.4 0.6000000000000001 0 0 0 0 0 0 0 0.4 0.4 0 0 0.6000000000000001 0 0 0 0 0 0 0 0 0.6000000000000001 0.6000000000000001 0 0.4 0 0.4 0 0.4 0.4 0 1.2000000000000002 1 0 0 0 0 0 0 0 0 0 0.2 0.4 0 0 0.6000000000000001 0 0.4 0 1.6 0 0.6000000000000001 0 0.6000000000000001 2 2.2 2.6 0 0 0 0 7.800000000000001 1.4000000000000001 0 3.8000000000000003 0 0 6.4 0 0 1.2000000000000002 0.2 3.6 5.4 0 0 0 0 0 0 0 0 0 0 0 0 0 0 0 0 0 0 0 0 0 0 0 0 0 0 2 1.6 0 0 0 0 0 0 0 0 0 0 0 0 0 0 0 0 0 0.2 0 0 0 0 0 0 0 0 0 0 0 0 0 0 6.4 3 7.2 0 0.2 0 0 1.4000000000000001 2.8000000000000003 0 0 0.2 2 2.8000000000000003 5.4 2.6 2.8000000000000003 0 2 11.8 0 0 0 0 0.2 0 0 0 0 0 0 0 0 0 0 0 0 0 0 0 0 0 4.6000000000000005 0 0 0 0.2 0 0 0 0 0 0 0.2 0 0 0 0 0.4 0 0 0 0 0 0 0 0 0 0 0 0 0 0 0 0 0 0 0 0 0 0 0 0 0 0 0.4 0 0 0 0.2 0.6000000000000001 1 0 0 0 0 0 0 0 0 0 0 0 0 0 0 0 0 0 0 0 0 0 0 0 0 0 0 0 0 0 0 0 0 0 0 0 0 0 0 
 0.6000000000000001 0.8 0.6000000000000001 5.2 1 15.4 0.6000000000000001 0.6000000000000001 15.600000000000001 0.6000000000000001 10 0.6000000000000001 0.6000000000000001 0.6000000000000001 0.6000000000000001 0.6000000000000001 16 15.600000000000001 0.6000000000000001 0.6000000000000001 0 33.800000000000004 77.60000000000001 62.6 4.6000000000000005 10 31 29.6 9 59.2 9.4 23.8 52 29.6 22 13 10.200000000000001 25.400000000000002 12.8 6.800000000000001 0 0 0.4 0.4 0 0 0 0 0.6000000000000001 0.2 0 1 0 0.4 0 0.4 0.6000000000000001 0.4 0.2 0 0 0 0 0 0 1.6 0.2 0.2 0.4 0 0 0 0.6000000000000001 0 0 0 0 0 0 0 0 0 0 5.2 4.4 4.2 0 1.4000000000000001 0 0 0 0 0 0 0 0 0 0 0 0 0.6000000000000001 6.6000000000000005 7 3 2.6 0 8.200000000000001 2.4000000000000004 13 4.2 0 0 5 0 5.4 3.4000000000000004 4 2.4000000000000004 4 2.4000000000000004 0 0 0 0 0 0 0 0 0 0 0 0 0 6.2 0 0 0 1.8 0 0 0 0 0 0 0 0 0 0 0 0 0 0 0 0 0 0 0 0 0 0 0 0 0 0 0 14.4 0 0 0 0.2 0 0.2 0 0 0 1.8 0 0 0 0 0.8 0 0 4.800000000000001 0 3.6 6.2 0.2 9.600000000000001 1.6 0 0 2 1.8 1 0 3.4000000000000004 0 4.6000000000000005 1.8 0 0 0 0 0 0 4.6000000000000005 2.4000000000000004 0 0 0 0 0 0 0 0 0 0 5.2 2.4000000000000004 0 0 0 0 0 0 0 0 0 0 0 0 0 0 0 0 0 0 0 0 0 0 0 0 0 0.6000000000000001 14.8 0 0 15 0 0 0 0 1.2000000000000002 0 0 0 7.800000000000001 0 0.2 0 0 0 0 0 0 0 0 0 0 0 0 0 0 1.2000000000000002 0 1.6 0 0 0 0.4 0 0 0 0 3.4000000000000004 0 0 0 
 0 0.4 0 15.200000000000001 13.200000000000001 0.2 0.6000000000000001 0 0.4 0.4 14.8 16.2 0.8 0 0 0 0 0.2 0 0 33.800000000000004 0 21.8 29.400000000000002 21.6 23.200000000000003 68.8 32 8 14.4 50.6 12.600000000000001 45.2 19.200000000000003 33.800000000000004 23.200000000000003 51.800000000000004 14.200000000000001 25.8 36.4 0 0 1.4000000000000001 0.6000000000000001 0 0 0 0 0 0 0 0 0 0.6000000000000001 0 0.6000000000000001 0 0 0 0 0 0 0 0 0 0.6000000000000001 0.6000000000000001 0 0.6000000000000001 0 0 0 0.6000000000000001 0 0 0 0 0 0 0 0 0 0 0.2 0 4.4 0 0 0 1.8 0.2 0 0 0 0 0 0.2 0 0 0 0.2 3.2 4.6000000000000005 0.8 0 8 4.800000000000001 0.8 0 15.600000000000001 1.6 1 2.4000000000000004 2.4000000000000004 0 11 0 3.4000000000000004 11.600000000000001 1 3.8000000000000003 0 0.4 0 0 0 0 0.2 0 0 0 0 2 0 0 0 0 0 0 2 0.2 0 0 0 0 0 0.6000000000000001 1.4000000000000001 1.6 0 0 0 0.4 0.6000000000000001 0 0 0 0 0 0.2 0 0.2 0 0.2 6 0.2 0 0 0 0 3 2.6 0 0 0 0 0 0 0 0 5.2 0.4 4 0 4.4 10.200000000000001 0.2 4.2 3.4000000000000004 0 3.2 0.2 4 0 5.6000000000000005 4.2 0.4 4 8.200000000000001 1.8 0 0 0 0 0 0 0 1 0 0 0 0 3.6 0 0 0 0 0 0 0 0 0 0 0 0 0 0 0 0 0 0 0 0 0 0 0 0 0 0 0 0 0 0 0 0 0.4 0 0 0 0.2 0 0 0 0 0 0 0 0.8 0 0 0 0 0 0 0 0 0 0 0 0 0 0 0 0 0 0 0 0 0 0.2 0 0 0 0 0 1.8 0.2 0 0 0 
 0.4 0.4 0.4 0.4 0.4 0.6000000000000001 0.4 0.4 0.4 0.4 0.4 0.4 0.8 0.4 0.4 0.6000000000000001 0.4 0.4 0.4 0.4 77.60000000000001 21.8 0 38.400000000000006 32.6 121 13.8 53.800000000000004 96.80000000000001 49 28 6.800000000000001 13.200000000000001 15.600000000000001 63.2 77.60000000000001 43.2 32.800000000000004 7.4 7 0 0 0.4 0.6000000000000001 0 0 0 0 0.6000000000000001 0 0 1 8.200000000000001 0.4 0 0.6000000000000001 0.4 0 0.2 12.600000000000001 0 0 0 0 0 0.6000000000000001 0.6000000000000001 0 1.2000000000000002 0 0 0.6000000000000001 0.6000000000000001 0 0 0 0 0 0 9 0 0 0 0 0.4 0 0 0 0 0 0 0 0 0 0 0 0 0 0 0 0 2.8000000000000003 0 5.6000000000000005 5.6000000000000005 2.2 0 2 10.200000000000001 1 7.800000000000001 6.4 0 6.800000000000001 0.8 3.6 2.6 10.200000000000001 0 0 2.8000000000000003 0 4.6000000000000005 0 0 2.2 12.4 0 0 0 0 0 2.4000000000000004 2.8000000000000003 0 0 0 0 3.2 4.4 0 0 3.6 0.2 0 0 0 0 0 0 0 0 0 0 0 0 0 0 0 0 0 0 0 0 1 0 0 0 0 0 0.4 0.4 0 0 4 0 0 0 0 0 0 0 1.2000000000000002 3.2 3.4000000000000004 3.2 3.8000000000000003 0.2 3.2 3.2 2 7.2 0 4.2 3.8000000000000003 3.6 8.200000000000001 2.4000000000000004 0 0 0 0.2 2.2 0.2 0 0 2.2 4 0 0 0.4 0 7.2 7.800000000000001 0 0 0 0 0 3.4000000000000004 0 0 0 0 0 0 0 0 0 0 0 0 0 0 0 0 0 0 0.2 0 0 0 0 0 0 0 0 0 0 0 0 0 0 0 2.6 0.4 0 1.8 15.200000000000001 0.4 0 0 0 0 0 0 0 0 0 0 0 0 0 0 0 0 0 0 0 2.4000000000000004 0 2.6 0 0 0 2 0 0 0 2 
 0 0.4 0 0 0 72.60000000000001 0 0 0.6000000000000001 0.6000000000000001 0 0 0.6000000000000001 40.400000000000006 0 0 0 0 0 0 62.6 29.400000000000002 38.400000000000006 0 37.2 24.200000000000003 24.6 19.400000000000002 25 44.6 36.6 64.60000000000001 56.6 29 29.8 15 12 27.400000000000002 55 31.400000000000002 0 0 0.4 0.4 0 1.2000000000000002 0 0 0.2 0 0.2 0.8 0 1 0 0.4 0.4 0 0 0 0 0 0 0 0 1.2000000000000002 13.4 0 0.4 9.4 0 0 0.6000000000000001 5.800000000000001 0 0 0 0 0 0.4 0 0 0 0 0 0.2 0 0 0.4 0 0 0 0 0 0 0 0 0 0.2 0 0 0.8 1.4000000000000001 3.8000000000000003 0 3.8000000000000003 0 3.4000000000000004 2 4.2 5.800000000000001 3.8000000000000003 0 0 1.8 6.4 5.800000000000001 0 0 4 0 0 1.8 0 0 0 2 0 0 0 0 0 0 0 0 0 0 1.6 0.2 4.800000000000001 0.2 0 0 0 6 0 0 1 2.8000000000000003 0 0 0 1.6 0 0 0 0 0 0 5.2 0 0 0 0 0.6000000000000001 0 1 0.6000000000000001 0 0 0 0 0 0 0 0 0 0 0 0 0 0.8 6 3.2 6.6000000000000005 0 2.4000000000000004 4.6000000000000005 2.2 2 0.4 5 0 0 7 1.8 1.4000000000000001 0 0.2 0 0.4 0 0 0 0 0 0 4.2 0 0 0 0 0 0 3 0.2 0 0 1.6 0 0 0 0 0 0 0 0 0 0 0 0 0 0 0 0 0 0 0 0 0 0 0 0 0 0 0 0 0 1.8 0.2 0 0 0 0 2.4000000000000004 0 0.4 2.4000000000000004 0 0.4 0 0.4 0 0 0 0 0 0 0 0 0 0 0 0 0 0 0 0 0 2.4000000000000004 0 0 0 0 0 0.4 2.4000000000000004 0 0 0 
 0.6000000000000001 0.4 0.4 0.6000000000000001 1 0.4 1 0.4 0.4 0.4 0.6000000000000001 0.4 0.4 13.600000000000001 0.4 1.4000000000000001 0.4 1.2000000000000002 0.4 0.4 4.6000000000000005 21.6 32.6 37.2 0 17 7.2 28.400000000000002 29 62.400000000000006 23.8 39.2 19.200000000000003 27.8 15 39.400000000000006 15 24 103.80000000000001 33.6 12.600000000000001 0 12.8 0.4 1 1 0 13 11.600000000000001 13.200000000000001 11.200000000000001 0 23.200000000000003 13.4 0 0.4 12.200000000000001 0 1.8 26 0 0 0.2 0 0 0.6000000000000001 0.2 0 1 0 0 0.4 0.6000000000000001 0 0 0 0 0 0 0 0 0 0 0 0 0 0 0 0 0 0 0 0 0 0 0 0 0 0 0 0 0 2.4000000000000004 2 0 13 0 2.4000000000000004 1.8 2 5.6000000000000005 7 0 4.2 2.4000000000000004 2.8000000000000003 10.8 4 0 2.8000000000000003 0 0 0 0 0 0 2 0 0.2 0 0 0.2 0 13.600000000000001 0 0 9 0 6 2.2 0 0 0 0 0 0 0 0 0 0 0 0 0 0 0.4 0 0 0 0 0 0 0 0 0 0.8 0 0 0 0 0 0 0 0 0 0 0.2 0 0 0 0 0 2 1.8 5.2 2.2 7 2.4000000000000004 1.8 1 3.4000000000000004 0 6.4 0 1.6 4.4 1.6 3.4000000000000004 3.6 0 0 1.8 0 2.4000000000000004 0 0 0 3.8000000000000003 0 0 0 3 0 0 2.4000000000000004 0 2.8000000000000003 0 0 0 0 0 0 0 0 0.2 0 4.4 0 0 0 0 0 0 0 0 0 0 0 0 0 0 0 2.2 0 0 0 0 0 0 0 0 0 0 0 1 0.2 0.2 15.200000000000001 0.4 0 0.6000000000000001 0 8.4 0 0 0 0 0 0 0 0 0 0 0 0 0 0 0 0 0 0 0 0 0 0 0 0 4.2 0 0 
 0.6000000000000001 1 4.2 0.6000000000000001 0.6000000000000001 0.6000000000000001 0.8 0.6000000000000001 1.2000000000000002 0.6000000000000001 0.6000000000000001 0.6000000000000001 0.8 41 1 0.6000000000000001 1 0.6000000000000001 0.6000000000000001 0.6000000000000001 10 23.200000000000003 121 24.200000000000003 17 0 5.4 6.800000000000001 98.80000000000001 45.400000000000006 27.400000000000002 12.4 6.6000000000000005 35.800000000000004 8.8 59.800000000000004 61 41.400000000000006 9.600000000000001 12 7.2 0 0.4 0.4 0 0 0 6 0 0.2 0 0 0.6000000000000001 0.4 1.4000000000000001 12.600000000000001 0.4 0 0 13.4 10.600000000000001 0 0 0 0 0.6000000000000001 1.2000000000000002 0 0.4 0 0 0 0.6000000000000001 0 0 0 0 0 0 0 0.2 0 0 0 0 0 0 0 0 0 0 0 0 0 0 0 0 0 0 0 0.4 2 0 3.8000000000000003 0 1.8 0 3.6 4.2 0 5.6000000000000005 0.2 0 0 0 7.6000000000000005 0 0 0 0 9.600000000000001 1.4000000000000001 1.8 0 0 0 0.2 2.2 3.8000000000000003 2.2 0 0.2 5.6000000000000005 0 0.4 2.2 0 0 2.8000000000000003 15 0 0 0 2.6 0 0 2.4000000000000004 0 0 0 0 0 0.2 0 0 0 0 0 0 0 2.4000000000000004 0 0 0 0 0 0.6000000000000001 3.2 0 0 0 0 0 0 0 0 0 0 0 0 0 2.2 3.2 1.4000000000000001 10 0 0 2.6 0 3.6 4.800000000000001 11.200000000000001 0 0 2 0 2.2 0 0 0 0 4.2 4.6000000000000005 2 0 0 2.2 8.200000000000001 0 0 1.8 2.2 4.6000000000000005 2 2.2 0 0 2 9.600000000000001 4.2 0 0 0 0 0 0 0 0 0 0 0 0 0 0.2 0 0 0 0.6000000000000001 0 0 0 0 0 0 0 0 0 0 0 0 0 0 0 0 0.8 0.2 1 14.8 0.2 1 0.2 0 0 0 0 0 0 0 0 0 0 0 0 0 0 0 0 0 0 3.8000000000000003 0 5.2 0 0 3 0 0 0 0 0 
 0.4 0 14.600000000000001 14.8 0 29.6 0 0 16.6 18.2 14.600000000000001 0 0 0 0.6000000000000001 0 7.6000000000000005 0.8 0 0 31 68.8 13.8 24.6 7.2 5.4 0 32.6 57.400000000000006 23.400000000000002 49.800000000000004 75 66.60000000000001 20 24.200000000000003 6.6000000000000005 56.6 8.6 28.200000000000003 49.2 0 0 0.4 0.6000000000000001 0.6000000000000001 0.8 0 0 0 0 0 0 0 0.6000000000000001 0 0.4 0.8 0.4 0 0 0 0 0 0 0.4 0.6000000000000001 0.4 0 0.4 1.2000000000000002 0 0.4 0.6000000000000001 0.8 0 0 0 0 0 0 0 0 2.8000000000000003 4.4 3.4000000000000004 0 0 0 0 0 0 0 0 0 0 3 6.2 0 0 0 0 1.6 2.4000000000000004 0 0 0 2.2 3.8000000000000003 0 0 0 2 4 0 0 0 0 0 3 3.6 0 0 0 0 0 0 0 0 0 0 3.8000000000000003 0 0 0 0 0 0 2 0 0 0 0 0 0 0 0 0 0 0.4 0 0 0 0 0 0 0 0 0 0 0 0 0 0 7.4 0 5.4 0 0 0 0 0 0 0 0.4 0 0.4 1.8 1.2000000000000002 0 0 0.4 4 3.4000000000000004 1.4000000000000001 1.4000000000000001 0 0 2.2 2.2 2.2 0.2 0 0 3.6 2.4000000000000004 1.6 0.2 1.6 7.800000000000001 1.2000000000000002 0 0 0 0 0 0 0 0.2 0 0 0 0 0 0 0 0 0.2 0 0 0 0 0 0 0 0 0 0 0 0 0 1.4000000000000001 0 0 0 0 0 0 0 0 0 0 0 0 0 1.4000000000000001 0.4 0 0 0 0 0 0 0 0 1 0 0 0 0 0 0.6000000000000001 0 0.4 0 0 0 0 0 0 0 0 0 0 0 0 0 0 0 0 0 0 0 0 0 0 0 0 0 0 0 
 0 8.6 0 5.2 0.4 0 0.4 0 0.2 0 7.6000000000000005 0 0 0 0 0 0 15.4 0 0 29.6 32 53.800000000000004 19.400000000000002 28.400000000000002 6.800000000000001 32.6 0 14.8 25.200000000000003 69 65 19.400000000000002 33.6 28.6 17.2 22.200000000000003 20.200000000000003 29 11.200000000000001 0 0 0.4 0.4 13 0.4 0 0.8 13.200000000000001 0.4 0 0.6000000000000001 12.600000000000001 0.4 0 0.6000000000000001 0.6000000000000001 0.2 0.2 0.2 0.8 0 0.2 0 0 6.800000000000001 0.4 0 0.4 10 0 0 0.6000000000000001 0 1 0 0 0 0.4 0 0 0 0 3.6 11.4 2.4000000000000004 0 0 0 0 0 0 0 0 0 0 0 0 0 0 0.2 5.2 7 1.8 8.200000000000001 2 2.6 0 7.4 1.8 2.4000000000000004 0 2 2.2 7 3.6 2.2 5.6000000000000005 9.200000000000001 0 0 0 0 0 0 0 7 0 0 0 0 0 1.4000000000000001 5.800000000000001 0 0 0 0 0 0 0 0 0 0 0 0 0 0 0 0 0 0 0 0 0 0 0 0 0 0 0 0 0 0 0 0 0 0 0 0.2 0 0 0 0 0 0 0 0 0 0 1.8 0 1.4000000000000001 2.4000000000000004 2.4000000000000004 8.8 0.2 2.4000000000000004 3 1.6 3.4000000000000004 4.2 2.4000000000000004 0 0 4.2 6 2.2 2 1.2000000000000002 0 0 0 0 0 0 3 2.2 0 0 0 0 0.6000000000000001 0.4 0 0 0 0 0 2.2 3.4000000000000004 0 0 0 0 0 0 0 0 0 0 0 0 0 0 0 0 0 0 0 0 0 0 0 0 0.4 0 0 0 15.8 0 0 0 0 1.4000000000000001 0 0.2 0.4 9.8 0 0.4 0 0 0 0 0 0.2 0 0 0 0 0 0 0 0 0 0 0 0 0 0 0 0 0 0 0 0 0 0 0 
 0 0 0 0 0.2 0 0 14.8 0.6000000000000001 0 0 0 0 0 0 0 0 0 0 0 9 8 96.80000000000001 25 29 98.80000000000001 57.400000000000006 14.8 0 30.6 27.8 23.6 20.8 19.8 34.4 22.200000000000003 67.8 22.200000000000003 28.8 14 0.2 0 0.4 0.4 0 0 0 0 0 0 0 0.8 14.8 12.8 0 0.6000000000000001 0.4 0.2 12.4 0 0 0 2.4000000000000004 0 0 0.6000000000000001 0.6000000000000001 0 1.6 0 0 2.8000000000000003 0.6000000000000001 0 0 0 0 0 0 0 0 0 0 0 4 0 0 0 0 0 0 0 0 0 0 0 0 0 0 0 2.8000000000000003 2.2 0.2 2.6 3.4000000000000004 1.2000000000000002 0.2 1.4000000000000001 3.4000000000000004 4.4 3.2 2.6 0 2.2 0 6.6000000000000005 3.6 6.4 0 0 2.8000000000000003 0 0 0 0 0 0 0 0.2 0 0.2 0.2 2 2.2 0 0 0 0 0.2 2 0.4 0 0 0 0 0 0 2.2 1.8 0 0 0 0 0 0 0 0 0 0 0 0 0 0 0 0.4 0 2.2 0.4 0 0 0 0.4 0 0 0 0 0 0 0.4 0 4.4 2.8000000000000003 1.4000000000000001 3 5 2.2 4.4 4.800000000000001 1.2000000000000002 8.4 2.6 12.8 0 0 4.800000000000001 5.6000000000000005 2.4000000000000004 0 0 0 0 6.2 0 0 0 0 0 5.6000000000000005 0 0 0.4 0 3.4000000000000004 3.6 0 0 0 0 1.4000000000000001 5.6000000000000005 0 0 0 0 0 0 0 2 0 0 0 0 0 0 0 0 0 0 0.2 0 0 0 0 0 0 0 0 0 0 0 0 0 0 0 4.4 0 0 19 0.2 0.4 0.4 0 0 0 0 0 1.8 0 0 0 0 0 0 0 0 0 0 0 0 0 0 0 0 0 0 0 0 0 0 0 
 0 0 0 0.2 0 0.4 0 0 0 0.4 0 0 0.4 40.800000000000004 0.6000000000000001 0.8 0 0 0 0 59.2 14.4 49 44.6 62.400000000000006 45.400000000000006 23.400000000000002 25.200000000000003 30.6 0 58.2 7 13.8 19.400000000000002 18 21.400000000000002 17.8 27.6 22.400000000000002 23.200000000000003 12.4 0 0.4 0.4 0 0 0 0 0 0 0 0 12.4 0.4 0 0.6000000000000001 0.4 0.2 0 6.6000000000000005 0 0 0 0 0 0.6000000000000001 1 0 0.4 0 0 0 0.6000000000000001 0 10.200000000000001 0 0 3.8000000000000003 0 0 0 0.2 0 0 4.4 0 0 0.4 0 0.4 0 0 0 0 0 0 0 0 4 0 0.8 0 1.8 0 2.4000000000000004 4.800000000000001 2.4000000000000004 0 0.2 5.800000000000001 5.2 4.2 0 0.2 5.2 5.6000000000000005 6.6000000000000005 2.4000000000000004 0 0 0 0 0 0 0 0 0 0 0 0 0 0 4.2 1.8 0 0 0 0 5 3.2 0.4 0 0 0 0 0 0 0.6000000000000001 1.8 0 0 0 0 0 0 0 0 0 0 0 0 0 0 0 1.4000000000000001 0 0.4 0 0 0 0 0 0 0 0 0 0 0 0 0 2 2 0 7 5.4 0.4 3 2.6 2.8000000000000003 6.2 0.4 8 0 3.6 1.8 5.4 4.4 0 0 0.2 0 2.6 2.4000000000000004 0 0 0 0 2.4000000000000004 0.2 0 0 0.4 0 3 0 4.4 0 0 1.4000000000000001 2.4000000000000004 0 0 0 0.4 0 0 0 0 0 0 0 0 0 0 0 0 0 0 0 0 0 0 0 0 0 0 0 0 0 0 0 0 0 0 1.4000000000000001 0 0.4 8.6 0.2 0.4 0.4 0 0 0 0 0 0 0 0 0 0 0 0 0.4 0 0 0.4 0 0 0 0 0 0 0 0 0 0 0 0 0 
 0 0.4 0.4 0.6000000000000001 0.4 0.2 0.2 0 1.4000000000000001 0 0 0 0 0 0 0 0 1.2000000000000002 0 0 9.4 50.6 28 36.6 23.8 27.400000000000002 49.800000000000004 69 27.8 58.2 0 81 10.4 13.8 10.8 70.2 48 22.8 10.600000000000001 8.6 0.4 0 0.4 0.4 0 0.4 1 0.6000000000000001 1.4000000000000001 0.6000000000000001 0 3 1 0.4 0.2 1 0.4 0 41 19.200000000000003 0.4 0 0.6000000000000001 0.2 0 0.6000000000000001 1 0 1 0 0 0 0.6000000000000001 0.4 5.2 0.8 10 0 0 0 0 0 0 0 0 0 0 0 0 0 0 0 0 0 0 0 0 0.4 0 0 0 0.2 4.6000000000000005 11.4 11 0.8 3.8000000000000003 0 4 3.2 6.4 3.2 0 2.4000000000000004 0.2 1.4000000000000001 0.4 5.4 0 0 2.6 0 3 0 0 0 1.6 2 0 0 0 0 0.2 4.2 0 0 0 2.6 2.4000000000000004 2.8000000000000003 0 0 0 0 0 0 0 0 0 0 0 0.4 0 0 0 0 0 0.2 1 0 0 0 0 0 0 0 0.8 0.6000000000000001 0 0.2 0 0 0 0 0 0 0 0 0 0 0 1.4000000000000001 2.8000000000000003 6 7 7.800000000000001 0.2 2.2 4.6000000000000005 6.6000000000000005 1.4000000000000001 2.6 0 0 0 2 0 3.8000000000000003 0 2.6 0 0 0 0 0.2 0 1.8 7.4 0 0 0 0 2.6 0 1.8 0 2.6 0 4.800000000000001 3 0 0 0 0 0 0.4 0 0 0 0 0 0 0 0.2 0 0 0 0 2.4000000000000004 0 0 0 0 0 0 0 0 0 0 0.2 0 0 0 0 0 0 0.2 14.8 8.8 0 0 0 0 0 0 0 1.4000000000000001 0.2 0 0 0 0 0 0 0 0 0 0 0 0 0 2.6 0 0 0 1.8 0 0 0 0 
