 0 16.8 23.400000000000002 8.6 9.8 7.4 33.2 27.400000000000002 82.60000000000001 27.8 65.4 8.200000000000001 76 47.2 38 71.4 41 26.6 49.800000000000004 61.800000000000004 0.4 0 0.2 0.6000000000000001 0.8 0 0.6000000000000001 0 0 0 0 0.6000000000000001 0 0.2 0 0.2 0.6000000000000001 0 0 0 0.4 0.6000000000000001 0.6000000000000001 0 0 0 0 0.6000000000000001 1 0 0 0 0 0 0 0 0.6000000000000001 0.6000000000000001 0.6000000000000001 0.6000000000000001 0.6000000000000001 0.8 0.4 0.4 0 0.6000000000000001 0 0.6000000000000001 0 0.6000000000000001 0 0 0 0 0 0 0 0.2 0 0 4 3.4000000000000004 5 6.6000000000000005 0.2 1.6 5.4 2.6 2 0 4.800000000000001 3.2 0 3.4000000000000004 1.4000000000000001 0.4 0.2 2.8000000000000003 2.4000000000000004 4.6000000000000005 0 0 0 0 0 0 0 0 0 0 0 0 0 0 0 0 0 0 1.8 0 0 0 0 0 0 0 0 0 0 0.8 0 0 3.2 0 0 0 0 0 0 0 0 0 1.6 0 0 0 0 0 0 0 0 0.2 0 1.6 0 1.6 2.4000000000000004 0 0 0 4.2 0 0.2 2.8000000000000003 0.2 0 0.2 1.8 6.4 2 3 4.4 2.4000000000000004 8.4 0 2 5.800000000000001 0.2 0 3.4000000000000004 0 2.4000000000000004 0 0 0 0 2.6 0 0 0 0 0 4 0 0 0 0 3 0.4 0 0 0 0 0 0 0 0 0 0 0 0 0 0 0 1.8 0 0 0 0 0 0 0 0 0 3.6 0 0 0 0 0 0 0 0 0 0 0 0 0 0 0 0 2.8000000000000003 0 0 0 0 0 0 0.8 2.4000000000000004 2.6 2.6 0 0 0 0 0 0 0 0 0 0 0 0 0 0 0 0 0 0 0 0 0 0 0 7.4 0 0 0 0 0 0 0 0 0 0 0 0 0 0 
 16.8 0 21.6 39.6 50.800000000000004 25 24 83 17.6 32.800000000000004 4.4 52.800000000000004 34.800000000000004 75.60000000000001 10.4 8.6 33 75.4 97.80000000000001 16 1 0 0 0.4 0 0 0.6000000000000001 0 0 0 0 0.6000000000000001 0 0.6000000000000001 0 0 0 0 0 0.4 0 0.6000000000000001 0.6000000000000001 0 0 0 0 0.6000000000000001 0.6000000000000001 0 0 13.4 0 0 0 0 0 0 0 0 0.6000000000000001 0 0.4 8.200000000000001 0 0.6000000000000001 0 0 0 0 0 0 0.4 0 0 0 0 10 0 0 3.8000000000000003 5.800000000000001 3.8000000000000003 0.6000000000000001 0 0 0 4 2.2 3.8000000000000003 5.4 1.4000000000000001 4.6000000000000005 5.6000000000000005 0.2 8.6 1 0 4.800000000000001 4.6000000000000005 0 0 0 0 0 2.6 0 0 0 0 0 0 2 0 0 0 0 0 2 0 0 0 0 0 0 0.4 0 0 0 0 0 0 0 0 0 0 0 0 0 0 0 0 0 0 0 0 0 0 0 0 0 0 0 0 0 0 0 0 0.6000000000000001 0 6.2 2 4.2 0.4 0 2.2 1.4000000000000001 6.2 2.4000000000000004 10.8 0 6.4 3 0 4 6 2.2 2.4000000000000004 0 0.2 0 0 0 0 0 0 0 0 0 0 0 0 2 0 0 0 0 0 0 0 0 0 0 0 0 0 0 0 0 0 0 0 0 0 0 5.800000000000001 0 0 0 0 0 0 0 0 0 0 0 0 0 0 0 0 0 0 0 0 0 0 0 0 0 0 0 0 0 0 0 0 0.4 0.8 0 1.4000000000000001 0 0 0 0 0 0 0 0 0 0 0 0 0 0 0 0 0 0 0 0 0 0 0 0.2 0 3.4000000000000004 0 0 0 0 0 0 0 0 0 0 0 0 
 23.400000000000002 21.6 0 60 26.400000000000002 48 14.4 19.6 109.80000000000001 33.2 16 24.8 34 29.8 26.200000000000003 35 60.800000000000004 53.400000000000006 7.4 31 15.600000000000001 0 0 0.4 0.2 0 0.6000000000000001 0.2 0.4 0 0 0.6000000000000001 14.8 0 0.6000000000000001 0 0 0 0 0 0 0.6000000000000001 0.6000000000000001 0 0 0 0 0.6000000000000001 0.6000000000000001 0 1 0 0 0.2 0 0 12.4 0 0 0 0.6000000000000001 0 0.4 0 0 0.6000000000000001 0 0 0 0 0 0 0 0 0 0 0 0 3.6 0 0 0 0 6.6000000000000005 4 3.4000000000000004 1.8 0 6.4 4.800000000000001 3.6 3.8000000000000003 0 2.2 0 4 7 6.2 0 2.2 0 0.2 0 0.4 0 0 0.4 0 0 0 0 0 7.4 4.4 4.6000000000000005 0 0 0 8.6 2.4000000000000004 0 0 0 0 0 0 0 0 0 0 0 0 0 0 0 0 0 0 0 0 0.8 0 0 0 0 0 0 0 0 0 0 0 0 0 0 0 0 0 0 0 0 0 3.8000000000000003 8 0.4 2 0 2 4.800000000000001 2.2 1.2000000000000002 3.8000000000000003 0 2.2 0 2.4000000000000004 3.8000000000000003 4 0.6000000000000001 2.2 2.6 0 0 0 0 0 3.6 0 0 0 0 0 4 0 0 0 0 0 5 2.4000000000000004 0 0 0 0 0 0 0 0 4.2 0 0 0 0 0 0 0 0 0 0 0 0 0 0 0 0 0 0 0 0 0 0 0 0 0 0 0 0 0.4 0 0 0 2.8000000000000003 0 0 0 0.6000000000000001 0.4 0 19 3 0 3.2 8 0 0 0 0 0 0 0 0 0 0 0 0 0 0.2 0 0 0 0 0 0 0 0 2.8000000000000003 0 0 0 0 0 0 0 0 0 0 0 0 0 2.2 
 8.6 39.6 60 0 82.2 7.4 14.8 16.2 63 85.60000000000001 27.6 40.2 11.4 16.400000000000002 18.400000000000002 26.8 12 57.6 17 12.8 15.4 0 0 0.8 0 0 0.6000000000000001 0 0 0 0 0.6000000000000001 0.4 0.2 0.2 0.8 0 0 22.200000000000003 29.6 0 0.6000000000000001 0.6000000000000001 0 0 0 0 0.6000000000000001 0.6000000000000001 0 0 0 0 0.2 0 0 0 0 0 0 0.6000000000000001 0 0.4 0.2 0 0.6000000000000001 0 0 0 0 0 0 0 0 0 0 0 0 0 0 0 3.2 2 4.800000000000001 6 6 0 1.4000000000000001 0 5.6000000000000005 0 0 0 0 6.4 2.4000000000000004 1.2000000000000002 4.800000000000001 0 2.6 4.4 0 0 1.4000000000000001 0 0 7.800000000000001 0 0 0 0 0 7.2 2.2 4.800000000000001 0.6000000000000001 2.6 0 3.6 5 0 0 0 0 0 0 0 0 0 0 0 0 0 0 0 0 0 0 0 0 0 0 0.2 0 0 0 0 0 0 0 0 0 0 0 0 0 0 0 0.2 0 0 0 0 2.4000000000000004 3.8000000000000003 2.8000000000000003 0 4.2 1.2000000000000002 5 0 2.8000000000000003 0 1.8 1.6 6 0 1.6 0 5.6000000000000005 0 0 0 0 0 0 2.2 3.6 0 0 0 0 3 2 0 0 0 5.800000000000001 1.2000000000000002 3.6 0 0 0 0 0 0 0 0 1.6 0 0 0 0 0 0 0 0 0 0 0 0 0 0 0 0 0.2 0 0 0 0 0 0 0 0 0 0 0 0 0 0 0 0 0 0 0 0.4 34.6 0 0.6000000000000001 17.400000000000002 0.4 0.6000000000000001 0 0 0 0 0 0 0 0 0 0 0 0 0 0 0 0 0 0 0 0 0 0 0 0 0 0 0 0 0 0 0 0 0 0 0 0 0 0 
 9.8 50.800000000000004 26.400000000000002 82.2 0 25 9 31 14.600000000000001 15.8 100 32.4 98.2 16.400000000000002 20.200000000000003 82.4 43.400000000000006 22 14.600000000000001 55.400000000000006 1 0.4 0 0.4 0 0 0.6000000000000001 16 14.8 14.8 0 0.6000000000000001 15 22 16 0.2 0 0.6000000000000001 42 31 0 0.6000000000000001 0.6000000000000001 0 0 0 0 0.6000000000000001 0.6000000000000001 0 0.2 0 0 0.2 0 0 0 0 0 0 0.6000000000000001 0 7.2 0 0 0.6000000000000001 0 0 0 0 0 0 0 0 0 0 0 0 0 0 0 0.4 0 4.4 3.8000000000000003 7.4 0 0 0 1.8 0 2.2 0 0 0 0 0 2 0 0 3.2 2.8000000000000003 0 5.4 3.2 0 4.6000000000000005 6 7.4 0 0 0.2 2.6 3 9.200000000000001 1.2000000000000002 6.6000000000000005 8.4 1.8 2.6 0 0 0 0 0 0 0 0 0 0 0 0 0 2.2 0 0 0.2 0 0 0 0 0 0 0 0 0 0 0 0 0 0 0 0 0 0 0 0 0 0 0 0 0 0.4 0 0 2.6 0 0 0 2.4000000000000004 3.2 0 0 0 0 0 0 1.6 0 0 2.8000000000000003 0 4.6000000000000005 3.2 0 0 0 6.6000000000000005 0 5.2 0 0 4.2 6 0.2 2.6 0 6.4 2.4000000000000004 0 0 0 0 0 0 0 0 0 1.6 0 0 0 0 0 0 0 0 0 0 0 0 0 0 0 0 0 0 0 0 0 0.2 0 0 0 0.4 0 0 0 0 0 0 0 0 0 0 0.6000000000000001 18.8 0 0.4 0.4 0.4 1.6 0 0 0 0 0 0 0 0 0 0 0 0 0 0 0 0 0 0 0 0 0 0 0 0.2 0 0 0 0 0 2.8000000000000003 0 0 0 0 0 0 0 0 
 7.4 25 48 7.4 25 0 25.200000000000003 19.200000000000003 7.2 10 16.400000000000002 31 7.2 24.200000000000003 9.4 15.8 16.6 12.600000000000001 12.200000000000001 91.60000000000001 15.4 0 0 0.4 0 0 5.2 20.6 0 29.6 0 43 15 15 14.600000000000001 0 15.200000000000001 0 17.6 0.4 0 0.6000000000000001 12.4 0 0 0 0 0.6000000000000001 0.6000000000000001 0 0.8 0 0 0 0 0 0 0 0 0 0.6000000000000001 0 0.6000000000000001 0 0 0.6000000000000001 0 0 0 0 0 0 0 0 0 0 0 0 0.8 0 0 0 0 0 0.2 5.6000000000000005 0.2 0 0 0 4.6000000000000005 6.800000000000001 0 0 1 0 7 2.6 0 0 2.8000000000000003 4.2 2.6 2.2 0 0 0 4.2 3 0 0 0 3.8000000000000003 2.2 8 2.6 1.6 3 3.4000000000000004 0 3.6 0.4 0 0 0 0 0 0 0 0 0 0 0 0 0 2 0 2.2 0 0 0 0 0 0 0 0 0 0 0 0 0 0 0 0 0.4 0 0 0 0.4 0 0 0 1.6 4.2 2.2 4 0 0 0 0 9 1.8 0 0 3 0 1.4000000000000001 0 0 0 4 0 2.2 0 0 0.4 0 2.6 0 3.8000000000000003 0 2 3.8000000000000003 6.2 0 2.4000000000000004 0.2 13.600000000000001 0 3.8000000000000003 0 0 0 0 0 0 0 0.2 0 0 0 0 0 0.4 0 0 0 0 0 0 0 0 0 0 0.2 0 0 0 0 0 0 0 0 0 0 0 0 0 0 0 0 0.2 0 0 0 0.8 2.4000000000000004 0 18 0.2 0 1.6 2.4000000000000004 0 0 0 0 0 0 0 0 0 0 0 0 0 0 0 0 0 0 0 0 0 0 2.2 1.2000000000000002 1.6 0 0 0 2.8000000000000003 0 0 0 0 0 0 0 0 
 33.2 24 14.4 14.8 9 25.200000000000003 0 57.400000000000006 10 24.200000000000003 9.4 9.4 40.2 30.6 29.6 7.800000000000001 8.8 81.2 55.2 13.600000000000001 0.4 0 0.2 0.6000000000000001 0 0 0.6000000000000001 0 0 0 0 0.6000000000000001 40.2 0.4 0 0 0 0.4 0 0 0 0.6000000000000001 0.6000000000000001 0 0 0 0 0.6000000000000001 0.6000000000000001 0 0 0 0 0 0 0 0 0.2 0 0 0.4 0 1.2000000000000002 0.4 0 0.6000000000000001 0 0 0 0.6000000000000001 0 0 0 0 0 0 0 0 0 0 3.2 7.2 0 0 0.4 0.2 2.2 19.8 4.800000000000001 2.2 2.4000000000000004 2.8000000000000003 5.6000000000000005 6.2 1 4 0 7.4 2.8000000000000003 0 0 0 0 0 0 0 0.2 0 3.2 0 0 0 0.2 0 0.8 0 0 0 2.4000000000000004 0 0 0 0 0 0 0 0 0.4 0 0 0 0 0 0 0 0 0 0 0 0 0 0 0 0 0 0 0 0 0 0 0 0 0 0 0 0 0 0 1 0 0.6000000000000001 0 7.800000000000001 0 0 0.6000000000000001 4.2 2.4000000000000004 0 1 9.200000000000001 5.4 0 0 1.8 2.8000000000000003 4.6000000000000005 3 0 0 0 0 0.4 0 0 0 0.2 0 0 0 0 0 0 0 0 0 0 0 0.4 0 0 0 0.2 0 0 0 0 0 0 0 0 0 0 0 0 0 0 0 0 0 0 0 0 0 0 0 0 0 0 0 0 0 0 0 0 0 0 0 0 0 0 0 0 0 0 0.2 0 0.4 0.6000000000000001 0 2.2 2.8000000000000003 0 0 0 0 0 0 0 0 0 0 0 0 0 0 0 0 0 0 0 0 0 0 0 0 2.8000000000000003 1.8 0 0 0 0 0 0 0 0 0 0 0 0 
 27.400000000000002 83 19.6 16.2 31 19.200000000000003 57.400000000000006 0 63.400000000000006 10.200000000000001 5 50.2 44 18.400000000000002 25.8 20.200000000000003 52.800000000000004 14.200000000000001 24.8 34.4 1 1 0.8 0.4 0 0.2 1.2000000000000002 0.6000000000000001 0 14.4 0.6000000000000001 0.6000000000000001 0.4 0.4 0.4 0.4 0 0.8 0 0 0.2 1 0.6000000000000001 1 0.2 0.2 0 1.2000000000000002 0.6000000000000001 0 0.6000000000000001 0 0 0 0 0 0 0.6000000000000001 0 0 0.6000000000000001 0.8 1.4000000000000001 0 0.6000000000000001 1 0.6000000000000001 0.4 0 0 1.4000000000000001 0 10.4 0 0 0 0 8.200000000000001 0.6000000000000001 0 4.800000000000001 4.800000000000001 6.2 0 6 2.2 0 2.8000000000000003 1.8 7.4 8.4 1 9.600000000000001 0 3 8.4 5.4 0 3.4000000000000004 11 0 0 0 0 3 0 0 0 0 2.4000000000000004 0 0 0 0 0 2 0 0 0.4 0 0 0 0 0 0 0 0 0 0 5 0 0 0 0.4 0 0 0.2 0 0 0 0 0 0 0 0 0 0 0 0 0 0 0 0 0 0 0 0 0 1.2000000000000002 0 5.6000000000000005 2.2 5.4 3.6 3.4000000000000004 2.6 4.2 0.4 2.4000000000000004 4.6000000000000005 0 2.2 5.800000000000001 2 2 4.2 2.2 6.2 0 5.2 0 0 0 0 0 0 0 0 0 0 0 0 0 0 0 0 0 0 0 0 0 0 0 0 0 0 0 0 0 0 0 0 0 0 0 0 0 0 0 0 0 0 0 0 0 0 0 0 0.2 0 0 0 0 0 0 0 0 0 0 0 0 0 0 0 0 0.4 0 0 0 0 0 0.6000000000000001 0 0 0 0 0 0 0 0 0 0 0 0 0 0 0 0 0 0 0 0 0 0 0 0 0 1 0 0 0 0 0 0 0 0 0 0 0 0.2 
 82.60000000000001 17.6 109.80000000000001 63 14.600000000000001 7.2 10 63.400000000000006 0 20 6.800000000000001 14.600000000000001 39.400000000000006 55.400000000000006 76.60000000000001 52.400000000000006 36.6 85 39 52.400000000000006 0.6000000000000001 0 0.2 0.4 0 0 0.6000000000000001 0 0 0 0.4 0.6000000000000001 0 0.2 0 0 0 0.8 0 0 0 0.6000000000000001 0.6000000000000001 0.6000000000000001 0 0 0 0.6000000000000001 0.6000000000000001 0 0 0 0 12.600000000000001 0 0 0 0 0 0 0.6000000000000001 1.2000000000000002 0.4 0 0 0.6000000000000001 0 0 0 0 0 0 0 0 0 0 0 0 0 0 3.6 2.8000000000000003 3.2 8 2.6 8.6 5.6000000000000005 0 0.4 3.4000000000000004 5.800000000000001 9 0.2 1.4000000000000001 0 2.6 7.4 2.4000000000000004 2.2 4.6000000000000005 0 0 0.2 0 0 0 0 0.2 0 0 0 0 2 0 0 0 0 0 3.6 0 0 0 0 0 0.4 0 13 0 0 0 0 0 0 0 0 0 0 0 0 0 0 0 0 3.8000000000000003 0 0 0 0 0 0 0 0 0 1.2000000000000002 0 3.8000000000000003 0 0 0 0 3.2 0 0 4.4 5 0 0 3.8000000000000003 4.2 0 6.4 2.8000000000000003 2 5 0 2 0 0 0 4 0 2.6 0 0 0 0 4.4 0 0 0 0 0 5.800000000000001 0 0 0 0 0 1.8 0.4 0 0 0 0.2 0 0 0 0 0 0 0 0 0 0 0 0 0 0 0 0 0 0 0 0 0 0 0.2 0 0 0 0 0 0 0.2 0 0 0 0 0 0 0 7.6000000000000005 0 0 0 0.2 0 0 0.8 17.8 0 4.4 0 0 0 0 0 0 0 0 0 0 0 0 0 0 0 0 0 0 2.6 0 0 0 0 3.8000000000000003 2 0 0 0 0 0 0 0 0 0 0 0 0 0 
 27.8 32.800000000000004 33.2 85.60000000000001 15.8 10 24.200000000000003 10.200000000000001 20 0 71.2 26.400000000000002 15 81.2 37.6 40.6 16.8 41 18.8 28.6 1.4000000000000001 0 0.2 0.4 0 0 0.8 15.4 14.8 0 0 0.6000000000000001 0.2 0.4 0.4 0 0 0.2 31.6 14.600000000000001 0 1.4000000000000001 0.6000000000000001 0 0 0 0 0.6000000000000001 0.6000000000000001 0 0 0 0.6000000000000001 0.2 0 0 0 0 0 0 0.6000000000000001 0 0.4 0 0 0.6000000000000001 0 0.2 0 0 0 0.2 0.6000000000000001 0 0.2 0 0 0.4 0.6000000000000001 0 0 5.2 0 5.4 2 1.6 2.4000000000000004 3.4000000000000004 0.4 2.4000000000000004 0 0 0 0 4.6000000000000005 0 0 8.8 0 0 0.2 0 0.4 1.4000000000000001 0 0 2.6 4 0 0 0 0 11.4 0 7 0 2 0 0.2 4.4 0 0 0 0 0.2 0 0 0 0 0 0 0 4.800000000000001 0 0 1.6 0 2.2 0 0 0 2.8000000000000003 0 0 0 0 0 0 0 0 0 0 0 0 0 0 0 0 0 0 0 0 5.2 0 2 5.800000000000001 2.8000000000000003 0 1.8 4.800000000000001 3 5.4 0 0 0 5 9.200000000000001 4.800000000000001 0 0 0 0 0 0 0 0 7.800000000000001 2.2 0 0 0 0 2.6 2.8000000000000003 0 0 0 5.800000000000001 2.2 0 0 0 0 0 0 0 0 0 2 0 0 0 0 0 0 0 0 0 0 0 0 0 0 0 0 0 0 0 0 0 0 0 0 0 0 0 0 0 0 0 0 0 0 0 0 0.6000000000000001 17.2 0 0.4 17.6 2 1.6 0 0 0 0 0 0 0 0 0 0 0.4 0 0 0 0 0 0 0 0 0 0 0 0 0 0 0 0 0 0 0 0 0 0 0 0 0 0 0 
 65.4 4.4 16 27.6 100 16.400000000000002 9.4 5 6.800000000000001 71.2 0 53.400000000000006 53.400000000000006 48.400000000000006 70 28.400000000000002 87.2 41.400000000000006 11 12.4 0.6000000000000001 0 0 0.4 0 0.4 0.6000000000000001 0 0 0 0 0.6000000000000001 29.8 0.4 0.4 0 0 1.4000000000000001 15 0 0 0.6000000000000001 0.6000000000000001 12.600000000000001 0 0 0 0.6000000000000001 0.6000000000000001 0 0 0 0 12.4 0 0 0 0.6000000000000001 0 0 0.6000000000000001 0 0.6000000000000001 0 0 0.6000000000000001 0.6000000000000001 0 0 0 0 0 0 0 0 0 0 0 0.4 0 0 2.2 0 2 4.800000000000001 2.4000000000000004 0.4 2.2 2.8000000000000003 1.8 0 5.6000000000000005 2.8000000000000003 0 1 7 5.2 13.600000000000001 0 0.2 0 2.4000000000000004 0 2 0 0 2.8000000000000003 5 0 0 0 0 11.4 3.4000000000000004 2.2 0 6 0 0 2.8000000000000003 0 0 0 0 0 0 0 0 0 0 0 0 0 0 0 0 0.2 0 0 0 0 1.6 0 0 0 0 0 0 0 0 0 0 0 0 0 0 0 0 0 0 0 0 4 2.6 2 2.8000000000000003 4.4 0.2 2.2 3.4000000000000004 6.6000000000000005 3 0 0 0 0.8 4 12.4 0.2 0 0 0 0 0 0 0 3.4000000000000004 0.2 0 0 0 0 0 2.4000000000000004 2 0 0 3 4.2 2.4000000000000004 0 0 0 0 0 0 0 0 3.6 0 0 0 0 0 0 0 0 0 0 0 0 0 0 0 0 0 0 0 0.2 0 0 0 0 0 0 0 0 0 0 0 0 0 0 0 0 0 1 0.2 0.8 0.6000000000000001 2.4000000000000004 1.4000000000000001 2 0 0 0.2 0 0 0 0 0 0 2.8000000000000003 0.2 0 0 0 0 0 0 0 0 0 0 0 2.8000000000000003 0 0 0 0 0 0 0 0 0 0 0 0 0 0 
 8.200000000000001 52.800000000000004 24.8 40.2 32.4 31 9.4 50.2 14.600000000000001 26.400000000000002 53.400000000000006 0 4 9.8 5.6000000000000005 8.200000000000001 30.200000000000003 48.2 9 5.2 15.600000000000001 5.6000000000000005 0 0.6000000000000001 0 0 1 0 0 0.2 0 0.8 0.2 0.2 15.8 0.4 0 0 34.800000000000004 14.600000000000001 0 0.8 0.6000000000000001 0 0 0 0 0.6000000000000001 1 0 0 0.2 0.2 1 0 0.8 0.4 0 0 0 0.6000000000000001 0 0.6000000000000001 0.8 9.4 0.6000000000000001 0 0 0 0 0 0 0 0 0 0 0 0.2 0 0.6000000000000001 0 0 0 7.6000000000000005 6.4 7.800000000000001 0 0 0 3.4000000000000004 0.2 3.8000000000000003 0 0 0 0 2.4000000000000004 2.8000000000000003 0 0 3.2 1.4000000000000001 0 5.6000000000000005 0 0 0 3.8000000000000003 1.8 0 0 0 2 7.4 0.2 0 0.8 0 3 6.2 0 0 0 0 0 0 1.6 0 0 0 0 0 0 0 0 0 0 0 0 0 1.2000000000000002 0 0 0 0 0.2 0 0 0 0 0 0 0 0 0 0 0 0 0 0 0 0 0 2 3 2.4000000000000004 0 2 0 0 3.6 0 0 0 0 0 2.6 1.8 0 0 4.2 0 3.8000000000000003 4.800000000000001 0 0 8.8 3.2 0 0 0 0 2.2 10.200000000000001 0 0 0 3.8000000000000003 7.800000000000001 11.4 0 0 0 0 2.8000000000000003 0 0 0 0 0 0 0 0 0 0 0 0 0 0 0 0 0 0 0 0 0 0 0 0 2.2 0 0 0 0 0 0 0 0 0 0 0 0 0 0 0 0.2 17.6 0.4 0.8 0 0.4 3 1 0 0 0 0 0 0 0 0 0 3 0 0 0 0 0 0 0 0 0 0 0 0 4.4 0 0 0 0 0 0 0 0 0 0 0 0 0 0 
 76 34.800000000000004 34 11.4 98.2 7.2 40.2 44 39.400000000000006 15 53.400000000000006 4 0 61.2 32.4 25.400000000000002 52.2 72 38 72 1.6 1 0.6000000000000001 0.4 0 0 0.6000000000000001 0 0.2 0 1 1.2000000000000002 0 0.2 1.2000000000000002 0 0 0.6000000000000001 0 0 0 1.2000000000000002 0.6000000000000001 0.4 0 1.2000000000000002 0 0.6000000000000001 0.6000000000000001 0 0 0 0 0.6000000000000001 0 0 0.6000000000000001 0 0 0 0.6000000000000001 0.8 1.8 1 0 0.6000000000000001 0 0 0 0 0.4 0 0.4 0.4 0 0 1.2000000000000002 9.8 0.4 0 6 5.4 0 0 0 0 3.8000000000000003 1.6 0.2 2.8000000000000003 8 0 4 2.4000000000000004 3 4.6000000000000005 0 0 10 5.800000000000001 0 0 0 0 0 0 0 0 0 0 0 0 0 0 0 0.4 0 0 0 0 0 0.2 0 0 0 0 5.800000000000001 0 0 0 0 0 0 0.2 0 0 0 0 0 0 0 0 0 0 0 0 0 0 0 0 0 0 0 0 0 0 0 0 2 0 7.4 1.8 0.2 2.2 0 3.6 0 2.2 6.6000000000000005 2 1.8 7.2 4 0.4 1.4000000000000001 11.8 1.6 0.8 0 2 0 0 0 0 0 0.2 0 0 0 0 0 0 0 0 0 0 0 0 0 0 0 0 0 0 0 0 0 0 0 0 0 0 0 0.4 0 0 0 0 0 0 0 0 0 0 0 0 0 0 0 0 0 0 0 0 0 0 0 3.6 0 0 0 2.4000000000000004 0 0 0 0.8 0.4 0.2 0.2 0 0.4 2.4000000000000004 0 0 0 0 0 0 0 0 0 0 0 0 0 0 0 0 0 0 0 0 0 0 0 3.8000000000000003 0 0 0 0 0 0 0 0 0 0 0 0 0 0 
 47.2 75.60000000000001 29.8 16.400000000000002 16.400000000000002 24.200000000000003 30.6 18.400000000000002 55.400000000000006 81.2 48.400000000000006 9.8 61.2 0 41.2 31 6 11.8 77.80000000000001 21.6 0.6000000000000001 0 0 1 0 0 0.6000000000000001 0 0 0 0.6000000000000001 0.6000000000000001 0 0.4 0.6000000000000001 0 2.4000000000000004 0 0.6000000000000001 0.4 0 0.6000000000000001 0.6000000000000001 0 0 0 0 1.8 1.4000000000000001 0 0 0 0 0.8 0 0 0 0 0 0 1.6 0 0.4 0.4 0 1 0 0 0 0.8 0 0 0 0 0 0 0.8 7.4 0 0 2.4000000000000004 0.4 9.4 3.4000000000000004 0 0 2 3.2 0 0 0 2 4.4 2.2 3.4000000000000004 4.800000000000001 0 0 9.200000000000001 2.6 0.4 0 0 0 0 0 0 0 0 0 0 0 0 0 0 0 0 0 0 0 0 0 0 0 0 0 0 0 0 0 0 0 3.6 0 0 0 0 0 0 0 0 0 0 0 0 0 0 0 0 0 0 0 0 1 0 0.4 0 0 0 0 2 5.2 0 0 0.2 0 0 3 0.4 0.2 2.6 0 1.2000000000000002 3.2 0 8.4 0.2 0 0 2.2 0 2.8000000000000003 0 0 0 0 0 0.4 0 0.4 0 0 3.4000000000000004 0.2 0 0 0 0 0 0 0 0 0 0 0 0.4 0 0 0 0 0 0 0 0 0.4 0 0 0 0 0.2 0 0 0 0 0 0 0 0 0 0 0 0 0 0 0 0 0.2 0 0 0 0 0 0 0 0 0.4 0 0 0 0.2 0 0 17.400000000000002 0 0 0 0 0 0 0 0 0 0 0 0 0 0 0 0 0 0 0 0 0 0 3.2 0 0.2 0 0 0 0 0 0 0 0 0 0 0 0 
 38 10.4 26.200000000000003 18.400000000000002 20.200000000000003 9.4 29.6 25.8 76.60000000000001 37.6 70 5.6000000000000005 32.4 41.2 0 65.4 28 42.6 56.2 76.4 0.6000000000000001 0.4 0.4 0.4 0.6000000000000001 0 0.6000000000000001 0.4 0 0.2 0.6000000000000001 1 0.2 0.6000000000000001 1 0 0.4 0 0.6000000000000001 1 11.4 0.6000000000000001 0.6000000000000001 1.4000000000000001 0 0 1.2000000000000002 1.2000000000000002 1 0 0.4 0 0 0.4 0 0.6000000000000001 0 0.2 0 0 1.8 0.4 1.4000000000000001 0 0 1 0 1 0 0.8 0 0 0.2 0 0 0 0.8 0 0.4 0.6000000000000001 6.4 1.8 3.2 2.8000000000000003 0.4 0.2 7 7.2 0.2 2.4000000000000004 2.8000000000000003 2.8000000000000003 2.2 4 4.2 7 0 5.6000000000000005 0 3 0 0 0 0 0 0 0 0 0 0 0 0.4 0 0 0.4 0 0 0 0 0 0 0 2.6 0 0 0 0 0 0 0 0 0 0 0 0 0 0 0 0 0 0 0 0 0 0 0 0 0 0 0 0 0 0 0.2 0 1.8 1.4000000000000001 0 0 0 0.6000000000000001 0 0 5.6000000000000005 0 0 0.4 1.6 6 3.2 7.6000000000000005 3.4000000000000004 2 2 0 3.2 3.2 0 5.4 2.6 0 0.2 0 0 0.2 0 0 0 0 0 0 0 2.8000000000000003 0 0 0 0 0 0 0 0 0 0 0 0 0 0 0 0 0 0 0 0 0 3 0 0 0.2 0 0 0 0 0 0 0 0 0 0 0 0 0 0 0 0 0 0 0 0 0.4 0.2 0 2.8000000000000003 0 0 0 0 0 0.4 0.2 0.2 3.8000000000000003 1.6 0 0 0 0 0 0 0 0 0 0 0.4 0 0 0 0 0 0 6.2 0.4 0 0 0 0 0 2.4000000000000004 0 0 0 0 0 0 0 0 0 0 0 0 0 
 71.4 8.6 35 26.8 82.4 15.8 7.800000000000001 20.200000000000003 52.400000000000006 40.6 28.400000000000002 8.200000000000001 25.400000000000002 31 65.4 0 99 31.8 56.6 33.6 0.8 0.4 0.6000000000000001 0.6000000000000001 0 0 0.6000000000000001 12.8 0 0 0 1.2000000000000002 0 0.4 0.6000000000000001 0 0 0 13 0 0 1.2000000000000002 0.6000000000000001 0 0 0.4 0 0.6000000000000001 0.6000000000000001 0 0 0 0 0.2 0 0 0.6000000000000001 0 0 0 0.4 0.2 0.8 1 0 0.6000000000000001 0 0 0 0 0 0 0.2 0.4 0 0 0.6000000000000001 0 0.4 0 0 2.4000000000000004 0 2.6 5.6000000000000005 1.8 1.6 0 6.800000000000001 4.2 6.6000000000000005 5 0 1.6 4 5.2 0 7 0.2 2 0.4 1.6 0 0 0 0 0 0 0 0 0 0 5.2 4.4 8.6 0 0 0 5.6000000000000005 0.4 0 0 0 0 0 0 3 0 0 0 0 0 0 0 0 0 0 0 0 0 0 0 0 0 0 0 0 4.6000000000000005 0 0 0 0.2 0 0.4 0 0 0 0 0 0 2.6 0.4 4.6000000000000005 3 3.8000000000000003 0 7.4 3.2 6.800000000000001 4.6000000000000005 1.6 9.4 2.4000000000000004 3.6 0 1.8 0 10 0.2 5.2 0 0 0 0 0 0 6.6000000000000005 0 0 0 0 0 2.6 0.4 0 0 0 0 7 0.2 0 0 0 0 0 0 0 0 4.2 0 0 0 0.4 0 0.4 0 0 0 3.4000000000000004 0 0 0 0 0 0 0 0 0 0 0 0 0 0 0 0 0 0 0 0 0 0 2.8000000000000003 0 0 0 0.2 1 0 0.4 11.200000000000001 0 0 0 0 0 0 0 0 0 0 0 0 0 0 0 0 0 0 0 0 6.6000000000000005 0 0 0 0 0 0.2 0 0 0 0 0 0 0 0 0 0 0 0 0 
 41 33 60.800000000000004 12 43.400000000000006 16.6 8.8 52.800000000000004 36.6 16.8 87.2 30.200000000000003 52.2 6 28 99 0 27.6 23.6 53.2 0.8 1 0.4 0.8 0 0 1 0 1.8 1.4000000000000001 0.6000000000000001 1 0 0.2 0 0.6000000000000001 0.6000000000000001 0.4 0 14.600000000000001 0.6000000000000001 7.4 1.6 1.6 0.4 0 0.4 1.8 1.8 1.4000000000000001 0.4 0 0 0 0.8 0 0.8 0.2 0 0 0.6000000000000001 0.8 1.6 0.8 0 0.6000000000000001 0.4 0.4 0 0 1.2000000000000002 0.2 0.8 0 0 0 0 0 0 0.6000000000000001 0.4 7.6000000000000005 1.6 2.4000000000000004 7 4 2.2 1.4000000000000001 0 7.800000000000001 13 2 7.6000000000000005 1.6 2.6 9.200000000000001 0.2 2 2.6 9.4 0 0 0 1.4000000000000001 0 0 0 2 0 0 0 0 7.6000000000000005 0 2.6 0 0 0 3.6 3.6 0 0 0 0 0 0 0 4 0.4 0 0 0 2.2 0 0 0.2 0 0 0 4.2 0 0 0 0 0 0.4 0 0 0 0 0 0 0 0 0 0 0 0 0.2 0 5.800000000000001 0 0.4 3 3.6 0 0 3.6 1.6 9.4 6.6000000000000005 6.2 0 1.2000000000000002 1.6 4.4 0 4.2 0 5.4 0 0 0 0 0 0 2.2 0 0 0 0 0 2.8000000000000003 3.6 0 0 0 0 0.4 0.2 0 0 0 0 0 0 0 0 3.6 0 0 0 0 0 0 0.4 0 0 0 0 0 0 0 0 0 0 0 0 0 0 0 0 0 0 0 0 0 0 0 0 0 10.200000000000001 0 0 0 0.2 18.8 0 0.4 17.2 0.2 2.6 0 0 0 0 0.4 0 0 0 0 0 0 0 0 0.4 0 0 0 0 0 0 0 0 0.6000000000000001 0 0 0 0 0 0 0 0 0 0 0 0 0 0 0 
 26.6 75.4 53.400000000000006 57.6 22 12.600000000000001 81.2 14.200000000000001 85 41 41.400000000000006 48.2 72 11.8 42.6 31.8 27.6 0 93.60000000000001 30.8 0.4 0.2 0 0.6000000000000001 0 0 1.4000000000000001 0 0 0 0 0.6000000000000001 41.2 0.4 0 0 0.4 0 14.600000000000001 30.400000000000002 0 0.6000000000000001 0.6000000000000001 0 0 0 0 0.6000000000000001 0.6000000000000001 0 0.2 0 0 0 0 0 0 0 0 0 0.4 0 0.4 0.4 0 0.6000000000000001 0 0 0 0 0 0 0 0 0 0 0 0.2 0.4 0 4.2 2.4000000000000004 0 2 3.4000000000000004 1.2000000000000002 0 4 3.6 4.6000000000000005 0 0 0.2 1.8 0 0 2 5.2 0 0 1 0 0 1.8 0 0 0 0 0 0 0 0 3.6 2 1.8 0 0 0 0.2 8.8 0 0 0 0.2 0 0.2 0 0 0 0 0 0.4 0 0 0 0 0 0.4 0 3.2 0 0 0 0 0 0 0 0 0 0 0 0 0 0 0 0 0 0 0 0 0 3.4000000000000004 10.8 6.6000000000000005 0 3 0 0 1.6 2.6 2.8000000000000003 0 0 0 0 2.8000000000000003 7.4 3.6 0 0 0 0 0 0 0 0 1.6 2 0 0.2 0 0 0 2 0 0 0 0 3 4.4 0 0 0 0 0 0 0 0 3.6 0 0 0 0 0 0 0.4 0 0 0 0 0 0 0 0 0 0 0 0 0 0 0 0 0 0 0 0.2 0 0 0 0 0 0 0 0 0 0.4 34.4 0 0.2 0.8 0.2 1 0 0 0 0 0 0 0 0 0.4 0 0 8.200000000000001 0 0 0.4 0 0 0 0 0 0 0 0 0 1 0 0 0 0 0 0 0 0 0 0 0 0 0 
 49.800000000000004 97.80000000000001 7.4 17 14.600000000000001 12.200000000000001 55.2 24.8 39 18.8 11 9 38 77.80000000000001 56.2 56.6 23.6 93.60000000000001 0 32.4 0.6000000000000001 0 0 0.4 0 0.2 0.6000000000000001 0 0 0 1 0.6000000000000001 0 0.4 0.6000000000000001 0 0 0.2 0.6000000000000001 0.6000000000000001 0 0.6000000000000001 1.4000000000000001 0 0 0 0 1.8 1.4000000000000001 0 0 0 0.4 0.8 0 0 0 0 0 0 1.8 0.8 0.6000000000000001 0 0 1 0 0 0 0.8 0 0 0 7.6000000000000005 0 0 0.8 6.4 0 0 6 2 9.8 0 6 0 0 5 2.4000000000000004 4.2 3.8000000000000003 0 5 2 10.200000000000001 5 0 0 3 5.6000000000000005 0 0 0 0 0 0 0.2 0 0 0 0 0 0 0 0 0 0 0 0 0 0 0 0 0 0 0 0 0.4 0 0 0 0 0 0 0 0 0 0 0 0 0 0 0 0 0 0 0 0 0 0.2 0 0 0 0 0 0 0 0 0 0 2.8000000000000003 6.2 0 4 0 0 5.800000000000001 0.6000000000000001 2.8000000000000003 3 0 0 4.800000000000001 2 0 5.2 0 0.8 0.6000000000000001 5.2 0 0 0.2 0 0 0 0.2 0 0 0 0 0 0 0 1 0 0 0 0 0 0 0 0 2.2 0 0 0 0 0 0 0 0 0 0 0 0 0 0 0 0 0 0 0 0 0 0 0 0 0 0 0 0 0 0 0 0 0 0.2 0 0 0 0 0 0 0 0.4 0 0.4 0.4 0 0 2 0 0 0 0 0 0 0 0 0 0 0 0 0 0 0 0 0 0 0 0 0 0 0 0 0 0 0 0 0 0 0 0 0 0 0 0 0 0 
 61.800000000000004 16 31 12.8 55.400000000000006 91.60000000000001 13.600000000000001 34.4 52.400000000000006 28.6 12.4 5.2 72 21.6 76.4 33.6 53.2 30.8 32.4 0 0.4 0 0 0.6000000000000001 0 0 0.8 0 0 0.6000000000000001 14.8 0.6000000000000001 0 0.4 0 0.4 0 0 0 0.4 0 1.2000000000000002 0.6000000000000001 0.2 0 0 0 0.6000000000000001 0.6000000000000001 0.6000000000000001 0 0 0.4 0.4 0 0 0 0 0 0 0.6000000000000001 0.4 0.4 0.4 0 0.6000000000000001 0 0.4 0.6000000000000001 0 0 0.4 0 0 0 0 0 0 0 0 2.4000000000000004 8.6 0.2 0 0.4 0.2 7 7.2 2 6 3.6 0 7 1.2000000000000002 2 6.4 0 4.6000000000000005 5.6000000000000005 0.2 0 0 0 0 0 0 0 0 0 0 0 0 0.2 0 0 0 0 0 0.4 0.2 0 0 0 0 0 0.4 0 0 0 0 0 0 0 0 0 0 0 0 0 0 0 0 0 0 0 0 0 0 0 0 0 0 0 4 0 0.4 0 0 0 0 7.800000000000001 0.2 2.8000000000000003 2.8000000000000003 0 0 3.8000000000000003 2 0 4.6000000000000005 5.6000000000000005 6.800000000000001 0 3.8000000000000003 0 13.4 5.2 4.4 0 0.8 0 3 0 0 0 0 0 0 0 0 0 0 0 0 0 0 0 0 0 0 0.4 0 0 0 3.6 0 0 0 0 3.6 0 0 0 0 0 0 0 0 0 0 0 0 0 0.4 0 0 0 0 0 0 0 0 0 0 0 0 0 0 0 0 0 2.2 0 0 0 0.6000000000000001 0.8 0 0 0.2 2 24.8 0 0 0 0 0 0 0 0 0 0 0 0 0 0 0 0 0 0 0 0 0 0 0 3.8000000000000003 3.2 0.2 0 0 0 0 0 0 0 0 0 0 0 0 
 0.4 1 15.600000000000001 15.4 1 15.4 0.4 1 0.6000000000000001 1.4000000000000001 0.6000000000000001 15.600000000000001 1.6 0.6000000000000001 0.6000000000000001 0.8 0.8 0.4 0.6000000000000001 0.4 0 46.6 136.8 115.2 11 5.2 32.4 37.6 11.200000000000001 24.6 21.6 60 50.6 11.4 61.400000000000006 22.8 8 41.400000000000006 32.800000000000004 20.400000000000002 0.6000000000000001 0 0 0 0 0 0 0.6000000000000001 2 0.2 0 0 0 0.6000000000000001 0.4 1 0 0 0 0 0 0 0 0.6000000000000001 0 0 0 2.4000000000000004 0 0 0.4 0 0 0 0.6000000000000001 0 0 0.4 0.8 0 0 0.4 0 0.2 0 3.6 0 0 0 2.6 2.4000000000000004 2 0 0 0 0 0 0 0 0 5.4 4.800000000000001 6.2 0 3 2.8000000000000003 0 2.4000000000000004 1.4000000000000001 4 0 4.6000000000000005 0 0 5.2 2.8000000000000003 7.6000000000000005 1.6 2.2 0 0 0 0 0 0 0 2 0 0 0 0 0 0 0 0 0 0 0 2.8000000000000003 0 1.4000000000000001 0 0 0 0 0 0 0 0 0 0 0.4 0 0 0 0 0 0.4 0 0 0 0 0 1.4000000000000001 0 0.2 0 0 0 0 0 2.4000000000000004 0 0 0 0 0 0 0 0 7.2 3.4000000000000004 0 1 0 3 4 3 2 0 2.2 1.2000000000000002 7.6000000000000005 6 0.2 0 0.2 5.800000000000001 0 0.6000000000000001 0 0 0 0 0 0 0 0 0 0 0 0 0 0 0 0.4 0 0 0 0 0 0 0 0 0 0 0 0.2 0 0 0 0 0.2 0 0 0 0 0 0 0 0 0 0 0 0 0 0 0 7.2 0 0 0 0 0 2.2 0 0 0 8.200000000000001 0.6000000000000001 0.8 0 0 0 0 0 0 0 0 0 0 0.2 0 0 0 0 2 0 0 0 0 0 0 0 0 0 0 0 0 0 
 0 0 0 0 0.4 0 0 1 0 0 0 5.6000000000000005 1 0 0.4 0.4 1 0.2 0 0 46.6 0 70.60000000000001 17.6 9.4 4.2 49.400000000000006 46.6 26.200000000000003 60.6 38 16.6 25.200000000000003 38 45.400000000000006 23.200000000000003 12 16.8 25.6 40 0.6000000000000001 0 0 0 0 0 0 0.6000000000000001 2.8000000000000003 0 0 0 12.4 0.4 0.4 1 0 0 13.200000000000001 12.4 0 0 0 0.2 0 0 0 0 0 0 0.4 0 0 9.8 0.6000000000000001 0 0 1 0.6000000000000001 1 0 0 0 0 1.2000000000000002 0 0 0 0 0.2 0 0 0 0 0 0 0 8.200000000000001 0 0 4.2 3.6 3.6 1.4000000000000001 4.4 1.6 3 0 3.8000000000000003 1.6 8 5.800000000000001 0 0 0.2 1.8 6 2.6 0 7 0 0 0 0 0 0 6.6000000000000005 0 0 0 0 0 2.6 0 1.2000000000000002 0 0 0 8 0 1 0 0 0 0 0 0 0 0 0 0 0 0 0 0 0 0 0 0 0 0 0 0 0 0 0 0 1.6 0 0 0 0 0 0.8 0 0 0 0.6000000000000001 0 0 5.2 8.4 0 7.800000000000001 1.8 3.2 1.8 3 11.200000000000001 2.6 0 3.6 1.8 3.4000000000000004 3.8000000000000003 2.4000000000000004 3.8000000000000003 0.2 0 1.6 0.6000000000000001 0 0 0 1.6 0 0.2 0 0.6000000000000001 0 0 0 0 5.2 0 0 0 0 0.8 4.4 0 0 0 0 0 0 0 0 0 0 0 0 0 0 0 0 0 0 0 0 0 0 0 0 0 0 19.400000000000002 0 0 0 0 0 0 0 0.4 0.2 0.2 17.400000000000002 8.4 0 3.2 0 3 0 0 0 2.6 0 0 0 0 0 0 0 0 0 0 0 0 0.2 0 0 0 0 0 0 4.2 0 0 0 
 0.2 0 0 0 0 0 0.2 0.8 0.2 0.2 0 0 0.6000000000000001 0 0.4 0.6000000000000001 0.4 0 0 0 136.8 70.60000000000001 0 67.4 15.8 35.4 57.400000000000006 18.8 53.6 16.400000000000002 51 39.6 13 47 32 35.6 8 14.4 9.4 25.400000000000002 0.6000000000000001 0 0 0 0.6000000000000001 0 0 0.6000000000000001 1.6 0 0.6000000000000001 0 12.600000000000001 0.4 0.2 1.8 0 0 12 0 0 0 0 2.2 0 0 0 0.2 0 0 0.4 0 0 0 0.6000000000000001 0 0 0.6000000000000001 0.2 0.6000000000000001 0 0 0 0.4 0 0 0 0 0 0 0 0 0 0.2 3 0 0 0 0 0 0.2 7 19.8 0 8 4.4 0 2.4000000000000004 0 6.800000000000001 1.8 7 0 0 4.800000000000001 3.6 0 2 0 0 0 0 0 0 0 0 0.2 0 0 0 0 0 3.2 0 0 0 5.4 0 7.2 0 0 0 0 2.6 0 0 0 0.2 0 0 0 0 0 0 0 0 0 0 0 0 0 0 0.2 0 0 0.2 0 0.6000000000000001 0 0 0 0 0 4.4 0 0 0 1.8 0 0 2.4000000000000004 6.6000000000000005 3.4000000000000004 0.4 4.6000000000000005 4.6000000000000005 0 0 8.200000000000001 0 5 6.6000000000000005 0 0.8 6.800000000000001 1.8 1.4000000000000001 0 0 0 0 0 0 0 0 0 0 2.2 0 0 0 0 1.4000000000000001 2.6 0 0 0 0 0 5 0 2.4000000000000004 0 0.4 0 0 0 0 0 0 0 0 0 0 0 0 0 0 0.4 0 0 0 0 0 0 0 0 0 0 0 0 0 0 0 0.4 0 0.4 0.6000000000000001 15.600000000000001 0.4 1.6 3.8000000000000003 0 0 0 0 0 0 0 0 0 0 0 0 0 0 0 0 0 2.6 0 0 0 0 0 0 0 0 0 0 
 0.6000000000000001 0.4 0.4 0.8 0.4 0.4 0.6000000000000001 0.4 0.4 0.4 0.4 0.6000000000000001 0.4 1 0.4 0.6000000000000001 0.8 0.6000000000000001 0.4 0.6000000000000001 115.2 17.6 67.4 0 31.200000000000003 30.6 22.400000000000002 41.6 26.8 35.800000000000004 10.4 52.400000000000006 18.400000000000002 40.400000000000006 40.2 21.200000000000003 22.400000000000002 23.400000000000002 59.2 33.800000000000004 25.6 0 0 0.6000000000000001 0.4 0 6.2 0.6000000000000001 0.4 0 0 0 0 0.8 0.6000000000000001 0 0 0 28.200000000000003 0.2 0 0 10.8 5.800000000000001 0 10 0.4 1 0 0 0.4 0 0 0 0.6000000000000001 0 0 0.4 1 0.6000000000000001 0 0.2 3 0 0 0 0 0 0 0 0 0 0 0 0 0 0 0.4 0 0 0 2.6 5.800000000000001 0 0.2 6.800000000000001 0 3.4000000000000004 0.2 2.2 5 0 0 0 8.6 10.8 0 3.6 0 0 0 0 5 0 0.4 0 0 0 1.6 0 0.4 0 4.4 0 1.4000000000000001 0 0.2 0 3.8000000000000003 1.4000000000000001 0 0 0 0 0 0.4 0 0 0.4 0 0 0 0 0 0 0 0 0.2 0 0.4 0 0 0 0 0 0 0 0.6000000000000001 0 0 0 0 0 1.2000000000000002 0 0 0 1.6 0 0 4.800000000000001 2.4000000000000004 2.4000000000000004 0 3.8000000000000003 0.4 0 0 6.2 0 2.6 8.200000000000001 0 1 4 2.2 0.8 2.8000000000000003 0 0 0 0 0 0 0 0 0 2.8000000000000003 0 0 0 0 0 4 3.2 2.6 0 0 0 4.2 0 0 0 0 0 0.4 0 0.4 0.2 0 0 0 0.4 0 0 0 0.2 0 0 2.4000000000000004 0 0 0 0 0 0 0 0 0 0 0 0.4 0 0 2.6 0.2 0 0 0 0 5.2 0 0 0 0 0 0 0 0 0 0 0.2 0 0 0 0 0 0 0 0 0 0 0 0 0 0.8 0 0 0 0 
 0.8 0 0.2 0 0 0 0 0 0 0 0 0 0 0 0.6000000000000001 0 0 0 0 0 11 9.4 15.8 31.200000000000003 0 22.6 9.8 10.4 71.4 17 17 34.800000000000004 56.6 13.4 16.6 14.600000000000001 27 32.800000000000004 10 66.8 0.8 26.8 0 0 0 0 25.200000000000003 2.6 1 0 0 13 12.4 30.6 0.8 5 0 13 12.4 37 0 0.2 0 0.2 0 0 0 0 0.4 0 0.8 9 0.4 0 0.6000000000000001 0 0 0.8 0.4 0 0 0 0 0 0 0 0 0 0 0 0 0 0 0 0 0 0 0 0 0 2.6 0 0 1.2000000000000002 1.6 0.2 0 0 0 0 1.4000000000000001 2.2 0 0 0.4 2.4000000000000004 0 0 0 0 1.4000000000000001 0 3.6 0 0 0 8 3.4000000000000004 1.8 0 0 0 8.6 13.8 4.800000000000001 0.2 5.800000000000001 0.2 2.2 3.4000000000000004 3 0 0 0 0 0 0 0 0 0 0.4 1.8 1 0 0 0 0.8 0.8 0.4 0 0 1 2.4000000000000004 0 0 0 0 0 0 0 0 0 0.2 0 0 0.2 0 0 0 0 0 0 0 4 0.2 8.6 0 0 3.8000000000000003 6 2.4000000000000004 0.2 0 0 0 0 0 0 0 0 6.4 5.4 0 0 0 0 9.4 6.2 2.2 0.8 0 0 7.4 2.6 0.6000000000000001 9.4 5.2 0.4 6 1.2000000000000002 0 0 0 0 0 0 0 0 4 0 0 0 0 0 0 0 0 0 0 0 0 0 2.4000000000000004 0 0 0 0 0 0 0 0 0 0 0 4.4 0.2 0 0.2 8.4 0.6000000000000001 0.2 0 0 0 0 0 0 0 0 0 0 0 0 0 0 0 0 0 0 0 0 0 0 0 0 0 0 0 0 0 
 0 0 0 0 0 0 0 0.2 0 0 0.4 0 0 0 0 0 0 0 0.2 0 5.2 4.2 35.4 30.6 22.6 0 5 21.400000000000002 40.2 11.4 17.8 55.800000000000004 6 23.8 9.200000000000001 37 31.200000000000003 26.200000000000003 9.200000000000001 11.4 0.6000000000000001 0 0 0 0 0 0.4 0.6000000000000001 0.6000000000000001 0 0 0 1.4000000000000001 0.4 12.600000000000001 11.4 0.4 13.200000000000001 17 0 0 0 0 0 0 0 0 0 0 0.2 0.4 0 5.6000000000000005 6 0.6000000000000001 0 0 0.6000000000000001 0.6000000000000001 0.2 0 0 0 0 0 0 0 0 0 0 0 2.2 0 0 0 0 0 0 0 0 1.6 2.2 6.800000000000001 0 5.2 1.6 0 3.4000000000000004 0 3 7 4.800000000000001 0 0 3.2 2.6 0 0 0 0 0 3.8000000000000003 0 0 0 0 0 0 0 2 0 3.8000000000000003 1.4000000000000001 1.6 0 2.8000000000000003 2.4000000000000004 0 5 0 0 0 0 0 0 0 0 0 0 0 0 0 0 0 0 0 0 0 0 0 0 0 0 0 0 0 0 1.6 0 0 0 0 0 1 0 0 0 1.4000000000000001 0 0 3 0 7 8.6 7.4 0 0 0 8.4 0 9.200000000000001 0 0 0 1.2000000000000002 5.6000000000000005 5.2 0 0 0 1.8 0 0 0 3.4000000000000004 0 0 4.800000000000001 0 0 3.2 0 10.4 2.4000000000000004 0 0 4 0 0 3.2 0 0 0 0 0 0 0 0 0 0 0 0 0 0 0 0 0 0 0 0 0 0 2 0 0 0 0 0 0 0 0 0 0 0 0.4 0.8 0 16 0.4 0 2.8000000000000003 3.2 0 0 0 0 0 0 0 0 0 0 0 0 0 0 0 0 0 1.8 0 0 0 0 0 0 0 0 0 0 
 0.6000000000000001 0.6000000000000001 0.6000000000000001 0.6000000000000001 0.6000000000000001 5.2 0.6000000000000001 1.2000000000000002 0.6000000000000001 0.8 0.6000000000000001 1 0.6000000000000001 0.6000000000000001 0.6000000000000001 0.6000000000000001 1 1.4000000000000001 0.6000000000000001 0.8 32.4 49.400000000000006 57.400000000000006 22.400000000000002 9.8 5 0 34 11.600000000000001 43.2 12.200000000000001 21.200000000000003 52.400000000000006 14 82.4 82.60000000000001 123.60000000000001 23.200000000000003 8.4 11.600000000000001 0.6000000000000001 0 0 0 0 0.2 0 1.8 2.6 0 0.2 0.6000000000000001 0 0.4 0.4 0.4 0.8 0 0 0 0 0.8 0 0.8 0 0 0 0 0 0 1.6 0 0.8 0 0.6000000000000001 0 0 1 0.6000000000000001 0 0 0 0 0 0 0 0 0 0 0 0 0 0 0 0 0 0 0 0 0 6.2 6.6000000000000005 4 0 0.2 1.6 4.2 2.2 4 3 0 8.6 6 6.2 0 2.6 6.800000000000001 1.2000000000000002 0 1.6 0 0 0 0 0 0 0 0 0 0 0 0 1.4000000000000001 0 0 0 0 0.2 0.4 0 0 0 0 0 0 0 0 0 0.6000000000000001 0 0 0 0 0 0 0 0 0 0 0 0 0 0 1.2000000000000002 0 0 0 0 0 0 0 0 0 0 0 0 0 0 0 0 2.8000000000000003 2.6 0 6 3.4000000000000004 0 0 1.8 2.6 2.4000000000000004 2.4000000000000004 11 3.8000000000000003 3 5.4 4.2 5 4.4 0 2.6 0 0 0 0 0 0 0 0 0 0 1.8 0 0 0 0 0 0 0 0 0 0 0 0 0 0 0 3 0 0 0 0 0 0 0 0 0 0 0 0 0 0 0 0 0 0 0 0 0 0 0 0 0 0 0 1.2000000000000002 0.2 0 15.600000000000001 15.4 0.2 0.4 0 0 0 0 0 0 0 0 0 0 0 0 0 0 0 0 0 0 2.2 0 2 0 0 0 0 0 0 0 0 
 0 0 0.2 0 16 20.6 0 0.6000000000000001 0 15.4 0 0 0 0 0.4 12.8 0 0 0 0 37.6 46.6 18.8 41.6 10.4 21.400000000000002 34 0 79 52.400000000000006 48.6 23.200000000000003 21.8 12.8 17.400000000000002 9.600000000000001 40.6 6 42.2 25.400000000000002 0.6000000000000001 0 0 0 0 0 0 0.6000000000000001 0.4 0.8 1.8 0 12.600000000000001 0.6000000000000001 0.4 0 0 0.8 18.8 0 0.8 0 0 0 0 0 0 0.8 0 0 0.4 0 0 0 0.6000000000000001 0 0 0.4 0.6000000000000001 1.6 0 0 0 0 1.8 0 0 0 0.2 0 2.6 0.2 0 0 0 0 0 0 0 0 0 4 0 0 3.8000000000000003 3.8000000000000003 5.4 2.4000000000000004 0 1.2000000000000002 5.2 5.800000000000001 0 0 0.4 0 0 2.2 1.4000000000000001 0 0 0 0 0 0 0 3.8000000000000003 0 0 0 0 0 4 0 3.2 0 0 0 5 0 0 2 0 0 0 0 0 0 0.8 0 0 0 0 0 0 0 0 0 0.4 0 0 0 0 0 0 2.6 0 1.4000000000000001 0 0 0 0.2 0 1 0 0.2 0 1.6 0 0 0.2 0 6.800000000000001 0.2 0.6000000000000001 0 0.8 8.200000000000001 11.200000000000001 10.200000000000001 4 2.4000000000000004 0.6000000000000001 4.2 1.8 1.4000000000000001 4 0 0 3.6 3.6 0 0 0 0 0 0 0 0 0 0 0 0.2 5.2 0 0 0 0 4.4 0 0 0 0 0 0 0 0 0 0 0 0 0 0 0 0 0 0 0 0 0 0 0 0 0 0 0 16.2 0 14.8 0 0 0 0 0 3.6 0 0.4 1 0 0 3.8000000000000003 0 0 0 0 0 4 0 0 0 0 0 0 0 0 0 3.2 0 0 0 0 2.2 0 0 0 0 3.6 0 0 0 
 0 0 0.4 0 14.8 0 0 0 0 14.8 0 0 0.2 0 0 0 1.8 0 0 0 11.200000000000001 26.200000000000003 53.6 26.8 71.4 40.2 11.600000000000001 79 0 14.4 108.2 18.8 63.400000000000006 16.2 17.400000000000002 74 5.6000000000000005 6.2 30.8 71.8 0.6000000000000001 0 0 0 0 0 0.2 0.6000000000000001 0.6000000000000001 0 0 0 17.6 0.4 0.2 1.6 0.2 0 15.8 0 0 0 3.6 0 0 0 0 1.2000000000000002 0 0 0.4 7.4 0 0 0.6000000000000001 0 0 0.8 0.2 0 0 0 0.4 0 0 0 0 0 0 0 0 0 0 0 0.4 0 0 0 0 0 2.6 1 3.2 0 10.8 5 5 0 1.2000000000000002 2.8000000000000003 5.4 3 0 2.2 0 2 0 0 2.4000000000000004 0 0 0 3.2 0 3.2 0 1.8 0 0 0 0 0 3.4000000000000004 2 2.4000000000000004 0 0 0 6.800000000000001 4 0 0 0 0 0 0 0 0 0 0 6 0 0 0 0 0 0 1.8 0 0 0 0 3 0 0 0 0 0.8 0 0 0 0 0 6 0 0 0 1.4000000000000001 0 0.2 0 4.2 16.400000000000002 8.4 2.8000000000000003 6.4 0 2.6 9.8 0 2.2 1.8 0 1.4000000000000001 0 1.8 0.2 0.2 3.2 0 0 0 0 0 0 0 0.2 3.6 0 0 0 0 0 10.600000000000001 4 0.4 0 0 1.4000000000000001 3 0 0 0 0 0.2 0 0 0 0 0 0 0 0 0 0 0 0 0 0 0.4 0 0 0 0 0 0 0 0 0 0 0 0 0 0 0.8 0 0.4 4.4 0.2 0.4 4.2 3.8000000000000003 0 0 0 0 0 0 0 0 0 0 0 0 0 0 0 0.2 0 0 0 0 0 0 0 2.2 0 0 0 0 
 0 0 0 0 14.8 29.6 0 14.4 0 0 0 0.2 0 0 0.2 0 1.4000000000000001 0 0 0.6000000000000001 24.6 60.6 16.400000000000002 35.800000000000004 17 11.4 43.2 52.400000000000006 14.4 0 26 6.4 55.800000000000004 46 41.800000000000004 33.2 31 27.6 70 53.6 0.6000000000000001 0.2 0 0.2 0.4 0 1 0.6000000000000001 0.4 0 0.4 0 15.600000000000001 0.8 0.4 0 0.4 0.4 0.2 0.6000000000000001 0 0.6000000000000001 0 0 0.2 0.4 0 0 0.6000000000000001 0 1 0.8 6.2 0 0.6000000000000001 0 10 1.4000000000000001 0.6000000000000001 0.4 0 0 0 0.2 1.8 0 0.4 0 0 0 0 0 0 0 0 0 0 0 0 0 3.4000000000000004 2.6 0 1.8 3.6 0 7.6000000000000005 4.4 12.600000000000001 4.2 2.4000000000000004 0 4.800000000000001 4.2 2 5.6000000000000005 6.4 3.8000000000000003 1.8 4.4 0 0 0 0 0 0 2.4000000000000004 0 0 0 0 0 0 0 0.2 0 0 0 0 0 0 0 0.4 0 0 0 0 0 0.8 0 0 0 0 0 0 0 0 0 0 0 0 0 0 0 0 0 0 0 0 0 0 0 0 0 0 0 0 0 0 0 5.4 3.8000000000000003 3 3.4000000000000004 0 0 0 2.4000000000000004 12.4 7.6000000000000005 5.2 2 0.4 0 10.200000000000001 2.2 2.2 2.8000000000000003 0 1.4000000000000001 0 0 0 0 0 0 0 0 0 0 0 0 0 0 0 0 0 0 0 2.6 0 0 0 2.4000000000000004 0 0 0 0 0 0 0 1.2000000000000002 0 0 0 0 0 0 0 0 0 0 0 0 0 0 0 0 0 0 0 0.2 0 0 1 0 0.4 15.4 0 0 0.6000000000000001 0 0 0 0 0 2 0 0 0 0 0 0 0 0 0 0.4 0 0 0 0 3.6 0 0 0 0 2.4000000000000004 0 0 0 
 0 0 0 0 0 0 0 0.6000000000000001 0.4 0 0 0 1 0.6000000000000001 0.6000000000000001 0 0.6000000000000001 0 1 14.8 21.6 38 51 10.4 17 17.8 12.200000000000001 48.6 108.2 26 0 24.200000000000003 14.600000000000001 20.200000000000003 31.400000000000002 32.6 24.6 12.200000000000001 9 12.600000000000001 0.6000000000000001 0.2 0 0 0.4 0 0 0.6000000000000001 1.2000000000000002 0 0 0 20.8 11.4 0.4 0.8 0 0.2 25.6 12.4 9.200000000000001 0 0 0 0 0 0 0 0 0 0.4 0 0 0 0.6000000000000001 0 0 0.8 0.6000000000000001 0.4 0 0 0 0 0.2 0 0 0 0 0.4 0 0.4 0.2 0 0 0 0 0 0 0 0 5.2 4.6000000000000005 0.8 3.6 4.2 0 0 9.8 3 5.4 4.2 0 0 0 1.6 0 0 0 0 1.6 0 0 0 0 0 6.4 2.2 0 0 0 0 5.4 4 2.2 0 0.2 0 5 3.8000000000000003 0 0 0 0 0 0 0 0 0 0 0 0 0 0 1 0 1 2 0 0 0 0 0 0 0 0 0 1 0 0 0 0 0 1.2000000000000002 0 0.2 0 0.8 0 0 0 3.4000000000000004 2.2 3.4000000000000004 3.8000000000000003 4.6000000000000005 0 0 10.4 0.6000000000000001 1.8 5.800000000000001 0 0 2.4000000000000004 0 2.2 0 0 0 0.4 3 2 0 0 0 5.800000000000001 0 0 0 0 0 0 6.4 1.4000000000000001 0 4.4 0 2 5.6000000000000005 0 0 0 0 0 0 0 0 0 0 0 0 0 0 0.2 0 0 0 0 0 0 0 0 0 0 0 0 0 0 0 0 0 0 0 2 0.4 0.6000000000000001 15.200000000000001 15.600000000000001 0.4 4.2 0.2 0 0 0 0 2 0 0 0 10.4 0 0 0 0 0 0 0 0 0 0 0 0 0 0 1.4000000000000001 2.4000000000000004 0 0 0 
