 0 18.6 6.6000000000000005 32.800000000000004 14 6 34.2 6.2 23.400000000000002 10.4 14.4 7 9.600000000000001 29.6 18.400000000000002 6.2 6.6000000000000005 41.6 42.800000000000004 39.800000000000004 0 0.8 0.2 0 0 0 0.6000000000000001 14.8 0 0.6000000000000001 0 0.4 0.8 0 0 0 0 0.4 0.8 0 0.6000000000000001 0.6000000000000001 0.6000000000000001 0.4 0 0 5.4 0 0 0.6000000000000001 0.6000000000000001 0 0 0.4 0 0.4 13.4 0 0 0 0 0 0 0 0.6000000000000001 6 0 0 0 0 0.6000000000000001 0 0.4 0 0 0 0 0.4 0.6000000000000001 0 10.600000000000001 0 3 0 2.4000000000000004 0 0 0 3 2.4000000000000004 0 0 3.4000000000000004 3 0 2 0.2 0.6000000000000001 0.2 3.4000000000000004 0 0 0 0.2 0 0 0 0 0 0 0 0 0 0 0 0 0 0 0 0 0 0 0 0 0 0 0 0 0 0 0 0 0 0 0 4 0 0 0 0 0 0 0 0 0 0 0 0 0 0 0 0 0 0 0 0 0 0 0 0 5.4 3.8000000000000003 0.2 3 0 0 0.2 0 2.8000000000000003 0 0 1 0 0 0 2 1.8 0 3 2.8000000000000003 0 0 0 0 0 0 0 0 0.6000000000000001 0 0 0 0 0 0 0 0 0 0 0 0 0 0 1.4000000000000001 0 0 0 0 0 0 0 0 0 0 0 0 0 0 0 0 0 0 0 0 0 0 0 0 0 0 0 0 0 0 0 0 0 0 0 0 0 0 0 0 0 0 0 0.4 17.8 0 2.6 3.8000000000000003 0 0 4.6000000000000005 0 0 0 0 0 0 0 0 0 0 0 0 0 0 0 0 0 0 0 0 0 1.4000000000000001 0 0 0 0 0 0 0 0 0 0 0 0 0.4 
 18.6 0 18.400000000000002 16.6 14.4 9.4 40.6 23.6 28.400000000000002 25.6 26.400000000000002 25.6 127 27.8 45.2 43.6 11.4 25.8 125.2 50.2 0.4 0.6000000000000001 0 0 0 0 0.6000000000000001 0 0 0.6000000000000001 0 0 0.4 0 0 0 0 0 0.6000000000000001 0 0.8 0.6000000000000001 0.6000000000000001 0.4 0 0 1.6 0 0 0.6000000000000001 0.8 0 0.2 0 0 0.4 0 0 0.2 0 0 0 0 0 0.6000000000000001 0 0 0 9.200000000000001 0 0.6000000000000001 0 0.4 0 0 0 0 0.6000000000000001 0 0 8.200000000000001 0 4.4 0 3.8000000000000003 0 2.4000000000000004 2.2 3.6 1.2000000000000002 2.8000000000000003 2.2 9 3.8000000000000003 2.8000000000000003 2.2 8.200000000000001 3.2 2.2 3.8000000000000003 0 0.8 0 0 0 0 0 0 0 0 0 0 4.6000000000000005 0 0 0 0 0 1.4000000000000001 0 0 0 0 0 0 0 0 0 0 0 0 0.4 0 0 0 4.800000000000001 0 0 0 0 0 0.2 0.4 0 0 4.2 0 0 0 0.4 0 0 0 0 0 0 0 0 0 0 2.6 6 0 2.8000000000000003 0 5.6000000000000005 3.4000000000000004 3 6.2 0 0 3.8000000000000003 1.6 2 1.8 0 2.8000000000000003 3.2 0 1.6 0 0 0.8 0 0 0 4.800000000000001 0 0 0 0 0 0 0 1 0 0 0 0 0 0 0 0 0 0 0 0.2 0 0 4.4 0 0 0 0 0 0 0.2 0 0 0 1.2000000000000002 0 0 0 0 0 0 0 0.2 0 0 0 0 0 0 0 0 0 0 0 0 0 1.6 0 0 0.4 0.4 0 0.4 0 0 1.4000000000000001 0 0 0 0.2 0 0 0 0 0 0 0 0 0 0 0 0 0 0 0 0 0 0 0 0 0 0 0 0 0 0 0 0 0 0 0 0 0 0 
 6.6000000000000005 18.400000000000002 0 96.80000000000001 25.8 4.6000000000000005 30.6 95.4 49.2 79.60000000000001 28.200000000000003 7.4 11.200000000000001 17.8 71.8 17 14.200000000000001 10.4 43.6 43.6 0 9.4 0 0 0 0 0.6000000000000001 0 0 0.6000000000000001 0 0 0.6000000000000001 0 0 1 0.2 0 0.6000000000000001 0 0.8 0.6000000000000001 0.6000000000000001 0.4 0 0 0 0 0 0.6000000000000001 0.4 0 0 0 0 0.6000000000000001 0 0 0 0.2 0 0 0 0 0.6000000000000001 0 0 0 0 0 0.4 0 0.6000000000000001 0 0 0 0.6000000000000001 0 0 0 0 2.8000000000000003 3.6 4.6000000000000005 2.2 0 4.6000000000000005 0.2 3 5.6000000000000005 2.4000000000000004 0 2.8000000000000003 3.8000000000000003 4.4 7.6000000000000005 5 4 0 0.2 0 0 0 0 0 0 0 0 0 0 0 0 0.2 0 0 0 0 0 0 0.8 0 0 0 0 0 0 0 0 0 0 0 1.6 0 0 0 0 0 0 0 0 0 0 0 0 0 0 0 0 0 0 0 0 0 0 0 0 0 0 0 0 0 0.8 3.4000000000000004 4.6000000000000005 3.2 2.8000000000000003 0 0 0.2 2 2.6 0 0 1.8 8.8 3.8000000000000003 1 1.8 2 4.2 6.800000000000001 0 0 0 0 0 0 0 0 0 0 0 0 0 0 0 3.8000000000000003 0 0 3.8000000000000003 0 0 0 0 0 0 0 0 0 0 0 0 0 0 0 0 4 0 0 0 0 0 0 0 0 0 0 0 0 0 0 0 0 0 0 0 0 2.8000000000000003 0 0 0 2.8000000000000003 0 0 0 0 23.6 0 19.400000000000002 17.8 0 0.6000000000000001 0 0 0.4 0 0 0 0 0 0 0 0 0 0 0 0 0 0 0 0 0 0 0 0 0.2 2 3 0 0 0 0 0 0 0 0 0 0 0 0 
 32.800000000000004 16.6 96.80000000000001 0 33.2 18.6 15 12.600000000000001 86.60000000000001 60.400000000000006 48 13.200000000000001 27.6 67 24.6 41.400000000000006 28.400000000000002 28.200000000000003 11.200000000000001 15 14 0.6000000000000001 1 0 0.6000000000000001 0.6000000000000001 15.4 0 0 0.6000000000000001 0.4 0 0.6000000000000001 0 0 0 0.8 0 1.2000000000000002 0 1 0.6000000000000001 0.6000000000000001 1.6 1 0 0 0.4 0.2 1.6 1.6 0 0.2 0 0.6000000000000001 0.4 0.2 0 0 0.6000000000000001 0 0 1.2000000000000002 0.6000000000000001 0.6000000000000001 1.2000000000000002 0 0.4 1.2000000000000002 0 1.4000000000000001 0 0.4 0 0 0 0.2 0.4 0 0.2 0 1.8 0 2 2 7.800000000000001 1.8 2.8000000000000003 0 5.800000000000001 0 0 3.8000000000000003 2.2 1 5.4 4.6000000000000005 0 0 1.6 0 0 0 0 0 0 2.4000000000000004 1.2000000000000002 0 0.4 0 0.2 0 0 2.2 3 0.8 0 0.2 3.2 0 0 0 0 0 0 0 0 0 0 0 0 0 0 0 0 0 0 0 0 0 0 0 0 0 0 0 0 0 0 0 0 0 0 0 0 4.4 0 0 0 0 0 6 4 6.2 3 0 0 0 5.800000000000001 4.4 0 0 3 1.8 2.2 2.8000000000000003 0.4 0 0 0 0 0 0 0 0 1.2000000000000002 0 3.8000000000000003 1.8 0 0 0 0 0 0 0 0 2.6 3 0 0 0.4 0 0 0 0 0 0 0 0 0 0 0 0 0 0 0 0 0 0.4 0 0 5.800000000000001 0 0 0 0 0 0 0 0 0 0 0 0 0 0.2 0 0 0 0 0 0 0 0.2 17.6 0 10.8 0 2.4000000000000004 1.4000000000000001 0 0 0 0 0 0 0 0.2 10.200000000000001 0 0 0 0 0 0 0 0 0 0 0 0 0 0.4 2.6 6 0 0 0 0 0 0 0 0 0 0 0 0 0 
 14 14.4 25.8 33.2 0 14.4 15.200000000000001 37.4 47.800000000000004 85 59 48.2 20 29.200000000000003 39 18.8 41 18.2 33.800000000000004 15 0 0.6000000000000001 0 0 0 0 22.400000000000002 0 0.4 0.6000000000000001 0.6000000000000001 0 0.6000000000000001 0 0 0 0 0 0.6000000000000001 0 0.4 0.6000000000000001 1.2000000000000002 8.4 0 0 0 0 0 0.6000000000000001 0.6000000000000001 2 0 0 0 0.8 0 0 0 0 0 0.6000000000000001 0 0 0.6000000000000001 0 0 0 0 0 0.6000000000000001 1.2000000000000002 0.6000000000000001 0 0 0 0.4 0 0 0.6000000000000001 0 6.4 0 8.6 0 4.800000000000001 4.6000000000000005 3 0 3.6 7.6000000000000005 2.6 0 0 0 3 0 1.4000000000000001 0.2 0.4 0 3.2 0 0 3.4000000000000004 0 0 0 0 0.2 0 0.4 0.2 4.2 0 0 0 0 1.6 1.2000000000000002 0 0 0 0 0 0 0 0 0 0 0.4 0 0 0 0 2.2 0 0 0 0 0 0 0 0 0 0 0 0 0 0 0 0 0 0 0 0 0 0 0 0 0 0.6000000000000001 9 1.8 7.2 0.4 1.4000000000000001 3.2 0 13.4 6.2 13.600000000000001 1.2000000000000002 2.4000000000000004 0 5.6000000000000005 0.8 3 0.4 4.6000000000000005 5.2 0.2 0 0 0 0 5.2 0 0 0 0 1.8 3.4000000000000004 2.6 0 0 0.2 0 3.6 4.4 0 0 0 0 0 0 0 0.4 0 0 0 0 0 0 0 0 3.2 0 0 0 0 0 0 0 0 0 0 0 0 0.2 0 0 0 0 0 0 0 0 0 0 0 2.6 0 0 0 1.2000000000000002 21.200000000000003 0.4 0.4 9.4 0 0.6000000000000001 0 0.4 0 0 0 0 0 0 0.4 0 3.2 0 0 0.4 0 0 0 0 0 0 0 0 0.4 2.4000000000000004 0.2 0 0 0 0 0 0 0 0 0 0 0 0 0 
 6 9.4 4.6000000000000005 18.6 14.4 0 10.4 53 43 18 72.4 9.600000000000001 37.6 27 9.4 59.800000000000004 72.8 17.6 11 15 14.200000000000001 0.6000000000000001 15.200000000000001 0 0 0 44.6 0 15 6.4 16.400000000000002 0 6.2 29.400000000000002 14.8 14.8 0 0.2 30.400000000000002 15 0.8 0.6000000000000001 0.6000000000000001 0.4 0 0 0 0.4 0 0.6000000000000001 0.6000000000000001 0 0.2 0 0 0.4 6 0 0.2 1.2000000000000002 0.2 0 0 0.2 0.6000000000000001 0 0 0 0 0 0.8 0 0.4 0 0 0 0 0.6000000000000001 0 0 0 1.8 0 2 0.2 18.2 0 1.4000000000000001 0 2.8000000000000003 0 0.6000000000000001 0 0 0 0 2.2 0.2 0 0 7.6000000000000005 0 1.6 6.4 0 0 6.2 3.4000000000000004 9.8 0 0.2 0 3 4.4 4.6000000000000005 4.6000000000000005 4.6000000000000005 0.2 4 3.2 0 0 0 0 0 0 0 0 0 0 3.4000000000000004 0 0 0 0 0 0 0 0 0 0 0 0 0 0 0 0 0 0 0 0 0 0 0 0 0 3.8000000000000003 0 0 0 0 0 3 9.600000000000001 4.6000000000000005 0 0 0 0 3.2 5.2 0 0 0 0 0 0 0 0 0 9.8 4.2 0 0 0 0 2.4000000000000004 5.2 5 4.800000000000001 2 0 3.6 4 0 2.8000000000000003 1.6 0 11.8 3.4000000000000004 0 0 0 0.4 0 0 0 0 0 0 0.4 0 0 3 0 0 0 0 0 0 0 0 0 0 0 0 0.4 0 0 0 0 0.4 0 0 0 0 0 0 0 0 0 0 0 0 0 2 17.2 0.2 1 0.2 0 2 0 0 0 0 0 0 0 0 0 0 0 0 0 0 6.800000000000001 0 0 0 0 0 0 0 0 0 0 0 0 0 0 0 0 0 0 0 0 0 0 0 
 34.2 40.6 30.6 15 15.200000000000001 10.4 0 78.2 10.8 29.200000000000003 20.400000000000002 20.8 62.800000000000004 39.800000000000004 10 13.8 31.8 31.200000000000003 17.6 26.6 0 0.6000000000000001 0 0.8 0 0 0.6000000000000001 0 1.4000000000000001 0.6000000000000001 0 0 0.6000000000000001 0 0 0.2 0 0 0.6000000000000001 0 0.6000000000000001 1.6 0.6000000000000001 0.4 0 11.200000000000001 0 0 1 0.6000000000000001 1 0 0 0 0 0.4 0 0 0 0 0 0 0 2 0.6000000000000001 0 0 0 0 0 0.6000000000000001 0 0.6000000000000001 0 0 0 0.4 0 0 0 0.2 2 6.800000000000001 0 3.6 7.2 1.4000000000000001 1.6 7.4 0 2 2.2 0 12.600000000000001 2.2 3 0.2 2.4000000000000004 0.2 1 0 0 0 0 0 0.4 0 0.6000000000000001 0 0 0 2 0 0 0 0 0 0 0 0 0.4 0 0 0 0 0 0 0 0 0 0 2.8000000000000003 0 0 0 0 0 0 0 0 0 0 0 0 0 0 0 0 0 0 0 0 0 0 0 0 0 0 0 0 3.6 1 4.800000000000001 4.2 0 0 0 0.4 2.2 3 2 1.4000000000000001 0 2 4.2 0 4 0 2.2 5.800000000000001 0.4 0 0 0 0 0 0 0 0 0 0 0 0 0 0 0 0 0 0 0 0 0 0 0.2 0 0 0 0 0 0 0 0.4 0 0 0 0 0 0 0 0 0 0 0 0 0 0 0.4 0 0 0 0 0.4 0 0 0 0 0 1.6 0 0 0 0 0 0 0 0.4 0 0 0.2 0.4 2.4000000000000004 4.6000000000000005 0 0 0 0 0 0 0 0 0 0 2 0 0 0 0 0 0 0 0 0 0 0 0 0 0 5.2 0 0 0 0 0 0 0 0 0 0 0 0 
 6.2 23.6 95.4 12.600000000000001 37.4 53 78.2 0 22.400000000000002 9 6.6000000000000005 11.600000000000001 29.6 26.8 29 62.400000000000006 28.200000000000003 25.8 59.800000000000004 11.600000000000001 0 0.6000000000000001 0 0 0 0 0.6000000000000001 0 0 0.6000000000000001 0 0.2 0.6000000000000001 0 0.4 0 0 0.4 0.6000000000000001 0 4.800000000000001 0.6000000000000001 0.6000000000000001 0.4 0 11.4 0 0 0 0.6000000000000001 1 0 0 0 0 0.4 0 0 0 0 0 0 0 1 0.6000000000000001 0 0 0 0 0 0.6000000000000001 0 0.6000000000000001 0 1.8 0 0.4 0 0 0 0 7.4 1.8 1 0 2.2 1.2000000000000002 3.8000000000000003 2.4000000000000004 3.2 5.4 0 0 2.6 7.2 1.4000000000000001 5.4 3.6 0.4 0 0 0 0 0 0.2 0 0 0 0 0 0 0 0 0 0 0 0 0 0 0.4 0 0 0 0 0 0 0 0 0 0 0 2.8000000000000003 0 0 1 0 0 0 0 0 0 0 0 0 0 0 0 0 0 0 0 0 0 0 2.6 0 0 0 0 0 6 1.8 3.4000000000000004 0 0 0 0 3.6 0 3 0 3.6 2.2 0 2.6 3.4000000000000004 0 3.2 1.8 0 2 0 0 0 0 0 0.2 0 0 0 0 0 0 0.2 0 0 0 2 0 0 0 0 0 0 0 0 0 0 0.2 0 0 0 0 0 0 0 5 0 0 0 1.8 0 0 0 0 0 0 0 0.2 0 0 0 0 0 0 0 0 3.4000000000000004 0 0 0 0.6000000000000001 0 0 0 0.4 0.2 0 0 0.4 0 1.2000000000000002 0 0 0 0 0 0 0 0 0 0 0.2 0 0 0 0 0 0 0 0 0 0 0 0 0 0 2 0 0 0 0 0 0 0 0 0 0 0 0 
 23.400000000000002 28.400000000000002 49.2 86.60000000000001 47.800000000000004 43 10.8 22.400000000000002 0 81.2 87 17.400000000000002 65.4 49.800000000000004 31 23 91 44.400000000000006 14.8 19.400000000000002 0.2 0.6000000000000001 1.2000000000000002 0 0 0.8 0.6000000000000001 0 0.4 0.6000000000000001 0 0 15.200000000000001 0 0.8 0.6000000000000001 0.2 0.2 1.2000000000000002 0.2 0.8 0.6000000000000001 2 1 0 0 0.8 0 0 0.6000000000000001 1.4000000000000001 0 1 1 0.6000000000000001 0.4 0 0 0.4 0 0.4 1 0.8 0.8 0.6000000000000001 0.6000000000000001 0 0.2 0 0 1 0 0.6000000000000001 0.6000000000000001 0.2 0 0.4 0 0 0 0 5 2.6 4.800000000000001 2 5 0.2 2.2 0 8.6 1.6 6.800000000000001 2 4.4 1.4000000000000001 4.6000000000000005 6.2 3.6 0 0.2 0 3.4000000000000004 0 0 0 0 4.4 0 0 0 0 0 3 0 0 0 0 0 5.2 0 0 0 0 0 0 0 0 0 0 0 0 0 0 0 0 0 0 0 0 0 0 0 0 0 0 0 0 0 0 0 0 0 0 0 0 0 0 0 0 0 0.2 0 5.800000000000001 2 0.4 6.6000000000000005 0 5.6000000000000005 3 4.2 1 4.4 1.4000000000000001 0 0.2 3 3.8000000000000003 3 0 0 2 0 0 0 0 0 2.6 0 0 0 0 0 0 0 1.6 0 0 0 2 2.4000000000000004 0 0 0 0 0 0 0.4 0 0.4 0 0 0 0 0 0 0 2 0 0 0 0 0 0 0 0 0 0 0 0 0 1 0 0 2.6 0 0 0 0 0 0 0 2.2 0 0 0 0 18.8 0 3.4000000000000004 0.4 5 2.2 0 0 0 0 0 0 0 0 0 0 0.2 0 0 0 0 0 0 0.4 0 0 0 0 0 0 4.2 0 0 0 0 0 0 0 0 0 0 0 0 0 
 10.4 25.6 79.60000000000001 60.400000000000006 85 18 29.200000000000003 9 81.2 0 38 11 10.8 30.8 38.6 55 111.60000000000001 42.2 16 35.6 0 0.6000000000000001 0 0 0.2 0 1.4000000000000001 0 0 0.6000000000000001 0.6000000000000001 0.2 0.6000000000000001 0 0 0 0 0 0.8 0 0.8 0.6000000000000001 0.6000000000000001 0.4 0 0 0 0 0 0.6000000000000001 1.2000000000000002 0 0.4 0 0 0.6000000000000001 0 0 0 0 0 0 0 0 0.6000000000000001 0 0 0 0 0 0.4 0 0.6000000000000001 0 0 0 0.6000000000000001 0 0 0 0 5 2.8000000000000003 4.4 4.800000000000001 2.2 0 2 0.4 15.600000000000001 2.2 1.6 0 6 1.4000000000000001 5.6000000000000005 4.2 7.800000000000001 0 1.8 0 4.800000000000001 0 0 0 0 3.2 0.8 0 0 0 0 4.4 0 0 0 0 0 2.4000000000000004 0 0 0 1.2000000000000002 0 0 0 0 0 0 0.2 0 0 0 0 0 0 0 0 5.800000000000001 0 0 0 0 0 0 0 0 0 0 4.800000000000001 0 0 0 0 0 0 0 0 0 0 0 0 7.4 4 1.8 11.600000000000001 0 3.6 1 4 1 14 2.2 0 0 10.4 0 3 0 0 2 0 0 0 0 0 6.4 0 0 0 0 0 0 0 4.4 0 0 0 1.2000000000000002 0 1.8 0 0 0 0 0 0 0 0 0 0 0 0 0 0 0 2 0 0 0 0 0 0 0 0 0 0 0 0 0 0 0 0 0 0 0 0 0 0 0 0 0.6000000000000001 0 0 0 0.2 17.6 0 17.400000000000002 0.2 0 2 0 0 0 0 0 0 0 0 0 0 0.4 0 0 0 0 0 0 2.8000000000000003 0 0 0 0 0 0 5.4 0 0 0 0 0.8 0 0 0 0 0 0 0 0 
 14.4 26.400000000000002 28.200000000000003 48 59 72.4 20.400000000000002 6.6000000000000005 87 38 0 56.800000000000004 5.800000000000001 29.6 29.400000000000002 79.80000000000001 74.2 64.4 68.60000000000001 27.8 1 1 0.6000000000000001 0 0 0 16 0.2 0.4 0.6000000000000001 0 0.4 1.4000000000000001 0 0 0.2 0 0 16.400000000000002 0.4 1.2000000000000002 1.4000000000000001 0.6000000000000001 0.4 0 0 0 0 0 0.6000000000000001 0.8 0 0.8 0 0 1 0 0 0 0 0 0 0 0 0.6000000000000001 0 0 0 9.200000000000001 0.6000000000000001 0.4 0 0.6000000000000001 0 0.2 0 1 0 0 0 3.8000000000000003 0.2 3.6 6.4 2.8000000000000003 2.6 3.2 0 4.6000000000000005 4.6000000000000005 2.2 7 0 0 0 0 2.4000000000000004 8.8 0 0 0.4 6.800000000000001 0.2 0 0 0.4 2.6 0.4 0 0 0 0 4 3.2 0.2 0 2.8000000000000003 0 8.200000000000001 2.8000000000000003 0.4 0 0 0 0.2 0 0 0 0 0 0 0 0 0 0 3 0 0 0 0 0 0 0 2.8000000000000003 0 0 0 0 0 0 0 0 0 0.4 0 0.2 0 0 0 0 0 0 2.8000000000000003 1 3.8000000000000003 4 0 0.2 1.6 0 4.2 1.6 0 4.2 3.2 0.2 0 4.4 0 5 3.8000000000000003 0 0 0 0 0 2.4000000000000004 0 0 0 0 0 3.8000000000000003 0 2 0 3 0 2.6 0 0 0 0 0 0 0 0 0 0 1.6 0 0.4 0 0 0 0 0 0 0 0 0 0 0 0 0 0 0 0 0 0 0 0.4 0 0 0 0 0 0 0 0 0 0 0 0 0 0 15.600000000000001 0 0.2 0.4 0 1.6 0 0 0 0 0 0 0 0 0 0 2 0 0 0 0 0 0 0 0 0 0 0 0 2 0 0 0 0 0 0 0 0 0 0 0 0 0 0 
 7 25.6 7.4 13.200000000000001 48.2 9.600000000000001 20.8 11.600000000000001 17.400000000000002 11 56.800000000000004 0 6.800000000000001 8 22.6 9 71.2 48.800000000000004 7.800000000000001 6.800000000000001 32 0.6000000000000001 0 0 0 0.2 46 0 0 0.6000000000000001 0 0 0.6000000000000001 0 0 0 0.4 0 15.600000000000001 0 1 0.8 0.6000000000000001 0.4 0 0.2 0 0 0 0.6000000000000001 0.8 0 0.4 0 0 0.6000000000000001 0 11.200000000000001 0 0 0 0 0 0 0.6000000000000001 0 2 0 0 0 0.4 0 0.6000000000000001 0 0 0 0.6000000000000001 0 0 0 0 0.2 1 2.8000000000000003 2.6 4.4 0 0 2.6 7.800000000000001 4 13.4 0 0 0 0.2 2 7.4 0 0 0 6.6000000000000005 0 0 0 0 2.8000000000000003 3.6 3.2 0 3.6 0 7.4 5.4 0.6000000000000001 2.4000000000000004 0 0 3.4000000000000004 7 0 0 0 0 0 0 0 0 0 0 0.2 0 0 0 0 0 0 0 0 0 0 2.8000000000000003 0 0 0 0 0 0 0 0 0 0 0 0 2.4000000000000004 0 0 0.2 0 0 0 0 6.4 1.4000000000000001 1 4.2 0 2.8000000000000003 0.4 0 2.8000000000000003 5.2 2.8000000000000003 2.8000000000000003 0.4 3 0.2 2.4000000000000004 0 0 5.6000000000000005 0 0 0 0 0 4.6000000000000005 6.6000000000000005 0 4.4 0 0 3.8000000000000003 8 2.2 0 4.4 0 0.2 0 0 0 0 0 0 0 0 0 0 0 0 0 0 0 0 0 0 0 0 0 0 0 0 0 0 0 0 0 0 0 0 0 0 0 0 0 0 4.6000000000000005 0 0 0 0 0 0 0 1.2000000000000002 18 0.4 0.6000000000000001 0.2 0.4 3.4000000000000004 1 0 0 0 0 0 0 0 0 0 2.4000000000000004 0 0 0 0 0 0 0 0 0 0 0 0 1.8 0 0 0 0 0 0 0 0 0 0 0 0 0 0 
 9.600000000000001 127 11.200000000000001 27.6 20 37.6 62.800000000000004 29.6 65.4 10.8 5.800000000000001 6.800000000000001 0 21.200000000000003 10.4 28 3.6 4.6000000000000005 49.2 78.2 0.4 1.2000000000000002 0 0 0 0.6000000000000001 0.6000000000000001 0 0.6000000000000001 1.4000000000000001 0.8 0 0.6000000000000001 0 0.8 0.4 0 0 1 15 1 0.8 1.8 0.4 0 0 0 0 0 0.6000000000000001 1 0 0 0 0 1.8 0 0 0 0 0 1.2000000000000002 0 0.6000000000000001 1 0 0 0 0 0 1 0 0.6000000000000001 1 0.6000000000000001 0 0.6000000000000001 0 0 1.2000000000000002 3.4000000000000004 0.2 0 0 0 0 8.8 3.8000000000000003 0 4.6000000000000005 0 0 6.6000000000000005 0 3 3 2.6 0 3.4000000000000004 8.4 0 0 0 0 0 0 0 0 0 0.2 0 0.4 0 0 0 0 0 0 0.4 0 0 1.4000000000000001 0 0 0 0 0 0 0 2 0.4 0 0 0 0 4.6000000000000005 0 0 0 0 0 0 0 0 0 0 0 0 0 0 0 0 0 0 0 0 2 0 0 0 0.8 0 0 0.2 0 0 1.4000000000000001 4.6000000000000005 2 0.4 0 0 6.2 5.4 0 0 3.4000000000000004 0 0.4 3.6 0 0 0 0 0 0 0 0 0 0 0 0 0 0 0 1.8 0 0 0.8 0 0 0 0 0 0 0 0 0.4 0 0 0 0 0 0 0 0 0 0 0 0 0 0 0 0 0 0 0 0 0 0.2 0 0 0 0 0 0 0 0 0 0 0 0 0 0 0 0.6000000000000001 0.4 0.4 0 0.2 0 2.8000000000000003 0 0 0 0 0 0 0 0 0.2 0 0 0 0 0 0 0 0 0 0 0 0 0 0 0 0 0 0 0 0 0 0 0 0 0 0 0 0 0 
 29.6 27.8 17.8 67 29.200000000000003 27 39.800000000000004 26.8 49.800000000000004 30.8 29.6 8 21.200000000000003 0 27 64.60000000000001 32.2 22 38.800000000000004 48.800000000000004 0.8 0.8 0 0 0.6000000000000001 0.2 1.4000000000000001 0 0 1.2000000000000002 0.6000000000000001 0.4 1.2000000000000002 0.2 0.4 0 0.4 0.4 1.2000000000000002 0.6000000000000001 12.8 0.6000000000000001 0.6000000000000001 0.4 0 0.4 1.2000000000000002 0 0.2 0.6000000000000001 0.6000000000000001 0.2 0.2 0 0 0.4 0.4 0 0 0 0 0.6000000000000001 0.2 0 0.6000000000000001 0 0.8 0 0 0 0.6000000000000001 9 0.8 0 0 1.2000000000000002 0.6000000000000001 0 0 0 3.2 3 0 2.6 0 2.4000000000000004 4 4.4 0 1.4000000000000001 0.2 0.2 3.6 3.8000000000000003 3.2 8.200000000000001 0 2.6 3 4.6000000000000005 0 0.4 0 0 0 0 2 0 0 0 0 0 0 0 0 0 0 0 0 0 0 0 0 0.4 0 0 0 0 0 0 0 1.2000000000000002 0 0 0 0 0 0 0 0 0 0 0 0 0 0 0 0 0 0 0.2 0 0 0 0 0 0 0 4 0 4 2.4000000000000004 6.6000000000000005 0 6.2 0 3 0 1.4000000000000001 4.2 2.6 0 0 3.4000000000000004 3.8000000000000003 2.8000000000000003 2 0 0 0 0 0 0 0 0.2 0 0 0 0 0 0 0 0 0 0 0 0 0.2 1.4000000000000001 0 0 0 0 0 0 0.4 0 0 0 0 0 0 0 0 0 0 0 0 0 0 0 0 0 0 0 0 0 0.2 0 0 0 3.8000000000000003 0.2 0 0 0 0 4 0 0 0 0 0 0 0 0 0.2 0 0 0 0 0.6000000000000001 0 0.2 0 0 0 0 0 0 0 0 0 0 0 0 0 0 0 0 0 0 0 0 0 0.2 3.6 2.8000000000000003 0 0 0 0 0 0 0 0 0 0 0 0 
 18.400000000000002 45.2 71.8 24.6 39 9.4 10 29 31 38.6 29.400000000000002 22.6 10.4 27 0 74.8 8.4 51.800000000000004 36.6 54.400000000000006 0 0.6000000000000001 0.4 0 0 0 0.6000000000000001 0.4 0 0.6000000000000001 0 0 0.4 0 0 0.4 0 0 0.6000000000000001 0 0.4 0.6000000000000001 0.6000000000000001 0.4 0 0 0 0 0 0.6000000000000001 1 0 0 0 0 11.600000000000001 0 11.8 0 0 0 0 7.4 0 0.6000000000000001 0 0 0 0 0 0.6000000000000001 0 0.4 0 0 0 0.2 0.4 0 0 6.800000000000001 2.8000000000000003 3.6 9.4 0.2 0 7.2 1.8 3 3 4.2 0 5 0 0 3.6 0.4 0.2 2.4000000000000004 1.6 0 0 0 0 0 0 0 0 0 0 0 0 0 0 0 0 0 0 0 0 0 0 0 0 0 0 0 3.6 0 0 0 0 0 0 0 3 0 0 0 0 0 0 0 0 0 0 0 0.2 0 0 0 0 0 0 0 0 0 0 0 0 0 1.8 5.6000000000000005 0 3.4000000000000004 0 3.2 3 1.8 5.6000000000000005 4.2 3.4000000000000004 5.800000000000001 13.8 6.6000000000000005 4 2.4000000000000004 0 0 1.4000000000000001 0.2 0 0 0 0 0 0 0 0 0 0 0 0 0 0 0 0 0 0 0 0 0 0 0 0 0 0 3 0 0 0 0 0 0 0 0 10.600000000000001 0 0 0 0 0 0 0 0 0 0 0 0 0 0 0 0 0 0.4 0 0 2.8000000000000003 0 0 0 2.6 0 0 0 0.4 0.4 0.4 1 0 0 1 0 0 0 0 0 0 0 0 0 0 1.8 0 0 0 0 0 0 0 0 0 0 0 0 4.800000000000001 0 0 0 0 0 0 0 0 0 0 0 0 0 0 
 6.2 43.6 17 41.400000000000006 18.8 59.800000000000004 13.8 62.400000000000006 23 55 79.80000000000001 9 28 64.60000000000001 74.8 0 101.60000000000001 10 69.60000000000001 78 0.8 1 0.6000000000000001 0.6000000000000001 0.6000000000000001 0.2 0.6000000000000001 0.6000000000000001 0.4 0.6000000000000001 0.6000000000000001 0.6000000000000001 0.4 1 0.2 0 0.4 0.4 0.6000000000000001 0.8 0.4 1 0.6000000000000001 0.8 0 0.6000000000000001 2.4000000000000004 0 0.6000000000000001 2 1.4000000000000001 0.6000000000000001 0 0 1 0.4 0 0 0 0.2 0 1.6 0 1.4000000000000001 1 0.6000000000000001 0 0 0.2 0.4 0.6000000000000001 0.8 0.4 0 0.6000000000000001 0 0.2 0.4 7.800000000000001 1.2000000000000002 0 0 0 4.2 1.8 0 5.2 6 5.800000000000001 1.8 0 0.4 7.2 6 3.8000000000000003 4.800000000000001 3 0 3 1.2000000000000002 0 0 0 0 0 0 1.2000000000000002 0 0 0 0 0 0 0 0 0 0 0 0 0 0 0 0 0 0 0 0 0 0 0 0 0 0 0 0 0 0 0 0 0 0 0 0 0 0 0 0 0 0 0 0 0 0 0 0 0 0 0 0.2 0 3.8000000000000003 0.8 0 0 0 0.8 4.4 4.2 3 0 0 0 3.2 2 2.4000000000000004 0 2 0 3.6 7.2 0 0 0 0 0 0 0.2 0 0 2.8000000000000003 0 0 0 0 0 0 0 0 0 0 0 0 0 0 0 0 0 0 0 0 5.2 0 0 0 0 0 0 0 0 0 0 0 0 0 0 0 0 0.4 0 0 0 4 0 0 0 0 2.2 0 0 0 0 0 0 0 0 0.4 0 0.2 1 0.4 0 5.4 0 0 0 0 0 0 0 0 0 0 0 0 0 0 0.4 0 0 0 0.2 0 0 0 0 0 8 0 0 0 0 0 0 0 0 0 0 0 0 0 
 6.6000000000000005 11.4 14.200000000000001 28.400000000000002 41 72.8 31.8 28.200000000000003 91 111.60000000000001 74.2 71.2 3.6 32.2 8.4 101.60000000000001 0 90.4 50.400000000000006 66.2 0 0.6000000000000001 0 0 0.2 0 13.200000000000001 0 0.2 0.6000000000000001 0 0 0.6000000000000001 0 0 0 0 0 1.8 0 0.4 1.2000000000000002 0.6000000000000001 0.4 0 0 0 0 0 0.6000000000000001 0.8 0 0.2 0 0 0.4 0 0 0 0 9.600000000000001 5.4 0 0 0.6000000000000001 0 0 6.6000000000000005 0 8 0.4 0 0.6000000000000001 0 0 0 0.6000000000000001 0 6.800000000000001 0 0 1 4.4 6.2 3.8000000000000003 2.6 2.6 0.8 3.2 1.2000000000000002 7.800000000000001 7.800000000000001 0 2.2 5.6000000000000005 2.6 3.2 10 0 2 0 4.800000000000001 0 0 0 0 0 0 0 0 0.2 0 4.2 9.200000000000001 0.2 0 0 0 1.2000000000000002 1.2000000000000002 0 0.2 0 0 0 0 0 0 0 0 0 0 0 0 0 0 0 0 0.4 0 0 0 0 0 0 0 0 0 0 0 0 0 0 2 0 0 0 0 0 0 0 0 7.800000000000001 0 4.800000000000001 3.8000000000000003 0 0.2 1.8 7.6000000000000005 3.8000000000000003 8.6 0 5.800000000000001 4.4 0.2 0 3.6 0 7 3.8000000000000003 0 0 0 0 0 3.6 0 0 0 0 0 3.8000000000000003 0 0 0 0 0 4.800000000000001 3.6 0 0 0 0 0 0 0 8.4 1 0 0 0 0.4 0 0 0 0 0 0 0 0 0 0 0 0 0 0 0 0 0 0 0 0 2.6 0 0 0 3.6 0 0 0 0 0 0 0 0.8 0.4 0.2 0.2 0 0 1.6 0 0 0 0 0 0 0 0 0 0 2 0 0 0 0 0 0 0 0 0 0 0 0 0 0.2 2.8000000000000003 0 0 0 0 0 0 0 0 0 0 0 0 
 41.6 25.8 10.4 28.200000000000003 18.2 17.6 31.200000000000003 25.8 44.400000000000006 42.2 64.4 48.800000000000004 4.6000000000000005 22 51.800000000000004 10 90.4 0 5.4 15.4 0 1 0.6000000000000001 0.2 0 0 0.8 23.8 0 0.6000000000000001 0 0 0.8 0 14.4 0 0 0.4 1.6 0.4 0.8 0.6000000000000001 0.6000000000000001 0.4 0 0.4 0.2 0 0 0.6000000000000001 0.8 0 0.2 0 0 0.6000000000000001 0 0 0.2 0 0 0 0 0 1.4000000000000001 0 0 0 0 0 0.6000000000000001 0 0.4 0 0 0 0 0.6000000000000001 0 0 0.2 5.6000000000000005 6 6.800000000000001 7.2 3.6 0 2.2 4 3 2.2 2.4000000000000004 0 2.6 0 2.2 3 6 0 1.4000000000000001 0.4 2.4000000000000004 0 0 0 0 0 2.2 0 0 0.2 0 0 0 0 0 0 0 0 0 0 0 0 0 0 0 0 0 5.6000000000000005 0 0 0 0 0 0.4 0.2 0 0 0.4 0 0 0 0 0 0 0 0 0 0 0 0 0 3.2 0 0 0 0 0 0 0 0 0.2 6.2 3.8000000000000003 0.4 0 0 3.2 3.8000000000000003 4.2 2.8000000000000003 4.6000000000000005 1.8 11.600000000000001 0 2.2 5.2 2.6 0 1.6 1.2000000000000002 0 0 0 0 0 3.2 0 0 0 3.8000000000000003 0 1.6 0 1.6 0 0 0 2 0 0 0 0 0 0 0 0 0 0 0 0 0 0 0 0 0 5.800000000000001 0 0 0 0 0 0 0 0.2 0 0 0 0 0 0 0 0 2.4000000000000004 0 0 0 0 0 0 0 2.4000000000000004 0 0 0 0 18 0 0 17.6 2.2 2.8000000000000003 0 0 0 0 0 0 0 0 0 0 2.2 0 0 0 0 0 3 0 0 0 0 0 0 0 0 0 0 0 0 0 0 0 0 0 0 0 0 0 
 42.800000000000004 125.2 43.6 11.200000000000001 33.800000000000004 11 17.6 59.800000000000004 14.8 16 68.60000000000001 7.800000000000001 49.2 38.800000000000004 36.6 69.60000000000001 50.400000000000006 5.4 0 34.6 0.4 0.6000000000000001 0 0 0 0.4 0.6000000000000001 0.4 40 0.6000000000000001 0 14.8 0.4 0.4 0 0 0 0 0.6000000000000001 0 0.4 0.6000000000000001 0.6000000000000001 0.4 0 0 0 0 0 0.6000000000000001 1 0 0 0 0 0.4 0 0 0 0 0 0 0 0 0.6000000000000001 0.4 0 0 0 0 0.6000000000000001 0 0.4 0 0 0 0.2 0.2 0 0 5.2 0 4.4 0 0 0 3.2 0.2 4 0 2.2 0 8.8 4.800000000000001 0.2 8.6 2.6 0 0 3.8000000000000003 0 4 0 0 0 0.2 0 0 0 0 0 0 0 0 0 0 0 0 0 0.4 0 0 0 0 0 0.2 0 0 0 0 0 6.6000000000000005 0 0 0 1.6 0 0 0 0 0 0 0 0 0 0 0 0 0.4 0 0 0 0 0.4 0 0 0 0 0 0 0.2 3.2 0 0.2 0 0 3.6 0.2 0.2 3.2 4 0.2 3 17.8 3 0 0 2.4000000000000004 2.6 2.6 0 0 0 0 0 0 0 0 0 0 0 0 0 0 0 0 0 0 0 0 0 0 0 0 0 0 0 0 0 0 0 0 0 0 0 0 0 0 0 0 0 0 0 0 0 0 0 0 0 0 0 0 0 0 0 0 0 0.4 0.2 0 0 0.2 0 0 0 0 0.2 0 0.4 0.4 0 2.4000000000000004 0 0 0 0 0 0 0 0 0 0 0.4 0.4 0 0 0 0 0 0 0 0 0 0 0 0 0 0 0 0 0 0 0 0 0 0 0 0 0 0 
 39.800000000000004 50.2 43.6 15 15 15 26.6 11.600000000000001 19.400000000000002 35.6 27.8 6.800000000000001 78.2 48.800000000000004 54.400000000000006 78 66.2 15.4 34.6 0 0 1.6 15 0.2 0.4 0 0.6000000000000001 0.4 0 0.6000000000000001 0 0 0.6000000000000001 0 0 0 0 5.800000000000001 1.2000000000000002 0 1 0.8 0.6000000000000001 0.4 5 0 1.8 0 0 0.6000000000000001 0.8 0 0 0 0 0.6000000000000001 0 0 0 0 0 6.4 0 0 0.6000000000000001 0 0.2 0 0 0 0.4 0 0.6000000000000001 0 0 0 0.6000000000000001 0 0 0 0 0 1.2000000000000002 0 0 0 3.2 3.2 6.4 0 0 0 5.800000000000001 12.8 3.8000000000000003 7.800000000000001 6.2 3.2 2.2 6 0 0 0 0 0 0 0 0 0 0 0 0 0 0 0 0 0 0 0 0 0 0 0 0 0 0 0 0 0 0 0 0 0 0 0 0 0 0 0 0 0 0 0 0 0 0 0 0 0 0 0 0 0 0 0 0 0 0 0 0 2.4000000000000004 2.8000000000000003 2 0 0 2.8000000000000003 4.4 4.2 3 6 2.2 1 3.6 6.6000000000000005 3 1 3.6 1.4000000000000001 3.4000000000000004 0 0 0 0 0 0 0 0 0 0 0 0 0 0 0 0 0 0 0 0 0 0 0 0 0 0 0 0 0 0 0 0 0 0 0 0 0 0 0 0 0 0 0 0 0 0 0 0 0 0 0 0 0 0 0 0.4 0 0 0 0 0 0 0 0 0 0 0.4 0.4 0 9.600000000000001 0.2 1.8 1.4000000000000001 0 0 0 0 0 0 0 0 0 0 0 0 0 0 0 0 0 0 0 1.6 0 0 0 0.2 1.6 0 0 0 0 0 0 0 0 0 0 0 0 0 
 0 0.4 0 14 0 14.200000000000001 0 0 0.2 0 1 32 0.4 0.8 0 0.8 0 0 0.4 0 0 36.6 37.4 10.200000000000001 8.200000000000001 50.2 31 39 42 22 26.8 24 23.400000000000002 27 28.400000000000002 6.4 26.400000000000002 5.2 8 83.2 0.4 0 0 0 0 0.2 0 0.4 0 0 0 0 0.8 0.6000000000000001 0 0 1 0 0 0.2 1 0.6000000000000001 0 0 0 0 0 0.6000000000000001 0.4 0 0 0.6000000000000001 0 8.4 0 0 0.2 0.2 0.6000000000000001 0 0 0 0 0 1.6 2.2 0 0 0 8.8 0 8.4 0 0 0 0 1.8 2.6 0 0 0 0 3.6 2.6 0 5.800000000000001 6.4 4.2 2 0 3.4000000000000004 0.4 0 4.800000000000001 7.2 5.2 1.6 8 0 5.800000000000001 2.2 0 0 0 0 0 0 0 0 0 0 0 0 0 0 0 0 0 0.2 0.4 0 0 0 0 0 0 0 0 0 0 0.2 0 0 0 0 0.4 0 0 0 0 0 0 0 1.4000000000000001 1.2000000000000002 0.2 0 0 0 0 0 2.4000000000000004 0 0 0 0 0 2.4000000000000004 0 0 1.8 6.6000000000000005 8.200000000000001 7.6000000000000005 0 0 1.6 2.2 3.6 3.6 0 4 0.2 0 1.4000000000000001 0.2 0 0.2 2.6 5.800000000000001 0 0 0 0 0 0 0 0.4 0 0 0 0 2.2 0 0 0 0 0 0 0 0 0 0 0.2 0 0 0 0 0 0 0 0 0 0 0 0 0 2.2 0 0 0 0 0 0 0 0 0 0 0 0 0 0 0 0 2 0 0.4 16.6 6.800000000000001 0 2.8000000000000003 0 0 0 0 0 0.4 0 0 0 0 0 0 0 0 1.4000000000000001 0 0 0 3.2 0 0 0 0 0 0 0 0 0 0 
 0.8 0.6000000000000001 9.4 0.6000000000000001 0.6000000000000001 0.6000000000000001 0.6000000000000001 0.6000000000000001 0.6000000000000001 0.6000000000000001 1 0.6000000000000001 1.2000000000000002 0.8 0.6000000000000001 1 0.6000000000000001 1 0.6000000000000001 1.6 36.6 0 21.200000000000003 30 49.400000000000006 22 10.8 72.8 25.400000000000002 78.4 27 15.600000000000001 71.60000000000001 38.800000000000004 103 29.200000000000003 5.4 25.8 25 103.80000000000001 0.6000000000000001 12.8 0 0 0 0 0 0 0 0 0 0 0.8 0.6000000000000001 0 0 0.6000000000000001 0 0 12.200000000000001 0 1.2000000000000002 0 0 0 0 0 0.6000000000000001 0 0 0 0.6000000000000001 0 0 0 1.6 0.4 0 0 0 0 0 0 0 0 0 0 0 0 0 0 0 0 0 0 0 0 0.2 0 0 0 4.800000000000001 0 11.4 0 4.2 0.2 3.2 7.800000000000001 0.2 2.8000000000000003 1.2000000000000002 2.6 2.6 1.6 0 7 2.2 6.4 3.6 1.6 0 0 0 0 0 0 0 0 0 0 0 2.2 0 0 0 0 0 3 2 0 0 0.8 0 0 0 0 1.8 0 0 0 0 0 0 1.8 0 0 0 0 0 0 0 0 0 0 4.4 0 0 0 0 0 0 0.4 0 0 0 0 0 0 0 0 9.200000000000001 7.6000000000000005 2.8000000000000003 4.800000000000001 0 0 5 0 2 0 1.6 5.2 14.600000000000001 2.6 2.4000000000000004 2.4000000000000004 2.2 0 0 0 0 0 0 0 0 0 0 0 0 0 0 1.6 0 0 1.8 0 0 3.6 2 0 0 0 0 0 0 0 0 0 0 0 0 0 0 0 0 0 0 0 0 0 0 0.8 0 0 0 0 0 0 0 0 0 0 0 1 0.4 0 0.2 14.8 0 0.4 0 0 0 0 0 0 0 0 0 0 0 0 0 0 0 0 0 0 0 0 0 0 0 0 0 5.2 0 0 0 
 0.2 0 0 1 0 15.200000000000001 0 0 1.2000000000000002 0 0.6000000000000001 0 0 0 0.4 0.6000000000000001 0 0.6000000000000001 0 15 37.4 21.200000000000003 0 59.2 23 21.8 26 31.200000000000003 31.400000000000002 25.400000000000002 19.400000000000002 5.6000000000000005 42.800000000000004 35 22 44.400000000000006 69.8 33.6 8.4 20.200000000000003 0.4 0 0 0 0 0 0 0 0 0 0.2 0 1 0 0 0 0 0.2 12.600000000000001 0 2.6 0 0.2 0.4 0 0 0 0.2 0 0 0 0 0 0.6000000000000001 0 0 0 0 0 0 0 0 0 0 0 0 0 0 0 0 0 0 0 0 0 0 0 0 0 0 0.2 2.4000000000000004 5 0 3.4000000000000004 2.4000000000000004 2.6 0 2.8000000000000003 5 1.6 1.6 2.4000000000000004 8.4 3.4000000000000004 2.2 3.6 0 2.6 1.8 3.6 0 0 0 0 0 0 0 0 0 0 0 8.200000000000001 0 4.6000000000000005 0 0 0 1.6 0 0 0 0 0.8 0 0 0 0 0 0 0 0 0 0 0.4 0 0 0 0 0 1.2000000000000002 0 0.2 0 0 0 0 0 0 0 0 0 2 0 0 0 0 0 0 0 0 0.8 0 2.4000000000000004 2 0 0 2 2.6 3.6 1.8 4.2 5.800000000000001 0 1 4.800000000000001 3.2 2.2 4 1.8 2 0 0 0 0 0 0.4 2.8000000000000003 0 0 0 0 7 0 2.6 0 0 0 1.8 2.4000000000000004 0 0 0 0 0 0 0 0 0 0 0 0 0 0 0 1.8 0 0 0 0 0 0 0.2 0 0 0 0 0 0 0 0 0 0 0 3.8000000000000003 0 0 0.2 15.600000000000001 0.4 0.4 0 0 0 0 0 3.4000000000000004 0 0 0 0 0 0 0 0 0 0 0 0 0 0 3.4000000000000004 0 0 0 0 0 0 0 0 
 0 0 0 0 0 0 0.8 0 0 0 0 0 0 0 0 0.6000000000000001 0 0.2 0 0.2 10.200000000000001 30 59.2 0 69.4 69 10.8 30.6 41.800000000000004 32 37.6 23.8 13.600000000000001 15.8 13.600000000000001 40 43 28.400000000000002 30.8 11 15 0 0 0 0 0.2 12.8 0.4 0.2 0 0 0 1 1.2000000000000002 0 0 0.6000000000000001 0 10.8 4 0 0.6000000000000001 0 0 0 0 0 0.8 0 0 0 0.6000000000000001 0 0 0 9.8 0.6000000000000001 0 0 0 0 0 0 0 0 0 0 0 0 0 0 0 0 0 0 0 0 0 0 0 0 3 2 0 3.4000000000000004 1.6 0 0.2 0 5 7 7.6000000000000005 0 0 0 0 2.6 0 0 0 15.600000000000001 3.4000000000000004 0 0 0 0 3.8000000000000003 6.2 0 0 0 0 5.800000000000001 2 2.2 0 0 0 2.8000000000000003 14.600000000000001 0 0 0 2.4000000000000004 0 0 0 0 0 0 0.4 0 0 0 0 0 0 0 0 0 0.4 0 0.2 0 0 0 0 0 0 0 0 0 0.6000000000000001 0 0 0 0 0 0 0 0 0.2 1.4000000000000001 3.4000000000000004 0.8 5.6000000000000005 0 0 0 5.6000000000000005 4.4 14.8 0.2 0 0 1.2000000000000002 8.4 7.4 0.6000000000000001 0 1.2000000000000002 0 0 0 0 0 1.8 3.8000000000000003 0.4 0 0 0 4.6000000000000005 3.4000000000000004 6.4 3 0 0 2.8000000000000003 3 0 0 0 0.4 0 0 0 0 0 0 0 0.2 0 0 0 0 0 0 0 0 0 0 0 0 0 0 0 0 0 0 0 0 0 0 2.4000000000000004 0.4 0 0 0 0.4 1.2000000000000002 0 0 0 0 0 0 0 0 0 0 0 0 0 0 0 0 0 0 0 0 1.6 0 0 0 0 2.4000000000000004 0 0 0 
 0 0 0 0.6000000000000001 0 0 0 0 0 0.2 0 0 0 0.6000000000000001 0 0.6000000000000001 0.2 0 0 0.4 8.200000000000001 49.400000000000006 23 69.4 0 16.6 9 70.8 43.400000000000006 15.4 99.2 37.2 14.600000000000001 18.400000000000002 56.2 13 40.2 27.400000000000002 14.8 56.400000000000006 0.8 0 0.2 0 0 0 0.2 0 0 0 0 0 12.8 0.6000000000000001 13.8 12.4 4.4 0 0.8 12.200000000000001 0 0.6000000000000001 0 0 0 0 0 0.6000000000000001 0 0 0 0.6000000000000001 0 0 0 0.8 0.4 0 2.2 0 0 0 0 0 0 0 0 0 0 0.2 0 0 0 0 0 0 0 0 0 0 2 2.2 0 2.6 4.4 2.2 0 0 0 1.4000000000000001 6 2.4000000000000004 0 0 0 1.6 0.2 2.6 0 0 4.2 5 0 1.6 0 0 1.8 0 2.4000000000000004 2.4000000000000004 3 0 6.800000000000001 5.6000000000000005 3.6 4 3.2 1.8 2 2.6 0 0 0 0.2 0 0 0 0 0 0 0 0 0 0 0 0 0 0 0 0 0 0 0.4 0 0 0 2.2 0 0 0 0 0 0 0 0.4 0 0 0 0 0 0 0.2 0.2 3.6 4.6000000000000005 4 0 0 0 0.8 5.2 0.2 0 0 0.2 0 4.4 3.6 0 0 5.800000000000001 0 3.4000000000000004 2.2 0 0.4 3.8000000000000003 6.800000000000001 3.4000000000000004 4 0 0 2.4000000000000004 4.800000000000001 2.4000000000000004 0 0.2 2.2 7 11.200000000000001 0.2 0 0 0 0 0.4 0 0 0 0 0 0 0 0 0 0 0 0 0 0 0 0 2 0 0 0 0 0 0 0 0 0 0 0 1.8 0.4 0 0.4 0 0.4 0 1.2000000000000002 0 0 0 0 0 0 0 0 0 0 0 0 0 0 0 0 0 0 0 0.2 0 0 0.2 0 0 0 0 0 
 0 0 0 0.6000000000000001 0 0 0 0 0.8 0 0 0.2 0.6000000000000001 0.2 0 0.2 0 0 0.4 0 50.2 22 21.8 69 16.6 0 22.8 22.400000000000002 9.4 23.6 40 24.400000000000002 8.200000000000001 64 13.4 28.200000000000003 16.2 38.2 53.800000000000004 17 17 0 0 0 3 0 0.8 5.800000000000001 0.2 4.800000000000001 1.2000000000000002 0 0.8 11.4 11 0 0.6000000000000001 0 0 25.8 0 0.6000000000000001 0 0 0 0 0 1 0 0 0 0.6000000000000001 0 0 0 0 0.2 0 0 0 0 0 0 0 0 0 0 0 0 0 0 0 0 0 0 0 0 0 0 0 0 10.200000000000001 0 0 6.4 5.4 0 0 1.6 1.6 0 2.4000000000000004 0 0 0 0 1.8 0 0 0 0 10.4 3 0 0 0 4.6000000000000005 6.4 0 0.2 0 1.8 0 0.2 0 7.2 3.8000000000000003 3.4000000000000004 5 5 0 0 0.6000000000000001 0.2 0 0 0 0 0 0 0 0 0 0 0 0 0 0 0 0 0 0 0.2 0 0 0 0 0 0 0 2.8000000000000003 0 2.4000000000000004 0 0 0 0 0 0 0 0 2.8000000000000003 0.6000000000000001 0.4 0 8.6 0 0 0 0 0 9 0 0 1.8 0 0 5.2 0 0 0 1.6 1.6 2.4000000000000004 0 2.2 7.2 2 6 7.6000000000000005 0 0.8 5.6000000000000005 7 4.2 0.8 0 6 2.2 2.2 0 0 0 0 0 0 0 0 0 0 0 0 0 0 0 0 0 0 0 0 0 0 0 0 0 0 0 0 0 0 0 0 0 0 1 0.2 0.2 16.400000000000002 1 0 1 0 0 0 0 0 0 0 0 0 3.6 0 0 0 0 0 0 0 0 0 0 0 0 0 4.6000000000000005 0 0 0 0 0 
 0.6000000000000001 0.6000000000000001 0.6000000000000001 15.4 22.400000000000002 44.6 0.6000000000000001 0.6000000000000001 0.6000000000000001 1.4000000000000001 16 46 0.6000000000000001 1.4000000000000001 0.6000000000000001 0.6000000000000001 13.200000000000001 0.8 0.6000000000000001 0.6000000000000001 31 10.8 26 10.8 9 22.8 0 16.400000000000002 16 17.8 23.200000000000003 5.6000000000000005 83 24.400000000000002 41 9 6.4 9.600000000000001 113.60000000000001 22.6 0.4 0 0 0 0 0.2 0 0 0 0 0.2 0 0.8 0.6000000000000001 0 0 0.6000000000000001 0 0 2.8000000000000003 0.4 0.6000000000000001 0 0 0 0 0 0.6000000000000001 0 0 0 0.6000000000000001 0 0 0 0 0.6000000000000001 6 0 0 0 0 2.4000000000000004 3.6 1.4000000000000001 13.600000000000001 0 0 0 4.6000000000000005 1.8 9.8 0 0 0 0 3.8000000000000003 4.2 0 0 1.6 4.4 0.2 0 0 0 5.6000000000000005 8 2.2 0 2.2 0 3.6 9.600000000000001 2.4000000000000004 7.2 3.8000000000000003 0 0.2 1.8 0 0 0 0 0 0 0 0 0 0 0 0 0 0 0 0 0 0 0 0 0 0 0 0 0 0 0 2.6 0 0 0 0 0 2 0 0 0 0 0 0 0 0 0 5.6000000000000005 7 2.8000000000000003 0 0 0 8 0 5.6000000000000005 0 0 0 0 0 7.2 0 0 8 0.2 2.2 0 0 0 1.4000000000000001 1 2.2 3.6 1.4000000000000001 0 5.2 2 0 0.4 0 0 13.4 3.6 0 0 0 0 0 0 0 0 2.6 0 0 0.4 0 0 0 0 0 0 0.2 0 0 0 0 0 0 0 0 0 0 0.4 0 0 0.4 2.4000000000000004 0 0 0 0 0 0 0 0 0 0 0 0 0 0 0 0 0 0 0.2 0 4 0 0 0 0 0 0.6000000000000001 0.8 0 0 0 0 2.2 0 0 0 0 0 0 0 0 1.4000000000000001 0 0 0 0 0 0 0 0 0 0 0 2.4000000000000004 0 0 
 14.8 0 0 0 0 0 0 0 0 0 0.2 0 0 0 0.4 0.6000000000000001 0 23.8 0.4 0.4 39 72.8 31.200000000000003 30.6 70.8 22.400000000000002 16.400000000000002 0 19.400000000000002 17.8 62.800000000000004 18.2 23.8 47 28 25.200000000000003 64.4 7.800000000000001 18.2 25.8 0.4 0 0 0 1.4000000000000001 0.4 0 3.4000000000000004 5.4 0.4 0.4 0 41.6 0.6000000000000001 0 0 0.6000000000000001 0.4 0 0 0 0.6000000000000001 0 0 0 0 0 0.6000000000000001 10.200000000000001 0 0 0.6000000000000001 0 0 0 0 0.4 0 0 0 0 0 0 4.6000000000000005 1.6 0 0 0 0 0 0 0 0 0 0 0 0 0 0 0 0.6000000000000001 4.6000000000000005 0 0 1.8 3 2 1.6 4.2 9.4 0 0 2.4000000000000004 3.2 0 10.600000000000001 9.200000000000001 2.2 1.6 0.2 8.200000000000001 0 0 0 0 0 0 0 0 0 0 0 2 0 0 0.4 0 0 0 0 0 0 0 0.4 0 0 0 0 0 0 0 0 0 0 0 0 0 0 0 0 0.4 0 0 0 0 0 0 0 0 0 0.2 0 1.2000000000000002 0 0 0 0 0 0 0 0 4.2 6 12.600000000000001 0 0 0 0 0 8.8 0 2.2 0 0 4.6000000000000005 15.200000000000001 2.4000000000000004 3 0 0 0 0 3.6 0 0 0 0 4 0 0 0.4 0 11 0 0.6000000000000001 0 0 0 0.2 2.6 0 0 0 0 0 0 0 0 0 0 0 0 0 0 0 0 0 0 0 0 0 0 0 0 0 0 0 0 0 3 0 0 3.4000000000000004 0 1.2000000000000002 0 0 18.2 31.8 0 0.2 0 0 0 0 0 0 0 0 0 0 0 0 0 0 0 0 0 0 1.8 0 8.200000000000001 0 0 0 2.6 0 0 0 0 
 0 0 0 0 0.4 15 1.4000000000000001 0 0.4 0 0.4 0 0.6000000000000001 0 0 0.4 0.2 0 40 0 42 25.400000000000002 31.400000000000002 41.800000000000004 43.400000000000006 9.4 16 19.400000000000002 0 75.2 26.200000000000003 27.200000000000003 41 15.200000000000001 13.4 18.6 39.6 12.4 26.400000000000002 47 0.4 0 0.6000000000000001 0 0 0.2 0 0 0 0 0 0 1 0.6000000000000001 0 0.4 0.6000000000000001 0.4 19.200000000000003 0 1.4000000000000001 1.2000000000000002 0 0 0 0 0 3 0 0 0 1.4000000000000001 0 1.2000000000000002 0 0 0.4 0.6000000000000001 0 0.6000000000000001 0 0 0 0 0 0 0 0 0 0 0 0 0 0 0 0 0 2.2 0 0 1.6 4.4 11 7.4 0 3.6 0.2 2.4000000000000004 2.2 1.8 2.6 6 0.2 0 9 3.8000000000000003 0.2 9.4 1.2000000000000002 1.8 3.6 2.8000000000000003 0 0 0 0 0 0.2 0 0 0 0 0 0 0 0 0 0 6.800000000000001 0 0 0 0.6000000000000001 0 0 0 0 1.4000000000000001 0 0 0 0 0 0 0.8 0 0 0 0 0 0 0 0 0.4 0 0.2 0 0 0 0 0 0 0 0 0 0 0 0 0 0 0 6.4 4.6000000000000005 0 2 0 0 0.6000000000000001 8.8 2.2 4.2 8 2.2 6 0 0.2 6.4 3.2 4 4.800000000000001 0 0 0.2 0 0 0.4 0.2 2 0.2 0 0 0 2 0 3 0 0 0 1.8 0 0 0 0 0 0 0.4 0 0 0 0 0.2 0 0 0 0 0 0 0 0 0 0 0 2.4000000000000004 0 0 0 0 0 0 0 0 0 0 0 3.6 0.8 0.4 2.8000000000000003 0.4 0 2.8000000000000003 2.2 0 0 0 0 0 0 0 0 0 0 0 0 0 0 0 0 0 0 0 0 0 0 0 0 0 0 0 0 
 0.6000000000000001 0.6000000000000001 0.6000000000000001 0.6000000000000001 0.6000000000000001 6.4 0.6000000000000001 0.6000000000000001 0.6000000000000001 0.6000000000000001 0.6000000000000001 0.6000000000000001 1.4000000000000001 1.2000000000000002 0.6000000000000001 0.6000000000000001 0.6000000000000001 0.6000000000000001 0.6000000000000001 0.6000000000000001 22 78.4 25.400000000000002 32 15.4 23.6 17.8 17.8 75.2 0 34.2 21.400000000000002 16 36.4 32.800000000000004 54.400000000000006 22.400000000000002 23.400000000000002 45.6 35 0.4 0 0.6000000000000001 0 0.6000000000000001 0.4 0 2 0.6000000000000001 0 0.2 0 0.8 0.6000000000000001 0 0.6000000000000001 1 0 12.4 0 0 1.2000000000000002 0 0 0.6000000000000001 0 0 0.8 0 0 0 0.8 0 0 0 0 0.2 0 0 0.4 0 0 0 0 0 3.8000000000000003 0 0 0 0 0 0 0 0 0 0.2 0 0 0 0 3.8000000000000003 1.8 2.4000000000000004 0 0.8 5.2 3.8000000000000003 1.8 4.2 13.8 3.2 1.8 2 3.8000000000000003 2.6 0.2 5.6000000000000005 0.2 3.6 0 2.8000000000000003 0 0 0 0.4 0 0.2 0 0 0 0 0 2.2 0 0.4 0 0 4 2.2 0 0 0 0 0 0 0 0 0.6000000000000001 0 0 0 0 0 0 1.2000000000000002 0 0 0.4 0 0 0 0 0 0 0 0 0 0 0 0 0 0 1 0.4 0 0 0.4 0 0 0 1.8 3.4000000000000004 4 8.200000000000001 4.800000000000001 0 3.6 0 6.6000000000000005 0.4 11.4 3.4000000000000004 3.4000000000000004 0.2 2.4000000000000004 1.8 0.2 11 4 0.2 4.6000000000000005 0 0 0 0 0 0 0 0 0 0 0 1.8 0.2 1.6 0 0 0 0.2 0.2 0 0 0 0 0 0 0 0 0 0 0 0 0 0 0 0 0 0 0 0 0 0 0 0 0 0 0 0 0.2 0 0 0 0 0 1.8 0 0.6000000000000001 0.2 30.8 0 0.8 4.2 0 0 0 0 2 0 0 0 0 0 0 0 0 0 0 0 0 0 0 1.8 0 0 0.2 0 0 0 0 0 
 0 0 0 0.4 0.6000000000000001 16.400000000000002 0 0 0 0.6000000000000001 0 0 0.8 0.6000000000000001 0 0.6000000000000001 0 0 0 0 26.8 27 19.400000000000002 37.6 99.2 40 23.200000000000003 62.800000000000004 26.200000000000003 34.2 0 25.8 24 50 14 39.2 44.400000000000006 26 7.800000000000001 57 0.4 0.6000000000000001 0 0 0 0.8 0 12.4 0 0 0.2 0 1 1.2000000000000002 0 0 7.6000000000000005 0.8 0 0 1 0.6000000000000001 0.6000000000000001 0.4 0 0 0 0.6000000000000001 0 0 0.6000000000000001 0.6000000000000001 0 0 0 0 0.2 0 0 0 0 0 0 0 4 0 0.4 0 0 0 0 0 0 0.4 0 0 0 0 0 0 0.2 4.4 0 2.4000000000000004 1.4000000000000001 6.2 2.4000000000000004 0 1.6 0.8 2.4000000000000004 0 0 1.6 2.8000000000000003 0.4 4 4.6000000000000005 0 2 2.2 2.4000000000000004 0 0 0 0 2.2 0.6000000000000001 0 0 0 0 7 2.4000000000000004 4.2 4.2 2.6 0 1.6 0 0 0 0 0 0 0 0 0.2 0 0 0 0 0 0 0 0 0 0 0 0 1.2000000000000002 0 0.4 0 0 2.4000000000000004 0 0 0 0 0 0 2 0 0 0 0 0 0 0 0.4 0.2 4.6000000000000005 2.8000000000000003 2.4000000000000004 2.8000000000000003 0 0 2.6 1.8 0 5.4 2.4000000000000004 0.4 2 0 0 0.8 1.4000000000000001 2 0 0 0 1.4000000000000001 0 0 2.4000000000000004 0 2.8000000000000003 0 0 0 5.800000000000001 0 0 0 0 2.2 5.4 3 0 0 2 0 1.8 0 0 0 0 0 0 0 0 0 0 0 0 0 0 4 0 0 2.4000000000000004 0 0 0 0 0 0 0 0 0 0 0 2.2 0 0 15.600000000000001 0 0 0 1.4000000000000001 0 0 0 0 2.6 0 0 0 6.4 0 0 0 0 0 0 0 0 1.6 0 0 0 0 9.4 0 0 0 0 0 
