 0 41.800000000000004 81.60000000000001 78 33.800000000000004 53.800000000000004 76.2 53.2 8.4 5 21.400000000000002 51.2 140.4 15.4 73.2 27.6 26.400000000000002 37.2 22.8 56.6 0 1.6 0.6000000000000001 1 0 0 0.8 0 0.4 40.800000000000004 0 0 7.800000000000001 0 0.6000000000000001 0 0 0.2 0.6000000000000001 0 0.8 0 0 0.4 0 0.8 12.600000000000001 1 0 0 0 0.6000000000000001 0 0 0 0 0 0.4 0.4 0 0.2 0.4 0.4 0 0 0.6000000000000001 0.8 1.6 0 0.8 0 0 0.4 0 0 0.6000000000000001 0 0 0.4 0.6000000000000001 2.6 3.2 0.2 7 2.8000000000000003 9.600000000000001 2.2 11.600000000000001 8 0 0 0 0 0 0 20.400000000000002 3 0 2.8000000000000003 7.800000000000001 0 0 0 0 0 0 0 0 0 0 0 0 0 0.4 0 0 0 0 5 0 0 1 0 1.4000000000000001 0 0.2 0 0 0 0 0 0 0 0 0 0 0 0 0 0 0.2 0 0 0 3.8000000000000003 0 0 0 0 0 0.2 0 0 0 0 0 0 0 0 0 2 2.8000000000000003 0 3.6 0 0 1.6 0 5 1.6 0 13 0 1.8 0.2 5.2 13.4 2.2 3.2 5.6000000000000005 0 0 0 0 0 0 0 0 0 0.4 0 0 4 0 2.8000000000000003 0 0 0 0 2.4000000000000004 0 0 0 0 0 0 0 0 0 0 0 0 0 0 0 0 0 0 0 0 0 0 0 0 0 0 0 0 0 0 0 0 0 0 0 0.4 0 0 0 0 0 0 0 0 0 0.4 19 0 0.2 3.2 0.4 1.4000000000000001 0 0 0 0 0 0 0 0 0 0 2.8000000000000003 0 0 0 0 0 0 0 0 0 0 0.2 0 0 0 0 0 0 0 0 0 0 0 0 0 0 0 0 
 41.800000000000004 0 48.6 23 67.4 22.6 57 49.2 44.2 13.8 51.400000000000006 85.4 13 105 30.400000000000002 10 22.200000000000003 26.200000000000003 30.6 19 0 0.4 0 0.6000000000000001 0 0.2 15.4 0.4 0.4 0 0 0 0.4 0 0.6000000000000001 0 0 0 12 12.600000000000001 0.4 0 0 0.4 0 0 0.4 0.6000000000000001 0 0 0 0 0 0 0 0 0 0 0.4 0 0 0.4 0 0 0 0.6000000000000001 0 0 0 0.6000000000000001 0 0 0 0 0 0.4 0 0 0.4 0 0 3.4000000000000004 3.6 0 3.8000000000000003 7.2 0 2.2 6 3.2 0 4.6000000000000005 0 0 7.6000000000000005 0 0 10.200000000000001 0 0 4.2 0 0 0 0 0 3.4000000000000004 0 0 0.2 0 0 3 0 1.6 0 0 0 9.4 3 0 0 0 0 0 0 0 0 0 0 0 0 0 0 0 0 0 0 0 0 1 0 0.4 0 0 0 0 0 0 0.4 0 0 0 0 0 0 0 0 0 0 0.2 0.2 3.2 3.8000000000000003 5 6.4 1.4000000000000001 1.6 0 0.2 8.8 7.6000000000000005 1.8 2.4000000000000004 2 4 6 2.8000000000000003 0 3.2 3.2 0 0 0 0 0 0 4.4 1.8 0.2 0 0 3.6 0 0 0 0 0 0.2 0.2 0 0 0 0 2.4000000000000004 0 0 0 0 0 2.2 5.6000000000000005 0 0 0 0 0 0.2 0 0 0 0 0 0 0 0 0 0 0 0 0 0 0.2 0 0 0 0 0 0 0 0 9.200000000000001 0 0 0 0 0.2 0 0 29.400000000000002 0 2 0 0 0 0 0 0 0 0 0 0 0 0 0 0 0 0 0 0 0 0 0 0 0 0 0 0 0 0 0 0 0 0 0 0 0 0 0 0 
 81.60000000000001 48.6 0 58.800000000000004 25.200000000000003 52 19.8 15.600000000000001 29.6 15.4 6.2 5.6000000000000005 56 12.200000000000001 52.2 44.2 16.2 24.6 7.6000000000000005 4.4 0 0.4 0.2 0.6000000000000001 0.4 0 4 0 0 0 0 0 0.6000000000000001 0 0.6000000000000001 0 0 0 14.600000000000001 15.200000000000001 0 0 0.6000000000000001 0.4 0 0 0.4 0.6000000000000001 0 1.4000000000000001 0 0 0 0 0 0 0 0 0.2 0 0 0.4 0 0 0 0.6000000000000001 0 0 0 14.8 0 0 0 0 0 0.4 0 0 0.4 0 5.6000000000000005 1.8 0 3 7.6000000000000005 0 2.6 0 4.2 5.6000000000000005 5.2 2.6 0 0 0 0 3.2 2.4000000000000004 0 0 2.8000000000000003 0 0 0 0 0 2.4000000000000004 0 0 0 0 0 3 0 0 4.2 0 0 3 0 0 0 0 0 0 0 0 0 0.4 0 0 0 0 0 0 0 0 0 0 0 0.2 0 0 0 0 0 0.4 0 0 0 0 0 0.4 1.2000000000000002 0 0 0 0 0.4 0.4 1.4000000000000001 0 1.2000000000000002 9.600000000000001 2.4000000000000004 9.200000000000001 4.800000000000001 2.4000000000000004 0 1.4000000000000001 0 5.800000000000001 2.8000000000000003 3 6 0 4.2 3.4000000000000004 0 5.4 2.4000000000000004 0 0 0 0 0 0 20.6 2.4000000000000004 0 0.2 0 2 0 0.2 0 0 0 0 0 0 0 0 0 0 0 0 0 0 0 0 0 0 0 0 5.4 1.6 0 0 0 0 0 0 0 0 0 0 0 0 0 0 0 0 0 0 0 0 0 0 0 0 2.8000000000000003 0 0 0 0.4 0 0 0.4 17.400000000000002 0.2 2.6 0 0 0 0 0 0 0 0 0 0 0 0 0 0 0 0 0 0 0 0 0 0 0 0 4 0 0 0 0 0 0 0 0 0 0 0 0 0 
 78 23 58.800000000000004 0 20.8 7.6000000000000005 50.400000000000006 49.2 32.800000000000004 37.800000000000004 9.600000000000001 65 13 36.800000000000004 17.8 27.6 44.2 23 64.2 30.8 0.2 0.2 0 0.6000000000000001 0.4 0 15 14.8 0 0.4 0 0 0.4 14.8 0.4 0 0 0 8.8 0.2 0 0.2 0 0.8 0 0 0.4 0.6000000000000001 0 0 0 0 0 0 0 0 0 0 0.2 0 0 0.4 0 0 0 0.6000000000000001 0 0 0 0.6000000000000001 0 0 0 13.4 0 0.4 0 8 0.4 0 3.6 1.8 0 6.6000000000000005 3.8000000000000003 11.4 2.2 1.8 5.2 0 0.2 0 0 0 0 0.6000000000000001 5.4 0 0 0 2.8000000000000003 0 2.8000000000000003 0 0 0 0 0 0 0 0 0 4.2 0 0 3.8000000000000003 0 0 4.800000000000001 1.8 0 0 0 0 1.2000000000000002 0 0 0 0 0.2 0 0 0 0 0 0 0 0 0 0 0 0 0 0 0 0 0 0 0 0 0 0 0.2 0 0 0 0 0 0 0 0 12.8 0.2 7.800000000000001 2.4000000000000004 0 0 0 2.4000000000000004 0.2 2.8000000000000003 3.4000000000000004 0 0 0.2 5.4 2 3.4000000000000004 0 5.6000000000000005 0 0 2.2 0 0 0.2 0 0 0 0 3.4000000000000004 0 2.8000000000000003 0 0 0.4 0 0.4 0 0 0 0 0 0 0 0 0 0.2 0 0 0 0 0 0 0 0 0 0 0 0 0 0 0 0 0 0 0.2 0 0 0 0 0 0 0 0 0 0 0 2.4000000000000004 0 0 0 2.2 0 0 0.2 0.6000000000000001 0 0.4 2.6 0 2.6 0 0 0 0 0 0 0 0 0 0 0 0 0 0 0 0 0 0 0 0 0 0 0 0 0 0 0 0 0 0 0 0 0 0 0 0 0 0 
 33.800000000000004 67.4 25.200000000000003 20.8 0 22 70 78 48.2 39.800000000000004 57.6 29.6 14.4 37.6 59.6 47.2 45.800000000000004 25 18 18.400000000000002 0 0.4 0 0.6000000000000001 0 0 0.8 15 0.6000000000000001 0 0 0 12 0 0.4 0 0 0 0.2 0.2 0 0 1.4000000000000001 0.4 0 0.6000000000000001 0.4 0.6000000000000001 0 0 0 0 0.2 0 0 0 0 0.4 0 0 0 3.2 0.4 0 0 0.4 0.6000000000000001 0 0 0.6000000000000001 0 1.2000000000000002 0 0 0 0.4 0 0 0.6000000000000001 0 0.2 7.6000000000000005 4 0 0 6.2 0 3 3.6 2.2 2.4000000000000004 3.8000000000000003 0.2 0 1.2000000000000002 3.8000000000000003 3.8000000000000003 3.2 0 0 4.6000000000000005 0 3.2 0 0 0 3.6 0 0 0 0.2 0 0.4 0 2.2 0 0.2 0 2 3.4000000000000004 0 0 0 0 0 0 0 0 0 0 0 0 0 0 0 0.2 0 0 0.2 0 0 0 0 0 0 0 0 0 0 0 0 0 0 0 0 0 0 0 0 0 1.6 12.600000000000001 0 3.8000000000000003 3 4 7.2 0.8 0 2.2 12 6.4 2.8000000000000003 0 0.2 4.2 3.2 0.4 0 0.2 0 0 0 0 0 0 3.6 0 0 1 0.2 0 5.2 0 0 0 0.2 0 0 0 0 0 0 0 0 0 0 0 0 0 0 0 0.4 2 0 0 0 0.4 0 0 0 0 0 0 0 0 0 0 0 0 0.4 0 0 0 0 0 0 0 0 0 0 0 0 0 0.2 0 17.6 0.4 18 14.200000000000001 2.6 3.6 0 0.6000000000000001 0 0 0 0 0 0 0 0 0 0 0 0 0.2 0 0 0 0 0 0 0 0 2 0 1.8 0 0 0 4.2 0 0 0 0 0 0 0 0 
 53.800000000000004 22.6 52 7.6000000000000005 22 0 51 27.6 30.200000000000003 24.8 18.400000000000002 35 9.200000000000001 55 12.4 78.4 93 10 53.400000000000006 31 4.800000000000001 0.2 15 0.6000000000000001 0.4 0 5.4 14.600000000000001 0.2 0 0 0 4.6000000000000005 6.4 0.4 0 4.6000000000000005 12.600000000000001 15 12.200000000000001 0 0 0.2 0.4 0 0 0.4 0.6000000000000001 0 0 0 0 0 0 0.2 0 0 0 0 0 0 0.4 0 0 0 0.6000000000000001 0 0 0 0.6000000000000001 0 0 0 0 0 0.4 0 0 0.4 0 0.2 0.2 2.4000000000000004 3.8000000000000003 1.6 3.6 0 0 2.4000000000000004 1.6 0 0 0 0 1.2000000000000002 2 0 3 0 0 8.6 1.4000000000000001 0 0 0 0 8.200000000000001 1.4000000000000001 0 0.4 0 0 6 4 6.6000000000000005 0 2.8000000000000003 0 6.6000000000000005 3.6 0 0 0 3 0 0 0 0 0 0 0 0 0 0 0 0 0 0 0 0 0 0 0.2 0 0 0 0 0 0 0.2 0 0 0 0 0 0 0 0 0 0 0 2.4000000000000004 0 0 3.4000000000000004 1.6 0 0 0 2 3 3 0 0.2 0 3.8000000000000003 0 6.4 0 0 3.2 0 2.8000000000000003 4 0 1.8 2.8000000000000003 1.8 4.6000000000000005 1.6 6.4 10.8 4.800000000000001 9.8 6.800000000000001 0 4 0.4 0.6000000000000001 7.2 0 0 0 0 0 0 0 0 0 0 0 0 0 0 0 0 0 0 0 0 0 0 0 0 0 0 0 0 0 0 0 0 0.4 0 0 0 0 0 0 0 0 0 0 0 0 1 0.6000000000000001 0 0 0.2 0 1.2000000000000002 2 0 0 0 0 0 15 0 4.4 0 0 0 0 0 0 0 0 0 0 0 0 0 0 0 0 0 0 0.2 0 2.8000000000000003 0 0 0 0 0 0 0 0 
 76.2 57 19.8 50.400000000000006 70 51 0 40.800000000000004 51.400000000000006 8.4 5.4 69.4 44 62 7.4 27 49.800000000000004 23.6 93.80000000000001 10.8 0 0.6000000000000001 0.6000000000000001 0.6000000000000001 0 0 0.6000000000000001 0 0.6000000000000001 0 0 0 0.4 0.4 0.6000000000000001 0 0 0 0 0 0 0 0 0.4 0 0.4 0.4 1 0 0 0 0.6000000000000001 0 0.4 0.8 0 0 0 0 0 0 0.4 0.4 0 0 0.6000000000000001 0.6000000000000001 0 0 0.6000000000000001 0 0 0.2 0 0 0.4 0 10 0.4 0.4 3.8000000000000003 4 4.6000000000000005 3.4000000000000004 3.6 1.6 5.4 4 2.8000000000000003 2.6 5 2.2 0.2 0 3.2 7.4 2 1.8 2.4000000000000004 3.6 0 0 0.4 0 0 0.2 0 0 0 0 0.2 0.4 0.6000000000000001 0 0 0 0 0 3 0 0 0 0 0 0 0 0 0 0 0 0 0 0 0 0 0.4 0 0 0.2 0 0 0 0 1.6 0.2 0 0 0 0 0 0 0.2 0 0 0 0 0 0 0 0 4.800000000000001 0 5 3.8000000000000003 3.2 0.2 0.4 3.2 2.4000000000000004 1.4000000000000001 0.6000000000000001 0.2 1.6 2.8000000000000003 5.4 3.2 3.8000000000000003 4 9.8 1.8 0 0 0 0 0 0 0 0 0 0 0 0 2 0 0 0 0.2 0 0 0 0 0 0 0 0 0 0 0 0 0 0 0 0.4 0 0 0 0 0 0 0.2 0 0 0 0 0 0 0 0 0 0 0.4 0.2 0 0 0 0 0 0 0 0 0 0 0 0 0.4 0.4 0.4 0 0.2 17.400000000000002 2.2 2 0 0 0 0 0 0 0.4 0 0 0 0 0 0 0 0.2 0.4 0 0 0 0 0 0 0 0 0 0 0 0 0 0 0 0 0 0 0 0 0 0 
 53.2 49.2 15.600000000000001 49.2 78 27.6 40.800000000000004 0 56 38.400000000000006 28.400000000000002 13 41.400000000000006 17 58.400000000000006 12.200000000000001 13.8 27.200000000000003 34.6 12.8 0.2 0.4 0 0.6000000000000001 0 0 0.6000000000000001 0.2 0.6000000000000001 0.2 0 0.4 0.4 0 0.8 0 0 0 0 0.2 0 0 0 0.4 0 0 0.4 0.6000000000000001 0 0 0 0 0 0 0 0 0 0 0.2 0 0 0.4 0 0 0 0.6000000000000001 0.4 0 0 0.6000000000000001 0 0 0 0 0 0.8 0 0 0.4 0 5.4 6.2 10.600000000000001 6 1.8 3.2 0 0 3.6 0 2 1.6 0 4 4.4 3.2 1 3.2 2.8000000000000003 4 0 0 0 0 0 0 2 0 0 0 0 0 0.2 0 0 0 0.2 0 2.8000000000000003 2.2 0 0 0 0 0 0 0 0 0 0 0 0 0 0 0 0 0.4 0 0 0 0 0 0 0 1.6 0 0 0 0 0 0 0 0.2 0.2 0 0 0 0 0 0 1.6 2.6 0.4 2.6 0 0 0.2 2.8000000000000003 3.8000000000000003 0 3.6 0 0.4 2.8000000000000003 0 7 6 8 8.4 2.4000000000000004 0 0 0 0 0 0.4 0 0 1.6 0 0 0 0 3 0 0 0 0 0 1.4000000000000001 0 0 0 0 0 0 0 0.2 0 0 0 0.4 0 0 0.4 0 0 0 0 0 0 0 0 0 0 0 0 2.2 0 0 0 0 0 0 0 0 0 0 0 0 0 0 0 0 0 0 0.4 0 0.6000000000000001 19 0 1.8 3 0 0 0 0 0 0 0 0 0 0 0 0 0 0 0 0 0 0 0 0 0 0 0 0 0 0 0 0 0 0 0 0 0 0 0 0 0 
 8.4 44.2 29.6 32.800000000000004 48.2 30.200000000000003 51.400000000000006 56 0 42.2 96.80000000000001 43 45.400000000000006 83 44.6 75.4 21.6 30.200000000000003 30.400000000000002 76 0 0.2 0 0.6000000000000001 0 0.4 1.8 0 0.2 0 0 0 0.4 0 0.6000000000000001 0 0 0.4 0 0 0 0 0 0.4 0 0 0.4 0.6000000000000001 0 0 0 0 0 0 0 0 0 0.2 0.2 0 0 0.4 0 0 0 0.6000000000000001 0 0 0 0.6000000000000001 0 0 0 0 0 0.4 0 0 0.4 0 5 6.6000000000000005 6.4 1.4000000000000001 3.6 0 0 0 6.2 0 4 2.6 2.2 0.2 3.4000000000000004 0.6000000000000001 6.800000000000001 5.2 0 0 2 0 0 0 0 0 0 0 0 0 0 0 0 0 2.2 0.2 0 0 2 2.6 0 0 0 0 0 0 0 0 0 0 0 0 0.4 0.4 0 0 0 0 0 0 0 0 0 0 0 0 0 0 0 0 0 0 0 0 0 0 0 0 0 0 0 2.6 0 5.4 6 4 0 1.4000000000000001 4.4 2.2 8 2 0.2 0 7.800000000000001 3.4000000000000004 1.2000000000000002 6 0 2 0 0 3 0 0 0 0 0 0 0 0 0 3 0 0 0 0 0 0 0 0 0 0 0 0 0.4 0 0 0 0 0 0 0 0 0 0 0 0 2.8000000000000003 0 1 0 0 0 0 0 0 0 0 0 0 0 0 0 0 0 0 0 0 0 0 0.2 0 0 0 0.2 0.4 0 0.2 17.400000000000002 2.6 0.8 0 0 0 0 0 0 0 0 0 0 0 0 0 0 0 0 0 0 0 0 0 0 0 0 0 0 0 0 0 0 0 0 0 0 0 0 0 0 
 5 13.8 15.4 37.800000000000004 39.800000000000004 24.8 8.4 38.400000000000006 42.2 0 31.400000000000002 6 10.200000000000001 83.60000000000001 53.6 30.200000000000003 30.400000000000002 52.6 20.400000000000002 42.6 0 0.4 0 0.6000000000000001 0.2 0 0.6000000000000001 0.2 0 0 0 0 7.4 0.2 0.4 0.2 0 0 0 0 0 0 0 0.4 0 0 0.4 0.6000000000000001 0 0 0 0 0 0 0 0 0 0 0.2 0 0 0.6000000000000001 0.2 0 0 0.6000000000000001 0.4 0 0 0.6000000000000001 0 0 0 0 0 0.4 0 0 0.4 0 2.8000000000000003 6 4.800000000000001 7.6000000000000005 6.6000000000000005 0.2 0 4.800000000000001 2.6 6 0 2.4000000000000004 0 0 4 0.2 2.8000000000000003 5.800000000000001 0 0 0 0 0 0 0 0 8 3 0 0 0 0 5.800000000000001 1.6 0.2 5.2 0 0 0 5.4 0 0 0 1.6 0 0 0 0 0 0 0 0 0 0 0 0 0 0 0 0 0 0 0 0 0 0 0.4 0 0 0 0 0 0 0 0 0 0 0 0 0 0 6.4 0.2 2.2 0 2.6 0 0 2 5.2 19.8 0 0 0 0 7.6000000000000005 0 5.800000000000001 0 2.2 2.6 1.6 0 0 0 0 0 3.6 0 0 8.8 0 0 0 0 0 0 0.2 0.2 3.2 0 0 0 0 0 0 0 0 0 0 0 0 0 0 0 0 0 0 0 0 0 0.4 0 0 0 0 0 0 0 0 0 0 0 0 0 0 0 0 0 0 0 0 0 0 0 0 2.4000000000000004 0 0.6000000000000001 18.6 0.4 0.6000000000000001 0.2 0 0 0 0 0 0 0 0 2.8000000000000003 0 0 0 0 0 0 0 0 0 0 0 8.4 0 3.8000000000000003 3.6 3 0 0 0 0 0 0 0 0.4 2 0 0 0 
 21.400000000000002 51.400000000000006 6.2 9.600000000000001 57.6 18.400000000000002 5.4 28.400000000000002 96.80000000000001 31.400000000000002 0 45.6 27 21.200000000000003 76.60000000000001 80.2 55 16.2 9.600000000000001 20 0.4 0.2 0 15.600000000000001 0.4 0.8 1.2000000000000002 0 0 0.4 0 1 0.4 0 1 0.6000000000000001 0.4 0 16 30 1.6 0.2 0.6000000000000001 1 0.6000000000000001 0.4 0.8 0.6000000000000001 0 0 0 0.6000000000000001 0 0 0.4 0.6000000000000001 0.4 0 0 0.6000000000000001 0 0.4 0 0 0 0.6000000000000001 0 0 0 1 0 0 0 0 0 0.4 0 0 0.4 0 2.6 3.6 5 0.2 6 0.8 0 3.2 4.4 2.4000000000000004 4.6000000000000005 1 2.2 0 4 3.4000000000000004 5.6000000000000005 5.4 0.2 0 3.6 0 0 0 0 1.8 7.2 0 0 0.2 0 0 0 0 3.2 0 0 0 3.4000000000000004 3 0 0 0 0 0 0 0 0 0 0 0 0 0 0 0 0 0 0 0 0 0 0 0.4 0 0 0 0 0 0 0.4 0 0 0 0 0 0 0 0 0 0 0 0 1.4000000000000001 7.6000000000000005 2.8000000000000003 5 0 5.6000000000000005 0 2.2 22.400000000000002 2.6 0.2 0.4 2.6 4 4 5.2 0.2 0 0 0 0 0 0 0 0 0 0.2 0 0 0 0 0 0 0 0 0 2 0 0 0 0 1.8 0 0 2 0 0 0 0 0 0 0 0 0 0 0 0 0 0 0 0 0 0 0 0 0 0 0 0 0 0.2 0 0 0.2 0 0 0 0 0 0 0 0 0 0 1.8 0 0.6000000000000001 17.2 0 1.6 19 0 0 0 0 0 0 0 4 0 0 0 0 0 0 0 0 0 0 0 0 0 0 3 0.4 0 0 0 0 0 0 0 0 0 0 0 0 0 
 51.2 85.4 5.6000000000000005 65 29.6 35 69.4 13 43 6 45.6 0 3.8000000000000003 50.2 8.200000000000001 51 128.8 41 52.400000000000006 9.8 0.6000000000000001 0.4 0 0.6000000000000001 0 0 0.6000000000000001 6 0.4 0.2 0 9.600000000000001 0.4 0 0.4 0 0 0.4 15 16.2 1.4000000000000001 0 0 0.4 0 0 0.4 0.6000000000000001 0 0 0 0 0 0 0.2 0 0 0 0.2 0 0.4 0.4 0 0 0 0.6000000000000001 0 0 0 0.6000000000000001 0 0 0 0 0 0.4 0 0 0.4 0 0 6 4.2 3.6 3 7.4 0 5 5.2 3.4000000000000004 0 0 0 0 4.4 4.800000000000001 3.8000000000000003 5 0 0 4 0 1 0 0 0 5.2 0 0 0 0 0 3.2 0 3.2 3.8000000000000003 0 0 7.800000000000001 0.8 0 0 0 0 0 0 0 0 0 0 0 0 0 0 0 0 0 0 0 0 0 0 0 0 0 0 0 0 0 0 0 0 0 0 0 0 0 0 0 0.6000000000000001 0 0 0 2.4000000000000004 3 6.4 0 0 0 3.8000000000000003 3.8000000000000003 0.2 2.8000000000000003 0 0 1.8 5.4 2.8000000000000003 0 2.4000000000000004 4 0 0 0 0 0 0 4 0 0 2.2 0 0.2 2 0 0 0.2 0 0 4.6000000000000005 0 0 0 0 0 0 0 0 0.2 0 0 0 0 0 0 0 0 0 0 0 0 0.2 0 0 0 0 0 0 0 0 0 0 0 0 0 0 0 0 0 0 0 0.4 0 0 0 0.4 0.8 0 0.2 17.400000000000002 0 2 2.6 0 0 0 0 0 0 0 0 0 4 0 0 0 0 0 0 0 0 0 0 0 0 0 0 0 0 0.2 0 0 0 0 0 0.2 0 0 0 0 
 140.4 13 56 13 14.4 9.200000000000001 44 41.400000000000006 45.400000000000006 10.200000000000001 27 3.8000000000000003 0 83 9.8 62.2 5.800000000000001 2.2 65.2 36.800000000000004 0 0.2 0 1.2000000000000002 0 0.4 0.6000000000000001 0 0.4 1.2000000000000002 0 0 0.4 0 0.6000000000000001 0 0.2 0 0 0.4 0 0 1.2000000000000002 3 0 0.6000000000000001 0.4 0.6000000000000001 0 0 0 0 0 0.2 0.8 0.4 0 0 0 0 0.2 1 0 0 0.6000000000000001 0.6000000000000001 0.2 0 0 0.6000000000000001 0 0 0.6000000000000001 0.4 0.6000000000000001 0.4 0 0 1 0.2 5.4 3.2 2.2 0 0 0 0.2 2.8000000000000003 2 4 3.4000000000000004 4.800000000000001 3 9 3.4000000000000004 0 2 1.4000000000000001 2.4000000000000004 7.4 0 0 0 0 0 0 0 0 0 0.4 0 0 0 0 0 0 0 0 0 0 0 0 0 0 3.8000000000000003 0 0 2.4000000000000004 0 0 0 0 0 0 0 0 0 7.800000000000001 0 0 0 0 0 2.8000000000000003 0 0 0 0 0 0.6000000000000001 0 0 0 0 0 0 0 0 0.4 0 6.4 2.2 10.200000000000001 0 4.6000000000000005 0 0 5.4 4.6000000000000005 0.2 2.6 0 2.2 3.2 2.4000000000000004 3.8000000000000003 0 3.4000000000000004 2 0 0 0 0 0 0 0 0 0 0 0 0 0 2.2 0 0 0 0 0.2 0.4 0 0 0 0 0 0 0 0 0 0 0 0 0 0 2.2 0 0 0 0 0 0 0 0 0 0 0 0 0 0 0 0 0 0 0.4 0 0 0 0 0 0 0 0 0 0 0 0 0.4 0.2 0 0.2 0 3.2 0.4 0 0 0 0 0 0 0 0 0.2 0 0 0 0 0 0 0 0 0 0 0 0 0 0 3.6 0 0 0 0 0 0 0 0 0 0 0 0 0 0 
 15.4 105 12.200000000000001 36.800000000000004 37.6 55 62 17 83 83.60000000000001 21.200000000000003 50.2 83 0 42.800000000000004 46 51.2 6.6000000000000005 111 85.60000000000001 0 0.4 0.4 0.6000000000000001 0 0 8.4 0.2 1.2000000000000002 0.4 0 0 0.4 0 1.4000000000000001 0.6000000000000001 0.4 0 0 0 0 0 0 6.6000000000000005 0.4 0 0.4 0.6000000000000001 0 0.6000000000000001 0.6000000000000001 0 0 0 0 0.4 0.6000000000000001 0 0.2 0 0 1.4000000000000001 0.4 0.4 0.6000000000000001 1 0.6000000000000001 0 0 1 0.2 0.4 0 0 0 0.4 0 0.8 0.6000000000000001 0 5.4 6.2 4 1.8 8.6 0 0.2 8 0.4 3.8000000000000003 11.4 3 1.4000000000000001 0 4.6000000000000005 0 0.4 2.6 0 0.2 0 0 0 0 0 0 3.4000000000000004 0 0 0 0 0.4 0 0 0.4 0 0 0 0 0 0 0 0 0 0 0 0 0 0 0 0 0 0 0 0 0.4 0 0 0 0 0 0.4 0 0 0 0 0 0 0 0 0 0 0 0 0 0 0 0 0 0 0 3.2 5.2 3.8000000000000003 3.4000000000000004 0 0.2 6.4 2.6 0.2 5.6000000000000005 0 2.8000000000000003 3.4000000000000004 7.2 2.8000000000000003 0.2 9.200000000000001 3.6 0.2 0 0 0 0 0 0 0 0 0 0 0 0 0 0 2.2 0 0 0 0 0 0 0 0.4 0.2 0 0 0 0 0 0 0 0 0 0 0 0 0 0 0 0 0.2 0 0 0 0 0 0 0 0 0 0 0 0 0 0 0 0 0 0 0 0 0 0 0 0.4 0.4 1 0 0 0.4 3.4000000000000004 1.4000000000000001 0 0 0 0 0 0 0 0.2 0 0 0 0 0.4 0 0.2 0 0 0 0 0 0 0 0 7.6000000000000005 0 2.2 0 0 0 0 0 0 0 0 0 0 0 0 
 73.2 30.400000000000002 52.2 17.8 59.6 12.4 7.4 58.400000000000006 44.6 53.6 76.60000000000001 8.200000000000001 9.8 42.800000000000004 0 21 36.6 19.200000000000003 22.200000000000003 61.400000000000006 0 0.4 0 0.6000000000000001 0.2 0.2 0.6000000000000001 0.4 0 0.8 0 0.2 0.4 0.6000000000000001 0.4 0 0.6000000000000001 0.6000000000000001 15.8 16.2 2.4000000000000004 0.6000000000000001 0.4 0.4 0 0 0.4 0.6000000000000001 0.6000000000000001 0 0 0.6000000000000001 0 0 0 0 0 0 0.6000000000000001 0 0.2 0.6000000000000001 0 0 1 0.8 1.2000000000000002 0.6000000000000001 0 1 0.6000000000000001 0 0 0 0 0.4 1.2000000000000002 1 0.4 0.2 0 7 4.800000000000001 0.8 3.2 1 0.2 3.4000000000000004 0 1.4000000000000001 2.2 1.4000000000000001 0.4 0 2.6 6 4.2 2.6 2 0 0 0 0 0 0 0 4.2 0 0 0 0 0 0 0 0.4 0 0 0 0 2.2 0 0 0 0 0.4 0 0 0 0 0.4 0 0 0 0 0 0 0 0 0 0 0 0 0 0 0 0 0 0 0 0 0 0 0 0 0 0 0 0 0 0 2.8000000000000003 2 0 1.2000000000000002 0 4.800000000000001 1.8 2.2 4 5 7.2 2 2.2 0 0.4 4.4 4.2 3.4000000000000004 1.8 2.2 0 0 0 0 0 0 0.2 0 0 0 0 0 0 0 0 0 0.4 0 2 2.6 0 0 0 0 0 0 0 0 0 0 0 0 0 0 0 0 0 0.2 0 0 0 0 0 0 0 0 0 0 0 0 0 0 0 0 0 0 3 0 0 0 0 0 0 0 0 0.4 20.200000000000003 0.4 3.4000000000000004 1.2000000000000002 0 0.4 0 0 0 0 0 0 0 0 0 0 2.8000000000000003 0 0 0 0 0 0 0 0 0 0 0 0 3.2 0.4 1.6 0 0 0 0 0 0 0 0 0 0 0 0 
 27.6 10 44.2 27.6 47.2 78.4 27 12.200000000000001 75.4 30.200000000000003 80.2 51 62.2 46 21 0 15 11 27.200000000000003 60.400000000000006 0 0.2 0 0.8 0 0 0.6000000000000001 0.2 0.4 0 3.8000000000000003 0 0.4 0.2 0.8 0.8 0 0 0 0 0 0 0 0.6000000000000001 0 0 0.4 0.6000000000000001 0 0 0 0 0 0 0 0 0 0 12.8 0 0 0.4 0 0 0 1.2000000000000002 0.2 0 0 0.6000000000000001 0 0 0 0 0 0.4 0 0 0.4 0 4.800000000000001 3 2.4000000000000004 7.2 0.2 0.2 4 2.2 2 2 5.800000000000001 4 2 2 0 0.2 8.8 0 0 6 0 1.8 0 0 0 0 0 0 0 0 0 0 0 0 0 0 0.4 0 0 0 0 0 0 0 0 0 0 0 0 0 0 0 0 0 0 0 0 0 0 0 0 0 0 0 1 0 0 0 0 0 0 0 0 2.6 0 0 0 0 0 0.2 0.2 0.8 3.2 0 4.2 0.4 0.2 15.4 6.4 2.2 5.2 0 1 9 3.6 0.6000000000000001 2.2 2.2 3.6 2.4000000000000004 0 0 0 0 0 0 0 0 0 0 0 0 0 0 0 0 0 0 0 0 0 0 0 0 0 0 0 1.8 0 0 0 0 0 0 0 0 0 0 0 0 0 0 0 0 0 0 0 0 0 0 0 0 0 0 0 0 0 0 0 0 0 0 0 0 0 0.2 0 0.4 0.6000000000000001 0 2.6 1.4000000000000001 0 0 0.4 0 0 0 0 0 0 0 0 0 0 0 0 0 0 0 0 0 0 0 0 1.4000000000000001 0 0 0 0 0 0 0 0 0 0 0 0 0 0 
 26.400000000000002 22.200000000000003 16.2 44.2 45.800000000000004 93 49.800000000000004 13.8 21.6 30.400000000000002 55 128.8 5.800000000000001 51.2 36.6 15 0 48.400000000000006 47 55.2 0 0.2 0 0.6000000000000001 0 0 0.8 0 0 0 0 0 15.200000000000001 0 0.6000000000000001 0 0 0 15 14.600000000000001 1.8 0 0 0.4 0 0 1.2000000000000002 0.6000000000000001 0 0 0 0 1 0 0 0 0 0.2 0.4 0 0 0.4 0 0 0 0.6000000000000001 0 0 0 0.6000000000000001 0 0.4 0 0 0 0.4 0 0 0.4 0 0 1.6 6.2 4 2.8000000000000003 8.6 1.8 4.800000000000001 6.800000000000001 0 1.8 0 0 0 0 9.8 16.2 4.6000000000000005 0 0.2 2.4000000000000004 0 0 0 0 0 1.6 0 0 0 0.2 0 1.8 1.4000000000000001 2 0 0 0 4.2 3.8000000000000003 0 0.4 0 0 0 0 0 0 0.2 0 0 0 0 0 0 0 0 0 0 0 0 0 0 0 0 0 0 0 0 0 0 0 0 0 0 0 0 0 0 0 0 2 0 2.8000000000000003 2 5.2 1.2000000000000002 1.2000000000000002 0 6.2 4.800000000000001 3.6 0 0 0 3 4.6000000000000005 0 0 0 0 2.6 3 0 0 0 0 0.2 0 0 0 0 0 3 0 0 0 0 2 7.800000000000001 0 0 0 0 0 0 0 0 0 0 0 0 0 0 0 0 0 0 0 4.6000000000000005 0 0 0 0 0 0 0 0 0 0 4.4 0 0 0 0 0.4 0 0 0 0 0 0 0 0 0 0 17.8 0 9 1 0 15.600000000000001 3 0 0 0 0 0 0 0 0 0 3 0 0 0 0 0 0 0 0 0 0 0 0.2 0 0 0 0 0 0 0 0 0 0 0 0 0 0 0 
 37.2 26.200000000000003 24.6 23 25 10 23.6 27.200000000000003 30.200000000000003 52.6 16.2 41 2.2 6.6000000000000005 19.200000000000003 11 48.400000000000006 0 5 8.8 0 1 1.6 0.6000000000000001 0 0 16 0.4 0 0 0 0 0.4 15.4 0.8 0 0 0 29.8 34.2 13.200000000000001 0 0 0.4 0 0 0.4 1.4000000000000001 0 0 0 1.2000000000000002 0 1.2000000000000002 0 0 0 0 0.2 13.600000000000001 0 0.4 0.8 0 0 0.6000000000000001 1 0.8 0 0.6000000000000001 0 0 0.4 0 0 0.4 0 0 0.4 0.8 0 5.2 2 0.2 0 9.8 0 3.6 8.8 0 4 0.2 0 0 0 1.6 3.2 0 0 0 5 0 0.2 0 0 0 0 2 3.4000000000000004 0 0 0 5.2 1.8 0 0 0 2.6 7 0 4.4 0 0 0 0 0 0 0 0 0 0 0 0 0 0 0 0 0 0 0 0 0 0 0 0 0 0 0 0 0 0 0 0 0 0 0 0 0 0 0 0 0.2 0 1.8 3.2 11.600000000000001 0.2 1.2000000000000002 0 7.4 3.2 8.6 0 0 0 6.800000000000001 7.4 0 0 0.4 0 0 2.2 0 0 0 3.2 5.2 0 0 0 0 5.6000000000000005 2.4000000000000004 0.2 0 0.4 0 2 4 0 0 0 0 0 0 0 0 0 0 0 0 0 0 0 0 0 0 0 0 0 0 0 0 0 0 0 0 0 0 0 0 0 0 0 0 0 0 0 0 0 2.6 0 0 0 0.2 0.2 0 17 11.600000000000001 0.4 2.6 0 0 0 0 0 0 0 0 0 0 2 0 0 0 0 0 0 0 0 0 0 0 0 0 2 0 0 0 0 0 0 0 0 0 0 0 0 0 
 22.8 30.6 7.6000000000000005 64.2 18 53.400000000000006 93.80000000000001 34.6 30.400000000000002 20.400000000000002 9.600000000000001 52.400000000000006 65.2 111 22.200000000000003 27.200000000000003 47 5 0 61.800000000000004 0 0.2 0 0.6000000000000001 0 0.2 0.6000000000000001 0 0.2 14 0 0 0.4 0 0.8 0.2 0 0 0.2 0.4 0 0 0 0.4 0 0 0.4 0.6000000000000001 0 0 0 0 0 0 0 0 0 0 0.2 0 0 0.4 0 0 0 7.2 0 0 0 0.6000000000000001 0 0 0 0 0 0.4 0 0 0.4 0 3.6 0 2.8000000000000003 7 0 0 3.8000000000000003 0 5 0 0 0 0 4 2.8000000000000003 0.2 3 1.6 5.6000000000000005 2.2 0 0 0 0 0 0 0 0 0 0 0 0 0 0 0 0 0 0 0 0 0 0 3.4000000000000004 0 0 0.2 0 0 0 0 0 0 0 0 0 0 0 0 2.6 0 0 0 0 0 2 0 0 0 0 0 0.4 0 0 0 0 0 0 0 0 0 0 2.6 7.4 0 0.4 0 2.8000000000000003 0 10.600000000000001 0 3.6 0 3 0.6000000000000001 2.2 7.6000000000000005 2 2.6 2.4000000000000004 2 0 0 0 0.2 0 0 0 0 0 0 0 0 0 0 0 0 0 0 0 0 0 0 0 0 0 0 0 0 0 0 0 0 0 0 0 0 0 0 0 0 0 0 0 0 0 0 0 0 0 0 0 0 0 0 0 0 0 0 0 0 0 0 0 0 0 0 0.6000000000000001 0.2 0 0.4 0.4 1 0 0 0 0 0 0 0 0 0 0 0 0 0 0 0 0 0 0 0 0 0 0 0 0 0 0 0 0 0 0 0 0 0 0 0 0 0 0 
 56.6 19 4.4 30.8 18.400000000000002 31 10.8 12.8 76 42.6 20 9.8 36.800000000000004 85.60000000000001 61.400000000000006 60.400000000000006 55.2 8.8 61.800000000000004 0 0.4 0.8 1 0.6000000000000001 0 9 0.6000000000000001 0.4 0.8 0 0.6000000000000001 0 0.4 0 1 0 0 0 0 7.800000000000001 0 0 0 0.8 0 0 1.8 0.6000000000000001 0 0.8 0.2 0 0 0 0 0.6000000000000001 0.6000000000000001 0 0.4 0 0 0.6000000000000001 0.4 0 0.6000000000000001 1 0.6000000000000001 0 0 1 0.4 0.6000000000000001 0 0 0 0.4 0 0.8 0.6000000000000001 5.800000000000001 2.2 0.2 0.2 2 2.8000000000000003 0 0 1.2000000000000002 1.6 2 0 2 3.6 2 2.8000000000000003 3 0.2 1.4000000000000001 2 6.2 0 0 0 0 0 0 0 0 0 0 0 0 0 0 0 0 0 0 0 0 0 0 0 0 0 0 0 0 0 0 0 0 0 0 0 0 0 0 0 0 0 0 0 0 0 0 0 0 0 0 0 0 0 0 0 0 0 0 0.6000000000000001 0 2.4000000000000004 1 2.8000000000000003 0 0 0 3 0 5.800000000000001 2 0 0 18.6 2 2 2 0 0.4 2.2 10.200000000000001 0 0 0 0.2 0 0 0 0 0 0 0 0 0 0 0 0 0 0 0 0 0 0 0 0 0 0 0 0 0 0 0 0 0 0 0 0 0 1.6 0 0 0 0 0 1.6 0 0 0 2.4000000000000004 0 0 0 0 0 0 0 0 0 0 0 2.6 0 0 0 0 0 0.4 17.8 0 0.4 0 0 0.6000000000000001 0 0 0 0 0.4 0 0 0 0 0 0 0 0 0 0.2 0 0 0 0 0 0 0 0 0 0 0 0 0 2 0 0 0 0 0 0 0 0 0 
 0 0 0 0.2 0 4.800000000000001 0 0.2 0 0 0.4 0.6000000000000001 0 0 0 0 0 0 0 0.4 0 18.2 17.8 18.2 5.800000000000001 7.800000000000001 48.6 77.80000000000001 25.6 40.400000000000006 13.600000000000001 25.8 9 23.6 53.2 17 36.2 14 32.4 9.8 0 0 0 0 0 0 0 0 0.6000000000000001 0 0.4 0 0 0 0.6000000000000001 0 0 0.8 0 0 0.6000000000000001 0 0.6000000000000001 1 0 0 0 0 0 4 0 0 0 2.4000000000000004 0 0 0 0 0 0 0 0 0 0 0 0 0 0 0 0 0 0 0 0 0 0 0 0 0 0 2.4000000000000004 1.8 2.8000000000000003 6.2 1 1.6 0 8.200000000000001 0 2.8000000000000003 5 2.2 3 2 6.800000000000001 1.8 3 4.800000000000001 3.6 1 0.2 0 0.4 0 0 0 0 0 0 0 0.4 0 3.8000000000000003 0.2 0.2 0 0 3.6 5.800000000000001 0 0 2.2 0 0 0 0 0.8 0 0 0 0 0 13 0 0 0 0 0 0 0 0 0 0 0 0 0 0 0 0 0 0 0 0.2 0 0 0 0 0 1.2000000000000002 0 9 0 4.800000000000001 0 2.6 3 3 1.8 5.800000000000001 3.2 6 7.800000000000001 4.800000000000001 2.2 8.8 6.800000000000001 5 1 4 5.6000000000000005 0 0 0 0 0 0 0 0 0 0 0 0 0 0 0 0 0 0 4.2 0 0 0 0 0 0 0 0 0 0 0 0.6000000000000001 0 0 0 0 3.2 0 0.2 0 4.800000000000001 0 0 0 0 0 0 0 0 0 0 0 0 0 0 2 0 0 0.2 15.200000000000001 0 3.6 0.4 0 0 0 0 9.600000000000001 0 0 0 0 0 0 0 0 0 0 0 0 0 0 2.8000000000000003 0 0 0 0 0 0 0 0 
 1.6 0.4 0.4 0.2 0.4 0.2 0.6000000000000001 0.4 0.2 0.4 0.2 0.4 0.2 0.4 0.4 0.2 0.2 1 0.2 0.8 18.2 0 33.800000000000004 14 66.4 24 16.6 73.8 54.2 25.200000000000003 76.60000000000001 7.6000000000000005 17.6 27.6 28.200000000000003 7.4 30.6 7.800000000000001 9 68.8 1 0 0 0.2 13.200000000000001 0.4 0.4 1.2000000000000002 0.4 0.8 0.8 0.2 0 0 0.6000000000000001 0 0 2.4000000000000004 21 0.4 0.8 0.4 0.8 0 0.4 0.2 0 0 0 0 0 0 0.2 0 0 0 0.6000000000000001 0 0 0 0 0 0 0.4 0 0 0 0 0 0 0 3.6 0 0 0 0 0 0 0 0 3 7.800000000000001 0 7.4 8 0 0 0 10.4 0.8 0.4 9.4 4.2 0.2 0 0 5 5.2 0 4.6000000000000005 0 0 0 0 0 0.2 0 1.8 0 0 0 0 0 5.800000000000001 1.6 0 0 0 0.4 1.8 0 0 0 0 0 0.4 0 0 0 0 0 0 0.4 0 1.4000000000000001 0 1.6 0 0 0 0 0 0 0 0 0 0 0 0 0 0 0 0 0 4.800000000000001 0 0 0 0 0 1.6 1.4000000000000001 2.6 0 3.2 4 0.8 2.2 3.8000000000000003 0 1.8 0.6000000000000001 3.6 5.2 2.6 3 2.4000000000000004 7 3.4000000000000004 0 0 0 0 0 0.4 0 0 0 0.2 0 0 0 2.6 0 0 0 0 0 0.2 4.800000000000001 0 0 0 0 0.4 0 0 0 0 0 0.4 0 0 0 0 0 0 0 0 0 0 0 0 0 0 0 0.2 0 0 0.4 0 0 0 0 1.4000000000000001 0.4 0.4 11.200000000000001 2.8000000000000003 0 0.2 0 0 0.4 0 0 0 0 0 0 0 0 0.2 0 0 0 0 0 0 0 0 2.4000000000000004 0 0 0 0 0 0 0 0 
 0.6000000000000001 0 0.2 0 0 15 0.6000000000000001 0 0 0 0 0 0 0.4 0 0 0 1.6 0 1 17.8 33.800000000000004 0 17.2 22 19.8 45 97.60000000000001 8.8 52.400000000000006 9.8 7.6000000000000005 24.8 26.8 11.600000000000001 62.400000000000006 53.6 23.8 21.6 37.4 0.4 6.6000000000000005 0.2 0 0 0 12.200000000000001 0 0.4 0.2 1 0 12.600000000000001 0 1.2000000000000002 0 0 0.6000000000000001 13 0 0.6000000000000001 0 1.2000000000000002 0 0 0 0 0 0 0 0 0 0 0.2 0 0 1.2000000000000002 0 0 0 0 0 0 0 0 0 0 0.2 0 0 0 3.8000000000000003 0.4 0 0 0.2 0 0.2 0 0 0 8.4 2.4000000000000004 2 4 0 2.6 1.4000000000000001 1.4000000000000001 2.8000000000000003 0.6000000000000001 2.6 0 0.2 6.2 2.4000000000000004 2.2 5.2 4.2 5.2 0 0 0 0.2 0 0 0 0 0 4 0 0 1.4000000000000001 0 0 0 0 0 1.2000000000000002 0 0 0 0 0 0 0 0 0 0.4 0 0 0 0 0 0 0 1.6 0 0 0 0 0 0 0 4.800000000000001 0.4 0 0 0.2 0 0 0 0 0 0 0 0 1 0 0 0.2 1.2000000000000002 0 7.800000000000001 2.2 0 4.2 2 0.2 0.2 3.6 4.2 5 0.4 3.2 0 6.2 9.8 8.4 0 0 0 0 0 0 2.6 0 0 0 0 0 0 0 0.2 2 0 0 0 2.2 0 0 0 0 0 0 0 0 0 0 0 0 0 0 0 0 0 0 0 0 0 0 0.2 0 0 0 0 0 0 0 0 0 0 0 0 1.4000000000000001 0 0.2 0.4 0.4 0.4 0.6000000000000001 0 0 0 0 0 0 0 0.2 0 0 0 0 0 0 0 0 0 0 0 0 5.2 0 0 0 1.6 0 0 0 0 
 1 0.6000000000000001 0.6000000000000001 0.6000000000000001 0.6000000000000001 0.6000000000000001 0.6000000000000001 0.6000000000000001 0.6000000000000001 0.6000000000000001 15.600000000000001 0.6000000000000001 1.2000000000000002 0.6000000000000001 0.6000000000000001 0.8 0.6000000000000001 0.6000000000000001 0.6000000000000001 0.6000000000000001 18.2 14 17.2 0 22 24.6 61.2 75.4 48.2 57 14.4 18.2 73.4 93 58.2 9 25.400000000000002 28.8 36.4 13 0 0 0 0 0 0.6000000000000001 0 1.2000000000000002 0.6000000000000001 0 0.4 0 0 0 0.6000000000000001 0 0 0.6000000000000001 0 0 0.6000000000000001 0 0.6000000000000001 0.4 0 0 0 0 0 1 0 0 0 1 0 0 0 1.4000000000000001 7.6000000000000005 0 0 0 0 0 0 0 0 0 0.2 0 0 0 0 0 0 0 0 0 0 0 1.4000000000000001 3 3.4000000000000004 6.6000000000000005 0 5.2 0 4.2 2.4000000000000004 4.6000000000000005 3 6.2 0 4.4 0 0 5.4 1.8 0 0 1.4000000000000001 0 1.4000000000000001 0 0 0 3.4000000000000004 0 0 0 0 0 6.4 2.6 0 0 0.2 0 4 0 0.4 0 0 0 0 0 0.2 0 0 0 0 0 3.4000000000000004 0 0 0 0 0 0 0 0 0.2 0 0 0 2.4000000000000004 0.4 0 0 0 0 0.4 0 0 0 0 0 0 0 0 4.6000000000000005 3.2 2.4000000000000004 9.8 6.2 6.6000000000000005 2.8000000000000003 0 2.8000000000000003 4 2.2 3 0 6.800000000000001 5.2 0 4.800000000000001 0.6000000000000001 0 1.8 2.4000000000000004 2.8000000000000003 0 0 0 0 3 6.800000000000001 0 0.2 0 0 0 2.2 9.8 0 0 0 5.6000000000000005 7.6000000000000005 0 0.2 0.2 0 0 0 0 0 0 0 0 2.2 0 0 0 0 0.4 0 0 0 0 0 0 0 0 0 0 0 0 0 0 0 0 0 1.4000000000000001 0 0 0.4 0.2 0 0.4 0.2 0 0 0 0 2.8000000000000003 0 0 0 0 0 0 0 0 0 0 0 0 0 0 0 0 0 0 0.4 0 0 0 0 
 0 0 0.4 0.4 0 0.4 0 0 0 0.2 0.4 0 0 0 0.2 0 0 0 0 0 5.800000000000001 66.4 22 22 0 28.8 9 15 34.4 35 16.400000000000002 85.80000000000001 15.200000000000001 27 43.2 12.200000000000001 55.800000000000004 7.800000000000001 6.800000000000001 31.400000000000002 0 0.4 0 12.600000000000001 0.6000000000000001 0.8 1 0 0.6000000000000001 0.4 0.4 0.6000000000000001 0.8 1.2000000000000002 0.6000000000000001 2 0 0.6000000000000001 25.400000000000002 0 1.6 0 0.6000000000000001 10.8 0.2 0 0 0.6000000000000001 0.2 0.6000000000000001 0 0 0.2 0.6000000000000001 0 0 0 0.6000000000000001 0 0 0 0 0 0 0 0 0 0 0 0 0 0 0 0 0 0 0 0 0 0 0 0 2.8000000000000003 3.2 1.6 2.4000000000000004 0 3.2 3.8000000000000003 0 7 7.800000000000001 0.2 0 0 2 0.6000000000000001 0 0 0 0.6000000000000001 1.8 0.2 0 0 0 0 3.6 0.2 0 0 0 1.6 5 2.4000000000000004 0 0 0 9.4 2.2 0 0 0 0 0 0 0.8 0 0 0 0 0 1.8 0 0.8 0 0 0 0 0 0 0 0 0 0 0 0 0 0 0 0 0 0 0 0 0 0 0 0 3.4000000000000004 3.6 0.2 2 0 6.4 6.4 0 0.2 0 0 1.6 2.6 0 0 0 6.2 4.4 0.4 2.4000000000000004 1.8 0 1 0 0 0 0 0.2 0.2 2 0 0 0 0 0 4.4 0 0 0 6.4 0 0 0 0 0 0 0 0 0 0 0 0 0 0 0 0 0 0 0 0 0 0 0 0 0 0 0 0 0 0 0 0 0 0 0 0.2 0.6000000000000001 0.6000000000000001 24 0.6000000000000001 0.8 0.2 0 5 0 0 0 0 0 0 0 0 0 0 0 0 0 0 0 0 0 0 0 0 0 0 0.8 0 0 0 0 
 0 0.2 0 0 0 0 0 0 0.4 0 0.8 0 0.4 0 0.2 0 0 0 0.2 9 7.800000000000001 24 19.8 24.6 28.8 0 52 5.2 25.200000000000003 62 27.8 26.200000000000003 49 10 71.8 12.600000000000001 31.6 20.400000000000002 8.8 55.2 12.4 9.600000000000001 12.4 0 0 0 0 6 13 12.4 0.4 3 0.2 0 13 12.200000000000001 12.4 0.8 56.400000000000006 4.2 0.6000000000000001 0 0.6000000000000001 0 0 0 0 0 0 0 0 4.6000000000000005 0 0 0 0 0 0 0 0 0 0 0 0 0 0 0 0 0 0 0 0.2 0 0 0 0 0 0 0 0 0.4 0 0 6.2 0 5.800000000000001 0.4 0 0 2.8000000000000003 4 3.6 0 0 0 0 2 0 0 0 2.8000000000000003 0.4 2.8000000000000003 2.2 0 0.2 0 6 3.6 3.4000000000000004 0 0 6 4.4 2.4000000000000004 0 1.6 0 8.6 5.4 0.6000000000000001 0 0 0 0 0 0 0 0 0 0 0.8 0 0 0 0 0 0 0 0.2 0.4 0 0 0 0 0 0 0 0 0 0 0 0 0 0 0 0 0 0 2.4000000000000004 0 1.8 0 0.2 3.2 2.4000000000000004 0 0 0 0.4 0 0 0 0 0 0 0 0 0 0 2.2 2.8000000000000003 0 0 0 0 1.2000000000000002 4 4 0 0 0 6.2 9.200000000000001 4.2 0 5 0 5.4 5.6000000000000005 0 0 0 0 0 0 0 0.4 0 0 0 0 0 0 0 0 0 0 0 0 0 0 0 0 0 0 0 0 0 0 0 0 0 0 1.6 0.2 1.2000000000000002 15 0 0.4 0 1 0 0 0 0 0 0 0 0 0 0 0 0 0 0 0 0 0 0 0 0 0 0 1.2000000000000002 2.4000000000000004 0 0 0 0 
 0.8 15.4 4 15 0.8 5.4 0.6000000000000001 0.6000000000000001 1.8 0.6000000000000001 1.2000000000000002 0.6000000000000001 0.6000000000000001 8.4 0.6000000000000001 0.6000000000000001 0.8 16 0.6000000000000001 0.6000000000000001 48.6 16.6 45 61.2 9 52 0 36.4 10.600000000000001 8.8 39.400000000000006 19.8 70.8 29.400000000000002 86 10 9.600000000000001 16.6 67.4 29.200000000000003 0.6000000000000001 0 1 0 0 0 0.2 0.6000000000000001 0.4 0.2 1 0.6000000000000001 1.8 0 1 0 0 0.6000000000000001 0.6000000000000001 0 0.6000000000000001 0.2 0.6000000000000001 0 0.4 0.2 0 0 0 0 0 1 0 0.4 0 0 0 0 0 0 0 0 0 0 0 0.2 0 0 3.4000000000000004 0 0 4.800000000000001 0 0 0 0 0 4.6000000000000005 0 0 6 0.2 4.2 0 0 0 0.2 6.2 3.2 0 0 0 5.2 2.2 3.4000000000000004 0 0 0 9 0 0 0.2 0 0 0 0 0 0 0 0 0 0 2.6 0 0 0 0.4 0 0 0 0 0 0 0 0 0 0.2 2.2 0 0 0 0 0 0 0 0 0.2 0 0 0 0 0 0 0.2 10.4 6.4 0 0 0 0 2 4.4 0 0 0 0 0 1.8 0 0 7.800000000000001 0 4.6000000000000005 1.6 0 0 1.6 2.6 2.2 0 0 8.6 3 3 6.4 0 3.8000000000000003 6.4 2 2.8000000000000003 0 0 0 0 0 0 0 0 0 0 0 0 0 0 0 0.4 0 0 0.4 0 0 0.4 0 0 0 0 0 0 0 0 0 0 0 0 0 0 0 0 0 0 0 1.2000000000000002 0 0 0 0 0 0 0 0 0 0 0 0 2.4000000000000004 0 0 0 0 0.8 0 0.4 0 0 0 0 0 0 0 0 0 0 0 0 0 0 0 0 0 0 0 0 0 0 0 0 2.6 0 0 0 
 0 0.4 0 14.8 15 14.600000000000001 0 0.2 0 0.2 0 6 0 0.2 0.4 0.2 0 0.4 0 0.4 77.80000000000001 73.8 97.60000000000001 75.4 15 5.2 36.4 0 20.400000000000002 23.400000000000002 6.6000000000000005 24.400000000000002 36.2 65.8 12.600000000000001 23.200000000000003 5.6000000000000005 9.4 33.4 66.8 0 0.4 40.800000000000004 0 0 0 0 0 0.4 0 0.4 0 0.6000000000000001 0.2 0.6000000000000001 0 0 14 0.4 0 0.6000000000000001 0 1.4000000000000001 0 0 0 0 0 0 0 0 0.6000000000000001 0 0 0 0 0 0.2 0 0 2.4000000000000004 0 1 0 0 0 0 0 0 0 0 0 0 0 0 0 0 0 0 0 0.4 0 3 0 6.800000000000001 0 5.4 0 0 3 0 0 3 1.6 9.600000000000001 5.2 3.2 2.4000000000000004 0 6 0 0 0 0 0 0 0.4 0 0 0 0 0.2 0.2 0 0 0 0 0 0 0 0 0 0 0 0 0 0 0 0 0 0 0 0 0 0 0 0 0 0 0 0 0 0 0 5.4 0 0 0 0 0 0 0.2 0 0 0 0 0 0 0 0 3.2 1.6 2.4000000000000004 3.8000000000000003 0 0 4.800000000000001 2.8000000000000003 2.6 7.6000000000000005 2.6 3 4.6000000000000005 1.6 3.2 1.8 0.2 3.8000000000000003 9.4 2.2 0 0 0 0 0 0 0 0.4 0 0 0 0 0.4 0 0 0 0 0 0 0 0 3 0 0 0 0 0 0 0.2 0 0 0 0 0.8 0 0 0 0 0 0 0 0 1.2000000000000002 0 0 0 0 0 0 0 0 0 0 0 0.8 0 0 0 15.4 0.2 9.4 0 0 0 0 0 0 0 0 0 0 0 0 0 0 0 0 0 0 0.2 0 3.4000000000000004 0 0 0 0 0 0 0 0 
 0.4 0.4 0 0 0.6000000000000001 0.2 0.6000000000000001 0.6000000000000001 0.2 0 0 0.4 0.4 1.2000000000000002 0 0.4 0 0 0.2 0.8 25.6 54.2 8.8 48.2 34.4 25.200000000000003 10.600000000000001 20.400000000000002 0 18.8 53 39.800000000000004 25 32.4 48.6 16.8 20.8 37.2 20.400000000000002 17.2 0 0 0 0 0 0 0 2.4000000000000004 0.4 0.2 0.4 0 1 0 0.6000000000000001 0 0 0.6000000000000001 13 0 1.6 0 0.6000000000000001 0.8 0.2 0.2 0 0 0 1 0 0 0 0.6000000000000001 0 0 0 0 0 0 2.2 0 0 0 0 0 0 0 0 0 0 0 0 0 0 0 0 2.4000000000000004 0 0 0 0.8 2.2 15.4 0 8.8 0 1.8 2 6.800000000000001 4.6000000000000005 2.6 0 2.6 0.2 8.6 0.4 7 0 0 1.6 0 0 0 0 0 1.6 0 0 0 0 0 3.8000000000000003 2 0 0 0 0 2 0 0 0.6000000000000001 0 0 0 0.2 0 0 0.4 0.8 3.4000000000000004 0 0 0 0 0 0 0 0 0 0 0 0 0 0 0 0 0 0 0 0 0 0 0 1.8 0 0 0 1.6 0 0 2 4.800000000000001 2.6 4 5 0 0 6.4 2.8000000000000003 3.6 0.2 0 0.2 1.4000000000000001 0.4 4.800000000000001 2.8000000000000003 0 0 3 0 0 0 0 0 3 0.2 0 0 0 0 0 0 0 0 0 0 3.6 0.2 0 0 0 0 0 0 0 0 0 0 0 2.2 0 0 0 0 0 0 0 0 0 0 0 0 0 0 0 0 0 0 0 0 0 0 0.6000000000000001 0 0 15 15 0 0 2 0 0 0 0 0 0 0 0 0 0 0 0 0 0 0 0 0 0 0 0 0 0 0 0 0 0 0 0 
 40.800000000000004 0 0 0.4 0 0 0 0.2 0 0 0.4 0.2 1.2000000000000002 0.4 0.8 0 0 0 14 0 40.400000000000006 25.200000000000003 52.400000000000006 57 35 62 8.8 23.400000000000002 18.8 0 34.2 13.600000000000001 13.600000000000001 18.400000000000002 51 42.2 105.2 37.6 53 76.4 0 0 1 0.2 0.4 1 41.2 13 0.4 0.2 0.8 0 0 0 2 0 0.4 3.6 0.4 0 2 0 1.8 0 0.6000000000000001 0.4 0 0 0.4 0 0 0.4 0 0 0 0 0 2.4000000000000004 0 0 0 0 0 0 0 0 0 0 0 0 0 0 0 0 0 0 0.4 0 0 0 0.2 3.6 2.6 2.2 0 4.4 0 0.6000000000000001 2.8000000000000003 2.2 0 12.8 0.2 0.2 3.6 3.6 2.2 2 0.4 1.6 0 0 0 3 0 0 0 4 0 0.2 0 0 2.4000000000000004 0 0 0 0 0 8.8 0 0 0 0 0 0.4 0 0 0 0 0 0 0.4 3.8000000000000003 0 0 0 0 0 0 1.8 0 0 1.2000000000000002 0 3.6 0 1.2000000000000002 0 0 0 0 0 0 0 0.2 0.2 0 0 2 0 2 3.6 2.8000000000000003 10.600000000000001 2.2 10.600000000000001 4.4 0 0.4 2.2 11 4.800000000000001 2.8000000000000003 0.2 0.2 3.8000000000000003 4.800000000000001 2.2 7.800000000000001 2.2 3.8000000000000003 0 0 0 0 0 0 3.6 0 0 0 0 5.6000000000000005 0 0.4 0.6000000000000001 0 2.2 0 0.4 0 0 0 0 0 0 0 0 0 0 0 0 0 0 0 0 2.8000000000000003 0 0.4 0.4 0 0 0.4 0 0 0 0 0 0 0 0 0 0 0 0.8 0 0 0.2 0 0.2 1.2000000000000002 0 0 0 0 0 0 0 0 0 0 0 0 0 0 0 0 0 0 0 0 0.2 0 0.2 0 0 0 0 0 0 
 0 0 0 0 0 0 0 0 0 0 0 0 0 0 0 3.8000000000000003 0 0 0 0.6000000000000001 13.600000000000001 76.60000000000001 9.8 14.4 16.400000000000002 27.8 39.400000000000006 6.6000000000000005 53 34.2 0 21.6 6.6000000000000005 26 16.2 27.8 36 23.6 11 31.8 0 12.200000000000001 0 0 0 0 0 8.4 6.2 0.2 0.4 0 6.4 0 0.6000000000000001 0 0 0.8 0.2 0 0.6000000000000001 0 0.6000000000000001 0 1.6 0 0 0.2 5.800000000000001 0 0 0 0 0 0 0 0 0.4 0 0 0 0 0 0.2 0 0 0 0 0 0 0 0 0 0 0 0 0 0 0 0 0 5.800000000000001 0 7.800000000000001 0.2 1 0 2.2 6 2 1.8 8.8 0 1.2000000000000002 0 0 0.8 0.4 0 0 0 1 0 0 0 0.4 1.4000000000000001 2.6 0 0 1.4000000000000001 0 2.4000000000000004 0.4 5.4 0 2 0 0 1.8 0.2 0 0 0 0 0.2 0 0 1 0 0 0 0 0 0 1.4000000000000001 0 0 0 0 0 0 0 0 0 0 0.6000000000000001 0 0 0.4 0 0 0 0 0 0 0 0 0 0 0 4.4 4.2 1.6 2.4000000000000004 1.8 2.4000000000000004 0 0.2 6.6000000000000005 0 7.4 2.6 6.4 1.6 7.4 0.2 2.4000000000000004 0 0.4 5.800000000000001 0 0 0 0.2 0 2.2 0 0 0 0 0 5.800000000000001 2.2 2.2 2.2 0 0 0 5 0 0 0 0 0.2 0 0 0 0 0 0 0 0 0 0.2 0 0 0 0 1.8 0 0 0 0 0 0 0 0 0 0 0 0 0 0 0 0 0 29.8 0.8 0 0.2 0 0 0 0 0 0 0 0 0 0 0 0 0 0 0 0 0 0 0 0 0 0 0 0 0 0 0 0 0 
 0 0 0 0 0 0 0 0.4 0 0 1 9.600000000000001 0 0 0.2 0 0 0 0 0 25.8 7.6000000000000005 7.6000000000000005 18.2 85.80000000000001 26.200000000000003 19.8 24.400000000000002 39.800000000000004 13.600000000000001 21.6 0 8.200000000000001 36.4 6.2 33 133.6 26 7.2 48.400000000000006 0 0 0 0.2 0 0 0 0 0.4 0.4 0.4 0.8 7 1.2000000000000002 0.6000000000000001 0.6000000000000001 0 0.6000000000000001 0.2 0 0.8 0 0.8 1.2000000000000002 0 0 0 0 0 1 0.2 0 0 0.8 0 0 0 0 0 0 0 0 0 0 0 0 0 0 0 0 0 0 0 0 0 0 0 0 0 0 2.4000000000000004 3 0 5.4 4 2.2 0 2 2.2 0.6000000000000001 6.6000000000000005 0 0.2 0.2 2.8000000000000003 1.8 1.8 3.4000000000000004 0.2 0 0 3.2 1.4000000000000001 0 0 0 0 1.4000000000000001 2.4000000000000004 6.2 0 0 8.200000000000001 0.2 2.2 0 0.2 0 2.8000000000000003 3.4000000000000004 0 0 0 0 0 0 0 0 2.6 0 0 1.6 0 0 0 0 0 0 0 0 0 0 0 0 0 0 0 0 0 0 0 0 0 0 0 0 0 0 0 0 2.4000000000000004 1.8 5.6000000000000005 0 1.8 0 2.2 0 2.8000000000000003 8.4 3.6 4.4 2.6 0.2 2.2 4.2 3.8000000000000003 5 0 0 3.2 3.4000000000000004 0 0 0 0 1.4000000000000001 0.2 3.4000000000000004 0 0 0 0 0 0 0.4 0 0 3.4000000000000004 0 0 0.4 0 0 0 0 0 0 0 0 0 0 0 0 0 0 0 0 0 0 0 0 0 0 0 0 0.2 0 0 0 0 0 0.6000000000000001 0 1.4000000000000001 0 0.8 14.600000000000001 0.8 0.4 1.2000000000000002 1.8 0 0 0 0 3.8000000000000003 0 0 0 0 0 0 0 0 0 0 0 0 0 0 0 0 0 0 0 0 0 0 0 
