 0 77 22.6 73.60000000000001 10.4 51.6 55.2 45.400000000000006 27.200000000000003 43.800000000000004 25.200000000000003 33.800000000000004 29.200000000000003 11.8 78.2 24.400000000000002 38.800000000000004 4.6000000000000005 35.4 31.200000000000003 0 0.6000000000000001 0 0 0 0.2 0 0.4 0 0.4 0 0 0.6000000000000001 0 0 0 0.2 0.4 0 0 0.4 0 0 0.8 0 0.6000000000000001 12.600000000000001 0 0 0 0.4 0 0 0 1 0 0.4 0 0 0 0.6000000000000001 0 1.8 0 0 0.6000000000000001 0 0 2 0 0 0.6000000000000001 0.4 0 0 0 0 0 0 0 0 9.8 2.2 0.6000000000000001 2.2 0 0.4 4.6000000000000005 5.6000000000000005 3 2.6 9.600000000000001 2 5.4 0.4 4.800000000000001 3 5.2 0 0.2 0.2 0 0 0 0 0 0 0 0 0 0 0 0 0 0 0 0 0 3.8000000000000003 0 0 0 0 0 0 0 0 0 0 0 0 0 0 0 0.2 0 0 3 0 0 0 0.4 0 0 0 0 0 0 0 0 0 0 0.2 0 0.6000000000000001 0 0 0 0 0 2.2 6.2 2 5 1.8 7.800000000000001 2.6 0 2.8000000000000003 0 2.2 0.4 3 1.6 0 2.2 1.8 0 3.6 0 0 0 0 0.2 0.4 0 0 0 0 2.2 0 0 0 0 0 0 0 0 0.4 0 0 0 0 0 0 0 0 0 0 0 0 0 0 0 0 0 0 0 0 0 0 0 0 0 0 0 0 0 0 0.2 0 0 0 0 0 0 0 0 0 0 0 0 0 0 0 0 0.2 0 0.4 0.2 2.8000000000000003 4 0 0 0 0 0 0 0 0 0 0 5 0 0 0 0 0 0 0 0 0 0 0 0 0 5.4 0 0 0 0 0 0 0 0 0 0 0 0 0 
 77 0 35.2 29.200000000000003 24.6 25 39.2 37 28.6 26.400000000000002 44 23.400000000000002 19 28.6 27.200000000000003 9 14.4 47.400000000000006 26.200000000000003 64.2 0 0.6000000000000001 0 0 0 0 0 1 0 0.6000000000000001 0 0 0.6000000000000001 0 0 0 0 2.4000000000000004 0 0 0 0 0 0.8 0.6000000000000001 0.6000000000000001 0 0 0 0 0.4 0 0 0 0.6000000000000001 0 0.2 0 0 0 0 0 0.6000000000000001 0 0 0.6000000000000001 0 0 5.4 0 0 0.6000000000000001 0.4 0 0 0 0 0 0 0 3.6 1.8 6.6000000000000005 0.4 2.8000000000000003 5.4 0 4 2.6 1.8 0 0 0 1.8 0 5.6000000000000005 11.200000000000001 1.4000000000000001 0 1.6 0 0 0 0 0 0 0 0 0 0 0 0 0 0 0 0 0 0 2.4000000000000004 0.2 0 0 0 0 2.6 0 0 0 0 0 0 0 0 0.4 0 0 0 0 0 0 0 0 0 0 0 1.6 0 0 0 0 0 0 0 0.4 0.2 0.2 0 0 0 0 0.2 9.600000000000001 2.2 8.8 6.800000000000001 5 2.2 0 0 2.8000000000000003 2.4000000000000004 0 2.2 4.6000000000000005 5.800000000000001 5 2.6 2.6 2.4000000000000004 0 0 0 0 0 0 0 2.8000000000000003 1.8 0 0 0 0 0 0 0 0 0 0 5.800000000000001 2 0 0 0 0 0 0 0 0 0 0 0 0 0 0 0 0 0 0 0 0 0 0 0 0 0 0 0 0 0 0 0 0 0 0 0 0 0 0 2 0 0 0 0 0 0.4 0 0 0 0 0.6000000000000001 0 2.2 0 0 0 0 0 0 0 0 0 0 0 0 0 0 0 0 0 0 0.2 0 0 0 0 0.2 6 0 0 0 0 0 0 0 0 0 0 0 0 0 
 22.6 35.2 0 38 14.200000000000001 49 74 24.400000000000002 32.2 51.6 28.400000000000002 27.6 9.200000000000001 29 71.8 31.400000000000002 66 25.200000000000003 31.400000000000002 17 14.600000000000001 0.6000000000000001 0 0 0 0 14.8 0 0 0 0 0 0.6000000000000001 0 0.4 0 0 0.6000000000000001 0 0 0.2 0 0 0.8 0 0.6000000000000001 0 0 0 0 0.4 0 0 0 0.6000000000000001 0 0.8 6.2 0.4 0 0 0 0 0 0 0.6000000000000001 0 0 0 0 0 0.6000000000000001 0.4 0 3 0 0 0 0.4 0 2.8000000000000003 5.800000000000001 4.800000000000001 1.8 2.4000000000000004 5 0 6.6000000000000005 8.8 11.600000000000001 11 2 2.8000000000000003 3.8000000000000003 5.6000000000000005 2 3.4000000000000004 3.6 3.4000000000000004 6.2 0 0 0 0 0 0 2.2 0 0 0 0.2 0 4.2 0 2 0 0 0 0 4.800000000000001 0 0 0 0 0.2 0 1.2000000000000002 0 0 0 0 0 0 0 0 0 0 0 0 0 0 0 0 0 0 0 0 0 0 0.4 0 0 0 0 0.2 0 0 0 0 0 0 2.6 0 0.6000000000000001 1.8 12 1.8 3.4000000000000004 5.6000000000000005 3 0 0 0 5.2 2.6 7 6.2 0 0.6000000000000001 0 2.8000000000000003 0 0 0 0 0 2.2 0 0 0 0.4 0 2.4000000000000004 3.4000000000000004 0 2.8000000000000003 2.4000000000000004 0 0 0 0 0.4 0 0 0 0 0 0 0 0 0 0 0 0 0 0 0 0 0 0 0 0 0 0 0 0 0 0 0 0 0 0 0 0 0 0 0 0 0.4 0 0 0 0 0 0 0.4 0 0 0 0.4 2.2 2.4000000000000004 4.2 0 0 0 0 0 0 0 0 0 0 0 0 0 0 0 0 0 0 0 0 0 0 0 1.4000000000000001 0 0 0 0 0 0 0 0 0 0 0 0 0 
 73.60000000000001 29.200000000000003 38 0 44.6 53.2 16.400000000000002 20.400000000000002 40 13.8 13.4 36 9.600000000000001 16.2 14 46.2 75.60000000000001 29.200000000000003 10.600000000000001 8.6 14.8 15.600000000000001 0.2 0 0 0.2 0 0 0 0 0 0 31.200000000000003 14.8 14.600000000000001 0 0 1 0.2 0 0 0 0 0.4 0 0.6000000000000001 0 0 0 0 0.4 0 0 0 0.6000000000000001 0 0 0 0 0 0 0 0 0 0.6000000000000001 0.6000000000000001 0 0 0 0 0 0.6000000000000001 0.6000000000000001 0 0 0 0.4 0 0 0 0.2 4.2 10.200000000000001 3.4000000000000004 3 11.200000000000001 0 0.8 2 5.4 2.2 6.4 0 2.2 3.6 0 0 9.4 0 3.4000000000000004 3.4000000000000004 2.8000000000000003 3 0 0 0 3.2 0 0 0 0 0 1.6 0 2.8000000000000003 0.4 0 0 8 2.4000000000000004 0 0 0 0 0 0 3.8000000000000003 0.4 0 0 3.2 0 0 0 0 0 0 0 0 0.4 0 0 0 0 0 0 0 0 0 0 0 0 0 0 0 0 0 0 0 0 0 2 0 3.6 4 2.8000000000000003 0 0 0 10.200000000000001 0 7 0 0 3.8000000000000003 0.2 4.2 3.4000000000000004 0 0 0 0 0 0 0 0 2 2.4000000000000004 0 4.6000000000000005 0 0 2.8000000000000003 0 0 0 0 0 3.2 2.6 0 0 0 0 0 0 0 0 0 0 0 0 0 0 0 0 0 0 0 0 0 0 0 0 0 0 0 0 0 0 0 0 0 0 0 0 0 0 0 0 0 0 0 0 0 0 0 0 0.2 0.4 0.4 1.8 0 0 0 0 0 0 0 0 0 0 4.4 0 0 0 0 0 0 0 0 0 0 0 0 3.2 0 0 0 0 0 0 0 0 0 0 0 0 0 0 
 10.4 24.6 14.200000000000001 44.6 0 14.4 6.6000000000000005 77.80000000000001 59.2 32.800000000000004 37.2 7.2 31.400000000000002 14.600000000000001 76.4 17.400000000000002 28 6.800000000000001 12.4 14.8 15 0.6000000000000001 0 0 0.6000000000000001 0.6000000000000001 20.6 32.4 0 15 0.6000000000000001 1.2000000000000002 24 0.8 15.200000000000001 0 7.6000000000000005 1 14.8 15.600000000000001 0.2 0 0 0.8 0 1 0 0 0 0 0.4 0.4 0 0 0.6000000000000001 0 0.2 0.4 0 0 0 0 0 0 0 1.8 0 0 0 0 0 0.8 0.4 0 0 0 0 0 0 0 3.2 9 3.6 0.2 0.2 3.8000000000000003 0 2.4000000000000004 0.4 2.8000000000000003 4 2.2 0.2 0.4 2 0 3.4000000000000004 3.6 0 0.2 0.2 0.2 0 3.2 2.6 0 4 0 5.800000000000001 2 0.2 4.4 2 5 4.800000000000001 2.6 9.600000000000001 4 0 4.4 0 0 0 0 0 0 0 0 0 0 0 0 0 0.2 0 0 0 0 0 0 0 0 0 0 0 0 0 0 0 0 0 0 0 0.2 0 0.4 1 0 0 0 2.4000000000000004 0 2.8000000000000003 3.6 0 5.800000000000001 0 2.2 4.2 3.4000000000000004 0.6000000000000001 3.4000000000000004 0 3 0 0.2 1.8 1.4000000000000001 0 0 2.8000000000000003 0 1.8 0 0.2 0 2 0 6 7 0 0 2 0 2.8000000000000003 2.6 2 0 6 1.8 0 0 0 0 0 0 0 0 0 0 0 0 0 0 0 0 0 0 0 0 0 0 0 0 0 0 0 0 0 0 0 0 0 0 0 0 0 0 0 0 0 0 0 0 0.2 0 0 0 0.2 1.8 0.6000000000000001 1.8 0.4 0 0 0 0 0 0 0 0 0 6.4 0 0 0 0 0 0 0 0 0 0 0 0 0 0 0 0 2.8000000000000003 0 1.4000000000000001 0 0 0 0 0 0 0 0 
 51.6 25 49 53.2 14.4 0 4 7.6000000000000005 24 35.800000000000004 43.6 53 12.4 51.800000000000004 10.4 13.8 29.200000000000003 41.800000000000004 49 9.200000000000001 15.200000000000001 0.6000000000000001 0 0 0 0 29.200000000000003 0 0.2 0.4 0 0.6000000000000001 45.6 0.4 14.4 0.2 23.200000000000003 0.8 15.8 0.2 0 1 0 0.6000000000000001 0.2 0.6000000000000001 0 0 0 0 0.4 0 0 0.2 0.6000000000000001 0 0 0 0 0 0 0 0 0 0.2 0.6000000000000001 0 0 0 0 0 0.6000000000000001 0.6000000000000001 0 5.2 0 0 0 0 0 0 0 0.2 4.2 2.8000000000000003 12.600000000000001 0 2.6 0.2 0 0.2 0.4 0 3 0 0 0 0 0 0 4.2 0 3.4000000000000004 0 0 0 7 0 0 0 0 0 3.2 0 10.4 5.4 2 4.800000000000001 5.6000000000000005 9.200000000000001 0 0 0 0 0 0 0 0 0 0 0 0 0 0 0.4 0.4 0 0 0 0 0 0.2 0 0 0 1.4000000000000001 0 0 0 0 0 0 0.4 0 0 0 0 3 0 0 0 1.8 0 0 3.8000000000000003 2.2 0 0 0 0.2 0 3 0 0 11.600000000000001 4.4 0 3.8000000000000003 0 0.4 5 0 5 0.4 0.2 0 4.2 7.4 2.6 3 1.6 0 2.2 2.4000000000000004 1.4000000000000001 2 2 0 2.6 4.4 0 0 0 0 0 0 0 0 0 0 0 0 0 0 0 0 0 0 0 4.6000000000000005 0 0 0.4 0 0 0 0 0 0 0.2 0 0 0 0 0 0 0 0 0 0 0 0.4 2.8000000000000003 0 0 0.2 0.8 0.2 0.4 17 0 1.8 6.2 0 0 0 0 0 0 0 0 0 0 0 0 0 0 0 0 0 0 0 0 0 0 0 0 1.6 0 3 0 0 0 0 0 0 0 0 0 0 
 55.2 39.2 74 16.400000000000002 6.6000000000000005 4 0 19 27.8 31.6 26.200000000000003 21 39.800000000000004 61.2 30.6 25.6 5.800000000000001 4 10 107 0 0.6000000000000001 0 0 0 0.6000000000000001 0 0 7 0.4 0 1.2000000000000002 0.6000000000000001 0 0 0.8 0 6.6000000000000005 0.2 0.2 0 0 0 0.6000000000000001 6.2 0.6000000000000001 0 0 0.4 0 0.8 0 0.2 0 1.8 0.8 0.6000000000000001 0 0 0.2 0.4 0 0 0 0 0.6000000000000001 0 0 0 0 8.8 0.6000000000000001 0.6000000000000001 0 0 0 0 0 0 0 0 1.6 1.8 2.4000000000000004 2 2.8000000000000003 9 0 0 0 0 2 2 4 0 4.4 8.8 0 0.2 0 0.8 0 0 0 0 0 0 0 0 0 0 0 0 0 0 0 0 0 0.2 0 0 0 0 0 3.8000000000000003 0 0 0 0 0 0 0 0 0 0 0 0 0 0 0 0 0 0 0 0 0 0 0 0 0 0 0 0 0 1 0 2.2 0 0 0 5.4 4.4 8 1.6 0 0.6000000000000001 0 1.8 0 0 2.6 0 2.6 4.6000000000000005 0 4.4 0 1.4000000000000001 4.4 3 0 0 0 0 0 0 0 0 0 4.6000000000000005 0 0 0 0 0.2 0 0 0 0 0 0 0 0 0 2.2 0 0 0 0 0 0 0 0 0 0 0 0 0 0 0 0 0 0 0 0 0 0 0 0 0 0 0 0 0 0 0 7 0 0 0 0 0 0 0 0 0 0 0.4 0 0 3 0.6000000000000001 0 0 0 0 0 0 0 0 0 0 0 0 0 12.8 0 0 0 0 0 0 0 0 0 0 2.8000000000000003 0 0 0 0 0 0 0 0 0 0 0 0 0 
 45.400000000000006 37 24.400000000000002 20.400000000000002 77.80000000000001 7.6000000000000005 19 0 33 11.200000000000001 16 11.4 38 35.6 12.600000000000001 65.8 8.6 10.200000000000001 86.2 11.600000000000001 0.4 1 0 0.4 0.4 0 0.2 0.4 0 0 0 0.4 1.4000000000000001 0 0.8 1 0.2 0.8 0 0 0.4 0 0 0.6000000000000001 0 1.4000000000000001 0 0 0 0 0.4 0.4 0 0 0.6000000000000001 0 0.8 0.4 0 0 0 1.2000000000000002 1 0 0 0.6000000000000001 0 0 0.8 0 0 0.6000000000000001 0.4 0 0 0 0.4 0.2 0 0 2.2 0.8 0.2 2.6 0 0 14 2.6 7.6000000000000005 3.8000000000000003 2 1.4000000000000001 1.8 0 0 1.2000000000000002 1.2000000000000002 3.6 0.8 0 0 0 0 0 0 0.4 0 1.4000000000000001 0 0 0.4 0 0.4 0 0 0 0 0 0 0 0 0 11.200000000000001 0 0 0 0.2 0 0 0 0 0 0 0 0 0 0 0 0.2 0 0 0 0 0 0 0 0 0 0 0.2 0 0 0 0 0 0 0 0 0 0 4 2.2 0 3.8000000000000003 0 3 3.6 2.4000000000000004 0 0 6.800000000000001 1.8 0 2.4000000000000004 0 2.2 0 0 2.6 0 0 0 0 0 0 0 0 0 0 0 0.2 0 0 0 0 0 0 0 0 0 0 0 0 0 0 0.2 0 0 0 0 0 0 0 0 0 0 0.2 0.4 0 0 0 0 0 0.2 0 0 0 0 0 0.2 0 0 0 0 0 0 0 0 0 0 0 0 0 0 0 0.2 0.4 0 0 1 0 2.6 0 0 0 0 0 0.4 0 0 0 0 3.4000000000000004 0 0 0 0 0 0 0 0 0 0 0 0 0 0 0 0 0 0 0 0 0 0 0 0 0 0 0 
 27.200000000000003 28.6 32.2 40 59.2 24 27.8 33 0 32.2 36.2 19.8 47.400000000000006 29 82.4 49 48 5.4 11 31 0 0.6000000000000001 0 0 0 0.4 0 0 0 0.2 0 0 0.6000000000000001 0 0 0 4.800000000000001 0.4 0.4 0 0.2 0 0 0.4 0 0.6000000000000001 0.2 0 0 0 0.4 0 0 0 0.6000000000000001 0 0.2 0 0 0 0 0 0 0 0.4 0.6000000000000001 0 0 0 0 0 0.6000000000000001 0.4 0 0 0 0 0 0 0 6 13 5 0 0.2 0.4 4.2 4.6000000000000005 5.6000000000000005 5 5.6000000000000005 3.8000000000000003 0 2.2 7.4 2.2 4.4 6.2 0 3.8000000000000003 4.2 0 0 0 0 0 3.2 0 1.6 0 0 0 0.2 1.8 0 0 0 0 6.2 0 0 0 0 3.2 0 0 0 0 0 0 0 0 0 0 0 0 0 0 0 0 0 0 0 0 0 0 0 0 0 0 0 0 0 0 1.8 0 0 3.6 0 0 2.6 4.2 7.6000000000000005 3.8000000000000003 0 11.600000000000001 0 2.4000000000000004 7.6000000000000005 3 0 0.8 0 8 2 0 11 1 3.4000000000000004 0 1.8 0 0 0 0 0 0 0 0 2.6 0 0 0 3.8000000000000003 0 0 0 0 4.2 0.2 0 0 0 0 0 0 0 0 0 0 0 0 0 0 0 0 0 0 0 0 0 0 0 0 0 0 0 0 0 0 0 0 0 0 0 2.4000000000000004 0 0 1.4000000000000001 0 0 0 0 0 0 0 0 0 0.2 1 2 2 0 0 0 0 0 0 0 0 0 0 2 0 0 0 0 0 0 0 0 0 0 0 0 0 0 0 0 0 0 0 0 0 0 0 0 0 0 0 
 43.800000000000004 26.400000000000002 51.6 13.8 32.800000000000004 35.800000000000004 31.6 11.200000000000001 32.2 0 71.4 41 13.600000000000001 31.8 40.2 37.4 24 45.6 33.2 34.2 14.8 0.6000000000000001 0 0.2 0.4 0 0.4 0.2 0 0 0 0.2 30.6 15.4 0.2 0 0 0.4 3.6 15.8 0 0 0 0.4 0 0.6000000000000001 0 0 0 0.2 0.4 0 0 0 0.6000000000000001 0 0 0 0 0 0 0 0 0 0 0.6000000000000001 0 0 0 0 0 0.6000000000000001 0.4 0 0.8 0 0 0 0 0 0.2 3.2 3 0 6.4 0 0 1.8 0 0 2.8000000000000003 0.2 0 4.800000000000001 0.4 11.200000000000001 2.8000000000000003 0.2 0 0 4.2 0 0 0 0 0.4 0 0 0 0 0 0 5.800000000000001 0 2 0 0 0 3.6 4.2 0 0 0 0 0 0 0.4 0 0 0 0 0 0 0 0 0 0 0 0.4 0 0 0 0 0 0 1.4000000000000001 0 0 3.4000000000000004 0.2 0 0 0 0 0 0 0 0 0 0 0 5.800000000000001 5 0.4 2.6 4 0 2.2 0 4.2 2.2 2.6 0 6.800000000000001 5.2 8.6 0 4 0 0 3.2 0 0 0 0 0 4.2 1.2000000000000002 0 0 0.2 0 4.6000000000000005 2.4000000000000004 0 3 0 0 0 2.8000000000000003 0 0.4 0 0 0 0.4 0 0 0 0 0 0 2.2 0 0 0 0 0.2 0 0 0 0 0 0.2 0 0 0 0 0 0 0 0 0 0 0 0 0 0 0 0 0 0.2 0 0 0 0.2 0.8 0 0 0.2 0.4 3 4 0 0 0 0 0 0 0 0 0 0 0 0 0 0 0 0 0 0 0 0 0.2 0 0 5.4 2 0 0 0 0 0 0 0 0 0 1.8 0 0 
 25.200000000000003 44 28.400000000000002 13.4 37.2 43.6 26.200000000000003 16 36.2 71.4 0 10.4 32.2 8 18 59.400000000000006 102 14.600000000000001 23.400000000000002 37.4 0 0.8 0 0 0 0 0.2 0 0 0 0 0 19 0 0 0 0.8 0.4 15 14.8 0 0 0 0.8 6.6000000000000005 0.6000000000000001 0 0 0 0 0.4 0 0 0 0.6000000000000001 0 0 0 0 0 0 0 0 0 0 0.6000000000000001 0 0 0 0 0 0.6000000000000001 0.6000000000000001 0 0.6000000000000001 0 0 0 0 0 5.800000000000001 2.4000000000000004 0 5.6000000000000005 4.2 0 0 5.6000000000000005 1.4000000000000001 3.6 2.4000000000000004 2.2 6.800000000000001 15.200000000000001 0.4 0.2 0.6000000000000001 3 0 7.2 0 0 0 0 0 0 0 0 0 0 0 0 4.800000000000001 0 4.4 1.4000000000000001 0 0 0 2.4000000000000004 0 0 0 0 0 0 0 0 0 0 0 0 0 0.2 0 0 2.4000000000000004 1.4000000000000001 0 0 0 0 0 0 0.4 2 0 0 0 0 0 0 0 0 0 0 0 0 0 0 2.8000000000000003 3.4000000000000004 0.4 7.800000000000001 4.800000000000001 5.2 0 0 2.2 0 0 2.6 0.6000000000000001 2.4000000000000004 0 9.600000000000001 0 3.4000000000000004 0 0 2.4000000000000004 0 0 0 0 0 3.4000000000000004 1.2000000000000002 0 0 0 0 2.2 11 0 3 0 0 4.2 0 0 0 0.4 0 0 0 0 0 0 0 0 0 0 0 0 0 4.4 0 0 0 0 0 0 0 0 0 0 0 0 0 0 0 0 0 0 0 0 0 0 0 0 0 0 0 0.2 0.2 17.6 0 1 0 2.2 3 1.6 0 0 0 0 0 0 0 0 0 2.8000000000000003 0 0 0 0 0 0 0 0 0 0 0 0 1.4000000000000001 2.2 1.6 0 0 0 0 0 0 0 0 0 0 0 0 
 33.800000000000004 23.400000000000002 27.6 36 7.2 53 21 11.4 19.8 41 10.4 0 7.2 26 5.6000000000000005 5.800000000000001 11.200000000000001 16 7.2 7.6000000000000005 7.4 5 0 0.2 0 0 15.200000000000001 0 0.6000000000000001 0 0 0 2.6 4 12.4 0 0 0.4 15.600000000000001 9 0 0 0 0.4 0 0.6000000000000001 0 0 0 0.4 0.4 0 0 0 0.6000000000000001 0 0 0 0 0 0 0 0 0 0.4 0.6000000000000001 0 0 0.2 0 0 0.6000000000000001 0.6000000000000001 0 0 0.4 0 0 12.4 0 0 0 0.6000000000000001 0 0 4.4 0.2 0 2.6 2.6 0.2 0.4 0 0 5.6000000000000005 0 0 0 0 4.2 8.200000000000001 3.8000000000000003 3.2 2 0 0 0 0.2 0 0 0 0 1.6 2 0 0 0 0 10.600000000000001 1.8 0.2 2.4000000000000004 0 0 0 0 0 0 0 0 0 0 0 0 0 0 0 0 0 0 0 0 0 0 0 0 3.4000000000000004 0 0 0 0 0 0 0 0.2 0 0 0 0 0 0 5 1.8 0 0.4 0 0 0 3.8000000000000003 4.4 2.8000000000000003 4 0 1.4000000000000001 5.6000000000000005 2.6 6.800000000000001 0 0 0 0 0 0 0 0 0 0.8 1 0 0 0 0 2.4000000000000004 2 0 0 0 0 0 3 0 0 0 0 0.4 0 0 0 0 0.4 0 0 0 0 0 0 0 0 0 0 0 0 0 0 0 0 0 0 0 0 0 0 0 0 0 0 0 0 0 0 0 4.2 0 0 0 0 18.400000000000002 0 0.4 0 5 1.8 0 0 0 0 0 0 0 0 0 0 0.2 0 0 0 3.2 0 0 0 0 0 0 0 0 0.2 0 0 0 0 0 0 0 0 0 0 0 0 0 0 
 29.200000000000003 19 9.200000000000001 9.600000000000001 31.400000000000002 12.4 39.800000000000004 38 47.400000000000006 13.600000000000001 32.2 7.2 0 49.800000000000004 25.6 23.200000000000003 22.400000000000002 8 19.8 11.200000000000001 0.4 0.6000000000000001 0 0.2 0 0 0.6000000000000001 0 0 0.4 0 0.6000000000000001 0.6000000000000001 0 0 13.200000000000001 0.2 0.8 0 0.2 0 0 0 0.6000000000000001 0 0.6000000000000001 0 0 0.6000000000000001 0 0.6000000000000001 0 0 0 0.6000000000000001 0 0 1.4000000000000001 0 0 0 0 0 0 0 0.6000000000000001 0.4 10.200000000000001 1.6 0 0 0.8 0.4 0 0 0 0 0 0 0 20.400000000000002 2.4000000000000004 7.6000000000000005 0 2.8000000000000003 0 1.6 0 0 2.8000000000000003 0.2 0 0.6000000000000001 1.6 6 0 2 0 4.6000000000000005 0 0 0 0 0 0 0 0.4 0 0 0 0 0 0 0 0 0 0 0 0 0 0 0 0 0 0 0 0 0 0 0 0 0.4 0 0 0 0 0 0 0 0 0 0 0 0 0 0 0 0 0 0 0 0 0 0 0 0 0 0 0 0 11 0 7.800000000000001 9.200000000000001 0 2.2 5.2 1.8 2.8000000000000003 2 6 0 4.800000000000001 0.4 2.2 0 0 1.6 0 3.4000000000000004 0.4 0 0 0 0 0 0 0 0 0 0 0 0 0 0 0 0 0.4 4.6000000000000005 0 0 0 0 0.4 0 0 0 0 0 0 0 0 0 0 0 0 0 0 0 0 0 0 0 0 0 0 0 0 0 0 0 0 0 0 0 0 0 0 0 0 0 0 0 0 0 0 0.4 0.4 0.2 18.8 0 2.8000000000000003 0 0 0 0 0 0 0 0 0 0 4.4 0 0 0 0.4 0 0 0 0 0 0 0 0 0 3 0 0 0 0 0 0 0 0 0 0 0 0 0 
 11.8 28.6 29 16.2 14.600000000000001 51.800000000000004 61.2 35.6 29 31.8 8 26 49.800000000000004 0 37.6 72.8 22 7 77.60000000000001 69 0 0.6000000000000001 0.6000000000000001 0.2 0 0 0 0 0 0 0 0.4 0.6000000000000001 15 0 0 0 0.4 0 0.4 0 0 0 0.4 0 0.6000000000000001 0 0 0 0 0.4 0 0 0 0.6000000000000001 0 1 0 0 0 0 0 0 0.4 0 0.6000000000000001 0 0 0 0 0 0.6000000000000001 0.6000000000000001 0 0 0 0 0 0 0 9 2.2 2 1.8 0 2.2 3.2 0.2 4.6000000000000005 4.4 0.2 0.2 2 3.4000000000000004 4.4 2 4 0 3.2 2 4 0 0 0 0 0 0 0.4 0 0 0 0 0 2 0 0 0 0 4.4 0 0 0 0 0 4.2 0 0 0 0 0 0 0 0 0 0 0 0 0 0 0 0 0 0 0 0 0 0 0.4 0 0 0 0 0 0 0 0 3.2 2 0 0 1.2000000000000002 4 2.2 0 0 2.8000000000000003 12.200000000000001 2.6 2 0 0 0 0 7.4 1.6 3 2.6 2 0 4 0.2 0 0 0 0 0 0 0 0 0 0 0 0 2.2 0.4 0 0 0 4.2 0 0 0 0.4 0 0 0 0 0.2 0 0 0 0 0 3.8000000000000003 0 0 0 0 0 0 0 0 0 0 0 0 0 0 0 0 0 0.2 0.4 0 0 0 0 0 0 0 0 0 2.2 0 0 0.2 0 0 0 0 2.4000000000000004 4.800000000000001 0 0 0 0 0 0 0 0 0 0 0 0 0 0 0 0 0 0 0 0 0 0 0 0 0 0 0 0 0 0 0 0 0 0 0 0 0 0 
 78.2 27.200000000000003 71.8 14 76.4 10.4 30.6 12.600000000000001 82.4 40.2 18 5.6000000000000005 25.6 37.6 0 74.2 49.6 9.200000000000001 14.600000000000001 33.800000000000004 0 0.8 0.4 13.8 0 0 0 0 0 0 0 0 16 0 0 0.4 0 0.4 0.6000000000000001 0 0 0 0 0.8 0 0.6000000000000001 0 0 0 0 0.4 0 0 0 0.6000000000000001 0 0 0 0 0 0 0 0 0 0 0.6000000000000001 0 0 0 0 0 0.6000000000000001 1.4000000000000001 0 0 0 0 0 0 0 8.8 12.200000000000001 0 4.2 0 0 0 7 5 3 12.600000000000001 0.6000000000000001 4 8.8 3.2 3.4000000000000004 7.4 7 0 2.2 0 0.2 0 0 2 0 0 0 0.4 0 0 0 0.2 0 3.4000000000000004 0 0 0 0 0.2 0 0 0 0 0 0 0 0 0 0 0 0 0 0.4 0 0 0 0 0 0 0 0 0 0 0 0 0 0 0 0 0 0 0 0.4 1.4000000000000001 0.4 0 0 0 0 0 0 2.2 6.2 2.4000000000000004 11.600000000000001 0 3.4000000000000004 9.4 4 0 2.8000000000000003 2.8000000000000003 2 0.2 1.8 12.4 2 5.2 10.8 0 0 0.4 0 0 0 0 0 0 3.8000000000000003 0 0 0 0 0 0.6000000000000001 0 0.8 3.4000000000000004 0 0 0 0 0 0 0 0 0 0 2.8000000000000003 0 0 0 0 0 0 0 0 0 0 0 0 0 0 0 0 0 0 0 0 0 0 0 0 0 0 0 0 0 0 0 0 0 0 0.4 0 0.4 0.2 9.600000000000001 17.400000000000002 0 6.6000000000000005 0 0 0 0 0 0 0 0 0 0 2.8000000000000003 0 0 0 0 0 0 0 0 0 0 0 0 0 0 0 0 0 0 0 0 0 0 0 0 0 0 0 
 24.400000000000002 9 31.400000000000002 46.2 17.400000000000002 13.8 25.6 65.8 49 37.4 59.400000000000006 5.800000000000001 23.200000000000003 72.8 74.2 0 32.2 26.400000000000002 6 21.8 0 1 0.4 0 0 0 0.2 0 0.2 0 0 0.2 0.6000000000000001 0 0 0 0.2 0.4 0.6000000000000001 0 0 0 0 0.4 0 0.6000000000000001 0 0 0 0 0.4 0 0 0 0.6000000000000001 0 0 0 0 0 0 0 0.4 0 0 0.6000000000000001 0 0 1 0 0 0.6000000000000001 0.6000000000000001 0.6000000000000001 0 0 0 0 0 0 14.200000000000001 7.6000000000000005 3.8000000000000003 4 0 0 0 2.6 5.800000000000001 8 3.4000000000000004 5.6000000000000005 0.2 5.2 6 4 3.4000000000000004 7.800000000000001 0 6 3.6 0 0 0 0 0 0 0 0 0 0 0 0 2 0 4 0 0 6 0.4 0 0 0 0 0 0 0 0 0 0 0 0 0 0.2 0 0 0 0 0 0 0 0 0 0 0 0 0 0 0 0 0 0 0 0 1.2000000000000002 0.4 0 0 0 0 2.8000000000000003 9 5.800000000000001 9.600000000000001 0 5.6000000000000005 0 0.2 3.4000000000000004 3.4000000000000004 0.2 0.6000000000000001 0.8 1.8 2.4000000000000004 0 12.200000000000001 0 4 0 0 0 0 0 0 0 0 0 0 2.6 0 0 0 2.6 0 0 0 0 5 0 0 0 0 0 0 0 0 0 0 0 0 0 0 0 0 0 0 0 0 0 0 0 0 0 0 0 0 0 0 0 0 0 0 0 0 0 0 0 0 0 0 0 0 0 0.2 0.2 0 0.2 0 0.6000000000000001 1.8 0.8 0 0 0 0 0 0 0 0 0 0 2.2 0 0 0 0 0 0 0 0 0 0 0 0 0 0 0 0 0 0 0 0 0 0 0 0 0 0 0 
 38.800000000000004 14.4 66 75.60000000000001 28 29.200000000000003 5.800000000000001 8.6 48 24 102 11.200000000000001 22.400000000000002 22 49.6 32.2 0 39.2 14.600000000000001 25 0 0.6000000000000001 0 0 0 0 0.2 0 0 0 0 0 28.6 0 0 0 0 0.4 0 17.8 0 0 0 0.8 0 0.6000000000000001 0 0 12.200000000000001 0 0.4 0 0 0 0.6000000000000001 0 0 0 0 0 0 0 0 0 0 0.6000000000000001 0 0 0 0 0 0.6000000000000001 0.6000000000000001 0 0 0 0 0 0 0 6.6000000000000005 5.2 4.6000000000000005 3.8000000000000003 4.4 0 2.4000000000000004 2.8000000000000003 0 4.800000000000001 3 0 0 3.4000000000000004 2.6 10.200000000000001 11.8 10.8 0 0 0 0 0 0 0 0 0 0 0 0 0 0 0.4 0 0 11 0 0 2.2 0.8 0 0 0 0 0 0 0 0 0 0 0 0 0 0 0 0 0 0 0 0 0.4 0 0 0 0 1.2000000000000002 0 0 0 0 0 0 0 0 0 0 0 0 0 0 0.2 0.2 3.4000000000000004 7.6000000000000005 2.8000000000000003 8.200000000000001 0 2.2 3.6 13.4 0 3.6 2.2 3.8000000000000003 4.6000000000000005 10 2.4000000000000004 7.6000000000000005 0 0 0 0 0 0 0 0 2.6 2 0 0 0 0 0 0.6000000000000001 0 0 0 0 7.4 0 0 0 0 0 0 0 0 0 0 0 0 0 0 0 0 0 0 0 0 0 0 0 0 0 0 0 0 0 0 0 0 0 0 0 0 0 0 0 0 0 0 0 0 0 0 0.4 17.2 0 0 0.4 0 1 0 0 0 0 0 0 0 0 0 0 3.8000000000000003 0 0 0 0 0 0 0 0 0 0 0 0 2 2.8000000000000003 2 0 0 0 0 0 0 0 0 0 0 0 0 
 4.6000000000000005 47.400000000000006 25.200000000000003 29.200000000000003 6.800000000000001 41.800000000000004 4 10.200000000000001 5.4 45.6 14.600000000000001 16 8 7 9.200000000000001 26.400000000000002 39.2 0 25.200000000000003 51.800000000000004 12 1 0 0 0 0.6000000000000001 0.8 0.4 0.2 0 4.800000000000001 0 4 4.4 0 0.2 0 0.4 20.200000000000003 22 0 0 0 0.8 0 0.6000000000000001 0.6000000000000001 0 0.6000000000000001 0 0.4 0 0.6000000000000001 0.4 0.6000000000000001 0.6000000000000001 0 0 0 0 0 0 0.8 0 0 0.6000000000000001 0.4 0.4 0.8 0 0 0.6000000000000001 0.6000000000000001 0 0 0 0 0 1.4000000000000001 0.4 0 0.2 0 7.2 2 0 0 3.4000000000000004 4.800000000000001 2.8000000000000003 1.6 2.2 0 0.6000000000000001 0 8.200000000000001 0.2 1.6 0 1.6 1.8 0 0 0 0 0 2.6 0 0 0 0 0 3.8000000000000003 3.8000000000000003 0 1.4000000000000001 2 0 3.8000000000000003 5.2 0 0 0 0 0 0 0 0 0 0 0 0 0 0 0 0.2 0 0 0 0 3.8000000000000003 0.4 0 0 0 1.4000000000000001 0 0 0 0 0 0 0.2 0 0 0 0 0 0 0 0 0 0 11 6.4 0 0 2.8000000000000003 0 2.2 5.800000000000001 0 4.6000000000000005 0 2.8000000000000003 2 2.2 2.8000000000000003 4 0 0 0 0 0.2 0.4 0 4.4 1.2000000000000002 0 0 0 0 5.4 2.8000000000000003 0 0 0 0 0 0 0 0 0 0 0 4.2 0 0 0 0 0 0 0 0 0 0 0 0 0 0 0 0 0 2.6 2.8000000000000003 0 0 0 0 0.4 0 0 0 0 0 0 0 3.4000000000000004 0 0 0 3.4000000000000004 0 0 0 0.2 38.800000000000004 0 0 0 0.2 2.8000000000000003 0 0 0 0 0 0 0 0 0 0 0 0 0 0 0 0 0 0 0 0 0 0 0 1.4000000000000001 3.2 1.8 0 0 0 0 0 0 0 0 0 0 0 0 
 35.4 26.200000000000003 31.400000000000002 10.600000000000001 12.4 49 10 86.2 11 33.2 23.400000000000002 7.2 19.8 77.60000000000001 14.600000000000001 6 14.600000000000001 25.200000000000003 0 31.6 0 0.6000000000000001 0 0 0 0 0.4 0.6000000000000001 0 0 0 0 0.6000000000000001 0 0 0 0 1.4000000000000001 0 0 0 0 0 0.6000000000000001 0 0.6000000000000001 0 0 0 0 0.4 0 0 0 0.6000000000000001 0 0.6000000000000001 0 0 0 0 0 1 0 0 0.6000000000000001 0 0 1 0 0 0.6000000000000001 0.6000000000000001 0 0 0 0 0 0 0 4.800000000000001 0 5.800000000000001 1.8 0 0 6.2 2.8000000000000003 4.800000000000001 5.800000000000001 3 0 2.4000000000000004 1.6 7 7.4 0 0 4.6000000000000005 7.6000000000000005 0 0 0 0 0 0 0 0 0 0 0 0 0 0 0 0 0 0 0 0 0 0.4 0 0 0 0 0 0 0 0 0 0 0 0 0 0 0 0 0 0 0 0 0 0 0 0 0 0 0 0 0 0.4 0 0 0 0 0 0 0 0 4.2 2.2 0 3 2.4000000000000004 0 8.200000000000001 0.4 1.8 0 2.6 0 1.4000000000000001 0.6000000000000001 0 4.6000000000000005 0 0 4.800000000000001 0 0 0.2 0 0 0 0 0 0 0 0 0 0 0 0 0.4 0 0 0 0 0 0.2 0 0 0 0 0 2.8000000000000003 0 0 0 0 0 0 0.4 0 0 0 0 0 0 0 0 0 0 0 2.6 0 0 0 0 0 0.2 0.4 0 0 0 0 0 0 0 0 0 0 0 0 0.4 0 0.2 0 0 0.4 2.8000000000000003 0 0 0 0 0 0 0.2 0 0 0 0 0 0 0 0 0 0 0 0 0 9.8 0 0 0 7.6000000000000005 0 0 0 0 0 0 0 0 0 0 0 0 0 
 31.200000000000003 64.2 17 8.6 14.8 9.200000000000001 107 11.600000000000001 31 34.2 37.4 7.6000000000000005 11.200000000000001 69 33.800000000000004 21.8 25 51.800000000000004 31.6 0 0 0.6000000000000001 0 0 0 0 0 0 2.2 0 0 0 1 0 0 6.4 0 0.4 0 0 0 0 0 0.4 1.4000000000000001 0.6000000000000001 0 0 0 0 0.4 0 0 0 0.6000000000000001 0 0 3.4000000000000004 11.4 0 0 0 0 0 0 0.6000000000000001 0 0 0 0 0 0.6000000000000001 0.6000000000000001 0 0 0 0 0 0 0 4.800000000000001 0.8 4.2 0 3 0 4.6000000000000005 0 0 0 0.2 0 0 5.4 0.2 0.6000000000000001 2.2 0 0 0 0 0 0 0 0 0 0 0 0 0 0 0 0 0.2 0 0 0 0 0.2 0.2 0 2.6 0 0 0 0 0 0 0 0 0 0 0 0.4 0 0 0 0 0 0 0 0 0 0 0 0 0 0 0 0 0 0 0 0.4 0 0.2 2.2 0 0 0 2.4000000000000004 7.4 2 0.2 2 1.4000000000000001 0.2 0.2 0 0 0 0 0 2.6 2.6 4.4 0 0.4 0 5.2 0 0 0 0 0 0 0 0 0 0 0 0 1.2000000000000002 0 0 0 0 0 4.4 0 0 0 0 0 0 0 0 0 0 0 0 0 0 0 0 0 0 0 5.800000000000001 0 0 0 0 0 0 0 0 0 0 0 0 0 0 0 0 0 0 0 0 0 0 0 0 0 0.4 0 0 0 0.2 0 1.8 3 0 0 0.4 0 0 0 0 0 0 0 0 0 0 0 0 0 0 0 0 0 0 0 0 0 8 0 0 0 0 0 0 0 0 0 0 0 0 0 
 0 0 14.600000000000001 14.8 15 15.200000000000001 0 0.4 0 14.8 0 7.4 0.4 0 0 0 0 12 0 0 0 17.8 17.400000000000002 49.2 5.800000000000001 7.2 38.400000000000006 65.2 9.200000000000001 22.6 5 9.600000000000001 12.200000000000001 46.6 23.6 18.6 40.400000000000006 17 25.6 28.8 0 0.4 0 0.4 0 0 0 0.4 0.6000000000000001 0 0 0 0.2 0 0.6000000000000001 0 0.6000000000000001 0.6000000000000001 0 0.2 0 0 0 0 0 0 0.6000000000000001 0.6000000000000001 10.600000000000001 0.4 0 0 0 0 0 0 0 0 0 0 0 0 0 0 0 3.6 0 0 0 0 0 2.8000000000000003 0 0 0 0 0 0 0 0 3.6 0.2 0 0.2 1.2000000000000002 5 4.800000000000001 2.6 5 6.800000000000001 3 2.8000000000000003 5.4 7.4 2 1.6 4.2 5.2 0.2 2.6 1.2000000000000002 0 0 0 0 0 0 0 0 0 0 0 0 0 0 0 0 0 2.2 0.2 0 0 0 0 0 0 0 0 0 0 0 0 0 0 0 0 0.2 3.2 0 0 0 0 0 0 0 0 0 0 0 2.6 3 3.4000000000000004 0 0 0 0 0 0 0 0 4.4 6.4 1.8 2.2 4.2 4.4 1.4000000000000001 0 0.2 3.6 4.2 2.6 6.2 2.8000000000000003 2.6 0 0.2 2.8000000000000003 0 8.200000000000001 2.8000000000000003 0 0 0 0 0 2.4000000000000004 0 0 0 0 0 1.4000000000000001 0 0 0 0 0 0 0 0 0 0 0.4 0 0 0 0 0 0 0 0 0.2 0 0 0 0 0.4 0 2.8000000000000003 0 3.8000000000000003 0 0 0 0 20 0 0 0 0 0 0 0 1.6 0 0 15.4 9.200000000000001 0.4 0 2 0 0 0 0 0 0 0 0 0 0 0 0 0 0 0 0 0 2.2 0 1.6 0 0 0 0 2.4000000000000004 0 0 0 
 0.6000000000000001 0.6000000000000001 0.6000000000000001 15.600000000000001 0.6000000000000001 0.6000000000000001 0.6000000000000001 1 0.6000000000000001 0.6000000000000001 0.8 5 0.6000000000000001 0.6000000000000001 0.8 1 0.6000000000000001 1 0.6000000000000001 0.6000000000000001 17.8 0 56.6 60.400000000000006 8.4 19.8 26.400000000000002 74.60000000000001 85.2 44.6 66.60000000000001 38.800000000000004 56.800000000000004 52.6 36 12 25.8 19.8 16.400000000000002 8.200000000000001 0 0.4 0 0.4 1.2000000000000002 0 0 0.6000000000000001 0.6000000000000001 0 0 0 0 0 0.6000000000000001 0 4.2 0.6000000000000001 6.4 0 0 0 0 0 0.6000000000000001 0 0.6000000000000001 1.2000000000000002 0.4 0.4 0.8 0 0 0 0 0 0 0 0 0.8 0 0 0 0 0 0 0 0 0 0 0 0.4 0 0 0 0 0 0 0 0 2 11.200000000000001 11 8.8 6 2.2 0 2.8000000000000003 2 0 0 1.6 0 0 3.8000000000000003 0.2 4 4.800000000000001 3.6 0.2 0.4 0 0 0 0 0 2 0 0 0 0 0 0 2.2 0 0 0 0 13.4 8.200000000000001 0 0 4.2 0 0 1.6 0 0 0 0 0 1 0 0 0 0 5.800000000000001 0.2 0 0 0 0 0 0.4 0.2 0 0 0 0 0 5.6000000000000005 3.8000000000000003 0 0 0 0.2 0 5 0 0 3 7 3 2.4000000000000004 0 2.8000000000000003 0 0 0 3.8000000000000003 4.2 4.6000000000000005 0 7.4 2.2 3.2 3.8000000000000003 10.4 0 2.2 0 0.2 0.2 0 0 0 0 2.6 0 0 0 0 0 0 0 0 0 0 2.4000000000000004 0 0 0 0 0 0 0 0 0 0 0 0 0 0.2 0 0 0 0 0 0 0 0 0 4.2 0 0 0 0 0 0 0 0 0 0.2 0 1 0 0 17.2 0.2 0 0.4 0 0 0 0 0 1.6 0 0 0 0 0 0 0 0 0 0 0 0 0 0 0 0 0 0 2.6 0 0 0 0 
 0 0 0 0.2 0 0 0 0 0 0 0 0 0 0.6000000000000001 0.4 0.4 0 0 0 0 17.400000000000002 56.6 0 49.400000000000006 10 5.6000000000000005 14.8 24 49.2 32 32.800000000000004 26 14.8 63.800000000000004 42.6 26.200000000000003 37.4 43 25 8 0 0.8 0 1 0.4 0.2 0 0.4 0.6000000000000001 0 0.2 0 16 13.200000000000001 0.6000000000000001 0 0.6000000000000001 0.8 12.600000000000001 0 0 0 0 0.4 0 0 0.4 0 0 0.4 0 0 0 0.6000000000000001 0.2 0.6000000000000001 0 0.4 0 0 0 0 0 0 0 8 0 0 0 0 0 0 0 0 0 0 0 0 0 0 0.4 2.2 3.2 11.8 3 4.6000000000000005 1.8 2.6 1 9.4 1.8 6 0 0 0.2 1.2000000000000002 4.6000000000000005 2.4000000000000004 0 0 4.2 0 0 0 0 0 1.2000000000000002 3.4000000000000004 0.2 0 0 0 0 0 0 0 0 1.6 2 5.2 0 0 0 0 0 0 0 0 0 0 0 2 0 0 0 0 1.6 1.2000000000000002 0.2 0 0 0 0 0 0 5.800000000000001 0 0 0 0 0.4 0 0 0 0 0 0 0.6000000000000001 0 0 2.4000000000000004 0 1.2000000000000002 1.4000000000000001 2 4.4 0 0 7.800000000000001 0 5.6000000000000005 7 0 2.4000000000000004 5.6000000000000005 2 2.4000000000000004 2 0 0 0.2 0 0.2 0 0 0 0 2.2 0 0 0 0 3.8000000000000003 0 2 3 0 3 1.8 2 0 0 0 0 0 0 0 0 0 0 0 0 0 0 0 0 0 0 0 0 0 0 0 0 0 0 0 0 0 0 0 0 0 0 0 0.4 0.4 29.8 1 0 0.2 0.2 0 0 0 0 0 0 0 0 0 0 0 0 0 0 0 0 0 0 0 3.2 0.2 0 0 0 0 0 0 0 
 0 0 0 0 0 0 0 0.4 0 0.2 0 0.2 0.2 0.2 13.8 0 0 0 0 0 49.2 60.400000000000006 49.400000000000006 0 73.2 38.400000000000006 9.600000000000001 91 57 18.2 10.8 22.8 9.200000000000001 45.6 24.6 57.6 66.2 85.80000000000001 17 10 0.4 0 0 0.2 0 0 12.200000000000001 0.4 0.6000000000000001 0 0 0 0 0 6.2 0 0 0.6000000000000001 13.600000000000001 0.2 0 0 0 1 0 0 0 0 0 0 0 0 0 0 0 0 0 0 10.4 0 0 0 0 0 0 0 0 0 0 8.200000000000001 0 0 4.2 0 0 0 0 0 0 0 0 4.2 11.600000000000001 2 1.6 2.2 0.2 3.6 0 0 1 2 0 0 0.2 0.4 0 9 0 0 4.2 0 0.6000000000000001 0 0 0 0.8 0 0 0 0 0 2.6 3 0 0 0 2.8000000000000003 8 9.4 0 0 0 0 0 0 0 0 0 0 0 1 0 0 0 0 0.8 4.800000000000001 0 0 0 0 0 0 1.6 0 0 0 0 1.6 0 0 0 0 0 4.800000000000001 0 0 0 0 0.2 18.400000000000002 0.4 9.600000000000001 0.2 10.200000000000001 0 0 0 3.6 3 2.8000000000000003 0 2 0 3.2 0 3.6 0 5.4 3.8000000000000003 1.6 3.8000000000000003 0 0 0 3 1.8 0 0 0 0 0.8 5.800000000000001 1.4000000000000001 0 0 0 2 3 0 0 0 0 0 0 0 0 0 0 0 0 0 0 0 0 0 0 0 0 0 0 0.2 0 0 0 0 0 15.8 0 0 0 0 0 2.8000000000000003 0.2 0 18.400000000000002 15.4 0 0.8 0 0 0 0 0 0 0 0 0 0 0 0 0 0 0 0 0 0 0 0 0 0 0 0 2.8000000000000003 0 0 0 0 
 0 0 0 0 0.6000000000000001 0 0 0.4 0 0.4 0 0 0 0 0 0 0 0 0 0 5.800000000000001 8.4 10 73.2 0 27.8 11.4 35.6 32.6 84.80000000000001 16.400000000000002 46.800000000000004 11.4 60 19.6 18.8 9.4 28.200000000000003 18.6 32.6 0.2 7.2 0.6000000000000001 0 4.2 4.4 10.200000000000001 0.4 2.6 0 0 2.8000000000000003 0 1 13 17 0.8 1.2000000000000002 13 2.4000000000000004 9.8 0 0 1.2000000000000002 0 1 0.6000000000000001 0 0.2 0.4 0 0 0 0 0 0 0 0.4 0 0 0 0.2 0 0 0 0 0 0 0 0 0 0 0.4 0 0.2 0 0 0 0 0 0 2.8000000000000003 1.8 0 3.8000000000000003 2.4000000000000004 0 0 0 2.8000000000000003 0 4.2 2.8000000000000003 0.2 0 0.2 0 0 0 0 0 5.2 2 2.8000000000000003 0 0 0 1.2000000000000002 0 0 0 0 0.6000000000000001 0 4.800000000000001 0 0 3.2 2.4000000000000004 1.2000000000000002 0 2.4000000000000004 0 0.2 0 0 0 0 0 0 0 0 0 0 0 0 0 0 0 0 0 0 0 0 0 0 0 0 1.6 0 0 0.4 0 0 0 0 0 0 0 0 0 0 1.8 6.2 1.8 0 0 0 0 4.4 3.6 0.2 0 0 0 0.2 0 2.4000000000000004 0 0 2.2 0.8 0 0 0 0 1.8 1.8 1.8 5.6000000000000005 0 0 0.2 5.4 4.2 2.4000000000000004 0 2 2 0 0 0 0 0 0 0 0 0 0 0 0 0 4 0 0.4 0 0 0 0 0 0 0 0.4 0 0 0 0 0 0 0 0 0 0 0 3.8000000000000003 0.4 0 0.4 0.2 0 3.6 0.4 2.2 0 0 0 0 0 0 0 0 0.4 0 0 0 0 0 0 0 0 0 2.6 0.2 0.2 0 3.2 0 0 0 0 
 0.2 0 0 0.2 0.6000000000000001 0 0.6000000000000001 0 0.4 0 0 0 0 0 0 0 0 0.6000000000000001 0 0 7.2 19.8 5.6000000000000005 38.400000000000006 27.8 0 46.800000000000004 57.400000000000006 15.8 12.4 13.600000000000001 67 6.2 49 9.600000000000001 23.8 38.2 9.8 13 53.6 0.2 34 0.2 0 0 0 22.6 0.4 0.6000000000000001 0 0 0.2 0 14.200000000000001 0.4 4.800000000000001 0.6000000000000001 0.6000000000000001 12.4 0 0 0 0 0 0 0 0.2 0 0.4 0.4 0 0 0 0 0 0 0 0 0 0 0 0 0 0 0.2 0 0 0 0 0.4 0 0 0 0 0 0 0 0 0 0 0 2.2 1.6 0 0 4.4 0 0 0 0 2.4000000000000004 1.6 0 0 0 1.8 0 0 0 0 3.4000000000000004 0 7.800000000000001 3.8000000000000003 0.2 0 8.8 0 0 2.2 2 1.4000000000000001 14 3 7.2 0 2.4000000000000004 0 0 0 0 0 0 0 0.4 0 0 0 0 2.2 0 0 0 0 0 0 0 0.4 0 0 0 0 0 0 0 0.2 0 0 0.4 0 0 0 0.4 0.8 0 0 0 0 0 0 0 2.6 4 4.800000000000001 0.2 5.6000000000000005 0 0.4 2.8000000000000003 0 1.8 0 0 0 0 1.4000000000000001 0 2.4000000000000004 0 0 8.4 3.4000000000000004 0 2 3 0 3.8000000000000003 12.8 3.8000000000000003 3.8000000000000003 6.6000000000000005 2 6.2 13.200000000000001 0 0 3.8000000000000003 4.4 0.6000000000000001 6.6000000000000005 0 0 0 0 0 0 0 0 0 0 0 0 0 0 0 0.4 0 0 0.2 0 0 0 0 0 0 0.2 0 0 0 0 0 0 0 0.2 0.4 0 0.6000000000000001 15.600000000000001 0.2 0.2 0.2 0 0 0 0 0 0 0 0 0 0 0 0 0 0 0 0 0 0 0 0 0 2.4000000000000004 0 2.2 1.6 0 0 0 0 
 0 0 14.8 0 20.6 29.200000000000003 0 0.2 0 0.4 0.2 15.200000000000001 0.6000000000000001 0 0 0.2 0.2 0.8 0.4 0 38.400000000000006 26.400000000000002 14.8 9.600000000000001 11.4 46.800000000000004 0 12.200000000000001 6.800000000000001 50.2 3.8000000000000003 3.6 37.4 6.800000000000001 51.6 5.800000000000001 9 11.600000000000001 11.4 6 0 1 0 0.4 0.6000000000000001 0 0 0.4 13.200000000000001 0 0.2 0 0 0 0.6000000000000001 0 0.6000000000000001 0.6000000000000001 0 0 0 0 0 0.2 0.6000000000000001 0 0.6000000000000001 0.6000000000000001 0.4 0.8 0.4 0 0 0 0 0 0 0 0 0.4 0 0 0 0 0 8.200000000000001 0 0 0 0.2 0 0 0 0.2 0 0 0 0 0 0 2.4000000000000004 3.8000000000000003 5.800000000000001 4.2 0 1.8 7.6000000000000005 4.2 0 4 2 0 2 0 8.4 5.2 3.6 10.4 6.800000000000001 5.2 0 0 0 0 0 0 0 0 0 0 0 0 0 0 0 0 0 0 0 0 0 0 0 0 0 0 0 0 0 0 0 0 0 0 0 0 0.2 0.2 0 0 0 0 0 0 0 0 0 0.4 0.4 0 0 7.2 0 0 0 0 0 0 0 0 5.2 0 8 0 3.8000000000000003 0 4.2 10.600000000000001 4.6000000000000005 3.8000000000000003 5.6000000000000005 2.2 2 1.2000000000000002 2 0 6.4 5.6000000000000005 3.8000000000000003 2.2 1.8 0 0 0 0 0 0 0 0 0 0 0 0 0 0 4.800000000000001 0 0 0 0 0 0 0 0 0 0 0.4 0 0.2 0 0 0 0 0 0 0 0 0 0 0 0 0 3.4000000000000004 0 0 0 0 0 0 14.8 0 0 0 0 2.4000000000000004 0 0 0.2 0 0.4 0 1 0 0 0 0 1.2000000000000002 0 0 0 0 0 0 0 0 0 0 0 0 5.6000000000000005 0 2.2 0 0 0 0 0 0 0 0 
 0.4 1 0 0 32.4 0 0 0.4 0 0.2 0 0 0 0 0 0 0 0.4 0.6000000000000001 0 65.2 74.60000000000001 24 91 35.6 57.400000000000006 12.200000000000001 0 31.400000000000002 30.200000000000003 23.200000000000003 35.6 34.6 28.200000000000003 54.6 7.6000000000000005 8.6 16.2 156.4 27.8 0 0.6000000000000001 0 0.4 0 0.4 0 0.8 1.2000000000000002 0 0 0 0 0 0.6000000000000001 0 0.6000000000000001 1.8 6 0 0 0 0 0 8.6 0 0.6000000000000001 0 0.2 0.4 0 0 0 0 0 0 0 0 0 0 0 0 0 0 0 0 2.8000000000000003 0 0 0 0 0 0 0 0 0 0 0 0 0 0 2.6 4.6000000000000005 5.6000000000000005 5.4 3 2 4.4 1.8 2.2 2.6 6.4 0 2 0.2 5.800000000000001 7.6000000000000005 5.800000000000001 0.4 0 0 0 0 0 0 0 3.2 0 0 0 0 0 0.8 2 0 0 0 0 3.2 2.4000000000000004 0 0 0.4 0 0 0 0 0 0.2 0 0 2.4000000000000004 0 0 0 0 1.2000000000000002 0 0 0 0 0 0 0 0 0 0 0 0 0.2 1.4000000000000001 0 0 0 0 0 0 1.2000000000000002 0 0.4 0 5 3.8000000000000003 2 0 6.6000000000000005 0.4 0 0 5.800000000000001 2.4000000000000004 2.2 0 8.6 4.800000000000001 4.6000000000000005 0 5.2 0 5.6000000000000005 0.2 0 0 1.6 0 0 0 0 0 0 0 0 0 0 0 0 0 0 2.2 0.2 0 0 0 0 0 0 0 0 0 0 0 0 0 0 0 1.2000000000000002 0 0 0 0 0 0 0 0 0 0 0 0 0 0 0 0 0 0 2.8000000000000003 0.2 0 46.800000000000004 0.6000000000000001 0 0.2 0 0 0 0 0 0 0 0 0 0 0 0 0 0 0 0 0 0 0 0 0 0 0 0 3 2.2 0 0 0 
 0 0 0 0 0 0.2 7 0 0 0 0 0.6000000000000001 0 0 0 0.2 0 0.2 0 2.2 9.200000000000001 85.2 49.2 57 32.6 15.8 6.800000000000001 31.400000000000002 0 65.2 21.8 19 18.8 35.2 15 32.800000000000004 44.2 79 19.400000000000002 23.6 0 0.6000000000000001 0 41.400000000000006 0 0 26 0.4 0.6000000000000001 0 0 0.2 15 13.4 0.8 41.2 0.4 0.8 49.400000000000006 12.4 0 0 0 1 0 1.6 0.4 0 0 0.4 9.4 0 0 0 0 0.6000000000000001 0 0 0 0 0.4 0 0 0 0 0 0 0 0.2 0 0 0 0 0.4 0 0 0 0 0 0 0 0 2 0 0 0 0.8 1.6 0 1.8 4.4 2.6 0 0 0 0 1.8 2.2 0 0 3.4000000000000004 7.6000000000000005 0 0 0 0 3.8000000000000003 0.2 0 0 0 0 3.2 0 0 0 0 1.6 6 5.6000000000000005 0 0 0 0 0 0 0 0 0 0 0 1.2000000000000002 0 0 0 0 1.6 1 0 0 0 0 0 0 0 0 0 0 1.4000000000000001 0 0 0 0 0.4 0 0 0 0 0 0 0 4.4 0 2.8000000000000003 4.2 6.2 0 4 3.4000000000000004 0 0 4 0 0 9.600000000000001 3.2 0 0 0 0 4.4 4.4 0 0 0 0 0 3 0 0.2 0 0 7.6000000000000005 5.4 2.2 3.4000000000000004 0.4 0 5.2 4.2 0 1.6 0.2 0 0 0 0 0.4 0 0.4 0 0 0 0 0 0 0 0 0 0 0 0 0 0 0 0 0.4 0 0 0 0 0 0 0 0.6000000000000001 0 0.4 25.8 9 0.2 0.8 0.2 0 0 0 0 0 0 0 0 0 0 0 0 0 0 0 0 0 0 0 2.2 0 0 0.4 0 0 0 0 0 
 0.4 0.6000000000000001 0 0 15 0.4 0.4 0 0.2 0 0 0 0.4 0 0 0 0 0 0 0 22.6 44.6 32 18.2 84.80000000000001 12.4 50.2 30.200000000000003 65.2 0 37 108 67 57.400000000000006 52 35 24.200000000000003 23.6 36 13.8 0 0.4 0.2 0.2 0 0 0 0.4 0.6000000000000001 0 0 0 9 0 0.6000000000000001 0 0.6000000000000001 0.6000000000000001 0 11 0 0 0 0 0 0 0.6000000000000001 0 0.4 0.4 0 0 0 0 0 0 0 0 0 0 0 0 0 0 2 0 0 0 0 0 0 0 0 0 0 0 0 0 0 0 0 5 0 5.800000000000001 16 2 0 5.4 0.6000000000000001 2.6 1.8 7 0 2.8000000000000003 0.8 7 8.6 5.6000000000000005 0 0 0.2 0 0 0 0 0 2 0 0 0 0 0 3 0 2.8000000000000003 0 3.2 0 1.4000000000000001 0 0 0 0 0 0.2 0 0 3 2.4000000000000004 0 0 0 0 0 0 0 2 0.2 0 0 0 0 0 0 0 0.4 0 0 0 0 2 0 0 0 0 0 0.2 2.8000000000000003 0 0 0 10.200000000000001 6 2.6 0.2 8.6 0.4 3.8000000000000003 3.8000000000000003 6 4 3.4000000000000004 0 2 0.2 3.6 10.600000000000001 5.6000000000000005 0 3 0 0 0 0 0 0 0 0 0 0 0 0 0.2 0 3 0 0 0 0.4 0 0 0 0 0 0 0 0 0 0 0 0 0 0 0 0 0 0 0 0 0 0 0 0 0 0 0.2 0 0 0 0 0 0 0 0.4 2.2 0.6000000000000001 0.4 0.8 0.4 0.6000000000000001 0.4 0.6000000000000001 0 0 0 0 0.4 0 0 0 0 0 0 0 0.4 0 0 0 0 0 0 0 0 0 0 1.6 0 0 0 0 
 0 0 0 0 0.6000000000000001 0 0 0 0 0 0 0 0 0 0 0 0 4.800000000000001 0 0 5 66.60000000000001 32.800000000000004 10.8 16.400000000000002 13.600000000000001 3.8000000000000003 23.200000000000003 21.8 37 0 10.600000000000001 5.800000000000001 7.4 9.600000000000001 19.8 44 39.400000000000006 6.800000000000001 9.8 10 0.6000000000000001 0 0.2 0 0 12.200000000000001 0.4 0.6000000000000001 0 0.2 0 12.600000000000001 12.4 0.4 0 0.6000000000000001 0.8 37.2 0 0 0 0 0 11.200000000000001 0.2 0.2 0 8.200000000000001 0.4 0 0 0 0 0 0 0 0 0 0 0 0 0 0 0 0 0 0 0 0 0 0 0 0 0 0 0 0 0 0 0 1.6 0 0 7 5.2 1.8 2 3.6 3.8000000000000003 2.4000000000000004 4.2 0 2 0 1.8 6.4 5.6000000000000005 0 0 3.6 1.8 0.6000000000000001 2.8000000000000003 0 0 1.4000000000000001 4.2 0 0 0 0 8.4 0.2 2 0 3.8000000000000003 0 2.8000000000000003 0.2 0 0 0.6000000000000001 0 0 0 0 1.2000000000000002 0.8 0 0 0.8 0 0 0 0 0.2 0 0 0 0 0 0 2.2 0 0 0 0 0.2 0 0 0 0 0 0 0 0 0 0 0 0 2.2 3.8000000000000003 5.6000000000000005 3.6 4.4 0 0 7.800000000000001 0 6.6000000000000005 4.800000000000001 0 0 5.2 0 2 0 0 0 2.2 2.2 0 0 0 0 0 0.2 0 0 0 0 2 0 1.8 0 0 0 4.4 4 0 0 0 2.4000000000000004 0 0 0 0 0 0 0 0 0 0 0 0 0 0 1.2000000000000002 0 0 0 0 0 0 0 0 0 0 0 0 0 0 0 1.6 0 0 0.4 14.8 0 2 0 0 0 0 0 0 0 0 0 0 0 0 0 0 0 0 0 0 0 0 0 0 0 0 0 0 0 0 0 
 0 0 0 0 1.2000000000000002 0.6000000000000001 1.2000000000000002 0.4 0 0.2 0 0 0.6000000000000001 0.4 0 0.2 0 0 0 0 9.600000000000001 38.800000000000004 26 22.8 46.800000000000004 67 3.6 35.6 19 108 10.600000000000001 0 3.2 18.400000000000002 23 29.400000000000002 32.2 34.6 115.60000000000001 10.4 0 1 1.2000000000000002 0.2 0 0.4 14.4 0.4 1.2000000000000002 0 0 12.4 0 0 0.8 0 0.4 3.6 26.8 12.8 0 0 10.200000000000001 1.6 0.4 1.4000000000000001 0.4 0 0.6000000000000001 1 0 0 0 0 0 0 0.4 0 0.4 0 0 0 0 0 0 0 0 0 0 0 0 0 0 0 0 0 0 0 0 0 0 10 4.2 3.8000000000000003 2.4000000000000004 3.2 0 4.800000000000001 0 5.6000000000000005 0 4.6000000000000005 0 0 0 2.4000000000000004 0 4.4 0 0 0 5 2.4000000000000004 0 0 0 2.2 2.8000000000000003 0 0 0 0 5.2 2.4000000000000004 2.6 0 0 0.2 3.6 14.4 0 0 0.2 0 0 0 0 0 0 0 2.2 2 0 0 0 0 3.8000000000000003 1.6 0 0 0 0 0 0 0 0 0 0 0 0 0.6000000000000001 0 0 0 0 0 0 1.2000000000000002 0 0 2.8000000000000003 4.2 3 2.6 1 0 0 4 0 0 6.800000000000001 1.8 0 2 0.4 2 0.2 5.800000000000001 0 0 1.8 2 0 0 0 0 2.6 1.8 1.4000000000000001 0 0 1.6 2.2 1.8 0 0.2 0 2.4000000000000004 0.2 2.2 0 0 0 0 0 0 0 0 0 0 0 0 0 0 0 0 0 0 0 0 0 0 0 0 0 0 0 0 0 0 0 0 0 0 2 0 0.2 1.4000000000000001 0 0.8 0.4 0 0 0 0 0 0 0 0 0 0 0 0 0 0 0 0 0 0 0 0 0.2 2.8000000000000003 0 0 2.4000000000000004 0 0 0 0 
