 0 83.80000000000001 36.4 5.6000000000000005 6 5.4 94.80000000000001 53.2 36.800000000000004 48.400000000000006 22.8 6.2 27.8 11.4 40.6 7.6000000000000005 42 30.200000000000003 50.400000000000006 8.200000000000001 0 0 0 0 0.4 0.6000000000000001 0.2 0 0.4 0 0.4 0 0 0 0 0 0.4 0 0 0 0 0 0 0.2 0.8 0 0 0 0 0.2 0.4 0 0.4 0 0.6000000000000001 0.6000000000000001 0.4 0 0.4 0 0 10 0 0.6000000000000001 0.4 0 0.4 0 0 0.6000000000000001 0 0.6000000000000001 0.6000000000000001 0 0 0 0.4 1.4000000000000001 0 0 6.2 4.2 2.2 3.2 0 0 15.600000000000001 1.4000000000000001 3.4000000000000004 10 2.4000000000000004 4 5.4 3.2 6.4 2.8000000000000003 3.2 1.2000000000000002 3.2 0.2 0.4 2.2 0 0 0 0 4.4 0 0 0 0 0 0 0 0 0 0 0 3.4000000000000004 0 0.2 0 0 0 0 0 0 0 0 0.4 0 0 0 0.2 0.2 0 0 0 0 0 0 0 0 0 0 0.4 0 0.2 0 0 0.4 0 0 0 2.2 0 0 0 0 0 6.800000000000001 5 1.8 3.4000000000000004 2.2 0 0 0 5.4 2.8000000000000003 0.2 0.4 2.2 6.6000000000000005 0 0 6.4 2.4000000000000004 2.6 0 0 0 0 0 0 1.8 0 0 0 0 0 0 8 0 0 0 0 0 0 0 0 0 0 0 0 0 0 0 0 0 0 0 0 0 0 0 0 0 0 0 0 0 0 0 0 0 0 0 0 0 0 0 0 0 0 0 0 0 0 0 0 0 0 0 0 0 0 0 0 0.4 0 1.2000000000000002 0 0 0 0 0 0 0 0 0 0 0 0 0 0 0 0 0 0 0 0 0 0 0 0 0 0 0 0 0 0 0 0 0 0 0 0 0 0 
 83.80000000000001 0 46.400000000000006 16.6 5.800000000000001 8.6 40.2 52.6 47.2 48.6 5 59.6 40 60.2 27.6 18.8 59.800000000000004 39.800000000000004 54.400000000000006 48 0 0 0 0 0.4 0.4 0 0 14.600000000000001 0 0 0 0 0 0 0 0 0 7.4 0 0 0 0 0 0 0 0 0 0 0.2 0.4 0 2.6 0 0.6000000000000001 0 0.4 0 0.4 1 0 0 0 0.4 0.4 0 0 0 0 0.6000000000000001 0 1.4000000000000001 0.6000000000000001 0 0 0 0.4 0.8 0 0 7.800000000000001 5.800000000000001 6.6000000000000005 2 0 1.4000000000000001 0 4.6000000000000005 10 6.4 0.2 0 2.8000000000000003 0 0 0.2 0 2.6 4.800000000000001 0 7.2 0 0 2.6 0 0 0 0 0 0 0 0 2.8000000000000003 3.2 0 0 0 0 0 1.6 0 0 0 0 0 0 0 0 0 0 0 0 0 0 0 0 0 0 0 0 0 0 0 0 0.2 0 0 0 0.4 0 0 0.2 0 0 0 0 0 2.6 0 0.6000000000000001 0 1.2000000000000002 7.800000000000001 3.4000000000000004 3 9 1.8 3 1 0 2.6 0 2 0 0 4.6000000000000005 3.2 5.4 0.8 0 0 0 0 0 0 0 3.8000000000000003 0 0 4.4 0 0 0 0 0 0 0 0 0 0 0.4 0 0 0.4 0 0 0 0 0 0 0 0 0 0 0.2 0 0 0 0 0.2 0.2 0 0 0 0 0 0.2 0 0 0 0 0 0 0 0 0 0 0 0 0 0 0 0 0 0 0 0 0.8 0 0 0.4 1 0 0 0.4 0 0 0 0 0 0 0 0 0 0 0 0 0 0 0 0 0 0 0 0 0 3 0 0 0 0 0 0 0 0 0.2 0 0 0 0 
 36.4 46.400000000000006 0 18.400000000000002 28 12.600000000000001 89.4 48.400000000000006 54.800000000000004 38.6 50.6 7.6000000000000005 60.800000000000004 61.2 42.400000000000006 22.6 47.6 25.200000000000003 41.2 27.200000000000003 0 0 0 0.4 0.8 0.6000000000000001 0 0 0.8 0.4 0 0 0 0 0 0.4 0 0.2 0.2 0 0 0 0 0 0 0.2 0 0 0 0 0.6000000000000001 0 0 0 0.6000000000000001 0 0 0 0.6000000000000001 1 0 0 0 0.6000000000000001 0.4 0.2 0 0 0.2 0.6000000000000001 0 0.6000000000000001 0.6000000000000001 0 0 0 0.6000000000000001 0.6000000000000001 0 0 5.800000000000001 2 7.2 0.4 4.800000000000001 4.4 0 7 5.800000000000001 0 3.4000000000000004 3.2 0 0 0.2 4.6000000000000005 6.2 6 5.2 0 0 0 0 0 0 0 0 0 0 0 0 0 2.8000000000000003 3 0 0.4 0 0 0 1.2000000000000002 0 0 0 0 0 0 0 0.4 0 0 0 0 0 0 0 0 0 0 0 0 0 0 0 0 5.2 0 0 0 0 0 0 0 0 0 0 2.4000000000000004 0 0 0 0.8 0 0 7.2 2 3 3.4000000000000004 0 7.4 7.2 2.2 3.6 0.4 1.8 2 1.6 2.6 6.2 0.2 6.6000000000000005 0 0 0 0 0 0 0 0 0 4.6000000000000005 0 0 0 0 0 0 0 0 0 0 0 0 0 0 0 0 0 0 0 0 0 0 0 0 0 0 0 0 0 0 0 0 0 0 0 0 0 0 0 0 0 0 0 0 0 0 0 0 0 0 0 0 0 0 0 0 0 0 0 0 0.4 3.8000000000000003 2 0 0 0 0 0 0 0 0 0 0 0 0 0 0 0 0 0 0 0 0 0 0.4 0 10.4 0 0 0 0 0 0 0 0 3 0 0 0 0 0 
 5.6000000000000005 16.6 18.400000000000002 0 35.800000000000004 23.400000000000002 23.6 36.4 45.400000000000006 41.800000000000004 49.800000000000004 77 52 63 12.200000000000001 22 74.8 70.8 59 31.8 0.2 0 0 0.2 0.4 0.6000000000000001 0 0 0.2 0.4 14.600000000000001 0.4 21.200000000000003 0.4 0 0.2 0 0.4 14.8 0 0.4 0 0 0.2 0 0 0 0 12.8 0 0.6000000000000001 0 0 0 0.6000000000000001 0 0.4 0.4 0.6000000000000001 0 0 0 0 0.6000000000000001 1 0 0 0 0 0.6000000000000001 0 0.6000000000000001 0.6000000000000001 0 0 0 0.6000000000000001 0 0 0 3.2 8 2.6 4.2 10.4 0.2 2.2 2.6 5.6000000000000005 0 0 5.4 1.4000000000000001 4 2 7.800000000000001 7.6000000000000005 7.6000000000000005 0 0 1.4000000000000001 0.2 0 0 0 0 8.200000000000001 0 1.4000000000000001 0 0 0.2 0 1 0 0 0 0.2 0 0 0 0 0 0 0 0 2.4000000000000004 0 0 0 0 0 0 0 0 0 2.4000000000000004 0 0 0 0 2.6 0 0 0 0 0 0 0 0 0 0 0 0 0 2.4000000000000004 0 0 0.2 0 0 4.6000000000000005 0 4.800000000000001 5.2 2.2 3.2 2.8000000000000003 3.6 1 5 10.4 0 0 8.4 0.8 0.4 4.800000000000001 0 0 0 2 0 0 0 0.2 0.4 0 0 5.800000000000001 0 2.4000000000000004 3 0.2 0 0 0 0 3.6 0.4 0 0 0 0 0 0 0 0 0 0 0 0 0 0 0 0 0 0.4 0 0 0 0 0 0 0 0 0 0 0 0 0 0 0 0 0 0.4 0 0.4 0 0 0 3.2 0 0 0 0.8 13.8 0.4 0.6000000000000001 0 0.2 1.6 0 0.4 0 0 0 0 0 0 0 0 0 0 0 0 0.4 0 0 0 0 0 0 1.6 0 2.4000000000000004 1.2000000000000002 0 0 0 0 0 0 0 0 0 0 0 0 0 
 6 5.800000000000001 28 35.800000000000004 0 17.2 10.8 13.4 15.200000000000001 33.6 32 28.200000000000003 19.8 34.4 19.400000000000002 32.800000000000004 10.8 9.4 12.600000000000001 23.400000000000002 3.4000000000000004 8 0 1 0.4 0.2 0 4 0.4 0 0 0.6000000000000001 0 5.4 30.6 0 0.6000000000000001 0 8.6 0.6000000000000001 0 0 0.6000000000000001 0.8 12.200000000000001 0 6.800000000000001 0 0 0.6000000000000001 0.4 0 0 0 0.6000000000000001 0 0 0 0.4 0 0 0 0 0 0.6000000000000001 0 5.800000000000001 0 0 0.4 0 0.6000000000000001 0.6000000000000001 0.2 0.2 0 0 0 0.4 0 0 2.4000000000000004 0 3.6 0.2 2.6 0 0 0 0 2.4000000000000004 2.8000000000000003 0 0 0 0.2 2.4000000000000004 3.2 0 0 0 0 2 0 0 0 2.8000000000000003 0 0.2 0 0 0 0 0 4.4 2 3.8000000000000003 1.2000000000000002 0 5 0 0 0 0 0 0 0.4 0 0 0 0 0 0 0 0 0 0 0 0 0 0 0 0 0 0 0 0 0 0 0 0 0 0 0 0 0 0 0 0 0.4 0 2.2 5.4 4.800000000000001 0 5.800000000000001 0 0 1.6 0 1.8 0 0 0 2 0 2.2 2 0 2.2 0 0 2.8000000000000003 0 0 0 2 0.2 0 0 8.6 0 2.8000000000000003 6.800000000000001 2.6 3 2.2 4 1.2000000000000002 2.6 0 0 0 0 0 0 0 0 0 0 0 0 0 0 0 0 0 0 0 0 0 0 0 0 0 0 0 0 0 0 0.2 0 0 0 0 0 0 0 0 0 0 2.6 0 0 0 0.2 0 0 0 17.400000000000002 0.4 1.2000000000000002 0 0 0 0 0 0 0 0 0 0 0 0 0 0 0 0 0 0 0 0 0 0 0 2.6 0 0.2 0 0 0 0 0 0 0 0 0 0 0 0 
 5.4 8.6 12.600000000000001 23.400000000000002 17.2 0 25 11.200000000000001 8 64.8 28.8 77.80000000000001 10.600000000000001 6 47.2 31.200000000000003 20.6 8.200000000000001 70 67 15.4 0.6000000000000001 0 14.8 0.4 0.6000000000000001 0 0.4 19.200000000000003 7.6000000000000005 0 0 17 14.8 31.200000000000003 0.2 0 12 23 23.8 0 0 0 0 0 0 0 0 0 0 0.6000000000000001 0 0 0 0.6000000000000001 0 0 0 0.6000000000000001 0 0 0 0 0.6000000000000001 0.4 0 0 0 0 0.6000000000000001 0 0.6000000000000001 0.6000000000000001 0 0 0 0.6000000000000001 0 4.6000000000000005 0 0 6.800000000000001 0 1.2000000000000002 5 0.2 3.4000000000000004 2 0 1.6 3.4000000000000004 3 0 3 0 0 0 0 0 0 7.800000000000001 7.4 0 6.4 3.2 0 0 0 1.8 0 0 0 6 3.2 3.8000000000000003 0 3.4000000000000004 0 5.4 4.800000000000001 0 0 0 0 0 0 0 0 0 0 0 0 0 0 0 0 3.2 0 0 0 1.8 0 0.6000000000000001 0 0.4 2.4000000000000004 0 0 0.4 0 0 0.2 0 0 0 0 0 0 0 0 0 1.8 2.8000000000000003 1.4000000000000001 1.8 2.6 0 0 0.2 4.6000000000000005 3 2.4000000000000004 0.2 0 1.8 2.8000000000000003 0 0 0 0 0 0 0 2.6 1.4000000000000001 0 6.4 14.4 0 0 0 2 2.2 10.200000000000001 0 6 0 4.4 2.8000000000000003 0.4 0.4 0 0 0.4 0 0 0 0 0 0 0 0 0 0 0.2 0 0 0 0 4 0 0 0 0 0 0 0 0 0 0 0 0 0 0 0 1.4000000000000001 0 0 0 0 0 0 0 0 0 1.6 0 0 0 0 0.2 1.2000000000000002 0 0 0 0 0 0 0 0 0 0 0 0 0 0 3.2 0 0 0 0 0 0 0 0 0 0 2 0 0 0 2.4000000000000004 0 0 0 0 2.6 0 0 0 
 94.80000000000001 40.2 89.4 23.6 10.8 25 0 79.60000000000001 55.800000000000004 107.60000000000001 10.4 48.2 68.2 10.4 7.800000000000001 9.8 11.200000000000001 6.800000000000001 26.6 27.400000000000002 0 0 0 0.2 0.4 1 0 0 0.2 0 0 0 0 0 0.4 0 0.2 0 0 0 0 0 0 0 0 0 0 0 0 0 1.8 0 0 0 0.6000000000000001 0 0 0 1.8 0.8 0 0 0 0.6000000000000001 0.4 0 0 0 0 0.6000000000000001 0 0.6000000000000001 0.6000000000000001 0 0 0 0.6000000000000001 0.2 0 0 3.4000000000000004 0.6000000000000001 0.4 2.2 9.200000000000001 0 12.4 6.6000000000000005 1 0 2 7.2 0.2 5.2 0 6.2 0 2.2 4.6000000000000005 5 0 0 0 0 0 0.4 0.2 0 0 0 0 0 0 0.2 0 0 0 0 3.8000000000000003 0 0 0 0 0 0 0 0 0 0 0 0 0 0 0 0 0 2.4000000000000004 0.2 0 0 0 0 0 0 2.8000000000000003 0 0 0 0 0 0 0 0 0 4.2 0 0 0 0 0 1.8 2 4 3 2.8000000000000003 0 3 2.8000000000000003 1.2000000000000002 0 10 3.6 0 5.6000000000000005 2.6 0.6000000000000001 3.2 2.2 2.2 0 0 0 0 0 0 0 0.2 0 0 0 0 0 0 0 0 0 0 0 0 0 0 0 0 0 0 0 0 0 0 0 0 0 0 0 0 0 0 0 0.2 0 0 0 0 0 0 0.2 0 0 0 0 0.4 0 0 0 0 0 0 0 0 0 0 0 0 0 0.4 0.4 0 0.4 0.4 0 0 2.4000000000000004 0 0 0.2 0 0 0 0 0 0 0 0.2 0 0 0 1 0 0 0 0 0 0 0 0 0 0 0 0 0 0 0 0 0.2 0 0 0 0 0 0 
 53.2 52.6 48.400000000000006 36.4 13.4 11.200000000000001 79.60000000000001 0 29.200000000000003 24.200000000000003 5.2 8.200000000000001 37.4 99 4.2 12.8 25 23.400000000000002 112.2 33.800000000000004 0 0 0 0.4 0.4 0.4 0 0 0.8 0.4 0.4 0.4 0 0 0 0.4 0 0.4 0 0 0 0 0 0 0 0 0 0 0 0.2 0.4 0 0 0 0.6000000000000001 0 0 0.4 0.4 0.8 0 0 0 0.4 5.4 0 0 0 0 0.6000000000000001 0 0.6000000000000001 0.6000000000000001 0 0 0 0.4 0.8 0 0 7.4 1.8 5.6000000000000005 2.4000000000000004 3.8000000000000003 3.2 5.4 2.6 6 2 0.4 0 1.8 4.6000000000000005 0 0.2 4 7.800000000000001 6.2 2 0 0.4 0 0 0 0 0 0.4 0 0 0 0 0 0.4 0 0 0 0 4 0.4 0 0 0 0 0 0 0 0 0 0 0 0 0 0 0 0 3.4000000000000004 0 0.2 0 0 0 0 0 0 0 0 0 0 0 0 0 0 0 0.6000000000000001 0 0 0 0.4 0 2.8000000000000003 3 2.2 0.2 6.4 0 4.800000000000001 4.4 0 2 11.4 3.2 3.8000000000000003 0.2 2 0 3.4000000000000004 4 0.2 0 0 0 0 0 0 0 0 0 0 0 0 0 0 0 0 0 4.4 0 0 0 0 0 0 0 0 0 0 0 0 0 1.8 0 0 0 0 0 0 0 0 0 0 0 0 0 0 0 0 0 0 0 0 0 0 0 0 0 0 0 0 0 0 0 0 0 0 0.8 0 0 0 0 3.8000000000000003 0.8 0 0 0 0 0 0 0 0 5.6000000000000005 0 0 0 0 0 0.2 0 0 0 0 0 0 0 0 0 0 0 0 0 0 0 0 0 0 0 0 0 0 0 
 36.800000000000004 47.2 54.800000000000004 45.400000000000006 15.200000000000001 8 55.800000000000004 29.200000000000003 0 94 10.200000000000001 24.8 43 34.4 19.400000000000002 41 20.6 33.4 61 33.800000000000004 0 0 0 0 0.4 0.6000000000000001 0 0 41.400000000000006 0 0 0 7.6000000000000005 0 0 0 0 0 14.4 0 0 0 0 0 0 0 0 0 0 0.4 0.4 0 0 0 0.6000000000000001 0 0 0 0.4 0 0 0 0 0 0.6000000000000001 0 0 0 0 0.6000000000000001 0 0.6000000000000001 0.6000000000000001 0 0 0 0.2 0.6000000000000001 0 0 6 0.8 1.2000000000000002 0 5.2 0 0 0.6000000000000001 7.800000000000001 15.8 0.2 8.8 3.4000000000000004 11.8 2.4000000000000004 7.800000000000001 12.8 1.2000000000000002 0 0 7.6000000000000005 0 0 0 0 0 2 0 0 0 0 0 0 0 0 0.2 3.6 0 2.6 2 0 0 0 0 0 0 0 0 0 0 0 0 0 0 0 0 0 0 0 0 0 0 0 0 0 0 0 0 0 0 0 0 0 0 0 0 0 0 0 0 0 0 2 7.6000000000000005 3.8000000000000003 3.2 0 3.4000000000000004 17.400000000000002 0 0.4 2.6 2.2 3.4000000000000004 0.2 4.2 1.4000000000000001 11 2.4000000000000004 0 0 1.4000000000000001 0 0 0 3.2 2.8000000000000003 0 0 4.4 0 0 0 0 0.2 0 0 0 3.4000000000000004 0 0 9.4 0 0 0 0 0 0 0 0 0 0 0 0 0 0 0 0 0 0 0 0 0 0 0 0 0 0 0 0 0 0 0 0 0 0 0 0 0 0 0 0.2 0 0 0 0 1.2000000000000002 0.4 0 0 0 0 0 0 0 0 0 0 0 0 0 0 0 0 0 0 0 0 0 0 0 0 0 0 0 0 0 0 0 0 0 0 0 0 0 0 0 0 0 2 
 48.400000000000006 48.6 38.6 41.800000000000004 33.6 64.8 107.60000000000001 24.200000000000003 94 0 81.2 42 55.6 54.800000000000004 31 75.4 40.2 29.400000000000002 47.6 13 0.2 0 1 1 0.8 0.4 0 0 0.8 0 0 0 0.6000000000000001 0.6000000000000001 0.6000000000000001 0.4 0 0 0.6000000000000001 0.2 0 0 0 0 9.600000000000001 0.4 0 11.8 0 0.4 0.4 0 0.6000000000000001 1 11.8 0.4 0 0.2 0.4 0.6000000000000001 0 0 0 0 0.6000000000000001 0 0 0 0 0.6000000000000001 0.6000000000000001 0.6000000000000001 1 0 0 0 0.2 1.4000000000000001 0 0 5.2 8.6 4.800000000000001 4.2 0 0 3.6 2 6.4 7.2 4 4 3.8000000000000003 10 2 2.2 1.6 3.4000000000000004 2.2 0 0 0 0.2 0 0 0 0 0 0 0 0 0 0 0 0 0 0 0 6.6000000000000005 0 0 0 0 0 0 0 0 0 0 0 0 0 0.2 0 0 0 2.8000000000000003 0 0 0 0 0 0 0 0 0 0 0 0 0 0 0 0 0 0 0.2 0 0 0 1 1.8 4.4 7.4 0.4 3.4000000000000004 10.200000000000001 3.2 0 1.8 3 2.8000000000000003 0 1.8 0 5.800000000000001 5.800000000000001 4.4 2.8000000000000003 0 0 0 1.2000000000000002 0 0 0 0 1.4000000000000001 0 0 0 0 0 0 0 0.4 0 0 0 0 0 0 0 0 0 0 0 0 0 0 0 0 0 0 0 0 0 0 0 0 0 0 0 0 0 0 0.2 0 0 0 0 3.4000000000000004 0 0 0 0 0 0 0 0 0.4 0 0 0 0 0.2 0 0.4 0 0 0 0 2 0 0 0 0.4 0 0 0 0 0 0 2.4000000000000004 0 0 0 0 0 0 0 0 0 0 0 0 2.2 0 0 0 0 0 0 0 0 0 0 0 0 0 0 
 22.8 5 50.6 49.800000000000004 32 28.8 10.4 5.2 10.200000000000001 81.2 0 13.200000000000001 7.4 10.4 29.6 45.6 42.6 38.400000000000006 7.800000000000001 12.4 15.600000000000001 0 0 0 0.4 42 0 1.2000000000000002 0 0 0 0 28 16.400000000000002 4.2 0 0 0 16 16.8 0 0 0 0 0 0 0 0 0 0 0.6000000000000001 0 0 0 0.6000000000000001 0 0 0 0.6000000000000001 0 0 0 0 0.6000000000000001 0.4 0 0 0 0 0.6000000000000001 0 0.6000000000000001 0.6000000000000001 0 0 0 10.600000000000001 0 0 0 0.2 5 1.8 4 2.2 4 0 0 0 2.2 3.8000000000000003 8 0.4 2 2.2 0 8.8 9.4 2.8000000000000003 0 0 2 0 0 0 0 2 1.6 0 0 0 0 0 3 0 0 0 7.2 3 8 0 0 0 0 0 0 0 0 0 0 0 0 0 0 0 0 0 0 0 0 0 0 0.4 0 0 0 0 0 0 0 0 0 0 0 0 0 0 0 0 0 1.6 2.6 0 0 5.800000000000001 3.4000000000000004 3.4000000000000004 0 1.2000000000000002 6.4 0.2 2.2 0 0 0 2.8000000000000003 10.8 2.2 0 0 1.6 7.4 0 0 0 0 6.6000000000000005 1 0 0 0 0 0 3 2.2 0 0 0 0.8 2.2 0 0 0 0 0 0 0 0 2.4000000000000004 0 0 0 0 0 0 0 0 0 0 0 0 0 0 0 0 0 0 0 0 0 2.2 0 0 0 0 0 0 0 0 0 0 0 0 0 0 0.2 0.4 0 1.2000000000000002 1 0 2.4000000000000004 0 0 0 0 0 0 0 0 0 0 2 0 0 0 0 0 0 0 0 0 0 0 0 5.6000000000000005 2.4000000000000004 3 0 0 0 0 0 0 0 0 0 0 0 0 
 6.2 59.6 7.6000000000000005 77 28.200000000000003 77.80000000000001 48.2 8.200000000000001 24.8 42 13.200000000000001 0 6.800000000000001 5.4 21.400000000000002 24 49 15.4 11.4 6.6000000000000005 3.6 6.800000000000001 0 0 0.4 0.4 15 0.2 0 0.6000000000000001 0.6000000000000001 0 15 4.6000000000000005 15 0 0 0.2 27.400000000000002 0 0 0.4 1.2000000000000002 0.2 0.6000000000000001 0 0 0 0 0 0.6000000000000001 0 0.4 0.4 0.6000000000000001 0.6000000000000001 0.4 0 0.6000000000000001 0 0 0 0 0.6000000000000001 0.4 0 0.4 0 0.4 0.6000000000000001 0.6000000000000001 0.6000000000000001 1.2000000000000002 0 0 0.4 0.6000000000000001 0 0 0 0 0 6.2 4 2.4000000000000004 2 0 0 0.4 0 2.6 7.6000000000000005 0 0 0 0 11.200000000000001 1.8 0 0 8.200000000000001 0.8 2 0.2 0 0 2 0.4 0.2 0 0 0 0 0 3 0 0.6000000000000001 1.2000000000000002 0 2.6 0 0 0 0 0.2 1 0 0 4.2 0 0 0.2 0 0 0 0 0 0 0.4 0 0 0 0.4 0 0 0 0.2 0 0 0 0 0 0 0 0.2 0 0 0.2 0 0 0 3.6 3.8000000000000003 5 0 9.8 0 0.2 1.2000000000000002 2 0 0 0 0.2 0 2.6 10.8 0 0 0.6000000000000001 2.4000000000000004 4.2 0 0 0 0 5.2 0.4 0 7 0 0 0.6000000000000001 4.6000000000000005 3.4000000000000004 7 0.2 0.4 3.8000000000000003 0 0 0 0 0 0 0 0 0 0 0 0 0 0 0 0 0 0 0 0 0 0 0 0.2 0 0 0 0 0 0 0 0 0 0.4 0 0 0 0 0 0 0 0 3.6 0 0 0 0.2 18 0 0.2 16.8 0 3 0 0 0 0 0 0 0 0 0 0 0 0 0 0 0 0 0 0 0 0 0 0 0 3.8000000000000003 3.2 2.8000000000000003 0 0 0 0 0 0 0 0 0 0 0 0 
 27.8 40 60.800000000000004 52 19.8 10.600000000000001 68.2 37.4 43 55.6 7.4 6.800000000000001 0 57.400000000000006 48.400000000000006 93.4 69.8 33.800000000000004 49.400000000000006 34.800000000000004 0 0 0 0 0.4 0.4 0.4 0 0.4 0 0 0.4 0 0.2 0.6000000000000001 1.6 1 0 0 1.8 0.4 0 0.8 1.2000000000000002 0 0 0 0 0 0.2 0.6000000000000001 0.6000000000000001 0 0 1 0 12.600000000000001 0.2 0.6000000000000001 0.8 0 0 0 0.4 0.4 0 0 0 0.4 1.4000000000000001 0 0.6000000000000001 1.2000000000000002 0 0 0 0.4 3.2 0 0 6 5.6000000000000005 5 0 6.4 2.8000000000000003 2.8000000000000003 6.4 2.6 0 5.6000000000000005 2 1.8 11.600000000000001 3.8000000000000003 1.4000000000000001 3.2 3 5 0 0 0 0 0 0 0 0 0 0 0 0 0 0.4 0 0 0 0 0 0 5.2 0 0 0 0 0 0 0 0 0 0 0 0 0 0 0 0 3.2 0 0 0 0 0 0 0 0 0 0 0 0 0 0 0.2 0 0 0 0 0 0 0 0 0.2 0 7.6000000000000005 4.2 4.800000000000001 0 4.2 15.200000000000001 3.8000000000000003 2 2.8000000000000003 3.6 5.4 1.8 2.8000000000000003 8 0 2.2 1.8 0 0 0 0 0.4 0 0 0 0 0 0 0 0 2.2 0 0 0 0 0 0 0 0 0 0 0 0 0 0 0 0 0 0 0 0 0 0 0 0 0 0 0 0.4 0 0 0 0.2 0 0 0 0 0 0 2.8000000000000003 0 0 0 0 0 0 0 0 0 0 0 0 0 0.6000000000000001 0.4 0 0.4 0 3 3.2 0 0 0.2 0 0 0 0 0 0 0 2 0 0 0 0 0 0 0 0 0 0 0 0 0 0 0 0 0 0 0 0 0 0 0 0 0 0 0 
 11.4 60.2 61.2 63 34.4 6 10.4 99 34.4 54.800000000000004 10.4 5.4 57.400000000000006 0 31 27.8 6.2 11.8 49.6 28.6 0 0 0 0.2 0.8 0.4 0.2 0 0.2 0 0.6000000000000001 0.4 0 0.4 0 0 0.4 0.2 0.4 0 0.4 0 0 0.2 1 0 0 0 0 0.4 6.6000000000000005 0 0.4 0 0.8 0.6000000000000001 0.4 0 0.4 0 0 0 0 1 0.4 6.800000000000001 0.4 0 0 0.6000000000000001 0 0.6000000000000001 0.6000000000000001 0 9.4 0 0.4 1.4000000000000001 0.4 0 0.6000000000000001 4.4 4 0.4 4.800000000000001 2 6.800000000000001 2.2 5.800000000000001 4.6000000000000005 2.6 18.2 1.6 0 0 0.6000000000000001 10.600000000000001 5.2 6.800000000000001 0 0 0 0 0 0 0 0.2 0 0 0 0 0 0 0 0 0.2 0 0 0 2 0 0.2 0.4 0 0 0 0 0.2 0 0 0 0 0 0 0 0 1.6 0 0 0 0 0 0.2 0 0 0 0 0 0 0 0 0 0 0 0 0 0 0 0 0.8 0.2 0 6 3.4000000000000004 1.4000000000000001 10.600000000000001 7.2 8.6 4.2 1.2000000000000002 0.4 4.4 0.4 8.8 0 5.800000000000001 4.6000000000000005 0 1.8 0 0 0 0 0 0 0 0 0 0 0 0 0 0 0 0 0 0 0 0 0 0 0 0 0 0 0 0 0 0 0 0 0.4 0 0 0 0 0 0 0 0 0 0 0 0 0 0 0 0 0 0 0 0 0 0 0 0 0 0 0 0 0 0 0 0 0 0.2 0 0 0.4 0 3.2 2.2 0 0 0 0 0 0 0.2 0 0 0 2 0 0 0 0 0 0 0 0 0 0 0.2 0 3.4000000000000004 0 0 0 0 0 0 0 0 0 0 0 0 0 0 
 40.6 27.6 42.400000000000006 12.200000000000001 19.400000000000002 47.2 7.800000000000001 4.2 19.400000000000002 31 29.6 21.400000000000002 48.400000000000006 31 0 58.2 15 7.2 41.800000000000004 32.4 0 0 0 0.2 0.4 0.6000000000000001 20.200000000000003 0.2 0.2 0.2 0 0 0 0 0 0.4 0 0 15.200000000000001 0 0 0 0 0 4.2 2.4000000000000004 0 0 0 8 0.6000000000000001 0 0 0 0.6000000000000001 0 0 0 0.6000000000000001 1.2000000000000002 0 0 0 0.6000000000000001 0.8 0 0 0 0 0.6000000000000001 0 0.6000000000000001 0.6000000000000001 0 0 0 0.8 0 0 0 0.4 2.6 3.8000000000000003 5.800000000000001 0.6000000000000001 3 5.800000000000001 0 0 7.2 2.2 4.4 0 3.8000000000000003 0.4 8 7.800000000000001 1.2000000000000002 2 2.8000000000000003 0 0 0 0 0 0 0 0 0 0 0 0 3.4000000000000004 4 0 0 0 0 3 0 0 0 0 0 0 0 0 0 0 0 0 0 0 0 0 0 0 0 0 0 0 0 0 0 0 0 0 0 0 0 0 0 0 0 0 0 0 0 0 3.2 2 0 5 2.2 0 3.2 0 0 6 0 9 2 0 1 0 0 5.4 9.600000000000001 0 0 0 0 0 0 0 3.2 0 0 0 0 0 0 0.2 0 4.6000000000000005 0 0 0 0 0 2.4000000000000004 0 0 0 0 0 0 0 0 4.4 0 0 0 0 0 0 0 0 0 0 0 0 0 0 0 0 0 0 0 0 0 0 0 0 0 0 0 0 0 0 0 0 0 0 0 0.2 0.6000000000000001 0 0 0 0 2.2 0 0 0 0 0 0 0 0 0 0 0 0 0 0 0 0 0 0 0 0 0 0 0 2 0.2 2 0 0 0 0 0 0 0 0 0 0 0 0 
 7.6000000000000005 18.8 22.6 22 32.800000000000004 31.200000000000003 9.8 12.8 41 75.4 45.6 24 93.4 27.8 58.2 0 35.4 3.6 8.200000000000001 14.4 0 0 0 0 0.4 0.4 0 0 0 0.4 0 0 29.6 0 0 0.2 0 0 25.400000000000002 0 0 0 0 0 0 0 0 0 0 0.2 0.4 0 0 0 0.6000000000000001 0 0 0 0.4 0.8 0 0 0 0.4 0.4 0 0 0 6.6000000000000005 0.6000000000000001 0 0.6000000000000001 0.6000000000000001 0.4 0 0 0.4 0 0 0 0 4.6000000000000005 4 8.4 0.2 2.4000000000000004 0 0 3.2 1.6 3.6 7.4 3 2 0 4.2 5 10.8 0 0 8.200000000000001 0 0 0 0.4 0 6.2 0 0 0 0 0 3.8000000000000003 3.8000000000000003 0 0 0 0 2.2 0 0 0 0 0 0 0 0 0 0 0 0 0 0 0 0 0 0 0 0 0.4 0 0 0 0.2 0 0 0 2 0 0 0 0 0 0 0 0 0 0 0 1.4000000000000001 0 5.800000000000001 6.6000000000000005 4.4 0 8 0 0 6.4 0 0 2.8000000000000003 0 0 0.2 3.2 2 2.2 0 0 0 0 0 2.2 0 0 5.6000000000000005 0 0 0 0.2 0 0 0.2 0 0 0 0 0 0 0 0 0 0 0 0 0 0 0 0 0.4 0 0.4 0 0 0 0 0 0 0 0 0.2 0 0 0 0 0 0 0 0 0 0 0 0.4 0 0 0 0 0 0 0 0 0 0 0 0 17.2 0 0.4 0.2 0 1.8 0 0 0 0 0 0 0 0 0 0 0 0 0 0 0 0 0 0 0 0 0 0 0 4 3.6 0.2 0 0 0 0 0 0 0 0 0 0 0 0 
 42 59.800000000000004 47.6 74.8 10.8 20.6 11.200000000000001 25 20.6 40.2 42.6 49 69.8 6.2 15 35.4 0 42 17 8.8 14.8 0 0 0 0.4 0.4 0 0 0 0 0 0 28.200000000000003 16 0 0.4 0 0 41 0 0 0 0 0 0 0 0 0 0 0.2 0.4 0 0 0 0.6000000000000001 0 0 0 0.4 0.8 0 0 0 0.4 0.4 0 0 0 0 0.6000000000000001 0 0.6000000000000001 0.6000000000000001 0 0 0 0.4 1.4000000000000001 0 0 4.6000000000000005 0 0 7.2 2.2 0.4 0 0 1 4.6000000000000005 2.2 10.8 0 0 0 0 0 5.800000000000001 0 0 1.6 0.2 1.6 0 0.4 0 0 0 0 0 0 0 0 0.8 0 0.2 0 0 3.8000000000000003 0.4 0 0 0 0 0 0 0 0.2 0 0 0 0 0 1 0 0 0 0 0 0 0.8 0 4.2 0 0 0 0 0 0 0 0 0 0 0 0 0 0 0 0 0 0 0 3.8000000000000003 6.4 2.8000000000000003 0.2 1 0 2.2 0.4 4.6000000000000005 2 0.4 4 0 0 3.2 2.2 0 0 1.6 0 0 0 0 0 5.2 0.2 0 0 0 0 0 2 0 0 0 0 4.4 2.2 0 0 0 0 0 0 0 0 0 0 0 0 0.4 0 0 0 0 0 0 0 0 0.4 0 0 0.2 0 0 0 0 0 0 0 0 0 0 0 0 0 0 0 0 0.4 0 0 0 0 0.2 0.2 0.4 0.6000000000000001 0 2.4000000000000004 0 0 0 0 0 0 0 0 0 0 0 0 0 0 0 0 0 0 0 0 0 0 0 0 5.6000000000000005 7.800000000000001 0 0 0 0 0 0 0 0 0 0 0 0 
 30.200000000000003 39.800000000000004 25.200000000000003 70.8 9.4 8.200000000000001 6.800000000000001 23.400000000000002 33.4 29.400000000000002 38.400000000000006 15.4 33.800000000000004 11.8 7.2 3.6 42 0 7.800000000000001 13.200000000000001 8 0 0 0 0.4 0.2 0 0 0 0 0 0 23.200000000000003 0 15 0 0.4 0 0 0 0 0 1.4000000000000001 0 0 0 0 0 0 0.4 0.4 0 0 13 0.6000000000000001 0 0 0.2 0.4 0 0 0 0 0 0.6000000000000001 0 0 0 0 0.6000000000000001 0 0.6000000000000001 1.2000000000000002 0 0 0 0 1.4000000000000001 0 0 5.2 3.6 3.4000000000000004 13 6.2 0 3.8000000000000003 0 2.2 1.4000000000000001 4 9.8 0.2 4.6000000000000005 6.800000000000001 0 7.800000000000001 4 0.2 0 6.6000000000000005 6.4 0 0 0 0 5.2 1 0 0 0 0 0 0 0 0 0.6000000000000001 0 0 4.800000000000001 0 0 0 3.2 0 0 0 0 0 0 0 0 3.2 0 0 0 0 0 0 0 0 0 0 0 2.6 0 0 0 0 0 0 0 0 0 0 0 0 0 0 0 0 0 4.2 5.6000000000000005 3.6 2.8000000000000003 0.2 2.2 1.4000000000000001 0 0 0 4 2.6 0 2.8000000000000003 0 1.8 0 0 2.6 1.4000000000000001 0 0 0 0 2.6 0 0 7.800000000000001 4 0 2.6 3.4000000000000004 7.4 0 0.2 0 2.2 2 0 0 0 0 0 0 0 0 0 0 0 0 0 0 0 0 0 0 0 2.2 0 0 0 0 0 0 0 0 0 0 0 0 0 0 0 0 0 0 0 0 0 4 0 0 0 0.2 19 0 17.400000000000002 0.8 0 1.2000000000000002 0 0 0 0 0 0 0 0 0 0 0 0 0 0 0 0 0 0 0 0 0 0 0 0 1.8 0 0 0 0 0 0 0 0 0 0 0 0 0 
 50.400000000000006 54.400000000000006 41.2 59 12.600000000000001 70 26.6 112.2 61 47.6 7.800000000000001 11.4 49.400000000000006 49.6 41.800000000000004 8.200000000000001 17 7.800000000000001 0 23.400000000000002 6.2 0 0 0 0.8 0.2 0 0 0.4 0 0.2 0.4 0 0.4 0 0 0.4 0 0 0.6000000000000001 0.4 0 0 0.6000000000000001 0 0 1.2000000000000002 0 0 0.4 0.4 0 0 0 1.6 0.4 1.2000000000000002 0 0.4 0.4 0 0 0 0 0.6000000000000001 0 0 0 0 1 0 0.6000000000000001 0.6000000000000001 0 0 0 0.2 0.6000000000000001 0 0 4.4 0 0 0.4 0 0 8.200000000000001 3.8000000000000003 11 13.600000000000001 0.6000000000000001 7.2 4 0.4 2 5.4 0 0 2.8000000000000003 2.8000000000000003 0 0 0 0 0 0 0 0.2 0 0 0 0 0 0 0 0 0 0 0.6000000000000001 0.2 0 0 0 2.4000000000000004 0 0 0 0 0 0 0 0.4 0 0 0 0 0 0 0.2 0 0 0 0 0 0 0 0.4 0 0 0 0 0 0 0 4.800000000000001 0 0 0.4 0 0 2.2 2.4000000000000004 2.4000000000000004 2.8000000000000003 0 0 0 0.2 6.6000000000000005 0.2 0 0.2 2.2 8.200000000000001 0.4 0 0.8 5.800000000000001 6.6000000000000005 0.4 0 0 0 0 0 3.2 0 0 0 0 0 0 0 8.4 0 0 0 0 0 0 0 0 0 0 0 0 0.4 0 0 0 0 0 0 0 0 0 0 0 0 0 0 0 0.4 0 0 0 0 0 0 0 0 0 0 0 0 0 0 0 0 0 0 0 0 0 0 0.2 0 0 0.4 0 0 0.8 0 0 0 0 0 0 0 0 0 0 0 0 0 0 0 0 0 0 0 0 0 0 0 0 0 0 0 0 0 0 0 0 0 0 0 0 0 0 
 8.200000000000001 48 27.200000000000003 31.8 23.400000000000002 67 27.400000000000002 33.800000000000004 33.800000000000004 13 12.4 6.6000000000000005 34.800000000000004 28.6 32.4 14.4 8.8 13.200000000000001 23.400000000000002 0 0 0 0 0.6000000000000001 0.4 0.6000000000000001 0 0 0.6000000000000001 0 0 0.4 0 0.4 0 0.4 0 0.4 0 0 0 0 0.4 0 0 0 1.6 0 0 0 0.6000000000000001 0.8 0 0 1.4000000000000001 0 0.6000000000000001 0.6000000000000001 0.6000000000000001 0 0 0 0.6000000000000001 0.6000000000000001 0.6000000000000001 0 0 0 0.4 0.6000000000000001 0 0.6000000000000001 0.6000000000000001 0 0.6000000000000001 0 0.6000000000000001 0.2 0.4 0 6.4 1 2.4000000000000004 0 2.6 0 5.6000000000000005 12.4 6.800000000000001 3.2 0 0 2.2 2 4 1.4000000000000001 0 0 10 1 0 0 0 0 0 0 0 0 0 0.2 0 0 0.4 0 0 0 0 0 0 2.2 0 0 0 0 0 0 0 0 0 0 0 0.2 0 0 0 0 0 0 0 0 0 0 0 2.6 0 0 0 0 0 0 0 0 0 0 0 0 0 3 0 0 0 0 0.2 1.2000000000000002 5.800000000000001 0 3.6 11.4 3 6 0 0 3.2 1.8 3.6 4.2 2.4000000000000004 4.4 9.8 1.4000000000000001 0 0 0 0 0 1.8 0 0 0 0 6.2 0 0 0 0 0 0 0.2 0 0 0 0 0 0 0 0 0 0 0 0 0 0 0 0 0 0 0 0 0 0 0 0 0 0 0.2 0 0 0 0 0 0 0 0 0 0 0 0 0 0 0 0 0 0 0 0 0.4 0 0.4 0 0.4 0 0.8 0 0 0 0 0 0 0 0 0 0 0 0 0 0 0 0 0 3.8000000000000003 0 0 0 0 0 0 0 0 0 0 0 0 0 0 0 0 0 0 0 0 
 0 0 0 0.2 3.4000000000000004 15.4 0 0 0 0.2 15.600000000000001 3.6 0 0 0 0 14.8 8 6.2 0 0 46.400000000000006 25.400000000000002 6 8.4 7.4 30.6 9.8 7.800000000000001 12.200000000000001 4 48.400000000000006 20.200000000000003 12 35.800000000000004 22.200000000000003 20.200000000000003 25.8 11.8 45.6 0.6000000000000001 0 0 0 0 0.6000000000000001 0.4 0 0 0 0.2 0.8 0.4 0.4 0 0 0.6000000000000001 1 0 0.2 0 0 0 0 0 0.6000000000000001 0 0 0 0 0 0.6000000000000001 0.4 0 0 0.2 0 0 0 0 0 0 0 2 0.2 3.6 0 0 0 2.2 3.8000000000000003 0.2 0 0 0 0 0 0.2 0 0 5.2 10.200000000000001 1.6 5.800000000000001 3 0 4.2 3 2.8000000000000003 3.6 2.6 2.6 1.8 2.6 2.2 0 0 1.4000000000000001 0 6 0 0 2 0 0 0 1.8 0 0 0 0 0 3.8000000000000003 0 0 0 0 0 1.8 0 0.4 0 2.6 0 0 0 0 0 0 0 0 0 0 0 0 0 1.6 0 0 0 0 0 0 0.4 0 0 0 0 0 0 0 1.2000000000000002 0 0 0 0 5.4 0.2 0 1 5 2.6 0 1.2000000000000002 0 2.2 2.6 0 5.2 0 5.4 0 2 9.200000000000001 8 6.4 2 1.8 2 4 0 0.4 0 0 0 0 0 0 0 0 0 0 0 0 0 0 0 0 3.8000000000000003 0 0 0 0 0 0.2 0 0 0 0 0 0 0 0 0 0.2 0 0 0 0 0 0 0 0 0 0 0 0 0 14.8 29 0 0 4 2.2 1.6 0.2 0 0 0 0 0 0 0 0 0 0 0 0 0 0 0 0 0 0 0 0 0.2 0 0 0 0 0 0 0 0 0 0 0 0 0 
 0 0 0 0 8 0.6000000000000001 0 0 0 0 0 6.800000000000001 0 0 0 0 0 0 0 0 46.400000000000006 0 27.6 26 23.400000000000002 4.800000000000001 53.2 12.4 30.6 5.800000000000001 7 9 68 10.200000000000001 44.2 13.200000000000001 26.400000000000002 6.800000000000001 13.8 19.6 0.6000000000000001 0 0 0 0 11.4 0.4 0 0 0.2 0.2 0.6000000000000001 0.4 0.6000000000000001 0 0 0.6000000000000001 13.600000000000001 0 0.4 0 0 0 0 0 0.6000000000000001 0 0 0 1.4000000000000001 0 0.6000000000000001 0.4 0 0 0.4 0 0.4 0 0 0 0 0 0 0 2.8000000000000003 0 0 0.4 0 0 0 0 0 0 0 0 0 0 0 2.2 5.2 4.2 0.8 2.2 3.8000000000000003 0.2 4.4 0 10.200000000000001 5.2 6.4 0.8 0 10.4 0 3.8000000000000003 4.800000000000001 0.2 0.4 4.2 1.4000000000000001 0 0 0 0 6.2 0 0 0 0 0 1.4000000000000001 0.6000000000000001 0 0 0 0 1.4000000000000001 2 0 0 0 0 0 0 0 0 0 0 0 0 0 0 0 0 0 0 0 0 0 0 0 1.4000000000000001 0 0.4 0 0 0 0 0 0 0 0 0 0 0 0 0 5.2 0.4 0 3.6 5 0.2 6.6000000000000005 0 0.6000000000000001 1.2000000000000002 9.200000000000001 2.6 0 0.2 5 6.6000000000000005 10.8 6.4 5.4 1.6 2.4000000000000004 4.2 0 0 0 0 0 6 0.2 0.2 0 0 0 0 0 3.8000000000000003 0 0 0 5.4 10.600000000000001 0 0 0 0 0 0 0 0 0 0 0 0 0 0 0 0 0 0 0 4.800000000000001 0 0 0 0 0 0 0.2 0 0 14.600000000000001 0 0 0 0 3.6 0 0 1 0 0 0 0 0 0 0 0 0 0 0 0 0 0 0 0 0 0 0 0.8 0 3 0 2.2 0 0 0 4 0 0 0 0.4 
 0 0 0 0 0 0 0 0 0 1 0 0 0 0 0 0 0 0 0 0 25.400000000000002 27.6 0 23.6 13.4 5.2 18.6 34 57.6 11.4 4.2 23 9.200000000000001 10.600000000000001 8.6 38.2 11.600000000000001 22 4.2 7.6000000000000005 0 0.6000000000000001 0 0.2 0 0 0 0 0 0.8 0 0.4 12.4 0.2 0.4 1.2000000000000002 0 0 0 0.6000000000000001 0 0 0.2 0 0 2.2 0 0 0.4 0 0 2.8000000000000003 0 0 0 0.4 0 1 0 0 0 0 0 0 0 0 0 0 0 0 0 0 0 0 0 4.6000000000000005 0 0 0 0 0.2 2.2 3.4000000000000004 6.6000000000000005 8 4 0 3.8000000000000003 0 6 3 1.8 0 2 3 4.6000000000000005 1.6 2 0 0 2.2 0.4 0 0 0 0 4 0 0 0 0 0 4 0 0 0.2 0.4 0 0.6000000000000001 0.4 0 0 0 0 0 0 0 0.2 0 0 0 0 0 0 0 0 0 0 0 0 0 0 0 0 0 1.6 0 0.4 0 0 0 0 0 0 2.6 0 0 0 0 0 0 0 2.6 7.2 3 5.800000000000001 0 0.4 4.2 4.800000000000001 2.4000000000000004 0.4 0 0 0 2.6 1 2.8000000000000003 0.2 0.2 0 0 0 0 0 0 1 0 6.2 0 0 0 1.6 1.8 0 0 0 0 2.2 0 0 0 0 0 0 0 0.4 0 0.4 0.2 0 0 0 0 0 0 0 0 0 0 0 0 0 0 0 0 0 0 0 0 0 0 0 0 2 0.2 0.4 3 0.8 0 0 0 0 0 0 0 2.4000000000000004 0 0 0 0 0 0 0 0 0 0 0 0 0 0 0 0 0 0 0 0.8 0 0 0 
 0 0 0.4 0.2 1 14.8 0.2 0.4 0 1 0 0 0 0.2 0.2 0 0 0 0 0.6000000000000001 6 26 23.6 0 38.6 11 43.2 78 48.6 18 39.800000000000004 52.800000000000004 26 12.200000000000001 42.2 12.8 25.400000000000002 28.8 29 31.6 0.6000000000000001 0.2 0 23 0 0.6000000000000001 0.4 0 1.2000000000000002 0 0 0.8 0.4 0.6000000000000001 0.2 0 0.6000000000000001 6.4 0 0.2 0 0 0 4.4 0 0.6000000000000001 0 0 0 0.6000000000000001 0 0.6000000000000001 0.4 0.4 0 0.4 0 0.4 0 0 0 0 0 0 0 0 0 0 0 0 0.4 0 0 0 0 0 0 0 0.4 0 0 0 4.800000000000001 2 0 8.6 0 10 0 5 11.8 3.8000000000000003 0 1.8 4.6000000000000005 2.4000000000000004 4.2 1.6 0.4 0 6.2 0 0 0 0 0 0 0 0 0 0 0 2 2 0 0 0 0 0.2 0.6000000000000001 0 0 0 0 0 0 0 0 0 0 0 0 0 0 0 0.4 0 0 0 0 0 0 0 0 0 0 0 0 0 0 0 0 0 0 0 0 0 0 0 0 7 12.600000000000001 9.8 0.6000000000000001 2.8000000000000003 2.8000000000000003 2.8000000000000003 2.6 2.8000000000000003 12.4 4 9.600000000000001 0 0 0 7.800000000000001 0 5.2 0 3.2 3.8000000000000003 3 0 0 0.4 0 4 0 0 0 0 0 0 0 0 0 0 0 0.6000000000000001 0 0 0 0 0 0 0 0 0 0 0 0 0 0 0 0 0 0 0.4 0 0 0 0 0 0 0 0 0 0 0 0.2 0 0 0 0 2.6 0 0 8.6 0.4 0 2.8000000000000003 0.6000000000000001 0 0 0 0 0.4 0 0 0 0 0 0 0 0 0 0 0 0 0 0 2.6 0 0 0 0 0 0 0 0 
 0.4 0.4 0.8 0.4 0.4 0.4 0.4 0.4 0.4 0.8 0.4 0.4 0.4 0.8 0.4 0.4 0.4 0.4 0.8 0.4 8.4 23.400000000000002 13.4 38.6 0 73.4 9.4 80.2 13.200000000000001 19.200000000000003 28 8 70.4 11.4 19.8 32.6 36.800000000000004 8 13 14.8 13 0 0 0 0 0.6000000000000001 7.6000000000000005 0 6.6000000000000005 0 0.2 0.6000000000000001 19.200000000000003 12.8 0 0 0.6000000000000001 12.4 0 5.800000000000001 0 0 0 0 0 10.8 0 0 0 1.4000000000000001 0 0.6000000000000001 0.4 0 0 0.2 0 0 0 0 0 0 0 0 0 0 0 0 0 0 0 0 0 0 0 0 0 0 0 0 0 0 1 0 0 10.8 0 2.6 0.2 4.2 3.4000000000000004 5.800000000000001 0 0 0 0.2 0 0 0 0 4 5 0 2 0 0 4.2 1.2000000000000002 1.4000000000000001 3.6 0 0 0 2 1.6 7.4 2.4000000000000004 0 6.6000000000000005 2 0 0 0 0 0 0 0 0 1.8 0 0 0 0 0 0 0 0 0 0 0 0 0 0 0 0.2 0 0 0 0 0 0 0 0.2 0 0 0 0 0 0 0 0.2 0 4.4 2.6 0 0 0 0 0.6000000000000001 1 0.4 0.4 0 0 0 0 2.6 2.6 0 0 12.600000000000001 6.6000000000000005 0 1.4000000000000001 2.4000000000000004 3.8000000000000003 8 0 9.600000000000001 3.6 0 0 0.2 2.4000000000000004 0.2 2.2 0 0 0.2 7.6000000000000005 0 0 2.2 0 0.2 0 0 0 0 0 0 0 0 0 0 0 2.8000000000000003 0 0 0 0 0 0 0 0 0 0 0 0 0 0 0 0 0 2.6 0 0.4 0.8 0.2 0 0.4 0 0 0 0 0 0 0 0 0 0 0 0 0 0 0 0.4 0 0 3.8000000000000003 0 0 0 0 0 2.6 0 0 0 0 
 0.6000000000000001 0.4 0.6000000000000001 0.6000000000000001 0.2 0.6000000000000001 1 0.4 0.6000000000000001 0.4 42 0.4 0.4 0.4 0.6000000000000001 0.4 0.4 0.2 0.2 0.6000000000000001 7.4 4.800000000000001 5.2 11 73.4 0 21.8 21.6 55.2 122.2 93.80000000000001 15.200000000000001 8.6 5.2 11.200000000000001 17.6 9 13.200000000000001 11.4 10.200000000000001 0.6000000000000001 26.200000000000003 0 0 0 0.6000000000000001 0.6000000000000001 0 0.2 0 0.2 0.8 11.200000000000001 13.4 13.200000000000001 0.2 13.4 0.4 4.4 5 0 0 0.4 0 0 0.6000000000000001 0 0 0 0 0 0.6000000000000001 0.4 0 0 1 0 0.8 1 0 0 0 0 0 0 0 0 0 0 0 0 0 0 0 0 0 0 0 0 0 0 0 0 0 6.4 1.4000000000000001 0 10.200000000000001 7.2 0.4 0 0.2 0 0 0 2.4000000000000004 0 0 0 0 6.2 1.8 0 2.4000000000000004 0 1.8 4.6000000000000005 5.2 1.6 4.2 0 3.4000000000000004 6 0 2.2 2.4000000000000004 5 0.2 2.6 0.4 0 0 0 0 0 0 0 0 2.2 0 0 0 0 0 0 0 0 0 0 0 0 0 0 0 0 0 0 0 0 0 0 0 0 0 0 0 0 0 0 0 2.8000000000000003 2.6 4.6000000000000005 0.6000000000000001 4.6000000000000005 4.6000000000000005 0 0 2.4000000000000004 1.8 3.2 4.800000000000001 0 0 0 0 0 0.4 0 0 2.4000000000000004 0 0 3.2 0 0 0 3.2 0 2.2 0 1.4000000000000001 7.800000000000001 3.8000000000000003 5.800000000000001 3.2 0 0 4.4 2.2 0 0 0 0 0 0 0 0 0 0 0 0 0 0 0 0 0 0 0 0 0 0 2.8000000000000003 0 0 0.2 0 0 0 0 0 0 0 0 0.6000000000000001 0 0.2 0 0.6000000000000001 0.4 2.4000000000000004 0.8 0 0 0 0 0 2.8000000000000003 0 0 0 0 0 2.8000000000000003 0 0 0 5.800000000000001 0 0 0 0 0 0 0 0 0 0 0 0 
 0.2 0 0 0 0 0 0 0 0 0 0 15 0.4 0.2 20.200000000000003 0 0 0 0 0 30.6 53.2 18.6 43.2 9.4 21.8 0 34.2 12.8 38.6 30.200000000000003 63.400000000000006 14.8 21.8 10 40.2 5.2 35 9.200000000000001 46.2 0.6000000000000001 1 0 0 0 0.6000000000000001 0.8 0 3.8000000000000003 0 0 0.6000000000000001 0.4 0.6000000000000001 0 0 0.6000000000000001 4.2 0 0.4 0 0 0 0 0 0.6000000000000001 0 0 0 0 0 1.4000000000000001 0.4 0 0 0.4 0 0 0 0.4 2.4000000000000004 0 3.2 0 0 0 0 0 0 0 0 0 0 0 0 0 0.4 0 0 0 3.4000000000000004 2 0 3.4000000000000004 0 7.800000000000001 0 8.200000000000001 0 6.800000000000001 2 1.8 0.2 2.2 3.6 5.6000000000000005 2.2 0.8 0 0 0 0 0 0 0 0 0 0 3.8000000000000003 0 0.2 0.2 3.8000000000000003 0 0 0 0 0 1.8 0.4 0 0 0 0 0.4 0 0 0 0 1.4000000000000001 0 0 0 0 0 0.2 0 0 0 0 0 0 0 0.2 1 0 0 0 1.6 0 0 0 0 0 0 3.4000000000000004 0.4 0.4 0 0 4.800000000000001 3.4000000000000004 5.6000000000000005 5.800000000000001 3 6.800000000000001 0 0 2.4000000000000004 2.4000000000000004 7.4 1.4000000000000001 0 0 0 0.8 1.8 2 0 3 0 2 0 0.2 0 0 0 0 0 0 0 0 0 0 0 0 0 0 1.4000000000000001 0 0 0 0 0 0 0 0 0 0 0 0 0 0 0 0 0 0 0 0 0 0 0 0 0 0 0 0 0 0 0 0 0 0 0 1.6 0 0.2 16 15.600000000000001 0 0.2 0 0 0 0 0 0 0 0 0 0 0.2 0 0.6000000000000001 0 0 0 0 0 0 0 0 0 0 0 0 0 0 0 0 
 0 0 0 0 4 0.4 0 0 0 0 1.2000000000000002 0.2 0 0 0.2 0 0 0 0 0 9.8 12.4 34 78 80.2 21.6 34.2 0 13.200000000000001 8 7 23.200000000000003 58.2 14.4 29.400000000000002 64.8 63.400000000000006 8.200000000000001 7.800000000000001 22.6 0.6000000000000001 0 0.8 1 0.2 0.6000000000000001 0.4 0 0 0 0.2 0.6000000000000001 12.8 0.4 0 0 0.6000000000000001 2.4000000000000004 0 0 0.8 0 0 11.4 0 9.4 0 0 0 0 0 1 0.4 0 0 0.4 0 0 0 0 0 0 0 0 0.2 0 0 0 0 0 0 0 0 0 0 0 0.2 0 0 0 0 0 1.6 0 0 8 0 4.2 0 4.800000000000001 11.200000000000001 0 0.2 2.2 2.4000000000000004 9.8 2.8000000000000003 0 0 2 2.6 0 0 0 0 0 0 0 0 0 0 0 1.6 0 0 0 0 0 0 0 0 0 0 0 0 0 0 0 1.4000000000000001 0 0 0 0 0 0 0.6000000000000001 0 0 2 0 0 0 0 0 0 0.2 0 0 0 0 0 0 0 0 0.2 0 0 0 0 0 0 5.2 6.2 0 2.4000000000000004 0 0 0 14 8.4 9.600000000000001 8 2 1.8 7.6000000000000005 0 3 2.2 0.2 0 0 0 0 2.4000000000000004 1.2000000000000002 0 0 0 0 0 0 0 0 0 0.6000000000000001 0 0 0 0 0 0 0 0 0 0 0 0 0 0 0 0 0 0 0 0 0 0 0 0 0 0 2.8000000000000003 0 0 0 0 0.4 0 0 0 0 0 0 0 0.8 0.2 0.8 15.600000000000001 0 0.2 2.6 2.4000000000000004 0 0.4 0 0 0 0 0 0 0 0 0 0 0 0 0 0 0 0.2 0 0 0 0 0 0 0 0 0 1.4000000000000001 
 0.4 14.600000000000001 0.8 0.2 0.4 19.200000000000003 0.2 0.8 41.400000000000006 0.8 0 0 0.4 0.2 0.2 0 0 0 0.4 0.6000000000000001 7.800000000000001 30.6 57.6 48.6 13.200000000000001 55.2 12.8 13.200000000000001 0 80 51.800000000000004 29.200000000000003 21.200000000000003 17.400000000000002 36.800000000000004 58.800000000000004 13.600000000000001 40.6 14.200000000000001 40.400000000000006 0.6000000000000001 0 0 0 0.2 0.6000000000000001 0.4 0 0 0 0 0.6000000000000001 12.8 0.6000000000000001 0 0.2 0.6000000000000001 0 0 0.4 0.6000000000000001 0.6000000000000001 0 0 0 0.6000000000000001 0.8 0 0 0 0 1.6 0.4 0 0.2 0.6000000000000001 0.2 0 1 1 0 3 0 0 0 0 0 0 0 0 0.4 0 0 0 0 0 0 0 0 2.4000000000000004 2.4000000000000004 3.4000000000000004 0 10.600000000000001 0 0 3.8000000000000003 0 0 4 0.4 3.8000000000000003 2.8000000000000003 0 0 2.2 0 0 6.2 4.2 0 0 0 0 0 0 5.2 0 0 0 0 0 0.2 0 0 6.2 0 0 0 0.2 0 0 0 0 0 0 0 0 0 0 0 0 0 0 0 0 0 0 0 0 0 0 0 0 2.6 2.8000000000000003 0 0 0 0 0 0 0 0 5.6000000000000005 0 0 1.6 0 0 0 0 0 2.4000000000000004 0 0 3.2 8.4 0.4 0.4 4.800000000000001 3.6 3.2 0 2 7.4 2.8000000000000003 5 0 8.8 0 0 0.4 0 0.4 0 0.6000000000000001 0 3.6 0 0 0 1.6 2 0 0 0 0 2.2 0 0 0 0 0 0 0 0 0 0 0 0 0 0 0 0 0 0 0.4 0 0 0 0 0 0 0 0 0 0 0 0 0 0 0 0 2.2 0.2 0.4 0.4 0 0.4 0.2 0 0 0 0.2 0 0.8 0 0 0 0 0 0 0 0 0 0 0 0 0 0 2.4000000000000004 0 0 0 0 1 0 0 0 
 0 0 0.4 0.4 0 7.6000000000000005 0 0.4 0 0 0 0.6000000000000001 0 0 0.2 0.4 0 0 0 0 12.200000000000001 5.800000000000001 11.4 18 19.200000000000003 122.2 38.6 8 80 0 76 7.6000000000000005 25 35.4 21.8 52 17.2 27 36.800000000000004 50 0.6000000000000001 0.8 11.8 0 0 0.6000000000000001 0.4 0 0 0 0.2 0.6000000000000001 0.6000000000000001 0.4 0 0 0.6000000000000001 0.2 0 0.2 0 0 0 0 0 0.6000000000000001 0 0 0 0 0 0.6000000000000001 0.4 0 0 0.2 0 0 0 0 0 0 0 0 0 0 0 0 0 0 0.2 0 0 0 0 0 0 0 0.2 0 2.8000000000000003 10.600000000000001 1 4.6000000000000005 5.2 4 0 3.2 1.8 0 0 1.2000000000000002 7.4 3.6 0 3.6 1.8 0.2 1.2000000000000002 2.4000000000000004 1.8 0 0 0.4 0 0 0 0 1.4000000000000001 0.2 0 0 0 0 0 0 2 0 0 2.8000000000000003 0 0 0 0 0 0 0 0 0.4 0 0 0 0 0 0 0 0 0 0.6000000000000001 0 0 0 0 3.8000000000000003 4.4 0 0 0 0 0 0 0 0 0 0 0 1.4000000000000001 0 0 0 4.2 3.8000000000000003 2.8000000000000003 6.800000000000001 9.8 6.6000000000000005 0.4 4.4 0.2 0.2 4.2 7.800000000000001 0.6000000000000001 0 0 0 0 0.8 3.6 3 0 0 0 0 0 0 0 2.4000000000000004 0 0 0 0 1.6 2 1.4000000000000001 1.6 0 0 4 0 0 0 0 0 0 0 0 0 0 0 0 0 0 0 0 0 0 0.2 0 0 0 0 1.4000000000000001 0 0 0 0 0 0 0 0 0 0 0 2.6 0 0 0.2 16.2 0.6000000000000001 1.2000000000000002 0 0 0 0 0 3.2 0 0 0 0 0 0 0 0 0 0 0 0 0 0 0 0 0 0 0 4 0 0 0 
 0.4 0 0 14.600000000000001 0 0 0 0.4 0 0 0 0.6000000000000001 0 0.6000000000000001 0 0 0 0 0.2 0 4 7 4.2 39.800000000000004 28 93.80000000000001 30.200000000000003 7 51.800000000000004 76 0 9.200000000000001 9.4 14.8 117.80000000000001 32.800000000000004 23.200000000000003 20.8 9 28.6 0.4 0.8 0 0 0.6000000000000001 0.6000000000000001 0.4 0 0 0.4 0.4 0.6000000000000001 0.4 0.6000000000000001 0.8 0.2 0.4 0 0.2 0.6000000000000001 0 0 0.4 0 0 0.6000000000000001 0 0 0 1 0 0.6000000000000001 0.4 0 13 0.8 0 0.8 0 0 0 0 0 0 0 0 0 0 0 0 0 0 0 0 0 0 0 0 0 0 0 1.4000000000000001 1.6 3.2 1.2000000000000002 10 0 7.800000000000001 0 4 0 4.4 1.4000000000000001 0.2 3.6 3.6 2.6 2 0 0 4 2 0 0 0 0 3 1.6 1 2 0 0.4 0 0.4 0 3.4000000000000004 2.8000000000000003 0 3.6 7.4 1.6 0 0 0 0.2 0 0 0 1.8 0 0 0 0 0 0 6.800000000000001 0 0 0 0 0 0 0 0.2 0.8 0 0 0 0 0 0 0 0 0 0 0 0 0 0 0 1.8 1.2000000000000002 6.4 3 12.200000000000001 4.4 0 0 0 3 2.6 8.6 0.2 0 0 0 4 2.6 2.8000000000000003 2.4000000000000004 4.2 0 0 0 0 0 4.4 4.4 0 0 0 0 6.4 6.4 0.8 4.4 0 0 0.2 7.2 0 0 0 0 0 0 0 0 0 0 0 0 0 0 0 0 0 0 0 0 0 0 3.8000000000000003 0 0 0 0 0 0 0 0 0 0 0 3.8000000000000003 0 0 0 15.600000000000001 0.4 0 0 0 0 0 0 0 0 0 0 0 0 0 2 0 0 0 0 0 0 0 0 0 0 0 0.2 0 0 0 0 
 0 0 0 0.4 0.6000000000000001 0 0 0.4 0 0 0 0 0.4 0.4 0 0 0 0 0.4 0.4 48.400000000000006 9 23 52.800000000000004 8 15.200000000000001 63.400000000000006 23.200000000000003 29.200000000000003 7.6000000000000005 9.200000000000001 0 9.4 4.4 22.400000000000002 20.6 18 24 5.4 10 0.6000000000000001 0 0.4 0 0 0.6000000000000001 0.4 0 0 0 0.2 0.6000000000000001 13.200000000000001 12.8 0 0 0.6000000000000001 0 0 0 0 0.2 0 0 0.6000000000000001 0.6000000000000001 0 0 0 0 0 1.4000000000000001 0.4 0.4 0 0.2 0 0 0 0.6000000000000001 0 0 0 0.4 0 0 0 0 0 0 0 0 0 0 0 0 0 0 0 0.2 0 0.2 3 0 0 2.2 0 0 0 7.2 4.6000000000000005 5.4 0.2 0 0 5.4 2.4000000000000004 0 0 0 2.8000000000000003 2 0 0 0.4 0 3.6 0 0 0 2.4000000000000004 0 0.2 0 0.2 2.6 0 0 2 0.2 0 0 0 1.2000000000000002 0 2.8000000000000003 0 0 1.2000000000000002 0 0 0 0 0 0 0.2 0 0 1.2000000000000002 0 0 0 0 0 0 3 0 0 0 4 0.2 0 0 0 6.4 0 0 0 0 0 0 3 1.2000000000000002 4.6000000000000005 0 0 0 2.4000000000000004 2.2 0.2 2.8000000000000003 5.800000000000001 0 0 0 2 3.6 0 0 0 2.4000000000000004 0 2 0 0 0 2.4000000000000004 0 3.6 0 0 0 1.6 2 0 2.8000000000000003 0 0 4.4 2.4000000000000004 0 0 0 0 0 0 0 0 0 0 0 0 0 0 0 0 0 0 0 0 0 0 0 0 0 0 0 0 0 0 0 0 0 0 0.6000000000000001 0 0.2 15 0.4 0.4 0 2 0 0 0 0 1.8 0 0 0 0 0 0 0 0 0 0 0 0 2.4000000000000004 0 0 0 0 0 2.4000000000000004 1.2000000000000002 0 0 0 
