 0 32 73 7.2 7.2 46.800000000000004 66 41 27 25 6 4.4 19.400000000000002 10.4 29.6 22.200000000000003 55 26.6 7 10.200000000000001 0 0 0.4 0 0 0 0.4 0 0.2 0 0 0.4 0 0 0 0 0 0.2 14.8 0 0 0 0.4 0 0 0 0 0 0 0.6000000000000001 1 0 0 0 0 0 0.6000000000000001 0 0.6000000000000001 0 0.6000000000000001 0 0.6000000000000001 0 0.4 0 6.800000000000001 0.4 2 0.4 0 0 0 0.4 0 0 0 0 0 0 2.6 3.2 1.8 0 2.4000000000000004 0 0 0.2 0 1.8 2.6 0.2 2.8000000000000003 0.6000000000000001 2.6 0 6.2 2 8.200000000000001 2.8000000000000003 0 0 0 0 0.4 0 0 0 0 0 0 0 0.6000000000000001 0 0 0 0 0 0 0 0 0 0 0 0 0 0 0 0 0 0 0 0 0 0 0 0 0 0 0 0 0 0 0.8 0 0 0 0 0 0 0 0 0 0 0 0.2 0 0 0 0 0.4 0 2 0.2 2.6 0 0.2 10 2 0.2 1.2000000000000002 0 3.6 5.800000000000001 4.2 3 4.2 3.4000000000000004 0 0 0 0 0 0 0 0.4 0 0 0 0 0 0 0 0 0 0 0 0 0 0 0 0 0 0 0 0 0 0 0 0 0 0 0 0 0 0 0 0 0 0 0 0 0 0 0 0 0 0 0 0 0 0 0 0 0 0 0 0 0 0 0 0 0 0 0 0.4 0.4 0 0.4 0.2 0 3.6 0 0 2.2 0 0 0 0 0 0 0 0 0 0 0 0 0 0 0 0 0 0 0 0 3.6 0 0 0 0 0 0 0 0 0 0 0 0 0 0 
 32 0 123.4 45.2 14 49 37.800000000000004 79.80000000000001 50.800000000000004 33.2 56.800000000000004 22.8 38.800000000000004 34.2 31.400000000000002 35.6 43.6 6.4 43.400000000000006 10.200000000000001 0 0.2 0.4 0 0.6000000000000001 0 0.4 0 0.2 0 0 0.6000000000000001 7.6000000000000005 0 0 0 0 0.6000000000000001 15.4 15 0 0 0.4 0 0 1.2000000000000002 0 0 0 1 0 0 0 0 0.8 0.6000000000000001 0.6000000000000001 0 0.6000000000000001 0 0.6000000000000001 0 0 0 0.2 0 0 0.4 0.2 0.4 0 0 0 0.8 0 0 0 7.2 2 0 2.4000000000000004 6.4 0 0 1.4000000000000001 1.4000000000000001 0 1.6 0.2 4 5.800000000000001 3.6 4 2.2 0 1.6 4.4 6.4 2.6 3.6 0 0 0 0 0 0 0 0 0 0 0 0 0 2.6 0 0 0 0.2 0 0 0 0 0 0 0 0 0 0 0 0 0 0 0 0 0 0.2 0 0 0 0 0 0 0 1.4000000000000001 0 0.4 0 0 0 2.2 0 0 0 0 0 0.2 0 0 0 0 1.6 1.2000000000000002 8.4 0 2.8000000000000003 0 1.6 0 7.800000000000001 1.2000000000000002 5.4 0 0 5.800000000000001 11.600000000000001 2.4000000000000004 6 0 0 0.2 3.8000000000000003 0 0 0 0.2 0 0 0 0 0 0 0 0 0 0 0 0 0 0.4 0 0 0 0 0 0 0 0 0 0 0 0 0 0 0 0 0 0 0 0 0 0 0 0 0 0 0 0 0 0 0 0 0 0 0 0 0 0 0 0 0 0 0 0 0 0 0 0.2 0 0.2 19 0 2.4000000000000004 0 0 0 0 0 0 0 0 0 0 0.8 0 0 0 0 0 0 0 0 0 0 0 0 2.4000000000000004 2.2 0 0 0 0 0 0 0 0 0 0 0 0 0 
 73 123.4 0 86.80000000000001 24 55 33.2 65.8 174.20000000000002 31.200000000000003 43.6 22.200000000000003 38.2 50.400000000000006 10.200000000000001 18 10.8 14 22.400000000000002 11.600000000000001 0 0 0.4 0.2 0 0.4 0.8 0.4 0 0 0 0.8 15 0 0 0 0 0 22.6 3.4000000000000004 0 1.2000000000000002 0.4 0 0.2 0 0.2 0.8 0 0.6000000000000001 1.4000000000000001 0 0 0 0.6000000000000001 0 0.6000000000000001 0 0.6000000000000001 0 0.6000000000000001 0 0 0.6000000000000001 0.2 0 0 0.4 0 1.2000000000000002 0 0 10.200000000000001 0.6000000000000001 0 0 0 7 0 0 0 2.2 2.6 2.4000000000000004 8 2.6 0 3.4000000000000004 0.4 12.600000000000001 1.4000000000000001 4.800000000000001 0 1.8 0 2.4000000000000004 3.4000000000000004 3.2 0 0 5.6000000000000005 0 0 3 0 0 7 3.6 0 0 0 0 2.6 2.2 0 0 0 0 2.6 2 0 0 0 0 0 0 0 0 0 0 0.4 0 3.6 0 0 0 0 0 0 2.6 0 0 0 0 0 0 0 0 0 0.4 0 0 0 0 0 0 2 0 0 0 2.4000000000000004 1.8 2.6 5 0 0 3 0.2 9.8 4.2 9 4 0 4.6000000000000005 10.4 3.8000000000000003 0.8 2 0 0 1.2000000000000002 0 0 0 0 0 0 0 0 0.2 0 0 0 1.4000000000000001 0.2 0 0 0 0 0.2 0.2 0 0 0 0 0 0 0 0 0 0 0 0 0 0 1.4000000000000001 0 0 0 0 3 0 0 0 0 0.2 0 0.2 0 0 0 0 0 0 0 0 0 0 0 0 0 0 0 0 0 0 0.6000000000000001 0.2 0 9.4 0 1 0 0 0 0 0 0 0 0 0.4 0 2 0 0 0 0 0 0 0 0 0 0 0 0 9.4 2.8000000000000003 4 0 0 0 0 0 0 0 0 0 0 0 0 
 7.2 45.2 86.80000000000001 0 42.6 9.8 21 17.2 36.800000000000004 34 52.2 26.8 28.400000000000002 13.8 14.8 18.2 10.4 56.400000000000006 32.4 16 14.8 0 0.6000000000000001 0 0 0 0.4 0 0.2 0 0 0.4 29.6 14.8 0 0 0 0 23.6 6.4 0 0 0.4 0 0 0 0 0 0 0.6000000000000001 0 0 0 0 0 0 0.6000000000000001 0 0.6000000000000001 0 0.6000000000000001 0 0 0 0.2 0 0 0.4 0 0.4 0 0 0 1 0 0 0 0 0 0 0 2.8000000000000003 2 3.4000000000000004 5.2 7.800000000000001 0 3.4000000000000004 0 5 1.8 4 0 2.6 0 2 7 0 1.6 0 3.6 2 0 0 0 0 8.8 6.2 4 1.8 0 0 0.8 2 0 2 3.8000000000000003 0 10.8 4.6000000000000005 0 0 0 0 0 0 0 0 0 0 0 0 0 0 0 0 0 0 4.2 0 0 3.8000000000000003 0 0 0 0 0 0 0 0 0 0 0 0 0 0.4 0 0 0 0 2.6 1.6 2 2.2 2.8000000000000003 3.6 3.2 1.4000000000000001 2 6.2 3.2 11.200000000000001 0 3.2 1.8 0.2 0 3.4000000000000004 0 0.8 1.8 0 1.8 0.2 0 0 8.200000000000001 0 0.2 1.8 0 0 6.4 2 3.8000000000000003 0 0 0 1.4000000000000001 0 0 0 0 0 0 0 0 0 0 0 0 0 0 0 0 0 0 0 0 0 0 0 0 0 0 0 0 0 0 0 0 0 0 0 0 0 0 0 0 0 0 0 0 0 0 0 0.4 0 10.200000000000001 11.4 0.2 1.6 0 0 0 0 0 0 0 0 0 0 0 0 0 0 0 0 0 0 0 0 0 0 0 6.4 3.8000000000000003 4.4 0 0 0 0 0 0 0 0 0 0 0 0 
 7.2 14 24 42.6 0 36 11.8 12.200000000000001 40 31.200000000000003 16.400000000000002 34 17.8 12.8 24.200000000000003 9.8 12 30.200000000000003 57.400000000000006 18.2 19.200000000000003 0 1 0.2 8 0 7.2 17 0.2 15.4 1.2000000000000002 0.4 20 14.8 21.200000000000003 1.2000000000000002 3.2 0 31.6 0.2 0.6000000000000001 0 1.6 1 0.4 0 0.8 0 0 0.6000000000000001 0 0 0 0 0 1 11.4 0 0.6000000000000001 0 9.4 0 0 0.4 0 0 0 0.4 0.4 0.4 13.200000000000001 0 0 0 0.2 0 0 0.4 0 0.4 0 0 6 8.8 10.200000000000001 5.4 0 0 0 1.4000000000000001 1.2000000000000002 0.2 0 0 0 2.6 2.4000000000000004 0 0 0 10.8 2 0 0 0 0 8 4.2 2.6 9.200000000000001 0 0.2 2.8000000000000003 6.4 6.2 2.4000000000000004 4.6000000000000005 0 5 5.4 0 0 0 0 0 0 0 0 0 0 0 3.2 0 0 0.2 0 0 0 0 0 0 0 0 0 0 0 0 0 0 0 0 0 0 2.8000000000000003 0 0.4 0.2 0 0 0 0.6000000000000001 0 0 3 7.800000000000001 8.4 0.4 0.8 0 2.2 1.2000000000000002 2.8000000000000003 0 0 0 0 0 7.6000000000000005 0 0.4 9 0 2.2 0.2 0 0 17.6 1.2000000000000002 0 7.800000000000001 0 0 2 6 2.4000000000000004 2.6 2.2 0 4 1.4000000000000001 0 0 0 0 0 0 0 0 0 0 0 0 0 0 0 0 0 0 0 0 0 0 0 0 0 0 0 0 0 0 0 0 0 0 0 0 0 0 0 0 0 1.8 0 0 0 0.4 0 0 17.6 1.2000000000000002 0 4.6000000000000005 0 0 0 0 0 0 0 0 0 0 0 0 1 0 8 0 0 0 0 0 0.8 0 0 2 2.8000000000000003 2.8000000000000003 0 0 0 0 0 0 0 0 0 0 0 0 
 46.800000000000004 49 55 9.8 36 0 9 11.600000000000001 35.800000000000004 12.200000000000001 28.8 42.800000000000004 5.6000000000000005 16.2 69.4 90.80000000000001 30.200000000000003 28.6 8.4 9.8 0 0 4.800000000000001 0 0.2 0 0.4 0 16.2 0 0 0.4 32.6 4.800000000000001 0 0 0 0 27 20.400000000000002 0.8 0 0.4 0 0 0 0 0 0 0.6000000000000001 0 0 0 0 0 0 0.6000000000000001 0 0.6000000000000001 0 0.6000000000000001 0 0 16.400000000000002 0.4 0 0 0.4 0 0.4 0 0 0.4 0 0 0 0 0.4 0.4 0.8 0.8 0 2.4000000000000004 3.6 1.2000000000000002 0 0 0 0 6 1.6 5.6000000000000005 0 0 0.2 2.4000000000000004 0 3 0 3.2 5.4 2.6 0.6000000000000001 0 2.2 0 5.4 6.800000000000001 0 2.6 0 0.2 2.4000000000000004 2.2 0 2 3 3 5.6000000000000005 2.6 0 0 0 0 0 0 0 0 0 0.2 2 0 0 0 0 0 0 0 0 0 0 0 1.6 0 0 0 0 0 0 0 0 0 0 0 0 0.4 0 0 0.2 0 0 1 0 2.6 4 2.2 0 0 3 0 2.8000000000000003 8 0 0 0 0.2 0.2 2 0 0.6000000000000001 0.8 0 0 0.4 0 0.8 2.4000000000000004 4 0 0 0.2 0 9 0 3.8000000000000003 0 1.2000000000000002 0 3.2 8.8 0 0 0.4 0 2.8000000000000003 3.6 0 0 0 0 0 0 0 0 0 0 0 0 0 0 0 0 0 0 0 0 0 0 0 0 2.4000000000000004 0 0 0 0 0.4 0 0 0 0 0 2.2 0 0 0 0.8 1.4000000000000001 0 0.6000000000000001 1.4000000000000001 0.2 3.4000000000000004 0 0 0 0 0 0 0 0 0 0 0 0 0 0 0 0 0 0 0 0 0 0 0 3.4000000000000004 0 2.8000000000000003 0 0 0 0 0 0 0 0 0 0 0 0 
 66 37.800000000000004 33.2 21 11.8 9 0 82.4 50 26.6 31.8 4.2 58.800000000000004 7.800000000000001 7.800000000000001 18.6 22 8.4 67 59 0.2 0 1 0 0.4 0 0.4 0.2 0 0.4 0 0.6000000000000001 0 0 0.4 0 0 0.2 0 0.2 0.2 0 0.4 0 0 0 0 0 0 0.6000000000000001 4.2 0 0.2 0 0 0 0.6000000000000001 0 0.6000000000000001 0 0.6000000000000001 0 0 0 12.4 0 0 0.8 0 0.4 13.200000000000001 0 0 1 0.6000000000000001 0 0 0 0 0 2.6 5.4 0 0 2.2 0 3.4000000000000004 6.4 0 4.4 4 0 0.2 0.8 3 4.6000000000000005 2.2 3.4000000000000004 5.6000000000000005 0.2 0 0 0 0 0 0 0 0 0 0 0 0 0 0 0 0 0 0 0 0 0 0 0 0 0 0 0 0 0 0 0 0 0 0 0 0 0 0 0 0 0 0 0 3.8000000000000003 0 0.4 0 0 0 0 0 0 0 0 0 0.2 0 0 0 0 2 0 7 0 2.8000000000000003 0 8.200000000000001 3.4000000000000004 2.6 3.6 2.2 0 0.2 10.4 0 0.2 0 0 0 0 0 0 0 0 0 0 0 0 0 0 0 0 0 0 0 0 0 0 0.4 0 0 0 0 0 0 0 0 0 0 0 0 0 0 0 0 0 0 0 0.4 0 0 0.4 0 0 0 0 0 0 0 0 0 0 0 0 0 0 0 0 0 0 0 0 0 0 0 0.6000000000000001 0.6000000000000001 0 0.2 0 0.4 1.4000000000000001 0 0 0.2 0 0 0 0 0 0 0 0 0 0 0 0 0 0 0 0 0 0 0 0 4.4 0 0 0 0 0 0 0 0 0 0 0 0 0 0 
 41 79.80000000000001 65.8 17.2 12.200000000000001 11.600000000000001 82.4 0 56.6 28.400000000000002 14 17.8 83 33.4 101.4 39 42.6 36.4 70.8 16 0.4 0 0.8 0.2 0 0 0.4 0.2 0 0 0 0.6000000000000001 15.4 0 0 0 0.8 0 0 0 0 0.2 0.4 0 12.4 0 0 0 0 0.6000000000000001 0 0 0 0 0 0 0.6000000000000001 0 0.6000000000000001 0 0.4 0 0 0.4 0.2 0 0 0.6000000000000001 0 0.4 0 0 0 1 0 0 0 9.600000000000001 0 0 1.8 4.6000000000000005 0 0 5 0 0.4 4.2 7.2 2.6 2.2 1.6 4.6000000000000005 3.6 0 2 3 7.2 0 0 0 0 0 0 0 0 0 0 0 0 0 0 0 3.6 0 0 0 0 0 0 0 0 0 0 0 3 0 0 0 0 0 0 0 0 0 0 0 0 0 0 0 0 0 1.8 0 1.4000000000000001 0 0 0 0.8 0 0 0 0 0 0 0 0 0 0 5.800000000000001 3 3.4000000000000004 2 2.2 0 6.4 0 27.400000000000002 7.6000000000000005 2.4000000000000004 2.4000000000000004 5.4 5.4 5.4 8.8 5 0 3.6 0 1.6 0 0 0 0.8 0 0 0 0 0 0 0 0 0 0 0 6.4 0 0.4 0 0 0 0 0 0 0 0 0 0 0 0 0 0 0 0 0 0 0 0 0 0 0 0 0 0 0.2 0 0 0 0 0 0 0 0 0 0 0 0 0 0.2 0 0 0 0 0 17.400000000000002 35.6 0.4 0.4 0.6000000000000001 0 1.8 0 0 0 0 0 0 0 0 0 0 0.6000000000000001 0 0 0 0 0 0 0 0 0 0 0.2 0 4.6000000000000005 2 0 0 0 0 0 0 0 0 0 0 0 0 0 
 27 50.800000000000004 174.20000000000002 36.800000000000004 40 35.800000000000004 50 56.6 0 86.80000000000001 23 18 95.2 28.6 83.80000000000001 10 48 41.400000000000006 55 17.400000000000002 0.4 0 0.4 0 0 0.4 0.6000000000000001 0.6000000000000001 0 0 0.6000000000000001 1.8 4 15 0 0.2 0 1 15.4 15.8 13.200000000000001 0.2 0.4 0 1 0 0.4 0 0 1 1.4000000000000001 0 0 0 0 0.6000000000000001 1.2000000000000002 0.6000000000000001 0.6000000000000001 0 0.6000000000000001 0 0.4 0.4 0.6000000000000001 0 6.2 0.8 0 0.8 0 0 0 1.2000000000000002 0 0 0 0.8 0 0 2.2 1.4000000000000001 4.2 8.200000000000001 2 2.6 0 4 2.6 3.8000000000000003 7.4 0 0 2.2 2.6 8 4.2 3.4000000000000004 0 0 1.6 0 0 0 0 0 2.6 2.4000000000000004 2.6 0 0 0 2.4000000000000004 2.8000000000000003 0 0.2 4 0 6.2 0 0 0 0 0 0 0 0 0 0 0 0 4.2 0 0.4 0 0 0 0 0 0 0 0 0 0.6000000000000001 0 0 0 0 0 0 2.2 0 0 0 0 0.2 0 0 0 0 2.6 0.2 2 0 5.800000000000001 5.800000000000001 3.6 0 0.4 0.2 1.4000000000000001 0 0 5.800000000000001 0.2 0 0 7.4 0 0 0 0 1 0 0 0 2 0 0 0 0 0 0 2.4000000000000004 4.800000000000001 0 0 0 0 0 0 0 0 0 0 0 0 0 0 0 0 0 0 0 0 0 0 0 0 0 0 0 0 0 0 0 0 0 0 0 0 0 0 0 0.4 0 0 0 0 0 0 1.8 0 0 0 0.2 0.6000000000000001 0 0.2 0 4.4 5.4 0 0 0 0 0 0 0 0 0 0 0 0 0 0 0 0 0 0 0 0 0 0 0 3.4000000000000004 0 0 0 0 0 0 0 0 0 0 0 0 0 0 
 25 33.2 31.200000000000003 34 31.200000000000003 12.200000000000001 26.6 28.400000000000002 86.80000000000001 0 67.60000000000001 28.200000000000003 13.200000000000001 15 74.60000000000001 50.400000000000006 70.2 26.400000000000002 23.400000000000002 22.8 0 0 6.2 0.2 0 0.2 0.4 0 0 0 0 0.6000000000000001 14.8 0.4 0.2 0 0 0 15 0 0 0.2 0.4 0 0 0 0 0 0 0.6000000000000001 0 0 0 0 0 0 0.6000000000000001 0 0.6000000000000001 0 0.6000000000000001 0 0 0 0.4 0 0 0.6000000000000001 1 0.4 0 0 0 0.4 0 0 0 0.2 0 0 5 1.4000000000000001 10.8 4 13.4 3.8000000000000003 2.6 0 6.2 1.8 0.6000000000000001 0.2 3.8000000000000003 13 2.6 2.8000000000000003 5.6000000000000005 7 0 0 0 0 0 0 0 0 0 0 0 0 0 0 2.4000000000000004 0 0 0 3.4000000000000004 0 9 0.4 0 0 0 0 0 1.8 0 0 0 0 0 3.8000000000000003 0 0 0 0 0 0 0 0 0 0 0 1.2000000000000002 0 0.8 0 0 0 0.8 0 0 0 2.4000000000000004 0 0 0 0 0.2 0 4 1.6 14.200000000000001 5.6000000000000005 4 3.4000000000000004 3.2 0 6.6000000000000005 3.4000000000000004 2.4000000000000004 2.6 2.6 5 3 3.2 0.6000000000000001 3.2 3.6 0 0 0 3.2 0.2 0 0 2.6 0 0 0 0 0 0 0.4 3.4000000000000004 0 0 0 4.800000000000001 0 0 0 0 0 0 0 0 0 0 0 0 0 0 0 0 0 0 0 0 0 0 0 0 0 0.4 0 0 0 0 0 0 0 3 0 0 0 0 0 0 0 0 0 0 0 0 1 27 0.4 18.400000000000002 0.8 0 2.4000000000000004 0.6000000000000001 0 0 0 0 0 0 0 0 0 0 0 0 0 0 0 0 0 0 0 0 0.4 0 4 3.4000000000000004 0 0 0 0 0 0 0 0 0 0 0 0 0 
 6 56.800000000000004 43.6 52.2 16.400000000000002 28.8 31.8 14 23 67.60000000000001 0 27.200000000000003 23.8 30 25.200000000000003 31.8 21.8 7.2 25.8 14 15.200000000000001 0 0.8 0.2 0 0.2 0.4 17 0 0 0 0.6000000000000001 0.4 29 0.2 0 0 0 35.4 17.2 0 0.2 0.4 0 0.4 0 0 0 0 0.6000000000000001 0 0 0 0 12.600000000000001 0 0.6000000000000001 0 1 0 0.6000000000000001 0 0 0 0.2 0 0 0.6000000000000001 0.2 0.4 0 0 0 0.6000000000000001 0 0 0 0.2 0 0 0 4.800000000000001 0 0.4 1.4000000000000001 5 0 2.6 2.6 7.800000000000001 4.2 5.4 0 2.8000000000000003 0.4 4 3.4000000000000004 3.6 0 0 7.2 0 0 0 0 0 6.800000000000001 0 3 0 0 0.4 1.8 5 0 0 2.8000000000000003 0 7.6000000000000005 0 0 0 0 0 0 0 0 0 0 0 1.2000000000000002 0 0 0 0 0 0.2 0 0 0 0 0 1.6 0 0 0 0 0 0 0 0 0 0 0 0 0.2 0 0 0.4 0 8 4 2.6 0 0.2 1.8 3.8000000000000003 3.2 2 9 1.8 3.6 0 2.8000000000000003 5.800000000000001 0 0 0 0 0 0 0.2 0 0.4 0 0 3 0 2.4000000000000004 2 0 0 5.6000000000000005 3.4000000000000004 0 0 0 0 0 9.8 0 0 0 0 0 0.2 0 0 0 0 0 0 0 0 0 0 0 0 0 0 0 0 0 0 0 0 0 0 0 0 0 0 0 0 2.8000000000000003 0 0 0 0 0 0 0 0 0 0 0 0 0 0.6000000000000001 22 4 2.6 0 0 0 0 0 0 0 0 0 0 0 0 0 0 0 0 0 0 0 0 0 0 0 5.6000000000000005 0.2 3.6 0 0 0 0 0 0 0 0 0 0 0 0 
 4.4 22.8 22.200000000000003 26.8 34 42.800000000000004 4.2 17.8 18 28.200000000000003 27.200000000000003 0 46.2 26.200000000000003 39.6 68.60000000000001 33.4 52.400000000000006 4 3.6 0.6000000000000001 0.2 0.4 0 0 0 0.6000000000000001 0 0 0 0 0.6000000000000001 28.400000000000002 32.4 0.2 0 0 0 27.400000000000002 0 1.6 0.8 0.4 0 0 0 0 0 0.4 0.6000000000000001 0 0.2 0 0 0 0 0.6000000000000001 0 0.6000000000000001 0 0.4 0 0 0 0 0 0 0.6000000000000001 0 0.4 0 0 0 0 0 0 0 0 0 0 0 0 4.2 2 0.2 3.4000000000000004 0 0 2.2 1.2000000000000002 9.8 0.2 0.2 0 0 2.8000000000000003 0 2.8000000000000003 0 0 6.6000000000000005 0 0 0 0 2.4000000000000004 9.200000000000001 2.4000000000000004 4.2 0 0 0 0 10.4 0 0.2 0 0 1.2000000000000002 3 2.2 0 0 0 0 0 0 2.2 0 0 0 0 2.6 0 0 0 0 0.4 0.4 0 0 0.4 0.4 0 0 0 0 0 0 0 0 0 0 0 0 0.2 0 0 0 0 0 0.6000000000000001 1.6 2 2.2 2.6 0.2 0 0 5 0 3.2 0 0 5.800000000000001 0 0 3.8000000000000003 0 0 2.2 4.6000000000000005 1 0 0 0 10 0.4 4.2 0.2 0 0 0 0.2 0 0 0 0 0 2.4000000000000004 0 0 0 0 0 0 0 0 0 0.4 0 0 0 0 0 0 0 0 0 0 0 0 0 0 0 0 0 0 0 0.4 0.2 3.8000000000000003 0 0 0 0 0 0 0 0 0 2.8000000000000003 0 0 0 0 0 0 1.2000000000000002 0 6.2 2.2 0 0 0 0 0 0 0 0 0 0 0 0 0 0 0 0 0 0 0 0 0 0 0 0.6000000000000001 2.2 3.2 0 0 0 0 0 0 0 0 0 0 0 0 
 19.400000000000002 38.800000000000004 38.2 28.400000000000002 17.8 5.6000000000000005 58.800000000000004 83 95.2 13.200000000000001 23.8 46.2 0 44 47.400000000000006 7.6000000000000005 45 49.800000000000004 48.400000000000006 9.4 0 0 0.4 0.2 0 0 0.4 0 0 0 15.8 0.6000000000000001 0 0 0 0 0 0 0.4 0.4 0 0.2 0.4 0 0 6 0 0 0 0.6000000000000001 0 0 0 0 0 0 0.6000000000000001 0 18 0 0.6000000000000001 0 0 0 0 0 0 0.6000000000000001 0 0.4 0 0 0 0.8 0 0 0 10 0 0 2.2 2.2 0 0 0 0 1.8 3.8000000000000003 0 1.4000000000000001 2.6 0 2.6 2 0 2.8000000000000003 1.8 0 10.8 2.8000000000000003 0 0 0 0 0 0 0 0 0 0 0 0 0 0 0 0 0 0 0 0.4 0 0 0 0 0 0 0 0 0 0 0 0 0 0 0 0 0 0 0 0 0 0 0 0.4 0 0 0 0 0 0 0 0 0 0 0 0 0 0 0 0 3.2 1.8 1.6 0.4 0 0 3 0.2 1.4000000000000001 1.6 0 0 2.4000000000000004 0 6.4 0 4.6000000000000005 0 0 0.2 0 0 1.6 0 0 0 0 0 0 0 0 1 0 0 0 0 0 0 0 0 0 0 0 0 0 0 0 0 0 0 0 0 0 0 0 1 0 0 0 0 0 0 0 0 0 0 0 0 0 0 0 0 0 0 0 2.2 0 0 0 0.4 0 0 2 0 0 0 0 0 0 0 0 4.800000000000001 0 0 0 0 0 0 0 0 0 0 2.2 0 0 0 0 0 0 0 0 0 0 0.4 0 0 0 0 0 0 0 0 0 0 0 0 0 0 0 0 
 10.4 34.2 50.400000000000006 13.8 12.8 16.2 7.800000000000001 33.4 28.6 15 30 26.200000000000003 44 0 37.800000000000004 71 42.2 28.8 45.400000000000006 33.4 0.4 15.4 0.8 0.4 0.4 0.4 0.4 0 0 0 0 0.8 0.4 0 0.6000000000000001 0 0.4 0.4 14.8 0 0 0 0.4 0.4 0 0.4 0.6000000000000001 0 0.2 1 0.4 0 0 0 0 0 0.6000000000000001 0 0.8 0 0.6000000000000001 0 0 0 0 0 0 0.4 0 0.4 0 0 0 0 0 0 0 7.4 0 0 2.8000000000000003 5.800000000000001 0 2.8000000000000003 0 0 0 0.4 3.2 0 2.2 1.4000000000000001 3 0 3 6 2.2 4.4 2.6 3.8000000000000003 0 0 0 0 0 0 0.2 0 0 0 0 0 0 0.2 0 0.2 0 0 0 0 0.4 0 0 0 0 0 0 0 0 0 0 0 0 0 0 0 0 0.4 0.4 0 0 0.4 0 0 0 0 0 0 0 0 0 0 0 0 0 0 0 0 0 0 1.6 8.8 6.2 0 0 0 6.800000000000001 0 2 9.600000000000001 0 0 2.8000000000000003 0 6.800000000000001 0.2 5 3 0 2.2 0 0 0 0 0 0 0 0.4 0 0 0 0 0 0 0 0 0 0 0 3.2 0 0 0 0 0 0 0 0 0 0.4 0 0 0 0 0 0 0 0 0 0 0 0 0 0 0 0 0 0 0 0.4 0 0 0 0 0 0 0 0 0 0 0 0 0 0 0 0.2 0 0 0.2 0.2 0 0.6000000000000001 0 0 0.2 0 0 0.4 0 0 0 0 0.6000000000000001 0 0 0 0 0 0 0 0 0 0 0 0 0 0 0 0 0 0 0 0 0 0 0 0 0 0 0 
 29.6 31.400000000000002 10.200000000000001 14.8 24.200000000000003 69.4 7.800000000000001 101.4 83.80000000000001 74.60000000000001 25.200000000000003 39.6 47.400000000000006 37.800000000000004 0 72.2 50 23.8 11.600000000000001 50 0.2 0.6000000000000001 0.4 0.6000000000000001 0.6000000000000001 0.6000000000000001 0.4 0 0.4 0 0 0.4 15.600000000000001 0 0 0 0 0 25.200000000000003 0 8.4 0 0.4 0 0 0 0 0 0.6000000000000001 0.6000000000000001 0.6000000000000001 0 0 0.4 0.6000000000000001 0 1.2000000000000002 0.4 0.8 0.4 0.6000000000000001 0 0.4 0 0.2 0.2 10.200000000000001 0.4 0.8 0.4 0 0 0 0 0 9.4 0 0.4 0 0 2.6 0 5.800000000000001 0 6.800000000000001 2.6 0 0 6.2 0 10.4 0 6.4 1 0 3 5 9.4 0 2.8000000000000003 0.2 0 0 0 0 0 3 0 0 0 0 0 2.8000000000000003 5 0 0 0.2 0 0.2 0 0 0 0 0 0 3 0 0 0 0 0 0 0 0 0 0 0 0 0 0 0 0 0 0 0 0.8 0 0 0 0.8 0.4 0 2.4000000000000004 0 0 0 0 0 0 0 6.2 5.6000000000000005 5 0.2 5 2.4000000000000004 3.4000000000000004 0 4.2 5.2 5.2 2.4000000000000004 0.6000000000000001 3 5.4 2 5.6000000000000005 5.800000000000001 3.8000000000000003 0 1.8 0 0 0 0 0 0 0 0 0 0 0 0 0 0 0 0 0 8.4 5.2 0 0 0 0 0 0 1.6 0 0 0 0 0 0 0 0 0 0 0.4 0 0 0 0 0 0.2 0 0 0 0 0 0 0 0 0 0 0 0 0.2 0 0 0 0 2.2 0 0 0 0.4 27.6 0 0.2 18.8 2.8000000000000003 0.6000000000000001 2.6 0 0 0 0 0 0 0 0 0 0 0 0 0 0.4 0 0 0 0 0 0 0 0 0.2 2 0 0 0 0 0 0 0 0 0 0 0 0 0 
 22.200000000000003 35.6 18 18.2 9.8 90.80000000000001 18.6 39 10 50.400000000000006 31.8 68.60000000000001 7.6000000000000005 71 72.2 0 37 26.200000000000003 6.6000000000000005 17.6 0 0 0.8 0 0.2 0 0.4 0 0 0 0.8 1.6 16.6 0 0 0 0.2 0 20.6 32.4 1 0.8 0.4 0 0 0 0 0 0 0.6000000000000001 0 0 0.4 0 0 0 0.6000000000000001 0 0.6000000000000001 0 0.6000000000000001 0.6000000000000001 0 0 0.2 0 0 0.4 0.4 0.4 0 0.2 0 0 0 0 9.4 0 0 0.4 2.2 2 4.2 0 2.4000000000000004 5.2 0 0 7.800000000000001 3.2 9.8 7.6000000000000005 0 0.4 0 5 12 15.600000000000001 0 0 0.2 0 0 0 0 0.4 22 0 0 0 0 0 0 2.8000000000000003 0 0 0 0 6.6000000000000005 0 0 0 0 0 0 3.8000000000000003 0 0 0 0.2 0 0 3.4000000000000004 0 0.4 0 0 0 0 0 0 0 0 1.2000000000000002 0 0.2 0 0 0 0 0 0 0 0 0 0.2 0.4 0 0 0 0.2 6.2 0 1.2000000000000002 6.2 10 0.8 0.8 11.8 4 4.6000000000000005 8 0.2 2.4000000000000004 8.4 2.2 2.8000000000000003 5.800000000000001 0.6000000000000001 0.2 2.4000000000000004 0 0 0 0 0 0 1 0 0 0 0 7.4 1.8 4 0.6000000000000001 2.2 0 4.6000000000000005 0 0 0 0 0 0 4.2 0 0 0 0 0 0.4 0 0 0 0 0 0 0 0 0 0 0 0 0 0 0 0 0 0 0 0 0 0 0 0 0 0 0 0 0 4.2 0 0 0 0.4 18 0 0 19.200000000000003 0.4 2 2.4000000000000004 0 0 0 0 0 0 0 0 0 0 0 0 0 0 0 0 0 0 0 0 0 0 0 2.2 0 0 0 0 0 0 0 0 0 0 1.8 0 0 
 55 43.6 10.8 10.4 12 30.200000000000003 22 42.6 48 70.2 21.8 33.4 45 42.2 50 37 0 15.8 24.8 24.6 0 0 0.4 0.2 0 0 0.4 0 0 0 7.800000000000001 0.4 0 0 0.4 0 0 0 1.2000000000000002 14.8 0 0 0.4 0 0 0.4 0 0 0 0.6000000000000001 0.4 0 0 0 1 0 1 0.2 0.6000000000000001 0 0.6000000000000001 0 0 0 0.2 0 0 0.4 0.2 0.4 0 0 0 0 0 0 0.4 0 0 0 5.800000000000001 4.800000000000001 0 0 0 1.6 0 0 2.6 5.800000000000001 0 5.800000000000001 5.2 8.6 2.8000000000000003 0 7.6000000000000005 12 1.8 4.4 0.2 0 0 0 0 0 0 0 0 0 0 0 0 1.8 0 0 0 0 4.800000000000001 0 0 0 0 0 0 0 0 0 0 0 0 0 0 0 0 0 0 0 0 0 0 0 0 0.8 0 0.6000000000000001 0 0 0 0.2 0 0 0 0 0 0 0 0 0 0 2.8000000000000003 0.2 0.2 6 2.2 0 3.2 0 7 4.6000000000000005 4.4 2.2 2.8000000000000003 1.8 9.600000000000001 4 3 0.4 2.8000000000000003 1.4000000000000001 0.2 0 0 0 0 0 0 0 0 0 0 0 2.6 0 3 0 1.8 0 0 0 0 0 0 0 0 3.6 0 0 0 0 0 0 0 0 0 0 0 0 0 0 0 0 0 0.2 0 0 0 0 0 0 0 0 0 0 0 0 0 0 0 0 0 0 0 0 0 0 17.6 0.2 0 17.6 0.6000000000000001 1.2000000000000002 16.2 0 0 0 0 0 0 0 0 0 3.2 0 0 0 0 0 0 0 0 0 0 0 0 0 0 0 0 0 0 0 0 0 0 0 0 0 0 0 
 26.6 6.4 14 56.400000000000006 30.200000000000003 28.6 8.4 36.4 41.400000000000006 26.400000000000002 7.2 52.400000000000006 49.800000000000004 28.8 23.8 26.200000000000003 15.8 0 10.600000000000001 24 0 0 1.2000000000000002 0 0 0 0.6000000000000001 0.4 0 0 0 0.6000000000000001 12.200000000000001 17.2 0 0 0 0 36.4 0 1.2000000000000002 0.4 0.4 0 0 0 0 0 0 0.6000000000000001 0 0 0 0 0 0 0.6000000000000001 0.2 0.6000000000000001 0 0.4 0 0 0 0.2 0 0 0.6000000000000001 0.8 0.4 0 0 0 0 0 10.200000000000001 0 0 0 0 0 2 5 6 0 6.6000000000000005 0.2 0 2.4000000000000004 9.8 2 1.4000000000000001 0 0 0.2 3.8000000000000003 2.6 13.200000000000001 0 0 6.800000000000001 0 0 0 0 0 7.800000000000001 1.6 4.6000000000000005 0 0 0 2 0 0 0 0 0 2.8000000000000003 2.8000000000000003 0 0 0 0 0 0 0 0 0 0 0 0 0 0 0 0 0 0 2.6 0 0 0 0 0 0 0 0 0 0 0 0 0 1.4000000000000001 2 0 0.4 0 0 4 0 0 0 0 1 3.4000000000000004 4 0.4 0 9.200000000000001 3.6 2.8000000000000003 3.8000000000000003 0 0 6.4 3.6 3.8000000000000003 6.2 0 0 0 0 0 0 0 0 0.2 0 0 0.2 0 0 0 0 0 0 0 0 0 0.4 0 0 0 0 0 0 0 0 0 0 0 0 0 0 0 0 2.6 0 0 0 0 0 0 0 0 0 0 0 0 0 0 0 0 0 0 0 0 0 0 0 0 2.8000000000000003 0 0 0 0.6000000000000001 0.2 0.4 0.4 17.400000000000002 0 2.2 6.800000000000001 0 0 0 0 0 0 0 0 0 0 0 0 0 0 0 0 0 0 0 0 0 0 2.2 0 4 0 0 0 0 0 0 0 0 0 0 0 0 
 7 43.400000000000006 22.400000000000002 32.4 57.400000000000006 8.4 67 70.8 55 23.400000000000002 25.8 4 48.400000000000006 45.400000000000006 11.600000000000001 6.6000000000000005 24.8 10.600000000000001 0 76.60000000000001 0 0 0.4 0.4 0 0 0.4 0 0.4 0 0 0.8 0 0 0 0 0 0 0 0 12.200000000000001 0.2 0.4 0 0 0 0 0 0 0.6000000000000001 0 0 0 0 0 0 0.6000000000000001 0 0.6000000000000001 0 0.6000000000000001 0 0 0 0 0 0 0.6000000000000001 0 0.4 0 6.2 0 1 0 0 0 7.4 0 0 3.8000000000000003 4.2 0 2 0 0 2 7.6000000000000005 3 4.800000000000001 2.8000000000000003 0 2.8000000000000003 5.6000000000000005 6 7.800000000000001 2.2 0 2.6 4.2 0 0 0 0 0 0 0 0 0 0 0 0 0 0 0 0 0 0 0 0 0 0 0 0 0 0 0 0 0 0 0 0 0 0 0 0 0 0 0 0 0 0 2.6 0 0 0 0 0 0 0 0 2.4000000000000004 0 0 0 0 0 0 0 0 5.4 2.2 2.6 0 0 0 7.800000000000001 0.4 3.4000000000000004 1.6 0.6000000000000001 0 0 3.6 4.6000000000000005 0 3.8000000000000003 0.2 5.2 0 0 0 4.4 0 0 0 0 0 0 0 0 0 0 0 0 0 0 0 0 0 0 0 0 0 0 0 0 0 0 0 0 0 0 0 0 0 0 0 0 0 0 0 0 0 0 0 0 0 0 0 0 0 2.8000000000000003 0 0 0 0 0 0 0 0 0 0 0 0 0.4 0 0.2 0 0 0.4 3.4000000000000004 0 0 0 0 0 0 0 0 0 0 0.6000000000000001 0 0 0 0 0 0 0 0 0 0 0 0 0.2 0 0 0 0 0 0 0 0 0 0 0 0 0 0 
 10.200000000000001 10.200000000000001 11.600000000000001 16 18.2 9.8 59 16 17.400000000000002 22.8 14 3.6 9.4 33.4 50 17.6 24.6 24 76.60000000000001 0 0 0 0.4 0.8 0 0 1.4000000000000001 0.6000000000000001 0 0 0 1 0.4 0.4 0 0 0 0.4 0 0 0 14 0.6000000000000001 0 0 0.8 0 0 0 0.6000000000000001 0 0 0.8 0 0 0 0.6000000000000001 0 0.6000000000000001 0 0.4 0 0 0.6000000000000001 0 0 0 0.6000000000000001 0 0.4 0 0 0 0 0 4.4 0 0 0 0 2.8000000000000003 2 0 0 0 0 7.6000000000000005 1.6 4 2 0 0 2.2 4.4 5 3.6 0 1.8 1 3.2 0 0 0 0 0 0 0 0 0 0 0 0 0 0 0 0 0 0 0 0 0 0 0 0 0 0 0 0 0 0 0 0 0 0 5.800000000000001 0 0 0 0 0 0 0 0 0 0 0 0 0 0 0 0.4 0 0 0 0 0 0 0 0 0 6.6000000000000005 1.6 2.8000000000000003 0 0 0 10 0.4 0 0 0.6000000000000001 0 0 3.8000000000000003 0 0 1.4000000000000001 2.8000000000000003 4 3.8000000000000003 0 0 0 0 0 0 0 0 0 0 0 0 0 0 0 0 0 0 0 0 0 0 0 0 0 0 0 0 0 0 0 0 0 0 0 0 0 0 0 0 0 0 0 1.4000000000000001 0 0 0 0 0 0 0 0 0 0 0 0 0.2 0 0 0 0 0 0 0 0 0.6000000000000001 0.6000000000000001 0 0.8 0 0.6000000000000001 1 0 0 0 0 0 0 0 0 0 0 0 0 0 0 0.2 0 0 0 0 0 0 0 0 0 0 0 0 0 0 0 0 0 0 0 0 0 0 0 
 0 0 0 14.8 19.200000000000003 0 0.2 0.4 0.4 0 15.200000000000001 0.6000000000000001 0 0.4 0.2 0 0 0 0 0 0 58.400000000000006 51 16.2 28 6.2 87.4 23.6 25 29 21.400000000000002 8 43.800000000000004 55.6 23.6 36.6 36.4 55.2 7.800000000000001 25.400000000000002 0.6000000000000001 0.4 0.4 0 0 0 0 0 12 0 0 0.6000000000000001 0.8 0 0 0 0 0 0.6000000000000001 0 0 0 0 0.4 0.4 0.6000000000000001 0.6000000000000001 0.4 0 8.200000000000001 3 0.6000000000000001 0.4 0 0 0 0 0.2 0.6000000000000001 0.4 0 0 0 0 14.4 0.2 0 0 0 0 2.6 2.6 0 0 0 0 0 0 0 0 1.6 2.8000000000000003 0 2.2 0 0 6.800000000000001 1.8 0.2 2.6 0 4.4 3 4.6000000000000005 1.2000000000000002 9.600000000000001 1.4000000000000001 0 0 4.4 0 0 0 0 0 0 2 0 0 0.2 0 0 0 0 0.4 0.4 0 0 0 0 0 0 0 0 0 0 0 0.6000000000000001 0 0.2 0 0 0 0 0 0.2 0 0 1.2000000000000002 0 0 3.4000000000000004 0 0 10 0 0.4 0 0 0 6.4 0 0 0 0 0.6000000000000001 0 0.4 0 0 4.4 5 2.4000000000000004 0.2 0 4.4 10.4 10 3.4000000000000004 16 1.6 0 2.6 2.8000000000000003 0 4.2 4.800000000000001 5.4 5 7 0 0 0 0 0 0 0 0 0 0.2 0 0 0 0 0 0 0 0 0 0 0 0 0 0 0 0.2 0 0 0 0 0 0 0 0 0 0 0 0 0 0 0 0 0 0 0 0 0 0 0 0 0 0 0 0 4.6000000000000005 0 0.4 0 0 0.4 0 2.4000000000000004 0 0 0 0 6.6000000000000005 0 0 0 0 0 0 0 0 0 0 0 0 0 0 0 0 0 0 3 0 0 0 0 
 0 0.2 0 0 0 0 0 0 0 0 0 0.2 0 15.4 0.6000000000000001 0 0 0 0 0 58.400000000000006 0 43.400000000000006 140.20000000000002 25.8 48.6 46 17.8 23.6 6.6000000000000005 8.200000000000001 15.200000000000001 27 24 11.600000000000001 42.6 11 23.400000000000002 13.200000000000001 21.8 0.2 0.4 0 0 0 0 6 0 0.4 0 0 0.6000000000000001 6.800000000000001 0.6000000000000001 0 0 0.2 0 0.4 0 0 0 0.4 0.6000000000000001 7.6000000000000005 0.4 0.6000000000000001 0.4 0 0.6000000000000001 0 0.6000000000000001 0.4 0 0 0 0 0 0.6000000000000001 0.4 0 0 0 0 0 1.4000000000000001 0 0 0 0.2 0 0 0 0.4 0 0 0 0 0 0 0 1.8 6.6000000000000005 2.2 7.2 0 0 0 7 0.2 1.4000000000000001 4.800000000000001 0 0.2 4.6000000000000005 2.4000000000000004 2 3.6 0 2 4.800000000000001 2.4000000000000004 0 0 0 0 2.4000000000000004 0 0 0 0 0 1.4000000000000001 0.4 0 0 0 0 2.6 0 0 0.4 0 0 0 0 0 0 0 0 0 0 0 0 0 0 0 0.6000000000000001 0 0 0 0 0 0 0 0 0 0 0.2 0 0 0.4 0 0 0 0 0 0 0 0 2.4000000000000004 8 1.6 1.8 2.2 3.2 0 3.2 1.2000000000000002 3.2 10.8 3.6 0.2 2 2.4000000000000004 2 5.6000000000000005 2.6 0 0.2 2.2 0 0 0 0 0 0.2 0 0 0 0 0 0 2 0.2 0 0 0 0 0 0 0 0.2 0 0 0 0 0 0 0 0 0 0 0 0 0 0 0 0 0 0 0 2.2 0 0 0.4 0 0 0.4 0 0 0 0 0 19.6 0 0.4 7.800000000000001 16.6 0.4 4 0 0 0 0 0 0 0 0 0 0 0 0 0 0 0.2 0 0 0 0.4 0 2.8000000000000003 0 0 0 0 0 0 0 0 
 0.4 0.4 0.4 0.6000000000000001 1 4.800000000000001 1 0.8 0.4 6.2 0.8 0.4 0.4 0.8 0.4 0.8 0.4 1.2000000000000002 0.4 0.4 51 43.400000000000006 0 39.400000000000006 30 24 31.6 19 63 29.200000000000003 56.6 8.4 18 11 31 76.2 32 40.2 27.6 21.6 0.4 1 0 0 0.2 0.2 14.600000000000001 0 0.4 0 0.4 0.6000000000000001 24.6 0.4 0.4 0 0.4 0 0.6000000000000001 0.6000000000000001 0 0 0.8 0.4 0.2 0.6000000000000001 0.6000000000000001 0.4 0 0.6000000000000001 0 0.6000000000000001 0.6000000000000001 0.8 0 0 0 0.6000000000000001 0.6000000000000001 0.4 0 0 0 0 3.8000000000000003 6.6000000000000005 0 0 0 0 0 1.8 0 0 0 0 0 0 0 0 0 4.4 6 5 2.2 0 1 6.800000000000001 2 8.6 1 4.2 5.4 0 0.8 2.6 9 13.4 0 3 0.2 0 0 0 0 0 0 0 0 0 2.2 0 2 3.2 0 0 0 0 2 0 0 0 4 0 0 0 0 0 0 0 0 0 0 0 0 0.4 0 1.6 0 0 0 0 0 0 0 0 0.4 0 0 0 0 2.4000000000000004 0 0 0 1.4000000000000001 0 0 0 0 0.6000000000000001 1.6 0.2 3.4000000000000004 3.6 0 1.8 0 0 0 10.200000000000001 0 8.4 0 5.4 0 2 2 0.4 4.4 3 0 0 0 0 0 2.2 0.2 0 0 0 0 0 0 0.2 0 0 0 0 0 0 0 0 0 0.4 0 0 0 0 0 0 0 0 0 0 0 0.4 0 0.2 0 0 0 0 0 0 0 0 0 0 0 0 0 0 0 0.4 0 0 15.4 15.8 0 0 0 0 0 0 0 0 0 0 0 0 0 0 0 0 0 0 0 0 0 0 0.4 0 0 0 0 0 0 0 0 
 0 0 0.2 0 0.2 0 0 0.2 0 0.2 0.2 0 0.2 0.4 0.6000000000000001 0 0.2 0 0.4 0.8 16.2 140.20000000000002 39.400000000000006 0 37.800000000000004 28.400000000000002 24.6 27.8 62.400000000000006 15 12 44.6 12.200000000000001 34 24.8 68.8 59.6 22 13.200000000000001 11 1.2000000000000002 0.6000000000000001 0 0 0 0 12.200000000000001 0 0.4 0 0 0.6000000000000001 54.2 0 0 0 0 0 0.6000000000000001 0 0 0 0 0.2 0.4 0.6000000000000001 0.6000000000000001 0.4 0 0.6000000000000001 0 0.6000000000000001 0.4 9.200000000000001 0 0 0 0.8 0.6000000000000001 0.4 0 0 0 0 0 0 0 0 0 0 0 0 0 0 0 0.4 0 0 0 0 0 2 11.600000000000001 4 0.2 0 0 0 4.2 2.8000000000000003 4.6000000000000005 2.6 0 0 2.4000000000000004 0 2.2 7.4 0 0 3.6 0 0 0 0 0 0 0 0 0 0 0 1.8 6.4 0 0 0.2 0 6.2 0 0 0 0 0 0 0 0 0 0 0 2.2 0 0 0 0 0 0 0 0 0 4 0 0 0 0 0 0.4 0 0 0 0 0 0 0 0 0 0 0 0.4 0 0 2.2 4 1.8 9 0 0 0 2.6 0.6000000000000001 0.6000000000000001 3.6 0 0 4.4 3.6 3.4000000000000004 0 0 0 5.4 0 0 0 0 0 2.2 0 0 0 0 0 0 1 0 0 0.4 0 2 0 0 0 2.6 0 0 0 0 0 0 0 3.2 0.2 0 0 0 0 0.2 0 0 0 0 0 0 0 0 0 0.2 0 0 0 0 0 0 0 2.8000000000000003 0 0 31.8 16.2 0.6000000000000001 4.6000000000000005 0 0 0 0 0 0 0 0 0 0 0 0 0 0 0 0 0 0 0 0 0 0 0 0 0 0 0 0 0.2 
 0 0.6000000000000001 0 0 8 0.2 0.4 0 0 0 0 0 0 0.4 0.6000000000000001 0.2 0 0 0 0 28 25.8 30 37.800000000000004 0 82.4 58.800000000000004 36.6 64.8 89 92.60000000000001 45.800000000000004 19 30.6 48.800000000000004 35 45.6 5.800000000000001 52.800000000000004 18 0.8 0.4 0.2 0.4 0.2 0 1.4000000000000001 0.2 0.4 0 0 0.8 16.400000000000002 0.2 0 15.600000000000001 0 0 1 0.2 0 0 0 0.6000000000000001 0 0.8 0.6000000000000001 0.4 0.2 0.6000000000000001 1.4000000000000001 0.6000000000000001 0.4 0 0 0 0 5.2 2.4000000000000004 0.4 0 0 0 0 0 0 0 0 0 0 0 0 0 0 0 0 0 0 0 0 4 3.4000000000000004 2.2 9.8 1.8 0 1.6 0 0 2.6 3 2.6 0 3.6 5.4 2 6 2.4000000000000004 0 0 5.6000000000000005 11.8 0 0 0 0 14 2.2 1.2000000000000002 0 0 0 4.4 6.2 0.2 0 0 0 2 3.4000000000000004 0 0 0 0 0 0 0.2 0.6000000000000001 0 0 0 0 0 0 0 0 0 0 0.6000000000000001 0 0 0 0 0.2 3.8000000000000003 1.8 0.2 0 0 0 0 0 0 0 0 0 0 0 0 0 3.8000000000000003 0 3 1 0 0 2.6 0 2.4000000000000004 5.800000000000001 4.800000000000001 1.6 0 3.8000000000000003 0 2.8000000000000003 0.4 2 2.8000000000000003 1.6 3 0 0 0 0 0 0 2 0 0 0 0 2.2 0 0.2 0.6000000000000001 0 0 5.2 1.4000000000000001 0.2 0 0 0 0 0 0 0 0 0 0 0 0 0 0 0 0 0 0 0 0 0 0 0 0 0 0 0 0 0 0 0 0 0 0.4 0.2 0 15 0.2 0 0.4 0 0 0 0 0 3.8000000000000003 0 0 0 0 0.4 0 0 0 0 0 0 0 2.8000000000000003 0 0 0 0 0 0 0 0 0 0 
 0 0 0.4 0 0 0 0 0 0.4 0.2 0.2 0 0 0.4 0.6000000000000001 0 0 0 0 0 6.2 48.6 24 28.400000000000002 82.4 0 7.800000000000001 23 56.6 23 34.4 23 5.800000000000001 7.2 10.600000000000001 29.400000000000002 13.8 23 6.4 11.600000000000001 6.6000000000000005 0.8 0 0 0 0.6000000000000001 13.4 12.4 1.4000000000000001 0.2 0 14.200000000000001 27.8 12.600000000000001 51 17.6 10.600000000000001 0 11.600000000000001 0.2 0 0 0 0.6000000000000001 8.6 0.8 0.6000000000000001 0.4 0 0.6000000000000001 0 0.6000000000000001 0.4 0 8.200000000000001 0 0 1 0.6000000000000001 0.4 0 0 0 0 0 0 0 4 0 0 0 0 0 0 0 0 0 0 0 0 0 0 0 5.6000000000000005 3.2 5.800000000000001 0 0 0.2 0 0 0 0 0 0 0 1.2000000000000002 6.6000000000000005 0 0 4.4 3.8000000000000003 4.4 0.2 0 0 4.800000000000001 4.2 2.4000000000000004 3.4000000000000004 0 0 5.4 6.4 8.6 0 0 1.4000000000000001 5.2 1.4000000000000001 0 0 0 0 2.8000000000000003 0 0 0 0 0 0 0 0 0 0 0.2 0 0 2 0 0 0 0 0 0 0 0.4 0 0 0 0 0 0 0 0 0 0 0 0 0 0 0 0 0.4 2 1.4000000000000001 0 0 0 0 4 23.8 0 0 0 0 0 0 0 0 3.8000000000000003 2.6 0.6000000000000001 0 0 0 6.6000000000000005 1.4000000000000001 11 0 0 0 7.4 0.2 4.6000000000000005 6.2 2.6 0 0 5.800000000000001 0 0 0.2 0 0 0 0 0 0 0 0 0 0 0.2 0 0 0 2.2 0 0 0 0.6000000000000001 0 0 0 0 0 0 1.6 0 0 0 0 0 1 0.8 0.6000000000000001 4.2 0.2 0.2 1 0 0 0 0 0 0 0 0 0 0 0 0 0 0 0 0 0 0 0 0 1.8 0 0 2.4000000000000004 0 0 0 0 0 
 0.4 0.4 0.8 0.4 7.2 0.4 0.4 0.4 0.6000000000000001 0.4 0.4 0.6000000000000001 0.4 0.4 0.4 0.4 0.4 0.6000000000000001 0.4 1.4000000000000001 87.4 46 31.6 24.6 58.800000000000004 7.800000000000001 0 23.200000000000003 29.8 36.6 32.800000000000004 21.6 29.6 60.400000000000006 30.200000000000003 12.8 74.4 19.400000000000002 93.4 45 0.4 0.4 0 0 0 0 0 0 0.4 0 0 0.6000000000000001 0.6000000000000001 1.4000000000000001 0 0 0 4.6000000000000005 0.6000000000000001 0 0 0 0 0.8 0 0.6000000000000001 0.6000000000000001 0.4 0 0.6000000000000001 4.2 0.6000000000000001 0.4 0 0 0 0 0 0.6000000000000001 0.4 0 0 0 0 0 0.8 0 0.2 0.6000000000000001 0.2 0 0.2 0 2.6 0 0 0 0 0 0 4.800000000000001 6.6000000000000005 10.4 0 2.2 0 2.2 0 2.2 0 4.2 0 1.8 3.6 7.800000000000001 5.4 6.6000000000000005 6.6000000000000005 0 2.8000000000000003 0 0 0 0 0 0 0 0.2 0 0 5.800000000000001 0 0 0 0 0 0 0 0 0 0 0 0.6000000000000001 0 0.4 0 0 0 0 0 0 0.4 0 0 0 0.4 0 0.6000000000000001 0.2 0 0 0 0 0 0 5.2 1 0 0 0 0 0 0.2 0 0 0.2 0 0 0.8 0 7.4 2.2 2.6 5 2.8000000000000003 6.2 2.6 5.2 0 5.800000000000001 3.6 0 3.6 12.200000000000001 2.2 12 3.8000000000000003 5.800000000000001 2.8000000000000003 5.800000000000001 0 0 0 0 0 0 0 0 0 0 0 0.2 0 0 0 0 0 0 1.4000000000000001 0 0 0 0 0 0 0 0 0 0 0 0 0 0 0 0 0 0 0 0 0 0 0 0.2 0 0 0 0 0 0 0 0 0 0 0 2 0.4 0.2 0 0.2 0 0 0.4 0 0 0 0 3.8000000000000003 0 0 0 0 0 0 0 0 0.2 0 0 0 0 0 3 0 0.2 0 3.8000000000000003 0 0 0 0 
 0 0 0.4 0 17 0 0.2 0.2 0.6000000000000001 0 17 0 0 0 0 0 0 0.4 0 0.6000000000000001 23.6 17.8 19 27.8 36.6 23 23.200000000000003 0 56.2 24.200000000000003 45.6 37.4 25.8 48.6 91.80000000000001 22.8 122.2 35.4 11.200000000000001 14.600000000000001 0.4 1.6 0.6000000000000001 0 0 0.4 0.2 0.4 1 0 0.6000000000000001 1 0.6000000000000001 0 0.4 0 0 0 1.2000000000000002 0 6.6000000000000005 0.6000000000000001 0.4 1 0 0.6000000000000001 0.6000000000000001 1 0 1.2000000000000002 0 0.6000000000000001 0.4 0 0 0.6000000000000001 0.6000000000000001 0.6000000000000001 0.8 1.2000000000000002 0 0 0 0 0.2 0 0 0 0 0 0 8.200000000000001 0 0 0 0 3.8000000000000003 0 0.4 0 5.6000000000000005 0 0.4 4.6000000000000005 4 0 6 1.4000000000000001 4.800000000000001 6.2 3 4 0 0 4.4 0 2 3 6.4 0 0 0 0 0 0 0 2 2.6 0 0.4 0 0 1.6 3.2 0.2 0 0 0 2.2 1.4000000000000001 0 0 0 0 0 0 0 8.6 0 0 0 0 0 0 0 0 0 0 0.4 0 0.8 0.4 0 0 0 1.4000000000000001 0 6.4 0 0 1.2000000000000002 0 0 0.4 0 0 0 0 0 0 0 0 2.2 2.8000000000000003 5 0.4 0 5 4.2 6.4 8.8 0 3 4.4 5.800000000000001 3.2 0 4 0 0 3.2 0 0 0 0 0 0 1.6 0.8 0 0 0 0 0 0.2 0 0 0 6.2 0 0 0 0 0 0 0.2 0 0 0 0 0 0 0 0 0 0 0.2 0 0.4 0 0 0 0 0 0 0 0 0 0 0.8 0 0 0 0 1.6 0 0 0 15.600000000000001 0 0.4 0 0 0 0 0 0 0 0 0 0 0 0 0 0 0 0 0 0 0 0 0 0 0 0 2.8000000000000003 2.2 0 0 0 
 0.2 0.2 0 0.2 0.2 16.2 0 0 0 0 0 0 0 0 0.4 0 0 0 0.4 0 25 23.6 63 62.400000000000006 64.8 56.6 29.8 56.2 0 37.800000000000004 58.6 23.400000000000002 23 30.8 44.400000000000006 21.8 23.200000000000003 15.4 25 28.400000000000002 0.6000000000000001 0.8 0 0.6000000000000001 0 1.4000000000000001 0 0 0.4 0 0 0.6000000000000001 0.6000000000000001 0 0 0 0 0.4 0.8 0 0 1 0 0.6000000000000001 0.4 10.200000000000001 0.6000000000000001 0.4 0 0.6000000000000001 0 1 0.4 0 0 0 0 2.8000000000000003 0.6000000000000001 0.4 0 0 1.4000000000000001 0 0 0 0 0 0 0 0.2 0 0 0 0 0 0 0 0 0 0.4 0 0 5.6000000000000005 1.8 0 0 3.8000000000000003 1.6 3.4000000000000004 3.2 1.6 1.2000000000000002 0 0.2 3 2 5.800000000000001 2.2 2.2 0 0 0 0 0 0 2.2 4.2 0 0 1.2000000000000002 0 3.4000000000000004 3.4000000000000004 0 0 0 0 0.8 0.6000000000000001 0 0 0 0.2 0 0 0 0.6000000000000001 0 0 0 0 0 0 0 0 0.2 0 0.4 0 0.4 0 0 0 0 3.2 0 0 0 0 0 0 0 0 0 1 0 0 0 0 1.8 2.2 3.2 7 0 5 0.8 0 7.4 10 6.6000000000000005 4.2 0 0.2 0 0 2.2 3 2.4000000000000004 3 0.2 0 0.8 0 0 0 0.2 3 0 0 0 0 0 0 0 0 0 0 3 0 0 0 0 0.4 0 0 0 0 0 0 5 0.2 0 0 0 0 0 0 0 0 0 0 0 0 0 0 0 0 0 0 0 0 0 0.2 1.4000000000000001 0 0 0 0.2 0.2 0 0 0 0 0 0 0 0 0 0 0 0 0 0 0 0 0 0 0 0 0 0 0 0 0 0 2.2 0 0 0 
 0 0 0 0 15.4 0 0.4 0 0 0 0 0 0 0 0 0 0 0 0 0 29 6.6000000000000005 29.200000000000003 15 89 23 36.6 24.200000000000003 37.800000000000004 0 21 17.6 11 16.8 52.400000000000006 32.2 40.2 16.8 15.200000000000001 21.400000000000002 0.6000000000000001 0.4 0 0 0 0.4 0 0 0.4 0 0 0.6000000000000001 0.6000000000000001 0 0 0 0 0 0.6000000000000001 0 0 0 0 0.2 0.4 0.6000000000000001 0.6000000000000001 0.4 0 0.6000000000000001 0.2 0.6000000000000001 0.4 0 0 0 0 2.4000000000000004 0.6000000000000001 0.4 0 0 0 0 0.2 0 0 0 0 0 0 0 2 0 0 0 0 0 0 0 3.6 2.6 0 4.4 0 0 5.800000000000001 1.4000000000000001 0 0.2 0 4.4 1.6 0.2 3 4.2 2 2.6 0 3.2 0 0 0 0 0 0 0 0 0.4 0 0 0 0 0 0 0 0 0 1.2000000000000002 0 0 0 0.4 0 0 0 0 5.2 0 0 0 0 0 0 0 1 0 0 0 0 0.2 0 0 0 0 2.8000000000000003 0.2 0.2 0 0 0 0 0 0 0 0.6000000000000001 0 3.4000000000000004 0 0 0.2 2.4000000000000004 0 5.800000000000001 0 4.800000000000001 2.8000000000000003 4.4 0 5.6000000000000005 2.6 1.8 0 2.8000000000000003 0.2 1.2000000000000002 0.2 4.800000000000001 3.2 3.8000000000000003 2 0 2.4000000000000004 0 0 0 0 0 0 0 0 0 0 1.4000000000000001 2.6 0.2 0 0 0 7.800000000000001 0 0 0 0 0 0 0 0 0 0 0 0 0 0 0 0 0 0 0 0 0 0 0 0 0 0 0 0 0 0 0 0 0 0 1.4000000000000001 0 0.6000000000000001 0 0 0.4 0 0 0 0 0 0 0.2 0 0 0 0 0 0 0 0 0 0 0 0 0 0 0 0 0 0 3.4000000000000004 0 0 0 0 
 0 0 0 0 1.2000000000000002 0 0 0 0.6000000000000001 0 0 0 15.8 0 0 0.8 7.800000000000001 0 0 0 21.400000000000002 8.200000000000001 56.6 12 92.60000000000001 34.4 32.800000000000004 45.6 58.6 21 0 73.2 7.2 88.60000000000001 63.400000000000006 43.800000000000004 100 26.200000000000003 6.2 65.8 0.2 0.4 0 0 0 1.2000000000000002 0.2 12.200000000000001 0.4 0 0.4 0.6000000000000001 0.6000000000000001 0 0 0 0.2 0.2 0.4 0 0 1.2000000000000002 0 0.6000000000000001 0 0.4 0.6000000000000001 0.4 0 0.6000000000000001 0 0.6000000000000001 0.4 0 0 0 0 1 0.6000000000000001 0.8 0 0 0 0 0 0 0 0 0 0 0.4 0 0 0 0 0 0 0 0 0 1.6 0 2 0 4.2 0 4 10.600000000000001 2 3.4000000000000004 5.2 0.8 0 0 2.4000000000000004 3 2.4000000000000004 3.8000000000000003 0 0 0 0 0 0 0 0 3.6 0 0 0 0.2 0 0.4 0 0 0 0 0 3 1.4000000000000001 2.8000000000000003 0 0 0 0 0 0 0.6000000000000001 0 0 0 0 0 0 0.4 0.4 0 0 0.4 0 0 0 0 0 0 0 0.2 0 0 0 0 0 0 0 0 0.2 0 0 0 0 0 1 21.200000000000003 5.2 3.8000000000000003 5.6000000000000005 0.2 5.2 2.8000000000000003 6.2 4.4 2.6 0 2.4000000000000004 0 8 2.8000000000000003 4 0 0.6000000000000001 2 0 3.4000000000000004 0 0 0 0.2 0.4 0 0 0 0 0 1.4000000000000001 2.2 0 0 0 4.2 0 0 0 0 1.2000000000000002 0 0 0 0 0 0 0 0 0 0 0 0 0 0 0 0 0 0 0 0 0 0 0 0 0 0 0 0 0 0 0 0 0 1 0 0.4 0 0 0 0 0 0 0 0 0 3.6 0 0 0 0 0 0 0 0 0 0 0 0 0 0 0 4.4 3 0 0 0 
 0.4 0.6000000000000001 0.8 0.4 0.4 0.4 0.6000000000000001 0.6000000000000001 1.8 0.6000000000000001 0.6000000000000001 0.6000000000000001 0.6000000000000001 0.8 0.4 1.6 0.4 0.6000000000000001 0.8 1 8 15.200000000000001 8.4 44.6 45.800000000000004 23 21.6 37.4 23.400000000000002 17.6 73.2 0 52.2 29 20.6 20.400000000000002 23.400000000000002 29.6 2.8000000000000003 6.4 0.6000000000000001 0.8 1 0 0 0 12.4 12.4 0.4 0 0 0.6000000000000001 15.4 26.6 0 0 0 0 13 0 0 0 0 0.4 0.2 0.6000000000000001 0.6000000000000001 0.4 0 0.6000000000000001 0 1.2000000000000002 0.4 0 0 0 0 0 0.6000000000000001 0.4 0 0 0 0 0 0 0 0 0 0 0 0 0 0 0 0 0 0 0 0 1.2000000000000002 0 0.8 0.4 2.2 2.6 3 0 3.4000000000000004 2.6 7.2 0.2 0.2 0 4.2 3.2 0.4 5 0 2.6 1.8 2.4000000000000004 2.4000000000000004 0 0 0 3.6 3 0 0 0 0 1.6 0 3 0 0 0 0.2 4 0 0 2 0 0 0 0 0.4 0 0 0 0 0 0 0 0.4 0 0 0 0 0 0 0 0 0 0 0.2 0 0 0 0 0 0 0 0 0.2 0 0 0 0 3.6 1.4000000000000001 6 4.6000000000000005 6.800000000000001 4.800000000000001 0.2 4.4 0.2 4.800000000000001 0 5 0.2 0 2 5 11.200000000000001 4.6000000000000005 0 0.2 2.4000000000000004 0 0 0 0 0 3.4000000000000004 1.6 4.4 0 0 0 0 3 0 0 0 0 7 2.4000000000000004 0 0 0 0 0 0 0 0 0 0 0 0 0 0 0 0 0 0 0 0 0 0 0.2 0 0 0 0 0 0 0 0 0 0 0 1.4000000000000001 0 0.6000000000000001 0.8 0 0.4 1.6 0 0 0 0 0 0 0 0 0 0 0 0 0 0 0 0 0 0 0 0 12.600000000000001 0 0 0.4 2.4000000000000004 0 0 0 0 
