 0 70.60000000000001 22 11.600000000000001 10 54.2 90.80000000000001 33.6 11.8 44.6 43.2 27.400000000000002 8.8 31 86.80000000000001 6.2 50.400000000000006 19.200000000000003 27 59.800000000000004 0 0.4 0.4 0 0 0.6000000000000001 0 0 41.2 0 0 0 0.8 0.8 0 0 0.2 0 14.8 0 0.4 0 0.6000000000000001 0.4 0.6000000000000001 0 0.2 0 1.2000000000000002 0.6000000000000001 0 0 0 0 0 0 0 0.4 1 0.6000000000000001 0.4 0 0 1.2000000000000002 0 0 0 0 0 0 0 0.6000000000000001 0.6000000000000001 0 0 2.2 0.4 0.4 0.4 0 9.200000000000001 12.600000000000001 2.4000000000000004 6.2 0 1 0 7.800000000000001 0.2 0 0 0 0 2 11.600000000000001 0.6000000000000001 11.4 2.2 0 10 0 0.2 0 0 0 0 0 0 0 0 0 0 2 0 0 0 0.4 0 0 0 0 0.4 0 0 0 0 0 0 0 0 0 0 0 0 0 0 0.4 0 0 0 0 0 0 0 0 0 0 0 0 0 0 0 0 0 0 0 0 0 0 0 4 8.200000000000001 3.8000000000000003 0.2 2 0 0 0 5.800000000000001 0 2 3.4000000000000004 0 1.8 4 7.4 4.800000000000001 0.2 1.8 3.4000000000000004 0 0 0 0 0 0 4.800000000000001 0 0 0 0 0 0 0 0.2 0 0 0.2 2.6 0 0 0 0 0 0 0 0 0 0 0 0.4 0 0 0 0 0 0 0 0.2 0 0 0 0 0 0 0 0 0 0 0 0 0 0 0 0 0 0 0 0.2 0 0 0 0 0 0 0.2 0.2 0 0.4 1.2000000000000002 0 1.2000000000000002 0 0 0 0 0 0 0 0 0 0 0 0 0 0 0 0 0 0 0 0 0 0 0 0 0 0 0 0 0 0 0 0 0 0 0 0 0 0 
 70.60000000000001 0 25.6 15.200000000000001 28.200000000000003 8 18.8 23.6 64.4 72.8 45.6 42.2 44.2 25 45 25 23.400000000000002 9.200000000000001 13 26.200000000000003 0.2 0.4 0.6000000000000001 0 0 1 0.8 2.8000000000000003 0 0 0 0 0.2 2.2 0 0.4 0 0 44.2 0 0.4 0 0.6000000000000001 0.4 0.6000000000000001 12.600000000000001 0.6000000000000001 0 0 0 0 0 0 0 0 0 0 0.6000000000000001 0.6000000000000001 1 0.6000000000000001 0.2 0 0 0 0 0 0 0 0 0.4 2.6 0.6000000000000001 0.4 0 1 1.2000000000000002 1.4000000000000001 1 0 3.2 2 1.6 2.6 3.2 5.4 5.6000000000000005 6.4 0.8 2.4000000000000004 1.8 2 0.2 0.4 0 5 3.2 6.2 3 4.800000000000001 0 0.2 0 0 0 0 2.6 0 0 0 0 0 3.2 0.2 0 0 1 0 0 0 0 0 0 0 0 0 0 0 0 0 0 0 0 0 0 0 0 0 0 0 0 0 0 0.4 0 0 0 0 0 0 0 0 0 0.6000000000000001 0 0 0 0 0 0 1 6 2.8000000000000003 2.4000000000000004 5 0 0 3.4000000000000004 5.4 0 4 0 2.8000000000000003 0 0 5.800000000000001 12.600000000000001 1.8 0 12.600000000000001 0 0 0 0 0 0 3.8000000000000003 0 0 0.2 0 0 0 0 0 0 0 0 6.2 0 0 0 0.2 0 0 0 0 0 0 0.2 0 0 0 0.2 0 0 0 0 0 0 0 0 0 0 0 0 0 0 0 0 0 0 0 0 0 0 0 0 0 0 0 4 0 0 0 0.2 0 0 18.2 0.2 0.8 0 0 0 0 0 0 0 0 0 0 0 0 0 0 0 0 0 0 0.2 0 0 0 0 0 0 0 0 0 0 0 0 0 0 0 0 0 0 0 0 
 22 25.6 0 18.2 61.2 8.6 57.2 35.2 58.6 74.4 6.6000000000000005 52.6 34.800000000000004 27.8 14.8 47.2 27.400000000000002 16.2 27.6 5.800000000000001 0 0.4 0.4 0 0.4 0.6000000000000001 0 0.4 0 0 0 1 15 0.6000000000000001 0 0 0 0 41 0.2 0.4 12.600000000000001 0.6000000000000001 0.6000000000000001 0.6000000000000001 0 0.6000000000000001 0 1.6 0.2 0.4 0 0.2 0.2 0.2 0 0 0 0.6000000000000001 0.8 0 0 0 0 9 1.8 0 0 0 0.2 1.6 0 0.6000000000000001 2 0 0 0 0 0 0 0.2 4.6000000000000005 2 0 0 2.6 10.4 0.6000000000000001 3.6 2 5.2 1.6 3 3 3.8000000000000003 6 0 4.2 0 6.4 0 0 0 3.8000000000000003 0 0 0 0 0 0 0 0 0.2 0 3.8000000000000003 0 0.4 0 0 0 0 0.4 0 0 2.6 0 0 0 0 0 0 0 0 0 0 0 0.4 0 0 0 0 0 0 0 0.2 0 0 0 2.2 0 0 0 0 0 0 0 0 0 0 0 5.2 3.8000000000000003 1 1.6 1.8 1 2.8000000000000003 7.6000000000000005 0 5.6000000000000005 5 2 0 2.8000000000000003 3.8000000000000003 0 0 6 6.800000000000001 1 0 0 0 0 0 0 0 0 0 0 0 0 0 0 0.2 0 2 0.2 0 0.4 0 0 0 0 0 0 0 0 0 0 0.4 0 0 0 0 0 0 0 0.2 0 0 0 0 0 0 0 0 0 0 0 0 0 0 0 0 0 0 0 0.8 0 0 0 0 0 0 0.2 0.2 0 0.2 17.8 0 3 17.2 0 0 0 0 0 0 0 0 0 0 0 0 0 0.2 0 0 0 0 0 0 0 0 0 1.4000000000000001 2 0 0 0 0 0 0 0 0 0 0 0 0 
 11.600000000000001 15.200000000000001 18.2 0 20.400000000000002 27.400000000000002 19.200000000000003 35 17.6 21 99.4 34.800000000000004 99.80000000000001 29.8 16.400000000000002 65.2 45.2 28 12.200000000000001 8.4 15 0.4 0.4 0 7.2 0.6000000000000001 0 0 0 0 0.2 0 0 15.8 0 0 0 0 0 15 0.4 0 0.6000000000000001 0.4 0.6000000000000001 0 0.2 0 0 11 0 0 0 0 0 0 0 9.200000000000001 0.6000000000000001 0.6000000000000001 1.6 0 0 0 0 0 0 0 0 0 0 0 0.6000000000000001 0 0 0 0 0 0 0 2.4000000000000004 0 0 3.6 0 2 0 3.4000000000000004 0 7.6000000000000005 1.8 0 0 1.8 1.8 0 7.2 1.6 0 0 0 3 2 0 0 0 0.6000000000000001 0.8 0 0 0.4 0 5.4 3 0 0 0 0.2 0.2 3.2 0 0 0 0 0 0 0 0 0 0 0 0 0 0 0 0 0 0 0 0 0 0 0 0 0.8 0 0 0 0 0 0 0 0 0 0 0 0 0 0 0 0.4 0.2 3.2 5.2 0.2 4.2 3.6 2 1.8 9.4 6.6000000000000005 2.6 2.4000000000000004 0 2.2 5.6000000000000005 0 4 0 0 0 2.8000000000000003 0 0 0 0 0.6000000000000001 0 0 0 5.800000000000001 0 4.800000000000001 0 0 1.8 0 0 0 2 0 0 0 0 0 0 0 0 0 0 0 0 0 0 0 0 0 0 0 0 0 0 0 0 0.2 0 0 0 0 0 0 2 0 0 0 0.2 0.2 0.4 0 0.4 0 3.8000000000000003 0 0 0 0 18.8 0.4 1 35.2 0 2.6 0 0 0.4 0 0 0 0 0 0 0 0 0 0 0 0 0 0 0 0 0 0 0 0 5.4 0 0 0 0 0 0 0 0 0 0 0 0 0 0 
 10 28.200000000000003 61.2 20.400000000000002 0 49.800000000000004 11 77.4 33.800000000000004 34.4 52.2 91.2 60.800000000000004 15 14.8 65.60000000000001 54 72 10.4 55.6 14.8 0.4 1.2000000000000002 0 0 0.6000000000000001 20.400000000000002 0.6000000000000001 0.2 0 0.4 0 31.400000000000002 1 14.8 0.4 1.8 0 14.8 21 1 0.4 1 0.8 0.6000000000000001 0 0.6000000000000001 0 0 0 1 0.6000000000000001 0.2 0.8 0.4 0 0 0 0.6000000000000001 0.6000000000000001 1 0 0 0 0.4 0 0 0.4 0 0 0 0 0.6000000000000001 0 0.4 0.4 0 0 0.6000000000000001 0 2.4000000000000004 0 0 2.6 0 0 0 3.8000000000000003 0.8 0 2 0.6000000000000001 0 0 0 1 4 0 0 0 5 6.6000000000000005 2.8000000000000003 0 0 0 2 2 2.4000000000000004 2.2 0 0 2 0.8 4 0 0 1.4000000000000001 10 9.4 0.4 0 1.8 0 0 1.8 0 0 4.4 0 0 0 0 0 0 0 0 0 0 0 0 0 0 0 0 0 0 0 0 0 0 0 0 3.4000000000000004 0 0 0 0 0 0 0.2 4.2 2.8000000000000003 0.6000000000000001 2.8000000000000003 0 0 0 2 0 3.8000000000000003 0 2.4000000000000004 0 1 7 2.4000000000000004 1.8 0 0 7.800000000000001 2.8000000000000003 4.2 0 0 0 10 4.4 3 6.4 0 0.4 4.6000000000000005 2 0 2 1.8 2 4.2 6.2 0 0 0 2.8000000000000003 0 0 0 0 0 0 0 0 0 0.4 0 0 0 0 0 0 0 0 0 0 0 0 0 0 0 0.2 0 0 0 0 0 0 0 0 0 0 0 10.600000000000001 0 0 0 0.4 0 0 18.2 0.6000000000000001 1.6 1.4000000000000001 0 0 0 0 0 0.4 0 0 0 0 0 0 0 0 0 0 0 0 0 0 6.2 0 0 0 0 0 0 0 0 2.4000000000000004 0 0 0 0 0 0 0 0 
 54.2 8 8.6 27.400000000000002 49.800000000000004 0 12.4 12.200000000000001 26.6 57.400000000000006 27.8 35 10.4 8 14.200000000000001 18 12.4 15.600000000000001 8.200000000000001 8.4 0 15.4 0.4 0 0 0.6000000000000001 14.8 16 0 4 0.2 0 19.400000000000002 1 44.400000000000006 0 0 0 0 42.400000000000006 0.4 0.2 0.6000000000000001 0.4 0.6000000000000001 0 0.4 0 0 0.4 0 1.4000000000000001 0 1.2000000000000002 0 0.4 0 0.2 0.6000000000000001 0.6000000000000001 0 0 0 0 0 0 0 0 0 0 0 0 0.6000000000000001 0 0 0 0 0 0 0 0 0 0 0.2 5 1.4000000000000001 0 0 0 1.8 0 1.6 0 0 0 0 0 0 0 0 3 8.8 21 1 0 0 3.6 6.2 0.6000000000000001 3.4000000000000004 4.2 2.6 2.8000000000000003 12.4 9 3.6 2.4000000000000004 0 5.800000000000001 7.800000000000001 0 0 0 0 0 0 0 0 7 0 0 0 0 0.4 0 0 0 0 0 0.2 0 0 0 0 0 0.4 0 0 0 0 0 0 0 0 0 0 0 0 0.2 0 0 0 0 0 0.2 0 0 0 0 0 0 0 0 0 1.4000000000000001 0.4 0 0 0 0 10.4 11.8 0 0 0 0 5.2 8.6 9.200000000000001 3.6 0 1.4000000000000001 5.6000000000000005 6.800000000000001 0.6000000000000001 6.2 8.200000000000001 1.8 5.800000000000001 9.8 0 0 0 0 0 0.4 0 0 0 0 0 0 0 1.8 0.2 0 0 0 0 0 0 0 0 0 0.2 0 0 0 0 0 0 0 0 0 0 0 0 0 0 0 0 0 0 0 0 0.2 0 0 0.2 0.2 0 2.6 0 0 0 0 0 0 0 0 0 0 0 0 0 0 0 0 0 0 0 0 0 0 0 1.6 0 0 0 0 0 3.2 0 0 0 0 0 0 0 0 
 90.80000000000001 18.8 57.2 19.200000000000003 11 12.4 0 69.60000000000001 12 50.6 6.6000000000000005 12.600000000000001 35 19 24.200000000000003 30.6 8.200000000000001 55.2 13.200000000000001 61 0 0.4 0.4 0 0 0.6000000000000001 0 0 0.4 0.4 0 0 0.2 1 0 15.200000000000001 0.2 0 0 0 0.8 0 0.6000000000000001 0.4 0.6000000000000001 0 0.6000000000000001 0 2.8000000000000003 0 0 0 0 0 0 0 0 0 0.6000000000000001 0.6000000000000001 0 0 0 0.6000000000000001 0 0 0 0 0 0 0 0.4 0.6000000000000001 0 0 0 0 0 0.2 0 13.200000000000001 8 1.2000000000000002 3.2 5 0.2 6.6000000000000005 0 6.2 1.4000000000000001 2.8000000000000003 1.6 2.6 5.4 3.6 0 1.8 2 2 9.600000000000001 0 0 0 0 0 0 0 0 0 0 0 0 0 0 0 0 0 0 0 0 0 0 0 0 0 0 0 0 0 0 0 0 0 0 0 0 0 0 0 0 0 0 0 0 0 0 0 0 0 0 0 0 0 0 0 0 0 0 0 0 2.8000000000000003 0 2.4000000000000004 0 2 6.800000000000001 2.4000000000000004 5 2.6 0 0.2 0 0 7.4 8.8 0 2.2 2.8000000000000003 0.6000000000000001 2.6 0 0 0 0 0 0 0.2 0 0 0 0 0 0 0 0 0 0 0 0 0 0 0 0 0 0 2.8000000000000003 0 0 0 0 0 0 0 0 0 0 0 0 0 0 0 0 0 3.4000000000000004 0 6.6000000000000005 5.4 0 0 0 0 0 0 0 0 0 0 0 0 0 0 0 0 0 0 0.2 0.2 0 0.2 0.4 0.2 2 0 6.4 0 0 0 0 0 0 0 0 0 0 0 0.2 0 0 0 0 0 0 0 0.2 0 0 2 0 0 0 0 0 0 0 0 0 0 0 0 0 
 33.6 23.6 35.2 35 77.4 12.200000000000001 69.60000000000001 0 56.800000000000004 11.4 12 21.6 49 33 51.6 83.60000000000001 84.80000000000001 24.8 17.6 30.6 0 0.4 0.4 0 0 0.6000000000000001 0 0 0 0.8 0.6000000000000001 0.8 0.2 0.6000000000000001 0 0 0 0 0.4 0.2 0.4 0 0.6000000000000001 0.4 1.8 0 0.6000000000000001 0 0 0 0 0 0 0 0 0 1.2000000000000002 0 0.6000000000000001 1.4000000000000001 0 1.2000000000000002 0.8 0 0 0 0 0 0 1.6 0 0 0.6000000000000001 0 0.2 0.2 0.2 0.8 0.8 0 1.8 5.4 2.4000000000000004 8.200000000000001 5.6000000000000005 0.2 5.6000000000000005 0.2 2 2.8000000000000003 7.4 3.4000000000000004 4.2 7.6000000000000005 4 0 6.2 1.4000000000000001 0 3 0 0.4 0 0 0 0 0 0 0 0 0 0 2.4000000000000004 0 0.6000000000000001 0 0 0 0 0 0 0 0 0 0 0 0.4 0.4 0 0 0.2 0 0 0 0 0 0 0 0 0 0 0.4 0.4 0 0 0 0 0 0 0 0 0 4.4 0 0 0 0 0 0 0 3.4000000000000004 0.2 4 2.6 2.6 5.2 10.4 0 0.4 0.4 0.2 2.4000000000000004 1 0 5.2 2.8000000000000003 0 3.2 2 0 0 0 0 0 0.2 0 0 0 0 0 0 0 0 0 0 0 0 0 0 0 0 0 0 0 0.2 0 0 0 0 7 0 0 0 0 0 0 0 0 0 0 0.4 0 1.8 0.4 0 0.4 0 0 0 0 0 0 0 0 0 0 0 0 0 0 0 0 0 0 0 0 17.8 0 0.6000000000000001 18 0.2 3.6 1 0.4 0.4 0 0 0 0 0 0 0 0 0 0 0 0 0 6.4 0 0 0 0 0 0 0 1.2000000000000002 0 0 0 0 0 0 0 0 0 0 0 0 0 
 11.8 64.4 58.6 17.6 33.800000000000004 26.6 12 56.800000000000004 0 53.400000000000006 25.6 79.2 23.6 31 17.400000000000002 46.2 26.400000000000002 26.8 50.2 9.600000000000001 0 0.4 0.4 0 0 0.6000000000000001 14.8 0 0 0 0 0 16.8 0.6000000000000001 0 0 0 0 15.4 0 0.4 12.8 0.6000000000000001 0.4 0.6000000000000001 0.2 0.6000000000000001 0 0 0.2 0 0 0 0 0 0 0 0 0.6000000000000001 0.6000000000000001 0 0 0 10 0 0 0 0 0.8 0 0 0 0.6000000000000001 0 0 0 0 0.2 0 0 0 0 0 2.2 0.2 1.4000000000000001 0.6000000000000001 3.8000000000000003 1.8 4.4 5.2 6.6000000000000005 0 0.2 1.6 5.800000000000001 3.4000000000000004 0 0 0 0 2.8000000000000003 0 0 0 0 0 0 0 0 0 0 3.8000000000000003 0 2.8000000000000003 0 0 0 0 0 0 0 0 0 0 0 0.2 0 0 0 0.4 0 9.8 0 0 0 0 0 0 0 0 0 0 0 0 0 0 0 0 0 0 1.4000000000000001 0 0 0 0 0 0 0 0.2 1.6 10 3.6 4.2 0 7.800000000000001 0 1.8 2 3.4000000000000004 2.8000000000000003 4.800000000000001 8 1.2000000000000002 2.6 3.2 1.8 2.2 5 0 0 0 0 0 0 0 2.8000000000000003 0.2 0 0 0 0 0 0 0 0 0 0 0.2 4.2 0 0 0 0 0 0 0 0.2 0 0 0 0 0 0 0 0 1.2000000000000002 0 0 0.4 0.2 0 0 0.2 0 0.2 0 0 0 0 0 0 0 0 0 0.2 0 0.4 0 0.4 0 0 0 0 0 0.4 0.2 0 20.200000000000003 0 2.2 1.2000000000000002 1.4000000000000001 0.2 0.4 0 0 0 0 0 0 0 0 0 0 0 0 0 0 0 0 0 0 0 0 0 0 3.2 0 0 0 0 0 0 0.2 0 0 0 0 0.2 
 44.6 72.8 74.4 21 34.4 57.400000000000006 50.6 11.4 53.400000000000006 0 26.200000000000003 10.200000000000001 19.400000000000002 51.800000000000004 15.600000000000001 35.2 27.400000000000002 28.6 14.200000000000001 22.400000000000002 15 0.4 0.4 0 0 0.6000000000000001 0 0 0 0 0 0 0.2 15.600000000000001 0.6000000000000001 0 0 0 14.4 0 0.4 0 0.6000000000000001 0.4 1 0 0.4 0 0 0.4 0 0 0 0 0 0.4 0 0 0.6000000000000001 0.6000000000000001 0.6000000000000001 0 0 0 0 0 0 0 0 0 0 0 0.6000000000000001 0 0 0 0 0 0 0 11 9.4 3 12.8 1.8 6.6000000000000005 1.8 2.4000000000000004 3.4000000000000004 4.6000000000000005 3 5.800000000000001 0 0 3.2 4.4 11.600000000000001 3.4000000000000004 0.2 7.6000000000000005 0 2.8000000000000003 0 0 0 0 2 0.2 0 0 0 0 5.2 0 0.2 0 0 0 0 0 0 0 0 0.2 4.4 0 0 0 0 0 2.2 0 0 0 0 0 0 0 0 0 0 0 0 0 0 0 0 0 0 0 0 0 0 0.2 0 0 0 0 0 0 3.2 2 4.2 5.6000000000000005 1 4 0 1.8 3 1 0 3.2 0 2.6 1.4000000000000001 5 12 3.2 0 2 0 0 0 0 0 0 5 0 0 0 0 0.4 0 0 0 0 0 0 0 0 0 0 0 0 0 0 0 0 0 0 0 0 0 0 0 0.2 0 0 0 0 0 0 0.2 0 2.8000000000000003 0 2.2 0 0 0 0.4 0 0.2 2 0 0 0 0 0 0 0 0 0 0 0 0.6000000000000001 0.2 0.4 0.4 26.8 1.6 1.6 0 0 0 0 0 0 0 0 0 0 0 0 0 0 0.2 0 0 0 0 0 0 0 0 2 0 0 0 0 0 0 0 0 0 0 0 0 0 0 
 43.2 45.6 6.6000000000000005 99.4 52.2 27.8 6.6000000000000005 12 25.6 26.200000000000003 0 67.4 23.200000000000003 27.400000000000002 12.600000000000001 38.2 33.4 66.4 25.200000000000003 8.200000000000001 0 0.4 0.6000000000000001 0.6000000000000001 0 0.6000000000000001 15.8 0 0 0 0.2 0 0.6000000000000001 15.200000000000001 0.6000000000000001 0 0 0.4 15.200000000000001 17.2 0.4 0.2 0.6000000000000001 0.8 0.6000000000000001 0 12.8 0 0 0.4 0 0 0 0 0 0 0 0 0.6000000000000001 0.6000000000000001 0 0 0 7 0 0 0 0 0 4.6000000000000005 1 1.6 0.6000000000000001 0 0 1.8 1.4000000000000001 1.2000000000000002 1.4000000000000001 0 3.6 0.4 0 2.2 5 5.2 0 7 2 0.4 10.8 12.600000000000001 2 0 2.8000000000000003 7.800000000000001 1.4000000000000001 3.2 0 1.8 4.800000000000001 5.6000000000000005 0 0 0 0 2.4000000000000004 0 0 0.2 0 0 9.8 0 0.2 0 4.4 0 2.4000000000000004 2.2 0 0 0 0 0 0 0 0 0.4 0 0 0 0 0.2 0 0 0 0 0.4 0 0 0 0 0 0 0.4 0 0 0.6000000000000001 0 0 0 0 0 0 0 0 0 0 0 0 3.4000000000000004 7.2 4.6000000000000005 0 0 2.6 0.2 7.6000000000000005 3.4000000000000004 0 3.8000000000000003 0 0 1.2000000000000002 12.600000000000001 7 0 0 3.2 10.8 0 0 3 0.2 0 4.4 5.2 0 2.6 0 0 0 1.6 8.4 1.6 0 0 5.800000000000001 0 0 0 0 0 0 0 0 0 0 0 0 0 0 1.8 0.2 0 0 0 2.2 0 0 0 0 0 0.2 0 0.2 0 0 0 0 0 0 0 2.4000000000000004 0 0 0 0 0 0 0 0 0 0 1.2000000000000002 3.4000000000000004 0 0.2 0.2 1.8 1.4000000000000001 0.8 0 0.4 0 0 0 0 0 0 0 3.6 0 0 0 0 0 0 0 0 0 0 0 0 1.6 2.2 0 0 0 0 0 0 0 0 0 0 0 0 0 
 27.400000000000002 42.2 52.6 34.800000000000004 91.2 35 12.600000000000001 21.6 79.2 10.200000000000001 67.4 0 22 14.200000000000001 52.2 24.200000000000003 24.200000000000003 115 48.2 9.4 0 0.4 0.4 0 0 0.6000000000000001 0 0 0 0 0 0 15.4 15.8 0 0 0 0.4 0 15.4 0.4 12.600000000000001 0.6000000000000001 0.4 0.6000000000000001 0 0.6000000000000001 0 0 0 0.6000000000000001 0 0 1.4000000000000001 0 0 0 0 0.6000000000000001 0.6000000000000001 0 0 0 0 0 0 0 0 0 1 0 0.8 0.6000000000000001 0 0 0.4 7.6000000000000005 0.6000000000000001 0.8 0 9.600000000000001 2.2 0 7.6000000000000005 1.8 1.8 0 2 0 11.200000000000001 5.6000000000000005 0.2 1.8 0 0 1.8 1.2000000000000002 2.8000000000000003 0 1.6 2.2 0.8 2.4000000000000004 0 0 0 0 0 0 3 0 0 0 2.4000000000000004 5.4 1.4000000000000001 2.2 0 0.4 3.6 0 0 0 0 0 0 0 0 0 0 0 0 0 0 0 0 0 0 0 0 0 0 0 0 0.6000000000000001 0 0 0 0.2 0 0 0 0 0 0 0 0 0 0 0 0.4 9.8 3 0 0 10.600000000000001 2 2 7 2.8000000000000003 5.6000000000000005 5.2 2.4000000000000004 0 0 10.4 3 2 0 1.8 3.4000000000000004 3.8000000000000003 1.4000000000000001 0 0 0 0 3.4000000000000004 0.2 0 0 0 2.4000000000000004 0 4.6000000000000005 1.4000000000000001 0 0 2.2 2.6 0 0 0 0 0 0 0 0 0 0 0 0 0 0 0 0 0 0 3.2 0 0 0 0 0 0 0 0 0 0 0.4 0 0 0 0 0 0 0 0 0 0 0 0 0 0 0 0.6000000000000001 0.4 0.2 0.6000000000000001 0.2 0.4 4.6000000000000005 0 0 0 0 0 0 0 0 0 0 0 0 0 0 0 0 0 0 0 0 0 0 0 0 4.2 2.6 0 0 0 0 0 0 0 0 0 0 0 1.4000000000000001 
 8.8 44.2 34.800000000000004 99.80000000000001 60.800000000000004 10.4 35 49 23.6 19.400000000000002 23.200000000000003 22 0 54 6.2 22.6 6 50.800000000000004 12.4 9.4 0 0.4 0.8 0 0 0.6000000000000001 0.2 0 0 0 0 0 0.2 0.6000000000000001 0 0 0 0 0 0 0.4 0 0.6000000000000001 13 13.4 0 0.4 0 0 0.4 0 0 0 0 0 0 0 0 0.6000000000000001 0.6000000000000001 0 0 0 0 0 0 0 0.4 0.2 1 0 0.6000000000000001 0.6000000000000001 0 0 0 1 1.2000000000000002 7.2 0 0 9.4 2.4000000000000004 0.2 5 0 5.4 2.8000000000000003 11.8 0 3.8000000000000003 4.6000000000000005 2.8000000000000003 8.4 0.2 0 0 3.6 2.4000000000000004 8.6 0 0 0 0 0 0 0 0 0 0 0 0 0 0 0 0 0 0 0 0 0 0 0 0 0 0 0 0 0 0 0 0 0 0 0 0 0 0 0 0 0 0 0 0 0 0 0 0 0 0 0 0 0 0.6000000000000001 0 0 0 0 0 0 1.8 2 5 0.2 1.4000000000000001 0 2.4000000000000004 0.6000000000000001 0 0 0.4 0 7 0 0.6000000000000001 0 2.2 0 0.2 10.200000000000001 0 0 0 0 0 0 0 0 0 0 0 0 0 0 0 0 0 0 0 0 0 0 0 0 0 0 0 0 0 0 0 0 0 0 0 0 0 0 0 0 5.2 0 0 0 0 0 0 0 0 0 0 0 0 0 2.6 0 0 0 0 0 0 0.4 0 0 0 0 0 0.2 0.2 19 0 2.6 1.4000000000000001 0 0 0 0 0 0 0 0 0 0 0 0 0 0 0 0 0 0 0 0 0 0 0 0 0 0 0 0 0 0 0 0 0 0 0 0 0 
 31 25 27.8 29.8 15 8 19 33 31 51.800000000000004 27.400000000000002 14.200000000000001 54 0 30.400000000000002 8 47.6 9.8 16.8 59 0 1 0.4 0 0.4 1 0.4 0 0 0 0.4 0.2 0.4 0.6000000000000001 0.2 0 0.4 0 0 0 0.8 1.6 0.6000000000000001 0.4 0.6000000000000001 0 0.6000000000000001 0 1.2000000000000002 0.2 0 0 0 0.6000000000000001 0 0 0 0.2 0.6000000000000001 0.6000000000000001 0.2 0 0 0 0 0.6000000000000001 0 7.2 0 0 0 0 0.6000000000000001 0 0.4 0 0 0.2 0.6000000000000001 0 12.8 0.2 3 6.2 0 2.2 8.8 6.4 3 0.2 2.8000000000000003 1.6 0 5.6000000000000005 5 4.2 2.6 0.8 3.6 7.6000000000000005 0 0 0 0 0 0 0.2 0 0 2.8000000000000003 0 0 2 0 0 0 0 0.2 0 0.2 0 0 0 0 0 0 0 0 0 0 0 1.2000000000000002 0 2 0 0 0.2 0 0 0 0 0 0 0 0 0 0 0 0 0 0 0 0 0.6000000000000001 0 0 0 0 0 0 0 9.200000000000001 4.4 0 0 0 5.6000000000000005 3.2 7 0 3.2 3.4000000000000004 2.4000000000000004 0.2 5.6000000000000005 4 6.6000000000000005 0 0.2 3.2 0 0 0 0 0 0 5.4 0 0 0 2 0 0 0 0 0 0 0 0 0 0 0 0 0 0 0 0.2 0 0 0 0 0 0 0 0 0 0 0 0 0 0 0 0 0 0 0 0 0 0 0 0 0 0 0 0 0 0.2 0 0 0.2 0 0 0 0 0 0.4 0 0 0 0.4 0 0.2 0 0 0 0 0 0 0 0 0 0 0 0 0 0 0 0 0 0 0 0 0 0 0 0 0 0 0 0 0 0 0 0 0 0 0 0 0 0 
 86.80000000000001 45 14.8 16.400000000000002 14.8 14.200000000000001 24.200000000000003 51.6 17.400000000000002 15.600000000000001 12.600000000000001 52.2 6.2 30.400000000000002 0 46 8.200000000000001 25 36.800000000000004 32.4 0 0.4 0.4 0 0 0.6000000000000001 0 0 0 0 0 0 0.2 0.8 0 0 0.8 0 5 0 0.4 0 0.6000000000000001 0.4 0.6000000000000001 0 0.6000000000000001 0 0 0.2 0 0 0 0 0 0 0 0 0.6000000000000001 0.6000000000000001 1.2000000000000002 0 0 0 0 0 0 0 0 0 0 0.6000000000000001 1 0 0 0.8 0 0 0.8 0 2 4.6000000000000005 2.8000000000000003 5.800000000000001 0.2 2.8000000000000003 0 2.6 0 1.8 0.8 0 0.6000000000000001 8.200000000000001 0 0 9.4 2.8000000000000003 0 2.2 0 3.6 0 0 0 0 0 0 0 0 0 0 3 0 0 0 0 0 0 0 0 0 0 0 0 0 0 0 0 0 0 0 0 0 0.2 0 0 0 0 0 3 0 0 0 0 0 0 0 0 0 0 0 0 0.2 0 0 0 0 0 0 2.6 0 0 0.8 0.2 0 0.2 0.4 2.8000000000000003 3.6 0 0 0.2 2.4000000000000004 0 2.6 3.6 0 0 1 0 0 0 0 0 0 0 0 2 0.4 0 0 5.6000000000000005 0 0 0 0 0 3.2 0 0 0 0.4 0 0 0 0 0 0 0 0 0.4 0 0 0 0 0 0 0 0 0 0 0 0 0 0 0 0 0 0 0 0 0 0 0 0 0 0 0 0 0 0 0 0 0 0.2 0.2 0 0.2 34.6 0 1 0 0 0 0 0 0 0 0 1 0 0 0 0 0 0 0 0 0.2 0 0 0 0 0 0 0 0 0 0 0 0 0 0 0 0 0 0 0 0 
 6.2 25 47.2 65.2 65.60000000000001 18 30.6 83.60000000000001 46.2 35.2 38.2 24.200000000000003 22.6 8 46 0 38.400000000000006 46 3.2 54 0 0.4 0.4 0 0 0.6000000000000001 3.8000000000000003 0.6000000000000001 0 41.400000000000006 0 0 0.4 0.6000000000000001 0 0 0 0 14.8 0 6.4 0.2 0.6000000000000001 0.4 0.6000000000000001 0 1 0 0 0.6000000000000001 0 0 0 1 0 0 0 0 0.6000000000000001 0.6000000000000001 2 0 0 7.2 0 0 0.2 0 0 0 0 0 0.6000000000000001 0 0 0 0 0 0 0 0.4 0 1.8 7.2 2.6 0.4 2 7 3.2 7.6000000000000005 5.6000000000000005 3 0 5 2 1.8 5.2 3.8000000000000003 0 0 0 4.6000000000000005 0 0.2 0 0 0 0 0 0 0 0 9.200000000000001 0.2 0 0 0 0 0 0 0 0 0 0 0.2 0 0 0 0 0 0 0 0 0 0 0.4 0 0 0 0 0 0 0 0 1 0 0 0 0 0 0 0.4 0.4 0 0.4 0 0 0 0 0 0 4.4 4.2 0.6000000000000001 0 9.600000000000001 0.8 0.4 2.6 15.8 3.2 10.8 0 0 7 2.2 0 6.4 0.4 0 4 0 0 0 0 0 4.2 0 0.4 0 0 0 0 0 0.2 0 0 0 10 3.8000000000000003 0 0 0 0 0 3.2 0 0 0 0 0 0 0 0 0 0 0.4 0 0 0 0 0 0 0 0 0.2 0 0 0 0 0 0 0 0 0 0 0 0 0 0 0 0 0 0 0 0.4 17.2 0 0.2 10.600000000000001 0.2 4 0 0 0 0 0 0 0 0 0 0 3.8000000000000003 0 0 0 0 0 0 0 0 0 0 0 0 0.4 0 5 0 0 0 0 0 0 0 0 0 0 0 0 
 50.400000000000006 23.400000000000002 27.400000000000002 45.2 54 12.4 8.200000000000001 84.80000000000001 26.400000000000002 27.400000000000002 33.4 24.200000000000003 6 47.6 8.200000000000001 38.400000000000006 0 22.400000000000002 24.200000000000003 49 0 0.8 0.4 0 0 0.6000000000000001 7.2 0 0 0.2 0 0 0 0.6000000000000001 0 0 0 0 14.600000000000001 4 0.4 0 0.6000000000000001 0.4 0.6000000000000001 0 0.6000000000000001 0 0 0.2 0 0 0 0 0 0 0 0 0.6000000000000001 0.6000000000000001 0 0 0 6.4 0 0 0 0 0 0.2 0 0 0.6000000000000001 0 0 0 0 0.2 0.2 0 0 0 0.2 1.8 2 0.2 0.2 0 0 6.6000000000000005 0.2 4.800000000000001 0 0 3.6 3.4000000000000004 0 5.2 0 0 0 2 0 0 0 0 1.6 0 0 0 0 0 7.4 1.6 0 0 0 0 0 0 0 0 0 0 0 0 0 0 0 0 0 0 0 0 0 0 0 0 0 0 0 0 0 0 3 0 0 0 0 0 0 0 0 0 0 0 0 0 0 0 4.6000000000000005 0 1.6 1.8 5.4 1.2000000000000002 2 1.4000000000000001 2.8000000000000003 2.6 2 1.8 2.2 1.2000000000000002 10.8 2.2 2 1 2.6 0 2.8000000000000003 0 0 0 0 0 2 0.2 0 0 0 0.2 2.8000000000000003 0 0 2.4000000000000004 0 0 2.8000000000000003 0.8 0 0 0 0 0 0 0 0 0 0 0 0 0 0 0 0 0 0 0 0 2 0 0 0 0 0 0 0 0 0 0 0 0 0 0 0 0 0 1.8 0 0 0 0 0 0 0 28.8 0 17.6 0 0 1.2000000000000002 2 0 0 0 0 0 0 0 0 0 2.6 0 0 0 0 0 0 0 0 0 0 0 0 0 0 0 0 0 0 0 0 0 0 0 0 0 0 0 
 19.200000000000003 9.200000000000001 16.2 28 72 15.600000000000001 55.2 24.8 26.8 28.6 66.4 115 50.800000000000004 9.8 25 46 22.400000000000002 0 12 22.8 15.4 0.4 0.8 0 0 1 5 0 1 0 0 0 13.200000000000001 19.6 0 0 0 0 29.6 7 1.4000000000000001 0 0.6000000000000001 1 0.6000000000000001 0 0.6000000000000001 0 0 0 0 0 0 0 0 0 0 0 0.6000000000000001 0.6000000000000001 2.4000000000000004 5.2 0 8.4 9.600000000000001 0 0 1 0 0 0 0 0.6000000000000001 0.4 0 0 0 0 0.4 0 3.6 4.800000000000001 0.2 13.600000000000001 0 4.800000000000001 0 0.2 0 7.4 0 1.2000000000000002 0 0 0 3 5.6000000000000005 0 0 4.4 2.8000000000000003 5.4 0 0 0 0 0.2 1.2000000000000002 0 0 0 0 7.6000000000000005 1.6 0 0.8 1.6 0 0 0 0.4 0 0 0 0 0 0 0 0 0 0 0 0 0 0 0 0 0 0 0 0 0 0 0 0 0 0 0 0 0 0 0 0 0 0 0 0 0 0 3.2 3.6 2.2 0.2 3.2 2.2 7.4 0 0 0 4.800000000000001 2.2 15.200000000000001 0 0 0 0.2 0 2 0 0 7.4 0 0 0 0 0 2.8000000000000003 2.8000000000000003 0 0 0 0 2.6 0 4.800000000000001 1.8 0 0 4.6000000000000005 1.8 0 0 0 0 0 0 0 0 0 0 0 2.6 0 0.4 2 0 0 0 1.8 0 0 0 0 0 0 0 0 0 0 0.2 0 0 0 0 0 0 0 0 0 0 0 0 0 0 0 0.6000000000000001 20.400000000000002 0 17.2 17.2 0.6000000000000001 3.4000000000000004 0 0.4 0 0 0 0 0 0 0 4.2 4.800000000000001 0 0 0 0 0 0 0 0 0 0 0 0 4.800000000000001 2.4000000000000004 0 0 0 0 0 0 0 0 0 0 0 0 0 
 27 13 27.6 12.200000000000001 10.4 8.200000000000001 13.200000000000001 17.6 50.2 14.200000000000001 25.200000000000003 48.2 12.4 16.8 36.800000000000004 3.2 24.200000000000003 12 0 13.4 0.4 0.6000000000000001 0.4 0.2 0.4 0 0.4 0 0 0 0.8 0 0.4 0.8 0 0.6000000000000001 0.2 0 0 0.4 0.6000000000000001 0 0.4 0 0.4 0.2 0.4 0 0.4 0.6000000000000001 0.6000000000000001 0 0 0.6000000000000001 0 0 0 0 0.4 0.2 0.6000000000000001 0 0 0 0.8 0.2 0 0 0 0 1.6 0.2 0.4 0 0.4 0 0 1 1.6 0 0 5.800000000000001 5.2 0.2 0 0 4.2 3 1.4000000000000001 0 0 0.6000000000000001 2.6 2.6 6.6000000000000005 3.8000000000000003 0 0 10.600000000000001 0 0 0 0 0 0 0 0 0 0 0 0 0 0 0 0.4 0 0 0 0 0 0 0 0 0 0 0 0 0 0 0 0 0 2.2 0 0 0 0 0 0.2 0 0 0 0 0.2 0 0.2 0 0 0 0 0 0 0 0 0 0.2 0 0 0 0 9.4 0 0 0 0 0 0 3.4000000000000004 0 2.2 2.8000000000000003 0 0 6 3.4000000000000004 0 0 0 5 0.6000000000000001 1.4000000000000001 0 0 0 0 0 0 0 0 0 0 0 0 0 0 0 0 0 0 0 0 0 0 0 0 0 0 0 0 0 0 0 0 0 0.4 0 0 0 0 0 0 0 0 0 0 0 0 0 0 0 0 0 0 0 0 0 0 0 0 0 0 0 0 0 0 0 0 0 0.4 0 0 0.4 0 0 0 0 0 0 0 0 0 0 0 0 0 0 0 0 0 0 0 0 0 0 0 0 0 0 0 0 0 0 0 0 0 0 0 0 0 0 
 59.800000000000004 26.200000000000003 5.800000000000001 8.4 55.6 8.4 61 30.6 9.600000000000001 22.400000000000002 8.200000000000001 9.4 9.4 59 32.4 54 49 22.8 13.4 0 0 1 0.4 0 0.4 1 0.4 0 0.4 0 0.4 0 1.4000000000000001 0.6000000000000001 0 0 0.2 0 0.6000000000000001 0 0.8 0 0.6000000000000001 0.4 0.6000000000000001 0 13 0 1 0.2 0.4 0 0 0.6000000000000001 0 0 0 0 0.6000000000000001 0.6000000000000001 0 0 0 0 0 0 0 0.4 0 0 0 0 0.8 0 0.4 0 0 0.2 1.2000000000000002 0 6.6000000000000005 3.2 8.6 5.4 2.4000000000000004 0 11 1.6 0 0 0 0 4 8.4 1.8 2.8000000000000003 3.2 5 3.6 7.4 0 0 0 0 0 0 0 0 0 0 0 0 0 0 0 0 0 0 0 0 0 0 0 0 0.2 0 0 0 0.2 0 0 0 0 0 0 0 0 0 0 0 0 0 0 0 0 0 0 0 0 0.2 0 0 0 0.6000000000000001 0 0 0 0 0 0 0.6000000000000001 3 0 0.2 0 2.4000000000000004 0.6000000000000001 2.2 4 0 2.8000000000000003 0 0 1.6 6 0.4 9.8 0.2 2.6 0.6000000000000001 0 0 0 0 0 0 0 2 0 0 0.4 0 0 0 0 0 0 0 0 0 0 0 0 0 0 0 0 0 0 0 0 0 0 0 0 0 0 0.2 0 0 0 0 0 0 0 0 0 0 0 0 0 0 0 0 0 0 0 0 0 0 0 0 0 0 0 0 0.2 0.4 0 0 0.2 1.2000000000000002 0 0 0 0 0 0 0 0 0 0 0 0 0 0 0 0 0 0 0 0 0 0 0 0 0.4 0 0 0 0 0 0 0 0 0 0 0 0 0 
 0 0.2 0 15 14.8 0 0 0 0 15 0 0 0 0 0 0 0 15.4 0.4 0 0 30.200000000000003 63.400000000000006 24.400000000000002 11 50.2 75 49.6 24.6 9.600000000000001 24.8 5.2 9.8 25.8 14 43.400000000000006 6.2 19.6 22.400000000000002 10.600000000000001 0 0.2 3 0 0.4 5.4 0.4 0 0.2 13 0 0 0 0.6000000000000001 0 0 0 0.6000000000000001 0 0 0 0 0.6000000000000001 0 0 0 10.8 0 0 0 0 0 0 0.2 0 0.2 1 0 0 1.2000000000000002 0 0 0 0.2 0 0.6000000000000001 0 0 0 0 0 0 0 0 0 0 0.2 0 0 0 2.6 1.8 3.8000000000000003 4.4 0 2.4000000000000004 1.6 10.200000000000001 1.6 1.6 4.6000000000000005 0 0.2 2.4000000000000004 4.2 6.800000000000001 1.2000000000000002 5.6000000000000005 6.6000000000000005 7.4 0 0 0 0 0 0 0 0 0 0 0 0 0 0 0 0 0 0 0.2 0.2 0 0 0 0 0 0 0 0 0 0 0.4 0 0 0 0 0 0 0 0 0 0 0 0 4.2 1.6 1.4000000000000001 0 0 0 2 0 3.4000000000000004 0 0 0 0.2 0 2.6 0 2.4000000000000004 2.8000000000000003 3.2 9.4 0 0.6000000000000001 0 3 1.2000000000000002 0 7.800000000000001 0.4 5.4 5.6000000000000005 0 0 2.6 3.6 0 4.6000000000000005 0 0 0 0 0 0 0 0 0 3.6 0 0 0 0 0 0.2 0 0 0 0 0 0 0 0 0 0 0 0 0 0 0 0 0 0 0 0 0 0 0 0 0 0 0 2.4000000000000004 0 0 0 0 0 0 0.2 0 0 0 0 3.6 0 0 0 15.600000000000001 0 0.8 0 0 0 0 0 0 0 0 0 0 0 0 0 0 1.6 0 0 0 0 0 4 0 0 0 0 0 0 0 0 
 0.4 0.4 0.4 0.4 0.4 15.4 0.4 0.4 0.4 0.4 0.4 0.4 0.4 1 0.4 0.4 0.8 0.4 0.6000000000000001 1 30.200000000000003 0 22 12.4 7.2 4.2 82.2 99.4 40.6 29.6 4.6000000000000005 6.800000000000001 26 99.80000000000001 48.2 29 26.400000000000002 21.200000000000003 6.2 23 0.2 0 0 0 0 0 0 0 0 0 0 0.8 14 0 0 0 0 0.6000000000000001 12.4 0 0 0 0.6000000000000001 0.4 0 0 0 0 0 0 0 0.2 0 0 0 0 0.6000000000000001 0 0.4 0.6000000000000001 0 0 0 0 0 1.6 0 0 0 0 0 0 0 0 0 0 0 0 0 0 0.4 0 2.4000000000000004 5.4 0.2 0.6000000000000001 0 3.4000000000000004 2.6 1.4000000000000001 5.2 7.4 0 5.4 0.2 8.8 7.6000000000000005 0 0 3.6 0 0 0 0 0 0 8 0 0 0 0 0 2.2 0 0 3 0 0 0 2.4000000000000004 0 0 0 0 0 0 0 0 0 0.2 0 0 0 0 0 0 0 0 0 0 0 0.2 0 0 1.4000000000000001 0 0.4 0 0 0 0 0 0 0.4 0.2 1.6 0 0 0 0 0 4.800000000000001 0 6.6000000000000005 2 0 0.2 4 2.8000000000000003 2.2 4.800000000000001 6.800000000000001 2.2 5.2 3.2 0 5.800000000000001 2.8000000000000003 0 2.4000000000000004 0 0 0 0 0 0 0.2 3.2 0 0 0 0 0.8 0 0 2.2 0 0 2.8000000000000003 2.6 0 0 0.2 0 0 0.8 0.4 0 0.2 0 0 0 0 0 0 0 0 0 0 0 0 0 0 0 0 0 0 0 0 0 0 0 0 0 1.4000000000000001 0.4 0 9.8 0.2 0.4 0 1.4000000000000001 0 0 0 0 0 0 0 1.4000000000000001 0 0 0 0 0 0 0 0 0 2.2 0 0 0 0 0 1.2000000000000002 0 0 0 0 
 0.4 0.6000000000000001 0.4 0.4 1.2000000000000002 0.4 0.4 0.4 0.4 0.4 0.6000000000000001 0.4 0.8 0.4 0.4 0.4 0.4 0.8 0.4 0.4 63.400000000000006 22 0 17.400000000000002 32 20.6 33.6 26.6 40 9.4 85.4 14.200000000000001 10.4 28.6 10.8 44.400000000000006 55.800000000000004 25 26.6 10.600000000000001 0 0.2 0 0 0 0 12.600000000000001 0 0 0 0 0 0 0 0 0 0 0.6000000000000001 12.4 12.4 0 0 0 0.4 0 0 0.4 0 1.6 0 0 0 0 0 0 0 0.6000000000000001 0 0 0.6000000000000001 0 0 0 0 0 0 0 0 0 0 0.2 0 0 0 0 0 0 0 0 0 2 1.4000000000000001 0 3.2 1.4000000000000001 4.4 5.4 1.8 10.200000000000001 1.6 0.2 0 0 1.4000000000000001 5 4.4 4.2 7.800000000000001 6.4 4.800000000000001 2.4000000000000004 0 1.4000000000000001 0 0 0 0 0 0 0 0 0.2 3.8000000000000003 0 0 2.6 0 0 7 0 0 0 0 0 0 0 0 0 0 0 0 0 0 0 0 0 0 0 0 0.4 0 0 1 0 2.6 0 0 0 0 0 0 2 3 0 0 0 2.4000000000000004 0 0.4 0 0.2 2.8000000000000003 16.6 2 4 2.8000000000000003 2.6 4.800000000000001 0 2.2 1 1.8 0 2.2 0 0 0 2.6 0.2 0 6.2 0 0 0 0 0 1.6 0 0 0 0 0 0 0 2.8000000000000003 0 0 0 0 0.2 0 0 0 0 0 0 0 0 0 0 0 0 0 0 0 0 0 0 0 0.2 0 0 2.2 0 0 0 0 0 0 0 0 0 17.6 0 2.2 0 0.4 0 15.8 0 0.4 0 0 0 0 0 1.8 0 0 0 0 0 0 0 0 0 0 0 0 0 0 0 0 0 0 0 2.4000000000000004 0 0 0 
 0 0 0 0 0 0 0 0 0 0 0.6000000000000001 0 0 0 0 0 0 0 0.2 0 24.400000000000002 12.4 17.400000000000002 0 44.6 37.6 32 18.400000000000002 32.6 48.6 36.2 49.6 10.200000000000001 33.4 25.400000000000002 26.200000000000003 15 28.400000000000002 9.8 11.600000000000001 0.2 0 0 1 0 0 0 0 0 0 0 0 13.200000000000001 0 0 0 0 0.6000000000000001 0.2 0.2 0 0 0 0.2 0 0 0 0 0 0 0.2 0 0 0 0.4 0 0.6000000000000001 0 0 0.6000000000000001 0 0 0 0 0 0 0 0 0 0 0 0 0 0 0 0 0 0 0 0 0 0.4 0 5.6000000000000005 5.6000000000000005 3.8000000000000003 0 1.2000000000000002 0 1.6 0.6000000000000001 1.4000000000000001 0 0 3 2.6 0.2 2 0 0.2 7.800000000000001 0 0 0 0 0 9.600000000000001 7.2 12 0 0 0 0.4 0 0 0 0 0 7 4 0 3.2 0 0 0 0 0 0 0 0 0 0 0 0 0 0 0 0 0 0 0 0 0 0 0 0 0 0 0 0 0 0 0 0 0 0.2 0 0 0 0 0 0 3.8000000000000003 1.8 0 5.800000000000001 0 2.8000000000000003 3.8000000000000003 1.8 3.2 0.8 0 2 0 0 0 4.2 0 0 1.6 6.4 4 0.2 0 0 6.800000000000001 5.2 0.8 3 0 0 1.8 5.800000000000001 0 3.2 0 0 4.4 9.600000000000001 0 0 0 0.2 0 0 0 0 0 0 0 0 0 0 0 0 0 0 0 0 0 0 0 0 0 0 0 0 0 0 0 0 0 0 1.8 0.4 0 16 0.4 0.6000000000000001 2.6 2.2 0 0 0 0 0 0 0 0 0 0 0 0 0 0 0 0 0 0 0 1.2000000000000002 0 0 0 0 0 0 0 0 
 0 0 0.4 7.2 0 0 0 0 0 0 0 0 0 0.4 0 0 0 0 0.4 0.4 11 7.2 32 44.6 0 25 27.200000000000003 12.8 36.2 35 75.4 39.2 13.600000000000001 13 35.2 36.800000000000004 61.2 70.4 14.4 17.8 12.8 0 0.2 0 0 0 0.4 0 0 0 0 0 15 12.4 0 0 0 0.6000000000000001 12 15.200000000000001 0 0 0.6000000000000001 0.4 0 0 1.2000000000000002 0 0.8 0 0 0 0 0 0 0 0.6000000000000001 0 0.4 0.6000000000000001 0 0 0 0 0 3 0 0 0 0 0 0 0 0 0 0 0 0 0 0 0.2 0.2 0 1.8 0 0.2 0 2 0 3.2 0 0 0 0 6.4 0 0 4 0 0 0.2 0 0 0 0 0 1 4.800000000000001 1.6 0 0 0 0.2 0 0 0.2 0 0 2.8000000000000003 0 0 0 0 0 0 0 0 0 0 0 0 0 0 0 0 0 0 0 0 0 0 0 0.2 0 0 0 0 0 0 0 0 0 0 0 0 0 0 0 0 0 0 0 6.4 2.2 1.4000000000000001 0 0 0.6000000000000001 1.2000000000000002 0.2 0 0 0 0 0 2 0 5 0 0 2.8000000000000003 7.2 3.4000000000000004 0 0 0 1.2000000000000002 2.2 0 0 0 0 4.2 0 0.4 0 0 0 2 2.2 0 0 0 0 0 0 0 0 0 0 0 0 0 0 0 0 0 0 0 0 0 0 2 0 0 0 0 0 0 0 0 0 0 0 1.6 0.2 0.4 9.4 15.4 0.4 0 2.6 0 0 0 1.6 1.8 0 0 0 0 0 0 0 0 0 0 0 0 0 0 0 0 0 0 0 3.6 3.6 0 0 
 0.6000000000000001 1 0.6000000000000001 0.6000000000000001 0.6000000000000001 0.6000000000000001 0.6000000000000001 0.6000000000000001 0.6000000000000001 0.6000000000000001 0.6000000000000001 0.6000000000000001 0.6000000000000001 1 0.6000000000000001 0.6000000000000001 0.6000000000000001 1 0 1 50.2 4.2 20.6 37.6 25 0 26.200000000000003 7.6000000000000005 9.4 14.8 35.4 19.6 6.6000000000000005 11.8 30.200000000000003 16.8 70.8 31.6 9 12.8 19 12.4 0 0 0 0 12.600000000000001 12.200000000000001 12.4 0.2 12.8 0 12.4 12.200000000000001 0 7.4 0.6000000000000001 0.8 38.2 0 0 0 0 1.6 0 0.2 0 0 10.200000000000001 0 0 0 0.2 0 0 0 0.8 0 0 0.6000000000000001 0 0 0.2 0 0 0 0 0 0 0 0 0 0 0.2 0 0 0 2.2 0.2 0 0 0 0 0 4 0 0 0 3.8000000000000003 7.4 0 0 0 0 1.6 0 0.2 0 0 0 3 1.8 10.4 0 3.8000000000000003 0 0 3.2 3.4000000000000004 2.2 0 0 4.800000000000001 0.8 5.800000000000001 7.800000000000001 4 0 3 0 0 0 0 0 0 0 0 0 0 0 0 0 0 0 0 0 0.2 0 0 0 0 0 1 0 0 0 0 0 0 0 0 1.4000000000000001 1.4000000000000001 0 0 0 0 0 0 0 0 0 4.6000000000000005 2.4000000000000004 3.8000000000000003 4 0 0 1.8 0 0 0.2 0 0 0 0 0 7.800000000000001 0 0 3.6 3.8000000000000003 4.4 4.2 0 0 3.6 2.8000000000000003 0.2 4 0 2.2 3.6 0.4 4.800000000000001 1 0.8 0 0 2.4000000000000004 0 0 0 0 0 0 0 0 0 0 0 0 0 0 0 0 0 0 0 0 0 0 1 0 0 0 0 0 0 0 0 0 0 0 1.6 0.2 0 27.8 14.8 0 1.8 0 0 0 0 0 0 0 0 0 0 0 0 0 0 0 0 0 0 0 0 0.2 0 0 0 0.8 0 0 0 0 
 0 0.8 0 0 20.400000000000002 14.8 0 0 14.8 0 15.8 0 0.2 0.4 0 3.8000000000000003 7.2 5 0.4 0.4 75 82.2 33.6 32 27.200000000000003 26.200000000000003 0 35 36.4 92.2 21.200000000000003 22.200000000000003 47.800000000000004 72.2 16.8 11.600000000000001 8.200000000000001 52.2 73.8 13 0 0.2 0 0 0 0.4 0 0 0 0 0 0.2 0 0 1.8 0 0 0.6000000000000001 0 0 0 0.6000000000000001 0 8.8 0 0 0 0 0 10.200000000000001 0 0 0 5.2 0 0 0.4 0 0 0.6000000000000001 0 0 0 2.2 0 0 0 0 0 3.2 0 1 0 0.2 1.8 5 0 0 0 0 0 2.6 3.2 4.2 0 7.4 1.8 3.8000000000000003 1.8 3.6 3.6 0 4.2 0.2 10.200000000000001 8 0 3.2 7.6000000000000005 6.2 0 0 0 0 0 0 0 0 3.8000000000000003 0 0 0 0 0 0 0 0 0 0 0 0 1.2000000000000002 0 0 0 0 0 0 0 0 0 0 0 0 0 0 0.2 0 0 0 0 0 0.2 0 2.2 2.8000000000000003 0 0 0 4 0 4.800000000000001 0 0 0 0 0 0 0 0 8.4 2.6 10.200000000000001 0 0.4 0 3.8000000000000003 3 4 7 1 4.6000000000000005 8.200000000000001 3.6 0 0 3.6 4 6.6000000000000005 3.8000000000000003 0.2 0 0 0 0 0 0 0 0 0 0 2.2 6.4 0.4 0 0 0 0 0 0 0 0 0 0 0 0 0 0 0 0 0 0 0 0 0 0 0 0 0 0 0 0 0 0 0 0 16 0 0 0 0 0 0 0 1.6 0 0 15.4 0 0.4 0.4 0 5 0 0 0 0 0 0 0 0 0 0 0 0 0 0 0 0 0 0 3 0 0 0 0 0 0 0 0 
 0 2.8000000000000003 0.4 0 0.6000000000000001 16 0 0 0 0 0 0 0 0 0 0.6000000000000001 0 0 0 0 49.6 99.4 26.6 18.400000000000002 12.8 7.6000000000000005 35 0 39.400000000000006 19 5.4 23.400000000000002 22.6 23.6 42 69.2 8.8 9.600000000000001 68.2 54 0 0 0 0 0 0 0 0 0 0 0 0 0 0 0 0 0 0.8 0 0 0 0 0 0.2 0 0 0.2 0 0 0 0 0 0 0 0 0 0.4 0 0 0.6000000000000001 0 0 0 0 0 0 0 0 0 0 3 0 0 0 0 0 0 0 0 0 12.600000000000001 1.4000000000000001 2 5.2 0 0.8 3.8000000000000003 0 2.4000000000000004 0.8 9.200000000000001 4.4 0 2.2 0 9.4 13.4 0 4 5.4 0 0 0 0 0 0.2 4.6000000000000005 0.2 0 0 0 0 1.8 0 0.2 0 0 0 0.4 0 0 0 0 0 0 0 0 0 0 1.8 0 0 0 0 0 0 0 0 0 0 0 0 0.4 0 2.4000000000000004 0 0 0 0 0.2 0 0 0 0 0 0 0 0 0 0 9.200000000000001 4.6000000000000005 0 2.2 1.8 0 0.2 0.2 2.6 3 14.200000000000001 4.800000000000001 0 0 8.8 0 4 0 3.4000000000000004 0 0.4 0 0 0 0 0.4 2.6 0.2 0 0 0 0 3 0 0 0 0 0 0 2.6 0.2 0 0 0 0.2 0 0 0 0 0 0 0 0 0 0 0 0 0 0 0.4 0 0 0.4 0 0 0 0 0 0 0 0 0 0 0 1.8 0.2 0 15 0 0.8 2.8000000000000003 0 0.2 0 0 0 0 0 0 0 0 0 0 0 0 0 0 0 0 0 0 0 0 0 0 0 0.2 0 0 0 
 41.2 0 0 0 0.2 0 0.4 0 0 0 0 0 0 0 0 0 0 1 0 0.4 24.6 40.6 40 32.6 36.2 9.4 36.4 39.400000000000006 0 49 7.6000000000000005 5.2 21.400000000000002 38.6 18 63.400000000000006 33.800000000000004 49.800000000000004 27.6 61.2 0 0.4 0.2 0.4 13.8 0.2 0 0 0 1.2000000000000002 1.6 0.2 10.600000000000001 0 0 0.4 1.2000000000000002 2.6 0 4.800000000000001 0 0 0 0.4 0 0 1.8 0 0.6000000000000001 0 0 0 0 0 0 0 0.6000000000000001 0 0 0.6000000000000001 0 0 0 0 0 0 0 2.2 0 0 0 0 0 0 0 0 0 0 0 0 0 0 0 7.6000000000000005 4.2 11.200000000000001 0 0 4.800000000000001 0.2 2 4 0.2 2.4000000000000004 0.4 3.4000000000000004 0 2 4.800000000000001 7 2.8000000000000003 0 0 0 0 0 2.4000000000000004 4 0 4.4 0 0 0 0 13.4 0 0 0 3 13.8 0 0 0 0 0 0 0 0 0 0.2 0 0 0 0 0 0 0 2.4000000000000004 0 0 0 0.2 0 0 0 0 0 0 0 0 0 0 0 0.4 0 0 0 0 0 0 0.2 3 14 4.800000000000001 2 7.4 4.2 0 0 8.8 6.2 4 0 0.6000000000000001 0 0 2.2 0 0 0 4.2 3.8000000000000003 1.4000000000000001 0 0 0 0 2.8000000000000003 0 2.4000000000000004 0 0 0 5.4 2.2 3.6 0.4 0 0 0 0 0 0 0 0 0 0.4 0 0 0 0 0 0 0 0 0 0 0 0 0 0 0 0 0 0 0 0 0 0 0 0 0 0 0.4 3.2 0 0.2 0 0 1.4000000000000001 0.6000000000000001 0 0 0 0 0 0.2 0 0 2.6 0 0 0 0 0 0 0 0 0 2.4000000000000004 0 0 0 0 0 3.6 0 0 0 0 
 0 0 0 0 0 4 0.4 0.8 0 0 0 0 0 0 0 41.400000000000006 0.2 0 0 0 9.600000000000001 29.6 9.4 48.6 35 14.8 92.2 19 49 0 35 32.2 22 19.400000000000002 39.2 11.600000000000001 24 80.80000000000001 58.800000000000004 26 12.600000000000001 0 0 13.200000000000001 0 0 0 0 0 0 0 0 26.200000000000003 0 0 0 1.4000000000000001 0.6000000000000001 12.8 0 0 0 0.4 0.4 0 0 0 0 0 0 0 0 0 0 0 0 0.8 0 0 0.6000000000000001 0 0 0 0.4 0 0 0 0 0 0 0 0 0 0 0 0 0 0 0 0 2.6 3 1.6 0.4 0 2.4000000000000004 0 2 0 1.2000000000000002 1.8 6 2.2 6.6000000000000005 2.2 1.8 3 0 2.6 0 2.2 3 0 0 0 0 8 1.8 0.8 0 0 0 5.4 0 4 0 0 0 0.2 6 0 0 0 0 0 0 0 0.2 0 0 0 0.2 0 0 0 0 0 0 0.2 0 0 0 0 0 0 0 0 1.8 0 0 0 0 0 0 0.2 0.4 0 0 0 0 0 3.8000000000000003 0 5.4 5 4 1.2000000000000002 0 6.6000000000000005 5.4 3.8000000000000003 4.2 0.4 8 2.2 1.6 8.8 3.6 0 1.8 0 7.6000000000000005 6.800000000000001 0 0 0 9 0.4 1.4000000000000001 2.4000000000000004 0 0 2.6 1.4000000000000001 1.8 10.4 0 0 0 6.2 0 0 0 0 0 0 0 0 0.2 0 0 0 0 0 0 0 1 0 0 0 0 3 0 0 0 0.4 0 0 0 0 0 0 0 0 0.8 0 0.2 30.6 0 0.2 0.4 0.2 0 0 0 0 0 0 0 0 0 0 0 1.6 0 0 0 0 0 10.4 0 2 0 0 0 3.6 0 0 0 0 
 0 0 0 0.2 0.4 0.2 0 0.6000000000000001 0 0 0.2 0 0 0.4 0 0 0 0 0.8 0.4 24.8 4.6000000000000005 85.4 36.2 75.4 35.4 21.200000000000003 5.4 7.6000000000000005 35 0 41 5.6000000000000005 7.800000000000001 25.8 45.2 64.4 27.6 4.800000000000001 32 3.6 0 0 0 0 0 12.600000000000001 0 0 0 0 0.4 11.4 0 0 0 0 0.6000000000000001 0.4 12.8 0 0 0 0.4 0 0 0 0 0.6000000000000001 0 0 0 0 0 1.4000000000000001 0 0.6000000000000001 0 0.8 0.6000000000000001 0 0 0 0 0 0.2 0 0 0 0 0 0 0 0 0 0.2 0 0 0 0.2 0 6.6000000000000005 0.4 6 0 1.8 0.4 5.800000000000001 1.8 0 0.2 0 0 0 3.6 0.2 0.2 4.4 0 0 4.800000000000001 0.2 1.6 0 0 0 3.6 0.8 2.8000000000000003 0 0 0 0 0 0 2.8000000000000003 0 0 4.800000000000001 0 0.4 0 0 0 0 0 0 0 0 0 0 0 0 0 0 0.2 0 0 0 0 0 0 0 0 0.2 0 0 0 0 0 0 0.4 0.2 0 0 0 0 0 0 0 0 0 3.4000000000000004 6.6000000000000005 3.2 0 0 6 8 0.4 0 0 2.4000000000000004 4.6000000000000005 0 2.4000000000000004 0 17.2 0 0 0.2 4.800000000000001 6.4 0 0 0 12.8 5.6000000000000005 0 0 0 0 7.800000000000001 0 2.8000000000000003 0 0 0 8.6 0 0 0.2 0 0 0 0 0 0 0 0 4.800000000000001 1.8 0 0 0 0 0 0 0.4 0 0 0 0 0 0 0 0 0 0 0 0 0 0 0 2.6 0.8 0 0.2 17.2 0.8 0.4 2.6 0 0 0 1.4000000000000001 0.2 0 0 0 0 0 0 5.6000000000000005 0 0 0 0 0 0 0 0 0 0 0 0 3.6 0 0 0 
 0 0 1 0 0 0 0 0.8 0 0 0 0 0 0.2 0 0 0 0 0 0 5.2 6.800000000000001 14.200000000000001 49.6 39.2 19.6 22.200000000000003 23.400000000000002 5.2 32.2 41 0 9.600000000000001 8.6 18.8 6.6000000000000005 62.400000000000006 53.2 29.400000000000002 3.6 12.600000000000001 0 0.2 0 0 0 12.600000000000001 0 0 0 0 0.2 13 0 0 0 0 0.6000000000000001 12.8 12.600000000000001 0 0 0.2 0.4 0.4 0 0.6000000000000001 0 0 0 0 0.4 0 0.4 0.6000000000000001 0 0.8 0.2 0 0.6000000000000001 0 0 0 0 0 0 0 0 0 0 0 0 0 0 0 0 0 0 0 0 0.4 0.2 0 0 4 0.6000000000000001 0 0 0 1.6 0 0 0 0 1.8 4.6000000000000005 2.6 6.6000000000000005 0 0 2.6 3 1.6 0 0 0 8.4 6.6000000000000005 11 0 0 0 5.4 0 5.800000000000001 2.8000000000000003 0 0 9 0 0 0 0 0 0 0 0 0 0 0.2 0 0 0 0 0 0 0 0 0 0 0 0.2 0 0 0 0 0.2 0 0 0 0 1.8 0.6000000000000001 0.4 0 0 0 0 0 0 0 3.8000000000000003 2.8000000000000003 2.4000000000000004 2.6 2.8000000000000003 0 0.2 3.4000000000000004 0 0 5.6000000000000005 0 0 3.8000000000000003 0 8.6 3.8000000000000003 0 0 0 4.4 4 0 0 0 8.8 0 1.8 0 0 0 6.4 0 2.8000000000000003 2.2 0.4 0 0 5.800000000000001 0 0 0.2 0 0 0 0.4 0 0 0 0 0 0 0 0 0 0 0 0 0 0 0 0 0 0 0 0 0 0 0 0 0 0 0 2.4000000000000004 0 0 23.400000000000002 15 0 0 0 0 0 0 1.4000000000000001 3 0 0 0 0 0 0 0 0 0 0 0 0 0 0 2.4000000000000004 0 0 0 0 5.6000000000000005 0 0 0 
