 0 14 60.800000000000004 10.600000000000001 111.80000000000001 11.4 30 75.4 25.8 7.800000000000001 24.200000000000003 6.800000000000001 44.800000000000004 59.2 12.4 12.600000000000001 10.600000000000001 25.400000000000002 58.800000000000004 9.200000000000001 0 0 0 0 0 0 0.2 0 0.6000000000000001 0 0.6000000000000001 0.6000000000000001 0.8 0 0 0 0 0 0 0 0.6000000000000001 0 0 0.4 2.2 0 0 0.2 0.2 0 0 0 0 0 0 0 0 0.6000000000000001 13.200000000000001 0.2 0.4 0.4 0 0.6000000000000001 0.4 0 0 0.6000000000000001 0.6000000000000001 0 0 2.6 0 0 0 0 0 0.6000000000000001 0 2.4000000000000004 0.4 0.4 5.6000000000000005 1.4000000000000001 0.2 0 8.4 4 1.8 0.2 0 0 11.200000000000001 4.800000000000001 0.4 4 2.6 1.2000000000000002 3.6 8.4 0 0 0 0 0 0 0 0 0.2 0 0 0 0 0 0 0 0 0 0 2.2 0 0 0 0 0 0 0 0.2 0 0 0 0 0 0 0 0 0 0 0 0 0 0.4 0 0 0 0 0 0 0 0 0 0.2 0 0 0 0 0 0 0 0 4.4 0 0 0 0 0 0 1.4000000000000001 4.800000000000001 2.8000000000000003 0.8 2.6 0 1.2000000000000002 0 2 0.2 0 4.2 3.4000000000000004 0 0 0 0 0 0 0 0 0 0 0 0 0.8 0 0 0 0 0 0 0 0 0 0 0 0 0 0 0 0 0 0 0 0 0 0 0 0 0 0 0 0 0 0 0 0 0 0 0 0 0 0 0 0 0 0 0 0 0 0 0 0 0 0 0 0 0.4 0 0 0.6000000000000001 9.600000000000001 0 1 3 0 0 0 0 0 0 0 0 0 0 0 0 0 0 0 0 0 0 0 0 0 0 1.2000000000000002 0 0 0 0 0 0 0 0 0 0 0 0 0 0 
 14 0 41.6 69.60000000000001 8.200000000000001 6.6000000000000005 18 40 87.2 60.6 4.4 7.800000000000001 6.800000000000001 9.600000000000001 31 4.800000000000001 26 6.4 37.2 8.200000000000001 0 0.6000000000000001 0 0 0.4 0.2 0 0 0.4 0 0.4 0 1 0 0 1.6 0.8 7.2 15.200000000000001 0 0 0 0 0.4 0 0.6000000000000001 0 0 0 0 0 0.4 0 0 0.6000000000000001 0.6000000000000001 0.4 0.6000000000000001 0 0.2 0 0.2 0.4 0 0 0 0.4 0 0 0.2 0 0 0 0 1.2000000000000002 0.6000000000000001 0 0 0 0 4.4 0.2 1.6 3 1.6 5.800000000000001 3.8000000000000003 2.8000000000000003 4 3 6.4 3.4000000000000004 0 12.4 3.8000000000000003 3 4 7.6000000000000005 0 0 0 0 0 0 0 0 0 0 0 0 0 0 1.6 0 0 0 0 0 5.6000000000000005 2 0 0 0 0 0 0 0 0 0 0 0 0 0 0 0 0 0 1.2000000000000002 3.8000000000000003 0 0 0 0 0 0 0 0.8 0 4.4 0 0 0 0 0 0 0 0 0 0 0 6.800000000000001 3.8000000000000003 1 0 0 0 3 7.2 5.2 4.6000000000000005 0 1.8 12.200000000000001 0.4 7.6000000000000005 2 0 1.4000000000000001 0 0 2 0 0 0 0 0 0 0 0 0 0 0 3.8000000000000003 0 0 0 0 0 3.6 0.6000000000000001 2.4000000000000004 0 0 0 0 0 0 0 0 0 0 0 0 0 0 0 0 0 0 0 0 0 0 0 0 0 0 0 0 0 0 0 1.8 0 0 0 0 0 0 0 0 0 0 0 0 0.4 18.6 0 0.6000000000000001 0 5 0.2 0 0 0 0 0 0 0 0 0.4 0 0 0 0 0 0 0 0.6000000000000001 0 0 0 0 0.4 0 0 1 0 0 0 0 0 0 0 0 0 0 0 0 0 
 60.800000000000004 41.6 0 45.800000000000004 61.800000000000004 10.600000000000001 13.600000000000001 85 35.800000000000004 71 64.4 9.8 61.2 11.200000000000001 88 96.4 109.60000000000001 27.6 50.2 24.6 0 0.4 0 0 0 0 0.8 0 0.6000000000000001 0.8 0.6000000000000001 0.2 9.600000000000001 0 0 0 0.2 0 0 0 0.6000000000000001 0 0 0 0.6000000000000001 0 0 0 0 0 0 0 0 0 0.2 0 0 0.2 0.6000000000000001 0 0 0 0 0 0 0 0 0.6000000000000001 0.6000000000000001 0 0 0 0 0 0 0 0 0.6000000000000001 0 0 2.2 7.2 3.6 3.4000000000000004 0 0 0 7.2 5.2 2.6 3.8000000000000003 2 5.2 0.4 5.800000000000001 1.2000000000000002 4.6000000000000005 1.2000000000000002 5.4 0 2.4000000000000004 0 0 0 3.2 0 0 0 0 0 0 0 0 0 2.2 0 0 4.6000000000000005 0 0 0 0 0 0 0 0 0.4 0 0 0 0 0 0 0 0 0 0 0 0 0 0 0 0 0.2 0 0 0.4 0 0 0 1.2000000000000002 0 0 0 0 0 0 0 0 0 1.6 1.2000000000000002 4.6000000000000005 2.8000000000000003 4 0 0 3.2 0.2 0 0 0 3.2 0 2 2.6 0 2.6 0 0 1.8 0 0 0 0 0 0 2.8000000000000003 0 0 0 0 0 0 0 3.4000000000000004 0 0 0 3.4000000000000004 0 0 0 0 0 0 2 0 0 0 0 0 0 0 0 0 0 0 0 0 0 0 0 0 0 0 0 0 0 8 0 1.8 6.800000000000001 0 0 0.4 0 0 0 0 0 0 0 0 0 0.2 9.4 0 0 0 0 1.2000000000000002 0 0 0 0 0 0 0 0 0 0 0 0 0 0 0 0 0 0 0 0 0 0 0 0 2.8000000000000003 0 0 0 0 0 0 0 0 0 0 0 0 2.6 
 10.600000000000001 69.60000000000001 45.800000000000004 0 16.8 23.400000000000002 14.200000000000001 18.8 20.200000000000003 47.400000000000006 28.6 45.800000000000004 7 15 51.400000000000006 66.60000000000001 5.6000000000000005 37.4 22 14 0 0.2 0 0 0 0 0 0.2 0.2 0 0.6000000000000001 0 0.6000000000000001 0 15 0 0 0 14.600000000000001 0 0.4 0 0 0 0.6000000000000001 0 0 0 0 0 0 0 0 0.2 0 0 0 0.4 0.6000000000000001 0 0.4 0 0 0 0 0 0 7 0.6000000000000001 0 0 0 0 0.8 0 5.4 1.8 0.6000000000000001 0 0 3 1.4000000000000001 2.6 5.4 2 1.6 0 2.8000000000000003 7.4 4.2 1.4000000000000001 1.6 1.8 6.6000000000000005 3.6 0 0 3.8000000000000003 1.8 0 0 0 0 2 0 0 0 0 0 0 0 0 2 0.8 0 0 0 0 3.6 2 0 0 0 0 0 0 0 0 0 0 0 0 0 0 0 0 0.2 1.4000000000000001 0 0 0 0 0 0 0 0 0 0 0.4 0 0 0 0 0 0 0.4 0 0 0 0 0 0 4.2 4.4 10.200000000000001 0.4 3 0 0 0 0.8 5.800000000000001 0 2 0 0 3.2 0.4 0 1.6 3 0 0 0 0.2 0 2 3.8000000000000003 0 0 0 1.6 0 1 0 2 0 0.2 2 2 0 0 0 0 0 0 0 0 0 0 0 0 0 0 0 0 0 0 0 0 4 0 0 0 0 0 0 0 0 0 0 0 0.4 0 0 0 0 0 0 0 0 0 0 0 0 0.4 0 0.4 17.6 1.6 0 3 0 0 0 0 0 0 0 0 0 0 0 0 0 0 0 0.4 0 0 0 0 0 2.8000000000000003 0 1.2000000000000002 0 2.8000000000000003 0 0 0 0 0 0 0 0 0 0 0 0 
 111.80000000000001 8.200000000000001 61.800000000000004 16.8 0 83.80000000000001 28.200000000000003 13.200000000000001 13.8 100.4 95.4 29 7.6000000000000005 17.6 47.800000000000004 28.6 28.6 12.200000000000001 52.400000000000006 10.8 0 0 0.2 0.2 0.2 0.4 0 4.6000000000000005 0.4 0.6000000000000001 0.8 0.4 8.200000000000001 0.6000000000000001 0.2 0.2 1.2000000000000002 0.4 29.6 0.2 0.8 0.4 0.4 0.4 0.6000000000000001 0 0 0.2 0 0 0 0.2 0.4 0 0 0.4 0.4 0.8 0.6000000000000001 0 0 0 0.4 0.4 0.4 0.4 0 0.6000000000000001 0.6000000000000001 0 0 1.2000000000000002 0 0 0 0 0.6000000000000001 1 0 0 0 0 4.6000000000000005 2.6 7 0.2 0 0 0 0 0 10.600000000000001 0 0 0 1.6 0 2.2 0 0 2.8000000000000003 0 0 0 0 0 0 0 0 0 0 0 3 7.6000000000000005 0 0 2.2 0 0 6.4 0 0 0 0 0 0 0 0 0 0 0 1.2000000000000002 0 0 3 0 0 0 0 0 0 0 0 0.4 0 0 0.4 0 0 0 0.2 0 0 0 0.2 0 0 0 0 0 0 0 2.6 2.4000000000000004 7.2 0 0 0 0 3.6 0 3.4000000000000004 0 0 7.6000000000000005 3.2 0.2 5.4 2 0 0.8 0 0 0.8 0 0.2 2 0 0 0 0 1.2000000000000002 4.2 1 0 0 0.6000000000000001 2 1.6 2.4000000000000004 0 0 0 0 0 0 0 0 0 0 0 0.2 0 0.2 0 0 0 0.4 0.2 0 0 0 0 0 0 0 0 0 0 1.6 0 0.4 0 0 0 0 0 0 0 0 0 0 0 0 0 0 0.8 0 0.4 36.2 0 3.8000000000000003 0.6000000000000001 0 0 0 0 0.2 0 0 0 0 0 0.4 0 0 0 0 0 0 0 0 0 0 0 3.6 2.6 0 0 0 0 0 0 0 0 0 0 0 0 0 
 11.4 6.6000000000000005 10.600000000000001 23.400000000000002 83.80000000000001 0 6 11 53.800000000000004 14.600000000000001 39.2 12.600000000000001 8.4 97 8.4 46.2 12.4 33.800000000000004 6.6000000000000005 43.800000000000004 7.6000000000000005 17.6 0.4 0.2 0 0 12.200000000000001 44.2 15.600000000000001 0 1 0 0.8 22 0.2 27.200000000000003 3.2 0 20.6 0.2 0.4 0 0 0 10.600000000000001 0 0 0 0 0 0 0 0 0.2 12.4 0 0 0.8 0.6000000000000001 0.6000000000000001 0 0 0 0.4 0 0 0 0.6000000000000001 0.6000000000000001 0 0 0 0 0 0 0 0 1.4000000000000001 0 0 0 0 0 0 2 5.6000000000000005 0 0 0 0 0 8.200000000000001 0 0 0 0 0 0 0 0 3 6.2 0 0.8 0 0 2 2 2.8000000000000003 0 0 0 4.2 0.2 0 5 4.6000000000000005 1.4000000000000001 0.8 4.800000000000001 0 0 0 0.2 0 0 0 0 0 0 0 0 0 0 2.6 0 0 0 0 0 0 0 0 0 0 0 0 0 0 0 0 0 0 0 0 0.2 0 0 0 0 0 0 4.4 0 0.2 5 0 4.6000000000000005 0 0 3 0 0 0 0 0.4 0 0.2 1.6 0 2 0 2.8000000000000003 2.2 0 0 2.8000000000000003 0 0 0 0 3 2.8000000000000003 3.8000000000000003 3.8000000000000003 2.8000000000000003 0 7.2 1.4000000000000001 8 0 0 0 0 0 0 0 0.2 0 0 0.4 0 0 0 0 0 0 0 0 0 0 0 0 0 0 0 0 0 0 0.2 0 0 0.2 0 0 0 0 0 0 0 0 0 0 0 0 0.2 0.4 0 0.2 17.6 0 3 0 0 0 0 0 0 0 0 0 0.4 0 0 0 0 0 0 0 0 0 0 0 0 0 0 0 0 0 0 0 0 0 0 0 3.6 0 0 0 3.4000000000000004 
 30 18 13.600000000000001 14.200000000000001 28.200000000000003 6 0 75.8 33.4 4.6000000000000005 26.200000000000003 5 29 27 24 4 21.8 23.8 43.800000000000004 23.6 0 0 0 0 0 0 0 0 1.2000000000000002 5.6000000000000005 0.8 1 1 0 0 0 0 0.4 0 0.4 0.4 0 0 0.4 0.6000000000000001 0 0.6000000000000001 0 0 0 0 0 0 12.8 0.2 0 0 0.6000000000000001 0.6000000000000001 0.4 0.6000000000000001 0.4 0 1.4000000000000001 0.4 0 1.2000000000000002 0.4 0.6000000000000001 0 0 1.4000000000000001 0.2 0 0 0 0 0.6000000000000001 0 1.2000000000000002 0 4.6000000000000005 15.8 5.800000000000001 0.2 0.2 4.2 3.6 6.6000000000000005 3.6 4.4 0.2 2.6 8 0 5.800000000000001 12 5.4 2.6 9.200000000000001 0 0 0 2.6 0 0 0 0 2 0 0 0 0.2 0 0 0 0 0 0 2.6 0 0 0 0 0 0 0 0 0 0 0 0 0 0 0 0 0 0 0 0 0 0 0 0 0.2 0 0 0 0 0 0 0 0 0 0 0 0 0 0 0 1.2000000000000002 6.2 0 3.8000000000000003 0 2.8000000000000003 0.4 6.800000000000001 7.4 2.8000000000000003 0.2 2.6 5.4 0.8 2.2 5.800000000000001 2.6 0 2.6 0 0 0 0 0 0 0 0 0 0 0 0 0 0 0 0 0 0 0 0 0 0 2.6 0 0 0 0 0 0 0 0 0 0 0 0 0 0 0 0 0 0 0 0 0 0 0 0 0 0 0 0 0 0 0 0 0 0 3 0 0 0 0 2 0 0 0 0 0.6000000000000001 0 0 9.4 2.4000000000000004 0.8 2 0 0 0 0 0 0 0 0 0 2.8000000000000003 0 0 0 0 0 0 0 0 0 0 0 0 0.4 0 0 0 0 0 0 0 0 0 0 0 0 0 0 
 75.4 40 85 18.8 13.200000000000001 11 75.8 0 38.2 43.2 33.6 18.400000000000002 15.8 16.8 63.400000000000006 41.800000000000004 42 28 39.400000000000006 8.6 0 1.4000000000000001 0 0 0 0 0.4 0 0.4 0 1 0 0.6000000000000001 0 0 0 0.6000000000000001 0 0 0 0.6000000000000001 0.6000000000000001 0 0 0.6000000000000001 0 0 0 0 0 0 0 0 13 0 0 0 0.8 0.6000000000000001 0 0 0 0 0.8 0 0.4 0 0.6000000000000001 0.6000000000000001 0 0 1.4000000000000001 0 0.6000000000000001 0 0 0 0.6000000000000001 0 0 2.8000000000000003 8 1.4000000000000001 2.2 1.4000000000000001 6.4 4.2 4.6000000000000005 8.8 1.8 3 3.6 5 0 5.6000000000000005 3.6 11.4 3.4000000000000004 2.4000000000000004 0 0 0 0 0 0 0 0.2 0 4.2 0 0 0 0.2 0 0 3.4000000000000004 0 0 6.4 3.8000000000000003 0 0 0 0 0 0 0 0 0 0.2 0 0 0 0 0 0 0 0 0 0 0 0 0 0 0 0 0.8 0 0 0 0 0 0 0.2 0 0 0 0 0 0 0 1.8 0.6000000000000001 0 0 2.8000000000000003 2 3.6 6 13 3 12 3.6 0 0 4.800000000000001 2.2 3 0 0 2 0 0 0 0 0 0 0 0 0 0 0.4 1.8 0 0 0 0 0 6.6000000000000005 0 0 0 0 0 0 0 0 0 0 0 0 0 0 0 0 0 0 0 0 0 0 0 2 0 0 0 0 0 0 0 0 0 0 0 0 0 0 0 0 0 0 0 0 0 0 0 0.6000000000000001 0.4 0 23.6 0.6000000000000001 5.2 0 0 0 0 0 0 0 0 1.6 0 2.6 0 0 0 0 0 0 0.4 0 0 0 0 0 3.6 0 0 0 0 0 0 0 0 0 0.2 0 0 0 0 
 25.8 87.2 35.800000000000004 20.200000000000003 13.8 53.800000000000004 33.4 38.2 0 19.400000000000002 26.400000000000002 34.4 33.800000000000004 19.6 35.800000000000004 7.6000000000000005 44 38.6 60 10.4 0 0 0 0 0 0 0 0.2 0.4 0 0.6000000000000001 0 3.8000000000000003 0 0 0 0 0 0.2 0 0.6000000000000001 0.6000000000000001 0 0 0.6000000000000001 0 0 0 0 0 0 0 0 5 0 0 0 0.6000000000000001 0.6000000000000001 0 0 0 0 0 0 1.2000000000000002 0 0.6000000000000001 0.6000000000000001 0 0 0 0 0 0 0 0 0.6000000000000001 0 0 2.8000000000000003 0.2 2.6 0.4 0 0 0 1.4000000000000001 3.2 0.6000000000000001 3.2 2 0 3.2 0.2 0.2 3.2 0 0 0 0.2 0 0 0.4 0 0.2 0 0 0 0 0 0 0 0 2.2 0 0 0 2 10.4 0 0 0 0 0 0 0 0.4 0 0 0 0 0 0 0 0 0 0 0 0.2 0 0.2 0 0 0 0 0.4 0 0 0 0 0.4 0 0 0 3 0.4 0 0 0 2.2 1.6 5.6000000000000005 0.2 0 1.8 0 2.4000000000000004 3 2.2 2.6 1.8 1.6 5 0.2 3.2 0 3.8000000000000003 0 0 1.8 0 0 0 0 0 0 2.4000000000000004 0 0 0 0.2 2 0.4 0 3.2 0 0 1.6 4.800000000000001 0 0 0 0 0 0 0 2.6 0 0 0 0 0 0 0 0 0 0 0 0 0 0 0 0 0 0 0 0 0 0 0 0 0 0 0 0 0 0 0 0 0 0 0 0 0 0.4 9.600000000000001 0.4 0.6000000000000001 0.4 0 1.8 0 0 0 0 0 0 0 0 0 0 1.8 0 0 0 0 0 0 0 0 0 0 0 0 0 5.800000000000001 0 0 0 0 0 0 0 2.8000000000000003 0 0 0 0 0 
 7.800000000000001 60.6 71 47.400000000000006 100.4 14.600000000000001 4.6000000000000005 43.2 19.400000000000002 0 21.400000000000002 9.600000000000001 34 36.2 53.6 35.2 14.200000000000001 14.8 52.800000000000004 39.2 0 0 0 0 0 0 0 0 0.2 0 0.6000000000000001 0 0.8 0 0 0 0 0 0.6000000000000001 0 0.4 0 0 0 0.6000000000000001 0 0 0.4 0 0 0 0 0 0 0 0 0 0.8 0.6000000000000001 0 7.4 0 0 0 0 0 10.600000000000001 0.6000000000000001 0.6000000000000001 0 0 0 0 4.4 0 0 11 0.6000000000000001 0 0 8.200000000000001 0.2 0 5 0 6 4.6000000000000005 5.6000000000000005 5.4 5.800000000000001 2.4000000000000004 4.800000000000001 7 1.8 5.6000000000000005 2 8 10.8 3.8000000000000003 0 0 0 0 0 0 0 0 0.2 0.2 0 4.2 0 0.2 2.4000000000000004 0 0 0 0 0 0 0 0 0 0 0 0 0 0 0 0 0 0 0 0 0 0 0 0 0 0 0 0 0 0 0.4 0 0 0 0 0 0 0 0 0 0 0.2 0 0 0 0 1.2000000000000002 0 1.2000000000000002 7.6000000000000005 15.200000000000001 0 3.2 4 2.6 6 2 5 0 0.2 4.6000000000000005 0.2 1.6 0 0 1.8 0 0 0 0 0 0 1.8 0 0 0 0.2 0 0 3.4000000000000004 0 0 0 0 6.6000000000000005 0 0 0 0 2.8000000000000003 0 0 0.6000000000000001 0 0 0 0 0 0 0 0 0.4 0 0 0.2 0 0 0 0 0 0 0 0 0 0 0 0 0 2.4000000000000004 0 0 0 0 0 0 0 0 0 0 0 0 0 17.6 0 0.4 0.2 4 3 0 0 0 0 0 0 0 0 0 0 0 0 0 0 0 0 0 0 0 0 0 0 0 1.4000000000000001 0.2 0 0 0 0 0 0 0 0 0 0 0 0 0 
 24.200000000000003 4.4 64.4 28.6 95.4 39.2 26.200000000000003 33.6 26.400000000000002 21.400000000000002 0 62.800000000000004 5.2 10.600000000000001 11.8 68.60000000000001 67 24.6 68.4 8.4 14.8 0 0 20.8 0 0 0 0.2 0.4 0 0.6000000000000001 0 15.600000000000001 0 0 24.400000000000002 0 0 1.4000000000000001 0 0.6000000000000001 0 0 0 0.6000000000000001 12 0 0 0.4 0 0 7.4 0 12.600000000000001 0 0 0 0.4 0.6000000000000001 0 0 0 0 7.4 0 0 0 0.6000000000000001 0.6000000000000001 0 0 1.6 0 0 0 0 0 0.6000000000000001 0 0 0 3 4 4.800000000000001 2.2 4.2 0 2.8000000000000003 3.2 1.8 1.4000000000000001 8.8 1.4000000000000001 0 5 3.6 2.4000000000000004 2.4000000000000004 1.4000000000000001 0 3.8000000000000003 0 0 0 0 0 0 0 0 0.4 0 0 3 0.2 1.8 0 0 0 6.4 2.6 0 0.2 0 0 0 0 0 0 0 2.2 0 0 0 0 2.2 0 0 0 0.4 0 0 0 0 0 0 0 0 0 0 0.2 0 0 0 0 0 0 0 0 0.4 0 0 0 4 7.4 3.2 0 3 0 2 2 3.6 8 0 2 0 2.4000000000000004 4.4 6.2 1.6 1.6 0 0 0.2 0.4 0 0 2.8000000000000003 0 0 0 0 0.2 0 1.4000000000000001 0 0 4.6000000000000005 0 0 0 0 0 0 0 0 0 0 0 0 0 0.2 0 0 0 0 0 0 0 0 0 0 0.4 0 0 0 0 0 0 0 0 0 0 0 0.4 0 0 0 0 0 0.2 0 0 0 0 0 0.6000000000000001 0 0 0.8 18.8 0 2.2 0 0 0 0 0 0 0 0 0 0 0.4 0 0 0 0 0 0 0 0 0 0 0 0 3.2 2.8000000000000003 2.8000000000000003 0 0 0 0 0 0 0 0 0 0 0 0 
 6.800000000000001 7.800000000000001 9.8 45.800000000000004 29 12.600000000000001 5 18.400000000000002 34.4 9.600000000000001 62.800000000000004 0 7.6000000000000005 18.6 32 26 81.80000000000001 23.8 4.2 23.6 0 0 0 0 0 0 0 0.2 0.4 0 0.6000000000000001 0 1 0 0 0 0 0 14.8 0 0.6000000000000001 0 0 0 0.6000000000000001 0 0 0 0 0 0 0 0 12.200000000000001 0 0 0 0 0.6000000000000001 0.6000000000000001 0 0 0 0 0 0 0 0.6000000000000001 0.6000000000000001 0 0 0.2 0 0 0.4 0 0.4 0.6000000000000001 0 0 3.6 11 8.6 7.2 2.2 0 0 0 2 4.4 5.6000000000000005 2.2 0 2 7 2 0.2 2.2 2.4000000000000004 0 0.2 0 0 0 0 0 0 0 0 0 0 0 2.2 0 0 0 0 0 6.800000000000001 0 0 0.2 0 0 0 0 0 0 0 0 0 0 0 0 0 0 0 0 0 0 0 0 0 0 0 0 0 0 0 0 0 0 0 0 0 0.4 0 0 0 0 0 0 2.4000000000000004 3.4000000000000004 1.8 5.800000000000001 3.2 0 0.2 2.2 2 5 0 2.8000000000000003 2 5.4 14.600000000000001 3.4000000000000004 0 0.2 0 0 0 0 0 0 0 0 0 0 0.4 0 1.8 0 0 0 0 0 0.4 0 0 0 0 0 0 0 0 0.4 0 0 0 0 0 0 1.2000000000000002 0 0 0 0 0 0 0 0 0 0 0 0 0 0 0 0 0 0 0 0 0 0 0 0 0 0 0 0 0 0 0.2 0.4 0 0.4 0.2 0 3.2 1.8 0.2 0 0 0 0 0 0 0 0 2.8000000000000003 0 0 0 0 0 0 0 0 0 0 0 0 0 3.4000000000000004 2 0 0 0 0 0 0 0 0 0 0 0 0 
 44.800000000000004 6.800000000000001 61.2 7 7.6000000000000005 8.4 29 15.8 33.800000000000004 34 5.2 7.6000000000000005 0 64.60000000000001 6.6000000000000005 25.200000000000003 20.200000000000003 7 32.800000000000004 23.8 0.4 0 0 0 0.2 0 0 0 0.4 0 0.6000000000000001 0 0.4 0 0 0.2 0 0.4 0 0 0.6000000000000001 0 0 0 1.2000000000000002 0 0 0 0 0 0 0 0 0 0 0 0 0.2 0.6000000000000001 0 0 0 0 0 0 0 0 0.6000000000000001 0.6000000000000001 0 0 0 0 0 0 0 0 0.6000000000000001 0 0 3.2 4.2 0 1 0 0 6.2 4.800000000000001 0 0 2.8000000000000003 0 10.200000000000001 0 4 0 1.4000000000000001 4.4 2 4.4 0 0 0 0 0 0 0 0 3 0 0 0 0 0 0 0 0 0 0 0 0 0 0 0 0 0 0 0 0 0 0 0 0 0 0 0 0 0 0 0 0 0 0 0 1.4000000000000001 0 0 3 0 0 0 0 0 0 0 0 0 0 0 0 11.200000000000001 7.2 1.8 0 0 0 0 3.4000000000000004 0 0 1.8 2.2 1.6 0.4 5 0 0.2 0 3.4000000000000004 0 0 0 0 0 0 0 0 0 0 0 0 0 0 0 0 0 0 0 0 0 0 0 0 0 0 0 0 0 0 0 0 0 0 0 0 0 0 0 0 0 0 0 0 0 0 0 0 0 0 0 0 0 0 0 0 0 0 0 0 0 0 0 0 0 0 0 0 0 0 0 0 1.4000000000000001 0 0 0 0 0 0 0 0 0 0 0 0 0 0 0 0 0 0 0 0 0 0 0 0 0 0 0 0 0 0 0 0 0 0 0 0 0 0 
 59.2 9.600000000000001 11.200000000000001 15 17.6 97 27 16.8 19.6 36.2 10.600000000000001 18.6 64.60000000000001 0 23.200000000000003 28.400000000000002 51 8.8 33.4 13.600000000000001 0.4 0 0 0 0 0.2 0.4 0 0.4 0.4 0.6000000000000001 0 0.4 0 0.8 0.2 0.2 0 0 0 0.6000000000000001 0 0.4 0 0.6000000000000001 0 0 0 0.4 1 0 0 0 0 0 0 0 13.600000000000001 0.6000000000000001 0 0 0.6000000000000001 0 0 0.8 0 0 0.6000000000000001 0.6000000000000001 0 0 0 0 0 0 0 0.6000000000000001 0.6000000000000001 0 0 1 4 0 3.2 0 0 2 9.4 0 2.2 0.2 0 8.4 0 0 0 2.2 7.2 1.8 4.2 0 0 0 0 0 0 0 0 3.8000000000000003 0 0 0 0 0 0 0.4 0 0 0 0 0 0.4 0 0 0 0 0 0 0 0 0 0 0 0 0 0 0 0 0 0 0 0 0 0 0 0 0 0 0 0 0 4 0 0 2.6 0 0 0 0 0 3.4000000000000004 0 0 6 0 0 0 2.4000000000000004 0 0.4 1 3 0 6.6000000000000005 2.4000000000000004 0 2.4000000000000004 0 6.6000000000000005 4.4 0 0 0 0 0 0 0 0 0 0 0 0 0 0 0 0 0 0 0 0 0 0 0.4 0 0 0 2.4000000000000004 0 0 0 0 0 0 0 0 0 0 0 0 0 0 0 0 0 0 0 0 0 0 0 0 0 0 0 0 0 0 0 0 0 0 0 0 0 0 0.4 0.2 0 0.4 0.4 0.4 1.4000000000000001 0 0.4 0.4 0 0 0 0 0 0 0 0 0 0 0 0 0 0 0 0 0 0 0.2 0 2 0 0 0 0 0 0 0 0 0 0 0 0 0 0 
 12.4 31 88 51.400000000000006 47.800000000000004 8.4 24 63.400000000000006 35.800000000000004 53.6 11.8 32 6.6000000000000005 23.200000000000003 0 14.4 51 5.4 26.8 34.2 0.4 7 0.2 0 0.4 0 0.2 0.2 0.4 0 0.8 0.2 15.600000000000001 0.2 0 0.4 1 0 14.8 0.2 0.6000000000000001 2 0 0.4 0.6000000000000001 0 0.4 0 0.4 0.2 0 0 0 0 0 0 0 0.2 0.6000000000000001 0 0 0 0.4 0 0 0 0 0.6000000000000001 0.6000000000000001 0 0 0.6000000000000001 0 0 0 0 0.6000000000000001 0.6000000000000001 0 0 2.6 10.4 6.6000000000000005 3 4.6000000000000005 2.6 0 0 6.4 5.800000000000001 0 0.4 2.2 3.2 0 8 2.8000000000000003 2.2 0.4 0.2 3.6 0 0 0 0 0 0 0 3.8000000000000003 0 0 0.2 1.8 2.8000000000000003 0 0 0 0 2.8000000000000003 0 0.2 0 0 0 0 0 0 0.4 0 0 0 0 0 0 0 5 0 1.8 0 0 0 0 0 0 0 0 1 0 0 0 0 0.2 0 0 0 0 0.4 0 0 0 0.2 6.4 2.8000000000000003 5.6000000000000005 0 3.8000000000000003 2 2.6 1.8 0 0.2 0 1.4000000000000001 0 5 4.4 5.4 6 0.2 0 3.2 0 0 0 0 0 0 0 0 0 0 0 9.8 0 0 0 0 0 0 0 0 0 0 0 0 0 0 0 0 0 0 0 0 0 0.4 0 0 0 0 0 0 0 0 0 0 0 0 0 0 0 0 0 0 0 0 0 0 0 0 0 0 2 0 0 0 0.4 9.600000000000001 0 0.4 0.2 0 1 2.4000000000000004 0 0 0 0 0 0 0 0 0 0 0 0 0 0 0 0 0 0 0 0 0 0 0 2.2 0 0 0 0 0 0 0 0 0 0 0 0 0.2 
 12.600000000000001 4.800000000000001 96.4 66.60000000000001 28.6 46.2 4 41.800000000000004 7.6000000000000005 35.2 68.60000000000001 26 25.200000000000003 28.400000000000002 14.4 0 25.8 43.2 22.6 44 0 0 0 0 0 16.2 0 0.2 0.6000000000000001 21.200000000000003 0.6000000000000001 0 27 0 0 0 0 0 20.200000000000003 0 0.6000000000000001 0 14.600000000000001 0 0.6000000000000001 0 0 0 0 0 0 0 0 0.2 0 0 0 0.2 1 0 0 0 0 8.8 0 0 0 0.6000000000000001 0.6000000000000001 0 0 0 0 0 0 0 0 0.6000000000000001 0 0 2 6.4 3.8000000000000003 4.4 0.4 2.4000000000000004 0 5.800000000000001 0 0.8 0 1.8 6.4 0 2 2.4000000000000004 3.2 2.4000000000000004 2.2 0 2.8000000000000003 0 0 0.8 0 0 0.2 0 0 0 0 0 1.8 0 0 0 0 0 3 2.8000000000000003 0 0 0 0 0 0 0 0 0 0 0 0 0 0 0 0 0 0 0 0 0 0 0 0 0 0 0 0 0 0 0 0 0 0 0 0.4 0 0 0 0 0 2.2 8.200000000000001 8.6 3.4000000000000004 0 6.4 0 1.4000000000000001 0.2 0.2 8 1 3.2 0 3.8000000000000003 3 4 0 1 4.4 0 0 0 0 0 0 1.2000000000000002 0 0 0.4 1.4000000000000001 0.2 0 3 0 0 0 0 2.2 0 0 0 0 0 0 0 0.4 0 0 0 0 0 0 2.8000000000000003 0 0 0 0 0 0 0 0 0 0 1.2000000000000002 0 0 0 0 0 0 0 0 0 0 0 0 0 0 0 0 0 0 0 0.4 0.4 0 0.2 1.6 0.4 1.6 0 0 0.4 0 0 0 0 0 0 0 0 0 0 0 0 0 0 0 0 0 0 0 0 1 0 0 0 0 0 0 0 0 0 0 0 0 0 0 
 10.600000000000001 26 109.60000000000001 5.6000000000000005 28.6 12.4 21.8 42 44 14.200000000000001 67 81.80000000000001 20.200000000000003 51 51 25.8 0 29.6 68.8 5.800000000000001 0.4 0.8 0.4 0.2 0.2 0.8 0 0 0.2 0.8 0.8 0.4 47.400000000000006 0.2 0 0.2 0.4 0.2 0 0 0.8 0.4 0.2 0.6000000000000001 0.6000000000000001 0.2 0.4 0 0.4 0.4 0 0.4 0.4 0.6000000000000001 0.4 0.4 0 0.2 0.6000000000000001 0.4 0 0 0 0.2 0 0.4 0 0.4 1 0 0 0 0.2 1 0 0 0 0.6000000000000001 0 0 0 2.8000000000000003 16.400000000000002 0 5.2 2 0 2 1.8 2 0 0 1 0 1.8 6.4 3.8000000000000003 1.8 1 0 2.8000000000000003 0 0 0 0 0 0 0 0 0 0 0 0 0 3.4000000000000004 0.2 0 0 0.2 0 0 0.2 0 0.4 0 0 0 0 0 0 0 0 0 0 0 0 0 0.8 0 0 0 0 0 0 0 0 2.4000000000000004 0 0 0 0 0 0 0 0 0.2 0 0 0 0 0.2 5.800000000000001 4.6000000000000005 6 0 0 4.2 4.2 6.2 0 0 0 1.6 2 0 6.2 0 3.6 0 0 2.4000000000000004 0 0 0 0 0 0 2.6 0 0 0 0 4 0 0 0 0 0 0 2.6 0 0 0 0 0 0 0 4.2 0 1.6 0 0 0 0 0 0 0 0 0 0 0 0 0 0 0 0 0 0 0 0 0 0 0 0 0 0 0 0 0 0 0 2.8000000000000003 0 0 0 0.2 34.2 0 0.4 0.6000000000000001 0 1.6 0 0.2 0 0 0 0 0.4 0 0 0 0 0 0 0 0 0 0 0 0 0 0 0.4 0 0 2 0 0 0 0 0 0 0 0 0 0 0 0 0 
 25.400000000000002 6.4 27.6 37.4 12.200000000000001 33.800000000000004 23.8 28 38.6 14.8 24.6 23.8 7 8.8 5.4 43.2 29.6 0 22.6 23.8 16.8 0 0 0 0 0 15.200000000000001 0.2 0.6000000000000001 0 0.6000000000000001 0 16.8 0 14.8 0 41.6 0 0 0.4 0.6000000000000001 0 0 0 0.6000000000000001 0 0 0 0.2 0 0 0 0 11.8 0 0 0 0.4 0.4 0 0 0.6000000000000001 0 0.4 0 0 0 0.6000000000000001 0.4 0 0 0.6000000000000001 0 0 0 0 0 0.6000000000000001 0 0 0 1.8 2 3.8000000000000003 11.600000000000001 2 0 0 0 2.2 4 2.4000000000000004 3 3.6 10.4 0 6.800000000000001 4.4 4.2 0.2 0 0 0 1.4000000000000001 0 0 0 2.8000000000000003 0 0 0 0 0.2 0 1.8 0 0.6000000000000001 0 4.4 6.2 0 0 0 2.6 0 0 0 0 0 0 0 0 0 0 0 0 0 0 0 0 0 0 0 0 0 0 0 0 0 0 0 0 0 0.2 0 0 0 0 0 0 0 0 2.2 0 3 2.8000000000000003 0 0 1.6 5.4 5 6.800000000000001 0 0.8 0.4 6.6000000000000005 2 5.2 0 0 3.4000000000000004 0 0 0 0 0 2.8000000000000003 6 0 0 0 0 0 0 3 6.2 0 0.2 0 3 0 0 0 0 0 0 0 0 0 0 0 0 0 0 0 0 0 0 0 0 0 0 0 0 0.2 0 0 0 0 0 0 0 0 0 0 0 0 0 0 5.800000000000001 0 0 0 0 0 0.4 18 0 17.6 17.6 0 4.6000000000000005 0 0 0 0 0 0 0 0 0 0 2.6 0 0 0 0 0 0 0 0 0 0 0 0 2.4000000000000004 0 0 0 0 0 0 0 0 0 0.2 0 0 0 0 
 58.800000000000004 37.2 50.2 22 52.400000000000006 6.6000000000000005 43.800000000000004 39.400000000000006 60 52.800000000000004 68.4 4.2 32.800000000000004 33.4 26.8 22.6 68.8 22.6 0 68 0 0 0 0 0 0 0 0 0.4 0 0.2 0 0.8 0 0 0 0 0 0 0 0 0.4 0 0 0 0 0 0 0.6000000000000001 0 0 0 0 0 0 0 0 12.8 0 0.4 0 0 0 0.2 0 0 0.4 0 0 0.2 0 0.4 0 0 0 0 0 0 0 0 3 9.8 2 3 0 0 0.2 5.2 7.6000000000000005 6.2 0 0 5.800000000000001 2.6 2.4000000000000004 3.2 5 5.6000000000000005 8.6 4 0 0 0.2 0 0 0 0 0 4 0 0 0 0 0 0 0 0 0 0 0.2 0 0 0 0 0 0 0 0 0 0 0 0 0 0 0 0 0 0.2 0 0 0 0 0 0 0 0 0 0 0 0 0 0 0 0 0 0 0 0 0 0 6.800000000000001 7.6000000000000005 7 7.2 0 0 5.4 3 2.6 0 0 4.4 1.6 1.6 5.2 0.2 0 0 2.6 1.6 0 0 0 0.2 0 0 0 0 0 0 0 0 0 0 0 0 0 0 2 0.2 0.2 0.2 0 0 0 0 0 0 0 0 0 0 0 0 0 0 0 0 0 0 0 0 0 0 0 0 0.2 0 0 0 0 0 0 0 0 0 0.2 0 0 0 0 2.4000000000000004 0 0 0 0.4 9.600000000000001 0 0.2 4.2 0.2 0 0 0 0 0 0 0 0 0 0 0 0 0 0 0 0 0 0 0 0 0 0 0 0 0 0 0 0 0 0 0 0 0 0 0 0 0 0 0 
 9.200000000000001 8.200000000000001 24.6 14 10.8 43.800000000000004 23.6 8.6 10.4 39.2 8.4 23.6 23.8 13.600000000000001 34.2 44 5.800000000000001 23.8 68 0 0 0 0 0.6000000000000001 0 0 0 0.6000000000000001 0.6000000000000001 0 0.6000000000000001 0 16.400000000000002 0 0 0.6000000000000001 0 0.4 0.4 0 0.6000000000000001 0.4 0 0.6000000000000001 0.6000000000000001 0.6000000000000001 0 0 0 0 0 0.4 0 0.2 0.4 0 0.4 0 1.2000000000000002 0 0 0.6000000000000001 0 0.6000000000000001 0 0.2 0 0.6000000000000001 0.6000000000000001 6.6000000000000005 0.8 0 0 0 0.4 0 0 0.6000000000000001 0 0 8 8.6 5.4 5.800000000000001 0 0 12 0 7.800000000000001 5.2 0 0 4 8.200000000000001 1.2000000000000002 2.2 4.6000000000000005 6.6000000000000005 1.8 2 0 0 0 0 0 0 0 3.4000000000000004 0 0 0 0 0 0 0 0 2.6 0 0.2 0 0 0 0 0 0 4.4 0 0 0 0 0 0 0 0 0 0 0 0 0 0 0 0 0 0 1 0 0 0 0 0 0 0 0 0 0 0 0 0 0 0 0 8.6 0 2 0 0 4 4.800000000000001 2.6 5.800000000000001 0 0 1.6 1.6 5 0.2 2.6 0 3 0 0 0 0 0 0 0 0 0 0 0 0 0 0 0 0 0 0 0 0 0 0 0 0 0 0 0 0 0 0 0 0 0 0 0 0 0 0 0 0 0 0 0 0 0 0 0 0 0 0 0 0 0 0 0 0 0 0 0 0 0 0 2.4000000000000004 0 0 0 0.4 20.8 0.4 0 0 0 1.6 0 0 0 0 0 0 0 0 0.2 0 0 0 0 0 0 0 0 0 0 0 0 0 0 0.2 0 0 0 0 0 0 0 0 0 0 0 0 0 0 
 0 0 0 0 0 7.6000000000000005 0 0 0 0 14.8 0 0.4 0.4 0.4 0 0.4 16.8 0 0 0 32.2 78.2 48.6 32.4 6.6000000000000005 90.80000000000001 9.600000000000001 7.4 20.8 20.8 50.400000000000006 24.400000000000002 29 79.4 9.200000000000001 67.2 33.2 8.8 19.8 0 0 0 0 0.4 0 0 0.4 0 0 0 0 0 0 0 0 0 1 0 0 0 0 0 0 0 0 0 0 0 0.6000000000000001 0 0.6000000000000001 0 0 0 0 0 0.6000000000000001 0.4 0 0 0.4 0 0 1.8 0.4 0 0 0 0.2 0 2 0.2 0 1.6 0 0 0 0 0.2 0 4.4 5.2 0 0 2.4000000000000004 8.8 7.2 3.6 0.2 4.2 0 0 5 1.2000000000000002 0 11.4 2.2 0 0 0 0 0 0.2 0 0 0 0 0 0 0 0 2.2 0 2.8000000000000003 0 0 0 0 0 0 0 0 0 0.4 0 0 0 0 0 0 0 0 0 0 0 0 0 0 0 0 0.4 1.8 0 0 2.6 0 0 0.2 0 0.8 0 0 0 0 0 1 0 2 0 1.4000000000000001 10.200000000000001 4 4 0 1.4000000000000001 3.4000000000000004 8.4 7.4 7.2 2.4000000000000004 2.8000000000000003 2.2 1.8 9.600000000000001 7.800000000000001 3.6 0 0 0 0 0 0 0 0 2.2 0.2 0 0 0 0 0 0 0 0.2 0 0.4 0 0 2.6 0 0 0 0 0 0 0 1 0 0 0 0 0 0.2 0 0 0 0 0 0 0 0.8 0 0 0 0 0 0 0 14.8 0 0 0 0 4.4 0 0.4 0 0 0.4 0.2 1 0 0 0 0 2.2 0 0 0 0 0 0 0 0 0 0 0 0 0 0 1.6 0 0 0.2 0 2.4000000000000004 0 0 0 
 0 0.6000000000000001 0.4 0.2 0 17.6 0 1.4000000000000001 0 0 0 0 0 0 7 0 0.8 0 0 0 32.2 0 29.6 38.2 15.4 94.4 30.200000000000003 60.2 43 33.2 5 82 25.6 88.2 33.800000000000004 105.4 61 7.4 27 66.60000000000001 0 0 12.8 0 0 0.2 0 0.4 0.4 0 0 0.2 0 0 0 0 0 1.6 0 0 0 0 0 0 0 3 0 0 0 0.6000000000000001 0 0.6000000000000001 0 1.2000000000000002 0 0 0 1 10.4 0 0 0 2.4000000000000004 0 0 0.8 0 0 0 0 0 0 0 0 0 0 0 0 0 0 6.6000000000000005 3.6 7.2 4.4 2.8000000000000003 2.2 8.8 3.2 0 3.2 2.8000000000000003 1.6 3.2 4.800000000000001 4.4 2.6 7.800000000000001 13.600000000000001 3.4000000000000004 0 2.6 0 0 0 0 0 0 2.8000000000000003 0 0 0 0 0 0 0 0 0 0 0 0 0 0 0.4 0 1.4000000000000001 0 0 0 0 0 0 0 0 0 0 1.6 0 0.2 0 0 0 0 0 0 0 1.4000000000000001 0 0 2 0 2.8000000000000003 0 0 0 0 0 1.6 0 0 0 2 1.2000000000000002 3.6 7.4 0 0.6000000000000001 15 2 1.6 3.8000000000000003 5.6000000000000005 2 3.2 2 3.2 2.6 4 3.4000000000000004 0 8 0 0 0 0 0 0 0 0 0 0 0 0 0 0 2.2 0 0 0 0 4.800000000000001 0 0 0 0 0 0 0 0 2.6 0 0 0 0 0 0 0 0 0 0 0 0 0 0 0 0 5.4 0 0 0 0 0 0 0 0 2.2 0 0 0.6000000000000001 0 0.8 5.2 0 0 0 0 2 0 0 0 0.2 0 0 0.4 0 0 0 0 0 0 0 0 3 0 0 0 0.2 0 0 0 0 
 0 0 0 0 0.2 0.4 0 0 0 0 0 0 0 0 0.2 0 0.4 0 0 0 78.2 29.6 0 15.8 27.400000000000002 8.8 70.60000000000001 38.6 29.200000000000003 86.80000000000001 14.8 36 36.4 67.2 32 15.8 21.8 15.600000000000001 26.200000000000003 52 0 0 0 0 0 0 0 0.4 0 0 0 0.2 0 0 0 0 0 0.6000000000000001 0 0 0 0 0 0.2 0 0 0 0 0 0.6000000000000001 0 0.4 0 0 0 0 0 0.8 0.4 0 0 0.2 0 0 0 2 0 0 0 0.4 0 3.6 0.4 0 0 0 0 0 0 0.4 2 0 4.800000000000001 0 0 6 7 9.600000000000001 9.600000000000001 3.6 6.6000000000000005 0 0 5.6000000000000005 14 1.8 8 3 0 2.4000000000000004 0 0 0 0 0 0 0 2.2 0 0 0 0 1.2000000000000002 0 0 0 0 0 0 0 0 0 0 0 0.2 0 0 0 0 1.6 0 0 0 0 0 0 0 0 0 0 0 0.2 0 0 0 2.4000000000000004 0 0 0.4 0 0 0 0 0 0 0 0.8 0 0 0 1.4000000000000001 7.4 7.800000000000001 3.8000000000000003 0 3 2.8000000000000003 2.6 1.8 5.6000000000000005 0 3.2 2.2 4.6000000000000005 2.8000000000000003 3.6 2.8000000000000003 0 0.2 2.8000000000000003 0 0 0 0 0 1.6 0 0 0 0 0 0 0 0 0 1.2000000000000002 0.2 0 0 0.2 0 0 0 0 0 0 0 0 0 0 0 0 0 0 0.4 0 0 0 0 0 0 0 0 0 0 0 0 0 0 0 0 0 0 0 2 0 0 0 0 0.4 2.6 2.8000000000000003 0 0 0 0 0 0 12.200000000000001 0 0 0 0 0 0 0 0 0 0 0 0 2.6 0 0 0.4 0 2.4000000000000004 0 0 0 
 0 0 0 0 0.2 0.2 0 0 0 0 20.8 0 0 0 0 0 0.2 0 0 0.6000000000000001 48.6 38.2 15.8 0 21.6 20 58.800000000000004 28.8 27.400000000000002 33.6 44 40.800000000000004 14.200000000000001 72 9.200000000000001 25 30.8 9 16.6 13.200000000000001 0 0 0 0 0 0 12.8 5 0 0 0 0 0 0 0 1 0 1 0 0 0 0 0 0 0 0 0 1 0 2 0 0.6000000000000001 0 0 0 0.4 0 0.6000000000000001 0.4 0 0 0 0 0 0 0 0 0 0 0 0 0 0 0 0 0 0 0 0 0 0 1.8 1 7.800000000000001 9.4 1.8 0.2 0 0.2 0 0 0 2 0 0 0 0 10.600000000000001 1.4000000000000001 0 5.6000000000000005 5 0 0 0 0 0 4.800000000000001 0.2 0 0 0 2.8000000000000003 3.8000000000000003 0 0 2 0 5.2 0 0.4 0 0 0 0 0 0 0 0 0 0 0 0 0 0 1.2000000000000002 2 0 0 0 0 1.2000000000000002 1.6 0 0 0 0 0 0 0 0.2 0 0 1 0 0 0 0 0 0 0 0 0 2.4000000000000004 1.8 0.6000000000000001 2.6 0 0.8 7.4 11.200000000000001 2.4000000000000004 0 0 1.6 0 7.2 5.4 0 2.8000000000000003 5 6.6000000000000005 2.2 0 0 0 0.2 0.4 0 0.4 0 0 3.2 5.2 4 0 0 0 1.8 5.4 0 0 0 0 0 0 0 0 0 0 0 0 0 0 0 0 0 0 0 0 0 0 0 0 0 0 0 0 0 0 0 0 0 0 2.2 0 0 0.8 16 0 0.8 0 0 0 0 0.6000000000000001 0 0 0 0 0 0 0 0 0 0 0 0 0 0 0 0 0 0 0 0 0 0 0 0 
 0 0.4 0 0 0.2 0 0 0 0 0 0 0 0.2 0 0.4 0 0.2 0 0 0 32.4 15.4 27.400000000000002 21.6 0 14.200000000000001 52.400000000000006 18.2 18 19.6 20.200000000000003 46 17.400000000000002 114.60000000000001 61 23.6 23 66.8 13.4 15.600000000000001 0 12.4 0.6000000000000001 0 0 0 19.8 0.4 0 0 0 0 0.2 12.600000000000001 0 3.2 0 2 0 11.200000000000001 0 0 0 0 0 0 0 0.2 0 10.4 0 0.6000000000000001 0 0 0 0 0 0.4 0.4 0 0 0 0 0 0 0 0 0 0 0.4 0 0 0.4 0 0 0 0 0 0 0.2 0 2.2 11.600000000000001 5.4 5 4 0 0.4 0.2 0.4 8.8 2 0 0 0 0 0.8 1.8 0 0 5.6000000000000005 8.8 0 0 0 0 1.2000000000000002 7.800000000000001 0 0 0 0 4.2 2.4000000000000004 3.6 0 2 0 7.4 5.6000000000000005 0.4 0 0 0 0.2 0 0 0 0 0 0 0 0 0 0 1.2000000000000002 0 0 0 0 0 0.2 0 0 0 0 0 0 0 0 0 0 0 0 0 0 0.4 0 0 0 0 3.6 1 0 4 9.8 0 2.2 6.2 3.8000000000000003 1.4000000000000001 15 0 0 2.2 2.6 7.2 2.8000000000000003 0 0 0 0 0 0 0 0 3.2 0 0 0 0 0 11.200000000000001 0 9 0 0.2 0 0.2 9.600000000000001 0 0 0 0 0 0 0 0 0 0 0 0 0 0 0.4 0 0 0 2 0 0 0 4.2 0 0 0 0 0 0 0 0 0 11 0 2.2 0 0 8.6 37.4 0.6000000000000001 1.6 0.4 0 0 0 0 4.4 0 0 0 0 0 0 0 0 0 0 0 0 0 0 0 0 0 0.4 0 2.2 0 0 0 
 0 0.2 0 0 0.4 0 0 0 0 0 0 0 0 0.2 0 16.2 0.8 0 0 0 6.6000000000000005 94.4 8.8 20 14.200000000000001 0 4.4 18.8 10 57.400000000000006 10.8 10.8 6.800000000000001 5.800000000000001 12.8 19.200000000000003 10.4 9.200000000000001 55.400000000000006 50.2 12.8 0 0 1.4000000000000001 0.4 0 24.8 0.4 0 4 12.8 0 0.4 18.400000000000002 0 6.6000000000000005 18.400000000000002 12.600000000000001 25.8 0 0 0 2.4000000000000004 0 0 0 0.8 0 0 0.6000000000000001 0 0.6000000000000001 0 0 0 0 0 0.4 0.4 0 0 0 0 0 0 0 0 0 0 0 0 0 0 0 0 0 0 0 0 0 0 0 0.2 0 0 0 0 0 0 0 1.8 1.2000000000000002 0 0 0 0 0 0.2 0 0 2 2.8000000000000003 4.800000000000001 1.2000000000000002 3.8000000000000003 0.6000000000000001 6.6000000000000005 0 3.4000000000000004 0 1.8 1.8 11.600000000000001 0.2 4 1.8 3.6 1.8 2 6.6000000000000005 0 0 0 0 0 0 0 0 0 0 0 0 0 0 0 0 7 2.2 0 1 0 2 0 0 0 0 0 0 0 0 0 0.8 0 0 0 0 0 0 0 0 0 0 0 0 0 0 0 0 2.8000000000000003 0 0 0 0 0 0 0 0 0 0 0 6.6000000000000005 2.8000000000000003 3.4000000000000004 0 5.4 0 5.2 3 2 7.6000000000000005 4.6000000000000005 0 3.8000000000000003 4.6000000000000005 2.4000000000000004 0.2 6.2 0.2 2.2 2.2 0 0 0 0 0 0.2 0.2 0 0 0.4 0 0 0 0 0 0 0 0 0.6000000000000001 0 0 0 0 0 0 0 0 0 0 0 0 0 0 0 1.6 0.8 0.2 1 0.8 0.4 1.2000000000000002 0 0 12.4 0 2.8000000000000003 0 0 0 0 4.4 0 0 0 0 0 0 0 0 1.6 0 0 0 0 0 0 0 0 0 0 
 0.2 0 0.8 0 0 12.200000000000001 0 0.4 0 0 0 0 0 0.4 0.2 0 0 15.200000000000001 0 0 90.80000000000001 30.200000000000003 70.60000000000001 58.800000000000004 52.400000000000006 4.4 0 22.8 20.400000000000002 16.8 25.8 9.4 47 16.8 22.200000000000003 8 49.6 21.400000000000002 10.8 18 0 0 0 0 0 0 0 12.600000000000001 0 0 0 11.8 0 0 0 0 0 0.4 0 0 0 0 0 0 0 0 0 0 0 0.6000000000000001 0 0.6000000000000001 0 0 0 0.4 0 7.2 0.4 0 0 0 0 0 3.6 0.2 0 0 0 0 0 1.8 0 0 0 0 0 0 0 0 3.6 7.6000000000000005 3.4000000000000004 0 0 3.8000000000000003 2.4000000000000004 7.4 3.8000000000000003 6.6000000000000005 2 3.4000000000000004 0 8.200000000000001 1.6 2.6 7 0 0 0 0 0 0 2.6 0 0 0 0 0 0 0 0 0 0 0 0 0 0 0 0 0 0 0 0 0 0 0 0 0 0 0 0 0 0 0 0 0 0 0 0 0 0 1.8 0 2.6 2 0 0 0.2 0 4.800000000000001 0 0 0 0 0.2 0 0 0 0 3.8000000000000003 9.8 0.2 1.8 0 0 7.2 3 1.4000000000000001 6.2 3.8000000000000003 8 0.6000000000000001 2 9.8 6.800000000000001 8.8 4.4 0 2.2 0 0 0 0 0.4 0.8 0 0 0 0 0 0 0 0.4 0 0 3.8000000000000003 0 0 0 0 0 0 0 0 0 0 0 0 0 0 0 0 0 0 0 0 0 0 0 0 0 0 0 0 0.4 0 0 0 0 0 0 0 0 2.8000000000000003 0 0.4 0 0.4 0 0.4 0 0 0 0 0 0 0 0 0 0 0 0 0 0 0 0 0 0 0 0 0.4 0 0 0 0 0.6000000000000001 0 0 0 
 0 0 0 0.2 4.6000000000000005 44.2 0 0 0.2 0 0.2 0.2 0 0 0.2 0.2 0 0.2 0 0.6000000000000001 9.600000000000001 60.2 38.6 28.8 18.2 18.8 22.8 0 62 8 23.200000000000003 21.8 23.400000000000002 91.2 21.6 60.2 40.400000000000006 51.6 49.400000000000006 25.8 0.2 0 0 0 12.600000000000001 0 0 0.4 0 21.200000000000003 0 0 0 0 0 0 0.4 0 0 0 0 0 0 0 0 0 0 0 0 0.6000000000000001 0 0.6000000000000001 0 0 0 0 0 1 0.4 0 0 0 0 0 0.2 2.2 0 0 0 0 0 1 0 0.4 0 0 0 0 0 0 7 2.2 0.4 0 0 1.8 4.800000000000001 0 4.2 0.4 0 0 2.4000000000000004 3.4000000000000004 0 2.2 0 1.6 4.6000000000000005 2.8000000000000003 0 0 0 0 0 0 0 0 0 0 0 0 0 0 0 0 0 0 0 0 0 0 0 0 0 0 0 0 0 0.8 0 0 0 0 0 0 0 0 0 0 0 0 2.6 0.4 2.4000000000000004 0 0 0 0 0 2.4000000000000004 0 0 0 0.4 0 0 0 0 0 2 0 2.6 3.2 0 0.2 2 0 0 0 2.6 1.2000000000000002 0 5 2.2 0 0.2 9.600000000000001 3.4000000000000004 3.6 0 0 0 0 0 0 0 0 0 0.4 0 0 0 0 1.6 0 0 0 0 0 0 0.4 0 0 1.8 0 0 0 0 0 0 0 0 0 0 0 0 0 0 0 0 0 0 0 0 0.2 0 0 0 0 0 0 0 0.2 2.8000000000000003 0 0 0 0 0.4 0 2.8000000000000003 0 0 0 0 0 0 0 0 0 0 0 0 0 0 0 0 0 0 0 0 0 0 0 0 0 0 0 0 
 0.6000000000000001 0.4 0.6000000000000001 0.2 0.4 15.600000000000001 1.2000000000000002 0.4 0.4 0.2 0.4 0.4 0.4 0.4 0.4 0.6000000000000001 0.2 0.6000000000000001 0.4 0.6000000000000001 7.4 43 29.200000000000003 27.400000000000002 18 10 20.400000000000002 62 0 55.400000000000006 9 37.6 79 53.400000000000006 27.400000000000002 29 46 29.200000000000003 38.6 28 0 0 0 0 0 0 13 0.4 0 0 0 11.600000000000001 0 0 0 0 0 0.4 0.2 0 0 0 0 0.2 0 0 0 0 0 0.6000000000000001 0 0.4 0 0 0 0 0 10.600000000000001 0.4 0 0.2 0 0 0 6.800000000000001 0 0 0 0 0 0 0 0 0 0 3.8000000000000003 0 0 0 0 3.6 5 7.4 4.4 0.2 9 3.8000000000000003 0.4 0 2.2 4.800000000000001 3 2.6 3.6 1 2 2.2 3.6 3.4000000000000004 0 2 3.2 0 0 0.2 0 0.8 5 0 0 0 1.6 4.4 0.8 0 0 0.2 0 0 0.8 0.4 0 0 0 0 0 0 0 0 0 0 0 0 0 0 1.6 0 0 0 0 0 0 0 0 2.6 0 0 0 0 0 3.2 0 0 0 0 0 0 0 0 0 3.8000000000000003 4.800000000000001 0 6.4 1.8 0.2 2 0 0.8 4.2 6.4 1.6 0 3 8.4 2.8000000000000003 8.200000000000001 7.800000000000001 0.2 2.6 0 1.4000000000000001 0.2 0.2 0 0 3.4000000000000004 0 0 0 0 0 0 0 4.2 0 0 0.4 0.4 5.6000000000000005 0 0 0 0 0 0.4 0 0 2.2 0.2 0 0 0 1.2000000000000002 0 0 3.6 0 0.2 0 0 0 0 0 0 0 0 0 0 0 0 0 0 0 1.4000000000000001 0 0 2.6 15.200000000000001 0 0.4 0 0 0 0 0 0 0 0 0 0 0 0 0 0 0 0 0 0 0 0 0 0 0 0 0 0.2 0 0 0.4 
 0 0 0.8 0 0.6000000000000001 0 5.6000000000000005 0 0 0 0 0 0 0.4 0 21.200000000000003 0.8 0 0 0 20.8 33.2 86.80000000000001 33.6 19.6 57.400000000000006 16.8 8 55.400000000000006 0 54.2 44.400000000000006 67.60000000000001 14.8 50.400000000000006 31.200000000000003 46.2 28.6 20 29.8 0 0 0.2 0 0 0.4 0 0.4 0 0.6000000000000001 0 0.6000000000000001 0 0 0 0 0 0.4 0 0 0 0 0 0 0 0 8 1.4000000000000001 0 1.6 0 0.6000000000000001 0 0 0 1.6 0 0.4 0.4 0 0 0 0 0 0 0 0 0 0 0 0 0 0 0 0 0 0 1.8 0 0 2.6 2.6 0 4 4.2 8.4 4 8.200000000000001 4.2 4.6000000000000005 5 0 0.4 3.8000000000000003 0 2.6 3.6 4.800000000000001 0 0.4 2.2 0 0.2 0 0 0 0 0 0 0 0 0 0 0 0 0 0 0 14.8 0 0.6000000000000001 0 0 0 0 0 0 0 0 0 0 0 0 2.4000000000000004 0 0.8 0 0.4 0 0 0 0 0 0 0 0.2 0 0 0 0 0 0 0 0 0 0 0 0 0 0 0 7.800000000000001 0.2 1.6 3.8000000000000003 4.6000000000000005 6.800000000000001 1.8 1.2000000000000002 7 7.800000000000001 0 3 4.6000000000000005 3 3.4000000000000004 2.8000000000000003 2 1.8 0 1.2000000000000002 0 0 0 0 3 0 0 0 0 0 0 6.4 0 0 2.6 0.2 0 2.4000000000000004 0 0 0 0 0 0 0 0 0.2 0.4 0 0 0 0 0 0 0 0 0 0 0 0 0 0 0 0 0 0 0 0 0 0 0 0 0 2.4000000000000004 0.4 0 15 0.2 0 0 3.6 0 0 0 0 0 0 0 0 0 0 0 0 0 0 0 0 0 0 0 7.4 0 0 0 0 0 0 0 0 
 0.6000000000000001 0.4 0.6000000000000001 0.6000000000000001 0.8 1 0.8 1 0.6000000000000001 0.6000000000000001 0.6000000000000001 0.6000000000000001 0.6000000000000001 0.6000000000000001 0.8 0.6000000000000001 0.8 0.6000000000000001 0.2 0.6000000000000001 20.8 5 14.8 44 20.200000000000003 10.8 25.8 23.200000000000003 9 54.2 0 80 50.6 8.200000000000001 12 16.400000000000002 37 11 23.8 26.8 0 0 0 0 0.2 0 0 0.4 0 0 0 0 0 0 0 1.6 0 0.8 0 0 0 0 0 0 0 0 0 0.6000000000000001 0 1.2000000000000002 0 0.6000000000000001 0 0 0 0.4 0 0.6000000000000001 0.4 0 0 0 0 0 0 0 0 0 0.4 0 0 0 0 0 0 0 0 0 1.6 0 6 1.8 4.2 2.6 6 3.2 0.2 13 9.8 3.2 1.6 4.2 0 7.6000000000000005 0 2.4000000000000004 0.4 1.6 1.8 2.2 3.8000000000000003 3.6 0 4.4 0 0 0 0 0 0 0 0 0.8 1.4000000000000001 0 0 0 0 10.8 0 0 0 0 0 0 0 0 0 0.6000000000000001 0 0 0 0 0 0 0 0 0 0 0 0 0 0 0 0 0.2 0 0 0.6000000000000001 0 0 0.2 0 0 0 0 0 0 0 0 0 4 2 3 5.2 0 0 3.4000000000000004 0.2 10.4 5.6000000000000005 0.8 0 3.8000000000000003 4.2 1.8 6.4 0.2 1 0 3.6 2.4000000000000004 4.800000000000001 0 0 3.2 0 0 0 0.2 0 0 3.6 1.4000000000000001 0 0 0 0 2.2 0 0 2 0 0 0 0 0 0 0 0 0 0 0 0 0 0 0 0 0 0 0 0 0 0 0 0 0 0 0 0 0 0 0 0 1.6 0 0 14.8 0 0.4 8.200000000000001 0 0 0 0 0 0 0 0 0 0 0 0 1.4000000000000001 0 0 0 0 0 0 0 0 0 0 0 0 0 0 0 0 
 0.6000000000000001 0 0.2 0 0.4 0 1 0 0 0 0 0 0 0 0.2 0 0.4 0 0 0 50.400000000000006 82 36 40.800000000000004 46 10.8 9.4 21.8 37.6 44.400000000000006 80 0 7.4 6.6000000000000005 21 21.200000000000003 36.4 27.400000000000002 49 36.800000000000004 1.2000000000000002 0 0.6000000000000001 0 0 1.2000000000000002 6.2 55.400000000000006 0 0 0 0.6000000000000001 0 0.2 0.4 0 0 0.6000000000000001 0 0 0.6000000000000001 0.4 0.6000000000000001 0.8 0 0 0.6000000000000001 1.2000000000000002 0.4 1.6 0 0.6000000000000001 0.2 0 0 1 0 0.6000000000000001 1 0 0 0 0 0 0 0 0 0 0 0 0.4 0 0 0 0 0 0 0 0 0 0 0 2.2 5.800000000000001 4.2 1.4000000000000001 2 5 0.4 0 4.4 1.6 0 0 2 2.4000000000000004 0.2 6 0 0 9 5.2 4.2 0 0 0 1.2000000000000002 1.4000000000000001 0.2 0 0 0 5.6000000000000005 2.2 0.2 0 0 0 2.4000000000000004 2.6 0 0 0 0 0 0 0.2 3.2 0 0 0 0 0 0 0 0.8 0 0 0 0 0 0 0.2 0 0 0 4.2 0 0 0 0 0 0 0.4 0 0 0 0 0 0 0 0.2 0 0 5 0.2 2.8000000000000003 1.4000000000000001 6 5.2 5.6000000000000005 0.8 0.8 0.2 0 3 6.4 1.8 0 0 6.6000000000000005 0 0 0 0 0.2 4 0.2 0 0 0 0 6.4 0 3.4000000000000004 0 3.2 0 5.6000000000000005 7.4 0 0 0 0 0 0 0 0 0 0 0 0 0 0 0 0 0 0 0 0 0 0 0 0 0 0 0 0 0 0 0 0 0 0 0 0.2 0.4 16 0.6000000000000001 0.6000000000000001 1.4000000000000001 0 0 0 0 0 0 0 0 0 0 0 0 0 0 0 0 0 0 1.4000000000000001 0 0 0 0 0 0 0 0 0 0 
 0.8 1 9.600000000000001 0.6000000000000001 8.200000000000001 0.8 1 0.6000000000000001 3.8000000000000003 0.8 15.600000000000001 1 0.4 0.4 15.600000000000001 27 47.400000000000006 16.8 0.8 16.400000000000002 24.400000000000002 25.6 36.4 14.200000000000001 17.400000000000002 6.800000000000001 47 23.400000000000002 79 67.60000000000001 50.6 7.4 0 32 23.6 22 9 11.600000000000001 39 14.8 0 0 0 0 0 0 0 0.4 0 0 0 13.200000000000001 0.6000000000000001 0 0 16.2 0 0.4 0 0.6000000000000001 0 0 0 0.6000000000000001 0 0 0 0 0 0.6000000000000001 0 0.6000000000000001 0.6000000000000001 0.6000000000000001 0 0 0 2 0.4 0 0 0 3.4000000000000004 0 2.4000000000000004 0.2 0.2 0 0 0 0 2.2 0 0 0.2 0.6000000000000001 0 0 0 0 4.800000000000001 2.2 3.8000000000000003 0 0 1.8 0.6000000000000001 0.2 0 5.2 3.4000000000000004 2 0 0 6.2 0 6 2 0 0 0 0 0 0 0 0 0 0 0 0 0 0 0.2 0 0 0 0 0 0 0 0 0 0 0 0 0 0.4 0 0 0 0 0 0 0 0 0 0 0 0 0 0 0.6000000000000001 2 2.2 4 0 0 0 0 0.2 0 0 0 0 0 2 0 4 0 0 4.6000000000000005 1.8 0 2 0 1 0.2 2.2 0 1.2000000000000002 2 0.6000000000000001 2 2.4000000000000004 3.8000000000000003 5.4 2.4000000000000004 0 0.2 3 0 0 0 0 0 0 0 0 0 0 0 0 0 0 0 0 0 0 0 0 0 0 0 0 0 0 0 0 0 0 0 0 0 0 0 0 2.4000000000000004 0 0 0 0 0 0 0 0 0 12.200000000000001 0 0 0.2 0 0 0 0 1 0.2 0.4 0 0 0 0.2 0 0 0 0 0 0 0 0 0 0 0 0 0 0 0 2.8000000000000003 0 0 0 0 2.8000000000000003 0 0 0 0 0 0 0 0 
