 0 20 40.2 7.6000000000000005 7.800000000000001 24.400000000000002 31.6 29.200000000000003 5.4 25 27.200000000000003 6.4 29.400000000000002 34 6.6000000000000005 16.400000000000002 25 5 10.200000000000001 21.400000000000002 0.4 0.4 0 0 0.2 0.2 0 0.4 0.2 0 0.6000000000000001 0 0 0.4 0 0.2 14.4 0 0.6000000000000001 0.6000000000000001 0 0 0.6000000000000001 0.8 0.6000000000000001 0 0 0 0 0.4 0 0.6000000000000001 0 0.4 0.4 1.8 0 0 0 0 0 0 0 0 0 0 0.4 0.6000000000000001 0 0 0 0.6000000000000001 0.6000000000000001 0 0.6000000000000001 0 0.6000000000000001 0 0 0.4 4 2.4000000000000004 1.6 0 2.8000000000000003 0 3.2 1.6 1.4000000000000001 6 0 0 2.4000000000000004 1.4000000000000001 0.2 2.6 2.2 0 0.4 3.2 0 0 0 0 0 0 0 0 0 0 0 0 2.8000000000000003 0 0 0 3.4000000000000004 0 0 0.2 0 0 0 0 1.8 0 2.8000000000000003 0 0 0 0 0 0 0 0 0 0 0.6000000000000001 0 0 0 0 0.4 0.4 0 0 0.2 0 0.4 0 0 0 0 0 0 0 0 0 0 0 2.8000000000000003 3.8000000000000003 1.6 1.6 0 4 1.6 4.4 2.2 7 0 5.2 1.4000000000000001 0 1.4000000000000001 0 0 4.4 0 10.200000000000001 0 0 0 0 0 0 0 0 0 0 0 0 0 0 0 0 0 0 0 2.6 0.2 0 0 0 0 0 0 0 0 1.4000000000000001 0 0 0 0 0 0 0 0 0 0 0 0 0 0 0 0 0 0 0 0 0 0 0 0 0 0 0 0 0 0 0 0 0 0 0 0 18 0 0 0.4 0 1.6 0 0 0 0 0 0 0 0 0 0 0 0 0 0 0 0 0 0 0 0 0 0 0 1.4000000000000001 2.4000000000000004 3.6 0 0 0 0 0 0 0 0 0 0 0 0 
 20 0 46.800000000000004 15.600000000000001 17 24.8 18.8 36.800000000000004 53.800000000000004 6 28 8.4 15.8 56 54.6 39 7.800000000000001 20.200000000000003 7.4 50.400000000000006 0.4 0.2 0.4 0 0 0.4 14.8 0.4 0.6000000000000001 0.2 0.8 0.4 0 0 0 0 0 0 0.4 0.4 0 0 0.2 0.4 0.6000000000000001 0 0 0 0 0.4 0.4 0.8 0 0.4 0.4 0.6000000000000001 0 0 0 0 0 0.2 0 0 0 0 0.4 0.4 0 0 0 0 0.6000000000000001 0 0 0 1.6 0.2 0 0.4 3.4000000000000004 12.200000000000001 0 5 4 0 1.4000000000000001 2 0 6.4 5.4 1.8 0.2 2.6 0.2 0.2 6.800000000000001 1.8 1.4000000000000001 0 3.8000000000000003 0 0 0 0 0 1 0 0 0 0 0 5 0.2 0 0 0 0 3.8000000000000003 0.2 0 0 0 0 0 0 0 0 0 0 0 0 0 0 0 0 0 0 0 0 0 0 0 0.4 6.2 0 0 0 0.2 0 0 0 0 0 0 0 0 0 0 0 0 6.4 7.2 3 2.2 0 3.4000000000000004 10.600000000000001 0 0 5.6000000000000005 0 3 0 2.4000000000000004 6.6000000000000005 0 2.4000000000000004 0 5.800000000000001 0.4 0.2 0.4 0 0 0 0 0.8 0 0.4 0 0 2.2 1.8 0.2 0 0 0 7.800000000000001 0.2 0 0 0 0 0 0 0 0 0.2 0 0 0 0 0 0 0 0 0 0 0 0 0 0.4 0 0 0 0 0 0 0 0.2 0.4 0 0 0.4 0 0 3.8000000000000003 0 0 0 0.2 0 0 0 0.2 0 0 0.4 21 3.4000000000000004 1.2000000000000002 0 0 0 0 0 0 0 0 0 0 0 0 0 0 0 0 0 0 0 0 0 0 0 1 0 0 0 0 0 0 0 0 0 0 0 0 0 0 
 40.2 46.800000000000004 0 124.2 62.400000000000006 17 26.400000000000002 22.200000000000003 36.800000000000004 26 8.8 25 15.4 73.4 62 10.200000000000001 67.60000000000001 8.8 10.600000000000001 7.4 0 0 0 0.6000000000000001 15.4 0 0 0.2 0.8 0 0.4 0 0 0.4 1 0 0 0.4 0.6000000000000001 15.4 0 0 0.6000000000000001 0.4 0.8 1.2000000000000002 0 0 0.4 0.6000000000000001 0 0.4 0 0.4 0.4 1 0 0.8 0 0 0 1.2000000000000002 0 0 0 0 0.4 0.4 0 0 0 0 1.6 0 0 0 0.6000000000000001 0.4 0 0.6000000000000001 5.4 2.6 0 14 2.8000000000000003 3.2 0.8 3.6 0 14.200000000000001 0 0 3.8000000000000003 3.8000000000000003 0 5.800000000000001 0.2 2.4000000000000004 2.8000000000000003 0 2 12.200000000000001 0 0 0 0 0 0 0 0 0 0 9.4 1.6 0 0 0 0 3.2 10.8 0 0 0 0.2 0 0 0 0 2 0 0 0 0 0 0 0 0 0 0 0 0 0 0 0.6000000000000001 0 0 0 0 0 0 0 0 0 0 0 0 0 0 0 0 7.6000000000000005 3.6 5 6.2 4 3.2 4 2.2 3.4000000000000004 3.4000000000000004 0 0 1.2000000000000002 0.4 0 0 2.4000000000000004 0 4.2 4 0 0 0 0 0 0 2 0 0 0 0 0 2.8000000000000003 2.8000000000000003 0 0 0 0 2 1.8 0 0 0.4 0 0.2 0 0 0 0 0 0 0 0 0 0 0 0 0 0 0.2 0 0 0 0 0 0.4 0 0 0 0 0 0 0 0 0 0 0 0.2 0 0 0 0 0 0 0 0 0.6000000000000001 0 18 22.200000000000003 0.4 0.4 0 0 0 0 0 0 0 0 0 0 0 0 0 0 0 0 0 0 0 0 0 0 0 4.4 0 3.2 0 0 0 0 0 0 0 0 0 0 0 0 
 7.6000000000000005 15.600000000000001 124.2 0 19.6 43 60.400000000000006 62.400000000000006 46.800000000000004 29.200000000000003 35 40.400000000000006 16.8 60.400000000000006 10.200000000000001 29.400000000000002 57 83.2 61.400000000000006 11.8 0 0.2 0.2 0 0 0 0.4 0.4 0.6000000000000001 0 0.4 0 12.600000000000001 14.8 0.2 16.2 0.2 0.2 15.8 7.6000000000000005 0 0 0 0.4 0.6000000000000001 0 0 0 0 0.4 0 0.2 0 0.4 0.4 0.6000000000000001 0 0 0 0 0 0.6000000000000001 0 0 0 0.6000000000000001 0.6000000000000001 0.4 0 0 0 6.2 0.6000000000000001 0 0 0 0.6000000000000001 0.6000000000000001 0.2 0.6000000000000001 0 5.6000000000000005 0 9 4.4 7.2 0 0.4 0 3.8000000000000003 1.8 9.8 0 2.4000000000000004 0 0 8.8 1.8 0 0 2 0 0 0 0 0 0 0 4.2 0 0 0 8.6 4 4.800000000000001 0 2.6 0 13 0.2 0 0 0 0 0 0 0 0 0 0 0 0 0 0 0 0 0 0 0 0 0 0 0 0 0 0 0 0 0 0 0 0 0 0 0 0 0 0 0 0 0 0 5.6000000000000005 3 3 0 4.2 3 0 0 8.8 5.6000000000000005 2.2 0.8 2.2 2.4000000000000004 1.6 0 0 2.4000000000000004 2.8000000000000003 11.8 3.4000000000000004 0 0 0 0.6000000000000001 6.800000000000001 0 5.800000000000001 0 0 4 4 8 0 0 0 5.6000000000000005 1.4000000000000001 0 0 0 0 0 0 0 0 0 0 0 0 0 0 0 0 0 0 0 0 0 0 0 0 0 0 0 0 0 0 0 0 0 0 0 0 0 0 0 0 0 1.8 0 0 0 0.4 0.4 0.4 0.2 17.6 3.4000000000000004 2 0.2 0 0 0 0 0 0 0 0 0 6.800000000000001 0 0 0 0 0 0 0 0 0 0 0 0 0.2 0 0 0 0 0 0 0 0 0 0 0 0 0 0 
 7.800000000000001 17 62.400000000000006 19.6 0 47.800000000000004 12.600000000000001 59.800000000000004 53 23.400000000000002 55.400000000000006 30.8 15.8 31.8 92.2 33.4 31.8 10.4 26.6 15.600000000000001 0.4 4.4 0.4 0.4 0.4 0 47.400000000000006 0.8 1 0.4 15.600000000000001 0.4 0.6000000000000001 17.8 7.2 0 0.4 0 0.8 1.4000000000000001 0 0 0.4 0.4 0.6000000000000001 0 0.2 0 0 0.4 0 0.4 0 0.4 0.6000000000000001 0.6000000000000001 0.6000000000000001 0.6000000000000001 0.4 0.2 0 0.2 0 0 0 0 0.4 0.4 0 0 0 0 0.6000000000000001 0 0 0 0.6000000000000001 0.2 0 0.4 0 3.4000000000000004 0 3 1.4000000000000001 5.4 0 0.2 0 0.2 7.2 0.2 0 0.4 1.2000000000000002 1.4000000000000001 11.600000000000001 2 0 0 2.6 0.2 0.4 2 0 0 5 0 0 0 0 0.2 14.600000000000001 0 0 0 3 0 0 2 0 0 0 0.4 0 0 0 0 0 0 0 0 0 0 0 0 0 0 0 0 0 0 0 0 0 0 0 0 0 0 0 0 0 0 0 0.4 0 0 0 0 0 3 3.8000000000000003 0 12.4 0 0 3.2 0 0 0 0 0 0.4 0 3 0 3.2 0 0 0 3.6 0 0 0 0 3 0.2 0 0.2 0 0 0.2 1.8 2 0 0 0 10.200000000000001 3.6 0 0 0.2 0 0.4 0 0 0.8 0 0 0 0 0 0 0 0 0 0 0 0.4 0 0 0 0 0 0 0 0 0 0 0 0 0 0 0 0 0 0.4 0 0.4 0 0 0 0 0 0 0 0 0.2 18.8 0 2.4000000000000004 0 0 0.4 0.4 0 0.4 0 0 0 0 0.2 0 0 0 0 0 0 0 0 0 0 0 0.4 0 0 0 0 0 0 0 0 0 0 0 0 0 0 0 
 24.400000000000002 24.8 17 43 47.800000000000004 0 16 23.200000000000003 12.8 43 42.800000000000004 38.6 10.200000000000001 10 13 13.8 29.6 59.6 55.400000000000006 17.6 0 15.4 13.4 0 0.8 0 0.2 0.2 1.4000000000000001 0 1.2000000000000002 1.2000000000000002 27 16.400000000000002 14.8 17 16.2 15 18.400000000000002 49 0 0 0.8 13 11 0 0 0.6000000000000001 0 0.4 0 0.2 0 0.4 0.4 1.4000000000000001 0 0 0 0.4 0 0.4 0 0 0 8.200000000000001 0.6000000000000001 0.4 0 0 0.8 0 1.8 0 0 0.8 0.6000000000000001 0.4 0 0.4 0 0 0 0 0.6000000000000001 8 0 0 0 0 5.4 3.2 0 0 0 6 0 0 0 0 0.6000000000000001 4.2 0.2 0 0 0 0.4 2 3.8000000000000003 0 0 0 5.800000000000001 0.2 15 2.6 2.4000000000000004 0 8.6 4 0 0 0 0 0 0 0 0 2.8000000000000003 0 0 0 0 0 0 0 0 0 0 0.2 0 0 0 0.2 0 0 0 0 2.8000000000000003 2.8000000000000003 0 0 0 0 0 0 0 0 0 0 0 0 4.6000000000000005 0 6 0 0 9.4 0 1.8 13.200000000000001 3.8000000000000003 0 0 0 0 0 0.6000000000000001 0 0 2.4000000000000004 8.6 2.6 0 15 0 7.6000000000000005 2 0 0.2 0 0 4 6.6000000000000005 5 0 2.8000000000000003 0 3.6 13.4 0 0 0 0 0 0 0 0.4 0 0 0 0 0 0 0 0 0 0 0 0 2.4000000000000004 0 0 0 0 0 0.2 0 0 0 0 0 0 0 0 0 0 0 0 0 0 0.4 0 0 0 0 26.8 0 17.2 0.2 0 1.2000000000000002 0 0 0 0 0 0 0 0 0 0 4 0 0 0 0 0 0 0.4 0 0 0 0 0 0 0 0 0 0 0 0 0 0 0 0 0 0 0 0 
 31.6 18.8 26.400000000000002 60.400000000000006 12.600000000000001 16 0 79 9.8 21.8 9 7.6000000000000005 56.6 27.6 10.4 47 33 67.8 7 36.4 0 0.2 0 0 0 0 0 0.2 0.6000000000000001 0 0.4 0 0 0 0 0 0 0 0.4 0.4 0 0 0.2 0.4 0.6000000000000001 0.8 0 0 0 0.4 0 0.6000000000000001 0 0.4 0.4 0.6000000000000001 0 0.6000000000000001 0 0 0 0.8 0 0 0 0 0.4 0.4 0 0 0 0 0.6000000000000001 0 0 0.6000000000000001 0.6000000000000001 0.2 0 0.4 5.4 4.800000000000001 7 0 2.2 0 6.4 5.4 6.800000000000001 4.4 2.6 0 2.4000000000000004 4 4.2 1.2000000000000002 1.4000000000000001 0.4 0 12.200000000000001 0 0 0 0 0 0 0 0 0 0 0 0 0 0 0 0 0 0 0 0 0 0 0 0 0 0 0 0 0 0 0 0 0 0 0 0 0 0 0 0 0 0 0 0 0 0 0 0 0 0 0 0 0 0 0.2 0 0 0 0 0 7.6000000000000005 2 0 2.6 0 0 4.6000000000000005 2.4000000000000004 8.200000000000001 6.800000000000001 2.4000000000000004 0 2.2 2 4.4 1.4000000000000001 1.8 2.6 1.8 6.2 0 0 0 0 0 0 7.4 0 0 0 0 1.2000000000000002 0 0 0 0 0 0 0 0 0 0 0 0 0 0 0 0 0 0 0 0 0 0 0 0 0 0 0 0 1.8 0 0 2.4000000000000004 0 0 0 0 0 0 0 0 0 0 0 0 0 2.4000000000000004 0 0 0 0 0 0 0 0 0.6000000000000001 0 0 0 0 1.6 0 0 0 0 0 0 0 0 0.2 0 0 0 0 0 0 0 0 0 0 0 0 0 0 0 8.6 0 0 0 0 0 0 0 0 0 0 0 0 0 
 29.200000000000003 36.800000000000004 22.200000000000003 62.400000000000006 59.800000000000004 23.200000000000003 79 0 20.400000000000002 47 25 31.400000000000002 29.400000000000002 61.800000000000004 52.800000000000004 82.2 23.400000000000002 25.400000000000002 54.800000000000004 16 1.2000000000000002 0.2 0.6000000000000001 1 0.6000000000000001 1.2000000000000002 0 21.400000000000002 1.6 0 1 0 0.4 0.4 0.6000000000000001 0 0.6000000000000001 0.2 0.8 0.6000000000000001 0.6000000000000001 0 1.2000000000000002 0.4 0.8 0.4 0.4 0.6000000000000001 0.4 0.8 12.4 0.6000000000000001 0 0.4 0.4 0.6000000000000001 0 0 0 0 0 2.8000000000000003 1 0.8 0 0 0.4 0.4 0.4 0 1 1.2000000000000002 0.6000000000000001 0 0.6000000000000001 0 0.6000000000000001 0.6000000000000001 0 0.4 0 2 2.8000000000000003 0.2 2.6 0 6.800000000000001 7.4 4 1.4000000000000001 0 0 2.4000000000000004 6 8.6 2.6 0 3 0.4 0 0 0 0 0 0 0 0 0 0 0 0 0 2.6 0 0 0 0 0 0 0.2 0 0 0.2 0 0 0 0 0 0 0 0 0 0 0 0 0 0 0 0 0 0 0 0.2 0.2 4 0 0.4 0 0.4 0 0 0 0 0 0 0 0 0 0 0 0 4.4 0 1.2000000000000002 2.8000000000000003 5.6000000000000005 2 4.800000000000001 2.4000000000000004 2.8000000000000003 0 7.2 0.2 2.2 3.2 2.8000000000000003 4.2 7.4 2 0 0 0 0 0 0 0 0 0 0 0 0 0 0 0 0 0 0 0 0 2.6 0 0 0 0 0 0 0 0 0 0 0 0 0 0 0 0 0 0 0 0 0 0 0 0 0 0 0 2 0 0 0 0 0 0 0 0 0 0 0 0 0 0 0 0 0 0.4 17 0 0.4 0 0 2.6 0 0 0 0 0.2 0 0 0 0 0 0 0 0 0 0 0 0 0 0 0 0.4 0 0 1.6 0 2.8000000000000003 0 0 0 0 0 0 0 0 0 0 0 0 
 5.4 53.800000000000004 36.800000000000004 46.800000000000004 53 12.8 9.8 20.400000000000002 0 34.4 27 21.8 51.400000000000006 38.6 48.400000000000006 23.200000000000003 70.4 46.6 64.4 55.6 0 0.2 0 0 0 15.200000000000001 0 0.2 0.4 0 0.6000000000000001 0 14.8 0 0 0 0 0 0.4 1.6 0 0 0.4 1 0.6000000000000001 0 0 0 0 0.4 0 0.6000000000000001 0 12.8 0.4 11.8 0 0 0 0 0.4 0 0 0 0 6.2 0.4 1.6 0 0 0 0 0.6000000000000001 0 0.2 0 0.6000000000000001 0 3.8000000000000003 0.4 2 0.4 4.2 8.200000000000001 3.6 0 2 4.800000000000001 0 6.2 9.600000000000001 6.2 0 3.6 11 0 3.2 5 0 0 0 7.800000000000001 0 0 0 2 0 0.4 0 0 0 0 9 2.6 0 2 3.8000000000000003 0 3.4000000000000004 3.6 0 0 0 0 0 0 0.4 0 0 0 0 0 0 0 0 0 0 0.4 0 0 0 0 0 0.4 0 0.4 0 0 0 0 0 0 0 0 0 0 0 0 0 0 0 2 4.2 0.2 5.6000000000000005 3.4000000000000004 5.800000000000001 5 0 0 5.2 5.6000000000000005 0.4 8.200000000000001 1.2000000000000002 21 2.6 3.2 0 3.2 1.8 0 0.4 0 0 0 0 0 0.4 0 0 0 3.4000000000000004 0 0.2 0 0 0 3 0.2 0 0 0 0 0 0 0 0 0 0 0 0 0 0 0 0 0 0 0 0 0 0 0.4 0 0 0 0 0 0 0 0 0.4 0 0 0.4 0 0 0 0.2 0 0 0 0 0 0 0 0 0.4 0.2 19.200000000000003 1.6 2 3.6 0 0 0 0 0.2 0 0 0 0 0 0 0 0 0 0 0 0 0 0 0 0 0 0 0 0 0 0 0 0 0 0 0 0 0 0 0 0 
 25 6 26 29.200000000000003 23.400000000000002 43 21.8 47 34.4 0 57.2 74 10 60.6 82.60000000000001 54.800000000000004 29.6 18.2 16.8 16 0 0 0.4 1.8 0.4 0 14.8 0.4 0.8 0.6000000000000001 0.6000000000000001 0 0.4 26.400000000000002 1 0 0 15 15.4 7.6000000000000005 0.6000000000000001 0 0.8 0.8 1.6 1.4000000000000001 0 0.4 0 0.4 0 0.6000000000000001 0 1 1.2000000000000002 1.2000000000000002 0 0 0.6000000000000001 0 9 1.2000000000000002 0.4 0 0 0.2 0.4 0.4 0.2 0 0.4 1 0.8 0 0.4 3.4000000000000004 0.6000000000000001 0 1.2000000000000002 0.6000000000000001 0 0 2.2 0 0.2 5 0 0.6000000000000001 3.6 1 5.2 2.6 0 3.8000000000000003 2.6 5.800000000000001 4.2 3.2 0 0 0 2.8000000000000003 0 0 0 0 2.2 0 0 0 0 0 0.2 6.800000000000001 2.4000000000000004 0 0 0 0.2 5.2 0 0.2 1.2000000000000002 0 0 0 0 0 2.6 0 0 0 0 0 0 0 0 0 0 0 0 0 0 0 0 0 0 0 1 0.2 0 0 0 0 0 0 0 0 0 0 0 4.6000000000000005 1.8 0.2 11.600000000000001 5.4 3.8000000000000003 6.2 0.2 1.4000000000000001 2.6 6.4 0.4 0.6000000000000001 3.4000000000000004 3.4000000000000004 0 0.8 0 0 0 0.2 0 0 0.4 0 4.4 1.2000000000000002 0 4.800000000000001 0 0 0 4.4 1 0 0 0 0 4 0 0 0 0 0 0 0 0.4 0.2 0 0 0 0 0 0 0 0 0 0 0 0 0 0 0 0 0 0.2 0 0 0 0 0 0 0 0 0 0.6000000000000001 0 0 1.8 0 0 0 0 0 0 1.2000000000000002 0 1.8 0 0 2 0 0 0 0 0 0 0 0 0 0 4.4 0 0 0 0 0 0 0 0 0 0 0 0 0 0 0 0 0 0 0 0 0 0 0 0 0 0 0 
 27.200000000000003 28 8.8 35 55.400000000000006 42.800000000000004 9 25 27 57.2 0 65 8 22.400000000000002 14.200000000000001 20 141 68 24 16.2 0 25 0.2 0 0 0 4.2 0.4 0.6000000000000001 0 0.6000000000000001 0 14.8 12.200000000000001 0.2 0 0 0 15.200000000000001 34.6 0 0 0.4 0.4 1.6 0 0 0 0 0.4 0 0.6000000000000001 0 13.200000000000001 0.4 0.6000000000000001 0 0.2 0 0 0 0.6000000000000001 0 0 0 1.6 0.4 0.4 0 0 0 0 0.6000000000000001 0 0.2 0 0.6000000000000001 0 11.4 0.4 0 0 0 2.2 2.6 7.800000000000001 0.4 0 0 0.4 15.8 9.200000000000001 0 0 0 2 3.8000000000000003 0 0 0 2.8000000000000003 4 0 0 0 0 3 0 0 0 0 0 6.6000000000000005 10.4 2.6 0 0 0 4.2 8 0 0 0 0 0.2 0 0 0 2.2 0 0 0 0 0 0 0 0 0 0 0 0 0 0 0 0 0 0 0 3.4000000000000004 0 0 0.2 0 0 0 0 0 0 0 0 0 0 0.2 0 4.2 0 0.8 2.2 0 2.6 4.2 4 0 0 0 0 1.2000000000000002 0 0 0 4.800000000000001 0.2 1.6 0 0 0 3.8000000000000003 6.2 0 0.2 0 0 14.200000000000001 7.2 1.8 0 0 0 5.4 5 0 0 0 0 0 0 0 0 0 0 0 0 0 0 0 0 0 0 0 0 0 0 0 0 0 0 0 0 0 0 1.6 0 0 0 0 0 0 0 0 0 0 2 0 0 0 0.4 0.8 0.2 18 9.8 0 1.4000000000000001 4.4 0 0 0 0 0 0 0 0 0 3.8000000000000003 0 0 0 0 0 0 0 0 0 0 0 0 0 0 0 0 0 0 0 0 0 0 0 0 0 0 0 
 6.4 8.4 25 40.400000000000006 30.8 38.6 7.6000000000000005 31.400000000000002 21.8 74 65 0 5.800000000000001 39 27.6 27.400000000000002 38.800000000000004 24.400000000000002 8 4.6000000000000005 14.8 14.8 0.2 0.2 0 0 0.4 0.4 0.4 0 0.6000000000000001 0 15.600000000000001 4.800000000000001 29.6 18.8 0 0 0.4 16.2 0 0 0.2 0.4 0.6000000000000001 0.8 0 0 0 0.4 0.4 1.2000000000000002 0 1 0.4 0.6000000000000001 0 0.2 0 0 0.6000000000000001 0.2 0 0 0 1 0.4 0.4 0 0 0 0 0.6000000000000001 0 0 0 8.200000000000001 0.2 0 0.4 0 0 2 0 0.2 16 0 0.4 0 1 0.8 9.200000000000001 0 0.2 0.8 2 6.2 6.4 0 0 2.8000000000000003 2.8000000000000003 0 0.2 0 0 2.4000000000000004 0 2.6 0 0 0 6.6000000000000005 5.2 2 2.8000000000000003 3 0.8 2.2 2 0 0.2 2 0.2 0 0 0 0 0 0 0 0 0 0 0 0 0 0 0 0 0 0 0 0 0 0 0 0 0.4 0 0 0 0 0 0 0.4 0 0 0 0 0.2 6.4 3.2 0 11 2 0.8 3.8000000000000003 0 0 0.2 3.2 0.6000000000000001 0.4 0 2 1 2.8000000000000003 0.2 0.4 2.8000000000000003 4.800000000000001 0 0 0.4 0.2 6 6.6000000000000005 0 2.2 0 0 0.2 0.2 5.2 0 2.2 0 5.800000000000001 3.6 0 0 0 0 0 0 0 0.4 0.2 0 0 0 0 0 0 0 0 0 0 0 0 0 0 0.4 0 0 0.2 0 0 0 0 0 0 0 2 0 0.2 0.2 0 0 0 0 0 0 0 1.2000000000000002 1.2000000000000002 0 0.4 1.4000000000000001 0.4 3 0 0 0 0 0 0 0 0 0 0 0 0.2 0 0 0 0 0 0 0 0 0 0 0 0 0 0 0 0 0 0 0 0 0 0 0 0 0 0 
 29.400000000000002 15.8 15.4 16.8 15.8 10.200000000000001 56.6 29.400000000000002 51.400000000000006 10 8 5.800000000000001 0 36.4 20.8 103.80000000000001 25 41 37.2 58.6 0 0.2 0 0 0 0 0 0.4 0.4 0 0.6000000000000001 0 0 0 0.4 0 0 0 0.4 0.4 0 0 0.4 0.4 0.6000000000000001 1 0 0 0.4 0.4 0 2.6 0 0.4 0.4 0.6000000000000001 0 3 0 0 0 0 0 0 0 0 0.4 0.4 0 0 0 0.6000000000000001 0.6000000000000001 0 0.2 0 0.6000000000000001 0 0 0.4 12 3.6 11 1.4000000000000001 2 0 0.2 0 0 4.6000000000000005 3.8000000000000003 0 0 0.8 4.2 2.2 2.2 3.6 0 14 0 0 0 0 0 0 0 0 0 0 0 0 0 0 0 0 0 0 0 0 0 0 0 0 0.2 0 3.4000000000000004 0 0 0 0 0 0 0 0 0 0 0 0 0 0 1.8 0 0 0 0 0 0 0 0 0 0 0 0 0 0 0 0 0 0 8.6 3 0 2.8000000000000003 0 0 0 2.6 5.2 7.2 2.8000000000000003 0 4.800000000000001 4.800000000000001 2 1.6 6.4 3 2.2 7.2 0 0 0 0 0 0 0 0 0 0 0 5.800000000000001 0 0 0 0 0 0 0 0 0 0 0 0 0 0 0 0 0 0 0 0 0 0 0 0 0 0 0 3.6 0 0 0 0 0 0 0 3.2 0 0 0 0 0 0 0 0 0 0 0 0 0 0 0 0 0 0 0.4 0 0.2 0 0 0.8 0 0 0 0 0 0 0 0 0 0 0 0 0 0 0 0 0 0 0 0 0 0 0 0 8.6 0 0 0 0 0 0 0 0 0 0 0 0 0 
 34 56 73.4 60.400000000000006 31.8 10 27.6 61.800000000000004 38.6 60.6 22.400000000000002 39 36.4 0 83.60000000000001 60.6 41.400000000000006 26.8 32.800000000000004 16.8 0.8 0.4 2.2 0.6000000000000001 0 0.8 0.6000000000000001 0.2 0.4 0 2.8000000000000003 0.2 0 0 0.6000000000000001 0 1 0 1 0.6000000000000001 0 0 0.4 0.8 0.6000000000000001 6.6000000000000005 0 1 0 1 0 0.6000000000000001 0 0.8 0.4 1.6 0 0 0 0 0 2 0 0 0.6000000000000001 0 0.4 0.4 0.4 0 0.8 0 2.2 0 9 2.2 0.6000000000000001 0 0 0.4 3.6 2.2 4.6000000000000005 10.4 3.6 0 2.4000000000000004 2.6 2.2 7.6000000000000005 0 0 0 4.6000000000000005 3.6 0.2 1.4000000000000001 4.2 0 2.2 2 0 0 0 0 0 0 0 0 0 0 0 6.6000000000000005 0 0 0 0 0 3.8000000000000003 2 0 0 0 0 0 0 0 0 0 0 0 0 0 0 0 0 0 0 0 0 0 0 0 1.6 0 0 0 0 0.6000000000000001 0 0 0 0 0 0 0 0 0 0 0 3.4000000000000004 0.8 2.4000000000000004 5.2 0.4 7.2 2.2 0.6000000000000001 3 4.2 0.4 12.600000000000001 1 2.4000000000000004 5.2 0.4 0.2 3.2 0 0 0 0 0 0 0 0 2.8000000000000003 0 3.6 0 0 0 2.2 0 2.8000000000000003 0.2 0 0 2.2 0.2 0 0 0 0 0 0 0 0 0 0 0 0 0 0 0 0 0 0 0 0 0 0 0 0 0 0 0 0 0 0 0 0 0 0 0 0 0.6000000000000001 0 0 0 0 0 0 0 0 0.4 0.8 0 0 17 0 4 0 0 0 0 0 0 0 0 0 0 0 0 0 0 0 0 0 0 0 0 0 0 0 0.8 0.8 3.4000000000000004 0 0 0 0 0 0 0 0 0 0 0 0 
 6.6000000000000005 54.6 62 10.200000000000001 92.2 13 10.4 52.800000000000004 48.400000000000006 82.60000000000001 14.200000000000001 27.6 20.8 83.60000000000001 0 38.800000000000004 109.80000000000001 10.600000000000001 25 17.400000000000002 0.2 0 0 0 0 0 0 0.4 0.6000000000000001 0 0.6000000000000001 0 0 0 0 0 0 0 0.8 0.4 0 0 0.2 0.4 0.6000000000000001 0 0 0 0 0.4 0 0.4 0 0.4 0.4 0.6000000000000001 0 0 0 0 0 1 0 0 0 0 0.4 0.4 0 0 0 0 1.2000000000000002 0 0 0.6000000000000001 0.6000000000000001 0.4 0.6000000000000001 0.4 0 3.6 0.2 5.6000000000000005 5.800000000000001 0 0 2.8000000000000003 5.2 0 0 0 1.4000000000000001 1.6 2 0 1.4000000000000001 0 0 1 0.4 0 0.4 0 0 0 0 0 0 0 0.2 0 0 0.4 0 0 0 0 2.8000000000000003 5.4 0 0 0 0 0.6000000000000001 0 0 3 0 0 0 0 0 0 0 0 0 0 0 2.8000000000000003 0 0 0 0 0 0 0 0 0 0 0 0 0 0 0.8 0.4 0 0 4 0 0 7 3.2 0 2.8000000000000003 0 2.4000000000000004 4.6000000000000005 5.2 0 0 0 0 0.2 4.800000000000001 2.4000000000000004 2 2.2 0 0 0 0 0 0 0 0 4.4 0 0 0 0 0 2.8000000000000003 0 0 0 0 0 2 0 0 0 0.2 0 0 0 0 0 0 0 0 0 0 0 0 0 0 0 0 0 0 0.2 0 0 0 0.2 0 0 0 0 0 0 0 0 0 0 0 0 0 0 0 0.2 0 0 0 0.6000000000000001 0.6000000000000001 0.4 0.4 0.6000000000000001 0.2 1.2000000000000002 0 0 0 0 0 0 0 0 0 0 0 0 0 0 0 0 0 0 0 0 0 0 0 0 0 4 0 0 0 0 0 0 0 0 0 0 0 0 
 16.400000000000002 39 10.200000000000001 29.400000000000002 33.4 13.8 47 82.2 23.200000000000003 54.800000000000004 20 27.400000000000002 103.80000000000001 60.6 38.800000000000004 0 16.2 30.8 9.8 25 0 0.8 0 0 0.2 0.8 0 0.4 0.4 0 0.6000000000000001 0.4 1 0 0 0 0 1 4 0.8 0 0 0.4 0.4 1.6 0.6000000000000001 0 0 0 0.4 1 1.8 0 0.4 11.8 0.6000000000000001 0 7.4 1.6 0 0.8 0 0 0.6000000000000001 11.200000000000001 1.2000000000000002 0.4 1.6 0 3.4000000000000004 0.4 0.6000000000000001 0.6000000000000001 0 0.2 3.2 1.6 1.2000000000000002 0 0.4 4 3.6 10.8 1.6 0.4 0 2.2 2.2 0 13.4 3.4000000000000004 0 0.2 6.6000000000000005 5.4 2.8000000000000003 2 8.200000000000001 0 5.6000000000000005 0 2.8000000000000003 0 0.4 1.4000000000000001 0 0 0 0 0 0 0 0 0.2 3.4000000000000004 0 0 0 1.8 0 0 0 0 0 1.8 0 0 0 0 0 0 2 0 0 0 0 0 0 0 0 0 0 0 0 0 0 0 0 0 0 0 0 0 0 0 0 0 0 0 0 3.6 11.600000000000001 0 2.6 0.8 5.2 5 3.2 0.8 4 0 11 0.6000000000000001 6 1.2000000000000002 4.800000000000001 1.2000000000000002 7.2 0 2.2 0 0 0 0 0 0 2.8000000000000003 0 0 0 0 0 0 0 0.2 0 0 0 0 0 0 0 0 0 0 0 0 0 0 0 0 0 0.4 0 0 0 0 0 0 0 0 0 0 0 0 0 0 0 0 0 0 0 0 2.8000000000000003 0 0 0 0 0 0 0 0 0 0 0 0.2 0 0 0.2 0 0.2 3.2 0.6000000000000001 0 0 0 0 0 12.8 0 0 0 0 0 0 0 0 0 0 0 0 0 0 0 0 0 4.800000000000001 0 0 0 0 0 0 0 0 0 0 0 0 0 
 25 7.800000000000001 67.60000000000001 57 31.8 29.6 33 23.400000000000002 70.4 29.6 141 38.800000000000004 25 41.400000000000006 109.80000000000001 16.2 0 33.2 11.200000000000001 9.4 0 0.4 0.2 0 0 0 0 0.4 0.8 0 0.6000000000000001 0 0 0.4 0 0 0.4 0 0.6000000000000001 15.8 0 0 0 0.4 4.6000000000000005 0 0 0 12.200000000000001 0.4 0 0.2 0 0.4 0.6000000000000001 0.6000000000000001 0 0.4 0 0 0 0.4 0 0 0 0 0.6000000000000001 0.4 0 0 0 0 0.6000000000000001 0 0 0 0.6000000000000001 0.4 7.4 0.4 2.6 4.6000000000000005 0 10.4 5 2.8000000000000003 0 0 1.2000000000000002 0 2.2 1.6 0 2 0 4.800000000000001 0.2 0 0 0 0 9 0.2 0 0 0 0 0 0 0 0 0 10.600000000000001 3.2 0 0 0 0 6 6 0 0 0 0 0 0 0 0 2.6 0 0 0 0 0 0 0 0 0 0 0 0 0 0 1.2000000000000002 0 0 0 0 0 0 0 0 0 0 0 0.2 0 0 0 0 3 0 5.800000000000001 5 4.6000000000000005 10.8 0 0 2.8000000000000003 2 2.4000000000000004 5.4 2 0.4 4.2 2.4000000000000004 4.2 3.8000000000000003 2.4000000000000004 2 1.6 0 0 0 0 0 7.4 0 0 0 0 0 4.2 3 0 0 0 0 0.2 1.8 0 0 0.4 0 1.6 0 0 0 0 0 0 0 0 0 0 0 0 0 0 0.2 0 0 0 0 0 0.2 0 0 0 0 0 0 0 0 0 0 0 0.2 0 0.2 0 0 0 0 0 1.2000000000000002 0.4 0.2 17 18 0 1.8 2.2 0 0 0 0 0 0 0 0 0 0 0 0 0 0 0 0 0 0 0 0 0 0 0.8 0 5.800000000000001 0 0 0 0 0 0 0 0 0 0 0 0 
 5 20.200000000000003 8.8 83.2 10.4 59.6 67.8 25.400000000000002 46.6 18.2 68 24.400000000000002 41 26.8 10.600000000000001 30.8 33.2 0 49.800000000000004 59.6 0 0.6000000000000001 0 0 0 0 0 0.4 0.4 0 0.6000000000000001 0.2 14.8 0.4 0 0.4 0 0 0.4 29.200000000000003 0 0 0.4 0.4 0.6000000000000001 0.2 0.4 0 0 0.4 0 0.6000000000000001 0 0.4 0.4 1.2000000000000002 0 0 0 0 0 0 0 0 0 1 0.4 0.4 0 0 0 1.2000000000000002 0.6000000000000001 0 0.2 0 0.6000000000000001 0 1 0.4 0.4 5.2 11.4 2.4000000000000004 5 0 0 7.800000000000001 0 4.800000000000001 5.4 9.4 0.2 0 5.4 0 3.6 10 0 3.6 3 2.4000000000000004 0 0 0 0 0 1.4000000000000001 0 0 0 0 5 10 2 7.2 0 0 3.8000000000000003 2.8000000000000003 0 0 2 0 1.8 0 0 0 0 0 0 0 0 0 0 0 0 0 0 0 0 0 0 0 0 0 0 0 0.8 0 0 0 0 0 0 1.2000000000000002 0 0 0 0 0 2.8000000000000003 0 0 4.2 3.2 0 6.4 0.4 2.2 8.8 5.2 0 5.2 3.6 7.800000000000001 6.800000000000001 3.6 0 2.2 6.4 0 0 0 0 0 2.6 2.6 0 0 0 0 2 0 0 0 0 0 3.2 0 0 0 0 0 0 0 0 0 0 0 0 0 0.2 0 0 0 0 0 0 0 0 0 0 0 0 0 0 0 0 0.2 0 0 0 0 0 0 0 0 0 0 0 0 0 0 0 1.2000000000000002 0.6000000000000001 0 1.4000000000000001 3 2.4000000000000004 1.8 3.6 0 0.2 0 0 0 0 0 0 0 0 0 0 0 0 0 0 0 7.6000000000000005 0 0 2 0 0 3.8000000000000003 0 0 0 0 0 0 0 0 0 0 0 0 0 
 10.200000000000001 7.4 10.600000000000001 61.400000000000006 26.6 55.400000000000006 7 54.800000000000004 64.4 16.8 24 8 37.2 32.800000000000004 25 9.8 11.200000000000001 49.800000000000004 0 115 0.2 0.4 0 0 0 0 0 0.6000000000000001 0.2 0 0.6000000000000001 0 0 0 0 0 0 0 0.8 0.4 0 0 0.6000000000000001 0.4 0.6000000000000001 0 0 0 0 0.4 0 0.6000000000000001 0 0.4 0.4 0.6000000000000001 0 0.4 0 0.2 6 0 8 0 0 0 0.4 1.4000000000000001 0 0.6000000000000001 0 0 0.6000000000000001 0 1.8 0 0.6000000000000001 0 0 0.8 0 0 0.4 0 0 0 0 3 7 0.2 0 0 12.4 1.6 2.2 0 0 0 5.6000000000000005 1.2000000000000002 0 0 0 1.8 0 0 0 0 0 0 0 0 0 0 0 0 0 0 0 0 0 0 0.2 0 0 0 0 0.2 0 0 0 0 0 0 0 0 0.2 0 0 0.2 0 0 0 0 0 0 0 0.4 0 0 0 0 0.4 6.6000000000000005 1.2000000000000002 0 0 0 0.4 0 3.6 3.8000000000000003 0 0 0 0 2.8000000000000003 0 3 0 0 0 2.4000000000000004 6.800000000000001 2.2 0.2 1.6 0.2 0 0 0 0 0 0 0 0 0 0 0 0 0 0 0 0 0 0 0 0 0 0 0 0 0 0 0 0 0 0 0 0 0 0 0 0 0 0 0 0 0 0 0 0 0 0 0.4 0 0 0 0 0.2 0 0 0 0 0 0 0 0 0 0 0 0 0 0 0 0.4 0 0.4 0.8 0.4 0 1 0 0 0 0 0 0 0 0 0 1.2000000000000002 0 0 0 0 0 0 0 0 0 0 0 0 0 0 0 0 0 0 0 0 0 0 0 0 0 0 0 0 
 21.400000000000002 50.400000000000006 7.4 11.8 15.600000000000001 17.6 36.4 16 55.6 16 16.2 4.6000000000000005 58.6 16.8 17.400000000000002 25 9.4 59.6 115 0 0 0.2 1.4000000000000001 0.8 0.8 0.6000000000000001 1 0 0.8 0 1.2000000000000002 41.6 0 0.8 0.2 0.2 0.6000000000000001 0.4 0.4 0.4 0 0 0.4 0.8 1 0 0 0 0 0.8 0.6000000000000001 0.6000000000000001 0.4 0.8 0.4 1.4000000000000001 0.4 0 0 0.2 0 0 6.4 0.4 0.6000000000000001 0 0.4 0.4 1 0.4 0.6000000000000001 1.6 1.8 0 1.4000000000000001 0.6000000000000001 0.6000000000000001 0 0 0.4 4.6000000000000005 3 6.800000000000001 0.4 0 0.6000000000000001 3.8000000000000003 7.2 5 2.2 2.2 0 8.4 0 2.4000000000000004 0 0 3.2 8 8.200000000000001 0 0 0 0 0 0.2 0 0 0 0 0 0 0 0 0 0 0 0 0.4 0 0 0 0 0 2.4000000000000004 0 0.2 0 0 0 0 0 0.4 0 0 0 0 0 0 0 0 0 0 0 0 0 0 0 0 0 0 0 0 0 0.6000000000000001 0 0 0 0 0 4.800000000000001 4.2 0 0 0 0 2.2 3.8000000000000003 2.8000000000000003 0.2 0 0 1.4000000000000001 2.2 0 2.2 0.6000000000000001 0 0 2.8000000000000003 0 0 0 0 0 0 0 0.2 0 0 4 0.2 0 0 0 0 0 0 0 0 0 0 0 0 0 0 0 0 0 0 0 0 0 0 0 0 0 0 0 0 0 0 0 0 0 0 0 0 0 0 0 0 0 0 3.6 0 0 0 0 0 0 0 0 0 0 0 0 0.4 0.2 0.6000000000000001 0.2 2.8000000000000003 0.4 0 0 0 0 0 0 0 0 0 0 0 0 0 0.2 0 0 0 0 0 0 0.2 0.2 0 1.8 0 0 0 0 0 0 0 0 0 0 0 0 0 
 0.4 0.4 0 0 0.4 0 0 1.2000000000000002 0 0 0 14.8 0 0.8 0.2 0 0 0 0.2 0 0 18.2 66.8 40.2 48.2 6.4 30.200000000000003 33.2 27.6 8.4 13.8 7.800000000000001 27 13 63 24 38.6 22.8 29 23.8 0 0 0.4 12.8 0.6000000000000001 0 0.6000000000000001 0 0 0 1 1.2000000000000002 0 0.6000000000000001 1.8 0 0 0.4 14.600000000000001 12.8 0 0 0 0 0.4 1.4000000000000001 0 1.4000000000000001 0 1.2000000000000002 1 0 0.2 0 0 0 1.6 1.2000000000000002 0 0 0 0 0 0 0 2.2 0 0 0 0 0 0 0 0 0 0 0 0 0 0 2.4000000000000004 0.2 2.2 1.8 4.2 1 10 1.8 1.6 3.4000000000000004 2.2 3.4000000000000004 0 1.8 0 2 5.800000000000001 5.4 0.2 0 0 0 0 0 0 0 0.2 0 2.2 0 0 0 4.2 0 0 0 0 0 0 0.6000000000000001 0 0 0 0 0 0 0 0 0 0 0.2 0 0 0 0 0.4 0 0 0.2 0 1.4000000000000001 0 0 0 0 0 0 0 0.6000000000000001 0 0 0 0 0 0 0.2 0 0 0 0 3 4 0 0.2 2.4000000000000004 0 0 2.4000000000000004 4.4 3.6 0 0 4.6000000000000005 2 2.6 2.4000000000000004 9.4 4 3.2 0 0 0 0 0 0 0 0 0 0 0 0 0 0 0 0 0 4.6000000000000005 0 0 0 0 1.4000000000000001 0 0 0 0 0 0 0 0 0 0 0 0 0 0 0 0 0 0 0 0 0 0 0 0 0 0 0 0 0 0.2 0 0 2.8000000000000003 0 0 0.2 8 0 3.6 0 5.2 0 0 0 0 0 0 0 0.6000000000000001 0 0 0 0 0 0 0 0 2.4000000000000004 0 0 0 0 0 1.6 0 0 0 0 
 0.4 0.2 0 0.2 4.4 15.4 0.2 0.2 0.2 0 25 14.8 0.2 0.4 0 0.8 0.4 0.6000000000000001 0.4 0.2 18.2 0 20.200000000000003 15.4 24.8 13.200000000000001 98 15.4 14.8 70 23.6 21.400000000000002 55.800000000000004 51.2 67 7.2 50.800000000000004 6.800000000000001 21.400000000000002 28.400000000000002 0.4 0 0.2 0.6000000000000001 2.2 0 13.8 0 0 0 2.2 0 0 0.6000000000000001 0 0 0.4 0 0.2 13.200000000000001 0 0 0 0 0.2 0 0 0 0 0 0.6000000000000001 0 0 0 0 0 0.4 0 0 0 0 0 0 0 0 10.200000000000001 0 0 0 0 2.8000000000000003 0 0 0 0.4 0 0 0 0 0 0 9 6.6000000000000005 6 0 2.8000000000000003 3.6 0 3.8000000000000003 2.8000000000000003 11.200000000000001 3.6 0 3.8000000000000003 1.2000000000000002 0.2 9.200000000000001 6.800000000000001 0 8.200000000000001 0 0 0 0 0 0 0 4 0 0 0 0 0.8 0 0 0 0 0 0 0 0 0 0 0 0 1.4000000000000001 0 0 0 0 0 0 0 0.2 0 0 0 2.4000000000000004 0 0 0 0 0 0.8 2.4000000000000004 0 0 0 0 0 0 0 0 2.6 0 1.4000000000000001 0 0 0 0 0 4.2 2.4000000000000004 2.8000000000000003 0 0 0 0.6000000000000001 0.8 0.2 6.800000000000001 0 4.2 0.2 1.8 0 0 0 6.4 4.800000000000001 0.2 3.8000000000000003 0 0 0 0 0 0.2 0 0 0 0 0 4 0 0.2 0 0 0 3 0 0 0.4 0 0 0 0 0 0 0 3.6 0 0 0 0 0 0 0 0 0 0 0 0 0 0 0 14.8 0 0 0 0 0 0 0 3.4000000000000004 0 0 0.2 0.2 0.4 0.4 0 0 0 0 0 0 0 0 0 0 0 0 0 0 0 0 0 0 0 0 0 0 0 0 0 0 0 0 0.2 
 0 0.4 0 0.2 0.4 13.4 0 0.6000000000000001 0 0.4 0.2 0.2 0 2.2 0 0 0.2 0 0 1.4000000000000001 66.8 20.200000000000003 0 29.400000000000002 11.8 9 26.8 26 51.6 23.6 51.800000000000004 20.400000000000002 51.2 41.2 19.400000000000002 26.6 36.2 36.2 12.8 8.200000000000001 0 0 0.2 13 0.6000000000000001 0 0.6000000000000001 0 1.4000000000000001 1 0.6000000000000001 0 0 1.6 0.4 0 0 0.4 0.2 42 0 0 0 0 0 0 0 0 0 0 0.6000000000000001 0 0 0 1.8 0 0.4 0 0 0 0 0 0 0 2.2 2.6 0 0 0 0 0 0 0 0.2 0 0 0 0 0 0 0 0 2.4000000000000004 0 0.2 0 0.6000000000000001 3.6 4.4 0.6000000000000001 0.8 2.6 0 0.4 2.2 11.8 0.6000000000000001 0 6.4 0.2 0 3.2 0 0 0 0 0 0 0 0 0.2 0 0.2 0 6 0 0 0 1.8 2 0 0 0 0 0 0 0 0 0 0 0 0 2.2 0 0 0 0 1 0.8 0 0 0 0 0 0 2.8000000000000003 0 0 0 0 0 0 0 0 0 0 0 0 3.8000000000000003 0 0 2.6 2.4000000000000004 2 8.4 0 2.2 2.2 4.4 0.2 0 0 2.4000000000000004 2 0 0.8 1.4000000000000001 11.600000000000001 0 0 0 0 0 0 0 0 0 1.6 0 0 0 3 4.800000000000001 0 0 0 0 0.4 2.8000000000000003 0 0 0 0 0 0 0 0 0 0 0 0 0 0 0 0 0 0 0 0 0 0 0 0 0 0 0 0 0 0 0 0 0 0 0 2.8000000000000003 0.4 0.8 16.6 0 0.4 0.2 0.8 0 0 0 0 0 0 0 0 0 0 0 0 0 0 0 0 0 0 0 1.6 0 0 0 0 0 0 0 0 
 0 0 0.6000000000000001 0 0.4 0 0 1 0 1.8 0 0.2 0 0.6000000000000001 0 0 0 0 0 0.8 40.2 15.4 29.400000000000002 0 24.200000000000003 5.2 22 22.200000000000003 35.4 43.800000000000004 11.200000000000001 28.6 31.200000000000003 48.2 9.8 23 25.400000000000002 21.200000000000003 15.8 23.400000000000002 0 0 0 0.8 0.4 0 0.6000000000000001 0 1.8 0 0.6000000000000001 0.2 0 0.6000000000000001 1.4000000000000001 0.4 0 0 0.4 1 0 0.2 0 0 0 0 0 0 0 0.4 0.6000000000000001 0 0 0 4 0 0.4 0.2 0 0 0 0 0 0 0 0 0 0 0 0 0 0 0 4.6000000000000005 0 0 0 0 0 0 0 4 2.4000000000000004 3.2 3.8000000000000003 11.8 0 0 2.6 0 2.6 7.800000000000001 0 0.2 0 13.200000000000001 0 0 0 0 0 0 0.4 0 0 0 0 0.4 0 0 0 0 3.4000000000000004 0 0 0 0 0 2 7.800000000000001 0 0 0 0 0.2 0 0 0 0 0 0 0 0 0 0 0 0 0 0.6000000000000001 0 6.6000000000000005 0 1.2000000000000002 0.4 0 0 0 0 3 0 0 0 0 0.2 0 0 0 4.2 0 0 0 0 0 0 3.8000000000000003 0 0 0 1.8 3.2 1.4000000000000001 2.4000000000000004 0 4.2 0 7.4 8 7.6000000000000005 0.2 0 0 1.4000000000000001 0 0 0 0 1.8 0 0 0 0 0 9.8 0 2.4000000000000004 0 0 0 0.2 2.8000000000000003 0 0 0 0 0 0 0 0 0 4 0 0 0 0 5.800000000000001 0 0 0 0 0 0 0 0 0 0 0 0 0 0 0 0 0 0 0 2.2 0 0 31.400000000000002 22.8 0 0.4 0.4 0 0 0 0 0 0 0 0 0 0 0 0 0 0 0 0 0 2.8000000000000003 0 0 0 0 0 0 0 0 0 0 
 0.2 0 15.4 0 0.4 0.8 0 0.6000000000000001 0 0.4 0 0 0 0 0 0.2 0 0 0 0.8 48.2 24.8 11.8 24.200000000000003 0 41.2 14.8 35 27.6 21.400000000000002 29.6 17.6 14.4 58.800000000000004 12.8 13.4 11.600000000000001 8.6 17.400000000000002 14.8 12.4 0 0.8 5.2 0.4 1 1 0 0 0.6000000000000001 0.8 0.8 0 15.200000000000001 0.4 0 0.4 0.4 13.4 0.2 2.2 0 0.4 0.4 0 0 0 0 1 0 0.6000000000000001 1.2000000000000002 0 0 0 0 0.4 0.6000000000000001 0 0.4 0 0 0.4 0 0 0 0 0 0 0 0 0 0 0 0 0 0 0 0.2 0 0 0.2 0 0 2 6.2 0 0 0 2 0 6.6000000000000005 0 0 0 0 2 0 0 0 3.6 0 0.4 1.4000000000000001 0 0 2.8000000000000003 3.6 2.2 0.6000000000000001 0 1.6 3.2 0.4 6.2 0 1.4000000000000001 0 2 5 0 0 0 0 0 0 0 0 0 0 0 0 0 0 0 0 0 0 1.2000000000000002 0 0 0 0 2 0 0 0 0 0 0 0 0 0 4.4 0 1.2000000000000002 0 0 0 0 0 0 1.8 0 7.4 5 0 0 2.8000000000000003 4.4 9.200000000000001 2.8000000000000003 0 1.8 0 0.2 0 3.8000000000000003 0 0 4 7.800000000000001 0 2.8000000000000003 0 0 4 2 2.8000000000000003 0 0 0 9.8 2.6 0.2 2.6 0.2 1.2000000000000002 8 5 0 0 0 0 0 0 0 0 0 0 0 0 0 0 0 0 0 0 0 0 0 0 0.2 0 0 0 0 0 0 0 0 0 0 0 4.2 0 0.6000000000000001 0.6000000000000001 15 0 2.4000000000000004 0 0 0 0 0 0 0 0 0 0 0 0 0 0 0 0 0 0 0 0 0 0.2 0 0.4 0 0 0 0 0 
 0.2 0.4 0 0 0 0 0 1.2000000000000002 15.200000000000001 0 0 0 0 0.8 0 0.8 0 0 0 0.6000000000000001 6.4 13.200000000000001 9 5.2 41.2 0 90 6 23 26.8 21 42 6.4 54.2 15.8 10.600000000000001 57.2 8 7.800000000000001 10.600000000000001 0 0 5.6000000000000005 0.6000000000000001 0.4 0 31.8 0 12.4 1.2000000000000002 0.6000000000000001 0 7.2 17.400000000000002 0 13 13.600000000000001 0 12.600000000000001 18.6 0 0 0 0 0 0 0 0 0 0 0.6000000000000001 0.2 0 0 0 0 0.4 0 0 0 0 0 0 0 0 0 0 0 0 0 0 0 0 0 0 0 0 0 0 0 0 0 3 4.6000000000000005 6.4 6 0 0.2 0 5.6000000000000005 0 5.6000000000000005 0 0 0 0 1.6 3.8000000000000003 0 0 0 0.2 1.8 2 1.2000000000000002 0 4 2.4000000000000004 1.4000000000000001 4 1.8 2.4000000000000004 2.6 0 0.4 6.6000000000000005 3.4000000000000004 0.2 3 2.8000000000000003 0 0 0 0 0 0 0 0 0 0 0.4 0 0 0 0 0 0 0.2 2 0 0 0.8 0 0.2 0 0 0 0 0 0 0 0 0 0.2 0 0.6000000000000001 0 0 0 0 0 0 2.2 2 3.6 6.800000000000001 0 0 0.2 0.8 3 1.2000000000000002 0 0 0.4 0 0 2.8000000000000003 0 0 3.6 5.6000000000000005 0 2 0 0 3.2 0 0.4 0 0 1.8 0 12.4 0 0 4.2 5 2.6 7.4 0 0 0 0 0 0 0 0 0 0 0 0 0 0 0 0 0 0 0 0 0 0 1.8 0 0 0 0 0 0 0 0 0 0 0 1 0 0 0 0.2 0 2.8000000000000003 0 0 0 0 0 3.2 0 0 0 3.4000000000000004 0 0 0 0 0 0 0.2 0 0 0 4.6000000000000005 0 0 0 0 0 2.8000000000000003 0 0 
 0 14.8 0 0.4 47.400000000000006 0.2 0 0 0 14.8 4.2 0.4 0 0.6000000000000001 0 0 0 0 0 1 30.200000000000003 98 26.8 22 14.8 90 0 43 69.4 53.400000000000006 62 6.4 26 81 32 46.2 91.60000000000001 7.2 12.200000000000001 14.600000000000001 0.6000000000000001 0.6000000000000001 0.6000000000000001 0.6000000000000001 0.8 0 1 0 0.4 0.6000000000000001 0.6000000000000001 0 0 0.8 0 0 0 0 0.2 0.2 0 0 0 0 0 0.6000000000000001 0 0 0 0.4 0.6000000000000001 0 0.4 0 0.2 0 0.8 0 0 5.4 0 0 0 0 0 4.2 0 0 0 0 3.4000000000000004 3 0 0 0 0 2.8000000000000003 0 0 0 6.2 1 2 2.6 5.2 2.4000000000000004 5.800000000000001 0 10 2.6 9.4 4.2 0 4.2 3 0 0.4 1.4000000000000001 0 4.2 0 0 0 0 0 0 0 0 0 0 0 0 0 0 0 0 0 0 2 2 0 0 0 0 0 0.2 0 0 0 0 2.8000000000000003 0 1.2000000000000002 0 0 0 0 0 0 0 0 0 0 0 3.8000000000000003 0 0.8 0 0 0 0 0 0 0 0 0 0 0 0 0 2.8000000000000003 0 1.2000000000000002 4 5.6000000000000005 0 5 3.4000000000000004 0 5 1.4000000000000001 2.4000000000000004 0.2 2.8000000000000003 10.4 10.4 0 2 1.8 0 0 0 0 0 0 0 0 0 0 0 0 0 0 0 0 0 0 0 0 2.4000000000000004 0 0 0 0 0 0 0.2 0 0 0 0 0 0 0 0 0 0 0 0 0 0 0 0 0 0 0 0 0 0 0 0 0 0 2.2 0.4 0.4 0 0.4 0 0.8 0 0 0.4 0 0 0 0 0 0 0 0 0 0 0 0 0 0 0 0 0 0 0 0 0 0 0.6000000000000001 0 0 0 0 
 0.4 0.4 0.2 0.4 0.8 0.2 0.2 21.400000000000002 0.2 0.4 0.4 0.4 0.4 0.2 0.4 0.4 0.4 0.4 0.6000000000000001 0 33.2 15.4 26 22.200000000000003 35 6 43 0 30.8 22.400000000000002 28.6 5.2 19 37.2 30.6 27.400000000000002 49.6 42 14.8 13.8 0 0 0 0.8 0.6000000000000001 0 1 0 0 0 0.6000000000000001 0 0.6000000000000001 0.6000000000000001 0 0 0 0 0.2 12.600000000000001 0 0 0 0.4 0 0.2 0 1 0 0 0.6000000000000001 1 0.2 0 1 0 0.4 0 0 0 0 0 0 0 0 0 0 0 0 0 0 0 0 0 0 0 0 0 0 0 2.6 7.6000000000000005 2.4000000000000004 2.4000000000000004 1.8 6 0 0 2.2 2.2 3 3.2 0 0 0.2 0 0 0.2 0 0 2.2 0 0 0 0 0 0 0 0 0 0 0 0 0 0 0.2 0 0 2.6 8.4 0 0 0.2 2.2 0 0 0 0 0 0 0 0 0 0 0 0 0 0 0 0.2 0 0.6000000000000001 0.4 0.6000000000000001 0 2.8000000000000003 0 0 0.8 0 0.8 0 0 7 0 1.2000000000000002 0 0 0 0 2.6 0 9.600000000000001 1.6 2.6 0 0 2.6 3.4000000000000004 2.2 16.2 2.4000000000000004 0 2 2 7.4 2 0 0 0 0 0 0 0 0 0 0 0.2 0 0 0 0 0 0 0.8 0 0 0 0 2 0 0 0 0 0 0 0 0 0 0 0 0 0 0 0 0 0.2 0 0 0 0 0 0 0 0 0.4 0.4 0 0 0 0 0 0 0 0.4 0 0 17.8 1.2000000000000002 0 0 0.2 0 0 0 0 0 0 0 0 0.2 0 0 0 0.2 0 0 0 0 0 0 0 0 0 0 0 0 0 0 0 
 0.2 0.6000000000000001 0.8 0.6000000000000001 1 1.4000000000000001 0.6000000000000001 1.6 0.4 0.8 0.6000000000000001 0.4 0.4 0.4 0.6000000000000001 0.4 0.8 0.4 0.2 0.8 27.6 14.8 51.6 35.4 27.6 23 69.4 30.8 0 77 48 93.2 26.8 31.200000000000003 40.6 14.4 11.600000000000001 69.8 17.400000000000002 10 0 0 16.2 0.6000000000000001 0.4 0 0.6000000000000001 0 0 0 0.6000000000000001 0 0 0.6000000000000001 0 17.8 0 0 0.2 0 0 0 0 0.8 0 5.4 0 0 0 0 0.6000000000000001 0 0 0 0.4 0 0.4 0 0 0 0 0 0 0 0 0 0 0 0 0 0 0 0 0 0 0 0.4 0 0 0 6.6000000000000005 3 10.200000000000001 0.4 1.4000000000000001 7.800000000000001 2.6 0 7 2 8.4 5 0 0 1.8 2.6 0 0 0.2 2.4000000000000004 0 0 0 0 0 0 0 0 0 0 0.2 0 0 0 0 0 0 0 1.4000000000000001 4.6000000000000005 0 0 0 0 0 0 0 0 2 0 0 0 0 0 0 0 0 0 0 0 0 0 0.8 0.4 0 2.6 0 0 0.4 0 0 0 0 0.4 0 1 0 0 0 0 2.2 0.2 6.2 1.8 4 0 3 2.6 7 4 4.6000000000000005 4 0 5 2 7.800000000000001 0 2 0 0 0 0 0 0 0 0 0 0.8 0 0 0 0 0.4 0 0 0 0 0 0 3 0 0 0 0 0 0 0 0 0 0 0 0 0 0 0 0 0 0 0 0 0 0 0 0 0 0 0 0 0 0 0 0 0 0 1.8 0.2 0 9.4 0.6000000000000001 0.2 1.6 0 0 0 0 0 0 0 0 1 0 0 0 0 0 0 0 0 0 0 0 0 0 0 0 0 0 0 0 0 
 0 0.2 0 0 0.4 0 0 0 0 0.6000000000000001 0 0 0 0 0 0 0 0 0 0 8.4 70 23.6 43.800000000000004 21.400000000000002 26.8 53.400000000000006 22.400000000000002 77 0 103.80000000000001 23.6 15.4 41.6 76.60000000000001 12.600000000000001 84.60000000000001 49.2 31.400000000000002 16.400000000000002 0 0 0.6000000000000001 1.2000000000000002 1 0 16.2 0 1.2000000000000002 0.6000000000000001 10.4 0.4 0.4 1 1 0 0.4 0 0.6000000000000001 0.6000000000000001 0 0 0 0 0.2 0.2 0 0 0.4 0 0.6000000000000001 1.8 0.2 0 0 0 0.4 0.8 0.2 0.8 0 0 0 0 0 0 0 0 0 0 0 0 0 0 0 0 0 0 0 0 0 0.4 2.8000000000000003 0 0.2 6.6000000000000005 0 3 3.6 4.6000000000000005 3.6 3 2.2 5.4 2 3.6 10.8 8 0 0 0 3 0.4 0 0 0 0.2 2 0 0 0 0 7.6000000000000005 2.2 0 0 0.8 0 3.4000000000000004 1.2000000000000002 0 0 0 0 0 1.6 0 0 0 0 0 0 0 0 0 0 0 0 0 7.6000000000000005 0 0 0.2 1.8 0 0 0 0 0 0 0 0 0 1 0 1.2000000000000002 0 0 4.2 0 0 1.8 2 5.800000000000001 6 0 0 0 3.4000000000000004 2.8000000000000003 1.4000000000000001 2.2 3.8000000000000003 0.2 2.6 0.2 3.6 0 0 0 0.2 3.2 0 0.2 0 0 0 1.8 0 0 0 0 0 0.2 0 0 1.8 0 5.4 0 0 0 0 0 0 0 1.8 0 0 0 0 0 0 0 0 0 0 0 0 0 0 0 0 0 0 0 0 0 0 0 0 0 0 0 2.8000000000000003 0 0 0.4 16 0 2 0 0 0 0 0 3.2 0 0 0 0 0 0 0 0 0 0 0 0 0 0 0 0 0 0 0 4.6000000000000005 0 0 0 
 0.6000000000000001 0.8 0.4 0.4 15.600000000000001 1.2000000000000002 0.4 1 0.6000000000000001 0.6000000000000001 0.6000000000000001 0.6000000000000001 0.6000000000000001 2.8000000000000003 0.6000000000000001 0.6000000000000001 0.6000000000000001 0.6000000000000001 0.6000000000000001 1.2000000000000002 13.8 23.6 51.800000000000004 11.200000000000001 29.6 21 62 28.6 48 103.80000000000001 0 27.6 20.8 63.800000000000004 41 13.600000000000001 66 22.8 21 8.8 0 0 0 0.6000000000000001 0.4 0 13.200000000000001 0 2 1.2000000000000002 0.6000000000000001 0 0 3.4000000000000004 0.4 0 0 0 1 56.6 0 0 0 0 0 0 0 0 0 0 0.6000000000000001 0 0 0 0 0 0.4 0 0 0 0 0 0 0 0 0 0 0 0 0 0 0 0 0 0 0 0 0 0 0 6.800000000000001 0.2 6 8 3.8000000000000003 3.2 2.8000000000000003 2 7 4.2 1.4000000000000001 6.4 0 3.8000000000000003 2.4000000000000004 4 5.6000000000000005 2 0.4 0 0 0 0 0 0 0 0 0 0 0 0.2 0 0.2 0 0.2 0 0 0 2 1.8 0 0 0 0 0 4.4 0 0 0 0.6000000000000001 0 0 0 0 0 0 0 0 0 0 0 0 0 1.4000000000000001 4 2.8000000000000003 0 0 0 0 0 2.8000000000000003 0 1 0 1.4000000000000001 0 0 0.4 0 3.2 0.2 8.4 8.6 4.800000000000001 0 0 6.2 4.2 3.4000000000000004 3.6 0 0 2.4000000000000004 1.8 2.8000000000000003 0 8.8 2 0 0 3.6 0 0 0 0 0 0 0 0 0 0 0.4 2.8000000000000003 0 0 0 0.4 0 3 0 0 0 0 0 0 0 0 0 0 0 0 0 0 0 0 0 0 0 0 0 0 0.2 0 0 0 0 0 0 0 0 0 0 0 2.2 0.4 0.2 15.8 0.2 0.4 0.6000000000000001 0.2 0 0 0 0 0 0 0 0 0 0 0 0 0 0 0 0 0 0 0 1.8 0 0 0 0 0 0 0 0 
 0 0.4 0 0 0.4 1.2000000000000002 0 0 0 0 0 0 0 0.2 0 0.4 0 0.2 0 41.6 7.800000000000001 21.400000000000002 20.400000000000002 28.6 17.6 42 6.4 5.2 93.2 23.6 27.6 0 11.8 8.4 8.6 46.800000000000004 73.4 27.400000000000002 7.800000000000001 7.4 12.600000000000001 0 0.4 0.6000000000000001 0.6000000000000001 0 5 0.2 0.2 0.2 0.6000000000000001 0 0 1 0 0 0.8 0 12.600000000000001 16.2 0 0 0 0 0 0 0 0 12 0 0.6000000000000001 0 0 0 0 0 0.4 0 0 0 0 0 0 0 0 0 0 0 0 0 0 0 0 0 0 0 0 0 0 0.2 0 0 2.4000000000000004 7 1.6 3.2 0 0 0 8 0 4 0 0 0 0 1.2000000000000002 5 0 0 5.2 19.200000000000003 0 0 0 0 2.4000000000000004 14.4 0 0 0 0 4.6000000000000005 5.2 5.2 0 3.2 0 2.6 0 0 0 0 0 0 0 0 0 0 0 0 0 0 0 0 0 0 2 0.2 0 0 0 0 0 0 0 0 0 0 0 0 0 0 0 0 0 0 0 0.4 0 0 0 4.4 5 2.4000000000000004 0 0 0 0 0.4 5.2 5 0 0 0 0 2 3 0 0 4.2 3.8000000000000003 0 0 0 0 2.2 8.6 3.6 0 0 0 3 3.8000000000000003 2.8000000000000003 0 2.6 0.2 3.2 2 0 0 0 0 0 0 0 0 0 0 0 0 0 0 0 5.800000000000001 0 0 0 0 0 0 1.6 0 0 0 0 0 0 0 0 0.2 0 0 0 0.4 0.4 8.4 0 0 3.6 1.8 0 0 0 0 1 0 0 0 0 0 0 0 0 0 0 0 0 0 0 1.4000000000000001 0 0 0 0 3 0 0 0 
