 0 21 58.400000000000006 8.8 6.2 50.2 12.600000000000001 47.6 17 39.800000000000004 13 51.6 9.600000000000001 78 29 24.8 56.400000000000006 7.4 9.600000000000001 47.400000000000006 0.4 0.2 0.8 0 0 0.8 0.4 0 0.6000000000000001 0 0 0 0 0.4 0 0 0.6000000000000001 0 0 0.2 0 0 0 0 0 0.4 0 0.4 0 0.4 0 0 0.4 0 0 0.4 0 0 0.6000000000000001 1 0 0 0 0 0 0 0 0.4 0 0.6000000000000001 0 9.600000000000001 0 0 0 0 0 0 0.6000000000000001 0 0 7.4 6.6000000000000005 0 0 0 6.6000000000000005 6.2 1.4000000000000001 0 3.4000000000000004 1.2000000000000002 4.4 0 11.4 7.6000000000000005 3.8000000000000003 5.800000000000001 0 3.2 0 0 0 0 0 0 0 3 0 0 0 0 0 0 0 0 0 0 0 0 0 0 0 0 0 0 0 0 0 0 0 0 0 0 0 0 0 0 0 0 0 0 2 0 9.4 0.4 0 0 0 0 0 0 0 0 0 0 0 0 3 0 3.2 8.6 0 3.8000000000000003 0 0 7.4 6.800000000000001 0 3.2 10.8 0 3.8000000000000003 10.8 7.2 2.2 4.2 3.4000000000000004 2.4000000000000004 2.4000000000000004 0 0 0 0 0 0 0 0 0 0 0 0 0 0 0 0 0 0 0 0 0 0 0 0 0 0 0 0 0 0 0 0 4 0 0 0 0 0 0 0 0 0 0 0 0 0 0 0 0 0 0 0 0 0 0 0 0 0 0 0 0 0 0 0 0 0.4 17.8 0.4 0.4 0.2 0 0 0 0 0 0 0 0 0 0 0 0 2.6 0 0 0 0 0 0 0 0 0 0 0 0 0 0 3 0 0 0 0 0 0 0 0 0 0 0 0 
 21 0 81.2 55.2 7 10.8 35 24.6 40.2 19.8 69.2 7.4 10.600000000000001 73.60000000000001 9.8 9.600000000000001 29.200000000000003 16.6 58.400000000000006 71.60000000000001 0.6000000000000001 0.4 0.6000000000000001 0 8.6 0.6000000000000001 0.6000000000000001 0.4 0.6000000000000001 0.4 0.4 0.2 0.2 0 1.2000000000000002 0.4 0.6000000000000001 0.6000000000000001 0 1 0 0 0 0 0 1 0 0 0.4 1.2000000000000002 0 0 0.4 0 0.6000000000000001 0.2 0 0 0.6000000000000001 0.8 0 0 0 0.4 0 0.4 0.6000000000000001 2 0.6000000000000001 7 0.4 0.4 0 0 0.4 0 0 0.4 0.6000000000000001 0 0 2.4000000000000004 0 0.8 4.4 1.4000000000000001 0 0.2 9.200000000000001 2.6 11 6.6000000000000005 4 0 0 0 5.6000000000000005 0.2 0.2 0 0 0 0 0 0 0 0 0 2 0 0 0 0 0 0 0 0 0 0 0 0 0 0 0 0 0 0 0 0 0 0 0 0 0 0 0 0 0 0 0 0 0 0 0 0 0.6000000000000001 0 0 0 0 0 0 0 0 0 0 0 0.2 0.4 0 0 0 8.4 2.8000000000000003 0.2 4 4.6000000000000005 0 0 2.2 1.6 3.2 4.4 2 6 0 17 3.4000000000000004 0 0 0 0 0.8 0 0 0 0 2.2 0 0 0 0 4.4 0 4 0 0 0 3.4000000000000004 0 0 0 0 0 0 0 4 0 0 0 0 0 0 0 0 0 0 0 0 0 0 0 0 0 0 0 0 0 0 0 0 0 0 0.4 0 0 0.4 0 0 0 0 0.4 0 0 0 0.4 0 0 18 0.4 0.4 3.6 0 0 0 0 0 0 0 0.4 0 0 2 0 0 0 0 0 0 0 0 0 0 0 0 2 0.6000000000000001 0 0 0 0 0 0 0 0 0 0 0 0 0 
 58.400000000000006 81.2 0 28.400000000000002 15 5.6000000000000005 49 84 41.800000000000004 33.4 40.800000000000004 17.8 50.2 42.2 9 28.200000000000003 5.4 62 26.400000000000002 45.2 0.6000000000000001 0 0.6000000000000001 0.4 0 1 0.2 0 0.6000000000000001 0 0 0.6000000000000001 0 0 0 1 0.6000000000000001 0 8 9.8 0 1.6 0 0.6000000000000001 0 2 0 0 0.4 0.8 0.6000000000000001 0 0.4 0 0 0.2 0 0 0.6000000000000001 0 0 0 0 0 10 0 0 0.4 0.4 0.4 0 0 0 0 0.4 0 0 0 0.6000000000000001 0 2 6.4 2.2 1.8 4 3 2.4000000000000004 0.2 5.4 0 2.2 6.6000000000000005 3 0 2.2 5 8.8 4.800000000000001 0.2 0.6000000000000001 0 0 0 0 0 0 0 0 0 0 0 0 3 0 2.2 0.4 0 0 1.6 0 0 0 0 0 0 0 0 0 0 0 0 0.4 0.2 0 0 0 0 0 0 0 0 0.4 0 0 0 0.8 0 0 0 0 0 0 0 0 0 0.2 0 0 0 0 0 0 6.800000000000001 0 6.6000000000000005 0 6.6000000000000005 7.6000000000000005 4.4 2.8000000000000003 7.4 0 3.2 3.4000000000000004 3.8000000000000003 4.2 2.6 3 0 0 0 0 0 0 0 0 0 3 0.2 0 0 0 0.2 0 3 0.2 0 0 5.4 0 0 0 0 0 0 0 0 0 0 0 0 0.4 0 0 0 0 2.6 0 0.4 0 0 0 0 0 0 0 0 0 0 0 0 0.2 0.4 0 0 0 0 0 0 0 0 3.6 0 0 0 0 0.4 0 0 0.2 0 3.4000000000000004 3.4000000000000004 0 0 0 0 0 0 0 0 0 1.6 0 0 0 0 0 0 0 0 0 0 0 0 2.4000000000000004 1.8 0 0 0 0 0 0 0 0 0 0 0 0 0 
 8.8 55.2 28.400000000000002 0 77.4 7.6000000000000005 75.2 52.6 71.2 29.200000000000003 14.600000000000001 30.8 94.80000000000001 34.6 32 25.8 7.2 27.8 17.2 55 0 16 0.4 0 0 0.6000000000000001 0.6000000000000001 0 0.6000000000000001 0 0 0 0.2 15.4 41.800000000000004 0 0.6000000000000001 0 0.2 6.6000000000000005 0 0 0 0 0 0.4 0 0 0 0.4 0 0 0.4 0 0 0.2 0 0 0.6000000000000001 0 0 0 0 0 0 0 0 0.4 0 0.4 0 0 0 0 0 0 0 0 1.2000000000000002 0 0 2.6 6 0 0 3.2 0 0.2 0 3.6 2.2 0 0 0 0.2 0 2.8000000000000003 0 0 0.6000000000000001 2.6 0.2 0 0 0 0 0 0 0 0 0 0 9.600000000000001 0 3.6 1.8 0.4 2.2 1 2.4000000000000004 0 0 0 0 0 0 0 2.4000000000000004 0 0 0 0 2.8000000000000003 0 0 0 0 0 0 0 0 0 0 0 0 0 0 0 0 0.6000000000000001 0 0 0 0 0 0 0 0 0 0 0 2 2.8000000000000003 0 3.6 2.8000000000000003 0 2.4000000000000004 4.6000000000000005 0 0 0 0.8 0 0 0.4 0 3.2 0 0 2.2 0 0 0 0.4 0 0 4 0 0 0 0 1.6 1.4000000000000001 3.8000000000000003 0 0 2.8000000000000003 2.2 0 0 0 0 0.4 0 0 0 0.2 0 0 0 0 0 0 0 0 2.4000000000000004 0 0 0 0 0 0 0 0 0.2 0 0 0 1.2000000000000002 0 0 0 0 0 0 0 0 0 0.2 0 0.2 0 0 0 1.2000000000000002 0.2 0 0.4 0.4 0 1 1.8 0 0 0 0 0 0 0 0 0 0 0 0 0 0 0 0 0 0 0 0 0 0 2.2 0 0 0 0 0 0 0 0 0 0 0 0 0 1.4000000000000001 
 6.2 7 15 77.4 0 37 32.800000000000004 13.8 27.400000000000002 68 18.6 65.60000000000001 54 36.2 53.400000000000006 32.2 27.400000000000002 17.400000000000002 48 57.400000000000006 0 0.2 0.4 0 0 0.6000000000000001 0 15.600000000000001 0.6000000000000001 0 0 0 7.2 18.2 14.8 19.6 0.6000000000000001 0 15.8 0.2 0 0 0 0 0 0.4 0 0 0.4 0.4 0 0 0.4 0 0 0.4 13.200000000000001 0 0.6000000000000001 0 1.2000000000000002 0 0 0 0 0 0 0.4 9.4 0.6000000000000001 0 0 1.2000000000000002 0 1.4000000000000001 0 0 1.2000000000000002 0.6000000000000001 0 0 2.6 3.6 0.2 1.6 1.4000000000000001 0 0.2 0 3.2 7.2 2.2 0 0 0 3 4.6000000000000005 0 0 0.2 6.4 0 3.2 2.8000000000000003 0 0 5.4 4.2 0 0.4 3.2 0 9.8 0 1.8 6.4 0 4.2 0 15 0 0 0 0 0 0 0 0 0 1.2000000000000002 0 0 2.6 0 0 0 0 0 0 0 0 0 0 0 0 0.2 0 0.2 0 2 0 0 0.2 0 0 0 0 0 0 0 0 1.6 2.6 4.2 3.2 2.8000000000000003 0 2.2 3.2 0 3.8000000000000003 3.8000000000000003 1.6 0 0 0 0 3 0 0 2 0.4 5.4 0.2 0 0 0.8 2.4000000000000004 0 0 0 0 2 0.6000000000000001 0 2.8000000000000003 0.2 1.6 2.4000000000000004 0 0 0 0 2.8000000000000003 0 0 0 0 0 0 0 0 0 0 0 1.2000000000000002 0 0 0 0 1 0 0 0 0 0.2 0 0 0 0 0.2 0 0 0 0 0 0.4 0 0 0 0 0.4 0 0 0 0 0.6000000000000001 0 1.6 0 2.2 2.6 0 0 0 0 0 0 0 0 0 0 0 0 0 0 0 0 0 0 0 0 0 0 0 2 0 0 0 0 0 0 0 0 0 0 0 0 0 0 
 50.2 10.8 5.6000000000000005 7.6000000000000005 37 0 10.8 28.400000000000002 9.4 27.8 80 10.600000000000001 6 9.600000000000001 73.8 20.400000000000002 11.8 13.4 15.600000000000001 55.6 14.600000000000001 24.6 15.8 0 0 0.6000000000000001 30.200000000000003 19.8 1 0.2 0.4 0 0 14.8 48.2 0 15.600000000000001 0 4.800000000000001 0.2 0 0 0 0 0 0.4 0 0 0.4 0.4 0 0 0.4 0 0 0.2 0 0 0.6000000000000001 0 0 0 0 0 0 0 0 0.4 0 0.4 0 0 0.2 0 1.8 0 0 0 10.8 0 0 3.2 3.8000000000000003 1.8 4.2 3.8000000000000003 0 0 0 0 2 0 0 0 0 0 0 0.6000000000000001 0 0 11 0 3.8000000000000003 8.200000000000001 4.2 0 0.2 1.4000000000000001 5.6000000000000005 0 0 0 3 0 2 0 0.6000000000000001 5.800000000000001 0 9 0 0.4 0 0 0 0 0 0 0 0 0 0 0 0 0 0.4 0 0 0 0 0 0 2.8000000000000003 0 0 0 0 0 0 0 0 0 0 0 0.2 0 0 0 2 0 0 0 3.8000000000000003 5.800000000000001 3.6 0 0 4.4 4.2 0 3.8000000000000003 5.4 0 0 0 3.4000000000000004 0 0 0 0 5 4.4 2.6 3.6 0 0 3.8000000000000003 0 0 0.6000000000000001 2 0 0 8 5.4 4 0.4 6 3.4000000000000004 2.8000000000000003 0 0 0 0 0 0 0 0 0.4 0 0 0 0 0 0 0 0 0 0 0 0 0 0 0 0 0 0 0 0 0 0 1.2000000000000002 0 0 0 0 0 0 0 0 0 0 2.4000000000000004 0 0 0 17 0.2 0.2 0 0.8 3.6 0 0 0 0 0 0 0 0 0 0 0 0 0 0 0 0 0 0 0 0 0 0 0 0.2 0 0 0 0 0 0 0 0 0 2 0 0 0 0 
 12.600000000000001 35 49 75.2 32.800000000000004 10.8 0 40.800000000000004 34.2 32 59.6 66.2 37 87.2 31 22.8 23.8 29.400000000000002 68.8 75.60000000000001 0.4 0 0.8 0 0.6000000000000001 0.6000000000000001 14.8 0 0.8 0 0 0 0 0 0 0.2 0.6000000000000001 0 0 0.4 0 0 10.600000000000001 0 10.8 0.4 0 0 0.4 0.4 0 0.6000000000000001 8 0 0 0.2 0.4 0.4 0.6000000000000001 0 0 0 0 0 0 0 0.4 0.4 0 0.4 0 1.2000000000000002 0 0 0 0 0 0 0.6000000000000001 0 4.4 5 0 1.8 1.4000000000000001 3.4000000000000004 9.200000000000001 6.6000000000000005 2.2 0.2 0.8 4.6000000000000005 0.6000000000000001 2.2 1.4000000000000001 4.800000000000001 2.8000000000000003 2.6 1.8 4.4 0 0 0 0 0 0 0 0 0 0 0 0 0 0 0 0 0 0 0 0 0 0 0 0 0 0 0 0 0 0 0 0 0 0 0 0 0 0 0 0 0 0 0 0 0 0 0 0.4 0 0 0 0 0.4 0 0 0 0 0 0 0 1.8 0 3 0 0 0 2.8000000000000003 0.2 0 0 0 0 9.600000000000001 0 3.4000000000000004 0 4 1.8 0 3.6 0 0 0 0 0 4 0 0 0 0 0 0 0 0 0 0 0 0 0 0 0 0 0 0 0 0 0 0 0 0 0 0 0 0 0 0 0 0 0 0 0 0 0 0 0 0.4 0 0 0 0 0 0 0 0 0 0 0 0 0 0 0 4.2 0 0 0 0.2 0 0 18.2 0 0 1 0 0 0 0 0 0 0 0.2 0 0 1.2000000000000002 0 0 0 0 0 0 0 0 0 0 0 0 0 2.2 0 0 0 0 0 0 0 0 0 0 0 0 0 
 47.6 24.6 84 52.6 13.8 28.400000000000002 40.800000000000004 0 65.60000000000001 50.6 41 7 43.6 55 48.400000000000006 28 34.6 23.400000000000002 18.8 64 0.2 0 0.4 0 0.4 0.6000000000000001 0.2 0.2 0.8 0.4 0 6.800000000000001 0.6000000000000001 0 0 0.4 0.8 40.800000000000004 0.4 3.6 0 0 0 0 0 0.4 0 0 0.4 0.4 0 0.6000000000000001 0.4 0 0 0.2 0 0 0.6000000000000001 0 0 6.6000000000000005 0 0 0 0 0.4 0.4 0 0.4 0 0 0 0 0 0 0 0 0.6000000000000001 0 0 0 5.800000000000001 0 0 1.4000000000000001 2.4000000000000004 3.4000000000000004 4.800000000000001 2.6 1.4000000000000001 6.4 3.6 0 4.2 6.800000000000001 3.4000000000000004 6.800000000000001 0 2.8000000000000003 0 0 0 0 0 0 0 0 0 0 0 0 0 0 0 0 0 0 5.800000000000001 0 0 0 0 0 0 0 0 0 0 0 0 0 0 0 0 0 0 2.6 0 0 0 0 1.8 0 0 0 0 0 0 0 0 0 0 0 0 0 0.4 0 0 0 0 2.8000000000000003 6.4 3.6 0 6 0.2 5.6000000000000005 0 2.2 3.6 0 3.4000000000000004 3 2.6 7.4 0.2 5.4 0 1.6 0 0 0 0 0 0 0 0 0 0 0 4.2 2.8000000000000003 0 4 0 0 0 11.200000000000001 2.6 0 0 0 0 0.4 0 0 0 0 0 0 0 0 0 0 0 0 0 0 0 0 0 0 0 0 3.6 0 0 0 0 0 0 0 0 0 0 0 0 0 0 0 1.8 0 0 0 0.4 0.6000000000000001 0.2 0.2 0.2 0.2 2.2 0 0 0 0 0 0 0 0 0 0 1.8 0 0 0 0 0 0 0 0 0 0 0 0 2.4000000000000004 0 3.6 0 0 0 0 0 0 0 0 0 0 0 0 
 17 40.2 41.800000000000004 71.2 27.400000000000002 9.4 34.2 65.60000000000001 0 51 28.400000000000002 56 22 24 23 34.2 31 11.200000000000001 45.800000000000004 36.2 0.4 0 0.6000000000000001 0.4 0.4 0.6000000000000001 0.2 0 15.600000000000001 0.6000000000000001 0.4 1.4000000000000001 0 8 0 0 0.8 0.4 14.600000000000001 0.8 0 0 0 1 13.4 0.4 0 0 0.4 1.4000000000000001 1.2000000000000002 0.4 0.4 0.4 0 0 0 0 0.6000000000000001 0 0 0 0 0 0 0 0 0.4 0.8 0.4 0 0 0 0.6000000000000001 0.8 0 0 0 0.6000000000000001 0 0 3.4000000000000004 3.2 1.8 5.4 0.8 0 0 3.4000000000000004 4.6000000000000005 5 5.6000000000000005 4 0 0 3 5.800000000000001 2.2 0 0 0 0.2 0 0 0 0 0 0 0 0 0 0 1.2000000000000002 0 0 0 1.4000000000000001 0 0 0 0 0 0 0 0 0 0 0 0.4 0.4 0 0 1.6 0 0 0 0 0 0 0 0 0 1 0 0 0 0 0 0 0.4 0 0 0 0 0 0 0 0 0 0 0 4.2 3.8000000000000003 6.800000000000001 0 0 0 3 2.4000000000000004 3.8000000000000003 0 3.6 0 8.8 0 1.6 0 2.4000000000000004 0 0 0 0 0.2 0 0 0 0 1.8 0 0.4 0 0 1.2000000000000002 0 0 0 0 0.2 2.4000000000000004 0 0 0 0 0 0 0 0 0 0 0 0 0 0 0 0.2 0 0 0 0 0.4 0 0.4 0 0 0 0 0 0 0 0 0 0 0 0 0 0 0 0 0 0 0 0 0 0 0 0.4 17.8 0 17.8 9.4 0.2 6 0 0 0 0 0 0 0 0 0 0 0 0 0 0 0.4 0 0 0.4 0 0 0 0 0 0.2 2.4000000000000004 2 0 0 0 0 0 0 0 0 0 0 0 0 
 39.800000000000004 19.8 33.4 29.200000000000003 68 27.8 32 50.6 51 0 69.4 25 21.8 40.800000000000004 49.2 41.800000000000004 26.6 7 23.6 70.60000000000001 1 0 0.6000000000000001 15.200000000000001 0 0.6000000000000001 0 0 0.6000000000000001 15.8 0 0.6000000000000001 0.2 0.4 0 0 0.6000000000000001 0 0.2 0.4 0 0 0 0.6000000000000001 0 0.4 0 0 0.4 0.8 0.6000000000000001 0 0.6000000000000001 0 0.2 0.2 0 0 0.6000000000000001 0 0 0.4 0 0 0 0 6.800000000000001 7 0 0.4 0 3.4000000000000004 0 0 0 0 0.2 0.4 0.6000000000000001 0 0 4.4 10 0 0 0 0.2 0 3.2 3.8000000000000003 2.2 5.800000000000001 3.8000000000000003 0 4.2 9.200000000000001 2.8000000000000003 2.4000000000000004 0 0.2 0 0 0 0 0 0 0 0 0 0 0 0 4 3.4000000000000004 0.2 0 0 0 4.6000000000000005 0 0 0 0 0 0 0 0.4 0 0 0 0 0.4 4.2 0 0 0 0 0 0 2.8000000000000003 0 0 1.4000000000000001 0 0 0 0 0 0 0 0 0 0 0 0 0 0 0 0 0 2.4000000000000004 5.6000000000000005 2.8000000000000003 6.4 0 5.2 0 5.4 8.200000000000001 2.8000000000000003 3 0 1.8 3.2 5 7.2 0 8.200000000000001 0 3.6 0 0 0 0 0 0 0 0 0.2 0 0 0 3.6 0 3 0.2 0 0 1.6 0 0 0 0 0 0 0 0 0 0 2 0 0.4 0 0 0 0 0 0 0 0 0 0 0 0.2 0 0 0 0 0 0 0 0 0 0 0 0 0.6000000000000001 0 0 0 0 0 0 0 0 0.4 0.8 0 0.6000000000000001 0.2 0 0.8 0 0 0 0 0 0 0 0 0 0 0 0 0 0 0 0 0 0 0 0 6.800000000000001 0 0 2.8000000000000003 0 2.8000000000000003 0 0 0 0 0 0 0 0 0 0 0 0 
 13 69.2 40.800000000000004 14.600000000000001 18.6 80 59.6 41 28.400000000000002 69.4 0 13.4 69.60000000000001 50.800000000000004 30.200000000000003 55 15 47.800000000000004 3.6 49.6 0.2 0 1 0 0 0.6000000000000001 7 0.6000000000000001 0.8 0 0 0 0 0.4 1.2000000000000002 0 0.6000000000000001 16.8 15.200000000000001 21.400000000000002 3 0 0 0 0.6000000000000001 0.4 0 0 0.6000000000000001 1 0 0.6000000000000001 0.4 0.4 0 0.4 0 0 0.6000000000000001 0 0 0.4 0 0 0.6000000000000001 0.6000000000000001 0.4 0.8 0 0.6000000000000001 0 0.2 0 0.4 3.2 0 0 0 0.6000000000000001 0.4 0 6.800000000000001 6.6000000000000005 6.6000000000000005 4.6000000000000005 5 2.6 0 0 0 0 4.4 1.2000000000000002 0.2 4.4 6 1.8 3 0 0 13.8 2.2 0 0 0 0 0.2 2 0 2 0 0 7 2.4000000000000004 0 0 0 0 0 0.2 0 0 0 0 0 0 0 0 0 0 0 0 0 0 0 0 0 0 0 0.4 0 0 1.6 0 0 1 0 0 0 0 0 0 0 0.2 0 0 0 0 0 0 0 0 3.2 7.6000000000000005 3.2 0 2 3 4 3.2 12 4.800000000000001 1 2.6 3.6 5 0 4.800000000000001 0 2.4000000000000004 0.2 0 3.4000000000000004 0.2 0 0.2 2.8000000000000003 4 0 0 0 0 0 0 0 3.4000000000000004 0 3.6 11.600000000000001 2 0 0 0 0 0 0.4 0 0 0 0 0 0 0 0 2.6 0 0 0 0 0 1.6 0 0 0 0 0 0 0 0 0 0 0 0 0 0 0 0 0 0 0 0 0 0 0 0 1.6 28.200000000000003 0 0.6000000000000001 0.2 0 2.8000000000000003 3 0 0 0 0 0 0 0 0.2 0 12.600000000000001 0 0 0 0 0 0 0 0 0 0 0 0 0 7.4 0 0 0 0 0 0 0 0 0 0 0 0 0 
 51.6 7.4 17.8 30.8 65.60000000000001 10.600000000000001 66.2 7 56 25 13.4 0 6.6000000000000005 8.8 23.8 25.400000000000002 48.400000000000006 77 11.600000000000001 8 0.2 0 0.4 0 0 0.6000000000000001 12 0 0.6000000000000001 0 0 0 8.8 12.200000000000001 14.8 0 0.6000000000000001 0 14.8 10.4 0 12.600000000000001 0 0 0 0.4 0 0 0.4 0.4 0 0 0.4 0 0 0.4 0.4 0 0.6000000000000001 0 0 0 0 0 0 10.4 0 0.4 0.4 0.6000000000000001 0 0 0 9.600000000000001 0.4 0 0 0 0.6000000000000001 0 0 2.2 5.6000000000000005 1 0 5.6000000000000005 0 0.4 0 3.8000000000000003 6.800000000000001 2.8000000000000003 0 0 0 3 6.4 0.2 0 0 1.8 3 0 0 0 0 0 2 0 0 0 0 11.4 0 2.8000000000000003 0 0 0 0.8 4.6000000000000005 0 0 0 0 0 0 0 0 0 0 0 0 1.8 0 0 0 0 0 0 0 0 0 0 0 0 0 0 0.4 0 0 0 0 0.4 0 0 0 0 0.4 0 0 0 1.6 5.800000000000001 2.8000000000000003 7.800000000000001 0 0 0 9.8 5 0.2 0 1.2000000000000002 0 0 0 0 0.2 0 0 0 0.2 2.2 0 0 0 0 6.800000000000001 0 0 0 0 2 0.2 3.6 0 0 2 6.2 0.8 0 0 0 0 0 0 0 0 0 0 0 0 0 0 0 0 0 0 0 0 0 0 0 0 0 0.4 0 0 0 0 0 0 0 0 0 0 0.2 0 0 0 0 0 0 0 0 0 0 0.4 0.4 18 1.4000000000000001 0.8 3.2 0 0 0 0 0 0 0.2 0 0 0 0 0 0 0 0 0 0 0 0 0 0 0 4.4 0 0 0 0 0 0 0 0 0 0 0 0 0 0 
 9.600000000000001 10.600000000000001 50.2 94.80000000000001 54 6 37 43.6 22 21.8 69.60000000000001 6.6000000000000005 0 14 11.8 6 4.2 40.2 28.400000000000002 85.80000000000001 0.2 0 0.6000000000000001 0.2 0.2 0.6000000000000001 0 0 0.6000000000000001 0 0 0 0 0 0 0 0.6000000000000001 0 12.600000000000001 0.8 0 0 0 0 0.2 0.4 0 0 0.4 0.4 0 0 0.4 0 2.4000000000000004 0.2 0 0 0.6000000000000001 1.4000000000000001 0 0 0 0 0 0 0 0.6000000000000001 0 0.4 0 0 0 0 0 0 0 0 0.8 0 1.6 6.4 0 5.800000000000001 0 0 0 2.6 3.2 0 0 2.8000000000000003 7.6000000000000005 0 0.4 3.4000000000000004 1.4000000000000001 4.2 0 2.4000000000000004 0 0 0 0 0 0 0 0 0 0 0 0 0 0 0 0 0 0 0 0 0 0 0 0 0 0 0 0 0 0 0 0 0 2.2 0 0 0 0 0 0 0 0 0 0 0 0.4 0 0 0 0 0 0 0 2.6 0 0 0.4 0 0 0 2 0 0 0 0 0 3 3.6 2.8000000000000003 1.2000000000000002 0.2 0 5.6000000000000005 6.4 1.8 0 11.200000000000001 4.800000000000001 5.800000000000001 3.6 0 0 0 0 0 0 0 0 0 0 0 0 0 0 0 0 0 0 2.6 0 0 0 0 0 0 0 0 0 0 0 0 0 0 0 1.4000000000000001 0 0 0 0 0 0 0 0 0 0 0 0 0 0 0 0 0 0 0 0 0 0 0 0 0 0 0 0 0 0 0 0 0 0.2 0.4 0 0.8 0 0 0 0 0 0 0 0 0 0 0.2 0 0 0 0 0 0 0 0 0 0 0 0 0 0 0 0 0 0 0 0 0 0 0 0 0 0 0 
 78 73.60000000000001 42.2 34.6 36.2 9.600000000000001 87.2 55 24 40.800000000000004 50.800000000000004 8.8 14 0 32 25.8 26.8 18.6 68.8 85.60000000000001 0.4 0 0.4 0 0 0.6000000000000001 0 0 1 0 0.4 0 0.4 0 0 0 1.2000000000000002 0 0 0.4 0 0 0 0 0 0.8 0 0.4 0.8 0.4 0 0.6000000000000001 1 0 0.4 0.8 0 0 0.6000000000000001 12 0 0 0.4 0.4 0 0.2 0.4 0.8 0 0.6000000000000001 0 0.4 0 0.4 0.4 0 0 0.2 0.8 0 2.2 4.800000000000001 6.6000000000000005 1.2000000000000002 0 3 0.8 13.200000000000001 4.800000000000001 1.8 7 4.6000000000000005 2.4000000000000004 0 5.4 7.6000000000000005 0 5.4 2 2 0 0 0 0 0 0 0 0 0 0 0 0 0.2 0 0 0.2 0 0 1.4000000000000001 0 0 0 0 0 0 0 2.6 0 0 0 0 0 0 0 0 0 0 0 0 0 0 0.2 0 0 0 0 0 0 0 0 0 0 0 0 0 0.4 0 0 0 0 2.8000000000000003 6.4 0.2 0 0 2 0.4 7.4 13.8 0.8 7.6000000000000005 0 1.8 8 1.2000000000000002 3.2 2 1.6 3.4000000000000004 0 0 0 0 0 0 0 0 0 0 0 0 0 0.4 0 0 0 0 0 0 0 0 0 0 0 0 0 0 0 0 0 0 0 0 0 0 0 0 0 0.2 0 0 0 0 0 0 0 0 0 0 0 0 0 0.2 0 0 0 0 0 0 0 0 3.2 0 0 0.2 0 0 0 0.4 0.2 0 2 0 0 0 0 0 0 0 0 0 0 0 0 0 0 0 0 0 0 0 0 0 0 0 0.2 0.4 0 0 0 0 0 0 0 0 0.4 0 0 0 0 
 29 9.8 9 32 53.400000000000006 73.8 31 48.400000000000006 23 49.2 30.200000000000003 23.8 11.8 32 0 58.400000000000006 23.8 8 38.800000000000004 23.8 0.2 0.4 0.4 0 0 0.8 13 0 0.6000000000000001 0 0 0 14.8 0 0 0 0.6000000000000001 0 0.2 0.4 0 0 0 0 0 0.4 0 0 0.4 0.4 0 0.2 12 0 0 0.4 0 0 0.6000000000000001 0 0 0 0 0 0 0 0 0.4 0 0.6000000000000001 0 0 0 0 0 0 0 0 11 0 0 3.2 3.2 0 0 10.8 4.800000000000001 8.4 5.4 3.4000000000000004 2.2 3 6.800000000000001 0 0 0.2 5.800000000000001 8.8 0 9 2 0 0 0 0 0 0 0 0 0 0 0 2.8000000000000003 0 0 0 0 0 0.2 2.8000000000000003 0 0 0 0 0 0 0 0 0 3.8000000000000003 0 0 0 0 0 0 0 0 0 0 0 0 5.6000000000000005 0 0 2 0 0 0 0 0 0 0 0 0 0 0 0 0 0 0 0 5.4 0 0 5.800000000000001 0 7.2 4 2.6 0 0 5.2 0 2.4000000000000004 2.8000000000000003 0 3.8000000000000003 2 1.8 0 0 0 0 0 0 0 0 0 0 0 0 2 0 6.4 0 0 0 4.6000000000000005 0 0 0 0 0 0 0 0 0 0 0 0 0 0 0 0 0 0 0 0 0 0 0 0 0 0 0 0 0 0 0 0 0 0 0 0 0 0 0 0 0 0 3.6 0 0 0 0 0.2 0 17.2 0.4 0.4 1.8 0 0 0 0 0 0 0 0 0 0 1.8 0 0 0 0 0 0 0 0 0 0 0 0 4.800000000000001 0 0 0 0 0 0 0 0 0 0 0 0 0 0 
 24.8 9.600000000000001 28.200000000000003 25.8 32.2 20.400000000000002 22.8 28 34.2 41.800000000000004 55 25.400000000000002 6 25.8 58.400000000000006 0 26.400000000000002 36.6 6.6000000000000005 24.400000000000002 0.2 0.4 0.4 0.6000000000000001 0.6000000000000001 0.6000000000000001 0.4 0 0.6000000000000001 0.6000000000000001 0.6000000000000001 0.2 14.8 12.8 0.2 0.6000000000000001 1.4000000000000001 0.2 27.8 7 0 0 0 0 0.4 0.6000000000000001 0 0 0.4 0.8 0.6000000000000001 0.4 0.4 0 0 0.6000000000000001 0.6000000000000001 0.6000000000000001 0.6000000000000001 0 0 0 0 0.2 0 0.4 0 1 0 0.6000000000000001 0.2 0.4 0.4 0 0 0 0 0.4 0.6000000000000001 0 0 0 2.4000000000000004 0 2.4000000000000004 0 0 0 0 6.800000000000001 5.800000000000001 12.600000000000001 0 0 0 12 3.2 2.8000000000000003 0 0 2.2 0 0 0 0 0 0 2.6 0.2 0 0 0 0 13.4 0 0 0 3.4000000000000004 0 2.8000000000000003 0 0 0.2 0 0 0 0 0 0 0.2 0 0 0.4 0 0 0 0 0 0 0 0.4 0 0 0 0 0 0 0 0 0 0 0 0 0.2 0 0 0 0.8 0 0 0 2 6 3.2 0 2 0 3 3.6 4 2.8000000000000003 5.800000000000001 0 0 0 2.2 3.4000000000000004 0.2 0.4 0.6000000000000001 0 0 0 0.4 0 0.2 0.2 0 0 0 0.2 0 0 0 0 0 0 0 7.4 0.2 0 0 0 0 0 0.2 0 0 0 0 0 0 0 0 0 0 0 0 0 0.2 0 0 0 2.8000000000000003 0 0 0 0 1.4000000000000001 0 0 0 0 0 0 0 0 0.4 0 0 0 0 0 0 0 0.4 17.6 0 17.2 17.8 0 1.4000000000000001 0 0 0 0 0 0 0 0.4 0 0 0 0 0 0 0 0 0 0 0.4 0 0 0 0 3.2 5 0 0 0 0 0 0 0 0 0 0 0 0 0 
 56.400000000000006 29.200000000000003 5.4 7.2 27.400000000000002 11.8 23.8 34.6 31 26.6 15 48.400000000000006 4.2 26.8 23.8 26.400000000000002 0 27.200000000000003 48.2 22.6 0.8 0 0.6000000000000001 0 0 0.8 12.4 0 0.6000000000000001 0 0 0 4.800000000000001 16.400000000000002 0 0 0.6000000000000001 0 0 5.4 0 0 0 0 0 0.4 0 0 0 0.4 0 0 0.4 0 0 0.2 0 0 0.6000000000000001 0 0 0 0 0 0 6.800000000000001 0 0.4 0 0.4 0 0 0 1 0 0 0 0 0.6000000000000001 0 0 0 8.8 0 2.8000000000000003 3.2 0 2.4000000000000004 7 15 2 10.200000000000001 3.6 0 0 9.8 0 5 0 2.6 0 3.2 0 0 0 0 0 0 0 0 0 0 0 0 0.2 0 0 1 0.4 0.2 0 0 0 0 0 0 0 0 0 0 0 0 0 0 0 0 0 0 0 0 0 0 1.4000000000000001 0 0 0 0 0 0 0 0 0 0 0 0 0 0 0 0 0 0 2.2 4 6.800000000000001 1 3.2 0 7.800000000000001 0 2.8000000000000003 0 0 1.2000000000000002 2.2 0 3.8000000000000003 1.6 4 0 0 0 0 3.8000000000000003 0 0 0 0 2.6 0 11.4 0 0 5.6000000000000005 0 0 0 0 1.4000000000000001 0 0.8 0 0 0 0 0 0 0 0 0 0 0 0 0 0 0 0 0 0 0 0 0 4.2 0 0 0 0 0 0 0 0 0 0 0 0 0 0 0 0 0 0 0 4.6000000000000005 0 0 0 0.2 17.2 0 0.2 26.8 2 3 0 0 0 0 0 0 0 3 0 0 0 0 0.4 0 0 0 0 0 0 0 0 0 0 0.2 0 4.4 0 0 0 0 0 0 0 0 0 0 0 0 
 7.4 16.6 62 27.8 17.400000000000002 13.4 29.400000000000002 23.400000000000002 11.200000000000001 7 47.800000000000004 77 40.2 18.6 8 36.6 27.200000000000003 0 8.6 38.400000000000006 0.4 0 0.4 0 0.4 0.6000000000000001 16.8 0 0.6000000000000001 0 0 0 0 13 17 0 0.6000000000000001 0.4 0.2 32.6 0.2 0 0 0 0 1 0 0 0.4 0.4 0.4 0 12.600000000000001 0.2 0.6000000000000001 0.4 0 12.600000000000001 0.6000000000000001 1.4000000000000001 0 0 0 0 0 0.4 0.4 0.8 0 10.8 0 0.4 0 0 0.8 0 0 1.2000000000000002 0.6000000000000001 0 0.4 0 0 6 3.4000000000000004 2 0 0 4.6000000000000005 0.2 2.4000000000000004 5.2 0 0 0.2 2.4000000000000004 0 0 0 0 3.6 0 0 0 0 0 0.2 2.6 0 0 0 0.4 3.6 2.8000000000000003 2.8000000000000003 0 0 0 0 6.4 0 0 0 0 0 0 0 0 0 0 0 0 0 0 0 0 0 0 0 0 0 0 0 0 0 1 0 0 0 0 0 0 0 0 0 0 0 0 0 0 0 0 3.6 9.600000000000001 6.6000000000000005 0 2.2 0 4 0 0.4 2.8000000000000003 1.6 1.8 0 0.2 2.2 0.2 0 0 0 2.6 4.6000000000000005 0 0 0 2.8000000000000003 5.6000000000000005 0 0 0 0 0 1.4000000000000001 0.2 0 0 7.2 3.4000000000000004 3 0 0 0 0 0 0 0 0 0 0 0 0 0 0 0 0 0 0 0 0 0 0 0 0 0 0 0 0 0 0 0 0 0 0 0 0 0 0 0 0 0 0 0 0 0 0 9.600000000000001 0 0 0.8 0.8 2.2 2 0 0 0 0 0 0 0 0 0 0 0 0 0 0 0 0 0 0 0 0 0 0 0 0 0 0 0 0 0 0 0 0 0 0 0 0 0 
 9.600000000000001 58.400000000000006 26.400000000000002 17.2 48 15.600000000000001 68.8 18.8 45.800000000000004 23.6 3.6 11.600000000000001 28.400000000000002 68.8 38.800000000000004 6.6000000000000005 48.2 8.6 0 44.800000000000004 0.8 1 1.2000000000000002 0.2 0 1 0 0.4 1.8 0.4 3 0.2 0.4 0.4 0.8 0.4 0.6000000000000001 0.4 0 0.8 0.2 0 0.2 0 0.8 0.4 0.4 0 1 1 0 0 0.8 0.6000000000000001 0.6000000000000001 0.2 0 0 1 0 0 0.2 0 0.6000000000000001 0.4 0 0 0.4 0.6000000000000001 0.6000000000000001 0 1.2000000000000002 0 0.6000000000000001 0.6000000000000001 0 0 0.6000000000000001 1.6 0.4 0.6000000000000001 0.4 1.8 0 0 0 7.6000000000000005 6 4.6000000000000005 0 0 0 0 0.2 6.800000000000001 0 3.4000000000000004 3.8000000000000003 2.2 5.2 0 0 0 0 0 0 0 0 0 0 0 0 0 0 0 0 3.6 0 0 0 0 0 0 0 0 0 0 0 0 0 1.8 0 0 0 0 0 0 0 0 0 0 0 0 0 0 1.4000000000000001 0 0.2 0 0 0 0 0 0 0 0 0 0.2 0 0 4.4 0 0 0 0 0 2.6 0 0 0 0 0 1 2 0 0.2 2.4000000000000004 0.4 0 0 0 0 0 0 0 0 0 0 0 0 0 0 0 0 0 0 0 0 0 0 0 0 0 0 0 0 0 0 0 0 0 1.2000000000000002 0 0 0 0 0 0 0 0 0 0 0 0 0 7.4 0 0 0 0 3.6 0 0 0 0 0 0.4 0 0 0 0 0 0 0 0 0 0.2 0 0.4 0 0 1.4000000000000001 0.2 0 0 0 0 0 0 0.4 0 0 0 0 0 0 0 0 0 0 0 0 0 0 0 0 0 1 0 0 0 0 0 0 0 0 0 0 0 0 
 47.400000000000006 71.60000000000001 45.2 55 57.400000000000006 55.6 75.60000000000001 64 36.2 70.60000000000001 49.6 8 85.80000000000001 85.60000000000001 23.8 24.400000000000002 22.6 38.400000000000006 44.800000000000004 0 0.2 0 0.6000000000000001 0.2 0 0.6000000000000001 0 0 1 0.2 0 0 0 0 0.2 0 0.6000000000000001 0 0 0.6000000000000001 0 0 0 0 0 0.4 0 0 0.4 0.4 0 0 0.4 0 1.2000000000000002 0 0 0.2 0.6000000000000001 0.2 0 0 0 0 0 0 0 0.4 0 0.4 0 0 0 0 6.2 0 0 0 0.6000000000000001 0 2 2.2 5.2 0 0 0 1.4000000000000001 0 2.2 3 3 3.6 2.2 2.2 3 5 0 6.800000000000001 0 0 0 0 0 0 0 0 0 0 2 0 0 0 0 0 0 0.2 0 0 0 0 0 0 2.2 0 0 0 0 0 0 0 0 0 0 0 0 0 0 0 0 0 0 0.2 0 0 0 0.8 0 0 0 0 0 0 0 0 0 0.4 0 0 0 0 2.2 0.6000000000000001 0 0 0 0 2.4000000000000004 5.6000000000000005 3.6 2.8000000000000003 6.6000000000000005 0 3.6 6.6000000000000005 0 5 14.8 5.6000000000000005 0.8 1 0 0 0 0 0 0 0 0 0 0 0 0 0.4 0 0 0 0 0 0 0 0 0 0 0 0 0 0 0 0 0 2.2 0 0 0 0 0 0 0 0.2 0 0 0 0 4.2 0 0 0 0 0 0 0 1.4000000000000001 0.2 0 0 0 0 0 0 0 0 0 0 0 0.2 0 0.4 0 0 17.8 0 1.4000000000000001 0 0 0 0 0 0 0 0 0 0 0 0 0 0 0 0 0 0 0 0 0 0 0 0 0.4 0 0 0 0 0 0 0 0 0.4 0 0 0 0 
 0.4 0.6000000000000001 0.6000000000000001 0 0 14.600000000000001 0.4 0.2 0.4 1 0.2 0.2 0.2 0.4 0.2 0.2 0.8 0.4 0.8 0.2 0 21.400000000000002 72.2 13.4 4.800000000000001 20.400000000000002 31.6 9.600000000000001 14.8 20.8 27.400000000000002 9 111.4 23 16.8 23.400000000000002 27 9.600000000000001 23.200000000000003 8.4 0.4 0 0.4 0.6000000000000001 0.4 0 0 0.6000000000000001 0.4 0 0 0 0.8 0 0 0.4 0.4 0 4.4 0.6000000000000001 0 0 0 0 0 0 0 0 0 0 0.4 0 0.4 0.4 0 0.4 0 0 0.6000000000000001 0 0 0 0.2 0.6000000000000001 3 2.6 0 0 0 0 0.2 0 0 0 0 0 0 0 0 0 0 0 7.6000000000000005 0 2.2 1.8 9 5.6000000000000005 5.4 3.6 3.6 0 2.2 2 2.6 3.2 2 0.6000000000000001 8.6 1.8 2.2 0 0 0 0 0 0 0.2 0 0 0 0 0 0 0 0 0 0 0 0 0 0.2 0 0 0 0 0 0 0 0 0 0 0.4 0 0 0 0 0 0 0 0 0 0 0 3.4000000000000004 0 0 0 0 3.2 0 0 0 2 4.800000000000001 0 0 0 0 0 5.2 1.2000000000000002 0 0 0.8 0 0.4 1.8 8.4 1.8 0.4 0 0.6000000000000001 0 0.2 0 5.800000000000001 7.2 2.8000000000000003 1.4000000000000001 3.6 0 0 0.2 0 0 0 0 0 0 0 2 0 0 0 0 0 1 0.2 0 0 0 0 0 0.4 0 0 0.4 0 0 0 0 0 0 0 0 0 0 0 0 0 1.2000000000000002 1.6 0 0 0 0 0 0 0.4 0 0.4 0 0 1.6 0 0 0 15.4 0 0.2 0.2 0.2 0 0 0 0 0 0 0 0 0 0 0 0 0 0 0 0 0 0 0 0 0 0 0 0.4 0 0 0.2 
 0.2 0.4 0 16 0.2 24.6 0 0 0 0 0 0 0 0 0.4 0.4 0 0 1 0 21.400000000000002 0 38.800000000000004 12 5.2 50.800000000000004 28.200000000000003 27.200000000000003 62 47.800000000000004 34.4 82 41 39.2 52.2 12.8 41.2 35.4 37 10.200000000000001 0.4 0 0.4 0 0.4 0 0 0.6000000000000001 0.4 0 0 0 0.6000000000000001 0 0 0.4 0 0 0.4 0.6000000000000001 0 0 0 0 1.4000000000000001 2.6 0 0 0 0 0.6000000000000001 0 0.4 0 0 0.4 2.8000000000000003 0 0.6000000000000001 1.2000000000000002 0 0 0 3.6 6.2 0.2 0 0 0.2 0 2 0 0 0 0 0 0 0 0 0 3.8000000000000003 3.2 11.200000000000001 0 7.6000000000000005 0 3.2 1.6 0.2 3.6 5 4.2 0 7.2 2.2 0 13.4 4 2.8000000000000003 5.2 0 0 0 0 0 0 0 2.2 0 0 0 0 0 0 0 0 0 0 0.2 0.2 0 0 0 0 0 0 0 0 0 0 0 0 0 0 0 0 0 0.4 0 0 0.4 2.2 0 0.2 15.4 0 0 0 0 0 1.8 0 0 0 0 0 0 0 0 0 8 4.6000000000000005 13 2.8000000000000003 1.4000000000000001 1.6 3.8000000000000003 4 1.8 0 2 1.4000000000000001 2.6 15.200000000000001 3.6 0.4 5.4 10.600000000000001 3.2 0 0 0 0 0 0 0 0 0 0 0 0 0.2 0 0 0 0 2 0 0 0 0 0.2 0 0 0 0 0 0 0 1.8 0 0 0 0 0 0 0.2 0 0.6000000000000001 0 0 0 0 0 0 0 0 0.2 0 0 0 0 0 0.2 1.2000000000000002 0 0.6000000000000001 0 0 0.6000000000000001 0.4 1.8 0 0 0 0 4.2 0 0 0 0 0 0 0 0 0 0 0 0 0 0 0.8 0 0 0 4 0 0 0 0 
 0.8 0.6000000000000001 0.6000000000000001 0.4 0.4 15.8 0.8 0.4 0.6000000000000001 0.6000000000000001 1 0.4 0.6000000000000001 0.4 0.4 0.4 0.6000000000000001 0.4 1.2000000000000002 0.6000000000000001 72.2 38.800000000000004 0 28 11.600000000000001 18.8 34.4 102.4 38.400000000000006 28.6 69.8 41.800000000000004 32 23.200000000000003 14.600000000000001 30.400000000000002 13.200000000000001 28.6 30.400000000000002 11.200000000000001 0.4 0 0.4 0 1.4000000000000001 0 0 0.6000000000000001 0.2 0 0 0 0.6000000000000001 0 0 0.4 0 0 0.4 0.6000000000000001 0 0 0 0 0 0 0 0 0 0 0.6000000000000001 0 0.4 0 0 0.4 0 0 0.6000000000000001 0 0 0 0 0 0 0 0 0 0.4 0 0 0 0 2.8000000000000003 0 0 2.6 0 0 0 0.6000000000000001 2 2.4000000000000004 0.2 3.8000000000000003 1.6 0 0 2.8000000000000003 3.2 3.8000000000000003 0 0 2.4000000000000004 7.6000000000000005 0 7.6000000000000005 5.800000000000001 0 2 0 0 0 0 0 0 3 0 0 2.8000000000000003 0 0 0 1.2000000000000002 2.6 1.6 0 0 0 12.8 0 0 0 0 0 0 0 0 0.4 0 0 0 2.4000000000000004 0 2.4000000000000004 0 0.4 0.2 0 0 0 0 0 0.4 0.2 0 0 0 0 0 0 0 0 0 0 0 0 0 0 0 2 3.4000000000000004 5.4 10.8 0 7.4 0.2 0.2 0 6 7.2 4 3 4.4 5.4 5.800000000000001 6 0 0 0 2.6 0 0 0 0 0 0 0 0 0 0 0 0 0 0.2 8.200000000000001 0 0 2.6 0 0 0.4 0 0 0 0 0 0 0 0 0 2.2 0 0 0 0 0.4 0 0 0 0 0 0 0 0 0 0 0 0 0 0 0 0 0 0 0 0 2 0 0 0.4 0 0 0 0 0 0 0 0 0 0 0 0 0 0 0 0 0 0 0 0 3.2 0 0 0 0 2.4000000000000004 0 0 0 
 0 0 0.4 0 0 0 0 0 0.4 15.200000000000001 0 0 0.2 0 0 0.6000000000000001 0 0 0.2 0.2 13.4 12 28 0 17.6 14 72.8 33 20 32.6 28.8 22.400000000000002 30.6 27.8 68 39.6 8.8 33.2 58.6 23.400000000000002 0.4 0 3.8000000000000003 0 0.4 0 4.2 0.6000000000000001 0 0 2.6 0 13 4.2 2.2 4.4 0.2 0 0.4 4.800000000000001 0.6000000000000001 0 0 0 0.2 0 0 5.2 1.2000000000000002 0 0.6000000000000001 0 3.4000000000000004 0 0 0.4 0 0 0.6000000000000001 0 0 0 0 0 1.6 0 0 0 0 0 0 0 0 0 0 0 0 0 0 0 0 2.4000000000000004 2.6 5.800000000000001 0 0.4 2.6 0 1.6 2.6 5.6000000000000005 0 0 2.2 0 0 0 6.800000000000001 0 0 0.2 7.2 0 0 0.2 0 2.6 3 2.4000000000000004 0.4 0 0 0 0 1.6 0 0 0 10.200000000000001 0 0 0 0 0 3.2 0 0 0 0 0 0 0 7.4 0 0 0 0 0 0 0 0.2 0 0 0 0 0 0 0 0 0 0 0 0.4 0 0.2 0.4 0 0 0 0.8 1.6 0 0.2 4.4 4 3.4000000000000004 0.4 0 0 1.4000000000000001 0 1.2000000000000002 0 0 2.6 1.6 3.8000000000000003 0 0 0 0 0 0 2.4000000000000004 0 0 2.4000000000000004 2.6 5.6000000000000005 0 3 0.2 0 0 2.2 0 0 2 0 0 0 0 0 0 0 0 0 0 0 0 0 0 0 0 0 0 0 0 0 0 0 0 0 0 0 0 0 0 0 0 0 0 0 0 1.6 0 0.4 0.2 0.2 0.2 0 0 0 0 0.2 0 10.8 0 0 0 0 0 0 0 0 0 0 0 0 0 0 0 0 0 0 0 0 0 0 0 
 0 8.6 0 0 0 0 0.6000000000000001 0.4 0.4 0 0 0 0.2 0 0 0.6000000000000001 0 0.4 0 0 4.800000000000001 5.2 11.600000000000001 17.6 0 25.6 10.8 44.800000000000004 72 77.60000000000001 54 10.8 16.400000000000002 14 23 65.4 10.8 53.400000000000006 17 71.2 1.4000000000000001 0 0.6000000000000001 0 0.4 0.4 13.200000000000001 0.6000000000000001 0.6000000000000001 0 0 12.200000000000001 12 5 0 0.4 12.8 0 0.4 0.8 0 0 0 0 0 0 0 0 0 0 0.2 0 0.4 0 0 0.4 0 0 0.6000000000000001 0 0 0 0.2 0 0 0 0 0 0 0 0 0.2 0 0 0 0 0 0 0 0 0 7 0 10.4 0.6000000000000001 0.2 2.4000000000000004 0 0 3.8000000000000003 2.8000000000000003 6 0 0 4.800000000000001 1.6 3.8000000000000003 4.800000000000001 0 2.4000000000000004 2.4000000000000004 0.2 0.6000000000000001 0 0 0 0 2.2 4.4 0 0 0.4 3 0 0 3 0.2 3 2.8000000000000003 4.2 0 0 0 0.4 0 0 0 2 0 0 3.8000000000000003 0 0.2 0 5.4 0 0 1.2000000000000002 0 0 0 0 0 0 0 0 0 0 0 0 0 0 0 0.2 0.2 0 0 0 0 0 3.2 0.6000000000000001 4.4 0 3.6 12.8 2.6 1.8 4 7 4.4 11.8 0 0 0 2 0 0 0 0 0.2 0 0 0 1.8 0 0 3.4000000000000004 0 0 0 0.4 14.600000000000001 4 0 0 0 0 2.4000000000000004 0 0 0 0 0 0.4 0 0 0.4 0 0 0 0 0 0 0 0 0 0 0 0 0 0 0.4 0 0 0 0 0 0 0 0 0.2 0 0 1.6 0.2 0.2 16.2 15.200000000000001 0 1 1 0 0 0 0 0 0 0 0 0 0 0 0 0 0 0 0 0 0 0 1 0 0 0 0 0 0 0 0 
 0.8 0.6000000000000001 1 0.6000000000000001 0.6000000000000001 0.6000000000000001 0.6000000000000001 0.6000000000000001 0.6000000000000001 0.6000000000000001 0.6000000000000001 0.6000000000000001 0.6000000000000001 0.6000000000000001 0.8 0.6000000000000001 0.8 0.6000000000000001 1 0.6000000000000001 20.400000000000002 50.800000000000004 18.8 14 25.6 0 7.800000000000001 6 30.400000000000002 24.200000000000003 59.6 11.4 7.2 25.8 7.800000000000001 57.800000000000004 12.8 56 9 8 13 0 0.4 0 0.4 0 0 0.6000000000000001 0.2 1 0 0 42.2 8.200000000000001 0.4 0.4 0.4 12.8 12.8 4 0 0 0 0 0 0.4 0 0 0 0 0.6000000000000001 6 0.4 0 0 0.4 0 0.2 0.8 0.6000000000000001 0 0 0 0 0 0 0 0 0 0 0 0 0 0 0 0 0 0 0 0 4.6000000000000005 3.2 0 7 4.6000000000000005 2 0 1.6 0 0 3.4000000000000004 4.4 0 0 0 1.2000000000000002 3.4000000000000004 0 0 0 1.6 4.6000000000000005 3.2 1.4000000000000001 0 0 3 2.8000000000000003 4.4 0 2.4000000000000004 3.2 1.4000000000000001 3.8000000000000003 2.8000000000000003 0 2 0 6.4 1.2000000000000002 0 0 0 0 0 0 0 0 0 0 0 0 0 0.8 0 0 0 0 0 0 0 0 0 0 0 0 0 0 0 3.4000000000000004 0 0 0 0 0.6000000000000001 0 0 0 0 0 0 2 0.2 0 4 2 0 0 2.4000000000000004 5.800000000000001 2.8000000000000003 4 0 0 0 0.2 2.6 0 0 0 2.8000000000000003 0 0 3.2 0 0 0 1.8 2.2 0 0 2.4000000000000004 0.4 1 0 0.2 0 2.4000000000000004 0 0 0 0 0 0 0 0 0 0 2 0 0 0 0 0 0 0 0 0 1.4000000000000001 0 0 0 0 0 0 0 0 0 0 0 0 0 0 0 2.8000000000000003 0 0.4 15 0.8 0.2 4.4 0 0 0 0 0 0.4 0 0 0 0 0 0 0 0 0 0 0 0 0 0 0 0 0 0 0 3.4000000000000004 0 0 0 
 0.4 0.6000000000000001 0.2 0.6000000000000001 0 30.200000000000003 14.8 0.2 0.2 0 7 12 0 0 13 0.4 12.4 16.8 0 0 31.6 28.200000000000003 34.4 72.8 10.8 7.800000000000001 0 23 19.400000000000002 11.8 94.2 25.400000000000002 61.400000000000006 20 15 24.6 60.2 8 69.2 37.4 0.4 0 0.4 0 0.8 0 0 0.8 0.8 0.4 0 0.4 13.600000000000001 0 0 0.4 0.6000000000000001 0 1 0.6000000000000001 0.2 0 0 0.2 0.6000000000000001 0 0 0 0 0 0 0.4 0.4 0 2.2 0.4 0 0 0.6000000000000001 0.4 0 0.2 2.4000000000000004 0 0.2 5.2 0 0 0 2.4000000000000004 0 0 0 0 0 0 0 0 0 0 0 4.2 5.4 3.8000000000000003 2.6 0 2 0 0.2 1.4000000000000001 3.6 8 5.800000000000001 2 2 8.8 2.2 2.6 5.800000000000001 1.4000000000000001 0 0 0 0 0 0 0 0 0 0 0 0 0 0 0 0 0 0 6.4 0 0 0 0 0 0 0 0 0 0.4 0 0 0 1.2000000000000002 0 0 0 1.2000000000000002 0 0 0 0.2 0 0 1.8 8.6 0 0 0 2.8000000000000003 0 4.4 2.4000000000000004 3.2 0 0 0 0 0.2 0 0 0.4 0 5.2 3.6 0 0 3.8000000000000003 3.8000000000000003 0.8 0 2.8000000000000003 3.6 1.4000000000000001 5.2 5.6000000000000005 10.4 0 4.4 0 6.4 0 0 0 0 0 0 0.2 0 0 0 0 0 2.6 0 0 0 0 0 0 3.6 0 0 0 0 0 0 0 0 0 0 0 0 0 0 0 0 0 0.4 0 0 0 0 0.2 0 0 0 0 0 0.2 14.8 0 0 4 0 2.4000000000000004 0.2 0.2 0 0 0.4 0 0 0 0 0 0.2 0 0 0 0 0 0 0 0.2 0 0 0 0 0 0.2 0 0 0 0 0 0 0 0 0 0 
 0 0.4 0 0 15.600000000000001 19.8 0 0.2 0 0 0.6000000000000001 0 0 0 0 0 0 0 0.4 0 9.600000000000001 27.200000000000003 102.4 33 44.800000000000004 6 23 0 15.4 50 50.400000000000006 63.800000000000004 18.6 114.2 44.400000000000006 14.600000000000001 7.6000000000000005 65.60000000000001 12.4 10.8 0.8 0 0.4 12.200000000000001 0.4 0 0 0.6000000000000001 0.2 0 0 0 13.200000000000001 0 0.6000000000000001 0.4 0.2 0 0.4 0.6000000000000001 0.6000000000000001 0 0 0 0 0 0 0 0.8 0 0.4 0 1.6 0 0.2 0.4 0 0 0.6000000000000001 0 0 0 0 0 1.8 0 0 0 0 0 0 0 0 0 0 0 0 0 0.4 0 2.6 1 3 5.2 10.600000000000001 0 4.6000000000000005 0 6.6000000000000005 6.800000000000001 0 0 0 0 2.6 0 1.6 7.6000000000000005 3.4000000000000004 2.4000000000000004 0 0 0 0 0 0 0.2 2 0 0 0 0 0 3.8000000000000003 0 0 0 0 0 3.6 0 0 0 0 0 0 0 0.8 0 0 0 0 0 0 0 0 0 0.8 0 0.8 0 0 0 0.2 1.6 0 0 0 0 0 0.4 0.2 0 0 0 0 0.2 0 0 0.2 5.2 7.4 4 4.800000000000001 0 0 1.6 1.8 0 4.4 3.2 0.2 0.2 6.6000000000000005 1.8 0.6000000000000001 0 2 0 1.4000000000000001 0 0 0 0 0 0 1.8 0 0 0 0 0 6.800000000000001 0 0 0 0 0 0 0 0 0 0 0 0 0 0 0 0 0 0 0 0 0 0 0 0 0 0 0 0 0 1.6 0 0 0 0 0 0 0 0 0 0 0 1 0.4 0.4 23.400000000000002 0 0.2 0.8 0 0 0 0 0 0 0 0 0 0 0 0 0 0 0 0 0 0 0 0 0 0 0 0 0 0 0 0 0 
 0.6000000000000001 0.6000000000000001 0.6000000000000001 0.6000000000000001 0.6000000000000001 1 0.8 0.8 15.600000000000001 0.6000000000000001 0.8 0.6000000000000001 0.6000000000000001 1 0.6000000000000001 0.6000000000000001 0.6000000000000001 0.6000000000000001 1.8 1 14.8 62 38.400000000000006 20 72 30.400000000000002 19.400000000000002 15.4 0 60.2 48.2 26.8 33.2 38 20.200000000000003 34.4 24.8 42 21.6 14.4 1.4000000000000001 0 0.4 0 1 0 0 0.6000000000000001 0.6000000000000001 0.6000000000000001 12.200000000000001 1.2000000000000002 26.200000000000003 0 0 0.4 0 0 0.4 0.6000000000000001 0.2 0 0 0 2 1.6 0 0 0 0 0.6000000000000001 0.4 0.4 0 0 0.4 3.4000000000000004 0 0.6000000000000001 1.8 0 0 0 0 0 0 0 0 0 0 0 0 0 0 0 0 0 0 0 0 0 4.2 0 0 5 2.6 0 2.8000000000000003 0 2.6 0.2 10.4 0.2 2 0 3.8000000000000003 6 0 0 0 9.600000000000001 0 0 0 0 0 1.4000000000000001 7 0 0 0 0 0 4 0 4.2 0 0 0.4 1.4000000000000001 0 0 0 0 0 0 1.2000000000000002 0 0 0 0.4 0 0 0 0 0 0 0.4 0 0 0 0 0 0 0 0 0 0 0 0.2 0 0 0 0 0.4 0 0 0 0 0 0.2 3.2 0.2 3 0.2 4.2 0.2 0.4 7 7.800000000000001 0.4 5 0 0 0 0 0 0 0 0 1.4000000000000001 0 0.2 0.2 0 0 6 0 0 0 0 4.6000000000000005 7.2 2 0 0 0 0 2.8000000000000003 0 0 0 0 0 0 0 0 0 0.2 0 0 0 0 0 0 0 0 0 0 0 0 0 0 0 0 0 0 0 0 0 0 0 0 0 3.4000000000000004 0 0.2 15.4 20.400000000000002 0 2.8000000000000003 2.4000000000000004 0 0 0 0 4.4 0 0 0 0 0 0 0 0 0 0 0 0 0 0 2.2 0 0 0 0 0 0 0 0 
 0 0.4 0 0 0 0.2 0 0.4 0.6000000000000001 15.8 0 0 0 0 0 0.6000000000000001 0 0 0.4 0.2 20.8 47.800000000000004 28.6 32.6 77.60000000000001 24.200000000000003 11.8 50 60.2 0 41 69.8 27 13.200000000000001 29.400000000000002 80.4 24.400000000000002 52.800000000000004 17.2 56.400000000000006 0.8 0 0.4 0 3 0 0 0.6000000000000001 0 0 0 0 18.2 0 0 0.4 0 0 0.4 0.6000000000000001 0 0 0 0 4 0.8 0 0 0 0 0.4 0 0.4 0 11.4 0.4 0.6000000000000001 0 0.6000000000000001 1.6 0 0 0 0 0 0 0 0 0 0 0 0 0 0 0 0 0 0 0 0 1.6 2.6 0 3.8000000000000003 6 0.6000000000000001 0 2.6 0 1.4000000000000001 0 4.2 0 1.2000000000000002 8 2.6 8.6 2 1 5 2.2 2.6 0 0 0 0 1.6 2.4000000000000004 0 0 0 0 0.2 3.6 1.8 0 0 0 2.4000000000000004 2 0 0 0 2.2 0 0 0 0 0 0 1.2000000000000002 0 0 0 2.4000000000000004 0 0 0.2 0 0 0.2 0 0 0 0 0.4 0 0 0 0 0 0 0 0 0 0 0 2.6 0 0 1.6 2 5.2 7.4 3.6 6.2 0 0 8.6 6 2.8000000000000003 6.4 0 2.2 0 0 0 0 0 0 3.4000000000000004 0 1.4000000000000001 0 0 0 2.6 0 0 0 0 0 2 0 2 2 0 0 2 3.8000000000000003 0 0 0 0 0 0 0 0.4 0 0 0 0 0 0 0 0 0 0 1.6 0 0 0 0 0 0 0 0 0 0 0 0 0 0 0 3.6 0.6000000000000001 0.4 15.200000000000001 0.2 0.8 0.4 3.4000000000000004 0 0 0 0 0 0 0 0 0 0 0 1.8 0 0 0 0 0 0 0 1.8 0 0 0 0 0 0 0 0.2 
 0 0.4 0 0 0 0.4 0 0 0.4 0 0 0 0 0.4 0 0.6000000000000001 0 0 3 0 27.400000000000002 34.4 69.8 28.8 54 59.6 94.2 50.400000000000006 48.2 41 0 90 24.8 5.800000000000001 26.6 53.400000000000006 44.400000000000006 8.4 25 12.8 10.4 0.6000000000000001 0.4 0 2.4000000000000004 0 0 0.6000000000000001 1.4000000000000001 0.6000000000000001 0 0.4 1 0 0 0.4 0 0 3.8000000000000003 0.6000000000000001 0.2 0 0 0 0.6000000000000001 0 0 0 0 0 0.2 0.4 0.4 0 0 0.4 0 0 0.6000000000000001 0.4 0 0 0 0 3.4000000000000004 0.8 0 0 0 0 0 0 0 0 0 0 0 0 0 0 0.2 0 5.6000000000000005 4.800000000000001 1.4000000000000001 1.6 1.8 0 0 8.4 2.8000000000000003 5.800000000000001 1.8 11.600000000000001 0.4 4 2.6 1.6 4.6000000000000005 2 1.4000000000000001 4.4 0 0 0 0 2.2 3.4000000000000004 0 2.8000000000000003 0 0 0 0.2 2.2 0.2 0 2.2 0.2 0.2 0 0 0 0 0 0 0 0 0 0 0 0 1.6 0 0.2 0 1.2000000000000002 0 0 0 0 0 0 0 0 0 0 0 0 0 0 0 0 0 0 0 0.4 0 0 0.4 3.2 2.4000000000000004 4.6000000000000005 4.800000000000001 8.200000000000001 4.4 5.2 0 2 0.4 10.600000000000001 0 0.2 10.600000000000001 7 1.8 2.8000000000000003 0 0 3 2.6 0 0 0 0 0 0 0 2.8000000000000003 0 0 0 6.6000000000000005 0 11 0.2 1.6 0 2.6 1.6 0 0 0 0 0 0 0 0 0 0 0 0 0 0 0 3.6 0 0 0 0 0 0 0 0 0 0 0 0.2 0 0 0 0 0 0 2.2 0.2 1 13 0.2 0 0 0 0 0 0 0 0 0 0 0 0 0 0 0 0 0 0 0 0 3.2 0 1.6 0 0 0 0 0 0 0 0 
 0 0.2 0.6000000000000001 0 0 0 0 6.800000000000001 1.4000000000000001 0.6000000000000001 0 0 0 0 0 0.2 0 0 0.2 0 9 82 41.800000000000004 22.400000000000002 10.8 11.4 25.400000000000002 63.800000000000004 26.8 69.8 90 0 11 9.600000000000001 23 11.4 118.2 81.2 29.400000000000002 24.8 16 0 0.4 0 1.8 0 0 0.6000000000000001 12.600000000000001 0 0 1.2000000000000002 25.6 0 0 0.4 0.2 0 13.200000000000001 0.8 0 0 0 0 0 0 0.8 0 0 0 0.4 0 0.4 0 0 0.4 0 0 0.6000000000000001 0 0 0 0 0 0 0 0 0 0 0 0 0 0 0 0 0 0 0 0 0 0 0 7.800000000000001 0 2.2 3.4000000000000004 1.6 0 0.4 5.800000000000001 7.2 0 0 2.6 0 0 3.4000000000000004 0 0 0.8 0 7.4 0 0 0.4 0 3.2 0 0 6.4 1.4000000000000001 0 1.4000000000000001 2 4.6000000000000005 0 0 2.2 0.4 4.6000000000000005 0 0 0 0 0 0.4 0 2.6 0 0 2.4000000000000004 0 0 0 0.4 0 0 1.6 2.6 0 0 0 0 0 0.2 0 0 0 0 0 0 0 0 0 0 0.2 0 0 0 0 2 1.6 5.800000000000001 2.8000000000000003 1.8 5.800000000000001 2.6 4 2 6.4 10.8 15.600000000000001 0 0.8 3 2.8000000000000003 9.600000000000001 1.6 0 0 2.2 0 2 0 0 0 0 0.2 0 0 0 0 3.8000000000000003 0.2 4 3 2.4000000000000004 0 6 3 0 0 0 0 0 0 0 0 0 0 0 0 0 0 0 0 0 0 0 0 0 0 0.2 0 0 0 0 0 0 0 0 0 0 0 2.2 0.2 0.8 30 0.4 0.2 0.6000000000000001 0.8 0 0 0 0 0 0 0 0 0 0 0 0 0 0 0 0 0 0 0 1.8 0 0 0 0 0 0 0 0 
