 0 35.2 53.400000000000006 45.400000000000006 12 25 53.6 25 8.4 22.6 42.400000000000006 6.800000000000001 16 21.200000000000003 38 48.6 39.400000000000006 4.6000000000000005 24.6 62.6 0.4 0 0 0 0 0.6000000000000001 0 0 0.6000000000000001 0 0.4 0 0.2 0 0.4 0 0.6000000000000001 0 0 0 0 0 0.6000000000000001 0 0 0 0 12.600000000000001 0 0 0 0 0.6000000000000001 0.6000000000000001 0 0 0 0.6000000000000001 0 0 0 0.6000000000000001 0 0.4 0.6000000000000001 0 0 0 0 0 0 0 0 0.4 0 0 0.6000000000000001 0 0 0.6000000000000001 4 4.4 2.2 6 0 0 2 3.2 8.200000000000001 2.2 7.4 2 0.8 11.200000000000001 2.6 2.4000000000000004 4.4 6.4 0 2.2 0 0 0 0 0 2.8000000000000003 0 0 0 0 2.2 0 0 0 0.4 0 0 0 0 0 0 0 0 0 0 0 0 0 0 0 0 0 0 0.2 0 0 0 0 0 0 0 0 2 0 0 0 1.4000000000000001 0 0 0 0 0 0.2 0 1.2000000000000002 0 0 0 0 0 1.4000000000000001 6 3.2 1.2000000000000002 3.2 9.4 4.4 3.6 0 7.2 0.6000000000000001 2.2 0 6.800000000000001 0 0.2 2 7.2 0 2 0 0 0 0 0 0 0 0 0 0 0 0 0 0 0 0 0 0 4 0 0 0 0.2 0 0 0 0 0 0 0 0.2 0 0 0 0 0 0 0 0 0.4 0 0 0 0 0 0 0 0 0 0 1 0 0 0 0 0 0 0 0 0 0 0 0 0 0 0.4 0 0 0.4 8.6 0 1 0 0 0 0 0 0 0 0 0 0 0 0 0 0 0 0 0 0 0 0 0 0 0 0.2 0 2.8000000000000003 0 0 0 0 0 0 0 0 0 0 0 0 
 35.2 0 30.8 30 18.6 21.400000000000002 105 15 34.6 6.4 42 6.6000000000000005 12.8 29.6 27.200000000000003 58.6 61.6 60.800000000000004 5.6000000000000005 30.400000000000002 0.4 0 0 0 0 0.6000000000000001 0 0 0.6000000000000001 0.4 0.4 0 0 0 0 15.600000000000001 0.4 0 0 0 0 0 1.4000000000000001 0 0 0 0 0 0 0 0 0.8 0.6000000000000001 0.6000000000000001 0 0 0 0.6000000000000001 0.4 0 0 0.6000000000000001 0.4 0 0.6000000000000001 0 0 0 0 1.2000000000000002 1.2000000000000002 0 0 0.4 0 0 0.6000000000000001 0 0.4 1.4000000000000001 4.2 3.8000000000000003 2.4000000000000004 2 2.6 2 7.2 4.4 1.8 4.800000000000001 2.2 2 0 2.2 3.2 2.2 0 2.2 4 0 0 0 0 0 0 0 0.2 0 0 0 0.2 0 0 0.2 0 0 0 0 5 6 0 0.4 0 0 0 1 0 0 0 0 0 0 0 0 0 0 0.4 0 0 0 0 0 0.2 0 0 0 0 0 0 0 2 0 0 0 0 1 0 0 0.2 0 6.6000000000000005 0 10 1.4000000000000001 3.2 3.4000000000000004 4.2 2.6 0 3 3.6 5.4 0 0.6000000000000001 1.2000000000000002 3.8000000000000003 6.2 1.8 2 0 0 0 0 0 0 1.4000000000000001 0 0 0 0 0 0 1 0.2 0 0 0 0 0 3.4000000000000004 0 0 0 0 0 0 0 0 0 0 0 2.8000000000000003 0 0 0 0 0 0 0 0 0 0 5.2 0 0 0 0.4 0 0 0 0 0 0.4 0 0 0 0 0 0 0 0 0 0 0 0 0.4 0.6000000000000001 0.4 0.2 0.2 2.8000000000000003 0 0 0 0 0 0 0 0 0 0 0 5.800000000000001 0 0 0 0 0 0 0 0 0 0 0 0 0 0 0.2 0 0 0 0 0 0 0 0 0 2.4000000000000004 0 0 
 53.400000000000006 30.8 0 42.800000000000004 65.60000000000001 7.800000000000001 35.800000000000004 18.2 70.8 64.8 27.400000000000002 18.400000000000002 22.400000000000002 12.4 8.8 29.400000000000002 12.4 7 28 17.400000000000002 0.4 0.6000000000000001 0 0 0.4 0.6000000000000001 15.4 41.400000000000006 0.8 0.4 0 0 0 38.2 0 0 0.4 0.2 16.6 0 0.8 0.4 0.8 0.8 0.4 0.2 0.2 0.6000000000000001 0.2 0 0 0 1 0.6000000000000001 0.2 0.2 1 0.4 0 0 0 0.6000000000000001 0 10.200000000000001 0.6000000000000001 0 0.2 0 0 9.200000000000001 0 0.2 6.4 0.4 0 0 1.2000000000000002 0 0 0.4 0 10.600000000000001 8.4 0 1.8 7.4 3 2.6 3.4000000000000004 2.8000000000000003 0 2 0 0 0 1.8 1.6 2 6 3 1.4000000000000001 0.2 0 0 0 0 1.8 0 0 0 0 0 0.2 5.800000000000001 0 0 0 0 0 1.2000000000000002 0 0 0 0 0 0 0 0 0 0 0 0 0 0 3.6 0 0 0 0 0 0 0 0 0 0 0 0.2 0 0 0 0 0 0 0 0.2 0.6000000000000001 0 0 0 0 2.8000000000000003 5.6000000000000005 0 4 2.6 0 0 0.2 5 0 0 1 1 1.8 2.2 1.8 4 0 0.4 0 0 0 0 0 0 0 0 0 2 0 0 0 3.4000000000000004 1.8 0 1.4000000000000001 0 0 0 0 0 0 0 0 0 0 0 0 0 0 0 3.6 0 0 0 0 0 0 0 1.4000000000000001 1.2000000000000002 0 0 0.2 0 0 0 0 0 0 0 0 0 0 0 0 0 0 0 0 0 0 0 0 0 0.6000000000000001 0 0 18.6 0.2 0.4 2.4000000000000004 3.8000000000000003 0 0 0 0 0 0 0 0 0.2 0 0 0 0 0 0 0 0 0 0 0 0 0 0.2 6.6000000000000005 0 0 0 0 0 0 0 0 0 0 0 0 0 
 45.400000000000006 30 42.800000000000004 0 56.400000000000006 29.400000000000002 16 52.400000000000006 20.400000000000002 45.800000000000004 59 8.4 33.6 30.8 29.400000000000002 7.6000000000000005 42.800000000000004 8.6 32.2 43.6 0.4 0 0.6000000000000001 15.200000000000001 0 0.6000000000000001 0 0 1 0 0 0 0 0 0 0.6000000000000001 0.4 0 0 0 0 0 0.6000000000000001 0 0 0 0 0 0 0 0 0 0.6000000000000001 0.6000000000000001 0 0 0 0.6000000000000001 0 0 0 0.6000000000000001 9.600000000000001 14.8 0.6000000000000001 0 0 0 0 0 0 0 0 0.4 0 0 0.6000000000000001 0 0.2 0.6000000000000001 2.8000000000000003 1.2000000000000002 2.8000000000000003 0 4.2 0 0 6.2 4.800000000000001 2.4000000000000004 4.6000000000000005 1.8 0 8.200000000000001 3.2 2.6 0.6000000000000001 3.4000000000000004 0 3.2 0 0 0 0 0 0.4 0 0 2.8000000000000003 0 0 0 0.8 0 0 0 3.8000000000000003 0 0 0 0 0 0 0 0 0 0 0 0 0 0 0 1.8 0 0 0 0 0.4 0 0 0 0 0 0 0 0 0 0 0 0 0 0.4 0 0 2.8000000000000003 0 0 0 0 0 4.2 2 2.2 0 6.4 15.8 3.4000000000000004 2.6 2.6 1.6 0 7.800000000000001 14.200000000000001 3 4.2 0 1.8 0 0 0.4 4.2 0 0 0 0 0 3.4000000000000004 0 0 0 0 0 1.2000000000000002 0.2 0 0 0 0 3.6 0 0 0 0 0 0 0 0 0 0 0 0 0 0 0 0 0 0 0 0 0 0 0 0 0 0 0 0 0 0 0.2 0 0 0 0.2 0 0 0 0 0 0 0 0 0.2 0 0 0.4 17.8 0 0.2 17.2 4.4 3.8000000000000003 0 0 0 0 0 0 16 0 0 0 0 0 0 0 0 0 0 0 0 0 0 0 0 0 0 0 0 0 0 0 0 0 0 0 0 0 0 0 
 12 18.6 65.60000000000001 56.400000000000006 0 45.2 10.4 11.600000000000001 35.6 43.6 24.400000000000002 61.400000000000006 17.2 12 14.600000000000001 34 30 25.8 11.4 20.6 15.200000000000001 0 14.8 0 0 0.8 0 3.8000000000000003 0.6000000000000001 0 0 0 16.8 16.8 16.6 0 0.4 0 0 0 0 0 0.6000000000000001 0 0 0 0 0 0 0 0 0 0.6000000000000001 0.6000000000000001 0 0 0 1 0 1 0 0.6000000000000001 0 0 0.6000000000000001 0 0 0 0 0.2 0 0 0 0.4 0 0 1.8 0 0.4 0.6000000000000001 0 4 3.8000000000000003 0 8.200000000000001 12.8 0 0 0 0.2 3.2 10.200000000000001 0 0 0 4.2 0 0.4 0 0 3.2 0 2 0 0 0 3.4000000000000004 0 0 0.6000000000000001 6.2 0.6000000000000001 3.6 3.6 0 1.2000000000000002 1.8 4.2 8.4 5.2 0 3.2 0 0 0 0 0 0.2 0 0 0 0 0 0 0 0 0 0 0 0 0 0 0 0.6000000000000001 0 0 0 0 0 0 0 0 0 0 0 0 0 0 0 0 0.2 0 2.8000000000000003 0 0 2.2 0 8.6 0.4 0 2.6 0 0 0 0 0 1.8 1.4000000000000001 0 0.6000000000000001 12.4 0.2 3.2 0 0.4 0 0.4 0 0.2 0 0 0 4.800000000000001 11.8 6.800000000000001 0.2 0 3.4000000000000004 2 7.2 0 0 0 0 0 0 0 0 0 0 0 0 0 0 0 0 0 0 0 0 0 0 0 0 0 0 0 0 0 0 0 0 0 0 0 0 0 0 0 0 0 0 0 0 0 0.8 0.8 0 17.400000000000002 9.8 0 2.4000000000000004 0 0.4 0 0 0 0 0 0 0 0 2.2 0 0 0 5 0 0 0 0 0 0 0 0 0 2 0 0 0 0 0 0 0 0 0 0 0 0 0 
 25 21.400000000000002 7.800000000000001 29.400000000000002 45.2 0 22.8 13.8 25.8 50.400000000000006 18.2 27.6 8.200000000000001 10.4 10.200000000000001 14 16.2 24 9.200000000000001 19.200000000000003 15.200000000000001 0 14.600000000000001 0 0 0.6000000000000001 0 15.200000000000001 0.6000000000000001 0.2 0 0 31 27.6 29.8 0 0.4 15.200000000000001 14.8 30.400000000000002 0 0 0.6000000000000001 12.600000000000001 0 0 0 0 0 0 0 12.8 0.6000000000000001 0.6000000000000001 0 0 0 0.2 0 0 0 0.6000000000000001 9.4 0 0.6000000000000001 0 0 0 0 1.2000000000000002 0 0.2 0 0.4 0 0 1.4000000000000001 0 10 0.4 0 4.800000000000001 0 0 3.6 2.8000000000000003 0 0 0 0 3.4000000000000004 2 0 0 0 3.8000000000000003 0 0.2 0 0 5 2.8000000000000003 3.4000000000000004 2.8000000000000003 0 0 2.8000000000000003 2.2 0 2.4000000000000004 8.200000000000001 2.2 3 8 2.2 1.8 3.8000000000000003 2.6 13.200000000000001 3 0 0 0 0 0.4 0.4 0 0 0 0 0 0 0 0 0 0 0 0 0 0 0 0.4 0 0.2 0 0 0 0 0 0 0 0 0 0 0 0 0 0 0 0 0 0 0 0 2.2 2.2 0 0.8 0 0 6 0.4 0 1.2000000000000002 0 0 1.8 0 0 2.8000000000000003 5.6000000000000005 0 1.8 0 0 0 0.2 0.4 3.4000000000000004 0 0 0.4 8.200000000000001 4.4 5 1.8 0 4.2 9.4 4.2 0 0 0 0 0.2 0 0 0 0 0 0 0 0 0 0 0 0.4 0 0 0 0 0 0 0 0 2.6 0 0 0 0 0 0 0 0 0 0 0 0 0 0 0 0 0 0 0 0.8 0.4 0 1.4000000000000001 0.4 0 3.2 0 0 0 0 0 20.400000000000002 0 0 0 0 3.8000000000000003 0 0 0.2 2.8000000000000003 0 0 0 0 0 0 0 0 0 0 0 0 0 0 0 0 0 0 0 0 0 0 0 
 53.6 105 35.800000000000004 16 10.4 22.8 0 17.6 28.400000000000002 76.4 39.800000000000004 10.4 54.6 92.80000000000001 42.400000000000006 31.400000000000002 32.2 38.2 7.2 25.8 0.4 0 0 0 0 0.6000000000000001 0 0.4 0.6000000000000001 0.4 0 0 0 0 0.2 0.6000000000000001 0.4 0.4 0 0.2 0 0 0.6000000000000001 0.4 0 0 0 0 0 0 0 0 0.6000000000000001 0.6000000000000001 0 0 0 0.4 0.4 0 0.4 0.8 0 0.6000000000000001 0.6000000000000001 0 0 0.4 0 0 0 0 0.4 0.4 0 0.6000000000000001 0.6000000000000001 0 0.6000000000000001 1.2000000000000002 3.2 1.6 1.4000000000000001 1.6 2 0 7.2 0 3.8000000000000003 2.6 0.4 2.2 0 4.4 4.6000000000000005 5.2 0.2 3 1 0.2 0 0 0.4 0 0.4 0 0 0 0.4 0 0.4 0 0.4 0 0 0 0 1.8 0.2 0 0 0 0 0 0 0 0 0 0 0 0 0 0 0 0.4 0 0 0 0 0.4 0 0 0 0 0 0 0 0 0 0 0 0 0 0 0 1 0.2 0 0 0 0 0 2.4000000000000004 0 4.2 2.2 5.6000000000000005 2.4000000000000004 0 0 8.200000000000001 4.6000000000000005 0.2 5.800000000000001 0.4 3.4000000000000004 4 0 6.2 5 0 0 0 0 0 0 0 2.8000000000000003 0 0 0 0 0 0 0 3.2 0 0 2.2 2.2 0 0 0 0 0 0 0 0 0 0 0 0 0 0 0 0 0 0 0 0 0 0 0 0 0 0 0 0 0 0 0 0 0 0 0 0 0 0 0 0 0 0.4 0 0 0 0.4 0 0 0.8 17.400000000000002 0 3.4000000000000004 0 0 0 0 0 0 0 0.2 0 0 0 0.2 0 0 0 0 0 0 0 0 0 0 0 2 0 0.2 0 0 0 0 0 0 0 0 0 0 0 0.2 
 25 15 18.2 52.400000000000006 11.600000000000001 13.8 17.6 0 9.600000000000001 18.6 8 2 50.400000000000006 41.2 7.2 10.8 25.200000000000003 5.6000000000000005 42 47.2 0.4 0 0 0 0 0.6000000000000001 0 0 0.6000000000000001 0 0 0 0 0.4 0 0 0.4 0 0 0 0 0 0.6000000000000001 0 0 0 0 0 0 0 0 0 0.6000000000000001 0.6000000000000001 0 0 0 0.6000000000000001 0 1.4000000000000001 0 0.6000000000000001 0 0 0.6000000000000001 0 0.4 0 0 0 0 0 0.4 0.4 10 0 0.6000000000000001 0 0.4 0.6000000000000001 3.8000000000000003 0 0 5.6000000000000005 0 0 3.4000000000000004 2.6 3.6 1.8 2.6 0 2.6 1 2 0 6 1.4000000000000001 0.4 11.8 0 0.4 0 0 0 0 0 0.2 0 0 0 0 0 0 0 0 0 0 0 0 0 0 0.2 0 0 0 0 0 0 0 0 0 0 0 1.6 0 0 0 0 0 0 0 0 0 0 0.4 0 0 0 0 0 0 0 0 0 0 0 0 0 0 3 0.2 6.2 0 3 0 3.8000000000000003 2.4000000000000004 0 2 0 0 7.2 0 7 8.8 0 2 0 0.4 0 0 0 0 0 0 0 0 0 0 0 0.2 0 0 0.4 0 0 0.4 0 0 0 0 0 0 0 0 0 0 0 0 0 0 0 0 0 0 0 0 0 0 0 0 0 0 0 0 0 0 0 0 0 0 0 0 0 0 0 0 0 0 0 0 0 0 0 0 0 0 0 0 0 0.6000000000000001 0 0 0 0 0 0 0 0 0 0 0 0 0 0 0 0 0 0 0 0 0 0 0 0 0 0 0 0 0 0 0 0 0 0 0 0 0 0 
 8.4 34.6 70.8 20.400000000000002 35.6 25.8 28.400000000000002 9.600000000000001 0 106.2 26.8 5.2 20.6 54.400000000000006 25.8 31 10 8.4 14.4 16 0.6000000000000001 0.2 0 0.8 0 4 3.4000000000000004 0 0.8 0.2 4.800000000000001 0.4 0 0 0 0 0.4 3.4000000000000004 0 0 0 0 0.6000000000000001 0 0 0 0 0 0.4 0 0 0 0.8 3 0 0 0 0 0.6000000000000001 0 0 0.6000000000000001 0 0 0.4 0 0 0 0 0 0 0.6000000000000001 0.4 0.4 0 0 0.4 0 0 0 3.4000000000000004 0.8 5.4 0 2 10.200000000000001 2 0 0 3.8000000000000003 5.2 2.8000000000000003 0 0.2 0 0 0 4.800000000000001 1.4000000000000001 0.2 0 0 0 0 0 0 5.4 0 0 0 0 0 0 0 2.2 0 0 0 0 1.4000000000000001 0 0 0 0 0 0 0 0 0 0 0 0 0 0 0 0 0 0 0 0 0 0 0 0 0 0 0 0 0 0 0 0 0 0 0 0.4 0 0 0 0 0 0 0.4 2.6 0 2 0.2 0 5.2 0 0 0 0.2 2 2 2.6 5.800000000000001 2.8000000000000003 2.2 0 0 0.4 0 0 0 0 0 0 5.2 0.2 0 0 0 6.2 0.4 3.4000000000000004 3.2 0 0 0.4 0 0 0 0 0 0 0 0 0 0 0 0 0 0 0 0 0 0 0 0 0 0 0.2 0 0 0 0 0 0 0 0.2 0 0 0 0 0 1.8 0 0 0 0 0 0 0 0 0 0 0.4 9.600000000000001 0.2 0.6000000000000001 5.800000000000001 4 0 0 0.4 0.2 0 0 0 0 0 0 0 0 0 0 0 0 0.4 0 0 0 0 0 0 0.2 0 0 0 0 0 0 0 0 0 0 0 0 0 
 22.6 6.4 64.8 45.800000000000004 43.6 50.400000000000006 76.4 18.6 106.2 0 60.6 71.2 54.6 29.6 78 39.2 54.800000000000004 13.600000000000001 12.8 21.200000000000003 0.4 0 0 0.6000000000000001 0.4 0.6000000000000001 0 0 0.6000000000000001 0 0.4 0.6000000000000001 15.8 17.2 0 0 0.4 0.2 4.800000000000001 15 0 0 0.6000000000000001 0 0 0.6000000000000001 0 0 0 0 0 0 0.6000000000000001 0.6000000000000001 0 0 0 0.4 0 0 0 0.6000000000000001 0 0 0.6000000000000001 0.6000000000000001 0 0 0 0 0 0 0 0.4 0 0 0.6000000000000001 0 0 0.6000000000000001 3.6 1 1 1.4000000000000001 2.8000000000000003 2.2 0 0 6.4 0.4 2.8000000000000003 1 0 4 0 4.4 2.2 3 0 0 1 3 0 0 0.2 0 0 0 2 0 0 0 0 0 2.2 0 0 0 1.6 2.4000000000000004 0 0 0 0.2 0 0 0.4 0 0 0 0 0 0 0 0 0 0 0 0 0 0 0 0 0 0 0 0 0 0 0 0 0 0 0 0 0 0 0 0 0 0 0 0 0 2.8000000000000003 2.8000000000000003 3.6 5 2.6 1 11.600000000000001 4.6000000000000005 1.6 4.4 0 0 1.8 5.800000000000001 0 1.4000000000000001 2.6 2.2 0 0 0 0 10 0 4 0 0 0 4.800000000000001 2.6 4 1.4000000000000001 0 0 6 0.6000000000000001 0 0 0 0 0 0.2 0 0 0 0 0 0 0 0 0 0 0 0 0 0 0 0 0 0 0 0 0 0 0 0 0 0 0 0 0 0 0 0 0 0 0 0 0 0 0 0.8 0.6000000000000001 0 0.2 0 0 0.6000000000000001 0 0 0.2 0 0 0 0 0 0.2 0 0 0 0 0 0 0 7.2 0.2 0 0 0 0 0 0.6000000000000001 2 0 0 0 0 0 0 0 0 0 0 0 0 0 
 42.400000000000006 42 27.400000000000002 59 24.400000000000002 18.2 39.800000000000004 8 26.8 60.6 0 66.2 60.800000000000004 28 11.4 22.400000000000002 41.6 43 48 45 15 0 0 1 0 0.6000000000000001 0 0 0.6000000000000001 0 0 0 0 14.8 0 57.400000000000006 0.4 1 0 0.4 0 0 0.6000000000000001 0 0.4 0.4 0 0 0 0 0 0 1.8 0.6000000000000001 0 0.4 0 1 0 13.600000000000001 0 0.6000000000000001 0 0 0.6000000000000001 0 0 0 0 0 0 0 0 0.4 0 0 0.6000000000000001 0 0 0.6000000000000001 0.4 12.600000000000001 5.4 2 0 3.6 3.8000000000000003 0 0 0.4 1.6 4.800000000000001 0 0 4.6000000000000005 3.8000000000000003 0 12.8 0 0 0 2 0 0 0 0 0 0 0 0 0 0 3.6 3.8000000000000003 0 0 4 1.2000000000000002 0 0 0 0 0 0.2 0 0 0 0 0 0 0 0 0.4 0 0 0 0 0 0 0 0 0 0 0 0 0 0 0 0.2 0 0 0 3 0 0.2 0 0 0 0 0 0 2.8000000000000003 0 0 0 0 0 2.6 2.4000000000000004 0 4 0.2 0 0.6000000000000001 0 0 0 0 0 0 0.4 0.4 0 0 0 0 0 2.2 0 0 0 0 0.2 6.2 0 0.2 0.4 0 0 0 0 0 1.6 0 0.4 0 0 0 0 0 6 0 0 0 0 0 0 0 0 0 0 0 0 0 0 0 0 0 0 0 0 0 0 0 0 0 0 0 0 0 0 0 7.800000000000001 0 0 0.4 0.8 0.4 17.400000000000002 17.6 0.2 2.6 0 0 0 0 0 0 0 0 0 0 0 0 0 0 0 0 0 0 0 0 0 0 0 5.6000000000000005 2.6 1.6 0 0 0 0 0 0 0 0.4 0 0 0 0 
 6.800000000000001 6.6000000000000005 18.400000000000002 8.4 61.400000000000006 27.6 10.4 2 5.2 71.2 66.2 0 7.6000000000000005 24.8 5 7.4 38.800000000000004 30 48 5.4 29.6 0 0 0 0 0.6000000000000001 15 0 1 0.4 0 0 6 15 0 15 0.4 0 14.8 15.200000000000001 0 0 0.6000000000000001 0.4 1 0.4 0 0 0 0 0 0 0.6000000000000001 0.6000000000000001 0 0 0 1.2000000000000002 0 0 0 0.6000000000000001 0 0 0.6000000000000001 0 0 0 0 0.2 0 0 0 0.4 0 0 1.6 0 0.4 0.6000000000000001 0 0 0 3.2 2.2 7 0 8.8 3.6 0 2.4000000000000004 7.4 0 0 0 1.8 0 0 0 0 2.4000000000000004 7 2.4000000000000004 0 0 0 2 0 0 0 0 0 4 6.4 3 0 6.2 3.6 10.8 19.6 0 0 0 0 0 0 0 0 0 0 0 0 0 0 0 0 0 0 0 0 0 0 0 0 0 0 0 2 0 0 0 1.4000000000000001 0 0 0.4 0 0 0 0 0 0 0 0 0.2 0 3.8000000000000003 0 0 3.6 2 6.2 4.2 2.4000000000000004 0.6000000000000001 0 0 0 0 0 0 11 1.8 0 0 0 0 0 2.8000000000000003 3.6 0 0 0 12.8 6.2 4.4 7.6000000000000005 2.4000000000000004 6.6000000000000005 0.6000000000000001 6.2 0 0 0 0 0 0 0 0 0 0 0 0 0 0 0 0 0 0 0 0.4 0 0 0 0 0 0 0 0 0 0 0 0 0 0 0 0 0 0 0 0 0 0 0.2 0 0 0.2 0.2 0 0.2 9.4 0 1 0 0 0 0 0 0 0 0 0 0 0 0 0 0 7.4 0 0 0 0 0 0 0 0 0 0.8 0 0 0 0 0 0 0 0 0 0 0 0 0 
 16 12.8 22.400000000000002 33.6 17.2 8.200000000000001 54.6 50.400000000000006 20.6 54.6 60.800000000000004 7.6000000000000005 0 57.6 32.6 38.6 24.8 4.4 53.400000000000006 76.4 0.6000000000000001 0.4 0 0.4 0.2 0.8 0.4 0 0.6000000000000001 0.6000000000000001 0 0.4 0 0.2 0 0 0.4 0.2 0.4 0 0 0 0 0 0 0.2 0 0 0 0 0 0.2 0.6000000000000001 0.6000000000000001 0 0 0 0 0 0 0 0.6000000000000001 0 9 0.6000000000000001 0 0 0 0 0 0 0.4 0.2 0.4 0 0 0.6000000000000001 0 0 0.2 5.4 2.8000000000000003 4.800000000000001 5.2 0 0 1.2000000000000002 5.800000000000001 0 1.6 0.2 2.6 0.2 5.4 2.2 0 7.800000000000001 0 4.2 8.6 0 0 0 0 0 0 0 0 0 0 0 0 0 0 0 0 0 0 0 0 0 0 0 0 0 0 0 0 0 0 0 0 0 0 0 0 0 0 0 0 0 0 0 0 0 1.2000000000000002 0 0 0 0 0 0 0 0 0 0.8 0 0 0 0 4.6000000000000005 1.8 2 0 0.2 0 2.4000000000000004 6.2 3.2 0.2 3.6 0 2.4000000000000004 2.2 0.6000000000000001 4 0.2 0 0 0 0 0 0 0 0 0 0 0 0 0 0 0 0 0 0 0 3.2 0 0 0 0 0 0 0 0 0 0 0 0 0 0 0 2 0 0 0 0 0 0 0 0 0 0 0 0 0 0 0 0 0 0 0 0 0 0 0 0 0 0 0 0 0 0 0 0 0 0.2 0.2 0.4 0.8 0 0.8 0 0 0 0 0 0 0 0 0 0 13.4 0 0 0 0 0 0 0 0 0 0 0 0 0.2 0 0 0 0 0 0 0 0 0 0 0 0 0 0 
 21.200000000000003 29.6 12.4 30.8 12 10.4 92.80000000000001 41.2 54.400000000000006 29.6 28 24.8 57.6 0 20.6 68.8 23.6 7.2 66.2 63.800000000000004 0.4 0 0 0 0 0.6000000000000001 0 0.6000000000000001 0.6000000000000001 0.4 0 0 0 0.8 0 0 0.4 1 0 0 0 0 0.6000000000000001 0.2 0 0 0 0 0 0.4 0 0 0.6000000000000001 0.6000000000000001 0 0 0 0.6000000000000001 0.6000000000000001 1 0 0.6000000000000001 0 0 0.6000000000000001 0 0 0 0 0 0.6000000000000001 0 0 0.4 0 0 0.6000000000000001 0 0 1 11.8 0 4.2 4.800000000000001 0 0.2 6 3.2 0 8.4 1.8 0.4 8.6 0.2 5.800000000000001 0 0 0.4 5 3.6 0 0 0 0 0 0 0 0 0 0.4 0 0 0 0 0 0 0 0 0 0 0 0 0 0 0.2 0 0 0 0 0 0 0 0 0 0 0 0 0 0 0 0 2.2 0 0 0 1 0 0 0 0 0 0 0 0 0 1.2000000000000002 0 0 0 0 0 0.2 10.200000000000001 0.2 2.2 0.4 2.6 2.8000000000000003 0 1.4000000000000001 6.800000000000001 2.8000000000000003 2 2 8.4 3.6 4.4 0 0 0 0 0 0 0 0 0 1.4000000000000001 0 0.2 0 0 0 0 0 0 0 0 0 0 0 0 0.4 0 0 0 0 0 0 0 0 0 0 0 0 0 0 0 0 0 0 0 0 0 0 0 0 0 0 0.2 0 0 0 0 0 0 0 2.8000000000000003 0 0 0 0 0 0 0 0 0 0 0.4 0.2 0.6000000000000001 3.4000000000000004 6.2 0 0 0 0 0 0 0 0 0 0 0 0 0 0 0 0 0 0 0.6000000000000001 0 0 0 0 3 0 0 0 0 0 0 0 0 0 0 0 0 0 0 
 38 27.200000000000003 8.8 29.400000000000002 14.600000000000001 10.200000000000001 42.400000000000006 7.2 25.8 78 11.4 5 32.6 20.6 0 16.6 48.400000000000006 6.4 16.2 114.2 0.4 0 0 0 0.2 0.8 0 0.4 0.6000000000000001 0.4 0 0 0 0 0 3.6 0.4 0 0 0 0 0 0.6000000000000001 0 0 0 0 0 0 0 0 0 0.6000000000000001 0.6000000000000001 0 0 0 0.6000000000000001 0 0 0 0.6000000000000001 0 0 0.6000000000000001 0 0 0 0 0 0 0 0.4 0.4 0 0 0.6000000000000001 0 0 1.2000000000000002 0 3.8000000000000003 2.2 1.4000000000000001 0.2 0 2 1.8 3.4000000000000004 5.800000000000001 3 2 0 5.800000000000001 7 6.2 0.2 2.6 2 0 0 2 0 0 0 0 0 0 0 0 0 0 0 0 0 0.2 0 0 0 2.2 0 0 0 0 0 0 0 0 0 0 0 0 0 0 0 0 0 0 2 0 0 0 0 0 0 0.2 0.2 0.4 0 0 0 0 0 0 0.2 0.6000000000000001 0 0 0 0 1.8 0 0 3.8000000000000003 2 6.2 7.800000000000001 2.8000000000000003 0 5 0 2.8000000000000003 0 3 6 10.600000000000001 3 6 0.4 2.4000000000000004 0 0 0 0 0 0 0 0 0 0 0 0 0 0.2 5.6000000000000005 0 0 0 4.4 0 0 0 0 0 0 0 0 0 0 0 0 0 0 0 0 0 0 0 0 0 0 0 0 0 0 0 0 0 0 0 0 0 0 0 0 0 0 0 0 0 0 0 0 0 0 0.6000000000000001 0 0 0.2 17.6 0 1.6 0 0 0 0 0 0 0 0 0 0 0 0 0 0 0 0 0 0 0 0 0 0 0 0.2 0 0 0 0 0 0 0 0 0 0 0 0 0 0 
 48.6 58.6 29.400000000000002 7.6000000000000005 34 14 31.400000000000002 10.8 31 39.2 22.400000000000002 7.4 38.6 68.8 16.6 0 38.2 59 7.2 32 0.4 0 0.4 0 0 0.6000000000000001 0.2 0 0.6000000000000001 0.6000000000000001 0 0 0 0.2 0 41.400000000000006 0.4 0 0 0 0 0 0.2 0 0 0 0 0 12.600000000000001 0 12.4 0 0.6000000000000001 0.6000000000000001 0 0 0 0.6000000000000001 0 0 0 0.6000000000000001 0 0 0.6000000000000001 0 0 0 0 0 0 0 0 0.4 0 0 0.6000000000000001 0 0 0.6000000000000001 0 6.4 2.8000000000000003 2 2.4000000000000004 2.8000000000000003 6.4 0 0 0.2 10 3 0 0.8 4 4.2 0 4.6000000000000005 0 0 0 0 0 0 0 0 2.8000000000000003 0 0 0 0 0 0 0 0 4.2 0 0 2.8000000000000003 3 0 0 0 0 0 0 0 0 0 0 0 3.4000000000000004 0 0 0 0 0 0 0 0 0 0 0 0 0 0 0 0 0 0 0 0 0 0 0 0 0 0 0 0 1.2000000000000002 0 0 1.8 1.8 2.2 0 0.4 0 3.2 5 0 0 0 0 0 3 6.4 0 2 0 0 0 0 0 0 0 0 0 0 0 0 2 0.2 0 0 0 0 2.6 0 0 0 0 0 0 0 0 0 0 0 0 2.4000000000000004 0 0 0 0 0 0 1.6 0 0 3.2 0 0 0 0 0 0 0 0 0 0 0 0 0 0 0 0 0 0 0 0 0 0 0 0.6000000000000001 0 0.4 16.8 18.8 0 0.8 0 0 0 0 0 0 0 0 0 0 1.6 0 0 0 0 0 0 0 0 0 0 0 0 0 2 0 0 0 0 0 0 0 0 0 0 0 0 0 
 39.400000000000006 61.6 12.4 42.800000000000004 30 16.2 32.2 25.200000000000003 10 54.800000000000004 41.6 38.800000000000004 24.8 23.6 48.400000000000006 38.2 0 73.4 5.2 131.6 0.6000000000000001 0 0 0 0 0.6000000000000001 0 0.6000000000000001 0.6000000000000001 0.4 0 0 15.4 0 0 25.200000000000003 0.4 0.6000000000000001 0 15.200000000000001 1.2000000000000002 0.4 1 0 0 0 0 0 0 0.4 0 0 0.6000000000000001 0.6000000000000001 0 12.8 0.4 0.4 0 0.6000000000000001 0 0.6000000000000001 0 0 1.4000000000000001 0 0 0 0 0 0.4 1.2000000000000002 0 0.4 0 0 0.6000000000000001 0.4 0 0.6000000000000001 0 7.800000000000001 0 3 0.4 2.2 2.8000000000000003 6.800000000000001 4.2 6.2 2.8000000000000003 5.800000000000001 0 1.8 4.6000000000000005 4 2 1.6 0 0 0 0 0 0 0 0 0.6000000000000001 0 0.8 0 0 0 0 0 0 0 0.2 0 6.2 6.2 0 0 0 0 0 0 0 0 0 0 0 0 0 0 0 0 0 0 0 0 0 0 0 0 0 0 0 0 0 0 0 0 0 0 0.2 0 0 0.4 0 0 1.4000000000000001 0 4.2 3.4000000000000004 2.8000000000000003 2 0 2.8000000000000003 2.8000000000000003 11 0.8 6 0 0 0 0 2 4.2 0 0 0 0 0 0 0 0 0 0 0 0 0 0 7.2 0 0 0 0 0 0 3 0 0 0 0 0 0 0 4.2 0 0 0 6.2 0 0 0 0 0 0 1 0.2 0 0 0 0 0 0 0 0 0 0 0 0 0 0 0.2 0 0 0 0 3.4000000000000004 0 3 0 0 0 0 18 0 0.4 18.2 3 1 0 0 0 0 0 0 0 0 0 0 2.8000000000000003 0 0 0 0 0 0 0 0 0 0 0 0 0 0 0 0 0 0 0 0 0 0 0 0 0 0 0 
 4.6000000000000005 60.800000000000004 7 8.6 25.8 24 38.2 5.6000000000000005 8.4 13.600000000000001 43 30 4.4 7.2 6.4 59 73.4 0 5.4 6.6000000000000005 0.4 0 0 0 0 0.6000000000000001 0 0 0.6000000000000001 0 0 0.2 16.2 0 0 0 0.4 0 0 15 0 0.4 0.6000000000000001 0 0 0 0 0 0 0.2 0 0 0.6000000000000001 0.6000000000000001 0 0 0 0.6000000000000001 0 0 0 0.6000000000000001 0 0 0.6000000000000001 0 0 0 0 0 0 0 0 0.4 0 0 0.6000000000000001 0 0.2 0.6000000000000001 2 3.8000000000000003 2.6 4.2 0 1.8 11 9.8 8.200000000000001 4.2 6.6000000000000005 0.8 0 2.8000000000000003 3.2 7 2 1.2000000000000002 3 0 0 0 0 0 0 0 0.2 0 0 0 0 0.4 0 0 0 0 0.2 0.4 6.6000000000000005 7 0 0 0 0 0 0 0 0.2 0 0 0 0 0 0 0 0 0 0 0 0 0 0 0 0.2 0.2 3.6 0 0 0 0 0 0 0 0 0 0 0 0 0 0 3.4000000000000004 0 5.800000000000001 3 12 3.8000000000000003 0 2.6 3.8000000000000003 2.8000000000000003 0.8 3.6 0 0 0 0 2 7.2 0 0 0 0 0 0 0.4 0 0.4 0 0 0 0 0 2.6 0 0 0 0 0 0 3 0 0 0 0 0 0 0 0 0 0 0 2.8000000000000003 0 0 0 0 0 0 0 0 0 0 0 0 0 0.2 0 0 0 0 0 0 0 0 0 0 0 0 0 0 0 3 0 0 0 0.6000000000000001 18.2 0.6000000000000001 0.8 0 0 1.2000000000000002 0 0.4 0.4 0 0 0 0 0 0 0 7.6000000000000005 0 0 0 0 0 0 0 0 0 0 0 0 0 0 0 0 0 0 0 0 0 0 0 0 0 0 0 
 24.6 5.6000000000000005 28 32.2 11.4 9.200000000000001 7.2 42 14.4 12.8 48 48 53.400000000000006 66.2 16.2 7.2 5.2 5.4 0 34 0.8 0.6000000000000001 0 0 0 0.6000000000000001 0.6000000000000001 0 0.6000000000000001 1 0.2 0 0 0 0 0 1 0 0 0.4 1.2000000000000002 0 0 1.2000000000000002 0 0 0 0 0 0 0 0 1 0.6000000000000001 0 0 0 0.6000000000000001 0 0.6000000000000001 0 0.6000000000000001 0 6 1.2000000000000002 0 0 0.2 0.2 0 0 0.4 0 5.800000000000001 0 0 0.6000000000000001 0.2 0 0.4 1.8 0 3.6 3 0 0 0 13 3.6 2 4 0 1.4000000000000001 1.8 6.4 0 7.800000000000001 1.6 6.6000000000000005 8.200000000000001 0 0 0 0 0 0 0 0 0 0 0 0 0 0 0 0 0 0 0 0 0 0 0 0 0 0 0 0 0 0 0 0 0 0 0 0 0 0 2 0 0 0 0 0 0 0 0 0 0 0 0 0 0 0 0 0 0 0 0 0 18.2 2.2 2.8000000000000003 0 0.2 0 3.2 6.4 3.6 4 0 0.4 0 3.6 5.800000000000001 12.8 0 1.8 0 0 0 0 0 0 0 0 0 0 0 0 0 0 0 0 0 0 0 0 0 0.6000000000000001 0 0 0 0 0 0 0 0 0 0 0 0 0 0 0 0 0 0 0 0 0 0 0 0 0 0 0 0 0 0 0 0 0 0 0 0 0 0 0 0 0 0 0 0 0 0 0 0 0.4 0 0 2.8000000000000003 0 0 0 0 0 0 0 0 0 0 0 0 0 0 0 0 0 0 0 0 0 0 0 0 2.8000000000000003 0 0 0 0 0 0 0 0 0 0 0 0 0 
 62.6 30.400000000000002 17.400000000000002 43.6 20.6 19.200000000000003 25.8 47.2 16 21.200000000000003 45 5.4 76.4 63.800000000000004 114.2 32 131.6 6.6000000000000005 34 0 0.8 0.4 7.6000000000000005 0.6000000000000001 0 0.8 0 0.8 0.8 0 0 0 0 0 0 0.6000000000000001 1.4000000000000001 0 0.4 0 0 0 0.6000000000000001 1 0 0 0 0 0 0 0 0 0.6000000000000001 1 0.2 0 0 0.2 16.400000000000002 1.2000000000000002 0 0.6000000000000001 0 0 0.6000000000000001 0 0 0 0.4 0 0.8 0.2 0 0.4 0.4 0 0.6000000000000001 0.8 0 1.2000000000000002 2.6 3 1.4000000000000001 6.2 0 0 3.2 3.8000000000000003 5.4 4.2 0.2 3.6 0.2 9.200000000000001 2.2 0.4 3.8000000000000003 0 0 1.6 0 0 0 2.8000000000000003 0 0 0 0.6000000000000001 0 0 0 0 0 0 0.6000000000000001 0 3.6 0 4.2 0 0 0 0 0 0 0 0 0 0 0 0 0 0 0 0 0 0 0 0 0 2.8000000000000003 0 0 0 0 1 0 0 0 0 0 0 0 0 0.4 0 0 0.2 0 0 1.2000000000000002 0 3.2 0 4 3 7 2.2 0 0 0.2 2.4000000000000004 4.6000000000000005 0 8.200000000000001 3.6 1.4000000000000001 1 0 1.2000000000000002 0 0 0 0 0 0 0 0 0 0 0 0 0 0 0 0 0 0 0 0 0 0 0 0 0 0 0 0 0 0 0 0 0 0 0 0 0 0 0 0.2 0 1.4000000000000001 0 0 0 0 0 0 0 0 0 0 0 0 0 0 0 0 0 0 0 0 0 0 0 0.4 0.4 0 14.8 1.4000000000000001 2.6 1.4000000000000001 0 0 0 0 0 0 0 0 0 0 0 0 0 0 0 0 0 0 0 0 0 0 0 0 0 0 0 0 0 0 0 0 0 0 0 0 0 0 
 0.4 0.4 0.4 0.4 15.200000000000001 15.200000000000001 0.4 0.4 0.6000000000000001 0.4 15 29.6 0.6000000000000001 0.4 0.4 0.4 0.6000000000000001 0.4 0.8 0.8 0 36 18.400000000000002 32.4 11.200000000000001 7.2 28.6 18.8 43 23.200000000000003 34.800000000000004 31.8 24.8 40.2 35.6 18.400000000000002 34.800000000000004 19.8 4.2 9.4 0.8 0.8 0 0 0.4 0.2 0 0 0.6000000000000001 0 0 0.8 4.2 13.8 0.4 0.6000000000000001 0 2 0.2 0.6000000000000001 0 0.6000000000000001 0 1.2000000000000002 0.6000000000000001 0 1 0 0 2.4000000000000004 0 0 0.6000000000000001 0 0 0 2 0 0 0 0 0 0 2 0 2.8000000000000003 0 0 0 0.4 0 0 0 0 3.6 0 0 0 0 0 2 4 3.4000000000000004 2.2 7.2 0 0 0 3.6 0 0 0 7.6000000000000005 6 5.6000000000000005 2 13.4 3.2 4.6000000000000005 0 0 0 0 0 0 0 0 0 0 0 0 0 0.2 0.8 0 0 0 0 4.800000000000001 1.2000000000000002 0 0 0 0 0 0 0 0 0 0 0 0 0 0 0 0 0 0 0 0 0 0 0.4 3.2 0 0 0 0 0 0 0 0 0 0 0 0.6000000000000001 0 0 0 0 3.8000000000000003 2 5.800000000000001 8 0.6000000000000001 5.6000000000000005 2.4000000000000004 6.4 5.2 2.4000000000000004 8.6 7.6000000000000005 0 0.2 4.4 0 5.800000000000001 9.4 0 3.2 0 0 0 0 2 0 0 0 0 0 0 0 2.2 0.4 0 0 0 0 3.2 0 0 0 0 0 0 0 0 0 0 0 0 0 0 0 0 0 0 0 0 0.2 0 0 0.2 0 0 0 0 0 0 15.4 0 0 0 0 0.8 0 0 9.8 0.2 0 0.4 0 0 0 0 0 2.6 0 0 0 0 0 0 0 0 0 0 0 0 0.6000000000000001 0 0 0 0.2 0 0 0 0 0 0 
 0 0 0.6000000000000001 0 0 0 0 0 0.2 0 0 0 0.4 0 0 0 0 0 0.6000000000000001 0.4 36 0 42 53.800000000000004 20.200000000000003 15.600000000000001 79.80000000000001 48.400000000000006 52 51.6 67.60000000000001 38 42.800000000000004 12.600000000000001 77.2 40.6 66.2 37.800000000000004 24.6 8.4 7 0.2 0 0 0 0 0 0.2 0.6000000000000001 0 0 0 12.8 0 0 0 0 0 4.4 0 0 0.6000000000000001 0.4 0.2 0 0 0 0 0 0 0 0 0 0 0 0 0 0 0 0 0 0 0 0 0 0 0.4 0 0 0 0 0 0 0 0 0 0 0 0 0 1.6 0 6.800000000000001 8 5.2 2.8000000000000003 0.6000000000000001 9.200000000000001 2.2 4.6000000000000005 0 5.800000000000001 1.8 3 6.4 5.6000000000000005 2.2 2.8000000000000003 4.6000000000000005 0 0 0 0 0 0 0 8.4 0 0 0 0 0 0 1.4000000000000001 0 0 0 0 3.6 3.6 0 0 0 0 0 0 0 0 0 0 0 0 0 0 0 0 0 0 0 0 0 3.6 0 0 0 0 0 0 0 0 0 3.8000000000000003 0 0 0 0.4 0 0 0 0 0 5.4 1.6 3 1.6 1.4000000000000001 0 7.2 5.800000000000001 7 7 3 0 0 7.4 0 4.6000000000000005 3.4000000000000004 0 9 3.8000000000000003 2 0 0 0 0 0 0 0.2 0 0 0 5.6000000000000005 2.2 0 0 0 0 7.2 3.6 0 0 0 0 0 0 2.2 0 0 0 0 0 0 2 0 0 0 0 0 0 0 0 0 0 0 0 0 0 0 0 0 0 0 0 1.6 0.4 0 15.4 7.2 0 0 0 0 0 0 0 0 0 0 0 0 0 0 0 0 0 0 0 0 2 0 0 0 0 0 0 0 0 0 0 
 0 0 0 0.6000000000000001 14.8 14.600000000000001 0 0 0 0 0 0 0 0 0 0.4 0 0 0 7.6000000000000005 18.400000000000002 42 0 20 25.200000000000003 13.8 31.400000000000002 45.800000000000004 59.2 31.6 22.6 31.6 14.600000000000001 12 7.800000000000001 28 65.4 22.400000000000002 66.8 8 0 0 0 0.4 0 0 0.2 2.4000000000000004 0.8 0.2 0 0.4 0 0 0 0 0 0 12.4 0 0 0.6000000000000001 0.6000000000000001 0.2 0 0 0.6000000000000001 0 0 0 0 0 0 0 0 0 0 0 0 0.4 0 0 0 0 5.2 0 0 0 0 0 0 0 0 0 0 0 0 0 0 0 7.4 2 9.200000000000001 11.200000000000001 2.8000000000000003 0 1.6 9.600000000000001 4.6000000000000005 5 0 9.8 2.4000000000000004 2.8000000000000003 7.4 4.800000000000001 3.6 2.8000000000000003 0 2.4000000000000004 0.2 0.6000000000000001 0.2 0 0 0 3 0 0 0 0 0 0 0 0 0 0 0 5.2 0 0 0 0 1.4000000000000001 0 0.4 0.2 0 0 0 0 0 0 0 0 0 0 0 0 0 0.4 0 0 0 2.2 0 0 0 0 0 0 0 0.6000000000000001 0 0 1 0.4 0 0 0 1.4000000000000001 3.6 0 0 7 0 1.6 2.6 2.8000000000000003 2.8000000000000003 3 0 1 0.2 8.4 0.6000000000000001 3.2 1.8 0 0 0 0 0 0 0 0 2.8000000000000003 0.6000000000000001 0 0 0 0 0 0 0 0.2 0 0.2 0 0 0 0 2.6 0 0 0 0 0.2 0 0 0 0 0 2 0 0 0 0 0 0 0 0 0 0 0 0 0 0 14.8 0 0 0 0 0 1 0 0 0.8 9.200000000000001 0 0 0.2 0 0 0 0 0 0 0 0 0 0 0 0 0 0 0 0 0 0 0 0 0 0 0 1.8 0 0 0 0 
 0 0 0 15.200000000000001 0 0 0 0 0.8 0.6000000000000001 1 0 0.4 0 0 0 0 0 0 0.6000000000000001 32.4 53.800000000000004 20 0 79.60000000000001 68.60000000000001 17.2 31.200000000000003 27.8 63.6 85.4 38 47.400000000000006 16.2 14 6 21.8 70.2 11.8 69.8 25.200000000000003 0 0 0.2 0 0.4 12.200000000000001 7 0.6000000000000001 0 0 0.2 26.200000000000003 0.4 0.4 0 0 0 41.6 31 0 0.6000000000000001 0 0.4 0 0 0 0 0.6000000000000001 0 0.4 0 0 0 0.6000000000000001 10.8 0 0.2 0.4 0 0 0 0 0 0.2 0 0 0 0 0 0 0.4 0 0 0.4 0 0 0 0 0.4 0 0 0 0 7.2 7.6000000000000005 0 0 3.2 0 3 3.2 0.4 0 0 2.6 4.6000000000000005 0 0 0 8 3 0 2.2 0 0 2.2 0.2 2 0 0 0 1.4000000000000001 5.4 7 0 2.8000000000000003 5.4 2.6 2.2 0 0 0 0 1 0 0 0 0 0 3.6 0 0.4 0 0 0 0 0 0 0.2 0 0 0 0 0 0 0 0 0.4 0 0 0 0 2.6 0 0.2 0 0 0 0 0 0.2 3.2 6.4 3.4000000000000004 2.4000000000000004 0 0 5.800000000000001 2.6 4.2 2.6 0 0 0 0 2 5 0 0 6 1.8 0 0 0 0 0 6.800000000000001 3.4000000000000004 0 0 0 3.6 4.4 3.6 0 2 0 7.800000000000001 4.800000000000001 0 0 0 0 0 0 0.4 0 0 0 0.4 0 0 2.2 0 0 0 0 0 0 0 0 0.2 0 0 0.2 0 0 0 0 0 0 0 0 2.2 0.4 1 0 15.600000000000001 0 0.6000000000000001 1.6 0 0 0 0 0 0 0 0 0 0 0 0 0 0 0 0 0 0 0 4.6000000000000005 0 0 0 0 0 0 0 0 
 0 0 0.4 0 0 0 0 0 0 0.4 0 0 0.2 0 0.2 0 0 0 0 0 11.200000000000001 20.200000000000003 25.200000000000003 79.60000000000001 0 27.6 13.200000000000001 18.6 30 20.8 11.8 15.8 11.4 55.800000000000004 36 49.400000000000006 26 25.200000000000003 51.2 14.8 19.400000000000002 0 0 0.8 0 0 12.600000000000001 0.4 13 12.600000000000001 0 0.2 12.8 0 0 0 1.4000000000000001 0.2 0.4 0 0 1 1.2000000000000002 0.4 0 0 0.4 0.4 0 0 0 0 0 0 0 0 1.2000000000000002 0 0 0 0 0 0 0 0 0 0 0 0 0 5.4 0 0 0 0 0 0 0 0 0 0 0 0.2 0 9 4.2 0 0 0 4 6 2.8000000000000003 0 0 0 1.6 0 0 0 0 2 0 0 4.4 0 0 5.800000000000001 2.6 2.6 0 0 0 4.4 1.4000000000000001 5.4 0.2 1.4000000000000001 0.2 1.6 2 0 0 0 0 0 0 0 0 0 0 5.800000000000001 0 0 0 0 0 0 0 0.8 0 0 1.6 0 0 0.4 0.4 0 0 0 2.4000000000000004 0 0 0 0 0 0 3 2 0 0 0 2.2 0 4 8.6 0.4 0 0.6000000000000001 3.6 3.8000000000000003 7.2 0 0 0 0 0 1.8 0 0 0 3.2 0 0.2 0 0 0 0.8 5.6000000000000005 5.800000000000001 0 0 0 1.2000000000000002 8 6.800000000000001 6.4 0 0 3 9 0 0.4 0 0 0 0 0 0 0 0 0 0 0 0 0 0 0 0 0 0 0 0 0 0 0 0 0 0 0 0 0 0 0 0 2 0.4 0.4 0 4 0.4 0.4 0 0 0 0 3 0 0 0 0 0 0 0 0 0 0 0 0 0 0 0 0 0 0 0 0 0 0 0 0 
 0.6000000000000001 0.6000000000000001 0.6000000000000001 0.6000000000000001 0.8 0.6000000000000001 0.6000000000000001 0.6000000000000001 4 0.6000000000000001 0.6000000000000001 0.6000000000000001 0.8 0.6000000000000001 0.8 0.6000000000000001 0.6000000000000001 0.6000000000000001 0.6000000000000001 0.8 7.2 15.600000000000001 13.8 68.60000000000001 27.6 0 10 5.2 12 14.8 25.400000000000002 41.800000000000004 5.800000000000001 22.200000000000003 25.6 78 26.200000000000003 27.8 4.2 47.6 13.4 0.6000000000000001 0 0 0 0 0.6000000000000001 24.200000000000003 0.6000000000000001 12.600000000000001 0 0.4 0 29.6 23 12.4 0.4 0 0 13 0 0.6000000000000001 0 0 0 0 0 0 0 0 0 0 0 0 0 0 0.6000000000000001 0.4 0 0 1.6 0 0 0 0 0 0 0 0 0 0 3 0 0 0 0 0 0 0 0 0 0 0 0 2.6 5.6000000000000005 0 0 0 3.6 0 0.2 0 0 2.4000000000000004 0 0 0 0 0 1.2000000000000002 0 0.2 2.2 0 0 4 12 0 2.2 0 0 3 0 2 1.2000000000000002 2.8000000000000003 6.800000000000001 4.2 5 0 0 0 0 0 0 0 0 0 0 0.2 0 0 0 0 0 0 0 0 0 0 0 0 0 0 0 0 0 0 0 0 0 0 0 0 0 2.4000000000000004 0 0 0 0 8.8 0 0.2 5.800000000000001 9.200000000000001 0 2.2 2.8000000000000003 4 0 0 0 0 0 0 2.2 0 0 0 1.8 2.2 2.4000000000000004 0 0.2 0 7.800000000000001 1.2000000000000002 1.2000000000000002 0 0 0 0 4.800000000000001 0.2 0 3 0 5 6.6000000000000005 0 0.4 0 0 0 0 0 0 0 0 0.2 0 0 0 0 0 0 0 0 0.4 0 0 0 0 0 0 0 0 0 0 0 0 0 0 1.2000000000000002 0.8 0 0.8 1 0.4 2 0 0 0 0 0.2 0 0 0 0 0 0 0 0 0 0 0 0 0 0 0 2.6 0 0 0 0 0 0 0 0 
 0 0 15.4 0 0 0 0 0 3.4000000000000004 0 0 15 0.4 0 0 0.2 0 0 0.6000000000000001 0 28.6 79.80000000000001 31.400000000000002 17.2 13.200000000000001 10 0 65.2 76.4 6.6000000000000005 69.4 51.6 75.4 134.6 12.8 36.4 36.4 49.800000000000004 36.4 25.200000000000003 0 0.4 0 0 0 0 0 0 0.6000000000000001 0.2 0 0.2 0 0 0 0 0 0 4.4 0 0 0.6000000000000001 0 0 0 0 0 0 0 0 0 0 0 0 0 0 0 0 0 0 0 0 0 2 3 0 0 0 0 0 0 2.4000000000000004 0 0 0 0 0 1.8 0 0 2.6 7.6000000000000005 4 7 3.8000000000000003 3 4.4 10.4 8 4.800000000000001 0.2 5.800000000000001 0 12.200000000000001 16.2 3.2 9 2.4000000000000004 3.6 4.2 0 0 0 0 0 0 0 0 0 0 0 0 0 0 0 0 0 0 2 0 0 0.8 0 0 0 0.2 0 0 0 0 0 0 0 0 0 0 0 0 0 0 0.2 0 0 0 0 2 0 0 1.8 1.8 0 0 0 0 0 0.2 1.4000000000000001 0 0 0 0 4.4 1.4000000000000001 1.2000000000000002 0 2 0 2.6 4.6000000000000005 5 2.6 1.2000000000000002 0 3 2.4000000000000004 6.6000000000000005 0 5.800000000000001 9.8 0 0 0.4 0 0 0 0 0 0 0 0 0 0 0 0 0 0.4 0 0 0 0 0 0 0 0 0 0 0 0.4 0 0 0 0 0 0 0 0 0 0 0 0 0 1.8 0 0 0 0 0 0 0 0.2 0 0 1.8 0 3.2 0.4 0.4 0.2 10.8 0 0 0 0 0 0 0 0 0 0 0 0 0 0 0 0 0 0 0 0 0 4 0 0 0 0 0 0 0 0 0 
 0 0 41.400000000000006 0 3.8000000000000003 15.200000000000001 0.4 0 0 0 0 0 0 0.6000000000000001 0.4 0 0.6000000000000001 0 0 0.8 18.8 48.400000000000006 45.800000000000004 31.200000000000003 18.6 5.2 65.2 0 33.800000000000004 56 37.6 52.2 36.6 58.800000000000004 48.800000000000004 13.600000000000001 20.400000000000002 26.6 47.6 21.200000000000003 0 0 0 1.4000000000000001 0 0.2 0 4.800000000000001 0.6000000000000001 0 0 1 0 0 17.2 0.4 0 0.6000000000000001 0 0.8 0 0.6000000000000001 0 0.2 0 0 0 0.2 0 1 0.6000000000000001 0 0 0 0 0 0 0 0 1.4000000000000001 0 0 0 0 4 0.2 0 0 0 0 2.4000000000000004 0 0 0 0 0.2 0 0 0 0 6.4 0.2 2 6 7.2 0 1.4000000000000001 12.600000000000001 7 3.4000000000000004 0.2 6.6000000000000005 0 2.8000000000000003 7.6000000000000005 9.8 4.4 4 0.2 2.2 0 0 0 0 0 0 0 0 0 0 0 0 0 0 0 0 0 0 0.2 0 0 0 0 2 0 0 0 0 0 0 0 0.4 0 0 0 0 0 0 0 0 0 0 0 0 0 0 0 0.8 0 0 0 0 0 0 0 0 0 0 0 0 1.6 8.200000000000001 4.4 3.8000000000000003 3 3 3 2.8000000000000003 4.2 9.200000000000001 3.2 3.8000000000000003 1 0 8.8 3.8000000000000003 2.8000000000000003 0.8 0.2 0.2 0 0.2 0 0 2 0 0 0.2 0 0 0 0 0 0 0 0 0 0 0 0 0 0 0 0 0 0 0 0 0 0 0 0 0 2.4000000000000004 0 0 0 0 0 0 0 0 0 0 0 0 0 0 0 0 0 0 0 0 2.6 0.2 0 15 15.4 0.2 0 0.4 0 0 0 0 0 0 0 0 0 0 0 0 0 0 0 0 0 0 0 0 0 0 0 3 0 0 0 0 
 0.6000000000000001 0.6000000000000001 0.8 1 0.6000000000000001 0.6000000000000001 0.6000000000000001 0.6000000000000001 0.8 0.6000000000000001 0.6000000000000001 1 0.6000000000000001 0.6000000000000001 0.6000000000000001 0.6000000000000001 0.6000000000000001 0.6000000000000001 0.6000000000000001 0.8 43 52 59.2 27.8 30 12 76.4 33.800000000000004 0 45 38.400000000000006 17.8 19.400000000000002 51.6 23.200000000000003 58.2 53.400000000000006 22.400000000000002 37.800000000000004 45.2 0.4 0.4 0 0 0 0 0.2 1 0.6000000000000001 0 11 0.2 0.4 0 0.6000000000000001 0 0 0.6000000000000001 14.200000000000001 0 0 0.6000000000000001 1.2000000000000002 0.2 0 0 0 0 0.6000000000000001 0 9.200000000000001 0 0 0 0 0 0 0 0.4 0 0 0 0 0.4 6.800000000000001 0 0 0 0 0 0 0 0.2 0 0 0 0.4 0 0 0 3 4.2 8.8 10.8 2.8000000000000003 0 7.6000000000000005 9.8 6.4 4.2 2.6 3.2 0 7.6000000000000005 10.4 7.800000000000001 15 7.2 0 12.200000000000001 0 3.6 0 0 0 0 1.4000000000000001 0 1.4000000000000001 0 0 0 0 0 0.4 0 0 0 3.4000000000000004 0 0 7.800000000000001 0 0.4 0.4 0 0 0 0 0 0.2 0 0 0 0 0 0 0 0 0 0 0 0 0 0.2 0 0.4 0 1.4000000000000001 0 0 0 0.4 0 0 1 0 0 0 0 4.800000000000001 6.4 2.8000000000000003 4.800000000000001 1.6 3.8000000000000003 4.2 0 3.2 6 4.2 6.6000000000000005 0 2.4000000000000004 7.800000000000001 4 1.4000000000000001 3.8000000000000003 0 0 0.2 0 0 0 0 0 0 0.2 0 0 0.4 0 0 0 0.2 0 0 0 0.2 0 2 0 0 0 0 0.4 0 0 0 0 0 0 0 1.8 0 0 0 0 0 0 0 0 0 0 0 0 0 0 0 0 0 0 0 0 2.6 0 0 15 15.600000000000001 0.6000000000000001 0.2 0 0 0 0 0 0 0 0 0 0 0 0 0 0 0 0 0 0 0 0 0 0 0 0 0 0 0 0 0 
 0 0.4 0.4 0 0 0.2 0.4 0 0.2 0 0 0.4 0.6000000000000001 0.4 0.4 0.6000000000000001 0.4 0 1 0 23.200000000000003 51.6 31.6 63.6 20.8 14.8 6.6000000000000005 56 45 0 32.4 22.200000000000003 23.8 51.2 62 18.2 9.600000000000001 91 10.600000000000001 30.8 41.800000000000004 0.4 0 0.8 0 0 0 59.400000000000006 0.6000000000000001 0 0 12.8 12.4 0 0 0 0 0 14 0 0 3.2 0 0.2 0 0 0 0.4 0 0 0 0 0 0 0 0 0 1.6 0.2 0 0 0 0.2 0 0 0 0 0 0 0 0 0 0 0 0 0 0 0 0 0 0.2 0 0 2 2 0 0.2 4 5.2 0 0.2 0 3.6 0.4 2.2 3.6 0 0 0 0.4 0 7.4 0 0 0 0 3.8000000000000003 0.2 0.2 0 0 0 0 9.4 0.2 0 0 0 4.800000000000001 0.8 0 0 0 0 2.8000000000000003 0 0 0 0 0 0 0 0 0 0 0 0 0 0 0 0 0 0 0 0 0 0 0 0 0 0 0 0 0 0 0.6000000000000001 0 0 0 0 0.4 4.800000000000001 7.2 4.4 5.2 0 2.2 2 5.4 4 0.8 7.4 1.8 0 11.600000000000001 1.2000000000000002 4.2 2.8000000000000003 4 0 19.8 1.6 0 0 0.6000000000000001 0 0 0.8 0 0 3.8000000000000003 0 6 0 0 0 0 0 2.4000000000000004 6.4 0 0 0 0 0 0.4 0 0 0 0 0 0 0 0.4 0 0 0 0 0 0 0 0 0 0 0 0 0 0 0 0 0 0 0 0.4 1 0 0 18 0.2 0.4 0.8 4.6000000000000005 0 0 0 11.600000000000001 0 0 0 0 0 0 0 0 0 0 0 0 0 2 0 6.6000000000000005 0 0 0 0 1.8 0 0 0 
 0.4 0.4 0 0 0 0 0 0 4.800000000000001 0.4 0 0 0 0 0 0 0 0 0.2 0 34.800000000000004 67.60000000000001 22.6 85.4 11.8 25.400000000000002 69.4 37.6 38.400000000000006 32.4 0 46.6 27.8 72.4 20 51.800000000000004 61.800000000000004 38.400000000000006 50.2 16.2 0.4 0 0 0.4 5.800000000000001 0 0 0.2 0.6000000000000001 0 0 0.4 0 23.8 0 0 0.6000000000000001 0 0.2 0 0 0.6000000000000001 6 0 0.2 0 0 0 0 0 0.2 0 0.4 0 0 0 0.4 0 0 0.2 0.4 0 0 0 0 0 0 0 0 0 0 0 0 0 0 0 0 0 0 0 4.800000000000001 2.4000000000000004 2.2 6.2 2.4000000000000004 8.8 0 8.200000000000001 11.8 0.4 1.6 4 0 0 8.4 8.6 0 5.6000000000000005 0 0.2 0 0 0 2 0 0 0 3 0.2 0.4 0 0 0 0 0 0 0 0 11.4 4.6000000000000005 0 0 0 0 0 0 0 0 0 9.4 0 0 0 0 0 0 0 0 0 5.4 0 0.6000000000000001 0 0 0 0 0 0 0 0 0 0 0 0 0 0 1 0 0 0 0 0 5.2 11 7.4 7 1.8 3 3.6 1.6 3 11.600000000000001 0 0 4.800000000000001 3.6 4 4.800000000000001 0 0 5.2 0.8 0 0 0 0 0 0 2.2 0 0 0.2 3 0 5.6000000000000005 0.2 0 0 0.2 0 0 0 0 0 0 0 0 0 0 0 0.2 0 0 0 0 0.4 0 0 0 0 0 0 0 0 0 0 0 0 0 0 0 0 0 0 2.8000000000000003 0 0 15.4 0 0.2 4.2 0 0 0 0 4 0 0 0 0 0 0 0 0 0 0 0 0 0 1.8 0 0 0 0 0 1.8 1.8 0 0 0 
 0 0 0 0 0 0 0 0 0.4 0.6000000000000001 0 0 0.4 0 0 0 0 0.2 0 0 31.8 38 31.6 38 15.8 41.800000000000004 51.6 52.2 17.8 22.200000000000003 46.6 0 4.4 31.8 22.6 9.200000000000001 34.2 28.6 8.4 50.6 18.8 1.8 1.6 0 0 0.4 12.4 12.600000000000001 0.6000000000000001 0.4 0.2 0.8 13.200000000000001 12.4 13.4 0 0 0 0.6000000000000001 6 1.2000000000000002 0.6000000000000001 0 0.8 0 0.6000000000000001 0.4 0 0 0.6000000000000001 0 0 0 11.4 0 0 0.2 10.4 0 0 0 0 0 0 0 0 0 0 0 0 0 0 0 0 0 0 0 0 0 0 4.6000000000000005 0 1.8 5.4 10 2.2 1.2000000000000002 6.800000000000001 3.8000000000000003 0 0 8.6 0 2 11.4 10.4 2.4000000000000004 0 0 0 5.6000000000000005 0.4 0 0.6000000000000001 0 0 0.2 0 0 0 0 0.2 2.4000000000000004 0 0 0 4.2 1.8 0.4 2 0 0.2 0 0 0 0 0 0 0 0.2 3.6 0 0 0 5.6000000000000005 0 0 0 0.2 0 0 0 0 0 0 0.2 0 0 0 0 0 0 0 0 0 0.6000000000000001 0 0 0 0 0 4 3.8000000000000003 12.600000000000001 0 2.4000000000000004 0 0 6.4 4 2.2 10.8 0 0 7.2 0 0 1 0 0 2.4000000000000004 0 2.6 0 0 0 0 14.8 4.4 0 0 0 5.800000000000001 2.8000000000000003 4.4 0 2.2 0 4.2 3.4000000000000004 0 0 0.2 0 0 0 0 0.2 0 0 0 0 0 1.8 0 0 0 0 0 0 0 0 0 0 0 0 0 0 0 0 0 0 0 0 2.8000000000000003 0.4 0.8 0.2 15.600000000000001 1.2000000000000002 0 0.2 0 0 0 0 0 0 0 0 0 0 0 0 0 0 0 0 0 0 0 0 0 0 0 0 0 0 0 0 
