 0 20 33.6 76.4 9.200000000000001 9.200000000000001 40 29.8 57.2 28.400000000000002 30.6 72 47 30.6 10 10.8 67 27.400000000000002 57.6 80.4 0.4 0 0 0 0 0 0 0 0.4 0 0.4 0 0 0.2 0 0 0 0 0 0.6000000000000001 0 0 1 0 0 0.2 0.2 0 0 0 0.6000000000000001 0 0.4 0 0 0 0 0 0 0 0 0 0 0 0 0.6000000000000001 0.4 0.6000000000000001 0 0.4 0.6000000000000001 0 0 0 0 0 6.800000000000001 0.6000000000000001 0 0 14.600000000000001 0 8.6 2.6 4 3 3.8000000000000003 1.6 4.800000000000001 2.8000000000000003 20 3 0 0 6.6000000000000005 12.600000000000001 0 3.8000000000000003 3 4.2 0.2 0 0 0.4 0 0 4.2 0 0 0 0 0 0 0.4 0 0 0 0 0 0 0 0 0 0 0 0 0 0 0 0 0 0 0 0 0 0 0 0 0.4 0 0 0 0 0 0 0 4 0 0 0 0 0 0 2 2 0 0 0 0 0 2.2 1.8 7.4 7.4 0 1.4000000000000001 0 0 3 0 4.4 5 0.8 6 8.6 0.4 0 4.2 2.6 6.800000000000001 0 0.2 0 0 0 0 0 0 0 0 0 0 3.8000000000000003 0 0 0 0 0 3.2 0 0 0 0 0 0 2 0 0 0 0 0 0 0 0 0 0 0 0 0 0.2 4.6000000000000005 0 0 3.8000000000000003 0 0 0 0 0 0 0 0 0 0 0 0.2 0 0.4 0 0 0 0 0 0 0 0.4 19.200000000000003 0 0 0.4 0 3.2 0 0 0 0 0 0 0 0 0 0 0 0 0 0 0.4 0 0 0 0 0 0 0 0 0 1.2000000000000002 0 0 0 0 0 0 0 0 0 0 0 0 0 
 20 0 16 33.800000000000004 12.8 2.2 46.2 11.200000000000001 26.8 8.4 23.200000000000003 5.800000000000001 8.6 79 58.6 12 19 6.6000000000000005 41.6 20 0.4 0.6000000000000001 0 0.4 0 0.4 0 0 0.4 0 0.4 0 0.2 0.4 0 0 0.4 0 15 0.6000000000000001 0 0.4 0 0 0.2 0.4 0.6000000000000001 0.4 0 0.4 0.2 0.6000000000000001 1 0 0 0 0 0 0 0 0.4 0 0 0 0 7 0.4 1 0 0.4 0.6000000000000001 0 0 0 0.4 0 0.4 0 0.4 0 6.800000000000001 3.6 0.8 0 0 0.2 0 1.8 0.8 4.2 4 0 2.6 3.8000000000000003 5 2.4000000000000004 0.4 6.800000000000001 9.600000000000001 9.200000000000001 0 0 0 0 0 0 0 0 0 0 0 0 0 0 3 0 0 0 0 0 0 0 0 0 0 0 0 0 0 0 0 0 0 1.8 0 0 0 0 0 0 0 1.2000000000000002 0 0 0 0.6000000000000001 0 0 0 0 0 0 0 0 3.8000000000000003 0 0 0 0 0 6.800000000000001 2.6 3.8000000000000003 0.2 0 0 1 0 0 0 0 0 3.6 0 4.800000000000001 3 6.2 9.600000000000001 4.800000000000001 8 0 0 0 0 0 1.2000000000000002 0 0 0 0 0 0 0.2 0 1.4000000000000001 0 0 0 0 0 0 0 0 0 0 0 0 0 0 0 0 0 0 0 0 0 0 0 0 0 0 0 0 0 0 0 0 0 0 0 0 0 0 0 0 0 0 0 0 0 0 0 0 0 0 0.2 0.2 0 0 0.2 0 0.8 2.2 0 0 0 0 0 0 0 0 0 0 0 0 0 0 0 0 0 0 0 0 0 0 1.4000000000000001 0 0 0 0 0 0 0 0 0 0 0 0 0 0.2 
 33.6 16 0 51.800000000000004 22.200000000000003 38 72.2 35.800000000000004 51.2 26.6 90.80000000000001 29.400000000000002 50.800000000000004 28.400000000000002 7.800000000000001 26.400000000000002 18.8 47.800000000000004 10 53.6 0.4 0.4 0.6000000000000001 0 0 0.2 0 0 0.4 0.6000000000000001 1.4000000000000001 0 3.8000000000000003 0.6000000000000001 0 0.6000000000000001 0.6000000000000001 0 15.600000000000001 0.6000000000000001 0.8 1.2000000000000002 0.8 0 0 0 1 0 0.4 0 0.4 0 0.8 0.6000000000000001 0 0.4 0 0.2 0 0 0 0 0 0.2 0 3.2 1 0.6000000000000001 0 6.6000000000000005 0.6000000000000001 0.2 0.2 1 0 0 0 0.6000000000000001 0 0 2 5.800000000000001 4 2.4000000000000004 6.6000000000000005 0.2 2.4000000000000004 5 15.8 2.4000000000000004 3.6 3.6 0 3.6 0 3.4000000000000004 2.4000000000000004 7 0 3.6 1.4000000000000001 2.6 0 0 0 0 5.2 0 0 0 0.2 0 3.8000000000000003 3.2 0 0 0 0 0 9.8 0 0 0 0 0 0 0 0 0 0 0 0 0 0 0 0 0 0 0 0 0 0 0 0 0 0 0 0 0 0 0 0 0 0 0 0 0.6000000000000001 0 0.4 0 0 3.4000000000000004 3.8000000000000003 0.2 4 9 0 2.2 6 2 8.6 3.8000000000000003 1.8 2.6 0.2 2.6 0 4 0 4 4.2 0 0 0 0 0 0 0 0 0 0 0 0 0 2 0.2 0.2 0 0 5 0 0 0 0 0 0 0 0 3 0 0 0 0 0 0 0 0 0 0 0 0 0 0 0 0 2.4000000000000004 0 0 0 0 0 0 0 0 0 0 0 0 0 0 0 0 0 0 0 0.2 0.4 0 18 8.4 0 4 0 0 0 0 0 0 0 0 0 0 0 0 0 0 0 0 0 0 0 0 0 0.2 0 4.4 0 1.4000000000000001 0 0 0 0 0 0 0 0 0 0 0 0 
 76.4 33.800000000000004 51.800000000000004 0 130.6 6.800000000000001 53.6 13.8 37.4 40.400000000000006 57.400000000000006 33.6 53.800000000000004 43.400000000000006 59.800000000000004 52 43.2 90.80000000000001 51.800000000000004 32.2 0.4 0 0 0 0 0 0 0 0.4 0 6.2 0 0 0.4 0 0 0 0 5.4 0.6000000000000001 0 0.2 4.2 0 0 0 0.4 0 0 0 0.4 0 0.4 0 0 0 0 0 0 5.800000000000001 0 0 0 0 0 0.6000000000000001 0.4 0.6000000000000001 0 0.4 0.6000000000000001 0 0 0 0 0 0 0.6000000000000001 0 0 2.2 7 4 0 0 0 1.8 0 11.200000000000001 6 0 2.8000000000000003 0 4.800000000000001 1 3 6.2 5.6000000000000005 0 3.4000000000000004 2.2 0 0 0 0 0 3.8000000000000003 0 0 0 0 0 4 7 0.2 0 0 0 0 1.8 0 0 0.8 0 0 0 0 0 0 0 0 0 0 0 0 0 0 0 0 0 0 0.4 0 0 0 0.2 0.6000000000000001 0 0 0 0.2 0 0 0 0 0 0.4 0 0 0 4.2 3.2 2.6 3 1.6 0 0 2.8000000000000003 3.8000000000000003 0 9.8 0 2.2 5 0 16.400000000000002 0 1.8 0 7 2.6 0 0 0 0 0 3.8000000000000003 0 0 0 0 0 14 0 1 0 0 0 0 4.6000000000000005 0 0 0 0 0.2 1.6 0 0 0.4 0 0 0 0 0 0 0 0 0 0.2 0 0 0 0 0 0 0 0.4 0 0 0 0 0 0 0.2 0 0 0 0 0 0 0 0 0 0 0 0.4 18 0 2.4000000000000004 9 4.800000000000001 0.6000000000000001 0 0 0 0 0 0 0 0 0 0 0 0 0 0 3.2 0 0 0 0 0 0 0 0 1.8 0 0 0 0 0 0 0 0 0 0 0 0 0 0 
 9.200000000000001 12.8 22.200000000000003 130.6 0 42.400000000000006 12 19.400000000000002 15.4 40.800000000000004 58.400000000000006 71.4 28.6 14 10.8 32.6 91.60000000000001 9.8 17.8 59.800000000000004 6.2 0 0.6000000000000001 0.2 16 0 0.4 14.8 0.8 0.2 0.6000000000000001 0 0 0 0.6000000000000001 0 0 0.6000000000000001 21.6 15.600000000000001 0 1 0 0.2 0 0.6000000000000001 0.6000000000000001 0.4 0.4 0.6000000000000001 1.4000000000000001 0.4 1 0 0 0.8 0 0 0 12.600000000000001 0 0 0 0 0 1.4000000000000001 0.4 0.4 0 0.4 1.2000000000000002 0 7.2 0 0 0 0 0.6000000000000001 0 0 0 0 0 5.800000000000001 6 6.800000000000001 2.4000000000000004 0 2.2 7.4 0.2 0 0 0 3.2 4.800000000000001 11.200000000000001 0.2 0 2 3.6 0 5 0 0 0 3 2.8000000000000003 0.2 0 0 0 3 7.2 5.800000000000001 3 0.2 0 8.200000000000001 3.2 0 0 0 0 0 0 0 0 0 0 0 0 0 0 2 0 0 0 0 0 0 0 0 0 0 0 1.6 0 0 0 0 0 0 0 0 0 0 0 0 0 0.2 1.6 0 5.2 13.600000000000001 7.2 0 0 0 0.2 8.4 0 0 0 3 0 0.4 0 0 0 5 2.8000000000000003 4.6000000000000005 0 10 0 0 0 0 0 0 0 14.8 1.8 2 2 0 0.6000000000000001 6.2 6.2 0 0 0 0 2 0 1.6 0 0 0 0 0 0 0 0 0 0 0 0 0 0 0 0 0 0 0 0 0 0 0 0 0 0 0 0 0.2 0 0 0 0 0 3 0 0 0 1.2000000000000002 17.2 0.6000000000000001 18 0.6000000000000001 0.2 0.6000000000000001 0 0 0 0 0 0 0 0 0 0 2.6 0 0 0 0 0 0 0 0 0 0 0 0 0 0 0 0 0 0 0 0 0 0 0 0 0 0 0 
 9.200000000000001 2.2 38 6.800000000000001 42.400000000000006 0 3.2 10.600000000000001 28.6 119 16.8 32.6 10.8 12 53.6 17 31 38.6 11.600000000000001 10 0.4 4.800000000000001 0 0 0.4 0 0 0 0.6000000000000001 18.8 0.6000000000000001 0.6000000000000001 30 35.4 0.2 12.8 16.8 0.2 0 0.6000000000000001 0 0.2 0 0 0 0 0.4 0 0 0 0.4 0 0.4 0 0 0 0 0 0 0 0 0 0 0 0 0.6000000000000001 0.4 0.6000000000000001 0 0.4 2.2 0 0 0 0 0 0 0.6000000000000001 0 0 0 0.2 3.2 2.8000000000000003 8 4.800000000000001 0 2.8000000000000003 0 4.6000000000000005 11.200000000000001 0 0 7.2 0 2.2 0.4 0 0 0 2 2.6 0 0 3.6 0 3.8000000000000003 0 8 2.6 1.4000000000000001 2 6.2 4.800000000000001 3.6 3.6 2.2 1 2.8000000000000003 0.8 0 0 0 0 0 0 0 0 0 0 0 0 0 0 0 0 0 0 0 0 0.2 0 0 0 0 0 0.6000000000000001 0 0 0 0 0 0 0 0 0 1.2000000000000002 0 0 0 0 0 2 2.4000000000000004 3.6 3.4000000000000004 0 6.2 5.2 0 8.4 2.2 0 0 2.6 0 2 0.6000000000000001 0 0 6.6000000000000005 0 0 0.6000000000000001 0.4 0.2 2.2 6 2.4000000000000004 3.8000000000000003 2 3 18.400000000000002 4 0 3.4000000000000004 7.4 0 1 19.8 0 0 0 0 0.4 0 2 0 0 0 0 0 0.2 0 0 0 0 0 0 0.2 0 0 0 0 0 0 0.2 0 0 0.2 0 0 0 0.4 0 0 0 0 0 0 0 2.2 0 0 0 1 17.2 0 1 1.2000000000000002 0 5.4 0 0 0 0 0 0 0 0 5.2 0 2.6 0 0 0 5.2 0 0 0 0 0 0 0 0 0 0 1.2000000000000002 0 0 0 0 0 0 0 0 0 0 0 0 
 40 46.2 72.2 53.6 12 3.2 0 54.6 48 16.400000000000002 8.6 48.6 52.2 20 47.800000000000004 42.6 58.400000000000006 25.400000000000002 26.6 93 0.4 0 0 0 4.4 0.2 0 0 0.4 0 0.4 0.4 0 0.2 0 0.4 0 0 0 0.6000000000000001 0 0 0 0 0 0 0 0 0 0 0.6000000000000001 0 0.4 0 0 0 0 0 0 0 10 0 0 0 0 0.6000000000000001 10.8 0.6000000000000001 0 0.4 0.4 0 0 0 0 0 0 0 0 0 2.2 10.600000000000001 2.2 2.2 2.4000000000000004 0 0 1 1.6 5.800000000000001 4.6000000000000005 1.6 0 8.200000000000001 0 0 1.6 4 2.8000000000000003 2.8000000000000003 0 0 0 0 0 0 0 0 0 0 0 0 0 0 0 0 0 0 0 0 0 0 0 0 0 0 0 0 0 0 4 0 0 0 0 0 0 0 0 0 0 0.8 0 0 0 0 0 0 0 0 0 0 0 0 0 0.4 0 0 0 0 3.2 2.8000000000000003 3.2 0.2 0 0 1.6 6 1.6 2.4000000000000004 4.6000000000000005 4.6000000000000005 1.4000000000000001 4 0 10.4 2.2 4.6000000000000005 2.2 3 0 0 0 0 0 0 0 0 0 0 0 0 1.2000000000000002 0 0 0 0 0 2.6 0 0 0 0 0 0 1.4000000000000001 0 0 0 0 0 0 0 0 0 0 0 0 0 0 0 0 0 0 0 0 0 0 0 0 0 0 0 0 0 0 0 0 0 0 0 0 0 0 0 0.4 9.200000000000001 0 0.2 35.6 0 1.8 0 0 0 0 0 0 0 0 0 0 0 0 0 0 0 0 0 0 0 0 0 0 0 0 3.2 0 0 0 0 0 0 0 0 0 0 0 0 0 
 29.8 11.200000000000001 35.800000000000004 13.8 19.400000000000002 10.600000000000001 54.6 0 63 26.200000000000003 27.400000000000002 54.400000000000006 34.2 50.800000000000004 47 47 48.400000000000006 9.8 12.4 89.2 0.4 0 0 0 0 0 0 0 1 0 1.2000000000000002 0.4 0.4 0.4 0 0 0 0 0 0.6000000000000001 12.600000000000001 0.2 1 0 0 0 0.4 0 0 0 0.4 0.6000000000000001 0.4 0.4 1.2000000000000002 0 0 0.8 0 0.8 0 0.4 0 0 6.2 0.6000000000000001 0.4 0.4 0 0.4 0.6000000000000001 0 0 0 0 0 0 0.6000000000000001 0 0 0.4 2.2 2.2 2.8000000000000003 0 4.800000000000001 0 6.6000000000000005 0 2.4000000000000004 1.4000000000000001 3.8000000000000003 0 0.2 3.4000000000000004 1.4000000000000001 0 2 2 0 0.4 0 0.4 0 0 0 0 0 0 0 0 0 0 0 0 0 0 1.6 0 1 0 0 0 0 0 0 0 0 0 0.4 0 0 0 0 0 0.2 0 0 0 0 0 0.2 0 0 0 0 0 0 0 0 0 0 0 0 0 0.2 0 0.4 0 0 0 4.2 5.2 0.4 0 2.2 2 0.6000000000000001 1.6 0 0.4 4.2 0 2.4000000000000004 0.6000000000000001 3.8000000000000003 0 5.4 2 6.4 0 0 0 0 0 0 0 0 1.4000000000000001 0 0 0 0 0 0 0 0 0 0 0.2 0 0.4 0 0 0 0.2 0 0 0 0 0 0 0 0 0 0.4 0 0 0 0 0 0 0 0 0.4 0 0 0 0 0 0 0 0 0 0 0 0.2 0 0 0 0 0 0 0 0 0 0 0 0.2 9.600000000000001 0 1 1.8 0 0 0 0 0 0 0 0 0 0 0 0 0 0 0 0 0 0 0 0 0 0 0 1.8 0 0 0 0 0 0 0 0 0 0 0 0 0 
 57.2 26.8 51.2 37.4 15.4 28.6 48 63 0 35.6 36.2 66.4 96.2 20.200000000000003 49 49.6 9.8 25 30.8 34 0.4 0 0 0 0 0 54.2 0.6000000000000001 1 0 1 0.4 14 0.4 0.6000000000000001 0.8 0 0 0 1 0 1 0.6000000000000001 0 0.6000000000000001 0 1 15.200000000000001 0 12.4 0.2 1.4000000000000001 1 0.4 0.6000000000000001 0 0 0.6000000000000001 0 0.6000000000000001 0 1.8 0 0 0 0.4 0.8 0.4 0 0.8 0.6000000000000001 0 0 9.200000000000001 0 0 0 0.6000000000000001 0 0 0 8.200000000000001 4.4 2 11.8 4.2 0 8.200000000000001 2.4000000000000004 3 11.600000000000001 1.4000000000000001 0 4.2 3.2 0 0 0 0 3.6 4.800000000000001 3 4 0 0 0 7.6000000000000005 0 0 0 0 0 0 0 0 0.2 2.8000000000000003 0 0.2 0.4 0 0 0 2.6 0 0.2 0 0 0 0 0 0 0 0 0 0 0.4 0 0 0 0 0 0 0 0 0 0 0 0 0 0 0 0 0 0 0 6.2 0 0 0 0.2 8 4 4 0 4.800000000000001 1.4000000000000001 0.8 5.800000000000001 5.800000000000001 0.6000000000000001 0.8 3.4000000000000004 3.4000000000000004 0.2 3.8000000000000003 0 6 0 0 0.4 0 0 0 0 0 0 0 0 0 0 0 0 2.4000000000000004 0 0 0 2.4000000000000004 5.800000000000001 2.4000000000000004 0 0.2 0 0 0 0 0 0 0 0.2 0 0 0 0 0 0 0 0 0 0 0 0 0 0 0 0 0 0 0 0 0 0 0 0 0 0 0 0 0 0 0 0 0 0 0 0 0.8 0.4 0 17.6 0.2 4 0 0 0 0 0 0 0 0 0 0 0 0 0 0 0 0 0.4 0 0 0 0 0 0 3.8000000000000003 1.6 2.8000000000000003 0 0 0 0 0 0 0 0.4 0 0 0 0 
 28.400000000000002 8.4 26.6 40.400000000000006 40.800000000000004 119 16.400000000000002 26.200000000000003 35.6 0 36.6 15.600000000000001 87 18.6 88.4 32.2 117 61.400000000000006 13.600000000000001 40.2 0.4 0 0 0 0 0.4 15.4 0.2 0.4 0 0.8 0 0 0.2 0 0 0 0 15.200000000000001 0.6000000000000001 0 0.2 0.4 0 0 0 0.4 0 0 0 1 0 0.4 0 0 0 0 0 0 0 0.6000000000000001 0 0 0 0 0.4 0.4 0.4 0 0.4 0.6000000000000001 0 0 0 0 0 0 0 0 0 4.2 1 1 8.6 0.2 3.8000000000000003 3.2 0 6 5.800000000000001 9 5.6000000000000005 0 0 4.6000000000000005 0 4.4 3.2 0 0 0 0 0 3.8000000000000003 0 2.4000000000000004 0.4 0 0 0 0 0 0 0 0 0 0.2 0 3.4000000000000004 0 0 0 0.2 0 0 0 0 0 0 2.8000000000000003 0 0 0 0 0 0 0 0 0 0 0 0 0 0 0 0 1.2000000000000002 0 0.2 0 0 0.2 0 0 0 0 0 0 0.2 0 2.6 8.8 0 2.8000000000000003 0 0 4.6000000000000005 0 8 0.4 1.6 7.2 0 5.2 4.2 4.6000000000000005 4.4 1 0 3.2 0 0 0 0 0 0 0 0 0 0 0 0 3 0 0 0 0 0 0 2 0 0 0 0 0 1.6 0 0 0 0 0 0 0 0 0.2 0 0 0 0 0 0 0 0 0 0 0 0 0 0 0 0 0 0 0 0 0 0 0 0 0 0 0 2.8000000000000003 0 0 0 1.6 0 0 0.4 0.2 0.4 0 0 0 0 0 0 0 0 0 2.4000000000000004 0 0 0 0 0 0 0 0.4 0 0 0 0 0 0 2.2 12 0 0 0 0 0 0 0 0 0 0 0 0 
 30.6 23.200000000000003 90.80000000000001 57.400000000000006 58.400000000000006 16.8 8.6 27.400000000000002 36.2 36.6 0 35.2 67.2 45.2 26.6 20.6 37.4 30.8 33 13 0.6000000000000001 15.600000000000001 0 0 0 0 0.4 0 0.4 0 0.4 0 14.600000000000001 0.2 0.4 0 0 14.4 21.6 0.6000000000000001 0 0.2 6.800000000000001 11.4 0 0 0.4 0 0 0 0.4 0 0.4 0 0 0 0 0 0 0 0 0 0 0 0 0.6000000000000001 0.4 0.6000000000000001 0 0.4 0.6000000000000001 0 0 0 10 0 0 0.6000000000000001 0.6000000000000001 0 0 4 3.6 0 7 0 1.2000000000000002 3 7.6000000000000005 3 0.2 7 0 2 0 0 2.8000000000000003 5 0 2.4000000000000004 2.4000000000000004 2 0 0 0 0 4.800000000000001 0 0.4 0 0 0 4.6000000000000005 1.8 0.2 0 0 0 2.6 3.4000000000000004 0 0 0 0 0 0 0 0 0.4 0 0 0 0 0 0 0 0 0 0 0 0.4 0 0 0 0 0 0 0.4 0 0 0 0 0 0 0 0 0.8 0 0 0 0 2.4000000000000004 1.8 0 3.4000000000000004 5.2 0 0 5.800000000000001 2.2 0.8 1.4000000000000001 1.6 4.4 0 0 0 5.2 0 4.6000000000000005 7.4 0 0 1 0 0.2 2.8000000000000003 0 0 0 0 0 3 0 2.4000000000000004 0 0 0 0 3.8000000000000003 0 0 0 0 0 0 0.4 0 0 0 0 0 0 0 0 0 0 0 0 0 0 0 0 0 0 0 0 0 0.4 0 0 0 0 0 0 0 0 0 0 0 0 0 0 0 0 0 0 0.4 8.6 17.8 1.4000000000000001 2.6 0 0 0 0 0 0 0 0 0 0 0 0 0 0 0 0 0 0 0 0 0 0 0 3.6 0 0 0 0 0 0 0 0 0 0 0 0 0 0 
 72 5.800000000000001 29.400000000000002 33.6 71.4 32.6 48.6 54.400000000000006 66.4 15.600000000000001 35.2 0 8.8 6.2 5.6000000000000005 53.800000000000004 33 55.6 24.400000000000002 8.6 15.200000000000001 0 0 0 0 0 29.200000000000003 0.2 0.4 0.2 0.6000000000000001 0 0 0 0 0 0 0 20.200000000000003 15.200000000000001 0 0.4 0 0 0 0 0.6000000000000001 0 0 12.8 1.8 0 0.4 0 0 0 0 0 0 0 0 0 0 0 0 0.4 0.4 0.4 0 0.4 0.6000000000000001 0 0 0 0 0 0 0.6000000000000001 0 0 0 4.2 0 11.600000000000001 5.2 6.2 0 0 6.4 6.800000000000001 5.6000000000000005 0.2 0 0 5.4 2.2 6.2 2.8000000000000003 0 0 8 1.4000000000000001 4 0 0 0 0 4.800000000000001 0 0 0 0 3.6 8.8 3.4000000000000004 0.4 0 0 5.4 3.4000000000000004 0 0 0 0 0 0 0 0 0 0 0 0 0 0 0 0 0 0 0 0 0 0 0 0 0 0 0.8 0 0 0 0 0 0 0 0 0 0 0 0 0 0 2.2 0 2 6 4 0 0 0.2 3.6 4.4 0 0 0 2.2 0 0.4 0 0 0 1.6 2 0 0 0.2 0 0 0 0 0 0.2 0 8.200000000000001 0.8 2 3.2 0 0.6000000000000001 2.6 5 0 0 0 0 0.2 0 3.6 0 0 0 0 0 0 0 0 0 0 0 0 0 0 0 0 0 0 0 0 0 0 0.4 0.4 0 0 0 0 0 0 0 0 0 0 1.8 0 0 0 0.4 1 0 17.8 0.8 0.2 2.6 0 0 0 0 0 0 0 0 0 0 1.8 0 0 0 0 0 0 0 0 0 0 0 0 0 0 5.2 0 0 0 0 0 0 0 0 0 0 0 0 
 47 8.6 50.800000000000004 53.800000000000004 28.6 10.8 52.2 34.2 96.2 87 67.2 8.8 0 49.800000000000004 14.600000000000001 10.4 8.8 16 76.4 31.6 0.4 0 14.600000000000001 0 0 0 0 0.4 0.8 0.4 0.6000000000000001 0 0 0.4 0 0 0 0 0 0.6000000000000001 0 0.4 0 0 0 0 0.6000000000000001 9 0 0 0.2 0 0.4 0 0 0 0 0 0 0 0 9.4 0 0 0 0.4 0.4 0.4 0 0.4 0.6000000000000001 0 0 9 0 0 0 0.6000000000000001 0 0 5 0.4 1.8 0 0 0.2 1.4000000000000001 0.2 2.8000000000000003 3.2 4.800000000000001 0.4 2.8000000000000003 0.4 3 2.4000000000000004 1.4000000000000001 0 0.2 3.6 0 1.6 0.2 0 0 0 0.2 0 0 0 0 0 0 0 0 0 0 0 0 0.4 0 0 0 0 2 0 0 0 0 0 0 0 0 0 0 0 0 0 0 0 0 0.4 0 0 0 0 1 0 0 0 0 0 0 0 1.6 0 0 0.2 0 0 3 6 0.2 2.4000000000000004 0 3 0 1.8 2.6 0 6.800000000000001 0.2 4.4 3 2 4.4 0 2.6 0 2.8000000000000003 0 0 0 0 0 0 0 0 0 0 0 0 3.2 0 0 0 0 0 0 0 0 0.2 0 0 0 1.6 0 0 0 0 2.2 0 0 0 0 0 0 0 0 0 0 0 0 0 0.2 0 0 0 0 0 0 0 0 0 0 0 0 0 0 0 0 0 0 0 0 0.4 18.2 0 0 19.8 0 0 0.2 0 0 0 0 0 0 0 0 0 0 0 0 0 0 0 0 0 0 0 0 0 0 2 0 0 0 0 0 0 0 0 0 0.4 0 0 0 0 
 30.6 79 28.400000000000002 43.400000000000006 14 12 20 50.800000000000004 20.200000000000003 18.6 45.2 6.2 49.800000000000004 0 19.400000000000002 69.4 6 66 61.800000000000004 45.400000000000006 0.4 0 0 0.4 0 0.2 0 0 0.4 0 0.8 0.4 0 0.6000000000000001 0 0 0 0 0 0.6000000000000001 0 0 0.4 0 0 0 0.2 0 0 0 0.6000000000000001 0 0.4 0 0 0 0 0.4 0 0 0 0 0 0 0 0.6000000000000001 0.4 0.6000000000000001 0 0.4 0.4 0 0 0.4 0 0 0 0.6000000000000001 0 0 10.600000000000001 0 3.6 0.2 0.2 0 7 0 4.2 0 2.4000000000000004 2.6 3.8000000000000003 1.2000000000000002 6 6.6000000000000005 0.6000000000000001 5.800000000000001 2 4.4 0 0 0 0 0 0 0 0 0 3.6 0 0 0 0 0 0 0 0 1.8 0 0 0 0.2 0 0 0 0 2.4000000000000004 0 0 0 0 0 0 0 0 0 0 0 0 0 0 0 0 0 0 0.4 0 0 0 1.4000000000000001 0.2 0 0 0 0 0 0 0 0 3.4000000000000004 1.2000000000000002 4.6000000000000005 2 0 0 0 0 2.4000000000000004 0 1.4000000000000001 9.200000000000001 0 5.6000000000000005 5 0.2 0 0 4.2 8.200000000000001 0 0 0 0 0 0 0 0 0 0 0 0 0 0 0 0 0 0 0 0 0 0 0 2.8000000000000003 0 1.4000000000000001 0 0 0 0 0 0 0 0 0 0 0 0 0 0 0 0.2 0 0 0 0 0 0 0 0 0 0 0 0 0 0 0 0 0 0 0 0 0 0 0 0.6000000000000001 0.2 0 0 0 0.4 1.8 0 0 0 0 0 0 0 0 0 0 0 0 0 0 0 0 0 0.4 0 0 0 0 0 0 0 0 0 0 0 0 0 0 0 0 0 0 0 0 
 10 58.6 7.800000000000001 59.800000000000004 10.8 53.6 47.800000000000004 47 49 88.4 26.6 5.6000000000000005 14.600000000000001 19.400000000000002 0 40.800000000000004 50 51.6 39.400000000000006 68 0.4 0 0 0 0 0 0 0 0.4 0 0.6000000000000001 0 0 0.4 0 0 0 3.6 0.4 0.6000000000000001 0 0 0 0 0 0 0.2 0 0 0 0.6000000000000001 0 0.4 0 0 0 0 0 0 0 0 0 0 0 0 0.6000000000000001 0.4 0.6000000000000001 0 0.4 0.6000000000000001 0 0 0 0 0 0 0 0 0 1.2000000000000002 3.8000000000000003 2.2 7.6000000000000005 0 0.2 0 4.2 2 7.2 5 2 0 3.4000000000000004 0 3.2 2.6 3.2 4.800000000000001 4.6000000000000005 0 0 0 0 0 0 2.2 0 0 0 0 0 0 0 0 0 0 0 0 0 0 0 0 0 0 0 0 0 0 0 0 0 0 0 0 0 0 0 0 0 0 1.6 0 0 0 0 0 0 0 0 0 0 0 0 0 0.6000000000000001 0 0 0 0 2.6 8 0 0 0 0 2.4000000000000004 4.800000000000001 2.8000000000000003 0 4 0 2.2 5.6000000000000005 4.2 18.6 6.4 8.4 3.8000000000000003 7.6000000000000005 0 0 0 0 0 0 0 0 0 8.4 0 0 0 0.2 0 0 0 0 0 0 0 0 0 0 0 0 0 0 0 0 0 0 0 0 0 0 0 0 0 0 0 0 0 0 0 0 0 0 0 0 0 0 0 0 0 0 0 0 0 0 0 0 0 0 0 0 18.2 0.4 0 17.8 0.2 1.2000000000000002 13.600000000000001 0 0 0 0 0 0 0 0 0 0 0 0 0 0 0 0 1.2000000000000002 0 0 0 0 0 2.6 2 0 0 0 0 0 0 0 0 0 0 0 0 0 
 10.8 12 26.400000000000002 52 32.6 17 42.6 47 49.6 32.2 20.6 53.800000000000004 10.4 69.4 40.800000000000004 0 35.6 20.200000000000003 44 88.4 0.4 0 0 0 0 0 14.600000000000001 0.4 0.8 0.4 0.4 0 0 0.4 0 0 0.6000000000000001 0 14.8 0.6000000000000001 0 0.2 0.2 0.4 0 0 0.4 0 0 0 0.4 0 0.4 0 0 0 0 0 0 0 0 0 0 0 0 0.6000000000000001 0.4 0.6000000000000001 0 0.4 0.6000000000000001 0 0 0 0 0 0 0.6000000000000001 1 0 3.2 8.4 4.800000000000001 2.2 2 0.2 0 3.2 2.8000000000000003 0.2 2.2 3.4000000000000004 0 0 0.8 0.4 0.2 15.600000000000001 1 3.6 3.4000000000000004 0 0.8 0 0 0 4.2 0 0 0 0 0 5 0 0 0 0 0 0 2 0 0 0 0 0 0 0 0 0 0 0 0 0 0 0 0 0 0 0 0 0 1.2000000000000002 0 0 0 0 1 0 0 0 0 0 0 0 0 0 0 0 0 0 9.600000000000001 5.800000000000001 3 4 0 2.6 1.6 22 1.6 3 4 5.2 0 2.2 0 12.200000000000001 4 5 3.8000000000000003 3.6 0 0 0 0 0 0 0 0 0 0 0 0 0 0 0 0.4 0 0 0 2.6 0 0 0 0 0.4 0 0 0 0 0 0 0 0.2 0 0 0 0 0 0 0 0 0 0 0 0 0 0 0 0 0.2 0.2 2.6 0 0.4 0 0 0 0 0 0 0 0 0 0 0 0.6000000000000001 0 0 0.2 0.2 0 0.6000000000000001 0.2 0 0 0 0 0 0 0 0 0 0 0 0 0 0 0 0 0 0 0 0 0 0 0 2.2 0 0 0 0 0 0 0 0 0 0 0 0 0 
 67 19 18.8 43.2 91.60000000000001 31 58.400000000000006 48.400000000000006 9.8 117 37.4 33 8.8 6 50 35.6 0 109.2 28.200000000000003 11.600000000000001 0.4 0 0 0 0 0 28 0 0.4 0 0.6000000000000001 0 0 0.6000000000000001 0 0 0 0 29.8 0.6000000000000001 0 0.4 0 0 0 0 0.6000000000000001 0 0 0 0.2 0 0.4 0.6000000000000001 0 0 0 0 0 0 0 0 0 0 0 0.4 0.4 0.4 0 0.4 0.6000000000000001 0 0 0 0 0 0 0.6000000000000001 0 0 0 2.4000000000000004 0 4.800000000000001 2.8000000000000003 4.2 0 0 5.800000000000001 7.800000000000001 6.4 2.2 0 0 3.2 2.4000000000000004 5 3.2 0 0 6 0 3.6 0 0 1.2000000000000002 2.6 0 0 0 0 0 2.8000000000000003 4.6000000000000005 0 0 0 0 3.2 3 0 0 0.8 0.2 0 0 0 0 0 3.6 0 0 0 0 6.6000000000000005 0 0 0 0 0 0 0 0 0 0 0 0.8 0 0 0 0 0 0 0 0 0 0 0 0 0 0 4.6000000000000005 3.8000000000000003 6.2 7.2 4.2 0 0 2.4000000000000004 11.200000000000001 6.4 3.2 0 0 1.8 0 2.6 0 0 0 3.4000000000000004 0 0.4 0 3.8000000000000003 0 0 0 2.2 0 0.4 0 3.4000000000000004 2 1.8 0 0 0.2 0 2 0.4 0 0 0 0 0 0 0 0 0 0 0 0 0 0 0 0 0 0 0 0 0 0 0 0 0 0 0 0 0 0 0 0 0 0 0 0 0 0 0 0 0 0 0 0 0.2 0.4 0 16.8 0 0 0.4 0 0 0 0 0 0 0 0 0 0 0.2 0 0 0 0 0 0 0 0 0 0 0 0 0 0 1.4000000000000001 0 0 0 0 0 0 0 0 0 0 0 0.4 
 27.400000000000002 6.6000000000000005 47.800000000000004 90.80000000000001 9.8 38.6 25.400000000000002 9.8 25 61.400000000000006 30.8 55.6 16 66 51.6 20.200000000000003 109.2 0 61.800000000000004 48.6 0.8 0 0 0 0 0 13.200000000000001 0 0.4 14.8 0.4 36 29.200000000000003 15.200000000000001 0 0 0 0 0 16.2 0 0.2 0 0 0 0 0.4 0 0 0 0.4 0 0.4 0 0 0 0 0 0 0 0 0 0.2 0 0 0.6000000000000001 0.4 0.6000000000000001 0 0.4 0.6000000000000001 0 0 0 0 0 0 0.6000000000000001 0 1.2000000000000002 0.2 4.6000000000000005 4.2 5 4.2 8.6 1.8 2.8000000000000003 7.6000000000000005 6 4.4 4.2 0 3 4.4 0 4.2 4.2 3.6 0 0 0 0 0 0 2.4000000000000004 3 0 0 0 0 0 2.2 0 4.2 0 0 0 2.4000000000000004 0 0 0 3 0 0 0 0 0 0 0 0 0 0 0 0 0 0 0 0 0 0 0 0 0 0 0 2.6 0 0 0 0 0 0 0 0 0 0.8 0 0 0 0 0 2 2.2 0 0.2 0 1.6 8.6 0 7 3.6 0 2.8000000000000003 2.6 3.4000000000000004 5.2 0 0 3 2 3 0 0 0 0 0 1.6 0 0 0 0 2 0 0.2 0 0 0 0 6.4 0 0 0 0 0 0.8 0 0 0 0 0 0 0 0 0 0 0 0 0 0 0 0 0 0 0 0 0 0 0 0 0 0 0 0 0 0 0 0 1.4000000000000001 0 0 0 0 0 0 0.2 34.4 0.6000000000000001 0.6000000000000001 0.4 0.6000000000000001 1 0 0 0 0 0 0 0 0 0 0 0 0 0 0 0 0 0 0 0 0 0 0 0 0 0 1.6 0 0 0 0 0 0 0 0 0 0 0 0 
 57.6 41.6 10 51.800000000000004 17.8 11.600000000000001 26.6 12.4 30.8 13.600000000000001 33 24.400000000000002 76.4 61.800000000000004 39.400000000000006 44 28.200000000000003 61.800000000000004 0 83.2 0.4 0 0 0 0 0 0 0 0.4 0 0.8 0 0 0.4 0 0.4 39.800000000000004 0 0.2 0.6000000000000001 0 0.4 0 12.600000000000001 0 0 0.6000000000000001 0 0 0 1 0 0.4 0.6000000000000001 0 0 0 0 0 0 0.6000000000000001 0.2 0 0 0 0.4 0.4 0.4 7.4 0.4 0.6000000000000001 0 0 0 0 0 0 0.6000000000000001 0 0 16.2 0 1.2000000000000002 0.2 0 0 5 2 1.2000000000000002 4.2 3.2 0 3.6 3.6 0.2 5.2 4.2 3.6 5.800000000000001 4.2 0 0 0 0 0 0 0 0 0 0 0 0 0.2 0 0 0 0 0 0 0 0 0 0 0 0 0 0 0 0 0 0 0 0 0 0 0 1.6 0 0 0 0 0 0 0 0 0 0.2 0 0 0 0 0 0 0 0 0 0 0 0 0.6000000000000001 2.6 4 0 2.4000000000000004 0.4 0 0 0.4 1.2000000000000002 0 3.6 0.4 3.6 0 0.8 2.4000000000000004 0.2 2 0.2 8.6 0 0 0 0 0.4 0 0 0 0 0 0 0 1 0 0 0.4 0 0 0 0 0 0 0 0 0 2.4000000000000004 4 0 0 1.8 0 0 0 0 0 0 0 0 0 3 0 0 0 0 0 0 0 4.2 0 0 0.2 0 0 0 0 0 0 0 0 0 0 0 0 0 0 0 2.4000000000000004 0 0.4 0.2 0.4 1.4000000000000001 2 0 0 0 0 0 0 0 0 0 0 0 0 0 0 0 0 0 0 0 0 0.4 0 1.8 0 0 0 0 0 0 0 0 0 0 0 0 0 0 
 80.4 20 53.6 32.2 59.800000000000004 10 93 89.2 34 40.2 13 8.6 31.6 45.400000000000006 68 88.4 11.600000000000001 48.6 83.2 0 0.4 0 0 0 0 0.2 0 0 0.4 0 0.4 0 0 15 0 0 40.400000000000006 0 0 0.6000000000000001 0 0.4 0 0 0 0 0.6000000000000001 0 0 0 0.2 0 0.4 0 0 0 0 0 0 0 0 0 0 1.2000000000000002 0 0.4 0.4 0.4 0 0.4 0.6000000000000001 0 0 0 0 0 0 0.6000000000000001 0 0 5.2 5 2.8000000000000003 1 2.4000000000000004 4.4 2 1.2000000000000002 1.8 2.8000000000000003 0.8 1.4000000000000001 0.2 1.8 5.4 1.4000000000000001 0 2.8000000000000003 0 6.2 0 0 0 0 0 0 0 0 0 0 0 0 0 0 0 0 0 0 0 0 0 0 0.4 0 0 0 0 0 0 0 0 0 0 0 0 0 0 0 0 0 0 0.8 0 0 0 0 0.2 0 0 0.2 0 0 0 0 0 0 0 0 0 0 3.2 2.2 1.4000000000000001 0.2 0 0.2 1.2000000000000002 0.8 1 0 0 1.8 1.6 7.6000000000000005 2 5.2 4.4 2 7.6000000000000005 4 0 0 0 0 0 0 0 0 0 0.2 0 0 0 0 0 0 0 0 2.6 0.2 0 0 0 0 0 1.2000000000000002 0 0 0 0 0 0 0 0 0.4 0 0 0 0 0 0 0 0 0 0 0 0 0 0 0 0 0 0 0 0 0 0 0 0 0 0 0 0 0 0 0.6000000000000001 0.4 0 0.2 17.8 0.2 1.4000000000000001 0 0 0 0.4 0 0 0 0 0 0 0 0 0 0 0 0 0 0 0 0 0 0 0 0.6000000000000001 1.6 0 0 0 0 0 0 0 0 0 0 0 0 0 
 0.4 0.4 0.4 0.4 6.2 0.4 0.4 0.4 0.4 0.4 0.6000000000000001 15.200000000000001 0.4 0.4 0.4 0.4 0.4 0.8 0.4 0.4 0 36.6 62 25.200000000000003 63 11.600000000000001 30.400000000000002 57 22.6 10.200000000000001 9.8 21.400000000000002 19 12.4 46.2 35.6 20.8 35.2 6.2 9.4 0.2 0 0.6000000000000001 0 0.6000000000000001 0 0 0 0.2 0.2 0 0 0 0 0 0.2 0 0.6000000000000001 0 0 0 0.2 0 0.6000000000000001 0 0 0 0 0 0 0 0 0 0 0 0.2 0 0 0.2 0 0 0 0 0 0 1.6 0 0 0 0 0 0 0 0.2 0 0 0.2 0 0 0 3.4000000000000004 5 0 2 1.4000000000000001 0 0 5.6000000000000005 0 9.200000000000001 0 1.4000000000000001 0 1.8 5 2.2 4 1 0 4 0.2 0 0 0 0 0 0 0 0 0 0 0 0.2 0 0 0.4 0 0 0 2.2 0 0 0 0 0 0 0 0 0 0 0 0 0 0 0 0 0 0 0 0 0 0 0 0 2.8000000000000003 2.6 0 0 0 0 0.4 0 0 1.2000000000000002 0 0 0 0 0 0 4.2 11.8 10.8 7.4 2.6 2.4000000000000004 2.4000000000000004 4.2 0 3.4000000000000004 0 3.8000000000000003 1.2000000000000002 1.2000000000000002 0 4.800000000000001 3.4000000000000004 0 2.2 0 0 0 0 0 0.2 0 0 0 0 0 0 0 0 0 0 0 0 0 2.6 1.6 0 0 0 0 0 0 0 0 0 0 0 0 0 0 0 0 0 0 0 0 0 0 2.6 0 0 0 0 0 0 0 0 0 0 2.2 1.4000000000000001 0 0 0 1.2000000000000002 0 2.4000000000000004 0 0 0 0 0 0 0 0 0 0 0 0 0 0 0 0 0 0 1.4000000000000001 0 2.2 0 0 0 0 0 0 0 0 
 0 0.6000000000000001 0.4 0 0 4.800000000000001 0 0 0 0 15.600000000000001 0 0 0 0 0 0 0 0 0 36.6 0 34 30 23 24.6 63.800000000000004 70 45.400000000000006 17.400000000000002 18.400000000000002 8.200000000000001 31.400000000000002 72 30.8 25.8 87.2 24.8 93.80000000000001 22.6 0 0 0.6000000000000001 0 0.4 0 3.8000000000000003 0 0 0 0 0 0.4 0 0 1.8 0 0.6000000000000001 0 0 0 0.4 0 0.6000000000000001 0 0 0 0 0 0 0 0 0 0 0 10.200000000000001 0 0 0.6000000000000001 0 0 0 0 0 0 0 0 0 0 0 0 0 0 0 0 0 0 0 0 0 0 0 2.2 2.4000000000000004 0 3.4000000000000004 0 7.4 2.6 0 8.8 3 0 3.8000000000000003 3.2 4.800000000000001 0 5.6000000000000005 0 2.8000000000000003 4.2 0 0 0 0.4 0 2.4000000000000004 0 0 0 0 0 0 0 0 0 0 0 1.8 0.4 0 0 0 0 0 0 0 0 0 0 0 0 0 0 0 0 0 0 0.4 0 0 0 0 0 0 0 0 0.8 1 0 0 0 0 0 1.8 0.4 0 0 0 0 4 2.2 2.2 0.4 1.6 4.4 0 2 5.6000000000000005 2.6 5 7.4 3.8000000000000003 7.4 4.4 1.6 5.6000000000000005 0 0 0 0 0 0 0 0 0 0 3.8000000000000003 0 0 0 0 5.800000000000001 2.8000000000000003 0 0 0 0 4.2 5.2 0 0 0 0.4 0.2 0 0 0 0 0 0.2 0 0 0 0 0 0.4 0 0 0 0 0 0 0 3.6 0 0 0 0.4 0 0 0 0 0 2.8000000000000003 0.4 0.2 15 0 0 0.4 0 0 0 0 0 0 0 0 0 0 0 0 0 0 0 0 2.4000000000000004 0 3.6 0 2 0 0 0 0 0 0 0 0 
 0 0 0.6000000000000001 0 0.6000000000000001 0 0 0 0 0 0 0 14.600000000000001 0 0 0 0 0 0 0 62 34 0 70.8 48.800000000000004 8.6 12.4 19.6 55.400000000000006 58 22.6 9 66.4 23.6 93 57 31.6 47.400000000000006 9.8 31.200000000000003 0 1.2000000000000002 0.6000000000000001 0.4 0.4 4.800000000000001 12.8 0 0.8 0 1.2000000000000002 0 12.4 0 0 1.6 14.600000000000001 0.6000000000000001 0 0 0 0.2 0 0.6000000000000001 0 0.8 0 0 0 0 0 0 0 0 0 0.2 0 0 0.4 0 0 0 0 0 0 0.4 0 0 0.2 0 0 0 0 0 0 0 0 0 0 0 0 3.8000000000000003 1.8 4 5.800000000000001 2.8000000000000003 0 9.200000000000001 0 5.2 2.4000000000000004 9.4 0 1.8 2.2 2 2.8000000000000003 2.8000000000000003 0 2.8000000000000003 1.6 2.4000000000000004 0 0 0 0 5.6000000000000005 0 0 0 0 0 0 0 0 0 0 0 0 3.8000000000000003 0 0 0 0 0 2.8000000000000003 0 0 0 0 0 0 0 0 1.6 0 0 0 0 0 0.4 0 0.6000000000000001 0 0 0 0 0 0 0 0 0 0 0 0 0 0 0 0 0 2.8000000000000003 4.6000000000000005 4.2 4.4 6.2 5.4 3.6 5.6000000000000005 4 2.8000000000000003 0 6.4 0 0 4.4 7.6000000000000005 1.8 0 0 0 1.4000000000000001 0.4 0 0 0 0.4 0.2 0 0 0 0.4 0 4.4 0.2 2.2 0 0 0 3.6 0 0 0 0 0 0 0 0 0 0 0 0 0 0 0 0 0 0 0 0 0 0 0 0.2 0 0 0 0 0 0 0 0 0.2 0 0 2.8000000000000003 0.4 0 16.6 15.8 0 0.6000000000000001 0 0 0 0 0 0 0 0 0 0 0 0 0 0 0 0 0 0 0 0 3.2 0 0 0.2 0 0 0 0 0 
 0 0.4 0 0 0.2 0 0 0 0 0 0 0 0 0.4 0 0 0 0 0 0 25.200000000000003 30 70.8 0 64.4 8 71.2 11.8 39.800000000000004 64.8 91.60000000000001 19.200000000000003 27.200000000000003 15.600000000000001 33.6 13 45 32.4 33.6 26.400000000000002 0.2 12.4 0.8 0 0.6000000000000001 0.6000000000000001 4 0.2 0.2 0.8 0 1.2000000000000002 0.2 16.400000000000002 0 1 0 0.6000000000000001 13.600000000000001 16.6 0 0 0 0.6000000000000001 0 0.2 0 0 0 0 0 10.200000000000001 0.4 0.8 0 0 0 0.2 0.2 0 0 0 0.4 0 0 0 0 0 0 0 0 0 0 0 0 0 0 0 0 0 0 0 0 5.4 2.8000000000000003 1.2000000000000002 0 0 3.6 3.8000000000000003 6.4 8.4 0 0 0 0 0 2.6 0 0 7.800000000000001 1.8 0 0 0 0 4.6000000000000005 1.4000000000000001 0 0 0 0 3 0 2.2 6.4 0.2 0 8.4 0 0 0 0 0 0 0 0 0 0 0 0 0 0.6000000000000001 0 0 0 0 0 0 0 3 0 0.4 0 0 0 0 0 0 0 0 0 0 0 0 0 0 0 0 0 0.2 0 0.2 3 16 7.6000000000000005 4.4 0 0 4.4 2.4000000000000004 0 0 0 1.6 2 5.4 3.2 0 0 4 0 0 0 0 0 1.6 1.4000000000000001 0 4.6000000000000005 0 0 2.4000000000000004 4.2 2.6 0 0 0 7.6000000000000005 1.2000000000000002 0 0 0 0 0 0 0 0 0 0 0 0 0 1 0 0 0 0 0 0 0 0 1.8 0 0 0 0 0 0 0 0 0 0 0 0 0 0 1.4000000000000001 34 0.2 1 0 0 0 0 0 0 0 0 0 0 0 0 0 0 0 0 0 0 0 0 0 0 0 0 0 0 0.2 0 0 
 0 0 0 0 16 0.4 4.4 0 0 0 0 0 0 0 0 0 0 0 0 0 63 23 48.800000000000004 64.4 0 63.400000000000006 9.600000000000001 26 63.6 33.4 19.6 32.6 12.8 34 41.800000000000004 45.2 41 23.6 15 14.8 0 0 0.6000000000000001 0 0.4 0 12.600000000000001 0 0 0 0 0 28.200000000000003 4.800000000000001 0.2 0 0 0.6000000000000001 6 10.600000000000001 10.4 0.4 0 0.6000000000000001 0 0 0 0 0 0 0 0.2 0 1.8 0 0.4 0 0 0.6000000000000001 0 0 0.4 0 0 0 0 0 0 0 0 0 0 0 0 0 0 0 0 0 0 0 0 0 3.8000000000000003 0.2 0.4 0 2 0 0 2.4000000000000004 4.6000000000000005 0 2.2 2.6 2 2.6 2.8000000000000003 0 0 2.6 5.800000000000001 0 0 0 0 0.2 0 0 3.2 0 0 1.6 0 1.6 2.6 0 3.6 2.2 13.4 0 0 0 0 0 0 0 0 0 0 0 0 0.2 0 0 0 0 0 0 0 0 0 8.8 0 0 0 0 0 0 0 0 0 0 0 0 5 0 0 0 0 0 2.8000000000000003 4.6000000000000005 0.4 4.4 1.4000000000000001 0 0.4 3.4000000000000004 0.2 0 5.800000000000001 0 0 3.6 5.2 0.2 1.4000000000000001 0 0 1.8 0 2.6 0 0 0 0 2.4000000000000004 0 0 0 0 2.6 0.2 5.800000000000001 0 0.2 0.4 4.2 0.8 0 0 0 0 0 0 0 0 0 0 0 0 0 0 0 0 0.2 0 0 0.4 0 0 0 0 0 0.2 0 0 0 0 0 0 6 0 4.2 0 0 15.200000000000001 1.2000000000000002 0.4 0 0 0 0 0 0 0 0 0 0 0 0 0 0 0.4 0 0.4 0 0 0 0 4.6000000000000005 0 0 0 0 2.4000000000000004 0 0 0 
 0 0.4 0.2 0 0 0 0.2 0 0 0.4 0 0 0 0.2 0 0 0 0 0 0.2 11.600000000000001 24.6 8.6 8 63.400000000000006 0 7.2 6.2 11 27 19.8 20.6 42.800000000000004 12.8 17 15 12.200000000000001 9.600000000000001 11 8.8 14 25 0.6000000000000001 0 0.4 0 0 32.4 0 0 0 0.2 14.8 21.6 22.8 0 12.200000000000001 0.6000000000000001 24.200000000000003 16.8 0.4 0.4 0 1.8 0 0 0 0 0 0 0 0.2 0.4 0 1 0 0 0.2 0.4 0 0 0 0 0 0 0 0 0 0 0 0 0.4 0 0 0 0 0 0 0 0 0 0 0 2 5.2 5.800000000000001 0 0 0 0 2 0 0 0 0 0 0 0 0 0 1.6 2.2 0.4 2.6 0 3.6 0 4.4 0.4 5.2 1.6 0 2.4000000000000004 1.8 7.6000000000000005 3.2 1.8 3 0.2 7 0 0 0 0.4 0 0 0 0 0 0 0 0 0 0 0 0 0 0 0 0 3.8000000000000003 0 0 0 0 0 0 0 0 0 0 0 0 0 0 0 0.4 0 0 0 0 0 0 0 0 0 0 0 0 0.2 0 0 0 0 0 0 0 0.2 0 0 0 3.8000000000000003 3.8000000000000003 0 0 2 0.2 1 5.6000000000000005 3.4000000000000004 1.2000000000000002 4.4 5.800000000000001 1.8 2.2 0.2 1.6 1.6 3.4000000000000004 2.2 0 0 0 1.2000000000000002 0 0 0 0 0 0 0 0 0 0 0 0 0 0 2.2 0 0 0 0 0 0 0.4 0.2 0 0 0 0 0 0 0 3.6 0.8 0.4 0.2 0.8 0.2 1.8 0.2 0 0 0 0 0.4 0 0 0 0 0 0 0 0 0 0 0 0 0 0 0 0 0 1.2000000000000002 0 0 2.6 0 0 
 0 0 0 0 0.4 0 0 0 54.2 15.4 0.4 29.200000000000003 0 0 0 14.600000000000001 28 13.200000000000001 0 0 30.400000000000002 63.800000000000004 12.4 71.2 9.600000000000001 7.2 0 23.200000000000003 9.8 7.2 7.6000000000000005 9.200000000000001 32.2 47.6 92.2 47.400000000000006 23.6 6.2 9.4 67.2 0.4 0 0.8 0.4 0.4 0.4 0.4 0.4 0 11.8 0 0 0 0.2 0 0.4 0 0.6000000000000001 0.8 0 0 0.4 9.8 0.6000000000000001 0 0 0 0 0 0 0 0 0 0 0 0 5.4 0.6000000000000001 0.4 0.2 0.4 2.8000000000000003 0 1.6 2.2 0 0 0 1.6 2.8000000000000003 2.4000000000000004 4.4 0 0 0 0 1.8 3 0.4 0.2 6.6000000000000005 0 3.2 1.4000000000000001 0 0 6.4 0 0 2.8000000000000003 0.2 0 4.2 0.2 3 0 0.4 0 2 5 0 0 0 0 0 0 0 0 0 0 0 0 2 0 0 0 0 0 0 0 0 0 0 0 1 0 0 0 0.8 0 0 0 0 0 0 0 0 0 0 0 0 2 2.8000000000000003 2.4000000000000004 7.800000000000001 0 0 0 1.8 5.4 0 4.2 0 1.2000000000000002 0 0 2.6 0 0 0 0 7.2 0.4 7.2 0 3.6 11.8 0 0.2 0.6000000000000001 3.6 0 4.4 2 0.6000000000000001 3.2 2.8000000000000003 3.2 4.4 2.6 0 0 0 0 0 0 0 0 0 0 0 0 0.2 0 0 0 0 0 0 1.8 0 0 0 0 0 0 0 0 0 0 0 0 0 0 0 0 0 0 0 0 0 2 0 0 0 0 0 0 0 0 1.8 0 0 0 1 0 0.2 0 0 0 0 2.8000000000000003 0 0 0 0 0 0 0 0 0 0 0 0 0 0 0 0 0 0 0 0 0 0 0 0 0 0 0 0 
 0 0 0 0 14.8 0 0 0 0.6000000000000001 0.2 0 0.2 0.4 0 0 0.4 0 0 0 0 57 70 19.6 11.8 26 6.2 23.200000000000003 0 38 6.6000000000000005 6.800000000000001 5 32 34.4 40.2 24 35.2 23.6 13.4 7 0.2 0 1 0.6000000000000001 0.6000000000000001 0 0 0 0.6000000000000001 0.6000000000000001 0.6000000000000001 0.4 0 0 0 2.8000000000000003 0.2 1 0 0.6000000000000001 0 0 0 0.6000000000000001 0.4 0.2 0.4 0 0 0 2.4000000000000004 0.6000000000000001 0 0.4 0 0 0.2 0.4 0 0 0 0 0 0 1.8 2.2 0 0 0 0 0 0 0 0 0 0 0 0 0 0 1.8 2.8000000000000003 0 2.2 1.2000000000000002 0 0 9.200000000000001 0 2 3.4000000000000004 0 0 2.2 1.4000000000000001 3.2 0 9.8 0 1.6 3.2 0 0 0 0 0 0 0 0 0 0 0 0 0 1.6 0 0 0 0 0 0 0 0 0 0 0 0 0 0 0 0 0 0 0 0 0 0 0 0 0 0 0 0 0 2.6 4 0 0.6000000000000001 0 0 0 0 0 2 0 0 0 0 0 0 5.2 9.4 3 1.8 0.6000000000000001 1.6 0 5.2 3.8000000000000003 11.4 3.4000000000000004 0.2 0 5.2 1.4000000000000001 1.6 7.800000000000001 0 6.2 0 1.8 0 0 0 0 0 0 4 0 0 0 0 0 2.4000000000000004 0 0 0 0 2.4000000000000004 3.8000000000000003 0 0 0 0 0 0 0 0 0 0 0 0 0 0 0 0 0 0 0 1.6 0 0 0 0 0 0 0 0 0 0 0 0 0 0 1.6 0 0.4 16 0.2 0.4 0.8 0 0.4 0 0 0 0 0 0 0 0 0 0 0 0 0 0 0 0 2.8000000000000003 0 0 0 0 0 0 0 0 0 0 
 0.4 0.4 0.4 0.4 0.8 0.6000000000000001 0.4 1 1 0.4 0.4 0.4 0.8 0.4 0.4 0.8 0.4 0.4 0.4 0.4 22.6 45.400000000000006 55.400000000000006 39.800000000000004 63.6 11 9.8 38 0 103.4 40.800000000000004 11 68.8 35.4 40.800000000000004 41.400000000000006 30.8 42.2 15.200000000000001 35.2 0.2 0.2 0.6000000000000001 0 0.6000000000000001 0 12.8 0 0.2 0.2 0 0 25.6 13 0 2.8000000000000003 0 0.6000000000000001 13.200000000000001 13 0.4 0 0 0.6000000000000001 0 0 0 9.200000000000001 0 0 0 0 0 0 0 0 0 3.4000000000000004 0.2 0.6000000000000001 0 0 0 0 0 0 0 0 0 0 0 2.8000000000000003 0 0 0 0 0 0 0 0 0 0 0.8 0 3.4000000000000004 2.8000000000000003 0.4 5.4 0 2 5.2 12.4 0 2.8000000000000003 3.2 0 2.4000000000000004 6.800000000000001 0 3 7 3.2 0 0 0 0 4.800000000000001 0 0 0 0.2 0 1 0 0 3.6 0 0 5.4 2.6 0 0 0 0 0 0 0 0 0 0 0 0 0 0 0 0 0 0 0 0 0 0 1 0 0 0 0 0 0 0 0 0 0 0 0 0 0 0 0 0 0 0 4 2 8.4 4 0 1.6 3.6 5.2 3.6 6.800000000000001 0.4 0 7.6000000000000005 3.6 5.2 0 0 0 5.4 0 0.2 0 0 0 0 5 0 0 0 0 6.6000000000000005 3.8000000000000003 2.4000000000000004 0 0 0 13.4 6.2 0 0 0 0 0 0 0 0 0 0 0 0 0 0 0 0 0 0 0 0 0 0 0 0 0 0 0 0 0 0 0 0 0 0 0.4 0 0.2 0 11 0.4 0.4 0 0 0 0 0 0 0 0 0 0 0 0 0 0 0 0 0 0 0 0 4.6000000000000005 0 0 0 0 0 0 0 0 
 0 0 0.6000000000000001 0 0.2 18.8 0 0 0 0 0 0.2 0.4 0 0 0.4 0 14.8 0 0 10.200000000000001 17.400000000000002 58 64.8 33.4 27 7.2 6.6000000000000005 103.4 0 34.800000000000004 36.4 77.80000000000001 31.400000000000002 29.400000000000002 33.6 27 36.2 13.600000000000001 37.2 0.2 0 0.6000000000000001 0 0.6000000000000001 0 0 0 0.2 0.2 0 0 0 0 0 0 0 0.6000000000000001 0 0.2 0 0 0 0.6000000000000001 0 0 0 0 0 0 0 0 0 0 0.2 0 0 0 0 0 0 0 0 0 0 0 0 0 0 0 0 0 0 0 0 0 0 0 0 0.8 0 3.2 3.6 4.800000000000001 0 1.8 0.2 2.8000000000000003 4.4 5.4 6.2 4.6000000000000005 0 0.4 2.4000000000000004 1.6 5 0 5.2 2.8000000000000003 0 0.2 0 0 0 0 3.6 0 0 0.2 0 0 0.2 0 4 0 0 4 7.800000000000001 5.6000000000000005 0 0 0 0 0 0 0 0 0 0 0 0 1 0 0 0 0 0 0 0 0 0 0 0 0 0 0 0.8 1 0 1.2000000000000002 0 0 0 0 0 0 2 0 0 3.6 2.2 0 0 3.4000000000000004 6.2 0.2 8 10.4 5.6000000000000005 1.8 2.4000000000000004 4.2 2.6 3.8000000000000003 3.6 5.4 0.2 0.2 0 0 0 0 0 0 0 0 0 0 0.2 0 0 0.2 0 3.6 0 0 0 6.4 0.2 0 0 0 0 0 0 0 0 0 0 0 0 0 0 0 0 0 0 0 0 0 0 0 0 0 0 0 0 0 0.2 0 0 0 0 0.4 0.4 0 15.4 0 0.2 0.2 0.4 0 0 0 0 0 0 0 0 0 0 0 0 0 0 0 0 0 0 0 3 0 0 0 3.2 0 0 0 0 
 0.4 0.4 1.4000000000000001 6.2 0.6000000000000001 0.6000000000000001 0.4 1.2000000000000002 1 0.8 0.4 0.6000000000000001 0.6000000000000001 0.8 0.6000000000000001 0.4 0.6000000000000001 0.4 0.8 0.4 9.8 18.400000000000002 22.6 91.60000000000001 19.6 19.8 7.6000000000000005 6.800000000000001 40.800000000000004 34.800000000000004 0 12.4 11.200000000000001 27 15.600000000000001 46.400000000000006 18.8 15.8 8.200000000000001 29.400000000000002 0.2 0 0.6000000000000001 0 0.6000000000000001 0 0 0 0.2 0.2 0 0 0 0 0.2 1.2000000000000002 0 0.6000000000000001 0 0 0 0.2 0 0.6000000000000001 0 0 0 0 0.4 0 0 0 0 0 0 0 0 0 0.2 0 0 0 0 0 0 0 0 0 0 0 0 0 0 0 0 0 0 0 0 0 0 0 3 6.4 0 8 2.8000000000000003 6.6000000000000005 0 1.8 1 3.4000000000000004 0 0 0 1.8 0 0.4 0 3 0.2 0 0 0 0 0 6.6000000000000005 9.600000000000001 0 0 0 0 0 0 0 0 0 0 3.8000000000000003 0.2 0 0 0 0 0 0 5.800000000000001 0 0 0 0 0 0.6000000000000001 0 0 0.8 0 0 0 0 0 0 2.6 0 0 0 0 0 0 0 0 0 0 0 0 0 0 0 0 0 0 0 8 4 3.6 4.800000000000001 2.6 0 6 8.8 4.2 7.6000000000000005 0 0 6 0.2 3 9 0 0 0 0 0 0 0 0 0 3.6 0 2 0 0 15.4 0 1.8 5.800000000000001 0 0 6.800000000000001 3.8000000000000003 0 0 0 0.2 0 0 0 0 0 0 0 0 3.2 0 0 0 0 0 0 0 0 0 0 0 0 0 0 0 0 0.2 0 0 0 0 31.6 0.8 0.4 15.8 0.8 0 0.4 0 0 0 0 0 0 0 0 0 0.2 0 0 0.2 0 0 0 0 0 0.2 0 1.4000000000000001 0 0 0 0 0 0 0 0 
 0 0 0 0 0 0.6000000000000001 0.4 0.4 0.4 0 0 0 0 0.4 0 0 0 36 0 0 21.400000000000002 8.200000000000001 9 19.200000000000003 32.6 20.6 9.200000000000001 5 11 36.4 12.4 0 8.8 11.600000000000001 8 7.2 22.6 17 10.8 10.200000000000001 4 12.8 0.6000000000000001 0 0.6000000000000001 0 0.4 10 0.2 12.200000000000001 0 0 13.4 25.8 0 0 0 0.6000000000000001 25.200000000000003 23.200000000000003 0.4 0.2 0 1 0 0 0.2 0 0.8 0 0 0 1 0 0.6000000000000001 0 0 0 0.2 0 0 0.4 0 0 0 0 0 0 0 0 0 0 0 0 0 0 0 0 0 0 0 1.2000000000000002 0 2 2.6 0.2 0.2 0 0 2 6.4 4.800000000000001 0 0.2 0 0.4 2.4000000000000004 0 0 0.2 4.2 4.4 0 0 0 0 0 0 0 4 0.4 0 4 0.2 9.4 4.2 0 3.2 4.4 1.8 0 0 0 0 0 0 0 0 0 0 0 0 0 0 0 0 0 0 0 0 0 0 0 0 0 0 0 0.2 0 0 0 0 0 0.6000000000000001 0 0 0 0 0 0 0 2.8000000000000003 0.4 0.2 3.2 0.2 0 0 0 2.4000000000000004 0 0 0 0 1.4000000000000001 0 2.6 0 0 0 0 0.2 0 0 0 0 0 2.6 2.2 0 0 2.2 1.4000000000000001 4.2 4.2 0 0 0 7.6000000000000005 5.2 0 0 0 0 0 0 0 0 0.2 0 0 0 0.4 0 0 0 0 0 0 0.4 0 0 0 0 0 0 0 0 0 0 0 0 0 0 0.4 2.8000000000000003 0 0.2 0 0.8 2.8000000000000003 0.4 0 0 0 0 0 0 0 0 0 0 0 0 0 0 0 0 0 0 0 0 0 0 0 0 0 0 0 0 
 0 0.2 3.8000000000000003 0 0 30 0 0.4 14 0 14.600000000000001 0 0 0 0 0 0 29.200000000000003 0 0 19 31.400000000000002 66.4 27.200000000000003 12.8 42.800000000000004 32.2 32 68.8 77.80000000000001 11.200000000000001 8.8 0 64.60000000000001 43.800000000000004 22.8 29.6 20.200000000000003 16.6 28.6 0.2 0 0.6000000000000001 0 0.6000000000000001 0 0 0 0.2 0.2 0 0 0 0 0 1 0 0.6000000000000001 0 0 0 0 0 0.6000000000000001 0 0 0 0 0 0 0.4 0 0 0 0 5.4 0 0 0 0 0 0 1.4000000000000001 0 1.8 0 0 0 0 0 2.6 0 0 0 0 0 0 0 0 0 2.6 8.6 2 7 1.8 1.4000000000000001 6.6000000000000005 11.200000000000001 1.6 4.2 4 0 0 4.800000000000001 3.2 4.2 0 3.2 0 7.6000000000000005 0 0 0 0 0 2.2 0 0 0 0 0 0 0 0 0 0 0 0 0 0 0 0 0 0 0 0 0 8 0 0 0 0 0 0 0 0 0.8 0 0 0 0 0 2.2 0 0 9.4 0 0.8 2.8000000000000003 3.4000000000000004 1.2000000000000002 0 0 0 0 0 0 2 0 0 7.800000000000001 4.4 3.2 15.4 5.6000000000000005 9.600000000000001 5.800000000000001 1.8 2.2 1.8 0 10 0 3.2 0 0 7.2 0 0 2.2 0 0 0 0 0 3.4000000000000004 0 0 0 0 0 0 2.8000000000000003 0 0 0 0 0 0 0 0 0 0 0 0 0 0 0 0 0 0 0 0 0 0 0 0 0 0 0 0 0 0.2 0 0 0 0 0 0 0 0 0 0 0 2 0.4 0.2 19.8 7.800000000000001 0 0.4 0 0 0 0 0 2.6 0 0 0 0 0 0 0 0 2.8000000000000003 0 4.4 0 0.2 0 0 0 0 0 0 0 2 0 0 
