 0 53.800000000000004 85.60000000000001 154.4 27.200000000000003 6.800000000000001 17.8 91.2 27.400000000000002 10.4 27.6 8 54 13 93.2 8.4 29.400000000000002 34 35.2 62 0.6000000000000001 0.6000000000000001 0 0 0.4 1 0 0.6000000000000001 0 0 0 0 0.6000000000000001 0.8 0.4 0.6000000000000001 0.6000000000000001 0 0.4 0 0 0.6000000000000001 0 0.6000000000000001 0 0 0 0 2.4000000000000004 0 0 0 0 0 0 0.4 0 1.4000000000000001 0 0 0.4 0 0 0.4 0.4 1.2000000000000002 0.2 0.6000000000000001 0 0 0 0 0 0 0.6000000000000001 0 0.6000000000000001 0 0.6000000000000001 0 2 2.8000000000000003 5.6000000000000005 0 2.8000000000000003 2.2 0 4.2 0 3.6 2.4000000000000004 4 1.8 2.4000000000000004 1.2000000000000002 6.2 0 3 1 2.2 0 0.4 0 0 0 0.2 0 0.8 0 0 0 0 0 0 4.2 0 0 2.6 5 0 0 0 0 0 0 0 0 0 0 0 0 0 0.2 0 0 0 0 0.2 0 0 0 0 0 0 0 0 0 0 0.2 0 0 0 0 0 0 0 0 0 0 0 0.2 2 3.8000000000000003 0.8 0 0.2 2.2 4.2 2 0 0 2 5.2 2.2 1.4000000000000001 4.2 2.4000000000000004 6.4 3.6 0 0 0 0.2 0 0 0 0 0 0 0 0 0 0.2 0 0.2 0 0.4 0.2 0 0 0 0 0 0 0 0 0 2.6 0 0 0 0 0 0 0 0.2 0 0 0 0 0 0 0 0 0 0 0.4 0 0 0 0 0 0 0.2 0 0 0 0 0 0 0 3.6 0 0 0 0.4 0.4 0 0 0.4 0.2 0.6000000000000001 0 0 0 0 0 0 0 0 0 0 0 0 0 0 0 0 0 0 0 0 0 0 0 0 0 3 0 0 0 0 0 0 0 0 0 0 0 0 
 53.800000000000004 0 20 27.8 8.8 10.600000000000001 88.2 24.400000000000002 18.8 7.4 26.6 8.6 23.8 14.4 31.200000000000003 24.400000000000002 23.400000000000002 95.60000000000001 89.2 45.800000000000004 0.2 0.6000000000000001 0 0.2 0.4 0.4 0 0.6000000000000001 0.2 0 2.6 0.4 0.4 0 0.4 1.8 0 0 16 14.4 0 0.6000000000000001 0.8 0.8 1.2000000000000002 0 0 0 0 0 0 0.2 0 0.8 1.2000000000000002 1.6 0 0.6000000000000001 0 0 0.4 0 0 0 0.4 0.6000000000000001 0 0 0 0 0 10.4 0.4 0 1 0 0 0 0 0.6000000000000001 7.4 8.200000000000001 2 11.200000000000001 3.4000000000000004 2.4000000000000004 0 0 7.2 5.800000000000001 10 2.6 6.6000000000000005 0 2.2 0 3 2.8000000000000003 4.6000000000000005 0.2 2.4000000000000004 0 0 0 0 0.2 0 0 0 0 0 0 6 3.2 2.2 4.4 0 0 2.8000000000000003 3.8000000000000003 0 0 0 0.2 0 0 0 0 0 0 0.4 0 0 0 0 0 0 0.2 0 0 0 0 2.6 0 0 0 0 0 0 0 0 0 0 0 0.2 6 0 0 0 0 0 0.2 4.800000000000001 0 0 0.2 1.4000000000000001 0 0 1.8 2.4000000000000004 3.6 3.2 2.6 4.4 7.2 0 3 2.4000000000000004 0 0 0 0.2 0.2 0 0 3.4000000000000004 0 0 0 0 0 2.2 0 0 0 0.4 2 4.4 0 1.8 0 0 0 0 0.2 0 0 0 0 0 0 0 0 0 0.2 0 0 0 0 0 0 0 0 0 0 1 0 0 0.2 0 0 0 0 0 0 0 0 0.2 0 0 0 0 0 0 0.4 0.6000000000000001 0.4 1 0.4 0 1.2000000000000002 0.4 0 0.4 0 0 0 0 0 0 0 0 0 0 0 0 0 0 0 0 0 0 0 0 0 0 0 0 0 0 0 0 0 0 0 0 0 0 0 
 85.60000000000001 20 0 21 10.600000000000001 4.800000000000001 14.8 48.6 23.6 29 25.8 50 33.4 44.800000000000004 9.600000000000001 43.400000000000006 23.8 28.400000000000002 9 17.2 0 0.6000000000000001 0 0 0.4 0.4 0.4 0.6000000000000001 0 0 0 0 15.4 0 0 0 0.8 0 0.4 0 0 0.6000000000000001 0.6000000000000001 0 6.800000000000001 0 0 0 0 0 0 1.4000000000000001 0 0 0 0.4 0 1.4000000000000001 0 0 0.4 0 0 0 0.4 0.6000000000000001 0 0 0 0 0 0 0 0 0.6000000000000001 0 0 0 0 0 1.4000000000000001 0 4.6000000000000005 2 3.2 5.6000000000000005 0 3.4000000000000004 7 4 2 0.2 3 4.800000000000001 5.4 3.8000000000000003 0 5.4 0 0 0.2 0 0 0 0 0 0 3 0 0 0 0 1.8 0 0 0 0 0 3.2 0 0 0 0 0 0 0 0 0 0 0 0 0 0 0 0 0 0 0 0 0 0 0 0 0 0 0 0 0 0 0 0 0 0 0 0 0 0 0 0 0 3.2 1.6 4.800000000000001 0 0 4.4 0 4.4 0 0 2.2 5.6000000000000005 1.4000000000000001 4.800000000000001 7.2 0 0.8 6.2 3.6 2.8000000000000003 0 0 0 0 0 0 0 0 0 0 0 0 1.8 0 0 0 0 0 0 0 0 0 0 0 0 0 0 0 0 0 0 0 0 0 0 0 0 0 0 0 0 0 0 0 0 0.2 0 0 0 0 0 0 0 0 0 0 0 0 0 0 0 0.2 0 0 0 0 0 0 0 0.2 4 0.4 0 0 0 0 0 0 0 0 0 0 2.6 0 0 0 0 0 0 0 0 0 0 0 0 2.8000000000000003 0 0 0 0 0 0 0 0 0 0 0 0 0 0 
 154.4 27.8 21 0 21.6 42.6 45.2 62.400000000000006 22.6 15 58.800000000000004 30.200000000000003 14.8 52.2 32.800000000000004 48.2 8.4 10.200000000000001 19.400000000000002 22.200000000000003 0 0.6000000000000001 0 0 0.4 0.4 0 0.6000000000000001 0 0 0 0 0.6000000000000001 0.2 0.2 0.4 0 0 0.6000000000000001 0 0 0.6000000000000001 0 0 0 0 0 0 1 0 0 0 0 0 0 0.6000000000000001 0 0.6000000000000001 0 0 0.4 0 0 0 0.6000000000000001 0.4 0 0 0 0 0 0 0 0 0.4 0 0 6.2 0 0 3 1.4000000000000001 8 0 1.6 0 0.2 8.4 0.6000000000000001 2.2 0 7.4 0 2.8000000000000003 0.2 9 6.4 2.2 0 0.4 0 0 0 0 0 0 1.2000000000000002 0 0.2 3.6 0.2 0 3.4000000000000004 0 2.4000000000000004 0 0 0.2 3.8000000000000003 0.6000000000000001 0 0 5.800000000000001 0 0 0 0 0 0 0 0 0 0 0 0 0.2 0 0 0 0.4 0 0 0 0.4 0 0 0 0 0 0 0 0 0 0 0 0 0 0 0.2 0 0 0.4 0 0 14.8 2 3.6 6.2 5 6.6000000000000005 1.4000000000000001 3.6 3 2.2 4.800000000000001 0 7.800000000000001 0 0 0.2 0 0.2 0 0 0 0 4.2 4.4 0.2 0 1.6 0 0.2 0 2.4000000000000004 0.2 0 0 3.8000000000000003 0 0 0 0 0 0 0 0 0 0 0 0 0 0 0 0 0 0 0 0 0 0 0 0 0 0.4 0 0 0 0 0 0 0 0 0 0 0 0 0 0 0 0 4.4 0 0 0 0 0.4 0 0 8.8 0.2 0.6000000000000001 0 0 0 0 0 0 0 0 0 0 0 0 0 0 0.4 0 0 0 0 0 0 0 0 0 0 1.4000000000000001 0 0 0 0 0 0 0 0 0 0 0 0 
 27.200000000000003 8.8 10.600000000000001 21.6 0 28.400000000000002 27.8 34.6 41.2 47.400000000000006 91.60000000000001 25 15 16 60.2 14 24.200000000000003 10.600000000000001 13.600000000000001 16.2 2.6 17.8 14.4 0.6000000000000001 0.4 0.4 2.6 0.6000000000000001 1.8 0 0.6000000000000001 0.4 3 7.2 15.200000000000001 8.200000000000001 15 1.2000000000000002 16.8 14.600000000000001 0 0.6000000000000001 0 0.6000000000000001 2 1 0.6000000000000001 0 0 0.2 1.2000000000000002 0.4 0 0.4 0.6000000000000001 1.8 0.4 0.6000000000000001 13.200000000000001 0 0.4 0 0 0 1 2 0 0 0.6000000000000001 0 0 0 0 0 1.2000000000000002 0.6000000000000001 0.4 0 0 0 0 0.2 2.2 0 6 3.2 0 0 2 0 0.2 2.6 0 0 0 5 1.8 4.2 0 2 0 0 0 3.2 0 0 0 0 0 2.2 0 0 0 2.8000000000000003 2 1.4000000000000001 0 1.4000000000000001 10.200000000000001 1.4000000000000001 0 0 0 0 0 0 0 0 0 0 0 0 0 0 0.4 0 0 0 0.4 0 0.4 0 0 0 0 0 0 0 0 0 0 0 0 0.2 0 0 0 0 0 0 0 0 0 0 2.4000000000000004 2.4000000000000004 0.2 0 0 0 2.8000000000000003 3.8000000000000003 0.4 0 2.2 0 0 0 0 0.2 3 0 3.2 1.6 0 0 0.2 2 3 2.6 4.6000000000000005 0.8 2.4000000000000004 4.6000000000000005 0 0.2 3.4000000000000004 0 0 6.2 0 0 0 0 0 0 0 0.4 0 0 0 0 0 0 0 0 0 0 0 0 0 0 0 0 0 0.4 0 0 0 0 0 0 0 0 0 2.4000000000000004 0.2 0 0 0 0 0 0 0 0 0.4 34.4 0.6000000000000001 0.2 1.8 0 0 0 0.4 0 0 0 0 0 0 0 0 0 0 0 0 0 0 0 0 0 0.2 0 0 0 2.6 0 0 0 0 0 0 0 0 0 0 0 0 0 0 
 6.800000000000001 10.600000000000001 4.800000000000001 42.6 28.400000000000002 0 7.2 51.400000000000006 51.800000000000004 6.6000000000000005 30.6 55.6 5.4 8.200000000000001 14.200000000000001 14.8 11.600000000000001 30.6 8.8 10.8 0 15.200000000000001 27 0 0.4 0.4 57 16.6 30.200000000000003 0 0 0 15 29.6 14.8 18.400000000000002 0.2 0 44.400000000000006 0.4 0.4 21.200000000000003 0 0 0 1 12.600000000000001 0 0 0 0.8 0 0 0.2 0 0.6000000000000001 0 0.6000000000000001 0 0.4 0.4 0 0 0 0.4 0.6000000000000001 0 8.6 0 0 0 0 0 0 0.6000000000000001 0 0 0 0 0 0 0 1.8 2.6 0 7.800000000000001 0 0 0 0 0 0 0 0 2 3.2 0 0.2 0 0 2.4000000000000004 2.4000000000000004 0 4.800000000000001 0 0 9 0 4 7 0 6.6000000000000005 3.8000000000000003 5.2 3.4000000000000004 3 0 3.6 4.6000000000000005 2.6 0 0 0 0 0 0 0 0 0 0 0 0.4 0 0 0 0 0 0 0 0 0 0 0 0 0 0.4 0 0 0 0 0 0 0 0 0 0 0 0 0 0 0 0.8 0.6000000000000001 0 0.6000000000000001 2.6 0 2.8000000000000003 0 2.4000000000000004 2 0 0 0 3.2 0.4 0 2.8000000000000003 0 0 2 0 0.4 2.8000000000000003 0 0.4 7.6000000000000005 9.600000000000001 4.2 12.8 2 2.8000000000000003 8.200000000000001 2.2 2.8000000000000003 0.4 0 4.800000000000001 3 0.8 2.8000000000000003 0 0 0 0 0 0 0 0 0 2.2 0 0 0 0 0 0 0 0 0 0 0 0 0 0 0 0.8 0 0 0 0 0 0 0 0 0 0 0 0 0 0 0 0 0 0 0.4 1 0 0.4 20.6 0 0.6000000000000001 0 0 0 0 0 0 0 0 0.6000000000000001 0 0 0 0 0 0 0 0 0 0 0 0 0 0 0 0 0 0 0 0 0 0 0 0 0 0 0 0 0 
 17.8 88.2 14.8 45.2 27.8 7.2 0 29.200000000000003 54 8 26.200000000000003 9.4 91.60000000000001 28.6 27.200000000000003 10.200000000000001 28.8 27.200000000000003 32 50.2 0 0.6000000000000001 0.4 0 0.4 0.4 0 0.6000000000000001 0 0 0 0 0.4 0.2 0 0 0 0 0.8 0 0 0.6000000000000001 0 0 0 0 0 0 0 0 0 0 0 0 0 0.4 0 0.6000000000000001 0 0 0.4 0 0 0 0.4 0.6000000000000001 0 0 0 0 0 0.6000000000000001 0.4 0 0.6000000000000001 0 0 0 0 0 6 10.600000000000001 2.8000000000000003 0 0.4 0 2.6 0.2 2.4000000000000004 0 2.2 0 5.6000000000000005 8 5.4 2 5.6000000000000005 0.2 2.2 6.800000000000001 0 0 0 0 1 0 0 0 0.4 0 0 0 0.2 0 0 0 0 0 0 0 0 0 0 0 0 0 0 0 0 0 0 0 0 0 0 0 0 0 0 0 0 0 0 0.2 0.4 0 0 0 0 0 0 0 0 0 0 3.8000000000000003 0 0 0 0 4.6000000000000005 4.2 3.2 10.600000000000001 0 0 2.6 0.2 1.4000000000000001 0 0 3.4000000000000004 6.800000000000001 0 4.6000000000000005 2.2 0 4.2 9.600000000000001 11.600000000000001 2.2 0 0 0 0 0 0 0 0 0 0 0 0 0 0 0 0 0 0 0 0 0 0 0 0 0 0 0 0 0 0 0 0 0 0 0 0 0 0 0.2 0 0 0 2 2.4000000000000004 0 0 0 0 0 0 0 0.4 0 0.4 0 0 0 0 0 0 0 0 0 0 0.4 0 0.4 0 0 0 2.6 2.2 0 0 0 0 0 0 0 0 0 0 0 0 0 0 0 0 0 0 0 0 0.2 0 2 0 0 0 0 0 0 0 0 0 0 0 0 0 0.4 
 91.2 24.400000000000002 48.6 62.400000000000006 34.6 51.400000000000006 29.200000000000003 0 39 49.400000000000006 6.800000000000001 5.800000000000001 40.6 35.4 34.4 23.6 66.8 23.200000000000003 95.60000000000001 39.400000000000006 0 0.8 0.2 0.2 0.8 3.2 0.2 0.8 0 0.2 0.2 0.2 15.600000000000001 0.2 0 0 0 0.4 0.6000000000000001 0.2 0 0.8 0.4 0 0.4 0 0 0.4 0.4 0.6000000000000001 0.4 0.2 0 0 0.4 0.6000000000000001 0.4 1 0 0.4 0.4 0 0.4 0.4 0.6000000000000001 0.4 0 0.4 0 0.4 0 0 0 0 0.4 0 0 0.4 0.2 0 2.8000000000000003 0 3.6 0 2 1.8 0 1.8 0.6000000000000001 4.6000000000000005 3.2 2.6 2.4000000000000004 2.2 11.200000000000001 2.6 0 0 0 2 0 0 0 0 0 0 0 2.8000000000000003 0 0 0 0 0 0 0 0 0 0 0.2 0 0 0 0 0 0 0 0 0 0 0 0 0 0 0 0 0 0 0 0 0 0 0 0 0 0 0 0 0 0 0 0 0 0 0 0 0 0 0 0 0 0 1.6 0 2.6 0 0 2.4000000000000004 2 0.2 0 2.4000000000000004 2.6 2.6 2.2 0.2 0 2.4000000000000004 6.6000000000000005 5.6000000000000005 9 0 0 0 0 0 0 0 0 0 0 0 0 0 0 0 0 0 0 0 0 0 0 0 2.6 0 0 0 0 0 0 0 0 0 0 0 0 0 2.2 0 0 0 0 0 0 0 0 0 0 0 0 0 0 0 0 0 0 0 0 0 0 0 0 0 0 0 0.6000000000000001 0.2 0.2 0.2 17.6 0.4 0.4 0 0.4 0 0 0 0.2 0 0 0 0 0 0 0 0 0 0 0 0 0 0 0 0 0 2.8000000000000003 0 0 0 0 0 0 0 0 0 0 0 0 0 0 
 27.400000000000002 18.8 23.6 22.6 41.2 51.800000000000004 54 39 0 30.6 6.4 49 38 41.6 38.400000000000006 23.6 53.6 69 20 14.200000000000001 0 1.2000000000000002 0.4 0.4 0.4 1.2000000000000002 0.2 1 0.8 0.4 0.4 0.4 22.8 0.4 0.4 0 0.4 0.2 1 0.6000000000000001 0 1.2000000000000002 0 0.4 0 0.4 0.2 0 0.2 0.2 0 0.4 0 0 0 0.6000000000000001 0 0.6000000000000001 0 0.2 0.4 0 0 0 0.6000000000000001 1 0 0 0.6000000000000001 0 0 1.2000000000000002 0 0 9 0 0 0 0.2 0 5.4 2 1.8 0 1.4000000000000001 1.6 0 2.6 0 0.2 3 2.8000000000000003 0.6000000000000001 3.6 4 4.4 2.4000000000000004 4 0 2.2 0 0 0 0 0 0 0 3 0 0 0 0 0 0 0 0 0 0 2 0 0 0 0 0 0 0 0 0 0 0 0 0 0 0 0 0 0 0 0 0 0 0 0 0 0 0 0 0 0 0 0 0 0 0 3.2 0 0 0 0 0 0 0.8 0 4.4 4 10 1.4000000000000001 0 5.2 0 3.8000000000000003 0.6000000000000001 3.8000000000000003 2 0 1.8 0 1.8 0 6.4 0 0 2 0 0 0 0 0 0 0 0 0 1.6 0 0 0 3.2 0 0 2.8000000000000003 0 0 0 0 0 0 0 0 0 2.8000000000000003 0 0 0 0 0 0 0 0 2.4000000000000004 0 0 0 0 0 0 0 0 3.6 0.4 0 0 0 0 0 0 0 0 0 0 0 0 0 0 0 0 0 0.4 0.2 0.4 17.400000000000002 0 0.8 2.2 0 0 0 0 0.4 0 0 0 0 0 0 0.4 0 0 0 0 0 0 0 0 0 0 4 0 0 0 0 0 0 0 0 0 0 0 0 0 0 
 10.4 7.4 29 15 47.400000000000006 6.6000000000000005 8 49.400000000000006 30.6 0 48.800000000000004 15.4 7.6000000000000005 92 81.2 29.8 42.6 33.6 15.4 17 0 0.6000000000000001 0 0 0.4 0.4 0.2 0.6000000000000001 0 0 0 0 20.400000000000002 0 0.4 0 0 0 15.4 14.8 0 0.6000000000000001 0 0 0 0 0 0 0.2 0 0 0 0 0 0 13 0 0.6000000000000001 0 0 0.4 0 0 0 0.4 0.6000000000000001 0 0 0 17.8 0 0.6000000000000001 0 0 0.6000000000000001 0 0 0 0 0 0 3.2 0 4.800000000000001 16.6 1 0 0.2 2.4000000000000004 1.2000000000000002 0 4.2 0 0.2 0 2 7.4 6.4 0 1 2.4000000000000004 0.4 0 0 0 0 0 3 0.2 0 0 0 3.6 6 0 4 0 0.2 2.4000000000000004 1.4000000000000001 0 0 0 0 0 0 0 0 0 0 0 0 0 0 0 0 0 0 0 2.6 0 0 0 0 0.2 0 0 0 0 0 0 0 0 1.8 0 0 0.6000000000000001 0 0 0 1.6 3 0.6000000000000001 5.4 3 8.200000000000001 1.8 2.8000000000000003 0.2 0 3.6 3.4000000000000004 0 2 2.2 3.8000000000000003 12.200000000000001 0 0 0 1.2000000000000002 2.6 0 0 0 0 0 0 0 0 0.2 0 2.2 2.2 0 0 4.2 0 0 11.200000000000001 0 0 4.4 0 0 0 0 0 0 0 0 0 0 0 0 0 0 0 0 0 0 0 0 0.4 0 0 0 0 0 0 0 0 0.4 0 0.2 0 0 0 0 0 0 0.4 0 0 0 0 0.2 0 21.8 0.2 0.2 1 2 0 0 0 0 0 0 0 0 0 2 0 0 0 0 0 0 0 0 0 0 0.4 0 6 3 0 0 0 0 0 0 0 0 0 0 0 0 0 
 27.6 26.6 25.8 58.800000000000004 91.60000000000001 30.6 26.200000000000003 6.800000000000001 6.4 48.800000000000004 0 11.600000000000001 49.800000000000004 33.6 62.6 36 16.6 27.6 23.400000000000002 20.6 0 0.6000000000000001 0 0 0.4 0.4 0.2 0.6000000000000001 0 0 0 0 0.6000000000000001 0 0.2 0 0 0 15.4 0 0 0.6000000000000001 0 0 0 0 0 0 0.4 0 0 0 0 0 0 0.4 0 0.6000000000000001 0 0 0.4 0 0 0 0.4 0.6000000000000001 0 0 0 0 0 0 0 0 0.6000000000000001 0 8.6 0 0 0 0 2.8000000000000003 9.8 0 7.4 2 0 4.2 2.8000000000000003 2.6 0 6.6000000000000005 4.2 1.6 0.2 17 7.6000000000000005 7.4 0.4 1.2000000000000002 0 0.2 0 0 0 0.4 0 0 0 0 0 0 0.2 0 0.4 0 0 0 4 0 0 0 0 0 0.6000000000000001 3.4000000000000004 0 0 0 0 0 0 0.4 0 0 0 0 0.4 0 0 0 0 0 0 0 0 0 3.2 0.4 0 0 0 0 0 0 0 0 0 0 0 0.4 0 0.2 0 2.2 0.4 6.800000000000001 5.4 3 0 2.2 7.4 0 5 6.4 0.2 8.6 0 0 0 0.2 0 0.4 0 0 0 0 0 0 0 0 0 0 0 0.4 0 0 0.4 0 0 0 0 0 0 0 0 0 0 0 0 0 0 0 0 0 0.4 0 0 0 0 0 0 0 0 0 0 0 0 0 4.6000000000000005 0 0 0 0.4 0 0 0 0 0 0 0 1.2000000000000002 0 0 0 0 0.2 0 0.8 0.4 0 0.6000000000000001 0 0 0 0 0 0 0 0 0 0 0 0 0 0 0 0 0 0 0 0 0 0 0 2.4000000000000004 0 2.2 0 0 0 0 0 0 0 0 0 0 0 0 
 8 8.6 50 30.200000000000003 25 55.6 9.4 5.800000000000001 49 15.4 11.600000000000001 0 3.6 8.6 8.8 18.6 15 31.8 10.200000000000001 24.400000000000002 0 0.6000000000000001 0 14.8 0.4 0.6000000000000001 52 5.4 15.600000000000001 0.4 0 0 22.200000000000003 31.200000000000003 0 0.6000000000000001 0 0.6000000000000001 31 29.200000000000003 0 0.8 0 0 0 1.6 7.2 12.4 0 0 0 0 0 0 0 0.6000000000000001 0 0.6000000000000001 5.4 0 1 0.2 0 0.6000000000000001 0.6000000000000001 0.4 0 0 0 0 0 0.4 0 0 0.8 0 0 0 0 0 0 0 0 1.8 1.8 0 0 0 0 0 0 1.8 0 0 0.4 0 2.4000000000000004 0.4 0 0 5.4 11.4 0 0 0 0 10.600000000000001 0 4 7.800000000000001 0 1.4000000000000001 4.800000000000001 7 1.4000000000000001 0.2 0 2 6 5.800000000000001 0 0.4 0 0 0 0 0 0 0 0 0 1.8 0 0 0 0 0 0 0 0 0 0 0 0 0 0.4 0 0 0 0 0 0 0 0.2 0 0 0 0 0 0 0 0.4 1.2000000000000002 1.8 10 3.2 0 0 0 3.2 0 0 0.2 0.2 0 0.4 1.8 0 0 0.2 2.2 3.4000000000000004 0 0 0 0 3.2 8 1.6 5.800000000000001 2.2 3 2 2.6 16 0 3.4000000000000004 3 1.8 0 0 0 0 0 0 0 0 0 0 0 0.2 0.2 0 0 0 0 0 0 0 0 0.4 0 0 0 0 0 0 0 0 0 0 0 0 0 0 0 0.2 0 0 0 0 0 0 0 0 0 26.8 0 17 18 0.2 2 0 0 0 0 0 0 0 0 0 0 0 0 0 0 0 0 0 0 0 0 0 0 0 0 0 0 0 0 0 0 0 0 0 0 0 0 0 0 
 54 23.8 33.4 14.8 15 5.4 91.60000000000001 40.6 38 7.6000000000000005 49.800000000000004 3.6 0 13 50.800000000000004 15 8.200000000000001 6 60.6 52.2 0 0.6000000000000001 0 0 0.4 0.4 0 0.8 0.4 0 0 0 0.4 0 0.4 0 0 0.4 0.4 0 0.4 12.8 0 0.2 0 0 0 0 0 0 0 0 0 0 0.4 0.6000000000000001 0 0.6000000000000001 0 0 0.4 0 0 0 0.6000000000000001 0.4 0 0 0 0 0 1.2000000000000002 0.2 0 0.4 0 0 0 0 0 0.2 8 2.8000000000000003 0 0 0 3.4000000000000004 0 0 0 0 0 15.200000000000001 7.6000000000000005 0 0 2.2 0 2 4.4 4.2 0 0 0 0 0 0 1.6 0 0 0 0 0 0 0 0 0 0.2 0 0 0 0 0 3.4000000000000004 0 0 0.2 0 0 0 0 0 0 0 0 0 0 0 0 0 0 0 0 0 0 0 0 0 0 0 0 2 0 0 0 0 0 0.2 0 0 2.6 9.4 0 0 0 0 0.2 3.8000000000000003 0 0 0.4 0.2 0 1 0.2 0 0 2.2 3.6 5 0.2 0 0 0 0.4 0.2 0 0 0 0 0 0 0 0 0 0 0 0 0.2 0 0 0 0 0.2 0.2 0 0 0 0 0 0 0 0 0 0 0 0 0 0 0 0 0 0 0 0 0 0 3.2 0 0 0 0 0 0 0 0 0 0 0 0 0 0.4 0 0 0 0 0.2 0 0 0.2 0 1.8 0 0 0 0 0 0 0.4 0.4 0 0.4 0 0 0 0 0 0 0 0 0 0 0 0 0 0 0 0 0 0 0 0 0 0 0 0 0 0 0 0 
 13 14.4 44.800000000000004 52.2 16 8.200000000000001 28.6 35.4 41.6 92 33.6 8.6 13 0 13.8 10.8 63.400000000000006 33 38.800000000000004 22.8 0 1.2000000000000002 0 0 0.4 0.4 0.6000000000000001 0.6000000000000001 0 0.4 0 0 0.8 0.2 0.4 0 0 0 15.600000000000001 0 0 0.6000000000000001 0 0 0 0 0 0 0.2 0.2 0 0 0 0 0 0.6000000000000001 0 0.6000000000000001 0.2 0 0.4 0 0 0 0.6000000000000001 0 0 0 0.6000000000000001 0 0 0 0 0 1.2000000000000002 0 0 0 0.2 0.2 9.600000000000001 3 3.2 7 8.6 0 1.6 5.4 10.4 3 2.8000000000000003 8.8 0.4 1.6 0 4 0 6.4 0 9.600000000000001 0.4 0 0.4 0 0 0 0 0 0 0 0 0 0 0 0 0 0 0 0 0 0.2 0 0 0 0 0 0 0 0 0 0 0 0 0 0 0 0 0 0 0 0 0 0 1.6 0 0 0 0 0 0 0.2 0.2 0 0 0 0 2.6 0 0 0 2 2.2 2.6 1.6 0 4.2 9.200000000000001 3.8000000000000003 3.8000000000000003 2.4000000000000004 0 3.4000000000000004 1 6.800000000000001 1.2000000000000002 2.6 4 1.2000000000000002 0.2 1.2000000000000002 0 0 3 0 0 0 0 0 0 0 0 0 0 0 0 0 0 0 0 0 0 0 0 0 0 0 0 0 0 0 0 0 0 0 0 0 0 0 0 0 0 0 0 0 0 0 0 0 0 0 0 0 0 0 0 0.4 0 0 0 0 0 0 0 0 0 0 0 0 0 0.4 6.800000000000001 0.6000000000000001 0.8 0 0 0 0 0 0 0 0 0 3.8000000000000003 0 0 0 0 0 0 0 0 0 0 0 0 2.6 0 0 0 0 0 0 0 0 0 0 0 0 0 0 
 93.2 31.200000000000003 9.600000000000001 32.800000000000004 60.2 14.200000000000001 27.200000000000003 34.4 38.400000000000006 81.2 62.6 8.8 50.800000000000004 13.8 0 29.8 15 6.4 11.4 64.4 0 0.6000000000000001 0.4 0 0.4 41 0 41.2 0 0 0 0 0.4 0 0 15.4 0 0 0.4 0 0 0.6000000000000001 0 12.8 0 0 0 0 0 0 0 0 0 0 0.4 0.4 0 0.6000000000000001 0 0 0.4 0 0 0 0.4 0.6000000000000001 0 0 0 0 0 1.4000000000000001 0 0 0.6000000000000001 0 0 0 0 0 2.6 2.4000000000000004 13.600000000000001 0 1.8 3.8000000000000003 0 4 0.2 1.8 0 3.4000000000000004 0 3.8000000000000003 6.2 7.800000000000001 2.2 2.2 0 1.8 0 2.2 0 0 0 0 0 0 0 0 0 0 0 0 0 0 0 0 3.8000000000000003 0 0 2.4000000000000004 0 0 0 0 0 0 0 0 0 0 0 0 0 0 0 0 0 0 0 0 0 0.6000000000000001 0 0 0 0 0 0 0 0 0 0 0 0 0 0 0 0 0 8.200000000000001 0.2 3 1 0 4.4 3.2 2 0 2.4000000000000004 8.4 0 2 4.800000000000001 0.6000000000000001 0.8 2.8000000000000003 3 4.2 0 0 0 0 0 0 0 0 0 0 0 0 0 0 0 0 0 0 6.6000000000000005 0 0 0 0 0 0 0 0 0 0 0 0 0 0 4.800000000000001 0 0 0 0 0 0 1.4000000000000001 0 0 0 0 0 0 0 0 0 0 0 0 0.2 0 0 0 0 0 0 0 0 0 0 0 0.6000000000000001 0 0 0.4 0.2 0.2 0.2 1 0 0 0 0 0 0 0 0 0 0 0 0 0 0 0 0 0 0 0 0 0 0 3.6 0.4 1 0 0 0 0 0 0 0 0 0 0 0 0 
 8.4 24.400000000000002 43.400000000000006 48.2 14 14.8 10.200000000000001 23.6 23.6 29.8 36 18.6 15 10.8 29.8 0 14 85.80000000000001 6.6000000000000005 59.6 0 0.6000000000000001 0 0.6000000000000001 0.4 0.4 0 1 0 0.8 0 0.2 5.4 0 0.8 0 0 0.6000000000000001 15.200000000000001 0 0.2 0.6000000000000001 0 0 0 0 0 0.2 0.2 0.4 0.8 0 0.4 0 0 0.6000000000000001 0 0.6000000000000001 0.2 0 0.4 6.800000000000001 0 0 0.6000000000000001 0.4 0 6.4 0 0 0 3.8000000000000003 0 0 0.4 0 0 0 0 0 2.6 2.8000000000000003 7.4 3.8000000000000003 9.600000000000001 0.4 1.6 2 5.2 1.4000000000000001 0 4.6000000000000005 1.2000000000000002 0 0.2 4.4 2.8000000000000003 6.4 0 0 3.8000000000000003 0.2 0 0 0 0 0 0 0.2 0 0 0 3.4000000000000004 6 0 0 0 0.2 0.2 0.2 0 0.4 0 0 0 0 0 0 0 0 0 0.6000000000000001 0 0 0 0 0 0 0 0 0 1 0 1.6 0 0 0 0 0.2 0 0 0 0 0 0 0 0 0 0 0 2 2 0 5.6000000000000005 0 6.2 4.2 5.6000000000000005 8.8 0.4 3.6 0 0 4.800000000000001 1.2000000000000002 0.2 7 2.6 0 2.2 1 0 0 0 0 0 0 4 0 0 0.2 0 0 0 0 0 0 0 1.6 0 0 0 0 0 0 0 0 0 0 0 0.4 0.4 0.4 0 0 0 0.2 0 0 0 0 0 0 0 0 0 0 0 0 0 0 0 0 0 0 0 0 0 0 0 0 0 1.6 0 0 0.2 0 0 18 0 0 0 0 0 0 0 0 0 0 0 0 0 1.8 0 0 0 1.4000000000000001 0 0 0 0 0 0 0 0 0 3 0 0 0 0 0 0 0 0 0 0 0 0 0 
 29.400000000000002 23.400000000000002 23.8 8.4 24.200000000000003 11.600000000000001 28.8 66.8 53.6 42.6 16.6 15 8.200000000000001 63.400000000000006 15 14 0 10.8 49.800000000000004 31.8 0.2 0.6000000000000001 0 0 0.4 0.4 14.600000000000001 0.6000000000000001 6.2 0 0 0.2 8.8 0 0 6.800000000000001 0 0 0.4 0 0 0.6000000000000001 0 12.4 0 0 0 0 0 0 0 0 0 0 0.6000000000000001 0.6000000000000001 0 0.6000000000000001 0 0 0.4 0 0 0 0.6000000000000001 0.2 0 0 0 0.4 0 1.4000000000000001 0 0 0.2 0 0 0 0 0 6.800000000000001 1.6 0 5.6000000000000005 1.4000000000000001 1.4000000000000001 0 2.2 5.6000000000000005 7 6.4 2.8000000000000003 0 0 0 3 5.6000000000000005 0 8.6 2 2.6 2.2 0 0 0 0 3 4.6000000000000005 0 0 4.800000000000001 0 3 0 0.2 2.4000000000000004 0 0 0 2.4000000000000004 0 0 0 0.4 0 0 0 0 0 0 0.4 0 0 0 0 0 0 0.2 0 0 0 0 0 1.4000000000000001 0 0 0.2 0 0.2 0 0 0 0 0 0.2 0 0 0 0 0 0.2 7.4 3.6 1 2 0 1 0 9.4 5.4 4.6000000000000005 1 0.8 1.8 0 6.2 0 0 0 0.4 0 0 0 0.2 0 0 8 0 0 0 0 0 1.4000000000000001 0 3.4000000000000004 0 0 0 0 0.6000000000000001 0 0 0 1.8 0 0 0 2.4000000000000004 0 0 2.2 0 0 0 0 0.2 0 0 0 0 0 0 0 0 0 0 0 3 0 0 0.4 0 0 0 0 0 0 0 0 0 0 0 0 0 0 0.2 0.2 0 0.2 17.2 0 0 1 0 0 0 0 0 0 0 0 0 0 0 0 0 1.6 0 0 0 0 0 0 0 0 5.2 0 0 0 0 0 0 0 0 0 0 0 0 0 0 
 34 95.60000000000001 28.400000000000002 10.200000000000001 10.600000000000001 30.6 27.200000000000003 23.200000000000003 69 33.6 27.6 31.8 6 33 6.4 85.80000000000001 10.8 0 9.200000000000001 8.4 0 0.6000000000000001 0 0.8 0.4 0.4 0 0.6000000000000001 0 0 0 0.4 15.200000000000001 0.4 0.8 0 16.400000000000002 1.2000000000000002 22.6 14.8 0.4 0.6000000000000001 6 0 0.8 0 0.8 0 0 0 0 0 0 0 0 0.4 0 0.6000000000000001 0 0 0.4 0 0 0 0.4 0.6000000000000001 0 0 0 0 0 0 0 0 1 0 0 0.2 0 0 3.8000000000000003 2.6 2.4000000000000004 7.800000000000001 16.2 5.2 2.4000000000000004 0 8.200000000000001 2.8000000000000003 7.6000000000000005 3.2 0 0.2 2.2 5.2 0.2 2 3 0 5.800000000000001 2 0 0 0 0 3 0 0 0 0 0 6 4 4.6000000000000005 2.4000000000000004 0 0 3.4000000000000004 0 0 0 0 2.4000000000000004 0 0 0 0 0 0 0 0 0 0 0 0 2.6 0 0 0 0 0 0 1.4000000000000001 0.2 0 0 0 0 0 0 0 0 0 0 0 0 0.2 0 0 1.2000000000000002 0 0 5.6000000000000005 0.8 4.6000000000000005 0 0 0 3.2 0 4.4 10.4 0 7.6000000000000005 0.2 1.4000000000000001 0 7 0.2 2 0 0 0 0 0 4 4.800000000000001 0 0 0 0 1.6 0 0 0 0 0 9 0 2.4000000000000004 0 0 5 0 0 0 0 0 0 0 0 0 0 0 0 0 0 0 0 0 0 0 0.4 0 0 0 0 0 0 0 0 0.2 0 0 0 0 0 0 0 0 0 0 0 0 0.6000000000000001 0.4 0 12.4 0.6000000000000001 0 0.6000000000000001 0 0 0 0 0 0 0 0 0 0 2.2 0 0 0 0 0 0 0 0 0 0 0.4 0 0 8.8 0 0 0 0 0 0 0 0 0 0 0 0 0 
 35.2 89.2 9 19.400000000000002 13.600000000000001 8.8 32 95.60000000000001 20 15.4 23.400000000000002 10.200000000000001 60.6 38.800000000000004 11.4 6.6000000000000005 49.800000000000004 9.200000000000001 0 81.4 0 0.6000000000000001 0.4 0 0.4 40.2 0.4 0.6000000000000001 17.400000000000002 0 0 0 0.4 4.6000000000000005 0.8 15 0 0 0.4 0 0 0.6000000000000001 0 0 0 0 0 0 0.8 0 0 0 0 0 0 0.4 0 1 0 0 0.4 0 0 0 0.4 0.8 0 0 0 0 0 0 0 0 0.6000000000000001 0 0 0.2 0 0 3 1 0 0 1.4000000000000001 0 0.2 4 0.4 0 6.2 5.2 1.4000000000000001 3.4000000000000004 5.6000000000000005 1.2000000000000002 0 0.2 13 0.6000000000000001 0 0 0 0 1.6 0 0 0 0 0 0 0 0 0 0 0 0 0 0 0 0 0 0 0 0 0 0 0 0 0 0 0 0 0 0 0 0.4 0 0 0 0 0 0 0.2 0 0 0 0 0 0 0 0 0 1.8 0 1.2000000000000002 0 0.2 0 0 0 0 5.2 0 0 0 1.4000000000000001 3.2 9 0.2 0 0.6000000000000001 7.6000000000000005 0 6.2 2.2 5.2 6.4 3.8000000000000003 0.4 0 0.4 0 0 0 0 0 1.2000000000000002 0.4 0 0 0.2 0.4 0 0 0 0 0 0 0.4 0 0 0 0 0 0 0 2.8000000000000003 0 0 1.6 0 0 0 0 0 0 0 0 0 0 0 0 0 0.2 0 0 0 0 0 0 0 0 2 0 0 0 0.4 0 0 0 1.6 0 0 0 0.2 0.2 0 0.2 17.8 0.4 0.6000000000000001 0 0.2 0 0 0 0 0 0 0 0 0 0 0 0 0 0 0 0 0 0 0 0 0 0 0 0 0 0 0 0 0 0 0 0 0 0 0 0 
 62 45.800000000000004 17.2 22.200000000000003 16.2 10.8 50.2 39.400000000000006 14.200000000000001 17 20.6 24.400000000000002 52.2 22.8 64.4 59.6 31.8 8.4 81.4 0 0 0.6000000000000001 0 0 1.6 0.4 0 0.6000000000000001 1 0 0 0.2 0.4 0.4 0 0.4 0.2 0.4 0.4 0 0 0.6000000000000001 0 0 0.2 0 0 0 0 0 0 0 0 0 0 0.4 0 0.6000000000000001 0 0 0.4 0 0 0 0.4 0.6000000000000001 0 0 0 0 0 0 0 0 0.6000000000000001 0 0 0 0 8.200000000000001 14.8 3 7.2 3.8000000000000003 1.8 0 4 5 4 9.8 3 3.4000000000000004 3 7.2 7.4 0.4 2.6 0.2 2 0.2 0 0 0 0 0 0 0 1.4000000000000001 0 0 0 0 0 0 0 0 0 0 0 0 0 0 0 0 0.4 0 0 0.2 0 0 0 0 0 0 0 0 0 0 0 0 0 0.2 0 0.4 0 0 0 0 0 0 0 0 0.4 0 0 0.4 0.2 0 0 0 0 2.4000000000000004 1.8 2.2 2.8000000000000003 0 6.800000000000001 3.6 4.2 2.2 3.2 3.4000000000000004 5.800000000000001 8.200000000000001 0 3 0.2 0.6000000000000001 7 14 0 0 0 0 0 0 0 0 0 0 0 0 0 0 0 0 0 0 0 0 0 0 0 0 0 0 0 0 0 0 0 0 0 0 0 0 0 0 0 0 0 0 0 0 0 0 0 0 0 0 0 0 0 0 0 0 0 0 0 0 0 0 0 0 0 0.4 0 0 0 0 0.4 1.2000000000000002 0.2 0 0 0 0 0 0 0 0 0 0 0 0 0 0 0 0 0 0 0 0 0 0 0 0 1.2000000000000002 0 0 0 0 0 0 0 0 0 0 0 0 
 0.6000000000000001 0.2 0 0 2.6 0 0 0 0 0 0 0 0 0 0 0 0.2 0 0 0 0 83.60000000000001 74.4 28.400000000000002 22.8 18.6 20 43.800000000000004 28.400000000000002 21.200000000000003 6.800000000000001 20.8 14.600000000000001 11.200000000000001 86.60000000000001 71.4 93.2 6.2 9.8 27 0.4 0 0 0 0 0 0.2 0.6000000000000001 0 0 0 0 13.600000000000001 0.4 0 0 0 0 1 0 0.6000000000000001 0 0 0 0 1.4000000000000001 0 0 0 0 0 9.8 0 0 0 0 0 0.4 0 0.2 0 0 0 0 0.4 0 0 0 0 0 0 0 0 0 0 0 0 0 0 0.8 0.4 4 4.2 8.200000000000001 1.4000000000000001 2 0 3.4000000000000004 1.6 2.4000000000000004 2 0 0.2 0.6000000000000001 2.6 5.2 7.4 1.4000000000000001 2.4000000000000004 3 0 0 0 0 0 0 0 0 0 0 5.2 0 11.8 0 0 0 0 0 0 0 0 0 0 0 0 0.2 0 0 0 0 0 0 0 0 0 0 0 0 0 0 0 0 0 0 1 0 0 0 0 0 0.8 0.2 0 0 0 0 0 1 0 0 4.6000000000000005 4 2.2 4.800000000000001 3.4000000000000004 0 0 1.8 2.8000000000000003 2.6 3.6 4.800000000000001 2.4000000000000004 1.6 0.2 4.800000000000001 6 0 0.2 4 0 0 0 0 0.2 0 0 1.4000000000000001 0 0 0 0 8.4 4.2 0 0 0 0 3.8000000000000003 1.4000000000000001 0 0 0 0 0 0.2 0 0 0 0 0 0 0 0 0 0 0 0 0 0 0 0 0 0 0 0 0 0 14.8 0 0 0 0 0 1.4000000000000001 0 0.2 17.2 0 0 0.4 0 0 0 0 0 1.6 0 0 0 0 0 0 0 0 0 3.6 1 0 0 0 2.4000000000000004 0 0 0 0 0.2 0 0 0 
 0.6000000000000001 0.6000000000000001 0.6000000000000001 0.6000000000000001 17.8 15.200000000000001 0.6000000000000001 0.8 1.2000000000000002 0.6000000000000001 0.6000000000000001 0.6000000000000001 0.6000000000000001 1.2000000000000002 0.6000000000000001 0.6000000000000001 0.6000000000000001 0.6000000000000001 0.6000000000000001 0.6000000000000001 83.60000000000001 0 54 60.400000000000006 22.8 110.4 60.6 67.8 28.400000000000002 24.400000000000002 22 8.6 9.200000000000001 11.8 20.400000000000002 35.6 40.400000000000006 11.4 5.2 9 0 0 0 0 0 0 12.4 0.8 0 0 0 0 0 0.4 14.600000000000001 0 0 0 1.6 0 0.6000000000000001 0 0 0 0 0.4 0 0 0 0 0 0 0 0 0 0 0 0.4 0 0 0 0 0 0 0 0 0 0 0.4 0 0 0 0 0 0 0 0 0 0 0 0 1.4000000000000001 5 3.8000000000000003 0 1.8 4 12.200000000000001 1.6 2 4.6000000000000005 3.8000000000000003 0 1.8 0.4 2.2 2.4000000000000004 4 3.6 0 2.2 0 0 0 0 0 0 0 0 0 0 0 3.4000000000000004 5.4 0 0 0 0 2.8000000000000003 0 2.4000000000000004 0 0 0 0 0 0.2 0 0 0 0.4 0 0 0 0 0 0 0 0 0 0 0.2 0 0.2 0.4 0.8 0 2.6 0 0 0.6000000000000001 2.2 0 0 0 0 0 0 0 0 2.2 6.4 2 5.2 5 4.6000000000000005 4.800000000000001 7.800000000000001 0 5.2 7.4 0 0.8 4.2 2.6 2 2.6 0.2 2.2 3.8000000000000003 0 0 0 0 0 0 0 1.6 0 0 0 0 5.6000000000000005 0 0 0 0 0 4 4.2 0 0 0 0 0 0 0 0 0 0 0 0 0 3 0 0 0 0 0 0 0 0 0 0 0 0 0 0 0 0 0 0 0 0 1.8 0 0.4 0.6000000000000001 0 0 19.200000000000003 0 2.6 0 0 0 0 0 0 0 0 0 0 0 0 0 2 0 0 0 0 0 0 0.2 0 0 3.4000000000000004 0 0 0 
 0 0 0 0 14.4 27 0.4 0.2 0.4 0 0 0 0 0 0.4 0 0 0 0.4 0 74.4 54 0 119 11.8 13.4 64.4 18.400000000000002 66 14.8 5 14.600000000000001 29.400000000000002 27.8 27 26.200000000000003 51.400000000000006 8.4 38.400000000000006 10.8 0 0 0 0 0 0.6000000000000001 0.2 0.6000000000000001 0 0 0.6000000000000001 0 0 0.4 0 0 0 0 0 0 0.6000000000000001 0 0 0 0 0.4 0 0 0 0 11 0 0 0 0 0 0 0.4 0 0 0 0 0 4.2 0 2.4000000000000004 0 0 0 0 0 0 0 0 0 0 0 0 0 0 2.6 4.6000000000000005 15.4 3.8000000000000003 0.2 0 0.8 8.200000000000001 0 4.2 0 4.4 0 4.2 7.2 0.8 1.2000000000000002 0 1.8 2.8000000000000003 0 0.4 0 0 0 0 2.4000000000000004 0 0 0 0 0 0 0 0 0 0 0 4.2 0 0 0.4 0 2.6 0 0.2 0 0 0 0 0 0 0 1.4000000000000001 0 0 0 0 0 0 0 0.2 0 0 0.2 0 0 1.6 0 1.2000000000000002 0 0 0 0 0 0 0 0 0 0.2 5 12.4 2.4000000000000004 4.6000000000000005 0 4.800000000000001 5.2 5.6000000000000005 4.2 6 2 1.8 1.8 2 6.4 3.6 3.2 1.4000000000000001 0 0 0 0.2 0 0 0 0 0 1.4000000000000001 0 0 0 0 4.2 0.4 0 0 0 0 4 2.6 0 0 0 0 0 0 0 0 2.2 0 0 0.4 0 0 0 0 2 0 0 0.2 0 0 0 0 0 0 0 0 0 0 0 0 0 0 1.2000000000000002 0.4 0 15.200000000000001 0 0.2 3.2 0 0 0 0 0 3.2 0 0 0 0 0 0 0 0 0 0 0 0 1.8 0 2.4000000000000004 0 0 0 0.4 4 0 0 0 
 0 0.2 0 0 0.6000000000000001 0 0 0.2 0.4 0 0 14.8 0 0 0 0.6000000000000001 0 0.8 0 0 28.400000000000002 60.400000000000006 119 0 51.2 13 21.6 36.6 19.8 22.8 23.400000000000002 13.200000000000001 56.800000000000004 19.8 30.8 24 39.2 69.4 12 23.8 0 0 0 0 0 0 0.6000000000000001 0.6000000000000001 0 0 0 0 0 0.6000000000000001 0 0 0 0 9.200000000000001 6.4 0.6000000000000001 0 0 0 0 1 0 0 0 0 0 0 0 0 0.6000000000000001 0 0.4 0.4 0 0 0 0 0 0 0 0 0 0 0 0 0 0 0 0 0 0 0 0 0 0 0 2 2 7 0.2 4 0 2.4000000000000004 4.800000000000001 0 2.8000000000000003 1.8 0 0.2 2 3.8000000000000003 13.600000000000001 0 0 2.2 0 2.8000000000000003 0.2 0.4 0 0 0 0 0 2 0 0 10.8 0 0 0 0 0.2 2.6 1.8 0 0 0 0 0 0 0 0 0 0 0 0 0 0 0.2 0 0 0 0 0 0 0 0 0 1 0 0 0 0 0 0.8 0.2 0 0 0 0 0.2 0.2 0 0 5.6000000000000005 3.2 3 0.2 4.4 3.2 0 2 6.6000000000000005 0 0 2.2 0 0 0.2 3.6 1.6 2.2 0 2.2 0 2.4000000000000004 2.2 0 0 0 0.2 2 0 0 0 0 5.2 0 0 0 2 0 4.6000000000000005 3.8000000000000003 0 0 0 0 0 0 0 0 0 0 0 0.2 0 0 0 0 0 0 0 0.4 0 0 0 0 0 0 0 0 0 0 0 0 0 0 1.2000000000000002 0 0.8 33.2 0 0.4 0 1.6 0 0 0 0 0 0 0 0 0 0 0 0 0 0 0 0 0 0 0 2.8000000000000003 0 0 0 0 0 0 0 0 
 0.4 0.4 0.4 0.4 0.4 0.4 0.4 0.8 0.4 0.4 0.4 0.4 0.4 0.4 0.4 0.4 0.4 0.4 0.4 1.6 22.8 22.8 11.8 51.2 0 22.8 13 15.200000000000001 33.4 52.400000000000006 45.2 10.4 17.6 18.400000000000002 24 27.200000000000003 12.200000000000001 29.6 53.2 14 0 0 0 0 0 0 17.8 0.6000000000000001 0 0.2 0 0 0 0.4 0.8 0 0 0 27.200000000000003 12.8 0.6000000000000001 0 0 0 0 0.4 0 0 0 0 0 0 0.6000000000000001 0 0 0 0 0.4 0 0 0 0 0 0 0 0 0 0 0 0 0 0 0 0 0 0 0 0 0 0 0 0 5.6000000000000005 2.2 0 7.2 0 4.6000000000000005 7 0 0.2 2.2 0 0 0 0 0.6000000000000001 0 0 0 0.8 0 0 0 0 0 0 0.4 0 0 0 0 7.6000000000000005 0 0 2 0 0.2 7.4 0 0 0 0 0 0 0 0 0 0 0 0 0 0 0 0 0 0 0 1.6 0 0 0 0 0 0.2 0 0 0 0 0 0 0 0 0 0 0 0 0.2 0 0 0 6.2 0.2 0 3.8000000000000003 3.8000000000000003 0 0 0 2 2.8000000000000003 0 0 0 0 7.2 0.8 6.4 0 0.8 0.6000000000000001 4.800000000000001 0 0 0 0 0.2 0 0 0 0 0 1 0.2 0 0 0 0 6.2 2.6 0 0 0 0 0 0 0 0 0 0 0 0 0 0 0 0 0 0 0 0 0 0 0 0 0 0 0 0 0 0 0 0.4 0 0 2 0 0 30.6 0.2 0 0.6000000000000001 0.4 0 0 0 0 0 0 0 0 0 0 0 0 0 0 0 0 0 0 0 0 0 0 0 0 3.6 0 0 0 
 1 0.4 0.4 0.4 0.4 0.4 0.4 3.2 1.2000000000000002 0.4 0.4 0.6000000000000001 0.4 0.4 41 0.4 0.4 0.4 40.2 0.4 18.6 110.4 13.4 13 22.8 0 12 20.400000000000002 56.400000000000006 75.8 91.80000000000001 25 4.800000000000001 7.4 11.200000000000001 9.200000000000001 20.8 22.200000000000003 7.800000000000001 12 0 0 0 0 0 0 1.2000000000000002 0.6000000000000001 0 0.8 12.4 0 12.4 20 0.2 12.4 5.800000000000001 0 17 13.600000000000001 0.6000000000000001 0 0 0 0 10.4 0 0 0.2 0 0 0 0 0 0 0 0 0.4 0 0 0 0 0 0 0 0 0.2 0 0 0 0.4 0 0 0 0 0 0 0 0 0 0 0 8.8 0 2.6 0.4 0 0 2.4000000000000004 0 1.6 0 0 0 1.8 0 4 0 0 2.8000000000000003 0 0 0 0 0.4 0 7 3.8000000000000003 0 0 0 0 0.2 0 2.4000000000000004 0.2 0 2.4000000000000004 3.8000000000000003 0 0 0 0 3 0 0 0 0 0 0 0 0 0 0 0 0 0 0 0 0 0 0 0.2 0 0.4 0 0 0 0 0 0 0 0 0 0 0 0 0 0 0 5.2 9.8 4 4.2 0 5.2 0 4.4 7.800000000000001 3.8000000000000003 2.4000000000000004 0 0.2 0 0 1 9.4 3 0 0 0.8 7.6000000000000005 0 0.2 0 0 6.4 1.8 0 0.2 0 8.4 1.8 0 1.8 0 0 4.6000000000000005 2.6 8.8 0 0 0 0 0 0 0 0 0 0 0 0 0 0 0 0 0 0 0 0 0 0 1.8 0 0 0 0 0 0 0 0 0 0 0 2.8000000000000003 1 0 14.8 0.4 0.4 2.2 0.4 0 0 0 0 0 0 0 0 0 0 0 0 0 0 0 0 0 0 0 5.2 0 0 0 0 0 0 0 0 
 0 0 0.4 0 2.6 57 0 0.2 0.2 0.2 0.2 52 0 0.6000000000000001 0 0 14.600000000000001 0 0.4 0 20 60.6 64.4 21.6 13 12 0 16.400000000000002 45.800000000000004 53.400000000000006 7.4 23.6 24.6 88.80000000000001 10.8 5.6000000000000005 24.8 25 34.2 40.2 0 0.6000000000000001 0 0 0 13.4 5.6000000000000005 0.6000000000000001 0 0 6.800000000000001 0 0 1.2000000000000002 0 0.6000000000000001 0 0.6000000000000001 0 0.4 0.6000000000000001 0 0 0 0.2 1 0 0 0 0 0 0 0 0 0.6000000000000001 0 0 0.4 0 0 3 0 0 2.4000000000000004 0 0.2 0 0 0 0 4.2 0 0 0 0 2.6 0 0 0 1.4000000000000001 3.4000000000000004 4 1.4000000000000001 1.4000000000000001 2.8000000000000003 0 7.800000000000001 2.4000000000000004 3 1.6 0 1.6 11.4 2.4000000000000004 6.800000000000001 1.2000000000000002 1.8 3 9.8 3.4000000000000004 0 0 0 0 0 0 0 0.2 0 0 0 0 0 0 0 0 0 0 0.2 0 0 0 0 0 0.2 0 0 0 0.4 0 0 0 0 0 0 0 0 0 0 0 0 0 0.2 0 0 1.8 0 0.4 0 1 0 0 0 0 0 0 0 0 0 0 5.2 0 2.2 3.2 0.2 2.4000000000000004 3.8000000000000003 9.4 6 3.8000000000000003 2 6.800000000000001 4.6000000000000005 2.8000000000000003 3.2 4.2 0 3.2 0 3.2 0 0 0 0 0 0 0 2.2 0.4 0 0 0 0 0 0 0 0.4 0 0 0 0 0 7.6000000000000005 0 0 0 0 2.4000000000000004 0 0 0 0 0 0.4 0 0 0 0 0 0 0 0 0 0 0 0 30.6 0 0 0 0 0 0 0 1.4000000000000001 0 0 0 0 0 0.8 0 0 0 0 0 0 0 0 0 0 0 0 0 0 0 0 0 0 1.8 0 0 0 5 0 2 0 0 0 0 
 0.6000000000000001 0.6000000000000001 0.6000000000000001 0.6000000000000001 0.6000000000000001 16.6 0.6000000000000001 0.8 1 0.6000000000000001 0.6000000000000001 5.4 0.8 0.6000000000000001 41.2 1 0.6000000000000001 0.6000000000000001 0.6000000000000001 0.6000000000000001 43.800000000000004 67.8 18.400000000000002 36.6 15.200000000000001 20.400000000000002 16.400000000000002 0 19 51.800000000000004 21.6 51.2 84.2 22.8 75.60000000000001 8.6 7.2 8.8 19 71.2 0.8 0 0 0 0 0 5.2 0.6000000000000001 0 2 0 0 0 0.4 0 0 0 0 0.8 0.2 0.6000000000000001 0 4.800000000000001 0 0 10.600000000000001 0 0 0 0 0 0 0 0 0 0 0 0.4 0 0 0 0 0 2.4000000000000004 0 0 0 0 0.4 0 0 0 0 0 0 0 0 0 0 0 0 5.6000000000000005 2 0 3.6 0 3 4.4 2.6 0 0 0.2 0 0 0 0.2 0.6000000000000001 0 0 0 0 0 0 0 0 0 0 0 0 0 0 0 3 0 0 0 0 0 2.8000000000000003 0 0 0 0 0 0 0 0 0 0 0 0.4 0 0 0 0 0 0 0 0 0 0 0 0 0 0 0.4 0 0 0 0 0 0 0 0 0 0 0 0 0 0 0 8 4.800000000000001 3.2 1.4000000000000001 3.4000000000000004 0.4 0 3.4000000000000004 3.2 0 5.2 0 12.8 0 2 2.4000000000000004 9.4 0 0 0 0 0 0 0 0 0 0 0 0 0 0 2.2 0 0 0 0 0 1.6 0 0 0 0 0 0 0 0 0 0 0 0 0 0 0 0 0 0 0 0 0 0 0 2.6 0 0 0 15.600000000000001 0 0 0 0 0 0 0 1 0.4 0.2 0.2 0.2 0.4 0.4 0 0 0 0 0 2.4000000000000004 0 0.2 0 0 0 0 0 0 0 0 0 0 0 0 2 0 0 0 0 0 0 0 0 
 0 0.2 0 0 1.8 30.200000000000003 0 0 0.8 0 0 15.600000000000001 0.4 0 0 0 6.2 0 17.400000000000002 1 28.400000000000002 28.400000000000002 66 19.8 33.4 56.400000000000006 45.800000000000004 19 0 11.600000000000001 19.8 10 37.4 35.6 32.6 15.600000000000001 5.4 14 24 20.200000000000003 0 0 0 0.4 0.6000000000000001 0.8 6.800000000000001 13 0 0.6000000000000001 1.2000000000000002 0.4 0.6000000000000001 0.8 0 0 0.4 0 0 0 0.6000000000000001 0 0 0.2 0 0.6000000000000001 0.6000000000000001 0 0.4 0 0.4 0.2 0.6000000000000001 0.4 0 0 0.4 1 0 0.4 0 0 0 0 0 0.2 0 0 0 0 0 0 0 0 0 0 0 0 0 0 5.4 0 2 3.2 3 2.6 2 4.2 0 2.6 3 4.6000000000000005 4.4 3.2 7.2 3.8000000000000003 0.8 1.8 3.2 0 1.6 0.4 0 0 0 0 0 0 0 0 0 0 0 2.4000000000000004 0 0 0 0 4.6000000000000005 0 0 0.4 1 0.4 0 2.2 0 0.2 0 0 0 0 0 0 0 0 0 0 0 0 0 0 0 0 0.2 0 0 1.4000000000000001 0 2 0 0 0 0 0 0 0 0 0 0 3 7.800000000000001 2.8000000000000003 7.800000000000001 0.2 19 8.4 3.6 6 9.8 2.4000000000000004 5.800000000000001 2.2 0 10 8.6 0 0 3.6 0 0 4.800000000000001 0.2 0 0 0 0 0 0 0 0.6000000000000001 0 0 0.6000000000000001 0 0 0 0 2.2 0 0 0 0 0 0 0 0 0 0 0 0 0 0 0 0 0 0 0 0 0 0 0 0 0 0 0 14.600000000000001 0 0.2 0 0 0 0 0 0.4 0.2 0 15 0 0.4 4.2 0.4 0 0 0 0 0 0 0 0 0 0 0 0.2 0 0 0 0 0 7.6000000000000005 0 0 0 0 0 2.6 3.2 0 0 0 
 0 0 0 0 0 0 0 0.2 0.4 0 0 0.4 0 0.4 0 0.8 0 0 0 0 21.200000000000003 24.400000000000002 14.8 22.8 52.400000000000006 75.8 53.400000000000006 51.800000000000004 11.600000000000001 0 18 15.200000000000001 30 15.8 94.60000000000001 66.4 93.60000000000001 27.200000000000003 19 13.4 0 0 0 0 4.4 0 4.4 0.6000000000000001 0 0.8 0 0 0 0.6000000000000001 12.4 0 0 0 12.4 20.400000000000002 9.4 0 0 0 0 0.4 0 0.2 0 0 0 0 0 0 0 2 0 0.4 0 0 0 0 0 0 0 0 0 0 0 0 0 0 0 0 0 0 0 0 0 0 0 3.8000000000000003 4 4.6000000000000005 9.600000000000001 2.4000000000000004 0 1.2000000000000002 1.6 2.4000000000000004 6.2 3.2 0 0 0 0 2.8000000000000003 0 3.8000000000000003 0 0 2.4000000000000004 1.4000000000000001 0 0 0.4 2.6 0 2 0 0 0 3.2 0.4 0 2.2 0 0 0 0 0 0 0.2 0 1.4000000000000001 0 0 0 0 0.2 0 0 0 0.4 0 0 0 0.4 0 0.4 3.4000000000000004 2.2 0 0 0 0 0.2 0 0 0 0 0 0 0 0 0 0.4 0 0 0 2.2 2.4000000000000004 2.4000000000000004 6.4 5.6000000000000005 3.8000000000000003 0 0.4 0.4 1.8 11 0 0 0 0 0 2.8000000000000003 1.4000000000000001 0 0 7.4 0.2 0 0 0 0 0 0 0 0.2 0 0 5.4 0 3.2 0 0 0 5.4 4 0 0 0 0 0 0 0 0 0 0 0 0 0 0 3.6 0 0 0 0 0 0 0 1.8 0 0 0 0 0.4 0 0 0 0 0 0.2 0 0 0 1.4000000000000001 22.6 0.2 0.8 0.4 0 0 0.2 0 3.2 0 0 0 0 0 0 0 0 0 0 0 0 0 0 8.200000000000001 0 0 0 0 4.4 0 0 0 
 0 2.6 0 0 0.6000000000000001 0 0 0.2 0.4 0 0 0 0 0 0 0 0 0 0 0 6.800000000000001 22 5 23.400000000000002 45.2 91.80000000000001 7.4 21.6 19.8 18 0 80.80000000000001 14 14.4 30.200000000000003 14.4 19.8 16.6 5.6000000000000005 26.6 0 0 0 0 0 0 0.4 0.6000000000000001 0 0 0 0 0 0.4 0 0 0 0.2 14 12.200000000000001 0.4 0 0 0 0 2.6 0 0 0.4 0 0 0 0 0 0.4 0 0 0.4 0 0 0 0 0 0 0 0 0 0 0 0 0 1.8 2.6 0 0 0 0 0 0 0 3.8000000000000003 0 0.6000000000000001 0 0.2 2 0 1.4000000000000001 1.2000000000000002 0 0.2 2.6 2.4000000000000004 2.2 0 2.4000000000000004 2.2 3.2 0 0 0 7.800000000000001 4.800000000000001 0.2 0 0 0.6000000000000001 0 2.8000000000000003 2 0 0 3.6 0 0 3.2 0 0.2 7.6000000000000005 0.8 0 0 0 0 0 0.2 0 0 0 0 0 0 0 0 0 4.2 0 0 0 0 0.4 0 0 0 0 0 2 0 0 0 0 0 0 0 0 0 0 0 0 0 0 5.6000000000000005 5.800000000000001 9 0.2 7 2.6 0 4.6000000000000005 0 0 4.6000000000000005 0 0 1.4000000000000001 3.8000000000000003 1.2000000000000002 0 4 3.2 3.2 4.6000000000000005 3 0.2 0 0 1.6 0 0 0 0.2 0 0 0 15.4 0 1.8 0 0 1.4000000000000001 0 0 0 0 0 0 0 0 0 0 0 0 0 0 0 0 0 0 0 0 0 0 0 0 0 0 0 0 0 0 0 0 0 0 4.2 0.2 0.4 16.6 0.4 0 0 0 0 0 0 12.8 0 0 0 0.4 0 0 0 0 0 0 0 0 0 0 0 0 0 0 0 0.4 0 0 0 0 
 0 0.4 0 0 0.4 0 0 0.2 0.4 0 0 0 0 0 0 0.2 0.2 0.4 0 0.2 20.8 8.6 14.600000000000001 13.200000000000001 10.4 25 23.6 51.2 10 15.200000000000001 80.80000000000001 0 48.6 62.800000000000004 6.800000000000001 51.800000000000004 12.4 18.8 9.200000000000001 19.200000000000003 0 0.4 0.6000000000000001 0 0 0 14.4 0.6000000000000001 3 1.2000000000000002 0 0 7.6000000000000005 12.600000000000001 0 0 0 0 15.4 32 0.4 0 0.6000000000000001 0 0 1.2000000000000002 0 0 0.6000000000000001 0 0 10.4 0.6000000000000001 0 0 0 0 0.4 0 0 0 0 0 0 0 0 0 0 0 0 0 0 0 0 0 0 0 0 0 0 0.4 0 4.4 0 4.2 0 0 1.2000000000000002 0 0 0 0.2 0 0 1.6 0 0 0 0 0 0 4.2 1.6 0 0 0 10.8 0.2 9.600000000000001 4.4 0 0.2 2 0 0 3.2 0 0.2 20.6 3.6 0 0 0 0 0 0 0.2 0 0 0 0 0 0 0 0 0 3.8000000000000003 0 0 0 0 0 0 0 0 0 1.2000000000000002 0 0 0 0 0 0 0 0 0 0.4 0 0 0 0 3.2 0 2.8000000000000003 0 5.800000000000001 2.2 0 0 0 1.2000000000000002 2 0 0.2 1.4000000000000001 2.2 0 0 0 0 5.2 8.4 4 15 0 0 1 0 1.8 0 0 0 0.6000000000000001 2 4.800000000000001 0 7.6000000000000005 4.800000000000001 1.8 2 0 0 0 0 0 0 0 0 0 0 0 0 0 0 4 0 0 0 0 0 0 0 2.2 0 0 0 0 0 0 0 0 0 0 0 2 0.4 0.2 15.4 0.8 4.2 1.6 4.2 0 0 0 0 0 0 0 0 0 0 0 0 0 0.4 0.4 0 0 2.2 0 1.8 0 0 0 10.200000000000001 0 0 0 0 
