 0 60.800000000000004 62 11.200000000000001 6.6000000000000005 74.8 70 74.60000000000001 84.60000000000001 30.200000000000003 56 23.200000000000003 11.8 43.800000000000004 45.2 15 23.200000000000003 11 7.800000000000001 51.6 0 0 0 14.8 0.6000000000000001 0 0 0.6000000000000001 0 0 0 0 0 0 0 0 0 0 0 0.6000000000000001 0 0 0 0 0 0 0.6000000000000001 0 1.8 0 0 0 0 0 0 0 0 0 0 0 0 0.6000000000000001 0 0 0 0.6000000000000001 0 0 0.2 0 0.6000000000000001 0.6000000000000001 0 0 0 0 0 0 0 0 4.800000000000001 0 6.4 0 10.8 8.200000000000001 0 4 3 0 0.2 1.8 4.800000000000001 6.800000000000001 5 5 3 6.4 6.800000000000001 3.2 0 3.8000000000000003 0 1.6 0 0 0 0 0 0 0 0 0 0 0 0 0 0 2.8000000000000003 1.8 0 0 0 0 2.8000000000000003 0 0 0 0 0 0 0 0 0 0 0 0 0 0 0 0 0 0 0 0 1.6 0 1 0 0 0 0 0 0 0 0 0 0.2 0 0 0 2 2.8000000000000003 2.2 0 3.4000000000000004 0.8 0 8 0.6000000000000001 0 5.2 0 1.8 1.8 5.6000000000000005 3.8000000000000003 6.4 0 2.2 0 0 0 0 0 0 0 0 0 0 0 0 0 0 0 0 0 0.4 3 0 0 0 0 0 0 0 0 0 0 0 0 0 0 0 0 0 0 0 0 0.4 0 0 0 0 0 0 0 0 0 0 0 0 0 0 0 0 0 0 0 0 0 0 0 0 0 0 9.200000000000001 0 0.2 0 2 3.2 0 2.2 0 0 0 0 0 0 0 0 0 0 0 0 0 0 0 0 0 0 0 0 0 0 0.8 0 0 0 0 0 0 0 0 0 0 0 0 0 
 60.800000000000004 0 66 58.800000000000004 11.4 88 84.80000000000001 39.400000000000006 61.400000000000006 54.2 21.400000000000002 17.2 41.400000000000006 53.6 91.60000000000001 106.4 27.200000000000003 117.4 35.6 27.6 0 0 0.6000000000000001 15.200000000000001 0.6000000000000001 0 0.6000000000000001 0.6000000000000001 14.8 0 0 0 0 0 1.4000000000000001 0 0 0 0.4 0.6000000000000001 0 0 0 0 0 0 1.2000000000000002 0 0.6000000000000001 0 0 0.6000000000000001 0 0 0 0 0 0.2 0 0 0.6000000000000001 0.6000000000000001 0 0 0 0.8 0 1.4000000000000001 0 0 0.2 0 0.6000000000000001 0 0 0 0.4 0 0 0 5.800000000000001 1.6 1.6 5.800000000000001 0 0 0.4 4.4 4.6000000000000005 0 2.8000000000000003 2 3.4000000000000004 0 11 8.200000000000001 0 11.8 11.8 0 0 0 0.4 0 0 0 0 0 0.4 0 0 0 0 0 0 0 0 0 2.4000000000000004 0.2 0 0 0 3 2 0 0 0 0 0.4 0 0 0 0 0 0 0 0 0 0 0 0 0.4 0 0 0 0 0.2 0 0 0 0 0 0 0 0 0 0 0 0 3.4000000000000004 3 9.4 3.4000000000000004 1.4000000000000001 0.2 4.800000000000001 2.8000000000000003 10.200000000000001 0 2.8000000000000003 2.8000000000000003 0 0.2 5.800000000000001 2.6 8.6 0 0 0.8 0 0 0 0 0 0 0 0 0 0 0 0.2 0 0 0 0 0 0 5.4 0 0 0 0 0 2 0 0 0 0 0 0 0 0 0 0 0 0 0 0 0 0 0 0 0 0 0 0 0 0 0 0 0 0 0 0 0 0.2 0 0 0.2 0 0.2 0 0 0 0.6000000000000001 17.6 0 0.4 0.2 5.2 1.2000000000000002 0 0 0 0 0 0 0 0 0 0 1.2000000000000002 0 0 0 0 0 0 0 0 0 0 0 0 3.2 2.2 0 0 0 0 0 0 0 0 0 0 0 0 0 
 62 66 0 21 71.8 27.8 37.4 26.8 69 22.200000000000003 42.800000000000004 31 21.200000000000003 10.600000000000001 20.400000000000002 30.8 7 26.6 27 19 0.4 0 0 0 0.6000000000000001 0.2 14.8 0.6000000000000001 0 0 0 0 0 0 0 0.4 0 0 0.4 15.600000000000001 0 0 0 0 0 0 0.6000000000000001 12.4 0.2 0 0 0 0 0 0.6000000000000001 0 0 0 0 0 0 0.6000000000000001 0 0 0 0.6000000000000001 0 0 0 0 0.6000000000000001 0 0 0 0 0 0 0 0 0 2 7.800000000000001 1.2000000000000002 14.600000000000001 0.6000000000000001 0 0 0 6.2 2.2 0 2.8000000000000003 5.4 5.800000000000001 5.6000000000000005 0 0 3.6 5.2 0.4 0 2.8000000000000003 0 0 0 0 0 0.2 0 0 0 0 4 0 0 0 0 0 0 8.4 0 0 0 0.2 0 0 0 0 0 0 0 0 0 0 0 0 0 0 0 0 0.4 3 0.2 0 0 0.4 0.2 0.2 0 0 0 0 2 0 0 0 0 0 0 0 9.200000000000001 0 2.4000000000000004 3.8000000000000003 0 2.8000000000000003 0 2 3.6 3.2 2.8000000000000003 0 3.2 0.6000000000000001 4.2 2.6 3.8000000000000003 3.6 0 4 0 0 0.2 0 0 0 0.2 0 0.2 0 0 0 1 0 0 0 0 0 0.4 0 0 0 0 0 0 0.2 0 0 0 0 0 0 0 0 0 0 0 0 0 0 0 0 0 0 0 0 0 0 0 0 0 0 0 0 0 0 0 0 0 0 0 0 0 0 0 0 0.2 0 0.8 17.6 2.4000000000000004 4.4 0 0 0 0 0 0 0 0 0 0 0 0 0 0 0 0 0 0.4 0 0 0 0 0 3.6 6.2 9.8 0 0 0 0 0 0 0 0 0 0 0 0 
 11.200000000000001 58.800000000000004 21 0 103.80000000000001 81.80000000000001 17.400000000000002 35.6 72.4 65.2 37.2 173.4 19.400000000000002 34.4 12.4 9.4 26 39.6 17.2 54.400000000000006 4.6000000000000005 0 0 0 0.6000000000000001 0.4 0 0.6000000000000001 0 0 0.2 0 12 15.200000000000001 0 0.2 0.4 0 60.2 15.600000000000001 0 0 0 0 0 0 0.6000000000000001 0 0 0 0 0 0 0 0 0 0 12.600000000000001 0 0 0 0.6000000000000001 0 0 13 0.2 0 0 0 0 0.2 0 0 0 0 0.2 0 0 0 0 0 0 4 0 7.800000000000001 2.2 0 0 0 5.4 2 3.6 0 0 0 2.4000000000000004 2.4000000000000004 0 0.2 0 0 0.4 0.2 0 0 0 0 7 3 0 0.2 0 3.4000000000000004 7.800000000000001 1.8 0 0 0 12.600000000000001 2.2 0 0 0 0 0.4 0 0 0 0 0 0 4 0 0 0 4.4 0 0 0 0 0 0 0 0 0 0 0 4.4 0 0 0 0 0 0 0 0 0 0 0 0.2 0 0.4 0 0 2.8000000000000003 4.2 0 0 0 3.8000000000000003 3.8000000000000003 6.2 0 1.6 0 2.4000000000000004 0 2.2 0 0 6.6000000000000005 0 0 0 0 0 0 0 0 0.2 0 0 6.4 6.6000000000000005 0 0 0 0 3.2 1.6 0 0 0 0 0 0 0 0 0 0 0 0 0 3.8000000000000003 0 0 0 0 0 0 0 0 0 0 0 0 0 0 0 0 0 0.4 0 0 0 0 0 0 0 0 0 0 0 0 0 0 12.200000000000001 0 0.2 0.2 0 1.8 0 0 0 0 0 0 0 0 0 0 0 0 0 0 0 0 0 0 0 0 0 0 0 0 0 0 0 0 0 0 0 0 0 0 0 0 0 0 
 6.6000000000000005 11.4 71.8 103.80000000000001 0 90.80000000000001 54.2 11.600000000000001 32 121 18.6 27.200000000000003 16.8 13.8 59.6 13.4 10.600000000000001 10.8 8.4 14.200000000000001 0 0.6000000000000001 0.4 0 1 0.2 5.2 30 0 0.4 0 0.2 6.6000000000000005 31.400000000000002 0.2 0 0 0 0 0.6000000000000001 0.4 0 0 0 0 0 0.6000000000000001 11.200000000000001 0.4 0 0 0.6000000000000001 0.4 1.2000000000000002 0 0 0 0.4 0 1 0 0.6000000000000001 0 0 0.6000000000000001 2 0 0 0 3.4000000000000004 0.6000000000000001 0 0 0 0 0.6000000000000001 0.6000000000000001 0 0.8 0 0 0.2 0 3.4000000000000004 4 3.8000000000000003 0 0 0 4 7 2 0 0 2.6 0 2.8000000000000003 0 0 0 8.200000000000001 8 3.4000000000000004 0 0 0 4.800000000000001 0.2 2.6 0.2 0 0 12.600000000000001 1.8 8.8 1.8 0 3.4000000000000004 0 6.800000000000001 0 0 0 0 0 0.2 0 0 0 0 0 0.4 0 0 3.2 0 0 0 0 2.4000000000000004 0 0 0.2 0 3.4000000000000004 0 0 0 1.4000000000000001 0.2 0 0 0 0.2 0 0 0 0.8 0 0 0.2 0 0 2.8000000000000003 6.2 2.8000000000000003 0 0 0 0 0.2 0 0 0.2 0.2 0.4 3.6 1.4000000000000001 0 0 2.4000000000000004 0.2 0 0 0 0 5.6000000000000005 0 2.2 0.4 0 0 4.800000000000001 0.2 7.4 2.2 1.6 0 2 2.8000000000000003 0 0 0 0 0 0 0 0 0 0 0 0 0 0 0 0 1.6 0 0 0 0 0 0 0 0 0 0 0 0 0 0 0 0.4 0 0 0 0 0 0 0 0 0 0 0 0 0 0.2 0.2 0.8 0.2 0 1 0 0 0 0 0 0 0 0 0 0 0 0 0 0 0.2 0 0 0 0.2 0 0 0 0 0 0 0 0 0 0 0 0 0 0 0 0 0 0 0 
 74.8 88 27.8 81.80000000000001 90.80000000000001 0 8.200000000000001 9.600000000000001 74.4 21.400000000000002 76.4 40.400000000000006 6 28 76 17 27.6 10.8 49.800000000000004 10.8 15 0 0 0 0.6000000000000001 0 0 0.6000000000000001 0 0 0 0 15 5.4 0 0.4 0 0 0.2 0.6000000000000001 0 0 0 0 0 0 0.6000000000000001 0.4 0.6000000000000001 0 0 0.2 0 0 0 0.8 0 0 0.2 0 0 0.6000000000000001 0 0 0 0.6000000000000001 0 0 0 0 0.4 0 0 0 0 0 0.4 0 0 0 4.4 3.6 9.200000000000001 0.2 3.4000000000000004 2 0 0.2 2 2.2 9.4 0.2 0 0.4 0.2 0.2 13.4 2.2 0 0.4 9.4 6.4 0 0 0 0.4 0.4 0.4 0 0 0 0 2 0 8.4 0 0 0 10 2.6 0 0 0 0 4.800000000000001 0 0 0 2.4000000000000004 2.4000000000000004 0 0 0 0 0 0 0 0 0 0 0 0 0.2 0 0 0 0 1.6 0 0 0 0 0.4 0 0 0 0 0 0.4 0 0 7.2 2.6 3.4000000000000004 0.4 4.2 0 2 4 2.4000000000000004 0.4 6.4 0 0.2 0 6.2 3.4000000000000004 7.4 0 0 0.2 0.4 0 0 7.800000000000001 0 0 0.2 0 0 0.4 0 4.2 3.4000000000000004 0 0 0 0 7.4 1.8 0 0 0 0 0 0 0 0 0 0.4 0 0 0 0.4 0 0 0.4 0 0 0 0 0 0 0 0 0 0 0 0 0 0 0 3.4000000000000004 0 0 0 0 0 0 0 0 0.2 0 0 0 8 2.6 0 18.400000000000002 17.6 1 4 0.4 0 0 0 0 0 0 0 0 0 0 0 0 0 0 0 0 0 0 0 0 0.4 6.6000000000000005 0 0 0 0 0 0 0 0 0 0 0 0 0 0 0 
 70 84.80000000000001 37.4 17.400000000000002 54.2 8.200000000000001 0 37.2 40.2 61 7.2 9 99 32.6 45.800000000000004 54.400000000000006 59.400000000000006 23.8 10.8 64.60000000000001 0 0 0 0 0.6000000000000001 0 0 0.6000000000000001 0.6000000000000001 0 0 0 0 0 0 0 0 0 0 0.6000000000000001 0 0 0 0 0 0 0.6000000000000001 0 4.800000000000001 0 0 0.4 6.2 0 12.4 0 7.2 0 0 0 0 0.6000000000000001 0 0 0 0.6000000000000001 0 0 0 0 0.6000000000000001 0 0 0 0 0 0 0 0 0 4.6000000000000005 0 6.800000000000001 4 0 5 3 7.800000000000001 0.2 0 4.2 2 9.200000000000001 7 5 2.6 1.8 7.4 0 2.6 0 0 0 0 0 0 0 0 0 0 0 0 0 0 0 3 0 0 0 0 0 0 0 0 0 0 0 0 0 0 0 0 2.4000000000000004 3 0 0 0 0 0 0 0 0 0 0 0 0 0 0 0 0 0 1.4000000000000001 0 0 0 0 0 0 0 0 0 1 0 2 0 0.4 1.8 5 10.8 2.2 13.600000000000001 0 0 2.2 3.8000000000000003 0 0 1.6 0 10 0 0 0 0 0 0 0 0.4 0 0.4 0 0 0 2.6 0 0 0 2.2 0 0 0 0 0 0.4 0 0 0 0 0 0 0 0 0 0 0 0 0 0 0 0 0 0 0 0 0 0 0 0 0 0.2 0 0 0 0 0 0 0 0 0 0 0 0 0 0 0 0 0 0 0.4 0.2 0 1.4000000000000001 0 0 0.4 0 0 0 0 0 0 0 0 0 0 0 0 0 0 0 0 0 0 0 0 0 0.4 0 0 0 0 0 0 0 0 0.2 0 0 0 0 
 74.60000000000001 39.400000000000006 26.8 35.6 11.600000000000001 9.600000000000001 37.2 0 127.60000000000001 44.2 10.8 54.800000000000004 43.6 18.2 53.800000000000004 24.6 38.6 46.2 77.80000000000001 9.8 0 0 0.4 0 0.6000000000000001 0.4 0 0.6000000000000001 0 0 0 0.4 0.2 0 0 0 0 0.4 0 0.8 0 0 0 0 0 0 0.6000000000000001 0 1 0 0 0.4 0 0 0 0 0 0.6000000000000001 0 0 0 0.6000000000000001 0 0 0 0.6000000000000001 1.2000000000000002 0 0.4 0 0.6000000000000001 10.600000000000001 0 0 0 0 0 0 0 0 1.6 11.600000000000001 4.4 2 0.4 3.6 0 4.2 2 0.4 0 4.800000000000001 2.6 4.2 2.2 2.8000000000000003 4 8.4 2.8000000000000003 2.2 0 0 0 0 0 0 2.4000000000000004 0 0 0 0 0 0 0 0 0 0 0 0.2 0 0 0 0 0 0 0 0 0 0 0 0 0 0 0 0 0 0 0 0 0 0 0 0 0 0 0 0 1.6 0 0 0 1 0 0 0 0 0 0 0 0 2.8000000000000003 13.8 2.6 0.2 0 2 0.2 4 7 12.4 6 2.4000000000000004 2.8000000000000003 2.2 4.6000000000000005 4.2 0.2 0 0 8.4 0 0 0 0 0 0 0 0 0 0 0 0 0 0.2 0 0 0 0 3.8000000000000003 0 0 0 0 0 0 0 0 0 0 0 0 0 0 0 0 0 0 0 0 0 0 0 0 0 0 0 0 0 0 0 0 0 0 0 0 0 0 0 0 0 0 0 0 0 0 0 0.4 0 0.2 41.6 0 0.6000000000000001 1.4000000000000001 0 0 0 0 0 0 0 0 0 0.2 0 0 0 0 0 0 0 0 0 0 0 0 0 3 3.6 0 0 0 0 0 0 0 0 0 0 0 0 
 84.60000000000001 61.400000000000006 69 72.4 32 74.4 40.2 127.60000000000001 0 29.8 53 127.80000000000001 56.6 57.400000000000006 107.80000000000001 47.400000000000006 28.8 71.60000000000001 60 33 0.4 0 0 0 0.6000000000000001 0 0 0.6000000000000001 0 0 0 0 0 0 0 0 0 0 0 0.6000000000000001 0 0 0 0 0 0 0.6000000000000001 0 0.6000000000000001 0 0 0.2 0 0 0 0 0 0 0 0 0 0.6000000000000001 0 0 0 0.6000000000000001 0 0 0 0 0.6000000000000001 0 0 0 0 0 0 0 0 0 4 3.6 4.6000000000000005 7.4 2.2 1.8 0 1.4000000000000001 0.2 0 0 7 1.8 0 6.800000000000001 0 3.4000000000000004 6.6000000000000005 4.800000000000001 2.2 0 0.2 0 0 0 0 0 0 0 0 0 0 0 0 0 0 0 0 0 0 0 0 0 0 0 0 0 0 0 0 0 0 0 0 0 0 0 0 0 0.2 0 0 0 0 0 0 0 2.8000000000000003 0 0 0 0.4 0 0 0 0 0 0 0 0 0 1.4000000000000001 5.6000000000000005 0 0 0.2 0 5 6.2 2 3.4000000000000004 1.4000000000000001 0 2 4.800000000000001 1.8 1.8 2 0 1 0.4 0 0 0 0 0 0 0 0 0 0 0 0 0 0 0 0 3.6 3 0 0 0 0 0 0 0 0.2 0 0 0 0 0 0 0 0 0 0 0 0 0 0 0 0 0 0 0 0 0 0 0.4 0 0 2.6 0 0 0 0 0 0 0 0 0.2 0 0 0 0 0.2 0.4 0.2 17.8 3.4000000000000004 1 2 0 0 0 0 0 0 0 0 0 0 0 0 0 0 0 0 0 0 0 0 0 0 0 9.600000000000001 0 0 0 0 0 0 0 0 0.4 0 0 0 0 
 30.200000000000003 54.2 22.200000000000003 65.2 121 21.400000000000002 61 44.2 29.8 0 74 77.2 67.2 29.8 38.2 16 46 40 16.400000000000002 102.2 14.8 0 0.4 0 1 0 0.6000000000000001 0.8 0 0.2 0 0.6000000000000001 14.8 5 0 0 0 0 13 6.4 0 0 0 0 0 0 0.8 0 1.6 0 0 0 0 0 0 0 0.2 0.4 0 0 0.2 0.6000000000000001 1.4000000000000001 0 0 2.2 8.6 0.8 1.8 0 1 0 0 0.2 1.6 1.6 1.4000000000000001 0 1 0 1.6 0 12.200000000000001 2.6 2.2 3 0 6.2 0 2 8 1.8 0 0 0 0.2 6.2 2.8000000000000003 0.2 3.2 5.800000000000001 3.8000000000000003 0 0 0 0 0 0.8 0 0 0 0 3.2 4 4.6000000000000005 0 0 0 1 0 0.4 0 0 0 0 0.4 0 0 0 0 0 0 2.6 0 0 3.6 0 0 0 0 0 0.4 0 0 0 0 0 3 0 0 0.4 0 0 0.4 0 0 0 0 0 0 0 1.4000000000000001 0 9.200000000000001 8.6 0.2 0 0 3.2 2 3 2 0 1.6 3.2 0 0.2 5.2 0 0 3.6 0 0 0 0 0 0.2 0 0 0 0 0 1.2000000000000002 6.4 0 0 0 0 3.4000000000000004 2.8000000000000003 0 0 0.2 0 0 0 0 0 0 0 0 0 0 4.2 0 0 0 0 0 0 0 0 0 0 0 0 0 0 0.2 0 4.2 0 0.2 0 0 0 0 0 1.8 0 0 0 0 0 0 0 1.6 0.6000000000000001 20 0 0 1.8 0 0 0 0 0 0 0 0 0 0 0 0 0 0 0.4 0 0 0 0 0 0 0 0 0 0 0 0 0 0 0 0 0 0 0 0 0 0 0 
 56 21.400000000000002 42.800000000000004 37.2 18.6 76.4 7.2 10.8 53 74 0 15.4 10.8 28.6 49.800000000000004 31.200000000000003 16.2 103 12.4 30.6 12.200000000000001 0.4 0 0 0.6000000000000001 0 15 0.6000000000000001 0 0 0 0 0 0 0 0 0 0 15 15.200000000000001 0 0 0 0 0 0 0.6000000000000001 0 0 0 0 0 0 0 0 0.2 0 14.200000000000001 0 0 0 6.4 0 0 0 0.6000000000000001 0 0 0 0 0.6000000000000001 0 0 0 0 0 0 0 0 0 5.800000000000001 2.8000000000000003 0.2 0.2 2 2.4000000000000004 0 0.2 10.4 3 0 4.6000000000000005 0.4 2 3 2 1.2000000000000002 3 3 0 0 2 0 0 0 0 0 3.2 2.4000000000000004 0 0 0 3.6 7.6000000000000005 6.2 0 2.6 0 8.6 11.200000000000001 0 0 0 0.2 3.8000000000000003 0 0 0 0 0 0 2.2 0 0 0 0 0 0 0 0.2 0.4 0 0 0 0 0.4 0 0.6000000000000001 0 0 0 0 0 0 0 0.2 0 0 0 0 2.2 3.8000000000000003 4.2 4.6000000000000005 2.2 4.2 2.2 0 4.4 4.6000000000000005 5.6000000000000005 3 0 1.4000000000000001 3.8000000000000003 1.4000000000000001 6 3 0 1.4000000000000001 3 0 0 0 0 0 0.6000000000000001 0.2 0.2 0 0 0 5.4 6.6000000000000005 0 0 0 0 3.6 2 0 0 0 0 0 0 0 0 0 0 0 0 0 2.6 0 0 0 0 2.8000000000000003 0 0 0 0 0 0 0 0 0 0 0 0.8 0 0 0 0 0 0 0 0 0 0 0 0 0 0 0 18.6 0.4 0.2 16.8 2.8000000000000003 1.4000000000000001 0 0 0 0 0 0 0 0 0 0 0 0 0 0 0 0 0 0.4 0 0 0 0 0 0 2.4000000000000004 0 0 0 0 0 0 0 0 0 0 0 0 0 
 23.200000000000003 17.2 31 173.4 27.200000000000003 40.400000000000006 9 54.800000000000004 127.80000000000001 77.2 15.4 0 4.2 21.6 25.400000000000002 31.6 16.6 61 9.4 9.200000000000001 0 0 0 0 0.6000000000000001 15.8 15.200000000000001 0.6000000000000001 0 0 0.4 0.6000000000000001 3.4000000000000004 15.200000000000001 0 0 0 0 37.6 1.2000000000000002 0 0 0 12.4 0 0 0.6000000000000001 0 0 0 0 0 0 0 0 0 0 0.8 0 0 0 0.6000000000000001 0 0 0 0.2 0 0 0 0 0.2 0 0 0 7.4 0 0.2 0 0 0 3 3 3.4000000000000004 2.4000000000000004 8.6 0 0 0 1.6 5.4 3.4000000000000004 1.6 0 0 5.6000000000000005 4.4 5.4 2.8000000000000003 0 0 0 3.8000000000000003 0 0 0 0 0 5.2 0 0 0 0 0.2 0 0 0 0 0 9.4 0 0 0 0 0 6.2 0 0 0 0 0 0 0 0 0 0 0 0 0 0 0 0 0 0 0 0 0 0 0.6000000000000001 0 0 0 0 0 0 0 0 0 0 0 0.4 0 8 4 3 6.4 4 0 1.8 3.2 0 2.6 14.4 0 0.2 0 7 2.2 4.6000000000000005 0 0 2.8000000000000003 0 0 0 0 0 0 4.2 0 0.4 0 0 3.4000000000000004 0.2 0 0 0 0 9.8 0 0 0 0 0 0 0 0 0 0 0 0 0 0 0 0 0 0 0 0 0 0 0 0 0 0 0 0 0 0 0 0 0.2 0 0 0 0 0 0 0 0 0 0 0 0 0 0 22.8 0 0.8 17.8 0.4 2.4000000000000004 2.2 0 0 0 0 0 0 0 0 0 0 0 0 0 0 0 0 0 0 0 0 0 0 0 1 0 0 0 0 0 0 0 0 0 0 0 0 0 
 11.8 41.400000000000006 21.200000000000003 19.400000000000002 16.8 6 99 43.6 56.6 67.2 10.8 4.2 0 39.6 30.6 8 67.2 10.200000000000001 53.2 41 19 0 1.2000000000000002 0.6000000000000001 1.2000000000000002 0 0.4 0.8 0 0 0.4 0.6000000000000001 0.4 0 0 0.6000000000000001 0 0.4 0.4 1 0 0 0 0 0.4 0 0.6000000000000001 0 1.2000000000000002 0 0 0.6000000000000001 0 0 0 0.4 0 0 0 0 0 0.4 0 0 0 1 0 0 0 0.6000000000000001 0.6000000000000001 0 0 0 0 0 0.2 0 0 0 3.4000000000000004 3.6 3.6 4.6000000000000005 0 2.8000000000000003 5.800000000000001 5.800000000000001 2.2 0 0.2 2.2 6 2 0.4 0 0 2.2 2 11 0 0.2 0 0 0 0 0 0 0 0 0 0 0 0 0 0 0 0 0 0 0 0 0 0 0 0 0 0 0 0 0 0 0 0 0 0 0 0 0 0 0 0 0 0 3.2 0 0 0 0 0 0 9.600000000000001 0 0 0 0 0 0 0 0 3.2 2.4000000000000004 2 0.6000000000000001 0 0 3.2 5.2 0 0 1.6 0.2 0 0 7.2 6.2 2.6 0 0 0 0 0 0 0 0 0 0 0 0 0 0 0 0 0 0 0 0 0 0 0 0 0 1.4000000000000001 0 0 0 0 0 0 0 0 0 0 0 0 0 0 0 0 0 0 0 0 0 0 0 0 0 0 0 0 0 0 0 0 0 0 0 0 0 0 0 0 0 0 0.4 0.4 0 0 0 0 1.8 0 0 0 0 0 0 0 0 0 0 0 0 0 0 0 0 0 0 0 0 0 0 0 2.6 0 0 0 0 0 0 0 0 0 0 0 0 0 0 
 43.800000000000004 53.6 10.600000000000001 34.4 13.8 28 32.6 18.2 57.400000000000006 29.8 28.6 21.6 39.6 0 34.6 5.4 6.2 8.6 33.800000000000004 97.60000000000001 0 0.4 0.4 1.2000000000000002 0.6000000000000001 5.6000000000000005 0.6000000000000001 1.4000000000000001 0 0.2 0.8 0.4 0 0 0.4 0 0 0 14.4 0.8 0 0.2 0.4 0.8 0 0 0.8 0 2.2 0.2 0.8 1.4000000000000001 0 0 0 0 0 0 0 0 0 0.6000000000000001 0 0 0 0.6000000000000001 0 1.6 0 0 0.6000000000000001 0.4 0 0 9.600000000000001 0 1.2000000000000002 0 0 0 1.6 6.6000000000000005 4.6000000000000005 2.4000000000000004 0 0 0 0 2.6 0 3.2 2.6 2.8000000000000003 14.200000000000001 8.6 5.6000000000000005 2.2 5.2 0 3.4000000000000004 0 0 0 0 0 0 0 0 0 0 0 0 0 0 0 0 0 0 0 0 0 0 0 0 0 0 0 0 0 0 0 0 0 0 0 0 0 0 0 0 0 0 0 3 0 0 0 0.8 0 0 0 0 0 0 0 0 0 0 1.8 0 6.800000000000001 2.8000000000000003 8 2 0 0 4.4 2 0 2.8000000000000003 3.6 2.8000000000000003 0 2.2 4.4 11 5 2.2 0 2.6 0 0 0 0 0 0 0 0 0 0 0 0 0 0 0 0 0 0 4.6000000000000005 0 0 0 0 0 0 0 0 0 0 0 0 0 0 0 0 0 0 0 0 0 0 0 0 0 0 0 0 0 0 0 0 0 1.4000000000000001 0 0 0 0 0 0 0 0 2.4000000000000004 0 0 0 17.400000000000002 17.400000000000002 0 0.4 0.2 0 2.2 0 0 0 0 0 0 0 0 0 0 1.4000000000000001 0 0 0 0 0 0 0 0 0 0 0 0 3.6 0 0 0 0 0 0 0 0 0 0 0 0 0 0 
 45.2 91.60000000000001 20.400000000000002 12.4 59.6 76 45.800000000000004 53.800000000000004 107.80000000000001 38.2 49.800000000000004 25.400000000000002 30.6 34.6 0 76 41.2 55.400000000000006 34.6 92 0 0 0 0 0.6000000000000001 0 1 0.6000000000000001 0 0.6000000000000001 0 0 0 0.2 0 0 0 0 0 0.6000000000000001 0 0 0 0.8 1.4000000000000001 0 0.6000000000000001 0 0.4 0 0 0.6000000000000001 0 0.6000000000000001 0 0 0 0 0 0.6000000000000001 0 1 0 0 0 0.6000000000000001 0 0 0.6000000000000001 0 0.6000000000000001 0 0 0 6.2 0 0 9.600000000000001 0 0.6000000000000001 5 2.4000000000000004 4.6000000000000005 0 0.2 3.2 0 7 3.2 0 0 10.600000000000001 10.200000000000001 3.8000000000000003 3.6 5.6000000000000005 3.6 7.800000000000001 6.2 2 0 0 0 0 0 0 0 2 0 0 0 0 0 0 0 0 0 0 3.2 2.8000000000000003 0 0.4 0 0 4.2 0 0 0.2 0 0 0 0 0 0 0 0 0 0 0 0 0 0 0 0 0 0 0 1.4000000000000001 0 0 0 0 0 0 0 0 0 0 0 0 0 3.8000000000000003 3.4000000000000004 0.4 0.4 2.8000000000000003 1.2000000000000002 0 6 2.4000000000000004 1 2.4000000000000004 0 1.8 1.6 3 2.2 4.6000000000000005 0 2.2 0 0 0 0 0 0 0 0 0 0 0 0 0 0 0 0 0 0 2.6 0 0 0 0 0 0 0 0 0 0 0 0 0 0 0 0 0.2 0 0.2 0 0 0 0.2 0 0 0 0 0 0 0 0 0 0 0 2.2 0.4 0 0 0.4 0 0 0 0 0 0 0 0.2 0.8 0 0 17.6 2.6 2 0 0 0 0 0.4 0 0 0 0 0 0.2 0 0.4 0 0 0 0 0 0 0 0 0 0 0 5.6000000000000005 0 0 0 0 0 0 0 0 0 0 0 0 0 
 15 106.4 30.8 9.4 13.4 17 54.400000000000006 24.6 47.400000000000006 16 31.200000000000003 31.6 8 5.4 76 0 7.6000000000000005 5.6000000000000005 26.6 56.800000000000004 0 0 1.4000000000000001 0 0.6000000000000001 0.4 0.6000000000000001 0.6000000000000001 0 0 0 0 15.200000000000001 0 0 0 0.2 0.2 0 0.6000000000000001 13 0 0 0 0 0 0.6000000000000001 0 0 0 0 1.2000000000000002 0 0 0 0 0 0 0 0 0 0.6000000000000001 0 0 0.2 0.6000000000000001 0 0 0 0 0.6000000000000001 0 0 0 0 0 0 0 0 0 0.8 7.4 0.2 0.2 0.2 0 0 0.8 2.2 1.6 0 1.4000000000000001 2.2 0.2 7.6000000000000005 6.6000000000000005 2 5 0.4 2.4000000000000004 0 0 0 0 0 0 2.2 0 0 0 0 0 0.4 0 0 0 0.6000000000000001 1.6 3.4000000000000004 1.8 0 0 0 0 4 0 0 0 0 0 0.2 3 0 0 0 0 0 0 0 0 0 0 1.6 0 0 0 0 0 2 0 0 0 0 0 0.2 0 0 0 0 0 0 2 13 0 0.8 2 1.8 4.4 6.4 0.4 0 1.4000000000000001 0 0 6.800000000000001 6.2 0.2 0 0 5.6000000000000005 0 1.8 0 0 0 0 0.2 3 0 0 1.4000000000000001 0 0 0.4 0 1.6 0 0 4.800000000000001 0 0 0 0 2.2 0 0 0 0 0 0 0 0 1.6 0 0.4 0 0.8 0 0 0 0 0 0 0 0 0 0 0 0 0 0 0 0 0 0 0 0 0 0 0 0 3.6 0 0 0 0 0.2 0 0.4 17.8 0 3.2 4.6000000000000005 0 0 0 0 0 0 0 2 0 1 0 0 0 0 0 0 0 0 0 0 0 0 0 0.2 0 0 0 0 0 0 0 0 0 0 0 0 0 
 23.200000000000003 27.200000000000003 7 26 10.600000000000001 27.6 59.400000000000006 38.6 28.8 46 16.2 16.6 67.2 6.2 41.2 7.6000000000000005 0 68.4 16 48 0 0.2 0 0 0.6000000000000001 0 0 0.8 0 0 0 0 12.4 14.8 0 0 0.4 0 0 0.6000000000000001 0 1 0 0 0 0 0.6000000000000001 0 1 0 0 0.4 0.4 0 0.2 0 0 0 0 0 0 0.6000000000000001 0 7 0 0.6000000000000001 0 0 0 0 0.6000000000000001 0 0 0 0 0 0 0 0 0 1.6 5.4 3.6 6.4 1 2 0 10.4 0 0 0.2 1.8 2 2 0.2 6 3.6 3 2.2 3.6 0 0 0 0 0 0 0 0 0 0 0 0 0 0 3.8000000000000003 0.2 0 0 0 0 0 0 0 3.4000000000000004 0 0 0 0 0 0 0 0 0 0 0 0 0 0 0 0 0 0 0 0 0 0 0 0.6000000000000001 0 0 0 0 0 0 0 0 0 0.2 0 0 2.8000000000000003 0.2 0 3.8000000000000003 0 0.4 0 0 3.6 4.6000000000000005 5.2 0.4 2.8000000000000003 3.2 3.6 0 2.6 3.6 0 2 0 0 0 0 0 0 1.4000000000000001 0 0 0 0 0 0 0 0 0 0 0.4 2.6 0.6000000000000001 0 0 0 0 0 0 0 0 0 0 0 0 0 0 0 0 0 0 0 0.4 0 0 0 0 0.2 0 0 0 0 0 0.2 0 0 0.2 0 0 0 0 0 0 0 0 0 0 0 0.2 0 0 0.8 0.2 0 2.2 0 0 0 0 0 0 0 0 0 0 0 0 0 0 0 0 0 0 0 0 0 0 0 0 0 4 0 0 0 0 0 0 0 0 0 0 0 0 
 11 117.4 26.6 39.6 10.8 10.8 23.8 46.2 71.60000000000001 40 103 61 10.200000000000001 8.6 55.400000000000006 5.6000000000000005 68.4 0 27.400000000000002 47.800000000000004 0.2 0 0.4 0 0.6000000000000001 0 0 0.6000000000000001 0 0 0 0 0 0 0.2 0.4 0 0 18.2 7.6000000000000005 0 0 0 0 0 0 0.6000000000000001 0 0.6000000000000001 0 0 0.6000000000000001 12.4 0 0 0 0 0 0 12.600000000000001 0 0.6000000000000001 0 0 0 0.2 0 0 0 0 0.2 0 0 0 0 6.2 0 0 0.4 0 4.800000000000001 5.800000000000001 0 2.4000000000000004 0 2.8000000000000003 0 2 2.2 3.4000000000000004 0 2.2 0 1.4000000000000001 0 5.4 3.2 3.8000000000000003 4.2 2.8000000000000003 0 0 0 0 0 0 0 2.2 0 0.2 0 0 0 3.2 0 0 0 0 3 0 0 0 0 0 0 0 0 0 0 0 0 0 0 0 0 1.8 0 0 0 0 0 0 0 2.6 0 0 0 0 0 0 0 0 0 0 0 0 0 0 0 0 2 0 0.4 0 2.8000000000000003 2.4000000000000004 0 0 0 3.6 2.2 2.2 2 0 1.6 3 0 2.2 0 1.2000000000000002 4 0 0 0 0 0 0 0 0 0 0 0 3.6 0 0 0 0 0 0 0 0.2 0 0 0 0 0 0 0 0 0 0 0.4 0 3 0 0 0 0 0 0 0 0 0 0 0 0 0 0 0 0 0 0 0 0 0 0 0 0 0 0 0 0 0 0 0 0.4 0.6000000000000001 0 0 0.6000000000000001 0 0.6000000000000001 0 0 0 0 0 0 0 0 0 0 0 0 0 0 0 0 0 0 0 0 0 0 0 0 0 3.4000000000000004 0 0 0 0 0 0 0 0 0 0 0 0 
 7.800000000000001 35.6 27 17.2 8.4 49.800000000000004 10.8 77.80000000000001 60 16.400000000000002 12.4 9.4 53.2 33.800000000000004 34.6 26.6 16 27.400000000000002 0 39.400000000000006 0 0.4 0 0 0.8 0 1.8 0.6000000000000001 0 0 0 0 0 0 0 0.4 0 0 0.2 0.6000000000000001 0 0 0 0 0 0 0.6000000000000001 0 0 0 0 0 0 0 0 0 0 0 0 0 0 0.6000000000000001 0 0 0 0.6000000000000001 0 0 6.2 0 0.6000000000000001 8.6 0 0 0 0 0 0 0 0.4 0.2 2 1 0.4 0 0 6 8 0 0 3 0.2 2.2 3.2 0 2.2 0 4.2 2.2 14.200000000000001 0 0 0 0 0 2.8000000000000003 0.2 0.4 0 0 0 0 0 0 0 0 0 0 0 0.6000000000000001 0 0 0 0 0 0 0 0 0 0 0 0 0 0 0 0 2 0 0 0 0 2.6 0.4 0 0 0 0 0.4 0 0 0 2.4000000000000004 0 0 0 0 0 0 0 0 3.8000000000000003 2.2 0 2.4000000000000004 0 0 2 0.2 3.8000000000000003 0 0 0 0 4 2 0.2 2.2 0 0 0.2 0 0.2 0.4 2.6 0.2 0 0 0 0 0 0 0 0 0 0 0 0 0 0 0 0.2 0 0 0 0 0.4 0 0 0 0.2 0 0 0 0.2 0 0 0 0 0 0 0 0 0 0 0 0 0 0 0 0 0 0 0 0 2.6 0 0 0 0 0 0 0 0 0 0 0 0.4 0 0.4 0.2 0 1.4000000000000001 0.2 0 0 0 0 0.4 0 0 0 0 0 0 0 0 0 0 0 0 0 0 0 0 0 2.4000000000000004 0 0 0 0 0 0 0 0 0 0 0 0 0 0 
 51.6 27.6 19 54.400000000000006 14.200000000000001 10.8 64.60000000000001 9.8 33 102.2 30.6 9.200000000000001 41 97.60000000000001 92 56.800000000000004 48 47.800000000000004 39.400000000000006 0 0 0.4 0.4 0.4 0.6000000000000001 20.200000000000003 0 1.8 0 0.8 0 1 0 0.8 0 0 0.4 0.2 0.6000000000000001 0.8 0 0 0 0 0 0.2 0.6000000000000001 0 0 0 0 0 0 0 0.4 0 0 0 0 0 0 0.6000000000000001 0 0 0 0.6000000000000001 0 0 0 0 0.6000000000000001 0.6000000000000001 0 0.2 0 0 0 0 0 0 0.8 6 4.2 2.2 0 0 2.6 2.8000000000000003 2.6 0 0 3.6 13.4 7.2 0 0.2 0 0 0 3.2 0 0 0 0 0 0 0 4.2 0 0 0 0 0 0 0 0 0 0 0.2 0 1.8 0 0 0 0 0 0 0 0 0 0 0 0 0 0 0 0 0 0 0 0 1.4000000000000001 0 0 0 0 0 0 0 0 0 0 0 0 3.2 0 0 0 0 0 4.4 0 1.8 0 0 0.4 3.2 1.8 0 2.2 5.6000000000000005 0 0 1.2000000000000002 2.6 5.800000000000001 1 0 0 0.2 0 3.8000000000000003 0 0 0 0 0 0 0 0 0 0 0 0.2 0 0 0 0 0 0 0 0 0 0 0 0 0 0 0 0 0 0 0 0 0 0 0 0 0 0 0 0 0 0 0 0 0 0.8 0 0 0 0 0 0 0 0 0 0 0 0 0 0 3.8000000000000003 0 0 0 0 0 0.4 0.6000000000000001 0.4 2 0 0 0 0 0 0 0.4 0 0 0 0 0 0 0 0 0 0 0 0 0 0 0 0 3.2 0 0 0 0 0 0 0 0 0 0 0 0 0 0 
 0 0 0.4 4.6000000000000005 0 15 0 0 0.4 14.8 12.200000000000001 0 19 0 0 0 0 0.2 0 0 0 29.400000000000002 11 18 20.6 51.800000000000004 27.8 25.200000000000003 29.200000000000003 57.6 18 25.200000000000003 13.8 28.400000000000002 37.4 8.6 8 24.6 42.2 53.6 0 0 0 0 0.2 0 0 0 0 0 0 0.6000000000000001 0 0.8 0 0 0 12.4 0 0 0 0 0 0.6000000000000001 0 0 0 0.6000000000000001 0 0.2 0 0 0 0 0.2 0.4 0 0 0 0 0 0 0 0 2.2 2.8000000000000003 0 0 0 0 0 0 0 0 0.4 0 0 0 0 0 4.6000000000000005 0 1.8 2 2.6 0 2 2.8000000000000003 3.8000000000000003 3 4 4.800000000000001 11.4 5.4 2.8000000000000003 2.2 3.6 1.2000000000000002 4.2 2.6 0 0 0 1.6 0 0 0 0 0 0 0 0 0 0 0 0 0 0 2.8000000000000003 0 0 0 0 0 0 0 0 0 0 1.2000000000000002 0.2 0 0 0 0 0 0 0 0 0 0 0 0 0 0 0 0.4 0 0.4 0 0.2 0 0 0 0 0 0 0 0 0 6.2 4.4 0 5.4 2.2 2.2 7.4 4 2.4000000000000004 3.6 2 2.2 2.8000000000000003 3.8000000000000003 0 1.2000000000000002 2 3 0.2 1.6 0 0 0 0 0 0 0 0 0 0 0 0 2.6 0 0 2.4000000000000004 0 0.4 3 0 0 0 0 0 0 0 0 0 0 0 0 0 0 0 0 0 0 0 0.4 0 0 0 0 0 0 0 0.2 0 0 0 0 0 0 0 1 0.4 0 15.4 0 0 0.4 0 0 0 0 0 2 0 0 0 0 0 0 0 0 0 0 0 0 0 0 2.4000000000000004 0 0 0 0.4 0.2 0 0 1.8 
 0 0 0 0 0.6000000000000001 0 0 0 0 0 0.4 0 0 0.4 0 0 0.2 0 0.4 0.4 29.400000000000002 0 49.800000000000004 53.2 28.8 14.4 19.8 30 31.6 101.60000000000001 4.2 24.6 5.4 12.600000000000001 23.6 39.400000000000006 28.8 37.6 19.6 22.6 0 0 0 0 0 0 0 0.2 0 0.4 0 0.6000000000000001 16.400000000000002 0.8 0 0 0 0 12.4 12.600000000000001 0 1.6 0 0.6000000000000001 0 0 0 0.6000000000000001 10.200000000000001 0 0 20.200000000000003 0 0 0 0.8 0.4 10.600000000000001 0 0.4 0 0 0 0 0 4.2 0 0 0 0 0 0 0 0 0 0 0 0 0 0 0 0 3.4000000000000004 5 9.8 0 8 3.8000000000000003 6.4 0 0.4 7 10.8 3.4000000000000004 1.2000000000000002 7 0.4 6.6000000000000005 0 0.8 0 0 0 0 0 0 0 0 0 0 0 0 0 0 0 0 0 0 5 0 0 0 0 0 0 0 0 0 0 0 0 0 0 0 0 0 0 0 0 0 0 0 0 0 0 0 0 0 0 0 0 0 0 0 0 0 0 0 0 0 2.4000000000000004 5.4 7.6000000000000005 2 6 2 5.800000000000001 10.200000000000001 0 3.4000000000000004 0 16.2 4 4 1.8 6.800000000000001 0 6 0 7.4 4.2 0 0 0 0 0 1.6 0 0 0 0 0 0 0 0 0 0 0 0 1.6 0 0 0 0 0 0 0 0 0 0 0 0 0 0 0 0 0 0 0 0 0 0 0 0 0 0.2 0 0 0 0 0 0 0 0 0.8 0 0 0 1 0.4 0 0 0 0 0 0 2.6 0 0 0 0 0 0 0 0 0 0 0 0 0 0 0 0 0 0 0.6000000000000001 0 0 0 0 
 0 0.6000000000000001 0 0 0.4 0 0 0.4 0 0.4 0 0 1.2000000000000002 0.4 0 1.4000000000000001 0 0.4 0 0.4 11 49.800000000000004 0 24.8 32.800000000000004 10.8 80.60000000000001 32.800000000000004 60 89.60000000000001 13.4 5.6000000000000005 34.6 32.2 88.2 18.400000000000002 26.6 38.2 11.8 40.6 0 0 0 0 0 0 0.6000000000000001 0.4 0 0 0 0.6000000000000001 7.800000000000001 0 0 0 0 0.2 0 0 0 0.8 0 0.6000000000000001 0 10 0 0.4 0 0 0 5.4 0 0.2 0 0.4 0 0 5.6000000000000005 0 0 0 0 0 0 4 0 0 0 0 0 0 0 0 0 0 0 0 0 0 0 0 4 2.6 0.2 0.2 4.800000000000001 2.2 7.6000000000000005 0.2 0 6 3.4000000000000004 3.2 3.6 6.2 0 8.200000000000001 0 0.8 0 0 0 0 0.4 0 0.2 0 0 0 0 0 0 2.6 0 0 0 0 2 0 0 0 0 0 0 0 0 0 0 0 0 0 0 0 0 0 0 0 0 0 0 0 0 0.4 0.4 0 0 0 0 0 0 1.2000000000000002 0 0 0 0 0 0 0 0 2.4000000000000004 12.8 6.2 0.2 2.8000000000000003 0.2 4 4.4 1.4000000000000001 2.8000000000000003 1.2000000000000002 2.6 0.2 2.4000000000000004 0 10.200000000000001 2.4000000000000004 3.2 0 0 0.4 0.2 0 0 0 0 3.6 0 0.2 0 0 0 0 0 0 0 0 0 0 0 0 0 0.2 0 0 0 0 0 0 0 3.6 0 0 0 0 0 0 0 0 0.2 0 0 0 0 0 0 0 0 0 0 0 0 0 0 1.8 0 0.2 0 0.2 0 4.6000000000000005 0 0 0 0 0 2.4000000000000004 0 0 0 0 0 0 0 0 0 0 0.4 0 0 0 0 0 0 0 0.6000000000000001 0 0 0 0 
 14.8 15.200000000000001 0 0 0 0 0 0 0 0 0 0 0.6000000000000001 1.2000000000000002 0 0 0 0 0 0.4 18 53.2 24.8 0 45.400000000000006 58.400000000000006 45.800000000000004 12 31.6 54.6 23.8 10.200000000000001 54.6 35.4 52.800000000000004 54.400000000000006 11.200000000000001 51.800000000000004 17.6 23.8 0 0 0 0 0 0 12.4 0 0 0 0 0.6000000000000001 23.400000000000002 0 0 0 0 0 0 19.400000000000002 0 0 0 0.6000000000000001 0.6000000000000001 0.4 0 0.4 0 3 0 0 0 0 0 0.6000000000000001 0 0 0 0 0 0 0 0 0 0 0 0 0 0 0 0 0 0 0 0 0.2 0 0 0 0 0 6.4 2.8000000000000003 10.600000000000001 0 4.4 0 0.8 3.8000000000000003 0.2 5.6000000000000005 6.800000000000001 0 3.6 2.2 10.8 1.8 0 6.6000000000000005 0 0 0 0 0 0.4 2 0 0 0 0 0 0 2.6 0 0 0 0 0.4 2.8000000000000003 0 0 0 9 0 0 0 0 0 0 0 0 0 0 0 0 0 0 0 0 0 0 0 0 0 0 0 0 0 0 0 0 0 0 0 0 0 0 0 0 0.2 3.4000000000000004 0.2 1 6 4 0 0 5.2 1.6 6.6000000000000005 0.2 0 1.8 0.2 1.8 3.2 6 0 0 0 0 0 0 0 0 3.6 0 0.2 1.4000000000000001 0 0 2.6 3.8000000000000003 2 0 0 0 0.4 4.2 0 0 0 0 0 0 0 0 0 0.4 0 0.4 0 0 0 0 0 0 0 0 0 0 0 0 0 0 0 0 0 0 0 0 0 3.4000000000000004 2.4000000000000004 0 0.4 0 16.6 0 0 0 0 0 0 0 0 0 0 0 0 0 0 0 0 0 0 0 0 0 0 0 0 0 0 0 4 0 0 0 
 0.6000000000000001 0.6000000000000001 0.6000000000000001 0.6000000000000001 1 0.6000000000000001 0.6000000000000001 0.6000000000000001 0.6000000000000001 1 0.6000000000000001 0.6000000000000001 1.2000000000000002 0.6000000000000001 0.6000000000000001 0.6000000000000001 0.6000000000000001 0.6000000000000001 0.8 0.6000000000000001 20.6 28.8 32.800000000000004 45.400000000000006 0 21 52.800000000000004 15.8 43.6 48.6 44.6 12.4 57.6 12.8 26.200000000000003 29 30.200000000000003 20.8 15 31.6 12.4 0 14.200000000000001 0 0 0 54.6 0 0 0 0 0.6000000000000001 0 12.8 0 0 0 0 12.4 13.4 0 0 0 0.6000000000000001 0 0 0 0.6000000000000001 0 0 0 0 0 0 0 0.4 0 0 0 0 0 0 0 0 0 0 0 0 0 0 0 0 0 0 0 0 0 0 0 0 0 0 4.800000000000001 4 3.2 2 0 0.2 2 1.6 3 4.800000000000001 0 0 5.2 8.4 9 2.2 0 0 2.6 0 2.8000000000000003 0 0 0 2 0.2 0 0 0 0 0 4.6000000000000005 0 0 0 0.2 3.2 0 1.2000000000000002 0 0 0 0 0 0 0 0 0 0 0 0.8 0 0 0 0 0 0 0.2 0 0 0 0 0 0 0 0 0 0 0 0 0 0 0 0 0 0 0 0 0 3.6 0 3.8000000000000003 9.600000000000001 2.4000000000000004 0 5.4 2 5.4 4.4 3.8000000000000003 0 0 0 0 7 7.4 0 0 4.6000000000000005 0 5.800000000000001 0 0 0.2 7.2 5.800000000000001 0 4.800000000000001 0 0 7 0 2 0 0.4 0 6.2 4.800000000000001 0 0 0 0 0 0 0 0 0 0 0 0 0 0 0 0 0.2 0 0 0 0 0 0.2 0 0 0 0 0 0 0 0 0 0 0 1.8 0.4 0.8 0.2 0.4 0 0.8 2 0 0 0 0 2.6 0 0 0 0 0 0 0 0 0 0 0 0 1.6 0 0 0 0 0 0 0 0 0 0.2 
 0 0 0.2 0.4 0.2 0 0 0.4 0 0 0 15.8 0 5.6000000000000005 0 0.4 0 0 0 20.200000000000003 51.800000000000004 14.4 10.8 58.400000000000006 21 0 11.600000000000001 10.600000000000001 8.200000000000001 44.2 33.4 36.4 21 94.80000000000001 12.8 31.6 40.2 36.4 26.6 9.200000000000001 0 0 0 0 0 11.8 16.8 14 6.800000000000001 0 0 0.6000000000000001 12.4 0 0 0 0.2 0 12.8 33.6 0 0 0 0.6000000000000001 10.600000000000001 0 0 0.4 0 0 0 0 1 0 10.4 1.8 0 0.6000000000000001 0 0 2.6 0 0 0 0 0 0 0 0 0 0 0 0 0 0 0 0 0 0 0 0 0 0 2 3.2 3.6 0 0 2.2 7.6000000000000005 2.2 6.2 0 0 0.4 1.4000000000000001 2.4000000000000004 0 0 0 8 0 2.6 0.2 0 0 1.8 2.6 0 9.8 0 0.4 0 4.800000000000001 0 2.6 4 1 3.6 6.6000000000000005 0.4 0 0 0 0 0 0 0 0 0 0 0 0 0 0 0 0 0 1.2000000000000002 0 0 0 0 0 0 0 0 0 0 0.4 0 0 0 0 0 0 0 0 0 0.4 0.2 3.4000000000000004 0 5 6.4 2.6 0 0.4 0 7.800000000000001 3.6 4.2 0 0 0 0 2.6 7.4 0 0 3 2.4000000000000004 0 0 0 0 2.2 0 2.6 2 0.2 0 0 0.2 1.8 3.2 3.4000000000000004 1.2000000000000002 4.4 6 0 0 0 0 0 0 0.4 0 0 0 0 0 0 0 0 0 0 0 0 0 0 0 4.4 0 0 0 0 0 0 0 0 3.4000000000000004 0 0 2.4000000000000004 0 0.2 25 0 0 1.4000000000000001 0.2 0 0 0 0 0 0 0 0 0 0 0 0 0 0 0 0 0 0.4 0 13.200000000000001 0 0 0 0 0 0.2 0 0 
 0 0.6000000000000001 14.8 0 5.2 0 0 0 0 0.6000000000000001 15 15.200000000000001 0.4 0.6000000000000001 1 0.6000000000000001 0 0 1.8 0 27.8 19.8 80.60000000000001 45.800000000000004 52.800000000000004 11.600000000000001 0 58.400000000000006 75.2 33 11.200000000000001 6.6000000000000005 53.800000000000004 34.6 8.6 8.8 6.4 9.4 30.200000000000003 16.6 0 0.8 0 1.8 3 0 0 14.600000000000001 0.6000000000000001 2.8000000000000003 2.6 0.8 0.6000000000000001 0 0 1.6 7 3.8000000000000003 0.4 0 0 1.2000000000000002 0 0.6000000000000001 0.6000000000000001 3.4000000000000004 0.4 0.4 0 1.2000000000000002 0.4 0.6000000000000001 0.2 1.2000000000000002 9.8 0.8 0.4 0 1.4000000000000001 0 0 0 0 3.4000000000000004 0.4 6.4 0 0 4.2 3 1.8 1 0 0 0 0 0 0 0 0 12.600000000000001 7 8.4 0 0 0 5.800000000000001 2.8000000000000003 0 0.2 0 0 2.2 0 0.4 0 0 1.2000000000000002 0 6 0 0 0 0 0 0 0 0 0 0.4 0 0 0 0 0 0 0 0 0 0 0 0 2 0 0 0 0 0 0 0 0 0 0.2 0 0 0 0 0 1.4000000000000001 0 0 0 0 4 2 0 0 0 0 0 0 3.2 0 0 6 0 2.8000000000000003 0.8 0 0 0 2.2 2 0 0.2 0 4.4 3 2 0.4 2 0 7.800000000000001 0 1 2.4000000000000004 0.8 0 2.8000000000000003 1 0 0 0 0 0 0 0 0 0 0 0 0 0 0 0 0 0 0 0 0 0 0.2 0 0 0 0 0 0.4 0 0 0 0 0 0.4 0 0.2 0.4 0 0 0 0 0 0 0 0 0 1.2000000000000002 0 0 0 0 0 0 0 2.2 0.4 0.8 0 0 0.4 2.6 0 0 0 0 0 0 0 0 0 0 0 0 0 0 2 0 0 0 0 0 0 0 0 0 0 0 0 0 0 
 0.6000000000000001 0.6000000000000001 0.6000000000000001 0.6000000000000001 30 0.6000000000000001 0.6000000000000001 0.6000000000000001 0.6000000000000001 0.8 0.6000000000000001 0.6000000000000001 0.8 1.4000000000000001 0.6000000000000001 0.6000000000000001 0.8 0.6000000000000001 0.6000000000000001 1.8 25.200000000000003 30 32.800000000000004 12 15.8 10.600000000000001 58.400000000000006 0 18.6 9.200000000000001 19 9.600000000000001 53.6 16.400000000000002 11.600000000000001 52.400000000000006 9.600000000000001 8.6 14.200000000000001 14.8 0 0 0 0 0 0 0 5.2 0 0 0 0.8 1.4000000000000001 1.6 0 0 0 7.800000000000001 12.8 0 0 0 0 0.6000000000000001 10.200000000000001 3.8000000000000003 0 0.4 0 0 0 0 0 0 0 1.4000000000000001 0 0 0.8 0 0 0.4 0 3.8000000000000003 2 3.8000000000000003 0 0 3.6 2.4000000000000004 2 1.4000000000000001 0 0 0 0 0 0 0 0 8.200000000000001 7.4 5.2 4.2 2.6 0 5 8 1.4000000000000001 1.6 3.8000000000000003 0 5.4 3.6 0 1.8 0 5.4 1.4000000000000001 1.4000000000000001 0 0 0 1.4000000000000001 0 0 0 0 0 0.4 0 0 0 0 0 0.2 0 0 2 0 0 0.2 0.2 0 0.4 0 0 0 0 0 0 0 0 0 0.4 0 0 0.4 3.2 0 0 0 0 0 2.4000000000000004 0 0 0 0 0 0 0 0 0 0 0.8 0 2.6 0 0 4.2 0 7.6000000000000005 2 0 0 9.4 7.800000000000001 1.4000000000000001 4.6000000000000005 0 3 4.800000000000001 2.6 4.6000000000000005 6.800000000000001 4.2 0 0 2 2.2 0 0 0 0 0 0 0 0 0 0 0 2.2 0 0 0.4 0 0 0 0 0 0 0 0 0 3.8000000000000003 0 0 0 0 0 0 0 0 0 0 0 0 0 0 0 3.4000000000000004 0 0 0 0 0 0 0 0 0 0 0.2 0 0.6000000000000001 0.4 0 0 0.2 0.4 2 0 0 0 0 0 0 0 0 0 0 0 0 0 0 4 0 0 0 0 0 0 0 0 0 4.2 0 0 0 0 
 0 14.8 0 0 0 0 0.6000000000000001 0 0 0 0 0 0 0 0 0 0 0 0 0 29.200000000000003 31.6 60 31.6 43.6 8.200000000000001 75.2 18.6 0 23.400000000000002 9.200000000000001 52 51.6 38.400000000000006 33.800000000000004 22.400000000000002 40.2 47.800000000000004 18.8 26.200000000000003 0 0 0 0 0 0 0.2 0 0 0 0 0.6000000000000001 26.400000000000002 0 0 0 0 0.2 0 0 0 0.8 0 0.6000000000000001 0 0 0 0.6000000000000001 0 0 0 0 0 0 0.2 0.4 0 0 0 0 0 0 0 0 0 0 0 0 0.4 0 0 0 0 0 0 0 0 0 0 0 0 0 12.4 0 0 2.4000000000000004 2.4000000000000004 0 6 2.2 2.6 7.2 0 0 6 6.800000000000001 0 4.2 0 0 0 0 0 2.8000000000000003 0 1.8 0 0 0 0 0 0 0 3.4000000000000004 0 0 0.6000000000000001 0 8.200000000000001 6.6000000000000005 0 0 0 0.4 0 0 0 0 0 1.2000000000000002 0 0 0 0 0 0 0 0 0 0 0 0 0 0 0 0 0 0 0 0 0 1.2000000000000002 0 0 0 0 0 0 0.4 0 0 7.2 1.4000000000000001 8.4 1.6 5.2 0 3.2 7.2 4 3.6 7.800000000000001 0 0 0 3.6 3.8000000000000003 2 0 4.6000000000000005 0 0 0 0 0 0 7.4 0 0 0 0 0 0 0 0 0 0 0 3 3.2 0 0 0 0 0 0 0 0 0 0 0 0 0 0 0 0 0 0 0 0 0 0 0 0 0 0.4 0 0 0 0 0 0 0 0 1.2000000000000002 0.4 0 16.6 15.600000000000001 0 2.6 0 0 0 0 0 2.2 0 0 2.6 0 0 0 0 0 0 0 3.4000000000000004 0 1.2000000000000002 0 3.8000000000000003 0 0 0 0 0 0.2 0 0 
 0 0 0 0 0.4 0 0 0 0 0.2 0 0 0 0.2 0.6000000000000001 0 0 0 0 0.8 57.6 101.60000000000001 89.60000000000001 54.6 48.6 44.2 33 9.200000000000001 23.400000000000002 0 47.2 38 8.200000000000001 31.6 67.8 22.6 47.800000000000004 23.400000000000002 31.200000000000003 28 0 0 0 0 19.200000000000003 0.2 0 0 0 0 0 0.6000000000000001 37.800000000000004 0 0 0 0 0 1.8 3.6 0 1.2000000000000002 0 0.6000000000000001 0 0 0 0.4 0 0 0 0 0 0 0 5.800000000000001 0 0 0 0 0 0.4 0 0 0 0 0 0 0 0 0 0 2.2 0 0 0 0 0 0 0 3.8000000000000003 2.4000000000000004 3.4000000000000004 3.2 8 4.6000000000000005 8 8 2 1.4000000000000001 4.800000000000001 3.2 12.4 0 0 6.4 2.4000000000000004 3.6 0 0 0 1.8 0 0 0 0 2 0 0 0.4 0 0 0 0 0 2.4000000000000004 1.2000000000000002 0 15.4 0 0 0.2 0 0 0 0 0 0 0 0 0 0 0 0 0.4 0 0 0 0 0 0 0 0 0 0 0 0 0 0 0 1.8 0 0 0 0 0 0 0 0 0 2.2 8.4 2.4000000000000004 2.6 5.4 2 0.2 4.800000000000001 5.800000000000001 4.800000000000001 11.8 7.800000000000001 0 2.2 0 1.4000000000000001 3.4000000000000004 7.2 0 0 0.2 2 0 0 0 0 0 0 3.4000000000000004 0 0 0 2.6 3.8000000000000003 0 2 0 0 3.6 2.2 0 2.8000000000000003 0 0 0 0 0 0 0 0 0 0 0 0 3.2 0 0 0 0 0 0 0 0.8 0 0 0 0 0 0 0 0 0 0 0 1 0.4 0 0.6000000000000001 0.4 0.4 0.4 0 0 0 0 0 0.6000000000000001 0 0 0 0 0 0 0 0 0 0 0 0 0 0 4.6000000000000005 0 0 0 2.6 0 0 0 0 
 0 0 0 0.2 0 0 0 0 0 0 0 0.4 0.4 0.8 0 0 0 0 0 0 18 4.2 13.4 23.8 44.6 33.4 11.200000000000001 19 9.200000000000001 47.2 0 10.8 10.600000000000001 11.8 31 18.2 29.200000000000003 39 49.800000000000004 27.8 0 0 0 0 0 0 13 4.2 12.8 0 0 0.6000000000000001 12.600000000000001 0 0.4 0 0 0.4 2.4000000000000004 4.800000000000001 0 0 0 0.6000000000000001 1.4000000000000001 0 0 0.4 0 0 0 0 3.2 0 0 0.4 0 0.4 10.200000000000001 0 1 0 0 0.4 0 0 0.4 0 0 0 0 0 0 0 0 3 0 0 0 0 2.2 0 6 0 7.800000000000001 7.4 0 0 0 0 0.2 3 0 0 0 3.4000000000000004 3.8000000000000003 0 0 0.2 0 0 0 0 0 0 4.6000000000000005 0 0 2.6 0 0 0.6000000000000001 4 0 2.8000000000000003 2 2.4000000000000004 0.8 4.2 0 0 0 0 0 0 0 0 0.4 0 0 0 0 0 0 0 0 0 0 0 0 0 0 0 0 0 0 0 0 0 0 0 0 0.4 0 1.8 0 0 0 0 0 1.8 2.2 3.4000000000000004 4.6000000000000005 0 0 1.8 1.8 4.2 5 4.4 0 1.8 0 0.2 6 2.6 0 0 0 1.6 0 0 0 6.4 2.2 0 5.800000000000001 2.2 0 0 8.200000000000001 0 6 0.6000000000000001 2.8000000000000003 1.4000000000000001 5.6000000000000005 3.6 0 0 0 0 0 0 0 0 0 0 0 0 0 0 0.4 0 0 0 0 0 0 0 2 0 0 0 0 0 0 0 0 0 0 0 1 0 0 9.4 0 0.8 0.4 0.2 0 0 0 13 0 0 0 0 0 0 0 0 0 0 0 0 0 0 0 0.2 0 0 0 0 0 0 0 0 
 0 0 0 0 0.2 0 0 0.4 0 0.6000000000000001 0 0.6000000000000001 0.6000000000000001 0.4 0 0 0 0 0 1 25.200000000000003 24.6 5.6000000000000005 10.200000000000001 12.4 36.4 6.6000000000000005 9.600000000000001 52 38 10.8 0 47.400000000000006 7.800000000000001 7.4 36.2 10.600000000000001 31.400000000000002 10.600000000000001 9.4 0 12.4 0 0 0 0 12.200000000000001 0 0 0 0 0.6000000000000001 5.800000000000001 0.8 0 0 1.2000000000000002 0 12.4 12.8 0 1.4000000000000001 0 0.6000000000000001 0 0 0 0.4 0 0 0 0 0 0 0 0.4 0 0 0 0 0 0 0 0 0 0 0 0 0 0 0 0 0 0 0 0 0 0 0 0 3.2 0 0 2.4000000000000004 7.4 0 3.6 0 4.800000000000001 1.4000000000000001 3.8000000000000003 7 0 0.2 0 2.4000000000000004 0.6000000000000001 1.8 0.2 0 0 0 1.2000000000000002 0 0 0 5.2 2.2 2 0 0 0.4 2 2.6 0 0 1.8 0 6.4 0 0.2 0 0 0 0 0 0 0 0 1 0 0 0 0 0 0 0 0 0 0 0 0 0 0 0 0 0 0 0 0.4 0 0 0 0 0 0 0 0 0 0.2 1.8 1.2000000000000002 3.6 2.2 9 0 0 0 1.6 1.8 2.4000000000000004 10.200000000000001 0 2.6 1.8 1.6 2.6 6.2 0 2.2 3.8000000000000003 3 0.2 0 5.6000000000000005 0 2.6 0 0 0 0.2 0 0 0 0 3 0 0 0 1.8 1 0 0 0 0 0 0.4 0 0 0 0 0 0 0 0 0 0 0 0 0 0 0 0 0 0 0 0 0 0 0 0 0 0 0 1.2000000000000002 0.4 0.4 23.200000000000003 1.8 0.4 0 0 0 0 0 0 1.8 0 0 0 0 0 0 0 0 0 0 0 0 0 0 1.6 0 0 0 0 0 4.2 0 0 
 0 0 0 12 6.6000000000000005 15 0 0.2 0 14.8 0 3.4000000000000004 0.4 0 0 15.200000000000001 12.4 0 0 0 13.8 5.4 34.6 54.6 57.6 21 53.800000000000004 53.6 51.6 8.200000000000001 10.600000000000001 47.400000000000006 0 66 52 21.6 18.6 7.6000000000000005 45.800000000000004 19.200000000000003 0 0 0 0 0 0 0 1.8 0 0 0 0.6000000000000001 0 0 0 0 0.2 0.6000000000000001 0 0 0 0 0 0.6000000000000001 0 2 0 0.6000000000000001 0 3.6 0 0 0 0 0.2 0.6000000000000001 0.2 0 0.8 0 0 0 6.800000000000001 9.8 6 6.800000000000001 0 0 5.4 0.4 3 1.8 0 0 0 0 4 0 0 0 2.4000000000000004 3.6 6.6000000000000005 0 0 0 7 2.6 0.2 0.2 0 0 3.6 0.2 2.6 0 2.4000000000000004 0 0.2 7.2 0 0 0 0 0 0 0 1.2000000000000002 0 0 0 0.2 0 0 0 0 0 0 0.4 0 0.4 0 1 0 2.2 0 0 0 0 0 0 0 0 0 0 0 0 0 2.6 0 0 0 1.2000000000000002 3 3.4000000000000004 0 0 0 2.8000000000000003 0.2 0 7.2 0 0 0.2 0 2 2.6 0 0.2 2 0.2 0 0 0 0 3.2 3 2 0 1.6 0 6 0 0.6000000000000001 4.4 0.8 0 8.200000000000001 1 0 0 0 0 0 0 0 0 0 0 0.4 0 0 0 0 0 0 0 0 0 0 0 0 0 0 0 0 0 0 0 0 0 0 0 0 0 0 0 0 0 0 0 0 0 0 0 3.2 0 12.600000000000001 0 0 0 0 0 2.2 0 0.4 0 0 0.8 0.2 0 0 0 0 0 0 0 0 0 0 0 0 0 0 3.6 0 0 0 0 0 0 0 0 0 0 0 0 0 0 
