 0 78.80000000000001 25 9.600000000000001 11.600000000000001 10.8 51.2 13.200000000000001 17 7.800000000000001 30.8 23.6 45.2 28.6 108.4 6.4 7.800000000000001 43.800000000000004 29 11.600000000000001 0 0 0 0 0.6000000000000001 0.4 0.6000000000000001 0 0 0 0.4 0 0.4 0 0 0 0.4 0 16.2 0 0 0 0 0 0 0 0 0 0 0.6000000000000001 0 0 0 0.4 0 0.2 0 0.6000000000000001 0.2 0.6000000000000001 0.6000000000000001 0 0 0 0.6000000000000001 0.4 0 0 0.6000000000000001 0 0 0 0 0 0 0 0 0 0.6000000000000001 0 14 2.4000000000000004 2.6 4.2 0 0 0 3.8000000000000003 0 0 2.8000000000000003 2 5.6000000000000005 1.6 5 3.4000000000000004 7.4 2.8000000000000003 4 2.4000000000000004 0 0 0 0 0 0 0 0 0 0 0 0 3.6 0 0 0 0 0 2.2 0 0 0 0 0 0 0 0 0 0 0 0 0 2.8000000000000003 0.2 0 0 0 0 4.4 0 0 0 0 0 0 0 0 0 0 0.2 1.2000000000000002 0 0 0 0 0 0 0 0 0 5.6000000000000005 5.800000000000001 0.2 0 0.6000000000000001 2 4 2.8000000000000003 0 3.4000000000000004 0 3 4.2 3.6 9.600000000000001 2 3.2 3 0 0.2 0 0 0 0 0 0 0 0 0 0 0 0 0 0 0 0 0 0.4 0 4.4 0 0 0 0 0 0 0 0 0 0 3.4000000000000004 0 0 0 0 0 0 0 0 0 0 0 0 0 0 0 0 0 0 0 0 0 0 0 0 0 0 0 0 0 0 0 0 0 0 0.4 0 0 0 0.4 0 2.8000000000000003 0 0 0 0 0 0 0 0 0 0 2.8000000000000003 0 0 0 0 0 0 0 0 0 0 0 0 0 0 0 0 0 0 0 0 0 0 0 0 0 0 0 
 78.80000000000001 0 35.6 14 51.400000000000006 110.80000000000001 55.6 83.80000000000001 48.6 8.8 22.200000000000003 32.6 40 30.6 36.2 31 14.600000000000001 38.400000000000006 11.600000000000001 29.400000000000002 0 0.6000000000000001 0.8 0 0.8 0.8 1.2000000000000002 0.2 0.4 13.4 1 0 1 0 0 0.6000000000000001 1 0.4 1 0 0.6000000000000001 0.6000000000000001 1.6 0 0 0 0 0.2 0.2 0.6000000000000001 0 0 0 1 0 0.8 0.4 0.4 0 0.6000000000000001 0.6000000000000001 0 0 0 0 0.4 0.4 0 0.6000000000000001 0 0 0 0 0 0 0 0 0 1 0 6.4 2.6 0 1.8 2.4000000000000004 11.4 2.2 3.2 5.2 5.2 0.6000000000000001 7.6000000000000005 4 0.2 0.2 0 4 4.2 9.600000000000001 3.2 1.8 0 0 0 0 0 0 0 0 0 0 0 1.4000000000000001 0 0 0 0 0 0.6000000000000001 0 0 0 0.2 3.2 0 0 0 0 0 0 0 0 0 0 0.2 0 0 0 1.8 0 0 0 0.2 0 0 0.4 0 0 0 0 0 0 0 0 0 0 0 0.6000000000000001 0 0 4.4 3.8000000000000003 0 0 0 0 2.4000000000000004 2.2 0.6000000000000001 6.800000000000001 0.2 0 3.4000000000000004 6.800000000000001 4.800000000000001 3.6 2.4000000000000004 0 0 9.200000000000001 0 0 0 0 0 0 0 0 0 0 0 0 0 0 0 0 0 0 0 0 0 0 0 0 1.8 0 0 0 0 0 0 4 0 3 0 0 0 0 0 0.2 0 0 0 0 0 0 0 0 0 0 0 0 0 0 0 0 2.4000000000000004 0 0 0.2 0 0 0 0 0 0 0.4 0.4 0 0.2 0 3 0 0 0 4.4 0 0 0 0 0 0 3.2 0 0 0 0 0 0 0 0 0 0 0 0 0 2.6 0 0 0 0 0 0 0 0 0 0 0 0 0 
 25 35.6 0 31.400000000000002 14.8 7.800000000000001 39.400000000000006 21.8 34.800000000000004 57 16.400000000000002 9.600000000000001 15.8 24.400000000000002 55.400000000000006 31.6 8 33.800000000000004 19.8 13.600000000000001 0 0 0 0 0.6000000000000001 0.6000000000000001 0.6000000000000001 0.4 17.400000000000002 0 0.4 0 0.4 0 0 0.2 0.4 0 0.4 0 0 0 0.4 0 0 0 0 0 0.2 0.6000000000000001 0 0 0 0.4 0.2 0.2 0 0.2 0.2 0.6000000000000001 0.6000000000000001 0 0 0 0 0.4 0 0 0.6000000000000001 0 0 0 0 0 0 0 0 0 0.2 0.4 5.6000000000000005 2.6 18.2 5.800000000000001 6.6000000000000005 0 12.600000000000001 0 6.4 4 6 3 0 3.6 3.8000000000000003 0 0.4 5.4 3.8000000000000003 3.4000000000000004 0 0 0 0 0 0 0 0 0 0 0 0 0 0.6000000000000001 0.2 0 0 0.2 0 4 0 0 0 0 0 0 0 0 0 0 0 0 0 0 0 0 0 0 4.6000000000000005 0 0 0 0 1.2000000000000002 0 0 0 0 0 0 0 0 0 0 0 0 0 0 0 0.2 2 8.4 0 2.2 0 0 8.8 4.2 7.800000000000001 4.6000000000000005 1.8 0 0 4 5.800000000000001 1.2000000000000002 3.8000000000000003 3.4000000000000004 0 4 0 0 0 0.2 0 0 0 0 0 0 0 0 0 0.4 0 0.4 0 0 0 0 0 0 0 0.2 0 0 0 0 0 0 0 0 0 3 0 0 0 0 0 0 0 0 0 0 0 0 0 0 0 0 0 0 0 0 0 0 0 0 0.2 0 0 0 0 0 0 0 20.6 0 0 40 0 2 0 0 0 0 0 0 0 0 0 0 0 0 0 0 0 0 0 0 0 0 0 0 0 4.2 0.2 0 0 0 0 0 0 0 0 0 0 0 0 0 
 9.600000000000001 14 31.400000000000002 0 37.6 23.8 28.400000000000002 35.4 52.2 55 42.400000000000006 11.8 8.200000000000001 12.8 31.200000000000003 10.8 47 40.6 57.400000000000006 16.6 0 0 0 0 0.6000000000000001 0.4 27.8 0 0 0 0.6000000000000001 0 4 15 0 0 0.6000000000000001 0 4.6000000000000005 15 0 0 0 0 0 0 0 12.4 0 0.6000000000000001 0 0.2 0 0.4 0 0.4 0 0 0 0.6000000000000001 0.6000000000000001 0 3.2 0 0 0.4 0 0 0.6000000000000001 0 0 0 0 0 0 0 0.2 0 0.6000000000000001 0 2.6 2 2.4000000000000004 2.4000000000000004 2.4000000000000004 2.6 2.2 0 5.4 2.6 0 9.8 0 0 0 0 3.8000000000000003 5 0 2.6 4.6000000000000005 0.2 2.6 2.4000000000000004 0.2 0 0 0 0 0 0 0 4 7.4 10.600000000000001 0 0 0 0 0.4 0 0 0 0 0 0 0 0 0 0 0 0 0 0 1.8 0 0 0 2.6 0 0 0.4 0 0 0 0 0 0 0 0 0 0 0 0 0 0.6000000000000001 0 0 0 0 0 0 0 6.800000000000001 3 1.6 0 0 0 0.8 2.6 9.600000000000001 0 0 0 0 0.2 0.2 0 0 5.800000000000001 2.2 7.6000000000000005 0 0 0 0 2 0 0 0 0 6.2 0 1.8 0 0 0 2 7.6000000000000005 0 0 0 0 0 0 0 0 0 0 0.4 0 0 0 0 0 0 0 0 0 0 0 0 0 0 0 0 0 0.4 0 0 0 0 0 0 0 0 0 0.4 0 0 2 0 0 0 0.2 17.400000000000002 0 0.2 0.6000000000000001 3 2 3 0 0 0 0 0 0 0 0 0 0 0 0 0 0 0 0 0 0 0 0 0 0 0 3.4000000000000004 0 0 0 0 0 0 0 0 0 0 0 0 0 
 11.600000000000001 51.400000000000006 14.8 37.6 0 55.400000000000006 29 32.800000000000004 26.400000000000002 17.8 45.400000000000006 13.4 52 72.2 74.8 32 28.8 66 54 23.400000000000002 0 0 0 0 0.6000000000000001 0.4 1.6 0.2 0 0 0.4 0.4 0.6000000000000001 0 0 0 0.4 0 45 22.8 0 0 0 0 0 0 0 0 0.2 0.6000000000000001 0 6 0 0.4 0.2 0 0 0 0.2 0.6000000000000001 0.6000000000000001 0 0 0 0 0.4 0 0 0.6000000000000001 0 8.4 0 0 0 2.2 0 0 0 0.2 0 0.2 0.4 2.8000000000000003 5.2 3 12.8 0 0 0 3.8000000000000003 6.6000000000000005 0.2 0 0 0.2 1.6 5.6000000000000005 3.4000000000000004 0 0.2 0 0 0.4 0 0 0 0 1 1.8 0 3.2 0 5.6000000000000005 2.6 2.2 0 0 0 0 1.2000000000000002 0 0 0.2 0 0 0 0 0 0 0 0 0 0 0 1.8 0 0 0 0 0 0 3.4000000000000004 0 0 0 0 0 0 0 0 0 0 0 0 0 0 0 0 0 0 0 0 6 3.6 6.2 1.4000000000000001 0 3 2 0 3.2 2.8000000000000003 0 0 1.2000000000000002 2.8000000000000003 0 5.2 0 0 3 0 0.2 0 0 0 2.2 0 0.6000000000000001 0 0 0 0 0 0 0 3.2 0 3.4000000000000004 3.4000000000000004 0 0 0 0 0 0 0 0 0 0 2.6 0 0 0 2.6 0 0 0 0 0 0 0 0 0 0 0 0 0 0 0 0 0 0 0 0.8 0 0 0 0 0 0 3 0 0 0 0 2 0 1.8 17.6 0.4 2 0.4 0 0 0 0 0 0 0 0 0 0 0 0 0 0 0 0 0 0 0 0 0 0 11.4 3.8000000000000003 5.2 0 0 0 0 0 0 0 0 0 0 0 0 
 10.8 110.80000000000001 7.800000000000001 23.8 55.400000000000006 0 5 12.600000000000001 25.200000000000003 52.2 81 60.400000000000006 6.4 11.200000000000001 20.8 53.2 50.2 91.60000000000001 9 14.600000000000001 0 0 0 0 0.6000000000000001 0.4 15.4 0.6000000000000001 0 0 0.4 0 0.6000000000000001 0 0 0 0.4 0 18 7.4 0 0 0 0 0 0 0 0 0 0.4 0 0 0 0.6000000000000001 0.4 0.4 0 0.4 0.4 0.4 0.6000000000000001 0 0.4 0 0 0.4 0 0 0.4 6 7.4 0 0 0 0 0 0.2 0 0 0 0 2 1.8 1.6 5.800000000000001 6.800000000000001 2.8000000000000003 0 2.4000000000000004 9.8 0 5.2 0 0 2.4000000000000004 0 5.2 2.8000000000000003 0 3.8000000000000003 1.8 1.4000000000000001 0 0 0.2 0 1 0 0 0 0 0 3.8000000000000003 0 4.4 0 0 0 3.8000000000000003 0 0 0 0 0 0 0 0 0 0 0 0 0 0 0 0 0 0 0 0 0 0 0.4 0 0 0 2.2 0 0 0 0 0 0 0 0 0 0 3.8000000000000003 0 0 0 2 0 1.6 0 5.4 8.8 0 0.2 0 1.6 0.2 6.4 0 0 1 0.2 1 3.2 0 0 3 0 0 0 2.4000000000000004 0 3.4000000000000004 7.6000000000000005 0.2 0 0 0 0.4 0 0.2 0.2 0 0 4.4 7.4 0 0.8 0 0 0 0 0 0 0 0 3.6 0 0 0.2 0 0 0 0 0 0 0 0 0 0 0 0 0 0 0.4 4.2 0 0 0 0 0 0 0 0 0.4 0 0 0 0 0 0 1 1 0.2 0.4 0.2 0 0.8 0.6000000000000001 0 0 0 0 0 0 0.4 0 0 3 0 0 0 0 0 0 0 0 0 0 0 0 0 3.8000000000000003 0 0 0 0 0 0 0 0 0 0 0 0 0 
 51.2 55.6 39.400000000000006 28.400000000000002 29 5 0 63 36.2 5.6000000000000005 111 28.8 44.400000000000006 25 63.2 27.6 5.6000000000000005 25 46.800000000000004 30.200000000000003 0 0.2 0 0.2 0.6000000000000001 0.4 0.6000000000000001 0.2 0 0.4 0.4 1.8 0.2 0.8 0 0 0.2 2.4000000000000004 0.4 0.6000000000000001 0 0.4 0 0 0 0 0 0 0 0.6000000000000001 0 0 0 0.4 0.2 0.4 0 0.2 0.2 6.2 0.6000000000000001 0 0 0 0 0.4 0 0 0.6000000000000001 0 0 0 0 0.2 0 0 0.4 0 1 0 6 0 0 0 0 1.4000000000000001 0 0 0 2.6 2 3.2 6.6000000000000005 1.8 13.4 0 3.8000000000000003 0 4.6000000000000005 2.4000000000000004 0 0.4 0 0 0 0 0 0 0 0 0 0 0 0 0 0 0 0 2 0 0 0 0 0 0 0 0 0 0 0 0 0 0 0 0 0 0 0 0.4 0 0 0 0 0.2 0 0 0 0 0 0 0 0 0 0 0 0 0 0.6000000000000001 0 0 5.6000000000000005 6.4 0 0 1.8 0 0 11.600000000000001 0 11.4 1.2000000000000002 2.6 8.4 5.800000000000001 6 6.4 4.2 0 9.4 3 0 0 0 2.2 0 0 0 0 0 0 0 0 0 0 0 0 0 0.2 0 0 0 0 0 0 2.4000000000000004 0 0 0 0 0 0 0 0 0 0 4.4 0 0 0.2 0 0 0 0 0 0 0 0 0 0 0 0 0 0 0 0 0 0 0 0 0 0 0 0 0 0 1 0.4 0 0 0 0 1.6 0 0 0 0 0 0 0 0 14.8 0 0 0 0 0 0 0 0 0 0 0 0 0 0 0.2 0 0 0 0 0 0 0 0 0 0 0 0 0 0 
 13.200000000000001 83.80000000000001 21.8 35.4 32.800000000000004 12.600000000000001 63 0 51.6 19.6 55.2 54 33.6 10.8 21.8 35.2 9 6 16.2 82 0 0 0 0 0.6000000000000001 0.4 0.6000000000000001 0.4 0 40.6 0.4 0 0.2 17.6 0 0 0.4 0 0.6000000000000001 0 0 0 0 0 0 0 0 0 0.2 0.6000000000000001 0.2 0.2 0 0.4 0 0.4 0 0.4 0 0.6000000000000001 1.2000000000000002 0 0 0 0.2 0.4 0 0 0.6000000000000001 0 0 0 0 0 0 0 0 0 0.6000000000000001 0 4 5.2 2 1.2000000000000002 2.2 7.4 5.6000000000000005 2 2.2 4.2 3.6 2.2 4.2 2.2 0 0 3.2 0 3.6 4.2 0 0 0 0 0.2 0 0 0 0 0 0 0 1.4000000000000001 0 0 0 0 0 3.2 0 0 0 2 0 0 0 0 0 0 0 0 0 0 0 0 0 0 0 0 0 0 0.4 0 0 0 0 0 0 0 0 2.2 3.4000000000000004 0 0 0 0 0 0.8 0 0 4.4 0.2 0 0 0 0 11 1.8 1.8 4.4 0 0 0 3 10 2.2 3.6 0 0 8.6 0 0 0 0 0 0 3.2 0 0 0 0 0 0 0 0 0 0 0 0 0 0 0 0 0 2.2 0 0 0 0 0 0 0 2 0 0 0 0 0 0 0 0 0 0 0 0 0 0 0 0.4 0 0 0 0 0 0 0 0 3 0.4 0 0 0 0 0 0 0 0 0.2 0.6000000000000001 0.4 0 5.2 0 0 0 0 0 0 0 0 0 0 12.4 0 0 0 0 0 0 0 0 0 0 0 0 0 3.6 0 0 0 0 0 0 0 0 0 0 0 0 0.8 
 17 48.6 34.800000000000004 52.2 26.400000000000002 25.200000000000003 36.2 51.6 0 59.2 15.4 22 13.4 17 40 47.2 38.2 21.6 23 60.6 9.8 1 0 0 0.8 1.4000000000000001 12.600000000000001 1 0 0 0.4 0 4.6000000000000005 0.2 0 1 0.4 0 36 9.200000000000001 0.8 1 0 0 0.8 0 0 0 0.4 0.8 0 13.200000000000001 1.2000000000000002 1.2000000000000002 0.2 0.2 0 0.2 0.2 0.6000000000000001 0.6000000000000001 0 1.4000000000000001 0 0 1.2000000000000002 0 0 1.2000000000000002 0 0.6000000000000001 0 0 0 0 0 0.2 0 0.2 0 3.6 5.4 0.4 0.6000000000000001 2.6 0 3.4000000000000004 0 5.4 4.6000000000000005 0 3.8000000000000003 0 0.2 2 0 2.4000000000000004 6.6000000000000005 1.6 0 1.8 0.2 0 0 0 0 2.4000000000000004 0 0 0 0 0 5.4 7.6000000000000005 2.8000000000000003 0 0 0 7.2 0 0 0 0 0 0 0 0 0.4 3.8000000000000003 0 0 0 0 0 2.4000000000000004 0 0 0 0 0 0 0.4 0 0 0 1 4 0 0 0 0 0 0 2.2 0 0 0 0.6000000000000001 0 0 2 2 2.6 7.4 3.2 3 0 3.2 0 2.2 4.800000000000001 5.800000000000001 0 0 2.8000000000000003 1.6 5.2 4.6000000000000005 0 0.2 6.800000000000001 0.2 0 0.2 0 0 0 4.2 0 0 0 0 0.6000000000000001 0 0 0 0 0 0 9 0 0 0 0 2.6 0 0 0 0 0 2.8000000000000003 0 0 0 0 0 2 0 0 0 0 0 0 0 0 0 0 0 0 0 0 0 0 0.2 0 0 0 0 0 0 0 3.2 0 0 0 0 1.6 0 0 17.8 0.4 4.2 2 0 0 0 0 0 0 0 0 0 0 0 0 0 0 0 0 0 0 0 0 0 0 0 0.2 0 0 0 0 0 0 0 0 0 0 0 0 0.6000000000000001 
 7.800000000000001 8.8 57 55 17.8 52.2 5.6000000000000005 19.6 59.2 0 54.400000000000006 9.8 11.200000000000001 14 19 18 8.8 45 17.8 38 0 0 0 0 0.6000000000000001 0.6000000000000001 19.400000000000002 0.4 0.2 0 0.4 0 15.4 0 0 0 0.2 0 16.6 15.4 0 0 0 0 0 0 0 0 0 0.6000000000000001 0 0 0 0.4 0.2 0 0 0.2 0.2 0.6000000000000001 0.6000000000000001 0.2 2.6 0 0 0.4 0 0 0.6000000000000001 0 0 0 0 0 0 0 0 0 0.2 0 2 7 2.8000000000000003 2 0 0 2.4000000000000004 0 0 9.8 5 16 0 1.2000000000000002 0 0 0 8.200000000000001 2.4000000000000004 0.6000000000000001 4 0 0 0 0 0 0 0 0 0 0 0 0 0 4.2 0 0 0 2 0 0 0 0 0 0 0 0 0 0 0 0 0 0 0 0 0 0 0 2.4000000000000004 0 0 0 0 0.4 0 0 0 0 0 0 0 0 0 0 0 0 0 0 0 0 0 3.2 0 2.6 0 2.2 1.4000000000000001 0 5.6000000000000005 1.2000000000000002 3.8000000000000003 8.6 0 0 2.2 0.2 4.2 0 0 0 3.4000000000000004 0 0 0 0 0 0 1 0 0 0 0 3.6 0 2.8000000000000003 0 0 0 2.8000000000000003 7.2 0.4 0 0 0 0 0 0 0 0 0 2.4000000000000004 0 0 0 0 3.8000000000000003 0 0 0 0 0 0 2.2 0 0 0 0 0 0 0 0 0 0 0 0 0 0 0 0 0 0 0 0 0 0 0 1.4000000000000001 0.2 0 2.6 0 1.8 3.2 0 0 0 0 0 0 0 0 0 0 0 0 0 0 0 0 0 0 0 0 0 0 1.8 0 0 0 0 0 0 0 0 0 0 0 0 0 0 
 30.8 22.200000000000003 16.400000000000002 42.400000000000006 45.400000000000006 81 111 55.2 15.4 54.400000000000006 0 13.200000000000001 7.6000000000000005 8 72.8 74.2 49.6 28 29.400000000000002 32.6 0 0 0 0 0.6000000000000001 0.4 4.4 0 0 0 1 0 0.4 0.2 0 0.4 0.4 0 24.400000000000002 27.400000000000002 0 0 0 0 0 0 0 12.600000000000001 0.4 0.6000000000000001 0 0 0 0.4 1.2000000000000002 0 0 0.4 0.2 0.6000000000000001 0.6000000000000001 0 0 0 0 0.4 0 9.4 0.6000000000000001 0 0 0 0 0 0 0 0 0 10 0.4 0 2 3.4000000000000004 4.4 0.2 10.8 3.4000000000000004 1.8 0 7.4 3 0 0 1.6 0 5.6000000000000005 0 8.200000000000001 0.6000000000000001 1.4000000000000001 0 0 0 0 0 0 0 0 0 0 0 0 2.4000000000000004 3.8000000000000003 0 0.6000000000000001 0 0 0.4 0 0 0 0 1.8 0 0 0 1.8 0 0.4 0.4 0 0 0 2.2 0 0 0 11.200000000000001 0 0 0 0 3.6 0 0.4 0 0 0 0 0 0 0 0 0 0 0 0.2 0 0 0 0.2 4 5.6000000000000005 4 2.8000000000000003 2.4000000000000004 6.2 2.2 3 9 7 0.2 0 0 1.8 0 7.800000000000001 0.4 0 3 0.2 0 0 0 0.2 0 0 0 0 0 0 0 0 0 0 0 0 0 5 0 0 0 0 0 0 0 0 0 0.4 3 0 0 0 0 0 0 0 0 0 0 0 0 0 0 0 0 0 0 0.2 0 0.2 2.2 0 0 0.2 0 0 0 0 0 3.2 0 0 0 0.4 18.2 0 1 37 0 1.2000000000000002 0 0 0 0 0 0 0 0 0 0 0 0.2 0 0 0 0 0 0 0 0 0 0 0 3.8000000000000003 0 0 0 0 0 0 0 0 0 0 0 0 0 0 
 23.6 32.6 9.600000000000001 11.8 13.4 60.400000000000006 28.8 54 22 9.8 13.200000000000001 0 12.8 16.400000000000002 9 18 17.400000000000002 15.4 7.4 5 0 0 0 0 1.2000000000000002 0.4 0.6000000000000001 0.2 0 0 0.4 0 0.4 0.4 0 0 0.2 0 0.8 15 0 0 0 0 0 0.4 0 0 0 0.6000000000000001 0 0 0 0.4 0 0 0 0.4 0 5.800000000000001 0.6000000000000001 0 0 0 0 0.4 0 0 0.6000000000000001 0 0 0 0 0 0 0 1.2000000000000002 0 0.6000000000000001 1.4000000000000001 2.2 0 0.2 3.2 0 6.4 2.4000000000000004 3.2 0.2 4 0 4.800000000000001 0 0.4 0 1.4000000000000001 2.6 1.4000000000000001 0 1.8 0.6000000000000001 1.4000000000000001 0.4 0 0 0.2 0 0 0 0 0.4 0 0 2 0 0 0.2 0 8 4.800000000000001 0 0 0 0.2 0.4 0 0.2 0 3.2 0 0 0 0 0 0 0 0.4 0 0 0 0 0 0 0 0.4 0 0 0 0 0 0 0 0 0 0 0 0 0.8 0 0 1.6 0 4.6000000000000005 2 2.2 0 0.2 2 1.6 3.4000000000000004 2.8000000000000003 0.2 0 0 0.4 4 0 2.6 0 0.2 0 0 1.2000000000000002 0 0 0 0 0 0 0 0 0.4 0 0 0 0 0 0 0 2 0 0 0 0 2.2 0 0 0 0 0.2 0.2 3.2 0 0 0 0 0 0 0 0 0 0 0 0 0 2.2 0.4 0 0 0 0 0 0 0 0 0 0 0 0 0 0 0 0 0 0 0.4 0.4 0 8.8 0.2 0 2 0 0 0 0 0 0 0 0 0 0 2.4000000000000004 0 0 0 0 0 0 0 0 0 0 0 0 0 2.8000000000000003 0 0 0 0 0 0 0 0 0 0 0 0 0 
 45.2 40 15.8 8.200000000000001 52 6.4 44.400000000000006 33.6 13.4 11.200000000000001 7.6000000000000005 12.8 0 49.400000000000006 46.400000000000006 5.6000000000000005 11.600000000000001 5.4 16.6 12.4 0 0 0 0 0.6000000000000001 0.6000000000000001 0.6000000000000001 0.4 0 0 0.4 0 0.4 15.200000000000001 0 0 0 0.4 0.6000000000000001 0 0 0 0 0 0 0 0 0 0 0.6000000000000001 0 0 0 0.4 0 0.2 0 0.6000000000000001 0 0.6000000000000001 0.6000000000000001 0 0 0 0 0.4 0 0 0.6000000000000001 0 0 0 0 0 0 0 0 0 0.6000000000000001 0 12.8 3.2 2.4000000000000004 3 0 0 6.4 5.4 5.800000000000001 5.800000000000001 9.200000000000001 0 5.6000000000000005 5.800000000000001 1.8 3.2 3 0.2 3.2 2.6 0 0 0 0 0 0 0 0 2 0 0 0 0 0 0 0 0 0 0 0 0 0 0 0 0 0 0 0 0 0 0 0 0 0 0.2 0 0 0 0.2 0 0 0 0 0 0 0 0 0 0 0 0.4 0.2 0 0 0 0 0 0 0 0 6.6000000000000005 5.4 0 0.2 0 0 2 2.8000000000000003 2 2.6 2.8000000000000003 0 4.2 5 7.800000000000001 2.2 9.8 0 0 6.800000000000001 0 0 0 0 0 0 0 0 0 0 0 0 0 0 0 0 0 0 0 0 0 0 0 0 0 0 0 0 0 0 0 0 0 0 0 0 0 0 0 0.2 0 0 0 0 0 0 0 0 0 0 0 0 0 0 0 0 0 0 0 0.2 0 0 0 0 0 0.4 0 0 0.6000000000000001 0 0 1.8 0 0 0 0 0 0 0 0 0 0 0.2 0 0 0 0 0 0 0 0 0 0 0 0 0 2.8000000000000003 0 0 0 0 0 0 0 0 0 0 0 0 0.4 
 28.6 30.6 24.400000000000002 12.8 72.2 11.200000000000001 25 10.8 17 14 8 16.400000000000002 49.400000000000006 0 32.2 28 24.8 7.4 39.6 83.60000000000001 0 0 0 0 0.6000000000000001 0.4 0.6000000000000001 0.8 0 0 0.4 0 0.4 0 0 0.2 0.2 0 0.4 0 0 0 0 0 0 0 0 0 0.2 0.6000000000000001 0 12 0 0.4 0.2 0 0 0.6000000000000001 0.2 0.6000000000000001 0.6000000000000001 0 0 0 0 0.4 0 0 0.6000000000000001 0 0 0 0.6000000000000001 0 1 0 0 0 0.2 0 5.6000000000000005 4.6000000000000005 9.8 2.2 3.6 0 2.6 6.2 7 6.2 2.8000000000000003 0 0 5.4 4 11.4 0.2 3.6 0.2 1.6 0 0 0 0 2.4000000000000004 0 0 0 0 0 0 0 0 0 3.2 0 0 0 0 0 0.4 0 0 0 0 0 0 0 0 2.2 0 0 0 0 0 0 0 0 0 0 0 0 0 0 0 0 0 0 4.2 0 0.2 0 0 0 0 0 0.4 0.2 0 0 2 4 4.800000000000001 5.800000000000001 6.800000000000001 0 1 2.8000000000000003 10.8 0 3.6 0 2.2 4.800000000000001 5 3 3 2.6 0.8 13.8 0 0 0 0 0 0 0 0.4 0.2 0 0 0 0 0 0 0 0 0 3.6 2 0 0 0 0 0 0 0 0 0 0 0 0.2 0 0 0 0 0 0 0 0 0 0 0 0 0 0 0 0 0 0 8 0 0.4 0 0 0 0 0 0 0 0 0 0 0 0 0 0.6000000000000001 0 9.200000000000001 0.4 0 2.6 0 0 0 0 0 0 0 0 0 0 0.2 0 0 0 0 0 0 0 0 0 0 0 0 2.4000000000000004 3.2 0 0 0 0 0 0 0 0 0 0 0 0 0 
 108.4 36.2 55.400000000000006 31.200000000000003 74.8 20.8 63.2 21.8 40 19 72.8 9 46.400000000000006 32.2 0 35 7.800000000000001 53 34.800000000000004 28.6 0 0 0 0 0.6000000000000001 0.4 0.6000000000000001 0.4 0 0 0.4 0 0.2 0 0 0 0.2 0 0.6000000000000001 0 0 0 0 0 0 0 0 0.4 0.4 0.6000000000000001 0 0 0 0.4 0 0.4 0 0.6000000000000001 0 0.6000000000000001 0.6000000000000001 0 0 0 0 0.4 0 0 0.6000000000000001 0 0 0 0 0 0 0 0 0 0.6000000000000001 0.6000000000000001 7.6000000000000005 0 16.8 0 2.4000000000000004 1.8 5.800000000000001 3.2 6.6000000000000005 4.6000000000000005 3.6 0.2 2 7 3.8000000000000003 2.8000000000000003 6 2 7 2 0.2 0 0 0 0 0 0 0 0 0 0 0 4 0 0.4 0 0 0.4 0 0 0 0 0 0 0 0 0 0 0 0 0 0 0 0 0 0 0 0 2.4000000000000004 0 0 0 0 0 2.4000000000000004 0 0 0 0 0 1.6 0 0 0 0 0 0 0 0 0.4 1.6 5.6000000000000005 0 0 0.4 0 16 3.4000000000000004 0.4 2.8000000000000003 0.2 0 10.600000000000001 4.2 4.2 4 3.8000000000000003 3 0 4.6000000000000005 0 0 0 0 0 0 5.800000000000001 0 0 0 0 0 0 0.2 0 0 0 0 0 0 0 0 0 0.4 0 0 0 0 0 0 0 0 0 3 0 0 0 0 0 0 0 0 0 15 0 0 0 0.4 0 0 0 0 0 2.4000000000000004 0 0 0 0 0.2 0 0 0 0 0 0 0.6000000000000001 0.2 0 0.2 0.4 0.4 1.6 0 0 0 0 0 0 0 0 0 0 0 0 0 0 0 0 0 0 0 0 0 0 0 0 3.4000000000000004 0 0 0 0 0 0 0 0 0 0 0 0 0 
 6.4 31 31.6 10.8 32 53.2 27.6 35.2 47.2 18 74.2 18 5.6000000000000005 28 35 0 18 26.8 19.400000000000002 59.400000000000006 0 0 0 0 0.6000000000000001 0.4 0.6000000000000001 0.4 0 14.200000000000001 1 6.800000000000001 0.4 0 0 0 0.4 0 0.6000000000000001 0 0 0 0 0 0 0 0 0 0 0.6000000000000001 12.200000000000001 7.4 0 0.4 0 0 0.2 0.4 0 0.6000000000000001 0.6000000000000001 0 0 0 9.600000000000001 0.4 0 0 0.6000000000000001 0.4 0 0 0.6000000000000001 0 1.6 0 0 0 0.6000000000000001 0.4 4.800000000000001 8.8 4 5.2 12.200000000000001 12 5.4 4 10 5.4 3.4000000000000004 4 0 0 0.2 1.2000000000000002 3 4.2 0 0 0 0 0 0 0 0 0 0 0 0 0 0 3.8000000000000003 0 0 0 0 0 0.2 0 0 0 0 0 0 0 0 0 0 0 0 0 0 0 0 0 0 0 0 0 0 0 0 0 0 0 0 0 0 0 0 0 0 0 0 0 0 1.4000000000000001 0 0 1.4000000000000001 1.2000000000000002 8.4 2.2 0.4 0 0 10.600000000000001 4.4 10.4 0 1.4000000000000001 0 0 2 5.800000000000001 3 5.2 0 2.2 0 0 0 0 1.6 0 0.2 0 0 0 0 0 0 0 0 0 0 0 2.2 2.2 0 0 0 0 5.2 0 0 0 0 0 0 0 0 0 0 0 0 0 0 0 0 0 2.2 0 0 0 3.2 0 0 0 0 0 0 0 0 0 0 0 0 0 0 0 0 0 0 0.4 0 0.6000000000000001 0.2 19.6 0.4 3 0 0 0 0 0 0 0 0 0 0 0 0 0.2 0 0 0 0 0 0 0 0.2 0 0 3.6 3.4000000000000004 0 0 0 0 0 0 0 0 0 0 0 0 0 
 7.800000000000001 14.600000000000001 8 47 28.8 50.2 5.6000000000000005 9 38.2 8.8 49.6 17.400000000000002 11.600000000000001 24.8 7.800000000000001 18 0 10.600000000000001 8.4 8 0.4 0.6000000000000001 0.6000000000000001 0 0.6000000000000001 0.6000000000000001 16 0 0 0.4 15.4 0 30.200000000000003 0 0 0 0.4 0 38 4 0 0 0 12.200000000000001 0 0.6000000000000001 0 0 0.2 0.6000000000000001 0 1.2000000000000002 0 0.4 0 0.4 0 0.2 0 0.6000000000000001 0.6000000000000001 0.4 1.8 0 0 0.4 0.2 0 0.6000000000000001 0 8.8 0 0 0 0 0.2 0 0.2 0.6000000000000001 0 0.2 5.800000000000001 0 2 0.2 2.8000000000000003 0 0.4 2.4000000000000004 0 5.4 2.2 0 2.2 5 4.800000000000001 2.2 3.6 0 0.4 2.6 0 0 0 0 0 3 0 0.2 0 2.4000000000000004 0 4.4 6 2.4000000000000004 0 1.8 0 0.2 0 0 0 0 0 0 0 0 0 0 0 0 0.2 0 0 1.4000000000000001 0 0 0 0 0 0 0 0 0 0 0.8 0 0 0 0 0.2 0 0 0 0 0 0 0 0 0 0 0 6.4 7 6.6000000000000005 8.8 0 0 0.2 0.2 4.800000000000001 9.200000000000001 0 0 1 0 2.4000000000000004 7.6000000000000005 0 0 3 0 0.2 0 0 0 2.8000000000000003 7.2 0 0 0 0 2 0 0 0 0 0 2 5 0 0 0 0 0 0 0.4 0 0 0 6.2 0 0 0 0 0 0 0 0 0 0 0 0 0 0 0 0 0 0 0 0 0 0 0 0.2 0 0 0 0 0 0 2.6 0 0 0 0 0.2 0.4 2 0 0.2 1.2000000000000002 4.800000000000001 0.4 0 0 0 0 0 0 0 0 0 0 0 0 0 0 0 0.2 0 0 0 0.4 0 0 0 8 0 0 0 0 0 0 0 0 0 0 0 0 
 43.800000000000004 38.400000000000006 33.800000000000004 40.6 66 91.60000000000001 25 6 21.6 45 28 15.4 5.4 7.4 53 26.8 10.600000000000001 0 9.4 8.4 0 0 0 14.8 0.6000000000000001 0.4 4 0.2 0 0 0.4 0 0.4 0 0 0 0.2 0 1 0 0 0 12.600000000000001 0 0 0 0 0 0 0.6000000000000001 0 0 0 0.4 0 0 0 0.4 0 0.6000000000000001 0.6000000000000001 0 0 0 0 0.4 0 0 0.6000000000000001 0 0 0 0 0 0 0 0 0.2 0.6000000000000001 0.6000000000000001 2.6 0 1.6 2 2.6 4 5.6000000000000005 2.8000000000000003 2.2 8.200000000000001 1.6 8 0 0 0 0 4 6.4 2.6 2 0 0 2.8000000000000003 0 0 0 0 0 0 0 0 0 0 0 1.8 0 0 3.8000000000000003 4.6000000000000005 0 0 1.6 0 0 0 0 0 0 0 0 0 0 0 0 0 0 0 0 2.4000000000000004 0 0 0 0 1.2000000000000002 0 0 0 0 0 0 0 0 0 0 0 0 0 0 0 0 3.2 3 2.2 0 0 0 4.800000000000001 1.8 0 10.600000000000001 5.800000000000001 3.8000000000000003 3.6 0 0 2.4000000000000004 0 3.4000000000000004 0 0 0 0 0 0 0 2.4000000000000004 0 0 0 0 0 0 0.2 0 2.8000000000000003 0 0 0 2.8000000000000003 0 0 0 0 0 0 0 0 0 0 0 0.2 0 0 0 0 0 0 0 0 0 0 0 0 0 0 0 0 0 0 0 0 0 0 0 0 0 0 0 0 0 0 0 0 0 0 0 17.2 0 1 17.6 3.2 0.4 0 0 0 0 0 0 0 0 0 0 2 0 0 0 0 0 0 0 0 0 0 0 0 3.8000000000000003 0.2 0 0 0 0 0 0 0 0 0 0 0 0 0 
 29 11.600000000000001 19.8 57.400000000000006 54 9 46.800000000000004 16.2 23 17.8 29.400000000000002 7.4 16.6 39.6 34.800000000000004 19.400000000000002 8.4 9.4 0 33.800000000000004 0 0.6000000000000001 1 0.4 1.2000000000000002 0.4 1.2000000000000002 0.4 0 0 0.8 0.6000000000000001 0.4 0 2.4000000000000004 0 0 0.4 1.6 0 0 0 1 0 0 0 0 0 0 0.6000000000000001 1.2000000000000002 0 0 0.4 0 0.2 0 0 0 1 0.6000000000000001 0.8 0 0.4 0 0.4 0 0 0.6000000000000001 0 0 0 0 8 0 0 0 0 1.4000000000000001 0 3 0.2 1.8 0.2 0 0 3.2 1.2000000000000002 0 0 0 0 1.2000000000000002 5.6000000000000005 5.2 3.2 2.4000000000000004 0 3.4000000000000004 1.8 0 0 0 0 0 0 0 0 0 0 0 0 0 0 0 0 0 0 0 0 0 0 0 0 0 0 0 0 0 0 0 0 0 0 0 0 0 0 2 1.8 0 0 0 0 0 0 0 0 0 0 0 0 0 0 0 0 0 0 0 0 2.2 3.4000000000000004 0 0 0 0 0 5.2 0 4.800000000000001 0 0 1.8 3.6 9 1.6 3 0 2.8000000000000003 0 0.2 0 0 0 0 0 0 0 0 0 0 0 0 0 0 0 0 0 0 0 0 0 0 0 0 0 0 0 0 0 0 0 0 0 0 0 0 0 0 0 0 0 0 0 0 0 0 0 0 0 0 0 0 0 0 0 0 0 0 0 0 0 0 0 0 0 0 0 0 0.4 0 1.8 0 0 0 0 0 0 0 0 0 0 0 0 0 0 0 0 0 0 0 0 0 0 0 0 0 0 0 0 0 0 0 0 0 0 0 0 0 0 
 11.600000000000001 29.400000000000002 13.600000000000001 16.6 23.400000000000002 14.600000000000001 30.200000000000003 82 60.6 38 32.6 5 12.4 83.60000000000001 28.6 59.400000000000006 8 8.4 33.800000000000004 0 0 0 0 0 1.2000000000000002 0.6000000000000001 0.6000000000000001 0.4 0 0 0.4 0.2 0.4 0 0 0 0 0 0.6000000000000001 0.4 0 0 0 0 0 0 0 0 0 0.6000000000000001 0 0 0 0.4 0 1.6 0 0 0.2 0.6000000000000001 0.6000000000000001 0 0 0 0.6000000000000001 0.4 7.6000000000000005 0 0.6000000000000001 0 0 0 0 0 0 0 0 0 0.6000000000000001 0 0.8 7.6000000000000005 3.4000000000000004 0 0 0 4.2 2 0 0 2.6 0 0.8 4.800000000000001 1.8 2 0.2 0.2 4.800000000000001 4.4 0 3.2 0 0 0 0 0 0 0 0 0 2 0 0 0 0 0.2 0 0 0 0 0 0 0 0 2 0 0 0 0 0 0 0 0 0 0 0 0 1.4000000000000001 0 0 0 0 0 0 0 0 0 0 0 0 0 0 0 0.2 0 0 0 0 0 3.2 0.4 0 0 0 0 5.2 0 1.4000000000000001 5.800000000000001 0 0 0 0.8 0.2 0.4 5 0 2 7 0 0 0 0 0 0 0 0 4 0 0 0 0 0 0 0.6000000000000001 0 0 0 0 0.2 0 0 0 0 0 0 0 0 0 0 0 0 0 0 0 0 0 0 0 0 0 0 0 0 0 0 0 0 0 0 0 0 0 0 0 0 0 0 0 0 0 0 0 0 0 0 0 0 1 0 1.8 0 0 0 0 0 0 0 0 0 0 0 0 0 0 0 0 0 0 0 0 0 0 0 0 0 0 0 0 0 0 0 0 0 0 0 0 0 2.2 
 0 0 0 0 0 0 0 0 9.8 0 0 0 0 0 0 0 0.4 0 0 0 0 105.80000000000001 70.4 15 19.200000000000003 7 16.8 41.800000000000004 43.400000000000006 76.2 29.6 18.8 9.600000000000001 25.400000000000002 48.800000000000004 23.6 26.6 39.6 10.200000000000001 10.8 1.6 0 0 0 0.4 0 0 0 0.8 0 0 0.4 0 0.4 0 0.2 0 12.8 0 0.4 0 0 0.4 0 0.4 0 0 1.2000000000000002 0.6000000000000001 7 0.8 0.4 0 0 0 0.6000000000000001 1.4000000000000001 0 0 0 0 0 0 0 0 2.6 0 0 0 0 0 0 0 0 0 0 0 0 0 0 0 5.800000000000001 3.8000000000000003 5 4.4 0 3.2 3.8000000000000003 0 0.6000000000000001 2.8000000000000003 4.2 0 0.2 4.6000000000000005 1.8 10.600000000000001 10.4 0 3.4000000000000004 0.2 0 0 0 0 0 1.2000000000000002 0 0 0 0 0 3 2.6 0 0 0 0 2.4000000000000004 0 0.8 0 1.8 0 0 0 0 0 0 0 0 0 0 0 0 0 0 0 0 0 0 0 0 0 0 0 3 0 0 0 0 0 0 0 0 0 0 0 0 0 0 12.8 7.2 3.2 5.2 2.8000000000000003 4.2 2.8000000000000003 0 2.2 4 4 0 0 11.200000000000001 5.800000000000001 0 2.2 0 0 0 0 0 0 0 0 0 0 0 0 0 0 5.2 0 0 0 0 0 0 4.4 0 0 0 0 0 0 0 0 0 0 0 0 0 0 0 0 0 0 0 0 0 0 2 0 0 0 0 0 0 0 0 0 0 0 4 0 0.4 0 0.4 0 4 2.6 0 0 0 0 0 0 0 0 0 0 0 0 0 0 0 0 0 2.4000000000000004 0 2.2 0 0 0 0 0 0 0 0 
 0 0.6000000000000001 0 0 0 0 0.2 0 1 0 0 0 0 0 0 0 0.6000000000000001 0 0.6000000000000001 0 105.80000000000001 0 118 33.2 38 63.6 14 37.4 32.800000000000004 27 24.200000000000003 11.200000000000001 9.8 74.60000000000001 35 43 22 24.6 12.4 11.600000000000001 1 0.2 0 12.600000000000001 1 0 0 0 0 0 0 1 13.4 1 0 0.4 0.4 8 0.6000000000000001 1 0 0 0 0.6000000000000001 0.4 0.2 0 0 1.2000000000000002 0 9 0.4 0 0 0 0.6000000000000001 7.2 0 0 0 0 0 0 0 0 2.4000000000000004 0 0 0 0 0 0 0.4 0 0 0 0 0 0.4 0 0 2.6 2 4.4 3.8000000000000003 0 7.800000000000001 4.800000000000001 2.2 3.6 1.8 9 0 0 5.800000000000001 1.8 7 7 0 3 1.2000000000000002 0 0 0 0 0 0 0 0 0 0 0 5 0.2 3.8000000000000003 0 0 0 0 0.2 0.2 0 0 0 0 0 0 0 0 0 0 6.2 0 0.4 0 0 0 0 0 0 0 0 0 0 0 0 0.6000000000000001 0 0 0 0 0 0 0 0 0 0 0 0 0 0 4.4 3.4000000000000004 2.6 1.6 2.2 2.4000000000000004 2.4000000000000004 1.4000000000000001 7.4 0.2 0 0 0 6.2 3.8000000000000003 0 0.2 0 0 0 0 0 0 0 0 1.4000000000000001 0 2 0 0 0 0 0 0 0 0 0 1.8 2.6 0 0 0 0 6.4 0.2 0 0 0 0 0 0 0 0 0 0 0 0 0 0 0 0 2.6 0 0 0.2 0 0 0 0 0 0 0 0 2.8000000000000003 0 0.4 15.8 0 0.4 2.4000000000000004 0.4 0 0 0 0 0 0 0 0 0 0 0 0 0 0 0 0 0 4.6000000000000005 0 4.800000000000001 0 0 0 0 0 0 0 0 
 0 0.8 0 0 0 0 0 0 0 0 0 0 0 0 0 0 0.6000000000000001 0 1 0 70.4 118 0 49.400000000000006 15.8 67 31 16 62.800000000000004 38.800000000000004 82.4 8 30.8 10.4 20.400000000000002 104.60000000000001 91.80000000000001 7.2 9.600000000000001 9 16.400000000000002 0 0 0 0.4 41.400000000000006 0 0 0 1.2000000000000002 0.2 0.4 12.4 0.4 0 0.4 0 0 12.4 27 0 0 0 0 0.4 0 0 0 0.6000000000000001 10.200000000000001 0 0.4 0 0.2 0 0.6000000000000001 0 5 0 0 0 0 0 0 0 0 0 0 0 0 0 0 0 0 0 0 0 0 0 0 0 6.2 9.200000000000001 5.2 0.2 0 5.4 2.6 12.4 6.2 2 6.4 0 3.4000000000000004 0.2 4.6000000000000005 5 8.6 0 0 0 2.8000000000000003 0 0 0 0 4 0 0 0 0 0 2 0 0 0 0 0 1.2000000000000002 0 0 0 0 0 0 0 0 0 0 0 0 0 0 0 0 0 0 0 0 0 0 0 0 0 0 0 0.4 0 0 0 0 0 0 0 0 0 0 0 2.4000000000000004 0 5.6000000000000005 0 0 0 4.2 1.4000000000000001 2.8000000000000003 0 3.4000000000000004 0 3.6 2.2 2.2 6.6000000000000005 0 2.2 0 5.2 0 0 0 0 0 0 0 0 1.6 0 7.6000000000000005 0 0 0 8 3.2 0 0 0 0 2.6 4.2 0 0 0 0 0 0 0 0 0 0 0 0 0 0 0 0 0 0 0 0 0 0 4.2 0 1.4000000000000001 0 0 0 0 0 0 0 0 0 3 0 0 0.2 3.2 0.4 0.6000000000000001 0 0 0.4 0 0 4.4 0 0 0 0 0 0 0 0 0 0 0 0 0 0 0 0 0 0 0 0 0 0 0 
 0 0 0 0 0 0 0.2 0 0 0 0 0 0 0 0 0 0 14.8 0.4 0 15 33.2 49.400000000000006 0 35.800000000000004 11.4 15.200000000000001 24.8 37.800000000000004 25.200000000000003 122.80000000000001 33.6 11 58.2 9.8 22.6 28 83.60000000000001 76.60000000000001 62.800000000000004 0.6000000000000001 12.600000000000001 0.4 0 0.4 0 22 0 0 0 0 0.4 14 0.6000000000000001 0 0.2 12.8 0.4 6.800000000000001 27.6 0.8 0 0 0 0.4 0 0 0 0.6000000000000001 0 0 0.4 0 0 0 5.4 0 0 0 0 0 0 0 0 0 1.6 0 0 0 0 0 0 0 0 0 0 0 0 0 0 0 0 0 14.600000000000001 0 6 0 0 0 4.6000000000000005 3 0 0 0 0 0 2.6 0 0 0 2.8000000000000003 0 0 0 0 0 3 0.2 0 0 0 0 5.6000000000000005 6 5.2 0 5.800000000000001 3.2 0 0 0 0 0 0 0 0 0 0 0 0 0 0 0 0 0 0 0 0 0 0 0 0 0 0 0 0 0 0 0 0 0 0 0 0 0 0.4 2.2 0 0 0 0 0.2 0 2 2.6 3.4000000000000004 0 2.6 0 2.2 0 5.800000000000001 0 0 0.4 0.2 2.4000000000000004 0.8 0 4.2 0.4 0.8 5.800000000000001 0 0 0 4.6000000000000005 3 1.2000000000000002 0 0 0.4 2.6 2.6 2.2 0 0 0 7.2 9 0 0 0 0 0 0 0 0 0 0 0 3.2 0 0 0 0 0 0 0 0 0 0 0 0 0 0 0 0 0 0 0 0 0 0 2 0.6000000000000001 0 24 16.2 0.2 0.2 0 0 0 0 0 0 0 0 0 0 0 0 0 0 0 0 0 0 3.8000000000000003 0 0.6000000000000001 0 0 0 0 2.4000000000000004 0 0 0 
 0.6000000000000001 0.8 0.6000000000000001 0.6000000000000001 0.6000000000000001 0.6000000000000001 0.6000000000000001 0.6000000000000001 0.8 0.6000000000000001 0.6000000000000001 1.2000000000000002 0.6000000000000001 0.6000000000000001 0.6000000000000001 0.6000000000000001 0.6000000000000001 0.6000000000000001 1.2000000000000002 1.2000000000000002 19.200000000000003 38 15.8 35.800000000000004 0 78.60000000000001 11.600000000000001 24.6 48.400000000000006 14.4 78.60000000000001 54.400000000000006 54.800000000000004 12.200000000000001 15 14.8 25.6 64.8 57.6 51.2 5.800000000000001 0 0 0 0.8 0.2 26 0 0 0 0.4 0.4 16.2 0.4 0 1.4000000000000001 0.4 0.2 6.4 17.6 0 0.4 0 0.4 0.4 0.2 0 0.2 0.6000000000000001 0.4 0 0.4 9.200000000000001 0 0 1 0 0 0 0 0 0 0 0 0 0 0 0 0 0 0 0 0 0 0 0 0 0 0 0 0 0 0 8 1.8 18 0 0 1 3.8000000000000003 1 0 0 0 0 0 5.4 0 0 0 7.800000000000001 2.2 1 0 0 0 2.2 1.8 0 0 0 0 0 4.6000000000000005 6.4 0 3.8000000000000003 0 7.4 4.6000000000000005 0 0 0 0 0 0 0 0 0.2 0 0 0 0 0 0 0 0 0 0 0 0 0.8 0 0 0 0 0 0.8 0 0 0 0 0 0 0 0.6000000000000001 0 0 0 0 1.8 3.4000000000000004 0 1.8 2.4000000000000004 0 0 0 0 8.4 2.2 3 0 0 0 5.2 2.8000000000000003 0 0 0 0 6.4 1.4000000000000001 0.6000000000000001 0 0 9 0 0 0 2 0 0 3 0 4.4 0 0.2 2 3 0 0 0.4 0 0 0 0 0 0 0 0 0 0 0 0 0 0 0 0 0 0 0 0 0 0 0 0 0 0.2 0 0 0 0 0 1.4000000000000001 0.4 0 8.6 0.2 0 1.6 0 0 0 0 0 0 0 0 0 0 0 0 0 0 0 0 0 0 4.4 0 0 0 0 0 0 2 1.6 0 0 
 0.4 0.8 0.6000000000000001 0.4 0.4 0.4 0.4 0.4 1.4000000000000001 0.6000000000000001 0.4 0.4 0.6000000000000001 0.4 0.4 0.4 0.6000000000000001 0.4 0.4 0.6000000000000001 7 63.6 67 11.4 78.60000000000001 0 6.4 35.800000000000004 26.6 27.400000000000002 20 24.8 14.4 23.8 78.80000000000001 60.400000000000006 27.8 12.8 12.4 10.200000000000001 16.400000000000002 0 0.8 12.4 0.4 0 0 0 0 0.2 12.600000000000001 0.4 12.8 0.6000000000000001 0.2 0.2 0 0.4 0 13.8 0 0 0 0 0.4 0.2 0.4 0 0.6000000000000001 0 0 0.4 0 0 1 0.6000000000000001 0 0 0 0 0 0 0.4 0.4 0 0 0 0 0 0 0 0.4 0 0 0 0 0 0.2 0 0 0.2 0 2 2.4000000000000004 8.4 9.200000000000001 0.2 0 3.8000000000000003 3.4000000000000004 4 2.2 0 0 2.8000000000000003 0.2 0 7.4 0 0 3.8000000000000003 3.4000000000000004 0 2.2 0 0 0 5 0 0 0 0 5.800000000000001 0.8 9.600000000000001 0 3.2 0 0 2 0.6000000000000001 0 0 0 0 0 0 2.2 0 0 0 0 0 0 0 0.4 0 0 2.4000000000000004 0 0 6.6000000000000005 0 0 0 0.2 0 0.6000000000000001 0 0 0 0 0 0 0 0 0 0 0 0.4 0.2 0 0.2 3.8000000000000003 2.4000000000000004 2.2 0 0 2 4 0 3.4000000000000004 0 2 0 0 0 4 0.2 0 6.6000000000000005 0 0 0.4 0 0.2 5.6000000000000005 3.6 3.2 0 10.8 0 4.6000000000000005 0 3.4000000000000004 2.8000000000000003 4.2 6.6000000000000005 0 3 3.4000000000000004 0 0 0 0 0 0 0 0.2 0 0 4.2 0 0 0 0 0 0 0 0 0 0 0 0 0 0 0 0 0 0 0 0 0 0 2.4000000000000004 0 0.8 16 0 0.6000000000000001 15.600000000000001 0 0 0 0.2 0 3.8000000000000003 0 0 0 0 0 0 0 0 0 0 0 0 0 0 4.800000000000001 0 0 0 1 0 1.6 0 0 
 0.6000000000000001 1.2000000000000002 0.6000000000000001 27.8 1.6 15.4 0.6000000000000001 0.6000000000000001 12.600000000000001 19.400000000000002 4.4 0.6000000000000001 0.6000000000000001 0.6000000000000001 0.6000000000000001 0.6000000000000001 16 4 1.2000000000000002 0.6000000000000001 16.8 14 31 15.200000000000001 11.600000000000001 6.4 0 35.2 10 35.4 4.6000000000000005 9.4 54.2 9.600000000000001 9.200000000000001 9.8 37.800000000000004 7.800000000000001 63.6 10.8 0.4 0 0 0 0.4 40.6 0 0 0 0 0 0.6000000000000001 0 0.4 0 0.8 0 0.4 0 0.4 0 0 0.8 0 0.4 0 0 0 0.6000000000000001 0 0 0.4 0 0 9.200000000000001 0.6000000000000001 0 0 0 0 0 2 1.8 0 1.2000000000000002 2 0 0 2.4000000000000004 0 0 4.2 0 0 0 0 0 0.2 0 0 4.2 0 0 0 0 0 0 0 4 0 0 1.6 1.2000000000000002 9.4 8.8 0 1.6 0.2 2.2 4 0 0 0 0 0 0 0 0 0 0 0 0 1.4000000000000001 0 0 0 0 0 0 0 0 0 0 0 0 0 0 0 0 0 0 0 0 0 0 0 0 0 2 0 1.6 0 0 4.6000000000000005 0 1.8 0 0 0 0 2.8000000000000003 4 0 0 0 0 0 0 0 0 9.4 4.6000000000000005 6.4 3 2.6 0 4 2 2.2 0 4.800000000000001 2.4000000000000004 4.6000000000000005 4.2 4 6.6000000000000005 2 1.6 4.6000000000000005 4.6000000000000005 0 0 0 0.4 0 0 0 0 0 0 0 0 0 0 0 0 0 0 0 0 0 0 0 0 0 0 0 0 0 0 0 0 0 0 0 0 0 0 0 0 0 0.2 0 0 0 0 15.4 0 0 0 0 0 1.8 0 1 0 0 0 0 0.4 0.8 0 0 0 0 0 0 0 0 0 0 0 0 0 0 0 0 0 0 0 0 0 0 0 0 0 0 0 0 0 
 0 0.2 0.4 0 0.2 0.6000000000000001 0.2 0.4 1 0.4 0 0.2 0.4 0.8 0.4 0.4 0 0.2 0.4 0.4 41.800000000000004 37.4 16 24.8 24.6 35.800000000000004 35.2 0 13.200000000000001 6.4 15 9.600000000000001 40 14.8 45 36.2 14.600000000000001 14.4 14.200000000000001 35.4 0.6000000000000001 0 0 0 0.6000000000000001 0 0 0 7.4 0 0 0.4 0.2 0.4 0 0.4 0 0.2 0 0.4 0 0 0 0 0.4 0 0 0 0.6000000000000001 0 0 0.4 0 0 0 0.6000000000000001 0 0 0 9.600000000000001 0 0 0 0 0.2 0 0 0 0 0 0 0 0 0 0 1 0 0 0 0 0.2 0 1.4000000000000001 2 8.200000000000001 0 0 0 6.4 2.2 0.8 0 0 0 0 0 5.800000000000001 8.4 0 2 2.2 0 0 0 0 0 0 1.8 0 0 0 0.2 3.2 0 0 0 0 0 0 0 2 0 0 0 0 0 0 0 0.2 0 0 0 0 0 0 0 0 0 0 0 0.4 0 0 0 0 0 0 0 0 0 0.6000000000000001 0 0 0 0 0 0 0 0 0 0 0 0 0 0 0 0 0 0 8.8 4.2 0 2.6 5.2 1.8 4.4 7.6000000000000005 3.4000000000000004 3.2 2 0.8 0 0 0 0 0 4 0 2.2 0.2 0 0 5.800000000000001 0 0 0 0 0 6 1.4000000000000001 0 0 0 0 0 0.2 0 0 0 0 0 0 0 0 0.4 0 0 0 0 0 0 0 0 0 0 0 0 0 0 0 0 0 0 0 1.2000000000000002 0.4 0 0.2 0 0 0.4 1.2000000000000002 0 0 0 0 0 0 0 0 0 0 0 0 0 0 0 0 0 1.2000000000000002 0 2.2 0 0 0.2 0 0 0 0 0.2 
 0 0.4 17.400000000000002 0 0 0 0 0 0 0.2 0 0 0 0 0 0 0 0 0 0 43.400000000000006 32.800000000000004 62.800000000000004 37.800000000000004 48.400000000000006 26.6 10 13.200000000000001 0 32.4 24.6 40.800000000000004 57.2 26.400000000000002 28.6 74.8 12.200000000000001 59.6 18 52.800000000000004 0.8 0 0 0.2 0.4 0 26.400000000000002 0 0 0 0.2 0.4 10 0.4 0 0.4 0 0.2 2 14.8 0 0 0 0 0.4 0 0 0 0.6000000000000001 0 0 0.4 0 0 0.6000000000000001 0.6000000000000001 0 0 0 0 0 0 0 0 0 0 0 0 0 0 0 0 0 0 0 0 0 0 0 0 2.8000000000000003 3.6 0.2 6.6000000000000005 2.6 5.6000000000000005 2.4000000000000004 2.6 0 2.4000000000000004 2.6 1.8 0 5.6000000000000005 0 4 5.4 0 2.8000000000000003 0.2 2.4000000000000004 0 0 0 0 0 0.2 1.6 0 0 0 0 0 10.4 3.8000000000000003 0 3.4000000000000004 2.8000000000000003 4 0 0.2 0 0 0 0 0 0 0 0 0 0 0 0 0 0 0 0 0 0 0 0 0 0 0.4 0 0 0 0 0 0 0 0 0 0.2 0 0 0 0.2 0 0 1.8 3.8000000000000003 0 3 6.800000000000001 2.4000000000000004 0 4.6000000000000005 0.4 4.800000000000001 4 5.6000000000000005 0 3.6 0.2 2.2 3.8000000000000003 3.8000000000000003 0 0 0 2.2 0.8 0 0 0 5.6000000000000005 0 0 0 0 0 0 2.8000000000000003 0 0 0 0 2.2 10 0 0 0 0 0 0 0 0 0 0 0.4 0 0 0 0 0 0 0 0.4 0 0 0 2.6 0 0 0 0 0 0 0 0 0 0 0 2.8000000000000003 0 0.6000000000000001 1 22 0.4 0.2 0 0 0 0 0 0 0 0 0 0 0 0 0 0 0 0 0 0 0 0 2.2 0 0 0 0 2.4000000000000004 0 0 0 
 0 13.4 0 0 0 0 0.4 40.6 0 0 0 0 0 0 0 14.200000000000001 0.4 0 0 0 76.2 27 38.800000000000004 25.200000000000003 14.4 27.400000000000002 35.4 6.4 32.4 0 13.200000000000001 7 35.4 28.400000000000002 16 63.2 69.60000000000001 15.600000000000001 19.200000000000003 12.8 6.4 0 0.2 0 0.4 0 0 0 0 0 0 0.4 10.600000000000001 0.4 0 0.2 0.2 0.4 0.2 16.8 0 0 0 0 0.4 0 0 0 0.6000000000000001 0 0 0.4 0 0 0 0.6000000000000001 0.6000000000000001 0 0 0 0 0 0 3 0 2.4000000000000004 0 0 0 0 0 0 0 0 0 0 0 0 0 0 0 8.4 0 0.2 3.4000000000000004 5.6000000000000005 2 0 0 5.6000000000000005 2.8000000000000003 12.200000000000001 0 1.8 3.6 0.4 7.4 7.4 0 2.6 0 2.4000000000000004 0 0 0 0 5.4 0 0 0 0 0 5.4 0 0 0 0 0 0 2.6 0 0 0 0 0 0 0 0 0 0 0 0 0 0 0 0 0 0 0 0 0 0 0 0 0 0 11 0 0 0 0 0 0 0 0 0 0 0 0 0 0.4 2.6 3.6 8.8 1.8 6.4 3 1.8 0 2.2 3.6 3.8000000000000003 1.8 1.8 5.6000000000000005 1.2000000000000002 0 13.8 0 0 0 0 0 0 0 0 1.2000000000000002 0 0 0 0 0 8.6 3 1.4000000000000001 2.8000000000000003 0 0 3.4000000000000004 1.8 0 0 0 0 0 0 0 0 0 0 0 0 0 0 0 0 0 0 0 0 0 0 0 0 0 0 0 0 0 0 0 0 0 0 1.8 0 0 15 10.200000000000001 0.8 3.8000000000000003 0 0 0 0 0 0 0 0 0 0 0 0 0 0 0 0 0 0 0 0 0.4 0 0 0 7 0 0 0 0 
 0.4 1 0.4 0.6000000000000001 0.4 0.4 0.4 0.4 0.4 0.4 1 0.4 0.4 0.4 0.4 1 15.4 0.4 0.8 0.4 29.6 24.200000000000003 82.4 122.80000000000001 78.60000000000001 20 4.6000000000000005 15 24.6 13.200000000000001 0 47.800000000000004 21.6 10.600000000000001 40.800000000000004 22 20 90.60000000000001 7.800000000000001 15.600000000000001 1 12.8 0 0 0.4 0 29 0 0 0 0 0.4 4.2 13.200000000000001 0 0.4 0.2 0.2 7.800000000000001 28.400000000000002 1 0 0 0 0.4 0 0 0 0.6000000000000001 0 0.2 0.4 0 0 0 0.6000000000000001 0 0 0 0 0 0 0 0 0 0 0 0 0 0 0 0 0 0 0 0 0 0 0 0 3 2.2 2.8000000000000003 15.200000000000001 0 3 0 0 0 0 0 1.4000000000000001 0 0 0 4.2 2.4000000000000004 0 0 0 5.2 2.4000000000000004 0 0 0 0 7.4 0 0 0 0 0 3 7 1.2000000000000002 0 5 0 4.800000000000001 2 0 0 0 0 0 0 0 0 0.2 0 0 0 0 0 0 0 0 0 0 0 0 0 0 0 0 0 0.2 0 0 0 0 0 0 0 0 0.6000000000000001 3.4000000000000004 0 2.8000000000000003 0 0 1 0 2.4000000000000004 3.4000000000000004 9.600000000000001 0 2 0 0 6 3.8000000000000003 0 4 0 0.4 2.4000000000000004 7 0 0 2.6 2.2 5 0 0 0 0 0 0 0 0 0.4 0.2 3 0 0 0 0 5.2 3.4000000000000004 0 1.8 0 0 0 0 0 0 0 0 0 0 0 0 0 0 0 0 0 0 0 0 2.6 0 0 0 0 0 0 0 0 0 0 0 1 0 0.2 0.6000000000000001 17.6 0 0 0 0 0 0 0 0 0 0 0 0 0 0 0 0 0 0 0 0 0.2 0 1.4000000000000001 0 0 0 0 2 0 0 0 
 0 0 0 0 0.4 0 1.8 0 0 0 0 0 0 0 0 6.800000000000001 0 0 0.6000000000000001 0.2 18.8 11.200000000000001 8 33.6 54.400000000000006 24.8 9.4 9.600000000000001 40.800000000000004 7 47.800000000000004 0 6.6000000000000005 17.6 19.8 98.80000000000001 13.4 78.60000000000001 6.2 2.8000000000000003 0.6000000000000001 0.2 0 0 0.4 0.4 14 0 0 0 0.6000000000000001 0.4 37.6 0.4 0 0.4 0.2 0.8 12.8 6.2 0.4 0 0 0.6000000000000001 8.8 0.2 0 0 0.6000000000000001 0 0.6000000000000001 0.4 0 0 0 0.6000000000000001 0 0 0 0 0 0.4 1.6 0 0 0 0 0 0 0 3.4000000000000004 0 0 0 0 0.2 0 0 0 0 2.8000000000000003 0 0 5.4 4.4 6.4 1.8 5.4 0 0 1.4000000000000001 0 0 1.8 0 5.6000000000000005 2.4000000000000004 0.2 4.2 0.2 0 0 2.6 0 0 0 2.2 2.8000000000000003 0 0 0.4 0.8 2.6 2 3.8000000000000003 0 7.800000000000001 0 6.4 0 0 0.2 0.4 0 0 0 0 0 0 0 0 0 0 0 0 0 0 0 0 0 0 0 0 0 0 0 0 0 0 0 0 0 0 0 0 0 0 0 0 0 2.2 1.6 0 2.6 4 0.6000000000000001 0 4.4 0.2 0 0.2 5 0 3.6 0.2 0.4 1.8 6.4 0 0 1.8 2.4000000000000004 4.6000000000000005 0 0.4 0 1.4000000000000001 0.2 1.6 0 0 0 0.2 2.8000000000000003 0 3 0.2 1.4000000000000001 4.800000000000001 2.2 0 0 0 0 0 0 0 0 0.2 0.2 0 1.4000000000000001 0 0 0 0 0 0 0 0 0 0 0 0 0 0.2 0 0 0 0 0 0 0 0 0.6000000000000001 1 0.2 30.200000000000003 0 0.4 0.6000000000000001 0.2 0.2 0 0 0 0 0 0 0 0 0 0 0 0 0 0 0 0 0.2 0 0 0 0 0 0 2.4000000000000004 0 0 0 
