 0 58.400000000000006 65.4 14.4 50 10.8 39.400000000000006 29.6 25.6 61 9.600000000000001 7.4 18.8 42 51.2 9.8 7.4 25.400000000000002 21.6 47.800000000000004 1.2000000000000002 0.2 0 0 0 0.4 1 0 0 0 0.4 0 0 0 0.6000000000000001 0 0 0.6000000000000001 0 16 0 0 0 0.4 0 0.2 10.600000000000001 0 0 0 0.4 0.2 0.2 0.6000000000000001 0.2 0.6000000000000001 0 0.2 0 0.6000000000000001 0.4 0.4 0.2 0 0 0 10.4 0 0 1.2000000000000002 0.6000000000000001 0 0 0 0.6000000000000001 0 0 0.4 0 0.6000000000000001 6 7.6000000000000005 9.8 3.4000000000000004 0 0 7 3.4000000000000004 2.2 2 2.2 0 9 6.4 1.6 3 0 0 5.4 5.6000000000000005 0 0 0 0 0 0 0 0 0 0 0 0 0 2.2 0 0 0 0.2 0 2.2 0 0 2.2 0 0 0 2.6 0 0 0.4 0 0.4 0.4 0 0 0 0 0.4 0 0 0 0.6000000000000001 3.4000000000000004 0 0 0 0 0 0 0 0 0 0 0.4 0 0 0 0 0 0 2.8000000000000003 0 0 0 0 0 8 5 2.4000000000000004 0 2 0 2.6 4 9.8 0.6000000000000001 0 0 5.800000000000001 4.800000000000001 0 0 0 0.4 0 0 0 0.8 0 0 0 0.4 0 0 0 0 0.4 0 0 0 0 0 0 0 0 0 0 0 0 0 0 0 0 0 0 0.4 0 0 0 0 0 0 0 0 0 0 0 0.4 0 0 0 0 0 0 3.4000000000000004 0 0 0 0 0 0 4.4 0 0 0 0.6000000000000001 0.4 0 0.4 0 3 0.6000000000000001 0 0 0 0 0 0 0 0 0 0 0 0 0 0 0 0 0 0 0 0 0 0 0 0 0 0 0 0 0 0 0 0 0 0 0 0 0 0 
 58.400000000000006 0 52 36 37.4 77.80000000000001 31 15.200000000000001 47 26.400000000000002 37.4 6.4 11.4 32.2 46.6 54.6 28 53.6 17.6 38.2 0.4 0 1 0.6000000000000001 0 0 1.8 0 0.6000000000000001 0.6000000000000001 0 0 0.2 0 0.4 0.6000000000000001 0 0 12.600000000000001 0.4 0 0 0 0.8 0.6000000000000001 0 0 0 0 0.4 1 0 0 0.6000000000000001 0 1 0.4 0 0.6000000000000001 0.6000000000000001 0.4 0.4 0 0.4 0.4 0.6000000000000001 0 0.4 0 0 0 0.4 0 3.4000000000000004 0 0 0 0.8 0 0 2.8000000000000003 1.8 6.4 0.8 0.2 1.6 2.6 2.2 2.8000000000000003 2.6 6.2 4 1.6 8 0 5 2.2 2.6 5 5.6000000000000005 0 0 0 0 0 0 0 0 0 0 0 0 4 0.2 0 0 0 0 0.2 2.2 0 1.2000000000000002 0 0 0 0 2.6 0 0 0 0 0 0 0 0 0 1.6 0 0 0 0 0 2.8000000000000003 7.4 0 0 0 0 0 0 0 0 0 0 0 0 0 0 0 0 0.6000000000000001 2.6 1.2000000000000002 8.200000000000001 2.8000000000000003 0 5.2 4 0.2 1.6 0.4 3.6 2.6 6.6000000000000005 4.6000000000000005 4 1.2000000000000002 0 4.6000000000000005 2.2 1 0.2 0 0 0 0 0 0 0 0 0 0 2.2 0 0 0 0 0 3.6 0 0 0 0 0 0.4 0 0 0 0 0 0 0 0 0 0 0 0 0 0 0 0 0 0 0 0 0 0 0 0 0 0 0 0 0 0 0 0 0 0 0 0 1 0 0 0 0 0.4 0 1 0.6000000000000001 0 1 0 0 0.2 0 0 0 0 0.4 0 0 0 0 0 0 0.2 0 0 0.2 0 0 0 0 0 1.6 0 0 0 0 0 0 0 0 0 0 0 0 0 0 
 65.4 52 0 47.800000000000004 10.200000000000001 24.400000000000002 29.400000000000002 16.2 47.6 23.6 62.6 72 59.800000000000004 9.4 128.20000000000002 89.4 12 20.200000000000003 6.800000000000001 8.6 0.4 0 0 0 0 0 0.6000000000000001 0 0 0 0 0 0 0 0 0 0 0.4 36.4 0 7.4 0 0 0 0 0 0 0 0 0 0.4 0 0.2 0.6000000000000001 0 0.6000000000000001 0 0 0.4 0.6000000000000001 0.4 0 2 0.2 0 0 0 0.2 1 0 0 0.4 0 0 0 0 0 0.8 0 0 0 12.4 0 0 2.2 7.6000000000000005 3.6 3.2 0 9.4 4 6.800000000000001 0 0 0 1.6 13.200000000000001 3.4000000000000004 0 0 0 0.2 0 0 0 0 0 0 0 0 0 0 9.4 0 0 0 0 4 4.2 0.2 0 0 0 0 0 3.2 0 0 0 0 0 0 0 0 0 0 0 0 0 0 1 0 0 0 0 0 0.4 0 0 0 0 0 0 0 0 0 0 0 0 0 0 0.2 2.8000000000000003 5.4 8.200000000000001 0 0 0 3.2 1.6 0 2 0 2.6 0 7.6000000000000005 7.4 1 0 1.8 3.2 0 0 0 0 0.2 0 0 0 0 0 0 2.4000000000000004 3.8000000000000003 0.4 0 0 1.8 3.4000000000000004 5.6000000000000005 0 0 0 0 0 0 0 0 0 0 1 0 0 0 0 0 0 0.4 0.4 0 0 0 0 0 0.4 0 0 0 0 0 0 0 0 0 0 0 0 0 2.8000000000000003 0 0 0 0 0 0 0 8.4 0 0.4 18.2 0 1.6 0 0 0 0 0 0 0 0 0 0 0 0 0 0 0 0 0 0 0 0 0 0 0 2.8000000000000003 0 0 0 0 0 0 0 0 0 0 0 0 0 0 
 14.4 36 47.800000000000004 0 38.400000000000006 28.200000000000003 22.400000000000002 117.2 34.4 48 12.600000000000001 40.6 31.6 11.4 40 28.400000000000002 73.2 35.2 25.400000000000002 10.200000000000001 15.600000000000001 0 0.2 0 0.2 0 1.2000000000000002 0 0 0 0 41.400000000000006 14.4 0.2 0 0 0 0 29.8 14.8 0 0.4 0 0.6000000000000001 0.2 5.2 0 0 0 0 0.4 0 0.2 0.8 0 0.8 0 0.4 0.2 0.6000000000000001 0.4 0 0 0 0 0 0 0 0 0.2 0.4 0 0 0 0 0 0 10.8 0 0 1.8 0.4 0 4.800000000000001 4.2 2.6 0 10.200000000000001 3 6.800000000000001 1.2000000000000002 14 0 0 0 8.200000000000001 1.4000000000000001 9.8 0 0 3.8000000000000003 0 2 0 0 0 0 1.4000000000000001 0 0 0 0 2 0.2 0.2 0 0 0.4 0.2 1.8 1.2000000000000002 0 0 0 0 0 0 0 0 0.2 0 0.4 0.2 0 0 0 0 0 0 0 0 0 0.8 0 0 0 0 0 0 0 0 0 0 0 0 1.8 0 0 0 0 2.4000000000000004 0 2.6 0 5.2 12.200000000000001 0 0 6.6000000000000005 4.2 2.6 3.4000000000000004 0 0 0 0 4.6000000000000005 6.6000000000000005 0 2 2.6 2.8000000000000003 1.4000000000000001 0 0 0 4.4 0.4 0 0 0 0 1.4000000000000001 1.8 0.2 2.6 1.8 0 2 1.8 0 0 0 0 0 0 0 0 0 0 0 0 0 0 0 0 0 0 0 0 0.2 0 0 0 0 0 0 0 0 0 0 0 0 0 0 0 0 0 0 0 0 0 0 0 0 0.6000000000000001 35.6 0 0.8 17.8 0 0 1.4000000000000001 0 0 0 0 0 0 0.4 0 0 3 0 0 0 0 0 0 0 0 0 0 0 0 1.8 0 0 0 0 0 0 0 0 0 0 0 0 0 0 
 50 37.4 10.200000000000001 38.400000000000006 0 43.2 6 67 16.400000000000002 94.60000000000001 27 40.400000000000006 61.2 36 13.4 39 70 45.6 18.400000000000002 14.8 15.600000000000001 0 0 0 0 0 15.4 0.8 0.4 0 0 0.2 29.8 0.2 0 0 0.2 0 29 15 0 0 0 0.4 0 0 0 0 0 0 0.4 0 0 0.6000000000000001 0 0.6000000000000001 0 0 0.2 0.6000000000000001 0.4 0 0 0 0 0 0 0 0 0.2 0 0 0 0 0 0 0 10.8 0 0 1.8 2.4000000000000004 3.4000000000000004 1.8 2.8000000000000003 0 2.6 0 2.6 5.4 23 1.8 0 2.4000000000000004 0 12.4 1 0 0 0 2.6 0 2.8000000000000003 4 0 0 2.4000000000000004 2.4000000000000004 0 0 0.2 0 2.8000000000000003 2.2 0 0 0 0 2 3.2 1.2000000000000002 0 0 0 0 0 0 0 0 0 0 0 0 0 0 0 0 0 0 0 0 0 0 0 0 0 0 0 2 0 0 0 0 0.4 0 0 0 0 0 0 2.4000000000000004 0 0 0.2 0.6000000000000001 7.800000000000001 0.4 0 8.8 4.2 2.6 4 3.2 2.8000000000000003 4.2 0 3 3.4000000000000004 0 0 4.6000000000000005 0 1.6 0 0 0 0 3.2 0 0 0 0 5 2.6 0 0 1.6 0 4.6000000000000005 7.4 0 0 0 0 0 0 0 0 4.6000000000000005 0 0 0 0 0 0 0 0 0 0 0 0 0 0 0 0 0 0 0 0.2 0 0 0 0 0 0.2 0 0 0 0 0 0 2.4000000000000004 0 0 0 1.2000000000000002 1.2000000000000002 0.4 0 21.6 0 1.6 3 0.4 0 0 0 0 0 0 0 0.2 0 0 0 0 0 0 0 0 0 0 0 0 0 0 0 1.8 0 0 0 0 0 0 0 0.2 0 0 0 0 
 10.8 77.80000000000001 24.400000000000002 28.200000000000003 43.2 0 8.6 76.60000000000001 24 8.4 32 8 8.6 23.6 52 15.8 57 65.4 8.8 10.8 15.200000000000001 0 3.8000000000000003 0 0.6000000000000001 0 15.4 0 5.4 0 0 1.2000000000000002 14.8 15.200000000000001 0.6000000000000001 14.600000000000001 0.4 0 0.4 15.4 0 0 0.6000000000000001 0.2 0 0 0 0.2 10.8 0.6000000000000001 0.4 0 0.6000000000000001 0.6000000000000001 0.2 0.6000000000000001 0 1.6 0.4 0.6000000000000001 0.4 4.2 0 0 0 0 0 3 0 0 0.2 0 0 0 0 0 0 0.6000000000000001 0 0 0 0 0 3 2.2 0.4 0 0 7.4 3.4000000000000004 11.600000000000001 1.8 0 0.2 0 0 0 2 0 0 0.4 4.2 0 0 7.2 2 7.4 0 0 0 4 3 2.4000000000000004 8.200000000000001 0 0.2 1 2.4000000000000004 4.4 0.6000000000000001 0 3 0 0 0 0 0 0 0 0 0 0 0 0 0 0 0 0 0 0 0 0 0 0 0 0 0 0 2.6 0 0 0 0 4 0 4 0 0 0 0 0 0 0.4 0.2 0 1.2000000000000002 0 0 0.2 0.6000000000000001 0.2 4.4 0 0 0.4 0.2 0 2.2 0 0 2.2 3.8000000000000003 0 9 0 0 3.8000000000000003 18 2.2 5.4 5.6000000000000005 0.2 7.6000000000000005 0.4 0 0.4 0 0 5.4 5.2 0 0 0 0 0 0 0 0 0 0 0 0 0 0 0 0 0 0 1 0 0 0 0 0 0 0 0 0 0 0 0 0 0 0 0 0 0 0 0 0 0 0.2 0 0 0 1.2000000000000002 17 0 0.4 3.2 0 1 0 0 0.4 0 0 5 0 0 0 0 3.2 0 0 0 0 0 0 0 0 0 0 0 0 0 0 1.4000000000000001 0 0 0 0 0 0 0 0 2.2 0 0 0 
 39.400000000000006 31 29.400000000000002 22.400000000000002 6 8.6 0 19.6 29.8 33.4 8 42.6 50.400000000000006 42.400000000000006 10.4 6.800000000000001 76.60000000000001 42.400000000000006 45.400000000000006 64.8 0.4 0 0 0 0.2 0.4 0.6000000000000001 0 0 0 0 0.4 0 0.2 0.2 0 0 0 0 0 0 0 0 0.6000000000000001 0 0 0.4 0 0 0 0.4 0 0.4 0.6000000000000001 0 0.6000000000000001 0 0 0 0.6000000000000001 0.4 0 0 0 0 0 0 0 0 0 0 0 0 0 0 0 0 0.2 0 0 8.6 3 5.6000000000000005 2.8000000000000003 0 0 8.8 13.200000000000001 0 0 2.4000000000000004 0 7.800000000000001 8.200000000000001 0.2 11.600000000000001 3.8000000000000003 0 6.2 2.2 0.4 0 0 0 0 0 0 0 0 0 0 0 0 0 0 0 0 0 0 0 0 0 0 0 0 0 8.6 0 0 0 1.2000000000000002 0 0 0 0 0 0.4 0 0.2 0 0 0.4 2 0 0 0 0 0 0 0 0 0 0 0 0 0 0 0 0 0 0 3 3.4000000000000004 0 4 0 7 9.600000000000001 0 0 4.2 0 3 7.2 3.2 3.8000000000000003 5 0.2 4 11 0 0 0 0 0 0 0 0 0.4 0 0 0 0 0 0 0 1.2000000000000002 0 0 0 0 0 0 0 0 0.2 0 0 0 0 0 0.4 0 0 0 0 0 0 0 0 0.8 0 0 0 0 0 0 0 0 0 0 0 0 0.6000000000000001 0 0 0 0 0 0 0 0 0 0 0 0.4 18 0 0 0 3.6 1.4000000000000001 0.4 0 0 0 0 0 0 0 0 0 0.4 0 0 0 0 0 0 0 0 0 0 0 0 2 0 0 0 0 0 0 0 0 0 0 0 0 0 0 
 29.6 15.200000000000001 16.2 117.2 67 76.60000000000001 19.6 0 73.8 24.8 7.6000000000000005 68.2 61.400000000000006 22 34 9 8.200000000000001 25.8 26.6 36.2 0.8 0 0 0 0 0 1 0.4 0.4 0.2 0.4 0.4 0.8 0 0.4 0 0.4 0 0.4 0 0 0 0 0.6000000000000001 0 0 1 0 0.6000000000000001 0 0.4 0.4 0.2 1.6 1 0.6000000000000001 0 0 0.2 0.6000000000000001 0.4 0 0 0 0 0 0 0.8 0 0 0 0 0 0 0.4 0.8 8.8 0.2 0 0 3.8000000000000003 1.4000000000000001 3.8000000000000003 6.800000000000001 1.8 0 5.800000000000001 8.4 5.6000000000000005 0 0 0 0 12.200000000000001 0 2 3.6 0 5.4 4.6000000000000005 0 0 0 0 0 0 0 0 0 0 0 0 0 0 0 0 0 0 0 0 1.8 0 0 0 0 0.4 0 0 0 0 0 0 0 0 0 0 0 0.2 0 0 2.8000000000000003 0 0 0 0 0 0 0 0 0.2 0 0 0 0 0 0 0 0 0.2 0 6.6000000000000005 0.6000000000000001 0.2 2.6 0 0 5.2 2.4000000000000004 0 0 0.6000000000000001 1.8 3.2 0 6.800000000000001 0 3.8000000000000003 0 2.6 3.6 0 0 0 0 0 0 0.6000000000000001 0.4 0 0 0 0 0 0 0 0 0 0 0 5 0 0.2 0 0 0 0 0 0 1.6 0 0 0 0 0 0 0 0 0 0 0 0 0 0 0 0 0 0.4 0 0 0 0 0 0 0 0 0 0 0 0 0 0 0 0 0 0 0 0 0 0.4 0 4.2 0.6000000000000001 0 0 0 0 0 0 0 0 0 0 0 0 0 0 0 0 0.2 0 0 0 0 0 0 0 2.2 0 0 0 0 0 0 0 0 0 0 0 0 0 
 25.6 47 47.6 34.4 16.400000000000002 24 29.8 73.8 0 55 56.6 8 26.200000000000003 73.2 19.400000000000002 42.2 23 92 37 29.6 0.4 0 0 0 0 0 1.8 0 0 0 0 0 15.4 0 0.2 0 0.2 0 0.2 0 0 0 0 0.8 0 0 0 8.4 0 0 0.4 0 1 0.6000000000000001 0 0.6000000000000001 0 0 0 0.6000000000000001 0.4 0 0 0 0 0 0 0 0 0 0 0 0 0 0 0 0 0.4 0 0 4.4 1.2000000000000002 3.2 10.200000000000001 5.4 9.600000000000001 0 2.8000000000000003 3 2 3.2 5.2 2.4000000000000004 4.6000000000000005 2.6 2.2 3.8000000000000003 4.800000000000001 2 0.2 2.6 0.2 0 0 0 0 0.4 0 0 0 0 0 4.2 2.6 0 0 0 0 2 6.2 0 0 0 0 0 0 0 0 0 0 0 0 0 0 0 0 0.4 0 0 0 0 0.4 0 0 0 0 0 0 0 2.2 0 0 0 0 0 0 0 0 0 0 2.2 1 3.8000000000000003 3.4000000000000004 2.4000000000000004 0 0 0 2.4000000000000004 2 0.6000000000000001 4.4 0 0 2.4000000000000004 3.8000000000000003 0.2 0.2 1.4000000000000001 4.800000000000001 2.8000000000000003 0 0 0 0 0 2 0 6 0 0 0 3.4000000000000004 4 1.6 3.2 2.8000000000000003 0 2.8000000000000003 0 0 0 0 0 0 0 0 0 0 0 0 0 0 0 0 0 0 0 0 0 0 0 0 0 0 0 0 0 0 0 0 0 0.2 0 0 0 0 0 0 0 0 0 0 0 0 0 3.8000000000000003 0 0.2 0 0 1 0 0 0.2 0 0 0 0 0 0 0 3.4000000000000004 0 0 0 0 0 0 0 0 0 0 0 0 2 1.6 0 0 0 0 0 0 0 0 0 0 0 0 0 
 61 26.400000000000002 23.6 48 94.60000000000001 8.4 33.4 24.8 55 0 59.2 8.8 67.60000000000001 36.4 38.800000000000004 37.2 36.4 67.60000000000001 17.6 43.2 0.6000000000000001 0.2 0 0 0 0 1.2000000000000002 0 0 0 0 0 0 0 0.2 0 0 0 0 16.400000000000002 0 0 0 0.4 0 0 0 0 0 0 0.4 0 0.4 6.6000000000000005 0 0.6000000000000001 0 0 0 0.6000000000000001 0.4 0 0 0 0 0 0 0.6000000000000001 0 11.200000000000001 0 0 0 0 0 0 0 0 0 0 6.6000000000000005 4.800000000000001 1.8 2.2 2.2 2.2 3 5.4 3 8.8 2.2 5 2.8000000000000003 5.2 0 0 0 3.8000000000000003 0.2 1.2000000000000002 0 0 0 0 0 0 1.8 0 0 0 0 0 2 0.6000000000000001 0 0 0 0 5.4 2.8000000000000003 1.4000000000000001 0 0 0 0 0 4.4 0 0 0 0 0 0 0 0 0 0 0 0 0 0 0 3.6 0 0 0 0 0 0 0 0 0 0 0 0 0 0 0 0 0 0 0 9.200000000000001 0 0 2 2 1.8 2.2 2.4000000000000004 4 7.800000000000001 0 3.8000000000000003 6.2 4.800000000000001 1.6 4.2 0.4 4.4 0 3.8000000000000003 0 0 0 0 5.4 3 0 0 0 0 4.2 4.800000000000001 0 0 0 0 0 1.6 0 0 0 0 0 0 0 0 0 0 0 0 0 0 0 0 0 0 0 0 0 0 0 0 0 0 2.8000000000000003 0 0 0 0 0 0 0 0 0 0 0 0 0 0 1.8 0 0 0 0 0.8 0.4 0 2.2 3.8000000000000003 2.2 0 0 0 0 0 0 0.4 0 0 0 0 0 0 0 0 0 0 0 0 0 0 0 0 0.2 0 0 0 0 0 0 0 0 0 0 0 0 0 0 
 9.600000000000001 37.4 62.6 12.600000000000001 27 32 8 7.6000000000000005 56.6 59.2 0 74.60000000000001 5.6000000000000005 10.4 43.400000000000006 97.4 76.4 39.6 8 14.600000000000001 0.4 0.2 0 0.2 0 0 0.6000000000000001 0 0 0 0 0 0 0 0.2 0 0 0 15 0 0 0 8.8 0 0 0 0 0 0.6000000000000001 0 0.4 0 0.2 0.6000000000000001 0 0.6000000000000001 0 0 0 0.6000000000000001 0.4 0 0 0 0 0.4 0 0 0 0 0 0 0 0 0 0 0 0.6000000000000001 0 0 0 1.2000000000000002 0 4 2.6 6.4 0 3.8000000000000003 3.8000000000000003 10.4 7.800000000000001 16.6 0 0 2.8000000000000003 2.8000000000000003 3.4000000000000004 10.600000000000001 0 0 0 0 0 0 0 0 0 0 0 0 0 0 5.800000000000001 2.2 0.2 0 5.2 1.4000000000000001 5 2.8000000000000003 0 0 0 0 0 0 0 0 0 2.8000000000000003 0 0.4 0.2 0 0 0 0 0 0 0 0 0 0.8 0 0 0 0 0 0 0 0 0 0 0 0 0 0 0 0 0 0 0 5.6000000000000005 3.2 3 0 0 0 5.4 1.6 0 3.2 0 0 0 3.2 3 4.800000000000001 0 2 5.4 0 0 0.2 0 0 5.6000000000000005 0 0 0 0 0.2 1 2.4000000000000004 1.4000000000000001 0 3.2 0 3 0 0 0 0 0 0 0 0 0 0 0 0 0 0 0 0 0.2 0 0 0 0 0 0 0 0 0 0 0 0 0 0 0 0 0 0 0 0 0 0 0 0 0 0 0 0 0 0.2 35.2 0 0.6000000000000001 17 0 0.4 0 0 0 0 0 0 0 0 0 0 3 0 0 0 0 0 0 0 0 0 0 0 0 3 0 0 0 0 0 0 0 0 0 0 0 0 0 0 
 7.4 6.4 72 40.6 40.400000000000006 8 42.6 68.2 8 8.8 74.60000000000001 0 53.2 67.60000000000001 49.6 18 55.2 29.400000000000002 13 11 15.200000000000001 0 0 0.2 0 0 16.6 0.6000000000000001 0 0.4 0 0 11.8 1.6 5 0 0.4 0.2 12 15.200000000000001 0 0 0.4 1.4000000000000001 0.6000000000000001 0.6000000000000001 0 0.8 0 0 1 0 0.2 0.6000000000000001 0 0.6000000000000001 0 0.6000000000000001 0.2 0.8 0.4 0 0 0 0 0 0 0.6000000000000001 0 0 0 0 0 0.2 0.6000000000000001 0 0 9 0.2 0 2.4000000000000004 2.4000000000000004 0.2 4.800000000000001 0 0.2 2 0 6.2 1.2000000000000002 3.8000000000000003 1.2000000000000002 0.2 0 5 3.2 3.8000000000000003 7.800000000000001 0 0 0 0 0 0 1.6 0 0 10.200000000000001 0 0.2 0 0 1.8 0 4.6000000000000005 0 0 0 4.800000000000001 2 2.4000000000000004 0 0 0 1.2000000000000002 0 0 0 0 0 2 0 0 0 0 0.2 0 0 0 0 0 0 0 0 0 0 0 0 0 0 0 0.2 0 0 0 0 0 0 0 0 0.8 1.4000000000000001 0 2 7.2 4.800000000000001 0 0 4.6000000000000005 11 4.4 3.4000000000000004 0 2.8000000000000003 4.800000000000001 1.8 4.800000000000001 11 0 0.4 1.2000000000000002 0 0 0 0 0 1.2000000000000002 3 1.8 0 0 0 1.8 3.6 2.4000000000000004 0 0 0 3.6 6.800000000000001 0 0 0 0 0 0 0 0 0 0 0 0 0 0 0 0 0 0 0 0.2 0 0 0 0 0 0 0 0 0 0 0 0 0 0 0 0 0 0 0 0 0 0 0 0 0 0 0 0.4 0.2 18.6 0 1 2.8000000000000003 0 0 0 0 0 0 0 0 0 0 0 0 0 0 0 0 0 0 0 0 0.2 0 0 0 0 0 0 0 0 0 0 0 0 0 0 0 0 
 18.8 11.4 59.800000000000004 31.6 61.2 8.6 50.400000000000006 61.400000000000006 26.200000000000003 67.60000000000001 5.6000000000000005 53.2 0 34.800000000000004 46.2 51 16.6 10.200000000000001 44 31.400000000000002 0.4 0.6000000000000001 0 0 0 0 0.6000000000000001 0 0.8 0 0 0 0.4 0 0 0 0 15.200000000000001 0 0 0 0 0 0.4 0 0 0 0 0 0 0.4 0 0.4 0.6000000000000001 0 0.6000000000000001 0 0 0 0.6000000000000001 0.4 0 0 0 0 0 0 0 0 0 0 0 0 0 0 0 0 0.6000000000000001 0 0 9.200000000000001 2.6 2.4000000000000004 0.8 3.4000000000000004 0 0.6000000000000001 12 10 0 0.2 0 6.4 1.2000000000000002 4 0 0.4 0.2 0.2 18.6 0 0 0 0 0 0 0 0 0 0 0 0 0 0 0 3.6 0 0 0.2 0 0 0 0 0 0 0 0 0 0 0.2 0 1.8 0 0 0 0 0 0 0 0 0 0 0 0 0 0 0 0 0 0 0 0 0 0 0.4 0 0 0 0 0 0.2 2.8000000000000003 4.2 2.6 0.2 0 6 4.2 0 0 6.4 0.4 3.8000000000000003 4 3.6 2.6 0.6000000000000001 0 0 0.4 0 0 0 0 0 0 2.2 0 0 0 0 0 0 0 0 0 0 0.2 0 0 0 0 0 0 0 0 0.2 0 0 0 0.2 0 0 0 0 0 0 0 0 0 0 0 0 0 0 0 0 0 0 0.2 0 0 0 0 0 0 0 0 0 0 0 0 0 0 0 0.4 0.2 0 0 0 0 0 0 0 0.2 0 0 0 0 0 0 0 0 0 0 0 0 0 0 0 0 0 0 0 0 0 1 0 0 0 0 0 0 0 0 0 0 3.6 0 0 
 42 32.2 9.4 11.4 36 23.6 42.400000000000006 22 73.2 36.4 10.4 67.60000000000001 34.800000000000004 0 67.60000000000001 49 9.8 5.800000000000001 24 41 0.6000000000000001 0.6000000000000001 0 0.2 0.6000000000000001 0.8 0.6000000000000001 0 0 0.4 0 0.4 0 0 0 0.6000000000000001 0 0 0 0 0 0.6000000000000001 0 0.2 0 0 0 0 0 0 0.4 0 0.6000000000000001 0.6000000000000001 0 0.6000000000000001 0.6000000000000001 0 0.4 1 0.4 0 0 0 0.2 0.6000000000000001 0 0 0 1 0 0 0 0 0.2 0.6000000000000001 0 0.4 0.2 0 2.2 2.8000000000000003 1.4000000000000001 8 1.8 0 0 12.4 0.2 2.8000000000000003 2.2 0 3.4000000000000004 2 2.2 4 2.6 0 4.2 4.2 0.2 0 0.2 0 0 0 0 0 0.2 0 5.4 0 2 0 0 0 0 0 0 0.2 0 0 0 0 0.2 0 2.8000000000000003 0 0 0 0 0 0 0 0 0 0 0 0.4 0 0 0.2 3.4000000000000004 0 0 0 0 0 0 0 0 0 0 0 0 0 0.4 0 0 0.4 0.2 4.6000000000000005 3.2 2.2 5.4 0.4 2.2 1.6 6.2 0.4 1.2000000000000002 0 0.4 8 18.8 2 1.8 2 4.2 4.4 0 0 0 0 0 0 0.6000000000000001 0 0.2 0 0 0 0 0 0 0 0 0 0 0 10.600000000000001 0 0 0 0 0 0 0 0 0 0 0 0 0 0 0 0 0 0 0 0 0 0 0 0 0 0 0.4 0 0 0 0 0 0 0.2 0 0 0 0 0 0 1.8 0 0 0 0 0.2 0 0 0.4 0 0.6000000000000001 0 0 0 0 0 0 0 0 0 0 0 0 0 0 0 0 0 0 0 0 0 0 0 0 2.2 0 0 0 0 0 0 0 0 0 0 0 0 0 
 51.2 46.6 128.20000000000002 40 13.4 52 10.4 34 19.400000000000002 38.800000000000004 43.400000000000006 49.6 46.2 67.60000000000001 0 25.200000000000003 49.6 25.6 18.400000000000002 59.6 19.8 0.4 0.4 0 0.2 0.2 1 0.4 15.600000000000001 0.4 0.2 0 0 0 0 0.4 0.4 0.4 0.8 0.4 0.4 0 0.4 0.8 0.4 12.600000000000001 0.4 0 0 0 0.4 0 0.6000000000000001 1 0 0.6000000000000001 0 0 0 0.8 0.4 0 0 0 0.6000000000000001 0 0 0 0 0 0 0 0 0 0 0 0 0.4 0 0 8.6 0 0 9.200000000000001 0.4 3.2 0 10.200000000000001 0 3.2 0.2 1.8 3.4000000000000004 0 0.2 0.8 3.8000000000000003 3.8000000000000003 9 6.800000000000001 0 0 0 0 0 0 0 0.2 0 6.4 0 0 0.2 0 0 0 0 0 0 0.4 0.2 0 0 0 0 0 0 0 0 0 0 0 0 0 1.8 0 0 0 0 0 0 0 3.8000000000000003 0 0 0 0 0 0 0.2 0 0 0 0 0 2.2 0 0 0.4 0 0 2 13.200000000000001 2 2.6 0 1.8 4 1.8 1.8 6 2 0 3.8000000000000003 0 6 7.6000000000000005 3 3.6 9.600000000000001 0 0 0 0 0 0 3.6 0.2 0 0 0 0 0 0 0 0 1.8 0 0 0 0 0 0 0 0 0 0 0 0 0 0 0 0 0 0 0 0 0 0 0 0 0 0 0 0 0 0 0 0 0 0 0 0 0 0 0 0 0 0 0 0 0 0 0 0 0 17.6 0 0.4 0.6000000000000001 0 1.4000000000000001 0 0 0 0 0 0 0 0 0 0 0 0 0 0 0 0 0 0 0 2 0 0 0 3.8000000000000003 0 0 0 0 0 0 0 0 0 0 0 0 0 0 
 9.8 54.6 89.4 28.400000000000002 39 15.8 6.800000000000001 9 42.2 37.2 97.4 18 51 49 25.200000000000003 0 96.2 61.800000000000004 62.800000000000004 52.6 1.2000000000000002 0.2 1 0.4 1.2000000000000002 0.8 1 0.2 0 0.2 0.4 0.4 0.2 0.4 0 0.4 0.4 0.2 4.2 0.4 0.4 0 0.4 1.6 1.8 0.8 0.4 0.6000000000000001 0 1 13.4 0.4 1.2000000000000002 1 0.6000000000000001 1 0 0 0 1 0.4 0 1.4000000000000001 1.6 0.4 0.4 0.2 0.2 0.6000000000000001 0.8 0 0 0 0.4 1.4000000000000001 0 0.4 0.6000000000000001 0 0.6000000000000001 9 2.6 5.800000000000001 0.2 0 1.4000000000000001 2.6 0 2.2 3 15.200000000000001 2 2.2 4.4 0 6.6000000000000005 2.8000000000000003 1.8 1.4000000000000001 7 0 0 0 0 0 0 0 0 0 0.4 0 0 9.4 0 0 0 0 0 0 1.2000000000000002 0 0 0.4 0 0 0 0 0 0 0 0.2 0 0 0 0 0.2 0 0 0 0 0 0 0 0 0 0 0 0 0 0 0 0.4 0 0 0 0 0 0 0 0 2.4000000000000004 0 2.8000000000000003 0 2.2 0 2.6 2.2 4.2 1.4000000000000001 0 1.8 3.2 2.8000000000000003 4 2 0.2 0 2.4000000000000004 7.4 2.4000000000000004 0 0 0 2.8000000000000003 0 0 0 0 0 0 0 1.4000000000000001 0 0 0 0 0 3.6 0 0 0 0 0 0 0 0 0 0 0 0 0 0 0 0 0 0 0 0 0.4 0 0 0 0 0 0 0 0 0 0 0 0 0.4 0 0 0 0 0 0 0 0 2.4000000000000004 0 0 0 0.2 0 0 0.6000000000000001 0.2 0 1.4000000000000001 0 0 0 0 0.2 0 0 0 0 0 0 0 0.4 0 0 0 0 0 0 0 0 0.4 0.8 1.4000000000000001 0 0 0 0 0 0 0 0 0 0 0 0 0 0 
 7.4 28 12 73.2 70 57 76.60000000000001 8.200000000000001 23 36.4 76.4 55.2 16.6 9.8 49.6 96.2 0 40.2 67 10.600000000000001 0.4 0.2 0 0 15.600000000000001 0.6000000000000001 0.6000000000000001 0 0 0 0 0 15.200000000000001 0 0.2 0 0 0 30 5.6000000000000005 0 0 0 0 0 0 0 0 0 0 0.4 0 0 8.6 0 0.6000000000000001 0 0 0.4 0.6000000000000001 0.4 0 0 0 0 0 0 0 0 0 0 0 0 0 0 0 0 6.2 0 0 4 0 0 0.2 0 2 0 3.4000000000000004 0 2.8000000000000003 2 4.800000000000001 4 0 2.6 4.4 7.6000000000000005 3.6 0 3 0 0 0 0 0 0 0 0 0 0 0 0 2.6 0 0 0 0 0 5.6000000000000005 1.4000000000000001 0 0 0 0 0 0.4 0 0 2.8000000000000003 0 0 0 0 0 0 0 0.2 0 0 0 0 0 0.8 0 0 0 0 0.2 0 0 0.4 0 0 0 0 0.2 0 0 0 0 2.2 0 2.6 12 5 5.2 0 2.2 2.8000000000000003 6 6.4 6 0 0 1.4000000000000001 13 0.8 6.4 0 0.4 1.8 0 0 0 0.4 0 2.6 0.4 0 0 0 0 0.4 1.8 0 0 0.2 0 5.2 4 0 0.4 0 0 0 0 0 0 0 0 0 0 0 0 0 0 0 0 0 0 0 0 0 0 0 0 3.4000000000000004 0 0 0 0 0 0 0 0 0 0 0 0 0 0 0.2 0 0 0 0 0.4 0.2 0.4 0.4 0 1.8 0 0 0 0 0 0 0 0 0.6000000000000001 0 0 0 0 0 0.4 0 0 0 0 0 0 0 0 2 0.2 0.2 0 0 0 0 0 0 0 0 0 0 0 1.8 
 25.400000000000002 53.6 20.200000000000003 35.2 45.6 65.4 42.400000000000006 25.8 92 67.60000000000001 39.6 29.400000000000002 10.200000000000001 5.800000000000001 25.6 61.800000000000004 40.2 0 22.400000000000002 10.4 0.8 0.2 0.4 0 0 0 0.6000000000000001 0 0.2 0 0 0 4 0.4 0 0 0 0 30 16 0 0 0 0 0 0 0 0 0 0 0.4 0 0.4 0.6000000000000001 0 0.6000000000000001 0 0 0.4 0.6000000000000001 0.4 0 0 0 0 0 0 0 0 0.2 0 0 0 0 0 0 0 0.6000000000000001 0 0 0 1 2.4000000000000004 0 1 5.6000000000000005 2.6 0 0.4 8.200000000000001 8.4 6.4 0 1.4000000000000001 2.4000000000000004 4.2 6.4 3.6 0 0 0 0 0 0 0 0 0.2 0 0 0 0 0 8.200000000000001 0 0 0 0 0 8 3.2 0 0 0 0 0 0 0 0 0 0 0 3.2 0 0 0 0 0 0 0 0 0 0 0 0 0 2.8000000000000003 0.4 0.4 0.2 0 0.2 0 0 0 0 0.4 0 0 0 0 0 0 0 7.2 5.4 2 0 4 9.8 3.4000000000000004 4 7.800000000000001 2.8000000000000003 3 10.200000000000001 2 0 0.2 0 1.2000000000000002 12 0 0 2 0.2 0.2 0 0.8 0 0 0 0 13.8 5.6000000000000005 0.4 0 6 0 6.800000000000001 0 0 0 0 0 0 0 0 0 0 0 0 0 0 0 0 0 0 0.4 0 0 0 0 0 0 0.4 0 0 0 0 0 0 0 0 0 0 0 0 0 0 0 0 2 0 0 0 0.6000000000000001 0 0 0 17.400000000000002 0 43.800000000000004 0 0 0 0 0 0 0 0 0.4 0 0 0 0 0 0.2 0 0 0 0 0 0 0 0 1 0 0 0 0 0 0 0 0 0 0 0 0 0 0.4 
 21.6 17.6 6.800000000000001 25.400000000000002 18.400000000000002 8.8 45.400000000000006 26.6 37 17.6 8 13 44 24 18.400000000000002 62.800000000000004 67 22.400000000000002 0 93.60000000000001 1 0 0 0 0 1 1 0.2 0 0 0 0.6000000000000001 0 0 0.4 0 0 0.6000000000000001 0 0 0 0 0 0.2 0 0 0 0 0 0 0.4 0 0.4 0.6000000000000001 0 0.6000000000000001 0 0 0 0.6000000000000001 0.4 0 0 0 0 0 0 0 0 0.8 0.6000000000000001 0 0 0 0 0 0 0.6000000000000001 0 0 6 2 3.6 0.2 0 0 4.2 3.4000000000000004 5.4 0 2.4000000000000004 0 7 4.800000000000001 6.2 3 0 0 2 8.200000000000001 0 0 0 0 0 0.2 0 0 0 0 0 0 0 0 0 0 0 0 0 0 0 0 0 0 0 0 0 0 0 0 0 0 0 0 0.4 1 0 0 0 0 0 0 0 0 0 0 0 0 0 0 0 0 0 0 0 0 0 0 0 0 1 0 0 0.2 0 0 4.800000000000001 4.2 0 0 2 0 3 0.4 0 0 0 0 3 0.4 0 0 0 0 0 0 0 0 0 2.6 0 0 0 0 0 0 0 0 0 0 0 0 0 0 0 0 0 0 0 0 0 0 0 0 0 0 0 0 0 0 0 0 0 0 0 0 0 0 0 0 0 0 0 0 0 0 0 0 0 0 0 0 0 0 0 0.4 0 0.2 0.2 0.4 0 1.4000000000000001 0 0 0 0 0 0 0 0 0 0 0 0 0 0 0 0 0 0 0 0 0 0 0 0 0 0 0 0 0 0 0 0 0 0 0 0 0 0 
 47.800000000000004 38.2 8.6 10.200000000000001 14.8 10.8 64.8 36.2 29.6 43.2 14.600000000000001 11 31.400000000000002 41 59.6 52.6 10.600000000000001 10.4 93.60000000000001 0 0.4 0 0 0 0 0 1 0 0 0 0 0 0 0 0 0.2 14.600000000000001 0 0 0 0 0 0 0.4 0 0 0 0 0 0 0.4 0 1.4000000000000001 0.6000000000000001 0 0.6000000000000001 0 0 0 0.6000000000000001 0.4 0 0 0 0 0 0 0 0 0 0 0 0 0 0 0 0 0 0 0 16 0.2 2 0 0 0 1.8 1.6 3.2 0 2.6 7.6000000000000005 12.600000000000001 4.800000000000001 0 8.6 2 0 10 10.4 0 0 0 0 0 0 0 0 0 0 0 0 7.2 0 0 0 0 0 0 0 0 0 0 0 0 0 3.2 0 0 0 0 0 0 1.6 0 0 0 0 0 0 0 0 4.6000000000000005 0 0 0 0 0 0 0 0 0 0 0 0 0 0 0 0 0 3.4000000000000004 5.2 6 0.2 3 0 3.4000000000000004 5.2 0 0 2 0 0 9.200000000000001 3.8000000000000003 3.8000000000000003 2 0 5 12.4 0 0 0 0 0 0 0 0 2.8000000000000003 0 0 0 0 0 0 0 0 0 0 0 0 0 0 0 0 0 0 0 0 0 0 0 0 0 0 0 0 0 0 0 0 0 0 0 0 0 4.4 0 0 0 0 0 0 0 0 0 0 0 0 0.2 0 0 0 0 0 0.8 0 0 0 0 0.4 0.2 0 0 0 0 0 0 0 0 0 0 0 0 0 0 0 0 0 0 0 0 9.200000000000001 0 0 0 0 0 0 0 0 0 0 0 0 0 0 0 0 0 
 1.2000000000000002 0.4 0.4 15.600000000000001 15.600000000000001 15.200000000000001 0.4 0.8 0.4 0.6000000000000001 0.4 15.200000000000001 0.4 0.6000000000000001 19.8 1.2000000000000002 0.4 0.8 1 0.4 0 17 13.600000000000001 10.600000000000001 21.200000000000003 50.800000000000004 124 51.400000000000006 109.4 15.8 7.6000000000000005 91.60000000000001 34.4 33.6 15 49.2 52.6 52.800000000000004 24 28 0.6000000000000001 0 0.8 0 0 0 0 0.8 0.4 0 0 0 0 0.6000000000000001 0.6000000000000001 0 0 0 0 0 0 0 0.4 0 0 0 0.2 0.2 0.2 0 0 0 0.6000000000000001 0 0 0 0.2 0.6000000000000001 0 0 0 0 0 0 0.4 0.2 0 0 0.2 0 0 0 0 0 0 0 0 3.6 0 0 4.2 5.2 4 0 0.8 0 16.2 6.800000000000001 5.2 0 0 0 0 0.2 5.800000000000001 1.8 4 3.6 2.8000000000000003 1.8 0 0 0 0 0 0 0 0 0 0 0 0 0.2 0 0 0 0 0 0 0 0 0 0 0 0 0 0 0 0.6000000000000001 0 0 0 0 0 0 0 1.2000000000000002 0 0 1.2000000000000002 0 0 0 0 0 0 0 0 3.8000000000000003 0 0 0 0 0.2 0 0.4 0 3.6 0 0 4 7.2 0 0 2.2 7.2 12 0.4 0.6000000000000001 0 0 3.8000000000000003 0 4.2 9 0.4 8.6 0 3 1.4000000000000001 0 0 0 0 0 0 0 0 0 0 0 0 0 0 0 0 0 0 0 0 0 0.2 0 0 0 0.4 0 0 0 0.4 0 0 0 0 0 0 0 0 0 0 0 0 0 0 0 0 0 0 0 0 0 0 0.8 0 2.4000000000000004 0 0 0 0.6000000000000001 0 2.8000000000000003 1.4000000000000001 0 0 0 0 0 0 0 0 0 0 0 0 0 0 3.6 0.2 0 0 0 0 0 0 0 0 0 0 0 0 
 0.2 0 0 0 0 0 0 0 0 0.2 0.2 0 0.6000000000000001 0.6000000000000001 0.4 0.2 0.2 0.2 0 0 17 0 17.6 30.200000000000003 7.6000000000000005 4.4 115.80000000000001 52.400000000000006 29.400000000000002 10.8 20 31.6 87.4 37.800000000000004 47.2 54.2 55.6 7.2 38.400000000000006 27.6 0.6000000000000001 0 0 0.2 0 0 0 1.4000000000000001 0.4 0 0 0 0 0.4 0.4 0.4 0 0.4 0.4 0 0 0 0.4 0 0 0 0 0.8 0.6000000000000001 0 0 0 0.6000000000000001 0 0 0 1.8 0.6000000000000001 0 0 0 0 0 0 2.4000000000000004 0 0 0.2 0 0 0 2.4000000000000004 0 0 0 0 0 0 0 0 2.2 4.800000000000001 5.6000000000000005 1 2 10 2.2 2 2.8000000000000003 6.6000000000000005 7 5.800000000000001 2.2 1.4000000000000001 1.2000000000000002 3.2 0 5.4 0 0 0 0 0 0 0 0 0 0 0 0 0 0 0.2 0 0 0 0 0 2 0 0.2 0 0 0 0 0 0 0 0.6000000000000001 0 0 0 0 0 0 0 1.6 0 0 1.2000000000000002 0.4 0 0 0 0 0.4 0 0.4 0 0.4 0 0 0 0 0 0 0 0 0 0 5 6.800000000000001 0 2.4000000000000004 0.2 3.4000000000000004 3.8000000000000003 15.4 1.6 3 2.8000000000000003 4 6.2 4.4 4 5.2 5.800000000000001 6.2 0 0.2 0 0 0 0 0 0 0 0 0 0 0 0 3 1.8 0 0 0 0 8.4 2 0 0 0 0 0 0 0 0 0 0 0.2 0 0 0 0 0 0 0.2 0 0 0 0 0 0 0 0.4 0 0 0 0 0 0 0 0 0.8 0 0.8 25.8 15.600000000000001 0 0.4 0.6000000000000001 0 0 0 0 0 0 0 0 0 0 0 0 0 0 0 0 0 0 0 0 0 0 0 0 0 0 0 0 
 0 1 0 0.2 0 3.8000000000000003 0 0 0 0 0 0 0 0 0.4 1 0 0.4 0 0 13.600000000000001 17.6 0 33.2 37.2 7 48 24.400000000000002 59.800000000000004 40.6 11.200000000000001 14 16.6 8.6 30.200000000000003 27.8 35.2 19.6 7.6000000000000005 8.4 0.6000000000000001 0 0 0.2 0 0 0 0.8 1.2000000000000002 0 0 0 0 0.6000000000000001 0.6000000000000001 0 0 0 1.4000000000000001 12.600000000000001 0 1.2000000000000002 10.600000000000001 1.2000000000000002 0 0 9.200000000000001 2 10.600000000000001 0 1.2000000000000002 0 1.8 0 0 0 0 0.4 0.8 0.6000000000000001 0 0 0 0 0 0 0 0 0 0 0 0 0 0 0 0 0 0 0 0 1.6 3.8000000000000003 11 2.8000000000000003 6.2 1.4000000000000001 0.4 0 0 4.6000000000000005 2 3.8000000000000003 0 3.6 5.2 6.800000000000001 1.4000000000000001 0.2 0 0.2 10.8 1.2000000000000002 0 0 0 0 0 0 3.4000000000000004 0.2 0 0 0 3.8000000000000003 0 0 0 0 0 4 0 0 0 0 0 0 0 0 0 0 0 0 0 0 0 0 0 0 0 0 0 0 0 0 0 0 0 2.4000000000000004 0.2 0.6000000000000001 0 0 0 0 0.4 0 0 0 0 0 0 2.6 16.400000000000002 6.4 0.6000000000000001 0 0 0 3.6 3.4000000000000004 7.800000000000001 3 1.8 2.2 0 0.2 2.4000000000000004 12.8 0 1.8 2.8000000000000003 0 0 0 0 0 0 2.8000000000000003 9.200000000000001 0 0 0 2 2.2 0 0 0 0 5.2 5 0 0 0.2 0 0 0 0 0 0 0 2.6 0 0 0 0 0 0 0 0 0 0 0 0 0 0 0 0 0 0 0 0 0 0 0 1.6 0 0 7.6000000000000005 15.200000000000001 0 0 0.4 0 0 0 0 0 0 0 0 0 0 0 0 0 0 0 0 0 2 0 1.2000000000000002 0 0 0 2.2 1.6 0 0 0 
 0 0.6000000000000001 0 0 0 0 0 0 0 0 0.2 0.2 0 0.2 0 0.4 0 0 0 0 10.600000000000001 30.200000000000003 33.2 0 19 127 19.8 9.600000000000001 76 81.4 62.400000000000006 27.200000000000003 17.8 63 29.200000000000003 39.6 43.2 35.6 61.400000000000006 11.4 0.6000000000000001 0 0 0.2 0 0 0 0.2 0.4 0 12.4 0.6000000000000001 0.2 0.4 0.4 0 0 0 5.800000000000001 41.800000000000004 0 0 0.4 0 0 0 0 0.4 0.6000000000000001 0 0 0.2 0.8 0 0 0 1 1 0.2 0 0 0 0 0 0 0 0 0 0 0 0 0 0 0 0 0 2.6 0 0 0 0 1.4000000000000001 3 0 0.2 9 0 0 0 5.800000000000001 4.800000000000001 6 0 0.4 0 8.200000000000001 2.4000000000000004 2.4000000000000004 0 0 0 3.8000000000000003 0 0 0 0 0 0 0.2 0 0 0 2.4000000000000004 0 0 0 0 0 2.4000000000000004 16.6 0 0 0 0 0 0 0 0 0 0 0 0 0.4 0 0 0 0 0 0 0 0 3 0 0 0 0 0 0 0 0 0 0 0 0 2 0 0 0 0 0 0 0 7 4.800000000000001 2.6 3.2 0 0 3.4000000000000004 1.8 5 2.4000000000000004 0 0 0 2.8000000000000003 2.2 6.800000000000001 0 0 0 0 0 0 0 0 4.6000000000000005 0 0 1.6 0 0 3.2 2.2 0 0 0 3 5.800000000000001 5.800000000000001 0 0 0 0 0 0 0 0 0 0 0 0 0 0 0 0 0 0 0 0 0 0 0 0 0 0 0 0 0 0 0 0 0 0 0.6000000000000001 0 0.2 0.2 0.6000000000000001 0 0.4 0 0 0 0 0 1 0 0 0 0 0 0 0 0 0 0 3.4000000000000004 0 0 0 3.6 0 0 0 0 0 0 0 0 
 0 0 0 0.2 0 0.6000000000000001 0.2 0 0 0 0 0 0 0.6000000000000001 0.2 1.2000000000000002 15.600000000000001 0 0 0 21.200000000000003 7.6000000000000005 37.2 19 0 40.400000000000006 12 25.200000000000003 60 49.400000000000006 46.400000000000006 73 57.800000000000004 17.2 14.8 82.80000000000001 73.4 59.6 14.200000000000001 14.200000000000001 0.6000000000000001 0 0 0 0 0 0 25.6 0.4 0 0 0 16.8 0.6000000000000001 15.200000000000001 0 0 0 0.4 30.400000000000002 0 0 0.4 0 0 0 0.2 0.2 0.2 0 0 0 1.6 0 0 0 0 0.4 0 0 0 0 0 0 0 0 0 4.800000000000001 0 0 0 0 0 0 0 0 0 0 0 0 0 2 2.4000000000000004 9.4 17.6 3.8000000000000003 0 0 0.6000000000000001 1.8 6.2 5.4 0 0 0.2 1.6 5.6000000000000005 0 0 0 4.2 1.2000000000000002 0 3.6 0 0 0 3.4000000000000004 4.800000000000001 0 6.4 0 2.4000000000000004 2.4000000000000004 0 0 3.6 0 6.2 0 0 0 0 0 0 0 0 0 0 0 1 0 0 0 0 0 0 0 0 0 0 0 0 0 0 0.2 0 0 0 0 0 0 1.4000000000000001 0 0 0 0 0 0 0 0 3.4000000000000004 1.8 2.4000000000000004 8.4 0.6000000000000001 0 0 0 10.200000000000001 3 10.8 0 0 0.6000000000000001 0 3 4 0 0 5.4 0 1.8 0 0 0 0 1.8 1.6 3.4000000000000004 0 0 1.2000000000000002 2.6 5 0 0 0 1.6 0.6000000000000001 0 0 0 0 0 0 0 0 0 1.8 0 0 0 0 0 0 0 0 0 0 0 0 4.4 0 0 0 0.2 0 0 0 0 0 0 0 2.4000000000000004 0.2 1.6 15.200000000000001 0 1 0.2 0 0 0 0 0 0 0 0 0 0 0 0 0 0 0 0 0 0 2.6 0 1.8 0 0 0 2.4000000000000004 0 0 0 2.6 
 0.4 0 0 0 0 0 0.4 0 0 0 0 0 0 0.8 0.2 0.8 0.6000000000000001 0 1 0 50.800000000000004 4.4 7 127 40.400000000000006 0 8.8 5.800000000000001 7.800000000000001 55.6 35.4 112 7.2 13.4 8.8 31.6 11.200000000000001 25.6 12.8 11 12.600000000000001 12.4 0.2 0 0 0 0 33.4 1 2.2 0 0.2 31.200000000000003 0.6000000000000001 13 0.6000000000000001 0 0.2 2.2 42.800000000000004 0 0 0.4 0.4 0 0 0.2 0.8 0.2 0 0 0 1 0 0 0 0 1 9.600000000000001 1 0 0 0 0 0 0 0 0 0 0 0.8 0 0 0 0 0 0 0 1.8 0 0 0 0 0 2 2.6 0 0 0 0 2.4000000000000004 0 0 0 0 0.2 0 0 0 0 0 5.800000000000001 0 2.6 0 0 4.4 8.8 0 2.4000000000000004 3.8000000000000003 0 0 0 3 6.2 3.2 0 3.8000000000000003 2.4000000000000004 0 0 0 0 0 2.2 0 0 0 0 0 0 0 0 0 0 0 0 0 0 0 0 0 0 0 0.2 0 0 0 0 0 0 0 0 0 0 0 0 0 0 0 0 3.6 0 4.2 0.4 0 0 0 0 0 5.6000000000000005 0 0 0 0 0 0 0 0 0 3.8000000000000003 0 0.2 0 0 1.4000000000000001 0.8 4.2 3 1.8 0.4 5.6000000000000005 0 4.800000000000001 0 0 0.2 2 2.6 0 0 0 0 0 0 0 0 0 0 0 0 0 0 0 0 0 0 3.8000000000000003 0 0 0 0 0 0 0 0 0 0 0 0 0 0 0 0.8 0.4 0.2 0 1.2000000000000002 0 0 0.8 0 0 0 0 0 0 0 0 6 0 0 0 0 0 0 0 0 0 0 0 0 0 0 0 0 0 0 0 
 1 1.8 0.6000000000000001 1.2000000000000002 15.4 15.4 0.6000000000000001 1 1.8 1.2000000000000002 0.6000000000000001 16.6 0.6000000000000001 0.6000000000000001 1 1 0.6000000000000001 0.6000000000000001 1 1 124 115.80000000000001 48 19.8 12 8.8 0 21.8 26.400000000000002 4.800000000000001 3.2 15.600000000000001 73.8 41 27.6 17.400000000000002 32.6 6.4 42.800000000000004 40.6 0.6000000000000001 0 0 0.4 0 0 0 0 0.4 0 0.2 0 0 0.6000000000000001 0.6000000000000001 0 0 0 0 0 0 0 0.4 0 0 0 0.4 0.2 0 0 0 0 0.6000000000000001 0 0 0 0 0.6000000000000001 0 0 0 0 0 0.2 2.8000000000000003 0 0 0 0 0 2 2.2 0 0 0 0 0 0 0 0 7.6000000000000005 0 5 0 0 2 2 9.4 6 2.6 1.2000000000000002 0 2.2 10.200000000000001 4.2 3.6 0.4 6 2.6 2 0 0 0 0 0 0 0 0 0 0 0 0 0 0 0 0 0 0.2 0 0 0 0 0 0 0 0 0 0 0 0 0 0 3 0 0.4 0 1.4000000000000001 0 0 1.2000000000000002 0 0 0 0 0.2 6 0 0.8 0 0.2 0 0.4 0 0 0 0 0 0 0 0 5.2 7 1.8 0 0 4.2 0 1.8 1.6 1.8 3.2 0 2 7 1.8 7.6000000000000005 7.800000000000001 6.4 0 2.6 0 0 0 0 0 0 0 0 0 0 0 0 0.4 0 0 0 0 0 2 1.6 0 0 0 0 0 0 0 0 0 0 0 0 0 0 0 0 0.4 0 0 0 0 0 0 0 0 0.4 0 0 4 0.2 0 0 0.2 0 1.8 0 0.4 0 9.600000000000001 0 0.4 3.6 0.2 0 0 0 0 0 0 0 0 0 0 0 0 0 6 0.2 0 0 0 0 0 0 0 0 0 0 0 0 
 0 0 0 0 0.8 0 0 0.4 0 0 0 0.6000000000000001 0 0 0.4 0.2 0 0 0.2 0 51.400000000000006 52.400000000000006 24.400000000000002 9.600000000000001 25.200000000000003 5.800000000000001 21.8 0 39.6 25.8 6.4 7.2 68.4 66.2 104 8.4 38.2 11 70.4 23 0.6000000000000001 0 0.8 0.2 0 0 0 0.6000000000000001 0.4 0 0.2 0 0 0.6000000000000001 0.8 0 0 0 0.2 0.2 0 0 0.4 0 0 0 0.2 0.2 0.2 0 0 0 0.6000000000000001 0 0 0 0.4 0.4 0 0 0 0 0 0 2.2 0.4 0 0 0 0 2.6 0 0 0 0 0 0 0 0 0 3.8000000000000003 5.4 11 0 0 0 5 6 7.2 5.800000000000001 0.4 0 2.8000000000000003 2.2 8 10.600000000000001 3.6 2.2 0 0 0 0 0 0 0 0 0 0 0 0 0 0 0 0 0 0 3.8000000000000003 0 0.2 0 0 0 0 0.2 0 0 0 0 1 0 0 0 0 0 0.4 0 1.6 7.6000000000000005 0.2 0.2 1.8 0 0 0 0 0 0 0 1 0.2 0 0 0 0.4 0 1 0 0 0 0 2.4000000000000004 0.4 2.2 2.8000000000000003 3 1.8 2.4000000000000004 3.2 2 0 0 0.2 2 0 1.8 0 3 4.4 0 17.400000000000002 0 0 0 0 0 0 0 0 0 0 0 0 2 1.8 0 0 0 0 3.6 0 0 0 0 0 0 0 0 0 0 0 0 0 0 0 0 0 0.2 0 0 0 0 0 0 0 0 0 0 0 0 0 0 0 0 0 1.4000000000000001 0.4 0.4 15.200000000000001 16.400000000000002 0 1.4000000000000001 1.4000000000000001 0 0 0 0 0 0 0 0 0 0 0 0 0 0 0 1.2000000000000002 0 2 0 0 0 0 0 2.2 0 0 0 0 
 0 0.6000000000000001 0 0 0.4 5.4 0 0.4 0 0 0 0 0.8 0 15.600000000000001 0 0 0.2 0 0 109.4 29.400000000000002 59.800000000000004 76 60 7.800000000000001 26.400000000000002 39.6 0 13 20.6 24.200000000000003 39 36.800000000000004 44.800000000000004 45.800000000000004 130.6 67.8 19 12.200000000000001 0.6000000000000001 0.4 0 0.2 0 0 0 0 0.4 0 0 0 0 0.6000000000000001 0.6000000000000001 0 0 0 0.4 0 0 0 0.4 0 0 0 0.4 4 0 0 0 0 0.6000000000000001 0 0 0 0 0.4 0 0 0 0 0 0 0 0 0 0 0 0 6.2 0 0 0 0 0 0 0 0 0 3.4000000000000004 2 4.4 3.6 4.800000000000001 1.8 3 0 0 7.4 2.4000000000000004 11.200000000000001 0 5 5 0 2.2 2.8000000000000003 0 0 1.6 0.2 0 1 0 0 0 0 0 0 0 0 3.8000000000000003 4.800000000000001 0 0 0 0 0 0 0 0 0 0 0 0 0 0 2.4000000000000004 0 0 0 0 0 0 0 1 0 0 2.6 0 0 0 0 0 0 0 0 0 0 0 0 0 0 0 0 0 0 0.4 0 1 4.800000000000001 0 8.4 2 5 0 2.6 6.6000000000000005 10.600000000000001 0.8 1.4000000000000001 0 0 3.4000000000000004 2.8000000000000003 16.6 1.4000000000000001 0 4.6000000000000005 3 0 0 0 0 0 2.2 8.4 0 0 0 0 4.6000000000000005 0 0 0 0 0 6.4 2.8000000000000003 0 0 0 0 0 0 0 0 0 0 0 0 0 0 0 0 0 0 0 0 0 0 1.8 0 0 0 0 0 0 0 0 0 0 0 1.6 0 0.6000000000000001 0.2 0.2 0 0.4 2.2 0 0 0 0 0 0 0 0 0 0 0 0 0 0 0 2 0 0 0 1.8 0 0 0.4 0 1.8 0 0 0 
 0 0.6000000000000001 0 0 0 0 0 0.2 0 0 0 0.4 0 0.4 0.4 0.2 0 0 0 0 15.8 10.8 40.6 81.4 49.400000000000006 55.6 4.800000000000001 25.8 13 0 61.2 7.800000000000001 13.600000000000001 26.400000000000002 66.8 34 13.8 38 116 14.200000000000001 0.6000000000000001 5 0 0 0 0 0 12.4 0.8 0 0 0 18.400000000000002 0.8 1.4000000000000001 0 0 0.4 2 25 0 0 0.4 0.4 0 0 0.4 0 0 0 0.4 0 1 0 0 0 0 1 0 0 0 0 0 0 0 0 0 0 0 0 0 0 0 0 0 0 0 0 0 0 4.2 6.4 2.8000000000000003 3.6 8.6 2.6 0 2.2 4 0.4 2.4000000000000004 1.8 0 0 1.6 4 5.4 0 0 0 4 5.800000000000001 0 0 0 0 0 2.2 2.4000000000000004 0 2 0 0 6.6000000000000005 5.6000000000000005 0 0 0.2 0.8 2.2 0 0 0 0 0 0 0 0 0 0 0 0 0 0 0 0 0 0 0 0 0 0 0 0 0 0 0 0 0.2 0 0 0.2 0 0 0 0.4 0 0 0 0 0 4 6.6000000000000005 1.8 2 0 0 0 0 2.8000000000000003 6.2 5.4 0 0 0 0.2 3.6 8.8 0 3.6 0.2 0 0 0 0 0 0 4 1.6 2.2 0.2 4 2 1.8 2.2 0 0 0 7.2 5 0 0 0 0 0 0 0 0 0 0 0 0 0.2 0 0 0 0.2 0 0 0 0 0 0 0 0 0 0 0 0 0 0 0 0 0 3.2 0.8 0.2 4.4 0.2 0 0.2 0.2 0 0 0 0 0 0 0 0 0 0 0 0 0 0 0 0 0 2.4000000000000004 0 1.8 0 0 0 0.6000000000000001 0 0 0 0 
 0.4 0 0 0 0 0 0 0.4 0 0 0 0 0 0 0.2 0.4 0 0 0 0 7.6000000000000005 20 11.200000000000001 62.400000000000006 46.400000000000006 35.4 3.2 6.4 20.6 61.2 0 14.8 9.8 25 26.200000000000003 24.400000000000002 51.6 59.800000000000004 50 15.4 0.6000000000000001 0 0 0.2 0 0 0 18.400000000000002 0.4 0 0 0 0.8 0.4 13.200000000000001 0 0 0 0.4 6.2 0 0 0.4 0 0 0 0 0.4 0.6000000000000001 0 0 0 0.8 0 0 0 12.200000000000001 0.4 0 0 0 0 0 0 0 0 0.2 0.2 0 0 0 0 0 0 0 0 0 0 0 0.6000000000000001 1.6 3.8000000000000003 2.2 11.200000000000001 8.4 5.2 0 0 0.8 2.2 8.6 7.2 0.4 0 0.2 3.4000000000000004 2.2 0 0 0 0 13.8 0 3.8000000000000003 0 0 4.6000000000000005 3.6 0 0 0 0 2.2 4.2 0 0 1 0 5.2 0 0 0 0 0 0 0 0 0 0 0 0.8 0 0 0 0 0 0 0 0.6000000000000001 0 0.4 0 0 0 0 0.2 0 0 0 0 0 0 1 0 0 0 0 0 0 0 0 8.200000000000001 0 4.2 5.2 0.2 3 1.2000000000000002 0 5 2.8000000000000003 4.800000000000001 2.8000000000000003 0 1.2000000000000002 2 4.6000000000000005 0 0 0 8.200000000000001 0 2.8000000000000003 0 0 0 0 3.6 0.2 0 0 0.4 2 3.8000000000000003 0 0 0 0 2.2 0 0 0 0 0 0 0 0 0 0 0 0 0 0 0 0 0 0 0.2 0 0 0 0 4.4 0 0 0.4 0 0 0 0 0 0 0 0 0 0.4 0.8 1 0.8 0.2 0.8 0.8 0 0 0 0 1.2000000000000002 0 0 0 0 0 0 0 0 0 0 0 0 0 0 0.6000000000000001 0 0 0 0 0 0 0 0 
 0 0 0 41.400000000000006 0.2 1.2000000000000002 0.4 0.4 0 0 0 0 0 0.4 0 0.4 0 0 0.6000000000000001 0 91.60000000000001 31.6 14 27.200000000000003 73 112 15.600000000000001 7.2 24.200000000000003 7.800000000000001 14.8 0 52.800000000000004 26.400000000000002 66.2 64 49 58.800000000000004 5.800000000000001 5.800000000000001 0.6000000000000001 0 0.2 1.4000000000000001 0 0 0 0 0.8 0 0.4 0 0 0.6000000000000001 0.8 0 0.4 0.2 1 0 0 0 0.4 0 0 0.2 0.4 0 0 0 0 0 0.6000000000000001 0 0 0 4.6000000000000005 0.4 10 0 0 0 0 0 0 0 0 0 0 0 0 0 0 0 0 0 0 0 0 0 1.8 8.4 2.4000000000000004 5.6000000000000005 6 8.8 0 0 2.8000000000000003 6.800000000000001 2.8000000000000003 6.4 0 0 0 3.2 1.2000000000000002 2 0 0 4.800000000000001 0.2 0 1.4000000000000001 0 0 0 0 4 0 0 0 0 0 0 0 0 0.2 0.2 0 0 0 0 0 0 0 0 0 0 0 0.4 0 0 1.6 0 0 0 0 0 0 0 0 0 0 0 0 0 0 0 0 0 0 0 0 0 0 0 0 2.4000000000000004 0 0 1 2.8000000000000003 4.6000000000000005 0 4 2.6 1.6 0 4.2 14.8 5 2.6 0 0 4.6000000000000005 1.4000000000000001 7.4 0 0 0.8 0 0.2 0 1.6 0 2.6 4 3.6 0 1.4000000000000001 0 4.4 5.4 0 0 0 0 5.6000000000000005 4.2 0 0 0 0 0 0 0 0 0 0 0 0 0 0 0 0 0 0 0 0 0 0 0 0 0 0 0 0 0.4 0 0 0 0 0 1 0 0.2 17.8 0.2 0.4 0.4 0 0 0 0 0.4 0 0 0 0 9.8 0 0 0 0 0 0 0 0 0 0 2.2 0 0 0 0 0 0 0 0 
 0 0.2 0 14.4 29.8 14.8 0 0.8 15.4 0 0 11.8 0.4 0 0 0.2 15.200000000000001 4 0 0 34.4 87.4 16.6 17.8 57.800000000000004 7.2 73.8 68.4 39 13.600000000000001 9.8 52.800000000000004 0 17.400000000000002 22.8 83.80000000000001 15.4 5.6000000000000005 69.8 54 0.6000000000000001 0 0 0 0 0 0 12.600000000000001 0.4 0 0.2 0 0 0.4 0.4 0 0 0 0.4 0 0 0 0.4 0 0 10.600000000000001 0 0.2 0.4 0 0 0 0.6000000000000001 0 0 0 0 0.8 0 0 0.2 0 0 0 6.2 1.8 0 0 1.2000000000000002 0 2 0 0 0 0 0.4 0.4 0 0 0 3.6 1.4000000000000001 7.6000000000000005 0 0 5 2.6 2.2 2.8000000000000003 2.6 0 2.2 0 3.4000000000000004 2.2 0 0 2.2 4 12.4 0 0 0 0 0 0 0.4 0 0 0 0 0 0 0 0 0 0 0 0 0 0 0 0 0 0 0 0.4 0 0 0 0 0 0 0 0 0 0 0 0 0 0 0 0 0 4.4 3 2.6 0 0 2.4000000000000004 2.6 2.4000000000000004 0 0 0 0 0 0 0 0 2.4000000000000004 1.8 2 1.8 0 2.8000000000000003 0 13.8 14.200000000000001 1.6 0 0 2.4000000000000004 8.6 0 2.2 3.8000000000000003 0 9 2.6 0 0 0 0.2 0 0 2.2 0 0 0 0 0 2 0 0 0 0 0 1.8 2.4000000000000004 0 0 0 0 0 0 0 0 0 0 0 0 0 0 0 0 0 0 0 0 0 0 0 0 0 0 0 0 16.6 0 0 0 0 0.4 0 0 0.4 0 0.8 0.4 15.200000000000001 0 0 0 0 0 0 0 0 0 0 0 0 0 0 0 1.6 0 0 0 0 0 0 0 0 0 0 0 0 0 
