 0 73.2 62.2 10.4 11.8 4.6000000000000005 98 159.8 14 7.4 93.2 26.200000000000003 66 52.6 116 14.600000000000001 45 6.6000000000000005 28.200000000000003 41.2 0 0 0 15 0.4 0.4 0.6000000000000001 0 0 0.4 15 0 0.4 0 0 0 0 0.2 0 0 13.200000000000001 0.4 0 0 0 0.6000000000000001 0 0 0 0 0 0 0 0 0 0 0 0 0 0.6000000000000001 0 0 0 0.6000000000000001 0.6000000000000001 0 0 0 0 0 0 0 0 0 1 1.2000000000000002 0 0 0 0.6000000000000001 7.6000000000000005 6.800000000000001 2.6 6.800000000000001 2 3.6 3.6 13 1.8 0 8.8 0 4.6000000000000005 8.4 9.4 10.600000000000001 3.2 0.2 3 1.2000000000000002 0.4 0 0 0 0 0 3.6 0 0 0 0 0 0 0 0 0 0 0 4.6000000000000005 2 0 0 0 0 0 0 0 0 0 0 0 0 0 0 0 0 0 0 0 0 0 0 3.2 0 3.2 0 0 0 0 0 0 0 0 0 0 0 0 0.4 0 0 0 9.4 0.4 4.6000000000000005 0 0 7.2 2.2 0.2 3 1.4000000000000001 0 0.4 6 0.4 7 0 2.6 0 4.6000000000000005 0 0 0 0 0 0 0.2 0 0 0 0 0 0 0 0 0.2 0 0 0 0 2 0 0 0 0 0 0 0 0 0 0 0 0 0 0 0 0 0 0 0 0 0 0 0 0 0 0 0 0 0 0 0 0 0 0 0 0 0 0 0.2 0 3 0 0 0 0.6000000000000001 0.2 0 0.8 0.4 0 4 0 0.2 0 0 0 0 0 0 0 0 0 0 0 0 0 0 0 0 0.6000000000000001 0 0 0 0 3.8000000000000003 0.6000000000000001 0 0 0 0 0 0 0 0 0 0 0 0 0 
 73.2 0 10.8 30.6 21.400000000000002 47.800000000000004 46.800000000000004 36.4 54.2 25 51.2 5.2 9.600000000000001 11.200000000000001 79.80000000000001 8.200000000000001 46.800000000000004 18.2 11 19 0 0 0 0 0.4 0.6000000000000001 0.6000000000000001 0 0.2 0.4 0 0 0 0 0 0 0 0.4 0 0 0 0.4 0.4 0 0 0.6000000000000001 0 0 0 0 0 0 0 0 0 0 0 0 0 0.6000000000000001 11.600000000000001 0 0 0.6000000000000001 0.6000000000000001 0 0 0 0 0.4 0 0 0 0 0 3.6 0 0 0 8.4 0 7.800000000000001 0.2 10.600000000000001 2 7.800000000000001 3.8000000000000003 0.2 2.8000000000000003 0 2.4000000000000004 0 3.8000000000000003 4.800000000000001 5.6000000000000005 2.8000000000000003 3.2 5.6000000000000005 0 5.4 0 0 0 0 0.4 0 6 0 0 0 0 0 3.8000000000000003 1.6 0 0 0 0 5.800000000000001 0.6000000000000001 0 0 0 0 0 0 0 0 0 0 0 0 0 0 0 0 0 0 0 0 0 0 0.2 0 1.8 0 0 0 0 0 0 0 0 0 0.4 0 0 0 0 0 4.6000000000000005 7 4.2 0 2.8000000000000003 0 6 5.6000000000000005 2.4000000000000004 0.8 3.2 3.2 0 7.4 0 2.2 0 0 2.4000000000000004 0 0 0 0 0 0 0 2 0 0.4 0 0 0 0 1.8 0 3.8000000000000003 0 0 3.8000000000000003 2.2 0 0 0 0 0 0 0 0 0 0 0 0 0 0 0 0 0 0 0 0 0 0 0 0 0 0 0 0 0 0 0 0 0 0 0 0 0 0 0 3.8000000000000003 0 0 0 0 0 0.4 0.2 0 0.4 0 0 3.2 0 0 0 0 0 0 0 0 0 0 0 0 0 0 0 0 0 0 0 0 0 0 0 5.4 0 0 0 0 0 0 0 0 0 0 0 0 0 0 
 62.2 10.8 0 18.2 55.800000000000004 36.4 12 13.200000000000001 49.800000000000004 47.800000000000004 49.2 25 12.600000000000001 21.400000000000002 8.6 97.80000000000001 76.4 42.400000000000006 6 8.8 15.600000000000001 0 0 0 0.4 17.8 2.8000000000000003 0 0 0.8 0 0 16.8 14.4 0 0 0 0.2 0 8.4 0 0.4 0.2 0 0 0.6000000000000001 0 0 0 0 0 0 0.4 0 0 0 0 0 0 0.6000000000000001 0 0.6000000000000001 0 0.6000000000000001 0.6000000000000001 0 0 0 0 0 0 0 0 0 0 0.6000000000000001 0 0 2.2 0.6000000000000001 0 3.2 2.8000000000000003 2.6 4 2 0 0.6000000000000001 9.600000000000001 5.4 5 3.8000000000000003 0 0 1 2.4000000000000004 2.2 8.6 0 0 0 0 0 0 0 0 3.8000000000000003 2.8000000000000003 0.2 0 0 0 10.4 2.8000000000000003 5 0 0.2 0 0 2.8000000000000003 0 0.4 0 0 0 0 0 0 0 0 0 0 0 0 0 0 0 0 0 0 0 0 0 0 0 0 0 0 0 0 0 0 0 0 0 0 0 0 0 0 0 4.4 3.4000000000000004 3.8000000000000003 5 2.4000000000000004 0 0 1.2000000000000002 1.8 2.6 4.800000000000001 0 0 0 0 6 2.8000000000000003 0 0 0 0 0 0 0 0 3.6 1.4000000000000001 0 0 0 0 1.8 2.8000000000000003 0 0 0 0 2 4 0 0 0 0 0 0 0 0 0 0 0 0 0 0 0.4 0.2 0 0 0 0 0 0 0 0.4 0 0 0 0.2 0 0 0 0 0 0 0 0 0 0 0 0 0 0 0 0 0 0.4 0 0 0.2 0.2 0 1.6 3.4000000000000004 0 0 0 0 0 0 0 0 0 0 0 0 0 0 0 0 0 0 0 0 0 0 0 5 2 0 0 0 0 0 0 0 0 0 0 0 0 
 10.4 30.6 18.2 0 19.400000000000002 9.4 16.400000000000002 10.600000000000001 58 37.800000000000004 55 26 14.200000000000001 62 27.200000000000003 7.4 13.200000000000001 31 17.6 117.80000000000001 0 0 0 0 0.4 0.6000000000000001 0.8 0 0 0.4 0 1 15.200000000000001 20.400000000000002 5.4 0.2 0 0 0 0 0 0.4 0 0 0 0.8 14.8 0 0 0 0 0 0 0 0 0 0 1.6 0 0.6000000000000001 0 0 0 0.6000000000000001 0.4 0.2 0.2 4.2 1 0 0 0 0 0 0 0.6000000000000001 0 0 0 0.6000000000000001 0 4.2 0 3.6 2.4000000000000004 0 1.8 0 0 0.2 0 7.6000000000000005 0 0 0 0 0 3.2 0 0 0.2 0 0 0 0 0 3.6 3 0 0 0.2 0 0 3.6 0 0 0 0 7.800000000000001 0 0 0 0 0 0 0 0 0 0 0 0 0 0.4 0 0 0 0 0 0 0 0 0 0.4 0 0 0 0 0.2 0 0 0 0 0 0 0 0 0 0 0 0 3.2 6.2 2.4000000000000004 4.6000000000000005 0.2 2.6 1.8 2.8000000000000003 0.4 2 0 4.6000000000000005 0 4.800000000000001 0 2.8000000000000003 0 0.2 0 0 2.4000000000000004 0 6.4 0.2 0 0 0 0 0 0 0 0 0.2 2.8000000000000003 0 0 0 0 2.2 3.2 0 0 0 0 0 0 0 0 0 8.200000000000001 0 0 0 0 2.2 0 0 0 0 0 0 0 0 0 1.4000000000000001 0 0 0 0 0 0 0 0 0 0 0 0 0 0 0 0 0 0 0 0 0.4 0.2 0.4 0.4 20.400000000000002 2 1.4000000000000001 0 0 0 0 0 0 0 0 0 0 0 0 0 0 0 0 0 0 0 0 0 0 0 2.6 2 0 0 0 0 0 0 0 0 0 0 0 0 0 
 11.8 21.400000000000002 55.800000000000004 19.400000000000002 0 40.6 47.800000000000004 53.800000000000004 49 41 19 26.8 14 75.8 22 33.4 81.80000000000001 68.8 56.800000000000004 20.200000000000003 16.2 0 15.600000000000001 0 0.4 0.8 19.400000000000002 14.600000000000001 0.2 15.600000000000001 0 0 50.2 19.8 1.8 0 0 0.4 0.2 33.800000000000004 0 0.4 0.4 0.6000000000000001 0 0.6000000000000001 0 0 0 0 0 0 0 0 0 0 0 0 0 0.6000000000000001 0 0 0 0.6000000000000001 0.6000000000000001 0 0.6000000000000001 0 0 0 0 0.6000000000000001 0.2 0.4 0 0.6000000000000001 0 6 2.2 0.4 0 2.2 0 0 5.4 2 0 2.6 6 2.4000000000000004 0 11.8 0 0 0.8 0.2 0.2 0 0 0 4.4 3.4000000000000004 7 0 0 0 5.6000000000000005 0 2.2 0 1.6 0 7 0.4 6.6000000000000005 0 3 2.4000000000000004 0 6.4 0 0 0 0 0 0 0 0 1.4000000000000001 0.2 0 0 0 0 0 0 0 0.2 0 0 0 0 0 0.4 0 0 0 0 0.2 0 0.4 0 0 0 0 0 0.2 0 0 0 0 3.6 1.6 2.2 3 4 0 0 0.2 7 0 5.4 0 0 0 0.4 7.800000000000001 1.8 0 0 4.800000000000001 0 5 0 0 0 12.4 0.2 0 3.2 0 0 4.2 0 3 0 3 0.2 3.4000000000000004 2.4000000000000004 0 0 0 0 0 0 0.4 0 0 0 0 0 0 0 0 0 0 0 0 0 0.2 0 0 0 0 0 0 0 0 0 0 0 0 0 0 0 0 0 0 0 0 0 0 0 0 0.4 18.2 0.4 1.2000000000000002 0.2 0 3.2 1.6 0 0 0 0 0 0 0 0 0 0 0 0 0 0 0 0 0 0 0 0 0 0 0 3.4000000000000004 0 0 0 0 0 0 0 0 0 0 0 0 0 
 4.6000000000000005 47.800000000000004 36.4 9.4 40.6 0 7.800000000000001 6.800000000000001 9.600000000000001 30.8 110.4 51.2 5.4 27.8 96 14.8 20 28.400000000000002 47.800000000000004 53.6 0.2 2.8000000000000003 30 0 0.4 18 17.8 29.400000000000002 15.4 4 0 0 34.6 37.800000000000004 7 8.200000000000001 0.2 15.4 15 12.600000000000001 0 0.6000000000000001 0 0.6000000000000001 0.4 0.6000000000000001 0 0 0.4 0.6000000000000001 0 12.4 0 0 0 0 0 0 0.4 0.6000000000000001 0 0 0 0.6000000000000001 1.2000000000000002 0 0.6000000000000001 0 0 0 0 0 0 0.4 0.4 0.8 0 0 1 6.6000000000000005 0 0 3.2 0 6 3 0 0 2 1.4000000000000001 0 4.4 0 0 0 0 0 0 0 0 4.2 3.4000000000000004 2 0 0 0 10.8 4.2 2 0.2 1.8 0 2.6 5.2 1 1.8 16.2 2 0 5 0 0 0 0 0.6000000000000001 0 0 0 0 0 0 0 0 0 0 0 0 0 0.6000000000000001 0 0 0 0 0 0 0 0 0 0.2 0 0 0 0 0 0.4 0 0 0 0 0 0 3 0 4.2 0 0 0 0 0 3.2 0 1.4000000000000001 0 0 0 0 3.4000000000000004 6.2 0 0 10.200000000000001 2.8000000000000003 3.8000000000000003 0 0 0 13.200000000000001 0.2 0.2 0 0 0 5.4 2.4000000000000004 3.4000000000000004 2.2 3.6 3.8000000000000003 5.6000000000000005 2.2 0 0 0 0 1.6 0 0 0 0.4 0 0 0 0 0 0 0 0 0.2 0.4 0 0 0 0 0 0 0 0 0 0 0 0 0 0 0 0 0.4 0 0 0 0 0 0 0 0 0 1.2000000000000002 20.400000000000002 0 0.4 0.2 0 1 0 0 0 0 0 0 0 0 16.400000000000002 0 0 0 0 0 0 0 0 0 0 0 0 0 0 0 1.8 0 0 0 0 0 0 0 0 3 0 0 0 0 
 98 46.800000000000004 12 16.400000000000002 47.800000000000004 7.800000000000001 0 47.800000000000004 10.600000000000001 6 10.200000000000001 6 37.2 11.600000000000001 95.4 27.400000000000002 48.2 8.8 27 42 0.6000000000000001 0 0 0 0.4 0.8 0.6000000000000001 0 0 0.4 0 0 0 0.2 0 0 0 0.4 0 0.4 0 0.4 0 0 0 13.200000000000001 0 0 0 0 0 0 0 0 0 0 0 0 0 0.6000000000000001 0 0 0 0.8 0.8 0 0 0.6000000000000001 0 0 0 0.2 0 0 0 0.6000000000000001 0 0 0 0.6000000000000001 3.6 5.4 3 8.6 2.2 6.2 8.4 5 1.6 0 2 0 0 9.600000000000001 2.6 9 0.2 3.2 9.200000000000001 0.2 2.6 0 0 0 0 0 0 0 0 0 0 0 3 0 0 0 0 0 0 0 0 0 0.8 0 0 0 0 0 0 0 0 0 0 0 0 0 0 0 0.2 0 0 0 2 0 1.2000000000000002 0 0 0 0 0 0 0 0 0 0 0 0 0 0 0 2 2 0 0 0 0 12.8 3.4000000000000004 0 2.8000000000000003 0 0 2.6 4.800000000000001 2.6 0 0 0 2.4000000000000004 6.800000000000001 0 0 0 0 0 0 0 0 0 0 0 0 0 0 0 0 0 0 0 0 0 0 0 2.8000000000000003 0 0 0 0 0 0 0 0 0 0 3.6 3.8000000000000003 0 0 0 0 0 0 0 0 0 0 0 0 0 0 0 0 0 0 0 0 0 0 0 0 0 0 0 0 0 0 0 0 0.8 0 2 1.6 0 0 0 0 0 0 0 0 0 0 0 0 0 0 0 0 0 0 0 3.8000000000000003 0 0 0 0 0 0 0 0 0 0 0 0 0 0 0 0 0 0 
 159.8 36.4 13.200000000000001 10.600000000000001 53.800000000000004 6.800000000000001 47.800000000000004 0 13.4 27.8 4.6000000000000005 5 68 96.80000000000001 56 113.4 70.4 7.6000000000000005 43.400000000000006 49 0 0 0.4 0 0.4 0.4 0.6000000000000001 0 0 0.4 0 0 0 0 0 0 0 0.2 0 0.2 0 0.2 0.4 0 0 0.6000000000000001 0 0 0 0.2 0.4 0 0.4 0 0 0 0 0 0 0.6000000000000001 10.200000000000001 1 0 0.6000000000000001 0.6000000000000001 0 0 0 8.6 0 0 0 0 0 0 0.6000000000000001 0 0 0 0.6000000000000001 15 3.8000000000000003 4.6000000000000005 2.8000000000000003 0 5.800000000000001 1.8 8.200000000000001 4.2 0.4 5 0 0.2 5.4 1.4000000000000001 7.6000000000000005 3.6 0 2.4000000000000004 6.2 0 0.2 0 0 0 0 4 0 0 0.2 0 0 0 0 0 0 0 0 6 3.8000000000000003 0 0 0 0 0 0 0 0 0 0 0 0 0 0 0 0 0 0 0 0 0 0 0 0 0 0 0 0 0 0 0 0 0 0 0 0.2 0 0 0 0 4.800000000000001 0.8 0 4 0 0 4.4 3.6 0 3 0 0 2.2 0 8.6 4.6000000000000005 0.2 3 0 3.2 0 0 0 0 0 0 0 0 0.2 0 0 0 0 0 0 0 0 0 0 0 0 0 0 0 0 0 0 0 0 0 0 0.2 0 0 0 0 0 0 0 0 0 0 0 0 0 0 0 0 0 0 0 0.2 0 0 0 0.2 0 0 0 0 0 0 0 0 0.4 0.4 0.2 0 17.6 0 3.4000000000000004 1.4000000000000001 2.2 0 0 0 0 0 0 1.4000000000000001 0 0 0 0 0 0 0 0 0 0 0 0 0 0 0 0 0 0 0 0 0 0 0 0 0 0 0 0 0 0 
 14 54.2 49.800000000000004 58 49 9.600000000000001 10.600000000000001 13.4 0 63.400000000000006 25.400000000000002 53.2 20.6 63.400000000000006 71 14 54.800000000000004 25.400000000000002 39.2 55.800000000000004 0 0 0 0 0.4 0.8 12.600000000000001 0 0.2 0.4 0.2 0 12.200000000000001 15 0 0 0 0.6000000000000001 14.4 6.6000000000000005 0 0.4 0 0 0 0.6000000000000001 0 0 0 0 0 0 0.2 0 0 0 0 0 0 0.6000000000000001 0 6.2 0 11 0.6000000000000001 0 0 0 0 0 0 0 0 0 0 0.6000000000000001 0 0 0.4 0.6000000000000001 0 2 0.2 2.8000000000000003 5.800000000000001 3.2 0 4.2 5.2 0 2.8000000000000003 0 0 2.4000000000000004 6 2.2 7.4 4 0 2 0 0 0 0 0.4 0 6.2 3 0 0 0 0 0.4 4.800000000000001 0.2 0 0 0 4.6000000000000005 2.6 0.2 0 0 0 0 0 0 0 0 0 0 0 0 0 0 0 0 0 0 0 0 0 0.2 0 1.2000000000000002 0 0 0 0 0 0 0.4 0 0 0.4 0 0 0 0 0 3.2 1.8 5.4 3.8000000000000003 3.8000000000000003 0.4 3.4000000000000004 4.6000000000000005 0.4 2.2 0 4.800000000000001 0 3.8000000000000003 4 1.4000000000000001 4.4 2 0.6000000000000001 0 0 1.4000000000000001 0 0 0 0 6.4 0 0 0 0 0 0 1.8 0 0 0 0 5.2 2.2 0 0 1.4000000000000001 0 0 0 0 0 0 0 0 0 0 0 0 0 0 0 0 0 0 0 0 0 0 0 0 0 0 0 0.2 0 0 0 0 0 0 0 0 0 0 0 0 0 0 0 0 0 0.6000000000000001 0.6000000000000001 0 2 0 0 0 0 0 0 0 0 0 0 0 0 0 0 0 0 0 0 0 0 0 0 0 4.4 7.4 0 0 0 0 0 0 0 0 0 0 0 0 0 
 7.4 25 47.800000000000004 37.800000000000004 41 30.8 6 27.8 63.400000000000006 0 18.400000000000002 5.800000000000001 13.600000000000001 22.200000000000003 20.200000000000003 27.200000000000003 71 82.4 50 65 14.4 1 0 0 0.8 3.2 15.200000000000001 15.200000000000001 1 1 0 0.2 0 14.4 5.2 0 0 0.6000000000000001 0.4 17.8 0 1.6 0.2 0 1 1.2000000000000002 0 1.2000000000000002 0 0.8 0.6000000000000001 0 0.2 0 8 0.4 0 6.800000000000001 0.4 1.2000000000000002 0 0.6000000000000001 0.6000000000000001 1.6 0.6000000000000001 0 0 0.4 0 0.2 0 0 0 0 0 1.4000000000000001 0 0.6000000000000001 0.4 0.6000000000000001 0.2 2.6 0 0 7 2.2 0 2.2 2.8000000000000003 1.4000000000000001 1.4000000000000001 0 0 0 0 0 3.8000000000000003 2.8000000000000003 0 2.4000000000000004 0 0 0 0 0 0 6 2 0 0 0.4 0 5 5.800000000000001 4 0 0 0 4 0 0.2 0 0 0 0 0 0 0 0 0 0 0.4 0 0 0 0 0 0 0.4 0 0 0 0 0 0 0 0 0 0 0 0 0 0 0 0 0 0 0 0 0 3.8000000000000003 3.6 7.4 0.8 2 0 0 1.6 0 4.2 1.4000000000000001 11.200000000000001 0 8.200000000000001 6.6000000000000005 4.2 3.6 0.2 0 0 0 0 0.2 2 0 0 9.600000000000001 0.6000000000000001 0.4 0 0 0 0.2 7 0 0 0.2 0 4.800000000000001 7 0 0 0 0 0 0 0 0 0.2 0 0 0 0 0 0 0 0 0.4 0.4 0 0 0 0 0 0 0 0 0 0 0 0 0 0 0.6000000000000001 1.4000000000000001 0 0 0 0 0 0 0 0 0 0 0.4 0 0 0.4 17.400000000000002 0.2 0.2 0 0 0.2 0 0 0 0 0 0 0 0 0 0 0 0 0 0 0 0 0 0 0 0 0 6.2 0 0 0 0 0 0 0 0 0.2 0 0 0 0 
 93.2 51.2 49.2 55 19 110.4 10.200000000000001 4.6000000000000005 25.400000000000002 18.400000000000002 0 8.8 8.4 31.400000000000002 18.6 56.6 41.2 65.2 46 13.4 0 0 0 0 0.6000000000000001 0.4 15.4 0 0 0.4 0 0 15.8 0.4 0 0 0 0.2 0 18.400000000000002 0 0.4 0 0 0 0.6000000000000001 0 0 0 0 0 0 0 0 0 0 0 0 0 0.6000000000000001 0 0 0 0.6000000000000001 0.6000000000000001 0 0.4 0 0 0 0 0 0 0 0 0.6000000000000001 0 0 0.8 0.6000000000000001 0 0 4.2 0 8.200000000000001 3.2 0 3.8000000000000003 6.2 7.800000000000001 4.2 1.8 0 0 0.2 2.6 0 4.800000000000001 0 0 3.2 0 0 0 0.4 0 0.6000000000000001 0 0 0 0 0 15.200000000000001 0.2 2.2 0 0 0 0 2.6 0 0 0 0 0 0 0 0 0 0 0 0 0 0 0 0 0 0 0 0 0 0 0 0 0 0 0 0 0 0 0 0 0 0 0.4 0 0 0 0 0 0 3.2 4.800000000000001 0 2.2 0.2 0 0 1.6 3 0 1.6 0 4.800000000000001 0 1 7.6000000000000005 11.200000000000001 0.4 0 0 0 0 0 0 0 7 0 0.6000000000000001 0 0 0.4 7.4 0 0 0 0 0 3 2.8000000000000003 0 0 0 0 0 0 0 0 0 0 0 0 0 0 0 0 0 0 0 0 0 0 0 0 0 0.2 0 0 0 0 0 0 0 0 0 0 0 0 0 0 0 0.2 0 0 0 0 17.400000000000002 0 0.4 0.6000000000000001 0 0.8 0 0 0 0 0 0 0 0 0 0 2.6 0 0 0 0 0 0 0 0 0 0 0 0 0 2.6 2 0 0 0 0 0 0 0 0 0 0 0 0 
 26.200000000000003 5.2 25 26 26.8 51.2 6 5 53.2 5.800000000000001 8.8 0 6.2 12.4 9.4 40.6 44.2 55 47.2 10.4 15.4 0 14.8 0 0.4 1 17 0.2 0 0.4 0 0 30.200000000000003 16.8 19.6 0 0 0.4 4 19.200000000000003 0 13 0.4 0 0 0.6000000000000001 0 0 0 7.4 0 0 0.4 0 0 0 0 0 0 0.6000000000000001 0.2 0 0 0.6000000000000001 0.6000000000000001 0 0 0.8 1.4000000000000001 0 0 0 0 0 0 0.6000000000000001 0 0 0 0.6000000000000001 2.6 0 0 0 0.2 3.4000000000000004 0 2 3.4000000000000004 0.2 0 2 0 0 0.6000000000000001 1.4000000000000001 0 0 0.2 0 0 0.2 0 0 0 0 10.600000000000001 0 2.2 0 0 0 2.4000000000000004 1.2000000000000002 1.8 0 2 0 9.4 3.8000000000000003 0 0 0 0 0 0 0 0 0 0 0 0 0 0 0 0 0 0 0 0 0 0 0 0.4 1.2000000000000002 0 0 0 0 0 0 0 0 0 0 0.2 0.2 0 0 1.6 0 0 0 8.200000000000001 4 2.4000000000000004 0 0 0 0 0 4.2 0 0 0 2.8000000000000003 0 0.8 0 0 1.8 5.4 5 0 0 0 10.200000000000001 0 0 0.2 0 0 2 0 0 0 2.8000000000000003 1.6 4.4 2 0 0 0 0 0 0 0 0 0 0 0 0 0 0.2 0.4 0 0 0 0 0 0 3.2 0 0 0 0 0 0 0 0 0 0 0 0 0 0 0 0 0 0 0 0 0 0 0.4 0 17 0.4 17.2 17 0 3.6 0 0 0 0 0 0 0 0 0 0 0 0 0 0 0 0 0 0 0 0 0 0 0 0 0 0.2 0 0 0 0 0 0 0 0 0 0 0 0 
 66 9.600000000000001 12.600000000000001 14.200000000000001 14 5.4 37.2 68 20.6 13.600000000000001 8.4 6.2 0 83.60000000000001 11.8 32.6 24 65 77.4 34 0 0 0 0 0.4 0.6000000000000001 0.6000000000000001 0 0 0.4 0 0 0 0 0.4 0.2 0 0.4 0 0 0 0.4 0 0 0 0.6000000000000001 0 0.6000000000000001 0 0 0 0 0.4 0 0 0.6000000000000001 0 0 0 0.6000000000000001 0.4 0.8 0 9.600000000000001 0.6000000000000001 0 0.4 0 0 0.6000000000000001 0.2 0.6000000000000001 0 0 0 0.6000000000000001 0 0.4 0 0.6000000000000001 10.200000000000001 2 4.2 0.2 0 0 0 3.8000000000000003 2.2 2.2 1.2000000000000002 0 2.4000000000000004 2.2 0 1.6 6 4 7 7.2 0.4 0 0 0 0 0 0 0 0 0 0 0 0 0 0 0 0 0 0 0 0 0 0 0 0 0 0 0 0 0 0 0 0 0 0 0 0 0 0 0 0 0 1.2000000000000002 0 0 0 0 0 0 0 0 0 0 0 0 0 0 0 0 0 2.8000000000000003 1.4000000000000001 0 3.4000000000000004 0 0.6000000000000001 1.8 0 0 2.4000000000000004 0 0 0 0 5 2.6 0 9.4 0 5.6000000000000005 0 0 0 0 0 0.2 0.2 0 0 0 0.4 0 0 0 0 3.4000000000000004 0 0 0 0.2 0 0 0 0 0 0 0 0 0 0 0 0 0 0 0 0 0 0 0 0 0 0 0 0 0 0 0 0.2 0 0 0 0 0 0 0 0 0 0 0 0 0 11.200000000000001 0 0 0 0.4 0.4 0.2 0.4 0 0 0.4 1.4000000000000001 0.2 0 0 0 0 0 0 0 0 0 0 0 0 0 0 0 0 0 0 0 0 0 0 0 0 0 0 3.6 0 0 0 0 0 0 0 0 0 
 52.6 11.200000000000001 21.400000000000002 62 75.8 27.8 11.600000000000001 96.80000000000001 63.400000000000006 22.200000000000003 31.400000000000002 12.4 83.60000000000001 0 42.6 65.2 16 51.800000000000004 42.800000000000004 55 0 0 0 0 0.4 0.4 0.6000000000000001 0 0 0.4 0 0.2 0 0 0 0 0 0.2 0 0 0 0.4 0.4 0 0 0.6000000000000001 0.4 0 0 0 0 0 0.4 0 0 0 0 0 0 0.6000000000000001 0 0.6000000000000001 0 0.6000000000000001 0.6000000000000001 0 0 0.8 0 0 0.6000000000000001 0 0 0 0 0.6000000000000001 0 0 0.6000000000000001 0.6000000000000001 10 2.4000000000000004 2.8000000000000003 0 0.2 12.8 0 7.4 4 2.8000000000000003 1.6 3.8000000000000003 1 0 0 3.6 2.6 0 7.2 9.4 0 0 0 0 0 0 2.6 0.4 0 0 0 1.6 2 0 0.2 0 0.2 0 3.6 2 0 0.4 0 0 0 0 0 0 0 0 0 0 0 1.6 0 0 0 0 0 0 0 0 0 0 0 0 1.2000000000000002 0 0 0 0 0 0 0 0 0 0 0 0 0 0 5.6000000000000005 4 5.4 0 0.8 0.4 2.6 0 3.2 0 0 0 2.2 0 6.4 0.4 2 0 4.800000000000001 0 0 0 0 0 0 2.2 0 0 0 0 0 0 0 0 0 0 0 0 11.600000000000001 0 0 0 0 3 0 0 0 0 0.2 0 0 0 0 0 0 0 0 0 0 0 0 0 0.4 0 0 0 0 0 0 0 0 0 0 0 0 0 0 0 0 0 2 0 0 0 0 17.6 0.4 17.8 0 4.2 1.4000000000000001 2.2 0 0 0 0 0 0 0 0 0 2.8000000000000003 0 0 0 0 0 0 0 0 0 0 0 0 0 0 0 0 0 0 0 0 2.8000000000000003 0 0 0 0 0 0 
 116 79.80000000000001 8.6 27.200000000000003 22 96 95.4 56 71 20.200000000000003 18.6 9.4 11.8 42.6 0 43 19.6 47.6 31 62.400000000000006 0 0 0 0 1.2000000000000002 0.4 0.6000000000000001 0 0 0.4 0 15 0.4 0 0 0 0 0.2 0 0.4 0 0.4 0.2 0 0 0.6000000000000001 0 0 0 0 0 0 0 0 0 0 0 0 0 1 5.6000000000000005 0 0 0.6000000000000001 0.4 0 0 0 0 0.2 0 0 0 0 0 1.2000000000000002 0 0 0 0.6000000000000001 2.6 6 5.2 5.6000000000000005 2.2 0 4.800000000000001 3.6 1.6 0 0.2 0 4.4 11 18.2 6.6000000000000005 3.2 3.8000000000000003 2.4000000000000004 0 0 0 0 0 0 0 0 0 0 0 0.2 0 2 0 0 0.2 0 0 6.6000000000000005 2.8000000000000003 0 0 0 0 0 0 0 0 0 0 0 0 0 0 0.4 0 0 0 0 0 0 0 3.8000000000000003 0 3.6 0 0 0 0 0.4 0 0 0 0 0 0 0 0 0 0 2.2 6.2 0.2 0.2 0 0 11.4 6 0.4 4.2 3.8000000000000003 0 0 5.6000000000000005 0 4.4 0 0 0.2 6.2 0 0 0 0 4.6000000000000005 0 0 0 0 0 0 0 1.8 0 0 0 0 0 1 0 0 0.2 0 0 0 0 0 0 0 0 0 0 0 0 0 0 0 0 0 0 0 0 0.2 0 0 0 0 0 0 0 0 0 0 0 0 0 0.4 0 0 0 0 2.6 0 0 0 0.4 0.2 0.4 0.8 0 2.4000000000000004 4.2 0 0 0 0 0 0 0 2.2 0 0 0 0 0 0 0 0 0 0 0 0 0 0.4 0 5 0 0 0 0 0 0 0 0 0 0.4 0 0 0 0 
 14.600000000000001 8.200000000000001 97.80000000000001 7.4 33.4 14.8 27.400000000000002 113.4 14 27.200000000000003 56.6 40.6 32.6 65.2 43 0 33.2 16.6 23.8 32.4 15.200000000000001 0 0 0 0.4 1 0.6000000000000001 0 0 0.8 0 0 0.4 0 0 0 0 0.2 0 0 0 0 0 0 0 0.6000000000000001 0 0 0 0 0 0 0.2 0 0 0 0 0 0 0.6000000000000001 0 1 0 0.6000000000000001 0.6000000000000001 0 0 0 0 0 0 0 0 0 0 0.6000000000000001 0 0.4 0 0.6000000000000001 4.6000000000000005 1.4000000000000001 11.200000000000001 0 0 1.6 0 10 7.800000000000001 4.4 4.6000000000000005 0 2.2 0 2.2 8.6 0 2.6 3.8000000000000003 0 0.2 0 0 0 0 0 3.6 0 0 0 0 0 9.200000000000001 0 0 0 0 0 3.8000000000000003 2.4000000000000004 0 0 0 0 0 0 0 0 0 0 0 0 0 0 0 0 0 0 0 0 0 0 0 1 0 0 0 0 0 0 0 0 0 0.2 0 0 0 0 0 0 0 6.4 0.2 7.6000000000000005 1.2000000000000002 2.8000000000000003 0 0 0 2 2 0 0 0 0 6.6000000000000005 6.4 2.6 0 2 0 0 0 0 0 0 6.2 23.200000000000003 3.6 0 0 0 4.2 0 0 0 0 0 0 4.6000000000000005 0 0 0 0 0 0 0 0 0 0 0 0 0 0 0 0 0 0 0 0 0 0 0 0 0 0 0 0 0 0 0 0 0 0 0 0 0 0 0 0 0 3.8000000000000003 0 0 0 0.2 0.6000000000000001 0.4 0.4 0.2 0 1 2 0 0 0 0 0 0 0 0 0 0 0 0 0 0 0 0 0 10 0 0 0 0 0 0 0.4 0 0 0 0 0 0 0 0 0 0 0 0 
 45 46.800000000000004 76.4 13.200000000000001 81.80000000000001 20 48.2 70.4 54.800000000000004 71 41.2 44.2 24 16 19.6 33.2 0 30.400000000000002 20.6 22.8 0 0 0 0 0.4 1 4.800000000000001 0 0 0.4 0 0 0 14.600000000000001 0 0.2 0 0.2 15 10.600000000000001 0 0.4 0.4 0 0 0.8 0 0 9.200000000000001 0 0 1 0.2 0 0 0 0 0 0 0.6000000000000001 0 0.8 0 0.6000000000000001 0.6000000000000001 0 0 0 0 0 0 0 0 0 0 0.6000000000000001 0 0 0 0.6000000000000001 3.2 2 2 7 3.2 9.600000000000001 0.2 6.2 7.2 0 3.8000000000000003 0 0 2.6 7.6000000000000005 0 8.4 0 0 2.8000000000000003 0 5.6000000000000005 0 0 0 0 10.200000000000001 2.6 0 0 0 0 2.6 2.8000000000000003 2.2 0 0 0 4.6000000000000005 0 0 0 0 0 0 0 0.2 0 0 0 0 0 0 0.4 0 0 0 0 0 0 0 0 0.4 0 0.8 0 0 0 0 0 0 9 0 0 0 0 0 0 0.2 0 3 1.4000000000000001 5.2 0 4.4 0 2.2 9.4 2.2 0 1.2000000000000002 1.8 0 6.4 4.2 7.4 0.2 0 1.2000000000000002 0 0 0 0 0 0.4 0 2 0 0 0 0 0.4 0 2.8000000000000003 0 0 0 0.4 5.2 0 0 0 0 0 0 0 0 0 0 0 0 0 0 0 0 0 0 0 0 0.2 0 0 0 0 0 0 0 0 0 1.4000000000000001 0 0 0 0 0 0 0 0 0 0 0 0 0 0 0 0.2 0 0.2 17.400000000000002 0 3 3.2 0 0 0 0 0 0 0 0 0 0 0 0 0 0 0 0 0 0 0 0 0 0 0 3.2 2.2 0 0 0 0 0 0 0 0 0 0 0 0 2.2 
 6.6000000000000005 18.2 42.400000000000006 31 68.8 28.400000000000002 8.8 7.6000000000000005 25.400000000000002 82.4 65.2 55 65 51.800000000000004 47.6 16.6 30.400000000000002 0 26 48.800000000000004 0 0 0 0 0.4 0.8 3.2 0 0 0.4 0 0 20.200000000000003 0 0 0 0 0.6000000000000001 29 6.800000000000001 0 0 0.4 0 0 0.6000000000000001 0.4 0.6000000000000001 0.4 0.6000000000000001 0 0.6000000000000001 0.4 0 0.4 0.6000000000000001 0 12.4 0 0.6000000000000001 10.200000000000001 0 0 0.6000000000000001 0.4 0 2.6 0 0 0 0 0 0 0 0 0.6000000000000001 0 0.4 2.2 0.6000000000000001 0 0.6000000000000001 4.4 0 4.2 6.4 0 1.6 5.6000000000000005 2.2 1.6 3 0 0 2.2 4 0 2.6 0 0 2.2 0 0 0 0 0 1.4000000000000001 0 0 0 0 0 10.4 6.2 2.2 0 0 0 1.8 4.2 0 0 0 0 0 3.4000000000000004 0 0 0 0 0 0 0 0 0 0 0 0 0 0 0 0 0 0 0 0 0 0 0 0 0 0 0 0 0 0 0 0.4 0 0 0 0.2 4.4 4.2 6.4 0.4 0 0 2.8000000000000003 12.4 2 11.200000000000001 0.4 0.8 0.4 4 13.600000000000001 4.2 0 0.4 0 0.4 0 0 0 0 4 0 0 0 0 0 5 2.4000000000000004 0 0 5 0 2.6 4.800000000000001 0 0 0 0 0 0 0 0 0 0 0 0 0 0 0 0 0 0 0 0 0 0 0 0 0 0 0 0 0 0 0 0 0 0 0 1.4000000000000001 2 0 0 0.2 0 0 0 0 0 0 1.6 0 0.2 0.4 0 1 0 0.2 0 0 0 0 0 0 0 0 0 0 0 0 0 0 0 0 0 0 0 0 0 0 4 0 0 0 0 0 0 0 0 0 0 0 0 0 
 28.200000000000003 11 6 17.6 56.800000000000004 47.800000000000004 27 43.400000000000006 39.2 50 46 47.2 77.4 42.800000000000004 31 23.8 20.6 26 0 18.8 0 0 0.6000000000000001 0 0.4 1 1 0.4 0 1.2000000000000002 0.6000000000000001 2.8000000000000003 0 0 0.4 0 0 0.4 14.8 0 0 0 0.6000000000000001 0 0 0.6000000000000001 0 0 0 0 0 0 0.6000000000000001 0 0 0.4 0 0 0 1.2000000000000002 0.4 0.4 0 0.6000000000000001 0.6000000000000001 0 0 0 0 0 0.2 0 0 0 0 0.6000000000000001 0.2 0 0.4 0.6000000000000001 10.200000000000001 0 5.2 0.4 0 0 2.4000000000000004 11.600000000000001 1.8 0 2 2.8000000000000003 3.2 6.4 0 3 1.6 0.4 3.8000000000000003 5 0 0 0 0 0 0 0 0 0 0 0 0 0 0 0 0 0 0 0 0 0.4 0 0 0 0 0 0 0.4 0 0 0 0.2 0 0 0 0 0 0 0 0 0 0 1.2000000000000002 0 0 0 0 0 0 0 0 0 0 0 0 0 0 0 0 0 2.2 0 3 0 0 0.8 3.6 2.6 0 2.6 0 0 2.2 2.8000000000000003 5.800000000000001 2.2 0 3.2 5.4 6.6000000000000005 0 0 0 0 0 0 0.2 0.2 0.2 0 0 3.6 0 0 0 0 0 0 0 0 0 0 0 0 0 0 0 0 0.4 0 0.4 0 0 0 0 0 0 0 0.2 0 0 0 0 0 0 0 2.6 0 0 0 0 0 0 0 0 0 0 0 3 0 0 0 0 0 0 0 0.8 0 0.2 0 0 2.6 0 0 0 0 0 0 0 0 0 0 0 0 0 0 0 0 0 0 0 0 0 0 0 0 0 0 0 0 0 0 0 0 0 0 0 0 0 0 
 41.2 19 8.8 117.80000000000001 20.200000000000003 53.6 42 49 55.800000000000004 65 13.4 10.4 34 55 62.400000000000006 32.4 22.8 48.800000000000004 18.8 0 0 0 0 0.4 0.4 0.4 0.6000000000000001 0 14.4 1 0.2 0.6000000000000001 0 0.4 0.4 0.6000000000000001 0 0.6000000000000001 0 0 0.8 0 0.2 0 0 0.6000000000000001 0 0.4 0 0 0.4 0.4 0 0 0 0 0 0 0 0.6000000000000001 0.6000000000000001 0 5.4 1.2000000000000002 1.2000000000000002 0 0 0 0 0 0 0.4 0 0 0 1.2000000000000002 0 0 0 1 14.200000000000001 6.2 3.2 4 0 2.6 3.8000000000000003 17.2 1.2000000000000002 0 6 0 1.8 1.8 0 6.6000000000000005 0 0 0.8 0.8 0 0.2 0 0 0 0 0 0 0 0 0 0 0 1 3.2 0 0 0 0.2 0 0 0 0 0 0 0 0 0 0 0 0 0 0 2 0 0 0 0 0 0 0 0 0 0 0 0 0 4.2 2.4000000000000004 0 0 0 0 0 0 0 0 0 0 0 3.8000000000000003 7.4 3 0 0 0 0 1.8 0 2.6 0 0 1.4000000000000001 2.2 0 2.4000000000000004 0 0 0 12.600000000000001 0 0 0 0 0 0 0 0 0 0 0 0 0 0 0 0 0 0 0 2.2 0 0 0 0 0.4 0 0 0 0 0 0 0 0 0 0 0 0 0 0 0 0 0 0 2.6 0 0 0 0 0 0 0 0 0 0 0 0.2 0 0 0 0 0 2.2 0 0 0.4 0 17.8 0 1 0 2.8000000000000003 1.8 0 0 0.4 0 0 0 0 0 0 0 2.6 0 0 0 0 0 0 0 0 0 0 0 0 0 0 0 0 0 0 0 0 0 0 0 0 0 0 2.6 
 0 0 15.600000000000001 0 16.2 0.2 0.6000000000000001 0 0 14.4 0 15.4 0 0 0 15.200000000000001 0 0 0 0 0 62 14 29.8 8.8 7.2 25 19.400000000000002 28.200000000000003 29.400000000000002 34.4 8.4 67.4 27.8 24.200000000000003 65.2 50.2 37.800000000000004 34.800000000000004 42.400000000000006 0 1 0 0 0.6000000000000001 0 0 0 0 0 0 0 0 0 0 0.6000000000000001 0.8 0 0 0.4 0 0.6000000000000001 0.4 0 0 0.6000000000000001 0 1.2000000000000002 2 0 0 0 0 0 0 0.6000000000000001 0 0 0 0 0 0 0 0 1.8 0 0 0 0 0.2 0 0 0 0 0 0 0 0 0 0 4.4 5 5.4 0.2 0.2 0 8.200000000000001 1 2.4000000000000004 3.2 0.2 4 4 2 1.6 2.6 1.4000000000000001 0 0 8.4 0 0 0 0 0 0 0 0 0 0 0 0 0 2 0.6000000000000001 3.6 0 0 0 0 0.4 0 2.2 1.2000000000000002 0 0 0 0 0 0 0 0 0 0 0 0 0 0 0 0 0 0 5.800000000000001 1.6 3.4000000000000004 2.2 0 0 0 3.8000000000000003 0.6000000000000001 1.2000000000000002 0 0.2 0 0.6000000000000001 2.4000000000000004 0 0 0 2 4.800000000000001 7.800000000000001 0.4 0 0.6000000000000001 3.8000000000000003 21.8 2 2.8000000000000003 0.4 1.2000000000000002 1.6 0.2 0.4 0.8 5.2 0.2 0 4.6000000000000005 0 0 0 0 0 0 3.8000000000000003 0 0 0 0 0 0 0 0 0 0 0 0.2 4.2 0 0 0 0 0 0 0 0 0 0 0 0.4 0 0 0 0 0 0 0 0 0 0 3.4000000000000004 0 0 0 14.600000000000001 0 0 0 0 0 0 0 0.2 0 0 0 0.8 0.4 1.8 0 1.4000000000000001 0 0 0 0 0 0 0 0 0 0 0 0 0 2.2 2.6 0 0 0 0 0 0 0 0 0 0 0 0 
 0 0 0 0 0 2.8000000000000003 0 0 0 1 0 0 0 0 0 0 0 0 0 0 62 0 18.400000000000002 28 4.4 21.6 17 91 95 19.6 68.60000000000001 22.6 13.200000000000001 12.4 41.2 69.8 21.200000000000003 40.2 20.6 14.8 0.2 0.6000000000000001 0 0 0.6000000000000001 0 0.4 0 0 0 9.8 0 0.8 0 0 0.6000000000000001 0.2 0 0 0.4 0 0.6000000000000001 0.4 0 0 0 0 0.6000000000000001 0.4 0 0.6000000000000001 0 0 0 0 0.6000000000000001 0 0 0 0.2 0 0 0 0 0 0 0 0 0 0 0 0 0 0 0 0 0 0 0 0 3.4000000000000004 2.4000000000000004 0.8 1.6 3 2.8000000000000003 0.2 0 8 9.4 1.8 4 8.200000000000001 1.8 2.8000000000000003 4.2 1 0 0 0 1.8 0.4 0 0 0 0 0 1.6 0 0 0 0 2.2 2.4000000000000004 0 0 0 0 1.6 1.6 0 0 0 0.2 0 0 0 1 0 0 0 0 2.6 4 0 0.4 0 1.2000000000000002 0 0 0 0 0 0 0 0 0 0 0 0 0.6000000000000001 0 0 0 0 0 0 0 0 0 7.6000000000000005 1.6 0 11.8 4.6000000000000005 2.4000000000000004 0 4.6000000000000005 0 3.2 4.800000000000001 0 0.2 2 5.4 2 2.4000000000000004 9 0 4.4 0.2 0 0 0 0 0 2 0 0 0 0 0 3.6 0.2 0 0.4 0.4 0 0 3.6 0 0 0 0 0 0 0 0 0 0 0.4 0 0 0 0 0 0 0 0 0 0 0 0 0 0 0 0 0 0 0 0 0 0 0 1.6 0 0.4 0.2 0 0.4 4 0.8 0 0 0 0 0.4 0 0 0 0 0 0 0 0 0 0 0 0 0 0 4.800000000000001 0 0 0 4 2 0 0 0 
 0 0 0 0 15.600000000000001 30 0 0.4 0 0 0 14.8 0 0 0 0 0 0 0.6000000000000001 0 14 18.400000000000002 0 99.2 9.4 7.6000000000000005 136.20000000000002 57.800000000000004 29 108 22.400000000000002 110 58 10.4 54.6 39 37.800000000000004 21 7.6000000000000005 40.2 0 0.8 0 0 0.6000000000000001 0 8.6 0 0 0 0.6000000000000001 0.4 13.4 13 0 0.8 0 0 0 13.4 0 0.6000000000000001 0.4 0.8 0 0.6000000000000001 0 0.6000000000000001 0.4 0 0 0 0 10.200000000000001 11.600000000000001 0.6000000000000001 0 0 0 0 1.2000000000000002 0 0 0 0 2 0 0 0 0 0 3 2.6 0 0 0 0 0 10.8 0 6.2 0 5.800000000000001 4.2 5.2 1.8 0 5 3.6 6.2 2 2.8000000000000003 0 0 0 6 13.600000000000001 1.2000000000000002 0 3.6 3.8000000000000003 2 2.4000000000000004 0 0.4 0 0 5.4 4.800000000000001 0 0 0 2.6 2.4000000000000004 0.2 0 0 0.2 9.200000000000001 1.4000000000000001 0 0 0.8 0 0 0 0 0 0 0 0 0 0 0 0 0 0.4 0 0 0 0 0 0.2 0.2 0 0 0 0.6000000000000001 0.2 0 0 0 3.2 0 0 0 0 0 0 0 4.2 0 0.2 2 3.6 5.800000000000001 3.4000000000000004 4.2 2.8000000000000003 0 0 3.6 1.8 1.8 2.2 2.8000000000000003 2.6 0.2 2 0 2 0 0.2 0 0 0 0 2.2 3.8000000000000003 0 0 4.800000000000001 2.2 0 0 0 0 1.4000000000000001 0 2 0.4 4.2 0 0 0 0 0 0 0 0 0 0 0 0 3.6 0 0 0 0 0 0 0 0 0 0 0 0.2 0 0 0 0 0 0 0 0.4 0.4 0 0 0.6000000000000001 0.2 0 0 0 0 0 0 3.8000000000000003 0 0 0 0 0 0 0 0 0 0 0 0 0 0 1.6 0 0 0 0 0 0 0 0 
 15 0 0 0 0 0 0 0 0 0 0 0 0 0 0 0 0 0 0 0.4 29.8 28 99.2 0 61 15.600000000000001 110.60000000000001 27 16 66.8 63.6 55.800000000000004 76.60000000000001 14.4 58.400000000000006 51.800000000000004 50 10.4 13.600000000000001 30.6 1 0.6000000000000001 0.4 0 1 0 13.4 0.2 0 0 0 0 25.8 5.2 0 0.6000000000000001 1.4000000000000001 0.6000000000000001 6.2 1 0 0.6000000000000001 0.4 0.4 0 1.8 0 0.6000000000000001 0.4 0 0 0 0.2 0 0 0.6000000000000001 0.4 0 0 0 0 0 0 0 0 0 0 0 0 0 0 0 0 0 0 0 0 0 0 0 0 0 3 2 7 0.2 2.8000000000000003 4.2 0 0.2 1.4000000000000001 5.800000000000001 0 0 0.2 4.4 4.6000000000000005 2 0 3 1.6 0.2 9.8 0 0 0.4 4.2 0 4.6000000000000005 0 0 0 0 0.6000000000000001 2.2 2.2 1.4000000000000001 0 2.2 3 2 0 0 0 0 0 0 0.6000000000000001 0 0 0.4 0 0 3.4000000000000004 0 0 0.4 2 0 0 0 0 0 0 1.8 0 0 0 0 0 0 0 0 0 0 0 0 0 0 0 0 2.4000000000000004 0.8 2.6 6.800000000000001 6.6000000000000005 0 4.6000000000000005 4.4 3.4000000000000004 0.2 6 1.8 2.4000000000000004 0 6.800000000000001 0 0.2 0 0 0.2 2.2 0 0 0.2 0 0.2 4.6000000000000005 3.8000000000000003 0 0.2 0 4.2 0 4 2.8000000000000003 0 0 0.4 2.4000000000000004 0 0 0 0 0 0 0 0 0 0 0 0 0 0 0 0 0 0 0 0 0 0 2.8000000000000003 0 0 0 0 0 0 0 0 0 0 0 0.4 0.2 0 15.8 31 1 0.4 2.4000000000000004 0 0 0 0 0.2 0 0 0 3 0 0 0 0 0 0 0 0 2.8000000000000003 0 1.6 0 0 0 0 0 0 0 0 
 0.4 0.4 0.4 0.4 0.4 0.4 0.4 0.4 0.4 0.8 0.6000000000000001 0.4 0.4 0.4 1.2000000000000002 0.4 0.4 0.4 0.4 0.4 8.8 4.4 9.4 61 0 34.6 10.200000000000001 18.2 27.6 36.2 19 76 14.4 26.200000000000003 34.800000000000004 30.400000000000002 73.4 9.600000000000001 12.8 14 13.4 0.6000000000000001 6.4 0 0.6000000000000001 0 7.4 0.2 0 0 0.8 0 5 0 0.2 0.6000000000000001 5.800000000000001 0 12.600000000000001 0.8 0 0.6000000000000001 0.4 0 0 0 0 0.4 0.4 1.2000000000000002 0 0 0 0.6000000000000001 0 0.6000000000000001 0 0 0 0.2 0 0 0 0 0 0 0 4.4 0 0 0 0 0 0 0 0.4 0 0 0 0 0 4.2 4 5.4 5 0 0 0 2.6 0 4 0 0 3.4000000000000004 0 0 0.8 5.800000000000001 0 0 0 0 10 0 0.2 0 3 5.2 0 0 1.4000000000000001 0 3 0 0 0 5 0 0.6000000000000001 8.4 0 0 0 0 0 0 0 0 0 0 0.2 0 0 0 0 0 0 0 0 0 0 3.6 0 0 0 0 0 0.8 0 0 0 0 0 0 0.2 0 0 0 0 0 0 3.8000000000000003 0 0 7.2 2 0 0 7 4.6000000000000005 6.2 10.8 0 0 1 3 0 0 0 0 0.2 0.4 3 0 0 0 0 2.6 0.2 7 2.2 0 0.2 8.8 3 1 0.2 2.4000000000000004 5.6000000000000005 8.6 0 0 0 0 0 0 0 0 0 0 0 0 0 0 0 0 0 0.4 0 0 0 0 0 0 0 0 0 0 0 0 0 0 0 0 0 0 0 7.800000000000001 0 0 1 0 0 0 0 0 0 0 0 0 0.2 0 0 0 0 0 0 0 0 0 0 0 0 0 0 0 0 0 0 0 
 0.4 0.6000000000000001 17.8 0.6000000000000001 0.8 18 0.8 0.4 0.8 3.2 0.4 1 0.6000000000000001 0.4 0.4 1 1 0.8 1 0.4 7.2 21.6 7.6000000000000005 15.600000000000001 34.6 0 9.600000000000001 22.400000000000002 8.4 11.600000000000001 14.200000000000001 24.8 51 7.2 69.8 12.8 8.8 58.800000000000004 52 7.4 0.4 0.6000000000000001 12.8 0 0.6000000000000001 0.4 0 12.200000000000001 0 0 14.200000000000001 0 12.600000000000001 0.4 0 0.6000000000000001 12.4 0 4.4 0.4 0.8 0.6000000000000001 10 0 0 9.200000000000001 0 6.2 0.4 0 0 0 0 0 0 0.6000000000000001 0.4 0 0 0 0 0 0 0 0 0 0 0 0 0.2 0 0 0 0 0 0 0 0 0 0 0 0 2.2 1.8 7.4 0 0 9.200000000000001 0 0 0.2 0 0 0.2 0 0 1.6 2.4000000000000004 0 0 2.4000000000000004 0 0.4 0 0 0 7 2 0 7.800000000000001 3.4000000000000004 0 4.6000000000000005 3 4 0 0 0 1 5.800000000000001 0 0 0 0 0 0 0 0.6000000000000001 0 0.2 0.2 0 0 0 0 0 0 1.2000000000000002 0 0.2 0 0.6000000000000001 0 0 0 0 0 0 0 0 2.2 0 0 0 0 0 0 0 0 0 2.6 0 0 2.6 0.6000000000000001 0 0 0 3.4000000000000004 2.2 1.6 3.4000000000000004 0 2.6 0 2.6 7.6000000000000005 2.4000000000000004 0 0 3 1.8 3.8000000000000003 0 0 0 2.6 3 0 0 0 3 9.4 0 10 6.2 0.8 0 2.6 2.8000000000000003 0 0 0 0 0.4 0 0.2 0 0 0 0 0 0.4 0 0 0 0 0 0 0 0 0 0 0 0 0 0 0 0 0 0 0 0 0 1.2000000000000002 0.2 0 16.400000000000002 19.200000000000003 1 1.4000000000000001 4.6000000000000005 0 0 0 0 0 0 0 0 0 0 0 0 0 0 0 0 0 2.8000000000000003 0 8.200000000000001 0 0 0.4 0 0 0 0 0 
 0.6000000000000001 0.6000000000000001 2.8000000000000003 0.8 19.400000000000002 17.8 0.6000000000000001 0.6000000000000001 12.600000000000001 15.200000000000001 15.4 17 0.6000000000000001 0.6000000000000001 0.6000000000000001 0.6000000000000001 4.800000000000001 3.2 1 0.6000000000000001 25 17 136.20000000000002 110.60000000000001 10.200000000000001 9.600000000000001 0 52.2 43 30 21.200000000000003 8.4 21.200000000000003 61.2 7.2 34.800000000000004 21.200000000000003 52 65.8 35.2 0 0.8 0 0.6000000000000001 0.6000000000000001 12.8 0 0 0 0 0 0 0.2 0 0 0.6000000000000001 0 0 0 0.6000000000000001 0 8.200000000000001 0.4 0.6000000000000001 0 0 0 0.6000000000000001 0.4 0 0 0 0 0 9 0.6000000000000001 0 10.8 0 0 0 0 0.6000000000000001 0 1.4000000000000001 0.2 0 0 1.2000000000000002 0 0 0 0 0 0 0 0 0 0 0 5.2 11 5 0 1.8 0 2.4000000000000004 9.600000000000001 0.2 3.2 4 0 0.2 4.800000000000001 3.6 2.6 2.4000000000000004 1.8 0 0.4 0 0 0 0 0 0 0 0 0 0 0 0 0 0 0 0 0 0 0.2 0 0 0 0 0 0 0 0.8 0 0 0 0 0 1.4000000000000001 0 0 0 0 0.2 0 0 0 0 3 0 0 1.2000000000000002 0 0 0.2 0 0 1.4000000000000001 0 0 0 0 0 0 0 0 6.4 3.6 1.6 3.2 0.2 0 5 1.8 0 2.4000000000000004 0 0 1.8 4.4 7.6000000000000005 3.8000000000000003 0 4 2.2 0 0 0 0 0 0 0.4 0 0 0 0 0 0 0 0 0 0.2 0 0 2.4000000000000004 0 0 0 0 0 0 0 0 0 0 0 0 0 0 0 0 0 0 0 0 0 0 0 0 0 0 0 0 0 0 0.2 0 0 0 0 1.4000000000000001 0.2 0.4 15.8 0 0.4 0.6000000000000001 0 0 0 0 0 2.2 0 0 0 0 0 0 0 0 0 1.4000000000000001 0 0 0 0 0 0 0 0 2.6 1.8 0 0 0 
 0 0 0 0 14.600000000000001 29.400000000000002 0 0 0 15.200000000000001 0 0.2 0 0 0 0 0 0 0.4 0 19.400000000000002 91 57.800000000000004 27 18.2 22.400000000000002 52.2 0 26.8 25.400000000000002 22.6 8.8 25.200000000000003 18.400000000000002 7.4 76.80000000000001 4.4 25.400000000000002 25.400000000000002 14 0 0.6000000000000001 0 0.4 0.6000000000000001 0 0 0 0 0 0 0 0.4 0 0 0.6000000000000001 0 13.8 0 0.4 0 0.6000000000000001 0.4 0 0 0.6000000000000001 0 1 0.4 0 0 5.6000000000000005 0 0 0 0.6000000000000001 0 0 10.200000000000001 0 0 0 0 0 0 0 0 0 0 0 0 0 0 0 0 0 0 0 0 0 1.6 3.8000000000000003 6.6000000000000005 11.200000000000001 2.4000000000000004 2.4000000000000004 1.4000000000000001 0 3.8000000000000003 0 3.4000000000000004 1.6 2.4000000000000004 3.2 4 1.4000000000000001 3.4000000000000004 3.8000000000000003 0 0 0 0 0 0 0 0 0 5.800000000000001 0 0 0 0 0 0 0 0 0 0 0 3 0 0 0 0 0 0 0 0.8 0 0 0 0 0 0 0 0 0 0.8 0 0 0 0.8 0 2.6 1.6 2.2 0 0.4 0.8 0 1.4000000000000001 0 0 0 0 0 0 0 0 0 4.2 2.4000000000000004 0 7.2 0 0 2 3.2 4.6000000000000005 7.4 3.6 2 1.6 3.8000000000000003 2.4000000000000004 8.6 0 5.2 0 3.2 0 0 0 0 0 0 1.6 0 0 0 0 0 0 0 0 0 0 0 0 0.6000000000000001 2.8000000000000003 0 0 0 0 0 0 0 0 0 0 0 0 0 0 0 0 0 0 0 0 0 0 0 0 0 0 0 0 0 0 0 0 0 0 0 0 15.200000000000001 0 0.4 0.6000000000000001 0 0 0 0 0 0 0 0 0 0 0 0 0 0 0 0 0 0 0 0 0 0 0 0 2.2 0 0 0 0 
 0 0.2 0 0 0.2 15.4 0 0 0.2 1 0 0 0 0 0 0 0 0 0 14.4 28.200000000000003 95 29 16 27.6 8.4 43 26.8 0 52.800000000000004 23 10.600000000000001 23 37.4 35 32 32 38.400000000000006 47.6 18 0.2 1 0 0 0.8 0 0 0 0 0 1.8 0.2 0.6000000000000001 0 0 0.6000000000000001 0 0 0 0.8 0 0.6000000000000001 11.8 0.2 0.6000000000000001 0 0 0.4 0.4 0 0 0 0 3.4000000000000004 0 0.6000000000000001 0 0 0 0.4 0 0 0 0 0 0.4 0 0 0 0 2.8000000000000003 0 0 0 0 0 0 0 0 0 5 3.8000000000000003 0 4.6000000000000005 2.6 0 0 2.6 17.8 8.6 0.2 0.2 2.8000000000000003 3.4000000000000004 0 6.800000000000001 4.2 0 0 0 2.4000000000000004 0 2.8000000000000003 0 0 0 0 2.4000000000000004 0 0 0 0 6.2 0 0 0 0 0 4.2 1.6 0 0 0 0 0 0 0.8 0 0 0 0 0 0 0 0 0 1.2000000000000002 0 0 0.6000000000000001 0 0 0 0 0 0 0 0 0 0 1.8 0 0 0 0 0 0 0 0 0 1.8 3.4000000000000004 0 5.2 7.800000000000001 4 0.6000000000000001 4 0.2 8.4 0.4 0 2 5.800000000000001 5.4 9.8 0 4.2 0 3.6 0 0 0 0 0 0 0 0 0 0 0 0 1.6 0 0.2 0 0 0 5 7.6000000000000005 0 0 0 0 0 0 0 0 0 0 0 0 0 0 0 0 0 0 0 0 0 0 0 0 0 0 0.4 0 0 0 0 0 0 0 0.6000000000000001 0.2 0.4 0.2 0 0 1.8 0 0 0 0 0 0 0 0 0 0 0 0 0 0 0 0 0 0 0 0 0 0 0 0 2.4000000000000004 2.4000000000000004 0 0 0 
 0.4 0.4 0.8 0.4 15.600000000000001 4 0.4 0.4 0.4 1 0.4 0.4 0.4 0.4 0.4 0.8 0.4 0.4 1.2000000000000002 1 29.400000000000002 19.6 108 66.8 36.2 11.600000000000001 30 25.400000000000002 52.800000000000004 0 75.4 12 32.4 32.2 38.6 42.2 21.6 40 42.800000000000004 29.400000000000002 6.6000000000000005 14.4 3 0 0.4 0.4 15.600000000000001 0 0 0 0.6000000000000001 0 0.4 0.4 0.6000000000000001 1.4000000000000001 0 0 3.4000000000000004 14.8 0.2 0.6000000000000001 0.4 0 0.2 13.4 0.6000000000000001 0.4 0.4 0 0 0 0 1.6 0 0.6000000000000001 0.4 0 0.8 0.4 0 0 0 0 0 1.4000000000000001 0 0 0 0.4 0 0 2.4000000000000004 0 0 0 0 0 0 0 11.600000000000001 0 4.6000000000000005 4.6000000000000005 0.8 2.4000000000000004 0 0 2.4000000000000004 2.8000000000000003 0.8 6.2 6.800000000000001 0 5.6000000000000005 9.4 7 2.6 0 4.2 0 0 0.2 0 0 0 3.2 0.2 0 0 0.2 0 2.4000000000000004 2.6 0 4 0 0 5.4 0 0 0 0 0 0 0 2.6 0 4 0 0 0 0 0 0 0 0.8 0 0 2.2 0 0 0 0 0 11.200000000000001 0 0 0 0 0 0 0 0 0 0 0 0 0 0.2 9 2.4000000000000004 0.6000000000000001 3.2 0 2 2.4000000000000004 0 1.6 1.8 1.8 4.800000000000001 1.6 3 3 5 1.8 3.6 0 0 0.2 0 0.4 0 0 0 0 0.4 0 0.6000000000000001 0 0 0.6000000000000001 4.2 2.4000000000000004 0 0 0 0.2 0 0 0 0 0 0.2 0 0 0 0 0 0 0 0.2 0 0 0 0 0 0 0 0 0 0 0 0 0 0 0 0 0 0 0 0 0 0 0 0 15.200000000000001 0.2 0.2 3.4000000000000004 0.4 0 0 0 0 0 0 0 0 0 0 0 0 0 0 0 0 0 0 0 0 0 0 0.2 2.4000000000000004 0 0 0 0 
 15 0 0 0 0 0 0 0 0.2 0 0 0 0 0 0 0 0 0 0.6000000000000001 0.2 34.4 68.60000000000001 22.400000000000002 63.6 19 14.200000000000001 21.200000000000003 22.6 23 75.4 0 74.60000000000001 10.4 6.4 20.8 16.400000000000002 29.200000000000003 39.2 89.80000000000001 32.2 3.8000000000000003 1.2000000000000002 0 0 0.6000000000000001 0 13.200000000000001 0.2 1 0.6000000000000001 0 0 0.4 0 0.2 0.8 0.4 0 0 13 0 0.6000000000000001 0.8 1.6 0 0 0 0.6000000000000001 0.4 0 0 0 0.8 0.6000000000000001 0.4 0.6000000000000001 0 0 0 0.8 0 0 0 0 0 0 0 1 0 0 0 0 0 0 0 0 0 0 0 0 4.2 2.8000000000000003 3.6 5.6000000000000005 7.6000000000000005 2.6 0 3.8000000000000003 2.2 1.6 4.2 5.6000000000000005 0.4 0 0 3.4000000000000004 0.6000000000000001 3.4000000000000004 0 3.6 1.8 0 0 0 0 0 4 0 0 0 0.8 0 3.6 0 0 6.6000000000000005 0 0 0.2 2.8000000000000003 0 0 0 1.4000000000000001 0 0 0 0.2 0 0 1.6 0 0 0 0 0 0 0.2 0 0 0 2 0 0 0 0.4 0 0 0 0 0 0 0 0 0 0 0 0 0 0 1.6 1.6 6.2 2 0.2 4.2 0 8.4 5.800000000000001 0 0 4.6000000000000005 1.4000000000000001 2.2 1.8 2.4000000000000004 4.4 0.4 0 0 4.4 0 0 0 0 0 0 0.2 0.2 2 0 0 0 0 1.8 2.8000000000000003 2.2 0 0 0 0 0 0 0 0 0 0 0 0 0 0 0 0 3.6 0 0 0 0 0 0 0 0 2.4000000000000004 0 0 0 0 0 0 0 0 0 0 0 4.6000000000000005 0.4 0 15.600000000000001 0.2 0.4 2.6 4 0 0 0 0 4.2 0 0 0 0.2 0.2 0 0 0 0 2.6 0 0 3.8000000000000003 0 0 0 0 0 0 0.2 0 0 0 
