 0 36.800000000000004 24.200000000000003 28.8 21 8.4 51.800000000000004 11.200000000000001 27.6 43 8.200000000000001 50.400000000000006 11.4 10.8 26.400000000000002 23.8 8.6 6.2 42.400000000000006 25.8 0 15.200000000000001 0 0 0 0.2 0 0 0.4 0 0 0 0.8 0 0.8 0 0.6000000000000001 0 0.4 0 0 0 0 0.6000000000000001 0 0.4 0 0 0 0 0.4 0.4 0 0 0 0 0 0 0.8 0 0 0.4 0.4 0 0 1 0 0.2 0 0.4 0 0.4 7.6000000000000005 0.6000000000000001 0.6000000000000001 0 0 0 0.8 0 0 3.2 2 2.4000000000000004 0 0 2.6 3.2 0 8.200000000000001 0 0 2 13.600000000000001 0 7 10.200000000000001 0 2.4000000000000004 0 0 0 0 0.4 0 0 0.2 0 0 0 0 0 0 0 0 0 0 0 0 0 0 0 0 0 0 0 0 0 0 0 0 0 0.2 0 0.2 0 0 0 0 0 0 0 0 0 0 0 0 3.2 0 0 5.4 0 0 0 0 0 0 0 0 0.2 0 7.6000000000000005 5.2 0 6.6000000000000005 0 0 3.8000000000000003 0 9.8 5.2 2.4000000000000004 4 3.8000000000000003 3.6 3 2.4000000000000004 3.6 2.8000000000000003 3.6 0 0 0 0 0 0 0 0 0.2 0 0 0 0 0 0 0 0 0 2.8000000000000003 0 0 0 0 0 0 0 0 0 0 0 0 0 0 0 0 0 0 0 0 0 0 0 0 0 0 0 0.2 0 0 0 0 0 0 0 0 0 0 0 0 0 0 0 0 0 0 0 0 0 18.2 9.200000000000001 0 1.8 0 0.2 0.4 0 0 0 0 0 0 0 0 0 0 0 0 0 0 0.4 0 0 0 0 0 2.6 1.2000000000000002 0 0 0 0 0 0 0 0 0 0 0 0 0 
 36.800000000000004 0 107.80000000000001 39.400000000000006 5.2 8.4 33.800000000000004 41.2 9 70.4 8.200000000000001 106.80000000000001 74.4 9.8 37.6 5.2 45.2 25.6 13.600000000000001 69.2 0.4 0 0 0 0.6000000000000001 0 0.4 0 0.4 0 0 0 0.4 0 0 0.4 0 0.4 7.2 1.8 0.4 0 0 0 0 0 0.2 0 0 0 0.6000000000000001 0 0 0 0.4 0 0 0 0.4 0 0 0.8 0 0 0 0.6000000000000001 0 0 0 0 0 0 0 0.2 0.6000000000000001 0 0 0 0.6000000000000001 0 0 7.4 2 0 0 5.6000000000000005 3.6 1.4000000000000001 3.4000000000000004 7.6000000000000005 5.800000000000001 4 3.4000000000000004 6.6000000000000005 10.600000000000001 4 3 6 0 3 2.2 0 0 0 0 0 0 0 1.6 0 0 0 1.4000000000000001 0 0 0 0 0 2 2.2 2.6 0 0 0 0 0 0 0 0 0 0 0 0 0 0 0 0 0 0 0 0 0 0 0 0.2 0 0 0 0 0 0.2 0 0 0 0 0 0 0 0 0 0 3.8000000000000003 7.800000000000001 0 4.6000000000000005 0 0.2 0.6000000000000001 0 5.4 0 0 0.4 2 0 0 3.6 6.2 1.4000000000000001 1.8 5 0 0 0 0 0 4.2 0 0 0 0 0 9.4 6.6000000000000005 0 0 0 0 3 2.8000000000000003 0 0 0 0 0 0 0 0 0 0 0 0 0 0 0 2.4000000000000004 0 0 0 0 0 0 0 0 0 0 0 0 0 0 0 0 0 0 0 0 0 0 0 0 0 2.4000000000000004 0 0 0 0.4 0 0.4 0.8 10 0.4 0.8 0 0 0 0 0 0 0 0 0 0 0 0 0 0 0 0 0 0 0 0 0 0 0 0 3 0 0 0 0 0 0 0 0 0 0 0 0 0.2 
 24.200000000000003 107.80000000000001 0 35.800000000000004 12.200000000000001 52.2 89.80000000000001 20.8 17.400000000000002 60.2 57 20.200000000000003 66.4 103.4 65.8 46.800000000000004 14.600000000000001 27.200000000000003 24.400000000000002 18.2 15.200000000000001 0 0 0 0 0 0 0.6000000000000001 14.600000000000001 0 0 0 12.200000000000001 0 0 0.6000000000000001 0 0 15 0.2 0 0 0 0.2 0 0 0 13.4 0 0 0.6000000000000001 0 0.6000000000000001 0 0 0 0 0 0.4 0 0 0.2 0 0 0 0.6000000000000001 1 0 0 0 0 0 0 0.4 0.6000000000000001 0 0 0 0.6000000000000001 0 0 0 4.800000000000001 5.800000000000001 2.2 4.800000000000001 3.6 2.6 6 5.800000000000001 2 5.4 0.2 3.6 0 7.800000000000001 8.8 3.4000000000000004 2.2 0 0 0 0 0 0 0 2.6 0 4 0 0 0 0 0 1.8 0 0 0 0 0 0 0 0 0 0 0 0 0 0 0 0 0 0 0 0 0 0 0 0 0 0 0 0 0 0 0 0 0 0 0 1 0 0 0 0 0 0 2.2 0 0 1.4000000000000001 5.6000000000000005 0 3.2 0 1.6 1.4000000000000001 0.2 2 6.4 3.2 0.2 5 6.2 3.8000000000000003 0 3.4000000000000004 5.4 1 7.6000000000000005 0 0 0 0 0 0 0 0 0 0 0 0 8.200000000000001 0 0 0 0 0 2.8000000000000003 6.6000000000000005 0 0 0 0 0 0 0 0 0 0 0 0 0 0 0 0 0 0 0 0 0 0 0 0 0 0 0 0 0 0 0 0 0 0 0 0 0 0 0 0 0 0 0 0 0 0.4 17.8 0.4 0.8 0 2.4000000000000004 0.4 0.6000000000000001 0 0 0 0 0 0 0 0 0 3.2 0 0 0 0 0 0 0 0 0 0 0 0 0.2 0 0 0 0 5.6000000000000005 0 0 0 0 0 0 0 0 0 
 28.8 39.400000000000006 35.800000000000004 0 28 11.600000000000001 8.6 95.4 32 22 65.8 76.80000000000001 11.600000000000001 57.800000000000004 68.2 29.200000000000003 27.8 11.600000000000001 20.400000000000002 13.200000000000001 7 9.4 0 0 0.4 0.2 0 0 0 0 0.4 0 0.4 0.2 0.4 0 0 0 22.6 0 0 0.4 0 0.2 0 0 0 0 0 0 0.6000000000000001 0 1 0 0 0 0 0 0.4 0 0 0.2 0 0 0 0.6000000000000001 0.6000000000000001 0 0 0 0 0 0 0.4 0.6000000000000001 0 0 0 0.6000000000000001 0 0 0 1.8 3 1.8 9 2.6 0 0.4 8 7.4 5.6000000000000005 0 0 0.4 3 0 9.8 0.6000000000000001 0 4.4 0 0 0 0 0 6.4 0 2.4000000000000004 0 0 0.2 2.4000000000000004 0 2.2 0 0 0 7 7.2 0 0 0 0 0 0 0 0 0 0 0 0 0 0 0 0 0 0 0 0 0 0 0 0 0 0 0 0 0 0 0 0 0 0 0.6000000000000001 0 0 0 0 0 0 0.2 2.6 2.8000000000000003 5 5.2 0 3.6 0 3.4000000000000004 9 2.8000000000000003 0 0 0 0 12 6.2 0 0 0 3 0.2 0 0 0 0 5.2 0.2 0 2.8000000000000003 0 0 6.4 7.4 0 0 0 5.2 7 0 0 0 0 0.2 0.2 0 3.4000000000000004 0 0 0 0 0 0 0 0 0 0 0 0 0 0 0 0 0 0 0 0 0 0 0 0 0 0 0 0 0 0 0 0 0 6.800000000000001 0 0 0 0 0.2 0 0.6000000000000001 9.600000000000001 0.4 4 1.8 0 0 0 0 0 0 0 0 0 0 0 0 0 0 0 0 0 0 0 0 0 0 6.800000000000001 2.8000000000000003 1.4000000000000001 0 0 0 0 0 0 0 0 0 0 0 0 
 21 5.2 12.200000000000001 28 0 40 6.2 13.4 40.2 43.800000000000004 25.400000000000002 17.6 12.4 48 31 51.800000000000004 10 79.80000000000001 13 53.6 14.8 14.600000000000001 5.2 0 0.4 0 0.2 0 7.800000000000001 0 0 0 13 15 14.8 0 0 0 15.200000000000001 0 0 0 0 5 0 0 0 0 1.4000000000000001 0 0.6000000000000001 0 0 0 0 0 12.600000000000001 0 0.4 0 0 0 0 0 0 0.6000000000000001 0 0 0 0 0 0 0 0.6000000000000001 0.6000000000000001 0 6.4 0 0.6000000000000001 0 1.6 0 3.6 2.2 12.200000000000001 0.2 0.2 0 4 2 1.8 9.200000000000001 0 0 0 0 1.4000000000000001 3 0 0 0.2 0 4.2 0 0 0 2.2 3.2 5.4 0 2.8000000000000003 0 0 9 0 7.6000000000000005 2 0 4.6000000000000005 0 0 0 0 0 0 0 0 2.8000000000000003 0 0 0 0 0 0 0 0 0 0 0 0 0 0 0.6000000000000001 0 0 0 0 0 0 0 2 0 0 0 0 0 0 0 0 0 0 0 3.2 2 9 2 0 2 4.2 2.4000000000000004 1.6 3.4000000000000004 0 0 0 2.8000000000000003 4.2 2 0 0 2.2 2 3.8000000000000003 0 0 0 5.800000000000001 0 0 2 0.4 0.2 9.600000000000001 4.2 2 3.4000000000000004 0 3 10.600000000000001 7.2 0 0 0 0 0 0 0 0 0 0 0 0 0 0 0 0 2.2 0 0 0 0 0 0 0 0 0 0 0 0 0 0 0 0 0 0 0 0 0 0.6000000000000001 0 0 0 1.4000000000000001 0 0 0.8 9.200000000000001 0 2.6 2.2 0 2.4000000000000004 0 0 0 0 0 0 0 0 0 0 0 0 0 0 0 0 0 0 0 0 0 0 0 2 0 0 0 0 0 0 0 0 0 0 0 0 0 0 
 8.4 8.4 52.2 11.600000000000001 40 0 7.800000000000001 9.4 10.200000000000001 25.6 96.4 21.400000000000002 23 9 8.4 13.200000000000001 11 12.200000000000001 15.200000000000001 9 1.6 3 14.8 0.2 0 0 0 0 14.600000000000001 0 0 0 14.8 30.400000000000002 3.2 0.2 0.4 0 0 0.2 0 0.6000000000000001 0 0.2 0 0 0 12.600000000000001 0 0 0.6000000000000001 0 0 0 0 0 0 0 0.4 0 0.2 0.2 0 0 0 10.600000000000001 0.6000000000000001 0 1 0 0 0 0 1 0.6000000000000001 0 0 0 1.4000000000000001 0 0 0 3.6 3.8000000000000003 5.2 3.6 0.2 0 0 0 0 2.6 0 0 0 0 3.6 0 0 0.2 0 1.2000000000000002 0.2 4 0 3.4000000000000004 0 2.2 1.8 0 2 0 7.2 7 0.2 6.800000000000001 2 2.4000000000000004 2.4000000000000004 0.2 0 0 0 0 0 0 0 0 0.2 0 0 0 0 0 0 0 0 0 0 0 0 0 0 0 0 0 0 0 0 0 0.2 0 0 0.4 0 0 0 0 0 0 0 0 0 0 0 2.6 0 0 0 3.2 3 1.8 0 0 0 0 0.8 0 1.8 0 6.800000000000001 6.800000000000001 2.2 9 0 0 1.8 8 0 3 3 0 2 3.2 5.6000000000000005 2.2 0 0 2.4000000000000004 2.2 0.4 0 0 0 0 0 0 0 0 0 0.4 0 0 0 0.8 0 0 0 0 0 0.2 0 0 0 0 0 0 0 0 0 0 0 0 0 0 0 0 0.4 0 0 0 0 0 0 0 0.8 1.6 0.8 0.2 0.2 0 1.2000000000000002 0 0 0 0 0 0 0 0 0 0 0 0 0 0 0 0 0 0 0 0 0 0 0 0 0 0 0 0 0 0 0 0 0 0 2.4000000000000004 0 0 2.8000000000000003 
 51.800000000000004 33.800000000000004 89.80000000000001 8.6 6.2 7.800000000000001 0 30.400000000000002 14.4 25.8 5 6.4 35.800000000000004 28.200000000000003 14.4 4.2 20 11 33.4 26.200000000000003 0 0 15 0 0 0 0 0 0 0 0.4 0.2 0 0 0 0 0 0 14.600000000000001 0 0 0.4 0 0.4 0 0 0 0 0 0 0.6000000000000001 0 0 0 0 0 0 0 0.4 0 0 0 1.4000000000000001 0 0 0.6000000000000001 0 0 0.2 0 0 0 0 0.6000000000000001 0.6000000000000001 0 0 0 0.6000000000000001 0 2 6.6000000000000005 0.2 1.4000000000000001 0 0 0 0.4 4.6000000000000005 2.6 0 0 3.6 2.8000000000000003 6.4 5.6000000000000005 6.6000000000000005 0 5.4 10.8 0 0 0 0 0.2 0 0 0 0 1.8 0 0 0 0 0 0 0 0 0 0 0 0 0 0 0 0 0 0 0.2 0 0 0 0 0 0 0 0 0 0 0 0 0.2 0 0 0 0 0 0 0 0 0 0 0 0 0 0 0 0 0 0 2.2 0.2 2.8000000000000003 0 0 0 2.2 0.2 0.2 2 0 0 3.2 7.6000000000000005 0 0 1.6 2.6 1.6 4.800000000000001 0 0.4 0 0 0 0 0.2 0 0 0.2 0 0 0 0 0 0 0 0 0 0 0 0 0.6000000000000001 0 0 0 0 0 0 0 0 0 0 0 0 0.4 0 0 0 0 0 0 0 0 0 0 0 0 0 0 0 3.8000000000000003 0 0 0 0 0 0 0 0 0 0 0 0 0 0.4 0.2 0 0 0 0 0 0 0 0 0 0 0 0 0 0 0 0 0 0 0 0 0 0 0 0 0 0 0 0 0 0 0 0 0 0 0 0 0 0 0 0 0 0 0 
 11.200000000000001 41.2 20.8 95.4 13.4 9.4 30.400000000000002 0 77.2 7.6000000000000005 69.4 10.600000000000001 18.2 108 53.800000000000004 12.8 88.4 26 20.6 31 0 0 0 0 0 0.2 0 0 0.4 0.2 0.2 0 0 0 0.4 0 0.4 0 0 0 0 0 0 19 0 0 4.4 0 0 0 0.6000000000000001 0.2 0.2 0 0.4 0 0 0 0.4 0 0 0 1.2000000000000002 0 0 0.6000000000000001 0 0 13 0 0 0 0 0.6000000000000001 0.6000000000000001 0 0 0 0.6000000000000001 0 1.2000000000000002 19.6 0 0 0 1.6 10.200000000000001 8.6 4.6000000000000005 2.6 0.2 3.4000000000000004 3 3.2 4.800000000000001 0.2 1.2000000000000002 2 1.8 3 0 0 0 0 0 0 0 0 0 0 0 0 1.4000000000000001 0 0 0 0 0 0 0 0 0 0 0 0 0 0 0 0 0 0.4 0 0 0 0 0 0 0 0 0 0 0 0 0 0 0 3.6 0 0 0 0 0 0 0 0 0 0 0 0 0 2.8000000000000003 0.2 8.8 0 5.4 0 7.6000000000000005 4.6000000000000005 0.2 7.4 10.200000000000001 2.2 0 0.6000000000000001 0 0 15.200000000000001 3.2 3 3.2 0 1.4000000000000001 0 0 0 0 0.2 0 0 0 0 0 0.4 6 0 0 0 0 3.8000000000000003 0 0 0 0 0 0 0 0 0 0 0 0 7.800000000000001 0 0.2 0 0 0 0 0 0 0 0 0 0 0 0 0 0 0 0 0 0 0 0 0 0 0 0 0 0 0 5.6000000000000005 0 0 0 0.4 0.4 0 0.4 1.4000000000000001 0.2 0.6000000000000001 0 0 0.4 0 0 0 0 0 0 0 0 0 0 0 0 0 0 0 0 0 0 0.4 0 0 0 0 0 0 0 0 0 0 0 0.4 0 0 0 0 
 27.6 9 17.400000000000002 32 40.2 10.200000000000001 14.4 77.2 0 49.800000000000004 36.800000000000004 10.200000000000001 16 77 55.2 59.400000000000006 8.200000000000001 39.400000000000006 17.6 41.2 0.2 0 0 0 0.4 0 0.4 0 0 0 0 0 0 0 0 0 0 0 0 0 0 0.4 0 0.2 0 0 0 0 0 0 0.6000000000000001 0 0.6000000000000001 0 0 0 12.200000000000001 0 0.4 0 0 0 1.4000000000000001 0 0 0.6000000000000001 0 0 0 0 0 0 0 0.6000000000000001 0.6000000000000001 0 0.2 0 0.6000000000000001 0 3.6 5.6000000000000005 0 1.6 0.2 0.2 11.8 0 15.200000000000001 4 0 2.2 0.2 1.8 4.2 0 2 0.2 0 0 0 0 0 0 0 0 2.2 0 0 0 0 0 0 0 0 0 0 0 0 0 0 0 0 0 0 0 0 0 0 0 0 0.6000000000000001 0 0 0 0 0 0 0 0 0 0 1 0 0 0 0 0 0 0 0 0 0 0 0.6000000000000001 0 0 0 0 0 2.8000000000000003 3.8000000000000003 4.2 2 8.6 0 4.4 0 2.2 6 5.6000000000000005 0 0 2 8.200000000000001 3.8000000000000003 1.4000000000000001 0 0 7.2 0 0.2 0 0 0 0 0 0 0 0 0 0 0 0 0 0 0 0 2.8000000000000003 2.2 0 0 0 0 0 0 0 0 0 0 0 0 0 0 0 0 4 0 0 0 0 0 0 0 0 0 0 0 0 0 0 0 0 0 0 0 0 0 0 0 0 0 0 0 0 0 27.400000000000002 0 17.400000000000002 22.200000000000003 0 0 0 0 0 0 0 0 0 0 0 0 3.2 0 0 0 0 0 0 0 0 0 0 0 0 0 0 0 0 0 0 0 0 0 0 0 0 0 0 0 
 43 70.4 60.2 22 43.800000000000004 25.6 25.8 7.6000000000000005 49.800000000000004 0 51.6 26.200000000000003 73.60000000000001 35.6 107.60000000000001 60 136.4 27 17.2 85 15.200000000000001 0 0 0 0 0 0 0 0 0 0 0 0 0.2 0 0 0 0 15.200000000000001 0 0 0.4 0 0.2 0 0 0 0 0 0.2 0.6000000000000001 0 0 0 1.4000000000000001 0 0 0 0.4 0 0 0 0 0 1 0.8 1.4000000000000001 0 0 0.8 0 0 0 0.6000000000000001 0.6000000000000001 0 0 0 0.6000000000000001 0 0 0 3.6 0.2 4.6000000000000005 0 0.8 0 1.8 4 5 9.200000000000001 0.6000000000000001 10.4 0 3.2 12 5.6000000000000005 0 0 0 2.6 0 0 0 0.4 2.2 0 0 0 0 0 2.4000000000000004 0 0.4 0 0 0 0 0 0 0 0.2 0 0 0 0 0 0 0 0 0 2 0 0 0.4 0 0 0 0 0 0 0 0 0 0 0 0 1.6 0 4.4 0 0 0 0 0 0 0 0 0 0 3.4000000000000004 4.2 3.8000000000000003 2.4000000000000004 0.4 1.2000000000000002 0 2 7.2 0 0.6000000000000001 4.800000000000001 3 2.4000000000000004 0.2 3.8000000000000003 2.8000000000000003 1.8 5.2 0 0 2.6 0 0 0.4 0 0 0 0 0 0 3.8000000000000003 0 0 0 0 0 4.6000000000000005 10.8 0 0 0.2 0 0 0 0 0 0 0 0 0 0 0 0 0 0 0 0.4 0 0 0 0 0 0 0 0 0 0 0 0 0 0 0 0 0 0 0 0.4 0 0 0 0 0 0 0 8.8 0.6000000000000001 10.200000000000001 0.4 0 0.6000000000000001 2.4000000000000004 0 0 0 0 0 0 0 0 0 3.4000000000000004 0 0 0 0 0 0 0 0 0 0 0 0 0 3 0 0 0 0 0 0 0 0 0 0 0 0 0 
 8.200000000000001 8.200000000000001 57 65.8 25.400000000000002 96.4 5 69.4 36.800000000000004 51.6 0 35.2 29.400000000000002 28.400000000000002 11 41.400000000000006 98.4 9.600000000000001 12.600000000000001 38 21.200000000000003 0 0 0.2 0 0 11 0.6000000000000001 0 0.4 0.6000000000000001 0 0 17 0 0 0 0.2 0.4 0 0 0 0 0 0 0 0 0 0 0 0.6000000000000001 0 3.8000000000000003 0 0 0 0.8 0 0.4 0 9 0.6000000000000001 0 0.4 0 0.6000000000000001 1 0 0 0 0 0 0 0 0.6000000000000001 0 0 0.2 0.6000000000000001 0.6000000000000001 3.2 2.2 0 6.4 3.2 6.2 3.6 4 6.2 4.4 2.4000000000000004 8.4 2.2 0.2 0.2 0 3.2 6.2 0 0 0 2 0 0 0 0 2.6 0 9.600000000000001 0 1.8 0 3 0 4.800000000000001 9.600000000000001 2.2 0 0 0 0 0 0 0 0 0 0 0 0 0 0 0.2 0 0 0 0 0 0 0 0 0 0 0.8 0 0 0 0 0 0 0 0 0 0 0 0 0 0 0 0 0 0 0.2 2.6 5.6000000000000005 2.2 0.2 2.4000000000000004 0.2 0.4 2.2 4.6000000000000005 2.2 0 0 0 3.2 3.6 4 0 0 0 0 3 0 0 0 0 0 0 0 0 0 5.800000000000001 0.4 0 0 0 0 2.8000000000000003 12.8 0 0.4 0 0.2 0 0 0 0 0 0 0 0 0 0 0 0 0 0 0 0 0 0 0 0 0 0 0 0 0 0 0 0 0 0 0 0 0 0 0 0 0 0 0 0 0 0 1.8 0 0.2 0 0.2 0.8 0.8 0 0 0 0 0 0 0 0 0 0 0 0 0 0 0 0 0 0 0 0 0 0 0 0 0 0 0 0 0 0 0 0 0 0 0 0 0 
 50.400000000000006 106.80000000000001 20.200000000000003 76.80000000000001 17.6 21.400000000000002 6.4 10.600000000000001 10.200000000000001 26.200000000000003 35.2 0 11.600000000000001 25.200000000000003 72 26.6 74 32.4 3.8000000000000003 7.6000000000000005 15.200000000000001 0 0 0 0.4 0.4 0 0 0 0 0.4 41.6 0.4 0 0.2 0.4 0 0 45.800000000000004 0.4 0 0 0 0.4 0 0 0 13.200000000000001 0 0 0.6000000000000001 0 0.6000000000000001 0 0 0 0.2 0 0.4 0 0 0 0 0 0 0.6000000000000001 1 0 0 0 0 0 0 0.6000000000000001 0.6000000000000001 0 0 0 0.6000000000000001 0 0 0 6.2 5 1.6 14.600000000000001 0 0 9.4 4.6000000000000005 5.800000000000001 8 0 0 1.2000000000000002 1 3.2 12.200000000000001 0 0 0.8 1.6 0.2 0 0 0 2.6 0 4 0 0 0 5.2 4.2 1.8 3.4000000000000004 0 0 5.2 0.8 0 0 0 0 0 0 0.4 0 0 0 0 0 0 0 0 0 0 0 0 0 0 0 0.6000000000000001 0 0 0 0 0 0 0 0 0 0 0 0.8 0 0 0 0 0 0 0.4 1.8 3.2 4.800000000000001 4.800000000000001 0 0.2 0 3.2 0 0.2 0 0 0 0 3.4000000000000004 5 0.4 0.2 0 0.4 0 0 0 0 0.2 0 0 0 0.2 0 3.8000000000000003 2 1.8 0 0 0 5.4 7.4 0 0 0 0 0 0.2 0 3 0.4 0 0 0 0 0 0.4 0.2 0 0 0 0 0 0 0 0 0 0 0 0 0 0 0 0 0 0 0 0 0 0 0 0 0 1.4000000000000001 0 0 0 0 0.4 0 0.6000000000000001 0.2 0 0.8 0.8 0 0 0 0 0 0 0 0 0 0 0 0 0 0 0 0 0 0 0 0 0 0 2 5.800000000000001 0 0 0 0 0 0 0 0 0 0 0 0 0 
 11.4 74.4 66.4 11.600000000000001 12.4 23 35.800000000000004 18.2 16 73.60000000000001 29.400000000000002 11.600000000000001 0 50.6 54 25.6 35 11.4 33 40.400000000000006 0.2 0 0 0 0 0 0 0 0 0 0 0 0 0 0 0 0 0 0 0 0 0.4 0 0.2 0 0 0 0 0 7 0.6000000000000001 0 1 0 0 0 0 0 0.4 12.4 0 0.2 0 11.4 0 0.6000000000000001 0.2 0 0.2 0 0 0 0 0.4 0.6000000000000001 0 0 0 0.6000000000000001 0 0 1.8 2.6 0.2 0.4 0.2 7.2 9 4 0 2.4000000000000004 0 9.200000000000001 2.4000000000000004 4.6000000000000005 7.6000000000000005 2.2 0.2 2 0 0 0 0 0 0 0 0 0 0 0 0 0 0 0 0 0 0 0 0 0 0 0 0 0 0 0 0 0 0 0 0 0 0 0 0 0 0 0 0 0 0 1.6 0 0 0 0 0 0 0.4 0 1.6 0 0 0 0 0 0 0 0 0 0.2 4.800000000000001 0 1.8 0.4 0 3.6 0 0.6000000000000001 6.800000000000001 0 1.4000000000000001 7.2 5 12 7 4.4 0 0 2.6 0 0 0 0 0 0.6000000000000001 0 0.4 0.2 0 0 0 0 0.4 0 0 0 0 0 0 0 0 0 0 0 0 0 0 0 0 0 0 0 0 0 0 0 0 0 0 0 0 0 0 0 0 0 0 0.4 0 0.4 0 0 0 0 0 0 0 0 0 0 0 0 0 0 0 19.6 0 0.4 0 0.4 2.4000000000000004 0 0 0 0 0 0 0 0 0 0 5.4 0 0 0 0 0 0 0 0 0 0 0 0 0 0 0 0 0 0 0 0 0 0 0 0 0 0 0 
 10.8 9.8 103.4 57.800000000000004 48 9 28.200000000000003 108 77 35.6 28.400000000000002 25.200000000000003 50.6 0 16.400000000000002 8.200000000000001 46.2 40.800000000000004 42.800000000000004 34.800000000000004 0.2 0 0 0 0 0.4 0 0 0.2 0 0.6000000000000001 0.6000000000000001 0.2 0 0.2 0 1.4000000000000001 0 0 0 0 0 0 0.2 0 0 0 0 0 0 1 0.4 1.4000000000000001 0 0 0 0 0.4 0.4 0 0 0.6000000000000001 1.2000000000000002 0.6000000000000001 1.2000000000000002 1.2000000000000002 0 0 0 1.4000000000000001 2.8000000000000003 0.6000000000000001 0 0.6000000000000001 0.6000000000000001 0.4 0.6000000000000001 0.6000000000000001 0.6000000000000001 0 6.4 3.4000000000000004 2.4000000000000004 1.4000000000000001 0 4 4.4 2 7 8.8 0 4.4 0 0 0 0 4.4 3.2 3.4000000000000004 0 0 0 0 0 0.2 0 0.4 0 0 0 0 0 0 0 0.2 0 0 0 0 0 0 0 0 0 0 0 0 0 0 0 0 0 0 0 0 0 0 0 0 0 0 0 0.6000000000000001 0 0 0 0 0 0 0 0 0 0 0 0 0 0 0 0 5.800000000000001 2.4000000000000004 0 5.4 3 7 0 4.4 0 2.2 8 7.6000000000000005 0 0 2.6 0 2.8000000000000003 2 0.6000000000000001 0 2.4000000000000004 0 0 0 0 0 0 0 0 0 0 0 0 0 0 0 0 0 0 4.4 2 0 0 0 0 0 0 0 0 0 0 0 0 0 0 0 0.4 0 0 0 0 0 0 0 0 0 0 0 0 0 0 0 0 0 0 0 0 0 0 0 0 0 0 0 0 0 0.4 17.6 0 17.400000000000002 0.4 0 0.4 0 0 0 0 0 0 0 0 0 0 0.4 0 0 0 0 0 0 0 0 0 0 0 0 0 0 0 0 0 0 0 0 0 0 0 0 0 0 0 
 26.400000000000002 37.6 65.8 68.2 31 8.4 14.4 53.800000000000004 55.2 107.60000000000001 11 72 54 16.400000000000002 0 70.60000000000001 49.6 20.8 30.6 44.2 0.2 0 0 0 0 0 0 0 0 0 0 0 14.8 0.4 0 0 0 0 13.8 0 0 0.8 0 0.2 0 0 0 1 0 0 0.6000000000000001 0 0 0 0 0 12.600000000000001 0 0.4 0 0 0.2 0 0 0 0.6000000000000001 0.4 0 0 0 0 0 0 0.4 0.6000000000000001 0 0 0 0.6000000000000001 0 0 3.8000000000000003 1.2000000000000002 3.8000000000000003 1.6 3.6 2.8000000000000003 3.4000000000000004 0.6000000000000001 6.4 5.2 4.2 2.2 4.6000000000000005 8.4 6.800000000000001 4 2.8000000000000003 3.4000000000000004 4.800000000000001 0 0.2 0 0 0 0 0 0 0 0 0 0 1 0 0 0 0 0 0 0 0 0 0 0 0 0 0 0 0 0 0 0 0 0 0 0 0 0 0 0 0 0 4.800000000000001 0 0 0 0 0 0 0 0.2 0 0 0 0 0 0 0 0 0 0 3.4000000000000004 7.800000000000001 0 7.800000000000001 1.8 0 0 0.6000000000000001 4.6000000000000005 0 0 2.4000000000000004 4 0 0 2.4000000000000004 7.2 1.8 1.4000000000000001 0 0 0 0 0 0 4.2 0 0 0 0 0 9.4 1.8 0 0 0 0 6.4 1.4000000000000001 0 0 0 0 0 0 0 0 0 0 0 0 0 0.2 0 0 0 0 0 0 0 0 0 0 0 0 0 0 0 0.2 0 0 0 0 0 0 0 0 0 0 0 1.4000000000000001 0 0 0 0 0 0 18.2 0.4 3.2 1.6 0 0 0 0 0 0 0 0 0 0 0 0 0 0 0 0 0 0 0 0 0 0 0 0 0 0 0 0 0 0 0 0 0 0 0 0 0 0 
 23.8 5.2 46.800000000000004 29.200000000000003 51.800000000000004 13.200000000000001 4.2 12.8 59.400000000000006 60 41.400000000000006 26.6 25.6 8.200000000000001 70.60000000000001 0 71.60000000000001 27.400000000000002 22.8 87.2 16.400000000000002 0 0 0.6000000000000001 0.6000000000000001 0.2 0 0 0.4 0.2 0.4 1 14.600000000000001 0.6000000000000001 0.4 0 0.8 0.6000000000000001 2.6 0 0.2 0.2 0 0 1 0.6000000000000001 0 0.6000000000000001 0 0 1.6 0.6000000000000001 0 0 0 0 0.6000000000000001 0.6000000000000001 0.8 0.2 0.2 0.6000000000000001 0 0 0 1 1.6 0.2 0 0 0 0.4 0 0 0.8 0 0 0.2 0.6000000000000001 0 3 1.6 0.2 6.2 7.4 1.8 4.6000000000000005 0 1.6 0 2.8000000000000003 5.6000000000000005 0 0 0 4.2 5 3.6 0 0 0 0 0 0 0 0 2.2 0 7 0 0 0 0 0 3.4000000000000004 0 0.2 0 0 0 0.2 0 0 0.2 0 0 0 0 0 0 0.2 0 0 0 0 0 0 0 0 0.2 0 0 0.6000000000000001 0 0 0 0 0 0 0 0 0 0 0 0.4 0 0 0 0 0 0 0 1.8 5.800000000000001 4 1.4000000000000001 2.4000000000000004 0 4 2.6 1.8 0 0 0 2.4000000000000004 2.6 2.4000000000000004 2.8000000000000003 0 2.8000000000000003 0 0 0 0 0 0 0 0 0 0 0 0 7 0 0 0 1.2000000000000002 0.2 11 8.4 0 0 0 0 0 0 0 0 0 0 0 0.2 0 0 0 0 0 0 0 0 0 0 0 0 0 0 0.6000000000000001 0.6000000000000001 0 0 0 0 0 0 0 0 0 4.6000000000000005 0 0 0 0 0 0 2.2 0.6000000000000001 18.2 0 18.8 0.2 2.6 2.6 1 0 0.4 0 0 0 0 0 0.2 0 3.4000000000000004 0 0 0 0 0 0 0 0 0 0 0 0 0 0 0 0 0 0 0 0 0 0 0 0 0 0 0 
 8.6 45.2 14.600000000000001 27.8 10 11 20 88.4 8.200000000000001 136.4 98.4 74 35 46.2 49.6 71.60000000000001 0 21.6 24.200000000000003 60.6 0.6000000000000001 0 0 0 0 0 0 0 0 0 0.4 1 0 0 0 0 0 0 15 0.6000000000000001 0 0.4 0 0.2 0 0.6000000000000001 0.6000000000000001 0 0 0 0.6000000000000001 0 0.4 0.4 0 0 0 0.6000000000000001 0.4 0 0 0.2 1.4000000000000001 0 0 0.6000000000000001 0 0 0 0 0 0.2 0.2 0.4 0.6000000000000001 0 0 0 11 0.4 1.8 6 4.6000000000000005 0 2.2 3.2 1.4000000000000001 3.8000000000000003 9 3.2 5.800000000000001 0 9.4 2.8000000000000003 13.200000000000001 9.4 1.6 1.8 0 0 2.2 1.4000000000000001 0 0 0 0 0 0 0 0 0 0 3.2 0 0 0 0 0 3.2 2.6 0 0 0 0 0 0 0 0 0 0 0 0 0 0 0 0 0 0 0 0 0 0 0 0 0 0 0 0 0 1 1 0 0 0 0 0 0 0 0 0 2.2 6.2 0.2 3.8000000000000003 0 0 7.800000000000001 2.6 0 8.4 4.2 1.2000000000000002 6.6000000000000005 1.8 5.6000000000000005 3.6 4.4 1.8 0 6.4 0 0 2.8000000000000003 2.4000000000000004 0 0 0 0 0 0 0 0 0 0 0 0 0 0 0 2 0 0 0 0 0 0 0 0 0 0 0 0 0 0 0 0 0 0 0 0 0 0 0 0 0 0 0 0 0 0 0 0 0 0 0 0 0 0 0 0 0 0 0 0 0 0 17.400000000000002 0.2 0.2 17.8 0.6000000000000001 1.6 0 0 0 0 0 0 0 0 0 0 3.2 0 0 0 0 0 0 0 0 0 0 0 0 0 2 0 0 0 0 0 0 0 0 0 0 0 0 0 
 6.2 25.6 27.200000000000003 11.600000000000001 79.80000000000001 12.200000000000001 11 26 39.400000000000006 27 9.600000000000001 32.4 11.4 40.800000000000004 20.8 27.400000000000002 21.6 0 8.6 4.6000000000000005 1.2000000000000002 0.2 0.4 0.2 8.4 0 15.4 0 0.6000000000000001 0 0.6000000000000001 0 22 0.4 0 0 0.6000000000000001 1.6 5.2 15 0 1.2000000000000002 0.4 0.4 0 0.4 0 0.6000000000000001 0 0 1 0 0 0.4 0.6000000000000001 0.4 0 1 0.6000000000000001 1.2000000000000002 0 1 3.2 0 0 6.4 0.2 0.2 0 0 0 0 0 0.4 0.6000000000000001 0 0 0 0.6000000000000001 0 10.200000000000001 2.8000000000000003 0.8 2.4000000000000004 4.800000000000001 0 0 0 6.800000000000001 0 0 0.6000000000000001 1.2000000000000002 0 10.8 7 0 0.4 0 0 4.800000000000001 0 0 0 0 0 2.4000000000000004 0 0 0 0 0 0 0 2.8000000000000003 0 0 0 0 0 0 0 0 0 0 0 0 0 0 0 0 0 0 0 0 0 0.4 0 0 0 0 0 1 0 0 0 0 0 0 0 0 0 0 0 0.6000000000000001 0 0 0 0 0 2 0 1.8 10 4.6000000000000005 1.4000000000000001 2 0 2.4000000000000004 4.800000000000001 6.6000000000000005 2 0 3.4000000000000004 0 2.2 0 3.8000000000000003 0 7.6000000000000005 6.4 0 0 0 0 0 0 0 0 0 0 0 8.8 0 0 0 0 0 3.6 2.8000000000000003 0 0 0 0 0 0 0 0 0 0.4 0 0 0 0 0 0 0 0 0 0 0 0 0 0 0 0 0 0 0 0 0 0 0 0 0 0 0 0 0 0 0 0 0 0 0 0 0 0 19.400000000000002 0.4 3 2.4000000000000004 0 0 0 0 0 0 0 0 0 0 0 0 0 0.2 0 0 0 0 0 0 0 0.2 0 0 0 0 0 0 0 0 0 0 0 0 0 0 0 2.4000000000000004 
 42.400000000000006 13.600000000000001 24.400000000000002 20.400000000000002 13 15.200000000000001 33.4 20.6 17.6 17.2 12.600000000000001 3.8000000000000003 33 42.800000000000004 30.6 22.8 24.200000000000003 8.6 0 65.8 0.4 0.4 0 0.4 0 0.2 0 0 0 0 0 0 0.4 0 0 0 0 0.2 1.4000000000000001 0 0 0.4 0 0.4 0 0 0 0 0 1.8 0.8 0 0 0 0 0 0 0 0.4 0 0 9.4 0 0 0 0.6000000000000001 0.2 0 0 0 0 0 0 0.6000000000000001 0.6000000000000001 0 0 0 0.6000000000000001 0 0 3.8000000000000003 0 0.8 0.2 0 4 6.2 0 0 3.8000000000000003 0 2.2 4.2 1 0 3.6 0 2 0 0 0 0 0 0 0 0 0 0 0 0 0.4 0 0 0 0 0 0 0 0 0 0 0 0 0 0 0 0 0 0 0 0 0 0 0 0 0 0 0 0 0 0 0 1.6 0 0 0 0 0 0 0 0 0 0 0 0 0 0 0 0 0 0.4 0 3.4000000000000004 0 0 2 2 4 0.2 0.2 1.8 4.800000000000001 2.6 3.2 5.800000000000001 0.2 0 0 0.2 0 0 0 0.4 0 0 0 0 0.6000000000000001 0 0 0 0 0 0 0 0 0 3.4000000000000004 0 0 0 0.4 0 0.4 0 0 0 0 0 0 0 0 0 0 0 0 0 0.2 0 0 0 0 0 0 0 0 0 0 0 0 0 0 0 0 0 0 0 0 0 0 0 0 0 0 0.4 0.4 0 0.2 0.2 0.2 2.4000000000000004 0 0 0 0 0 0 0 0 0 0 0 0 0 0 0 0 0 0 0 0 0 0 0 0 0 0 0 0 0 0 0 0 0 0 0 0 0 0 
 25.8 69.2 18.2 13.200000000000001 53.6 9 26.200000000000003 31 41.2 85 38 7.6000000000000005 40.400000000000006 34.800000000000004 44.2 87.2 60.6 4.6000000000000005 65.8 0 0.2 0.2 0 0 0 0.2 0 0 0 0 0 0 0 0 0 0 0 0 5.4 0 0 0.4 0 0.4 0 0 0 0 0 0 12.4 0 3.2 0 0.2 0 0 0 0.4 0 0 0 0 0 0 0.6000000000000001 0 0 0 7.6000000000000005 0 0 0 0.6000000000000001 0.6000000000000001 0 0 0 0.6000000000000001 3.4000000000000004 0 6.800000000000001 0 3.2 0 0 4.2 4.800000000000001 1.2000000000000002 0 4.6000000000000005 0 0.2 4.2 5.6000000000000005 0 6.2 2 0 4.4 0 0 0 0 0 0 0 0 0 0 0 0 0 0 0 0 0 0 0 0 0 0 0 0 0 0 0 0 0 0 0 0 0 0 3.4000000000000004 0 0 0 0 0 0 0 0 0 0 0 0 0 0 0 0 0 0 0 0 0 0 0 0 0 6 2 4.2 4 0 0 5 2.2 0.6000000000000001 3.4000000000000004 1.4000000000000001 0 2 5.6000000000000005 5.6000000000000005 7.6000000000000005 6.4 0.2 0 6 0 0 0 0 0 0 0.2 0 0 0 0 0 0 0 0 0 0 0 0 0 0 0 0.2 0 0.2 0 0 0 0 0 0 0 0 0 0 0 0 0 0.4 0 0 0 0 0 0 0 0 0 0 0 0 0 0 0 0 0 0 0 0 0 0 0 0 0 0 0 18 0 1.2000000000000002 0.4 0 0 0 0 0 0 0 0 0 0 0 0 4.800000000000001 0 0 0 0 0 0 0 0 0 0 0 0 0 0 0 0 0 0 0 0 0 0 0 0 0 0 0 
 0 0.4 15.200000000000001 7 14.8 1.6 0 0 0.2 15.200000000000001 21.200000000000003 15.200000000000001 0.2 0.2 0.2 16.400000000000002 0.6000000000000001 1.2000000000000002 0.4 0.2 0 39.6 32.4 26.400000000000002 6.800000000000001 6 14.8 14.4 20.200000000000003 24 23.6 24.6 10.600000000000001 74.8 19.6 52.2 10.4 8.200000000000001 42.400000000000006 12.200000000000001 0 0.4 0.6000000000000001 0 0.6000000000000001 0 0 0 0.8 0.4 0 0.6000000000000001 0 0 0 0 0.6000000000000001 1 0 0 0 0.4 0.6000000000000001 0 0 0 1.4000000000000001 0.6000000000000001 0 0.2 0 0 0.6000000000000001 0 0 2.6 0 0 0 0 0 0 0 0.6000000000000001 3 1.2000000000000002 0.4 0 0 0 0 3.8000000000000003 0 0 0 0 0 0 0 0 1.8 4 5.6000000000000005 2 2.8000000000000003 0 4 6.6000000000000005 9.200000000000001 5 2 0.2 3.2 1.4000000000000001 2 5.800000000000001 2.2 0 3.6 1.8 0 0 0 0 0 0 0 0 0 0 0 0.2 0 0 0 0 0 0 2.4000000000000004 0.2 0 0 0 0 0 0 0 0 0 0 0 0 0 0 0 0 0 1.2000000000000002 0 0 0 0 0 3.6 0.2 4.6000000000000005 0 0 0 0 0 0 0 0 0 0 0 4.2 0 0 1.6 3.6 7.4 6.6000000000000005 2 0 1.8 0.2 0.2 9.4 3.8000000000000003 0.2 2.2 0 3.2 2.6 0.2 2.4000000000000004 0 8.6 0 0 0 0 0.2 0 0 0 0 0 0 0 0 0 0 0 0 0.4 1.6 4 0 0 0 0.2 0 0 0 0 0 0 0 0 0 0 0 0 0 0 0 0 0 0 0.2 0 0 0 0 0 0 0 0 0 3.6 0 1 0.2 0.4 15.600000000000001 15.600000000000001 0 0.6000000000000001 0.2 0 0 0 0 0 0 0 0 0 0 0 0 0 0 0 0 0 1.4000000000000001 0 8.4 0 0 0 0 0 0 0 0 
 15.200000000000001 0 0 9.4 14.600000000000001 3 0 0 0 0 0 0 0 0 0 0 0 0.2 0.4 0.2 39.6 0 72.60000000000001 8.200000000000001 7.2 3.4000000000000004 40 93.2 83 20.8 6.4 6.2 26.200000000000003 10.8 25.8 24.6 9.600000000000001 15 13.200000000000001 80.2 0 0.2 41.800000000000004 0 0.6000000000000001 0 41.2 0 41.2 0.4 0 0.6000000000000001 0 0 0 0 0.6000000000000001 0 0 12.600000000000001 0 0 0.6000000000000001 0 0 0 0.4 0.6000000000000001 0 0.4 0 0 0.6000000000000001 0 0 0 0 0 0 0 0 0 4.4 0 2 0 0 0 3.8000000000000003 0 0 0 0 0 0 0 0 0 0.2 0 2.8000000000000003 1.2000000000000002 6.6000000000000005 0.2 9.200000000000001 2.2 1.2000000000000002 6.6000000000000005 3 4.4 5.6000000000000005 2.2 0 3.2 2 3.4000000000000004 2.4000000000000004 2.6 0 0 0 0 0 0 0 0 0.2 0 0 0 0 0 0 0 0 0 0 0 0 2 0 0 0 0 0 0 0 2.2 0 0 0 0 0 0 0 0 0 1 0 0.2 0 5.4 0.2 0.6000000000000001 0 2.2 0 0 0 0 2.6 5.6000000000000005 0 0 0 0 0 0 0 0 2.6 6 1.2000000000000002 0 0 1.4000000000000001 3.8000000000000003 5.800000000000001 6.4 8.200000000000001 5.6000000000000005 2 0.2 3.4000000000000004 3.4000000000000004 2.6 6.2 12.200000000000001 0 1.6 0 0 0.2 0 0 0 0 0 0 0 0 0 0 0 0 0 0 0 2.4000000000000004 1.6 0 0 0 0 0 0 0 0 0 0.2 0 0 0 0 0 0.4 0 0 0 0 0 0 0 0 0 0 0 0 0 0 0 0 0 0 3.2 0 0.2 24.200000000000003 0 0 0 0.4 0 0 0 0 2 0 0 0 0 0 0 0 0 0 0.4 0 0 0 0 0 0 0 0 0 0 0 0 0 
 0 0 0 0 5.2 14.8 15 0 0 0 0 0 0 0 0 0 0 0.4 0 0 32.4 72.60000000000001 0 88.80000000000001 56.6 6.800000000000001 31.200000000000003 64.4 54.400000000000006 18 24.6 27.400000000000002 84.2 106 75.8 23.8 26.200000000000003 9.4 12 68.8 0 0.2 0.6000000000000001 0 0.6000000000000001 0 0 0 1.2000000000000002 0.4 0 0.6000000000000001 13.4 0 0 0 0.6000000000000001 0 0 0 0 0 0.6000000000000001 0 0 0 6 0.6000000000000001 2.4000000000000004 0.4 0 0 0.6000000000000001 0 0 0 0 0 0 0 0 0 0 0 0 0 0 0 0 0 0 0 0 0 0 0 0 0 0 0 5.800000000000001 4.2 0.8 9 1.8 0 3 0 2 2.2 1.8 2.4000000000000004 5.4 3.8000000000000003 0 10.8 0 0.2 6 4.2 0 0 0 0 0 0 0.2 0 0 0.4 0 0 0.4 0 0 0 0 1 0.2 0 0 0 0 0 0 0 0 0.4 0 0 0 0 0 0 0 0 0 0 0 0 0 0.8 0 0 0 1.8 0 0 0 0 0 0 0.4 0.4 0 0 0 0 0 0 1.6 6.2 18.400000000000002 3 1.8 0 1.8 1.4000000000000001 6.800000000000001 4.6000000000000005 0 0 0 2.2 3.2 3.4000000000000004 1.6 6.2 0 1.8 0 0 0 0.2 0 0 1 0.4 0 0 0 0 0 0 0 0 0 0 0 0 0 0 0 0 0 0 0 0 0 0 0 0 3.2 0 0 0 0 0.2 0 0.2 0 0 0 0 0 0 0 0 0 0 0 0 0 0 1.8 0.4 0.8 31 0.2 0.4 0.6000000000000001 0.4 0 0 0 0 1.6 0 0 0 0 0 0 0 0 0 0 0.4 0 2.2 0 0 0 0 0 0 1.8 0 0 0 
 0 0 0 0 0 0.2 0 0 0 0 0.2 0 0 0 0 0.6000000000000001 0 0.2 0.4 0 26.400000000000002 8.200000000000001 88.80000000000001 0 30.400000000000002 37.800000000000004 35.2 19.200000000000003 14.600000000000001 32.800000000000004 48 7.4 17.6 20.400000000000002 19.6 32 13 24.6 14.8 33.4 12.600000000000001 0 0.6000000000000001 0 0.6000000000000001 0 0.2 13.4 0 0.4 0 0.6000000000000001 0 1 0 0 0.6000000000000001 0 12.600000000000001 0 0 10 0.6000000000000001 0 0 0 0.4 0.6000000000000001 0 0.4 0 0 0.6000000000000001 0 0 0.8 0 0 0 0 1 0 0 0 0 0.4 0 0 0.2 0 0 0 0 0 0 0 0.8 0 0 0 0 0 0 1.8 4.4 10.600000000000001 0 2 3.6 0 3 4.800000000000001 0 1.4000000000000001 0 0 0 1.6 0.4 0 0 0 0.2 0 0 0 5.6000000000000005 3.6 3.4000000000000004 0 0 0 1 0 0 0 0.8 4.2 5.4 0 0 0 0 0.2 0 0 0 0 0 0 0 0 0 0 0 2.4000000000000004 0 0.4 0 0.6000000000000001 0 2.8000000000000003 0 0 0 0 0 0 0 0 0 0 0 0 0 0 0.6000000000000001 0.4 0.6000000000000001 0 4.4 0 0 9.8 1.6 0 0.2 0 0 0 0 4.4 0 2.8000000000000003 1.2000000000000002 0.2 0 2.8000000000000003 3.2 0 3 4 0 0 0 0 7.2 5.6000000000000005 0 0 0 0 6 4.6000000000000005 1.6 0.2 0 0 0 9.600000000000001 0 0 1.6 0 0 0 2 0 0 1.6 0.2 0.4 0 1.6 0 0 0 0 0 0 0 0 0 0 0 0 0 0 0 0 0 0 0 0.4 1.6 0 0 2.2 0 0.4 0.4 2.4000000000000004 0 0 0 0 0 0 0 0 0 0 0 0 0 0 0 0 0 2.4000000000000004 0 3.8000000000000003 0 0 0 0.4 0 0 0 0 
 0 0.6000000000000001 0 0.4 0.4 0 0 0 0.4 0 0 0.4 0 0 0 0.6000000000000001 0 8.4 0 0 6.800000000000001 7.2 56.6 30.400000000000002 0 31.6 7.6000000000000005 14 18.2 42.6 36.6 24.400000000000002 54.800000000000004 19.200000000000003 13.4 79.2 50 66.60000000000001 10.4 30.200000000000003 0 5.800000000000001 6.2 0.2 0.6000000000000001 0.2 30.400000000000002 5.4 0 0.4 0 0.6000000000000001 21.8 0.4 13.600000000000001 0 6.6000000000000005 1.8 12.600000000000001 9.4 0 0.4 1 0 0 0 0.8 0.6000000000000001 0 0.6000000000000001 0.4 0 0.8 0 0 0 0.4 0 0 0 0 0 0 0 0 0 0 0 0 0 0 1.6 0 0 0 0 0 0 0 0 0 0 0.4 0 2.4000000000000004 7.4 0 3.6 2.4000000000000004 1.6 0 0 2.6 0 0 0 2 0 0 0 1.8 0 5 5 1.2000000000000002 0 4.6000000000000005 2.6 2.8000000000000003 0 0 0 1.6 2.4000000000000004 0.2 4.4 5.4 3.6 0 0 0 0 0 0 0 0 0 0 0 0 0 0 0 1.6 0 0 0 0 0 0.6000000000000001 0 0 0 0 0 0 0 0 0 0 0 0.8 0 0 0 1 0 0 0 0 0 0 3.6 3 2.6 2.4000000000000004 0 0 13.8 0 0 2.6 0 0 0 0 5.2 0 0 0 4.6000000000000005 2.4000000000000004 0 1 0 0 2.2 6.2 1.6 0 2.6 0 9.4 5.800000000000001 1.8 2.4000000000000004 0 2.6 9 1 0 0 0 0 0 0 0 0 0 0 0 0 0 0 0 0 0 0 0 0 0 0 0 0 0 0 0 0 0 0 0 0 0 0 0.8 0 0.8 0 0.6000000000000001 0.6000000000000001 2.4000000000000004 0 0 0 0 0 1.6 0 0 0 0 0 0 0 0 0 0 0 0 0 0 0 0 0 0 0 0 0 0 0 
 0.2 0 0 0.2 0 0 0 0.2 0 0 0 0.4 0 0.4 0 0.2 0 0 0.2 0.2 6 3.4000000000000004 6.800000000000001 37.800000000000004 31.6 0 5.6000000000000005 5 25.200000000000003 30.6 87.2 79.4 8.4 9 20.6 24.6 53.2 28.6 8 15.200000000000001 12.8 0 0.6000000000000001 0 0.6000000000000001 0 24.200000000000003 0 0 0.4 0 0.6000000000000001 21.8 1.4000000000000001 0 0.4 0.6000000000000001 0 19.8 0 0 0 0.6000000000000001 0 0 0 0.8 0.6000000000000001 10.200000000000001 0 0 0 0.8 0 0 0.2 0 0 0 0 0 0 0 0 0 0 0 0 0 0 0 0 0 0 0 0.4 0 0 0 0 0 0 0.2 0 5.800000000000001 7.800000000000001 0 0 0 2.4000000000000004 2.4000000000000004 0 0 0 0 0 2 0 0 0 3 4.4 0 0 0 0.2 6.2 5 0 0 0 0 3.2 2 0.4 4.2 1.6 0.2 5.6000000000000005 4.800000000000001 0 0 0 0 0 0 0 0 0 0 0 0 0 0 0 0.4 0 0 0 0.6000000000000001 0 0 0 0 0 0.2 0 0 0.2 0 0 0.8 0 0 0 0 0 0 0 0 0 0 4 0 6.4 7 0 0 3.6 0 0 3 0 0 0 0 6.6000000000000005 0 0 0 2 0 0 0 0 0 5 3.4000000000000004 0 0.2 0 0 4.2 2.4000000000000004 0.2 0.2 10 0 4.4 0 0 0 2 0 0 0 0 0 0 0 0 0 0 0 0 0 5.2 0 0 0 0 0 2.8000000000000003 0 0 0 0 0 0 0 0 0 0 0 36.2 0.4 0 1 11.200000000000001 0 3 2.6 0 0 0 0 0 0 0 0 0 0 0 0 0 0 0 0 0 0 0 3.6 0 0 0 1 0 0 0 0 
 0 0.4 0 0 0.2 0 0 0 0.4 0 11 0 0 0 0 0 0 15.4 0 0 14.8 40 31.200000000000003 35.2 7.6000000000000005 5.6000000000000005 0 69 45 4 5.6000000000000005 7.800000000000001 65.60000000000001 31.6 7 23.200000000000003 8.8 17.8 52.800000000000004 125.80000000000001 0 0.2 0.6000000000000001 0 0.6000000000000001 0 0 0 13.200000000000001 0.6000000000000001 0 0.6000000000000001 0.2 0 0 0 0.6000000000000001 0 0 0 8.6 0 0.6000000000000001 0 0 0 0.4 0.4 0 0.6000000000000001 0 0 0.6000000000000001 0 0 0 0 0 10 0 2.2 0 0 1.6 0 0.2 0 0 0 0 3 0 0 0 2.4000000000000004 0 0 0 0 0 5.2 2 6 6.4 0 1.8 1.8 5.800000000000001 0 0 4.6000000000000005 0 4 0 6.2 10.4 2.8000000000000003 10 0 0 0 0 0 0 0 0 0 0 0 0 0 0 0 0 0 0 0 0 0 0 0 0 0 0 0 0 0 0 0 0 0 0 0 0 0 0 0 0 0 0 0 7.4 0 3.8000000000000003 0 0 0 0 0 0 0 0 0 0 0 0 0 0 0.2 0 0.4 1.6 4.6000000000000005 1.2000000000000002 0 0 4.800000000000001 8.200000000000001 6.800000000000001 2.4000000000000004 4.2 4 5 5.4 3.4000000000000004 3.6 4 2.8000000000000003 2.6 0 0 0 0 0 0 0 0 3.8000000000000003 0 0 0 0 0 0 0 0 0 0 0 0 0 0 0 0 0 0 0 0 0 0 0 0 0 0 0 0 0 0 0 0 0 0 0 0 0 0.2 0 0 0 0 0 0 0 0 0 0 0.4 16.400000000000002 0 0.2 0 0 0 0 0 0.2 3.4000000000000004 0 0 0 0 0 0 0 0 0 0 0 0 0 0 0 0 0 0 0 0 0 0 0 
 0 0 0.6000000000000001 0 0 0 0 0 0 0 0.6000000000000001 0 0 0 0 0 0 0 0 0 14.4 93.2 64.4 19.200000000000003 14 5 69 0 47 80.2 14.600000000000001 14 27.200000000000003 29.8 33.800000000000004 67.60000000000001 22.6 81.4 26.6 43.400000000000006 0 0.2 0.6000000000000001 0 0.6000000000000001 0 0 0 0 0.4 0 0.6000000000000001 0 0 0 0 0.6000000000000001 0 12.4 0.2 0 0 0.6000000000000001 0 0 0 11 0.6000000000000001 0.2 0.2 0 0 0.6000000000000001 0 0 0 0 0 0 0 0 0 0 0 0 1.8 0 0 0 0 2.8000000000000003 0 0 0 0 0 0 0 0 0 3.6 0 8.4 3.4000000000000004 2 3.8000000000000003 0.2 10.8 0.8 3.4000000000000004 4.4 2.4000000000000004 0 0 3.4000000000000004 0 19.6 3 2 8 2.2 0 2 0 0 0 3 2.4000000000000004 0 0 0 0 2.6 2.6 0 0 0 0 4.6000000000000005 0.2 0 0 0 0 0 0 0 0 0 0 0 0 0 0 0 0 0 0 0 0 0 0 0 0 0 0 0 0 0 0 0 2 0 0 0 0 0 0 0.2 0 0 8 2.4000000000000004 3.6 2 5.800000000000001 0.2 8.200000000000001 4.6000000000000005 0.2 4 0.2 0 3.8000000000000003 0.2 4.2 5.6000000000000005 7 2.4000000000000004 0 0 0 0 0 0 0 0 0 0 0 0 0 0 0 0 0 0 0 2.4000000000000004 0 0 0 0 0 0 0 0 0 0 0 0 0 0 0 0 0 0 0 0 0 0 0 0 0 0 0.2 0 0 0 0 0 0 0 0 0.8 0 0.6000000000000001 0.8 0 0 0.2 0.2 0 0 0 0 0 0 0 0 0 0 0 0 0 0 0 1.2000000000000002 0 0 0 0 0 0 0 0 0 0 0 0 
 0.4 0.4 14.600000000000001 0 7.800000000000001 14.600000000000001 0 0.4 0 0 0 0 0 0.2 0 0.4 0 0.6000000000000001 0 0 20.200000000000003 83 54.400000000000006 14.600000000000001 18.2 25.200000000000003 45 47 0 46 12.200000000000001 10.8 33.6 42 45 55.6 42.2 23.6 14.600000000000001 30.8 0 0.2 0.6000000000000001 0 0.6000000000000001 0 12.4 0 1 0.4 0 0.6000000000000001 5.800000000000001 0 0 0 0.6000000000000001 0 12.4 4 0 0 0.6000000000000001 0 0 0 0.6000000000000001 0.6000000000000001 0 0.4 0 0 0.6000000000000001 0 0 0 0 0 0 0 0 0 0 0 0 0 0 0 0 0 0.4 0 0 0 0 0 0 0 0 0 0.2 0.2 1.8 1.6 11.8 0 3.2 2.4000000000000004 4 0.2 1.6 0 2.4000000000000004 1.8 1.6 7.800000000000001 4.800000000000001 0 4 0.2 0 3.4000000000000004 0.2 0 0 0 6 3.2 0 0 0 0 0 7 0 2 0 0 0 0 1.8 0 0 0 0 0 0 0 0.4 0 0 0.2 0 0 0 0 0 0 0 0 0 0 0 0 0 1.6 0 0 0 0 0 8.200000000000001 0 0 0 1.4000000000000001 0 0 0 0 4 2.4000000000000004 11.4 3 4.2 3.6 0 0 4.2 2.4000000000000004 0 3 0 0.2 2.4000000000000004 0.6000000000000001 1.8 5.4 2.8000000000000003 1.6 0 0 0 2.6 0 0 1.2000000000000002 0 0 0 0 0 0 0 0 0 0 0 0.2 0 0.2 0 0 0 0 0 0.4 0 0 0 0 0 0 0 0 0 5 0 0.2 0 0 0 0 0 0 0 0 0 0 0 0 0 0.4 0 1.4000000000000001 0.4 0 15.8 0.4 0.4 7.6000000000000005 0 0.4 0 0 0 0.4 0 0 0 0 0 0 0 0 0 0 0 0 0 0 0 0 0 0 1.4000000000000001 0 0 0 0 
 0 0 0 0 0 0 0 0.2 0 0 0.4 0 0 0 0 0.2 0 0 0 0 24 20.8 18 32.800000000000004 42.6 30.6 4 80.2 46 0 28.400000000000002 111.60000000000001 11.600000000000001 19.8 18.6 16.2 51.800000000000004 26.200000000000003 56 61.2 13.200000000000001 0 14.200000000000001 0.2 0.6000000000000001 0 12.8 0 0 0.4 0 0.6000000000000001 12.4 0.2 0 0.8 1 0 32.2 18.400000000000002 0 0 0.6000000000000001 0 0 0 0.8 0.6000000000000001 1.2000000000000002 0.2 0 1.2000000000000002 0.6000000000000001 0 0 0.2 0 0 0 0 0 0 0 0 0 0 0 2.8000000000000003 0 0 0 0 0 0 0 0 0 0 0 0 8.200000000000001 3 2 0.4 9.8 4.4 0 2.6 5.4 0.4 0 2.8000000000000003 0 6 0 0 4.6000000000000005 0.6000000000000001 0 0 5.4 0 0 0 0 0 1.8 11.200000000000001 0 0 0 0 1.6 3.4000000000000004 0.2 0 0 0.2 4.4 3.4000000000000004 0 0 0 0 0 0 1.8 0 0 0 0 0 2 0 0 0 0 1 0 0 0 0 0 0 0 0 0 0 0 0 0 0 0 0 0 2.2 0 0.2 0 0 0.2 1 2.2 3.4000000000000004 4.4 0.8 3 0 12 2.4000000000000004 4 3 0 0 0 2.4000000000000004 8.4 2.4000000000000004 0.4 0 1.8 0 0 0 0 0 0 1.2000000000000002 0 0 0 0.4 2 0 7.4 0 0 2.4000000000000004 7.2 1.4000000000000001 0 0 0 0 2.2 0 0 0 0 0 0 0 0 0 0 0 0.2 0.2 0 0 0 0 1.8 0 0 0 0 0 0 0 0 0 0 0 0.4 0 0.4 0.2 0.6000000000000001 0.4 0 0 0 0 0 0 0 0 0 0 0 0 0 0 0 0 0 0 0 0 0 0 0 0 0 1.4000000000000001 0 0 0 0 
 0 0 0 0.4 0 0 0.4 0.2 0 0 0.6000000000000001 0.4 0 0.6000000000000001 0 0.4 0.4 0.6000000000000001 0 0 23.6 6.4 24.6 48 36.6 87.2 5.6000000000000005 14.600000000000001 12.200000000000001 28.400000000000002 0 57.400000000000006 11.600000000000001 3.8000000000000003 57 31 76.80000000000001 20 7 14.600000000000001 13.200000000000001 0 0.6000000000000001 0 0.6000000000000001 0 12.200000000000001 13.4 0 0.6000000000000001 0 0.6000000000000001 0.4 1.2000000000000002 13 0 1 0.2 12.8 0.2 1.2000000000000002 0 0.6000000000000001 0 0 0 0.4 0.6000000000000001 0 0.6000000000000001 0 0.2 0.6000000000000001 0 0 1 0 0 0 0 0 0 0 0 0.2 0 0 0 0 0 0 0 0 0 0.2 0 0 0 0 0 0 0 0 2.4000000000000004 4 7.2 0 0 2.8000000000000003 0 2.2 3.8000000000000003 0 0 0 1.8 0 0 0 0 0 2.6 0 0 0 0 6.6000000000000005 6 3 0 0 0 3.6 4.6000000000000005 0 1.8 1.6 0.2 8.6 4.4 0 0 0 0 0 0 0 0 0 0 0 0 0 0 0 0 0 0 0 0.6000000000000001 0.2 0 0 0 0 0 0 0 0 0 0 3.4000000000000004 0 0 0 0 0 0 0 0 2.6 0 0 2.6 13.4 3.6 0 0 0 0 0 0 0 0 0 0 2.6 2.2 0 0 4.2 6 0 0 0 0.4 16.8 1.6 0 0 0 0 4.800000000000001 2.6 2 0 1.4000000000000001 0 1.4000000000000001 2.8000000000000003 0 0 2 0 0 0 0 0 0 0 0 0 0 0 0 0 0 0 0 0 0 0 1.2000000000000002 0 0 0 0 0 0 0 0 0 0 0 2 0 0 7.4 0.6000000000000001 0.4 5.2 2.2 0 0 0 0 0.8 0 0 0 0 0 0 0 0 0 0 0 0 2 0 2.6 0 0.2 0 0.2 0 0 0 0 
 0 0 0 0 0 0 0.2 0 0 0 0 41.6 0 0.6000000000000001 0 1 1 0 0 0 24.6 6.2 27.400000000000002 7.4 24.400000000000002 79.4 7.800000000000001 14 10.8 111.60000000000001 57.400000000000006 0 7.4 47.400000000000006 35.4 7 72.60000000000001 72 5.6000000000000005 11.200000000000001 10.200000000000001 0.2 0.6000000000000001 0 0.6000000000000001 0 4.2 0 0 0.4 0 0.6000000000000001 14.200000000000001 12.4 0 0 0.6000000000000001 0 35 0.2 0 0 0.6000000000000001 0 0 0 0.4 0.8 0.2 0.2 0 0 1 0 0.6000000000000001 0 0 0.2 0 0.8 0 0 0 0 0 0 0 0 0 0 0 0 0 0.4 0.2 0 0.2 0 0 0 3.4000000000000004 2.6 4.2 1.6 4.6000000000000005 0 2.4000000000000004 0 0 4.6000000000000005 0 7.4 0 0 0 0.2 0.4 0 0 4.2 3.6 0 0 0 0.8 0 0.2 9.4 0 0 0 0 0 0 2.2 0.4 0 0 0 2 0 0 0 0 0 0 0 0 0 0 0.4 0 0 0 0 0 0 0.2 0 0 0.2 0 0 0 0 0 0 0 0 0 0 0 0 0 0 0 0 0 0 0 2.6 2 1 2 2 1.8 1.6 0 4.6000000000000005 2.2 2.8000000000000003 3.6 0 0 0 1.4000000000000001 2.6 5.6000000000000005 0 0 0 0.2 0 0 0 0 0 2.4000000000000004 0.4 2 0 0 4.2 0.2 1.8 0 0 0 5.2 0 0 0.2 0 0 0 0 0 0 0 0 0 2.2 0 0 0 0 0 4.4 0 0 0 0 0 0 0 0 0 0 0 0 0 0 0 0 0.8 1 0 14.600000000000001 0.4 0.2 0 0 0 0 0 0 0 0 0 0 0 0 0 0 0 0 0 0 0 0 0 0 0 0.2 0 2.6 0 0 0 0 
