 0 16.6 32.800000000000004 26.8 5.2 47.6 67.60000000000001 66 5.6000000000000005 40.6 16.400000000000002 62.2 9.4 45.800000000000004 43.400000000000006 39.6 24.6 21 50.400000000000006 6.4 0 0 0.4 0 0 0 0 0 0 0 0 0.4 0 15 0 0.6000000000000001 0 0 0 0 0.6000000000000001 0 0 0.6000000000000001 0.4 0 0 0 0 0 0 0.6000000000000001 0.4 0 0 0 0 0.6000000000000001 0 0 0 0 0 0 0 0 0.6000000000000001 0 0.6000000000000001 0 0.2 0.6000000000000001 0 0.2 0 0 0.6000000000000001 0 0 0 4.800000000000001 0.2 0 0 1.8 0.2 7.2 10.200000000000001 3.2 0 4.2 8.4 0 4.2 1.4000000000000001 5.4 6 2.6 0 3.4000000000000004 0 0 0 0 0 0 0 0 0 0 0 0 0 0 0 0 0 0 3.4000000000000004 0 0 0 0 0 0 0 0 0 0 0 0 0 0 0 0 0 0 0 0 0 0 0 0 0 0 0 0 3.2 0 0 0 0 0 0 2.2 0 1.4000000000000001 0 0.8 0 5 4.2 7.6000000000000005 2.6 0 0 4.2 6 0.6000000000000001 0 3.4000000000000004 2 0 3.4000000000000004 3.2 1 3 3.2 1.4000000000000001 0 0.4 0 0 0.2 0 0 0 0 0 0 0 0 0 0 0 0 0 0 0 0 0 0 0 1.8 0 0 0 0.2 0 0 0 0 0 0 0 0 4.2 0 0 0.4 0 0 0 0 0 0 0 0 0 0 0 0 0 0 1.6 3 0 0 0 0 0 0 0 0 0 0 0.2 0 0 18.400000000000002 2.8000000000000003 3.6 2.2 0 0.2 0 0 0 0 0 0 0 0 0 0 0 0 0.2 0 0.2 0 0 0 0 0 0 0 0 0 0 0 0 0 0 0 0 0 0 0 0.4 
 16.6 0 66.60000000000001 70.60000000000001 28 11.8 17.8 80.80000000000001 43.400000000000006 16.400000000000002 8.6 9.200000000000001 19 12.200000000000001 13.4 25.8 32.4 20.400000000000002 33.2 52.2 0 0 0.4 0 0 0 0 0 0.4 0 0 0.4 0 0 0 0.6000000000000001 0.6000000000000001 0 0 11.600000000000001 0.6000000000000001 0.4 0 0.6000000000000001 0.4 0 0.6000000000000001 0 0.6000000000000001 0 0 0.8 0.4 0 0 0 0.4 0.6000000000000001 0 0 0 0 0 0 0 0 0.6000000000000001 0 0.6000000000000001 0 0 0.6000000000000001 0 0.2 0 0 0 1.2000000000000002 0 0 4.800000000000001 2.2 6.6000000000000005 0 0 0 0 2.4000000000000004 8.4 4 2.2 5 0 3 5.2 4.2 0 3.8000000000000003 0.2 5 0 0 0 0 0 0 8 0 0 0 0.2 0 2.8000000000000003 0.4 0 0 0 0 0 0 0 0 0 0 0 0 0 0 0.2 0 0 0 0 0 0 0 0 0 0 0 0 0.4 4.800000000000001 0 0 0 0 0 0 0 0 0 0 0 0 0.8 0 0 0 0 0 5.4 3 8.4 6 4 2.4000000000000004 3 0.8 2.6 0 0 0 3.8000000000000003 3.6 2.4000000000000004 0 5.2 0 0 0 0 0 0 0 0 0.2 0 0 0 0 0 8.6 0 0 0.2 0 0 0 3.6 0 0 0 1.6 0 0.4 0 0 0 0 0 0 0 0 0 0 0 0 0 0 0 0 0 0 0 0 0 0 0 0 0 0 0 0 0 0 0 0 0 0 0 0 0 0 0 0.4 0.6000000000000001 0 0 0 0.2 1.2000000000000002 0.2 0 0 0 0 0 0 0 0 0 6 0 0 0 0 0 0 0 0 0 0 0 0 2 0.6000000000000001 0 0 0 0 0 0 2.2 0 0 0 0 0 0 
 32.800000000000004 66.60000000000001 0 73.4 12.4 31.8 34.2 63.2 19 20.8 7 27.8 7.6000000000000005 13.4 27.8 39.800000000000004 31 49.2 27 27.200000000000003 0 0 0.4 0 0 0 0 0 0 0 0 0.4 0 14.600000000000001 0 0.6000000000000001 0 0 0 16.400000000000002 0.4 0.6000000000000001 0 0.6000000000000001 0.4 0 0.2 0 0 0 0 0.6000000000000001 0.2 0.2 0 0 0 0.6000000000000001 0 0 0 0 0 0 0 0 0.6000000000000001 0 0.6000000000000001 0 0 0.6000000000000001 0 0 0 0 0 0 0 0 5.2 2.8000000000000003 6 3 0 1.6 0 5.800000000000001 4.6000000000000005 0 0 4.6000000000000005 0 4 4.2 6.2 4.4 4 0 3.8000000000000003 0 0 0 0 0 0 1 0 0 0 0 0 3.8000000000000003 0 0 0 0 0 0 0 0 0 0 0 0 0 0 0 0 0 0 0 0 0 0 0 0 0 0 0 0 0 0 0 0 0 0 0 0 0 0 0 0 0 0 0.6000000000000001 0 0 0 0 0 0.2 5.800000000000001 6 7.2 4 0 0 0 2.4000000000000004 4.2 3 0.6000000000000001 0 0 0 0.4 0 0 1.6 0 0 0 0 0 0 0 0 0 0 0 0 3.4000000000000004 0 0 0 0 0 1.8 3.8000000000000003 0 0 0 3.4000000000000004 0 0 0 0 0 0 0 0 0 0 0 0 0 0 0 0 0 0 0 0 0 0 0 0 0 0 0 0 0 0 0 0 0 0 0 0 0 2.4000000000000004 0 0 0 0 0.2 0.4 0 0.4 2.6 1.6 0.2 0 0 0 0 0 0 0 0 0 4.4 0 0 0 0 0 0 0 0 0 0 0 0 7.4 0 0 0 0 0 0 0 0 0 0 0 0 0 0 
 26.8 70.60000000000001 73.4 0 34.800000000000004 57.2 44.800000000000004 35.800000000000004 80 21.8 46 13.600000000000001 29.200000000000003 18.2 17.400000000000002 47 50.800000000000004 32.6 31.200000000000003 56.800000000000004 1.2000000000000002 0.4 0.4 0 0 0 0.6000000000000001 0 0.6000000000000001 0.6000000000000001 0.4 1 0 16.8 0.4 0.6000000000000001 0 0 0 0.6000000000000001 0.4 0 0 1 0.4 0 0.4 0 0 0.4 0 0.6000000000000001 7 0.6000000000000001 0.6000000000000001 0.6000000000000001 0.4 0.6000000000000001 0 0 0.2 0 0.2 0.2 0 0 1 0.2 1 0.4 6.4 0.8 0 0 0 0.4 0.2 0 0 0 6.6000000000000005 1.8 2.6 1.4000000000000001 2.2 3.6 2.8000000000000003 4 2.8000000000000003 1.6 1.6 8.8 0 4.6000000000000005 0 3 1.8 3.6 0 0.2 4.4 0 0 2 0 0 3 0 0 0 0 0 3.2 3.6 0 4.2 0 0 0 0 0 0 0 0 0 0 0 0 0 0 0 0 0 0 0 0 0 0 0 0 0 0 0 0 0 0 0 0 0 0 0 0 0 0.2 0 1.2000000000000002 0 0 0 0 0.2 1.8 3.8000000000000003 3.6 4.2 4.2 0 0 0.2 2.8000000000000003 9.200000000000001 2.2 1.8 2 10 0 0.2 4.2 0 2.4000000000000004 4.4 0 0 0.2 0 0 0 0 0 0 0 0 9.200000000000001 0 0 2.6 0 0 0 6.800000000000001 0 0 0 3.4000000000000004 0 0 0 0.2 0 0 0 0 0 0 0 0 0 0 0 0.4 0 1.4000000000000001 0 0 0 0 0 0 0 0 0 0 0 0 0 0 0 0 0 0 0 0 0 0 0 0.4 0.6000000000000001 0 0.2 0 2.4000000000000004 0.4 0 0 0 0 0 0 0 0 0 0 0 0 0 0 0 0 0 0 0 0 0 0 0 6 0 0 0 0 0 0 0 0 0 0 0 0 0 0 
 5.2 28 12.4 34.800000000000004 0 20.8 52 25.8 15.600000000000001 20.400000000000002 23.200000000000003 92.80000000000001 30.200000000000003 17.6 16.2 16.6 19.200000000000003 22.400000000000002 13.4 37 14.4 30.200000000000003 0.4 1 0 0 14.8 0 0 0 0.6000000000000001 0.6000000000000001 0 0 15.200000000000001 0.6000000000000001 0 0.4 29.200000000000003 36.6 0.6000000000000001 0 0 1.2000000000000002 0.4 0 0 0 1.2000000000000002 2 0 0.4 0.6000000000000001 0 0 0 0 0.6000000000000001 0 0 0 0 0 0 0 0 1.4000000000000001 0 1 0 6 0.6000000000000001 0 0.4 0 0 0 0 0 0 0 0 2 2.4000000000000004 8.6 0 0 0 0 0 0 1.8 0 0 3 0 0 6 0 0 0.4 0 0.4 0 0 0.2 3.2 4.4 0 0 0.4 0 3.8000000000000003 5.800000000000001 0 0 0 0 0 5.2 0 0 0 0 0 0 0 2.4000000000000004 1.2000000000000002 0 0 0 0 0 0 0 0 0 0 0 0.4 0 3 0 0 0 0 0.4 0 0 0 0 0 0 0 1 0 0 0 0 0 0 0 1.4000000000000001 2.4000000000000004 7.2 0 0 0 0 0 4.800000000000001 0 1.6 2.4000000000000004 2.2 0 1.8 0 0 9.4 2 0.2 0 0 0 0.2 0 0 0 6.800000000000001 0 0 2 0 6.800000000000001 1.4000000000000001 0 5.6000000000000005 0 0 0 0 0 0 0 0 0 0 0 0 0.4 0 0 0 0 0 0 0 0 0 0 0 0 0 0.2 0 0 0 0 0 0 0 0 0 0 0 0 0 0 0 3.4000000000000004 0 0 0 0.8 38.800000000000004 0 0.4 0.4 0 0.4 0 0 0 0 0 0 0 0 0 0 0 0 0 0 0 0 0 0 0 0 0 0 0 3.4000000000000004 0 0 0 0 0 0 0 0 0 0 0 0 0 0 
 47.6 11.8 31.8 57.2 20.8 0 8.6 8.6 12.600000000000001 73 67.2 14.600000000000001 5.6000000000000005 12 30 30.200000000000003 8.6 9.600000000000001 11.4 9 0.8 7.4 8 0 0.4 0 16.8 0.2 18.8 0 0 0.4 34.800000000000004 0.4 14.600000000000001 16.6 15.8 13.200000000000001 19.200000000000003 0 0.6000000000000001 11.8 0 0.6000000000000001 0.4 0 1.2000000000000002 0.2 0 0 0 0.6000000000000001 0.4 0 0 0 0.2 0.6000000000000001 0 0 0 0 0 8.4 0 0 0.6000000000000001 0 0.6000000000000001 0 0 8 0 0.4 0 0 0 0 0 0 0.4 3.6 6.6000000000000005 5 0 6 0 0 0 10.4 2.8000000000000003 0 0 3.2 2.6 0 0.8 0 0 0 1 0 0.2 0 0 0 2 4.4 2.6 13 5.2 2.2 0 4.800000000000001 3 3.6 5 2.8000000000000003 11.8 6.2 0 0 0 0 0 0 0 0 0 0 0 0 0 0 0 0 0 0 0 0 0 0 0 0 0 0 0 0 0 0.2 0 0 0 0 0 0 0 0 0.4 0 0 0 0 0 2.2 2.4000000000000004 0 0 2.2 3.2 4.6000000000000005 0 0 0 0 3.8000000000000003 6.4 2.4000000000000004 0 0 4.2 0 0 3 0 0 3.2 2.8000000000000003 5.4 0 1.4000000000000001 0 3.8000000000000003 2.4000000000000004 11.4 2.2 0.2 1.6 0.2 3.6 0 0 0 0 0 0 0 0.2 0 0 0 2 0 0 0 0 0 0 0 0.4 0 0 0 0 0 0 0 0 0 0 0 0 0 0 0 0 0 0 0 0 0 0 0 0 0 0.4 0 0 1 1.2000000000000002 0.4 1.8 0 0 0 1.4000000000000001 0 0 0.4 0 0 0 0 0 0 0 0 0 0 0.2 0 0 0 0 0 2.2 0 0 0 0 0 0 0 0 0 0 0 0 0 0.4 
 67.60000000000001 17.8 34.2 44.800000000000004 52 8.6 0 35.2 27.6 13.4 8.6 10.8 66 22.400000000000002 18 26.8 12.8 18.400000000000002 15.200000000000001 88.2 0 0 0.4 0 0.8 0.8 0 0.6000000000000001 0 0 0 0.4 0 15.4 0 0.6000000000000001 0.6000000000000001 0.2 0.4 0.4 0.4 0 0 0.6000000000000001 0.4 0.6000000000000001 0 0 0 0.4 0.8 0.6000000000000001 0 0.4 0 0 0 1 0 0 0 0 0 0 0 0 0.6000000000000001 1.2000000000000002 0.6000000000000001 0 0 0.6000000000000001 0 0 0 0 0 0.2 0 0.4 4.800000000000001 14 0 0 0 0 2.2 3.6 0.4 1.4000000000000001 1.2000000000000002 2.2 6.6000000000000005 8.8 0 2.8000000000000003 3 0 0 7 2 0 0 0 0 0 4.6000000000000005 0 0 0 0 0 0 0 0 0 0 0 0 0 0 0 0 0 0 0 0 0 0 0 0 0 0 0 2.8000000000000003 0 0 0.2 0 0 0 0 0 0 0.2 0 0 0 0 0 0 0 0 0.2 0 0 0 0 0 0 4 5 3 3 0 0 3 3.6 2.6 2.8000000000000003 6.4 0.6000000000000001 2.4000000000000004 1.8 2.6 3.8000000000000003 3.2 3.2 3.8000000000000003 11.4 0.4 0 0 0 0 0 0 0 0 0 0.4 0 0 0 0 0 0 0 0 0 0 0 0 4.4 0 0 0 0 0 0 0 0 0 0 0.2 0 0 3.8000000000000003 0 0.4 0 0 0 0 0 0 0 0 0 0 0 0 0 0 0 0 0 0 0 0 0 0 0 0 0 18 0 0.2 0 0 3 0.8 0 0 0 0 0 0 0 0 0 0 0 0 0 0 0 0 0 0.2 0 0 0 0 0 0 0 0 0 0 0 0 0 0 0 0 0 0 0 0 
 66 80.80000000000001 63.2 35.800000000000004 25.8 8.6 35.2 0 61 71.60000000000001 8.8 7.6000000000000005 16 15.4 14.200000000000001 10 44 66.4 51 14 0.4 0 0.4 0 0.2 0 0.6000000000000001 0 0 0.2 0 0.4 0 0 0.6000000000000001 0.6000000000000001 0.2 0 0 15.4 0.4 0.2 0.2 0.6000000000000001 0.4 0.2 0.4 0 0 0 0 0.6000000000000001 0.2 0.8 0.2 0.4 0.4 1.2000000000000002 0 0.4 0 0 0.2 0 0 0 0.6000000000000001 0 0.6000000000000001 0.2 0 1 0 0 0 0 0.6000000000000001 0.2 0 0 5.4 2.8000000000000003 9.4 0 3.8000000000000003 0 2.6 4.2 0.2 3 0 7.6000000000000005 0 2.8000000000000003 4.4 7.6000000000000005 0 6.2 0 3.2 0 0 0 0 0 0 0 2.2 0 0 0 0 0 0 0 0 0 0 0 0 0 0 0 0 0 0 0 0 0 0 0 0 0 0 0 0 0 0 0 0 0 0 0 0 0 0 0 0.6000000000000001 0 0 0 0 0 0 0 2.2 0 0 0 0 1.6 0 2.2 9.8 6.6000000000000005 4.2 0.4 2.8000000000000003 0 0.4 3 5.6000000000000005 0 1.8 0.2 0.4 4.2 5.800000000000001 0 0 0 0 0 0 0 0 3.2 0 0 0 0 0 0 0 0 0 0 0 0.2 3.2 0 0 0.2 3.2 0.4 0 0 0 0 0 0 0 0 0 0 0 0 0 0 0 0 0 0 0 0 0 0 0 0 0 0 0 0 0 0 0 0 0 0 0 0 0.2 0 0 0 0 18 0.4 0.2 0.6000000000000001 3 3.4000000000000004 2 0 0 0 0 0 0 0 0 0 5.2 0 0 0 0 0 0 0 0 0 14.200000000000001 0 0 6.6000000000000005 0 0 0 0 0 0 0 0 0 0 0 0 0 0 
 5.6000000000000005 43.400000000000006 19 80 15.600000000000001 12.600000000000001 27.6 61 0 108.2 24.400000000000002 7.2 13 23.400000000000002 54.6 25.400000000000002 23.6 7 37.2 66.8 0 0 0.4 0 0 0 16.8 0 0 0 0 0.4 5.800000000000001 15 0 0.6000000000000001 0 0 0 0 0.4 0 0.4 0.6000000000000001 0.4 0 0 0 0 15 0.6000000000000001 0.6000000000000001 0.2 0.2 0 0 1 0.6000000000000001 0 0 0 0 0 0.2 0 0 0.6000000000000001 0 0.6000000000000001 0 0 0.6000000000000001 0 0 0 0 0 1.6 0 0 6.800000000000001 0 0.4 5 3.8000000000000003 2 0 5 9.8 5.2 3.6 5.2 2.6 7.4 0.2 7.800000000000001 0.6000000000000001 2 0 15.4 0 0 0 0 0 0 0 0 2.8000000000000003 0 0 0 8 0 4.4 0 0 0 6.6000000000000005 0 0 0 0 0 0 0 0 0 0.4 0.2 2.6 0 0 0 0 0 0 0 0 0 0 3.4000000000000004 0 0 0 0 0 0.4 1.4000000000000001 0 0 0 0 0 0 0 0 0 0 0 2.8000000000000003 0 0 4.4 3.2 0.2 4.2 2.8000000000000003 8 4 5 2 0.2 2 2.2 2.2 2.6 0.2 2.8000000000000003 1.6 0 0 0 0 0 0.2 0.2 0.4 0 0 0 0 0.8 0 0 0 0 0 3.4000000000000004 2.4000000000000004 0 0 0 0 0 0 0 0 0 0 0 0 0 0 0 0 0 0 0 0 0 0 0 0 0 0 0 0 0 0 0 0 0 0 0 0 0 0 0 0 0 0 0 0 0 0.2 0.2 0 0 0.6000000000000001 0.4 1.6 0 0 0 0 0 0 0 0 0 0 4.6000000000000005 0 0 0 0 0 0 0 0 0 0 0 0 0 2.2 1.4000000000000001 0 0 0 0 0 0 0 0 0 0 0 0 
 40.6 16.400000000000002 20.8 21.8 20.400000000000002 73 13.4 71.60000000000001 108.2 0 32.2 12.600000000000001 27.400000000000002 18.6 63.2 45.6 47.2 23.200000000000003 11.4 59.800000000000004 0.8 0.4 0.4 0 1.2000000000000002 0.4 0 0.6000000000000001 0.4 0 0.4 0.4 1.6 0 0 1.2000000000000002 0 0.2 0.6000000000000001 0.4 1 0.6000000000000001 0 1 0.4 0 0 0 0 0 0 0.6000000000000001 0 0.4 0 0 0.6000000000000001 0.6000000000000001 0.4 0.4 0 0 0.6000000000000001 10.600000000000001 0 0.8 1 0.4 0.6000000000000001 0.4 0.6000000000000001 0.6000000000000001 10.600000000000001 0.4 5.800000000000001 0 0 0 0 0 5.2 0 8 0.2 0.6000000000000001 2.8000000000000003 3.6 7.6000000000000005 4.6000000000000005 4.2 0.6000000000000001 4.6000000000000005 4.2 4.6000000000000005 0.6000000000000001 11 0 2 0 8.8 0 0 0 0 0 0 0 0 0 0 0 0 0 0 0 0 0 0 5.4 0 0 0 0 0 0 0 0 0 0 0 0 0 0 0 0 0 0 0 1.2000000000000002 0 0 0 0 0 0 0 0 0 12 0 0 0 0 0 0 0 0 0 0 0 5.800000000000001 0.6000000000000001 1.6 2 3.4000000000000004 0.2 3.2 0 8.8 8 0.4 0.2 4 0 8.8 0.2 9.600000000000001 0 4.800000000000001 1.6 0 0 0 0.2 0 0 0.2 0 0 0 0 0 2.8000000000000003 0 0 0 0 0 0 0.2 0 0 0 0 0 0 0 0.2 0 0 0 0 0 0 0 0 0 0 0 0 0 0 0 0 0 0 0 0 0 0 0 0 0 0 0 0 0 0 0 0 0 0 0 0 0 0 0.4 0 0 1 0.2 0.6000000000000001 0 0 0 0 0.2 0 0 0 0 0 5 0 0 0 0 0 0 0 0 0 0 0 0 0 0 4 0 0 0 0 0 0 0 0 0 0 0 0 
 16.400000000000002 8.6 7 46 23.200000000000003 67.2 8.6 8.8 24.400000000000002 32.2 0 31 6.6000000000000005 12.200000000000001 71.60000000000001 14.4 17.400000000000002 32.2 7.6000000000000005 53.800000000000004 17.6 0.6000000000000001 0.4 0 0.6000000000000001 1 29.8 0.2 0.4 1 0.8 5.4 18.2 34.4 0 1.2000000000000002 0 0.2 7.4 0.2 1 0 0 0.6000000000000001 0.4 0.4 0 0 0.6000000000000001 0.2 0 0.6000000000000001 1.6 0.4 0 0 0.4 0.6000000000000001 0 0 0 5.6000000000000005 0 12.8 0 0.2 1 0 0.6000000000000001 0 0.2 1 0.2 0.2 1.2000000000000002 0 0 0 0 0 0 7.2 3.4000000000000004 7.4 5 1.6 0 0.2 2.2 4.4 7.800000000000001 4.2 4.2 0 0 5.4 3.4000000000000004 0 0 2 4.800000000000001 2.8000000000000003 0 2.2 0 0 0 0 2.2 0 0 0 2.6 1.8 1.6 2 0 0 4.2 7.6000000000000005 0 0 0 0 0 0 0 0 0 0 0.4 0 0 1.6 0 0 0 0 0 2.8000000000000003 0 0 0.2 0 0 0 0.4 0 5.4 0 0 0 0 0 0 0 0 0.2 0 0 1.8 0 0 0 7 4 0 0 3.6 3.6 0.4 0 4.4 0 0.4 3.4000000000000004 5.2 1.8 3.4000000000000004 2.4000000000000004 3 0 0.4 0 0 0 2 0 0.2 0 2.6 0 6.800000000000001 0 0 0 2 0 4.6000000000000005 7.800000000000001 0 0 0 0 0 0 0 0 0 0 0 0 0 0 0 0 0 0 0 0 0 0 0 0.4 0 1 0 0 0 0 0 0 0 0.4 0 0.4 0 0 0 0 0 0 2.8000000000000003 0 0.2 0.4 0.2 0 0.6000000000000001 0.8 0 1.6 0.8 0 14.8 0 0 0 0 0 0 0 0 0 0 0 0 0 0 0 0 0 0 0 0 0 1.2000000000000002 2.6 0 0 0 0 0 0 0 0 0 0 0 0 
 62.2 9.200000000000001 27.8 13.600000000000001 92.80000000000001 14.600000000000001 10.8 7.6000000000000005 7.2 12.600000000000001 31 0 6 9.8 10 28.400000000000002 14.600000000000001 34.6 48.2 11.8 33.4 0 0.4 0 0 0 15 29.200000000000003 0 0 0 0.4 0.6000000000000001 16.8 0 0.4 0 0 9 75.60000000000001 0.8 0 0.2 1 0.4 0 0 0 0 1.2000000000000002 0 0.4 0.6000000000000001 0 0 0 0 0.6000000000000001 0 0 0 0 0 0.4 0 0 0.6000000000000001 0 0.6000000000000001 0 0 0.6000000000000001 0 0.4 0 0 0 0 0 0.4 0.2 0 0 3.2 5.2 3.2 0 0 0 0 8.4 0 0 0 0 0 0.2 3.2 0 0 5.4 0.4 5.4 6.800000000000001 0 0 4.6000000000000005 3.4000000000000004 2.6 0 3 0 9.200000000000001 0.2 0 3.4000000000000004 0 0 2.2 6.800000000000001 0 0.4 0 0 0 0 0 0 0 0 0 0 0 0.2 0 0 0 0 0 0 0 0 0 0 0 0 0 0 0 0 0 0 0 0 0 0 0 0 1 0 0 0 2.2 0 0 4.800000000000001 0 0 0 0 0 2.2 0 0 0 3 0 0 0 0 3 8.6 0 0 0 0 7.6000000000000005 2.6 2 0 3.2 0 7.4 10.8 0 3.4000000000000004 4.4 0 6.800000000000001 5.2 0 0 0 0 0 0 0 0 0 0 0 0 0 0 0 0 0 0.4 0 0 0 0 0 0 0 0 0 0 0 0 0 0 0 0 0 0 0 0 0 0 0 3.2 0 0 0 0 17.400000000000002 0 1.2000000000000002 10.200000000000001 0.4 1.4000000000000001 0 0 0 0 0 0 0 0 0 0 0 0 0 0 0 0 0 0 0 0 0 0 0 0 0 0 0 0 0 0 0 0 0 0 0 0 0 0 
 9.4 19 7.6000000000000005 29.200000000000003 30.200000000000003 5.6000000000000005 66 16 13 27.400000000000002 6.6000000000000005 6 0 50.2 29.200000000000003 40.400000000000006 31 12 51 15.8 0 0 0.4 0 0 0 0 0.4 0 0 0 0.6000000000000001 0 0 0 0.4 0 0 0 0 0.6000000000000001 0 0 0.4 0.4 0 0 0 0 0 0 0.4 0.6000000000000001 0 0 0 0 0.6000000000000001 0 0 0 0 0 0 0 0 0.6000000000000001 0 0.6000000000000001 0 8.8 0.6000000000000001 0 0.6000000000000001 0 0 0.2 0 0 0 2.4000000000000004 4.2 0 0 0 0 2.6 2.2 3 1.8 2 0 2.8000000000000003 2.6 2.6 0 1.6 0 3 5 0 0 0 0 0 0 0 0 0 0 0 0 0 0 1.6 0 0 0 0 0 0 0.4 0 0 0 0 0 0 0 0 0 0 0 0.2 0 0 0 0 0 0 0 0 0 0 0 0 0 0 0 0 0 0 0 0 0 0 1.6 0 0 0 2.8000000000000003 5.6000000000000005 0.2 0 0 0 4.800000000000001 8 2.8000000000000003 0 7.2 0 1.8 7.800000000000001 2.8000000000000003 0.2 3.4000000000000004 2.6 1.8 2 0.4 0.4 0 0 0 0 0 0 0 0 0 0 4.4 0 0 0 0 0 0 0 0 0 0 2 0 0 0 0 0 0 0 0 0 0 0 0 0 0.4 0 0 0 0 0 0 0 0 0 0 0 0 0 0 0 0 0 0 0.2 0 0 0 0 0 0 0 0 17.400000000000002 0 0 0 0 0 1.4000000000000001 0 0 0 0 0 0 0 0 0 0 0 0 0 0 0 0 0 0 0 0 0 0 0 0 1.8 0 0 0 0 0 0 0 0 0 0 0 0 0 
 45.800000000000004 12.200000000000001 13.4 18.2 17.6 12 22.400000000000002 15.4 23.400000000000002 18.6 12.200000000000001 9.8 50.2 0 37.4 16.400000000000002 8.6 94.60000000000001 40.800000000000004 100.4 0 0.4 0.4 0.4 0 0 0 0.2 0 0 0 0.8 0 0 0 0.6000000000000001 0 0 0 0.2 0.4 0 0 1 0.4 0 0 0 0.6000000000000001 0 0 0.6000000000000001 0.2 0.2 0 0 1.6 0.6000000000000001 0 0 0 0 0 0 0 0 1.2000000000000002 0 0.6000000000000001 0 0 0.6000000000000001 0 0 0 0 0 0 0 0.4 0.2 3.8000000000000003 0 0 0 2.6 12.8 4.6000000000000005 2.2 0 4.2 3 4.4 1.8 2.4000000000000004 1.6 4.2 0 2.6 3.8000000000000003 0 0.4 0 0 0 0 0 0 0 0 0 0 0 0 0 0 0 0 0 0 0 0 0.2 0 0 0 0 0 0 0 0 0 0 0 0 0 0 0 0.4 0 0 0 0 0 0 0 0 0 0 0 0 0 0 0 0 0 1.4000000000000001 0 0 0 2.6 0 12.600000000000001 0 0 0 5.6000000000000005 5.4 0.2 0 0 0 16 5.4 0 2.4000000000000004 1.2000000000000002 0 3.6 5.4 0 0 0 0 0 0 0 0 0 0 0 0 0.2 0 0 0 0 4.6000000000000005 0 0 0 0 0 0 0 0 0.4 0 0 0 0 0 0 0 0 0 0 0 0 0 0 0 0 1.8 0 0 0 0 0 0 0 0 0 0 0.4 0 0 0 0 0 0 0 0 0 0 0.2 0 0.2 0.4 0.4 0 0 0 0 0 0 0 0 0.4 0 0 0 0 0 0 0.2 0 0 0 0 0 0 0 0.4 0 0 0 0 0 0 0 0 0 0 0 0 0 0 0 0 
 43.400000000000006 13.4 27.8 17.400000000000002 16.2 30 18 14.200000000000001 54.6 63.2 71.60000000000001 10 29.200000000000003 37.4 0 30.400000000000002 17.8 8.4 14 44.2 0.6000000000000001 0 1.2000000000000002 1 0.4 0.8 0 0 0 0.6000000000000001 0.4 0.8 0 0.4 0 1 0 0.2 0 0.4 0.4 0.6000000000000001 1.4000000000000001 1 1 0.8 0 0.4 1 0 0.8 0.6000000000000001 0.2 0.2 0 0 2.2 0.6000000000000001 0.6000000000000001 0 0 0 10.600000000000001 0 0.4 0.6000000000000001 1 0 1 0 7.4 1.4000000000000001 0 0 1.2000000000000002 0 0 0.6000000000000001 0.2 0 2.2 0 2.2 4 5 0.2 0 2.2 2.2 4.4 5.4 8 3.4000000000000004 2 7 8.6 11.4 2.4000000000000004 0.4 2.4000000000000004 0 0 0 0 0 0 0 7.6000000000000005 0 0 0 0.2 2.4000000000000004 3.2 0 0 0 0 3.4000000000000004 0 0 0 0 0 0 0 1.4000000000000001 0 0 0 0 0 0 0 0.4 0 0 2.2 0 0 0 0 0 0.4 0 0.4 0 0 1.2000000000000002 0 0 0.2 0 0 0 0 1.6 0 0 0 9.8 2 4 4 0.4 0 2.2 2.6 7.800000000000001 4.6000000000000005 10.8 3 0 1.8 4.4 0 5.4 2.8000000000000003 3.6 2 2.6 0 0 0 0 0 0 0 0 0.4 0 0.2 0 0 0 0 0 0 0.2 0 0 0 0 3.4000000000000004 0 0 0 0 0 0 0 0 0 0 0 0 0 0 0 0 4.4 0 0 0 0 0 0 0 0 0 0 0 0 0 0 0 0 0 0 0 0 0 0 0 0 1.2000000000000002 1 0 0 17.6 3.4000000000000004 1.6 0 0 0 0 0 0.2 0 0 0 0 0 0 0 0 0 0 0 0 0 0 0 0 0 0 0 3.4000000000000004 0 0 0 0 0 0 0 0 0 0 0 0 
 39.6 25.8 39.800000000000004 47 16.6 30.200000000000003 26.8 10 25.400000000000002 45.6 14.4 28.400000000000002 40.400000000000006 16.400000000000002 30.400000000000002 0 26.400000000000002 30 11.600000000000001 33.6 0.6000000000000001 0.6000000000000001 0.4 0 0 0.4 0.6000000000000001 0 0.4 0.4 0.6000000000000001 0.4 0.4 0 0.2 0.4 0 0.4 0 0.2 0.6000000000000001 0 0 2.2 0.8 0 0.2 0 0 0.6000000000000001 0.4 0.4 0.6000000000000001 0 0 0.4 0 0.6000000000000001 0 0 0.2 0 0 0 0 0 0.6000000000000001 0.4 0.6000000000000001 0 0 1.2000000000000002 0 0.6000000000000001 0 0 0.6000000000000001 0.2 0 0 2.6 4.2 4.2 0 6.2 0.6000000000000001 2 6.800000000000001 8 2 6.6000000000000005 4.6000000000000005 2.8000000000000003 14 3.6 3.6 0.2 1.4000000000000001 0 3.4000000000000004 0 0 0 0 0 0 1.8 0 0 0 0 0 2.4000000000000004 0 0 0 0 0 2.8000000000000003 0 0 0 0 0 0 0 0 0 0 0 0 0 0 0 0 0 0 0 0 0 2.8000000000000003 0 0 0 0 0 0 0 0 0 0 0 0 0 0 0 0 0 0 0 9.200000000000001 4.2 6.2 3.8000000000000003 2.4000000000000004 2.8000000000000003 0 0 4.2 2.4000000000000004 7.800000000000001 3.2 2.8000000000000003 0 5.6000000000000005 0 6.4 3.4000000000000004 1 2.2 0 0 0 0 0 0 0 0 0 0 0 0 1.6 0 0 0.4 0 0 1.4000000000000001 1.8 0 0 0 3.2 0 0 0 0 0 4.2 0 0 0 0 0 0 0 0 0 0 0 0 0 0 0 0 0 0 0 0 0 0 0 0 0 0 0 3 0 0 0 0 0 0 0 0 0 0.2 0 17.400000000000002 1.8 1 0.2 0 0 0 0 0 0 0 0 0 0 0 0 0 0 0 0 0 0 0 0 0 0 3.6 0 0 0 0 0 0 0 0 0 0 0 0 0 0 
 24.6 32.4 31 50.800000000000004 19.200000000000003 8.6 12.8 44 23.6 47.2 17.400000000000002 14.600000000000001 31 8.6 17.8 26.400000000000002 0 13.4 90.60000000000001 42.6 0.2 0.6000000000000001 0.4 0 0.2 0 0 0 0 0 0 0.6000000000000001 0 0 0 0.6000000000000001 0.2 0.2 0.6000000000000001 0.4 0.4 0 0 0.6000000000000001 0.4 0 0 0 0.2 0 0 0.6000000000000001 0.2 0.2 0 0 0 0.6000000000000001 0.2 0 0 0 0 0.2 0 0 0.6000000000000001 0 0.6000000000000001 0 5.6000000000000005 0.6000000000000001 0 0 0 1.6 0 1.4000000000000001 0 0 4.4 0 4 0.8 2.6 0 0 9.200000000000001 3.8000000000000003 0 0 6.4 0 4.6000000000000005 4.2 7.6000000000000005 0 5.6000000000000005 0 4 0 0 0 0 0 0 0.2 0 0 0 0 0 0 10.600000000000001 0 0 0 0 0 0 0 0 0 0 0 0 0 0 0 0 0 0 0 0 0 0 0 0 0 0 0 0 0 0 0 0 0 0.2 0 0 0 0 0 0 0 0.8 0 0 0 0 0 0 2.6 9.600000000000001 6.4 8.6 0 0 0 2 2.2 8.8 0 1.8 3.2 0.2 0 7.2 0 0.4 3.4000000000000004 0 0 0.6000000000000001 0 0 0 0 0 0 0 0 0.2 0 0 0 0 0 0 1.4000000000000001 0 0 0 4.2 0 0 0 0 0 0 0 0 0 0 0 0 0 0 0 0.2 0 0 0 0.4 0 0 0 0 0 0 0 0 0 0 0 0 0 0 0 0 0 0 0 0 0 0.2 17.8 0.2 0 6.2 2.6 2 0 0 0 0 0 0 0 0 0 0 4 0 0 0 0 0 0 0.4 0 0 0 0 0 3 0 0 0 0 0 0 0 0 0 0 0 0 0 0 
 21 20.400000000000002 49.2 32.6 22.400000000000002 9.600000000000001 18.400000000000002 66.4 7 23.200000000000003 32.2 34.6 12 94.60000000000001 8.4 30 13.4 0 5 12.8 16.6 0 0.4 0 0.8 0 0 14.8 0 0 0 0.8 1 13.600000000000001 0 1.4000000000000001 0 0 0 15.200000000000001 0.6000000000000001 0 0 0.6000000000000001 0.4 8.4 0 0 0 0.4 0.8 1.4000000000000001 0.6000000000000001 0 1.2000000000000002 0.4 0.4 1 0 0 0 1.2000000000000002 0.8 0 0 8.8 1.4000000000000001 0 0.6000000000000001 0 1.2000000000000002 0.6000000000000001 0.4 3 0 0 0 0 0 0 0 0 3.2 2.6 1.4000000000000001 3.6 0 1.8 0 0 0 1.4000000000000001 0 1.8 0 0 1.4000000000000001 4.2 0 3.6 10.200000000000001 0 0 2.2 0 0.4 1.6 2.4000000000000004 0 0 0 0 13.200000000000001 2.4000000000000004 1.6 10.200000000000001 0 0 0 4.4 0 0 0 0.4 0 0 0 0 0 0 0 0 0 0 0 0 0 0 0 0.4 0 1.8 0 0 0 0 0 0 0 0 0 0 0 0 0 0.4 0 0 0 0 0 0 3.2 2.4000000000000004 6.800000000000001 7.4 0 0 0 2.6 4.2 2.2 0 5.2 2 2 3.8000000000000003 4.800000000000001 0.8 0 1.4000000000000001 0 0.4 0 0 0 2.4000000000000004 2 2.2 0 0 0 6.800000000000001 0 0 0.2 0 0 0 5.4 0 0 0 0 0 0 0 0 0 0 0 0 0 0 0 2 0 0.4 0.2 0 0 0 0 0 0 0 0 0 0 0 0 0 0 0 0 0 0 0 0 0 0 2 0 0 0 0 18.400000000000002 0.2 10.200000000000001 0 0 1 0 0 0 0 0 0 0 0 0 0 0 0 0 0 0 0 0 0 0 0 0 0 0 4.2 0 0 0 0 0 0 0 0 0 0 0 0 0 0 
 50.400000000000006 33.2 27 31.200000000000003 13.4 11.4 15.200000000000001 51 37.2 11.4 7.6000000000000005 48.2 51 40.800000000000004 14 11.600000000000001 90.60000000000001 5 0 25 0 0 0.4 0 0 0.2 0 0 0 0.4 0 0.4 0.4 0 0 0.6000000000000001 0 0 0 0.2 0.4 0 0 0.6000000000000001 0.4 0 0 0 0 0 0 0.6000000000000001 0.2 0.2 0 0 0 0.6000000000000001 0 0 0 0 0 0 0 0 0.6000000000000001 0 0.6000000000000001 0 0 0.6000000000000001 0 0 0 0 0 3.2 0 0 0 11.4 0.2 0 0.2 0 6 8.8 1 14 4.4 7.800000000000001 9.600000000000001 2.6 4.800000000000001 0.4 0 2.4000000000000004 3.4000000000000004 2 0 0 0 0 0 0 0 0 0 0 0 0 0 0 0 0 0 0 0 0 0 0 0 0 0 0 0 0 0 0 0 0 0 0 0 0 0 0 0 0 0 0 0 0 0 0 0 0 0 0 0 0 0 0 0 0 0 0 0 0 8.6 3.2 0 0 0 0 3 2.8000000000000003 5 2 4.4 0 11.600000000000001 0.6000000000000001 9.8 0 3.4000000000000004 6.2 2 4.6000000000000005 0 0 0 0 0 0 0 0 0 0 0 0 0 0 0 0 0 0 0 0 0 1.8 0 0 0 0 0 0 0 0 0 0 0 0 0 0 0 0 0 0 0 0 0 0 0 0 0 0 0 0 0 0 0 0 0 0 0 0 0 0 0 0 0 0 0 0 0.4 0.4 0.6000000000000001 0 0 1.4000000000000001 3 0 0 0 0 0 0 0 0 0 0 0 0 0 0 0 0 0 0 0 0 0 0 0 0 0 0 0 0 0 0 0 0 0 0 0 0 0 
 6.4 52.2 27.200000000000003 56.800000000000004 37 9 88.2 14 66.8 59.800000000000004 53.800000000000004 11.8 15.8 100.4 44.2 33.6 42.6 12.8 25 0 0.4 0 0.8 0 0 0.2 0.2 0 0 0 0 0.4 0.6000000000000001 0.4 0 0.6000000000000001 0 0 40 1 0.4 0 0 0.6000000000000001 0.4 0 0 0 0 0 0 0.6000000000000001 0 0.4 0 0 0 0.6000000000000001 11.600000000000001 0 0 0 0 0 0 0 0.6000000000000001 0 0.6000000000000001 0 10.200000000000001 0.6000000000000001 0 0 0 0 0 1.2000000000000002 0 0 1.4000000000000001 3 0 4 5.6000000000000005 0 0.2 3.8000000000000003 2 0 0.2 7.800000000000001 2.8000000000000003 11.4 2.8000000000000003 0 0 0 0 8.200000000000001 0 0 0 0 0 0 0 0.4 0 0 0 0 0 0 0 1 0 4 0 0 0 0 0 0.6000000000000001 0 0 0 0 0 0 0.2 0 0 0 0 0 0 0 0 0 0 0 0 0 0 0 0 2.6 0.6000000000000001 0 0 0 0 0 0 0.4 0 0.4 0 0 0 1.8 3.2 0.4 2.6 0 2.4000000000000004 0 2.8000000000000003 3.8000000000000003 2 3.2 4.800000000000001 1.2000000000000002 0 2.2 3.2 0.2 3.4000000000000004 2.2 0.2 0 0 0 0 0 0 0 0 0 0 0 0 0 0 0 0 0 0 0 0 0 0 0.4 0 0 0 0 0 0 0 0 0 0 0 0.2 0 0 0 0 0 0 0 0.2 0 0 0 0 0.2 0 0 0 0 0 0 0 0.2 0 0 0 0 0 0 0 0 0.6000000000000001 18 0.2 0.2 0 0 0 0 0 0.2 0 0 0 0 0 0 0 0.6000000000000001 0 0 0 0 0 0 0 0 0 0 0 0 0 0 2.8000000000000003 0 0 0 0 0 0 0 0 0 0 0 0 
 0 0 0 1.2000000000000002 14.4 0.8 0 0.4 0 0.8 17.6 33.4 0 0 0.6000000000000001 0.6000000000000001 0.2 16.6 0 0.4 0 68 82.60000000000001 10.200000000000001 66.8 5.2 15.600000000000001 45.6 107.60000000000001 51.2 109.60000000000001 50.2 25.6 41.800000000000004 24.6 13.8 25.400000000000002 17.400000000000002 24.6 41 0.6000000000000001 0.6000000000000001 0 0.8 0 0.2 0 0 0 0 0 0 0 0 0 0 0.4 0 12.4 0 0.6000000000000001 0 0 7.2 0 0.6000000000000001 0 0 0.6000000000000001 0.4 0.4 0.6000000000000001 0 0 0 0 0 0 0 1 0 0 0 0 0 4.800000000000001 0 0 0 0 0 0 0 0 0 0 8.8 1 0 0 2.8000000000000003 3.6 4 8 0 0 3.2 7.6000000000000005 0.6000000000000001 11.600000000000001 0.2 0 0.4 2.2 6.2 4.4 0 0 0.6000000000000001 7.800000000000001 0 0 0 0 0 0 0 0 0 0 0 0 2 0 0 0 0 0 0.2 0 0 0 0 0 0 0 0 0 0 0 0 0 0 0 2.4000000000000004 0 0 0.4 0 0 0.2 0 0 0 3.8000000000000003 2.4000000000000004 0 0 0 3 0 0.6000000000000001 0 0 0 0.4 0 0 0 0 8.200000000000001 7.6000000000000005 0 4.4 0 6.6000000000000005 2.6 8.8 7 0 4.800000000000001 0 2.6 8.200000000000001 3.8000000000000003 6.6000000000000005 1.6 2.4000000000000004 2.8000000000000003 1.2000000000000002 0 0 0 0 2 0 0 0 0 0 0 1.4000000000000001 0 0 0.2 0 0 0 4 0 0 0 0 0 0 0 0 0 0.2 0 0 0 0 0 0 0 0 0.4 0 0 0 0 0 0 0 0.4 0 0 17.2 14.600000000000001 0 0 0 0 2.6 0 0.8 15.4 0 0 0.4 0 0 0 0 0.4 0 0 0 0 0 0 0 0 0 0 0.2 0.2 0 0 0 0.6000000000000001 0 0 0 0 0 0 0 0 
 0 0 0 0.4 30.200000000000003 7.4 0 0 0 0.4 0.6000000000000001 0 0 0.4 0 0.6000000000000001 0.6000000000000001 0 0 0 68 0 32.4 78 7.4 10.4 18.8 49.800000000000004 49.2 63.6 67 63 30.6 23.6 75.2 5.4 6 46.6 24.8 67.4 0.6000000000000001 0.6000000000000001 0 0.4 0 2.4000000000000004 0 0.2 0 0 0 0 0 0 0 0 0.4 0 12.600000000000001 0.2 0.6000000000000001 0 0 0 0 0 0 0.8 0 0.4 0 0.2 0 0 0 0 0 0 0 0.6000000000000001 0 0.4 0 0 3 0 0.2 0 0 0 0 0 0 0 0 0 0 0 0 0 2.6 2.2 0.8 3.2 0.2 0.2 1.8 2.2 0 1.2000000000000002 3 0 1.6 2.2 2 3 0 0.2 0 3.2 0 0 0 0 3.6 0 0 0 0 0 0 0 2.4000000000000004 0.4 0 0 0 0 0 0.2 0 0 0 0 0 0 0 0 0 0 0 0 3 0 0 0 0 0 0 0 0 0 0 0.6000000000000001 0 1.8 0 0 0 0 0 0 0 0 0 0.8 0 0 0 0 2 5.800000000000001 0 1.8 0.2 3.8000000000000003 0 3.2 7.4 0.4 2.2 2 0 3.8000000000000003 7.6000000000000005 15.8 0 3 3.6 0 0 0 0.4 0 0 0.2 0 1.6 0 0 0 2 0 0 0.4 0.4 0 0 0 0 0 0 0 0 0 0 2.8000000000000003 3.8000000000000003 0.4 0 0 0 0 0 4.800000000000001 0 0 0 0 0 0 0 0 0 0 0 0 0 0 0 0 0 0 0 2.8000000000000003 0 0.4 15.8 0 0 0 0 0 0 0 0 2 0 0 0 0 0 0 0 0 0 0 0.4 0 0 0 4.2 0 0 0 0 0.2 0 0 0 
 0.4 0.4 0.4 0.4 0.4 8 0.4 0.4 0.4 0.4 0.4 0.4 0.4 0.4 1.2000000000000002 0.4 0.4 0.4 0.4 0.8 82.60000000000001 32.4 0 33.6 27.6 27.400000000000002 14.4 33 42.6 90.2 24.8 64.4 48.2 53 15.600000000000001 46 129 24.400000000000002 10.8 9.8 0.8 0.6000000000000001 0 0.4 0 0 0 6.2 0 0 0 0 0 0 0 0 0.4 0 7.4 0.4 0.6000000000000001 0 0 0 0 0 0 0 0 0.4 0.2 0 0 0 0 0 0 0 0 0.6000000000000001 0 0 0 0 0 0 0.4 0 0 0.4 0 0 0 0 0 0 0 0 0 0 0.2 0.2 5.800000000000001 5.6000000000000005 1.4000000000000001 1.6 5 1.8 2.2 10 6 6.2 0 1.8 4.2 3.4000000000000004 5.800000000000001 2.8000000000000003 1.4000000000000001 0 2.8000000000000003 0 0 0 0 0 0 0 0 0 0 0 2.4000000000000004 4.4 0 0 0 0 2.4000000000000004 0.4 0 0 0.2 0 0 0 0 0 0 0 0 0 0 0.2 0 0 0 0 0 0 0 0 0 0 0 0 0 0 0 0.8 0 1.2000000000000002 0 0 0 1 0 0 0 0 2.2 2.4000000000000004 4.800000000000001 6 2.8000000000000003 4.6000000000000005 0 0 2 4.6000000000000005 2 2.4000000000000004 1.8 2 2.8000000000000003 2.6 2 10.8 2 0 1 0 0.2 0 0 0.4 2.8000000000000003 0 0 0 0.2 0 0 2.8000000000000003 0 0 0 0 0.4 2.2 1.4000000000000001 0 0 0 0 0 0 0 0 0 0 0 0 0 0 0 0 0 0 0 0 0 0 0 0 0 0 0 0 0 0 0 0 0 1 0 0.6000000000000001 16 0 0.2 0.4 0 0 0 0 0 0 0 0 0 0 0 0 0 10.4 0 0.2 0 0 2.6 0 0 0 0 0 1.8 0 0 0 0 
 0 0 0 0 1 0 0 0 0 0 0 0 0 0.4 1 0 0 0 0 0 10.200000000000001 78 33.6 0 98.80000000000001 58.2 36.4 21 80.80000000000001 42.6 71.8 18.400000000000002 12.200000000000001 29.8 31.8 38 9.200000000000001 9.600000000000001 18.8 73 0.6000000000000001 0.6000000000000001 0 0.4 0 2.2 0 12.4 0 0 0 0 0 0 0 0 0.4 0.2 0.2 0 0.6000000000000001 0 0 0 0 0 0 0 0 1 0 0.4 0 0 0 0 0 0 0 0.6000000000000001 0 0 0 0 0 0 0 0 0 0 0 3.4000000000000004 0 0 0 0 0 0 0 0 4.800000000000001 9.200000000000001 0.8 10.200000000000001 2.6 7.6000000000000005 2.6 2 3.2 0 5.4 1.6 0 0 1.8 4 4 13 0 0.4 3.2 0 0 0 0 0 0 4.2 0.2 0 0 0 0 0 0 0 0 0 5.2 0 0.4 0 0 0 0 0 0 0 0 0.4 0 0 0 0 0 0 0 0 0 0 0 0 0 0 0 0 0.2 0 0 2.8000000000000003 0 4 0 0 0 2.2 0 0 0 0 2 5.6000000000000005 9.600000000000001 4.800000000000001 8.8 0 3.8000000000000003 1 0.2 6 2.8000000000000003 3 0 7.800000000000001 8.4 6.6000000000000005 5.6000000000000005 6 0 0 3.8000000000000003 0 0 0 0 1.8 0 0.6000000000000001 0 0 0 0 0.2 2.8000000000000003 0 0 0 0 3.6 0 0 0 0 0 3.4000000000000004 0.2 0 0 0 0 0 0 0 0 0 0 0 0 0 0 0 0 0 0 0 0 0 0 0 0 0 0 0 0 2.2 0 0.4 15.200000000000001 0.8 0 0 3.8000000000000003 0 0 0 0 0 0 0 0 0 0 0 0 0 0 0 0 0 0 0 3.6 0 0 0 0 4 0 0 0 
 0 0 0 0 0 0.4 0.8 0.2 0 1.2000000000000002 0.6000000000000001 0 0 0 0.4 0 0.2 0.8 0 0 66.8 7.4 27.6 98.80000000000001 0 47.800000000000004 12.200000000000001 30.8 48 43.400000000000006 55.400000000000006 12.200000000000001 49.2 20.200000000000003 32.4 45.2 14.200000000000001 41.400000000000006 10.600000000000001 19 0.6000000000000001 0.6000000000000001 0 0.4 0 0 0.8 0.2 0 0 0 12.4 13.200000000000001 0 8 0 0.4 0 0 18.6 0.6000000000000001 11.8 0 0 0 0 0 0.6000000000000001 0 11 0.2 0.4 0 0 0 0 0 0 0 0.6000000000000001 0.2 0 0 0 0 0 0 0 0 2.6 0 0 0 0 0 0 0 0 0 0 0 0 1.6 6.800000000000001 9.8 6.800000000000001 1 0 0 3 6.6000000000000005 8.6 0 0 0 0.4 1.4000000000000001 1.8 0 0 4.800000000000001 0 8 0 0 0 3.4000000000000004 0.4 0 0 0 0.2 6 2.2 2.2 0 6.800000000000001 0.4 3.6 4.2 0 0 0 0 0 0 0 0 0 0 4.2 0 0 0.8 9.4 0 0 0 0 0 0 0 0 0 0 0.4 0 0 0 0.2 0 0 3 0 0 0 0 0 0 0 0 1.4000000000000001 1.2000000000000002 5.4 3.8000000000000003 1.8 0 2.2 0 2.2 2 6.4 0 0 0 0 2.2 4.2 0.4 0 3.6 1.8 4 0 0 0 4 3.8000000000000003 2 0 0.2 0 3 1.6 18.2 2 0.6000000000000001 0.4 3.6 13.4 0 0 0.4 0 0 0 0 0 0 0 0 0 0 0 0 0 0 0 0 0 0 0 0 0 0 0 0 0 0 0 0 0 0 0 1.2000000000000002 0.4 0 0.6000000000000001 0.2 0.8 1 0 0 0 0 0 0 0 0 0 0 0 0 0 0 0 0 0 0 0.2 0 2.4000000000000004 0 0 0 4 0 0 0 0 
 0 0 0 0 0 0 0.8 0 0 0.4 1 0 0 0 0.8 0.4 0 0 0.2 0.2 5.2 10.4 27.400000000000002 58.2 47.800000000000004 0 9.4 12.200000000000001 49.800000000000004 49.400000000000006 29.200000000000003 27 6.4 9.4 10.8 29.8 26.200000000000003 68.8 13.8 13.8 0.8 0.6000000000000001 0 0.2 0 0.6000000000000001 12.4 1.2000000000000002 0 0 0 0 0 0 0 0 0.4 0 0 26.200000000000003 0.6000000000000001 0 0 0 0 0 0 0 0 0.4 0.4 0 0 0 0 0 0 0 0 0.2 0 0 0 0 0 0 0 0 0 0 0 0 0 0 0 0 0 0 0 0 0 2.8000000000000003 0 5.2 14.8 9 0.2 0 0 0.2 3 8.4 0 0 0 6.4 0.2 1 0 0 3.6 3.4000000000000004 2.4000000000000004 0 0 0 3.2 1.6 0 0 0 0 4 0.8 0 0 0.2 0 6.2 2.2 0 0 0 0 0 0 3 0 0 0 0 0 0 0.8 0 0 0 0 0 0 0 0 0 0 0 0 0 0 0 0 0 0.2 0 0 0 2.4000000000000004 0 0 0 0 0 0 0 2 8.200000000000001 1.6 0 0 0.2 5 2.4000000000000004 2.2 0 0 0 0 0 8 0 0 6.6000000000000005 0 0.4 0 0 0 3.2 2 0 0 0 0.2 2 0 0.8 4.2 0 0.2 6.2 5.800000000000001 2.8000000000000003 0 0 0 0 0 0 0 0.4 0 0 0 0 0 0 0 0 0 0 0 0 0 0 0 0 0 0 0 0 0 0 0 0 0 4 0.4 0 0 15 0 0.8 0 0 10.4 0 0 0 0 0 0 0 0 0 0 0 0 0 4 0 0 0 0 0 0 0 0 0 0 0 0 
 0 0 0 0.6000000000000001 14.8 16.8 0 0.6000000000000001 16.8 0 29.8 15 0 0 0 0.6000000000000001 0 0 0 0.2 15.600000000000001 18.8 14.4 36.4 12.200000000000001 9.4 0 77 12.8 36.4 25.200000000000003 27 118.80000000000001 84.80000000000001 21.6 33 23.8 25.6 37.800000000000004 28 1.2000000000000002 0.6000000000000001 0 0.2 0 0 0 0 0 0 0 0.6000000000000001 0 0 0 0 0.4 0 0 0 0.6000000000000001 0 0 0 0 0 0 0.2 0 0.4 0.4 13.8 0 0 0 0 0 0 0 0.4 0.2 0 4 0.2 2 3.4000000000000004 0 0 0 0 0 0 0 0 0.4 0 0 0.2 0 0 4.800000000000001 12.600000000000001 2.2 0 0.2 0 0.2 1.6 12.200000000000001 4.4 11.4 2.2 0.6000000000000001 3.2 6.2 0 8.4 4.2 5.800000000000001 0 0 0 0 0 0 0 0 0 0 0 0 0 0.4 0 0 0 0 0 0 0 0 0 0 0 0 0 0 0 0 2.2 0 0 0 0 0 0 0 0 0.2 0 0 0 0 0 0 0 0 0 0 0 0 0 3.2 4.800000000000001 0 0 4.4 0 0 0 0.4 9 8.6 0 0 0 10.200000000000001 3.4000000000000004 4.2 0 3 2 1 2.4000000000000004 6.4 0.2 4.4 1.6 5.800000000000001 2.8000000000000003 0 0 0 0 0 0 0 0 0 0 0 0 0 0 0 0 0 1.6 0.2 0 0 0 0 0 0 3.4000000000000004 0 0 0.4 0.4 0 0 0 0 0 0 0 0 0 0.4 0 0 2.4000000000000004 0 0 0 0 0 1.2000000000000002 15.200000000000001 0 0 0 0 2 0 0.4 0.2 0 0.2 0.4 0.4 0 0 0 0 4.4 0 0 0 0 0 0 0 0 0 3.2 0 0 0 0 0 0 0 0 0 1.8 0 0 0 
 0 0 0 0 0 0.2 0.6000000000000001 0 0 0.6000000000000001 0.2 29.200000000000003 0.4 0.2 0 0 0 14.8 0 0 45.6 49.800000000000004 33 21 30.8 12.200000000000001 77 0 62.6 48.6 25.200000000000003 28 26.200000000000003 54 62.800000000000004 17 5.2 59.800000000000004 94 28.400000000000002 0.6000000000000001 0.6000000000000001 0 0.4 0 0.8 0 0 0 0 0 0 0.4 0 0 0 0.4 0 6.4 0 0.6000000000000001 0 0 0 0 0 0 0 0 0.4 0 0 0 0 0 10.8 0 0 0 0.6000000000000001 0 0 0 0 0 2.4000000000000004 0 0.4 0 0 0 0 0 0 0 0 0.2 0.8 0 0.4 0 2.2 8.6 4.4 0 0 0.6000000000000001 4 4 3.4000000000000004 0 0 0.2 0 3.6 2.2 3.6 0 1.2000000000000002 3.8000000000000003 0 0 0.2 0 0 0 0 0 0 0 0 0 3 4.6000000000000005 0 0 0 0 4.2 0 0 0 0 0 0 0 0 0 0 0 0 0 0 0 0 0 0 0 0.2 0 0 0 0 0 3.6 0 0 0 0 2.8000000000000003 0 0.4 0 0 0 0 0 0 0 0 1.8 4.6000000000000005 0 1 6.2 2.6 4.2 7 5.2 7 0 6 0 10.200000000000001 5.6000000000000005 9.600000000000001 6.2 3 2.4000000000000004 0 0.2 0 0 0.2 0.4 0 3.6 0 0 0 0 0 0 0.4 0 0 0 0 6.6000000000000005 0.2 0 0 0 0 0 0 0 0 0 0.2 0 0 0 0 0 0.2 0 0 0 0 0 0 0 0 0 0 0 0 14.8 4.6000000000000005 0 0 0 0 2.8000000000000003 0 0.2 23.6 0 0 0.6000000000000001 0 0.2 0 0 0 0 0 0 0 0 0 0 0 0 0 0 0 0 0 0 2 0 0 0 0 0 0 0 0 
 0 0.4 0 0.6000000000000001 0 18.8 0 0 0 0.4 0.4 0 0 0 0 0.4 0 0 0 0 107.60000000000001 49.2 42.6 80.80000000000001 48 49.800000000000004 12.8 62.6 0 76.60000000000001 108.4 37.4 58 21.6 27.200000000000003 75.2 9.200000000000001 8.4 18.6 15.200000000000001 0.6000000000000001 0.6000000000000001 0 0.4 0 0 0 12.4 0 0 0 0 0.2 13.200000000000001 0 0 0.4 0 0 4.800000000000001 0.6000000000000001 0 0 0 0 0 0 0.2 0 0.4 0.2 0.2 0 0 0 0 0 0 0 0.6000000000000001 0 0 0 0 0 0.4 0 0 0 0 0 0 0 0 0 0 0 0 0 0 0 2.2 4.2 6.4 2.4000000000000004 2 6.800000000000001 4.6000000000000005 1.8 4.800000000000001 10.8 3.8000000000000003 0 3.2 4 2.2 3.4000000000000004 3.6 1.4000000000000001 0 2.8000000000000003 0 1.6 0 0 0 0 2.2 0 0 0 0 0 3.8000000000000003 0.2 0 0 0 7.4 0 0 0 0 0 0.2 0.2 0 0 5.2 0 0 0 0 1.4000000000000001 0 0 0 0 0 0 0 0 0 0.4 0 0 0 0 0 1.6 0 2 0 0 0 0 0 0 0 0 4.2 5 8.6 5.6000000000000005 2.2 0.4 1.2000000000000002 1.6 1.8 6.2 2 1.6 1.8 5 5.4 0 1.8 7.4 0 0 3.8000000000000003 0.2 0 0 0 0.2 0 0 0 0 0 0 0 2.2 0 0 0 0 1.2000000000000002 2.2 0 0 0 0 0 0 0 0 0 0 0 0 0 0 0 0 0.4 0 0 0 0 0 0 0 0 0 0 0 0 0 0 0 0 0 2.6 0.4 0 0.4 0 0 0 0 0 0 0 0 2.4000000000000004 0 0 0 0 0 0 0 0 0 0 0.4 0 0 0 0 0 0 0 4 6.2 0 0 0 
 0 0 0 0.6000000000000001 0 0 0 0.2 0 0 1 0 0 0 0.6000000000000001 0.4 0 0 0.4 0 51.2 63.6 90.2 42.6 43.400000000000006 49.400000000000006 36.4 48.6 76.60000000000001 0 38.2 9.4 9.600000000000001 92.2 52.2 68.4 92.60000000000001 38.2 14.200000000000001 40.2 0.6000000000000001 1.6 0 0.4 0 1 0 0 0 0 0 0 0.2 0 0 0 0.4 0 0 17.6 0.6000000000000001 0 0 8.200000000000001 0.4 0.4 4.800000000000001 0 0 0.4 0.2 0.2 0 0.4 0 6.4 0 0 0 0.4 0 0 0 0 0 0 0 0 0 0 0.2 0 0 0 0 0 0 0 0.2 0 2.2 3 2.4000000000000004 0 12.4 14.600000000000001 2.2 0 2 4.2 5 5.2 3 2.8000000000000003 1.8 1.4000000000000001 0 4.800000000000001 2.6 0.2 10.200000000000001 0 0 0 0 0 0 0 0 0.4 0 0 2.4000000000000004 2 0 0 0 0 0 6.800000000000001 0 0 0 0 0 0 0 0 0 1 0 0 0 0 0 0 0 0.2 0.2 0 0 0 0 0 0 0 0 0 0 0 0 2 0 0 0.6000000000000001 0 0 0 0 0.2 0 0.2 3.8000000000000003 6.6000000000000005 4.6000000000000005 1.8 3.4000000000000004 1.8 2.2 2.4000000000000004 4.800000000000001 15.4 0 0 4.800000000000001 2 4 3.2 0 0 0.4 0 0 0 0 0 0.4 2.2 0 0 0 0 2 0 0.4 0 0 0 1.8 7.4 0 0 0 0 0 0 0 0 0 2.8000000000000003 0 0 0 0 0 0 0 0.2 0 0 0 0 0 0 0 0 0 0 0 0 0 0 0 0 1.2000000000000002 0.2 0.4 19.200000000000003 0.6000000000000001 0.8 0.2 3.8000000000000003 0 0 0 0 0 0 0 0 0 0 0 0 0 0 0 0 0 2.6 0 3.8000000000000003 0 0 0 0 0 0 0 0.6000000000000001 
 0 0 0 0.4 0.6000000000000001 0 0 0 0 0.4 0.8 0 0 0 0.4 0.6000000000000001 0 0 0 0 109.60000000000001 67 24.8 71.8 55.400000000000006 29.200000000000003 25.200000000000003 25.200000000000003 108.4 38.2 0 60.400000000000006 31 12.4 45.6 103 18.6 43.2 24.400000000000002 12.600000000000001 1 1.4000000000000001 0.4 0.4 0 0.8 0 0 0.2 1.2000000000000002 0 0 0.8 0 0 0 1.2000000000000002 0 0 26.8 0.6000000000000001 0.8 0 0 0.4 0 0 0.8 0 0.8 0.2 0.4 0 0.6000000000000001 0 1.2000000000000002 0 0 0 0.6000000000000001 0 0 0 0 0 0 0 0 0 0 0 0 0 0 0 0 0 0 0 0 0 0 6.2 2.6 8.4 10.600000000000001 2.8000000000000003 1.8 3.8000000000000003 2 9.200000000000001 3.4000000000000004 2.8000000000000003 2.6 9.200000000000001 0 1.2000000000000002 5 0 0 3.6 0 4 0 0 0 3.8000000000000003 0.2 0 0 0 0 2.6 0 0 0 0 0 4 0 0 0 0 0 0 0 0 0 0 0 0 0 0 1.2000000000000002 0 0 0 0 0 0 0 0 0 0 0 0 0 0 0 0 0 0.4 0 0 0.2 0 0 0 0 0 0 2.8000000000000003 6 9.8 7.4 4.2 3.8000000000000003 2.4000000000000004 1 0 2 12.600000000000001 0 0.2 3.4000000000000004 4.4 0.2 5.4 0.2 0 2.8000000000000003 0 0 0 0 0 0 0 0 0 0 0 4 3.8000000000000003 0 0 0 0 8 4.6000000000000005 0 0 0 0 0 0 0 0 0 0 0 0 0 0 0 0 0 0 0 0 0 0 0 0 0 0 0 0 0 0 0 0 0 0 1 0 0 8 0 0 0.2 1.2000000000000002 0 0 0 0 4 0 0 0 0 0 0 0 0 0 0 0 0 2.2 0 5.800000000000001 0 0 0 4 4.4 0 0 0 
 0.4 0.4 0.4 1 0.6000000000000001 0.4 0.4 0.4 0.4 0.4 5.4 0.4 0.6000000000000001 0.8 0.8 0.4 0.6000000000000001 0.8 0.4 0.4 50.2 63 64.4 18.400000000000002 12.200000000000001 27 27 28 37.4 9.4 60.400000000000006 0 12.8 9 4.6000000000000005 8.200000000000001 16 13.600000000000001 47 6.6000000000000005 2.4000000000000004 0.6000000000000001 0 0.4 0 0 17.6 0.4 0 0 0 0 0.2 5.2 0 0 0.4 0 37.800000000000004 15.200000000000001 0.6000000000000001 7.800000000000001 0 0.2 0 0.2 0 0 0 0.4 0.2 0 0 0 0 0 7.2 0 0 0.6000000000000001 0 0 0 0 0 0 0 0 0 0 0 0 0 0 0 0 0 0 0 0 0 2.8000000000000003 8.4 0.8 4.4 3.4000000000000004 0 1.2000000000000002 2.4000000000000004 0.4 8.8 2 0 0 0 2 0.2 9.200000000000001 0 2.6 0 7.6000000000000005 0 0.8 0 0 5.800000000000001 0 0 2.8000000000000003 0 0 3.2 5.2 2.2 0 3.6 0.6000000000000001 0 0 0 0 0 0 0 0 0 0 0 0 0 0 0 1.6 0 0 0 0 0 0 0 0 0 2.4000000000000004 0 0 0 1.4000000000000001 2.4000000000000004 0 0 0 0 0 0 0 0 0 0 0 0 1.2000000000000002 2.6 0 3.2 5 2.6 1.6 0 5 0 2.6 0 1.4000000000000001 4.6000000000000005 0 0.2 4 0 0 3.4000000000000004 10.200000000000001 0 0 0.2 0 4.4 0 0 0 3.8000000000000003 0 3.6 0 5.6000000000000005 5.6000000000000005 1 0 8.4 10.4 0 0 0 0 0 1 0 4.2 0 0 0 0 0 0 3 0 0 0 0 0 0 0 0 0 0 0 0 0 0 0 0 0 0 0 2.8000000000000003 0.4 0.2 29.8 0.4 3 4.4 0 0 0 0 0 0 0 0 0 0 0 0 0 0 0 0 0 0 0 0 0 0 0 0 0 2.8000000000000003 0 0 0 
