 0 19 16.400000000000002 24.6 30.400000000000002 10 63.2 45.800000000000004 37.6 43.2 26 29.200000000000003 44.6 9.4 8.4 8.6 9.8 45.400000000000006 30.8 27 0 0 0.4 0.6000000000000001 0 0 0.2 0 0 0 1.2000000000000002 0 4.6000000000000005 1.4000000000000001 0.2 0.2 0.6000000000000001 0 0 1 6.4 0 0.8 0.4 0.6000000000000001 0.2 0 0 0.4 0.4 0 0 0 0.4 1.8 0.6000000000000001 0.6000000000000001 0.4 0 0 8.200000000000001 0 0 0.2 0 0.4 0 0 1 0 0 1.6 0.2 0 0.4 0 1.2000000000000002 0.4 0 0.4 6.800000000000001 5.4 2.4000000000000004 9.600000000000001 0 4.2 0.8 2.8000000000000003 1.8 0.4 0 5 0 4 1.8 4.6000000000000005 1.6 4.800000000000001 0 3.6 0 3 0 0 0 0 0 0 0 0 0 0 5.6000000000000005 0 0 0 0 0 0.2 0 0 0 0 0 0 0 0 0 0 0 0 0 2 0 0 0 0 0 0 0 0 0 0 0 0.4 0 0 0 0.8 0 0 0 0 0 0 0 0 0 0 0.4 0.2 3 6.2 2.6 1.6 0.6000000000000001 6 3.8000000000000003 1.6 1.4000000000000001 0.8 8.4 0 8 0.2 0 0 1.2000000000000002 0 2.8000000000000003 4.6000000000000005 0 0 0 0 0 0.2 0 0 0 0 0 0.2 1.6 0 0 0 0 0.2 6 0 0 0 0 0 0 0 0 0 0 0 0 0 0 0 0 0 0 3.4000000000000004 0 0 0 0 0 0 0 0 0 0 0 0 0 0 0 0 0 0 0 0.2 0.2 0 0 0 0 0 0.4 0 0 11.200000000000001 0 2.4000000000000004 1.6 0 0 0 0 0 0 0 0 0 0 0 0 0 0 0 0 0.4 0 0 0 0 0.4 0 0.2 2.4000000000000004 0 0 0 0 0 0 0 0 0 0 0 0 0 
 19 0 43.400000000000006 23.8 4.4 5.6000000000000005 32 30.6 22.400000000000002 26.8 7.6000000000000005 25.200000000000003 26.6 10.8 10 23.400000000000002 27.200000000000003 45.2 22.400000000000002 25.8 0.4 0 0 0 0.2 0 16.8 0 0 0.6000000000000001 0.6000000000000001 0 15.200000000000001 0.4 0 0.6000000000000001 0.6000000000000001 0 15 15.200000000000001 0.4 0 0 0 0 0 0.6000000000000001 0.6000000000000001 0.4 0 0.8 0 0 0.8 1.4000000000000001 0 0 0.2 0 0 0.4 0 0 0.4 0.6000000000000001 0.2 0 0 0 0 0 0 0.6000000000000001 0 0.6000000000000001 0.6000000000000001 0 0 0 0 4.6000000000000005 2.8000000000000003 5.2 0 6.800000000000001 1.6 0.2 2.8000000000000003 6.4 2.4000000000000004 4.800000000000001 3.2 0 7.800000000000001 0 2.2 4.4 7.4 0 0.2 0 3.6 0 0 0 0 0.2 0 0 0 0 0 1.6 2.4000000000000004 0 0.2 0.2 0 9.4 1.8 0 0 0.2 0 0 0 0 0 0 0 0 0 2.8000000000000003 0 0 0 0 0 0 0 0 0.2 0 0 0 0 0 0 0.4 0 0 0 0 0 0 0 0 0 0 0 0 10.8 0 9.200000000000001 11.200000000000001 0.2 4.4 0 0 3.6 0 11.4 4.2 0.2 0 4.800000000000001 4.2 3.2 6.800000000000001 0 2 0 0.4 0 0 0 2.2 2 0 8.200000000000001 0 0 7 1.4000000000000001 0 0 0 0 0 0 0 0 0 0 0.2 0 0 0 0 0 0.2 0 0.2 0 0 0 0 0 6 0 1.8 0 0 0 0 0 0 0 0 0 0 0 0 0 5 0 0 0 0 0 0 0 0 0 0 0.4 0.6000000000000001 0 0.2 0 0 2 0 0 0 0 0 0 0 0 0 0 0 0 0 0 0 0 0 0 0 0 0 0 0 2.8000000000000003 4.4 0 0 0 0 0 0 0 0 0 0 0 0 0 
 16.400000000000002 43.400000000000006 0 40 73 30 92.4 71.60000000000001 143.4 45.400000000000006 10.4 7.6000000000000005 136.6 28.400000000000002 77.80000000000001 46.400000000000006 34 23.8 34.6 93 0 0 0 0 0 0 16.2 0 0 0.6000000000000001 0.6000000000000001 0 23.200000000000003 0.4 0 0.6000000000000001 0.6000000000000001 0 15.200000000000001 0.6000000000000001 0.4 0 0 0 0 0 0.6000000000000001 0.6000000000000001 0.4 0 0 0 0 0 1.4000000000000001 0 0 0 0 0 0.6000000000000001 0 0 0 0.4 0 0 0 13.200000000000001 0 0 0 0.6000000000000001 0 0.2 0.8 0 0 0 0 2.6 3.8000000000000003 1.6 8.200000000000001 4 0.6000000000000001 0.4 0 2.4000000000000004 3 5.4 3.4000000000000004 0 0 0.2 2 3.4000000000000004 5.800000000000001 0 3.4000000000000004 0 0 0 0 0 0 2.6 0 0 0 0 0 2 1.6 2 0 0.2 0 5 0 0 0 0 0 0 0 0 0 0 0 0.2 0 1.4000000000000001 0.2 0 0 0 0 0 0 0 0 0 0 0 4 0 0 0 0 0 0 0 0 0 0 0 0 0.2 0 1.6 9.4 3.8000000000000003 7.2 0 0.6000000000000001 8.200000000000001 0 0.2 2.2 3.6 7.6000000000000005 0 1.2000000000000002 4.4 2.6 4.6000000000000005 7.4 0 2.6 2 0 0 0 0 0 5.2 2.6 0 0 0 0 7.4 0.4 0.4 0 0 0 0.2 0 0 0 0 0 0 0 0 0 0 0 0 0 0 0 0 0 0 0 0 0 0 0 0 0 0 0 0.2 0 0 0 2.8000000000000003 0 0 0 0 0 0.4 0 0 0 0 0 0 0 0 0 0.6000000000000001 0.4 0.4 0.2 0.2 1.4000000000000001 0 0 0 0 0 0 0 0 0 0 0 0 0 0 0 0 0 0 0 0 0 0 0 0 0.2 0 0 0 0 0 0 0 0 0 0 0 0 0 
 24.6 23.8 40 0 27.8 6.2 52 88.60000000000001 36.2 32.800000000000004 58 53.800000000000004 14.4 17 18.2 7.800000000000001 27 34.800000000000004 17.8 16 5.6000000000000005 0.4 0 0 0.2 0 15.4 0 0 6.6000000000000005 0.6000000000000001 0 30 0.4 0 0.6000000000000001 0.6000000000000001 14.600000000000001 12.600000000000001 15.200000000000001 0 7.2 0 0.8 0 0 0.6000000000000001 0.6000000000000001 0.4 0 0 0 0 0 0.2 0 0 0 0 0 0 0.4 1.6 0 0.6000000000000001 0 0 0 0 0 0 0 0.4 0 0.6000000000000001 0.8 0 0 0 0 8.4 1 2 7.6000000000000005 5 6.800000000000001 0 0 9.600000000000001 2.6 4.800000000000001 4.6000000000000005 0 7.6000000000000005 0 2.2 2 10.200000000000001 0 0 0 2.6 0 0 0 0 0.8 0 0 0 0 0 0 11 0 0 0 0 9.600000000000001 2.8000000000000003 0 0 0 0 0 0 0 0 0 0 0 0 2.2 2.4000000000000004 0 0 0 0 0 0 0 0 0 0 0 0 0 0 0.6000000000000001 0 0 0 0 0 0 0 0 0 0 0 0 3.2 0 2.6 9.4 3 3.2 1.4000000000000001 0.2 1.6 0 14 0 0 0 2.4000000000000004 2.8000000000000003 4.6000000000000005 0 0 2 2.6 0 0 0 0 2.2 2.6 0 0 0 0 0 1.4000000000000001 0 0 0 0 12.8 4 0 0 0 0 0 0 0 0 0 0 0 0 0 0 0 0 0 0 3.8000000000000003 0 0 0 0 2.6 0 0 0 0 0 0 0 0 0 0 0 0 0 0 0 0 0 0 0 0 0 0.4 0 0 1 35.6 0.2 1 2.8000000000000003 0.2 0 0 0 0 0 0 0 0 0 0 0 0 0 0 0 0 0 0 0 0 0 0 6.2 0 0 0 0 0 0 0 0 0 0 0 0 0 
 30.400000000000002 4.4 73 27.8 0 59.6 69.8 28.200000000000003 53 37 43.2 6.6000000000000005 57.800000000000004 25 16 36.4 56.2 7.6000000000000005 56.6 66.4 1.4000000000000001 0.2 0 1.2000000000000002 1.2000000000000002 0.2 0.8 17.8 0.2 0.6000000000000001 0.6000000000000001 0.4 29.400000000000002 27.200000000000003 8.8 15.4 15.8 17.8 26.6 16.2 0.4 0.8 0 1.6 2 0 0.6000000000000001 0.6000000000000001 0.4 0 0.2 0 0.4 0 0 0 0 0 0 0 1 1.4000000000000001 0.2 0 0.4 10 0 0 4.2 0 0.6000000000000001 0 0.6000000000000001 0 0.2 0.6000000000000001 0 0 0 0 0 0 3.2 0 4.800000000000001 3.4000000000000004 0 0 0 2.4000000000000004 0.8 2.2 0 0 3.8000000000000003 2.6 0.2 2.2 1.8 2.6 2.8000000000000003 0.4 0 0 0 0 8.6 0 0 0 0 0 8.200000000000001 0 4.6000000000000005 2.8000000000000003 0 0 0 4.2 2.4000000000000004 0 0 0 0 0 0 0 0.2 2.8000000000000003 0 0 0 0 0.4 0 0 0 0 0 0 0 0 0 0 0 0 0.4 0.2 0 0 0 0 0 0 0 0 0 0 0 0 0 2 5 0 2 0 0 0 0 5.800000000000001 3.4000000000000004 0 8 4.4 4 0 5.2 0 1.8 0 0 0 0.4 0 0 4.800000000000001 12.200000000000001 0 0 0 0 4.2 3.8000000000000003 3 2.6 0 0 5.6000000000000005 2 0 0 0 0 0 0 0.2 0 0.4 0 0 0 0 0 0 0 0 0 0 0 0 0 0 0 0.2 0 0 0 0 0 0 0 12.4 0 0 0 0 0 0 0 0 0 0 0 0 0.6000000000000001 20.200000000000003 0.4 0.6000000000000001 17.8 0 3.6 0 0 0 0 0 0 0 0 0 4.800000000000001 0 0 0 0 0 0 0 0 0 0 0 0 0 2 0 0 0 0 0 0 0 0 0 0 0 0 0 0 
 10 5.6000000000000005 30 6.2 59.6 0 5.4 18.2 8.6 57.6 30.400000000000002 53.800000000000004 49.6 47.400000000000006 12.600000000000001 69.4 46.2 9.8 10.200000000000001 15 0 0.6000000000000001 0.4 0 0 0.4 16.2 0.4 15 0.6000000000000001 17.6 42.400000000000006 44.400000000000006 21.400000000000002 18.400000000000002 0.6000000000000001 18.6 14.8 0.6000000000000001 15.4 0.4 0.4 0.4 0 0.4 0 1 0.6000000000000001 0.4 0 0.2 1.2000000000000002 0 0 0 0 0 0 0 0 1 0 0 0.2 1 0 0 0 1.6 0 0.4 0 1 0.4 0.2 0.8 0 0 1.8 0 0 0 0.2 0 0 1.6 0 0 0.2 0 7 2.8000000000000003 0 0 0.2 1.6 2.8000000000000003 0 0 0 0 2.6 2.6 0 0 0 4.800000000000001 6 0 2 3 0 2 5.2 6.800000000000001 0 1.8 0.2 3.2 7.2 0 0 0 0 0 0 0 0 0 0 2.2 0 0 0 0 0 0 0 0 0 0.4 0 0 0 0 1.2000000000000002 0 0 0.4 0 0 0 0 0 0 0.2 0 0 0.2 1.6 0 0.4 1.8 2 0 0 0 0 0 0 5.4 8.4 0 0.2 2.4000000000000004 2.2 4.4 2 0 2.6 5.4 3.2 0 0 0 0 3.8000000000000003 4 3 3.6 0.6000000000000001 0 6.800000000000001 0.2 0 10 2.2 0 0 6.2 0 0 0 0 0 0 0 0 0 0 0 0.2 0 0 0 0 0 0 0 0 0 0 0 0 0.2 0 0 2.8000000000000003 0 0 0 0 0 0 0 0 0 0 0 0 0 0 0 0 0 0.2 0.2 0 0 0.4 0 1.6 0.8 0 0 0 0 15.4 0 0 0.2 0 0 0 0 0 0 0 0 0 0 0 0 0 0 0 0 0 0 0 0 0 0 0 0 0 0 0 0 0 
 63.2 32 92.4 52 69.8 5.4 0 93.60000000000001 10.8 25.400000000000002 48.400000000000006 57.6 35.2 6.800000000000001 22.200000000000003 19.8 20 7.800000000000001 78.80000000000001 51 1.2000000000000002 0.4 0 0.4 0 0 0.8 0 0.6000000000000001 0.6000000000000001 0.6000000000000001 0.2 0.6000000000000001 0.4 0.6000000000000001 0.6000000000000001 0.6000000000000001 0 0 0.8 0.6000000000000001 0 0 1.4000000000000001 0.6000000000000001 0 0.8 0.6000000000000001 0.4 0 0 0 0.4 0 0.6000000000000001 0.4 0 0 0 0.6000000000000001 1.2000000000000002 1.2000000000000002 0 0 0.4 0.6000000000000001 0 0 1 0 0 0 0.6000000000000001 0 0.6000000000000001 0.6000000000000001 0 0 0 0 4.800000000000001 3 2.8000000000000003 0 0 5 4.6000000000000005 0 2.6 6.4 0 0 2 5 3.6 2.8000000000000003 7 17 3.4000000000000004 3.6 0 0 0 0 0 0 0 0 0 0 0 4.4 2.8000000000000003 0 0 0 0 0 0 0 0 0 0 0 0 0 0 0 0 0 0 0 2 0 0 0 0 0 0 0 0 0 2 0 0 0 0 0 0.2 0 0 0 0 0 0 0 0 0 0 0 6 3.6 6 2.2 1.8 2.4000000000000004 8 3.8000000000000003 0 5 5 14.600000000000001 0 1 8.200000000000001 2.6 2.6 4 0 7 0 0 0 0 0 0 0 0 0 0 0 0.2 0.2 0.2 0 0 0 0 3 1.8 0 0 0 0 0 0 0 0 0 0 0 0 0 0 0 0 0 0 0 0 0 0 0 0 0 0 0 0 0 0 2 0 0 0 0 0 0 0 0 0 0 2 0 0 0 0 0 0 0.2 0 0 0.8 0 0 0 0 0 0 0 0 0 0 3.2 0 0 0 0 0 0 0 0 0 0 0 0 0 0 0 0 0 0 0 0 4.2 0 0 0 0 0 0 
 45.800000000000004 30.6 71.60000000000001 88.60000000000001 28.200000000000003 18.2 93.60000000000001 0 16 36 25.8 25.200000000000003 17.400000000000002 29.8 92 43.400000000000006 47.6 13.200000000000001 55.800000000000004 39 0 0.4 0 0.2 0 0 0.8 0 0 0.6000000000000001 0.6000000000000001 0.2 15.4 0.4 0 6.800000000000001 0.6000000000000001 0 0 0.4 0.4 0 0 4.2 0.2 0 0.6000000000000001 0.6000000000000001 0.4 0 12.200000000000001 0 0 0 0 0 0 0 0 0 1.2000000000000002 0 0 0 0.6000000000000001 0 0 0 0.6000000000000001 0 0 0 0.6000000000000001 0 0.6000000000000001 1.4000000000000001 0 0 0 0 0 4.6000000000000005 0 3.2 0 5 2 4.2 0 3 3.2 4.2 0 10.4 3.4000000000000004 2.4000000000000004 8.8 0 0 0.2 0 0 0 0 0 0 0 0 0 0 0 0 2.2 0 0 0 0 0 2.8000000000000003 0 0 0 0 0 0 0 0 0 0 0 0 0 0 0 0 0 0 0 0 0 0 0 0 0 0 0 0 0 1.2000000000000002 0.4 0 0 0 0 0 0 0 0 0 0 0 3 3.8000000000000003 0 4.6000000000000005 13.200000000000001 4 2.2 0 2.8000000000000003 5.6000000000000005 4.800000000000001 0 1.4000000000000001 2.2 1.2000000000000002 0 3.2 3.2 6 0 0 0 0 0 0 0 0 0 0 0 0 2.2 2 0 0 0 0 0.2 0 0 0 0 0 0 0 0 0 0 0 0 0 0 0 0 0 0 0 3 0 0 0 0 0 0 0 0 0 0 0 0 0 0 0 0 0 0 0 0 0 0 2 0 0 0 0 0 0.6000000000000001 0.2 0.2 0 0.8 0 0 0 0 0 0 0 0 0 0 0 0 0 0 0 0 0 0 0 0 0 0 0 0 0 0 0 0 0 0 0 0 0 0 0 0 0 0 
 37.6 22.400000000000002 143.4 36.2 53 8.6 10.8 16 0 14.8 28.6 49.800000000000004 80.60000000000001 43.2 55.800000000000004 32.800000000000004 46.2 32.4 20.8 15 0 0 0 0 0 0.2 20 0 0 0.6000000000000001 0.6000000000000001 0 17.6 0.6000000000000001 0 0.6000000000000001 0.6000000000000001 0 19.6 0.6000000000000001 0.4 0 0 0 0 0 0.6000000000000001 0.6000000000000001 0.4 0 0 0.2 0 0 1.2000000000000002 0 0 0 0 0 0 0 0.6000000000000001 0 0.6000000000000001 0 0 0 0 0 0 0 0.4 0 0.6000000000000001 0.8 0 0 0 0 3 1.2000000000000002 0 6.6000000000000005 6.2 1.4000000000000001 0.4 3.6 3.4000000000000004 5.2 2.6 8 0 0 3.2 5.4 4 0.2 0 4 0 0 0 0 0 0 0.2 0 0 0 0 0 2.8000000000000003 0.2 0 0 4 0 7.6000000000000005 4 0 0 0 0 0 0 0 0 0 0 0 0 0 0 0 0 0 0 0 0 0 0.4 0 0 0 0 0 0 0 0 0 0 0 0 0 0 0 0 2.4000000000000004 0 0 3.6 3 3.8000000000000003 2 2.2 4.4 5.800000000000001 4 1.8 2.8000000000000003 0 0 0 0 0 4.800000000000001 3 1.4000000000000001 0.2 0 0 0 0 0 0 1.4000000000000001 0 0 0 0 0 2 0 0 0 12.4 0.2 2.4000000000000004 1 0 0 0 0 0.4 0 0 0 0 0 0.4 0 0.2 0 0 0 0 0 0 0 0 0 0 0 0 0 0 0 0 0 0 0 0 0 0 0 0 0 0 0 0 0 0 0 0 0 17.8 0 4.6000000000000005 0.8 7.800000000000001 5.4 0 0 0 0 0 0 0 0 0 0 2.8000000000000003 0 0 0 0 0 0 0 0 0 0 0 0 0 4.2 2.2 0 0 0 0 0 0 0 0 0 0 0 5.6000000000000005 
 43.2 26.8 45.400000000000006 32.800000000000004 37 57.6 25.400000000000002 36 14.8 0 72.60000000000001 34 31.6 25.8 38.800000000000004 18.2 54.2 19.400000000000002 32.4 43.6 4.4 0 0 0 0.4 0 0.4 0.4 0.4 0.6000000000000001 1 0 30.200000000000003 0.6000000000000001 0 0.6000000000000001 0.6000000000000001 0 0.2 15.600000000000001 0 0 0 0 0 0 0.8 0.8 0.4 0 0 0 0 0 0 0.4 0 0 0 0 1 0 0.2 0 0.4 0 0 0 8.200000000000001 0 0 0 0.6000000000000001 0 0.2 0.6000000000000001 0 0 0 0 0 5.2 5.4 0 3.6 5 3.8000000000000003 0.2 0 2.4000000000000004 5.2 0.2 0 6 11.600000000000001 2 4.4 5.800000000000001 0 2.4000000000000004 0 1 0 0 0 0 5.4 0 0 0 0 0 2.2 2 3.2 0.2 0 0 10.600000000000001 0.8 0 0 0 0 0 0 0 0 0 0 2.8000000000000003 0 0 0 0 0.2 0 0 0 0 0 0 0 0 0 0 0 0 2 0.8 0 0 0 0 0 0 0 0 0 0 0 0 7.800000000000001 2 5.6000000000000005 4.4 0 3.8000000000000003 4 4 1 9.4 2.6 3.6 6.800000000000001 4.4 3.6 3 3.6 3.6 0 0 0 0 0.4 0 4.4 1.8 0 0 0 0 4.2 2.2 0 0 0 0 0.6000000000000001 0 0 0 0 0 0 0 0 0 0 0 0 0 0 0 0 0 0.2 0 3.6 0 0 0 0 0 0 0 0 0.6000000000000001 0 0 0 0 0 0 0 0 0 0 0 0 0 0.2 0 0 0 0.2 0 0 0.4 17.8 0 3.4000000000000004 0 0 0 0 0 0 0 0 0 0 0 0 0 0 0 0 0 0 0 0 0 0 0 0 3.4000000000000004 0 0 0 0 0 0 0 0 0 0 0 0 0 
 26 7.6000000000000005 10.4 58 43.2 30.400000000000002 48.400000000000006 25.8 28.6 72.60000000000001 0 44.800000000000004 24.200000000000003 21.6 11.600000000000001 16.2 65.2 73.60000000000001 18.400000000000002 34.4 15.600000000000001 0 0 0 0 0 15 17.400000000000002 0 0.6000000000000001 0.6000000000000001 0 4 15.4 0 0.6000000000000001 1 0 19.8 0.6000000000000001 0 0 0 13.4 0 0 0.6000000000000001 0.6000000000000001 0.4 0 0 0 0 0 0 0 0 0 13 0 0 0 1.2000000000000002 0 0.4 0 0.4 0 0 0 0 0 0.6000000000000001 0 0.4 0.8 0 0 0 0 2.6 0 0 6.4 5.2 11 0 0 0 7.2 0.6000000000000001 3.4000000000000004 0 0 0 3.4000000000000004 2.4000000000000004 1.8 0 3.2 0.4 1.8 0 0 0 0 11.4 0 0 0 0 0 0 1.8 3 4.2 0.2 0 2 4.6000000000000005 0.4 0 0 0 0 0 0 0 0 3.4000000000000004 0 0 1.6 0 0 0 0 2 0 0 0 0 0 0 0 0 0 0 0 0 0 0 0 0 0 0 0 0 0 0 2 2.6 4.6000000000000005 6.6000000000000005 6 6 4.800000000000001 3.8000000000000003 0 0.2 1.8 4.4 0 0 2 0 3 0 0 3.2 0.2 0 0 0 0 0 10.200000000000001 0 0 0 0 0 0.2 4 0 2 0 0 3.6 7.4 0 1.4000000000000001 0 0 0 0 0 0 0 0 0 0 0 0 0.4 0 0 0 0 0 0 0 0 0 0 0 0 0 0.4 0 0 0 0 0 0 0 0 0 0.2 0 0 2.6 0 0 0 0 0 0 0.2 20.400000000000002 0 1.2000000000000002 2.8000000000000003 0 0 0 0 0 0.4 0 0 0 0 0 0 0 0 0 0 0 0 0 0 0 0 0 3 0 0 0 0 0 0 0 0 0.4 0 0 0 0 
 29.200000000000003 25.200000000000003 7.6000000000000005 53.800000000000004 6.6000000000000005 53.800000000000004 57.6 25.200000000000003 49.800000000000004 34 44.800000000000004 0 49.6 6.800000000000001 4 48 59 34.4 5 6.2 22.200000000000003 0 14.8 0 0 0 19.8 0 0 0.6000000000000001 0.6000000000000001 0 32.4 1.8 0 0.6000000000000001 1 0 31.400000000000002 16 0.4 0 0 0 0.4 0 1.2000000000000002 0.6000000000000001 0.4 0 0 0 0 0 0.2 0 0 0 0 0 0 0 0.8 0 0.6000000000000001 0 0 0 0 0 0 0 0.4 0 0.6000000000000001 1.2000000000000002 0 0 0 9.4 6 1.8 1.8 6 6 4 0 0.2 0 2.2 5.2 5.6000000000000005 0 3.4000000000000004 0 5.6000000000000005 5.800000000000001 2.8000000000000003 0 0 3.8000000000000003 1.8 0 0 0 0 3 0 0 0 0 0 0.6000000000000001 5.2 0 0 5 0 9 2.8000000000000003 0 0 0 0 0 0 0 0 0 0 0 0 1.8 0 0 0 0 0 0 0 0 0 0 0 0 0 0 4.6000000000000005 1 0 0 0 0 0 0 0 0 0 0 0 0 3.4000000000000004 2 2.6 2.6 0.4 0 1 0.2 3 3.6 7.800000000000001 0 0 0 0 0 4.2 0 0 0 0 0 4 4.6000000000000005 0 3.8000000000000003 0 0 0 0 0 3 2 0 0 0 0 3.6 3.4000000000000004 0 0 0 0 0 0 0 0 0 0 0 0 0 0 0 0 0 0 3.4000000000000004 0 0 0.6000000000000001 0 0 0 0 0 0 0 0 0 0 0 0 0 0 0 0 0 0 0 0 0 0 0 0 10 0.4 18.2 17 0.6000000000000001 1.4000000000000001 0 0 0 0 0 0 0 0 0 0 3.2 0 0 4.2 0 0 0 0 0 0 0 0 0 0 8.8 0 0 0 0 0 0 0 0 0 0 0 0 0 
 44.6 26.6 136.6 14.4 57.800000000000004 49.6 35.2 17.400000000000002 80.60000000000001 31.6 24.200000000000003 49.6 0 43.400000000000006 23.400000000000002 8 54 26.400000000000002 77.4 30.400000000000002 0 0 0 0.4 0 0 0.8 0 0 0.6000000000000001 0.6000000000000001 0 0 0.8 0 0.6000000000000001 0.6000000000000001 0 0.4 0.4 0 0 0 0 0 0 18.400000000000002 0.6000000000000001 0.4 0 0 0 0 0 0 1 0 0 0 0 0 0 0 0 0.4 0 0 0 0 0 0 0 0.6000000000000001 0 0.2 0.8 0 0 0 0 5.6000000000000005 6.6000000000000005 5.4 2.2 0 0.4 5.2 0 11.4 5.800000000000001 0 0 0 6.4 9.200000000000001 5.800000000000001 0 8 0 8 0 0 0 0 2.2 0 0 0 0 0 0 0 0 0 0 0 0 0 0 0 0 0 0 0 0 0 0 0 0 0 0 0 0 0 0 0 0 0 0 0 0 0 2.8000000000000003 0 0 0 0 0 0 0 0 0 0 0 0 0 0 0 1.2000000000000002 0 3.8000000000000003 0.4 2 0.2 0 1.6 6.800000000000001 0.2 3.6 0 0 0.8 9.200000000000001 2 3.6 0 3.2 1 5.800000000000001 0 0 0 0 0 0 0 0 0 0 0 0 0 0 0 0 0 0 0 0 0 0 0 0 0 0 0 0 0 0 0 0 0 0 0 0 0 0 0 0 0 0 0 0 0 0 0 0 0 0 0 0 0 0 0 0 0 0 0 0 0 0 0 0 0 0 0 0.8 0 0.4 0 0 2.2 0 0 0 0.4 0 0 0 0 0 0 0 0 0 0 0 0 0 0 0 0 0 0 0 3.4000000000000004 3.2 2 0 0 0 0 0 0 0 0 0 0 0 0 
 9.4 10.8 28.400000000000002 17 25 47.400000000000006 6.800000000000001 29.8 43.2 25.8 21.6 6.800000000000001 43.400000000000006 0 118 78.80000000000001 52 18.2 66.2 77.60000000000001 0.4 0 0 0 0.2 0.4 0.6000000000000001 0 0 0.6000000000000001 22 0 0 0.4 20.200000000000003 0.6000000000000001 1 0 0 1.2000000000000002 0.4 0 0 0 0 0 0.6000000000000001 0.6000000000000001 0.4 0 0 0 0 0 0.4 0 0 0 0 0 1.6 0.4 0 0 1.4000000000000001 0.2 0 0 0 0 0 0 0.6000000000000001 0 0.6000000000000001 0.4 0 0 0 0 0 1.8 4.800000000000001 4.4 0 0 6.4 3 0.2 2.8000000000000003 0.2 3 3.8000000000000003 2.2 1.6 0 0.4 3 0 2.4000000000000004 0 0 0 0 0 0 0 0 0 0 0.4 0 0 0 0 0 0 0 0.4 0 0 0 0 0 0 0 2.6 0 0 0 0 0 0 0 0 0.2 2.6 0 0 0 0 0 0 0 4 0 0 0 0 0 0 0 0 6.800000000000001 0.4 0 0.2 0 1.6 0 6.2 4.4 1.8 0 0.2 4.2 1.6 4 2.6 0 0 0 1.8 0 3.6 3 2 0 5.800000000000001 0 0 0 0 0 0 0 0 0 0 0 0 0 0 0 0.8 0 0 0 7.4 0 0 0 0 0 0 0 0 0 0 0 0 0 0 0 0 0 0 0 0 0 0 0 0 0 0 0.4 0 0 0 0.4 0 0 0 0 0 0.2 0 0 0 0 0 0.4 0 0 0 0.2 0.2 0 0.4 0 0.2 2.2 0 0 0 0 0 0 0 0 0 0 0 0 0 0 0 0 0 0 0 0 0 0 0 0 0 2.6 0 0 0 0 0 0 0 0 0 0 0 0 
 8.4 10 77.80000000000001 18.2 16 12.600000000000001 22.200000000000003 92 55.800000000000004 38.800000000000004 11.600000000000001 4 23.400000000000002 118 0 39.800000000000004 9.600000000000001 68.4 95.80000000000001 32 0 0 0 0 0 0 0.6000000000000001 0 0 0.6000000000000001 1 0 0 0.8 0 0.6000000000000001 0.6000000000000001 0.2 0 0.4 0.4 0 0 6.800000000000001 0 0 0.6000000000000001 1 0.4 0 0 0 0 0 0 0 0 0 0 0.4 0 0.6000000000000001 0 0 1.2000000000000002 0 0 0 0 0 0 1 0.6000000000000001 0 0.2 0.6000000000000001 0 0 0 0 2.4000000000000004 3.8000000000000003 1.8 0 0 0 4.6000000000000005 0 3 2.8000000000000003 0 0 4 6.4 3.4000000000000004 2.2 2.8000000000000003 0 2.8000000000000003 0 0 0 0 0 0 0 0 0 0 0 0 0 15.8 0 0 0 0 2 0 0 0 0 0 0 0 0 0 0 0 0 0.4 0 0 0.2 0 0 0 0 0 0 0 0 0 0 0 0 0 0 0 0 0 0 0 0 0 0 2.2 0 0 0 0 7.2 3 3.2 2.8000000000000003 14.600000000000001 1.2000000000000002 7.6000000000000005 1.6 0 1.4000000000000001 0 2.6 2 0 1.6 0 0 3.8000000000000003 2.8000000000000003 0 0 0 0 0 0 0 0 0 0 0 0 0 0 0.2 0 0 0 0 0 0 0 0 0 0 0 0 0 0 0 0 0 0 0 0 0 0 0 0 0 0 0 0 0.4 0 0 0 0 0 0 0 6.6000000000000005 0 0 0 0 0.2 0 0 0 0 2.8000000000000003 0 0 0 0.2 0.6000000000000001 0.2 0 0.4 0 0.8 0 0 0 0 0 0 0 0 0.4 0 0 0 0 0 0 0.4 0 0.4 0 0 0 0 0 0 0 0 0 0 0 0 0 0 0 0 0 0 0 2.4000000000000004 
 8.6 23.400000000000002 46.400000000000006 7.800000000000001 36.4 69.4 19.8 43.400000000000006 32.800000000000004 18.2 16.2 48 8 78.80000000000001 39.800000000000004 0 39 6.4 11.200000000000001 14.4 0.2 0 0 0 0.2 0 28 0 0 0.6000000000000001 15.200000000000001 0 5.800000000000001 0.6000000000000001 0 0.6000000000000001 1 0 8.4 0.6000000000000001 0 0.4 0 0 0.4 0 0.6000000000000001 0.6000000000000001 0.4 0 0 0 0 0 3.6 0 0 0 0 0 0 10.4 0.4 0 1 0 0 0 0 0 0 0 0.6000000000000001 0 0.4 1.4000000000000001 0 0 0 0 2 2.2 0.2 9.600000000000001 9.4 0 4.6000000000000005 4.800000000000001 2.8000000000000003 2.8000000000000003 4.2 3.6 2.4000000000000004 4 0.8 5 6.6000000000000005 4.2 4.2 0.2 2.4000000000000004 0 0 0 0 0 2.4000000000000004 0 0 0 0 0 1.6 0 0 0 9 0 2.6 0.2 0 0.2 0 0 0 0 0 0 0 0 0 0 0 0 0 0.2 13 0 0 0 0 0 0 0 0 0 0 0 0 0 0 0 0 0 0.4 0 0.2 0 0 0 4.6000000000000005 3.6 1.8 3.8000000000000003 0 0 3.8000000000000003 0 0 2.2 9.8 1.4000000000000001 0 0 7.2 0 0 7.800000000000001 0 0 0.2 0 0 2.4000000000000004 0 0 2.8000000000000003 0 0 0 0 0 5 0 0.4 0 0 0 9 0.2 0 0 0 0 0 0 0 0 0 0 0 0 0 0 0 0 0 0 0 0 0 0 0.4 0 0 0 0 0 0 0 0 0 0 0 0 1.8 0 0 0 0 0 0 0 0 0 0 18.2 0 0 0.2 0 0.6000000000000001 0 0 0 0.2 0 0 0 0 0 0 3.4000000000000004 0 0 0 0 0 0 0 0 0 0 0 0 3 0 0 0 0 0 0 0 0 0 0 0 0 0 0 
 9.8 27.200000000000003 34 27 56.2 46.2 20 47.6 46.2 54.2 65.2 59 54 52 9.600000000000001 39 0 77.60000000000001 7.2 5.800000000000001 14.8 0 0 0 0 0 30.200000000000003 0 0 0.6000000000000001 0.6000000000000001 0 10.4 0.6000000000000001 0 0.6000000000000001 0.6000000000000001 0 15.200000000000001 15.4 0 0 0 0 11.4 2.6 0.6000000000000001 0.6000000000000001 0.4 0 0 0 0 0 0.4 0 0 0 0 0 0 0 0.4 0 0.6000000000000001 0 0 0 0 0 0 0 0.6000000000000001 0 0.6000000000000001 1.2000000000000002 0 0 0 0 3 0 5.4 5.2 8.8 1.6 0 0 2.8000000000000003 0 6.6000000000000005 7.2 0 2 0 0 7.800000000000001 4 0 0 4.6000000000000005 0 0 0 0 0 3.6 0 0 0 0 0 1.6 5.2 5 0 4 0 10 2.6 0 0.2 1 0 1.6 0 0 0 0 0 0 0 7.2 0 0 2.2 0 0 0 0 0 0 0 0 0 0 0 0 0.4 0 0 0 0.2 0 0.4 0 0.2 0 0 0 0.4 3 2.6 2.6 1.2000000000000002 0.2 0 0 0 7.4 1.6 15.4 0 0 2.8000000000000003 0.8 5 13.600000000000001 0 0 0.2 0 0 2.6 0 0 3.6 0.8 0 0 0 0 9 1.4000000000000001 0 0.2 0 0 3 0 0 0 0 0 0 0 0 0 0 0 0 0 0 0 0 0 0 0 4 0 0 0 0.2 0 0 0.4 0 0 0 0.4 0 0 0 0 0 0.2 0 0 0 0 0 0 0 0 0 0.4 4 0.2 0 0.2 0.2 5.4 0 0.2 0 0 0 0 0 0 0 0 2 0 0 0 0 0 0 0 0 0 0 0 0 0 0 0 0 0 0 0 0 0 0 0 0 0 0 0 
 45.400000000000006 45.2 23.8 34.800000000000004 7.6000000000000005 9.8 7.800000000000001 13.200000000000001 32.4 19.400000000000002 73.60000000000001 34.4 26.400000000000002 18.2 68.4 6.4 77.60000000000001 0 57.6 64.4 7.4 0 0.2 0.4 0 0.6000000000000001 0.4 0.6000000000000001 0.6000000000000001 1.2000000000000002 1.2000000000000002 0.6000000000000001 20.8 2.4000000000000004 0 1.2000000000000002 2.4000000000000004 0.2 0.4 16.8 0 0 0 0.4 0 1 0.6000000000000001 0.6000000000000001 0.6000000000000001 0 0.4 0.4 0 0 0 0.4 0 0.2 0 0 0 0 0.2 1.2000000000000002 1.8 0 0 0.6000000000000001 0.2 1 0.8 0.4 0.4 10 0.8 0.8 0.4 0.8 8.8 0 3 6 2 3 3.2 3.8000000000000003 3.6 12.4 4 4.6000000000000005 2.4000000000000004 2.2 0 9.600000000000001 3.2 0.6000000000000001 4.4 4.800000000000001 0 0 0 3.8000000000000003 0 0 0 0 3.2 0 0 0 0 0 2 1.4000000000000001 0 0 0 0 6.6000000000000005 0.4 0 0 0 3.8000000000000003 0 0 0 0 0 0 0 0 0 0.4 0 0 0 0 0 0 0 0 0 0 0 0 0 0 1.8 2.8000000000000003 0 0 4.800000000000001 0.4 0 0 0 0 0 0 3 0 3.4000000000000004 1.2000000000000002 10.8 1.8 6.6000000000000005 2.8000000000000003 6.4 3.6 2.8000000000000003 0 6.800000000000001 0.4 2.4000000000000004 5.4 3.6 0 9.200000000000001 0 0 0 0 0 3.4000000000000004 0 2.2 0 0 0 0 0 0.2 1 0 0 0 0 2.8000000000000003 2.4000000000000004 0 0 0 0 0 0 0 0 0 0 0 0.2 0 0 0 0 0 0 2 1.4000000000000001 0 0 0 0 0 0 0.2 0 0 0 0 0 0 0 0 0 0.4 0 0 0 0 2.4000000000000004 0 0 0 0.8 0.2 0.2 18.2 16.8 10.4 1.4000000000000001 0 0 0.4 0 0 0 0 0 0 0 0 0 0 0 0 0 0 0 0 0 0 0 0 2.2 1.8 0 0 0 0 0 0 0 0 0 0 0 0 0.4 
 30.8 22.400000000000002 34.6 17.8 56.6 10.200000000000001 78.80000000000001 55.800000000000004 20.8 32.4 18.400000000000002 5 77.4 66.2 95.80000000000001 11.200000000000001 7.2 57.6 0 45.2 0 0 0 0 15.200000000000001 0.4 0.8 0 0 0.6000000000000001 0.6000000000000001 0 0 0.4 0 0.6000000000000001 0.8 0.4 0 0.4 1.8 0 0 0 0 0 1 0.6000000000000001 0.4 0 0.4 0 0 0 0 5.2 0 0 0 0 1 0 0 0 0.6000000000000001 0 0 0 0 0 0 0 0.6000000000000001 0 0.6000000000000001 1 0 0 0 0 9.4 3 1.6 2.2 0 0.4 3 0 0 4 0 0 0 2.4000000000000004 4.6000000000000005 2.2 0.4 8.8 0 5.2 0 0 0 0 0 0 0 0 0 0 0 0 0 0 0 0 0 0 0.2 0 0 0 0 0 0 0 0 0 0 0 0 0 2 0 0 0 0 0 0 0 0 0 0 0 0 0 0 0 0 0 0 0 0 0 0 0 0 0 0.4 0 5.4 5.4 2.8000000000000003 3 0.2 4.4 3.8000000000000003 0.4 3.4000000000000004 0.2 0 3 2.6 0.2 16 2.2 11.8 1 3.8000000000000003 1 0.4 1.6 0 0 0 0 0 0 0 4.2 0 0 0 0 0 0 0 0 0 0 0 0 0 0 0 0 0 0 0 0 0 0 0 0 0 0 1.4000000000000001 0 0 0 0 0 0 0 0 0 0 0 0 0 0 0 0 0 0 0 0 0 0 0 0 0.2 0 0 0 0.4 0 0.4 0 0 0.2 0.8 0 0 0 0 0 0 0 0 0 0 0 0 0 0 0 0 0 0 0 0 0 0 0 0 0 0 0 0 0 0 0 0 0 0 0 0 0 0 
 27 25.8 93 16 66.4 15 51 39 15 43.6 34.4 6.2 30.400000000000002 77.60000000000001 32 14.4 5.800000000000001 64.4 45.2 0 0.6000000000000001 0 0 0 1 0.6000000000000001 1.2000000000000002 0 1.2000000000000002 0.6000000000000001 1 0 0 0.4 0.2 0.6000000000000001 1.4000000000000001 0 0.8 1.4000000000000001 0 1 0.2 1.2000000000000002 0.6000000000000001 0 0.6000000000000001 0.6000000000000001 1 13.200000000000001 1.2000000000000002 0 0.6000000000000001 0.6000000000000001 0.6000000000000001 0.4 0.2 0 0 0 0 0.4 0.4 0.6000000000000001 0.6000000000000001 1.4000000000000001 0 0 1.2000000000000002 0 0 0 0.6000000000000001 0 0.6000000000000001 1.2000000000000002 0 0.4 0 0 0 5.4 3 2 0 0.2 0 0.4 9.600000000000001 8.6 0 0 2.4000000000000004 6 5 0 3.4000000000000004 2.4000000000000004 1.8 9.600000000000001 0 0.4 0 0 0 0 0 0.2 0 0 0 0.6000000000000001 0 0 0 0 0 0 0 0 0 0 0 0 0 0 0 0 0 0 0 0 0 0 0 0 0 0 0 0.4 0 0 0 0.4 0 0 0.4 0 0 0 0 0 0 0 0 0 0 0 1.8 0.4 0 4 5 4.6000000000000005 3.2 0.6000000000000001 7.4 12 0 0.2 4.2 6.2 5.800000000000001 4.4 0.4 2.4000000000000004 6.4 0 11 6.4 0 0 0 0 0 0 0 0.4 0 0 0 0 0 0 0 0 0 0 0 0 0 0 0 0 0 0 0 0 0 0 0 0 0 0 0 0 0 0 0 0 0 0 0 0 0 2.2 0 0 0 0 0 0 0 0 0 0 0 0 0 0.4 0 3.6 0 0 0.2 0.2 0.2 0 0.4 0.2 0 0.8 0 0 0.2 0 0 0 0.4 0 0 0 0 0 0 0 0 0 0 0 0 0 0.4 0 0 2.2 0 2 0 0 0 0 0 0 0 0 0 0 0 0 
 0 0.4 0 5.6000000000000005 1.4000000000000001 0 1.2000000000000002 0 0 4.4 15.600000000000001 22.200000000000003 0 0.4 0 0.2 14.8 7.4 0 0.6000000000000001 0 88.80000000000001 36.4 13.600000000000001 69.2 9.4 16 15.600000000000001 65 9.600000000000001 6.4 10 52.400000000000006 27 130 27.6 11 8.200000000000001 52.400000000000006 44 0.6000000000000001 0 0.2 0 0 0 0 0 0 0.2 6.2 0 0 0 0.2 0 0 13 0 0.4 0.4 0 0 0.6000000000000001 0 0.6000000000000001 0.6000000000000001 0.6000000000000001 0 0 0 0 1.4000000000000001 0.8 0 0.4 0 0 0.2 0.4 0 0 0 0 3 0.4 0 0 0 4.4 2.6 0 0 0 0 0 0 6.6000000000000005 0 0 2.4000000000000004 1.8 0 0.2 2.6 0 2.4000000000000004 2.2 2.4000000000000004 4.2 0.2 2.2 0 3.6 4.800000000000001 0 2.6 4.4 3.6 2 0.2 0 0 0 0 0 0 0 0 0 0 0 0 0 0 0 0 0 0 2 0 0 0 0 0 0 0 0 0 0 0 0 0 0 0 0 0.2 0 0 0 0 0 2.6 0 1.6 1.8 0 1 0 0 0 1.8 0 0 0 0 0 0 0 0 0 2.4000000000000004 0 4.4 2.4000000000000004 2.4000000000000004 4 1.8 0 4 1.6 2 5.2 0.4 3.6 2.2 6.4 7.4 2.6 0.8 0.2 0 0 0 0 0 0 0 0 0 0 0 3.4000000000000004 0 0 0 0 0 0 0 0 0 0 0 0 0.2 0 0 0 0 0 0 0 0 0 0 0 0 0 0.2 0 0 0 0 0 0 30 0 0 16.8 0 0 0 0 3 0.6000000000000001 0 0.2 0 3.8000000000000003 0 0 5.800000000000001 0 0 0 0.2 0 0 0 0 0 0 0 0 0 4.4 0 0 0 0 0 0 0 0 0 0 0 0 0 
 0 0 0 0.4 0.2 0.6000000000000001 0.4 0.4 0 0 0 0 0 0 0 0 0 0 0 0 88.80000000000001 0 42.6 9.8 7.2 3.8000000000000003 14.8 59.800000000000004 28.6 22 47 20.8 8.200000000000001 8.4 34 57.800000000000004 8 21.8 62.800000000000004 11.8 0.2 0.2 0 0.4 0.4 0.6000000000000001 0.2 0 0 0 0 0 0 0 0.6000000000000001 0.4 0 0 12.8 0 0 0 0 0.6000000000000001 0 1.4000000000000001 0.6000000000000001 0.6000000000000001 0 0 0 0 0 0.6000000000000001 0.2 0.4 0 0 8.4 0.4 1.6 0 0 0 0 0.4 0 0 0 0 0 0 0 0 0 0 0 0 0 0 2 0 3.6 2.6 0 0 0 3.6 15 6.800000000000001 0.2 10.8 0 0.2 5.2 4.800000000000001 0.2 1.6 0 0 0 0 0 0 0 0 0 0.4 0 0 0 0 0 0.2 0 0 0 0 3.2 3.4000000000000004 0 0.2 0 0 0 0 0.6000000000000001 0 0 0 0 0 0 0 0 0 0 0 0 0 0 0 0 0 0 0 0 0 0 0 0 0 0 0 0 0 0 0 0 0 0.2 0 6 1.8 5.4 2 0 11.600000000000001 8.200000000000001 2 2.8000000000000003 1.2000000000000002 0 0 3.6 1.4000000000000001 2 8 0 0 0 0 0 0 0 0 0 0 0 0 0.4 0 7.4 0 3 0 0 0 2 0 0 0 0 0 0 0 0 0 0 0 0 0 0 0 0 0 0.2 0 0 0 0 0 0 0 0 0 0 0 0 0 0 0 0 0 2.2 0 0 0.2 15.4 0 0 5.4 0 0 0 0 0 0 0 0 0 0 0 0 0 0 0 0 0 0 0 2.4000000000000004 0 0 0 2 0 0 0 0 
 0.4 0 0 0 0 0.4 0 0 0 0 0 14.8 0 0 0 0 0 0.2 0 0 36.4 42.6 0 56.400000000000006 57.2 12.200000000000001 25.6 21.8 94.80000000000001 62.800000000000004 19.400000000000002 56.800000000000004 12.8 8.6 15.200000000000001 23.8 26.8 28.6 10.4 30.6 0.4 0.4 0 0 0 0 3.6 0 0 1 0 0 0 0.6000000000000001 0.6000000000000001 0 0 0 12.4 6.2 0 0 0 0.6000000000000001 0 0.6000000000000001 0.6000000000000001 0.6000000000000001 0 0 0 0 0 0.6000000000000001 0 0.4 0 0 0.2 0.4 0 0 0 0 0 0 0 0 0 0 0 0 0 0 0 0 0 0 0.4 0 0 0 6.2 7 3.2 0.4 0 5.4 2.2 0.2 8.200000000000001 7 0 0 8.200000000000001 0 0 3.2 0 0 1.6 0 0 0 0 0 0 0 0.4 0 0 0 4.800000000000001 5 0 0 0 0 4.4 1.8 0 0 0 0 0 0 0 2.8000000000000003 0 0 0 0 0 0 0 0 0 0 0 0 2.6 0 0 0 0 0 0 0 0.2 0 0 0 0 0 1.4000000000000001 0 0 0 0 0 0 0 8 4 6.800000000000001 4.6000000000000005 0 4 6.4 0.4 0 5.6000000000000005 0 0 4.4 0.4 3 5.4 0 0 0 2.8000000000000003 0 0 0 0 6.2 2.4000000000000004 0.2 0.4 0 0 2 0 2 0 2.4000000000000004 0 1.8 12.600000000000001 0 0 0 0 0 0 0 0 0 0 0 0 0 0 0 0 0 0 0 0 0 0 2.4000000000000004 0 0 0 0 0 0 0 0 0 0 0 0.8 0 0 0.2 15.8 0 0.6000000000000001 0 0 0 0 0 0 0 0 0 0 4.800000000000001 0 0 0 0 0 0 0 0 0 1.6 0 0 0 2.4000000000000004 0 0 0 0 
 0.6000000000000001 0 0 0 1.2000000000000002 0 0.4 0.2 0 0 0 0 0.4 0 0 0 0 0.4 0 0 13.600000000000001 9.8 56.400000000000006 0 21.400000000000002 37 23.8 44.800000000000004 30 123.80000000000001 74.8 31.200000000000003 10.600000000000001 17.400000000000002 16.6 41.400000000000006 114.4 67.8 20.8 26.200000000000003 13.200000000000001 0 0 7.800000000000001 0 0 0 0.6000000000000001 0.2 0.8 0 0 13 0 0.6000000000000001 0.4 0 0 13.8 0 0.4 0.6000000000000001 0 0.6000000000000001 0 1 0.6000000000000001 0.6000000000000001 0 0 0 0 0 0.6000000000000001 0 0.4 0 0 0 0.4 0 0 0 0 0 1.2000000000000002 0 0 0 0 0 0 0 0 0 0 0 0 1.8 0 2.2 1.6 8.6 6.6000000000000005 4 1.8 0 2 0 2.2 1.8 2.6 1.6 0 0.2 2.8000000000000003 5 4.6000000000000005 0 0.2 1.4000000000000001 0 0 0 0 0 1.2000000000000002 2.6 0.2 0 0 0 2.8000000000000003 1.4000000000000001 1.4000000000000001 0 0 0 0 0 0 0.2 0 0 0 0 0 0 0 0 0 0 0 0 2.4000000000000004 0 0 0 0 0 0 0 0 0 0 0 0 0 0 0 0 0 0.2 0 0 0.8 0 0 0 0 1.8 3 3.4000000000000004 0 3.2 5 0.2 1.8 3.4000000000000004 4.6000000000000005 1.6 4.800000000000001 1.2000000000000002 0 1.6 3.6 0 2 0 0 0 0 0 0.2 0 0 4 9.8 0 0 0 0 0 3.6 4 2.6 0 0 0 5.4 0 0 0 0 0 0 0 0 0 0 0 0 0 0 0 0.2 0 0 0 0 0 0 2.2 0 0 0 0 0 0 0 0 0 0 0 2.2 0 0 0 0 0.4 0.6000000000000001 0 0 0 0 0 3.6 0 0 0 0 0 0 0.2 0 0 0 0 0 2.2 0 0 0 0 0 0 0 0 0 0 
 0 0.2 0 0.2 1.2000000000000002 0 0 0 0 0.4 0 0 0 0.2 0 0.2 0 0 15.200000000000001 1 69.2 7.2 57.2 21.400000000000002 0 35.4 54.400000000000006 18.8 13.600000000000001 33.800000000000004 18.6 14.600000000000001 13.200000000000001 60.400000000000006 92.60000000000001 76 38.800000000000004 50.400000000000006 13.600000000000001 116.2 12.600000000000001 0 0 0 0 0.6000000000000001 4.800000000000001 0 0 0 0 1.6 23.400000000000002 0 0.8 41.800000000000004 0 2 36.800000000000004 0 0 0 0 0.6000000000000001 0 0.6000000000000001 0.6000000000000001 0.6000000000000001 5.6000000000000005 0 0 0 0 0.6000000000000001 0 0.4 0 0.2 0.8 0.4 0 0 0 0 0 0.2 0 0 0 0 0 0 0 0 0 0 0 0 0 0 2.6 0.8 0.6000000000000001 8.8 10 9 0 1.8 5.2 11.4 0 2.8000000000000003 0 0 0 1.2000000000000002 0 13.200000000000001 0 0 3.2 0 4 2.6 0.2 0.2 3.4000000000000004 8.4 0 0 0 0 6.6000000000000005 8.4 3.2 0 0 0.8 0.2 6.4 0 0.2 0.2 0 0 0 0 0 0 0 0 0 3 0 0 0 0 0 0 0 0 0 0.4 0 0 0 0 0 0 0 0 0 1.2000000000000002 1.8 3.2 0 0 0 0 0 3 6 0 8 6.2 6.800000000000001 0 0 0 2.4000000000000004 6.2 14.8 0.2 0 4.2 3.6 3.6 4 0 0 6.800000000000001 3.4000000000000004 2.2 0.2 0 0 4.2 8.8 0 0.8 0 0 9.600000000000001 3.4000000000000004 0 0.6000000000000001 5 1.2000000000000002 0.2 1.6 0 0 0 0 0.6000000000000001 0 0 0 0 0 0 0 2.6 0 0 0 0 0 0 0 0 0 0 0 0 0 0 0 0 0 0 0 0 0 0.4 0 0.4 2.2 0.4 0.8 3.2 0.2 0 0 0 0 0 0 0 0 0 0 0 0 0 0 0 0 0 0 0 0 0 0.4 0 0 3.2 0 0 0 
 0 0 0 0 0.2 0.4 0 0 0.2 0 0 0 0 0.4 0 0 0 0.6000000000000001 0.4 0.6000000000000001 9.4 3.8000000000000003 12.200000000000001 37 35.4 0 5.4 30.6 18.400000000000002 18.400000000000002 25.200000000000003 18.2 6.6000000000000005 10.4 38.800000000000004 58.6 28.400000000000002 23.8 7.2 23.200000000000003 26.8 0 0 0 0 0 0 0 0 0.8 0 12.4 18.2 4 0.6000000000000001 0 6 0.2 31.400000000000002 0 0 0 0 0.6000000000000001 0 0.8 0.6000000000000001 0.6000000000000001 10.200000000000001 0 0 0.2 0 0.6000000000000001 0 0.4 0 0 0 0.4 0 0 0 0 0 0 0 0 0 0 0 1.2000000000000002 0 0 0 0 0 0 0 0 1.8 0.2 0.8 2.4000000000000004 7 8.8 0 0 4.4 6 2.6 2.4000000000000004 0 0 0 2.2 0 4.800000000000001 0.4 0 2.4000000000000004 0 1.8 0 0 0.4 1.8 0.6000000000000001 0 0 3.8000000000000003 1.4000000000000001 3.6 7.2 0 0 0 3.2 0.4 1.4000000000000001 0 0.2 0 0 0 0 0 0 2.2 0 0 0 0 0 0 0 0 0 0 0 0 0 0 0 0 0 0 0 0 2 0 0 0.8 0.6000000000000001 0.6000000000000001 0 0 0 0 0 2.6 7.4 0.6000000000000001 2.4000000000000004 8.8 7 0 0 2.6 2.6 8.6 2.6 0 0 1.8 0 0.2 2 0 0 1.4000000000000001 0.2 0.2 0.2 0.2 0 4.2 5.800000000000001 0 0 0 0 8.6 3.6 4.6000000000000005 2.4000000000000004 3 0 0 4 0 0 0 0 0 0 0 1.4000000000000001 0.4 0 0 0 0 0 0 0 0 0 0 0 0 0 0 0 0 0 0 0 0 0 0 0 0 0 0.8 0.2 0 15.8 1.2000000000000002 0.8 1.4000000000000001 0.8 0 0 0 0 0 0 0 0 0 0 0 0 0 0 0 0 0 0 0 0 0 0 0 0 2.4000000000000004 0 0 0 
 0.2 16.8 16.2 15.4 0.8 16.2 0.8 0.8 20 0.4 15 19.8 0.8 0.6000000000000001 0.6000000000000001 28 30.200000000000003 0.4 0.8 1.2000000000000002 16 14.8 25.6 23.8 54.400000000000006 5.4 0 52.6 13.200000000000001 67.4 56.6 8 37.800000000000004 12.200000000000001 25.6 55.2 11.4 7.6000000000000005 41.2 28.200000000000003 0.4 0 0 0 0 0 0 0 0 0 13 0 0 0 1.4000000000000001 0 0 0 0 0.4 0.2 0 0.6000000000000001 0.6000000000000001 0 0.6000000000000001 1 0.8 0.8 0.6000000000000001 0 0 0.2 0.6000000000000001 0 1.2000000000000002 0 0.4 10 1 0 0 0 0 1.2000000000000002 3.2 0 0 0 0 2.8000000000000003 6.6000000000000005 0 0 0 0 3.6 0 0 0 0 3.6 0.2 0 0 0 0 0 0.8 1.2000000000000002 0 0 0 4.800000000000001 0 3.6 6.6000000000000005 0 4.4 11.200000000000001 2.6 0 0 0 0 0 0 0 0 0 0 0 0 0 0 0 0 0 0 0 0 0 0 0 0 1.6 4 0 0 0 0 0 0 1.6 0 0 0 0 0 0 0 4 0.2 5.2 0 1.8 0 0 0 1.6 3.6 0 0 0 0 0 0 2.2 0 0 3 0 6.800000000000001 0 0 0.4 5.2 0 0 2.4000000000000004 4.4 0 5 1 0 3.4000000000000004 6.2 0 3.4000000000000004 2.8000000000000003 0.2 0 0 0 0 0 0 0 0 0 0 0 0 0 0 0 0 0 0 0 0 0 0 0 0 0 0 0 0 0 0 0 0 0 0 0 0 0 0 0 0 0 0 0 0 0 14.600000000000001 0 0 0.2 0 0 0 0 0.6000000000000001 0 0.6000000000000001 8.4 0 0 0.4 6.4 3 0 0 0 0 0 0 0 0 0 0.2 0 0 0 0 0 0 0 0 0 0 0 0 0 0 0 0 0 
 0 0 0 0 17.8 0.4 0 0 0 0.4 17.400000000000002 0 0 0 0 0 0 0.6000000000000001 0 0 15.600000000000001 59.800000000000004 21.8 44.800000000000004 18.8 30.6 52.6 0 63 52 26.400000000000002 66 17.400000000000002 20.200000000000003 34.800000000000004 11.600000000000001 11 5 54 24 0.8 0 0.4 0 0 0 12.4 0.2 0 1.6 0.2 0 0 0 0.6000000000000001 0.2 0.2 13.4 7.800000000000001 0.2 0.6000000000000001 0.4 0.4 0.8 0 0.6000000000000001 0.6000000000000001 0.6000000000000001 0 0 0 0 0.6000000000000001 0.6000000000000001 0 0.4 0 0.4 0.2 0.4 0 0 0 0 0 0 0 0 0 0 0.4 0 0 0 0.2 0 0 0 0 0 6.2 4.4 2.4000000000000004 4.2 4 3.6 0.6000000000000001 2.6 2.2 10.200000000000001 1.8 5.6000000000000005 0 2.8000000000000003 0.6000000000000001 1.6 5.4 12 0 4 0 0 0 0 0 0 0 0 0 0 0 0 0.6000000000000001 3.8000000000000003 0 0 0 0 0 0 0 0 0 0 0 0.6000000000000001 0.4 0 0 0 0 0.2 0 0 0 0 0 0 0 0 0 0 0 6.6000000000000005 0 2.4000000000000004 0 0 0 0 0 0 0.8 1.6 4 0 0.4 0 0 0 4.4 3.6 1.4000000000000001 0 3.4000000000000004 5.2 1.8 1.4000000000000001 9.600000000000001 2 5.2 2.8000000000000003 0 5.800000000000001 6 1.2000000000000002 0.2 3 0 5.6000000000000005 0 0 0 0 0 0 0 0 0 0 0 0 11.4 0 2.4000000000000004 0 0 0 0 2.6 0 0 0 0 0 0 0 0 0 0 0 0 0 0 0 0 0 0 0 0 0 0 0 0 0 0 0 0 0 0 0 0 0 0 2.6 0 0 15.600000000000001 0.2 0.8 3 2.8000000000000003 0.4 0 0 0 2.2 0 0 0 0 0 0 0 0 0 0 0 0 0 0 0.2 0 0 0 0 0 0 0 0 
 0 0 0 0 0.2 15 0.6000000000000001 0 0 0.4 0 0 0 0 0 0 0 0.6000000000000001 0 1.2000000000000002 65 28.6 94.80000000000001 30 13.600000000000001 18.400000000000002 13.200000000000001 63 0 71.4 11.200000000000001 10.600000000000001 34.6 22.400000000000002 109 16.400000000000002 12.200000000000001 23.8 18.8 16.400000000000002 0 0 0 0 1.2000000000000002 20.6 3.2 0 0 0.4 12.4 0 11 0.6000000000000001 0.6000000000000001 0 0 0 26.6 6 0 0 0 0.6000000000000001 0 0.6000000000000001 0.6000000000000001 0.6000000000000001 0 0 0 0.2 0 0.4 0 0.6000000000000001 0 0 0.4 1.2000000000000002 0 0 0 0 0 0 0 0 0 0 0 0 0 0 0 0 2.8000000000000003 0.4 0 0 0 0 0 1.8 0 7.4 0 2.4000000000000004 5 4.2 9 11.4 0 0 6.4 1.6 0 0.2 0 0 7.6000000000000005 0.2 0 0 0 0 3.4000000000000004 0 0 0 0 0 4.2 4.2 0 0 0 0 4 4 0 0 0 0 0 0 0.4 0 0 0 0 0 0.4 0 0 0 0 0.4 0.4 0 0 0 0 0 0 2.4000000000000004 0 0 0 0 0 0 0 0 1 0 0 0 0 0 3.4000000000000004 2.4000000000000004 8.200000000000001 13 5.6000000000000005 6 2.4000000000000004 0.6000000000000001 1.4000000000000001 5 4.4 0 1.4000000000000001 0 5.4 1.4000000000000001 2.8000000000000003 1.2000000000000002 0 2.4000000000000004 3.4000000000000004 2.2 0 0 3.4000000000000004 0 3 1.8 0.2 0 0 0 5.4 0 2 0 2.4000000000000004 0 1.6 7.4 0 5 0 0 0 0 0 0 0 0 0 0 0 0 0 0.4 0.4 0 0 0 0 0 1.8 0 0 0 0 0 0 0 0 0 0 0 18.8 0 0.4 1.2000000000000002 4.2 0.4 0.4 0 0 0 0 0 0 0 0 0 0 0 0 0 0 0 0 0 0 0 0 0 0 0 0 2 4.2 0 0 0 
 0 0.6000000000000001 0.6000000000000001 6.6000000000000005 0.6000000000000001 0.6000000000000001 0.6000000000000001 0.6000000000000001 0.6000000000000001 0.6000000000000001 0.6000000000000001 0.6000000000000001 0.6000000000000001 0.6000000000000001 0.6000000000000001 0.6000000000000001 0.6000000000000001 1.2000000000000002 0.6000000000000001 0.6000000000000001 9.600000000000001 22 62.800000000000004 123.80000000000001 33.800000000000004 18.400000000000002 67.4 52 71.4 0 47 78.60000000000001 11.200000000000001 20.8 100.2 36.2 31.6 25 16 38.800000000000004 0.2 0 0 0 0 0 0.4 0 0 1 0.2 0 0 0 0.6000000000000001 0 0 0 5.4 0 0 0 0 0.6000000000000001 0 0.6000000000000001 2.2 0.6000000000000001 0 0 0 0 0 0.6000000000000001 0 0.4 0 0 0 0.4 0 0 0 0 0 0 0 0 1.4000000000000001 0 0.2 0 0 0 0.4 0 0 0 0 0 5.2 5.2 1 0 8.4 4.2 0 3.2 8.4 7.800000000000001 6.6000000000000005 0.4 0 4 0 1 4.2 7.6000000000000005 0 7.2 1.6 0 0 0 0 0 0 0 0 0 0 0 0.2 3.8000000000000003 0 0 0 0 0 0 0 0 0 0.4 0 1.6 2.8000000000000003 0 0 0 0 0.2 0 0 0 0 0 0 0 0 0 0 0 0 0 0 0 0 0 0 0 0 0.8 4.6000000000000005 2 0 0 0 0 0 9 5 0 2.4000000000000004 4.4 20.200000000000003 3.4000000000000004 3.2 4 3.6 2.6 1.6 0 3.8000000000000003 5.4 5.800000000000001 1.8 3.4000000000000004 0 0.4 0 0.2 0 0 0 0 3 0 0 0 0 0 8.8 0 0 4.6000000000000005 0 0 0 3.6 0 0 0 4 0 0 0 0 0 0 0 0 0 0 0 0 0 0 0 0 0 0 2.2 0 0 0 0 0 0 0 0 0 0 0 1.8 0.4 0 15.200000000000001 0.6000000000000001 0.6000000000000001 2.6 2.2 0 0 0 0 2.4000000000000004 0 0 0 0 0 0 0 0 0 0 0 0 0 0 0 0 0 0 0 0 0 0 0 
