 0 32.2 74.4 34.2 28.200000000000003 6.2 16 20 43.6 27 16.400000000000002 85.60000000000001 65 81 30.400000000000002 6.800000000000001 24 29.6 25.200000000000003 18.2 0 8 0.8 0.8 0 0.2 0.6000000000000001 0.4 0 1.2000000000000002 0 0 0 0.6000000000000001 0.4 0 1 0.8 14.8 0.6000000000000001 0 0 0.6000000000000001 0.4 0 0.4 0.6000000000000001 0 0.6000000000000001 0.2 1 0 0 0 0 0.6000000000000001 0 0.4 0 0.6000000000000001 0 0 10.200000000000001 6.2 0 0 0.6000000000000001 0.4 0 0 0.4 0.4 0.6000000000000001 0.4 0 0 0 1.6 0.6000000000000001 0 3.8000000000000003 0 0.2 8.8 0 0 0 5.4 4.800000000000001 3.2 2.6 0 2 0 5 13.200000000000001 0 7.2 2.6 0.2 2.8000000000000003 0 0 0.2 0 0 1.4000000000000001 0 0 0 0 0 0 0 0 0 0 0 0 0 0.4 0 0 0 0 0 0.2 0 0 0 0 1.2000000000000002 0 0 0 0.4 0 0 0 0 0 0 0 0 0 0 0 0.2 0 0 0 0 0 0 0 0 0 0 0 0 0 5.6000000000000005 0 0.4 5.2 0 2.8000000000000003 3.2 7.800000000000001 2 2.2 0 6.6000000000000005 2 2.8000000000000003 7.2 0 0 0 6.6000000000000005 0 2.2 0 0 0 0 0 0.4 0 0 0 0 0 0 0 0 0 0 0 0 0 0 0 0 0 0 0 0 0 0 0 0 0 0 0 0 0 0 0 0 0 0 0 0 0 0 0 0 0 0 0 0 0 0 0 0 0 0 0 0 0 0.4 0 0 0.2 0.4 0 0 0 0 0.4 1 2 0 0 0 5.2 0 0 0 0 0 0 0 0 0 0 0 0 0 0 0 0 0 0 1.4000000000000001 4.2 0 0 0 0 0 0 0 0 0 0 0 0 0 
 32.2 0 35.2 12.8 26.8 4.2 85.80000000000001 91.2 46.6 28 19.8 39 89.4 51.2 89.4 27.6 41.2 8.4 26.6 29.6 0 1.4000000000000001 0.4 0 0 0.2 0.6000000000000001 0 0 0.6000000000000001 0 0 0.4 0 0.4 0 0.6000000000000001 0.4 0.4 0 0 0 0 0.4 0 0.4 0 0 0.6000000000000001 0 0.6000000000000001 0 0 0.8 0 0.6000000000000001 0 0.4 0 0 0 0.2 0 0 0 0 0 0.6000000000000001 0 0 0 0 12.4 0.4 0 0 0 0.6000000000000001 10.200000000000001 0.4 2.2 4.800000000000001 2.8000000000000003 5.6000000000000005 0 2.4000000000000004 2.2 4.800000000000001 4.2 10 6 0 2.2 0 3.4000000000000004 5.6000000000000005 5.6000000000000005 3.2 0 3.4000000000000004 0 5 0 0 0 0 0 0 0 0 0 0 0.2 0 0 0 0 0 0.2 0 0 0 0 0 0 0 0 0 0 0.2 0.2 0 0 0 0 0 0 0 0 0 0.2 0 0 0 0 0 0 0 0 0 0 0 0 1.2000000000000002 0 0.2 0 0 0 0 2.8000000000000003 6.4 7.4 5 0 4.2 3 1.8 1.6 6.6000000000000005 0 0 0 3.6 8 2.4000000000000004 0 5 0 4.6000000000000005 0 0 0 0 0 0 0 0 0 0 0 0 0 0 0 0 0 0 0 5.800000000000001 0 0 0 0 0 0 0 0 0 3.6 0 0 0 0.2 0 0 0 0 0 0 0 0 0 0 0 0 0 0 0 0 0 0 0 0 0 0 0 0 0 0 0 2.4000000000000004 0 0 0 0 0 0 0 17.400000000000002 0 3 1.8 0 0 0 0 0 0.4 0 8.6 0 2 0 0 0 0 0 0 0 0 0 0 0 0 1.2000000000000002 6 0 0 0 0 0 0 0 0 0 0 0 0 0 
 74.4 35.2 0 15.200000000000001 43.800000000000004 50 64.8 37.2 50 7.2 55.6 33.4 49 26.400000000000002 30.8 31.200000000000003 30.400000000000002 9.4 6.2 7.4 0 0 0.4 0 0 0 0.4 0 0 0.6000000000000001 0 0 0 0 0.8 0.2 0.8 0.4 15.600000000000001 0 1.8 0 0 0.2 0 0.6000000000000001 0 12.4 0.6000000000000001 0 0.6000000000000001 0 0 0 0 0.6000000000000001 0 0.4 0 0 0 0 0 0 0 0 0 0.4 0 0 0 0 0.6000000000000001 0.4 0 0 0 0.6000000000000001 0 0 1.8 4 3.2 9 0.2 4.800000000000001 0 4.6000000000000005 8.8 2.6 6 0 3.6 1.4000000000000001 3.8000000000000003 0.2 2 4.6000000000000005 0 2.2 0.2 0.4 0 0 0 0 0 3.6 0 0 0 0 4.6000000000000005 0.2 2 0 0 0 1.2000000000000002 0 0 0 0 0 0 0 0 0 0 0 0 0 0 0 0 0 0 0 0 2.6 0 0.4 0 0 0 0 0 0 0.4 5.2 0 0 0 2.2 0 0 0 0 0 0 2.8000000000000003 3.8000000000000003 0 0.6000000000000001 0 2 0 0 4.6000000000000005 3.4000000000000004 0 4.4 0 3.4000000000000004 7.2 3.2 0 3.2 0 3.2 3.4000000000000004 0 0 0 0 0 0 1.4000000000000001 0 0 0 0 3.2 0 0 0 0 0 3 5.800000000000001 0 0 0 0.8 0 0 0 0 0 0 0 0 0 0 0 0 0 0.2 0 0 0 0 0.4 0 0 0 0 0 0 0 0 0 0 0 0.4 0 0.4 0 0 0 0 0 0 0 0 0 0.8 0.4 0 17.6 0 2.6 2.4000000000000004 0 0 0 0 0 0 0 0 0 0 0 0 0 0 0 0 0 0 0 0 0 0 17.2 0 0 0 0 0 0 0 0 0 0.4 0 0 0 0 
 34.2 12.8 15.200000000000001 0 77.80000000000001 24 34.2 65.60000000000001 87.60000000000001 75.4 77.2 11.200000000000001 65.8 59.2 17 7.800000000000001 24.6 61.6 14.600000000000001 29.400000000000002 0 0.2 0.4 0 0.4 0 0.6000000000000001 0.8 0.6000000000000001 0.6000000000000001 0.2 0 31 0.8 0 0.2 0.6000000000000001 0.4 0.4 13.200000000000001 0 0.8 0 0.4 0 0.4 0 0 0.6000000000000001 0 0.6000000000000001 0.6000000000000001 0 0 1 0.6000000000000001 0 0.4 0 0 0 0.2 0 0 0 0 0 0.6000000000000001 0 0 0 0 0.6000000000000001 1.2000000000000002 0 0 0 0.6000000000000001 0 0 3.2 1.8 0 2 3.8000000000000003 3 0 0 3.2 2.6 4 15 0 0 2.4000000000000004 0 2.8000000000000003 1.6 0 0 5.2 2 2 2 0 0 0 8.200000000000001 0 3 0 0 4.4 0.6000000000000001 4.4 0 2 0 10 0.6000000000000001 0 0 0 0 0 0 0 0.2 0 0 0 0 0 0 0 0 0 0 0 0 0 0 0 0 0 0 0 0 0 0 0 0 0 0 0 0 0.2 0 0 0 3.4000000000000004 0 4.4 4.2 3.4000000000000004 2.8000000000000003 2.4000000000000004 0 2.8000000000000003 0 2.8000000000000003 6.2 0.2 3.2 0 4.4 2.8000000000000003 0 0 1.2000000000000002 7.800000000000001 0 0 2.4000000000000004 0 0 2.4000000000000004 8.4 0.2 0 0 4 0.4 3.8000000000000003 0 0 0 0.4 5.4 0.2 0 0 0 0 0 0 0 0 0 0 0 0 3.2 0 0 0 0 0 0 0 0 0 0 0 0 0.2 0 0 0 0 0 0 0 0 0 0 0 0 0 0 0 0 0 0 0 1.2000000000000002 0 0 0.8 18.2 2.6 1.6 0 0.4 0 0 0 0 0 0 0 0 1.8 0 0 0 0 0 0 0 0 0 0 0.2 0 0 0 0 0 0 0 0 0 0 0 0 0 0 0 0 
 28.200000000000003 26.8 43.800000000000004 77.80000000000001 0 32.800000000000004 28.400000000000002 54.800000000000004 11.200000000000001 23.8 28.200000000000003 14.200000000000001 32.800000000000004 30.400000000000002 21.200000000000003 14.200000000000001 11.200000000000001 46.6 11.600000000000001 13.4 0 14.600000000000001 0.4 0 0 0 15.8 0.2 0 0.8 0 0.6000000000000001 15 0 15 0 12.600000000000001 0.4 1 0 0.8 0 0 0.4 0 0.4 0 0 0.6000000000000001 0.2 0.6000000000000001 0.2 0 0 0 0.6000000000000001 0 0.4 0 0 0 0.2 0.4 0 1.4000000000000001 0 0 0.6000000000000001 0 0 0 0 0.6000000000000001 0.4 0 0 0 0.6000000000000001 0 0 2.6 0 3.8000000000000003 4.2 4.2 1.6 0 3 0 0 8 4 0 2.4000000000000004 2.6 0.6000000000000001 0 0 0 0 0 0 5 0 0 0 0.2 5.6000000000000005 4 0.2 0 0 6.800000000000001 2.2 4.800000000000001 0 0.2 0 3.8000000000000003 5.2 0 0 0 0 0 0 0 0 2.2 0 0 0 0 0 0 0 0 0.2 5.2 0 0 0 0 0 0.6000000000000001 6.2 0 0 0 0 0 0 0 0 0 2.8000000000000003 0 0 0.2 0 0 0 0.4 0 2.6 2.8000000000000003 0 0 1.2000000000000002 0 0 1.6 0 0 1.8 1.4000000000000001 0 4 0 1.6 8.8 1.8 6 0 0 0 2.4000000000000004 4.800000000000001 2.8000000000000003 0 0 0 5.6000000000000005 0.2 1.4000000000000001 0 0 0 0 0.2 0 0 0 0 0 0 0 0 0 0 0 0 0 0 0 0 0 0 3 0 0 0 0 0 0 0 0 0 0 0 0 0 0 0 0 0 0 0 0 0 0 0 0 0 0 0.4 19.200000000000003 1 0.4 17.6 0 0.2 0 0 0.2 0 0 0 0 0 0 0 0 0 0 0 0 0 0 0 0 0 0 0 0 2 0.4 0 0 0 0 1.4000000000000001 0 0 0 0 0 0 0 0 
 6.2 4.2 50 24 32.800000000000004 0 10.200000000000001 8.200000000000001 6.800000000000001 55.2 17.8 9.4 20.6 9.4 10.600000000000001 54.800000000000004 11.8 12.600000000000001 9.200000000000001 16 22.200000000000003 28.400000000000002 31.200000000000003 0.4 0.4 1 50.400000000000006 57.400000000000006 0 0.4 30.6 0.4 19.200000000000003 5.4 15 29.400000000000002 15.4 3.2 15.8 0.8 0.6000000000000001 0 0.4 0.8 0 0.8 0 0.6000000000000001 0.6000000000000001 0 0.6000000000000001 0.4 0 0 0.6000000000000001 8 0 0.4 0.6000000000000001 0.6000000000000001 0 0.4 0 0.2 0.4 0 0 9.4 0 0 6.4 0 0.6000000000000001 2.2 0 0 0 0.6000000000000001 0 0.2 0 0 0 0.2 0 0 0 0 0 0 0 5.4 0 0 0 0 0 0 0 0 2.2 7.4 0 0 0 0 7.2 2.4000000000000004 4.6000000000000005 4 2 0 4.4 2.6 8.6 8.8 8 2.6 0 4.4 0 0 0 0 0 0 0 0 0 0 0 0 0 0 0 0 0 0 1.8 0 0 0 0 0 0 0 0 0 0.4 0 0 0 1 0 0 0 0 0 0.8 0.2 0 0 0.4 0 0.8 0 0 0 0 0 0 12.4 0 1.4000000000000001 0 0 0 0 0 0 2.6 5 6 4.2 0 0 7.800000000000001 1.8 19 0 0 0 0.6000000000000001 6.4 1.6 4.2 4 0.8 2.2 0 0 0.2 0 0 2.2 0 0.2 0 0 0 0.2 0 0 0 0 0 0 0 0 0 0 0 0.4 0 0 0 0 0 0.4 0 0.4 0 0 0 0.4 0 0.4 0 0 0 0 0 0 0 0 1 0 0 0 2 0.2 0 0 0 0 0 0 0 0 0 0 0 0 0 0 0 0.2 0 0 0 0 0 0 0 0 0 0 0 0 0 0 0 0 0 0 3.4000000000000004 2 0 0 0 
 16 85.80000000000001 64.8 34.2 28.400000000000002 10.200000000000001 0 32.6 43.800000000000004 9 48.800000000000004 41.6 58 28.400000000000002 27.200000000000003 6 88.2 26.6 26.200000000000003 10.4 0 0 0.4 0 0 0 0.6000000000000001 0 0 0.6000000000000001 0 0.4 0.4 0 0.4 0 0.6000000000000001 0.4 0.4 0 0 0 0 0.4 0 0.4 0 0 0.6000000000000001 0 0.6000000000000001 0 0 0 0 0.6000000000000001 0 0.4 0 0 0 0.2 0 0 0 0 0 0.6000000000000001 0 0 0 0 0.6000000000000001 0.4 0 0 0 0.6000000000000001 0 0 4 6.4 2 4.6000000000000005 0 2.6 2.8000000000000003 8.8 2.4000000000000004 5.2 4.4 3 6.6000000000000005 0.6000000000000001 7 2 4.4 2.6 2 3.8000000000000003 0 0.6000000000000001 0 0 0 0 0 0 0 0 0 0 0.4 0 0 0 0 0 0 0 0 0 0 0 0 0 0 0 0 0 0 0 0 0 0 0 0 0 0 0 0 0 0 0 0 0 0 1.6 0 0 0 0 0 3.4000000000000004 0.4 0 0 0 0 0 3.8000000000000003 2.8000000000000003 4.6000000000000005 6.800000000000001 3.8000000000000003 3.8000000000000003 4.6000000000000005 0.6000000000000001 1.8 0 0 0 0 0 6 7.4 0.2 2.4000000000000004 0 4.4 0 0 0 0 0 0 3.4000000000000004 0 0 0 0 0 0 0 0 0 0 0 0 3 0 0 0 0 0 0.4 0 0 0.2 0 0 0.4 0 0 0 0 0 0 0 0 0 0.2 0 0 0 0 0 0 0 0 0 0 0 0 0 0 0 0.4 0 0 0 2.8000000000000003 0 0 0 0 0 0 0.4 18 0.4 1.2000000000000002 1.8 0 0 0 0 0 0 0 0 0 1 0 0 0 0 0 0 0 0 0 0 0 0 1.2000000000000002 5.6000000000000005 0 0 0 0 0 0 0 0 0 0 0 0 0 
 20 91.2 37.2 65.60000000000001 54.800000000000004 8.200000000000001 32.6 0 52.800000000000004 9.8 39.6 70 53.400000000000006 21.400000000000002 80.60000000000001 26.200000000000003 10 13.200000000000001 29 34.2 0 0.6000000000000001 0.4 0 0 0.4 0.6000000000000001 0 0 0.4 0 0 0.8 0.2 0.2 0 0.6000000000000001 0.4 0.4 0 0 0.4 0.6000000000000001 0.6000000000000001 0 1.2000000000000002 0 0.6000000000000001 0.6000000000000001 0 0.6000000000000001 0 0 0 0 0.2 5 0.8 1.6 0 0 0.6000000000000001 1.4000000000000001 0 0 0 0.2 0.6000000000000001 6.4 0 0 0.2 0.6000000000000001 0.4 0 0 0 0.6000000000000001 0 0 5 5.800000000000001 5.4 2 0 0 2.2 4 0.4 12.4 9 0 0 1.8 0.8 0 6.4 2.4000000000000004 1.4000000000000001 0.4 0 0 0 0 0 0 0 0 0 0 0 0 0.2 0 0 0 0 0 0 0 0 0 0 0 0 0 0 0 0 0 0 0 0 0 0 0 0.4 0 0 0 2.4000000000000004 0 0 0 0 0 0 0 0 0 0 0 0 0.6000000000000001 0.2 0 0 0 0 0 4 2.8000000000000003 4.2 0 0 1.2000000000000002 0 3.4000000000000004 6.2 8 4.4 0 5.2 9.200000000000001 3.8000000000000003 3.4000000000000004 3.4000000000000004 3 2.2 0 0 0 0 0 0 0 4.4 0 0 0 0 0 0 0 0 0 0 0 0 0 0 0 0 0.2 0 0.2 0 0 0.4 0 0 0 0 0 0 0 3 0 0 0 0 0.4 0 0 0 1.2000000000000002 0 0 0 0 0 0 0 0 0 0 0 0 0 0 0 0 0 0 0 0.6000000000000001 0 0 0 17.400000000000002 0.4 0.8 0 0 0 0 0 0 0 0 0.4 0 0 0 0 0 0 0 0 0 0 0 0 0 0 0 1.8 0 0 0 0 0 0 0 0 0 0 0 0 0 
 43.6 46.6 50 87.60000000000001 11.200000000000001 6.800000000000001 43.800000000000004 52.800000000000004 0 63.2 53 34.4 41.400000000000006 19 37.2 88.80000000000001 24 10 35.800000000000004 45 0.8 0 0.4 0.4 0 0.4 1.4000000000000001 0 0 0.4 0 0 0 0 0.2 0 0.6000000000000001 0.4 21.400000000000002 0.4 0.4 0 0 0.6000000000000001 0 0.4 0 0 0.6000000000000001 0.2 0.6000000000000001 0.8 0 0 0 0.2 0 0.6000000000000001 1.2000000000000002 0 8.6 1.4000000000000001 0 0 0 0 0 0.6000000000000001 0 1.2000000000000002 0 0 0.6000000000000001 1.2000000000000002 0 0 0 0.6000000000000001 0 0 4 5.800000000000001 4 8.6 0 5.6000000000000005 3.8000000000000003 4.6000000000000005 4 8 7.4 2.8000000000000003 2 0 8.200000000000001 2.8000000000000003 6.6000000000000005 4.4 0 2.8000000000000003 0 0 0 0 0 0 0 0 0 0 0.4 0 0 0 0.2 0 0 0 0 0.4 0 0 0 0 0 0 0 0 0 0 0 0 0 0 0 0 0 0 0 0.2 0 0 0 0 0 0 0 0 0 0 0 0 0 1.2000000000000002 0 0.2 0 0 0 0 11 4 5 2.4000000000000004 3.6 0 0 1.4000000000000001 11.8 6.6000000000000005 2 0 0.2 9.8 4 4.4 14.8 0 0 4 0 0 0 0 0 0 3 0 0 0 0 0 0 0 0 0 0 0 7 3.8000000000000003 0 0 0 0 0 0 0 0 0 0 0 0 0 0 0 0 0 0 0 0 0 0 0 0 0 0.2 0 0 0 0 0 0 0 0 0 0 0 0 0.2 0 0 0 0 0 0 0 0.4 0 0.2 0.4 0.4 0 2.2 0 0 0 0 0 0 0 0 0 0.2 0 0 0 0 0 0 0 0 0 0 0 0 1.8 1.8 0 0 0 0 0 0 0 0 0 0 0 0 0 
 27 28 7.2 75.4 23.8 55.2 9 9.8 63.2 0 16.8 9.8 26.400000000000002 38.2 65 33.2 29.200000000000003 51 69.2 62.2 0.2 0 0.4 0 0 0 0.8 0.2 0.6000000000000001 0.6000000000000001 0 0 1.2000000000000002 0 0.4 0 0.6000000000000001 0.4 0.4 15.4 0.4 0 0 0.2 0 0.6000000000000001 0 0 0.6000000000000001 0 0.6000000000000001 0 0 0 0 0.6000000000000001 0 0.4 0 0 0 0 0 0 0 0 0 0.4 0 0 0 0 0.6000000000000001 0.4 0 0 0 0.6000000000000001 0 0 3.8000000000000003 0 0 0 7.4 11 0 0 0.4 2.6 5 9 2 0 0.8 3 0.6000000000000001 6.2 0 2 2.4000000000000004 0 6.4 0 0 0 0 4.4 2.8000000000000003 0.6000000000000001 0.4 0 1.6 0 0.4 0 0 0 8.6 2.6 0 0 0 0 0 0 0 0 0.6000000000000001 0 0 0 0 0 0 4 0 0 0 0.2 0 0 0 0 0 0 0 0 0 0 0.4 0 0 0 0 0 0 0 0 0 0 3.8000000000000003 1.2000000000000002 5.6000000000000005 6.800000000000001 2.8000000000000003 3.2 0.2 4.6000000000000005 0.8 10.4 0.4 0.6000000000000001 0 0 3.4000000000000004 0 13.4 0 4.4 3.4000000000000004 0 0 0 0 0 0 6.2 0 0 0 0 6.6000000000000005 0.2 0 0 0 0 0 0 0 0 0 0 0 0 0 0 0 0 0 0.2 3.8000000000000003 0 0 0 0 0 0 0 0 0 0 0 0 0 0 0 0 0.2 0 0 2.4000000000000004 0 0 0 0 0.2 0.2 0 0 3 0 0 0 0 0 0 17.400000000000002 17.8 1 1.6 0 0 1.2000000000000002 0 0 0 0 0 0 0 0.2 0 0 0 0 0 0 0 0 0 0 0 0 0 0 0 0 0 0 0 0 0 0 0 0 0 0 0 
 16.400000000000002 19.8 55.6 77.2 28.200000000000003 17.8 48.800000000000004 39.6 53 16.8 0 110 78.4 65.8 32.2 30.200000000000003 47.400000000000006 55.6 9 52 0 0 0.8 0 0 0 0.4 0 0 0.8 0.4 1.6 0 0.6000000000000001 0.4 0 0.8 0.8 0.4 0 1.2000000000000002 0 0 0 0 0.6000000000000001 0 0 0.6000000000000001 0.4 0.4 0 0 0 0 0.6000000000000001 0 0.4 0 0 0.2 0 0 0 0 0 0.6000000000000001 0.4 0 0 0 0 0.6000000000000001 0.4 0 0 0 0.6000000000000001 0 0 2 5 6.2 4.6000000000000005 3 0 2 5.4 9 4.4 7 0 0 3.2 13.200000000000001 1.8 7.2 4.4 2.6 0.2 0.4 0 0 0 0 0 0.2 5.800000000000001 0 0 0 0 6.2 2.4000000000000004 0.8 0 0.4 1.2000000000000002 2 3.4000000000000004 0 0.2 0 0 0 0 0 0 0 0 0 0 0 0 0 0 0 0 0 0 0 0 0 0 0 0 0 0 0 0 0 0 0 0.8 0 0 0 0.2 0 0 3.8000000000000003 0 0 1.4000000000000001 2.8000000000000003 2 0 3.4000000000000004 6.6000000000000005 1.6 0 3.8000000000000003 2.8000000000000003 2.8000000000000003 0 2.8000000000000003 0 0.2 0 0.2 4 0 0 0 0 0 0 0 0 0 0 0 2.2 0 0 0 0 5 0.2 2.8000000000000003 0 0 0 0 0 0 0 0 0 0.4 0 2.6 0 0 0 0 0 0 3.2 0 0 0 0 0 0 0 0 0 0 0 0 0 0 0 0 0 0 5.4 0 0 0 0 2.2 0 0 0.4 17.2 0 0.2 0.2 0 1 2 0 0 0 0 0 0 0.2 0 0 0.2 0 0 0 0 0 0 0 0 0 0.2 0 0 1.4000000000000001 1.8 0 0 0 0 0 0 0 0 0 0 0 0 0 
 85.60000000000001 39 33.4 11.200000000000001 14.200000000000001 9.4 41.6 70 34.4 9.8 110 0 33.800000000000004 58.2 10.200000000000001 111.4 31.400000000000002 18.2 7.2 9.4 0.2 16.2 1 0 0 0 0.6000000000000001 0 0 0.6000000000000001 0 0 0 2.4000000000000004 0.2 0 0.6000000000000001 0.4 0.8 0 0.4 0 0 0.2 0 0.6000000000000001 0 0 0.6000000000000001 1.6 0.6000000000000001 0.2 0 0 0 0.6000000000000001 0 0.4 0 0 0 0 0 0.4 0 0 0 0.4 0 0 0 0.4 0.6000000000000001 0.4 0 0 0 0.8 0 0 2 0 0 4.6000000000000005 5.2 2 0 4.4 5.6000000000000005 4.2 4.4 0 2 0 0 4.2 6.4 5.2 0 3 6.4 0 0 0 0 0 0.2 3.4000000000000004 0 0 0 0 1.4000000000000001 2.6 0 2.6 0.4 0 0 3.2 0 0.2 0 0 0 0 0 0 0 0 0 0 0 0 0.8 0 0 0 0 0 0 0 0 0 0 0 0 0 0 0 0 0 0 0.4 0 0 0 0 0 0 2.6 1.8 0.2 2.4000000000000004 2.6 1.2000000000000002 0 2.6 2.8000000000000003 3 2.8000000000000003 0 0 6.800000000000001 3.8000000000000003 0 0 7 0 4.800000000000001 0.2 0 0 0 0 0 0 0.4 0 0 0 0.2 3 0 0 0 0.2 0 0 9.200000000000001 0 0 0 0 0 0 0 0 0 0.4 0 5.4 0 0 0 0 0 3.4000000000000004 0 0 0 0 0 0 0 0 0.2 0 0 0 0 0 0 0 0 0 0 4 0 0 0 0 3.2 0 0 0.2 17.6 0 0.8 0.4 0.4 0.6000000000000001 0.4 0 0 0 0 0 0 0 0 0 0 0 0 0 0 0 0 0 0 0 0 0 0 1 0 0 0 0 0 0 0 0 0 0 0 0 0 0 
 65 89.4 49 65.8 32.800000000000004 20.6 58 53.400000000000006 41.400000000000006 26.400000000000002 78.4 33.800000000000004 0 35.6 79.60000000000001 6.800000000000001 31.6 80.60000000000001 19.6 28.200000000000003 0 0 0.4 0 0 0.2 0.6000000000000001 0 0 0.4 0 0 0 0 0.2 0 0.6000000000000001 19.200000000000003 0.4 0.2 0.4 0 0 1 0 0.4 0 0 1 0.2 0.6000000000000001 0 0 0.2 0 0.2 0.6000000000000001 0.4 0 0 0 0.6000000000000001 0 0 0 0 0 0.6000000000000001 0 10 0 0 1 0.4 0 0 0 0.4 0 0 0.2 0.2 1.4000000000000001 14.4 0 2 0.2 9.600000000000001 2.8000000000000003 10.4 13.4 0 2 2.4000000000000004 8 8.6 4 5.2 1.8 3.8000000000000003 0 0 0 0 0 5 0 0 0 0 0.4 0 0.6000000000000001 0 0 0 0 0 0 0 0 0 1.4000000000000001 0 0 0 0 0 0 0 0 0 0 0 0 0 0 0 0 0.4 0 0 0 0 0 0 0 0 0 0 0.4 0 0 0 0 0 0 0 0 0 0 2.8000000000000003 0 2 0 0 0 3 7.4 0 0 0 0.2 5.800000000000001 4.2 16.2 0 0 2 5.4 0 0 0 0 0 0 0 0 0 0 0 0 0 0 0 0 0 0 0 2.6 0 0 0 0 0 0 0.4 0 0 0 0 0.2 0 0 0 0 0 0 0 0 0 0 0 0 0 0 0 0 0 0 0 0 0 0 0 0 0 1.4000000000000001 0.2 0 0 0 0 0 0 0.6000000000000001 0 0 0 0.2 0 0.4 7.6000000000000005 0 0 0 0 0 0 0 0 0 0 0 0 0 0 0 0 0 0 0 0 0 0 2 8 0 0 0 0 0 0 0 0 0 0 0 0 0 
 81 51.2 26.400000000000002 59.2 30.400000000000002 9.4 28.400000000000002 21.400000000000002 19 38.2 65.8 58.2 35.6 0 27 9 4.800000000000001 12 59.400000000000006 21 0.2 0 0 0 0.2 0 0.6000000000000001 0 0 0.4 0 0 0 0 0.4 0.2 0 0.4 1.8 0.4 1.6 0 0 0 0.6000000000000001 0 0 0 0 0.2 0 0 0 0 0 0.6000000000000001 0.2 0 0 0 0 0 0 0 0 0.6000000000000001 0.4 0.2 0.2 0 0 0.4 0.4 0 3.8000000000000003 0 0 0 0 0 9.8 0.2 3.2 1.8 0 0 0.2 8.200000000000001 2 0 5.6000000000000005 0.2 4.6000000000000005 9.8 5.800000000000001 6.2 2.8000000000000003 5.6000000000000005 0.2 4 1 0 0 0 0 0 0 1.4000000000000001 0 0 0 0 1.6 0 0 0 0 0 0 0 0 0 0 0 0 0 0 0 0 0 0 0 0 0 0 3 0 0 0 0 0 0 0 0 0 0 0 1.4000000000000001 0 0 0 0 0 0 0 0 0 0 0 0 2.2 4 1.4000000000000001 0.2 0 1.4000000000000001 6.2 2.4000000000000004 0.4 2 2.2 0 6.6000000000000005 0 3 0 3 0 0 2 0 0 0 0 0 0 0.2 0 0 0 0.2 0 0 0 0 0 0 0 0 2.8000000000000003 0 0 0 0 0 0 0 0 0 0 0 0 0 5.2 0 0 0 0 0 0 0 0 0 0 0 0 0 0 0 0 0 0 0 0 0 0 0 0 0 0 0 0 0 0 0 0.4 0 0 0.4 0.2 0.2 0 0 0.4 0 0 0 0 0 0 0 0 0 0 0 0 0 0 0 0 0 0 0 0 0 0 0 0 0 0 0 0 0 5 0 0.6000000000000001 0 0 0 0 
 30.400000000000002 89.4 30.8 17 21.200000000000003 10.600000000000001 27.200000000000003 80.60000000000001 37.2 65 32.2 10.200000000000001 79.60000000000001 27 0 33.6 15.200000000000001 11.200000000000001 52.800000000000004 41 0.4 0 0.4 0 0.2 0 0.8 0 0 0.6000000000000001 0 0 0 0 0.2 0 0.6000000000000001 0.4 0.4 0 0.4 0 0 0.2 0 0.6000000000000001 0 0 1 0.2 0.6000000000000001 0 0 0 0 0.6000000000000001 5.4 0.4 0 0 0 0 0 0 0 0 0 0.4 0 0.4 0 0 0.6000000000000001 0.4 0 0 0 0.8 0 0 3 2.4000000000000004 8.8 1.8 0 2.8000000000000003 4.6000000000000005 10.200000000000001 2.6 3.2 0 0 7 5.800000000000001 2.6 3.6 0 3.4000000000000004 6 8.8 0 0 0 0.2 0 0.2 0 0 0 0 0 0 0 0 0 0 0 0 0 0 0 0 0.4 0 0.4 0 0 0 0 0 0 0 0 0 0 0 0 0 0 0 0 0 0 0 0 0 0 0.6000000000000001 0 0 0 0 0 0 0 0 0 0 0 0 6.6000000000000005 4.2 1.8 1.8 0.2 0 3 6.800000000000001 2.2 2.2 1.6 0 5.800000000000001 22.6 0 0 3.6 0 0.4 3.8000000000000003 0 0 0 0 0 0 0 0 0 0 0 0 0 0 0 0 0 0 0 3 0 0 0 0 0 0 0 0 0 0 0 0 0 0 0 0 0 0 0 0.4 0 0 0 0 0 0 0 0.4 0 0 0 0 0 0 0 0 0 0 0 0 0 0 6 0 0 0.8 0 0 0 0.4 0 1.2000000000000002 0.8 0 0 0 0 0 0 0 0 0 0 0 0 0 0 0 0 0 0 0 0 0 0 3 0 0 0 0 0 0 0 0 0 0 0 0 0 0 
 6.800000000000001 27.6 31.200000000000003 7.800000000000001 14.200000000000001 54.800000000000004 6 26.200000000000003 88.80000000000001 33.2 30.200000000000003 111.4 6.800000000000001 9 33.6 0 67.8 87.60000000000001 6.800000000000001 16.6 0 0 0.4 0 0 0.2 0.6000000000000001 0.2 0 0.6000000000000001 0.4 0 0 14.8 0.2 0 0.6000000000000001 0.8 18.2 3.2 0 0 0 0.4 0 0.4 12.4 0 0.6000000000000001 0.2 0.6000000000000001 0 0 0 0 0.6000000000000001 0 0.4 0 0 0 0.2 1.8 0 0 0 0 0.6000000000000001 0 0 0 0 0.6000000000000001 0.4 0 0 0 0.6000000000000001 0 0 0 5.4 9.200000000000001 1.6 3.8000000000000003 6 1.8 0.2 3 4.4 3 1.4000000000000001 0.8 0 2 3 5.4 2.2 0 0 8 0 0 0 3.8000000000000003 0 3.2 0 0 0 0 0 0.2 2.2 0 0 0 0 3.8000000000000003 2.2 0 0 0 0 0 0 0 0 0 0 0 0 0 0 0 0 0 0 0 0 0 0 0 0 0 0 0 0 0.2 0 0 0 0 0 0 0.4 0 0 0 0 0 0 2.6 2.8000000000000003 9.8 0.4 0 1 2.8000000000000003 2 9.8 4.6000000000000005 0 0 2.2 4.4 6.4 1.8 0 0 6.4 0 0 0 0 0 1.6 2 0 0 0 0 2.2 3.8000000000000003 0.2 0 0 0 6.4 0 0 0 0.4 0 0 0 3.4000000000000004 0 0 0 0 0 0 0 0 0 0 0 0 0 0 0 0 0 0 0 0 0 0 0 0 0 0 0 0 0.2 0 0 0 0 0 0 0 0 0 0.4 0.4 0 0.8 17.400000000000002 1.4000000000000001 1.6 0 0 0 0 0 0 0 0 0 0 0 0 0 0 0 0 0 0 0 0 0 0 0 0 2.6 0 0 0 0 0 0 0 0 0 0 0 0 0 
 24 41.2 30.400000000000002 24.6 11.200000000000001 11.8 88.2 10 24 29.200000000000003 47.400000000000006 31.400000000000002 31.6 4.800000000000001 15.200000000000001 67.8 0 60.400000000000006 10 22.8 0 0 0.4 0 0 0 0.4 0 0 1 0 0.2 0 0 0.2 0 0.6000000000000001 0.4 21.6 15.600000000000001 0.4 0 0 0 0 0.6000000000000001 0 0 0.6000000000000001 0.2 0.4 0 0 0 0 0.6000000000000001 0 0.4 0 0.2 0 0 0 10.600000000000001 0 0.8 9.600000000000001 0.4 0 0 0 0 0.6000000000000001 0.4 0 0 0 0.6000000000000001 0 0 4 4.2 6 4 5.4 13.8 2.2 5.2 4.4 5.6000000000000005 4.6000000000000005 4.6000000000000005 5 0.2 0.6000000000000001 8 6 4 0 3.6 6.2 0 0 6.2 0 0 0 3.2 0 0 0.2 0 0 2 0.2 0 0 0 2.2 1 0 0 0 0 0 0 0 0 0 0 0 0 0 0 0 0 0 0 0 0.4 0 0 0 0 0 0 0 1 0 0 0 0 0 0 0 0.6000000000000001 0 0 0 0 3.6 0 6.4 5.800000000000001 7.2 0 0 1.6 5.800000000000001 0 4 4.6000000000000005 0 4.4 0 3.8000000000000003 6 3.4000000000000004 0 4 2.6 0 0 0 0 0 2.8000000000000003 2 0 0 0 0 3.2 3.2 0 0 0 0 3.2 3.2 0 0 0 0 0 0 0 0 0 0 0 0.4 0 0 3.6 0 0 0 0 0 0 0 0 0 0 0 0 0 0 0 0 0 0 0 0 0 0 0.4 0.4 0 0 0 0 0 0 0 0.4 0 0 0.6000000000000001 2.4000000000000004 1.2000000000000002 0.6000000000000001 0.4 0 0 0 0 0 0 0 0 0 0 0 0 0 0 0 0 0 0 0 0 0 6 1.8 0 0 0 0 0 0 0 0 0 0 0 0 0 
 29.6 8.4 9.4 61.6 46.6 12.600000000000001 26.6 13.200000000000001 10 51 55.6 18.2 80.60000000000001 12 11.200000000000001 87.60000000000001 60.400000000000006 0 7.6000000000000005 58.400000000000006 0 0.6000000000000001 0.6000000000000001 0.6000000000000001 0.4 0 0.4 0.4 0 1 0 0.4 0 0.8 0 0 0.8 0.4 17.400000000000002 0 0.4 0 0 0 0 0.6000000000000001 1.2000000000000002 0 0.6000000000000001 0 0.4 0 0 0 0 0.8 0 0.4 0 0 0.6000000000000001 0 0 0 1.2000000000000002 0 0 2.2 0 0 0.4 0 0.6000000000000001 0.4 0 0 0 0.6000000000000001 0 0 4.2 4.6000000000000005 2.6 4.6000000000000005 0 2.6 2 5.6000000000000005 4 5.2 12.200000000000001 2.8000000000000003 0 0.2 5.4 0 6.2 1.6 0.2 0.2 0 0 4.2 0 0 0 2 4 0 0.2 0 0 5.4 0 0.2 0 0 0 2 3.4000000000000004 0 0 0 0 0 0 0 0 0 0 0 0 0 0 0 0 0 0 0 0 0 0 0 0 0 0 0 0 0.2 2.8000000000000003 0 0 0 0 0 0 0 0 0 0.4 3.8000000000000003 0 3.8000000000000003 0 6.4 5.2 0 1.2000000000000002 7.6000000000000005 0 2 0 0 0 5.2 7.2 6.6000000000000005 1.6 0 1.2000000000000002 2 0 0 0 0 0 2.8000000000000003 0 0 0 0 0 2.2 0 0 0 0 0 7.4 3.2 0 0.4 0 0.2 0 0 0 0 0 0 0.4 0 0 0 0 0 0 0 0 0 0 0 0.2 0 0 0 0 0 0.2 0 0.2 0 0 0 0 0 0 0 0 0.4 0 0 0 0 0 0 1 0 0.4 0.6000000000000001 0.2 0 0 0.2 0 0 0.4 0 0 0 0 0 0.2 0 0 0 0 0 0 0 0 0 0 0 0 0 1.8 0 0 0 0 0 0 0 0 0.2 0 0 0 0 
 25.200000000000003 26.6 6.2 14.600000000000001 11.600000000000001 9.200000000000001 26.200000000000003 29 35.800000000000004 69.2 9 7.2 19.6 59.400000000000006 52.800000000000004 6.800000000000001 10 7.6000000000000005 0 53.400000000000006 0.4 0 1 0 0.8 0 1 0.2 0 0.6000000000000001 0 0 0 0.6000000000000001 19.400000000000002 0.2 1.2000000000000002 0.4 0.4 0 0 0 0 0.6000000000000001 0 1 0 0 1 12.8 0.6000000000000001 0.4 0 0.6000000000000001 0.2 1 0 0.8 1.2000000000000002 0 0 0.6000000000000001 0 7 0 0.2 5.800000000000001 0.8 0.8 0 0 0.8 1 0.8 0.2 0 0 4.4 6.2 0.4 0 2.2 1.8 0 0 0 2.8000000000000003 3.6 0 0 0 0.2 5.2 3.6 3 3 0 3 0 1.6 0 0 0 0 0 0 0 0 0 0 0 0 0 0 0 0 0 0 0 0 0 0 0 0 0 0 0 0 0 2 0 0 0 0 0 0 0 0 0 0 0 0 0 0 0 0 0 1.8 0 0 0 0 0 0 0 0 0 0 0 0 1.4000000000000001 6.2 0 3 0 0.2 3.8000000000000003 5.4 0 5.800000000000001 1.6 0 9 0 0 0 2.8000000000000003 1.4000000000000001 2.8000000000000003 3 0 0 0 0 0 0 0 0 0 0 0 0 0.2 0 0 0 0 0 0 0 0 0 0 0 0 0 0 0 0 0 0 0 0 3.6 0 0 0 0 0 0.8 0 0 0 0 0 0 0 0 0 0 0 0 0 0 0 0 0 0 0 0 0 2.8000000000000003 0 0 0 0 0.2 0 0 0 0 0.4 0 0 0 0 0 0 0 1.4000000000000001 0 0 0 0 0 0 0 0 0 0 0 0 0 0 0 0 0 0 0 0 0 0 0 0 0 0 0 0 0 0 
 18.2 29.6 7.4 29.400000000000002 13.4 16 10.4 34.2 45 62.2 52 9.4 28.200000000000003 21 41 16.6 22.8 58.400000000000006 53.400000000000006 0 0 0 0.4 0 0 0.2 1 0 0 1 0 0 0 0 0.8 0.8 0.6000000000000001 18 1 0.4 0.2 0 0 0.6000000000000001 0 0.4 0 0 0.6000000000000001 7.6000000000000005 1.2000000000000002 0 1 0.4 0 0.4 0 0.4 0 0 6 0.4 0 0 0 0 1 0.6000000000000001 0 0 0 0 0.6000000000000001 0.4 0 0 0 0.6000000000000001 0 0.2 3.8000000000000003 5.4 2.6 0 0 0 8.8 0.2 0 4.2 0 0 0 0.2 4.800000000000001 0 2.8000000000000003 0 1.6 1.4000000000000001 0 0 0 0 0 0 0 0 0 0 0 0 0 0 0 0 0 0 0 0 0 0 0 0 0 0 2.8000000000000003 0 0 0 0 0 0 0 0 0 0 0 0 0 0 0 0 0 0 0 0 0.2 0 0 0 0 0 0 0.2 0 0 0 0 0 0 0 1.6 0.2 0 0 6.800000000000001 5.4 0 0.2 2.2 0 0 0 0 4.4 0 0 4.800000000000001 1.4000000000000001 0 0 0 0 0 0 0 0 0 0 0 0 0 0 0 0 4.2 0 0 0 0 0 0 0 0 0 0 0 0.4 0 0 0.2 0 0 0 0 0 0 0 0 0 0.4 0 0 0 0 0 0 0 0.4 0 0 0 0 0 0 0 0.2 0 0 0 0 0 0 0 0 0 0 0.2 0 0 2.4000000000000004 0 0 0 0 0 0 0 0 0 0 0 0 0 0 0 0 0 0 0 0 0 0 0 0 2.6 0 0 0 0 0 0 0 0 0 0 0 0 0 
 0 0 0 0 0 22.200000000000003 0 0 0.8 0.2 0 0.2 0 0.2 0.4 0 0 0 0.4 0 0 67.2 36 12 24 29.8 15.4 49.2 8.200000000000001 19.8 40.800000000000004 16.8 8.200000000000001 30.6 21.200000000000003 27.400000000000002 8.200000000000001 7.800000000000001 24 24.400000000000002 0.4 0 0 0 0 0 0 0 0.6000000000000001 0.6000000000000001 0 0.8 0 0 1 12.4 0 0 0.6000000000000001 0.2 0 0.4 0.4 0 0 0.4 0 1 0.4 0.4 0 0.4 0 2.8000000000000003 0 0 0 0 0.2 0 0 0 0 0 0 0 0 0 0 0.4 0 0 0 0 0 0 0 0 0 0 0 0 1.8 2 1.6 0 3.6 0.6000000000000001 3 3.8000000000000003 1.4000000000000001 6.4 0.2 4 3.6 14.4 2.4000000000000004 2.8000000000000003 0 1.8 0 0 0 0 0 0 5.2 0 0 0 0.2 0 3.4000000000000004 0 0 0 1.8 0 9 3.2 0 0 0 0 0 0 0 0 0 0 0 0 0.2 0 0 0 0 0 0.2 0 0 1.6 0 0 0 0 0 0 0 0 2.4000000000000004 0 0 0 2.2 0 0 0 0 0 2.8000000000000003 4.2 5.6000000000000005 7.800000000000001 9.600000000000001 4.4 0 0.2 4 1 2.8000000000000003 2.2 0 0 0 14 5.2 6.4 0 1 0.8 0 0 0 3.4000000000000004 0 5 0 0 0 0 0 3 0 0.2 0 0 0 0 0 0 0 0 0.2 5 0 0 0 0 0 0 0 0 0 0 0 0 0 0 0 0 0 0 0 0 0 0 0 0 0 0 0 0 0 3 0 0.2 0.4 0 0.4 4 0 0 0 0 0 0 0 0 0 0 0 0 0 0 0 0 0 0 0 0 0 0 0 2.8000000000000003 0 2.8000000000000003 0 0 0 
 8 1.4000000000000001 0 0.2 14.600000000000001 28.400000000000002 0 0.6000000000000001 0 0 0 16.2 0 0 0 0 0 0.6000000000000001 0 0 67.2 0 34.800000000000004 27.400000000000002 68 20.6 33.6 17.2 38.400000000000006 11.8 49.2 20.200000000000003 21.400000000000002 28 14.8 66.8 50 73.4 53.2 51.2 0.4 0 0 0 0.6000000000000001 0.2 0 0 0.6000000000000001 1.4000000000000001 0 0.4 0 0 0.4 0 0 0 12.8 0 3.4000000000000004 0 10.600000000000001 0 0.6000000000000001 0 0 0.2 0.4 0 0.6000000000000001 10.8 0 0.4 4.6000000000000005 0.6000000000000001 0 0.6000000000000001 0 0 0 0 0 0 0 0 0 0 0 0 0 0 0 0 0 0 0 0.2 0 0 0 5.800000000000001 0 0 1.6 10.200000000000001 5.2 0 1.6 0 5.2 3.6 6 1.8 2.8000000000000003 10.600000000000001 6.6000000000000005 1.8 0 0.6000000000000001 0 0 0 0 0 0 1.8 0.2 0 0 0 0 1.6 0 0 0 0 0 0 2.4000000000000004 0 0.4 0 0 0 0 0 0 0 0 0 0 0.2 0 0 0 0 0 1.6 0 0 0.6000000000000001 0 0 0 0 0 0 0 0 0 0 0 0 0.2 0 0 0 0 0 0 2.6 1.4000000000000001 3.8000000000000003 6 2.4000000000000004 2.8000000000000003 2 2.4000000000000004 1.6 2 0 3.2 0 1.6 6.6000000000000005 3.6 2.4000000000000004 0 0 0 0 0 0 2.6 0 1.8 2 0 0 0 0 0 0 0 0 0 0 0 0 0 0 0 0 2.8000000000000003 0 0 0 0 0 0 0 0 0 0 0 0 0 0 0 0 0 3.4000000000000004 0 0 0 0.6000000000000001 0 0 0 0 0 0 0 1.6 0.4 0.4 15.600000000000001 0 0.4 2.6 0 0 0.4 0 0 0 0 0 0 0 0 0 0 0 0 0 0.4 0 0 0 0 0 0 0 0 0 0 0 0 
 0.8 0.4 0.4 0.4 0.4 31.200000000000003 0.4 0.4 0.4 0.4 0.8 1 0.4 0 0.4 0.4 0.4 0.6000000000000001 1 0.4 36 34.800000000000004 0 50.2 22.200000000000003 11.200000000000001 31.8 51.2 14.8 42 40 27.6 11.200000000000001 62.400000000000006 29.8 44 8.4 25.200000000000003 60.400000000000006 22.8 1.2000000000000002 0 0 0.4 0.6000000000000001 0.6000000000000001 0 0 0 0.6000000000000001 0.4 2 14.600000000000001 0 0.4 12.600000000000001 0 0 0.4 12.200000000000001 0 0 0 0.6000000000000001 0.6000000000000001 0 0 1.2000000000000002 0 0 0.6000000000000001 0 0 1.8 0.4 1.2000000000000002 0 0.6000000000000001 0 0 0 0 0 0 0 0 0 0 0 0 0.2 0.4 0 0 0 0 0 0 0 0 1.6 0 0 3 0 0.4 5.6000000000000005 0 0.4 1.8 0 4.2 0 5.800000000000001 6.6000000000000005 6.2 5 6 0 2.4000000000000004 0 0 0.4 0 0 0 0 0.2 3.6 0 0 0 0 0 0 0 0 0 5.2 0.2 0 0 0 2.2 0.4 0 1.6 0 0 0 0 0 0 0 0 0 0 0 0 0 0 0.8 0 0 0 0 0 0 0.2 0 0 0 0 0 1.6 1 0 0 0 0 2 5.2 4.6000000000000005 6 0.6000000000000001 3 3.8000000000000003 3.4000000000000004 8 6.6000000000000005 0 5.4 0 2.6 2.4000000000000004 5.800000000000001 4.800000000000001 6 0 0.2 2.8000000000000003 1.8 0 0 3.6 0 1.6 0 0 0 0 0 0 0 0 0 0 0 0 0 0 0 0 0 0 2.4000000000000004 0.4 0 0 0 0 0 0 0 0 0 0 0.4 0 0 0 0 0 0 0 0.2 0 0 0 0 0 0 0 0 2.2 0 0 15.200000000000001 0 0.4 0 0 0 0 0 0 0 0 0 0 0 0 0 0 0 0 0 0 0 0 0 0.4 0 0 0 4.4 3 0 0 0 
 0.8 0 0 0 0 0.4 0 0 0.4 0 0 0 0 0 0 0 0 0.6000000000000001 0 0 12 27.400000000000002 50.2 0 21.8 37.6 14.600000000000001 6.6000000000000005 29 41.2 25 83.80000000000001 50.6 11.8 33.800000000000004 40.800000000000004 83.4 13.600000000000001 14.200000000000001 15.4 12.4 0 0 0 0.6000000000000001 0 0 0 0 0.4 0 0.4 18.6 0 0.2 0 0 0 1.2000000000000002 0.2 0.4 0 0 0 1.6 0 0.4 0.4 0 0 2 0.4 0 0.6000000000000001 0 0.6000000000000001 0 0.6000000000000001 0.4 0 0 0 0 0.2 0 0 0 0 0 0 0 0 0 0 0 0 0 0 0 0 0 0 1.8 0 4.2 0.4 0 0 0 2 6 2.2 0 0 0 3 0.2 2.2 0 0 0.2 1.4000000000000001 2 0 0 0 7.800000000000001 1.6 5.4 0 0 0 7.6000000000000005 1.8 0 0 0 2 9.600000000000001 0 3 0 1.4000000000000001 3.2 0 0 0 0 0 0 0 0 0 0 0 0 0 0 0 0 2 1 0 0 0 0 0 0 0 0 0 0 0 0 2.8000000000000003 0.8 0 0 0 0 0 2.4000000000000004 7.800000000000001 3.2 1.8 0 0 0 1.8 2.4000000000000004 5.2 6.4 0 0 0 6.6000000000000005 0 4.4 0 0 5.4 1.6 0 0 0 0 7.4 0.6000000000000001 3 0 0 0 8.4 3.6 0.6000000000000001 0 0 0 3 7.2 0 0 0 0 0 0 0 0 0 0 0 0 0 0 0 0 0 0 0 0 0 0 0 0 0 0.2 0 0 0 0 0 0 0 0 0.8 0 0 2 2 0 0.2 0.4 0 0 0 0 0 0 0 0 0 0 0 0 0 0 0 0 0 0 0 0 0 0 0 0 0 0 0 0 
 0 0 0 0.4 0 0.4 0 0 0 0 0 0 0 0.2 0.2 0 0 0.4 0.8 0 24 68 22.200000000000003 21.8 0 92.80000000000001 22.6 21 31.400000000000002 35 34.800000000000004 22.6 10.8 19.8 26.400000000000002 19.6 54.2 62.6 12.8 15.200000000000001 13 0 0 0 0.6000000000000001 0 0 0 0 14.8 1.4000000000000001 0.4 0 0 0.4 6.4 0 0 10.600000000000001 24.8 0 0 0 0 0.6000000000000001 0 0 0.4 0 0 0.6000000000000001 0 7.2 0.4 0 0.6000000000000001 0 0.8 0 0.2 0 0 0 0 0 0 0 0 0 0 0 0 0 0 0 0 0 0.4 0 0 0 0 3.6 5 3.8000000000000003 0.4 0 1.8 0 3.2 1.2000000000000002 0 0 0.2 0 2.8000000000000003 0 0.2 0 0 0 0 2.4000000000000004 3.8000000000000003 0 0 2.6 1 5 0 0 0 16.2 1.8 4.800000000000001 2.2 2 7 13.600000000000001 6 0 0 0 1 0 0 0.4 0 0 0 0 0 0 0 0 0 0 0 0 0 0 1 0 0 0 0 0 0 0 0 0 0 0.2 0 1.6 1 0 0 0 0 0 2.8000000000000003 3 2 2.6 1.6 0 0 0 2.6 6 6.4 0 0 0 0 1.6 2 0 1.2000000000000002 5.800000000000001 7.800000000000001 0 0 0.2 0 10.600000000000001 6.800000000000001 2.4000000000000004 2.6 2.4000000000000004 0 2.8000000000000003 0 0.2 3.8000000000000003 2.2 0.2 1.2000000000000002 7.2 0 0 0 0 0 0 2.2 0 0 0 0 0 0 0 0 0 0 0 0 0 0 0 0.2 0 0 0 0 0 0 0 0 0 0 0 3 0.4 0.4 15.600000000000001 1 0.4 0.4 0 0 0 0 0 0 0 0 0 0 0 0 0 0 0 0 0 0 0.4 0 0 0 0 0 0 0 0 0 0 
 0.2 0.2 0 0 0 1 0 0.4 0.4 0 0 0 0.2 0 0 0.2 0 0 0 0.2 29.8 20.6 11.200000000000001 37.6 92.80000000000001 0 5.6000000000000005 18 9.600000000000001 26.8 28.8 82 5.6000000000000005 6.6000000000000005 12.8 25.8 13.600000000000001 26.8 12.4 10.200000000000001 0 0 0 12.600000000000001 0.6000000000000001 0 0 0 0 0.4 0 0.4 14.600000000000001 1 0.4 0 0 0 1 12.200000000000001 0 0 0 0 1.4000000000000001 0 0 0 0 0 5.2 0 0 0.4 0 0.6000000000000001 0 0.6000000000000001 0.8 0 0 0 0 0 0 0 4.800000000000001 0 0 0 0 0 0 0 0 0 0 0 0 0 0 0 0 4.6000000000000005 2.8000000000000003 0 0 0 2.4000000000000004 0 0 6.4 0 0 0 2 2 2.2 0 0 0 0 0 0 0 0 2.4000000000000004 3.4000000000000004 5.6000000000000005 0 0 0 4.4 2 0 0 0 4.4 7.800000000000001 3.4000000000000004 0 0 0 9.4 0 0 2.4000000000000004 0 0 0 0 1.8 1.4000000000000001 0 0 0 0 0 0 0 0 1.2000000000000002 0 0 0 0 0 0 0 0 0 0 0 0 1.4000000000000001 0.8 0 0 0 0 2.8000000000000003 3 2 1.4000000000000001 1.2000000000000002 5.2 0 0 0 5 2.4000000000000004 6.6000000000000005 0 0 0.2 2.2 0 5.4 0 0 6.800000000000001 3.4000000000000004 0 0 0 0 5.2 4.2 2.6 0 0 0 2.8000000000000003 0 0.2 0 0 1.8 6.4 4.6000000000000005 0 0 0 0 0 0 0 0 0 0 0 6.800000000000001 0 0 0 0 0 0 0 0 0 0 0 0 0 0 0 0 0 0 0 0.4 0 0 1.6 0 0.2 15 0 0 0.2 0.2 0 0 0 0 0 0 0 0.2 0 0 0 0 0 0 0 0 0 0 0 0 0 0 0 0 0 0 0 0 
 0.6000000000000001 0.6000000000000001 0.4 0.6000000000000001 15.8 50.400000000000006 0.6000000000000001 0.6000000000000001 1.4000000000000001 0.8 0.4 0.6000000000000001 0.6000000000000001 0.6000000000000001 0.8 0.6000000000000001 0.4 0.4 1 1 15.4 33.6 31.8 14.600000000000001 22.6 5.6000000000000005 0 82.80000000000001 27.200000000000003 28.6 83 6 22.200000000000003 59.2 34.4 63.800000000000004 24 6.2 29 47.400000000000006 0.6000000000000001 0 0 0 0.6000000000000001 0 0 0 0 0.6000000000000001 0 3.2 0 0 0.4 13.600000000000001 0 0 0.6000000000000001 0 0 0 0 0 0.6000000000000001 0 0 6.2 0 0 0.6000000000000001 0 0 2 0 0.6000000000000001 0 0.6000000000000001 0 0 0 0 0 0.4 0.4 0 0 0 0 0 0 0.2 0 0 0 0 0 0 0 0 0 2.2 1.8 2.8000000000000003 0 0 11 0.2 6.6000000000000005 0.2 2.6 0.4 4.800000000000001 9.4 8.8 4.800000000000001 4.6000000000000005 2.4000000000000004 0 2.6 0 0 0 0 0 0 0 0 0 0.2 0.2 0 0 0 0 0 0 0 0 0 0 0 0 0 0 0 0 0 0 0 0 0 0.2 0 0 0 0 0 0.4 0 0 0 0 0 0 0 0 0 0 0 0 0 0 0.6000000000000001 0 0 0 0 0 0 0 22.6 4 5.4 0 2 9.8 2.6 9.4 1.4000000000000001 0 0.2 1.4000000000000001 3.8000000000000003 7.800000000000001 5 12.200000000000001 2.6 3 1.8 0 0 0 0 5.2 0 0.4 0 0 0 0 0 0.4 0 0 0 0 0 0.4 0 0 0 0 0 0 0 0 0 0 0 0 0 0 0 0 0 0 0 0 0 0 0 0 0 0 0.2 0 0 0 0 0 0 0 0 1 0.6000000000000001 0 0 0 1 0.4 0 0 0.2 0 0 0 0 0 0 0 0.4 0 0 0 0 0 0 0 0 0 0 0 0 0 2.6 2.8000000000000003 0 0 0 
 0.4 0 0 0.8 0.2 57.400000000000006 0 0 0 0.2 0 0 0 0 0 0.2 0 0.4 0.2 0 49.2 17.2 51.2 6.6000000000000005 21 18 82.80000000000001 0 13 7.4 36.800000000000004 5.6000000000000005 33.6 43.6 32.2 50.400000000000006 9.8 78.2 46.6 55.800000000000004 0.4 0 0 0 0.6000000000000001 0 0 0 0 0.6000000000000001 0 1.6 0 0 0.4 12.600000000000001 0 0 0.4 0 0.2 0 0 0 0.6000000000000001 0 0 0.6000000000000001 0 0 0.6000000000000001 0 0 1.4000000000000001 0 0.6000000000000001 0 0.6000000000000001 0 0 0 0 0 0 0 0 2.6 0 0 0 0 0.2 0 0 0 0.2 0 0 0 0 0 0 2.2 2.2 0 0 4.4 4 0.4 4.6000000000000005 3.4000000000000004 0 1.8 4.2 6.6000000000000005 7.2 2.8000000000000003 3.8000000000000003 0.2 3.2 0 2.6 0 0.4 0.2 0 3 0 0 0 0 0 0 0 0 0 0.4 0 0 0.2 0 0 0 0 0 0.4 0 0 0 0 0 0 0 0 0 0 0 0 0.2 0 0 0 0 0 0.2 0 0 0 0 0 0 0.2 0 0.8 0 0 0 0 0 0 0.6000000000000001 1.4000000000000001 10.200000000000001 9.4 2.2 1.6 5 3.6 11.8 0.2 4.2 0 0 5 3.2 7.6000000000000005 6.2 1.6 2.6 5.800000000000001 0 0 0 0 3 0 0 0 0 0 0 0 0 0 0 0 0 0.2 0 0 0 0 0 0 0 0 0 0 0 0 0 2.4000000000000004 0 0 0 0 0 0 0 0 0 0 0 0 0 0 0 0 0 0 0 0.4 0 0 2.6 0.4 0 0 0 0 0 2.8000000000000003 0 0 0 0 0 0 0 0 0 0 0 0 0 0 0 0 0 0 0 3.6 0 0 0 4 2.6 0 0 0 
 0 0 0 0.6000000000000001 0 0 0 0 0 0.6000000000000001 0 0 0 0 0 0 0 0 0 0 8.200000000000001 38.400000000000006 14.8 29 31.400000000000002 9.600000000000001 27.200000000000003 13 0 64 22.6 35.4 12.4 46.2 97 63.6 36.800000000000004 30.200000000000003 40.800000000000004 15 0.4 0.8 0 0 0.6000000000000001 0 0.6000000000000001 0 0.4 0.4 0.6000000000000001 0.8 11.600000000000001 0 0.8 0 0 0 13.8 12.600000000000001 0.2 0 0.4 0.2 1 0.6000000000000001 0 8 0.2 0.4 1 0 0 0.4 0.8 1.4000000000000001 1 1 0.8 0 0 0 0 0 0 0 0 0 0 0.2 0 0 0 0.2 0 0 0 0 0 0 0 5.2 1.2000000000000002 6.2 0 2.2 0 0 5.4 0 3.4000000000000004 14.8 0 9.200000000000001 0 2.4000000000000004 0.2 10.4 0 0 0 0 0 0 0 0 0 0 2.6 0 0.4 0 3.4000000000000004 0.2 0 0 0 0 4.6000000000000005 5.4 0 0 0 1.8 0 0 1 0 0 0 0 0 0 0 0 0 0 0 0 0 0 0 0 0 3 0 0 0 0 0 0 0 0 0 0 0 0 0 0 0 5.2 4.4 1.4000000000000001 0 4 17.2 0 2.8000000000000003 2 7.4 3.2 3.2 3.2 0.4 1.6 7.2 5.4 8.200000000000001 0 0 0.2 1.8 0.4 0 3.2 0 8.8 2 0 0 0 0 0 1.4000000000000001 0.4 0 0 0 0.2 0 0 3.6 0 0.4 0 0 0 1.8 0 0 0 0 0 0 0 0 0 0 0 0 0 0 0 0 0 0.4 0.2 0 0 0 0 0 0 0 1.2000000000000002 0 0.6000000000000001 15.4 0.2 0 3.4000000000000004 0 0 0 0 0 0 0 0 0 0 0 0 0 0 0 0.4 0.4 0 0 0 0 0 0 0 3.2 0 0 0 0 
 1.2000000000000002 0.6000000000000001 0.6000000000000001 0.6000000000000001 0.8 0.4 0.6000000000000001 0.4 0.4 0.6000000000000001 0.8 0.6000000000000001 0.4 0.4 0.6000000000000001 0.6000000000000001 1 1 0.6000000000000001 1 19.8 11.8 42 41.2 35 26.8 28.6 7.4 64 0 34 24.200000000000003 26 17.8 95 24 12 51.400000000000006 137.8 22.400000000000002 0.2 0 0 0 0.6000000000000001 0 0 0 0.4 0.4 0 0.4 0.4 6.2 0.4 0.2 41.6 0 1 12.600000000000001 5.4 0 0 0 1.4000000000000001 0 0 0.4 0 0 1.2000000000000002 0 0 1 5.2 1.8 0.4 0.6000000000000001 2.2 0 0 0 0 0 2.8000000000000003 0 0 0 0 0 0 0.2 0 0 0 0 0 0 0 0 2.4000000000000004 0 0.4 10.4 0 0 3.8000000000000003 5.4 6.4 3.8000000000000003 6.2 5.6000000000000005 0 1.8 0 3.6 1.6 20.200000000000003 0 0 0 2.6 0 0 0 0 3.8000000000000003 0 0 0 0 0 3 0 2.4000000000000004 1.6 0 0 3.2 1.6 0 0 0 3.4000000000000004 0 0 11.600000000000001 0 0 0 0 0 0 0 0 0 0 0 0 0 0 0.4 0 0 0 0 0 0 0 0 0.4 0 0 0 0.8 1.8 0 0 0 0.2 2 6.4 6.6000000000000005 2 12.600000000000001 9.200000000000001 0 2.2 4.6000000000000005 18.400000000000002 4 4.2 0 1.6 5.800000000000001 0 7.800000000000001 1.8 2.6 2 1.2000000000000002 0.2 0 0 0 0 2.6 2.4000000000000004 0 0 0 0 2.4000000000000004 3 0 0 0 0 0 0 0 0 0 0 0 0 0 0 0 0 0 3 0 0 0 0 0 0 0 0 0 0 0 0 0 0 0 0 0 0 0 0 0 0 4.2 0 0 30.6 16.8 0.4 0.4 0.4 0 0 0 0 2 0 0 0 0 0 0 0 0 0 0 0 0 0 0 0 0 5.800000000000001 0 2.2 0 0 0 1.6 
 0 0 0 0.2 0 30.6 0 0 0 0 0.4 0 0 0 0 0.4 0 0 0 0 40.800000000000004 49.2 40 25 34.800000000000004 28.8 83 36.800000000000004 22.6 34 0 11.600000000000001 41.400000000000006 47.400000000000006 13.200000000000001 34.4 15.8 53.6 59.2 73.60000000000001 4 0 0 0 0.6000000000000001 0 0 12.600000000000001 0 0.4 0 1.2000000000000002 13 24.8 0.2 0 0 0 13 12.4 0 0.6000000000000001 0 0 1.8 0 0 0 0 0 0.8 0 0 0.6000000000000001 0 0.6000000000000001 0 0.6000000000000001 0 0 0 0 0 0 0 0 0 0 0 0 0 0 0 0.4 0 0.4 0 0 0 0 0 0 0.4 0.2 2 4.2 3.6 2 0 4.6000000000000005 1.4000000000000001 0 0 0.2 3.8000000000000003 2.2 1 3.6 0 2.8000000000000003 0 0 0 0 0 0 4.6000000000000005 3 2 0 0 0 9.8 1.8 0 1.8 0 0.4 12 3.6 0 0 0 0 0 0 0 0 0 0 0 0 0 0 3.2 0 0 0.4 0 0.2 0 0 0 0 0 0 0 0 0 0 0 0.2 0 0 0.2 0 0 0 0 0 0.6000000000000001 2.8000000000000003 0.2 7.4 4.2 3.2 3.8000000000000003 3.6 0 2.2 3.6 0 0 9.4 6.4 7 4.6000000000000005 0 0 1.6 1 0 0 0 4.2 0 0.2 2.4000000000000004 0.4 1.4000000000000001 0 0 2.2 2.4000000000000004 0 0 0 0 6.4 1.8 0 0 0 0 0 0 0 0 0 0 3 0 0 0 0 0 0 0 0 0.2 0 0 0 0 0 0 0 0 0 0 0 0 0 0 2.2 0 0.6000000000000001 0.8 7.800000000000001 0 0 3 0 0 0 0 0 0 0 0 0 0 0 0 0 0 0 0 0 0 0 0.2 0 0 0 10.8 0 0 0 0 
 0 0 0 0 0.6000000000000001 0.4 0.4 0 0 0 1.6 0 0 0 0 0 0.2 0.4 0 0 16.8 20.200000000000003 27.6 83.80000000000001 22.6 82 6 5.6000000000000005 35.4 24.200000000000003 11.600000000000001 0 21 24 8.4 20.400000000000002 36.2 11.600000000000001 53.2 7.4 18.400000000000002 0.2 0 0 0.6000000000000001 0 0 0 0 0.4 12.600000000000001 0.4 28 12 11.200000000000001 12.4 0 0 1 3.4000000000000004 0.4 0 0 0 5.800000000000001 0 0 0 0 0 1.2000000000000002 0 0 0.4 0 0.6000000000000001 0 0.6000000000000001 0 0 0.4 0 8.8 0 0 0.2 0 0 0 0 0 0 0 0 0 0 0 0 0 0 0 0 0 0 1.6 0 0 0 2.6 0 2.2 6 0 1.8 0 2 0 7.4 0 0 2.4000000000000004 6.6000000000000005 1.8 0 0 0 0 2.4000000000000004 5.2 0 1 0 2 1.4000000000000001 0 1.2000000000000002 1.4000000000000001 2 2.6 0 0 0 1.8 0.4 0 0 0 0 0 0 0 0 0 0 0 1 0 0 0 0 0 0 0 0 0 0 0 0.4 0 0 0 0 0 0 0 0 0 0 0.4 0 0 0 2.6 0 5.2 1.8 0 0 5 3.6 3.8000000000000003 7 1.2000000000000002 0 0 2 3.2 2.6 0 0 0 5 0 0 0 0 0 0 3.6 2 0 0 1.2000000000000002 5.4 2.6 0 1.2000000000000002 2.6 5.2 0 0 0 0 0 0 0 0 0 0 0 0 0 0 0 0 0 0 0 0 0 0 0 0 0 0 0 0 0 0 0 0 0 0.4 0 1.2000000000000002 0.6000000000000001 0.4 0.6000000000000001 8.4 0 2.8000000000000003 0 0 0 0 0 0 0 0 0 0 0 0 0 0 0 0 0 0 1.6 0 0 0 0 0 0 0 0 0 0 
