 0 43.400000000000006 58.2 67.4 70.8 5.800000000000001 61 52 21.400000000000002 32.800000000000004 10.600000000000001 25.8 11.4 30 97 8.8 5.2 27 52.800000000000004 7 0 15 0.2 0 0.6000000000000001 0.6000000000000001 0 0.4 0 0.6000000000000001 0 0 0 0 0 0.2 0.2 0.4 0.6000000000000001 0.2 0 0.6000000000000001 0 0 0.4 0 0 0 0.4 0 0 0.6000000000000001 0 0 0 0 0 12.8 0 0 0 0 0 10.4 6.2 0 0 0 0 0.4 0 0.8 1.2000000000000002 0 0.6000000000000001 0 0 0 1 0 5.4 2.8000000000000003 1.8 0 0 0 0 2.8000000000000003 2.8000000000000003 3.2 2.4000000000000004 0 5.6000000000000005 0 6.4 2 0 2.2 2.6 5.6000000000000005 9.600000000000001 0 0 0 0 0 0 0 0 0 0 0 0 0 0 0 0 0 0 0 0 4 0 0 0 0 0 0 0 0 0 4.800000000000001 0 0 0 0 0 0 0 0 0 0.4 0 0 0 0 0 0 0 0 0 0 0 0 0 0 0 0 0 0 0.2 7.2 0 3.8000000000000003 0 12.200000000000001 3.2 2.8000000000000003 3.2 2.2 0 0 0 0 1.8 0 2.6 0.2 0 1.4000000000000001 0 0 0 0 0 0 0 3 0 0 0 0 0 0 0 0 0 0 0 0 0 0 0 0 0 0 0 0 0.8 0 0 0 0 0 0 0 0 0 0 0 0 0 0 0 0 0 0 0.4 0 0 0 0 0 0 0 0 0 0 0 0 0 0.2 0 0 0 0 10.600000000000001 0 0.4 0.4 0 1.6 0 0 0 0 0 0 0 0 0 0 0 0 0 0 0 0 0 0 0 0 0 0 0 0 2.8000000000000003 0 0 0 0 0 0 0 0 0 0 0 0 0 
 43.400000000000006 0 56.2 31.200000000000003 5.2 23.200000000000003 46.2 63.2 47.2 8 8.8 24.6 12 91.80000000000001 44.800000000000004 8.4 71.60000000000001 14 33.4 9.600000000000001 0 0.4 15 0.2 0.6000000000000001 0.6000000000000001 0 0.4 0 0.6000000000000001 0 0 0 0 0.4 0 0 0.4 0.6000000000000001 0.2 0 0.6000000000000001 0 0 0.4 0 0 0 0.6000000000000001 0 0 0.6000000000000001 0.2 0.4 0 0 0 0.4 0 0 0 0 0 0 0 0 0 0 0 0 0 0.6000000000000001 0.6000000000000001 0 1.2000000000000002 0 0 0 0.4 0 6.2 0 1.8 5.4 1 0 0 0 1.2000000000000002 0 1.8 0 0 0.2 2.6 4.6000000000000005 0 3.2 3.2 0.4 0 0 0 0 0 0.4 0 0 0 0 0 0 3.8000000000000003 0 0 0 0 0 2.6 0 0 0 0 0 0 0 0 0 0 0 0 3.4000000000000004 0 0 0 0 0 0 0 0 0 2.2 0 0 0 0 0 0 0 0 0 0 0 0 0 0 0 0 0 0 6.4 5.6000000000000005 5.2 7 9 3.4000000000000004 0 3.6 9.4 13.4 14.4 1.4000000000000001 0 1.2000000000000002 3.2 2.6 12.8 9.200000000000001 0 2.6 0 0.2 0 0 2.4000000000000004 0 2.4000000000000004 0 0 0 0 0 0 0 0 0 3.2 0 0 14.4 0 0 7.2 0 0 0 0 0 2.8000000000000003 0 0 0 0 0 0 0 0 0 0 0 0 0 0 0 0 0 0 0 0 0 0 0 0 0 1.8 0 0 0 0 0 0 2 0 0 0 0.6000000000000001 17.8 0 1 0.4 0 1.4000000000000001 0 0 0 0 0.4 0 0 0 0 0 0 0 0 0 0 0 0 0 0 0 0 0 0 0 3 0 0 0 0 0 0 0 0 0 0 0 0 0 
 58.2 56.2 0 75.2 51.2 22.400000000000002 118.4 82.80000000000001 30.400000000000002 75.4 9.4 7.2 12 59.6 35.4 95.80000000000001 56.400000000000006 36.2 44 12.4 0 0.8 1 0 0.6000000000000001 0.6000000000000001 0 1 1 0.8 0.2 0 0 0.6000000000000001 1 0 14.8 0.4 0.6000000000000001 0.6000000000000001 0 1.4000000000000001 0.6000000000000001 0 0.4 0 0 0.4 0.8 0 0 0.6000000000000001 0 0.6000000000000001 0.4 0.6000000000000001 0 0.4 0 0.2 0 0.4 0.4 0 0 0.6000000000000001 0 0.4 0.4 0.2 0 0.6000000000000001 1 0.6000000000000001 1.8 0 0 1 0.8 0.4 2.8000000000000003 2.8000000000000003 0.2 0.4 0.2 0 5.800000000000001 0 2.2 0.4 5.4 5.2 0 0 2 4.2 3.4000000000000004 5.6000000000000005 8.6 14.4 0 1.4000000000000001 0 0 0 0.4 0 0 0 0 0 0 5 0 0 0 0.4 0 0 0 0 0 0 0 0 0 0 0 0 0 0 0 0 0.2 0 0 0 0 0 0 0.4 0 0 0 0.4 0 0 0 0.2 0 0 0 0 0 0 0 0 0 0 0 5.800000000000001 6.4 4.6000000000000005 0 0.6000000000000001 2.6 4.2 9.600000000000001 0 2.6 7.2 0 0 2.6 0.2 0.2 1.6 3.6 1 0 0 5.4 0 0 0 0 3 2 0 0 0 0.2 3.6 0 0 0 0 0 0 3.8000000000000003 0 0 0 0 0 0 0 0 0.2 0 0 0 0 0 0 0 0 0 0 0 0 0 0 0 0 0.4 0 0 0 0 0 0 0 0 0 0 0 0 0 0 0 0.6000000000000001 0 0 0 0 18.6 0 0.4 0.4 0.4 1.6 0.4 0 0 0 0 0.4 0 0 0 0 0 0 0 0.4 0 0 0 0 0 0 0 0 0 3.6 1.8 3 0 0 0 0 0 0 0 0 0 0 0 0.4 
 67.4 31.200000000000003 75.2 0 27.400000000000002 7.6000000000000005 38.2 27 51.800000000000004 43.2 19.6 10.4 112 83.4 31.6 28.6 30 27 72.4 50.6 0 0 0 0 0.4 0.6000000000000001 15.200000000000001 0.4 0 0.4 0 0 0 14.600000000000001 7.2 0 0 0.4 0.6000000000000001 0 0 0.6000000000000001 0 2 0.4 0 0 0 0.4 0 0 0.6000000000000001 0 0.2 0 0 0 0.6000000000000001 0 0 0 0 0 0 0 0 0 6.6000000000000005 0 0.6000000000000001 0 0.6000000000000001 0.6000000000000001 0 0.6000000000000001 0 0 0 0.4 0 0 0.4 0 1.6 8 3.4000000000000004 2.8000000000000003 0.4 0.8 0 21 5.6000000000000005 0.2 6 2.4000000000000004 2.8000000000000003 6.6000000000000005 5 8.4 2 0 2 0 0 0 0 2.2 0 0 0 0 0 5 0 0 2.2 0 0 2.6 0 0.4 0 0 0 0 0 0 0 0 0 0 0 0 0 4 0 0 0 0 0 0 0 0 0 0.2 0.4 0 0.4 0 0 0 0 0 0 0 0 0.2 0 0 0 3.8000000000000003 0.4 0 0.2 0 0 0 2.2 0 0 4 3 0.4 0.2 2.2 0.2 0 0 4.800000000000001 0 0 2.8000000000000003 0 0 0 0 3.8000000000000003 1.8 0 0 0 0.4 3.4000000000000004 0 0 0 0 0 2.6 2.2 0.4 0 0 0 0 0 0 0 0 0 0 0 0 0 0 2 0 0 0 0 0 0 0.4 0 0 0 0 0.4 0 0.2 0 0 0 0 0.2 0 0 0 0 0 0 0 0 0 0 0 18 0 0.2 0 3.6 2.2 2.8000000000000003 0 0 0 0 0 0 0 0 0 6 0 0 0 0 0 0 0 0 0 0 0 0 0.8 0 2.8000000000000003 0 0 0 0 0 0 0 0 0 0 0 0.2 
 70.8 5.2 51.2 27.400000000000002 0 13.200000000000001 14 35.800000000000004 29 43.6 32.4 26.6 12.8 11 15.200000000000001 102.4 7.2 28.6 110.2 32.4 14.8 29.8 11.8 0.4 0.6000000000000001 0.6000000000000001 0 0.4 0.4 0.8 0.2 0.6000000000000001 0.4 15.4 3.6 1.6 0.6000000000000001 0.4 3.6 6.4 0 0.6000000000000001 0 0.8 0.4 0.8 0 0 0.4 0 0 0.6000000000000001 0 0.4 0 0 0 0.4 0 0 0 0.4 0 0 0 0.6000000000000001 0 0 0 0.2 0 0.6000000000000001 8 0 1.8 0 0 0 0.6000000000000001 0 0 4 0.2 3.6 7.800000000000001 6.2 0 0 0 0.2 2.8000000000000003 3.2 2 0 0 0 0 2.8000000000000003 0 0 5.800000000000001 5.800000000000001 0 3.4000000000000004 0 0 7.6000000000000005 0 0 10.8 1 0 6.6000000000000005 2 0 7 4 0 7.2 6.4 0 0 0 0 3 0 0 0 0 0 0 0.4 0 0 0 0 0 0 0 0 0 0 0 0 0 0 0 0.4 0 0 0 0 0 0 0 0 0 0 0 0 0 0 0 0 0 0 0 0 0 0 0.4 0 0.2 0 0 0.2 1.2000000000000002 0 0 0 0.4 0 0 0 0 0 6.2 4.2 0.8 3.4000000000000004 0 0 0 8.4 0 3 0 2.8000000000000003 0 1.6 3.2 0 0 0 0 0.4 0 0 0 0 0 0 0 3 0 2.2 0 0 0 0 0 0 0 0 0 0 0 0 0 0.2 0 0 0 0 0 0 0 0 0 0 0 0 0 0 0 9.200000000000001 1.4000000000000001 0.4 0.8 27.200000000000003 0.6000000000000001 1.4000000000000001 0 0 0 4 0 0 0 0 0 0 3.6 0 0 0 0 0 0 0 0 0 0 0 0 0 3 0 0 0 0 0 0 0 0 0 0.2 0 0 0 
 5.800000000000001 23.200000000000003 22.400000000000002 7.6000000000000005 13.200000000000001 0 6 26 8.4 53.2 35.4 26 27.400000000000002 30.200000000000003 6.800000000000001 26.400000000000002 44.6 13.8 47.2 11.4 14.600000000000001 0.4 5.2 0 6.800000000000001 0.6000000000000001 30.6 5.6000000000000005 6.4 6 0 6.2 8.6 16.2 16.2 0 0 20 4 0.2 0 0.6000000000000001 0 0 0.4 0 0 0 0.6000000000000001 0 0 0.6000000000000001 3.6 0 1.2000000000000002 0 0 0.4 4.4 0 1 0.6000000000000001 0 0 0 0 0 0 0 0 0 0.6000000000000001 0.6000000000000001 0 1.8 0 0 0 0.4 0 0 0 0 3.4000000000000004 3.8000000000000003 0 0 2.8000000000000003 3.4000000000000004 0 0 11.600000000000001 0 0 0.4 3.6 0 0 0 0 0 4 0 3.8000000000000003 0 0 0 7.2 0 0 0 0 4 2 0.4 0 0 0 3.8000000000000003 2.6 0 0 0.4 0 0 0 0 0 0 0 0 0 0 0 0 0 0 0 0 0 0 0 0 0 0.2 0 0 0 0 0 0 0 0 0 0 0 0 0 0 0 0 0 2.4000000000000004 0 7.6000000000000005 11.4 1 0 0 0 2 4.6000000000000005 0 8.200000000000001 0 0 1.2000000000000002 5.4 0 0 3.4000000000000004 2.8000000000000003 0 0 2 0 8.200000000000001 0 0 0 0 2 0 0 0 3.2 0 0 4.6000000000000005 2.8000000000000003 0 0 0 0 0 0 0 0 0 0 0 0 0 0 0 0 0 0 0 0 0 0 0 4.2 0 0 0 0 0 0 0 0 0 0 0 0 0 0 0 0 0 0 0 0 0 1.2000000000000002 17.6 0 0.2 0.2 0.4 0.8 0 0 0 0 0 0 0 0 2 0 0.2 0 0 0 0 0 0 0 0 0 0 0 0 0 0 3.4000000000000004 0 0 0 0 0 0 0 0 0 0 0 0 
 61 46.2 118.4 38.2 14 6 0 112 44.2 8.6 24.8 26 39.400000000000006 50 64 77.60000000000001 44.400000000000006 38.800000000000004 31.6 10.600000000000001 0 0 0 40.6 0.6000000000000001 0.6000000000000001 0 0.4 0 0.8 0 1 0 0.4 40.6 0 0 0.4 0.8 0.2 0 0.6000000000000001 0 0 0.4 0 0 0 0.4 0 0 0.6000000000000001 0 0.4 0.6000000000000001 0 0 0.6000000000000001 0 0.6000000000000001 0 0 0 0 0 0 0 0 0 0.4 0 0.6000000000000001 0.6000000000000001 0 0.6000000000000001 0 0 0 0.6000000000000001 0 7 4.4 1.8 8.200000000000001 0 0 2.6 0 0 4.800000000000001 6.6000000000000005 1.4000000000000001 3 0.6000000000000001 0.2 8.6 7.6000000000000005 5.800000000000001 4.2 2.2 0 0 0 0 0 0 0 0 0 0 0 0 0.2 0 0 0 0 0 2 0 0 0 0 0 0 0 0 0 0 0 0 4.4 0 0 0 0 3.8000000000000003 0 0 0 0 0 0 0 0 0 0 0 2 0 0 0.2 0 0 0 0 0 0 0 0 7.4 7.2 0 6.6000000000000005 2 12.4 2 9 1.4000000000000001 8.200000000000001 0 3.2 0.2 1.4000000000000001 2.6 2 1.4000000000000001 0 0.2 3.2 0 0 0.4 0 0 0 0 0 0 0 0 0 0 0 0 0.2 0 0 3.8000000000000003 0 0 0 0 0 0 0 0 0 0 0 0 2 0 0 0 0 0 0 0 0 0 0 0 0 0 0 0 0 0.2 0 0 0 0.2 0 0 0 0 0 0 0 0 1.8 0 0 0.2 0.4 18 0.2 0.2 0.4 0.4 1 3 0 0 0 0 0 0 0 0 0 0 0 0 0 0 0 0 0 0 0 0 0 0 0 1 0 0 0 0 0 0 0 0 0 0 0 0 0 
 52 63.2 82.80000000000001 27 35.800000000000004 26 112 0 39.6 37.4 52.400000000000006 40.400000000000006 17.2 26.400000000000002 34.800000000000004 54.800000000000004 24.6 27.200000000000003 40.400000000000006 28.400000000000002 0 0.2 0.8 0.2 1.2000000000000002 9.4 0 0.4 0.4 0.6000000000000001 0 0 14.8 14.4 0 0.4 0 0.4 15.4 0 0 0.6000000000000001 0 0 0.4 0 0 0.4 0.4 0 0 0.6000000000000001 2.6 0.2 0 0.6000000000000001 0 0.4 0 0 0 0.8 0 0.2 0 0 0 0 0 0.4 0.2 0.6000000000000001 0.6000000000000001 0 0.6000000000000001 0 0 0 0.4 0 2.6 2.2 5.2 4 0.2 0 3.4000000000000004 4.4 3.6 0 0.2 1.4000000000000001 2.6 1.2000000000000002 4.800000000000001 0 2 2.6 4.4 2.8000000000000003 0 0 0 0.2 0 0 0.2 0.2 0 0 0 0 1 0.2 0 0 0 0 2.2 0 0 0.4 0 0.2 0 4.2 0 0 0 0 0 3 0 0 0.4 0 0 0 0 0 0 0 0 0 0 0 0 0 0 3.2 0 0 0 0 0 0 0 0 0 0.2 6 0 0.2 8.200000000000001 0 2.6 2.8000000000000003 0 15.8 7.6000000000000005 1.6 3.8000000000000003 0 0 2.6 3.2 3 6 1.8 2.6 0 0 0 0 0 0.4 2.4000000000000004 0 0.2 0 0 0 0 0 0 1.8 0 0 0 0 0 0 0 0 0 0 0 0 0 0 0 0 0 0 0 0.6000000000000001 0 0 0 0 0 0 0 0 0.4 0 0 0 0 0 0 0 0 0 0 0 0.2 0.2 0 5.2 0 0.2 0 0 0 0 18.6 0 0 10.200000000000001 3.4000000000000004 1.6 0 0 0 0 0 0 0 0 0 0 0.2 0 0 0 0 0 0 0 0 0 0 0 0 0 0 0 0 0 0 0 0 0 0 0 0 0 0 2.6 
 21.400000000000002 47.2 30.400000000000002 51.800000000000004 29 8.4 44.2 39.6 0 44.2 47.2 47.400000000000006 62 105.2 59 14.600000000000001 44.400000000000006 67 17.8 18.400000000000002 0 0 0 0 0.6000000000000001 0.6000000000000001 16.2 0.4 0 1 0 12.200000000000001 0 0.2 0 15.200000000000001 0 0.4 0.4 0 0 0.6000000000000001 0 0 0.4 0.2 7.6000000000000005 0 0.6000000000000001 0 0 0.6000000000000001 0 0.2 0 0 0 0.4 0 0 0 0.4 0 0 0 0 0 0 0 0 0 0.6000000000000001 0.6000000000000001 0 0.4 0 0 0 1 0 0 3.2 10.8 2.2 5.4 0 0 2 6.2 5.2 2.8000000000000003 2.2 0 2.2 0 2 0.2 5 0 3 0 0 0 0 0 0 0.8 0 0 0 0.2 0 3.2 0 0 0 0 0 0 0 0 0 2.6 0 0 0.2 0 0.4 0 0 0 1.8 0 0 0 0 0 0 0 0 0 0 0 0 0 0 0 0 4 0 0 0 0.2 0 0 0.4 0 0.2 0 0 0 5.4 0.8 3.4000000000000004 6.2 6.4 2.4000000000000004 11.8 2.8000000000000003 5.2 5.6000000000000005 5.4 0 3 3.8000000000000003 7.6000000000000005 11 0.8 0 0 0 0 0 0 0 0 1.4000000000000001 0 0 0 0 0 0 0 0 0.2 0 0.4 15.4 2 0 0 0 0 0 0 0 0 1.4000000000000001 0 0.4 0 0 0 0 0.2 0 0 0 0 0 0 0 0 0 0 0 0 0 0 0 2.6 0 0 0 0 0 0 0 0 0 0 0 0 0 0 3.8000000000000003 0.2 18.2 1.4000000000000001 0 1 0.2 0 0 0 0 0 0 0 0 0 0 0 0 0 0 0 0 0 0 0 0 0 0 2 0 0 0 0 0 0 0 0 0 0 0 0 0 0.2 
 32.800000000000004 8 75.4 43.2 43.6 53.2 8.6 37.4 44.2 0 34.2 9.4 27.6 38.2 15.600000000000001 17.8 64.60000000000001 40 43.6 36.6 0 0.2 1.6 0 0.8 0.6000000000000001 7.2 0.4 0 0.4 0 0.6000000000000001 30.200000000000003 0.6000000000000001 1 0 0 0.4 15.4 0 0 0.6000000000000001 0 0 0.4 0 0 0.4 0.4 0 0 0.6000000000000001 0.4 0.2 0 1 0.4 0.6000000000000001 0 0 0.6000000000000001 1.2000000000000002 0 0 0 0 0.6000000000000001 0 0.2 0.6000000000000001 0 0.6000000000000001 0.8 0 2.8000000000000003 0 0 0 0.4 0 0 3.2 4.6000000000000005 1.8 3.2 0 3.6 2.2 8.4 0 0 6.2 0 1.2000000000000002 0 2.4000000000000004 2 2 3 0 0 0 0 0 0 2.2 6.4 0 0 0 0 0 4 0.8 0 0 0 0 2.8000000000000003 0 0 0 0 0 0 0 0 1.2000000000000002 0 0 0 2.8000000000000003 0 0 0 0 0 0 0 0 0 0 0 0 0 0 0 0 0 0 0 0.8 4.4 0 0 0 0 0.4 0 0 2.8000000000000003 0 1.6 3 0.2 5.4 3.8000000000000003 0 2.6 5.2 7.4 9.4 0.2 3.2 5 0 5.2 5.800000000000001 1.8 0 1.8 2.6 0 0 0 0 4.2 0 0 0 0 0 0 0 2.8000000000000003 2.4000000000000004 0 0 1.6 0 0 0 0 0 0 0 0 0 0 0 0 0 0 0 0 0.2 0 0 0.4 0 0 0 0 0 0 0 0 2 0.4 0 0 0 0.4 0.4 0 0 0 0 0 0 0 0 0 0 0.4 0 35 0 0.4 18.6 3.4000000000000004 2.6 0 0 0.2 0 0 0 0 0 0 0 0 0 0 0 0 0 0 0 0 0 0 0 0 0 0 3.4000000000000004 0 0 0 0 0 0 0 0 0 0 0 0 
 10.600000000000001 8.8 9.4 19.6 32.4 35.4 24.8 52.400000000000006 47.2 34.2 0 77.2 28 30.6 53.400000000000006 30.8 17.2 7 10 15.8 0 0.2 0.6000000000000001 42.2 1 1.2000000000000002 0.6000000000000001 0.8 0.8 1.4000000000000001 0.2 0.2 0 20.400000000000002 23.400000000000002 0 41.6 42 0.6000000000000001 0 4.4 5 0.2 0.6000000000000001 0.8 0 0.2 3.4000000000000004 0.4 0 0 0.6000000000000001 0.4 0.2 0 0.6000000000000001 1.2000000000000002 0.4 0 0.2 0 1.2000000000000002 0 0 0 0 0.6000000000000001 0 0.2 8.4 0 0.6000000000000001 0.8 0.6000000000000001 0.6000000000000001 0 0 0 0.4 0 0 0.4 2.6 4.2 5.2 3.8000000000000003 0 0.8 4 0 5 3 0 4.800000000000001 0 2.4000000000000004 1.4000000000000001 3.4000000000000004 0 0 6.2 0.2 0 0.2 0 0 7.800000000000001 0 5.4 0 0 0 4.6000000000000005 0.2 0 2.4000000000000004 0 0 2.4000000000000004 0.2 0 0 0 0 0 0 0 0 0 0 0 0.4 0 0 0 0 0 0 0 0 0 0 0 0 0 0 0 0 0.8 0 0 0 0 0 0 0 0 0 0 0 0 1.4000000000000001 2.6 0 5.800000000000001 3.2 4.800000000000001 2 0 0 0.2 4.4 0 3.6 2.6 7.6000000000000005 0 0 0 0 0.4 0 2.2 0 0 0 0 0 0 0 0 0 2 2 0 0 0 0 3.4000000000000004 0 0 0 0 0.4 0 0.4 0 0 0 0 0 0 0 0 0 0 0 0 0 0 0 0 0 0 0.4 0 0 0 0 0 0 0 0 0 0 0 0 0 0 0 0 0 0 0 0 0 1.2000000000000002 0.2 0 0.4 0 1 3 0 0 0 0.2 0.2 0 0 0.2 0 2.4000000000000004 0 0 0 0 0 0 0 0 2.2 0 0 0 0.2 0 0.2 0 0 0 0 0 0 0 0 0 0 0 0 
 25.8 24.6 7.2 10.4 26.6 26 26 40.400000000000006 47.400000000000006 9.4 77.2 0 48.6 31.200000000000003 28.400000000000002 74.2 16.400000000000002 16.6 34.4 50.400000000000006 0.2 14.600000000000001 14.4 0 0.6000000000000001 0.6000000000000001 0.2 0.4 0 0.6000000000000001 0.4 0.4 29.400000000000002 0 0 0 0.2 0.4 15 14.8 0 0.6000000000000001 0 0 0.4 0 0 0 0.4 0 0 0.6000000000000001 1.2000000000000002 0.2 0 0 0 0.4 0 0 0.2 0 0 5.2 0 0 0 0 0 0.4 0 0.6000000000000001 0.6000000000000001 0.4 0.6000000000000001 0 0 0 0.4 0 3.6 2.8000000000000003 8.200000000000001 3.6 0 1.6 0 0 2.2 0 0 4.2 0 0 0 2 0 5.2 0 0 4.6000000000000005 1.6 0 0 0 0 4.2 0 2 3 0 0.2 0.8 0 0.2 0 1.6 0 2.4000000000000004 2 0 0 0.2 0 0 0 0 0 0 0 0 2.8000000000000003 0 0 0 0 0 0 0 0 0 0 0 0 0 0 0 0 2.4000000000000004 0 0 0 0 0 0 0 0 0 0 0 0.2 1.8 0 10.600000000000001 4.800000000000001 2.6 2.8000000000000003 2 2.6 10.4 0 3.6 0 2.8000000000000003 3.2 20.200000000000003 1.6 3 3 2.6 0 0 3.2 0 0 0 0 6 0 0 0 0 3.2 0 3 4 0 2.8000000000000003 0 0.4 0 0 0 0 0 0 0 0 0 0 0 0 0 0 0 0 0 0 3.6 0 0 0 0 0 0 0.2 0 0 0 0 0 0 0 0 0 0 0 0 0.4 0 0 0.2 0 0 0 0.4 18.6 0.4 26.6 18.2 0.4 0.6000000000000001 0 0 0 0 0 0 0 0 0 0 0 0 0 0 0 0 0 0 0 0 0 0 0 0 0 0 0 0 0 0 0 0 0 0 0 0 0 0 
 11.4 12 12 112 12.8 27.400000000000002 39.400000000000006 17.2 62 27.6 28 48.6 0 60.400000000000006 27 7.2 12.200000000000001 10.8 23.200000000000003 10.600000000000001 0 0.2 0 0 0.6000000000000001 0.6000000000000001 0.4 0.4 0 0.6000000000000001 0 0 0 0.2 0 0 0 0.4 0.6000000000000001 0.4 0 0.6000000000000001 0 0 0.4 0 0 0 0.6000000000000001 0 0 0.6000000000000001 0 13 0 0 0 0.4 0 0 0 0 0 0 0 0 0.4 0 0 0 0 0.6000000000000001 0.6000000000000001 0 0.4 0.8 0 0 0.4 0 8.8 9 5 0 0 0 0 9.600000000000001 3.8000000000000003 3.4000000000000004 6.2 0 4.2 7.4 9.8 0.6000000000000001 4.6000000000000005 0 5 4 0 0 0 0 0 0 0 0 0 0 0 0.2 0 0 0 0 0 0 0 0 0 0 0 0 0 0 1 0 0 0 0 0 0 0 0 0 0 0 0 0 0 0 0 0.2 0 0 0 0 0 0 0 0 0 0 0 0 0 0 0.8 0 0.8 6.2 0 2.2 0 0 0 7.800000000000001 0 0 4.2 2 1.8 0 6 3 0 0 2 4.800000000000001 0 0 0 0 0 0 0.2 0 0 0 0 0 0 0 0 0 0.2 0 5.2 0 0 0 0 0 0 0 0 0 0 0 0 0 0 0 0 0 0 0 0 0 0 0 0 0 0 0 0 0 0 0 0 0 0 0 0 0 0 0 0 0 0 0.2 0 0 0 0 0 0.4 0.4 0 0.4 2 4.6000000000000005 0 0 0 0 0 0 0 0 0 0 0 0 0 0 0 0 0 0 0 0 0.4 0 0.2 0 0 0 0 0 0 0 0 0 0 0 0 0 0 
 30 91.80000000000001 59.6 83.4 11 30.200000000000003 50 26.400000000000002 105.2 38.2 30.6 31.200000000000003 60.400000000000006 0 70.4 47.2 107 40.6 41.2 15.200000000000001 0.4 0 0 0 0.6000000000000001 1 0 0.6000000000000001 0 0.4 0 0 0 0 0 0 0 0.4 0.8 0.2 0 0.6000000000000001 0 0 0.4 0 0 0 0.4 0 0 0.6000000000000001 0.4 0.4 0 0 0 0.6000000000000001 0 0 0 0 0 0 0 0 0 0 0 0.6000000000000001 0 9.600000000000001 0.6000000000000001 0 0.6000000000000001 0 0 0 0.4 0 1.8 1.8 2.6 2 7 0 5.4 2.6 7.800000000000001 5.6000000000000005 0 1.2000000000000002 2.8000000000000003 3.2 0 9.200000000000001 8.4 5.6000000000000005 4.4 6.4 0 0 0 0 0 0 0 0 0 0 0 0 0 0 0 0 0 0 0 0 0 0 0 0 0 0 0 0 0 0 0 0 0.4 0 0 0 0 0 0 4.4 0 0 0 0 0 0 0 0 0.8 0 0 0 0 0 0 0 0 0 0 0 9.600000000000001 4 2.8000000000000003 1 6.4 4.6000000000000005 5.800000000000001 6.6000000000000005 7 2.2 0.4 6 0 5.6000000000000005 4.2 8.6 0.6000000000000001 2.6 0 0 0 0 0 0.4 0 0 0 3.2 0 0 0 0 0 0 0 0 0 0 4.4 0.2 0 0 0 0 0 0 0 0 2 0 0 0 0 0 6 0 0 0 0 0 0 0 0 0 0 4.2 0 0 0 0 0 0 0 0 0 0 0 0 0 0 0 1.2000000000000002 0 0 0 0.2 3 0.4 0.2 0 0 1.4000000000000001 0 0 0 0 0 0 0 0 0 0 0 0 0 0 0 0 0 0 0 0 0 0 0 2.2 4 0.2 0 0 0 0 0 0 0 0 0 0 0 0.2 
 97 44.800000000000004 35.4 31.6 15.200000000000001 6.800000000000001 64 34.800000000000004 59 15.600000000000001 53.400000000000006 28.400000000000002 27 70.4 0 19 25.200000000000003 43.400000000000006 53.800000000000004 42.800000000000004 0 0 0 0 0.6000000000000001 0.6000000000000001 0.4 0.4 0 0.6000000000000001 0.4 0.4 0 0.2 0 0 0.4 0.4 0.4 41.2 0 0.6000000000000001 0 0 0.4 0 0 0 0.6000000000000001 0.2 13 0.6000000000000001 0 3.6 0 0 0 0.4 0 0 0 0 0 0 0 0 0.2 0 0 0 0 0.6000000000000001 0.6000000000000001 0 0.4 0 0 0 0.4 0 8.6 0.2 2.2 2.2 0.2 0 3 3 0 0 1.8 0 6.800000000000001 2 6.6000000000000005 7 0 2.4000000000000004 2.4000000000000004 3.8000000000000003 0 0 0 0 0 0 0 0 0 0 0 0 0 0 0 0 0 0 2.2 0 0 0 0 0 0 0 0 0 0.2 0 0 0 0 0 0 0 0 0 0 0 0 0 0 0 0 0 0 0 3.4000000000000004 0 0 0 0 0 0 0 0 0 0 0 2 9.200000000000001 0 3.2 0 1.2000000000000002 6.800000000000001 7.2 4.4 1.8 0 0 0 0 0.8 3.4000000000000004 0 5 0 3.2 0 0 0 0 0 0.2 0 0 0 0 0.4 0 0 0 0 0 0 0 0 0 0 0 0 0 0 0 0 0 0 0 0 0.2 0 0 0 0 0 0 0 0 0 0 0 0.2 0 0 0 0 0 0 0 0 0 0 0 0 0 0 0 0 0 2.2 0 0 0 0.2 0.2 0.6000000000000001 0.8 0 0 2.4000000000000004 0 0 0 0 0 0 0 0 0 0 0 0 0 0 0 0 0 0.2 0 0 0 0 0 0 2.2 0 0 0 0 0 0 0 0 0 0 0 0 2 
 8.8 8.4 95.80000000000001 28.6 102.4 26.400000000000002 77.60000000000001 54.800000000000004 14.600000000000001 17.8 30.8 74.2 7.2 47.2 19 0 39.6 27.6 55.2 16.400000000000002 0 0 0 0 0.4 0.6000000000000001 0 0.4 0 0.4 0.2 0.4 15 16 0.4 0 0.2 0.4 15.8 0.4 0 0.8 0 0 0.4 0.4 0 0 0.4 0.4 0 0.6000000000000001 0.4 0.4 0 0.4 0 0.6000000000000001 0 0 0 0 0 0 0 0 0 0 0 0.6000000000000001 0 0.6000000000000001 0.6000000000000001 0 0.6000000000000001 0 0 0 0.4 0 2.8000000000000003 2.4000000000000004 0 4 5.800000000000001 0 2.6 0 7.6000000000000005 4.4 5.2 5.6000000000000005 3.2 14.200000000000001 0 4 8.4 0.8 0 0 0 1.8 0 0 0 0 2.4000000000000004 0 0 0 0 0 3.6 0 0 0 0 0.4 0 0 0 0 0 0 0 0 0 0 0 0 0 0 0 0 0 0 0 0 0 0 0 0 0 0 0.2 0 0 0 0 0 0 0 0 0 0 0 0.2 0 0 0 2.6 0 1 0 3.2 1.6 0.6000000000000001 2.8000000000000003 0 4 1.2000000000000002 7.4 0 1.8 6.4 0 0 6.4 4.2 0 0 2.2 0 0 0 0 8.6 1.8 0 0 0 0 3 0 0 2 0 0 3.6 1.6 0 0 0 0 0 0 0 0 3.8000000000000003 0 0 0 0 0 0 0 0 1.2000000000000002 0 0 0 4 0 0 0 0 0 0 0 0 0 0 0 0 0 0 0 0 0 0 0 0 0 0 0 0 17.6 0.4 0.2 0.2 0.4 1.4000000000000001 0 0 0 0 0 0 0 0.4 0 0 3 0 0 0 0 0 0 0 0 0 0 0 0 3.2 2 2.8000000000000003 0 0 0 0 0 0 0 0 0 0 0 0 
 5.2 71.60000000000001 56.400000000000006 30 7.2 44.6 44.400000000000006 24.6 44.400000000000006 64.60000000000001 17.2 16.400000000000002 12.200000000000001 107 25.200000000000003 39.6 0 25.8 31 7 0 0 0 0 0.6000000000000001 0.6000000000000001 15.200000000000001 0.4 0 0.6000000000000001 0 0 0 0 0 0.4 0 0.8 0.8 0.4 0 0.6000000000000001 0 0 0.4 0 0 0 0.4 0 0 0.6000000000000001 0 0.2 0 0 0 0.4 0 0 1.8 0 0 0 0 0 0 0 0 0.2 0 0.6000000000000001 0.6000000000000001 0 1.8 0 0 0 9.4 0 4 2.8000000000000003 5.4 3 3.4000000000000004 0.2 5.6000000000000005 2.8000000000000003 11.8 8.200000000000001 0 3.2 2.8000000000000003 2.8000000000000003 2.2 4 4.6000000000000005 3.2 6.2 2.2 0 0 0 0 0 0 0 0 0 0 0 0 0 0 0.4 0 0 0 4.2 0 0 0 0.4 0 0 0 0 0 0 0 0 0 0 0 0 0 0 0 0 0 0 0 0 0 0 0 0 0 0.8 0 0 3.6 0 0 0 0 0 0 0 0 5.4 0 2.6 0 10.4 15 10.200000000000001 0 0 0 5.800000000000001 1.8 0 6.2 0.2 10 2.4000000000000004 3.8000000000000003 0.2 0 4.2 4 0 0 0 0 0.2 0 0 0 0 0 0 0 0.2 1.6 0 0 1.2000000000000002 0 0 0 0 0 0 0 0 0 0 0 0 0 0 0 0 0 0 0 0 0 0 0 0 0 0 0 0 0 0 0 0 0 0 0 0 0 0 0 0.2 0 0 2 0 0 0 0.2 0 0 0 0.2 0.4 1.8 0 0 0 0 0 0 0 0 0 0 0 0 0 0 0 0 0 0 0 0 0 0 0 0.2 2.6 0.2 0 0 0 0 0 0 0 0 0 0 0 0.4 
 27 14 36.2 27 28.6 13.8 38.800000000000004 27.200000000000003 67 40 7 16.6 10.8 40.6 43.400000000000006 27.6 25.8 0 44.6 8.4 0.4 0.4 0.4 0.4 1 1 0.2 0.8 0.2 0.8 0.2 0.4 0.4 0 0.6000000000000001 0.4 0.4 0.4 1 0.4 0.2 0.6000000000000001 0.6000000000000001 8.6 0.4 0.6000000000000001 0 0 1 0 0 0.6000000000000001 0.2 0.2 0.8 0 0 0.8 0 0.4 0 0 0 0 0 0 0 0 0.4 0 0 8 1.8 0 0.4 0 0 0 0.6000000000000001 0.6000000000000001 3.6 4.800000000000001 6.2 4 0.8 0 3.6 0.2 3.6 0 0 3.4000000000000004 0.2 0 0 2 0.6000000000000001 4.6000000000000005 6.4 2.8000000000000003 0 0 0 0 0 0 0.2 0 0 0 0 0 1.2000000000000002 0 0 0 0 0 2.2 0 0.4 0 2.2 0 0 0 0 0 0 6.4 0 9.600000000000001 0 0 0 0 0 0 0 0 0 0 0 0 0 0.4 0 0.4 2 0 0 0 0 0 0 0 0 0 0 0 5.800000000000001 15.4 0 7.800000000000001 2.6 0 5.800000000000001 12.200000000000001 0 8.8 1.6 0 0.2 5 2.8000000000000003 3.2 2.8000000000000003 0 0.2 2.6 0 0 0 0 0 0 2.4000000000000004 0 0 0 0 0.4 0 0 0 0 0 0 0.2 0 0.4 0 0 0 0 0 0 0 0 0 0 0 0 0 0 5.6000000000000005 0 0 0 0 0 0 0.4 0 0 0 0 0 0 0.2 0 4.2 0 0 0.6000000000000001 2 0 0 0 0 0 2 0 0 0 18.2 17.400000000000002 7.4 0.4 11.200000000000001 0 0.4 0 0 0 0 0 0 0 0 0 0 0 0 0 0 0 0.4 0 0 0 0 0 0 0 0 0 0 0 0 0 0 0 0 0 0 0 0 0 0 
 52.800000000000004 33.4 44 72.4 110.2 47.2 31.6 40.400000000000006 17.8 43.6 10 34.4 23.200000000000003 41.2 53.800000000000004 55.2 31 44.6 0 18.6 0 0 0 0 0.6000000000000001 0.6000000000000001 1 0.4 0 0.6000000000000001 0.4 0.4 0 0.4 0 0 0.4 0.4 0.8 0.2 0 0.6000000000000001 0 0 0.4 0 0 0 0.6000000000000001 1 12.600000000000001 0.6000000000000001 0 0.6000000000000001 0 0 0 0.4 0 0 0 0 0 0 0 0 0 0 0 0 0 0.6000000000000001 0.6000000000000001 0.4 0.4 0 0 0 0.4 0 3.2 0 3.8000000000000003 1.2000000000000002 0 0 7.6000000000000005 6.2 7 4.4 0 0 0 2 2 0.2 3 2.4000000000000004 5.6000000000000005 2 0 0 0 0 0 0 0 0 0 0.4 0 0 0 0 0 0 0 0 0.6000000000000001 0 0 2.8000000000000003 0 0 0 0 0 0 0 0 0 1.2000000000000002 0 0 0 0 0 0 0 0 0 0 0 0 0 0 0 0 1 2.2 0 0 4.2 0 0.2 0 0 0.2 0 0 8.200000000000001 3.6 0 3.4000000000000004 0 0.2 2 3 0.8 4 2.4000000000000004 0 2.2 0 4.800000000000001 2.8000000000000003 0 9.200000000000001 5.800000000000001 4.6000000000000005 0 0 0.4 0 0 0 0 0 0 0 0 0 0 0 0 0 0 0 0 0 0 2 0 0 0 0 0 0 0 0 0 0 0 0 0 0 0 0 0.2 0 0 0 0 0 0 0 0 0 0.2 0 0 0 0 0.2 0 0 0 0 0 0 0 2 0 0 0.2 0.2 0 0.2 0.2 0.6000000000000001 4 0.8 0 0 0 0 0 0 0 0 0 0 0 0 0 0 0 0 0 0 0 0 0 0 0 0 0 0 0 0 0 0 0 0 0 0 0 0 0 0 
 7 9.600000000000001 12.4 50.6 32.4 11.4 10.600000000000001 28.400000000000002 18.400000000000002 36.6 15.8 50.400000000000006 10.600000000000001 15.200000000000001 42.800000000000004 16.400000000000002 7 8.4 18.6 0 0 0 0 0 0.6000000000000001 0.6000000000000001 0.2 0.4 0 1.2000000000000002 0 0 0 0 0 0 0.4 7.4 0.6000000000000001 0 0.4 0.6000000000000001 0.8 0 0.4 0 0 0 1 0 0 0.6000000000000001 0 0.4 0 0 0 0.4 0 0.2 0 0 0 0 0 0 0 0.2 0 0.4 0 0.6000000000000001 0.6000000000000001 0 0.6000000000000001 0.4 0 0 0.4 0.8 2.6 0 0 0 2.2 0 2.6 0 0 0 3.4000000000000004 0 0.2 0 4.800000000000001 0 0 1.8 4 5.800000000000001 0 0 0 0 0 0 0 0 0 0 0 0 1.8 0 0 0 0 0 0 0 0 0 0 2.2 0 0 0 0 0 0 0 0 0 0 0 0 0 0 0 3 0 0 0 0.4 0 0 1.8 0 0 0 0 0 0 0 0 0 0 0 0.8 0 2.4000000000000004 0 0 3 0 0 2.2 0 0 0 0 0 9 4.2 2.6 2.4000000000000004 1 0 1.8 0.4 0 0 0 0 0 0 0 0 0 0 0.4 0 0 0 0 0 0 0 0 0 0 0 0 0 0 0 0 0 0 0 0 0 0 0 0 2.2 0 0 0 0.2 0 0 0 0.2 0 0 0 0 0 0 0.2 0 4 0 0 0 3.2 0 0 0 0 0 0 0 0 0 0.4 0 0 0.2 0 3.2 0 0 0 0 0 0 0 0 0 0 0 0 0 0 0 0 0 0 0 0 0 0 0 0 0 0 0 0 0 0 0 0 0 0 0 0 0 0.4 
 0 0 0 0 14.8 14.600000000000001 0 0 0 0 0 0.2 0 0.4 0 0 0 0.4 0 0 0 43.800000000000004 27 9 20.400000000000002 19.8 12.600000000000001 9.4 4.800000000000001 8 28.400000000000002 7 12.8 12.200000000000001 21.6 31.6 6.6000000000000005 6.4 40.400000000000006 40.800000000000004 0 0 0.6000000000000001 0.6000000000000001 0 0 0.6000000000000001 0.6000000000000001 0.4 0.2 0.4 0 0 0.6000000000000001 0 0.2 0.8 0.4 0 2.8000000000000003 0 0 0 0 0 0.2 0 0 0.6000000000000001 0 0 0.4 0 0 0 0.4 0.6000000000000001 0.2 0 0.6000000000000001 0 0 0 0 0.2 4 0 0 0 0 0 0 0 0 0 0 0 0 0 0 7 4.800000000000001 4.800000000000001 2 4.4 2.6 4.6000000000000005 9.200000000000001 4.6000000000000005 4.6000000000000005 0 0 2.4000000000000004 7 6.4 2.2 4.2 0.2 3.6 6.2 0 0 0 0 0 0 0 0 0 0 0 0 0 0 0 0 0 0 0 0 0 0 0 0 4.2 0 0 0.2 0 0 0 0 0 0 0 0 0.6000000000000001 0 0 0 0 0 3.2 0 0 0.2 1 0 0 0 0 0 0.2 3.4000000000000004 1.4000000000000001 0 0 0 0 0 6 4 0 0.2 0 0 1.6 8 1.2000000000000002 9.4 0 2 0.4 20.400000000000002 0 3 4.800000000000001 4.2 0.2 10.600000000000001 0 0 0.2 0 0 0 0 0 0 0 0 0 0 0 0 0 0 0 0 0 0 0 0 0 0 0 0 0 0 0 0 0 0 0 0 0 0 0 0 0 0 0 4.6000000000000005 0 0 0 0 0 0.2 0 0 0 0 0 2 0 0 0 0 0 1.8 0 0 0 0 0.2 0 0 0 0 0 0.2 0 0 0 0 0 0 0 0.2 0 0 0 0 0.4 0 2 0 0 0 
 15 0.4 0.8 0 29.8 0.4 0 0.2 0 0.2 0.2 14.600000000000001 0.2 0 0 0 0 0.4 0 0 43.800000000000004 0 19.6 12.8 49.800000000000004 5 16.6 33.6 7.6000000000000005 8.200000000000001 6 49.400000000000006 34.6 10.600000000000001 20.6 23.6 9.4 6.4 40.2 30.8 0 0 1 0 0 0 0 0.6000000000000001 1 0 0 0 0 1.2000000000000002 0 0.2 0.6000000000000001 0.4 0.2 1.4000000000000001 0 0 0 0 0 0 0 0.4 0.6000000000000001 0 0 0.4 0 0.4 0 0.4 0.6000000000000001 0.4 0 0.4 0 0 0 0 1.8 6 5.800000000000001 0 0 0 0 0 0 0 0 0 0 0 0 0 10 4.800000000000001 5.6000000000000005 8.200000000000001 2.2 0 11.200000000000001 2.2 4.4 10 1.4000000000000001 0 5.2 4.6000000000000005 2.6 7 8.4 2.2 6.2 12 0.2 0 0 0 0 0 0 0 0.2 0 0.6000000000000001 0 0.4 0 0 0 0 0 0 0 0 0 0 0 0 0 0 0 0 0 0 0 0.2 0 0.2 0 0 0 0 0 0 0 0 0 0 2.4000000000000004 1.4000000000000001 0 0 0 0 0 0 1 1.4000000000000001 0 0 0 0 0 3.8000000000000003 0 2.4000000000000004 1.8 0 0 4.800000000000001 4.2 2 8.6 2.6 2.8000000000000003 3.6 12 5.6000000000000005 6.4 0 5.4 0 9.200000000000001 0 0 0 0 0 0 0 0 0 0 0 0 0 0 0 0 0 0 0 0 0 0 0 0 0 0 0 0 0 0.2 0 0 0 0 0 0 0 0 0 0 0 0 2.4000000000000004 0 0 0.4 0.2 0 0 1.2000000000000002 0 0 0 0 0 0 0.2 0 0 0 1.6 0 0 0 0 0 0 0 0 0 0 0 0 0 0 0 0 0 0 0 0 0 0 0 0 0 0 0 0 0 
 0.2 15 1 0 11.8 5.2 0 0.8 0 1.6 0.6000000000000001 14.4 0 0 0 0 0 0.4 0 0 27 19.6 0 26.400000000000002 92.4 5.2 51.2 29.6 41.6 32.800000000000004 55.400000000000006 14.4 13.600000000000001 10.600000000000001 13.200000000000001 25 52 71.60000000000001 10.200000000000001 18.6 0 0.4 0.6000000000000001 0.4 0 1.2000000000000002 0 0.6000000000000001 1 0.6000000000000001 1 0 12.4 0.4 0 1 3.2 0.4 29.400000000000002 0.2 0.8 0.6000000000000001 0 0 1.2000000000000002 0.6000000000000001 0 0.4 0.8 0 0.4 1.4000000000000001 0 0 0 0.8 0.6000000000000001 1.6 0 0 0 0 0 0 0 1.2000000000000002 0 0 0 0 3.2 0 0 0 0 0 0 0 0 0 2.2 1.2000000000000002 2.2 1.4000000000000001 0 5.6000000000000005 1.4000000000000001 2 6.4 9.600000000000001 0.8 2.2 0 2 0 3.2 3.8000000000000003 2.4000000000000004 0.2 5.4 0 0 0 0 0 0 0 0 0 0 0 0 0.2 3 0 0 0 0 3.6 0 0 4 0 0 0 0 0 0 0 0.6000000000000001 0 0 0 0 0 1.2000000000000002 0 0 0 0 0 0 0 0 0 0 0 0 0 0 0 0 0 5.2 0 0 0 0 0 0 11.200000000000001 1.8 3.8000000000000003 8.200000000000001 0 3.6 2.2 3.2 0 20 6.2 0 1.6 4.6000000000000005 1.8 6 0.2 4.2 0 0 0 0 0 0 0 0 8.4 0 0 0 0 0.4 0 1.8 1.8 0 0 0 0 0 0 0 0 2 0 0 0 0 0 0 0 0 0 0 0 0 0 0 0 0 0 0 3.2 0 0 0 0 0 0 0 0 0 0 0 2.6 0 0 0.2 16 0.6000000000000001 0.4 0 0 0 0 0.2 0 0 0 0 0 0 0 0 0 0 0 0 0 0 0 4.6000000000000005 0 0 0 0 0 0 0 0 
 0 0.2 0 0 0.4 0 40.6 0.2 0 0 42.2 0 0 0 0 0 0 0.4 0 0 9 12.8 26.400000000000002 0 20.8 22.6 18.6 14.600000000000001 17 66.60000000000001 25 57.2 72.60000000000001 17.400000000000002 17.2 32.6 36 21 59 13.4 0 12.4 10.4 0 0 0 3.8000000000000003 12.200000000000001 0.6000000000000001 0 0 0 14.8 0.6000000000000001 0 0 0 0.4 5.4 15.4 0 0 1.4000000000000001 0 0.6000000000000001 0 0 0 0.6000000000000001 0 0 8.200000000000001 0 0 0 2.6 0.6000000000000001 0.2 0 0 0 0 0 0 0 0 0 0 0 0 0 0 0 0 0 0 0 0 0 0 0 0 0 0 0 6.6000000000000005 0 0.4 0 1.2000000000000002 0.2 3.6 0 2 2.4000000000000004 1.8 1.4000000000000001 6.6000000000000005 0 0 1 0 2 0 0 0 0 6.2 0 1.4000000000000001 0 0 4.2 8 10 3.4000000000000004 1.8 4.4 8 0.2 0 1.2000000000000002 0 0 0 0 0 0 0 0 0 0.4 0 0 0 0 0 0 0 0 0 0 0.4 0 0 0 0 0 0 0 0 0 0 0 0 0 0.4 0.2 0 0 0 2.2 0 5.4 4.6000000000000005 5.6000000000000005 0 2.4000000000000004 0 2.4000000000000004 5.800000000000001 0 0 0 2.2 2.6 0 4.2 0 0 0 0.4 5.2 0 0 0 0.8 0 0 9.600000000000001 0 0 6.800000000000001 6.2 0 4.6000000000000005 6 0.4 2.2 18.2 0 0 0 0.4 0 0 0 0 0 0 0 0 0 0 0 0 0 0 0 0 0 0 0 0 0 0 0 0 0 0 0 0 0 0.4 2.2 0.2 0 23.400000000000002 16.8 0 0.8 3.8000000000000003 0 0 0 0 0 0 0 0 0 0 0 0 0 0 0 0 0 0 0 10.600000000000001 0 0 5 0 0 0 0 0 
 0.6000000000000001 0.6000000000000001 0.6000000000000001 0.4 0.6000000000000001 6.800000000000001 0.6000000000000001 1.2000000000000002 0.6000000000000001 0.8 1 0.6000000000000001 0.6000000000000001 0.6000000000000001 0.6000000000000001 0.4 0.6000000000000001 1 0.6000000000000001 0.6000000000000001 20.400000000000002 49.800000000000004 92.4 20.8 0 15 9.600000000000001 81.80000000000001 72 88.2 50.800000000000004 68.8 97.60000000000001 15.4 10 10.200000000000001 95.2 59 12.4 33.6 17.400000000000002 20.400000000000002 0.6000000000000001 0.6000000000000001 0 0 13.4 5.2 1 0 16.8 0.4 12.4 0.6000000000000001 12.600000000000001 0.8 1 0.4 25.8 0 0 0 0 0.6000000000000001 2.4000000000000004 0 0 1.2000000000000002 0.6000000000000001 0.6000000000000001 0 1.4000000000000001 0 0 0 2 0.6000000000000001 0.4 0 0 0 0 2.2 0 0 0 2.4000000000000004 0 0 0 0.2 0 0 0 0 0 0 0.4 0 0 0 0.2 7.6000000000000005 0.8 0 6.4 0 1.4000000000000001 3.6 3.4000000000000004 1.4000000000000001 2.4000000000000004 0.4 0.2 0 0 0 12.4 0 0 0 0 0 0 0 0 0.2 0.4 3.8000000000000003 0 5 0 0 13.8 0 0 2.8000000000000003 0 1 3 0 0 0 0 0 0 0 0 0 0.4 2.8000000000000003 0 0 0 0 0 0 0 0 0 3.4000000000000004 0 0 0 0 0 0 0 0 0 0 0 0.2 0 0 0 0 0 0 0.2 5.4 1.4000000000000001 0 2.4000000000000004 1.4000000000000001 1.6 0.4 2 0.2 0 6.4 3.8000000000000003 11.200000000000001 0 0.8 0 7.4 4 0.2 0 0.4 0 0 0 0 0 13.600000000000001 0.2 3.6 1.8 0.6000000000000001 0 1.8 5 7.800000000000001 1.8 0.2 0 8.4 0 0 0 0 0 0 8.4 0 0 0.2 3.4000000000000004 0 0 2 0 0 0 0 0 0 0 0 0 0 0 0 0 0 0 0 0 0 0 0 0 2 1 0.6000000000000001 15 15.600000000000001 0 0.4 0.4 0 0 0 0 5.800000000000001 0 0 0 0 0.2 0 0 0 0 0 0 0 0 0 0.2 0 0 0 0 0 0 0 0 
 0.6000000000000001 0.6000000000000001 0.6000000000000001 0.6000000000000001 0.6000000000000001 0.6000000000000001 0.6000000000000001 9.4 0.6000000000000001 0.6000000000000001 1.2000000000000002 0.6000000000000001 0.6000000000000001 1 0.6000000000000001 0.6000000000000001 0.6000000000000001 1 0.6000000000000001 0.6000000000000001 19.8 5 5.2 22.6 15 0 49.2 50.800000000000004 25.200000000000003 32.800000000000004 46.800000000000004 10.8 10.8 36.6 9.4 11.200000000000001 22.400000000000002 19.8 52.6 11 0.2 0 0.6000000000000001 0 0 0 13.600000000000001 7.6000000000000005 0.4 0 0 0 8.4 0.6000000000000001 0 0.2 0 0.4 17.400000000000002 3.2 0 0 1.2000000000000002 0 0.6000000000000001 0.6000000000000001 0 0 0.6000000000000001 0 0 0.4 0 0 0 1.2000000000000002 0.6000000000000001 0.4 0 0 0 0 0 0 0.4 0 0 0 0 0 0 0 0 0 0 0 0 0 0 0 2.4000000000000004 0 0 1.6 2.4000000000000004 2.2 0.4 0 0.2 0.6000000000000001 2.6 5.4 0 1.4000000000000001 0 0 2.4000000000000004 5 0 0.2 0 0 6.2 0 0 0 0 5.6000000000000005 0 0 3.8000000000000003 0 2.4000000000000004 2.8000000000000003 6.2 2.2 4.2 6 3 6.4 0 0 0 0 2.2 0 0 0 0 0.6000000000000001 0 0 0 0 0 0.2 0 0 0.4 0 0 0.2 0 0 0 0 0 0 0 0 0 0 0 0 0 0 0 0 0 0 0.2 0 0 0.4 4.4 0.2 0 0.6000000000000001 2.4000000000000004 0 2.4000000000000004 5 0.2 0 0 0 0.4 0 0 0 0 0 4.4 4 0 0 0 0 3.2 2 2 3.2 3 4.4 5.2 4.6000000000000005 2.4000000000000004 2.6 4.2 0 4 0 0 0 0 0 0 0 0 0 0 0 0 0 0 0 0 0 0 0 0 0 0 0 0 0 0 0 0 0 0 0 0 0 1.8 0 0.8 44.400000000000006 1 0.4 1 0 0 0 0 3 0 0 0 0 0 0 0 0 0 0 0 0 0 0 0 2 0 0 0.2 3.8000000000000003 0 0 0 0 
 0 0 0 15.200000000000001 0 30.6 0 0 16.2 7.2 0.6000000000000001 0.2 0.4 0 0.4 0 15.200000000000001 0.2 1 0.2 12.600000000000001 16.6 51.2 18.6 9.600000000000001 49.2 0 37.2 31.200000000000003 9.200000000000001 37.6 6.4 52.2 25.6 31.8 6.6000000000000005 29.200000000000003 33 9.4 23.8 0 1.2000000000000002 0.6000000000000001 0.4 0 0 0.4 0.6000000000000001 1.4000000000000001 0.6000000000000001 0.4 0.4 0 1 0 0.2 13.8 0.8 0.6000000000000001 0 6.800000000000001 0 0.2 0 0 0 0.6000000000000001 8 0.6000000000000001 0.6000000000000001 0.4 0.6000000000000001 5.6000000000000005 0 0.8 0.4 0.6000000000000001 0.4 0.6000000000000001 0.2 0 0 0 0 2 0 0 0 0.2 3.4000000000000004 2.2 1.2000000000000002 0 0 0 0 0 0 0 0 2.8000000000000003 1.6 2.2 1.8 3.8000000000000003 0 0 0.6000000000000001 3.6 3.8000000000000003 4.4 5.800000000000001 2.6 2.8000000000000003 0 3 3.6 3 3.8000000000000003 3 0 0 0 0 0 0 0.2 0 0 0 0 0 0 0 0 0 0 0 1.6 2.8000000000000003 0 0 0.4 0 0 0.2 0 0 0 1.2000000000000002 0 0 0 0 0 1.2000000000000002 2.4000000000000004 0 0 0 0 0 7.2 0 2.4000000000000004 0 0 0 0.4 0 8 0 0 0.2 0 1.2000000000000002 4.4 2.8000000000000003 0 0 9.4 8 4.800000000000001 6.800000000000001 2.2 3.2 1.8 0 3 0 2.8000000000000003 0 4 0 4.4 0 4 2.4000000000000004 3.8000000000000003 1.6 3.8000000000000003 0 0 0 0 0 2.6 0 0 0 0 1.2000000000000002 0 0 0 0 0 0 0 0 0 0 0 0 0 0 0 0 0 0 0 0 0 0 0 0 0 0 0 0 0 0 0 0 0 0.2 0 0 0 16.2 0 0 0 0 4.4 0.4 0 15.600000000000001 0 0 0.6000000000000001 0.4 0 0 0 0 0 0 0 0 0 0 0 0 0 0 3.8000000000000003 0 0 0 0 0.4 0 0 0 0 0 0 0 0 
 0.4 0.4 1 0.4 0.4 5.6000000000000005 0.4 0.4 0.4 0.4 0.8 0.4 0.4 0.6000000000000001 0.4 0.4 0.4 0.8 0.4 0.4 9.4 33.6 29.6 14.600000000000001 81.80000000000001 50.800000000000004 37.2 0 42.6 103.4 9.4 21.200000000000003 44 18.400000000000002 33.4 44 6 30.6 41.2 49.800000000000004 0 1.4000000000000001 0.6000000000000001 0 0 0 0 0.6000000000000001 0.8 0 0 0 13.600000000000001 0.4 12.4 0.4 42 0.4 0.4 0.6000000000000001 0 0 0 0.2 0.2 0 0 1.6 0.6000000000000001 0 0.4 12.200000000000001 8.200000000000001 1 0 0.4 0.6000000000000001 0.6000000000000001 0 0 0 0 0 0 0.4 1.8 0 0 0 0 0 0 0 0 0 0 0 0 0 0 0.2 0 8.200000000000001 5.800000000000001 4.2 2.6 3 4.800000000000001 14.200000000000001 9.4 0 1.2000000000000002 4.2 0.2 0.6000000000000001 1.4000000000000001 0 2.8000000000000003 3.6 2 0 0 0 0 0 0 0 0 0 0 0 1.6 4 2.8000000000000003 0 0 0 0 1.6 0 0 0 0 0 0.2 0 0 1.2000000000000002 0 0 0 0 0 0 0 1 0 0 0.4 0 0 0 0 0 0 0 1 0 0 5 0 0 0 1 1.4000000000000001 0 3.2 0 0 0 14.4 1.6 6 1.6 0 7 0 1.8 2.8000000000000003 3.8000000000000003 5.2 2 6.4 6.4 1.4000000000000001 0 4.6000000000000005 2 0 6 0 0 0 3.4000000000000004 0 0 3.2 0 0 0 0 0 0 2.2 1.6 0 0.4 0 0 0 0 0 0 0 0 0 0 0 0 0 0 0 0 0 0 0 0 0 0 0 0 0 1.8 0 0 0 0 0 0 0 0 0 0 0 1.4000000000000001 0 0 0 0.2 0.8 1.8 0 0 0 0 0 0.4 0 0 0 0 0 0.2 0 0 0 0 0 0 0 0 1.8 0 0 0 0 0 0 0 0 
 0 0 1 0 0.4 6.4 0 0.4 0 0 0.8 0 0 0 0 0 0 0.2 0 0 4.800000000000001 7.6000000000000005 41.6 17 72 25.200000000000003 31.200000000000003 42.6 0 33.2 69.60000000000001 5.800000000000001 39 71.2 41.6 90.4 85.2 22.200000000000003 37.2 15.600000000000001 0 0 0.6000000000000001 0 0 0 0 0.6000000000000001 0.4 0 0 0.8 13.8 0.6000000000000001 0 0.2 0 0.4 3.2 12.200000000000001 0 0 0 0 0 0 0 0 0.6000000000000001 0 1.2000000000000002 0.2 0 0.4 0 0.4 0.6000000000000001 0.2 1.4000000000000001 10.200000000000001 0 0 0 0 0 0 0 0.2 0 0 0 0 0 0 2.4000000000000004 0 0 0 0 0 0 0.2 0.2 4 0.4 0 0 3.8000000000000003 4.6000000000000005 1.6 2 8 5.4 0 0.4 4.6000000000000005 1.8 1.8 0 3.2 2.8000000000000003 0 2 0 0 0 0.2 2.2 0 0 0 0 0.2 2.6 0 0 0 0 0 1.4000000000000001 0 0 0 0 0 0 0 0 0 1 0 0 0 0.2 0 0.4 0.4 0 0 0 0 0 0 0.2 0 0 0 0 0 0 0 0 0 0 0 0 0 0 0 0 1.6 1.6 1.8 4.2 0 7.4 0 0 5.2 1.6 8 1.4000000000000001 3.8000000000000003 0 3.4000000000000004 3 6 2.8000000000000003 0.4 0 0.4 0 0 0 0 0 2.4000000000000004 0 0 0 0 0.6000000000000001 0 2.2 1.4000000000000001 2.2 0.2 0 0 0 0 0 0 0 0 0.4 0 0 0 0 0 0 0 0 0 0 0 0 0 0 0 0 0 0 0 0 0 0 0 0 0 0 0 0 5.800000000000001 0 0.4 0.4 0.6000000000000001 0.6000000000000001 0 0 0 0 0 0 0 0 0 0 0 0 0 0 0 0 0 0 0 0 0 0 0 0 0 2 2.4000000000000004 0 0 0 
 0.6000000000000001 0.6000000000000001 0.8 0.4 0.8 6 0.8 0.6000000000000001 1 0.4 1.4000000000000001 0.6000000000000001 0.6000000000000001 0.4 0.6000000000000001 0.4 0.6000000000000001 0.8 0.6000000000000001 1.2000000000000002 8 8.200000000000001 32.800000000000004 66.60000000000001 88.2 32.800000000000004 9.200000000000001 103.4 33.2 0 42.800000000000004 55.2 57.400000000000006 32.6 11.600000000000001 64.60000000000001 31 41.400000000000006 59.6 21 0 0 1.2000000000000002 0.2 0.4 0 0 13.200000000000001 0.4 0 0.4 12.4 25.200000000000003 1 0 0.2 0.4 0.4 13 41.6 0 0 2.4000000000000004 0 1.4000000000000001 0.8 0 0 0.6000000000000001 0 0 0.6000000000000001 0 0 0 1.4000000000000001 0.6000000000000001 0.6000000000000001 0 0 0 0 0 0 0 0 0 0 0 0.4 0 0 0 0 0 0 0 0 0 0 3 0 0 3.8000000000000003 3.6 15.8 0 0 2.4000000000000004 3.4000000000000004 7.2 7.2 0 2.2 2.2 0 4.4 8 0 0 1.6 0 0 0 0 0 3.4000000000000004 0 0 0 0 0 1.8 7.2 5.800000000000001 0 2.2 0.2 0 0.6000000000000001 0 0 0 0 0 0 0.4 0 0 1.2000000000000002 0 0 0.4 0 0 0 0 0 0 0 0 0 0 0 0 0.2 0 0 0 0 0.2 0 2.4000000000000004 0 0 0 0 0 0 0 2.2 1.8 3 3.2 6.800000000000001 4.2 0 8.4 5.6000000000000005 2 10 6.2 0 0 3 1.2000000000000002 0.2 5.4 0 0 0 0 0 0 0 0 5.6000000000000005 0 0 3.8000000000000003 0 0 1.6 7.800000000000001 4.6000000000000005 0.2 2.8000000000000003 0 0 1.2000000000000002 0 0 0 0 0 0 0 0 0 0 0 0 0 0 0 0 0 0 3.4000000000000004 0 0 0 0 0 0 0 0 0 0 0 0 0 0 0 2.8000000000000003 0 1.2000000000000002 23.200000000000003 24.400000000000002 0.4 0.6000000000000001 0.4 0 0 0 0 0 0 0 0 0 0 0 0 0 0 0 0 0 0 0 2.4000000000000004 0 0.2 0 0.6000000000000001 0 0 0 0 
 0 0 0.2 0 0.2 0 0 0 0 0 0.2 0.4 0 0 0.4 0.2 0 0.2 0.4 0 28.400000000000002 6 55.400000000000006 25 50.800000000000004 46.800000000000004 37.6 9.4 69.60000000000001 42.800000000000004 0 16.400000000000002 10.4 49.2 12.600000000000001 16 83.4 11.200000000000001 5.6000000000000005 56 0 0.8 0.6000000000000001 0 0 0 13 35.800000000000004 1.6 0 0 1.4000000000000001 13 0.6000000000000001 12.600000000000001 0.2 0 0.4 13.4 0 0 0 1.2000000000000002 0 1 0 0 0.2 0.6000000000000001 0 0 0.2 0 0 0 1.4000000000000001 0.6000000000000001 0.2 0 0 0 0 0 0 0 0 0 0 0.2 0 0 0 0 0 0 0 0 0 0 0 4.800000000000001 1.4000000000000001 0 2.6 8 9.4 0 2 4.2 0 8.200000000000001 1.8 0 2.4000000000000004 0 0.2 1.6 2.8000000000000003 0 2.4000000000000004 0 3.6 0 0 0 0 0 0 3 0 0 0 1.8 0.6000000000000001 0.2 2.4000000000000004 0 0 3 2.8000000000000003 0 0 0.4 0 0 0.2 0 0 0 1.2000000000000002 0 0 0 0 0 0 0 0 0 0 0 0 0 0 0 0 0 0 0.4 0 0 0 0 0 0 0 0 0 0 1.4000000000000001 5 3.4000000000000004 1.6 6.800000000000001 1.8 2.8000000000000003 0 0.4 4.2 0 6.800000000000001 3.6 2.8000000000000003 1.6 5 0 10.600000000000001 1 3.4000000000000004 0 2 3.6 0.4 0 0 0 6.4 2 0 1.6 0 1.4000000000000001 0.2 2.8000000000000003 2.8000000000000003 1.6 0.6000000000000001 0 0 0 0 0 0 0 0 0 0 0 0 0 0 0 0 0 0 0 1.8 0 0 0 0 0 0 0 0 0 0 0 0 0 0 0 0 0 0.4 1.2000000000000002 0 10.8 0.8 0 0.2 0 0 0 0 0 0 0 0 0 0 0 0 0 0 0 0 0 0 2.8000000000000003 0 2.6 0 0 0 0 0 0 0 0 
