 0 38.800000000000004 36.4 34.6 59.2 11 36.6 30 9.4 20.6 26 23.400000000000002 43.2 27 6.2 15.8 60.800000000000004 11.600000000000001 59.400000000000006 35 0 1 0.6000000000000001 0.6000000000000001 0 0.8 0 0 0 0 0 0.4 0 0 0 0 0.6000000000000001 0.2 0 0.4 0 0.6000000000000001 0.8 0 0 0 0 0.2 0 0 0.6000000000000001 0 0 0 0.4 1.2000000000000002 0.4 0.4 0 0.6000000000000001 0 0.6000000000000001 0 0 0 0 0.6000000000000001 0.2 0.4 0.2 0.6000000000000001 0 0 0 0.4 0.4 0.8 8.8 0 0 3.4000000000000004 5.4 1.8 0 2.2 0 1.4000000000000001 1.4000000000000001 2.8000000000000003 0.2 0 0 0 7.800000000000001 2.2 0 0 5.800000000000001 0 0.2 0.4 0 0.2 0 0 0 0 0 2 0 0 0 3 0 1.8 0 0 0 2.6 0.2 0 0 0 0 0 0 0.2 0 0 0 0 0 0 0 0 0 0.4 0 0 0 0 0 0 0 0 0 0 0 0 0.2 0 0 0 0 0 0 0.2 0 0 0.2 2 3.8000000000000003 1.6 0 0.2 0 8 8.4 4.6000000000000005 7 3.6 0 3.4000000000000004 4 10.200000000000001 0 5.2 4.4 2.8000000000000003 2.6 0 0 0 0 0 0 0 0 0 0 0 0 0 0 0 0 0.4 0 0.2 0 0.8 0 2.8000000000000003 0 0 0 0 0 0 0 0 0 0 0 0 0 0.4 0 0 0 0 0 0 0 0 0 0 0 0 0 3.2 0 2.2 0 0 0 0 0 0 0 0 0 0 0 0 0.2 10.8 0.4 0 0 0 1 0 0 0 0 0 0 0 0 0 0 0 0 0 0 0 0 0 0 0 0 0 0 0 0 0 2 0 0 0 0 0 0 0 0 0 0 0 0 
 38.800000000000004 0 99.2 52.400000000000006 71 8.8 59.800000000000004 23.6 8.200000000000001 65.8 9.4 52.400000000000006 26.400000000000002 66.8 20 8.6 51 24.8 29.6 53.400000000000006 0.4 0 0 0.4 0 1.2000000000000002 0 0.6000000000000001 0 0 0 0.4 0 0 0 0.2 0 0 0 0.4 0 0.6000000000000001 0.6000000000000001 0 0 0 0 0.4 0 0 0.6000000000000001 2.4000000000000004 0.6000000000000001 0 1 1.2000000000000002 0 0 0 1.2000000000000002 0.8 0.6000000000000001 0 0 0 0 0.6000000000000001 0 0 0.6000000000000001 0 0 0 0 0.6000000000000001 0 0 7.6000000000000005 0 0 4.6000000000000005 8.8 6.6000000000000005 0 3.6 0 0.2 3.2 9.8 16.8 0 4.4 3.2 0 2 3 2.4000000000000004 9 3.8000000000000003 7.2 0 0 0 0 0 0 0 0 0 0 0 0 0.2 0.2 0 0 0.4 0 3.2 0 0 0.4 0 0 0 0 0 0 0 0 0 0 0 0 0 0 0 0 0 0 0 0 0 0 0 0 0 0 2.6 0 0 0 0 0 0 0 0 0 0 0 1.4000000000000001 1.4000000000000001 2.4000000000000004 0.4 1.4000000000000001 0 7.2 2.2 3.2 0 4.6000000000000005 3.6 4 3.4000000000000004 0.2 4.2 0 2 10.4 3.6 0 0 0 0 0 0 0 0 0 0 0 0 1.4000000000000001 4.4 0 0 0 0 2.6 0 0 0 0 0.4 0 0 0 0 0 0 0 0 0 0 0 0 0 0 0 0 0 0 0 0 0 0 0 0 0 0 0 0 0 0 0 0.4 0 0 0 0 0 0 0 0 0 0.8 0.4 0.4 0 0 2 3.2 0 0 0 0 0 0 0 0 0 0 0 0 0 0 0.2 0 0 0 0 0 0 0.2 0 0 0 3.2 0 0 0 0 0 0 0 0 0 0 0 0 
 36.4 99.2 0 52.400000000000006 46.2 5.6000000000000005 34.6 51.800000000000004 49.6 11.4 52.2 42.6 23.8 46.400000000000006 33.800000000000004 12.8 45.2 13.4 30.200000000000003 73.60000000000001 0 0 0 0.4 0 1 0 0 0 0 0 0 0 0 0.2 0 0 0 0 0.4 0 0.6000000000000001 0.6000000000000001 0 0 0 0 0.8 0 0 0.6000000000000001 0 0 0 0.4 0.6000000000000001 0 0.4 13.200000000000001 0.6000000000000001 0 0.6000000000000001 0 0 0 0 0.6000000000000001 0 0 0 0 0 0 0 0.6000000000000001 0 0 6.4 0 0 7.4 13.4 0.2 0 5.2 0.2 0 7.2 5.2 4.4 0 3.2 0 0 4.4 0 2 5.4 1.8 5.2 0.4 0 0 0 0 0 0 0 0 0 0 0.4 3.4000000000000004 0 0 0.2 0 0 2 3.2 0 0 0 0 0 0 0 0 0 0 0 0 0 0 0 0 0 0 0 0 0 0.2 0 0 0 0 0 1.8 0.8 0 0 0 0 4 0 0 0.2 0 0 0 1 3.6 11.600000000000001 1.2000000000000002 0 0 5.2 6.6000000000000005 0 0 2.6 3.4000000000000004 2 5.4 5.4 2 0.2 8.8 2.8000000000000003 5.4 0.2 0 0 0 0 0 1.4000000000000001 0 0 0 0 0 1.6 0 0 0 0 0 5.4 0 0 0 0 0 0 0 0 0 0 0 0 0 0 0 0 0 0 0 0 0 0 2 0 0 0 0 0 0 0 0 0 0 0 0 0 0 0 0 0 0 0 0 0 0 0 0.4 0 0 0.4 0.4 0 2.4000000000000004 0 0 0 0 0 0 0 0 0 0 0 0 0 0 0 0 0 0 0 0 0 0 0 4.800000000000001 2.2 0 0 0 0 0 0 0 0 0 0 0 0 2.8000000000000003 
 34.6 52.400000000000006 52.400000000000006 0 38.2 6.2 24.8 56 50.6 54.400000000000006 8.8 26.6 11.600000000000001 33.2 34.4 11.4 27.8 22 16.8 15.4 0 0 0 0 0 0.6000000000000001 0.4 0 0 0.4 0 0 0 0 0 0 0 1.2000000000000002 13.600000000000001 0.4 0 0.6000000000000001 0.6000000000000001 1.4000000000000001 0 0 0 0.4 0 0 0.6000000000000001 0 0 0 0.4 0.6000000000000001 0 0.4 0.2 0.6000000000000001 0.6000000000000001 0.6000000000000001 0 0 0 0 0.6000000000000001 0 0 0 0.6000000000000001 0.4 0 0 0.6000000000000001 0 0 7.2 0 0 0 4.4 0 2.6 4 0 0 4.2 3.6 2.4000000000000004 0 3.2 0 6.4 0 3.6 0 3.4000000000000004 0 0 0 0 0 0 0 0 0 1.8 0 1.4000000000000001 0 0 3.8000000000000003 0.2 0 0 0.4 0 8.4 2.2 0 0.4 0 0 0 0 0 0 0 0 0 0 0 0 0 0 0 0 0 0 0 0 0 0 0 0 0 0 0.8 0 0 0 0 0 0 0 0 0 0 0 0 4.800000000000001 0 5 5.4 0 2.6 0.2 0 2.4000000000000004 5.2 2.4000000000000004 0.4 3.8000000000000003 5.4 3.2 11.4 2 0 0 0 0 0 0 0 0 1.4000000000000001 0 0 0 0 0 9 0.2 0 0 0 0 0 0 0 0 1.8 0.4 0 0 0 0 0 0 0 0 0 0 5.2 0 0 0 0 0 0 0 0 0 0 0 0 0 0 0 0 0 0 0 0 0.4 0 0 0 0 0 0 0 0 0 0 0 0.2 17.400000000000002 0 0 6.2 4.6000000000000005 0 0 0 0 0 0 0 0 0 4.6000000000000005 0 0 0 0 0 0 0 0 0 0 0 0 0 0 0 0 0 0 0 0 1.4000000000000001 0 0 0 0 0 0 
 59.2 71 46.2 38.2 0 56.800000000000004 12 57 29.8 47.6 61.2 45.800000000000004 18.6 12.4 20 74.8 27 27.8 58.2 21 0 7.2 0 0.2 0 0.6000000000000001 30.6 0.4 0 0.2 0 0 8.200000000000001 15 2 15.200000000000001 0.4 0 0 1.2000000000000002 0 0.6000000000000001 0.6000000000000001 0 0 0 0 0.4 0 0 0.6000000000000001 0 0 0 0.4 0.6000000000000001 0 0 0 0.6000000000000001 0.8 1.6 0 0 0 8 0.6000000000000001 0 0 0 0 0 0 0 0.6000000000000001 0 0 7.800000000000001 0 0 0 2.4000000000000004 0 4.800000000000001 7.4 7 0.2 0 3.6 4 5.4 2.4000000000000004 0 0.4 0.6000000000000001 1.8 1.4000000000000001 1.2000000000000002 0 0 1.8 0 0 0.8 0 0 3.4000000000000004 0 0.4 4.800000000000001 0 0 5.800000000000001 5 1.4000000000000001 5 2.4000000000000004 0 5.6000000000000005 1.8 0 0 0 0 0 5 0 0 0 0 0 2.2 0 0 0 0 0 3 0 0.4 0 0 0 0 0 0 0 0 0 0 0 0 0 0 0 0 0 0 0 0 0 0.4 0 4.4 4 4.800000000000001 0 2.6 0 0.4 2.6 2.4000000000000004 0 0 0 0 2.6 0 0 0 0 0 0 0 0 0 0.8 1.2000000000000002 0 1.8 1.2000000000000002 0.2 0 0.2 0.4 0 0 0 0 2.6 0 1.8 0 0 0 0 0 0 0 0 0 0 0 0 4.4 0 0 0 0 0 0 0 0 0 0 0 0 0 0 0 0 0 0.4 0 0.4 0 0 0 0 0 0 0.2 0 0 0 1.2000000000000002 0.8 0.4 1.2000000000000002 0 0 1.8 0 0 0 0 0 0.2 0 0 0 0 1.2000000000000002 0 0 0 0 0 0 0 0 0 0 0 0 0 0 0 0 0 0 0 0 0 0 0 0 0 0 0 
 11 8.8 5.6000000000000005 6.2 56.800000000000004 0 8 7.6000000000000005 50.800000000000004 8.8 109 27.200000000000003 6.6000000000000005 47.6 32 163.20000000000002 9.8 15.600000000000001 51.6 13 0 4.800000000000001 0 14.600000000000001 0 0.6000000000000001 15.4 0 0.6000000000000001 0.2 0 0.4 14.8 15 28.400000000000002 14.8 0.4 0 0 0.8 0 0.6000000000000001 0.6000000000000001 0 0 0 0 0.2 0 0 0.6000000000000001 0.2 0 0 0.4 0.6000000000000001 0 0 0 0.6000000000000001 0 1.4000000000000001 0 0 0 0 0.6000000000000001 0 0 0 0 2.4000000000000004 0 0.4 0.4 0 0 0 0 0 0 0 0 8.6 2.6 3.8000000000000003 0 0.2 2 7.6000000000000005 10.8 1.2000000000000002 0 0 0 5.6000000000000005 3.8000000000000003 0 0 0 0 0 0 2 0 0 3.6 0 0 0 0 0 2.4000000000000004 5.800000000000001 2.2 7 0.8 0 2.2 1.6 0 0 0 0 0 2 0 0 0 0 0.4 1.8 0 0 0 0 0 0 0 0 0 0 0 0 0.2 0 0 0 2.8000000000000003 0 0 0 0 0 0 0 0 0 0 0 0 0 0 3 7.800000000000001 8.6 0 2.4000000000000004 0 2.2 0 3.6 0 0 0 1.6 2.4000000000000004 0 0 0 2 0 0 0.2 0 0 0 0 0 2.2 2 0.8 1.4000000000000001 3.4000000000000004 0 3 0 0 3 4.800000000000001 0 0 0 0 0 0 1 0 0 0 0 0.2 0 0 0 0 0 0 0 0 0 0 0 0 0 0 0 0 0 1 0 2.6 0 0 0 0 0 0 0 0 0 2.8000000000000003 0 0 0 0.4 0.8 0.2 0 20.200000000000003 0 0.6000000000000001 2.6 0 0 0 0 0 0 0 0 0 1.4000000000000001 0 0 0 0.2 0 0 0 0 0 0 0 0 0 0 0 0 0 0 0 0 0 0 0 0 0 0 0 
 36.6 59.800000000000004 34.6 24.8 12 8 0 39.6 7.6000000000000005 25.400000000000002 8.8 6 32.2 33.2 6.4 23.6 26.200000000000003 4.4 12 81.80000000000001 0 0 0 0.2 0 0.6000000000000001 0 0 0 0 0 0 0 0.4 0 0.4 0 0 0 0.8 0 0.6000000000000001 0.6000000000000001 0 0 0 0 0.4 0 0 0.6000000000000001 1 0 0 0.4 0.6000000000000001 0 0.4 0 0.6000000000000001 0 0.6000000000000001 0 0 0 0 0.6000000000000001 0 0 1.4000000000000001 0 0 0 0 0.6000000000000001 0 0 0 0 0 6.2 6.6000000000000005 1.8 0 0 0 1.4000000000000001 6 10.600000000000001 0 0 4 1.8 5 4.4 3.4000000000000004 2 6.6000000000000005 0 6.6000000000000005 0.4 0 0 0 0 0 0 0 0 0 0 0 0 0 0 0.4 0 0 0 0 0 0 0 0 0 0 0 0 0 0 0 0 0 0 0 0 0.2 0 0.2 0 0 0 0 0 0 0 0 0 1 0 0 3 0 0 3 0 0 0 0 0 3.6 1.8 2 0 0 0 8.8 1 4.4 0 3.8000000000000003 6.2 1.8 0 0.2 0.6000000000000001 1.8 0 4 4.4 0 0 0 0 0 0 0 0 0 0 0.6000000000000001 0 0 0 0 0 0 0 2.4000000000000004 0 0 0 0 0 0 0 0 0 0 0 0 0 0 0 0 0 0.4 0 0 0 0 0 0 0 0 0 0 0 0 0 0 0.2 0 0 0 0 0 0 0 0 0 0 0 0 0 0.4 17.6 0.2 0.4 0 0 1.4000000000000001 0 0 0 0 0 0 0 0 0 0 0 0 0 0 0 0 0 0 0.8 0 0 0 0.2 0 2.6 0.6000000000000001 0 0 0 0 0 0 0 0 0 0 0 0 
 30 23.6 51.800000000000004 56 57 7.6000000000000005 39.6 0 14.4 6 43.2 21.6 21.6 36.800000000000004 33.800000000000004 9.600000000000001 22.8 20.6 21.8 16 0 0.2 0 0.2 0 15 0 0 0 0 0 0 0 0 0 0 0 0 0 0.4 0 0.6000000000000001 0.6000000000000001 0 0 0 0 0.4 0 0 0.6000000000000001 1.2000000000000002 0 0 0.4 0.6000000000000001 0 0 0 0.6000000000000001 0 0.6000000000000001 0 0 0 0 0.6000000000000001 0 0 0 0 0 0 0.2 0.6000000000000001 0 0 0 0 0 2.6 4.6000000000000005 7 0 5.800000000000001 0 0.2 5.2 9.8 0.2 0.2 0 2 0 4.2 3.2 9.200000000000001 5 0 5.6000000000000005 0.2 0 0 0 0 0 0 0 0 0 0 0 0 0 0 0 0 0 0 0 0 0 0 0 0 0 0.4 0 0 0 0 0 0 0 0 0 0 0 0 0 0 0 0 0 0 0 0 0 0 0.8 0 2.6 0 0 0 0 2.4000000000000004 0 0 0 2 2.6 6 0 1.4000000000000001 0.2 6.2 0.2 0 6 2.6 0 4.6000000000000005 2.4000000000000004 0 1.8 0 2 4.2 0.2 0 0 0 0 0 0 0 0 0 0 0 0 0 0 0 0 0 0 5.6000000000000005 0 0 0 0 0 0 0 0 0 0 0 0 0 0 0 0 0 0.2 0 0 0 0 0 0 0 0 0 0 0 0 0 0 0 0 0 0 0 0 2.6 0 0 0 0 0 0 0 0.4 0.2 0 0.4 11 1.6 0.4 0 0 0 0 0 0 0 0 0 0 0 0 0 0 0 0 0 0 0 0 0 0 0 0.4 6.800000000000001 0 0 0 0 0 0 0 0 0 0 0 0 0 
 9.4 8.200000000000001 49.6 50.6 29.8 50.800000000000004 7.6000000000000005 14.4 0 13.4 24.200000000000003 20.200000000000003 20.8 34.800000000000004 83 89.60000000000001 50 29 18.8 24.6 0 0 0 0.2 0 0.6000000000000001 15.4 0 14 0 0.2 0 14.8 0 0 0 0.2 0 14.600000000000001 15.200000000000001 0 0.6000000000000001 0.6000000000000001 0 0 0 0 0.4 0 0 0.6000000000000001 0 0 0 0.4 0.6000000000000001 0 0 0 0.6000000000000001 0 0.6000000000000001 0 0 0 0 0.6000000000000001 0 0 0 0 0 0 0 0.6000000000000001 0 0 0.2 9.8 0 0 0 7 2 11.600000000000001 2.2 0 0.6000000000000001 0 5.4 2.2 4.6000000000000005 0 0.2 3.4000000000000004 1.6 1.4000000000000001 3 0 0 0 0.2 0 0 0 0 0 8 0 0 0 2.4000000000000004 0.2 2.6 3 0 0 0 3.6 5.2 0 0 0 0 0 2.4000000000000004 0 0 0 0 0 1.6 0 0 0 0.2 0 0 0 0 0 2.2 0 0 0 0 0 0 0.4 0 0.2 0.4 0 0 0 0 0 0 0.2 0 0 8.6 4 7 2 1.8 0.2 5.2 0 0.2 0 2.2 0 0.4 2.2 3.4000000000000004 2.6 3 0 0 0 0 0 4.2 0 0 1.2000000000000002 0 0 0 0 0 2.2 3 0 0 0 0 2.6 0 0 0 0 0 0 0 0 0.4 0 0 0 0 0 0 0 0 0 0 5.6000000000000005 0 0 0 0 0 0 0 0 0 0 0 0 0 0 5.6000000000000005 0 0 0 0 0 0 0 2.2 0 0 0 0 0 0 1.4000000000000001 0.4 0.2 1 0 0 0 0 0 0 0 0 0 0 1.4000000000000001 0 0 0 3.8000000000000003 0 0 0 0 0 0 0 0 2.4000000000000004 0 0 0 0 0 0 0 0 0 0 0 0 0 0 
 20.6 65.8 11.4 54.400000000000006 47.6 8.8 25.400000000000002 6 13.4 0 85.4 10.600000000000001 11 33 28.200000000000003 32.2 32 129.4 33.2 54.6 0.4 0 0 0.4 16 0.6000000000000001 0 0 15.8 0 0 0.6000000000000001 1.4000000000000001 0.2 0 0.8 0.6000000000000001 0.4 15.600000000000001 0.8 0 1 0.6000000000000001 0.8 0 0.4 0.2 0.4 0 0 0.6000000000000001 0 0 12.600000000000001 1 1 0 0.8 0.4 1 0.6000000000000001 0.6000000000000001 0 0.2 0 0 0.6000000000000001 0 0 0 0 0 12 0 1.4000000000000001 0 10.200000000000001 0.2 0 0 3.8000000000000003 0.8 2.4000000000000004 2.6 0.2 0 2.8000000000000003 1.2000000000000002 5.2 1.2000000000000002 0 0 0 5.2 0 2.8000000000000003 0 3.4000000000000004 0 1.4000000000000001 0 0 0 0 0 0 0 0 0 2 0 0.4 0 0 0 0 0 0 7.800000000000001 0.4 0 0.2 0.2 0 0 0 0 0 0 0 0 0 0 0 0 0 0 0 0 0 0 0 0 0 0 0 0 10.8 0.2 0.8 0 0 0 0 0 0 1 0 0 0 0 5 2.2 0.6000000000000001 4 0 7.4 2.8000000000000003 0 2.8000000000000003 7.800000000000001 0 0 5.4 2 3.8000000000000003 3.6 6.800000000000001 0 0 0 0 0 0 0 0 0 0 0 0 0 0 8 0 0 0 0 0 0.2 0 0 0 0 0 0 0 0.2 0 0 0 0 0 0 0 4.2 0 0 0 0 6.6000000000000005 0 0 0.4 0 0 0 0 0 0 0.2 0 0 0 0 3.2 0 0 0 0.2 0 0 0 0 0 0 0 1.8 0 0.4 0.2 1.8 0.8 6.800000000000001 0 0 0 0 0 0 0 0 0 0 0 0 4 0 0 0 0 0 0 0 0 0 0 0 7.2 0 0 0 0 0 0 0 0 0 0 0 0 
 26 9.4 52.2 8.8 61.2 109 8.8 43.2 24.200000000000003 85.4 0 25.200000000000003 48.6 8 30.400000000000002 114 37.800000000000004 64.2 8 12.600000000000001 0 15.4 0.4 0.4 0 1.2000000000000002 12.200000000000001 0 0 0 0 0 15.600000000000001 21.8 31.400000000000002 0.2 0 0.4 0 0.8 0 0.6000000000000001 0.6000000000000001 0 0 0 0 0.6000000000000001 0 0 0.6000000000000001 0.2 0 0 0.4 0.4 0 0.4 0 0.6000000000000001 0 0.6000000000000001 0 0 0 0 0.6000000000000001 0 0 0 0.4 0 0 0 0.6000000000000001 0 0 0.4 0 8 3.4000000000000004 2 1.4000000000000001 3.6 7.6000000000000005 4.6000000000000005 0 2.4000000000000004 0.4 2.6 10 4.800000000000001 0 2 0 2.4000000000000004 2 0 0.4 0 1.2000000000000002 3.4000000000000004 0 0 0 0 2.8000000000000003 0 0 0.2 0 0 3.6 0 3.6 2 1.8 0.2 4 2.8000000000000003 0 0 0 0 0 0 0 0 0 0 0 0 0 0 0 0 0 5.4 0 0 0 0 0 0 0 0 0 0 0 1.2000000000000002 0 0 0 0 0.4 0 1 0 0 0.4 0 0.4 4.2 0.2 0 8 14.8 0.6000000000000001 0 0.8 0.2 3 0 1 0 6.4 0 0.8 0 0 4 7.800000000000001 0 0 0 0 0 0 0 3.4000000000000004 0 0 4 1.6 0 0.4 0 0 3.2 0 0 0 0 0 0.2 0 0 0 0 0 0 0 0.2 0 0 0 0 0 0 0 0 0 0 0 0 0 0 0 0 0 0 0 0 0 0 0 0 0 0 0 0 0 0 0 0 0.2 37.6 0.4 0.4 37.4 0 3.6 0 0 0 0 0 0.6000000000000001 0 0 0 0 0 0 0 0 0 0 0 0 0 0 0 0 0 0 0 0 0 0 0 0 0 0 0 0 0 0 0 0 
 23.400000000000002 52.400000000000006 42.6 26.6 45.800000000000004 27.200000000000003 6 21.6 20.200000000000003 10.600000000000001 25.200000000000003 0 7.4 25.8 16.8 11 30.400000000000002 40 11.8 28.8 0 30.8 0 0.6000000000000001 0 0.6000000000000001 0.4 15.600000000000001 0 0 0 0 0.2 20 14.8 0 0 0 14.600000000000001 16 0 0.6000000000000001 0.6000000000000001 0 0 0 0 0.2 0 0 0.6000000000000001 0 0 0 0.4 0.6000000000000001 0 0.4 0 0.6000000000000001 0 0.6000000000000001 0 0 0 0 0.6000000000000001 0 0 0 1 0 0 0 0.4 0 0 9 0 0 0 2.6 10 3.6 5 2.8000000000000003 0 0 0.2 6 4.2 4.6000000000000005 0 0 4.4 0 0.4 5.800000000000001 0 0 5.6000000000000005 1.8 4.2 2.4000000000000004 0 0 4.2 2.4000000000000004 0 0.4 0 0 9.200000000000001 0 0 4.2 2.4000000000000004 1.4000000000000001 0 6 0 0 0 0 0 0 0 0 0 0 0 0 0 0 0 1.8 0 0 0 0 0 0 0 0.2 0 0 0 0 0 0 0 0 0 0.4 0 0 0.2 0 2.6 0 0 1.4000000000000001 2.2 3 2.2 4.2 0 1.8 0 0 0 0 0 0 2 0 0 0.2 0 0 2 5.2 2.8000000000000003 3.8000000000000003 0 0 0 0 0 4.4 1.6 2 3.6 3 4.4 2.2 0 0 3.6 2.6 0 0 0 0 0 0 0 0 0 0 0 0 0 0 0 0 0 0 0 0 0 0 0 0 0 0 0.2 0 0 0 0 0 4 0 0 0 0 0 0 0 0 0 0 0 0 0 17.2 0 0 0.4 0 0 0 0 0 0 0 0 0 0 0 0 0 0 0 0 0 0 0 0 0 0 0 0 0 1.2000000000000002 0 0 0 0 0 0 0 0 0 0 0 0 0 0 
 43.2 26.400000000000002 23.8 11.600000000000001 18.6 6.6000000000000005 32.2 21.6 20.8 11 48.6 7.4 0 35.2 5.6000000000000005 10.600000000000001 9 21 70.60000000000001 27.8 0 0 0 0.4 0 0.6000000000000001 0 0 1.6 0 0.6000000000000001 0 0 0.6000000000000001 0 1.2000000000000002 0 0 0 0.4 0 0 0 0 0 0 0 0 0 0 0 0.2 0 0 0.6000000000000001 0.4 0.6000000000000001 0.4 0 0 0.4 0 0.6000000000000001 0.4 0 0.2 0.4 0.2 0.4 0 0 0.4 0 0 0.2 0.8 1.2000000000000002 0 1 0.4 6.4 2 0 0 0 0 2.6 5.6000000000000005 1.6 0 0.4 0.2 1.8 6.6000000000000005 2.8000000000000003 0 2.2 4.6000000000000005 4 4.6000000000000005 0 0 0.2 0 0 0 0 0 0 0 0 0 0.4 0 0 0 0 0 0 0 0 0 0 0 0 0 0 0 1.2000000000000002 0 0 0 0 0 0 0.2 0 0 0 0 0 0 0.2 0 0 0 0 0 0 3 0.4 0 0 0 0 0 0 0 0.4 0 3.8000000000000003 3 4 0 0 0 3.2 0.2 6.800000000000001 4.6000000000000005 0 3.8000000000000003 3.6 3.6 0.2 3.4000000000000004 5 4 2.4000000000000004 12.200000000000001 0 0 0 0 0 0 0 0 0.2 0 0 0 0 0 0 0 0 0 0.2 0 0 0 0 0 0 0.2 0 0 0 0 0 0 0 0 0 0 0 0 0 0 0.4 0 0 0 0 0 0 0 0 0 0 0 0 0 0 0 0 0 0 0 0 0.2 0 0 0 0 0 0 0.4 0.2 0 3 0.4 0 0 0 0 0 0 0 0 0 0 0 0 0 0 0 0 0.4 0 0 0 0 0 2.6 2.6 0 0 0 0 0 0 0 0 0 0 0 0 0 
 27 66.8 46.400000000000006 33.2 12.4 47.6 33.2 36.800000000000004 34.800000000000004 33 8 25.8 35.2 0 38.6 42 17.2 30 28.8 42.800000000000004 0 0 0.4 0.4 0 0.6000000000000001 0 0 0 0 0 0 0 0 0 0 0 0 0.2 0.4 0 0.6000000000000001 0.6000000000000001 0 0 0 0 0.4 0 0 0.6000000000000001 0 0 0 0.4 0.6000000000000001 0 0.6000000000000001 13 0.6000000000000001 0 0.6000000000000001 0 0 0 0 0.6000000000000001 10.200000000000001 0 0 0 0 0 0 0.6000000000000001 0 0 0 0 0 6 5.6000000000000005 1.8 0 3 0 0 6.800000000000001 0.4 6.2 0 2.6 0.2 0.2 0 0 0 7 0 0 12 0 0 0 0 0 0 0 0 0 0 0 0 0 0 0 0 0 0 0 0 0 0 0 0 0 0 0 0 0 0 0 0.4 0 0 0 0 0 0 0 0 0 0 0 0 0 0 0 4.6000000000000005 0 0 0 0 0 0 0 0 0 0 0 0 5 3.8000000000000003 0.2 0 0 0 4.6000000000000005 0 0.6000000000000001 5.800000000000001 0 3 2 7.2 3.6 0 2.6 0 0 0 0 0 0 0 0 0.2 0 0 0 0 0 1.4000000000000001 0 0 0 0 0 0 0 0 0.4 0 0 0 0 0 0 0 0 0 0 0 0 0 0 0 0 0 0 0 0 0 0 1.8 0 0.2 0 0 0 0 0 0 0 0 0 0 0 0 0 0 0 0 0 0 0 0.2 0 0.4 17.400000000000002 0 1 0 0 0 0 0 0 0 0 0 0 0 0 0 0 0 0 0 0 0 0 0 0 0 0 0 2.4000000000000004 0 0 0 0 0 0 0 0 0 0 0 0 
 6.2 20 33.800000000000004 34.4 20 32 6.4 33.800000000000004 83 28.200000000000003 30.400000000000002 16.8 5.6000000000000005 38.6 0 18.6 24.6 19 15.8 80.4 0 0 0 0.2 0 1 0 0 0.4 0 0 0 0.4 0 0 0 0 0 15.4 0.4 0 0.6000000000000001 0.6000000000000001 0 0 0 0 0.4 0 0 0.6000000000000001 0 0 0 0.4 0.6000000000000001 0 0 0 0.6000000000000001 0 0.6000000000000001 0 0 0 0 0.6000000000000001 0 0 0 0 0.4 0 0 0.6000000000000001 0.6000000000000001 0 0 0 0 2.6 0 5.800000000000001 6 7.2 1.8 2.8000000000000003 3.2 0.2 3.8000000000000003 1.8 1.8 0 2.2 0 4.6000000000000005 5.800000000000001 3.2 0 1.6 0 0 0 0 0 0 0 0 0 0 0 0 0 4 0.2 0 0 0.2 4.4 2.6 0 0 0 0 0 0.2 0 0 0 0 0 0 0 0 0 0 0 0 0 0 0 0 0 0 0 0 0 0 0 0.6000000000000001 0 0 0 0 0 0 0.4 3.4000000000000004 0 0 0 2.8000000000000003 5 2.2 3.4000000000000004 0 2.8000000000000003 5.6000000000000005 0 0 0 0 6.4 9.600000000000001 2 7 2.8000000000000003 2.2 0 0 0 0.2 0.2 0 0 0 0 0 0 0 0 0 2.4000000000000004 0 0 2.6 0 0 0 0 0.2 0 0 0 0 0 0 0 0 0 0.4 0 0 0 0 0 0 0 0 0 0 0 0 0.2 0 0 0 0.2 2.6 0 0 0 0 0 0 0 0 0 0 0 0 2 0 0 0 0 0.8 0 0.6000000000000001 0.4 1.4000000000000001 2 0.2 0 0 0 0 0 0 0 0 0 4.2 0 0 0 0 0 0 0 0 0 0 0 0 4.6000000000000005 2.4000000000000004 0 0 0 0 0.4 0 0 0 0 0 0 0 0 
 15.8 8.6 12.8 11.4 74.8 163.20000000000002 23.6 9.600000000000001 89.60000000000001 32.2 114 11 10.600000000000001 42 18.6 0 76 60.2 6.6000000000000005 29.400000000000002 0 0 0 0.2 0 0.6000000000000001 15.200000000000001 0 0 0 0 0 12.8 0 0 0 0 0 0 5 0.4 0.6000000000000001 0.6000000000000001 0 0 0.2 0 0.4 0 0 0.6000000000000001 0.6000000000000001 0 0 0.4 2.2 0 0.4 0 0.6000000000000001 0 0.6000000000000001 0 0.4 0 0 0.6000000000000001 0 0 0 0 0 0 0 0.6000000000000001 0 0 0 0 0 4.2 2 13.600000000000001 3.6 6.800000000000001 3.8000000000000003 0 2.6 6.800000000000001 0.2 2.4000000000000004 7 0 1 3.4000000000000004 2.4000000000000004 5 4.6000000000000005 0 0 2.4000000000000004 0 0 0 0 0.4 0 2 0 0 0 0 1.8 4.4 5.4 0 0.2 0 4 5.800000000000001 0 0.2 0 0 0 0.2 0 0 0 0 0 0 0 0 0 0 0 5 0 0 0.2 0 0 0 0 0 0 0 0 0.8 0 0 0 0 0 0 2.6 0 0 0 0 6 0 2 2 3.4000000000000004 4.4 4.800000000000001 0 2 1.8 5 0.2 0 0 0 0.2 8.200000000000001 0 0 0.2 0 0 0 0 0 0 0.2 0 0 0 0 0 4.2 1 0 0 0 6.4 0 0 0 0 0.2 0 0 0 0 0 0 0 0 0 0 0 0 0 0 0 0 0 0 0 0 0 0 0 0 0 0 0 0 0 0 0 0.2 0 0 0 0 0 0 0 0 0 0.6000000000000001 4 0 17.400000000000002 10.8 0.4 1.8 0 0 0 0 0 0.2 0 0 0 0 2.4000000000000004 0 0 0 0 0 0 0 0 0 0 0 0 0 0 2.4000000000000004 0 0 0 0 0 0 0 0 0 0 0 0 
 60.800000000000004 51 45.2 27.8 27 9.8 26.200000000000003 22.8 50 32 37.800000000000004 30.400000000000002 9 17.2 24.6 76 0 16.8 24.6 31 15 0 0 0.4 0.4 0.6000000000000001 3.8000000000000003 0 0 0 0 0 15 14.8 0 0 0 0 0.6000000000000001 0.4 0 0.6000000000000001 0.6000000000000001 0 0 0 0 0.4 0 0 0.6000000000000001 0 0 0 0.4 0.6000000000000001 0 0.4 0 0.6000000000000001 0 0.6000000000000001 0 0 0 0 0.6000000000000001 0 1.2000000000000002 0 0 0 0 0 0.6000000000000001 0 0.2 8 0 0 2.6 11.200000000000001 2.8000000000000003 4.4 5.2 0 0 0.6000000000000001 3.8000000000000003 2.8000000000000003 0 8.200000000000001 0 4 0.8 0.2 0 3.8000000000000003 1.8 9.8 2.2 2.4000000000000004 0 0 0 0 0 0 0 0 0 0 5.800000000000001 0 1.6 0 0 0 5.4 0 0 0 0 0 0 0 0 0 0 0 0 0 0 0 0 0 0 2 0 0 0 0 0 0 0 0 0 0 1 0 0 0 0 0 0 0 0 0 0 0 0 5.6000000000000005 0 0 1.2000000000000002 3.6 0 12.4 0 0 2.6 0.2 0 6.2 0.2 0 3.6 2 2.8000000000000003 0 2 7.4 0 0 0 0 0.2 0 0 0 0.2 0 14.200000000000001 0.2 0 0 0 0 0 0 0 0 0 0 0 0 0 0 0 0 0 0 2.8000000000000003 0 0 0 0 0 0 0 0 0 0 0 0 0 0 0 0 0 0 0 0 0 0 0 0 0 0 0 0 0 0 0 0 0 20.400000000000002 0 0.4 0.2 1.2000000000000002 3 0.4 0 0.4 0 0 0 8.4 0 0 0 2.8000000000000003 0 0 0 0 0 0 0 0 0 0 0 0 0 0 3.2 0 0 0 0 0 0 0 0 0 0 0 0 
 11.600000000000001 24.8 13.4 22 27.8 15.600000000000001 4.4 20.6 29 129.4 64.2 40 21 30 19 60.2 16.8 0 28.200000000000003 30 0 0 0 41.400000000000006 0 0.6000000000000001 0 0 0 0 0 0 56 15.200000000000001 15 0.2 0.4 0 0.2 16 0 0.6000000000000001 0.6000000000000001 0 0 0 0 0.4 0 0 0.6000000000000001 0 0 0 0.4 0.6000000000000001 0 0 0 0.6000000000000001 0.6000000000000001 0.6000000000000001 0 0 0 0 0.6000000000000001 0 0 0 0 0 0 0 0.6000000000000001 0 0 0 0 0 7.4 1.8 5.6000000000000005 0 0.8 5 0 1.4000000000000001 0 4.4 8.4 3 0 0 0 0 0 2.2 1.8 0 0 0 2.2 3 0 0 4.4 0 0 0.2 0 0 0 0 2.2 2 0.2 0 0 2.2 0 0 0 0 0 0 0 0 0 0 0 0 0 0 0 0 0 0 0 0 0 0 0 0 0 0 0 0 0 1.6 0 0 0 0 0 0 2.6 0 0 0 0 2.8000000000000003 4.6000000000000005 2.2 9.4 0 4.800000000000001 0 0 0 2.6 2.8000000000000003 6.2 5.2 0 3.4000000000000004 4 8.200000000000001 0 5.2 1.8 0 0 0.2 0 0 0 0 0 7.6000000000000005 0 0 2.2 3.6 0 1.2000000000000002 0 0 0 0.2 0 0 0 0 0 0 0 0.2 0 0 0 0.4 0 0 5.4 0 0 0 0 0 0 0 0 0 0 0 0 0 0 0 0 0 0 0 0 0 0 2.2 0 0 0 0 0 0 0 0.6000000000000001 0 0 0.4 17.2 0 1.6 3.6 0 0 0 0 0 0 0 0 0 0 0 0 0 0 0 0 0 0 0 0 0 0 0 0 0 0 0 0 0 0 0 0 0 0 0 0 0 
 59.400000000000006 29.6 30.200000000000003 16.8 58.2 51.6 12 21.8 18.8 33.2 8 11.8 70.60000000000001 28.8 15.8 6.6000000000000005 24.6 28.200000000000003 0 77.60000000000001 0 0 0 0.6000000000000001 0 0.6000000000000001 6.4 0.4 0 0 0 0 0 0 0 0 0 0 0 0.4 0 0.6000000000000001 0.6000000000000001 0 0 0 0 0.4 0 0 0.6000000000000001 0 0 0 13.200000000000001 0.6000000000000001 0 0 0 0.6000000000000001 0 0.6000000000000001 0 0 0 0 0.6000000000000001 0 0 0 0 0 0 0 0.6000000000000001 0 0 0 0 0 2 0 0 0 0 0 6.4 1.8 1.2000000000000002 0 0 4.6000000000000005 0.8 0 2.4000000000000004 0 2.6 7.800000000000001 2.6 2 2 0 0 0 0 0.2 0 0 0 0 0 0 0 0 0 0 0 0 0 0.4 0 2 0 0 0 0.4 0 0.2 0 0 0 0 0 0 0 0 0 0 0 0 0.4 0 0 0 0 0.4 0 0 0 0 0 0 0 0 0 0 0 0 0 0 2.2 2.2 2.6 0 0 0 0 0 7.2 4.4 2.6 0 13 5.6000000000000005 3 3.2 0 3.4000000000000004 0.2 0 0 0.2 0 0 0 0 0 0 0 0 0 0 0.4 0 0 0 0 0 0 0 0.2 0 1.6 0 0 0 0 0 0 0 0.4 0 0 0 0 0 0 0 0 0 0 0 0 0 0 0 0 0 0 0 0 0 0 0 0 0 0.2 0 0 0 0 0 0 0 0 0 0.4 0.2 0.6000000000000001 0 0 1.2000000000000002 0 0.2 0 0 0 0 0 0 0 0 0 0 0 0 0 0 0 0 0 0 0 0 0 4.800000000000001 0 0 0 0 0 0 0 0 0 0 0 0 0 0 
 35 53.400000000000006 73.60000000000001 15.4 21 13 81.80000000000001 16 24.6 54.6 12.600000000000001 28.8 27.8 42.800000000000004 80.4 29.400000000000002 31 30 77.60000000000001 0 0 0 0 0.2 0 0.6000000000000001 0 1.4000000000000001 0 0 0 0 0 0.2 0 0.6000000000000001 0.4 0 0.2 0.4 0 0.6000000000000001 0.6000000000000001 0 0 0 0 0.2 0 0 0.6000000000000001 0 0 0 0.4 0.6000000000000001 0 0 0 0.6000000000000001 0 0.6000000000000001 0 0 0 0 0.6000000000000001 0 0 0 0 0 0 0 0.2 0 0 1 0 0 2 6.800000000000001 2.8000000000000003 3.6 0.4 0 5 1.2000000000000002 8.6 8.4 0 0 2.2 0.6000000000000001 5 4 2.4000000000000004 7.2 2.2 3.2 0 0 0 0 0 0 0 0 0 0 0 0 0 0 0 0 0 0 3.4000000000000004 0.2 0 0 0 0 0 0 0 0 0 0 0 0 0.4 0 0 0 0 0 0 0 0 0 0 0.4 0 0 0 0 0 0 0 0 0 0 0 0 0.4 0 0 0 1.8 3.6 11.600000000000001 0.2 1.4000000000000001 0 4.4 6 0 1.8 7 0 10.200000000000001 3.6 4.6000000000000005 4 0.6000000000000001 3 0.2 3 0 0 0 0 0 0 0.2 0 0 0 0 0 0.2 0 0 0 0 0 2.8000000000000003 0 0 0 0 0 0 0 0 0 0 0 0 0 0 0 2.4000000000000004 0 0 0 0 0 0 0 0 0 0 0 0.4 0 0 0 0 0 0 0 0 0 0 0 0 0 0 0 0 0 0 0 0.6000000000000001 0.6000000000000001 0.4 0.4 2.6 0.6000000000000001 0 0 0 0 0 0 0 0 0 0 0 0 0 0 0 0 0 0.2 0 0 0 0 0 3.4000000000000004 0 0 0 0 0 0 0 0 0.2 0 0 0 0 0 
 0 0.4 0 0 0 0 0 0 0 0.4 0 0 0 0 0 0 15 0 0 0 0 16.8 47.800000000000004 23.8 8.6 7.4 30.200000000000003 28 20.400000000000002 9.200000000000001 38.6 94.60000000000001 25 39.400000000000006 55 19.400000000000002 55.400000000000006 22.6 6.800000000000001 25 0.2 0 0.6000000000000001 0.6000000000000001 0.4 0 0 0 1 0 0.6000000000000001 0 0 0.6000000000000001 0 0 0 0.4 0.4 1.8 0.6000000000000001 0.4 1.2000000000000002 0 0 0 0.2 0 0 0.6000000000000001 0 0 0 0 0.4 0 0 0 0.4 0 0 0 0 0 0 0 0 0 0 0 0 0 0 0 0 0 0 0 0 0 0 10.200000000000001 5.6000000000000005 1.8 6.800000000000001 2.2 0.8 6.4 4 9.200000000000001 7 2.2 4.800000000000001 5 2.2 0.2 0 8.6 0 0.2 0 0 0 0 0 0 0 0 0 0 0 0 5.6000000000000005 0.2 0 0 0 0 4.4 0 0 0 0 0 0 0 0 0 0 0 0 0 0 0.4 0 1.4000000000000001 0 0 0 0 0 0.4 0 0 0 0 0 0 0.4 0 0 0 0 0 0 0.6000000000000001 0 0 0 0 1.8 3 2.2 0.6000000000000001 0.2 3 0 6 4.6000000000000005 6.4 2.4000000000000004 3.8000000000000003 0 0 0 6.4 2.8000000000000003 0.2 0 0.2 0.8 0 0.2 0 0 0 2.2 0 0 0 0 0 0 0 0 0 0 0 2.6 2.4000000000000004 0 0 0 0 0 0 0 0 0 0 0 0 0 0 0 0 9.4 0 0 0 0 0 1 0 0 0.4 0 0 0 0 0 0 0.4 0 1.6 0 0 0.2 0.4 0.4 0 0 0 0 0 0 0 0.2 0 0 0 0 0 0 0 0 0 0 0 3.6 0 3.8000000000000003 0 0 0 0 0.2 0 0 0 
 1 0 0 0 7.2 4.800000000000001 0 0.2 0 0 15.4 30.8 0 0 0 0 0 0 0 0 16.8 0 33 25.8 22.6 3.4000000000000004 23 75.4 14 6.6000000000000005 6 11 10 66.2 31 48.400000000000006 50 13.4 23.6 45.2 1.4000000000000001 0 0.2 0.6000000000000001 0.4 0 0.6000000000000001 0.6000000000000001 1.6 1 0.6000000000000001 0 0 0 0 0 0.4 0 0.6000000000000001 0.8 0.6000000000000001 0.4 0 0 0.6000000000000001 0.4 0 0.6000000000000001 1.2000000000000002 0.6000000000000001 0 0 0 0 0.6000000000000001 0 0 0 0.4 0 0 0 0 0 0 4.4 0 0 0 3.8000000000000003 3.8000000000000003 0 0 0 0 0 0 0 0 0 11.4 0 4.6000000000000005 4.800000000000001 0.2 1 8.8 2.8000000000000003 5.2 7.4 1.2000000000000002 3.6 4 0 0.2 3 7.4 0.2 0 1.6 0 0 0 0 0 0 1.6 0 0 0 0 4 0 0 0 0 0 0 0 0 0 0 0 0 0 0 0 0 0 0 0 0 0 0 0 0 0 0 0 0 0 0 0 0 0.2 6 0 0 0 0 0 0 0 0 0 0 0 0 0 1.4000000000000001 0 10.4 1.4000000000000001 0.6000000000000001 1.6 2.6 6.4 0 2.8000000000000003 3 2.2 2.2 0 3.8000000000000003 4.2 3.6 4.6000000000000005 0 3.4000000000000004 2.4000000000000004 0 2 0 0 0 0 2.4000000000000004 0 0 0 0 0 3.8000000000000003 0 0 0 0 0 0.6000000000000001 2 0 0 0 0 0 0 0 0 0 0 0 0 0 0 0 0 0 0 0 0 0 0 2.6 0 0 0 0 0 0 0 0 0 0 0 0.4 0 0 0 0 0 2.2 0 0 0 0 0 0 0 0 0 0 0 0 0 0 0 0 0 0 0 0 0 0 0 0 0 0 0 0 0 
 0.6000000000000001 0 0 0 0 0 0 0 0 0 0.4 0 0 0.4 0 0 0 0 0 0 47.800000000000004 33 0 64.8 43.2 26.200000000000003 24.200000000000003 34 53 57.800000000000004 9 19 12 9.4 22.400000000000002 9.8 56.2 32.6 5 13.4 12.8 0 0.4 0.6000000000000001 0 0 0.2 0 0.6000000000000001 0 0.8 0 25.400000000000002 13 0 0 0 12.8 13 32.2 0.6000000000000001 0.4 0 0 0 0 0 0 0.4 0.6000000000000001 0 0 0 0 1.4000000000000001 0 0 0 0.4 0 0 0 0 0 0 0 0 0 0 0 0 0.4 0 1.4000000000000001 0 0 0 0 0 0 0 0 4.2 3.2 2 2.8000000000000003 0 0 0 3.4000000000000004 2.8000000000000003 0 0 0 0 4.2 0 6.6000000000000005 0 0 1 0 0 0 0 0 10 4.6000000000000005 0 0 0 0 2 3 0 0 0 0 0 2 0 0 0 0 0 0 0.4 0 0.4 0 0 0 0 0 0 2 0 0 0.2 0 0 0 0 0 0 0 0 0 0 0 0 0 0 0 0 0 0 0 0 0 0 4.6000000000000005 8.6 0 5.2 2 0 0 0 4 0 6.800000000000001 0 0.2 0 2 2.4000000000000004 11.8 0 0 2 0 0 0 0 0 7 3.6 0 0.2 0 0 5.800000000000001 2 0 0 0 0 1.4000000000000001 5.6000000000000005 4.2 0 0 0 0 0 2 0 0 0 0 0 1.8 0 0 0 0 0 0 0 0 0 0 0 0 0 0 0 0 0 0 0 0 0 1.8 0.4 0 1.4000000000000001 16.400000000000002 0 4.4 0 0 0 0 0 2.2 0 0 0 0 0 0 0 0 0 0 0 0 0 0 0 0 0 0 4.6000000000000005 0 0 0 0 
 0.6000000000000001 0.4 0.4 0 0.2 14.600000000000001 0.2 0.2 0.2 0.4 0.4 0.6000000000000001 0.4 0.4 0.2 0.2 0.4 41.400000000000006 0.6000000000000001 0.2 23.8 25.8 64.8 0 41.2 5.6000000000000005 12.600000000000001 59.400000000000006 30.8 45.400000000000006 27.400000000000002 33.2 74 28 11.600000000000001 9 125.80000000000001 30.8 33.4 16.6 0 0 0.4 0.6000000000000001 0 0 0 0 0.6000000000000001 0 0.6000000000000001 0 41.400000000000006 0 0 0 0 0 25.6 1 0.6000000000000001 0.4 0 0 0 0 0 0 0.2 0.6000000000000001 0 0 0 0 0.6000000000000001 0 0 0.6000000000000001 0.4 0 2.2 0 0 0 0 0.2 0 0 0 0 0 0 0 0 0 0 0 0 0 0 0 3.4000000000000004 0 0 4.6000000000000005 5 0 2 0 2.8000000000000003 0 0.2 0 0 6 0.4 0.4 0 0 0 0 0 4 0 0 0 4.2 1.6 0 0 2 0 0.8 2.6 0 0 0 0 0 1.8 0 0 0 0 0 0 2.4000000000000004 0 0 0 0 0 0 0 0 0.4 3 0 0 0 0 0 0 0 0 0 0 0 0 0 0 0.4 0 0 0 0 0 0.2 0 0 1.6 0.2 1.8 0 0 4.2 0 0 0 0 2.4000000000000004 2.6 0 0 0 0 0.2 0 2.4000000000000004 0 0 2.6 0.2 0 1.6 0 2.2 0 0 0 0 0 2.8000000000000003 0 0 0 0 0 8.4 4.6000000000000005 0 0.2 0 0 0 0 0 0 0 0 0 0 0 0 0 0 0 0 0 0 0 0 0 0 0 0 0 0 0 0.2 0 0.2 0 0 1.2000000000000002 0.2 1.2000000000000002 0 8.200000000000001 0.4 4 2.6 0 0 0 0 0 0 0 0 0 0 0 0 0 0 0 0.2 0 0 0 0 0 0 0 0 0 0 0 0 
 0 0 0 0 0 0 0 0 0 16 0 0 0 0 0 0 0.4 0 0 0 8.6 22.6 43.2 41.2 0 32.4 9.200000000000001 24.6 35.6 17.6 13 19.400000000000002 19.8 32.6 25.400000000000002 36 13.4 53 17.400000000000002 20.6 0 0 13.4 0.6000000000000001 0 0 0 1 7.2 0 1 0 0 13 0 4.2 4.2 0 6.4 0.4 1.6 0.4 0 0 0 0 0 0 0 0.6000000000000001 0 0 0 0 0.4 0 0 0 0.4 0 0 0 0 0 0 0 0 0 0 0 0 0 0 0 0.4 0 0 0 0 0 0 0 2.4000000000000004 0.6000000000000001 0 1.8 0 2.8000000000000003 0 0 2.2 0.2 0 0 1.4000000000000001 0 0 2.2 0 0 0.4 0.8 3.6 0 0 2.2 2 0.8 0 2.4000000000000004 3 0 2 0 0.8 2.6 2.8000000000000003 3.2 4.6000000000000005 11.600000000000001 0.4 0 0 0 0 0 0 0 0 0 0 0 0 0 1.8 0.6000000000000001 0 0 0 0 0 0 0 0 0 0 0 0 0 0 0 0 0 0 0 0 0 0 0 0 0 1.8 1 0 6.800000000000001 4.4 0 0 0 2.2 0.2 2.4000000000000004 0 0 0 0.4 2.2 3.4000000000000004 0 0 7 0 0 2.2 0 0 0.2 0 0.4 0 0 0 3.4000000000000004 0 5.800000000000001 0 1 0 7.800000000000001 11.4 0 0 0 0.2 0 0.8 0.4 0 0 0 0 0.4 0 0 0 0 0 0 2.4000000000000004 0 0 0 0 0 0 0 0 0 0 0 0 0 0 0 1.4000000000000001 0 0 7.4 20 0 1 0 0 0 0 0 1.8 0 0 0 0 0 0 0 0 0 0 0 0 0 0 1.8 0 0 0 0 0 3.2 0 0 
 0.8 1.2000000000000002 1 0.6000000000000001 0.6000000000000001 0.6000000000000001 0.6000000000000001 15 0.6000000000000001 0.6000000000000001 1.2000000000000002 0.6000000000000001 0.6000000000000001 0.6000000000000001 1 0.6000000000000001 0.6000000000000001 0.6000000000000001 0.6000000000000001 0.6000000000000001 7.4 3.4000000000000004 26.200000000000003 5.6000000000000005 32.4 0 23.200000000000003 4.6000000000000005 26 12.200000000000001 24.200000000000003 14.200000000000001 4.800000000000001 30.400000000000002 32.2 36.4 16 42 8.4 11.200000000000001 12.4 0 13.600000000000001 0.6000000000000001 0 0 4.2 48.6 17.400000000000002 0 0.6000000000000001 16.400000000000002 4 13 4.4 5.4 18.400000000000002 0 6.6000000000000005 12.600000000000001 0.6000000000000001 0.4 0 0 0 0 0 0 0 0.6000000000000001 0 0 0 0 0.4 0 0 0.2 0.4 0 0 0 0 0 0 0 0.4 0 0 0 0 0 0 0 0 0 0 0 0 0 0 3.4000000000000004 6.4 1.4000000000000001 0 1.6 0 0 5.4 0 3.8000000000000003 0.4 0 0 4.800000000000001 3.2 2 2.8000000000000003 0 0 3 3 0 0 0 2.6 4.6000000000000005 0 1.2000000000000002 1 0 0 4 2.2 4.2 0 2.4000000000000004 0 3.2 8.6 0 0 0 0 0 0 0 0 0 0 0 0 0 0 0 1 0 0 0.4 0 0 0 0 0 1.8 0 0 0 0 2.2 0 0.2 0 0 0 0 0 0 0 0 0 0 1.2000000000000002 0 4.6000000000000005 2.2 0 0 0 2.8000000000000003 0 0 0 0 0 1 4.800000000000001 4.800000000000001 0 0 14 2 2.6 0.2 0 0 0 0 0 0 0 0 0 1.6 0.2 0 5.4 1.6 4 4.6000000000000005 0 0 0 0 0 0 0 0 0 0 0 0 0 0 0 0 0 0 0 0 0 0 0.4 0 0 0 0 0 0 0 0 0 0 0 1.6 0 0.4 1 15 0.4 0 0.2 0 0 0 0 2 0 0 0 0 0 0 0 0 0 0 0 0 0 0 1.8 0 0 0 0 0 3.2 0 0 
 0 0 0 0.4 30.6 15.4 0 0 15.4 0 12.200000000000001 0.4 0 0 0 15.200000000000001 3.8000000000000003 0 6.4 0 30.200000000000003 23 24.200000000000003 12.600000000000001 9.200000000000001 23.200000000000003 0 30.200000000000003 8.6 7.4 20.400000000000002 18 51.800000000000004 37 5.2 24.8 10.200000000000001 10.4 23 10.8 0 0 0.4 0.6000000000000001 0.2 0 0 0 0.6000000000000001 0 0.6000000000000001 0 0 0 0 0 0 0.2 0.6000000000000001 0.4 1 0.4 0 0 0 0 0 0 0.2 0.6000000000000001 0 0 0 0 0.6000000000000001 0 5.800000000000001 0 0.4 0 0 0 0 0.4 2.2 3.6 0 0 0 0.4 0 0 0 0 0 4.2 0 0 0 0 12.200000000000001 11.600000000000001 3.2 0.2 0 0 0.2 6 4.2 7.6000000000000005 1.8 0 4.4 13 1.8 4 3 0 4.2 10.200000000000001 0 0 0 0 0 0 0 0 0 0 0 0 0 0 0 0 0 1.6 3 0 0 0 0 0 0 0 0 0 0 0 0 0 0 0 0 0 0 0 0 0 0 0 0 0.2 0 2.6 0 0.2 0.4 0.4 0 1.8 0 0 5 0.6000000000000001 1.8 0 0 0 5.4 6 1.6 2.6 0 0 11 2.2 0 0 2.2 1.6 3.2 5.4 2.4000000000000004 0 3 0.4 0 8.8 0 12.200000000000001 0 0 0 0 0 0 0 0 0 0 0 0 0 0 0 0 3.6 0 0.2 0 0 0.2 0 0 0 0 0 0 0 0 0 0 0.2 0 0 0 0 0 0 0 0 0 0 0 15 0 0 0 0 0 0 0 1.2000000000000002 0 0 0 0 0 0 0 0 0 0 0 0 0 0 0 0 0 0 0 0 0 0 0 0 2.2 0 0 0 0.4 0 0 0 0 0 0 
 0 0.6000000000000001 0 0 0.4 0 0 0 0 0 0 15.600000000000001 0 0 0 0 0 0 0.4 1.4000000000000001 28 75.4 34 59.400000000000006 24.6 4.6000000000000005 30.200000000000003 0 16.6 10.600000000000001 18.6 18.400000000000002 81.80000000000001 14 11.200000000000001 16.2 21.8 49.6 14.4 65.60000000000001 0 0 0.6000000000000001 0.6000000000000001 0.2 0 0 0 1.2000000000000002 7.6000000000000005 0.6000000000000001 0 0.4 0.2 0.4 0.4 0 0.2 0.8 0.4 1 0.4 1.2000000000000002 0 0 10 0 0 0 1.6 0 0 0 0 0.4 0 0.8 0 0.4 0 0 0 0 2.4000000000000004 0 0.6000000000000001 0 0 0.4 0 0 0 0 0 0 0 0.2 0 0 0 6 2.4000000000000004 4.6000000000000005 4.800000000000001 3.8000000000000003 0 0.2 5.4 2.4000000000000004 0.2 1.4000000000000001 3.4000000000000004 2.4000000000000004 0 1 5 2.6 0 0.4 1.8 0.2 0 0 0 0 0 0 1 0 0 0 0 0.8 0.2 0 0 0 0 1.4000000000000001 0 0 0 0 0 0 0 0 0 0 0 0 0 0 0 0 0.2 0 0 0 0 0 0 0 2.8000000000000003 1.2000000000000002 2 0 0 0 0 0 0 0.4 0 0.2 0 0 0.4 0 0 2.4000000000000004 6.2 1.6 2.2 4.4 4.2 3.6 3.4000000000000004 7 2 0.6000000000000001 3.8000000000000003 0 20.400000000000002 5.4 2.6 5.6000000000000005 0 3 0 0 0 0 0 0 0 0 0 0 0 0 0 0.2 0 0 0 0 0 2.4000000000000004 1.6 0 0 0 0 0 0 0 0 0 0 0 0 0 0 0 0 0 0 0 0 0 0 1.6 0 0 0.2 0 0 0 0 0 0 0.2 0 27.8 0 0 15.200000000000001 0 0 0.4 0 0 0 0 0 0 0.4 0 0 0 0 0 0 0 0 0 0 0 3.8000000000000003 0 0 0 0 0 0 0 0 0 0 
 0 0 0 0 0 0.6000000000000001 0 0 14 15.8 0 0 1.6 0 0.4 0 0 0 0 0 20.400000000000002 14 53 30.8 35.6 26 8.6 16.6 0 110 23.6 81 50.800000000000004 37.6 35.2 26.200000000000003 24.6 23 62.6 38.2 0 0 0.6000000000000001 1.4000000000000001 1.8 0 2 0 0.6000000000000001 0.4 0.6000000000000001 0 13.600000000000001 1.2000000000000002 0.4 1 13.4 0.4 0.4 26.400000000000002 1 0.4 0 0 0.6000000000000001 0.6000000000000001 0.4 0 0 1 0.6000000000000001 1 0 0 0.8 0.4 10.4 0.6000000000000001 0.4 0 0.2 0 0 0 0 0 0 0.4 0 0 0 0 0 0 0 0 0 0 1.4000000000000001 0 0 4.2 6.4 4 5.2 4.4 1.6 2 0 6.6000000000000005 3 0 0 2.4000000000000004 2.2 0.4 3 8.200000000000001 0 0 1.8 0 0 0 0 0 3.6 4 0 0 0 0 0 4.6000000000000005 0 0 0 0 1.4000000000000001 1 0 0 0 0 0 0.4 0 0 0 0 0 0 0 0 0 0.8 0 0 0 0 0.4 0 0 0 0 0 0 0 0 0 0 0 0 0 0 0 0 0 0.2 0 0 0 2.2 3.2 4.4 5 0 3 1.6 5.4 3 6.4 0 0 2.6 5.6000000000000005 10 9 0 0 0 0 0 0 0 0 6 1.8 0.2 0 0 0 2 10.600000000000001 0 0 0 0 0 6.6000000000000005 2.4000000000000004 0 0 3.4000000000000004 0 1 0 0.2 0 0 0 0 0 0 0 0 0 0 0 0 0 0 0 0 0 0.4 0 0 0 0 0 0 0 0 0.4 0 0.4 23.6 0 0.8 0.2 0 0 0 0 0.2 1.2000000000000002 0 0 0 0 0 0 0 0 0 0 0 0 0 0 4 0 0 0.2 2.2 0 0 0 0 
 0 0 0 0.4 0.2 0.2 0 0 0 0 0 0 0 0 0 0 0 0 0 0 9.200000000000001 6.6000000000000005 57.800000000000004 45.400000000000006 17.6 12.200000000000001 7.4 10.600000000000001 110 0 46 131 25.6 91.2 68.4 20.8 21.400000000000002 66.4 28.400000000000002 50 12.8 0 0.4 0.6000000000000001 0 0 0 0 0.6000000000000001 0 0.6000000000000001 0 31.400000000000002 13.200000000000001 0 0 0 0.2 0.6000000000000001 26.6 0.6000000000000001 0.4 0 0 0 0.8 0 0 0.2 0.6000000000000001 0 0 0 0 0.6000000000000001 0 0 0 0.4 0 0 3.4000000000000004 0 0 0 0 0 0 0 0 0 0 0 0 0 0 0 0 0 0.4 0 1.8 3 3.6 4.2 0 0 2.6 2.6 18.400000000000002 4.800000000000001 4.6000000000000005 0 2.8000000000000003 1.4000000000000001 4.4 0 9.4 0 0 2 0 0 0.2 0 0 4.2 4.4 0 0 0 0 1.8 6.6000000000000005 0 0 0 0 3 1.8 0 0 0 0 0 0 0 0 0 0 0 0 0 0 0 1.4000000000000001 0 0 0 0.4 0.8 0 0 0 0 0 0 0 1.2000000000000002 0.2 0 8.4 0 0 0.2 1.2000000000000002 0 0 0 0 0 0 1.2000000000000002 0 13.200000000000001 1.2000000000000002 2.2 4.800000000000001 0 5.800000000000001 5.2 1.6 3.2 0 0 2.6 17 10.8 0 0.2 0 0 0 0 0 0 0.4 0 0 0 0 0.2 0 0.8 0 0 0 0 1.8 2.4000000000000004 4.800000000000001 0 0 0 0 0 0 0 0 0 0 0 0 0 0 0 0 0 0 0 0 0 0 0 0 0 0 0 0 0 0 0 0 0 0.8 0 0 15.600000000000001 15 0 0.2 0 0 0 0 0 2.6 0 0 0 0 0 0 0 0 0 0 0.2 0 0 0 2.2 0 0 0 1.6 0 0 0 0 
 0 0 0 0 0 0 0 0 0.2 0 0 0 0.6000000000000001 0 0 0 0 0 0 0 38.6 6 9 27.400000000000002 13 24.200000000000003 20.400000000000002 18.6 23.6 46 0 92.4 5.2 33.2 11.8 39.400000000000006 44.800000000000004 62 24.6 15.8 0 0 0.2 0.6000000000000001 0 0 0.4 0.8 0.6000000000000001 0 0.6000000000000001 0 12.600000000000001 0 0 0 0 0.4 0.6000000000000001 0.4 0.6000000000000001 0.4 0.4 0 0 0 0 0 0.6000000000000001 0.6000000000000001 0 0.6000000000000001 0 0 0.6000000000000001 0 0.4 0 0.4 0 0.4 0 0 0 0 0 0 0.2 0 0 0 0 0 0 0 0 0 0 0.2 0 0 14 2 2.6 0 2 3.4000000000000004 0.2 11.4 5.4 0 4.800000000000001 0 4 2.4000000000000004 0 1.2000000000000002 2.4000000000000004 4 0 3.4000000000000004 0 3.6 0 0 0 2.4000000000000004 5 0.6000000000000001 0 1.8 0 11.200000000000001 3.2 1.6 1.8 0 0 4.2 2 0 0.2 0 0 0 0.2 0 0.4 0 0 0 0 0 0 0 0 0 1.8 0.8 0 0 0 0 0 0 0 0 0 3.4000000000000004 0 0 0 0 0 0 1 0 0 0.4 0 2 2.2 1.8 4.800000000000001 2 6.2 1.8 3.4000000000000004 1.8 2.8000000000000003 2.8000000000000003 3 2.6 0 0.2 1.8 5 5.4 0 2.2 0 7.800000000000001 0 0 0 0 0 0 0.4 0 0 0 2 2 3.8000000000000003 8.200000000000001 0 0 2.2 3.4000000000000004 0 0 0 0 0 0.4 0 0.4 0 0 0 0 0 0 0 0 0 0 0 0 0 0 0 0 0 0.2 0 0 0 0 0 0 0 0 0.8 0.4 0 1.2000000000000002 15 0 0 0 0 0 0 0 0 0 0 0 0 0 0 0 0 0 0 0 0 0 0 0 0 0 0.2 1.6 2 0 0 0 
 0.4 0.4 0 0 0 0.4 0 0 0 0.6000000000000001 0 0 0 0 0 0 0 0 0 0 94.60000000000001 11 19 33.2 19.400000000000002 14.200000000000001 18 18.400000000000002 81 131 92.4 0 17.8 63.400000000000006 51 5.800000000000001 44.6 45.6 32 10.4 13 0 0 0.4 0.6000000000000001 0 2.4000000000000004 0.6000000000000001 0 0 0.6000000000000001 0 17.8 12.4 0 0 4 0.4 0.2 5.2 0 0 0 0.6000000000000001 0.2 0.4 1 0.4 0 0 0 0.4 0 0.4 0 0 0.2 0 9.600000000000001 0 0 0 0 0 0 0 0 0 0 2 0 0 0 0 0 0 0 0 0 0 0 6.4 1.8 3.8000000000000003 2.4000000000000004 0 0 1.4000000000000001 2.4000000000000004 2.2 0 2.6 0 0 9.4 2.4000000000000004 0 0 0 0 0 0.4 1.2000000000000002 0 0 0 0 2.4000000000000004 0.2 0 2 0 2.2 0.6000000000000001 0 2 0 0 2 1.2000000000000002 0 0 0 0 0 0 0 0 0 0 0 0 0 0 0 0 0 0 0 0 1.6 0.4 0.2 0 0 1.6 0 0 4.800000000000001 0 0 0 0 0 0 0.4 0 0 0 0 5.800000000000001 0 0 0 8.6 0 2 4.2 1.6 2.8000000000000003 5 2.8000000000000003 2.4000000000000004 0 0 4.4 6 1.2000000000000002 1.8 2.2 0.4 0 0 0 0 0 2.2 0 0 0 0 0.2 2 0 2.2 0 0 0 1.6 1.8 0 0 0 0 0 0 0 0 0 0 0 0 0 0 0 0 0 0 0 0 0 0 0 0 0 0 0 0 0 0 0 0 0 0 1.4000000000000001 0.4 0.8 15.600000000000001 15.200000000000001 0 0.4 5.800000000000001 0 0 0 0 1.2000000000000002 0 0 0 0 0 0 0 0 0 0 0 0 2.6 0 0.2 0 0 0 0 0 0 0 0 
