 0 34.6 57.800000000000004 99.60000000000001 6.4 49 36.6 63.2 28 17.8 22.8 5.800000000000001 32 27.200000000000003 10.600000000000001 14.600000000000001 23.6 7.2 66.8 10 0.2 2 0 0.4 0 0.6000000000000001 0 1 0.6000000000000001 0.2 0.4 0.6000000000000001 0.6000000000000001 0 2.2 0 0 0.2 0.2 0 0.6000000000000001 0.6000000000000001 0 0 1.2000000000000002 0 0.6000000000000001 0 0 0.4 0.4 0 0 0 0 0.6000000000000001 1 0 0 0 0.6000000000000001 0.6000000000000001 0 0.6000000000000001 0.4 0 0 0 10.8 0.4 0.6000000000000001 0.6000000000000001 0 0 0 0.6000000000000001 0 0 0 0 6.6000000000000005 0 5.4 2.8000000000000003 2.2 0 3.6 4.2 3.6 7 0.4 8 0 2.8000000000000003 2.8000000000000003 4.6000000000000005 9.4 0 0 2.4000000000000004 0 0 0 0 0 0 0 0 0 0 0 0 0.2 0 0 0 0 0 0.4 0 0 0 0 0 0 0 0 0 3.2 0 0 0 0 0 0 0 2.4000000000000004 0 0 0 0 0 0 0 0 0.4 0 0 0 2 0.4 0 0 0 0.4 0 0 0.2 0 0.2 4.2 3.8000000000000003 8 0 0 0 2.2 0.4 4.6000000000000005 0.2 0 1.2000000000000002 8.8 4.2 0.2 7.4 2.6 5.2 0 0 0 0 0 0 0 0 0 0 0 0 0 0 0 0 0 0 0 0 0.8 0.2 0 0 0 0 0.4 0 0 0 0 0 0 0 0 0 0 0 0 0 0 1.4000000000000001 0 0 0 0 0 0 0 0 0 0 0.2 0 0 0 0 0 0 0 0 0 0 0.2 0 0 0 0 18.2 0 0.2 0.6000000000000001 3.8000000000000003 2.8000000000000003 0 0 0 0 0 0 0 0 0 0 0 0 0 0 0 0 0 0 0 0 0 0.2 0 0 0 0 0 0 0 0 0 0 0 0 0 0 0 0 
 34.6 0 25.200000000000003 34.4 24 100.60000000000001 15.8 11.8 64.60000000000001 37.6 12.200000000000001 5.800000000000001 10 14.200000000000001 11.200000000000001 8 25.6 17 34.800000000000004 9.200000000000001 0.4 0 0 0.4 0.2 8.200000000000001 0.4 0.4 1.2000000000000002 0 0.6000000000000001 0 15.8 0 0 0.4 0 0.4 0 15.200000000000001 1 0.6000000000000001 0.6000000000000001 0.4 0.6000000000000001 0 0.4 0 2 0.4 0.4 0 0 13 0 0.6000000000000001 1.2000000000000002 0 0.6000000000000001 0.6000000000000001 0.4 0.6000000000000001 0 1 8.6 2.2 0 0 1 1 0.2 0.6000000000000001 0.4 0.2 0 0.4 0.2 0 0.6000000000000001 0.6000000000000001 0.6000000000000001 3.4000000000000004 0 4.2 5 7.4 0 0 2.8000000000000003 3.6 2 1.6 0 0 5 6 8 10.200000000000001 0 0 0.2 0 0 0 0 0 0 1.4000000000000001 0.4 0 0.2 0 3 0 0 0 0 0 0.8 0 0 0 3.8000000000000003 0 0 0 0 0 1.6 0 0 0 0 0 0 0 0 0 0 0.4 0 0 0 0 0 0 0 0 0 1.8 0 0.6000000000000001 0 0 0 0 0 1.6 0 0 3.8000000000000003 6 3.6 4.4 2.8000000000000003 0.2 0 1.8 4.4 3.8000000000000003 3.4000000000000004 8 0 0.4 0 3 2.4000000000000004 0.6000000000000001 0 0 0 1.4000000000000001 0 0 0 0 15 0 0 0 0 0 0 0 2.6 0.4 0 0 7.2 2.6 0 0 0 0 0 0 0 0 0 0 0 0 0 0 0 0 0 0 0 0 0 0 0 0 0 0 0 0 0 0 0 0 0 0 0 0 0 0 0 0 0 0 0 0 0 0.2 17.6 0 4.6000000000000005 0.6000000000000001 0 0.6000000000000001 0 0 0 0 0 0 0 0 0 0 0 0 0 0 0 0 0 0 0 0 0 0 0 3 4.2 1.6 0 0 0 0 0 0 0 0 0 0 0 0.2 
 57.800000000000004 25.200000000000003 0 17.8 26 5.6000000000000005 26 35.4 13 9.600000000000001 8.6 23.400000000000002 11.200000000000001 34 28 31.6 23.8 68.4 11.200000000000001 46.2 1 0.2 0.4 0.4 0.4 0.8 4 0.8 0.4 0.6000000000000001 1 0.2 0.6000000000000001 0.4 0 0.2 0 0.8 0.6000000000000001 0.4 0.6000000000000001 0.6000000000000001 0 0 0.6000000000000001 0 1.2000000000000002 0 0 0.4 0.8 0 0.4 0 0 0.6000000000000001 1.6 0 12.4 0 0.6000000000000001 0.6000000000000001 0 0.6000000000000001 0 1.8 0 0 7 0.2 1.2000000000000002 0.6000000000000001 0 0 0 1.2000000000000002 0 0 0 0 8.200000000000001 9 7.6000000000000005 5 5 2.2 0 3 5.4 0.2 1.8 8.4 2 2.6 3.8000000000000003 3.8000000000000003 0.2 5 2.8000000000000003 0.6000000000000001 3 0 0 0 0 0 6 0 0 0 0 0 5.6000000000000005 0 0 0 0 0 10.8 0 0 0 0 0 0 0 0 0.2 0 0 0 0 0 0 0 0 0 0 0 0 0.2 0 0 0 0 0 0 0 0 0 0 0 0 0 0 0 0 0 0 0 5 0 3.8000000000000003 4.800000000000001 0 5 0 2 0 0 2.8000000000000003 3.2 1.2000000000000002 6 2.6 0 2.2 8.200000000000001 0.2 0 0 0 0 0 0.2 0 0 0 0 0 0 0 1.8 0 0 0 0 0 7 4 0 0 0 0 0 0 0 0 0 0 0 0 0 0 0 0 0 0 0 0 0 0 0 0 0 0 0 0 0 0 0 0 0 0 0 0 0 0 0 0 0 0 0 0 0 0 0.6000000000000001 0 0.4 0.6000000000000001 4 1 0 0 0 0 0 0 0 4.2 0 0 0 0 0 0 0 0 0 0 0 0 0 0 0 0 0 0 0 0 0 0 0 0 0 0 0 0 0 0 
 99.60000000000001 34.4 17.8 0 87.60000000000001 6.6000000000000005 35.6 47.2 82.2 44 11.600000000000001 8.8 8.4 27.8 9.200000000000001 8.6 8.200000000000001 58.2 62 29.400000000000002 0 0 0 0.4 0.2 0.6000000000000001 0.8 0.4 0.4 0 0.6000000000000001 0 15.4 15 0 0 0.2 0 0 19.6 0.6000000000000001 0.6000000000000001 0 0 0.6000000000000001 0 0.6000000000000001 0 1.2000000000000002 0.4 0.4 0 0.6000000000000001 0 0 0.6000000000000001 1 0 0 0 0.6000000000000001 0.6000000000000001 0 1.2000000000000002 0.2 0 0 0 0.6000000000000001 0.2 0.6000000000000001 0.6000000000000001 0 0 0 1.8 0 0.8 0 0 3.2 4.2 0.2 6.6000000000000005 2.2 5.4 1.2000000000000002 0.2 2.2 2.2 7.800000000000001 2.6 0 2 0 0 0.4 3.6 0 0.2 6.6000000000000005 2.6 0 12 0 0 0 4.2 0.4 0 0.2 0 7.6000000000000005 5.6000000000000005 3.6 5.6000000000000005 4.6000000000000005 0 5.6000000000000005 4.6000000000000005 0 0 0 0 0 0 0 0 0 0 0 0 0 0 0 0 0 0 0 0 0 0 0 0 0 0 0.2 0 0 3 0 0 0 0 0 0 0 0 0.2 0 0.6000000000000001 6 1.4000000000000001 0.2 9.4 1.2000000000000002 0 7.4 0 0 9.200000000000001 4.2 0 4 0 4.800000000000001 3 4.6000000000000005 0 0 4.4 0 0 3.6 0 0 3.4000000000000004 3.4000000000000004 0 0 0 0 6.800000000000001 0 6.800000000000001 0.8 0 0 0 0 0 0 0 0 0 0 0 0 0 0 0 0 0.2 0 0 0 0 0 0 0 0 0 0 0 0 0 0 0 0 0 0 0 0 0 0 0 0 0 0 0 0 0 0 0 0 0.4 0.2 0.2 0 1.6 0 0.4 0 0 0 0 0 0 0 0 0 0 2 0 0 0 0 0 0 0 0 0 0 0 0 0.2 0 0 0 0 0 0 0 0 0 0 0 0 0 0 
 6.4 24 26 87.60000000000001 0 57.400000000000006 10 11 30.8 35.800000000000004 37.4 41.400000000000006 12.600000000000001 33.2 34 82 46.400000000000006 13.600000000000001 14.600000000000001 60 14.8 0 0.6000000000000001 0.4 0.2 0.6000000000000001 31 15.600000000000001 0.4 0 0.8 0 16 15.200000000000001 15 0 0 13.8 0.2 0.4 0.6000000000000001 9.4 0 0 0.4 0 0 0 0 0.4 0.4 0 1.2000000000000002 0 0 0.6000000000000001 0.6000000000000001 0 0 0 0 0.6000000000000001 0 0.6000000000000001 10.8 0 0 0 0 0.6000000000000001 0 0.6000000000000001 0 0 0 0 9.8 0 0 0 0 0 4.6000000000000005 0.2 3 4.4 1.6 0.4 1.4000000000000001 0 2.6 0.4 0 1.8 3 1.4000000000000001 0 3.8000000000000003 0 0 3.4000000000000004 4.4 0 4.4 0 0.4 11.8 4.2 0.2 0 0.4 0 2.6 5.2 1 0 0 11 0 2.8000000000000003 0 0 10.8 0 0 0.4 0 0 0 0 0 0 0 0 0 0 0 0 0 0 0 0 0 0 0 0 0 0 0 0 0 0.2 0 0 0 0 0 0 0 0 0.4 2.4000000000000004 0 1.4000000000000001 2.2 0 0 0 2.8000000000000003 2 0 2.8000000000000003 0 0 0 0 0.2 0 0 0 5.2 2.6 0 0 0 0 1.6 0.4 4 0.4 0 0 0 0 0.4 3 5.800000000000001 0 3.4000000000000004 2 0 0 0 1.4000000000000001 0 0 0 0 4.6000000000000005 0 0 0 0.4 0 0.8 0 0 0 0 0 0 0 0 0 0 0 0 0 0 0 0 0 0 0 0 0 0 0 0 0 0 0 0 0 0 0.4 0 0.4 17.400000000000002 17.8 0 3.2 0 0 0 0 0 0 0 0 0 0 0 0 0 0 0 0 0 0 0 0 0 0 0 0 5 0 0 0 0 0 0 0 0 0 0 0 0 0.4 
 49 100.60000000000001 5.6000000000000005 6.6000000000000005 57.400000000000006 0 9.8 4.800000000000001 8.200000000000001 72.60000000000001 37.4 26.400000000000002 10.8 9.600000000000001 10.4 38.400000000000006 53.6 42.400000000000006 49.400000000000006 52.2 0 0 2.4000000000000004 1 0.4 0.6000000000000001 0 0.4 15 0 0.6000000000000001 0.4 46.400000000000006 20.200000000000003 4.2 0.2 0.2 13 32.2 0.8 0.6000000000000001 0.6000000000000001 0 0.8 0.6000000000000001 0 6.2 0 0.4 0.4 0.4 0 0 0 0 0.6000000000000001 0.6000000000000001 0 0 0 1.4000000000000001 0.6000000000000001 0 0.6000000000000001 0.4 0 0 0 0.4 0.6000000000000001 10.200000000000001 0.6000000000000001 0 0 0 0.4 0 0 0 0 0 5.6000000000000005 1.6 4.2 3.8000000000000003 2.2 0 2.8000000000000003 0 2 2.6 0 0 0.8 0.2 3.8000000000000003 6.6000000000000005 2.4000000000000004 0 2 0 3 0 0 0 0 1.8 8 0 1.4000000000000001 0 0 2 0 5.2 0.2 3.8000000000000003 3 5.6000000000000005 0 0 0 0 0 0 0 0 0 0 0 0 0 0 0 0 0 0 0 0.2 0 0 0 0 0 0 0 0 2.2 0 0 0 0.4 0 0 4 0 0 0 0 0 2 1.8 3 2.8000000000000003 2.6 7 0 0 0 2.2 5.4 0 0 0 3.6 0 0 0 0 0 3.6 4.2 0.4 0.2 0 0 1.6 0 0 0 3.4000000000000004 0 0.2 0 3.8000000000000003 2.6 0 0 4.4 5.2 0 0 0 0 0 0 0 0 0 0 0 0 0 0 0 0 0 0 0 0 2.4000000000000004 0 0 0 0 0 0 0 0 0 0 0 0 0 0 0 0 0 0 0 0 0 0 0 0 1.6 1 0 0.4 0 0.2 2 0 0 0 0 0 0 0 0 0 0 0 0 0 0 0 0 0 0 0 0 0 0 0 2 0.2 1.6 0 0 0 0 0 0 0 0 0 0 0 0 
 36.6 15.8 26 35.6 10 9.8 0 63.2 31.6 49.800000000000004 21.200000000000003 19 61.2 25 78.60000000000001 6.800000000000001 6 48.2 31 39 0.2 0 0 1.6 0 0.6000000000000001 0.4 0.6000000000000001 15.4 0 1.2000000000000002 0.2 1 7.800000000000001 0.6000000000000001 0 0 0 0 0 0.6000000000000001 0.6000000000000001 0 0 0.6000000000000001 0 0 0 0.4 0.4 0.4 0 0 0 0 0.6000000000000001 0.6000000000000001 0 0 0 0.6000000000000001 0.6000000000000001 0 0.6000000000000001 0.2 0 0 0 0.6000000000000001 0 0 0.6000000000000001 0 0 1.2000000000000002 11 0 0 0 0 4 3.8000000000000003 2.8000000000000003 3 5 0.6000000000000001 1.4000000000000001 7.6000000000000005 0 0 2.6 1.4000000000000001 3 7.2 2.4000000000000004 3 1.8 0 3 2.6 0 0 0 0 0 0 0 0 0 0 0 0 0 0 0 0 0 0 0 0 0 0 0 0 0 0 0 0 0 0 0 0 2.6 0 0 0 0 0 0 0 0 0 0 0 0 0 0 0 0 0 0 0 0 0 3.2 0 0 2.6 0 0 0 0 3.6 0 0 0 0 3.6 5.6000000000000005 0 0 0 2 2.6 0 0 3.6 6.6000000000000005 7 5 0 0 0 0 0 0 0 0 0 0 0 0 0 0 0 0 0 0 5.4 2 0 0 0 0 0 0 0 0 0 0 0 0 0 0 0 0 0 0 0 1.8 0 0 0 0 0 0 0 0 0 0 0 0 0 0 0 0 0 0 0 0 0 0.6000000000000001 0 0 0 0.2 0.2 0 0.6000000000000001 17.6 3.2 1.6 0 0 0 0.2 0 0 0 0 0 0 0 0.2 0 0 0 0 0 0 0 0.2 0 0 0 0 0 0 0 0 0 0 0 0 0 0 0 0 0 0 
 63.2 11.8 35.4 47.2 11 4.800000000000001 63.2 0 15.4 30.200000000000003 33.2 3.8000000000000003 18.400000000000002 30.200000000000003 74.4 25.8 43.2 7.6000000000000005 54.6 12.600000000000001 13 0 0 0.4 0.2 15.600000000000001 0 0.4 0.4 0 0.6000000000000001 0 0.6000000000000001 0 0 0 0 0 15.4 0 3.6 0.4 0 4.2 2.8000000000000003 0 0 0 4.2 0.6000000000000001 0.4 0 0 4.4 0.2 4.800000000000001 0.6000000000000001 3 0 2.6 0 10.600000000000001 0 0.6000000000000001 0.2 0 0 0 0.4 0.6000000000000001 0 0.6000000000000001 0 0 0 0 0 0 0 0 6.6000000000000005 5.2 0.2 2.8000000000000003 2 0 3.4000000000000004 0 10.600000000000001 0.8 7 4.4 0 1.6 1.6 0 3.2 4.4 7.800000000000001 8 0 0 0 0 0 0 0 0 0 0 0 0 0 0 0 0 0 0 3.6 0 0 0 0 0 0 0 0 0 0 0 0 0 0 0 0 0 0 0 0 0 0 0 0 0 0 0 0 0 0 0 0 0 0 0 0 0 0 0 0 0 0 4.2 4.6000000000000005 0 0 0 0 0 0 0 4.4 0 3.6 6 0 1.2000000000000002 5.4 11 0 2.2 0 0 0 0 0 0 0 0 0 0 0 0 0 0 0 0 0 2.4000000000000004 3.6 0 0 0 0 0 3.2 0 0 0 0 0 0 0 0 0 0 0 1.4000000000000001 0 0 0 0 0 0 0 0 0 2.6 0 0 0 0 0 1 0 0 0 0 0 0 0 0 2.6 0 0 0 0 0 0 0.4 18 4 2 0 0 0 0 0 0 0 0 0 0 4.2 0 0 0 0.2 0 0 0 0 0 0 0 0 2.2 0 0 0 0 0 0 0 0 0 0 0 0 0 0 
 28 64.60000000000001 13 82.2 30.8 8.200000000000001 31.6 15.4 0 33.6 55.800000000000004 22.6 11 58.2 52.800000000000004 48.400000000000006 80.80000000000001 64.8 94.60000000000001 24.8 0 0 0 0.8 0.4 0.6000000000000001 0.4 0.6000000000000001 0.6000000000000001 0 0.4 0 32 0 0.2 0 0.2 0 0 0 0.6000000000000001 0.6000000000000001 0 0 0.6000000000000001 0 0 0 0 0.4 0.4 0 0 0 0 0.6000000000000001 0.6000000000000001 0 0 0 0.6000000000000001 0.6000000000000001 0 9.8 0.2 10.200000000000001 0 0 0.6000000000000001 0.2 0 0.6000000000000001 0 0 0 0 0 0 0 0 2.8000000000000003 4.800000000000001 0 4.6000000000000005 0 2.4000000000000004 2.6 2 7 2.4000000000000004 3.4000000000000004 0 0 2.2 0 3.8000000000000003 10.200000000000001 7.6000000000000005 4.2 0 0 2.8000000000000003 0 0 0.4 0 0 3.2 0 0 0 0 8 0 4.2 0 0.2 0 3.8000000000000003 0 0 0 0 0 0 0 0 0.2 3.2 0 0 0 0 0 0 0 0 0 0 0 0 4.800000000000001 0 0.2 0 0 0 0 0 4.4 0 0.8 0 0 0 0 0 0 0 0 5.6000000000000005 5.2 3.8000000000000003 2.8000000000000003 3 0 0 2.8000000000000003 2 0 3.2 2.8000000000000003 4.2 3.8000000000000003 0 2 2.4000000000000004 4.2 0.4 5 3.6 1.6 0 0 0 0 0 0 0 0 0 0 0 0 0 3.2 0.2 0 0 0 0 0 0 0 0 0 0 0 0 0 0 0 0 0 0 0 0 0 0 0 0 0 0 0 0 0 0 0.4 0 0 0 0 0 0 0 0 0 0.4 0 0 0 3 0 0 0 0.4 0 0 0 18 0 1.6 0 0 0 0 0 0 0 0 0 0 0 0 0 0 0 0 0 0 0 0 0 0 0 1.8 0 0 0 0 0 0 0 0 0 0 0 0 0 0.8 
 17.8 37.6 9.600000000000001 44 35.800000000000004 72.60000000000001 49.800000000000004 30.200000000000003 33.6 0 34.4 36.800000000000004 7.2 109 37.4 36.4 69.8 7.2 34.4 20 0 0 0 0.8 0 0.6000000000000001 15.4 3.2 0.4 0 0.6000000000000001 0.2 27.6 0 0 0.2 0 0 0 14.600000000000001 0.6000000000000001 0.4 1 0 0.6000000000000001 0 0 0 0.8 0.4 0.4 0 0 0.2 1.2000000000000002 0.6000000000000001 0.6000000000000001 0 0 0 0 0.6000000000000001 0.4 0.6000000000000001 6.2 0 0 0 0.4 0.6000000000000001 0 0.6000000000000001 0 0 0.2 0 0 0 0 0 0.4 2.6 0.2 4.4 4 5.6000000000000005 2.4000000000000004 0.2 3.8000000000000003 6.4 5.800000000000001 0.2 0 4 4 3.2 9 0 0.8 3 0 0 0 0 0 0 0 8.8 0 0 0 0 2.6 0.2 0 0.6000000000000001 0 0 0 0 0 0 0.2 0 0 0 0 0 0 0 0 0 0 0 0 0 0 0.4 0 0 0 0 0 0 0 0 0 0 0 0 0 0.8 0 0 0 0 0.4 0 0 0 0 2.8000000000000003 4 3.2 3.2 0.8 0.2 2.8000000000000003 0 0 0 2.8000000000000003 2.8000000000000003 5.2 0 1 3.8000000000000003 4.2 0 0 0 4.800000000000001 0 0 0 0 0 2.8000000000000003 0 0.4 0 0 0 0 3 0 0.6000000000000001 0 0 5.800000000000001 0.4 0 0 0 0 0 0.4 0 0 0 0 0 0 0 0 0 0 0 0 0.2 0 0 0 0 0 0 0.4 0 0.6000000000000001 0 0 0 0 0 0 0.4 2 0 0 0 0 0 0 0 0 0 0.4 0 0.6000000000000001 0.6000000000000001 4.6000000000000005 2.4000000000000004 2.8000000000000003 0 0 0 0 0.2 0 0.2 0 0 3.2 0 0 0 0.4 0 0 0 0 0 0 0 0 3.6 0.2 2.6 0 0 0 0 0 0 0 0 0 0 0 0 
 22.8 12.200000000000001 8.6 11.600000000000001 37.4 37.4 21.200000000000003 33.2 55.800000000000004 34.4 0 28.400000000000002 6.800000000000001 25.8 13.4 18.6 144.4 38 24.8 33.2 0 0 0 0.4 0.2 0.4 0 0.6000000000000001 0.6000000000000001 0 0.4 0 6.4 0 0.2 0 5.2 0 0 0 0 0 0 0 0 0 0.2 0 0 0 0 0.2 0.6000000000000001 1.2000000000000002 0 0 0 0 16.2 0.4 0 0 0 0 0 0 0.4 0 0 0 0.6000000000000001 0 0 0 0 0 0 0 0.6000000000000001 0 0 9.600000000000001 2 4.2 6.6000000000000005 7 4 0 2 6 0 4 0 3.6 2.4000000000000004 11.600000000000001 9 3.4000000000000004 0 2.2 0 0 0 0 0 0 0 0 0 0.4 0 0 1.8 0 0.2 0 0 0 4.2 0 0 0 0 0 0 0 0 0 2.4000000000000004 0 0 0.2 0 0 0 0 0 0 0 0 0.4 0 0 0 0 0 0.2 0 0 8.6 0 0.6000000000000001 0 0 0 0 0 0 0 0 6.2 4 7.800000000000001 4.6000000000000005 0 2.8000000000000003 0 0 2.2 0 0 0.4 0 4.800000000000001 0.2 5 1.8 6.800000000000001 0.4 0.4 0.2 9 0 0 0 0 0 0 0 0 0 0 2.4000000000000004 0 0 0 0 0 7 3.4000000000000004 0 0 0 0 0 0 0 0 0 0 0 0 0 0 0 0 0 0 0 2 0 0 0 0 0 0 0 0 0 0 0 0 0 0 0 0 0 0 0 0 0 0 0 0 0 0 0.4 0 1 10 2.8000000000000003 2.4000000000000004 0 0 0 0 0 0 0 0 0 0 0 0 0 0 0 0 0 4.6000000000000005 0 0 0 0 0 3.4000000000000004 0 1.2000000000000002 0 0 0 0 0 0 0 0.2 0 0 0 0 
 5.800000000000001 5.800000000000001 23.400000000000002 8.8 41.400000000000006 26.400000000000002 19 3.8000000000000003 22.6 36.800000000000004 28.400000000000002 0 3.2 8.4 6.6000000000000005 9.200000000000001 35 22.6 5 8 5.4 0 0 0.4 15.600000000000001 0.6000000000000001 29.400000000000002 1.8 0.4 0 0.6000000000000001 0.4 17.8 14.8 4.4 0 0 42 0 0 0.6000000000000001 0.4 0 0 0.4 0 0 0 0 0.4 0.4 0 4 0 0 0.6000000000000001 0.6000000000000001 0 0 0 0 0.6000000000000001 0 0.6000000000000001 8.8 0 0 0 0 0.6000000000000001 0 0.6000000000000001 0 0 0 0 0 0 7.4 0 4 0 1.2000000000000002 6.6000000000000005 7.2 10 2.2 0 8.8 0 2 0 0 2.6 6 7.2 3.8000000000000003 0 4 0 0 2.8000000000000003 0 0.6000000000000001 0 0 4.2 6 0 0.4 0 0 0 3.2 2.8000000000000003 0 0 3.8000000000000003 0 0.4 0 0 2 0 0 0 0 0 0.4 0 0 0 0 0 0 0 0 0 0.4 0 0 0 0 0 0 0 0 0 0 0.2 0 1 0 0 0 0 0 0 0 0 0 2.4000000000000004 4.6000000000000005 2 0.2 0 0 2.4000000000000004 0 0 0 0.4 0 2.8000000000000003 0 0 3.6 7.6000000000000005 0 0 2.2 3.4000000000000004 0 0 0 0 0 3.8000000000000003 0 0 0 0 0 0.2 0 1.8 1.2000000000000002 0 6.800000000000001 5.6000000000000005 0 0 0 0 0 0 0.4 0 0 0 0 0 0 0 0.8 0 2.2 0 0 0 0 0 0 0 0 0 0 0 0 0 0 0 0 0 0 0 0 0.2 0 0 0 0 0 0 0 0 0 0 1 18.6 4.4 2.6 0 0 0 0 0 0 0 0 0 0 0 0 0 0 0 0 0 0 0 0 0 0 0 4 2.4000000000000004 1.2000000000000002 0 0 0 0 0 0 0 0 0 0 0 0 
 32 10 11.200000000000001 8.4 12.600000000000001 10.8 61.2 18.400000000000002 11 7.2 6.800000000000001 3.2 0 11.200000000000001 10 27.200000000000003 4.2 6.6000000000000005 43.400000000000006 25.8 0.2 0 0 0.4 0 0.6000000000000001 0 0.4 0.4 0 0.6000000000000001 0.6000000000000001 0.6000000000000001 0 0 0 0.2 0 0.4 0 0.6000000000000001 1.4000000000000001 0 0 0.2 0 0 2 0 0.4 0.4 0 0 0.2 0 0.6000000000000001 0.6000000000000001 0 0 0 0 0.4 0 0.6000000000000001 0.4 0 0 0 0 0.6000000000000001 0 0.4 0 0 0.4 0 0 0 0 0 0 0 0 0 0 0 3.2 0 0 0 0 0 12.8 0 0 0 0 0 6.4 5.800000000000001 0 0 0 0 0 0 0 0 0 0 0 0 0 0 0 0 0 0 0 4.2 0 0 0 0 0 0 0 0 0 0 0 0 0 0 0 0 0 0 2.6 0 0 0 0 0 0 0 0 0 0 0 0 0 0 0 0 0 0 0 0 0 0 0 0 0 0 0 8.4 1.6 0.2 0 0.6000000000000001 0 0 0 2.2 4 0 0 0 0 0 0 5.6000000000000005 0 0 0 0 0 0 0 0 0 0 0 0 0 0 0 0 0 0 2.4000000000000004 0 0 0 0 0 0 0 0 0 0 0 0 0 0 0 0 0 0 0 0 0 0 0 0 0 0 0 0 0 0 0 0 0 0 0 0 0 0 0 0 0 0 0 0 0 0 0 0.4 0 1.2000000000000002 0 0 0 0 0 0 0 0 0 0 0 0 0 0 0 0 0 0 0 0 0 0 0 0.6000000000000001 0 0 0 0 0 0 0 0.2 0.2 0 0 0 0 0 
 27.200000000000003 14.200000000000001 34 27.8 33.2 9.600000000000001 25 30.200000000000003 58.2 109 25.8 8.4 11.200000000000001 0 27.6 27.200000000000003 25.8 35.4 84.60000000000001 51 0.4 0 0.4 0.4 0.4 0.6000000000000001 0 0.6000000000000001 1 0.2 0.8 0 0.8 0 0.8 0.8 6.2 0 0.2 0.2 1.2000000000000002 0.6000000000000001 0 2 1.4000000000000001 0 0 0 0.4 14.200000000000001 1 0 0 0 0 1 1.2000000000000002 0 0.6000000000000001 0 0.6000000000000001 0.6000000000000001 0 1 1.2000000000000002 0.6000000000000001 0 0 0.6000000000000001 1.4000000000000001 0.2 1.8 0 0 0.4 0 0 0.4 0 0.2 2.8000000000000003 5.800000000000001 2.6 2.2 0 0 3 6.800000000000001 4.800000000000001 0 0 0 0 2.6 3.8000000000000003 3.2 2.4000000000000004 3.6 0 2.2 0 0 0 0 0 0 0 0.2 0 0 0 0 0 0 0 0 0 0 0 0 0 0 0 0.4 0 0 0 0 0 0 0 0 0 0 0 0 0 0 0 0 0 0 0 0 0 5.6000000000000005 0 0 0 0.2 0 0 0 0 0 0 0 0 0 0 4.800000000000001 5.6000000000000005 4.4 2.8000000000000003 0 1.8 4.800000000000001 0 0 0 1.6 0 8.4 4.2 10.200000000000001 3.2 12.4 4.4 0 2.8000000000000003 0.4 0 0 0.2 0 0 0 0 0 0 0 0.2 2 0 0 0 0 0 2.8000000000000003 3.4000000000000004 0 0 0 0.4 0 0 0 0.2 0 0 0.4 0 0 6.2 0 0 0 0 0.4 0 0 0 0 0 0.2 0 0 0 0 0 0 0 0 0 0 0 0 0 0 0.4 0 0 0 0 0 0.4 14.200000000000001 0 0.4 9.600000000000001 0.4 3.2 0 0 0 0 0 0 0 0 0 0 0 0 0 0 0 0 0 0 0 0 0 0 0 2.4000000000000004 0 0 0 0 0 0 0 0 0 0 0 0 0 0 
 10.600000000000001 11.200000000000001 28 9.200000000000001 34 10.4 78.60000000000001 74.4 52.800000000000004 37.4 13.4 6.6000000000000005 10 27.6 0 33.6 65 8 87.80000000000001 38.400000000000006 0.2 0 0 0.4 0 0.6000000000000001 0 0.6000000000000001 0.6000000000000001 0.4 0.4 0 0.6000000000000001 0 0 0.4 0 0.4 0 0 0.6000000000000001 0.6000000000000001 0 0 0.6000000000000001 0 0 0 0 0.4 0.4 0 0 0 0 0.6000000000000001 0.6000000000000001 0 0 0 0.6000000000000001 0.6000000000000001 0.4 0.6000000000000001 0.2 0 0.4 0 0.6000000000000001 0.2 0 0.6000000000000001 0 0 6.800000000000001 10.200000000000001 0 0 0 0 9 1.8 0.2 3.2 0.2 0 1.6 2.8000000000000003 0 4.4 4.2 0 0 3.8000000000000003 1.4000000000000001 2.6 2 2.2 9.600000000000001 1.4000000000000001 0 0 1.4000000000000001 0 0 0 0 0 0 0 0 0 0 0 0 0 0 0 0 0 0 0 0 0 0 0 0 0 0 0 0 0 0 0 0 0 0 0 0 0 0 0 0 0 0 0 0.4 0 0 0 0 0 0 0 0 0 0 0.6000000000000001 0 0 0 0 2.2 1.8 0 0 2 6.6000000000000005 5.2 6.4 0 0 7.4 0 0 3 0.2 0 3.2 5.4 0 0 0 0 0 0 3.6 0 0 0 0 0 0 0 0 0 0 0 2.8000000000000003 0 0 0 0 0 0 0 0 0 0 2 0 0 0 0 0 0 0 0 0 0.2 0 0 0 0 0 0 0 0 0 0 0 0 0 0 0 0 0 0 0 0 0 0.2 0 0 0 0.2 0.2 0 1.2000000000000002 0.4 0 1.2000000000000002 1.6 0 0 0 0 0 0 0 0 0 0 0 0 0 0 0 0 0 0 0 0 0 0 0 2.2 0 0 0 0 0 0 0 0 0 0 0 0 0 
 14.600000000000001 8 31.6 8.6 82 38.400000000000006 6.800000000000001 25.8 48.400000000000006 36.4 18.6 9.200000000000001 27.200000000000003 27.200000000000003 33.6 0 32.6 26.200000000000003 105.2 17.400000000000002 0.6000000000000001 0 1 0.8 0 0.6000000000000001 6.800000000000001 0.4 0.6000000000000001 0 1.2000000000000002 0.2 28.400000000000002 0.4 0 0 0 0 0 0 1.2000000000000002 0.4 0 0 0.6000000000000001 0 0 0 0.6000000000000001 1 1 0.8 0.4 0.4 1.2000000000000002 0.6000000000000001 1.6 0 0 0.6000000000000001 0 0.6000000000000001 1 0.6000000000000001 9.200000000000001 0 0 0 11.8 1.6 0 0.6000000000000001 0 0 0 0.6000000000000001 0 0 0 0 0.2 2.4000000000000004 4.800000000000001 2.8000000000000003 0 0 0 0 7 0.2 0 6.4 0 8 5.800000000000001 0 7 7.2 13.200000000000001 0 1.8 0 0.2 0 0 0 0 3.2 0 0 0 0 0 1.4000000000000001 0 0 0 0 5.6000000000000005 0.4 0 0 2.2 0 0 0 2.4000000000000004 0 0.4 0 0 0 0 0 0 0 0 0 0.4 0 0 0 0 0 0 0.2 0 0 0 0 0 4.800000000000001 0 0 0 0 0 0 0 0 0 4.2 0 0 0 1.4000000000000001 0.4 3.8000000000000003 0.2 1.4000000000000001 1.4000000000000001 0 4.800000000000001 1.4000000000000001 3.8000000000000003 0 0 6.800000000000001 3.6 1 0 0 0 0 0 0 3 0.2 0 0 1.6 0 0 0 0 0 0 0 0.2 0 0 0 0 0 0 0 0 2.2 0 0 0 0 0 0 0 0 0 0 0 0 0 0 0 0 1.6 0 0 0 0 0 0 0 0 0 0 0 0 0 1.8 0 0 1.8 0 0 0 0.2 18.2 0 0.4 0.2 0 2.8000000000000003 3.8000000000000003 0 0 0 0 0 0 0 0 0 0 0 0 0 0 0 0 0 0 0 0 0 0 0 2.4000000000000004 0 0 0 0 0 0 0 0 0 0 0 0 0 
 23.6 25.6 23.8 8.200000000000001 46.400000000000006 53.6 6 43.2 80.80000000000001 69.8 144.4 35 4.2 25.8 65 32.6 0 31.400000000000002 29.6 27.200000000000003 0 0 0 0.4 0 0.6000000000000001 0 0.6000000000000001 0.8 0 0.4 0 15.200000000000001 0.2 0 0 0.4 0 0 0 0.6000000000000001 0.6000000000000001 0 0 1.2000000000000002 0 0 0 0 0.4 0.4 0 0 0 0 0.6000000000000001 0.6000000000000001 0 0 0 0.6000000000000001 0.6000000000000001 11.600000000000001 0.6000000000000001 9.200000000000001 0 0 0 10.200000000000001 0.6000000000000001 0 0.6000000000000001 0 0 0 0 0 0 0 0 2.6 9.8 0.2 3.2 3.8000000000000003 4 9.200000000000001 2.6 9.200000000000001 2 1 3.2 0 3.6 4.4 3.6 4.2 8.4 6.2 13.4 0 2 0 0 0 0 0 0 0 0 0 0 3 0 0 0 0 0 4.4 0 0 0 2 0 0 0 0 0 0 0 0 0 0 0 0 0 0 0 0 0 0 0 0 0 0 0 0 0 0 0 0 0.6000000000000001 0 0 0 0 0 0 0 0 0.6000000000000001 4.6000000000000005 0 3.6 4.2 0 0 0 0 0 0 3 4.4 1.4000000000000001 0 2 0 6.4 0 3.4000000000000004 2 0 0 0 0 0 0 0 3.4000000000000004 0.2 0 0 0 0 0 0 0 0 7 2.4000000000000004 0.2 0 0 0 0 0 0.2 0 0 0 0 0 0 0 0.2 0 0 0 0 0 0 0.2 3 0 0 0 0 0 0 0 0 0 0 0 0 0 0 0 0 0 0 2.6 0 0 0 0.4 0.2 0.2 0 17.6 0.2 1.6 6 0 0 0 0 0 0 0 0 0 0 0 0 0 0 0 0 0 0 0 0 0 0 0.2 4.2 0 0 0 0 0 0 0 0 0 0 0 0 0 
 7.2 17 68.4 58.2 13.600000000000001 42.400000000000006 48.2 7.6000000000000005 64.8 7.2 38 22.6 6.6000000000000005 35.4 8 26.200000000000003 31.400000000000002 0 26.8 10 0 0 0 0.4 0 0.6000000000000001 30.400000000000002 0.4 0.4 0 0.6000000000000001 0.6000000000000001 27.6 20.6 0 0 0 0 0 14.8 0.6000000000000001 0.6000000000000001 0 1 0.6000000000000001 0 0 12.600000000000001 0 0.4 0.4 0 0 0 0 0.6000000000000001 0.6000000000000001 0 0 0 11.600000000000001 0.6000000000000001 0 0.6000000000000001 0.2 0 0 0 0.6000000000000001 0.2 0 0.6000000000000001 0 0 0 0 0 0 0 0 0 10.8 5.6000000000000005 4.800000000000001 2.2 4.800000000000001 0 2.8000000000000003 0 0 2.6 0.4 0 0 2.6 5 2.2 6.800000000000001 0 2.2 2.4000000000000004 0 0 1.4000000000000001 0 0 3 3 0 7.6000000000000005 0 0 2.8000000000000003 1.6 3.2 2.4000000000000004 3.2 0 2.6 0.2 0 0 0 0 0 0 0 0.2 0 0 0 0 0 0 0 0 0 0 0 0 0 0 0 0 0 0 0 2 0 0 0 0.8 0 0 0 0 0 0 0 0 5.4 11.4 2.8000000000000003 6 0.2 3.4000000000000004 0 0 0 0 1 0.4 0 2 4 0 0 0 0 0.2 2.6 2.2 0 0 0 0 3.4000000000000004 4.800000000000001 0 0 0 0 4.2 0 0 3.2 0 0 2.6 0.4 0 0 0 0 0 0 0 0 0.2 0 0 0 0 0 0 0 0 0 0 0 0 0 0 0 0 0 0 0 0 0 0 0 0 0 0 0 0 0 0 0 0 0 0 0 0 0 0.4 0.6000000000000001 0 0.2 0 2 0 0 0 0 0 0 0 0 0 0 0 0 0 0 0 0 0 0 0 0 0 0 0 3.6 0 2.8000000000000003 0 0 0 0 0 0 0 0 0 0 0 0 
 66.8 34.800000000000004 11.200000000000001 62 14.600000000000001 49.400000000000006 31 54.6 94.60000000000001 34.4 24.8 5 43.400000000000006 84.60000000000001 87.80000000000001 105.2 29.6 26.8 0 57.2 0.4 0 0.4 0.4 0.4 0.6000000000000001 0 0.4 0.4 0 0.6000000000000001 0.2 1.2000000000000002 0 0 0 0 0 0 0 2.4000000000000004 0.6000000000000001 0 0 0.8 0 0 0.2 0.4 0.8 0.4 0 0 0.2 0.2 0.6000000000000001 0.8 0 0 0.6000000000000001 0.2 0.6000000000000001 2.8000000000000003 0.6000000000000001 0.6000000000000001 0.4 0 0 0.2 0.6000000000000001 1 0.6000000000000001 0 0 0 0 0 0 1 0 0 2 3.8000000000000003 0 0 0 0.2 2.8000000000000003 6.800000000000001 0 5.6000000000000005 0 0.2 6.800000000000001 8.6 0 3.8000000000000003 0 5.800000000000001 13 0 0 0 0 0 0 0 0 0 0 0 0 0 0 0 0 0 0 0.2 0 0 0 0 0 0 0 0 0 0 0 0 0 0 0 0 0 0 0 0 0 0 0 0 0 0 1.6 0 0 0 0 0 0 0 0 0.2 0.2 0 0 0 0.4 3.6 3.4000000000000004 0 0 0 0 19.400000000000002 2.6 0 0 0.8 0 7 0.2 7.2 0 2.4000000000000004 0.4 4.4 4 0 0 0 0 0 0 0 0 0 0 0 0 0 0 0 0 0 0 0.2 0 0 0 0 0 0 0 0 0 0 0 0 0 0 0 0 0 0 0 0 0 2.4000000000000004 0 0 0 0 0 0 0 0 0 0.4 0 0 0 0 0 0 0 0 0 0 2.8000000000000003 0 0 0 0 1.6 0 0.4 0 0 2.4000000000000004 4.6000000000000005 0 0 0 0 0 0 0 0 0 0 0 0 0 0 0 0 0 0 0 0 0 0 0 0 0 0 0 0 0 0 0 0 0 0 0 0 0 
 10 9.200000000000001 46.2 29.400000000000002 60 52.2 39 12.600000000000001 24.8 20 33.2 8 25.8 51 38.400000000000006 17.400000000000002 27.200000000000003 10 57.2 0 0.6000000000000001 0 0 0.6000000000000001 0 0.6000000000000001 0 0.4 0.4 0 0.6000000000000001 0.2 1.2000000000000002 0 0 0 0 0 0 0 13.4 0.4 0 2 0.2 0 0 0 0 0.4 0.4 0 0 0.2 0 0.6000000000000001 0.6000000000000001 0 0 0 0 0.4 1 0.6000000000000001 1.2000000000000002 0 0 0 0 0.6000000000000001 0 0.4 0 0 0 7.6000000000000005 0 0 0 0 0.4 4 4.2 0 0.2 0 2.2 11.4 0 0.4 0 1.6 0.2 0.2 2.8000000000000003 5.800000000000001 4 3.4000000000000004 4.2 6.6000000000000005 0 0 0 0 0 0 0 0 0 0 0 0 0 0 0 0 0 0 0 0.4 0.4 0 0 0 0 0 0 0 0.4 0 0 0 0 0 0 0 0 0 0.4 0 0 0 0 0 0 0 0.2 0 0 0 0 0 0 0 0 0 0 0 0 0 4.6000000000000005 0 3.6 1.8 0 1.8 0.6000000000000001 3.8000000000000003 2.2 0.4 0 0 4.2 7.6000000000000005 4.800000000000001 0.4 0 0 1.8 11.600000000000001 0 2.4000000000000004 0 0 0 0 0 0 0 0 0 0 1.8 0 0 0 0 0 3.8000000000000003 0.4 0 0 0 0 0 0 0 0 0 0 0 0 0 0 0 0 0 0 0 1.4000000000000001 0 0 0 0 0 0 0 0 0 0 0 0 0 0 0 0 0 0.2 0 0 0 0 0 0 0 0 0.4 0.6000000000000001 0 0.2 0 2.2 3.8000000000000003 0 0 0 0 0 0 0 0 0 0 0 0 0 0 0 0 0 0 0 0 0 0 0 0 0 0 0 0 0 0 0 0 0 0 0 0 0 
 0.2 0.4 1 0 14.8 0 0.2 13 0 0 0 5.4 0.2 0.4 0.2 0.6000000000000001 0 0 0.4 0.6000000000000001 0 14.4 30.400000000000002 28 7 23.400000000000002 24.200000000000003 62 5.4 52.2 6 20.200000000000003 21 7.6000000000000005 19.400000000000002 26.200000000000003 9.8 27.200000000000003 12 21.400000000000002 0 0 0 0 14.8 0 1.2000000000000002 0 0 0 0.6000000000000001 7.4 2.8000000000000003 0 0 0.2 1 0 0 0.8 0 0 0 0.4 0 1 0 11.600000000000001 0.6000000000000001 0 0 0 1.2000000000000002 0 0 0 0 0 0 0 0 0 0 0 0 0 0 0 0.2 0 0 0 0 0 0 0 0 0 0 0 0 11.8 3.8000000000000003 0.4 0 0 0.2 0 6 4.800000000000001 1.8 0 0 5.4 6 2.2 0 7.6000000000000005 0 0 0 0 0 0 0 0 2.2 0 0 0 0 0 0 4.6000000000000005 0 0 0 0 3.6 0 0 0 0 0 0 0 0 0 0 0 0 0 0.4 0 0 0 0 0 0 0 0 0 0.2 0 0 0 4.2 0.8 0 0 0 0 0 0 0 0 0 1.4000000000000001 0 0 6.2 4.6000000000000005 10.200000000000001 2.2 0.2 0 0 3.8000000000000003 1.8 6.2 2.8000000000000003 2.6 0 0.2 0 4.4 5 3 3.2 0 3 0 0 0 0 0 0 0.2 0 0 0 0 3.6 3.2 0.8 0 0 0 11.600000000000001 0 0.4 0 0 0 0 0 0 0 0 0 0.2 0 0 0 0 0 0.2 0 0 0 0 0 0 0 0 0.4 0.4 0 0 0 0 0 0.2 0 1.8 0.8 0 0.2 15.200000000000001 0 3.6 0 0.2 0.2 0 0 0.4 0.4 0 0 0 0 0 0 0 0 0 0 0 2 0 0 0 0 0 0 0 0 0 0 
 2 0 0.2 0 0 0 0 0 0 0 0 0 0 0 0 0 0 0 0 0 14.4 0 76.4 28.6 42.2 8.4 11.600000000000001 58.2 71.2 26.200000000000003 40.2 42.2 14.4 24.200000000000003 45.400000000000006 70.4 76.60000000000001 28 50.800000000000004 15 0 0 0.4 0 0 0 0.6000000000000001 0 0 0.2 0.4 0 0.4 0 0 0 0 0 5.800000000000001 0.8 0 0 0 0.4 0 0 0 0 0.4 0 0 0 0 10.8 0 0 0 0 0 0 0 0 0 0 0 0 0.2 0 0 0 0 0 0 0 0 0 0 0 0 0 0 0 2.4000000000000004 0 0 0.2 0.8 0.2 5.4 0 5.4 4 0 0 4.4 2.6 0 0 0 0 0 0 0 0.4 0 0 3 0 0.2 0 0 0 0 0 0 0 0 0 2.8000000000000003 0 0 0 0 0 0 0 0 0 0 1.4000000000000001 0 0 0 0.6000000000000001 0 0 0 0 0 0 0 0 0 0.4 0 0 0 0 0 0 0 0 0 1 0.8 0 0 0 0 0 1.8 1.8 6 3.8000000000000003 2 0.2 0 1.2000000000000002 4.6000000000000005 8.6 1 5.4 2.2 3.4000000000000004 0 5.2 4 4.4 0 0 1.6 2.4000000000000004 0 0 0 0 0 0.2 2.6 0 0 0 5.6000000000000005 3.8000000000000003 0 0 0 0 7.4 0 0 0 0.4 0 0 0 0 0 0 0 0 0 0 0 0 0.4 0 0 0 0 0 0 0 0 0 0.4 0 0 0 0 0 0 0 0 1.8 0 0.4 15.600000000000001 0 0 0.4 0 0 0 0 0 0 0 0 0 0 0 0 0 0 0 0 0 0 7.2 0 0 0 0 0 0 0 0 0 0 
 0 0 0.4 0 0.6000000000000001 2.4000000000000004 0 0 0 0 0 0 0 0.4 0 1 0 0 0.4 0 30.400000000000002 76.4 0 38.6 47 119.2 29.6 39.400000000000006 38.6 49 22.6 22.6 14.600000000000001 11.200000000000001 10.200000000000001 57.6 35.6 54.800000000000004 6.2 31.8 0 0 0 0 1.2000000000000002 0 0.6000000000000001 0 0.6000000000000001 0 1.6 0 14 2.4000000000000004 0 0 0.2 0 13.4 0.6000000000000001 1.2000000000000002 0 0 0.4 0.2 0 1.4000000000000001 0 0.6000000000000001 0 12.8 10.600000000000001 0 1.2000000000000002 0 0 0 0 0 0 0 0 0 0 0 0 0 0 0 0 0 0 0 0 0 0 0 0 0 0 0.2 0 8 7.800000000000001 2.2 0.2 3.2 0.8 0 2.8000000000000003 2.6 0 0 0 2.6 3.4000000000000004 7 0.8 0 0 0.2 0 0 0 0 0 0 0.2 0.4 0 0 0 0 0 0 0 0 0 8.4 0 0 0 0.8 0 0 0 0 0 0 0 0 0 0 0 0 0 0 0 0 0 0 0 0 0 0 0 3.8000000000000003 0 0 0 0 0 0 0 0 0 0 1.2000000000000002 0 1.4000000000000001 0 0 4.2 2.4000000000000004 1.8 4.4 0 2.6 1.2000000000000002 3.8000000000000003 3 2.2 1.8 0.2 0.2 0.2 0 5.2 0 3.2 5.2 5.2 0 0 0 0.4 2.4000000000000004 3.8000000000000003 3.2 0 0 0 3.8000000000000003 2.6 0 0 0.2 0 10.200000000000001 0 0 0 0 0 0 0 0 0 0 0 0 1.2000000000000002 0 0 0 0 0 0 0 0 0 0 0 0 0 0 0 0 0 0 0 3.6 0 0 3 0.2 0 0.2 15.4 0 3.8000000000000003 0 0 0 0 0 0 0 0 0 0 0 0 0 0 0 0 0.4 0 1.4000000000000001 0 0.4 0 0 0.4 2 0 0 0 0 
 0.4 0.4 0.4 0.4 0.4 1 1.6 0.4 0.8 0.8 0.4 0.4 0.4 0.4 0.4 0.8 0.4 0.4 0.4 0.6000000000000001 28 28.6 38.6 0 80.2 16.2 19 34 17.6 62.800000000000004 43.2 58.800000000000004 11.200000000000001 18.400000000000002 32.6 25.6 85.4 8.200000000000001 13 10.4 0 1.2000000000000002 0 0 0.4 0 5 0 1.6 0 7 0 13.200000000000001 0.2 0 0 0 0.4 25 14.200000000000001 0.6000000000000001 1.2000000000000002 1.2000000000000002 0.6000000000000001 0.8 0 1 0.6000000000000001 0.8 0 0 0 0 0 0 0.2 0 0.6000000000000001 0 0 0 0 0 0 0 1.8 0 0 0 0 0 0 0 0 0 0 0.4 0 0 0 0 2 3 7 3 0 2.2 0 2 0 10.200000000000001 4.800000000000001 0 0 0 3.4000000000000004 3 6.4 0 0 0 0 0 0 0 0 2.4000000000000004 0.2 1.2000000000000002 0 0 3.4000000000000004 3.2 4 4.6000000000000005 0 2.4000000000000004 0 3.4000000000000004 1.8 0 0 0 0 0 0 1.6 0 0 0.8 0 0 0 0 0 0 0 0 0 0 1.8 0 0 0 0 0 1.4000000000000001 0 0 0.2 0 0 0 0 0 0 0 0 0 0.6000000000000001 0 1.8 0.2 0 4.2 7.4 0 0 0 0 3 2.2 0 0 0 0 3.8000000000000003 2.4000000000000004 0 0 8.6 1.6 3.6 0 0 0 5.4 7.6000000000000005 1.8 0 0 0 2 0 0 0 0 0 11 0 0 0 0 0 0 0 0 0 0.8 0 0 0 0 0 0 0 0 0 0 0 0 0 0 0 0 0 0 0 0 0 0 0 0 0 2.4000000000000004 0 0 30 15.600000000000001 0 1.4000000000000001 4 0 0 0 0 0 0 0 0 0 0 0 0 0 0 0 0 0 0.6000000000000001 0 0.8 0 0 0 2.4000000000000004 0 0 0 0 
 0 0.2 0.4 0.2 0.2 0.4 0 0.2 0.4 0 0.2 15.600000000000001 0 0.4 0 0 0 0 0.4 0 7 42.2 47 80.2 0 41.6 55.800000000000004 44.6 33 79.80000000000001 25.400000000000002 8.200000000000001 15.4 12 15.200000000000001 21.6 42.400000000000006 12.4 14.600000000000001 13.200000000000001 1.2000000000000002 1 0 0 0 0 14.200000000000001 0.2 0.6000000000000001 0 0.6000000000000001 0 14.8 0.2 0.6000000000000001 0 0 0.4 30.200000000000003 0.6000000000000001 0 10.600000000000001 0 1 11.200000000000001 0 1 0.6000000000000001 0.6000000000000001 0 0 0 0.4 0.4 0 0 0 0.6000000000000001 0.4 0 0 0 0 0 0 0 0 0 0 0 1.8 0 0 0 0 0 0 0.2 0 0 0 0 3.6 2 4.2 0 0 0 6.2 0 5.2 8.6 0 0.4 4 2.2 2.8000000000000003 1.6 0 0 2.2 0 0.2 0 0 0 1.8 0.2 2.2 0 0 0.2 2.4000000000000004 0 1.6 1.4000000000000001 0 0 4.4 1.6 0 0 0 0 0 0 0 0 0 0.8 0 0 0 1 0 0 0 0 0.2 0 0.6000000000000001 0.4 0 0 0.4 0 0.2 0 2.6 0 0.4 0 0 0 0 0 0 0 0 0.2 0 0 3.8000000000000003 2.2 0 12.8 0 0 2.2 2.8000000000000003 3.8000000000000003 3 0 0 0 3.4000000000000004 0.4 3.4000000000000004 0 0 7.4 3 0 0 0 0 4.800000000000001 7.800000000000001 1.8 0 0 0 4 2.8000000000000003 0 0 0.4 0 8 0 0 0 0 0.2 0 0 0 0 0 0.2 0 0 0 0 0 0 0 0 0 3.8000000000000003 0 0 2.4000000000000004 0 0 0 0 0 0.2 0 0 0 0 0 1.8 1.2000000000000002 0 8.200000000000001 1 0.2 0 1.6 0 0 0 0.2 0 0 0 0 0 0 0 0 0 0 0 0 0 1.8 0 2 0 0.2 0 2.2 0 0 0 0 
 0.6000000000000001 8.200000000000001 0.8 0.6000000000000001 0.6000000000000001 0.6000000000000001 0.6000000000000001 15.600000000000001 0.6000000000000001 0.6000000000000001 0.4 0.6000000000000001 0.6000000000000001 0.6000000000000001 0.6000000000000001 0.6000000000000001 0.6000000000000001 0.6000000000000001 0.6000000000000001 0.6000000000000001 23.400000000000002 8.4 119.2 16.2 41.6 0 6.6000000000000005 11.8 10 26.400000000000002 24.200000000000003 76.60000000000001 92.4 49.2 13 15 63.6 12.200000000000001 9.8 5.4 0 19.8 13 0.4 0 0 19.400000000000002 31.6 13 12.4 44.800000000000004 0 17.6 0.4 22.400000000000002 0.4 3 0 16.400000000000002 26 0 0 0 0.4 0.4 0 0.4 0 1.4000000000000001 0 0 0 0.4 0 0 0 0 0 0 0.6000000000000001 0 0 0 0 0 0.2 0 0.2 0 0 0 0 0 0 0 0 0 0 0 0 0 0 0 2.6 0 2.4000000000000004 0 0 0 0 0.2 6.2 0 0 0 3.6 3 0 0 0 5.2 0.2 3.4000000000000004 0 0 0 0 0 0 0 3.4000000000000004 0 5.800000000000001 0 4.4 2.2 2.6 2 2.2 9.8 0 0 0 0 1.8 0 0 0 0 0 2 0 0 0 0 0 3.8000000000000003 0 1.8 0 0.8 0 0 0 0 0 0.6000000000000001 0 0 0 0 1.4000000000000001 0 0 0 0.4 0 0 0 0.2 0 0 0.2 0 4.2 4.2 3.4000000000000004 0 0.2 0 3.6 1.8 0 0 0 0 0 0.4 0 0 2.2 0 0 0.2 1.6 1.4000000000000001 9.8 14.8 1.6 0 0 2.8000000000000003 1.8 2.4000000000000004 3 2 2.4000000000000004 1.8 3.8000000000000003 3.6 0.2 0 0 1.2000000000000002 0 0 0 0 0 0 0 0 0 0 0 0 0.4 0 0 0 0 0 0 0 0 0 0 0 0 0 0 0 0 0 0.2 0.2 0 14.600000000000001 16.6 0 0.6000000000000001 0.2 0 0 0 0 0 0 0 0 2.2 0 0 0 0 0 0 0 0 0.2 0 0 0 0 2 0.2 0 2.2 0 0 
 0 0.4 4 0.8 31 0 0.4 0 0.4 15.4 0 29.400000000000002 0 0 0 6.800000000000001 0 30.400000000000002 0 0 24.200000000000003 11.600000000000001 29.6 19 55.800000000000004 6.6000000000000005 0 60.2 9.600000000000001 49.800000000000004 12 11.8 52.2 67.8 50 10 4.6000000000000005 29.400000000000002 23.200000000000003 23.400000000000002 0 0 0 0 0.8 0 0.6000000000000001 40.2 0.6000000000000001 0 0.6000000000000001 0 1.6 0 0 0 0 0 0.2 0.6000000000000001 0 0 0 0.4 0 0 0.8 0 0.6000000000000001 0 0 0 0 0 0 0 0 0 0.2 0 0 0 4.800000000000001 0 0 2 0 0 0 3.8000000000000003 2.8000000000000003 5.800000000000001 0 0 0 0 0 4.800000000000001 0 0 7.800000000000001 0 3 3 0 0 10.200000000000001 6 0 0 0 0 2.4000000000000004 5.2 0.4 2.4000000000000004 0.2 0.4 2.4000000000000004 0.2 0 0 0.2 0 0 3.4000000000000004 0 0 0 0 0 0.2 0 0 0 0 0 0 0.4 0 0.2 0 0 0 0 0 0 0 0 0 0 0 0 0 0 0 0 0 0 0 0 2 0 7.6000000000000005 0.4 1.6 0 0 0 5.2 7.4 2.4000000000000004 0 0 0 0 0 0 0 0 1.8 3.4000000000000004 0 2.6 0 0 7 7.4 0 0 0 0.2 1.2000000000000002 0 2.8000000000000003 0 2.2 2.8000000000000003 0 1 0 0 0 0 0 0 0 0 0 0 0 0 0 0 0.8 0 0 0 0 0 0 0 0 0.2 0 0 0 0 0 0 0 0 0 4 0 0 0 0 0 0 0 0 0 0 0 0 0 0 0 0 0 0 0 0 0.8 0 0 0 0 0.2 0.2 0 2.2 0 0 0 0 0 0 0 0 0 0 0 0 0 0.2 0 0 0 0 0 0 0 0 0 0 0 0 0 
 1 0.4 0.8 0.4 15.600000000000001 0.4 0.6000000000000001 0.4 0.6000000000000001 3.2 0.6000000000000001 1.8 0.4 0.6000000000000001 0.6000000000000001 0.4 0.6000000000000001 0.4 0.4 0.4 62 58.2 39.400000000000006 34 44.6 11.8 60.2 0 21.8 57 69.8 24.8 19.6 34.4 81 50.6 67.2 68.2 13.4 8 0 0 0 0 0 0 4.800000000000001 0 0 0 0.6000000000000001 0 1.4000000000000001 0 0 0 0 0 13 0.6000000000000001 0 0 0 0.4 0.2 0 0 0 0.6000000000000001 0 0 0 0 0.2 0 0.2 0 0 0 0 0 0 0 0 0 0 0 0 0 0 0 0 0 0 0 0 0 0 0 0 0.6000000000000001 6 8 7.6000000000000005 0 0 0 0 7.2 3 5.800000000000001 2.6 0 3.2 5.6000000000000005 7.4 0 9.4 0 0 0 0 0 0 0 0 1.6 0 0.2 0 0 0 0 2.8000000000000003 0 0 0 0 2.6 0 0 0 0 0 0.4 0 0 0 0 0.2 0 0 0 0 0 0.2 0.2 0 0 0 0 0 0 0 0 0 1.4000000000000001 0 0 0 0 0 0 0 0 0 0 1.2000000000000002 0 1 0 3.2 1.8 0.2 3.8000000000000003 0.2 0 0 3.4000000000000004 11.200000000000001 0 0 0 1.8 0.2 5.6000000000000005 3.4000000000000004 0.2 0 0 2.2 0 0 0 0 0 1.6 0 1.4000000000000001 0 0 0 4.2 2.8000000000000003 0.6000000000000001 0.4 0 0 13.600000000000001 0 0 0 0 0 0 0 0 0 0 0 0 0 0 0 0 0 0 0 0 0 0 0 0 0 0 0 0 0 0 0 0 0 0 0 3.4000000000000004 0 0.4 15 0.2 0.4 4.4 3.8000000000000003 0.8 0 0 0 0 0 0 0 0 0 0 0 0 0 0 0 0 1.2000000000000002 0 0 0 0 0 0 0 0 0 0 
 0.6000000000000001 1.2000000000000002 0.4 0.4 0.4 15 15.4 0.4 0.6000000000000001 0.4 0.6000000000000001 0.4 0.4 1 0.6000000000000001 0.6000000000000001 0.8 0.4 0.4 0.4 5.4 71.2 38.6 17.6 33 10 9.600000000000001 21.8 0 94.80000000000001 98.2 26 15.600000000000001 49.6 112.60000000000001 9.600000000000001 34.4 49.400000000000006 37 43 0 0 0.2 0 0.4 0 0.6000000000000001 0 0 0.2 1.6 0 0.6000000000000001 0.2 0 0 0 0 0 0.4 0 0 0 0.4 0 0 0 0 0.6000000000000001 0.8 0 0 0 0 0 0 0 0 0 0 0 0 0 0 0 0 0.2 0 0 0 0 0 0 0 0 0 0 0 0 0 0 3.4000000000000004 0 2.2 5.4 0.6000000000000001 8.200000000000001 5.4 2.2 4.2 1.4000000000000001 4 0.6000000000000001 3.4000000000000004 0 7.2 10.4 6.800000000000001 0 2.2 0 0 0 0 0 0 1.6 0 0 0 0 0 1.2000000000000002 0 0 0 0 0 2.2 0 0 0 0.4 0 0 0 0 0 0 0.2 0 0 0 0.4 0 0 0 0 0 0 0 0 0 0.6000000000000001 0 0 0 0 0 0 0 0 0 0.8 0.6000000000000001 0 0 0 0 0 4.6000000000000005 4.4 1.2000000000000002 0 1.8 0 0 0 4.2 3.6 6.6000000000000005 3.6 3 8.4 0 4.800000000000001 4.6000000000000005 6.800000000000001 3.4000000000000004 0 0 0 0.4 0 0 0 8 5.4 0 0 0 0 3.2 0 0 0 0 0 4.4 0 0 0 0 0 0 0 0 0 0 0 0 0 0 0 0 0 0 0 0 0 0 0 0 0 0 0.4 0 0 0 0 0 0 0 0 3.6 0.2 0 3.4000000000000004 15.4 0 0.4 0 0 0 0 0 2.4000000000000004 0 0 0 0 0 0 0 0 0 0 0 0 0 0 1.8 0 0 0.2 0 0 0 0 0 
 0.2 0 0.6000000000000001 0 0 0 0 0 0 0 0 0 0 0.2 0.4 0 0 0 0 0 52.2 26.200000000000003 49 62.800000000000004 79.80000000000001 26.400000000000002 49.800000000000004 57 94.80000000000001 0 48.400000000000006 12.600000000000001 9.200000000000001 17.400000000000002 23.400000000000002 66.60000000000001 81.60000000000001 10.4 44.400000000000006 15.8 0 0 0 0 0.2 0 0.6000000000000001 0 0 0 1.8 0 0.6000000000000001 0.2 0 0 0 0 6.2 0.6000000000000001 0 0 0 0.4 0.2 0 0 0 0.6000000000000001 0 0 0 0 2 0 0 0 0 0 0 0 0 0 0 0.2 0 0 0 0 0 0 0 0 0 0 0 0 0 0 0.4 0 0.2 4 14.4 0.4 4.4 11.200000000000001 0 5.4 2.4000000000000004 4.4 0.6000000000000001 0 0 2.6 5 2.6 1.8 0 0 1.8 0 0 0 0 0.2 2.6 0 0 0 0 0 0 0.2 0 0 3.8000000000000003 0 2.6 0.2 0 0 0 0 0 0 0 0 0 0 0 0 0 1.2000000000000002 0 0 0 0.2 0 0 0 0 0 0 0 0 1.6 0 0 0 2.2 0 0 0 0 0 0 1.2000000000000002 0 1.4000000000000001 0 6.2 5.6000000000000005 0 3.4000000000000004 0.2 0 0 3.6 11.200000000000001 1.4000000000000001 2.4000000000000004 0 2 0 2.8000000000000003 0.2 2.4000000000000004 0 0 1.4000000000000001 2.6 2.4000000000000004 0 0 0 0 7.800000000000001 1.6 0 0 0 0 2.6 0 0 1.2000000000000002 0 8 0.4 0 0 0 0 0 0.4 0.4 0.2 0 0 0 0 0 0 0 0 0 0 0 0 0 0 0 0 0 0 0 0 0 0 0 0 0 0 3.8000000000000003 0 0 1 2.6 0.4 2.4000000000000004 0 0 0 0 12.600000000000001 0 0 0 0 0 0 0 0 0 0 0 0 0 1.4000000000000001 0 3 0 0 3.4000000000000004 2 0 0 0 0 
