 0 35 50.2 58.6 8.200000000000001 7.800000000000001 27.400000000000002 53.6 81 45.2 27.200000000000003 49.400000000000006 40.400000000000006 18.2 53.2 46.6 30 40.800000000000004 16.8 83.60000000000001 0 0 0 0 40.800000000000004 0.2 0 0 0 0 0 0 0 0 0 0 0 0 1 0 0.6000000000000001 0.4 0 0.6000000000000001 0 0 0 0 0 0 0 0 0 0 0 0.6000000000000001 0 0.6000000000000001 0.4 0 1.4000000000000001 0 0 0.4 0 0 0 0 0 0 0 2 0 0 0 0 0 0 0 0 4 3.2 0 4 0.4 0.2 0.6000000000000001 9.600000000000001 2.8000000000000003 4.6000000000000005 3 0 6.2 4.4 1.8 9.600000000000001 5.6000000000000005 0 3 0.2 0 0 0 0 0 0 0 0 0 0 0 0 0 3.4000000000000004 0 0 0 0 0 0 0 0 0 0 0 0 0 0 0 0 0 0 0 0 0 0.2 0 0 0 0 0 0 0 0 0.2 0 0 0.6000000000000001 0 0 0 0 0 0 0 0 0 0 0 0 3.4000000000000004 3 0.6000000000000001 0.8 0 4.800000000000001 0 3.2 5 8.8 4.6000000000000005 0 3.4000000000000004 3 0 2.6 9.200000000000001 0 5.2 3.8000000000000003 0 0 0 0 0 0 0 0 0 0 0 0.2 0 3.4000000000000004 0 0 0 0 0 1.2000000000000002 0 0 0 0 0 0 0 0 0 0 0 0 0 0 0 0 0 0 0 0 0 0 0 0 0 0 0 0 0 0 0 0 0 0 0 0 0 0 0 0 0 2.8000000000000003 0 0 0 0 0 0 0.6000000000000001 0 3.6 1.2000000000000002 0 0 0 0 0 0 0 0 0 0 0 0 0 0 0 0 0 0 0 0 0 0 0 0 0 0 0 0 0 0 0 0 0 0 0 0 0 0 
 35 0 43.2 58.2 69.8 10.200000000000001 13.600000000000001 34.2 11.600000000000001 37.6 8.8 5.4 66.2 16.2 59.800000000000004 65.2 19 21.200000000000003 46.6 8.200000000000001 0 0 0.4 0.4 0 0.4 14.8 0 0 0 0 0 19.400000000000002 0 0 0 0 0 7.800000000000001 0 0.6000000000000001 0 0.4 0.6000000000000001 0 0 0 0 0 1 0 0 0 1.2000000000000002 0.2 1 0 0.6000000000000001 0.4 0 0 0 0 0.4 0 0.8 0 0 1 0 0 1 0 1.2000000000000002 0 1.4000000000000001 0 0 0 0 3.6 8.4 7.800000000000001 5.800000000000001 7.2 2.6 2.2 4.6000000000000005 1.8 10.4 6.6000000000000005 7.4 0 0 3.4000000000000004 2.6 11.200000000000001 0 0.2 0 0.6000000000000001 0 0 0 0.4 0 0.6000000000000001 4 0 0 0 0 0 0 0 0 0 0 0 3.6 0 0 0 0 0 0 0 0 0 0 0 0 0 0 0 0 0 0 3 0 0.2 0 0 0 0 0 0 0 0 0 0 0 0 0 0 0 0 0 0 0 2.8000000000000003 0 0 3.4000000000000004 7.2 0 0 7.800000000000001 0.8 3.8000000000000003 0 0 0 0 0 4.2 1.8 6.800000000000001 7.2 0 0 0 0.4 0 0 0 0.4 0 0 0.2 0 0 0 2.4000000000000004 0.4 2.8000000000000003 0 0 2.4000000000000004 2 0 0 0 0 0 0 0 0 0 3 0 0 0 0 3.8000000000000003 4.4 0 0 0 0 0 0 0 0 0 0 0 0 0 0 0 0 0 0 0 0 0 0 0 0 0 0 0 0 0 0 0 0.2 0.4 0 2.4000000000000004 2.2 0 0 0 0 0 0 0 0 0 0 0 0 0 0 0 0 0 0 0 0 0 0 0 0 3.2 6.2 0 0 0 0 0 0 0 0 0 0 0 0 
 50.2 43.2 0 40.2 10.200000000000001 27.6 51.800000000000004 54.2 51.800000000000004 90.2 45.800000000000004 5.2 85.60000000000001 9.8 57 55.6 26.200000000000003 40.400000000000006 27 46.400000000000006 0 0.2 1.2000000000000002 0.6000000000000001 0 0 0 0.6000000000000001 0 0 0 0 15.4 15.4 0 0.4 0 0 16.2 3.8000000000000003 0.8 0 0.8 0.6000000000000001 0.4 0 0 1.6 0 0 0 0 0 0 0.8 0.6000000000000001 5 0.4 0.6000000000000001 0 0 0.4 0 0.6000000000000001 0.8 0.2 0 0 0.2 0 0 7 0 0 0.4 0 0 0.6000000000000001 0.6000000000000001 0.4 2.6 6 0 3.2 0.4 0.2 2.2 6.6000000000000005 3.6 7.4 4.800000000000001 2.6 0 3.8000000000000003 0.6000000000000001 4 0.2 3.4000000000000004 3.8000000000000003 2.8000000000000003 0.4 0 0 0 0 0 2.2 0 0 0 0 0.2 0 0 0 0 0 0 0 0.2 0 0 0 0 0 0 0 0 0 0 0 0 0 0 0 0 0 0 0 0 0 0 0 0 0 3 0 0 0 0 0 0 0 0 0 0 0 0 0 0 2.8000000000000003 5 9.200000000000001 0.6000000000000001 0 4.4 3.6 2.2 7.6000000000000005 2 5.800000000000001 0 2.8000000000000003 7.4 4.800000000000001 0 10.600000000000001 0.6000000000000001 3.8000000000000003 3.6 0 0 0 0 0 0 0 2.6 0 0 0 0 0 0.2 0 3.2 0 0 0.4 0 0.4 0 0 0 2.4000000000000004 0 0 0 0 0.2 0 0 0 0 0 0 0 0 0 0 0 0 0 0 0.2 0 0 0 0 0 0 0 0 0 0 0 0 0 0 0 0 2.2 0 0 0 0.2 0.4 0.4 0.2 0.4 3.2 1.4000000000000001 0 0 0 0 0 0 0 0 0 0 0 0 0 0.4 0 0 0 0 0 0 0 0 0 1.2000000000000002 0 0 0 0 0 0 0 0 0 0 0 0 0 0 
 58.6 58.2 40.2 0 61 26 47.6 24.200000000000003 28.200000000000003 61.6 97.2 10.4 45.800000000000004 23.200000000000003 13.200000000000001 138.4 26 45.400000000000006 57.6 37.2 0 0 0 0 41.800000000000004 0.4 0 0 0 0 0 0.6000000000000001 15.4 0 0 0 0 0 0.4 0 0.6000000000000001 0 0 0.6000000000000001 0 0 0 0 0 0 0 0 1.2000000000000002 0 0 0.6000000000000001 0 0.4 0.6000000000000001 0 0.4 0 0 0.6000000000000001 0 0 0 0 0 0 0 0 0 0 0.2 0 0 0 0 0 7.4 3.6 2.6 6.800000000000001 0 0 0.2 0.2 4.6000000000000005 4.800000000000001 10.600000000000001 3.8000000000000003 1.8 5.6000000000000005 5.4 4.4 4.6000000000000005 6.4 3.4000000000000004 3.4000000000000004 0.6000000000000001 0.4 0 0 0 0 0 0 0 0.2 0 0 0 0 0.4 0.4 0 0 0 0 0 0 0 0 0 0 0 0 0 0 1.6 0 0 0 0 0 0 0.4 0 0 0 0 0 2.2 0 0 0 0 2.4000000000000004 0 0 0 0 0 0 0 0 0 0 0 0 4.2 5.4 3.2 0.2 8.8 6.2 5.800000000000001 5.800000000000001 0.2 3.8000000000000003 0 4 4.800000000000001 4 11 2.6 1.8 0 0.4 0.4 0 0 0 0 0 0 0 0 0 0 0 5.2 3 0 3.8000000000000003 0 0 6 1 0 0 0 0.4 0 0 0 0.2 0 0 0 1.4000000000000001 0 0 0.2 0 0 0 0 0 0 0 0 0 0 0 0 0 0 0 0 0 0 2 0 0 0 0 0 0 0 0 0 0 0 0 0.2 0.4 20.200000000000003 0.2 0.4 0.8 2.8000000000000003 0 0 0 0 0 0 0 0 0 0 0 0 0 0 0 0 0 0 0 0 0.4 0 2.2 0 0 0 0 0 0 0 0 0 0 0 0 0 0 
 8.200000000000001 69.8 10.200000000000001 61 0 43 10.200000000000001 16.6 11.8 29 27.200000000000003 44.6 13 27.200000000000003 23 31 45.6 22.6 72 16 29.6 0.2 0.2 41.800000000000004 0 0 7.4 0 0.2 0 0 0 16 14.8 17.2 0 0 0.2 21 29.6 0.4 0 0 0.6000000000000001 0 0 0 0 0 0 0 0 0 0 0 0.6000000000000001 0 0.4 0.6000000000000001 0 0 0 0 0.6000000000000001 9.600000000000001 0 0 0 0 0 1 0 0 0 0.6000000000000001 6.2 8.8 0 0 0 2.4000000000000004 0 2.2 4.2 10.4 5.800000000000001 0 0 0.4 0.2 3.8000000000000003 0 0 3.4000000000000004 6.4 0 0 7.4 0 3.2 4 5.2 2.2 1.4000000000000001 0 0 3.2 5.6000000000000005 4.4 0 0 0 2.8000000000000003 0 2.2 0 4.2 0 7.2 2.4000000000000004 0 10.8 0 2.4000000000000004 4 0 0 0 0 0 0 0 0 0 0 0 0 0 0 0 0 0 0 0 0 0 0 0 0 0 0 0 0 0 0 0 0 0 0 0 0 2.8000000000000003 1.2000000000000002 0.2 2.6 2.6 0 0 0 3.8000000000000003 3.8000000000000003 2.8000000000000003 0 0 7.4 4.800000000000001 0 2.2 0 0 0.2 0 0.2 0 0 0.2 2.6 3 0 3 0 0 0 0 1.6 0 0 0 6.2 6.800000000000001 0 0 0 0 0 0 0 0 0 0 0 0 0 0 0 0 0 0 0 0 0 0 0 0 0 0 0 0 0 0 0 0 0 0 0 0 0 0 0 0 0 0 0 0 0 1.4000000000000001 2.4000000000000004 0 0.6000000000000001 3.4000000000000004 0.2 2.4000000000000004 0 0 0 0 0 0 0 0 0 0 0 0 0 0 0 0 0 0 0 0 0 0 0 0 0 0 0 0 0 0 0 0 0 0 0 0 0 0 
 7.800000000000001 10.200000000000001 27.6 26 43 0 7.2 7.2 11.200000000000001 14.200000000000001 19.6 8.8 5 18.6 12.200000000000001 15.8 33.2 19.200000000000003 8.8 10.4 30 14.8 14.8 15.4 6 0.8 15.200000000000001 15.4 15 0.4 0.6000000000000001 0 0.4 17.6 31 27.8 0.6000000000000001 0 15.4 0.4 0.6000000000000001 0 0 0.6000000000000001 0.2 0 0 0 0.2 0 1 0 0 0 0 1.6 1.2000000000000002 1.2000000000000002 0.4 0 0.6000000000000001 0 0.6000000000000001 0.4 0 0 0.2 0 0.8 0.6000000000000001 0 0 0.2 0.4 0 0.4 0 0.4 0 0.6000000000000001 0.2 0 0 2.2 2.4000000000000004 5 0 0 0.2 0 2 0 0.2 0 3.8000000000000003 0 0.4 5 0 3.6 3.6 0 3.2 0 0.4 0 13 0 0.4 2.6 0.2 0 1.8 0.2 6.4 2 7 0 8.6 2.4000000000000004 0 0 0.4 2 0 0 0 0 0 0 0 0 0 0 0 0 0 2.4000000000000004 0 0 0 0 0.2 0 0 0 0 0 0 0 0 0 0 0 0 0 0 0 0.2 0 0 2.8000000000000003 3.2 3.6 0 0 2.8000000000000003 0 0 0 3.8000000000000003 2.2 0.2 0 2.2 0 0 4 0 0 9.600000000000001 2.4000000000000004 0 3 0 1.8 3.8000000000000003 7 1.6 3.6 0.4 0 5 3.6 0.4 0 8.8 2.4000000000000004 6.6000000000000005 3 0 0 0 0 0 0 0 0 0 0 0 0 0 0 1.2000000000000002 0 0 0 0 0 0 0 0 0 0 0 0 0 0 2.6 1.6 0 0 0 0 0 0 0 0 0 0 0 0 0 0 0 36 0 0 0.2 0.4 0 0 0 0 0 0 0.2 0 0 0 0 3.2 0 0 0 0 0 0 0 0 0 0 0 0.8 0 0 3.6 0 0 0 0 0 0 0 0 0 0 0 0 
 27.400000000000002 13.600000000000001 51.800000000000004 47.6 10.200000000000001 7.2 0 50.400000000000006 90.60000000000001 56.400000000000006 33.6 57.2 65 35.2 27.400000000000002 26.400000000000002 24.6 8.6 7.4 32.4 0 0 0.2 0 0.4 0.4 0.2 0 0 0.4 0 0 0 0 0 0 0 0 0.2 0 1 0 0 0.6000000000000001 0 0 1 0 0 0 0 0 0 0 0 0.6000000000000001 0.4 0.4 0.6000000000000001 0 0.4 0.4 0 1 0 0 0.2 0 0 0 0 0 0 0 0.4 0 0 0 0 0 2.4000000000000004 0 3 2.2 0 0 0 0.4 10.8 2.6 6.2 1.6 10.4 4.4 0 13.8 2.8000000000000003 4 0 9.200000000000001 0 0 0 0 0 0 0 2.6 0 0 2.6 0 0 0 0 0 0 0 0 0 0 0 0 0 0 0 0 0 0 0 0 0 0 0 0 0 0 0 0 0.4 0.4 0 0 0 0 0 0.2 0 0 0 0 0 0 0 0 0 0 0 0.4 0 0 3.8000000000000003 3 0.6000000000000001 0.2 0 8.4 2.2 7 0 16.400000000000002 0 2 2.8000000000000003 2.2 0.8 7 0 0 2 0 0 0.2 0 0 0 3 0 0 0.4 0 0 0 0 0 0 0 0 3.6 0 0 0 0 0 0 0 0 0 0 0 0 0 0 0 0 0.2 0 0 0 0 0 0 0 0 0 0 0 0 0 0 0 0 0.4 0 0 0 0 0 0 0.2 0 3.6 0 0 0 0.4 0 0.4 0.4 0.4 0.4 0.8 2.8000000000000003 0 0 0 0 0 0 0 0.2 0 0 0 0 0 0 0 0 0 0 0 0 0 0 3.6 0.8 0 0 0 0 0 0 0 0 0 0 0 0 0 
 53.6 34.2 54.2 24.200000000000003 16.6 7.2 50.400000000000006 0 51.6 54.2 31.400000000000002 24.8 84.4 11 45 30.400000000000002 65.4 5.4 9.4 52.400000000000006 0 0 0 0 0 0.4 0.4 0 0 0 0 0.4 14.8 0 0 0 0 0 15.200000000000001 0 0.6000000000000001 0 0 0.6000000000000001 0 0 0.8 0 0 0 0 0 0 0 0 1.2000000000000002 0 0.8 0.6000000000000001 0 0 0 0 0.6000000000000001 0.4 0 0 0 0 0 0 0 0 0 0.2 0 0 0 0 0 4.4 0 3.2 5.2 1.8 3 2.4000000000000004 9.200000000000001 9.600000000000001 3.2 7.2 0 3.6 2 1.2000000000000002 9 9 1.8 0 6.800000000000001 0 2 0 0 0.4 0 0 0 0 0 0 0 0.2 0 0 0 0.2 0 0 0.2 0 0 0 0 0 0 0 2.8000000000000003 0 0 0 0 0 0 0 1.6 0 0 0 0.6000000000000001 0 0 0.2 0 0 0 0 0.6000000000000001 0 0 0 0 0.2 0 0 0 0 0 0.2 0 0.2 0.2 0 0.2 1.2000000000000002 4 3.6 2.4000000000000004 4.4 3.4000000000000004 3.8000000000000003 0 5.6000000000000005 0.2 2.2 0.6000000000000001 2.4000000000000004 0.2 0 1.8 0 0 0.4 0 0 0 0 0 0 0.2 0.2 0 0 3.2 0.4 0 0 0 3.4000000000000004 4.4 0 1.4000000000000001 0 0 0 0 0 0 0 0 0 0 0 1.2000000000000002 0 0 0 0 0 0 0 0 0 0 0 0 0 0 0 0 0 0 0 0 0 0 0 0 0 0 0 2.8000000000000003 0 0 0 0.2 0.8 0 0 0 1.8 2.4000000000000004 3.2 0 0 0 0 0 0 0 0 0 0 0 0 0 0 0 0 0 0 0 0 0 0 0 2.2 0 0 0 0 0 0 0 0 0 0 0 0 0 
 81 11.600000000000001 51.800000000000004 28.200000000000003 11.8 11.200000000000001 90.60000000000001 51.6 0 96.60000000000001 47.400000000000006 23.6 32.4 81.80000000000001 15.4 64.60000000000001 34.800000000000004 4.6000000000000005 49.6 15.200000000000001 0 0.2 0 0 0 1.6 0 0 0.2 0 0.4 0 0.6000000000000001 0.2 0.4 0 0 0.2 0.6000000000000001 0.2 0.4 0 0 0.6000000000000001 0 0.4 0 0 0 0 0 0 0 0 0 0.6000000000000001 0 0.4 1.2000000000000002 0 0 0.2 0 0.6000000000000001 0 0.6000000000000001 0 0.8 0 0 0.2 2.2 0.6000000000000001 0 1 1.4000000000000001 0 0 0 0.6000000000000001 2 7 2.8000000000000003 0 0.2 0 2 6.2 6 4.4 2.2 5.800000000000001 2.8000000000000003 0.2 0 2.2 13 0.6000000000000001 2 5.2 0 3.4000000000000004 0 0 0 0 0 0 0 0 0 0 0 0 0 0 0 0 0 3.8000000000000003 0 0 0 0 0.2 0 0 0 0 0 0 0 0 0 0 0 0 0 0 0 0 0 0 0 0 0 0 0 0 0 0 0 4 0 0 0 0 0 0 0 0 5.6000000000000005 0 0.4 0.2 0 3.2 4.2 4.4 2.8000000000000003 2 0 1.8 4.6000000000000005 2 0 7.4 1.8 10.200000000000001 2 0 0 0 0 0 0 0 0 0.4 0 0 0 0 0 0 0 0 0 0 0 0 0 0 0 0 0 0 0 0 0 0 0 0 0 0 0 0 0 0 0 0 0 0 0 0 0 0 0 0 0 0 0 0 0 0.2 0 0 0 0.4 0 0 4.6000000000000005 0 0 0 0 0 0 0 0 0.2 2.4000000000000004 5.2 0.8 0 0 0 0 0 0 0 0 4.6000000000000005 0 0 0 0 0 0 0.2 0 0 0 0 0 0 2 0 0 0 0 0 0 0 0 0 0 0 0 0 
 45.2 37.6 90.2 61.6 29 14.200000000000001 56.400000000000006 54.2 96.60000000000001 0 23 40.800000000000004 52.400000000000006 63.2 92 39 57 25.8 40.800000000000004 38.400000000000006 0.8 0.2 1.2000000000000002 0 0 0 0 0 7.6000000000000005 0 0 13.4 0.8 0.2 0 0 0.8 0 16.2 0 0.4 0 0 0.6000000000000001 0 0.8 0 0 0 0 0 0 0 0.8 0 0.6000000000000001 0 0.4 0.6000000000000001 0 0 0 0 0.6000000000000001 0 0.8 0.6000000000000001 0 0 0 0 0 0 0 1.6 0 0 0 5.4 0 9.8 0.2 5 2 4 3.6 0 4.800000000000001 11.600000000000001 5.2 3.6 8.8 4.6000000000000005 0.2 1.6 10.8 9 1.8 2.4000000000000004 7.800000000000001 0 0 0.2 0 0 0 0 0 0 0 0 0 0 0 0 0 0 0 0 0 0 0 0 0 0 0 0 0 0 0 0 0 0 0 0.4 0 0 0 0 0.2 0 0 0 0 0 0 0 0 0 0 0 0 0 0 0 0 0 0 0 0 0 2.8000000000000003 4 0.4 2.4000000000000004 0.2 5 0 11.200000000000001 4.2 14.200000000000001 0 1.6 1.8 0 2 17 0 8.8 2 3 0 0 0 0 0 0.2 0 0 0 0 0 0 5.800000000000001 0 0 0.8 0 0 6.4 0 0 0 0 0 0.2 0 0 0 0 0 0 0 0 0 0 0 1.6 0 0 0 0 0.4 0 0 0 0 0.2 0 0 0 0 0.2 0 0 0 0 0 0 0 0 0.2 0 0 0 0.4 0 0 0 0 4.2 6 3 0 0 0 0 0 0 0 0.4 0 0 0 0 0 0 0 0 0 0 0 0 0 0 3.2 2 0 0 0 0 0 0 0 0 0 0 0 0 0 
 27.200000000000003 8.8 45.800000000000004 97.2 27.200000000000003 19.6 33.6 31.400000000000002 47.400000000000006 23 0 44.800000000000004 14.8 44.800000000000004 42.2 28.400000000000002 48 53.800000000000004 8.200000000000001 31.400000000000002 15 0 16 0 15 7.4 0 0 0 3.2 0.4 0 0 14.600000000000001 0 0 0 0 39 0.2 0.6000000000000001 0 0 25.400000000000002 0 0.4 0 0 0 0 0 0 0 0 0 0.6000000000000001 0 0.4 1.2000000000000002 0 0 0 0 0.4 0.2 1 0 0.4 0 0 0 0 0 0 0 0.6000000000000001 0.4 0.4 0 0 2.2 0.2 0 3 7.800000000000001 6.2 0 0 6.6000000000000005 2.6 3 0 2.8000000000000003 4 0 5.800000000000001 2.8000000000000003 5.800000000000001 3.2 0 0.4 2 1.6 1.8 0 0 4.6000000000000005 0 0 0 0 0 0 3.4000000000000004 0 0 0 0 0 0.4 0 0 0 0 0 0 0 0 0 0 0.2 0 0 0 0 0 0 0 0 0 0 0 0 0 0 0 0 0 0 0 0 0.4 0 0 0 0 0 0 0 0 0 5.6000000000000005 7.4 6 0.2 0 5.800000000000001 0 7.4 0 6.2 0 1.6 3.2 0 4 7 5 3.4000000000000004 2.4000000000000004 0 0.2 0 0 0 0 0 3.8000000000000003 0 0 0 0 0.4 0 1 0.2 0 0 0.2 5.6000000000000005 0 0 0 0 0 0 0 0 0 0.4 0 0 0.4 0 0 0 0 0 0 0 0 0 0 0 0 0 0 0 0 0 0 0 0 0 0 0 0 0 0 0.2 0 0 0 0 0.4 0 0 0 17.6 16.8 0.2 2.8000000000000003 5.2 0 0 0 0 0 0 0 0 0 0 0.4 0 0 0 0 0 0 0 0 0 0 0 2.2 0 0 0 0 0 0 0 0 0 0 0 0 0 0 
 49.400000000000006 5.4 5.2 10.4 44.6 8.8 57.2 24.8 23.6 40.800000000000004 44.800000000000004 0 49.800000000000004 9.4 25.400000000000002 51.400000000000006 22.6 23.8 8.6 9.600000000000001 11.4 0 14.8 0.2 0 0 30.400000000000002 0 0.6000000000000001 0.2 0 0 9.4 0 0 0 0 0 31.400000000000002 7.800000000000001 0.6000000000000001 12.8 0 1 11.4 0 0 0 0.4 0 0 0 0 0 0 0.6000000000000001 0 0.6000000000000001 0.8 0 0.4 0 0 0.4 0.2 0 0 0.2 0 0 0 0 0 0 0 0 0 0.4 0 0 1.8 0.2 4.800000000000001 13.8 1.8 15.200000000000001 0 0 3.8000000000000003 0 2 0 1.8 6.800000000000001 4.800000000000001 5.4 2.6 1.4000000000000001 0 6.4 2.4000000000000004 0 0 0 0 0 5 0 4 0.2 0 0 10.600000000000001 4.4 2.6 0 5.4 0 2.2 0 0 0 0 2.2 0 0 0 0 0 0 0 0 0 0 0 0 0 0 0 0 0 0 0 0 0 0 0 0 0 0 0 0 0 0 0 0 0 0 0 0 0 0 6.2 4.800000000000001 5.6000000000000005 1.8 2.2 0 2.2 4 0 0 1.2000000000000002 0 2 4.6000000000000005 0.4 0.8 0 0 0 2.8000000000000003 8.4 0 0 0 3.2 0 0 0 0 0 1.8 2.2 0 0 0 0 11.200000000000001 0.2 0 0 0 0 0 0 0 0 0 0 0 0 0 0 0 0 0 0 0 2.8000000000000003 0 0 0 0 0 0 0 0 0 0 0 0 0 0 0 0 0 0 0 0 0 0 0 0 0 0.8 18.400000000000002 0.4 0 0 0 2 2.6 0 0 0 0 0 0 0 0 0 0 0 0 0 0 0 0 0 0 0 0 0 0 0 4 0 0 0 0 0 0 0 0 0 0 0 0 0 
 40.400000000000006 66.2 85.60000000000001 45.800000000000004 13 5 65 84.4 32.4 52.400000000000006 14.8 49.800000000000004 0 33.4 14.200000000000001 16 6.6000000000000005 23 12.4 42.6 0 0.2 0 0 0 0 0 0 0 15.200000000000001 0 0 0 0.2 0 0 0 0 0.4 0 0.4 0 0 0.4 0 0 0 0 0 0 0 0 0 0 0 0.6000000000000001 0 0.4 0.6000000000000001 0 0 0 0 0.6000000000000001 0 0 0 0 0 0 0 0.4 0 0 0.6000000000000001 0 0 0 0 0 3.6 5 1.8 0 0 0 5.4 7.6000000000000005 0 0 0 3.4000000000000004 2.8000000000000003 0 1.2000000000000002 2 0 0.4 4.4 0 0 0 0 0 0 0 0 0 0 0 0 0 0 0 0 0 0 0 0 0 0 0 0 1.4000000000000001 0 0 0 0 0 0 0 0 0 0 0 0 0 0 0 0 0 0 0 0 0 0 0 0 0 0 0 0 0 0 0 0 0 0 0 0 15 6.800000000000001 6.6000000000000005 5 0 2 6 1.4000000000000001 3.4000000000000004 7 2 5 6.6000000000000005 0 0 1.8 2 1.8 2.6 2 0 0 0 0 0 0 0 0 0 0 0 0 0 0 0 0 0 0 0 0 0 0 0 0 0 0 0 0 0 0 0 0 0 0 0 0 0 0 0 0 0 0 0 0 0 0 0 0 0 0 0 0 0 0 0 0 0 0 0 0 0 0 0 0 0 0.2 0.2 0 20.200000000000003 0.2 0 0.8 0 0 0 0 0 0 0 0 0 0 0 0 0 0 0 0 0 0 0 0 0 0 0 8.4 0 0 0 0 0 0 0 0 0 0 0 0 0 0 
 18.2 16.2 9.8 23.200000000000003 27.200000000000003 18.6 35.2 11 81.80000000000001 63.2 44.800000000000004 9.4 33.4 0 52 23.200000000000003 63.6 28.400000000000002 43 33.6 0 0.2 1.8 0 0 0 0.4 0 0 0 0 0 0 0 0 0 0 0 0 0 0.4 0 0 0.4 0 0.4 0 0 0 0 0 0 0 0 12.4 0.6000000000000001 0 0.4 1.2000000000000002 0 0 0 0 0.6000000000000001 0 0.6000000000000001 0 0.4 0 0 0 0 0 0 0.6000000000000001 0.6000000000000001 0 0 0 0 6 5 9.4 1.4000000000000001 4.4 0 0 1 5.800000000000001 5.6000000000000005 9.8 10.200000000000001 5.6000000000000005 2.8000000000000003 3.6 0.4 2 4.4 1.4000000000000001 3.2 0 0.4 0 0 0 3 1.4000000000000001 0 0 0 0 0 0 0 0 0 0 0 2.6 3.8000000000000003 0 0 0 0 0 0 0 0 0 2 0 0 0 0 0 0 0 0.4 0 0 0 0 0 0 0 0 0 0 0 0 0 0 0 0 0 0 0 0 0 0 0 5.800000000000001 0.2 5.6000000000000005 3.2 0 3.2 0.2 0.2 0.8 2.8000000000000003 0 0 10 1.8 1.2000000000000002 3.6 19 2 0 0 0 0 0 0 0 0 0 0 0 0 0 0 0 0 0 0 0 2.6 1.8 0 0 0 0 0 0 0 0 0 0 0 0 0 0 0.2 0 0 0 0 0 0 0 0 0 0 0 0 0 0 0 4.4 0 0 0 0 0 0.2 0 0 0 0 0 0 0 0 0 0 0 1.2000000000000002 0 0.2 1.2000000000000002 0 0 0 0 0 0 0 0 0 0 0 0 0 0 0 0 0 0 0 0 0 0 0 0.4 0 0 0 0 0 0 0 0 0 0 0 0 0 0 
 53.2 59.800000000000004 57 13.200000000000001 23 12.200000000000001 27.400000000000002 45 15.4 92 42.2 25.400000000000002 14.200000000000001 52 0 27.6 41.800000000000004 9.4 15.4 19.6 0 0 0 0.2 0 6.800000000000001 0 0 0 0 0 0.6000000000000001 0.4 0 0 0 0.4 0 18.6 8.4 12.8 0 0 0.6000000000000001 0 0 7.800000000000001 0 0 1.2000000000000002 0 0 0 0 0 0.6000000000000001 0 0.4 0.6000000000000001 0 0.4 0 0 0.6000000000000001 0 0 0 0 0 0 0 0.6000000000000001 0 0 0.2 0 0 0 0 0 2.2 0.2 3.6 0 0.4 0.4 3.8000000000000003 1.6 0 0 1.4000000000000001 0 0.2 9.200000000000001 3 2 1.4000000000000001 0 0 2.6 0 0 0 0 0 0 0 0 0 0 0 0 0 0.2 0 0 0.4 0 0.4 0 0 0 0 0 0 0 0 0 0 0 0 0 0 0 0 0 0.2 0 0 0 0 0 0 0 0 0 0 0.6000000000000001 3.6 0.6000000000000001 0 0 0.4 0 0.4 0 0 0 0 0 5 0 0 0.6000000000000001 2.8000000000000003 0.4 0 7 0 2.4000000000000004 0 0 0 3.2 2 0 0.4 0 0 0 0 0 0 0 0 0 0 0 0.4 0 0 0 0 0 0 0 0 0 0 0 0 0 0 0 0 0 0 0 0 0 0 0 0 0 0 0 0 0 0 0 0 0 0 0 0 0 0 0 0 0 0 0 0 0 0 0 0 0 0 0 0 0 0 0 0 0 0.4 0.2 0.2 0 0 1.8 0 0 0 0 0 0 0 0 0 0 0 0 0 0 0 0 0 0 0 0 0 0 0 0 2 0 0 0 0 0 0 0 0 0 0 0 0 0 
 46.6 65.2 55.6 138.4 31 15.8 26.400000000000002 30.400000000000002 64.60000000000001 39 28.400000000000002 51.400000000000006 16 23.200000000000003 27.6 0 36.800000000000004 38.6 16.400000000000002 31.6 0.4 0.2 0.6000000000000001 0.4 0.6000000000000001 0.4 0 7.6000000000000005 0 0 0 0.6000000000000001 0.4 0 0 8.200000000000001 0.4 0.6000000000000001 15.200000000000001 0 0.4 0.2 1.8 0.6000000000000001 0 0.4 0 0.6000000000000001 0 0 0 0 0 0.4 0 0.6000000000000001 0 2.2 0.6000000000000001 0 0 0 0 0.6000000000000001 0 1 0.4 0 0.8 0 0.6000000000000001 1 0 0.8 1.6 1 0 0.2 0 0 0.2 6.800000000000001 2.8000000000000003 4.4 1.8 3 1.4000000000000001 6.6000000000000005 11.8 9 4.6000000000000005 1.2000000000000002 0 4.4 1.4000000000000001 4.2 7.6000000000000005 2 3.8000000000000003 4.4 0.6000000000000001 0 0 0 0 0 0 0 0 0 3.4000000000000004 0 0.2 0 0 2 0.2 0 0 0.2 0 0 0.4 3.2 0 0 0 0 0 0 0 0 0 0 0 0 0 0 5.4 0 0 0 0.2 0 0 0 0 0 0 0 0 0 0 0 0 0 0 0.2 0 0 2.8000000000000003 5.6000000000000005 3 0.2 1.4000000000000001 0 2 2.4000000000000004 9 2 8.4 0 0 9.8 2.6 0 10 3 3.8000000000000003 4.2 0 0 0 0 0 0 0 0 0 0 0.4 0 0 3.2 0 7.800000000000001 0 0 1 4.2 0 0 0 0 0 0 0 2.8000000000000003 0 0 0 0 0 0.2 2.8000000000000003 0 0 0 0 0 0 0 0 0 0 0 0 0 0 0 0 0 0 0 0 0 0 0 0 0 0 2.2 0 0 0 0 0 0.4 0.4 0 2.2 1.8 0 0 0 0 0 0 0 0 0 0 0 0 0 0 0 0 0 0 0 0 0 0 0 4 0.2 0 0 0 0 0 0 0 0 0 0 0 0 0 
 30 19 26.200000000000003 26 45.6 33.2 24.6 65.4 34.800000000000004 57 48 22.6 6.6000000000000005 63.6 41.800000000000004 36.800000000000004 0 17.8 23.8 7.2 41.400000000000006 0.2 0.2 0 0 0 0 0 0 0.2 0 0 0 0 0.2 0 0 0.4 0 0 0.4 0 0 0.6000000000000001 0 0 0 0.4 0 0.6000000000000001 0 0 0 0 0 1 1 13.4 0.6000000000000001 0 0 0 0 0.6000000000000001 0 0 0 0.8 0 0 0 0 0 1 0.4 0 1 0 0 0 3 2 12.8 0 7.6000000000000005 0 0 0 7.4 9 6.6000000000000005 11.200000000000001 0 5.6000000000000005 3.4000000000000004 0.2 4.4 2.2 0 3.6 0 0 0 0 0 0 0 3 0 0 0 0 0 0 0 0 2.2 0 4 2.8000000000000003 0 0 0 0 0 0 0 0.4 1.2000000000000002 0 0 0.4 0 0 0 0 0 0 0 0 0 0 0 0 0 0 0 0 0 0 3 0 0 0 0 0 0 0 0 0 0 4.6000000000000005 5.6000000000000005 8.6 2.2 0 2.8000000000000003 0 3 2.4000000000000004 7.2 0.4 0 4 0 0.2 4.2 8.4 5.4 0 0 0 0 0 0 0 0 0.2 0 0 0 0 0 0 0 0 0 0 0 2 0 0 0.2 0 0 0 0 0 0 0 0 0.4 0 0 0 0 0 0 0 0 0.2 0 0 0 0 0 0 0 0 0 0 0 0 0 0 0 0 3 0 0 0 0 0 0 0 0.2 0.4 0.4 17.2 0.2 0.2 1.4000000000000001 0 0 0 0 0 0 0 0 0 0.2 0 0 0 0.4 0 0 0 0 0 0 0 0 0.8 4.4 0.4 0 0 0 0 0 0 0 0 0 0 0 0 0 
 40.800000000000004 21.200000000000003 40.400000000000006 45.400000000000006 22.6 19.200000000000003 8.6 5.4 4.6000000000000005 25.8 53.800000000000004 23.8 23 28.400000000000002 9.4 38.6 17.8 0 26.400000000000002 7.800000000000001 0.2 0.6000000000000001 0 0 0 1.2000000000000002 14.600000000000001 0.4 1.2000000000000002 0 0 0 20 0 0.4 0 0 0 20 0 1.2000000000000002 0 0.4 0.6000000000000001 0 0 0 0.2 0 0 0 0 0 0 0 0.6000000000000001 0.4 0.4 0.6000000000000001 0.4 0.6000000000000001 0.6000000000000001 0 0.6000000000000001 12.4 0.6000000000000001 0 0 0 0.6000000000000001 0 0.6000000000000001 0 0 0.2 0.4 0 0 0 0.6000000000000001 2 5.2 4 5.2 5.4 6 0 2.2 4.4 1.8 5.2 0 4.800000000000001 10 9.200000000000001 0.2 6.4 1.4000000000000001 2 0.2 2 0 3.6 0 0 0 4.2 0 0.2 0 0 0 0 3.6 2.8000000000000003 0 4.4 0 0 0 0 0 2.4000000000000004 4.2 0 0 0 0 0 1.6 0 0 0 0 0 0 0 0 0 0 0 0 0 0 0 0 0 0 0 0 0 0 0 0 0 0 0 0 0 0 0 3.6 0.4 5.800000000000001 0 0 1 0 2 3 1.4000000000000001 7.800000000000001 1.8 3 0 1.8 0.4 1.2000000000000002 3.4000000000000004 2.2 0 0 0 0 0 0 0 0 0 2 0 0 0.2 0 0 0.2 0 0 2 7.2 0 0 0 0 0 0 0 0 0 0 0 0 0 0 0 0 0 0 0 0 0 0 0 0 0 0 0 0 0 0 0 0 0 0 2.4000000000000004 0 0 0 0 0 0 0 0 0 0 0 18 0 16.8 0 0.8 1.2000000000000002 3.2 0 0 0 0 0 0 0 0 0 0 0 0 0 0 0 0 0 0 0 0 0 0 0 0.4 3.6 0 0 0 0 0 0 0 0 0 0 0 0 
 16.8 46.6 27 57.6 72 8.8 7.4 9.4 49.6 40.800000000000004 8.200000000000001 8.6 12.4 43 15.4 16.400000000000002 23.8 26.400000000000002 0 58.6 0 0.2 0 0 0 0 0 0 0 0 0 0 0 0 0 0 0 0 0.6000000000000001 0 0.4 0 0 0.6000000000000001 0 0 0 0 0 0 0 0 0 0 0 0.6000000000000001 0 0.4 8.4 0 0 0 0 0.6000000000000001 0 0 0 0 0 0 8.6 0.8 8.6 0 0.6000000000000001 11 0 0 0 0 0.2 6.800000000000001 0 0 0 0 6.2 5.2 0.2 2.2 0 2 1.4000000000000001 0.4 6.2 0 1.6 0 3.2 11.200000000000001 0 0 1.4000000000000001 0 0 0 0 3.2 0 0 0 0 0 0 0 0 0 0 0 0 0 0 0 0 0.2 0 0 0 0 0 0 0 0 0 0 0 0 0 0 0 0 2.4000000000000004 0 0 0 0 0 0 0 5 0 0 4 0 0 0 0 0 0 0 5.4 2.6 0 0 2.8000000000000003 0 0 0.2 0 4 0 0 0 11.600000000000001 16.2 0 2.4000000000000004 0 5.6000000000000005 6 0 0 0 0 0 0 0 0 0 0 0 0 0 0 0 0 0.2 0 0 0 0 0 0 0 0 0 0 0 0.2 0 0 0 0 0 0 0 0.2 0 1.8 2.4000000000000004 0 0 0 0 0 0 0 0 0 0 0 0 0 0.4 0.2 0 0 0 0 0 0 0 0 0 0 0.2 0.4 0 0.2 0 0 2.4000000000000004 0 0 0 0 0 0 0 0 0 0 0 0 0 0 0 0 0 0.2 0 0 0 0 0 0 0 0 0 0 0 0 0 0 0 0 0 0 0 0 
 83.60000000000001 8.200000000000001 46.400000000000006 37.2 16 10.4 32.4 52.400000000000006 15.200000000000001 38.400000000000006 31.400000000000002 9.600000000000001 42.6 33.6 19.6 31.6 7.2 7.800000000000001 58.6 0 0.4 0.2 0.6000000000000001 0 0 15.200000000000001 0.2 0.2 0.2 0 0 0.2 0 0 0 0 15.200000000000001 0.4 0.2 0 0.4 12.8 0 0.6000000000000001 0 0.4 0 0 0 0 0 0 0 0.4 0 0.6000000000000001 0 0.4 0.6000000000000001 0 0 0 0 0.6000000000000001 0 0.4 0.2 0 0 0 0 0 0.8 0 1.2000000000000002 0 0 0 0 0 6.6000000000000005 1.6 0 1.4000000000000001 0 0 7.4 7.800000000000001 2.2 2 4.800000000000001 2.6 4.6000000000000005 0 2.2 6.800000000000001 4.800000000000001 1.6 0 9.200000000000001 0 0 0.2 0 0 0 0 0 0 0 0 0 0 0 0 0 0 0 0 0 0 0 0 0 0 4.2 0 0 0 0 0 0 0 0 0.4 0 0 0.4 0 0 0 0 0 0 0 0 0 0 0 0 3 0 0 0 0 0 2 0 0 0 1.8 5.4 4.2 0.4 0.2 3.6 5 7.2 8 3.8000000000000003 3.2 0.2 3.8000000000000003 3.6 4.2 2.4000000000000004 3.4000000000000004 0 2.2 0 0 0 0 0 0 0 0 0 0 0 0 0 0 0 0 0 0 0 3 0 0 0 0 0 0 0 0 0 0 0.4 0 0 0 0 0 0 0 0 0 0 0 0 0.4 0 0 0 0 0 0 0.2 0 0 0 0 0 0 0 0 0 0 0 2.6 0 0 0 0 0.4 0 0.4 0.4 0 0.6000000000000001 3.4000000000000004 0 0.4 0 0 0 0 0 0.2 0 0 0 0 0 0 0 0 0 0 0 0 0 0 1.8 0 0 0 0 0 0 0 0 0 0 0 0 0 0 
 0 0 0 0 29.6 30 0 0 0 0.8 15 11.4 0 0 0 0.4 41.400000000000006 0.2 0 0.4 0 14.8 91.80000000000001 11.8 25.200000000000003 11.200000000000001 13.4 24.8 17.6 21.200000000000003 11 22.6 19 21.6 33.4 6.6000000000000005 21 7 21 9 0 0 0.4 0 0 0 0 0 0 0 0 0 0 0 0 0 0.4 0 0.6000000000000001 0.4 1 0.6000000000000001 0 0.6000000000000001 0.6000000000000001 0.2 0 0 0 0.6000000000000001 0 0.6000000000000001 0.6000000000000001 0 0 0 0 0 0 4.4 0 0 0 0 3 12.4 0 0 0 0 0 0 0 0 0 0 0 2.6 0 0 7 2.8000000000000003 5.6000000000000005 1.2000000000000002 0 0.2 7.6000000000000005 0 8.4 3 2 2.6 1 3.6 5.6000000000000005 4.2 2.8000000000000003 2.2 2.4000000000000004 8 0 0 0 1.8 0 0 0 0 0.4 0 0 0 0 0 0 0 0 0 0 0 0 0 0 0 0 0 0 0 0 0 0 0 0 0 0 0 0 0 0 0 0 0 0.4 0 3 2.4000000000000004 0 0 0 0 0.2 0 0 0 0 0 0 2.6 0 0 12.600000000000001 4.800000000000001 3.4000000000000004 5 0 0 2.6 2 0 2.6 2 0 7.800000000000001 6.800000000000001 5 0 1.8 1.6 3.4000000000000004 3.6 0 0 0.2 0 0 0 0 0 0 0 0 0 0 0 0 0 0 0 0.2 3.6 0 0.6000000000000001 0 0 0 0 0 0 0 0 0 0 0 0 0 0 0 0 0 0 0 0 0 0 0 0 28.400000000000002 0 0.4 14.8 0 0 0 0 1.2000000000000002 0 0.2 0 0 0 0.4 0 1.6 0 0 0 0 0 0 0 0 0 0 0 0 0 0 0 0 0 0 0 0 0 0 0 3.2 0 0 0 
 0 0 0.2 0 0.2 14.8 0 0 0.2 0.2 0 0 0.2 0.2 0 0.2 0.2 0.6000000000000001 0.2 0.2 14.8 0 13.4 17.400000000000002 4.800000000000001 8.4 41.800000000000004 62.800000000000004 8.4 35.6 6.800000000000001 23.6 64.60000000000001 4.4 24.8 76.4 35.800000000000004 5.6000000000000005 6.800000000000001 11.8 0 0 0 0 0 0 0 0 0 0 0 0 0 0 0 0.6000000000000001 0 0 0.8 12.600000000000001 0.4 0 0 0.6000000000000001 0.6000000000000001 0 0 0 0 7 0 0.6000000000000001 0.6000000000000001 0.6000000000000001 0 0.6000000000000001 0 0 0 0.6000000000000001 0 0 0 0 0 0 0 0 0 0 0 0 0 0 0 0 0 0 0 0 5.4 0 4.4 2 7.6000000000000005 0 0 5 6.800000000000001 1.6 2.6 1.8 2 2.8000000000000003 2.6 11.600000000000001 0 0.4 1.8 2.6 0 0 0 0 0 0 0 0 0 0 0 0 0 2.4000000000000004 0 0 0 0 3.6 2.8000000000000003 0 1 0 0 6.2 0 0 0 0 0 0 0 0 0 0 0 0 0 0 0 0 0 0 0 0 2.2 0 0.4 0 0 0 0 0 0 0 0 0 0 0 0 0 0 6.800000000000001 3 0 0 2.8000000000000003 0.2 5.4 2.2 2.4000000000000004 5 0 3.6 9.200000000000001 0 3.8000000000000003 1.2000000000000002 0.2 0 0 0 0 0 0 0 0.2 0 0 0 0 0 0 0 0 0 0 0 0 2.4000000000000004 0 0 0 0 0 0 0 0 0 0 0 0 0 0 0 0 0 0 0 0 0 0 0 0 0 0 1.4000000000000001 0 0 0 0 0 0 0 0 0 0.2 0.4 0 0 0.6000000000000001 0 0 0 0 0 2.6 0 0 0 0 0 0 0 0 0 0 0 0 4.2 0 3.4000000000000004 0 0 0 0 0 0 0 0 
 0 0.4 1.2000000000000002 0 0.2 14.8 0.2 0 0 1.2000000000000002 16 14.8 0 1.8 0 0.6000000000000001 0.2 0 0 0.6000000000000001 91.80000000000001 13.4 0 61.400000000000006 70 10.200000000000001 103.80000000000001 57.6 35.6 40.800000000000004 24.8 62.2 52.800000000000004 63 26.8 24.400000000000002 54.800000000000004 34.4 5.800000000000001 20.8 0 0 0 2.2 0 0 0 0 0 0 0 41.2 4.6000000000000005 0 0 0 1.2000000000000002 0 12.8 0.2 0.4 0.2 0.2 0.2 0.6000000000000001 0 0 0.4 0 0.2 5.800000000000001 0.4 0.6000000000000001 0 0 0 0 0 0 0.6000000000000001 0 0 0 0 0.2 2.6 0 2.6 0 0 0 0 0 0 0 0 0 0 0 0 1.8 1.8 4.6000000000000005 9.600000000000001 4.2 4.800000000000001 0 0 2.8000000000000003 2.8000000000000003 2.2 2.6 1.2000000000000002 2.6 4.4 0 1.8 2.2 7 0 2.6 0.2 0 0 0 0 0 0 0 0 0 0 2.8000000000000003 2.4000000000000004 3.2 0 12.600000000000001 0 4 0 0 4 0 0 0 0 0 0 0 0 0 0 0 0 0 0 0 0 0 0 0 0 0 0 4 0 0 0 0 0 0 0 0 0 0 0 0 0 0 0 0.2 5.2 3.4000000000000004 0 6 0.8 1.8 3.8000000000000003 4 0 2.8000000000000003 3.6 3.2 5.4 0.2 15.200000000000001 2.2 3.6 0 2.6 0 0 0 0 0 0 0.2 4.800000000000001 0 0 0 0 0 1 0.4 0 0 0 2 5 0 0 0 0 0 0 0 0 0 0 0 0 0.2 0 0 0 0 0 0 0 0 0 0.8 0 0 0 0 0 0 0.2 0 0 0 0 0.4 0.2 0 0.2 9 0.4 0.8 4.2 0 0 0 0 0 0 0 0 0 0 0 0 0 0 0 0 0 0 0 0 0 0 0 0 0 0 0 0 
 0 0.4 0.6000000000000001 0 41.800000000000004 15.4 0 0 0 0 0 0.2 0 0 0.2 0.4 0 0 0 0 11.8 17.400000000000002 61.400000000000006 0 26.400000000000002 9.4 18.2 14.8 71.60000000000001 52.2 76.60000000000001 24.8 15.200000000000001 31.8 30.200000000000003 70.2 71.60000000000001 63.800000000000004 10 8.4 0.4 0 0.8 12.600000000000001 0 0 0.6000000000000001 0 0 0.4 0 0 12.600000000000001 0.8 12.4 0 0 0 13.600000000000001 0 0.4 0 0 0.2 1 0 0 0.4 0 1 0 0.4 0.6000000000000001 4.800000000000001 0.6000000000000001 1.2000000000000002 0 0 0 0.6000000000000001 0 0 0 0 0 0.4 0 0 0 0 0 0 0 0 0 0 0 0 0 0 0.2 0 0 5.4 0.2 4.6000000000000005 0 8 8.200000000000001 9.600000000000001 2.8000000000000003 4 0 2 0.2 8.8 1.4000000000000001 2.2 0 2.8000000000000003 3.6 1.2000000000000002 0 0 0 0 0 2 0.4 0 0 0 0 0 0.4 0 0.4 0 0 0.2 0 0 0 0 0 0 0.4 0 0.8 0 0 0 0 0 0 0 0 0 0.8 0 4.800000000000001 0 0 0 0 0 0 0 0 0 0 0.6000000000000001 0 0.2 0 0 0 9 0 0 1.2000000000000002 0 0 0 2.6 4.800000000000001 1 2 1.6 2.8000000000000003 0.4 3.6 0 0 4 3.8000000000000003 0 3.8000000000000003 0 0 4.2 0 0.4 0 0 0 1.8 3.2 1.4000000000000001 0 0 0 0 5.2 0 2.4000000000000004 0.2 0 0 8.6 0 0 0 0 0 0 0 0 0 0 0 0 0 0 0 0 0 0 0 0 0 0 1.8 0 0 0 0 0.4 0 0 0 0 0 0 2 0 0.4 0 15.4 0 0.6000000000000001 3 0 0 0.4 0 0 0 0 0 0 0 0 0 0 0 0 0 0 5.2 0 0 0 0 0 0 0 0 0 0 
 40.800000000000004 0 0 41.800000000000004 0 6 0.4 0 0 0 15 0 0 0 0 0.6000000000000001 0 0 0 0 25.200000000000003 4.800000000000001 70 26.400000000000002 0 74.2 8.6 30.6 32.2 14 107 36 53.6 10.4 28 44.2 24.8 12.8 7.800000000000001 26 0 12.4 6.6000000000000005 12 0 0.6000000000000001 11.600000000000001 0.2 13.600000000000001 0 0.8 0 6 0 19.8 0 0.2 0 0.4 13.200000000000001 0.4 0 0 0.2 0.6000000000000001 0 0 0.4 0 0 0 0.4 0.6000000000000001 0 0 0 0 0 0 0.6000000000000001 0 0 0 0 0 0 0 0 0 0 0 0 0 0 0 0 0 0 0 0 0 2.8000000000000003 0 2.4000000000000004 0.4 0 2.2 0 0 0 2.6 2.4000000000000004 0 2.2 0 0 0 0.8 2 2.4000000000000004 2.2 2 2.2 2 0.2 0 4.2 15.600000000000001 0.6000000000000001 0.2 2 0 0.6000000000000001 3.2 0 4 0 0.2 4.6000000000000005 7.4 0 1 0 0 0.2 0 0 0 0 0 0 0 0 0 0 0 0 0 0 0 0 0 0 0 0 0 0 0 0 1.2000000000000002 0 1.6 0 0 0 0 0 0 0 0 2.8000000000000003 0.6000000000000001 0 5.2 0 3.2 0 0 0 0 1.8 2.2 5.4 0 3.8000000000000003 0 1.2000000000000002 0 0.2 0 7.6000000000000005 1 0 0.4 0 0 6.4 0 0 0 2.2 0 2.2 5 5 3.4000000000000004 0.2 0 0 6.6000000000000005 0 0 0 0 0 0 0 0 0 0 0 0 0 0 0 0 0 0 0 0 0 0 1.2000000000000002 0 0 0 0 0 0 0 0 5.2 0 0 0.4 0 0.4 0.8 16.6 0.4 0.2 0 0 0 0 0 0 0 0 0 0 0 0 0 0 0 0 0 0 0 7 4.6000000000000005 0 0 0 0 0 0 0 0 
 0.2 0.4 0 0.4 0 0.8 0.4 0.4 1.6 0 7.4 0 0 0 6.800000000000001 0.4 0 1.2000000000000002 0 15.200000000000001 11.200000000000001 8.4 10.200000000000001 9.4 74.2 0 63 67.8 68.2 28.8 31 14.4 8.200000000000001 12.4 51.6 23.6 40 27.8 8.200000000000001 7 13.200000000000001 12.600000000000001 26.400000000000002 0.4 0 0.2 29.6 0 13.4 0.6000000000000001 0.2 0 0 25 17 24 0 1 1.8 14.4 1.8 0 0 0.4 0.6000000000000001 0 0 0.6000000000000001 0 0.6000000000000001 0 0.6000000000000001 0.4 0 0 0 0 0 1 1.2000000000000002 0 0 0 0 0 0 0 0 0 0 0 0 0 0 0 3.8000000000000003 0 0 0 0 0 3.2 0 0 2.6 1.8 0 2.6 3.8000000000000003 2.2 0 0 0 0.4 0 0 0.2 0 0 0 2.8000000000000003 0.2 0 2.4000000000000004 5.800000000000001 3.8000000000000003 2.4000000000000004 2 4 8.4 0 0.8 5.4 2 3.2 3.2 0 2 3.6 2.4000000000000004 0 0 0 0.2 0 0 0 0 0 0 0 0 0 0 0 0 4.2 0 1.2000000000000002 0 1.8 0 0 0 0 0 3.6 0 0 0 0 0 0 0 0 0 0 0 0 0 0 3.2 0 3.6 0.6000000000000001 2.2 0 0 0 2.6 0.4 5.6000000000000005 0 0 4.2 3 2 1.4000000000000001 0 0 2.8000000000000003 0 8 0 0 0 3.6 3.6 0.4 3.8000000000000003 2.8000000000000003 0.8 0.2 11.600000000000001 2 0 0.2 2 1.8 0 0 0 0 0 0 0 0 0 0 0 0 0 0 0 0 0 0 0 0 0 0 0 0.2 0 0 0 0.2 0 0 0 0 0.4 0 0 0.8 0 0.4 0 0.4 0 0.2 0 0 0.4 0 0 0 0 0 0 0 0 0 0 0 0 0 0 0 0 0 0 0 0 0 0 0 3 0 0 
 0 14.8 0 0 7.4 15.200000000000001 0.2 0.4 0 0 0 30.400000000000002 0 0.4 0 0 0 14.600000000000001 0 0.2 13.4 41.800000000000004 103.80000000000001 18.2 8.6 63 0 39.800000000000004 11.600000000000001 46 39.2 20.8 45.400000000000006 10.600000000000001 23.8 26 21.400000000000002 6.800000000000001 6.2 22.8 0 0 0 0 12.4 0 0 0 0 0 0 1 0 0 0.6000000000000001 0 0 0 1.6 1.2000000000000002 0.4 0 0.6000000000000001 0.2 0.6000000000000001 0 0 0.4 0 0 0 1 0.6000000000000001 0.2 0.2 0 0.2 0 0 1 0 0.2 4.2 2.2 3.2 0 0.2 0 0 0 0 0.2 0 0 0 0.2 0 0.4 0 0 2.2 3 2 0 6.6000000000000005 0.2 2.4000000000000004 3 2.6 2.6 2.6 1.8 5.4 2.6 0.2 6.800000000000001 4.800000000000001 0 4.2 0.2 0 0 0.4 0 0 0 0 11.200000000000001 0 0 0 0 0 0 0 0 2.6 0 5.2 0 0 0 0 0 0 0 0 2.8000000000000003 0 0 0 0 0 0 0 0 0 0 0 0 0 0.4 0 2 0 3.6 0 0.6000000000000001 0 3.6 0 2.2 0.2 0 0 2.6 0 0 0 0 6.800000000000001 1.8 3.6 6.6000000000000005 0 0 0.8 0 1 4.4 1.8 2.2 0 3.2 1.2000000000000002 0.4 6.4 7 2.4000000000000004 2 0 0 0 0 0 0 2.6 0 0 0 0 0 0 0 0 0 0 0 3.2 0.2 0 0.2 0 0 0 0 0 0 0 0 0 0 0 0 0 0 0 0 0 0 0 0 0 0 0 0 0.2 0.2 0 0 0 0 0 0 1 0.4 0.6000000000000001 0 0 0.4 0.4 0 0 0 0 0.2 3.8000000000000003 0 0 0 0 0 0 0 0 0 0 1.2000000000000002 0 0 0 0 0 0 0 0 0 0 0 0 
 0 0 0.6000000000000001 0 0 15.4 0 0 0 0 0 0 0 0 0 7.6000000000000005 0 0.4 0 0.2 24.8 62.800000000000004 57.6 14.8 30.6 67.8 39.800000000000004 0 31.8 68.60000000000001 5.6000000000000005 37.800000000000004 62.6 81.2 26.200000000000003 9.600000000000001 9.8 8.4 8.6 16.2 0 0 0 0 0 0 0 0 0.2 0 0 0 0 0 0 1 0 0 0.6000000000000001 0 0.4 0.4 0 0.6000000000000001 0.6000000000000001 0 0 0 0 0 0 0.6000000000000001 0.6000000000000001 0 0 0 0 0 0 0.8 0 0.2 0 0 0 3.8000000000000003 0 0 0 0 0 0 0 0 0 0 0 0 0 0 3.6 2 8.4 5.2 6.6000000000000005 0 0.2 4.6000000000000005 6.2 7 5.4 9 5.2 5.2 9.8 8.6 4.2 6.2 3.4000000000000004 2.8000000000000003 0 0 0 0 0 0 0.2 0 0 0 0 0 0 0 0 0 0 0 4 1.8 0 0.4 0 0 0 0 0 0 0 0 0 0 0 0 2.8000000000000003 0 0 0 0 0 0 0 0 0 0 1.8 0 0.8 0 0 0 0 0 0 0 0 2.8000000000000003 0 0 0 6.6000000000000005 4.4 3.6 6.4 0 0 1 0 3.2 4.4 0 2.2 0 3.6 5.4 0 1.6 1.8 0 3.4000000000000004 0 0 0 0 0 0 0 0.4 0.2 0 0 0 0 0 0 0 0 0 0 0 0 0 0 0 0 0 0 0 0 0 0 0 0 0 0 0 0 0 0 0 0 0 0 0 0 0 0 0 0 0 0 0 0 0 2 0 0 0 0 0 0.2 0 0 0 0 0 0 0 0 0 0 0 0 0 0 0 0 0 0 1.8 0 2.6 0 0 0 0 1.8 0 0 0 
 0 0 0 0 0.2 15 0 0 0.2 7.6000000000000005 0 0.6000000000000001 0 0 0 0 0 1.2000000000000002 0 0.2 17.6 8.4 35.6 71.60000000000001 32.2 68.2 11.600000000000001 31.8 0 17.8 43.800000000000004 9.200000000000001 12.4 35.4 14.8 51.400000000000006 26.200000000000003 101.2 8.6 8.200000000000001 0 0 0 0.4 0 0 2.8000000000000003 0 0 0.6000000000000001 0.2 0 13.8 0 2.6 0 2 0 10.600000000000001 0.4 1 0.4 0 0.4 0.6000000000000001 0 0 0.2 0 0.8 0 0.6000000000000001 0.6000000000000001 0.6000000000000001 0 0 0 0 0.6000000000000001 1 0 0 0 0 0 0 0 0 0 0 0 0 0 0 0 0 0 0 0 0 0 3.4000000000000004 0 4.6000000000000005 4.800000000000001 4 2.2 0 0 3.8000000000000003 2 1.2000000000000002 0 2.6 0 4.2 1.8 6.800000000000001 0 2.2 2.2 0 2.8000000000000003 0 0 0 1.8 0 0.2 0 0 0 3.4000000000000004 0 3.6 0 0 0 2.2 5.6000000000000005 0 0 0 0 0 0 0.2 0 0 0 0 0 0 0 0 0 0 0 0 0 3 0 0 0 0 2.8000000000000003 1 0 0 0 0 0 0 0 0 0 0 0 0 0 2.4000000000000004 1.8 0 1.6 6 4.800000000000001 0 0 0 0 1.4000000000000001 3 2.4000000000000004 0 0 2.6 1.8 1.4000000000000001 0 0 0 0 0 0 0 0 0.8 2.8000000000000003 0 0 0 0 2 0.2 2.4000000000000004 0 0 0 1.6 2.4000000000000004 0 0 0 0 0 0 0 0 0 0 0 0 0 0 0 0 0 0 0 0 0 0 0 0 0 0 0 0 0 0 0 0 0 0 0 0.2 0 0 1.2000000000000002 0 0.6000000000000001 0 0 0 0 0 0 0 0.4 0 0 0 0 0 0 0 0 0 0 0 0 0 0 0 0 0 0 0 0 0 
 0 0 0 0 0 0.4 0.4 0 0 0 3.2 0.2 15.200000000000001 0 0 0 0.2 0 0 0 21.200000000000003 35.6 40.800000000000004 52.2 14 28.8 46 68.60000000000001 17.8 0 99.80000000000001 38.400000000000006 45.2 36.6 27.200000000000003 9.600000000000001 21.8 9.8 8.200000000000001 9.600000000000001 0 41.2 0 0.2 0 0.6000000000000001 0.2 0 0 0 0 1.2000000000000002 0 0.6000000000000001 0 1.2000000000000002 0.8 0 6.4 0.2 0.4 0.4 0 0.2 0.6000000000000001 0 0 0.4 0 0 0 0.4 0.6000000000000001 0 0 0 0 0 0 1.6 0 0 0 0 0 2.6 0 0 0 0 3 0 0 0 0 0 0 0 0 0 3.4000000000000004 0 6.800000000000001 2 8 3.2 0 5.6000000000000005 7.2 10.8 1.8 0.8 0 4.6000000000000005 2.6 3 2.2 4.4 2.6 1.6 0 0 0 0 0 0 2.2 0 0 0 0 0 0 0 0 0 0 0 0.2 0 0 0.2 0 0 1.6 0 0 0 0 0 0 0 0 4 0 0 0 0 1 0 0.6000000000000001 0 0 0 0 0 0 0.2 0 0 0 0 0 0 0 0 0 0 0 0 1.8 0 2.4000000000000004 10.4 0 2.6 8.200000000000001 0 3.2 2.2 6.2 3.6 0 2.6 5.2 0 0.2 5.800000000000001 0 0 1.6 0 0 0 0 0 3.4000000000000004 0 0 0 0 0 4.2 0 0.2 0 0 0 3 7.6000000000000005 0 0 0 0 0 0 0 0 0 0 0 0 0.4 0 0 0 0 0 0 0 0 0 0 0 0 0 0 0 0 0 0 0 0 0 2 0 0 15 0.2 0.4 0.2 0.4 0 0 0 0 0 0 0 0 0 0 0 0 0 0 0 0 0 2.6 0 3.4000000000000004 0 0 0 0 1.2000000000000002 0 0 2 
 0 0 0 0 0 0.6000000000000001 0 0 0.4 0 0.4 0 0 0 0 0 0 0 0 0 11 6.800000000000001 24.8 76.60000000000001 107 31 39.2 5.6000000000000005 43.800000000000004 99.80000000000001 0 21 51.800000000000004 27.6 70 21.8 52.800000000000004 29.400000000000002 5.4 50.400000000000006 0 0 0 0 0 0 1.8 0 0 0 0 0 0 0 1.4000000000000001 0 0.6000000000000001 0 2.4000000000000004 0.2 0.4 0.4 0 0.4 0.6000000000000001 0 0 0.2 0 0 0 0.6000000000000001 0.6000000000000001 0 0 0 0 0 0 2.8000000000000003 0 0 0 0 0 0.2 0 0 0 0 0 0 0 0 0 0 0 0 0 0 3.2 1.8 0.2 4 5.800000000000001 4 0 3.4000000000000004 11.600000000000001 1.4000000000000001 3.4000000000000004 0 0 0 1.6 0.2 0 1.6 0 2.6 0 0 3.2 0 0 0 1.6 0.2 0 0 0 0 2.4000000000000004 1.6 0.4 0 0 0 3.6 0 0 0 0 0 0.8 0 0 0 0 0 0 0 0 0 0 0 0 0 0 0 2.4000000000000004 0 0 0 0 0 0.4 0 0 0 0 0.2 0 0 0 0 0 0 0 0 3 3 10.200000000000001 6.4 4.6000000000000005 5.4 3.8000000000000003 3 4 0 17 1.8 0 12.4 11.200000000000001 6.2 4.800000000000001 2.4000000000000004 0 0 0.4 0 0 0 0 0 4.4 0 0 0 0 0 3 0 3 0 0 0 9.4 4.800000000000001 0.4 0 0 0 0 0 0 0 0 0 0 0 0 0 0 0 0 0 0 0 0 0 0.2 0 0 0 0 0 0 0 0 0 0 0 0.8 0 0.4 14.4 15.4 0.4 2.8000000000000003 0 0 0 0 0 4.6000000000000005 0 0 0 0 0 0 0 0 0 0 0 0 2 0 0 0 0 0 0 0.2 0 0 0 
 0 0 0 0.6000000000000001 0 0 0 0.4 0 13.4 0 0 0 0 0.6000000000000001 0.6000000000000001 0 0 0 0.2 22.6 23.6 62.2 24.8 36 14.4 20.8 37.800000000000004 9.200000000000001 38.400000000000006 21 0 37.2 64.2 5.4 39.6 94 29.400000000000002 12.4 10.200000000000001 0 1.2000000000000002 0 2 0 0.2 0 0 0.8 0 0 0 0 0 0 0 0 0 1.2000000000000002 12.4 2.4000000000000004 0 0 0 0.6000000000000001 0 0 0.6000000000000001 0 1 0 0.4 0.4 1.6 0 0.8 0 0.8 0 0.4 0 0 0 0 0 0 0 0 0 0 0 0 0 0 0 0 0 0 0 0 2.6 0.2 0 4.4 10.600000000000001 1.4000000000000001 0 5 5 0.2 7 4.4 0 7.4 1.8 7.4 0.6000000000000001 0.2 0 0 0 0 0 0 0 0 0 3.2 0.4 0 0 0 0.4 0 0 0 1.4000000000000001 0 4.2 4.800000000000001 0 0.6000000000000001 0 0 0.2 0 0 0 0 0 0 0 0 0 0 0 0 0 0 0 0 0 0 2.4000000000000004 2.4000000000000004 0 0 0.4 0 0 0 0 0 0 0 0 0 0 0 0 0 0 9.4 4.800000000000001 2.8000000000000003 0 0 2.2 4 2.4000000000000004 4.2 4.800000000000001 0 0 4.2 2.2 6.800000000000001 0 0 0 1.8 0 0 0 0 0 0 0 2.4000000000000004 0 0 0 0 0 0 3.2 2.4000000000000004 0 0 4.6000000000000005 0 0 0 0 0 0 0 0 0 0 0 0 0 0 0 0 0 0 0 0 0 0 0 0 0 0 0 0 0 0 0 0 0 0 0.8 0.4 0.4 0.6000000000000001 0.6000000000000001 0 1.2000000000000002 0 0 0 0 0 4 0 0 0 0 0 0 0 0 0 0 0 0 1.4000000000000001 0 1.4000000000000001 0 0 0 0 0 0 0 0 
