 0 66.60000000000001 78.80000000000001 26.8 67.8 24.6 50 54.6 91.60000000000001 79.2 32 41 9 29.8 66.2 5.6000000000000005 15.8 7.800000000000001 23.6 23.8 0 0 0 0.4 0 0 0.6000000000000001 0 0 0.6000000000000001 0 0.8 0 0 0 0 0.4 0 0 5.2 0 0.6000000000000001 0 0 0 0 0.4 0 0 0 0 0 0.4 0.2 0 0.2 0.6000000000000001 0.4 0.4 0 0 0.6000000000000001 0 0 0 0.6000000000000001 0 0 0 0.6000000000000001 0 0 0 0 0 0 0 0.4 0 0 2.6 8.8 0.2 8.8 0 0 2 1.2000000000000002 2 0.2 6.800000000000001 0 3.2 2 0.2 5.2 3.2 0 13.200000000000001 2.2 0 0 0 0 0 0 0 0 0.4 0 0 0 0 0 0 0 0 0 0 12 0 0 0 0 0 0 0 0 0 0 0 0 0 0 0 0 0 0 0 0 0.2 0 0 0 0 0 0 0 0 0 0.8 0 0 0 0 0.4 0 0 0 0 1.8 4.6000000000000005 9.8 2 1.8 0 2.8000000000000003 5.2 2 3.4000000000000004 0 0 0.8 7.4 8.6 3 2 0 2 3.6 0 0 0 0 0 0 0.2 0 0 0 0 0 0 0 0 0 0 0 2.6 0 0 0 0 0 0 0 0 0 0 0 0 0 0 0 0 0 0 0 0 0 0 0 0 0 0 0 0 0 0 0 0 0 0 0 0 0 0 0 0 0 0 0 0 0 0 0.2 18 0 0 28.6 0 1 0 0 0 0 0 0 0 0 0 0 0 0 0 0 0 0 0 0 1.6 0 0 0 0 1 0 0.2 0 0 0 0 0 0 0 0 0 0 0 0 
 66.60000000000001 0 33.4 38 26.200000000000003 62.6 35.4 97.60000000000001 46.6 43.800000000000004 8.4 67.8 35.6 30.8 29.200000000000003 10.4 24.200000000000003 8.200000000000001 7.6000000000000005 8.8 0 0 0 0 0 0.8 1.8 0.4 0 0.6000000000000001 0 0.6000000000000001 0.2 1 0 16.8 0.4 0 0 0.4 0 0.6000000000000001 0 5.2 0 0 0.4 0 0 4.6000000000000005 0 0.2 1.2000000000000002 0.2 0.2 0 0.6000000000000001 0.4 0.6000000000000001 1 0 0.6000000000000001 0.8 0 0 1.2000000000000002 0 0 0 0.4 0 0 0 0 0 0 0.8 0.4 0 0 0.2 0.6000000000000001 1.8 6 0 0.2 3.6 5 0.4 5 10.4 3 0.8 0 6.4 10.200000000000001 5 2.6 0.4 2.8000000000000003 0 0 0 0 0 0.2 1.6 0.2 0 0.2 0 0 6.800000000000001 0 0 0 0.2 0 6.2 6.6000000000000005 2 0 0 0 0 0 0 0 0.2 0 1 0 0 0 0 0 0 3.4000000000000004 0 0 0 0 0.2 0 0 0 0 0 0 0 0.6000000000000001 0 0 0 0 0 0 0 0 0 3.6 2.2 10.8 2.2 1.8 0 2.2 8 2.6 4.4 0 0 0 4 7 7 7.800000000000001 2.8000000000000003 0 0 0 0 0 0 0 0 3.6 0 0 0 0 0 0 0 0 0 0 0 2.4000000000000004 0 0 0 0 0 0 0 0 0 0 0 0 0 0 0 0 0 0 0 0 0 0 0 0 0 0 0 0 0 0 0 0 0 0 3.2 0 0 0 0 0 0 0 0 0 0 0 0.4 0.6000000000000001 0 0.4 17.8 0 2.6 0 0 0 0 0 0 0 0 0 0 0 0 0 0 0 0 0 0 0 0 0 0 0 0 0.2 5.2 0 0 0 0 0 0 0 0 0 0 0 0 
 78.80000000000001 33.4 0 39.400000000000006 27.200000000000003 18 32.6 64.2 60.6 37.4 6.6000000000000005 4.2 36.800000000000004 32.4 14.600000000000001 27.6 74.2 25 56.800000000000004 25.200000000000003 6.4 6.6000000000000005 0 0 16.6 0.8 0.4 0.4 0 6.6000000000000005 0 0.6000000000000001 4.4 4.800000000000001 6.4 0.6000000000000001 0 3.4000000000000004 0.4 6.6000000000000005 0 0.6000000000000001 0 13.8 0 0 0.4 0 0 0.6000000000000001 0 0 1.2000000000000002 0 0 0 0.2 0.6000000000000001 0.6000000000000001 0.4 0 0.6000000000000001 0.8 0 0 1.2000000000000002 0 0 0 0.4 0 0 0 0 0 0 0.8 0 0 9 2.8000000000000003 2.4000000000000004 5 4.4 3 0 3 0 10.200000000000001 2 5.6000000000000005 0 1.4000000000000001 6.4 3 5 0 3.6 4.6000000000000005 0 5 0 0 0.4 0 0 0 0 0 0 0 0 0 0.2 0 0 0 0 0.4 5.4 0 0 0.2 0 0 0 0 0 0 0 0.2 3.8000000000000003 0 0 0.6000000000000001 0 0 0 0 0 1 0 0 0 0 0.6000000000000001 0 0 0 0 1.2000000000000002 0 0.2 0 0 0 0 0 0 0 0 2 2.4000000000000004 1.6 0.2 0 3.2 1.8 0.4 6 2.2 3.4000000000000004 0 3.8000000000000003 7.4 2 7.4 2.2 0.6000000000000001 0 0 5.4 0 0 0 0 0 0.4 0 0 0 0 0.4 0 0 0 2.2 0 2.4000000000000004 0.8 0 0 0 0 0 0 0 0 0 0 0 0 0 0 0 0 0 0 0 0 0 0 0 0 0 0 0 0 0 0 0 0 0 0 0 0 0 0 0 0 0 2.2 0 0 0 0 0.8 0 0 0.2 0.2 3.8000000000000003 0 0 0 0 0 0 0 0 0 0 2 0 0 0 0 0 0 0 0 0 0 0 0 2 0 0 0 0 0 0 0 0 0 0 0 0 0 0 
 26.8 38 39.400000000000006 0 50 6.4 37.4 76.60000000000001 45.800000000000004 71.8 44.400000000000006 56.800000000000004 20.200000000000003 15.600000000000001 35 32.6 62 45 17.2 43 0 0 0 0 0 0 0.6000000000000001 0 0 0.6000000000000001 0 0.6000000000000001 0 0 0 0 0 0 0 0.2 0 0.6000000000000001 0 0 0 0 0.4 0 0 0 0 0 0.4 0.2 0 0 0.6000000000000001 0.4 0.6000000000000001 0 0 0.6000000000000001 0 0 0 0.4 0 0 0 0.4 0 0 0 0 0 0 0 0.4 0 0 2.4000000000000004 4 3.8000000000000003 3 1.6 7.6000000000000005 0 2.6 0.2 2.8000000000000003 8 2.8000000000000003 2 1.8 0 8.200000000000001 0.2 5.2 3.2 0.6000000000000001 0 0 2.8000000000000003 0.4 0.2 0 3.2 3.4000000000000004 0 0 0 0.4 4.6000000000000005 1.6 0 0 0 0 2 3.8000000000000003 0 0 0.2 0 0 0 0 0 0 0 0.4 0 0 2 0 0 0 0 0 0 0.8 0 0 0 0 0 0 0 0 0 1 0 0 0 0 0 0 0 0 0 1.6 4.2 9.600000000000001 2.2 1.6 0.2 2.8000000000000003 4 3.8000000000000003 6.800000000000001 0 0 0 3 7.2 3.4000000000000004 4.4 2.8000000000000003 0 0.2 2.8000000000000003 0 0 0 0 0.4 0 0 0 0 0 0 0 0 0 0 0 0 2.4000000000000004 0 0 0 0 0 0 0 0 0 0 0 0 0 0 0 0 0 0 0 0 0 0 0.2 0 0 2.6 0 0 0 0 0 0 0 0 0 0 0.2 0 0 0 0 0 1.4000000000000001 0 0 0 0.4 11 0 0.2 17.8 0 2.8000000000000003 0 0 0 0 0 0 0 0 0 0 0 0 0 0 0 0 0 0 0 0 0 0 0 0 2.4000000000000004 0 0 0 0 0 0 0 0 0 0 0 0 0 
 67.8 26.200000000000003 27.200000000000003 50 0 33.4 68.60000000000001 45 23 35.4 18.6 32.4 38.400000000000006 73.60000000000001 15 115.2 45.6 49 11.4 21.8 0.2 0 0 0.4 15.4 0 16 0.4 0 0.8 0 0.6000000000000001 0.2 0 0.2 0.4 0.2 0 0.4 11.8 0 0.6000000000000001 0 1.6 0.4 0 0.4 12.600000000000001 5 0 0.2 0 0.4 0.6000000000000001 0 0 0.4 0.4 0.6000000000000001 0 0.6000000000000001 0.6000000000000001 0 0 0 0.4 0 0 0.8 0.6000000000000001 0.4 0 0 8.6 0 0 0 1 0.4 0 0 0 4 3.6 8.4 3.6 0 3.8000000000000003 4.800000000000001 6.2 0 4.2 0 0 3.2 1.4000000000000001 0.2 2.8000000000000003 0 0 3 0 5.6000000000000005 0 0 0 2.8000000000000003 4.800000000000001 0 0 0 0 7.2 4 3.4000000000000004 0 0 0 6.800000000000001 8.6 0 0 0 0 1.8 0 0 0 0 0 0 0 0 0 0 0 0 0 0 0.2 0 3 0 0 0 0 0 0 0 0 0 0 0 0 0 0 0 0 1 0 1.8 8.6 0.2 2.2 3.4000000000000004 4.2 0 0 0 2.6 4.4 5.800000000000001 0 0 2.4000000000000004 9.8 1.6 2 5.4 0 3.2 0 0 0 0.4 0 5.2 0 0 0 0 0 3 0 0.4 0.2 0 0 4.4 6.2 0 0 0 0.2 0 0 0 0 0 0 0 0 0 0 0 0 2.8000000000000003 0 0 0 0 0 0 0 0 0 0 0 0 0 0 0 0 0 0 0 0.4 0 0 0 0 0 0 0 0 0.4 0.4 0.4 0.2 12.200000000000001 5.800000000000001 0 0.6000000000000001 0 0 0 0 0 0 0.2 0 0 1 0 0 0 0 0 0 0 0 0 0 0 1 3 0 2.6 0 0 0 0 0 0 0 0 0 0 0 0 
 24.6 62.6 18 6.4 33.4 0 5.800000000000001 5 22.8 30 31.6 28 7.800000000000001 15.200000000000001 51.2 18.2 34.2 26.8 10.600000000000001 6.800000000000001 16 16 0.6000000000000001 0.4 18.2 0.4 17.2 0 16.400000000000002 1.8 15.8 0.6000000000000001 7.2 0.6000000000000001 0.2 16.6 0.2 0.4 35.6 7.2 12.600000000000001 0.6000000000000001 0.8 0.4 0 0 0.4 0 0 0.4 13 12.600000000000001 0.4 0.4 0.4 1 1.2000000000000002 0.8 0.6000000000000001 0 1.4000000000000001 0.6000000000000001 0.6000000000000001 0 0 0.4 0 0 0 0.4 0.4 0.4 0 0 6.4 0 0.2 0.6000000000000001 0.2 0 0 0.4 0.2 4.2 5.4 2 0 2 0 0.2 0 0 0 0.4 4.800000000000001 2 1 0 0 0 6.2 5.2 3.4000000000000004 0 2.8000000000000003 0 6.6000000000000005 5.6000000000000005 17.6 0 0.4 1.4000000000000001 0.2 0.2 1.6 0 2.6 6.6000000000000005 0.4 6.2 0 0 0 0 0 0 0 0 0 0 0 0 0 0 0 0 0 0 0 0 0 0.4 0 0 0 0 0 4.2 0 0 10.8 0 0 0 0 0 0 0 0 0 0 0 2 0.2 0 0.2 0 2 0 0 8.4 6.2 0 0 0 4.2 0 3.4000000000000004 0.2 0 0 3.4000000000000004 0 0 0 0 0.6000000000000001 0 0 0 3 0 3.4000000000000004 2 9.4 3.8000000000000003 12.4 3.2 0 3.2 0 0 0.4 0 0 0 0 0 0 0 0 0 0 0 0 0 0 0 3 0 0 0 0 0 0 0 0 0 0.2 0 0 0 0 0 0 0 0 0 0 0 0 0 0 0 0 0 0.2 0.6000000000000001 0 0.8 1 3.8000000000000003 0 0 0 0 0 0 0 0 0 0 0 0 0 0 0 0 0 0 0 0 0 0 0 0 0 3.2 0 0 0 1.6 0 0 0 1.8 0 0 0 0 
 50 35.4 32.6 37.4 68.60000000000001 5.800000000000001 0 61 76 9.8 13.600000000000001 19.400000000000002 63.2 18.2 27.8 9.600000000000001 5.800000000000001 9 29.8 10.4 0 0 0 0.4 0.2 0 0.6000000000000001 0 0.2 0.4 0 0.6000000000000001 0 0 0 0 0 0.4 0 0.4 0 0.6000000000000001 0 0 0 0 0.4 0 0 0 0 0 0.4 6.800000000000001 0 0 0.6000000000000001 0.4 0.6000000000000001 0 0 0.6000000000000001 0 0 0 0.6000000000000001 0.2 0.2 0 0.4 0 0 0 0 0 0 0 0.2 0 0.4 0.2 6 0 4.800000000000001 0 0 8.200000000000001 2.4000000000000004 14.4 0.6000000000000001 0 0 12 0 2 6.4 0 0 3 0 0 0 0 0 0 0 0 0 0 0 0 0 0 0 0 0 0 0 0 4.4 0 0.6000000000000001 0 0 1.8 0 0 0 0 0 0 0 0 0 0 0 0 0 0 0 0 3.8000000000000003 0 0 0 0 0 0 0 0 0 0 2.6 0 0 0 0 0 0 0 4 4.4 0 1.2000000000000002 2.2 0 6.4 2.2 2 3 0 0 2 2.6 3 0.2 2.4000000000000004 1.2000000000000002 2 0 0 0 0 0 0 0 0.2 0 0 0 0 0 0 0 0 0 0 0 0.8 0 0 0 0 0 0 0 0 0 0 0 0 0 0 0 0 0 0 0 0 0 0 0 0 0 0 0 0 0 0 1.4000000000000001 0 0 0 0 0 0 0 0 0 0 0 0 0 0 0 0.4 0.2 0 0.2 17.8 0 0.4 0 0 0.2 0 0 0 0 0 0 0 0 0 0 0 0 0 0 0 0 0 0 0 0 1.8 0.2 0 0 0 0 0 0 0 0 0 0 0 0 0 
 54.6 97.60000000000001 64.2 76.60000000000001 45 5 61 0 73.8 43.400000000000006 45.800000000000004 24.6 42.800000000000004 130 31.200000000000003 7 67.2 49.400000000000006 55.400000000000006 90 0 0 0 0 0 0 0.6000000000000001 0 0 0.4 0 0.8 0 0 0 0 0 0.4 0.2 0 0 0.6000000000000001 0 0 0 0 0.4 0 0 0 0 0 0.4 12.600000000000001 0 0 0.6000000000000001 0.4 0.6000000000000001 0 0 0.6000000000000001 1.4000000000000001 0 0 0.4 0.8 0 7.2 0.4 0 0 0 0 0 0 0 1.6 0 0 3 8.200000000000001 0 0.8 0 0 0 2 3 0 4.2 0 2.8000000000000003 2.6 2.8000000000000003 4 1.8 5.800000000000001 5.4 0.2 0 0 0 0 0 0 2.6 0 2.2 0 0 0 2.8000000000000003 0 0 0 0 0 7.6000000000000005 2.6 3.2 0 0 0 0 0 0 0 0 0 0 0 5 0 0 0 0 0 0 0 0 0 0 0 0 0 0 0 0 0 0 0.6000000000000001 0 0 4.6000000000000005 0 0 0 0 0 2.4000000000000004 2.8000000000000003 4.800000000000001 2 6.4 0.4 0 3.4000000000000004 5 2.6 3 0 3.2 0 5.4 0 2.8000000000000003 7.2 0 0 0 0 0 0 0 0 0 0 0 0 0 0 0 0 0 0 0 0 2.6 0 0 0 0 0 0 0 0 0 0 0 0 0 0 0 0 0 0 0 0 0 0 0 0 0 0 0 0 0 0 0 0 0 0 0 0 0 0 0 0 0 0 0 0 0 0 0 19.400000000000002 0.4 19 36.2 0 1.4000000000000001 0 0 0 0 0 0 0 0 0 0 0 0 0 0 0 0 0 0 0 0 0 0 0 0.2 4 0 0 0 0 0 0 0 0 0 0 0 0 0 
 91.60000000000001 46.6 60.6 45.800000000000004 23 22.8 76 73.8 0 31 12.4 84.2 44.400000000000006 49 31.6 8.6 41.400000000000006 24 29 44.400000000000006 0.4 0 0.2 0 0.6000000000000001 0.2 0.6000000000000001 0 1 0.6000000000000001 0 0.6000000000000001 0 0.4 0 0 0 14.8 0 0.2 0 0.6000000000000001 0.2 0.2 0 0 0.4 0 0 0.2 0 0 0.4 0.2 0 0.2 0.6000000000000001 0.6000000000000001 0.6000000000000001 0 0 0.6000000000000001 0 1.2000000000000002 0 0.4 0.2 0 0 0.4 0 0.4 0 0 0 0 0 0 0 0 2.8000000000000003 2.6 9.4 7.4 0 5 4.4 4.800000000000001 2.8000000000000003 4 7.6000000000000005 3.2 2.2 8 1.6 0.8 1.8 0 4.2 4.2 0 0 0 0 0 0 3.2 4.800000000000001 0 0 0 0 3.2 2 1 0 0 0 1.2000000000000002 4.2 0 0 0 0 0 0 0 0 0 0 0 0 0 0 0 0 0 0 0 0 0.2 0 0 0 0 0 0 0 0 0 1.4000000000000001 0 0 0 0 0 0 0 2.8000000000000003 0 3.2 2.8000000000000003 8 2.4000000000000004 0 0 2.6 0.8 4.6000000000000005 0.2 0 0 2.2 7 7.800000000000001 2.4000000000000004 4.4 0 2.6 2.4000000000000004 2.4000000000000004 0 0 0 0 0 0 0 0 0 0 0 0.2 0 0 0 0 0 0 0.2 0 0 0 0 0 0 0 0 2.6 0 0 0 0 0 0 0 0 0 0 0 0 0 0 0 0 0 0 0 0 0 0 0 0 0 0 0 0 0 0 0 0 0 0 0 0 0 18 0.4 0 0.6000000000000001 0 0.6000000000000001 0 0 0 0 0 0 0 0 0 0 0 0 0 0 0 0 0 0 0 0 0 0 0 8 2.2 0 0 0 0 0 0 0 0 0 0 0 0 0 
 79.2 43.800000000000004 37.4 71.8 35.4 30 9.8 43.400000000000006 31 0 33 27.200000000000003 11.4 49.400000000000006 100.2 40.800000000000004 12.4 25.6 14.8 31.400000000000002 0.4 0.6000000000000001 0.2 0.4 15.200000000000001 0 0.8 0.4 0 0.8 1.2000000000000002 1 0.4 0 0.6000000000000001 0 0 0 0.4 0.6000000000000001 0 0.6000000000000001 0.8 2.6 0.4 0 0.8 0 0 0 0.4 1.2000000000000002 0.4 0.6000000000000001 0 12.8 0.6000000000000001 1.2000000000000002 0.6000000000000001 0 1 0.6000000000000001 0 0 0 0.4 0 0 0.6000000000000001 0.4 1.4000000000000001 0 0.4 0.4 0 0 0.8 0 0.4 0 0.2 1.4000000000000001 2 4.2 2 0 3.8000000000000003 0.4 0 0 9.200000000000001 0 4.6000000000000005 0.2 4 7 4.6000000000000005 5.4 2.6 4.800000000000001 0 0 0 0 0 0 1.6 0 0 0 0 0 8 0.2 0 0 0 0 2.8000000000000003 8.6 0 0 2.2 0 0 0 0 0 0 0 0 0 0 0 0 0 0 0 0 0 0 0 0 0 0 0 0 0 0 0 1.2000000000000002 0 0 0 0 0 0 0 0 0 0 2.8000000000000003 7.4 2 0 0 2.2 2.4000000000000004 2.6 5.4 3.4000000000000004 2.2 0 5.6000000000000005 6.4 1.6 3.8000000000000003 6.4 0 0 0 0 0 0 0 0 0.2 2.6 0 0 0 0 0.2 0 0 0 0 0 7.2 1 0 0 0 0 3.8000000000000003 0 0 0 0 0 0 0 0 0 0 0 0 0 0 0 0 0 0 0 0 0 0 0 0 0 0 0 0 0 0 0 0 0 0 0 0 2 0 0 0 0 17.8 0 0 18.400000000000002 0 0.4 0 0 0 0 0 0 0 0 0 0 1.8 0 0 0 0 0 0 0 0 0 0 0 0 0 0.2 0.2 0 0 0 0 0 0 0 0 0 0 0 0 
 32 8.4 6.6000000000000005 44.400000000000006 18.6 31.6 13.600000000000001 45.800000000000004 12.4 33 0 128.6 8.8 9.8 22.200000000000003 20.6 77 45.6 7.4 12.8 0.6000000000000001 0 0.6000000000000001 0.2 0 0.6000000000000001 0.8 14.8 0.8 0.4 0.6000000000000001 1.2000000000000002 0 1 0 0 0.6000000000000001 1.8 27.200000000000003 0 0 0.6000000000000001 0 0.2 0.2 0.4 0.4 0 0 2.6 0 0.4 0.4 0.2 0 0.4 1 1.6 0.6000000000000001 0 2.2 0.6000000000000001 8.6 0.4 0 0.8 0 0.4 0 0.4 0.4 0.2 0 0 0 0 0.2 0.2 0 0 0.2 4.2 6 0 2.2 7.4 0 4.6000000000000005 0 2.2 3.6 6.4 0 2.2 0 3.6 0 7 0 0 3.4000000000000004 2.4000000000000004 0.2 0 0 0 2 3 5.2 0 0 0 9 3.8000000000000003 3 0 0 0 5.4 0 0 0 0 0 0 0 0 0.2 0 0 0 0 0 0 2.2 0 0 0 0 0 0 1.2000000000000002 0.2 0 0 0 0 0 0 0 0 0.2 0 0 0 0 0 0 0.4 0.8 0 0 7.6000000000000005 3 0.2 0 0 1.6 11.200000000000001 10.200000000000001 1.8 2 2.2 6.2 2.8000000000000003 1.2000000000000002 0 4 0 0 2.2 0 0.4 0 0 0 4.2 0 0 0 5.6000000000000005 3 0 0 0.8 3.2 0 0.6000000000000001 1.6 0.2 0 0 0 0 0 0 0 0 0 0 0 0 0 0 0 0 0 0.2 0 0 0 0 0 0 0 0 0 0 0 0 0 0.2 0 0 0.2 0 0 0 0 0 0 3.6 0 0 0 0.8 10.200000000000001 0 0.4 0 0 2.2 0 0 0 0 0 0 0 0 0 0.2 0 0 0 0 0 0 0 0 0 0 0 0 0 0 2.2 0 0 0 0 0 0 0 0 0 0 0 0 0 
 41 67.8 4.2 56.800000000000004 32.4 28 19.400000000000002 24.6 84.2 27.200000000000003 128.6 0 8.4 57.2 20.200000000000003 25.8 54.400000000000006 17 17.8 39.800000000000004 0 0 0.2 0 0 0 0.6000000000000001 3.4000000000000004 0 0.4 0 0.6000000000000001 15 0 0.2 0 0 0.6000000000000001 37.6 0 0 0.6000000000000001 0 0 0 0 0.4 0 0 18.8 0 0 12.600000000000001 0.4 0 0 0.6000000000000001 0.4 0.6000000000000001 0 5.4 0.6000000000000001 0 6 0 0.4 0 0 0 0.4 0 0 0 0 0 0 0 0 1.4000000000000001 0 0.2 3.8000000000000003 5.2 0 0.2 4.6000000000000005 0 5.4 0 1.8 4.4 2 0 2.8000000000000003 0 3.6 0.2 5.2 2.8000000000000003 0 5 0.6000000000000001 0 0 0.2 0 0.4 0.4 4.2 0 0 0 3.6 1.6 3.2 0.4 0 0 6.6000000000000005 0 0 0 0 0 0 0 0 0 0 0 0 0.2 0 0 0 1.8 0 0 0 0 0.4 1 0 0 0 0 0 0 0 0 0 0 0 0 0 0 0 0 0 0 0 0 5.6000000000000005 5 4.6000000000000005 0 0 1.6 6.2 2.2 1.6 2.8000000000000003 1.2000000000000002 3.8000000000000003 1.8 0 0 3.6 0 0 2 0 0 0 0 0 0.2 0 0 0 0 0 0 0.6000000000000001 1.8 2.8000000000000003 0 0 1.6 0.6000000000000001 0.2 0 0 0 0 0 0 0 0 0 0 0 0 0 0 0 0 0 0 0 0 0 0 0 0 0 0.4 0 0 0 0 0 0 0 0 0 0 0 0 0 0 0 0 0 0 0 17 0 2 0.2 0 2.2 0 0 0 0 0 0 0 0 0 0.2 0 10.200000000000001 0 0 0 0 0 0 0 0 0 0 0 0 2.8000000000000003 0 0 0 0 0 0 0 0 0 0 0 0 0 
 9 35.6 36.800000000000004 20.200000000000003 38.400000000000006 7.800000000000001 63.2 42.800000000000004 44.400000000000006 11.4 8.8 8.4 0 36.2 5.6000000000000005 27.8 8.6 5.800000000000001 58.800000000000004 8.6 0 0 0 0 0.8 0.4 1 0 0 1 0.4 14 0 0 0 0 0 16.2 0 0.8 0.6000000000000001 0.6000000000000001 1 0.8 0 0.8 0.4 0 0 0 0 0.6000000000000001 0.4 12.8 0.4 1.8 1.2000000000000002 0.8 0.4 0 13.600000000000001 0.6000000000000001 0.2 0 0.2 0.4 0 8.8 0 0.4 0 0.4 0 0.6000000000000001 0.4 0 0 3 0 0 0 5.6000000000000005 0 3 0 0 6.6000000000000005 0.4 9 1.8 0.2 0 6 3.4000000000000004 3.2 3.8000000000000003 0.2 0 3.2 0 0 0 0 0 0 0 0 0 0 0 0 0 0 0 0 0 0 0 0 4.2 0 0 0 1.4000000000000001 0 0 0 0 0 0 0 0 0 0 0 0 0 0 0 0 0 0 4 0 0 0 0 0.4 0 0 0 0 0 0 0 0 0 0 0 0 9.8 6.4 0 0 2 0 3.2 2.6 0 5 0 1.4000000000000001 3.6 0 3 0 3.4000000000000004 0.8 4.6000000000000005 6 0 0 0 0 0.2 0 0 0 0 0 0 0 0 0 0 0 0 0 0.4 0 0 0 0 0.4 0 0 0 0 0 0 0 0 0 0 0 0 0 0 0 0 0 0 0 0 0 0 0 0 0 0 0 0 0 0 0 0 0 0 0 0.4 0 0 0 0 0 0.2 0 0 0.4 18.2 0.4 1.8 0 0 0 0 0 0 0 0 0 2.2 0 0 0 0 0 0 0.4 0 0 0 0 0 0 1 0 0 0 0 0 0 0 0 0 0 0 0 0 0 
 29.8 30.8 32.4 15.600000000000001 73.60000000000001 15.200000000000001 18.2 130 49 49.400000000000006 9.8 57.2 36.2 0 28.200000000000003 5.800000000000001 72.2 69 17.6 145.8 0.2 0 0 0 0 14.8 0.4 0 0 7 0.2 0.6000000000000001 0 0 0 0 0 0.4 0 0.4 0 0.6000000000000001 0 0 0 0 0.4 0 0 0 0 0 0.8 7 0 0 0.4 0.4 0.6000000000000001 0.2 0 0.6000000000000001 0 0 0 0.4 0 0 0.4 0.4 0 0 0 0 0 0 0 0.8 0 0 6 2.4000000000000004 0 10.8 1.6 0 5.6000000000000005 1.4000000000000001 2 0 11.200000000000001 0 2.2 3.8000000000000003 6.800000000000001 2.2 3.2 3 5.4 10.4 0 0 0 0 0 0 2.2 0 0 0 0.2 0 3 0 0 0 0 0 2.4000000000000004 2.8000000000000003 0 0 0 0 0 2.2 0 0 0 0 0 0 0.4 0 0 0 0 0 0 0 0.2 0.2 0 0 0 0 0 0 0 3 0 0 0 0 1.2000000000000002 0 0 0 0 0 2 2.6 5.800000000000001 2.6 5 0 3 0.2 8.200000000000001 2.4000000000000004 3.4000000000000004 2.6 1.4000000000000001 6.6000000000000005 4.2 5.4 11.600000000000001 2.8000000000000003 1.2000000000000002 4.6000000000000005 0 0 0 0 0 0 0.2 0 0 0 0 0 0 0 0 0 0 0 2.8000000000000003 0 0 0 0.2 0 0 0 0 0 0 0 0 0 0 0 0 0 0 0 0.4 0 0 1.6 0 0 0 0 0 0 0 0 0 0 0 0 0 0 0 0 0 0 0 0 0 0 0 0 0.4 0 0 18.8 0.4 1.6 0 0 0 0 0 0 0 0 0 0 0 0 0 0 0 0 0 0 0 0 0 0 0 3 0 0 0 0 0.4 0 0 0 0 0 0 0 0 0 
 66.2 29.200000000000003 14.600000000000001 35 15 51.2 27.8 31.200000000000003 31.6 100.2 22.200000000000003 20.200000000000003 5.6000000000000005 28.200000000000003 0 109.4 57.800000000000004 25.400000000000002 16.400000000000002 62.2 0 0.4 0.4 0 0.6000000000000001 0 1.2000000000000002 0 0 15.8 0.6000000000000001 0.6000000000000001 0.4 0 0 0.6000000000000001 0 0 0.2 0.2 0 0.6000000000000001 0.4 0 0 0 0.4 0 0 0 0 0 0.4 0.2 0 0 0.6000000000000001 0.4 0.6000000000000001 0 0.2 0.6000000000000001 0 0 0 0.4 0.4 1 0 0.4 0 0 0 0 0.2 0 0.4 0 0.4 0 5.2 2 2.2 0.2 0 0 1.2000000000000002 4.800000000000001 2.6 2.6 8.6 0 7.2 0.2 3.8000000000000003 6.6000000000000005 2.2 1.4000000000000001 2.6 2.6 0.4 0 0 0 0 0 0 0 0 0 0 0 0 0 0 0 0.2 0 0 1.2000000000000002 0 0 0 0 0 0 0 0.2 0 0 0 0 0 0 0 0 0 0 0 0 1 0 0 0 0 0 0 0 0.2 0.4 1.2000000000000002 0 0 0 0 0 0 0 0.2 0 2.6 14.8 0.2 2.2 0 0 0.2 11.4 0 3.4000000000000004 0.2 0 3.4000000000000004 7.4 7.2 4.4 5 0 0 0 0 0 0 0 0 0 2.8000000000000003 0 0 0 0 0 0 0 0 0 0 0 1.6 0 0 0 0 0 0 0 0 0 0 0 0 3.2 0 0 5.6000000000000005 0 0 0 0 0 0 0 0 0 0 0 0 0 0 0 0 0 0 3 0 0 0 0 0 0 0 4.4 0 0 0 0.6000000000000001 0.6000000000000001 0 1.2000000000000002 17.400000000000002 0 2 0 0 0 0 0 0 0 0 0 0 0 0 0 0 0 0 0 0 0 0 0 0 0 0 0.2 0 0 0 0 0 0 0 0 0.4 0 0 0 1 
 5.6000000000000005 10.4 27.6 32.6 115.2 18.2 9.600000000000001 7 8.6 40.800000000000004 20.6 25.8 27.8 5.800000000000001 109.4 0 23.400000000000002 17.6 6.4 53.2 1 0 1 0 0 0 6.2 0.2 0 0.4 0.8 1.6 1 0.4 0 0 0.4 0.4 0 15.600000000000001 0 0.8 0.4 1 1.2000000000000002 0.4 1 13 2.2 0.2 0 0 0.4 0.2 0.2 0.4 0.8 1 1 0 0 10.4 19.400000000000002 0.4 0 0.4 0 2 0.6000000000000001 0.4 0.6000000000000001 0 0.6000000000000001 10.200000000000001 0 0 0 0 0 12.4 5.4 0 13.8 0.2 0 0 1.2000000000000002 6.800000000000001 0 12.4 3.8000000000000003 7 4.800000000000001 0 6.800000000000001 0 2 5.4 0.6000000000000001 0 0 2.4000000000000004 0 0 0 0 0 0 0.2 0.4 0.2 0 6.4 0 0 0 0 0 8.6 1.6 0 0 0 0 0 0 0 0 0 0 0 0 0 0 0 0 0 0 0 0 0 0 0 0 0 0 0 0 0 0 0 0 0 0 0 0 0 0 1 0.8 0 2.6 0 3 9.8 4 0 2 0 0.2 4.2 4.2 4.2 4 0 16.6 0 3.6 1.8 0 2.6 0 0 0 0 0 10.4 0.6000000000000001 0 0 0 0 2 0 0 0 0 0 1.8 4 0 0 0 0 0 0 0 0 0 0 0 0 0 0 0 0 0 0 0 0 0 1.6 0 0 0 0 0 0 0 0 0 0 0 0 0 0 0 0.6000000000000001 0 0 0 0 0 0 0 0.6000000000000001 0 0 17.6 0 1.8 1.4000000000000001 0 0 0 0 0 0 0 0 0 0 2.2 0 0 0 0 0 0 0 0 0 0 0 0 0 3.4000000000000004 0 0 0 0 0 0 0 0 0 0 0 0 0 
 15.8 24.200000000000003 74.2 62 45.6 34.2 5.800000000000001 67.2 41.400000000000006 12.4 77 54.400000000000006 8.6 72.2 57.800000000000004 23.400000000000002 0 37.800000000000004 26.200000000000003 58.800000000000004 0 0 0 0 41.400000000000006 0 0.8 0 0 0.6000000000000001 0 0.6000000000000001 0 0 0 0.4 0 0 1.6 15.200000000000001 0 1.6 0 0 0 0 0.4 0 0 0 0 0 0.4 0.2 0 0 0.4 0.4 0.6000000000000001 0 0 0.6000000000000001 0 0 0 0.4 0 0.4 0 0.4 0 0 0 0 0 0 0 0 0 0 1.6 3.2 4.2 8.6 0 4 1.4000000000000001 7.2 2.8000000000000003 5.6000000000000005 2.6 6.4 2 4.6000000000000005 3 0 2.8000000000000003 0 9.200000000000001 0.4 2.2 0 0 0 0 0 1.2000000000000002 3.8000000000000003 0 0 0 0 2.2 2.8000000000000003 0 0 0 0 0.2 3.4000000000000004 0 0 0 0 0 3.8000000000000003 0 0 0 0 0 0 0 0 0 0 0 0 0 0 0 2.2 0 0 0 0 0 0 0 0 0 0 0 0 0 0 0 0 0 0 0 2.8000000000000003 5.800000000000001 13.200000000000001 2.4000000000000004 1.2000000000000002 0 1.2000000000000002 2.2 0 0 0.2 2.8000000000000003 5.6000000000000005 4 5.2 0 6.4 2.4000000000000004 2.8000000000000003 4.4 0 0 0 0 0 2.4000000000000004 0 0 0 0 0 2 0 0 0 0 0 0 2.8000000000000003 0 0 0 0 0 0 0 0 0 0 0 0 0 0 0 0 0 0 0 0 0 0 0 0 0 0 0 0 0 0 0 0 0 0 0 0 0 0 0 0 0 0 0 0 0 0 0.2 0.2 0.2 0.2 0 2 0 0 0 0 0 0 0 0 0 0 0 0 0 0 0 0 0 0 0 0 0 0 0 0 2.6 2 0 0 0 0 0 0 0 0 0 0 0 0 
 7.800000000000001 8.200000000000001 25 45 49 26.8 9 49.400000000000006 24 25.6 45.6 17 5.800000000000001 69 25.400000000000002 17.6 37.800000000000004 0 7 28.8 0 17.8 0 0 0 0.2 0.6000000000000001 0 0 0.8 0 0.6000000000000001 0.2 0.4 0.6000000000000001 0 0 0.2 14.600000000000001 20.400000000000002 0 0.6000000000000001 0 0 0 0 0.4 0 0 0 0 0 1 0.4 12.600000000000001 0 0.6000000000000001 0.4 1.8 0 1.4000000000000001 0.6000000000000001 0 0 0 0.4 0.2 0 0 0.4 0 0 0 0 0 0 0 0 0 0 4.800000000000001 0 1.4000000000000001 0 4.6000000000000005 3.2 0 0 0 0.4 0 0.8 0.8 0 0 0.2 0 13 2.2 2 3.8000000000000003 0 0.4 0.2 0 0 1.4000000000000001 3.6 3.8000000000000003 1.8 0 0.2 0.6000000000000001 1.2000000000000002 0 0 0 0 3 0.2 0 0 0.4 0 0 0 0 0 0 0 0.2 0 0 0 0 0 0 0 0 0 1.2000000000000002 0 0 0 0 0 0 0 0 0 0 0 0 0 1.6 0 0 0 0 0 0 4.2 0.2 8.8 3 2 0 0.2 0 2.8000000000000003 14 10.200000000000001 0 0 0 1 4.800000000000001 5.800000000000001 2.8000000000000003 0 5 0 0 0 0 0.2 0 2 0 0 0 0 0.2 3.8000000000000003 0.2 0 0 0 0 4.2 0 0 0 0 0 0 0 0 0 0 0 0 0 0 0 0 0 0 0 0 0 0.4 0 0 0 0 0 0 0 0 0 0 0 2.2 0 0.4 0 0 0 0 0 4.2 0 0 0.4 0.6000000000000001 17.2 0 18.2 0 9 0.6000000000000001 1.8 0 0 0 0 0 0 0 0 0 1.6 0 0 0 0 0 0 0.2 0 0 0 0 0 2.8000000000000003 6.2 0 0 0 0 0 0 0 0 0 0 0 0 0 
 23.6 7.6000000000000005 56.800000000000004 17.2 11.4 10.600000000000001 29.8 55.400000000000006 29 14.8 7.4 17.8 58.800000000000004 17.6 16.400000000000002 6.4 26.200000000000003 7 0 22.6 0.6000000000000001 0.2 0 0.4 0.4 0 0.6000000000000001 0.4 0 1.6 1 0.6000000000000001 0.6000000000000001 0 0 0 0.4 1 1.4000000000000001 0.8 0.6000000000000001 0.8 0 0.2 0.8 1 1 0 0.4 0 0.6000000000000001 0.2 0.4 0.8 0.4 0.4 0.6000000000000001 1.2000000000000002 0.6000000000000001 0.2 0 0.6000000000000001 0 0 0.4 0.4 0.8 0.4 0.2 0.4 0 0 0.2 0.6000000000000001 0.8 0.6000000000000001 0 0 0 6.6000000000000005 0.2 4.2 2.8000000000000003 3.8000000000000003 0 0 4.2 0 6.6000000000000005 2 0 0 3.4000000000000004 5.6000000000000005 2.4000000000000004 2.8000000000000003 0 0 5 0.8 0 0 0 0 0 0 0 0.4 0 0 0 0 0 0 0 0 0 0 0.2 0.2 0 0 0 0 0 0 0 0 0 0 0 0 0 0 0 0 0 0 0 0 0 0 0 0 0.2 0 0 0 0 0 0 0 1 0 0 0 0 0 0 5.2 0.2 2.8000000000000003 0.2 0.2 0.2 0 4 0.2 3.4000000000000004 0 0 0.6000000000000001 5.2 0 0 0 0.2 0 3.8000000000000003 2.8000000000000003 0 0 0 0.2 0 0 0 0 0 0 0 0 0 0.2 0 0 0 0 0.2 0 0 0 0 0 0 1.8 0 0 0 0 0 0 0 0 0 0 0.4 0 0 0 0 0 0 0 0 0 0 0 0 0 2.2 0 0 0.2 0 0 0 0 0 0 0 0 0 0 0 0 0 0.4 0 0.4 0.2 4.800000000000001 0 0 0 0 0 0 0 2.2 0.4 0 0 0 0 0.4 0 0 0 0 0 0 0 0 0.2 2 0 0 0 0 0 0 0 0 0 0 0 0 0 0 
 23.8 8.8 25.200000000000003 43 21.8 6.800000000000001 10.4 90 44.400000000000006 31.400000000000002 12.8 39.800000000000004 8.6 145.8 62.2 53.2 58.800000000000004 28.8 22.6 0 0 0 0 0 0 0 0.6000000000000001 0 0 0.2 0.4 1 0.4 0 0 0 0 0.4 0 0.4 0 0.6000000000000001 0 0 0 0 0.4 0 0 0.6000000000000001 0 0 0.4 0.2 0 0 0.2 0.6000000000000001 0.6000000000000001 0 0 0.6000000000000001 0 0 0 0.4 0.6000000000000001 0 0 0.4 0 0 0 0 0 0 0 0 0 0 4.6000000000000005 2.2 0 5.4 1.4000000000000001 0 6 1.4000000000000001 0 0 2.8000000000000003 1.8 2.2 6.2 5.4 0 0.8 0 7.800000000000001 10.600000000000001 0 0 0 0 0 0 0 0 0 0 0 0 0 1.6 0 0 0 0 0 0.4 0 0 0 0 0.4 0 0 0 0 0 0 0 0 0 0 0 0 0 0 0 1 0 0 0 0.4 0 0 0 0 0 0 0 0 0 0.8 0 0 0 0 0 0 3 6.2 1 0 0 0 0 6.800000000000001 2.4000000000000004 3 2.8000000000000003 7.2 5 7.800000000000001 0 7 0.4 0 6.2 0 0 0 0.2 0 0 0.8 0 0 0 0 0.2 0 0.2 0 0 0 0 4.2 0 0 0 0 0 0 0 0 0 0 0 0 0 0 0 0 0 3.8000000000000003 0 0 0 0 0 0 0 0 0 0 0.4 0 0 0 0 0 0.4 0 0 0 0 0 0 0 0 0 0 0 0 20 0.4 0 1.2000000000000002 0 2.2 0 0 0 0 0 0 0 0 0 0 0 0 0 0 0 0 0 0 0 0 0 0 0 0 0 0 0 0 0 0 0 0 0 0 0 0 0 0 
 0 0 6.4 0 0.2 16 0 0 0.4 0.4 0.6000000000000001 0 0 0.2 0 1 0 0 0.6000000000000001 0 0 73.60000000000001 102.60000000000001 7.4 9.8 6.800000000000001 78 70.8 65.2 22 66.4 23.200000000000003 42.2 34 24 30.200000000000003 40.2 24.8 19 8 0 40.800000000000004 0.2 0.6000000000000001 0 0.2 0.4 13.200000000000001 0 36.2 0 0 0.6000000000000001 0.2 0.4 0 0 0.6000000000000001 0.6000000000000001 0 1 0 0 0 0 0 0 0 0 0 0 0 1 10 0 0 0 0 0 0 0 0 0 0 3.4000000000000004 4 0 0 0 2.6 0 0.4 0 0 0 0 0 0 0 0 2.2 0 0 3.6 0 0 3.4000000000000004 2 0.6000000000000001 4.6000000000000005 1.8 1.6 4.2 5.2 4.4 4.4 3.4000000000000004 4.4 0 0.2 0 0 0 0 0 0 0.2 0 0 0 0 0 0 0 0 0 0 0 0.2 0 0 0 0.2 0 0 0 0 0 0.2 0 0 0 0 0 0 0 0 0 0 0 0 0 0 0.2 0 0 0 0 0 0 0 0.2 0.4 0 0 0 0 0 0 0 0 4.4 0 1.4000000000000001 5.4 0 1.8 6.800000000000001 5 2.2 6 8.200000000000001 1.8 3 0 6 3.6 3 0 1.4000000000000001 0 0 0 0 0 0 0.2 0 0 0 0 0 0 0 0 0 0 0 0.4 0 0 0 0.4 0 0 0 0 0 0 0 0 0 0 0 0 0 0 0 0 0 0 0 0 0 0 0 0 0 0 0 0 0.4 0 0 1.8 0.4 0.4 2.6 0.4 0.2 0 0 0 0 0 0 1.8 0 0 0 0 0 0 0 0 0 0 0 0 0 0 0 0 0 0 3.8000000000000003 2.2 0 0 0 
 0 0 6.6000000000000005 0 0 16 0 0 0 0.6000000000000001 0 0 0 0 0.4 0 0 17.8 0.2 0 73.60000000000001 0 92.4 64.60000000000001 64.4 5.6000000000000005 30.6 103.2 9 67.60000000000001 23.8 19.200000000000003 37.6 69.8 37 4.6000000000000005 18.8 35.2 5.2 8.200000000000001 0 0 1.4000000000000001 0.6000000000000001 0 0 0.4 0.6000000000000001 0 0 0 0 0.8 0.2 1.8 0 0 0.4 1.2000000000000002 0 0.6000000000000001 0 0.4 10.200000000000001 0 0 0 0 0 0 1.2000000000000002 0 0 0 0 0 0 0 0 0.8 0 0 0 0 1.4000000000000001 2.2 0 0 0 0 0 0 0 0 0 0 0 0 0 2.2 2.2 0.4 0.6000000000000001 1.4000000000000001 0.4 1.2000000000000002 2.6 0 1.8 3.4000000000000004 1.8 2 0 2 0 4.4 3.2 3.8000000000000003 0 0 0.2 0 0 0 4.2 0 0 0 0 0 0 0 0 0 0 0 0 0 0 0 0 0 0 0.8 0 0 0 0 0 0 0 0 0 0 0 0 0 0 0 0 0 0 0 0 0 0.2 0 0 0 0 0 0 0 0 0 0 0 0 0 0 0 5 2.6 3.8000000000000003 5.6000000000000005 0 0.2 2.4000000000000004 9.4 4.4 11.600000000000001 3.6 0 11.200000000000001 0 6.2 3.8000000000000003 4.4 0 2.8000000000000003 0 0 0 0 0 0 4 0 0 0 0 0 0 0.4 0 0 0 0 0.2 0 0 0 0 0 0 0 0 0 0 0 0 0 2.8000000000000003 0.2 0 0 0 0 0 0 0 0.8 2.6 0 0 0 0 0 0 0.4 0 0 0 0 0.2 0.4 0.4 15.600000000000001 0 0.4 0.4 0 0 0 0 0 0.2 0 0 0 0 0 0 0 0 0.4 0 0 0 0 0 0 0 0 0 2.4000000000000004 0 0 0 0 
 0 0 0 0 0 0.6000000000000001 0 0 0.2 0.2 0.6000000000000001 0.2 0 0 0.4 1 0 0 0 0 102.60000000000001 92.4 0 22.400000000000002 52 14.4 19.8 56.2 100 30.400000000000002 23.400000000000002 9 52 48.400000000000006 11.8 46 84.4 27 49.400000000000006 14.8 0 0 0 0 0 0.2 0.4 0.6000000000000001 0 0 0 0.4 26 0 1.4000000000000001 0 0 0.4 19 6.800000000000001 0.6000000000000001 0 0 0 0 0 0 0 0 0 0 0 0 0 0 0.8 0 0 0 0 0 0 4.4 0 0.4 0.2 2.8000000000000003 0 2.6 0 0 0 0 0 0 0 0 0 0 0 0 0 7 0 0.2 3.4000000000000004 0.4 0 5.6000000000000005 2.6 1.6 6.4 0 0 0.4 3.2 0 0.8 0 0 1.4000000000000001 0 0 0 0 0 3.2 0 0 0 0 0 0 0.2 0 0 0 0 0.4 0 0 0 0 0 0 0 0 0 0 0 0 0.4 0 0 0 0 0 0 0 0 0 0 0 0.6000000000000001 0 0 0 0 0 0 0 0 0 0.4 0.2 0 0 0 0 0 0 5.800000000000001 7 8.8 3.6 6.800000000000001 1.8 0 6.6000000000000005 7.6000000000000005 1.8 10.4 0 0.4 0 3.2 0 2.2 0 2.2 0 0 0 0 0 0 0 0 0 0 0 0 0 0 0 0 0 0 0 2.6 0 0 0 0 0 0 0 0 0 0 0 0 0 0 0 0 0 0 0 0 0 0 2.6 0 0 0 0 0 0 0 0 0 0 0 1.4000000000000001 0 0 8.6 1.2000000000000002 0 0.6000000000000001 0.4 0 0 0 0 1.8 0 0 0 0 0 0 0 0 0 0 0 0 0 0 0.4 0 0 0 0 3.6 0 0 0 
 0.4 0 0 0 0.4 0.4 0.4 0 0 0.4 0.2 0 0 0 0 0 0 0 0.4 0 7.4 64.60000000000001 22.400000000000002 0 13.8 10.4 17 47.400000000000006 51 60.800000000000004 28.200000000000003 25.8 10 46.2 13 10 24.200000000000003 7.6000000000000005 15 58.2 12.8 0 0.6000000000000001 0 0 0 24.400000000000002 0.6000000000000001 0 0 0.8 0 0.8 12.8 9.600000000000001 0 0.8 0.4 24.200000000000003 23.6 0.6000000000000001 0 0 0 0.2 0 0 0.2 0 0 0 0.4 0 0 0 0 0 0 0.2 2.2 0 0 0 0 0 0 0 0 0 0 0 0 0 0 0 0 0 0 0 0 0 2.4000000000000004 0.2 2.2 8 9.200000000000001 0.4 0 0 0 3.2 0.2 0 0 0 4.2 0 2.4000000000000004 0 0 0 0 0 0 0 0 1.2000000000000002 0 0 0 0 0 7.800000000000001 4 0 0 0 0 6.6000000000000005 1.2000000000000002 0 0 0 0 0 0 0 0 1.2000000000000002 0 0 0 0 0 0 0 0 0 0 0 0 0 0 0.4 0 0 0 0 0 0 0 0 0 0.8 0.6000000000000001 0 0 0 0 0 0 6.800000000000001 0 0.8 4.4 6.6000000000000005 0 0 2.4000000000000004 0 7.2 2.2 0 2 0.6000000000000001 0.2 0 1.8 0 0 0 2 0 0 0 0 23 1 4.2 0 0 0 14 4 8.200000000000001 3.4000000000000004 0 0 0 4 0 0 0 0 0 0 0 0 0 0 0 0 0 0 0 0 0 0 0 0 0 0 2.8000000000000003 0 0 0 0 0 0 0 0 0 0 0 2 0 0 30.8 0 0.6000000000000001 0.4 0.2 0 0 0 0 0 0 0 0 0 0 0 0 0 0 0 0 0 0 0 0.2 0 0 0 0 0 0 0 0 
 0 0 16.6 0 15.4 18.2 0.2 0 0.6000000000000001 15.200000000000001 0 0 0.8 0 0.6000000000000001 0 41.400000000000006 0 0.4 0 9.8 64.4 52 13.8 0 12.200000000000001 30.200000000000003 31.400000000000002 38.400000000000006 33.800000000000004 35.4 11 11.4 29 13.600000000000001 17.8 26.6 52.400000000000006 12.200000000000001 18 18.6 0.2 0 0 0 0 5.800000000000001 13 0 0 1 0.2 7.6000000000000005 2.2 0.4 10.4 0 0.4 13.4 12.4 0.6000000000000001 0 0.6000000000000001 0 0 0.4 0 0 0 0 0 0.4 0 0 0.6000000000000001 0 0 0.2 1.2000000000000002 0.4 0 0 0 0 0 0 0 0 0 0 0 0 0 0 8.200000000000001 0 0 0.4 0 0 0.2 0 3.4000000000000004 1.8 2.2 7.2 0.2 0 0.8 11.4 14 2.6 0 0 0 3.4000000000000004 0 1.4000000000000001 0 0 0 0.2 3 0 0 0 2.4000000000000004 0 7.6000000000000005 0 6 0 2 0.6000000000000001 2 1.8 0 0 4 0.4 0 0 0 0 0 0 0 0 0 0 0 0 0 0 0 0 0 0 0 0.4 0 0 0 0.2 6.800000000000001 0.4 0 0 0 1.2000000000000002 0 2 0 0 0 0 0.4 0 0 0 0 7.2 2 0.2 8.4 0.2 0 0 0.6000000000000001 4 0 4 0 0.2 3.8000000000000003 0 2.2 3 0 0 7.6000000000000005 0 0 0 0 0.2 0 4.2 0 0 0 0 0 4.6000000000000005 0 0 2 0 0 3.6 0 0 0 0 0 0 0 0 0 0 0.2 0 0 0 0 0 0 0 0 0 0 0 0 0 0 0.2 0.4 0 0 0 0 0 0 0 1 0.4 0.6000000000000001 0 35.2 0 4.800000000000001 0.6000000000000001 0 0 0 0 0 0 0 0 0 0 0 0 0 0 0 0 0 0 0 0.2 0 0 0 0 0 0 0 0 
 0 0.8 0.8 0 0 0.4 0 0 0.2 0 0.6000000000000001 0 0.4 14.8 0 0 0 0.2 0 0 6.800000000000001 5.6000000000000005 14.4 10.4 12.200000000000001 0 18.400000000000002 23.400000000000002 9 28.6 17.6 24.6 5.800000000000001 26 63.2 20.8 10.200000000000001 9.8 10.200000000000001 14.8 13 5.800000000000001 3.8000000000000003 14.200000000000001 0 0 13 1 12.4 3.6 0.2 0 31.8 12.8 13.8 0 0 0.6000000000000001 0.6000000000000001 13 0.6000000000000001 0.2 0 0 0 0 0 0.2 0 0 0 0 0 0 0.6000000000000001 0 0 0 0 0 0 0 0 0 0 0 0 0 0 0 0 0 0 0 0 0 0 0 0 0 0.2 0 2.2 1.4000000000000001 2.6 0.2 0.2 0 0 0 0 4.4 0 0 0 0 1.4000000000000001 0 0 0 3.2 0.2 0.2 2.2 0 0 0 1.8 0.4 6.2 2.6 0.4 5.4 0 4.800000000000001 2.6 1.6 0 6.800000000000001 4.4 0 0.2 0 0 0.4 0 0 0 0 0 0 2.2 0 0 0 0 0 0 0 0 3.2 0 0 0 0 0 0 0 0 0 0 0 0 0.4 0 0 0 0 0 2.2 0 0.6000000000000001 4.2 1.2000000000000002 3.2 0 0 0 2.4000000000000004 6.800000000000001 2.2 0 0 0.2 0 0 3 0 0 0 3 3.8000000000000003 0 2.2 0 0 2.2 0.2 4.800000000000001 2.6 0 0 0 6.4 8.6 2.4000000000000004 5.800000000000001 0 2 0 0 0 0 0 0 5 0 0 0 0 0 0.2 0 0 0 0 0 0 0 0 0 0 1.8 0 0 0 0 0 0 0 0 0 0 0 2.6 0 0.2 16.2 1 0 0.8 0.4 0 0 0 2 0 0 0 0 0 0 0 0 0 0 0 0 0 0 1.4000000000000001 0 0 0 0 0 0 0 0 0 
 0.6000000000000001 1.8 0.4 0.6000000000000001 16 17.2 0.6000000000000001 0.6000000000000001 0.6000000000000001 0.8 0.8 0.6000000000000001 1 0.4 1.2000000000000002 6.2 0.8 0.6000000000000001 0.6000000000000001 0.6000000000000001 78 30.6 19.8 17 30.200000000000003 18.400000000000002 0 19.400000000000002 73.2 50.2 6.6000000000000005 55.800000000000004 51.2 28.200000000000003 28.400000000000002 7 22.6 22.200000000000003 15.600000000000001 58.800000000000004 0 0 0 0 0 0 0.4 0.8 0 35.800000000000004 0 0.6000000000000001 0.8 0 0.4 13.200000000000001 0 0.6000000000000001 0.6000000000000001 0 0.6000000000000001 0 10.200000000000001 2.6 0 0 0 0 0 0 0 0 0 0.2 0 1.6 0 0 0 0 0 0 2.2 0 0 5.4 0 0 0 2.8000000000000003 0 5 0 0.2 0.6000000000000001 0.4 0 3.4000000000000004 0 0 7.4 7.800000000000001 6.4 1.6 2.8000000000000003 2 2 10.200000000000001 2.8000000000000003 0 1.6 0.4 2.4000000000000004 2.2 7.4 0 4 2 2 0.4 0 0 0.2 0 0 0 0 0 0 0 0 0 3.6 0 0 0 0 0 2.4000000000000004 0 0 0 0 0 0 0 0 0 0 0 0 0 0 0 0 0 0 0 0.8 1 0 0 0 4.4 2.2 6.2 0 0 0 0 0 0 0 0 0.2 0 0 0.8 0 0 5.6000000000000005 3.2 2 0.2 0 0 8.200000000000001 1.8 3 0 10 3.8000000000000003 6.6000000000000005 2.6 11.600000000000001 2.2 0 1.4000000000000001 0 0 2.8000000000000003 0 0 0 0 0 0 0.2 0.2 0 0 0 4 0 0 0 0 0 0 0 0 0 0 0 0 0 0 0 0 0 0 0 0 0 0 0 0 0 0 0 0 0 0 0 0 0 0 0 0 0 0 0 0 0 2.2 0.2 0.4 0 0 0.4 0 0 0 0 0 0 0 0 0 0 0 0 0 0 0 0 0 1.8 0 0 0 1.6 0 0 0 0 0.2 0 0 0 
 0 0.4 0.4 0 0.4 0 0 0 0 0.4 14.8 3.4000000000000004 0 0 0 0.2 0 0 0.4 0 70.8 103.2 56.2 47.400000000000006 31.400000000000002 23.400000000000002 19.400000000000002 0 17.400000000000002 39.400000000000006 9.600000000000001 35.6 34.4 49.6 36.800000000000004 38 36.4 21.6 29 24.200000000000003 0 0 0.6000000000000001 0.4 0 0 0.8 0.6000000000000001 0 0 0.4 0.4 15.200000000000001 0 2.6 0 0 1 19.400000000000002 0 0.6000000000000001 0 0 0 0 0 0 10 0.6000000000000001 0 0.6000000000000001 0 0.4 0 0 19 0 0 0 0.6000000000000001 0 0 0 0 0 2.6 0 0 0 0 0 0 0 0 0 0.2 0 0 0 0 3 0 6.800000000000001 3.8000000000000003 0 2.6 0 0 3.2 0.2 0.4 0.2 0.4 1.8 3.4000000000000004 1.6 0 0 0 0.2 0 0 0 0 0 0 3 0 0 0 0 0 2.6 0 0 0 0 0 10.4 0 0 0.2 0 0 0 0 0 0.2 0 0 0 0 0 0 0.4 0 0 0 0 0 0 0 0 0 2.4000000000000004 0 0 0 0 0 0 0 0 0 1.8 0 0 0 0 0 0.4 7.6000000000000005 3.8000000000000003 4 0.2 4.6000000000000005 0 2.4000000000000004 9 3 8 9.600000000000001 0 5.4 1.8 5.800000000000001 0 2.4000000000000004 1.2000000000000002 0 0.4 0 0 0 0 0 2.2 0.2 0 0 2 0.4 2.4000000000000004 0 0 0 0 0 0 0 0 0 0 0 0 0 0 0 0 0 0 0 0 0 0 0 0 4.6000000000000005 0 0 0 0 11.600000000000001 0 0 0.4 0 0 0 0 0 0 0 0 0.8 0.4 0 1.6 0 0.2 0 0.4 0 0 0 0 0.2 0 0 0 0 0 0 0 0 0 0 0 0 0 0 0 0 0 0 0 0 0 0 0 
 0 0 0 0 0 16.400000000000002 0.2 0 1 0 0.8 0 0 0 0 0 0 0 0 0 65.2 9 100 51 38.400000000000006 9 73.2 17.400000000000002 0 36.6 22.6 8.200000000000001 71.2 31 13.600000000000001 27.6 25.6 9.4 14 32.6 0 0 0 0 0 0 12.600000000000001 1 0 0.4 0 0.2 17.2 12.4 0.4 0.4 0.2 2 6.4 12.600000000000001 0.6000000000000001 0 0.4 0 0 0 0 0 0 0 0.4 0 0 0.2 0 1.2000000000000002 0.2 0 0.6000000000000001 0 0 0 0 0 0 5 0 0.4 0 0 0 1.8 0 0 0 0 0 0 0 0 5.2 2.6 1 2.2 6 0 2.2 0 7.2 2.8000000000000003 4.6000000000000005 2.4000000000000004 0.6000000000000001 0 3 4.800000000000001 7.4 2.4000000000000004 0.8 0 0 0 0 0 0 0 0 0 0 0 0 0 0 1.8 0 0 0 0 0 0 0 0 0 0 0 0 0 0 0 0 0 0 0 0 0 0 0.2 0.2 0 0 0 0 0 4 2 2.4000000000000004 0 0 0 0 0 0 0 0.6000000000000001 0.2 0 0 0 0.8 0 0 2.6 5.800000000000001 4 3 8.8 11.200000000000001 0 4 3 0 3.6 1.8 0 2.8000000000000003 2 2.2 2.8000000000000003 0 0.2 0 0 0 0 0 0 0.2 0 0 0 0 0 0 2 1.4000000000000001 0 1.6 0 0 0 0 0 0 0 0 0 0 0 0 0 0 0 0.4 0 0 0 0 0 0 0 0 0 0 0 0 0 0 0 0 0 0 0 0 0 3.2 0.2 0 15.200000000000001 0.4 0.4 0.4 0 0 0 0 0 9.4 0 0 0 0 0 0 0 0 0 0 0 0 1.6 0 1.4000000000000001 0 0 0 0 4 0 0 0 
 0.6000000000000001 0.6000000000000001 6.6000000000000005 0.6000000000000001 0.8 1.8 0.4 0.4 0.6000000000000001 0.8 0.4 0.4 1 7 15.8 0.4 0.6000000000000001 0.8 1.6 0.2 22 67.60000000000001 30.400000000000002 60.800000000000004 33.800000000000004 28.6 50.2 39.400000000000006 36.6 0 27.8 69.4 27.200000000000003 69.8 26.400000000000002 51.400000000000006 9.8 22.200000000000003 25.400000000000002 26.400000000000002 2.2 1 2.6 0 41.6 0 11.200000000000001 1.8 0 0 0 6.2 1.8 6 1.2000000000000002 0 0 0.8 14.600000000000001 0 0.6000000000000001 0 0 0 0 0 0 0.2 0 0 0 0 0 0 0 0 0 0 0 0.2 0 0 0 0 0 0 0 0 0.2 0 0 0 0 0 1.2000000000000002 0 0 0 0 0 0 0.4 2 3.4000000000000004 2 0.8 0 0 4.2 2.8000000000000003 1.8 0 0 0 0.2 7.6000000000000005 1.4000000000000001 0 0 9 0.2 0 0 0 0 0 2.2 0 0 0 0 0 2.2 0 0 0 0 0 2.8000000000000003 0 0 0 0 0 0 0 0 0 0 0 0 0 0 0 0 0 0 0 0 0 0 0 0 0 0 0.8 0 0 0 0 0 0 0 0 0 0 0 0 0.2 0.4 0 4.6000000000000005 2.6 0 12.4 0.4 0 0 9 4.6000000000000005 3.2 3.6 2.6 5.4 3 12.8 4 7.2 0 3 0 0 0 0 0 0 1.6 0 0 0.2 0 0 0 0.8 0.8 0 2.8000000000000003 0 0 0 0 0.6000000000000001 0 0.4 0 0.4 0 0 0 0 0 0 0 0 0 0 0 0 0 0 0 0 2 0 0 0 0 0 0 0 0 0 0 0 5.800000000000001 0 0.6000000000000001 2.2 0 0.6000000000000001 0.6000000000000001 0.2 0 0 0 0.4 0 0 0 0 0 0 0 0 0 0 0 0 0 2.8000000000000003 0 0 0 0 0 0 0.4 0 0 0 
 0 0 0 0 0 15.8 0 0 0 1.2000000000000002 0.6000000000000001 0 0.4 0.2 0.6000000000000001 0.8 0 0 1 0.4 66.4 23.8 23.400000000000002 28.200000000000003 35.4 17.6 6.6000000000000005 9.600000000000001 22.6 27.8 0 34.6 16.2 27.200000000000003 15.4 51 40.6 32.2 11.4 19.6 0 1.4000000000000001 0 0.8 0 0 1.2000000000000002 0.6000000000000001 0 0 0.8 6.4 0.6000000000000001 1.4000000000000001 41.800000000000004 0 0 1.6 25.8 0 0.6000000000000001 0 0 0 0 0 0 0 1.2000000000000002 0 1.2000000000000002 0 0.8 0 0 0 0.8 0 0 1 0 0 0 0 4.2 3.2 0 0 0 0 0 0 0 0 0 0 0 0 0 0 0 1.6 2.4000000000000004 2.2 3.4000000000000004 8.200000000000001 0 2.2 2 3 3.2 2.2 0 2 1.4000000000000001 4 2.2 2 0 0.2 0 2.6 3.2 0 0 0 1.8 2.4000000000000004 2.6 2 0 0 10 0.8 0.2 0 0 1.6 4.2 2.6 0 0 2.8000000000000003 0 0 0 0 0 0 0 0 0 0 0 0 0 0 0 0 0 0 0 0 0.2 0 0 0 0 0 0 0 0 0 0.8 2.8000000000000003 0 0 0 0 0 1.4000000000000001 4.800000000000001 0 3.2 3.2 3 0 0.2 5.6000000000000005 0 13.600000000000001 10.600000000000001 2.2 1.4000000000000001 0 3 1.6 0.2 0.2 0 2.6 1.8 0 0.2 0 0 5.6000000000000005 0 0 0 0 0 5.4 0 2.6 0 0 0 3.8000000000000003 0.8 0 0 0 0 0 0 0 0 0 0 0 0 0 0 0 0 0 0 0 0 0 0 0 0 0 0.2 0 0 0 0 0 0 0 0 0.4 0 0.2 0.2 0 0.6000000000000001 0.4 0 0 0 0 0 0 0 0 0 0 0 0 0 0 4.2 0 0 0 0 0 0 0 0 0 2.8000000000000003 0 0 0 0 
 0.8 0.6000000000000001 0.6000000000000001 0.6000000000000001 0.6000000000000001 0.6000000000000001 0.6000000000000001 0.8 0.6000000000000001 1 1.2000000000000002 0.6000000000000001 14 0.6000000000000001 0.6000000000000001 1.6 0.6000000000000001 0.6000000000000001 0.6000000000000001 1 23.200000000000003 19.200000000000003 9 25.8 11 24.6 55.800000000000004 35.6 8.200000000000001 69.4 34.6 0 13.4 25.8 7.2 52.400000000000006 32.4 14.200000000000001 9.200000000000001 23.200000000000003 11.4 0.2 0 0 0 0 3.4000000000000004 13.200000000000001 0 0 0 0.2 13 2.4000000000000004 13 0 0 0.4 11.600000000000001 3.6 0.6000000000000001 0 0 0 0 6.4 0 0.4 0 0 0 0.2 0 0 0 0 0 0.2 0 2.2 0 1.6 0 0 0.2 0 0 0 0 0 0 0 0 0 0 0 0 0 0 0 0.4 0 0 3 0.6000000000000001 6.4 0 0 0.2 4.2 5.4 0.2 0 0 0 5.4 1 2.6 0 0 0.2 0.2 0 0 0 0 1 0 0 0 0 1.6 7.800000000000001 0 2 0 0 0 14.600000000000001 0 0 1.2000000000000002 0 0 0 1 0 0 0 0 0 0 0 0 0 0 0 0 0 0 2 0 0 0 0 0 0 0 0 0 0 0 0 0.2 0.2 0 0 0 0.2 0 0 6.2 3.6 0.4 6 0 1.2000000000000002 3.6 3 3.8000000000000003 8.6 0.6000000000000001 0 3.8000000000000003 0 0 4.4 0 0 0 11.8 2.6 0 0 0 0 2.8000000000000003 6.800000000000001 3.8000000000000003 0 0 0 3.6 3.8000000000000003 0.2 0 0 0 0 2 0 0 0 0 0 0 0 0 0 0.2 0 0 0 0 0 0 0 0 0 2.6 0 0 0 0 0 0 0 0 0 0 0 0 0 0 2.8000000000000003 0 0.4 0.4 16.8 0 1 0 0 0 0 0 0 0 0 0 0 0 0 0 0 0 0 0 0 0 0 0 0 0 0 0 0 0.2 0 4 
