 0 54 15.200000000000001 15.200000000000001 8.200000000000001 29.6 19.200000000000003 40 20 4.800000000000001 22.8 23.8 42.2 18.8 12.4 35.6 95 29.8 16.8 36.4 0.4 0.2 0.6000000000000001 0 0.8 0.4 1 0.8 0.4 0.4 0.4 0.4 0.6000000000000001 0.4 0.6000000000000001 0.4 0.8 0 0 0 0 0 0.6000000000000001 0.4 0 0.2 0 0 0 0.2 0.4 0 0 0 0.4 0.4 0 0 0 0 0 0 0 0 0.4 0.4 0 0.4 0 0 0.2 0 0 0 0 0 0 0 0.4 0 4 5.6000000000000005 9 4.6000000000000005 0 0 2.8000000000000003 0 0.2 3.4000000000000004 3.8000000000000003 2.4000000000000004 2 0 2 7.800000000000001 1.4000000000000001 5 0.2 2.4000000000000004 0 0 0 0 0 0 0 0.4 0 0 0 0 6.4 2 0 0 0 0 4.2 0 0 0 0 0 0 0 0 0 0 0 0 0 10.200000000000001 0 0 0 0 0 0 0 0 0 0 0 0 0.4 0 0 0 0 0 1.4000000000000001 0 0 0 0 0 0 0 2.2 0.2 4 9 0.6000000000000001 1.4000000000000001 2 2 3.8000000000000003 1.4000000000000001 2 2.8000000000000003 2.4000000000000004 1.2000000000000002 0.2 3.2 0 1.4000000000000001 2.2 0 1.8 0 0.2 0 0 0 0 0 0 0 0 0.2 0 1.2000000000000002 0 0 0 0 0 3.6 0.6000000000000001 0 2.4000000000000004 0 0 0 3.4000000000000004 0 0 0 0 0 0 0 0 0 0 0 0 0 2 1.8 0 0 0 0 0 0.4 0 0 0 0 0 0.4 0 0.2 0 0 0 0 0 0 0 0 0 0 0 0.2 0 0.2 13 0.4 2.8000000000000003 4.2 0 0 0 0 0.4 0 0 0.4 0 1.4000000000000001 0 0 0 0 0 0 0 0 0 0 0 0 0 0 0 0 0 0 0 0 0 0 0 0 0 0 0 
 54 0 37.6 11.600000000000001 6.800000000000001 6.800000000000001 29.8 65.4 22.400000000000002 33.4 7.800000000000001 61.6 22.400000000000002 8 43 52.800000000000004 7.4 11.8 35.4 47.6 0 0 0.6000000000000001 0.2 0 0 0.6000000000000001 0.4 0 0 0 0 0.6000000000000001 0 0 0 6.2 0 0.4 0 0 0 0.6000000000000001 0.4 0 0.6000000000000001 0 0 0 0 0.6000000000000001 0 0 0 0.4 0.6000000000000001 0 0 0 0 0 0 0 0 0 0.4 0 0.4 0 0 0 0 0 0 0.2 0 0 1 0.6000000000000001 0 6 0 4.4 7 0 0 12.4 0 2.6 0 3 0 0 3.6 5 2.8000000000000003 8 0.2 0.4 8.6 0 0 0 0 0.2 0 0 0 0 0 0 0 0 0.2 0 0 0 0 0 0 0 0 0 0 0 0 0 0 0 0 0 0 0 0 0 0 0 0 0 0 0.6000000000000001 0 0 0 1.4000000000000001 3.2 0 0 0 0 0 0 0.8 0 0 0 0 0 0 0 2.6 6.6000000000000005 7.6000000000000005 2.2 1.8 0 2.8000000000000003 1.8 0 0.2 4 8.4 0 0 12.600000000000001 0 2.6 6.2 2.2 0.2 0 0 0 0 0 0 0 0 0 0 0 0 2.2 0 0 0 0 0 6.2 0.4 0 0 0 0 0 0 0 0 0 0 0.4 0 0 2.4000000000000004 0.2 0 0 0.2 0 0 0 0 0 0 0.2 5.4 0 0 0 0.2 0 0 0 0 0 0 0 0 0 0 0 0 0 0 0.2 0 0 0 0.2 0.8 2.2 1.6 0 0 0 0 0 0 0 0 0 0 0 0 0 2.2 0 0 0 0 0 0 0 0 0 0 0 0 0 0 0 0 0 0 0 0 0 0 0 0.2 
 15.200000000000001 37.6 0 41.400000000000006 39.2 8 8 39.800000000000004 19 79.60000000000001 41.400000000000006 64.8 11.200000000000001 45.6 10.600000000000001 59 74.60000000000001 9.200000000000001 9 28 0.4 0 0.6000000000000001 0 0 0 1.4000000000000001 0.4 0 0 0 0 0.6000000000000001 0 0.2 0 0.6000000000000001 0 0.2 14.600000000000001 0 0 0.6000000000000001 6.6000000000000005 0 0.6000000000000001 0 0 0 0 0.6000000000000001 0 0 0 0.4 0.6000000000000001 0 0 0 0 1.4000000000000001 0 0 8.4 0 0.4 0 0.4 0 0 0 0 0 0 0.2 0 0 0.8 0.6000000000000001 0 0.2 0 6.6000000000000005 0 2.2 0 3 4.800000000000001 3.4000000000000004 0 6.6000000000000005 0 2.8000000000000003 2.8000000000000003 3.8000000000000003 0 0.2 2.8000000000000003 0.2 1.6 0 1 0 0 1.8 0 0 0.2 3 0.4 0 0 7.6000000000000005 0 0 4.4 9.200000000000001 0 3.2 0 3.2 0 0 0 0 0 0 0 0 0 0 0 0 0 0 0 0 2.6 0 0.2 0 0 0 0 0 0 0.2 0 0 0 0 0 0.2 0 0 0 0 0 0 0 5 8 0.8 0 0 0 3 1.6 2.8000000000000003 3.2 1 7.6000000000000005 0 2.2 2 2 2.4000000000000004 8.6 2.2 6.800000000000001 0 4.6000000000000005 0 0 5.2 0 0.4 3.2 0 0 0 0 4.800000000000001 4.2 3.8000000000000003 0 0 0 3.4000000000000004 5 0 0 0 0 0.6000000000000001 0 0 0 0 0 0 0 0 0 0 0 0 0 0 0 0 0 0.4 1.4000000000000001 0 0 0 0 0 0 0 0 0.2 0 0.4 0 0 0 0 0 0 0.8 0 0 0 0 18 0 0.6000000000000001 9 0 0.4 0 0.2 0 0 0 0 0 0 0.2 0 0 0 0 0 0 0 0 0 0 0 0 0.2 0 0 0 0 0 0 0 0 0 0 0 0 0 0 0 0 
 15.200000000000001 11.600000000000001 41.400000000000006 0 28.400000000000002 36.800000000000004 37.4 57.400000000000006 16.8 88.80000000000001 28.200000000000003 11.8 18.6 44.2 22.6 57.400000000000006 23 62.400000000000006 37.6 51 6.4 0 0.6000000000000001 0 0 0 0.6000000000000001 0.8 0 0.2 0 0 0.6000000000000001 0 0.6000000000000001 0 0.6000000000000001 0 7.4 0 0 0 0.6000000000000001 5.800000000000001 0 0 0 0 0 0 0.4 0 0 0 0.4 0.4 0 0 0 0 0 2 0 0 0 0.4 0.2 1 0 0 0.2 0 0 0 0 0 0 0 0.4 0 3 2.2 2.2 0 3 1.6 0 5 0 2.2 5 8 3.4000000000000004 0 8.8 7.6000000000000005 4.800000000000001 5 0 5.6000000000000005 1.4000000000000001 3.4000000000000004 0 0 0 0 0 0 0 0.2 0 0 2.8000000000000003 0 0 0 0 0 7.2 1.4000000000000001 0 0 0 0 0 0 0 0.4 0 0 0 0.2 0 0.2 0 0 2 0 0 0 0 0 0 0 1.8 0 0 0 0 0 0 0 1.2000000000000002 0 0.4 0 0.2 0 0 0 5.2 4.6000000000000005 0 0 2.6 12.600000000000001 0 0 1.8 0 1.4000000000000001 0 0 2.8000000000000003 1.8 3.6 0 1.8 9.4 1.6 2.6 0 2 0 0 0 0 3 0 0 0 0 2.2 2 0 3.2 3.6 0 0 0 0 0 0 0 0 0 0 0 0 0 0 0 0 0 0 0 0 0 0 0.4 0 0 0 0 0 0 0 0 0 0 3.4000000000000004 0 0 0 0 0 0 0 0 0 0 0 0 0 0 0 0 0.4 0 0 0 3.8000000000000003 0 0 0 0 0 0 0 0 0 0 0.6000000000000001 0 0 0 0.4 0 0 0 0 0 0 0 0 0 4 0 0 0 0 0 0 0 0 0 0 0 0 0 
 8.200000000000001 6.800000000000001 39.2 28.400000000000002 0 35.2 7.800000000000001 13.4 63.6 79.60000000000001 21.200000000000003 28.400000000000002 7.2 36 23.400000000000002 53.6 8.8 70.4 12.200000000000001 11.600000000000001 4.800000000000001 0 0.8 0.6000000000000001 0.2 0 1.2000000000000002 0.8 15.200000000000001 0.2 0 0.6000000000000001 15.4 42.2 15.200000000000001 0.6000000000000001 1.2000000000000002 0 17.6 20.6 0 0 0.6000000000000001 6.800000000000001 0 0.6000000000000001 0 0 0 0 1 0.8 0 0.8 0.4 0.6000000000000001 0 0 0 0 0 0 0.4 0 0.8 0.4 3 2.8000000000000003 0 0 0.2 0 0.4 0 0.2 0.6000000000000001 0.2 0 0.6000000000000001 0 0 0.4 1.6 0 8.200000000000001 0 0 6.800000000000001 4.6000000000000005 6.800000000000001 0 11.600000000000001 3.2 0 4.4 5 0 1.2000000000000002 0 3.2 6 1.4000000000000001 1.8 2.8000000000000003 0 0 0 0.6000000000000001 4 1.8 0 0 2.4000000000000004 1.4000000000000001 0.4 8.200000000000001 0 4.4 5 3.4000000000000004 0 0 0 0 0 0 0 0.2 0 0 0 0.4 0 0.4 0 0 2.2 2.6 0 0 0 0 0 0 1.6 0 0 0 0 0 0 0 0.2 0 0.2 0 2 0 0 0 3.8000000000000003 1.8 0 0.4 0 5 0 2 0 2.6 2.4000000000000004 0 0 0 0 1.6 5 0 2.6 0 0.2 2 3 0 0 0 0 5.6000000000000005 2.2 0 0.4 0 0 2.2 2.8000000000000003 0 5 1.4000000000000001 3.2 0.2 0 2.8000000000000003 0 0 0 0 0 0 0 0 0 0 0 0 0 0 0 0 0 0.2 0 0 0 0 0 0 0 0 0 0 0 0 0 0 0 0 0 0 0 0 0 0 0 0 0 0 0.6000000000000001 0 9.8 17.400000000000002 0 0.8 0 0 0 0 0 0 0 0 0 0 0 0 0 0 0 0 0 0 0 0 0 0 0 3.4000000000000004 0.2 2 0 0 0 0 0 0 0 0 0 0 0 0 
 29.6 6.800000000000001 8 36.800000000000004 35.2 0 6.6000000000000005 7.2 9.4 9.8 20.200000000000003 11 7.2 5.2 29.8 11.200000000000001 56 9.8 9.200000000000001 60.400000000000006 12.200000000000001 15 1 15.600000000000001 0.4 0.2 1 15.600000000000001 6.800000000000001 0.2 0.8 0.2 25.6 13.4 12.4 0 15 0.4 32.6 23.8 0 0 0.6000000000000001 0.8 0 1.2000000000000002 0 0 0 0 0.4 0 0 1.2000000000000002 0.4 0.6000000000000001 0 0 0 0 0 0 0 0 1.2000000000000002 0.4 0 0.6000000000000001 1.2000000000000002 0 0.4 0.2 0.4 0 0 0 0 0.2 1.2000000000000002 11.8 0 0 0.2 2 0.2 0 0 0 0 2 2 5.800000000000001 0 0 1.8 0 1.4000000000000001 0 0 0 2.8000000000000003 2.4000000000000004 0 10 0 0 11 7.4 0 3.4000000000000004 0.4 0 3.8000000000000003 10 3 0 0 2 2.4000000000000004 1.2000000000000002 0 0 0 0 0 0 0 0 0 0 0 0 0 0 0 0 6.6000000000000005 0 0 1 0 0 0 0 0 0 0.8 0 0 0 0 0 0 0 0 0 0 0 0 0 0 1.6 3.6 2.6 0 3 0 2.8000000000000003 0 0 0 4.4 0 0.8 0 0 0 2.4000000000000004 0 0 0.2 5.4 4.2 0 0 0 2.2 0 4.800000000000001 2.6 3.6 0.2 5.2 6.4 0 0 0.2 1.8 1 2.6 0 0 0 0 0 0 0 0 0 0 0 0 0 0 0 0 0 0 0 0 0 0 0 0 0 0 0 0 0 0 0 0 0 0 0 0 0 0 0 0 0 0 0 0 0 0 17 0 0 0.8 0 2.6 0 0 0 0 0 0 0 0 0 3.4000000000000004 0 0 0 0 0 0 0 0 0 0 0 0 0 0 0 0 0 0 0 5 0 0 0 0 0 0 0 0 
 19.200000000000003 29.8 8 37.4 7.800000000000001 6.6000000000000005 0 27.200000000000003 12.8 8.8 48 55 25 51.800000000000004 9.200000000000001 46.6 7.6000000000000005 6 48.2 8.4 0 0 0.6000000000000001 0 0 15 0.6000000000000001 0.4 0 0 0 0 0.6000000000000001 0 0 0 1 0.4 0 0 0 0 1 0.4 0.4 0.4 0 0 0 0 0.6000000000000001 0 0 0 0.4 0.4 0 0 0 0 0 0 0 0 0 0.4 0 0.4 0 0 0.2 0 0 0 0 0 0 0 0.6000000000000001 0 8.4 15.8 3.6 1.4000000000000001 0 0 0 4.800000000000001 4.2 4.800000000000001 3.2 0 6.2 10.200000000000001 2.2 5.2 8.8 2 1.6 0.2 0 0 0 0 0 0 0 0 0 0 0 7.2 0 0 0 0 0 0 0 0 0 0 0 0 0 0 0 0 0 0 0 0 0 1.2000000000000002 0 0 0 0 0.4 0 0 0 0 0 0.2 0.2 0 0 0 0 0 0 0.6000000000000001 0 0 0 0 0 0 0 3 3 6.6000000000000005 0 2 0 2 6.800000000000001 1.8 0 3 0 2.8000000000000003 4.6000000000000005 6.4 0 3 0 1.6 9.4 0 0 0 0 0 0 0 0 0 0 0 0 0 0 0 0 0 0 0 0 0 0 0 0 0 0 0 0 0 0 0 0 0 0 0 0 0 0 0 0 0 0 0 0 0 0 0 0 0 0 0 0 0 0 0 0 0 0 0 0 0 0 0 0 0 0 0.4 0 0 0.2 0 2.4000000000000004 3.8000000000000003 0 0 0 0 0 0 0 0 0 2.4000000000000004 0 0 0 0 0 0 0 0 0 0 0 0 0 0 0 0 0 0 0 0 0 0 0 0 0 0 0 
 40 65.4 39.800000000000004 57.400000000000006 13.4 7.2 27.200000000000003 0 73.4 12.200000000000001 68 10.600000000000001 20 44.800000000000004 24.8 26.6 37.4 34.4 49.800000000000004 54.6 0 14.8 1.2000000000000002 0 0 0 0.6000000000000001 0.4 0.6000000000000001 0.4 0.2 0 15.200000000000001 0 0.6000000000000001 0.6000000000000001 0.4 1.2000000000000002 14.8 0 0 0 0.6000000000000001 12.600000000000001 0 0.2 0 0 0 0 0.4 0.2 0 0 0.4 0.4 0 0 0 0 0 0 0 0 0.6000000000000001 1 0 0.4 0 0 0.4 0.4 0 0 5.800000000000001 0 0 0.4 0.4 0 2.6 2.6 7.2 2.8000000000000003 0 0 1.2000000000000002 6 0 5 14.4 4.800000000000001 2 0 4.4 7.4 4 5.2 0 2.6 0 0 0 0 0 0.4 0 0 0 0 0 0 5.6000000000000005 2 0 0 0 0 15 0 0 0 0 0 0 0 0 0 0 0 0 0 0 2.6 0 0 0 0 0 0 0 4.2 0 0 0.4 5.4 0 0.4 0 0 0 0 0.6000000000000001 0 0 0 0 0 0 0.2 0 1.8 4.4 2 0 5 0 2 6.4 2.2 4 4.4 2 5.800000000000001 2.2 2.2 0 5.4 0 3 0 0 0 0 0 0 1.8 0 0 0 2.2 0 2.2 1.2000000000000002 0 0 0 0 0.2 2.4000000000000004 0 0.4 0 0.4 0 0.2 0 0 0 0 0 0 0 0 0 0 0 0 0 0 0 0 0 0 0 0 0 0 0.2 0 0 0 0 0 0 0 0 0 0 0 0 3 0 0 0 0.6000000000000001 0.2 0 0 0.2 0.2 2.8000000000000003 2.6 0 0 0 0 0 0.2 0 0 0 0 0 0 0 0 0 0 0 0 0 0 0 0 0 0.4 0 0 0 0 0 0 0 0 0 0 0 0 0 
 20 22.400000000000002 19 16.8 63.6 9.4 12.8 73.4 0 27.6 8 10.8 26 38.6 21.6 49 59.400000000000006 20 37.6 15.8 0.8 0.2 1.2000000000000002 0.4 0 0.2 7.4 0.4 0 0.8 0.4 0.2 1 0.2 0.6000000000000001 0 0.8 0.4 13.200000000000001 8.200000000000001 0.6000000000000001 0 0.6000000000000001 0.4 0.6000000000000001 0.2 0 0 0 0 0.4 0 0 0 0.4 0.4 0 1.2000000000000002 0 0 0 0 0 0 0 0.4 0 0.4 0 0 0.2 0.6000000000000001 0 0 0 0 0 10 0.4 0.4 4.6000000000000005 9.600000000000001 5.800000000000001 2.4000000000000004 2.2 2 0 3.2 4.6000000000000005 11.200000000000001 2.8000000000000003 0.2 6 0 0 2.8000000000000003 4.4 2.4000000000000004 0 0.6000000000000001 3 0 0 0 0 0 0 0 0 0 0 0 0.2 0 2.6 2.8000000000000003 0.2 0 2 2.2 0 0 0 0 0 0 0 0 0 0 0 0 0 0 0 0 0 0 0 0 0.4 0 0 3 0.2 0 0 0 0 0 0 0 0 0 0 0 0 0 0 0 0 0 2.8000000000000003 3 5.4 0 2 4.6000000000000005 5.6000000000000005 2.6 0.2 0 1.8 2.4000000000000004 4.4 2.6 8.200000000000001 0.4 1 6.4 0 0 0 0 0 0 0 0 4 0 0 0 0 0 1.2000000000000002 0 0 0 1.8 0 0.2 0 0 0 0 0 0 0 0 0.4 0 0 0 0 0 0 0 0 0 0 0 0 0 1.8 0.4 0 0 0 0 0 0 0 0 0 0 0 0 0.2 0 0 0 0 0 0 0 0.4 0.2 0 0.6000000000000001 0.6000000000000001 0 3.6 4.6000000000000005 0.2 0 0 0 0 0 0 0 0 4 0 0 0 0 0 0 0 0 0 0 0 0 2.4000000000000004 3.8000000000000003 2.4000000000000004 0 0 0 0 0 0 0 0 0 0 0 0 
 4.800000000000001 33.4 79.60000000000001 88.80000000000001 79.60000000000001 9.8 8.8 12.200000000000001 27.6 0 36.6 10.8 10 36.800000000000004 58.400000000000006 45.800000000000004 54.800000000000004 46.2 33.800000000000004 37.800000000000004 0.4 0 0.6000000000000001 0 0 15.200000000000001 5.4 0.4 0 0 0 0 0.6000000000000001 0 0 14.8 0.6000000000000001 0 0 27.8 0 0 0.6000000000000001 6 0.2 0.4 0 0 0 0 0.4 0.4 0 0 0.4 0.4 0 0 0 0 0 0 0 0 0 0.4 0 0.4 0 0 0 0 0 0.2 0 0 0 0.8 0.4 0 8.8 8.6 8.8 2.8000000000000003 2.8000000000000003 2.4000000000000004 4.6000000000000005 2 9.8 4.2 7.2 3 3.2 0 5.4 7 1.8 2.8000000000000003 0 3 3.2 1.6 0 0 2.2 0 0 0 2.4000000000000004 0 0 0 0.2 0 3 13.4 2 0 0 0 0 0 0 0 0 0 0 0 0 0 0 0 0 0 0 0 0 1.6 0.4 0 0 0 0 0 2.4000000000000004 0.2 0 0 0 0 0 1.8 0.6000000000000001 0 0 0 0 0 0 0 4.2 8.8 3.8000000000000003 0 0.6000000000000001 2.8000000000000003 2.6 1.2000000000000002 2 0 4.2 3.8000000000000003 0 2.6 8.200000000000001 3.8000000000000003 3.4000000000000004 3.2 2.8000000000000003 2.8000000000000003 0 0 0 0 0 0 0 3.2 0.6000000000000001 0 0 0 0 0 6.6000000000000005 0 0 0 3.2 0 0 0 0 0 0 0 0 0 0 0 0 0 0 0 0 0 0 0 0 0.2 0 0 0 0 0 0 0 0 0 0 0 0 0 0 0 0 0 0 0 0 0 0 2.2 0 0 0 0 0.4 0.8 10 0 3.4000000000000004 0 0 0 0 0 0 0 0 0 0 0 0 0 0 0 0 0 0 0 0 0 0 0 0 2.4000000000000004 0 0 0 0 0 0 0 0 0 0 0 0 0 
 22.8 7.800000000000001 41.400000000000006 28.200000000000003 21.200000000000003 20.200000000000003 48 68 8 36.6 0 49.6 7.2 5.800000000000001 24.8 14.4 39.800000000000004 10.600000000000001 6.6000000000000005 16.2 4.800000000000001 0 0.6000000000000001 0 0 0 1 0.4 0 0 0 0 15.600000000000001 0 15.200000000000001 0 0.2 0 15.4 5.2 0 0 0.6000000000000001 8 0 0.4 0 13.600000000000001 0 0 0.4 0 0 0 0.4 0.4 0 0 0 0 0 0 0 0 0 0.4 0 0.4 0 0 0.2 0 0 0 0.2 0 0 0 0.4 10.200000000000001 0 0 0 0.4 5 11 0 0 2 0.4 2.8000000000000003 2.6 0.4 0 2.8000000000000003 0.2 0 0.2 0 0 2.6 1.6 5 0 2 0 2.2 7.2 2.6 0 0.4 0 4.2 0 4.6000000000000005 6.800000000000001 2.2 2.8000000000000003 2 0.2 0 0.2 0.4 0 0 0 0 0 0 0 0 0 0 0 0 0.4 0 1.2000000000000002 0 0 0 0.2 0 0 0 0 0 0 0 0 0 0 0 0 0 0 1.2000000000000002 0 0.2 0 0 0 0 6.800000000000001 1 0.2 0 0 1.6 2.8000000000000003 4.6000000000000005 2 0 0 0.2 3.6 0.4 2.2 0 0 1.8 5 3.6 0 0 0 2.2 5.800000000000001 0.6000000000000001 2.6 2 0 2.4000000000000004 5.4 3 0 2.2 0 0 3 0 1.4000000000000001 0 0 0 0 0.4 0 0 0 3.6 0 0 0 0 0 0.4 0 0 0 0 0 0 0 0 0 0 0 0 0 0 0 0 0 0 0 0 0 0 0 0 2.6 0 0 0 0.8 17 0 9.200000000000001 18.400000000000002 0 2.4000000000000004 0 0 0 0 0 0 0 0 0 0 0 0 0 0 0 0 0 0 0 0 0 0 0 1.4000000000000001 0.2 0 0 0 0 0 0 0 0 0 0 0 0 0 
 23.8 61.6 64.8 11.8 28.400000000000002 11 55 10.600000000000001 10.8 10.8 49.6 0 29.400000000000002 59.800000000000004 58.400000000000006 53.800000000000004 29.8 37.2 24.8 107 0 0 0.6000000000000001 0 0 42 0.6000000000000001 0.4 0 0 0.2 0 0.6000000000000001 0 0 0 0.4 0 0 0 0 0 0.6000000000000001 13.4 0 0.2 0 0 0 0 0.4 0 0 0 0.4 1 0 0 0 0 0 0 0 0 0 0.4 0 0.4 0 0.4 0 0.2 2.2 0 0 0 0 1 0.4 0 0 1.4000000000000001 4 2.2 0 0 0 4.800000000000001 0 0.2 4.2 9.4 0 0 4.800000000000001 3.8000000000000003 4.800000000000001 5 0 6.6000000000000005 0 0.4 0 0 0 0 0 0 0.2 0 0 0 10.8 0 0 0 0 0 6.6000000000000005 0 0 0 0 0 0 0 0.4 0 0 0 0 0 0 0 0 0 0 0.4 0 0 0 0 0 0 0 0 0 0 0 0 4.2 0 0 0 0 0 0 0 0 0 1.6 3.8000000000000003 3 5.800000000000001 3.8000000000000003 6 0 3.4000000000000004 1.2000000000000002 2.4000000000000004 2.2 7.6000000000000005 0 0.2 0 9.600000000000001 0 4 0 0 0 3.2 0 0 0 0 2.2 0 0 0 0 0 4 0 0 0 0 0 0.6000000000000001 0.6000000000000001 0 0 0 0 0 0 0 0 0 0 0 0 0 0 0 0 0 0 0 0 0 0 0 0 0 0 0 0 0 0 0 0 0 0 0 0 0 0 0 0 0 1.8 0 0 0 0 0.2 0.4 0.4 1 2.6 1.4000000000000001 0 0 0 0 0.4 0 0 0 0 0 0 0 0 0 0 0 0 0 0 0 0 0 0 2.4000000000000004 2 0 0 0 0 0 0 0 0 0.4 0 0 0 0 
 42.2 22.400000000000002 11.200000000000001 18.6 7.2 7.2 25 20 26 10 7.2 29.400000000000002 0 15.4 28.6 26.6 14.8 26.8 44.800000000000004 52.2 0 0 0.6000000000000001 0 13 0 0.6000000000000001 0.4 0 0 0 0 0.6000000000000001 0.4 0 0.4 0.8 0 0 0 0 0 0.6000000000000001 0.4 0 0.4 0 0 0 0 0.4 0 0 0 0.4 0.4 0 0 0 0 0 0 0 0 0 0.4 0 0.4 0 0 0.2 0 0 0 0 0 9.8 0 0.4 0 4.6000000000000005 6.4 7.4 5.6000000000000005 0 0 5.2 0 1.2000000000000002 8 2.2 3.4000000000000004 0 0 2 0.2 7 4.800000000000001 0.8 5.800000000000001 0 0 0 0 0 0 0 0 0.4 0 0 0 3.2 0 0 0 0 0 2 2.2 0 0 0 4.2 0 0 0.2 0 0 0 0 0 0 0 0 0 0 0 0 0 0 0 0 0 0 0 0 0.2 0 0 0 0 0 0 0 0 0 0 0 0.2 2 0 12.4 2 1.6 0 6.800000000000001 7.800000000000001 2 2 3.6 3.6 2.8000000000000003 0 4.6000000000000005 0 2 0.2 0 2.2 0 0 0 0 0 0 0 0 0 0 0 0 2 0 0 0 0 0 0.8 0 0 0 0 0 0 0.4 0 0 0 0 0 0 0 0 0 0 0 0 0.4 0 0 0 0 0 0 0 0 0 0 0 0 0 0 0 0 0 0 0 0 0 0 0 0 0 0 0.2 0 0 0.4 1.2000000000000002 3.8000000000000003 0 3.6 0 0 0 0 0 0 0 0 0 1.4000000000000001 0 0 0 0 0 0 0 0 0 0 0 0 0 2 0 0 0 0 0 0 0 0 0 0 0 0 0 
 18.8 8 45.6 44.2 36 5.2 51.800000000000004 44.800000000000004 38.6 36.800000000000004 5.800000000000001 59.800000000000004 15.4 0 20.400000000000002 7.2 67.8 43.400000000000006 20.200000000000003 124 0.6000000000000001 0 0.6000000000000001 0 0 0 0.6000000000000001 1 0 0.2 0.2 0 0.8 40.800000000000004 0 0 0.6000000000000001 0 0 0 0.2 0 2 0.4 1.2000000000000002 0.2 0 0 0 0.4 0.4 0 0 0 0.8 0.4 0.4 0.8 0.4 0.4 0.4 0 0.6000000000000001 5.800000000000001 0.2 0.4 0.2 0.4 0 0.6000000000000001 0.4 0 0.6000000000000001 0 0 0.8 0 0 0.4 1.8 8 5 4.2 0 0 0 2.8000000000000003 5.800000000000001 3.6 5.800000000000001 0.6000000000000001 8.4 9.200000000000001 2.4000000000000004 2.2 6.800000000000001 0 9.600000000000001 0 6.2 0 0 0 0 0 0 0 0 0 0 0 0 6 2 0 0 0 0 2.4000000000000004 0 0 0 0 0 0 0 0 0 0 0 0 0 0 0 0 0 0 0 0 0 0 0 0 0 1.8 0 0 0 0 0 0 0 0 0 0 0 0 0 0 0 8.4 4 0 0 4 4.2 0 5.4 0 0 0.2 0.6000000000000001 0 2.8000000000000003 0.2 1.4000000000000001 0 3.2 3.8000000000000003 6 0 0 0 0 0 0 0.2 0 0 0 0 0 0 0 0 0 0 0 0 0.8 0 0 0 0 0 0 0 0 0 0 0 0 0 0 0 0 0 0 0 0 0 0 0 0 0 0 0 0 0 0 0 0 0 0 0 0 0 0 0 0 0 0 0 0 0 0.4 0.2 0 0 0.4 0 3.4000000000000004 0 0 0 0 0 0 0 0 0 0 6.4 0 0 0 0 0 0 0 0 0 0 0 0 0 0 0 0 0 0 0 0 0 0 0 0 0 0 0 
 12.4 43 10.600000000000001 22.6 23.400000000000002 29.8 9.200000000000001 24.8 21.6 58.400000000000006 24.8 58.400000000000006 28.6 20.400000000000002 0 79.80000000000001 19.200000000000003 27.400000000000002 10 26.8 1 0 1.2000000000000002 0.4 0 0 1 0.4 0.4 0.6000000000000001 0.4 0.4 0.6000000000000001 0 0.4 1.2000000000000002 0.2 0.2 0.4 1.6 0 0 0.6000000000000001 1 0.4 1 0 10.8 0 0 0.6000000000000001 0 0 0 0.4 1 0 0 1 0 0.8 0 6.4 0 0 0.4 0 0.4 0 0 0 0.6000000000000001 0.8 0.2 0.2 0.4 0 0.4 0.6000000000000001 0.4 0.4 6 7 1.6 0 0 0.2 4.2 11 0 0.2 0 0 0 6.2 0 0.2 0 0 0 0 0 3.6 0 0 0 0 0 0 0 0 0 0 0 0 3.4000000000000004 0 0 4.2 0 0 0 0 0 0 0 0 2.6 0 0 0 0 0 0.2 0 0 0 0 0 0 0 0 0 0 0 0 0 0 0 0 0.4 0 0.4 0 0 4 0.2 0 0 0 6.800000000000001 6.800000000000001 2 3.6 2.2 4.4 2.8000000000000003 1.6 0.6000000000000001 3.4000000000000004 0.2 5.800000000000001 0 0 0.2 1.6 7.2 6.6000000000000005 0 0 0 0 0 0.4 0 0 0 0 0 0 0 1.4000000000000001 0.6000000000000001 0 0 0 0 0 7.6000000000000005 0 0 0 0 0 0 0 0 0 0 0 0 0 0 0 0 0 0 0 0 0 0 0 0 0 0 0 0 0 0 0 0 0 0 0 0 0 0 0 0 0 0 0 0 0 0 0.4 2 0.4 0.6000000000000001 0.2 0.2 0.4 0 0 1 0 0 0 0.4 0 0 0 0 0 0 0 0.4 4.4 0 0 0 0 0 0 0 0 0 0 0 0 0 0 0 0 0 0 0 0 0 0 
 35.6 52.800000000000004 59 57.400000000000006 53.6 11.200000000000001 46.6 26.6 49 45.800000000000004 14.4 53.800000000000004 26.6 7.2 79.80000000000001 0 14.4 70.4 30.200000000000003 36.4 1.2000000000000002 0 0.6000000000000001 0 0 0 5.6000000000000005 0.4 0 0.4 0 0 0.6000000000000001 0 0 0 0.8 0 0 13.4 0 0 0.6000000000000001 0.4 0 0.2 0 0 0 0 0.4 0 0 0 0.4 0.4 0 0 0 0 0 0 0 0 0 0.4 0 0.4 0 0 0.2 0 0 0 0 0 0 0 10.600000000000001 0 10 9 0 5.800000000000001 0.8 3.2 5.800000000000001 0 5 0.2 2.4000000000000004 0.2 0 4.2 4 9.600000000000001 2.4000000000000004 3.6 2.8000000000000003 1.8 3.2 0 0 0 0 0 0 0 0 0 0 0 1 0 2.4000000000000004 0 0.4 0 0 0 0 0 2.2 0 0 0 0 0 0 0 0 0 2.2 0 0 0 0 0 0 0 1.2000000000000002 0 0 0.2 0 1.6 0 0 0 0 0 0 5.4 0 0 0 0 0 0 0 0 2.2 5 0 1.2000000000000002 0 1.8 0 4 1.8 5 0 2 0 7.800000000000001 11.8 6.2 0.2 0 5.4 0 0 0.2 0 0 0 0 0 2.4000000000000004 0 0 0.4 0 0 0 0 0 0 0 0 0 0 0 0 0 0 0 0 0 0 0 0 0 0 0 0 0 0 0 0 0 0 0 0 0 0.4 1.4000000000000001 0 0 0 0 0 0 0 0 0 0 0 0 0 0 0 0 0 0 0.2 0.4 0.2 0.6000000000000001 1.6 0 0.8 4 0.2 0 0 0 0 0 0 0 0 0 0 0 0 0 0 0 0 0 0 0 0 0 0 4.2 0 0 0 0 0 0 0 0 0 0 0 0 0 
 95 7.4 74.60000000000001 23 8.8 56 7.6000000000000005 37.4 59.400000000000006 54.800000000000004 39.800000000000004 29.8 14.8 67.8 19.200000000000003 14.4 0 88.4 58.2 71 0 0 0.6000000000000001 0.2 0 0 1.2000000000000002 0.4 0 0 0 0 0.6000000000000001 0 0 0 0.4 0 4.800000000000001 0.2 0 0 0.6000000000000001 0.6000000000000001 0 0.6000000000000001 0 0 0 0 0.6000000000000001 0 0 0 0.4 0.6000000000000001 0 0 0 0 0 0 0 0 0 0.4 0 0.4 0 0 0.2 0 0 0 0.4 0 0 0 0.6000000000000001 0 0 7.4 0 0 0 1.8 0 0 3 0.6000000000000001 0.6000000000000001 4 1 0.2 4.4 1.8 5 12.8 5.2 0 0 0 0 0 0 0 3 0 0 0 0.4 0 5.800000000000001 0 0 0 0 0 6.2 0 0 0.2 0 0 0 0 0 2.6 0 0 0 0 0 0 0 0 4.800000000000001 0 0 0 0 0 0 0 0 0 0 0 0 0 0 0 0 0 0 0 0 0 0.2 0 3.8000000000000003 3.6 0.4 0 1.4000000000000001 4.6000000000000005 0 0 8.200000000000001 3.4000000000000004 2.4000000000000004 0.6000000000000001 2 1.8 0 6.6000000000000005 3 4.6000000000000005 0.2 0 0 6.4 0 2.8000000000000003 0 0 2.4000000000000004 0 0 0 0 0 2.8000000000000003 3.4000000000000004 0 0 0 0 2.6 3.6 0 0 0 0 0 0 0 2.2 0 0 0 0 0 0 0 0 0 2.4000000000000004 0 0 0 0 0 0 0 0 0 0 0 0 0 0 0 0 0 0 0 0 0 0 0 2 0 0 0 0 19 0.2 0.2 0.2 0 0.6000000000000001 4.4 0 0 0 0 0 0.2 0 0 2.2 0 0 0 0 0 0 0 0 0.6000000000000001 0 0 0 0 0 5.2 0 0 0 0 0 0 0 0 0 0 0 0 0 
 29.8 11.8 9.200000000000001 62.400000000000006 70.4 9.8 6 34.4 20 46.2 10.600000000000001 37.2 26.8 43.400000000000006 27.400000000000002 70.4 88.4 0 22.200000000000003 25.6 14.600000000000001 0.6000000000000001 0.6000000000000001 0 1 0 1 0.6000000000000001 0 0 0 0 1 0.4 0 0.6000000000000001 0.8 0 33 0.6000000000000001 0 13 1 13.8 0 0.4 0 0 0 0 0.4 0.4 0 0 1 0.4 0 0 0 0 0 1 0 0 0 0.4 0 0.4 0 0 0 0 0 0.2 0 0 0 0.2 0.6000000000000001 0 0 2 0 3.2 0 2.2 3.4000000000000004 0.4 3 2 6.4 2.8000000000000003 0 1.2000000000000002 4.2 2.2 8.4 0 3.8000000000000003 0 0 2.6 0 0 1.6 0 0 0 0 0.4 0 0 0.2 0 0 0 0 0 7.4 0.6000000000000001 0 0 0 0 0 0 0 2.6 0 0 0 0 0 0 0 0 0 0 0 0.2 0.4 0 0 0 2 0 0.2 0.2 0 0 0 0 0 0 0 0 0 0 0 0 3 5.6000000000000005 2.6 2.2 10.4 16 0 2 2.8000000000000003 6 0 4.2 0 0 0 3.2 2 3.8000000000000003 0 0 2 0 3.4000000000000004 0 0 0 0 0 0 0 0 0 5 2.8000000000000003 0 2.6 0.2 0 2.2 0.2 0 0 0 0 0 0 0 0 0 0 0.2 0 0 0 0.4 0 0 0 0 0 0 0 0 0 0 0 0 0 0 0 0 0 0 0 0 0 0 0 0 0 0 0 0.2 0 0 0.6000000000000001 0.8 0 1 0.2 0.2 2.8000000000000003 0 0.2 0 0 0 0 0 0 0 0 0 0 0 0.4 0 0 0 0 0 0 0 0.2 0 0.6000000000000001 0.4 0 0 0 0 0 0 0 0 0 0 0.2 0.2 0 
 16.8 35.4 9 37.6 12.200000000000001 9.200000000000001 48.2 49.800000000000004 37.6 33.800000000000004 6.6000000000000005 24.8 44.800000000000004 20.200000000000003 10 30.200000000000003 58.2 22.200000000000003 0 28.400000000000002 0 0.6000000000000001 0.6000000000000001 0 0.6000000000000001 0 0.6000000000000001 0.6000000000000001 0 0.4 0 0 1 0.4 0 0.6000000000000001 1 0 0.4 0.6000000000000001 0 0 1 9.4 0 0.2 0 0 0 0 0.4 0.4 0 0 1 0.4 0 0 0 0 10.200000000000001 0 0 0 0 0.4 0 0.4 0 0 0.4 0 0 0 0 0 0 0.2 0.4 0 6.2 10.4 1.8 5 0 0.4 4 2.8000000000000003 0 6 0.4 0.4 2.4000000000000004 4.800000000000001 5.800000000000001 3.4000000000000004 4.4 2.2 0 2.8000000000000003 0 0 0 0 0 0 0 0 0 0 0 0 0 0.2 0 0 0.2 0 0 0 0 0 0 0 0 0 0 0 0 0 0 0 0 0 0 0 0 0 0 0 1.2000000000000002 0 2 1.8 0.2 1.8 0 0 0 0 0 0 1.6 0.2 0 0 0 0 0 0 0 2.2 4 0 2.2 0 6 4.800000000000001 0 2.6 2 0 2.8000000000000003 4.6000000000000005 7 0 2.4000000000000004 0 0.2 5 0 0 0 0 0 0 0 0 0 0 0 0 0 0 0 0 0 0 0 0 0 0 0 3.8000000000000003 0 0 0 8.4 0 0.2 0 0 0 0 0 0 0 0 0 0 0 0 0 0 0.2 0.2 0 0 0 0 0 0 0 0 0 0 0 0 0 0.4 0 0 0 0 0 0 0.2 0 0.6000000000000001 0 1.4000000000000001 2 0 0 0 0 0 0 0 0 0 0.6000000000000001 2.4000000000000004 0 0 0 0 0 0 0 0 0 0 0 0 0 2.6 0 0 0 0 0 0 0 0 0 0 0 0 0 
 36.4 47.6 28 51 11.600000000000001 60.400000000000006 8.4 54.6 15.8 37.800000000000004 16.2 107 52.2 124 26.8 36.4 71 25.6 28.400000000000002 0 0 0 0.6000000000000001 0 0 0 0.6000000000000001 0.4 0 0 0.4 0 0.6000000000000001 0 0 0 0.4 0 0.6000000000000001 0 0 0 0.6000000000000001 0.4 0.4 0.4 0 0 0 0 0.4 0 0 0 0.4 0.8 0 1 0.4 0 0.4 0 0 0 0 0.4 0 0.4 0 0 0.2 1.2000000000000002 0 0 0 0 0 0 0.4 0 0.8 0 4.6000000000000005 2.2 2.6 0 13 5.2 4 0 3.6 0 0.4 5.4 0.8 2.4000000000000004 3.4000000000000004 9.200000000000001 0 5.6000000000000005 0 0 0 0 0 0.2 0 0 0 0 0 0 3 0 0 0 0 0 2.8000000000000003 0 0 0 0 0 0 0 0 0 0 0 0 0 0 0 0 0 0 0 0 0 0 0 0 0 0 0 0 0.4 0 0 0 0 0.2 0 0 0 0 0 0 0.2 6.2 0 0.4 0 0.4 0 3 1.4000000000000001 0 2.6 4.800000000000001 6 3.4000000000000004 4.4 2.8000000000000003 0 2 6.6000000000000005 6.800000000000001 3.2 0 0 0 0 0 0 0 0 0 0 0 0 0 0 2.4000000000000004 0 0 0 3 0 0 0.4 0 0 0 0 0 0 0 0 0 0 0 0 0 0 0 0 0.2 0 0 0 0 0 0 0 0 0.2 0 0 0 0 0 0 0 0 0 0 0 0 0 0 0 0 0 0.4 0.2 0 0.4 17.400000000000002 0 2.6 0 0 0 0 0 0 0 0 0 0 0 0 0 0 5.800000000000001 0 0 0 0 2 0 0 0 0 4 0 0 0 0 0 0 0 0 0 0 0 0 0 
 0.4 0 0.4 6.4 4.800000000000001 12.200000000000001 0 0 0.8 0.4 4.800000000000001 0 0 0.6000000000000001 1 1.2000000000000002 0 14.600000000000001 0 0 0 54.400000000000006 22.200000000000003 26.200000000000003 5.800000000000001 7.800000000000001 36 45 8.4 7.2 7.4 6.800000000000001 50 23.400000000000002 24.400000000000002 17.2 36 48.6 42 55.6 0.4 0 0 0 0.4 0 0.4 0 0 0 0.8 0 0 0 0 0 0.2 0 12.4 0 0 1.6 0 1.6 0.8 0 0.8 2.4000000000000004 0 0.6000000000000001 0 0.6000000000000001 0 0.6000000000000001 0 0 0 2.6 0 0 0 0 0 0 12.4 2.6 0 0 2.4000000000000004 0 0 0 0 0 0 0 0 0 0 0 5 1 5 2 0 0 1.8 4.2 0 0 0 2.6 5.4 2 11 2.6 0 4.800000000000001 3.8000000000000003 2.4000000000000004 0 0 0 0 0 0 0 0 0 0 0 0 0 0 0 0 3.8000000000000003 0 0 2.2 0 0 0.4 0 0 0 0 0 0.2 0 0 0 0 0 0 0 0 0 0 0.6000000000000001 0 0 0 2 0 5.4 0.8 0 0 0 2 0 0 0.2 0 0 3.8000000000000003 0 0.8 0 3 2 11.600000000000001 0 0 3.4000000000000004 2.2 3.6 6.2 3.6 0 3.4000000000000004 1.4000000000000001 8 0 12.8 15.200000000000001 0.2 1.8 0 0 0 0 0 0 0 2.2 0 0 0 0 0 0 0 0 0 0 0 0.2 0 0 0 0 0 0 0 0 0 0 0 0 0 0 0 0 0 0 0 0 0 0 0 0 0 0 0 0 0 12.200000000000001 0 0 0 0 0 1.8 0 0.4 0.2 0 0.4 0.4 2.4000000000000004 0 0 0 0 0 0 0 0 0 5.6000000000000005 0 0 0 0 0 0 0 0 0 2.4000000000000004 0 0 0 0 0 0 0 0 
 0.2 0 0 0 0 15 0 14.8 0.2 0 0 0 0 0 0 0 0 0.6000000000000001 0.6000000000000001 0 54.400000000000006 0 50.6 37.2 6.800000000000001 11.4 96.60000000000001 51 13.600000000000001 9.600000000000001 67 27 68.60000000000001 42 35.6 9.8 31.6 8.8 35.4 9.8 1 0 0 0.4 1 0 0 0 0 0 1.2000000000000002 1.8 14 0 0 0 0 0 0 0 0 0 0 0.6000000000000001 0 0 0 0 0 0 0 0.6000000000000001 0 0.6000000000000001 0 0 0.4 10 0 0 0 0 0 0 0 2.8000000000000003 0 2.2 0.2 0 0 0.2 0 0 0 0 0 0.2 0 0 0 0 0.2 2.4000000000000004 5.800000000000001 2 6.2 7.4 2.4000000000000004 0.8 1.4000000000000001 3.4000000000000004 1.8 4 2.6 0 2.4000000000000004 4.2 0.2 4.4 0 0.2 0 0 1.6 0 0.2 0 0 0 0 0 4 0 0 0 0 0 0 4 0 0 0 0 0 0 0 0 0 0 0 0 0 0 0 0 0 0 0.2 0 0 0 0 0 0 0 0 0 0 0 0 0.2 1 0 0.8 0 0 0 0 0 2.8000000000000003 2.8000000000000003 4 0 5.6000000000000005 0.4 10 0 2.4000000000000004 2.4000000000000004 10 5 7.800000000000001 0.6000000000000001 2.6 0.4 12.4 1.8 2.4000000000000004 3.2 0 0 0 0.2 0 2.2 0 6.2 0.4 0 0 0 2.8000000000000003 0 0.4 0 0 0 0.2 2.8000000000000003 0 0 0.2 0 0 0 0.4 1.2000000000000002 0 0 0 0 0 0 0 0 0 0 0 0 0 0 0 0 0 0 0 0 0 0 0 0 0 0 2 0.4 0 16 15.4 0 0 2.8000000000000003 0 0 0 0 5.6000000000000005 0 0 0 0 0 0 0 0 0 0 0 0 0.2 0 5.2 0 0.2 0 0 0 0 0 0 
 0.6000000000000001 0.6000000000000001 0.6000000000000001 0.6000000000000001 0.8 1 0.6000000000000001 1.2000000000000002 1.2000000000000002 0.6000000000000001 0.6000000000000001 0.6000000000000001 0.6000000000000001 0.6000000000000001 1.2000000000000002 0.6000000000000001 0.6000000000000001 0.6000000000000001 0.6000000000000001 0.6000000000000001 22.200000000000003 50.6 0 44 27.8 21.6 75 19.400000000000002 71.2 14 32.6 39 12.600000000000001 34.6 11.200000000000001 36.800000000000004 20.6 15.8 6.800000000000001 16.8 0.4 0 0 0 43.2 0.6000000000000001 0 0 0 0 0.6000000000000001 1.2000000000000002 0 0 0 1 0 0 13 0.2 0 0.4 0 0 0 0 0 0 0 0 0 0.6000000000000001 0 0.6000000000000001 0 0 0 0 0 0 0 0 0 0.2 0 0 0 0 0 0 0 0 0 0 0 0 0 0 0 0 4.4 1.4000000000000001 2.8000000000000003 3 4 0 0.2 0 6 0.2 2.2 12.200000000000001 0.2 0 5.6000000000000005 4 7.800000000000001 0 0 2.8000000000000003 0 0 0 0 0 0 0 0.2 0 0 0 0 1.2000000000000002 0 0 0 0 0 2.2 0.2 0 0 1.8 0 0 0 0 0 0.6000000000000001 0 0 0 0 0.2 0 0 0 0 0 0 0 0 0.4 0 0 0 0.8 0 0 0 0 0 0 0 0 0 0 0 1.2000000000000002 0 2.8000000000000003 0 2.2 3.4000000000000004 2 0 2.4000000000000004 3.8000000000000003 0 3.8000000000000003 1.6 3.8000000000000003 3 1.8 5 1.8 2.2 0.6000000000000001 0 3.6 0 0 0 0 0 0.4 2.2 0 0 0 0 0 2.4000000000000004 1.6 0 0 0 0 4 2 0 0 0 0 0 1.8 0 1.6 0 4 0 0.2 0 0 0 0 0.2 0.4 0 4 0 0 0 0 0 0 0 0 0 0 0 0 0 0 2.6 0 0 15.200000000000001 0 0.4 7.2 0.2 0 0 0 0 0 0 0 0 0 0 0 0 0 0 0 0 0 0 0 0.2 0 0 0 0 0 0 0 0 
 0 0.2 0 0 0.6000000000000001 15.600000000000001 0 0 0.4 0 0 0 0 0 0.4 0 0.2 0 0 0 26.200000000000003 37.2 44 0 14.8 24 33.800000000000004 37.4 14.8 72.8 58.800000000000004 7.4 27.8 73.60000000000001 32.800000000000004 12.8 28.200000000000003 27.400000000000002 18.8 27.200000000000003 0.4 0 0 0 2 0 0 0 0 0.2 1.6 1.2000000000000002 12.200000000000001 0 0 0.2 0 0 0 0.4 0 0.4 0 0 0 0 0 0 0 0 0 0.6000000000000001 0.2 11 0 0 0 0 0.8 0 0 0 0 0 0 0 0 0 0.4 0 0 0.4 0 0 0 0 0 0.4 0 0 2.2 0 1 2.4000000000000004 0.8 2 0 0.4 0 0 0 1.4000000000000001 0 2.6 0.2 0 2 0 0.4 2.4000000000000004 0 0.6000000000000001 0 0 0 0 1.6 5.800000000000001 1.2000000000000002 0 0 0 0 0 0 2.2 0 0 0 1.4000000000000001 0 0 0 0 0 0 3.8000000000000003 0 0 0 0 0 0 0 0 0 0 0 0 0.2 0 0 0 0 0 0 3.2 0 0 0 0 0.2 0 0 0 0 0 0 0 0 2.2 6.6000000000000005 3 12.200000000000001 1.4000000000000001 0.2 2.6 0.2 4.6000000000000005 4 2.4000000000000004 2.8000000000000003 4.4 2.8000000000000003 0 0 6.2 2 2.2 0 9.600000000000001 0 0 0 0 0.2 4 3 0.2 0 0 0 0 0 2.6 0 0 0 0.2 0 0 0 0.4 0 0 0 0.2 0 0 0 0 0 0 0 0 0 0 0 0 0 0 0 0 0 0 0 0 0 0 0 0 0 0 0 2.4000000000000004 0 0 21.6 0 0.4 0.4 2 0 0 0 0 0 0 0 0 0 0 0 0 0 0 0 0 0 4 0 2 0 0.4 0 0 0 0 0 0 
 0.8 0 0 0 0.2 0.4 0 0 0 0 0 0 13 0 0 0 0 1 0.6000000000000001 0 5.800000000000001 6.800000000000001 27.8 14.8 0 15.4 32.2 11.600000000000001 44.6 22.400000000000002 17.400000000000002 35.6 16.400000000000002 22.200000000000003 34.6 43.800000000000004 105.2 8.8 12.8 10.4 13.600000000000001 0 0.6000000000000001 0 0.6000000000000001 0 29.6 0 0.4 12.600000000000001 0 0 0 0 4.6000000000000005 15 0 0 15.4 13.600000000000001 0 0 0 0 0.6000000000000001 0.2 0 0 0 0 0 4.800000000000001 0 0.6000000000000001 0 0 0 0 0.6000000000000001 5.6000000000000005 0 0 0 0 0 0 0 0 0 0 0 0 0 0 0 0 0 0 0 0 1.6 0 3.8000000000000003 5.2 7.6000000000000005 0 0 0 3.8000000000000003 4.800000000000001 5.2 5.2 0 0 1.8 0 0.2 2.4000000000000004 0 0 0 0 8.200000000000001 0 0 0 3.6 1.2000000000000002 2.8000000000000003 0 0 0 3.2 0 0 0 0 0 0.2 0 0 0 0 0 0 0 0 0 0.2 0 0 0 0 0 0 1.6 0 0 0 0 0 0 0 0 0 0 0.6000000000000001 0 0 0 0 0 0 0 0 0 0 0 1.6 0 0.2 0 0 10.200000000000001 5.6000000000000005 4 1.8 0 0 2.2 1.8 1.8 0 1.6 0.4 1.6 0 0 3 0 0 2.4000000000000004 0 0.4 0 0 8.200000000000001 0 3.6 3.8000000000000003 0 0 8 0 0 0 0 0 0.8 4.4 0 0 0 0 0 0 0 0 0 0 0 0 0 0 3.4000000000000004 0 0 0 0 0 0 0 2.6 0 0 0 0 0 0 0 0 0 0 0 1.4000000000000001 0.4 0 0.8 16.400000000000002 0.2 0.6000000000000001 0 0 0 0 0 0 0 0 0 0 0 0 0 0 0 0 0 0 0 0 7.6000000000000005 0 0 0 0 0 0 0 0 
 0.4 0 0 0 0 0.2 15 0 0.2 15.200000000000001 0 42 0 0 0 0 0 0 0 0 7.800000000000001 11.4 21.6 24 15.4 0 47.2 6.4 22.200000000000003 41 13.600000000000001 24.400000000000002 4.800000000000001 5.6000000000000005 10 53.6 57.400000000000006 68.8 10.4 11 5.6000000000000005 0 0 0 0.6000000000000001 0 0 0 11.200000000000001 3.4000000000000004 17.400000000000002 0 4.4 12.8 12.4 0 0 0 0.4 8.8 0 0.2 0 0 0 0 0 0 0 0 0 0.6000000000000001 0.4 0.6000000000000001 0 0 1 0 0 0 0 0 0 0 0 0 0 0 0 0 0 0.4 0 0 0 0 0 0 0 0 0 0 1.2000000000000002 4 3.4000000000000004 0.4 6.6000000000000005 0.2 1.2000000000000002 0 0 0 0 0 0 0 0.2 0 0 0 0.4 11.8 3.6 3.6 0 0.2 5.2 2 2.2 0 0 2.8000000000000003 10 4.6000000000000005 0 4.800000000000001 1.6 0 4.6000000000000005 1.8 0 0.8 0 0 0 0 0 0 0 0 0 0.2 0 0 0 0 0 0.4 1.4000000000000001 0 0 3.8000000000000003 0 0 0 0 0 1.4000000000000001 0 0 0 0 0 0 0 0 0 0 0 0 0 1.8 0 0.2 4.2 4.2 2 0 0 5.6000000000000005 0 1.6 0 0 0 0.2 3.8000000000000003 0 0 0.2 1.8 0.4 0 2 4.2 0 5.800000000000001 0 0.2 5 0 0 2 2.6 4.800000000000001 4.4 1.8 6 3.6 2.4000000000000004 0 2.2 0.4 0 0 0 0 0 0 0 0 0 0 0 0 0 0 0 0 0 0 0 0 0 0 0 0 0 0 0 0 0 0 0 0.6000000000000001 0 0 14.600000000000001 0.8 0.2 3.6 1.8 0 0 0 0 0 0 0 0 4 0 0 0 0 0 0 0 0 0 0 0 0 0 9.8 0 1.2000000000000002 0 0 0 
 1 0.6000000000000001 1.4000000000000001 0.6000000000000001 1.2000000000000002 1 0.6000000000000001 0.6000000000000001 7.4 5.4 1 0.6000000000000001 0.6000000000000001 0.6000000000000001 1 5.6000000000000005 1.2000000000000002 1 0.6000000000000001 0.6000000000000001 36 96.60000000000001 75 33.800000000000004 32.2 47.2 0 78.4 13.8 52.400000000000006 37.4 24.8 24.200000000000003 52.2 12.200000000000001 41.800000000000004 40.800000000000004 24 28.200000000000003 78.2 0.6000000000000001 0 0.4 0 2.4000000000000004 0.8 0 0 0 0 0.8 0 0 0 0 0 0 1.2000000000000002 1 0 0 0 0 0 0 0 0.8 0 0 0 0 0.6000000000000001 0 1 0.2 0.8 0 0 0 0 0 1.8 0 0 0 1.8 0 0 1.8 0 0 0 0 0.4 0.2 1.8 0 0 0 0 10.8 0 1.8 0 1 0 0.2 0 2.4000000000000004 0.2 1.8 2.4000000000000004 0.8 0 12.200000000000001 2.2 4.2 0 0.2 0.2 0 0 0 0 0 0 0 0 0 0 0 0 0 0 0 0 0 0 0 2.8000000000000003 0 0 2.2 0 0 0 0 0 3.8000000000000003 0 0 0 0 2.2 0 0 0 0 0 0 0 0 0 0 0.4 0.2 1 0 3 0 4.6000000000000005 0 0.2 0 4.800000000000001 3.8000000000000003 0.4 0.2 0 0 2.6 0 5.4 4.4 0 0 5.800000000000001 1.8 7.2 0.2 4.2 2.6 1.8 4.6000000000000005 10.200000000000001 0 2.2 2.6 0.2 4.6000000000000005 0 0 0 0 0 0 0 0 0 0 0 0 0.2 3.8000000000000003 0 0 0 0 2 0 0 0 0 0 0 0 0 0 0 0 0 0 5 0 1.8 0 0 0 0 0 0 0 0 0 0 0 0 0 0 0 0 0 0 0 1.4000000000000001 0.4 0.2 0.8 2.6 0 0 2.4000000000000004 0 0 0 0 3.2 0 0 0 0 0 0 0 0 0 2 0 0 0 0 2.6 0 0 0 0 0 0 0 0 
 0.8 0.4 0.4 0.8 0.8 15.600000000000001 0.4 0.4 0.4 0.4 0.4 0.4 0.4 1 0.4 0.4 0.4 0.6000000000000001 0.6000000000000001 0.4 45 51 19.400000000000002 37.4 11.600000000000001 6.4 78.4 0 33.4 7.4 21.8 5.2 60 69.4 62.2 23.400000000000002 17.8 7.6000000000000005 25.400000000000002 26 1 0 0.6000000000000001 1.2000000000000002 1.2000000000000002 0 0 0 0 0.4 1.4000000000000001 1.2000000000000002 12.600000000000001 0 0 0.4 0.2 0 12.4 12.4 9 0 0 0 0.8 0.2 0 0 0 0 0.6000000000000001 1.2000000000000002 0.8 10.200000000000001 0.8 0 0.6000000000000001 8.200000000000001 0 0 0 0.4 0 0 0.4 13 0 0 0 0 0 0 0 0 0 0 0 0 0 0 0 4.4 0.4 0.2 2.4000000000000004 8.6 3.2 3.2 0.2 1.6 2.2 2.2 0 7.4 0 5.2 3.8000000000000003 7.6000000000000005 2.8000000000000003 8 0 0 0.2 0 0 0 0 4 0 0 0 0 0 1.6 0 0.4 0 0 0 6 0 0 2 0 0 0 0.6000000000000001 0 0 0 0 0 0 0 0 0 0.4 0 0 0.6000000000000001 0 0 0 0 0 0 0 0 0 0 0 0 4.6000000000000005 0 1.2000000000000002 0 0 0 0 0 5.4 2.2 7.800000000000001 0.2 0 0 4.800000000000001 7 0.2 6.800000000000001 1.8 2.8000000000000003 8 0.4 0.8 1 8.6 1 3.6 0 0 0 0 0 0 0 0 2.2 0 0 0 0 2.6 1.4000000000000001 0 0 0 0 2 0 0 0 0 0 1.2000000000000002 0 0 0 0 0 0 0 0 0 0 0 0 0 0 0.2 0 0 0 0 0 0 0 0 0 0 0 0 0 0 0.4 0 0 16.8 0.4 0 0 2.6 0 0 0 0.4 0 0 0 0 0 0 0 0 0 0 0 0 0 0 0 4 0 0 0 0 0 0 0 0 
 0.4 0 0 0 15.200000000000001 6.800000000000001 0 0.6000000000000001 0 0 0 0 0 0 0.4 0 0 0 0 0 8.4 13.600000000000001 71.2 14.8 44.6 22.200000000000003 13.8 33.4 0 30.8 10.4 58 24 20 31.400000000000002 70.2 11.4 6.2 16.400000000000002 28 0.6000000000000001 0 0 0 0.6000000000000001 0 0 0 0.2 0 0.2 0 0.2 0 0 0.2 0.6000000000000001 0 12.600000000000001 0 0 10.200000000000001 0.4 0 0.8 0 10.600000000000001 0.2 0.4 0.6000000000000001 0 0.6000000000000001 0 0.6000000000000001 0 0 0 0 0 0.8 0 0 0 0 0.2 0 0 0 0 0 0 2 0.2 0 0 0 0 0 0 0 0 0 3.4000000000000004 8.4 10.8 2.8000000000000003 4.4 5 8 6.4 8.200000000000001 3 1.6 0.6000000000000001 0.2 0 0.2 6 0 2.4000000000000004 0 0 0 0 0 0 0.4 1 2 0 0 0 4.4 0 1.8 0 2.4000000000000004 0 0 0 0 0 0 0 0 0 0 0 0 0 0.4 0 0 0 0 1.8 0 0 0.4 0 0 0 0 0 0 0.2 0 0 0 0 0.2 0 1 0 1 0 0 0 0 0 0 7.800000000000001 0 0 17.6 6.4 6.2 0.2 0 4 3.2 7.6000000000000005 3.6 4 2.2 2.6 0 5.2 0.2 0 0 0 0 0 1.4000000000000001 0 3.4000000000000004 0 0 0 0 0 11.600000000000001 2 0 0.4 0 0 1 3.4000000000000004 0 0 0 0 0 0 0 0 0 0 0 0 0 0 0 0 0 0 0 3.2 0 0 0 0 0 0 0 0 0 0 0 0 0 0 0.4 0.4 0.2 0 28 0 0 0 0 0 0 0 0.2 0 0 0 0 0 0 0 0 0 0 0 0 0 0 3.4000000000000004 0 0 0 0 0 0 0 0 
 0.4 0 0 0.2 0.2 0.2 0 0.4 0.8 0 0 0 0 0.2 0.6000000000000001 0.4 0 0 0.4 0 7.2 9.600000000000001 14 72.8 22.400000000000002 41 52.400000000000006 7.4 30.8 0 38.400000000000006 41 9.600000000000001 16.2 70.60000000000001 30 71.2 44 26 13.8 0.4 0.6000000000000001 0.2 0 0.4 0 25.6 11.4 0.8 0.4 0 0 37.2 0 0.6000000000000001 1.2000000000000002 0.2 0.6000000000000001 14.200000000000001 25.200000000000003 0.2 0.4 0 0 0 1.2000000000000002 0 0.6000000000000001 0 0 0 0.6000000000000001 2 1.2000000000000002 0 0 1 0.6000000000000001 1.4000000000000001 0 0 0 0 0 0 0 0 0 0 0 0 0 0 0 0 0 0 0 0 0 0 2 1.8 4.2 4 10.8 0 0 1.8 14 7 4.800000000000001 0 0 0 0 0 3.4000000000000004 0 0 5 2.8000000000000003 2.8000000000000003 0 0 0 4.800000000000001 8 2.4000000000000004 0 0 0 2.4000000000000004 2.4000000000000004 0 2 0 4 0 0 0 0 0 0 0 0 0 0 0 0 0 0 0 0 0 2.6 0.2 0 2 0 0 0 0 0.2 0 0 0 0 0 0 0 0 0 0 0 0 0 0 0.4 0 0 0 0.4 2.4000000000000004 4 3.4000000000000004 0 0 0 0.4 4.2 2.4000000000000004 0 0 0 0.2 9.200000000000001 0 0.2 0 6.800000000000001 2 0 0 0 0 3.4000000000000004 4.6000000000000005 0 0 0.4 0 0 2.4000000000000004 1.8 0 0 0 0.6000000000000001 0 0 0 0 0 0 0 0 0 0 0 0 0 0 0 0 0 0 0 0 0 0 0 2.8000000000000003 0 0 0 0 0 0 0 0 0 0 3.8000000000000003 2.8000000000000003 0 0.4 0.4 15 0.6000000000000001 8 0.4 0 0 0 0 0 0 0 0 0 0 0 0 0 0 0 0 0 2.4000000000000004 0 2.2 0 0 0 0 0.6000000000000001 0 0 0 
 0.4 0 0 0 0 0.8 0 0.2 0.4 0 0 0.2 0 0.2 0.4 0 0 0 0 0.4 7.4 67 32.6 58.800000000000004 17.400000000000002 13.600000000000001 37.4 21.8 10.4 38.400000000000006 0 18 54.400000000000006 10.8 14.600000000000001 15.600000000000001 35.2 28 6.6000000000000005 29.8 0.4 0 0 0 0.6000000000000001 0 6.6000000000000005 0 0 0 0 0 12.4 0 0 0 0 0.4 0.4 0 0 0 0 0 0 0 0 0 0 0 0 0.6000000000000001 0 0.6000000000000001 0 0 0 0 0 0 0 0 2 0 0 0 0 0 0 0 0.2 0 0 0.4 0 0 0 0 0 0 2.2 1.4000000000000001 0.2 2.6 0 13.4 3 2.6 7.6000000000000005 0 4.2 0 3.8000000000000003 3 2 0 4.2 0 0 0 3.4000000000000004 1.6 0 0 0 0.4 1.4000000000000001 4.800000000000001 0 0 5 0 0 0 0 0 2 0 0 2.4000000000000004 0 0 0 0 0 0 0 0 0.8 0 0 0 0 0 6 0 0 0 0 0 0 0 0 0 0 0 0 0 0.4 0 0 0 0 0 0 0 0 0 0 0 0 0 0.2 1.8 0 1.8 2.2 0 0.4 0 5.800000000000001 4.6000000000000005 3 0.2 5.800000000000001 0 4.6000000000000005 0 0 2.4000000000000004 7.4 3 0 0 0 0 0.2 4.800000000000001 2.2 0 0 0 3.6 1.8 0 0.8 4.4 4.4 0 7.2 0 0 0 0 0 0 0 0 0 0 0 0 0 0 0 0.4 0 0 0 0 0 0 0 0 0 0 0 0 0 0 0 0 0 0 3.2 0 0 15 0 0 0.6000000000000001 0.2 0 4.2 0 0 2 0 0 0 0 0 0 0 0 0 0 0 0 2.6 0 0.2 0 0 0 0 0 0.2 0 0 
 0.4 0 0 0 0.6000000000000001 0.2 0 0 0.2 0 0 0 0 0 0.4 0 0 0 0 0 6.800000000000001 27 39 7.4 35.6 24.400000000000002 24.8 5.2 58 41 18 0 9.200000000000001 8.4 7 52.2 22.8 30.200000000000003 5 25.400000000000002 0.4 0 0 0 0.6000000000000001 12.600000000000001 0 0 2.2 0 0 0 11.600000000000001 0 0 0.6000000000000001 0 0 12.4 0 0 0 0 0 0 0 1.2000000000000002 0 0 0 0 0.6000000000000001 0 0.6000000000000001 0 0 0 0 0 0 0 0 0 0 0 0 0 0 0 0 0 3 0 0 0 0 0 0 0 0 0 0 3.2 10 12 2.2 2.8000000000000003 3 7.2 0.6000000000000001 5.800000000000001 3.2 2 0 4 0 0.4 0.2 0.2 0 0.4 0 1.4000000000000001 0 0 0 3.6 0 10.8 0 2.6 0 7.6000000000000005 0 0 0 0.2 0 5 1.8 3 0 0 0 0 0 0 0 0 0 0 0 0 0 0 0 0 0 0 0 0 0.6000000000000001 0 0 0 0 0 0 0 0 0 0.4 0 0 0 0 0 0 0.4 0 0 4 0 0.2 13.4 8.200000000000001 3.2 0 0 7 2.8000000000000003 15.4 0 0.2 1.6 1 0.2 2.6 0 4.2 0.6000000000000001 0 0 0 0 0 0.2 0 0 0 0 0 10.200000000000001 0 2.4000000000000004 0 0 0.2 4.4 5.6000000000000005 0 0 0 0 0 0.4 0 0 0 0 0 0 0 0 0 0 0 0 0 0 0 0 2.2 0 0 0 0 0 0 0 0 0 0 0 3.6 0 0 0 0.2 0.8 2.6 0 0 0 0 0 3.2 0 0 0 0 0 0 0 0 0 0 0 0 0 0 0.2 0 0 0 0 0 0 0 0 
