 0 35 58 26.8 5.800000000000001 6.2 37.800000000000004 21 24.400000000000002 6 24.6 27.200000000000003 62.800000000000004 11.4 50.6 21.400000000000002 41.400000000000006 45.800000000000004 36.4 48.6 0 0 0 0 0 0 0 0 0 0 0 0.6000000000000001 0 0 0.6000000000000001 0 0.6000000000000001 0 0 0.6000000000000001 0.4 0.4 0 0 0 0 0 0 0.4 0 0.6000000000000001 0 0.2 0 0 0 0.2 0 0 0 0.4 0 0.6000000000000001 0 0 0 0 0.4 0.6000000000000001 0 0 0 0 0 0 0 0 0 0 0 2 0 2.8000000000000003 3 3.6 0 3.8000000000000003 11.600000000000001 6.2 3.2 3.6 15.4 3.2 3.8000000000000003 4.4 3.8000000000000003 2 0 5.800000000000001 4.800000000000001 0 0 0 0 0 0 0 0 0 0 0 0 0 0 0 0 0 0 0 0 0 0 0 0 0 0 0 0 0 0 0 0 0 0 0 2 2.2 0 0 0 0 0 0 0 1.4000000000000001 0 0 0 0 0 0 0.2 0 0 1.6 0 0 0 0 0.2 3.6 0.2 6 6 0 3.2 0 3.8000000000000003 5.4 4.6000000000000005 0.2 0 3 5.800000000000001 0 5.4 3.2 3.8000000000000003 5.2 9.200000000000001 0 0 0 0 1.2000000000000002 0 0 0 0 0 0.2 0 0 0 0 0 0 0 0 3 0 0.2 0 0 0 0 0 0 0 0 0 0 0 0 0 0 2.8000000000000003 0 0 0 0 0 1.6 0 0 0.2 0 0 0 0 0.4 0 0 0 0 0 0 0 0 0 0 0 0 0 0 0 0 0 0.4 0.8 0 1.6 0 0.2 0 0 0 0 0 0 0 0 0 0 0 0 0 0 0 0 0 0 0 0 0 3.8000000000000003 0 0 0 0 0 0 0 0 0 0 0 0 0 0 
 35 0 31 32.2 11.200000000000001 8.8 55.6 54 11.4 29.200000000000003 5.4 16.8 23.200000000000003 43.800000000000004 11.200000000000001 27.400000000000002 24.200000000000003 7.2 5.800000000000001 25.8 0 0 14.8 0 0.6000000000000001 0 0 0 0 0 0 0.6000000000000001 0 0 0.6000000000000001 0 0.6000000000000001 0 0 56.6 0.6000000000000001 0.4 0 0 0 0 0 0 0.4 0 0.6000000000000001 0 0 0 13.4 0 0.2 0 0 0 0.4 0 0.4 0 0 0 0 0.4 0.6000000000000001 0 0 0 0 0 0 0 0 0 0 0 1.4000000000000001 2.6 4.6000000000000005 12 0 4 0 5.2 9 3.2 0 2.8000000000000003 6.4 3.6 6 13.8 5.2 4.4 3.2 2.6 1.8 0 0 0 0 0 0 0 0 0 0 0.2 2 0 0 0 0 0.2 0.8 3.6 0 0 0 0.2 0 0 0 0 0 0 0 0 0 0 0 0 0 0 0 0 0 0 0 1.6 0 0.2 0 3 0 0 3.6 0 0 0 0.4 0.2 0 0 0 0 0 5.800000000000001 0.4 0 4.2 2.4000000000000004 0 0 0 8.8 1.8 8.200000000000001 1.8 2.2 0.2 4.2 1.8 2 0 3 0 0 0 0 0 0 0 0 0 0 0 0 0 0.2 0 0 0 0 0 2 0 0 0 0 2.4000000000000004 0 0 0 4.6000000000000005 0 0 0 0 0 0 0 0 0 0 0 0 0 0 0 0 0 0 0 0 0 0 0 0 0 0 0 0 0 0 0 0 0 0 0 0 0 0.8 0 0.2 0.2 0 3 2.4000000000000004 0 0 0 0 0 0 0 0 0 0 0 0 0 0 0 0 0 0 0 0 6.2 0 0 0 0 0 0 0 0 0 0 0 0 0 0 0 0 
 58 31 0 37.800000000000004 13 10 14.200000000000001 16.400000000000002 31.200000000000003 9.4 16.8 6.6000000000000005 29 34.4 26 7.6000000000000005 29 25 26.8 30.200000000000003 0 0.2 0 0 0 0 0 1 0 0 0.6000000000000001 0.6000000000000001 0 0.2 0.6000000000000001 0.4 1.2000000000000002 0 14.8 0.6000000000000001 1 0.4 0 0.4 0 0 0 0 1 0 0.6000000000000001 0 0 0 0 0 4.4 0.6000000000000001 0 0 0.4 0 0.6000000000000001 0 0 0 0 1.8 0.6000000000000001 0 0 0 0 0 0 0.2 0.4 0.6000000000000001 0 0 5 0.2 2.4000000000000004 2.6 2.2 0 6 3.2 7.800000000000001 2.2 0.6000000000000001 5.4 0 3.8000000000000003 7 4.4 0 13 7 3.2 0 0 0 0 0 0 4 3.2 0 0 0 0 0 0 0 0 0 0.2 2.2 0 0 0 0 0 0 0 0 0 0 0 0 0 0 0 0 3 4 0 0 0 0 0 0 0.2 1.4000000000000001 0 0 0.4 0 0 0 0 0 0 1.2000000000000002 0 0 0 0 0 2.8000000000000003 0 3 2.2 3 8 0.2 8.4 2.8000000000000003 2.4000000000000004 5.800000000000001 1.6 4 6 0.2 1.8 7.2 1.6 7.6000000000000005 14.200000000000001 0.2 0 1.8 0 0 0 0 0 0 0.2 0 0 10.8 0 0 2 0 3.6 0 5 0 0 0 0 0 0 0 0.4 0 0 0 0 0.4 0 0 0 0 4.800000000000001 0 0 0.2 0 0 0 0 0 0 0 0 0 0 0 0 0 0 0 0 0 0 0 0 0 0 0 0 0 17.6 0 0.4 9.200000000000001 0 2.2 0 0.4 0 2 0 0 0 0 0 0 2.2 0 0 0 0.4 0 0 0 0 0 0 0 0 2.8000000000000003 3.8000000000000003 0 0 0 0 0 0 0 0 0 0 0 0 0 
 26.8 32.2 37.800000000000004 0 59.6 9 76 29 38.400000000000006 80 14.4 7.4 26.200000000000003 31.6 12.200000000000001 25.200000000000003 15.8 29.6 15 20.200000000000003 0 0 0 0 0 0 15.4 0 0 0 0 0.8 0 0 0.6000000000000001 0 0.6000000000000001 0 0.4 13.8 0.6000000000000001 0.4 0 0 0 0 0 0 0.4 0 0.4 1.2000000000000002 0 0 0 4.4 1.2000000000000002 0 0.6000000000000001 0 0.4 0 0.4 0 0 6.4 0 0.4 0.6000000000000001 0.2 0 0 0 0 0 0 0 0 0 0 5.4 5 8.200000000000001 2.8000000000000003 1.2000000000000002 3.8000000000000003 4.2 5.800000000000001 13.200000000000001 0 7 11.200000000000001 0 11 4.2 1.2000000000000002 5 0 2.8000000000000003 0.2 0 0 0 0 0 0 0.6000000000000001 5.2 0 0 0 0 0.2 0 0 0 0 0 4 0 0 0 0 0 0 0 0 0 0 0 0 0 0 0 0 0 2.8000000000000003 0 0 0 0 0 0 0 0 0 0 0 0 0 0 0 0 0 0 0 0 0 0 0 4 6 2.6 0 1.8 3 3.6 3.6 0 6 5 8 4.4 0 0 0 16.2 8.4 0 0 0 0 0.6000000000000001 0 0 0 0 4 0 0 0.2 0 3.6 0 2.4000000000000004 1.4000000000000001 2.4000000000000004 0 4.2 6.4 0 0 0 0 0.4 0 0 0 0 0 0 0 0 0 0 0 0 0 0 0 0 0 0 0 0 0 0 0 0 0 0 0 0 0 0 0 0 0 0 0 0 0 0 0 0 0 4.2 0 1.2000000000000002 0 0.4 0 1.8 0 0 0 0 0 0 0 0 0 0 0 0 0 0 0 0 0 0 0 0 0 0 0 0 0 0 0 0 0.2 0 0 0 0 0 0 0 0 
 5.800000000000001 11.200000000000001 13 59.6 0 16.2 18 12.200000000000001 54.800000000000004 50.6 14.8 8.4 9.600000000000001 13.200000000000001 22.400000000000002 19.8 26 24.6 56.6 17.6 0 0.4 0 0 5.2 0 0 0 0 5.2 0 0.6000000000000001 0.4 0 0.6000000000000001 7.2 0.6000000000000001 5.2 0 16 0.6000000000000001 0.4 0 0 0 0 0 0 0.4 0 0.6000000000000001 0 0 0 0 0 0.4 0 0 0 0.4 0 0.6000000000000001 0 0 0 0 0.4 0.6000000000000001 0 0 0 0 0 0 0 0 0 0 0 1.6 1.8 14.4 4.4 2.4000000000000004 2.8000000000000003 3 0 11.8 0.2 3.6 2.2 0 5.2 4 0.2 3 1.6 0 0 0 0 0.2 0 0 0 0 0 0 0 0 0 4.4 0 0 0 0 0 4.4 0 0 0 0 0 0 0 0 0 0 0 0 0 0 0 0 0 0 0 0 0 0 0 0 0 0 0 0 0 0 0 0 0 0 0 0 0 0 0 0 0 1.8 5.6000000000000005 7.800000000000001 2.8000000000000003 0 7.6000000000000005 0.4 0 0.2 2.6 1.8 2.8000000000000003 0.2 0 0 3.4000000000000004 5.800000000000001 4.4 0.4 0.2 0 0 0 0 0 0 0 0 0 0 0 0 0 0 0 0 0 0 0.2 2.2 0 0 0.2 0 2.6 0 0 0 0 0 0 0 0 0 0 0 0 0 0 0 0 0 0 0 0 0 0 0 0 0 0 0 0 0 0 0 0 0 0 3 0 0 0 0 0 0 2.8000000000000003 0 0.2 1.6 2.2 1.4000000000000001 0 0 0 0 0 0 0.2 0 0 0 0 0 0 0 0 0 0 0 0 0 0 0.4 0 0.2 0 0.2 0 0 0 0 0 0 0 0 0 3 0 0 
 6.2 8.8 10 9 16.2 0 8.6 25.200000000000003 59.800000000000004 29 15.4 52.2 7.2 52.6 9 24 12 10.600000000000001 50.400000000000006 12.600000000000001 14.4 15.8 0 2.6 0 0 29 15.4 30.400000000000002 14.8 0.6000000000000001 0.6000000000000001 16 29.8 15.4 14.8 0.8 0.6000000000000001 0.4 31.200000000000003 0.6000000000000001 1.4000000000000001 0 0 0 0 0 0 0.4 0 0.6000000000000001 0 0 0 0 0 0.2 0 0 0 0.6000000000000001 0 0.6000000000000001 0 0 0 0 0.4 0.6000000000000001 0 0 0 0 0 0 0 0 0 0 0 0 0 0 1.8 0 19.400000000000002 0 2.4000000000000004 0 1.8 7.6000000000000005 0 0 0 0 0 1 7.6000000000000005 0 0 7.2 3.4000000000000004 4.800000000000001 0 0 0 5.800000000000001 0 1.8 0 0 1.8 3 3.4000000000000004 3.4000000000000004 5.4 6.800000000000001 2.2 0.8 10.200000000000001 0 0 0 0 0 0 0 0 0 0 0.4 0 0 0 0 0 0 0 0 0 0 0 0 0 0 0 0 2.2 0 0.4 0 0.8 0 0 0 0 0 0 0 0 0 0 0.8 0 5.2 2 0 0 0 6.2 0 2.6 0 0 0 0 0 0.4 0 0 7.6000000000000005 2.8000000000000003 0 3.6 0 0 4.6000000000000005 0.4 0 2 2.8000000000000003 0 5.2 5.2 0.2 4.6000000000000005 0 7.4 3.4000000000000004 0 0 0 0 0 0 0 0 0 0 0 0.2 0 0 0 0 0 0 0 0 0 0 0 0 0 0 0 0 0 0 0 0 0 0 0 0.8 0 0 0 0 0 0 0 0 0 0 0 1.8 0 0 17.2 0 0.4 2.2 0 0 0 0 0 0 0 0 0 0 0 0 0 0 0 0 0 0 0 0 0 0 0 1.2000000000000002 0 0 2 0 0 0 0 0 0 0 0 0 0 
 37.800000000000004 55.6 14.200000000000001 76 18 8.6 0 31.6 33.4 8.4 23.400000000000002 24 38.2 54 44.400000000000006 6.2 28.400000000000002 25.8 8.8 32.6 0 0 0 0 0 0.2 0 0 0 0 0 1 0 0 0.6000000000000001 0 0.6000000000000001 0 0 0.6000000000000001 0.6000000000000001 0.4 0 0 0 0 0 0 0.4 0 0.6000000000000001 0 0 0 0 13.200000000000001 0.4 1 0 0 0.4 0 0.4 8.8 0 0 0 0.4 0.6000000000000001 0 0 0 0 0 0 3.8000000000000003 0 0 0 0 0 3.8000000000000003 5.800000000000001 7 6 0 2.8000000000000003 8.4 1.4000000000000001 0.2 0 5.4 1.4000000000000001 7.6000000000000005 12.8 3.4000000000000004 5.800000000000001 0 3 4 3.2 0 0 0 0 0 0 0 0 0 0 0 0 0 0 0 0 0 0 0 0 0 0 0 0 0 0 0 0 0 0 0 0 0 0 0 0 0 0 0 0 0 0 0 0 0 0 0 0.4 0 0 0 0 0 0 0 0 0 0 0 3 4.800000000000001 2 1.2000000000000002 0 2.6 2.2 0 0.2 5.4 0 0 3.4000000000000004 1.6 4.6000000000000005 3 9.8 0 1.6 3.4000000000000004 0 0 0 0 0 2.8000000000000003 0 0 0 0 0 0 0 0 0 0 0 0 0 0 0 0 0 0 0 0 0.2 0 0 0 0 0 0 0 0 0 0 0 0.4 0 0 0 0 0 0 0 0 0.2 0 0.4 0 0 0 0 0 0 0 0 0 0 0 0 0 0 0 0.4 0 0 0 0.2 0.4 1.8 0.4 0 0 0 0 0 0 0 0 0 0 0 0 0.4 0 0 0 0 0 0 0 0 0 1.2000000000000002 0 0 0 0 0 0 0 0 0 0 0 0 0 0 
 21 54 16.400000000000002 29 12.200000000000001 25.200000000000003 31.6 0 20 27 24 60 40.800000000000004 36.800000000000004 11.600000000000001 44 25.400000000000002 6 13 74.60000000000001 0 0 0 0 0 0 0 0 0 0.2 0 0.6000000000000001 0 0 0.8 0 0.6000000000000001 0 0.2 0.6000000000000001 0.4 0.4 0 0 0.8 0 0 0 0.4 0 0.6000000000000001 0 0 0 0 0 0.2 0 0 0 0.4 0 0.6000000000000001 0 0 0 0 0.4 0.6000000000000001 0 0 0 0 0 0 0 0 0 0 0 0.4 8.8 0 8 2.6 9.8 0 1.8 6.2 6.2 3.2 5.6000000000000005 2.4000000000000004 10 2.6 6.2 3.4000000000000004 1.4000000000000001 2 1.8 0 0 0 0 0 0 0 0 0 0 0 0 4 0 0 0 0 0 5.800000000000001 0 0 0 0 0 0 0 0 0 0 0 0 0.2 0 0 0 0 0 0 0 0 0 0 0 0 0 0 0 0 0 0 0 0 0 0.4 0 0 0 0 0 0 0.4 3.8000000000000003 2.2 0 1.4000000000000001 0.8 0 0 0 3 0.2 0.4 2.2 2.4000000000000004 1.6 3.6 1.4000000000000001 0 0 0.2 0 0 0 0 0 0 0 0 0 0 0 0 0 0 0 0 0 0 0.2 2 0 0 0 3.2 6.4 0 0 0 0 0 0.4 0 0 0 0 0 0 0 0 0 0 0 0 0 0 0 0 0 0 0 0 0 0 0 0 0 0 0 0 0 0 0 0 0 0 0 1.2000000000000002 0 0 0.2 0 1.6 1.6 0 0 0 0 0 0 0 0 0 0 0 0 0 0 0 0 0 0 0 0 0 0 0 0 2.6 0 0 0 0 0 0 0 0 0 0 0 0 
 24.400000000000002 11.4 31.200000000000003 38.400000000000006 54.800000000000004 59.800000000000004 33.4 20 0 45.2 48.6 31.8 55.400000000000006 41.2 59.6 29.8 36 28.200000000000003 75.4 16.400000000000002 0 0 0.2 0.2 0 0.4 0 0 0 0 0 0.6000000000000001 0 0 0.6000000000000001 29.200000000000003 0.6000000000000001 0 15.200000000000001 0.6000000000000001 0.4 0.4 2.4000000000000004 0 0 0 0 0 0.4 0 7.4 0 0 0 0 0 0 0 0 0.4 0.4 0 0.6000000000000001 0 0 0 0 0.4 0.6000000000000001 0 0 0 0 0 0 0 0 0 0 0 6.4 13.4 3.8000000000000003 4 0.8 0.8 4.800000000000001 3.6 0.4 9 3.6 4 0.2 2.4000000000000004 0 2.8000000000000003 3 6.800000000000001 3.4000000000000004 2.6 0 0 0 0 0 0 0 0.4 0 0 0 0 0.4 0 0 0 0 0 6.800000000000001 0 0 0 0 0 0 0 0.4 0 0 0 0 1.8 0 0 0 0 0 0.8 3.6 0.4 0.4 0 0 0 0 0 0 0 0 0 0 0 0 0 0 0 0 0 0 0 2.2 0.2 3 0 0 3.4000000000000004 0 9.200000000000001 9.8 0 4.2 0 0 0 4.6000000000000005 4.6000000000000005 3.2 3.8000000000000003 2.2 2.6 0 0 0.2 0 0 0.2 0 0.2 0.4 0 0 0 0 0 0 0 0 0 0 0 4.4 0 0 0 0 0.2 0.4 0 0 0 0 0 0 0 0 0 0 0 0 0 0 0 0 0 0 0 0 0.2 0 0 0 0 0 0 0 0 0.4 0 0 0 0 3.4000000000000004 0 0 0.4 0.6000000000000001 0.8 0 0 17 3 0.8 0 0 0 0 0 0 0 0 0 0 2.2 0 0 0 0 0 0 0 0 0 0 0 0 4 0 0 0 0 0 0 0 0 0 0.2 0 0 0 0 
 6 29.200000000000003 9.4 80 50.6 29 8.4 27 45.2 0 75.8 27.6 9.600000000000001 33.800000000000004 41.400000000000006 133.6 10.600000000000001 8.6 16.6 61.6 0 0.6000000000000001 0.4 0.2 0 0.4 0.4 0 0 0.4 0.4 0.6000000000000001 0 0 1 0.4 0.6000000000000001 0.4 14.8 0.6000000000000001 0.6000000000000001 0.4 0.6000000000000001 0 0 0.4 0 0 0.4 0 0.6000000000000001 0 2.8000000000000003 0 0 0.4 0.2 0.4 0.2 0 10.600000000000001 0 0.6000000000000001 0 0 0 0.4 1 0.6000000000000001 0 0 0 0 0 0 0 0 0 0 0 11.200000000000001 6 3.8000000000000003 8 4.6000000000000005 8.4 0 0.2 3.4000000000000004 7.6000000000000005 0 0 0 2 0 0 2.8000000000000003 5.2 0 0 1 0 0 0 0 0 0 0 0 0 0 0 2.4000000000000004 0 0 0 0 0 7.4 1.2000000000000002 0 0 0 0 0 0 0 0 0.2 0 0 0 0.4 0 0 0 0 0 0 0 0 1.2000000000000002 0 0 0 0 0 0 0 0 0 0.2 0 0 0 3.4000000000000004 0 0 0 0.8 1.6 0.2 2.8000000000000003 2.2 2.4000000000000004 0 0 2 13.200000000000001 2.4000000000000004 0 0 0 1.8 4 5.6000000000000005 0 0 0 0 0 0 0.4 0 0 0 0 0 0 0 0 0 0 2.2 0 0 0 0 1.8 6.2 0 0 0 0 0 0 0 0 0 0 0 0 0 0 0 0 0 0 0 0 0 0 0 0 0 0 0 0 0 0 0 0.4 0 0.4 0 0 0 0 0.6000000000000001 0 0 4 0 0 0 0.4 0.4 0.4 0 0.2 2.8000000000000003 0.8 0 0 0 0 0 0 0 0 0 0 0 0 0 0 0 0 0 0 0 0 0 0 0 0 0 0 0 0 0 0 0 0 0 0 0 0 0 0 
 24.6 5.4 16.8 14.4 14.8 15.4 23.400000000000002 24 48.6 75.8 0 48.800000000000004 43.400000000000006 44.800000000000004 18.2 37.2 36.4 26.400000000000002 26.6 10.8 0 0 0 0 0 0.4 0.2 0 0.8 0.6000000000000001 0 0.6000000000000001 0 0 1 0 0.6000000000000001 0 0.4 1 0.6000000000000001 0.4 1.4000000000000001 0.2 0 0 0 0 0.4 0 0.6000000000000001 0.4 0 0 0 0 0.4 0 0 0 0.4 0 0.4 0 0 0 8.4 0.4 0.6000000000000001 0 0 0 0 0 0 0 0 0 0 0 3.8000000000000003 7.2 2 0 9 0 2.4000000000000004 7 4.2 1 2.4000000000000004 9.4 0.2 4 2 1.2000000000000002 1.6 3 4.4 0.2 0 0 0 0 3.8000000000000003 0 0 0 0 0 0 0.4 0 0 0 0 0 0 0.4 0 0.4 0 0 0.4 0 0 0 0 0 0 0 0 0 0 0 0 2.8000000000000003 0 0 0 0 0 0 0 0 0.4 0 0 0 0 0 0 0.2 0 0 0.4 0 0 0 0 1.2000000000000002 0.2 0.2 0 0.2 2.8000000000000003 0 7.2 5.800000000000001 2.8000000000000003 2 0 2.4000000000000004 2.2 4.6000000000000005 1.8 14.8 10.4 2.8000000000000003 3 5.2 0 0 0 0 0 0 0 0 0 0 0 0 0 0 0 0 0 0 4.2 0 0 0 0 0 0 0 0 3 0 0 0 0 0 0 0 0 0 0 0 0 0 0 0.2 0 0 0 0 0 0 0 0 0 0 0 0 0 0 0 2.2 0 4.2 0 0 0 0 0.6000000000000001 0 1.4000000000000001 17.8 0 1.4000000000000001 0 0 0 0 0 0 0 0 0 0 0 0 0 0 0 0 0 0 0 0 0 0 0 2.2 0 0 0 0 0 0 0 0 0 0 0 0 0 0 
 27.200000000000003 16.8 6.6000000000000005 7.4 8.4 52.2 24 60 31.8 27.6 48.800000000000004 0 10.8 27.200000000000003 26 44.400000000000006 67.60000000000001 37 8.8 8 0 0 0 0 0 0 37.6 0 0 0 0 0.6000000000000001 15.200000000000001 0.2 22.400000000000002 0.4 0.6000000000000001 0 0 16 0.6000000000000001 13 0 0 0 0.2 0 0 0.4 0 0.6000000000000001 0 0 0 0 0 0 7.2 0 0 0.4 0 0.4 0.6000000000000001 0 0 0 0.4 0.6000000000000001 0 0 0 0 6 0 0 0 0 0 0 2 1.2000000000000002 0 3.8000000000000003 6.800000000000001 4.4 0 6.6000000000000005 0 2.4000000000000004 2 4.6000000000000005 0 5.6000000000000005 0 10.200000000000001 4.800000000000001 4.4 0 2.8000000000000003 1.4000000000000001 2.8000000000000003 0 0 0 0 2.6 0 4 0 0 0 0 3.8000000000000003 4 9 2 0 2 10.4 0 0 0 0 0 1.8 0 0 0 0.4 0 0 0 0 0 0 0 0 0 0 0 0 0 0 0 0 0 0 0 0 0 0 0 0 0 0 0 0 0 0 3.4000000000000004 0 0 3.2 12.200000000000001 1 0 0 0 4.6000000000000005 0 4.6000000000000005 0 0 1 0 0 2 0 0 10.200000000000001 0.2 0 4 0 0 0 0 0 0 0 0 1.6 3.6 0 0 0 0 4 0 0 0 0 0 0 0 0 0 0.2 0 0 0 0 0 0 0 0 0 0 0 0 0.2 0 0 0 0 0 0 0 0 0 0 0 0 0 0 0 0 0 0 0 0 0 0 0 0.8 17.400000000000002 0.4 0.4 1.4000000000000001 0.2 1.4000000000000001 8.8 0 0 0 0 0 0 0 0 0 0 0 0 0 0 0 0 0 0 0 0 0 0 0 4.2 1.4000000000000001 0 0 0 0 0 0 0 0 0 0 0 2.2 
 62.800000000000004 23.200000000000003 29 26.200000000000003 9.600000000000001 7.2 38.2 40.800000000000004 55.400000000000006 9.600000000000001 43.400000000000006 10.8 0 54.800000000000004 43.2 6.6000000000000005 32.6 41.2 30 28.6 0.4 0.6000000000000001 0 0 0.6000000000000001 0 0 0.6000000000000001 15 0 0 0.6000000000000001 0.6000000000000001 0 0.6000000000000001 0 0.6000000000000001 4.800000000000001 15.4 0.6000000000000001 0.6000000000000001 1 0.4 0 0 0 0 0 0.4 0.2 0.4 0 0 0 0 0 0.8 0 0 0 0.4 0.6000000000000001 0.4 0 0 0 0 0.4 1.2000000000000002 0 0 0 0 0 0 0 0 0 0 2.2 4.2 1.8 0 2.6 1.6 0 0.2 12 2.4000000000000004 0 0 4.6000000000000005 0 8.4 0 9.200000000000001 2.8000000000000003 0 3.8000000000000003 2.6 0 0 0 0 0 0 0 0 0 0 0 0 0 0 0 0 0 0 0 0 0 0 0 0 0 0 0 0 0 0 0 0.2 0 0 0 0 2 0 0 0 0 0 0 0 0 1.2000000000000002 0 0 0 0 0 0 0 0 0 0 0 0 0 0 9.4 0.4 0 1.6 0 0 0 6 0 4.800000000000001 0.2 0 1.2000000000000002 0 5 0 1.8 4.2 2.8000000000000003 7.2 0 0 0 0 0 0 0 0 0 0 0 0 0 0 0 0 0 0 0 0 0 0 0 0 0 0 0 0 0 0 0 0 0 0 0 0 0 0 0 0 0 0 0.2 0 0 0 0 0 0 0 0 0 0 0 0 0 0 0 0 0 0 0 0 0 0 0 0 0 0.4 0.2 0 2.2 0 0 0 0 0 0 0 0.4 0 0 0 0 0 0 0.6000000000000001 0 0 0 0 0 0 0 0 1.2000000000000002 0 0 0 0 0 0 0 0 0 0 0 0 0 0 
 11.4 43.800000000000004 34.4 31.6 13.200000000000001 52.6 54 36.800000000000004 41.2 33.800000000000004 44.800000000000004 27.200000000000003 54.800000000000004 0 60.800000000000004 66.60000000000001 64.8 31.400000000000002 13.600000000000001 76 0 0 0 0.2 0 0.4 0 0.2 0.4 0 0 0.6000000000000001 0 0 0.6000000000000001 0 0.6000000000000001 0.4 0 0.6000000000000001 0.6000000000000001 0.4 0 0 0 0 0 0.6000000000000001 0.4 0.2 0.4 0.2 12.600000000000001 0 0 0 0.2 0.4 0 0 0.4 0 0.4 0 0 9.4 0 0.4 0.6000000000000001 0 0 0 0 4.6000000000000005 0 0 0 0 0 0 3.4000000000000004 1.2000000000000002 0 2.2 6.800000000000001 0 0 14.200000000000001 2.4000000000000004 0.2 2.6 3.4000000000000004 3 5 2.8000000000000003 7.800000000000001 0 11.600000000000001 3.8000000000000003 2.2 0 0 0 0 0 0 0 0 0 0 0 0 0.4 0 0 0 0 0 0 0 0 0 0 0 0 0 0 0 0.4 2.6 0 0 0.2 0 0 0 1.8 1 0 0 0 0 0 0 0 0 0 0 0 0 0 0.4 0 0 0 0 0 0 0 0.2 10 0.4 0 1.4000000000000001 1.4000000000000001 0 0 1.4000000000000001 1.8 1.8 0 0 1.8 5.6000000000000005 2.6 0 4.2 2.8000000000000003 0 0 0 0 0 0 0 0 0 0 0 0 0 0 0 0 0 0 0 0 0 0 0 0 0 0 0 0 0 0 0 0 0 0 0 0 0 0 0 0 0 0 0 0 0 0 0 0 0 0 2.8000000000000003 0 0 0.2 0 0.2 0 0 0 0 0 3.2 0 0.2 0 0 0 0 26.200000000000003 0 0.4 0 0.4 2.8000000000000003 0 0 0 0 0 0 0 0 0 0 0 0 0 0 0 0 0 0 0 0 0 0 0 0 2.4000000000000004 2 0 0 0 0 0 0 0 0 0 0 0 0 
 50.6 11.200000000000001 26 12.200000000000001 22.400000000000002 9 44.400000000000006 11.600000000000001 59.6 41.400000000000006 18.2 26 43.2 60.800000000000004 0 31.8 49 4.4 16.400000000000002 31.8 0 0 14.600000000000001 0.2 0.4 0 0 0 0 0.4 0 0.6000000000000001 0 0 0.6000000000000001 0 0.6000000000000001 0 0 0.6000000000000001 13.200000000000001 0.4 1.2000000000000002 0 0 0 0 0 0.4 0 0.6000000000000001 0 0.6000000000000001 0 0 0 0.4 0 10.8 0 0.4 0 0.6000000000000001 0 0 0 0 0.4 0.6000000000000001 0 0 0 0 0 0 0 0 0 0 1 3.6 4.800000000000001 0 2.6 5 0 0 3.8000000000000003 0 0.8 2.8000000000000003 4 4 0 2.4000000000000004 8 0 0.2 2 2.8000000000000003 0 0 0 0 0 0 0 0 0 0 0 0 3.6 0 0 0 0 0 0 0 0 0 0 0 0 0 0 0 0 0 0 3.2 0 0 0 0 0 0 0 0.2 0 0 0 0.8 0 0 0 0 0 0 0 0 0 0 0 0 0 0 0 0 0.4 0.2 1.8 2.8000000000000003 6.4 0 0 2.4000000000000004 2 0 0.2 0 0 2.2 12.200000000000001 5.4 0.2 0 0.2 0 0 0 0 0 0 0.4 0 3.8000000000000003 0.2 0 0 0 0 0 0 0 0 0.4 0 0 0 0 0 0 0 0 0 0 0 0 0 0 0 0 0 0.2 0 0 0 0 3 0 0 0 0 0 0 0 0 0 0 0 0 0 0 1.4000000000000001 0 0 0 0 0 4 0 0 0 0 0.6000000000000001 0 1.2000000000000002 0.2 1.8 3.4000000000000004 0 0 0 0 0 0 0 0 0 0 0 0 0 0 0 0 0 0 0 0 0 0 0 0 0 0 0 0 0 0 0 0 0 0.2 0 0 0 0 
 21.400000000000002 27.400000000000002 7.6000000000000005 25.200000000000003 19.8 24 6.2 44 29.8 133.6 37.2 44.400000000000006 6.6000000000000005 66.60000000000001 31.8 0 35 25.400000000000002 10 13.8 15.4 0 0.4 0.2 0.6000000000000001 0.4 0.6000000000000001 0 0 0.6000000000000001 0.4 0.6000000000000001 0.2 0 1 0 1.2000000000000002 0.4 0 17.2 0.6000000000000001 0.6000000000000001 0.6000000000000001 0.4 0 0 0.6000000000000001 0 0.4 0.2 1.2000000000000002 0.4 0.6000000000000001 0 0 0 0 0.6000000000000001 0.4 0.4 0.8 0 0.6000000000000001 0 0 0 0 1 0.6000000000000001 0 0.4 0 0 0.4 0 0 0 0 0 0 0.2 0 2 7.4 4.2 2.4000000000000004 0 3 2 3.2 0.4 0 0 3.4000000000000004 1.8 1 5 6.4 0 0 1.4000000000000001 1.8 0 0 0 0 0 0 0 0 0 0 4.2 4.6000000000000005 0 0.2 0 0 5 9.4 0 0 0 0 0 0 0 0 0 0 0 0 0 0 0 0 0 0 0 0 0 0 0 0 0 0 0 0 0 0 0 0.4 0 0 0 0 0 0 0 0.4 1.2000000000000002 3.2 0.2 3 4.4 2.6 0 0 4.2 6.4 2 10 0 5 4.2 2.8000000000000003 2 4.2 0 0 7.2 0 0 0 0.2 0 0 5 0 0 0.4 0 0 0 0 1.4000000000000001 0 0 0 13.8 0 0.4 0 0 2.4000000000000004 0 0 0 0 0 0 0 0 0 0 0 0 0 0 0 0 0 0 1.2000000000000002 0 0.4 0 0 0.6000000000000001 0 0.2 0 0 0 0 0 0 0 0 0 0 0.2 0 0 0 0 0.8 0.4 0.4 18.2 0 2.2 1.6 0 0 0 0 0 0 0 0 0 0 0 0 0 0 0 0 0 0 0 0 0 0 0 0.2 0 0 0 0 0 0 0 0 0 0 0 0 0 
 41.400000000000006 24.200000000000003 29 15.8 26 12 28.400000000000002 25.400000000000002 36 10.600000000000001 36.4 67.60000000000001 32.6 64.8 49 35 0 61.800000000000004 21.400000000000002 65 0 0 0 0 0 0 0 0 0 0 0 0.6000000000000001 0 0.4 0.6000000000000001 0 0.6000000000000001 0.4 0 5.2 0.6000000000000001 0.4 0 0 0 0 0 12.200000000000001 0.4 0 0.6000000000000001 0.6000000000000001 0 0 0 0 0.4 0 0 0 0.4 0 0.6000000000000001 0 0 0 0 0.4 0.6000000000000001 0 0 0 0 0 0 0 0 0 6.4 0.6000000000000001 4.800000000000001 0 1.8 1.4000000000000001 3 0 12 2 2.2 2.4000000000000004 5.4 3 0.2 3.8000000000000003 4.2 6.6000000000000005 3.4000000000000004 3.2 0.8 5 0 0 0 0 0 0 0 0 0 0 0 0 0.6000000000000001 0 0 0 0 0 0 0 0 0 0 0 0 0 0 0 0.4 0 0 0 0.2 0 0 0 0 0 0 0 0 0 0 0 0 0 0 0 0 0 0 0.2 0 0 0 0 0 0 0 0 2 6 0 5.2 0.2 4.4 2.6 1.2000000000000002 1.8 4.800000000000001 5.6000000000000005 3.4000000000000004 0.6000000000000001 0.2 0 2.8000000000000003 3.8000000000000003 5 4.800000000000001 4 0 0 0 0 0 0 0 9.8 0 0 0 0 0 0 0 0.2 0 0 0 2.8000000000000003 0 0 0 0 0 0 0 0 0 0 0 0 0 0 0 0 0 0 0 0 0 0 0 0 0 0 0 0 0.2 0 0 0 0 0.2 0 0 0 0 0 0 0 0.2 0 0 0 0 0.2 0 9.200000000000001 17 0.4 2.2 0 0 0 0 0 0 0 0 0 0 0 0 0 0 0 0 0 0.2 0 0 0 0 0 2 1.4000000000000001 0.2 0 0 0 0 0 0 0 0 0 0 0 0 
 45.800000000000004 7.2 25 29.6 24.6 10.600000000000001 25.8 6 28.200000000000003 8.6 26.400000000000002 37 41.2 31.400000000000002 4.4 25.400000000000002 61.800000000000004 0 69.8 25.200000000000003 0.8 0 0.8 0 0 0 0 0 0 0 0 0.6000000000000001 1.2000000000000002 0.8 0.6000000000000001 1.2000000000000002 0.8 0 0 16.8 0.6000000000000001 0.4 0 0 0 0 0 0 0.4 0 0.6000000000000001 0 0 0 0 0 8.4 0 0 0 0.4 1.2000000000000002 0.6000000000000001 0 0 0 0 0.4 0.6000000000000001 0 0.4 1.2000000000000002 0 0 0 0 0 0 0 6.4 3.6 2 3.8000000000000003 5.4 6.4 0 7.2 3.8000000000000003 7.800000000000001 0.4 3 2.6 0 4.4 0.4 1.2000000000000002 9 4 2.2 4.4 0.4 0 1.4000000000000001 0 0 0 0 0 0 0 0 0 0 0 0 0 0 0 0.4 0 0 0 0 0 0 0.2 0 0 0 0 0 0 0 0 0 0 2.8000000000000003 0 0 0 0 0 0 0 0 0 0 0 0 1.4000000000000001 0 0 0 0 0 0 0 0 0 0 3.2 0.4 0 1.6 0 2.2 2 3.6 11.200000000000001 2 2 3.8000000000000003 3.8000000000000003 1.6 0.6000000000000001 3 6.800000000000001 12.4 0 0 0 0 0 0.2 0 0 0 2.4000000000000004 0 0 0 0 0 0 0 0 0 4 0 0.8 0 0 0 0 0 0 0 0 0 0 0 0 0 0.2 0 0 0 0.2 0 0 0 0.4 0 0 0 0 0 0 0 0 0 0 0 0 0 0 0 0 0 0 0 0 0 0 0 0.4 0.6000000000000001 0 0.8 17.6 0 3.4000000000000004 0 0 0 0 0 0 0 0 0 0 0 0 0 0 0 0 0 0 0 0 0 0 0 4.2 2 0 0 0 0 4.6000000000000005 0 0 0 0 0 0 0 0 
 36.4 5.800000000000001 26.8 15 56.6 50.400000000000006 8.8 13 75.4 16.6 26.6 8.8 30 13.600000000000001 16.400000000000002 10 21.400000000000002 69.8 0 22.8 0 0 0 0 0 0 0 0 14.600000000000001 0 0 0.6000000000000001 0 0 0.6000000000000001 0 0.8 0 0 0.8 0.6000000000000001 0.4 0 0 0 0 0 0 0.4 0 0.4 0 0 0 0 0 0.4 0 0 0 0.4 0 0.4 0 0 0 0 0.4 0.6000000000000001 0 0 0 0 0 0 0 0 0 0 0 0.4 0 1.8 0 1.8 0 3.6 0.4 7 2.4000000000000004 0.4 1.8 0 0 1.8 0 0 0.2 2 2 0 0 0 0 0 0 0 0 0 0 0 0 2.4000000000000004 0 0 0 0 0 0 0 0 0 0 0 0 0.4 0 0 0 0 0 0 0 0 0 0 0 0 0 0 2.6 0 0 0 3.4000000000000004 0 0 0 0 0 0 0 0 0 3 0 0 0 0 0 0 0 7.800000000000001 2 0 3.2 4.800000000000001 2 2.2 0 0 0 0 2.2 0 2 0.8 1.8 4.800000000000001 6.4 0 0 0 0 0 0 0 0 0 0 0 0 0 0 0 0 0 0 0 0 0 2.2 0 0 0 0 0 0 0.4 0 0 0 0 0.4 0 0 0 0 0 0 0 0.2 0 0 0 0 0 0 0 0 0 0 0 0 0 0 0 0 0 0 0 0 0 0 0 0.4 0 0 0 10.200000000000001 0 0 0 0 0 0 0 0 0 0 0 0 0 0 0 0 0 0 0 0 0 0 0 0 0 1.8 0 0 0 0 0 0 0 0 0 0 0 0 0 0 
 48.6 25.8 30.200000000000003 20.200000000000003 17.6 12.600000000000001 32.6 74.60000000000001 16.400000000000002 61.6 10.8 8 28.6 76 31.8 13.8 65 25.200000000000003 22.8 0 0.4 0.6000000000000001 0.4 0 0.6000000000000001 0 0 1.2000000000000002 2 0 0 0.6000000000000001 0.6000000000000001 0 0.6000000000000001 0 0.6000000000000001 0 0 0.8 0.6000000000000001 1 0.4 0 0 0 0 0 0.4 0 0.6000000000000001 0 6.4 0 0 0 1 0 0 0 0.4 0.4 0.6000000000000001 0 0 0 0 0.8 1.2000000000000002 0.2 0 0 0 0.8 0 0.2 0 0 0 0.6000000000000001 6 0 3.8000000000000003 5 0 0 1.8 5.800000000000001 2.2 2.2 2.4000000000000004 6.4 0 8 0.8 7.800000000000001 3.2 1.6 4 5.6000000000000005 0 0 0 0 0 0 0 0 0 0 0 0 0 0 0 0 0 0 0 0 0 0 0 0 0 0 0 0 0 0 0 0 0 0 0 0 3.2 0 0 0 0 0 0 0 0 0 0 0 0 0 0 0 0 0 1.4000000000000001 0 0 0 0 0 3.8000000000000003 4.2 0 0 0 0 2.2 4 0 14.200000000000001 2 0 5.6000000000000005 3.2 3 3.4000000000000004 2.6 3.8000000000000003 0.2 2.4000000000000004 0 0 2 0 0 0 0 0 0 0 0 0 0 0 0 0 0 0 0 0 0 0 0 0 0 0 3.4000000000000004 0 0 0 0 0 0 0 0 0 0 0 0 0 0 0 0 0 0 0 0 0 0 0 0 0 0 0 0 0 0 0 0 0 0 0 0 0 0 0.2 0 0.6000000000000001 0.8 0 0 1.6 0 0 0 0 0 0 0 0 0 0 0 0 0 0 0 0 0 0 0.2 0 0 0 0 0 1.8 0 0 0 0 0 0 0 0 0 0 0 0 0 
 0 0 0 0 0 14.4 0 0 0 0 0 0 0.4 0 0 15.4 0 0.8 0 0.4 0 105.60000000000001 15.200000000000001 12.8 6 9.4 47 29.8 26.6 36 7 5.4 102 64 24.6 50.6 38 16.400000000000002 8 81.60000000000001 0 2 0.4 0 0 0.4 0 0 0 0 0 0 0.2 0 0 0 0.2 0.2 0.4 0 0 0 0.6000000000000001 0 0 0 0.4 0.4 0 0 0.4 0 0 0.6000000000000001 0 0 0 0.4 0 0 0 0 0 4 0 5.6000000000000005 0 0 0 0 0 0 0 0 0 0 5.6000000000000005 2.8000000000000003 0 0 3.4000000000000004 0 8.6 0 2.4000000000000004 0 2 0 1.8 2 4.4 4.4 3.4000000000000004 7.2 2.6 4.800000000000001 8.4 1.8 4 2.4000000000000004 0.4 0 0 0 0 0 1.2000000000000002 0 0 0 0 0 0 1.8 0 0 0 0 3.4000000000000004 0.2 0 0 0 0 0 0 0 4.6000000000000005 0 0.2 0 0.6000000000000001 0 0 0 0.2 0 0 0 0.4 0.2 1.8 0 1.8 1 0 0 0 4.4 0 0 4 0 0 0 1 0 0.4 0 0 5 2.2 0 2.2 0 0 5.6000000000000005 4.6000000000000005 0 1.8 12.200000000000001 2 7.800000000000001 5.6000000000000005 0 5.4 3.4000000000000004 10.200000000000001 0.2 6.4 0 0 0 0.2 0 0 0 0 0 0 0 0 0 0 0 0 0 0 1.8 0 0 0 0 0 0 0 0 0 0 0 0 0 0 0 0 0 0 0 0 0 0 0 0 0 0 0 0 0 0 0 0 0 0 0 0 0 0 0.2 0 0.2 0.4 0 0.2 0 0 0 0 0 0 0 0 0 0 0 0 0 0 0 0 0 0 0 0 0 0 0 0 0 0 0 
 0 0 0.2 0 0.4 15.8 0 0 0 0.6000000000000001 0 0 0.6000000000000001 0 0 0 0 0 0 0.6000000000000001 105.60000000000001 0 40.6 53.2 8.6 7.800000000000001 30.6 35.6 8 42 22.6 22 27.200000000000003 10.8 28.400000000000002 7.4 20.6 25 75.60000000000001 16.2 0.6000000000000001 1.4000000000000001 0.2 0 0 0.4 0 12.4 0.4 0 0.4 0 13.600000000000001 0.2 0 0 0.2 0 13 0 0.2 0 1.2000000000000002 0 0.4 0 0.4 1.8 0.4 0 0 0 0.6000000000000001 0.6000000000000001 0 0 1.8 1 0 0 0 0 0 0 0 0 0 0 0 0 0 0 0.2 0 0 0 0 0 0 0 6.6000000000000005 0.2 10 6.2 0 0 3 0 14.8 5.4 8.200000000000001 8.8 2 10.4 3.6 2.8000000000000003 9.600000000000001 2 0 7 0 0 0 0 0 0 0 0 0 0 0 0 0 0.2 0 0 0 0 3.2 2 0 0 0 0 0 0 0 0.8 0 0 0 0 0 0 0 0.4 0 0 0.4 2 0 0 1.4000000000000001 1.2000000000000002 0 0 0 0 0 0 0.8 0 0 0 0 0.8 0 0 0 0 3 4.6000000000000005 0 5.6000000000000005 4.2 4.6000000000000005 11.600000000000001 0.2 3.2 2.2 7 0 0 2.6 1.2000000000000002 4.800000000000001 0 0 0 7 0 0 0 0 0 0 2 0.2 0 3.8000000000000003 0 0 0 0 0 0 0 0 1 0 0 0 0 0 0 0 0 0.2 0 0 0 0 0 0 0 0 0 0 0 0 0 0 0 0 0 0 0 0 0 0 0 0.2 0 0 1.6 0 0 0.2 0 0.6000000000000001 0.2 0 0 0 0 0 3.4000000000000004 0 0 0 0 0 0 0 0 0 0 0 0 0 0 0 0 0 0 0 0 0 0 0 
 0 14.8 0 0 0 0 0 0 0.2 0.4 0 0 0 0 14.600000000000001 0.4 0 0.8 0 0.4 15.200000000000001 40.6 0 60 26.8 22.6 15.8 38.400000000000006 38.800000000000004 41.800000000000004 23.400000000000002 21.8 24.6 44.6 24 27 25 16.400000000000002 19.8 9 1.2000000000000002 0 0.2 0.4 0 0.4 0 0.2 0 0.6000000000000001 0.4 5 0 0 0 1 0.8 0 0 0 0 0 1.4000000000000001 0 0 0.6000000000000001 0.4 0.4 0.8 0.2 0.4 0.6000000000000001 0.4 0.6000000000000001 0 0 0 0.4 0 0 0 0 0 0 0 0 0 0 0 0 0 0 0 0 0 0 0 0 0 0 0 6.2 2.4000000000000004 0.2 0 1.6 6.6000000000000005 4 8.4 0.6000000000000001 5.2 2.6 5 4 3.8000000000000003 5.6000000000000005 3 1.2000000000000002 0.2 3 0.4 0 7 0 0 0 0 0 0 0 0 0 4.6000000000000005 0.2 0.2 0.2 4 0 5.2 2.2 0 0 0 1.4000000000000001 0 0 4 0 0 0 0 0 0.8 0 0 0 0 0 0 1.4000000000000001 0.2 0 0 0.6000000000000001 1.8 0 0 0 0 0 0 0 0 0 0 1.8 0 0.4 0 0 0 0 2.6 0 1.2000000000000002 3 2 0 7.800000000000001 0 4.4 0 3.4000000000000004 16.2 16 2.6 4.800000000000001 9.200000000000001 0 0 2 0 0 0 0 0 0 0 0 0 0 0 0 0 0 0 0 0 2.6 0 0 2.2 0 0 0 0 0 0 0 0 0 0 0 0 0 0 0 0 0 0 0 0 0 0 0 0 0 0 0 0 0 0 0 0 0.4 0 0 0.4 0 0 4.4 1.8 0 0.2 0 0 0 0 0 0 0 0 0 0 0 0 0 0 0 0 0 0 0 0 0 2 2.8000000000000003 0 0 0 
 0 0 0 0 0 2.6 0 0 0.2 0.2 0 0 0 0.2 0.2 0.2 0 0 0 0 12.8 53.2 60 0 17.2 80.2 25.6 27.400000000000002 31.8 91.2 8.8 31.8 13.8 28.200000000000003 24 44.800000000000004 25 26.8 17.2 12.8 14 0 0.2 0 12.4 0.4 0.2 5.4 0 0 0.8 0 6.4 0 2.2 0 0.2 0 32.2 4.800000000000001 0 0 1.8 0 0 0 0.4 0.4 0.2 0 0 0 0 0.6000000000000001 0 11 0 0.4 1 0 0 0 0 0 0 0 0 0 0 0 0 0 0 0 0 0 0 0 0 0 2.6 3.8000000000000003 2.6 6.6000000000000005 1 2.4000000000000004 2.4000000000000004 0 5.4 13.8 3 2.4000000000000004 0 0 0 0 18.6 4.4 0 0.4 2.2 0 0 0 0 0 3.2 5 0 0 0 0 0 1.8 3.8000000000000003 2.2 2.8000000000000003 0 7.4 10 0 0 0.4 0 0 0 0 0 0 0 1.2000000000000002 0 0 0 0 0 0 0 0 0 0 0 0.4 3.8000000000000003 0 0 0 0 0 0 0 0 0 0 0 0 0 0 0 0 0 0 0.4 4.2 2 3.6 2.4000000000000004 0 0 1.8 4 3.6 0 0 0 2.2 1.2000000000000002 4 0 2 9.200000000000001 2.4000000000000004 0.8 0 0 0 1 3.8000000000000003 0 1.6 0 0 0.4 0 4.6000000000000005 0 0 0 6.800000000000001 1.2000000000000002 0 0 0 0 0 0 0 0 0 0 0 0 0 0 0 0 0 0 0 0 0 0 5.800000000000001 0 0 0.2 0 0 0 0 0 0 0 0 1.2000000000000002 0 0.4 8.6 0.4 0.4 3.4000000000000004 0 0 0 0 0 0 0 0 0 0.2 0 0 0 0 0 0 0 0 1.8 0 0 0 0 0 0 2.2 0 0 0 
 0 0.6000000000000001 0 0 5.2 0 0 0 0 0 0 0 0.6000000000000001 0 0.4 0.6000000000000001 0 0 0 0.6000000000000001 6 8.6 26.8 17.2 0 31.400000000000002 10.200000000000001 99.4 17 67.2 23.6 40.800000000000004 12.600000000000001 16.400000000000002 29.400000000000002 67.2 10.200000000000001 24.8 16 12.600000000000001 14.8 0.6000000000000001 0.8 0 0 1 0.2 14.4 0 12.600000000000001 0.2 0 5.800000000000001 6.6000000000000005 13 2.2 13 0 14 0.2 0 0 0.6000000000000001 0 0 0 0.4 0.4 3.2 0.4 0 0 2.2 9.600000000000001 0.6000000000000001 0 0 0 0 0 0 0 0 0 0.2 2.4000000000000004 0.2 0 0 0 0 0 0 0 0 0 0 0 0 0 0 3.6 0 2.4000000000000004 6.2 9 0 0.4 0.4 0 6 0 0 0 0 0 3.6 0 6 0 0 4 4.800000000000001 2 0 0 7.4 2.6 5.4 2.2 0.2 0 13.600000000000001 1.2000000000000002 1.6 1 2.2 0.2 1.6 0 0 0 0 0 0 0 0.4 0 0 0 0 0 0.2 0 0 0 0 0.8 0 0 0 0 0 0 0 0 0 0.4 0 0.2 1.6 0 3 2.4000000000000004 0 0 0 0 0 0 0 0 3.8000000000000003 0 6.800000000000001 2 0 0 4.6000000000000005 2 0.6000000000000001 0 0 0 0 0 6.4 2 1.8 0 1.8 3.6 0.4 2.4000000000000004 0 0 3 1.6 1 1.6 0 0 3.6 3.8000000000000003 2.2 0 0.2 1.4000000000000001 0.8 0.8 0 0 0.4 0 0 0 0 0 0 0 0 1.8 0 0 0 0 0 0 0 0 0 0 0 0 0 0 0 0 0 0 0 0 0 0 2.4000000000000004 0 0.4 1.6 15 2.6 0.8 0 0 0 0 0 0 0 0 0 2 0 0 0 0 0 0 0 0 0 0 0.8 0 0 0 0 0 0 0 0 
 0 0 0 0 0 0 0.2 0 0.4 0.4 0.4 0 0 0.4 0 0.4 0 0 0 0 9.4 7.800000000000001 22.6 80.2 31.400000000000002 0 7.800000000000001 7.6000000000000005 30.400000000000002 10.200000000000001 28.400000000000002 19.400000000000002 4.800000000000001 10.8 13 19 8 11.8 9.200000000000001 15.600000000000001 4.4 0 0.2 0 0.2 0.4 7 13.8 0 0 0 0 0.2 1.4000000000000001 0 0 0.4 0.6000000000000001 16.6 12.600000000000001 0 0 0.6000000000000001 0 0 0 0.4 1.2000000000000002 0.2 0 0 0 0 0.6000000000000001 0 1.2000000000000002 0 0.4 1 0 0 0 0.2 0 0 0 0 0 0.2 0 0 0 0.2 0 0 0 0 0 0 0 0 0 2 3.8000000000000003 4.4 2.6 0.4 2.2 2.6 0 2.8000000000000003 3.8000000000000003 0 0 0 0 0 3.6 0 3.6 3.8000000000000003 0 1.4000000000000001 0 0 0 10 13.200000000000001 1.4000000000000001 0 0 0 2.4000000000000004 7.800000000000001 10.4 4 5 0 7.6000000000000005 6.2 0 0 0.8 0 0 0 0 0 0 0 0.4 0 0 0 0 0 0 0 0 0 0 0 1.6 0 0 0 0 0 0 0 0 0 0 0 0 0 0 0 0.4 0 0 0 0.2 0.6000000000000001 3.4000000000000004 2.6 0 0 3.8000000000000003 0 3.8000000000000003 2.6 0 0 3.6 0 0 0 0 0 6.800000000000001 2.6 3.6 0 0 0 1.8 1.4000000000000001 2.2 7 0 0 3.6 0 0.2 1.6 0 6.4 4.800000000000001 6.2 0 0 0 0 0 0 0 0 0 10.4 0 0 0 0 0 0 0 0 0 0 0 0 0 0 0 0 0 0 0 0 0 0 0 0 1 0 0.8 15.8 15.8 0 0.8 0 0 0 0 0 0 0 0 0 0 0 0 0 0 0 0 0 0 0 0 0 3.2 0 0 1.8 2 0 0 0 
 0 0 0 15.4 0 29 0 0 0 0.4 0.2 37.6 0 0 0 0.6000000000000001 0 0 0 0 47 30.6 15.8 25.6 10.200000000000001 7.800000000000001 0 49.2 27.8 23 6.6000000000000005 47.800000000000004 72.2 55.2 28.200000000000003 9.600000000000001 64.8 64.60000000000001 41.2 22 0.6000000000000001 0 0.2 0 0 0.4 0.2 0.2 0 0.2 0 0 0 0 0.4 0 1.8 0 0 0 0 0 1.2000000000000002 0 0 0 0.4 0.4 0 0 1.2000000000000002 0.2 0.2 0.6000000000000001 0 0 0 1.4000000000000001 0 0 0 0 0 0 0 2 0 0 0 0 2.8000000000000003 0 0 0 0 0 0 0 0 0 2.2 0 5.800000000000001 5.6000000000000005 4 0 6.4 2 0.2 4 0.2 8 4.2 4.2 2.4000000000000004 3 1.2000000000000002 1.6 0 6.4 0 0 0 0 0 0.4 0 0 0 0 0 0 0 0 0 0 0 0 4.2 0.2 0 0 0 0 0 0 0 1.4000000000000001 0 1.8 0 0 0 0 0 0 0 0 0.4 0.6000000000000001 0 0 0 0 2.4000000000000004 0 0 0 0 2.4000000000000004 0 0 1.6 0 0 0 0 0 0 0 5.4 0 1.8 2.2 0 0 6 5 0 4.4 0 6 6.2 0 3 2.2 0 6 1.2000000000000002 7 0 0 0 0 0 0 0 0 0 0 0 2.6 0 0 0 0 0 0 0 0 0 0 0 0 0.4 0 0 0 0 0 0 0 0 0 0 0 0 0 0 0 0 0 0.4 0 0 0 15 0 0 14.8 0 0 0 0 1 0 0 15.4 0 0 0.8 0 0 0 0 0 0 0 0 0 0 0 0 0 0 0 0 0 0 0 0 0 0 0 0 0 0 0 0 0.4 
 0 0 1 0 0 15.4 0 0 0 0 0 0 0.6000000000000001 0.2 0 0 0 0 0 1.2000000000000002 29.8 35.6 38.400000000000006 27.400000000000002 99.4 7.6000000000000005 49.2 0 35.800000000000004 28.200000000000003 5.800000000000001 26.400000000000002 40.2 81.2 46.6 28.6 7.6000000000000005 37 43.400000000000006 24.400000000000002 0 0 0.4 0 0 0.4 0 0 0 0 0 0 1.4000000000000001 0 0 0 0.2 0 0 0.4 0 0 0.6000000000000001 10.200000000000001 0 0 0.4 0.6000000000000001 0 0 0 0 0 1.2000000000000002 0 0 0.8 0.8 0 0 0 0 0 0 0 0 0 0 0 0 2.6 0 0 0 0 0 0 0 0 0 0.4 4.4 3 5.2 0 2.2 7.4 0 8 13.8 5.6000000000000005 0 1.8 0.6000000000000001 2.2 2.4000000000000004 5.4 4 0 2.4000000000000004 0 0 0 0 0 0.4 0 0 0 0 0 0 0 0 0 0 0 0.4 3.2 2.8000000000000003 0 0 0 0 0 0 0 0.8 0 0 0 0 0 0 0 0 0 0 0 0.8 0 0 0 0 0 0 0 0 0 0 0 0 0 0 0 0 0 0 0 0 0.4 5.800000000000001 0 2 0 0 11 0 3.2 6.6000000000000005 0 3.6 0 0 0.2 2.2 1 6.800000000000001 3 2.8000000000000003 0 0 0 0 0 0 3 0 0 0 0 0 0 0 0 0 0 0 1.8 0.2 0 0 0 0 0.4 0 0 0 1.8 0 0 0 0 0 0 0 0 0 0 0 0 0 2.2 0 0 0 0 0 0 0 0 0 0 0.2 0.4 0 0.8 0 0.2 0.4 0.6000000000000001 0.4 0 0 0 0 2.4000000000000004 0 0 0 0 0 0 0 0 0 0 0 0 1.6 0 0 0 0 0 0 0 0 0 0.4 
 0 0 0 0 0 30.400000000000002 0 0 0 0 0.8 0 15 0.4 0 0 0 0 14.600000000000001 2 26.6 8 38.800000000000004 31.8 17 30.400000000000002 27.8 35.800000000000004 0 16.8 28 13.600000000000001 48.800000000000004 26.8 15.8 31.400000000000002 12.8 9.4 34.2 23.400000000000002 0 2 0 0 0 41.6 0 0.4 0 0 0 0 0.2 0 0 0 0.2 0 0 0 0 0 0.6000000000000001 0 0 0 0.4 1.2000000000000002 1 0 0 0 1 0.6000000000000001 0 0 0 0 0 0 0 0 0 0 0 2.8000000000000003 0 0 0 0 2.4000000000000004 0 0 0 0 0 0 0 0 0 0 4.4 5 4 0 6.2 0 4.800000000000001 6.6000000000000005 0 2.6 6.4 3 2.8000000000000003 2.4000000000000004 1.8 0 3.8000000000000003 2.4000000000000004 3.8000000000000003 4.6000000000000005 0 0 0 0 0.2 0.4 3 1.2000000000000002 0 0 0 0 0.2 3.2 0 0.2 0 4.2 9.200000000000001 0 0.4 0 0 0 1 0.6000000000000001 0 0 0 0 0 0 0 0 0 0 0 0 0 0 0 0 0 0 0 0 0 0 0 0 0 0 0 0 0 0 0 0 0 0 3 7.2 0 5 2 3.8000000000000003 5 11.8 2.4000000000000004 6.6000000000000005 1.6 2 0 7.800000000000001 0.2 5.800000000000001 0 5 0.6000000000000001 0.6000000000000001 0 0 0 0 0 0 0 0 0 0 0 0 2.8000000000000003 0 0.2 0 0 5.6000000000000005 0 0 0 0 0 0.2 0.2 0 0 0 0 0 0 0 0 0 0 0 0 0 0 0 0 0 0 0 0 0 0 0 0 0 14.600000000000001 0 1.6 1.2000000000000002 0 0.4 0.4 0 0 0 0.4 0 0 0 0.6000000000000001 0 0.2 0 0 0 0 0 0 0 0 0 0 0 0 0 0 0 0 0 1.8 0.2 0 0 0 
 0 0 0 0 5.2 14.8 0 0.2 0 0.4 0.6000000000000001 0 0 0 0.4 0.6000000000000001 0 0 0 0 36 42 41.800000000000004 91.2 67.2 10.200000000000001 23 28.200000000000003 16.8 0 39.400000000000006 70 28.400000000000002 58.2 47.2 50.2 14.4 14 47.400000000000006 13.8 0 0 0.8 0 0 0.4 0 0.2 0 0 0 0 13.8 0 0 0 0.2 0 12.4 0 1.6 0 0.6000000000000001 0 0 0 0.4 0.6000000000000001 0.6000000000000001 0 0 0 0.8 10 0 0 0 0 0 0 0 0 0 0.6000000000000001 0 0 0 0 0 0 0 0 0.4 0 0 0 0 0 0 0 4.2 2.4000000000000004 7 14.600000000000001 3.6 2.2 4.4 0 0.2 4.800000000000001 8.4 2.2 0 1.4000000000000001 0 0 6.4 3.6 0 6.800000000000001 0 0.6000000000000001 0.4 0 0 0 0 0 0 0 3.2 0 3.8000000000000003 1 0 0.2 0 0 0.6000000000000001 1.8 0 0 0 0 0 0 0 0.4 0 0 0.4 0 0 0 0 0 0 0 0 0.4 0 0 1.6 2 0 0 0 0 0 0 0 0 0 0 0.4 0.8 0 0 0.2 0 0.2 0 2.2 3.4000000000000004 9.600000000000001 0 9.200000000000001 0 2.4000000000000004 2.2 5.800000000000001 0 0.2 0.6000000000000001 0 8.8 6.4 7.2 0 1 0 0 0 0 0 0 2.6 1.4000000000000001 0 0 0 0 0 0.4 0 0 0 0 1.6 2.6 0 0 0 0 0 0 0 0 0 0 0 0 0.4 2 0 0 0 0 0 0 0 0 0 0 0 0 0 0 0 0 0 0 0 0 0.6000000000000001 0.6000000000000001 0 0.2 23.200000000000003 0.4 1.2000000000000002 0 0 0 0 11.4 0 0 0 0 0 0 0 0 0 0 0.4 0 0 2 0 4.2 0 0 0 0 0 0 0 0 
 0 0 0.6000000000000001 0 0 0.6000000000000001 0 0 0 0.4 0 0 0 0 0 0.4 0 0 0 0 7 22.6 23.400000000000002 8.8 23.6 28.400000000000002 6.6000000000000005 5.800000000000001 28 39.400000000000006 0 74.60000000000001 6.800000000000001 23.6 27.400000000000002 73 55.800000000000004 55 7.4 9.4 0 0 0 0 0 0.4 0 0.4 0 0 0 0 1.2000000000000002 0 0.2 0 0.2 0.4 0 0 0.4 0 0.6000000000000001 0 10 0 0.4 0.4 1.2000000000000002 0 0 0 0.8 0.6000000000000001 0 0 0.4 0 0 0 0 0 0 0 0 0 0 0 0 0 0 0 0 0 0 0 0 0 0 0 8.4 9.200000000000001 3.4000000000000004 0.4 0 2.8000000000000003 3.6 4.2 3 0 12.600000000000001 6.6000000000000005 0 2.2 5 1.6 8.8 4 6.800000000000001 7.4 0 0 0 0 0 0 0 0 0.6000000000000001 0 0 0 5.800000000000001 1.8 0 0 0 0 3.6 6 0 0 0 0 0 0 1 0 0 0 0 2.8000000000000003 0 0 0 0 0 0 0 0.2 0 0 0 2 1 0 0 2.8000000000000003 0 0 0 0 0 0 0 1 0 0 0 0 2.8000000000000003 6.6000000000000005 5.4 3.6 6.2 2 0.2 0 10 1.8 7.800000000000001 9.600000000000001 0 6.2 3.4000000000000004 4.6000000000000005 7 0.2 0 0 0 0 0 0 0 0 0 0 0 0 0 0 5.6000000000000005 0 0 0 0 0 7 0 0 0 0 0 0 2.6 0 0 0 0 0 0 0 0 0 0 0 0 0 0 0 0 0 0 0 0.4 0 0 0 0 0 0 0 0 0.6000000000000001 0 0.2 0.6000000000000001 0.2 0.6000000000000001 0 5.4 0 0 0 0 0 0 0 0 0 0 0 0 0 0 0 0 0 0.2 0 0 0 0 0 2 0 0 0 0 
 0.6000000000000001 0.6000000000000001 0.6000000000000001 0.8 0.6000000000000001 0.6000000000000001 1 0.6000000000000001 0.6000000000000001 0.6000000000000001 0.6000000000000001 0.6000000000000001 0.6000000000000001 0.6000000000000001 0.6000000000000001 0.6000000000000001 0.6000000000000001 0.6000000000000001 0.6000000000000001 0.6000000000000001 5.4 22 21.8 31.8 40.800000000000004 19.400000000000002 47.800000000000004 26.400000000000002 13.600000000000001 70 74.60000000000001 0 5.800000000000001 3.6 66.2 49.400000000000006 11.8 59 6.800000000000001 21.200000000000003 12.8 0 0.4 0 0 0.4 0 0 0 10.600000000000001 0.2 0 25 0 11.200000000000001 12.8 0 0.2 4.800000000000001 0 0 0 0.6000000000000001 0 0 0 0.4 0.6000000000000001 1.2000000000000002 0 0 0 1.2000000000000002 0.4 0 0 0 0 0 0 0 0 0 0 0 0 0 0.2 0 0 0 0.2 0 0 0.2 0 0 0 0 0 0 5.2 3.4000000000000004 2.4000000000000004 0.4 13 0.2 4.2 7 10 8.200000000000001 8 0 0.2 2.6 1.6 6 4 5.6000000000000005 0 2 4 0 3 0 0 4 0 4.4 1.8 0 0 8.4 6.6000000000000005 0 2.2 0 0 2.2 1.6 0 0 0 0 0 0 0.8 0 0 0 0 0 0 0 0 0 0 0 0 0.2 0 0 3.8000000000000003 0.8 0 0 0 0 0 0 0 0 0 0 0 0 0 0 0 0 0 1.6 10.200000000000001 6.6000000000000005 17.2 0.2 0.2 0.2 3.8000000000000003 0 1.6 1.8 0 0.4 0 0 6.800000000000001 2.4000000000000004 0 0 0.8 0 1.6 0 0 0 3 5.4 0.2 0.2 0 0 0 0.2 1.6 0.4 0 0 13.600000000000001 0.2 0 0 0 0 0 0 0 0 0 0.4 0 0 0 0 0 0 0 3 0 0 0 0 0.4 0 0 0 0 0 0 0 0 0 0 0 2.2 0 0 1.4000000000000001 22 0.4 0 1.2000000000000002 0 0 0 0 0 0 0 0 0 0 0 0 0 0 0 0 0 0 0 0.6000000000000001 0 0 0 0 0 0 0 0 
