 0 34 24.6 8.200000000000001 7.800000000000001 8 15.200000000000001 52.2 68.2 3.6 26.400000000000002 7.4 10 5 10 2.4000000000000004 18.8 22.400000000000002 49.800000000000004 31.200000000000003 1 0.2 0.6000000000000001 0 0.6000000000000001 0 0 0 1.2000000000000002 1 0.8 0 0 0 0 0.4 0 0 1.2000000000000002 0.4 0.6000000000000001 0.6000000000000001 0.2 0 1 0.6000000000000001 1.4000000000000001 0.4 1 0.6000000000000001 0.2 0.8 0 0.2 0.6000000000000001 0.6000000000000001 0 0 6 0.2 0.6000000000000001 0 0.6000000000000001 0 0 0.8 0 0.4 0 0.6000000000000001 0.4 1.6 0 0.6000000000000001 0.8 1 0 0.6000000000000001 0.4 0.2 2.6 1.4000000000000001 0 1.4000000000000001 0 0 20.400000000000002 1.2000000000000002 3.2 1.6 4.800000000000001 0.2 9.4 0 7 2.6 2.6 0 7.6000000000000005 0 0 0 0 0 0 0 0 0 0 0 0 0 0 0 0 0.2 0 0 0 0 0 0 0 0 2.6 0 0 0 0 0 0 0 0 0 0 0 0 0 0 0 0 0 0 0 0 0 0 0 0 0 0 0 0 0 0 0 0 0 0.2 0 10.4 0 4.4 1.6 2.2 0 9 1.8 0 2.2 0 7 0 5.4 0.2 1.4000000000000001 0 0 7 2.6 0 0 0 0 0 0 0 0 0 0 0 0 0 0 0 0 0 0 2.6 0 0 0 0 0 0 0 0 0 0 0 0 0 0 0 3 0 0 0 0 0 0 0 0 0 0 0 0 0 0 0 0 0 0 0 0 0 0 0 0 0 0 0 0 0 0 0 0 0 0 0 0.4 0.8 0 0 0 0 0 0 0 0 0 0.4 0 0 0 0 0 0 0 0 0 0 0 0 0 1.8 0 2.8000000000000003 0 0 0 0 0 0 0 0 0 0 0 2.2 
 34 0 22.6 17.8 23.8 6.6000000000000005 21.6 67.2 49 27.400000000000002 27 5.800000000000001 9 10.8 48.6 46.2 37.4 45 6.2 29.200000000000003 0 0.2 1.2000000000000002 0 1 0 14.4 0 0.2 0.4 0.2 0 15.200000000000001 1.2000000000000002 0.4 0 0 0.4 16.6 0 0.4 0.4 0 0 0.6000000000000001 0 1 0.4 0 0 0 0 0 0 0 0.6000000000000001 0 0 0 0 1 0 0 0.4 0 0.4 0.2 0 0 0.4 0.4 0 0 0.6000000000000001 0.6000000000000001 0 0.4 1.2000000000000002 0 0 0 5.4 2.6 3.2 0 0 5.4 3.2 0 3.6 3.6 0 0 0 0.8 11.600000000000001 2.2 0.2 0 0 1.6 0 0 0 0 0 7 0 0 0 0 0 3.2 0 3 0 0.4 0 0.2 2.2 0 0 0 0 0 0 0 0 0 0 0 0 0 0.8 0 0 0 0 0 0 0 0 0 0 0 0 0 0 0 0 0 0 0 0 0 0 0 0 0.6000000000000001 0 2 15 5.4 5.6000000000000005 5.800000000000001 2 0 2.6 0 7.2 3 4 0 2 4.4 2.4000000000000004 1.8 3.8000000000000003 0 0.2 4.4 0 0 0 0.2 0 0 0 0 0 0 0 0 0 0 0 0 0 7.4 2.2 2.4000000000000004 0 1.8 0.2 0 0 0 0 0 0 0 0 0 0.2 0 0 0.4 1 0 0.2 0 0 0 0 0 0 0 0 0 0 0 0 2.2 0 0 0 0 0 0 0 0 1.8 0 0 0 0.4 0 0 0 0 0.4 4.800000000000001 2.2 0 0 0 0 0 0 0 0 0 1.2000000000000002 0 0 0 0 0 0 0 0 0 0 0 0 3.6 1.6 3.8000000000000003 0 0 0 0 0 0 0 0 0 0 0 0.4 
 24.6 22.6 0 101.2 7.6000000000000005 6.4 87.60000000000001 57.2 35.6 40.400000000000006 7.6000000000000005 7.800000000000001 99.2 40.400000000000006 52.6 50.2 55.800000000000004 89.4 31.400000000000002 8.6 0.4 0 1 0 0.8 0 0 0 0.2 0.4 0 0 0 0 0 9 0.2 0 0.6000000000000001 0.2 0.2 1 0 0 0.6000000000000001 0 1 0.4 0.6000000000000001 0 0 0 0 0 6 0 0 0 0 0 0.4 0 0 0 0 0.6000000000000001 0 0 0 0 0 0 0 0.6000000000000001 0.6000000000000001 0 0 0.4 0 0 9.8 7.6000000000000005 2.6 4.6000000000000005 3 1.4000000000000001 5 7.6000000000000005 10.4 13.600000000000001 2 1.6 0 9.4 1.8 5 6.6000000000000005 14.600000000000001 2.6 9.4 0 0 0 0 0 0 0 0 0 0 0.4 0 3.8000000000000003 0 0 0 0 0 3 0 0.4 0 0 0 0 0 0 0 0 0 0 0 1.2000000000000002 0 0.2 0 0 0 0 0 0 0 0 0 0.2 0 0 0 4.6000000000000005 0 0 0 0 0 0 0 0 0 0 0 4.4 0 4.800000000000001 0 0 3.6 10 0 4 0 0 5.6000000000000005 2.6 0 2.4000000000000004 0.2 12.600000000000001 0 0 7.800000000000001 0 0 0 0 0 0 0.4 0 3.6 0 0 0 1 2.4000000000000004 0 0 0 0 0.2 0.2 0 0 0 0 0 0 0 0 0 0 0 0 0 0 3.8000000000000003 0 0 0 0 0 0 0 0 0 0 0 0 0 0 0 0 0 0 0 0 0 0 0 0 0.2 0 0 0 0 0 0 1 0 0 1.4000000000000001 0.2 1.8 5 0 0 0 0 0 0 0 0 0 0 0 0 0 0 0 0 0 0 0 0 0 0 2.6 0 0 0 0 0 0 0 0 0 0 0 0 0 0 
 8.200000000000001 17.8 101.2 0 18.400000000000002 51 34.2 15.4 17 23.6 9.8 16.6 14.4 75.8 36.800000000000004 22 58.400000000000006 63.400000000000006 14.600000000000001 9.8 17.2 0 0.6000000000000001 0 0.6000000000000001 0 16.400000000000002 0 0.2 0.8 0 0.2 0 0.2 0 0 0 0 0.6000000000000001 14.600000000000001 0.2 0 0 0 0.6000000000000001 0 13.4 0.4 0 0 0 0 0 0 0 1 0 0 0 0 0 0 0 0 0 0.4 0 0 0 0.2 6 0 0 0.6000000000000001 0.6000000000000001 0 0 0.4 0 0 0 2.4000000000000004 0 4.4 0 3.6 7 0 0 2.2 1.8 2 0.4 6.4 1.4000000000000001 2.8000000000000003 2.8000000000000003 5.6000000000000005 0 0 2.8000000000000003 2.4000000000000004 0 0 0 0 0.2 2.6 0 0 4.800000000000001 0 0.2 0 1 3 3 0 2 0 0 0 0 0 0 0.4 0 0 0 0 0 0 2.8000000000000003 0.4 0 0 0 0 0 0 0 0 0.8 0 0 0 0 0 0.8 0 0 0 0 0.4 0 0 0 0.4 0 1.6 2 2.2 0.2 0 0.6000000000000001 0 0 0 6.2 0 0 0 0 0 2.4000000000000004 1.2000000000000002 1.6 5.2 0 2.8000000000000003 9.200000000000001 0 0.2 0 0 0 3.8000000000000003 0 2 0 1.6 0 2 2.8000000000000003 0.2 0 0 1.8 4.2 0 0 0 0 0 0.2 0 0.2 0 0 0 0 0 0 0 0.2 0 0 0 0 0 0 0 0 0 0 0 0 0 0 0 0 0 0 0 0 0 0 0 0 0 0 0 0 0 0 0.6000000000000001 17.400000000000002 0.4 0.8 6.2 2.2 0 0 0 0.4 0 0 0 0 0 0 0 0 0 0 0 0 0.2 0 0 0 0 0 0 0 3 5.6000000000000005 0 0 0 0 0 0 0 0 0.4 0 0 0 0 
 7.800000000000001 23.8 7.6000000000000005 18.400000000000002 0 34 13.200000000000001 19.8 78.80000000000001 18.400000000000002 35.2 90 62.2 26.6 16.400000000000002 16.8 14.200000000000001 12.200000000000001 10.200000000000001 55.800000000000004 0.2 0 0.6000000000000001 0.2 0.6000000000000001 0 31.200000000000003 7.2 7.6000000000000005 15.200000000000001 0.2 0 22.8 30 35 0 15.200000000000001 17.2 0.6000000000000001 0.4 0.2 0 0 0 0.6000000000000001 0 0.6000000000000001 0.4 0 0 0 0 0.2 11.600000000000001 0 0 0 0 0 0 0 0 0 0 0 0.4 0 0 0 0.2 0 0 0 0.6000000000000001 0.6000000000000001 0.8 0 0.4 0 0 0 0 0 0 0.2 7.4 0 0 1.8 0 3.4000000000000004 2.8000000000000003 0.2 0 0 0 2.8000000000000003 0 0 0 15.200000000000001 0 3 3 0 0 2.8000000000000003 4.6000000000000005 0 0 0 0.2 2.4000000000000004 3.4000000000000004 2.6 0 0 0 3.6 6.800000000000001 0 0 0 0 0 0.4 0 0 0 0 0.4 0 0 0 0 0 0 0 0.2 0 0 0 0.2 0 0 0 0 0 0.4 0 0 0 0 0 0.4 0.8 0 0 0 0 0 0 0 1.8 0 0 0 1.6 1.8 1 0.2 3.2 0 0 0 0 0 1.6 0 0 0.2 4.4 2.8000000000000003 0 0 0 3 3.4000000000000004 0 0.2 0 0 3.4000000000000004 0 2.6 4.2 0 0 2.2 6 0 0 0 0 0.2 0 0 0 0 0 0 0.2 0 0 0 0 0 0 0 0 0 0 0 2.2 0 0 0 0.4 0 0 0 0 0 0 0 0 0 0 0 0 0 0 9 0 0 0.6000000000000001 0.2 0 1.2000000000000002 0.4 0.4 2.8000000000000003 0 0 0 0 0 0 0 0 14.8 0 0 0 0 0 0 0 0 0 0 0 0 0 0 0 0 0 0 0 0 2 0 0 0 0.8 0 0 0 0 
 8 6.6000000000000005 6.4 51 34 0 14.4 10.4 9.200000000000001 11.600000000000001 54.400000000000006 11.4 18.8 6.800000000000001 11.8 16.2 13 35.4 26.400000000000002 7.800000000000001 0.4 15.200000000000001 16.6 0 0.6000000000000001 0 16.6 15.200000000000001 0.2 5.2 15.600000000000001 0.6000000000000001 14.600000000000001 22.200000000000003 0.2 0 14.8 16 15.4 30.6 0.4 0 0.2 0.2 0.6000000000000001 0 0.8 1 0 0 1 0 0 0 0.6000000000000001 0 2.4000000000000004 1.8 0 0 0 0.6000000000000001 0 0 0.4 0.6000000000000001 0 0 0 6.6000000000000005 7 0 0 0.6000000000000001 1.2000000000000002 2 0 0.6000000000000001 0 0 0 0.2 2 1.4000000000000001 5 8 0.2 0 2 0.8 2.2 4.6000000000000005 0 0 0 3.2 2.6 0 0 0 5.6000000000000005 0 0 7.4 0.4 0 0 2.8000000000000003 0 0.4 9.4 0 5.4 5 3.4000000000000004 1.4000000000000001 6.4 0 0 4.800000000000001 0 0 0 0 0 0 0 0 0.4 0 0 0 0.2 0 0 0 0 0 0 0 0 0 0 0 0 0 0 0 0 0 0 0 0 0 0 0 0 0 0 0 0 4.4 0.2 2 1.2000000000000002 5.4 0 1.6 4.4 0.2 3.8000000000000003 3 0 0 0 1.4000000000000001 0 1.6 0 0 0 0.6000000000000001 2.4000000000000004 0 0 0 3.6 5 5.4 0 0 0.6000000000000001 6.800000000000001 2 3.8000000000000003 0.2 0.8 0 6.800000000000001 3.6 0 0 0 0 0 0 0 0 0 0 0 0 0 0 0 0 0 0 0 0 0 0 0 0 0 0 0 3 0 0 0 0 0 0 0 0 0 0 0 0 0 0 0 0 0 1.2000000000000002 1 0 0 0.8 0 2.6 1.2000000000000002 0 0 0 0 0 0.4 0 3.2 0 11.4 0 0 0 0 0 0 0 0 0 0 0 0 0.2 0 0 0 3.4000000000000004 0 0 0 0 4.800000000000001 1.4000000000000001 0 0 0 0 
 15.200000000000001 21.6 87.60000000000001 34.2 13.200000000000001 14.4 0 51 12.4 70.8 25.8 9 46.6 40.400000000000006 38.800000000000004 60 22.200000000000003 55.400000000000006 15.4 51.800000000000004 0.2 0 16 0 0.6000000000000001 0 0 0 0 0.4 0 0 0 0 0 0 0 0 0.6000000000000001 0 0 0.4 0 0 0.6000000000000001 0 1 0.6000000000000001 0 0 0 0 0 0 2 0 0 0 0 0 0.4 0 0 0.4 0 0.6000000000000001 0 0 0 0 0 0 0 0.6000000000000001 0.6000000000000001 0 0 0.4 0 0 5.6000000000000005 7.4 2.2 3 3.8000000000000003 0.8 2.8000000000000003 3.6 7.800000000000001 2.2 0 9.4 0 9.200000000000001 4.6000000000000005 2 1.6 5.2 3.2 4.6000000000000005 0 0 0 0 0 5 0 0 0 0 0 0 0 0 0.4 0 0.2 0 1.6 0 0 0.2 0.4 0 0 0 0 0 0 0 0 0 1.6 0 0 0 0 0 0 0 0 0 0 0 0 0 0 0 0 0 0 0 0 0 0 0 0 2.6 0 0 1.6 0 9.4 0 0.4 0.4 2.2 0 2.8000000000000003 0 0 1.8 0.4 0.4 2 0 15.200000000000001 0 0.4 6 0 0 0 0 0 0 0 0 0 0 0 0 0 0 0 0 0 0 0 0 0 0 0 0 0 0 0 0 0 0 0 0 0 0.4 0 0 0 0 0 0 0 0 0 0 0 0 0 2 0 0 0 0 0 0 0 0 0 0 0.2 0 0 0 0 0 0 0.4 0 0 0.4 18.400000000000002 0.4 3 2 0 0 0 0 0 0 0 0 0 0 0 0 0 0 0 0 0 0 0 0 0 0 4 0 0 0 0 0 0 0 0 0 0 0 0 0 0 
 52.2 67.2 57.2 15.4 19.8 10.4 51 0 83 25 64.8 50.800000000000004 48 35.2 75 25.8 69.60000000000001 46 49.6 27.200000000000003 0.6000000000000001 0 0.8 0 1 0.4 21.8 0 0 0.4 0 0 0 0.2 0 0 0 0 0.6000000000000001 0 0 0 0 0 0.6000000000000001 0 1 0.6000000000000001 0 0 0 0 0 0 0 0 0 0 0 0 9 0 0 0.6000000000000001 9.8 0.6000000000000001 0 0 0 0 0 0 0 0.6000000000000001 0.6000000000000001 0 0 0.4 0 0 2.4000000000000004 0 0 1.6 2.6 0 0.2 6.800000000000001 2.2 6.2 2.6 0.2 2 7.2 0 3.6 2.6 3.6 1.4000000000000001 4 0 0 0 0 0 0.2 1.8 0 0 0 0 0 0 0 0 0 0 0 0.2 0 0 0 0 0 0 0 0 0 0 0 0 0 0 0 0 0 0 0 0 0 0 0 0 0 1.8 0 0 0 0.4 0 0 0 0 0 0 0 0 0 2.2 0.2 0.2 1.8 2 5.6000000000000005 1.8 0 0 8.4 0 0 2.2 0 4.800000000000001 6.4 10.200000000000001 0 7.800000000000001 6 5.2 0 1.8 0 0 0 0 0 0.2 0 0 0 0 0 0 0 0 0 0 0 0 0.4 0 0 0 0 0 0 0 0 0 0 0.2 0 0 0 0 0.4 0 0 0 0 0 0 0 0 0 0 0 0 0 0 0 0 2.2 0 0 0 0 0 0 0 0 1.8 0 0 0 0.4 0 0.4 0.2 10.4 0 2.2 2 0 0.4 0 0 0 0.4 0 0 0 1.2000000000000002 0 0 0 0 0 0 0 0 0 0 0 0 0 0 0.2 0 0 0 0 0 0 0 0 0 0 0 0 
 68.2 49 35.6 17 78.80000000000001 9.200000000000001 12.4 83 0 37.6 14.4 8.4 23.6 65.60000000000001 64.8 108.80000000000001 44.400000000000006 31.8 19.400000000000002 14 0.2 0 0.6000000000000001 0 0.6000000000000001 0 0 0 0.2 0.4 0 0 0 0 0 0 0 0 0.6000000000000001 0 0.2 0 0 0 0.6000000000000001 0 1 0.4 0.6000000000000001 0 0 0 0 0 0 0.6000000000000001 0 0 0 0 0.8 7 0 0 0 0.4 0 0 0 0.2 0 0 0 0.6000000000000001 0.6000000000000001 0 0 0.4 6.800000000000001 0 4 2.2 0 0 0 0 0 1.6 3.4000000000000004 5.4 4.4 0 2.6 8 0.4 1.8 6 9 5.2 4.2 0 0 0 0 0 0 3.6 0 0 0 0 0 0 0 0 0 0.4 0 0 2.6 0 0 0 0 0 0 0 0 0 0 0 0 0.2 0 0 0 0 0 0 0 0 0 0 0 0 0 0 0 0 0 0 0 0 0 0 0 0 0.4 0 0 2.8000000000000003 2 4 2.6 2.2 0 0 4.2 0 2 3 1.2000000000000002 4.4 9.4 2.8000000000000003 0 6.4 5.800000000000001 0 0.2 1.4000000000000001 0 0 0 0 0 0 0 0 0 0 0 0 0 5.2 0 0 0 2 2.4000000000000004 0 0 0 0 0 0 0 0 0 0 0 0 0 0 0 0 0.4 0 0 0 0 0 0 0 0 1.8 0 0 0 0 0 0 1 0 0 0 0.2 0 0 0 0 0.4 0 0 0 0 0.4 0 0.4 0.8 0 0.4 2.2 0 0 0 0 0 0 0 0 0 1 0 0 0 0 0 0 0 0 0 0 0 0 0 0 0 0 0 0 0 0 0 0 0 0 0 0 0 
 3.6 27.400000000000002 40.400000000000006 23.6 18.400000000000002 11.600000000000001 70.8 25 37.6 0 67.4 24.200000000000003 72.8 35.6 41.2 18.2 48.6 51.6 18.8 58 15 5.4 0.6000000000000001 0 45.6 1.6 16.400000000000002 0 0.4 0.4 0 0 19 0 16.6 0 0 0 18.400000000000002 31.8 0.4 0 4.4 0 0.6000000000000001 0 0.8 0.4 0 0 1.2000000000000002 0 0 12 0.4 0 0 0 0 0 0 0 0 0 0 0.4 0 0 0 0.6000000000000001 0 0 0 0.6000000000000001 0.6000000000000001 0 0.2 0.6000000000000001 0 0 2 0 2.4000000000000004 0 3.4000000000000004 1.8 0 0 2.6 7.4 0 7 0 3.2 0 1.8 0 4.2 0 0 2.8000000000000003 2.8000000000000003 0 0 0 0 5.2 0 0 0 2.8000000000000003 0 5 9.600000000000001 2.6 0 3.2 0 2.2 2.8000000000000003 0 0 0 0 0 0 0 0 0 0 0 0 0 0 0 0 0 0 0 0 0 0 1.2000000000000002 0 0 0 0 0 1.4000000000000001 0 0 0 0 0 0 0 0 0 0.2 0 0.4 0.4 0 3.8000000000000003 5 1.6 0 6.2 2.6 2.6 1 1.8 0 0 0 0.4 2.2 0 0 0 5.4 0 0 0 0 0.4 4 2 4.800000000000001 4.4 0 0 5.800000000000001 4.800000000000001 3.6 0 0 0 2.8000000000000003 9.600000000000001 0 3.6 0 0 0 0 0 0 0.4 0 0 0 0 0 0 0 0 0 0 0 4.800000000000001 0 0 0 0 0.4 0.4 0 0 0 0 0 0 0 0 0 0 0 0 0 0 0 0 0 0 8.4 17.400000000000002 0 18.8 9 0 0.4 2.4000000000000004 0 0 0 0 0 0 0 0 0 0 0 0 0 0 0 0 0 0 0 0 0 0 0 0 0 0 0 0 0 0 0 0 0 0 0 0 0 
 26.400000000000002 27 7.6000000000000005 9.8 35.2 54.400000000000006 25.8 64.8 14.4 67.4 0 56.800000000000004 25.400000000000002 67 31 22.400000000000002 62 26.400000000000002 4.800000000000001 55.6 0.6000000000000001 0.4 1.2000000000000002 14.600000000000001 0.6000000000000001 0 15 0.4 0.6000000000000001 1.2000000000000002 0 1 0.2 0 12.600000000000001 0.2 0.2 0 0.8 18.2 0.2 0 1.8 0 0.6000000000000001 0 1.2000000000000002 0.4 0 0 1 0 0 0 0 0 0 0 0 0.2 0 0 1.2000000000000002 0 0 0.4 0 0 0 0.2 0 0 0 0.6000000000000001 0.6000000000000001 0.4 0 0.4 0 0 2 3.8000000000000003 0.4 0.8 11 0 3.6 0 1.6 5.4 2.8000000000000003 4.6000000000000005 0 3 0 6.800000000000001 0 3.4000000000000004 0 0 0.6000000000000001 3.2 0 0 0 0 5.2 0 0 0 11.200000000000001 0 2.4000000000000004 5.800000000000001 0 0 0 0 2.8000000000000003 2.8000000000000003 0.2 0 0 0 0 0 0 0 0 0 0 0 0 0 0.4 0 0 0 0 0 0 0 0 5.4 0.4 0 0 0 0 0 0 0 0 0 0 0 0 3.2 0 0 0 4.6000000000000005 8.4 10.4 10.200000000000001 1 0 14 3.4000000000000004 3.6 0.2 0.8 0 0 0 0.8 2.8000000000000003 2 0 0 3.8000000000000003 3.2 0 0 0 0 3.2 2.4000000000000004 2.4000000000000004 0.4 2.4000000000000004 0 13.200000000000001 1.8 5 3.4000000000000004 0 0 5.6000000000000005 0.6000000000000001 0.2 0 0 0 0 0 0 0 0 0 0 0 0 0 0 0 0 0 0 0 0 0 0 0 0.2 0 0 0 0 0 0 0 0 0 0 0 0 0 0 0.4 0 0 0 0 0 0.4 1.2000000000000002 0 10.4 1.2000000000000002 0 1.6 0 0 0 0 0 0.4 0 0 0 0 0 0 0 0 0.2 0 0 0 0 0 0 0.2 0.4 4.2 0 0 0 0 0 0 0 0 0 0 0 0 0 0 
 7.4 5.800000000000001 7.800000000000001 16.6 90 11.4 9 50.800000000000004 8.4 24.200000000000003 56.800000000000004 0 6.4 13.8 97.60000000000001 71.60000000000001 49.6 76.2 15.600000000000001 46.6 0.2 14.8 1.8 0.2 1.2000000000000002 0 16 5 0.4 0.4 0 0.4 15 31.400000000000002 0 0 0 0.4 0.6000000000000001 15 0.6000000000000001 0 2.6 0 0.6000000000000001 0 1.8 0.8 0 0 0.6000000000000001 0 0 0 0 0.4 0.4 0 0 0 0.4 0 0.4 0 0 0.4 0 0.4 0 0.6000000000000001 0 0.4 0 1.2000000000000002 0.6000000000000001 0.6000000000000001 0 0.6000000000000001 0.6000000000000001 0 4.800000000000001 0 2 5.2 2.4000000000000004 2.2 0 0 0 0 2.6 0 0 0 0 3.2 0 0 0 0 8.6 3 0 0 0 0 2.2 14.600000000000001 0 2 0 0 4 6.4 2.4000000000000004 2 1.8 0 4.4 3.6 0 0 0 0 0 0 0 0 0 0 0 0 0 0 0 0 0.2 0 0 0 0 0.4 0 0 0 0 0 0 0 0.2 0 0 0 0 0 0 0 0 0 0 0 5.4 0 0 6.2 6.2 0 2.6 6.6000000000000005 0.8 2.8000000000000003 0 0.4 0 6.6000000000000005 4.4 1.4000000000000001 2.6 0 0 8.4 0 0.2 3.2 0 0 9.4 3.8000000000000003 2.8000000000000003 0 0 2.6 3.6 5.6000000000000005 0 0 0 1.8 8.6 0 0 0 0 0 0 0 0 0 0 0 0 0 0 0 0 0 0 0 0 0 0 4.2 0 6.2 0 0 0 0 0 0 0 0 0 0 0.4 0 0 0 0 0 0 0 0 0 0 1 0.4 0.4 0.4 17.6 2.4000000000000004 1.8 0 0.4 0 0 0 0 0 0 0.8 0 0 0 0 0.4 0 0 0 0 0 0 0 0 0 0 2.8000000000000003 0 0 0 0 0 0 0 0 0 0 0 0 0 
 10 9 99.2 14.4 62.2 18.8 46.6 48 23.6 72.8 25.400000000000002 6.4 0 92.60000000000001 33.4 7 35.800000000000004 6.6000000000000005 18.8 34.4 40.400000000000006 0 0.6000000000000001 0 0.6000000000000001 0 0 0.4 0.2 0.8 0 0.4 0 0 0 0 0.6000000000000001 0.2 1.2000000000000002 0 0.4 0 0 0.4 0.6000000000000001 0 1.2000000000000002 0.4 0 0 0.6000000000000001 0 0.6000000000000001 0 0.6000000000000001 0 0 0 2 0 0.4 0 0 0 0 0.4 0 0 0 0.4 0 8.200000000000001 0 0.6000000000000001 0.6000000000000001 0 0 0.6000000000000001 1 0 0.4 3.8000000000000003 2.2 3.6 0.8 0 1.8 0.2 0 2.2 5 5.800000000000001 0.2 5.6000000000000005 3.2 3.2 3.6 2.8000000000000003 6.2 0.2 0 0 0 0 0 0 0 0.2 0 0 0 0 0 0 0 0 0 0 0 0 0 0 0 0 0 0 0 0 0 0 0 0.4 0 0 0 0 0 0 0 0 0 0 0 1.6 0 0 0 0 0 0 0 0 0 0 0 0 0 0 0 0 4.800000000000001 0 3.6 0 0 0 2.8000000000000003 5.4 0 7.4 0 0 8 0 0 1.2000000000000002 1.2000000000000002 1.2000000000000002 5.6000000000000005 3.2 0 0 0 0 0 0 0 0 0 0 0 0 0 0 0 0 0 0 0 0.2 0 0 0.2 2 0 0 0 0 0 0 0 0 2.4000000000000004 0 0 0 0 0 0 0 0 0 0 0 0 0 0 0 0 0.4 0 0 0 0 0 0 0 0 0 0.2 0 0 0 0 0 0.6000000000000001 0 0 0.4 18.2 0 0.8 0 0 0 0 0 0 0.2 0 0 0 0.4 0 0 0 0 0 0 0 0 0 0 0 0 2 0 0 0 0 0 0 0 0 0 0 0 0 0 0 
 5 10.8 40.400000000000006 75.8 26.6 6.800000000000001 40.400000000000006 35.2 65.60000000000001 35.6 67 13.8 92.60000000000001 0 119.2 97 44.800000000000004 23.400000000000002 16.2 18.8 0.2 0 0.6000000000000001 0 0.6000000000000001 1.2000000000000002 0 0 0.2 0.4 0.4 0 0.4 0 0 0.2 0 0 0.6000000000000001 0 0 0 0 0 0.6000000000000001 0 1 0.4 0.4 0 0 12.4 0 0 0 0 0 0 0.4 0 1 0 0 0.4 0 7.4 0 0 0 0 0 0 0 3.4000000000000004 0.6000000000000001 0 0 0.4 0 0 3.4000000000000004 18.400000000000002 0 2.4000000000000004 0 0 2.6 0 0 0 1.6 3.6 0.2 8.6 2.8000000000000003 1.8 3.6 3.6 2.8000000000000003 0 0 0 0 0 0 0 2.6 0 0 0 0 0 0 0 0 0 0 0 0 0 0 0 0 1.2000000000000002 0 0 0 0 0 0 0 0 0 0 0 0.2 0 0 0 0 0 0 0 0 0 0 0 0 0 0 0 0 0 0 0 0 0 1.6 0 0 5.2 0 5.4 0 0 0 2.8000000000000003 2.8000000000000003 0 1.4000000000000001 0 0 4.6000000000000005 0 5.4 2.2 18.400000000000002 2.6 2.6 6.4 0 0 0 0 0 0 0 0 0 0 0 0 0 0 0 0 0 1.2000000000000002 0 0 0 0 0 0 0 0 0 0 0 0 0 0 0 0 0 0 0 0 0 0 0 0 0 0 0 0 11 0 0 0 0 0 0 0 0 0 0 0 0 0 0 0 0 0 0 0 0 0 0.2 18.2 0 1.8 2.2 0 0 0 0 0 0 0 0 0 0 0 0 0 0 0 0 0 0 0 0 0 0 0.6000000000000001 0 0 0 0 0 0 0 0 0 0 0 0 0 0 
 10 48.6 52.6 36.800000000000004 16.400000000000002 11.8 38.800000000000004 75 64.8 41.2 31 97.60000000000001 33.4 119.2 0 70.2 12 28.6 15.4 91.2 0.8 0 0.6000000000000001 0 1 0.4 0 0 2 0.8 0 0 2 0.4 0 41.2 0.6000000000000001 0 1.2000000000000002 6.6000000000000005 1.2000000000000002 0 0 0 1.2000000000000002 0 1.6 0.4 0 0.8 0 1 0 0 0 0 1.2000000000000002 0.8 0 0 1 0.8 0 0 0.6000000000000001 0.4 0 0 0 0.2 0.4 0 0 0.6000000000000001 0.6000000000000001 0.6000000000000001 0.4 0.8 0 0 3 0 1.8 0.2 4 2.8000000000000003 0.4 0.4 0 2.4000000000000004 3 5.800000000000001 0.4 7.2 2 3.2 4 5.6000000000000005 0 4 0 0.2 0 0 0 0 0 0 0 0 0 0 0 0 0 0 0 0 0.2 0 0 0 0 1.4000000000000001 0 0.4 0 0 0 0 0 0 0 0.4 0 0 0 0 0 0 0 0 0 0 0 0 0 0 0 0 0 0 0.4 1.2000000000000002 0 0 4.4 0.4 0 0 1.8 1.6 4.2 0 1.8 0 0 7.4 2.8000000000000003 0.8 6.2 0.2 3.2 1.4000000000000001 8.8 4.4 6.6000000000000005 3.4000000000000004 0 3.8000000000000003 4.2 0 0.4 0 0 0 0 0 3.6 0 0 0 0.2 0 0.4 0 0 0 3.4000000000000004 4.4 6.2 0 0 0 0 0 0.2 0 0 0 0 0 0 0 0.2 0 0 0 0 0 0 0 0 0 0 0 0 0 0.2 0 0 0 1.8 0 0 0 0 0 0 0 0 1.8 0 0 0 0 0.4 0 0.4 19.200000000000003 2.8000000000000003 0 2 0 0 0 0 0 0 0 0 0 1.8 0 0 0 0 0 0 0 0 0 0 0 0 2.2 6.800000000000001 0 0 0 0 0 0 0 0 0.4 0 0 0 0 
 2.4000000000000004 46.2 50.2 22 16.8 16.2 60 25.8 108.80000000000001 18.2 22.400000000000002 71.60000000000001 7 97 70.2 0 35.2 10.4 10 53.800000000000004 0.2 0 0.6000000000000001 0 0.6000000000000001 0 0 0 0.4 0.4 0 0 0 0 0 0 0 0 0.6000000000000001 0 0.8 5.4 0 0 0.6000000000000001 0 1.6 0.4 0 0 0 0 0 0 1.4000000000000001 0 0 5 0 0 1.2000000000000002 0 0 0 0 0.4 0 0 0 0.6000000000000001 0 0 0 0.6000000000000001 0.6000000000000001 0 0 0.6000000000000001 0.4 0 16.2 2.6 0 1.8 2 0 0 0.2 0.4 0.8 0.4 0 0 3.6 2.2 2.8000000000000003 8.4 9.4 0.2 1.2000000000000002 0 0 0 0.2 0 0 2 0.4 0 0.2 0 0 0 0 0 0 0 0 3.6 3 0 0 0 0 0 0 0 0 0.4 0 0 0 2.4000000000000004 0 0 0 0 0 0 0 0 0 0 0 0 0 0 0 0 0 0 0 3.4000000000000004 0 0 0 0 1.8 0 0 0 3.6 0.6000000000000001 0.2 0 2.8000000000000003 0.2 0.2 6.6000000000000005 0.2 0 7.2 0 0 4.4 2.2 6.800000000000001 7 0 16.400000000000002 2.8000000000000003 0 0 0 0 0 0 0 0.2 0 0 0 0.2 0 0 0 0 0 4.800000000000001 2.8000000000000003 0 0 0.4 0 0 0 0 0 0 0 0 0 0 0 0 0 0 0 0 0 0 0 0 0 0 0 0 0 0 0.2 0 0 0 0 0 0 0.4 0 0 0 0 0 0 0 0 0 0.6000000000000001 0 0 0.2 2 1.6 1.2000000000000002 0 0 0 0 0 0 0 0 0 0 0 0 0 0 0 0 0 0 0 0 0 0 2.2 0 0 0 0 0 0 0 0 0 0 0 0 0 3.6 
 18.8 37.4 55.800000000000004 58.400000000000006 14.200000000000001 13 22.200000000000003 69.60000000000001 44.400000000000006 48.6 62 49.6 35.800000000000004 44.800000000000004 12 35.2 0 15.600000000000001 8 23.400000000000002 0.2 0 0.6000000000000001 0 0.6000000000000001 0.2 0 0 0.4 0.4 0 0.4 7 0 0 0 0 0.6000000000000001 7.6000000000000005 0 1.2000000000000002 0 0 0 0.6000000000000001 0 1.4000000000000001 0.4 0 0.4 0 0.4 0 0 0 0 0.6000000000000001 0.2 0 0.6000000000000001 0 0.4 0.2 0 0.4 0.4 0 0 0 0.6000000000000001 0 0 0 0.6000000000000001 0.6000000000000001 10.4 0 0.6000000000000001 0 0 0 13.4 2.6 4.800000000000001 7 0 11.4 0.4 0 0 4.6000000000000005 2 0.2 7.2 1.4000000000000001 11.8 2.8000000000000003 5 0 0 0 0.2 0 0 0 0 3.8000000000000003 0 0 0.2 0 0 2.8000000000000003 1.8 2.2 0 0 0 2.4000000000000004 0 0 0 0 0 0 0 0 0 0.2 0 0 0.4 0 0 0 0 0 0 0 0 0 0 0 0 0 0 0 0 0 0 0 0 0 0 0 0 0 0 0.8 0 6.4 0.4 7.800000000000001 6.4 2.8000000000000003 2.2 0 0 0 7.2 2.8000000000000003 2 3.4000000000000004 0 1.8 5.4 0.6000000000000001 1 0 2.8000000000000003 0 0 0 0 0 0 0.2 0 0 0 0 0 0 0 0 0 0 0 2.8000000000000003 0 2.8000000000000003 0 0 0 0 0 0 0 0 0 0 0 0 0 0 0 0 0 0 0 0 0 0 0 0 0 0 0 0 0 0 0 2.4000000000000004 0 0 0 0.2 0 0 0 0 2 0 0 0 0.4 0.4 0.2 0.2 17.6 0 1.2000000000000002 0.4 0 0 0 0 0 0 0.4 8 0 2.8000000000000003 0 0 0 0 0 0 0 0 0 0 0 0 6.4 1.6 4.2 0 0 0 0 0 0 0 0 0 0 0 0 
 22.400000000000002 45 89.4 63.400000000000006 12.200000000000001 35.4 55.400000000000006 46 31.8 51.6 26.400000000000002 76.2 6.6000000000000005 23.400000000000002 28.6 10.4 15.600000000000001 0 51.2 6.4 0 0.2 0.6000000000000001 0.4 1 0 0 0.2 0.4 9 0 0.2 0 0 0 0 0 0.6000000000000001 0.6000000000000001 0 0 0 0 0 0.6000000000000001 0.2 0.6000000000000001 0.6000000000000001 6.2 0 0 0 0 0 0 0 0 0 12.600000000000001 0 1.4000000000000001 0 0 2.4000000000000004 0 0.6000000000000001 0.4 0.2 0 0 0 0 1 0.6000000000000001 1.6 0 0 0.4 0.8 0.2 0.4 0 2 9.600000000000001 7.4 0 0 2 0 1.2000000000000002 3.8000000000000003 0 0 0 2.4000000000000004 12.8 3.8000000000000003 6 0 0 0 0 0 0 0.2 0 0 0 0 0 0 0 0 0 0 0 0 0 3 0 0 0 0 0 0 0 0 2.4000000000000004 0 0.2 0 0 1.4000000000000001 0 0 0 0 0 0 0 0 0.4 0.4 0 0 0 0.2 0 0 0.2 0 0 0 0 0 0 0 0 0 0 0.6000000000000001 9 0.4 2.6 0.4 5.2 0 3.2 3 0.2 0 4.2 0 9 3.4000000000000004 6.6000000000000005 15.4 4.800000000000001 0 6.2 3 0 0 0 0 0 0.8 0 0 0 0 0 2.6 0.8 0 0.4 0 0 8.4 1.8 0 0 0 0.2 0 0 0 0 0 0 0 0 0 0 0 0 0 0 0.4 0 0 0 0.4 0 0 0 0 0 0 0 0 0 3.2 0 0 0 0 0 0 0 0 0 0 0 0 0 0.8 0.8 0.2 0.4 8 2 0.6000000000000001 0 0 0 0 0 0 0 0 0 0 0 0 0 0 0 0 0 0 0 1 0 0 2 0 0 0 0 0 0 0 0 0 0 0 0 0 0 
 49.800000000000004 6.2 31.400000000000002 14.600000000000001 10.200000000000001 26.400000000000002 15.4 49.6 19.400000000000002 18.8 4.800000000000001 15.600000000000001 18.8 16.2 15.4 10 8 51.2 0 21.200000000000003 0.2 0 0.6000000000000001 0.2 0.6000000000000001 0 0.2 0 0.2 0.4 0 0 0.2 0 0 0 0 0 0.6000000000000001 38.6 0 0 0 0 0.6000000000000001 0 0.8 0.4 0 0 0 0 0 0 0 0 0 0 0 0 0 0 0 0.2 0 0.6000000000000001 0 0 0 0 0 0 0 0.6000000000000001 0.6000000000000001 0 0 0.4 0 0 4.2 0 2 0 0 0.2 2.2 4.4 5.2 1.4000000000000001 0 0 6.4 4 0 0 2.8000000000000003 10.4 2.2 6.6000000000000005 0 0 0 0 0 0 0 0 0 0 3.4000000000000004 0 0 0 0 0 0 0 0 0 0 0 0 0 0 0 0 0 0 0 0 0 0 0 0 0 0.2 0 0 0 0 0.2 0 0 0 0 0 0 0 0.2 0 0 0.4 0 0 0 0 0 0.6000000000000001 0 2 0 2.4000000000000004 0 0 0 2.8000000000000003 1.4000000000000001 0 0.2 2.6 2 0.4 8.8 2.2 0 0 0 2 0 0 0 0 0.2 0 0 0 0 0 0 0 0 0 0 0 0 0 0 0 0 0 0 0 0 0 0 0 0 0 0 0 0 0 0 0 0 0 0 0 0 3.6 0 0 0 0 0 0 0 0 0 0 0 0 0 0.4 0 0 0 0 0 0 0 0 0 0 0.4 0.2 0 0 0 0.2 1 0 0.4 0 0 0 0 0 0 0 0 0 0 0 0 0 0 0 0 0 0 0 0 0 0 0 2.6 0 0 0 0 0 0 0 0 0 0 0 0 
 31.200000000000003 29.200000000000003 8.6 9.8 55.800000000000004 7.800000000000001 51.800000000000004 27.200000000000003 14 58 55.6 46.6 34.4 18.8 91.2 53.800000000000004 23.400000000000002 6.4 21.200000000000003 0 0.4 0.6000000000000001 0.6000000000000001 0 0.6000000000000001 0 0.4 0 0.2 0.4 0 0 0 4.4 0 0 0 0 0.6000000000000001 0 0.6000000000000001 0 0 0 0.6000000000000001 0 0.6000000000000001 13.8 12.600000000000001 0 0 0 0 0 0 0 0 0 0 0 0 0 0 0 0 0.6000000000000001 0 0 0 0.4 0 0 0 0.6000000000000001 0.6000000000000001 0 0 0.6000000000000001 1 0 7.2 3 2.6 0 1.4000000000000001 0 1 0 3 5.2 5.2 2 1.8 3 7.800000000000001 0 0 0 4.2 0.2 0 0 0 0 0 0 0 0 0 0 0 0 0 0 0.4 0 0.2 0 0 0 0 0 0.4 0 0 0 0 0 0 0 0 0 0.2 0 0 0 0 0 0 0 0 0 0 0 0 0 0 0 0 0 0 0 0 0 0 0 0 1.8 0 0 2.6 0 0 1.8 0.4 0 3.4000000000000004 0.2 0 4.2 0 0 8 4.4 0.2 0 0 7.2 2.4000000000000004 4.800000000000001 0 3.4000000000000004 0 0 0 0 0 0 0 0 0 0 0 0 0 0 0 0 0 3.6 0 0 0 0 0 0 0 0 0 0 1.4000000000000001 0 0 0.4 0 0 0 0 0 0 0 0 0 0 0 0 0 0 0 0 0 0 1 0 0 0 0 0 0 0 0 1 0 0 0 0.4 0.6000000000000001 0 0.8 0.4 0 1.6 0 0 0 0 0 0 0 0 0 0 5 0 0 0 0 0 0 0 0 0 0 0 0 0 0 0 0 0 0 0 0 0 0 0 0 0 0 0 
 1 0 0.4 17.2 0.2 0.4 0.2 0.6000000000000001 0.2 15 0.6000000000000001 0.2 40.400000000000006 0.2 0.8 0.2 0.2 0 0.2 0.4 0 16 20.200000000000003 23.6 32.6 4 23.6 84 6 6.2 6.4 6.800000000000001 29 16.8 41.2 43 37.4 38 52.800000000000004 8.6 0 0 0.8 0.6000000000000001 0 0.6000000000000001 0.6000000000000001 0 0.6000000000000001 0.6000000000000001 0 0.4 0 0 0 0.2 0 0 0.2 14 0.4 0.6000000000000001 1 0.2 0 0 0 1.2000000000000002 0 0 0 0.6000000000000001 0 0.8 0.4 1.2000000000000002 1.2000000000000002 0 0.6000000000000001 1 0 0 0 0 0 0.2 0.4 0.4 0 2.4000000000000004 0 2.6 0 0 0 0 0 2.2 0 0 0 0 6 0 0 6 1.8 2.4000000000000004 1.6 0 6.2 2.6 0 0 0 4.800000000000001 2 2 1.8 0.2 0 0 0 0 0 0 0 0.4 0 0.2 0 0 0 0 0 0 0 0 2.6 0 0 0 0.8 0 0 0 0 0 1 0 0 0 0 0 0 0 0 0 0 0 0 0 0 0.4 0 0.2 0 0 0 0 0 0 0.2 0 0 0 0 0 0 0 1.8 2 4.2 2.6 2.6 1.4000000000000001 0 0 6 1.6 0 0 0 3.8000000000000003 2.8000000000000003 0 1.8 0 0 0 0 0 0 0 0 0 0 0 0 0 2 0 4.2 0 0 0 3.8000000000000003 0 5.800000000000001 0.2 0.2 0 0 0 0 0 0 0 0 0 0 0 0 0 0 0 0 0 0 0 0 0 2.4000000000000004 0 0 0 3.8000000000000003 0 0 0.4 0 0 0 0 0.8 0 0 0.2 0 0.4 0.4 0 0 0 0 0.2 0 0 0 0 0 0 0 0 0 0 0.4 0 0 2.4000000000000004 0 1.2000000000000002 0 0 0 3.6 0 0 0 0 
 0.2 0.2 0 0 0 15.200000000000001 0 0 0 5.4 0.4 14.8 0 0 0 0 0 0.2 0 0.6000000000000001 16 0 41 55.800000000000004 20.200000000000003 75.4 38.2 74 45.400000000000006 10.8 87 70.8 20.8 56.400000000000006 54 23.8 21.8 30.6 29 29.6 0 0 0.6000000000000001 0.6000000000000001 0.2 0.4 0.2 0 0 14 0 0.4 13 0 0 0 0 0.4 1 0 0 0.6000000000000001 0.4 0.6000000000000001 0.4 0 0 0.6000000000000001 0 0 11.200000000000001 0.6000000000000001 0 0.4 0.4 0 0 0 0.4 0 0 0 0 0 0 2.8000000000000003 0 0 0 0 0 0 1.4000000000000001 0 0 0.4 0 0 0 0 0 3.8000000000000003 5.800000000000001 5 10.4 0 0 1.8 17 2.4000000000000004 7.6000000000000005 2.6 0 2.6 7.4 0 3.8000000000000003 0 0 0 0 2.4000000000000004 0 0 0 0.4 12.4 2.6 0.2 0 0 0 0.2 3 0 0 0 0 2 0 0 0 0 0 0 1.6 1.6 0 0 0.6000000000000001 0 0 0 0 0 0 0 0.2 0 0 0 0.4 0 0 2.4000000000000004 3.4000000000000004 0 0 0 0 0 0.2 0 0 0 0 0 0 0 0 0 2 2.8000000000000003 8.200000000000001 9.600000000000001 0.6000000000000001 0 0.2 6.6000000000000005 0 2.4000000000000004 9.8 4.4 0 0.4 9.600000000000001 8 0 0.8 0.6000000000000001 0.2 3.8000000000000003 0 0 0 0 6.4 2.6 0 0 0 0 0 0 3.2 0 0 0.4 2.4000000000000004 3.4000000000000004 3.2 0 0 0 0 0 0 0 0 2.2 0 0 0 0 0 0 0 0 0.4 0 0 0 0 0 0 0 0 0 0 0 0 0 0 0 1.2000000000000002 0.2 0 0.2 31.200000000000003 0 0 4.6000000000000005 0 0 0 0 0 0 0 0 0 0 0 0 0 0 0 0 0 0 0 0 0 0 0 0 0 0 0 0 
 0.6000000000000001 1.2000000000000002 1 0.6000000000000001 0.6000000000000001 16.6 16 0.8 0.6000000000000001 0.6000000000000001 1.2000000000000002 1.8 0.6000000000000001 0.6000000000000001 0.6000000000000001 0.6000000000000001 0.6000000000000001 0.6000000000000001 0.6000000000000001 0.6000000000000001 20.200000000000003 41 0 25.6 39.800000000000004 61 22 33.4 42.400000000000006 79 37 6.800000000000001 14.4 14.4 15.200000000000001 29.400000000000002 98 25.400000000000002 16.400000000000002 33.2 0 0 0.6000000000000001 0.4 1.8 0.4 0.2 0 0.6000000000000001 0.6000000000000001 0 0.4 13 0 0 0 0 0 30.200000000000003 0 0 0.6000000000000001 0.4 0 0.2 0 0 0.6000000000000001 0 0 0 0.6000000000000001 0 0.6000000000000001 0.4 0 0 0 0.4 0 0 0 0 0 0 2.6 0 0 0 0 0 0 0 0 0 0 0 0.2 0 0 0 0.4 4 5.4 3.4000000000000004 2.4000000000000004 0 0.2 3 4.4 8.8 4.2 0.4 3.2 11 0 2.2 1.2000000000000002 0 0 2.8000000000000003 0 0 0 0 0 6.2 1.4000000000000001 0 0 0 0 0.4 4.2 0 0 0 0 0 4.4 0 0.4 0 0 0 0 1.2000000000000002 0 0 0.6000000000000001 0 0 0 0 0 0 0.2 0 0 0 0 0 0 0 1.2000000000000002 0 0 0 0 0 0 0 0 0 0 0 0 0 0 0 0 3.6 0 4.6000000000000005 0 0.6000000000000001 0 0 6.4 0 2 7.6000000000000005 3 0 0.2 5.800000000000001 0 7 0.2 1 1.8 0 2.2 0 0 0 8 0 0 0 0 0.8 0 0 0 0 0 0 0 5.4 0 0 0 0 0 0 0 2.2 0 0 0.2 0 0 0 0 0 0 0 0 0 0 0 0 0 0 0 0 0 0 0 0 0 0 0 1.2000000000000002 0 0 15.600000000000001 15.8 0 0.6000000000000001 1.6 0 0 0 0 0 0 0 0 0 0 0 0 0 0 0 0 0 0 0 0 0 0 0 0 1.8 0 0 0 
 0 0 0 0 0.2 0 0 0 0 0 14.600000000000001 0.2 0 0 0 0 0 0.4 0.2 0 23.6 55.800000000000004 25.6 0 48 9.200000000000001 19.6 26.200000000000003 35.800000000000004 49 27.200000000000003 73.4 54.400000000000006 17.2 12.4 9.8 9.600000000000001 6.4 29.8 12.600000000000001 5.2 0 0.6000000000000001 0.6000000000000001 0.4 0.4 0.4 0 1 0.6000000000000001 0 0.4 28.200000000000003 0 0.2 0 0 0 13.200000000000001 14.200000000000001 0 0 0.4 0 2.6 0 0.6000000000000001 0.6000000000000001 0 1.2000000000000002 0 0.8 0 0.4 0.4 0 0 10.200000000000001 0.4 0 0 6.2 0 0 0 0 0 0 0 0 0 0 0 0 0 0 0 0 0 0 0 0 0 0 10.600000000000001 2.8000000000000003 0 0 6.2 4.4 0 2.4000000000000004 0 0.2 0 2.8000000000000003 2.4000000000000004 3.4000000000000004 0 0 4 4.2 0 0 0 0 6.800000000000001 1.2000000000000002 5.6000000000000005 8.8 0 0 6.4 0 0 0 0 0 6.4 1.8 0.6000000000000001 0 0 0 0 0 0 0.2 0 0.6000000000000001 0 0 0 0 0 0 0 0 0 0 0 0 0 0 0 0 0 5 0 0 0 0 0 0 0 0.8 0 0 0 0 0 0 0 0 2.2 2.4000000000000004 0 0 2.2 2.4000000000000004 0 4.2 0 0 0 3 0 3.4000000000000004 0 0 1.2000000000000002 9.200000000000001 0 0 0 1.8 4.4 3.2 1.6 0 0 0 2.8000000000000003 0 4.4 5.4 0 7.2 4 9.8 0 0 0.4 0 0 0 0 0 0 0 0 0 0 0 0 0 0 0 0 0 0 0 0 0 0 0 0 0 0 0 0 0 0 0 0 0.6000000000000001 0 8.200000000000001 0 0.2 0.4 0.4 0 0 0 0 0 0 0 0 0 0 0 0 0 0 0 0 0 0 0 0 0 0 0 0 0 0 0 0 
 0.6000000000000001 1 0.8 0.6000000000000001 0.6000000000000001 0.6000000000000001 0.6000000000000001 1 0.6000000000000001 45.6 0.6000000000000001 1.2000000000000002 0.6000000000000001 0.6000000000000001 1 0.6000000000000001 0.6000000000000001 1 0.6000000000000001 0.6000000000000001 32.6 20.200000000000003 39.800000000000004 48 0 9.600000000000001 11.8 26 15.8 21.400000000000002 50.400000000000006 26.6 12.4 13.200000000000001 22.200000000000003 45 43.400000000000006 15.600000000000001 16.400000000000002 52 12 0 2.8000000000000003 0.6000000000000001 0 0.4 0.4 0 0 0.6000000000000001 0 0.4 10.8 0.4 0 0 0 0 17.400000000000002 0 0 0.6000000000000001 0.6000000000000001 0 0 0 0 0.6000000000000001 0 0 0 0.6000000000000001 0 0.4 0.4 0 0 0 0.4 0 0 0 0 0 0 0 0 0 0 0 0 0 0 0 0 0 0 0 0 0 0 0.2 3.4000000000000004 2.2 4 6.4 0 0.4 0 0 0 5.2 0.2 0 0 0 0 3.6 2 0 0 0 0 2 0 0 3 0 0 0 6.6000000000000005 0 1.8 4.4 0 0 0 0 4.800000000000001 7.800000000000001 0 0.2 0 0 0 0 0.8 0 0 1.6 0 0 0 0 0 0 0.4 0 0 0 0 0 0.4 0 0 0 0 0 0 0 0 0 0 0 0 0.8 3 0 0 0 0 2 0 1.8 3.6 6 0 0 1.2000000000000002 0 0 2.2 0 1.6 2.4000000000000004 0 2.6 4 0.4 0 4.2 9 3.8000000000000003 2.2 0 0 0.2 1.6 0 0 0 0 6.800000000000001 6.2 2.6 2.2 3.8000000000000003 2.2 13.8 7.4 1 0 0 0 0 0 0 0 0 0 0.4 0 0 0 0 0 0 2 0 0 0 0 0 0 0 0 0 0 0 0 0 0 0 0 1 1 0 15 0.6000000000000001 0 0.2 4.2 0 0 0 0 0 0 0 0.2 0 0 0 0 0 0 0 0 0 0 0 0 0 0 2.2 0 0 0 0 0 
 0 0 0 0 0 0 0 0.4 0 1.6 0 0 0 1.2000000000000002 0.4 0 0.2 0 0 0 4 75.4 61 9.200000000000001 9.600000000000001 0 59.400000000000006 74.4 37.800000000000004 28.200000000000003 46 10.4 6.800000000000001 56 23.6 68.4 13.4 22.6 8.4 38.400000000000006 23.400000000000002 0 0.6000000000000001 0.2 0.6000000000000001 0.4 0 0 0 0.6000000000000001 0 0.4 26 12.8 0 0 42.400000000000006 0 12.4 0.6000000000000001 0 0.6000000000000001 0.4 0 0 0 0 0.6000000000000001 0 0.4 0 0.6000000000000001 0 0.6000000000000001 0.4 0 0 0 0.4 0 0 0 0 0 0 0 0 0 0 0 0 0 0 0 0 0 0 0 0.4 0 0 2.4000000000000004 2.4000000000000004 2.2 6.800000000000001 0 0 0 5 4.2 1.4000000000000001 1.4000000000000001 0 0 1.6 0 2.2 3 0 0 0 2.4000000000000004 2.6 0 0 0 3.2 0 1.2000000000000002 4.2 0 0.2 4.6000000000000005 5.2 8.200000000000001 0 1 1.8 2.6 0 0 0 0 0 0 1.4000000000000001 1 0 0 0.6000000000000001 0 2.2 0 0 0 0 0 0 0 0 0 0.2 0 0 0 0 0 0 0 0 0.2 0 0 0 0 0 0 0 0.2 0 0 1.4000000000000001 2.4000000000000004 16.400000000000002 5.4 2 0 1.8 0 0.2 2.6 0 0 0 1.8 0.2 9.8 0 0 4.2 2.4000000000000004 0 1 0.4 1.8 0 2.8000000000000003 2 0 2.4000000000000004 0 0.2 0 8.8 2 0 0 0 2.2 0 0 0 0 0 0 0 0 0 0.4 0 0 0 0 0 0 0 0 0 0 0 0 0 0 0 0 0 0 0 0 0 0 0 0 0 1.4000000000000001 0 0.2 7.6000000000000005 0.4 0.4 0.6000000000000001 2.6 0 0 0 0 0 0 0 0 0 0 0 0 0 0 0 0 0 0 0 0 0 0 0 0 0 0 0 0 
 0 14.4 0 16.400000000000002 31.200000000000003 16.6 0 21.8 0 16.400000000000002 15 16 0 0 0 0 0 0 0.2 0.4 23.6 38.2 22 19.6 11.8 59.400000000000006 0 15 24.200000000000003 7 9.200000000000001 6.2 38.2 11.200000000000001 57 9.200000000000001 4.2 17.400000000000002 77 89.60000000000001 0 0 1 0.6000000000000001 0 0.4 0.6000000000000001 0 0 0.6000000000000001 0 0.4 0 0 0 0 0 0 0 0 0 0.6000000000000001 0.4 0 0 0 0 0.6000000000000001 0 0 1.4000000000000001 0.6000000000000001 0 0.4 10.4 0 0 0 0.6000000000000001 0 0 0 0 0 0 9.8 0 0 0 2.6 0 5.800000000000001 0 0 0 0 0 1.8 0 0 4.4 3.6 2.2 5.4 2 0 3.6 8 0 1.8 14.4 0 0.2 8.6 2.8000000000000003 0 2.6 0 0 4.800000000000001 0 0 0 0 0 0 0 0 0 3.8000000000000003 0 0.4 0 0 0 0 0 0 0 0 0 0 1.2000000000000002 0 0 0 2 0 1.6 0 0.4 0 0 0 0 0 0 0 0 0 0 0 0 0 3.4000000000000004 3.6 0 0 0 0 0.4 0 0 0 0 0 0 0 0.2 0 5 5.6000000000000005 2.4000000000000004 0 0 0 10.200000000000001 4.6000000000000005 5 2.8000000000000003 5.800000000000001 6.800000000000001 2.6 0.2 0.8 3.4000000000000004 0 0 2.2 0.2 0 0.2 0 0 0 0 0 0 0 0 0 0.4 0 0 0 0 0 2.4000000000000004 0 0 0 0 0 2.4000000000000004 0 0 0 0 0 0 0 0 0 0 0 0 0 0 0 0 0 0 0 0 0 0 7.4 0 17.6 0.2 0 0 0 0 1.6 0 0.4 0 15.600000000000001 0 4.800000000000001 0 3 0 0 0 0 0 0 0 0 0 0 0 0 0 0 0 0 0 0 0 0 0 0 0.2 0 0 0 0 
 0 0 0 0 7.2 15.200000000000001 0 0 0 0 0.4 5 0.4 0 0 0 0 0.2 0 0 84 74 33.4 26.200000000000003 26 74.4 15 0 22.8 22.400000000000002 50.6 23.400000000000002 55.400000000000006 93.2 32.2 55.800000000000004 39 18.2 12.600000000000001 38 0 0 0.6000000000000001 0.6000000000000001 1.4000000000000001 0.4 0.4 0 2.4000000000000004 1 0 0.4 0 0 0 0.4 0.2 0.2 0 12.8 0 10.8 0.4 0 0 0.2 0 0.6000000000000001 0 0 0.2 0.6000000000000001 0 0.4 0.4 0.4 0.2 0.2 0.6000000000000001 0 0 0 0 0.4 0 0.4 0.2 0 0 0 1.2000000000000002 6.6000000000000005 0 0 0 0 0 0 0 0 5.2 1.8 0 2.6 0 3.6 2.4000000000000004 3.8000000000000003 0 8 0 2.2 6.2 5.2 11.600000000000001 4.6000000000000005 3.6 3.6 2.2 0.2 0.4 0 0 0 0 0 3.2 0.2 0 0.4 0.4 0 3.6 0 5.4 0 0 0 5.2 0.2 0 0 0 0 0 0 0 0 0.2 0 0 0 0 0 0 1.4000000000000001 0 0 0 0 0 0 0 0 0 2.6 0 0 0 0 2.4000000000000004 0 0 0 0 0 0 0 1.8 0 0 4.4 0 9.600000000000001 5.800000000000001 2.2 1.4000000000000001 0.2 0 4 1.6 2.2 1.8 10.200000000000001 0 5.2 5.6000000000000005 1.8 1.4000000000000001 5.4 0 0 0 0 0 2.6 2 0 0 0.2 1.4000000000000001 0 0 4.4 0 0 0 0 0 0 0 0 0 0.4 0 0 1 0 0 2.4000000000000004 0 0 0 0 0 0 0 0 0 0 0 0 0 0 0 0 0.6000000000000001 0 0 14.8 0 0 0 0 0.4 0 0 0 0 0 0 0 0.4 0 0 0 0 0 0 0 0 0 0 0 0 0 0.2 0 0 1.2000000000000002 0 0 0 0 0 3.4000000000000004 0 0 0 0 
 1.2000000000000002 0.2 0.2 0.2 7.6000000000000005 0.2 0 0 0.2 0.4 0.6000000000000001 0.4 0.2 0.2 2 0.4 0.4 0.4 0.2 0.2 6 45.400000000000006 42.400000000000006 35.800000000000004 15.8 37.800000000000004 24.200000000000003 22.8 0 53.6 24 11.200000000000001 18.2 66.2 35.2 15.200000000000001 43.2 38.400000000000006 154.60000000000002 57.6 0 0 0.6000000000000001 0.6000000000000001 2.8000000000000003 0.4 0.2 0 0 41.6 0 20.400000000000002 4.6000000000000005 0 0 0 0 0 0 12.4 0 0.6000000000000001 1.4000000000000001 0 0 0 0.2 0.6000000000000001 0 0 1 0.6000000000000001 0 0.4 0.4 0 0 0 0.6000000000000001 10.4 0 0 0.4 0 0 0 0 0.2 0 0 0 3.4000000000000004 0 0 0 0 0 0 0 0 2.4000000000000004 0 0 2.8000000000000003 7.800000000000001 2 3 0 2.6 2.2 10.200000000000001 3.6 4.2 4 3.6 7 2 6.2 2 1.8 0 2.4000000000000004 0 0 3.6 0 6.2 0 4.2 0 0 0 4.2 3.8000000000000003 2.4000000000000004 0 0 0 7.6000000000000005 0 3 0 0 0 0 0 0 0 0.8 0 0 0 0 0 0 2.2 0 0 0 0 0 0 0 0.2 0 0.2 0 0 0 0 0 0 0 0 0 0 0 0 0.8 0 0 10 2.6 1 1.8 0 3.8000000000000003 1.8 2 5.6000000000000005 4.800000000000001 0 0 0 0 5.6000000000000005 2.2 0 0 3.8000000000000003 0.8 0 0 0 0 0 2.4000000000000004 3.6 0 0 0 0 0 4 3 0 0 0 3.2 0 0.4 0 0 0 0 0 0 0 0 0 0 0 0 0 0 0 1.8 0 0 0 0 0 0 0 0 0 0.2 0 0 0 0 0 0 0 0.4 0.4 0.6000000000000001 15 0.2 0.4 0.4 0 0 0 0 0 3.2 0 0 0 0 0 0 0 0 0 0 0 0 0 0 0 0 0 0 0 0 0 0 0 
 1 0.4 0.4 0.8 15.200000000000001 5.2 0.4 0.4 0.4 0.4 1.2000000000000002 0.4 0.8 0.4 0.8 0.4 0.4 9 0.4 0.4 6.2 10.8 79 49 21.400000000000002 28.200000000000003 7 22.400000000000002 53.6 0 65.8 126.80000000000001 11.200000000000001 31.6 16.2 20.400000000000002 49.2 49 61.2 27.6 12.200000000000001 0 0.6000000000000001 0.2 0.2 0.4 0.2 0 0 0.6000000000000001 0 0.8 0 0 0 0 0 0 15.200000000000001 0.2 0 0.6000000000000001 0.8 0 0.6000000000000001 0 0.4 0.6000000000000001 0 0 0 0.6000000000000001 0 0.8 0.4 0 0 0 0.4 0 0 0 0 0.4 0 7 0 0 0 0 0 0 0 0 0 0 0 0 0 0 1.6 0 0 2.6 1.4000000000000001 3.2 0 4.6000000000000005 0.2 0 2.4000000000000004 5 0 0 0 4.6000000000000005 0 9.200000000000001 0 4.6000000000000005 2.2 1.4000000000000001 0 0 0 0 1.6 4.6000000000000005 1.4000000000000001 0 0 0 0.2 2.4000000000000004 1.4000000000000001 0 0 0.4 3.6 1.6 0 0 0 0 0 0 0 0 0 0 0 0 0 0 0 0 0 1.6 0 0 0 0 0 0 0 0 0 0 0 0 0 0 0 1.2000000000000002 0 1.4000000000000001 0 0 0 0 0 0 2.2 1.4000000000000001 6 4.6000000000000005 0 13.8 0 2.2 1.8 2.2 2.2 2.2 8.200000000000001 1.4000000000000001 3.4000000000000004 4 0 1.8 2.4000000000000004 0 2.2 0 0 0 2.8000000000000003 5 0 0.4 0 0 4.2 0 0.2 0 0 0 2.4000000000000004 0 0 0 0 0.4 0 0 0 0 0 0 0 0 0 0 0 0 0 0 0 0 0 0 0 0 0 0.2 0 0 0 0 0 0 0 0.4 1 0 1 0.2 15.200000000000001 0.6000000000000001 0.8 0.4 0 0 0 0 0 0 0 0 0 0 0 0 0 0 0 0 0 2.8000000000000003 0 0 0 0.2 0 1.4000000000000001 0.2 0 0 0 
 0.8 0.2 0 0 0.2 15.600000000000001 0 0 0 0 0 0 0 0.4 0 0 0 0 0 0 6.4 87 37 27.200000000000003 50.400000000000006 46 9.200000000000001 50.6 24 65.8 0 12.200000000000001 13 8.8 17 18.400000000000002 29.8 35.800000000000004 11.4 70.2 0 0 0.6000000000000001 0.6000000000000001 0 0.4 0.4 0 0 0.6000000000000001 0 0.4 18.400000000000002 0 0 0 0 0 25.200000000000003 0 0 1 0.4 0 0 0 0 0.6000000000000001 0 0 0 0.6000000000000001 0 2.2 0.4 0 0 0 0.4 0 0 0 0 0 0 2.6 0 0 0 0 0 0 0 0 0 0 0 0 0 0 0 0.6000000000000001 2.2 8.4 5.6000000000000005 0.4 0 0.2 8.8 1.4000000000000001 2.4000000000000004 0 0.2 2 2.6 0.8 0.2 6 2 0 2.6 1.6 2 0 0 0 3.2 0.2 2.4000000000000004 0 0 0 2.4000000000000004 0 0 0 0 0 3.4000000000000004 2.8000000000000003 0 2.8000000000000003 0 0 0 0.2 0.8 0 0 0.8 0 0 0 0 0 0 0 0 0 0 0 0 1.4000000000000001 0 0.6000000000000001 0 0 0 0 0 0 0 4.2 0 0 0 0 0 0 0 0 12.4 0 0.4 0 6.2 0 0 3.2 0 0.2 4.800000000000001 2.6 0.4 0 2 0 2.6 0 0 2.6 0 2.6 0 0 0 1.6 0 0 0 0 0 0.2 4.800000000000001 2.6 0 0 0 0 2 0 0 0 0 0 0 0 0 0 0 0 0 0 0 0 0 0 0 0 0 0 0 0 0 0 0 0 0 0 0 0 0 0 0 1.2000000000000002 0 0 24.200000000000003 16.400000000000002 0.4 0.6000000000000001 1.8 0 0 0 0 0 0 0 0 0 0 0 0 0 0 0 0 0 0 0 0 0 0 0 0 5.2 0 0 0 
