 0 55.400000000000006 54 78.80000000000001 15.8 63.800000000000004 42.400000000000006 29.6 42.2 88 31.200000000000003 49.6 55.6 51.2 73 12.200000000000001 32.6 69.60000000000001 10.600000000000001 13.600000000000001 0 0.6000000000000001 0 0 0 0 0.2 0.4 0 0 0 0 0 0.2 0 15.200000000000001 0 0 0 0.6000000000000001 0 0 0.4 0 0.6000000000000001 1 0 0 0 0 0 0.4 0 0 0 0 0 0 0.6000000000000001 0 1 0 0 0 0 0 0 0 0 0 0 0.6000000000000001 0 0 0 3.2 0 0 0 0.4 0 3 2.4000000000000004 5 9 0 0 0 2 2.2 4 3.4000000000000004 1.8 11.4 3 6.2 8.200000000000001 7.6000000000000005 0.2 3.2 4 0 0 0 0 0 0 0 0 0 0 0 0 0 0.2 0 0 0 3.2 0 0 0 0 0 0 0 0 0 0 2 0 0 0 0 0 0 0 0 0 0 0 0 0 0 0 0 0 0 0 0 0 0 1.4000000000000001 1.8 0 1.8 0 0.8 0 0 6.6000000000000005 1.2000000000000002 0 2 0 0.8 0 1.2000000000000002 1.4000000000000001 3.2 5.800000000000001 0 0 4.2 4.2 7.6000000000000005 8.8 0 0.2 0 0 0 0 0 0 0.4 0 0 0 0 0 0 0.4 7.4 0 0 0 0 0.2 0 0 0 0 0 0 0 0 0 0 0 0 0 0 0 0 0 0 0 0 0 0 0 0 0 0 0 0 0 0.2 0 0.8 0 0 0 0 0 3.8000000000000003 0 0.4 0 0 0 0 0 0 13.200000000000001 21.8 0.2 0.4 0.2 2 2.4000000000000004 0 0 0 0 0 0 0 0 0 0 0 0 0 0 0 0 0 0 0 0 0 0 0 5.4 0.2 0 0 0 0 0 0 0 0 0 0 0 0 0 
 55.400000000000006 0 20.400000000000002 49.6 22.400000000000002 8.8 96 56.800000000000004 47.400000000000006 82.2 24.400000000000002 11.4 27.400000000000002 9.4 30.400000000000002 10.4 42.2 75.8 7.4 10.4 0 0.4 0 0 0 0 0.6000000000000001 0.4 0 0 0 0.4 0 0 0 0.2 0 0.4 20 15.600000000000001 0 0 0.2 0 0 1 0 0 0 0 0 0 0 0 0 0 0 0 0.4 0 0.8 7.6000000000000005 0 0 0.4 0 0 0 0.4 0 0.6000000000000001 0 0 0 0 3.8000000000000003 0.4 0 0 0 2 3.8000000000000003 4.800000000000001 0 4.2 3 5 0.2 0 0 2.8000000000000003 0.6000000000000001 0.2 7.2 4 2.2 4.6000000000000005 3.4000000000000004 0 0 0 0 0 0 0 0.2 0 0 0 0 0 0 7.6000000000000005 0 0 0 0 0 3.6 0 0 0 0 3 0.2 0 0 3.6 0 0 0 0 0 0 0 0 0 0 0 0 0 0 0 0.2 0 0 0.4 0 0 0 0 0 0 0 0.4 0 0 0 0.8 0 8.4 0 2.6 4.2 2.4000000000000004 0 0.6000000000000001 3.6 4 2 6 4.4 2.4000000000000004 1.8 0 0 10.8 3.8000000000000003 0 8 1.4000000000000001 0 0 0 0.4 0 3.8000000000000003 0 0 0 0 0 0 4.800000000000001 9.4 0 0.2 0 0 0.2 0 0 0 0 0 0 0 0 0 4.6000000000000005 0 0 0 0 0 0 0 0 0 0.4 0 0 0 0.2 0 0 0 0.4 0 0 0 0 0 0 0 0 0 0 0 0 0 0 0 0 0.4 0.4 0.2 0 18 20 0 1 0 0 0 0 0 0 0 0 0 0 0 0 0 0 0 0 0 0 0 0 0 0 0 0 0 2 0 0 0 0 0 0 0 0 0 0 0 0 
 54 20.400000000000002 0 37 27.8 26.400000000000002 36 9.600000000000001 79 14 39.6 54.2 15 36 25 63.2 5.2 26.400000000000002 3.4000000000000004 28 0 15.600000000000001 0 0 0 0 5.2 0.2 0 0 0 0 0 0.4 0 0 0 0 5 15.4 0 0 0 0 0 0 0 0 0 0 0 0.6000000000000001 0 0 0 0 0 0 10.4 0 0 0 0 0 0 0 0 0 0 0 0 0.4 0 0 0 0 0 0 0 0.4 1 1.4000000000000001 0 2.6 3 0 3.4000000000000004 2.8000000000000003 4.6000000000000005 8.200000000000001 11.600000000000001 5.800000000000001 4.2 6 0 2.6 1.8 7 0 0 2.6 0.6000000000000001 0 0 0 0 0 0 0 0 0 0 0.2 0 0 0 0 0 0 2.2 0 0 0 0 0 0 0 0.4 0 0.4 0 0 0 0 0 0 0 0 0 0 0 0 0 0 0 0 0 0 0 0 0 0 0.8 0 0 2.2 0 0 0 0 0 3.2 2.2 5 2.8000000000000003 3.6 1.6 0.8 18.8 0 2.4000000000000004 3.6 0 2.4000000000000004 2.2 0 3.4000000000000004 0 0 4 0 0 0 0 0 0.2 3.4000000000000004 0 0 0 0 0 6.4 3.8000000000000003 0 0 0 0 3 2 0 0 0 0 0 0 0 0 0 4.6000000000000005 0 0 0 0 0 0 0 0 0 0 0 0 0 0 0 0 0 0 0.4 0 0 0 0 2.8000000000000003 0 0 0 0 0 0 0 0 0 0 0 0 0.6000000000000001 0 0 17.8 2.4000000000000004 2.4000000000000004 0 0 0 0 0 0 0 0 0 0 0 0 0 0 0 0 0 0 0 0 0 0 0 7.2 1.2000000000000002 0 0 0 0 0 0 0 0 0 0 0 0 0 
 78.80000000000001 49.6 37 0 15.8 26 15.4 27.6 13.200000000000001 69 26 55.2 13.600000000000001 33.800000000000004 28.200000000000003 11.4 42.800000000000004 15.600000000000001 26.6 10 0 1.6 0 0 0 15.200000000000001 0.4 0.4 0 15.4 0 0 5.4 0 0 0 0 0 21.8 0.4 0 0 0.4 0 0 0 0 0 0 0 0 0.4 0 0 0 0 0 0 0.6000000000000001 0 0.8 0 0 0 0 0 0 0.2 0 0 0 0.4 0 0 0 2 0.4 0 1 0.8 0 1.4000000000000001 2 1.8 2.6 7.2 0 2 0 2.8000000000000003 0 9 0.4 2.4000000000000004 0 0 2.2 2.2 0 0 5.6000000000000005 8.200000000000001 0 0 0 0 0 11 0 0 0 0 8.4 0 0 0 0 0 8.8 0 0.4 0 0 0.2 0 0 0 0 0 0 0 0 0 0 0 0 0 0 0 0 0 0 0 0 0 0 0 0 0 0 0 0 0.2 0 0 0.4 0.4 0 0 0 3.6 0 5.2 0 1.4000000000000001 1.8 0 0 4.4 3.8000000000000003 3.4000000000000004 0 0 3.2 0 3 2.6 5.2 0 0 7.4 1.6 0 0 0 0 0.2 0 0 0 0 0 6.800000000000001 0 2.4000000000000004 0 0 0 8.8 2.2 0 0.2 0 0.4 0 0 0 0 0 0 0.2 0 0 0 0 0 0 0 0 0 0 0 0 0 0 0 0 0 0 0 0 0 0 0 0 0.2 0.2 0 0 0 0 0 0 0 0 0.2 0.4 0.6000000000000001 9.4 0 0 3.6 0 0.2 0 0 0 0 0 0 0 0 0 0 0 0 0 0 0 0 0 0 0 0 0 0 0 0 0 0 0 0 0 0 0 0 0 0 0 0 
 15.8 22.400000000000002 27.8 15.8 0 15.600000000000001 21.400000000000002 12.200000000000001 14 54.2 57 44.400000000000006 13.600000000000001 12.200000000000001 22.400000000000002 36 26.8 59.6 10.200000000000001 31.8 30.200000000000003 30.400000000000002 40.2 0 0 42.400000000000006 15.4 0.2 14.8 0 42.6 0 41.800000000000004 0 15 14.600000000000001 0 0 19.200000000000003 15.4 0 0 0.8 0 0 0 0 0 0 0 0 0.4 0 0 0 0 0 0 0.6000000000000001 0 0 0 0 0 0 0 0 0 0 0 0 0.8 0 0 0 0 0 0 0 0.4 0 1.6 9.200000000000001 5.800000000000001 0 0 0 0 3 0.4 2.4000000000000004 9.600000000000001 0 0 4.6000000000000005 2.8000000000000003 3 0 0 0 5.2 0.4 2.2 0 0 0 2.4000000000000004 7.2 2.4000000000000004 0 0 0 1.8 6 4.2 0 3 0.2 6.6000000000000005 7.2 0 0 0.2 0 0 0 0 0 0 0 0 0 0 0 0 0 0 0.2 0 0 0 0 0 0 0.4 0 0 0 0 0 0 0 0 0 0 0 0 1.4000000000000001 0 0 0 0 0 9 0 2.2 0.4 0 0 3.2 0 2.6 0.2 0 0 0 0 0 0 0 2.4000000000000004 6.4 2.6 2.4000000000000004 0 0 2.2 3 2 0 0 0 4.4 7.2 0 3.2 0 0.2 6.2 3.8000000000000003 0 0 0 0 0 0 0 0 0 0 0 0 0 0 0 0 0 0 0 0.2 0 0 0 0 0 0 0 0 0 0 0 0 1 0 0 0 0 0.2 0 0 0 2 0 0 0 0 0.6000000000000001 0 0.4 3.8000000000000003 0 2.2 0.4 0 0 0 0 0 0 0 0 0 2.8000000000000003 0 0 0 0 0 0 0 0 0 0 0 0 1 0 0 0 0 0 0 0 0 0 0 0 0 0 0 
 63.800000000000004 8.8 26.400000000000002 26 15.600000000000001 0 5.2 21.400000000000002 14.8 29.6 90.2 29.6 9.4 57 14 25 54.6 45.400000000000006 11 13.200000000000001 0 0.6000000000000001 0 0.2 0.4 7 0.2 0.2 15 0 0 0 0.2 0 0 0.2 0 0 30.200000000000003 20.8 0.6000000000000001 0 0 0 0 0.2 0 0 0 0 0 0.4 0 0 0 0 0 0.4 0.8 0 1 0 0 0 0 0 0 0 0.4 0.4 0 0.6000000000000001 0 0 0 0 0 0 0 0.4 0 0 5.6000000000000005 6.800000000000001 7.2 5.4 0 10.600000000000001 0 7.6000000000000005 2.2 8.200000000000001 0 0 2.4000000000000004 0 2.2 7.4 0 0.4 0.4 0 5 0 0 0 4.4 4.800000000000001 0 0 0 0 1.6 0 2 0 5.4 0 0 7.6000000000000005 0 0 0 0 0 0 0 0 0 0 0 0 0 0 0 0 0 0 0 0 0 0 0 0 0 0 0 0 0 0 0 0 0 0 0 0 0 0.2 0 0.2 0 0.2 5.4 5.4 2.6 4.800000000000001 0 0 5.4 4.2 0 6 0 0 0.2 4 0 1.8 0 0 0 0 0.4 0 0 0 5.800000000000001 2.8000000000000003 0 0 0 0 10.4 5.6000000000000005 4.6000000000000005 4.2 0 0 3.2 0 0 0 1.8 0 0 0 0 0 0 0 0 3.2 0 0 0 0 0 0 0 0 0 0 0 0 0 0.2 0 0 0 0 0 0 0 0 0 0 0 0 0 0 0 0 0 0 0 0.2 0.2 0.2 0.4 17.2 0 0 0 0 0 0 0 0 0 0 0 0 0 0 0 0 0 0 0 0 0 0 0 0 0 0 1.4000000000000001 2.2 0 0 0 0 0 0 0 0 0 0 0 0 
 42.400000000000006 96 36 15.4 21.400000000000002 5.2 0 25.6 85.4 70.4 24.200000000000003 5.6000000000000005 106 17.400000000000002 72.2 17 44 82.60000000000001 13.4 13.200000000000001 0.2 0.6000000000000001 0 0 0 0 0.4 0.2 0 0 0 0 0 0 0 15.4 0 0 0 0.4 0 0 0.2 0 0 0 0 0 0 0 0 0.4 0 0 0 0 0 0 0.6000000000000001 0 0 0 0 0 5.2 0 0 0 0 0 0 0.6000000000000001 0 0 0 0 0 0 0 0.4 4 5 2.6 0 0 0 4.2 4.800000000000001 2.6 0 4.6000000000000005 0 0.2 4.6000000000000005 2.8000000000000003 10 3 0 0 0 0 0 0 0 0 0 0 0 0 0 0 0 0 0.2 0 0 0 0 0 0 0 0 0 0 0 1.4000000000000001 0 0 0 0 0 0 0 0 0 0 0 0.2 0 0 0 0 0 0 0.4 0 0 0 0 0 0 0 0 0 0 0 0 0 0.8 0 1.2000000000000002 2.8000000000000003 0 4.2 3 0 4 7.2 0 0 0 4.4 5.800000000000001 0 0 1.6 3.6 5.4 0 10.200000000000001 0 2.8000000000000003 0 0 0 0 0 0 0 0 0 0 0 3.2 0 0 0 0 0 0 0 0 0 0 0 0 0 0 0 0 0 0 0 0 0 0 0 0 0 0 0 0 0 0 0 0 0 0 0 0 0 0 0 0 0 0 0 0.2 0 0 0 0 0 0 0 0.4 0.4 0 0.4 0.6000000000000001 0 1.6 0 0 0 0 0 0 0 0 0 0 0 0 0 0 0 0 0 0 0 0 0 0 0 0 0.2 2 0 0 0 0 0 0 0 0 0 0 0 0 
 29.6 56.800000000000004 9.600000000000001 27.6 12.200000000000001 21.400000000000002 25.6 0 29.400000000000002 8.6 66.2 5.2 63.800000000000004 43.400000000000006 70.8 23.200000000000003 10.600000000000001 27.400000000000002 10.200000000000001 39.800000000000004 0 0.6000000000000001 0.2 0 0 0 0.4 0.4 0 0 0 0 0 0 0 0.4 0 0 0.8 0.6000000000000001 0 0 0 0 0 0 12.200000000000001 0 0 0 0 0.4 0 0 0 0 0 0 1 0 0 0 0 0 0 0 0 0 0 0 0 0.6000000000000001 0 0 0 0 0 0 0 0.4 3.4000000000000004 5 0 2.6 2.2 7 1.8 3 2.8000000000000003 1.2000000000000002 0 4.4 4.4 4.800000000000001 2 0 6 0.2 0 2 0 0 0 0 0 3 0 0 2.6 0 0 0 0.8 0 0 0 0 0 0 0 0 0 0 0 0 0 0 0 0 0 0 0 0 0 0 0 2.8000000000000003 0 0 0 0 1 0 0 0 0 0 0 0 0 0 0 1.2000000000000002 0.8 0 0 0 0.6000000000000001 0 0 0.2 4.6000000000000005 0 4.4 11.4 2.2 1 3.6 0.2 1.6 2.8000000000000003 2.8000000000000003 3.4000000000000004 3 0 1 0.4 0.4 0.2 0 0 0 0 0 0 0 0 0 0 0 0 0 1.6 0 0 0 0 0 0 0.2 0 0 0 0 0 0 0 2 0 0 0 0 0 0 0 0 0 0 0 0 0 0 0 0 0 0 0 0 0 0 0 0 0 2 0 0 0 0 0 0 0 0 0 0 0 0 18.400000000000002 0 18.6 0 0.4 1 0 0 0 0 0 0 0 0 0 0 0 0 0 0 0 0 0 0 0 0 0 0 0 2.8000000000000003 0 0 0 0 0 0 0 0 0 0 0 0 0 0 
 42.2 47.400000000000006 79 13.200000000000001 14 14.8 85.4 29.400000000000002 0 77.2 23.6 27 28.8 51 16 26.6 9.4 23 58.6 52 0 0.4 0 0 0 0 0.2 0 0 0 0 0 0 0 0 0 15.4 0 15.200000000000001 0.2 0 0 0.4 0 0 0 0 21.400000000000002 0 0 0 1 0 0 0 0.2 0 0 0.6000000000000001 0 0 0 0 0 0 0 0 0 0 0 0 0.4 0 0 0 0 0 0 5.800000000000001 0.6000000000000001 2.8000000000000003 0.2 0 8 1.8 0 5.800000000000001 0.2 27.400000000000002 2.2 6 0 3.6 5.2 0 2 1.8 9.200000000000001 0 0 0 0 0 0 0 0 0 0 0 0 0 0 0 0 0 0 0 0 0 9.4 0 0 0 0 0 0 0 0 0 0 0 0 0 0 0 0 0 0 0 0.2 0 0 0 0 0 0 0 0 0 0 0 0 0.4 2.6 0 0 0 0.8 0.6000000000000001 0 6.4 5.6000000000000005 0 4.800000000000001 4.800000000000001 2.6 1.8 9 0 0 0 5 0.8 0 3.2 2.2 9 2.4000000000000004 0 0 0 0 0 0 0 0 0.2 0 0 0 0 0 5 2.8000000000000003 0 0 0 0 0 0.6000000000000001 0 0 0 0 0 0 0 0 0 0 0 0 0 0 0 0 0 0 0 0 0 0 4.4 0 0 0 0 0 0 0 0 0 0 2.6 0 0 0 0 0 0 0 0 0 0 0 0.4 20.8 0 0 0.2 0.2 4.2 0 0 0 0 0 0 0 0 0 0 0 0 0 0 0 0 0 0 0 0 0 0 0 0.2 5 2.8000000000000003 0 0 0 0 0 0 0 0 0 0 0 0 
 88 82.2 14 69 54.2 29.6 70.4 8.6 77.2 0 53 27 29.6 16.2 36 66.2 80.2 114.60000000000001 15.200000000000001 12 0.4 0.8 0 0.6000000000000001 0.6000000000000001 0 16.8 0.2 1.6 0.6000000000000001 0.6000000000000001 0 0.4 0 0 0.4 0.6000000000000001 0.4 15 15.8 0 0 0.2 0 0.4 0.2 0 0 0 0 0.6000000000000001 13.600000000000001 0 0 0 0 0.6000000000000001 0.6000000000000001 0.6000000000000001 0 0.6000000000000001 0 0 0 0 0.4 0 0 8.4 0 0 1 0 0 10.200000000000001 5.2 0 0.2 0 0.8 2 7.4 8.6 1.6 1.4000000000000001 0 1.8 6.6000000000000005 1.8 1 9.4 0 1.2000000000000002 6.2 4.6000000000000005 3.2 1.8 0 0 0 2 0.2 2.8000000000000003 0 0 0 6.2 4 0 0 0 0 0 0 0 0 6.6000000000000005 0 2.8000000000000003 4.2 0 0 0 0 0 1.8 0.4 0 0 0 3.6 0 0.4 0 0 0 0 0 0 0 0 0 0 0 0 0 0 0 0 0 0 0 0 0 0.2 0.2 0 0 1.2000000000000002 0 6.4 0 7.4 4.2 3.6 0 0 3.6 3.8000000000000003 3.8000000000000003 5 8 2.2 3 0 2 17.2 4 0 2.2 3.8000000000000003 0 1 0 0 0 3 4 3.4000000000000004 0 0 0 0 2 3.2 5.800000000000001 0 0 0.8 3.4000000000000004 0 0 0 0 0 0 0 0 0 0 0 0 0 0.4 0 0 0 0 0 0 0 0 0 0 0 0 0 0 0 0.4 0 2.8000000000000003 0 0 0 1 0 0 0 0 0 0 0 0 0 0.8 0.4 0 0 17.6 0.2 4.2 0 0 0 0 0 0 0 0.2 0 0 2.4000000000000004 0 0 0 0 0 0 0 0 0 0 0.4 0 0 0 2 0 0 0 0 0 0 0 0 0 0 0 0 
 31.200000000000003 24.400000000000002 39.6 26 57 90.2 24.200000000000003 66.2 23.6 53 0 35.800000000000004 7.6000000000000005 25 30.6 48.2 51.6 53.6 10 15.4 0 0.6000000000000001 0 0 0.2 0 14.8 0.2 0 0 0 0 15.200000000000001 0 0.2 0.2 0.6000000000000001 0 12.200000000000001 15.200000000000001 0 1 0.4 0 0 0 0 0 0 0 0 0.4 0 0 0 0 0 0 0.6000000000000001 0 0 0 0 0 0 0 0 0 0 0 0 0.4 0 0 0 0 0 0 0 0.4 0 0 0 7 13.200000000000001 0 0 4.2 0.2 6.800000000000001 8.200000000000001 6 0.2 0 3.8000000000000003 0 6.2 3.8000000000000003 0 0 3.6 0 0 0 0 0.2 2.4000000000000004 1.6 0 0 0 0 0 0 3.8000000000000003 0 0.6000000000000001 0 2 8.6 0 0 0 0 0.4 0 0 0 0 0 0 0 0 0 0 0 0 0 0 0.2 0 0 0 0.4 0 0 0.2 0 0 0 0 0 1.4000000000000001 1.2000000000000002 0 1.4000000000000001 0 0.4 0 0 0 0 0.2 3 2.6 7.6000000000000005 0 0 2.6 0.2 3.2 4.800000000000001 0 0 0.2 2.2 3 3.8000000000000003 0 0.2 0 0 4.4 0 0.2 0 5.800000000000001 3.8000000000000003 0 0 0 0 6.4 4.6000000000000005 0 3.6 0.4 0 4.2 1.6 0 0 0 0 0 0 0 0 0 0 0 0 0 0 0 0 0 0 0 0 0 0 0 0.4 0 0 0 0.2 0 0 0 0 0 0 0 0 0 0 0 0 0 3 0 0 0 0.6000000000000001 37.2 0 1.2000000000000002 28 0.2 2.4000000000000004 0 0 0 0 0 0 0 0 0 0 0 0 0 0 0 0 0 0 0 0 0 0 0 4.2 0.2 0 0 0 0 0 0 0 0 0 0 0 0 0.4 
 49.6 11.4 54.2 55.2 44.400000000000006 29.6 5.6000000000000005 5.2 27 27 35.800000000000004 0 50.400000000000006 11.4 9.600000000000001 37.2 106.4 50.400000000000006 8.200000000000001 7.2 15.4 16 21.6 0.4 0 8 15.4 0.8 0.6000000000000001 0 0 0.8 35.6 0 15.8 0.4 41.800000000000004 0 5 16.6 0 0 0 0.4 0.4 0.2 0.6000000000000001 0 0.4 0 0 0.4 0 0 1 0 0 0.6000000000000001 1 8.200000000000001 0 0 0 0.4 1 0 8.200000000000001 0 0.4 0 1 0.4 0 0 0 0 0.4 0 0 1 0 0.2 2.2 8.8 0 3.4000000000000004 0 2.8000000000000003 2.6 2.4000000000000004 2.8000000000000003 6.4 0 0 0 0 0.2 2.8000000000000003 0 0.2 8.8 0.4 2.2 0.6000000000000001 0 0 0.2 9.600000000000001 0 0 0 0 2.6 0 3.4000000000000004 0 5.6000000000000005 0.2 3.4000000000000004 4.6000000000000005 0 0 0 0 0 0 0 0 0 0 0 0 0 0 0 0 0 0 0 0 0 1.6 0 0 0 0 0 0 0 0 1.8 0 0 0 0 0 0 0 0 0 0 0 2.2 4 3.2 2.8000000000000003 0 0 3.2 0.2 0 7 0 2 0 3 0 0 0 0 4.800000000000001 2 4.800000000000001 2.2 0 0 6.800000000000001 3.6 2 0.4 0 0 10.8 5 1.8 5 0 0 7.800000000000001 4.6000000000000005 0 0 0 0 0 0 0 0 0 0 0 0 3.4000000000000004 0 0 0 0 0 0 0 0 0 0 0 0.2 0 3.6 0 1.6 0 0 0 0 0 0 0 0 0 0 0 0 2.2 0 0 0 0.2 0 0.2 0.4 19.200000000000003 0 1.4000000000000001 0 0 0 0 0 0 0 0 0 0 2.8000000000000003 0 0 0 0 0 0.2 0 0 0 0 0 0 2 1.2000000000000002 0 0 0.2 0 0 0 0 0 0 0 0 0 0 
 55.6 27.400000000000002 15 13.600000000000001 13.600000000000001 9.4 106 63.800000000000004 28.8 29.6 7.6000000000000005 50.400000000000006 0 41.800000000000004 28 69.4 7.800000000000001 4.2 29.200000000000003 14.600000000000001 12.4 0.8 0 0 0 0 0.8 0.2 0 0.2 0 0 0 0.4 0 0 0 0 0 0.8 0 0 0.4 0 0 0 0 0.2 0 0 0 0.4 0 0 0 0.4 0 0 2.2 0 0 0 0 0 0 0 0 0 0 0 0 7.2 0 0 0 0 0 0 0 9 5.4 3.8000000000000003 1.4000000000000001 4 0 0 6 2.4000000000000004 3.8000000000000003 0.2 0 2.2 3.2 7.800000000000001 0 1 0 0.8 3.8000000000000003 4 0 0 0 0 0 0 0 0 0 0 2.6 0 0 0 0 0 0 0 0 0 0 0 0 0 0 0 0 0 0 0 0 0 0 0 0 0 0 0 0 0 0 0 0 0 0 0 0 0 0 0 0 0 0 1.4000000000000001 0 0 0 0.8 0.6000000000000001 0 2.2 1.8 1.6 5.2 7.800000000000001 3 2.8000000000000003 0 2 0.2 0.2 3.4000000000000004 2.8000000000000003 1.4000000000000001 0 0 5.800000000000001 12.4 0 7.4 3.2 0 0 0 0 0 0 0 0 0 0 0 0 0 0 0 0 0 0 0 0 0 0 0 0 0 0 0 0 0 0 0 0 0 0 0 0 0 0 0 0 0 0 0 0 0 0 0 0 0 0 0 0 0 0 0 0 0 0 0 0 0 0 0 0 0.4 18.6 0.2 0.4 0 0.4 0.4 2 0 0 0 0 0 0 0 0.2 0 0 0 0 0 0 0 0 0 0 0 0 0 0 0 0 2.8000000000000003 0 0 0 0 0 0 0 0 0 0 0 0 
 51.2 9.4 36 33.800000000000004 12.200000000000001 57 17.400000000000002 43.400000000000006 51 16.2 25 11.4 41.800000000000004 0 36.2 27 34 67 10.8 63.800000000000004 0 0.4 0.6000000000000001 1 0.2 0 0.2 0 0 0.2 0.4 0 0 0 0.4 0 0 0 0.4 0.2 0 0 6.4 0 0 0 0 0 0 0.4 0 0.4 0 0 0 0 0 0 1.2000000000000002 0 0 0 0 0 0 0 0 0 0 0.4 0 0.8 6.800000000000001 0 0 0 0 0 0 0.4 3.4000000000000004 3 0 2.8000000000000003 0.6000000000000001 4.2 4.2 1 4.6000000000000005 0 0 2.8000000000000003 17.6 12.200000000000001 0.6000000000000001 2.2 9 2.4000000000000004 0 3.2 0 0 0 0 0 3.2 0 0 0 0 0 0 0.2 0 2.4000000000000004 0 0 0 0 0 0 0 0 0 0 0 0 0 0 0 0 0 0 0 0 0 0 0 0 0 0 0 0 0 0 0 0 0 0 0 0 0 1.8 4.4 0 0 0 0.8 0 0 0 1.6 0 5.4 4.2 2.4000000000000004 2.4000000000000004 4 2.8000000000000003 0 3 8.200000000000001 7 4.800000000000001 0.2 1.8 0 0.2 0 2.8000000000000003 0 0 0 0 0 0 0 0 0 0 0 0 0 0.4 0 0 0 0 0 1 0 0 0 0 0 0 0 0 0 0 0 0 0 0 0 0 0 0 0 0 4.6000000000000005 0 0 0 0 0 0 0 0 0 0.6000000000000001 0 0 2.6 0 0 0 0 2.8000000000000003 0 0 0 0 0 0 0 8.8 0 19.400000000000002 0 0.4 0.2 0 0 0.4 0 0 0 0 0 0 0 0 0 0 0 0 0 0 0 0 0 0 0 0 5.4 0 0 0 0 0 0 0 0 0 0 0 0 0 0 
 73 30.400000000000002 25 28.200000000000003 22.400000000000002 14 72.2 70.8 16 36 30.6 9.600000000000001 28 36.2 0 37.2 47.400000000000006 24.400000000000002 29.400000000000002 67.2 0 11.200000000000001 0 0 0 0 0.2 0.2 0 0 0 0.4 0 40.6 0.4 15.4 0 0 0 0.4 1 0.2 0 0 0 1 0 0 0 0 0 0.8 0 0 0 0 0 0 0.6000000000000001 0 0 0 0 0 0 0 0 0 0 0 0 0.6000000000000001 0 8.8 0 0 0 0.4 0 1.4000000000000001 1.2000000000000002 3 2.6 2 2.4000000000000004 0 0.2 5.6000000000000005 2.4000000000000004 0.6000000000000001 2.2 5.2 1.8 5.4 2.8000000000000003 5.6000000000000005 7.6000000000000005 3.8000000000000003 0 3.4000000000000004 7.800000000000001 0 0 0 0 0 0 0 0 0 0 0 0 0.4 0 0 0 0 0 0 0 0 0.4 0 1.8 0 0 0 0 0 0 0 0 0 0 0 0 1.2000000000000002 0 0 0 0 0 0 0.2 0 0 0 0 0 0 0 0.8 0 0 2.6 0 0 0 0 1.4000000000000001 2 2.6 0 1.4000000000000001 3.2 0.4 1.6 5.6000000000000005 0 2.4000000000000004 0 0.6000000000000001 3.4000000000000004 11.4 3.8000000000000003 2.4000000000000004 2 1.8 0.4 0 0 0 0 0 0 0 0 0.2 0 0 0 2.8000000000000003 3.4000000000000004 0 0 0 0 2.8000000000000003 2 0 0 0 0 0 0 0 0 0 0 0 0 0 0 0 4.800000000000001 0 0 0 0 0 0 0 0 0 0 0 0 0 0 0 0 0 0 0 0 0 0.4 0 0 0 0 0 0 0 0.4 0.2 0 1.4000000000000001 0.6000000000000001 0.4 0.6000000000000001 1.8 0 0 0 0 0 0 0 0 0 0 0 0 0 0 0 0 0 0 0 0 0 0 4 0.2 0 0 0 0 0 0 0 0 0 0 0 0 0 
 12.200000000000001 10.4 63.2 11.4 36 25 17 23.200000000000003 26.6 66.2 48.2 37.2 69.4 27 37.2 0 76 10.600000000000001 18 47.6 0 0.4 0 0 0 0.2 0.4 0 41 0 23.6 0 0.2 0 0 0 0 0 14.8 0.2 0 0 0.2 0 0 0 0 0 0 0 13.200000000000001 0.4 0 0 0 0 0 0 1.6 0 0 0 0 0 0 0 0 0 0 0 0 0.4 0 0 0 0 0 0 0 0.4 6.4 5.6000000000000005 0.2 6.2 2.8000000000000003 2.8000000000000003 3.4000000000000004 9.600000000000001 5.2 5.800000000000001 4.800000000000001 2.8000000000000003 4.6000000000000005 0.4 1.6 8.6 0 6.2 2 0 0.2 0 0 0 0 0 0 0 0 0 0 0.4 0 0 0.4 0 0 0 0 2 3.6 0 0 0 0 0 0 0 0 0 0 0 0 0 0 0 0 0 0 0 0 0 1.2000000000000002 0 0 0 0 0 0 0 0 0 0 0 0 0 0 0 0 1.2000000000000002 3 8.6 0 4 3.2 0.8 3.2 3.6 0 2.6 0 0 1.8 2.4000000000000004 0 0.4 0 3.2 4.800000000000001 4.800000000000001 0 0 0 0 0 0 2.8000000000000003 0 0 0 3 0 2.6 0 0 0 0 0 0 0 0 0 0.2 0 0 0 0 0 0 0 0 0 0 0 0 0 0 0 0 0 0.4 0 0 0.2 0 0 0 0 0 0 0 1.6 0 0 0 0 0 0 0.2 0 0 0 0 0 0 0.2 0.2 0 0.4 17.2 4 0.4 0 0.6000000000000001 0 0 0 0 0 0 0 0 0 0 0 0 0 0 0 0 0 0 0 0 0 0 5.6000000000000005 0.2 0 0 0 0 0 0 0 0 0 0 0 0 
 32.6 42.2 5.2 42.800000000000004 26.8 54.6 44 10.600000000000001 9.4 80.2 51.6 106.4 7.800000000000001 34 47.400000000000006 76 0 65.4 48 8.6 0 0.6000000000000001 0 0 0 0 4.4 0.2 0 0 0 0 0 15.600000000000001 0 0.6000000000000001 0 0 25.200000000000003 0.4 0 0 0.4 0 0 0 0 0 0 0 0 0.4 0 0 13 0 0 0 0.6000000000000001 0 0.8 0 5.800000000000001 0 0 0 0 0.6000000000000001 0 0 0 0.4 0 0 0 0.6000000000000001 0 0 0 0.6000000000000001 2.2 6.800000000000001 2.2 1.8 2.2 4.4 3.8000000000000003 0 2.8000000000000003 2.8000000000000003 3.6 1.2000000000000002 4.2 3.6 1.6 1.8 8.6 2.8000000000000003 0 0 0 0 0 0 0 0 0.4 0 0 0 0 0 0.4 0 0 0 0 0 2.6 3.4000000000000004 0 0 0 0 0 0 0 0 0 0 0.4 0 0 0 0 0 0 4 0 0 0 0.4 0.2 0 0 0 0 0 0 0 0 0 0 0 0 0 0 0 0.4 0.2 4 0 0 0.2 4.2 0.4 0 1.6 1.8 1.6 4.800000000000001 0.4 0 4 0 0 8.6 3.4000000000000004 0 2.4000000000000004 0 0 0 0 0 0 4.4 0 0 0 0.2 0 0.2 3 0 0 0 0 0 3.6 0 0 0 0 0 0 0.2 0 0 0 0 0.4 0 0 0 0 0 0 0 0 0 0 0 2.2 0 0 0 0 0 0 0 0.2 0 0 0 0 0 0 0 0.4 0 0 0 0 0 0.2 0.2 0 17.8 17.8 0 4 0 0 0 0 0 0 0 0 0 0 3.8000000000000003 0 0 0 0 0 0 0 0 0 0 0 0 0 0 2.8000000000000003 0 0 0 0 0 0 0 0 0 0 0 0 
 69.60000000000001 75.8 26.400000000000002 15.600000000000001 59.6 45.400000000000006 82.60000000000001 27.400000000000002 23 114.60000000000001 53.6 50.400000000000006 4.2 67 24.400000000000002 10.600000000000001 65.4 0 6 51.2 0 0.6000000000000001 0.2 0.4 0 14.8 15.4 0.4 0.4 0 0 0.4 0 0 1 0.6000000000000001 41.400000000000006 0 35.800000000000004 15.4 0 0 0.4 0.4 0 0 0.6000000000000001 0 0.4 0 0 1.2000000000000002 0 0 0.4 0 0 0.6000000000000001 0.6000000000000001 0.6000000000000001 0 0 0 0 0.6000000000000001 0 0 0 0 0 0.4 0.6000000000000001 0 0 0 0 0 0 0 0.4 0 3 3 5 0.2 7.800000000000001 0 0 1.8 4 7 7.800000000000001 0.6000000000000001 0 2.2 0.2 8.200000000000001 2.2 1.2000000000000002 0 2 0.2 3 0 0 0 2 8 0 0 0 0 7.2 0.2 4.6000000000000005 0 0 0 5.6000000000000005 6.4 0 0 0 0 0.4 1.4000000000000001 0 0 0.2 0 0 0 0 0 0 4.2 0 0 0 0.2 0 0 0 0.4 0 0 0.2 0 0 0 0 0 0 0.4 0 1.4000000000000001 0 0 0 0 0 0 0 2.8000000000000003 4.2 4 0 0 0 6 2.2 6.800000000000001 0 0 0 2.8000000000000003 3.4000000000000004 2.8000000000000003 0 0 7 0.2 0 0 0 0 9.8 0 6.2 0 0 0 2 5.6000000000000005 4.2 0 0.4 0 0.2 6.6000000000000005 0 0 0 0 0 0 0 0 0 0 0 0 0 0 0 0 0 0 0 0 0 0 0 0.4 0 0 0 0.2 0 0 0 0.2 0 0 0 0 0 0 0 0 0 0 0 0 0.2 0.2 0 0.2 9.8 33.6 0.2 1.2000000000000002 0 0 0.4 0 0 0 0 0 0 0 6 0 0 0 0 0 0 0 0 0 0 0 0 1.8 0 0 0 0 0 0 0 0 0 0 0 0 0 0.4 
 10.600000000000001 7.4 3.4000000000000004 26.6 10.200000000000001 11 13.4 10.200000000000001 58.6 15.200000000000001 10 8.200000000000001 29.200000000000003 10.8 29.400000000000002 18 48 6 0 27.400000000000002 0 0.6000000000000001 0 0 0.4 0 0.4 0.2 0 0 0 0.2 0 0 0 0.4 0 0.4 0 0.4 0 0 0 0 0 0 0 0 0 0 0 13 0 0 0 0 0 0 0.6000000000000001 0 0 0 0 0 0 0 0 0 0 0 0 0.4 0 0 18.8 0.2 0 0 0 0.4 2 3 0 0 0 0 0.2 3.4000000000000004 4.4 0 0 0 0 0 3.8000000000000003 2.2 0 0 3.2 3.2 0 0 0 0 0 0 2.2 0 0 0 0 0 0 0 0 0 0 0 0 0 0 0 0 0 0 2.6 0 0 0 0 0 0 0 0 0 0 0 0 0 0 0.8 0 0 0 0 0.6000000000000001 0 0 0.4 0 0 0 0 0 0 0 0 2.2 0 0 2.6 4.6000000000000005 0 0 0 0 2.2 0.4 0 0.4 0 0 3 1.8 0.2 0 0 3.4000000000000004 0 4 0 0.2 0 0 0.4 0 0.4 0 0 0.2 0 0 0 0 0 0 0 0 0 0 0 0 0 0 0 0 0 0 0 0 0 0 0 0 0 0 0 0 0 0.4 0 0 0 0 0.4 0 0 0 0 0 0 2.8000000000000003 0 0 0 0 0 0 0 0 0 0 0 0 0 0.2 0.8 0 0.4 0 0.4 1.2000000000000002 0 0 0 0.2 0 0 0 0 0 0 0 6.4 0 0 0 0 0 0 0 0 0 0 0 0 0 0 0 0 0 0 0 0 0 0 0 0 0 0 
 13.600000000000001 10.4 28 10 31.8 13.200000000000001 13.200000000000001 39.800000000000004 52 12 15.4 7.2 14.600000000000001 63.800000000000004 67.2 47.6 8.6 51.2 27.400000000000002 0 0 0.4 0 0 0.2 0.4 0.6000000000000001 0 0 0 0 0 0 0 0 0 0 0 0 0.2 0 0 0 0 0 0 0 0 0 0 0 0.4 0 0 0 0 0 0 4 0 0 0 0 0 0 0 4.800000000000001 0 0 0 0 0.4 0 0 0 0 0 0 0 0.4 5.800000000000001 4.6000000000000005 0 0 0.2 0.2 8.6 0.6000000000000001 4.2 2 2.6 3.8000000000000003 5 0 4.4 4 0 5.2 1.8 6.2 4.800000000000001 0 0 0 0 0 0 0 0 2.2 0 0.4 0 0 0 0 0 0 0 0 0 0 0 0 0 0 0 0 0 0 0 0 0 0 0 0 0 0 0 0 1 0 0 0 0 0.4 0 0 0 0 0 0 0 0 0 0 0 0 0 0 3.6 7.4 0 4.2 4.4 0 2.4000000000000004 9 2 0 0.2 0 4.6000000000000005 3.8000000000000003 3 2.2 0 0 1.8 2.8000000000000003 0 0 0 0 0 0 0 0 0 0 0 0 0 0 0 0 0 0 0.2 0 0 2.8000000000000003 0.2 0 0 0 0.2 0 0 0 0 0 0 0 0 0 0 0 0 0 0.4 0 0 0 0 0 0.2 0 0 0 0 0 0 1 0 2.8000000000000003 0 0 0.2 0 0 0 0 0 0 0 0.2 0 0.4 0.4 2.4000000000000004 1 0 0 0 0 0 0 0 0 0 0 0 0 0 0 0.4 0 0 0 0 0 0 0 0 0 11 0 0 0 0 0 0 0 0 0 0 0 0 0 
 0 0 0 0 30.200000000000003 0 0.2 0 0 0.4 0 15.4 12.4 0 0 0 0 0 0 0 0 60.400000000000006 35.4 8 8.200000000000001 26 45.2 28 13 15.200000000000001 8 21.8 53 32.4 46 13.4 8.8 23.6 23.8 69.2 0.4 0 5.800000000000001 0 0.2 0.2 0 0 0 0 2.4000000000000004 3 0 0 0 0 0 0.2 0 0 0.4 0.6000000000000001 0 0 0 0 0 0 0 0 2 0 2.2 2 0 0 0 0 0 0 0 0 0 0 0 3.8000000000000003 0 0 0 0 0 3 0 0 0 0 2.2 0.4 0.2 0 0 7 0 6.6000000000000005 0 0 5 0 7 2.4000000000000004 2 0.2 4.2 0 2.8000000000000003 7 0.2 4.800000000000001 6.6000000000000005 0 0 0 0 0 0 0 0.4 0 0 0 0 0 0 0 0 0 0 0 0 0 0 0 0 0 0 0 0 0 0 0 0 0 0 0 0 0 0 0 0 0 0 0 0 2.8000000000000003 0 0.2 0 0 0 2 0 0 0 0 0 0 1.8 0 0 0 0 1.2000000000000002 8.4 6.2 2 0 4 0 2 4 1.6 0 4.2 2.8000000000000003 0 2.8000000000000003 1.6 0.2 9.8 1.6 1.8 0 0 0 0 0 0 2.8000000000000003 0 0.2 0 0 0 0 0 0 0 0.2 0 0 0 0 0 0 0.4 0 0.2 0 0 0 0 0 0 0 3.2 0 0 0 0 0 0 2.2 0.4 0 0 0 0 0 0 15 0 0 0 0.4 3 0 0 0 0 0 0.8 0.4 0 0.2 0 0 0 0 0 0 0 0 0 0 0 1.6 0 0 0 0 0 0 0 0 0 0 0 0 0 0 
 0.6000000000000001 0.4 15.600000000000001 1.6 30.400000000000002 0.6000000000000001 0.6000000000000001 0.6000000000000001 0.4 0.8 0.6000000000000001 16 0.8 0.4 11.200000000000001 0.4 0.6000000000000001 0.6000000000000001 0.6000000000000001 0.4 60.400000000000006 0 22.400000000000002 42 16.2 5.2 53.6 16.8 27.8 8 20.400000000000002 28.400000000000002 25.200000000000003 12 68.2 23.200000000000003 20.200000000000003 10.8 29 69.4 0.4 0 0 0 0 0.2 12.200000000000001 0.2 0 0.4 0 0 9.8 0 0 0 0 0 12.600000000000001 0 0.4 0.6000000000000001 0 0 0 0 0 0 0 0.6000000000000001 0 0 0 0 9 0 0 0 0 0 0 0 0 0.4 0 0 0 0 0.2 0.2 0.2 0.4 0 0 0 0 0 0.2 0 0 2.6 5.2 5.2 0 2.2 2.4000000000000004 0 1.6 2.6 0 0 0 0 1.4000000000000001 1.4000000000000001 0 2.4000000000000004 4.800000000000001 1.8 2.8000000000000003 0 0 0 0 0 0 1.8 0 3.4000000000000004 0 0 0 0 0 2.2 0 0 0 1.4000000000000001 0 0 0 0 0 0.2 0 0 0 0.4 0 0 0 0 0 0 0 0 0 0.2 0 0 0 0 0 0 0 0 0 3 0.2 0 2.6 1.4000000000000001 0 0 0 0 0.2 0 0.2 2.6 7.800000000000001 0.4 2.2 0 1.6 0 0 2.6 3.8000000000000003 0.4 0 0 0 4 0 0 3.4000000000000004 2.2 0.2 2.2 0 0.4 0 0 0 0 0 0 0 0 0 2.6 0 0 2.8000000000000003 0.4 0 0 0 0 0 0 0 0 0 0 0 0 0 0 2.4000000000000004 0 0 0 0 0 0 0 0 0 1.6 0 0 0 0 0 0 0 0 0 0 0 0 0.2 0.4 0 15.200000000000001 0.4 0.4 0.2 0.2 0.2 0 0 0 0 0 0 0 0.4 0 0 0 0 0 0 0 0 0 0 0 0 0 0 0 0 0 0 0 
 0 0 0 0 40.2 0 0 0.2 0 0 0 21.6 0 0.6000000000000001 0 0 0 0.2 0 0 35.4 22.400000000000002 0 16.400000000000002 11.8 5.800000000000001 45.6 35 14.200000000000001 45.400000000000006 8.200000000000001 8.4 50.400000000000006 9.8 35.800000000000004 70.60000000000001 52.800000000000004 40.6 31.8 46.6 0.4 0 0 0 0 0 0 0.2 0 0 0 0 0 0 0 0 0 0 0 0 0.4 0.6000000000000001 0 0 0 0 0 0 0 0.4 4 0 0 0 0 0 0 0 0 1 0 0 0 0 0 2.8000000000000003 0 0 0 0 0 0 0 0 0 0 0 0 0 0.2 0.2 7.4 3 4.6000000000000005 0 9.4 4.2 0.4 13.200000000000001 4.6000000000000005 0 3.6 6 5 9.200000000000001 9.8 0 10 2.4000000000000004 3 0 0 0 0 0 0 0 0 0 0 0 0 0 0 0 0 0 0 0 0 0 0 0 0 0 0 0 0 0.4 0 0 0 2 0 0 0 0 0 0 0 0 0 0 0 0 2.8000000000000003 0 0 0 0.2 0 3 0.8 0 0 0 0 0 0 0 0.2 7.800000000000001 8 7.4 3 0 0 1 4 3.8000000000000003 0 0 3.8000000000000003 0.8 1 3.8000000000000003 11.200000000000001 4 11 0 0 0.2 0 0 0 0 0 0 1.4000000000000001 0 0 0 0.4 0 0 0 0 0 0 0 0 0 1.6 0 0 0 0 0 0 0 0 0 0 0 0 0 0 0 0 0 0 0.2 2.4000000000000004 0 0 0 0 0 0 0 0 0 0 0 1.8 0.4 0 0 0 0 4.6000000000000005 0 0 0 0 0 0 0 0 0 0 0 0 0 0 0 0 0 0 0 0 0 0 0 0 0 0 0 0 0 
 0 0 0 0 0 0.2 0 0 0 0.6000000000000001 0 0.4 0 1 0 0 0 0.4 0 0 8 42 16.400000000000002 0 82 20.6 20.6 44.6 31.400000000000002 16.2 26.400000000000002 86 8 88.2 15.8 17.6 9 41.800000000000004 13 23.6 3.6 0 12.600000000000001 0 0 0 0 0.2 0 0.4 0 0 13 0 12.4 0 0.8 0 20.6 0 0.8 0.6000000000000001 0 0 0 0 0 0 0 1 0 0.4 0 0 0 0.8 0 0 0.4 0 0 0 0 0 0 0 0 0 0 0 3 0 0 0 0 0 0 0 0 0 0.4 0 1.6 2.8000000000000003 2.8000000000000003 6.2 0 0 0 1.8 2.4000000000000004 0 0 0 1.6 0.4 2.8000000000000003 0.4 0 0 3.6 1.8 0.2 0.2 0 0 0 5.4 6.4 0 0 0 2 0.2 5.800000000000001 0 0 0 3.2 4.6000000000000005 0 0 0 0 0 0 5.2 0 0 0 0 0.2 0 0 0 0 0 0 0 0 0 0 0 0 0 0 0 0 3.4000000000000004 0 0 0 2.2 0 0 0 0 0 0 4.4 0 2.4000000000000004 0 0 4.4 8.4 0 0 0 0.2 0 7.800000000000001 0 0 3.8000000000000003 2.4000000000000004 1.2000000000000002 2.2 0 0 1.2000000000000002 0 3 0 0 0 0 1.2000000000000002 2.8000000000000003 0.8 0 0 4.800000000000001 2.4000000000000004 3.2 0 0 0 6 11.200000000000001 0 0 0 0 0 0 0 0 0 0 0 0 0 0 0 0 0 2.8000000000000003 0 0 0 0 0 0 0 0 0 0 0 0 0 0 0 0 2.6 0.2 0.6000000000000001 18.400000000000002 0.4 0.4 18 0 0 0 0 0 0 0 0 0 0 0 0 0 0 0 0 0 0 0 0 2.8000000000000003 0 0 0 0 0 0 0 0 
 0 0 0 0 0 0.4 0 0 0 0.6000000000000001 0.2 0 0 0.2 0 0 0 0 0.4 0.2 8.200000000000001 16.2 11.8 82 0 73.4 9.600000000000001 30.400000000000002 29.200000000000003 17.8 47.800000000000004 12.200000000000001 13.8 18.6 33.2 21 10.8 14 13.4 19.200000000000003 5 0 0.2 0 0.8 0 10 0.2 0 0 0 0.2 0 0 0 1 0.6000000000000001 0 0 12.4 0.4 0.6000000000000001 0 0 0 0 0 0 0 0.4 0 0 0 0.4 0 0 1.8 0 0 0 0 0.4 0 0.2 0 0 0 0 0 0 0 0 0 0 0 0 0 0 0 0 3.8000000000000003 1.2000000000000002 0 3.2 4.800000000000001 3.8000000000000003 0 0 0 2.6 4 1.4000000000000001 0 1.6 2.4000000000000004 0 0 2.8000000000000003 0 0 5.800000000000001 2.4000000000000004 0 0 0 0 0 2 0 0 0 0 0 0 0 0 3.8000000000000003 0 21 4.4 0 0 0 0 1 0 0 0 0 0 0 1.4000000000000001 0 0 9.4 0 0 0 0 0 0 0 0 4.2 0 0 0 0 0 6.2 0 3 0 0 0.2 0 0 0 0 0 0 0 3.6 6.6000000000000005 5.800000000000001 15.8 0 1.6 0.6000000000000001 2.6 3.8000000000000003 1 0 0 5.4 2 1.8 0 0 0 4.6000000000000005 1.4000000000000001 0 0 0 0 3.4000000000000004 5.6000000000000005 0.8 2.8000000000000003 0 0 4.4 0 0.2 0 0.8 0 6.2 0 0 0 0 0 0 0 0 0 0 0 0 0 0 0 0 1 0 0.4 0 0 0 0 0 0 0 0 0 0 0 0 0 0 0 0 4.4 0.2 0 15.8 0.4 0 0.4 0 0 0 0 0.2 0.2 0 0 0 0 0 0 0 0 0 0 0 0 0 0 6 0 0 0 3.8000000000000003 0.4 0 0 0 
 0 0 0 15.200000000000001 42.400000000000006 7 0 0 0 0 0 8 0 0 0 0.2 0 14.8 0 0.4 26 5.2 5.800000000000001 20.6 73.4 0 56.6 9.4 13.600000000000001 8.200000000000001 17 36.4 5 51.2 13.200000000000001 57 52.800000000000004 28.400000000000002 52.2 13 13.600000000000001 0 25 0 0 0 12.4 0.2 0 0 0 0 12.8 0 0.4 12.4 12.8 10.8 13.200000000000001 1.6 0.4 0.6000000000000001 0 0 0 0 0 6 0 0.4 0 0 0 0 8.8 0 0 0 0 0 0 0 2.8000000000000003 0 0 3.2 0 3.6 0 0.4 0 0 0 0 0 0 0 0.4 0 0 0 0 0 2.4000000000000004 0 0 0 4 0 7.800000000000001 8.8 0.8 4 0 2 0 0 0.2 0.4 0 5.4 0 0.2 0 0 0 0 3.8000000000000003 5.2 4.6000000000000005 0 0 2.2 6.2 6.2 0 3.8000000000000003 0 0 4.4 0 0 0 0 0 0 0 0 0 0 0 0 0 0 0 0.2 0 0 0 0 0 0 2.2 0 0 0 0 0.4 3.8000000000000003 0.2 0 0 0 0 0 4.2 0 0 0 0 0 0.6000000000000001 0 2.6 0 4.4 4.6000000000000005 0 0 0 0 7.4 3 0 1 1.8 0 0 3.8000000000000003 0 0.2 3.8000000000000003 4.2 0 0 0 2.8000000000000003 3.6 0.8 4 0.2 0 5 5.800000000000001 0 3.8000000000000003 7.800000000000001 2.8000000000000003 1.4000000000000001 12.8 0 0 0 0 0 0 0 0 0 0 0 0 0 0 0 0 0 0 0 0 0 0 0 0 0 0.2 0 0 0 0 0 0 0 0 0.2 0 0 9 8.6 1.6 1 0 0 0 0 0 0 0 0 0 0 0 0 0 0 0 0 0 0 0 0 0 0 0 3.4000000000000004 0 0 0 0 0 
 0.2 0.6000000000000001 5.2 0.4 15.4 0.2 0.4 0.4 0.2 16.8 14.8 15.4 0.8 0.2 0.2 0.4 4.4 15.4 0.4 0.6000000000000001 45.2 53.6 45.6 20.6 9.600000000000001 56.6 0 64.8 61.2 48.6 23 34.6 41 40.6 24 22.6 36.6 38.2 16.6 26.6 1 0.6000000000000001 0.8 0 0.6000000000000001 0.6000000000000001 0.6000000000000001 0.2 0.6000000000000001 0 0.6000000000000001 0 0.6000000000000001 0 0 0.4 0.6000000000000001 1 0.6000000000000001 0 0.4 0.6000000000000001 0 0.8 0 0.4 0.4 1 0 0.8 0.4 0 0.4 0 0 0 0 0 0 0.4 0 0 0 1.4000000000000001 0 0 0 0 2.4000000000000004 2.4000000000000004 5.2 0.2 0 0 0 0 2.2 0 0 0 0 4.2 2.2 2.4000000000000004 0 1 3.6 0 3.4000000000000004 1.4000000000000001 2.2 0 7.4 0 3.4000000000000004 2.2 3.6 3.4000000000000004 1.8 2.4000000000000004 0 0 0 0 0 0 0 0 0 0 0 0 0 0 0 0 0 0 0 0 0 0 0 0 0 0 0 0 0 0 0 0 0 0 0 0 0 0 0.4 0 0 0 0 0 0 0 0 0 0 0 1.6 1 1.6 0 0 0 3.4000000000000004 4.2 0 0 0 0 3.2 3 0.2 0 0.2 2 2.2 2 1.4000000000000001 5.800000000000001 2.4000000000000004 3.2 4 2.2 6.4 2.4000000000000004 2.6 14.4 0 0 0.2 0 0 0 0 0 0 0 0 0 3.4000000000000004 0 0 0 0 0 0 0 0 0 0 0 0 0 0 0 0 1.6 0 0 0 0 0 0.4 0 0 0 0 0 0 0 0 0 0 0 0 0 0 0 0.4 0 0 0 0 0.4 0 0 0.4 0 2 2.4000000000000004 0 0 0 0 0 0 0 0 0 0 0 0 0 0 0 0 0 0 0 0 0 0 0 0 0 0 0 
 0.4 0.4 0.2 0.4 0.2 0.2 0.2 0.4 0 0.2 0.2 0.8 0.2 0 0.2 0 0.2 0.4 0.2 0 28 16.8 35 44.6 30.400000000000002 9.4 64.8 0 33.6 25.400000000000002 24.6 12.200000000000001 13.4 17 42.400000000000006 24 16 32.800000000000004 14 67.8 0.4 1 0.2 0 0.4 0 1.4000000000000001 0.2 0 12.4 0 0 0.4 0.2 0 0 0 1 0 0.4 0.6000000000000001 1.2000000000000002 0 0 0 0 0 0 0 0.6000000000000001 0 0 0 0 0 0 0 0 0.4 7 0 0 0 0 2.2 0 0 0 0 0 0 0 0 0 0 0 0 0 0 0 3.6 3.6 11.600000000000001 3.8000000000000003 0.8 5.2 0 0 0.8 1 0 8.200000000000001 2.6 0 0 2.4000000000000004 9 5.800000000000001 0 0 0 0 0 0 0 0 4 0 0 0 0 0 0.4 0 0 0 0 0 2.8000000000000003 0 0 0 0 0 0 0 0 0 0.2 0 0 0 0 0 0 0 0 0 0 0 0 0 0 0 0 4.800000000000001 0 0 2.2 0 0 0 1.2000000000000002 0 0 0 0 0 0 0 1.6 0 2.2 4.2 13.4 0 8.200000000000001 1.2000000000000002 0 0 10.8 7.2 0 6.800000000000001 3.8000000000000003 0 2 8.200000000000001 0 2.2 0 0 0 0 0 0 3.4000000000000004 0 0 0 0 0 2.6 0 0 0 0 0 0 0 0 0 0 0 0 0 0 0 0 0 0.2 0 0 0 0 0 0 0 0 0 0 0 3 0 0 0 0 0 0 0 0 0 0 0 1 0 0 0 0 0.2 0.4 1.6 0 0 0 0 0 0 0 0 0 0 0 0 0 0 0 0 0 1.6 0 0 0 0 0 0 1.8 0 0 0 
 0 0 0 0 14.8 15 0 0 0 1.6 0 0.6000000000000001 0 0 0 41 0 0.4 0 0 13 27.8 14.200000000000001 31.400000000000002 29.200000000000003 13.600000000000001 61.2 33.6 0 119.4 22.400000000000002 41 16 46.6 77.4 46.2 23.200000000000003 26.400000000000002 15.8 30.6 0.4 1.2000000000000002 0.4 0.6000000000000001 0 0 0 0.2 0 0 0.2 0 19.8 0 0.4 0.6000000000000001 0.6000000000000001 1 12.4 0 0.4 0.6000000000000001 0 0 0.6000000000000001 0 0 0 1.2000000000000002 1 0 0.2 0 0 0.8 0 0 1.6 0 0 0 0 1.4000000000000001 0 0 0 0 0 0 0 0 0 0 0 0 0 0 0.4 0.2 0 2.2 0 0 0.2 3.2 3.4000000000000004 0 0.2 0 2.6 2.8000000000000003 1.8 2.6 1.4000000000000001 0 6 8.6 0 0 0 0 0 0 0 0 0 2 0 2.4000000000000004 0 0 0 0 0 2 0 0 0 1.6 0 0 0 0 0 0.6000000000000001 0 0 0 0 0 0 0 0 0 0 0 0 0 0 0 0 0 0 0 0 4.2 0 0 0 0 0 0 0 0 0.2 0 0 0 0 0 0 5 5 0.2 1.8 1.8 6.4 0.4 5.800000000000001 3 1.6 7.4 0.4 0.4 0 6.2 2 6.6000000000000005 2.2 1.8 0.4 0 3.8000000000000003 0 0 0 2.6 0 0 0.2 0 0 1.4000000000000001 0 0 0 0 0 0.4 0 0 0 0 0 0.4 0 0.2 0 0 0 0 0 0 0 0 0.6000000000000001 0 0 0 0 0 0 4.2 0 0 0.2 0 0 0 0 0 0 0 0.4 1.6 0 0 14.8 0 0 2.8000000000000003 1.6 0 0 0 0.2 0.6000000000000001 0 0 0 0 0 0 0 0 0 0 0 0 0 0 0 0 0 0 0 3.4000000000000004 0 0 0 
 0 0 0 15.4 0 0 0 0 0 0.6000000000000001 0 0 0.2 0.2 0 0 0 0 0 0 15.200000000000001 8 45.400000000000006 16.2 17.8 8.200000000000001 48.6 25.400000000000002 119.4 0 35.2 21.8 7.2 38.2 38.6 26.200000000000003 18.6 18.400000000000002 34.4 18.2 0.4 1.2000000000000002 0.4 0 0 0.2 0 0.2 0 0.4 0 0.2 0 0 0 0 0 0.8 0 0 0.4 0.6000000000000001 0 0 0 0 0 0 0 6.4 0 0 0 0 0 0 12.8 0 0 0 0 0 0 0 0 0 0 0 0 0 0 0.4 0 0 0 0 0 0 0 0 1 0 1.8 0.8 6 4 4.800000000000001 0 0 1.8 11.200000000000001 1 2.2 2.4000000000000004 4.4 7.800000000000001 0.2 0.2 10.600000000000001 0 8.6 3.4000000000000004 0 0 0 0 0 0 0 0 0 0 0 0 0 0 0 0 0.4 0 0 0 0 0 0 0 0 0 0 0 0 0 0 0 0.2 0 0 0 0 0 0 0 0.8 0 0 4.2 0 0 0 1.6 0 1.6 2.2 0 0 0 0 0 0 0.4 2.6 0 5.800000000000001 2.8000000000000003 9 0.8 3.4000000000000004 0 5 3.8000000000000003 2 5.4 0 2.8000000000000003 2 2.6 8.8 5.4 0 0 0 0 0.2 1 0 0 0 0 0 0 0 0 0 0 0 0 0.4 0 2.6 0.8 0 0 0 0 0 0 0 0 0 0 0 0 0 0 0 0 0 0 0 0 0 0 4.4 0 0 0 0 0 0 0 0 0 0 0 1.2000000000000002 0 0.2 0 0.8 0.4 0.4 0.6000000000000001 0 0 0 0.2 0 0 0 0 0 0 0 0 0 0 0 0 0 1.8 0 0 0 0 0 0 0 0 0 0 
 0 0 0 0 42.6 0 0 0 0 0.6000000000000001 0 0 0 0.4 0 23.6 0 0 0 0 8 20.400000000000002 8.200000000000001 26.400000000000002 47.800000000000004 17 23 24.6 22.400000000000002 35.2 0 48 5 47 10 32 21.400000000000002 75.8 8.200000000000001 12.8 0.4 0 0.4 0 0 0 0 0 0 0 0 0 0 0 0 0 2.8000000000000003 0 13 0 0.6000000000000001 0.6000000000000001 0 0 0.6000000000000001 0 0 15.8 0 0 0 0.2 0 0 0 0 0 0 0 0 0 0 0 0.2 0 0 0 0 0 0 0 0 0 0 0 0 0 0 0 0 5.6000000000000005 1.8 4.2 4.2 0 0.4 0 3 0 4.4 12.4 0.2 0.2 0 0 2.6 9.4 0 0 2 0.2 2.8000000000000003 0 0 0 0 0.2 5.4 0 2 0 0 5.6000000000000005 2.2 1.6 0 0.2 0 7.6000000000000005 0 0 0 0 0 0 0 0 0.4 0 0 0 0 0 1.6 0 0 0 0 0 0 0 0 0 0 0 0 0.2 0 2.2 1.2000000000000002 0 1.4000000000000001 0 0 0 3 0 0 0 0 1.6 4 8 3.2 5.800000000000001 2 0 6.4 0 2 3 0 0 2.8000000000000003 0 0.6000000000000001 0 0 0 1.8 0 0 0 0 0 0 2.2 0 0.8 0 0 0 0 4.4 4 0 0 0.2 0 5.4 0 0 0 0 0 0 0 0 0 0 0 0 0 0.2 0 0 0 0 0 0 0 0 0 0 0 0 0 0 0 0 0 0 0 0 2.4000000000000004 0.4 0.6000000000000001 0 25 0 0.2 5 0 0 0 0 1.8 0 0 0 0 0 0 0 0 0 0.4 0 0 0 0 0 0 0 2.4000000000000004 0 2 0 0 0 
 0 0.4 0 0 0 0 0 0 0 0 0 0.8 0 0 0.4 0 0 0.4 0.2 0 21.8 28.400000000000002 8.4 86 12.200000000000001 36.4 34.6 12.200000000000001 41 21.8 48 0 5.2 74.2 33 73.60000000000001 26.8 46.6 46.2 88.2 0.4 0 6.4 0 0 0 0 0 13.200000000000001 0 0 0 25.6 0 0.4 0 0.8 0 16.2 0 0.4 0.6000000000000001 0 0 0 0 0 5.6000000000000005 0 0 0 0 0 0 0 0 0 0 0 0.6000000000000001 0 0 0 0 0 0 0 0 0 0 0 0 0 0 0 0 0 0 0 0 0 8.6 2.4000000000000004 0 2.4000000000000004 3.6 0 0 0 1.8 5.6000000000000005 0.8 0 0 0 3.8000000000000003 1.8 2.8000000000000003 0 0 0 0 3 0 0 0 0 2.4000000000000004 0.4 2.6 0 0 4.6000000000000005 1.6 6 0 0 0 0.2 3 0 0 0 0 0 0 0 0 0 0 0 0 0 0 0 0 0 0 0 0 0 0 0 0 0.4 0 0 0 7.2 0 0 0 1.2000000000000002 0 0 0 0 0 0 0 0 1.2000000000000002 0 0 0 3.6 0 0 1.8 3.2 1.6 0.8 0 3 1.8 3.2 8 5.800000000000001 0 0 2.6 0 2 0 0 0 0 0 1.8 0 0 0 2.4000000000000004 2.6 0 2.4000000000000004 0.2 4.6000000000000005 1.8 7.6000000000000005 0 0 0 0 0 0 0 0 0 0 0 0 0 0 0 0 0 0 0 0 0 0 0 0 0 0 0 0 0 0 0 0 0 0 0.6000000000000001 0.8 0.4 15.600000000000001 2.8000000000000003 0 1.2000000000000002 2 0 0 0 0 0 0 0 0 0 0 0 0 0 0 0 0 0 0 0 0 0 0 2.2 0 0 0 0 0 
 0 0 0 5.4 41.800000000000004 0.2 0 0 0 0.4 15.200000000000001 35.6 0 0 0 0.2 0 0 0 0 53 25.200000000000003 50.400000000000006 8 13.8 5 41 13.4 16 7.2 5 5.2 0 9.600000000000001 24.6 9 6 13.200000000000001 80.2 24 0.4 0 0 1 0.4 0 0 0 0 0 0 0 0 0 0.6000000000000001 1 1 0 0 0.6000000000000001 0.4 0.6000000000000001 0 0 0 0 0 0 0.8 1 0 0 0 0 1 0 0.4 1 0 0 0 0 0 0 0 1.8 0 0 0 0 0 2.6 0 0 0 0 0 0 0 0 5 6.2 2.6 1 2 7.800000000000001 4 6 2.6 1.8 0 0 0 8 4.800000000000001 1.4000000000000001 4 4.2 5.800000000000001 2.8000000000000003 0 0 0 0 0.4 0 0 0.2 0 0 0 0 0 0.4 0 0 0 0 0.4 0 0 0 0 0 0 0.4 0 0 0.2 0 0 0 0 0 0 0 0 0 0 0 0 0 0 0 0 0.2 0 0 0 0 0 12.4 0 0 0 0 0 1.2000000000000002 0 0 8.8 5 7.4 4.6000000000000005 0 0 0 4 4.6000000000000005 0.2 0 0 5.800000000000001 0 2 8.6 2.4000000000000004 1.2000000000000002 7.6000000000000005 0.4 0 0 0 0 0 0 0 0 0 0 0 0 0 0 0 0 0 0 0 0 0 0 0 0 0 0 0 0 0 0 0 0 0 0 0 0 0 0 0 0 0 4.6000000000000005 0 0 0 0 0 0 0 0 0 0 0 0 1.6 0 0 0 0 0 0.2 0 0 0 0 0 0 0 0 0 0 0 0 0 0 0 0 0 0 0.2 0 0 0 0 0 0 0 0 0 0 
 0.2 0 0.4 0 0 0 0 0 0 0 0 0 0.4 0 40.6 0 15.600000000000001 0 0 0 32.4 12 9.8 88.2 18.6 51.2 40.6 17 46.6 38.2 47 74.2 9.600000000000001 0 51.800000000000004 41.2 20.400000000000002 26.200000000000003 56.2 21.8 0.4 0.4 4.4 0 2.6 0 0 0.2 0.4 1.4000000000000001 0 0 0 0 5.6000000000000005 0 0 0 13 0 0.4 0.6000000000000001 0 0 1 0 0 0 0 0.6000000000000001 0 0 0 0 0 0 0.8 0 0 0 0 0 0 0 0 0 0 0 0 0 0 0 0.2 0 0 0 0 0 0 0 4 4.6000000000000005 6 1.8 2.2 11.8 0 1.6 0 0 4.4 0.2 0 5.800000000000001 0 5 9 1.8 0 0 0 0 0 0 0 0 0.4 0.2 0 0 0 0 0 0 0 0 0 0 0 0.4 0 0 0 0 0 0 0 0 0 0 0 0.2 0 0 0 0 0 0 0 0 0 0 0 0 0 0 0 0 1.4000000000000001 4 0 0 1.2000000000000002 0 0 0 0 0 0 0.2 4.2 2.6 2.8000000000000003 2 3.4000000000000004 2 5.800000000000001 6.2 1.8 3.4000000000000004 1.6 0.2 0 7.6000000000000005 13.4 2.6 7.6000000000000005 1.8 0 0 0 0 0 0 0 0 0 0 0 0 0 0 2.4000000000000004 0 0 0 0.2 0 0 3.8000000000000003 0 0 0 0.4 0 0 0 0 0 0 0 0 0 0 0 0 0 0 0 0 0 0 0 0 0 0 0 0 0 0 0 0 0 0 0.4 0.2 0.2 0 0 0.4 0.6000000000000001 3.2 0 0 0 0 2.4000000000000004 0 0 0 0 0 0 0 0 0 0 0 0 0 0 0 0 0 0 0 0 0 0 0.4 
