 0 73.60000000000001 35.4 11.600000000000001 4.2 9 68.2 27.400000000000002 69 12.8 28.200000000000003 34.2 44.6 30.6 23.6 22.400000000000002 29.200000000000003 58 109.2 8.200000000000001 0 0 0.4 0.2 0 0.8 0 0 0 0 0 0 0.6000000000000001 0.4 0 0 0.6000000000000001 0.6000000000000001 0.6000000000000001 0 0.4 1.4000000000000001 0 0 0 0 0.4 0.6000000000000001 0 0 0 0 0 14 0 0.4 0 0 0 0 0 0.4 0 0 0 0 0 0 0 0 0 0.6000000000000001 0 0 0 0 0 0 0 0 5.800000000000001 5.6000000000000005 0 0.4 3.8000000000000003 0 3.4000000000000004 16.2 2.4000000000000004 4.6000000000000005 0 8.8 3 4 10 12.4 0.2 1.2000000000000002 8.6 0 0.2 0 0 0 1.2000000000000002 0 0 0 0 0 0 0 0 4 0 4.800000000000001 0 0 0 0 0 0 0 0 0 0 0 0 0.2 0 0 0 0 0.4 0 0.2 0 0 0 0 0 0 1.8 0 0.4 0 0 0 0 0 0.6000000000000001 0 0 0 0 0 0 0 0 0 13.8 3 3.6 3.6 0 0 0.2 2 5.4 4.2 0 3.4000000000000004 0 3.4000000000000004 6.6000000000000005 9.200000000000001 2 3 2.8000000000000003 4.2 2.2 0 0 0 0 0 0 0 0 0 0 0 0 0 0 0 0 0 0.4 0 0 0.4 0 0 0 0 0 0 0 0 0 0 0 0 0 0 0 0 0 0 0 0 0.4 0 0 0 0 0 0 0 3.8000000000000003 0 0 0 0 0 0 0 0 0 0 2.6 0 0 0 0.4 0.4 0 0.4 0 0 1 3.2 0 0 0 0 0 0 0 0 0 1 0 0 0 0 0 0 0 0 0 0 0 0 0 0.4 2.2 0 0 0 0 0 0 0 0 0 0 0 0 
 73.60000000000001 0 19 22 26 26.200000000000003 30.6 42.6 34.800000000000004 88 83.60000000000001 18.2 33.4 11.8 41.400000000000006 55.2 51.2 21 12.4 50.2 0.6000000000000001 14.8 1 0 0 1.2000000000000002 15 0 0 0.4 0 0 0.2 0 0 0 0.6000000000000001 0.6000000000000001 16 0.4 0.4 0.6000000000000001 0.4 0.2 0 7.2 0 0.8 0 0 0.2 0 0 0 0.4 0.4 0 0 0 0 0.2 0.4 0 8.8 0 0 0 0 0 0 0 1 0 0.4 10.4 0 11.4 0.4 0 0 3.2 8.200000000000001 2.6 2.6 2.4000000000000004 0 0 1.8 4.6000000000000005 2.4000000000000004 3 0.2 0 8.8 11.4 4.800000000000001 4.6000000000000005 5 3.8000000000000003 0 0 0 0 0 0 0 2.2 0 0 0 0 0 1.6 3.4000000000000004 0 0 0 0 0.6000000000000001 2 0 0 2 0 0 0 0 0 0 0 0 0 0 0 0 0 0 0 0 0 0.2 0 0 0 0 0 0 0 0 0 0 0 0 0 0 0 0 0 0 0 1.8 1.4000000000000001 11 2.8000000000000003 2.4000000000000004 2.8000000000000003 0 3 1.6 1.4000000000000001 0 3 2.8000000000000003 3 1.4000000000000001 7.6000000000000005 3.4000000000000004 6.6000000000000005 0 2.2 2.2 0 0 0 0 0 0.4 0 0.2 0 0 0 0 3.2 0.4 0 0 0 3.4000000000000004 0 0 0 0 0 0 0 0 0 0 0 0 0 0 0 0 0 0 0 0 0 0 0 0 0 0 0 0 0 0 0 0 0 0 0 0 0 0 0 0 0 0 2.2 0 0 0 0 0.2 0 0.4 0.2 1.4000000000000001 0.8 2.6 0 0 0 0 0 0 0 0 0 1.4000000000000001 0 0 0 0 0 0 0 0.2 0 0 0 0 0 0 5.800000000000001 0 0 0 0 0 0 0 0 0 0 0 0 
 35.4 19 0 20.200000000000003 72.2 10.8 47.800000000000004 15.8 15.600000000000001 33.2 58.800000000000004 17.8 55.6 28.8 47 31.8 7.2 60 9.8 6.6000000000000005 0 0 0.4 0.6000000000000001 0 0.4 0 0 0.4 0 0.4 0 15.4 0 0.2 0.4 0.6000000000000001 0.6000000000000001 0.8 0.6000000000000001 0.2 0.4 0.6000000000000001 0.2 0 0 0.8 15.200000000000001 0 12.200000000000001 12.600000000000001 0 0 0 0 0.4 0 0 0 0 0 1 0.4 0 0 0 0.4 0.6000000000000001 0.4 0 0 0.6000000000000001 0.4 0 0 0 0 0.4 0 7.6000000000000005 8.6 3.4000000000000004 2.8000000000000003 1.8 6.6000000000000005 2 2 5.2 5 2.2 0 2.4000000000000004 3.8000000000000003 0.2 8.4 12.600000000000001 6.800000000000001 2 3.8000000000000003 0.2 4.4 0 0 0 0 0 2.2 3.4000000000000004 0 0 0 0 0 0 0 0 0 0 1.2000000000000002 0.4 0 0 0 0 0 0 0 0 0 0 0 0 0 0 0 0 0 0 0 0 0 0 2.6 1 0.2 0 0 0 0 0 0 0 0 0 0 0 0 0 1.4000000000000001 0.2 5.4 6.800000000000001 2.8000000000000003 3.6 0 2.8000000000000003 2 2.2 3.4000000000000004 11.600000000000001 2.6 3.2 0 3 1.4000000000000001 4 0 8.4 3 2.6 2.2 0 0 0 0 0 0 3 0 0 0.4 0 1 2.6 0.2 0 0 0 0.2 0 0 0 0 2 0 0 0 0 0 0 0 0 0 0 0 0 0 0 0 0 0 0 0 0 0 0.2 0 0 0 0 0 0 0 0 0 0 10.4 0 0 0 0 2.2 0 0 0 0.4 0.2 0.4 0 25.200000000000003 0 0 0 0 0 0 0 0 0 4.4 0 0 1.4000000000000001 0 0 0 0 0 0 0 0 0 0 0 0 1.2000000000000002 4.4 0 0 0 0 0 0 0 0 0 0 0 0 0 
 11.600000000000001 22 20.200000000000003 0 59.800000000000004 46 28.400000000000002 29.8 32.6 40 32.2 12 74 35 22 41.2 24.8 43.6 17.6 52.6 0.4 15.8 1.4000000000000001 0 5.6000000000000005 0.4 14.8 0 0 0.8 0.6000000000000001 0 15 12.600000000000001 0 0.2 1 0.6000000000000001 0.6000000000000001 22 0.4 0.4 1.2000000000000002 1.2000000000000002 0.2 0 0.6000000000000001 1.4000000000000001 0 0 0 0.4 0 0 0 0.4 0 1.4000000000000001 0 0.4 0 0.4 3.2 0 3.4000000000000004 0 0 0 0 0.4 0 0.6000000000000001 0 0 0 0 7.800000000000001 0 0 0.4 2.4000000000000004 0 0 0.2 5.800000000000001 3.4000000000000004 0 0 0.2 0 6.6000000000000005 5.6000000000000005 0 2.4000000000000004 1.2000000000000002 0 2.6 2.8000000000000003 0 0 6 4.6000000000000005 0 0 0 0 5.800000000000001 5.2 4.4 0 0 0 4.2 0 3.4000000000000004 0 3.2 0 8.8 1.8 0 0 0 0 0 0.2 0 0 0 0.4 0 0 2 0 0 0 0 0 0 0 0 0 0 1.2000000000000002 1 0 0 0 0 1 0 0 0 0 0 0 0 0 0.8 1 0 0 0 1.8 2.4000000000000004 8.4 0 0 0 2.2 0 2.6 0 0 0 0 7.4 0 0 0 4.4 0 0 0 0.2 0 3.4000000000000004 6.6000000000000005 5.6000000000000005 2 0 0 6.2 2 3.8000000000000003 2 0 0 0.2 5 0 0 0 0 0 0 0 0 0 0 0 0 0 0 0 0 0 0 0 0 0 3.8000000000000003 0 0 0 0 0 0 0 0 0 0.2 0 0 0 0 0 0 0 0 0 0 0 0 0 0.8 17.6 0 0 0.2 2.2 1.8 0 0 0 0 0 0 0 0.4 0 0 0 0 0 0 0 0 0 0 6.6000000000000005 0 0.4 0 0 2 0 0 0 0 0 0 0 0 0 0 0 0 0 0 
 4.2 26 72.2 59.800000000000004 0 17 9.600000000000001 13 46.800000000000004 32 34.800000000000004 43.6 13.200000000000001 33.6 65 34.4 29.200000000000003 9.200000000000001 57.2 9 0.2 15.8 0.6000000000000001 0.2 0.4 0.8 0 0 0 0 0 0 14.8 4.2 0 0 0.6000000000000001 0.6000000000000001 0.6000000000000001 0 0.2 0 9 0.6000000000000001 0 0 0 1 0 0 0 0 0 0 0 0.4 0 0.6000000000000001 0 0 0 0.4 0 0 0 0 0 0.6000000000000001 0 0 0 0.6000000000000001 0 0 0 0 6.2 0 0 0 0.2 5.4 4.6000000000000005 2.6 5.4 8.200000000000001 0 0 1.4000000000000001 2.6 21 3.8000000000000003 0 0 8 5 0.2 0 0.2 0 5.2 0 0 0 0 0.4 1.8 2.6 0 0 0 0 3.4000000000000004 0 2.8000000000000003 0 0 0 8.200000000000001 2.4000000000000004 0 0 0 0 0 0 0 0 0 0 0.2 0 0 0 0 0 0 0 0 0 0 0 0 6.2 0.4 0 0 0 0 1 0 0 0 0 0 0 0 0 0.8 0.4 0 0.2 3 0.4 11 8.200000000000001 0 0 0 3 2.4000000000000004 0 0 0 0 0 3 2.2 0 0 0.2 0.4 0 0 0 0 0 8.4 3.4000000000000004 1.4000000000000001 0 0.2 7.800000000000001 0 0 0 0 0 3.2 1.4000000000000001 0 0 0 3 0 0 0 0 0 0.2 0 0 0 0 0 0 0 0 0 0.2 0 0 0 0 0 0 0 0 0 0 0 0 0 0 0 0.2 0 0 0 0 0 0 0 0 0 1.6 17.8 0 17.2 18 0 1 0 0 0 0 0 0 0 0 0 0 0 0 0 0 0 0 0 0 0 0 0 0 0 0 0 0 0 0 0 0 0 0 0 0 0 0 0 0 
 9 26.200000000000003 10.8 46 17 0 49.800000000000004 6.6000000000000005 34.6 73.4 55.400000000000006 123.4 7.6000000000000005 51.400000000000006 11.8 18.400000000000002 20 28.8 11.8 9.8 22 3.4000000000000004 14.8 0 0.4 0.4 17 22.8 0.4 23 0 0 0.2 15.200000000000001 15.8 20.6 4.4 0.6000000000000001 17.6 55.2 0.2 0.4 0 12.4 0 11.200000000000001 0.4 0.8 0.4 0 0 0 0 0 0.2 0.4 0.2 0 0 0 0 0.4 2.4000000000000004 0 0.2 0 0 0.6000000000000001 0 0 13.4 0.6000000000000001 0 0 0 0 0 0 0 0 0 0 0 0 7.6000000000000005 3.2 0 0 0.2 0 0.6000000000000001 0.2 0 0 0 0 2.2 4.6000000000000005 0 0 2.2 2 10.200000000000001 2.4000000000000004 6.800000000000001 0 2.2 10.600000000000001 2.6 5.4 2 0 7.6000000000000005 2 1.2000000000000002 0.2 0 4.6000000000000005 3.4000000000000004 5.4 0 0 0 0 0 0 0 0 0 0 0 0 0 0 0 0 0 0 0 0 0 0 0 0 0 0.4 0 0 0 0.8 0 0 0 0 0 0 0 0 0.4 0 0 0 0 3 5.2 10.200000000000001 0 0 0 0 0 0 0 0 0 0 6 0 0.6000000000000001 0 3 0 2.8000000000000003 0 0 0 9.4 2.8000000000000003 2.6 0.2 0 9.4 6.4 0 2.6 0.8 5.2 0.2 0.2 8.4 0 0 0 0 0 0 0 0.4 0 0 0 0 0 0 0 0 0 0 0 0 0 0 0.2 0 0 0 0 0 1.6 0 0 0 0.2 0 0 0 0.4 0 0 0 0 0 0 0 0 0.4 0.2 0.8 1 18.400000000000002 1.2000000000000002 1.2000000000000002 0 0 0.4 0 0 0 0 0 1.4000000000000001 0 0 0 0 0 0 0 0 0.2 0 0 0 0 0 2.4000000000000004 0 0 0 0 4.2 1.8 0 0 0 0 0 0 0 0 
 68.2 30.6 47.800000000000004 28.400000000000002 9.600000000000001 49.800000000000004 0 19.8 9.8 10.200000000000001 30.8 27.400000000000002 38 58 8.8 9.8 10.8 19.8 30.400000000000002 34 0 0 0.4 0 0 0.4 0 0 0 0 0 0 0 0 0 0 8 0.6000000000000001 0.6000000000000001 0 0.4 1.4000000000000001 0 0 0 0 0.2 0.6000000000000001 0 0 0 0 0 0 0 0.4 0 0 0 0 0 0.4 0 0 0 0 0 0 0 0 0 0.6000000000000001 0 0 0 0 0 0 0 0 7.6000000000000005 2.4000000000000004 0 4.6000000000000005 7.6000000000000005 0 4.2 4.800000000000001 2.4000000000000004 0 0 3.6 0 0.4 6.2 4.800000000000001 2 1 10.8 9.200000000000001 0.4 0 0 0 0 0 0 0.4 0 0 0 0 0 0 0.2 0 0 0 0 0 0 0 0 2.2 0 0 0 0 0 0 0 0.2 0 0 0 0 0 0 0 0 0 0 0 0 0 0 0 0 0 0 0 0 0 0 0 0 0 0 0 0 1.4000000000000001 0 2 4 3.2 3 0 0 0.2 3.8000000000000003 0 2.2 0 12.4 2 2.6 1.2000000000000002 0.6000000000000001 0.2 0.2 2.2 0 0 0 0 0 0.4 0.4 0 0 0 0 0 0 0 0 0.4 0 0 0 0 0 0 0 0 0 0 0 0.2 0 0 0.4 0 0 0.4 0 0.2 0 0 0 0 0 0 0 0 0 0 0 0.2 0 0 0 0 0.2 0.4 0 0 0 0 0 0 2 0 0 0 0.8 0.2 0.2 0.4 0 0 0.8 0 0 0 0 0 0 0 0 0 0 1 0 0 0 0 0 0 0 0 0 0 0 0 0 0 0 0 0 0 0 0 0 0 0 0 0 0 0 
 27.400000000000002 42.6 15.8 29.8 13 6.6000000000000005 19.8 0 14.4 27.400000000000002 52.800000000000004 22.8 17.6 70 54.6 27.6 44 7 14.200000000000001 10.600000000000001 0 0 0.4 0 0.2 0.4 0 0 0 0 0 0 0 0.2 0.2 0 0.6000000000000001 0.6000000000000001 0.6000000000000001 3.8000000000000003 0.4 0.2 0 0 0 0 0 0.8 0 0 0 0 0 0 0 0.4 0 0 0 0 0 0.4 0 0 0 0 0 0 0 0 0 0.6000000000000001 0 0 0 0 0 0 0 0 2.6 2.4000000000000004 0 4.800000000000001 0 0 2.8000000000000003 0.4 2 3.4000000000000004 2.2 0 3 2.8000000000000003 7.800000000000001 1.8 2.2 2.4000000000000004 2.8000000000000003 3.2 0 0.4 0 0 0 0 2.2 0 0 5 0 0 0.4 2 0 0 0 0 0.2 0 0.4 0.4 0 0 0 0 0 0 0 0 0 0 0 0 0 0 0 0.2 0 0 0 0 0 0.2 0 0 0 0 0 0 0.2 0 0 0 0 0 0 0 0 0 0 2.2 7.800000000000001 2.6 2.8000000000000003 0 5.6000000000000005 2.8000000000000003 6.4 0 0.4 10 5 2.8000000000000003 0 2 0.2 4 0 0.8 0 0 0 0 0 0 0 0 0 0 0 0 0 5.800000000000001 0 0 0 0 2 0 0 0 0 0 0 0 0 0.2 0 0 0 0 0 0 0 0 0 0 0 0 0 0 0 0 0 0 0 1.6 0 0 0 0 0.4 0 0 0 0 0 0 0 0 0 0 0 0 0 0.4 0.4 17.8 18 0 0.8 0 0 0 0 0 0 0 0 0 0 0 0 0 0 0 0 0 0 0 0 0 0 0 0 6.800000000000001 4 0 0 0 0 0 0 0 0 0 0 0 0 
 69 34.800000000000004 15.600000000000001 32.6 46.800000000000004 34.6 9.8 14.4 0 36.6 42.2 53.400000000000006 14.4 21 39 62 26.6 29.200000000000003 56.800000000000004 64.2 0 0 0.6000000000000001 0 0 0.4 22 0 41.2 16 0.2 0 0.4 0 0 0 0.4 0.4 0.6000000000000001 15.200000000000001 0.6000000000000001 0 2.2 1 0 0 0.4 1 0 0 0 0 0 0 0 0.4 0 0.8 0 0 0 0.6000000000000001 0 0 0 0 0 1.2000000000000002 0 0 0 0.6000000000000001 0 0 0 0 0.6000000000000001 0 0 0 0.2 2.2 3.8000000000000003 0.2 5 10.200000000000001 0 0.2 9.8 3.4000000000000004 12.8 2.2 0 2.8000000000000003 3.2 1.6 3.2 12.4 0 0 4.800000000000001 0 0 0 0 0 9.4 5.2 0 0 0 6 7 1.6 4.800000000000001 0 0 0 9 3 0 0 4.4 0 0 0 0 0 0 0 0 0 0 0.4 0 0.2 0 0 0 0 0 0 0 0.2 0 0 0 0 0 0 0 0 0 0 0 0 0 0.4 0 0 0 0 2.6 3.6 5.2 11.200000000000001 0 0 1.6 3 0.4 2 0 0 0 3 6.4 4.4 6 0 2.6 0 0 0 0 0 1.8 2.4000000000000004 0 0 3 0 6.800000000000001 1.6 0 0 0 0 6 0 0 0.4 0 1.8 0 0 0 0 0 0.2 0 0 0 0 1.8 0 0 0 0 0 0 0 0 0 0 0 0 0 0 0 0 0 0 0 0 0 0 0 0 0 0 0.4 0 0 0 0 18 0 0 8 2.4000000000000004 0.8 0 0 0 0 0 0 0 0 0 0 0 0 0 0.2 0 0 0 0 0 0 0 0 0 0 0 2.8000000000000003 0 0 0 0 0 0 0 0 0 0 0 0 
 12.8 88 33.2 40 32 73.4 10.200000000000001 27.400000000000002 36.6 0 45.800000000000004 24.8 56 17 106.60000000000001 39 28.8 28.400000000000002 85.4 18.400000000000002 16 0 0.4 0 0 0.4 23.200000000000003 0 0 0 0 0 0.2 7.4 0 0 0.6000000000000001 0.6000000000000001 0.6000000000000001 21.8 0.8 0.2 0 0 0.4 0 0.4 1 0.8 0.6000000000000001 12 0 0 0 0.4 0.4 0.6000000000000001 0 0 0 0 0.4 0 0 0.2 0 0 1 0 0 0.4 0.8 0 0 0 0 0.2 0 0 0 0 3 4.2 2.8000000000000003 19.400000000000002 2.4000000000000004 0 0 2.4000000000000004 2.8000000000000003 2.4000000000000004 2.2 3.4000000000000004 2.4000000000000004 0.2 3.2 3.2 4.4 0 0 2.4000000000000004 0 0 0 0 0 5.2 5.6000000000000005 0 0 0 0 5.6000000000000005 5.2 0 0 0 0 4.6000000000000005 3 0 0 0 0 0 0 0 0 0 0 0 0 0 0 0 0 0 0 0.2 0 0 0 0 0 0 0 0.2 0 0 0 0 0 0 0 0 0 0 0 7.6000000000000005 0 0 0 5 8 3.4000000000000004 3.4000000000000004 0 0.4 3.4000000000000004 4.2 0 3 0 0 0.2 2.8000000000000003 1.8 7.800000000000001 0 0.4 0 0 0 0 0 0 3.2 0.2 0 0 0 0.8 2 2.8000000000000003 0 0 0 0 0.6000000000000001 0 0 0 0 2 0 0 0 0 0 0 0 0 0 0 0 0 0 0 0 0.4 0 0.2 0 0 0 0 0 0 0 0 0 0 0 3.2 0 0 0 0 0 0 0 0 0 0 0 0 0 0 0 9.200000000000001 2.2 3 0 0 0.4 0 0 0 0 0 0 0 0 0 0 0 2.2 0 0 0 0 0 5.800000000000001 0 0 1.4000000000000001 0 0.2 0 0 0 0 0 0 0 0 0 0 0 0 
 28.200000000000003 83.60000000000001 58.800000000000004 32.2 34.800000000000004 55.400000000000006 30.8 52.800000000000004 42.2 45.800000000000004 0 40.400000000000006 16.6 41.2 66.2 88.60000000000001 54.6 51.400000000000006 8 7 0 0 0.4 0 0 0.4 0 0.2 0 0 0 0 0.4 0 0 0 0.6000000000000001 0.6000000000000001 0.6000000000000001 0 0.4 1.6 0 0 0 0 0.4 1.6 0 0 4.4 0 0 0 0 0.4 0 0 0 0 0 0.4 0 0 0 0 0 0.6000000000000001 0 0 0 0.6000000000000001 0 0 0 0 0.2 0 0 0 2.6 3.2 3 5 7.4 2.2 0 0.4 3.4000000000000004 3.6 5.6000000000000005 4.2 0.8 2.6 4.4 10.4 1.8 2 4 0 0.4 0 0 0 0 0 0.4 2 0 0 0 0 0.2 3.8000000000000003 0 0 0 0 2 0.2 1 0 0 0 0 0 3 0 0 0 0 0 0 0 0 0 0 0 0 0 0 0 0 0 0 0 0 0 0 0 0 0 0 0 0 0 0 0.4 0.8 0.2 2 0.6000000000000001 4.800000000000001 2.8000000000000003 0 2 1 0 4.4 2.4000000000000004 2.6 5.800000000000001 0 4 0 7.2 0 4.6000000000000005 0 0 0 0 0 0 0 0 0 0 0 0 0 0 3.2 3 0 0.4 0 0 0 0 0 0 0.2 2.2 0 0 0 0 0 0 0 0 0 0 0 0 0 0 0.4 0 0 3 0 0 0 0 0 0 0 0 0 0 0 0 0 0 0 0 0 0 0 0 0 0 0 1.2000000000000002 0.2 0 5.6000000000000005 36.800000000000004 0 0.4 0 0 0 0 0 0 0 0 0 0 1.8 0 0 0 0 0 0 0 0 0 0 0 0 1.8 4.4 0 0 0 0 0 0 0 0 0 0 0 0 0 
 34.2 18.2 17.8 12 43.6 123.4 27.400000000000002 22.8 53.400000000000006 24.8 40.400000000000006 0 5.4 21.400000000000002 44 18 13.8 55.6 65.2 46.800000000000004 4.800000000000001 0 0.2 0 0 0.4 30.200000000000003 0.4 0 0 0 0.2 0 14.600000000000001 0.8 0.4 0.6000000000000001 0.6000000000000001 15.8 14.8 0.2 2 0.2 0.2 1.2000000000000002 0.4 0.4 0.8 0 0 0 0 0 0 0 0.6000000000000001 0 0.2 0 0 0 0.4 0 0 0 0 0 0.8 0 0 0 0.6000000000000001 0 1.2000000000000002 0 0 1.2000000000000002 0 0 0 0 0 4.800000000000001 1.4000000000000001 6.800000000000001 5.6000000000000005 0 7.6000000000000005 3.6 2.6 5 2.2 0 0 0.8 3.2 2 5.4 0 0 1.8 0 0 0 0 0 0 4.2 0 0 0 0 5.4 6.2 0 0 0 0 0 4.4 0 0 2.2 0 0 0 0 0 0 0 0 0 0 0 0 0 0 0 0 0 1.4000000000000001 0 0 0 0 0.2 0 0 0 0 0.4 0 0 0 0 0.6000000000000001 0 0 0 0 2.2 2 3.4000000000000004 2.6 2.2 0 0 0 0 4.800000000000001 6.6000000000000005 2.8000000000000003 0.8 5.2 2.2 2.8000000000000003 4 7.2 2 8.8 1 0 0.6000000000000001 0 0 0 1 3.2 0 0 0 1 4.800000000000001 0 0 0 0 0 0 3.8000000000000003 0 0 0 5.2 0 0 0 2.2 0 0 0 0 0 0.4 0 0 0 0 0 0 0 0 0 0 0 0 0 0 0 0 0 0 0 0 0 0 0 0 0 0 0 1 0 0 0 0 2.4000000000000004 0 10.4 9.8 0 0.8 0 0 0 0 0 0 0 0 6.800000000000001 0 2.2 0 0 0 0 0 0 0 0 0 0 0 0 0 0 0 0 0 0 0 0 0 0 0 0 0 0 0 
 44.6 33.4 55.6 74 13.200000000000001 7.6000000000000005 38 17.6 14.4 56 16.6 5.4 0 35.2 28.400000000000002 8.200000000000001 38.800000000000004 25.400000000000002 25.200000000000003 72.2 0 0 0.4 0 0 0.4 0 0 0 0 0 0 0 0 0 0 0.6000000000000001 0.6000000000000001 0.6000000000000001 0 0.6000000000000001 3.8000000000000003 0 0 0 0 0.4 1 0 0 0 0 0 0 14.200000000000001 0.4 0 0 0 0 0 0.4 0 0 0 0 0 0 0 0 0 0.6000000000000001 0 0 0 0 0 0 0 0 3.4000000000000004 5 1.6 5.6000000000000005 0.8 0 2 15 2.6 5.4 7.2 2.8000000000000003 4 4.800000000000001 7.2 4.6000000000000005 3 6.2 8.6 2.2 0 0 0 0 0 0 0 0 0 0 0 0 0 0 0 0 0 0 0 0 0 0 0 0 0 0 0 0 0 0 0 0 0 0 0 0 0 0 0 0 0 0 0 0 0 1.8 0 0 0 0 0 0 0 0 0 0 0 0 0 0 7.4 5.2 0.2 0 0 0 4.800000000000001 2 6 6 0 0.4 0 5.6000000000000005 3.6 5.6000000000000005 0.6000000000000001 2 4.6000000000000005 3.8000000000000003 1 0 0 0 0 0 0 0 0 1 0 0 2.6 0 0 0 0 0 0 0 0 0 0 0 0 0 0 0 0 0 0 0 0 0 0 0 0 0 0 0 0 0 0 0 0 0 0 0 0 0 0 0 0 0 0 0 0 0 0 0 0 0.6000000000000001 0 0 0 0 0 0.4 0.4 19 0.4 0 3.8000000000000003 0 0 0 0 0 0 0 0 0 2.2 0 0 0 0 0 0 0 0 0 0 0 0 0 5.6000000000000005 0 0 0 0 0 0 0 0 0 0 0 0 0 
 30.6 11.8 28.8 35 33.6 51.400000000000006 58 70 21 17 41.2 21.400000000000002 35.2 0 40.6 62.800000000000004 24.6 39.6 71.8 100.80000000000001 0.2 0 0.6000000000000001 0 0 0.4 0 0 0 0 0 0 0.4 0.8 0 0.4 0.6000000000000001 0.4 0.6000000000000001 0 0.6000000000000001 0.4 0.4 0 0 0 0.4 12.600000000000001 0 0 0 0 0 0 0.4 0.4 0 0 0 0 0 0.4 0 0 0.6000000000000001 0 0 0 0 0 0 1 0.8 0 0 0.2 0 0.4 0 0 8.6 0 8.200000000000001 6 3.6 0 0.2 5.6000000000000005 3.6 0 2.8000000000000003 3.2 2.2 4.2 4.2 8.8 13.200000000000001 5.800000000000001 0.4 5.6000000000000005 2.2 0 0 0 0 0 0 0 3 0 0 0 0 0 0 0 0.4 0 0 0.2 0 0 0 0 0 0 0 0 0 0 0 0 0 0 0 0 0.4 0 0 0 0 0 0 0 0 1.4000000000000001 0 0 0 0 0 0 0 0.2 0 0.6000000000000001 0 0 0 0 2 3.6 6.800000000000001 7 2 0 12.4 0 4.4 2 4.2 3.4000000000000004 1 6.4 1.6 4.4 0.6000000000000001 2.8000000000000003 0 3 2.8000000000000003 0 0 0 0 0 0 0 0 0.2 0 0 0 0 0 0 0 0 0 0 0 0 0 0.6000000000000001 0 0 0 0 0 0 0 0 0 0 0 0 0 1.6 0 0 0 0 0 0 0.4 0 0 0 0 0 0 0 0 1.6 0 0 0 0 0 0 0 2.8000000000000003 0 0 0 0.2 0.6000000000000001 0 11.4 9.4 0 0.2 0 0 0 0 0 0 0 0 0 0 1.2000000000000002 0 0 0.4 0 0 0 0 0 0 0 0.6000000000000001 0 0 1.2000000000000002 0 0 0 0 0 0 0 0 0 0 0 0 0 
 23.6 41.400000000000006 47 22 65 11.8 8.8 54.6 39 106.60000000000001 66.2 44 28.400000000000002 40.6 0 25.6 49 8.6 82.2 11.200000000000001 0 0 0.6000000000000001 0.6000000000000001 0 0.4 0 0 0 0.4 0 0 0 0 0 0 0.4 0.8 0.6000000000000001 0 0.6000000000000001 0.4 0 0.8 0 0 0.4 0.8 0 0 0 0 0 0 0 0.6000000000000001 0 0 0 0 0 0.4 0 0 0 0 0 1 0 0 0 0.6000000000000001 0 0 0 0 10.600000000000001 0 0 0 2.8000000000000003 2.8000000000000003 8.4 0 6.2 2.2 0 2.2 5.2 0 14.8 0.2 0 4.800000000000001 10.4 3.2 1 0 0 0 0 2.2 0 0 0 0 3 2.6 0 0 0 0 0.2 1.8 0 0 0 0 4.2 2.6 0 0 0 0 0 0 0 0 0 0 0 0 0 0 0 0 0 1.6 0 0 0 0 0 0.2 0 0 0 0 0 0 0.4 0 0.4 0 0 0 0 0 0.2 0 0.8 1 7.2 3 1.8 2.6 1 0 2.2 5.800000000000001 3 5 0 0 1 1.4000000000000001 4.2 8.200000000000001 0 0 2 0 0 0 0 0 0 0 0 0 0 8.8 3.2 1.4000000000000001 0.2 0 0 0 3 0 0 0 0 2.2 0 0 0 0 0 0 0 0 0 0 0 0 0 0 0 0 0 0 0 0 0 0 0 0 0 0 0 0 0 0 0 0 0 0 0 0 0 2 0 0 0 0 18.8 0 11.4 18.8 0.4 1.8 0 0 0 0 0 0.2 0 0 0 0 0 0 0 0 0 0 0 0 0 0 0 0 0 0 0.2 2.8000000000000003 0 0 0 0 0 0 0 0 0 0 0 0 
 22.400000000000002 55.2 31.8 41.2 34.4 18.400000000000002 9.8 27.6 62 39 88.60000000000001 18 8.200000000000001 62.800000000000004 25.6 0 15.4 18.2 10 7.6000000000000005 0 0 0.8 0 0 0.4 0 0.2 0 0 0 0 15.600000000000001 0.2 0 0 0.4 0.4 0.6000000000000001 0 0.6000000000000001 0 0.8 0.8 0 0 0.4 0.6000000000000001 0 0 0 0 0 0 0 0.4 0 0.8 0 0 0.2 0.4 0 0 0 0 0.6000000000000001 0 0.8 0 0 0.6000000000000001 0 0.6000000000000001 0.8 0.2 0 0 0 0 0 0 0.2 0 4.800000000000001 3.8000000000000003 0 0 8 2 5 0.2 0 3.8000000000000003 0 0 0.2 2.8000000000000003 3 0 9.4 0 0 0 0 0 4.4 0 0 0.2 0 0 1.8 0 4.2 0 0 0 4.2 0 0 0 0 0 0 0 0 0 0 0 0 0 0 0 0 0 0 0 0 0 0 0 0 1 0.2 0 0 0 0 0 0 0 0 0 0 0 0 0 1.4000000000000001 0.2 0 0 3.2 1.4000000000000001 2 3.2 0 3.8000000000000003 2.4000000000000004 5.2 3 5.800000000000001 3.6 0 0.8 2 4.2 3 0 1.8 2.2 0 0 0 0 0 0 5.4 0 0 0 0 7 3.2 0 0 0 0 0 0 0 0 0 0 0 0 0 0 0 0 0 0 0 0 0 0 5.2 0 0 0 0 0.2 0 0 0 0 0 0 0 0 0 0 0 0 0 0.2 0 0 0 0 0 0 0 0 0 0 17.8 0 2.8000000000000003 0 0 1.4000000000000001 7 0 0 0 0 0 0 0 0 0 0 0 0 0 0 0 0 4 8.4 0 0 0 0 0.8 0 0 0 0 0 0 0 0 0 0 0 0 0 0 
 29.200000000000003 51.2 7.2 24.8 29.200000000000003 20 10.8 44 26.6 28.8 54.6 13.8 38.800000000000004 24.6 49 15.4 0 56 56.6 22.400000000000002 0 0 0.2 0 8.6 0.4 7.4 0 0.2 0 0 0.4 0 0 0.4 9.4 0.8 1 0.6000000000000001 14.8 0.2 2.2 0 0 0 0 0.4 0.8 0.2 0 0 0 0 0 0 0.4 0 0 0 0 0 0.4 0 0 0 0 0 0 0 0 0 0.6000000000000001 0 0 0 0 9.200000000000001 0 0 0 5.4 3.8000000000000003 0.2 6.2 4.800000000000001 0 3 2.8000000000000003 1.8 7.800000000000001 0.8 3 4.4 5.6000000000000005 5.4 2.8000000000000003 2.8000000000000003 6.2 6.6000000000000005 9.600000000000001 0 0 0 0 0 0 2.6 2.6 0 0 0 0 6.4 2.8000000000000003 0 0.2 0 0 3.2 1.8 0 0.4 0 0 0 0 0 0 0 0 0 0 0 0 0 0 0 0 0 0 0 0 0 0 0 0.2 0 0 0 0 0.2 0 0 0 0 4.2 0 0 0.2 0 0 1.8 4.800000000000001 12.4 5.6000000000000005 3.6 1.6 5 4.2 0 0.4 4.6000000000000005 2.4000000000000004 2.8000000000000003 0 2.8000000000000003 1.8 0 0 0.4 0 0 0 0 0 0 1.6 0 0 0 0 0 0 0 0 0 0 0 2.4000000000000004 0.2 0 0 0 0 0 0 0 0.2 0 0 0 0 0 0 0 0 0 0 0 0 0 0 0 0 0 0 0 0 0 6.6000000000000005 0 1.8 0.4 0 0 0 0.2 0 0 0 0 0 0 0 0 0.2 0.2 0 0 0.2 6.2 2 0 0 0 0 0 0 0 0 0 0 1.4000000000000001 0 0 0 0 0 0 0.2 0 0 0 0 0 0 0 1.8 0 0 0 0 0 0 0 0 0 0 0 0 
 58 21 60 43.6 9.200000000000001 28.8 19.8 7 29.200000000000003 28.400000000000002 51.400000000000006 55.6 25.400000000000002 39.6 8.6 18.2 56 0 9.600000000000001 13.600000000000001 20.200000000000003 0 0.2 0 0 0.4 0.2 0 0 0 0 0 14.600000000000001 8 0 0 0.6000000000000001 0.6000000000000001 0.6000000000000001 11.8 0.2 0.8 0 0 0 0 0 1 0 0 0 0 0 0 14.8 0.4 0 0 0 0 0 0.4 0 0 0 0.2 0 0 0 1.4000000000000001 0 0.6000000000000001 0 0 0 0 0.2 0 0 0 3.8000000000000003 1.4000000000000001 0.6000000000000001 2.8000000000000003 8.6 0 2.8000000000000003 2 4.2 0 0 3.4000000000000004 0 0 6.4 5.6000000000000005 2 4.6000000000000005 3.4000000000000004 3.6 5 0 0 0 0 0 1.8 0.4 0 0 0 0 0 2.6 0 0.2 0 0 1.8 0 0 0 0 0 0 0 0 0 0 0 0 0 0 0 0.2 0 0 0 0 0 0 0 1.6 0.6000000000000001 0 3.2 0 0 0 0 0 0 0 0 0 0 0 0 0.6000000000000001 0 2 0 2 7.800000000000001 2.8000000000000003 2.4000000000000004 0 0 0 1.6 0 3.8000000000000003 2.2 5 0 5.2 0 6.800000000000001 0 0 2.4000000000000004 3.2 0 0 0 0 1.4000000000000001 3 0 0 0.4 1 3.4000000000000004 1.2000000000000002 0.2 0 0 0 0.8 0 0 0 0 0 0 0 0 0 0 0 0 0 0 0 0 0 0 0 0 0 0 0 0 0 0 0 0 0 0 0 0 0 0 0 0 0 0 0 0 0 0 2.2 0 0 0 1.2000000000000002 0.8 0 0 0.6000000000000001 0 1 0 0 0 0 0 0 0 0 0 0 1.6 0 0 0 0 0 0 0 0 0 0 0 0 1.6 0 0 0 0 0 0 0 0 0 0 0 0 0 0 
 109.2 12.4 9.8 17.6 57.2 11.8 30.400000000000002 14.200000000000001 56.800000000000004 85.4 8 65.2 25.200000000000003 71.8 82.2 10 56.6 9.600000000000001 0 73.2 1 0.4 0.4 0 0 0.4 0 2.6 0 0 0 0 0 0 0 0 0.6000000000000001 0.6000000000000001 0.6000000000000001 0 0.4 0 0 0 0 13 0 0.6000000000000001 0.2 0 0 0 0 0 12.4 0.4 0 0 0 0 0 0.4 0 0 0 0 0 0 0 0 0 0.6000000000000001 0 0 0 0 0.8 0 0 0 0 0.8 1.8 1.4000000000000001 0 0.4 3.6 0.2 0 0.4 0 0.2 10.4 9.200000000000001 0 0 1.8 0 3.6 10.4 0 0.2 2 0 0 0 0 0 0 0 0 0 0 0 0 0 0 0 0 0 0.2 0 0 0 0 0 0 0 0 0 0 0 0 0 0 0 0 0.4 0 0 0 0 0 0 0 1.6 0 0 0 0 2.8000000000000003 0 0 0 0 2.2 0 0 0 0 2.4000000000000004 1.2000000000000002 0.6000000000000001 0 2.2 0 0 8.200000000000001 2.4000000000000004 0 6.4 0.2 2 3 0.2 0.2 2 0 4.2 1.8 0 0 0 0 0 0 0 0 0 0 0 0 0 0 0 0 0 0 0 0.4 0.4 0 0 0 0 0 0 0 0 0 0 0 0 0 0 0 0 0 0 0 0 0 0 0 0 0 0 0.2 0 0 0 0 0 0 0.4 0 0 0 0 0 0 0 0 0 0 0.4 17.6 0 1 0 0.8 1.8 0 0 0.4 0 0 0.2 0 0 0 0 0 0 0 0 0 0 0 0 0 0 0 0 0 0 0 0 0 0 0 0 0 0 0 0 0 0 0 0 
 8.200000000000001 50.2 6.6000000000000005 52.6 9 9.8 34 10.600000000000001 64.2 18.400000000000002 7 46.800000000000004 72.2 100.80000000000001 11.200000000000001 7.6000000000000005 22.400000000000002 13.600000000000001 73.2 0 0 0 0.4 0 0 0.4 0 0 0 0 0.2 0.2 0 0 0 0 0.6000000000000001 0.6000000000000001 0.6000000000000001 0 0.4 0 0 0 0 0 0.4 0.6000000000000001 0.4 0 4.800000000000001 0 0 0 0 0.4 0 0 0 0 0 0.4 0 0 0 0 0 0 0 0 0 0.6000000000000001 0 0 0 0 1 0 0 0 6.6000000000000005 0.2 3.6 4.6000000000000005 0 0 3 0 0 5.6000000000000005 0 0 5.6000000000000005 2.6 0 0.2 0 6 5.6000000000000005 5.2 0 0 0 0 0 0 0 0 0 0 0 0 0 0 0 0 0 0 0 0 0 0 0 0 0 0 0 0 0 0 0 0 0 0 0 0 0 0 0 0 0 0 0 0 0 0 0 0 0 0 0 0 0 0 0 0 0 0 0 0 7.800000000000001 5.4 0.2 0 0 0 0 0 2 2.8000000000000003 0 0 0.2 2 5.4 0.2 0 0 6.800000000000001 2.2 0 0 0 0 0 0 0 0 0 0 0 0 0 0 0 0 0 0 0 0 0 0 0 0 0 0 0 0 0 0 0 0 0 0 0 0 0 0 0 0 0 0 0 0 0 0 0 0 0 0 0 0 0 0 1.8 0 0 0 0 0 0 0 0 0 0 0 0 0 0.2 0 0 2 0 0 0 0.2 0 0 0 0 0 1.8 0 0 0 0 0.2 0 0 0 0 0 0 0 0 0 0 0 0 0 0 0 0 0 0 0 0 0 0 0 
 0 0.6000000000000001 0 0.4 0.2 22 0 0 0 16 0 4.800000000000001 0 0.2 0 0 0 20.200000000000003 1 0 0 57.800000000000004 32 76 21.8 49.6 75.2 12.8 29 54 6.6000000000000005 11 23.6 103 67.8 24.200000000000003 6.4 4.6000000000000005 9 51.800000000000004 0 0.4 0 0.4 0 0.6000000000000001 0.2 0.2 0 0 0.6000000000000001 0.2 0 0 0 0 1.2000000000000002 0 0 0 0 0 0 0.6000000000000001 0 0 0 0.6000000000000001 0 0.6000000000000001 0.6000000000000001 1 0 0 0 0 0 0 0.6000000000000001 0 0 0 0 0 3.6 0 0 0 0 0 2.4000000000000004 0.6000000000000001 0 0 0 0 0 2.6 0 0 0.8 5.4 2.8000000000000003 2.6 0.2 0 0 0.4 7.6000000000000005 0.4 10.200000000000001 0.2 0 5.2 3.4000000000000004 11.200000000000001 0.8 0 0 2.6 1.4000000000000001 0 0 0 0 0 0 0 0 0 0 0 2.2 0 0 0 0 0 0 0 0 0 0 0 5.6000000000000005 0 0 3.8000000000000003 0 7.2 0 0 0 0 0 0 0 0 0 0.2 0 0 1.8 0 0 0.6000000000000001 0 0 0 0 0 0 0 0 0 0 0 0 1 0 0 0 2.2 2.4000000000000004 0.4 3.4000000000000004 0.6000000000000001 3 5.2 12.8 0 1 3 0 7.800000000000001 0.6000000000000001 6.2 0.2 0 10.4 0 0 0 0 0 0 0.2 0 0 0 0 0 0 0 0 0 0 0 3.2 1.2000000000000002 0 0 0 0 0 0 0 0 0 3.6 0 0 0 0 0 0 0 0 0 0 0 0 6.2 0 0 0 0 0 0 0 0 0 0 0 3.6 0 0 0 6.4 0.4 2.2 0 0 0 0 0 0 0 0 0 0.2 0 0 0 0 0 0 0 0 0 0 0 0 0 0 3.2 0 0 0 0 
 0 14.8 0 15.8 15.8 3.4000000000000004 0 0 0 0 0 0 0 0 0 0 0 0 0.4 0 57.800000000000004 0 66 18.400000000000002 11.4 22.200000000000003 44 23.8 30.6 45.6 4.800000000000001 23.200000000000003 11 27.8 41.6 40.6 84.80000000000001 22.8 7.800000000000001 26.6 0 12.8 0 0.4 0 0.6000000000000001 0.2 0.2 0 0 0.4 0 12.600000000000001 0 0 0 0.2 0 0 0.2 0 0 0 0.6000000000000001 0 0 0 0.6000000000000001 0.4 0.4 0.6000000000000001 0.6000000000000001 10.200000000000001 0 0 0 0 0 0.6000000000000001 0 0 0 0 0 0 0 0.4 0 0 0 2 4 0 0 0 0 0 0 0 0 0 0 9.8 1.6 6 0 0 2 0 3 4.6000000000000005 3.4000000000000004 0.8 4.4 2.6 6.6000000000000005 0 2.6 0 0.2 2 0 0 0 0 0 0 0 0 0 0 0 5 0 0 0 0 0 0 0.2 0 0 0 0.4 1 0 0 3.2 0 2.4000000000000004 0 0 0 0 0 0 0 0 0 1 0 0 0 0 0 4.2 0 0 0 0 0 0 0 0 0.6000000000000001 0 0.6000000000000001 0.2 0.4 0 0 0.2 5.2 4.2 0 2.2 2.2 0.2 14.200000000000001 3.4000000000000004 2.4000000000000004 2.2 2.8000000000000003 4.4 6.800000000000001 0.4 2 1.8 0 4.800000000000001 0 0 0 0 0 0 0 0 0 0 0.2 0 0 0 0 0.4 0 0 6.2 1 0 0 0 0 0 0 0 0 2.2 0 0 0 0 0 0 0 0 0 0 0 0 0 0 0 0 14.8 0 0 2.6 0 0 0 0 0 3.4000000000000004 0.8 0 0 0 0 0 0 0 0 0 0 0 0 0 0 0 0 0 0 0 0 0 0 0 0 0 1.4000000000000001 0 0 0 0.2 0 0 0 0 
 0.4 1 0.4 1.4000000000000001 0.6000000000000001 14.8 0.4 0.4 0.6000000000000001 0.4 0.4 0.2 0.4 0.6000000000000001 0.6000000000000001 0.8 0.2 0.2 0.4 0.4 32 66 0 51 8.8 10.600000000000001 16.8 52.2 40.2 16.400000000000002 70.2 55.800000000000004 34.800000000000004 38.6 28.200000000000003 25 63.6 22.8 12.4 38.400000000000006 0 0.4 0 12.8 0.4 0.6000000000000001 0 0.2 0 0 0.6000000000000001 0 7 0 0 0 0 0.4 0 0 0 0 0.6000000000000001 0.6000000000000001 0.8 9.4 0 0.6000000000000001 0 0.6000000000000001 0.8 0.6000000000000001 0 0 0 7.800000000000001 0 0 0.8 0 0 0 0 0 0 0 0 0 0 0 6 0.2 0 0.2 0 0 0 0 0 0 5.6000000000000005 7.6000000000000005 0 1.4000000000000001 2 2.8000000000000003 0 0 4.800000000000001 2.4000000000000004 6.6000000000000005 6.6000000000000005 2 0 0 0 5.800000000000001 1.6 2 2.2 1.2000000000000002 0 0 0 0 0 3 0 0 0 0 0 11.8 0.2 0 0.4 0 0 3.6 0.6000000000000001 0 0 0 0 0.6000000000000001 0 0 0 0 0.8 0 0 0 0 0 0 0 0 0 2 0 0 0 0.2 0 0 0 0 0 0 0 0.4 0 0 5.4 0 0 0 0 0.6000000000000001 1.4000000000000001 1.4000000000000001 0 4.2 0.2 0 0.2 0 5.4 4 3.2 0 0.2 1.8 7.800000000000001 1.8 2 6.6000000000000005 2 1.8 0 0 0.4 0.2 0 0 4.6000000000000005 0 0 0 0 0 0 0 0 0 0 0 0 4.2 0 0 0 0 0 0 0 0 0 0 0 0 0.4 0 0 0 0 0 0 0 0 0 0 0 0 0 0 0 0 0 0 0 0 0.4 2 0 0 0.2 0.2 0.4 0.6000000000000001 0 0 0 0 0 0 0 0 0 0 0 0 0 0 0.2 0 0 0 0 0 0 0 0 0 0 0 0 0 0 
 0.2 0 0.6000000000000001 0 0.2 0 0 0 0 0 0 0 0 0 0.6000000000000001 0 0 0 0 0 76 18.400000000000002 51 0 36.4 54 77.2 16 77.2 67.2 11.8 38.400000000000006 30.400000000000002 18.8 28.200000000000003 11 25.200000000000003 59.2 11.4 54 12.600000000000001 0.2 0 0.4 0 0.6000000000000001 5.6000000000000005 0 0 5.6000000000000005 0.6000000000000001 0 13.600000000000001 0 0 0 15.200000000000001 0 0 0 0 0 0 0.6000000000000001 0 0 0 0.6000000000000001 0 0.6000000000000001 0.6000000000000001 0.6000000000000001 0 0 0 0 0.2 0 1 0 0 0 0 0 0 0.2 0 0 0 0 0 0 0 0 0 0 0 0 0 0 0 0 8.6 0 6.2 5.6000000000000005 0 0.2 2.4000000000000004 0.2 4.2 1.2000000000000002 0 0 1.8 3.6 1.6 1.8 0 0 2.4000000000000004 2 2.6 0 0 0 0.6000000000000001 4.800000000000001 0 0 0 0 3.8000000000000003 1.2000000000000002 3.8000000000000003 2.6 1.6 0 5.2 5.6000000000000005 0 0 0 0 0 0 0 0 0 0.2 0 0 0 0 0.6000000000000001 1.8 0 0 0 0 0 0 0 0 0 0 0 2.6 0 2.2 0 0 0 0 0 0 0.4 0 0 0 0.2 2.2 7 8.6 4 6.6000000000000005 0 1.6 7.2 0.6000000000000001 9 0.2 0 0 0.2 2.2 2 5 0 3.8000000000000003 1.6 0 0 0 0 0 13 5.800000000000001 0 0 0 0 2.2 0 0 2.2 0 0 1.8 0.8 0 0 0 0 0 0 0 0 3 0 0 0 0 0 0 0 2.2 0 0 0 0 0 0 0 0 0 0 0 0 0 0 0 0 0 2.2 0 0.4 0 1.4000000000000001 0.6000000000000001 0.6000000000000001 1.6 0 0 0 2.6 2.2 0 0 0 0 0 0 0 0 0 0 0 0 0 0 0 0 0 0 0 2.2 0 0 0 
 0 0 0 5.6000000000000005 0.4 0.4 0 0.2 0 0 0 0 0 0 0 0 8.6 0 0 0 21.8 11.4 8.8 36.4 0 48.800000000000004 7.2 28.8 51 38.2 36 48.6 53.400000000000006 28 15 21.8 24.8 29.400000000000002 55.2 14.200000000000001 0.2 0.2 0 0.4 0.8 0.6000000000000001 0.4 0 0 0 0.6000000000000001 0 11 0 0 0 0 0 4.800000000000001 12.200000000000001 0 0 0 0.6000000000000001 0 0 5.800000000000001 0.6000000000000001 0 0.6000000000000001 0.6000000000000001 0.6000000000000001 0 0 0 0 0 0 0.6000000000000001 0 0 0 0 0 0 0 0 0 0 0 0 0 0 0 0 0 0 0 0 0 0 0 7.4 7 1.2000000000000002 2.6 0 0 7.800000000000001 0 5.6000000000000005 2.8000000000000003 3.2 0 3.8000000000000003 2.2 0.2 1.6 0 0.2 0 2.2 0 0 0 0.2 1.6 0 1.8 0 0 0 1.8 0.2 1.6 0 0 0 0.4 2.6 0 0 0 0 0 0 0 0 0 0 0 0 2.8000000000000003 0 0.4 0 0 0.2 0.4 0 0 0 0 0 0 0 0 0 0 0 0 0 0.2 0 0 0 1.2000000000000002 1 0 0 0 2.8000000000000003 5.2 0 8.200000000000001 3 0.2 2.2 0.6000000000000001 0 0.8 0.8 0 0 0 2 0 0 0 4.2 0.2 2.2 0 0 0 0 0 3.8000000000000003 0 0.2 0 0 3.4000000000000004 0 3.6 2.2 1.6 0 5.4 0 0 0 0 2.8000000000000003 0 0 0 0 0 0 0 0 0 0 0 0 0 0 0 0 0 0 0 0 0 0 0 0 0 0 0 0 0 0 1.2000000000000002 0.6000000000000001 0 0.8 0.2 0.2 0.4 0.8 0 0 0 0 2 0 0 0 0 0 0 0 0 0 0 0 0 0 0 2 2 0 0 3.6 1.8 0 0 0 
 0.8 1.2000000000000002 0.4 0.4 0.8 0.4 0.4 0.4 0.4 0.4 0.4 0.4 0.4 0.4 0.4 0.4 0.4 0.4 0.4 0.4 49.6 22.200000000000003 10.600000000000001 54 48.800000000000004 0 48.2 6 10.200000000000001 26.8 48.2 8.200000000000001 10.8 53 52.6 20.400000000000002 13.600000000000001 25.400000000000002 9.4 10.4 0 0.6000000000000001 0 0.4 0 1 0 15.8 0 11.600000000000001 0.4 0.4 16.6 0 14.200000000000001 42.400000000000006 0 0.2 12.8 8.4 0 0 0 2.4000000000000004 0 0 10.4 0.6000000000000001 0 1 0.6000000000000001 0.6000000000000001 2.2 2 0 0 0 0 0.6000000000000001 10.200000000000001 0 0 0 0 0 0 0 0 0 0 0 0 0 0 0 0 0 0 0 0 0 0 1.2000000000000002 6.800000000000001 2.6 6 0 0 3.8000000000000003 1.8 0 6.800000000000001 0 0 0 0.2 0 1.8 0 0 0 6.2 0 0 0 0 6.800000000000001 2.8000000000000003 2 0 0 2.4000000000000004 5 13.8 2.2 2.4000000000000004 0 2.4000000000000004 9 0 0 0 0 0 0 2.4000000000000004 0 0 0.4 0 0 1.4000000000000001 1.8 0 0 0 0 0.6000000000000001 0 0 0 0 0 0 0 0 0 0 0 0 0 0 0 1.8 1.2000000000000002 0 1 0 0 0 0 0.2 0 0 0 0 0 0 0 2.6 3.4000000000000004 0 0 1.4000000000000001 2.8000000000000003 0 2 1.4000000000000001 0 0 0 1.8 0.2 0 0 0 2.4000000000000004 2.4000000000000004 0 0 0 0.2 0.2 2.2 1.4000000000000001 0 0 3 1.6 5 0 0 0 0 0 0 0 0 0 0.4 0 0 0 0 0 0 0 0 0 4 0 0 0.4 0 0 0.2 0 0 0.4 0 0 0 0 0 0 0 0.2 5 1.8 0.2 1.4000000000000001 0 0 0 0 0 0 0 0 0 0 0 0 0 0 0 0 0 0 0 0 2.2 0 0 0 0 0 0 0 0 
 0 15 0 14.8 0 17 0 0 22 23.200000000000003 0 30.200000000000003 0 0 0 0 7.4 0.2 0 0 75.2 44 16.8 77.2 7.2 48.2 0 104.80000000000001 13.4 9.8 6 51.2 36.2 54.800000000000004 11 7.6000000000000005 29 49.800000000000004 23.6 25.8 0 0.4 0 0.4 0 0.6000000000000001 0.4 0.2 0 0 0.6000000000000001 0 0 0 0 0 0 0 0 0 0.4 0 0 0.6000000000000001 0.2 0 0.2 0.8 0 1.2000000000000002 1 0.6000000000000001 0 0.8 0 0 0.2 0 1 0 0 0 0 0 4.6000000000000005 2.6 0 0 0 0 4.4 2.6 0 0 0 0 2.8000000000000003 2.6 0 0 0 0 0 0 0 0 2.2 5.800000000000001 2.6 3.6 1.8 0 10.200000000000001 0 3.8000000000000003 2.6 5 2.2 3 1.6 0 0 0 0 0 0 0 0 0 0 0 0 3.4000000000000004 0 0 0 0 0 0 0 0 0 0 0 0 0 0 2.8000000000000003 0 0.2 0 0 0.2 1.6 0.8 0 1.8 0 0 0 0 0 0 3 4.800000000000001 3 0 0 0 0 0 0 4.6000000000000005 0 0.8 0 3.8000000000000003 0 0 0 2.6 0 4 1.6 0 0 3.8000000000000003 0 0 0.2 0 2.4000000000000004 6.800000000000001 0 5.4 3.6 3.8000000000000003 1.4000000000000001 0 5.2 0 0 0 0 0 0 0 0 0 0 0 0 0 0 0 0 0 0 0 2.4000000000000004 0 0 0 0 0 0 0 0 0 0.2 0 0 0 0 0 0 0 0 0 0 0 0 0 0 0 0 0 0 0 23.400000000000002 1 0 0 0 1.4000000000000001 0.2 0.2 0 0 1.2000000000000002 0 1.8 0 0 0 0 0 0 0 0 0 0 0 0 0 1.4000000000000001 0 0 0 0 0 0 0 0 0 0 0 0 0 0 
 0 0 0 0 0 22.8 0 0 0 0 0.2 0.4 0 0 0 0.2 0 0 2.6 0 12.8 23.8 52.2 16 28.8 6 104.80000000000001 0 48.400000000000006 11.8 4.2 47.2 50.2 53.6 88.60000000000001 84.80000000000001 33.2 9 30 90.80000000000001 0 1.4000000000000001 0 0.4 0.8 1.4000000000000001 0.2 0.4 0 1.2000000000000002 1.2000000000000002 0.8 0 0 0.4 1 0 0.4 0 0 0 0 0 0.8 1.2000000000000002 0.8 0 0.6000000000000001 0 2.4000000000000004 1.8 1 0 0.6000000000000001 0 0.6000000000000001 0.6000000000000001 0 0.6000000000000001 0 0 0 0 0 0 2.8000000000000003 0 0 0 0 0 0 0 0 0 0 0 0 0 0 4 5.2 3 6.4 3.2 0 3.6 12.4 2.4000000000000004 5.6000000000000005 4 0 6.2 4.6000000000000005 8.6 5.800000000000001 0.4 4.4 0 2.8000000000000003 0 0 0 0 0 0 0 0 0 0 0 0 4 0 0 0 0 0.4 0 0 0 0 0 0 0 0 0 0 0 0 0 0 0 0 0 0 0 0 0 0 0 0 0 0 0 0 0 0 0.8 0.6000000000000001 0 0 0 0 0 0 0 0 0 0 6.2 3 3.2 2.8000000000000003 8.200000000000001 0 7 0.2 2.2 12 4.4 9.200000000000001 0 2.6 4 6 3.2 7.6000000000000005 2.6 0.4 0 0 0 0 0 0 0 0 0 0 0 0 0.2 0 0 0 0.2 0 0 0.2 0 0 0 0 0 0 0 0 0.4 0 0 3.2 0 0 0 0 0 0 0 0 0 0 0 0 0 0.4 0 0 0 0 0 0 0 0 3.6 0 0.4 0 0 0.4 0 0.4 0 0 0 0 0 0 0 0 0 0 0 0 0 0 0 0 0 3.8000000000000003 0 2.8000000000000003 0 0 0 5 0 0 0 0 
 0 0 0.4 0 0 0.4 0 0 41.2 0 0 0 0 0 0 0 0.2 0 0 0 29 30.6 40.2 77.2 51 10.200000000000001 13.4 48.400000000000006 0 30.8 10.200000000000001 22.400000000000002 70.60000000000001 90 16.8 51.800000000000004 28.8 6 20.200000000000003 15.4 0 0.4 0 0.4 0 0.6000000000000001 0.2 2.8000000000000003 0 0 0.6000000000000001 0 0 0 0 0 0.8 0 12.200000000000001 0 0 0 0 0.6000000000000001 0 1.4000000000000001 10.200000000000001 0.6000000000000001 0 0.6000000000000001 0.6000000000000001 0.6000000000000001 0 0 0 0 0 0 0.6000000000000001 0 0 0 0 0 0 0.2 0 0 0 0 0 0 0 0 0 0 0 0 0 0 2.2 3.4000000000000004 2.4000000000000004 4.6000000000000005 2.2 1.4000000000000001 0 0.2 4.800000000000001 0.4 3.6 0.2 3.4000000000000004 7 2.8000000000000003 5 7.800000000000001 0 0 1.6 0 0 0 0 0 0 0 0 0 0 0 0 5 0 0 0 0 0 0 0.2 0 0 0 0.4 0 3 0 0 0 0 0 0 0.4 0 0.6000000000000001 0 0 0 0 0 0 0 0 0 0 0 0 0 0 0 0 0 0 0 0.8 0.2 0 0 0 0 4.4 3.8000000000000003 2.6 1.4000000000000001 0 1.6 0 2.2 0 4.6000000000000005 5 2 2.2 0 10.600000000000001 4 1.6 0 0 0 0 0 0 0 0 0 0 0 0 0 0 0 2.2 0 0 0 0 0 0.2 9.4 0 0 0 0 0 0 0 0 0 0 0 0 0 0 0 0 0 0 0 0 0 0 1.4000000000000001 0 0 0 0 0 0 0 0 0 0 0 0 0 0 0 11.200000000000001 0.4 0.2 1.6 0 0 0 0 0 0 0 0 0 0 0 0 0 0 0 0 0 3.4000000000000004 0 0 0 0 0 0 0 0 0 0 
 0 0.4 0 0.8 0 23 0 0 16 0 0 0 0 0 0.4 0 0 0 0 0 54 45.6 16.400000000000002 67.2 38.2 26.8 9.8 11.8 30.8 0 47.400000000000006 67.8 14.600000000000001 16.400000000000002 48.800000000000004 80 66 45.800000000000004 10.200000000000001 36.800000000000004 10.8 0.4 0.2 0.4 0 14.200000000000001 13.4 0 0 0 0.2 0 16.6 0 0 0.2 41.400000000000006 0 25.200000000000003 26.200000000000003 0 0 0 0.4 15.200000000000001 0 6 0.6000000000000001 0 0.6000000000000001 0.6000000000000001 0.4 0 0 0 0 0 0 0.6000000000000001 0 0 0 0 0 0 0 0 0 0 0 0 0 0 0 0 0.4 0 0 0 0 0 0 6.6000000000000005 6.4 18.8 10.8 0 4.800000000000001 3.8000000000000003 1.8 3.2 11.200000000000001 0 0 0 0 0.2 3.6 0 0 3.6 0 0 0 0 0 5.6000000000000005 0 0 0 0 0 4.6000000000000005 0.2 0.8 0 2.2 0 3.8000000000000003 0 0 0 0 2.6 0 0 0 0 0 1.4000000000000001 0.4 0 0.8 0 0.8 0 0 0 0 0 0 0 0 0 0 0 0 0 0 0 0 0 0 0 0.6000000000000001 0 2.4000000000000004 0 0 0 0 3.8000000000000003 3 3.6 0.2 0 5.6000000000000005 0 6.6000000000000005 5.6000000000000005 3.4000000000000004 7 0 0 6.6000000000000005 0 9.4 1.8 0 0 0 0 0 0 0 0 3.4000000000000004 4 2.2 0 0 0 6.800000000000001 0 0 3.4000000000000004 0 0 3.8000000000000003 4.800000000000001 0 0 0 0 0 0 0 0 0.6000000000000001 0 0 0 0 0 0 0 0 0 0 0 0 0 0 0 0 0 0 0 0 0 0 0 0 0 3.6 0 0.2 15.600000000000001 0.2 0.2 0 0.2 0 0 0 0 0 0 0 0 0 0 0 0 0 0 0 0 0 0 0 4.4 0 0 0 0 0 0 0 0 
 0 0 0.4 0.6000000000000001 0 0 0 0 0.2 0 0 0 0 0 0 0 0 0 0 0.2 6.6000000000000005 4.800000000000001 70.2 11.8 36 48.2 6 4.2 10.200000000000001 47.400000000000006 0 41.2 6.6000000000000005 9 13 16.2 63.800000000000004 52.400000000000006 48.2 13 13.600000000000001 0.2 0 0.4 0 0.6000000000000001 10.600000000000001 13.4 0 0 0.4 0 7.2 12.8 0 0 0.4 0 12.4 17 0 0 0 0.4 0 0 0 0.6000000000000001 0 1 0.6000000000000001 0.4 0 0 0 0.6000000000000001 0 0 0.6000000000000001 0 0 0.4 0 0 0 0 0 0 0 0 2.6 0 0 0 0 0 0 0 0 0 0.4 5.2 0 1.8 0 2.6 0 0 1.6 2.6 2.2 14.4 0 0 0 0.6000000000000001 0.4 1.6 0 0 3 2.2 4.4 0.4 0 0 3.8000000000000003 1.6 1.2000000000000002 0 0 0 2.2 7 0.2 1.8 0.8 4.800000000000001 11.200000000000001 1.6 0 0 0 3.8000000000000003 0 0 0 0 0 0 0 0 0 0 0 0 0 0 0 0 0 0 0 0 0 0 0 0 0 0 0 0 0 0 0 0 0.8 1 0 0 0 0 0.2 0 2.2 8.8 0 0 0 2.2 2.6 1.8 0 0 0.2 0.4 0 0.2 2.8000000000000003 0 0 0 5 1.6 0 0 3.6 3.4000000000000004 3 0.2 0 0 9 3.8000000000000003 0.2 2.4000000000000004 0 0 6.800000000000001 6.800000000000001 0 0 0 0 0 0 0.2 0 0 0 0 0 0 0.2 0 0 0 0 0 0 0 0 0.2 0 0 0 0 0 0 0.2 0 0 0 0 2.6 0 0.4 23 0.2 0 0.2 0 0 0 0 0 0 0 0 0 0 0 0 0 0 0 0 0 0 0 0 0 0 0 0 0 0 0 0 0 
 0 0 0 0 0 0 0 0 0 0 0 0.2 0 0 0 0 0.4 0 0 0.2 11 23.200000000000003 55.800000000000004 38.400000000000006 48.6 8.200000000000001 51.2 47.2 22.400000000000002 67.8 41.2 0 91.60000000000001 33.4 47.800000000000004 52.400000000000006 14.4 23.200000000000003 8.6 8.8 4.2 0.2 0 0.4 3.4000000000000004 0.6000000000000001 27.6 3.6 0.6000000000000001 0.6000000000000001 0.6000000000000001 0 12.4 0 0 0 0.6000000000000001 0 3.8000000000000003 13.200000000000001 0 0 0 0.6000000000000001 0.2 0 0 0.6000000000000001 0 0.8 0.8 0.6000000000000001 0 0 0 0 0 0 0.6000000000000001 0 0 0 0 0 0 0 0 0 0 0 0 0 0 0 0 0 0 0 0 0 0 0 2 2.6 0 3.4000000000000004 0 0 2.6 0 2.2 2.4000000000000004 0 0 2.8000000000000003 2.2 0 0 0 0.2 1.6 1.8 2.6 0.2 0 0 5.4 8.6 3.6 0 0 0 2.2 7 1.8 4 2.4000000000000004 0 5.800000000000001 0.2 0 0 0 0 0 0 0.6000000000000001 0 0 0 0 0 0 0 0 0 0 0 0 0 0 0 0 0 0 9.8 0 0 0 0 0 0 0 0 0 0.4 0.4 0.6000000000000001 0 0 0 0 5 2.6 2.2 3.2 0 0.2 2.2 0 0 2.8000000000000003 0 0 0 0.2 0 0 0 1.6 4.4 0 0.6000000000000001 0 0 0 1.8 4.800000000000001 5.2 15.4 0 0 4.4 0 5.6000000000000005 4.800000000000001 4 0 9 2.8000000000000003 0 0 0 0 0 0 0 0 0 0 0 0 0 0 0 0 0 0 0 0 0 0 0 0 0 0.4 0 0 0 0 0 0 0 0 2.4000000000000004 0.4 0.2 30.400000000000002 18.2 0 0.4 0 18.8 0 0 0.4 0 0 0 0 0 0 0 0 0 0 0 0 0 0 0 0 0 0 0 2.8000000000000003 0 0 0 2.2 
