 0 18 31.8 31.200000000000003 16.8 49.800000000000004 70 34.2 10.4 18.6 7.4 86.80000000000001 109.80000000000001 46.800000000000004 8.4 46.6 9 7.2 33.4 13.200000000000001 0 0.4 0 0 0 0.4 0 0.6000000000000001 0 0 0 0.4 0.6000000000000001 0.6000000000000001 0 0 0 0 0 0 0 0.6000000000000001 0 0 9.4 0 0 0.6000000000000001 0 0 0 0 0.4 0.6000000000000001 0 0.6000000000000001 0.4 0 0.6000000000000001 0 0.6000000000000001 0 0 0.6000000000000001 0 0 0 0.6000000000000001 0 0 0 0 0 0.4 0 0 0.4 0 0 0 1.8 10.600000000000001 0.2 2.4000000000000004 0 0.2 2.4000000000000004 1.8 4.2 0 2.8000000000000003 5.4 6.6000000000000005 3 3.2 0.4 0.2 0.2 4.800000000000001 0 0 0 0 0 0 0 0 0.4 0 0 0 0 0 0 0 0 0 0 0 0 0 0 0 0 0 0 0.2 0 0 0 0 0 0 0 0 0.2 0 0 0 0 0 0 1.2000000000000002 0.4 0 0.4 0 0 0 0 0.4 0 0 0 0 0 0 0 0 0 4.2 4.2 4.2 2.6 2.4000000000000004 0 3.2 5.4 0 0 5 0.2 3.8000000000000003 0 0 4.6000000000000005 5.2 0 0 4.4 2.4000000000000004 0 0 0 0 0 0 0 0 0 0 0 1.4000000000000001 0 0 0 0 0 2.6 0 0 0 0.2 0 0 0 0 0 0 0.2 0 0 0 0 0 0 0 0 0 0 0 0 0 0 0 0 0 0 0 0 0 0 0 0 0 0 0 0 0 0 0 0 0 0 0 0.4 0.2 0 0 21.400000000000002 0.2 0.2 0 0 0 0 0 0 0 0 0 0 0 0 0 0 0 0 0 0 0 0 0 0 0 0 0 0 0 0 0 0 0 0 0 0 0 0 0 0 
 18 0 100.80000000000001 29.6 7.800000000000001 31.200000000000003 39.2 52 10.600000000000001 6 26.200000000000003 22.400000000000002 30.6 9.200000000000001 74.60000000000001 75.2 15.4 33.800000000000004 13 16.400000000000002 0 0.4 0 0.6000000000000001 0.4 0 15.600000000000001 0.8 0 0 0 1.2000000000000002 1.6 1 0 0 0.6000000000000001 0.4 0.6000000000000001 0.2 0 0.8 0 0 0.8 0 0 11.4 0 0 0 0 0.4 0.6000000000000001 0 0.6000000000000001 0.4 1 1 0 0.6000000000000001 0 0 1 0 0 10.200000000000001 0.6000000000000001 0 0 0 0 0 1 0.2 0 0.6000000000000001 0 0 0 2.2 7.6000000000000005 3.2 12 0 4 4 2.8000000000000003 11.200000000000001 2.6 2.2 2 0 0 0.2 2.8000000000000003 0 4 0 0 0 0 0.4 0 0 0 0.8 0 0 0 0 0 0.2 0.2 0 0 0 0 3.4000000000000004 1.2000000000000002 0 0 0 0 0.4 0 0 0.2 0.4 0 0 0 0 0 0 0 0 0 0 0 0 0 0.6000000000000001 0 0 0 0 0 0 0 0 0 0 0 0 0 0 0 0 0 2.4000000000000004 0 1.8 0.2 1.8 0 0 2.6 0.2 9.200000000000001 4 5.4 0 3.4000000000000004 7 2.4000000000000004 7.4 14.200000000000001 1.8 5.6000000000000005 3.2 0 0 0 0 0 4.6000000000000005 0 0 0 0 0 2 3.4000000000000004 0 0 0 0 3.6 0 0 0 0 0 0 0 2 0 0 0 0 0 0 0 0 0 0 0 0 0 3.8000000000000003 0 0 0 0 0 0 0 0 0 0 0 0.4 0 0 0 1.8 0 0 0 0 0 0 0 0 0 1.8 0.4 0.4 0.2 0 0.8 0 0 0.2 0 0 0 0 0 0 0 0 0 0 0 0 0 0 0 0 0 0 0 0 4 0 0 0 0 0 0 0 0 0 0 0 0 0 0 
 31.8 100.80000000000001 0 39.6 33.2 28.200000000000003 102.80000000000001 86.4 37.6 41.6 17.400000000000002 29 17 101.80000000000001 72 26.200000000000003 21.6 104.80000000000001 8.8 11.200000000000001 0 0.4 0 0 0 0 0 0.6000000000000001 0 0 0 0.6000000000000001 0.6000000000000001 0.6000000000000001 0 0 0.2 0.4 0 0 0 1.2000000000000002 0 0 0.6000000000000001 0 0 0.6000000000000001 0 0.4 0 0 0.4 0.6000000000000001 0 0.6000000000000001 0.4 0 16.6 0 0.6000000000000001 0 1.4000000000000001 0.6000000000000001 0 0 0 0.6000000000000001 0 0 0 0 0 0.4 0 0 0.6000000000000001 0 0 0 2.6 6 1.8 11.4 4.4 7.800000000000001 2.2 3.6 8.8 0 7.2 0.2 0 2.8000000000000003 2.8000000000000003 6 2.8000000000000003 2 0 0 0.4 0.4 0 0 0 0 0 0 0 0 0 0 0 0 0 0.4 0 0 0.6000000000000001 5 0.4 0.4 0 0 0 0 0 0 0 0 0 0 0 0 0 0 3.4000000000000004 0 0 0 0 0 0 0 0 0 1.8 0 0 0 0 0 0 0 0 0 0 0 0.4 0 0 8.8 3.8000000000000003 2 3.8000000000000003 0.2 0.2 0.6000000000000001 0 3.4000000000000004 2.2 2 0 2 4.4 6.4 4.4 4.4 0 0 3.2 0 0 0 0 0 7.2 0.2 0 0 0.4 0 0.8 0 0 0 0 0.4 9.4 0 0 0 0 0 0 0 0 0.2 0 0 0 0 0 0 0 0 0 0.2 0 0 0 0 0 0 0 0 0 0 0 0 0 0 0 0 0 0 0 0 0 0 0 0.2 0 0 0 0.4 17.6 0 0.4 0.2 0 1.2000000000000002 0 0 0 0 0 0 0 0 0 0 12 0 0 0 0 0 0 0 0 0 0 0 0 4.2 5.800000000000001 0 0 0 0 0 0 0 0 0 0 0 0 0 
 31.200000000000003 29.6 39.6 0 35.4 87.60000000000001 35.2 73.60000000000001 64.8 23.200000000000003 25 37.6 12.600000000000001 35.6 32.4 43 24.6 30.8 16 32.2 0.2 0.4 0.6000000000000001 0 0 0 0 1 0.4 0 0 0.4 6.2 0.6000000000000001 0 0 0 0.2 6 14.600000000000001 0 0 0 0 0.6000000000000001 0 0.2 0.6000000000000001 0 0.4 0 0 0.4 0.6000000000000001 0 0.6000000000000001 0.4 0 0.4 0 0.6000000000000001 0 0 0.8 0 0 0 0.6000000000000001 0 0 0 0 0 0.4 0 0 0.4 0 0 0 0 0 4.6000000000000005 3.6 3.2 3.6 0 0 8.8 5.6000000000000005 6.4 2.2 0 2.6 4.800000000000001 6.6000000000000005 3.6 3.8000000000000003 0 0 2.2 0 0 0 0 0 0.2 3.2 0 0 0 0 3.4000000000000004 0 0 0 0 4 0 2.2 0 4.6000000000000005 0 0 0 0 0 0 0 0 0 0 0 0 0 0 0 0 0 0 0 0 0 0 0 0 1 0 0 0 0 0 0 0 0 0 0 0 0 0.2 1.2000000000000002 3.4000000000000004 0.4 1.6 0.2 2.2 2.4000000000000004 2 0 3 2.2 6 0.2 0 7.4 0.4 0 3.2 3.2 0.2 0 0.2 0.4 0 0 0.2 2.8000000000000003 0 0 0 3 0 0 3.2 0 0 0 0 4.2 2 0.2 0 0 0 0 0 0 2 0 6.4 0 0 0 0.2 0 0 0 0 0 0 0 0 0 0 0 0 0 0.4 0 0 0 0 0 0 0 0 0 0 0 0.4 0 5 0 0 0 0 0 0 18 17.8 0 2.2 0 0 0 0 0 0 0 0 0 0 1.2000000000000002 0 0 0 0 0 0 0 0 0 0 0 0 3.6 0 0 0 0 0 0 0 0 0 0 0 0 0 0 
 16.8 7.800000000000001 33.2 35.4 0 18 30.400000000000002 40.2 96.4 38.2 60.400000000000006 29 15.4 39.400000000000006 44.6 54 47.400000000000006 12.600000000000001 12.600000000000001 15.8 30.400000000000002 0.4 0 0 0 0 15.200000000000001 0.6000000000000001 0 0 14.600000000000001 0.6000000000000001 22.200000000000003 0.6000000000000001 0.2 0 0.2 0 30.200000000000003 0.2 0 14 0 0 0.4 0 12.600000000000001 0.6000000000000001 0 0 0 0 0.4 0.6000000000000001 0 0.6000000000000001 0.4 0 0.4 0 0.6000000000000001 0 0 0.6000000000000001 0 0.2 0 0.6000000000000001 0 0 0 0 0 0.6000000000000001 0 0 0.6000000000000001 0 0 0 0 0.2 1.2000000000000002 12 3.8000000000000003 5.6000000000000005 1 5.2 9.600000000000001 2.8000000000000003 10.600000000000001 6.4 0 3.8000000000000003 3.8000000000000003 0 3 2 0 0 0 2 4.2 0 0 0 9.4 0 0 0 0 0 4.6000000000000005 5 0 0 1.6 0 3.2 0 0 0 0 0 0 0.2 0 0 0 0 0 0 0 0 0 0 0 0 0 0 0 0 0 0 0.8 0 0 0 3 0.2 0 0.2 0 0 0 0.4 0 0 0 0 0 2.2 2.4000000000000004 2.6 0.2 0 0 0 3.2 5.6000000000000005 4.2 0.2 0 0.2 5.4 3 4.6000000000000005 0.2 0 0.2 4 0 5.800000000000001 0 0 0 3 0 3.8000000000000003 0.4 0 0 2.6 3.6 5.800000000000001 2 3.2 0 8.6 0 0 0 0 0 0 0 0 0 0.4 0 0 0 0 0 0 0.2 0 0 0 0 0 0 0 0 0 0 0 0 0 0 0 0 0 0 0 0 0 0 0 0 0 0 0 0 0 0.4 12 0.2 17.2 0.4 0 3.2 0 0 0 0 0 0 0 0 0 0 0 0 0 0 0 0 0 0 0 0 0 0 0 6.800000000000001 0 8 0 0 0 0 0 0 0 0 0 0 0 0 
 49.800000000000004 31.200000000000003 28.200000000000003 87.60000000000001 18 0 9 39.2 15 10.4 88.2 37.4 7.800000000000001 72.60000000000001 59.800000000000004 28.200000000000003 31.400000000000002 44.2 7.6000000000000005 9.600000000000001 62.2 0.8 0 0 0 0.4 0 0.6000000000000001 0 0 0 0.4 38.2 1.4000000000000001 15 0.2 0 0 35.2 15.200000000000001 0 0 0 0 0.6000000000000001 8 0 11.4 0 0 0 1 0.4 0.6000000000000001 0 0.6000000000000001 0.4 0 0.4 0 0.6000000000000001 0 0 0.6000000000000001 0 0 0 6 0.6000000000000001 0 0 0 0 0.4 0 0 0 0 0 0 0 2.2 0 7 11 10 0 0 5 0.2 3.2 8.8 0 0 2.6 6 4.2 0 0 0 2 4.2 3.8000000000000003 3.8000000000000003 0 0 2.8000000000000003 4 0.2 0 0 0 8.4 0 0 0 2.8000000000000003 0.4 0 4 0 0 0 0 0 0 0 0 0 0 0 0 0 0 0 0 0 0 0 0 0 0 0 0 2.8000000000000003 0 0 0 1.6 0 0 0 0 0 0 0 0.2 0 0 0 0 4.2 4 0.2 0.6000000000000001 3.4000000000000004 0 0.8 0 3.4000000000000004 0 0 0 0 4.4 0 0 1.2000000000000002 0 0 1.4000000000000001 0 4.2 0 0.6000000000000001 0 3.4000000000000004 3.8000000000000003 3.2 1.6 0.2 0 0 0.4 2.4000000000000004 3.8000000000000003 2.8000000000000003 0 3.4000000000000004 1.6 0 0.4 0 0.4 0 2.6 0 0 0 0 0 0 0 0 0 0 0 0 0 0 0 0 0 0 0 0 0 0 0 0 0 0 0 0 0 0 0 0 0 0 0 0 0 0 0 0.4 10.4 0 0.2 0.6000000000000001 0.8 2.8000000000000003 0 0 0 0 0 0 0 0 0 0 0 0 0 0 0 0 0 0 0 0 0 0 0 4.2 2 2.2 0 0 0 6.6000000000000005 0 0 0 0 0 0 0 0 
 70 39.2 102.80000000000001 35.2 30.400000000000002 9 0 52 15.200000000000001 42.6 4 41.800000000000004 46.6 54.6 7.4 9.600000000000001 31.200000000000003 8.200000000000001 92.4 30.8 0 0.8 0.6000000000000001 0 0.4 0 0 0.6000000000000001 0.4 0.6000000000000001 0 0.4 0.6000000000000001 0.6000000000000001 0.4 0.6000000000000001 0.4 0 0 0 0 0 0 0.4 0.6000000000000001 0 0 0.6000000000000001 0.6000000000000001 0 0.2 0 0.4 0.8 0 0.6000000000000001 0.4 0.2 0.4 0 0.6000000000000001 0 0 0.8 0 0 0 1.2000000000000002 0 0 1.2000000000000002 0.2 0 0.4 0 0 0 0 0 0 0.8 3.2 1 2.8000000000000003 0 0 2.6 5 0 0.2 2.2 3.6 2 3.6 7.4 1.4000000000000001 16 5.2 5.4 0 0 0 0 0 0 0 0 0 0 0 0 0 0 0 0 0 0 0.2 3 0 0 0 0 0 0 0 0 0 0 0 0 0 0 0 0 0 0 0 0 0 0 0 3.6 0 0 0 0 0 0 0 0 0 0 0 0 0 0.2 0 0 0 9.4 1.8 14.4 0 0 0 0.6000000000000001 3.4000000000000004 6.6000000000000005 2.6 1.8 0.2 3.6 0.2 3 3.8000000000000003 1.8 0.2 0 4.4 0.4 0 0 0 0 0 0.4 0 0 0 0 0 0 0 0 0 0 0 0 0 0 0.4 3.8000000000000003 0.4 0 0 0 0 0 0 0 0 0 0 0 0 0 0 0 0 0 0 0 0 0 0 0 0 0.2 0 0 0 0 0 0 0 0 0 0 0 0 0 0 0 0 0 0.2 0.2 0.6000000000000001 18.400000000000002 0 1.8 0 0 0 0 0 0 0 0 0 0 2.2 0.2 0 0 0 0 0 0 0 0 0 0 0 0 2 2.8000000000000003 0 0 0 0 0 0 0 0 0 0 0 0 
 34.2 52 86.4 73.60000000000001 40.2 39.2 52 0 110.2 56 26.6 22 33.6 87 82.2 44 28.6 70 40.2 10 41 0.4 0 0 0 0.2 0 0.6000000000000001 0.2 0 0 0.4 0.6000000000000001 6.4 0 0 0 0 0 0 11.4 0 0 0 0.6000000000000001 0 0 0.6000000000000001 0 0 0 0 0.4 0.6000000000000001 0 0.6000000000000001 0.4 0 0.4 0 0.6000000000000001 0 0 0.6000000000000001 0 0 0 0.6000000000000001 0 0 0 0 0 0.4 0 0 0.2 0 0 0 0 7.6000000000000005 2.8000000000000003 8.200000000000001 11.8 2.4000000000000004 2.8000000000000003 5.2 4 8 4.2 0 0 0.2 16.2 5.2 13 4.4 0 0 0 0 0 0 0 0 0 0 0 0 0 0 0 0 0 0 0 0 2 2.2 0 0 0 0 0 0 0 0 0 0 0 0 0 0 0 0 0 0 0 0 0 0 3.2 0 0 0.4 0 0 0 0 0 0 3.6 0 0 0 0 0 0 0 9.200000000000001 4.2 11.200000000000001 0 0.8 12.600000000000001 5.4 0.8 3.2 2.6 1.4000000000000001 0 2.8000000000000003 2 3 0 0 4.2 6.4 3.4000000000000004 0 0 0 0 0 0 5 0 0 0 0 0 0.2 4 0 0 0 0 1 0 0 0 0.2 0 0 0 0 5.800000000000001 0 0.2 0 0 0 0.4 0 0 0 0 0 0 0 0 0 0 0 0 0 0.4 0 0 0 0 0 0 0 0 0 0 1.4000000000000001 0 0 3.6 0 0 0 0.8 0 0 23.400000000000002 0.2 0.4 2.8000000000000003 2.8000000000000003 0 0 0 0 0 0 0 0 0 2.2 0 0 0 0 0 0 0 0 0 0 0 0 0.6000000000000001 2.2 0 0 0 0 0 0 0 0 0 0 0 0 0 
 10.4 10.600000000000001 37.6 64.8 96.4 15 15.200000000000001 110.2 0 17.2 19.200000000000003 54.800000000000004 59.400000000000006 46.6 20.400000000000002 38.800000000000004 36.4 14 23.8 119.60000000000001 0.6000000000000001 0.4 0 0.6000000000000001 0 15.4 1 1.2000000000000002 0 0 13 1.2000000000000002 15.600000000000001 1.2000000000000002 0.4 0 0.6000000000000001 0 15.200000000000001 15.4 0 0 0 0 0.6000000000000001 0 0.4 0.8 0 0.8 0 0 0.4 1 0 0.6000000000000001 0.4 0 0.4 0 0.6000000000000001 0 0 1 0 0 0 1.8 0 0 0 0 0 2 0.2 0 0.2 0 0 1.2000000000000002 2.6 0 7.800000000000001 3.2 2.2 4.2 1.4000000000000001 2.2 9.4 13.200000000000001 9.200000000000001 0.2 0.2 0 2.8000000000000003 4 2.4000000000000004 5.6000000000000005 1.8 2 0.2 0 0 0 0 0 0 0 0 0 0 0 5.2 0 0 0 0 0 2.8000000000000003 0 0 0 0 0 0 0 0 0 0 0 0 0 0 0 1.8 0 0 0 0 0 0 0 0 0 0 0 0.4 0 0 0 0 0 0 0 0 0 0 0 0.2 0 0 4.800000000000001 2 2 0 2.8000000000000003 3.2 2.2 3.6 3.2 4.800000000000001 1.8 0 0 6.800000000000001 1.4000000000000001 0 3.6 3.6 0 0 0 0 0 0 0 0.4 0 0 0 0 0 0 2 0 0 0 0 5.4 0.4 2.6 0 0 0 2.8000000000000003 0 0.2 3.6 0 0 0 0 0 0 0 0 0 0 0 0 0 0 0 0 0 0 0 0 0 0 0 0 0 0 0 0 0 0 0 0 0 2 0 0 0 0.2 0 0 9.4 0 0.4 1.2000000000000002 1.4000000000000001 0 0.4 0 0 0 0 0 0 0 0 0.4 0 0 0 0 0 0.2 0 0 0 0 0 4 0 0 0 0 0 0 0 0 0 0 0 0 0 0 
 18.6 6 41.6 23.200000000000003 38.2 10.4 42.6 56 17.2 0 54.400000000000006 8.6 30.400000000000002 17 40 28.8 30.6 92.60000000000001 17.400000000000002 24.200000000000003 0 0.4 0.2 0 0 0 12.200000000000001 0.6000000000000001 0 0 0 0.4 14.600000000000001 0.6000000000000001 0.2 0 0 0 0 0 0 4.800000000000001 0 0 1 0 0.4 0.6000000000000001 0 0.4 1.8 0 0.4 0.6000000000000001 0 0.6000000000000001 0.4 0.2 1 0 0.6000000000000001 0 0 0.6000000000000001 0 0 0 0.6000000000000001 0 0 0 0 0 0.4 0 0 0 0 0 0 16.6 0 1.8 5.800000000000001 0 0 0.2 0 3 2.8000000000000003 6 0 3.4000000000000004 2.2 0 0.2 0 4.4 8.6 0 0 0.6000000000000001 2.2 0 0 0 0 0 0 0 0 0 0 0 0 0 0 0 2 4.800000000000001 0 0 0 0 0 0 0 0 0 0 0 0 0 0 0 0 0 0 0 0 0 0 0 0 0 0 0.8 0 0 0 0 0 0 0 0 0 0 0 0 0.2 0 2.6 0 0 3.4000000000000004 0 0 5.6000000000000005 2.6 0.2 0 1.4000000000000001 0 1.8 0 10.4 4 5.4 1.6 2.2 8 0.2 0 0 0 0 3.2 0 0 0 0 0 5.6000000000000005 3.4000000000000004 4.800000000000001 0 4 0 8.6 0 0.4 0 0 0 0 0 0 0 0 0 0 0 0 0 0 0 0 0 0 0 0 0.4 0 0 0 0 0 0 0 0 0.4 0 0 0 0 0 0 0 0 0 0 0 0 0 0 0 1 0 0.2 0 0 1.2000000000000002 0 0.4 0 0 0 0 0 0 0 0 0 0 0 0 0 0 0 0 0 0 0 0 0 0 0.6000000000000001 0 0 0 0 0 0 0 0 0 0 0 0 0 
 7.4 26.200000000000003 17.400000000000002 25 60.400000000000006 88.2 4 26.6 19.200000000000003 54.400000000000006 0 35.4 6.4 24.400000000000002 9.8 62.2 45 46 7.800000000000001 56.400000000000006 19 0.6000000000000001 0 0 0 0 14.4 0.6000000000000001 0 0.2 0 0.6000000000000001 32 13.8 0.8 0.6000000000000001 0 0 0 14.8 0 0.4 0 0 0.6000000000000001 0 0 0.6000000000000001 0 0.4 0 0 0.4 0.6000000000000001 0 0.6000000000000001 1.2000000000000002 0 1.4000000000000001 0 0.6000000000000001 0 0 0.6000000000000001 0 0 0 0.6000000000000001 0 0 0 0 0 0.4 0 0 0.6000000000000001 0 0 0 0 0 0 1.6 19.400000000000002 5.800000000000001 0 0 1.6 6.4 1.8 5 0 0 1.6 0 0 0 0 0 4.6000000000000005 2.4000000000000004 1.8 0 0 0.2 0 0 0.8 0 0 0 0 4.800000000000001 0 0 1.8 0 3.4000000000000004 0 0 0 0 0 0 0 0.2 0 0 0 0 0 0 0 0 0 0 0 0 0 0 0 0 0 6.2 0 0 0 0.6000000000000001 0 0 0 2 0 0 0 0 0 0.2 0 0 0 12 4.2 0 4.4 0 0 3 2.8000000000000003 0 0.2 0 0 2.8000000000000003 0 0 5.800000000000001 0 0.2 0 2.8000000000000003 0.8 0 0 0 1.6 0 0 3.2 0.2 0 0 0 5.2 0 3.2 0 9.600000000000001 0.2 0 0 0 0 0 0 0.4 0 0 0 0 0 0 0 0 0 0 0 0 0 0 0 0 0 0 0 0 0 0 0 4.6000000000000005 0 0 0 0 0 0.2 0 0 0 0 0 0 0 0.2 0.4 34.800000000000004 0.2 0 0 3.4000000000000004 2.6 0 0 0 0 0 0 0 0.4 0 0 0 0 0 0 0 0 0 0 0 0 0 0 0 2.8000000000000003 0 2.6 0 0 0 0 0 0 0 0 0 0 0 0 
 86.80000000000001 22.400000000000002 29 37.6 29 37.4 41.800000000000004 22 54.800000000000004 8.6 35.4 0 76.80000000000001 82.80000000000001 12.200000000000001 27.6 20.6 33.6 10 9 0 15.4 8.6 0 0 0.4 0 6 17 0 0 0.4 0.6000000000000001 19 14.8 0.2 0 0 9.200000000000001 5.4 0.6000000000000001 1.4000000000000001 0 0 0.6000000000000001 0 8.6 0.6000000000000001 0 0 0 0 0.4 0.6000000000000001 0 0.6000000000000001 12.4 0 0.6000000000000001 0 0.6000000000000001 0 0 0.6000000000000001 0 0 0 3.6 0 0 0 0 0 0.4 0 0 0.6000000000000001 0 1 0 0 6.800000000000001 0 3.4000000000000004 6.800000000000001 0 2.2 5.6000000000000005 18.2 0 3.4000000000000004 10.8 0 3 0 0 4 0 0 0 4.800000000000001 0 0 0 0 0 6 0 2.8000000000000003 0 0 0 5.4 3.8000000000000003 5.800000000000001 0 2.4000000000000004 0 3 7.4 0 0 0 0 0 0 3.4000000000000004 0 0 0 0 0.2 0 0 0 0 0 0 0 0 0 0 1.4000000000000001 0 0 0 0 0 0 0 0 2.6 0 0 0 0 0 0 0 0 4 3.4000000000000004 2.2 8 0.6000000000000001 2.4000000000000004 4.800000000000001 0 0 0 1.8 0 0 2.4000000000000004 0 2.8000000000000003 4.800000000000001 0 0 11.4 4.4 0.2 0 0 0 0 0 0.2 0 11 0 0 7.6000000000000005 0 0.8 0 0.2 0 7.4 4.800000000000001 0 0 0 0 0 0 0 0 0 0 0 0 0 0 0 0 0.4 0 0 0 0 0 0 0 0 0 0 0 0 0 0 0 0.4 0 0 0 0 0 0 0 0 0 0 0 0 0.4 0.2 0 0 8.8 7.6000000000000005 1.2000000000000002 0 0 0 0 0 0 0 0 0 0 0 0 0 0 0 0 0 0 0 0 0 0 0 0 0 0 0 0 0 0 0 0 0 0 0 0 0 0 
 109.80000000000001 30.6 17 12.600000000000001 15.4 7.800000000000001 46.6 33.6 59.400000000000006 30.400000000000002 6.4 76.80000000000001 0 82.60000000000001 13.4 8.4 22.200000000000003 4 41.800000000000004 30 0 0.4 0 0 0.4 0 0 0.6000000000000001 0 0 0 0.4 1 1 0 0 0 0 0 0 0 0 0 0 0.6000000000000001 0 0.6000000000000001 0.6000000000000001 0 0 0 0 0.4 0.6000000000000001 0 0.6000000000000001 0.4 0 0.4 8.8 0.6000000000000001 6.4 0 0.6000000000000001 0 0 0 0.6000000000000001 0 0 0 0 9 0.4 0 0 0 0 0 0 4 2.4000000000000004 0 0 0 0 2.6 3.6 0 0 0 2.4000000000000004 2.2 0.2 2.8000000000000003 2 1 0 6.6000000000000005 3.2 2.6 2.4000000000000004 0 0 0.2 0 0 0 0 0 0 0 0 0 0 0 3 2 0 0 0 0 0 0 0.4 0 0 0 0 0 0 0 0 0 0 0 0 0 0 0 0 0 1.8 0 0 0 0 0 0 0 0 0 0 0 0 0 0 0 0 0 8 2 3.6 2.8000000000000003 0.2 0 2.4000000000000004 7.6000000000000005 4.6000000000000005 0 0 0 3.6 0 0 0 2 0 1.6 2.4000000000000004 0 0 0.4 0 0 0 0 0 0 0 0 0 0.2 0 0 0 0 0 0 0 0 0 0 0 0 0 0 0 0 0 0.2 0 0 0.4 0 0 0 0 0 0 0 0 0 0 0 0 0 0.4 0 0 0 0 0 0 0 0 0 0 0 0 0 0 0 0 0 0.4 0.4 0 0.4 18 0 0.4 0 0 0 0 0 0 0 0 0 0 0 0 0 0 0 0 0 0 0 0 0 0 0 0 0 3.2 0 0 0 0 0 0 0 0 0 0 0 0 
 46.800000000000004 9.200000000000001 101.80000000000001 35.6 39.400000000000006 72.60000000000001 54.6 87 46.6 17 24.400000000000002 82.80000000000001 82.60000000000001 0 38.6 27.8 6.800000000000001 25 34.800000000000004 19.200000000000003 41.800000000000004 0.4 0 0.6000000000000001 0 0 0.6000000000000001 0.8 0.4 0 0 0.6000000000000001 0.6000000000000001 1.8 15.4 0.2 1 0 0 0 0.4 0.6000000000000001 0.8 0 1 0.6000000000000001 0.2 1 0 0.4 0 0 0.4 0.6000000000000001 0.6000000000000001 0.6000000000000001 1.4000000000000001 0 1 0 0.8 0.6000000000000001 0.4 1 0 0 0 0.6000000000000001 0 0.2 0.2 0 0.4 2.4000000000000004 0 0 0.4 0 0 0.2 5.2 0 0 4.6000000000000005 5.4 3 0.4 5.4 4 2.2 8.8 2.6 6.4 0 4 0 9.600000000000001 9.4 0 0.2 0 0 0 0 0 0 0 0 0 0 0 0 0 0 0 0 0 0 0 3 0 0 0 0.2 0 0 0 0 0 0 0 0 0 0 0.4 0 0 0.4 0 0 0 0 0 0 0 0 1.4000000000000001 0 0.4 0 0 0 0 0 0 0 0 0 10 0 4.4 2.4000000000000004 3.8000000000000003 0 0 4 6.2 3.8000000000000003 0 2.2 0 1.2000000000000002 2 4.2 2.8000000000000003 15 3.4000000000000004 2.8000000000000003 4 3.2 0 2.8000000000000003 0 0 0 0 0 0 0 0 0 0 1.4000000000000001 0 0 0.8 0 0 3.6 0 0 0 0 0 0 0 0 0.8 0 0 0 0 0 0 0.2 0 0 0 0 0 0 0 0 0.4 0 0 0 0 0 0 0 0 0 0.4 0 0 0 0 0 0 0 0 0 0 0 0.6000000000000001 0 0 0.6000000000000001 11.200000000000001 0.4 1.2000000000000002 2.8000000000000003 0 0 0 0 0 0 0 0 0 0.6000000000000001 0 0 0 0.4 0 0 0 0 0 0 0.2 0 0.6000000000000001 2.2 0 0 0 0 0 0 0 0 0 0 0 0 0 
 8.4 74.60000000000001 72 32.4 44.6 59.800000000000004 7.4 82.2 20.400000000000002 40 9.8 12.200000000000001 13.4 38.6 0 57.800000000000004 20.8 46.6 15.4 20.8 1.4000000000000001 0.4 0 0.8 0 1.6 1 1.2000000000000002 0 0 0.2 0.4 16.8 1.2000000000000002 0 0.8 0 1.4000000000000001 15.200000000000001 0 0.8 1.4000000000000001 0.6000000000000001 0 1.4000000000000001 0.8 0 1.2000000000000002 0 1.4000000000000001 0.4 0 0.6000000000000001 0.6000000000000001 0 0.6000000000000001 0.4 0 0.6000000000000001 1.2000000000000002 0.6000000000000001 0 0.2 0.6000000000000001 0 0 0.6000000000000001 0.6000000000000001 9.200000000000001 0 7.800000000000001 0 0 1.2000000000000002 0.6000000000000001 6.2 0.2 0 0.4 0 2.8000000000000003 5 4.2 9.200000000000001 0 3.2 2.2 2 3 4 3.8000000000000003 6 0 3 1.2000000000000002 18.2 6.6000000000000005 5 0 0.6000000000000001 0 0 0 0 0 0 0 0 0 0 0 0 0.6000000000000001 0 0 0 0 0 10.600000000000001 5.4 0 0 0 0 0 0 0 0 0 0 0 0 0 0 0 0 0 0.2 0 0 0 0 0 3.2 0 0 0.4 0 0 0 0 0 0 0 0 0 0 0 0 0 0 19 0.4 3 0.4 0 0 1 12.4 9.200000000000001 5 1.6 2.4000000000000004 5.4 0 5.4 9.8 2.4000000000000004 0 0 8.4 0 0 0 0 0 6.800000000000001 0 0 0 0 0 8 2.4000000000000004 0 0 0 0 4.2 0 0 0 4.2 0 0 0 0 0 0 0 0 0 0 0 0 0 0 0 0 0 0 0 0 3.4000000000000004 0 0 0 0 0 0 0 0 0 0 0 0 0 0 0 0 0 0 0 0 0 0.2 0.4 0.4 10.4 0.2 0 1.4000000000000001 0 0 0 0 0 0 0 0 0 0 0 0 0 0 0.4 0 0 0 0 0 0 0.4 0 0 3.2 0 0 0 0 0 0 0 0 0 0 0 0 0 
 46.6 75.2 26.200000000000003 43 54 28.200000000000003 9.600000000000001 44 38.800000000000004 28.8 62.2 27.6 8.4 27.8 57.800000000000004 0 21.8 35.2 10.4 72.2 1.6 11.4 0 0 0 0 0 0.6000000000000001 11 0 0 0.4 15.600000000000001 0.6000000000000001 0.4 0 0 0.6000000000000001 14.8 15.4 0 0 0 0 0.6000000000000001 0 0 0.6000000000000001 0 0.4 0.4 0 0.4 0.6000000000000001 0 0.6000000000000001 0.4 0 0.4 0 0.6000000000000001 0.6000000000000001 6.4 0.6000000000000001 0 0 0 0.6000000000000001 0 0 0 0.2 0 0.4 0 0 0 0 0 0 0.2 4.4 7.800000000000001 4.4 0 3 2.6 5.4 0.4 4.4 7 3 0 3.4000000000000004 1.8 9.8 7.2 3.6 0 0 0 0 0 0 0 0 0 0 0 0 0 0 0 0 0 0 0 0 2.8000000000000003 2.4000000000000004 0 0 0 0 0 0 0 0 0 0 0 0 0 0 0 0 0 0 0 0 0 0 0 0 0 0 1 0 0 0 0 0.2 0 0 0 0 0 0 0 0 3.4000000000000004 5.6000000000000005 2.6 4 0.6000000000000001 5.6000000000000005 0 6.6000000000000005 2.8000000000000003 0 7 3 0.2 0.6000000000000001 1.8 2.4000000000000004 3 15 0 2 0 0 2.6 0 0 0 6.2 0 0 0 0 0 0 2 0 0 0 0 5.6000000000000005 0 0 0 0 0 0 0 0 0 0 0 0 0 0 0 0 0 0 0 0 0 0 3.4000000000000004 0 0 0 0 0 0 0 0 0 0 0 0 0 0 0 0 0 0 0 0 0 0 0 0.4 0.2 0.4 2.4000000000000004 0.4 0.2 2.2 2 0 0 0 0 0 0 0 19.400000000000002 0 0 0 0 0 0 0 0 0 0 0 0 8.8 0 0 2.8000000000000003 0 0 0 0 0 0 0 0 0 0 0 0 0 
 9 15.4 21.6 24.6 47.400000000000006 31.400000000000002 31.200000000000003 28.6 36.4 30.6 45 20.6 22.200000000000003 6.800000000000001 20.8 21.8 0 25.400000000000002 26 12 12 0.4 0 0 0.6000000000000001 0 0.8 1.2000000000000002 0 0 0.6000000000000001 0.8 32.4 1.4000000000000001 0 0.2 0.6000000000000001 0.4 15.200000000000001 29.8 12.4 1.2000000000000002 0 0.4 1.4000000000000001 0.2 0.6000000000000001 0.6000000000000001 0 0.8 0 0.4 0.4 1.2000000000000002 0.4 1.2000000000000002 0.8 0 1.6 0 0.6000000000000001 1.2000000000000002 0.4 1.6 0.4 0 0 0.6000000000000001 0.4 0.4 0.2 0 0 0.8 0 0 0 0.4 0 0.4 1.8 0 6 2.6 1 0 0.8 2.4000000000000004 5 9.200000000000001 0 1.8 3.4000000000000004 0 3.8000000000000003 3 3 2.8000000000000003 14.4 0.2 0 0 0 0 0 0 0 0 0 0 0 0 0.6000000000000001 0.4 0 0 0 0 3.6 0 0 0 0 0 0 0 0 0 0 0 0 0 0 0 0 0 0 0 0 0 0 0 0 0 5 0 0.2 0 0.4 0 0 0 0 0 0 0 0 1 0 0 4.4 12 0 2 0 0 0 2 3.2 0 3.6 0 0 0 0 4.800000000000001 2.2 11.600000000000001 0.2 2 3.6 0 0 0 0 0 4.4 0.2 0 0 0 0 2.2 2.4000000000000004 2 0 0 0 2.8000000000000003 0 0 0 0 0 0 0 0 0 0 0 0 0 0 0 0 0 0 0 0 0 0 0 0 0 0 0 0 0 0 0 0 0 0 0 0 0 0 0 0 0 0 0 0 0 0 0 27.8 0.2 4.4 0 0 1.8 0 0 0 0 0 0 0 0 0 0 0 0 0 0 0 0 0 0 0 0 0 0.2 0 0 0 0.4 0 0 0 0 0 0 0 0 0 0 0 0 
 7.2 33.800000000000004 104.80000000000001 30.8 12.600000000000001 44.2 8.200000000000001 70 14 92.60000000000001 46 33.6 4 25 46.6 35.2 25.400000000000002 0 5.800000000000001 14.4 0.2 0.4 0 0 0 0 14.600000000000001 0.6000000000000001 0 0 0 0.6000000000000001 1.2000000000000002 20.200000000000003 0 0 0 0 0.6000000000000001 0 0 4 0 0 0.6000000000000001 0 0.4 0.6000000000000001 0 0.2 0 0 0.4 0.6000000000000001 0 0.6000000000000001 0.6000000000000001 0 1 0 0.6000000000000001 0 0 0.6000000000000001 0 0 0 0.6000000000000001 0.6000000000000001 0 0 0.2 0 0.4 0 0 0.6000000000000001 0 0 0 0.6000000000000001 2.8000000000000003 4.4 8.6 5.2 3.2 0 0 4.6000000000000005 3.6 2 5.6000000000000005 0 0 0.6000000000000001 7.800000000000001 0.4 6.4 0 0 3.6 0 0 0 0 0 0 0 2 0 0 0 9 0 0 0 2.2 0 1.6 6 0 0 0 0 0 0 0 0 0 0.2 0.2 0 0 0.2 0 0 0 0 0 0 0 0 0 0 0 0 0.8 0 0 0 0 0 0 0 0 0 0 0 0 0 0.2 3.4000000000000004 0 3 0.6000000000000001 10.4 0.2 1.6 0.2 16.400000000000002 2 2.8000000000000003 0 0.6000000000000001 6.4 5.2 12.8 7.6000000000000005 0 0 8.8 0 0 0 0 0 6.2 0 0 8.200000000000001 0 0 5.6000000000000005 2.8000000000000003 0 0 0 0 5.6000000000000005 1.8 0 0 0 0.4 0 0 0 0 0 0 0 0 0 0 0 0 0 0 0 0 0 0 0 0 0 0 0 0 0 0 0 0 0.2 0 0 0 0 0 0 0 0 0.2 0 0 0 0.8 1.2000000000000002 0 0 0.4 9.8 1.2000000000000002 0 0 0 0 0 0 0 0 0 0 0 0 0 0 0 0 0 0 0 0 0 0 0 4.6000000000000005 0 0 0 0 0 0 0 0 0 0 0 4 0 0 
 33.4 13 8.8 16 12.600000000000001 7.6000000000000005 92.4 40.2 23.8 17.400000000000002 7.800000000000001 10 41.800000000000004 34.800000000000004 15.4 10.4 26 5.800000000000001 0 35.2 0.4 15 0 0 0 0 0 0.6000000000000001 0.2 0 0.2 0.6000000000000001 0.6000000000000001 0.6000000000000001 0 0 0 0 0 0.4 0 0 0 0 1.4000000000000001 0 0 0.6000000000000001 0 0 0 0 0.4 0.6000000000000001 0 0.6000000000000001 0.4 0.4 0.4 0 0.6000000000000001 0 0 0.6000000000000001 0 0 0 0.6000000000000001 0 0 0 0 0 0.4 0 0.2 0.6000000000000001 0 0 0 12 3.4000000000000004 3.2 0 0 0 2 7 2.8000000000000003 0 0 0 1.8 2.8000000000000003 6.2 0 0 0 6.800000000000001 2.6 0 0 0 0 0 0 6.4 0 0 0 0 2.6 0 0 0 0 0 0 0 0 0 0 0 0.2 0 0 0 0 0 0 0 0 0 0 0 0 0 0.2 0 0 0 0 0.4 0 0 0 0.2 0 0 0 0 0 0 0 0 0 0 0 0 0 0.4 0 3.2 0 0 0 0 2.8000000000000003 0 3.6 0 0 0.2 3 0 0 0 0 2 4.2 0 0 0 0 0 0 0 0 0 0 0 0 0 0 0 0 0 0 0 0 0 0 0 0 0 0 0 0 0 0 0.8 0 0 0 0.4 0 0 0 0 0 0 0 0 0 0 0 0 0 0 0 0 0 0 0 0 0 0 0.2 0 0 0 0 0 0 0 0 0 0 0 0 0.4 1.6 0 0 0 0 0 0 0 0 0 0 0.2 0 0 0 0.2 0 0 0 0 0 0 0 0 0 0 0 0 0 0 0 0 0 0 0 0 0 0 0 
 13.200000000000001 16.400000000000002 11.200000000000001 32.2 15.8 9.600000000000001 30.8 10 119.60000000000001 24.200000000000003 56.400000000000006 9 30 19.200000000000003 20.8 72.2 12 14.4 35.2 0 0 0.4 0 0 0.4 0 0 0.6000000000000001 0 0 0 0.6000000000000001 0.6000000000000001 0.6000000000000001 0 0 0 0 0 0 0 0 0 0 0.6000000000000001 0 0 0.6000000000000001 0 0 0 0 0.4 0.6000000000000001 0 0.6000000000000001 0.4 1 0.4 0 0.6000000000000001 0 0 0.6000000000000001 0 0.4 0 0.6000000000000001 0 0 0 0 0 0.4 0 0 0.6000000000000001 0 0 0 10.600000000000001 4.2 4 0 0 0 7 9.600000000000001 0 2.8000000000000003 4.4 8.6 10.8 14.200000000000001 1.4000000000000001 2.4000000000000004 0 0 4.6000000000000005 2.2 0 0 0 0 0 0 0 0 0 0 0 0 0 0 0 0 2.6 0 0 0 0 0 0 0 0.2 0 0 0 0 0 1.4000000000000001 0 0 0 0 0 0 0 0 0 0 0 0 0 0 0 0 0 0 0 0 0 0 0 0 0 0.2 0 0 0 0 2.4000000000000004 0 2.8000000000000003 0 0 6.800000000000001 3.2 0.2 4 0 3 0 5.4 6.4 2 13.600000000000001 0 3.6 4.2 0 0 0 0 0 0 0 0 0 0 0 0 0 0 2 0 0 0 0 0 0 0 0 0 0 0 0 4.4 0 0 0 0 0 0 0 0 0 0 0 0 0 0 0 0 0 0 0 0 0 0 0 0 0 0 0 0 0 0 0 0 0 2.8000000000000003 0 0 0 0.8 0 0 0 0 0 3.4000000000000004 0 0 0.2 0 0 0 0 0 0 0 0 0 0 0 0 0 0 0 0 0 0 0 0 0 0 0 0 0 0 0 0 0 0 0 0 0 0 0 
 0 0 0 0.2 30.400000000000002 62.2 0 41 0.6000000000000001 0 19 0 0 41.800000000000004 1.4000000000000001 1.6 12 0.2 0.4 0 0 23.200000000000003 17.400000000000002 23.400000000000002 9.8 8.6 39.2 7.2 35.4 45.6 5.2 6.2 59.800000000000004 25.200000000000003 58.2 48.400000000000006 36.800000000000004 20.400000000000002 11.600000000000001 58.400000000000006 0.6000000000000001 0 0.2 0 0.4 0 0.4 0.6000000000000001 0.6000000000000001 0.4 0.4 1.2000000000000002 0 0.4 0.4 0 12.8 0 0 0 0 0 0.8 0 0.6000000000000001 0.6000000000000001 1.2000000000000002 0 0.4 0 0 0 0 0 0 0 0 3.6 0 0 0 0 0 0 7.800000000000001 1.6 0.2 0 3.8000000000000003 1.8 0 3.6 9.8 0 0.2 0 0 0 0 0 2.8000000000000003 0 13.600000000000001 6.6000000000000005 3 0 7.2 11 0 6.6000000000000005 0 3.6 2.8000000000000003 6 0.2 5.2 1.6 5.2 0 0 0 0 0 0 0 0 0 0 0 0 0 0 0 0 0 0 0 0 0 1.4000000000000001 0 0 0.4 0 1.4000000000000001 0 0 0 4.4 0 0 0 0 0 0 0 0 0 0 0 0 0 0 1.8 1.2000000000000002 3.2 0 0 0 0 0 0 0 0 0.2 0 0 12.4 0 0 2.6 2.4000000000000004 9.8 0 0 2.4000000000000004 0 4.6000000000000005 3.2 2.2 2 0 6.4 0 7.4 0 8.6 0 1.8 0 2.2 0 0 0 0 0 2.6 0 0 0 0 0 0 0 0 0 0 0 2.2 0 0 0 0 0 0 0 0 0 0 0 0 0 0.2 0 0 0 0 0 0 0 0 0 0 0 0 0 14.8 0 0 0 0 0 0 0 0.4 0 0 0.2 0 0.4 0.4 0.4 0 0 0 0 0 0 0 4.4 0 0 0 0 0 0 0 2.2 0 0 0 4 0 0 0 0 1 0 0 0 
 0.4 0.4 0.4 0.4 0.4 0.8 0.8 0.4 0.4 0.4 0.6000000000000001 15.4 0.4 0.4 0.4 11.4 0.4 0.4 15 0.4 23.200000000000003 0 114.80000000000001 56.6 5.4 24.400000000000002 52 46 25.8 22.200000000000003 19.200000000000003 11.200000000000001 8.6 100.80000000000001 39.6 18 23.6 23.400000000000002 56.800000000000004 27.400000000000002 0.6000000000000001 0 0 0 0 0 0 0 0.6000000000000001 0.4 0.6000000000000001 0 0 0 1 0 0 0.2 10.8 7.2 0 0.4 0.4 0 0.6000000000000001 0.4 0 0 0 0 0 0 0 0 0 0 0 0 1.2000000000000002 0 0 0 0 0 0 0 0 0 0 0 0 0 0 0.2 0 0 0 0 0 0 3 3.6 2.8000000000000003 0 2.6 2.8000000000000003 6 5 3.8000000000000003 1.2000000000000002 5.6000000000000005 6.6000000000000005 2.4000000000000004 6.2 5.4 3.8000000000000003 3.2 3 0 2.6 3.6 0 0 0 0 0 3.8000000000000003 2.6 0 0 0 0 2.8000000000000003 0 0 0 0 0 0 0 0 0 0 0 0 0 0 0 0 0 0 0 0 0 0 0 3.8000000000000003 0 2.6 0 0 1.8 0 2.2 0.2 0 0 0 0 0 0 1 0 0 0 0 0 0 0 1 6 10.8 2.8000000000000003 1.4000000000000001 0 2.6 2.6 0 1.8 0.2 5.6000000000000005 3.4000000000000004 4.4 2 3.6 0.4 0.2 6.800000000000001 0 3.8000000000000003 0 0 0 0.2 0 0 5 0 0 0 0 0 3.8000000000000003 0.2 0 4.6000000000000005 0 0 4 0 0 0 0 0 0 0 0 0 0.2 0 0 0 0 0 0 0 0 0 0.6000000000000001 0 0 0 2.6 0 0 0 0 0 0 14.8 0 0 0 0 0 0 0.4 0.2 18 0 0.4 0 0 0 0 0 0 0 0 0 0 0 0 0 0 0 0 0 0 0 0 2.4000000000000004 0 0 0 0 0 0 0 0 
 0 0 0 0.6000000000000001 0 0 0.6000000000000001 0 0 0.2 0 8.6 0 0 0 0 0 0 0 0 17.400000000000002 114.80000000000001 0 34.6 9.8 20.8 30.6 41.2 35 25.8 45.6 25.6 9.200000000000001 11.4 56 43.6 10.4 26.8 6.6000000000000005 54.6 0.6000000000000001 0.4 0 0 0.4 0.4 1 0.2 0.6000000000000001 1.2000000000000002 2.6 0 0 0 0.8 0 0 0.2 13.4 0 0 0.2 0.6000000000000001 0 0.6000000000000001 0.4 0 0 0 0 0 0 0 0 0.2 0 0 0 1.8 0 0 0 0 0 0 0 0 0 0 0 0 0 0 0 0 0 0 0 0 0 0.2 4.800000000000001 0 2.2 8.6 0 7.4 3.4000000000000004 1.8 1.2000000000000002 4.4 2 2.2 0 2.4000000000000004 3 0 2.8000000000000003 0 3.8000000000000003 3 0 0 0 2 0 0 0 0 0 0 0 4.800000000000001 0 0 0 0 0 0 2 0 0 0 0 0 0 0 1 0 0.2 0 0 0 0 0 0 0 0 2.6 0 0 0 0 2.2 2.6 0 0 0 0 0.2 0 0 0 0 0 0 0 0 0 0.4 10.8 6.6000000000000005 0 5 0 2.8000000000000003 3 0.2 10.8 1.4000000000000001 0.2 4 0 2.4000000000000004 0 4.4 0 0.6000000000000001 0 0.4 0 0 0 0 0 0 7.6000000000000005 0 0 0 0 0 7 0 0 3.2 0 0 2.8000000000000003 3.6 0 0 0 0 0 0 0 0 0.4 0 0 0 0 0 0 0 0 0 0 0 0 0 2.4000000000000004 0 0 0 0 0 0 0 0 0 0 0.2 0 0.2 0.8 0.2 0.2 0 0 0 0 0 0 0 0 0 0 0 0 0 0 0 0 0 0 0 0 0 0 3.8000000000000003 0 0 0 4.2 0 0 0 0 
 0 0.6000000000000001 0 0 0 0 0 0 0.6000000000000001 0 0 0 0 0.6000000000000001 0.8 0 0 0 0 0 23.400000000000002 56.6 34.6 0 16.8 24.6 38 30.6 50.800000000000004 19.400000000000002 26 15.8 25.6 121.4 70.4 38 24.6 36.2 15 56.400000000000006 0.6000000000000001 0 0 0 0 0 12.8 0.4 0.6000000000000001 0.6000000000000001 0.6000000000000001 0 0 0 0.8 0 0 0.4 12.8 0 0 0.2 0.6000000000000001 0 0.6000000000000001 0.4 2.6 0 0 0 0 0 0 0 0 0 0 0.4 0 0 0 0 0 0 0 0 0.4 0 0 0 0.4 0 0.2 0 0.4 0 0 0 0 0 3.6 3.2 13 7.4 3.6 1.8 4.800000000000001 6.4 2.8000000000000003 4 4 11.4 0 6.2 2 4.6000000000000005 1.8 5.800000000000001 0 1.4000000000000001 2.2 0 0 0 0 0 0.2 0 0 0 0 2 6.6000000000000005 0 0.2 0 0 0.4 9.4 1.2000000000000002 0.8 0 0.2 2 0.4 0 0 0.6000000000000001 0 0 0 0 0 0 0 0 0 0 0 0 0 0 0 0 0 0.2 0 0 0 0 0 0 0 0.8 0 0 0 0 0 1.2000000000000002 3.8000000000000003 4 6.2 0.2 0 6.6000000000000005 0 0 3.8000000000000003 2.4000000000000004 9.600000000000001 2.2 3.6 0.2 1.8 1.8 1.6 0.4 0 0 0 0 0 0 0 0 9 0 0 0 0 0 2.2 0 0 2.2 0 0 11.4 0 0 0 0 0 0 0 0 0 0 0 0 0 0 0 0 0 0 0 0 0 0 0 2.2 0 0 0 0 0 0 0 0 0 0 0 0.6000000000000001 0.2 0.4 2.8000000000000003 0.8 0.4 0.2 2.8000000000000003 0 0 0 0 0 0 0 0 0 0 0 0 0 0 0 0 0 0 0.2 0 0 0 0 0 0 0 0 0 
 0 0.4 0 0 0 0 0.4 0 0 0 0 0 0.4 0 0 0 0.6000000000000001 0 0 0.4 9.8 5.4 9.8 16.8 0 48.2 14.8 11 16.2 62 32 16.400000000000002 16 21 21.200000000000003 70 22.400000000000002 5.800000000000001 13.200000000000001 18.2 0.6000000000000001 11 13 0 0 0 30.6 27.6 0.6000000000000001 0.4 0.4 0 8.8 0 25.200000000000003 0 0 0.2 5.800000000000001 3.4000000000000004 0 0.4 0.6000000000000001 0 0.6000000000000001 0.4 0 0 0 0 0 0 0 0 0 0 0 0 9.8 0 0 0 0 0 0 0 0 0 0 0 0 0 0 0 0 0 0 0 0 0 0 0 2.8000000000000003 0 0 8.6 0 0 0 0 0 2.6 0 0 0 0 0 1.8 0 0 6.4 0 0 0 0 0 5.6000000000000005 4.4 7.4 0 0 0.2 6.4 6.2 3 0 0 0.8 5.6000000000000005 3 0 0 0 0 0 0 0 0 0 0 0 0 0 0 0 0 3.4000000000000004 0 0 0 0 0 0 0 0 0 0 0 0 0 0 0 0 0 0 0 0 0 1 0 0 0 0 1.2000000000000002 0.6000000000000001 5.2 0 0 0 4 0 4 0 0 0 0 0 6.2 0 0 0 6.6000000000000005 0 6.6000000000000005 0 0 1.8 0.4 7.6000000000000005 0.4 0 0 7.6000000000000005 4.4 5.6000000000000005 0 4.4 3.2 7.4 2.8000000000000003 0 0 0 0 0 0 0 0 0 6 0 0 0 0 0 0 0 0 0 0 0 0 0 0 0 0.4 0 0 0 0 0 0 0 0 1.2000000000000002 0.6000000000000001 0.4 9.600000000000001 30.8 0.4 0 2.2 0 0 0 0.2 0 0 0 0 0 0 0 0 0 0 0 0 0 3 0 0 0 0 0 0 0 0 0 0 
 0.4 0 0 0 0 0.4 0 0.2 15.4 0 0 0.4 0 0 1.6 0 0 0 0 0 8.6 24.400000000000002 20.8 24.6 48.2 0 52.6 5.4 12.200000000000001 24 44.400000000000006 30.6 3.8000000000000003 17.400000000000002 18.2 43 14.600000000000001 39.800000000000004 9.200000000000001 10.4 0.6000000000000001 12.600000000000001 4.800000000000001 0 0 0 24 1 23.200000000000003 0.2 1 0 0 13 2 0 0 0 25.400000000000002 13.4 0 0.6000000000000001 0.8 0 0.6000000000000001 0.4 0.6000000000000001 0.8 0.8 0.2 0.2 0 1.2000000000000002 0.4 0 0 0 1.8 0 0.2 0 0 0 0 0 0 0 0.2 0 0 0.2 0 0 0 0 0 0 0 0 0 0 0 2.2 2.8000000000000003 1.8 4.800000000000001 2.6 0.4 0 2.2 6.800000000000001 0.2 0 0 0 0.2 0 0.2 0 1.4000000000000001 5 0 0 0 0 0 3.2 0 0.2 0 0 0 6.6000000000000005 3.6 0 3 0.2 0 2.4000000000000004 7 0.6000000000000001 0 0 0 0 0 0 0 0 0 0 0 0.4 0 0 0 0 0 0.2 0.2 0 0 0 0.4 0 0 0 0 0 0 0.2 0 0 0 0.2 0 0 0 0.4 0 0 1.2000000000000002 0 2.4000000000000004 5.2 5 0 0 5.6000000000000005 3.4000000000000004 2.4000000000000004 7.6000000000000005 0 0.2 0.2 4.800000000000001 0 1.8 0 0 0.6000000000000001 0 0 0 0 0 0.6000000000000001 3.2 0 0 0 0 0 0 2.4000000000000004 3.8000000000000003 0 2.8000000000000003 3.4000000000000004 0 0 0 0 0 0 0 0 0 0 0 0 0 0 0 0 0 0 0 0 0 0 0 2.2 0 0 0 0.2 0 0 0 0 0 0 0 2.8000000000000003 0 0.2 14.8 0.2 0.2 1 0.4 0 0 0 3.2 7.2 0 0 0 0 0.2 0 0 0 0 0 0 0 0 0 0 0 0 0 0.8 3.6 0 0 0 
 0 15.600000000000001 0 0 15.200000000000001 0 0 0 1 12.200000000000001 14.4 0 0 0.6000000000000001 1 0 0.8 14.600000000000001 0 0 39.2 52 30.6 38 14.8 52.6 0 18.6 26.8 8.8 19.6 5.6000000000000005 79.2 61.400000000000006 36.4 20.200000000000003 23.6 5.6000000000000005 52.6 50.400000000000006 0.6000000000000001 13 0 0 0 0 0 0.2 0.6000000000000001 0 0.2 0.8 0.2 0 0 0 0.2 0.2 0 0 0 0 0.4 0 0.6000000000000001 0.4 0 0 0 0 0 0 0 0 0 0 0 0.2 0 0 0 0 4 0.2 0 1.4000000000000001 0 0 0 1.4000000000000001 1.6 2.2 0 0 0 0.2 1.4000000000000001 4.6000000000000005 0 0 2.6 7.4 11.8 5.2 7.4 0 2.2 17 2.4000000000000004 6.6000000000000005 2 0.2 0 1.4000000000000001 5.6000000000000005 5 1.6 2.8000000000000003 7 0 0 0 0 3.6 0 0 0 0 0 0 0 0 0 0 0 0 0 0 0 0 0 0 0 2.8000000000000003 0 0 0 0.4 0 0 0.2 0 0 0 0 0 0 0 1.6 0 0 0 0 0 12.8 0 0 0 0 0 1.6 2.4000000000000004 0 0 0 0 0 0.2 0 0 0 4.800000000000001 3.6 7.800000000000001 0 0.4 0.4 2.4000000000000004 0 0 3 3.2 4.6000000000000005 8.200000000000001 3.2 0 6 2.2 4 2.6 0 0 0 0 0 0 0 0 0 0.2 0 0 0 0 0 0 0 0 2.2 5 0 0 0 0 0 0 0 0 0 0.2 0 0 0 0 0 0 0 0 0 0 0 0 0 0 0 0.2 0 0.4 0 0 0 0 0 0 0.8 0.4 0.6000000000000001 0 0 0 0.4 0.4 0 0 0.2 0 0 0 0 0 9.200000000000001 0 0 0 0 0 0 0 0 0 0 6 0 0 0 0 0 0 0 0 
 0.6000000000000001 0.8 0.6000000000000001 1 0.6000000000000001 0.6000000000000001 0.6000000000000001 0.6000000000000001 1.2000000000000002 0.6000000000000001 0.6000000000000001 6 0.6000000000000001 0.8 1.2000000000000002 0.6000000000000001 1.2000000000000002 0.6000000000000001 0.6000000000000001 0.6000000000000001 7.2 46 41.2 30.6 11 5.4 18.6 0 31.400000000000002 30 7.6000000000000005 23.6 16.8 83.4 43.800000000000004 22.400000000000002 8.200000000000001 26.6 11.8 9.600000000000001 13 0 0 0 0 0 0 0.2 0.6000000000000001 0.4 0 0 0 0.6000000000000001 0 0 0.8 0.2 12.8 0 0 0 0.6000000000000001 0.4 0.6000000000000001 0.4 0 0 0 0 0 0 0 0 0 0 0 0 0.8 0 0 0 0 0 2.2 2.2 0 0 0 2.8000000000000003 0 0 0.2 0 0 0 1.8 0.2 0 0 1.8 0.2 0 0 0.2 0 3.6 1.8 1.8 0.2 7.2 0 1.8 9.4 6 0 2.8000000000000003 8.200000000000001 7.800000000000001 4.2 0 0 0 0 0 0 2.2 0 0.2 0 0 0 2 0 0.2 0 0 0 0 0 0 0 0 0 0 0 0 0 0 0 0 0 0 0 0 0.8 0 0 0.8 0 0 0 2.6 1.8 1.6 0 0 0 5.2 0 0 0 0 0 0 0.4 0 0.2 0 0.2 7.800000000000001 4.4 0 3.2 0 2.6 2.6 2.8000000000000003 0.6000000000000001 0 0.2 0 5.6000000000000005 2.2 2.6 3.8000000000000003 3.4000000000000004 1.4000000000000001 0 4.4 0 0 0 0 0 0 5.4 0 0 0 0 0 3.8000000000000003 0 0 0 0 0.4 0 0 0 0 0 0 0 0 0 0 0 0.2 0 0 0 0 0.2 0 0.2 0.4 0 0 0 0 0 0 0 0 0 0 0 7 0 0 0 0.4 1.2000000000000002 0.4 0.2 1.6 0 0 0.4 0 0.8 0 0 0 0 0 0 0 0 0 0 0 0 0 0 0 0 0 0 0 0 0 0 0 0 0 0 0 
 0 0 0 0.4 0 0 0.4 0.2 0 0 0 17 0 0.4 0 11 0 0 0.2 0 35.4 25.8 35 50.800000000000004 16.2 12.200000000000001 26.8 31.400000000000002 0 18.6 96.80000000000001 53.6 21 69.8 31.400000000000002 101.4 34.2 55.400000000000006 39.400000000000006 75 0.6000000000000001 0.4 0 0 0 1 0.6000000000000001 0.2 0.6000000000000001 0.4 13.4 1 17.6 0 3.6 0 1 0.2 0 0.2 0 0 0.6000000000000001 0 0.6000000000000001 0.4 0.6000000000000001 0 0 0 1.2000000000000002 0 0 0 0 0 0 0 0 0.6000000000000001 0 0 0 0 0 0 0 0 0 0 0 0 0 0 0 0 0 0 0 0 2.2 3 3.2 1.8 17.400000000000002 2.6 2.8000000000000003 1.8 6.6000000000000005 5.4 3.8000000000000003 8.6 0 1.8 9 12 2.8000000000000003 2.4000000000000004 0 2.6 0.2 0 0 0 0 0 2 4.4 0 0.2 0 0 0 0 4.4 0 0 0 2 2.6 0 0 0 0 0 0 0 0.2 0 0.2 0 0 0 0 0 0 0 0 0 0 0 0 0 0 1.4000000000000001 0 0 0 0 0 0 0 0 8.8 0 0 0 0 0 1.4000000000000001 0.2 4 0 1.8 0 0 3.6 8.200000000000001 4.800000000000001 0 9.8 3.2 0 3.2 0 4.2 1.6 3.8000000000000003 0 8.8 9.4 0 0 0 0 0 0.2 0 0 0 0 0 0.2 4 3 0 0 0 6 0 0 0 0 0 0 0 0 0 0.2 0 0.8 0 0 0 0 0 0 0 0 0 0 0 0 0 0 0 0 0 0 0 0 0 0 0 0 0 0 15.200000000000001 0.2 0.4 0.4 0.2 0 0 0 0 0 0 0 0 0 0 0 0 0 0 0 0 0 0 0 4.4 0 0 0 0 0 0 0 0 
 0 0 0 0 0 0 0.6000000000000001 0 0 0 0.2 0 0 0 0 0 0 0 0 0 45.6 22.200000000000003 25.8 19.400000000000002 62 24 8.8 30 18.6 0 35.800000000000004 40.800000000000004 50.400000000000006 19.200000000000003 69 55.6 21.200000000000003 6.4 10.600000000000001 20.6 0.6000000000000001 0 0 0.4 0 0 0.2 0 0.6000000000000001 0.4 0 0 13 0 0.2 0.4 0 0.2 0.2 0 0 0 1.4000000000000001 0.6000000000000001 0.6000000000000001 0.4 0 0 0 0 0 0 1.4000000000000001 0 0.6000000000000001 0.6000000000000001 0 0.4 0 0 0 0 0 0 0.2 1.2000000000000002 0 0 0 0 0 0.2 0 0 0 0 0.4 0 0 0 0.2 0 0 6.2 3 7.2 0 2 3 2.2 11.8 2.2 0 2 2 0 3.8000000000000003 4.2 2.6 0 6.800000000000001 0 0 0 0 0 3.8000000000000003 1.6 0 0 0 0 7.2 3 0 2.8000000000000003 0 0 6.2 4.6000000000000005 0 0 0 0.2 0 0 0 0 0.2 0 0 0 0 0 0.4 1.2000000000000002 0 0 0 0 0 0 0 0 0.2 0 0 0 0 0 0 0 0 0 0 0 0 0 0 0 2.4000000000000004 3 0 6.800000000000001 5.6000000000000005 5.4 4 2.8000000000000003 0 0 3 5.2 2.2 1.8 0.2 0 2.6 6.6000000000000005 0 1 0.6000000000000001 12.4 0 0 0 0 2 1.8 0.4 0 0 0 4.6000000000000005 0 3.8000000000000003 6 0 0 4 3 0 0.4 0 0 0 0 0.2 0 1.4000000000000001 0 0 0 0 0 0 0 0 0 0.2 0 0 0 0 0 0 0 0.2 0 0 0 0 0 0 0 0.4 0 0 15 7 0 0.2 0 0.4 0 0 0 0 0 0 0 0.2 0 0 0 0 0 0 0 0 1.6 0 0 0 0 0 0 0 0 0 0 
 0 0 0 0 14.600000000000001 0 0 0 13 0 0 0 0 0 0.2 0 0.6000000000000001 0 0.2 0 5.2 19.200000000000003 45.6 26 32 44.400000000000006 19.6 7.6000000000000005 96.80000000000001 35.800000000000004 0 52 6 29 16.2 59.6 37.800000000000004 26.8 9 13.4 0.6000000000000001 0 41.400000000000006 0 0 0 1.8 7.6000000000000005 12.200000000000001 0 1.2000000000000002 0 12.4 0 3.8000000000000003 0 0 0.2 0 0 0 0.2 0.6000000000000001 0 1.4000000000000001 0.4 10.4 0 0 0 0 0 0 0 0 0 0 0 0 0 0 0 0.2 0 0.8 0 0 0 0 0 0 0 0 0 0 0 0 2.4000000000000004 0 0 3.4000000000000004 2 0 1.8 2.4000000000000004 0 5 10.4 0 4.4 0.2 5.4 1.6 1 2.4000000000000004 9 0 2.2 0 1 0 0 0 0.2 0.2 0 0 2.2 0 0 0 0 3 0 0 0 0 3.8000000000000003 2.8000000000000003 2 0 0 0 0 0 0 0.4 0 0 0 0 0 0 0 0 0 0 0 1 0 0 0 0 0 0 0 0 0.4 0 0 0 0 0 0 0 0.8 0 0 0 0 0.6000000000000001 4.2 0 9.600000000000001 0 0 0.2 5.4 14 0 6 3.6 0 1.6 0.2 2.2 0 4.6000000000000005 0 0 0 2.6 2.6 0 0 0 1.8 0 0 2.2 0 0 1.6 0 0 0 0 0 3.4000000000000004 4.2 0 0 0 0 0 0 0 0 0 0 0 0 0 0 0 0 0 0 0 0 0 0 2 0 0 0 0 0 0 0 0 0 0 0 0 0.2 0.4 15 0 0 2.8000000000000003 0 0 0 0 0 0 0 0 0 0 0 0 0 0 0 0 0 0 0 0 1.2000000000000002 0 0.2 0 1.8 0 0 0 0 
