 0 34.800000000000004 31.8 9.200000000000001 11.600000000000001 24 35.2 11.8 47.2 8.4 6.4 9.600000000000001 27.6 47.6 65.8 27 26.8 10 26 7.2 0 0 1 0.4 0 0.6000000000000001 0 0 0 0.6000000000000001 0 0.6000000000000001 0.6000000000000001 0.4 15.8 0 0 0 15.4 0.4 0.4 0.8 12.200000000000001 0 0.6000000000000001 0 0.6000000000000001 0 0 4.800000000000001 0 0.2 0 0 0.6000000000000001 1.8 0 0.4 0 0 0 1.2000000000000002 0.6000000000000001 0 0.4 0.6000000000000001 0.6000000000000001 0 0 0 0 0.4 0.6000000000000001 1.2000000000000002 1.2000000000000002 0.8 0 0.4 1.2000000000000002 0.6000000000000001 0 2.8000000000000003 6.800000000000001 0 2.8000000000000003 0 2.2 4 14.600000000000001 0.2 1.6 4.2 4.6000000000000005 0.2 7.800000000000001 0.2 3.6 6.2 0 0 0.4 0 0 0 0 0 0 0 0 0 0 0 3 3.6 0 0 0.2 0 2.2 2.2 0 0 0 0 0 0 0 0 0 0 0 0 0 0 0 0 0 0 0 0 0 0 0.6000000000000001 0 0 0 0.2 0 0.2 0 0 0 0 0 0 0 0 0 0 0.8 3.2 3 0 5.800000000000001 4.6000000000000005 2.4000000000000004 2.6 2.4000000000000004 8 2.4000000000000004 6.4 0 0 6.4 16.8 6 0 3.2 2.6 4.4 0 0 0 0 0 0 0 0 0 0 0 0 2.2 0 0 0 0 0.4 5.800000000000001 0.2 0 0 0 0 0 0 0 0.4 0 0 0 0 1 0.4 0 0 0 0 0 0 0 0 0.2 0 0 0 0.2 0 0 0 0 0 0 0 0 0 0 0 0 1.4000000000000001 0 0 0 0 0 0 0.4 0 0.4 0 0.4 2.4000000000000004 0 0 0 0 0 0 0 0 0 0 0 0 0 0 0 0 0 0 0 0 0 0 0 0 0 0 0 0 0 0 0 0 0 0.4 0 0 0 0 
 34.800000000000004 0 128.6 37.4 10.200000000000001 28 17.2 18.400000000000002 35 7 22.400000000000002 16 62.800000000000004 9.600000000000001 56.6 59.2 7.4 13 35 13.200000000000001 0 41.2 0 0 0 0 0 0 0 0 0 0.4 0 0 0.2 0 0.6000000000000001 0 15.200000000000001 4.6000000000000005 0 0.4 0 0 0 0 0.6000000000000001 0 0 0 0 0 0 0.6000000000000001 0 0.4 0 0.4 0 0 0 0.6000000000000001 9.4 0 0.4 0 0 0 0 10.4 0 0 0 0 0.4 0 0 0 0 0 3.4000000000000004 5 5.6000000000000005 0 0 0 3.8000000000000003 0 0 0 0 7.800000000000001 2.2 0.2 1.8 7 5.800000000000001 7.4 0.6000000000000001 0 4 0.2 0 0 0 0 0.2 0 0 0 0 0 3 1 0.6000000000000001 0 0 0 0 2.2 0 0 0 0 0 0 0 0 0 0 0 0 0 0 0.4 0 0 0 0 0 0 0.8 0 0 0 0 0 0 0 0 0 0 0 0 0 0 1.2000000000000002 0 0 0 2.2 0.4 0.2 1.2000000000000002 0 3.8000000000000003 4 2.2 0 1.6 4 0 0 0 0 0 0 0 7.6000000000000005 2 0 0 0 0 0 0 0 0.2 0 0 0 0 2.2 0 0 0 0 0 0 3.8000000000000003 0 0 0 0 0 0 0 0 0.4 0 0 0 0.4 0 0 0 1.2000000000000002 0 0 0 0 0 0 0 0 0 0 0 0 0 0 0 0 0 0 0 0 0 0 0 0 0 0 0 0 0.4 18 0 0.4 0 0 0.4 0 0 0 0 0 0 0 0 0 0 15 0 0 0 0 0 0 0 0 0 0 0 0 1.4000000000000001 0 4 0 0 0 0 0 0 0 0 0 0 0 0 
 31.8 128.6 0 78.2 46 8.8 13.8 39 33.2 32.800000000000004 8.8 22.8 34 71 15 25.6 34.4 46.6 11 9.200000000000001 0 0 16.400000000000002 0.4 0.4 0 0 0 0.8 0 0.4 41.400000000000006 41.6 0 0 0.4 0 0 35.6 14.600000000000001 0 0.4 0 0 0 0 0.6000000000000001 0 0 0 0 0 0 0 0 0.6000000000000001 0 0.4 5.2 0 0 0.6000000000000001 0.6000000000000001 0 0.4 0 0 0 0 0 0 0 0 0 0.4 0 0 0 0 0 7.6000000000000005 2.6 11.600000000000001 1.4000000000000001 4.2 5.4 0.2 0 3.8000000000000003 2 0 2.4000000000000004 3.4000000000000004 0 5 2.6 0 5.800000000000001 0 0 3 0 0 0 0 0 2.6 0 0.2 0 0 0 2.8000000000000003 1.8 2.4000000000000004 0.2 0.2 0 2.8000000000000003 0 0 0 0 2 0 0 0 0 0 0 0 0 0 0 0 0.4 0 0 0 0 0 0 0.8 0 0 0 0 0 0 0.4 0 0 0 0 0 0 0 0 0 0.6000000000000001 1.6 2.8000000000000003 0 2.4000000000000004 1.6 4.6000000000000005 0 0.4 1.6 7.6000000000000005 3.2 4.2 0 3.8000000000000003 0 2 3 1 0 0 0.2 2.4000000000000004 0 0 0 0 0.2 0 0 0 0 1.6 5 0 0 0 0 0 0 0.6000000000000001 0 0 0 0.2 0 0 0 0 0 0 0 0 0 0 0 0 0 0 0 0.2 0 0 0 0 0 0 0 0 0 0 0 0 0 0 0 0 0 0 0 0 0 2.4000000000000004 0 0 0 0 2.6 0 17.8 0 5.4 2.6 0 0.2 0 0 0 0 0 0 0 0 1.8 0 0 0 0 0 0 0 0 0 0 0 0 2 0.2 0 0 0 0 0 0 0 0 0 0 0 0 0 
 9.200000000000001 37.4 78.2 0 19.200000000000003 5 32.4 14.600000000000001 86.4 69.4 59.800000000000004 108.60000000000001 39.400000000000006 36.800000000000004 17.2 103.60000000000001 30.200000000000003 20 23.200000000000003 30.6 15.4 0 0 0 0 0 0.6000000000000001 0 0 0 0 0 0 0.4 0 0 0 0 20.400000000000002 0.2 0 12.8 0 0 0 0 0.6000000000000001 0 0 0 0 0 0 0 0 0.2 0 0.4 0 0 0 0.6000000000000001 0.6000000000000001 0 0.4 0 0 0 0 0 0 0 0 0 0.6000000000000001 0 0 0 0 0 9.600000000000001 3 5.2 7.4 2 2.4000000000000004 4.800000000000001 0.2 0 0 0 5.6000000000000005 0.8 0 1.8 2 0.2 4.800000000000001 0 3.4000000000000004 0 5.4 0 0 0 0 2 0 0 0 0 0 0.4 0.2 0 0 0 0 3.2 0.4 0 0 0 0 0 0 0 0 0 0.4 0 0 0 0 0 0 0 0 0 0 0 0 0.6000000000000001 0 0 0 0 0 0 0 0 0 0 0 0 0 0 0 0 5.4 7.4 2 2 0 4.800000000000001 1.6 0 4.2 1.4000000000000001 2.4000000000000004 4.800000000000001 2 0 4.6000000000000005 4.4 5.800000000000001 4.2 0 0 3.8000000000000003 0.4 2.8000000000000003 0 0 0 0 0 0.2 2.6 0 0 0 2 0.2 0 0 0 0 2.6 0 0.4 0 0 0 0 0 0 0 0 0.2 0 0 0 0 0 0 0 0 0 0 0 0 0 0 0 0 0 0 0 0 0 0 0 0 0 0.2 6.800000000000001 0 0 0.2 0 0 0 0 0 0.8 0 0 0.6000000000000001 0.4 0.4 3.2 0 0 0 0 0 0 0 0 0 0 0 0 0 0 0 0 0 0 0 0 0 0 0 0 2.8000000000000003 0 0 0 0 0 0 0 0 0 0 0 0 0 
 11.600000000000001 10.200000000000001 46 19.200000000000003 0 30.200000000000003 28.6 62.6 17.8 20 18 98.2 16.2 13.4 42.400000000000006 18 28.400000000000002 25.6 15.4 11.4 15.200000000000001 0 2 0 0 0 0 0.6000000000000001 0 0 0.2 0 15.600000000000001 14.600000000000001 12.600000000000001 5.4 18.8 0.2 17.400000000000002 4.6000000000000005 0 0.4 0 16.8 0.6000000000000001 0 0.6000000000000001 0 0 0 0 0.4 0 0 0 0 0 0.4 0 0 0 0.4 0.6000000000000001 0 0.4 0 0 0 0 0 0 8.200000000000001 0 0 0.6000000000000001 0 0 0 0 0 0 0.2 4.6000000000000005 5.2 3.8000000000000003 11.4 0 0 2 10.600000000000001 2.6 7.800000000000001 0 0 0 4.2 2.8000000000000003 0 0 0 7.2 4 0 1.2000000000000002 0 0 3.8000000000000003 10.8 2.4000000000000004 0 2 0 4.6000000000000005 5 0.4 5.800000000000001 1.2000000000000002 0 2.6 2.8000000000000003 0 0 0 0 0 0 0 3.4000000000000004 0.2 0 0.2 0 0 0 0 0 0 0 0 0 0 0 0 0 0 0.2 0 0 0 0 0 0 0 0 0 0 0 0 0 0 4.2 0 1.2000000000000002 3.8000000000000003 0 0 0 0 0 4.4 0 9 0 0 0 0 0 5.800000000000001 0 0 2 0 0.8 1.8 0 0 4.4 4.2 0 2 0 0.2 0 0 0 5 0 0 5.800000000000001 6.6000000000000005 0 0 0 0 0 0 0 0 0 0 0 0 0 0 0 0 0 0 0.2 0 0 0 0 0 0 0 0 0 0 0 0 0 0 0 0 0 0 0 0 0 0 0 0 0 0 1.6 18.2 0.8 2.4000000000000004 9 4.800000000000001 2.6 0 0 0 0 0 0 0 0 3.4000000000000004 0 1.8 0 0 0 0 0 0 0 0 0 0 0 0 0 0 0 0 0 0 2 0 0 0 0 0 0 0 2.2 
 24 28 8.8 5 30.200000000000003 0 24.8 67.2 8.6 7.800000000000001 41.400000000000006 49.800000000000004 4.6000000000000005 31.8 20.6 15.4 14.4 71 10 11.600000000000001 0 22.400000000000002 0 0 0 1 0.4 0 0 0 0 0 14.8 0 0.2 3.8000000000000003 7.800000000000001 15.4 14.8 29.400000000000002 0 1 0 0 0 0 0.6000000000000001 0 0 0 0 0.2 0 0 0 0.4 0 11.600000000000001 0 0 0 0.6000000000000001 1 10.200000000000001 0.4 0.4 1.6 0 0.6000000000000001 0 0 0 1 0 0.4 0 0 0.6000000000000001 0 0.4 0 0 2.4000000000000004 0.8 2 2.8000000000000003 0 2.8000000000000003 4.2 4 3.6 3.2 0 1.8 2.4000000000000004 2.6 2.4000000000000004 0 0 0 0.2 2.8000000000000003 0 0 0 0 1.6 5.2 2.6 0 0 0 6.6000000000000005 0 2 6.2 0.8 0.2 0.2 8 0 0 0 0 0 0 0 0 0 0 0 2.4000000000000004 0 0 0 0 0 0.6000000000000001 0 0 0 0 0 0 0 0 0 1.4000000000000001 0 2.6 0 0.6000000000000001 0 0 0 0 0 0 0 0 0 0 0.2 5.4 2 3.4000000000000004 0 0 7.4 5.6000000000000005 0 3.6 0 3.6 3.8000000000000003 0 5.4 0 0.8 0 0 0 0 0 0 0 3 2.8000000000000003 0 0 0 0 7.4 0.4 0 3.4000000000000004 0 0 7 0 0 0 0 0 0 0 0 0 0 0 0 0 0 0 0 0 0 0 0 0 0 0 0 0 0 0 0 0 0 0 0 0 0 0 0 0 0 0 0 0 0 0 0 0 0 0.2 0.2 0 0.2 0 0 1.6 2 0 0 0 0 0 0 0 0 0 0 0 0 0 0 0 0 0 0 0 0 0 0 2.8000000000000003 0 0 0 0 0 3.2 0 0 0 0 0 0 0 0 
 35.2 17.2 13.8 32.4 28.6 24.8 0 25.8 68.4 108.2 40 12.600000000000001 64.2 55.6 94 26 26.6 7.6000000000000005 9 28 0 0 0.2 0 0 0 0 0 0 0 0.2 0 0 0 0 0 0 0.2 0 0 0 0.4 0 0 0 0 0.6000000000000001 0 0 0 0 0.4 0 0 0 0 0 0.4 0 0 0 9 0.6000000000000001 0 0.4 1 0 0 0 0 0 0 0 0 0.6000000000000001 0 0 0 0 0 2.6 6.2 1.4000000000000001 7 3.4000000000000004 0 0 2.2 7.2 0 1.6 0 0 4.6000000000000005 4.6000000000000005 0.2 0 2.4000000000000004 0.2 0 0.2 0 0 0 0 0 0 0 0 0 0 0 1 0 0 0 0.2 0 0 0 0 0 0 0 0 0 0 0 0 0 0 0 0 0 0 0 0 0 0 2 0 0 0 0 0 0 0.8 0 0.2 0 0 0.2 0 0 0 0 0 0 0 0 0 6.4 2.2 5.2 8.4 2.4000000000000004 0 0 6 0.2 10.600000000000001 4.6000000000000005 0 6 8.8 3.2 3.6 0.4 6.4 6.6000000000000005 0 0 0 0 0 0 0 0 0 0 0 0 1 0 0 0 0 0.4 0 0.2 0 0 0 0 0 0 0 0.4 4.6000000000000005 0 0 0 0 0.4 0 0 0 0 0 0 0 4.2 0 0 0 0 0 0 0 0 0 0 0 0 0 0 0 0 0 0 0 0 0 0 0 0 0 0 0 0 0.4 0 0 0 0 0 0 0 0 0 0 0 0 0 0 0 0 0 0 0 0 0 0 0 0 0 0 0 0 0 0 0 0 0 0 0 0 0 0 0.4 
 11.8 18.400000000000002 39 14.600000000000001 62.6 67.2 25.8 0 16 39.2 26.6 38.6 60 88.4 15 43.400000000000006 85.60000000000001 14.600000000000001 13.600000000000001 55.800000000000004 0 0 0.2 0.8 4.4 0 0.2 0.6000000000000001 0.4 0 0 0 0 0 0.2 0 1.8 0.2 0 0 0 1.2000000000000002 0 0 0 0 1.4000000000000001 0 0 0 0 0 0 0 0 0.4 0 0.6000000000000001 0 0 0 0.6000000000000001 8.4 0 0.4 0 0 0 0 0 0 0 0 0 0.4 0 0 0 0 0 3.6 4.800000000000001 2 2.2 0 0 0 0 4.6000000000000005 5 4.2 0.2 0 1.2000000000000002 8 6.6000000000000005 3.6 0 2.6 0 0 3.2 0 0 0 0 11.200000000000001 0 0 0 0 0 2.8000000000000003 0 0 0 0 0 0 1.6 0 0 0 0 0 0 0 0 0 0 0 0.2 0 0 0 0.4 0 0 0 0 0 0 0 0 0.2 0.4 0.6000000000000001 0 0 0.4 0 0.6000000000000001 0 0 0 0 0 0 0 0 3.6 3.6 0 2.2 0.2 0 2 4.4 4.6000000000000005 2 0 0 0 0 2.8000000000000003 0 0 1 1.2000000000000002 0 0 0 0 0 0 0 0 0 0 0 0 0 3.2 0 0 0 0 0 2.4000000000000004 0 0 0 0 0 0 0 0 0 0 0 0 0 0 0 0 0 0 0 0 0.2 0 0 0 0.2 0.4 0.2 0 0 0 0 0 0 0 0 0 0 0 0 0 0 0 0.4 0 0 0.2 0 0 0.4 0 0.4 0 2.2 0 0.4 0 0 0 0 0 0 0 0 0.2 0 0 0 0 0 0 0 0 0 0 0 0 0 0 0 0 0 0 0 0 0 0 0 0 0 0 0 
 47.2 35 33.2 86.4 17.8 8.6 68.4 16 0 54.800000000000004 26.8 25.8 24 35.6 36.800000000000004 28.8 17.2 24.6 79.4 19.400000000000002 0.4 0 0 0 0 0 0 0.8 0 0.4 0 0 0 0 0.2 0 0 0.4 0 0.4 0 1 0 0 0.6000000000000001 0 1 0 0 0 0 0.4 0 0 0 0.8 0 0.4 0 0 0.4 1.2000000000000002 0.6000000000000001 0 0.4 0 0 0 0 0.6000000000000001 0 0 0 0.2 0.6000000000000001 0 0.4 0 0 0 2.4000000000000004 3.4000000000000004 4.800000000000001 4.800000000000001 2.8000000000000003 0 7.2 2.8000000000000003 4.6000000000000005 0.2 1 4.2 2.4000000000000004 2 6.2 3 5.800000000000001 5.2 0 0 0 0 0 3.4000000000000004 0 0 0.4 0 0 0 0 0 2.8000000000000003 0 0.4 0 0 0 0 0 0 0 0 0 0 0 0 0 0.4 0 0 0 0 3.2 0 0 0 0 0 0 0 0 0 0 0 0.4 0 0 0 0 0 0 0.2 0 0 0 0 0 3.4000000000000004 1.2000000000000002 3.2 8.6 4.2 4.2 5.6000000000000005 1.8 1.2000000000000002 9.4 7 0 3.8000000000000003 4.2 0 4.2 6.2 8 4.4 0 0 6.2 0 0 0 0 0 0 0 0 0 0 0 0 0.2 0 0 0 0 0 2 0 0 0 0 0 0.2 0 0 0 0 0 0 0 0 1.6 0 0 0 0 1.6 0 0 0 0 0 3 0 0 0 0 0 0 0 0 0 0 0 0 0 0 0 0 0 0 0 0 0.4 0.4 0 0 0.2 0 2.6 0 0 0 0 0 0 0 0 0 0 0 0 0 0 0 0 0 0 0 0 0 0 0 0 0 0 0 0 0 0 0 0 0 0 0 0 0 0 
 8.4 7 32.800000000000004 69.4 20 7.800000000000001 108.2 39.2 54.800000000000004 0 18.6 71 54.400000000000006 70.60000000000001 66.8 51.800000000000004 33.2 57 73.8 32.800000000000004 0 0 0 0 0 0 15 15 0 0 0 0 0 15 0.4 0 0 0 14.8 0 0 0.4 0 0 0 0 0.6000000000000001 0 0 0 0 0 0 0 0 0.2 0 0.4 0 0 0 0.6000000000000001 0.6000000000000001 10.4 0.4 0 0 0 0 0 0 0 0 0 0.4 0 0 0 0 0 7.800000000000001 11.200000000000001 1.6 0 3.2 2.8000000000000003 0 0.4 1.8 0.6000000000000001 8 0 3 3 2.8000000000000003 0 2 3.4000000000000004 0 0 0 3.4000000000000004 0 0.2 0 0.2 1.8 0 0 0 0 0 0 0 0 0 0 0 0 0 0 0 0 3.2 0.2 0 0.2 0 0 0 0 0 0 0 0 0 0 0 0 0 0 0 0 0 0.2 0 0 0 0 0 0 0 0 0 0 0 0 0 0 0 3.4000000000000004 10 4 4 0.4 0 5.4 5 10.8 9.600000000000001 5.2 3 0 4 4 0 3.2 2.4000000000000004 1.4000000000000001 2.8000000000000003 0 3.4000000000000004 0 0 0 0 0 0 0 0 0 0 0 0.2 0 0 0 0 3.6 0 0 0 0 0 0 0 0 0 0 0 0 0 0 0 0 0 0 0 0 0 0 0 0 0 0 0.2 0 0 0 3.2 0 0 0 0 0 0 0 0 0 0 0 0 0 0 0 0.4 0.2 0.8 0.2 0.8 0.4 0.8 0 0 0 0 0 0 0 0 0 0 0 0 0 0 0 0 0 0 0 0 0 0.2 0 0 1.6 0 0 0 0 0 0 0 0 0 0 0 0 0 
 6.4 22.400000000000002 8.8 59.800000000000004 18 41.400000000000006 40 26.6 26.8 18.6 0 44.6 10.600000000000001 26.8 49.6 19.8 65 95 48.6 13.4 0 14.8 0 0 0 0.4 0.2 0 0 0 0 0 0 14.8 0 0.2 0.4 0 15 14.4 0 0.4 0 0 0.2 0 0.6000000000000001 0 0 0 0 0 0 0 0.4 0.2 0.4 12.8 0 0.4 0 0.6000000000000001 0.6000000000000001 0 0.4 0 0.4 8 0 0 0 0 0.4 0 0.8 0 0 6.2 0 0 0 2 3 2.4000000000000004 4.6000000000000005 2 0 2.8000000000000003 4.6000000000000005 8.200000000000001 5.6000000000000005 2.8000000000000003 0 2.4000000000000004 2 0 5.2 0.2 0 0 0 0 0 0 0 0 2.2 2 0 0 0 0 8.200000000000001 1.2000000000000002 0 1.8 0 0.4 0 5.6000000000000005 0 0 0 0 0 0 0 0 0 0 0 0 0 0 0.2 0 0 0 0 0 0 0.2 0.4 0 0 0 0 0 0 0 0 0 0 0 0 0 0.6000000000000001 0 0 0 0 0 0.2 4 2.6 4.6000000000000005 2.8000000000000003 0 6.4 3.2 2.8000000000000003 1.8 0.2 3.6 6.4 0 4.800000000000001 0 2.2 0.2 0.2 0 0 0 0 0 0 0 0 0 0 0 3.8000000000000003 0 0.2 1.6 0 0 3 1.6 0 0 0 0 0 0 0 0 0 0 0 1 0.2 0 0 3 7.2 0 0 0 0 0 0 0 0 0 0.6000000000000001 0 0 0 0.4 0 0 0 0 0 0 0 0 0 0 0 0 0 0 1.6 0.6000000000000001 0 0 0.2 0 1.2000000000000002 1.8 0 0 0 0 0 0 0 0 0 0 0 0 0 0 0 0.2 0 0 0 0 0 0 2.4000000000000004 0 1.6 0 0 0 0 0 0 0 0 0 0 0 0 
 9.600000000000001 16 22.8 108.60000000000001 98.2 49.800000000000004 12.600000000000001 38.6 25.8 71 44.6 0 8.4 11 85.4 8 16 57 26.400000000000002 64.60000000000001 64.4 7.2 0 0 6.800000000000001 0 30.400000000000002 15.8 0 0.4 0 0 0 31.8 0 14.8 15 0.8 4.2 8.200000000000001 0.4 0.8 0 0 0.6000000000000001 0 1.2000000000000002 0 0 0 0 0 0 0 0 1 0 0.8 0.2 0 0.4 1 0.6000000000000001 0 0.4 0 0.8 0 0 0 0 0 0.2 0.4 0.4 0 0 0 0 0 0 0 3.4000000000000004 0.6000000000000001 6.2 2 2.2 0.2 0.6000000000000001 4 0.4 6.4 5.6000000000000005 4.6000000000000005 0 2.8000000000000003 6 0 0 0 3.2 2.4000000000000004 0 2.4000000000000004 0 0 0 4.800000000000001 0 0 0 0 0.4 4 3 3 3.8000000000000003 0 6.2 6.2 0 0 0 0 0 0 0 0 0 0 0 0 0 0 0 0 0 0 0 0.4 0 0 0 0 0 0 0 4.2 0 0 0 0 0 0 0 0 0 0 0 2.2 7.4 0 0.2 5.2 0 1.2000000000000002 2.4000000000000004 3 0 2.2 0 0.2 0 0.8 0 1.8 4 0.6000000000000001 0 4.6000000000000005 0.2 6 0 0 0 0 2.8000000000000003 0.4 3.8000000000000003 3.6 0 0 0 4 0 6.2 0 0 4.4 5.800000000000001 0 0 0 0 2 0 0 0 0 0.4 0 0 0 0 0 2.8000000000000003 0 0 0 0 0.2 0.2 0 0 2 0 0 0 0 0 0 0 0 0 0 0.4 1.8 0 0 0.4 0 0 0 0 0 0.4 17.8 0.4 0.8 0.6000000000000001 0 1.2000000000000002 0.2 0 0 0 0 0 0 0 2.8000000000000003 0 1.6 0 0 0 0 0 0 0 0 0 0 0 0 4 3.2 0 0 0 0 0 0 0 0 0 0 0 0 0 
 27.6 62.800000000000004 34 39.400000000000006 16.2 4.6000000000000005 64.2 60 24 54.400000000000006 10.600000000000001 8.4 0 76.4 49.800000000000004 23.8 6 8.6 72.60000000000001 8.6 0.4 0 0.2 0 0 0 0.4 0 0 0.4 1.4000000000000001 0.8 0.4 0 0.2 0.6000000000000001 0.4 0.8 0 0.4 0 0.4 0.4 0 0 0.4 1 1 0 0 0.4 12 0 0 0 12.4 12.600000000000001 0.4 0 0 0 0.4 0.6000000000000001 0.4 1.2000000000000002 0 0 0 0 0 0.2 1 0.4 0 1.2000000000000002 0 0 1.2000000000000002 0 0 6.2 4.6000000000000005 3.2 0 0 0 3.4000000000000004 4.4 2.2 0.8 3.2 0 0 3.2 5.4 6.4 4 2.4000000000000004 6 3.6 0 0 0 0 0 0 0 0 0 0 0 0 0 0 0 0 0 0 0 0 0 0 0 0 0 0 0 0 0 0 0 0 0 0 0 0 0 0.4 0 0 0 0 0 0 0 0 0 0 0 0 0.4 0 0 0 0 0 0.2 0 0 0 0 2.8000000000000003 7.800000000000001 3 0 0 1.6 6.2 3.2 0 4 0.4 0 0 2.2 4 0 2 0 0 0 0 0.6000000000000001 0 0 0 0.4 0 0 0 0.4 0 0 0 0 0 0.4 0 0 0 0 0 0.2 0 0 0 0 0 0 0 0 0 0 0 0 0 0 0 0 0 0 0 0 0 0 0 0 0 0.4 0.4 0 0 0 0 0 0 0 0 0 0 0 0 0 0 0 0 0 0 0.8 0 0 0.8 0 0 0 0 0 0 0 0 0.4 0 0 0 0 0 0 0 0 0 0 0 8.200000000000001 0 0 0 0 0 0 0 0 0 0 0 0 0 0 0 0 0 
 47.6 9.600000000000001 71 36.800000000000004 13.4 31.8 55.6 88.4 35.6 70.60000000000001 26.8 11 76.4 0 27.400000000000002 85.60000000000001 28.400000000000002 71.2 16.8 13.4 0 0 0 0 0 0.2 0 0 0 0 0 0 0 0 0 0 0 0 0 0 0 0.4 0 0 0 0 0.6000000000000001 0 1.2000000000000002 0 0 0 0 0 0 0.2 0 0.6000000000000001 0 0 0 0.6000000000000001 0.6000000000000001 0 0.4 0 0 0 0 0 0 0 0 0 0.6000000000000001 0 0 0 0 0 0 5 1.8 2.8000000000000003 2 0 0 1.6 5.800000000000001 3 4.6000000000000005 1.4000000000000001 7.4 3.8000000000000003 9.4 6.800000000000001 0 8.8 3 0 0 2.6 0 0 0 0 2.4000000000000004 0 0.2 0 0 0 0.2 0.4 0 0 0 0 0 0 0 0 0 0 0 0 0 0 0 0 0 0 0 0 0 0 0 0 0 0 0 0 3 0 0.2 0 0.4 0 0 0 0 0 0 0 0 0 0 0.2 0 0 3.6 7.6000000000000005 3.6 5.2 3.4000000000000004 0 4.6000000000000005 0 8.4 5 3.8000000000000003 3 0 1.8 2.4000000000000004 3 2.8000000000000003 0.2 0 3.2 0 0 0 0 0 0 0 0 0.2 0 0 0 0 0 0 0 0 0 0.4 0 0 0 0 0 0 0.2 0 0 0 0 0 0 0 0 0 0 0 0 0 0 0 0 0 0 0 0 0 0 0 0 4.2 0 0 0 0.4 0 0 5.4 0 0 0 0 0 0 0 0.4 0 0.2 0 0.4 0 0.6000000000000001 0 0 0 0 0 0 0 0 0 0 0 0 0 0 0 0 0 0 0 0 0 0 0 0 0 0 0 0 0 0 0 0 0 0 0 0 0 0 
 65.8 56.6 15 17.2 42.400000000000006 20.6 94 15 36.800000000000004 66.8 49.6 85.4 49.800000000000004 27.400000000000002 0 37.800000000000004 42.6 54.400000000000006 53.6 40.2 0 0 0 0 0 0 0 0.6000000000000001 0 0.4 0 0.4 0.2 0 0 0 0.2 0.4 0.2 15.600000000000001 0 1 0 0.2 0.8 0 1 0 0 0 10.600000000000001 0.2 0 0 0 0.8 0 0.4 0 0 0.4 1.2000000000000002 0.6000000000000001 0 1 1.2000000000000002 0 0 0 0 0 0.6000000000000001 0 0.2 0.6000000000000001 0 0 0 0 1.6 3.4000000000000004 6.800000000000001 2.6 2 2.2 0 0 7.4 2.6 2.8000000000000003 1.4000000000000001 5.6000000000000005 7.4 4.800000000000001 0 4.4 8.6 0.2 0 2 0 0 0 0 0 0 2.2 0 0 0 0 0 3.2 0 2.2 0 0 0 0 0.6000000000000001 0 0 0 0 0 0 0 0 0 0 0 0 0 0 0 0 0.2 0 0 2 0 0 0 0 0 0 1.6 0 1.4000000000000001 0 0 0 0 0 0 0 0 0 0 0 0 5.4 0 2 2 3.6 2 0 3.6 2.4000000000000004 1.4000000000000001 4.800000000000001 0 3.8000000000000003 3.6 4 0 2 2 4.4 0 0.2 0.2 0 0 0 0 0 0 0 0 0 0 0 0.4 0 0 0 2.6 0 0 0 0 0 0 0 0 0 0.4 0 0 0 0 0 0 0 0 0 0 0 0.4 0 0 0 0 0 0 0 0 0 0 0 0 0 0 0 0 0 0 0 0 0 0 0 0 0 0.6000000000000001 0 0 0 0.2 0 0 0 0 0 0 0 0 0 0 0 0 0 0 2.2 0 0 0 0 0 0 0 0 0 0 0 0 0 0 0 0 0 0 0 0 0 0 0 0 
 27 59.2 25.6 103.60000000000001 18 15.4 26 43.400000000000006 28.8 51.800000000000004 19.8 8 23.8 85.60000000000001 37.800000000000004 0 49.800000000000004 119.4 27.8 11.200000000000001 8.4 0 0 0 0 0 0 0 0 0 0 0 0 0 0 0 0 0 7 0 0 0.4 0 0 0 0 0.6000000000000001 0 0 12.8 0 0 0 0 0 0.4 0 0.4 0 0 0 0.6000000000000001 0.6000000000000001 0 0.4 0 0 0 0 0 0 0 0 0 0.8 0 0 0 0 0 0 6.800000000000001 2.6 6.2 0 0 0.2 0 0 16 3 4 3 4.800000000000001 4.6000000000000005 1.4000000000000001 6.2 14.600000000000001 1.8 0 0 0 0 0.4 0 0 4 0 0 0 0 0 0 1.6 0 0 0 0 2.6 0 0.2 0 0 0 0 0 0 0 0 0 0 0 0 0 0 0 0 0 0 0 0 0 0.4 0 0 0 0 0 0 0 1.4000000000000001 0 0 0 0 0 0 0 0 0 4.4 2.6 10.200000000000001 0 2 3 1.2000000000000002 0.2 2 2.2 4.6000000000000005 2.8000000000000003 0 3.2 2.2 6.4 2.8000000000000003 0 1 2 0 0 0 0 0 0 0 0 0 0 0 0 1.8 0 0 0 3.4000000000000004 0 0 0 0 0 0 0 0 0 0 0 0 0 0 0 0.2 2 0 0 0 0 0 0 0 0 0 0 0 0 0 0 0 0 0 0 0 0 0 0 0 0 0 0 0 0 0 0 0 0 0.6000000000000001 0 0 0.2 0 1.6 0.2 0 0 0 0 0 0 0 0 0 0 0 0 0 0 0 0 0 0 0 0 0 0 1.6 0 0 0 0 0 0 0 0 0 0 0 0 0 0 
 26.8 7.4 34.4 30.200000000000003 28.400000000000002 14.4 26.6 85.60000000000001 17.2 33.2 65 16 6 28.400000000000002 42.6 49.800000000000004 0 58.400000000000006 16.2 8.4 0 0 0.2 0 0 0 0 0 0 0 0 0 4.2 0 0 0 14.600000000000001 0 15.4 0.2 0 0.4 0 0 0 0 0.6000000000000001 0 0 0 0 0 0 0 0 0.4 0 0.4 12.4 0 0 0.6000000000000001 0.6000000000000001 0 0.4 0 0 1.2000000000000002 0 0 6.6000000000000005 0 0 0 0.4 0 0 0 0 0 0 7.4 0.4 7 0.6000000000000001 1.6 0 3.4000000000000004 2.2 2.6 0 0 2.2 2.8000000000000003 0 1.6 4.800000000000001 6.6000000000000005 0 0 0.2 0.2 0 0 0 0 3.2 0 0 0 0 0 11.600000000000001 2.2 0 0 0 0 0 0 0 0 0 0 0 0 0 0 0 0 0 0 0 0 0 0 0 0 0 0 2.8000000000000003 0 0 0 0 0 0 0 0 0 0 0 0 0 0 0 2.6 0 0 0 1.8 0 1.4000000000000001 0 2.8000000000000003 6.800000000000001 0 0 4.2 4 4.4 2.8000000000000003 0 0 2.4000000000000004 3.6 3.2 0 1 4.6000000000000005 0 0 0 0 0 0 1.4000000000000001 0.2 0 0 0 0 10.8 0 0 0 0 0 5 2.6 0 0 0 0 0 0 0 0 0 0 0 0 0 0 0 0 0 0 0 0 0 0 0 0 0 0 0 0 0 0 0 0 0 0 0 0 0 0 0 0 0 0 0 0 0 0.4 0.4 0 0 17.400000000000002 0 1.8 0 0 0.4 0 0 0 0 0 0 0 15.200000000000001 0 0 0 0 0 0 0 0 0 0 0 0 1.4000000000000001 0 4.6000000000000005 0 0 0 0 0 0 0 0 0 0 0 0 
 10 13 46.6 20 25.6 71 7.6000000000000005 14.600000000000001 24.6 57 95 57 8.6 71.2 54.400000000000006 119.4 58.400000000000006 0 48.2 7.800000000000001 0 0 0.4 0 0 0.4 0 0 0 0 0.2 41.6 41.6 0 0.2 0 0.2 0.2 22.400000000000002 3.8000000000000003 0 0.4 0 0 0 0 0.4 0 0 0 0 0 0 0 0 0.4 0 5.4 0 0 0 0.4 0.6000000000000001 0 0.4 0 0 0 0 0 0 0.4 1.4000000000000001 0 0.6000000000000001 0 0 0 0 0 0 6.2 0.2 5 4.6000000000000005 0 0 0.2 1.6 16.2 4.6000000000000005 0 0 2.2 3 2.8000000000000003 3.2 5.6000000000000005 0 0 0 0 0 0 0 0.4 4.2 0 0 0 0 0 9.4 9.8 0 3.2 0 0.4 0 3.2 0 0 0 0 0 0 0 7.4 0 0 0 0 0 0 0.2 5 0 0 0 0 0 0.2 0.4 0 0 0 0 0 0 0 0 0 0 0 0 0 3.4000000000000004 0 0 0 0 0 5.800000000000001 1.6 3.2 2 0.2 0 0.2 2.8000000000000003 6 13.8 0 0.2 3.2 3.4000000000000004 6.800000000000001 2 0.6000000000000001 1.2000000000000002 0 0 0 0 0 0 0 0 0 0 0 0 7.800000000000001 0 0 2.8000000000000003 0 0 0 1.8 0 0 0 0 0 0 0 0 0.4 0 0 0 0.2 0 0 0 0 0 0 0 0 0 0 0 0 0 0 0 0 0 0.4 0 0 0 0 0 0 0 0 0 0 0 0 0 0 0 0.4 0 0 0.2 1.6 1.2000000000000002 2.8000000000000003 0 0 0 0 0 0 0 0 0 0 0 0 0.4 0 0 0 0 0 0 0 0 0 3.4000000000000004 0 3 0 0 0 0 0 0 1.6 0 0 0 0 0 
 26 35 11 23.200000000000003 15.4 10 9 13.600000000000001 79.4 73.8 48.6 26.400000000000002 72.60000000000001 16.8 53.6 27.8 16.2 48.2 0 56 0 0 0 0 0 0 3.4000000000000004 0 0 0 0.6000000000000001 0 0 0 0.6000000000000001 0.4 0 0 0 0 0 0.4 0 0 0 0 0.6000000000000001 0 0.6000000000000001 0 0 0 0 0 0 0 0 0.4 0 0 0 0.4 0.8 0 0.4 0 0 0 0 0 0 0.2 0 0 0.6000000000000001 0 5.6000000000000005 0 0 0 3.6 5.4 0.2 0 2.2 0 2.4000000000000004 1.2000000000000002 0 0 0 0.6000000000000001 13 3.6 0 1.2000000000000002 3.8000000000000003 6 0 1.6 0 0 0 0 0 0 0 0 0 0 0 0 0 0 0 0 0 0 0 0 0 0 0 0 0 0 0 0 0 0.4 0 0 0 3.4000000000000004 0 0 0 1 0 0 0 0 0.2 0 0 0 0 0 5.4 0 0 0 0 0 0 2.8000000000000003 0 0 0 0 5.4 6.4 2 0 1.6 0 4.800000000000001 0.4 0.2 0 0 2.8000000000000003 2.6 2.2 0.6000000000000001 0.6000000000000001 6.6000000000000005 0.2 6.2 2.2 0.4 0 0 0 2.8000000000000003 0 0 0 0 0 0 0 0 0 0 0 0 0 0 0 0 0 0 0 0 0 0 0 0 0 0 0 0 0 0 0 0 0 0 0 0.2 0.2 0 0 0 0 0 0 0 0 0 0 0 0 0 0 0 0 0 0 0 0 0 0 0 0.2 0.4 0 0.2 0.4 0.2 3 0 0 0 0 0 0 0 0 0 0 0 0 0 0 0 0 0 0 0 0 0 0 0 0 0 0 0 0 0 0 0 0 0 0 0 0 0 0 
 7.2 13.200000000000001 9.200000000000001 30.6 11.4 11.600000000000001 28 55.800000000000004 19.400000000000002 32.800000000000004 13.4 64.60000000000001 8.6 13.4 40.2 11.200000000000001 8.4 7.800000000000001 56 0 0 0 0 0 0 0.4 0 0 0 0 0.6000000000000001 0.4 0.4 0 0 0.6000000000000001 0 0 0 0 0.4 0.4 0 0 0.2 0 1.4000000000000001 0 0 0 0.6000000000000001 0.2 0.8 0 6.2 0.6000000000000001 0 0.4 0 0 0 0.6000000000000001 0.6000000000000001 0.2 0.4 0 0 0 0 0 0.6000000000000001 0 0 0 1.6 0 0 0 0.4 0 3.2 0 0 0 0 0 10.600000000000001 0 0 1.8 0 1.4000000000000001 4.4 2.2 0 2.8000000000000003 2 0 2.4000000000000004 8.6 0 0 0 0 0 0 0 0 0 0 0 0 0 0 0 0 0 0 0 0 0 0 0 0 0 0 0.2 0 0 0 0 0 0.8 0 0 0 0 0 0 0 0 0 0 0 0 0 0 0 0 0 0 0 0 0 0 0 0 0.2 0 1.2000000000000002 3.2 0 10 0 0 0 4 5.2 0 0 0 0 0 2.8000000000000003 0 2 1.8 0 9 2.4000000000000004 0 0.2 0 0 0 0 0 0 0 0 0 0 0 0.2 0 0 0 0 0 0 0 0 0 0 0 0.2 0 0 0 0 0 0 0 0 0 0 0 0 0 0 0 0 0 0 0 0 0 0 0 0 0 0 0 0 0 0 0 0 0 0 0 0.2 0 0 0.4 0.4 0 0 0.4 0 0 3.4000000000000004 0 0 0 0 0 0 0 0 0 0 0 0 0 0 0 0 0 0 0 0 0 0 0 0 0 0 0 0 0 0 0 0 0 0 0 0 0 0 
 0 0 0 15.4 15.200000000000001 0 0 0 0.4 0 0 64.4 0.4 0 0 8.4 0 0 0 0 0 16.2 28.400000000000002 22.200000000000003 37.2 11.200000000000001 63 77 19.6 8.4 5.2 36.800000000000004 29.400000000000002 27.400000000000002 7 32.2 22.400000000000002 10.4 8.6 58.400000000000006 0 0.4 0 0 0 0 0.4 0 0 0 0 0 1.2000000000000002 0.4 0.4 0 0 0 0.6000000000000001 0 0.6000000000000001 0 0 0 0.4 0 0.6000000000000001 1.8 0 0 0.6000000000000001 0 0 0 0 0 0.6000000000000001 0 0 0 0 0 0 0.8 1.8 1.8 0 0 0 0 0 0 0 0 0 0 0 0 0 0 3.6 7.2 11 3.2 0 0 0 0.8 0 8 7.6000000000000005 0 1.6 8.200000000000001 2.8000000000000003 1.8 6.6000000000000005 3.4000000000000004 0 1.4000000000000001 2.2 0 0 0 0 0 2.6 0 0 0 0 0 0 0 0 0 0 0 2.2 0 0 0 0 4.6000000000000005 0 0 0 0 0 0 0 0 0 2 0.8 0 0 0 0.6000000000000001 0 0 0 0 0 0 0.8 0 2 0 0 0 0 0 0 0 0 0 0.2 0 3 5 18 5.800000000000001 1.8 0 2.4000000000000004 2.4000000000000004 8.6 5.4 0.2 0.2 0 4 5.4 2 7.2 2 0 4 4.6000000000000005 0 0 0.4 0 0 0 2 0 0 0 2.6 0 0.4 0 0 0 0 0 2.2 0 0 0 0 0 0 0 0 0 0 0.4 0 0 0 0 0 0 0 0 0 0 0 0 0 0 0 0 0 0 0 0 0 0 0 0 0.4 0 0 15.600000000000001 0.4 0.2 3.2 0.4 0 0 0 0 0 0 0 0 0 0 0 0 0 0 3.4000000000000004 0 0 0 0 0 0 0 0 0 3 0 0 0 
 0 41.2 0 0 0 22.400000000000002 0 0 0 0 14.8 7.2 0 0 0 0 0 0 0 0 16.2 0 19.200000000000003 13 22.200000000000003 48.800000000000004 34.800000000000004 17.8 46.2 8.4 31.400000000000002 17.6 24.8 39.400000000000006 70.4 20.8 67 20.200000000000003 56.6 15.600000000000001 0 0.4 0 0 0 0 0.4 0 0 0 1.2000000000000002 0 0 1.6 0.4 0 0 0.2 0.6000000000000001 0 0.6000000000000001 0 0 0.6000000000000001 0.4 0 3 0 0 0 0.6000000000000001 0 0.4 0 0 0 0.6000000000000001 0 0 0 3 0 0 0 2.4000000000000004 0 0 0 3 2.2 0 0 0 0 0 0 0 0 0 0 0 7.4 1.8 0 0.2 0 2.2 6.2 5.6000000000000005 2.6 0.2 0 1.4000000000000001 0 1.8 9.4 0 3.4000000000000004 2.4000000000000004 0.4 0 0 0 0 0 0 2.6 0 0 0 0 0 0 3.2 0 0 0 0 2.2 2 0 0 0 0 0 0 0 1.2000000000000002 0 0 0 0.8 0 0 0 0 0 0 0 0 0 0 0 0.2 2.2 0 0 0 1.8 0 0 0 2 0 0 0 1.2000000000000002 0 0 0 2.6 1.8 1.8 3.4000000000000004 6.6000000000000005 0 4.6000000000000005 3.8000000000000003 0 0 3 0 0 2.6 2.4000000000000004 3.6 2.6 1 3.4000000000000004 1.8 0 0 0 0 0 0 0 0 0 0 0 0 0 7.6000000000000005 0 0 0 0 0 0 0 0 0 0 0 0 0 0 0 0 0 4.4 0 0 0 0 0 0 0 0 0 0 0 0 0 0 0 0 0 0 0 0 0 0 0.6000000000000001 0 0.6000000000000001 17.6 0.4 0.2 0.4 0 0 0 0 0 0 0 0 0 0 0 0 0 0 0 0 0 0 0 0 4.2 0 0 0 0 0 2 0 0 
 1 0 16.400000000000002 0 2 0 0.2 0.2 0 0 0 0 0.2 0 0 0 0.2 0.4 0 0 28.400000000000002 19.200000000000003 0 24.200000000000003 27.8 48.800000000000004 51.800000000000004 27.6 49.800000000000004 71.2 10.4 39.400000000000006 40 24.8 69.60000000000001 26.6 24.400000000000002 23.400000000000002 8.6 77.80000000000001 0 1 0 0.2 0 0.2 15.600000000000001 0 1.6 0.2 0.6000000000000001 0 0 0.8 0.4 0 0.4 0 0.6000000000000001 0 0.6000000000000001 0 0.4 0 0.6000000000000001 0 0.6000000000000001 0.4 0.8 0 1.2000000000000002 0 0 0.8 0.4 0.2 0.6000000000000001 0 0.4 0.4 0 0 0 0 0 0 0.4 0 0 0 0 0 0 0 0 0 0.2 0 0 0 2.2 0 1.8 8.4 3 1 1.8 0 4 0 7.2 11.4 2.6 2.6 2.4000000000000004 1.4000000000000001 14.600000000000001 0.6000000000000001 5.800000000000001 7.800000000000001 0 0 0 0 0 0 0 0 0 0 0 0 0 0 0 0 0 0 0.2 3 0 0 0 0 0 0.2 0 0 0 0 0 0 0 0.4 0 0 0 0 0.4 0 0 0 0 0 0 0 0 0 0 0 0 0 0 0 0 0 0 0 0 0 7.6000000000000005 0 4 8 4.2 2.6 4 5 6 12.8 7.800000000000001 3.8000000000000003 0 2.6 2 0.4 0.8 12.8 0 5.2 2.6 0 0 0.2 0 0 1.6 0 0.2 0 0 0 2.4000000000000004 0 0 0 0 0 4 0 0 0 0 0 0 0 0 0 0 0 0 0 0 0 0 0 4.4 0 0 0 0 0 0 0 0 0 0 0 0 0 0 0 0 0 2.8000000000000003 0 0 18 15.4 0.4 0.2 3.6 0 0 0 14.4 2 0 0 0 0 0 0 0 0 0 0 0 0 0 0 0 0 0 0 0 0 0 0 0 
 0.4 0 0.4 0 0 0 0 0.8 0 0 0 0 0 0 0 0 0 0 0 0 22.200000000000003 13 24.200000000000003 0 24.8 54.2 91.80000000000001 86.60000000000001 36.6 91.2 38.400000000000006 27.400000000000002 52.2 17.400000000000002 87.2 43.800000000000004 53.800000000000004 6.2 75.4 12.600000000000001 12.4 0.4 0 0.2 0 0 0.4 13 0.2 0 0 0 12.4 0.4 0.4 0 0 41.800000000000004 13 0 0.6000000000000001 0 0 0 1.8 0 0.6000000000000001 0 1 0 0.6000000000000001 0 0 10.600000000000001 0 0 0.6000000000000001 0 0 0 0 0 0 0 0 0 0 0 0 0 0 0 0 0 0 0 0.2 0 0 0.2 6.6000000000000005 0 4 0 3.4000000000000004 11 1.2000000000000002 0 2.4000000000000004 4.4 7.2 5 0 0 1.8 8.8 0 2.2 0 0 1.8 0 0 0 0 0 2.8000000000000003 0 0 0 0 0 5 0.4 0 1.6 4 0 9.8 0.2 0 0 0 0 1.6 0 0 0.2 0 0 0.2 0 0 1 0.8 0 0 0 0 0 0 0 0 0 0 0 0 0 0 0 0 0 0 0 0 0 0.2 0 0 0 2.4000000000000004 0.4 5.800000000000001 0 0 0 0 0 6 0 0 0.2 0 0.2 13 1.8 4.4 11.4 0 0 0 0 0 0 0 0 0.2 0 4 5 0 0 0.6000000000000001 4 0 4.4 4.2 0 2.2 0 0 0 0 0 0 0 0 0 0 0 0 0 0 0 0 0 0 0 0 0 0 0 0 0 0 0 0 0 0 0 0 0 0 0 3.2 0 0.4 16.6 15.200000000000001 0 1.4000000000000001 0 0 0 0 0 0 0 0 0 0 0 0 0 0 0 0 0 0 0 0 0 0 0 0 0 0 0 0 0 
 0 0 0.4 0 0 0 0 4.4 0 0 0 6.800000000000001 0 0 0 0 0 0 0 0 37.2 22.200000000000003 27.8 24.8 0 34.2 12.200000000000001 29.8 17.8 13.4 15.8 29 14 12.8 69.4 22 14.600000000000001 8.6 57.6 17.400000000000002 13 0.4 13 7.4 0 0 6.2 0 0 0.4 0 0 5 0.6000000000000001 0.2 0 0 0.2 38.2 13.200000000000001 0.4 0 0 0 0.4 0 1.2000000000000002 0.2 0 0 0.4 0 0.8 1 0 0 0.6000000000000001 0 0 0 0 0 0 0 0 0 0 0 0 0 0 0 0 0 0 0 0 0 0 0 5.2 5.6000000000000005 4.4 2.6 0 3.4000000000000004 0 0 2.2 2 0.2 0.2 0 0 0 2.6 3.6 3.8000000000000003 0 0 2.4000000000000004 0 0.4 0 0 0 0.4 0 5.2 2.2 2.8000000000000003 0 5.6000000000000005 5 0 6.4 0 2.6 5 1.4000000000000001 0 0 2.2 6.2 0 0 0 0 2 0 0 0 0 0 0 0 0 0 0 0 0 0 0 0.8 0 0 0 0 0.4 0 0.4 0 0 0.4 0.2 0 0 0 0.4 3.8000000000000003 4.2 0 3.8000000000000003 2.2 0.2 0 0 3.8000000000000003 0.2 2.6 4.4 2.4000000000000004 0 0 2.4000000000000004 0 2.8000000000000003 4 0 0 2.6 0 0 0.4 0 0 2.6 3.8000000000000003 2.2 0 0 1.8 3 0.2 0 4.4 1.6 1.8 0 4.4 0 0 0 0 0 0 0 0 0 0 0 0.2 0 0 0 0 0 0 0 0 0 0 0 0 0 0 0 0 0 0 0 0 0 0 4.2 0.6000000000000001 0.2 17 0 0.4 0.4 0 0 0 0 0 0.4 0 0 0 0 0.2 0 0 0 0 0 0 0 0.2 0 0 1.2000000000000002 0 0 0 0 0 0 0 
 0.6000000000000001 0 0 0 0 1 0 0 0 0 0.4 0 0 0.2 0 0 0 0.4 0 0.4 11.200000000000001 48.800000000000004 48.800000000000004 54.2 34.2 0 6.6000000000000005 63.6 51 7.800000000000001 28 10.4 6.2 92.80000000000001 53.400000000000006 14.4 30.6 17 14.4 10.4 38 0.4 18.2 0.2 0 0 36.2 0.2 0 0 0 0.2 12.4 25.400000000000002 0.6000000000000001 0.2 14.200000000000001 0.4 30.400000000000002 29 0.6000000000000001 0 0 0 0.4 0 0.6000000000000001 0 0 0 0.6000000000000001 0 0 0.2 0 0 0.6000000000000001 0 0 0 0 0 0 0 0 0 0 0 0 0 0 0 0 0 0 0 0 0 0 0 0 0 0 0.2 1.8 2.6 2 0 0 0 0 0.2 0 0 0 0 0 1.4000000000000001 0 0 0 5.2 1.6 0.2 0 0 2.4000000000000004 4 0 3.6 7 0.2 2.2 6.6000000000000005 1.6 5.800000000000001 2.4000000000000004 3.8000000000000003 0 0 0 0 0 0.4 0 0 0.4 0 0.2 2.6 0 0 0 0 0 0 0 0 0 1.6 0 0 0 0.6000000000000001 0 0.2 0 0 1.2000000000000002 0 1 0 0 0 0 0 0 0 0 2 1.2000000000000002 0 0 3 9.4 3 0 0 0 0.4 0 4.6000000000000005 0 0 0 0 0 1.6 0 0 2.4000000000000004 2.6 0 0 0.4 3 7.4 4.800000000000001 1.8 3.2 0 0 4.4 0.2 5.2 3.6 8 4.4 2.8000000000000003 9.8 0 0 0 0 0 0 0 0 0 0 0 0 0 0 0 0 0 0 0 0 0 0 1.6 0 1 0.2 0 0 0 0 0 0 0 0 0.8 0 0.4 0 0 0.4 0.2 0 0 0 0 0 0 0 0 0 0 0 0 0 0 0 0 0 0 0 0 2.8000000000000003 0 0 0 0 0 0 0 0 
 0 0 0 0.6000000000000001 0 0.4 0 0.2 0 15 0.2 30.400000000000002 0.4 0 0 0 0 0 3.4000000000000004 0 63 34.800000000000004 51.800000000000004 91.80000000000001 12.200000000000001 6.6000000000000005 0 44.2 15.4 68.4 197 17.8 33.800000000000004 38.400000000000006 25.400000000000002 49.400000000000006 93.80000000000001 112.60000000000001 30.6 23.8 0 0.6000000000000001 0 0 0 0 0.4 0 1 0 0 0 12.4 0.6000000000000001 0.2 0 0 0.6000000000000001 0.6000000000000001 0 0.6000000000000001 0 0 0 0.4 0 0.6000000000000001 0 0 0.4 0.6000000000000001 0 0 0 0 11.4 0.6000000000000001 0 0 0 0 0 0 0 0.6000000000000001 0.2 0 0 0 0 4.6000000000000005 6 0 0 0 1.8 0 0 0 0 11 4.800000000000001 1.6 2 0 0 1.8 2.8000000000000003 1.4000000000000001 3.4000000000000004 6.4 5.2 0 5.800000000000001 9 0 2.4000000000000004 1.8 6 1.8 0.2 0 0 0 3.8000000000000003 0 0 0 0 0 0 0 0.2 0 0 0 0 0 3.8000000000000003 0 0.2 0 0 0 0 0 0 0.4 1.6 0 2 0 0.4 0.6000000000000001 0.8 0 0 0 0 0 2.4000000000000004 0 0 0 0 1.8 0 0 0 0 0 0 0 0 0 0 0 0.8 0 0 2.4000000000000004 6 2.6 4.800000000000001 0 4.800000000000001 4.4 5.800000000000001 2.2 5 4.6000000000000005 0 2.4000000000000004 6.800000000000001 8.4 1.6 3 9.4 0 3.4000000000000004 0 0 0 0 0 0 0 0 0 0.4 0 0 0 0.2 0 0 0 0 0 0 0 0.2 0 0 0.4 0 0 0 0 0 0 0 0.4 0 0 0 0 0 0 0 0 0 0 0 0 0 0 0 0 23.6 0 0 0 0 2.2 0.2 0 0.4 0.2 0.8 4 0.4 0 0 0 0 0 0 0 0 0 0 0 0 0 0 5.800000000000001 0 0 0 3.4000000000000004 0 0 0 0 0 2.6 0 0 0 
 0 0 0 0 0.6000000000000001 0 0 0.6000000000000001 0.8 15 0 15.8 0 0 0.6000000000000001 0 0 0 0 0 77 17.8 27.6 86.60000000000001 29.8 63.6 44.2 0 37.4 69.8 66.4 28 79.60000000000001 84.80000000000001 44.2 34.4 27.8 9.200000000000001 29.200000000000003 55 0 0.8 0 0.2 0 0 4.800000000000001 0 0 0 0 0 0 0.4 0.6000000000000001 0 0 0.2 0.6000000000000001 0 0.6000000000000001 0.4 0 0 0.4 0 0.6000000000000001 0.6000000000000001 0 0 0.6000000000000001 0.2 0 0.2 0 0 0.6000000000000001 0 0 0 0 0 0 0 3.6 0 0 0 0 0 4 2.4000000000000004 0 0 0 0 2 0 0 0 3.2 7.4 4.4 0.6000000000000001 0 2.4000000000000004 0 3.6 0.8 2 1.6 0 0 3.8000000000000003 5.800000000000001 0 6.800000000000001 0.4 2.2 0.6000000000000001 0.2 0 0 0 0 0 0 0 0 0 0 0 2.2 2.4000000000000004 0 0 0 0 3.6 0 0 0 0 0 0 0 0 0 0 0 0 0 2 0.8 0.8 0 0 0 0 0 2.4000000000000004 0 0 0 0 0.2 0 0 0 0 0 0 0 0 0.2 0 0 0 0.4 0 1.8 0.6000000000000001 2.8000000000000003 7.2 3.2 0 1.4000000000000001 3 4 7.2 0.4 3.6 0 3.8000000000000003 3.6 2.8000000000000003 1.6 4.6000000000000005 0 2.4000000000000004 0 0 0 0 0 0 0 0 0 0 0 0 0 1.6 0 0 0 0 0 0 0 0 0 0 0 0 0 0 0 0 0 0.4 0 0 0 0 0 0 0 0 0 0 1.4000000000000001 0 0 0 0 0 0 15.4 0 0 0 0 2.2 0.4 0 15.4 0 0 1.2000000000000002 0 0 0 0 0 1.8 0 0 0 0 0 0 0 0 0 3.2 0 0 0 0 0 0 0 0 0 0 0 0 0 
 0 0 0.8 0 0 0 0 0.4 0 0 0 0 0 0 0 0 0 0 0 0 19.6 46.2 49.800000000000004 36.6 17.8 51 15.4 37.4 0 48.6 47.400000000000006 22 49.6 22 67.4 37 73.4 25 32.6 31 0 1.4000000000000001 0 0 0 0 0.4 0 0 0 0 0 0 0.6000000000000001 0.2 0 0 0 2 0 0.4 0 0 0 10.600000000000001 0 0.6000000000000001 0 0 0 0.4 0 0 0.8 0 0 0.6000000000000001 0 0 0 0 0 3.6 0 0 0 0 0 0 0 0 0 0 0 0 0 0 0 0 0 2.4000000000000004 0 0 4.6000000000000005 0 2.2 0 2.6 4 0 0.2 1.4000000000000001 0 0.6000000000000001 8.8 0 2.2 2.4000000000000004 2.6 1.4000000000000001 0 0 0 0 0 0 0 0 0 0 0 0 3.2 4 0 0 2.8000000000000003 0 6.6000000000000005 2.6 0 0 0 0 0 0 0 4.2 0 0 0 0.4 0 0 0.8 0 0 0 0 0 0 0 0 0 0 0 0 0 0 0 0 0 0 0 0 0 1 0 0 0 4.2 18.2 7.4 4.2 4 0 1.2000000000000002 3.4000000000000004 1.6 2.6 8.6 0 0 3.6 2.4000000000000004 2.4000000000000004 0.2 5.2 0 1.8 0 0 0 0 0 0 0 0 0 0 0 0 0 5.4 0 0 0 0 5.6000000000000005 0 0 0 0 0 0 0 0 0 0 0.2 0 0 0 0 0 0 0 0 0 0 0 0 1.6 0 0 0 0 0 0 0 0 0 0 0 0 0 0.2 0.2 15.4 0.2 0 0.4 0 0 0 0 0 0 0 0 0 0.4 0 0 0 0 0 0 0 0 0 0 0 0 0 0 0 0 0 0 
 0.6000000000000001 0 0 0 0 0 0 0 0.4 0 0 0.4 0.4 0 0.4 0 0 0 0 0 8.4 8.4 71.2 91.2 13.4 7.800000000000001 68.4 69.8 48.6 0 96.80000000000001 78.4 5.6000000000000005 31.6 63 49.800000000000004 55.400000000000006 81.60000000000001 13.200000000000001 15 0 0.4 0.6000000000000001 0 0.4 0.2 0.4 12.4 0.2 0.4 0.4 0 24.8 0.6000000000000001 13.200000000000001 0 0.4 12.600000000000001 0.8 0 0.6000000000000001 0 0 0.4 1.4000000000000001 0.2 0.6000000000000001 0 0.6000000000000001 0.4 0.6000000000000001 0 0 0.6000000000000001 0 0.4 0.6000000000000001 0.4 0.4 0.6000000000000001 0 0 0 0 0.4 0 0 0 0.4 0 0 0 0 0 0 0 0 0 0 0 9.600000000000001 0 3.4000000000000004 2.4000000000000004 4.800000000000001 4.800000000000001 5 0 3.4000000000000004 3 4.6000000000000005 1.8 0 0 3.6 0.4 3 2.4000000000000004 3.8000000000000003 0 0.2 2.4000000000000004 2.8000000000000003 0 0 0 3 0.4 0 0 0 0 1.2000000000000002 0.2 0 1.4000000000000001 0.4 0 9 0 0 0 0.4 0 0 0 0 0 0 0 0 0.6000000000000001 0 0 0.8 0 0 0 0 0.6000000000000001 0 0 0 0 0 0 0 0 0 0 0 0 0 0 0 0 0.8 0 0 0.2 5.6000000000000005 9.200000000000001 3.8000000000000003 0 1.2000000000000002 2.6 0 0 4 0.2 4.2 0 2 7.2 7.6000000000000005 3.4000000000000004 1.8 1.8 0.2 0 1.8 0 0 0 0 0 1.8 0 6.800000000000001 0 0 0 1.6 3.8000000000000003 0.2 2.8000000000000003 8 0 2 0 0 0 0.4 0 0 0 0 0 0 0 0 0 0 0 0 0 0 0 0 0 0 0 0 0 0 0 0 0 0 0 0 0 0 0 0 0.4 0 0 16.8 0 0.6000000000000001 0 0 0 0 0 0 0 0 0 0 0 0 0 0 0 0 0 0 3.4000000000000004 0 0 0 0 0 7.6000000000000005 0 0 0 0 
 0 0 0.4 0 0.2 0 0.2 0 0 0 0 0 1.4000000000000001 0 0 0 0 0.2 0.6000000000000001 0.6000000000000001 5.2 31.400000000000002 10.4 38.400000000000006 15.8 28 197 66.4 47.400000000000006 96.80000000000001 0 49.400000000000006 7.6000000000000005 23.8 43 108 87.4 9.200000000000001 24.200000000000003 14.200000000000001 0 1.2000000000000002 14 0 0.2 0 0.4 13 0 0 0 0 13.200000000000001 0.4 0.4 0 0 0.4 0.8 0.4 0.6000000000000001 0 0 0 2 0 0.6000000000000001 0 1.4000000000000001 0 0.6000000000000001 0 0.8 1 0 0 0.6000000000000001 0 0 0 0 0 0 0 0 0 0 0 0 0 0 0 0 0 0 0 0.2 0 0 4.6000000000000005 2 0 2 0 14 0.4 0 3.4000000000000004 1 5.6000000000000005 2.4000000000000004 7.2 0 0 7 3.8000000000000003 2.8000000000000003 0 0.2 0 0 0 0 0 0 0 4.4 0 0 0 0 0 6.4 5.2 0 2.2 0 0 4.2 5.2 0 0 0 0 0.4 0 0 0 0 0 0 1.8 0 1.4000000000000001 0.8 0 0 0 0 0 0.2 0 0 0 0 0 0 0 0 0 0 0 0 0 0 0 0.4 0 0 0 4.2 5.800000000000001 5.4 9.200000000000001 9 5.800000000000001 0 0 0 0 3.4000000000000004 7.2 0 5.800000000000001 5.2 2.8000000000000003 6.4 6.2 0 2.2 0 0 0 0 0 0 1.8 0 5 0.2 0 0 3.2 2 0.2 0.4 4.2 0 9 0 0 0.8 0 0 0 0.2 0 0 0 0 0 0 0 0 0 0 0 0 0 0 0 0 14.8 0 0 0 0 0 0 0 0 0 0 0 1.6 0.2 0.2 28.400000000000002 0 0 0.2 0.4 0 0 0 0 0 0 0 0 0 0 0 0 0 0 0 0 0 0 3.8000000000000003 2.4000000000000004 0 0 0 0.4 0 0 0 0 
 0.6000000000000001 0.4 41.400000000000006 0 0 0 0 0 0 0 0 0 0.8 0 0.4 0 0 41.6 0 0.4 36.800000000000004 17.6 39.400000000000006 27.400000000000002 29 10.4 17.8 28 22 78.4 49.400000000000006 0 8 5.2 76.2 6.4 33 34 6.4 51.2 0 0.4 0 0.4 0 0 0.4 0.4 1.8 0 0 0 0 0.4 0.6000000000000001 0.2 0 0.2 12.8 0 0.6000000000000001 0 0 0 0.4 0 0.6000000000000001 0.6000000000000001 0 0 0.6000000000000001 0 0 0.4 0 0 0.6000000000000001 0 0 0 0 0 0 0 0 4.2 0 0 0 0 0 0 0 0 0 0 0 0 0 0 6.2 2.8000000000000003 22.400000000000002 2.6 0.4 0 3.6 0.6000000000000001 11.200000000000001 4.4 5.4 2.2 0 0 4.4 1.8 4.800000000000001 5.2 0.2 0 0.4 0 0 0 0 0 6.2 0 0.2 0 0 0 0.2 0 0 0 0 0 13.200000000000001 0.6000000000000001 0 0 0 0 0 0 0 0 0 0 0 0 0 1.4000000000000001 1.4000000000000001 0 0.2 0.4 0 0 0 0 0 0 0 0 0 0 0 0 0 0 0 0 0 0 0.6000000000000001 0 0 0 17 2 5.800000000000001 1.8 2 0 0 1.6 6.4 5.2 12 2 0 2 4.6000000000000005 3.8000000000000003 5.800000000000001 4.800000000000001 0 0 0 0 0 0 0 0 0 0 0 0.2 0 0 0 3.2 0 0 0 0 0 0 0 0 0 0 0 0 0 0 0 0 0.2 0 0 0 0 0 0 0 0 0 0 0 0.2 0 0 0.4 0 0 0 0 0 0 0 0 2 0.2 0 16.6 0.4 0.2 0.6000000000000001 0.8 0 0 0 0 8.6 0 0 0 0 0 0 0 0 0 0 0 0 0 0 0 0 0 0 0 0 0 0 0 
 0.6000000000000001 0 41.6 0 15.600000000000001 14.8 0 0 0 0 0 0 0.4 0 0.2 0 4.2 41.6 0 0.4 29.400000000000002 24.8 40 52.2 14 6.2 33.800000000000004 79.60000000000001 49.6 5.6000000000000005 7.6000000000000005 8 0 29 49.800000000000004 57.400000000000006 51.800000000000004 18.2 33.6 13.200000000000001 0 0.4 0 0 0 0.2 0.4 0 0 0 0.4 0 0.6000000000000001 0.4 0.4 0 0 0.4 0.6000000000000001 0 0.6000000000000001 0 0 0 0.4 0 0.6000000000000001 4.800000000000001 0 0.6000000000000001 0.6000000000000001 0 0 0 0 0 0.6000000000000001 0 0 0 0 0 0 0 0 2.8000000000000003 0 0 0 0 0 1 0 0 0 0 0 0 0 0 6.2 15 2 2.2 0 2 0 0.6000000000000001 1.6 0 4.6000000000000005 0 1.2000000000000002 6.800000000000001 3.6 2 8.8 2 1.2000000000000002 5 0 2.4000000000000004 0 0 0 0 1.8 0 0 0 0 0 0 0 0 0 0 0 0 0 0 0 0 0 0 0 0 0.6000000000000001 0 0 0 1.2000000000000002 0 0 0 0 0 0 0 0 0.2 0 0 0 2.6 0 0 0 0 0 0 0 0 0 0 0 0 2.6 0 3.6 2.4000000000000004 5.800000000000001 4.800000000000001 6 3 0 5.800000000000001 7 0.2 2.8000000000000003 0.8 0.2 2.6 6.4 1.2000000000000002 2.6 0 2.4000000000000004 0 6.2 0 0 0 0 0 0 0 0 0 0 0 0 0 0 0 0 0 0 2 0 0 0 0 0 0 0 0 0 0 0 0 0 0 0 0 0 0 0 0 0 0 3.2 0 0 0 0 2.8000000000000003 0 0 0 0 0 0 0 2.6 0 0.2 1.4000000000000001 0 0 3.8000000000000003 0 0.2 0 0 0 0 0 0.4 0 0 2.4000000000000004 0 0 0 0 0 0 0 0 0 3.8000000000000003 0 0 0 0 3.8000000000000003 0 0 0 
