 0 57.2 15 12.4 7.800000000000001 7 14.200000000000001 49 23.200000000000003 6 54.400000000000006 6 7 10.4 21.8 55.2 23.400000000000002 5.6000000000000005 81.80000000000001 106.60000000000001 0 0.6000000000000001 0 0 0 0 0.6000000000000001 0.2 0 0.6000000000000001 0 0 0 0 0.6000000000000001 0 0.6000000000000001 0.6000000000000001 0.4 0.6000000000000001 0 0 1 0 0 0.6000000000000001 0 0 0 0.8 0.6000000000000001 0 0 0 0.6000000000000001 0 0.6000000000000001 0.4 0.4 0 0 0 0 0 0 0 0 0 0 0.8 0 1.2000000000000002 0 0.4 10.200000000000001 0 0.6000000000000001 1 0.6000000000000001 0 4.4 0 0 2 0 0 6 2.2 5.2 0 0 0 7.4 12.600000000000001 0 2.4000000000000004 0 1.2000000000000002 5 2.2 0 0 0 0 0 0 0 0 0 0 0 0 0 0 0 0 0 0 0 0 0 0 0 0 0 0 0 0 0 0 0 0 0 0 0 0 0 0 0 0 0 0 0 0 0 0 0 0 0 0 0 0 0 0 0 0 0 0 0 0 0 0 0 0 0 0 5.2 5.800000000000001 2 0.2 0 0 4 2 5.6000000000000005 3.8000000000000003 6.800000000000001 1.6 17.2 0 0 0 0 0 0 0 0 0 0 0 0 0 0 0 0 0 0 0 0 0 0 0 0 0 0 0 0 0 3.8000000000000003 0 2.6 0 0 0 0 0 0 0 0 0 0 0 0 0 0 0 0 0 0 0 0 0 0 0 0 0 0 0 0 0 0 0 0 0 0 0 0 0 0.6000000000000001 0 0 1.8 3.4000000000000004 0 0 0 0 0 0 0 0 0 0 0 0 0 0 0 0 0 0 0 0 0 0 0 1.4000000000000001 2 0 0 0 0 0 0 0 0 0 0 0 2.8000000000000003 
 57.2 0 66 27.400000000000002 23.6 9.4 81.2 105.2 36.4 26 9.8 10.4 42.6 13.4 74.4 43.400000000000006 26.8 5.800000000000001 42.6 72.2 0 0.2 0 0.4 0 0 0 0 0 0.6000000000000001 0 0 0 0 0 0 0.8 0.4 0.4 0 0 0 0.4 0 12.200000000000001 0.2 0 0 0.2 0 0 0.2 17.8 0 0 0 0.6000000000000001 0 0.2 0 0 0 1.6 0 0 0 0 0 0 0.4 0 1 0 0.6000000000000001 0 0 0.6000000000000001 0.4 0 0 0 7.2 4.4 2.8000000000000003 1.8 0 0.6000000000000001 2.8000000000000003 7.800000000000001 1.8 4.4 0 3.8000000000000003 3 0.6000000000000001 11.4 1 4.4 3.6 2 0 0.2 0 0 0 0 0.4 0 0 0 0 0 0 3.4000000000000004 0 0 0 0 0 0 0 0 0 0.2 0 0 0 0 0 0 0 0.2 0 0 0.2 0 0 0 0 0 0 0 0 0 0 0 0 0 0 0 0 0 0 0 0.6000000000000001 0 0 0 0 0.2 3.2 4.4 5.2 0 0 4.2 4.6000000000000005 4.2 3.2 0.6000000000000001 0 0 2 6.6000000000000005 1.8 1.6 3.6 0.6000000000000001 2.8000000000000003 0 0 0 0 0 0 0 2.8000000000000003 3.8000000000000003 0 0 0 0 0 0 0 0 0 0 0 0 0.2 0 0 0.2 0 0 0 0 0 0 0 0 0.2 0 0 0 0 0 0 0 0 0 0 0 0 0 0.2 0 0 0 0.4 0 0 0 0 0 0 0 0 0 0 0 0 0 0 0 17.400000000000002 0 0.2 18.2 0 1.2000000000000002 3.6 1.2000000000000002 0 0 0 0 0 0 0 0 0 0 0 0 0 0 0 0 0 0 0 0 0 0 0 0 0 0 0 0 0 0 0 0 0 0 0 0 
 15 66 0 44.6 30.6 6 41.400000000000006 59.2 34 15 71.60000000000001 56.2 16.400000000000002 98.4 63.400000000000006 47 27.8 5 10.600000000000001 8.4 4.6000000000000005 0.2 0 0 0 0 0 0 0 0.6000000000000001 0 0 0 0 0 0 0.6000000000000001 0.4 0.4 0 0 0 0.4 0 0.2 0 0 0 0 0 0 0 0.8 0 0 0 0.6000000000000001 0 0 0 0 0.6000000000000001 0 0 0 0 0 0 0 0.4 7 0 0 0.4 0 0 0.6000000000000001 0.4 0 0 3.8000000000000003 0 0 2.8000000000000003 4.6000000000000005 2.8000000000000003 5.4 0 0.2 5.2 3.2 0 3.8000000000000003 5.4 2.2 12 3.6 1.6 0 3.2 4.2 0.2 0 0 0 0 0 0 0 0 0 0 0 0.2 0 0.4 0 0 1.6 0 0 0 0 0 0 0.2 0 0 0 0 0.4 0 0 0 0 0 0 0 0 0 0 0 0 0.2 0 0 0 0 0 0.2 0 0 0.4 0 0 0 0 0 0 0 0.2 9.4 0 2.2 6.2 2.6 0 0 6.4 0 0 0 2.8000000000000003 0 0 4.4 0.4 0 0 0 0 0.4 0 0 0 0 4 0 0 0 0 0 0.2 2 0 0.2 0.2 0 2.2 0 0 0 0 0 0 0 0 0 0 0 0 0 0 0 0 0 0 0 0 0 0 0 0 0 0 0 0 0 0 0 0 0 0 0 0 0.4 0 0 0 0 0 0 0 0 0 0.6000000000000001 0 0 1 18 0 1.8 0.2 0 0 0 0 0 0 0 0 0 0 0 0 0 0.6000000000000001 0 0 0 0 0 0 0 0 0 4.2 1.4000000000000001 0 0 0 0 0 0 0 0 0 0 0 0 
 12.4 27.400000000000002 44.6 0 31.400000000000002 9.8 20.6 36.6 39.400000000000006 44.800000000000004 30.200000000000003 25.8 10.600000000000001 15.4 12.8 25 69.4 16 15.8 11.4 5.800000000000001 0.4 0 0 0 0 0 0 0 0.6000000000000001 0 0 42.2 0 0.2 0 0.6000000000000001 0.6000000000000001 0.6000000000000001 15 0 0 0.4 0 0.2 0 0 0 0.2 0 0 0 12.600000000000001 0 0 0 1 0 0.4 0 0 0 0.2 0 0 0 0 0 0.4 0.4 0 0 0 0.8 0 0 0.6000000000000001 0.4 0 0 0 0.2 6.800000000000001 10.4 10.4 1 0 0 0 2.8000000000000003 6 1.8 0 0 0 0 3.8000000000000003 0.2 0 0 3.6 1.8 0 0 1.8 0 2.6 1.2000000000000002 2.4000000000000004 0 0 0.6000000000000001 0 0 0 0 0 0 9.200000000000001 6.6000000000000005 0 0 0 0 0 0 0 0 0 0.4 0 0 0 0.2 0 0 0 0 0 0 0 0 0 0 0 0 0 0 0 0 0 0 0 0 0 0.4 0 0 0 0 0 0 3.6 2.4000000000000004 2.2 9.4 0 0 0 2.8000000000000003 8.8 6 0 0 0 2.8000000000000003 0.4 1.2000000000000002 0 0 0.2 0 0.2 0 0 0 3.4000000000000004 5.6000000000000005 3.2 0.4 0 0 3.2 6.2 0.2 9.8 0.2 0 6.6000000000000005 1 0 0.4 0 0 0 0 0 0 0 0 0 0 0 0 0 0 0 0 0 0 0 0 0 0 0 0 0 0 0 0 0 0.4 0 0 0 0 0 0 0.4 0 0 0 0 0 0 0.8 0 0 0 8.6 0.2 2.4000000000000004 0 0 0 0 0 0.2 0 0 0 0 0 0 0 0 0 0 0 0 0 0 0 0 0.2 0 0 0 0 0 0 0 0 0 0 0 0 0 0 0 
 7.800000000000001 23.6 30.6 31.400000000000002 0 31 8.4 33.800000000000004 33.4 38.6 34 10 12.4 56.6 16.400000000000002 23.200000000000003 11.8 37.800000000000004 15.4 19.400000000000002 15.200000000000001 25.400000000000002 0 0.2 0.6000000000000001 0 23.200000000000003 15.200000000000001 0 0.6000000000000001 2 0 4 0 15 0 3.4000000000000004 1.6 45.800000000000004 16.2 0.6000000000000001 0 0 0.6000000000000001 1.4000000000000001 0.4 0.4 0 0.4 1.2000000000000002 0.6000000000000001 0 6.800000000000001 0 0.6000000000000001 0 0 0 0 0 0.4 1.2000000000000002 0.8 0 1.2000000000000002 1.6 0 0.6000000000000001 0.6000000000000001 0.2 0 0 0 0 0.6000000000000001 0 0 0 0.6000000000000001 0.6000000000000001 0 1.8 2 0 2 0 0 0 5.800000000000001 0 0 1.8 0 0 2.2 0 0 2 0 0 6 1.6 0.2 2.6 2.8000000000000003 0 1.8 2 0.4 2.8000000000000003 14 2.8000000000000003 4.800000000000001 0 3.8000000000000003 0 0 2.2 3.8000000000000003 0.2 0 0.4 0 0 0 0 0 0 0 0.4 0 0 0 0 0 0 0.2 0 0 0 0 0 0 0 0 0 0 0 1.6 0 4.6000000000000005 0 0 0 0 0.6000000000000001 0 0 0 0 0 0 3.4000000000000004 0 3 0.2 5.6000000000000005 0 0 5.6000000000000005 8.6 2.4000000000000004 0 0 0 0 0.2 0 0 3.6 3.2 3 1.8 0.2 0 0 3.6 0.8 0 3 1.6 0 0 0.2 0 2.8000000000000003 0.2 0 0 2.6 0 0.4 0 0 0 0 0 0 0 0 0 0 0 0 0 0 0 0 0 0 0 0 0 0 0 0 0 0 0.2 0 0.2 0.4 0 0 0 0 0 0 0.4 0 0 0 0 0 0 0 17.400000000000002 0 0 0.4 0 1.4000000000000001 0 0 0 0 0 0 0 0 0 0 0 0 0 0 3.2 0 0.6000000000000001 0 0 0 0 0.8 0 0 0 2.8000000000000003 0 0 0 0 0 0 0 0 0 0 0 0 
 7 9.4 6 9.8 31 0 9.600000000000001 9.8 15.8 28.8 30 29 10 9.4 11.8 12.200000000000001 32.2 8 9.8 6.2 0.2 14.4 0 0 0.2 0 3.2 0.2 0.4 0.6000000000000001 0 0 56.800000000000004 0 15 0 1.2000000000000002 0.4 12.600000000000001 29.400000000000002 0 0 0.4 0 0.4 0 0 0 2 0 0 0 0 0 0 0 0.4 0 3.8000000000000003 0 0 0 0 0 0 0 0 0 0 11.8 0 0 0 0.6000000000000001 0 0 0.6000000000000001 0.4 0 0 0.4 0 0 0.4 5.4 0 0 0 2.4000000000000004 0.2 0 2.4000000000000004 0 2.4000000000000004 0 0 0 0 0 0 3.2 4.6000000000000005 6.2 0.6000000000000001 0 0 3 4.6000000000000005 6 0 0 1.8 1.6 8.8 2.8000000000000003 3 0 2.6 0 6.6000000000000005 0 0 0.2 0 0 0 0 0 0 0 0 0 0 2.2 0 0 0 0.2 3 0 0 0 0 0 0.2 0 0 0 0 0 0 0 0 0 0 0 0 0 0 0 0 0 3 0 3.2 0 0.2 0.2 0 4 3.8000000000000003 5.4 0 0 0 0 0.4 0 0 0 3.2 0 2.6 0 0 0 0 6.4 3.2 1.6 0 0 0 3 2 1.6 1.8 0.4 2 0 0 0 0 0 0.4 0 0 0 0 0 0 0 0 0 0 0 0 0 0 0 0 0 0 0 0 0 0 0 0 0 0 3.6 0 0 0 0 0 0 0 0 0 0 0 0 0 0.2 0.4 0 0.8 0.2 3 14 0 0 0 0 0.4 0 0 0 0 0 0 0 0 0 0.2 0 0 0 0 0 0 0 0 0 0 0 0 0 0 0 0 0 0 0 0 0 0 0 
 14.200000000000001 81.2 41.400000000000006 20.6 8.4 9.600000000000001 0 15.600000000000001 11.8 10.200000000000001 8.8 6.800000000000001 48.800000000000004 20.6 14.4 61 51.400000000000006 24 46.400000000000006 90.60000000000001 1 0.8 1 0.6000000000000001 1.2000000000000002 0 0 1 0.8 1.2000000000000002 0 0 0.8 0 0.6000000000000001 0 1 0.4 0.4 1 0 0 0.4 0 0 6 12.600000000000001 0 0.4 0 0 0.6000000000000001 0 0.6000000000000001 0.4 0 0.4 0 0.2 0.6000000000000001 0 0.2 0 0 0 0 0 0 0.4 0.4 0 0 0 0.6000000000000001 9 0 1.4000000000000001 0.4 0 0 2 6.4 2.2 0.2 0 0 5.4 10.600000000000001 6 0.2 6.2 0 3.4000000000000004 6 1.4000000000000001 2 1.6 4.4 6 5.4 0 0 0 0 0 0 0.4 0 0 0 0 0 0 0 0 0 0 0 0 0 0 0 0 0.2 0 2.6 0 0 0 0 0 7.4 0 0 0.2 0 0 0 0 0 0 0 0 0 0 0 0 0 0 0 0 0 0 0 1.8 0 0 0 0 0.2 4.4 8.200000000000001 4.4 0 2.8000000000000003 0 2 2.6 2.8000000000000003 0 1 0 4.6000000000000005 7 4 2.4000000000000004 5 0 3 3.8000000000000003 0 0 0 0 0 0 0 0.2 0 0 0 0 0 0 0.4 0 0 0 0.8 0 0.2 0 0 0.2 0 0 0 0 0 0 0 0 0.2 0 0 0 0 0 0 0 0 0 0 0 0 0 0 0 0 0 0.2 0 0 0 0 0 0 0 0 0 0 0 0 0 0 0 10.200000000000001 0 0 0.2 0.4 1 0 0 0 0 0 0 0 0 0 0.2 0 0 0 0 0 0 0 0 0 0 0 0 0 3 0 0 0 0 0 0 0 0 0 0 0 0 0 0 
 49 105.2 59.2 36.6 33.800000000000004 9.8 15.600000000000001 0 37.2 17.400000000000002 10.600000000000001 28.8 36 16.2 27.6 45.6 41.6 6.800000000000001 35.6 13.8 0 0.8 0 0 0.2 0 0 0.4 0 1.2000000000000002 0 0 0 0 0.4 0 0.6000000000000001 0.4 15.4 0 0.4 0 0.4 0 0 0 0 0 0.4 0 0.4 0.6000000000000001 0 0 0.4 0 0.4 0 0.8 0.6000000000000001 0 0.2 0 0 0 0 0 0 0.4 0.4 0 0.6000000000000001 0.4 0.6000000000000001 0 0 0.6000000000000001 0.4 0.2 0 6.2 2.6 0.2 0.4 2 0 4.800000000000001 0 0.4 4.2 0.6000000000000001 3.2 3.4000000000000004 6 1.4000000000000001 3.2 0 6.800000000000001 0 0.6000000000000001 0 0 0 0 0 0 3 0.2 0 0.4 0 0 0 0 0 3.4000000000000004 0 0 0 0 0 0 0 0 0 0 0 0 0 0 0 0 0 0 0 0 0 0 3.8000000000000003 0 0 0 0 0 0.2 0 0 0 0.8 0 0 0 0 0 0 0 0 0 0 0 2.8000000000000003 0.2 1.4000000000000001 0 0.2 2.4000000000000004 3 1.6 4.800000000000001 3 3.8000000000000003 3.2 2.2 0 0 5.4 3.8000000000000003 2.6 2.4000000000000004 0 0 0 0 0 0 0 3.6 3.4000000000000004 0 0 0 0 0 0 6.2 0 0 0.2 0 0 0 3.6 0 0 0 0 0 0 0 0 0 0 0 0 0 0 0 0 0 3.6 0 0 0 0 0 0 0 0.2 0 0 0 2.8000000000000003 0 0 0 0 0 0 0 0 0 0 0 0 0 0 0 0 18.400000000000002 0.2 0 1.2000000000000002 3 0 0 0 0 0 0 0 0 0 0 0 0 0 0 0 0 0 0 0 0 0 0 1 1 0 0 0 0 0 0 0 0 0 0 0 0 0 
 23.200000000000003 36.4 34 39.400000000000006 33.4 15.8 11.8 37.2 0 46.2 75.2 38.800000000000004 25.200000000000003 23.6 36.800000000000004 28 19.6 68.2 31 59 0 0.2 0 0 0 0 0 0 0 0.8 0 0 29.6 0 0 0 1 0.4 3.2 2.2 0 0 0.4 0 0.4 0 0 0 0.4 0 0 0.2 0 0 0 0 0.6000000000000001 0 0.6000000000000001 0 0 0 0 0 10.200000000000001 0 0 0 0 0.4 0 1 0 0.6000000000000001 0 0 0.6000000000000001 0.4 0.2 0 2.6 4.800000000000001 2.4000000000000004 10.200000000000001 1 2.2 4.2 0 10.4 2.8000000000000003 9.4 7.2 0 6.800000000000001 0 0 2 0 0 1.8 0 0.4 0 0 0.2 0 0 2.2 0 0 0 0.4 0 0 0 0 0 0 1.6 0 0 0 0 0 0 0 0 0 0 0.4 0 0 0 0 0 0 0 0 0 0 0 0 0 0 0 0 0 0 0 0 0 0 0 0 0.8 0 0 0 0 0 0 2 14.600000000000001 0 2.2 5.800000000000001 2.4000000000000004 0 0 4.2 7.800000000000001 0.8 0.8 2.2 0 0.2 0.4 0.2 0.4 0 0 0 0 0 0 0 0 0 0 0 0 0 2.6 0 0 0 0.2 3.4000000000000004 0 0 0 0.4 0 0 0 0 7.2 0 0 0 0 0 0 10.4 0 0 0 0 0 0 0 0 0 0 0 0 0 0 0.2 0 0 0.4 0 0 0 0 0 0 0.4 0 0 0 0 0 0 0 10 0 0.4 0 1 2.2 3 0 0 0 0 0 0 0 0 0 0 0 0 0 0 0 0 0 0 0 0 0 0 3.4000000000000004 3.6 0 0 0 0 0 0 0 0 0 0 0 0 0 
 6 26 15 44.800000000000004 38.6 28.8 10.200000000000001 17.400000000000002 46.2 0 26.200000000000003 85.4 8.4 14.4 35.6 48.6 40.6 23.400000000000002 22.400000000000002 14.600000000000001 0 0.2 0 0 0.4 0 0 0 0 0.6000000000000001 0 0.2 16.8 0 0 0 0.6000000000000001 0.4 32.4 36 2.8000000000000003 0 23.400000000000002 0 0.2 0 0.4 0.8 0.4 0 4.4 0 0 0 0 0 4.6000000000000005 0.4 0 0.6000000000000001 0 0 0 0 0 0 0 0 0 0.4 0 0 0 0.6000000000000001 0 0.4 0.6000000000000001 0.4 0 0 0.2 0 4.2 7.800000000000001 10.600000000000001 0.2 0 0 5.800000000000001 3.2 6.6000000000000005 1.2000000000000002 0 0 0 0 0 4.800000000000001 0 0.8 0 0 0 0 0 0 2.8000000000000003 2.2 0 0 0 0 0 0 0 0 0 0 13 3.2 0 0 0 0 0 0 0 0 0 0 0 0 0 0 0 0 0 0 0 0 0 0 0 0 0 0 0 0 0.8 0 2 0 0 0 0 0 0 0 0 0 2.6 0.6000000000000001 8 4.2 2 8.4 0 0 3 4 5.2 6 0 0 0 3 3 0.2 0 0 0 0 0 0 0 0 0 5.4 0 0 0 0 4.2 4.4 3.2 6.2 0 0 6.4 0 0 0 0 0 0 2.6 0 0 0 0 0 0 0 0 0 0 0 0 0 0 0 0 0 0 0 0 0 0 0 0 0 0 0 0 0 0 0 0.4 0 0 0 0 0 0 0 0.4 0.4 0 0.4 1 0 2.6 0 0 0.4 0 0 0 0 0 0 0 0.2 0.2 0 0 0 0 0 0 0 0 0 0 0 2.6 0 0 0 0 5.4 0 0 0 0 0 0 0 0 0 
 54.400000000000006 9.8 71.60000000000001 30.200000000000003 34 30 8.8 10.600000000000001 75.2 26.200000000000003 0 31.200000000000003 25.8 67.4 37.2 14.600000000000001 21 23 17.2 58 0 15.200000000000001 0 0 0 0 0.2 2.6 0 0.6000000000000001 0 0 12 0 0 0 0.6000000000000001 0.4 15.200000000000001 14.8 10.4 0 0.4 0 0.2 0.4 0 0 0.4 0 0 0 12.4 0 0 0 0.4 0 0 0 0 0 0 0.4 0 0 0 0 0 0.4 0 0 0 0.6000000000000001 0 0 0.6000000000000001 1.2000000000000002 0 0 5.4 1.6 5.800000000000001 13.8 1.6 5.2 2 0 8 6.800000000000001 1.4000000000000001 3.8000000000000003 0 0 3.8000000000000003 6.4 5.800000000000001 0 0 0 2.8000000000000003 0 0.4 2 0 0 0 2 0 8.200000000000001 2 4.800000000000001 2.4000000000000004 0 0 0 0 0 1.2000000000000002 0 0 0 0 0 0 0 0 0 0 0 0 0 0.6000000000000001 0 0 0 0 0 0 0 0 0 0 0 0 0 0 0 0 0 0 0 0 0 0 4.4 0 0 0 0 0 5 2 2 4.6000000000000005 0 6.2 4.2 7.4 4.800000000000001 1.8 2 0 0 0 0 0.4 6 0 2.8000000000000003 0 0 0 0 0 0 0 0 0 0 0 0 4.2 0 0 0 0 0 0 0.2 0 0 0 0 0 0 0 0 0 0 0 0 0 0 0 0 0 0 0 0 0 0 0 0 3.2 0 0 0 0 0 0 0 0 0 0 0 0 0 0 0 0 0 0 0 0 1 16.8 0 18.6 20 0 0 0 0 0 0 0 0 0 0 0 0 0 0 0 0 0 0 0 0 0 0 0 0 0 7 3.2 4.4 0 0 0 0.2 0 0 0 0 0 0 0 0 
 6 10.4 56.2 25.8 10 29 6.800000000000001 28.8 38.800000000000004 85.4 31.200000000000003 0 8.4 22 40.800000000000004 23.8 35.6 26.200000000000003 14.8 12.8 0 0.4 0.4 0 0 0.2 0 0 0 0.6000000000000001 0 0.2 19.400000000000002 15 0 0.4 0.6000000000000001 0.4 30.400000000000002 15 0 0 0.4 0 0.2 0 0 0 0.4 0 0 0 0 0 0 0 0.6000000000000001 0 0 0 0 0 0 0.6000000000000001 0 0 0 0 0 0.4 0 0 0 0.4 0 0 0.6000000000000001 0.4 0 0 5.4 2.6 4.800000000000001 3.2 5.2 0 3 0 7.4 8.6 5.800000000000001 7.800000000000001 0 0 4 0 5.6000000000000005 7 0 0 0.4 2.2 0 0.2 0 0 3.8000000000000003 0 0 0 0 0 0 0 0 0 0 0 5.800000000000001 3.4000000000000004 0 0 0 0 0 0 0 0 0 0 0 0 0 0 0 0.2 0 0 0 0 0 0 0 0 0 0 0 0 0.8 0 0 0 0 0 0 0 0 0 0 0 2.8000000000000003 3 6.800000000000001 1.8 1.4000000000000001 5.800000000000001 2.8000000000000003 3.2 9.8 6 4.2 4 0 0.4 0 2 1.2000000000000002 4 0 0.2 0 0 0 0 0 0 0 0.2 3 0 0 0.4 3 2 4.2 2 0 0 5.2 0 2.6 0 0 0 0 0 0 0 0 0 0 0 0 0 0 0 0 0 0 0 0 0 0 0 0 0 0 0 0 0 0 0 0 0 0 0 0 0 0 0.4 0 0.4 0 0 0 0.8 0 0 0.6000000000000001 19 0 0.8 0 0 0 0 0 0 0 0 0 0 0 0 0 0 0 0 0 0 0 0 0 0 0 3 0 0 0 0 0 0 0 0 0 0 0 0 0 0 
 7 42.6 16.400000000000002 10.600000000000001 12.4 10 48.800000000000004 36 25.200000000000003 8.4 25.8 8.4 0 14.4 41.400000000000006 6.2 8.6 20.400000000000002 37 11.8 0.8 0.4 0 0 0 0.2 0 0 0 0.6000000000000001 0 0.2 0 0 12 14.600000000000001 0.6000000000000001 0.4 0.4 0 0 0 0.4 0 0 0 0 0 0.4 0 0 0 0 0 0 0 0.6000000000000001 0 0.2 0 0 0 0 0 0 0 0.2 0.2 0 0.4 2.2 0 0.4 0 0 2.4000000000000004 0.6000000000000001 0.4 0 0 2 4 2 0 0 0 6.4 4.6000000000000005 0.2 3.4000000000000004 7.2 0 5.2 9.200000000000001 0 3.2 0 0 2.6 5.6000000000000005 0 0 0 0 0 0 0 0 0 0 0 0 0 0 0 0 0 0 0 0 0 0 0 0 0 0 0 0 0.2 0 0 0 0 0 0 0 0 0 0 2.4000000000000004 0 0 0 0 0 0 0 0 0 0 0 0 0 0 1.4000000000000001 0 0 0 0 0 1.6 5.800000000000001 2 0 2 0 2 0 0.4 0 1.4000000000000001 0 4.4 1.8 0 0 0.4 0 0 2 0 0 0 0 0 0 0 0 0 0 0 0 0 0 0 0 0 0 3.8000000000000003 0 0 0 0 0 0 0.4 0 0 0.4 0 0 0 0 0 0 0 0.4 0 0 0 0.2 0 0 0 0 0.4 0 0 0 0 0 0 0.4 0 0 0 0 0 0 0 0 0 0 0 0 0 1.2000000000000002 0 2.6 0 0.4 1.6 0 0 0 0 0 0 0 0 0 0 0 0 0 0 0 0 0 0 0 0 0 0 0 2.6 1.8 0 0 0 0 0 0 0 0 0 0 0 0 0 
 10.4 13.4 98.4 15.4 56.6 9.4 20.6 16.2 23.6 14.4 67.4 22 14.4 0 53.400000000000006 28 25 5.800000000000001 18.2 51.800000000000004 0 0.4 0 0 0 0.2 0 0 0 0.6000000000000001 0 0 5 0 0 0 0.8 1 1 0 0.4 0 0.4 0 11 0.4 0.4 0 0.4 0 0 0 0 13 0 0 0.4 0.4 0.2 1.2000000000000002 0.2 0 0.4 0 0 0.4 0 0 0 0.4 0 0 0 1 0 0 0.8 3.8000000000000003 0 0 2.4000000000000004 2.6 0 3.8000000000000003 0 2.4000000000000004 8.200000000000001 11.4 0 3.8000000000000003 6.6000000000000005 4.2 3 2.8000000000000003 3.2 0 3.2 2.2 0.2 2.8000000000000003 0 0 0.2 0 0 0 0 0 0.4 0 0 0 0 0 0 0 0 0 2 0.4 0 0 0 0 0 0 0 0.2 0 0 0 0 0 0 0 0 0 0 0 0 0 0 0 0 0 0 0 0.4 0.4 0 0 0 0 0 0 0 0 0 0 0 6.2 6.800000000000001 1 1.6 4.2 2.6 5.4 0 10.200000000000001 0.4 0 0 1 2.8000000000000003 0 2.2 1.4000000000000001 1.8 0.2 4 0 0 0 0 0 0 0 0 0.4 0 0 0 0.4 0 0 0 0 0 2.6 0 0 0 0 0 0 0 0 0 0 0 0 0 0 0 0.4 0 0 0 0 0 0 0 0 0.4 0 0 0 0 0 0 0 0 2.4000000000000004 0 0 0 0 0 0 0 0 1 0 0 0 0.2 17.8 0 0.2 0.4 0 0.8 0 0.2 0.4 0 0 0 0 0 0 0 2.6 0 0 0 0 0 0 0 0 0 0 0 0 2.8000000000000003 0 0 0 0 0 0 0 0 0 0 0 0 0 0 
 21.8 74.4 63.400000000000006 12.8 16.400000000000002 11.8 14.4 27.6 36.800000000000004 35.6 37.2 40.800000000000004 41.400000000000006 53.400000000000006 0 19.6 31 28.6 35.800000000000004 77.80000000000001 0 0.2 0 0 0.2 0 0 0.4 0 0.6000000000000001 0 0.4 0 0 0 0 1 0.4 0.4 14.8 0 0 0.4 0 1.6 0 0 0 0 0 0 0 0 0 0 0 0.6000000000000001 16.400000000000002 0.4 0 0 0 0 0 0 6 0 0.4 0 0.4 0 3.2 0 0.6000000000000001 0 0.2 0.6000000000000001 0.4 0 0 2.6 5 1.8 5.6000000000000005 2.6 3.4000000000000004 6.6000000000000005 3.6 0 6.4 0.2 0 2.6 0.2 5.2 6.800000000000001 7.4 7 10.4 2.2 0 0 0 0 0 0 0 0 0 0 0 0 0 0 0 0 0 0 2.8000000000000003 0 0 0 0 0 0 0 0 0 0 0.4 0 0 0 0 0 0 0.2 0 0 0 0 0 0 0 0 0 0 0 0.6000000000000001 0 0 0 0 0 0 0 0 0 0 0 7.2 6.6000000000000005 0 3.4000000000000004 0.2 1.8 0 0 7.800000000000001 1.8 3.8000000000000003 0.4 2.4000000000000004 2.2 2.2 4.6000000000000005 6.4 2 0 5.6000000000000005 0 0 0 0 4 0 0 0 0 0 0 0 0 2.8000000000000003 0.2 0 0.2 2.4000000000000004 4.2 0 0 0.4 0 0 0 0 0 0.2 0 0 0 0 0 0 0 0 0 0 0 1.2000000000000002 0 0 0 0 0 0 0 0 0.2 0 0.2 0.4 0 0 0 0 0 0 0.4 0 0 0 0 0 0 0 0 0 20.200000000000003 0 0 3.2 0 0 0 0 0 0 0 0 0 0 0 0 0 0 0 0 0 0 0 0 0 0 0 0.2 3.2 0 0 0 0 0 0 0 0 0 0 0 0 0 
 55.2 43.400000000000006 47 25 23.200000000000003 12.200000000000001 61 45.6 28 48.6 14.600000000000001 23.8 6.2 28 19.6 0 40.800000000000004 23 43.400000000000006 74.4 0 0.2 0 0 0 0 0 1.4000000000000001 0.4 0.6000000000000001 15.200000000000001 0 14.4 0 0 0 0.6000000000000001 0.4 15.600000000000001 0 0 0 0.4 0 0 0 0 0 0 0 0 0 0 0 0 0 0.6000000000000001 0 0.4 0 0 0 0 0 0 0 0 0 0 0.4 0 0.6000000000000001 0 6.6000000000000005 0 0 0.6000000000000001 0.4 0 0 1.2000000000000002 3.4000000000000004 3.8000000000000003 5.800000000000001 2.8000000000000003 1.2000000000000002 2 0 0 0 7 1.4000000000000001 0 2 4.6000000000000005 4 1.8 6.4 7.6000000000000005 1.6 0 0 0 0 0 0 0 2 0 0 0 0 0 0 0 0 0 6.6000000000000005 3.4000000000000004 0 0 0 0 0 0 0 0 0 0 0 0 0 0 0 0 0 0 0 0 0 0 0 0 0 0 0 0 0 0.4 0 0 0 0 0 0 0 0 0 0 0 2.2 2.6 2 0 0 4.6000000000000005 0 0 4.2 0.6000000000000001 3.2 0 0 1.2000000000000002 1.4000000000000001 1.6 4.4 0 5.800000000000001 0 0 0 0.2 0 0 0 2.8000000000000003 0 0 0 0 0 2.6 0 0.2 0 0 0 2.6 0 0 0 0 0 3.2 0 0 0 0 0 0 0 0 0 0 0 0 0 0 0 0 0 0 0 0 0 0 0 0 0 0 0 0 0 0 0 0 0 0 0 0 0 0 0 0 0.8 0.2 0.4 0 0 0 2 2.8000000000000003 0 0 0 0 0 0 0 0 0 0 0 0 0 0 0 0 0 0 0 0 0 0 0.2 0 0 0 0 0 0 0 0 0 0 0 0 0 0 
 23.400000000000002 26.8 27.8 69.4 11.8 32.2 51.400000000000006 41.6 19.6 40.6 21 35.6 8.6 25 31 40.800000000000004 0 30 36 9.4 0 0.4 0 0.4 0 0 0 3 0.6000000000000001 1.2000000000000002 0 0 56.2 0.6000000000000001 0 0.6000000000000001 1.6 0.4 0.8 13.600000000000001 0 0 0.4 0 0 0 0 0 0 0 0.6000000000000001 0 0 0 0 0 0.6000000000000001 0 0.4 0 0 0 0 0.4 0 0 0 0 0 6.6000000000000005 0 1 0 0.2 0 0 0.6000000000000001 1.2000000000000002 0 0 4.800000000000001 1.6 1.8 11.8 9.600000000000001 2.4000000000000004 1.2000000000000002 0 2.6 3.2 0 0 0 2.6 2.8000000000000003 1.8 9.4 5.6000000000000005 4 1.6 1 0.2 0 0 0 0 0 2.6 0 0 0 0 0 0 0 3.6 0 0.2 3 0 0 0 0 0 0.6000000000000001 0 0 0 2.8000000000000003 0 0.4 0 0 0.4 0 0 0 0 0 0 0 0 0 0.2 0 0 0 0 0.4 0.2 0 0 0.4 0 0 0 0 0 0 0 2.2 3 1.8 0 0 4.6000000000000005 0 0 5.6000000000000005 0.4 7.4 5.4 0.2 0 0 1.6 1.8 0 0.4 0 0 0.4 0 0 0 0 0 1.6 0 0 0.2 0 3.6 2.2 0.2 0.2 0 0 4.6000000000000005 0.2 0 0 0 0 0 0 0 0 0 0 0.8 0 0 0 0 0 0 0 0 0 0 0.2 0 0 0 0 0 0 0 0 0 0 0 0 0 0.4 4 0 0 0 0 0 0 0 0 0.2 0.2 0 0 0.2 2.2 3.6 2.2 0.4 0 0 0 0 0 0 0.4 0 0 0 0 0 0 0 0 0 0 0 0 0 0 0 3 0 0 0 0 0 0 0 0 0 0 0 0 0 
 5.6000000000000005 5.800000000000001 5 16 37.800000000000004 8 24 6.800000000000001 68.2 23.400000000000002 23 26.200000000000003 20.400000000000002 5.800000000000001 28.6 23 30 0 5.800000000000001 3.8000000000000003 0 0.4 0 0 0 0 0 0 0 0.6000000000000001 0.4 0 18.6 0 0 0 0.6000000000000001 0.4 7.800000000000001 22.6 0 0 0.4 0 0.4 0 12.600000000000001 0 0.2 0 0 0.2 0 0 6.2 0 0.6000000000000001 0 0.2 0 0.2 0 0 0.6000000000000001 0 0 0 0 0 0.4 0 0 0 0.2 0 0 0.6000000000000001 0.4 0 0 4.2 2 6.2 6.6000000000000005 6.6000000000000005 1.8 0 0 9 6.6000000000000005 4.6000000000000005 7.800000000000001 0 0 3 2.8000000000000003 3.4000000000000004 0.2 0 0 2 0 0 0 0.2 0 0 10.4 0 0 0 0.2 0 2 0 0 0 0 0 0 0 3.8000000000000003 0 0 0 0 0 0 0 0.2 0 0 0 0 0 0 0.4 0 0.2 0 0.4 0 0 0 0 0 0.6000000000000001 0.4 0 0 0 0 0.4 0.6000000000000001 0.6000000000000001 0 0 0 0 0.2 0 2 9.4 0 2.8000000000000003 5.4 8 3 2.6 5.800000000000001 6.2 8.6 2 4.4 9 0 0.4 0 0 0.8 0 0 0 0 0 0 0 1.8 0 0.4 0 0 3.2 2.8000000000000003 0 0 0.4 0 1 0 0 0.2 0 0 0 0 0 0 0 0 0 0 0 0 0 0 0 0 0 0 0 0 0 0 0 0 0 0 0.4 0 0 0 0 0 0 0 0 0 0.2 0 0 0 0 0 0 0.6000000000000001 17.2 0 0 17.400000000000002 0 2.8000000000000003 0 0 0 0 0 0 0 0 0 0 0 0 0 0 0 0 0 0 0 0 0 0 0 5.2 5.6000000000000005 0 0 0 0 0 0 0 0 0 0 0 0 0 
 81.80000000000001 42.6 10.600000000000001 15.8 15.4 9.8 46.400000000000006 35.6 31 22.400000000000002 17.2 14.8 37 18.2 35.800000000000004 43.400000000000006 36 5.800000000000001 0 91 1.8 1.4000000000000001 2 1 2 0.4 0 1.4000000000000001 0.2 1.6 1 0.2 1.6 0.2 0.4 0.6000000000000001 1.6 1.4000000000000001 1 0.8 0.6000000000000001 0 0.4 0.4 13.200000000000001 1.4000000000000001 0.8 0 0 0.6000000000000001 0.6000000000000001 0 1.4000000000000001 0 0 0 0.6000000000000001 0.2 0 0.6000000000000001 0 1.6 0.6000000000000001 19.8 1 0.6000000000000001 0 0.2 0.6000000000000001 1.2000000000000002 1 0.6000000000000001 0.4 0.4 1 0 1.4000000000000001 0.4 0 0.4 6.800000000000001 2.2 4.4 2.6 0 0 2.4000000000000004 7.6000000000000005 4.6000000000000005 0.2 0 0 4.2 6.800000000000001 0 9.200000000000001 6 14.4 5 1.4000000000000001 0 0 0 0 0 0 0 0 0 0 0 0 0 0 0 0 0 0 0 0 0 0 2.8000000000000003 0 0 0 0 0 0.4 0 0 0 0 0 0 0 0 0 0 0 0 0 0 0 0 0 0 0 0 0 0 0 0 0 0.2 0 0 0 0 0 3 2 2.2 0 0.2 0 2 5.4 4.2 0 0 0.2 0 3.4000000000000004 0.4 2 2.4000000000000004 3.8000000000000003 5.4 0.2 0 0 0 0 0 0 0 0 0 0 0 0 0 0 0 0 0 0 0.4 0 0 0 0 0 0 0 0 0 0.2 0 0 0 0 0 0 0 0.2 0 0 0 0.4 0 0 0 0 0 0 0 0 0 0 0 0.2 0 0 0 0 0 0 0 0 0 0 0 0 0.8 0 0 0 0.4 0 2.8000000000000003 3.2 0 0 0 0 0 0 0 0 0 0.4 0 0 0 0 0 0 2.2 0 0 0 0 0 0 0.2 0 0 0 0 0 0 0 0 0 0 0 0 0 
 106.60000000000001 72.2 8.4 11.4 19.400000000000002 6.2 90.60000000000001 13.8 59 14.600000000000001 58 12.8 11.8 51.800000000000004 77.80000000000001 74.4 9.4 3.8000000000000003 91 0 0.4 0.4 0 0 0 0 0 0 0 0.8 0 0 0 0 0 0 0.6000000000000001 0.8 0.6000000000000001 0 12.4 0 0.4 0 12 0 0 0 0 0 0 0 0 0 0 0 0.6000000000000001 0 0 1 0 0 0 0 0 0 0 0 0 0.4 0 1.2000000000000002 0 0.2 0 0 0.6000000000000001 0.4 0 0 2.2 5.2 4.2 3.6 0 0 0 20.200000000000003 0.2 0 0 0 2.8000000000000003 5.6000000000000005 7.6000000000000005 10.8 5 2.6 5.2 0.2 0 0.2 0 0 0 0 0 0 0 0 0 0 0 0 0 0 0 0 0 0 0 0 0 0 0 0.4 0 0 0 0 0.4 0 2.2 0 0 0 0 0 0 0 0 0 0 0.2 0 0 0 0 0 0.2 0 0 0.4 0 0.2 0 0 0 0 0 4 0 0 2.2 0 0 0 3.4000000000000004 0 0 2.2 0 3.6 5.800000000000001 3 3.8000000000000003 10.200000000000001 5.2 0.2 0.6000000000000001 0 0.4 0 0 0 0 0 0 0 0 0.2 0 0 0 0 0.2 0 0 0 0 0 0 4 0 0.6000000000000001 0 0 0 0 0 0 0 0 0 0 0 0 0 0 0 0 0.2 0 0 0 0 0 0 0 0 0 0 0 0 0 0.4 0 0 0 0 0 2.4000000000000004 0 0 0 0.4 1.4000000000000001 0 0.6000000000000001 0 0.4 1.8 0.4 0 0 0 0 0 0 0 0 0 3 0 0 0 0.2 0 0 0 0 0 0 0 0 0 0 0 0 0 0 0 0 0 0 0 0 0 0 0 
 0 0 4.6000000000000005 5.800000000000001 15.200000000000001 0.2 1 0 0 0 0 0 0.8 0 0 0 0 0 1.8 0.4 0 45.6 57.2 11.200000000000001 8.200000000000001 49.6 43.2 77 11.4 18.8 25.200000000000003 6.6000000000000005 26.400000000000002 47.400000000000006 83.2 6.2 23.200000000000003 24.200000000000003 71 67.4 0.4 0 0.6000000000000001 0 0.8 0 0 0 0.4 0.6000000000000001 0.6000000000000001 0.4 12.8 11.600000000000001 0.6000000000000001 0 0.6000000000000001 1.6 0.8 0 0 0 0 0 0 11.8 0 0.4 0 0 0 0 0.2 0 0 0 0.6000000000000001 0 0 0 0 0 0 3.6 0 2.6 0 0 0 2.8000000000000003 0 2.2 0 0 0 0 0 0 0 0 0 8.8 0 0.2 2.4000000000000004 0 5.4 0.6000000000000001 0 0 4.2 1.6 2.4000000000000004 2 8.4 6.2 0.2 2.6 7 10.8 0 0 0 0 0 0 0 0 5 0.6000000000000001 0 0 0 0.6000000000000001 0 0 0 0 2.2 0 0 0 0 0 0 0 0 0 0 0 0 0 0 0 0 0 0 0 0 0 1.6 0 0 0 5 3.8000000000000003 0 0 0 0 0 0 0 0.4 0 0 0.2 0.6000000000000001 0 0 2.8000000000000003 1.8 0 2.2 0 0 2.2 4.6000000000000005 7.800000000000001 10.8 2.2 3 5.6000000000000005 4 6.4 5.2 0 0 8 3.6 0 0 0 0 0 0 0.2 0 0 0 0 0 0 0 0 0 0 0 0 0 0 0 0 2.6 0 0 4.4 0 0 0 0 0 0 0 0 0 0 0 0 0 0 0 0 0 0 0 0 0 0 0 0 0 0 0 2 0 0 2.2 0 0.2 0 0 0 0 0 0 2.6 0 0 0 0 0 0 0 0 0 0.4 0 0 0 0 0 0 0 0 0 0 0 0 0 
 0.6000000000000001 0.2 0.2 0.4 25.400000000000002 14.4 0.8 0.8 0.2 0.2 15.200000000000001 0.4 0.4 0.4 0.2 0.2 0.4 0.4 1.4000000000000001 0.4 45.6 0 18.400000000000002 12.200000000000001 8.4 5 61.400000000000006 88.2 7.6000000000000005 11.4 17.8 23.400000000000002 31 9.600000000000001 51.800000000000004 51.2 16.6 11.4 48 11.200000000000001 0.4 0 0.6000000000000001 0 0.6000000000000001 0 0 0 3.4000000000000004 0.6000000000000001 0.6000000000000001 0 12.8 0 0.6000000000000001 0.2 0.6000000000000001 0 1 14.8 0 0 0.6000000000000001 0 0 0 0 0.6000000000000001 0 0.8 10 0 0.2 0 0 0 7 0 0 0 0 0 2.6 0 0 0.2 0 0 0 0 0 2.6 0 0 0 0 0 0 0 0 2.6 1.4000000000000001 3.4000000000000004 6.2 0 0 4.6000000000000005 8.200000000000001 7.2 1.6 7.4 3.6 4 0 5 5.2 6 0 0 0 0 0 0 0 0 0 0 0 0 0 0 0.4 0.2 0 0 0 0 0 0 0 2.8000000000000003 0 0.2 0 0 0 0 1.4000000000000001 0 0 0 0 5.4 0 0 0.2 0 0 0 0 0 0.4 0 0 0 0 0 0 0 0 0 0 0 5 0 0 0.4 0 0.4 0 3 0 0.2 2.6 4.4 0.2 3.8000000000000003 2.8000000000000003 2.8000000000000003 0 5.2 2.8000000000000003 3.6 0 1.6 4.6000000000000005 0 9.600000000000001 0 9.4 0 0 0 0.4 0 0 0 0 0 0 0 0 0 0.2 0 0 0 0 0.2 5 0 0 0 0 0 0 0 0 0 0 0 0 0 0 0 0 0 0 0 0 0 0 0 0 0 0 0 0 0 0 0 0 0 0 1.6 0 0 16.2 0 4 0.4 0 0 0 0 0 3.4000000000000004 0 0 0 0 0 0 0 0.4 0 0 2 0 3.8000000000000003 0 2.4000000000000004 0 0 0 0.4 0 0 0 0 
 0 0 0 0 0 0 1 0 0 0 0 0.4 0 0 0 0 0 0 2 0 57.2 18.400000000000002 0 76 12.600000000000001 43.800000000000004 9.8 66.60000000000001 63.6 27.200000000000003 9.8 34.6 15.600000000000001 23.8 54.6 51.6 5.6000000000000005 35 22.200000000000003 68.2 0.4 0 0.6000000000000001 0 11.200000000000001 0 0.8 0.2 0.4 41.800000000000004 0.6000000000000001 0 0.4 25.400000000000002 0.6000000000000001 0 0.6000000000000001 0 4.4 12.600000000000001 0 0.2 0 0 0 0 0 0.4 0 0 0 0 0.4 0.4 0 0 0.6000000000000001 0 0 0 0 0 0 0 0 0 0 0 0 0 0 0 0 0 0 0 0 0 0.4 0 0 0 0 2.2 7.4 4.2 0 0 0 2 0 1.2000000000000002 0 0 0 6.800000000000001 0 0 0.2 0 0 0 1.2000000000000002 0 0 0 0 0.2 2 0 0 0 4.6000000000000005 1.2000000000000002 5 0 0 0 0 0 0 0 0.8 0.4 0 0 0 0.2 0 0 0 0 0 0.8 0 0 0 0 0 0 0 1.8 0 0 0 0 0 1.2000000000000002 0 0 0 0 1 0 0 0.4 0 0 0 0 0 3.4000000000000004 4.6000000000000005 5.2 5.800000000000001 5.800000000000001 0 0 0 0 4 3 0 0 0 0 9.4 2.8000000000000003 0 0 0 0.4 0 0 0 0 2.8000000000000003 3.6 0.4 0 0 0 3.6 7.800000000000001 0 0 0 0 3.2 6.800000000000001 0 0 0 0 0 0 0 0 0 0 3.4000000000000004 0 0 0 0 0.2 0 0 0 0 0 0 0 0 0 0 0 0 0 0 0 0 0 0 1.4000000000000001 0 0.6000000000000001 21 30 0.2 0 2.2 0 0 0 0 0 0 0 0 0 0 0 0 0 0 0 0 0 0 0 0.6000000000000001 0 0 0 0 5.6000000000000005 0 0 0 
 0 0.4 0 0 0.2 0 0.6000000000000001 0 0 0 0 0 0 0 0 0 0.4 0 1 0 11.200000000000001 12.200000000000001 76 0 66 19.200000000000003 16.6 53.800000000000004 37.800000000000004 53.400000000000006 72.4 35.6 18 57.400000000000006 14.200000000000001 118.2 24 16.8 20.400000000000002 16.2 0.6000000000000001 0 0.6000000000000001 0 0.4 0 13 3.6 0.2 0.6000000000000001 0.6000000000000001 0 0.6000000000000001 21.6 7 15.200000000000001 0.6000000000000001 0.2 13.8 0.2 0 0 0 0 0 0.2 0 0.2 0 0 0 0 0.4 0.8 0 0 1.4000000000000001 0 0 0 7.800000000000001 0 0 0 0 0 0 0 0 0 0 0 0 0 0 0 0 0 0 0 0.2 0 0 0.8 2.2 7.800000000000001 0 0 0 0.6000000000000001 0 0 0 0 0 5.800000000000001 3.4000000000000004 2.4000000000000004 0 0 2.2 0 0 0 0 0 0 1.8 0 0 0 0 10.4 1.4000000000000001 4 0 0 0.2 0 2.4000000000000004 0 0 1.2000000000000002 0 0 0 0 0 0 0 0 0 0 0.8 0 0 0 0 0 0 0 0 0 0 0 0 0 0.6000000000000001 0 0 0 0 0 0 0 0 0 0 0 0 0 0 2.8000000000000003 2.6 2 6.4 0 0.2 0 0.2 0 3.6 0 0 0.2 0 3.4000000000000004 2 0 0 0 1.8 0 0.6000000000000001 0 0 3.6 2.4000000000000004 4 0.4 0 0 2.2 7.6000000000000005 0 1.6 5.2 0 9.8 1.8 0 0 0 0.4 0 0 0 0 0 0 2 0 0 0.4 0 0 0 0 0 0 0 0 0 0 0 0 0 0 0 0 0 0 0 0 1.4000000000000001 0 0 15.200000000000001 0.6000000000000001 0.4 0.6000000000000001 3 0 3 0 0 0 0 0 0 0 0.2 0 0 0 0 0 0 0 0 0 1.8 0 0 0 0 0 0 0 0 
 0 0 0 0 0.6000000000000001 0.2 1.2000000000000002 0.2 0 0.4 0 0 0 0 0.2 0 0 0 2 0 8.200000000000001 8.4 12.600000000000001 66 0 76.60000000000001 8.200000000000001 27.8 34.4 66.60000000000001 45.400000000000006 54.6 15.600000000000001 51.800000000000004 25.200000000000003 21 25.400000000000002 11.200000000000001 12 15.4 15.8 0 0.8 0 0.4 0 24.6 16.2 13 0.8 0.6000000000000001 0 14.600000000000001 25 0.6000000000000001 23.8 5.2 0 13 12.8 4.6000000000000005 1 0 0 0 0 0 0.2 0 0 0 0 0.4 3.6 0 0 0.6000000000000001 0 0 0 0 0.2 0 0 0 0 0 0 0 0.2 0 0 0 0 0 0 0 0 0 0 1.8 0 0 0 3 8 0 0 1.6 0 0.4 0 0.2 0 0 2.6 2 0 0 0 0.8 5.2 2.8000000000000003 0 0 0 5.800000000000001 2.4000000000000004 7.4 0.4 0 0 3.4000000000000004 1.2000000000000002 0 0.2 0 2.6 5 3 0 0 1 0 0 0 0 0 0.4 0 0 0 0 0.8 0.2 0 0.8 0 0 0 1.2000000000000002 1.2000000000000002 0 0 0 0 4.4 0 0 0 0 0 2.8000000000000003 0 0 0 0.2 0 0 0 3 0.2 2.6 2.8000000000000003 0 0 0 0 0 2.8000000000000003 3 6.6000000000000005 0 0 2.2 0 0 0.4 0 0 0.2 1.6 8 1.8 2.4000000000000004 0 5.6000000000000005 1.8 5.6000000000000005 0 4.800000000000001 0 2.2 2 2 2 1.8 0 15.8 0 0 0 0 0 0.2 0 0 0 0 0 2.6 0 0 0 0 0 0 0 0 0 0 0 0 0 0 0 0 0 0 0 0 0 0 0 1.2000000000000002 0.6000000000000001 0.2 0.2 0.4 0.6000000000000001 1 0.2 0 0 0 0 0 0 0 0 0 0 0 0 0 0 0 0 0 0 0 0 0 0 0 0 0 0.2 0 0 
 0 0 0 0 0 0 0 0 0 0 0 0.2 0.2 0.2 0 0 0 0 0.4 0 49.6 5 43.800000000000004 19.200000000000003 76.60000000000001 0 3 97.2 14.8 27.6 58.800000000000004 11.8 10.4 7.4 12.600000000000001 25.6 12.200000000000001 9.600000000000001 25.6 12.200000000000001 0.6000000000000001 0 0.6000000000000001 0 0.4 0 27.200000000000003 8.6 3.8000000000000003 0.6000000000000001 1 0 2.2 22.400000000000002 0.6000000000000001 18.6 14.8 0 1.4000000000000001 8.8 0 0 0 0 0 0.2 0 0.2 0 0 0 0.8 0.8 4.6000000000000005 0 0 0.6000000000000001 0 0 0 0 0 0 0 0 0 0.4 0 0 0 0 0 0 0.4 0 0 0 0 0 0 0 0 0 0 1.6 4 0 0 0 0 0 0 0 0 0 6 2.8000000000000003 1.8 0 0 2.6 3.4000000000000004 2 0 0 0 1.8 0 0 0.4 0 0 6 3.6 0 4.2 0 3.4000000000000004 0 3 0 0 0.6000000000000001 0 0 0.2 0 0 0 0 0 0 0.2 1 0 0 0 0 0 0 0.6000000000000001 0 1.6 0 0.4 0 0 0 0 0 0.4 0 0 0 0 0 0 0 4.2 0 0 0 1.8 2.6 0 5 0 0 0 0 0 0.2 0 0 0 0 0 2 0 0 0.2 1.4000000000000001 1.6 0 0 0 11.4 4 6.2 0 2.6 3.8000000000000003 4.6000000000000005 9.200000000000001 2 2 1.6 3 5 2 0 0 0 0 0 0 0 0.2 0 0 4.800000000000001 0 0 0 0 2.6 0 0 0 0.4 0 0 0 0 0 0 0 0 0 0 0 0 0 0 0.4 0 0.2 15 0 3.2 0 3.2 0 0 0 2.8000000000000003 0 0 0 0 3.2 0 0 0 0 0 0 0 0 0 0 0 0.2 0.4 0 0 0 0 0 0 
 0.6000000000000001 0 0 0 23.200000000000003 3.2 0 0 0 0 0.2 0 0 0 0 0 0 0 0 0 43.2 61.400000000000006 9.8 16.6 8.200000000000001 3 0 29.400000000000002 8 6.2 4.800000000000001 6.800000000000001 34.4 17.400000000000002 38.400000000000006 52 30.200000000000003 54.2 21.6 52.400000000000006 0.4 0 0.6000000000000001 0 0.6000000000000001 0 2.2 0 0.4 0.6000000000000001 0.6000000000000001 0.4 0.6000000000000001 0 1.2000000000000002 0 0.6000000000000001 0 0.6000000000000001 0 0 0 0 0 0 0 0 0.4 0 0 0 0 0 0 0 0 0.6000000000000001 0 0 0 0 0 0 0 0 0 7.800000000000001 0 0 0 0 0 2.8000000000000003 0 0 0 0 0 0 0 7.6000000000000005 0.8 5 4.4 3 2.4000000000000004 2.4000000000000004 2 5.800000000000001 7.4 6.800000000000001 10.600000000000001 5.2 3.8000000000000003 9.4 0 0 4.800000000000001 2.2 3 0 0 0 0 0 0 0 0 0 0 0 0 3.2 0 0 0 0 0 0 5.2 1 0 0 0 0 0 0 1.2000000000000002 0 0 0 0 1.2000000000000002 0 0 0.2 0 0 0.6000000000000001 0 0 0 0 0 3.6 0 0 0 0 0 0 0 0 0 0 0 0.2 0 0 0 6 3.2 4.2 9 3.2 0 7.4 3.2 0.4 4.6000000000000005 5.800000000000001 0 0 0.2 3.6 7.2 0.2 2 0 7.6000000000000005 0 0 0 0 0 0 0 0 0 0 0 0 0 0 0 0 0 0 0 0 0 3.2 0 0 0 0 0 0 0 0 0 0 0 0 0 0 0 3 0 0 0 0 0 0 0 0 0 0 0 0 2.4000000000000004 0 0 0 1 0 0.4 0 0 0.4 0 0 0 0 0 0 0.2 0 0 0 0 0 0 0 0 0 0 3.8000000000000003 0 0 0 5.4 0 0 0 0 0 0 0 0 
 0.2 0 0 0 15.200000000000001 0.2 1 0.4 0 0 2.6 0 0 0 0.4 1.4000000000000001 3 0 1.4000000000000001 0 77 88.2 66.60000000000001 53.800000000000004 27.8 97.2 29.400000000000002 0 82 65.4 37.6 61.800000000000004 68.60000000000001 14.4 87.80000000000001 10.200000000000001 40.6 23 20.200000000000003 12 0.4 0 0.6000000000000001 0 0.4 0 18.2 0 0.8 0.6000000000000001 0.6000000000000001 0 0.6000000000000001 0 0.6000000000000001 0.8 0.6000000000000001 0 0.6000000000000001 0 0 0.2 0 0 0 0 0 0 0 0 0 0 0.6000000000000001 0 0 0 0.6000000000000001 0 0 0 0 0 0.2 0 0 0 0 0 0 0 0 0 0 0 0 0 0 0 0 0 2.6 1 10.8 7.800000000000001 1.2000000000000002 0 0.2 7.4 4 10.600000000000001 5.2 5.6000000000000005 4.4 0 0 0 5.2 2.6 0 0.2 5.800000000000001 0 0 0 0.4 0 0 0 0.2 0 0 0.8 2 2.8000000000000003 0 0 0 0 2.2 11 0.8 0 0 0 0 0 4.2 1.2000000000000002 0 0.2 0 0 0.8 0 0 5.6000000000000005 0 0 0.6000000000000001 0 0 0 0 0 0 0 0 0.4 0 0 0 0 0 0 0 0 0 0.2 0 0 2.8000000000000003 0 3 2.6 2.2 0 2 4.800000000000001 1 0.2 3.2 5.4 0 2.4000000000000004 1.4000000000000001 0 4 1.6 0 2.2 0 0 0 0 0 0 0 0 0 0 0 0 2 0 0 0 0 0 1.6 0.2 0 0 0.4 0 0 0 0 0 1.6 0 0 0 0 0 0 0 0.4 0 0.2 0 0 0 0 0 0 0.4 0 0 0 0 0 0 0 0 1.2000000000000002 0 0.6000000000000001 0.4 15.4 0 3.2 0 0 0 0 0 2 0 0 0 0 0 0 0 0 0 0 3 0 1.8 0 2.2 0 0 0 5.2 0 0 0 0 
 0 0 0 0 0 0.4 0.8 0 0 0 0 0 0 0 0 0.4 0.6000000000000001 0 0.2 0 11.4 7.6000000000000005 63.6 37.800000000000004 34.4 14.8 8 82 0 80.60000000000001 23.400000000000002 9.200000000000001 20.400000000000002 15.200000000000001 77.80000000000001 83 23.8 45.2 59.400000000000006 36.2 0.4 0 0.8 0.4 0.6000000000000001 0 16 0.2 0.4 0.6000000000000001 0.6000000000000001 0 0.4 12.8 0.6000000000000001 0 0.6000000000000001 0.4 5 16.6 0 1.8 0 10 0 1.8 0 0 0 0 0 0 0.6000000000000001 1 10.4 0 0.6000000000000001 0.4 0 0.2 0 0 0 0 0 0 0 0 0 0 0 0 0 0 0.2 0 0 0 0 0 0 0 0 2.8000000000000003 3.4000000000000004 0 0 0 2.2 5.4 0 2 0 0 0 6.2 9.4 5.4 0 0 4.2 0 0 0 0 0.4 0 0 0.4 0 0 0.2 6.4 1.6 3.4000000000000004 0 0 0 0 7.2 0 0 0.4 0 0 0 0 0 0 0 0 0.2 0 0 0 0 0 0 0.2 0 0.6000000000000001 0 0 0 0 0 1.2000000000000002 0 0 0 0 0 1 0 0 0 0.4 0 0 0 0 3 6.800000000000001 3.2 4 6 0.4 0 0 3.2 4 4.800000000000001 0 1.8 0 0 11.4 15.4 0 0 0 0 0 0.2 0.4 0 0 1.2000000000000002 0 0 0 0 5.6000000000000005 3.8000000000000003 0 0 0 2.6 4.6000000000000005 10 0 0 1.2000000000000002 0 0 0 0 0 0.4 0 3.4000000000000004 0 0 0 0 0 0 0 0 0 0 0 0 0 0 0 0 0 0 0 0 0 0 0 1.4000000000000001 0 0 30.400000000000002 30.6 0.4 2.8000000000000003 3.2 0 0 0 0 0.2 0 0 0 0 0 0 0 0 0 0 0 0 0 0 3.6 0 0 0 0.4 0 0 0 0 
 0.6000000000000001 0.6000000000000001 0.6000000000000001 0.6000000000000001 0.6000000000000001 0.6000000000000001 1.2000000000000002 1.2000000000000002 0.8 0.6000000000000001 0.6000000000000001 0.6000000000000001 0.6000000000000001 0.6000000000000001 0.6000000000000001 0.6000000000000001 1.2000000000000002 0.6000000000000001 1.6 0.8 18.8 11.4 27.200000000000003 53.400000000000006 66.60000000000001 27.6 6.2 65.4 80.60000000000001 0 38.6 11 9.4 56.2 33.2 21.6 25.400000000000002 39.400000000000006 56.6 24.400000000000002 0.4 0 0.6000000000000001 0 0.4 0.6000000000000001 42 0 0.4 0.6000000000000001 0.6000000000000001 0.4 0.4 0 0.8 0 0.6000000000000001 0 0.8 0.4 0 0.2 0.8 0 0 0 1 6.4 0 0 0 0.4 0.6000000000000001 0.4 0 0 0.8 0 0 0 0 0 0 0 0 3 0 0 0 0 0 0 0 0 0 0.4 0 0 0 0 2.6 3 1.4000000000000001 3.6 6 0 0 2.8000000000000003 5 6.800000000000001 7 0 2.4000000000000004 3.8000000000000003 0.2 3.6 0.2 5.4 0 4.6000000000000005 0 0 0 0 0 0 2.4000000000000004 0 0 0 0 0 0 0 1.2000000000000002 0 0 0 6.2 0 0.4 0 0 0 0 0 0.2 0 0 0 0 0 0 0 0 0 0 0 0 0 0 0 0.2 0 0 0 0 0 0 0 0 0.4 0 0 0 0 0.2 0 0 0 4.4 1.8 2.2 6 3.8000000000000003 0.8 3.8000000000000003 1.8 6.2 4.6000000000000005 0 3.8000000000000003 0.2 2.4000000000000004 0.4 0 5.4 1.6 0 0 0 0 0 0 0 0 0 0 0 0 0 0 2 2 0 0 0 0 0 0 0 0 0 0 0 0 0 0 0 0 3 0 0 0 0 0 0 0 0 0 0 0 0.6000000000000001 0 0 0 0 0 0 0 0 0 0 0 1.6 0.2 0.4 11.8 17.6 0 0.8 0.4 0 0 0 0 0 0 0 0 0 0 0 0 0 0 0 0 0 0 0 2.8000000000000003 0 0 0 0 2.8000000000000003 0 0 0 
 0 0 0 0 2 0 0 0 0 0 0 0 0 0 0 15.200000000000001 0 0.4 1 0 25.200000000000003 17.8 9.8 72.4 45.400000000000006 58.800000000000004 4.800000000000001 37.6 23.400000000000002 38.6 0 52.6 5.2 22.8 35.800000000000004 110.4 70.8 88.4 10 56.2 0.4 0.2 0.6000000000000001 0 1 0.6000000000000001 12.8 13.200000000000001 0.4 0.6000000000000001 1.2000000000000002 0.6000000000000001 0.6000000000000001 2 0.6000000000000001 1.4000000000000001 1.2000000000000002 0.8 1 12.4 0 0.8 0 0 0 1.4000000000000001 0 0 0 0 0 0.4 0.4 10.4 0 0 0.6000000000000001 0.2 0 0 0 0 0 0 0 0 0 0 0 0 0 0 0 0 0 0 0 0.2 0 0 0.2 0 1.6 9.8 1.4000000000000001 0.2 0 0.2 2.4000000000000004 5 2.6 3.4000000000000004 0.2 0.4 1.8 0 15 8.8 0 4.4 2.2 0 0.2 0 0 0 0 0 0 0 0 3.8000000000000003 6 0 0 0 0 0 4.6000000000000005 8 0 0 6.2 0 0 0 0 0 0 0 0 0 0 0 0 0 0 0 0 0 0 0 0 0 0 0 0 0 0 0 0 0 0.2 0 2.2 0 0 0 0 0 0 0.6000000000000001 2.4000000000000004 0 4 0.2 0 1 0 0 0 20.200000000000003 2.6 4.2 0 0 4.4 4.4 0 0 0 0 0.4 2.2 0 0 0 0 0 2 0 0 2.2 0 0 0 0 3.2 10.4 5.4 0 0 0 0 0 0 0 0 0 0 0 0 0 0 0 0 0 0.4 0 0 0 0 0 0 0 0 0 0 0 0 0 0 0 0 3 0 0.4 34.6 16.400000000000002 0 4 0 0 0 0 0 0 0 0 0 0 0 0 0 0 0 0 0 0 3.2 0 0 0 0 0 4.2 0 0 0 0 
 0 0 0 0 0 0 0 0 0 0.2 0 0.2 0.2 0 0.4 0 0 0 0.2 0 6.6000000000000005 23.400000000000002 34.6 35.6 54.6 11.8 6.800000000000001 61.800000000000004 9.200000000000001 11 52.6 0 6.800000000000001 54.2 81.4 8.8 33 28.200000000000003 9.600000000000001 9.8 1 5 0.6000000000000001 0 0.6000000000000001 0 0.2 12.4 12.600000000000001 0.6000000000000001 0.6000000000000001 0 0.4 11.4 11.600000000000001 0 0.6000000000000001 0 1 13 0 0 0 0 0 0.6000000000000001 0 0.4 0 0 0 0 9.4 0 0 0.6000000000000001 0.6000000000000001 0 0 0 0 0 0 0 0 0 0.2 0 0 0 0 0 0 0.2 0 0 0 0 0 0 7.4 0 4.800000000000001 5.800000000000001 5.800000000000001 6.4 0 10.200000000000001 6.4 6.4 2.6 3 4.800000000000001 2 0 2 3.2 0.4 0 2.6 3 0 1.6 0.2 0 0 0 0 0 0 0 0 0.4 0 3.4000000000000004 4.4 0 0 3.2 5 0 0 0.6000000000000001 0 2.2 0 0 0 0 0 0 0 0 0.6000000000000001 0 0 0 0 0 0 0 0 0 0 0 0 0 0 0 0 0.2 0 0 0 0 0 0.2 0 0 0 2.4000000000000004 2 4.2 0 0.2 0 0 0 0.4 1.6 0 2.8000000000000003 0 2.2 0 0 4.6000000000000005 2.6 0 0 4 1.6 0 0 0 2.6 6.6000000000000005 2.2 1.4000000000000001 2.2 1.4000000000000001 0 0 7.4 0 4.2 0 0 0 4.2 0 0 0 0 0 0 0 0 0 0 0 0 0 0 4 0 0 0 0 0 0 0 0 0 0 0 0 0 0 0 0 0 0 0 1.4000000000000001 0 0 1.2000000000000002 15.600000000000001 0 15.4 2.6 0 0 0 0 0 0 0 0 0 0 0 0 0 0 0 0 0 5.800000000000001 0 2.6 0 0 0 2.4000000000000004 0 0 0 0 
