 0 34.800000000000004 13.4 5.800000000000001 7.4 7 59 70.60000000000001 14 49.800000000000004 7.6000000000000005 5.4 54.400000000000006 83.80000000000001 23.400000000000002 21.8 5.800000000000001 9.4 54.800000000000004 41.2 1 0.2 0 0 0 0 0 0 0.2 0.2 0 0 0 0 0 0 0 0.4 0 3 0 0 0 0.4 0 0.2 0 0.4 0 0 0.4 0 0.8 0.6000000000000001 13 0 0.6000000000000001 0 0 0 0 0 1 0 0 0 0.4 0 0.6000000000000001 0 0 0 0 0 0.2 0 0 0.4 0 0.6000000000000001 5.2 5.2 5.800000000000001 6 0 0 0 7.6000000000000005 2.8000000000000003 0 3 0 17 2.2 2 4.800000000000001 2 2.8000000000000003 3.6 12 0 0 0 0 0 0 0 0 0 0 0.2 0 0 0 0 0 0 0 0 0 0 0 0 0 0 0 0 0 0 0 0 0 0 0 0 0 0 0 2.2 0.4 4 0 0 0 0 0 0 0 1 2.2 0 0 7.2 0 0 0 0 1.6 0 0 0 0.2 5 0 0 0 8.6 2.6 0 4.6000000000000005 2.6 1.4000000000000001 2.6 0 2.8000000000000003 0 3.2 9.4 1.8 0 0 0 0 0 0 0.2 0 0 0 0 0 0 0 0 0 2.2 0 0 2.6 0 0 0 0 0 0 0 0 0 0 0 0 0 0 0 0 0 0 0 0 0 0 0 0 0 0 0 0 0 0 0 0 0 0 0 0 0 0 0 0 0 0 0 0 0 0 0 0 0 0.4 0 0 0 0 0 0 0 0 0 0 0 0 0 0 0 0 0 0 0 0 0 0 0 0 0 0 0 0 0 0 0 0 0 0 0 0 0 0 0 0 0 
 34.800000000000004 0 67 99.80000000000001 6 8.8 41.6 45.400000000000006 26.8 29.6 9 16 29 45.800000000000004 51.6 39.2 10.600000000000001 100 15.200000000000001 24.8 0.6000000000000001 0 0 0.4 0 0 0 0.2 0 0 0 0 16.8 0 0 0 0 0.6000000000000001 14 0.8 0.8 0 0 0 0 0.4 0 0 0.4 0 0.8 0 0.4 0.6000000000000001 0 0 0 0 0 12.600000000000001 0 0.6000000000000001 0.6000000000000001 0 0 0 0 0 0.6000000000000001 0 1 0 0 0 0 0 0 0.4 0 0.6000000000000001 0 5.4 6.2 7.6000000000000005 3.6 0.6000000000000001 0.2 0 2.6 0.4 0 4.800000000000001 7.2 0 3.8000000000000003 10.200000000000001 2.2 0.2 0.6000000000000001 0 0 0 0 0.2 0 0 1 0 0 0 0 0 2.8000000000000003 0 0 0 0 0 2.6 0 0 0 0 0 0 0 0 0.4 0 0.2 0 0 0 0 0 0 0 0 0 0 0 0 0 0 0.2 0 0.2 0 2.6 0 0 0 0 3.6 0 0 0 0 0 3.4000000000000004 4.800000000000001 12.200000000000001 7.6000000000000005 0.2 1.2000000000000002 0 4.800000000000001 3.8000000000000003 1.4000000000000001 4.6000000000000005 2 2 0 5.2 4.800000000000001 2.4000000000000004 6.4 0 2 6.4 0 0 0 0 0 0 0 0 0 0 0 0 0 2.8000000000000003 0 0 0 0 3.6 0 0.2 0 0 0 0 0 0 0 0 0 0 0 0 0 0 0 0 0 0 0 0 0 0 0 0 3.2 0 0 0 0 0 0 0 0 0 0 0 0 0 0 0 0 0 0 0 0.4 0.4 0.4 0.2 0 0 1 2.4000000000000004 0 0 0 0 0 15.8 0 0 0 2.2 0 0 0 0.4 0 0 0 0 0 0 0.4 0 0 0 0 0 0 0 0 0 0 0 0 0 0 0 0 
 13.4 67 0 31.6 55.2 45.6 124.80000000000001 15 63.2 79 23 78.60000000000001 29.200000000000003 27.400000000000002 24.200000000000003 21.6 10.200000000000001 13.600000000000001 5.800000000000001 44 1 0 0 0 0 0 0 0 0.4 0 0 0 0 0 0 0 0 0.8 0 0.4 13.600000000000001 0 0.4 0 1 0 0 0 0.2 0.6000000000000001 0.8 0 0.8 0.6000000000000001 0 0.4 0.4 0 0 0 0.2 0.6000000000000001 0.6000000000000001 0.4 0.4 0.6000000000000001 0 0 0.8 0.2 0.8 0.4 0 0 0 0 0 1.2000000000000002 0 0.6000000000000001 0 3.2 8.4 8.6 8.200000000000001 0.6000000000000001 6.2 2.6 7.2 2.4000000000000004 0 12.600000000000001 2.8000000000000003 1.2000000000000002 0.8 7.4 8.6 0.4 1.6 0.2 0 2.8000000000000003 0 0 0 0 2.8000000000000003 2.6 0 0 0 0 6.6000000000000005 2 0 0.6000000000000001 0 0 5.6000000000000005 0.2 0 0 0 0 0 0 0 0 0.2 0 0.4 0 0 0 0.4 0 0 0 0 0.4 0 2.4000000000000004 0 0 0 0 0 0 0 0 0 0 0 0 0 0 0 0 0 0 4.4 5 4.2 2 0.2 0.4 2.6 13.200000000000001 1.6 10.8 0.2 3.2 0 2 4.2 2.2 1.8 1.8 0 0 0.2 0 0 0 0 0 3.2 2.6 0 0.6000000000000001 0 0 2.6 3 0 0 0 0 4.2 2.4000000000000004 0 0 0 0 0 2.6 0 0 0 0 0 0 0 0 0 0 0 0 0 0 0 0 0 0 0 0 0 0 0 0 0 0 0 0 0 0 0 0 0.2 0 0 0 0 0 0 0 18.6 0 0 0.6000000000000001 0.4 0.8 1.8 0 0 0 0 0 0 0 0 0 0 0 0 0 0 0 0 0 0 0 0 0 0 3.4000000000000004 3.8000000000000003 0 0 0 0 0 0 0 0 0 0 0 0 0 
 5.800000000000001 99.80000000000001 31.6 0 16.6 49.800000000000004 20 17.400000000000002 28.6 140.20000000000002 13.200000000000001 24.400000000000002 55.6 13.8 35.2 10.600000000000001 53 13.4 13.600000000000001 119.60000000000001 0.6000000000000001 0.2 5.2 0 0 0.4 0 13 0 0 0 3.4000000000000004 17 0 15 3.4000000000000004 0 5.6000000000000005 18 0.6000000000000001 0 0 0 0 0 0 0 0 0.4 0 0.4 0 0.4 0.6000000000000001 14.200000000000001 0 0 0 0 0 0 0.6000000000000001 0.6000000000000001 0 0 0 0 0 0.6000000000000001 0 0 0 0 0 0 0 0 0.4 0 0.6000000000000001 0 0 2.8000000000000003 5.4 0 0 2.6 3 2.8000000000000003 2.2 0 5.4 0 3.6 0 0 2.6 0 0 0 0 7 0 0 0 0 0.2 4.2 3 0 0 0 8.4 0.4 0 0 0 0 2.2 9.4 0 0 0.4 0 0 0 0 0 0 0 0 0 0 0 0 0 0 0 0 0 0 0 0 0 0 0 0 0 0 0 0 0 0 0 0 0.4 0 0 0 0 4 0 0 0 4.6000000000000005 2 0.2 0 0 3.6 0 0 0 2 0.4 0 0 0.2 0 0 2.2 0 3 0.2 0 0 4.6000000000000005 0.4 0 0 0 3 0.2 0 0 1.2000000000000002 0 0 0 5.800000000000001 1 0 0.8 0 0 0 0 0 0 0 0 0 0 0 0 0 0 0 0 0 0 0 0 0 0 0 0 0 0 0 0 0 4 0 0 0 0 3 0 3 0 0 0 0 0 0.2 0 0 17.6 0.2 0.4 2.6 0 0.2 0 0 0 0 6.4 0 0 0 0 0 0 0 0 0 0 0 0 0 0 0 0 0 2 0 0 0 0 0 0 0 0 0 0 0 0 0 
 7.4 6 55.2 16.6 0 41 94.60000000000001 38.6 28 17.6 102 73.2 18 11.600000000000001 37.4 22.6 28.200000000000003 52.6 30.8 19.200000000000003 1 0 0 0 0 0.4 0.2 0 0.8 0 0.2 10.8 0 0 0.6000000000000001 0 0.8 1.4000000000000001 0.4 10.200000000000001 0.2 1.2000000000000002 0.8 0 0.4 0 0 0 1.4000000000000001 0 0.4 1.2000000000000002 0.4 14.4 0 1.2000000000000002 0 0.8 0 0 2 1.2000000000000002 0.6000000000000001 0.8 1.2000000000000002 0 0 0 0.6000000000000001 0.4 0 7.6000000000000005 0 0.4 0 0 0 1.8 0 0.6000000000000001 2.6 1.6 2 1 3.4000000000000004 5 3.6 2.8000000000000003 3 5.800000000000001 3.8000000000000003 2.2 0 0.4 0 0 0 6 0 0 4.800000000000001 6.6000000000000005 2 0 0 0 3.8000000000000003 3 0.2 0 0 0 3.6 2 0 0 0 0 0 2.2 0 0.2 0.2 0 0 0 0 0 0 0 0 0 0 0 0 0 0 0 0 0 0 0 0 0 0 0 0 1 0.4 0 0 0 3.2 0 0 0.2 0 0 0 0 3.6 0 0 0 6.2 3.4000000000000004 0 0 0 6.4 3 2.4000000000000004 0.4 2.4000000000000004 0 0 0.2 3 0.2 1.8 3.8000000000000003 0 1.8 0 0 0 4 0 0 0 0 0 0 0 0 0 0 0 2 2 0 0 0 0 0 0 0 0 0 0 0 0 0 0 0 0 0 0 0 0 0 0 0 0 0 0 0 0 0 0 0 0 0 0 0 0 0 0 0 0.4 0 0 0 0 0 0 1 0 17.2 0.6000000000000001 0 1.6 0 0 0.4 0 0 0 0 0 0 0 0 0 0 0 0 0 0 0 0 0 0 0 0 9 0 1.8 0 0 0 0 0 0 0 0 0 0 0 0 
 7 8.8 45.6 49.800000000000004 41 0 6 20 25.6 12 37.6 7.4 6.2 9.4 53.400000000000006 57.800000000000004 43.2 9 7 16.6 1 16.400000000000002 0 0 0 0 0.2 4.2 0 0 0 0.2 0 15 30.400000000000002 0 15 0.6000000000000001 0 33.4 0 4.2 0 0 0 0 3 4.2 0.4 0 0.4 0 4.6000000000000005 0.6000000000000001 0 0 4.2 0 0 4.4 0 0.6000000000000001 0.4 0 0 0 0 0 0.6000000000000001 0 0 0 0 0 0 0 0 0.4 0 0.6000000000000001 0 3.2 3 4 4 4.2 2.4000000000000004 2 0 1.2000000000000002 0 6.2 0 3 0 0 3.4000000000000004 3.4000000000000004 0 9 1.4000000000000001 2.4000000000000004 0 0 0 0 0 2 3 0 0 0 4 4.4 2.8000000000000003 0 2.8000000000000003 0 0 3 0 0 0 0 2.8000000000000003 0 0 0 0.4 0 0 0 0 0 0.2 0 0 0 0 0 0 0 0 0 0 0 0 3.6 0 0 0 0 0.6000000000000001 0 0 0 0 0 0 0 0 0 0 0 7.2 2.8000000000000003 0.2 0.4 0 2.2 4 0 4.4 2.6 0.6000000000000001 0 0 7.800000000000001 0 0 2.8000000000000003 0 0 0 0 0 7.800000000000001 4.4 0 3.2 0 0 6.4 0.6000000000000001 0 0 0 0 0.2 1.8 0 0 0 0 0 0 0 0 0 0 0 0 0 0 0 0 0 0 0 0 0 0 0 0 0 0 0 3.4000000000000004 0 0 0 0 0 0 0 0 0 0 0 0 0 0 0 0 0 0.2 0.2 0 1 25.200000000000003 0 0.6000000000000001 0 0 0 0 0 0 0 0 0 0 0 0 0 0 0 0 0 0 0 0 0 0 0 0 2.6 2 0 0 0 5 0 0 0 0.4 0 0 0 0 
 59 41.6 124.80000000000001 20 94.60000000000001 6 0 21.6 14.600000000000001 52.2 61.2 6 43.6 52 77.80000000000001 22.400000000000002 5.6000000000000005 42.400000000000006 19.8 26 0.6000000000000001 0 0.4 0.2 0 0 0.4 0 0 0 0.4 0 0 0 0 0 5.6000000000000005 1 0 0.4 0.8 0 0 0 0 0.4 0 0.6000000000000001 0.2 0 0.4 0 0.4 0.6000000000000001 0 0 0 0 0 0 0 0 0.6000000000000001 0 0 0 0 0 0.6000000000000001 0 0.6000000000000001 0 0 0 0 0 0 0.4 0 0.6000000000000001 0 6.2 5.800000000000001 5 2.8000000000000003 0 3.2 0.2 3.8000000000000003 2.8000000000000003 0 0 10 0 4.6000000000000005 2.2 2.4000000000000004 3 3.8000000000000003 0.2 0 0 0 0 0 0 0 0 0 0 0 0 0 0 0 0 0 0 0 0 0 0 0 0 0 0 0 0 0 0 0 0 0 0 0 0 0 0 0 0 0 0 0 0 0 0 0 0 1 3.2 0 0.2 0 0 0 0 0 0 0 0 3 8.8 6 0 1.4000000000000001 0 5.6000000000000005 3 0 4.4 4.2 12.600000000000001 0 3.2 6 4.800000000000001 6.2 0 2 3.8000000000000003 0 0 0 0 0 0 0 0 0 0 0 0 0 0 0 0 3.2 0 5.4 4.4 0 0 0 0 0 0 0 0 0 0 1 0 0 0 0 0 0 0 0 0 0 0 0 0 0 0 0 0 0 0 0 0 0 0 0 0 0 0 0 0 0 0 0 0 0 0.4 2.2 0.4 0.4 18 0 2.2 0 0 0 0 0 0 0 0 0 0 0 0 0 0 0 0 0 0 0 0 0 0 0 0 0 0 0 0 0 0 0 0 0 0 0 0 0 0 
 70.60000000000001 45.400000000000006 15 17.400000000000002 38.6 20 21.6 0 35.2 106.4 8.6 25 21.200000000000003 39 26.200000000000003 14 6.6000000000000005 61.800000000000004 12.8 8.4 0.6000000000000001 0 0 0 0 0 0 0 0.4 0 0 0 15.8 0 0 0 0 0.4 12.4 15.200000000000001 0 0 0 0 0 0 0 0 0 0.2 0.4 0 0.4 0.6000000000000001 0 0 0 0 0 0 0 0 0.6000000000000001 0 0 0 0 0 0.6000000000000001 0 0.4 0 0 0 0 0 0 0.4 0 0.6000000000000001 3.6 2.8000000000000003 8 1.6 5 3.2 2.2 3.4000000000000004 0 0 2.2 3 5.6000000000000005 2.2 1.6 1.4000000000000001 0 0 2.4000000000000004 4.4 2 0 0 0 0 0 3.8000000000000003 0 1.8 0 0 0 2.2 0 0 1.4000000000000001 0 0 3 0 0 0 0 0 0 0 0 0.2 0 0 0 0 0 0 0 0 0 0 0 0 0 0 0 0 0 0 0 0.6000000000000001 0.2 0 0 0 0.6000000000000001 0 0 0 0 0 0 0 2.8000000000000003 0 3.8000000000000003 0 0.2 0.2 2.4000000000000004 4.4 6 3 3.4000000000000004 3.8000000000000003 3.4000000000000004 0 0 0 0 2 1.8 0 0 0 0 0 0 0 0 0 0 0 0 0 0 7.4 0 0.2 0 0 0 0 0 0 0 0 0 0 0 0 0 0 0 0 0 0 0 0 0 0 0 0 0 0 0 3.2 0 0 0 0 0 0 0 0 0 0 0 0 0 0 0 0 0 0 0 0 0 0 0 0.4 0 0 0.4 1.6 1.2000000000000002 0 0 0 0 0 0 0 0 0 0 0 0 0 0 0 0 0 0 0 0 0 0 0 0 0 0 0 0 0 0 0 0 0 0 0 0 0 
 14 26.8 63.2 28.6 28 25.6 14.600000000000001 35.2 0 84.4 49.2 8 18 12.200000000000001 33.4 15 20 31 11.4 11 0.6000000000000001 0 0.2 0 41 0 0 0 0 0 0 0 15.4 0 41 0 0 0.4 1 0.4 0 0 0 0 0 0 0 0 0.2 0 0.4 0 0.4 0.6000000000000001 0 0 0 0 0 0 0 0 0.6000000000000001 0 0 0 0 0 0.6000000000000001 0 0 0 0 0 0 0 0 0.8 0 0.6000000000000001 2 0 3.4000000000000004 2 0.2 6.2 3.8000000000000003 6 9.4 7 6.2 7 0 0.2 0 0 0.2 0 0 0 0 6.800000000000001 0 0 0 0 5 2.2 0 0 0 0 3 2.2 0 0 0 0 4 2.6 0 0 0 0 0 0 0 0 0 0 0 0 0 0 0 0 0 0 0 0 0 4 0 0 0 0 0 0 0 0 0 1.4000000000000001 0 0 0 0 0 0 0 0.6000000000000001 7.4 0 2.6 2.2 1.8 5.2 0 0.4 1.6 5.800000000000001 0 6 0 1.8 0 2.2 0 0 0 2.4000000000000004 2 0 0 0 0.8 0 2.8000000000000003 0 0 0 0 0 0 2.4000000000000004 0 0 0 0 1.8 2 0 0 0 0 0 0 0 0 0 0 0 0 0 3.2 0 0 0 0 0 0 0 0 0 0 0 0 0 0 0 0 0 0 0 0 0 0 0 0 0 0 0 0 0 0 0 0 19 0.2 36.4 0.2 0 2 0 0 0 0 0 0 0 0 0 0.2 0 0 0 0 0 0 0 0 0 0 0 0 0 7.2 0.6000000000000001 0 0 0 0 0 0 0 0 0 0 0 0 0.2 
 49.800000000000004 29.6 79 140.20000000000002 17.6 12 52.2 106.4 84.4 0 49.2 27 10.600000000000001 33.2 21.200000000000003 55.2 50.2 12 14.600000000000001 27 0.8 0.6000000000000001 0 0.4 0.2 0 0.2 0 0.2 0 0 0 0 0 15.4 0 0.2 0.4 12.600000000000001 0.4 0 0 0 0 0 0 0.2 0.8 0 0 0.4 0 0.4 0.6000000000000001 0 0 0 0.2 0 13.200000000000001 0 0.6000000000000001 0.6000000000000001 0 0 0 0 0 1.2000000000000002 0 1.4000000000000001 0 0 0 0 1 0 4.800000000000001 0 0.8 2.8000000000000003 0 4 6 2.6 2.2 8.4 0 3.8000000000000003 0 4.4 10.8 0 2.2 0.6000000000000001 3.2 4 0 0 2.8000000000000003 0 0.2 0 0 0 0 8.8 2.2 0 0 2.2 0 3.2 3.6 0 0 0 0 3.8000000000000003 1.8 0 0 0 0 0 0 0 0 0.4 0 0.2 0 0 0 0.2 0 0.2 0 0 0.2 0 0 0 0 0 0 0 0 0 0 0 1.2000000000000002 0 0 0 0 0 0 0 0.4 0 9.200000000000001 5.4 1.4000000000000001 0 0.8 0 3.6 2 3.8000000000000003 0 3.8000000000000003 1.4000000000000001 5.6000000000000005 0.6000000000000001 3.2 3 5.800000000000001 0 0 0 0 0 0 0 0 0 2.2 0 0 0 0 3.4000000000000004 4.6000000000000005 0 0 0 0 0.4 0 0 0 0 0 0 0 0 0 0 0 0 0 0 0 0 0 0 0 0 0.2 0 0 0 0 0 0 0 0 0 0 0 0 0 0 0 0 0 0 0 0 0 0 0 0 0 0.8 1.2000000000000002 0 0 18.8 4 2.4000000000000004 2.2 0 0 0 0 0.4 0 0 0 0 0 0 0 0.4 0 0 0 0.4 0 0 0 0 0 6 9.200000000000001 0 0 0 0 0 0 0 0 0 0 0 0 0 
 7.6000000000000005 9 23 13.200000000000001 102 37.6 61.2 8.6 49.2 49.2 0 36.800000000000004 6.2 55 75.8 67 47.800000000000004 32.4 11.4 17.6 31 14.4 0.4 0.2 0 0 15 0.6000000000000001 0.4 0.2 0 0 0.4 0 0 0 0 0.8 15.4 15.200000000000001 0 0 0.4 0 0 0.4 0 0.6000000000000001 0.2 6.6000000000000005 1 0 0.4 0.6000000000000001 0 0 0 0 0 0 0.6000000000000001 0.6000000000000001 0.6000000000000001 0 0 0 0 9 1.2000000000000002 0 0.2 0.4 7.2 0 0.2 0 0 0.4 0.2 0.6000000000000001 0 7 0 2.2 4.4 4.6000000000000005 4 0 5.4 6.6000000000000005 1.6 0 4 0 0.2 2.4000000000000004 0 2.2 0 0 7.6000000000000005 0 2.6 0.2 0 0 0 7.6000000000000005 2 0 0 0 0 6 0 0 2.6 0 1.6 3.2 0 0 0 0 0 0 0 0.4 0 0 0 0 0 0 0 0 0 0 0 0 0 0 0 0 0 0 0 2 0 0 0 0 0 0 0 0 0 0 0 0.4 0 1 0 5 9.4 0 0 0 0.2 0.4 3.6 1.2000000000000002 0 1.8 0 3.2 0 1.2000000000000002 0 5.2 0 3.4000000000000004 3.4000000000000004 0 0 0 0.2 1.8 0.2 2 0 0 2 1.8 0 0 0.2 0 2.6 0.2 0 0 0 0 0.4 0 0 0 0 0 0 0 0 0 0 0.2 0 0 0 0 0 0 0 0 0 0.2 0 0 0.2 0 0 0 0 0.4 0 0 0 0 0 0 0 0 0 0 0 0 0.2 0.4 0.6000000000000001 18.6 1.4000000000000001 1.4000000000000001 0 0 0 0 0 0 0 0 0 0 0 0 0 0 0.4 0 0 0 0 0 0 0.4 0 0 0.2 1.6 0 0 0 0 0 0 0 0 0 0 0 0 
 5.4 16 78.60000000000001 24.400000000000002 73.2 7.4 6 25 8 27 36.800000000000004 0 8.200000000000001 30.400000000000002 23.8 22.6 42.400000000000006 15.8 7.2 36 16 16 0 0.8 0.2 0 0 0.4 1.2000000000000002 0 0 0 12 0.2 12.200000000000001 0.2 0 0.4 26.8 0.4 0.8 0 0 0 0 0.4 0 10.8 0.2 0 0.4 0 0.4 0.6000000000000001 0 0 0 0 0 0 0 0.2 0.6000000000000001 0 0 0 0 0 0.6000000000000001 0 1 0 0.6000000000000001 0 0 0 0 0.4 0 0.6000000000000001 0 3.8000000000000003 0 4.2 5.2 0 0 0 3.2 5 5.2 4 0 0 0 0.8 1.2000000000000002 0.8 0 0.2 4.800000000000001 0.4 2.8000000000000003 0 0 0 0.2 4.6000000000000005 0 0 0 0 9.200000000000001 2.4000000000000004 3 0 4.2 2.6 4 1.8 0 0 0 0 0 0 0 0 0.4 0 0.2 0 0 0 3 0 0.2 1.8 0 0.2 0 0 0 0 0 2.8000000000000003 0 0 0.4 0 0 0 0 0 0 0 0 0 0 0 4.4 3.4000000000000004 3.4000000000000004 1 3 0.2 0 4.2 1.8 0.2 0 2.6 0.2 2 3.6 2.6 0 3.6 0 4.2 0 0.6000000000000001 1 0 0 0 0.2 0 0 2.2 0 0 0 0 0 2.2 0 0 6.2 4 0 0 0 0 0 0 0 0 0 0 0 0 0 0 0 0 0 0 0 0 0 0 0 0 0 0 0 0 0 0 0 0 0 0 0 0 0 0 0 0 0 0 0 0 0 0.4 0.6000000000000001 0 17 0 0 0 2.4000000000000004 0 0 0 0 0 0 0 0 0 0 0 0 0 0 0 0 0.4 0 0 0 0 0 0 0 0 0 0 0 0 0 0 0 0 0 0 0 0 
 54.400000000000006 29 29.200000000000003 55.6 18 6.2 43.6 21.200000000000003 18 10.600000000000001 6.2 8.200000000000001 0 14.200000000000001 26.200000000000003 22.8 67.8 23.8 108.60000000000001 26.6 0.6000000000000001 0 0 0 0 0 0 0.2 0.2 0 0.2 0 0 0 0 17.400000000000002 0 0.8 0.2 0.4 0.4 0 0 0 0 0.2 0.4 0 0.4 0 0.4 0 0.4 0.6000000000000001 0 0 0 0 0 0 0 0 0.6000000000000001 0 0 0 0 0 0.6000000000000001 0 0 0 0 0 0 0 1.6 0.4 0 0.6000000000000001 10 4.6000000000000005 6.4 1.4000000000000001 2 0 3.6 2.6 3.6 0 0.2 0 5.800000000000001 6.2 5.4 4.6000000000000005 2.6 0 5.6000000000000005 9 0 0 0 0 0 0 0.2 0.4 0 0 0 0 0 0 0 0 0 0 0 0 0 0 0 0 0 0 0 0 0 0 0 0 0 0 0 0.2 0 0 0 0 0 0 0 0 0 0 0 0 0 0 0 0 0 0 0 0 0 0.6000000000000001 0 0 0 3 6.2 0 0 0 0.2 6.4 0 2.2 3 1.8 14.200000000000001 0 2.2 0 0.2 0.4 0.2 0 0 0 0 0 0 1 4.800000000000001 2 0 0 0 0 0 0 0 0.6000000000000001 0 0 0 0 0 0 1.8 0 0 0 0 0 0 0 0 0 0 0 0 0 0 0 0 0 0 0 0 0 0 0 0 0 0 0 0 0 0 0 0 0 0 0 0.2 0 0 0 0 0 0 0.4 0 0 0.4 18 0 0.6000000000000001 0 0 0 0 0 0 0 0 0 0 0 0 0 0 0 0 0 0 0 0 0 0 0 0 0 0 0 0 0 0 0 0 0 0 0 0 0 0 
 83.80000000000001 45.800000000000004 27.400000000000002 13.8 11.600000000000001 9.4 52 39 12.200000000000001 33.2 55 30.400000000000002 14.200000000000001 0 28.8 30.200000000000003 24 24.6 42.6 21.8 0.6000000000000001 0 0 0 0 0 0.4 0 0.4 0 0 0 0 0 0 0 0 0.4 0 0.4 0 0 0 0 0 0.4 0 0 0.2 0 0.4 0 0.4 0.6000000000000001 0 0 0 0 0 0 11.4 0.6000000000000001 0.6000000000000001 0 0 0 0 0 0.6000000000000001 0 1 0.4 0 0 0 0 0 9.200000000000001 0 0.6000000000000001 6.800000000000001 6.6000000000000005 0 6.800000000000001 3.4000000000000004 0 0 6 2 4.6000000000000005 1.8 3.4000000000000004 10 2.2 8.4 1.2000000000000002 4.4 2 2.2 14.8 0 0 0 0 3 0 0.2 0 0 0 0 0 3.8000000000000003 0 0 0 0 0 2 0 0 0 0 0 0 0.6000000000000001 0 0 0.2 0 0 8.6 0 0 0.2 0 0.4 0 0 0 0 0 0 0 0 0 0 0 0.2 0 0 0.2 0 0 0 0 0 0 0 0 4.4 3 0 1.4000000000000001 4 0.8 2.2 3.2 7.2 1 2.6 2.8000000000000003 3.2 2.4000000000000004 4.6000000000000005 3.6 0.2 0 2 6 0 2.4000000000000004 0 0 0 0 0 0 0 0 0 0 0 0 0 0 0 0 0.2 0 0 0 0 0 0 0 0 0 0 0 0 0 0 0 0 0 0 0 1 0.4 0 0 0 0 0 0 0 0 0 0 0 0 0 0 0 0 0 0 0 0 0 0 0 0 0 0 0 0.4 0.2 0 0 2.4000000000000004 1 0 0 0 0 0 0 0 0 0 0 0 0 0 0 0 0 0.2 0 0 0 0 0 0 0 0 0 0 0 0 0 0 0 0 0 0 0 0 
 23.400000000000002 51.6 24.200000000000003 35.2 37.4 53.400000000000006 77.80000000000001 26.200000000000003 33.4 21.200000000000003 75.8 23.8 26.200000000000003 28.8 0 36 26 35.800000000000004 49.2 39.800000000000004 0.6000000000000001 0 0.2 0.4 0 0.2 0 0 0.6000000000000001 0 17.2 0 0.2 0.6000000000000001 0 0 0.2 1 0 0.4 0.8 0 0.4 0 0 0.2 0 0 0 4.2 0.4 0 0.8 0.4 12.200000000000001 0.6000000000000001 0.4 0.6000000000000001 0 0.2 0 1.6 0.6000000000000001 3.2 0 0 0 0 0.6000000000000001 0.2 1 0.6000000000000001 1 0 0.4 0 0 0.4 0 1 2.6 5 5 4.800000000000001 0.4 0 3.2 4 8.6 2.8000000000000003 0 2.8000000000000003 8.8 0 0 2.6 3.8000000000000003 2.8000000000000003 2.6 2 0 0 0 0 0 0 0 0 0 0 0 0 0.4 0 0 0.4 0 0 0 2.8000000000000003 0 0 0 0 0 0 0 2.6 0 0 0 0 0 0 0 0 0 0 0 0 0 0 0 0 0.2 0 0 0 1 0 0 0 1.2000000000000002 0 0 0 0 0 0 0 8.200000000000001 8.4 7.2 2.8000000000000003 3.6 2.4000000000000004 1.6 0.4 0 4.6000000000000005 2.8000000000000003 10 0 4 1 10.200000000000001 0 2.8000000000000003 0 0 1.6 0 0 0 0 0 0.2 0 0 0 0 0 0 0 0 0 0 0 3.8000000000000003 0.2 0 0 0 0 0 0 0 0 0 0 0 0 0 0 0 0 0 0 0 0 0 0 0.2 0 2.4000000000000004 4.6000000000000005 0 0.6000000000000001 0.2 0 0 0 0 0 0 0 0 0 0 0 0 0 0 0 0 0.4 0.6000000000000001 0 0.4 2 0 0.6000000000000001 0 0 0 0 0 0 0 0 0 0 0 0 0 0 3.2 0 0 0 0 0 0 0 0 0 0 0 0 0 0 0 0 0 0 0 0 0 0 0 
 21.8 39.2 21.6 10.600000000000001 22.6 57.800000000000004 22.400000000000002 14 15 55.2 67 22.6 22.8 30.200000000000003 36 0 25.400000000000002 10.8 51.2 19.400000000000002 15.200000000000001 0 0 0 0 0 14.8 0 0.4 0.2 14.600000000000001 0.2 0.2 14.600000000000001 0 0 0 0.4 14.4 0.4 0 0 0 0 0 0 0 1.2000000000000002 0 0 0.4 0 0.4 0.6000000000000001 0 0 0 0 0 0.4 0 0 0.6000000000000001 0 0 0 0 0 1 0 0 0 0 0 0 0 0 8.6 0 0.6000000000000001 2.4000000000000004 4.2 7 0 0 2 5.2 0 5.800000000000001 4 1.8 4.2 0 0 7 5.6000000000000005 0 0 3.6 0 0 2.6 0 0 0 0 2.8000000000000003 2.4000000000000004 0 0 0 0 0 6 0 0 0 0 0.2 5 0 0 0 0 0 0 0 0 0 0 0 0 0 0 0 0 0.4 0 0.4 0 0.4 0 0 0 0 0 0 0 0.2 0 0 0.4 0.2 0.4 0 0 0 0 0 0 0 3.2 3.2 1.8 2.8000000000000003 1.8 5.800000000000001 0 1.8 6.4 1.8 2 3 1 0 0 6 0 1.8 2 0 2 0 0 0 0 0 0 0 0 0 0 0 0 0 0 0 0 5 0 0 0 0 0.2 0 0 0 0.4 0 0 0 0 0 0 0 0 0 0 0 0 0 0 0 0 0.8 0 0 4.800000000000001 0 0 0 0 0 0 0 0 0 0 0 0 0 0 0 0 0 0 17.2 0 0.6000000000000001 0.2 0 0 0 0 0 0 0 0 0 0 0 0 0 0 0 0 0 0 0 0 0 0 0 0 0 5.4 0 0 0 0 0 0 0 0 0 0 0 0 0 0 
 5.800000000000001 10.600000000000001 10.200000000000001 53 28.200000000000003 43.2 5.6000000000000005 6.6000000000000005 20 50.2 47.800000000000004 42.400000000000006 67.8 24 26 25.400000000000002 0 38.6 72 25 16 0 0 1 0 0 14.8 0 0.2 0 0.2 0 0.2 0 4.4 0 0.4 0.4 14.600000000000001 23 0 0 0 0 0 0 12.600000000000001 0.8 0.2 0 0.4 0 0.4 0.6000000000000001 0 0 0 0 0 0 0 0.6000000000000001 0.6000000000000001 0 0 0 0 5.4 0.6000000000000001 0 0 0 0 0 0 0 0 2 0 0.6000000000000001 0.6000000000000001 3.6 2 4.4 3.8000000000000003 8.6 0 0 2.6 3 2 2.8000000000000003 0 0 1.8 5.800000000000001 1.6 4.800000000000001 0 4.6000000000000005 2.2 3.6 0 0 0.2 0 3.8000000000000003 11 3 0 0 0 0.2 5 0 0 0 0 0 7.800000000000001 0 0.4 0 0 0 0 0 0 0 0 0 0 0 0 0 0 0 0 0 0 0 0 0 0 0 0 0 1 0 0 0 0 0.8 0 0 0 0 0 0 0 2.6 1.8 0 2.8000000000000003 7 2.2 0 0 0.4 4.800000000000001 3.6 2.4000000000000004 0.8 0.4 3.6 2 0 0 0.2 0 0 2 2.2 0 0.2 0 0 0 0 0 0 0 0 0 0 0.6000000000000001 0 0 2.2 0.2 0 0 0 0 0 0 0 0 0 0 0 0 0 0 0 0 0.2 0 0 0 0 0 0 0 0 0 0 0 0 0 0 0 0 0 0 0 0 0 0 0 0 0 0 0 0 0 0.2 0.4 17.2 8 0 2.4000000000000004 0 0 0 0 0 0 0 0 0.4 0 0 0 0 0 0 0 6.2 0 0 0 0 0 0 4.800000000000001 0 1.2000000000000002 0 0 0 0 0 0 0 0 0 0 0 0 
 9.4 100 13.600000000000001 13.4 52.6 9 42.400000000000006 61.800000000000004 31 12 32.4 15.8 23.8 24.6 35.800000000000004 10.8 38.6 0 46.6 24.8 0.6000000000000001 0 0 0 0 1.2000000000000002 0.8 0 0 0 0 0 7.4 16 0 0 0.6000000000000001 15.8 15.4 1 1.2000000000000002 0 0.6000000000000001 0.4 0 0 0 0.4 0.4 0.6000000000000001 1.4000000000000001 0.4 0.8 1.2000000000000002 0 0 0.6000000000000001 0 0.8 0 0 0 1 0 0 0 11.4 0 0.6000000000000001 0 0 0.2 0 0 0.8 0.4 0 0.4 10.200000000000001 1 0 2.6 5.6000000000000005 7.4 2.4000000000000004 2 2 0 2.8000000000000003 2 0 0 7.2 0 3.8000000000000003 3 2.2 1.6 1.6 0.2 0 0 0.2 0 0 0 1.4000000000000001 0 3.4000000000000004 0 0 0 0 0 0 0 2 0 0 0 0 0 0 0 0 0 0 0 0 0 0 0 0 0 0 0 0 0 0 0 0 0 0 0 0 0 0 0 3.4000000000000004 0 0 2.8000000000000003 1 0 0 0 0 0 0 0 3.4000000000000004 3.8000000000000003 5.6000000000000005 2.8000000000000003 1 0.2 7.800000000000001 3 0 5.2 6.800000000000001 3.2 0 0 18.400000000000002 2.4000000000000004 5.2 8.6 5 0 2.8000000000000003 0 0 0 0 0 0 0 0 0 0 0 0 3.2 0 0 0 0 4.800000000000001 0 0 0 0 0 0 0 2 0 0 0 0 0 0 0 0 0 0 0 0 0 0 0 0 1.8 0 0 0 0 0 0 0 0 0 0 0 0 0 0 0 3 0 0.2 0 0 0 0.6000000000000001 0.2 0.6000000000000001 0.4 8.8 0 1 0 0 0 0 0 0 0 0 0 0 0 0 0 0 0 0 0 0 10.4 0 0 0 0 0 0 0 0 0 0 0 0 0 0 0 0 0 0 0 
 54.800000000000004 15.200000000000001 5.800000000000001 13.600000000000001 30.8 7 19.8 12.8 11.4 14.600000000000001 11.4 7.2 108.60000000000001 42.6 49.2 51.2 72 46.6 0 37 0.6000000000000001 0 0.4 0.2 0 0 0 0.6000000000000001 0.2 0 0.2 0 0.4 0 0 0 0 15.600000000000001 0 1 0 0.2 0 0 0 0.2 0.4 0 0 0 1.8 12.8 0.4 2 0 0 0 0 0.2 0.4 0 0.6000000000000001 0.6000000000000001 0.4 0 0 6.2 0 0.6000000000000001 0 0 0 0 0 0 0 0 0.4 0 1 7 0 0 0 0 0 5 2 0.4 0 0 0 3.6 4 1.2000000000000002 0 0 4.2 3.6 1 0 0.2 0 0 0 0 0 0 0 0 0 0 2.2 0 0 0 0 0 0 0 0 0.2 0 0 0 0 0.4 0 0 0 0 0 0.4 0 0 0 0 0 0 0 0 0.4 0 0 0 0 0 0 0 0 2.6 0 0 0 0 0 0 0 0 0 0 0.2 4 0 0 0.2 4.2 0 4.6000000000000005 0.2 2.2 0 6.6000000000000005 0 4.4 0 3 1.8 7.6000000000000005 0 0 0 0 0 0 0 0 0 0.4 0 0 0 0 0 0 0 0 0 0 0 0 0 0 0 0 0 0 0 0 0 0 0 0 0 0 0 0.2 0 0 0 0 0 0 0 0 0 0 0 0 0 0.4 0 0.4 0 0.6000000000000001 0 0 0 0 0 0 0 0 0 0 0.4 0 0 0.2 0 0 2.2 0 0 0 0 0 0 0 0 0 0 0 0 0 0 0 0 0 0 0 0 0 0 0 0 0 0 0 0 0 0 0 0 0 0 0 0 0 0 
 41.2 24.8 44 119.60000000000001 19.200000000000003 16.6 26 8.4 11 27 17.6 36 26.6 21.8 39.800000000000004 19.400000000000002 25 24.8 37 0 0.6000000000000001 0 0 0 0 0 0 0.4 0.2 0 0.2 0 0.2 0 0 0 0.2 0.4 0 0.4 0.4 0.4 0 9.200000000000001 0.4 0.2 13 0.6000000000000001 0.4 0.6000000000000001 1 0 1.4000000000000001 1.4000000000000001 0.6000000000000001 0 0 0 0 0 0.6000000000000001 0.6000000000000001 0.4 0 0 0 0.4 0.4 0.6000000000000001 0.6000000000000001 0 1.6 0 0.2 0 0 0 0.4 0.6000000000000001 0.6000000000000001 2.6 2.2 4 4.2 2 0 2 12 1.6 0 0.2 4.4 3.6 7.800000000000001 4.6000000000000005 0.2 5 2.6 4.2 9.8 0.2 0.4 0 0 0 0 0.2 0 0 0 0 0 0 0 0 0 0 0 0 0 0 0.2 0 0.2 0 0 0 0 0.2 0 0 0 0 0 0 0 0 0 0 0 0 0 0 0 0 0 0 0 0 0 0 0 0 0 0 0 0 0 0 0 0 4.2 4.4 0 0 0.4 2.8000000000000003 6.800000000000001 0.4 2.6 3 2.2 8.4 0 4.6000000000000005 0 3.6 2 6.6000000000000005 0 0 0 0 0 0 0 0 0 0.2 0 0 0 0 0 0 0 0 0 0 0 0 7.800000000000001 0 0 0 0 0 0 0 0 0 0 0.2 0 0 0 0.4 0 0 0 0 0 0 0 0 0 0 0 0.6000000000000001 0 0.2 0 0 0 2.6 0 0 0.4 0 0 0 0 0 0 0 11 0.2 0 0.4 17.6 0 1.2000000000000002 0 0 0 0 0 0 0 0 0 0 0 0 0 0 0 0 0 0 0 0 0 0 0 0 1.4000000000000001 0 0 0 0 0 0 0 0 0 0 0 0 0 
 1 0.6000000000000001 1 0.6000000000000001 1 1 0.6000000000000001 0.6000000000000001 0.6000000000000001 0.8 31 16 0.6000000000000001 0.6000000000000001 0.6000000000000001 15.200000000000001 16 0.6000000000000001 0.6000000000000001 0.6000000000000001 0 36.800000000000004 13.600000000000001 11 11 19.8 56.6 73.4 8.200000000000001 6.6000000000000005 22.200000000000003 52.400000000000006 67.8 12.600000000000001 8.6 7 25.200000000000003 67.2 53.800000000000004 10.600000000000001 0 0.6000000000000001 0 0.2 0.4 0.2 0 0.6000000000000001 0 0.4 1.2000000000000002 0.4 0.4 0 0.8 0 0 0 13 0 0 0 0 0 0.2 0 0 0.4 0 0.6000000000000001 0 0.4 0 0.6000000000000001 0.4 0 0.4 1.2000000000000002 0 0 0 0 0.2 0 0.2 2 0 0 0 2 1.8 1.6 0 0 0 0.2 0 0 0 0 0.2 0.2 0.6000000000000001 1.8 0 0.4 6 1.2000000000000002 2.2 0 2.2 0 0 3.8000000000000003 0.4 7 1.6 0 2.4000000000000004 2.2 0 0 0 0 0 0 0 0 0 0 0 0 0 0 0 0 0 0 0 0 0 0 0 0 0 0.4 0 0 0 0.6000000000000001 0 0 0 0 0 0 0 0 1.2000000000000002 0 0 0 0 3.2 3.2 0.2 0 0.2 0 1.4000000000000001 0 0.2 0 0 0 0 0.4 0 0 0 0 10.4 5.4 6.6000000000000005 0.4 0 6.800000000000001 4.4 5.6000000000000005 2.2 2 2 0.2 4.800000000000001 0 0 0 3.6 5.6000000000000005 0.2 0 0 0 0 0 0 0 0 0 0 0 0 1.8 0 0 0 0 0 0 0 0 0 0 0 0 0 0 0 0 0 0 0 0 0 0 0 0 0 0 0 0 0 0 0 0 0 0 0 0 0 3.2 0 0 0 1.6 0.4 0.2 0.2 0 0.2 0.4 2.2 0 0 0 0 0 0 0 0 0 0 0 0 0 0 3.4000000000000004 0 0 2.8000000000000003 0 0.2 0 0 0 0 0 0 0 0 
 0.2 0 0 0.2 0 16.400000000000002 0 0 0 0.6000000000000001 14.4 16 0 0 0 0 0 0 0 0 36.800000000000004 0 110.2 41.6 106.60000000000001 83.60000000000001 19 70 42 22.8 36.6 10.4 13 21.8 9.8 22.200000000000003 81.80000000000001 14 9.8 10.8 0 0.6000000000000001 0 0 0.4 0 0 0.4 0 0.4 0.6000000000000001 0.4 0.4 0 1 0 0 0 2.4000000000000004 0.4 0 0 0 0.4 0 0 0 0.6000000000000001 0 0.6000000000000001 0 0 0 0.6000000000000001 0.4 0 0.4 0.4 0 0 0 0 0 0 0 0 0 0 0 0 1.4000000000000001 0 0 0 2.2 0 0 0 0 0 2.8000000000000003 0 0.2 2.2 8.8 2.8000000000000003 0 1.6 3.4000000000000004 0 5.800000000000001 5.2 1.8 0 2.2 2.8000000000000003 6 5 5.6000000000000005 0 0 0 0 0.4 0 0 0 0 0 0 0 0 7.2 0 0 0 0 0 3 3 0 0.4 0 0 0 0 0 0 0 0 0 0 0 2.8000000000000003 1 0.2 0 0 0 0 0 0 0 0 0 0 0 0 0 1 0 0.2 0 0 0 0 0.4 0 0 0 0.2 4.4 1.2000000000000002 0 0.8 3.4000000000000004 6.2 4 8.200000000000001 7 4.6000000000000005 1.8 2.8000000000000003 0 0 0 4.800000000000001 2.4000000000000004 2.4000000000000004 4 0.2 0.2 2.2 0 0 0 4 0 3.6 0 0 0 0 0 0 0 0 0 1.4000000000000001 1.4000000000000001 0 0 0 0 0 0 0 0 0 0 0 0 0 0 0 0 0 0 0 0 0 0 0 0 0 0 0 0 0 0 0 0 0 0 4.4 0 0.4 16.8 0 0.4 0 0 0 0 0 0 0 0 0 0 0 0 0 0 0 0 0 2.6 0 0 0 6.4 0 0 0 2.4000000000000004 0 0 0 0 
 0 0 0 5.2 0 0 0.4 0 0.2 0 0.4 0 0 0 0.2 0 0 0 0.4 0 13.600000000000001 110.2 0 112 25.6 38.400000000000006 71.4 38.800000000000004 24.6 41.800000000000004 50.800000000000004 46.400000000000006 10.600000000000001 9.600000000000001 10.600000000000001 27 29.6 54.6 7.2 13.600000000000001 13 2.4000000000000004 0.4 0 0.6000000000000001 0 4.4 0.4 0 0.4 0.6000000000000001 0.4 13 12.600000000000001 1 0 0.6000000000000001 0 12.600000000000001 0 0 0 0 0.4 0 0 0 0.6000000000000001 0 0.6000000000000001 0 0 0 0.6000000000000001 0.4 0 0.4 0.6000000000000001 0 0 0 0.4 0 0 0 0 0 0 0 0 0 0.4 0.2 0 0 0 0 0 0 0 0 0 6.4 0.2 5.4 0.2 0 0 0 4.4 3.2 7.6000000000000005 0 0 0 0 5.4 4.6000000000000005 0 0 0.4 0 0.2 0 0 0 0.2 0 0.2 1.8 2.2 0 0.4 2.6 0.2 0 0 0 3.8000000000000003 7.6000000000000005 0 0 0 0 0 0.2 0 0 0 0 0 0 0 1.4000000000000001 1.2000000000000002 0 0 0 0 0 0 0 0 0 0 0 0 0.4 0.2 0 0.2 0 0 0 0 0 0 0 0.4 0 2 3 5.800000000000001 7.2 9.4 5.2 0 0.2 4.6000000000000005 12.600000000000001 4.6000000000000005 2.6 0 0 1.8 0 5.800000000000001 1.4000000000000001 0 0 0 0.2 1.4000000000000001 0 0 0 1.2000000000000002 0 0.2 0 0 0 0 3.6 0.2 0.2 0 0 2 2 0 0 0 1.4000000000000001 0 0 0 0 0 0 0 0 0 0 0 0 0 0 0 0 0 0 2 0 0 0 0 0 0 0 0 0 0 0 0.4 0 0.4 15.4 15.4 0 1 0 0 0 0 0 0 0 0 0 0 0 0 0 0 0 0 0 0 0 0 0 0 0 0 2 0 0 0 0 
 0 0.4 0 0 0 0 0.2 0 0 0.4 0.2 0.8 0 0 0.4 0 1 0 0.2 0 11 41.6 112 0 53.400000000000006 38.2 25.400000000000002 36.6 76 31.200000000000003 24.8 115.80000000000001 31.400000000000002 29 10.600000000000001 9.200000000000001 27.400000000000002 17 35.6 28.6 0.6000000000000001 0.6000000000000001 0 0.4 0.8 0.2 13.8 0.4 0.6000000000000001 0.4 0.6000000000000001 0.4 0.4 0 1 0.4 0 0.6000000000000001 0 0.2 0 0.4 0.6000000000000001 0.2 0 0 0 0.4 0 5.4 9.4 0 0 0.6000000000000001 0.4 0 0.4 0.4 0 0 0 0 0 0 0 0 2.6 0 2.2 0 0 0 0 0 0 0 0 0 0 0 3.6 0 2.8000000000000003 2.6 4 0.4 0 0.4 0.4 3.2 2.6 4.800000000000001 0 0.6000000000000001 6 0.2 0.8 0 0 0 6.800000000000001 1.8 0 0.2 0 0 2 2.2 0 2.6 3 0 6.6000000000000005 5 0.4 0 0 0 0 2 0 0.6000000000000001 0 0 0 0 0 0 0 0 0 0 0 0 0.2 0.2 0 0 0.2 0 0 0 0 0 0 0 0 0 0 0 0 0 0 0 0 0 0 0 0.8 0 5.800000000000001 8 0.6000000000000001 2 3 3.4000000000000004 0 0 5.6000000000000005 5.800000000000001 3 11.4 7.800000000000001 1.6 3.2 3.6 1.4000000000000001 3.8000000000000003 0 0 2.6 0 0 0 0 0 10.8 0 0 0 0 2 3 0 0 0 0 0 2.6 3.6 0 0 0 0 0 0 0 0 0 0 0 0 0 0 0 0 0.2 0 0 0 0 0 0 0 0 0 0 0 0 0 0 0 0 0 3 0 0.6000000000000001 1.6 0.4 0 0.4 0 0 0 0 0 3.8000000000000003 0 0 0 0 0.2 0 0 0 0 0 0 0 0.4 0 6.4 0 0 0 5 4.4 0 0 0 
 0 0 0 0 0 0 0 0 41 0.2 0 0.2 0 0 0 0 0 0 0 0 11 106.60000000000001 25.6 53.400000000000006 0 27.8 10.4 19.400000000000002 32.6 20.6 30.400000000000002 21.400000000000002 14.4 12.4 60 28.400000000000002 20 34.2 55 14 0 0.6000000000000001 0 0.4 0.4 4 0 0.4 0 0.4 0.6000000000000001 1.8 12.8 0 0.8 0 0.6000000000000001 0 0 0 0 0 0 0.8 0 0 0 0.4 0 0.6000000000000001 0 0 0 0.6000000000000001 0.4 8 0.4 0.4 0 0 0.4 0 0 0 0 0 0 0 0.2 0.4 0 0 0 0 0 0 0 0 0 0 0 0 0.2 1.8 4 2 0 0 0 2.8000000000000003 2.6 4.4 0 0 0 0 5.4 1.2000000000000002 0 0 2.2 0 5.2 1.2000000000000002 0 0 0 2.8000000000000003 6.4 2 1.8 0 3 4.4 2.4000000000000004 0 2.2 0 2 1.8 0 0 0 0 0 2.4000000000000004 0 0 0 0 0 0 0 0.6000000000000001 6.2 0.2 0.8 0 0 0 0 0 0 0 0 0 0 0 0.6000000000000001 0 0.4 0 0 0 0 0 0 0 0 0 0 2 0 5.800000000000001 2 3.6 0 0 3.6 3.4000000000000004 2.4000000000000004 1.8 0 0 2 5.800000000000001 2.8000000000000003 3.4000000000000004 0 0.2 0.2 5.800000000000001 1 0 0 0 7.800000000000001 3 0 0 0 3.8000000000000003 2.8000000000000003 3 5 0 2.2 0 0 4.4 0 0 0.4 0 0.4 0 0 0 0 0 0 0 0 0 0 0 0 0 0 0 0 0 0 0 0 0 0 0 0 0 0 0 0 0 3.4000000000000004 0 0 0 14.8 0.4 0 0 0 0 0 0 0 0 0 0 0 0 0 0 0 0 0 0 0 0 0 0 0 0 0.2 2 0 0 0 0 
 0 0 0 0.4 0.4 0 0 0 0 0 0 0 0 0 0.2 0 0 1.2000000000000002 0 0 19.8 83.60000000000001 38.400000000000006 38.2 27.8 0 6.800000000000001 8.200000000000001 32.4 90.2 26.200000000000003 15.600000000000001 45.6 8.8 7.4 31.6 35.6 10.600000000000001 8.200000000000001 51.800000000000004 10.600000000000001 0 0.4 0.8 0.2 0 12.8 0 0 0 0 0.6000000000000001 12.600000000000001 5.4 0.4 0 0 0 15.8 0 0 0 0.2 0 0.6000000000000001 0 0 0 0.6000000000000001 0 0 0 0 0 8.4 0 0 0 0 0.2 0 0 0 0 0 0 0 0 0 0 0 0 0 0 0 0 0 1.8 0 0 0 0 0 2 12 5.4 0 2.2 0 0 3.2 9.200000000000001 0 0 0 4.2 4.6000000000000005 9.4 0 0 0 0.4 2 0.2 0 0 3.2 1.8 0 1.6 0 0 3.2 3 0 0 0 0 4.2 5.800000000000001 0 0 0 0 0 0.2 0.4 0 0 0 0 0 0.2 1.4000000000000001 1.8 0 0 0 0 0 0 0 3.2 3.6 0 0.4 0 0 0 0 0 0 0 0 0 0 0 0 0 0 0 1.8 0.2 0 3 3.6 0 3.6 12 2 4.4 8.6 0 0 0 5.800000000000001 4 3.8000000000000003 0 0 0.8 0.2 1.6 0 0 0 2.8000000000000003 2.8000000000000003 2 0 0.2 0 1.6 0.2 0.2 2 0 3.2 7.800000000000001 4.4 0.2 0 0 0 0 0 0 0 0 0 0 0.2 0 0 0 0 0 0 0 0 0 0 0 0 0 0 0 0 0 0 0 0 0 0 2 0 0.6000000000000001 16.6 1.2000000000000002 0 2.4000000000000004 0.2 0 0 0 0 0 0 0 0 0 0 0 0 0 0 0 0 0 0 0 0 0 0.4 0 2.6 0 0 0 0 
 0 0 0 0 0.2 0.2 0.4 0 0 0.2 15 0 0 0.4 0 14.8 14.8 0.8 0 0 56.6 19 71.4 25.400000000000002 10.4 6.800000000000001 0 45.400000000000006 30 5.6000000000000005 8.4 5.4 54 109 31.400000000000002 55.800000000000004 7 4.800000000000001 14 27.8 0 0.6000000000000001 0 0 0.4 0.2 0 1 0 0.4 0.8 0.4 0.8 0 1 12.4 0 0 0 4.2 0 0 0 0.2 0 0 0 0.4 0 0.6000000000000001 0 0 0 0.6000000000000001 0.4 0 0.4 0.4 0 0 0 0 0 0 0 0 0 0 0.2 2 0 1.6 0 0 0 0 0 0.4 0 0 2.6 2 2.4000000000000004 5.800000000000001 4.6000000000000005 4.4 6 0 2 0 0 2.8000000000000003 2 4 8.4 3.4000000000000004 0 2.4000000000000004 0 4.2 0 0 0 2.2 0 0 0 0 0 0 0 0 0 0 0 0 0 0 0 0 0.4 0 0 0 0 0 0 0 0 2 0 0 0 0 0 0 0 0 0 0 0 0 0 0 3.6 2.4000000000000004 0 0 0 0 0 1.8 0 0 0 0 0 0 0 0.2 0 3.4000000000000004 5.2 0.8 3.6 0 3.8000000000000003 4.4 0 0 2.4000000000000004 0.8 2.4000000000000004 7 2.8000000000000003 0 2.4000000000000004 2.4000000000000004 0.2 0 0 0 0 0 0 0 0 0 0 0 0 0 1 0 0 0 0 0 0 0 0 0 0 0 0 0 0 0 0 0 1.4000000000000001 0 0 0 0 0 0 0 0 0 0 0 0 0 0 0 0 0 0 0 0 0 0 0 3.2 0 0 0.6000000000000001 0 0.4 4.800000000000001 0.4 0 0 0 0 0 0 0 0 0 0 0 0 0 0 0 0 0 0 0 0 0 0 0 0 0 0 0 0 
 0 0.2 0 13 0 4.2 0 0 0 0 0.6000000000000001 0.4 0.2 0 0 0 0 0 0.6000000000000001 0.4 73.4 70 38.800000000000004 36.6 19.400000000000002 8.200000000000001 45.400000000000006 0 40.400000000000006 11.4 12.8 7 19.8 34 70.60000000000001 4.4 26.8 9.200000000000001 25.6 68.60000000000001 0 0.6000000000000001 0 0 0.6000000000000001 0.6000000000000001 0 0.4 0 0.4 0.6000000000000001 0.4 3.4000000000000004 0 0.6000000000000001 0 0 0 0 0 0 10.200000000000001 0 11.600000000000001 0 0 0 0.6000000000000001 0 0.6000000000000001 0 0 2 10 0.4 0 0.4 1 0 0 0 0 0 0 0 0 0 0 0 0 0.4 0 0 0 0 0 0 0 0 2.8000000000000003 0.2 1.4000000000000001 3.2 4.800000000000001 5 0 0 2.6 7.4 4.2 0 6 5.2 0.2 3.6 0 6.4 3 1.2000000000000002 1.8 0 0 0 0 0 0 0 0 0 0 0 0 3.6 0 0 0 0 0 2.6 0 2.2 0.6000000000000001 0 0 0 0 0 0 0 0 0.4 0 2 2.2 0.4 0 0 0 0 0 0 0 0 0 0 0 0 0 0 0.4 0 0 0 0 0 0 1 0 0 0 2.4000000000000004 5 3.6 0 4 0 6.2 3 7.2 7 2.4000000000000004 2 5 0 0 1.6 3.6 0 2.6 0 0.4 0 0 0 0 0 0 0 0 0 0 0 0 0 0 0 0 0 2 1.8 0 0 0 0 0 0 0 0 0 0 0 0 3.2 0 0 0 0 0 0 1.8 0 0 0 0 0 0 0 0 0 0 0 0 0 0 0.8 0 0 30.200000000000003 0 0.6000000000000001 0.4 0 0 0 0 0.4 2.4000000000000004 0 0 0 0 0 0 0 0 0 0 0 0 0 0 3.8000000000000003 0 0 0 3.8000000000000003 0 0 0 0 
 0.2 0 0.4 0 0.8 0 0 0.4 0 0.2 0.4 1.2000000000000002 0.2 0.4 0.6000000000000001 0.4 0.2 0 0.2 0.2 8.200000000000001 42 24.6 76 32.6 32.4 30 40.400000000000006 0 39 17.400000000000002 6.4 21.8 21.6 39.400000000000006 33.800000000000004 51.800000000000004 22.200000000000003 78.80000000000001 86.2 0.4 0.6000000000000001 0 0 0.6000000000000001 0.2 0.2 0.4 0 0.4 0.6000000000000001 0.4 13.600000000000001 0 1 0 0 0 0 12.4 0 0.4 0 0.4 0 0 0.4 0.6000000000000001 10.200000000000001 0.6000000000000001 0 0 1.6 0.6000000000000001 0.6000000000000001 0 0.4 0.6000000000000001 0.2 0 0 0 0 0 0 0 0 0 0 0 0.2 0 0 0.2 0 0 0.2 0 0 0 2.2 2 0 0 5.6000000000000005 0 0 0 3.6 2 5.6000000000000005 7.6000000000000005 2 2.4000000000000004 8.6 0 4.6000000000000005 2.2 2.4000000000000004 3.6 1.4000000000000001 0 0 2.4000000000000004 0 0 0 0 0 0 0 0 2.6 0 0 0 0.4 0 3.4000000000000004 0 0.2 0 0.2 0 3.6 0 0 0 0 0 0 0 0 2 0.6000000000000001 0 0 0 0 0 0 0 0 0 0 0 0 0 0 0.8 0 0 0 0 0 0 0.4 0 0 0 3.8000000000000003 1.8 0 0 0 3.2 5.6000000000000005 0 2.6 3 6.4 1.8 4.2 0 0 1.2000000000000002 0 0 0 0 0 0 4.2 0 0 0 1.2000000000000002 0 0 0 0 0 0 0 0 0 2.4000000000000004 0 0.4 0 0 0 0 0 0 0 0 0.2 0 0 0 0 0 0 0 0 0 0.4 0 0 0 0 0 0 0 0 0 0 0 0 0 0 0 0 1.4000000000000001 0 0.8 0 0 0 3.6 0 0 0 0 0 2.2 0 0 0 0 0 0 0 0 0 0 0 0 0 0 0 0 0 0 0 0 0 0 0 
 0.2 0 0 0 0 0 0 0 0 0 0.2 0 0 0 0 0.2 0 0 0 0 6.6000000000000005 22.8 41.800000000000004 31.200000000000003 20.6 90.2 5.6000000000000005 11.4 39 0 36 55.6 11 32 12.600000000000001 22.8 14.4 44.2 15.8 34.800000000000004 0 0.6000000000000001 0 1.4000000000000001 12.8 0.6000000000000001 0 0.4 0 0.6000000000000001 42.2 0.4 1.4000000000000001 0 0.8 0 0 0.6000000000000001 0 2.6 0 0 0 0.6000000000000001 0 0 0 10 0 0.6000000000000001 0 0 0 0.6000000000000001 0.4 0 0.4 0.4 0 0 0 0 0 0 0 0 0 0 0 0 0 0 0 0 0 0 0 0 0 0 0.4 3 4.4 9 4 4.4 0 0 0 3.2 3.2 6 0.2 0 0 2.6 5 7.6000000000000005 0 0.2 3.6 2 0 0.4 0 0 0 0.2 4.2 0 0 0 4.800000000000001 0 0 0 0 0 3.6 0 0 0.6000000000000001 0 0 0 0 0 0 3.4000000000000004 0 0 0 0 0 0.4 0.2 0 0 0 0 0 0 0 0 0 0 0 0 0 0 0 0 0 0 0 0 0 0 0 0 0 2.2 0 0.8 5.6000000000000005 5.2 0 3.4000000000000004 5.4 9.600000000000001 3.4000000000000004 4 0.6000000000000001 0 0 4.800000000000001 8 4.4 0 2.2 10.600000000000001 0 0.2 0 0 0 6.4 5.4 0 0 0 0.2 0 4 0 0 0.2 0 5.4 9.200000000000001 0 0 0 0 0 0 0 0 0 0.2 2.2 0 0 0 0 0 0 0.4 0 0 0 0 0 0 0 0 0 0 0 0 0 0 0 0 2.2 0 0.4 15 15 0 0 0 0 0 0 0 0 0 0 0 0 0 0 0 0 0 0 0 0 0 0 0 0 0 0 2.6 0 0 0 0 
 0 0 0 0 0.2 0 0.4 0 0 0 0 0 0.2 0 17.2 14.600000000000001 0.2 0 0.2 0.2 22.200000000000003 36.6 50.800000000000004 24.8 30.400000000000002 26.200000000000003 8.4 12.8 17.400000000000002 36 0 50.800000000000004 10 26.6 12.200000000000001 68.60000000000001 54.2 29.400000000000002 9.4 13 0 1 0 1 0.6000000000000001 0 0 0.4 0 0.6000000000000001 0.6000000000000001 0.4 27.400000000000002 0 1 0 0.2 0 25.6 12.4 0 0 0 0.6000000000000001 0 0 0 0.6000000000000001 1.2000000000000002 0.6000000000000001 0 0 0 0.6000000000000001 0.4 13.200000000000001 0.4 0.4 0 0 0 0 0 0 0 0.2 0 0 0 0 5.6000000000000005 0.4 0 0 0 0 0 0 0 0 0 2 0 4 10.4 8.200000000000001 0 0 0 7.800000000000001 1.8 8 0 0 0 7.6000000000000005 5.2 11.4 0 0 7.4 0 0 2.4000000000000004 0 0 0 0 0 0 0 0 0.6000000000000001 1.2000000000000002 0 0 0.2 0 6.4 6 0 0 0.2 0 0 0.4 0 0 0 0 0 0 0 2 0.4 1.6 0 0 0 0.8 0 0 0 0 1.4000000000000001 0 0 0.4 0 0 0 0 0 0 0 0 0 0 0.4 0 3.2 0 0 9.8 2 2 0 3.6 3.2 0 3.8000000000000003 0.4 0 0 0.6000000000000001 5.4 14.600000000000001 5.4 0 0.4 2.4000000000000004 0 1.8 0 0 0 0 2.6 0.4 3 0 0 0.2 0.2 0 0 2 0 13.8 7.2 0 0 0 0.4 4.4 0 0 0.2 0 0 0 0 0 0 0 0 0 0 0 0 0 0 0 0 0 0 0.2 0 0 0 0 0 0 0 2.2 0.2 0.2 16 15.200000000000001 0.4 0.4 0 0.4 0 0.2 0 0 0 0 0 0 0 0 0 0 0 0 0 0 0 0 0 0 0 0 0 0 0 0 0 
 0 0 0 3.4000000000000004 10.8 0.2 0 0 0 0 0 0 0 0 0 0.2 0 0 0 0 52.400000000000006 10.4 46.400000000000006 115.80000000000001 21.400000000000002 15.600000000000001 5.4 7 6.4 55.6 50.800000000000004 0 10.200000000000001 10 6 9.4 22.200000000000003 29 12.200000000000001 6.2 31.6 14 0 12.600000000000001 0.4 0 24.8 1 0 0.6000000000000001 0.6000000000000001 0.4 32.4 21.6 0.8 0 10.4 0 10 0.6000000000000001 0 0 0 0 0 0 0 0.4 0 0.6000000000000001 0 0 0 0.6000000000000001 0.4 0 0.4 0.8 0 0 0 0 0 3.8000000000000003 0 0 0 0 0 0 0 0 0 0 0 0 0 0 0 0 0 0 2.2 0.2 0.2 0 0 0 0 0 0.2 0 0.2 0 0.4 0 4.4 0 0 0 1.4000000000000001 0 3.2 0.2 0.8 0 8.6 0.6000000000000001 3.2 0 0 0 0 10.4 6.800000000000001 0 2.4000000000000004 2 2.6 8.6 0.2 0 0.8 0.6000000000000001 0 1 0 0 0 0 0 0 0 0.6000000000000001 0 1.6 0 0 0 0 0 0 0 0 0 0 0 0 0 0 0 0 0 0 0 0 0 0 0 0 3.8000000000000003 0 4.2 2.6 2 2 0 0.2 0.2 0 0.2 3.2 0 0.4 1.8 0 0 0 0 0 4.2 2.8000000000000003 0.2 0 0 0 2.6 4.6000000000000005 2.4000000000000004 4.4 0 0 2.8000000000000003 0 3.2 2.8000000000000003 3.2 0 3.2 4 0 0 0.2 2.8000000000000003 0.2 0 0 0 0 0 0 0 0 0 0 0 0 0 0 0 0 0 1 0 0 0 0 0 0 0 0 0 0 0 1.8 0 0 0.4 14.600000000000001 0.2 0.6000000000000001 0.2 0 0 0 0 0 0 0 0 0 0 0 0 0 0 0 0 0 0 0 0 0 0 0.4 0 0 0 0 0 
 0 16.8 0 17 0 0 0 15.8 15.4 0 0.4 12 0 0 0.2 0.2 0.2 7.4 0.4 0.2 67.8 13 10.600000000000001 31.400000000000002 14.4 45.6 54 19.8 21.8 11 10 10.200000000000001 0 23.6 12 34.2 23.400000000000002 18.6 66 56 0 0.6000000000000001 0 0 0.4 0.4 0 0.4 0 0.4 0.6000000000000001 0.4 0.4 0 0.8 0 0 0 0 0.4 0 0 0 0.2 0 0 0 0.4 0 0.6000000000000001 0 0 0 0.6000000000000001 0.4 0 0.4 0.8 0 0 0 0 0 0 0 2.4000000000000004 0.2 0 0 8.4 0 1.6 0 0 0 0 0 5.6000000000000005 0 0 5 3.8000000000000003 0.4 3.2 0 0 4.2 0 2.2 4 0 0 1.6 3.4000000000000004 6.2 2.8000000000000003 0 0 5 0 0 0 0 0 0 0 0 0 0.2 0 0 0 0 0 0 0 0 0 0 0 0 0 0 0 0 0 0 0 0 0 0 0 0 0 0 0 0 0.2 0 0 0.2 0 0 0 2.8000000000000003 0 0 1 0 0 0 0 0 0 0.2 0 0 0.2 0 0 3.6 6.2 4.4 0 0 0 0.2 0 0 0 2 1.6 0 2.8000000000000003 10.200000000000001 1.4000000000000001 2 0.2 6.6000000000000005 4.6000000000000005 0.6000000000000001 0 0 0 0 0 0 0 2.2 2.6 0 0 3 0.2 0.4 0 0 0 0 0 0 0 0 0 0 0 0 0 0 0 0 0 0 0 0.4 0 0 0 0 0 0 0 0 0 0 0 0 0 0 0 0 0 0 0 1.6 0 0 0.2 0 0.4 0.4 0.4 0 0 0 0 0 0 0 0 0 0 0 0 0 0 0 0 0 5.2 0 0 0 0 0.2 0 2.4000000000000004 0 0 0 
