 0 21.400000000000002 46.2 16.2 12.600000000000001 6.800000000000001 86.80000000000001 26.6 68.8 7.4 5.6000000000000005 28.6 81.2 118.2 26 27 29.6 25.8 15.4 26.400000000000002 0 1 0 0 0 0.4 0.6000000000000001 5.6000000000000005 0.8 0 0.2 0 15.200000000000001 0.2 0 0 0.4 0.6000000000000001 5.2 0 0 0 0.6000000000000001 0 0 0 0 0 0 1.4000000000000001 0 0 0.6000000000000001 0 0 0 1 0 0.4 0 0 0 0 1 0.4 0 0 0 0 0 0.2 0.6000000000000001 0.4 0 0.2 0 0 0 0 8.8 2.4000000000000004 1.2000000000000002 2 5.6000000000000005 1.6 7.6000000000000005 4 2.4000000000000004 12.600000000000001 7 2.4000000000000004 0 4.800000000000001 3 2.8000000000000003 5.4 7.4 9.4 3.4000000000000004 0.6000000000000001 0 0 0 0 0 0 0 3.8000000000000003 0 0 0 0 6.4 2.4000000000000004 0 0 0 0 7.6000000000000005 0 0 0 0 0.2 0 0 0 0 0 0 0 0 0 0.4 0 0 0 0 0 0 0 0 0 0 0 0 0 0 0 0 0 0 0 0 0 0 0 0 0 0 2.6 0 0 0 0 0 0 0 8.6 0.4 0 6 0 1.4000000000000001 3.2 2.6 0.4 0 1.4000000000000001 0 0 0 0 0 0 0.4 4.800000000000001 0 0 0 0 0.6000000000000001 0 0 0 0 0 0 0.8 0 4 0 0 0 0 0 0 0 0 0 0 0 0 0 0 0 0 0 0 4.6000000000000005 0 0 0 0 0 0 0 0 0 0 4.800000000000001 0 0 0 0 0 0 0 0 0 0 0 0 0 0 0.4 0 0.4 0.2 0.6000000000000001 0 1.2000000000000002 0 0 0 0 0 0 0 0 0 0 0 0 0 0 0 0 0 0 0 0 0 0 0 0 0.2 0 0 0 0 0 0 0 0 0 0 0 0 0 
 21.400000000000002 0 69.2 33.2 54.6 36.4 36.2 51 27.200000000000003 129.4 6.800000000000001 25.6 22.400000000000002 54.400000000000006 47.6 27.400000000000002 17 15.600000000000001 11 28.8 0.2 0.4 0 0 0 0 15.8 0.4 0.4 0 0.2 0 0 1.2000000000000002 0 0 0 0.8 1.8 0.4 1 0 0 0.4 0 14.8 0.4 0 0 0 0 0 0.6000000000000001 0 1 12.200000000000001 1.2000000000000002 0.4 0.4 0.6000000000000001 0 0 1.2000000000000002 0 0.8 1.4000000000000001 0.2 0 0.4 1 0.6000000000000001 1 0.4 0.2 0 0.6000000000000001 0.4 0.6000000000000001 0 0.8 7.800000000000001 3 2.2 2.6 0 8.200000000000001 6.6000000000000005 2.6 2.2 0 4.4 0.4 2.8000000000000003 2.8000000000000003 6 0.6000000000000001 4.4 3 8.8 1.2000000000000002 0 0 0 0 0 0 0.4 4 0 0 0 0 0 1.6 0 0 0.2 0 2.8000000000000003 0 0 0 0 0 0.2 0 0 0 0 0 0 0 0 0 0 0 0 0 0 0 0 0 0 4.4 0 0 0 0 0 0 0 0 0 0 0 0.4 0.2 0 0 0 0 0 4.4 2.6 4.2 0.6000000000000001 3.8000000000000003 4.6000000000000005 0 0 1.4000000000000001 2 4 6.2 3 0.2 5 6 1.8 8.8 0 0 0 0 1.8 0 0 0 0 0 0 0 0 0 0 0 0 0 1.6 0.2 0 0 0 0 0 0 0 0 0 0 0 0 0 0 0 0 0 0 0 0 0 0 0 0 0 0 0 0.4 0 0 0 0 0 0 0 0 0 0 0 0.2 0 0 0 0 0 0.6000000000000001 0.6000000000000001 0 0 18.2 0 0 0 0 0 0.2 0.4 0 0 0 0 0 0 0 0 0 0.4 0 0 0 0 0 0 0 0 10 0 0 0 0 0 0 0 0 0 0 0 3.4000000000000004 0 0 
 46.2 69.2 0 18.2 34.2 46.400000000000006 10.8 80 41.6 27 12.600000000000001 53.400000000000006 31.400000000000002 13 51 49 74.60000000000001 65.60000000000001 9 28.200000000000003 0.2 0.2 0 0.2 0.2 0 15.600000000000001 0.4 1.4000000000000001 0 0.4 0.4 7.2 0.4 0.4 0.4 0 0.6000000000000001 16.2 0.2 0.6000000000000001 0 0.6000000000000001 0.4 0 0.2 0.4 0.4 0 0 0 5.6000000000000005 1 0.4 6.6000000000000005 0 2 13.200000000000001 0.4 1.2000000000000002 0 0 1.2000000000000002 0 0.4 0.6000000000000001 0 0 0 1 0.6000000000000001 0.6000000000000001 0.4 0 0 1 0 0 0 0.8 3.6 0 3.8000000000000003 7.800000000000001 0.4 2.8000000000000003 0 3.4000000000000004 0 5.800000000000001 0 2 0 0.2 1.8 2.4000000000000004 0 2.4000000000000004 0 4.4 0 0 0 0 0 0 3 1.6 0 0 0 0 2.8000000000000003 3 2 0 0 0 5.800000000000001 0 0 0 0 0.4 0.2 0 0 0.4 0 0 0 0 0 0 0 0 0 0 0 0 0 1 0.2 0 0.2 0 0 0 0 1.6 3.4000000000000004 0.6000000000000001 0 0 0 0 0 0 0.4 0 2.2 0 1.6 2.6 1.8 0 0 0 3 2.2 3.6 4.4 0 0 0 2.4000000000000004 7.800000000000001 0 3.8000000000000003 0 0 0 0 0 0 0 2.2 0 0 0 0 2.2 0 8 0 0 0 0 2.2 2.4000000000000004 0 0 1.6 0 0 0 0 0 0 0 0 0 0 0 0 0 0 0 0 3 0 0 0 0 0 0 0 0 0 0 0 0 0 0 0 0 0 0 0 0 0 0 0 0 0 0.2 1.6 0 1 0 0 0.6000000000000001 2.8000000000000003 0 0 0 0 0 0 0 0 0 0 0 0 0 0 0 0 0 0 0 0 0 0 0 0 0 0 0 0 0 0 0 0 0 0 0 0 0 
 16.2 33.2 18.2 0 24.8 24.6 33.6 35 31.400000000000002 61.2 52.800000000000004 11.600000000000001 49 32.6 10.200000000000001 73.8 29.400000000000002 24.6 27 31.6 0.2 0 42 0 0.8 0 1 0.4 0.6000000000000001 0 0 0 17.400000000000002 0 0.6000000000000001 0.8 0 18.6 0.6000000000000001 0.2 13.4 0 0 0 0 0.2 0 0 0 0.2 0 0.6000000000000001 0.6000000000000001 0.4 0 0 0 0 0.4 0 0 0 0 0 1.8 0 0 0 1 0 0 11 0.4 0 0 0 0.4 0 0 0.6000000000000001 6.4 2.2 1.4000000000000001 2.8000000000000003 3.8000000000000003 0 7.800000000000001 0 4 2.8000000000000003 8.4 6.6000000000000005 0.4 5.6000000000000005 2.8000000000000003 5.4 4.4 4.4 3.4000000000000004 2 2.8000000000000003 0 0 0 0 0 0 2 0 5.6000000000000005 0 0 15 0 0.2 0 0 0 0 2 0 0 0 0.2 0 0 0 0 0 0 0 0 0 5 0 0 0 0 0 0 0 0 0 0 0 0 0 0 0 0 0 0 0 0 0 0 0 0 0 0 0 2.8000000000000003 0 0 0 8.4 0 2.4000000000000004 5.2 2.2 3.6 0.4 0.6000000000000001 2.4000000000000004 4 2 2.2 1.6 2.2 0 0 0 0 0 0 0.4 2.8000000000000003 0 0 0 0 0 1.4000000000000001 2.4000000000000004 0 0 0 0 0 7.6000000000000005 4.4 0 0 0 0 0 0 0 0 0 0 0 0 0 0 0 0 0 0 0.4 0 0 0 0 0 0 0 0 0 0.2 2 0 0 0 0 0 0 0 0 0 0 0.2 0 0 0 1 18.400000000000002 0 0.4 0.4 2 1.4000000000000001 0 0 0 0 0 0 0 0 0 0 0 0 0 0 0 0 0 0 0 0 0 0 0 1.2000000000000002 2.6 0 0 0 0 0 0 0 0 0 0 0 0 0 
 12.600000000000001 54.6 34.2 24.8 0 37.800000000000004 63.6 12.4 28.400000000000002 102.60000000000001 36.2 69.8 12.600000000000001 9.200000000000001 22 29.200000000000003 29.8 10 20.6 51.400000000000006 29.400000000000002 12.600000000000001 14.600000000000001 0 0 0 3.8000000000000003 1 12.8 0 0 0 75.60000000000001 31.200000000000003 0.6000000000000001 0 3.8000000000000003 0.6000000000000001 61.2 30.8 0 0 1 0 0.4 0 0 0 0 0 0 0 1.6 1 0 0 0 0 0.4 0 0.4 0 0 0 0.6000000000000001 0.4 0 0 0 0 0 0.6000000000000001 0.4 0 0 0 0 0 0 0.6000000000000001 0 0 3.6 0 0 2.6 0 0 0 0.2 2.6 6.4 0 0 0 0 0 4.4 0 0 9.8 0 2.2 0 0 0 1.8 5 3 0 1.8 2.2 0.2 0 3.4000000000000004 1.8 0 0 0 0 0 0 0.2 0 0.2 0 0 0 0 0 0 0.2 0 0 0 0 0 0 0 0 0 0 0 0 0.4 0 0 0 0.8 0 0 0 0 0 0 0 0 0 0 0.6000000000000001 0 2.6 0 3 0 4.2 0 0 4.4 4.800000000000001 2.2 4.800000000000001 0 0 0 0.2 1.8 0 0 0 2 4 2.2 0 0 0 7.2 7.2 0.4 0 0 0 0 3.2 5.800000000000001 4.6000000000000005 0 0 6 0 0 0 0 0 0 0 0 0 0 0 0 0 0 0 0 0 0 0 0 0 0 0 0 0 0 0 0 0 0 0 0 0 0 0 0 0 0 0 1.2000000000000002 0 0 1.2000000000000002 0 0 0 0 21 0.2 0.6000000000000001 1.2000000000000002 0 2.2 0 0 0 0 0 0 0 0 0 0.2 4.6000000000000005 0 0 0 0 0 0 0 0 0 0 0 0 0 0 0.2 0 3.4000000000000004 0 0.2 0 0 0 0 0 0 0 0 
 6.800000000000001 36.4 46.400000000000006 24.6 37.800000000000004 0 5.800000000000001 52 5.800000000000001 44.400000000000006 19.6 52.6 6.6000000000000005 8.8 20 109.2 42 23 19.6 9.600000000000001 1.4000000000000001 0 0 0 0 0 24 15.200000000000001 0.4 0 0.6000000000000001 0.4 26.8 0 0 0 0 15 0.8 14.4 0 0 0.2 0 12.4 0 0 0 0 0 0.4 0 1.4000000000000001 2.6 0 0 0.8 0 0.4 0 0 0 0 0 0.8 0 0 0 0 0 0.2 0.6000000000000001 0.4 0 0 0 0 0 0 0.6000000000000001 0.2 0 7.800000000000001 3.4000000000000004 0 2.2 0.2 0 0 0 3 10.8 0 0 1.4000000000000001 1 0 2.8000000000000003 0.4 0 6.6000000000000005 0 0 0 0 0 0.6000000000000001 3.8000000000000003 0 0 0 0 4 4.6000000000000005 0 0 0 0 7 3 0 0.8 0 0 0 0 0 0 0 0.4 0 0 0 0 0 0 0 0 0 0 0 1 0 0 0.6000000000000001 0 0.2 0 0 0 0 1.2000000000000002 0 0 0 0 0 0 0 0 0 2.6 2 2.8000000000000003 2.8000000000000003 0.2 0 2.4000000000000004 0.2 0.2 1.8 5 0 0 0.2 0 11.200000000000001 0 0 0 0 0 0 0 0 0 3.2 1.6 0 2.6 0 0 1.8 2.4000000000000004 0 0.2 0 0 4.2 6.2 0 0 2.2 0 0 0 0 0 0 0 0 0 0 0 0 0 0 0 0 0 0 0 0 0 0 0 0 0 0 0 0 0 0 0 0 0 0 0 0 0 0 2 0 0 0 0.4 17.2 0.2 0 1.4000000000000001 0.2 0.4 1.6 0 0 0 0 0 0 0 0 0 0 0 0 0 0 0 0 0 0 0 0 0 0 0 4 0 0 0 0 0 0 0 0 0 0 2.4000000000000004 0 0 
 86.80000000000001 36.2 10.8 33.6 63.6 5.800000000000001 0 39.400000000000006 12.4 7.4 28.400000000000002 6.6000000000000005 118.60000000000001 58.2 5.800000000000001 8.6 9 7.2 24.400000000000002 9.200000000000001 0 0 0 0 1.2000000000000002 0 0.6000000000000001 0.4 0.6000000000000001 0 0 0 15 0 0 0 0.2 0.6000000000000001 0.6000000000000001 0 0 0 0 0 0 0 0 0 0 0 0 5.6000000000000005 0.6000000000000001 0 0 0 0 0 0.4 0 0 0 0 0 0.6000000000000001 1.2000000000000002 0 0 0 0 0 0.6000000000000001 0.4 0 0 0 0 0 0 0.6000000000000001 0 4 1 0 1.4000000000000001 1.8 3.6 0.2 6.4 2.8000000000000003 2 0 0.6000000000000001 7.800000000000001 3.2 0 5.6000000000000005 2.6 1.6 0 0 0.4 0 0 0 0 0 0 0 0 0 0 3.4000000000000004 0 0 0 0 0 0 4.6000000000000005 0 0 0 0 0 0 0 0 0.2 0 0 0 3.4000000000000004 0 0 0 0 0 0.2 0.4 0 0 0 0 0 0 0 0 0 0 0 0 0.2 0 0 0 0 0 0 0 0 2.4000000000000004 0 0 0 0.4 2.6 0.2 0 10.200000000000001 0 0 0 2.2 0 0.2 0 1.8 0.6000000000000001 4.4 0 0 0 0 0 0 0 0 0 0 0 0 0 0 0 0 2 0 0 0 2.2 0 0 0 0 0 0 0 0 0 0 0 0 0 0 0 0 0 0 0 0.2 0 0 0 0 0 0 0 0 0 0 0 0 0 0 0 0 0 0 0 0 0 0 0 0 0 0.4 0.4 0.4 0.6000000000000001 0 4.800000000000001 0 0 0 0 0 0 0 0 0.2 0 0 0 0 0 0 0 0 0 0 0 0 0 0 0 0 0 0 0 0 0 0 0 0 0 0 0 0 0 
 26.6 51 80 35 12.4 52 39.400000000000006 0 43.400000000000006 9.8 9.600000000000001 7 30.400000000000002 40.400000000000006 9.4 24.8 40.800000000000004 19 27.200000000000003 55.2 12.4 0 0 0.8 19 0.2 0.6000000000000001 0.8 0.6000000000000001 0 0 0 0 0 0 0.2 0 1 0.6000000000000001 0 0 0 1.2000000000000002 0 0 0 0 0 0 0 0.8 0 0.6000000000000001 0 0 0.4 0 3 0.4 0 11.200000000000001 0 0 0 0.6000000000000001 0 0 0 0 0 0 0.6000000000000001 0.4 0 0 0.8 0 0.2 0 0.6000000000000001 8.8 2 0.2 0 0 0 3.6 2.2 8 0 3 0 3.4000000000000004 4.800000000000001 2.4000000000000004 5.4 7.2 2.6 3.4000000000000004 7.4 0 0 0 0 0 0 0 0 0 0 0 0 0 0 0 0 0 0 0 0 0 0 0 0 0 0 0 0 0 0 0 0 2.4000000000000004 0 0 0 0 0 0 0 0 0 0 0 0 0 0 0 0 0 0 0 0 0 0 0 0 0 0 0 1.6 0 3.6 0 1.4000000000000001 2.2 3.2 6 0.6000000000000001 0 1.6 1.4000000000000001 1.8 1.8 0 0 5.6000000000000005 8.200000000000001 8.200000000000001 0.2 0 0 0 0 0 0 0 0 0 0 0 0 0 0 0 0 0 0 0 0 0 0 0 0 0 0 0 0 0 0 0 0 0 0 0 0 0 0 0 0 0 0 0 0 0 0 0 0 0 0.2 0 0 0 0 0 0 0 0 0 0 0 0 0 0 0 0.8 0.4 0 0.6000000000000001 0 0 3.2 0 0 0 0 0 0 0 0 0 0 0 0 0 0 0 0 0 0 0 0 0 0 0 1.2000000000000002 0 0 0 0 0 0 0 2 0 0 0 0 0 0 
 68.8 27.200000000000003 41.6 31.400000000000002 28.400000000000002 5.800000000000001 12.4 43.400000000000006 0 29.6 11.600000000000001 9.8 34 25.8 35.800000000000004 77.60000000000001 26 23.6 19 64.8 0 0 0 16.400000000000002 0 0 0.8 0.4 0.4 0.4 0.2 0 0 0 8.4 0 0 0.8 15.8 0 0 0 0 0 0 0 0 0 0 0 0 0 0.6000000000000001 0 0 0 0.4 0.2 0.4 0 0 0 0 0 0.4 0 0.4 0 0 0 0.6000000000000001 0.6000000000000001 0.4 0 0 0 0 0 0 0.6000000000000001 8.200000000000001 7.4 2.4000000000000004 8.4 5.2 0.2 0 0.2 3.4000000000000004 2.8000000000000003 10.200000000000001 0.2 17 2.2 0 5.800000000000001 6.2 10.8 4.2 9.600000000000001 0 0 0 0 0 0 0 1.8 0 0 1.8 2.6 0 0 0 0 0 0 0 0 0 0 0 0 0 1 0 0 0 0 0 0 0 0.4 0 0 0 0 0 0 0 0 0 0 0 0 0 0 0 0.4 0 0 0 0 0 0 0 0 0 0 5.4 0.2 4.4 2 2.8000000000000003 3.6 0 2 11.200000000000001 0 0 1.4000000000000001 0 2.8000000000000003 10.8 5.4 0 4 5.4 2.6 0 0 0 0 0 2.6 0 0.2 0 0 0 0 0.4 0 0 2.8000000000000003 0 0 1.8 0 0 0 4 0 0 0 0 0 0 0 0 0 0 0 0 0 0 0 0 0 0 0 0 0 0 0 0 0 0 0.2 0 0 0 0 0 0 0 0 0 0 0 0 0 0 0 0.4 0 0 0.4 0 0 2.2 0 0 0 0 0 0.2 0 0 0 0 0 0 0 0 0.2 0 0 0 0 0 0 0 0 0 0 0 0 0 0 0 0 0 0 0 0 0 0 0 
 7.4 129.4 27 61.2 102.60000000000001 44.400000000000006 7.4 9.8 29.6 0 36.2 55.2 47 15.600000000000001 53 23.200000000000003 55.6 10 12.600000000000001 36.6 0 0 0 0 0 0 0.6000000000000001 0.4 0.4 0 0.2 0 15 0 0 0 0 0.6000000000000001 0.8 0.2 0 0 0 0 12.200000000000001 0 0 0 0 0 0 0 0.6000000000000001 0 0 0 5 0 0.4 0 0 0 0 0 0.4 0 0 9.8 0 0 0.2 0.6000000000000001 0.4 0 1 0 0 0 0 0.6000000000000001 0.2 3.2 6.4 7.4 3.8000000000000003 3.2 2.8000000000000003 0 2.4000000000000004 0 2.2 0 4.2 0.2 3.6 9.600000000000001 8.200000000000001 3 0 0 0 0 0 0 0 0.4 2.2 0.4 0 0 0 0 0 2 0 0 0 0 6.800000000000001 0 0 0 0 0 0 0 0 0 0 0 0 0 0 0 0 0 0 0 1.8 0 0 0 0 0 0 0 0 0 0 0 0 0 0 0 0 0 0 0 0 0 0 0 2.8000000000000003 5 2.4000000000000004 4.4 4.4 0 0 0 0 0 3.6 2.4000000000000004 4.6000000000000005 2.8000000000000003 4.2 0 0 1.6 3.6 0 0 0 0 0 0 2.6 0 0 0 0 2.6 0 0 0 0 0 0.4 5.4 0 0 0 0 0 0 0 0 0 0 0 0 0 0 0 0 0 0 0 0 0 0 0.6000000000000001 0 0.2 0 0 0.2 0 0.2 0.4 0.2 0 0 0 0.4 0.4 0.2 0 0 0 0 0 0 0 0 0 0.4 0.2 17.400000000000002 0 1.2000000000000002 0 0 0 0 0 0 0 0 0.4 0 0 0 0 0 0 0 0 0 0 0 0 0 0 3.4000000000000004 1.6 0 0 0 0 0 0 0 0 0 0 0 0 0.2 
 5.6000000000000005 6.800000000000001 12.600000000000001 52.800000000000004 36.2 19.6 28.400000000000002 9.600000000000001 11.600000000000001 36.2 0 31 14.600000000000001 51 28 35 49.2 66.2 6 12.4 14.8 0 0 0 0 0 0.4 12.600000000000001 0 0 0.4 0 16.8 1.2000000000000002 12.200000000000001 8.200000000000001 0 0.2 12.600000000000001 15.8 0.8 0 0 0 0.2 0 0 0 0 0 0 0 1.8 0.6000000000000001 0 0 0.6000000000000001 0.2 0 0.4 0 0 0 0.6000000000000001 0 0 0 0.6000000000000001 0 0.4 0 0 0 0 0.4 0 0 0 0 0 0 8 2.8000000000000003 0 5.6000000000000005 7 5.2 1.4000000000000001 9.4 2.8000000000000003 3.6 3.4000000000000004 0 10.4 2.6 3.6 1.8 2.8000000000000003 3 1.4000000000000001 1.6 0 0 0 0 0 0 9 0 0.2 4.6000000000000005 0 3 0.2 0 0 0 0 0 7 0 0 0 0 0 0 0 0 0 0 0 0 0 0 3.4000000000000004 0 0 0 0 0 0 0 0 0 0 0 0 1.6 1.2000000000000002 0 0.2 0 0 0 0 0 0 0 0 0 0 3.2 0 0 0.2 0 2.2 2.2 1.8 0.2 1.6 0 0 0.2 0 3 2.8000000000000003 9.4 0 2.8000000000000003 0 2.2 0 0 0 0 4 4.6000000000000005 0 0 0.8 0 2.4000000000000004 0 1.6 0 0 0 4 0 0 0 0 0 0 0 0 0 0 0 0 0 0 0 0 0 0 0 0 0 0 0 0 0 0 0 0 0 0 0 0 2.2 0 0 0 0 0 0 0 0 0 2.8000000000000003 0 0 0 0.2 1.2000000000000002 0.4 0.2 17.400000000000002 2.4000000000000004 2 0 0.2 0 0 0 0 0 0 0 0.2 0 0 0 0 0 0 0 0 0 0 0 0 0 2.6 2 3.6 0 0 0 0 0 0 0 0 0 0 0 0 
 28.6 25.6 53.400000000000006 11.600000000000001 69.8 52.6 6.6000000000000005 7 9.8 55.2 31 0 25 52.6 53.2 10.8 23.200000000000003 43.6 10 7 22.6 0.4 0.2 0.8 0 0 16 1 0.6000000000000001 0.2 0 0 21.6 0 0.2 0 0 0.6000000000000001 5.6000000000000005 1.2000000000000002 0 0.2 0.8 0 0.2 0 0 0 0 0 0.2 0 0.8 0 0 0.4 4.2 0.4 0.4 0 0 0 0 7.6000000000000005 0.6000000000000001 0 0 0 0 0 0 0.6000000000000001 0.4 0 0 0 0 0 0 0.6000000000000001 0 0 2.2 0 9.8 5.6000000000000005 3.4000000000000004 2.2 1.8 6.6000000000000005 2.4000000000000004 2 0 0 2 3.2 4.6000000000000005 3 0 0 5.2 0 0.2 0 0 0 2.6 0 1.4000000000000001 0 0 0.2 2.8000000000000003 2 3.2 0 0 0 6.4 0 2.4000000000000004 0 0 0 0 0 0 0.4 0 0.4 0 0 0 0 0 0 0 0 0 0 0 0 0.2 0 0 0 0 0 2.6 1 3 0 0 0 0 0 0 0 1 0 2 0 0 4.4 0 4.2 0 0 0 4.800000000000001 0 11.8 0 0 1.4000000000000001 0.2 0 0.2 0 0 4.4 0 2.4000000000000004 0 0 0 5.2 3 0 0 0 0 5.2 6.6000000000000005 3 3 0 0 2.6 0 0 3.8000000000000003 0 0 0 0 0 0 0 0 0 0 0 0 1.4000000000000001 0 0 0 0 4.6000000000000005 0 0 0 0 0 0 0 0 0 0 0 0 0 0 0 0 0 0 0 0 0 0 0 0 0 0.6000000000000001 1.2000000000000002 0 9.600000000000001 22.6 0 1 0 0.4 0 0 0 0 0 0 0 0 1.4000000000000001 0 0 0 0 0 0 0 0 0 0 0 0 2.4000000000000004 0.2 1.2000000000000002 0 0 0 0 0 0 0 0 0 0 0 0 
 81.2 22.400000000000002 31.400000000000002 49 12.600000000000001 6.6000000000000005 118.60000000000001 30.400000000000002 34 47 14.600000000000001 25 0 55 37.6 23.8 11.8 3.6 36.6 6.4 0 0 0 0 0 0 0.6000000000000001 0.6000000000000001 0.2 0 0.4 0 0 0 0 0 0 0.6000000000000001 0.6000000000000001 14.600000000000001 0 0 0 0 0 0 0 0 0 0 0 0.4 0.6000000000000001 0 0 0 1.6 0 0.4 0 0 0 2.6 0 0.4 0 0 0 0 0 1 0.6000000000000001 0.4 0 0 0 0 0.2 0 0.4 8.8 3.2 3 2 1.8 5.4 8.8 0.2 4.2 8.4 6.800000000000001 0.4 2.8000000000000003 7.4 10.200000000000001 4.4 6 12 5.6000000000000005 0 0 0 0 0 0 0 0 0 0 0 0 0 4 0 0 0 0.4 0 1.6 0 0 0 0 0 0 0 0 0 0.4 0 0 0 0 0 0 0 0 0 0.4 0.2 0 0 0 0 0 0 0 0 0 0 0 0 0.4 0 0 0 0 0 0 0 2 0.2 0.6000000000000001 1.2000000000000002 3 1 2.2 1.8 0 0 1.8 4 11.600000000000001 6.2 3.8000000000000003 2 2.8000000000000003 3.4000000000000004 0.2 8.6 0 0 0 0 0 0 0 0 0 0 0 0 0 0 0 0 0 0 3.8000000000000003 0 3 0 0 0 0 0 0 3 0.2 0 0 0 0 0 0 0 0 0 0 0.2 0.4 0 0 0 2.4000000000000004 0 0 0 0 0 0 0 0 0 0.4 0 0 0 0 0 0 0 0 0 0 0 0.2 0 0 18 0 0.4 0 0 0 0 0.2 0 0 0 0.4 0 0 0 0 0 0 0 0 0 0 0 0 0 0 12.600000000000001 0 0 0 0 0 0 0 0 0 0 0 0 0 0 
 118.2 54.400000000000006 13 32.6 9.200000000000001 8.8 58.2 40.400000000000006 25.8 15.600000000000001 51 52.6 55 0 37.6 5.800000000000001 49.800000000000004 4 59.2 48.800000000000004 0 0 0 0 0 0 0.6000000000000001 0.4 0.2 0 0.4 0.2 0 0 0.2 0.2 0 0.6000000000000001 0.6000000000000001 0 0 0 0 0 14.200000000000001 0 0 0 0 0 0 0 0.6000000000000001 0 0 0 0.2 0 0.4 0 0 0 0 0 0.4 0.2 0 0 0 0 0.6000000000000001 0.6000000000000001 0.4 0 0 0 0 0 0 0.4 6.800000000000001 4 0.6000000000000001 3 1.8 0 0.2 0 11 0 1.8 0 5.4 3 0 0 5.6000000000000005 3.8000000000000003 4.2 5 0 0 0 0 0 0 0 0 0 0 0 0 0 0 0 0 0 0 0 0 0 0 0 0 0 0 0 0 0 0 0 0 0 0 0 0 0 0 0 0 0 0 0 0 0 0 0 0 0 0 0 0 0 0 0 0 0 0 0 0 4.6000000000000005 0 2.6 0 0 0 0 3.2 5.800000000000001 0 0 0 0.8 1 2.8000000000000003 3 0.4 3.8000000000000003 5.6000000000000005 0.2 0 0 0 0 0 0 0 0 0 0 0 0 0 0 0 0 0 0 0 0 0 0 0 0 0 0 0 0 0 0 0 0 0 0.2 0 0 0 0 0 0 0 0 0 0 0 0 0 0 0 0 0 0 0 0 0 0 0 0 0 0 0 0 0 0 0 0.2 0.2 0.4 0.4 0.4 0.4 0.4 0 0 0 0 0 0 0 0 0 0 0 0 0 0 0 0 0 0 0 0 0 0 0 0 0 0 0 0 0 0 0 0 0 0 0 0 0 0 
 26 47.6 51 10.200000000000001 22 20 5.800000000000001 9.4 35.800000000000004 53 28 53.2 37.6 37.6 0 36.6 44 28.6 30 59.2 0 0 0 14.8 14.8 0 0.6000000000000001 0.4 0.4 0 0.2 0 0 0 0 0 0 0.6000000000000001 0.6000000000000001 0 0 0 0 0 0 0 0 0 0 0 0 0 0.6000000000000001 0 0 0 2 0 0.4 0 0 0 0 0 0.4 0 0 0 0 0 0.2 0.8 0.4 0 0 0 0 0 0 0.6000000000000001 0 2.8000000000000003 0 5.6000000000000005 0.2 2.2 3.2 2 2 8.8 0 0.6000000000000001 2.8000000000000003 1.6 2.2 4.800000000000001 4 7.2 2 0 0 0 0 0 0 0 0.4 0 0 0 0 0 0 0 0 0 0 0 0.8 0 0 0 0 0.2 0 0 0 0 0 0 0 0 0 0.2 0 0 0 0 0 0 0 6.6000000000000005 0 0 1.2000000000000002 0 0 0 0 0 0 3 0 0 0 0 1.2000000000000002 0 3.4000000000000004 0 2 3.2 2 2 7 0.2 3 3.2 0 3.2 2 12.8 0 7.6000000000000005 3 1.8 0 3 0 5.2 0 0 0 0 0 0.4 0 0 0 0 0 0 0 0 0 0 0 0 0 5 0 0 0 0 4 0 0 0 0 0 0 0 0 0 0 0 0 0 0 3.6 0 0 0 0 0 0 0 0 0 0 0 0 0 0 0 0 0 0 0 0 0 0 0 0 0 0.4 1.4000000000000001 0 0.4 2.8000000000000003 0.6000000000000001 0.4 0 0 0 0 0 0 0 0 0 0 0 0 0 0 0 0 0 0 0.2 0 0 0 0 0 0 0 0 0 0 0 0 0 0 0 0 0 0 0 
 27 27.400000000000002 49 73.8 29.200000000000003 109.2 8.6 24.8 77.60000000000001 23.200000000000003 35 10.8 23.8 5.800000000000001 36.6 0 36 46.2 8 26.6 15.4 14.600000000000001 0 0.4 0.4 0 5.6000000000000005 0.6000000000000001 0.2 0 0.4 0 30.200000000000003 0 0 0 0 0.6000000000000001 6.800000000000001 15 0 0 0 0 0 0 0 0 0 0 0.8 0 3.2 0.4 0 0 0 0 0.4 0 0 0 0 0 1.2000000000000002 0.4 0 0 0 0 0.6000000000000001 0.6000000000000001 0.4 0 0 0 0 0 0.6000000000000001 0.4 0.2 0 6.6000000000000005 2 0 1 2.6 0.2 1.6 2.6 3.2 5.4 0 2.8000000000000003 5.4 2.6 2.6 9.8 0 2.6 2.6 0 0 0 0 0 0 4.6000000000000005 0 0 0 0 2 1 0.2 0 1.6 0 6 0.2 0 1.2000000000000002 2.8000000000000003 0 0 0 0 0 0 0.8 0 0 0 0 0 0 0 0 0 0 0 2.4000000000000004 0 2.4000000000000004 1 0 0 0 0 0.6000000000000001 0 2 0 0 0 0 0 0 1.6 0 0 4.4 0 7 0.6000000000000001 2.8000000000000003 0 0 3.2 2.6 2.4000000000000004 3.8000000000000003 0 0 3.6 0 6.2 0 0 0 0.2 0 0 0 0 0 7 0 0 0 0 0 0 0 0 0 0 0 4.2 2.8000000000000003 0 0 0 0 0 0 0 0 0 0 0 0 2.8000000000000003 0 0 0 0 0 6.2 0 0 0 0 0 0 0 0 0 0 0 0 0 0 0 0 0 0 0 0 0 0 3.2 0 0 0 0 35.2 0.4 0.8 0.4 0.4 0.8 0 0 0 0 0 0 0 0 0 0 2.8000000000000003 0 0 0 0.2 0 0 0 0 0 0 0 0 0 0 0 0 0 0 0 0 0 0 0 0 0 0 0 
 29.6 17 74.60000000000001 29.400000000000002 29.8 42 9 40.800000000000004 26 55.6 49.2 23.200000000000003 11.8 49.800000000000004 44 36 0 53.400000000000006 8 52.800000000000004 0 0 0.4 0.6000000000000001 2 0 7 17.400000000000002 0.4 0.4 0.2 0 16.6 0 0.8 0 0 1.4000000000000001 0.8 15.600000000000001 0 0 0 0.8 0 0 0 0 0 0.2 0.8 0 0.6000000000000001 0 0 0.4 0.2 0.4 0.4 0 0 0 0.6000000000000001 0 0.4 0 0 0 0 0 0.2 0.6000000000000001 0.4 0 0 0 0 0 0 0.6000000000000001 3 5.6000000000000005 0 3 0 0 7.2 3.6 6.6000000000000005 2.4000000000000004 0.2 2.8000000000000003 5 2.8000000000000003 3.8000000000000003 3.4000000000000004 5.4 0.2 1.6 4.2 0 0 0 0 0 0 3 0 0 0 0 0 6.6000000000000005 0 0.2 0 0 0 2.6 0 0 0 0 0 0 0 0 0 0 0 0 0 0 0 0 0 0 0 0 0 0 1.6 0 0 1.4000000000000001 0 0.4 0 0 0.8 0 1.6 0 0 0 0 0 0 0 0 0 5.2 2.2 3.4000000000000004 3.4000000000000004 0 3.8000000000000003 4.6000000000000005 2.6 0 9 3.6 0 2 4.800000000000001 0.2 0.2 2 2.2 2.8000000000000003 0 0 0 0 0.4 0 4.2 0 0 4.4 0 0 0.4 2.2 0.2 0 0 0 0.4 10.600000000000001 0 0 0 2.8000000000000003 0 0 0 0 0 0 0 0 0 0 0 0 0 0 0 0 0 0 0 0 0 0 0 0 0 0 0 0 0 0 0 0 0 0 0 0 0 0.4 0 0 0.2 1 25.200000000000003 0.2 0 0 4.2 2 5.6000000000000005 2.4000000000000004 0 0 0 0 0 0.4 0 0 0 0 0 0 0.4 0 0 0 0 0 0 0 0 0 3.6 0 0 0 0 0 0 0 0 0 0 0 0 0 
 25.8 15.600000000000001 65.60000000000001 24.6 10 23 7.2 19 23.6 10 66.2 43.6 3.6 4 28.6 46.2 53.400000000000006 0 5.6000000000000005 24.6 0 0 0 0 14.600000000000001 0.4 5.4 15.600000000000001 1 0 0.2 0 15 0 0 0 0 0.6000000000000001 1.6 15.8 0 0 0.6000000000000001 0 0 0.4 0 0 0 0 0 0 0.6000000000000001 0 0 0 2 0 0.4 0 0 0 0 0 1 0 0 0 0 0 0 0.6000000000000001 0.4 0 0 0 0 0 0 0.8 3.2 4.2 0 3.2 5.800000000000001 6.4 5.2 11 2.6 15 3.8000000000000003 0.4 0 5 1.4000000000000001 6.4 0 8.8 0 6.6000000000000005 0 0 0 0 0 0 0.4 0 1.6 0 0 0 4.2 4.6000000000000005 2 0 0 0 2.2 0 0 0 0 0 0.2 0 0 0 0 0 0 0 0 0 0 0 2 0 0 0 0 1 0 0 0.2 0 0 0 0 5.2 0.8 0.6000000000000001 0 0 0 0 0 0 0 0 1.8 2 0.2 0 1.8 0.2 0 2.4000000000000004 3 5.6000000000000005 7 5.6000000000000005 0 0.2 0 3 0 3.6 0.6000000000000001 0 0 2.6 0 0 0 0 6.800000000000001 0 0 5.800000000000001 0 0 0 2.2 0 0 0 0 0 3.8000000000000003 0 0 0 0 0 0 0 0 0 0 0 0 0 0 0 0 0 0 0 2.8000000000000003 0 0 0 0 0 0 0 0 0 0 0 0 0 0 0 0 0 0 0 0 0 0 0 0 0 0.2 0.6000000000000001 0 0 0.2 2 1.8 6.2 0 0 0 0 0 0 0 0 0 0.6000000000000001 0 0 0 0 0 0 0 0 0 0 0 0 0 3 0 0 0 0 0 0 0 0 0 0 0 0 0 
 15.4 11 9 27 20.6 19.6 24.400000000000002 27.200000000000003 19 12.600000000000001 6 10 36.6 59.2 30 8 8 5.6000000000000005 0 43.800000000000004 0 14.600000000000001 0.4 0.4 0 0.6000000000000001 0.6000000000000001 0.4 0.8 0 0 0 0 0.4 0 0 0 1 0.6000000000000001 0.2 0 0 0 0 0.6000000000000001 0 11.8 0 0 0 0 0 0.6000000000000001 0 0 0 0 0 0.4 0 0 0 0 0 0.6000000000000001 0.2 0 0 8 0 0 0.6000000000000001 0.4 0 0 0 0 0 0.4 0.6000000000000001 3.6 0 0 0 0 0 2 0 0 0 0 0 1.6 5.6000000000000005 2 0 0 0 1.8 1 0 0 0 0 0 0 0 0 0 0 0 0 0 0 0 0 0 0 0 0 0 0.4 0 0 0 0 0 0 0 0 0 0 0 0 0 0.2 0 0 0 0 0 0.2 0 0 0 0 0 0 0.4 0 0 0 0 0.6000000000000001 0 0 0 0 0 0 0.4 0 0 0 0 0 0 3 2 0 0 0 1.2000000000000002 0 0 0.2 0 1.8 2.2 2.8000000000000003 0 0 1.4000000000000001 0 0 0 0 0 0 0 0 0 0 0 0.2 0 0 0 0 0 0 0 0 0 0 0 0 0 0 0 0 0 0 0 0 0 0 0 0 3.2 0 0 0 0 0 0 0.8 0 0 0 0 0 0 0 0 0 0 0 0 0 0 0 0 0 0 0 0.4 0 0.4 0 0 1 0 0.4 0 0 0 0 0 0 0 0 0 0 0 0 0 0 0 0 0 0 0 0 0 0 0 0 0 0 0 0 0 0 0 0 0 0 0 0 
 26.400000000000002 28.8 28.200000000000003 31.6 51.400000000000006 9.600000000000001 9.200000000000001 55.2 64.8 36.6 12.4 7 6.4 48.800000000000004 59.2 26.6 52.800000000000004 24.6 43.800000000000004 0 0 0.6000000000000001 0 0 0 1 0.6000000000000001 0.8 0.4 0.4 0.2 0 0.6000000000000001 0 14.8 0.4 0 1.6 0.8 0.6000000000000001 1.2000000000000002 0.2 0 0.6000000000000001 0 0 0 0.2 0 0 0.6000000000000001 0 0.6000000000000001 0 0.2 0 0 0 0.8 0 0 0 1 0.4 0.4 0 0 9.4 0 0 0.2 0.6000000000000001 1.4000000000000001 0 0 0.4 1.2000000000000002 0 0 0.6000000000000001 4 10.600000000000001 2.2 0.2 2.2 0.4 6 9.200000000000001 8.6 2.8000000000000003 1.2000000000000002 0 2.6 8.200000000000001 1.6 5.6000000000000005 10.4 2.8000000000000003 4.2 10.4 0 0.4 0 0 0 0 0 0 0 0 0 0 0 0 0 0 0 0 0 0 0 0 0 0 0 0 0 0 0 0 0 0 0 0 0 0 0 0 0.2 0.4 0 0 0 0 0 0 0 0 0 0 0 0 0 0 0 0 0 0.2 0 0 1 3.6 5.800000000000001 0 1.2000000000000002 0.4 6.800000000000001 9.8 2.2 0 6.2 0 3.4000000000000004 0.2 0 3 0 6.6000000000000005 5 0 0.2 0 0 0 0 0 0 0 0 0 0 0 0 0 0 0 0 0 0 0 0.2 0 0 0 0 0 0 0 0 0 0 0.4 0 0 0 0 0 0 0 0 0.2 0 0 0 0.2 0 0 0 0 0 0 0 0 0 0.2 0 0 0 0 0 0 0 0 0 0 0 0.4 0 0 0 2.4000000000000004 2.6 0 0 0 0 0 0 0 0 0 0 0 0 0 0 0 0 0 0.4 0 0 0 0 0 0 2 0 0 0 0 0 0 0 0 0 0 0 0 0 
 0 0.2 0.2 0.2 29.400000000000002 1.4000000000000001 0 12.4 0 0 14.8 22.6 0 0 0 15.4 0 0 0 0 0 15.600000000000001 49.6 25 9.200000000000001 5.800000000000001 52 40.800000000000004 39 76.4 12.4 4.2 126.80000000000001 36.2 28.8 20.6 19 15.600000000000001 73.2 10.600000000000001 0.6000000000000001 0 0 0.6000000000000001 0.2 0 0 0 0 0 0.6000000000000001 0 0.2 0 12.600000000000001 0.6000000000000001 0.2 2.4000000000000004 0.4 0 0 0 0 0.4 0 0.6000000000000001 0 0 0 0.6000000000000001 1.4000000000000001 0 0 0 0 7.2 0 0 0 0 0 0 0.2 0.2 0.4 4 0 0 0 0 0 0 0 0 0 0 0 0 0 0 4.4 4.6000000000000005 4.6000000000000005 4.6000000000000005 2.8000000000000003 0 0.4 1 0.2 0 10 1.6 4.2 2 2.6 0 2.4000000000000004 2 4.6000000000000005 3.4000000000000004 0 0 0 0 1.8 0.4 0.2 0 0 0 0 0 1.8 0 0 0 0 0 2 0 0 0 0.2 0 0 0 0 0 0.2 0 0 0 0 0 0 0 0 0 0 0 0 0 0 6.800000000000001 0 0 0 0 0 1.4000000000000001 0 0 0 0 0 0 0.8 9 0 0 4.4 5.800000000000001 6.2 2.6 3 0 4 7.2 3.4000000000000004 0.4 1.6 0 2.8000000000000003 1.2000000000000002 7.800000000000001 4.6000000000000005 1.2000000000000002 0 5.800000000000001 4 0 0 0 0 0 0 0 0 0 0 0 0 0 0 0 0 0 0 0 0 0.4 0 0 0.4 0 0 0 3.6 0 0 0 0 0 0 0 0 0 0 0 0 0 0 0 0 0 0 0 0 15.200000000000001 14.8 0 0 0 0 0.6000000000000001 0 0 0 0 0 0 0.4 0 0 0 0 3.4000000000000004 0 0 0 0 0.4 0 0 0 0 0 2.4000000000000004 0 0 0 3.8000000000000003 0 0 0 0 0.4 0 0 0 
 1 0.4 0.2 0 12.600000000000001 0 0 0 0 0 0 0.4 0 0 0 14.600000000000001 0 0 14.600000000000001 0.6000000000000001 15.600000000000001 0 24.8 33.6 8.4 26 29 24 15.200000000000001 26 22.6 7.2 57.6 84 21.6 31.6 25 25 26.400000000000002 7.800000000000001 1 0 1.2000000000000002 0.6000000000000001 0.4 0 12.8 0 0.4 0 2 0.6000000000000001 0 0 0 0.4 0.4 1.2000000000000002 13 4.4 0 0 0 0.4 0 0.6000000000000001 0 0 0.4 9.4 0 0 0 0 0.4 1.8 0 0 0 0.4 0 0 0 0 0 0 0 0 0 0 0 2.8000000000000003 0 0 0 0 0 0 0 0 4.2 7 0.2 2.4000000000000004 4.2 5.2 1 0.4 7.6000000000000005 5.800000000000001 2.6 2.2 0 0 4.4 4.800000000000001 2.8000000000000003 0 0 0 0.8 0.2 0 0 0 0 0 0.4 0 0 0 0 0 0 1.8 0 0 0 0.2 0 0 0 0 0.6000000000000001 0 0 0 0 0 0 0 0 0 0.2 0 0 0 0 0 3.8000000000000003 0 0 0 0 0 2.6 0 0 0 0 0 0.2 0 1.6 0 0 0 0 0 0 4.800000000000001 4.800000000000001 0 4 4.6000000000000005 0.4 0 5.2 4.6000000000000005 2 2.6 7.4 0 7 2.6 3.8000000000000003 3.2 4.2 0 0 0 0 0 0 0 0 6.4 0 0 0 0 0 0 0 0 0 0 0 0 0.2 0 0 0 0 0 0 0 0 0 0 0.4 0 0.2 0 0 1.6 0 0 0 0 0 0 2.4000000000000004 0 0 0 0 0 0.2 0 0 0 0.4 0.2 1.2000000000000002 0 0.2 0 15.200000000000001 0 0.6000000000000001 2.2 0.4 0 0 0 0 0 0 0 1.8 0 0 4 0 0 0 0 0 3.2 0 2.2 0 0 0 0 0 0 0 0 
 0 0 0 42 14.600000000000001 0 0 0 0 0 0 0.2 0 0 0 0 0.4 0 0.4 0 49.6 24.8 0 29.8 24.8 3.2 74.60000000000001 36 38.2 43.6 8 51.2 17 35.4 55.2 23.200000000000003 22.400000000000002 31.8 5.6000000000000005 8.8 1.8 0 0 13.4 0.2 0 0 0 0 0.4 1.2000000000000002 0 13.600000000000001 1 0 1.2000000000000002 1.4000000000000001 3.2 13 4.2 1 0 0.2 0.6000000000000001 0 2.4000000000000004 1 0.2 0 1.8 1 0.6000000000000001 0 0 0 2 0 1.6 0.6000000000000001 0.4 0 0 0 0 0 0 0 0 0 0 0 0 0 0 0 0 0 0 0 1.4000000000000001 2.6 0.4 7.2 7.2 1.8 1.8 0 0 2.8000000000000003 2.4000000000000004 5 6.6000000000000005 0 0.2 2.4000000000000004 0 3.6 5.800000000000001 4 5.2 0 0 2 0 0 0 3.4000000000000004 0 0 0 0 0 0 0.2 0 0.8 0 0 0.2 6 0 0 0 0 0 0.4 0 0.2 0 0 0 0 0 0 0 0 0 0 0 0 0 0 0 0.6000000000000001 0 0 0 2.2 0 0 0 0 0 0 0 0 0 0 0 0 0 2.2 13.600000000000001 4 2.4000000000000004 2.2 1.4000000000000001 0 2.6 5.6000000000000005 2.2 2.8000000000000003 0 0 2.4000000000000004 5.800000000000001 0 0 2 0 1.8 0 0 0 0 0 0 2.6 0 0 0 0 4.800000000000001 1.2000000000000002 0 0 0 0 1.2000000000000002 1.6 0 0 0 0 0 0 0 0 0 0 0 0 0 0 0 0 0 0 0 0 0 0 0 0 0 0 0 0 0 0 0 0 0 0 0.6000000000000001 0.4 0.6000000000000001 15 0 0 0 0 0 0 0 0 0 0 0 0 0 0 0 0 0 0.2 0.2 0 0 0 0 0 0 0 0 0 2.4000000000000004 0 0 0 
 0 0 0.2 0 0 0 0 0.8 16.400000000000002 0 0 0.8 0 0 14.8 0.4 0.6000000000000001 0 0.4 0 25 33.6 29.8 0 43.6 9 38.800000000000004 57.6 13.4 47.6 70.2 15.8 13 32 14.8 16.6 41 71 15.4 11.4 0.6000000000000001 0 0 0.4 0 0 13 0 0 0 0.4 0 12.600000000000001 12.600000000000001 0 0.2 0.6000000000000001 0.2 13.8 5.2 0 0 0 0.6000000000000001 0 0.6000000000000001 0 1 0 0.6000000000000001 0.4 0.4 0 0 0 0 0 0 0 0 0 0 0 0 0 0 1 0 0 0 0 0 0 0 0 0 0 0 0 0 0 1 3.4000000000000004 6.2 10.200000000000001 3 2.6 0 2 5.6000000000000005 0 0 0 0 0 3.8000000000000003 2.8000000000000003 0 0 4 0.4 0 3 0 0 3.6 2.4000000000000004 1.8 4.4 0 0 0 6 0 3.8000000000000003 0.2 0 2 2.4000000000000004 0 0 0.2 0 1 0 0 0 0 0 0 0 0 0 0 0 0 0 0 0 0 0 0 0 0 0 0 0 0 0 0 0 0.2 0 2.6 0 0 0 0 0 0 0 0 1.8 3.4000000000000004 5.6000000000000005 0.2 0 0 2.2 0 4.4 7.800000000000001 0 3.2 0 0 3 0 0 0 4.2 0 3.2 0 0 0 5.4 0 1.8 0 0 0 1.6 0 2.4000000000000004 0 0 1.4000000000000001 1.4000000000000001 2.2 0 0 0 0 0 0 0 0 0 0 0 0 0 0 0 0 0 0 0 0 0 0 0 0 0 0.2 0 0 0 0 0 0 0 0 1.2000000000000002 0 0.4 15 16 0 0.2 2.8000000000000003 0 0 0 0 0.2 0 0 0 0 0 0 0 0 0 0 0 0 0 0 3 0 0 0 2 0 0 0 0 
 0 0 0.2 0.8 0 0 1.2000000000000002 19 0 0 0 0 0 0 14.8 0.4 2 14.600000000000001 0 0 9.200000000000001 8.4 24.8 43.6 0 51.6 67.2 16.2 57.6 24 19.8 40.6 17.2 57.6 20.400000000000002 59.800000000000004 22.6 66.4 9.200000000000001 12.200000000000001 16.8 0 0 0.6000000000000001 0.4 0 0 0 0 0 0.6000000000000001 0 15 5 0.6000000000000001 0 0.4 0 12.8 0 0 0 0 0.4 0 0.6000000000000001 0.8 0.8 0 0.6000000000000001 1 0 0 0 0 0 0 0.4 0 0 0 0.6000000000000001 0 0 0 0 0 0 0 0 0 0 0 0 0 0 0 0 0 0 0 0.6000000000000001 2.2 7 2.8000000000000003 0 0 0 0 0.2 1.8 0 0 0 0 1.8 0 4.4 0 3.8000000000000003 0 0 0 0 0 0 0 1.6 2.2 2 0 0 4.6000000000000005 0 1.6 0.2 0 1.8 3.6 2.4000000000000004 0 0 0 0.2 0 0 0 0 0 0 0 0 0 0 0 0 0 0 0 0 0 0.4 0 0 0 0 0 0 0 0.8 0 0 0 0 0 0 0 0 0 0 2 0.2 3.8000000000000003 0.2 0 2.6 0 0 0 1.8 2 4.6000000000000005 0 0 0 5 4 4.6000000000000005 0.4 0 2.2 0.4 0 0 0 0 0.2 4.800000000000001 0 1.4000000000000001 0 0 2.8000000000000003 2.4000000000000004 0 1.2000000000000002 0 0 2.4000000000000004 2.4000000000000004 0 0 0 0 0.2 0 0 0 0 0.2 0 0 0 0.4 0 0 0 0 2.2 0 0 0 0 0 5.6000000000000005 0 0 0 0 0 0 0 0 0 1.4000000000000001 1 0.2 1 0 3 1.2000000000000002 0.6000000000000001 0 0 0 0 2 0 0 0 0 0 0 0 0 0 0 1.2000000000000002 0 0 0 0 0 0 0 0.2 0 0 0 0 
 0.4 0 0 0 0 0 0 0.2 0 0 0 0 0 0 0 0 0 0.4 0.6000000000000001 1 5.800000000000001 26 3.2 9 51.6 0 4.6000000000000005 7.6000000000000005 29 69.2 31.400000000000002 58.6 11 25.6 26.200000000000003 44 12.600000000000001 43.6 11.600000000000001 7.6000000000000005 14.200000000000001 0 0 1.2000000000000002 0 0 0 0 1.2000000000000002 0 1.2000000000000002 0 12.8 0 0 0 0.8 0 13.4 0 0 0 0.6000000000000001 0.4 0.2 1.6 1 0.2 0 0.6000000000000001 0 0 0.6000000000000001 0 0 0.2 0.6000000000000001 0 0 0 0 0 0 0 0 0 0 0 0 0 0 0 0 0 0.2 0 0 0 0 3 0 0 1.4000000000000001 8 0 2.2 0 0 2.4000000000000004 6.6000000000000005 5.800000000000001 0 0 0 0 1.8 2.8000000000000003 12.600000000000001 0 0 0 2 0 0 0 0 2 0 0 1.8 0 0 4.800000000000001 4.2 0 2.4000000000000004 0 0 10.4 5.2 0 0 0 0 0 0 0 1 0 0 0 0 0 0 0 0 0 0 0 0 0 0.2 0 0 0 0 0 0 0 0 0 0.6000000000000001 0 0 0 0 0 1.2000000000000002 0 0 0.2 3.4000000000000004 3.8000000000000003 1.6 1.6 4.4 0 2.8000000000000003 6.4 4.4 6.800000000000001 0 0 0 0 4 3 6.800000000000001 0 0 3.2 0 0 0 0 0 3.6 0 0 0 0 0 4 2.6 0 0 1.8 0 1.4000000000000001 0 0 0 0 0 0 0 0 0 0 0 0 0 0 0 0 0 0 0 0.4 0 0 1.6 0 0 0 0 0 0 0 0 0 0 0 0 1.2000000000000002 0 0 0.6000000000000001 16 0 0.8 1 0 0 0 0 3.4000000000000004 0 0 0 0 0 0 0 0 0 0 0 0 0 0 0 0 0 0 0 0 0 0 0 
 0.6000000000000001 15.8 15.600000000000001 1 3.8000000000000003 24 0.6000000000000001 0.6000000000000001 0.8 0.6000000000000001 0.4 16 0.6000000000000001 0.6000000000000001 0.6000000000000001 5.6000000000000005 7 5.4 0.6000000000000001 0.6000000000000001 52 29 74.60000000000001 38.800000000000004 67.2 4.6000000000000005 0 92.2 12.8 27.400000000000002 10.600000000000001 28.200000000000003 161.4 75.8 10.8 28.6 47.800000000000004 64.4 120 46.6 0.8 0 0 0.6000000000000001 0.4 0 0 0 0 0 2.2 0 0 0 0 0 0.2 0 0.4 0 0 0 0 0.4 0 0.6000000000000001 0 0 0 0.6000000000000001 0 0 0 0 0 0 0 0 0 0 0 0 4.800000000000001 5.2 0 1.2000000000000002 0 0 0 0 0 0.6000000000000001 0 0 0 0 0 2.2 0 0 1.2000000000000002 6 3.2 3.4000000000000004 0 0 7.6000000000000005 0 2.2 0 2 0.2 6 1.2000000000000002 4.6000000000000005 2.6 0 3.4000000000000004 4.4 1 0 0.2 0 0 0 0 0 0 0 0 2.4000000000000004 0 3.6 0.2 0 0 0 0.4 0 0 0 0 0 2.2 0 0 0 0 0 0 0 0 0 0 0 0 0 0 0 0 0.4 0.2 0 3 0 0 0 0 0 0 2.2 6.4 0 0 0 0 9 0 0 0 3.8000000000000003 6.2 7.2 2.6 0 0 8.4 0.2 0 6.2 0 0 2 2.4000000000000004 9.200000000000001 10.4 3.8000000000000003 2.2 3.2 2.8000000000000003 0 0 0 0 0 0 0 0 0 0 0 0.2 0 0 0 0 0 0 0 0.2 0 0 0 0 0 0 1.2000000000000002 0 0 0 0 0 0 0 0 0 0 0 0 0 0 0 0.2 0 0 0 0 0 0.8 0.2 0 0 3.6 0 0 0.2 0 0 0 0.4 0.4 0.4 0 0 0 0 0 0 0 0 0 0 0 0 0 0 0 0 0 0 0 0 0 0 0 0 0 0.6000000000000001 0 0.2 
 5.6000000000000005 0.4 0.4 0.4 1 15.200000000000001 0.4 0.8 0.4 0.4 12.600000000000001 1 0.6000000000000001 0.4 0.4 0.6000000000000001 17.400000000000002 15.600000000000001 0.4 0.8 40.800000000000004 24 36 57.6 16.2 7.6000000000000005 92.2 0 24.400000000000002 54 39.400000000000006 54 78 35 59 66.8 53 28.8 160.60000000000002 69.60000000000001 1 0 4.6000000000000005 0.6000000000000001 0.4 0 0 0 0.4 0 0.6000000000000001 1.4000000000000001 0 0 0 1.6 0.4 0.6000000000000001 13.4 1 0 0 0 0.6000000000000001 0 0.6000000000000001 0 0.2 0 0.6000000000000001 0 0.2 0 0 0.2 0 0 0 0 0.4 0.4 0 0 3.2 3.8000000000000003 2 0 0 0 0.2 0 1.8 0 3 0.2 0 0 0 0 0 5 5.4 3 2.2 2.2 7.4 3.8000000000000003 7.800000000000001 3.2 0.6000000000000001 0.2 0.4 5.800000000000001 1.8 5.4 2.8000000000000003 4.6000000000000005 0 0 0 3.4000000000000004 0 0 0 0 0 2.2 0 0 0 0 0 0 0 1.8 0 0 0 5.2 3.6 0 0 0 0 0 0 0 0 0.6000000000000001 0 0 0 0 0 0 0 0 0 0 0 0 0 0.6000000000000001 0 2 0 0 0 0 0 2.6 2.2 0 0 0 0 1.2000000000000002 1.2000000000000002 0 0 0 3 2.6 0.6000000000000001 0.2 5.800000000000001 0 2.4000000000000004 3.6 18 4.4 2.8000000000000003 4.800000000000001 4.2 2.2 0 2.4000000000000004 3.4000000000000004 1.6 0.4 0 0 0 0.4 0 0 4.800000000000001 0 0 0 0 0 0 0 0 0 0.4 0 0.4 0 0 0 0 0 0 0 0 0 0 0 0 0 0 0 0 0 0 0 0 0 0 0 0 0 0 0.2 0 0 0 0 0 0 3.6 0 2 0 0.2 0.8 15.4 0.2 5 0 0 0 0 0 0 0 0 0 0 0 0 0 0 0 0 1.2000000000000002 0 0 0 0.2 0 0 0 2.4000000000000004 0 0 0 0 
 0.8 0.4 1.4000000000000001 0.6000000000000001 12.8 0.4 0.6000000000000001 0.6000000000000001 0.4 0.4 0 0.6000000000000001 0.2 0.2 0.4 0.2 0.4 1 0.8 0.4 39 15.200000000000001 38.2 13.4 57.6 29 12.8 24.400000000000002 0 53.2 24.6 26.400000000000002 22.6 42.400000000000006 20.8 29.8 12.200000000000001 67.8 60.2 11.200000000000001 0.6000000000000001 0 0 0.6000000000000001 0 0 0 0 0 0 0.6000000000000001 0 0 0.2 0 1 0.4 2.4000000000000004 14.200000000000001 12.600000000000001 0 0 0 0.6000000000000001 10.200000000000001 0.6000000000000001 0 0 0 0.6000000000000001 0 0.4 0 0 0 1.2000000000000002 0 0 0 0 0 1.4000000000000001 0 1 0 0 0 0 0 0 0 2.8000000000000003 0 0 0.4 0 0 0 0 0 0 0 3 2.4000000000000004 0 4.6000000000000005 3 3.4000000000000004 5.2 3 7.800000000000001 22.200000000000003 0 2 15.200000000000001 4.2 13.8 8.4 7.6000000000000005 4.2 2.2 0 0 0 0 0 0 1.6 0 0 0 0 0 0 2 0 0 0 0 3.2 0 0 0 0 0 0 0 0.8 0 0 0 0 0 0 0 0 0 0 0 0 0 0 0.6000000000000001 0 0 4.800000000000001 0.4 0 0 0.2 0 3.4000000000000004 0 0 0 0 4 0 0 0 6 0.2 6.6000000000000005 1.2000000000000002 6.2 6 0.2 7.4 2.8000000000000003 2.2 2.2 2.8000000000000003 0 3.8000000000000003 5 2 1.2000000000000002 7.800000000000001 0 0 4 0 0 0 0 0 3.8000000000000003 0 0 0 0 0 0 0 0 0 0 0 0 1.6 0 0 0 0 0 0 0 0 0 0 0 0 0 0 0 0 0 0 0 0 0 0 0 0 0 0 0 0 0.2 0 0 0 0 0 1.2000000000000002 0 0 0.2 15.8 0.2 3.4000000000000004 0.2 0 0 0 0 0 0 0 0 0 0 0 0 0 0 0 0 0 3.4000000000000004 0 3.4000000000000004 0 0 0 0 6.2 0 0 0 
 0 0 0 0 0 0 0 0 0.4 0 0 0.2 0 0 0 0 0.4 0 0 0.4 76.4 26 43.6 47.6 24 69.2 27.400000000000002 54 53.2 0 20.8 37.800000000000004 25.400000000000002 65.4 39.800000000000004 32.4 22.200000000000003 51.6 19.200000000000003 13 0 0 0.6000000000000001 0 0 0 0 0 0 0 0.4 0 0 0 0 2 0 1.8 5.6000000000000005 12.600000000000001 0 0 0 0 0 1 0.4 0 0 0 0 0 0 0 0 2 0 6.6000000000000005 0 0 0 0.2 0 0 0 0 0 0 0 0 0 0 0 0 0 0 0 0 0 0 4.2 0.4 10.200000000000001 9 1.8 8 0 3.6 9.600000000000001 1.8 3.4000000000000004 4.6000000000000005 0 0 4 2.6 9.600000000000001 5.2 2.4000000000000004 4 2.8000000000000003 0 0 0 0 0 3 0 0 0 0 0 2.8000000000000003 0 0.4 0 0 0 5.4 0 0 0 0 0.6000000000000001 0 0 0 0.2 0 0 0 0.4 0 0 0 0 0 0 0 0 0 0 0 0 0 0 0 0.4 0 0.4 0 0 0.2 0.8 0 0 0.8 0 0 0 1.8 3 6.6000000000000005 0.2 4.6000000000000005 4.6000000000000005 0 2.6 5 3.6 6.4 2.2 0 2.2 2.4000000000000004 1.6 2.6 5.4 0 0 0 2.4000000000000004 0 0 0 0 3.4000000000000004 0 0 0 0 0 0.2 0.2 0 0 0 0 0 0 0 0 0 0 0 0 0 0 0 0 0 0 0.2 0 0 0 0 0 0 0 0 0 0 0 0 0 0 0 0 0 0 0 0 0 0.4 0 0 15 9.8 0 6.2 0.4 0 0 0 0 0 0 0 0 0 0 0 0 0 0 0 0 0 0 0 2.6 0 0 0 2.6 1.4000000000000001 0 0 0 
 0.2 0.2 0.4 0 0 0.6000000000000001 0 0 0.2 0.2 0.4 0 0.4 0.4 0.2 0.4 0.2 0.2 0 0.2 12.4 22.6 8 70.2 19.8 31.400000000000002 10.600000000000001 39.400000000000006 24.6 20.8 0 71.4 24.200000000000003 31.8 21.6 26.6 78.2 55.800000000000004 54.6 31 0.6000000000000001 0.2 0 0.6000000000000001 0.6000000000000001 0 1.2000000000000002 0 1.2000000000000002 0 1 0 0.6000000000000001 4.800000000000001 0 0 0.8 0 20.6 12.8 0 0 1.2000000000000002 0.4 0 0.6000000000000001 0.4 0 0 0.6000000000000001 0 0 0 0 0 0 0.4 0.4 0 0 0 0 0 0 0 0 0 0 0 0 0 0 0 0 0 0 0 0 0 0 2.6 6.800000000000001 0 8 4.4 10.8 0 3 3.6 5.2 0 6.4 0 0 1.8 1.4000000000000001 0.2 2.8000000000000003 0 0 5 5.4 0 2.4000000000000004 0 0 5.6000000000000005 0 0 0 0 0 0 4.4 2.4000000000000004 3.6 1.4000000000000001 0 2.6 3 0 0 0 0 0 1 0 0.2 0 0 0 0 0 0 0 0 0 0 0 0 0 0 0 0 0 0 2.4000000000000004 0 0 0 0 0 0 1 0.4 0 3 0 0 0 2.8000000000000003 3 0 8.6 3.8000000000000003 13.4 0 5 7.4 0.6000000000000001 1.6 7 2.8000000000000003 1.4000000000000001 0 4.6000000000000005 0 4.6000000000000005 0 0 0 0 0 0 0.4 0 6 2.2 0 0 0 0 4.800000000000001 0 0 0 0 0.4 3.8000000000000003 0 0 0 0 0 0 0 0 0 0 0 0 0 0 0 0 0 0 0 0 0 0 0 0.2 0 0 0.2 0 0 0 0 0 0 0 0.2 2 0 0.8 30.200000000000003 16.2 0.8 3.6 0 0 0 0 0.2 0 0 0 0 0 0 0 0 0 0 0 0 0 2.4000000000000004 0 0 0 0 0.2 2.4000000000000004 0 0 0 0 
 0 0 0.4 0 0 0.4 0 0 0 0 0 0 0 0.2 0 0 0 0 0 0 4.2 7.2 51.2 15.8 40.6 58.6 28.200000000000003 54 26.400000000000002 37.800000000000004 71.4 0 9.600000000000001 13.600000000000001 26.6 6 29.8 58.2 6.6000000000000005 10.8 0.6000000000000001 0 0 0.4 0 0 13.8 0 1 0 0.4 0 12.4 0 0 0 0.6000000000000001 0 0.6000000000000001 0.4 0 0 0 0.6000000000000001 0 0.6000000000000001 0.4 0.6000000000000001 0 0.6000000000000001 0.8 0.4 0 0 0 0 0 0.2 0 0 0 0 0 0 0 0 0 0 0 0 0 0 0.4 0 0 0 0 0 0 0 0 0.2 0.6000000000000001 6.2 4.800000000000001 6.6000000000000005 0 0 1.6 4.4 4.4 0 0 0 9.200000000000001 3.4000000000000004 2.4000000000000004 4.6000000000000005 0 0 0 3.2 0 0 0 0 2.4000000000000004 0 5.4 0 0 0 4 3.6 1.6 1.6 0 2 6.4 2.4000000000000004 3 0 0 0.2 0 0 0 0.8 0 0 0 0 0 0 0 0.2 0 0 0 0 0 0 0 0 0 0 0 0 0 0 0 0.4 0 0 0 0 0 1.4000000000000001 0 0 2.4000000000000004 1.6 5.6000000000000005 3.4000000000000004 1.8 2.4000000000000004 0 0 1.8 3.8000000000000003 0 7 0 0 0 1.8 2.4000000000000004 2.4000000000000004 0 0 0 0 0 0 0 0.4 0 0 8.6 0.4 0 0 21.200000000000003 1.8 2.4000000000000004 0 0 0 1.6 0.2 0 0 0 0 0.4 0 0 0 0 0.4 0 0 0 0 0 0 0 0 0 0 0 0 0 0 0 0.4 0 0 0 0 0 0.4 0 0 0.2 0 0.6000000000000001 15.200000000000001 3.2 0.4 0.4 0 0 0 0 0 0 0 0 0 0 0 0 0 0 0 0 0 0 0 0 0 0 0.4 0 2.2 0 0 0 0.8 
