 0 73.2 33.800000000000004 12.8 48.2 48.400000000000006 19.200000000000003 73 52.2 37.6 63.800000000000004 52.800000000000004 68.2 32.800000000000004 23.200000000000003 28 16.8 29.400000000000002 80.60000000000001 34.2 0 0.4 0.6000000000000001 0 0 0 0.6000000000000001 0.6000000000000001 0 0.6000000000000001 0.6000000000000001 0 0.2 0.4 0 0 0.6000000000000001 0 0 0 0 0 0 0.6000000000000001 0 0.6000000000000001 0 0 0 0 0 0.2 0.4 0 0 0 0 0 0 0 14 0 0 0 0.6000000000000001 7 0.4 1.8 0 0 0 0 0.4 0 0 0 0 0 0 0 8.8 3.6 2.2 8.200000000000001 0 0 6.800000000000001 8.200000000000001 0 4 9.8 6.800000000000001 2 0 0 0 4.800000000000001 2.8000000000000003 6.4 5.2 0 0 0 0 0 0 6.2 0 0 0 0 0 0.2 0 0 0 0 0 2.4000000000000004 0 0 0 0 0 0 0 0 0 0 0 0 0 0 0 0 0 2.2 0 0 0 0 0 0.4 0 0.6000000000000001 0 0.4 0 0.6000000000000001 0 0 0 0 0 0 0 0 0 0 0 4.800000000000001 3.8000000000000003 0 0.2 4.6000000000000005 4.4 2.8000000000000003 3.6 6 2.8000000000000003 6 4.2 0 0 0.4 5.2 0 0.2 0 0 0 0 0 0 0 0 0 0 0 0 0 0 0 0 0.2 0 0 0 0 4.2 0 0 0 0 0 0 0 0 0 0 0 0.4 0 0 0 0 0 0 0 0 0 0 0 0 0 0 0 0 0 0 0 0 0 0 0 0 0.2 0 0 0 0 0 0 0 0 0.2 13.200000000000001 0.4 0.2 0 0 0.4 0 2.8000000000000003 0 0 0 0 0 0 0 0 0 0 0 1.6 0 0 0 0 0 0 0 0 0 1.8 4.6000000000000005 4.2 0 0 0 0 0 0 0 0 0 0 0 0 
 73.2 0 34.4 33.2 67.60000000000001 26.200000000000003 43.800000000000004 37.2 92 26.400000000000002 5.4 54.400000000000006 45.2 34.800000000000004 8.8 8 12.4 46.400000000000006 19.400000000000002 27.400000000000002 0.6000000000000001 1.2000000000000002 1.4000000000000001 0.6000000000000001 0 1.2000000000000002 0.8 1.2000000000000002 0.6000000000000001 0.6000000000000001 1.2000000000000002 0 0 1.4000000000000001 0.4 1 0.6000000000000001 0 19.6 15.4 0 0 0 2.4000000000000004 0.6000000000000001 0.4 0 0 0 0.4 1.4000000000000001 0.2 0.4 0.8 0 0.8 0 0 0 0 0.4 6.800000000000001 0.6000000000000001 0 0.6000000000000001 0.8 0.6000000000000001 0.6000000000000001 0 0 6.4 0 1 0 0 0 1 0.4 0 0.6000000000000001 2.6 7 0 0 16.8 2 2.8000000000000003 7.6000000000000005 0 0 3.2 3.8000000000000003 5.4 3.4000000000000004 3.4000000000000004 0.2 1.6 1.8 6.6000000000000005 3 0 0 0 0 0 0 2.6 0 0 0 0 0 3.2 0 0 0 0.8 0 2 2.8000000000000003 0 0 0 0 0 0.2 0 0 0 0 0 0 0 0 0 0 0 0 0 0 0 0 0 0 0 0 0 0 0 0 1 0 0 0 0 0.4 0 0 0.4 0 0 2 5 6 7.800000000000001 0.8 0.2 0.2 0 11.200000000000001 3.6 6.4 0 4.4 0.2 0.4 0.2 1.8 1.8 0.2 0.4 0 0 0 0.4 0.4 0 0 0 0 0 1.8 0 0 0.2 0.4 0 0.4 1.4000000000000001 1.2000000000000002 0 0 0 0 0 0 0 0 0 0 0 0 0.4 0 0 0 0 0 0 0 0 0 0 0 0 0 0 0.4 0 0 0 0 0 0 0 0 0 0 0 0 0 0 0 0 0 0 9.200000000000001 0.4 0.4 0.2 0.4 0.4 0 0 0 0 0 0 0 0 0.4 0 0 0 0 0.2 0 0 0 0 0 0 0 0 0 3.8000000000000003 4 0 0 0 0 0 0 0 0 0 0 0 0 0 
 33.800000000000004 34.4 0 49.400000000000006 53 41.800000000000004 45.400000000000006 81.60000000000001 47.800000000000004 16.6 8.8 49.6 51.6 47.6 12.8 41.400000000000006 30.400000000000002 28.400000000000002 5.6000000000000005 28.200000000000003 0.2 0.6000000000000001 0.4 0.4 0 0 5.4 0.2 0 1.4000000000000001 0.6000000000000001 0 0 1.8 1.2000000000000002 0 0.6000000000000001 0 23.200000000000003 4.800000000000001 0 0 0 0.4 0 0.4 0 0 0 0.8 0 11.8 0.4 12.600000000000001 0 0 0 0 0 0 0 0 0.8 0 0 0 9.600000000000001 0 0 0 0 0 0.4 0 0 0 0.4 0 0 0 2.2 2.4000000000000004 3.8000000000000003 5 6.4 3.8000000000000003 2.8000000000000003 0 6.2 2.8000000000000003 3.6 0.6000000000000001 4.4 0 4 0.6000000000000001 6.6000000000000005 3.6 0 2.6 2 4 4.6000000000000005 0 0 0 0 0 0 0 0 0 0 0 0.4 0 3 0 0 2 0 0 0 0 0 0.2 0 0 0 0 1.2000000000000002 0 0 0 0 0 0 0 0 0.4 0 0 0 0 0.8 0 0 0 1.4000000000000001 0 0 0 0 0 0 0 0 0 0 0 7.6000000000000005 6.2 10.8 0 5.800000000000001 10 0.2 0 3.2 2.2 0.8 1.8 9.600000000000001 0 0.8 6.6000000000000005 0 4.4 0 2 3.2 0 0 0.4 0 0 0 0 4 0 0 0 2.8000000000000003 2.4000000000000004 3.4000000000000004 2.4000000000000004 0 0 3 11.200000000000001 0 0 0 0 0 0 0 0 0 0 0 0 4.2 0 0 0 0 0 0 0 0 0 0 0 0 0 0 0 0 0 0 0 0 0 0.4 0 0 0 0 0 0 3.6 0 0 0 0.4 0.4 0 0 0.4 3 2.4000000000000004 3.4000000000000004 0 0 0 0 0 0 0 0 0 0 0 0 0 0 0 0 0 0 0 0 0 0 3 6.4 4 0 0 0 0 0 0 0 0 0 0 0 0 
 12.8 33.2 49.400000000000006 0 54 9.8 37.4 38.2 64.60000000000001 36.2 11 72 88.80000000000001 37.800000000000004 17.8 52.800000000000004 11 39 22.200000000000003 29.6 0.2 0.8 0.4 0.2 0 0.4 15.600000000000001 0.4 0.8 0.6000000000000001 1 0 0.2 0.8 15.4 0 0.6000000000000001 0 5 0.4 0.4 0 0 0.6000000000000001 0 0.4 0 0 0 0 0 0.2 0.6000000000000001 0 0 0 0 0.8 0 0.6000000000000001 0.2 0 0.2 0 0 0.4 0.6000000000000001 0 0 0.2 0 0 0.4 0 0 0 0 0 0 0 3.6 3 7.4 14.200000000000001 3.2 3.2 2.8000000000000003 5.6000000000000005 4 0 6.6000000000000005 3.2 4.6000000000000005 1.4000000000000001 0.6000000000000001 5 7.2 4.6000000000000005 0 0 3.2 2.2 2.2 0 0 0 0 0 0 0 2.6 0 0.2 2.8000000000000003 3 0 0 0 0 3.2 0 0 0 0.2 0 0 0 0 0 0 1.4000000000000001 0 0 0 0 0.4 0 0 0 0 2.8000000000000003 0 0 0 0 0 1 0 0 0 0 0 0 0.4 0 0 0 0 0 0 3.6 0 9.600000000000001 2 0 6.4 3.4000000000000004 5.4 5.800000000000001 0.2 0 6.2 0.4 0.2 3 17.2 2.8000000000000003 0.8 0.4 0 0 0.2 0 0 0 0 2.2 4.6000000000000005 0 0 0 0 3 2.8000000000000003 7.6000000000000005 2.6 0 0 0 10.600000000000001 0 0 0 0 0 0 0.4 0 0 0 0 0 0 0 0 0 0 0.4 0 0 0 0 0 0 0 0 0.2 0 0 0 0 0 0 0 0 0 0 0 0 0 0 3.2 0 0 0 0 10 0 0.6000000000000001 0.8 0 0.2 3 0 0 0 0 0 0 0 0 0 0 0 0 0 0 0 0 0 0 0 0 0 0 0.2 3.6 0 0 0 0 0 0 0 0 0 0 0 0 0 
 48.2 67.60000000000001 53 54 0 55.400000000000006 13.600000000000001 16.400000000000002 100.60000000000001 64.2 93.2 53.800000000000004 16.8 101.4 32.4 17.400000000000002 10.600000000000001 9.200000000000001 13.8 15.600000000000001 7.6000000000000005 0.8 0 0 0.4 0.4 21.200000000000003 0.6000000000000001 0.2 0.6000000000000001 0.6000000000000001 0 27.200000000000003 30.200000000000003 0.6000000000000001 0.2 0.6000000000000001 0.4 32 7.2 0 0 0 1.2000000000000002 0 0.4 0 0 0 0.6000000000000001 0 11.200000000000001 0.8 0 0 0 0.4 0.6000000000000001 0 0 0 11.200000000000001 0 0 0 0.4 0.4 0 0 0.4 9.600000000000001 1 1 0 0.4 0.6000000000000001 0 0 0 0 0 1 0 5.800000000000001 5.2 4.800000000000001 0 0 2.8000000000000003 0 1 3.4000000000000004 0 0 0.2 2.6 3.8000000000000003 0 0 0 12 4.2 4.4 0 0 0 0 2.2 0 0.4 4 0 2.8000000000000003 2.6 0 0.2 0 0 5.2 6.800000000000001 4.6000000000000005 0 0 0.2 0 0 0 0 0 0 1.8 0.4 0 0 0 0 0 0 0 0 0 0 0 0 0 0 0 0 0 0 0 0 0 0 0 0 0 0 0 0 0 0 0 7.2 0 0 0 1.6 3.4000000000000004 4.6000000000000005 0 1 0.2 2.4000000000000004 0.6000000000000001 0 0.2 0.6000000000000001 0 0 0 0 2 0 0 0 2.6 0 0 2.8000000000000003 0.2 0.4 7 6.6000000000000005 4.4 2 0.4 0 2.6 3.2 0 0 0 0 0 0 0 0 0 0 0 0 0 0 0 0 0 0 0 0 0 0.4 0 0 0 0 0 0 0 0 0.4 0 0 0 0 0 0 0 0 0 0 3.4000000000000004 0 0 0 0.4 0 0.4 0.2 18 0 1.2000000000000002 0 0 0 0 0 0 0 0 0 0 0 0 0 0 0 0 0 0 0 0 0 0 0.4 0 0 0 0 0 0 0 0 0 0 0 0 0 0 0 
 48.400000000000006 26.200000000000003 41.800000000000004 9.8 55.400000000000006 0 9 7.2 15.200000000000001 11.8 59.800000000000004 32 8.200000000000001 23.6 12.8 40.6 32.800000000000004 35.6 117.80000000000001 97.4 17.2 0.6000000000000001 0.4 0.2 0.4 0.8 31.400000000000002 30.6 0.2 15 0.6000000000000001 0 30.6 15.600000000000001 44.400000000000006 0.8 0.6000000000000001 14.4 20.400000000000002 0.2 0.2 0 0 0.6000000000000001 0 0.4 0 0 0 0 0 0.6000000000000001 0.4 0.2 0 0.2 0 0 0 0 0 0.4 0 0.2 0 0 0.8 0 9.8 0 0 0 0.4 0 0 0 0 0 0 0 0 0 0 7.4 10.4 0 0 0 0 0 0 0 0 0 0 0.4 0 0 0 0 9.600000000000001 2 7 2.2 0 0 0.2 2.4000000000000004 1.4000000000000001 0 2.6 0 4.4 7.2 8.6 2.6 0.4 0 2.2 11.600000000000001 0 0 0 0 0 0.4 0 0 0 0 2.2 0 0 0.4 0 0 0 0 0 0 0 2.8000000000000003 0 0 0 4 3.2 0 0 0 0 0 0 0 0 0 0 0 0.2 0 0 1.4000000000000001 0 0.2 0 0 0 0 3.4000000000000004 2.2 0 4 0 0 0 0 0.4 0 0 0 1.2000000000000002 3.6 1.6 0 0 0.2 4.4 11.8 0.2 1.8 2.6 1.6 2.2 12.200000000000001 2 2.6 0.2 5.800000000000001 0 5.6000000000000005 0 0 0 0 0 0 0 0 3.6 0 0 0 0.2 0 0 0 0 0 0 0 0 0 0 0 0 0 0 0.2 0 0 0 0 0 0 0 0.4 0 0 0 0 0 2.8000000000000003 0 0 0 1.6 0.2 0 0 18.400000000000002 0 2.8000000000000003 0 0 0 0 0 0 0 0 0 0 0 0.2 0 0 0 0 0 0 0 0 0 0 0 0 0 0 0 0 0 0 0 0 0 0 0 0 0 0 
 19.200000000000003 43.800000000000004 45.400000000000006 37.4 13.600000000000001 9 0 46.6 7.6000000000000005 52.6 8.4 58.800000000000004 56.6 53.400000000000006 34.800000000000004 4.4 42.2 8.8 42.400000000000006 27 0 0.6000000000000001 0.4 0 0 0.4 1.2000000000000002 0.4 0 0.6000000000000001 0.6000000000000001 0 0.2 0.4 0 0 0.6000000000000001 0.2 0 0 0 0 0 0.6000000000000001 0 0.4 0 0 0 0 0 0.2 0.4 0 0 0 0 0 0 1.2000000000000002 0 0 0 0 0 0 0.4 0 0 0 0 0 0.4 0 0 0 0 0 0 0 7.4 13.4 2.4000000000000004 0 0 1.8 7.6000000000000005 5.2 9.200000000000001 2.2 3.4000000000000004 0.2 2.2 2 2 1.4000000000000001 5.4 9.4 3.4000000000000004 8 0.2 0 0 0 0 0 3 0.4 0 0 0 0 4.800000000000001 0.4 0 0 0.2 3.8000000000000003 2.2 0 0 0 0 1.4000000000000001 0 0.2 0 0 0 0 0 4.800000000000001 0 0.4 0 0 0 0 0 0 0 0 0 0 0 0 0 0 0.2 0 0 3.8000000000000003 0 0 0 0.2 0 0 0 0 2.8000000000000003 0 0 2.6 1.4000000000000001 2.6 2.6 3.4000000000000004 4.800000000000001 3.2 3.4000000000000004 2.6 1.8 2.2 1.2000000000000002 0.2 6.4 3.2 0 0 0 0 0 0 0.2 0 0 0 0 0 0 0 0 0 0 0.2 2.2 2.4000000000000004 0 0 0 0 0 0 0 0 0 0 0 0 0 0 0.2 0 0 0 0 0 0 0 2.4000000000000004 0 0 0 0 0 0 0 0 0 0 0 0 0 0 0.4 0 0.2 0 0 0 0 0 0 0 0 1.8 0.2 21.200000000000003 0 0 0.4 0 0 0 0 0 0 0 0 0 0 17.2 0 0 0 0 0 0 0 0 0 0 0 0 0 4.6000000000000005 0 0 0 0 0 0 0 0 0 0 0 0 0 
 73 37.2 81.60000000000001 38.2 16.400000000000002 7.2 46.6 0 54.800000000000004 34.6 19.200000000000003 13 40.6 47.6 36.6 74.60000000000001 12.8 27.8 95.60000000000001 26.8 0 0.4 0 0 0 0 0.6000000000000001 0.4 0 0.6000000000000001 0.6000000000000001 0 0.2 0.4 0.2 0 0.6000000000000001 0 0.2 15.200000000000001 0 0 0.4 0.6000000000000001 0 0.4 0 0 0 0 0 1 0.4 0 0 0 0 0 0 0 0 0 0 0 0 0 0.4 0 0 0 0 0 0.4 0 0 0 0 0 0 0 4.6000000000000005 4 0.4 0.2 0 2.8000000000000003 0 4.4 5.6000000000000005 4.800000000000001 0 10.600000000000001 0 0 2 4 8.6 6.6000000000000005 3 2.2 0 0 0 0 2.6 0.2 0 0 0 0 0 0 3.4000000000000004 0 4.800000000000001 0 0 0.2 0 0 0 0 0 2 0 0 0 0 0 0 0 0 0 0 0 0 0 0 0 0 0 0 0 0.4 0 0 2.6 0.4 0 0 0 0.4 0 0 0 0 3 0 0 0 0.2 0.2 0.8 0 0 0 2 0 3.8000000000000003 6.4 4.2 2.8000000000000003 5.800000000000001 5.4 7.4 5.6000000000000005 4 0 0 2.6 0 0 0 0 0 0 0 0 0 0 0 0.4 2.8000000000000003 0 0 0 0 0 0 2.8000000000000003 0 0 0 0 0 0 0 0 0 0 0 0 0 0 0 0 0 0 0 0 0 0 0 0 0 0 0 0 0 0 0 0 0 0 0 0 0 0 0 0 0 0 1.8 0 0 0 45.400000000000006 0 18.8 19.6 0.4 2.8000000000000003 0 0 0 0 0 0 0 0 0 0 0 0 0 0 0 0 0 0 0 0 0 0 0 0 0 0 0 0 0 0 0 0 0 0 0 0 0 0 
 52.2 92 47.800000000000004 64.60000000000001 100.60000000000001 15.200000000000001 7.6000000000000005 54.800000000000004 0 31.6 43 48 17.2 68 74.8 29.8 47.800000000000004 26.400000000000002 18.6 29.400000000000002 0 0.4 0 0 0 0 0.4 0.2 0.2 0.6000000000000001 0.6000000000000001 0 15.4 15.8 0 0 0.8 0 34.4 17.8 0 0 0 0.6000000000000001 0 0.4 0 0 0 0.4 0 0 1.2000000000000002 0 0 0 0 0.2 0 0 0 0 0 0 0 0 0.4 0 0 0 7.6000000000000005 0 1.2000000000000002 0 0 0 0 0 0 0 2.2 2.6 0.2 0.8 6 6.2 2.8000000000000003 0 5.6000000000000005 1.8 7.4 0.4 0 0 0 2.6 2.6 0 0.2 0 0.2 0 0 0 1.4000000000000001 0 1.2000000000000002 2 0 0 0 0 5.4 4 0.2 0 4.2 0 0 2 0 0 0 0 0 2 0 0 0 0 0 0 0 0 0 0 0 0 0 0 4.6000000000000005 0 0 0 0 0 0 0 4 0 0 0 0 0.8 0 0 0 0 0 0 0 1 4.800000000000001 0.8 1.2000000000000002 2.6 0 0.2 0 8.200000000000001 0.2 4 3 0 3 2.4000000000000004 0 1.8 0 2.6 2.8000000000000003 0 0 0 0 0 0 0 0 0 0 0 0.2 0 2 0 0 0 3 4.6000000000000005 0 0 0 0 0 0 0 0 0 0 0 0 6.800000000000001 0 0 0 0 0 0 1.6 0 0 3.8000000000000003 0 0 0 0 0 0.4 0 0 0 0 0 0 0 0 0 0 0 0 0 0 0 0 0.8 0.2 0.4 0.2 30.200000000000003 3.8000000000000003 0 0 0 0 0 0 0 0 0 0 0 0 0 0 0 0 0 0 0 0 0 0 0 0 3.2 3.4000000000000004 4.6000000000000005 0 0 0 0 0 0 0 0 0 0 0 0.2 
 37.6 26.400000000000002 16.6 36.2 64.2 11.8 52.6 34.6 31.6 0 38.2 9.600000000000001 15.8 20.6 41.800000000000004 84.2 43.2 76.4 22.400000000000002 18.2 0 0.4 0.6000000000000001 0 0 0.6000000000000001 0.6000000000000001 0.2 0 15.4 0.6000000000000001 0.4 0 0.4 0 0 0.6000000000000001 0 14.8 0 0.4 0 0 0.8 0.2 0.6000000000000001 0 0 0 0 0 13 0.4 0 0.4 0.6000000000000001 0 0 0 0 0 0.2 0.4 0 0.4 0 0.4 2.4000000000000004 0.6000000000000001 0 0 0 0.4 0.6000000000000001 0 0 0 0 0 0.2 0 1.8 2 4.4 3.2 1.6 0 4.800000000000001 7 5.2 0 9.600000000000001 0 3.2 0 4.4 6 3.2 2.8000000000000003 1.4000000000000001 0 0 0 0 0 0 0 0 0 0 0 0 7 0.2 2 0 0 0 0 0 0 0 0 0 0 0 0 0 0 0 0 0 0 0 0 0 0 0 0 3.6 2 0 0 0 0 0 0.4 0 0 0 0 0 0 0 0 2.4000000000000004 0 0 0.4 0 4.2 0 2.6 5 4.2 0 3.4000000000000004 16 0 3.2 2.2 2.2 3.6 3.2 0 5.800000000000001 3.4000000000000004 3 9.4 0 0 0 0 0.4 0.4 0 0 0 0 0 3 0 6.4 0.4 0 0.2 0 0 0 6.6000000000000005 0 0 0 0 0 0 0 0 0 0 0 0 0.4 0 0 0 0 0 0 0 0 0 0 0 0 0 0 0 0 0 0 0 0 0 0.4 0 0 0 0 0 0 0.2 0 0 0 0 0.4 0 0.4 19 0 2 0 1.2000000000000002 0 0 0 0 0 0 0 0 0.6000000000000001 0 0 0 0 0 0 0 0 0 0 0.4 0 1.6 0 3.4000000000000004 0 0 0 0 0 0 0 0 0 0 0 0 
 63.800000000000004 5.4 8.8 11 93.2 59.800000000000004 8.4 19.200000000000003 43 38.2 0 30.6 7 10 13.600000000000001 37 22.200000000000003 14 51 11.600000000000001 15.4 0.4 0 0 0 0 0.4 12 0 0.6000000000000001 0.6000000000000001 0 0.2 14.200000000000001 0 0 0.6000000000000001 0 5 14.600000000000001 0 0 0 0.6000000000000001 0 0.4 0 0 0 0 0 0 0.4 0 0 0 0 0.4 0 0 0 0 0 5.6000000000000005 0.8 0 1 0.8 0 0 8 0 0.4 0 0 0 0 0 0 0 0 0 0 1.8 3.2 0 0 0 3 5 0.2 5.6000000000000005 0 0 0 0 0.8 0 0 0 0 0 0 0 0 0 6.4 1.6 0 0 0 0.4 4 0 4.2 0 2.8000000000000003 0 0.6000000000000001 1 0 0 0 0 0 0 0 0 0 0 0 0 0.2 0 0 0 0 0.2 0 0 1 0.2 0 0 0 0 0 0 0 0 0 0 0 0.6000000000000001 0 0 0 0 0 0 0 0 0.6000000000000001 5.800000000000001 3.2 0.2 0 2.2 0.4 0 3 0 0 0 0 1.2000000000000002 0 2 0 0 3.6 0 0 0 0 0 0 0.2 4 0 0 0 1.8 0.2 4.6000000000000005 0 3.2 0 2.8000000000000003 5.6000000000000005 0 0.4 0 0 0 0 0 0 0 0 0 0 0 0.2 0 0 0 0 0 0 0 0 0.2 0 0 0.2 0 0 0 0 0 0 0 0 0 0 0 0 0 0 0 0 0 0 0 0.4 0 0 0 19.6 3.6 0.4 0 0 0 0 0 0 0 0 0 0 0 0 0 0 0 0 0 0 0 0 0 0 0 1.4000000000000001 2.8000000000000003 0 0 0 0 0 0 0 0 0 0 0 0 0.2 
 52.800000000000004 54.400000000000006 49.6 72 53.800000000000004 32 58.800000000000004 13 48 9.600000000000001 30.6 0 23.200000000000003 51.400000000000006 37.6 11 40.6 17.8 12 4.4 7 0.4 0 0 0 0 6.4 0.2 14.600000000000001 0.6000000000000001 1 0 15.4 25.200000000000003 0 0 0.8 0.4 29.6 17.2 0 0.4 0 0.6000000000000001 0 0.4 0 0 0 0 0 0 0.4 0 0 0 0 0.2 0 0 0 0 0 0 0 0 0.4 0 0 0 9.600000000000001 0.8 8.8 0 0 0 0.8 9.200000000000001 0 0 0 2.2 0.2 2.8000000000000003 8.200000000000001 11 0 3.2 7.4 3.4000000000000004 3.2 3 0 1.8 0.4 1.4000000000000001 4 3 0 3.6 7.2 5.6000000000000005 4.6000000000000005 0.2 0 0 4.2 1.6 0 0 0 0 5.2 0 0 7.6000000000000005 0 0 5.800000000000001 0 3.2 0 0 0 0 0 0 0 0 0.2 0 0 0 0 2.8000000000000003 0 0 0 0 0 0 0 0.4 0 0 0 0.2 0 0 0 0.4 0 0.2 0 0 0 0 0 0 0 4 0 0 12 1.8 2 4.2 3.2 0 4.4 0 6.2 0 2.6 0 0.4 1 0 7.6000000000000005 0 0 0 0 0 0 0 2 0 0 0 3.2 0 3.4000000000000004 5.2 7 0.2 0 0 5.4 0 0 0 0 0 0 0 0 0 0 0 0 0.4 0 0 0 0 0 0 2.2 0 2 0 0 0 0 0.6000000000000001 0 0 0 0 0 0 0 0 0 0 0 0 0 0.8 0 0 0 0 0 0.4 1.8 0.4 0.6000000000000001 0.2 0 0.8 0 0 0 0 0 0 0 0 0.2 0 0.4 0 0 0 0 0 0 0 0 0 0 0 0 0 0 0 0 0 0 0 0 0 0 0 0 0 0 0 
 68.2 45.2 51.6 88.80000000000001 16.8 8.200000000000001 56.6 40.6 17.2 15.8 7 23.200000000000003 0 57.2 8.4 20.8 26.400000000000002 52.400000000000006 78 61.2 0 0.4 0.2 0 0 0.6000000000000001 1.2000000000000002 1 0.6000000000000001 0.6000000000000001 1.4000000000000001 0 0.4 0.4 0 0 0.6000000000000001 0 0 0 0 0 0 1 0.6000000000000001 0.6000000000000001 0 0 0.2 0 0 0.6000000000000001 0.4 0.6000000000000001 0 0 0.2 0 0.6000000000000001 0 0.6000000000000001 0 0.4 0 0.4 0.6000000000000001 1 0 0 0.4 0 0 1 0.4 0 0 0 0.6000000000000001 0 0 4.6000000000000005 6.4 9 0 0.2 2.8000000000000003 2.2 11.600000000000001 6 2.2 6.4 0 4.2 2.4000000000000004 0 3.4000000000000004 10.600000000000001 4.4 10.4 6.800000000000001 0 0 0 0 0 5.2 2 0 0 0 0 0.6000000000000001 0 0 0 0 0 0 4.6000000000000005 0 0 0 0 0 0 0 0 0.4 0 0 0 4.800000000000001 0 0 0 0 0 0 0 0 0 0 0 0 0.2 0 1.6 0 0 0 0 0 0 0 0 0 0 0 0 0 10.200000000000001 0 2.4000000000000004 2.8000000000000003 0.4 5.800000000000001 5 1.4000000000000001 6.6000000000000005 0 4 2.6 0 0 5.800000000000001 2.6 4.2 1.2000000000000002 0 0 0 0 0 0 0 0.6000000000000001 0 0 0 0 0 0 0.4 0 0 0 0 0 0 0.2 0 0 0 0 0 0 0 0.2 0 0 0 0 0 0 0 0 0.4 0 0.4 0 0 0 0 0 1.8 0 0 0 0.2 0 0 0 0 0 0 0 0 0 0 0 0 0 0 0 0 0 19.400000000000002 0 0.2 0 0 2.6 3.8000000000000003 0.2 0 0 0 0 0 0 0 0 2.2 0 0 0 0 0 0 0 0 0 0 0 0 0.2 3.8000000000000003 0 0 0 0 0 0 0 0 0 0 0 0 0 
 32.800000000000004 34.800000000000004 47.6 37.800000000000004 101.4 23.6 53.400000000000006 47.6 68 20.6 10 51.400000000000006 57.2 0 40.400000000000006 68.60000000000001 28.8 7.2 63 24.200000000000003 0 0.4 0.2 0 0.4 0 0.8 16.2 0 0.6000000000000001 0.6000000000000001 0 0.2 9.200000000000001 0 0 0.6000000000000001 0 0 0 0 0 0 0.6000000000000001 0 0.4 0 0 0 1.8 0 0 0.4 0 0 0 0 0.2 0 0 0 0 0 7.2 0 0 0.4 0.4 0 0 0 0 0.4 0 0 7.800000000000001 0 0.2 0 0 7.2 9 1.8 3.8000000000000003 0 0 2.2 5.4 0 2.4000000000000004 10 2.6 5.4 0 0 2.4000000000000004 7 1.8 8.6 0.4 0.4 0 0 2.2 0 0 4 0 0 0 0 0 0.2 0 0 0 0 0 2.4000000000000004 0 0 0 0 0 0 0 0 0.4 0 0 0 0 0 0 0 0 0 0 2.6 0 0 0 0 0 1.6 0 1.6 0 1 0 0 0 0 0 0 0 0 0 0 0 6.800000000000001 8.4 0 0.4 4 2 2 2.2 12.600000000000001 2.8000000000000003 5 4.4 0 3.4000000000000004 0.2 2.4000000000000004 0.2 1 0 0.4 0 0 0 0 0 0 0 0 0 0 0 0 0 0 0 0 0 0 0 1.6 0 0 0 0 0 0.4 0 0 3 7.6000000000000005 0 0 0 0 0 0 0 0 0 0 0 2 0 0 0 0 0 0 0 0 0 0 0 0 0 0 0 0.4 0 0 0 0 0 0 0 0.6000000000000001 12.200000000000001 0 1 0.2 0 0.6000000000000001 0 0 0 0 0 0 0 0 0 0 0.4 0 0 0 0 0 0 0 0 0 0 0.2 0 1.4000000000000001 4.800000000000001 0 0 0 0 0 0 0 0 0 0 0 0 0 
 23.200000000000003 8.8 12.8 17.8 32.4 12.8 34.800000000000004 36.6 74.8 41.800000000000004 13.600000000000001 37.6 8.4 40.400000000000006 0 46.400000000000006 44.800000000000004 25 15.4 58 0 0.4 0.2 0.6000000000000001 0 0 0.6000000000000001 0.2 0 0.6000000000000001 0.6000000000000001 0 0 0.4 0 0 1 0.2 0.4 0.2 9 0 0 0.6000000000000001 0 0.4 0 0 0 0 0 0.2 0.4 0.6000000000000001 0 0 0 0 0 0 0 0 0 0 0 0 0.4 1.6 0 0 0 0 0.4 0 0 0 0 0 0 0 0.2 0.2 4.2 4.6000000000000005 0.2 3.8000000000000003 3.4000000000000004 2 21 4.6000000000000005 2.2 5.4 2.2 1.2000000000000002 1.2000000000000002 4 12.200000000000001 0 0 0 0 0 0 0 0 0 0 1.4000000000000001 0 0 0 0 2.2 0 3.8000000000000003 0 0 0 0 0 0.4 0 0.2 0 0 0 0 0 0 0 0 0 0 0 0 0 0 0 0 0 0.2 0 0 0 1.6 0 0 0 1.6 0 0 0 0 0 0 0 0 0 0 0 7.6000000000000005 9.200000000000001 5.6000000000000005 0 4.6000000000000005 6.6000000000000005 0 2 0 10 3 3.8000000000000003 0 1.8 2.4000000000000004 5.6000000000000005 0 0 0 0.2 3.8000000000000003 0 0 3.8000000000000003 0 0 0 0 0 0 0 0 4 0 0 0 0 0 0 5.6000000000000005 0 0 0 0 0 0 0 0 0 0 1 0 0 0 0 0 0 0 0 0 0.2 0 0 0 0 0 0 0 0 0.2 0 0 0 4 0 1.8 0 0 0 0 0 0 0 0 0 0.2 0 0 1 17.8 0.2 2.2 3 3.2 0.2 0 0 0 0 0 0 0 0 0 0 0 0 0 0 0 0 0 0 0 0 7.6000000000000005 0 6.6000000000000005 0 0 0 0 0 0 0 0 0 0 0 0 
 28 8 41.400000000000006 52.800000000000004 17.400000000000002 40.6 4.4 74.60000000000001 29.8 84.2 37 11 20.8 68.60000000000001 46.400000000000006 0 46.6 8.4 9 30 0 0.6000000000000001 0.4 0 0 0.6000000000000001 5 0.8 0 0.6000000000000001 0.6000000000000001 0 0 0.8 0 0.6000000000000001 0.8 0.4 29.6 14.8 0.8 0 0.4 0.6000000000000001 0.6000000000000001 1 0.6000000000000001 0 0 0 0 12 0.4 0 0 0 0 0.2 0 0 0.2 0.6000000000000001 0 0 0.2 0 0.8 6.6000000000000005 0 0.6000000000000001 0 0 1.6 0.4 0 0 0 0 0 0 0 2.2 7.4 3.6 5.2 5.4 1.4000000000000001 2.2 9.200000000000001 3 0.4 2.6 3.8000000000000003 7 0.6000000000000001 2.6 3.6 0.4 0 0 1.8 4 7.4 0 0 0 1.8 4.2 0 0 0.4 0 5.6000000000000005 0 1 0 0 2.4000000000000004 0 1.8 0 0 0 2.4000000000000004 0 0 0 0 0 0 1 0 0 0 0 0.4 0 0 0 0 0 0 0 0 0.4 0 0 0.8 0.6000000000000001 0 0 0 0 0.4 0 0 0 0 0 0 6 2.2 5.2 3 5.4 5.800000000000001 0 0.2 3.4000000000000004 1.4000000000000001 2.2 1.6 0 0 5.2 1.8 0 0 0.2 2 2.8000000000000003 0.6000000000000001 0 0 0 0 0 0 0 0 0 0 3.8000000000000003 2 0.2 8.200000000000001 0 0 0 3.6 0 0 0 0 0 0 0.4 0 0 0 0 0 0 0 0 0 0 0.4 0 0 0 0 0 0 0 0 0 0 0 0 0 0 0 0 0 0 0 0 0 0 0 5 0 0 0 0.2 0 0 0 0.4 0 0 12.8 0 0 0 0 0 0 0 0 0 0 0 0 0 0 0 0 0 0 0 0 0 0 2.8000000000000003 0 2.8000000000000003 0 0 0 0 0 0 0 0 0 0 0 0.4 
 16.8 12.4 30.400000000000002 11 10.600000000000001 32.800000000000004 42.2 12.8 47.800000000000004 43.2 22.200000000000003 40.6 26.400000000000002 28.8 44.800000000000004 46.6 0 49 53 22.200000000000003 0 0.4 0.4 0.2 0 0 0.4 0.8 0.2 0.8 0.6000000000000001 0.2 0.2 1 0 0 0.6000000000000001 0 5.4 15 0 0 0 0.6000000000000001 0 0.4 0 0 0 0 0 0.4 0.4 0 0.8 0 0 0.2 0 0 0 0 0 0 0.2 0 9.200000000000001 0 0 0 0.4 0.2 0.4 0 0 0 0 0 0 0 2.6 3.8000000000000003 2 0 3.2 10.8 2.8000000000000003 1.8 8.6 4.800000000000001 0 11.200000000000001 2.2 0.4 2.2 4.4 10.8 8.6 2.6 7.4 0 0 0.2 0 0 0 2.2 0 0 0.4 0 0 9.8 0 0 0 0 0 0 2.8000000000000003 0 0 0 2.2 0 0 0 0 0 0 0.4 0.4 0 0 0 0 0 0 0 0 1 0 0 0 0.2 0 0 0 1.2000000000000002 0 0 0 0 0.8 0 0 0 0 0 0 4.2 6 1.8 7.6000000000000005 5.4 3.6 6.4 2.4000000000000004 0 14.600000000000001 16.2 3.8000000000000003 3.2 9.200000000000001 2.4000000000000004 0 4.2 2.2 0 0 3 0 0 0 0 0 0 0 0 0.2 0 0 0 0 0 0 0.4 0 0 7.4 0 0 0 0 0 0 0 0 0 0 0 0 0 0 0 0.2 0 0 0 0 0 0.4 0 0 0 0 0 0 0 0 0.4 0 0 0 0 0 0 0 0 0 0 0 0 0 0 0.4 0.4 0.2 19.200000000000003 0.8 0 2.8000000000000003 0.4 0 0.2 0 0 0 0 0 0 0 2.2 0 0 0 0 0 0 0 0 0 0 0 0 5.4 13.200000000000001 7.2 0 0 0 0 0 0 0 0 0 0 0 0 
 29.400000000000002 46.400000000000006 28.400000000000002 39 9.200000000000001 35.6 8.8 27.8 26.400000000000002 76.4 14 17.8 52.400000000000006 7.2 25 8.4 49 0 53 12.200000000000001 0 0.4 0.2 0 0.4 0 0.4 0.2 0 0.6000000000000001 0.6000000000000001 0 0 0.4 0 0 0.6000000000000001 0 7 0.2 0 0 0 0.6000000000000001 0 0.4 0 0 0 0 0 15.600000000000001 0.4 0 0 0 0 0.2 0 14 6 0.6000000000000001 0 0 0.6000000000000001 0 0.4 0.2 0 0 0 0 1 8 0.2 1.2000000000000002 0 7.6000000000000005 0.2 0.2 5.2 5.4 5.4 1.4000000000000001 2 0 0 4 2 2.4000000000000004 5.4 4.6000000000000005 0.2 2 0 6.6000000000000005 6.6000000000000005 5 0 0.2 0 0 0 2.8000000000000003 0 0 0 0 0 0 0 0 3.6 0 0 0 0 0 0 2.8000000000000003 0 0 0 0 0 0 0 0 0 0 0.2 0 0 0 0.2 0 0 0 0 0 0 0 0 0 0.2 0 2 0 0 0 0 3 0 0 0 0 0 0 0 0 3.8000000000000003 3 1.4000000000000001 0 4.6000000000000005 0 8.8 0.2 3.8000000000000003 3 1.6 5 3 0 0.2 1.4000000000000001 2.6 0.8 0 0 0 0 0 0 0 0 0 0 0 0.4 0 0 3.2 0 0 1.2000000000000002 0 0 0 1.8 0 0 0 0 0 0 2 0 0 0.4 0 0 0 0 0 0.2 0 0 0 0 0 0.2 0 0.4 0 0 0 0 0 0 0 0 0.4 0 0 0 0 0 0 0.4 0 0 0 0 0 0.8 0.6000000000000001 0 0.8 0.4 0 1 0 0 0 0 0 0 0 0 0 0 0 0 0 0 0 0 0 0 0 0 0 0 0 1.2000000000000002 0 0 0 0 0 0 0 0 0 0 0 0 0 0 
 80.60000000000001 19.400000000000002 5.6000000000000005 22.200000000000003 13.8 117.80000000000001 42.400000000000006 95.60000000000001 18.6 22.400000000000002 51 12 78 63 15.4 9 53 53 0 65 0 0.4 0.4 0 0.6000000000000001 1 0.4 0.2 0 0.6000000000000001 0.6000000000000001 0 0.4 0.4 0 0 0.6000000000000001 0 0 14.8 0 0 0 0.6000000000000001 0 0.4 0 0 0 0 0 9.200000000000001 0.4 0 0 0 0 0.2 0 0 0 0 0 0 0 0 0.4 0 0 0 0 0 0.4 0 0 0 0 1 0 0 2.6 2.2 4.2 2 0 0 2.6 18.400000000000002 0 0 3.2 0 2.2 0.8 2.4000000000000004 0 2 4.800000000000001 7 6.4 0 0 0 0 0 1.4000000000000001 3.4000000000000004 0 0 0 0 0 0 0 0 0 0 0 3 0 0 0 0 1.8 0 0 0 0 0 0 0 0 0 0 0.2 0 0 0 0 0 0 0 2.4000000000000004 0 0 0 0.2 0 0 0 0 0 0 0 0 0 0 0 0 0 3.8000000000000003 1.8 0 0 0 0 4.800000000000001 0 2.8000000000000003 2.6 7.4 2.6 4.4 0 1.4000000000000001 3.6 5 0.4 4.2 0 0 0 0 0 0 0 0 0 0 0 0 0 0.2 0 0 0 0 0 2 0 0 0 0 0 0 0 0 0.2 0 0 0 0 0 0 4.4 0 0 0 0 0 0 0 2.6 0 0 0 1.6 0 0.4 0 0 0 0 0 0 0 0 0 0 0 0 0 0 0 0 0.2 9.600000000000001 0 18 0 0 0.6000000000000001 0 0.4 0 0 0 0 0 0 0 0 0 0 0 0 0 0 0 0 0 0 0 0 0 0 3 2.6 0 0 0 0 0 0 0 0 0 0 0 0 
 34.2 27.400000000000002 28.200000000000003 29.6 15.600000000000001 97.4 27 26.8 29.400000000000002 18.2 11.600000000000001 4.4 61.2 24.200000000000003 58 30 22.200000000000003 12.200000000000001 65 0 0 0.4 0.2 0 0 0 0.6000000000000001 0.4 15.600000000000001 0.6000000000000001 0.8 0 0.2 0.4 0 0.2 0.8 0 0 0 0 0 0 0.6000000000000001 0 0.4 0 0 0 0 0 0 0.4 2.8000000000000003 0.6000000000000001 0 0 0.2 0.6000000000000001 0.4 0 0 0 0 0 0 0.4 0 0 0 0 0 0.4 0 0 0 0 9.4 0 0 7.6000000000000005 3.8000000000000003 15 4.4 0 0 2 10 5 0 3.4000000000000004 0 2 7.2 4.4 13.8 7.2 9.200000000000001 5.800000000000001 3.4000000000000004 0 0 0 0 0 0 0 0 0 0 0 0 0 0 0 0 0 0 0 0 0 0 0 0 0 0 0 0 0 0 0 0 0 0 0 0 0 0 0 0 0 0 0 0 0.6000000000000001 0 0.8 0 0 0 0 0 0 0 0 0 0 0 0 0 5 3.4000000000000004 0.6000000000000001 0 0.2 1 11.4 0 4.4 2.4000000000000004 0 2.2 0 0.2 8.4 5.4 2.6 2.8000000000000003 0.2 6 0 2.2 0 0 0 0 0 0 0 0 0 0 5 0 0 0 0 0 0 0 0 0 0 0 0 0 0 0 0 0 0 0 0 0 0 0 0 0 0 0 0 0 0 0 0 0 0 0 0 0 0 0 0 0 0 0 0 0 0 0 0 0 0 0 0 0 9.600000000000001 0 0.6000000000000001 0 0 1.6 3.8000000000000003 0 0 0 0 0 0 0 0 0 0 0 0 0 0 0 0 0 0 0 0 0 0 0 0 0 0 0 0 0 0 0 0 0 0 2 0 0 
 0 0.6000000000000001 0.2 0.2 7.6000000000000005 17.2 0 0 0 0 15.4 7 0 0 0 0 0 0 0 0 0 40.6 111.2 23.6 8 11.8 49.400000000000006 12.600000000000001 39.2 10.200000000000001 13.4 47.800000000000004 9.4 29.6 50.2 37 6.800000000000001 134.8 27 13.200000000000001 0.6000000000000001 0 3.8000000000000003 0 0 0.6000000000000001 12.4 0 0 0.4 0 1 1.6 0 0 0 0.6000000000000001 0 25.400000000000002 0 0 0 0 0 0.6000000000000001 1 0 0 0 0.6000000000000001 8.6 0 0.6000000000000001 0 0 0 0 0 0 0 0 0 0 3 2.6 0 0 0 0 0 0 3.2 0 0 0 0 0 0 0 0 6 0.2 0.2 0 4 2.2 0 2 2.4000000000000004 8 3 0.4 0.2 6.6000000000000005 2.6 4.2 3.8000000000000003 0 5.800000000000001 0.4 0 0 0 0 0 0 8 0 0 0 0 0 0 4.800000000000001 0 0 0 0 0 0 0 0 2.6 0 0 0 0 2.2 0 0 0 0 0 0 0 0 0 0 0 0 0.8 0 0 0 3.2 0 0 0 0.6000000000000001 0 0 0 0 0 0 0 0 0 0 0 4 2.8000000000000003 0.2 14.4 0 0 2.2 4 1.8 1.8 2.8000000000000003 2.6 4.4 6.4 6.6000000000000005 2.4000000000000004 1.8 3.2 4.800000000000001 0 0 0 0 0 0 0 3.8000000000000003 0 0 0 0 0 2.2 0 0 0 0 0 5.6000000000000005 2 0.2 0 0 0 0 0.2 0 0 0 0 3.2 0 0 0 0 0 0 0 0 0 0 0 0 0 0 0 0 0 0 0 0 0 0 0 4 0 0.4 24 1 0.2 0 0.4 0 0 0 0 0 0 0 0 0 0 0 0 0 0 0 0 0 0.2 0 0 0 0 0 3.4000000000000004 0 0 0 0 
 0.4 1.2000000000000002 0.6000000000000001 0.8 0.8 0.6000000000000001 0.6000000000000001 0.4 0.4 0.4 0.4 0.4 0.4 0.4 0.4 0.6000000000000001 0.4 0.4 0.4 0.4 40.6 0 52.400000000000006 30.6 32.4 11.600000000000001 77.2 31.200000000000003 30.200000000000003 53.800000000000004 23.6 42.800000000000004 79.60000000000001 103.4 14.8 51.400000000000006 51.6 42.2 12.4 22.200000000000003 0.6000000000000001 0 0 0 0 1 0.6000000000000001 0 0 0 0 0.8 0.4 0 0 0 0.6000000000000001 0.8 18.400000000000002 0 0 0 0 0 0.6000000000000001 0 0 0.6000000000000001 0 0.6000000000000001 0 0 0.6000000000000001 6 0 0 0 0 0 0 0 0 0 0 0 0 0 0 0 0 0.2 0 0 0 0 0.2 0 0 0 0 0 5.4 1.6 1.8 7 3.8000000000000003 1 3.6 7 5.800000000000001 1.8 4.800000000000001 0 2 0.6000000000000001 2.4000000000000004 4.6000000000000005 6.2 0 0 0 0 0 0 0.2 0 0.8 0.2 0 7.4 0 0 0 0 0 0 0 0.8 0 0 0 0 0 0 0 0 2 0 0 0 0.2 0.8 0 0 0 0 0.6000000000000001 0.8 0 0 0 0 0 0.2 0 0 0 0 1 3.2 0 0 0.2 0 0 0 0 0 0.4 0 4.4 6.4 5.800000000000001 13.600000000000001 2.6 2.2 3.8000000000000003 2 0 4 0 0.4 3.8000000000000003 0 3 5.6000000000000005 11.8 5 0 0 0 0 2.6 0 0 0 1 4.2 0 0 0 0 1.8 0 0 0 0 0 3.6 1.6 0 0 0 0 0 0 0 0 0.2 0 0 0 0 0 0 0 0 0 0 0 0 0 0 0 0 0 0 0 0 0 0 0 0 0 2.8000000000000003 0 0.4 30.200000000000003 8 0 0.2 0 0 0 0 0 0 0 0 0 0 0 0 0 0 0 0 0 0 4 0 3.2 0 0 0 1.2000000000000002 3 0 0 0 
 0.6000000000000001 1.4000000000000001 0.4 0.4 0 0.4 0.4 0 0 0.6000000000000001 0 0 0.2 0.2 0.2 0.4 0.4 0.2 0.4 0.2 111.2 52.400000000000006 0 51 61 66.2 30.6 85.60000000000001 55.800000000000004 18.2 25.200000000000003 97.60000000000001 16 38.2 8 53.2 58 108.80000000000001 8.200000000000001 10.600000000000001 14 0 12.4 0 0 2 0.6000000000000001 0 0 0 0 0.8 0.2 0 0 0 0.6000000000000001 0 12.600000000000001 0 0 0 0 2 0.6000000000000001 0 0 0 0 0.6000000000000001 0 0 0.6000000000000001 0 0 0 0 0 0 9.8 0 0 0 0 0 0 0 0 0 0 0 2.2 0 0 0 0 0 0 0 0 0 3.6 3.2 0 4.2 7.4 0 0 2 10 1.8 6 0 4.800000000000001 0 6 0.4 2 0 0 0.2 0.2 0 0 0 0 3.8000000000000003 2.6 0 0 0 2 0 0 0 0 0 0 0 3 0 0 0 0 0 0 0 0 0 0 0 1.6 1 0 0 0 3.6 0 0.4 0 0 0 0 0 0 0 0 0 0 0 0 0 0 0 0 0 0 0 0 0 0 0.8 0 6.800000000000001 8.200000000000001 0 2.2 0 0 1.6 0 2.8000000000000003 0 0 0.4 0 0 2 0 0 0 0 0 0 0 0 0 0 0 0 0 0 0 0 0.2 0 0 0.4 0.2 0 0 0 0 0 0 0 0 0 0 0 0 0 0 0 0 0 0 0 0 0 0 0 1.6 0 0 0 0 0 0 0 0 0 0 0 4.2 0 0.4 0.8 0 0 0.2 0 0.2 0 0 0 0 0 0 0 0 0 0 0 0 0 0 0 0 1 0 0 0 0 0 2.2 0 0 0 0 
 0 0.6000000000000001 0.4 0.2 0 0.2 0 0 0 0 0 0 0 0 0.6000000000000001 0 0.2 0 0 0 23.6 30.6 51 0 29.400000000000002 12.600000000000001 19 18.6 30 96.80000000000001 15.600000000000001 34 17.2 26.8 19.8 27.200000000000003 44.6 16.8 12 99.80000000000001 19.200000000000003 0 0 0 0 0.6000000000000001 0.6000000000000001 12.4 0.2 0 0 0.8 14 0.4 0 0 0.6000000000000001 0.4 12.4 13 0 0 1.2000000000000002 2.8000000000000003 0.6000000000000001 0.4 0 11.600000000000001 1.4000000000000001 0.6000000000000001 0 0 0.6000000000000001 0 0 0.6000000000000001 0.2 0 0 0 0 0 0 0 0 0 0 0 0 0 0 0 0 0 0 0 0 0 0 0 0 0 0.8 2.4000000000000004 12.4 8.8 0 0 3 3.2 1.4000000000000001 0 0 1.6 0.2 0.2 0.2 0.4 0 0 2.4000000000000004 2.8000000000000003 0.4 0 0 0 2.4000000000000004 4.2 0 1.4000000000000001 0 0 7 1.8 3.4000000000000004 3.6 0 0 2 0 0 0 0 1.4000000000000001 0 0 0 0 0 0 2.4000000000000004 0 0 0 0 0 0 0 0 0 0 0 0 0 0 0 0 0 0.6000000000000001 0 0 0 0 0 7 0 0 0 0 0 0.2 0 0.2 3.6 3.8000000000000003 3 2.6 0.2 4 1.8 4.4 4.800000000000001 0 0.2 0 0 0 2 0 0 2 2.4000000000000004 0 0 0 0 5.800000000000001 0 0.4 0 2.6 0 2.2 4.6000000000000005 9.200000000000001 0 2.4000000000000004 6 7 6.2 0 0 0 0 0 0 0 0 0 0 0 0 0 0 0.2 0 0 0 0 0 0 0 0 0 0 0 0 0 0 0 0 0 0 0 0.2 0.2 0 16 0.4 0 2.8000000000000003 0.4 0 0 0 0 0 0 0 0 0 0 0 0 0 0 0 0 0 0 0 0 0 0 0 0 0 0 0 0 
 0 0 0 0 0.4 0.4 0 0 0 0 0 0 0 0.4 0 0 0 0.4 0.6000000000000001 0 8 32.4 61 29.400000000000002 0 21.400000000000002 50.2 35.6 30 20.6 50.2 52.800000000000004 14.200000000000001 59.800000000000004 121 35.4 40.6 35.4 12.8 35.6 0.6000000000000001 0 0 0 0 4.2 0.6000000000000001 0 0 0 0 1 0 0 0 0 0.6000000000000001 0 12.4 0 0 0 0 1.8 0.6000000000000001 0 0 10 0 0.6000000000000001 0 0 0.6000000000000001 0 0 0 0 0 0 0 0 0.4 0 0 1.2000000000000002 0 0.2 0 0 0 0 0 0 0 0 0 0 0 0 0 0 0.6000000000000001 3.2 4.800000000000001 2.2 2.2 0 2 0 3.4000000000000004 2.8000000000000003 2.2 0 0 0 3.6 2.4000000000000004 6.2 0 0 0 0.4 1.8 0 0 0 3.2 3.8000000000000003 1.6 0 0 0 5.4 4 0 0 0 0 2 2.4000000000000004 0 0 0 0 0 0 0 0 0 0.4 0 1 0 0 0 0 0.8 0 0.6000000000000001 0 0 0 0 0 0 0 0.2 0.4 0 0 0.4 0 0 0 0 0 0 0 0 3.2 0 5.2 8.6 3.2 5.6000000000000005 2.8000000000000003 2 1.2000000000000002 1.8 2.6 3.8000000000000003 0 0 0.4 3.2 5.4 3.8000000000000003 1.6 0 0 1.8 0 0 0 0 0 3 3.6 1.6 0 0 0 0.2 0.2 0 0 0 0 3.6 0.2 0 0 0 0 0 0 0 0 0 0 0 0 0 0 0 0 0 0 0 2.4000000000000004 0 0 0.8 0 0 0 0 0 0 0 0 0 0 0 1.8 0.4 0.4 0.2 0 0 4 0 0 0 0 0 1.6 0 0 0 0 0 0 0 0 0 0 0 0 3.6 0 0 0 0 0 2.2 0 0 0 0 
 0 1.2000000000000002 0 0.4 0.4 0.8 0.4 0 0 0.6000000000000001 0 0 0.6000000000000001 0 0 0.6000000000000001 0 0 1 0 11.8 11.600000000000001 66.2 12.600000000000001 21.400000000000002 0 6.2 18.2 8 11.200000000000001 28.8 15.8 8.200000000000001 50 54.800000000000004 30.400000000000002 30.200000000000003 10.8 10.600000000000001 11.600000000000001 25.8 13.200000000000001 28 0.2 0 10 7 0.8 7 0.8 13.4 0.6000000000000001 17.2 0 13 0 14.4 6 26.8 13.600000000000001 5 0 0 0 0.6000000000000001 0 0 0 0 0.6000000000000001 1 0 0.6000000000000001 0 0 0 0 0 0 0.8 0 0 0 0 0 0 0 0 0 0 1.6 0 0 0 0 0 0 0 0 0 0 0 2 0 5.2 4.4 0 0 0 1.4000000000000001 0 2.2 0.4 0.6000000000000001 0 2.4000000000000004 4.800000000000001 3 0 0 0.8 0 0 3.8000000000000003 6.6000000000000005 0 7 0.2 3.6 7.2 0 1.8 11.600000000000001 2.4000000000000004 6 7.800000000000001 1.6 1.6 9.200000000000001 4 0 0 0 0.2 0.2 0 0 0 0 0 0 0.8 1 0 0 0 0.6000000000000001 0 0 0 0 0 0 0.4 0 0 0 0 0.4 0 0 0 0 0 0 0 0.2 0 0 0 0 2.8000000000000003 0 7 7 6 1.6 0 4.6000000000000005 2.4000000000000004 0 0.4 0 0 3.6 0 2.2 0 0 0 5.4 0 6.6000000000000005 0 0 0 0.6000000000000001 4.2 3.8000000000000003 0.6000000000000001 0 0 10.600000000000001 1.4000000000000001 8 3.8000000000000003 2.2 0 2.4000000000000004 5.4 0.4 0 0 0 0 0 0 0 0 0 0 0 0 0.4 0 1.8 0 0 0 0 0 0 0 0 0 0 0 0 0 0 0 0 0 0 0.4 0.2 1.2000000000000002 0.2 0.2 0 4.4 0 0 0 0 0 0 0 0 0 0 0 0 0 0 0 0 0 0 0 0 0 3.2 0 0.2 0 0 2.2 0 0 
 0.6000000000000001 0.8 5.4 15.600000000000001 21.200000000000003 31.400000000000002 1.2000000000000002 0.6000000000000001 0.4 0.6000000000000001 0.4 6.4 1.2000000000000002 0.8 0.6000000000000001 5 0.4 0.4 0.4 0.6000000000000001 49.400000000000006 77.2 30.6 19 50.2 6.2 0 20.6 51.400000000000006 9.200000000000001 51.400000000000006 8.6 49 34.2 22.6 80.4 21.6 7 44.2 44.800000000000004 0.6000000000000001 0 0 0.4 0 0.6000000000000001 0.6000000000000001 0 0 0 0 17.8 0 0 0 0 0.6000000000000001 0 0 0 0 0 8.8 0 0.6000000000000001 0.8 0 0 0 0.6000000000000001 0 0 0.6000000000000001 0 0 0 0 0 0 0 0 0 0 5 4.6000000000000005 7.2 0 0 0 0 0.2 0 0 0 0 0 0 0 0 0 8 15.8 4.2 0.2 3 0 1.4000000000000001 0.2 3.6 2.2 2.2 0 0 1.8 6 3.8000000000000003 0 1.6 6 2.4000000000000004 3.6 0 0 0 0 0 0 0 0 0 2.6 0 0 0 0 0 0 0 0 0 0 1.2000000000000002 0 0 0 1.4000000000000001 0 0 0 0 0 0 0 0 0 0 0 0 0.2 0 0 0 0 0.4 0 0 0 0 6 1.6 0 0 0 0 0 0 0 0 0 0 1.2000000000000002 0 12.600000000000001 1.6 0 0 8.4 2 3 3.2 0 0.2 4.800000000000001 8 5.6000000000000005 2.2 0 0 2.6 2.6 4 0 0 0 0 4.800000000000001 0 0 0 0 0 0 0 0 0 0 0 0 0 0.2 0 0 0 0 0 0 4.4 0 0 0 0 0 0 0.4 0 0 0 0 0 0 0 3.6 0 0 0 0 0 0 0 0 0 0 0 0 2.2 0.2 0 17 0 0 0 0 0 0 0 0 0 0 0 0 0 0 0 0 0 0 0 0 0 0 0 0 0 0 0.2 0 3 0 0 0 
 0.6000000000000001 1.2000000000000002 0.2 0.4 0.6000000000000001 30.6 0.4 0.4 0.2 0.2 12 0.2 1 16.2 0.2 0.8 0.8 0.2 0.2 0.4 12.600000000000001 31.200000000000003 85.60000000000001 18.6 35.6 18.2 20.6 0 37.2 10.200000000000001 26.6 73.4 26 48.2 31.400000000000002 11 17.8 11.600000000000001 12.8 7.4 0.6000000000000001 0 0 0.2 0 0.6000000000000001 0.6000000000000001 7.2 0 0 0 1.6 0 0 0.6000000000000001 0 0.8 0.2 0 0 0.4 0 0 0.4 1 0 0 0 0 1 0.4 0.4 0.6000000000000001 0.2 0 0 0 0 0 0 0 0 0 0 0.6000000000000001 0 0 0 0 0 0 0.4 0 0 0 0 0 0 0 0 0 0 6.800000000000001 5.2 5.4 2.6 2.8000000000000003 8.200000000000001 3.2 2 4.4 6.4 0.4 0 1.4000000000000001 3.8000000000000003 6.800000000000001 0.4 2.4000000000000004 5.4 0 0 0 0 0 0 0 0 0 0 0 0 3.6 0 0 0 0 0 0 0 0 0 0 0 0.2 0 2.8000000000000003 0 0 0 0 1.6 0 0 0 0 0.8 0 0 0 3 0 0 0.4 0 0 0 0 0 0 0 0 0 0 0 0 0.2 12.200000000000001 0 0 6 8 0.8 3.8000000000000003 2.6 1.8 2.2 4 7.800000000000001 4.6000000000000005 0 5.800000000000001 0 5.2 5 2 10.4 8 3.6 3.6 0 0 0 0.2 0 0 4.4 3.6 3.8000000000000003 2.2 0 0 0 0 0 0 1.8 0 0 0 0.4 0 0 0 0 0 0 0 0 0 0 0 0 0.4 0 0 0 0 0 0 0 0 0 0 0 0 0.2 0 0 0 2.6 0 0 0 1.2000000000000002 0 0.2 0 0.2 0 0 0.4 0 0 0 0 1.8 0 0 0 0 0 0 0 0 0.4 2.8000000000000003 0 0 0 0 0 0 0 0.2 0 3.8000000000000003 0 0 0 
 0 0.6000000000000001 0 0.8 0.2 0.2 0 0 0.2 0 0 14.600000000000001 0.6000000000000001 0 0 0 0.2 0 0 15.600000000000001 39.2 30.200000000000003 55.800000000000004 30 30 8 51.400000000000006 37.2 0 11.600000000000001 21.200000000000003 35.800000000000004 24 32 62.800000000000004 27 22.6 18.6 12.600000000000001 40.6 1.2000000000000002 0 0 0 0 1.4000000000000001 0.6000000000000001 0 0 0 0 1 0 0 0 0 1.2000000000000002 0.6000000000000001 6.2 0 0 0 0 10 0.6000000000000001 0.4 0 0 0 0.6000000000000001 0 0.4 0.6000000000000001 0 0 0 0 0 0 0 0 0 0 0 0 0.2 0 0 0 0 0 0.2 0 0 0 0 0 0 0 0 1.6 5.2 0 1.2000000000000002 5 0 0 1.8 9.4 0.2 5.800000000000001 3.8000000000000003 0 1.6 0.2 1.6 0 2.4000000000000004 2.2 0.2 0 0 0 0 0 0 2.2 0 0 0 0 2.2 0 0 0 0 0 0 0 0 0 0 0 0 0 0.4 0 0 0 0 0 0 0.4 0 0 0 0 0 0.4 0 1.4000000000000001 0.2 0 2.6 0 0 0 0 1.4000000000000001 0 0 0 0 0 0 0 0 0 0 0 3.2 1.2000000000000002 2.8000000000000003 3.2 6 2.2 0 0.2 2.6 2 2 2.6 0 1.6 2.2 6.800000000000001 2.2 5.6000000000000005 1.6 0 0 0 0 0 0 0 0 0 0 0 0 0 0 0 0 0 0 0 2.4000000000000004 0 0 0 0 0 0 0 0 6.800000000000001 0 0 0 0 0 0 0 0 0 0 0 0 0 0 0 0 0 0 0 0 0 0 0 0 0 0.2 0.8 0 0 17 0.2 0.8 0.4 0 0 0 4 0 0 0 0 0 0 0 0.2 0 0 0 0 0 0 2.4000000000000004 0 4.6000000000000005 0.2 0 0 1.6 0 1.4000000000000001 0 0 
 0.6000000000000001 0.6000000000000001 1.4000000000000001 0.6000000000000001 0.6000000000000001 15 0.6000000000000001 0.6000000000000001 0.6000000000000001 15.4 0.6000000000000001 0.6000000000000001 0.6000000000000001 0.6000000000000001 0.6000000000000001 0.6000000000000001 0.8 0.6000000000000001 0.6000000000000001 0.6000000000000001 10.200000000000001 53.800000000000004 18.2 96.80000000000001 20.6 11.200000000000001 9.200000000000001 10.200000000000001 11.600000000000001 0 38.6 7.800000000000001 54.6 16.400000000000002 23.200000000000003 32.4 43.400000000000006 27.200000000000003 15.600000000000001 38.2 13 0.4 0 0.4 0 0.6000000000000001 0.6000000000000001 0 0.6000000000000001 0 0 1 3.8000000000000003 0.6000000000000001 0.4 0 0.6000000000000001 0 12.200000000000001 0.2 10.8 0 0 0 0.6000000000000001 0 0 0 0 0.6000000000000001 0 0 0.6000000000000001 0 0 0 0 0.2 0 0 0 0 0 0 0 0 0 0 0 0 0 0 0.4 0 0 0 0 0 0 0 3.4000000000000004 0 1.6 4.800000000000001 0.6000000000000001 2.6 0 1.8 2.6 0 0 0 0 0 0 1.8 0 0 0 0 0 4.800000000000001 0 0 0 0 2.4000000000000004 3 0 0 0 0 7.2 6.2 0 3 0 0 1.8 2.6 0 0 0 0 0 0.4 0 0 0 0 0 0 0 0 0 0 0 0 0 1.4000000000000001 0.4 0 0 1 0 0 0 0 0.4 0 0 0 0 0 0 0 0 0 0 0 0 5 2 3.6 0 3.4000000000000004 2.6 2.6 3.4000000000000004 0 3.8000000000000003 0 0 1.6 0 0 0 1.8 0 0 0 2.4000000000000004 0 0 0 0 0.2 0 2.4000000000000004 0 0 0 1.8 0 0 0 1.6 0 2.2 3.6 0 0 0 0.2 0 0 0 0 0 0 0 0 0 0 0 0 0 0 0 0 0 0 0.2 0 0 0 0 0 0 0 0 0 0 0 1.8 0.4 0.8 15.8 0.6000000000000001 0.8 3.4000000000000004 3.8000000000000003 0 0 0 0 0 0 0 0 0 0 0 0 0 0 0 0 0 0 0 0 0 0 0 0 0 0 0 0 
 0.6000000000000001 1.2000000000000002 0.6000000000000001 1 0.6000000000000001 0.6000000000000001 0.6000000000000001 0.6000000000000001 0.6000000000000001 0.6000000000000001 0.6000000000000001 1 1.4000000000000001 0.6000000000000001 0.6000000000000001 0.6000000000000001 0.6000000000000001 0.6000000000000001 0.6000000000000001 0.8 13.4 23.6 25.200000000000003 15.600000000000001 50.2 28.8 51.400000000000006 26.6 21.200000000000003 38.6 0 100 12 18 23.8 81.80000000000001 53.6 11 48.6 13.4 4.800000000000001 0 0.2 0 0 3 0.6000000000000001 0 0 0 0 1.2000000000000002 0 0 0 0 0.6000000000000001 0.6000000000000001 12.8 12.4 0.8 0 0 0 0.6000000000000001 0 0 0 0 0.6000000000000001 0 0 0.8 0 0 0 0 11.200000000000001 0 0 0 0 0 0 0 0 0 0 0 0 0 0 0 0.4 0 0 0 0 0.2 0 0 1.2000000000000002 1.6 6.6000000000000005 0.8 3.6 0 0.4 0 4.800000000000001 1.2000000000000002 2.6 0 0.6000000000000001 0 0 0.2 4.6000000000000005 0 0 2.4000000000000004 9.8 0 0 0 0 2.6 2 0 0 0 0 8.6 1.8 10 3.6 0 0.4 1.8 2 0 0 0 0 0 0 0.4 0 0 0 3.6 0 0 0 0 0 0 0 0 0 0 0 0 0 0 0 0 0 2 0 0 0 0 0 0 0 0 0 0 0 2 1.4000000000000001 2.4000000000000004 6 2.2 3.6 0 2.8000000000000003 4.4 2 2 0 0 0 0 4.4 4.800000000000001 8.8 0.2 0 0 2.4000000000000004 0 0 0 0 6.4 0 0.4 0 2.6 0 1.8 0 4.6000000000000005 0 3 0 8.6 3 0 0 0 0 0 0 0 0 0 0 0 0 0 0 0 0 0 0 0 0 0 0 0 0 0 0.4 0 0 0 0 0 0 0 0 0.6000000000000001 0 0.2 4 0.4 0.4 3.2 0 0 0 0 0 1.6 0 0 0 0 0 0 0 0 0 0.2 0 0 3.6 0 2.8000000000000003 0 0 0 0.2 0.2 0 0 0 
