 0 23.8 32.4 10 31.8 7.800000000000001 52.400000000000006 31 9.600000000000001 8 63 5 40.400000000000006 74.8 11.600000000000001 28.400000000000002 52 19 39.2 66.8 0 16.8 0.4 0 0.6000000000000001 0 0 0.6000000000000001 0.4 0 0 0 0 0 0 0 0 0 0 0.4 0 0.4 0.4 0 0 0.4 0.6000000000000001 0.4 0 12.4 0 0 0 0 0 10.600000000000001 0 0.6000000000000001 0 0 0.4 0 0 0 0 0 0 0 0 0.8 0 0 0 0 0.6000000000000001 0 1 0 0.6000000000000001 0 4.800000000000001 5.2 0 2.2 0.2 0 0 4.800000000000001 3.6 3.8000000000000003 3.2 0 6.2 2.8000000000000003 0 6.6000000000000005 3 0 1.8 7.4 0 1.8 0 0 0.4 0 6.2 0 0 0 0 0 3.4000000000000004 0.2 0 0 0 0 3.6 0 0 0 0 0 0 0 0 0 0 0 0 0 0 0 0 0 0 0 0 0 1.4000000000000001 0 0 0 0 1.4000000000000001 0 7 0 0 0 0 0 0 0 0 0 0 0 0 1.8 2.2 0.2 11.200000000000001 0 0 1.6 6.800000000000001 3.8000000000000003 4.4 0 0 3.8000000000000003 5.4 0 3.2 0 0.2 4.4 0.2 0 0 0 0 0.2 0 0 0 0 0 0 0 0 0 0 0 0 0 0 1 0 0 0 0 0 0 0 0 0 0 0 0 0 0 0 0 0 0 0 0 0 0 0 0.2 0 0 0 0 0 0 0 0 0.4 0.4 0 0.4 0 0 0 0 0 0 0 0 0 0.4 3.4000000000000004 0 0.4 0 0 4.6000000000000005 0 0 0 0 0 0 0 0 0 0 4.6000000000000005 0 0 0 0.2 0 0 0 0 0 0 0 0 0 0 0 0 0 0 0 0 0 0 0 0 0 0 0 
 23.8 0 71 13 21.6 7.4 72 11.600000000000001 36.4 26 27 7.6000000000000005 26 34.4 28.8 23 42.2 41 70 8.8 0 1.6 0.4 0 0.6000000000000001 0 0 1 0 0 0.6000000000000001 0 0 0 0 0 0 1.2000000000000002 1.2000000000000002 0 1.2000000000000002 0.4 0.4 0 0 0.4 0.6000000000000001 1.2000000000000002 0 0 0.6000000000000001 0 0 0 0 0.6000000000000001 0 0.6000000000000001 0 0.6000000000000001 1 0 0 0 0 0 0 0.2 0 0.4 0.8 0 0.2 0.8 0 0 0.4 1 0.6000000000000001 1 5.2 1.8 5.2 0 0.2 3.4000000000000004 0 3.6 4.2 3 5.6000000000000005 0 2 0 1.8 10.8 12.4 11.200000000000001 2.6 7.4 0 0 0.2 0 0 0 0 0 0 0 0 0.4 0 0 0 0 0 0 0 0 0 0 0 0 0 5 0 0 0 0 0 0 15.600000000000001 0 0 0.4 0.4 0 0 0 0 0 2.8000000000000003 0 0 0 0 0 2 0 0 0 0 0.4 0 0 0 0 0 0 3.4000000000000004 5 8 0 0 0 4.6000000000000005 0 2 2 6.800000000000001 2.8000000000000003 1.4000000000000001 0 5 2 11.600000000000001 4.4 0 4.6000000000000005 0 0 0 0 0 0 0 0 0 0 0 0 0 0 0 0 0 0.2 0 0 0 0 0 0 0 0 0 0 0 0 0 0 0 0 0 0 0 0 0 0 0.4 0 0 0 0 0 0 0 0 0 0 0 0 0 0 0 0 0 0 0 0 0 0 0 0 0 0 0 0.2 0 0 2.8000000000000003 2.2 0 0 0 0 0 0 0 0 0 0 0 0 0 0 0 0 0 0 0 0 0 0 1.4000000000000001 1.4000000000000001 0 0 0 0 0 0 0 0 0 0 0 0 0 
 32.4 71 0 56 9.4 84 19.8 101 40.800000000000004 78.2 13.8 4.4 16.8 62 40.2 84 29.200000000000003 48.800000000000004 53.400000000000006 7.800000000000001 0.2 0 0.4 0 0.6000000000000001 0 0 0.6000000000000001 0 0 0 0.8 0 0 14 0 0 0 0 0.2 0 0.6000000000000001 0.2 0 0 0.2 0.6000000000000001 0.8 0.2 0 0 0.2 0 0 0.6000000000000001 8.6 0 0.6000000000000001 0 0 0.4 0 0 0 0 0 0 0 0 0 0 0 0 0 0 0 0.4 0 0.6000000000000001 1 2 6.800000000000001 5.6000000000000005 4.2 4 2.6 1.6 0.6000000000000001 0.2 2.2 4.4 2 0 4.4 3 6.2 2 0 0 4.2 0 0 0 3.8000000000000003 0 0.2 0 0 0.4 0.2 0 0 4.4 0 0 0 0 0 5.4 0 0 0 0 3.8000000000000003 0 0 3 0 0 0 0 0 0 0 0 0 0 0 0 0 0 0 0 0 0 0 0 0 0 0 0 0.8 0.4 0 0 0 0 0 0 0 3 3 6.4 2 3.8000000000000003 2.4000000000000004 3.4000000000000004 0 6 2 4.800000000000001 3.2 4 2 7.4 3.2 2.4000000000000004 4.6000000000000005 0.4 4.2 0 0 0 0 0 0 0 0 0 0 0.2 0 1.4000000000000001 0 0 0 0 0 6.6000000000000005 0 0 0 0 0 0 0 0 0 0 0 0 0 0 0 3.6 0 0 0 0 2 0 0 0 0 0.4 0 0 0.4 0 0 0 0 0 0 0 0 0 0 0 0 0 0 0 0 0 0 17.8 0.2 0 0.8 0 0.8 0 0.2 0 0 0 0 0 0 0 0 0 0 0 0 0 0 0 0 0 0 0 0 0 0 2.6 0 0 0 0 0 0 0 0 0 0 0 0 0 
 10 13 56 0 24.200000000000003 7.2 52.6 17 60.2 43.800000000000004 93.60000000000001 23 76 35.4 46.6 28 28.6 9 16 10.8 0 0 0.4 0 1 0.4 15 0.8 0 0 0 0 0 0 1 0.4 1.2000000000000002 0 0.6000000000000001 0 0 0.6000000000000001 0.6000000000000001 0 0 0.2 0.6000000000000001 0.6000000000000001 0 0 0 0 12.600000000000001 0 0 10.4 0 0.6000000000000001 0 0 0.8 0.4 0 0 1.8 0 0.4 0 0 10.200000000000001 0 0 0 0 0 0 6.800000000000001 0 0.6000000000000001 0 2.8000000000000003 2.4000000000000004 7.4 9.4 0.4 7.800000000000001 0 0.4 0 0 0 2.6 0.2 0 16.2 3.6 2.4000000000000004 5.4 0.2 0 0 1.8 2 0 0 0.2 0 0 0 0 0 0 10.4 0 0 0 0 0 4.4 0 0 0 0 0 0 0 0 0 0 1.8 0 0 0 0 0 0 0 0 0 0 0 0 0 0 0 0 0 0 0 0 0 0 0 1 0 0 0 0 2.6 0 0 0 0.2 6.2 3.4000000000000004 2.4000000000000004 0 0 0 4 1.6 3.8000000000000003 0 1 4.2 2.4000000000000004 3.6 2.8000000000000003 0 0 0 0 0 0 0 0 0 0 0 0 0 0 6.6000000000000005 1.4000000000000001 0 0 0 0 6.4 1.4000000000000001 0 0 0 0 0 0 0 0 2 0 0 0 0 0 0 0 0 0 0 0 0 0 0 0 0 0 0 0 0 0 0 0 0 0 0 0 0 0 0 0 0 0 0 0 0 0.2 20.200000000000003 0 0.2 34.800000000000004 2.2 2.6 0 0 0 0 0 0 0 0 0 0 3 0 0 0 0 0 0 0 0 0 0 0 0 0 2.2 0 0 0 0 0 0 0 0 0 0 0 0 0 
 31.8 21.6 9.4 24.200000000000003 0 57.2 68.60000000000001 12.600000000000001 31.8 48.2 51.400000000000006 44.2 32.6 55.400000000000006 72 58.400000000000006 24.8 25 11.600000000000001 18 0 46.2 16.6 0 0.6000000000000001 0 0 6 0.2 0.2 0.2 0 36.2 0.4 0 0 0 0 14 14.8 0 0.2 0.2 0 0 0.2 0.6000000000000001 0.4 0 0.4 0 0 0 0 0 0.2 0 0.6000000000000001 0 0 0.4 0 0 0 0 0 0 6.2 1.6 0 0.8 0 0 0 0.4 0 0.4 0 2 0 2.8000000000000003 0 2.2 5.4 1.8 4.2 0 0 0 2.8000000000000003 2.2 2.6 0 0 0 3 10.200000000000001 2.8000000000000003 0 0 4.6000000000000005 0 0 15.600000000000001 0 0 6.4 0 0 0 0 0 0.6000000000000001 1.8 3 0 6.2 0.8 3.8000000000000003 7.4 0 0 0 0 0 0 0 0 0 0 0 0 0.2 0 0.4 0 0 0 0 0 0 0 1.4000000000000001 0 0 0 0 0 0.4 0 0 0 0 10 0 0 0 0 0.2 0 0 0 0 0 3 2 0 0 0 4.6000000000000005 0.8 2.6 1 0 3.6 0.4 2.2 2.8000000000000003 0 0 7.2 2.2 2.8000000000000003 4 0 0 6.4 0.2 0 0 0 0 3.6 3 4 0.2 2.8000000000000003 2 2 3.8000000000000003 3.8000000000000003 0 0 0 0 0 0 0 0 0 0.4 0 0 0 0 0 0 0 0 0 0 0 0 0 0 0 0 0 0 0 0 0.4 0 0 0 0 0 0 0 0 0 2.8000000000000003 0 0 0 0.4 18 0 17.8 0.4 0 4.4 0 0 0 0 0 0 0 0 0 0 3.8000000000000003 0 0 0 0 0 0 0 0 0 0 0 0 0 0 0 0 0 0 0 0 0 0 0 0 0 0 0 
 7.800000000000001 7.4 84 7.2 57.2 0 5.800000000000001 22 8.8 11 26.400000000000002 14.4 48.6 10.200000000000001 10.8 26.8 13.8 18.400000000000002 10.200000000000001 13.8 0 13.4 15.200000000000001 0 0.6000000000000001 0 13.8 18.8 21 0 15.4 15.600000000000001 3.4000000000000004 14.8 7.2 15.200000000000001 0 0.6000000000000001 51.2 37.2 0 0.8 0.2 0 0 0.4 0.6000000000000001 0.4 0 13.600000000000001 0 0.8 0 0.6000000000000001 0 0.2 0.4 1 0 0 0.4 0 0 0 0 0.6000000000000001 0 2.6 0.2 0 0.6000000000000001 0 0 0 0.8 0 1 0 1.4000000000000001 0 0.2 0 0 0 1.4000000000000001 3.6 0 4.2 1.6 3.2 0 2.2 0 3 0 0 0 3 0 0 6 3.2 0 8.200000000000001 0.6000000000000001 2 6 9.200000000000001 1.4000000000000001 2.2 0 4 7 3.6 4.4 0 5 3.6 3.8000000000000003 5.800000000000001 0 0 0 0 0 0 0 0 0 0 0 0 0 0 0 0 0 0.4 0 0 0 0 0 0 0 0 0 0 0 0 0 0 0 0 0 0 0 0 0 0 0 0 0 0 0.4 5.2 0 0 3.8000000000000003 0 0 0 1.2000000000000002 0 0 0 0 1.6 0.6000000000000001 0 2.4000000000000004 1.8 0 3.8000000000000003 0 0 4.2 4.6000000000000005 0 0 2.2 0 2.4000000000000004 2.4000000000000004 0.2 5.800000000000001 3 6.2 5.4 5.4 0 0 0 0 0 0 0 0 0 0 0 0 0 0 0 0 0 0 0 2.8000000000000003 0 0 0 0 0 0 0 0 0 0 0 0 0 1.6 0 0 0 0 0 0 0 0.4 0 0 0 0 1.6 0 0 0 0 3.8000000000000003 0 0 0.4 0 0 0 0 0 3 0 0 0 0 0 0 0 0 0 0 0 0 0 0 0 0 1 0 0 0 0 0 0 0 0 0 0 0 0 
 52.400000000000006 72 19.8 52.6 68.60000000000001 5.800000000000001 0 41.6 9.200000000000001 23.400000000000002 17.400000000000002 7.800000000000001 49.6 50 38 63 37.6 43.400000000000006 58.6 26.8 0.2 0 0.4 0 0.6000000000000001 7.6000000000000005 0 1 0 0 0 0 0 0.2 0 0 0 0 0.6000000000000001 0 0 1 0.4 0 0 0.4 0.6000000000000001 0.4 0 0 0 0 0 0 0 8.4 0 0.6000000000000001 0 0 0.4 0 0 0 0 0 0 0.4 0.6000000000000001 0.6000000000000001 0 0 0 0 0 0 0.4 0 0.6000000000000001 7.800000000000001 3.2 3.8000000000000003 0.4 0 4 2.6 3.6 0.2 0.2 2 5 0 1.8 7 1.4000000000000001 5.800000000000001 5.4 0.2 1 3.6 0 3.2 0 0 0 0 0 0 0 0 0 0 4.2 0 0 0 0 0 4.2 0 0 0 0 0 0 0 0 0 0 0 0 0 0 0 0 0 0 0 0 0 0 0 0 0 0.2 0 0 0 0 0 0 0 0 1.4000000000000001 0 0 0 0 0 0 2.6 4.4 4.800000000000001 8 5 8.4 3 0 7.6000000000000005 2 4.800000000000001 0 3 2 6.800000000000001 0.6000000000000001 3.8000000000000003 10.600000000000001 0.2 3.8000000000000003 0 0 0 2.4000000000000004 0 0 0 0 0 0 0 0 0 3 0 0 0 0 0 2 0 0 0 0 0 0 0 0 0 0 0 0 0 0 0 0 0 0.4 0 0 0 0 0 0 0 0 0 0 0 0 0 0 0 0 0 0 0 0.2 0 0 0 0 0 0 0 0.6000000000000001 21 0 0 0.4 0 2 0 0 0 0 0 0 0 0 0 0 0 0 0 0 0 0 0 0 0 0 0 0 0 0 1.6 0 0 0 0 0 0 0 0 0 0 0 0 0 
 31 11.600000000000001 101 17 12.600000000000001 22 41.6 0 15.200000000000001 50 8.4 4.800000000000001 20 46 46 69.4 91.80000000000001 11 64 53.400000000000006 0 0 0.4 0 0.6000000000000001 0 0 0.6000000000000001 0 0 0 0 0 0 0.2 0.4 0 0.4 6.800000000000001 0 0 0.6000000000000001 0.2 0 0 0 0.6000000000000001 0.4 0 6.2 0 0 0 0 0 6.2 0 0.6000000000000001 0 0.6000000000000001 0.4 0 0 0 0 0 0 0 0 1.2000000000000002 0 0 0 0 12.200000000000001 0 1 0 0.6000000000000001 0 3.8000000000000003 10.600000000000001 0 3.4000000000000004 0 5.4 5.4 5 6 3.2 3.6 8.6 10.200000000000001 7.6000000000000005 0 0.2 4.4 1.4000000000000001 6.800000000000001 2.2 0 1.8 0 0 0 0 0 0 0 0 0 0 2.4000000000000004 0 0 0 0 0 0.2 0 0 0 0 0 0 0 0 0 0 0 3.4000000000000004 0 0 0 0 0 0 0 0 0 0 0 0 0 0 0 0 0 0 0 0 0 0 0 0 0 0 0 0 0 5.800000000000001 8.4 1.4000000000000001 12 3 5.2 4 0 7.2 0.2 0.2 0 0 13.4 0.2 6.2 16.6 5.4 0 2.4000000000000004 0 0 0 0 0 0 2.4000000000000004 0 0 0 0 0 1.4000000000000001 0 0 0.2 0 0 0 0.2 0 0 0 0 0 0 0 0 0 0 0 0 0 0 0 0 0 0 0 0 0 0 0 0 0 0 0 0 0 0 0 0 0 2.6 0 0 0 0 0 0 0 0 0 0 0 0 18 0.4 0.6000000000000001 0 0 0 0 0 0 0 0 0 0 0 0.2 0 0 0 0 0 2.8000000000000003 0 0 0 0 0 0 0 0 0 1.4000000000000001 0 0 0 0 0 0 0 0 0 0 0 0 0 
 9.600000000000001 36.4 40.800000000000004 60.2 31.8 8.8 9.200000000000001 15.200000000000001 0 66.60000000000001 27.200000000000003 46.400000000000006 39.400000000000006 43.800000000000004 24.8 12.600000000000001 29 45 68.8 79.80000000000001 0 0 0.4 0 0.6000000000000001 0.8 0 0.6000000000000001 0 0 0.4 0 0.2 0 40.800000000000004 0 0.8 0 0.2 0 0 0.4 0.4 0 0 0.4 0.6000000000000001 3.2 0 0 0 0 0 0 0.8 0 0 0.6000000000000001 0 0 0.6000000000000001 0 0 0 0.8 0 1.2000000000000002 0.8 0 0 0 0 0 1.2000000000000002 0 0 1.6 0 0.6000000000000001 0 4.2 4.6000000000000005 5.6000000000000005 3.6 0.4 0 0 0 5.2 0 0 3.8000000000000003 3.8000000000000003 0 6.800000000000001 3.2 5.4 10.8 3 4.800000000000001 0 0 1.4000000000000001 0 0 0 0 0 0 0 0 0 0.6000000000000001 0 0 0 0 0 0 0 0 0 0 0 0 0 0 0 0 0 0 0 0 0.2 0 0 0 0 0 0.4 0 0 0 0 0 0 0 0 0 0 0 0 0 0 0 0 0 0 0 0 0 6.2 15.200000000000001 0.2 4.4 2.2 4.2 0 0 3.4000000000000004 4.800000000000001 3.2 0 0 2.4000000000000004 7.6000000000000005 4.6000000000000005 0.2 0 2.8000000000000003 0 0 0 0 0 0 0 0.2 0 0.4 0 0 2 1.6 0.2 0 0 0 5 0 0 0 0 0 0 0 0 0 0 0 0 0 0 0 0 0 0 0 0 0 2.4000000000000004 0 0 0 0 0 0 0 0 0 0 0 0 0 0 0 0 0 0 0 0 0.4 0 0 0 0.2 0 0 0 17.400000000000002 3 1.6 1.6 0 0 0 0 0 0 0 0 0 0 0 0 0 0 0 0 0 0 0 0 0 0 1.2000000000000002 2 0 0 0 0 0 0 1.4000000000000001 0 0 0 0 0 0 
 8 26 78.2 43.800000000000004 48.2 11 23.400000000000002 50 66.60000000000001 0 62.2 25.200000000000003 96.2 59.800000000000004 21.8 58.800000000000004 28.200000000000003 83.60000000000001 12.200000000000001 17.400000000000002 0 0 0.4 0 0.6000000000000001 0 0 0.6000000000000001 0 0.2 0 0 29.8 0 0 0 0 0 14.8 0.6000000000000001 0 0.6000000000000001 6.2 0 0 0 0.6000000000000001 0.6000000000000001 0 0 0 0 0 0 0 0.2 0 0.6000000000000001 0 0 0.6000000000000001 0 0 0 0 2.2 0 0 0 0 0 0 0 0 0 0 2.8000000000000003 0 0.6000000000000001 0 2.2 0 7.800000000000001 9.4 8.4 0 0 0 0 3.8000000000000003 4.4 0 0 0 16 0 1.2000000000000002 10.8 0 3.4000000000000004 0 0.2 0 0 0 0 0 0.2 0 0 0 0 0 0 1.4000000000000001 0 0 0 2.6 5.2 0 0 0 0.4 0 0 0 0 0 0.2 0 0 0 0 0 0 1.6 0.6000000000000001 0 0 0 0 0 0 0 0 0 0 0 0 0 0 0 3 0 0 0 0 0 0 0 2.4000000000000004 2.4000000000000004 3.6 0 4.800000000000001 2.2 0 0 7 4.800000000000001 6.4 0 0.2 3.2 0 1.6 3.6 0 1.2000000000000002 0.8 0 0.4 0 0 0 0.2 0 0 0 0 0 1.8 4 0 0 0.2 2 1.6 3.2 0 0 0 0 0.2 0 0 0 0 0 0 0 0 0.2 0 0 0.2 0 0 0.4 0 0 0 0 0 0 0 0 0 0 0 0 0 0 0 0 0 0 0 0 0 0.2 0 0 0 0.4 0.8 0 11.200000000000001 1.4000000000000001 0.6000000000000001 21.8 2 0 0 0 0 0 0.4 0 0 0 3 0 0 0 0 0.2 0 0 10 0 0 0 0 1 0 0 0 0 0 0 0 0 0 0 0 0 0 0 
 63 27 13.8 93.60000000000001 51.400000000000006 26.400000000000002 17.400000000000002 8.4 27.200000000000003 62.2 0 21.200000000000003 9.8 8.6 15.200000000000001 35.4 130 60.400000000000006 13.4 13.8 0 0 0.4 15 0.6000000000000001 0 0 13.8 0.2 0.4 0.4 0 29.200000000000003 0 5.6000000000000005 0.2 0 0.8 15.4 0 0 0.4 0.4 0 0 0 0.6000000000000001 0.4 0 0 0.6000000000000001 0.8 0 0 0 0.8 0 0.6000000000000001 0 0 0.8 0 0 0 0 0.4 0.2 0 0 0 0 0.2 0 0 2.2 0 0.4 0 0.6000000000000001 0 3.8000000000000003 0 9.200000000000001 6.2 10.200000000000001 8 2.6 0 3.2 2.2 0 3.4000000000000004 0 5.2 2.4000000000000004 6.4 6.800000000000001 8.8 0.6000000000000001 5.4 0 0.4 0 0 0 0 0 0.4 0 0 0.2 0 0 0.2 2.2 0 0 0 3 3.6 0 0 0 0 0 0 0 0 0 0 0 0 0 0 0 0 0 0 0 0 0 0 0 0 0 0 0 0 0 0 0 0 0 0.8 0 1.8 0 0 0 0 0 0 3.6 7.2 2.6 4.4 3 0 2 4 2.6 4.2 0 1.8 4.6000000000000005 0.4 4.800000000000001 4.800000000000001 0 0 1.4000000000000001 0 1 0 0 0 0 0 0 0 2.2 0 0.2 16.6 0.2 0 0.2 0 8.6 4.2 0 0.4 3 0.2 0 0 0 0.4 0 0 0 0 0 0 0 0 0 0 0.4 0 0 0 0 0 0 0 0 0 0 0 0 0 0 0 0.2 0 0 0 0 0 0 0 0 0 0 0.8 0 0 4.2 12 0 0.6000000000000001 0 0 0 0 0 0 0 0 0 0 0 0 0 0 0 0 0 0 0 0 0 0 0 0 0 0 0 0 0 0 0 0 0 0 0 0 0 0 
 5 7.6000000000000005 4.4 23 44.2 14.4 7.800000000000001 4.800000000000001 46.400000000000006 25.200000000000003 21.200000000000003 0 6.2 5.4 30.400000000000002 27.200000000000003 63.2 81 40.400000000000006 10.4 0 0 0.4 0 1 0.2 1.4000000000000001 17.2 0 0 0 0 33 0.2 14.8 0 0 0.2 14.8 15 0 0.4 0.4 0 0 0.4 0.6000000000000001 0.4 0 0 0 0.6000000000000001 0 0 0 0.2 0 0.6000000000000001 0 0 0.4 0 0 0 0 0 0 0 1.2000000000000002 0 5 0 1.8 0 0.2 0 0.4 0 2 0 0 0 5.2 7.800000000000001 7.2 0 0 0 0 12 6.2 3.6 0 0 5 2 0 12 0 0 11.4 0 0 0 0 0 0 0.4 0 0 0 0.4 1.8 3 0 0 1.8 0 7.6000000000000005 2.6 0 0 0 0 0 0 0 0 0 0 0 0 0 5 0 0 0.4 0 0 0 0 0 1 0 0 0 0 0 0 0.2 0 0.8 0 0 0 0 0 0 0 0 0 0 0.2 4.4 2.2 4.2 0 0 0 0 0 5.2 0.2 0 0 2.4000000000000004 0 0 0 0 1.2000000000000002 3.6 2.8000000000000003 0 0 0 6 0.2 0 3.6 0.8 0.2 2.2 3.4000000000000004 0 0 0 0.2 10 3 0 0 0 0 0 0 0 0 0 0 0 0 0 0 0 0 0 0 0 0.4 0 0 0 0 0 0 0 1.6 0 0.2 0 0 0 0 0 0 0 0 0.4 0 0 2.2 0 0 0 0 0 0.4 0 2.2 2.4000000000000004 2.4000000000000004 0.4 0 0 0 0 0 14.8 0 0 0 0 0 0 0 0 0 0 0 0 0 0 1 0 1.8 0 3.4000000000000004 0 0 0 0 0 0 0 0 0 0 0 0 
 40.400000000000006 26 16.8 76 32.6 48.6 49.6 20 39.400000000000006 96.2 9.8 6.2 0 64 10.4 49 9 26.400000000000002 37.2 25 0 0 0.4 0 1 0 0 0.6000000000000001 0 0 7.6000000000000005 0 0 0 0 0 0 0 0 0 0 0.2 0.2 0 0 0.2 0.6000000000000001 0.4 0 0 0 0 0 0 0 1.4000000000000001 0 0.6000000000000001 0 0 0.4 0 0 0 0 0.2 0 0 0 0 0 0 0.2 0.4 0.2 0 0.4 0.2 0.6000000000000001 0.2 4.800000000000001 0 2.4000000000000004 0 0 0 1.2000000000000002 0.2 0 0 0 0 3 2.6 0 0 3.8000000000000003 0 0 3.2 0 0 0 0 0 0 0 0 0 0 0 0 0 0 0 0 0 0 0.2 0 0 0 0 0 0 0 0 0 0 0 0 0 0 0 0 3.4000000000000004 0 1.6 0 0 0 0 2.8000000000000003 0 0 0 0 0 0 0 0 0 0 2.6 0 0 0 0 0 0 0 0 2.6 0 0 0 2.6 0 0 2.2 2.8000000000000003 0 0.2 0 2.8000000000000003 0.6000000000000001 1.8 2.2 0 3 0 0 0 0 0 0 0 0 0.2 0 0.4 0 0 0 0 0 0 0 0 2 0 0 0 0 0 0 0 0 0 0 0 0 0 0 0 0 0 0 0 0 0 0 0 0 0 0 0 0 0.4 0 0.2 0 0 0 0 0 0 0 0 0 0 0 0 0 0 0.4 0.4 0 0.2 0 0 1.8 0 0 0 0 0 0 0 0 0 0 0 0 0 0 0 0 0 0 0 0 0 0 0 0 0 0 0 0 0 0 0 0 0 0.2 0 0 0 0 
 74.8 34.4 62 35.4 55.400000000000006 10.200000000000001 50 46 43.800000000000004 59.800000000000004 8.6 5.4 64 0 43.800000000000004 70.8 6.6000000000000005 40.6 50.400000000000006 76.60000000000001 0.6000000000000001 0 0.4 0.6000000000000001 0.6000000000000001 0 0.6000000000000001 0.6000000000000001 0 0.6000000000000001 0 0.4 0 0 0 0 0 0 0 0 0 0.6000000000000001 0.6000000000000001 12.4 0.6000000000000001 1 0.6000000000000001 0.6000000000000001 0.4 0.6000000000000001 0 0 0.6000000000000001 12.4 0 6 0 0.6000000000000001 0 0.2 0.6000000000000001 0 0.2 0 0 0.2 0 0 0 0.4 0 0 0.4 0.4 0 0 0.4 0 0.6000000000000001 1.8 0 3.6 2.6 3.8000000000000003 3.8000000000000003 0 0 0.2 2 0 2.4000000000000004 2 2.2 0.2 7.4 0.4 0 2.6 2.2 9.200000000000001 0 0 0 0 0 0 0 0 0 0 0 0 0 0 0 0 0 0 0 0 0 3 0 0 0 0 0 0 0 0 0 0 2.6 0 0 0 0 0 0 0 0 0 0 0 2.8000000000000003 0.2 0 0 0 0 0 0 0 0 0 0 0 0 0 0 0 6.4 7.2 3.4000000000000004 2 1.4000000000000001 2.4000000000000004 5 1.6 1.4000000000000001 2 1.4000000000000001 0 3.2 2.8000000000000003 5.800000000000001 4.2 0.2 2.4000000000000004 8 0 0 0 0 0 0 5.2 0 0 0 0 0.4 0.8 0 0 0 0 0 0 0 0 0 0 0 0.2 0 0 0 0 0 0 0 0 0 0 0 0 0 0 0 0 0 0 0 0 0 0 0 0 0 0 0 0 0 0 0 0 0 0 0 0 0 0 0 0 0.4 0.2 0 0 0.2 0.2 2 1.6 0 0 0 0 0 0 0 0 0 0 0 0 0 0 0 0 0 10 0 0 0 0 2.2 1.6 0 0 0 0 0 0 0 0 0 0 0 0 0 
 11.600000000000001 28.8 40.2 46.6 72 10.8 38 46 24.8 21.8 15.200000000000001 30.400000000000002 10.4 43.800000000000004 0 46.800000000000004 81.2 11.600000000000001 13.200000000000001 20.400000000000002 0 0 0.4 0.2 0.6000000000000001 0.6000000000000001 0 0.6000000000000001 0 0 0.4 0 0.2 0 0.4 0.6000000000000001 1.4000000000000001 0 16 0 0 0.4 0.4 0 0 0 0.6000000000000001 0.4 0 13 0 0 0 0 0 24.8 0 0.6000000000000001 0 0 0.4 0 0 0 0.8 0 0 0.2 0 0 0 0 0 0 0 0 0.4 0 0.6000000000000001 3 0 0.4 0 6.4 2.2 8.4 0 8.200000000000001 0 0 2.2 6.4 0 2.8000000000000003 2.8000000000000003 9.4 3.2 1.4000000000000001 0 0.2 0 0 0 0 0 0 0 0 0 0 0 0 8 0 0 0 0 2.6 3.4000000000000004 0 0 0 0 0 0 0 0 0 0 0 0 0 0 0 0 0 0 0 0 0 0 0 0 0 0 0 0 0 0 0 0 0 0 0 0 0 0 0 0 0 0.6000000000000001 0 6.4 5.2 5.2 0.6000000000000001 0 0 2.6 6.2 0 0.2 0 4.2 6.6000000000000005 3.8000000000000003 0.8 2 1.8 1 0 0 0 0 0 0 0 0 0 0 0 0 0 0 0 0 0 0 1.8 3 0 0 0.4 0 0 0 0 0 0 0 0 0 0 0 0 0 0 0 0 0 0 0 0 0 0 0 0 0 0 0 0 0 0 0 0 0 0 0 0 2.8000000000000003 0 0 0 0 0 0 2.2 0 0.4 0 2.8000000000000003 1.4000000000000001 0 0 0 0 0 0 0 1.6 0 0 4 0 0 0 0 0 0 0 0 0 0 0 0 0.2 0 0 0 0 0 0 0 0 0 0 0 0 0 0 
 28.400000000000002 23 84 28 58.400000000000006 26.8 63 69.4 12.600000000000001 58.800000000000004 35.4 27.200000000000003 49 70.8 46.800000000000004 0 64.8 35.4 8.8 60 0 0 0.4 0 0.6000000000000001 0 0 15.4 0 0.2 0.4 0 0 0 0.2 0 0 0 15.200000000000001 16.400000000000002 0 0.6000000000000001 0.6000000000000001 0 0 0.4 0.6000000000000001 0.6000000000000001 0 12.200000000000001 0 0.2 0 0 0 7.4 0 0.6000000000000001 0 0 0.6000000000000001 0 0 0 0 0 0 0 0 0 0 0 0 0 0 0 0.4 0 0.6000000000000001 0.8 2 4.4 0.4 7.800000000000001 2.6 2.6 0 3 3.2 6 2.2 0 0 0 0.6000000000000001 2.2 3 6.6000000000000005 0 0 0 0 0 0 0 0 0 0 0 0 0 0 3.8000000000000003 0 0 0 0 0 1.4000000000000001 0 0 0 0 0 0 0 0 0 0 0 0 0 0 0 0 0 0 0 0 0 0 0 0.2 0 0 0 0 0 0 0 0.2 0 0 0 0 0 0 0 0 0 2 0 3.2 7.2 1.8 4.800000000000001 0 0 4.2 3.2 3.6 0 1.2000000000000002 1.6 4.4 0 2.8000000000000003 1.6 0 2.4000000000000004 0.6000000000000001 0 0 0 0 0 2.2 0.4 0.2 0 0.4 0 2.2 0.2 0 0 0 0 1.8 0 0 0 0 0 0 0 0 0 0 0 0 0 0 0 0 0 0 0 0 0 0 0 0 0 0 0 0 0 0.4 0 0.2 0 0 0 0 0 0 0 0 0 0 0 0 0 0 0.2 11.4 0.4 0.4 17 0 3.8000000000000003 1.4000000000000001 0 0 0 0 0 0 0 0 0 2.8000000000000003 0 0 0 0.2 0 0 0 0 0 0 0 0 1.6 5.2 0 0 0 0 0 0 0 0 0.2 0 0 0 0 
 52 42.2 29.200000000000003 28.6 24.8 13.8 37.6 91.80000000000001 29 28.200000000000003 130 63.2 9 6.6000000000000005 81.2 64.8 0 29.6 7.800000000000001 50.2 0 0 0.4 0.4 1 0 0 1 5 0 0.4 0.4 0 0 0.8 0 0 0.6000000000000001 0.6000000000000001 0.4 0 0.8 0.4 0 0 0.4 1 9.4 0 0 1.2000000000000002 0 0.6000000000000001 0 0 1.2000000000000002 0 0.6000000000000001 0 0 1.4000000000000001 0.4 0 0.6000000000000001 0 0 0 0 0.6000000000000001 1 0 7.4 0.4 0 1.4000000000000001 0 0.4 0 0.6000000000000001 0 12.4 2 8.6 0.2 0 5.2 2.8000000000000003 6 4 8.200000000000001 2.2 0 0 4.6000000000000005 0 7.4 10.600000000000001 0 0 10 0 0 0 0 0 0 0 0 0 2.8000000000000003 0 0 0 0 0 0 0 0 0 0 0 0 0 0 0 0 0 5.4 0 0 0 0 0 0 0 0 0 0 0 0 0 0 0 0 0 0 0 0 0 0 0 0 0 0.8 0 0 0 0 0 0 1 4.4 4.6000000000000005 1.6 0 0 7.2 0 3 2.6 13.8 0 2 0.4 9.8 2 4.4 2 0 2 0 0 0 0 0 0 0 0 0 0 3.8000000000000003 0 0 0 0 0 0 0 0 1.4000000000000001 0 0 0 0 0 0 0 0 0 0 0 0 0 0 0 0 0 0 0 0 0 0 0 0 0 0 0 0 0 0 0 0 0 0 0 0 0 0 0 0 0 0 0 0 0 0.4 0.4 0.4 0 0 0 1.6 0 0 0.2 0 0 0 0 0 0 0 0 0 0 0 0 0 0 0 0 0 10.200000000000001 0 0 0 2.4000000000000004 0 0 0 0 0 0 0 0 0 0 0 0 0 
 19 41 48.800000000000004 9 25 18.400000000000002 43.400000000000006 11 45 83.60000000000001 60.400000000000006 81 26.400000000000002 40.6 11.600000000000001 35.4 29.6 0 8.200000000000001 9.4 0 0 0.4 0 0.6000000000000001 0 0 0.6000000000000001 0 0.2 0 0 11 41.400000000000006 0 0 0 0 14.8 0 0 0.6000000000000001 0.6000000000000001 0 0 0 0.6000000000000001 0.6000000000000001 15.200000000000001 0 0 5.800000000000001 0 0 0 10.4 0 0.6000000000000001 0 0 0.6000000000000001 0 0 0 0 0 0 0 0 0 0 0 0 0 0 0 3.4000000000000004 0 0.4 0 1.8 0.2 9.600000000000001 18.400000000000002 6.2 0 0 0 0 2.6 2.2 0.2 0.2 0 7.800000000000001 1.8 0 10 0.2 3.2 5.800000000000001 0.2 0 0 0 0 0 0 0 0 0 0.4 3.4000000000000004 0 1.4000000000000001 0 0 0 6.800000000000001 3.2 0 0 0 0 0 0 0 0 0 0.2 0 0 0 0 0 0.2 0.4 0 0 0 0 0 0 0 0 0 0 0 0 0 0 0 0 1 0 0 0 0 0 0 0 2.6 2.2 8.200000000000001 0 4.6000000000000005 2 0 0 4.800000000000001 0.6000000000000001 6.4 0.2 1.2000000000000002 3.4000000000000004 0.4 1.8 3 0 2.6 0.2 0 0.4 0 0 0 0 0 0 0 7.800000000000001 0 0 2.8000000000000003 0 0 0.2 0.2 1.6 2 0 0 0 0 0 0 0 0 0 0 0 0 0 0 0 0 0 0 0 0 0.4 0 0 0 0 2.2 0 0 0 0 2.2 0 0 0 0 0 0 0 0.4 0 0 0 0 0 0 0.6000000000000001 0.4 0 13.600000000000001 17.6 0 2 1.6 0 0 0 0 0 0 0 0 0 3 0 0 0 0 0 0 0 0 0 0 0 0 1 0 0 0 0 0 0 0 0 0 0 0 0 0 0 
 39.2 70 53.400000000000006 16 11.600000000000001 10.200000000000001 58.6 64 68.8 12.200000000000001 13.4 40.400000000000006 37.2 50.400000000000006 13.200000000000001 8.8 7.800000000000001 8.200000000000001 0 73.2 0 0 0.4 0 0.6000000000000001 0 0.4 1 0 0.2 0.4 0.4 0 0 0 0 0 0.6000000000000001 0 0 0 0.6000000000000001 0.6000000000000001 0 0 0.4 0.6000000000000001 1.2000000000000002 0 0 0.6000000000000001 0 0 0 0 0.6000000000000001 0 0.6000000000000001 0 0 1 0 0 0 0 0 0 0 0 1.6 0 0 0.2 0 1.2000000000000002 0 0.4 0 0.6000000000000001 0.6000000000000001 4 3.8000000000000003 2.6 0 0 0 3.6 9.600000000000001 1 7.800000000000001 0 0 6.2 7 0 2 5.4 0 2.2 15.4 0 0 0 0 0 0.4 0.4 0 0 0.2 0 0 0 0 0 0 0 0 0.4 0 0 0 0 0 0 0 0.4 0 0 0 0 0.2 0 0 0 0 0 0 0 0 0 0 0 0 0 0.6000000000000001 0.4 0.4 0 0 0 0 0 0 0 0 0 0 0 0 6.2 8 1.2000000000000002 3.8000000000000003 1.8 1.8 2.2 6.4 2 0 4 0 6.6000000000000005 2 0 0.8 3.4000000000000004 2.8000000000000003 5 3 0 0 0 0 0 0 0 0 0 0 0 0 0 0 0 0 0 0 0 0 0 0 0 0 0 0 0 0 0.2 0 0 0 0 0 0 0 3.2 0 0 0 3.2 0 0 0 0 0 0 3 0 0 0 0 0 0 0 0 0 0 0 0 0 0 0 0 0 0.4 0 0.4 0 0.4 0 0.8 0 0.4 0 0 0 0 0 0 0 0 0 0 0 0 0 0 0 0 0 0 0 0 0 0 0 0 0 0 0 0 0 0 0 0 0 0 0 0 
 66.8 8.8 7.800000000000001 10.8 18 13.8 26.8 53.400000000000006 79.80000000000001 17.400000000000002 13.8 10.4 25 76.60000000000001 20.400000000000002 60 50.2 9.4 73.2 0 0.2 0 0.8 0.2 1 0.6000000000000001 0.4 1.2000000000000002 0.4 0 0.6000000000000001 0.6000000000000001 0.4 0 0.4 0 0 0.6000000000000001 0.6000000000000001 0.4 2 0.4 0.4 0 0 0 0.6000000000000001 0.4 0 0 0.4 0 0 0 0 0 0.4 0.6000000000000001 0 0 0.4 0.4 0 0.6000000000000001 0 0 0 19.8 0 0.4 1.2000000000000002 0.2 6.6000000000000005 1 1 0.6000000000000001 0.8 0.4 0.6000000000000001 1 3.2 4.2 0 0 0 0 2 4 2 0.4 0 0 2.6 0 4 0 0 0 1.6 7.6000000000000005 0 0 0 0 0 0 0 0 0 0 0 0 0.2 0 0 0 0 0 0 0 0 0 0 0 0 0 0 0 0 0 1.8 0 0 0.2 0 0 0 0 0 0 0 0 0 0 0 0 0 0 0 0 0 0 0 0 0 0 0 0 0 0 5.4 0 0 0 0.2 0 0.4 16.6 0 0 0 0 5.800000000000001 4.800000000000001 0 0.8 0 0 15 2 0 0 0 0 0 0 0.6000000000000001 10 0 0 0 0 0 0 0.4 0 0 0 0 0 0 0 0 0 0 0 0 0 0 0 0 0 0 0 0 0 0 0 0 0 0 0 0 0 0 0 0 0 0 0 0 0 0 0 0 0 0 0 0 0 0 0.2 0 0 0 0 0 0.4 0.6000000000000001 0.4 0.4 3.4000000000000004 0 0 0 0 0 0 0 0 0.4 0 0 0 0 0 0 0 0 0 0 0 0 0 0 0 0 0 0 0 0 0 0 0 0 0 0 0 0 0 
 0 0 0.2 0 0 0 0.2 0 0 0 0 0 0 0.6000000000000001 0 0 0 0 0 0.2 0 16.8 47.400000000000006 8.8 25.200000000000003 8.200000000000001 87.4 72.8 44.800000000000004 49.2 24.8 62.2 12.600000000000001 93 10.200000000000001 58.2 32 50.6 9.600000000000001 83.4 0 0 0.4 0.4 0 0.4 0 0 0 0 0 0 0 0 0 0.6000000000000001 0.6000000000000001 0 0.6000000000000001 0 0 1.8 0 0 0 0 0.6000000000000001 4 0 0.4 0 0 0 0.6000000000000001 0.2 0 0 0 0.4 0 0 0 0 0 0 0.2 0.4 0 0 0 0 0 0 0 0 0 0 0 0 0 0 3.4000000000000004 7.2 5.2 2.2 5 0 3.8000000000000003 6.800000000000001 3.4000000000000004 11.8 8.6 0.4 2 3.2 9.8 8 3.2 0 6 0 0 0 0 0 0 0 0 0 0 0 0 0 0.2 0 0 0 0 0 7 0.2 0.2 0 0.8 0 0 0 0 0.4 0 0 0.4 0 0 0 0 0 0 0 0 0 0 0 0 0 0 0 0 0 0 0 0 0 0 0 0 0 0 0 0 0 0 3.6 4.4 4.6000000000000005 1.2000000000000002 0 8.4 3.8000000000000003 4.2 4.800000000000001 5.4 0.6000000000000001 0 7 7.2 8.4 7 2.2 4 0.4 0 0 0 0 3.6 0 0 0 0 0 0 4 2 0 0 0 0 2.8000000000000003 3.8000000000000003 0 0 0 0 0 0 0 0 0 0 0 0 0 0 0 0.4 0 0 0 0 0 0 0 0 0 0 0 0 0 0 0 0 0 0 2.6 0.4 0 0 0 0.4 0.4 0.4 0 0 0 0 0 0 0 0 0 0 0 0 0 0 0 0 0 0 0 6.2 0 0.4 0 0.4 0 0 0 0 
 16.8 1.6 0 0 46.2 13.4 0 0 0 0 0 0 0 0 0 0 0 0 0 0 16.8 0 34.4 7.2 7.4 7.6000000000000005 16.400000000000002 46.800000000000004 51.800000000000004 61.800000000000004 21.400000000000002 18.2 56 21 6.6000000000000005 32 28.200000000000003 21.6 60 28.400000000000002 0 0 0.4 0.4 0 0.4 0 0 13 12.8 0 11 0 0 0 0.6000000000000001 0.6000000000000001 0 0.4 0 0 0.6000000000000001 0 0 0 0 0.6000000000000001 0.8 0.6000000000000001 0.4 0 0 0 0.6000000000000001 0.2 0 0 0 1 0 0 0 0 0 2.4000000000000004 0 0 0 0 0 0 0 0 0 0 0 0 4.800000000000001 0 0 11.200000000000001 2.8000000000000003 1.6 4 0 0.2 7.800000000000001 7.2 1.8 2 2.6 0 6 3.6 5.2 5.6000000000000005 4.800000000000001 4.800000000000001 4.4 10 0 0 0 0 0 0 3.8000000000000003 0 0 0 0 0 2.2 0 0 0 0 0 3 0 0 0 0 0 0 0 0 0 0.4 0 2 0 0 0 0 0 0 0 0 0 0 0 0 0 0 2.8000000000000003 0 0 2.8000000000000003 0 0 0 1.6 0 0 0 0 0 1.2000000000000002 0 9.4 6.2 2 4.2 0 0 0.6000000000000001 4 0 1.6 0 0 2.4000000000000004 15.8 5 3.2 5 0.6000000000000001 2.8000000000000003 3.8000000000000003 0 0 0 0 0 0 0 0 0 0 0 0 11.600000000000001 0 0 0 0 0 0 6.4 0 0 0 0 0 0 0 0 0 0 0 0 0 0 0 0 0 0 0 0 0 0 2.2 0 0 0 0 0 0 0 0 0 0 0 2.2 0.4 0 0 0 0 3.2 4.2 0 0 0 0 0 0 0 0 0 0 0 0 0 0 0 0 0 0 0 0 0 0 0 0 0 0 0 0 
 0.4 0.4 0.4 0.4 16.6 15.200000000000001 0.4 0.4 0.4 0.4 0.4 0.4 0.4 0.4 0.4 0.4 0.4 0.4 0.4 0.8 47.400000000000006 34.4 0 18.8 44.2 24.8 27 19 14.8 30 19.400000000000002 12 31.400000000000002 14 21 45.400000000000006 39.800000000000004 59.400000000000006 15.4 4.800000000000001 0 0 0.4 0.4 0 12.4 0 0 0 0 0 0 0.4 0 0.2 0.6000000000000001 0.6000000000000001 0 12.8 0.2 0.6000000000000001 0.6000000000000001 0 0 0 0 0.6000000000000001 0 0 0.6000000000000001 0 0 0 1.6 0.4 0 0 0.2 0.4 0 0 0 0 0 0 0.2 0.4 0 0 0 0 0 0 0 0 0 0 0 0 0 0.2 0 5.6000000000000005 5.6000000000000005 1.2000000000000002 0 2 1.6 3.4000000000000004 4.4 7.800000000000001 2.4000000000000004 0 0 3.2 5.2 9.600000000000001 9.8 1.8 5.4 2 0 0 0 0 0 2.6 2 0 2 0 0 0 3.4000000000000004 4 3.6 0 0 4 2.2 0 0.4 0 1.4000000000000001 0 0 0 0 0.4 0 0 0.4 0 0 0 0 0 0 0 0 0 0 0 0 0 0 0 0 0 0 0 0 0.2 0 0 0 0 0 0 0 1.4000000000000001 0 2.6 3.4000000000000004 3.4000000000000004 8 2.4000000000000004 2.4000000000000004 0 7.6000000000000005 10.600000000000001 9.4 2.6 3.4000000000000004 2.6 3.6 3.4000000000000004 2.6 0.8 0 2.2 0 0 0 0 0 0 0 0 0 0 0.2 8.4 4.2 0 0 0 0 2.2 0 0 0 0 0 0 0 0 0 0 0 0.4 0 0 0 0 0.4 0 0 0 0 0 0 0 0 0 0 0 0 0 0 0 0 0 0 4 0.4 0 15.600000000000001 0 0.4 0.8 0 0 0 0 0 0 0 0 0 0 0 0 0 0 0 0 2.2 0 2 0 4.2 0 0.4 0 8.8 2.6 0 0 0 
 0 0 0 0 0 0 0 0 0 0 15 0 0 0.6000000000000001 0.2 0 0.4 0 0 0.2 8.8 7.2 18.8 0 37.4 25.200000000000003 13.8 27.8 29.200000000000003 76.4 34.6 34 57.6 32.6 54.800000000000004 9.8 15 9.8 14 9.4 0.2 13.8 0.4 0.4 0 0.6000000000000001 1.4000000000000001 12.4 0 0 0 0 2.6 0 0 0.6000000000000001 0.6000000000000001 0.6000000000000001 4.800000000000001 12.4 0 0.6000000000000001 0 0 0 0.8 0.6000000000000001 0 0 0.4 0 0.8 0.2 0.6000000000000001 0.4 0 0 0 0.4 0 0 0 0 0 0 0 0 0 0 0 0 0 0 0 0 0 0 0 0 0 0 2.8000000000000003 0 1.2000000000000002 4.800000000000001 2.4000000000000004 5.2 0 3.6 2.4000000000000004 0 4.2 0 8 0 0 2.2 0.2 0 0 3.4000000000000004 1.8 3.4000000000000004 0 0 0 6.4 2.6 4.2 2.8000000000000003 0 0 5.2 8.4 0 2.8000000000000003 2.6 2.2 4.6000000000000005 0 0 0 0 0 0 0 0 0 1.8 0 0.6000000000000001 0 0 0 0 1.6 0 0 0 0 0 0.2 0 0 0 0.4 0 0 0 0 0.4 0 0 2.2 0 0 0 0 0 0 0 4.800000000000001 2.2 4.4 3 2 0 1.8 0.8 0 0 0 0 0 4 0 0.2 0 0 3.4000000000000004 2 5.2 4.2 0 0 0 4.4 0 3.2 0 0 0 2 4.6000000000000005 2.6 4.800000000000001 0 0 3.8000000000000003 0.2 0 0 0.2 0 0 0 0 0 0 0 0 0 0 0 0 0 0 0 0.2 0 0 0 0.4 0 0 0.2 0 0 0 0 0 0 0 0 1.6 0.2 0.4 30.400000000000002 0.4 0.4 0.8 0.2 0 0 0 0 1.4000000000000001 0 0 0 0 0 0 0 0 0 0 0 0 0 0 0 0 0 0 0 8 0 0 0 
 0.6000000000000001 0.6000000000000001 0.6000000000000001 1 0.6000000000000001 0.6000000000000001 0.6000000000000001 0.6000000000000001 0.6000000000000001 0.6000000000000001 0.6000000000000001 1 1 0.6000000000000001 0.6000000000000001 0.6000000000000001 1 0.6000000000000001 0.6000000000000001 1 25.200000000000003 7.4 44.2 37.4 0 27.8 55.400000000000006 68.2 27 94.80000000000001 38.800000000000004 22 20.400000000000002 40.800000000000004 45.400000000000006 38.6 21.6 25.8 12.600000000000001 56.2 0 0 0.4 0.4 0 0 0 0 0 0.4 0 0 15.8 0 0.8 0.6000000000000001 1 0 0.8 0 0 0.6000000000000001 0 0 0 0 1 0 0 0.4 0 0 0 1.4000000000000001 0 0 0 0 1.2000000000000002 0 0 0 0 0 0 0 0 0 0 0 0 0 0 0 0 0 0 0 0 0 0 0 1.6 0 1 5.800000000000001 0 0 4.4 0 2.8000000000000003 1.8 3.8000000000000003 0 0 4.4 1.4000000000000001 1.8 0 0 9 2 1.8 0 0 0 2 3 0 1.4000000000000001 0 0 3.4000000000000004 3.4000000000000004 0.4 3.8000000000000003 1.6 3 0 0.6000000000000001 0 0 0 0 0 0 0 0 0 0 0 0 4 0 0 0 0 2.8000000000000003 0 0 0 0 0 0 0 0.2 0 0 0 0 1 0 0 0 0 0 0 0 0 0 0 0 2.4000000000000004 3.8000000000000003 0 3.8000000000000003 0 0 0.2 0.2 5.6000000000000005 0.6000000000000001 0 0 0 0 3.6 0 0 0 0.8 3.6 4.2 0.2 0 0 0 0.4 0 0 0 0 5.800000000000001 4.4 0 0 0 0 3.2 0.2 0 0 0 0 0 0 0 0 0 0 2 0 0 0 0 0 0 0 0 0 0 3.8000000000000003 0 0 0 0 0 0 0 0 0 0 0 0 1.8 0.4 0 7.800000000000001 30.200000000000003 0.4 1 0 0 0 0 0 2 0 0 0 0 0 0 0 0 0 0 0 0 1.8 0 0 3.6 0 0 5.2 2 0 0 0 
 0 0 0 0.4 0 0 7.6000000000000005 0 0.8 0 0 0.2 0 0 0.6000000000000001 0 0 0 0 0.6000000000000001 8.200000000000001 7.6000000000000005 24.8 25.200000000000003 27.8 0 5.4 15 21.400000000000002 39 72.8 60.2 14.8 10 36.800000000000004 15 66.60000000000001 26.8 6.2 9.200000000000001 0.2 0.2 0.4 0.4 0 0.8 12.600000000000001 12.4 0 0 0 0 18.2 0.6000000000000001 1.6 0.6000000000000001 0.6000000000000001 1.2000000000000002 0.6000000000000001 16.8 0 0.8 0 0 0 0 0.6000000000000001 0 0.6000000000000001 0.8 0 0 0 1 0 0 0 0 11 0 0 0 0 0 0 0 0 0 0 0 0 0 2.4000000000000004 0 0 0 0 0 0 0 2 0 0.6000000000000001 0 0.4 7.800000000000001 0 0 4.4 10 5.800000000000001 0 0 0 0 2.4000000000000004 2.6 1.4000000000000001 0 0 0.2 5.4 4 0 0 0 2.4000000000000004 3.2 0 0.2 0.2 0 2.6 4.2 0 3.8000000000000003 0 2.4000000000000004 8.4 3.2 0 0 0 0 0.2 0 0 0 0 0 0 0 0 0 0 0 0.4 0 0 0 0 0 0 0 0 0.2 0 0 0 0 2 0 1.6 0 0 0 0 0 0 0 0 0 12.4 0 0 10.600000000000001 0 0 2.2 0.2 2.2 2.2 0 0 0 0 4.6000000000000005 0.2 0 0 2.6 2.6 1.2000000000000002 0 0 0 10.200000000000001 1.8 2 0 0.2 0 0 8.6 3.8000000000000003 3.8000000000000003 1.6 0 0 2.4000000000000004 0 0 0 0 0 0.2 0 0 0 0 0 0 0 0.2 0.4 0 0 0.4 0 0 0 0 0 0 0 0 0 0 0 0 0 0 0 0 2.8000000000000003 0 0.8 0.2 32.2 0 1 0 0 0 0 0 0 0 13.4 0 0.2 0.4 0 0 0 2 0 0 0 0 0 0 0 0 0 0 0 0 0 0 
 0 0 0 15 0 13.8 0 0 0 0 0 1.4000000000000001 0 0.6000000000000001 0 0 0 0 0.4 0.4 87.4 16.400000000000002 27 13.8 55.400000000000006 5.4 0 24.200000000000003 20.6 5.800000000000001 77 8 66.60000000000001 62.800000000000004 9.200000000000001 53 21 27 8.8 43.6 0 0 0.4 0.4 0 0.4 0 0 0 0 3.4000000000000004 0 0 0 0 0.6000000000000001 0.6000000000000001 0 0.4 0 0 0.6000000000000001 0 0 1.2000000000000002 0 0.6000000000000001 0 0 0.4 2.8000000000000003 0 0 0.6000000000000001 0 0 0.4 0 0.4 0 0 0 0 0 0 4 0 0 0 0 0 4.2 0 0 0 0 0 0 0 0 2.6 5.800000000000001 6.4 1.2000000000000002 0.2 2.2 0 4.2 3.6 0 2.4000000000000004 9 2.2 1.6 2.2 1.8 0 0 9.8 0 0 0 0 0 0 0 0 0 0 1 0 0 0 0 0 0 0 0 0 0 0 0 0 0 0 0 0 0 0 0 0 0 0 0 0 0 0 0 0 0 0 0 0 0 0 0 0 0 0 0 2 1.8 0 0 0 0 0 0 0 0 0 0.2 3 2.6 2 2.2 5.4 3.4000000000000004 13.200000000000001 5.6000000000000005 2.2 4.4 1.4000000000000001 0.6000000000000001 0 2 1.2000000000000002 16 0.2 4.800000000000001 0 0 0 0 0 2.6 0 0 0 0 0 0 3 0 0 0 0 0 0 0 0 0 0 0 0 0 0 0 0 0 0 0 0 0 0 0 0 0 0 1.2000000000000002 0 0 0 0 0 0 0 0 0 7.2 0 0 0 0 1 0.2 0.4 0 0 0 0.8 0 0 0 0 0 0 0 0 0 0 0 0 0 0 0 0 0 0 0 0 1.6 0 0 0.2 0 0 0 0 0 
 0.6000000000000001 1 0.6000000000000001 0.8 6 18.8 1 0.6000000000000001 0.6000000000000001 0.6000000000000001 13.8 17.2 0.6000000000000001 0.6000000000000001 0.6000000000000001 15.4 1 0.6000000000000001 1 1.2000000000000002 72.8 46.800000000000004 19 27.8 68.2 15 24.200000000000003 0 48.6 28 11.600000000000001 19.8 38.400000000000006 34.6 34.4 52.800000000000004 39.6 79 102.60000000000001 24.8 0 0 0.4 0.4 0 0.2 0 0 0 0 0 2.4000000000000004 12.600000000000001 0 0 0.8 0.6000000000000001 0 2.8000000000000003 0 0 0.6000000000000001 0.6000000000000001 0.6000000000000001 0 0 0.6000000000000001 0 1 0.4 12.600000000000001 0 0 0.6000000000000001 0.4 0 0 0 7.4 0 5.2 0 0 0 0 2.4000000000000004 0 0 0 0 0.8 2.4000000000000004 0 0 0 0 0 0 0 0 2.2 0.2 2.6 2.4000000000000004 2 2.4000000000000004 5.2 8.8 5.6000000000000005 0 0.4 1.6 0 10 1.4000000000000001 1.8 4.4 2 0 1.4000000000000001 0 0.4 0 0 0 0 2.6 0 0 0 0 0 1.4000000000000001 0 0 0 0 0 2.6 5.2 0 0 0 0 0 0 0 0 0.4 0 2.4000000000000004 0 0 0 0 0 4.800000000000001 0 0 0 0 0 0 0 0 0.2 0 0 0 0 0.2 0 0 0 0 0 0 1.6 0 0 2 8 1.8 2.8000000000000003 0 0 4 0.4 1.2000000000000002 0 3 0.8 0.6000000000000001 0 4 0 0.4 4 4.6000000000000005 1.6 0 0 0 0 0 0 0 0 0 0 0 0 4.4 0 0 0 0 0 0 3 0 0 0 0 0 0 0 0 0 0 0 0 0 0 0 0 0 0 0 0 0 0 0 0 0 0 0 0 0 0 0 0 0 0 2.2 0 0.4 0 15 0.8 0.4 3.2 0 0 0 0 0 0 0 0 0 0 0 0 0 0 0 0 0 0 0 0 0 0 0 0 0 0 0 0 
 0.4 0 0 0 0.2 21 0 0 0 0 0.2 0 0 0 0 0 5 0 0 0.4 44.800000000000004 51.800000000000004 14.8 29.200000000000003 27 21.400000000000002 20.6 48.6 0 16.8 41.6 20.8 39.800000000000004 27.200000000000003 35 23.200000000000003 35.4 8.8 15.8 46 0 0 0.4 1.4000000000000001 0 0.2 0 0 0 0 0 0 4.800000000000001 0 0.4 0.4 0.8 0 13 0 0 0.6000000000000001 0 0 0.2 0 0.6000000000000001 2.2 0 0.6000000000000001 0 0 0 0.6000000000000001 0.4 0 0 0 0.4 0 0 0 0 0 0 0 0 0 0 0 0 0 0 0 0 0 0.8 0 0 0 4 5 11.200000000000001 8.8 2.8000000000000003 4.6000000000000005 3.2 4.6000000000000005 4.800000000000001 2.8000000000000003 0 6.6000000000000005 0 0 3.6 0 3 3.2 0 2.2 0.2 2.4000000000000004 0 0 0.4 0.4 3.4000000000000004 4 0 0.8 0 0 3.2 0 0 0.2 0 0 4.2 2 0 0 0 0.2 3.6 0 0 0 1.2000000000000002 0 0.8 0 0 0 0 0 0 0 0.4 0 0 0 0 0 0 0.4 0 0 0 0 0.6000000000000001 0 0.4 0 0.2 0.4 0 0 0 0 1.8 2.2 2.8000000000000003 2.4000000000000004 4.800000000000001 5.800000000000001 2.6 5.2 1.8 0.2 0 1.6 4 0 2.2 1.8 4 13.4 0.2 12.200000000000001 0 0.4 1.2000000000000002 0 0 0 2.8000000000000003 0 0 0 0 0 1.6 0 0 0 0 0 0 3.6 0 0 0 0 0 0 0.4 0 0 0 0 0 0 0 0 0 0 0 0 0 0 0 0 0 0 0.2 0 0 0 0 0 0 0 0 3.2 0 0.2 0.2 1.2000000000000002 0 0 0.2 0 0 0 0 0 0 0 0 0 0 0 0 0 0 0 0 0 0 0 1.4000000000000001 0 0 0 0 0 0 0 0 
 0 0 0 0 0.2 0 0 0 0 0.2 0.4 0 0 0.6000000000000001 0 0.2 0 0.2 0.2 0 49.2 61.800000000000004 30 76.4 94.80000000000001 39 5.800000000000001 28 16.8 0 30.6 22.400000000000002 13 17 60.2 46.2 31.200000000000003 28.6 24.400000000000002 12.600000000000001 0 0 0.4 0.4 0 0 0 12.200000000000001 0 0.2 0 0 7.6000000000000005 0.6000000000000001 0 0.6000000000000001 0.6000000000000001 0 25.200000000000003 0 0 0.8 0 0 0 0 0.6000000000000001 0 0 0.4 10.200000000000001 0 0 1.6 0 0 0 0.2 5.4 0 0 0 0 0 0 1.2000000000000002 0 0 0 0 0 0 0 0 0 0.2 0 0 0 0.6000000000000001 7 0 3 0.2 2.8000000000000003 4.4 2.4000000000000004 0 2.4000000000000004 0 15.4 0.4 0 0 0 5 5.6000000000000005 5.4 0 0 2.2 2.4000000000000004 0 0 0.4 0 0 4.800000000000001 0 0 0 0 0 2.8000000000000003 3 4.2 0 0 8.8 2.2 0 0 0 0 0 0 0 0 0 0 0 0 0 0 0 0 4.2 0 0.4 0 0 0 0 0 0 0.4 0 0 0 0 4.4 0 0.4 0 0 0.4 0 0 2 0 5 1.6 2.8000000000000003 0.4 3.6 6.6000000000000005 0 3 1.8 6 3.6 7.2 0 2.4000000000000004 3.4000000000000004 0 0 0 0.2 0 0 0.4 0 0 0 0 1.8 0 0.2 0 0 0 2.4000000000000004 4.800000000000001 0 0 0 0 0 0.2 0 0 0 0 0 0 0.4 0 0 0 0 0 0.2 0 0 0 0 0 0 0 0 0 3.8000000000000003 0 0 0 0 0 0 0 0 0 0 0 0.4 0.6000000000000001 0.4 10.600000000000001 0.8 0 0.6000000000000001 0 0 0 0 0 0 0 0 0 0 0 0 0 0 0 0 0 0 0.8 0 0 0 0 0 4.2 0.2 0 0 0 
 0 0.6000000000000001 0 0 0.2 15.4 0 0 0.4 0 0.4 0 7.6000000000000005 0 0.4 0.4 0.4 0 0.4 0.6000000000000001 24.8 21.400000000000002 19.400000000000002 34.6 38.800000000000004 72.8 77 11.600000000000001 41.6 30.6 0 23.8 49.2 7.4 14.200000000000001 80 58 27.8 11 35.4 0 0 0.4 1 0 12.600000000000001 0 0 0 0.6000000000000001 0 0 0 0 0 1.2000000000000002 1.4000000000000001 0 0.6000000000000001 0 0 0.6000000000000001 1 0 0 0 0.6000000000000001 0 0 0.4 1.4000000000000001 0.4 0.8 2 0.4 0 0 0.2 0.4 0.6000000000000001 0 0 0 0 0 0 0 0 0 0 0 0 0 0 0 0 0 0 0 0 0 2.4000000000000004 4 3.8000000000000003 0 0 6 4.6000000000000005 4 1.8 1.8 5.2 2.6 10.200000000000001 2.6 14.600000000000001 0 5.800000000000001 0.2 0.2 0 0.2 0 0 0 0.4 3.2 6.2 0.2 0.2 0 1.8 1.4000000000000001 0.8 0 4 0.2 0 2.6 3.4000000000000004 0 0 0 5.800000000000001 0 0 0 0 0.4 0 2 0 0 0 0 0 0 0 0 3 0 0 0 0 0 0.4 0 0 0 0 0 0 1.2000000000000002 0 0 0 0 0 1.2000000000000002 0 0 5.2 0 2.8000000000000003 0 3.8000000000000003 2.8000000000000003 0.8 6.2 4 5 7.4 0 0 2.4000000000000004 9 2.8000000000000003 7.6000000000000005 0 1.6 2 1.8 0 0 0 0 0 0 0 0 0 0 4 2.4000000000000004 0 0 0 0 0 2.4000000000000004 0 0 0 0 0 0 0 0 0 0 0 0 0 0 0 0 0 0 0 0 0 0 0 0 0 0 0 0 0.2 0 0 0 0 0 1.2000000000000002 0 0.8 15.200000000000001 0.2 0 3.4000000000000004 2.8000000000000003 0 0 0 0 0.4 0 0 0 0 0 0.8 0 0 0 0 2.8000000000000003 0 0 0 0 0 0 0 0 2.2 0 0 0 
 0 0 0.8 0 0 15.600000000000001 0 0 0 0 0 0 0 0.4 0 0 0.4 0 0.4 0.6000000000000001 62.2 18.2 12 34 22 60.2 8 19.8 20.8 22.400000000000002 23.8 0 4.6000000000000005 9 14.200000000000001 5.6000000000000005 17.8 50.400000000000006 6.2 4.800000000000001 13.200000000000001 0 0.4 0.4 0 1.2000000000000002 0.2 1.2000000000000002 0 0 0 0 35 20 15.200000000000001 1.2000000000000002 1.2000000000000002 1.4000000000000001 0.4 6.2 0 0.6000000000000001 9 0 0 0 1.2000000000000002 0.6000000000000001 0 0.6000000000000001 0 0 0 0.6000000000000001 0 0 0 0 0.4 0 0 0 0 0 3 0 0 0 0.4 0 0 0 0 0 0 0 0 0 0 0 0 2 2 0 2 3.2 0 0 6 8.6 0 2 0 1.8 0 0 2.2 3.2 0 0.4 0 1.8 10.8 2.8000000000000003 0 0 10 0.6000000000000001 0 0 0 0 7.800000000000001 4.2 3.2 1.8 0 4.6000000000000005 1.2000000000000002 8.8 0 0 0 0 0 0 0 0 0 0 0.4 0 0 0 0.6000000000000001 0 0.4 0 0 0 0 0 0 0 0 0.2 0 0 0 0 0 0 0 0 0 0 0 0 0 0 0 0 9.4 3.2 0 2.4000000000000004 0 0 0 0 0 0 0.4 0 2 0 0.4 0 0 0 2.2 3.6 0.8 0 0 0 17.6 3.4000000000000004 0 0 0 0 0.2 5.800000000000001 4.6000000000000005 4.4 1.6 0.2 3 1.2000000000000002 0 0 0 0 0.4 0 0 0.4 0 0 0 0 0 0 0 0 0 0 0 0 0 0 0 0 0 0 0 0 0 0 0 0 0 0 3.2 0.2 0.2 1.2000000000000002 16.8 0 0 4 0 0 0 0 2.6 0 0 0 0 0 0 0 0 0 0 0 0 0 0 0 0 0 0 0 2.2 0 0 0 
