 0 39.6 31.200000000000003 9.600000000000001 7 3.6 65.60000000000001 62.2 34.2 16.8 25.200000000000003 6.4 44.2 44.2 24 94 7 8.8 82.4 87.80000000000001 0 0.4 0.4 0.4 0 0 0.4 0.4 0 0.6000000000000001 0 0.2 0.4 0 0 0 0.4 40.6 0.4 0.4 0 0 0 0 13.4 0 0.2 0 0 2.4000000000000004 0.4 0 2 0 0 0.6000000000000001 0 0 0.6000000000000001 0 0 0 0 1.4000000000000001 0 0 0 0 0 0 0 8 0 0 0.4 0 0 0 0 0 4 2.2 6.4 5.4 0 0 1.8 2.6 3 0 2.2 4.2 1.8 0 4 2 8.8 3.4000000000000004 0 0.4 0 0 0 0 0 0 0 0.4 0 0 0 0 0 0 0 0 0 0 0 0 0 0 0 0 0 0 0 0 0 0 0 0 10.8 0 0 0 0 0 0 0 0.6000000000000001 0 0 3 0 0.2 0 0 0 0.2 0 0 0 0.4 0 0 0 0 0 0 2 2.4000000000000004 13.200000000000001 0.4 0 1.6 2.8000000000000003 7.6000000000000005 0 0 2.2 0 0 0.2 9.8 4.4 2 0.4 3.2 0 0 0 0 0 0 0 0 0 0 0 0 0 0.2 0 0 0 0 0 0 0 0 0 0 0 0 0.4 0 0 0 0 0 0 0 2.8000000000000003 0 0 0 0 0 0 0 0 0 0 0 0 0 0 0 0 0 0 0 0 0 0 0 0 0 0.2 0 0 0 0 0 0 0 0.2 0.4 0.6000000000000001 0 3 0 0 0 0 0 0 0 0 0 0 2 0 0 0 0 0 0 0 0 0 0 0 0 0 2.2 0 0 0 0 0 0 0 0 0 0 0 0 0 
 39.6 0 16.400000000000002 21 24.400000000000002 7.800000000000001 55.2 56.800000000000004 42.400000000000006 23.6 7 10.200000000000001 34.6 52.6 48 69 26.200000000000003 9.200000000000001 25.200000000000003 26 0 0.6000000000000001 0 0.4 0 14.600000000000001 0.2 0.2 0 0.6000000000000001 0 0 0.4 0 0 0 0.4 0 0.4 0 0 0 0 0 0.6000000000000001 0 0.2 0 0 1.4000000000000001 0.6000000000000001 0 1.2000000000000002 0 0 0.4 0 0 0.6000000000000001 0 0 0 0 0 0 0 0 0 0 0 1.2000000000000002 0.6000000000000001 0 0 0.4 0 0 0 17 0 2.4000000000000004 3.2 1.8 0 4.2 0 0 2.4000000000000004 11.8 2.6 7 2 7.2 2.2 1.8 0 7.4 4 9.200000000000001 2 0 0 0 0 0 0 0 2 0 0 0 0 0.2 0 7.4 0 0 0 0 0 0 0 0 0 0 0 0 0 0 0 0 0 1.6 0 0 0 0 0 0 0 0 0 0 0 0 0 0 0 0 2.8000000000000003 0 0 0 0 0 0 0 0 0 3 0 2.8000000000000003 1.6 3.2 4.800000000000001 0 17 2 0 0 4.6000000000000005 0.2 0 0.2 6 5 2.4000000000000004 2.8000000000000003 0.4 3 0 0 0 0 0 0 0.2 0 0 0 0 0 4 0.2 0 0 0 0 0 0 0 0 0 0 0 0 0 0 0 0 0 0.2 0 0 0 0 0 0 0 0 0 0 0 0 0 0 0 0 0 0 0 0 0 0 0 0 2.2 0 0 0 0 0 0 0 0 0 0 0 0.8 18 2.6 0.6000000000000001 0 0 0 0 0 0 0 0 0 0 1.6 0 0 0 0 0 0 0 0 0 0 0 0 0 2.4000000000000004 5.2 0 0 0 0 0 0 0 0 0 0 0 0 
 31.200000000000003 16.400000000000002 0 53.800000000000004 11 5.800000000000001 32 48 70 47.2 11.600000000000001 26 9.600000000000001 43.6 41 32 21.400000000000002 12 28.8 67.2 0 0.6000000000000001 0.2 0.6000000000000001 0 0 16.400000000000002 0.2 0 0.6000000000000001 0.2 0 17.8 0 0 0 0.4 0 4.800000000000001 0.2 12.8 0 0 0 0.2 0 0.4 0 0 15.4 0.8 0 0.6000000000000001 0 5.800000000000001 0.4 0 0.2 1.2000000000000002 0 0 0 0 0 0 0 0 0 0 0 0 0.6000000000000001 0 0 0.6000000000000001 0 0 0 0 0 0.4 0.2 10.8 2.8000000000000003 0.2 2.4000000000000004 0 8.200000000000001 0 8.4 0 3.8000000000000003 2.2 0 2.2 5.800000000000001 2.6 3.6 0 0.2 2.4000000000000004 0 0 0 0 0 3.2 0 0 0 0 0 1.8 0 0 0 0 0 6.4 0.6000000000000001 0 0 0 0 0.2 0 0 0 0 0 0 0 0 0 0 0 0 2.8000000000000003 0 0 0 0 0 0 0 0 0 0 0 0 0 0 0 0 0 0 0 0 0 0 3.4000000000000004 0 8.6 1.4000000000000001 6.2 0.2 0 5.6000000000000005 0 2.8000000000000003 0 0.2 0 0 5.6000000000000005 5.800000000000001 1.8 2.8000000000000003 0 0 2.8000000000000003 0.2 0 0 0 0 2 0 0 0 0 0 0 0 0 0 0 0 3.6 0.2 0 0 0 0 0 0.6000000000000001 0 0 0 0 0 0 0 0 0 0 0 0.2 2.6 0 0 0 0 0 0 0 0 0 0 0 0 0 0 0 0 0 0 0 0 0 0 0 0 0 0 0 17.8 0 0.6000000000000001 18 0 0.8 0 0 0 0 0 0 0 0 0 0 0 0 0 0 0 0 0 0 0 0 0 0 0 4.4 0 0 0 0 0 0 0 0 0 0 0 0 0 0 
 9.600000000000001 21 53.800000000000004 0 31 10.4 28.6 21 13.200000000000001 21.200000000000003 45.6 39.2 17.8 15.4 50.2 26.8 29 12 8 16.2 0.6000000000000001 0.8 0 0.2 0 0 15 0 0 0.6000000000000001 0 0 0.4 0.4 0 0 0.4 0 0.8 0.4 0 0.6000000000000001 0 0 0.6000000000000001 0.2 0 0 0 1 1.2000000000000002 0.6000000000000001 0.6000000000000001 0 0 0.6000000000000001 0 0 0.6000000000000001 0 0 0 1.2000000000000002 1.2000000000000002 0 0 0 0.8 0 1.2000000000000002 10.600000000000001 0.6000000000000001 0.2 0 0.8 0 0 0 0.4 0 0.2 0.8 4.2 2.2 3.6 0.2 0.4 5.2 3.8000000000000003 6.2 4.800000000000001 0 0.2 0 3.4000000000000004 4.4 3.2 3 0 0 9 0 0 0 0.2 0.2 0.2 5.6000000000000005 0 0 0 0.4 0.6000000000000001 0 2 0 5 0 0 2.6 0 0 0 0.2 0 0 0 0 0 3.8000000000000003 0 0 0 2 0 0 0 0 0 0 0 0 0 0 0 0 0 0 0 0.4 0 0 0 0 0.4 0 0 0 0 0 1.8 1.6 0.2 3.4000000000000004 0.4 8.8 0 4.6000000000000005 2.6 2.2 3.8000000000000003 0.2 0 1.8 0 4 2.2 4.800000000000001 0 0 0.4 0 0 0 0 0 4.800000000000001 2.8000000000000003 2.6 0 0 2.6 2.8000000000000003 0.2 0 0 0 0 2.8000000000000003 2.2 0 0 0 0 0.4 0 0 0 0 0 0 0 0 0 0 0 0 0 0 0 0 0 0 3.4000000000000004 0 0 0 0 0 0 0 0 0 0 0 0 0 0 0 0 0 0 0 0 0 1 0 0.4 18 18.6 0 1.2000000000000002 0 0 0 0 0 0 0 0 0 0 0 0 0 0 0 0 0 0 4.2 0 0 0 0 0 0 0 0 0 0 0 0 0 0 0 0 0 0 0 
 7 24.400000000000002 11 31 0 45.6 50.2 57.400000000000006 13 16.400000000000002 91.80000000000001 10.600000000000001 15.200000000000001 10.8 11.8 18 28.8 79.2 11.4 17 14.8 0.4 0.2 0 0 0 15.200000000000001 25.200000000000003 0 0.8 0 0 21 0 5.6000000000000005 0 3.8000000000000003 0 15.600000000000001 26.400000000000002 0 0 0 0 0.6000000000000001 0 0 0 0 0.6000000000000001 13.200000000000001 2 0.6000000000000001 0 0 0.6000000000000001 0 0 0.6000000000000001 0 0 0 0 0 0 0 0 0 0 0 9.8 0.6000000000000001 0 0 0.2 0 0 0 0 0 0 0 2.6 2 8 5.6000000000000005 0 0 0.4 0 5 1.8 0 0 0 0 0.4 1.4000000000000001 0.2 0 3.2 0 0 0 0 0 4.2 2.8000000000000003 2.8000000000000003 1 2.8000000000000003 0 4.2 1 3.2 0 0 0 6.6000000000000005 4.2 0 0 0 0 0 0 3.4000000000000004 0 0 0 0 0 0 0 0 0 0 2.8000000000000003 0 2.2 0 0 0 0 0 0 0 0 0 0 0 0 2.2 0 0 0 0 0 0 0 0 0 2 3.6 5.6000000000000005 2.4000000000000004 0 0.2 0 4.2 5.6000000000000005 10.4 0 0 0 0 0 0 0 0 0 15.600000000000001 0 0 0 0 1.8 2.2 2.6 0 0 0 1.2000000000000002 3.6 0 0.2 2.2 0 2.8000000000000003 1.6 3.8000000000000003 0 0 0 0 0 0 0 0 0 0 0.2 0 0 0 0 0 0 0 0 0 0 0 0 0 0 0 0 0 0 0 0 0 0 0 0 0 0 0 0 0 14.4 0 0 0 0 18 0 0.4 1.2000000000000002 0.4 1.4000000000000001 2 0 0 0 0 0 0 0 0 0 0 0 0 0 0 0 0 0 0 0 0 0 0 0 3 0 0 0 0 0 0 0 0 0 0 0 0 0 
 3.6 7.800000000000001 5.800000000000001 10.4 45.6 0 46.6 4.800000000000001 11.4 26 17.400000000000002 35.2 4.6000000000000005 24.400000000000002 6.4 30.200000000000003 9 8 7.800000000000001 9.200000000000001 23.400000000000002 7 5 0 0 0 30 35.800000000000004 9.600000000000001 5.2 15 15.600000000000001 22.400000000000002 19.6 45.6 15.600000000000001 0.6000000000000001 15.4 0.6000000000000001 15.200000000000001 0 0 0 0.2 0.6000000000000001 0 0.4 0 0 0.8 0.8 0.2 0.6000000000000001 0 0 0.4 0 0 0.6000000000000001 0 0 0 1 0 0 0 0 0 0 0 0.2 0.6000000000000001 0.2 0 0.6000000000000001 0 0.6000000000000001 0 1 0 0 0 0 0 0 2.2 0 0 0 0 0 3.8000000000000003 0 0 0 0 0 1 0 0 6.2 2.6 0 0 0 0 3 1.8 3 0 2.6 0 2.2 4 0 3.8000000000000003 8.200000000000001 2.2 2.2 0.6000000000000001 0 0 0 0 0 0 0 0 0 0 0 0 0 0 0 0 0 4.6000000000000005 0 0 0 0 0 0 0 0 0 0 0 0 0 0 6.4 0 0 0 0 0 0 0 0 0 0 0 3.2 7 0 0 0 0 0 1 0 0 0 0 0 0 0 0 1.2000000000000002 7.800000000000001 3.4000000000000004 0 0 0 11.8 4.6000000000000005 2.4000000000000004 3.6 5.2 3 0 5.4 9.600000000000001 1.8 5.800000000000001 0.2 2.6 3.4000000000000004 0 0 0 0 0 0 0 0 0 0 0 0 0 0 0 0 0 0 0 0 0 0 0 0 0 0 0 0 0 0 0 0 0 0 0 0 0 0 0 0 0 0 0 0 0 1.2000000000000002 0 1 0 1 0 1.2000000000000002 0.2 0 0 0 0 0 0 0 0 0 0 0 0 0 1.6 0 0 0 0 0 0 0 0 0 3.4000000000000004 0 0 5.4 0 2.6 0 0 0 0 0 0 0 0 
 65.60000000000001 55.2 32 28.6 50.2 46.6 0 56 12 111.60000000000001 28.6 7.4 44 28.6 78 38.400000000000006 8.200000000000001 5.4 57.400000000000006 40.400000000000006 15.200000000000001 0.6000000000000001 0 0.2 1 0 0 0.4 0 0.6000000000000001 0 0 1 0 0 0.4 0.4 0 41 0.4 0 0 0 0 0.6000000000000001 0 0.4 0.6000000000000001 0 0.6000000000000001 0.4 0 0.6000000000000001 0 0 0.6000000000000001 0 0 0.6000000000000001 0 0 0 0 0 0 0 0 0 0 0 0 0.6000000000000001 0 0 0.4 0 0 0 0 0 5.6000000000000005 10.8 5.4 2 1.6 0 3 3.4000000000000004 2 0 0 0 0 9 0 0.4 2.2 4.4 4 0 0 0 0 0 0 0 0 0 0 0 0 0 0 0 0 0 0 0 0 0 0 0 0 0 0 0 0 0 0 0 0 0 0 0 0 0 0 0 0 0 0 0 0 0 0 0 0.6000000000000001 0 0 0.2 0 0 0 0 0 0 0 0 0 0 0 2.6 2 0 0 0 6.4 0.4 2.8000000000000003 0 2.4000000000000004 2.6 10.4 0 4.800000000000001 3.4000000000000004 5.2 3 2.6 2.6 0 0 0 0 0 0 0 0 0 0 0 0 0 0 0 0 0 0 0 0 0 0 0 0 0 0 0 1.8 0 0 0 0 0 0 0 0 0 0 0.2 0 0 0 0 0 0 0 0 0 0 0 0 0 0 0 0 0 0 0.2 0 0 0 0 0 0 0.4 0.2 0.6000000000000001 0 0.4 0 0.2 0.8 0 0 0 0 0 0.2 0 0 0 0 0 0 0 0 0.4 0 0 0 0 0 0 0 0.4 1.8 2.4000000000000004 3 0 0 0 0 0 0 0 0 0 0 0 0 
 62.2 56.800000000000004 48 21 57.400000000000006 4.800000000000001 56 0 36 21 24.6 48.400000000000006 39.6 22 52 33 9.600000000000001 9.8 28.8 29.400000000000002 0 0.6000000000000001 0.4 0.2 0 0 0 0 0 0.6000000000000001 0 0 0.4 0 0 0 0.4 0.4 0.4 0.2 0 0 0 0 0.4 0 0 0 0 0.6000000000000001 0.6000000000000001 0 2.8000000000000003 0 0 0.4 0 0 0.6000000000000001 0 0 0 0 0 0 0 0 0 0 0 0 0.6000000000000001 0 0 0.6000000000000001 0 0 0 0 0 0 4.2 5.6000000000000005 12.600000000000001 0 0 0 9.600000000000001 0 4 0 9.200000000000001 4.4 0 7.4 5.6000000000000005 2.2 10.8 4.2 2.2 0 0.2 0.4 0 0 0 0.2 0 0 0 0 0 0 0 0 0 0 0 0 0 0 0 0 0 0.4 0 0 0.4 0 0.2 0 0 3 0 0 0 0 0 0.4 0 0 0 0 0 0 0 0 0 0 0 0.4 0 0 1.2000000000000002 0 0 0 0 0 0 0 1.2000000000000002 3 3.4000000000000004 5.800000000000001 4 0.2 19.6 6.4 1.4000000000000001 0 0 0 1.8 5.2 3.8000000000000003 0 17 2 2.4000000000000004 0 0 0.4 0 0 0 0 2.6 0 0 0 0 3.6 0 0 0 0 0 0 0 0 0 0 0 0 0 0 0 0 0 0 0 0 0 0 0 0 0.4 3.6 0 0 0 0 0 0 0 0 0 0 0 0 0 0 0 0 0 0 0 0 0 0 0 0 0 0 0.4 0.4 0.2 18.2 1.4000000000000001 0 0.8 0 0 0 0 0 0 0 0 0 0 2 0 0 0 0 0 0 0 0 0 0 0 0 0.2 0 3.4000000000000004 0 0 0 0 0 0 0 0 0 0 0 0 
 34.2 42.400000000000006 70 13.200000000000001 13 11.4 12 36 0 19.6 11.200000000000001 10.4 41.800000000000004 45 54.6 20.200000000000003 42.800000000000004 24.6 16.2 25.400000000000002 0 0.6000000000000001 0 0 0 0 17.2 0.4 0.2 0.6000000000000001 0 0 22 0.2 0.2 0 0.6000000000000001 0 0.4 0.4 0 0 0 0 0.6000000000000001 0 0 0 0 1.8 0.6000000000000001 0 2.2 0 0 0.4 0 0 0.6000000000000001 0 0 0 0 9 0 0 0 0 0 0 10.200000000000001 1 0 0 0.6000000000000001 0 0 0 0 0 0.2 4 0.4 9.600000000000001 0 0 0.2 7.6000000000000005 3 1.8 0 8.6 0.4 0 8.8 1.2000000000000002 6.2 7 3.8000000000000003 0 0 0 0 0 0 0 2.2 0 2 0 0 2.4000000000000004 0 0 0 0 0 0 3.6 0.2 0 0 0 0 0 0 0 0 0 0.2 0 0 4.4 0 0 0 0 0 0 0 0 0 0 0 0 0 0 0 0 0 0 0 0 0 0 0 0 0 0 0 2 2 11.200000000000001 1.6 0 0 0 7.6000000000000005 2.8000000000000003 9 0 0 0 3 10.200000000000001 0.4 0 4.6000000000000005 2 2.4000000000000004 3.2 0 0 0 0 0 0 3.6 0 0 0 0 0.4 0 0 0 0 0 0 0 0 0 0 0 0 0 0 0 0 0 0 0 0 0 0 0 0 0.2 0 0 0.2 0 0 0 0 0 0 0 0 0 0 0 0 2.6 0 0 0 0 0 0 0 0 0 0 0 0 0 0.4 18 0.2 0 1.8 0 0 0 0 0 0 0 0 0 0 5.800000000000001 0 0 0 0 0 0 0 0 0 0 0 0 0 0 3.2 0 0 0 0 0 0 0 0 0 0 0 0 
 16.8 23.6 47.2 21.200000000000003 16.400000000000002 26 111.60000000000001 21 19.6 0 76.60000000000001 7.6000000000000005 28.6 52.6 74.2 73.60000000000001 38 26.6 26.8 43.800000000000004 0 15.600000000000001 0 0.4 0 0.2 0 0 0 0.6000000000000001 0 0 15.4 0 0 0 1.6 0.4 14.8 0.2 0 0 0 0 0.6000000000000001 0 0 0.4 0 1.4000000000000001 0.6000000000000001 0 1.4000000000000001 0.4 0 0.4 0 0.6000000000000001 0.6000000000000001 0.6000000000000001 0 0 0 0 0 0.6000000000000001 0 0 0.6000000000000001 0 0 1.2000000000000002 0 0 1.2000000000000002 0.4 0.2 0 0 0 0 1.8 3 0 2.4000000000000004 2 5.2 4.4 0 4.4 2 8.4 1.2000000000000002 2.2 7.800000000000001 4.2 4.2 3.6 0 1 0 0 0 0 0 0 2 0 0.2 0 0 0 0 0 0 0.4 0 0 1.6 0 0 0 0 0 0 0 0 0 0 0 3 0 4.800000000000001 0 0 0 0 0.2 0 0 0 0 0 0 0 0.4 0 0 0 0 0 0 0 0.2 0 0 0 0.8 0 0 5.2 4.6000000000000005 0.2 10.4 3 2.8000000000000003 9.4 5.2 0.2 0.2 2.2 0 0.2 4.4 5.2 5.4 2.8000000000000003 6 0 2 0 0.2 0 0 0 0 0 0 0 0 0.2 0 4.6000000000000005 0 0 0 0 0 1.8 0 0 0 0 0 0 0.2 0 0 0 0 0 0 0 0 0 0.4 0 0 0 0 0 0 0 0 0 0 0 0 0 0 0 0 0 0 0 0 0 0 0 0.4 0 0 0 0 0 0 13 0 0 0.6000000000000001 2.6 0.8 0 0.4 0.2 0 0 0 0 0 0 0 2.2 0 0 0 0 0 0 0 0 0 0 0 0 5.2 5.4 0 0 0 0 0 0 0 0 0 0 0 0 0 
 25.200000000000003 7 11.600000000000001 45.6 91.80000000000001 17.400000000000002 28.6 24.6 11.200000000000001 76.60000000000001 0 119.4 11 5 51.2 22.400000000000002 103 32.2 27.6 13.200000000000001 0.2 0.4 0 0.4 0 0 15.200000000000001 15 0 0.6000000000000001 0 0 61.400000000000006 0.2 15.4 0 0.4 0 2.8000000000000003 15 0 0 0 0 0.6000000000000001 0.4 0.4 0 0 1 12.200000000000001 0.4 0.6000000000000001 0 0 0.6000000000000001 0 0.6000000000000001 0.6000000000000001 0 0 0 0 0 0 0.2 0.4 0 0 0 5.800000000000001 0.6000000000000001 0 0 0.4 0 0 0 0 0 0 9 5.800000000000001 6.800000000000001 2.8000000000000003 3.6 3.4000000000000004 0.4 2.4000000000000004 2.2 6.2 7.2 0 1.2000000000000002 2 2.6 4.800000000000001 3 0 2 8.8 0.4 0 0 0 0 8.6 0 0.8 2.4000000000000004 0 0 4.2 2.4000000000000004 2.4000000000000004 0 0.2 0 2.2 3.2 0 0 0 0 0 0 0 0.2 0 0.4 0 0 0 4.6000000000000005 0 0 0 0 0 0 0 0 0 0 0 0 0 0 0 0 0.2 0 0 0 0 0 0 0 0 0 0 7.4 3.6 2 4.2 3 3.8000000000000003 1.8 0 1.8 9.8 6.4 0 0 0 0 5.2 4 0 0 0 3.6 0 0 0 0 0 0.2 4 0 0 0 0 0 0 0 4.6000000000000005 0 3.2 4.2 0 0 0 0 0 0 0 0 0 0 0 0 0 0 0 0 0 0.2 0 0 0 0 0 0 0 0 0 0 0 0 0 0 0 0 0 0 0 0 0 0 0 0.6000000000000001 0 0 0 0.6000000000000001 1 0.2 0.8 17.400000000000002 0.2 0.4 0 0 0 0 0 0 0 0 0 0 0 0 0 0 0 0 0 0 0 0 0 0 0 1.8 0 0 0 0 0 0 0 0 0 0 0 0 0 0 
 6.4 10.200000000000001 26 39.2 10.600000000000001 35.2 7.4 48.400000000000006 10.4 7.6000000000000005 119.4 0 9.600000000000001 6.4 51.800000000000004 9.200000000000001 49 53.800000000000004 6.6000000000000005 8.200000000000001 0.4 0.6000000000000001 0 0.2 0 0 30.400000000000002 5.2 0.4 0.6000000000000001 0 0 57 0 0 0.4 0.6000000000000001 0 0.4 0 0 0 0 0 0.6000000000000001 0 0 0 0 0.8 13 0 0.6000000000000001 0 0 1.2000000000000002 0 0 0.6000000000000001 0 0 0 0 0 0 0 0 0 0 0 8.4 0.6000000000000001 0 0 0.6000000000000001 0 0 0 0 0 0 0 2.8000000000000003 0.2 0 2.6 0 3.6 0 0 5 4 0.2 0 0 3.8000000000000003 0 3.2 0 0.2 2.4000000000000004 0 0 0 0 0 3.8000000000000003 0 0 0 2 0 3.4000000000000004 0.2 0 0 4.2 0 2.6 6.2 0 0 0 0 0 0 0 0 0 0 0 0 0 3.4000000000000004 0 0 0 2.2 0 0.2 0 0 0 0 0 0 0 0 0 0 0 0 0 0 0 0 0 0 0 0 0 0 4.800000000000001 0 1.6 6.4 0 0.4 0 0 7.800000000000001 10.200000000000001 0 0 0 0 3.8000000000000003 0 0 0 0 3.2 3.8000000000000003 0 0 0 8 5.6000000000000005 0.4 0 2.6 4 0 6 0 0 0 0 1.2000000000000002 4.6000000000000005 0 0 0 0 0 0 0 0 0 0 0 0 0 0 0 0 0 0 0 0 0 0 0 0 0 0 0 0 0 0 0.2 0 0 0 0 0 0 0 0 0 0 0 0 0 0 0.2 0 0 0 0.8 0 2 3.4000000000000004 0 0 0 0 0 0 0 0 0 12.8 0 0 0 1.4000000000000001 0 0 0 0 0 0 0 0 0 0 0 0 0 0 0 0 0 0 0 0 0 0 0 
 44.2 34.6 9.600000000000001 17.8 15.200000000000001 4.6000000000000005 44 39.6 41.800000000000004 28.6 11 9.600000000000001 0 48.2 8.4 46.6 6.2 67.4 15 13.4 0 0.6000000000000001 0 15.8 0.4 1.2000000000000002 0 0.4 0 0.6000000000000001 0 0.8 0.4 0 0 0.4 0.4 0.2 0.4 0.4 0.8 0.4 0 0 0.6000000000000001 0 1.2000000000000002 0 0 1 0.6000000000000001 0.4 0.6000000000000001 0 0 0.4 0 0 0.6000000000000001 0.4 0 0.2 0 2.6 0.6000000000000001 0 0 1.4000000000000001 0.2 0.2 0.4 1.2000000000000002 0 0 0.6000000000000001 0.2 0 0 0.6000000000000001 0 0 1.8 1.8 0 2 0 5.6000000000000005 0 3 0 3.6 0 5.2 1.2000000000000002 1.4000000000000001 0.2 0 1.6 0.6000000000000001 1.6 0 0 0 0 0 0 0 0 0 0 0 0 0 0 0 0 0 0 0 0 0 0 0 0 0 0 0 0 0 0 0 0 0 0 0 0.2 0 0 0 0 0 0 0 0.2 0 0 0 0 0 2 0 0 0 0 0 0 0 0 0 0 1.4000000000000001 11.8 1.2000000000000002 0 0 0.2 1.8 2.6 0.4 2.6 2.2 0 0.2 5.800000000000001 0 2.2 1.8 4.4 3 1.4000000000000001 0 0 0 0 0 0 0 0 0 0 0 0 0 0 0 0 0 0 0 0 0 0 0 0 0 0 0 0 0 0 0.4 0 0 0 0 0 0 0 0 0 0 0 0 0 0 0 0 0 0 0 0 0 0 1.6 0 0 0 0 0 0 0 0 0 0 0 0 0 0.4 0.6000000000000001 0.2 7.2 1.6 0 0 0 0 0 0 0 0 0 0 0 0 0 0 0 0 0 0 0 0 0 0 0 0 2.2 0.4 0 0 0 0 0 3 0 0 0 0 0 0 
 44.2 52.6 43.6 15.4 10.8 24.400000000000002 28.6 22 45 52.6 5 6.4 48.2 0 33 26.8 7.6000000000000005 22.200000000000003 32 33 0.4 0.4 0 0.4 0 0 0 0 0 0.6000000000000001 0 0 0.4 0 0.4 0 0.4 0.2 0.6000000000000001 0.2 6 0 0 0 0.6000000000000001 0 0.4 0 0 1.2000000000000002 0.4 0 4 0 0 0.6000000000000001 0 0 0.6000000000000001 0 0 0 0 0 0 0 0 0 0 0.2 0 0.6000000000000001 0 0 0 0 0 0 0 0 1.2000000000000002 2.6 6.800000000000001 14.200000000000001 1.8 0 3.6 2.6 6.6000000000000005 0 3.8000000000000003 3.8000000000000003 6 0.2 8.4 2.4000000000000004 3.2 3.4000000000000004 0 0 0 0 0 0 0 0 0 0 0 0 0 0 0 0 0 0 0 0 0 0 0 0 0 0 0.4 0 0 0.4 0 0 4.4 0 2.8000000000000003 0 0 0 0 0 0.4 0 0.2 0 0 0 0 0 0 0 0 2 0.4 0 0 0 0 0 0 0 0 0 5.4 2 5.2 0 0 1 4.2 7.4 0 0 2.6 0 0 1.8 7 5.4 2 0.6000000000000001 3 0.6000000000000001 0 0 0 0 0 0 0 0 0 0 0 0 0.2 0 0 0 0 0 0 0 0 0 0 0 0 0 0 0 0 0 0 0 0 0 0 0 0 0 1.6 0 1.2000000000000002 0 0 0 0 0 0 0 3.6 0 0 0 0 0 0 0 0 0 0 0 0 0 0 0 0 0 0 0 0 0 3 0.4 0 0 0.2 0 0 0 0 0 0 0 3.2 0 0 0 0 0 0 0 0 0 0 0 0 0.2 2.6 0 0 0 0 0 0 0 0 0 0 0 0 0 
 24 48 41 50.2 11.8 6.4 78 52 54.6 74.2 51.2 51.800000000000004 8.4 33 0 17.400000000000002 11.8 4.2 31 41 0 0.6000000000000001 0 0 0 0 0 0 0 0.6000000000000001 0 0 35.6 0 0 0 0.4 0 0.4 0.2 0 0 0 0 0.6000000000000001 0.2 0.4 0 0 0.6000000000000001 0.6000000000000001 0 1.4000000000000001 0 0 0.4 0 0 0.6000000000000001 0 0 0 0 0 0 0 0 0 0 0 0 0.6000000000000001 0 0 0.6000000000000001 0 0 0 0 0 0 6.4 5.800000000000001 7.4 0 0 0 23.200000000000003 3.4000000000000004 7.6000000000000005 0.8 0 4.2 0.4 5.800000000000001 6.6000000000000005 2 9.8 4 4 2 0 0 0 0 0 0 0 0 0 0 0 0.2 0 0 0 0 0 3.8000000000000003 3.2 3.6 0 0 0 0 0 0 0 0 0 0 0 0 0 0 0 0 0 0 0 0 0 0 0 0 0 0 0 0 0 0 0 0 0 0 0.2 0 0 0 0 0 2 3.2 2.8000000000000003 8 0 3.6 12.8 5 1.6 0 0 7.800000000000001 0 2.4000000000000004 7.6000000000000005 5.4 7.2 0 3.2 3.6 0 0 0 0 0 0 5 2.6 0 0 0 2.8000000000000003 0 0 0 0 0 0 1.6 0 0 0 0 0 0 0 0 1.6 0 0 0 0 0 0 0 0 0 0 0 0 0 0 0 0 0 0 0 0 0 1.6 0 0 0 0 0 0 0 1.6 0 0 0 0 0 0 0.4 0.4 0.6000000000000001 0.6000000000000001 0.2 0.4 1.8 0 0 0 0 0 0 0 0 0 0 0.2 0 0 0 0 0 0 0 0 0 0 0 0 0 0 3 0 0 0 0 0 0 0 0 0 0 0 0 
 94 69 32 26.8 18 30.200000000000003 38.400000000000006 33 20.200000000000003 73.60000000000001 22.400000000000002 9.200000000000001 46.6 26.8 17.400000000000002 0 50.800000000000004 68 27 118 0 15.600000000000001 0 0.4 0 0 0 13.8 0 0.6000000000000001 0 0 15.4 0 0 0 0.8 0 0.4 0.2 0 0 0 0 0.6000000000000001 0 0.2 0 0 0.6000000000000001 0.6000000000000001 0 0.8 0 0 0.4 0 0 0.6000000000000001 0 1.4000000000000001 0 0 0 0 0 0 0 0 0 1 0.6000000000000001 0 0 0.6000000000000001 0 0 0 0 0 4.4 7.800000000000001 5.2 0 4.4 0 2.6 5.6000000000000005 9.8 6.4 0.2 2 1.6 0 0.4 2.8000000000000003 7 4 2.6 2.2 0 0 0 0 0 0 1.8 0 0 0 0 0 0 0 0 0 0 0 2 4 0 0 0 0 0 0 0 0 0 0 0.2 0 0.6000000000000001 0 0 0 0 0 0 0 0 0 0 0 0 0.4 0 0 0 0 0 0 0 0.2 0 0 0 0 0 0 0 6 1.8 11.600000000000001 4.2 0.2 9 5.4 0.2 0 8.200000000000001 0 0 0 3.8000000000000003 5.6000000000000005 5 4.4 1.8 3 0 5.6000000000000005 0 0 0 0 1.6 2.2 0 0 0.2 3 12 2.4000000000000004 0 0 0 0 0.8 0 0 0 0 0 0 0 0 0 0 0 0 0 0 0 0.2 0.4 0 0 0 0 0 0 0 0 0 0 0 0 0 0 0 0 0 0 0 0 0 0 0 0.4 0 0 0 0 0 0.2 0.2 0 0.4 17 0.4 1.2000000000000002 0 0.4 0 0 0 0 0 0 0 0 0.4 0 0 0 0 0 0 0 0.4 0 0 0 0 0 8.200000000000001 2.6 0 0 0 0 0 0 0 0 0 0 0 0 
 7 26.200000000000003 21.400000000000002 29 28.8 9 8.200000000000001 9.600000000000001 42.800000000000004 38 103 49 6.2 7.6000000000000005 11.8 50.800000000000004 0 34.4 10.600000000000001 13 0.6000000000000001 0.6000000000000001 0 0.4 0 0 19 0.4 0.2 1.2000000000000002 0.2 0.6000000000000001 21 0 0 0 1 0 0.4 0.2 0 0.4 0 0 0.6000000000000001 0 0.4 0 0.4 1 0.6000000000000001 0 0.6000000000000001 0 0 1.6 0.2 1.2000000000000002 0.6000000000000001 0.6000000000000001 0 0 0 0 0 0 0 1.2000000000000002 0.6000000000000001 0 0 0.6000000000000001 1 0 0.6000000000000001 0.8 1 0.6000000000000001 0 0 2.6 4.2 0 0.2 5.6000000000000005 4 0 0 4.2 3.6 3.6 7.4 0 0 0 0 3 2.2 0 0 0 0 0 0 0 0 3.8000000000000003 4.2 0 0 0.2 0 1.4000000000000001 0 0 0 0 0 4.2 0 0 0.6000000000000001 0 0 0.4 0.4 0.4 0.4 0 0 0 0 0 0 0 0.2 0 0 0 0 0 0.4 0 0 0 0 0 0 0 0 0 0 0 0 0 3.2 0 0 0 0 0 0 2.2 4.6000000000000005 0.2 0 0 1.2000000000000002 0.2 0.2 0.2 4.800000000000001 0 0 0 0 3 0 0 0 3.2 0.2 0 0 0.2 0 2 1.2000000000000002 0 0 0 0 2 0 0 0 0 0 4.800000000000001 2 5.2 0 4 0 0.2 0 0 0 0 0 0 0 0 0 0 0.2 0 0 0 0 0 0 0 0 0 0 0 0 0 0 0 0 0 0 0 0 0 0 0 0 0 2.2 0 0 0 0 17.400000000000002 0.2 1.4000000000000001 0.8 0 0 0.4 0 0 0 0 0 0 0 0 0 0.2 0 0 0 0 0 0 0 0 0 0 0 0 0 0 0 0 0 0 0 0 0 0 0 0 0 0 0 
 8.8 9.200000000000001 12 12 79.2 8 5.4 9.8 24.6 26.6 32.2 53.800000000000004 67.4 22.200000000000003 4.2 68 34.4 0 5.6000000000000005 10.600000000000001 0.2 0.6000000000000001 0 0.4 0 0 8.6 15.4 0.2 0.6000000000000001 0 0 22.200000000000003 0 14.8 0 41.6 0.6000000000000001 1.2000000000000002 4 0 0 0 0 0.6000000000000001 0 0 0 0 0.6000000000000001 5.6000000000000005 0 1 0 0 0.4 0 0 0.6000000000000001 0 0 0 0 0 0 0 0 0 0 0 11 0.6000000000000001 0 0 0.6000000000000001 0 0 0 0 0 0.2 1.2000000000000002 3.2 1.8 4.2 5.800000000000001 2.2 0 2.6 0 12.200000000000001 4.800000000000001 0 0 0 2.6 5.4 4.6000000000000005 2 0 0.2 0 0 0 0 0 8.6 0.2 0 2.4000000000000004 0 0 5.2 2.6 4.4 0 0 0 7.800000000000001 6.2 0 0 0 0 0 0 0 0 0 0 0 0 0 0 0.2 0 0 2.6 0 0 0 0 0 0 0 0 0 0 0 0 0 0 0 0 0 0 0 0 0 0 1.8 1.4000000000000001 5.4 2.6 0.4 2.8000000000000003 2.8000000000000003 4.2 0 4.4 11.200000000000001 8.8 0 3 0.2 2.6 2.6 0 0 0 0 2.2 0 0 0 0 0 0 0 0 0 0.4 0 1.8 0 0 0 0 0 2.6 0 0 0 0.2 0 0 0 0 0 0 0 0 0.2 0.4 0 0 0 0 0 0 0 0 0 0.4 0 0 0 0 0 0.4 0 0 0.4 0 0.4 0.2 0 0 0 0 0 0.4 0 0 0 0.4 3 0 0.2 0.2 2.2 1.6 4.800000000000001 0 0.4 0 0 0 0 0 0 0 0 0 0 0 0.2 0 0 0 0 0 0 0 0 0 0 0 0 0 0 0 0 0 0 0 0 0 0 0 
 82.4 25.200000000000003 28.8 8 11.4 7.800000000000001 57.400000000000006 28.8 16.2 26.8 27.6 6.6000000000000005 15 32 31 27 10.600000000000001 5.6000000000000005 0 23.200000000000003 14.8 0.8 0 0.2 0 0 0 0.4 0 0.6000000000000001 0 0 0.4 0 0 0 0.4 0.6000000000000001 0.4 0.4 0 0 0 0 0.6000000000000001 0 0.4 0 0 0.6000000000000001 0.6000000000000001 0 0.6000000000000001 0 0 0.4 0 0 0.6000000000000001 0 0 0 0 0 0 0 0 7.800000000000001 0 0 0 0.6000000000000001 0 0 0.6000000000000001 0 0 0 0 0 3.4000000000000004 2.6 3.2 1.8 0 0 7.2 0.2 2 0 0 0 2.6 3.8000000000000003 0 0 2 0 0 0 0 0 0 0 0 0 0 0 0 0 0 0 0 0 0 0 0 0 0 0 0 0 0 0 0 0 0 0 0 0 0 0 0 0 0 0 0 0 0 0 0 0 0 0.6000000000000001 0 0 0 0 0 0 0 0 0 0 5 0 0 0 0 0 0 3.4000000000000004 1.4000000000000001 0 0 0 4.2 0 0 0 2.2 0 4.6000000000000005 0.4 2 0.6000000000000001 1.4000000000000001 2.8000000000000003 2.8000000000000003 11.4 0 0 0 0 0 0 0 0 0 0 0 0 0 0 0 0 0.2 0 0 0 0 0 0 0 0 1.4000000000000001 0 0 0 0 0 0 0 0 0 0 0 0 0 0 0 0 0 0 0 0 0 0 0 0 0 0 0 0 0 0 0 0 0 0 0 0 0 0 0 0 0 0.2 0.4 0.4 0.2 0.6000000000000001 0 0 0 0 0 0 0 0 0 0 0 0 0 0 0 0 0 0 0 0 0 0 0 2 2.2 0 0 0 0 0 0 0 0 0 0 0 0 0 
 87.80000000000001 26 67.2 16.2 17 9.200000000000001 40.400000000000006 29.400000000000002 25.400000000000002 43.800000000000004 13.200000000000001 8.200000000000001 13.4 33 41 118 13 10.600000000000001 23.200000000000003 0 0.2 1.8 0.8 1 1.6 0.2 0.4 0.6000000000000001 0.6000000000000001 0.8 0.4 0.2 0.8 0.4 0.8 1 0.6000000000000001 0.2 0.6000000000000001 0.8 0 0 0 0 0.6000000000000001 0 0.4 0 0 0.6000000000000001 0.6000000000000001 0 0.6000000000000001 0 0 0.4 0 0 0.6000000000000001 0 0.4 0 0 0.4 1 1 0.4 0.4 0.4 0.4 0.4 1.2000000000000002 0 0 1 0.4 0 0.6000000000000001 0 0 2.2 0 1.8 3.4000000000000004 0 0 3.6 2.8000000000000003 1.6 2.4000000000000004 0 1.6 2.6 2.2 3 14.200000000000001 3.2 2.8000000000000003 0 0.2 0 0.4 2 0 0 0 0 0 0 0 0 0 0 0 0 0 0 0 0 0 0 0 0 0 0 0 0 0.2 0 0.4 0 0 0 0 0 0 0 0 0 0 0 0 0 0 0 0 0 0 0 0 0.2 0 0 0 0 0 0 1.2000000000000002 0 0 0 18.400000000000002 3.4000000000000004 0 3 0 0.4 2.6 2.4000000000000004 3 2 0 6 31 5.2 2.6 9.600000000000001 0 0 8.6 0 0 0.6000000000000001 0 0 0 0 0.2 0 0 0 0 0 0 0 0 0 0.4 0 0 0 0 0 0 2.8000000000000003 0 0 0 0 0 0 0 0 0 0 0 0 0.2 0 0 0 0 0 0 0 0 0 0 0 0 0 0 0 0 0 0 2.4000000000000004 0 0 0 0 0 0 0 0 0 17.6 0 0 0 0 1.2000000000000002 0 0 0 0 0 0 0.4 0 0 0 0 0 0 0 0 0 0 0 0 0 0 0 0 2.8000000000000003 2 0 0 0 0 0 0 1.6 0 0 0 0 0 0 
 0 0 0 0.6000000000000001 14.8 23.400000000000002 15.200000000000001 0 0 0 0.2 0.4 0 0.4 0 0 0.6000000000000001 0.2 14.8 0.2 0 44.6 17 8 35.4 4 26.400000000000002 8.8 45.800000000000004 8.8 6.2 55 55.6 60.800000000000004 50.400000000000006 26.8 8.6 21 50.800000000000004 10.200000000000001 0 0 0 0.4 0 0.6000000000000001 0.4 0.6000000000000001 0 0.6000000000000001 0.4 1.6 1.4000000000000001 0 0 0 0 0 0.2 0 0 0 2.2 0 0 0 0 0 0 0 0.2 0 0 0 0 0 2.4000000000000004 0.6000000000000001 0 0 0 0 0 0 3 0 0 0 0 0 0 0 0.2 0 0 0 0 0 0 0 12.8 2.6 2.4000000000000004 1.4000000000000001 2.2 0 7.4 4.800000000000001 0 4 0 0 2 8.4 5.800000000000001 6.800000000000001 4.6000000000000005 4.800000000000001 2.2 0 0 0 0 0 0 0 0 0 0 0 0 0 0 0 0 0 0 0 0 0 0 0 0 0 0 0 0 0 0 0 0 0 0 0.4 0 0 0 0 0 0 0 0 2 0 3.4000000000000004 7.2 0 0 0 2 4 3 0 0.2 0 0 0 0 0 0 0 5.800000000000001 5.800000000000001 0 6.4 2.8000000000000003 7.2 4.4 0 4.2 4.800000000000001 3.8000000000000003 1.4000000000000001 7.2 4.800000000000001 1.8 0 0 0 3.6 0 0 0 0 0 0 0 0 0.4 0 0 0 0.4 0 0 0 0 0 0 0 0 0 0 0 0 0 0 0 0 0 0 0 0 0 0 0 0 0 0 0 0 0 0 0 0 0 0 0 0 0.2 0 0 0 0 1 0 0 2.2 0 0 0 0.4 0 0 0 0 1.8 0 0 0 0 0 0 0 0 2.6 0 0 0 0 0 2.8000000000000003 0 0 0 0 0 0 0 0 
 0.4 0.6000000000000001 0.6000000000000001 0.8 0.4 7 0.6000000000000001 0.6000000000000001 0.6000000000000001 15.600000000000001 0.4 0.6000000000000001 0.6000000000000001 0.4 0.6000000000000001 15.600000000000001 0.6000000000000001 0.6000000000000001 0.8 1.8 44.6 0 19 10 25.8 22.8 15.200000000000001 12.600000000000001 16.400000000000002 6.800000000000001 14.8 56 16.6 24.400000000000002 25 25.6 51.800000000000004 21.8 9.200000000000001 12 0 0 0 0.4 0 13.200000000000001 0.4 0.6000000000000001 0 0.2 0 0.4 12.600000000000001 0 0.6000000000000001 0 0 0 14.4 1.8 0 0 0.4 0 0 0.2 0 0 0 0 0 0 0 0.8 0 0 3.4000000000000004 0.6000000000000001 0.8 0 0 0 0 0 0 0.2 0 0 0.2 0 0 0 0 0 0 0 0 0 0 0 1.6 11.200000000000001 14.600000000000001 0 2.8000000000000003 0.2 0 0 0 1 0 9.4 0 1.4000000000000001 2.8000000000000003 4.4 2.4000000000000004 4.6000000000000005 2.2 0 1 0 0 0 0 0 7.800000000000001 0.6000000000000001 0 0 0 0 0 1.8 0 0 0 0 0 0 0 0 0 0 0 0 0 0 0 0 0 0 0 0.2 0 1 0 0 0 0.2 0 0 0 0 1 4.800000000000001 1.8 0 0 0 0 0 0 0 0 0 0 0 0 0 0 4 8 2 4.800000000000001 7 2.4000000000000004 2.8000000000000003 0 9.600000000000001 3.2 0 0 0 0.2 1.8 0 2.2 0 1.4000000000000001 0 0 0 0 0 0 2.4000000000000004 0 0 0 0 0 0 0 0.2 0 0 0.2 6.800000000000001 1.4000000000000001 0 0 0 0 0 0 0 0 0 0 0 0 0 0 0 0 0 0.4 0 0 0 0 2.4000000000000004 0 0 0 0 0 0 0 0 0 0 0 0.4 0.4 0 0.2 0.4 0 0 2.6 0 0 0 0 1.2000000000000002 0 0 0 0 0 0 0 0 2.4000000000000004 0 0 0 0 0 0 0 0 0 0 0 0 0 0 
 0.4 0 0.2 0 0.2 5 0 0.4 0 0 0 0 0 0 0 0 0 0 0 0.8 17 19 0 33 15.600000000000001 8.6 74.8 27.6 47 23.6 37.2 9.8 14.200000000000001 57 31.400000000000002 25.8 23.6 53 15.4 38.400000000000006 0 11.4 13 0.4 0 0.6000000000000001 0.4 0.6000000000000001 0.2 0.2 0 0.6000000000000001 0 0 0 0 0 0 0.2 0 0 0.2 0 0 0 1.2000000000000002 0 0 1 0 0 0 0 0 0 0 0 0.6000000000000001 0 0 0 0 0 0 0.2 3.2 0 0 0 0 0 0 0 0 0 0 0.2 0 0 0 2 4.800000000000001 11.4 2 4.4 4.4 0 1.8 7.6000000000000005 7 2.6 1.6 2.6 0.2 5 5.800000000000001 3.4000000000000004 2 0.2 2 0.2 0 0 0 0 0 0 0 0 0 0 0 4.2 0 0 0 0 0 0 0 0 0 0 0 0 0 0 0 0 0 0 0 0 0 0 0 0 0 0 1.2000000000000002 0.8 0 2.6 0 0 0 0 0 0.4 0.2 0 0 0 0 0 0 2.8000000000000003 0 3.2 0 3.6 0 8.6 3 3.4000000000000004 0 2.2 2.4000000000000004 0 1.6 2 2.2 4.6000000000000005 4 4.800000000000001 9 0 1.6 2.6 10.600000000000001 3.8000000000000003 0 0.2 0 0 0 0.4 0 0 0 0 0 0 0 0 0 0 0 1.2000000000000002 7 0 0 0 0 0 0 0 0 0 0 0 0 0 0 0 0 0 0 0 0 0 0 0 0 0 0 0 0 0 0 0 0 0 0 2.6 0 0.2 0.6000000000000001 0 0.4 3 1 0 0 0 0 0 0 0 0 0 0 0 0 0 0 0 0 0 1.8 0 0 0 0 0 0 4.2 0 0 0 
 0.4 0.4 0.6000000000000001 0.2 0 0 0.2 0.2 0 0.4 0.4 0.2 15.8 0.4 0 0.4 0.4 0.4 0.2 1 8 10 33 0 66.4 65.4 74.60000000000001 76.80000000000001 59 30.200000000000003 99.4 26.400000000000002 10.8 15 11.600000000000001 53.2 19.400000000000002 56.2 9.600000000000001 55 0 0 0 2.8000000000000003 0 0.6000000000000001 0.2 5.4 0 0.2 0 0.4 13.200000000000001 6.4 0.2 0 0 0 15.8 3.8000000000000003 0 0 0 0 0.2 0.4 0 0 0 0 0 0 0.4 0 0 0 0 0.6000000000000001 0 0 0 0 0 0 0 0 0 0 0 0 0 0 0 0 0 0 0 0 0 0 0 0 2.8000000000000003 0 0 0 0 4 0.4 0 3.2 3.6 0 0 5 3 1.8 2.4000000000000004 0 0 1.6 0 0 0 0 0 0.2 2 0 0 0 0 0 2 0 2.2 0 0 1.6 0 0 0 0 0 0.4 0 0 0 0 0 0 0 0 0 0 0 0 0 0 0 0 0 0 0 0 0 0 0 0.2 0 0 1.4000000000000001 0 0 0 0 0 0 0 0 3.6 0 0 2.4000000000000004 0 0 0 1.8 7 2.4000000000000004 0.8 2.6 0 2.2 5 3.8000000000000003 2.8000000000000003 1.2000000000000002 0 0 4.6000000000000005 0 0.4 0 0.2 0 0.2 0 0 0 0 0 0 2.6 0 0 0 0 0.6000000000000001 0 0 0 0 0 3.2 0 0 0 0 0 0 0 0 0 0 0 0 0 0 0 0 0 2.4000000000000004 0 0 0 0 0 0 0 0 0 0 0 1.8 0.6000000000000001 0.2 15.200000000000001 0.4 0 1.2000000000000002 0 0 0 0 0 0 0 0 0 0.2 0 0 2 0 0 0 0 0 0 0 2.4000000000000004 0 0 0 0 0 0 0 0.6000000000000001 
 0 0 0 0 0 0 1 0 0 0 0 0 0.4 0 0 0 0 0 0 1.6 35.4 25.8 15.600000000000001 66.4 0 29.200000000000003 9 13.4 32.2 15 59.6 28.6 9.600000000000001 22.400000000000002 6.6000000000000005 43.800000000000004 22.8 15.8 7.6000000000000005 32.2 0 0 0 0.8 0 0.6000000000000001 0.4 1.8 0 0.2 0 0.4 12.8 0.2 15.4 0 13.4 2 1 2 0 0 0 0 0 1.4000000000000001 0 0 2 0 0 0 0 0 0 0 0 0.6000000000000001 0.2 0 0 0 0 0 0 0 0.2 0 0 0 0 0 0 0 0 0 0 0 0 0 0 4.2 3.2 15.200000000000001 8.4 4.800000000000001 0 4 2.8000000000000003 2 2.4000000000000004 5.2 0 0 4 4.6000000000000005 11.8 0.4 0 0 0.8 1.8 0 0 8 0 5.4 8.8 0.2 0 0.6000000000000001 0 4.2 0 0.4 0 0 0 0.2 8.8 0 0 0 0.4 0 0 0 2.4000000000000004 0 0 0 0 0 0.2 0 0.6000000000000001 0 0 0.2 0 0 0 0 2.4000000000000004 0 0 0 0.2 0 2.4000000000000004 0 2 0 0 0 0 0 0 0 0 0 3.4000000000000004 7.6000000000000005 9.8 8.4 7.4 0 0 0 5.800000000000001 2.4000000000000004 4 0 3.8000000000000003 5.2 1.8 0 2.2 0 0 4.4 3.6 0 0 0 0 3.4000000000000004 3.2 0 0 1.8 0 0.2 0 3 0.4 4.2 4.2 6.2 4.4 0 0 0 0 0 0 0.2 0 0 0 0 0 0 0 0 0 0 0 0 0 0 0 0.4 0 0 0 0 0 0 0 0 0 0 0.4 2.2 0 0.8 7.4 15.4 0.4 2.8000000000000003 3.4000000000000004 0 0 0 0 0 0 0 0 0 0 0 0 0 0 0 0 0 0 0 0 0 0 0 0 2.6 0 0 0 
 0 14.600000000000001 0 0 0 0 0 0 0 0.2 0 0 1.2000000000000002 0 0 0 0 0 0 0.2 4 22.8 8.6 65.4 29.200000000000003 0 24.8 10.200000000000001 27.200000000000003 19.400000000000002 25.400000000000002 12.200000000000001 7.4 23.400000000000002 6.2 20.400000000000002 15.600000000000001 28.400000000000002 12 7.2 1.2000000000000002 25.6 0 0.4 0 0.6000000000000001 12.4 23.8 0 0.2 0 0.4 39 24.8 0.2 0 0 0.2 0 39.800000000000004 0 0 0 0 0 0 0 0 0 0 0 0 0 0 0 0 0 0.6000000000000001 0 0 0 0 0 0 0 0 0 0 0 0 0 0 0 0 0 0 0 0 0 2.8000000000000003 0 0.2 2.2 2.4000000000000004 2.6 0 0 0 0 1.4000000000000001 1.8 0 0 0 0 0 0 0 0 0 2.8000000000000003 5.4 11.200000000000001 0.2 0 2.4000000000000004 17.2 2 3.8000000000000003 0 4.4 7 2.8000000000000003 0 3.4000000000000004 3.4000000000000004 0 0 10.600000000000001 0.2 0 0 0 0 0 0 0 0 0 0 0 0 0 0 0 0.6000000000000001 0 0 0 0.2 0 0 0 0 0 0 0 0 0 0 0 0 0 0 0 0 0 0 0 0 0 0 0 0 2.2 3 0 0 0 0 3.8000000000000003 4 0 0 0 0 2.6 2.2 0 0 1.8 3.4000000000000004 7.6000000000000005 0 0.2 0 7.800000000000001 5.2 16 3.8000000000000003 0 4.2 1.6 11.200000000000001 0.6000000000000001 0 2 3.6 1.2000000000000002 22.6 0 0 0 0 2.6 0 0 0 0 0 0 0 0 0 0 0 0 0 0 0 0 0 2.4000000000000004 0 0 0 0 0 0 0 0 0 0 0 0.4 0 1.2000000000000002 0.2 0 0 0.4 2.8000000000000003 0 0 0 0 0 0 0 0 0 0 0 0 0 0 0 0.4 0 0 0 0 0 0 0 3 0 0 0 0 
 0.4 0.2 16.400000000000002 15 15.200000000000001 30 0 0 17.2 0 15.200000000000001 30.400000000000002 0 0 0 0 19 8.6 0 0.4 26.400000000000002 15.200000000000001 74.8 74.60000000000001 9 24.8 0 54.400000000000006 33 24.6 70.8 8.6 20.6 15.200000000000001 6 59.800000000000004 64.60000000000001 51.800000000000004 38 20.200000000000003 0 0 0 1.2000000000000002 0 0.6000000000000001 0 13.4 0 0.4 0.6000000000000001 0.4 1.4000000000000001 0 0 0 0 0.4 5.800000000000001 0 0 0 0 10.4 0 0 0 0 0 0 0.8 0 0 0 0 0.4 0 0.8 0 0 0 0 0 0 0 3.4000000000000004 0 0 0 0 1.8 5.6000000000000005 0 0 0 0 0 0 0 0 7.800000000000001 0.2 0 0 1.4000000000000001 0 6.2 3.8000000000000003 4.2 0 2 1.4000000000000001 4.6000000000000005 0 2.2 0.2 7.800000000000001 0 0.2 6 0 0 0 0 0 0 0 0 0 0 0 0 0 6.4 0 0 0 0 0 0 0 0 0 0 0 0 0 0 0 0 0 0 0 0 0 0 0.4 0 0 0 0 0 0 1.4000000000000001 3.6 2.8000000000000003 0 0 0 0 2.4000000000000004 0.8 0 0 0 0 0 0 0 0 13.8 3 1.6 1.4000000000000001 0 0 4.2 0.2 11.8 4.2 2.6 4.2 0 5.4 1.8 0 6 1.6 0.2 1.6 0 0 0 0 0.4 0 0 0.2 0 0 0 2 0 0 0 2 0.2 0 0 2 0 0 0 0 0.2 0 0 0 0 0 0 0 0 0 0 0 0 0 0 0 0 0 0 0 0 0 0 0 0 0 0 0 1.6 0 0.6000000000000001 0 0.4 0 0 0 0.4 0.4 0 0 0 0 0 0 0 0 0 0 0 0 0 0 0 0 0 0 0 0 0 0 0 0 0 0 0 0 
 0.4 0.2 0.2 0 25.200000000000003 35.800000000000004 0.4 0 0.4 0 15 5.2 0.4 0 0 13.8 0.4 15.4 0.4 0.6000000000000001 8.8 12.600000000000001 27.6 76.80000000000001 13.4 10.200000000000001 54.400000000000006 0 35.6 6.2 69 8.4 16.8 34.4 7.6000000000000005 46.6 6.800000000000001 10 26.8 40.800000000000004 0 0 0 2 0.6000000000000001 0.6000000000000001 0 0.6000000000000001 0.2 0.8 0.6000000000000001 0.4 1.4000000000000001 0 0.8 1.2000000000000002 0 0 1.8 0 0.8 0 0 0 0 0 0 0 0 0 0 0.4 0 0 0.2 0 0 1 0 0.4 0 0 0 0 0 3.4000000000000004 0 0 0 0 0 2.2 0 0 0 0 0 1.8 0 0 6.800000000000001 0 1.4000000000000001 0 0 0 2.2 2.2 6.4 1.4000000000000001 7.800000000000001 0 2.4000000000000004 0 2 0 2.4000000000000004 0.6000000000000001 0 3.4000000000000004 0 0 0 0 0 0 0 0 0 0 0 0 2.4000000000000004 0 0 0 0 0 0 0 0 0 0 0 0 0 0 0 0 0 0.2 0 0 0 0 0 0 0 0 0.6000000000000001 0 0 0 0 5.6000000000000005 3.2 0 0 0 0 1.4000000000000001 1.8 1.6 0.4 0 0 0 0.4 0 0 1.2000000000000002 8.8 4.800000000000001 0 0 0 4.4 14.600000000000001 4.800000000000001 2 7.2 0 2.8000000000000003 6.4 7.2 4.800000000000001 10.200000000000001 0.6000000000000001 3 2.6 0 0 0 0 0 0 0 0 0 0 0 0 0 0 0 0 0 0 0.2 1.2000000000000002 0 0 0 0 0 0 0 0 0 0 0 0 0 0 0 0 0 0 0 0 0 0 0 0 0 0 0 0 0 0 0 0 1.8 0 1 0 0.4 0.2 0 0 0.6000000000000001 0 0 0 0 0 1.4000000000000001 0 0 0 0 0 0 0 0 0 2.8000000000000003 0 0 0 0 2 0 0 0 0 0 0 0 0 
 0 0 0 0 0 9.600000000000001 0 0 0.2 0 0 0.4 0 0 0 0 0.2 0.2 0 0.6000000000000001 45.800000000000004 16.400000000000002 47 59 32.2 27.200000000000003 33 35.6 0 29.400000000000002 22 33.800000000000004 19.6 53.800000000000004 37.2 79.60000000000001 35.4 7.2 53 48.800000000000004 0 4.4 0 0.4 0 0.6000000000000001 0.2 6.2 0.2 0.4 0 0.6000000000000001 0.2 41.2 0 0.2 0 0 0 0 0 0 3.6 0 0 0.4 0 0 0 10.200000000000001 0 0 0 0 0.2 0 1 0.6000000000000001 0 0 0 0 0 0 2.6 0.2 0 0 0 0 0 0 0 0 0 0 0 0 0 0 10.8 2.4000000000000004 1.8 2.8000000000000003 1.8 0 0 3 1.8 3.6 0 0 4.2 3 0.4 4 1.8 4 2.2 4 0 0 0 0 0 0 3 0 0 0 0 0 3 0 0 0 0 0 0 0 0 0 0.2 0 0 0 0 0 0 0 0 0 0 0 0 0.4 0 0 0 0.8 0 0 6.2 0 1.2000000000000002 3 0 0 0 0 1.4000000000000001 0.2 0.4 0 0 0 0.2 0 0 0 0.8 3.4000000000000004 4.4 0.4 4.4 3.8000000000000003 6.4 5.4 0 3 6 4.2 6.800000000000001 2.4000000000000004 4.6000000000000005 7.6000000000000005 0 3 0 1.6 0 0.4 0 0 0 0 0 0 0 6.4 0 0 0 0 0 0 0 0 11 2.6 0 0 0 0 0 0 0.4 0 0 0.2 0 0 0 0 0 0 0 0 0 0.4 0 0 0 0 0 0 0 0 0 0 0 0 0 0 1.2000000000000002 0 0.4 16.6 0 0.2 0 2.4000000000000004 0 0 0 0 1.2000000000000002 0 0 0 0 0 0 0 0 0 0 0 0 0 0 0 0 0 0 0 0 0 0 0 
 0.6000000000000001 0.6000000000000001 0.6000000000000001 0.6000000000000001 0.8 5.2 0.6000000000000001 0.6000000000000001 0.6000000000000001 0.6000000000000001 0.6000000000000001 0.6000000000000001 0.6000000000000001 0.6000000000000001 0.6000000000000001 0.6000000000000001 1.2000000000000002 0.6000000000000001 0.6000000000000001 0.8 8.8 6.800000000000001 23.6 30.200000000000003 15 19.400000000000002 24.6 6.2 29.400000000000002 0 45.400000000000006 8.4 7.2 39.6 9.4 54 25.400000000000002 40.2 42.800000000000004 31 0 0 0 0.4 0 0.6000000000000001 0 13.4 0.2 0.2 0 0.6000000000000001 23.400000000000002 12.600000000000001 0 0 5.4 0 41.6 38.400000000000006 0.2 0 0 0 0 0 0 0 0.6000000000000001 0 0 0 0 0 0 0 0 0.6000000000000001 0 0 0 0 0 0 0 0 2.4000000000000004 0 0 0 0 0 0 0.4 0 0 0 0 0 0 4.6000000000000005 1.8 5 3.2 17.6 0 0 0 3.2 1.6 1.8 0.2 2.6 0.6000000000000001 2.6 3.8000000000000003 1.8 0 0.2 0 0.8 0 0 0 0 0 0 0.4 0 0 0 0 2.4000000000000004 0 0 0 0 0 8.200000000000001 0 0 0 0 0 0 0 0 0 0 0 0 0 0 0 2.4000000000000004 0 0 0 0 0.8 0 0 0 0 0 0 0 0 0 0.2 0 0 0 0 0 0 0.4 0 0 0 3 0 2.4000000000000004 0 2.6 0 0.2 1.8 0 1.6 10 4.2 2.2 0 4 4.6000000000000005 2.6 0.2 0 0 2 0 5 0 0 0 4 0 0 0 0 4.6000000000000005 0 7.2 0.8 0.2 0 0 0.2 7.6000000000000005 0 0 0 0 0 0 0 1.8 0 0 0.4 0 0 0 0 0 0 0 0.4 0 0 0 0.2 0 0 0 0 0 0 0 0 0 0 0.2 1.2000000000000002 0 0 8.6 0.4 0 1 0.8 4 0 0 0 0 0 0 0 0 0 0 0 0 0 0 0 0 0 0 0 0 0 0 0 0 0 0 0 
 0 0 0.2 0 0 15 0 0 0 0 0 0 0 0 0 0 0.2 0 0 0.4 6.2 14.8 37.2 99.4 59.6 25.400000000000002 70.8 69 22 45.400000000000006 0 42 26.8 19.400000000000002 26.8 75.8 37 93 8.6 18.400000000000002 0 0 0 1 0 0.6000000000000001 0.4 0.6000000000000001 0 0.2 0 0.4 0 0 0 0 0 0 17.400000000000002 0 0 0 0 0 0 1.4000000000000001 9.8 0 1.2000000000000002 0 0 0 0 0 0 0 0 0.6000000000000001 0 0 0 0 0 0 0 0 0 0 0 0 0 0 0 0 0.4 0 0.2 0 0 0 0 2 2 2.8000000000000003 3.6 2.2 5.2 0.2 7 0 4.800000000000001 2.6 0 9 5.2 4.4 9.200000000000001 5.2 0 0 0 0 0 0 0 0 0.6000000000000001 0 0 0 0 0 0 0 0 0 0 0 0.6000000000000001 0 0 0 0 1.2000000000000002 0 0 0 0 0 0 0 0 0 0 0 0 0 0 0 0 0 0 0 0 0 0 0 0 0 3 0 0 0 0 0 0 0 0 0 0 2.8000000000000003 2.4000000000000004 4 3.6 0 2.8000000000000003 0 0 6 6.2 8.200000000000001 3 2 0 1.8 0.2 2.2 2 0 0 0 0 0 0 0 0 4 0 0 0 0 3.8000000000000003 0 0 0 0 0 0 0 9.4 0 0 0 0 0 0 0 0 0 0 0 0 0 0 0 0 0 0 0 0 0 0 0 0 0 0 0 0 0 0 0 0 0 0 0.6000000000000001 0.4 0.2 7.6000000000000005 0.4 0 0.4 0.4 0 0 0 0 0 0 0 0 0 0 0 0 0 0 0 0 0 0 0 4 0 0 0 0 3 0 0 0 
 0.2 0 0 0 0 15.600000000000001 0 0 0 0 0 0 0.8 0 0 0 0.6000000000000001 0 0 0.2 55 56 9.8 26.400000000000002 28.6 12.200000000000001 8.6 8.4 33.800000000000004 8.4 42 0 20.200000000000003 24.200000000000003 13.8 11.600000000000001 42.800000000000004 13.600000000000001 24.400000000000002 8.4 0 0 0 0.4 0 0.6000000000000001 0.2 13.4 1.2000000000000002 0 0 0.4 0 2.4000000000000004 0 0 0 0 18 15.200000000000001 0 0 2 0 0 0 0 0 0 0 0 0 0 0 0 0 1.2000000000000002 0.6000000000000001 0 0 0 0 0 0 0 0.4 0 0 0 0 0 0 0 0 0 0.4 3.8000000000000003 0 0 0 2.6 3.4000000000000004 4.6000000000000005 3.2 4.6000000000000005 2.4000000000000004 0 2.6 0 1.8 2 2 0 5.6000000000000005 5 1.6 4.2 4.6000000000000005 2 0 0 4.800000000000001 0 0 0 0 0 0 0 0 0 0 0 0 0 0.6000000000000001 0 0 0 6.6000000000000005 0 0 0 0 0 2.2 0 0 0 0 0 0 0 0 0 0 0 0 0 0 0 0 0 0 3.6 0 0 0 0 0 0 0 0 0 0 0.2 0 0 0 0 2.4000000000000004 1.8 2.2 4.800000000000001 0 2 0 0 1.2000000000000002 4.4 1.2000000000000002 5.2 0 0 5.6000000000000005 1.8 2.6 1 0 1.4000000000000001 3 3.4000000000000004 0 2.8000000000000003 0 0.4 4.2 4.800000000000001 0 0 0 2.2 5.2 0 1.8 0.4 0 0.2 0.4 2.4000000000000004 0.2 0 0 0 0 0.4 0 0 0 0 0 0 0 0 0 0 0 0 0 0 0 0 0 0 0 0.2 0 0 0 0 0 0 0 0 2 0.4 0.2 15.200000000000001 0.4 0.4 0.2 0 0 0 0 0 0 0 0 0 0 0 0 0 0 0 0 0 0 0 0 0 0 0 0 0 0 0 0 0 
