 0 38 21.6 70.4 21.200000000000003 20.200000000000003 60.2 33.800000000000004 10 5.2 67.2 27.6 26.200000000000003 8.6 29.200000000000003 25.200000000000003 53.800000000000004 49.800000000000004 46.400000000000006 7.800000000000001 0.2 0.4 1.4000000000000001 0 0 0 0 1.2000000000000002 0 0 0.6000000000000001 0 0 0 0 0 0 0 0.2 0.2 0 0.4 0 0 13.200000000000001 0 0 12.8 0 0.2 0 0 0 0.6000000000000001 0 0 0 0.6000000000000001 0.4 0 0 0 0 0 1.2000000000000002 0 0 0.6000000000000001 0.6000000000000001 0 0.6000000000000001 0.4 0 0 0 0 0.4 0 0 0.6000000000000001 2.6 8.8 9.200000000000001 2.4000000000000004 4.800000000000001 0 0 1.2000000000000002 2.2 0 2.6 5.2 0 3.8000000000000003 2.8000000000000003 2.2 8.8 4.4 0.4 7.800000000000001 0 0 0.4 0 0 0 0.8 0 0.4 0 0 0 0 0 0 0 0.2 0.4 0 2 0 0 0 0 0 0 0 0 0 0 0 0 0 0 0 4.4 0 0 0 0 0 0.4 0 0 2 0 0 0 0 0 0.2 0 3 0 0 6.6000000000000005 0 0 0.4 0 3 4.6000000000000005 4.6000000000000005 4.4 2.4000000000000004 3.8000000000000003 5.4 5 5 10.4 2.2 0 0 3.6 0.6000000000000001 1.4000000000000001 0 0 1.2000000000000002 5.2 0 0.2 0 0 0 0 5.2 0 0 0 0 0 0 0 0 0 0 0 3.4000000000000004 3.4000000000000004 0 0 2.2 0 3 0 0 0 0 0 0 0 0 0 0.2 0 0.4 0 0 0 0 0 0 0 0 0 0 0 0 0 0 0 0 0 2.4000000000000004 0 0 0 0 0 0 1.8 0 0 0 0 0.2 0 18.6 0 2.2 0 0 0 0 0 0 0 0 0 0 0 0 0 0 0 0 0 0 0 0 0 0 0 0 10 1.8 0 0 0 0 0 0 0 0 0 0 0 0 0 
 38 0 43.400000000000006 45.2 43.6 47 60 53.400000000000006 31.200000000000003 26.200000000000003 5.6000000000000005 45.6 72.2 9.8 58.400000000000006 28.200000000000003 67 14 8.4 11.200000000000001 0 0.4 0 0 0 0.4 0 0 0 0 0.6000000000000001 0 0 0 0 0 1.2000000000000002 0.6000000000000001 0.2 14.8 0.6000000000000001 0.4 0 0.6000000000000001 0.6000000000000001 0 0 0 0 0.2 0 0 0 0.6000000000000001 0.4 0 0 0.6000000000000001 0.4 0 0 0 0 0 0 0 0 0.6000000000000001 2.2 0 0.4 0 0 0 0 0 4.2 0 0 0.6000000000000001 0 3.8000000000000003 4 7.4 1.8 0 3.4000000000000004 0 8.6 1.2000000000000002 2.8000000000000003 12.4 0 5.6000000000000005 0.2 0 5.800000000000001 0 1.2000000000000002 2.6 9.4 0 0 1.6 0 0 4.800000000000001 2.6 0 0 0 0 0.2 0 0 0 0 0 2.8000000000000003 0 3.2 2.6 0 0 0 0 0 3 0 0.2 0 0 3.4000000000000004 0.4 0 0 0 0 0 0 0 0.2 0 0 0 0 0 0 0 0 1.8 0 0 0 0 0 0 0 0 0 0 1.6 5.6000000000000005 5.2 2.2 2 0 1.2000000000000002 0 5 7.800000000000001 0.6000000000000001 0 0 0 10.600000000000001 0 8.8 1.4000000000000001 2 0 0.4 0 0 0 0 4.4 0.2 0.2 0 0 0 3 2.2 0 0 0 0 3 6.6000000000000005 0 0 0 0 1.4000000000000001 0 0 0 0 0 0 0 0 0 0 0 0 0 0.4 0 0 0.2 0 0 0 0 0 0 0 0 0 0 0 0.2 0 0 0 0.2 0 0 0 0 0 0 0 0.4 1.6 0.4 13.200000000000001 0.2 2.2 1.6 0 0 0 0 0 0 0 0 0 0 0.2 0 0 0 0 0 0 0 0 0 0 0 0 0 2.2 0.4 0 0 0 0 0 0 0 0 0 0 0 0.2 
 21.6 43.400000000000006 0 14.4 11 53.2 29.6 24.200000000000003 16.400000000000002 28.200000000000003 26 37.800000000000004 16.400000000000002 9.8 41.6 23.8 24.6 27 24.6 10.200000000000001 0 0 0.8 0.4 0 0 0 0.4 0 0.4 0.6000000000000001 0 0.6000000000000001 0 0 0.4 0 0.8 0 0.2 8.8 1 0 0.2 1 0 0 1.4000000000000001 0.4 0.2 0 0 0 0.6000000000000001 0.8 1.2000000000000002 0.4 0.6000000000000001 0.4 0 0.4 0 0 0 1 0.6000000000000001 0 0.6000000000000001 2.8000000000000003 0 0.6000000000000001 0.8 0 0 0.2 0.4 5 1.2000000000000002 0 0.4 13.600000000000001 2.2 1.8 0 7.6000000000000005 0 8 0 11.600000000000001 11.200000000000001 3 7.800000000000001 0 0.2 5.800000000000001 0 4.800000000000001 9.4 0 0 0 0 2 0 0 0 0 0 0 0 0 0 0 0 0.8 0 0 0 10.4 7.800000000000001 0 0 0 0 0 0 0 0 0 0.4 0 0 0 0 2.8000000000000003 0 0 0 0 0 0 0 0 0 0 0 0 0 0 0 0 0 0 0 0 0.6000000000000001 0 0 0 0 3.6 0 2.4000000000000004 2.8000000000000003 0.4 1.6 0 0 5.6000000000000005 0.6000000000000001 4.2 4 3.4000000000000004 5.2 4.6000000000000005 3 9 0 5.800000000000001 0.4 1.6 0 0 0 0 0 0 0 0 0 0 3 2.8000000000000003 0 0 0 0 0 0 0 0 0 0 0 0 0 0 0 0 0.2 0 0 0 0 0 0 0 0 0.2 0 0 0 0 0 0 0 0 0 0 0 0.2 0 0 0.2 0 0 0 0.2 0.4 0 0 0 0 0 0 0 14.8 0 0 10.8 0 0.2 0 0 0 0 0 0 0 0 0.2 0 3.4000000000000004 0 0 0 0 0 0 0 0 0 0 0 0 0 0 0 0 0 0 0 0 0 0 0 0 0 0 0 
 70.4 45.2 14.4 0 34.2 41.400000000000006 34.6 8.8 54.2 37.4 70.60000000000001 34.800000000000004 54.2 55.2 32.800000000000004 7.6000000000000005 6.4 44.6 28.400000000000002 10.600000000000001 0 1 1.2000000000000002 0 1 0 15 13.4 1.4000000000000001 0 0.6000000000000001 12.600000000000001 14.200000000000001 0.4 41.2 0.2 0 0 0 16 0.6000000000000001 1 1.4000000000000001 0 1 0 1 0.6000000000000001 0.4 3.4000000000000004 0.2 0.4 0.6000000000000001 1.2000000000000002 1.2000000000000002 1.4000000000000001 0 0.6000000000000001 1.2000000000000002 1.6 0.6000000000000001 3 0.6000000000000001 0.6000000000000001 0.2 0 0.6000000000000001 1.2000000000000002 0.6000000000000001 0.6000000000000001 0.4 0.4 0.6000000000000001 0.6000000000000001 0 3.4000000000000004 0.4 0 0.4 1 0.2 0.2 0.4 2.8000000000000003 5 3.4000000000000004 3 0 5 1.4000000000000001 6.4 2.4000000000000004 0 2.8000000000000003 0 0 2 2 0 0 3.4000000000000004 0 0 1.4000000000000001 0 0 2 0 0 0 2 0 11.200000000000001 4.6000000000000005 4 4.800000000000001 0 3.2 2.2 3.6 0 0 0 0 0 0 0 0 0 2.6 0 0 0 0 0 0 0 0 0 0 0 0 0 0 0 0 0 7.2 0 0 2 0 0 0 0 1 0 0 0 1.8 0 1.6 2.2 10.4 5.6000000000000005 9 0 0 0 2.2 4.6000000000000005 2.8000000000000003 0 0 0.2 3.6 0 0 3 0 0 4.2 0 0 0 0 8 6.800000000000001 4 0 2 0 4.2 3.6 3.2 0 0 0 3.2 6.4 0 0 0 0 3.8000000000000003 0 0 0 0 1.8 0 0 0 0 0 0 0 0 0 0 0 0 0 4 0 0 0 0 0 0 0 0 2.4000000000000004 0 0 0 0 0 0 0 0 0 0 0 0 0.4 18.8 0.4 2.8000000000000003 9 1.6 0.6000000000000001 0 0 0.2 0 0 0 0 0 0 0 0.4 0 0 0 0 0 0.4 0 0 0 0 0 0.2 0 0.4 0 0 0 0 1.8 0 0 0 0 0 0 0 0 
 21.200000000000003 43.6 11 34.2 0 30 12 14.600000000000001 15.4 55 37 20.6 14.4 15 15 16 24.200000000000003 69.2 11.200000000000001 30.200000000000003 27.400000000000002 15.4 15.200000000000001 0 1.6 0 19 0 13.8 0 0.6000000000000001 0 0.4 14.8 15.4 17.6 20.200000000000003 15.4 47.6 15 0 0.4 0.2 0 0.6000000000000001 0 0 0 0 0.4 0 0 0 0.6000000000000001 0.2 0 0 0.6000000000000001 13.8 1 0 0 0 0 0 0 0 0.6000000000000001 2 0 9.200000000000001 0.4 0 0 0 0 1.8 0 0.6000000000000001 0.6000000000000001 0 0.2 2.8000000000000003 2 9.8 0.6000000000000001 0 0.2 3.6 4.4 9 5.2 0 1.2000000000000002 0 0 5.2 0 0 0 0 2.6 6.6000000000000005 6.6000000000000005 0 0 2 0 7.6000000000000005 0 3 0.2 3.6 8.6 0.2 6.800000000000001 5.800000000000001 3 2.2 0 0 0.2 0 0 0 0 0 0 0 0 0 0 0 0 0 0 0 0 0 0 0 0 0 0 0 0 0 0.6000000000000001 0 0 0 0 0 0 0 0 0 0 0 0 4 2.8000000000000003 0.2 6.2 3 4.800000000000001 0 2 0 2 5.2 0 1 0 0.2 0.4 0 0 0 1.4000000000000001 0 7.4 2 2.6 0 0 4 8.4 3.4000000000000004 0.2 2.6 0 0.2 0.2 0 0 0.4 0 0.2 3.6 0 0.4 0 0 5.4 0.2 0 0 0 0 0 0 0 0 0 0 0 0 0 0 0 0 0 0 0 0.4 0.4 0 0 0 0 0 0 0 0 0 0 0 0 0 0 0 0 0 0 0 0.6000000000000001 0 17.6 0.6000000000000001 1.8 0.4 0 0 0 0 0 0 0 0 0 0 0 0 0 0 0 0 0 0 0 0 0 0 0 0 0 0 0 0 0 1.2000000000000002 0 0 0 0 0 0 0 0.2 
 20.200000000000003 47 53.2 41.400000000000006 30 0 63.800000000000004 5.4 15.8 46.800000000000004 34.800000000000004 107.4 11.4 9 9.4 49.2 11.600000000000001 26.8 47.800000000000004 5.6000000000000005 15.4 0.2 0 0 0 0 12.8 0.4 0.2 0 0.6000000000000001 0.4 0 0.2 2.4000000000000004 0.2 0 0 0 15.8 0 0.4 0.4 0 0.6000000000000001 0 0.4 0 0 0.2 0 0 0 0.6000000000000001 0.4 0 0 0.6000000000000001 13 0.2 0 0.2 0 0 0 0 0 0.6000000000000001 3.4000000000000004 0 8.6 0.4 0.8 0.6000000000000001 0 0 1.6 0 0 0.8 0 0 2.8000000000000003 2 7.4 6.2 0 0 6.6000000000000005 0 8.200000000000001 13.8 0 3.2 0 2.2 4.2 0 0 0 6.2 2.8000000000000003 3 0 0 0 5 0.2 0 0 0 0 5.4 0.2 5 2.2 0 0 2.2 6.4 0 0 0 0 0 0 0 0 0 0 0 0 0 0 0 0 0 0 0 0 0 0 0 0 0 0 0 0.4 0 0 3.8000000000000003 0 0 0 0 0 0 0 0 0 3.8000000000000003 4.4 0.6000000000000001 10.600000000000001 2.8000000000000003 1.2000000000000002 0 3.4000000000000004 0 4.4 6.800000000000001 2.8000000000000003 0 0 0 5.2 0 2 0 0 0 2.6 0 0 0 2 19.6 0.4 4 0 0 0 3 0 2.6 0 0 0 7.800000000000001 1.8 0 0 0 0 4.4 0 0 0 0 0.4 0 0 0 0 0 0 0 0 0 0 0 0 0 0 0 0 0 0 0 0 0 0 0 0 0 0 0 0 0 0 0 5 0 0 0 0.2 8.4 1 18 1.4000000000000001 2.4000000000000004 0.8 0 0 0 0 0 0 0 0 0 0 0 0 0 0 0 0 0 0 0 0 0 0 0 0 0 0 0 0 0 0 0 0 0 0 0 0 0 0 
 60.2 60 29.6 34.6 12 63.800000000000004 0 38 11.600000000000001 9.200000000000001 17.2 7.800000000000001 79 18.2 17.8 8.6 9.200000000000001 40.400000000000006 78 18.8 0 0 8.4 0.4 0 0.8 0 0 0 14.200000000000001 0.6000000000000001 0 0 0 0 0 8 0 0 0 0.8 0.4 1 0 1.8 0 0 12.200000000000001 0 0.8 0 0 0 0.6000000000000001 0 0 0 1.6 1.6 0 0 0 0 0 1 0 0 0.6000000000000001 0.6000000000000001 0 0.4 0 0 0 0 0 0.8 0 0 0.6000000000000001 0 6 2.8000000000000003 0 1.4000000000000001 0 7.6000000000000005 9 4.6000000000000005 3.8000000000000003 0 2.2 0.4 0.2 11 1.8 6.2 0 0 5 0 0 0 0 0 0 0.2 0 0 0 0 0 0 0 0 0 0 0 0 0 0 0 0 0 0 0 0 0 0 0 0 0 0 0 0 0 0 0 0 0 0 0 0 0 0 0 0 0 0 0 0 0 0 0 0 0 0 3.2 0 0 0 0 0.4 3.2 0 0 3.6 7 4.800000000000001 1.6 0 2 2.6 5.4 2.4000000000000004 0 0 0 1.6 4.4 0 0 0 0 0 3.6 0 0 0 0 0 0 0 0 0 0 0 0 0 0 0 0 0 0 0 0 0 0 0 0 0 0 0 0 0 0 0 0 0 0 0 0 0 0 0 0 0 0 0 0 0 0 0 0 0 0 3.2 0 0 0 0 0 0 0 0 0 17.8 0.4 0 0.2 0.4 0.8 0 0 0 0 0 0 0 0 0 0 2 11.600000000000001 0 0 0 0 0 0 0 0 0 0 0 2.8000000000000003 3 0 0 0 0 0 0 0 0 0 0 0 0 0 
 33.800000000000004 53.400000000000006 24.200000000000003 8.8 14.600000000000001 5.4 38 0 35.800000000000004 11.200000000000001 27 7 24.200000000000003 77.2 14.4 8 41.800000000000004 39.800000000000004 27.6 9 0 0.2 0 0.4 0.8 0 0.4 0 0 0 0.6000000000000001 0 0 0.2 0 0 0 0.4 0 0 1.2000000000000002 0.8 0 0 1 0 0.6000000000000001 12.200000000000001 0 0.4 0.6000000000000001 0 0 0.6000000000000001 0.4 0.6000000000000001 0 0.6000000000000001 0.4 0 0 0 0.6000000000000001 0 2.8000000000000003 0 0 0.6000000000000001 0.6000000000000001 0.6000000000000001 0.6000000000000001 0.4 0 0.6000000000000001 0 0 0.4 10.200000000000001 0 1 1.8 6 4.6000000000000005 7.4 0 0.2 0.4 0 0.2 0.2 3.4000000000000004 1 0.2 4 0 0 0 4.800000000000001 5 10.8 0.4 0 0 0 0 0 1.6 2 0 0 0 0 0 0 0 0 0 0 2.6 0 0 0 0 0 0 0 0 0 0 0 0 0 0 0 0 0 0 0 0 0 0 0 0 0 0 0 0 0 0.4 0 0 0 0 0 0 0.2 0 0 0 0 6 3 2.2 1.4000000000000001 0 0 2.8000000000000003 5.2 0.8 7.4 4 0 0 4.6000000000000005 1.6 7 3.6 0 1 2.6 0.4 0 0 0 0 0 0 0 0 0 0 0 2 0 0 0 0 0 0 0 1.8 0 0 0 0 0 0 0 0 0 0 0 0.4 0 0 0 0 0 0 0.4 0 0 0 0 0.4 0 0 0 0 0 0 0 0 0 0 0 0 0 0 0 0 0 0 0 0 0 0.2 0 0 0.4 0 0.4 0 0 0 0 0 0 0 0 0 0 0 4.2 0 0 0 0 0 0 0 0 0 0 0 3 0 2.2 0 0 0 0 0 0 0 0 0 0 0 0 
 10 31.200000000000003 16.400000000000002 54.2 15.4 15.8 11.600000000000001 35.800000000000004 0 51.2 12.200000000000001 51 19.200000000000003 37.6 97.2 52.400000000000006 44.400000000000006 18.8 12.8 13 1 0 0 0 0 0 0 0 0.4 0 0.6000000000000001 0 0 0.2 0 0.2 0 0 0 8 0 0.4 0 0 0.6000000000000001 0 0 0 0 11.600000000000001 0 0 0 0.6000000000000001 0.2 0 0 0.6000000000000001 0.4 0 0 0 0 0 0 0 0 0.6000000000000001 1.8 0 0.6000000000000001 0.4 0.2 0 0 0 1.2000000000000002 0 0 0.6000000000000001 1.8 2.8000000000000003 7 8.6 0 0.2 0.4 0.8 20 4.4 0.4 0 0.2 1 0.4 10.600000000000001 2.6 3.2 3 2.2 0 4 3 0 0 0 2.6 0 0 0 0 0 2 0 4.2 1.8 0 0 0 5 0 0 0 0 0 0 0 0 0 0 0 0 0 0 0 0 0 0 0 0 0 0 0 0 1.2000000000000002 1.2000000000000002 0 0 0.4 0 0 0 0 0 0 0.2 0 0 0 0 0 4.4 4.6000000000000005 5.2 0.8 0.4 0 1.6 1.2000000000000002 0 0.2 1 0 4.4 0 1.8 14.600000000000001 2.2 5 5.800000000000001 0.4 3 0 0 0 0 0 0 0 0 0 0 0 0 0 0 0 0 6.6000000000000005 5.4 0 0 0 0 0 0 0 0 0 0 0 0 0.4 0 0 0 0 0.4 0 0 0 0 0 0 0.4 0 0 0 0 0 0 0 0 0 0 0 0 0 0 0 0 1.6 0 0 0 0 0 0 0.4 0 0.2 0 0.2 0 0.4 0 0 0 0 0 0 0 0 0 0 0 0 0 0 0 0 0 0 0 0 5.6000000000000005 0 0 0 0 0 0 0 0 0 0 0 0 0 0.2 
 5.2 26.200000000000003 28.200000000000003 37.4 55 46.800000000000004 9.200000000000001 11.200000000000001 51.2 0 37.2 48 29.400000000000002 17.6 16 105.4 73.8 43.400000000000006 14.8 22.8 0 0 0 0 0 0.2 0 0.8 0 0 2 0 0 0 0 0.6000000000000001 0.2 0 0.4 29.400000000000002 0 0.4 0 0 1 0 0 0.4 0.4 0 0 0 0 0.8 0.4 0 0 0.6000000000000001 0.4 0 0.2 0 0 0.6000000000000001 0.6000000000000001 0 0 1.2000000000000002 5.800000000000001 0 0.4 0.2 0 0 0 0 1.6 0 0 0.6000000000000001 0 4 2.8000000000000003 4.6000000000000005 0.2 3.4000000000000004 3.4000000000000004 0 10.600000000000001 0.8 0 3 0 0 0.2 0.2 4.4 2.2 0 0 1.4000000000000001 0 0 0 0 0 4.6000000000000005 0 0 0 0 0 2.6 0 0 0 0 0 2 0 0 0 0 0 0 0 0 0 0 0.4 0 0 0 0 2.6 0 0 0 0 0 0.4 3.2 0 0 0 0 0 0 0 0 0 0 0 0 0 0 0 0 0 0 0 2.2 2.8000000000000003 2.6 3.6 0 0 0 0 0.2 8.6 2.8000000000000003 0 0 0 5.800000000000001 0 5.4 0 0 0 2.8000000000000003 0 0 0 0 0 0 0 0 0 0 3.6 0 0 0 0 0 0.2 9 0 0 0 0 0.4 0 0 0 0 0 0 0 0 0 0 0 0 0 0.2 0 0 0.2 0 0 0 0 0 0 0 0 0.2 0 0 0.2 0 0 0 0.2 0.4 0 0 0 0 0 0 0.4 0 0.6000000000000001 0.6000000000000001 0.8 0 1 0 0 0 0 0 0 0 0 0 0 0.4 0 0 0 0 0 0 0 0 0 0 0 0 0 2.2 0 0 0 0 0 0 0 0 0 0 0 0 0 
 67.2 5.6000000000000005 26 70.60000000000001 37 34.800000000000004 17.2 27 12.200000000000001 37.2 0 28.6 24.200000000000003 51.400000000000006 59 31.6 17.2 40.6 8.200000000000001 30.6 0 0 0 0 0 0 14.600000000000001 12.8 0 0 0.6000000000000001 0 19.6 0 15 0.2 0 0 0.2 0.4 0 0.4 0.6000000000000001 0 0.6000000000000001 0 0 0 0 0.2 0 0 0 0.6000000000000001 0.2 0 0 0.6000000000000001 0.4 0.2 0 0.6000000000000001 0 0 0 0 0 0.6000000000000001 0.6000000000000001 0 0.6000000000000001 0.4 0 0 0 4.2 0.4 0 0 0.6000000000000001 2.8000000000000003 0 3 2.6 2 6.2 0 0 2.8000000000000003 0.2 6.2 3 0 1.4000000000000001 0.2 0 0 1.6 2.2 0 7.6000000000000005 0 0 0 0 0 0 0 0 0 2.2 0 3.4000000000000004 5.4 4 0 0 0 2 9.4 0 0 0 0 0 0 0 0 0 0 0 0 0 0 0 5.6000000000000005 0 0 0 0 0 0 0 0 0 0 0 0.2 0 0 1.4000000000000001 0 0 0 0 0 0 0 0 0.4 2.4000000000000004 1.8 2 8 6.800000000000001 5.4 0 2.2 0 0 1.8 2.2 0 0 0 0 0 2 2.8000000000000003 0 1.4000000000000001 0 0 0 0.4 0 5.6000000000000005 0.2 3.6 0 0 0 7 3.4000000000000004 3.6 0 0 0 1.2000000000000002 0 0 0 0 0 2.4000000000000004 0 0 0 0 1.8 0 0 0 0 0 0 0 0 0 0 0 0 0 0 0 0 0 0 0 0 0.2 0 0 0 0 0 0 0 0 0 0 0.4 0 0 0 0.2 2.4000000000000004 0 0.8 26.200000000000003 0.4 0.4 0 0 0 0 0 0 0 0 0 0 0 0 0 0 0 0 0 0 0 0 0 0 0 0 0 0 0 0 0 0 0 0 0 0 0 3 0 0 
 27.6 45.6 37.800000000000004 34.800000000000004 20.6 107.4 7.800000000000001 7 51 48 28.6 0 66.60000000000001 7.800000000000001 18.6 10.8 19 34.800000000000004 54.2 7.800000000000001 13.8 15 0 42 0 0 31.6 0.2 0 0 0.6000000000000001 0 0 0.2 14.8 15 0.2 0.4 16.400000000000002 18.400000000000002 0 12.8 0 0 0.6000000000000001 16.6 0 0 0 0.4 0 0 0 0.6000000000000001 0.4 0 0 0.6000000000000001 12.8 0 0 0 0 0 0 0 0 0.6000000000000001 4.800000000000001 0 17.6 0.4 0 0 0 0 1.2000000000000002 0 0 0.6000000000000001 0.2 0 0.6000000000000001 0.2 14.600000000000001 5.4 2.6 1.8 4.800000000000001 2.6 5 12.4 0 1.2000000000000002 2 0 8.200000000000001 0 0 0 0 0 4 0 0 0 8.200000000000001 0 0 0 0 0 6.2 3.6 0.4 3 0 0 1.6 2.6 0 0 0 0 0 0 0 0 0 0 0 0 3.2 0 0 0 0 0 0 0 0 0 0 0 0 0 0.4 0.4 0 0 1 0 0 0 0 1.6 0 0.4 0 0 0.2 1.2000000000000002 0.4 9.200000000000001 2.2 0.2 0 0 2 7.800000000000001 8 5.4 0.6000000000000001 2.8000000000000003 0 4 0 3.2 0.2 0.2 0 4.800000000000001 0.2 0 0 0 13.200000000000001 6.6000000000000005 2.8000000000000003 0 3.6 0 1.4000000000000001 0 2.4000000000000004 0.4 0.4 0 2.2 3.2 0 0 0 0 2.8000000000000003 0 0 0 0 0.4 0 0 0 3.4000000000000004 0 0 0 0 0 0 0 0 0 0 1.8 0 0 0 0 0 0 0 0 0 0 0 0 0 0 0 0 0.2 0 0 0 0 35 0 18 1.8 1.8 0.4 0.4 0 0 0 0 0 0 0 0 0 2.2 0 0 0 0 0 0 0 0 0 0 0 0 0 0 0 0 0 0 1.4000000000000001 0 0 0 0 0 0 0 0 
 26.200000000000003 72.2 16.400000000000002 54.2 14.4 11.4 79 24.200000000000003 19.200000000000003 29.400000000000002 24.200000000000003 66.60000000000001 0 13.200000000000001 62.400000000000006 25.8 29.6 23.6 53.2 63.800000000000004 0 0 1.2000000000000002 0 21.8 0 0 0 0 0 0.6000000000000001 0 40.2 0 0 0 0.4 0 0.4 0.8 0 0.4 0 0 0.6000000000000001 0 0 0.2 0 0 1.2000000000000002 0.8 0 0.6000000000000001 0.2 0 0 0.6000000000000001 0.4 0 0 0 0 0.8 0 0 0 1.4000000000000001 0.4 0 0.4 0.4 0 0 0 0 0.4 0 0 0.6000000000000001 16.2 1.8 0.2 0 1.4000000000000001 0 8.8 11 5.2 9.4 0 1.4000000000000001 0.6000000000000001 1.8 7.2 0 3 7 0 1.8 0 0 0 0 0 0 0 0 0 0 0.4 0 0 0 0 0 0 0 0 0 0 0 0 0 0 0 0 1 0 0 0 0 0 0 0 0 0 0 0 0 0 0 0 0.2 0 0.2 0 0 0 0 0 0 0 0.4 0 0 0 0 0 0.2 1.6 2.8000000000000003 3.8000000000000003 2.8000000000000003 0.4 0 5.2 3.2 7.800000000000001 0 0 2.4000000000000004 10.4 5.800000000000001 6.800000000000001 5.800000000000001 6.2 0 2.6 0 0 0 0 0 0.2 0 1.6 0 0 0 0 0 0 0 0 0 0 0 0.2 0 0 0 1.8 0 0.4 0 2.4000000000000004 0 0 0 0 0.2 0 0 0 0 0 0 0 0 0 0 0.2 0 0 0 0 0 0.4 0 0 0 0 0 0.4 0 0 0 0 0 0 0 0 0 0 0.4 10.4 0 0.2 0.2 0.4 0.4 0 0 0 0 0 0 0 0 0 0 2.8000000000000003 0 0 0 0 0 0 0 0 0 0 0 0 0 1.8 0 0 0 0 0 0 0 0 0 0 0 0 0 
 8.6 9.8 9.8 55.2 15 9 18.2 77.2 37.6 17.6 51.400000000000006 7.800000000000001 13.200000000000001 0 31.200000000000003 3.6 23.200000000000003 49.2 75 13.200000000000001 0 17.8 0.2 0 0 0.4 0 0.2 0 0.2 1.2000000000000002 0 0.4 0 0 0 0.6000000000000001 0 0.4 0 0 0.4 0 0 0.6000000000000001 0 0 0 0 0.2 0 0.6000000000000001 0 0.6000000000000001 0.2 0 0 1.2000000000000002 1 0 0.8 0.6000000000000001 0 0 0 0.2 0 0.6000000000000001 0.6000000000000001 0 1 0.2 1 0.2 0 0.2 0.6000000000000001 0 0.2 0.6000000000000001 0 0 1.8 5.6000000000000005 0 0.4 0.4 5 0 0 1.6 2 8.200000000000001 2.8000000000000003 1.4000000000000001 3.6 0 5.6000000000000005 1.2000000000000002 0 0 0 0 0 0 0 2.8000000000000003 0 0 0 0 0 0 0 0 0 0 1.4000000000000001 4.2 0 0 0 0 0 0 0 0 0 0 0 0 0 0 0 0 0 0 0 0 0 0 0 0 0 0 0 0 0 0 0 0 0 0 0 0 0 0 0 0 0 0 0.2 2.8000000000000003 0.2 0 0 3.8000000000000003 0 0 2.2 0 2.6 1.8 5 0 3.4000000000000004 2.8000000000000003 4.6000000000000005 0 2.6 0 0 0 0 0 0 0 0 0 0 0 0 0 0 0 0 0 0 2.4000000000000004 2.8000000000000003 0 0 0 0 0 0 0 0 0 0 4 0 0 0 3.4000000000000004 0 0 0 0 0 0 0 0 0 0 0 0 0 0 0 0 0 0 0 0 0 1.8 0 0 0 0 0 0 0 0 0.4 0.2 0 0.4 0.4 0 0.6000000000000001 1.2000000000000002 0 0 0.2 0 0 0 0 0 0 0 0 0 0 0 0 0 0 0 0 0 0 0 0 0 0.4 0 0 0 0 0 0 0 0 0 0 0 0 
 29.200000000000003 58.400000000000006 41.6 32.800000000000004 15 9.4 17.8 14.4 97.2 16 59 18.6 62.400000000000006 31.200000000000003 0 63 84.80000000000001 21.8 18.2 35 0 0 0 0 0 0 0 0 0 0 0.6000000000000001 0 0 0 0 0 0 0 0 0 0 0.4 0 0 0.6000000000000001 0 0 0 0.4 0 0 0 0 0.6000000000000001 12.8 0 0 0.6000000000000001 0.4 0 0 0 0 0 0 0 0 0.6000000000000001 0.8 0 0.6000000000000001 0 2 0 0 0 0.4 0 0 0.6000000000000001 0 5.6000000000000005 6.2 2 2 0 9.4 1.4000000000000001 7 5.6000000000000005 0 2 0 0 2.4000000000000004 2.8000000000000003 8 4.4 0 0 0 0 0 0 0 0 0 0 0 0 0 0 0 0 0 0 0 0 0 0 0 0 0 0 0 0 0 0 0 0 0 0 0 0 0 0 0 0 0 0 0 0 0 0.2 0 0 0 0 0 0 0 0.2 0 0 0 0 0 3.8000000000000003 0 0 0 0.6000000000000001 7.2 3.4000000000000004 4.800000000000001 0 0.4 0 3.4000000000000004 0 0 4.800000000000001 0.2 2.8000000000000003 0.2 13.600000000000001 4.800000000000001 4.4 2.8000000000000003 0 0 0 0 0 0 0 0.4 0 0 0 0 0 0 0 0 0 0.4 0 1.2000000000000002 4.2 0 0 0 0 0 0 0 0 0 0 0 0 0 0 0 0 0 0 0 0 0 0 0 0 0.2 0 0 0 0 0 0 0 0 0 0 0 0 0 0 0 0 0 0 0 0 0 17.400000000000002 0 0.8 0.2 0.4 1 2 0.2 0 0 0 0 0 0 0.8 0 2 0 0 0 0 0 0 0 0 0 0 0 0 0 3.2 0 0 0 0 0 0 0 0 0 0 0 0 0.2 
 25.200000000000003 28.200000000000003 23.8 7.6000000000000005 16 49.2 8.6 8 52.400000000000006 105.4 31.6 10.8 25.8 3.6 63 0 44.6 27.400000000000002 8.8 46.6 0 0 0 0 0 0 15 0 0.4 0.2 0.6000000000000001 0.2 0 0 0 0 0 0 0 15 0 0.4 0 0 0.6000000000000001 0 0 1.2000000000000002 0 0.4 0 0 1 0.6000000000000001 6 0.4 0 0.4 0.4 0.6000000000000001 0 0 0 0 0 0 0 0.4 5.800000000000001 0 0.4 0 1.4000000000000001 0 0 0 0.4 0 0 0.6000000000000001 4 2 0.4 2.4000000000000004 0 0 6.2 2.6 2.6 5.2 0 2 0 0 11 3.2 0 3.4000000000000004 0.2 0 3.8000000000000003 2.8000000000000003 0.2 0 0 0 3.2 2.6 0 0 0 0 2.4000000000000004 0.2 3.4000000000000004 2.2 0 0 0.8 0.6000000000000001 0 0 0 0 0 0 0 0 0 0 0 0 2.8000000000000003 0 0 0 0 0 0 0 0 0 0 0 0 0 0.4 0 0 0 0.8 0 0 0 0 0 0 0.2 0 0 0 0 2.8000000000000003 8.6 2 0 0 1 0 1.4000000000000001 3.6 6.6000000000000005 0 0 0 2.8000000000000003 4.4 1 4.2 0 0 2.6 0 0 0 0 0 0 4.4 0 0 0 2 0 0 0.4 0 0 6.4 1.4000000000000001 0 0 0 0 0 0 0 0 0 0 0 0 0 0 0.4 0 0 0 0 0 0 0 0 1.8 0 0 0 0 0 0 0 0 0 0 0 0 0 0 0 0 0 1.2000000000000002 0 0 0 0 18.6 0.4 0 0 0 0.4 1.4000000000000001 0 0 0 0 0 0 0 0 0 0 0 0 0 0 0 0 0 0 0 0 0 0 0 0 0 0 0 0 0.2 0 0 0 0 0 0 0 0 
 53.800000000000004 67 24.6 6.4 24.200000000000003 11.600000000000001 9.200000000000001 41.800000000000004 44.400000000000006 73.8 17.2 19 29.6 23.200000000000003 84.80000000000001 44.6 0 63.800000000000004 9.4 8.200000000000001 0 0.2 0 0 0 0 0 0.4 0 0 0.6000000000000001 0 0 0 0 0.4 0 0 0.4 0 0 0.4 0 0 0.6000000000000001 0 0 0 0 0.2 0 0 0 0.6000000000000001 0.2 0 0 0.6000000000000001 0.4 0 0 0 0 0 0 10 0 0.6000000000000001 2.6 0 0.4 0.4 0.6000000000000001 0 0 0 2 0 0 0.6000000000000001 5.4 1.8 5 9.200000000000001 0 0.2 4.4 0 7.800000000000001 7.2 5.2 2.8000000000000003 0 2.6 0 5.800000000000001 4.6000000000000005 9.8 0 8.6 0 4 1.2000000000000002 0 0 0 1.8 0 0.4 0 0 0 1.8 0 7.800000000000001 2 0 0.4 3 0 0 0 0 0 0 0 0 0 0 0 0 0 0 0 0 0 0 0 0 0 0 0 0 0 0 0 0.2 0 0 0 0 0 0 0 0 0 0 0 0.2 0 1.8 0 2.2 3.6 0 0 0 3.4000000000000004 4 4.800000000000001 0.6000000000000001 2 6.2 2.8000000000000003 2.8000000000000003 6 8.4 9 3.6 2.2 0 3 0 0 0 0 0.2 0 0 0 0 0 0 0 0 0 0 0 4 8 0 0 0 0 0 0 0 0 0 2.2 0 0 0 0 0 0 0.4 0 3.2 0 0 0 0 0 0 3.6 0 0 0 0 0 0 0 0 0 0 0 0 0 0 0 0 0 0 0 0 17.400000000000002 0 0 0.2 0 1.4000000000000001 0 0 0 0 0 0 0 0 0 0 2 0 0 0 0 0 0 0 0 0 0 0 0 0 0 0.4 0 0 0 0 0 0 0 0 0 0 0 0.2 
 49.800000000000004 14 27 44.6 69.2 26.8 40.400000000000006 39.800000000000004 18.8 43.400000000000006 40.6 34.800000000000004 23.6 49.2 21.8 27.400000000000002 63.800000000000004 0 9.200000000000001 9.8 0 0 14.600000000000001 0 0.4 0 0 0 0.4 0 0.6000000000000001 0 0 41.6 15 0.4 0 0.8 0 0 0 0.4 0 0 0.6000000000000001 0 0 11.200000000000001 0 0 0 0 0 0.6000000000000001 0.4 0 0 0.6000000000000001 0.4 0 0 0 0 0 1.2000000000000002 0 0 0.6000000000000001 0.6000000000000001 0 0.6000000000000001 0.2 0 0 0 0 0.4 0 0 0.4 3 3.8000000000000003 2.4000000000000004 3 2.4000000000000004 0 0 1.2000000000000002 5 0 4.2 3.6 0 2.2 6.2 2.4000000000000004 1.6 1.6 2.4000000000000004 4.6000000000000005 0 0 0 0 0 0 3.4000000000000004 0 0 0 0.4 0 0 0 0 0 0 0 0 5.2 0 0 0 0 0 0 0 0 0 3 0 0 0 0 0 0 0 0 0 0 0 0 0 0 0 0.2 0 0 0 0 0 0 0.8 0 0 0 0 0 0 0.2 3.6 0 4 5.800000000000001 1.6 3.8000000000000003 0 2.8000000000000003 6.800000000000001 2 0.2 0 0 0 0 0 0 0 2.6 1.4000000000000001 1.4000000000000001 0 0 0 0 0 0 0 0 0 0 0 0 0 0 0 0 0 3.8000000000000003 0 0 0 0 0 0.4 0 0 0 0 0 0 0 0 0 0 0 0 0 0 0 0 0 0 0 0 0 0 0 0 0 0 0 2.6 0 0 0 0 0 0 0 0 2 0 0 0 0.8 0.2 0 0.6000000000000001 21.400000000000002 0 0.4 0.2 0 0 0 0 0 0 0 0.2 0 0 0 0 0 0 0 0 0 0 0 0 0 0 3.4000000000000004 0 0 0 0 0 0 0 0 0 0 0 0 0 0 
 46.400000000000006 8.4 24.6 28.400000000000002 11.200000000000001 47.800000000000004 78 27.6 12.8 14.8 8.200000000000001 54.2 53.2 75 18.2 8.8 9.4 9.200000000000001 0 24 0 0.2 0 0 0 0 0 0 0 0 1 0 0 0 0.2 0 0 0 0 0 0 0.4 0 0 0.6000000000000001 0 0 12.8 0 0.2 10.8 0 0 0.6000000000000001 0.2 0 0 1.8 0.4 0 0 0 0 0 7.2 0 0 0.6000000000000001 0.2 0 0.4 0.2 0 0 0 0 0.4 0 0 0.6000000000000001 4.800000000000001 8.8 4 0 0 0 4.2 3.2 7 12.8 0 0 0 2.2 0.2 1.8 10 0 0 3.2 0 0.4 0 0 0.4 0 0 0 0 0 0 0 0 0 0 0 0 4.6000000000000005 2.8000000000000003 0 0 0 0 0 0 0 0.2 0 0 0 0 0 0 0 0 0 0 0 0 0 0 1.4000000000000001 0 0 0 0.2 0 0 0 0 0 0 0 0 0 0.4 0 0 0 0 0 10.4 0 0 1.8 1.4000000000000001 5.800000000000001 0 2.2 0 0 0 2 10.4 11.8 0 1.8 0 3.4000000000000004 2.2 0 0 0 0 0 0 0 0 0.2 0 0 0 0 0 0 0 0 0 0 0 0 0 0 0 0 0 0 0 0 0 0 0 0 0 0 0 0 0 0 0 0 0 0 0 0 0 0 0 0 0 0 0 0 0 0 0 0 0 0 0 0 0 0 0 0 0.2 0.2 0 0 0 0 0 0 0 0 0 0 0 0 4.4 0 0 0 0 0 0 0 0 0 0 0 0 0 0 0 2.4000000000000004 2.2 0 0 0 0 0 0 0 0 0 0 0 0 0 
 7.800000000000001 11.200000000000001 10.200000000000001 10.600000000000001 30.200000000000003 5.6000000000000005 18.8 9 13 22.8 30.6 7.800000000000001 63.800000000000004 13.200000000000001 35 46.6 8.200000000000001 9.8 24 0 0 0.2 0.2 0 0 0 0.2 0.4 0 0 0.6000000000000001 0 0 0 0 0.4 1.6 0 0.8 0 0 0.4 0 0 0.6000000000000001 0 0 0 0 0 0 0 0 0.6000000000000001 0 0 0 2.4000000000000004 0.4 0 0 0 0 1.2000000000000002 0 0 0 0.6000000000000001 0.6000000000000001 0 0.6000000000000001 1.4000000000000001 0 0 0 0 0.4 0 0 0.4 2.6 0 0 0 0 0 3.8000000000000003 4.6000000000000005 2.8000000000000003 2.8000000000000003 0 0 5.2 0 0.8 0 0 2.8000000000000003 0 1.8 0 0 0 0 0 0 0 3.8000000000000003 0 0 0 0.2 0 0 0 0 0 0 0 0 0 0 0 0 0 0 0 0 0 0 0 0 0 0 0 0 0 0 0 0 0 0 0 0 0 0.2 0 0 0 0 0 0 0 0 2.4000000000000004 0 0 0 0 0 5.800000000000001 7 0 0 0 0 1.6 0.2 3.6 0 0 1 8.6 0 6 0.2 2 2.4000000000000004 4.800000000000001 0 0 0 2.2 0 0 0 0 0 0 0 0 0 0 0 0.2 0 0 0 0 0 0 0.2 0.2 0 0 0.4 0 0 0 0 0 0 0 0 0 0 0 0 0 0 0 0 0 0 0 0.2 0 0 0 0 0.2 0 0 0 0 0 0 0 0 0 0 0 0 0 0 0 0 0 0 0 0.6000000000000001 0 0 0 0 0 0 0 0 0 0 2 0 0 0 0 0 0 0 0 0 0 0 0 0 0 0 0 0 0 0 0 0 0 0 0 0 0 0 0 
 0.2 0 0 0 27.400000000000002 15.4 0 0 1 0 0 13.8 0 0 0 0 0 0 0 0 0 33.2 31 24.6 31.200000000000003 7 28.400000000000002 71 37 23.400000000000002 5.4 95 6.4 23.6 23.8 41.800000000000004 31.8 11.200000000000001 45.2 22.6 0.6000000000000001 0 0 0.4 0.6000000000000001 0 0.4 0 0 0.2 0.6000000000000001 0.4 0 0 0.2 0.4 22.8 0 2.6 0.6000000000000001 0 0 0.6000000000000001 0.6000000000000001 0 0.4 0 0.4 0 0 10.8 0.2 0 0.2 0 0 0 0 0 0 0 0 0 0 4.6000000000000005 2.2 0 0 0 0 1.2000000000000002 0 0 0 0 0 0 0 0.4 0 0.4 7 8.4 3.6 0.4 0 2.4000000000000004 0 6.6000000000000005 0 1.4000000000000001 0 0.2 2.2 0 2.6 8.200000000000001 1.4000000000000001 0 0 1.8 0 0 0 0.4 0 0 0 0 0 0 0 0.4 0 0 1.8 0 0 1.4000000000000001 2.4000000000000004 0 0 0 0 0 0 0 0.6000000000000001 0 0 0 0 0 0 0 0 0.2 0 0 0 0 0 0 0.2 0 0 0 0 0.2 0 0 0 0.2 0 0 0 0 0 0 0 0.4 0.2 5.6000000000000005 0.2 0 0 4.800000000000001 8 2.6 7.4 3 7.800000000000001 0 6.2 8 4.4 5.800000000000001 3 2.2 0 0 0 0 0 0 0 0 0 0 0 0.2 0 0 0 0 0.4 0 0 2.6 0 0 0 0 0 0 0 0 0 0 0 0 0 0 0 0 0 0 0 0 0 0 0 0 0 0 0 0 0 0 0 0 0 0 0 3.2 0.4 0 0 0 0.4 0 0 0 0 0 0 0 0 0 0 0 0.2 0 0 0 0 0 0 0 3 0 0 0 0 0 0 0.2 0 0 0 
 0.4 0.4 0 1 15.4 0.2 0 0.2 0 0 0 15 0 17.8 0 0 0.2 0 0.2 0.2 33.2 0 42 15.600000000000001 11.200000000000001 29.8 12.600000000000001 21.200000000000003 23.400000000000002 15.600000000000001 21.200000000000003 95.2 71 9.200000000000001 8 31.400000000000002 25.400000000000002 24.8 17.8 27.6 0.6000000000000001 0.2 0 0.8 1 0.4 0.4 0 0 13.4 0.6000000000000001 0.4 12 0 0.2 0.4 0 0 29 1.2000000000000002 0.4 0 0.6000000000000001 0.6000000000000001 0.4 0.2 0 0.4 0 0 6.2 0.2 11.200000000000001 0.2 0 1 0.4 0 0.8 0.2 0 0 0 0 0 4 0 0 0 0 0 0 0 0 0 0 0 0 0 0 1.8 0 0.2 2.2 2.2 0 2.4000000000000004 2.2 0 5.6000000000000005 4.800000000000001 4.800000000000001 2 4.2 2.2 0 0.2 3.2 0 1.6 1 0 0 0 0 0 0 0 0 0 0 0 0 0 0 0 0 0 0 0 0 2 0 0 0 0 0.2 0 0 0 0 0 0 0 5 0 0 1.2000000000000002 0 0 1.2000000000000002 0 0 0 0 2.4000000000000004 0.2 0 0.2 0 0 0 4.6000000000000005 0 0 0 0 0.2 0 0 2 0 3.2 9.200000000000001 0.2 7.2 5 4.6000000000000005 0.2 2.4000000000000004 4 0.2 2.6 3.2 5.800000000000001 2.8000000000000003 9 3.4000000000000004 0 2.2 4 0 0 0 0 0.2 0 0.4 0 0 0.2 0 0 0 0 0 0 0 0 0 0 0 0.2 0 0 0 0 0 0 0 0 0 0 0 0 0 1.6 0 0 0.4 0 0 0 0 0 0.4 0 0 0 0 0 0 0 0 0.6000000000000001 0 0 0.2 0 0.4 0 0 0 0 0 0 0 0 0 0 0 0 0 0 0 0 0 0 0 0 0 0 0 0 0.2 0 0 0 0 0 
 1.4000000000000001 0 0.8 1.2000000000000002 15.200000000000001 0 8.4 0 0 0 0 0 1.2000000000000002 0.2 0 0 0 14.600000000000001 0 0.2 31 42 0 37.4 27.8 6.4 36.6 23.400000000000002 42 91.4 29.400000000000002 26 29 58.400000000000006 28.6 27.6 23.8 24.400000000000002 26.6 50.6 0.6000000000000001 0 0 0.4 0.6000000000000001 0 0.4 0 0 0.4 0.6000000000000001 0.4 0 0 0 0.4 0 0 0 12.8 0 0 0.6000000000000001 0.6000000000000001 0 0.4 0 0.4 0 0 0 0 0 0 0.2 0 0 0 0 1.6 0 0 0 0 0 0 0 0 0 0 0 0 0 0 0 0 0 0 0 0 1.8 0.2 3.6 7.2 1.6 1.6 0 0 9 3.8000000000000003 3.8000000000000003 2.8000000000000003 0 2.4000000000000004 4.4 5.800000000000001 6.6000000000000005 9 2.8000000000000003 3.2 2 0 0.2 0 0 0 0 0 0.4 0.4 0 0 4.800000000000001 0 0 0 0 0 4 1.4000000000000001 0 0 0 0.2 0 0 0 0 0 0 0 0 0 1.4000000000000001 0 0 0 0 0 0.4 0 0 0 0 0 0 0 0 0 0.2 1.8 0 0 0 0 0.6000000000000001 0 0 0 0 0 3.4000000000000004 0 3 2.4000000000000004 2.8000000000000003 2.4000000000000004 0 5.4 6.4 0 1.8 5.6000000000000005 1 5 2 0.4 0 2.4000000000000004 0 0 0 2 0 0 0 1.8 0 0 0 0 0 0 8.200000000000001 1.6 0.6000000000000001 0 0 5.2 0 0 0 0 3 0 0 0 0 0 0 0 0 0 0 0 0 0 0 0.4 0 0 0 0.2 0 0 0 0 0 0 0 0 0 0 0 2 0 0 7.4 16 0 0.2 0 0 0 0 0 3 0 0 0 0 0 0 0 0 0 0 0 0 2.4000000000000004 0 1.4000000000000001 0 0 0 4 6.2 0 0 0 
 0 0 0.4 0 0 0 0.4 0.4 0 0 0 42 0 0 0 0 0 0 0 0 24.6 15.600000000000001 37.4 0 39.400000000000006 39.2 24.200000000000003 42.800000000000004 43.800000000000004 64 54 65 16.2 16 13.200000000000001 55 70.60000000000001 9 15.4 11.4 0.6000000000000001 0 0 0.2 0.6000000000000001 0 0.4 0 0 0.4 0.6000000000000001 0.4 12.600000000000001 0 0.2 0.4 2.2 0.4 7.2 4.4 0 0 0.6000000000000001 0.6000000000000001 0 0.6000000000000001 0 0.4 0 0 0 0.4 0 0 0 0 0 0 0 0 0 0 0 0 0 0 0 0 0 0 0 0 0 0 0 0 0 0 0 0 2.6 2.6 2.6 4 3.4000000000000004 0 0 0 9.200000000000001 0.6000000000000001 0 4 0 4 0 5.800000000000001 4 6.800000000000001 0 2.8000000000000003 12.4 0 0 0 0 0 0 0 0 0 0 0 3.6 0 0 1 0 0 0 3.6 0 0 0 0 0 0 0 0 1.4000000000000001 0 0 2.8000000000000003 0.2 0 0 0 0 0 0 0 0 0 0 0 0 0 0 0 0 0 0 0 0 0 0 0.4 0 0 0 0 0 2.8000000000000003 4.6000000000000005 1.4000000000000001 4 0 0 0 14 4.2 1.8 7.6000000000000005 0 0 0 4.800000000000001 0 5.2 0 0.2 0 0 0 0 0 0 0 0.8 0 1.4000000000000001 0 0 8.4 2.4000000000000004 1 1.8 0 0 6.800000000000001 0 0 0 0 0 0 0 0 0 0 0 0 0 0 0 0 0 0 0 0 0 0 0 0 0 0 0 0 0 0 0 0 0 0 0 1.4000000000000001 0 0.4 17 15 0.4 0 2.6 0 0 0 0 0 0 0 0 0 0 0 0 0 0 0 0 0 0 0 0 0 0 0 3.2 0 0 0 0 
 0 0 0 1 1.6 0 0 0.8 0 0 0 0 21.8 0 0 0 0 0.4 0 0 31.200000000000003 11.200000000000001 27.8 39.400000000000006 0 64.8 9.600000000000001 17.8 33.6 33.800000000000004 18.400000000000002 13.8 21.8 42.400000000000006 12.200000000000001 32.6 72.2 6.4 61.2 31.8 1.2000000000000002 12.200000000000001 0 0.6000000000000001 1.2000000000000002 3 12.8 0 0 0.2 0.6000000000000001 0.8 0.4 0.4 3.6 13.200000000000001 3 0 0.6000000000000001 5.6000000000000005 0 0 0.8 0.6000000000000001 0 1 0.6000000000000001 0.4 0 0.6000000000000001 0 0 0 0.6000000000000001 0.8 0.2 0 0 0.4 2 0 0 0.2 0 0.2 0 0 0 0 0 0 0 0.2 0 0 0 0 0 6.6000000000000005 0 0 0.8 0 1.8 4.800000000000001 2.2 0 0 4.4 4.2 0.2 2.6 0 0 3.8000000000000003 0 3.2 2 0 0 4.4 4.2 0 0 0 0 2.6 0 4.6000000000000005 0 0 0 3.6 2.8000000000000003 1.8 0.8 0 8.6 4.6000000000000005 2.2 0 0 0 0 0 0 0 0 0 0 0 0 0 0 0 0 0 0.2 0 0 0 0 0 1.4000000000000001 0 0.2 0 0 0 0 0.2 0 0 0 0 0 0 0 0 0 2 0 5.2 2 1.6 7.2 2.8000000000000003 0 0 4.4 0.4 3.2 0.4 2.4000000000000004 2.4000000000000004 2.2 1.8 6.4 0.2 2.6 1.2000000000000002 1.4000000000000001 1.8 0 0 0 2.2 0 3.2 2 0 0 4.2 2 5.4 2.6 3 2 0 2.4000000000000004 0 0 0 0 0 0 0 0 0 0 0 0 0 0 0 0 0 0.4 0 0 0 0 0 0 0 0.2 0 0 0 0 0 0 0 0.2 2.8000000000000003 0 0 0.4 16.8 0 0.4 0 0.6000000000000001 0 0 0 0 0 0 0 0 0 0 0 0 0 0 0.4 0 0 0 0 0 0 0 0 0 0 0 0 
 0 0.4 0 0 0 0 0.8 0 0 0.2 0 0 0 0.4 0 0 0 0 0 0 7 29.8 6.4 39.2 64.8 0 7.2 83 23.400000000000002 68.2 116.2 56.6 9.8 54.2 21.8 30 114.4 53.800000000000004 10.600000000000001 25.6 11.4 18.8 0.2 0.4 0.6000000000000001 0 0.4 13.200000000000001 0 0.2 0.6000000000000001 0.4 12.4 11.200000000000001 0 9.200000000000001 2 12.4 13.200000000000001 0.6000000000000001 0 0 0.6000000000000001 1.2000000000000002 0 0.4 0.4 0.4 0 0 0 0.4 0 0.2 0.2 0 0 0 0 0.2 0.2 0 0 0 0 0 0 0 0 0 0 0 0 0 0 0 0 0 0.6000000000000001 0 0.2 5 0 1.8 4 4 0 0 5.800000000000001 2.2 0 0.2 0 2.2 0.2 0 9.200000000000001 0 0 0 7.4 5.2 0 0 0 0 6 6.4 4 0 0 0 0.4 3.8000000000000003 2 2.8000000000000003 0 1.8 5.4 2.8000000000000003 0 0 0 0 0 0 0 0 1 0 0 0 0 0 0 0 0 0.6000000000000001 0 0 0.2 0 0 0.4 0 1 0 0 0 0.8 0 0 0 1.8 0 0 0 0 0 0 1.8 0 4.4 2.2 1.8 4.6000000000000005 0 0 0 1 0 6.6000000000000005 0 7.800000000000001 0 0 0 7.4 0 2.2 2 0 0 0 0 0 3.2 1.6 1.6 0.4 0.2 4 4 0 2.8000000000000003 2.2 0 5.4 0.4 5 0 0 0 0 0 0 0 0 0 0 0 0 0 0 2.2 3.2 0 0 0 0 0 0 0 0 0 0 0 0 0 0 0 0 0 0 4.800000000000001 0.2 0.2 15.200000000000001 0 1 0 0.2 0 0 0 0 0 0 0 0 0 0.4 0 0 0 0 0 0 0 0 0 0 0 0 0 2.2 0 0 0 0 
 0 0 0 15 19 12.8 0 0.4 0 0 14.600000000000001 31.6 0 0 0 15 0 0 0 0.2 28.400000000000002 12.600000000000001 36.6 24.200000000000003 9.600000000000001 7.2 0 13.600000000000001 40.6 20.6 6.6000000000000005 5.800000000000001 12.4 42 7.4 57.6 52.400000000000006 38.400000000000006 59.400000000000006 8.8 0.6000000000000001 0 0.2 0.4 0.6000000000000001 0 0.4 0 0 0.2 13.200000000000001 0.4 0 0 0.4 0.4 0 0 12.4 1.6 0 0 0.6000000000000001 0.6000000000000001 0 0.2 0 0.4 0 0 6 0.2 0 0.2 0 0 0 0 0 0 0 0 0 0 0 4.2 0 0 0 0 0 0 0 0 0 0 0 0 0 0 3 9 0.4 1.8 1 0 0 0.2 5 0 0 0 5.6000000000000005 3.8000000000000003 0.8 8.200000000000001 7.6000000000000005 3.4000000000000004 3 3.2 0 0 0 0 0 0 0 0 0 0 0 0 0 0 0 1.8 0 0 0 2.8000000000000003 0 0 0 0 0 0 0 0 0 0 1 0 0 0 0 0 0 0 0 0 0 0 0 2.4000000000000004 0 4 0.2 0 0 0 0 7 2 0 0 0 0 1.2000000000000002 0.4 0 1.8 6.800000000000001 1.8 1.8 0 0 3.2 5.2 7.800000000000001 6.6000000000000005 1.2000000000000002 5.800000000000001 2.4000000000000004 0.2 6 1.8 4 0 3.8000000000000003 2.6 0 0 0 0 0 0 0.4 0 0 0 0 0 0 0 0 0 0 0 4 0 0 0 0 3.4000000000000004 0 0 0 0 0 0 0 0 0 0 0 0 0 0 0 0 0 0 0 0 0 0 13.200000000000001 0 0 0 0 0 0 0 1.4000000000000001 0 0 0 0.2 0.4 0.4 0 0 0 0 0 0 0 0 0 0 0 0 0 0 0 0 0 0 2.6 0 0.2 0 0 0 0 0.2 0 0 0 
 1.2000000000000002 0 0.4 13.4 0 0.4 0 0 0 0.8 12.8 0.2 0 0.2 0 0 0.4 0 0 0.4 71 21.200000000000003 23.400000000000002 42.800000000000004 17.8 83 13.600000000000001 0 31.8 32.4 12.600000000000001 38.400000000000006 77.60000000000001 18.2 13.600000000000001 13 30.400000000000002 68 16 13.600000000000001 0.6000000000000001 0 0 0.2 0.6000000000000001 0 0.4 0 0 0.4 0.6000000000000001 0.4 13.600000000000001 0 0.2 0.4 0 0 17.400000000000002 0.6000000000000001 0 1 0.6000000000000001 0.6000000000000001 0 1.2000000000000002 0 0.4 0 0 0 0.4 0 0 0 0.8 0 0 0 0 0 0.2 0 0 1.4000000000000001 0 0 0 0 0 4.4 0 0 0 0 0 0 0 0 0 4.4 7.6000000000000005 3.2 4.2 0 4.6000000000000005 0 3.6 2.6 0.2 5 4.4 0 5.6000000000000005 3.4000000000000004 2.2 0 0 2.6 4.4 0 0 0 0 0 0 0 0 0 0 0 0 0 0 0 0 0 0 0.2 0 0 0 0 0 0.4 0 0 0 2.2 0 0.2 0 0 0 0 0 0 0 0 0 0 0 0 0 0 3.2 0.6000000000000001 0 0 1.2000000000000002 0 0 0 1 0 0 0 0 0 0 1.8 0 9.600000000000001 0.4 6.6000000000000005 6.6000000000000005 3.6 0 0 4.4 4.4 2.4000000000000004 4.6000000000000005 8 2.2 6.800000000000001 3.6 5.2 0 0 0 0 0 0 0 0 0 0 0 2 0 0 2.8000000000000003 0 0 0 0 0 6.2 0 0.4 0 0 0 0 0 0 0 0 0 0 0 0 0 0 0 0 0 0 0 0 0 1.8 0 0 0 0 0 0 4.6000000000000005 0 0 0 0.2 5.6000000000000005 0 0.2 9.600000000000001 0.2 0 0.8 3 0 0 0 0 0 0 0 0 0 0 0 0 0 0 0 0 0 0 0 0 0 0 0 2.8000000000000003 0 0 0 0 
 0 0 0 1.4000000000000001 13.8 0.2 0 0 0.4 0 0 0 0 0 0 0.4 0 0.4 0 0 37 23.400000000000002 42 43.800000000000004 33.6 23.400000000000002 40.6 31.8 0 73.60000000000001 7.4 62.2 36 63.800000000000004 15.8 75.2 33.2 25.8 52.400000000000006 14 0.8 0 0.2 0.2 1.2000000000000002 0.2 0.8 0.4 1 1.2000000000000002 1.4000000000000001 0.8 0 0.2 0.6000000000000001 0.4 0 0.4 0.2 1 0 0 0.6000000000000001 1.2000000000000002 0.6000000000000001 0.6000000000000001 0 0.4 0.4 0.2 0 0.2 0 1.2000000000000002 0 0 0.4 0 0 0.4 0 0 0 0 0 0 0 0 0 0 0 0.4 0 0 0.2 0.2 0 1 0 0 3.6 3.4000000000000004 7.4 8.8 3.6 2 0 5 8.200000000000001 1.4000000000000001 2.2 0 2.4000000000000004 7 4 12.4 7 11.200000000000001 2.4000000000000004 2.6 0 0 0 0 0 0 0 0 0 0 0 0.2 2.4000000000000004 0 0 0 0 0 0 1.6 0 0 0 0 0 0 0 0 4.6000000000000005 0 0 0 0.6000000000000001 0 0 0 0 0 0 0 0 0 0 0 0 3 0.8 0 0 0.4 0 0 0 1.6 0 0 0 0 0 0 0 6.2 0 1.4000000000000001 2.6 2.4000000000000004 2.4000000000000004 2.2 5.4 10.200000000000001 2 8 0 5.6000000000000005 2.6 5.2 2.2 3.2 2.4000000000000004 2.4000000000000004 0 0 0 0 0 0 0 0 0 0 0 0 0 0 0 0 0.2 0 6.800000000000001 0 0 0 0 0 0 0.4 0 0 0 0 0 0 0 0 0 0 0 0 0 0 0 0 0 0 0 0 0 0 0 0 0 0.4 0 0 3 0 0 0.2 0.2 0.4 0 0 0 0 0 0 0 0 0 0 0 0 0 0 0.4 0 0 0 0 2.8000000000000003 0 0 0 0 0 1.8 0 0 0 0 
 0 0 0.4 0 0 0 14.200000000000001 0 0 0 0 0 0 0.2 0 0.2 0 0 0 0 23.400000000000002 15.600000000000001 91.4 64 33.800000000000004 68.2 20.6 32.4 73.60000000000001 0 80.80000000000001 161 17.400000000000002 84 18.6 32.6 14.8 17.6 19.8 20.200000000000003 0.6000000000000001 1 0 0.8 0.6000000000000001 0 16.6 0 0 0.4 0.6000000000000001 0.4 12.4 0 14.200000000000001 0.4 0 0 1 16.8 0 0 0.6000000000000001 0.6000000000000001 0 0.4 0 0.4 0 0 0 0.4 0 0 0 0 0 0 0 0 0 0 0 0 0 0 0 0 0 0 0 0 0 0 0 0 0 0 0 0 0 5 4.6000000000000005 2.6 0 5.2 0 4.800000000000001 2 0 7 5.4 0 4.6000000000000005 0 4 3.8000000000000003 4.2 0 0 1.6 1.4000000000000001 0.4 0 0 0 0 0 0.4 0.2 0 0 2.6 2 1.8 0 0 10.8 1.4000000000000001 2 0 0 1 0 0 0 0 0 0.8 0 0 2 0 4.800000000000001 0 0 0 0 0 0 1.4000000000000001 0 0 0 0 1 1 0 0 0.4 0 0 0 1.6 0 0 0 0 0 0 2.6 3 0 0 2.4000000000000004 4.2 0 0 3.6 9 1.8 2.4000000000000004 3.6 6 0 4.6000000000000005 3 3 2.6 0 2.4000000000000004 3.4000000000000004 0 0 0 0 0 3.4000000000000004 1.6 0 0 0 2.6 5 0 0 0 0 10.600000000000001 0 0 0 0 0.2 0 0 0 0 0 0 0 0 0 0 2.2 0 1.8 0 0 0 0 0 2 0 0 0 0 0 0 0 0 0 0 0 2.4000000000000004 0 0 0.2 15 0.4 0 3 0 0 0 0 0 0 0 0 0 0 0 0 0 0 0 0 0 0 0 2.6 0 0 0 0 0 0 0 0 
 0.6000000000000001 0.6000000000000001 0.6000000000000001 0.6000000000000001 0.6000000000000001 0.6000000000000001 0.6000000000000001 0.6000000000000001 0.6000000000000001 2 0.6000000000000001 0.6000000000000001 0.6000000000000001 1.2000000000000002 0.6000000000000001 0.6000000000000001 0.6000000000000001 0.6000000000000001 1 0.6000000000000001 5.4 21.200000000000003 29.400000000000002 54 18.400000000000002 116.2 6.6000000000000005 12.600000000000001 7.4 80.80000000000001 0 28.6 51.400000000000006 8.6 13.8 106.80000000000001 22.8 20 49 14.200000000000001 6 13 0 0.2 0.6000000000000001 0 29.200000000000003 0 0 0.4 0.6000000000000001 0.4 0 0 2.8000000000000003 1.2000000000000002 0 0 0 3.4000000000000004 0 0 0.6000000000000001 0.6000000000000001 0 0.6000000000000001 0.6000000000000001 0.4 0 0 0 0 0 0 1.8 0 0 0 0 2.4000000000000004 0 0 0.4 0 0.4 0 0 0 0 0 0 0 0.4 0 0 0 1.2000000000000002 0 0 0 0 0 0 2.6 10.600000000000001 6.6000000000000005 0 0 2 2.8000000000000003 0 3 0 0 0.4 0 4.2 2.4000000000000004 0 0 2 7 1.4000000000000001 0 0 0 2.8000000000000003 1.8 3.8000000000000003 0.4 4.2 0 6.2 0 5.2 3.6 0 2.8000000000000003 11.8 4.4 0 0 7.4 0 0 0 0 0 0 0 0 0 0.2 0 0 0 0 0 0 0 0 0 0 0 0 0 0 0 0 1 3.2 0 8.8 1.2000000000000002 0 0 0 0 0 0 0 0 0 0.2 1.6 2.6 0.2 0 0 2.8000000000000003 4 0 0 0 0 0.4 0 2.8000000000000003 0 0 4.4 1.2000000000000002 4 0 0 0 10.8 4 2.4000000000000004 3.2 0 0 1.4000000000000001 2.6 0.2 1.4000000000000001 0 2.2 11.4 5 0 0.4 0 0 0 0 0 0 0 0 1 0 0 0 3.2 0 0 0 0 0 0 0 0 0 0 0 0 0 0 0 0 0 0 0 1.4000000000000001 0.2 0.4 0.4 0 0.4 0.6000000000000001 0 0 0 0 0 0 0 0 0 0 0 0 0 0 0 0 0 0 0 0 0 0.6000000000000001 0 0 0 0 0 0 0 
