 0 22.6 32.6 47.800000000000004 17.400000000000002 6.2 39.2 8.4 9 68.4 4.4 9.8 12.4 27.200000000000003 11.8 29.6 10 3.8000000000000003 7.4 80.4 0.4 0.6000000000000001 0 0.4 0 1 0.6000000000000001 0.4 0.4 0.4 0.4 0.6000000000000001 0.2 0.4 0.8 0.4 0.4 0 0 0.4 0 0 0.6000000000000001 0 0.2 0 0 0 0.6000000000000001 0 10.600000000000001 0.4 0 0.4 0 0 0.6000000000000001 0.8 0 0.6000000000000001 0.6000000000000001 0 0 0 0 0 0 0 0 0 0 2.4000000000000004 0.4 0 0 0.6000000000000001 0 0.6000000000000001 0 0 2.4000000000000004 6.800000000000001 2.4000000000000004 1.2000000000000002 1.6 0 3.4000000000000004 2.6 3.2 0 3.8000000000000003 0 0 4 0.2 4.6000000000000005 6.800000000000001 2.2 5.4 3.6 0 0 0 0 0.4 0 0 0 1.4000000000000001 0 0 0 0 0 0 0 0 0 0 0 0 0 0 0 0 0 0 0 0 0 0 0 0 0 0 0 0 0.4 0 0 0 0.2 0 0 0 0 0 0 0 0 0 0 2.2 0 0 0 2.6 0 0 0 0 10.4 0 1.8 3.6 0 0 9.4 3.6 0 0 0 0 5.4 0 0 0 0 6.800000000000001 0 0 0 0 0 0 0 0 0 0 0.4 0 0 0 0 0 0 0 0 0 0 0 0 0 0 0 0 0 0 0 0 0 0 0 0 0 0 0 0 0 0 0 0 0 0 0 0 1.6 0 0 0 0 0 0 0 0 0 0 0 2 0 0 0 0 0 0 0 0 0.2 0.6000000000000001 0.4 0 0.8 1.8 0 0.4 0 0 0 0 0 0 0 0 0 0 0 0 0 0 0 0 0 0 0 0 0 0 0 0 0 0 0 0 0 0 0 0 0 0 0 
 22.6 0 37 31.400000000000002 26.8 21.400000000000002 24.200000000000003 36.6 25.400000000000002 49.400000000000006 4 102.2 11 12 37.6 44.6 25.200000000000003 25.200000000000003 48 20.6 0.6000000000000001 0 0 0.4 0 0.8 0.6000000000000001 0 0 1 0.6000000000000001 1 1.2000000000000002 0 0.4 0 0 0.6000000000000001 0 0.6000000000000001 0 0.4 0.6000000000000001 0 0 0 0 1.8 1 0 0.8 0 0 0.6000000000000001 0.6000000000000001 0 2 0.4 15.8 0.2 1.2000000000000002 0.6000000000000001 0 0 0 0 0 0 0 0 0.4 0 0.4 0.6000000000000001 0 0.4 0 0.6000000000000001 0 0 3.4000000000000004 0 6.6000000000000005 2.8000000000000003 0.2 2 0.2 1.8 2.4000000000000004 3.6 16.400000000000002 1.4000000000000001 0 2.8000000000000003 6.2 4 7.2 8.8 3.6 0.2 3.4000000000000004 0 0 0 0.4 0 0 3 0 0 0 0 0 0 0 0 0 0 0 1.6 0 0 0 0 0 0 0 0 0 0 0 0 0 0 0 0.2 0 0.4 0 0 0 0.2 0 0 0 0 0 0 2.6 0.8 0 0 0 0 0 0 0 0 0 0 2.4000000000000004 0 3.2 1.8 2.8000000000000003 0 0 5.4 1.8 7.6000000000000005 3 5.6000000000000005 0 3 1.8 2.6 13.4 2.8000000000000003 0 0 0 0 0 0 0 0 0 0 0 0 0 0 3 0 0 0 0 0 2.6 0 0 0 0 0 0 0 0 0 0 0.2 0 0 0 0 0 0 2.8000000000000003 0 0 0 0 0 0 0 0 0 0 0 0 0 0 0 0 2.4000000000000004 0 0 0 0 0 0 0 0 0 0 0 0.4 0.2 0 0.4 18.2 0 1 0 0 0 0 0 0 0 0 0 0 0 0 0 0 0 0 0 0 0 0 0 0 0 0 1.4000000000000001 0 0 0 0 0 0 0 0 0 0 0 0 0 
 32.6 37 0 63.400000000000006 13 7.2 69.8 72 35.2 47.2 12.200000000000001 17.400000000000002 27 27.400000000000002 32.2 9 27.400000000000002 54.400000000000006 51.6 39.400000000000006 0 0 0 0.4 0.2 1.4000000000000001 0.6000000000000001 14.8 0 0.4 0 1 1 0 0.4 0.4 0 0 41.400000000000006 0 0 0 0.6000000000000001 0 0 0 0 0 0.4 0 1 0 0 0.6000000000000001 13.200000000000001 0 0.6000000000000001 0.4 0 0.2 0.6000000000000001 0 0 0.6000000000000001 0 0 0 0 0 0 0.4 0 0 0 0 0 0 0.6000000000000001 0 0 11.200000000000001 5.6000000000000005 2.4000000000000004 0 0.2 1 3.4000000000000004 4 2.4000000000000004 1.4000000000000001 3.6 2 6.4 5 3 7.800000000000001 7.2 2.2 1.8 0 0 0 0 0 0 0 0 0 0 0 0 0 0 0 0 0 0 0 0 0 0 0 0 0 0 0 0 0 0 0 0 0 0.4 0 0 0 0 0 0 0 0 0 0 0 0 0 0 0 0 0 0 0 0 0 0 0 0 0 0 0 5.2 3.4000000000000004 4.6000000000000005 0.2 4 0 1.4000000000000001 6.4 6.800000000000001 0 0.8 0 5.6000000000000005 6.6000000000000005 3.4000000000000004 4 0 2.6 0 4 0 0 0 0 0 0 0 0.2 0 0 0 0 0 0.4 0 0 0 0 0 0 0.4 0 0 0 0 0 0 0 0 0 0 0 0 0 0 0 0 0 0 0 0 0 0 0.2 0 0 0 0 0 0 0 0 0 0 0 0 0 0 0 0 0 0 0 0 0 0.2 9.4 0 0.8 0 0 0 0 0 0.2 0 0 0.2 0 0 0 0 0 0 0 0 0 0 0 0 0 0 0 0 0 0 1.4000000000000001 0 0 0 0 0 0 0 0 0 0 0 0 0 
 47.800000000000004 31.400000000000002 63.400000000000006 0 33.2 7.6000000000000005 52.2 10 15.4 29.8 25 80.60000000000001 11 32.6 16 25 25.200000000000003 24.400000000000002 44.400000000000006 31.400000000000002 15 0 0 0.4 0.6000000000000001 0.6000000000000001 15.8 0.4 0.2 0.4 0.4 0.6000000000000001 0.6000000000000001 0 0.4 0 0.4 0 2.4000000000000004 15.200000000000001 0 0 0.6000000000000001 0 0 0 0 0 0.6000000000000001 0.6000000000000001 1 0 0 1 0.4 0 14.4 0.6000000000000001 0 0.6000000000000001 0.4 0 0 0 0 0 0 0 0 0 0.4 1.2000000000000002 1.2000000000000002 0.2 0 0.6000000000000001 0 1 0 0 0 2.6 2.2 8.8 0 3 10.4 4 1.2000000000000002 4 8.8 3 3 3.8000000000000003 0 3 8.6 7.4 2.8000000000000003 0 1.4000000000000001 0 0 0 0 0 0 0 1.4000000000000001 0 0 0 0 1 0 0 0 2.8000000000000003 0 0 0 0 0 0 0 0 0 0 0 3.6 0 0 0 0 0 0 0 0 0 0 0 0 0 0 0 0 0 0 1.8 0.4 0 0 0 0 0 0 0 0 0 0 0 4 1.8 2.2 5.2 0 1.6 1.6 3.6 3.6 2.6 2.6 5.2 0 0 4.4 0 0 0 3.8000000000000003 0 0 0 0 0 0 0 2.4000000000000004 2 0 0 0 7.4 1.6 0 0 0 2.2 0 5.6000000000000005 0 0 0 0 0 0 0 0 0 0 0 0 0 0 0 0 0 0 0 0 0 0 0 0 0 0 0 0 0 0 0 0 0 0 0 0 0 0 0 0 0 0.6000000000000001 0 0 0 1.2000000000000002 18.6 0 8.8 17.8 1.4000000000000001 0 4.2 0 0 0 0 0 0 0 0 0 1.6 0 0 0 0 0 0 0 0 0 0 0 0 0 0 0 0 0 0 0 0 0 0 0 0 0 0 0 
 17.400000000000002 26.8 13 33.2 0 31.8 23 14 18 36.4 18 16.6 12.600000000000001 10 61.800000000000004 17.2 12.4 25 33.800000000000004 16 14.4 15.200000000000001 0 0.4 0 0.6000000000000001 15 33 15.8 0.4 0 0.6000000000000001 3 0 0.4 14.600000000000001 0 0 29.6 0.2 0 0 0.6000000000000001 0 0 0 0 0 0.4 0 0 0 0 0.6000000000000001 0.2 0 0.6000000000000001 0.4 0 0.2 0.6000000000000001 0 0 0 0 0 0 0 0 0 0 0.6000000000000001 0 0 0.2 0.2 0.6000000000000001 0.6000000000000001 0 0 0 3 1.6 2.8000000000000003 2.2 7 1.6 3.2 3.2 0 0 8.4 0 0 2.8000000000000003 0.2 0.4 0 0 1.4000000000000001 5.800000000000001 0 0 0 0 0 5.2 7.4 1.4000000000000001 0 0 0 4.2 0.2 0 0 0 3.2 4.2 2.2 0 0 0 0 0 0 0 0 0 0 0 0 0 0 0 0 0 0 0.2 0 0 0 0 0 0 0 0 0 0 1.2000000000000002 0 0 0 0 0 0 0 0 0 0 1.2000000000000002 1.4000000000000001 1.8 4.6000000000000005 5.4 3 0 2.2 0 0.8 3 0 0 1.4000000000000001 0.2 0 2.2 0 0 0.4 3.8000000000000003 0.8 6 0 0 0 0 2 8.4 0 0 0 0 0 6.4 2.8000000000000003 3 0.2 6 0 0 0 0 0 0 0 0 0 0 0 0 0.4 0 0 0 0 0 0 0 0 0 0 0 0 0 0 0 0 0 0 0 0 0 0 0 0 0 0 0 0.2 0 0 0 0 0 0.6000000000000001 0 0 0.2 1 1.2000000000000002 0.8 3 0 0 0 0 0 0 0 0 0 0 0 0 0 0 0 0 0 0 0 0 0 0 0 0 0 0 0.2 0 0 0 0 0 0 0 0 0 0.4 
 6.2 21.400000000000002 7.2 7.6000000000000005 31.8 0 48.400000000000006 22.400000000000002 28 11.4 35.2 89.60000000000001 4.4 8 13.8 34.6 28.400000000000002 26.400000000000002 49 9.600000000000001 15 7 0.8 0.8 0 1.4000000000000001 27.400000000000002 0 0.6000000000000001 0.8 0 1.8 15 0 0.8 3.4000000000000004 0 0 29.6 14.8 0.4 0 0.6000000000000001 0 0.4 0 0.6000000000000001 0.8 0.6000000000000001 0.6000000000000001 0.4 0 0 0.4 0.4 0 0.6000000000000001 0.6000000000000001 0.6000000000000001 0.6000000000000001 0.6000000000000001 0.4 0 0 0 0.4 0.4 0.6000000000000001 1 0 0.4 0 0.4 0 0 0.6000000000000001 0 0.6000000000000001 0 0.2 0 0 0 0 3.6 4.800000000000001 0 0 0 2.8000000000000003 0 5.4 0 0 0.4 0 0 3.6 0 0 9.4 0.4 0.4 0 4.800000000000001 0 3.4000000000000004 2.4000000000000004 1.8 2.6 0 0 2.8000000000000003 4 0 0 2.8000000000000003 2.8000000000000003 8.4 9.8 0 0 0.2 0 0 0 0 0 0 0 0 0 0 0 0 0 0 3.4000000000000004 0 0 0 0 0 0 0 0 0 0 0 0 0.2 0 0 0.4 0 0 0 0 0 0 1.2000000000000002 2.6 2.2 0 6.6000000000000005 0 0 0 1.8 1 5.800000000000001 4.6000000000000005 0 0 0.6000000000000001 3.8000000000000003 3.2 2.4000000000000004 0 0 0 4.2 0 0 2.6 0 0 0 2.4000000000000004 4.2 0 0 0 3.6 5.800000000000001 0 0 2 1.6 0 0 0 0 0 0 0 0 0 0 0 0 0 0 0 0 0 0 0 0 0 0.4 0 0 0 0 2.8000000000000003 0 0 0 0 0 0 0 0 0 0 0 0 0 0 0 0 0 0 0 0.4 19 0 10 19 1.4000000000000001 0 0 0 0 0 0 0 0 0 0 0 2.4000000000000004 0 0 0 0 0 0.2 0 0 0 0 0.4 0 4 0 2.4000000000000004 0 0 0 0 0 0 0 0 0 0 0 0 
 39.2 24.200000000000003 69.8 52.2 23 48.400000000000006 0 22.400000000000002 10.4 27.400000000000002 21.6 9.200000000000001 17.2 14.8 9.8 5.6000000000000005 19.6 7.800000000000001 36 64 0.4 0.8 0.8 1.2000000000000002 1.4000000000000001 1.4000000000000001 1.8 0.8 0.2 0.8 0.8 1.6 1.4000000000000001 0 1 1.2000000000000002 0.4 0.4 0.4 0.4 0 0 0.6000000000000001 0 0 0 0 0.4 0.8 0.2 0 0.4 0.2 1 0.6000000000000001 0 1.2000000000000002 1 0 0 0.6000000000000001 0.6000000000000001 0 0.4 0 0.4 0 1 0.4 0 0 3.8000000000000003 0.4 0.4 1.6 0.4 0.4 0.6000000000000001 0.4 0.2 6.4 6.6000000000000005 0.2 0.4 0.6000000000000001 2.2 7 4 2.6 3.6 3.6 0.4 0 0 0.4 8.200000000000001 6.4 0.2 3.6 2.2 0 0 3 0 0 0 0 0 0 0 0 0 0 0 0 0 0 0 0 0 0 0 0 0 0 0 0 1.8 0 0 0 0 0 0 0 0 3 0 0 0 0 0 1.8 0 0 0 0 0 0 0 0 0 0 0 0 0 0 0 0.2 0 0.2 2.6 2.2 1.6 3.6 0 0 0.4 0.8 0 0.2 0 0.8 8 0 0 0 3 6.6000000000000005 0 0 4.4 0.4 0 0 0 0 0 0 0 0 0 0 0 0.4 0 0 0 0 0 0 0 0 0 0 0 0 0 0 0 0.2 0 0 0 0 0 0 0 0 0 0 0 0.2 0 0 0 0 1 0 0 0 0 0 0 0 0 0 0 0 0 0 0 2 0 0 0.4 0.2 0 0 0.2 0 1.8 1.8 0 0 0 0.2 0 0 0 0 0 0 0 0 0 0 0 0 0 0 0 0 0 0 0.4 1.6 0 0 0 0 0 0 0 0 0 0 0 0 0 
 8.4 36.6 72 10 14 22.400000000000002 22.400000000000002 0 39.400000000000006 25.400000000000002 48.6 7.4 102.2 36.6 28.8 24.400000000000002 44 6.4 70.8 71 0 0 0 0.4 0 0.6000000000000001 0.8 0.4 0 0.4 0 0.6000000000000001 0.4 0 14.8 0 0 0 0 0 0 0 0.6000000000000001 0 0 0 0 1.2000000000000002 0.6000000000000001 0 0 0 0 0.6000000000000001 0.2 0 0.6000000000000001 0.4 0 0.4 0.6000000000000001 0 0 0 0 0 0 0 0 0 0 0 0.2 0 0 0.4 0.2 0.6000000000000001 0 0 3.8000000000000003 7 0 3.6 0 0 3.2 5 2.6 0 0 0 4.6000000000000005 5.6000000000000005 4.4 6.800000000000001 7 12.200000000000001 0 0.2 0 0 0 0 0.4 0 0 0 0 4.2 0 0 0 0 0 0 0 0 0.2 0.2 0 0 0 0 0 0 0 0 0 0 0 0 0 0 0 0.2 0 0 0 0 0 0 0 0 0 0 0 0 0 0 0 0 0 0 0 0 0 0 0 0 3.8000000000000003 4.800000000000001 5.800000000000001 0 0 0 0 7.2 7.6000000000000005 0.2 2 0 2 0 5.2 0.4 0 11.200000000000001 2.6 5.6000000000000005 0 0 0 0 0 0 0 0 0 0 0 0 0 0 0 0 0 0 3.6 4.2 0 0 0 0 0 0 0 0 0 0.4 0 0 0 0 0.2 0 0 0 0 0 0 0 0 0 0 0 0 0 0 0 0 0 0 0 0 0 0 0 0 0 0 0 0 0 0 0 19.400000000000002 0 0.4 0.4 0.4 0.2 0 0 0 0 0 0 0 0 0 0 1.2000000000000002 0 0 0 0 0 0 0 0 0 0 0 0 0 10.8 0 0 0 0 0 0 0 0 0 0 0 0 0 
 9 25.400000000000002 35.2 15.4 18 28 10.4 39.400000000000006 0 13.4 29.200000000000003 26.6 60.2 29.6 28.8 46.6 35.4 24.6 32.4 33.2 2 0.6000000000000001 0 0.6000000000000001 0.4 0.6000000000000001 34 0.2 1.6 0.6000000000000001 0 1.2000000000000002 15.8 0 0.4 0.2 0.6000000000000001 0.6000000000000001 0.4 0.2 0 0 1.4000000000000001 0.6000000000000001 0.8 0 0.8 0 0.4 0.6000000000000001 0 0 0 0.6000000000000001 1.2000000000000002 0.2 0.6000000000000001 0.4 0 0.2 1 0 0.4 0 0 0.4 0 0 0 0 0 0 0 0 0 0 0.4 1.2000000000000002 0 0.4 5.4 8 2 1.8 0.8 3.4000000000000004 3.2 5.800000000000001 0 3 0.2 4.6000000000000005 0 7 4.800000000000001 0.2 2 7.4 0 0 10.600000000000001 2.2 0 0 0 0 0 2.8000000000000003 0 0 0 0 3.2 2.2 0 0 0 0 2 0 0 0 0 0 0 0 0 0 0 0 0 0 0 0 0 0 0 0 0 0 0 0 0 0 0 0 0 0 0 0 0.4 0 0 0 0 0 0 0 3 0 2 0 4.2 3.8000000000000003 0 2.2 0 0 5.6000000000000005 2.6 3 9 0.2 2 3 5.4 4.6000000000000005 0 0 0 0 4.4 0 0 0 0.2 0.2 0 0 0 0.2 0 0 0.2 0.4 0 0 0 0 1.8 0 0 0 0 0 0 0 0 0 0 0 0 0 0 0 0 0 0 0 0.2 0 0 0.4 0 0 0.4 0 0 0 0 0 0 0 0 0 0 0 0.4 0 0 0 0 0 0 0 0.2 0.8 0 0.2 0.4 0 0 0 0 0 0 0 0 0 0 0 0 0 0 0 3 0 0 0 0 0 0 0 0 0.2 0 3.4000000000000004 0 0 0 0 0 0 0 0 0 0 0 0 0 
 68.4 49.400000000000006 47.2 29.8 36.4 11.4 27.400000000000002 25.400000000000002 13.4 0 30.400000000000002 9.600000000000001 27.6 27.6 65.8 67.8 71.8 71.60000000000001 56.800000000000004 70.8 0 0 0 0.8 0 0.6000000000000001 15 0.2 0 0.4 0 0.6000000000000001 0.6000000000000001 0 0.4 0 0 0 0 0 0.6000000000000001 0 0.6000000000000001 0 0 0 0 0.6000000000000001 0.6000000000000001 0 0.2 0 0 0.6000000000000001 0 9 0.8 0.4 0 0.4 0.6000000000000001 0 0 0 0 0 0 0 0 0 0 1.2000000000000002 0.2 0 0 0.4 0 0.6000000000000001 0 0 0 5.800000000000001 6.4 3.4000000000000004 1.8 0 10.600000000000001 1.8 12.4 3.6 0 0 5.6000000000000005 4.6000000000000005 2.2 2.8000000000000003 0 3.4000000000000004 0 0 0 0 0 0 0 0 0 0 0 0.2 0 0 0 1.8 0 0 0 0 7.4 1.4000000000000001 0 0 0 0 0 0.2 0 0 0 0 0 0 0 0 0 5.4 0 0 0 0 0 0 0 0 0 0 0 0 0 0 0 0 0 0 0 0 0 0 0.4 0 3.8000000000000003 12.4 0.2 2.2 3.2 0 1.6 0 0 5.800000000000001 4.2 0 5.2 1.4000000000000001 0 3.6 2.4000000000000004 1.6 0 11.200000000000001 0 0.2 0.2 0 0 0 3 0 0 0 0 0 5.800000000000001 0 0.4 0 0 0 3.2 2.4000000000000004 0 0 0 0 0 0 0 0 0 0 0 0 0 0 0 0 0 0 0 0 0 0 0.4 0 0 0.4 0 0 0 0 0 0 0 0 0 0 0.4 0 2.8000000000000003 0 0 0 0 0 0 0.8 34.800000000000004 0 1 0.2 0 6 2.8000000000000003 0 0 0 0 0 0 0 0 0 1.8 0 0 0 0 0 0 0 0 0 0 0 0 0 0 0 0 0 0 0 0 0 0 0 0 0 0 0 
 4.4 4 12.200000000000001 25 18 35.2 21.6 48.6 29.200000000000003 30.400000000000002 0 8.200000000000001 4.4 9.600000000000001 11.4 13.8 16.2 19.400000000000002 9.600000000000001 10.600000000000001 0 0 0.2 1 17 1.6 18.2 15 0 15.200000000000001 0 1 3.8000000000000003 0.4 0.4 0 0.2 0 44.400000000000006 22.200000000000003 0 0 1.2000000000000002 0.6000000000000001 0.6000000000000001 0 0 0.4 0.4 0 1.6 0 0 0.6000000000000001 1.6 0.2 0.6000000000000001 0.8 0 0.2 0.6000000000000001 0.8 0 0 12 1.6 0.4 0 0 0 0 0.2 0 0 0 0 0 0.6000000000000001 0.6000000000000001 0 0 0 3.2 0 6.6000000000000005 8.200000000000001 0 0 2.6 8 3.6 0 0 0 0.6000000000000001 2.4000000000000004 0 1.6 0 0 2.6 2.2 0 0 3 0 7.6000000000000005 5.2 0.6000000000000001 0 0 3 9 7.800000000000001 0 0 0 0 5.6000000000000005 6.4 0 0 0 0 0 0 0 0 0 0 0 0 0 0 0 0 0 0 0 0 0 0 0 0 0 0 0 0 0 0 0.2 0.2 0 0 0 0 0 0 0.8 0 0 2.4000000000000004 0 0 2.2 1.6 0 0 3.4000000000000004 0 0 0.2 0 0 0 0 0.6000000000000001 0 0 0 3 2.4000000000000004 0 0 0 0 2.6 1.6 0.4 2.4000000000000004 0 0 4.800000000000001 2.6 2 0 0 0 3.2 6.800000000000001 0 0 0 0 0 0 0 0 0 0 0 0 0 0 0 0 0 0 0 0 0 0 0 0 0 0 0 0 0 0 0 0 0 0 0 0 0 0 0 0 0 1.8 0 0 0 0 0.4 0 0 0 0 1 0 0 0 0 0 0.2 0 0 0 0 0 0 0 0 0 0 0 0 0 0 0 0 0 2 0 2.2 0 0 0 0 0 0 0 0 0 0 0 0 
 9.8 102.2 17.400000000000002 80.60000000000001 16.6 89.60000000000001 9.200000000000001 7.4 26.6 9.600000000000001 8.200000000000001 0 4.800000000000001 5 10.600000000000001 26.200000000000003 21.400000000000002 33.2 49.6 7.6000000000000005 0.4 0 0 0.4 0 15.200000000000001 19 1.2000000000000002 0 0.4 0 1.6 1.6 0.6000000000000001 1.4000000000000001 0 1.2000000000000002 0.4 0 0 0 0.6000000000000001 0.6000000000000001 0 0 0.4 0 0.4 0.4 0 1.8 0.4 0.4 0.6000000000000001 0.6000000000000001 0 0.6000000000000001 0.4 0 0.2 0.6000000000000001 0 0 0.6000000000000001 0 0.4 0 0.6000000000000001 0.6000000000000001 0.6000000000000001 0 0 0 0 0 0.4 0 1 0 8.6 0 0 2.4000000000000004 2.6 0.2 2.2 2.2 0 2.6 9.4 4.800000000000001 4.2 0 0 2.2 5 5.4 1 0 0.4 0 0 0 0 0 0 0 4.4 0 0 0 0 3.6 4.800000000000001 0 0 0 0 0 2.4000000000000004 0 0 0 0 0 0.2 0 0 0 0 0 0 0 0 0 0 0 0 0 0 0 0 0 0 0 0 0 2.4000000000000004 0 0.4 0 0 0 0 0 0 0 0 0 0 0 0 2.6 7.6000000000000005 3.2 0 0 4.4 0.4 6 4.6000000000000005 1.2000000000000002 0.8 0 0 0.2 2.2 0 0 0 0 0 0 0 0 0 0 0 0.4 0 0 0 0 1.8 0 0 0 3 2.4000000000000004 2.2 0 0 0 0 0 0 0 0 0 0 0 0 0 0 0 0 0 0 0 0 0 0 0 0 0 0 0 0 0 0 0 0 0 0 0 0 0 0 0 0 0 6 0 0 0 0.6000000000000001 0.2 0.8 17 10.200000000000001 0.2 0.4 0 0 0 0 0 0 0 0 0 0 0.2 0 0 0 0 0 0 0.4 0 0.4 0 0 0 0 0 0 0 0 0 0 0 0 0 0 0 0 0 0 
 12.4 11 27 11 12.600000000000001 4.4 17.2 102.2 60.2 27.6 4.4 4.800000000000001 0 76.60000000000001 44.2 12 55 6.2 87 10 0 0 0 0.4 0 0.8 0.6000000000000001 0.2 0 0.4 0 1 0.6000000000000001 0 0.4 0 0 0 0 0 0 0 0.6000000000000001 0 0 0 0 0 0.2 0.2 0 0 0 0.6000000000000001 0.4 0 0.8 0.4 0 0 0.6000000000000001 0 0 0 0 0 0.6000000000000001 0 0 0 0.2 0 0 0 0 0 0 0.8 0.8 0 5.2 7.2 0 0.8 0 0 2.2 8 0 0 0 2 5.4 0 6.4 2.6 3.6 0 0 0 0 0 0 0 0.4 0 0 0 0 0 0 0 0 0 0 0 0 0 0.4 0 0 0 0 0 0 0 0 0 0 0 0 0 0 0 0 0.2 0 0.4 0 0 0 0.2 0 0 0 0 0 0 0 0 0 0 0 0 1 0 0 0 0 0 3.6 0 4 2 0 0 0.2 2.2 4 0 1.4000000000000001 0 2 2.2 11.600000000000001 2 2.2 2.8000000000000003 0 2.4000000000000004 0 0 0 0 0 0 0 0 0 0 0 0 0 0 0 0 0 0 5.2 0 0 0 0 0 0 0 7 0 0 0.2 0 0 0 0 0 1.4000000000000001 0 0 1 0 0 0 0 4.6000000000000005 0 0 2 0 0 0 0 1.2000000000000002 0 0 0 0 0 0 0 0 0 0 0 0 0 0 0.4 0 0.4 0.4 0.4 0.4 0 0 0.2 0 0 0 0 0 0 0 0 0 0 0 0 0 0 0 0 0 0 0 0 0 4.4 0 0 0 0 0 0 0 0 0 0 0 0 0 
 27.200000000000003 12 27.400000000000002 32.6 10 8 14.8 36.6 29.6 27.6 9.600000000000001 5 76.60000000000001 0 80.4 26.6 23.6 3.6 27.200000000000003 39.2 0 0 0.6000000000000001 0.4 0 1.2000000000000002 0.6000000000000001 0.2 0.6000000000000001 0.4 0 1.2000000000000002 0.4 0 0.4 0 0 0 0 0 0.4 0 0.6000000000000001 5 0 0 0.6000000000000001 0 0.6000000000000001 0 0 0 0 0.6000000000000001 0.2 0 0.6000000000000001 6.4 0 0.4 0.6000000000000001 0 0 0 0 0.4 0 0.6000000000000001 0 0 0.4 0 0 0 0 0.2 0 1.2000000000000002 0 0 11.600000000000001 4.4 0 0 4.4 0 2.6 5 6 0 0 0.2 2.4000000000000004 7.6000000000000005 3.8000000000000003 0 4.4 5 3.4000000000000004 7.4 0 0 0 0 0 0 0 0 0 0 0 0 0 0 0 0 0 0 0 1 0 0 2.6 0 0 0 0 0 0 0 0 0 0 0 0 0 0 0 0 0 0 0 0 0 0 0 0 0 2.6 0 0 0 0 0 0 0 0 0 0 0 2.8000000000000003 2.8000000000000003 0.2 0.2 0 0 3.2 4 7.4 0 0 0 2.4000000000000004 5 5.6000000000000005 2.8000000000000003 0 0 2 1.6 0 0 0 0 0 0 0 0 0 0 0 0 3 0 0 0 0 0 0 0 0 0 0 0 0 0 0 0 0 0 0 0 0 0 0 0 0 0 0 0 0 0 0 0 0 0 0 0 0 0 0.4 0 0 0 3.2 0 0 0 0 0 0 0 0 0 0 0.4 11.4 0 0.4 0 0 0.6000000000000001 0 0 0 0 0 0 0 0 0 0 0 0 0 0 0 0 0 0 0 0 0 0 0 0 3.8000000000000003 0 0 0 0 0 0 0 0 0 0 0 0 0 
 11.8 37.6 32.2 16 61.800000000000004 13.8 9.8 28.8 28.8 65.8 11.4 10.600000000000001 44.2 80.4 0 78.4 31 7.6000000000000005 113.2 41 0 0 0 0.4 0.4 0.6000000000000001 0.6000000000000001 0 0 0.4 0 0.4 0.6000000000000001 0 0.6000000000000001 0 0 1 0 0 0 0 0.6000000000000001 24.8 0 0 0 0 0.6000000000000001 0 0 0 0 0.6000000000000001 0.2 0 0.6000000000000001 0.4 0.2 0.4 0.6000000000000001 0 0.6000000000000001 1.6 0.2 0 0 0 0 0 0 0 0.2 0.4 0 1 0.4 1.4000000000000001 0.4 0.6000000000000001 4.6000000000000005 3 4.2 1.6 0 0 2.8000000000000003 2.2 2 2.6 0 2.2 2 5 8 0 0 0 0 3.2 0 0 0 0 0 0 0 0 0 0 0 0.4 0 0 0 0 0 0 2 0 0 0 0 0 0 0 0.2 0 0 0 0 0 0 0 0 0 0 0 0 0 0 0 0 0 0 0 0 0 0 0 0 0 0 0 0 0 0.2 0 0 0 0.2 4.4 0.2 2.8000000000000003 0 0 0 0 0 8.8 0 0 0 0 5.2 3.2 5 8 0 0 0 0 0 0 0 0 3 0 0 0 0 0 0 0 0 0 0 0 3 0 0 0 0 0 0 0 0 0 0 0 0 0 0 0 0 0 0 0 0 1.2000000000000002 0 0 0 0 0.4 0 0 0 0 1.8 0 0 0 0 0 0 0 0 0 0 0 0 0 0 0 0 0.2 0 0.4 0.2 0.2 0.8 0 0 0 0 0 0 0 0 0 0 0 0 0 0 0 0 0 0 0 0 0 0 0 0 0 0 0 0 0 0 0 0 0 0 0 0 0 0 
 29.6 44.6 9 25 17.2 34.6 5.6000000000000005 24.400000000000002 46.6 67.8 13.8 26.200000000000003 12 26.6 78.4 0 69 20.200000000000003 8.8 31.6 0 0 0.2 0.4 0 0.6000000000000001 0.6000000000000001 0 0 0.8 0 1.2000000000000002 0.4 0 0.4 1 0.8 0 0 0 0 0.4 1 0 1 0 0 7.6000000000000005 0.4 0 0 0.4 0.4 1 0.8 0 0.6000000000000001 0.4 0 0.2 0.6000000000000001 6 0 0.2 0 0 0 0 0 0 0 0 0 0 0 0.6000000000000001 0 0.6000000000000001 0 0 0 2.8000000000000003 10.200000000000001 3.2 0 3.2 0 0 3.6 2 5.2 1.4000000000000001 3.6 2.2 0 0 3.2 5.4 2.6 0 3 0 0 0 0 0 0 3.8000000000000003 0 0 0 0 3.8000000000000003 0 0 0 0 0 0 0 0 0 0 0 0 0 0 0 0 0 0 0 0 0 0 0 0 0 0 0 0 0 0 1.6 0 0 0 0 2.8000000000000003 1.6 0 0 0 0 0 0 0 0 0 0 0 5.800000000000001 5 4.800000000000001 0 0 2.4000000000000004 0.4 0 5.6000000000000005 0.6000000000000001 2.8000000000000003 2.6 0 0 9 4.4 4 0 0 0 0 0 0 0 0 0.4 0 0 0 0 0 2 0 0 0 0 0 6 0 0 0 0 0 0 0 0 0 0 0 0 0 0 0 0 0 0 0 0 0 0 0 0 0 0 0 0 0 0 0 0 0 0 0 0 0 0 0 0 0 0 0 0 0 0 0 1.4000000000000001 0 0 17.2 0 0.4 0 0 0 0 0 0 0 0 0 0 1 0 0 0 0 0 0 0 0 0 0 0 0 0 3.8000000000000003 0 0 0 0 0 0 0 0 0 0 0 0 0 
 10 25.200000000000003 27.400000000000002 25.200000000000003 12.4 28.400000000000002 19.6 44 35.4 71.8 16.2 21.400000000000002 55 23.6 31 69 0 30.400000000000002 23.400000000000002 9 0 0 0 0.4 0 0.6000000000000001 15.4 0.4 14.8 0.4 0 0.6000000000000001 0.2 0 0.4 0 0 0.4 0 0 0 0 0.6000000000000001 0 0 0 0 0 0.6000000000000001 0 0 0 0.8 0.4 0.4 0 0.6000000000000001 0.4 0 0.6000000000000001 0.6000000000000001 0 0 0 0 0 0 0 0 0 0 0 0.4 0 0 0.6000000000000001 0 0.6000000000000001 0 0 0.2 7.800000000000001 2.2 4 0.2 4.4 9.600000000000001 0 0 3.8000000000000003 3.8000000000000003 1.6 0 4 0 2.2 6.4 3.6 0 0 2 0 0 0 0 0 0 4.800000000000001 0 0 0 0 0 0 0 0 0 0 2.4000000000000004 0.2 0 0 0 0 0 0 0 0 0 0 2 0 0 0 0 0 0 0 0 0 0 0 0 0 0 0 0 0 0 0 0 0 0 0 0 0 0 0 0 0 3.2 12.200000000000001 7.2 2.8000000000000003 0 0.2 0.8 1.2000000000000002 7.6000000000000005 7 5 2 1.4000000000000001 0 1.2000000000000002 5.800000000000001 7.800000000000001 0.2 0 3.8000000000000003 0 0 0 0 0 0 0.4 0 0 0 0 0 0 0 0 0 0 0 5.4 0 0 0 2.4000000000000004 0 0 0 0 0 0 0 0 0 0 0 0 0 0 0 0 0 0 0 0 0 0 0 0 2.4000000000000004 0 0 0 0 0 0 0 0 0 0 0 0 0 0 0 0 0 0.6000000000000001 35 0 0 1.2000000000000002 0 1 0 0 0 0 0 0 0 0 0 0 1.8 0 0 0 0 0 0 0 0 0 0 0 0 0 0.2 0 0 0 0 0 0 0 0 0 0 0 0 0 
 3.8000000000000003 25.200000000000003 54.400000000000006 24.400000000000002 25 26.400000000000002 7.800000000000001 6.4 24.6 71.60000000000001 19.400000000000002 33.2 6.2 3.6 7.6000000000000005 20.200000000000003 30.400000000000002 0 5.2 4.800000000000001 0 0.4 0 0.4 7.6000000000000005 0.2 0.6000000000000001 0 0.6000000000000001 0.4 0 1 12.600000000000001 0 0.4 0 0.8 0 0.8 0 0 0 0.4 1 1.2000000000000002 0 0.6000000000000001 1.4000000000000001 0 0.6000000000000001 0 0 0 0 1 0.8 0 0 0.6000000000000001 0 0.4 0.4 1 0.8 13.4 0 0.4 0 0.8 0.2 0 0 0 0 2.2 0 1.4000000000000001 0 0 0.4 0 1.6 1.4000000000000001 0.2 3 0.2 0 0 0 5.4 7.4 4.2 0 0 2.6 0 2 2.6 0 0 0 0.2 0 0 0 0 2.8000000000000003 3 0 0 0 0 7.2 6.2 0 0 0 1.8 0 2.2 0 0 0 0.4 0 0 0 0 0 0.2 0 0 0 0.4 0 0 0 0 0 0 0 0 0 0 0 0 0 0 0 0 0 0 0 0 0 0 0 0 1.8 0 0 5.4 7.2 0 0 4.2 0 1.8 0 5.4 3.4000000000000004 2.2 0 0.4 2.6 0.6000000000000001 7.4 7.800000000000001 0 0.2 0 0 4.6000000000000005 0 0 0 5.4 0 0 0 0 0 0 1.6 0.2 0 0 0.2 6.2 2 0 0 0 0 0 0 0 0 0 0 0 0 0 0 0 0 0 0 0 0 0 0 0 0 0 0 0 0 1 0 0 0 0 0 0 0 0 0 0 0.4 0 0 0 0 0 0.2 0 0.6000000000000001 0.2 25.400000000000002 0.6000000000000001 0.8 0 0.4 0 0 0 0 0 0 0 0 0.4 0 0 0 0 0 0 0 0 0 0 0.4 0 7 0 0 0 0 0 0 0 0 0 0 0 0 0 0.6000000000000001 
 7.4 48 51.6 44.400000000000006 33.800000000000004 49 36 70.8 32.4 56.800000000000004 9.600000000000001 49.6 87 27.200000000000003 113.2 8.8 23.400000000000002 5.2 0 48.800000000000004 0 0 0 0.4 0 0.6000000000000001 1.4000000000000001 0.2 0 1.6 0 1.8 1.6 0 0.4 0 1.2000000000000002 1.2000000000000002 0 0 0.6000000000000001 0 0.6000000000000001 0 0 0 0 0 0.4 0 0 0 0 0.6000000000000001 0.2 0 0.6000000000000001 0.4 0 2.4000000000000004 0.6000000000000001 0 0.8 0 0 0 0 0 0 0 0 0 0 0 0 0.2 0 0.6000000000000001 0 0 9 11.200000000000001 2 2 0 2.4000000000000004 6.6000000000000005 7.6000000000000005 2 0 0 2.2 7.4 14.600000000000001 1.6 6.800000000000001 2.4000000000000004 4.2 0 0 0 0 0 0 0 0 0 0 6 0 0 0 0 0 0 0 0 0 2 0 0 0 0 0 0 0 0 0 0 0 0 0 0.4 0 0 0 2.6 0 0 0 0 0 0 0 0 0 0 0 0 9.200000000000001 0 0 0 0 0 0 0 0 0 0 1.6 5 4.6000000000000005 2.8000000000000003 3.2 0 1.8 3.2 7.4 0 1.6 0 5 1.4000000000000001 4 5.800000000000001 2.8000000000000003 2.6 3.2 6.2 0 0 0 0 0 0 0 0 0 0 0 0 0 0.4 0 0 0 0 0 0 0.4 0 2.4000000000000004 0 0 0 0 0 0 0 0 0 0 0 0 0 0 0 0 1.2000000000000002 0 0 0 0 0 0 0 0 0 0 0 0 0 0 0 0 0 0.4 0 0 0 0 0 0 0 0 2.4000000000000004 0.4 0 0.2 0 1.4000000000000001 0 0 0 0 0 0 0 0 0 0 0 0 0 0 0 0 0 0 0 0 0 0 0 0 0 3.2 0 0 0 0 0 3.2 0 0 0 0 0 0 
 80.4 20.6 39.400000000000006 31.400000000000002 16 9.600000000000001 64 71 33.2 70.8 10.600000000000001 7.6000000000000005 10 39.2 41 31.6 9 4.800000000000001 48.800000000000004 0 0 0 0 1 0 0.6000000000000001 0.6000000000000001 0.8 0 0.4 0 1 0.2 0.4 0.4 1 0 0 0 0 0 0.6000000000000001 1.2000000000000002 0.6000000000000001 0.6000000000000001 0 0 0.4 0.6000000000000001 0 0.6000000000000001 0 0 0.4 0 0 0.6000000000000001 1 0 0.6000000000000001 0.4 0.4 0 0 0.6000000000000001 0 0.4 0 0 0 0 0 0.6000000000000001 0 0 0.6000000000000001 0 1 0.4 0 12.8 0 0.4 0.8 0.4 0 0.2 2 3.6 0 4.4 2 0 6.800000000000001 7 5.2 8.200000000000001 2.4000000000000004 7.4 2.6 0 0 0 0 0 0 0 0 0 0 0 0 0 0 0 0 0 0 0 0 0 0 0 0 0 0 0 0 4 0 0 0 0 0 0 0 0.4 0 0 0 0 0 0.2 0 0 0 0 0 2.4000000000000004 0 0 0 0 0 0 0 0 0 0.4 0 1.8 0 0.2 0 0 0 0.2 3.8000000000000003 1.6 0 0 0 0 11.4 3.4000000000000004 2 0.2 0 2.4000000000000004 0 0 0 0.2 0 0 0 0 0 0 0 0 0 0 0 0.4 0 0 0 0 0 0 0 0 0 0 0 0 0 0 0 0.4 0 0 0 0 0 0 0 0 0 0 0 0.4 0 0 0 0 0 2.4000000000000004 0 1.4000000000000001 0 0 0 0 0 0 0 0 0 0 0 0 0 0 0 0.4 0.4 0.4 0 0 0 0 0 0 0 0 0 0 0 0 0 0 0 0 0 0 0 0 0 0 0 0 0 0 0 1.4000000000000001 0 0 0 0 0 0 0 0 0 0 0 0 0 
 0.4 0.6000000000000001 0 15 14.4 15 0.4 0 2 0 0 0.4 0 0 0 0 0 0 0 0 0 35.6 19.200000000000003 42 9.4 8.4 42.2 25.200000000000003 24.400000000000002 26.8 48.6 11 52 47.400000000000006 28.8 21.200000000000003 38.800000000000004 22 28.8 25.400000000000002 0 0.4 0 0 0.4 0 0 0 0 0.4 0 0 0 16 0.2 1.2000000000000002 0 0 0 0 11 0 0 0 0 0 0.4 0.4 6.2 0.6000000000000001 0.6000000000000001 0 0.8 0 0 0 0.4 0 0 0.6000000000000001 0 0 0 0 2.2 0 0 0 0 0 0 0.2 0 0 0 0.6000000000000001 0 0 0 0 6.6000000000000005 0.4 0 2.4000000000000004 5.2 0 0 2.2 6.800000000000001 0 5 0.2 0 0 4.800000000000001 11 4.2 12.4 1.8 2.2 0 0 0.2 0 0 0 2.6 0 0.4 0 0 0 4.2 0 0 0 0 0 2.2 0 0 0 0 0.2 0 0 0 0 0 0 0 0.2 0 0 0 0 0 0 0 0 0 0 0 0 1.6 0 0 0 0 0.6000000000000001 0.2 0 0 0 0 0 0 0 0 0 1.8 6.800000000000001 8.8 4 1.8 1.6 5.4 11 5 0 0.6000000000000001 4 2.6 6.6000000000000005 0 4.800000000000001 6.6000000000000005 13.200000000000001 0 0 0.4 0 0 0 0 0 4.800000000000001 0 0 0 0 0 2.8000000000000003 0 0 0 0 0 2 0 0 0 2.4000000000000004 0.2 1.6 0.4 0 0 0 0 0 0 0 0 0 0 0 0 0 0 0 0 0 0 0 0 0 0 15.200000000000001 0 2.2 0 0 0 2.8000000000000003 0.4 0 15 0.2 0 2.2 1.6 0 0 0 0 4.4 0 0 0 0 0 0 0 0 0 0 0 0 0 0 1.2000000000000002 0 0 0 0 3 0 0 0 
 0.6000000000000001 0 0 0 15.200000000000001 7 0.8 0 0.6000000000000001 0 0 0 0 0 0 0 0 0.4 0 0 35.6 0 37.4 31.8 58 22 15.600000000000001 27.8 18 31 6.4 20.400000000000002 55.400000000000006 82.4 27.8 85.60000000000001 22.200000000000003 36.800000000000004 66.8 15.200000000000001 0 0.4 0 0 0.2 0 0 0 0 0 0 0 0 0 0.4 1 0 0 9.4 0 1.8 0 0 0 0 0 0.4 0.4 1.2000000000000002 0.6000000000000001 9.8 0 1.4000000000000001 0 0 0 0.4 0 0 0.6000000000000001 0 0 0 0 0.2 0 0 0 0 0 4.800000000000001 0 0 0 0 1.6 0 0 0 0 3.8000000000000003 3.8000000000000003 8.4 1.8 0 0 0 1.4000000000000001 3.4000000000000004 7.4 9.600000000000001 0.2 0 3.6 8.8 8.6 3.2 1.6 0 0 0.6000000000000001 0 0 0 0.2 0 5.6000000000000005 0 0 0 0 0 2.6 0 0 0 0 0 1.6 2 0 0 0 0 0 0 0 0 0 0 0 0 0 0 0 0 0.2 0 0 0 2 0 0 0 0 0 0 0 0 5 0 0 0 0 1.4000000000000001 0 0 0 0 0 0 0.8 6 7.800000000000001 3.4000000000000004 0.8 12.200000000000001 8.8 0 4.2 2.2 14.4 7 1.6 5.6000000000000005 2 1.6 3 2.2 0 0 0 0 0 0 0 0 4.4 0 0 0 0 3 0 5 0 0 0 0 0.2 0 0 0 0 0 0 5.2 0 0 0 0 0 0 0 0 0 0.2 0 0 0 0 0 0 0 0 0.4 0 0 0 14.8 0 0 0 0 1.4000000000000001 0 0.4 23 0.2 0.4 0.6000000000000001 0 0 0 0 0 0 0 0 0 0 0 0 0 0 0 0 0 0 2.8000000000000003 0 0 0 0 0 0 1.8 0 0 0 
 0 0 0 0 0 0.8 0.8 0 0 0 0.2 0 0 0.6000000000000001 0 0.2 0 0 0 0 19.200000000000003 37.4 0 47.400000000000006 55.2 4 37.4 39.2 45.800000000000004 6.6000000000000005 29 4.2 32.800000000000004 17 24.6 15.4 68.4 6.800000000000001 22.200000000000003 43.2 0 0.4 0.4 0 1 0 0 0 0 0 0 0 1.2000000000000002 0 0.2 0.2 0 0.2 0 12.200000000000001 1.4000000000000001 0 0 0.4 0 0 0.6000000000000001 0.4 0 0.6000000000000001 0.6000000000000001 0 0 0 0 0 0.6000000000000001 0 0 0.8 0 0 0 0.4 0 0 0 0 0 0 0 0 0 0 0 0 0 0 0 0 3 15 5.6000000000000005 0 4.4 0 4.4 0 0.4 2 4 6 0 0.2 0.4 8 0 0 6.2 0 0 0 0 0 0 0 0.2 2.8000000000000003 0 0 0 0 2.4000000000000004 0.2 0 0 0 2.8000000000000003 0 1.6 0 0 0 0 0 0 0.4 0 0 0 1.2000000000000002 0 0 0 0 0 0 0 1 0 0 0 1.8 0 0 0 0 0 0 0.2 0 0 0 0 0 0.8 0 0 0 0.2 2.6 2.2 1.8 1.6 0 3.6 0 1.2000000000000002 6.2 2 6 4.4 2 2 0.2 15.200000000000001 4.4 2.6 0 2 0.2 0 0 0.2 0 0 0 3.8000000000000003 0 0 0 0 3.4000000000000004 1.8 1.2000000000000002 0 0 0 0.2 0 0 0 0 0 0 0 0 0 0 0 0 0 0 0 0 0.4 0 0 0 0 0 0 3.4000000000000004 0 0 0 0 0 0 0 0 0 0 0 0 0 0.4 0 0 0.2 5.2 0.2 0 0 0 0 0 0 0 0 0 0 0 0 0 0 0 0 0 1.6 0 2 0 0 0 0 0 0 0 0 
 0.4 0.4 0.4 0.4 0.4 0.8 1.2000000000000002 0.4 0.6000000000000001 0.8 1 0.4 0.4 0.4 0.4 0.4 0.4 0.4 0.4 1 42 31.8 47.400000000000006 0 31.200000000000003 67.8 32.6 13.8 61.400000000000006 90.4 42.6 75.4 13.4 33.4 45 11.8 49.2 34.6 55 13.600000000000001 18.8 0.4 0.2 0 0 0 13 7 0 0 0 0 0 0 0.4 0.6000000000000001 0 0 4.2 0 12.200000000000001 0 0 0 0 0.4 0.4 2 0.2 0.6000000000000001 1 0 0.2 0 0 0.6000000000000001 0.4 0 0 0.6000000000000001 0 0 0 0 0 0 0 0 0 0 0 0.2 0 0 0 0 0 0 0 0 3 0 1.4000000000000001 2.4000000000000004 9.8 0 0 0 1.8 8 3.6 5.4 0 0 12.8 4.4 0 13.200000000000001 0 0 3.8000000000000003 0 0 0 0 0 7 0.2 2.4000000000000004 0 0 0 3 7.2 0 0 0 0 2.4000000000000004 1.4000000000000001 0 0 0 0 0 0 0 0 0 0 0 0 0 0 0 0 0 0 0 0 2 0 0 0 0 0 0 0.4 0 0 0 0 0.4 0 0 0 0 1.6 0 0 0 6 2.2 6 2.4000000000000004 3.4000000000000004 0 3.8000000000000003 0 0 7.2 13.8 2 2.2 2 3.6 5.2 4.6000000000000005 0 0 2.8000000000000003 3 0 0 0 0 0.2 2.6 0 0 0 0 5.2 0 6.6000000000000005 0 0 0 3.6 0 0 0 0 0 0 0 0 0 0 0 0 0 0 0 0 0 0 0 0 0 0 0 0 0 0 0 0 0 0 0 0.2 0 0 0 1.8 0 0 19 0 0.4 1.4000000000000001 0 0 0 0 0 0.2 0 0 0 0 0 0 0 0.2 0 0 0 0 0 2 0 0 0 0 0 0.2 0 0 0 
 0 0 0.2 0.6000000000000001 0 0 1.4000000000000001 0 0.4 0 17 0 0 0 0.4 0 0 7.6000000000000005 0 0 9.4 58 55.2 31.200000000000003 0 16.2 11.4 31.8 20.400000000000002 21.6 46 13.200000000000001 14 15 91.80000000000001 34.4 68.2 20 12.4 16.8 0 0.4 0 0 1 0 0 0 0 0 0 0 1.2000000000000002 0 0.4 1.6 0 0 19 12 0.6000000000000001 0 0 0 1.6 0.2 0.4 0.4 0 0.6000000000000001 0.6000000000000001 0 0.4 0 0 0 0.4 0 0 2.4000000000000004 0 0 0 0 0 0 0.2 0.2 0 0 0 0 0 0 0 0 0 0 0 0 2 3.6 1.4000000000000001 5.6000000000000005 0 0 0 0 2.4000000000000004 0 2.4000000000000004 2.4000000000000004 0 0 2.2 3.8000000000000003 8.8 2.8000000000000003 0 0 1.8 0 0 0 0 0.4 7.2 3.6 1.8 0 0 0 5.4 0 0 0 0 0 2 2.6 0 0 0 0 0.8 0 0 0.2 0 0 0 0 0 0 0 0 0 1.6 3 0 0 0 0 0 0 0 0 0 0 0 0 0 0 0 0 0 0 0.6000000000000001 0 0 1.6 9 0 1.6 0 3 0 0 0 3.8000000000000003 6.4 10.8 0 0.8 3.6 2 0 0.2 0 0 0.2 3.8000000000000003 4.4 0 0.4 0 0 4 0 1.6 0 0 2.2 2.4000000000000004 0 0 0 2.8000000000000003 0 4 0 0 0 0 0 0 0 0 0 0 0 0 0 0 0 0 0 0 0 0 0 0 0 0 0 0 0 0 0 0 0 0 0 0 0.4 0 1.6 14.4 0 0 0 0 0 0 0 0 0 0 0 0 0 0 0 0 0 0 0 0 0 0 0 1.6 0 0 0 0.8 0 0 0 0 
 1 0.8 1.4000000000000001 0.6000000000000001 0.6000000000000001 1.4000000000000001 1.4000000000000001 0.6000000000000001 0.6000000000000001 0.6000000000000001 1.6 15.200000000000001 0.8 1.2000000000000002 0.6000000000000001 0.6000000000000001 0.6000000000000001 0.2 0.6000000000000001 0.6000000000000001 8.4 22 4 67.8 16.2 0 47.400000000000006 24.8 52 62.800000000000004 16.400000000000002 54.800000000000004 15.8 25 67.60000000000001 28.6 46 10.4 9.8 10.600000000000001 0.2 0.4 0.4 0.4 0.4 0 0 0 0 0 1.2000000000000002 0 6.4 4.4 0 0.2 0 0 19 4.4 1.2000000000000002 9.600000000000001 0 0 0 0 0.8 0.4 0 0.6000000000000001 1.2000000000000002 0 0 0 0 1 0.4 0 0 0.4 0 0 0 0 0 0 0 0 0 0 0 0 0 0 0 0 0 0 0 0 0 0 1.8 1.2000000000000002 3.2 0.8 0 0 0 1.4000000000000001 0.8 2 0 0 2.6 0.2 1.2000000000000002 2.8000000000000003 0 0 5.2 2 4.2 0.2 0 0 0 3.2 7.4 0 0 0 8.8 5.800000000000001 0 0 0 2.6 2.2 1.6 0 0 0 0 0 0 0 0 0 0 0 0 0 0 2.2 0 0.8 0 0 0 0 0 0 0 0 0 0 0 0 0 0 0 0 0.2 2.6 0 0 0 0 4.6000000000000005 1.6 2.6 0 0 5.4 4.6000000000000005 0 0 0 0 2.4000000000000004 4.4 0 0 3.4000000000000004 0 0 3.4000000000000004 0 0 6.2 4.4 3.4000000000000004 0 0 0 5 5.2 0.2 1.6 2.6 0 5.2 0.2 2.6 6.2 0 1.6 5.6000000000000005 4.4 0 0 0 0 0 0 0 0 0 0 0 0 0 0 0 0 0 0 0 0 0 0 0 0 0 0 0 0 0 0 0 0 0 0.6000000000000001 2.4000000000000004 0.8 0 0.6000000000000001 19.8 0 0.4 0 0 0 0 3.8000000000000003 10.4 0 0 0 0 0 0 0 0 0 0 0 0 0 0 0 0.4 0 0.2 2.2 0 0 0 0 
 0.6000000000000001 0.6000000000000001 0.6000000000000001 15.8 15 27.400000000000002 1.8 0.8 34 15 18.2 19 0.6000000000000001 0.6000000000000001 0.6000000000000001 0.6000000000000001 15.4 0.6000000000000001 1.4000000000000001 0.6000000000000001 42.2 15.600000000000001 37.4 32.6 11.4 47.400000000000006 0 20.6 9.200000000000001 15.200000000000001 23.200000000000003 94.60000000000001 115.4 39.800000000000004 9.600000000000001 6.800000000000001 9.4 6.2 25.8 54.2 0 0.4 0 0 14.200000000000001 0 0 0 0 0.2 0 0 0 0 0.4 0.4 0 0 0.4 0 0.6000000000000001 0 0 0 0 0 0.4 0.4 0 0.6000000000000001 0.6000000000000001 0 0 2.4000000000000004 0 0 0.4 0 0 11 0 0 0 0 3.4000000000000004 3.4000000000000004 0 0 0 0 0 6.2 0 0.2 0 0 0 3.6 0.4 0 11 2.6 0.6000000000000001 4 0 0 2.2 0 1.4000000000000001 0.2 2.2 3 9.600000000000001 3.2 1.8 9.4 7 5 9.8 2.6 0 0 0 0 0 0 0 0 0 0 0 0 2.6 3.8000000000000003 0 0 0 0 2.4000000000000004 0 0 0 2.4000000000000004 0 0.2 0.4 0 0 0 0 0 0 0 0 0 0 0 0 0.2 0 0 0 0 0 0.2 0 0 0 2 0.8 3 5 0 0 0 3.8000000000000003 2.8000000000000003 0 0 0 4.2 8.8 2.8000000000000003 1 0 0 6.2 5.6000000000000005 1.8 3 6.4 1.4000000000000001 0 5.6000000000000005 0 0 4.4 7.6000000000000005 1.6 2.2 0 0 0 0 0 0 0.8 0 4.4 0 0 0 0 0 0 0 0 0 0 0 0.4 0 0 0 0 0 0 0 0 0 0 0 0 0 0 0.2 0 0 0.4 0 0 0 0 0 0 0.4 0 0 15.200000000000001 0 0 0 0 0 1.4000000000000001 0.6000000000000001 0.4 0 1.6 0 0.8 2.2 0 0 0 0 0 0 0 1.6 0 0 0 0 0 4 0 0 0 0 0 2.4000000000000004 0 0 0 0 0 0 0 0 
 0.4 0 14.8 0.4 33 0 0.8 0.4 0.2 0.2 15 1.2000000000000002 0.2 0.2 0 0 0.4 0 0.2 0.8 25.200000000000003 27.8 39.2 13.8 31.8 24.8 20.6 0 21.400000000000002 6.800000000000001 6.6000000000000005 49.800000000000004 42.400000000000006 51.400000000000006 44.800000000000004 23.8 16.400000000000002 18.400000000000002 30.400000000000002 14 0 0.4 0 0 0 0 0.4 2.6 0 0 0 0 0 0 0.4 0 0 0 4.2 0 0.6000000000000001 0 0 0 0 0 0.4 9.8 0 0.6000000000000001 0.6000000000000001 0 0 0 0 0 0.4 0 0 0.4 2.8000000000000003 0 0 0 2.4000000000000004 2 0 0 0 0 1.6 0 0 0 0 0 0 0 0 0 3 0.4 2.4000000000000004 1.6 0.2 0 10 0.4 0.2 2.2 1.8 0.2 4.6000000000000005 2.6 0 3 6.4 0 3.2 2.2 2.6 0 0 0 0 0 0 0 0 0 0 0 1.8 0 0 0 0 0 0 0 0 0 0 0 0 0 0 0 0 0 0 0 0.4 0 0 0 0 0 0.4 0 0.2 0 0 0 0 4.6000000000000005 0 0 0 1.4000000000000001 0 0 0 0 0 0 0 0 0.2 0 13.600000000000001 13.200000000000001 5.6000000000000005 1.4000000000000001 0 3.6 2.4000000000000004 4.2 9.4 1.2000000000000002 1 6.6000000000000005 0 1.8 3.8000000000000003 0 8.200000000000001 1 8 5.2 0 0 0 0 0 0 0 0 0 0.2 0 0 2 0 0 0 0 0 0 0.4 0 0 0 0 0 0.2 0 0 0 0 0 0 0 0 0 0 0 0.2 0 0 0 0 0 0 0 0 0.2 0 0 0 0 0 0 0 2.2 0.2 0.4 7.4 15.200000000000001 0.4 0.4 0 0 0 0 0 0 0 0 0 0 0 0 0 0 4.6000000000000005 0 0 0 0 0 0 0 0 0 1.4000000000000001 0 0 0 0.4 
 0.4 0 0 0.2 15.8 0.6000000000000001 0.2 0 1.6 0 0 0 0 0.6000000000000001 0 0 14.8 0.6000000000000001 0 0 24.400000000000002 18 45.800000000000004 61.400000000000006 20.400000000000002 52 9.200000000000001 21.400000000000002 0 10 12.200000000000001 23.200000000000003 40.2 52.2 84.4 28 23.8 6.2 31.400000000000002 26 0 0.4 0 0 0 0 0 0 0 0 0 0 0 0 0.4 0 0 0 0.4 0 4 0 0 0 0 0 0.6000000000000001 0.4 0.6000000000000001 0.6000000000000001 0.6000000000000001 0 0.8 0 0 0 0.4 0 0 0.2 0 0 0 0 0 2.6 0 0 0 0 0 0 0 0 0 0 0 0 0 0 1.2000000000000002 2.4000000000000004 10.200000000000001 0 6.800000000000001 0 2.6 0.4 4.4 5.6000000000000005 4.6000000000000005 0.2 4.800000000000001 0.4 6.2 3.4000000000000004 9.4 6.4 0.2 0 0 0 0 0 0 0 0 0.4 0 0 1 0 0 0 0 0 0 0 2.4000000000000004 0 0 0 0 0 0 0 0 0 0 0 0.4 0 0 0 0 0 0 0 0.6000000000000001 0 0 0 0 0 0 2.6 0.2 0 0 0 0 0 0 0 0 0 0 1.4000000000000001 0 0 2.4000000000000004 10.8 8.4 8.8 0 1.8 1.8 6.6000000000000005 4 6.2 3.2 0 4.2 0 0 0.2 1.6 4 0 2.4000000000000004 0.4 0 0 0 0 0.4 3.2 0 0.4 0 0 0 0.2 0 0 0 0 0 2 0 0 0 0 0 0 0 0 0 0 0 0 0 0 0 0 0 0 0.8 0 0 0 0 0 0 0 0 0 0 0 0 0 0 0 0.2 1.8 0 0 0.2 15.200000000000001 0.4 0.4 0 0 0 0 0 4.4 0 0 0 0 0 0 0 0 0 0 0 0 3.2 0 0 0 0 0 0 4.4 0 0 0 
 0.4 1 0.4 0.4 0.4 0.8 0.8 0.4 0.6000000000000001 0.4 15.200000000000001 0.4 0.4 0.4 0.4 0.8 0.4 0.4 1.6 0.4 26.8 31 6.6000000000000005 90.4 21.6 62.800000000000004 15.200000000000001 6.800000000000001 10 0 20 12 39.800000000000004 70.60000000000001 92.2 67.2 34.4 67.2 16.400000000000002 18 0 0.4 1 0 0.6000000000000001 0 0 0 0 0 0 12.4 0 0.2 0.4 1.2000000000000002 0 0 17 1.2000000000000002 3 0 0 0.6000000000000001 0 0 0.6000000000000001 0.4 0.6000000000000001 0.6000000000000001 1 1.2000000000000002 1.8 0 0 0 0.4 0 0 0 0 0 0 0 0 0 0 0 0 0 0 0 0 0 0 0 0 3 0 0 1.8 2 0 1.8 7.2 0 0 0 4 2.2 5 0.4 0 0 6.4 8.4 9.8 9 0 0 5 0 0 0 0 0 4.800000000000001 1.4000000000000001 0 0 0 0 7.800000000000001 0.2 0 0 0 0 4.2 3.6 0 0 0 0 0 0 0 0 0 0 0 0 0 0 0 0 0 0 0 0 0 0 0 0 0 0 0 0 0 0 0 0 0 0 0 0 0 0 0 0 1 4.6000000000000005 5.800000000000001 6.4 0 13.200000000000001 2.8000000000000003 3.8000000000000003 0 2.6 4 7 2.6 3.2 3.6 8 2.2 8.4 0 0 2.4000000000000004 0 0 0 0 0 6 0.2 0 0 0 0 4.6000000000000005 0 2.4000000000000004 0 0 0 2.4000000000000004 0.4 1.2000000000000002 0 0 0 0 0 1.8 0 0 0 0 0 0.6000000000000001 0 0 0 0 0 0 0 0 0 0 0 0 0 0.4 0 0 0 0 0 0 0 1.4000000000000001 0.4 0.2 10.8 0.4 0.2 0.2 0 0 0 0 0 5.2 0 0 0 0 0 0 0 0 0 0 0 0 0 0 0 0 0 0 1.6 2.2 0 0 0 
 0.4 0.6000000000000001 0 0.4 0 0 0.8 0 0 0 0 0 0 0 0 0 0 0 0 0 48.6 6.4 29 42.6 46 16.400000000000002 23.200000000000003 6.6000000000000005 12.200000000000001 20 0 20.200000000000003 28.200000000000003 8.6 74.2 21.8 70.60000000000001 20.8 9.4 67 21.400000000000002 0.4 0 0 1.8 0.2 0 12.600000000000001 0 0 0 0 1.8 0.6000000000000001 0.2 1 0 0 0 7 1.8 0 0 0 1.4000000000000001 0 0.4 0.4 0 0.6000000000000001 0.6000000000000001 0 0 0 0 0 0.4 0 0 12.600000000000001 0 0 0 1.4000000000000001 0 0 0 0 0 0 0 0 0 0 0 0 0 0 0 0 2.2 4.800000000000001 0 7.800000000000001 1.2000000000000002 0.2 0 0 1.8 2.6 2.6 8 0 0 0 5.6000000000000005 2.6 0 4.800000000000001 0.2 0 0 0 5.6000000000000005 0 0 13 5.6000000000000005 7.4 0 0 0 4 0 0 0 0 0 0 7.6000000000000005 0 0 0 0 0 0 0 0 0 0 3.8000000000000003 0 0.4 0 0 0 0 0 0 0 0 0 0 0 0 0 0 0 0 0 0 0 0 0.8 0 0 0 0 0 0 2.4000000000000004 2.4000000000000004 0 0 0.8 0 4.2 3.6 0 4 7.800000000000001 0 0 0 0 2.4000000000000004 0 0.2 0 0 2.4000000000000004 0.2 2.2 0 0 0 0 7.6000000000000005 0.2 2.2 0 0 3 3.6 1 0 0 1.8 7.4 3.8000000000000003 0 0 0 0 0 0 0 0 0 0 0 0 0 0 0 0 0 0 0 0 0 0 3.2 0 0 0 0 0 0 0 0 0 0 0 2.4000000000000004 0.6000000000000001 0.2 0 15.4 0.4 1.2000000000000002 1.8 0 0 0 0 0 0 0 0 0 0 0 0 0 0 0 0 0 0 0 3.8000000000000003 0 0 0 0 0 0 0 0 
 0.6000000000000001 1 1 0.6000000000000001 0.6000000000000001 1.8 1.6 0.6000000000000001 1.2000000000000002 0.6000000000000001 1 1.6 1 1.2000000000000002 0.4 1.2000000000000002 0.6000000000000001 1 1.8 1 11 20.400000000000002 4.2 75.4 13.200000000000001 54.800000000000004 94.60000000000001 49.800000000000004 23.200000000000003 12 20.200000000000003 0 68 41.800000000000004 52 22.400000000000002 39.2 28.200000000000003 7.6000000000000005 24.400000000000002 5.6000000000000005 0.8 1 0 1 0 0.6000000000000001 0 0.4 0 0 0 1.2000000000000002 1.6 0.8 0.2 0.6000000000000001 0.4 1.2000000000000002 0.2 8.200000000000001 0 0 0 0.2 0 0.6000000000000001 0.4 1 0.6000000000000001 0.6000000000000001 0 1.2000000000000002 0 0 0.6000000000000001 0.6000000000000001 0.2 0 0.4 0 0 0 0 0 0 0 0 0 0 0 0 0 0 0 0 0 0 0 0 2.2 1.4000000000000001 3.8000000000000003 3.4000000000000004 4 0.2 0 0 3 3.8000000000000003 5.4 4 0 0 12.600000000000001 8.4 2.8000000000000003 3 0 0 0 0 2.4000000000000004 0 0 0 3 4.6000000000000005 0 0 0 0 2.8000000000000003 1.8 0 0 0 0 0 2.8000000000000003 0 0 0 0 0 0 0 0 0 0 0 0 0 0 0 0 0 0 0 0 0 0 0 0 0 0 0 0 0 0 0 0 0 1 0 0 0 0 0 0 1 4.4 3.6 2 0 4 0 4.2 0 5.800000000000001 0 4.6000000000000005 2.8000000000000003 0 0.4 2.6 0.2 7.2 0 0 2.4000000000000004 0.4 1.8 0 0 0 3.6 5.800000000000001 0.2 0.4 0 0 6.2 1.4000000000000001 0 0 0 1.8 7.2 0 0.4 0 0 0 0 0 0 0 0 0 2.6 0 0 0 0 0 0 0 0 0 0 0 0 0 4.6000000000000005 0 0 0 0.4 0 0 0 0 0 1.2000000000000002 0.4 0 0.2 14.8 0.4 0.4 0 0 0 0 0.4 4 0 0 0 0 0 0 0.2 0.4 0 0 0 0 0 0 1.8 0 0 0 0 1.8 0 0 0 
