 0 21.200000000000003 15.600000000000001 55.800000000000004 6 23.8 11 40.400000000000006 24.200000000000003 9 6 8.200000000000001 73.60000000000001 70 27.6 23.400000000000002 79 51 31.8 13.8 0 0.6000000000000001 0.6000000000000001 0 0 0 0.6000000000000001 0.2 0 0.6000000000000001 1.4000000000000001 0 0 0 0 0.8 0 0 0 0 0 0 0 0 0 0 0 0.4 0.2 12.4 0 0 0 0 0 0.6000000000000001 0 0 0 0 0.4 0 0.6000000000000001 0 0 0 0.4 0.6000000000000001 0 0 0 0 0 0 0.4 0 0 0 0 0 0 0 2.6 0.6000000000000001 0 0.2 3.4000000000000004 0 4.2 4.2 0 0 2.4000000000000004 0 3 5.800000000000001 0 0 8.4 0 0 0 0 0 0 0 0 0 0 0 0 0 0 0 0 0 0 0 3.2 0 0 0 0 2.8000000000000003 0 0 0 0 0 0 0 0 0 0 0 0 0 0 0 0 0 0 0.6000000000000001 0 0 0 0 0 0.4 0 0 0.4 0.4 0 0 0.2 0 0 0 1.2000000000000002 3.4000000000000004 7 3.2 0 0 0 15 5.4 3.4000000000000004 0 1.4000000000000001 0 1.2000000000000002 0 0 0.4 4 4.2 2.6 7 0 0 0 0 0 0 0 0 0 0 0 0 0 0 0 0 0 0 0.4 0 0 0 0 0 0 0 0 0 0 0 0 1.4000000000000001 0.2 0 0 0 0 0 0 0 0 0 0 0 0 0 0 0 0 0.4 0 0.4 0 0 0 0 0 0 0 0 0 0 0 0 0 0 18.6 0 0.4 0.4 0 20.400000000000002 0 0 0 0 0 0 0 0 0 0 0 0 0 0 0 0 0 0 0 0 0 0 0 0.2 0 0 0 0 0 0 0 0 0 0 0 0 0 0 
 21.200000000000003 0 39.6 15.8 21.6 24 14 86.4 25 6.2 22.8 6.800000000000001 31 10.200000000000001 28.6 9.600000000000001 29.6 65.60000000000001 18 66.2 0 0 0 0 0 15 0 0 0 0 0 0.8 0 0 0.6000000000000001 0 0 14.8 15 0 0 0 0 0 0 0 0 0 0 0 0.2 0 0 0 0.2 0.2 0 0 0 0 0 0 0 0 0 0 0 0.6000000000000001 0 0.4 0 0.4 0 0.6000000000000001 0 0 0.6000000000000001 0.2 0.6000000000000001 0 4.6000000000000005 1.8 2.8000000000000003 0.8 8.4 7.2 3 10.8 4.4 0.4 7.6000000000000005 6.4 7.6000000000000005 3.2 9.8 7.6000000000000005 4 4.6000000000000005 4.6000000000000005 1.2000000000000002 0 0 0 0 0 0 0 0 0 0 0 0 2.4000000000000004 1.6 0 0 0 0 3.6 3.2 0 0 0 0 0 0 0 0 0 0 0 0 0 0 0 0 0 0 0 0 0 0 0.6000000000000001 0 0 0 0 0 0 0 0.2 0 0 0 0 0 0 0 0 1.4000000000000001 2.6 6.800000000000001 5.800000000000001 0 0.2 0 6.2 2 3.4000000000000004 0 3.6 3.4000000000000004 4.4 5.800000000000001 7.4 0.2 4.4 0 0 2.2 0 0 0 0 0 0 0 0 0 0 0 0 0 0 0 0 0 0 1.6 2 0 0.4 0 0 0 0 0 0 0 0 0 0 0 0 0 0 0 0 0 0 0 0 0 0 0 0 0 0 0 3.6 0 0 0 0 0 0 0.4 0 0 0 0 0 0 0 0 0 18.8 0 0 0 0.4 2.8000000000000003 3.6 0 0 0 0 0 0 0 0.2 0 0 0 0 0 0 0.4 0 0 0 0 0 0 0 0.2 5.800000000000001 0 0 0 0 0 0 0 0.2 0 0 0 0 0 
 15.600000000000001 39.6 0 40.2 38.2 6.6000000000000005 12.200000000000001 44.800000000000004 31 62 56.2 14 13 34.2 33.800000000000004 40.400000000000006 45.800000000000004 23.6 8.8 62.800000000000004 0 0.6000000000000001 0.6000000000000001 0 0 0.2 42 0 0.2 0.6000000000000001 0.6000000000000001 0 22.200000000000003 16.6 0 0.6000000000000001 0 15.200000000000001 22.8 0.2 0 0 0 0 0 0 0 0.4 12.4 0 0 0 0 0 0 1 0 1.4000000000000001 0 0 0.4 0 0.2 0 0 0 0.4 1.6 0 0 0 0 0 0 0.4 0 0.6000000000000001 0 0 0 4.800000000000001 1.6 7.800000000000001 2 4.2 9.200000000000001 0 10.4 2 2.2 3.6 5.2 3.4000000000000004 0 2.8000000000000003 4.4 12.8 2.4000000000000004 0 0 2 2.6 0 0 0 0 6.6000000000000005 0 0 0 0 0 4.6000000000000005 2.4000000000000004 2.8000000000000003 0 0 0 0.2 0 0 0 0 0 0 0 0.4 0 0 0 0.4 0 0 0 0 0 0 0 0 0 0 0 0 0 0 0 0 0 0 0 1.4000000000000001 0 0 4.4 0 0 0 0 0 0 0 2.8000000000000003 1 0 2.2 4.4 1.2000000000000002 1.2000000000000002 0 0 0.4 9.200000000000001 0 0 12.600000000000001 2 0 4 0.4 0 0 0.2 0 0 0 0.4 0.2 0 0 0 0 0 0 0 0.4 0 0 0 1 2 0 0 0 0.4 0 0 0 0 0 0 0 0 0 0 0 0 0 0 0 0 0 0 0 0 0 0 0 0 0 0 0 0 0 0 0 0 0 3.2 0 0 0 0 0 0 0 0.4 0.6000000000000001 0 0.6000000000000001 0.4 0 0.6000000000000001 3 0 0 0 0 0 0 0.2 0 0 0 0 4 0 0 0 0 0 0 0 0.2 0 0 3.2 0 2.6 0 0 0 0 0 0 0 0 0 0 0 0 
 55.800000000000004 15.8 40.2 0 20.400000000000002 41.2 38.800000000000004 78.4 31.200000000000003 38.400000000000006 33.2 27 15 43.2 14.4 71 4.6000000000000005 43.800000000000004 59.800000000000004 7.800000000000001 0 1.4000000000000001 0.6000000000000001 0 18.2 0.2 0.6000000000000001 0.2 0 0.6000000000000001 0.6000000000000001 0 0.4 3.6 15 0.6000000000000001 0 0.6000000000000001 0 0 0 0.2 0 0 0 0 0 0.4 0 0 0 0 0 0.2 0 0.6000000000000001 0 0 0 0 0.4 0 0.2 0 0 0 0.4 0.6000000000000001 0 0 0 0 0 0 8.6 0 0 0 0 0 0 1 7.2 5.800000000000001 5 0 0 0 0 1.6 0.2 8 0 0.2 0.2 2.8000000000000003 0.4 5 0 0 3.8000000000000003 1.8 0 0 0 0 0 2.4000000000000004 0 0 0 0.2 0 0 1.6 0 0 0 3.8000000000000003 0 0 0.4 0 0 0 0 0 4 0 0 0 0 0 0 0 0 0 0 0.2 0 0 0 0 0 0 0 0 0.4 0 0 0 0 0 0.2 0 0 0 0 0 0 8.6 0.4 0.6000000000000001 0 2.2 1.2000000000000002 0.2 4.800000000000001 2.6 1.8 3 0 0 0 9.4 3.2 0 0 0 0 2.6 0 0 2.8000000000000003 0 0 1.8 2.2 0 2.8000000000000003 0 0 0 0 2.6 2.8000000000000003 0 3.6 3.6 0 0 0 0 0 0 0 0 0 0 0.2 0 0 0 0 0 0 0 0 0 0.4 0 0 0 0 0 0 0 0 0 0 0 0 0 0 0.4 0 0 0 0 1.8 0 0 0 0 0 0 0 0 0.4 0.4 3.4000000000000004 3.4000000000000004 0 0 0 0 0 0 0 0 0 0 0 0 0 0 0 0 0 0 0 0 0 0.2 0 0 3 0 0 0 0 0 0 0 0 0 0 0 0 0.4 
 6 21.6 38.2 20.400000000000002 0 13.8 8.6 35.2 18.8 53.6 21.400000000000002 38.2 14 13.600000000000001 21 60.800000000000004 56.400000000000006 15.600000000000001 13 57.800000000000004 0 0.6000000000000001 0.6000000000000001 0.2 0 0 0.8 15 0 0.6000000000000001 0.6000000000000001 0 29.8 32.800000000000004 0 0.4 0.4 0.2 37.4 0 0 0 0 0 0 0 0 0.4 0 0 0 0 0.2 0 0 1 0 0 0 1.4000000000000001 0.4 0 0 0 0 0 0.4 0.6000000000000001 0 0 0 0 0.2 0 0.4 0 0 0 0 0 0.2 0 2.8000000000000003 2 0 7.2 0 2.8000000000000003 2.6 4.800000000000001 0 0 0 0 0 0 10.8 4.6000000000000005 0 2 2 2 4.6000000000000005 0 0 0 7.6000000000000005 0 0 0 0 3 5.2 12.600000000000001 7.4 0 0 0 6 0.2 2.6 0 0 0 0 0 0 0 0 0 0 0 0 0 0 0 0 0 0 0 0 0 0 0 0 0 0 0 0 0 1.8 0 0 1.8 0 0 0 0 0 0 0 0 1.2000000000000002 2.2 8.8 0 1.4000000000000001 0.4 0 0.2 1.4000000000000001 4.2 0 0.2 0 2 1.6 5.800000000000001 0 0 3.2 0.4 3.2 0 0 0 2.4000000000000004 0 1.6 0.2 0 0 2 0.4 5.6000000000000005 2.8000000000000003 0 0 8.200000000000001 6 0 0 0 2.6 2.2 0 0 0 0 1.8 0 0 0 0 0 1.4000000000000001 3 0 0 0 0 0 0 0 0 0 0 0 0 0 0 0 0 0 0 0 0 0 0 0 0 0 0 0 0 0 8.6 0 1 17.2 0 0.6000000000000001 0 0 0 0 0 0 0 0 0 0 2.2 0 0 0 0 0 0 0 0 0 0 0 0 2 0 0.8 0 0 0 0 0 0 0 0 0 0 0 0 
 23.8 24 6.6000000000000005 41.2 13.8 0 89 67.60000000000001 6.2 9.8 52.6 11.8 6 25 8.8 16.6 13.600000000000001 8.6 10.200000000000001 28.8 0 0.6000000000000001 0.6000000000000001 0 0 0.2 15.600000000000001 0 0.2 0.6000000000000001 0.6000000000000001 0 29.6 15.4 14.600000000000001 0.6000000000000001 14.4 0 15 14.4 0 0 0 0 0 0 0 0.4 0 0 0 0 0.2 0 0 1 0 0 0 0 0.4 0 0.4 0 0 0 0.4 0.6000000000000001 0 0 0 0 0 0 0.4 0 0 0 2.6 0 0 0 2 4.2 1.8 0.4 0 0 9.4 3 8.200000000000001 4.6000000000000005 0 0.4 3.2 2.4000000000000004 6.6000000000000005 0.4 0 0 6.6000000000000005 6.800000000000001 0 0 0 0 2.8000000000000003 2.2 4.800000000000001 3.8000000000000003 0 0 7.6000000000000005 2.6 1.8 0 0 0 2 2 0 0 0 0 0 0 0 0 0 0 0 0 5 0 0 0 0 0 0.4 0 0 0 0.4 0 0 0 0 0 0 0 0.8 0 0 0 0 0 0 0 0 0.8 0 3.2 4.6000000000000005 2.2 0 3.6 0.8 2.8000000000000003 1.8 0 4.4 3.8000000000000003 3.2 3 0 0 0 1.6 0 0 3.8000000000000003 0 0.2 8.8 0 0 0.6000000000000001 3.8000000000000003 2.6 3.8000000000000003 2.6 1.6 2.2 1.8 0 0 11.200000000000001 3.2 2.8000000000000003 0.4 0 0 2.6 0 0 0 7.800000000000001 0 0 0.4 0 0 0 0 0 0 0 0.2 0 0.2 0 0 0 0 0 0 0 0 0 0 0 0 0 0 0.2 0 0 0 0 0 0 0 0 0 0 0 1.6 0.2 18.2 0 0 1 0 0 0 0 0 0 0 0 0 0 0 0 0 0 0 0 0 0 0 0 0 0.4 0 0 1.4000000000000001 0 0 0 0 0 0 0 0 0 0 0 0 1.2000000000000002 
 11 14 12.200000000000001 38.800000000000004 8.6 89 0 51.2 11.4 21.400000000000002 34.4 8.4 32.2 19 7.4 29 39.800000000000004 8.8 17 41 4 1.2000000000000002 0.8 0 0.4 0 0.6000000000000001 0.6000000000000001 0.6000000000000001 0.6000000000000001 0.6000000000000001 0.4 0 0.2 0.6000000000000001 0.4 0 16.8 0 7.2 0 0 0.2 0.4 0 0 0 0.4 0 0.4 0 0 0 0 0 1.2000000000000002 0.4 0 0 0 1 0 0 0 0.6000000000000001 0.4 0.4 1.6 0 0 0.6000000000000001 0.6000000000000001 0 0 0.4 0 5.6000000000000005 0.4 0 0 8.8 12.600000000000001 2.8000000000000003 0 7.6000000000000005 0 7.800000000000001 2.8000000000000003 3.6 0 17.6 0 3.6 3.4000000000000004 9 2.6 0.4 0.4 3.4000000000000004 3.6 0 0 0 0 0.2 0 0 0 0.2 0 0 0 0 0 0 0 0 0 0 0 0 0 0 0 0 0 0 0 0 0 0 0 0 0 0 0 0 0 0 0 0 0 0 0 0 0 0 0 0 0 0 0 0 0 0 0 0 0.4 0 0 0.2 0 5.4 0 0 0 0 2.8000000000000003 1 0.4 0 1.6 2.6 0.2 2.4000000000000004 3.6 2.6 0 0.2 0 0 0 0 0 0 0 0 0 0 0 0 0 0 0 0 0 0 0.4 0 0 0 0 0 0 0 0 0 0 0 3.6 0 0 0 0 0 0 0 0 0 0 0 0 0 1 0 0 0 0 3.6 0 0 0 0 0 0 0 0 0 0 0 0 3.4000000000000004 0 0 0 0.4 0 0 0 0.4 0 1.6 3 0 0 0 0 0 0 0 0 0 0 0 0 0.2 0 0 0 0 0 0 0 0 0 0 0 0 0 0 0 0 0 0 0 0 0 0 0 0 
 40.400000000000006 86.4 44.800000000000004 78.4 35.2 67.60000000000001 51.2 0 15.4 36.2 34.4 44.400000000000006 43.2 57 35.6 61.6 27.8 44.2 34.4 23.400000000000002 0 0.6000000000000001 0.6000000000000001 0.4 0.6000000000000001 0 0.8 0.4 0 18.400000000000002 15.600000000000001 0 15.600000000000001 0 0 1 0 0.4 7 0.2 0 0 0 0 0 0 0 0.4 0 0.2 0 0.4 0.4 0 0.2 0.6000000000000001 0 0 1.6 0 0.4 0 0.4 0 0 0 0.4 0.8 0 0 0 0 0 0 0.4 0 0.2 0.2 0 0 3 0.2 3.6 0 1.4000000000000001 3 2.2 2.6 3.8000000000000003 5.2 9.4 0.2 2 1 5 2.4000000000000004 3.6 8.4 6 0 3 0 0 0 0 0 0.2 0 0 0 0 0 7.2 0 0 0 0 0 4.800000000000001 0 0 0 0 0 0 0 0 0 0.2 0 0 0 0.4 0 0 0 0 0 0 0 0 0 0 0 0 0 0 0 0 0 1 0.2 0 0 0 4.2 0 0 0 0.2 2 3 11 0 3.8000000000000003 0 0.2 0.2 1.8 3 5.6000000000000005 1.6 3.4000000000000004 6.800000000000001 0 4.6000000000000005 0 4.4 0.2 0 0 0 0 0 0 0 0 2 0 0 0 0 0 0 0 0.2 0 0.6000000000000001 0 0 0 0 2.6 0 0 0 0 0 0 1.6 0.4 0 0.2 0 0 0 0 0 0.4 0 0 0 0 0 0 0 0 0 0 0 0 0 1.8 0 0 0 0 0 0 0 0 0 0 0 0 0 17.8 0.4 0 9.8 0.2 1.6 0 0.4 0 0 0 0 0 0 0 0 0 0 0 0 0 0 0 0 0 0 0 0 0 0.2 0 0 0 0 0 0 0 0 0 0 0 0 0 0 
 24.200000000000003 25 31 31.200000000000003 18.8 6.2 11.4 15.4 0 24 5.800000000000001 16.2 17.400000000000002 63.400000000000006 23.8 9.8 86 34.800000000000004 56.400000000000006 12.600000000000001 0 0.6000000000000001 0.6000000000000001 0 0 0 0.6000000000000001 0.4 0.2 0.6000000000000001 0.6000000000000001 0 20.400000000000002 0 0 0.6000000000000001 0 14.600000000000001 22 0.2 12.4 0 0 0 0 0 0 0.4 0 0 0 8.6 1.2000000000000002 0 0 1 0 0 0 0.2 0.4 0 0 0 0 0 0.4 0.8 0 0 7 0 0 0 0.4 0 0.4 0 0 0 0 9.200000000000001 5.4 0 3.4000000000000004 0 4 0 0 7 0 2 0 1.2000000000000002 0 0.2 14.200000000000001 7.2 0.2 0 6.4 0 1.2000000000000002 0 0 0 3.4000000000000004 0 0 0 0 0 5.4 12.600000000000001 10.4 0 0 0 3.4000000000000004 0 0 0 0 0 0 0 0 0 0 0 0 0 0 0 0 0 0 0 0 0 0 0 0 0 0 0 0 0 0 0 0 0 0 0 0 0 0 0 0 0.2 0 0 3 1.4000000000000001 0 0 0.8 4.800000000000001 3.2 4.4 0 0.2 0.2 0 5.6000000000000005 5.4 0 2.4000000000000004 3.4000000000000004 0 0 0 2 0 0 0 0 0 0 0 0 0 0 0 0 7 0 0 3.6 1.2000000000000002 0 0 8 0 0 0 0 0 0 0 0 0 0 0 0 0 0 0 0 0 0 0 0 0 0 0 0 0 0 0 0 0 0 0 0 0 0 0 0 0 0 0 0 0 0 0.4 0.4 0.2 0 0 1.2000000000000002 0.4 3.2 0 0 0 0 0 0 0 0 0 3.6 0 0 0 0 0 0 0 0 0 0 0 0 0 0 0 0 0 0 0 0 0 0 0 0 0 0 0 
 9 6.2 62 38.400000000000006 53.6 9.8 21.400000000000002 36.2 24 0 50.6 25.6 11 16.2 79.60000000000001 35.2 49.800000000000004 7.800000000000001 16.400000000000002 12.200000000000001 0 0 0.6000000000000001 0 0 0 1.2000000000000002 0 0 0.6000000000000001 0.2 0.4 7.2 0 0.4 0.6000000000000001 0.4 0.4 14.8 0 0.4 0 0 0 0.2 1 0 0 0 0 0 0 0.6000000000000001 0 0 0 0 0 0 0 0.2 0 0 0 0 0 0.2 0 0 0.4 0 0.4 0.6000000000000001 0.6000000000000001 0 0.4 0 0.2 1.4000000000000001 0 3.4000000000000004 0.4 0 0 1.8 0 3.6 0 2.6 1.8 4.2 0 0 0 0.2 0 2.4000000000000004 2.4000000000000004 2.6 0.4 3.6 3 0 0 0 0 0 0 0 0 0 0.4 5.6000000000000005 3 2.6 0 0.2 0 2.8000000000000003 0 0 0.4 0 0 2.4000000000000004 0.2 0 0 0 0 0 0 0 0.2 0 0 0 0 0 0 0 0 0 0 0 0 0 0 0 0 0 0 0 0.8 0 0 0 0 0 0 0 0 4 0 0.2 0 0 0 0 4.4 0 0 0 3.4000000000000004 0.4 5 0 7 0 0 2 0 1.4000000000000001 0 0 0 2.4000000000000004 0 0 0 0.4 0 0 0 2.4000000000000004 6.2 0 0 4.2 0 0 0 2.8000000000000003 0 0.2 0 0 0 0 3.6 0 0 0 0 0 0 0 0 0 0 0 0 0 0 0 0 0 0 0 0 0 0 0 0 0 0 0 0 0 0 0 0 0 0 0 0.6000000000000001 0.6000000000000001 0 0 18.400000000000002 0 1 0 0 0 0.4 0 0 0 0 0 0 1.4000000000000001 0 0 0 0 0 0 0 0 0 0 0 0 2.6 0 2 0 0 0 0 0 0 0 0 0 0 0 0 
 6 22.8 56.2 33.2 21.400000000000002 52.6 34.4 34.4 5.800000000000001 50.6 0 12.8 9.200000000000001 77.60000000000001 19.400000000000002 78.80000000000001 22.6 35.6 29.8 13.600000000000001 0 1.8 1.2000000000000002 0.6000000000000001 0 0 1.2000000000000002 16.2 1.2000000000000002 1 4 0.8 0.8 11.200000000000001 1.2000000000000002 0.6000000000000001 0.6000000000000001 0.2 0 1.8 0 0 0.6000000000000001 1.2000000000000002 0.2 0 0 0.4 0 0 1.2000000000000002 0 0 0 0.6000000000000001 0.6000000000000001 0 12.4 0 0.6000000000000001 1 0 0.2 0 0 0 0.4 0.8 0.4 0 0 0 0 0.4 0.4 0.2 0.4 0.4 0 0 0.4 0.2 2.8000000000000003 3.8000000000000003 6.6000000000000005 0 1.4000000000000001 0 0 3 5.2 3.8000000000000003 7.4 10.4 2.6 7.2 1 5.6000000000000005 0 4.6000000000000005 1 2 3.8000000000000003 0 0 0 3.2 2.2 0.2 0 0 0.4 0 0 2.8000000000000003 2.8000000000000003 0.2 0 0 0 0 0 0 0 0 0.2 0 0 0 0 0 0 0 0.4 0 0 0 0 0 0 0 0 0 0 0 0 0 0 0 0.2 0.8 0 1.6 0 0 0 0 2.2 0 0 2.8000000000000003 1 1.8 3.6 0 6.2 2.6 0 3.8000000000000003 1.4000000000000001 8.8 0 2.2 2.8000000000000003 0 2.6 3.8000000000000003 0 0 0.8 0.2 0 0 0 0 0 0 2.8000000000000003 0 0 0.4 0 0 0 0 0 0 4.2 3.4000000000000004 15 0 0 1.2000000000000002 0 0.2 0 0 0 0 0 1.8 0 0 0 0 0 0 0 0 0 0 3.6 0 0 0 0 0 0 0 0 0 0 0 0 0 0 0 0 0 0 0 0 0 0 0 0.4 0 0 0 0.4 0 1.8 0 0 0.4 0 0 0 0 0 0 0 0 0 0 0 0 0 0 0 0 0 0 0 0 5.2 1.2000000000000002 0 0 0 0 0 0 0 0 0 0 0 0 0 
 8.200000000000001 6.800000000000001 14 27 38.2 11.8 8.4 44.400000000000006 16.2 25.6 12.8 0 7.6000000000000005 8 60.400000000000006 30.8 57.6 15 47.400000000000006 32 0 0.6000000000000001 0.6000000000000001 0 0 0 0.6000000000000001 15 0.2 0.6000000000000001 0.6000000000000001 0 7 15 0 0.6000000000000001 12.8 0.2 30.200000000000003 0.2 0 0 0 0 0 0 0 12.600000000000001 0 0 0 0.4 0.2 9.600000000000001 0 0.8 0.2 0.6000000000000001 0 0.4 0.4 0 0 0 0 0 0.4 0.6000000000000001 0 0 0 0 0 0 0.4 0 0 0 0 0 0.2 4.800000000000001 2.4000000000000004 0 2.2 6.800000000000001 0 7.800000000000001 2 4 6 0 1.6 2.2 1.8 2.6 10.600000000000001 3.2 0.2 0 2.2 0 2.6 0 0 0 0 0 0 0 0 0 2.2 3.4000000000000004 7.4 0 0 0 5 4.4 0 0 0 0 0 0 0.4 0 0 0 0.2 0 0 0 0 0 0 0 0 0 0 0 0 0 0.2 0 0 0 0 0 1.6 0 0 1.4000000000000001 0 0 0.2 0 0 0 0 0 2.4000000000000004 2 0 0 0 3.4000000000000004 0 4.6000000000000005 0 1 0 5.800000000000001 9.8 2.4000000000000004 2 7 0.4 0 0.2 0.2 1.2000000000000002 0 0 0.4 0 0 0 0 2 0 2 0 1.6 2.6 0 0 1.8 4 0 0 0 0.4 0 0 0 0 0 2.6 0 0 0 0 0 0 0 0 0 0 0 0 0 0 0 0 0 0 0 0 0 0 0 0 0 0 1 0 0 0 0 0 0.2 0 0 0.4 0.8 0.4 1.6 34.2 1.6 3 0 0 0 0 0 0 0 0 0 0 1.2000000000000002 0 0 0 0 0 0 0 0 0 0 0 0 3.2 0 4.800000000000001 0 0 0 0 0 0 0 0 0 0 0 0 
 73.60000000000001 31 13 15 14 6 32.2 43.2 17.400000000000002 11 9.200000000000001 7.6000000000000005 0 34.4 28 9.600000000000001 24.400000000000002 25.200000000000003 79.2 76.60000000000001 0 0.6000000000000001 0.6000000000000001 0 40.2 0 0.6000000000000001 0.4 0 0.6000000000000001 0.6000000000000001 0 0 0 0 0.8 0 0 0.2 0 0 0 0 0 0 0 0 0.4 0 0 0 0 0 0.2 0 0.6000000000000001 0 0 0 0 4.800000000000001 0 0 0 0.6000000000000001 0 0.4 0.6000000000000001 0 0 0 0.8 0.4 0 0.6000000000000001 0 0 0 0 0 1.6 0.2 0 2 0 0 9.8 0 0.8 1.8 0.4 2 2.8000000000000003 6 0.2 5.6000000000000005 0 4 4.800000000000001 3.8000000000000003 0 0 0 0 0 0 0 0 0 0 0 0 0 0 0 0 0 0 0.2 0 0.2 0 0 0 0 0 0 0 0 0 0 0 0 0 0 0 0 0 0 0 0 0 2.4000000000000004 0.4 0 0 0 0 0 0 0 0 0 0 0 4.4 0 0 0 0.4 7.2 0.4 0 0 0 0 1.6 2.6 0.8 0 2 0 2.6 0 0.2 0 0 0 2 0 0 0 0 0 0 0 0 0.2 0 0 0 0 0 0 0 0 0 2.2 0 0.2 0 0 0 0 0 0 0 0.2 0 0 2 0 0 0 0 0 0 0 0 0 0 0 0 0 0 0 0 0 0 0 0 0 0 0 0 0 0 0 0 0 0 5.4 0 0 0 0 0.2 0.2 0 0.2 0.2 1.6 0.4 0 0 0 0 0 0 0 0 0 0.4 0 0 0 0 0 0 0 0 0 0 0 0 0 0 0 0 0 0 0 0 0 0 0 0 0 0 0 
 70 10.200000000000001 34.2 43.2 13.600000000000001 25 19 57 63.400000000000006 16.2 77.60000000000001 8 34.4 0 86.80000000000001 90.60000000000001 107.80000000000001 25.8 76.2 37.6 0 0.6000000000000001 0.6000000000000001 0 0.4 0 0.6000000000000001 0 0 0.6000000000000001 0.6000000000000001 0.4 0 0 0 0.6000000000000001 0 0 0 0 0 0 0 0 0 0 0 0.4 0 0 0 0 0 0 0 0.6000000000000001 0 0 0 0 0.4 0 0.6000000000000001 0 0 0 0.4 0.6000000000000001 0 0 0 0 0 0 0.4 0 0 0 0 0 0 5.2 7.2 0 2.6 0 2.8000000000000003 0 0 4 3.4000000000000004 0 8.200000000000001 15.600000000000001 2 11.200000000000001 0 3 0 0 0 0 0 0 0 0 0 9.200000000000001 0 0 0.2 0 0 0 0 0 0 0 0 0 0 0 0 0 0 0 0 0 0 0 0 0 0 0 0 0 0 0 0 0 0 0 0.2 0 0 0 0 0 0 0 0 0 0 0 0 0 0 0 0 0 4.4 0 1.8 2.4000000000000004 0 4 2.6 2.2 9 0.4 4.800000000000001 0 2.4000000000000004 0 3.2 6.4 0 0 0.2 6.4 0 0 0 0 3.2 0 0 0 0 0 0 0 0 0 0 0 0 0 0 0 0 0 0.8 0 0 0 0 0 0 0 0 0 0 0.2 0 0 0 0 0 0 0 0 0 0 0 0 0 0 0 0 0 0 0 0 0 0.4 0 0 2 0 0 0 0 0 0 0 0 0.4 0.4 0 0 2 0 0 0 0 0 0 0 0 0 0 0 0 0 0 0.8 0.2 0 0 0 0 0 0 0 0 0 0 0 0 0 0 0 0 0 0 0 0 0 5.2 
 27.6 28.6 33.800000000000004 14.4 21 8.8 7.4 35.6 23.8 79.60000000000001 19.400000000000002 60.400000000000006 28 86.80000000000001 0 35 47.6 69.60000000000001 16.6 20.200000000000003 0 1.2000000000000002 1.2000000000000002 0.6000000000000001 0 0 0.6000000000000001 0 0.2 1 15.8 0.2 0 0 0.6000000000000001 1 0 0.2 15.4 0 0 0 0 0.4 0.6000000000000001 0 0 0.4 0 0 0.4 0 0 0 0 0.8 0.4 0.4 0 0 0.4 0 0.6000000000000001 0 0.4 0.6000000000000001 0.4 0.6000000000000001 7.800000000000001 0 0 0.4 0 0 0.4 0 0 0.4 0 0 4.4 11.200000000000001 1.6 1.2000000000000002 0 6.4 4.6000000000000005 1 5.2 5.6000000000000005 3 10.600000000000001 0 2.8000000000000003 4 8 4.800000000000001 6.800000000000001 2.4000000000000004 6.6000000000000005 0 0 0 0 0.4 0 0 0 0 0 0 0 0.4 0 0 0 0 0 2.6 3.2 0 0 0 0 0 1.2000000000000002 0 0 0 0 0 0 0 0 0 0 0 0 0 0 0 0 0 0 0 0.2 0 0 0 0 0.4 0 0 0 0 0 0 0 0 0.2 0.2 0 0 0.8 5.800000000000001 0 0 2.6 2.4000000000000004 0 3 0 0.2 1.6 3 11 4 0 1.8 2.8000000000000003 0 0 0 0 0 0 0 0 0 0 0 0.4 0 0 0 0 0 0 0.2 0 0 0 0 3 0 0 0.4 0 0 2 0 0 0 0 0 0.4 0 0 0 0 0 0 0 0 0.4 0 0.4 0 0 0 0 0 0 0.2 0 0 0 0 0 0 0 0.2 0 0 0 0.2 0 0 0.4 34.800000000000004 0 1.2000000000000002 0 0 0 0 0 0 0 0 0 0 0 0 0 0 0 0 0 0 0 0 0 0 0 0 0 0 0 0 0 0 0 0 0 0 0 0 0 0 
 23.400000000000002 9.600000000000001 40.400000000000006 71 60.800000000000004 16.6 29 61.6 9.8 35.2 78.80000000000001 30.8 9.600000000000001 90.60000000000001 35 0 18 10.4 4.2 29 0 0.6000000000000001 0.6000000000000001 0 0 0 0.6000000000000001 0 0 0.6000000000000001 0.8 0 7.4 14.8 0 16.400000000000002 0 0.4 16.400000000000002 0.4 0 0 0 0 0 0.2 0 0.4 0 0 0 0 0 0 0 0.6000000000000001 0.2 0 0 0 0.4 0 0.6000000000000001 0 0 0 0.4 0.6000000000000001 0 0 0 0 0 0 0.4 0 0 0 0 0 4.800000000000001 0.2 1.4000000000000001 2 0 5.6000000000000005 10.200000000000001 4.800000000000001 4.6000000000000005 5.4 4.6000000000000005 3 3.6 1.6 0.2 0.2 9.600000000000001 4.4 2.2 0 0 0 0 0 0 0 3.2 0 0 0 0 0 5 0 4.4 0 0 0 1.6 0 0 0 0 0 0 0 0 0 0 0 0 2 0 0 0 0 0 0 0 0.4 0 0 0.2 0 0 0 0 0 0.2 0 1 0.2 0 0 0 0 0 0 0 0 0.2 3.6 6.800000000000001 0 3 1.8 0.2 0 0 3.2 0.2 4.6000000000000005 0 2.8000000000000003 3.2 5 0.2 6.4 0.2 0 0 0 0 0 0 0 0 0 0.2 0 0 0 0 0 0 0 0 0 0.2 0 0 0 0 0 0 0 0 0 0 1.8 0 0 0.4 0 0 0 0 0 0 0 0 0 0 0 0 0 0 0 0 0.2 0 0 0 0 0 0 0.2 0 0 0 0 0 0 0 0 0 0.2 0 1.2000000000000002 22 0.2 1 0 0 0 0 0 0 0 0 0 0 0 0 0 0 0 0 0 0 0 0 0 0 0 4.6000000000000005 0 2 0 0 0 0 0 0 0 0 0 0 0 0 
 79 29.6 45.800000000000004 4.6000000000000005 56.400000000000006 13.600000000000001 39.800000000000004 27.8 86 49.800000000000004 22.6 57.6 24.400000000000002 107.80000000000001 47.6 18 0 15.600000000000001 27.400000000000002 30.6 0.4 0.6000000000000001 0.6000000000000001 0 0 0 0.6000000000000001 0 0 0.6000000000000001 0.6000000000000001 0 0 0 0.4 0.6000000000000001 0 8.6 0 0 0 0 0 0 0 0 0 0.4 0 0 0 0 0 0.4 0 1.4000000000000001 0 0 0 0 0.4 0 0.2 0 0 0 0.4 3.6 0 0 0 0 0 0 0.4 0 1.2000000000000002 0.2 0 0 5 2.2 2.4000000000000004 0 2.2 0 10.600000000000001 8.200000000000001 0 4.2 0 9 5.2 2.4000000000000004 3.4000000000000004 5 4 3.4000000000000004 10.200000000000001 1.4000000000000001 0 2.2 0 0 0.2 0 0 0 0 0 0 0 0 0 0 0 0 0 0 0 0 0 0 0 0 0 0 0 0 0 0 0 0 0 0 0 0 0 0 0 0 0 0.8 0 0 0.4 0 0 0 0 0.2 0 0 0 0 0 0 0 0 0.2 2.4000000000000004 5.4 0 2.4000000000000004 4.2 0.2 11 2.8000000000000003 8.200000000000001 0 0.2 4.2 0 3.6 9.200000000000001 0 5.6000000000000005 2 1 8.6 0 0 0 0 0 2.2 0 0 0 0 0 2.4000000000000004 0 0 0 0 0 0 0 0 0 0 0 0 0 0 0.2 0 0 0 0 0 0 0 0 0.2 0 0 0 0 0 0 0 0 0 0 1.8 0 0 0 0 0 0 0 0 0 0 0 0 0 0 0 0 0 0 0 0.2 0 0 0.2 0.2 5.2 1.8 0 0 0 0 0 0 0 0 0 0 0 0 0 0 0 0 0 0 0 0 0 0 0 2.8000000000000003 0 0 0 0 0 0 0 0 0 0 0 0 0 
 51 65.60000000000001 23.6 43.800000000000004 15.600000000000001 8.6 8.8 44.2 34.800000000000004 7.800000000000001 35.6 15 25.200000000000003 25.8 69.60000000000001 10.4 15.600000000000001 0 9.600000000000001 23.8 0 0.6000000000000001 0.6000000000000001 0 0 0 0.8 15 0 0.6000000000000001 0.6000000000000001 0 14.8 0 0.2 0.6000000000000001 0 0.2 7.2 0 0 0 0 12.600000000000001 0 0 0 0.4 0 0 0 0 0 0 0 1 0 0 0 0 0.4 0 0.4 0 0 0 0.4 0.6000000000000001 0 0.2 0 0 0 0 0.4 0 0 0 0 0 3.6 3.6 2.6 4 1.6 0.2 3.4000000000000004 3.4000000000000004 0 2.8000000000000003 1 3.8000000000000003 1.2000000000000002 3.4000000000000004 0.2 2.4000000000000004 5.800000000000001 8.200000000000001 4.4 0 5.6000000000000005 0.2 5.2 0 0 0 6.2 0 1 0 0 0 1.8 1.6 4 2.8000000000000003 1.6 0 2.6 0 0 0 0 0 0 0 0 0 0 0 0 0 0 0 0 0 0 0 0 0 0 0 1 0 0 0 0 0 0 0 0 0 0 0 0 0 0.8 0 0 1 2.8000000000000003 6.2 2.2 5.800000000000001 0 5 5 2.8000000000000003 2.2 2.2 0.2 1.2000000000000002 0 0 8.200000000000001 4 0.2 0 1.4000000000000001 0 0 0 0 0 0 0 0 0 0 0 0 0 0 0.4 0 0 0 0 3.6 5.2 0 0 0 0 0 0 0 0 0 0 0 0 0 0 0 0 0 0 0 0 0 0 0 0 0 0 0 0 0 0 0 0 0 0 0 0 0 0 0 0 0 0 0 0 0 0 0 0 0.4 0 1.6 2.2 0 0 0 0 0 0 0 0 0 0 0 0 0 0 0 0 0 0 0 0 0 0 0 3.8000000000000003 0 0 0 0 0 0 0 0 0 0 0 0 0 0 
 31.8 18 8.8 59.800000000000004 13 10.200000000000001 17 34.4 56.400000000000006 16.400000000000002 29.8 47.400000000000006 79.2 76.2 16.6 4.2 27.400000000000002 9.600000000000001 0 58 0 0.6000000000000001 0.6000000000000001 0 0 0.4 0.6000000000000001 0.4 0 0.8 0.6000000000000001 0 0 0 0 0.4 0.6000000000000001 16.6 0 0 0 0 0 0 0 0.6000000000000001 0 0.4 0 0 0 0 0 0 0.4 0.6000000000000001 0 0 0 0 0.4 0 0.2 0 0 0 0.4 2 0 0 0 0 0 0 0.4 0.4 0.8 0 0 0 3.2 1.6 0.6000000000000001 0 5.6000000000000005 0 10 6 0 0 6.800000000000001 4.4 6.800000000000001 1.4000000000000001 5.4 3.4000000000000004 0 2.4000000000000004 0 5.6000000000000005 0 0 0 0 0 0 0 0 0 0 0 0 0 0 0 0 0 0 0 0 0 0 0 0 0 0 0 0 0 0 0 0 0 0 0 0 0 0 0 0 0 0 0 0 0 0 0 0.4 0 0 0 0 0 0 0 0 0 0.6000000000000001 0 0 0 0 2 0 0 0 3.4000000000000004 0 7 0.8 5.800000000000001 3.8000000000000003 5.800000000000001 2.4000000000000004 1.6 0 0 0 0 13.200000000000001 0 0 0.2 0 0 0 0 0 0 0 0 0 0 0 0 0 0 0 0 0 0 0 0 0 0 0 0 0 3.6 0 0 0 0 0 0 0 0 0 0 0 0 0 0 0 0 0 0 0 0 0 0 0 0 0 0 0 0 0 0 2.2 0 0 0 0 0 0 0 0 0 0.4 0 0.4 2.8000000000000003 0 0 0 0 0 0 0 0 0 0 0 0 0 0.2 0 0 0.4 0 0 0 0 0 1.6 3.2 0 0 0 0 0 0 0 0 0 0 0 0 0 
 13.8 66.2 62.800000000000004 7.800000000000001 57.800000000000004 28.8 41 23.400000000000002 12.600000000000001 12.200000000000001 13.600000000000001 32 76.60000000000001 37.6 20.200000000000003 29 30.6 23.8 58 0 0 0.6000000000000001 0.6000000000000001 0 0 0.4 0.6000000000000001 0 0.4 0.6000000000000001 0.6000000000000001 0 0 0 0 0.4 0 0.6000000000000001 0 0 0 0 0 5.6000000000000005 0 0 0 0.4 13.600000000000001 0 0 0 0 0 0 0.8 0 0 0 0 0.4 0 0 0 0 0 0.4 2 0 0 0 3.4000000000000004 0.4 0 0.6000000000000001 0 0 0 0 0 5.4 3.2 2.4000000000000004 0.6000000000000001 4.6000000000000005 4.2 0 14.8 7 0.4 3.6 2.8000000000000003 7.2 4 12 11.4 0 6 3 2.4000000000000004 0 0 0 5.4 0 0 0 0 0 0 0.2 0 4.6000000000000005 0 0 0 0 0 3.2 3.6 0 0 0 2 0 0 0 0 0 0 0 0 0 0 0 0 0 0 0 0 0 0 0.6000000000000001 0 0 0 0 0 0 0 2 0 0 0 0 0 0 0 0 1.2000000000000002 5.6000000000000005 6 7.800000000000001 0.2 2.2 2.6 3.4000000000000004 4.4 0.2 2.6 4 4 4 5.4 6.2 2.8000000000000003 0 2.6 0 0.6000000000000001 0 0 0 0 0 0 0 0 0 0 0 0 0 0 0 0 0 0 0.2 0 0 0 0 0 0 0 0 0 0.2 0 0 0 0 0 0 0 0 0 0 0 0 0 0 0 0 0 0 0 0 0 0 0 0 0 0 0.4 0 0 0.4 2.6 0 0 0 0 0 0 17.400000000000002 0.6000000000000001 0 18 0 1.2000000000000002 0.2 0 0 0 0 0 0 0 0 0 0 0 0 0 0 0 0 0 0 0 0 0 0 0.2 0.2 0 0 0 0 0 0 0 0 0 0 0 0 0 
 0 0 0 0 0 0 4 0 0 0 0 0 0 0 0 0 0.4 0 0 0 0 69.2 39.6 44.2 16 19.400000000000002 11 72.2 6.4 10.8 99.4 32 21.8 25 53.400000000000006 19.8 6.2 65.8 5.4 54.800000000000004 0.6000000000000001 0 0 0 0 0 0.4 0.4 0 0 0 0 0.4 0 0 0.4 0 0 0.4 0 0.6000000000000001 0.4 0 2.8000000000000003 0 5 0 0.6000000000000001 0 1 0 0 0 0 0 0 0 0.6000000000000001 0 0 0 0 0 0 1.6 0.2 0 0 0 0 0 0 0 0 0 0 0 0 0 0 2.8000000000000003 0 2.2 4.4 2.4000000000000004 0 0.2 2.6 1.4000000000000001 4 2.6 3.2 0.4 4.4 2 6 7.4 1.2000000000000002 2.2 2.8000000000000003 0 2.8000000000000003 0 0 0 0 0 0 0 0 0 0 2 0 0 0 0 0 0 0 0 0 0.4 0 0 0 0 0 0 0 0 0 0 0 0 1.8 0 0 0 0 0 0 0 0 0 0 0 0 0 0 0 0 0 0 0 0 0 0 0 0 0 2.8000000000000003 2 3.6 2.4000000000000004 0 4.800000000000001 0.2 6.2 0 0.2 0 10 3.6 3.4000000000000004 4.4 2.4000000000000004 5.2 0 0.2 0 0 0 0 0 0 2.4000000000000004 0 0 0 0 0 0.2 0 0 0 0 0 0 5 0 0 0 0 0 0 0 0 0 0 0 0 0.4 0 0 0 0 0 0 0 0 0 0 0 0 0 0 0 0 0 0 0 0 0.2 1.2000000000000002 0 0 0 0.2 0 3.4000000000000004 0 0 0 0 0 0 0 0 0 0 0 0 0 0 0 0 0 0 0 0 0 0 0 0 3.4000000000000004 1.8 0 0 0 
 0.6000000000000001 0 0.6000000000000001 1.4000000000000001 0.6000000000000001 0.6000000000000001 1.2000000000000002 0.6000000000000001 0.6000000000000001 0 1.8 0.6000000000000001 0.6000000000000001 0.6000000000000001 1.2000000000000002 0.6000000000000001 0.6000000000000001 0.6000000000000001 0.6000000000000001 0.6000000000000001 69.2 0 52 58 22.400000000000002 23.8 46.800000000000004 32.4 53.800000000000004 27.200000000000003 31.8 34.2 28.8 32 8.6 32.800000000000004 13.8 7.4 10 15.8 0.2 0 0.2 0.4 0 0 0.4 0.4 0 0.4 0 0.4 0.4 0 0 1 0.4 0 0.4 0 0.6000000000000001 0.4 0 1 0.6000000000000001 11.200000000000001 0 0.4 0 1 0.6000000000000001 0.6000000000000001 0 0 0 0 0.2 1 0.6000000000000001 0 0 0 0 0 0 0 0 0 0 0 0 0 0 0.2 0 0 0 0 0 0 0.2 3.6 6 10.4 3 0 6.800000000000001 0.2 0.2 6.800000000000001 3.8000000000000003 4.4 1.8 5.800000000000001 4.4 4.800000000000001 3 2.6 0 0.2 0 2.8000000000000003 0 0 0 0 0 0 0 0 0 0 2.6 0 0 0 0 0 0 0 0 0 0 0 0 0 3.6 0 0 0 0 0 0 0 0 0.4 0 0 0 0 0 0 0 0 0 0 0 0 0 0 0 0 0.4 0 0 0 0.2 0 0 0 7.800000000000001 1 2.4000000000000004 4.800000000000001 4 0 6.800000000000001 5 2.4000000000000004 4.6000000000000005 0 0 4.800000000000001 6 3.4000000000000004 6.2 2.4000000000000004 9.8 0 7.2 0 0 0 0 0 0 0.4 0.4 0 0 0 0 0 0 0 0 0 0 2.4000000000000004 4.2 0 0 0 0 0 0 0 0 0 0 0 0 0 0 0 0 0 0 0 0 0 0 0 0 0 0 0 0 0 0 0.4 0 0 0 1.2000000000000002 0 0 0 8.4 0 2.6 0 0 0 0 0.4 0 0 0 0 0 0 0 0 0 0 0 0 0 0 0 2.2 0 0 0 5 2.4000000000000004 0 0 0 
 0.6000000000000001 0 0.6000000000000001 0.6000000000000001 0.6000000000000001 0.6000000000000001 0.8 0.6000000000000001 0.6000000000000001 0.6000000000000001 1.2000000000000002 0.6000000000000001 0.6000000000000001 0.6000000000000001 1.2000000000000002 0.6000000000000001 0.6000000000000001 0.6000000000000001 0.6000000000000001 0.6000000000000001 39.6 52 0 85.80000000000001 8 20 13.200000000000001 21.8 11.200000000000001 27 30.6 68.4 60.6 29.6 27 92 18.400000000000002 33.2 11.8 64 0 0 0 0 0.4 0 0.6000000000000001 0.4 0 0 0.4 0 0.4 0 0.4 0.4 0.2 0 5.2 0 0.6000000000000001 0.4 0 1.4000000000000001 10 10 0 0.6000000000000001 0 0.8 0 10.200000000000001 0 0 0 6.6000000000000005 0 0.6000000000000001 0.4 0 0 0 0 0 0 0 0.2 0 0 0 0 0 0 0 0 0 0 0 0 0 0 8.8 0 5.2 5.4 0 3.6 0.2 0 5.800000000000001 4 3.4000000000000004 3.8000000000000003 3.6 2 5.2 0.4 7.2 0 1.6 0 2.4000000000000004 0.4 0 0 0 0 0 0 0 0 0 2 1.6 0 0 0 0 0 0 0 0 0 0 0 0 0 0 0 0 0 0 0 0.4 0 0 0 0 0 0 0 0 0 0 0 0 0.4 0 0 0 0 0 0 0 0 0 0 0 0.8 0 2.8000000000000003 5.4 0 13 2.2 2.2 6 8.6 0 10.4 0.6000000000000001 2.2 2.2 5.4 4.2 9.200000000000001 0 3.4000000000000004 0 7 2.4000000000000004 0 0 0 0 0 0 0 0 0 1.4000000000000001 0 0.2 4 0 0 0 0 4 3 0 0 0 0 0 0 0 0 0 0 0 0 0 0 0 0 0 0 0 0 0 0 0 0 0 0 0 0 0 0 0 0 0 0 1.8 0.2 0.4 0 24 0.4 0.4 0 0 0 0 0 0 0 0 0 0 0 0 0 0 0 0.4 0 0 0 0 4.4 0 0 0 3.8000000000000003 2.4000000000000004 0 0 0 
 0 0 0 0 0.2 0 0 0.4 0 0 0.6000000000000001 0 0 0 0.6000000000000001 0 0 0 0 0 44.2 58 85.80000000000001 0 22.6 71.60000000000001 13.600000000000001 31.200000000000003 15.8 84 28.200000000000003 58.6 29.400000000000002 15.4 19.8 63.2 53 8.6 15.200000000000001 23.200000000000003 0.4 4 0 0 1 0.4 0.6000000000000001 0.8 0 0 0 0.2 4.2 15.200000000000001 0 0 0 0 1 13.4 0.6000000000000001 0.4 0 10.600000000000001 0 8 0 1 0 1.2000000000000002 0 0 0 0 0 0 0 0.6000000000000001 0 0 0 0 0 0 0 0 0 0 0 0 0 0 0 0 0 0 0 0 0 0 0 0 0 2.4000000000000004 3.2 2.8000000000000003 2.2 1.6 10.600000000000001 0 5.4 7 0 0 0 6.2 3.8000000000000003 3.8000000000000003 2 3.6 0 3.6 0 0 0 0 0 2.6 0 0 0 0 0 0 0 0 0 0 1.4000000000000001 0 0 0 0 0 0 0 0 0.4 0 0 0 0 0 0 0 0 0 0 0 0 0 0.2 0 0 0 0 0 0 0 0.2 0 0 0 0 0 0 0 0 0 0 0.4 0 1.4000000000000001 3.8000000000000003 9.200000000000001 0 10.200000000000001 3.4000000000000004 0 2.8000000000000003 7.2 1.6 0 0.8 3.8000000000000003 0 3.4000000000000004 0 0.2 0 1.6 0 6 0 0 0 6.4 4.4 0 0 0 0 6.2 0 2.6 0 0 0 0 6.4 0 0 0 0 0 0 0 0 0 0 0 0 0 0 0.4 0 0 0.2 0 0 0 0 0 0 0 0 0 0 0 0 0 0.2 0 0 0.4 0 0.4 0.6000000000000001 0.4 0 0 5.800000000000001 0 0 0 0 0 0 0 0 0 0 0 0 0 0 0 0 0 0 0 1.2000000000000002 0 0 0 0 0 0 0 0 
 0 0 0 18.2 0 0 0.4 0.6000000000000001 0 0 0 0 40.2 0.4 0 0 0 0 0 0 16 22.400000000000002 8 22.6 0 15.200000000000001 13.200000000000001 10.200000000000001 31.6 32 40.800000000000004 35.6 14.600000000000001 15.200000000000001 8.200000000000001 33 30.200000000000003 23 10.4 11.600000000000001 12.200000000000001 12.600000000000001 0 0 0 0 14.4 15 0 0 0 0 0.4 0 0 0.2 0 0 13.200000000000001 19 1.4000000000000001 0.4 0 0 0 0.4 0 0.6000000000000001 0 0 0.6000000000000001 0 0 0 0 0 0 0.6000000000000001 0 0 0 0 0 0 0 0 0 0 0 0 0 0 0 0 0.4 0 0 0 0 0 0 0 0 1.6 3 0 0 2.2 2 0 0.4 2.4000000000000004 0 0 0 3.8000000000000003 5.4 0 0 0 3.8000000000000003 4 0 0 0 0 2.4000000000000004 8.6 0 0 2.6 0 9.4 0 0.8 7.2 0 0.8 2.4000000000000004 1.8 0 0 0 1.2000000000000002 0 0 0.8 0 0 0 0 0 0 0 0 0 0 0 0 0.4 0 0 0 0 0 0.4 0 0 3.6 0 0 0 0 0 0 1.2000000000000002 0 0 0 0 0 1.6 3.2 0 0.6000000000000001 0 0 0.2 1.8 3.4000000000000004 0 5.4 0 0 0 0 0.2 0 0 0 0 0 0.2 0 0 0 2.6 2.6 2.4000000000000004 2 0 0 1.8 0 1.2000000000000002 4.6000000000000005 3 0 2.4000000000000004 0 0 0 0 0 0 0 0 0 0 0 0 0 0 0 0 0 0 0 0 0 0 0 0 0 0 0.4 0 0 0 0 0 0 0 0 2.4000000000000004 0.2 0.6000000000000001 8.4 0.2 0 0.6000000000000001 0.4 0 0 0 0 1.8 0 0 0 0 0 0 0 0 0 0 0 0 0 0 0 0 0 0 0 0 0 0 0 
 0 15 0.2 0.2 0 0.2 0 0 0 0 0 0 0 0 0 0 0 0 0.4 0.4 19.400000000000002 23.8 20 71.60000000000001 15.200000000000001 0 4.6000000000000005 9.200000000000001 45.400000000000006 43.2 42.6 73.8 4.4 7.800000000000001 10.8 117 97.60000000000001 54.400000000000006 8.8 47.800000000000004 13.4 0 0 0 0 0 0.4 1.4000000000000001 0.4 0 0 0 12.8 4.6000000000000005 1.4000000000000001 0.4 0.2 0 12.8 0.2 1.4000000000000001 0.4 0 0 0 0.4 0 0.6000000000000001 0 0 0.6000000000000001 0 0 0 0 0 0 0.6000000000000001 0 0.6000000000000001 0 0 0 0 0 0 0 0 0 0 0 0 0 0 0 0 0 0 0.4 0 0 0.4 1.8 0 0 0.6000000000000001 0 3.6 1.8 4.2 2 13.8 0 0 0 0 4.2 4.2 0 0 0 11.600000000000001 0 0 0 0 0.8 4.800000000000001 0 0 0.2 0 9 0 0 0 0 0 4.4 4.6000000000000005 0 0 0 2 0 0 0 0 0 0 0 0 2.6 0 0.2 0 0 0 0 0 0 0 0 0 1.2000000000000002 1.2000000000000002 0 1 0 0 0 0 0 1.6 0 0 0 2.2 0 0 0 5 2.8000000000000003 0.4 3.6 2.6 0 0 2 3 0 7.2 0 0 0 0.4 0 0 0 0 4.4 0 3.8000000000000003 0 0 0 6.6000000000000005 0.8 0 0.4 0 0 1.8 0 4.6000000000000005 0.2 0 0 5.4 6.800000000000001 0 5 0 0 0 0 0 0 0 0 0 0 0 0 0 0 0 0 0 0 0 0 0 0 0 0 0 0 0 0 0 0 0 0 3.4000000000000004 0 1 1.2000000000000002 30.400000000000002 0 0 0 0.2 0 0 0 2.2 0 0 0 0 0 0 0 0 0 0 0 0 1.8 0 4.2 0 0 0 2.6 0 0 0 0 
 0.6000000000000001 0 42 0.6000000000000001 0.8 15.600000000000001 0.6000000000000001 0.8 0.6000000000000001 1.2000000000000002 1.2000000000000002 0.6000000000000001 0.6000000000000001 0.6000000000000001 0.6000000000000001 0.6000000000000001 0.6000000000000001 0.8 0.6000000000000001 0.6000000000000001 11 46.800000000000004 13.200000000000001 13.600000000000001 13.200000000000001 4.6000000000000005 0 79.60000000000001 49.2 14.8 8 5 12.8 13 16.2 6.6000000000000005 20 39.400000000000006 6.800000000000001 53.6 0 0 0 0 12.200000000000001 0.6000000000000001 0.4 0.4 0 0 0 1.2000000000000002 0.4 0 0 1.2000000000000002 0 0 1 0 0.6000000000000001 0.8 0 0 0 0 0 0.6000000000000001 0.4 0 0 0 0 0 0 0 0 0.6000000000000001 0.2 0 0 0 0 0 2.2 0 0 0 0 0 0 2.4000000000000004 0 0 0 0 0 0 2.6 0 3 9.4 18.400000000000002 0 0 0 1.4000000000000001 8.8 8.200000000000001 9.200000000000001 7 0 0 5 7.2 1.6 2.2 1.8 0 13.200000000000001 0 0 0 0 0 0 0 0 0 0 0 0 0 2.2 0 0 0 0 0 0 0 0 0 0 0 0 0 0 0 0 0 0 0 0 0 0 0 0 0 0 0 0.8 0 0 0 0 0 0 0 0 0 0 0 0 0 0 0 0 0 0 5.4 5.2 7 3.8000000000000003 0 0 4 2.4000000000000004 9.200000000000001 7 5.800000000000001 2.8000000000000003 3.4000000000000004 4.2 4.2 0 4.4 15.4 2 3.8000000000000003 0 0 0 0 0 0 0 0 0 0 0 0 0 0 0 0 0 0 0 0 0 0 0 0 0 0 0 0 0 0 0 0 0 0 0 0 0 0 0 0 0 0 3.6 0 0 0 0 0 0.2 0 0 0 0 0 2.4000000000000004 0 0 0 0 0 1.2000000000000002 0 0 0 0 12.8 0 0 0 0 0 0 0 0 0 0 0 1.6 0 0 0 0 0 0 0 0 0 0 0 0 
 0.2 0 0 0.2 15 0 0.6000000000000001 0.4 0.4 0 16.2 15 0.4 0 0 0 0 15 0.4 0 72.2 32.4 21.8 31.200000000000003 10.200000000000001 9.200000000000001 79.60000000000001 0 29.8 11 50.800000000000004 9.8 15.8 22.8 59.2 23 19.200000000000003 10 11.8 49.400000000000006 0 0 0 0.2 0 0 0.4 0.4 0 0 0 0 0.4 0 0 1.2000000000000002 0 0 0.4 1 0.6000000000000001 0.4 0 0 0 0 0 0.6000000000000001 0 0 0 0 0 0 0 0 0 0.6000000000000001 0 0 0 0 0 12.200000000000001 1.6 0 0 0 0 0 0 3.4000000000000004 0 0 0 0 0 0 0 0 4.6000000000000005 6.800000000000001 6.800000000000001 8.6 10 0 3.8000000000000003 5 7.6000000000000005 2.4000000000000004 2.4000000000000004 2.4000000000000004 0.8 1.4000000000000001 2.2 0.8 2 3.6 1.6 5.6000000000000005 0 0 0 0.4 0 0 0 0 0 0 0 0 0 0.2 0 0.2 0 0 0 0 0 0 0 0 0 0 0 0 0 0 0 0 0 0 0 0 0 0 0 0 0 0 0.2 9.8 0 3.8000000000000003 0 0 0 0 0 0 0 0 0 0.2 0 0.2 2.2 5.2 9.200000000000001 7.4 6.2 5 0 0 2.8000000000000003 10 2.8000000000000003 1.6 3.8000000000000003 0 5.4 2 2.2 3 3.6 16.6 5.800000000000001 9 1.4000000000000001 0 0 0 0 0 4.4 0 0 0 0 0 2.4000000000000004 7 0 0.2 0 0 0 11 0 0 0 0 0 0 0.4 0 0 0 0 0 0 0 0 0 0 0 0 0 0 0 3 0 0 0 21.200000000000003 0 0 0 0 0 0 0 2 0.2 0 0 0 0 0.8 0 0.2 0 0 0 0 0 0 0 0 0 0 0 0 4 0 0 0 0 0 0 0 0 0 2.4000000000000004 0 0 0 0 
 0 0 0.2 0 0 0.2 0.6000000000000001 0 0.2 0 1.2000000000000002 0.2 0 0 0.2 0 0 0 0 0.4 6.4 53.800000000000004 11.200000000000001 15.8 31.6 45.400000000000006 49.2 29.8 0 14.8 11.200000000000001 8.8 12 28.8 10.600000000000001 25.6 42.6 6 14 25.400000000000002 0 0 0 0 0 0 0.8 0.6000000000000001 0 0 0 0.6000000000000001 3.6 0 0.4 1.6 0 0 0.4 0.4 1.6 0.4 0 0 0 0.2 0 0.6000000000000001 0 0 0 0 0 0 0 0 0 0.6000000000000001 0 0 0 0.4 0 0 0.2 0 0 0 0 0 0 0 0 0 0 0 0 0 0.4 0 0 2.2 4.2 0 2 0 0 5.6000000000000005 4 0 4.4 7.2 0 3 0 3.6 5.2 1.6 2.6 6.800000000000001 0 0 0 0 0 0 0 6.2 0 0 0 0 0.4 0 0 0 0 0 10.4 0 0 0 0 0 0 0 0 0 0 0 0 0 0 0 0.2 0 0.8 0 0 0 0 0.4 0 2.2 0 0.6000000000000001 0 0 0 0 0 0 0 0 0 0 0 0 0 0 4.6000000000000005 7.6000000000000005 6.4 0 3.2 0 0 0 6.4 0.2 8.200000000000001 7.6000000000000005 2.4000000000000004 4.4 7.4 0.4 2.8000000000000003 2.4000000000000004 0 2.6 1.6 0 4.6000000000000005 0 0 0 4.4 1.8 0 0 0 0 3.2 0 0 2.4000000000000004 0 0 0 2.6 0 0.4 0 0 0 0 0 0 0 0 0 0 0 0 0 0 0 0 0 0 0 0 2.6 0 0 0 0.8 0 0 0 0 0 0 0 1.8 0 0 0 0 0.2 2.4000000000000004 2.8000000000000003 0 0 0 0 0.6000000000000001 0 0 0 0 0 0 0 0 0 0 0 0 0 0 1.2000000000000002 0 0 0 0 0 0 0 2.2 
 0.6000000000000001 0 0.6000000000000001 0.6000000000000001 0.6000000000000001 0.6000000000000001 0.6000000000000001 18.400000000000002 0.6000000000000001 0.6000000000000001 1 0.6000000000000001 0.6000000000000001 0.6000000000000001 1 0.6000000000000001 0.6000000000000001 0.6000000000000001 0.8 0.6000000000000001 10.8 27.200000000000003 27 84 32 43.2 14.8 11 14.8 0 16.2 83.80000000000001 8.200000000000001 57.800000000000004 13.8 57.6 13.4 21.6 14.4 26.6 0 13 0 0 0 0 0.4 0.4 0 0 0 0 0.4 0 1.2000000000000002 0.4 0 0 33.800000000000004 6.4 1.6 0.4 0 0.2 0 0.2 0 0.4 0 0 0 0 0 0 7.4 6.6000000000000005 0 0.6000000000000001 0 0 0.4 0 0 0 1.4000000000000001 0 0 0 0 0 1.8 0 0 0 0 0 0 0 0 0 2.4000000000000004 3.6 2 0 8 4.2 0.2 8.4 0 3.8000000000000003 11.600000000000001 3.4000000000000004 0 1.8 2 0.2 6.6000000000000005 2.8000000000000003 0 5.2 2.2 6.6000000000000005 0 0 0 0 0 0.4 0 0 0 0 2.2 1.6 0 0 0 0 4.2 10.8 0 0 0 0 2.4000000000000004 0 2.6 0.8 0 0 0 0 0.2 0 0 0 0 0 0 0 0 0 0 0 0.2 0.4 0 0.2 0 0 0 0.2 0 0 0 0 0 0 1.6 0 0 14 3.2 1 9.8 0 0 0.2 2.6 3.6 3.4000000000000004 4.2 2.6 0 0 2 0 2.2 0 0.2 8 0 0.2 0 0 0 2.6 0 0 0 0 0 4 2 2.6 0 0 0.2 2.8000000000000003 2.8000000000000003 0 0 0 0 0 0 0 0 0 0 0 0 0 0 0 0 0 0 0 0 0 0 0 0 0 0 0 0 0 0 0 0 0 0 1.8 0.6000000000000001 1 20.200000000000003 15.200000000000001 0.4 0 0 0 0 0 0 1.4000000000000001 0 0 0 0 0 0 0 0 0 0 0 0 0 0 2 0 0 0 0 0 0 0 0 
 1.4000000000000001 0 0.6000000000000001 0.6000000000000001 0.6000000000000001 0.6000000000000001 0.6000000000000001 15.600000000000001 0.6000000000000001 0.2 4 0.6000000000000001 0.6000000000000001 0.6000000000000001 15.8 0.8 0.6000000000000001 0.6000000000000001 0.6000000000000001 0.6000000000000001 99.4 31.8 30.6 28.200000000000003 40.800000000000004 42.6 8 50.800000000000004 11.200000000000001 16.2 0 50.800000000000004 22.200000000000003 22.400000000000002 26 34 28.8 61.800000000000004 8.8 23.400000000000002 0 0 0 0 0 0 1 0.4 0 0 0 0 0.4 0 0.8 0.4 0 0 0.4 0 0.6000000000000001 1.6 0 7.4 0 10.4 0 0.4 0 1.4000000000000001 0 0 2.2 0 0 0 0 0.6000000000000001 0.6000000000000001 0 0.2 0 0 0 0 0 0 0 0 0 0 0 0 0 0 0 0 0 0 0 0 0 2.4000000000000004 4.6000000000000005 2.4000000000000004 0 3.6 0 0.2 9 0 6.6000000000000005 3.6 1.4000000000000001 2 5.6000000000000005 4.2 8.200000000000001 3 0 0 2.6 0 0 0 8.6 0 0.4 0 0 0 0 4.2 0 0 0 0 0 0 0 0 0 0 0 0 0 0 0 0 0 1.2000000000000002 0 0.4 0 0 0 0 0 0 0 0 0 0 0 0 0 0 0.4 0 0 3.4000000000000004 0 0 0 0 0 0 0 0.2 0 0 6.800000000000001 0 1.2000000000000002 5 2 5.4 7 2.4000000000000004 7 0.6000000000000001 0 4.2 2.6 0 3.2 4.800000000000001 3 0 3.6 0 0 0 0 0 0 2.8000000000000003 0 0 0 0 0 0 1.6 0 0 0 0.4 7.2 7.6000000000000005 0 0 0 0 0 0 0 0 0 0 0 0 1.4000000000000001 0 0 0 0 0 0 0 0 0 0 0 0 0 0 0 0.2 0 0 0 0 0 1.8 1.2000000000000002 0.6000000000000001 0.2 7.4 0 4 0 6.4 0 0 0 0 0 0 0 0 0 0 0 0 0 0 0 0 2.2 0 3 0 0 0 4.4 2.2 0 0 1.2000000000000002 
