 0 34.6 12.200000000000001 7.4 6.800000000000001 8.8 41 12.8 21.8 5 5.6000000000000005 12.600000000000001 35.800000000000004 10 16.400000000000002 13 24.200000000000003 9 48.400000000000006 49 13.8 0 0.2 0.8 0.6000000000000001 0.4 0 0.4 0 1.2000000000000002 0 0.4 0 1 0.8 1.6 0.6000000000000001 0.4 0 0.4 0 1 0.2 0.4 0.6000000000000001 0.8 7.800000000000001 0.6000000000000001 2.2 2 0 0.4 0.2 1.2000000000000002 0.4 1 0 0.6000000000000001 0 1 0 0.4 0.4 10.200000000000001 0.8 1.2000000000000002 0.4 0.8 0 0 0.6000000000000001 1.8 0 0.6000000000000001 0 0 0 8.200000000000001 0 1 4.4 1.8 5 1.8 0.2 0 4.6000000000000005 3.2 7.2 0.2 1.8 0 2 0 0 2.4000000000000004 4 6.6000000000000005 0 2 0 0 0 0 0 0 0 0 0 0 0 0 0 0 0 0 0 0 0 0 0 0.4 0 0 0 0 0 0 0 0 0.2 0 0 0 0 2.6 0 0 0 3.8000000000000003 0 0 0 0 0 0 0 0 0.2 0 0 0 0 0 0.2 0 0 0 0 0 2.8000000000000003 0 3.8000000000000003 3.8000000000000003 3 0 5.4 0 3.2 2.6 2.6 0 1.8 0 1.4000000000000001 8.4 0.2 1.4000000000000001 0.2 0 0.2 0 0 0 0 0 0 0 0 0 0 0 0 0 0 0.2 0 0 0 0 0 0 0 0 0 0 0 0 0 0 0 0 0 0 0 0 0 0 0 0 0 0.2 0 0 0 0 0.2 0 0 0 0 0 0 0 0 0 0 0 0 0 0 0 0 0 0.2 0 0 0 0.2 0.2 0 1.6 0.2 0 0 0 0 0 0 0 0 0 0 0 0.6000000000000001 0 0 0 0 0 0 0 0 0 0 3.8000000000000003 2.4000000000000004 0 0 0 0 0 0 0 0 0 0 0 0 0 
 34.6 0 33.2 11.200000000000001 26.200000000000003 3.8000000000000003 35.6 32.800000000000004 33.800000000000004 5.800000000000001 9.200000000000001 4.4 10.200000000000001 28 22.200000000000003 18 11.8 15.4 13 49.400000000000006 0 0 0 1 0.6000000000000001 0 0 0 0 1.2000000000000002 0 0 0 0.4 1.2000000000000002 0 0.2 0.4 0 0.4 12.4 12.200000000000001 0 0.4 0 0 0.6000000000000001 0 0.4 0 0 0 0 0 0 0.4 0.4 0 0 0.6000000000000001 0 0 1.4000000000000001 0 5.800000000000001 0.4 0.6000000000000001 0 0 0.4 0.6000000000000001 0.6000000000000001 0 0 0 0 1.4000000000000001 0 0 0.6000000000000001 3.2 6.800000000000001 2.2 1.6 0 2.4000000000000004 6.800000000000001 0 10.4 2.4000000000000004 0 3.8000000000000003 0 0 7.2 4.800000000000001 3.8000000000000003 6.6000000000000005 0 4.2 0 0 0 0 0 0 0 0.4 0 0 0 0 0 0 0 0 0 0 0 0 0 0 1.2000000000000002 0 0 0 0 0 0 1.2000000000000002 0 0 0 0 0 0 0 0 0 0 0 0 0 0 0 0 0 0 0 0 0 0 0.6000000000000001 0 0 0 0 0 0 0 3.6 2.8000000000000003 3.2 0.2 0 0 3.4000000000000004 4.4 5 3.2 2.4000000000000004 0 7.4 7.6000000000000005 6.2 0 5.4 0 0 0 0 0 0 0 0 0 0 0 0 0 0 0 0 0 0 0 0 0 0 0 0 0 0 0 0 0 0 0 0 0 0 0 0 0 0 0 0 0 0 0 0 0 0 0 0 0 0 0 0 0 0 0 0 0 0 0 0 0 0 0 0 0 0 0 0 0 0 0 0 19.400000000000002 3.4000000000000004 1 0 0 0 0 0 0 0 0 0 0 0 0 0 0 0 0 0 0 0 0 0 0 0 4.6000000000000005 4.800000000000001 0 0 0 0 0 0 0 0 0 0 0 0 0 
 12.200000000000001 33.2 0 58.2 26.6 38 52.800000000000004 21.8 34.6 29.400000000000002 32.4 26 30.400000000000002 38.400000000000006 70.8 55.6 97.80000000000001 62.400000000000006 50.2 13.200000000000001 0 0 0 0.6000000000000001 0.6000000000000001 0 15.4 0 0 0.8 0 0 0.4 0.6000000000000001 0.6000000000000001 0.2 0 0.2 21.8 0 0 0.4 0 0 0 9.4 0.6000000000000001 0 0 0 0 0 0 0 13.600000000000001 0.4 0 0 0 8.4 0 0 1.2000000000000002 0 0 0.6000000000000001 0.4 0 0 0 0.4 0.6000000000000001 0 0 10.200000000000001 0 1.4000000000000001 0 0 0.6000000000000001 0 1.4000000000000001 2.4000000000000004 0 6.6000000000000005 8 4.6000000000000005 5.800000000000001 3.8000000000000003 1.8 4.6000000000000005 5.800000000000001 2.2 0 0.8 0 2 4.4 0 2.8000000000000003 3.8000000000000003 2 0 0 0 0 6.2 6.6000000000000005 0.2 0 0 0 2.8000000000000003 0.4 0 0 0.4 0.4 1.6 0 4.6000000000000005 0 0 0 0 0 0 0 0 0 0 0 0 0 0 0 0 0 0.4 0.2 0.4 0 0.4 0 0 0 0 0 0 0 0 0 0 0 0 0 0 0 0 0 10 3.2 3 2.6 0 4.800000000000001 2.8000000000000003 2.6 5.2 7 3 0.8 0.2 0 4.4 6.2 3 3 0.2 2 0 0 0 3 0 0 9.600000000000001 0 0 0 0 0 0 0 7.800000000000001 0 0 4 0 5.4 0 0 0 0 0 0 0 0 0 0 0 0 0 0 0 0 0 0 0 0 2 0 0 0 3.2 0 0 0 0 0 0 0 0 0 0 0 0 0 0 0 0 0 0 0 0 0.4 0 0 0.4 18 0 0 0 0 0.2 0 0 0 0 0 0 0 2.4000000000000004 0 0 0 0 0 0 0 0 0 0 0 0 0.2 2.2 1.4000000000000001 0 0 0 0 0 0 0 0 0 0 0 0.4 
 7.4 11.200000000000001 58.2 0 36.2 32 23 31.400000000000002 15.4 33.800000000000004 43.2 37.6 9.600000000000001 35.800000000000004 37.4 10 13.600000000000001 9.200000000000001 18 15.4 14.600000000000001 14.8 0 0.6000000000000001 0.6000000000000001 0 0 0 0.4 21.200000000000003 0.2 0 16.8 0.4 0.6000000000000001 0.4 0 0.2 15 0.2 0 1.4000000000000001 0 0.4 14.600000000000001 0 0.6000000000000001 0 0.4 0 0 0 0 0 0 0.4 0 0 14.600000000000001 0.6000000000000001 0 0 0.4 0 0 0.6000000000000001 0.4 0 0 0 0 0.6000000000000001 0 0 0 0.8 0 0 0 0.6000000000000001 2.2 3.4000000000000004 0 2.6 10 6.4 0 4.2 2.4000000000000004 0 8.6 5.6000000000000005 4.2 0 2.4000000000000004 6 0 2.8000000000000003 0 0 0 0 0 0 0 0 3.2 4.6000000000000005 0 0 0 0 2 7.4 0 1.6 0 0 5.2 3.2 0 0 0 0 0 0 0 0 0 0 0 0 0 0 0 0 0 0 0 0 0 0 0.2 0 0 0 0 0 0 0 0 0 0 0 0 0 0 0 0 0 0 0 4.2 3.8000000000000003 1.2000000000000002 4 0 0 3.4000000000000004 15.8 11.200000000000001 6 3.4000000000000004 0 2.8000000000000003 0 0.2 5.800000000000001 0 0 2.8000000000000003 0 0.4 0 0 2 2 0 3.6 0 0 0.4 3.4000000000000004 2.2 5 0.2 0 0 0 1.2000000000000002 0 4 0 0 0 0 0 0 0.2 0 0 0 0 0 0 0 0 0 0 0 0 0 0 0.4 0 0 0 0 0 0 0 0 0.2 0 0 0 0 0 0 0 0 3.8000000000000003 0 0 0 0 1.4000000000000001 0 0.4 0.2 0 0.8 0 0 0 0 0 0 0 0 0 0 0 0 0 0 0 0 0 0 0 0 0 0 0 0 0.2 0 0 0 0 0 0 0 0 0 0 0 0 0 
 6.800000000000001 26.200000000000003 26.6 36.2 0 80.80000000000001 13.600000000000001 11.8 21 38.800000000000004 51.6 28.8 13.200000000000001 97.60000000000001 46.6 34.6 12 8.200000000000001 18 14.4 14.200000000000001 12.600000000000001 15.600000000000001 0.8 0.6000000000000001 0.2 7.2 0 0 1 0 0 0 15.200000000000001 15.4 0.8 0 0 19.8 0 0 1 0 0 0 0 0.6000000000000001 0 0.2 0 0 0 0 0 0.2 0.4 0 0 0 0.6000000000000001 0 0 0.8 0 0 0.6000000000000001 0.4 0 0 0 0.2 0.6000000000000001 0.6000000000000001 0 0 0.8 0 0.2 0 0.8 2.2 2.2 2.8000000000000003 8.200000000000001 3 6.4 0 4 0 0 0.4 5.4 0.4 3.8000000000000003 3.6 4.2 0.2 2 0.2 0 0 7.2 0 0.2 0 0 0 3.2 6.6000000000000005 0 0.4 0 0 1.8 3.8000000000000003 0 0 0 12 2 0 0 0 0 0 0 0 0 0 0 0 0 0 0 0 0 0 0 0 0 0 0 0.2 0 0 0 0 0 0 0 0 0 0.2 0 0 0 0 0 0 0 3.2 2.8000000000000003 5.2 5.6000000000000005 0 2.2 0 5.800000000000001 2.4000000000000004 0 1 5.800000000000001 0 0 2.2 1.2000000000000002 0 9.600000000000001 0 0 0 0 0 0 0.2 0 1.8 2.8000000000000003 3.4000000000000004 4 0.6000000000000001 0 0 1.8 0.2 0 0.2 0 0 1.4000000000000001 0 0.2 0 0 0 0 0 0 1.8 0 0 0 0 0 0 0 0.2 0 0.2 0 0 0 0 0 0 0 0 0 0 0 0 0 0 0 0 0 0 0 0 0 0 3.6 0 0 0 0 18.400000000000002 0 0.8 1.2000000000000002 0.4 0.8 0 0 0 0 0 0 0 0 0 0 0 0 0 0 0 0 0 0 0 0 0 0 0 0 0 1.4000000000000001 0 0 0 0 0 0 0 0 0 0 0 0 
 8.8 3.8000000000000003 38 32 80.80000000000001 0 13.200000000000001 18.8 10.8 48.800000000000004 75 56.2 6.800000000000001 43.2 24.6 48.6 18 112.80000000000001 52.6 13.200000000000001 29.400000000000002 14.8 0 22.400000000000002 0.8 2.4000000000000004 14.8 0.6000000000000001 0 1 1 0.8 1.4000000000000001 0.6000000000000001 5.4 0.4 0.2 0 20 15.600000000000001 0.2 0.4 1 0.8 0 0.4 0.6000000000000001 0 0.6000000000000001 0 1.2000000000000002 0 1 0 0.2 0.4 0.4 0 1.2000000000000002 0.6000000000000001 0 0 1.2000000000000002 1.2000000000000002 0 0.6000000000000001 0.4 0 0 0 0.2 0.6000000000000001 2.2 0 0 0.8 0 0.4 0 1.4000000000000001 0 4 0 0 3.4000000000000004 9.4 0 0 0 0 7.6000000000000005 3.4000000000000004 0.2 0 0 0 0.4 0 0.2 3.4000000000000004 2.4000000000000004 2 4.4 0 0 0 4.6000000000000005 0 5.6000000000000005 0 0.2 0 3 4.800000000000001 4.4 2.4000000000000004 0 0 2.2 3.8000000000000003 0 0 0 0 0 0 0 0 0 0 0 0 0 0 0 0 0 0 0 0 0 0 0.4 0 0 0 0.4 0 0 0 0 0 0.4 0 0 0 0 0 0 0 4 2 0.2 0 6.4 8.8 0 1.2000000000000002 3.4000000000000004 7 2.2 2.8000000000000003 0 0 0 10 0 0.2 0 0 2.8000000000000003 2 2.2 0 0.4 0 8.8 1.2000000000000002 3.2 0 0 0 0 0 0 0.4 4 0 10 5.6000000000000005 0 0.4 0 0 0 0 0 0 0 0 0 0 0 0 0 0 0 0 0.4 0 0 0 0 0 0 0 0 0 0 0 0 0 0 0 1.6 0 0 0 0 0 0 0 0 0 0 0.6000000000000001 0 0 0.2 17.400000000000002 0.4 5.800000000000001 0.8 0 0 0 0 0 0 0 0 0 2 0 0 0 0 0 0 0 0 0 0 0 0 0 3.4000000000000004 2 0 0 0 0 0 0 0 0 0 0 0 0 
 41 35.6 52.800000000000004 23 13.600000000000001 13.200000000000001 0 30.8 31.6 11.8 26.8 6 17.2 25.200000000000003 24.8 5.800000000000001 63.800000000000004 25 19 45.6 0.2 5.800000000000001 0 0.6000000000000001 1.2000000000000002 0.4 0 0 0 0.6000000000000001 0 0 0 0.4 0.6000000000000001 0.4 0 0.2 0 0 0 0.4 0 0.2 0 0 0.6000000000000001 0 0.2 0 0 0 0 1.2000000000000002 0 0.4 0 0 0 0.6000000000000001 0 0 0.4 0 0 0.2 0.6000000000000001 0 0 0 0.6000000000000001 1 0.2 0 0 0 0 0 7.2 0.6000000000000001 3 2.6 1 5.800000000000001 2.6 0.2 1 0 0 5.800000000000001 2 0 1.6 0 4.6000000000000005 3.2 6.800000000000001 3 3.6 10.200000000000001 0 0 0 0 0 0 0 0 0 0 0 0 0 0 0 0 0 0 0.2 0 0 0 0 0 0 0 0 0 0 0 0 0 0 0 0 0 0 0 0 0 0 0 0 0 0.8 0 0 0 0 0 0 0 0 0 0 0 0 0 0 0 0 0 5.2 1.8 0 1.6 2 4.4 0 0 0 3 7.2 4 2.4000000000000004 0 0.2 0 0 0 0 0 0 0 0 0 0 0 0 0 0 0 0 0 0 0 0 0 0 0 0 3 0.4 0 0 0 0 0 0 0 0 0 0 0 0 0 0 0 0 0 0 0 0 0 0 0 0 0 0 0 0 0 2 0 0 0 0 0 0 0 0 0 0 0 0 0.4 0.6000000000000001 0.2 0.2 0 0 0.6000000000000001 0 0 1.6 0 0 0 0 0 0 0 0 0 0 0 0 0 0 0 0 0 0 0 0 3.2 0 0 0 0 0 0 0 0 0 0 0 0 0 0 
 12.8 32.800000000000004 21.8 31.400000000000002 11.8 18.8 30.8 0 53.400000000000006 7.800000000000001 76 17.400000000000002 36.800000000000004 68.60000000000001 41.400000000000006 29 62.6 66.8 19 17.6 0 0 0 0.6000000000000001 1 0 0 15.200000000000001 0 0.6000000000000001 0.4 0 0 0.4 0.8 0.4 0 0 7.6000000000000005 0 0 2.8000000000000003 0 0 0 0 0.6000000000000001 0 0 0 0 0 0 0 0 1.4000000000000001 0 0 0 0.6000000000000001 0 0 10.600000000000001 0 0 0.6000000000000001 6.4 0 0 0 0.2 0.6000000000000001 0 0 0 0 0 0 0 0.6000000000000001 10.4 0 0.2 5 2.6 0 5 3 0 7.800000000000001 11.600000000000001 9.4 0 6 2.4000000000000004 4.4 3 3 0.8 2 0 0 0 0 0 0 0 0.2 0 0 0 0 2.8000000000000003 0 0 0 0 0 0 0 0 0 0 0 0 0 0 1.4000000000000001 0.2 0 0 0 0 0 0 0 0 0 0 0 0 0 0.4 0 0 0 0 0 4 0 0 0 0 0 0 0 0 0 0 0 10 2.4000000000000004 0 3 0 5.4 6.800000000000001 0.8 1.6 5.2 1.4000000000000001 1.8 8.4 4.4 11.200000000000001 2 5.6000000000000005 0.8 0 0 0 0 0 0 0 0 2.6 0 0 0 0 0 0 0 0 0 0 0 0 1.6 0 0 0 0 0 0 0 0 0 0 0 0 0 0 0 0 0 0 0 0 0 0 0 0 0 0 0 0.2 0 0 0 0 0 0.4 0 0 0 0 0 0 0 1.6 0 0 0 0.4 0.2 0.4 0 9.8 0.2 0.6000000000000001 0 0 0 0 0 0 0 0 0 0 0 0 0 0 0 0 0 0 0 0 0 0 0 0.2 0 1.4000000000000001 0 0 0 0 0 0 0 0 0 0 0 0 
 21.8 33.800000000000004 34.6 15.4 21 10.8 31.6 53.400000000000006 0 13.4 58.800000000000004 7.4 16.6 40 53.400000000000006 36.6 35.2 52.400000000000006 45.400000000000006 24 0 0 0 1 0.6000000000000001 0 0.2 16.2 0 0.6000000000000001 0 0 0 0.4 0.6000000000000001 0.6000000000000001 0 0.2 0 0 0 0.6000000000000001 0 0 0 0 0.6000000000000001 0 0.4 0 0 0 0 0 0 0.4 0 0 0 0.6000000000000001 0 0 0.8 0 0 5.4 0.4 0 0 0.8 0.4 0.6000000000000001 0 0 0 0 0.8 0 5.2 0.8 0 8.8 0.2 4.800000000000001 0 2 4 1.6 0.8 5.2 0 0 5.2 4.4 1.4000000000000001 0 2.8000000000000003 4.4 1.4000000000000001 0 0 0 0 0 0 0 0 0 0 0 0 0 0 0 0 0 0 0 0 0 0 0 0 0 0 1.2000000000000002 0 0 0 0 0 0 0 0 0 0 0 0 0 0 0 0 0 0 0 0 0 0 0.2 0 0 0 0.6000000000000001 0 0.2 0 0 0 0 0 13.200000000000001 4.4 3.2 0.2 0 0.8 1 5.2 0 2 2 1.6 9.200000000000001 0.4 4.6000000000000005 0 2.2 7.800000000000001 0 1.6 0 0 0 0 0 0 0 0 0 0 0 0 0 0 0 0 0 0 0 0 1.8 0 0 0 0 0 0 0 0 0 0 0 0 1.8 0 0 0 0 0 0 0 0 0 0 0 0 0 0 0 0 0 0 0 0 0 0 0 0 0 0 0 0 0 0 0 0.4 0.2 0 0.6000000000000001 0 1.6 2.4000000000000004 0 0 0 0 0 0 0 0 0 0 0 0 0 0 0.4 0 0 0 0 0 0 0 0.4 3.2 0 0 0 0 0 0 0 0 0 0 0 0 0 0 
 5 5.800000000000001 29.400000000000002 33.800000000000004 38.800000000000004 48.800000000000004 11.8 7.800000000000001 13.4 0 30.400000000000002 33.800000000000004 11.8 36.6 62.6 36.4 26.8 18 18.8 11.600000000000001 0 0 0 1 0.6000000000000001 0 7 0.6000000000000001 0 0.8 0.2 0 0 17 17.400000000000002 0.8 0 0 3.8000000000000003 21 0 0.4 0.6000000000000001 0 0 0.6000000000000001 0.6000000000000001 0 0 0 0 0.2 0.4 0 0 0.4 0.4 0 0 1 0 0 0.4 0 0 0.6000000000000001 0.4 0 0 0.4 0.2 4.2 0 0 0.6000000000000001 0 0 1.4000000000000001 0 0.6000000000000001 0 1.2000000000000002 3.8000000000000003 4.2 1.6 1.8 0 3.2 0 1 3.4000000000000004 8.4 0 0 2.8000000000000003 4.6000000000000005 0.8 5 0 0 0 2.6 0 0 0 0 0 3.4000000000000004 2.6 0 0 0 0 0 3.6 2 0 0 7.4 6.2 0 0 0 0 0 0 0 0 0 0 0 0 0 0 0 0 0 0 0 0 0 0 2.2 0 0 0 0 0 0 0 0 0 0 0 0 0 0 0 0 0 6.6000000000000005 2.8000000000000003 5.800000000000001 2.2 4.4 4 0 2.4000000000000004 1.8 3.6 2.2 0.6000000000000001 0 0 0 4.4 0 5 0 0 0.2 0 0 0 0 4 5.800000000000001 2 0 0 0 0 0.2 0.4 0.2 0 0 0 4.4 1.4000000000000001 0 0 0 0 0 0 0 0 0 0 0 0 0 0 0 0 0 0 0 0 0 0 0 0 0 0 0 0 0 0 0 0 0 0 0 0 0 0 0 0 0 4 0 0 0 0.8 43.6 0 18 2.2 0.2 1 1.4000000000000001 0 0 0 0 0 0 0 0 0 0 0 0 0 0 0 0 0 0 0 0 0 0 1.8 0 2 0 0 0 0 0 0 0 0 0 0 0 0 
 5.6000000000000005 9.200000000000001 32.4 43.2 51.6 75 26.8 76 58.800000000000004 30.400000000000002 0 24 5.6000000000000005 14.8 99.4 35.2 37.800000000000004 47.800000000000004 6.4 55.2 31 15 0.8 0.6000000000000001 0.6000000000000001 0 0 0 0 0.6000000000000001 0 0 1.8 15.8 0.6000000000000001 0.4 0 0 0.8 29.6 0 0.4 0 0 0 0 0.6000000000000001 0 0.4 0 0 0 0 0 0 0.4 0 0 0 0.6000000000000001 0 10 0.4 0 0 0.6000000000000001 0.4 0 0 0 0.2 0.6000000000000001 4.2 0 0 1.4000000000000001 0 0 0 0.6000000000000001 0.2 4.4 0 4.2 0 0 0 3.2 0 4.2 8.8 12.8 3.8000000000000003 2.4000000000000004 4.2 4 0 0 2.6 0 0 4.4 0 0 0 0 3 0.2 0 4.4 0 0 0 8 3.6 10.600000000000001 0 0 5.2 1.6 0 0.2 0 0 0 0 0 0 0 0 0.4 0 0 0 0 0.4 0 0 0 0 0 0 0.4 0 0.8 0 0 0 0.4 0 0 0 0 0 0 0 0 0 0 0 0 1.2000000000000002 0 0 6.6000000000000005 18.6 0 2 0 2 2.2 4.4 0.8 2.4000000000000004 3.6 0 1.8 2.8000000000000003 0 0 4 0 8.6 0 0 0 1.6 2.8000000000000003 4 0 0 0 0.2 0.4 0 4 3.4000000000000004 0 3 0 0 0 0 0 0 0 0 0 0 0 0 0 0 0 0 0 0 0 0 0 0.8 0 0 0 0 0 0 0 0 0 0 3.8000000000000003 0 0 0 0 0 0 0 0 0 4.800000000000001 0 0 0.4 0.4 17.8 0.4 3.4000000000000004 0 0 1.2000000000000002 0 0 0 0 0 0 0 0 0 0.2 0 0 0 0 0 0 0 0 0 0 0 0 0 0 0 0 0 0 0 0 0 0 0 0 0 0 0 0 
 12.600000000000001 4.4 26 37.6 28.8 56.2 6 17.400000000000002 7.4 33.800000000000004 24 0 25.6 4.2 6.6000000000000005 10.200000000000001 16.6 52 4.800000000000001 7.6000000000000005 41 10.600000000000001 0.2 0.6000000000000001 1 0.4 4.2 21.6 0 0.6000000000000001 0.4 0.4 7.6000000000000005 1.4000000000000001 16.8 4 0.8 15 28.6 30.8 0 0.4 0 0 0 0.2 1.4000000000000001 0 0.8 0.6000000000000001 0 0 0 0 0.2 0.4 0 0 0 0.6000000000000001 0 0 0.4 0 0 0.6000000000000001 0.4 0.4 0 0 0.2 1.6 0 0 0 2.2 0 0.4 0 1.8 0 0 0 0 5.2 7.6000000000000005 0 0 3.2 0 6.4 5 0 0 0 0 0 2.8000000000000003 0 0 0.2 2.2 2.2 0 0 0 3.4000000000000004 16.2 7.800000000000001 0.4 0 0 7.4 1.8 3.6 10.4 0 0 8 7.800000000000001 0 0 0 0 0 0 0 7.4 0 0 0 0 0 0 0 0 0 0 0 0 0 0 0.8 0 0 0 0 0 1.4000000000000001 0.4 0 0 0 3.8000000000000003 1.4000000000000001 0 0 0 0 0 0 0.4 1.6 0 3.8000000000000003 10.600000000000001 0 0 2 0.4 7.4 3 0 0 0 0.2 0.2 0 0.2 0 3 0 9.600000000000001 0 0 0 7.800000000000001 3 0 0 2.4000000000000004 0 1.4000000000000001 0 2.6 2.6 3.4000000000000004 0.2 7.6000000000000005 4 0 0 0 0 0 0 0.4 0 0 0 0 0 0 0 0 0 0 0 0 0 0 0 3.2 0 0 0 0 0 0 0 0 0 0 0 0 0 0 0 0 1.8 0 0 0 0 0 0.2 0 0.2 13.200000000000001 8.6 0 0.4 0 0.4 0 0 0.2 0.2 0 0 0 0 0.2 0 0 0 0.2 0 0 0 0 0 0 0 0 0 0 0 0 0 0 0 0 0 0 0 0 0 0 0 
 35.800000000000004 10.200000000000001 30.400000000000002 9.600000000000001 13.200000000000001 6.800000000000001 17.2 36.800000000000004 16.6 11.8 5.6000000000000005 25.6 0 28.6 10.8 6.800000000000001 6.4 7 20.400000000000002 64 0 0 0.6000000000000001 0.6000000000000001 0.6000000000000001 0 0 0.2 0 1.2000000000000002 0 0.6000000000000001 0 0.8 0.6000000000000001 0.4 8.200000000000001 0 0 0.6000000000000001 0 0.4 0.8 0 0 0 0.6000000000000001 0 0.2 0.6000000000000001 0 0 0 3.2 0 13 0 0.6000000000000001 0 0.6000000000000001 0.6000000000000001 0 1.6 0 0 0.6000000000000001 12.8 0 6 0.2 0.2 1.2000000000000002 0 0.6000000000000001 0 0 0 0 0 0.6000000000000001 1.6 0 4.4 0 0 0 2.2 6.800000000000001 0 0 0 0 0 2.6 0 0 5.2 3.4000000000000004 0.6000000000000001 5 0 0 0 0 0 0 0 0 0 0 0 0 0 0 0 0 0 0 0 0 0 0 0 0 0 0 0 0 0 0 0 0 0 0 0 0 0 0 0 0 0 0 2.2 0 0 0 0 0 0 0 0 0 1 0 0.4 2.6 0 0 0 0 2.4000000000000004 0 4.4 2 0.6000000000000001 0 2.6 0 0.6000000000000001 0 0 0 0 0 0 2 0.2 0 0 0 0 0 0 0 0 0 0 0 0.8 0 0 0 0 0 0 0 0 0 0 0 0 0 0 0 0 0 0 0 0 0 0 0 2 0.2 0 0 0 0 0 0 0 0 0 0 0 0 0 0 0 0 0 0 0 0 0 0 0 0 0 0 0 0 0 0 0 0 0.2 0 0.4 0 0 0.4 0 0 0 0 0 0 0 0 0 0 0 0 0 0 0 0 0 0 0 0 0 0 0 0 11 0 0 0 0 0 0 0.6000000000000001 0 0 0 0 0 0 
 10 28 38.400000000000006 35.800000000000004 97.60000000000001 43.2 25.200000000000003 68.60000000000001 40 36.6 14.8 4.2 28.6 0 37.800000000000004 15.4 23.8 33.4 28.6 16.8 0.4 0 0.2 0.6000000000000001 0.6000000000000001 0 0 0 0 15.200000000000001 0 0 0.6000000000000001 1.4000000000000001 0.6000000000000001 0.2 0 0.8 24 0 0 0.4 0 0 0 0 0.6000000000000001 0 0.4 0 0 0 0 0 0 0.4 0 0.2 0 1.2000000000000002 0 0 8.8 0 0 0.6000000000000001 0.4 0 0 0.4 12 1 0 0 0 0 1 0 0 0.6000000000000001 3.8000000000000003 4 0.2 3.6 2.4000000000000004 0 10.8 8.6 0 2 8.6 5.800000000000001 2.4000000000000004 3 5.4 3.2 2 0 0 2 0 0 0 0 0 0 3.2 0 0 0 0 0 1.4000000000000001 0 0 0 0.4 0.2 0.6000000000000001 0 0.2 0 0 0 0 0 0 3.2 0 0 0 2 0 0 0 0 0 0 0 0 0 0 0.2 0 0 0 0 0 0 0 0 0 0 0 1.2000000000000002 0 0 0 0 0 7.2 6.2 0 0 2 2.6 3.2 7 0.4 6.4 5.2 0 0.6000000000000001 0 3.6 0 2.6 14.600000000000001 0.2 2.2 0 0 0 0 0 0 0 0 0 0 0 0 1.4000000000000001 0.4 1.4000000000000001 0 0 0 0 0 0 0 0 0 0 0 0 0 0 0 0 0 0 0.4 0 0 0 0 0 0 0 0 0 0 0 0 0 0 0 0 0 0 0 0 0 0 0 0 0 0.2 0 4.4 0 0 0 0 18.400000000000002 0 0.4 0.6000000000000001 0.4 1.6 0 0 0 0 0 0 0 0 0 0 0 0 0 0 0 0 0 0.2 0 0 0 0 0 0 0 1.6 0 0 0 0 0 0 0 0 0 0 0 0 
 16.400000000000002 22.200000000000003 70.8 37.4 46.6 24.6 24.8 41.400000000000006 53.400000000000006 62.6 99.4 6.6000000000000005 10.8 37.800000000000004 0 32.6 42.2 37 19.200000000000003 19.6 0.2 0 0 0.6000000000000001 0.6000000000000001 0 0 0 0 7.2 0 0.4 0.2 0.8 0.6000000000000001 0.2 0 0.2 15.200000000000001 2.6 0.4 1.6 0 0.2 0 0 0.6000000000000001 0 0 0 0 0 0 0 0 0.4 0 0 0 0.6000000000000001 0 0 0.4 0 0 0.6000000000000001 0.6000000000000001 0 0 0 0.6000000000000001 0.6000000000000001 0 0 0 0 0 0.6000000000000001 0 0.6000000000000001 1.8 0.2 0.2 5.4 4.800000000000001 3 1 0 0 5.800000000000001 1.4000000000000001 1.8 0 2.8000000000000003 2.4000000000000004 1.6 5 3.4000000000000004 0 0 0 0 0 0.4 0 0 4.2 0 0 0 0 0 0 0 0 0 0 0 0.2 0 0 0.2 0 0 0 3.2 0 0 0 0 2.8000000000000003 0 0.4 0 0 0 0 0 0 0 0 0 0.2 0 0 0 0 0 0.4 0 0 0 0 0 0 0 0 0.4 0 0 8 0.4 3.4000000000000004 5 2 4.4 0 4.2 3.4000000000000004 11 3.6 1.4000000000000001 2.2 0 3.6 2 1.8 2 0 0 0 0 0 0 0 0 0 0 0 0 0 0 1.6 0.2 3.2 0 0 0 0 0.4 0 0 0 0 0 0 0 0 0 0 0 0 0.4 0 0 0 0 0 0 0 0 0 0 0 0 0 0.4 0 0 0 0 0 0 0 0 0 0 0 0 0 0 0 0 0 0.4 0 0.6000000000000001 0.4 1.2000000000000002 1.6 3.2 2 1.2000000000000002 0 0 0 0 0 0 0 0 0 0 0 0 0 0 0 0 0 0 0 0 0 0 1.8 0 1.8 0 0 0 0 0 0 0 0 0 0 0 0 
 13 18 55.6 10 34.6 48.6 5.800000000000001 29 36.6 36.4 35.2 10.200000000000001 6.800000000000001 15.4 32.6 0 36.6 19.400000000000002 6 74.60000000000001 0 0 0 0.6000000000000001 0.6000000000000001 0 0 1.4000000000000001 0 0.6000000000000001 0 0 41.2 0.4 0.6000000000000001 0.2 0 0.2 22.6 0.2 0 0.4 0 0 0 0 0.6000000000000001 0 0 0 0 0 0 0 0 0.4 0 0 0 0.6000000000000001 0 0 0.4 0 0 0.6000000000000001 0.4 0 0 0 0.4 0.6000000000000001 0 0 0 0 0 1.4000000000000001 0 0.6000000000000001 0.8 2.2 0 2 2.4000000000000004 4.800000000000001 2.8000000000000003 0 9.200000000000001 1.2000000000000002 0 0 0.2 0 2.8000000000000003 5.6000000000000005 0.4 4.4 0 2.8000000000000003 3 0 0 0 0 2 2 0 0 0 0 0.4 2.2 0 0 0.4 0 0 0 0.2 0 0 0 0 0 0 0 0 0 0 0 0 0 0 0 0 0 0 0 0 0 0 0.2 0 0 0 0 0 0 0 0 0 0 2.8000000000000003 0 0 0 0 0 0 2 4.800000000000001 8.8 0 9.8 5.800000000000001 0 3.2 4.800000000000001 2 0 0 0 0.4 0.4 5 1.8 2.2 0 0.4 0.2 0 0 0 0 0 0 0 0 0 0 0 0 0 0 0 0 3 0.4 3.4000000000000004 0 0 0 0 0 4.2 0 0 0 0 0 0 0 0 0 0 0 0 0 0 0 0 0.4 0 0 0 0 0 0 0.4 0 0 0 0 0 0.6000000000000001 0 0 0 0 0 0 0 0 0 0 0.6000000000000001 0 17.400000000000002 0.6000000000000001 4.2 1.2000000000000002 2.4000000000000004 0 0 0 0 0 0 0 0 0 2.4000000000000004 0 0 0 0 0 0 0 0 0 0 0 0 1.8 4.4 1.6 0 0 0 0 0 0 0 0 0 0 0 0 
 24.200000000000003 11.8 97.80000000000001 13.600000000000001 12 18 63.800000000000004 62.6 35.2 26.8 37.800000000000004 16.6 6.4 23.8 42.2 36.6 0 10.600000000000001 31.6 70.8 0.4 0 0 0.6000000000000001 0.6000000000000001 1 14.4 0 0.6000000000000001 0.6000000000000001 1 0.4 0 0.8 1.6 0.2 0.6000000000000001 0.2 0 0 0 0.6000000000000001 0 0.6000000000000001 0 0 0.6000000000000001 0 12.8 0 0.8 0 10 0 0 0.4 0 0 1 0.6000000000000001 0 0 0.6000000000000001 1.2000000000000002 0 0.6000000000000001 0.4 0 0 0 0.4 0.6000000000000001 1.2000000000000002 0 0 0 0 0 0 0.6000000000000001 3 4.6000000000000005 2.8000000000000003 10.200000000000001 2.8000000000000003 0 9.600000000000001 0.2 2 11.600000000000001 1.6 0 14 4 5.800000000000001 5 6.6000000000000005 7.2 1.2000000000000002 7.2 0 0 0 0 0 0 0 0 0 0 0 0 0 0 0 0 0 0 0 0 0 0 0.2 0 0 0 0 0 0.2 0 0 0 4 0 0 0 0 0 0 0 0 0 0 3 0 0 0 0 0 0 0 0 0 0 0 0 0 0 0 0 4 10.600000000000001 10 3.8000000000000003 0 1.2000000000000002 0.2 0 8.200000000000001 6.4 2.2 8.6 9.4 10.200000000000001 6.2 1.8 0 2 0 0 0 0 0 0 0 0 0 0 0 0 0 0 0 0 0 0 0.2 0 0 0 0 0 0 0.4 0 0 0 0 0 0 0 0 0 0 0 0 0 0 0 0 0 0 0 0 0 0 0 0 0 0 0 0 0 0.4 0 0 0 0 0.4 0 0 0 0 0 0 0 17 0.4 0 19.400000000000002 0 1.8 0 0 0.4 0 0 0 0 0 0 0 0 0 0 0 0 0 0 0 0 0 0 0 0 3 0.4 0 0 0 0 0 0 0 0 0 0 0 0 0 
 9 15.4 62.400000000000006 9.200000000000001 8.200000000000001 112.80000000000001 25 66.8 52.400000000000006 18 47.800000000000004 52 7 33.4 37 19.400000000000002 10.600000000000001 0 8.8 4.800000000000001 0.2 0 0 0.6000000000000001 0.6000000000000001 0 0.4 0 0 15.4 0 0 15.200000000000001 0.8 0.6000000000000001 0.4 0 0 15.200000000000001 7 0 0.4 0 0 0 0 0.6000000000000001 0 0.4 0 0 0 0 0 9.600000000000001 0.4 0 0 0 0.6000000000000001 0 0 0.6000000000000001 0 0 0.6000000000000001 0.4 0 0 0 0 0.6000000000000001 0 0 0 0 3.4000000000000004 0 0 0.6000000000000001 0 2 0 6.4 1.6 3.8000000000000003 2.4000000000000004 0 2 2.2 4.6000000000000005 4.800000000000001 0 0 1.2000000000000002 0 4 0 0 0 2.4000000000000004 0.6000000000000001 0.6000000000000001 0 0 0 19.200000000000003 0.2 0 0 0 0 2 1.8 2.2 2.6 2 0.6000000000000001 3.6 6 0 0 0 0 0 0 0 0 0 0 0 0 0 0 0 0 0 0 0 0 0 0 0.2 0 0 0 0 0 0 0 0 0 0 0 0 0 0 0 0 0 3.6 5.2 0 0 0.2 5 0 11.4 2.2 4.2 6.800000000000001 0 5.6000000000000005 5.6000000000000005 4.4 2.2 6.2 3.8000000000000003 0 0 0 0 0.2 0 0 0 5.2 9.8 0 0 0 0.2 3.6 0 0.8 0.2 0.4 5 2.8000000000000003 3.8000000000000003 0 0 0 0 0 0 0 0 2.8000000000000003 0 0 0 0 0 0 0 0 0 0 0 0 0 0 0 0 0 0 0 0.2 0 0 0 0.4 0 0 0 0 0 0 0 0 0 0 0 0 0 0 0 18.400000000000002 17.6 0 15.600000000000001 0 0 0 0 0 0 0 0 0 0 2.2 0 0 0 0 0 0 0 0 0 0 0 0 0 0 2.2 0 0 0 0 0 0 0 0 0 0 0 0 
 48.400000000000006 13 50.2 18 18 52.6 19 19 45.400000000000006 18.8 6.4 4.800000000000001 20.400000000000002 28.6 19.200000000000003 6 31.6 8.8 0 68.8 0.6000000000000001 0.4 0 0.6000000000000001 0.6000000000000001 0 0 0.4 0.2 0.6000000000000001 0 0 0 1.2000000000000002 1.4000000000000001 0.2 0.2 0.2 0 0.8 0 0.4 0.6000000000000001 0.6000000000000001 0 0 0.6000000000000001 0 0.2 0.4 0 0 0 4.2 0 0.8 0.2 0 0 1.2000000000000002 12.4 0 0.4 0 0.4 1 0.4 0 0 0.6000000000000001 0.8 1.2000000000000002 0 0 0 0 0.4 0.4 0.4 1.2000000000000002 12.8 3.2 6.2 0 0 0 1.8 5.6000000000000005 0.8 3.2 0 0 7.6000000000000005 7 2.6 1.8 2 2.8000000000000003 3.6 2.8000000000000003 0 0.4 0 5.4 0 0 0 0 0 0 0 0 0 0 0 0 0 0 0 0 0 2.8000000000000003 0 0 0 0 2.4000000000000004 0.4 0 0 0 0 0 0 0 0 0 0 0 0 0 0 0 0 5.2 0 0 0 0 0.2 0 0 0 0 0 0.4 0 0 0 0 4.4 0.2 0 0 0 0 0 0 0 0 0 0 2.6 5 0.8 0 0 4.4 7.6000000000000005 4.800000000000001 0 0 0 0 0 0 0 0 0 0 0.2 0 0 0 0 0 0 0 0 0 0 0 1.2000000000000002 0 0 0 0.2 0 0 0 0 0 0 0 0 0 0 0 0 0 0 0 0 0 0 0 0 0 0 0 0 0 0 0 0 0 0 0 0 0 0 0 0 0 0 0.6000000000000001 0.2 0 0 0.2 0.4 1 0 0.2 0 0 0 0 0 0 0 0 0.4 0 0 0 0.4 0 0 0 0 0 0 0 0 3.2 0 0 0 0 0 0 0 0 0 0 0 0 0 0 
 49 49.400000000000006 13.200000000000001 15.4 14.4 13.200000000000001 45.6 17.6 24 11.600000000000001 55.2 7.6000000000000005 64 16.8 19.6 74.60000000000001 70.8 4.800000000000001 68.8 0 0 0 0 0.6000000000000001 0.6000000000000001 0 0.2 0.4 0 1 0 0 0 0.4 0.6000000000000001 0.4 0 0 0 0 0 0.4 0 0 0 0 0.6000000000000001 0 0.4 0 0 0 0 0.6000000000000001 0 0.4 0 0 0 0.6000000000000001 0 0 0.4 0.6000000000000001 0 2 0.4 0 0 0 0 0.8 0 0 0 0.2 0 0 0 0.6000000000000001 3.8000000000000003 1.8 2.4000000000000004 0 0 0 8.4 2 2.2 0 0 7.4 4 4.6000000000000005 5.800000000000001 3 0 3.4000000000000004 2 14 0 0 0 3 0 0 0 0 0 0 0.2 0.2 0 0 0 0 0 0 0 0.4 0 0 0 0 0 0 0 0 0 0 0 0 0 0 0 0 0 0 0 0 0 0 0.2 0 0 0 0 0 0 0 0 0 0.2 0 0 0 0 0 0 0 3 1 0.6000000000000001 0.2 0 0.2 10.8 0 0 0 0 0 2.6 3.2 1.6 1 8 0.2 0.2 0 0 0 0 0 0 0 0 0 0 0 0 0 0 0 0.2 0 0 0.4 0 0 0 0 0.4 0 0 0 0 0 0 0 0 0 0 0 0 0 0 0 0 0 0 0 0 0 0 0 0 0 0 0.2 0 0 0 0 0 0 0 0 0 0.4 0 0 0.2 0 0 0.4 0 0 0.4 0 0 0.4 0 0 0 0 0 0 0 0 0 0 0 0 0 0 0 0 0 0 0 0 0 0 0 2.6 2.2 0 0 0 0 0 0 0 0 0 0 0 0 0 
 13.8 0 0 14.600000000000001 14.200000000000001 29.400000000000002 0.2 0 0 0 31 41 0 0.4 0.2 0 0.4 0.2 0.6000000000000001 0 0 91.4 32.800000000000004 12.4 4 9 23.6 76.80000000000001 23.400000000000002 23 65.60000000000001 16.400000000000002 25.400000000000002 20.400000000000002 5.4 21.6 81.4 20.400000000000002 39.2 22 0.6000000000000001 0.6000000000000001 0.4 0 0 0 0 0 0.2 0 0 0 0 0.2 0 0.4 0 0 0 0.6000000000000001 0 0.4 0 0 0 0 0 0 0 0 0 0 0 0 0 2.6 0 0 0 0 0 0 0 0 1.6 2.2 0 0 3.2 0 0 4.4 0 0 0 0 0 0.4 0 0 2.4000000000000004 6.4 0.4 0.4 0 0 0 1.8 2.2 4.6000000000000005 0 0 5.800000000000001 1.8 2.2 9 0 3.8000000000000003 2.4000000000000004 4 0 2.6 2.2 0 0 0 0 0 0 0 0 0 0 0 0 0 0 0 0 0 0 0 0.4 0 8.8 0 0 0 0 0 0 0 0 0 0 0 0 0 0 0 0.4 0 0 0.8 7.800000000000001 0.2 0 4.2 0.4 0 0 10.200000000000001 0 2.4000000000000004 4.4 0.2 0.4 0 0 0 4.800000000000001 0 11.4 1.8 0 0 3.8000000000000003 9.600000000000001 6.4 2.2 3.8000000000000003 0 0 0 1.6 2.8000000000000003 6.800000000000001 4.800000000000001 3 0 0.4 0 0 0 0 0 0 0 0 0 0 0 0 0 0 0.2 0 0 0 0 0 0 0 0 0 0 0 0 0 0 0 0 0 0 0 0 0 0 0 0 0 0 0 0 3.2 0 0 0 0 0 0 0 0 0 11.600000000000001 0.2 0 0 0 0.6000000000000001 0 0.4 0 0 0 0 0 0 0 0 0 0 0 0 0 0 0 0 0 0 0 0 0 0 0 0 0 0 0 0 
 0 0 0 14.8 12.600000000000001 14.8 5.800000000000001 0 0 0 15 10.600000000000001 0 0 0 0 0 0 0.4 0 91.4 0 58 10.600000000000001 23.8 6.6000000000000005 14.600000000000001 89.60000000000001 44 8.200000000000001 18.8 8.8 7.800000000000001 19 10.200000000000001 20.8 12 35.800000000000004 63.2 93.4 0.6000000000000001 0.6000000000000001 0.4 0 1 0 0 0 0.2 0 0 0 0 14.4 0 0.4 0 0 11 0.6000000000000001 0 0.4 0.6000000000000001 0 0 0 0 5.800000000000001 0 0 0 0 0 0 0 0.8 0 0 9.4 0 0.2 0 0 0 0 2.8000000000000003 0 0 0 0 0 0 0 0 0 3.8000000000000003 0 0 0 0 0 12.600000000000001 0 4.6000000000000005 2.4000000000000004 3.2 0 0.2 7.6000000000000005 0.2 0 3.6 0 2 3.8000000000000003 0 2.2 2.2 4 0.4 3.6 0.4 0 0 0.2 0 0 0 0 0 0 0 0.4 0 0 0 0 0 0 2.2 0 0 0.2 0 1.8 0 0 0.4 0 0 0.4 0 0 0 0 0 0 0 0 0 0 0 0 0.2 3.4000000000000004 0 0 0 0.4 0 0 1.4000000000000001 0.4 0 0 0.4 0.2 0 0 0 4 1.6 8.200000000000001 0.2 4 0 0.2 2.2 9.200000000000001 6.800000000000001 3.6 2.6 0 1.6 0 0.4 0.6000000000000001 4 0 0 0 0 0 0 0 0 3 0 0.4 0 0 0 0 2.4000000000000004 0 0 0.2 0 3 2 0 0 0 0 0 0 0 0 0 0 0 0 0 0 0 0 0 0 0 0 0 2.8000000000000003 0 0 0 0 0 0 0 0 0 0 0.2 0 0.8 0 0 0.2 0.2 0.4 0 4.4 0 0 0 0 0 0 0 0 0 0 0 0 0 0 0 0 0 0 0 0 0 0 0 0 0 0 0 0 
 0.2 0 0 0 15.600000000000001 0 0 0 0 0 0.8 0.2 0.6000000000000001 0.2 0 0 0 0 0 0 32.800000000000004 58 0 23.8 13.200000000000001 14.8 71.8 37.4 82.4 37 51.6 13.200000000000001 67 37.800000000000004 37.4 12.8 91.60000000000001 28.200000000000003 12.200000000000001 43.6 2 0.6000000000000001 5.800000000000001 0 1 0 12.4 0 1.6 0.8 0 0 13.8 0 0 0.4 0 0 0 0.6000000000000001 0 0.4 0.6000000000000001 0 0 0 0 0 0.4 0 0 0 0 0 0 0 0 0.6000000000000001 0 0 0.2 0 0 0 0 2 0 0 2 0 0 0 0 0.4 0 0 0 0 0 0 2.4000000000000004 1.6 0 19.400000000000002 2 2.8000000000000003 2 0 1.6 1.8 4.2 7 0 4.2 1.6 0 3.8000000000000003 5.800000000000001 2 0 4.800000000000001 9.4 3 0 0 0 0 0 0 0 0 0 10.200000000000001 0 0 0 0 0 0 0.4 0 0 0 0 0.2 0 0.2 0 0 0 0 3 0 0 0 0 0 0 0 0 0 0 0.2 0 0 0 0 0 0.2 0 0 3.6 0 0 0 0.4 0 0 0 0 1.4000000000000001 1.8 2.4000000000000004 0 4.2 1.4000000000000001 5 9.600000000000001 4.800000000000001 6.800000000000001 2.2 9 0 0 2.6 0 2.2 3.4000000000000004 0 1.2000000000000002 0 0 0 0 0 0 6.4 0 0.2 0 0 0 2 2.8000000000000003 0 0 0 0 0 4 0 0 0 0 0 0 0 0 0 0 0 0 0 0 0 0 0 0 0 0 0 0 0 0 0 0 0 0 0 0 0 0 0 0 4.4 0.4 0.2 16 15.4 0 0 0 0 0 0 0 0 0 0 0 0 0 0 0 0 0 0 0 0 0 0 0.8 0 0 0 2.6 0 0 0 0 
 0.8 1 0.6000000000000001 0.6000000000000001 0.8 22.400000000000002 0.6000000000000001 0.6000000000000001 1 1 0.6000000000000001 0.6000000000000001 0.6000000000000001 0.6000000000000001 0.6000000000000001 0.6000000000000001 0.6000000000000001 0.6000000000000001 0.6000000000000001 0.6000000000000001 12.4 10.600000000000001 23.8 0 18 30.400000000000002 32 19.6 45.800000000000004 40.400000000000006 28.200000000000003 51.400000000000006 15.4 24.8 32.6 30.6 70.60000000000001 44.800000000000004 9.4 32.2 14.8 0.6000000000000001 0.4 0.8 0 0 13.600000000000001 12.200000000000001 0.2 0 0.4 1 1 12.4 0 0.4 0 0 11.600000000000001 0.6000000000000001 0 10.200000000000001 0.4 0.8 0 0 0 0 0.2 0 0 0 0.4 1 0 0 0 0 0 0 0.2 0 0 0 0 0 0 0 0 0 0 0 0 0 0 0 0 0 0 0 0 0 0 3.2 7.4 4.4 0.4 0 2.4000000000000004 1.8 2.4000000000000004 3.8000000000000003 0 0 0 0 8.200000000000001 0.2 0 0.2 2.6 4.2 0 0 0 0 0 4.800000000000001 1.4000000000000001 2.2 4.800000000000001 0 3.4000000000000004 0.6000000000000001 4.800000000000001 0 0.4 0 2.6 2.6 0 0.2 0.4 0.2 0 0 0 0 0 0 1 0.4 0 0 0 0.4 0.4 0 0 0 0 0.4 0 0 0.4 0 0 0 0 0 0 0 0 0 0 0 0 0 0 0.4 0.8 3.8000000000000003 0 0 7.800000000000001 2.4000000000000004 0 0 0 0 6.2 9.4 0 4.6000000000000005 0 0 0 3.8000000000000003 0 2 9.4 0 0.2 0.4 0 0 15 0 1.4000000000000001 0 0 0 0 4.2 0 2 0 0 0 7.6000000000000005 0 0 0 0 0 0.4 0 0 0 0 0 0 0 0 0 0 0 0 0 0 0 0 0 0 0 0 0 0 0 0 0 0 0 0 1.8 0.2 0 9.200000000000001 31 0.4 1.8 0.4 0 0 0 1.4000000000000001 2 0 0 0 0 0 0 0 0 0 0 0 0 0 0 7.6000000000000005 0 0.2 0.2 0 0.2 0 0 0 
 0.6000000000000001 0.6000000000000001 0.6000000000000001 0.6000000000000001 0.6000000000000001 0.8 1.2000000000000002 1 0.6000000000000001 0.6000000000000001 0.6000000000000001 1 0.6000000000000001 0.6000000000000001 0.6000000000000001 0.6000000000000001 0.6000000000000001 0.6000000000000001 0.6000000000000001 0.6000000000000001 4 23.8 13.200000000000001 18 0 14 6.800000000000001 17 13.600000000000001 78.80000000000001 33.4 21.400000000000002 11.600000000000001 15 21.200000000000003 9.600000000000001 74.2 66 58.6 15.8 26.200000000000003 0.6000000000000001 14 0 0 0 28.400000000000002 11.200000000000001 0 0 0 0.4 27 25.400000000000002 28 0.6000000000000001 5.6000000000000005 0 12.4 19 8.8 0.4 0.6000000000000001 0 0 0 0.8 0 0 0.2 0 0 0.4 0 1.2000000000000002 0 0 0 0 0 0 0 0 0 0 0 0 0 0 0 0 0 0 0 0 0 0 0 0 1.4000000000000001 2.8000000000000003 0 0 1.8 2.2 6.6000000000000005 0 0 0 0 6 1 0 0 0 0 0 7.800000000000001 0 0 0.2 4.4 5.6000000000000005 0.2 0 0 2 0 4.4 0.2 0 0 4.2 2 1.4000000000000001 8.4 4.2 3.8000000000000003 0.2 6.6000000000000005 0 0.2 0.4 0 0 0 0 0 0 0 0 0 0 0 0 0.6000000000000001 0 0 0 0 0 0 0 0 0 0 0.8 0 0 0 0 0 0 0 0 0 0 0 0 0 0 1.8 0 0 4 4.6000000000000005 0 0 0.2 4 0 0.2 0 0 0 0 0 0 0 0 6.6000000000000005 0.2 8.200000000000001 5.800000000000001 0 0.2 4 0 4.2 2.4000000000000004 0 0.2 0.6000000000000001 11.4 5.2 0 0 0 3.8000000000000003 4.4 0 0 0 0 0 0 0 0 0 0 0 0 0 0 0 0 0 0 0 0 0 0 0 0 0 0 0 0 0 0 0 0 0 0 1.6 0 1 0 17.2 0.6000000000000001 0.8 0.2 0 0 0 0.2 0 0 0 0 0 0 0 0 0 0 0 0 0 0 0 0.6000000000000001 0 0 0.2 1.8 0 0 0 0 
 0.4 0 0 0 0.2 2.4000000000000004 0.4 0 0 0 0 0.4 0 0 0 0 1 0 0 0 9 6.6000000000000005 14.8 30.400000000000002 14 0 3.6 19.8 40.800000000000004 25.8 18 18.6 5.6000000000000005 11.4 26.400000000000002 11.600000000000001 45.2 29.6 5.6000000000000005 12.200000000000001 0.6000000000000001 0.6000000000000001 0.4 0 0 0 0 0.2 0 0 0 11.600000000000001 16 12.8 0 0.4 0 0 0 13 0 0.4 0 0 0 0 0 0 0.4 0.6000000000000001 0 0 0 0 0 0 0 0 0 0 0 0 0 0 0 0 0 0 0 0 0 0 0 0 0 0 0 0 0 0 0 0 3.4000000000000004 4.2 7.2 3.6 0 0 3.2 0 5.4 9.8 0 0 0 0 4 2.8000000000000003 0 0 11 0.2 2 0.2 0 0 1.2000000000000002 8.200000000000001 7.800000000000001 6.2 2.4000000000000004 0 4.4 3 9.4 0 0 0 9.8 9.600000000000001 0 0 0 0 0 0 0 0 0 0 0.2 1.4000000000000001 0 0 0 0 0 0.4 0 0.4 0 0 0 0 0 0 1.6 0 0 0 0 0 0.2 0 0 0 0 0 0 0 0 2.8000000000000003 0 2.2 1.8 4.6000000000000005 0 0 0 0 3.8000000000000003 10.600000000000001 0 0 0 2.8000000000000003 0 8.6 3.4000000000000004 0 4.800000000000001 0 0.2 0 0 0 6.800000000000001 0 1 2 0 0 2.4000000000000004 2.6 0 0.6000000000000001 0.2 0 10 3.2 0 0 0 0 0 0 0 0 0 0 0 0 0 0 0 0 0 0 0 0 0 0 0 0 0 0 0 0 0 0 0 0 0 0 4 0 0 34 15.600000000000001 0 3 0 0 0 0 2 0 0 0 0 0 0 0 0 0 0 0 0 0 3 0 3.8000000000000003 0 0 0 0 1.2000000000000002 0 0 0.2 
 0 0 15.4 0 7.2 14.8 0 0 0.2 7 0 4.2 0 0 0 0 14.4 0.4 0 0.2 23.6 14.600000000000001 71.8 32 6.800000000000001 3.6 0 23.200000000000003 53.800000000000004 7.800000000000001 21.6 7.4 52.400000000000006 21 36.6 64.4 49 5.4 14.8 7 0.6000000000000001 0.6000000000000001 0.4 0 0 0.2 0.2 0 0.2 0 0 0 0 0 0.6000000000000001 0.4 0 0 0.2 0.6000000000000001 0 0.4 0.6000000000000001 0 0 0.2 0 0 0 0 0 0 0.2 0 0 0 0 0 0 0 0 0.8 0 0 0.2 2 0 0 0 0 0 4.6000000000000005 0 0 0 0 0 2.6 2 0 7 0.2 1.8 0.2 0.4 2.4000000000000004 10.600000000000001 4.2 9.200000000000001 2.4000000000000004 6 0.2 0 2.6 3 1.6 0 6.800000000000001 3.6 3.6 0 0 0 0 0 0 0 0 0 0 0 0 0 0 0 0 0 0 3 2.8000000000000003 0 0 0.4 0 0 0.2 0.4 0 0 0 0 0 0.2 0 0 0 0 0.6000000000000001 0 0 0 0 0.8 0 0 0 0 0 0 0.2 0.4 2.4000000000000004 0 0 0 0 0 0 0 0 0 5.6000000000000005 0.6000000000000001 0 6.2 0 1.2000000000000002 2.2 1.8 4 4.6000000000000005 2.2 4.800000000000001 0.2 9.600000000000001 0.2 4.2 0 0 4 0 0 0 0 0 0 0 0 0 0 0 0 6.4 0 0 0 0 0 0 0 0 0 0 0 0 0 0.2 0 0 0 0 0 0 0 0 0 0 0 3.6 0 0 0 1.2000000000000002 0 0 0 0 0 0 12.4 0 0 0 0 2 0 0.2 15.600000000000001 0 0 0.6000000000000001 0 0 0 0 0 0 0 0 0 0 0 0 0 0 0 0.2 0 0 0 0 0 0 0 0 3.2 0 0 0 0 
 0.4 0 0 0 0 0.6000000000000001 0 15.200000000000001 16.2 0.6000000000000001 0 21.6 0.2 0 0 1.4000000000000001 0 0 0.4 0.4 76.80000000000001 89.60000000000001 37.4 19.6 17 19.8 23.200000000000003 0 33.2 24.8 14.4 29.6 22.8 18 24.6 54.2 6.4 12.4 27.400000000000002 25 0.6000000000000001 0.8 1.2000000000000002 0.8 0 0 0 0.2 0.2 0.4 0 41.2 0 0.2 0 0.8 0.2 0 0 0.6000000000000001 0 0.4 0 0 0.6000000000000001 0.2 0 0 0 0.8 0.6000000000000001 0.6000000000000001 0 0.2 0 0 0.2 1 0 0 0 0 0 0 4.2 0 0 0 0.4 0 0 2 0 0 0 0 0 0 0 0 0 6.4 2.6 0.2 1.6 0 0 0.4 0 3.8000000000000003 2.2 2 8 0.2 0 2.6 1.2000000000000002 0 0.6000000000000001 0 2.8000000000000003 0 0 0 0 0 2.4000000000000004 4.4 0 0 0 3.2 0 0 0 0 0 0 1.4000000000000001 0 0 0 0.2 0 1.4000000000000001 0 0 0 4.4 0.4 0 0 0 0 0 0 0 0 0 0 0 0 0 0.8 7.800000000000001 0.2 0 0 1 0 0 4.6000000000000005 0 0 0 1 0 0 0 0 4.4 3 7 6.2 0 0 1.6 2.4000000000000004 9.200000000000001 1.4000000000000001 3.6 2.6 0 7.2 4.800000000000001 12 4.4 5 2.4000000000000004 0 0 0 0 0 3.2 0 0 0 0 0 0 0 0 0 0 0 0 0 0 0 0 0 0 0 0 0 0 0 0 0 0 0 0 0 0 0 0.4 0 0 0 0 0 0 0 0 0 0 0 0.4 0 0 0 0 0 0.8 0 0.4 0.2 0 0.4 0 4 0 0 0 0 2.6 0 0 0 0 0 0 0 0 0 0 0 0 0 0 0 0 0 0 0 1.6 0 0 0 
 0 0 0 0.4 0 0 0 0 0 0 0 0 0 0 0 0 0.6000000000000001 0 0.2 0 23.400000000000002 44 82.4 45.800000000000004 13.600000000000001 40.800000000000004 53.800000000000004 33.2 0 61 39.2 42 21.200000000000003 40.400000000000006 33.6 24.6 21.200000000000003 22.8 12.4 14.600000000000001 0.6000000000000001 0.6000000000000001 0.4 0 0 0 0 0 0 0 0 0 0 0 0 0.4 0 12.4 19 0.6000000000000001 0 0.4 0.4 0 0.4 0 0 0 0 0.6000000000000001 0 0 0 0 0 0 0 0 0 0 0.4 0 0.4 0 0 0 0 0 0 0.4 0 0 0 0 2.2 0 0 0 0.4 0 0 2.4000000000000004 13.600000000000001 3.6 3 0 0 0 4.2 2.2 0 4.4 0 0 3 0 11.600000000000001 0 0 2 6.2 0 0 0 0 0 6.2 15.200000000000001 0 0 0 0 0 0 0 0 0 0 1.2000000000000002 1.8 0 0 0.2 0 0.8 0 0 0 0 0 0 0 0 0 0 0 0 0 0.6000000000000001 0 0 0 0 0 1.2000000000000002 0 0.2 0 0 0 0 0 0 0 0 1.2000000000000002 0 3.8000000000000003 0 0 3.2 0.2 2.2 2.2 3.6 2.6 0 1 2.8000000000000003 0.4 2 11.4 0 1.8 0 0 2.4000000000000004 1 0 0 0 0 0.2 0 0 0 2.6 0 0 0 0 0 0 0.6000000000000001 0 1.8 0 0 3.6 2.2 0 0 0 0 0 0 0 0 0 0 0 0 0 0 0 0 0 0 0 0 0 0 0 0 0 0 0 0 0 0 0 0.2 0 0 2.2 0 0.4 0.2 0.2 0 1.6 2.4000000000000004 0 0 0 0 0 0 0 0 0 0 0 0 0 0 0 0 0 0 0 0 0 0 0 0 0 0 0 0 
 1.2000000000000002 1.2000000000000002 0.8 21.200000000000003 1 1 0.6000000000000001 0.6000000000000001 0.6000000000000001 0.8 0.6000000000000001 0.6000000000000001 1.2000000000000002 15.200000000000001 7.2 0.6000000000000001 0.6000000000000001 15.4 0.6000000000000001 1 23 8.200000000000001 37 40.400000000000006 78.80000000000001 25.8 7.800000000000001 24.8 61 0 62.400000000000006 66.60000000000001 14 17.6 23.8 17.8 32.2 48.400000000000006 15 63.400000000000006 0.6000000000000001 0.6000000000000001 0.4 0 0 0 0.2 0 0 0 0 0 24.6 0 0 0.4 0 0 0 4.800000000000001 0 0.4 0.6000000000000001 0 0 0.2 0 0 0 0.6000000000000001 0 0 0 0 0 0 0 0 0 0.4 0 0 0.2 0 3.2 0 0 0 0 0 2.2 0 0 0 0 0 3.6 0 0 0 0 4.2 1.4000000000000001 3.4000000000000004 1.6 7 3.8000000000000003 0.2 2 5.6000000000000005 2.2 4.2 0 0 0 0 6 3.2 0.2 0 1.8 0 0 0 0 0 1.4000000000000001 3.2 0 0 0 3 2.4000000000000004 3.2 0 0 0 0 1.8 5.6000000000000005 0 0 0.2 0 1.4000000000000001 0 0 0 0 0 0 0 0 0 2.8000000000000003 0.4 0 0 0 0 0 0 0 0 4.800000000000001 0 0 0 0 0 9 0 0.8 0 1.2000000000000002 0 0 0 0 0 5.6000000000000005 1.6 0.2 2.2 0.2 2 0 0 6.6000000000000005 2.6 1.4000000000000001 0 1.2000000000000002 2 3.6 2.6 0 2.6 0 0.2 0 0 0 0 0 0 3.6 0 0 0 0 0 0 4.6000000000000005 0 0 0 0 3 0.6000000000000001 0 0 0 0 0 0 0.4 0 0 0 0 0 0 0 0 0 0 0 0 0 0 0 0 0 0 0 0.4 0 0 0 0 0 0 0 2.2 0 0 0.6000000000000001 0.6000000000000001 0.4 1 4 0 0 0 0 0 0 0 0 0 0 0 0 0 0 0 0 0 1.6 0 0 0 0 0 0 1.4000000000000001 0 0 0 
 0 0 0 0.2 0 1 0 0.4 0 0.2 0 0.4 0 0 0 0 1 0 0 0 65.60000000000001 18.8 51.6 28.200000000000003 33.4 18 21.6 14.4 39.2 62.400000000000006 0 31.400000000000002 19.6 17.6 28 30 41.400000000000006 12.600000000000001 8 53 11.4 13 0.4 0 0 0 0 13.600000000000001 0 0 5.800000000000001 0 12.200000000000001 12.4 0.6000000000000001 0.4 0 0 4.6000000000000005 0.6000000000000001 0 0.4 0.4 0 0.6000000000000001 0 0.2 0 0.4 0.6000000000000001 0 0 0 0 0 0 0 0 0 0 0 0 0 0 0 0 0 0 0 0 0 0 0 0 0 0 0 0 0 0 0.2 0 5.800000000000001 2.6 0.2 0 1.8 0 0 8.4 0 2.8000000000000003 0 2.6 2.4000000000000004 2.4000000000000004 0 2.4000000000000004 0 2.8000000000000003 1.8 2 0 0 1.6 0 0 1 0.2 0 0 0 0 3 0.8 0 0 0 0 5.2 0 0 0 0 0 2.6 0 0 0 0 1.6 1 0 0 0 0 0 0 0 0 0 0 0 0.6000000000000001 0 0 0 0 1 0 0 0 0 0 0 4 0 0 0 0 3.6 3.6 3.6 3.6 6 2.2 0 5.4 1.4000000000000001 2 0 3 3.6 3.6 3 2.6 4.2 2.6 0 1.6 3.6 0 0 0 0 0 2 0 0 0 0.2 0 1.6 7.2 0 0 0 0 0.6000000000000001 1.6 0 0 0 0 0 0 0 0 0 0 0 0 0 0 0 0 0 0 0 0 0 0 2.6 0 0 0 0 0 0 0 0 0 0 0 1 0 0.2 0 0 0.6000000000000001 0.4 0 0 0 0 0 0 0 0 0 0 0 0 0 0 0 0 0 0 0 0 3.4000000000000004 0 0 0 0.4 0 0 0 0 
