 0 22.6 22.8 48.6 5.4 6.4 82.60000000000001 74.4 42.2 23.200000000000003 68.8 28.400000000000002 22.200000000000003 11 30 95.2 18.6 26.6 29.400000000000002 13.4 40.400000000000006 0.2 0.6000000000000001 0.4 0 0 0 0.2 0 0 0.4 0.2 0.4 0.6000000000000001 0 0.4 0.4 0 0.4 0 0 0 0 0 0 0.4 0 0 0 0 0 4.2 0 0.6000000000000001 0.4 0 0.6000000000000001 0 0 0 0.4 0 0 1 0 0.8 0 1.4000000000000001 0 0 0.4 0 0.6000000000000001 0 0 0 0.6000000000000001 0 0 0 4.4 3.4000000000000004 2.2 3.8000000000000003 0.2 2.4000000000000004 2.6 0.2 0 3 3.2 0 8.200000000000001 3 0 0.6000000000000001 3.6 3.6 1.4000000000000001 0 0 2.6 0 0 0 0 0 0 0 0 0 0 1 0 0 0 0 0 0 3.2 0 0 0 0 0 0 0 0 0 0 0 0 0 0 0 0 0 0 0 0 0 0 0 0 0 0 0 0 0 0 0 0 0.4 0 0 0 0 0 0 0.2 0 3.4000000000000004 3.2 2.8000000000000003 0 0 3.8000000000000003 3.2 8.6 7.6000000000000005 7.800000000000001 0.8 1.8 0 3 6 4.800000000000001 3.6 0.2 3.6 0 0 0 0.4 0 0 0.2 0 0 0 0 0 3.2 0 0 0 0.2 0 0.6000000000000001 3 0.4 0 0 0 0 0 0 0 0 0 0 0 0 0 0 0 0 0 0 0 0 0 0 0 0 0 0 0 0 0 0 0 0 0 0 0 0 0 0 0 0 0 0 0 0 0 0 0 0.6000000000000001 0.2 0.2 1.8 3.6 0 0 0 0 0 0 0 0 0 0 0 0 0 0 0 0 0 0 0 0 0 0 0 0 0 0 0 0 0 0 0 0 0 0 0 0 0 
 22.6 0 54.2 36.800000000000004 29.200000000000003 4.800000000000001 76.80000000000001 27.8 29.400000000000002 73.60000000000001 51.6 66.2 25 10.600000000000001 31.400000000000002 26.200000000000003 12.8 71.8 42.2 54.400000000000006 0 0 0.6000000000000001 0.4 0.4 0 0 0 0 0 16 0 0.6000000000000001 0.6000000000000001 0.6000000000000001 0 0.4 0 0 0 0 0.4 0 12.600000000000001 0 0.2 0 0 0 0 14.600000000000001 0 0 0.6000000000000001 0 0 0.6000000000000001 0 0.4 0 0.4 0 0 0 0.6000000000000001 0 0 0 0 0 0.4 0 0.6000000000000001 0 0 0 0.6000000000000001 0 0 0 6 6.4 8.200000000000001 4.6000000000000005 0 5.2 5.2 5.6000000000000005 5.4 2.2 0 6.4 3.4000000000000004 0.2 5 6.2 3.2 2 2.4000000000000004 6.2 0.4 0.2 0.2 0 0 0 0 0 2.2 0 0.4 0 0 0 0 0 0 0 2.8000000000000003 3.4000000000000004 0 0 0 0 0 0 0 0 0 0 0 0 0 0 0 0 0 0 0 0 0 0 0 0 0 0 0 0 0 0 0 0 0 0 0 0 0 0 0 0 12 3.2 6.6000000000000005 0 0 0 2.8000000000000003 7.4 3.2 6.4 4.2 7.2 3.4000000000000004 3.2 4.2 0.6000000000000001 8.8 8.6 0 0 0 0 0 0 0 0 0 0 0 0 0 0 0.2 0 0 0.4 0 0 0 4.4 0 0 0 0 0 0 0 0 0 0 0.2 0 0 0 0 0 0 0.4 0 0 0 0 0 0 0 0 0 0 0 0 0 0 0 0 0 0 0 0 0 0 0 0 0 0 0 0.4 0 0.2 0.8 0 0 0 0 0 0 0 0 0 0 0 0 0 0 0 0 0 0 0 0 0 0 0 0 0 0 0 0 0.2 0 0 0 0 0 0 0 0 0 0 0 0 
 22.8 54.2 0 92 30.200000000000003 6.4 33.2 64.2 45.6 67.8 134.8 53.6 37 56.400000000000006 74.2 51.800000000000004 31.6 30.200000000000003 48.6 28 0 0 0.6000000000000001 0.4 0 0 0 0 0 0.2 0.4 0 0.6000000000000001 0.4 0.4 0 0.4 0 0.2 0 0 0 0 0 0 0 0 0.2 0 0 0.2 9 0 0.6000000000000001 0 0 0.6000000000000001 0 0 0 0.4 0 0 0 0 0.4 0 0 0 0 0.6000000000000001 0 0.4 0 0.6000000000000001 0 0.4 0 0 0 4.6000000000000005 0.6000000000000001 2.2 6.800000000000001 4 8.8 0 10 9.8 2.2 2.6 17.8 0 0 6.4 11.600000000000001 6.800000000000001 1.4000000000000001 0 2.8000000000000003 1.8 0 0 10.200000000000001 0 0 0 0 0 0 0 0 0 0 0 0 0 0 0.6000000000000001 1.8 0 0 0 0 0 0 0 0 0 0 0 0 0 0 0 0 0 0 0 0.2 0 0 0 0.4 0 0 0 0 0 0 0 0 0 0 0 0 0 0 0 0 3 4.4 0.2 0.2 0.4 4.4 5.800000000000001 0 5.4 2.8000000000000003 5 8 0.8 0.4 3.2 10 7 12.600000000000001 0 0 0 0 0 0 0 0 0 0 0 0 0 0 0 0 0.2 0 0 0 0 5 0 0 0 0 0 0 0 0 0 0 0 0 0 0.4 0 0 0 0 4 0 0 0 0 0 0 0 0 0 0 0 0 0 0 0 0 0 0 0 0 0 0 0 0 0 0 0.2 0.4 0.4 2.2 9.8 0 0.8 0.2 0 0.2 0 0 0 0 0 0 0 13 0 0 0 0 0 0 0 0 0 0 0.4 0 0 2.8000000000000003 1.6 0 0 0 0 0 0 0 0 0 0 0 0 
 48.6 36.800000000000004 92 0 70.8 16.400000000000002 36.2 36 20.400000000000002 35.6 39.2 7.4 23.200000000000003 36.2 73.2 34.6 88 10.600000000000001 22.400000000000002 13.200000000000001 14.600000000000001 22.6 0.6000000000000001 0.4 0 0 0 7.2 0 0 0.4 0 1 0.6000000000000001 14.8 0 0.4 0 0 0 0 0 0 0 0 0 0 0 0 0 0 0 0 0.6000000000000001 0.2 0 0.6000000000000001 0 0 0 0.4 0 0 0 8.8 0 0 0 0 0 0.4 0 0.6000000000000001 0 0 0 0.6000000000000001 0 0 0 3.6 2.6 1.8 14 1.4000000000000001 3.8000000000000003 0 0 8.4 1.6 5 8 0 0 2.8000000000000003 8 3.2 0.2 0 3.8000000000000003 6.4 2.8000000000000003 2 0 0.2 0 1.8 0 0 0 0 0 3.6 0 0 0 0 0 0 3.4000000000000004 0 0 0.2 0 0.4 0 0.4 0 0 0 0 0 0 0 0 0 0 0 0 0 0 0 0 0 0 0 0 0 0 0 0 0 0 0 0 0 0 0 0 0 0 6 0 0 3.4000000000000004 5.2 2.8000000000000003 0 3.2 7.4 5.4 10.200000000000001 0 0 2 0.2 4.4 6.4 0 0.4 1.8 2 0 0 0 0 0 0 0.4 0 0.2 0 0.4 0 0 0 0 2 0 6.800000000000001 0 0.4 0 0 0 0 0 0.2 0 0 0 0 0 0 0 0 0 0 0 0 0 2 0 0 0 0 0 0 0 0 0 0 0 0 0 0 0 0 0 0 0 0 0 0 0 0.2 0.4 0 9.600000000000001 0 0 1.4000000000000001 0 0 0 0 0.2 0 0 0 0 0 0 0 0 0 0 0 0 0 0 0 0 0 0 0 2.8000000000000003 0 0 0 0 0 0 0 0 0 0 0 0 0 
 5.4 29.200000000000003 30.200000000000003 70.8 0 56.2 14.600000000000001 14.200000000000001 33.800000000000004 35.6 43.2 27.8 36.800000000000004 41 13.4 21.400000000000002 73.60000000000001 36.800000000000004 17.400000000000002 29.400000000000002 0.6000000000000001 0 0.6000000000000001 0.4 0 0 15.200000000000001 22.6 0 0.4 0.4 0 30.8 0.6000000000000001 14.8 0 0.4 0 0 0.2 0 0 0 0 1.4000000000000001 0 0 0 0 0 0 0.2 0 0.6000000000000001 0.4 0 0.6000000000000001 0.4 0 0 0.4 0 0 0 0 0 0 0 0 0 0.4 0 0.6000000000000001 0 0 0 0.6000000000000001 0 0 0 0 0.2 1 7.6000000000000005 10.200000000000001 0.2 0 0 0 6.800000000000001 3.8000000000000003 3.4000000000000004 0 0.8 0 4.2 3.4000000000000004 0.4 0 2.2 0.2 0 6 0 0 0.4 4.6000000000000005 2 0 0 0 0 2.4000000000000004 3.2 0.2 0 0 0 2.6 0 0 0 0 0 0.2 0 0 0 0 0 0 0 0 0 0 0 0 0 0 0 0 0.4 0 0 0 0 0 0 0 0 0 0 0 0.4 0 0 0 0 0 0 0 0 3 0.2 4 6.6000000000000005 0 0 0.2 2.4000000000000004 2.2 8.8 0 0 4 1.2000000000000002 1.4000000000000001 5.2 0 0 0.4 6.4 0 0 0 0 4.800000000000001 0 0 0 0 0.4 0 0 0 0 0 3.8000000000000003 0 0 0 0 0 0 0 0 0 0 0 0 0 0 0 0 0 0 0 0 0.2 0 0 0 0 0 0 0 0 0 0 0 0 0 0 0 0 0 0 0 0 0 0 0 0 0 0 0.2 0.6000000000000001 0 0.8 0.2 3.4000000000000004 2.2 0 0 0 0 0 0 0 0 0 2.2 0 0 0 0 0 0 0 0 0 0 0 0 0 0 0 0 0 0 0 0 0 0 0 0 0 0 0 0 
 6.4 4.800000000000001 6.4 16.400000000000002 56.2 0 10 7 10 9.600000000000001 51.2 63 7.800000000000001 6.800000000000001 5.6000000000000005 18 16.400000000000002 9.600000000000001 29.8 53.800000000000004 17.8 14.8 1 0.4 0.6000000000000001 0 38.800000000000004 12.8 15.200000000000001 5.4 0.4 3.6 22.8 11.200000000000001 38.800000000000004 0 8.200000000000001 0.6000000000000001 13.200000000000001 30.400000000000002 0.4 0 0 0 11.8 0 0 0 0 0 0 0 0 0.6000000000000001 0.2 0 0.6000000000000001 0 0 0.4 0.4 0 0 0 0.6000000000000001 0 0 0.6000000000000001 0 0 0.4 0 0.6000000000000001 0 0 0 1 0 0 0 0 0 2.8000000000000003 0.8 0.2 0 0 0 0.2 6.4 9.600000000000001 0 0 1.8 0 0 4.6000000000000005 2.4000000000000004 0 0 8.200000000000001 0 3.6 0 0 0 8.4 3.2 2 2.8000000000000003 0 3.4000000000000004 2 0.2 3.4000000000000004 0 0.8 6.6000000000000005 3.4000000000000004 0 0 0 0 0 0 0 0 0 0 0 0 0 0 0 0 0 0 0.2 0 0 0 0 2.8000000000000003 0 0 0 0 0 0 0 0 0 0 1.2000000000000002 0 0 0 0 0 0 0 0 2.6 2.4000000000000004 6 1.2000000000000002 0 0 2.6 0 0 3.8000000000000003 0 0 5.800000000000001 4 0 3 0.2 0 2 4.6000000000000005 0 0 0 0 4.4 2.8000000000000003 0 0 0 0.2 0.2 7.4 2 5 0 4.4 0 0 0 0 0 0 0 0 0 0 0 0 0 0 0 0 0 0.6000000000000001 0 2 3.2 0 0 0 0 0 0 0 0 0 0 0 0 0 0.2 0 0 0 0 0 0 0 0 1.6 0 0 0 1.8 12.4 0 1.4000000000000001 1 2 0.4 0.4 1.4000000000000001 0 0 0 0 0 0 0.4 0 0 0 0 0.4 0 0 0 0 0 0 0 0 0 0 0 0 0 0 0 0 0 0 0 0 0 0 0 0 
 82.60000000000001 76.80000000000001 33.2 36.2 14.600000000000001 10 0 36.2 57 41.400000000000006 10.600000000000001 48.400000000000006 65 8.8 8.6 47.800000000000004 47.800000000000004 40 50.800000000000004 10.600000000000001 0 0 1 0.4 0 0.2 0 0 0 0 0.4 0 0.6000000000000001 1.6 0.4 0.2 0.6000000000000001 0 0 0 0 12.600000000000001 0.2 0 0 0 0 0 0 14.8 0 5.800000000000001 0.2 0.6000000000000001 0.6000000000000001 0 1 0.4 0 5.800000000000001 0.4 0 0 0 0 0.2 0 0.2 0 0 0.4 6.6000000000000005 0.6000000000000001 0 1 1.6 0.6000000000000001 0 0 0 0.2 2.4000000000000004 0.4 5 3 4.6000000000000005 0.2 6.6000000000000005 3.2 8 0 5 3 0 4.6000000000000005 4.6000000000000005 8.200000000000001 2.2 0 0.2 0 0 0 0 0 0 0 0 0 0 0 0 2.8000000000000003 0 0.4 0 0 0 0 0.2 0 0 0 0 0 0 0 0 0 0 0 0 0 0 0 0 0 0 0 0 0 0.2 0 0 0 0 0 0 0 0 0 0 0 0 0 0 0.2 0 0 0 5.2 7.2 2.2 0 1.4000000000000001 0.2 0.4 8 4 4.4 6 3.2 2.2 0.2 0 7.4 0 5 0 0 0 0 0 0 0.4 0 0 0 0 0 0 0 0.4 0 0 0.8 0 0 0 3.8000000000000003 0 0 0 0.4 0 0 0 0 0 0 0 0 0 0 0 0 0 0 0.4 0 0 0 0 0 0 0 0 0 0 0 0 0 0 0 0 0 0 0 0 0 0 0 0 0 0.4 0.4 0 0 0.4 9.8 0 1.2000000000000002 0 0 0 0 0 0 0 0 0 0 0 0 0 0 0 0 0 0 0 0 0 0 0 0 0 0 0 0 0 0 0 0 0 0 0 0 0 0 
 74.4 27.8 64.2 36 14.200000000000001 7 36.2 0 53.800000000000004 64.8 27.200000000000003 4.4 25 13.200000000000001 33 24.400000000000002 28.6 5.800000000000001 19.400000000000002 6.6000000000000005 0 3.4000000000000004 0.6000000000000001 0.4 0 0 0 0 0 0.2 0.4 0 1 0.4 0 0 0.4 0 0.6000000000000001 0 0 0 0 0 0 0 0 2.6 12.4 0 0.4 0 0 0.6000000000000001 0.4 0.6000000000000001 0.6000000000000001 0 0 0.4 0.4 0 0 1.4000000000000001 0 0.8 0 1 0 0 1.2000000000000002 0 0.4 0 0 0 0.6000000000000001 0 0 0 4.6000000000000005 7.2 6 4.6000000000000005 0.2 1.2000000000000002 3.2 3.6 3.2 0 1.4000000000000001 0.2 4.4 2.8000000000000003 3.2 9 2.6 4 5.6000000000000005 0.4 1.6 0 0 0 0 0 0 0 0 0 0 0 1.8 0 0 0 0 0 2.6 7.2 0 0 0 0 0 0 0 0 0 0 0 0 0 0 0 0 0 0 0 0 0 0 0 0 0 0 0 0 0 0 0 0 0 0 0 0 0 0 0 0 0.6000000000000001 5.4 0.2 3.8000000000000003 0 2.8000000000000003 0 2.2 7.6000000000000005 16.2 1.8 3.4000000000000004 5 7.6000000000000005 18.400000000000002 3.2 0.2 1.4000000000000001 0 2 0 0 0 0 0 0 0 0 0 0 0 0 3.2 0 0 0 0 0 2.6 0.2 0 0 0 0 0 0 0 0 0 0 0 0 0 0 0 0 2.2 0 0 0 0 0 0 0 0 0 0 0 0 0 0 0 0 0 0 0 0 0 0 0 0 0 0 0 0 0 0.2 0.4 0.2 0 0 0.8 3 0 0 0 0 0 0 0 0 0 0 0 0 0 0 0 0 0 0 0 0 0 0 0 0 3.2 0 0 0 0 0 0 0 0 0 0 0 0 
 42.2 29.400000000000002 45.6 20.400000000000002 33.800000000000004 10 57 53.800000000000004 0 39.6 9 26.400000000000002 73.60000000000001 62.2 69.4 69.4 47.800000000000004 7.800000000000001 69.8 54 0 0 42 0.4 0.4 0 0.4 0 0 0 0.4 0 0.6000000000000001 0.4 0 0 0.4 0 0 0.4 0 0 0 0 0 0 0 0.2 0 0 0.2 0 0 0.6000000000000001 0.4 0 0.6000000000000001 0 0 0 0.4 0 0 0 0 0 0 0.2 0 0 0.6000000000000001 0 0.4 0.8 1.6 0 0.6000000000000001 0 0 0 0.2 5.4 4.6000000000000005 0.2 2 5.800000000000001 0.2 6 9.4 0 0 3.2 7.2 3.2 11 2.2 2.2 0 3.2 2.4000000000000004 2 0 0 0 0 0 0 0.2 0 0 0 0 0 0 0 0 0.4 0 0 0 0 0 0 0 0 2.8000000000000003 0 0 0 0 0 0 0.2 0 0 0 0 0 0 0 0 0 0 0 0 0 0 0.4 0 0 0.4 0 0 0 0 0 0.2 0 0 0 3 5.800000000000001 0 1.6 0 2.2 8.6 5 1.4000000000000001 5.2 9.4 2.6 1.2000000000000002 5.6000000000000005 7.2 4.800000000000001 1.4000000000000001 6.6000000000000005 0.2 0 1.4000000000000001 0 0 0 0 0 0 0 0 0 0 0 0 0 0 0 0 0 0 0 0 0 0 0 0 0 0 0 0 0 0 0 0 0 0 0 0 0 0 0 0 0 0 0 0 0 0 0 0 0 0 0 0 0 0 0 0 0 0 0 0 0 0 0 0.4 0.2 0 0 0.4 18 0 3.6 0 2.4000000000000004 0 0 0.2 0 0 0 0 0 0 0 0 0 0 0 0 0 0 0 0 0 0 0 0 0 0 0 0 0 0 0 0 0 0 0 0 0.2 
 23.200000000000003 73.60000000000001 67.8 35.6 35.6 9.600000000000001 41.400000000000006 64.8 39.6 0 17.8 29.6 16.6 31.6 38.6 43.800000000000004 68 11.4 17 18.6 0 0 0.6000000000000001 0.4 0 0.2 0.2 0 0 0 0.4 0.2 0.4 0.6000000000000001 0 41.400000000000006 0.4 0 0 0 0 0 12.8 0 0 0 0 0 0 0 0.2 0.2 0 0.6000000000000001 0.4 0 0.6000000000000001 0 0 0 0.4 0 0 0 0 0 0 0 0 0 0.4 0 0.6000000000000001 0 0 0 0.6000000000000001 0 0 0 9.4 4.800000000000001 5.2 8 0.2 4.6000000000000005 0 0.8 7.4 2.4000000000000004 2.4000000000000004 3 0 0 3.4000000000000004 3.6 0.2 1.6 0 3 1.4000000000000001 0 0 0 0 0 0 2 0 0 0 1 1.2000000000000002 0 0 0 0 0 3.4000000000000004 5.4 0 0 0 0 0 0.2 0 0 0 0.4 0 0 0 0 0 0 0 0 0 0 0 0 0 0 0 0 0 0 0 0 0 0 0.4 0 0 0 0 0 0 0.2 0.2 8.200000000000001 1.8 5 0 3.4000000000000004 3.8000000000000003 3.2 6.4 10 12 5.6000000000000005 0 2.2 4 2.2 3.8000000000000003 9.8 0 0 0 0 0.4 0.4 0 0 2.4000000000000004 0 0 0 0 0 3.4000000000000004 0 0 0 0.4 0 3 4.4 0.4 0 0 0 0 0 0 0 0 0 0 0 0 0 0 0 0 0 0 0 0 0 0 0 0 0 0 0 0 0 0 0 0 0 0 0 0 0 0 0 0 0 0 0 0 0 0.2 0.2 1 0.6000000000000001 0.2 3 0 0 0 0 0 0 0 0 0 0 0 0 0 0 0 0 0 0 0 0 0 0 0 5.2 0 3.4000000000000004 0 0 0 0 0 0 0 0 0 0 0 0 
 68.8 51.6 134.8 39.2 43.2 51.2 10.600000000000001 27.200000000000003 9 17.8 0 53.6 46.400000000000006 29.400000000000002 24.6 47.800000000000004 38.2 33.2 11 55 0 0 0.6000000000000001 0.4 0.2 0 15.4 0.4 0 0 0.4 0.4 15 0.6000000000000001 20.200000000000003 0 0.4 0 19.6 14.8 0 0 0 0 0 0 0 0.2 0 0 0 0 0 0.6000000000000001 0 0 0.6000000000000001 0 0 1.4000000000000001 0.4 0 0 0 0 1.2000000000000002 0 1.4000000000000001 0 0 0.4 0 0.6000000000000001 0 0 0.4 0.6000000000000001 0.2 0 0 0.2 2.2 0 9.200000000000001 2.6 0 0 0 2.6 8.200000000000001 4 3.4000000000000004 0 2.2 3.8000000000000003 6 7.800000000000001 3 3.6 0 2 0 0 0 0 0 2 0 0 2.8000000000000003 0 0 0 0.2 0 0 0 0 2.2 3 0 0 0 0 0 1.6 0 0 0 0 0 0 0 0 0 0 0 0 0.4 0 0 0 0 0 0 0 0 0 0 0 0 0 0 1 0 0 0 0 0 0 6.6000000000000005 0 2.4000000000000004 3.2 3 3.6 0.2 0 6.2 0 0 2.4000000000000004 2.8000000000000003 0 0 5.800000000000001 0.2 0.4 0 0 0 0 0 0 0 0 0.6000000000000001 2 0.8 0 0 0 0 4 0 1.4000000000000001 0.2 0 0 0 0 0 0 0 0 0 0 0 0 0 0 0 0 0 0 0 0 0 0 0 0 0 0 0 0 0 0 0 0 0 0 0 0 0 0.2 0 0 0 0 0 0 1.8 0 0 0 0.4 15.600000000000001 0.8 18.6 0.2 0 1.8 4 0 0 0 0 0 0 0 0 0 0 0 0 0 0 0 0 0 0 0 0 0 0 2 2 0 0 0 0 0 0 0 0 0 0 0 0 0 
 28.400000000000002 66.2 53.6 7.4 27.8 63 48.400000000000006 4.4 26.400000000000002 29.6 53.6 0 6.6000000000000005 64.60000000000001 51.2 27 14 12 5.2 7 7.2 0 0.6000000000000001 0.4 0.4 0.2 30 14.8 0 0.2 0.4 0 20.6 15.200000000000001 15 14.600000000000001 0.8 0 15 29.8 0 0 12.600000000000001 0 0 0 0 0.4 0 0 0.4 0 0 0.6000000000000001 0.6000000000000001 0.4 0.6000000000000001 0 0 0 0.4 0 0 0 0 1.2000000000000002 0 0 0 0 0.4 1 0.6000000000000001 0 0.2 0 0.6000000000000001 0 0 0 0.2 3.8000000000000003 3 0 4.6000000000000005 2.2 0 0 8.8 6.4 8.4 2.8000000000000003 0 0 0 0 3 0 0 0 5.4 7 0 0 0 0 4.6000000000000005 2.6 0 3.2 0 0 4.4 0.2 0 0 0 2 0 0 0 0 0 0 0 0 0 0 0 0 0 0 0 0 0 0 0 0 0 0 0 0 0 0 0 0 0 0 0 0 0 0 0 1.8 0 0 0 0 0 0 0 0 0 3.4000000000000004 9 0 0 4 0 0 2.6 0 0 2.4000000000000004 0 0 0 1.6 0 0 0 0 0.4 0 0 0 6.2 4 1.8 0 0 3.4000000000000004 3.2 6 0 0.6000000000000001 2 0 8.6 6.4 0 0 0 0 0 0 0 0.2 0 0 0 0 0 0 0 0 4.4 0 0 0 0 0 0 0 0 0 0 0 0 0 0 0 0 0 0 0 0 0 0 0 0 0 0 0 0 1.6 9 0 0 18 1.4000000000000001 0 0 0 0 0 0 0 0 0 0 0.2 2.6 0 0 0 0 0 0 0 0 0 0 0 0 2 2.4000000000000004 0 0 0 0 0 0 0 0 0 0 0 0 0 
 22.200000000000003 25 37 23.200000000000003 36.800000000000004 7.800000000000001 65 25 73.60000000000001 16.6 46.400000000000006 6.6000000000000005 0 33.6 23.200000000000003 55 47.2 33.800000000000004 58.400000000000006 55.2 0 0.4 1 0.4 0 23 0 0.6000000000000001 0 0.6000000000000001 5.6000000000000005 0 0.4 1 0 0 15.8 0 0 0.4 0 0 0 0 0.4 0 0 0 0 0 0 0 0 1 0.4 0 0.6000000000000001 0 0 0 0.4 0 0 0.8 0.2 1.2000000000000002 0 0.8 0 0.6000000000000001 0.8 0 0.6000000000000001 0.2 0.8 0 0.8 0 0 0 3.6 0 1.4000000000000001 4 0.4 3.2 0 2.6 2.2 2.4000000000000004 2.2 5.2 5 1.6 4 3 2.8000000000000003 0 1.6 4.800000000000001 0 0 0 0 0 0 0 0 0 0 0 0 0 0 0 0 0 0 0 0 0 0 0.6000000000000001 0 0 0 0 0.2 0 0 0 0 0 0 0 0 0 0 0 0 0 0 0 0 0 0 0 0 0 0 0 0 0 0 0 0 0 0 0 0 2 0.2 3.8000000000000003 0 2 5.6000000000000005 5.800000000000001 2.2 2.8000000000000003 3.8000000000000003 0.4 13.8 3.6 2 2.8000000000000003 6 3.4000000000000004 5.4 0 0.2 0 0 0 0 0 0 0 0 0 0 0 0 0 0 0 0.8 0 0 0 0 0 0 0 0 0.2 0 0.2 2.4000000000000004 0.4 0 0 0 0 0 0 0 0 0 0 0 0 0 0 0 0 0 0 0 0 0 0 0 0 0 0 0 0 0 0 0 0 0 0 0 0 0.6000000000000001 0.2 0 3 17.400000000000002 0 1 2.8000000000000003 0 0 0 0 0 0 0 0.2 0 0 0 0 0 0 0 0 0 0 0 0 0 0 0 2.8000000000000003 0 0 0 0 0 0 0 0 0 0 0 0 0 
 11 10.600000000000001 56.400000000000006 36.2 41 6.800000000000001 8.8 13.200000000000001 62.2 31.6 29.400000000000002 64.60000000000001 33.6 0 52.6 33.4 8.8 4.800000000000001 65 62.400000000000006 0 0 0.6000000000000001 0.4 0 0 0 0 0 0 0.4 0 0.6000000000000001 0.4 0 0 0.4 0 0 0 0 0 0 12.4 1.2000000000000002 0 0 0.2 0 0 0.2 0 0 0.6000000000000001 0 0 0.6000000000000001 0 0 0 0.4 0 0 0 0 0 0 0 0 0 0.6000000000000001 0 0.4 0 0 0 0.4 0 0 0 3 4 0 5.2 3.4000000000000004 0 4.800000000000001 5.800000000000001 2.6 1.8 0.4 2.2 2.8000000000000003 2.6 3 2.6 6.4 3 0 7 0 0 0 0 0 0 0 0 0 2.6 0 0 0 0 0 0 0 0 0 2.8000000000000003 0 0 0 0 0 0 0 0 0 0 0 0 0 0 0 0 0 0 0 1.8 0 0 0 0 0 0 0 0 0 0 2.6 0 0 0 0 0 0 0 0 0 3.4000000000000004 0 0 0 0 3 2.2 0 7.2 0 0 1.6 2.2 1.8 0.2 0.2 0.4 1 1.8 0.8 0 0 0 0 0 0 0 0 0 0 0 0 0 0 0 0 0 0 0 0 0 0 0 0 0 0 0 0 0 0 0 0 0 0 0 0 0 0 0 0 0 0 0 0 0 0 0 0 0 0.2 0 0 0 0 0.2 0 0 0 0 0 0 0 0 0 0 0.4 0 0 18.400000000000002 0 0 1.2000000000000002 0 0 0 0 0 0 0 0 0 0 0 0 0 0 0 0 0 0 0 0 0 0 0 0 2.2 0 0 0 0 0 0 0 0 0 0 0 0 0 
 30 31.400000000000002 74.2 73.2 13.4 5.6000000000000005 8.6 33 69.4 38.6 24.6 51.2 23.200000000000003 52.6 0 42.2 9.4 51.2 38.400000000000006 21.400000000000002 0 0 0.6000000000000001 0.4 0 0 0 0 0 0 0.4 0 1 0.4 0 0 0.4 0 0 0 0 0 0 0 1.2000000000000002 0 0 0.2 0 0 0.2 0.2 0 0.6000000000000001 0 0 0.6000000000000001 0 0 0 0.4 0 0 0 6.2 0 0 0 0 0 0.6000000000000001 0 0.4 0 0.2 0 0.6000000000000001 0 0 0 1 2 3.8000000000000003 0.4 8.200000000000001 0 5.4 5.800000000000001 2.4000000000000004 2.8000000000000003 0 0 2.6 3.8000000000000003 3.4000000000000004 0 2 0 3.8000000000000003 2.2 0 0 0 0 0 0 0 0 0 0 0 0 0 0 0 0 0 0 0 0 0 0 0 0 0 0 0 0 0 0.2 0 0 0 0 0 0 0 0 0 0 0 0 0 0 0 0 0 0 0 3.4000000000000004 0 0 0 0 0 0 0 0 0 0 3.2 0 0.2 4.6000000000000005 0 0.2 7.4 6 0.2 0 3 0 10.4 18.8 3.8000000000000003 6.4 2.8000000000000003 6.4 0.8 0.2 0 0 0 0 0 0 2.8000000000000003 0 0 0 0 0 0 0 0 0 0 0 2 2.6 0 0 0 0 0 0 0 0 0 0 0 0 0 0 0 0 0 0 0 0 0 0 0 0 0 0 0 0 0 0 0 0 0 0 0 0 0 0 0 0 0 0 0 0 0 0.6000000000000001 0 0 1 0.8 0 0.8 0 0 0 0 0 0 0 0 0 0 0 0 0 0 0 0 0 0 0 0 0 0 0 4 0 0 0 0 0 0 0 0 0 0 0 0 0 0 
 95.2 26.200000000000003 51.800000000000004 34.6 21.400000000000002 18 47.800000000000004 24.400000000000002 69.4 43.800000000000004 47.800000000000004 27 55 33.4 42.2 0 65.4 9.200000000000001 8.4 28.200000000000003 0 0.8 0.6000000000000001 0.4 0.2 0 0 1.2000000000000002 0 0.4 0.4 0.8 0.4 0.8 0 0 0.4 0 22.6 16 0 0 0 0 0.2 0 0 0 0 0 0 0 0 1 0.4 0 0.6000000000000001 0 0 0.4 0.4 0 0 0.4 0.2 0 0 0 0 0.4 0.8 0 0.6000000000000001 0.4 0.8 0 1 0 0 0 8.8 7.2 5 2.4000000000000004 4.6000000000000005 0 0 1.6 3.8000000000000003 1.6 6.6000000000000005 2.4000000000000004 0 0 4.800000000000001 0.2 13.8 2.4000000000000004 0 0 1.8 0 0 0 0 0 1.8 0 0 12.200000000000001 0 0 0 0.2 0 0 0 0 2.8000000000000003 2.4000000000000004 0 0.2 0 0 0 0 0 0 0 0 0 0.4 0 0 0 0 0 0 0 0 0 0 0 0 0 0 0 0 0.2 0 3.8000000000000003 0 0 0 0 0 0 0 0.4 0 0.4 0.6000000000000001 1.2000000000000002 2.4000000000000004 4.6000000000000005 0 3.8000000000000003 5.4 0.2 2.2 6.4 0.4 0 2 0 7.2 2 3 4.6000000000000005 0 0 0 0 0 0 0 1.8 2.4000000000000004 1.4000000000000001 0 0 0.2 0 4.2 0 2.2 3.6 0 3.2 0 0 0 0 0 0 0 0 0 0 0 0 0 0 0 0 0 0 0 0 0 0 0 0 0 0.2 0 0 0 0 0 0 0 0 3 0 0 0 0 0 0 0 4 0 0 0 0.2 12.4 0 19.200000000000003 17.400000000000002 0.4 1 0.2 0 0 0 0 0 0 0 0 0 0 0 0 0 0 0 0 0 0 0 0 0 0 0 0 2.6 0 0 0 0 0 0 0 0.2 0 0 0 0 
 18.6 12.8 31.6 88 73.60000000000001 16.400000000000002 47.800000000000004 28.6 47.800000000000004 68 38.2 14 47.2 8.8 9.4 65.4 0 25.6 26.6 10.200000000000001 0 0.2 42.2 0.4 0 23 0 0 6.2 0.4 0.4 0 0.6000000000000001 15.4 0 0 0.4 0 15.200000000000001 0 0 0 0 0 0 0 0 0 0 0 0 0 0 0.6000000000000001 0.2 0 0.6000000000000001 0 0 0 0.4 0 0 0 0 0 0 0 0 0 0.4 0 0.6000000000000001 0 0 0 0.6000000000000001 0 0 0 3.8000000000000003 3.6 4.6000000000000005 1.8 0.2 2.6 0 0 3 2 10.200000000000001 0.4 0.2 0 0 3 0 0 0 0 1.8 2 0 0 0 0 1.2000000000000002 2.6 0.2 0.4 0 0.4 10 0 0 0 0 0 2.6 2.8000000000000003 0 0 0 0 0 0 0 0 0 0 0 0 0 0 0 0.4 0 0 0 0 0 0 0 0 0 0 0 0 0 0 0 0.6000000000000001 0 0 0 0 0 0 0 0 0 5 0 8 0 4.4 3.4000000000000004 0 4.6000000000000005 6.2 10.8 2.8000000000000003 0 0 2.6 10.200000000000001 2.6 2.8000000000000003 0 0 2 0 0 0 0 0.2 2 0.4 0 0 0 0 3.2 0 0 0 0 2 2 5.6000000000000005 0 0 0 0 0 0 0 0 0 0 0.4 0 0 0 0 0 0 0 0.2 0 0 0 0 0 0 0 0 0.2 0 0 0 0 0 0 0 0 0 0 0 0 0 0 0 0 0 0.6000000000000001 0.8 0.2 0.8 18.2 0.2 4 0 0 0 0 0 0 0 0 0 0 12.200000000000001 0 0 0 0.4 0 0 0 0 0 0 0 0 2.6 2.8000000000000003 0.2 0 0 0 0 0 0 0 0 0 0 0 0 
 26.6 71.8 30.200000000000003 10.600000000000001 36.800000000000004 9.600000000000001 40 5.800000000000001 7.800000000000001 11.4 33.2 12 33.800000000000004 4.800000000000001 51.2 9.200000000000001 25.6 0 53.2 9.4 3.4000000000000004 0 1 0.4 0 0.2 15.4 0 0 0 0.4 5 5.2 22.6 0 0 6.6000000000000005 0.2 16 0 0 19 0 0 0 0 0 0 0 0 0 1.8 0 0.6000000000000001 0.4 0 0.8 0 0 0 0.4 0 0 0 0 0.8 0 0.4 0 0 0.4 0 0.6000000000000001 0 0.6000000000000001 0 0.6000000000000001 0 0 0 0 0 0 1.6 2.2 0 0 1.8 0 6.4 7.4 2.4000000000000004 0 0 2 2.2 5 2.8000000000000003 0 0.2 2.2 4 0 0 0 0.4 0 0 0 0 0 0.2 3.6 0 0.2 0 0 0 0 0 0 0 0 0 0.2 0 0 0 0 0 0 0 0 0 0 0 0 0 0 0 0 0.4 0 0 0 0 0 0 0 0 0 0 0 0 0 0 0 0 0 0 2 0 2.2 0 0 0 0 2.8000000000000003 1.8 0.2 0 0.2 2 0 0 3.2 0 3.2 0 0 0 0 0.4 0 0 0 3 0 0 0 0 0.4 0 0 0 0 1.2000000000000002 0 0 0 0 0 0 0 0 0 0 0 0 0 0 0 0 0 0 0 0 0 0.2 0 0 0 0 0 0 0 0 0 0 0 1 0 0 0 0 0 0 0 0 0 0 0 0 0 0 0.4 0.4 0 0.6000000000000001 34.4 0.2 1.8 2.8000000000000003 0 0 0 0 4.4 0 0 0 0 0 0 0 0 0 0 0 0 0 0 0 0 0 0 2 0 0 0 0 0 0 0 0 0 0 0 0 0 
 29.400000000000002 42.2 48.6 22.400000000000002 17.400000000000002 29.8 50.800000000000004 19.400000000000002 69.8 17 11 5.2 58.400000000000006 65 38.400000000000006 8.4 26.6 53.2 0 49.400000000000006 0.4 0 1.2000000000000002 0.4 0 0.6000000000000001 0.6000000000000001 0 0 0 0.4 0 1.2000000000000002 0.6000000000000001 0 0 3.6 0 0 0.6000000000000001 0 0 0 0 0 0 0 0 0 0.4 0 3.4000000000000004 0 1.4000000000000001 1.2000000000000002 0.4 1.4000000000000001 0.6000000000000001 0.4 0.4 0.4 0.6000000000000001 0 1 0 0.4 0 0.6000000000000001 0 0 0.4 0 1.2000000000000002 0 0 0 0.8 0 0 0 1.8 4 1.8 0 0 0.4 5.2 3.4000000000000004 0 0 2.2 0 6.6000000000000005 7.6000000000000005 4.2 0 0 2.6 4.2 2.8000000000000003 0 0.2 0 0 0 0 0 0 0 1.8 0.2 0 0 0 0 0 0 0 0.2 0 0 0 0 0 0 0 0 0 0 0 0 0 0 0 0 0 0 0 0 0 0 0 0 0 0 0.4 1.8 0 0 0 0 0 0 0 0 0.4 0 0 0 0 0.6000000000000001 2.2 3.6 0 0 0 0 3.6 0.2 11.8 0.4 0 7.800000000000001 8.8 8.8 3 6 0 2.2 2 0 0 0 1.2000000000000002 0 0 0 0 0 0 0 0 0 0 0 0 0 0 0 0 0 0 0.2 0 0 0 0 0 0 3.4000000000000004 0 0 0 0 0 0 0 0 0 0 0 0.2 0 0 0 0 0 0 0 0 0 0 0 0 0 0 0 0 0 0 0 0 0 0 0 0.4 0.2 0 0.6000000000000001 0.8 0 1.6 0.2 0 0 0.4 0 0.4 0 0 0 0.2 0 0 0 0 0.4 0 0 0 0 0.2 0 0 0 2 0 0 0 0 0 0 0 0 0 0 0 0 0 0 
 13.4 54.400000000000006 28 13.200000000000001 29.400000000000002 53.800000000000004 10.600000000000001 6.6000000000000005 54 18.6 55 7 55.2 62.400000000000006 21.400000000000002 28.200000000000003 10.200000000000001 9.4 49.400000000000006 0 0 0.6000000000000001 41.2 40.800000000000004 0.6000000000000001 0 0 0.4 0 0.4 0.4 0.2 0.4 0.8 0 0 0.6000000000000001 0 0.4 0.6000000000000001 0 0 0 17.8 1.2000000000000002 0 0 0 0 0 0.8 4.800000000000001 0 1 0.4 0 0.6000000000000001 0 0 0 0.6000000000000001 0 0 1.2000000000000002 0.6000000000000001 0 0 0 0 0.2 1 0 0.6000000000000001 0.2 0 0 0.6000000000000001 9.8 0 0 2.2 0 0 0 0 0 3.4000000000000004 2.4000000000000004 2.8000000000000003 0 0 3.8000000000000003 12 8 0 2.8000000000000003 0 2.4000000000000004 6.800000000000001 6.2 0 0 0 0 0 0 0 0 0 0 0 0 0 0 0 0 0 0 0 0 0 0 0 0 0 0 0 0 0 0 0 0 0 0 0 0 0 0 0.4 0 0 0 0 0 0 0 0 0 2.4000000000000004 0 0 0 0 0 0 0 0 0 0 0 2 3.4000000000000004 3.6 0 0 0 2.2 0 0.2 3 0.2 3 3.8000000000000003 3.2 4.2 2.6 2.2 0.2 6 11 0 0 0 0 0 0 0 0 0 0 0 0 0 0 0 0 0 0 0 0 0 0 0 0 0 0 0 0 0 0 0 0 0 0 0 0 0 0 0 0 0 0 0 0 0 0 0 0 0 0 0 0 0 0 0 0 0 0 0 0 0 0 0 0 0 0 0 0 0.8 0 0.2 1.6 8.200000000000001 0 0 0 0 0 0 0 0 0 0 0 0 0 0 0 0 0 0 0 0 0 0 0 0 0.4 0 0 0 0 0 0 0 0 0 0 0 0 
 40.400000000000006 0 0 14.600000000000001 0.6000000000000001 17.8 0 0 0 0 0 7.2 0 0 0 0 0 3.4000000000000004 0.4 0 0 28.400000000000002 36.2 11.8 22 62.800000000000004 10 41.6 11.8 25.6 6.800000000000001 33.2 16.400000000000002 55.800000000000004 18.2 88.4 20 7.800000000000001 22.8 44.400000000000006 0 1 12.8 0 0.4 0 0 0 0 0 0 0.6000000000000001 0 0 1 3.2 0 0.4 0.2 1.2000000000000002 0 0.6000000000000001 0 0 0 0.4 0 0 0 0 0 0 0.2 0 0.4 0.6000000000000001 1.2000000000000002 0 16 0 0 0 0 2.4000000000000004 0 0 0 0 0 0 1.8 0.4 0 0 0 0 0 0 0 0 2 1.6 7.4 0.4 5 3 6.800000000000001 2.2 2.4000000000000004 0 4.6000000000000005 7.6000000000000005 0 0.6000000000000001 6.6000000000000005 2.6 7.800000000000001 26.400000000000002 0 1.6 5.4 0 0.2 0 0 0 4 0 0 0 0 0 0 0.6000000000000001 0.2 0 0 0.4 0 3 0 0 1.4000000000000001 0 0.8 0 0 0 0 0.4 0 0 0.2 0 0 0 0 0 0 0 0 0 0 0 4 0 0 0 0 0 0 0 0 0 0 0 0 0 0 0 3.6 5 5.6000000000000005 0 2 0 0.6000000000000001 7.4 0.6000000000000001 2.8000000000000003 2.6 5.4 0 1.2000000000000002 0 14.8 2.2 4.2 1.2000000000000002 0 0 0 0 0 0 0 0 0 0 0 0 0 2 0 2.8000000000000003 0 0 0 2 0 0 0 0.2 0 0 0 0 0 0 0 0 0 0 0 0 0 0 0 0 0 0 0 0 0 0 0 0 0 0 0 0.4 0 0 0 1.6 0.2 0 8 0 0 0.4 0 2.8000000000000003 0 0 0 0 0 0 0 0 0 0 0 0 0 0 0 0 2.2 0 0 0 0 0.4 4.2 0 0 0 0 
 0.2 0 0 22.6 0 14.8 0 3.4000000000000004 0 0 0 0 0.4 0 0 0.8 0.2 0 0 0.6000000000000001 28.400000000000002 0 80.60000000000001 14.200000000000001 20.200000000000003 11.600000000000001 31.400000000000002 91 68.4 69.2 40.800000000000004 7.800000000000001 19.200000000000003 68.4 17.6 41.2 23 13 36 52.800000000000004 0 0.6000000000000001 0 0.2 1.6 0.8 0 0 0.6000000000000001 1.2000000000000002 0.4 0.2 0 0.2 1 0 0.4 4.6000000000000005 12.200000000000001 12.8 10.600000000000001 0.6000000000000001 0 0 0 7.6000000000000005 0 0 0 0 0 0.8 0 10.4 0.6000000000000001 0.4 12.8 0.2 0 0 0 0 0 2.4000000000000004 0 2.8000000000000003 0 0 0 0.4 0 0 0 0 0 0 0 0 0 0 3.4000000000000004 3.8000000000000003 6.4 2 7.6000000000000005 2.8000000000000003 4.4 3.2 2.2 0 2.4000000000000004 0 3.4000000000000004 0.2 3 4 1.8 7 0 15.8 7 0 0 0 0 0 6.4 0 0 0 0 0 3.6 1 3.6 0 0 0 2.2 2.8000000000000003 0.4 0 0 0 0 0 0 0 0 0 0 0 0 0 0 0 0 0 0 0 0 0 0 0 6 0 0 0 0 0 0 0 0 0 0 0 0 0 0 0 4.4 3.6 1.8 0.4 4.6000000000000005 0.2 0.2 0 0 2.2 7.2 0 0.4 0 6.800000000000001 5.6000000000000005 4.4 3.4000000000000004 9.8 6.4 5.2 0 0.4 0 0 0 0 0.2 0 0 0 0 2.4000000000000004 0 0 0 0 0 1.8 2.2 0 0 0 0 0 0 0 0 0 0 0 0 0 0 0 0 0.4 0 0 2 0 0 0 0 0 0 0 0 0 0 0 0 0 0 0.8 0 0 0 0 0.2 2 0 0 0 0 0 0 0 0 0 0 0 0 0 0 0 0 0 0 0 0 6.800000000000001 0 0 0 0 0 0 0 0 
 0.6000000000000001 0.6000000000000001 0.6000000000000001 0.6000000000000001 0.6000000000000001 1 1 0.6000000000000001 42 0.6000000000000001 0.6000000000000001 0.6000000000000001 1 0.6000000000000001 0.6000000000000001 0.6000000000000001 42.2 1 1.2000000000000002 41.2 36.2 80.60000000000001 0 113.80000000000001 62.6 53.800000000000004 32.800000000000004 33.4 21.200000000000003 43.400000000000006 25.6 31.8 12.600000000000001 63.400000000000006 16.2 41.400000000000006 142.4 16 28.8 9.200000000000001 13.600000000000001 0.6000000000000001 12.8 0 0.4 0 0 0 0 0 0 0.6000000000000001 0.4 1 1 0 0.4 0.4 12.200000000000001 12.8 0 0.6000000000000001 0 0 0 0.4 0 0 9.8 0 0 0 0 0.2 0.6000000000000001 0.2 0.6000000000000001 0 0 0 0 0 0 3.2 0 4.800000000000001 0 0 0 0 0 0 0 0 0 0 2.2 0.2 0.2 0 0 6.2 4.800000000000001 2.4000000000000004 6.2 4 2.6 2.8000000000000003 7 14.200000000000001 3.2 2 3.8000000000000003 2 3.6 6 0 2.8000000000000003 2 3.4000000000000004 7.4 2.6 0 0 0 0 3.6 0 0 0 0 0 7.2 1.6 0.2 0 0 0 1.6 4.4 0 0 0 0 0 0 0 0 0 0 0 0 0 0 0 0 0 0 0 0 0.2 0 0 2.2 1 0 0 0 0 0 0 0 0 0 0 0 0 0 0 0 5 0 0 1.8 5.6000000000000005 0.4 0 0.2 0 5.2 5.4 0 0.2 0.6000000000000001 8 2.2 16.8 3 0 4 9.200000000000001 0.2 4.2 0 0 0 0 3.6 0 0 0 0 0 0 0 0.6000000000000001 4.4 0 10.4 2.6 0 0 4.800000000000001 0 0 0 0 0 0 0 0 0 0 0 0 0 0 0 0 1.8 0 0 1 0 0 0 0 0 0 0 0 0 0 0 1.4000000000000001 0 0 19 15.200000000000001 0 3 0 0 0 0 0 2.2 0 0 0 0 0 0 0 0 0 0 0 0 0 0 3.2 0 0 0 0 0 0 0 0 
 0.4 0.4 0.4 0.4 0.4 0.4 0.4 0.4 0.4 0.4 0.4 0.4 0.4 0.4 0.4 0.4 0.4 0.4 0.4 40.800000000000004 11.8 14.200000000000001 113.80000000000001 0 50.2 68.8 15.4 11.600000000000001 71.60000000000001 16.8 75.60000000000001 25.400000000000002 81.60000000000001 70.60000000000001 12.600000000000001 26 92.2 8.200000000000001 10.4 12.600000000000001 0 0.6000000000000001 0 0 0 0 0.2 11 0 0 0 0 29.6 31.8 0.8 0.2 0 0.4 12.4 0.8 0.2 0.6000000000000001 0 0 0 0.4 0 0 0 0 0 0 0 0 0.6000000000000001 0.6000000000000001 0.8 0 0 0 0 0 0.2 0 4 0 0 0 0 0 0 0 0 0 0 0 0 0 0 3.4000000000000004 0 0 5.2 0 0 2.2 2.4000000000000004 1.6 2.4000000000000004 1.6 2 2.8000000000000003 0 2.2 3 2.4000000000000004 7.6000000000000005 0 0 0 0 1.4000000000000001 0 0.6000000000000001 0 0 0.4 1.8 3 0 0 0.2 3.2 0 8.8 0.4 1.4000000000000001 0 6 0.2 0 0 0 4.4 0 0.2 0 0 0 0 0 0 0 0 0 0.2 0 0 0 0 0 3.6 0 0 0 2 0 0 0 0 0 0 0 0 0 0 0 0 0.4 0 0.8 8 5.800000000000001 0 0 1 1.4000000000000001 0 1.6 3.6 4 10.4 0 1.8 0 0 0 3.2 0 0 0.2 4 3.8000000000000003 0.2 0 0 1.8 6.4 0 0 0.2 0 1.8 2.4000000000000004 0.4 0 0 0 1.2000000000000002 3.6 0 0 0 0 0 0 0 0 0 0 0 0 0 0 0 0 0 0 0 0 0 0 0 0 0 0.4 0 0 0 0 0 0 0 0 1.6 0 0.2 18 0.4 0.4 0.8 0 0 0 0 0 0 0 0 0 0 0 0 0 0 0 0 0 0 0 0 0 0 0 4 0 0 0 0 0 
 0 0.4 0 0 0 0.6000000000000001 0 0 0.4 0 0.2 0.4 0 0 0 0.2 0 0 0 0.6000000000000001 22 20.200000000000003 62.6 50.2 0 42 10.600000000000001 9.600000000000001 15.600000000000001 16.400000000000002 61.800000000000004 7.6000000000000005 34.800000000000004 27.200000000000003 13.200000000000001 33.6 16 25.8 10.200000000000001 14 4.4 14 0 0 0 0 18 13 0 0 0 0 13 18.6 0.6000000000000001 0 0 0.4 10 26.400000000000002 1.4000000000000001 0.6000000000000001 0 0 0 0.4 0 0 0 0 0 1.4000000000000001 0 0 0.6000000000000001 1.6 0.6000000000000001 0 0.4 0 0 0 0 0 0 0 0 0 0 0 0 0 0 0 0 0 0 0 0 0 0 4 2.8000000000000003 0.2 5 4 0 0 2.2 5.2 4.4 6.4 0 0.2 0 0 11.4 0.2 0 0 6.2 7.6000000000000005 0 0.2 0 0 0 0 0 0 0 0 7.2 9.600000000000001 9.8 0 4.4 0 13.600000000000001 4.800000000000001 3.6 0 0 0.2 0 0 0 0 0 0 0 0 0 0 0 0.2 0 0 0 0 0 0 0 0 0 0 0 0 0 0 0 0 0 0 0.4 0 0.4 0 0 0 0 0 0 0 0 3.2 0 0 3.6 0.2 0.4 0 0 0.2 0 0 0 8.200000000000001 0 0 10 0.2 3.6 0 0 0 0 3.6 0 0 0 3.6 0 2.8000000000000003 5 9.8 4.800000000000001 0 5.6000000000000005 2.2 0 0 0 0 0 0 0 0 0 0 0 0 0 0 0 0 0 0 0 0 0 0 2.8000000000000003 0 0 0.4 0 0 0 0 0 0 0 0 1 0.8 0 0.4 30.6 0 0.4 0.4 0 0 0 0 0 0 0 0 0 0 0 0 0 0 0 0 0 0.2 0 0 0 0 0 0 0 0 0 0 
 0 0 0 0 0 0 0.2 0 0 0.2 0 0.2 23 0 0 0 23 0.2 0.6000000000000001 0 62.800000000000004 11.600000000000001 53.800000000000004 68.8 42 0 22 8 55 27.6 75 46.400000000000006 12 30.200000000000003 24.8 18.2 25.6 16 9 11.600000000000001 6.800000000000001 15.8 0.8 0.4 0 0 28.8 0.4 0.4 1.6 13.4 0.4 0.6000000000000001 0 1.6 0 12.4 3 26 12.4 0.4 1.4000000000000001 0.8 0 0.4 0.4 1.8 10.200000000000001 0 0 0 1.2000000000000002 0 0 2 0.4 1.2000000000000002 0 0 0.8 0 0 0 0 0 0 0 0 0 2 0 0 0 0 0 0 0 0 0 0 0 3.8000000000000003 6 1.8 2.6 8.8 0 0 6.800000000000001 5.2 0 4.2 0 0 7.6000000000000005 0.6000000000000001 6.4 6.2 0 0 2.4000000000000004 0.6000000000000001 0.8 0 0.4 0 0 0 0 0.2 3 0 9.4 3.4000000000000004 1.2000000000000002 0 0 0 0 0 0 0 0.6000000000000001 0 2.6 0 0 0.2 0 0 0 0 0.2 0 0 0 0 0 0 0 0 0 0 0 0 2.4000000000000004 0 0 0 0 0 0 0 0 0.4 0 0 0 3.2 0 0 5.6000000000000005 0 1.6 0 1.4000000000000001 0 2 2.4000000000000004 1.6 1.6 1.2000000000000002 0.4 0 3.2 4 0 3.4000000000000004 0 0 4.800000000000001 0 0 0 0 0 0 0 0 0 0 0 5.2 0 4.4 0 0.2 0 1 4.800000000000001 0 0 0 0 0 0 0 0 0 0 0 0 0 0 0 0 0 0 0 0.2 0 0 0.2 0 0 0 0 0 0 0 0 0 0 0 0.6000000000000001 0.2 1.2000000000000002 0.4 15.600000000000001 1.2000000000000002 0.2 0.2 0 0 0 0 0 0 0 0 0 0 0 0 0 0 0 0 0 4 0 0 0 0 0 1.2000000000000002 0 0 0 0 
 0 0 0 0 15.200000000000001 38.800000000000004 0 0 0.4 0.2 15.4 30 0 0 0 0 0 15.4 0.6000000000000001 0 10 31.400000000000002 32.800000000000004 15.4 10.600000000000001 22 0 48 23.400000000000002 63.400000000000006 8.200000000000001 24.8 64.8 6.6000000000000005 25 6.800000000000001 32.2 21.200000000000003 14.4 9.600000000000001 0 0.6000000000000001 0 0 0 0 0.2 0 0 0.8 0 0 0 0 0.8 0 0 2.2 0 0 0 0.6000000000000001 0 0 0 0.4 0 0 0 10.200000000000001 0 0 0 0 0.6000000000000001 0.4 1.2000000000000002 10.200000000000001 0 0 0 0 0 0 2.8000000000000003 3.4000000000000004 0 0 0 3.8000000000000003 0.4 0 0 0 0 0 0 0 0 3.8000000000000003 4.6000000000000005 0 0 0 0 2.6 0 0.4 0.4 0 0 0.4 2.8000000000000003 5.4 0.4 5 3 0 10 4.6000000000000005 0 0.2 0 0 0 0 0 0 0 0 0 0 3.4000000000000004 0 0 0 0 0 0 0 0 0 0 0 0 0 0 0 0 0 0 0 0 1 4 0 0 0 0 0 0 0 0 1.8 0.2 2.4000000000000004 0 1.4000000000000001 0 0 0 0 0 0.4 0 2 0 2 0.2 0 0 7.800000000000001 4.4 3 0 0 7.2 5.6000000000000005 2.8000000000000003 2 1.6 0 0.2 8 0.2 3.4000000000000004 0.2 0.4 5 3.2 0 0 0 0 1.8 0.4 0 0 3.8000000000000003 0 0 0 3.8000000000000003 0 0.2 0 0 0 0 2.6 0 0 0 0 0 1.8 0 0 0 0 0 0 0 0 0 0 0 0 0 0 0 0 0 0 0 0.2 16.400000000000002 0 0 0 0 0 0 0 1.8 0 0.2 1.2000000000000002 0 0 0 2.4000000000000004 0 0 0 0 2 0 0 0 0.6000000000000001 0 0 0 0 0 0 0 0 0 0 2.8000000000000003 0 0 0 0 0 0 0 0 
 0.2 0 0 7.2 22.6 12.8 0 0 0 0 0.4 14.8 0.6000000000000001 0 0 1.2000000000000002 0 0 0 0.4 41.6 91 33.4 11.600000000000001 9.600000000000001 8 48 0 32.2 20 4.6000000000000005 91 52.400000000000006 22.8 58.6 5.6000000000000005 20.8 5.800000000000001 19.200000000000003 57.800000000000004 0 0.6000000000000001 6.2 0 0 0 0 0 0 0 0 0 0 0 0.8 0 0 1.6 0 0.6000000000000001 0.4 0.6000000000000001 0 0 0 0.4 0 0 0 10.8 0 0 0 0 0.6000000000000001 0.6000000000000001 0.6000000000000001 0 0 0 0 0 0 0.2 0 0 0 0 0 0 3.8000000000000003 0 0 1 0 0 0 0 0 0.4 6.2 3.2 6.4 0 0 0 10.4 1.6 1.8 0 0 4.800000000000001 0 1.2000000000000002 5 2.2 0 0.8 2.2 2.4000000000000004 0 0 0 0 0 0 2.6 0 0 0 0 0 0 0 0 0 0 0 0.2 0.4 0 0 0 0 0.4 0 0 0 0 0 0 0 0 0.4 2.8000000000000003 0 0 0 0 0 0 0 0 0 6.4 4.6000000000000005 0 0 0 0 0 6.4 0 0 0 0 0 0 0 0 4.2 10.600000000000001 3.2 0 0 0 1.8 5.2 1.8 2.2 0 0.2 0 3.2 3.4000000000000004 5.4 2.2 5 6.4 0 0 0 0 0 0 1.4000000000000001 0 0 0 2.6 0 0 0 0.2 0 0.2 0 0 0 0.2 0 0 0 1.6 0 0 0 0 0 0 0 0 2.4000000000000004 0.2 0 0 0 0 0 0 0 1.2000000000000002 0 0 0 0 0.6000000000000001 0 0 0 0 0 0 0 1.2000000000000002 0 0 0 0 0 0 2.8000000000000003 2.2 0 0 0 0 0 0 0 0 0.4 0 0 0 0 0 0 0 0 0 0 0 0 0 0 0 0 0 0 
 0 0 0 0 0 15.200000000000001 0 0 0 0 0 0 0 0 0 0 6.2 0 0 0 11.8 68.4 21.200000000000003 71.60000000000001 15.600000000000001 55 23.400000000000002 32.2 0 62.2 38.800000000000004 27.8 71.4 28.400000000000002 78.2 28.200000000000003 80.4 37.800000000000004 8.8 19.200000000000003 0 0.6000000000000001 0.2 0 0 0 0 0.2 10.8 0 0 0 17 0 0.6000000000000001 0.2 0 0.6000000000000001 29.200000000000003 8.4 0 0.6000000000000001 0 0 0 0.4 10.200000000000001 0 0 0 0 0 0 0 0.6000000000000001 0.6000000000000001 0.6000000000000001 0 0 1.2000000000000002 0 0 0.2 0 0 4 0 0 0 0 0 0 0 0 0 0 0 0 0 0 12.8 2 4.6000000000000005 0 0.2 0.2 0.2 0 4 2.8000000000000003 1.8 2.2 0.8 2 2.2 3.8000000000000003 6 1.6 0 2.4000000000000004 0 0 0 0 0 0 0.6000000000000001 0.6000000000000001 3.8000000000000003 0 0 0 5 2.4000000000000004 2.6 0.2 0 0 5.800000000000001 0 0 0 0.6000000000000001 0 1 0 0 0 0 0 0 0 0 0 0 0 0 0 0 0 0 0 0 0 0 0 0 0 0 0 0 0 0 0 0 0 0 0 0.2 0 4.4 6.2 2.8000000000000003 1.4000000000000001 1.8 0.6000000000000001 2 2.4000000000000004 3.6 8.6 0 0.2 1.8 0 9.4 5.2 0 2.4000000000000004 2.8000000000000003 5.6000000000000005 0 0 0 0 0 0 2.4000000000000004 0 0 0 0 0 0.4 2 0 0 0 0 0 0 0 0 0 0 0 0 0 0 0 0 0 0 0 0 1 0 0 0 0 0 0 0 0 0 0 0.2 0 0 0 0 0 6.800000000000001 0 0 1.4000000000000001 0.2 0.6000000000000001 0.4 0 0 0.4 0 0 0 0 0 0 0 0 0 0 0 0 0 0 0 0 0 0 0 0 3.8000000000000003 0 0 0 0 0.8 0 0 0 
 0 0 0.2 0 0.4 5.4 0 0.2 0 0 0 0.2 0.6000000000000001 0 0 0.4 0.4 0 0 0.4 25.6 69.2 43.400000000000006 16.8 16.400000000000002 27.6 63.400000000000006 20 62.2 0 30.200000000000003 10.8 31.6 70.4 40.6 23.8 55.800000000000004 23.200000000000003 18 66.2 0 0.6000000000000001 0 0 0 0 0 0 0 0.4 0 0 0 0 7.2 0 0 0.8 11.4 0 0 0.6000000000000001 0 0 0 0.4 0 0 7.2 0 0 0 0 0 0.4 0.6000000000000001 0.4 0 0 0 0 0 0 0 0 2.4000000000000004 0.2 0 0 0 0 0.2 0 0 0 0 0 0 0 0 2.4000000000000004 3.8000000000000003 3.8000000000000003 1.8 6.2 5.4 2.6 0 5 0 3.6 2.4000000000000004 3.6 2 7.800000000000001 7.4 3.8000000000000003 3 4.6000000000000005 2.2 0 0 3.2 0 0 0 0 0 0 0 0 0 3.6 0 0 0 0 0 0 0 0 0.4 0 0 0.6000000000000001 0 0 0 0 0 0.2 2.4000000000000004 0 0 0 1.4000000000000001 0 0 0 0 0 0 0 0 0.6000000000000001 3.4000000000000004 0 0 0 0 0 0 0 0 0.4 0 0 0 0.2 0 2.4000000000000004 7.2 0 8.8 7.800000000000001 0 2.2 0.2 2.6 0.2 2 0 3.6 2 10.600000000000001 2.6 0 0 2.8000000000000003 2.4000000000000004 0.2 0 0 0 0 0 0 0 0 0 0 0.2 2.6 0 0 0 0.2 3.4000000000000004 0 0 0 0 0 1.6 0 0 0 0 0 0 0 0 0 0 0 0 0 0 0 0 0 0 0 0 0 0 0 0 1.4000000000000001 0 0 0 0 0 0 0 0 15 0 0.2 0.2 0.4 0 0 0 0 0 0 0 0 0 0 0 0 0 0 0.4 0 0 0 0 7.6000000000000005 0 0 0 0 0 0 0 0 
 0.4 16 0.4 0.4 0.4 0.4 0.4 0.4 0.4 0.4 0.4 0.4 5.6000000000000005 0.4 0.4 0.4 0.4 0.4 0.4 0.4 6.800000000000001 40.800000000000004 25.6 75.60000000000001 61.800000000000004 75 8.200000000000001 4.6000000000000005 38.800000000000004 30.200000000000003 0 33.2 25.200000000000003 49.6 10.600000000000001 57 87.60000000000001 39 8.200000000000001 6.800000000000001 12.200000000000001 11 0 0 0 0 12.200000000000001 0 0 0.8 0 42 12.4 17.6 0.6000000000000001 0.2 0 1.4000000000000001 24.6 10.8 4 0.6000000000000001 0 0 0 0.4 0 0 0 0 0 0 0 0 0.4 0.6000000000000001 0.4 0 0 0 0 0 0 0 0 0 0 0 0 0 0 0 0 0 0 0 0 0 0 0 0 0 0 2.4000000000000004 5.4 6.6000000000000005 0 0 2 5.6000000000000005 0 2.2 0 0 0 2 7.2 3.8000000000000003 0 2 3.6 4 0 0 0 0 10.600000000000001 1.8 0 0 0 0 4 1.6 4.6000000000000005 0.4 5.800000000000001 0 10.8 2 0 0 0 1.4000000000000001 0 0 0 0 0 0 0 0 0 0 0 0 0 0 0 0 0 0 0 0 0 0 0 0 0 0 0 0 0 0 1.2000000000000002 0 1.8 0 0.4 0 0 7.4 0 0.2 2.8000000000000003 3.8000000000000003 0 0 3.6 2.2 4.2 6.2 0 0 0 0 0.2 4.800000000000001 0 0 9 0 4.6000000000000005 0 0 0 0.2 8.200000000000001 0 0 0 2 11 1.2000000000000002 1.2000000000000002 2 0 0 0 0.6000000000000001 0 0 0 0 0 0 0 0 0 0 0 0 0 0 2 0 0 0 3.2 0 0 0 0 0 0 0.4 0 0 0 0 0 0 0 0 3.8000000000000003 0 0.4 0.8 1 0.2 0.6000000000000001 0 0 0 0 0 0 0 0 0 0 0 0 0 0 0 0 0 0 5.6000000000000005 0 5.4 0 0 0 3.8000000000000003 0 0 0 0 
 0.2 0 0 0 0 3.6 0 0 0 0.2 0.4 0 0 0 0 0.8 0 5 0 0.2 33.2 7.800000000000001 31.8 25.400000000000002 7.6000000000000005 46.400000000000006 24.8 91 27.8 10.8 33.2 0 22.6 58.6 41 28.6 91.4 13.4 13 51.400000000000006 0 0.6000000000000001 0 0 11.8 0 0 0 0 1.2000000000000002 0.2 0 0 0 0.6000000000000001 0 0 1.2000000000000002 4.6000000000000005 4 0 0.6000000000000001 0 0 0 0.4 0 0 0 0 0 0.4 0 0 0.6000000000000001 0.6000000000000001 1.2000000000000002 0 0 0 0 0 0 0 0 0 0 0 0 0 0 0 0 0 0 0 0 0 2.6 0.2 0 2.8000000000000003 11.200000000000001 2.4000000000000004 4.4 9.8 0 1.8 2 0 1.8 0.2 0 0 4 4.2 8.6 5.4 0 0 4.4 0 0 0 0 0 4 0 8.200000000000001 0 0 0 0.4 0 0.2 0 0 0 4.6000000000000005 3.4000000000000004 0 0 1 0 1.6 0 0 0 0.8 0 0 0 0 0 0 0 0 0 0 0 0 0 0 0 0 0 0 0 0 0 0 0 0 0 0 0.4 0 0 0 0 1 8.4 0.2 1.6 3.4000000000000004 1.8 0 3.8000000000000003 3.8000000000000003 1.8 1.4000000000000001 1.6 0 0 1.4000000000000001 3.6 0 0 0 0 0.2 0 0 0 0 0 2 0 0 0 0 0 5 0.8 0 0 0 0 2 4.2 0 0.4 0 0 0 0 0 0 0 0 0 0 1.4000000000000001 0 0 0 0 0 0 0 0 0 0.2 0 0 0 0 0 0 0 0 0 0 0 1.4000000000000001 0.4 0.4 14.8 0.8 0.2 0.4 0 0 0 0 0 0 0 0 0 0 0 0 0 0 0 0 0 0 2.2 0 0 0 5.6000000000000005 0 2.4000000000000004 7.4 0 0 0 
