 0 44.800000000000004 65.60000000000001 64.2 7.800000000000001 5.800000000000001 39.2 26.8 29 8.8 9 17.6 26 69.60000000000001 7.800000000000001 12.600000000000001 23 52.800000000000004 44 27.400000000000002 0.6000000000000001 0.4 0 0 0 0 0.6000000000000001 0 0.6000000000000001 0 0 0 0.6000000000000001 0 0 0.2 0.4 0 0 0.4 0 0.6000000000000001 0 0 0 0.4 0 0 0 0.6000000000000001 0 0 0.4 0 0 0.6000000000000001 0 0 0 0 0 0.6000000000000001 0.4 0.6000000000000001 0 0 0 0 0 0 0 0 0 0 0 0 0 0 0 0 4.6000000000000005 2.8000000000000003 0 0 6.2 0 2.4000000000000004 2.4000000000000004 7.800000000000001 2.6 0 1.2000000000000002 1.4000000000000001 2.4000000000000004 1.4000000000000001 2.6 5.2 0.2 2.2 2.6 0 0 0 0 0 0 0 0 0 0.4 0 0 0 0 0 0 3.2 0 0 2 0 0 0 0 0.4 0 0 0 0 0 0 0 0 0 0 0 0 0 0 0 0 0 0 0 0 0 0 0 0 0 0 0 0 0 0 0 0 0 0 0 0 0 4.4 0.2 4.800000000000001 1.4000000000000001 0 5.4 0.4 2.2 0.6000000000000001 4.2 0 4 2 0 2.2 4.800000000000001 0 0 0 0 0 0.4 0 0 0 0 0 0 0 0 0 0 0 0 0 0 2.8000000000000003 0 0.2 0 0 0 0 0 0 0 0 0 0 0 0 0 0 0 0 0 0 0 0 0 0 0 0 0 0 0 0 0 0 0 0 0 0 0 0 0 0 0 0 0 0 0 0.4 0.4 18.8 0 1.6 0 0 1 0 0 0 0 0 0 0 0 0 0 0 0 0 0 0 0 0 0 0 0 0 0 0 0 0 1.8 0 0 0 0 0 0 0 0 0 0 0 0 
 44.800000000000004 0 32 39 62.2 5.6000000000000005 105.4 39.2 65 49.6 5.6000000000000005 13.200000000000001 29 57.400000000000006 32 43 33.2 11.4 30 104.80000000000001 0.2 0 0 0 0 0 0.6000000000000001 0 0.6000000000000001 0 0 0.4 0.2 0 0.4 0.2 0.6000000000000001 0 0 15.600000000000001 0 0.6000000000000001 0 0 0 0 0 0 0 0.6000000000000001 0 0 0.6000000000000001 0 0 0.6000000000000001 0 0 0 0 0 0.4 0.6000000000000001 0.2 0 0 0 0 0 0 0 0 0 0 0 0 0 0.6000000000000001 0 0 2 7 6.2 0.2 0 0 2 6.800000000000001 6.6000000000000005 4.800000000000001 1.8 4 0.2 6 9.8 0 2.6 0 0 0 0 0 0 0 0 0 0 0 0 0 0 0 3.4000000000000004 0.2 0 0 0 0.4 0 4 0 0 0 0 0 0 0 0 0 0 0 0 0 0 0 0 0 0 0.4 0 0 0 0 0 0 0 0.2 0 0 0 0 0 0 0 0 0 0 0 0 0 2.2 1 3.8000000000000003 0 0.2 2.8000000000000003 7.4 13.4 0 3 2.6 0 2.8000000000000003 3.6 2.4000000000000004 4.800000000000001 0 0 0 0.8 0 0 0.4 0 0 0 0.8 0 0 0 0 0 5.4 0 0 0 0 0 3.8000000000000003 0 0 0 0 0 0 0 0 0 0 0 0 0 0.4 0 0 0 0 0 0 0 0 0 0 0 0 0 0.4 2 0 0 0 0 0 0 0 0 0 0 0 0 0 0 0 0 0 0 18 0.4 0 17.6 0 0.6000000000000001 0 0 0 0 0 0 0 0 0.4 0 0 0 0 0 0 0 0 0 0 0 0 0 0 0 4 3.4000000000000004 0 0 0 0 0 0 0 0 0 9.200000000000001 0 0 
 65.60000000000001 32 0 71.8 32.6 21.8 51.2 131 67.8 13.4 32.2 77.60000000000001 12 45.6 22 59.400000000000006 72.4 19.6 60 16.2 0.6000000000000001 0 0 0.4 0 1.6 1.6 0 0.6000000000000001 0 0 0.4 13 0.6000000000000001 0 0 0.4 0 14.8 21.6 0 1 0.4 0 0 0.2 0 0 0 0.6000000000000001 0 0.4 0.6000000000000001 0.4 0.2 0.6000000000000001 0 0 0.8 0.2 0 0.6000000000000001 0.4 0.6000000000000001 1.6 0 0 3.2 0 0 0 0 0 3.2 0 1 0 0 0 0 1.2000000000000002 6 0 5 2.8000000000000003 10.4 0 0 0 5.6000000000000005 5.2 4.2 0 8.6 0.2 6.2 8 3.4000000000000004 0 3.2 0 0.4 0 0 0 0 2.6 0 0 0 0 0 0 0 0 0 0 0.2 2.4000000000000004 3 0 0 0.4 0 0 0 0 0 0 0 0 0 0 0 0 0 0 0 0 2.2 0.2 0 0 0 0 0 0 0 0 0 0 0 2.2 0 0 0 0 0 0 0 4.2 5 0 3 1.8 4.6000000000000005 0.2 0 2.4000000000000004 0 4.2 3.4000000000000004 0.4 0 0 2.8000000000000003 4.2 10.200000000000001 1.4000000000000001 0 6.4 0 0 0.4 0 0 2.8000000000000003 0 0 0 0 0 10.200000000000001 4.2 1 0 0 0 3.2 1.6 2.6 0 0 0 0 0 0 0 0 0 0 0 0 2.2 0 0 0 0 0 0 0 0 0 0 0 0 0 0 0 0 0 0 0 0 0 0 0 0 0 0 0 2.4000000000000004 0 0 0 0 0 0.2 27.8 0.4 0 1.6 2 0.4 0 0 0 0 0 0 0 0 4.2 0 0 0 0 0 0 0 0 0 0 0 0 2 3 0 0 0 0 0 0 0 0 0 0 0 0 0 
 64.2 39 71.8 0 86 46.800000000000004 15.4 23.400000000000002 59.2 43.2 37.4 65.8 10.600000000000001 13.200000000000001 26.8 44.2 13.200000000000001 27 30.200000000000003 50.6 0.4 0 0 0 0 0 42 0.2 0.6000000000000001 0 0 0 0.4 0 0.4 0 0.4 0 0.6000000000000001 5.2 0 0.6000000000000001 0 0 0 0 0 0 0 0.6000000000000001 0 0 0.6000000000000001 0 0 0.6000000000000001 0 0 0 0 0 6.800000000000001 0.4 0.6000000000000001 0.6000000000000001 0 0 0 0 7 0 0 0 0 0 1.6 0 0.2 0 0 5.800000000000001 0 0 2.2 2.8000000000000003 4.2 0 0 2.2 9 2.4000000000000004 1.8 0 8.4 0 0 13.200000000000001 0 0 2.2 2.2 0 0 0 0.2 0 1 0 0 0 0 0 0.2 0 0 0 0 0 0 6.4 0 0 0 0 0 0 0 0 0 0 0 0 0 0 0 0.4 0 0 0 2 0 0 0 0 0.8 0 0.4 0 0 0.2 0 0 0 0 0 0 2.6 0 0 2.8000000000000003 0.4 3.4000000000000004 0 2.8000000000000003 8.4 0 0 0 6.2 3.8000000000000003 0 7.4 0 2.6 0.2 2 2.2 10.4 0 0 8.200000000000001 0 0 0 0 0 4 0 0 0 2 0 3 0.4 0 0 0 0 8 2 0 0 0 0 0 0 0 0.2 0 0 0 0 0 2 0 0 0 0 0 0 0 0 0 0 0 0 0 0 0 0 0 0 0 0 0.2 0 0 0 0 0 0 3 0 0 0 0.4 0.2 0 18 19.400000000000002 0 3.2 0.2 0 0 0 0 0 0 0 0 0 4.2 0 0 0 0 0 0 0 0 0 0 0 0 0.2 0 0 0 0 0 0 0 0 0 0 0 0 0 0 
 7.800000000000001 62.2 32.6 86 0 39.800000000000004 11.8 34.2 35.800000000000004 32 38.400000000000006 29.8 13.200000000000001 15.600000000000001 12.600000000000001 13.200000000000001 50.2 24.200000000000003 13.200000000000001 59.400000000000006 0.2 0 0 0 0.6000000000000001 1.4000000000000001 0.6000000000000001 29.200000000000003 0.8 1 0.8 0.6000000000000001 31 15.600000000000001 14.8 1.4000000000000001 1.6 1.6 33.4 27.400000000000002 0 0.6000000000000001 0 0 1.6 0.4 0 0 0 0.6000000000000001 0 0.4 0.6000000000000001 0 0 0.6000000000000001 0 0.4 0.8 0 0 1.8 0.4 0.6000000000000001 0 0 0 0.8 0 0 0 0 0 0 0 0 0 0.2 0.8 0 0 0 0 0.2 9.600000000000001 1.6 0 0 0 0 0 2.6 0 0 0 0.4 0 5.4 0 0 0.6000000000000001 0 0.2 0 0 0.2 6.4 2.8000000000000003 0.2 0 0 0 4.800000000000001 0 5.800000000000001 0 0 0 0 2.2 0 0 0 0 0 0 0 0 0 0 0 0 0 0 0 0 0 0 0 0 0 0 0 0 0.6000000000000001 0 0.8 0 0 0 0 0 0 0 0 0.4 0 0.2 0 0 0 0 2.6 1 0.4 0.4 0 0 0 0 0 0 0 0 0.2 3 0 0 0 0 3 0 5.6000000000000005 0 0.2 0 0 2.8000000000000003 0 0 0 0 0 7.2 8.4 0 2.8000000000000003 2.8000000000000003 0 2 0 0 0 0 0.4 0.2 0 0 0 0 0 0 0 0 0 0 0 0 2.4000000000000004 0 0 0.4 0 0 0 0 0 0 0 0 0 0 0.4 0.2 0 0 0 0 0.4 2.4000000000000004 0 0 3.8000000000000003 0 1.4000000000000001 0.4 17.400000000000002 0 2 0 3.4000000000000004 2.6 0 0 0 0 0 0 0 0 0 0 0 0 0 0 0 0 0 0 0 0 0 0 0 9 0 0 0 0 0 0 0 0 0 0 0 0 0 0 
 5.800000000000001 5.6000000000000005 21.8 46.800000000000004 39.800000000000004 0 11 70.4 15 74.60000000000001 17.6 48.6 9.600000000000001 50 9 59.2 35.6 70 53 65 0.4 7.2 0 0 0 0 15.600000000000001 5 19.200000000000003 3.6 14.8 0 15.600000000000001 6.2 15 14.8 0.4 22 37.800000000000004 15.600000000000001 0 0.6000000000000001 0 0 0 0 0 0 0 0.6000000000000001 0 1.2000000000000002 0.4 0 0 0.6000000000000001 0 0 0 0 0 0.6000000000000001 0.4 0.6000000000000001 0 0 0 0 0 0 0.4 0 0 0 0 0.6000000000000001 0 0 3.6 0 0 0 3.6 4.2 2.2 4.4 0 0 0 0 1 1.2000000000000002 0 0 0 0 3.4000000000000004 2 0 0 0 0 0.2 0 4 0 5 2.8000000000000003 0.2 0 1.6 2 3 4.6000000000000005 0 0 1.4000000000000001 0 6.4 0 0 0 0 0 0 0 0 0 0 0 1 0 0 0 0 0 0 0 0 0 0 0 0 0 1.6 0 0.6000000000000001 0 0 0.8 0 0 0 0 0 0 0 0 0 0.4 0 0 0 2.2 1.4000000000000001 0 0 0 0 0 0 4.4 0 0 0 0 9.600000000000001 1.8 0 0 4 2.8000000000000003 0 0 0 0 5 2 0 0.2 0 0 4.2 5 0.2 2.2 0 3.4000000000000004 6.800000000000001 4.800000000000001 0 0 0 0 0 0 0 0 0 0 0 0 0 0.4 0 0.4 0 0 0 0 0 0 0 0 0 0 0 0 0 0 0 0 0 0 0 0 0 0 0 0 0 0 0 0 0 0.4 0.8 0 0.4 0.8 0.2 1.6 0 0 0 0 0 0 0 0 0 0 0 0 0 0 0 0 0 0 0 0 0 0 0 0 0 0 0 0 0 2.6 0 0 0 0 0 0 0 0 
 39.2 105.4 51.2 15.4 11.8 11 0 18.400000000000002 39.400000000000006 33.800000000000004 59.400000000000006 10.600000000000001 141.4 74.60000000000001 48.400000000000006 84.2 15.8 7.800000000000001 36 110.80000000000001 0.4 0 0 0 0.2 0.4 0.6000000000000001 0 1 0 0 0 0.4 0 0 0.8 0.4 0 0 0.4 0 0.6000000000000001 0 0 0 0 0 0 0 0.6000000000000001 0 0 0.6000000000000001 1.2000000000000002 0.8 0.6000000000000001 0 0 0 0 0 0.6000000000000001 0.4 0.6000000000000001 0 0 0 0 0 0 0 0 0 0.4 0 0 0 0.2 0 9.600000000000001 2 1 0 2.6 4 0.2 0.4 1.8 9.8 0.2 0 7.4 2.6 7.4 3.6 6 1.8 5.6000000000000005 0 0 0 0 0 0.4 0 0 0 0 0 0 0 0 0 0 0 0 0 0 0 0.4 0 0 0 0 0 0 0 0 0 0 0 0 0 0 0 0 0 0 0 0 0 0 0 0 0 0.2 0.4 0 0 0 0 0 0 0 0 0.4 0 0 0 0 7.2 3 10 1.8 2 0 0 7.4 2.4000000000000004 2.4000000000000004 1.2000000000000002 0.2 0 1.6 11 0.2 0.6000000000000001 2.4000000000000004 1 4 0 0 0.4 0 0.2 0 0 0 0 0 0 0 1.2000000000000002 3.2 0 0 0 0 0 0 0 0 0 0 0 0 0 0 0 0 0 0 0 0 0 0 0 0 0 0 0 0.4 0 0 0 0 0 0 0 0 0 0 0 0 0 0 0 0 0.4 0 0 3.2 0 0 0 0.2 0 0.2 0.4 0.2 0 1 0 0 0 0 0 0 0 0 0 0 8.4 0 0 0 0 0 0 0 0 0 0 0 0 0 0.2 2.2 0 0 0 0 0 0 0 0 0 0 0 0 
 26.8 39.2 131 23.400000000000002 34.2 70.4 18.400000000000002 0 19.6 9.200000000000001 23.8 6 48 45.800000000000004 135.20000000000002 71 50.400000000000006 23.6 36.2 27.6 0.4 0 0 0 0 0 0.6000000000000001 0 0.6000000000000001 0 0.4 0 0.2 0 0 0.2 1.4000000000000001 0 0 0.4 0 12.4 0 0 0 0 0 0 0 0.6000000000000001 0 0 0.4 0.6000000000000001 0 0.6000000000000001 0 0 0 0 0 0.6000000000000001 0.6000000000000001 0.6000000000000001 0 0 0 0 0 0 0 0 0 0 0.4 0 0 0 0 0 0.2 2.2 6.6000000000000005 0 0 3.2 7.6000000000000005 4 0 5.2 0 2 4.800000000000001 6.2 6 2.8000000000000003 0.2 2.8000000000000003 0.8 6.4 0 0 0 0 0 0 0 0 0 0 0 0 0.2 0 0 0 1.6 0 0 0 0 0 0 0 0.4 0 0 0 0 0 0 0 0 0 0 0 0 1.8 0 11 0 0 0 0 1 0 0 0 8.4 0 0 0 0 0 0 0 0 0 0 0 0 2.2 3 0 2.2 0 17.8 5.2 5 3.2 2.6 2.6 6.6000000000000005 2.2 3 10.600000000000001 3.2 0 0 2.8000000000000003 4.800000000000001 0 0 0 0 0 0 0.4 0 0 0 0 3.6 0 0.2 0 0 0 3.6 0 0 0 0 0 0 0 0 0 0 0 0.4 0 0 0 0 0 0 0.2 3.4000000000000004 0 0 0 0 0 0 0 0 0 0 0 0 0 0 0 0 0 0 0 0 0 0 0 0 0 0.2 0.6000000000000001 0 0 0.2 0 0 4.4 0 0 0 0 0 0 0 0 0 0 0 0 0 0 0 0 0 0 0 0 0 0 0 0 4.4 0 0 0 0 0 0 0 0 0 0 0 0 0.4 
 29 65 67.8 59.2 35.800000000000004 15 39.400000000000006 19.6 0 89.60000000000001 9.200000000000001 9.8 20.8 127.4 28.8 27.6 19.8 41.6 34.4 16.400000000000002 0.2 0 0 0 0 0 0.8 1.2000000000000002 0.6000000000000001 0 0 0 0.2 0 0.4 0.2 0.6000000000000001 0 4.800000000000001 15.4 0 0.6000000000000001 0 0 0 0 0 0 0 0.6000000000000001 0 0 0.6000000000000001 0 0 0.6000000000000001 0 0 0 0 0 0.4 0.6000000000000001 0.2 0 0 0 0 0 0 0 0 0 0 0 0 0 0.6000000000000001 0 0 3.8000000000000003 6.800000000000001 6.800000000000001 0 0 0 0 3 3.6 0 4.6000000000000005 1.2000000000000002 0.2 0 0 0 2.8000000000000003 5 0 0 0 0 0 0 0 0 0 0 0 0 0 0 2 0.4 0.6000000000000001 0 0 0 0 5.2 0 0 0 0 0 0 0 0 0 0 0 0 0 0 0 0 0 0 0 0 0 0 0 0 0 0 0 0 0 0 0 0 0 0 0 0 0 0 0 0 0 4.2 8 6.800000000000001 2 1.2000000000000002 0 7 3.2 3 4.4 0 0 0 0 4.2 0 2.8000000000000003 0 4 0 0.4 1 0 1.2000000000000002 0 0.2 0.8 0 0.2 0 0 2.6 0 0 0.2 0 0 2.6 0.2 0 0 0 0 0 0 0 0 0 0 0 0 0 0 0.2 0 0 0 0 0.4 0 0 0.2 0 0 0 0 0 0 0.2 0 0 0 0 1 0.4 0 0 0 0 0 0 0 0 0 0.4 18 0.2 0.2 0.4 0.4 1.8 0 0 0 0 0 0 0 0 0 0 0 0 0 6.4 0 0 0 0 0 0 0 0 0 0 0 4.800000000000001 0 0 0 0 0 0 0 0 0 1.8 0 0 
 8.8 49.6 13.4 43.2 32 74.60000000000001 33.800000000000004 9.200000000000001 89.60000000000001 0 32 9.8 8.200000000000001 15 11.200000000000001 21 49 13.200000000000001 31.200000000000003 27 0.2 0 0 0 0 0.6000000000000001 1.8 33.2 1 0 0 0 14.600000000000001 0 0 0.2 0.4 0 29.6 12.4 12.4 0.6000000000000001 0 13.200000000000001 0 1.2000000000000002 0.4 0 0 0.6000000000000001 12.600000000000001 0 1 0.4 0.2 13.600000000000001 3 0 0 0 0.4 1 0.8 0.6000000000000001 0 0 0 0 0 0 0 1.2000000000000002 0 0.4 0 0.6000000000000001 0.4 0 0 0 4.4 2.6 0 0 16.6 0 0 2.2 6.4 3.2 0 2.8000000000000003 0 2.4000000000000004 0.2 1.2000000000000002 2.8000000000000003 8.6 0 0 0 0 1.2000000000000002 0 0 0 0.4 2.8000000000000003 0.6000000000000001 0 0 3 4.6000000000000005 0 4 0 0 0 0 2.2 0 0 0 0 0 0 0 0.4 0.2 0 0 0 0 0 0 0 0 0 0 0 0 0 0 0 0.8 0 1.8 0 0 0 0 0 0 0 0 0 0 0.6000000000000001 0 0 0 3 5 2.4000000000000004 3.6 1.4000000000000001 0 2 2.6 0.2 1.2000000000000002 4.4 0 4 2 0 2.2 3.8000000000000003 0 0 3 3 4.6000000000000005 0 0 0 0 10.4 0 0 0 2.6 0 3.8000000000000003 1.2000000000000002 0 4 0 2.6 0 0 0 0 0 0 0 0 0 0 0 0 0 0 0 0 0 0 0 0 0 0 0 0 0 3.4000000000000004 0 0 0 0 0 0 0 0 0 0 0 0.4 0 0 0 0 0 0 0 0 0.4 35.2 0 0 0.2 0 0.6000000000000001 0 0 0 0 0 0 0 0 0.2 0 0.8 0 0 0 0.2 0 0 0.2 0 0 0 0 0 3.2 0 0 0 0 0 0 0 0 0 0 0 0 0 0 
 9 5.6000000000000005 32.2 37.4 38.400000000000006 17.6 59.400000000000006 23.8 9.200000000000001 32 0 47.800000000000004 56.6 8.4 14.600000000000001 25.8 41 28.200000000000003 7 11.4 14.8 0.2 0 0 15.200000000000001 0 15.600000000000001 0.2 0.6000000000000001 0 0 0 19.6 3.8000000000000003 7.6000000000000005 0.2 0.8 0 15.200000000000001 2 0 0.6000000000000001 0 0 0 0 0 0 0 0.6000000000000001 0 0 0.6000000000000001 0 0 0.6000000000000001 0 0.2 0 0 0 0.6000000000000001 0.4 0.6000000000000001 0 0 0 0 0 0 1.4000000000000001 0 0 0 0 0 0 0.2 0 0 0 0 3 0 4.6000000000000005 7 0 0 1.6 5.2 0 7.2 0 0 0 0 2.8000000000000003 7.2 0 0.2 2.4000000000000004 0 0 0 0 0 0.8 0 0 0 0 0 4.4 0 3 0 0 0 0 1.8 0 0 0 3 0 0 0 0 0 0 0 0 0 0 0 0 0 0 0 0 0 0 0 0 1.2000000000000002 0 0.6000000000000001 0 0 0 0 0 0 0 0 0 0 0 0 0 0 8.200000000000001 2.8000000000000003 5.4 9.200000000000001 1.8 0 0 4.2 3 10.600000000000001 7.6000000000000005 0 2.4000000000000004 0 0 2.8000000000000003 2.6 0 0 0 0.4 3.8000000000000003 0 0 0 0.8 2.2 0 0 0 0 2.2 1.8 1.8 0 0 5.2 8 2.2 0 0 0 0 0 0 0 0 0 0 0 0 0 0 0 0 0 0 0 0 0 0 0 0 0 0 0 0 0 2.2 0 0 0 0 0 2.6 0 0 0 2.8000000000000003 0 0 2.6 0 0 0 0 0 0.4 17.2 0.4 0.4 0 0 0 0 0 0 0 0 0 0 0 0 0 0 0 0 0 0 0 0 0 0 0 0.6000000000000001 2 0 0 0 0 0 0 0 0 0 0 0 0 0 
 17.6 13.200000000000001 77.60000000000001 65.8 29.8 48.6 10.600000000000001 6 9.8 9.8 47.800000000000004 0 4.6000000000000005 13.4 21.6 6.4 64.8 70.4 6.4 8 4.4 0 0 0 0 0.4 12.600000000000001 0 0.6000000000000001 0.4 0 0.4 30 15.200000000000001 14.8 0 0.4 0.4 12.200000000000001 23 0.4 0.6000000000000001 0 0 0 0 0 0 0 0.6000000000000001 0 0 0.4 0 0 0.6000000000000001 0 0 0.4 0 0 6.6000000000000005 0.4 0.6000000000000001 1.2000000000000002 0 6.800000000000001 1.8 9.4 0 0 0 0 0 0 0 0 0 0.2 0 0 0 3.8000000000000003 1 5.2 10.600000000000001 0 0 0 8.8 2.6 3.6 0 5 0 0 6.2 3.8000000000000003 0 5 0 0 0 0 0.4 0 3.2 0 0 0 0 0 0.6000000000000001 0 0 0 0 0 9.4 4.6000000000000005 0 0 0 0 0 0 0 0 0 0 0 0 0 0 0 0.4 0 0 0 2.4000000000000004 0 0 0 0 0.8 0 0 0 0 0 0 0 0 0 0 0 0 0 0 0 0 5.800000000000001 0 7.4 4.4 3 0 0 2.8000000000000003 3.4000000000000004 1.8 6.6000000000000005 0 0 0 2.4000000000000004 5.4 0 0 0 7.4 4 0.2 0 0 0 6.800000000000001 0 0 0 0 0 8.6 2.4000000000000004 10.8 0 0 2.8000000000000003 9 1.6 0 0 0 0 0 0 0 0 0 0 1.2000000000000002 0 0 3.2 0 0 0 0 0 0 0 0 0 0 0 0 0 0 0 0 0 0 0 0 0 0 0 0 0 0 0 0 0 0 0 0 0.4 0.4 17.8 17.2 0 1.2000000000000002 0.8 0 0 0 0 0 0 0 3.8000000000000003 0 0 0 0 0.2 0 0 0 0 0 0 0 0 0 1.4000000000000001 2.6 0 0 0 0 0 0 0 0 0 0 0 0 1.2000000000000002 
 26 29 12 10.600000000000001 13.200000000000001 9.600000000000001 141.4 48 20.8 8.200000000000001 56.6 4.6000000000000005 0 35.800000000000004 89 64.8 7.2 4.800000000000001 40.800000000000004 61 0.8 0.8 0.8 0 0 4.2 0.6000000000000001 0.8 1 0 0.6000000000000001 0 0.4 0.6000000000000001 0.6000000000000001 0.2 0.4 0 0 0.6000000000000001 0 1.2000000000000002 0 0 1.4000000000000001 0.4 0.6000000000000001 0 0 0.4 0 0 0.2 2.4000000000000004 0.4 1.2000000000000002 0 0 0 0 0 1.2000000000000002 0.4 0.6000000000000001 0.6000000000000001 0.8 0 1 1.6 0 0.6000000000000001 1 0 0 0 0.6000000000000001 0.2 1 1 0 0 0 6.4 2 0 0 4.800000000000001 0 1.8 0 0 0 5.4 0 2.6 1.8 2.8000000000000003 3 5 2.4000000000000004 0 0.2 0 0 0 0 0 0 0 0 0 0 0 0 0 0 0 0 0 0 0 0 0 0 0 0 0 0 0 0 0 0 0 0 0 0 0 0 0 0 0 0 0 0.6000000000000001 0 0 0 0 0 0 0.8 2.2 0 4 0 0 0 0 0 0.4 5 0 3.6 0 0 0 7.800000000000001 0 3.4000000000000004 0 0 0 6.2 5 3.6 1.4000000000000001 0 0 0 2.4000000000000004 0 0 0 0 0 0 0 0 0 0 0 0 0 0 0 0 0 0 0 0 0 0 0 0 0 0 0 0 0 0 0 0 0 0 0 0 0 0 0 0 0 0 0 0 0 0 0 0 0 0 0 0 0 0 0 2.8000000000000003 0 0 0 0 0 0 0 0 0 0 0.4 0 0.4 0.4 0 4.2 0 0 0 0 0 0 0 0 0 0 0 0 0 0 0 0 0 0 0 0 0 0 0 0 0 0 0 0 0 0 0 0 0 0 0 0 0 0 
 69.60000000000001 57.400000000000006 45.6 13.200000000000001 15.600000000000001 50 74.60000000000001 45.800000000000004 127.4 15 8.4 13.4 35.800000000000004 0 48.800000000000004 99.4 16.8 6.2 99.60000000000001 104 0.2 0 0 0 10.4 0 0.6000000000000001 0 0.6000000000000001 0 0 0 0.4 0 0 0.2 0.4 0 0.2 0.4 0 0.6000000000000001 0 0 0 0 0 0 0 0.6000000000000001 0 0 0.4 4.6000000000000005 0.4 0.6000000000000001 0 0 0 0 0 0.6000000000000001 0.4 0.6000000000000001 0 0 0 0 0 0 0 0 0 0 0 0 0 0 0 0 1.8 5.800000000000001 5.6000000000000005 2 0 0 0.2 3.2 8.6 3 4.800000000000001 2.4000000000000004 0 6.2 5 3 2.8000000000000003 3 0 0 0 0 0 0 0 0 0 0 0.4 0 0 0 0 0 0 0 0 0 0 0 0.4 0 0 0 0 0.2 0 0 0 0 0.4 0 0 0 0 0 0.4 0 0 0 0 0 0 0 0 0 0 0 0 0 0 0 0 0 1.8 0 0 0 0 0 2.4000000000000004 0 3.4000000000000004 3.4000000000000004 0 0 4 6 4 7.800000000000001 0 0 5 0 2.6 2 1 5.4 2.4000000000000004 0.2 0 0 0 0 0.6000000000000001 0 0 0 0 0 0.4 0 1.8 0 0 0.2 0 0 0 0.4 0 0 0 0 0 0.4 0 0 0 0 0 0 0 0 0 0 0 2.6 0 0 0 0 0 0 0 0 0 0 0 0 0 0 0 0 0 0 0 0 0 0 0 3 0 0 0 0 0.2 0 0.2 0.2 0.4 2.2 0 0.2 0.2 0 0 0 0 0 0 0 4.2 0 0 0 0 0 0 0 0 0 0 0 0 0 3 4.2 0 0 0 0 0 0 0 0 0 0 0 0 
 7.800000000000001 32 22 26.8 12.600000000000001 9 48.400000000000006 135.20000000000002 28.8 11.200000000000001 14.600000000000001 21.6 89 48.800000000000004 0 9.8 80.60000000000001 8.200000000000001 52.6 31.8 0.2 0 0 0 0.4 0 0.6000000000000001 0 0.8 0 0 0 0.6000000000000001 0 0 0.4 0.4 0.2 0 0.4 0 0.6000000000000001 0 0 0 0.4 12.4 0 0 0.6000000000000001 0 0 0.6000000000000001 0 0 0.6000000000000001 0 0 0 0 0 0.6000000000000001 0.4 0.6000000000000001 0 0 0 0 0 0 0 0 0 0 0 0 0 0.2 10.200000000000001 0 3.6 5.2 7 0 0 3.2 4.2 2.8000000000000003 0 5.800000000000001 2 0.4 4.4 8 5.800000000000001 1.8 0.2 0 3.6 3.2 0 0 0 0.4 0 0.2 0 0 3 0 0 0 0 0 0 0 0 0 0 0 0.2 0 2.4000000000000004 0 0 0 0 0 0 0 0.2 0 0 0 0 0 0.2 0 0 1.6 0 0 0 0 0 0.2 0 0 0 0 0 0 0 0 0 0.4 0 0 0 0 3 0.2 4.4 3.8000000000000003 0.8 0 2.4000000000000004 6.6000000000000005 5.4 0 0.8 3 2.2 2 8.200000000000001 1.4000000000000001 7.800000000000001 4 0.2 2.4000000000000004 3.6 0 0 0 0 0 0 0 0 0 0 0 0 0 0 0 0 0 4.2 0.2 0 0 0 0 0 0 0 0 0 0 0 0 0 1.4000000000000001 0 0 0 0 0 0 0 0.4 0 0 0 0 0 0 0 0 0 0 0.4 0.2 0 0 0 0 0.4 0 0 0 0 0 0.2 0 0 0 0 0.2 0.4 1 0 0 0 0 0 0 0 0 0 0 0 0 0 0 0 0 0 0 0 0 0 0 0 0 0 0 0 0 0 0 0 0 0 0 0 0 0 0 
 12.600000000000001 43 59.400000000000006 44.2 13.200000000000001 59.2 84.2 71 27.6 21 25.8 6.4 64.8 99.4 9.8 0 53.2 7.2 17.400000000000002 44 0.4 0 0.4 0 0 0 0.6000000000000001 0 0.6000000000000001 0.4 0 0.4 0.2 0 0 0.4 0.4 0.2 0.2 2 0 0.6000000000000001 1.2000000000000002 0 0.4 0 0 0 0 0.6000000000000001 0 0.4 0.6000000000000001 0 0 0.6000000000000001 0 0 1.2000000000000002 0 0 0.6000000000000001 1.6 0.8 0.6000000000000001 0 0.4 0.4 0 0 0 0 0.2 0 0 0.2 0.4 0.6000000000000001 0.2 0 6.800000000000001 0.2 2.2 4.800000000000001 0 0 0.4 0 0 10.600000000000001 0 1 2.2 3.8000000000000003 1.2000000000000002 5.800000000000001 11.8 0.2 0 0 0 0 0 0 0 0 0 1.8 0 0 1.2000000000000002 0 0 0 0 0 0 0 0.2 3.2 0 0 0 0 0 0 0 0 0.2 0 0 0.4 0 0 0.2 0 0 0 0 0 0 0 0 0 0 0 0 0 0 0 0 0 0 0 0 0 0 0 0 0 5.6000000000000005 0.2 2.4000000000000004 3 3.6 0 2 7.6000000000000005 4.2 12.4 0 4 2 5 1.6 0 0 9 1.4000000000000001 2.8000000000000003 0 0 0 0 0 0 0 0 0 1.2000000000000002 0 0 0 0 0 0 0 0.2 4.2 0 0 0 0 0.2 0 0 0 0 0 0.2 0.4 0 0 0 0 0 0 0 0 0 0 0 0 0 0 0 0 0 0 0 0 0 0 0 0 0 0 0 0 0 0 2.4000000000000004 0 0 0 0.2 0.4 0.2 0 36.4 0.2 1.8 0.2 0 0.4 0 0 0 0 0 0 0 3.4000000000000004 0 0 0 0 0 0 0 0 0 0 0 0 0.2 2.4000000000000004 1.6 0 0 0 0 0 0 0 0 0 0 0 0 
 23 33.2 72.4 13.200000000000001 50.2 35.6 15.8 50.400000000000006 19.8 49 41 64.8 7.2 16.8 80.60000000000001 53.2 0 20.6 80 43.400000000000006 0.4 0 0 0 0.2 0 0.6000000000000001 0 0.6000000000000001 0 0 0 6 0 0 0 0.4 0.4 4 15 0 0.6000000000000001 0 0 0 0 0.2 0 0 0.4 0 0 0.4 1.8 0 0.6000000000000001 0 0 0 0 0 0.6000000000000001 0.4 0.6000000000000001 0 0 0 0 0 0 11 0 0 0 0 0 0 0 0 0 4.800000000000001 14.4 0 8.200000000000001 3.2 1.4000000000000001 0.2 2.4000000000000004 7.2 0.4 0 2.8000000000000003 0.2 6.4 2.2 6.4 3.6 5.6000000000000005 0.4 0 0 0.4 0 0 0 0 0 0 0 0 0 0 2 0 0.2 0 0 0 0 3.4000000000000004 0 0 0 0 0 0 0 0 0 0.2 0 0 0 0 0 0 0 0.4 0 0 0 0.4 0 0 1.2000000000000002 0 0.8 0 0 0 0 0 0 0 0 0 0 0 0 0 3.4000000000000004 0 1.6 0 1.6 1.2000000000000002 0 2 0 0 0 0.2 0 1.4000000000000001 1.6 2 2.2 2 1 3 0 0 0 0 0 0 0 0 0 0 0 0 3.4000000000000004 0 0 0 0 0 1.2000000000000002 0 0 0.2 0 0 0 0 0.2 0 0 0 0 0 0 0 0 0 0 0 0 0 0 0 0 0 0 0 0 0.2 0.2 0 0 0 0 0 0 0 0 0 2.4000000000000004 0 0 4.2 0 0 0 0 0.4 0.2 19.200000000000003 1.2000000000000002 2.2 2.4000000000000004 0 0 0 0 0 0 0 0 0 3 4.2 0 0 0 0 0 0 0 0 0 0 0 0 3.2 0 0 0 0 0 0 0 0 0 0 0 0 0 0 
 52.800000000000004 11.4 19.6 27 24.200000000000003 70 7.800000000000001 23.6 41.6 13.200000000000001 28.200000000000003 70.4 4.800000000000001 6.2 8.200000000000001 7.2 20.6 0 8.6 48.6 0.2 0 0 0 0.2 0 0.6000000000000001 0 0.6000000000000001 0 0.2 0 12.8 0 0 0 0.6000000000000001 0 29.400000000000002 27.200000000000003 0 0.6000000000000001 12.600000000000001 0 0 0 0 0 0 0.6000000000000001 0 0 0.6000000000000001 0 0.2 0.6000000000000001 0 0 0 0 0 0.4 0.6000000000000001 0.6000000000000001 1.4000000000000001 0 0 1 0 0 0 0 0 0 0 0.6000000000000001 0 0.4 0 0 3.4000000000000004 9.8 3.2 2.6 0.2 11 0 3.2 4.6000000000000005 5.2 6.2 0 0 9.200000000000001 0 0 0.2 3.6 0 3.2 0 0 0 0 0 0 0 0 0 0 0 0 4 0 0 0.4 0 0 2.2 9.8 0 0 0 0 0 0 0 0.2 0.4 0 0 0 0 0 0 0 0 0 0 1 0 0 0 0 0.4 0 0 0 0 0 0 0 0 0 0 0 0 0 0 0 0 3.2 0 4.6000000000000005 0 5.2 0 3.8000000000000003 2.2 0 2.6 2 0 1.6 0 6.4 3.4000000000000004 4 0 0 8.8 0 0 0 0 0 0.2 2 0 0 0 0 8 3.6 0.4 0 0 2.8000000000000003 9.8 0 0 0 0 0 0.2 0 0 0 0 0.2 0 0 0 0 0 0 0 0 0 0 0 0 0 0 0 0 0 0 0 0 0 0 0 0 0 0 0 0 0 0 0 0 0 0 0 0.6000000000000001 17.8 0 17.8 0.6000000000000001 3.2 0.6000000000000001 2.4000000000000004 0 0 0 0 0 0.2 0 0 0 0 0 0 0 0.4 0 0 0.4 0 0 0.2 0 0 2 2.8000000000000003 0 0 0 0 0 0 0 0 0 0 0 0 0 
 44 30 60 30.200000000000003 13.200000000000001 53 36 36.2 34.4 31.200000000000003 7 6.4 40.800000000000004 99.60000000000001 52.6 17.400000000000002 80 8.6 0 89.80000000000001 0.4 0.4 0 0 0 0 0.6000000000000001 0 0.6000000000000001 0 0 0 0.4 0.2 0 0.4 0.4 0 0 0.4 0 0.6000000000000001 0 0 0 0 0 0 0 0.6000000000000001 0 0 0.4 0.4 0 0.6000000000000001 0 0 0 0 0 0.6000000000000001 0.4 10.200000000000001 0 0 0 0 0 0 0 0 0 10.200000000000001 0 0 0 0 0 0 4.2 0 0.2 3 4 0 1.2000000000000002 2.2 4.2 0.6000000000000001 0 10 0.2 6.2 6.2 7.4 4.800000000000001 0 2.2 7.6000000000000005 0 0 0 0 0 0 0 0 0 0 0 0 0 0 0 0 0 0 0 0.2 0 0 0 0 0 0 0 0.2 0 0 0 0 0 0 0 0 0 0 0 0 0 0 0 0 0 0 0 0 0 0 0 0 0 0 0 0 0 0 0 0 3.8000000000000003 0 4.800000000000001 0.2 3.2 0.2 0 8.200000000000001 1.8 2.4000000000000004 4 0.2 0 4 1.6 0 1.2000000000000002 7.2 3.6 4 0 0 0 0 0 0 0 0 0 0 0 0 0 0 0 0 0 0 0 0 0 0 0 0 0 0 0 0 0 0 0 0 0 0 0 0.2 0 0 0 0 0 0 0 0 0 0 0 0 0 0 0 0 0 0 0 0 0 0 0 0 0 2.2 3.4000000000000004 0 0 0.8 0.4 0 0.4 0 0 1 0 0 0 0 0 0 0 0 0 0 5.2 0 0 0 0 0 0 0 0 0 0 0 0 0 0 2.2 0 0 0 0 0 0 0 0 0 0 0 0 
 27.400000000000002 104.80000000000001 16.2 50.6 59.400000000000006 65 110.80000000000001 27.6 16.400000000000002 27 11.4 8 61 104 31.8 44 43.400000000000006 48.6 89.80000000000001 0 0.2 0.4 0 0 0 0 0.6000000000000001 0 0.6000000000000001 0.4 0 0 0.2 0 0.2 0.4 0.8 0 0 0.4 0 13.200000000000001 0 0 0 0 0 0 0 0.6000000000000001 0 0 0.6000000000000001 0.6000000000000001 0 0.6000000000000001 0 0 0 0 0 0.6000000000000001 0.4 0.6000000000000001 0 0 0 0 0 0 0 0 0 0 0 0 0 0 0 0 4.800000000000001 1.4000000000000001 4.800000000000001 2.8000000000000003 0 0 8.6 2.2 4.800000000000001 5.6000000000000005 0 2.8000000000000003 0 6.2 3.6 6 6.800000000000001 0 0 0 0 0 0 0 0 0 0 0 0 0 0 0 0 0 0 0 0 0 0 0 0 0.4 0 0 0 0 0 0 0 0 0 0 0 0.2 0 0 0 0 0 0 0 0 0 0.2 0 0 0 0 0 0 0 0 0 0 0 0 0 0 0 0 14.600000000000001 0 3.4000000000000004 0 3 0.2 2.4000000000000004 7.2 0 2.2 0 0 2.8000000000000003 2 2 3.6 0 2.8000000000000003 2 0 0 0.2 0 0 0 0 0 0 0 0.4 0 0 1.4000000000000001 0.4 0 0 0 0 0 0 0 0 0 0 0 0 0 0 0.2 0 0 0 0 0 0 0 0 0 0 0 0 0 0.4 0 0 0 0 0 0 0 0.4 0 0 0 0 0 0 0 0 0.4 0 2.2 0 0 0 0.2 0.2 0 0.6000000000000001 17.8 0 0.8 0 0 0 0 0 0 0 0 0 0 5.6000000000000005 0 0 0 0 0 0 0 0 0 0 0 0 0 0 5 0 0 0 0 0 0 0 0 0 0 0 0 
 0.6000000000000001 0.2 0.6000000000000001 0.4 0.2 0.4 0.4 0.4 0.2 0.2 14.8 4.4 0.8 0.2 0.2 0.4 0.4 0.2 0.4 0.2 0 34.4 31.8 11.200000000000001 49 7.2 21.200000000000003 12.200000000000001 17.8 13.4 7.6000000000000005 10.600000000000001 47.800000000000004 32.4 53.800000000000004 6.6000000000000005 20.8 38.2 15 67.60000000000001 0 0 0 0 0 0 0.4 0 0 0 0 0.4 0.6000000000000001 0 0 0 0 0.6000000000000001 0 0 0 0.6000000000000001 0 0.2 0.4 0 0.2 0 0.8 0 1.6 0.4 0 0 0 1.2000000000000002 0 0 0.6000000000000001 0.2 0 0 0 0 1.4000000000000001 3.4000000000000004 0 0 0.2 0 1.4000000000000001 1.6 0 2.6 0 0 0 0 0 0 4 4 0 0 0 0 6.6000000000000005 1.4000000000000001 2.2 0.4 0 0.2 0 0 0 0 0 3 6 0 0 0 0 0 0 0 0 0 0 0 0 0 0 0 0 0 0 0 3.8000000000000003 0 0 0 0 0 0 0 0 0 0.4 0 0 0 0 0 1.2000000000000002 0 0 0 0 0 0 2.4000000000000004 0 4.6000000000000005 0 0 0 0 0 2.2 0 2.4000000000000004 0 0 0 0 2.4000000000000004 0 0 0 1.6 5.2 0.2 2.6 1.6 0 4.6000000000000005 0 5 8.4 0 5.4 0 6.6000000000000005 2.6 0 0 11.200000000000001 7.6000000000000005 0 0 0 0 0 0 0 0 0 0 0 0 0 0 0 0 0 0 0 0 0 0 0 0 0 0 0 0 0 0 0 0 0 0 0 0.4 0 0 0 0 0.2 0 0 0.6000000000000001 0 0 0 0.4 0 0 0 0 0 0 0 2.8000000000000003 0 0.2 0 0 0 0.4 0 0 0 0 0 0 0 0 0 0 0 0 0 0 0 0 0 0 0 0 0 0 0 0.4 0 0 0 0 0 
 0.4 0 0 0 0 7.2 0 0 0 0 0.2 0 0.8 0 0 0 0 0 0.4 0.4 34.4 0 22.200000000000003 13.200000000000001 51.800000000000004 7.2 28.6 23.200000000000003 49.800000000000004 70.8 27 39 9.4 31 52 21 65.8 25.6 22.8 16.8 0 0 0 0 0.4 0 0 0 0 0 0 0.4 13.4 12.200000000000001 0 41.6 0 1.6 0 0 0 0 0 0 0.4 0 0 0 0 0 0.6000000000000001 0.4 0 0 0.4 0 0 0.2 1.4000000000000001 0 0 0 0 0 0 0 0 0 0 0 0 0 0 0 0 0 0.2 0 0 0 0.6000000000000001 2.2 6.2 0.8 0.2 2 0 3.6 1.6 7.4 2.2 3.4000000000000004 2.2 3.8000000000000003 5.800000000000001 4.6000000000000005 5 2 1.2000000000000002 0 1.6 0 0 0.2 0 0 0 0 0 0 0 0 0 3 0 0 0 0 0 0 0 0 1.8 0.2 0 0 0 0 0 1 0 0 0 0 0 0.8 0 0 0 0 0 0 0.4 0 0 0 0 0 0 0 0 0 0 0 0 0 0 0 0 0 0.4 4 0.2 4 3.8000000000000003 0 0 1.6 1.6 7.6000000000000005 6 1.8 0 1.6 8 0.2 7.4 2.6 1 2 0 0 0 0 0 0 0 0 0 0 0 0 2.8000000000000003 0 0 2.6 0 0 2.6 0 0 0 0 2 0 0 0 0 0 0 0 0 0 0 0 0 0 0 0 0.2 0 0 0 0 0 8.200000000000001 0 0 0 0 0 0 0 0 0 0.4 0.4 30.200000000000003 0 0 0.4 0 0 0 0 0 2 0 0 0 0 0 0 0 0 0 0 0 0 2 0 0.8 0 0 0 6.4 0 0 0 0 
 0 0 0 0 0 0 0 0 0 0 0 0 0.8 0 0 0.4 0 0 0 0 31.8 22.200000000000003 0 31 36.2 23.400000000000002 11.600000000000001 75 23.200000000000003 9.4 13 37.800000000000004 8.8 10.600000000000001 42.400000000000006 29.200000000000003 27.8 37.6 52.2 31 0 0.4 0 0 0.4 0.6000000000000001 1.8 0 0 0 0 0.8 13.200000000000001 0.4 0.6000000000000001 0 0 0.6000000000000001 12.600000000000001 0.6000000000000001 0 0.6000000000000001 0 0 0.4 0.6000000000000001 0 0 0 0 0.6000000000000001 1.4000000000000001 0 0 0 0.4 0.6000000000000001 0.8 1 0 0 0 0 0 0 0 0 0 0 0 0 0 0 0 0 0 0 0 0 0 3.6 5.4 8 4.4 0.2 3 2.6 0.4 2 11.4 3.4000000000000004 7.6000000000000005 0 0 0 4.6000000000000005 1.6 1.8 2.4000000000000004 0 6 0 0 0 0 0 2.8000000000000003 0 0 0 0 0 0 0.2 0 0 0 0 2.6 2.2 0 0 0.4 0 0 0 0 0 0 0 0 0 0 0 0 0.4 0 0 0 0 0.6000000000000001 0 0 0.2 0 0 0 0 0 0 0 0 0 0 0 0 0 0.2 0 0 0 0 4.6000000000000005 7.2 2.4000000000000004 1.8 0 0 7.800000000000001 7.6000000000000005 5 6 0 0 0 1.8 7.2 3.6 0.2 0 4 0 0 0 0 0 0 0 0 0 0 0 6.4 3.8000000000000003 0 3.4000000000000004 0 0 3 0 0 0 0 0 0 0 0 0 0 0 0 0 0.2 0 0 0.4 0 0 0 0 0 0 0 0 0 0 0 0 0.2 0 0 0 0 0 2.2 0.4 0.2 15 2 0 1.8 0 0 0 0 0 0 0 0 0 0 0 0 0 0 0 0 0 0 0 0 0 0 0 0 0 0 0 0 0 
 0 0 0.4 0 0 0 0 0 0 0 0 0 0 0 0 0 0 0 0 0 11.200000000000001 13.200000000000001 31 0 76.80000000000001 17.8 42 14 24 30.6 38.2 21.400000000000002 13.200000000000001 58.6 30.8 52 62.400000000000006 37.800000000000004 12.600000000000001 26.200000000000003 12.4 0 0 0.8 0 0 0.2 16 0 0 0 0.4 13 0 0 0 0 1.6 12.4 6.4 0 0 0 0 0.4 0 0 0 0 0 0.6000000000000001 0.6000000000000001 0 0 0 0 2 2.6 0.6000000000000001 0 0 0 0 0 2.8000000000000003 0 0 0.4 0 0.2 0 1.4000000000000001 0 0 0 0 0 2 0 0 5.4 2.2 0.2 0.8 5 4.4 5 0.2 2 0 4.6000000000000005 3 0 2.2 0 0.4 3.4000000000000004 0.2 0.2 2 3.2 0 0 0 0 2.6 0.4 0 0 0 0 0 2.2 0.4 2 5 0 0 2.6 4.4 0 0 0 0 0 2.4000000000000004 0 0 0 0 0 0 0 0 0 0 0 0.8 0 0 1.6 0 0 0 0 0 0 0 0 0 0 0 0 0 0 0 0 0 0 0.2 0 0 0.4 2 1.6 3.8000000000000003 2.2 0.6000000000000001 4.4 0 0 1.8 0 0 0 2.2 0 0 0 0.2 2.8000000000000003 1.6 0 0 0 0 4.6000000000000005 0 0.2 0 0.4 0 9 2.6 0 0 2.6 0 0 7 0 0 0 0 0 0 0 0 0 0 0 0 0 0 0 0 0 0 0 0 0 0 0 0 0 0 0 0 0 0 0 0 0 0 2 0 0.4 2 0 0.4 2.6 2 0 0 0 0 0 0 0 0 0 0 0 0 0 0 0 0 0 0 0 0 2.2 0 0 0 4 0 0 0 
 0 0 0 0 0.6000000000000001 0 0.2 0 0 0 15.200000000000001 0 0 10.4 0.4 0 0.2 0.2 0 0 49 51.800000000000004 36.2 76.80000000000001 0 180 12.8 11.8 66.8 13 34.6 27.200000000000003 20 14.4 58.2 16.400000000000002 41.6 9.600000000000001 13.8 61 0.2 6.6000000000000005 0 1.2000000000000002 0 0 0.4 11 0 0 0 0.4 13 0 3.6 12.600000000000001 0.2 1 28.8 25 0 0 0 0.2 0.4 0 0 0 0 0 0.6000000000000001 1.4000000000000001 0 0 0 0 4.2 0.2 0.6000000000000001 0 0 0 0 0 0 0 0 0 0 0 0 0 0 0 0 0.4 0 0 0 0 0 0 5.6000000000000005 0 7.800000000000001 6.2 0.2 0 0 2.4000000000000004 0.4 3 0 0 0 1.6 0.8 0 0 0 14.200000000000001 0 0 0 0 0 0.2 0.2 5.6000000000000005 0 0 0 6.6000000000000005 0 0.4 3 0 2.4000000000000004 3.4000000000000004 5.2 0 0 3.8000000000000003 0 0 0 0 0 0 0 0 0 0 0 0 0.4 0 0 0 0 3.8000000000000003 0 0 0 0 0 0 0 0 0 0 0 0.4 0 2.2 1 0 0 0 0 0 0 0 2 6 6 0 0 3.2 1.8 7 0.2 0 0 0 1.4000000000000001 2.8000000000000003 0 0 0 2 3.2 2.6 0 0 0.2 2.2 3.2 7.4 0 0 0 10.600000000000001 2.2 0 6.800000000000001 3.8000000000000003 2 6.800000000000001 9.600000000000001 0 0 0 0 0 0 0 0 0 0 0 0 0 0 0 0 0 0 0 0 0 0 0 0 0 0 0 0 0 0 0 0 0 0 0.8 0.4 0.4 29.8 0.6000000000000001 1.2000000000000002 0.8 0.4 0 0 0 0 0 0 0 0 0 0 0 0 0 0 0 0 0 0 0 0 0 0 0 0 2.8000000000000003 0 0 0 
 0 0 1.6 0 1.4000000000000001 0 0.4 0 0 0.6000000000000001 0 0.4 4.2 0 0 0 0 0 0 0 7.2 7.2 23.400000000000002 17.8 180 0 11 5.6000000000000005 10 10.200000000000001 30.200000000000003 11.600000000000001 5.4 10.200000000000001 27 36.800000000000004 26.200000000000003 7.6000000000000005 11.4 52 0.2 0 0 0 0.2 0 23.200000000000003 12.4 12.8 0 0 0.6000000000000001 0.6000000000000001 0.2 0 0.4 0.2 0.6000000000000001 26.200000000000003 25.6 0 0 0 0 0.6000000000000001 0 0 0 0 0 0.6000000000000001 1.8 0 0 10.8 0 0 0 0.6000000000000001 0 0 0 0 0 0 0 0 0 0 0 0 0 0 0 0 0 0 0 0 0 0 0.2 0.2 6.6000000000000005 7.800000000000001 2 0 0.4 0.2 3.8000000000000003 0 0 0 0 0 0 2 2.8000000000000003 0 0 5 0.8 0 1.6 0 0 1.4000000000000001 1.2000000000000002 1.6 0 0 0 10 2.8000000000000003 2 0 0.2 1.6 6.4 7.4 0 0 0 0 0 0 0 0 0 0 1.4000000000000001 0 0.4 0 1.2000000000000002 0 0 0 0 0 0 0 0 0.4 0 0 1.4000000000000001 0 0 0 0 0.2 0 0 0 0 0 0.2 0 0 0 0 0 0.2 1.8 10.600000000000001 0 0 0.2 0 0.2 14.600000000000001 0 0 0 0 0 0 0 0 2.2 2.6 0 0 0 0 4.6000000000000005 2.2 4.2 3.8000000000000003 4.4 0.2 3.8000000000000003 2.6 3.8000000000000003 2.2 2.8000000000000003 1 1 1.8 0 0 0 0 0 0 0 0 0.4 0 0 0 0 0 0 0.4 0 0 0 0 0 0 0 0 0 0 0 0 0 0 0 0 0 0 3 1 0.2 0.2 29.400000000000002 6.800000000000001 0.2 0 0 0 0 0 0 0 0 0 0 0 0 3.8000000000000003 0 0 0 0 0 0 0 3 0 0 0 0 1.4000000000000001 0 0 0 
 0.6000000000000001 0.6000000000000001 1.6 42 0.6000000000000001 15.600000000000001 0.6000000000000001 0.6000000000000001 0.8 1.8 15.600000000000001 12.600000000000001 0.6000000000000001 0.6000000000000001 0.6000000000000001 0.6000000000000001 0.6000000000000001 0.6000000000000001 0.6000000000000001 0.6000000000000001 21.200000000000003 28.6 11.600000000000001 42 12.8 11 0 45 8.6 22.200000000000003 35.4 7.4 32 63.6 52.400000000000006 8 6 9.600000000000001 26.6 20 0 0 0 0 0.2 0 0 0 0 0 0 0.4 0.6000000000000001 0 0 0 0.2 0.6000000000000001 0 0 0 0 0 0 0.4 0 0 0 0 0 0.6000000000000001 0.4 0 0 0 0 0 0 1.4000000000000001 0 0 0 0 0 5.4 0.8 0 0.2 0 0 0 2 0 0 0 0 0 2.8000000000000003 0 0 2.4000000000000004 0 4.2 6.2 0.4 0 5 5.800000000000001 5.4 2.6 5.800000000000001 0 6.2 9.200000000000001 3.4000000000000004 0 4.2 3.4000000000000004 10 2.4000000000000004 0 3.4000000000000004 0 0 0 2.6 0 0 0 0 0 0 0 1 0 0 0 0 0 0 0 0 0 0.4 0 3.2 0 0 0 0 0 0 0 0 0 0 0 3 0 0 0 3.6 0 3.8000000000000003 0 0.2 0 0 0 2.4000000000000004 0 4.2 0 0 0 0 3.2 0.2 0 0.4 6.800000000000001 12 4.2 0 0.2 0 5.2 12.4 2 0 0 0 0 0 11.4 7.6000000000000005 6 6 0 3.6 0 0 4 0 0 0 0 0 0 0 0 0 0 0 0 0 0 0 0 0 0 0 0 0 0 0 0.4 0 0 0 0 0 0 0 0 0 0 0 0 0.4 0 0 0.4 0 0 0 0 0 0 0 0 0 0 0 0.6000000000000001 0 0 0.2 0 0 0.4 3.4000000000000004 0 0 0 0 0 0 0 0 0 0 0 0 0 0 0 0 0 2.6 0 0 0 0 0 0 0 0 0 0 
 0 0 0 0.2 29.200000000000003 5 0 0 1.2000000000000002 33.2 0.2 0 0.8 0 0 0 0 0 0 0 12.200000000000001 23.200000000000003 75 14 11.8 5.6000000000000005 45 0 14.4 12.8 25.400000000000002 22.400000000000002 43.2 37.4 18.400000000000002 24 19.400000000000002 15 40.6 24.8 0 0 0 0 0 0 0 0 0 0 0.6000000000000001 0.8 0.6000000000000001 0 0 0 0 0.6000000000000001 0.2 0 10.600000000000001 0 0 0 0.8 0 0 0 0 0 1 3 0 0.6000000000000001 0 0 1.2000000000000002 0.2 1 0 3 0 0 5.6000000000000005 4.800000000000001 0.2 0.4 0 0 0 0 0.2 0 0 0 0 0 3.8000000000000003 0 0 3 0.2 5.800000000000001 3.2 2.4000000000000004 1.8 0 7.4 3.2 6 3.8000000000000003 3.2 3.6 3 3.4000000000000004 0 4.4 5.6000000000000005 0.2 0 0 0 0 0 0 0 0 0.4 0 0 0 0 0 0 0 0 0 0 0 0 0 0 0 0 0 0.4 0.8 0 0 0.6000000000000001 0 0 0 0 0 0 0 0 0 0 0 0 0 0 0.2 1.8 0 0 0 0.2 0 0 0 0 0 0 0 2 0 0 2.4000000000000004 3.4000000000000004 8.4 0 0.2 0 0.2 2.8000000000000003 3.2 0 0 0 2 6.2 4.2 0.4 1.6 0 0 0.8 1.8 0 0 0 0 0 0 0 0 0 0 0 0.2 0 0 0 0 0 0 0 0 0 0 0 0 0 0 0 0 0 0 0 0 0 0 0 0 0 0 0.2 0 0 0.4 0 0 0.4 5.2 0 0 0 0 0 0 0 0.6000000000000001 0 0.2 0.2 0 0 0 0.4 0 0 0 0 0 0 0 0 0 0 0 0 0 3.6 0 0 0 0.2 0 2.2 0 0 0 0 0 0 0 0 
 0.6000000000000001 0.6000000000000001 0.6000000000000001 0.6000000000000001 0.8 19.200000000000003 1 0.6000000000000001 0.6000000000000001 1 0.6000000000000001 0.6000000000000001 1 0.6000000000000001 0.8 0.6000000000000001 0.6000000000000001 0.6000000000000001 0.6000000000000001 0.6000000000000001 17.8 49.800000000000004 23.200000000000003 24 66.8 10 8.6 14.4 0 35.800000000000004 40.6 30.400000000000002 64.4 109 22.8 20.400000000000002 28.200000000000003 24.8 29 28.200000000000003 0.4 0 0 0 0 0.6000000000000001 1.4000000000000001 0 0 1.8 0 1.2000000000000002 13.600000000000001 0 0 0 0 0.6000000000000001 0.4 0 0 0.6000000000000001 0.8 0 0.8 0 0.4 0 0 0 0.6000000000000001 1 0 0 0 0.4 0 0 3.6 0 0 0 0 0 0 0 0 0 0 0 0 0 0 0 0 0 0 0 2.4000000000000004 0 7 2 7 1.2000000000000002 0.2 2 0 4 7.6000000000000005 4.800000000000001 2 1.6 5.2 8.4 3 8.8 5.6000000000000005 6.2 3.4000000000000004 0.2 1.6 0 0 0 0 0 0 0 0 0 0 0 0 0 0 0 0 0 0 4.4 0 0 1.8 0 0 0 0 0 0 0.6000000000000001 0 0 0 0 0 0.8 0 0 0 0 0 0 0 0.4 0 0 0 0 0 0 0 0 0 0 0 0 0 1.2000000000000002 0 0 4.4 4.6000000000000005 0 6 6.800000000000001 0 0 2.4000000000000004 0 4.800000000000001 4.800000000000001 8.6 0 2.4000000000000004 2.8000000000000003 2.6 7 4 2 0 0 0 0 0 0 0 0 0 0 0 0 0 2.6 0 0 2.6 0 0 2.6 0 0 0 0 0 4.800000000000001 0 0 0 0.2 0 0 0 0.2 0 0 0.4 0 0 0 0 0 0 0 0 0 0 0 0 0 0 0 0 0 0.2 2.4000000000000004 0 0 15.4 0 0.6000000000000001 0 0.2 0 0 0 0 0 0 0 0 0 0 0 0 0 0 0 0 0 2.4000000000000004 0 0 0 0 0 3.2 0 0 0 0 
 0 0 0 0 1 3.6 0 0 0 0 0 0.4 0 0 0 0.4 0 0 0 0.4 13.4 70.8 9.4 30.6 13 10.200000000000001 22.200000000000003 12.8 35.800000000000004 0 52.6 47 6.800000000000001 34.2 21.8 19 9.8 78.2 71.2 31.200000000000003 0 0 0 0 0 0 0 0 0 0 0 0.4 0.6000000000000001 0 0 0 0 0.6000000000000001 0 0 0 0 0 0 0.4 0 0 0 0 0 0.6000000000000001 0.4 0 0 4.2 0 0 0.2 0.8 0 0 0 0 0 0 0 0 0 0 0 0 0 0 0 0 0 0 0 0 0 8.8 10 1.4000000000000001 6.4 0 1.4000000000000001 3 10.8 7 2.4000000000000004 4 0 2.2 7.2 5.800000000000001 2.4000000000000004 3.6 3 9.4 1.6 0 0 0 0 0 2 0 0 0 0 0 0 0 0 0 0 0 0 0 0 0 0 0 0 0 1.4000000000000001 0 0 0 1 0 0 0 0 0 0 0 1.2000000000000002 0 0 0 0 0 0 0 1 0 0 0 0 0 0 0 0 0 0 0 0 0 0 0.4 8.8 0.2 6.2 1.8 0 3.2 8.4 2.2 5.800000000000001 6.2 0.4 0 0.8 0.6000000000000001 2.4000000000000004 7.6000000000000005 0.8 2 5.4 0 0 0 0 0 0 0 0 0 0 0 0 0 0 0 0 0 0 0 0 0 0 0 0 0 0 0 2.6 0 0 0 0 0 0 0 0 0 0 0 2.8000000000000003 0 2 1.2000000000000002 0 0 0 0 0 0 0 0 0 0 0 2.2 0.4 0 1 0 0 1 3.8000000000000003 0 0 0 0 6.2 0 0 0 0 0 0 0 0 0 0 0 0 0 0 3.2 0 0 0 2.2 0 0 0 0 
 0 0 0 0 0.8 14.8 0 0.4 0 0 0 0 0.6000000000000001 0 0 0 0 0.2 0 0 7.6000000000000005 27 13 38.2 34.6 30.200000000000003 35.4 25.400000000000002 40.6 52.6 0 13 9.8 9.4 18.8 37.2 30.400000000000002 49 16.400000000000002 17.8 5.2 12.600000000000001 0 0.4 0 0.2 25 0 0 0 0 1.2000000000000002 11.200000000000001 0.4 22.200000000000003 0.4 0 23 0 23.8 0 0.4 0 0 0.4 0 0 0 0 0 0.6000000000000001 0.4 0 0 1.4000000000000001 0 0.4 0 1.8 0 0 0 0 0 0 0.4 0 0 0 0 0 0 0 0 0 0 0 0 0 0 0.4 2.4000000000000004 0.8 4.4 8.8 0 0 2 5.6000000000000005 0 4.4 0.8 0 3.8000000000000003 4.6000000000000005 3.2 2.8000000000000003 1 0 0 1.4000000000000001 5.4 0 0 0 0 0 1.8 0 0 0 0.2 2.6 0 0 1.8 0 8 3.2 4.800000000000001 0 0.2 0 0 0.4 0.6000000000000001 0 0 0 1.2000000000000002 0 0 0 0 0 0 0 0 0 0 0 0 0 0 0 0 2 0 0 0 0 0 0 0 0 0 0 0 0 0 3.2 0.2 4.4 9.600000000000001 0 2.8000000000000003 0 2 1.8 2.6 1.6 0.4 0.4 15.600000000000001 0 2.4000000000000004 2.2 4.2 0 2.2 0 3.8000000000000003 11 0 0 0 3.6 2.2 0 0 0 0 2 0 0.2 0 3 0 0 3.2 0 0 0 0 0 0 0 0 3.4000000000000004 0 0 0 1.4000000000000001 0 0 0 0 0 0 0 0 0 0 0 0 0 0 0 0 0 0 0 0 0 1.8 0.8 1.4000000000000001 31.200000000000003 0.4 0.2 1.6 0 0 0 0 0 5.2 0 0 0 0 0 0 0 0 0 0 0 0 0 0 2.4000000000000004 0 0 0 0 0 0 0 0 
 0 0.4 0.4 0 0.6000000000000001 0 0 0 0 0 0 0.4 0 0 0 0.4 0 0 0 0 10.600000000000001 39 37.800000000000004 21.400000000000002 27.200000000000003 11.600000000000001 7.4 22.400000000000002 30.400000000000002 47 13 0 9.200000000000001 8.200000000000001 5.6000000000000005 21 18.2 46.2 8.200000000000001 21.400000000000002 5.4 0 0 0 0 0 12.8 0 0 0 0 0.4 16 17.400000000000002 0.2 0 0 0.6000000000000001 0 21 0 0 0 0 0.4 0 0 0 0 0 0.6000000000000001 0.4 0.4 0 1.8 0 0 0 0.6000000000000001 0 0 0 0 0 0 0 0 0 0 0 0 0 0 0 0 0 0 0 0 0 4.2 4.800000000000001 0 5.4 0.2 3.4000000000000004 0 0 2.6 8.4 2 7 0.2 0 2.8000000000000003 3.8000000000000003 0 7 5 0 2.6 0.4 0 0 0 1.2000000000000002 0 1.8 3.4000000000000004 0 0 0 0.2 0 0 1.8 0 0 0 0.8 0 2.8000000000000003 2.6 0 0 0 0 0 0 0 0 0 0 0 0 2.4000000000000004 0 0 0 0 0 0 0 0 0 0 0 0 0 0.4 3.8000000000000003 0 0 0 0 0 0 0 0.4 0 0 0.4 6 8.200000000000001 10 0 0 0.2 0.2 8.8 4 9.600000000000001 0 0 0 2.2 1.2000000000000002 3.6 5.2 2 0 0 0 0.4 0 0 1.8 0.2 0 0 0 0 2 0 0 3.8000000000000003 0 0 0 3 0 0 0 0 0 0.4 0 0 0 0 0 0 0 0 0 0 0 0.4 0.4 0 0 0 0 0 0 0 0 0 0 0 0 0 0 0 1 0.8 0 30.6 15.4 0 0.4 0 0.4 0 0 0 3 0 0 0 0 0 0 0 0 0 0 0.2 0 0 0 0 0 0.2 0 0 0 0 0 0 
