 0 12.8 25.400000000000002 74.8 23 10.200000000000001 47.400000000000006 8.200000000000001 7.6000000000000005 15.600000000000001 8.4 5.2 32 41.800000000000004 6.4 40.800000000000004 43.400000000000006 25.400000000000002 25 18.2 0 0.4 0.6000000000000001 0.6000000000000001 0.2 0.4 4 0 0 0.4 0 0 0.2 0 0 0 0.6000000000000001 0 1 0 0 0 12 0 7 0 0 0 0.4 0.4 0 0.4 0 0 0 0 0 0.6000000000000001 0 0 0 0 0 0 0 0 0 0.2 0 0.6000000000000001 0 0.4 0 0 0.4 0 0 6.2 0 0.6000000000000001 6 0.2 0.4 7.800000000000001 0 0 4.800000000000001 5.2 4.4 0 2.6 0 2.6 1.4000000000000001 5 4 4.4 0 2.2 14 0 0 0 0 0 0.4 0 0 0 2.4000000000000004 0 0 0 0 0 0 0 0 0 0 0 0 0 0 0 0 0 0 0 0 0 0 0 0.2 0 0 5.800000000000001 0 0 0 0 0 0.2 1 0 0.6000000000000001 0 0 0 0 0 0 0 0.2 0 0.4 0 0 0 0 2 2.2 0 0.2 5.6000000000000005 0 0 9.200000000000001 6.4 5.800000000000001 0.4 5.800000000000001 8.200000000000001 5.6000000000000005 2.2 1.4000000000000001 3.2 5 0 2 0 0 0.4 0 0 0 0.2 0 0 0 0 0 0 0.2 0 0 0 0 0 0 0 0 0 0 0 0 0 0 0 0 0 0 0 0 0 0 0 0 0 0 0 0 0 0 0 0 0 0 0 0 0 0 0 0 0 0 0 0 0 0 0 0 0 0 0 0 31 0 0.8 0 0 4.6000000000000005 0 0 0.2 0 0 0 0 0 0 0 2.2 0 0 0 0 0 0 0 0 0 0 0 0 0 0 0 0 0 0 0 0 0 0 0 0 0 0 0 
 12.8 0 55.800000000000004 36.800000000000004 65.4 39.6 14.8 56 7.800000000000001 8.8 12.600000000000001 17.8 33.2 13.200000000000001 33.4 26 42.400000000000006 5.800000000000001 8.200000000000001 19.400000000000002 0.6000000000000001 0.4 0.6000000000000001 0.4 0.4 0.6000000000000001 0.4 0.2 0 1 0.2 0 21.8 0 0 0 1.2000000000000002 0 13.4 5.6000000000000005 0 0.6000000000000001 0.4 0 0 0 0 0 0.4 0.6000000000000001 0 1 0 0 0 0 0.6000000000000001 0.4 0 0 0.6000000000000001 0 0 0 0 1 0 0.6000000000000001 0.4 0.4 0.8 0.6000000000000001 1 0.6000000000000001 0.8 0 0 7.4 0.2 0.2 0 5.6000000000000005 3 1.6 1 2.4000000000000004 5 2.2 9.4 0 4 6.2 4.4 2 2.2 4 2.8000000000000003 0.2 5.2 2 0 0 0 0 0 0 0 0.2 0 0 0 0 0.6000000000000001 0 0 0 0.2 0 6.800000000000001 0 0 0 0 0 0 0 0 0 0 0 0 0 0 0 0 0 0 0 0 0 0 0 0 0 4.2 0 0 0 0 0 0 0 0 0 1 0 0 0.4 0 0 0 5.2 5 0.8 0 3.4000000000000004 0 3 6 1.6 0 6.4 2.6 1.6 0 3 5.2 5.2 0 0 0.4 0 0 2.4000000000000004 0 0 0.2 3.4000000000000004 0 0 0 0 4 0 0 0 0 0 3.6 5 0 0 0 2 0 0 0 0 0 0 0 0 0 0 0 0 0 0 0 0 0 0 0 0 0 0 0 0 0 0 0 0 0 0 0 0 0 0 0 0 0 0 0 0 0 0.6000000000000001 18.6 0 0.4 10 2.2 0.2 0 0 0 0 0 0 0 0 0 0 2 0 0 0 0 0 0 0 0 0 0 0 0 0 3 0 0 0 0 0 0 0 0 0 0 0 0 0 
 25.400000000000002 55.800000000000004 0 48.400000000000006 12.200000000000001 10.600000000000001 19.8 57.400000000000006 11 50.2 26.8 23.6 14 12.200000000000001 80.80000000000001 30.8 41 9.200000000000001 6 17.400000000000002 0 0.4 0.6000000000000001 1.4000000000000001 0 0 0 0.4 0 0.2 0.2 0.2 15.200000000000001 0.2 0.2 0 12.8 0.2 20.200000000000003 15.200000000000001 0 0 0.4 0 0 11.200000000000001 0 0 0.4 0.4 0.4 0.4 6 0 0 0 0 0.6000000000000001 0 0 2.2 0 0 0 0 0 0 0.6000000000000001 0 0.4 0 0.6000000000000001 0 0 0.6000000000000001 0 0 10.4 0.2 0.4 2.4000000000000004 5.800000000000001 3.4000000000000004 7.800000000000001 5.4 1 6.4 4.4 16.400000000000002 4.6000000000000005 2.2 2.8000000000000003 2.8000000000000003 4.800000000000001 3.2 4.2 3.4000000000000004 0 0 9.8 3.2 0 0 0 0 0 5.6000000000000005 0 0.2 4.2 0 0 1.8 0 0 8.4 0 0 2 0 0 0 0 0 0 0 0 0 0 0 0 0 0 0 0 0 2.2 0 0 0 0 0 0 1.6 0 0 0 0 0 0 0 0 0 0 0 0 0 0 3.6 0 0.2 4.800000000000001 2.8000000000000003 1.8 5.2 0 0 12.4 3.2 3 0 7.6000000000000005 3.2 2 0 4.800000000000001 9.600000000000001 1.4000000000000001 0 0 0.2 0 0 0 0 0 4.4 4.2 0 0 0.6000000000000001 0 0 0 1.8 0 0 0 2.4000000000000004 1.4000000000000001 0 0 0 0 0 0 0 0 0 0 0 0 0 0 0 0 0 0 0 0 0 0 0 0 0 0 0 0 0 0 0 0 0 0 0 0 0 0 0 0 0 0 0 0 0 0 17.8 0 0.2 18 5.4 0.8 0 0 0 0 0 0 0 0 0 0 3.8000000000000003 0 0 0 0 0 0 0 0 0 0 0 0 0 0 0 0 0 0 0 0 0 0 0 0 0 0 0 
 74.8 36.800000000000004 48.400000000000006 0 12.8 6.6000000000000005 38 47.6 38.2 97 9.200000000000001 17.8 26 16.400000000000002 57.2 9.600000000000001 17.6 22.400000000000002 14.8 50.400000000000006 0 0.8 1.4000000000000001 0 0 0.6000000000000001 0 0.2 15 0.2 0.4 0 0.4 6.4 4.800000000000001 0 0.8 0.4 15.4 0.6000000000000001 0 0.4 0.4 0.4 0 0.6000000000000001 0 0 0.4 0.4 0 0.6000000000000001 0.4 0.4 0 0 0.2 0.6000000000000001 0 0 0 0 0 0 0 2 0 0.8 0.8 0.6000000000000001 1.2000000000000002 0.4 9 0 0.4 0 0 0.6000000000000001 0 0.6000000000000001 0.2 3.2 0 9.600000000000001 2.6 0 6.4 1.4000000000000001 7.800000000000001 4 6.800000000000001 7 0 0.8 8.200000000000001 3.6 1.8 0 0.4 0.4 3 2.6 3 0 0 0 3.4000000000000004 3 0 0 0 0 0 0 0 0 0 0 2.6 1.8 0 0.4 0 0 0 0 0 0 0 0 0 0 0 0 0.2 0 0.4 0 0 0 0 0 0.4 0 0 0 0 0 0 0 0 0 0.4 0 0 0 0 0 0 0 3 7 8.8 4 3 5 0.4 7.6000000000000005 2.4000000000000004 8.4 0 0 0.8 0.2 0 0.2 4 3 0 1 0 0 0 0 0 0 6.800000000000001 0 0 0 0 0 0 0 0.4 0 0 0 3.8000000000000003 0 0 0 0 0.4 0 0 0 0 0 0 0 0 0 0 0 0 0 0 0 0 0 0 0 0 0 0 0 0 0 0 0 0 0 0 0 0 0 0 0 0 0 0 0 0 0 0 0 0 0 0 0.2 1.4000000000000001 0 0 0 0 0 0 0 0 0 0 0 0 0 0 0 0 0 0 0 0 0 0 0 2.4000000000000004 0 2.8000000000000003 0 0 0 0 0 0 0 0 0 0 0 0 
 23 65.4 12.200000000000001 12.8 0 47.2 31.6 11.8 14.8 41.2 12.600000000000001 29.400000000000002 72.8 62.800000000000004 15.600000000000001 20.200000000000003 11.4 24.6 55.2 34.2 7 4.6000000000000005 0.6000000000000001 0 0 0 14.600000000000001 0 0 0.4 0 4.800000000000001 45 7.4 0 0 0.6000000000000001 14.8 16.8 32 0 0 0.4 0 0 0.8 0 0 0.4 0.4 0 0.4 0 0 0 0 0 0.8 0 0 7.6000000000000005 0.2 0 0 0 0 0 0.6000000000000001 0 0.4 0 0.6000000000000001 0 0 0.6000000000000001 0 0 0 0.2 0.4 0.2 4.800000000000001 0 0 0 2.4000000000000004 2.4000000000000004 0 0 0.2 0 0 0 0 2 0 0 0.2 2 4.2 1.4000000000000001 0 0 0 0 0 0 0 0.2 0.2 4 0 4 2.6 0 4.6000000000000005 0 0 3.6 1.4000000000000001 0 0 0 1.8 0 0 0 0 0 0 0 0 0 0 0 0 0 0 0 0 0 0 0 0.8 0 0 0 0 0 0 0 0 0 0 0 0 0 0 0 0 2 0 0 0 1.6 4 0 0 0 8.8 0 0 2.6 0 2.2 0 0 2.4000000000000004 0 0 2.8000000000000003 1.8 3.2 2.8000000000000003 0 2 2.2 10.200000000000001 0 0 0.2 0 3.6 10.4 4.4 3.2 5 0 3.8000000000000003 4.4 0 0 0 0 0 0 0 0 0 0 0 0 0 0 0 0 0 0 0 0 0 0 0 0 0 0 0 0 0 0 0 2.6 0 0 0 0 0 0 0 0 0 0 0 0 0 0 0.2 0 18.400000000000002 18.2 0.6000000000000001 2.6 1 0 0 0 0 0 0 0 0 0 0 0 0 0 0 0 0 0 0 0 0 0 0 0 2 0 0 0 0 0 0 0 0 0 0 0 0 0 
 10.200000000000001 39.6 10.600000000000001 6.6000000000000005 47.2 0 60.400000000000006 7.4 11.600000000000001 27 30 47.400000000000006 5.2 9.4 10.600000000000001 16.2 13.8 10.4 112.2 10 14.600000000000001 25.6 35.6 0.2 0 0 30.8 14.600000000000001 0 0 0 0.4 21 1 0.2 0 0.8 5 48.2 36 1.2000000000000002 0 0.4 0 0 0 0 0 0.4 0.4 0 0.4 0 0 0 0 0 0.8 1.2000000000000002 0 11 0.6000000000000001 0 0 0.8 0.2 0 0.6000000000000001 0 0.6000000000000001 0 0.4 0 0 0.4 0 0 0 0 0.6000000000000001 0 3.6 1 0 11 0.8 0 0.2 4 0 0.2 3.4000000000000004 0 0 0 3.4000000000000004 0 0 0 0 3 5.800000000000001 3 0 1.4000000000000001 0.4 2.4000000000000004 0 2.6 0 3.4000000000000004 0 8.8 9.200000000000001 5.6000000000000005 1.2000000000000002 0 0 0 0 0 0.4 0 0 0 0 0 0 0 0 0 0 0 0 0.2 0 0 0 0 0 0 0 0 0 0 0.2 0 0.8 0 0 0 0 0 0 0 0 0 0 0 0 0 0 0.6000000000000001 0 9.8 3.2 0 0.2 2 0 4 3.8000000000000003 0.2 0 0 2.6 0 2 0 0 0.2 0 5.4 0 0 2.8000000000000003 17.2 9.600000000000001 0 0 0 0.4 4.4 0.2 0.2 3.6 4.800000000000001 1 2.6 3 0 0 0 0 0 0 0 0 0 1.8 0 0 0 0 0 0 0 3.8000000000000003 0 0 0 0 0 0 1.4000000000000001 0 0 0 0 0 0 0 0 0 0 0 2 0 0 0 0 0 0 0 0 0.6000000000000001 18.2 0 0.6000000000000001 20.8 2.6 5.2 0 0 0 0 0 16 0 0 0 0 0 10.200000000000001 0 0 0 0 0 0 0 0 0 0 0 0 2.8000000000000003 0 0 0 0 3 0 0 0 0 0 0 0 0 
 47.400000000000006 14.8 19.8 38 31.6 60.400000000000006 0 22.6 47.800000000000004 7.6000000000000005 21.6 5.2 20.200000000000003 67.60000000000001 23.200000000000003 25.400000000000002 22.8 25 46.6 51.2 0 0.8 1 0.4 0 0 0 0 0 0.2 0.4 1.2000000000000002 0 0 0 0 0.6000000000000001 0 20.8 0 0 5.800000000000001 0.4 0 0 0 0 0 0.4 0.4 0 2 0 0 0 0 0.6000000000000001 0.6000000000000001 0 0 0 0 0 0 0 0 0 0.2 0 1 0.8 0.4 0 0 0.4 0 0 0 0 0.6000000000000001 6 0 2 8.8 0 0 2.4000000000000004 7.6000000000000005 0 3.8000000000000003 0.2 2.6 2 0.4 3.8000000000000003 0.2 0.4 5 0.6000000000000001 8.200000000000001 0 0 0 0 0 0 0 0 0 0.4 0.4 0 0 0 0 2.2 0 0 0 1.4000000000000001 0 0 0 0 0 0 0 0 0 0 0 0 0.4 1.6 0 0 8 0 0 0 0 0 0 2 0 0 0 0 0 0 0 0 0 0 0 0 0 0 0 0 3.2 0.2 0 3.4000000000000004 0 0 3 0 0 1 0 0 4.4 2.8000000000000003 3.8000000000000003 0 5.4 0 2.2 3.8000000000000003 0 0 0 0 0 0 0 0.4 0 0 2.4000000000000004 0 0 0 0 0 0 0 0 0 0 0 0 0 0 0 0 2 3.4000000000000004 0 0 0 0 0 0 0 0 0 0 0 0.2 0 0 0 0 0 0 0 0 0 0 0 0 0 0 0 0 0 0 0 0 0 0 0 0 0 0.2 0 0.4 0.4 0.4 4.4 0 0 0 0 0 0 0 0.2 0 0 0 0 0 0 0 0 0 0 0 0 0 0 0 0 0 0 0 0 2.6 0 0 0 0 0 0 0 0 0 
 8.200000000000001 56 57.400000000000006 47.6 11.8 7.4 22.6 0 21 23.6 42.800000000000004 6.4 92.80000000000001 33 7 33.2 37.2 28 35.4 9.8 0 0.8 0.8 0 0 0 0.2 0 0 0.4 0 0 0 0.4 0 0 15.600000000000001 0.2 0.6000000000000001 0 0 0 0.4 0 0 0 0 0 0.4 0.4 0 0.6000000000000001 0 0 0 0 0 0.8 0 0 0.6000000000000001 0 10.4 0 0 2.2 0 0.6000000000000001 0 0.4 0 0.6000000000000001 0 0 0.6000000000000001 0 0 0 0.2 0.4 4.6000000000000005 0 2 0.4 2.6 0 3.8000000000000003 0.4 0 2.2 3.6 0.2 0.2 5.2 6.4 10.200000000000001 2.4000000000000004 4.6000000000000005 0 1.8 4 0 0 0 0 0 0 0 0 0 0 0 0 0 0 0 0 0 0 2.2 0 0.2 0 0 0 0 0 0 0 0 0 0 0 0 0.4 0 0 0 0 0 0 0 0 0 0 0.6000000000000001 0 0 0 0 0 0 0 0.8 0 0 0 0 0 0 0 2.2 6.800000000000001 0 0 0 0 0 5 3 6.800000000000001 0 3 4.6000000000000005 3.6 5.6000000000000005 0 9.8 2.2 5.6000000000000005 0 0 0 0 0 0 0 0 0 0 2 0 0 0.4 0 0 0 0 2 3 0 0 0 0 0 0 0 0 0 0 0 0 0 0 0 0 0 0 0 0 0 0 0 0 0 0 0 0 0 0 0 0 0 0 0 0 0 0 0 0 0 2.2 0 0 0 0 0 0 0.2 0 0 0.8 0 0 0 0 0 0 0 0 0 0 0 0 0 0 0 0 0 0 0 0 0 0 0 0 0 0 0 0 0 0 0 0 0 0 0 0 0 0 
 7.6000000000000005 7.800000000000001 11 38.2 14.8 11.600000000000001 47.800000000000004 21 0 17.400000000000002 32.800000000000004 22.6 57.6 47.2 17.8 13 34.2 51.400000000000006 59.800000000000004 12 1 1 0.6000000000000001 0.2 0 0 0.8 0 0 0.8 0 0.6000000000000001 14.600000000000001 0 0 0 0.6000000000000001 1 0.6000000000000001 0 0 0 0.4 0 0 0 5.2 0 0.4 1 8.6 0.4 0 0 0.2 0.6000000000000001 12 0.6000000000000001 0.6000000000000001 0 0.6000000000000001 0.4 0 0.8 0 1.2000000000000002 0 1 0 0.6000000000000001 0.6000000000000001 0.4 0 0.4 0.4 0 0 0.4 0 0.6000000000000001 0 0.2 1.2000000000000002 3.6 5 2 2.6 3.4000000000000004 0 2.2 9.200000000000001 3 0 5.2 0.6000000000000001 1.8 1.2000000000000002 7.800000000000001 0 0.2 2.6 0 0.2 0 0 0 4.4 0 0 0 0 0 0 0 0 0.4 2.4000000000000004 0 3.8000000000000003 1.6 0 0 0 0 0 0 0 0 0 0 0 0 0 0 0 1.2000000000000002 0 0 0 0 0 0 0 0 0 0 0 0.2 0 0 0 0 0 0 1.2000000000000002 0.8 0 4.800000000000001 4.4 4.800000000000001 2 2.6 4.4 5.6000000000000005 0 0 1.4000000000000001 0.4 5.800000000000001 2 7 0 2 0 0.2 3 0.8 3.8000000000000003 0 2.8000000000000003 0 0 0 0 0 0 5.2 0 0 0 0 0 3.6 0 0 0 0 0 4.4 3.4000000000000004 0 0 0 0 0 0 0 0 0 0 0 0 0 0 0.4 0 0 0 0 0 0 0.2 0 0 0 0 0.2 0 0 0 0 0 0 0 0 3.8000000000000003 0 0 0 0 0 2 0 0 0 0 0.2 0.4 0 0.2 0 1.4000000000000001 0 0 0 0 0 0 0 0 0 0 0 0 0 0 0 0 0 0 0 0 0 0 0 0 1.4000000000000001 0 0 0 0 0 0 0 0 0 0 0 0 0 
 15.600000000000001 8.8 50.2 97 41.2 27 7.6000000000000005 23.6 17.400000000000002 0 54.400000000000006 22 11.200000000000001 20.400000000000002 104 44.2 58.6 39.400000000000006 14.600000000000001 21.8 0 12 0.6000000000000001 41.800000000000004 0.6000000000000001 0.4 0 0 0 15.4 0.6000000000000001 0 5.2 0 0.2 0 1 0 19.8 5.6000000000000005 0 0 0.4 0 0.6000000000000001 0.4 0 0 0.4 0.4 0.6000000000000001 1 0 0 0 0 0.6000000000000001 1.2000000000000002 0 0 1 0 0 8.6 0 0.4 0 0.4 0 0.6000000000000001 0 0.8 0 0 0.4 0 0 0.4 0 0.6000000000000001 0 9.4 0.2 5.800000000000001 10.8 0 2.4000000000000004 2.4000000000000004 9.4 6.800000000000001 0.8 5.2 4 0.2 5.2 0 2.6 0 0 2 1 0 0 0 0 0 11.200000000000001 0.2 2.6 4.4 0 0 6.2 0 0 0 0 0 2.6 2 0 0 0 0 0 0 0 0 0 0 0 0 0 0 0 0 2 0 0 0 0 0 1.2000000000000002 0 0 0 0 0 0 0 0 0 0 0 0 0 0 0 0 0 0 7.4 7 2.8000000000000003 3.2 0 0 3.2 0 2.4000000000000004 0 1.8 2.8000000000000003 0.4 0 2.2 6.800000000000001 0 3 0 0.2 0 0 0 0 0 0.8 4.2 0 0 0 0 0.2 0 0 0 0 0 1.8 5.2 0 0 0 0 0 0 0 0 0 0 0 0 0 0 0 0 0 0 0 0 0 0 0 0 0 0 0 0 0 0 0 0 0 0 0 0 0 0 0 0 0 0 0 0 0 0.6000000000000001 0.4 0 0.4 9.4 0.6000000000000001 3 0 0 0 0 0 0 0 0 14.600000000000001 0 0 0 0 0 0 0 0 0 0 0 2.2 0 0 1.8 0 0.6000000000000001 0 0 0 0 0 0 0 0 0 0 0 0 
 8.4 12.600000000000001 26.8 9.200000000000001 12.600000000000001 30 21.6 42.800000000000004 32.800000000000004 54.400000000000006 0 12.600000000000001 26.200000000000003 25 47.800000000000004 80.60000000000001 23 34.800000000000004 9.200000000000001 59 0 0.8 0.6000000000000001 0 0.4 0 0 0 0 0.4 0 0.4 15.8 0 0 0 0.6000000000000001 0 15.200000000000001 15 0 12.8 0.4 0 0 0 0 0 0.4 0.4 0 0.4 0 0 0 0 0.6000000000000001 0.4 0 0 1.2000000000000002 0 6.800000000000001 0.6000000000000001 0 0 0 0.6000000000000001 0 0.4 0 1.4000000000000001 0 0 0.6000000000000001 0 0 0.4 0.2 0.2 3.4000000000000004 0 6 2.8000000000000003 7.800000000000001 5.6000000000000005 0.4 3.4000000000000004 0.4 3.6 2.6 7.6000000000000005 4.2 0 2.4000000000000004 2.6 0.2 5.2 0 0.4 2.6 0 0 0 0 0 7 0 0 3.6 0 0 2.8000000000000003 0 0.6000000000000001 0 1.4000000000000001 0 3.2 4 0 1.4000000000000001 0 0 0 0 0 0 0 0 0 0 0 0 0 0 0 0 0 0 0 0 0 0 0 0 0 0 0.2 2.8000000000000003 0 0 0 0 3.6 1 0 1 1.2000000000000002 0 0 0.2 4.800000000000001 2.4000000000000004 4.2 0 0 0.2 1 0 3.2 2 2.6 0.2 0 3.8000000000000003 0 0 0 0 0 0 0 0 0 0 2 0 0 0 0 0 3.2 0 0 0 0 0 3.6 5.800000000000001 0.2 0 0 0 0 0 0 0 0 0 0 0 0 0 0 0 0 0 0 0 0 0 0 0.2 3.2 0 0 0 0 0 0 0 0 0 0 0 0.4 0 0 0 0 0.4 0 0 0.4 0 0.8 0.2 0 0.4 2.2 0.4 0 0 0 0 0 0 0 0 0 0 0 0 0 0 0 0 0 0 0 0 0 0 0 0 2.4000000000000004 0 0 0 0 0 0 0 0 0 0 0 0 0 
 5.2 17.8 23.6 17.8 29.400000000000002 47.400000000000006 5.2 6.4 22.6 22 12.600000000000001 0 5.6000000000000005 9.4 23.400000000000002 21.6 45.6 29.200000000000003 15.8 5.6000000000000005 0 0.4 0.6000000000000001 0.4 0 15.200000000000001 0.6000000000000001 0 0 0.2 0 0 22.400000000000002 0.2 0 0 0.6000000000000001 0 12 7.6000000000000005 0 0 0.4 0 0 1.2000000000000002 0 0 0.4 0.4 0 0.4 0 0 0 0 0.6000000000000001 0.6000000000000001 0.6000000000000001 0 0.2 0 0 0 0 0 0 0.4 0 0.6000000000000001 0 0.4 0 0 0.4 0 0 0 0 0.6000000000000001 0 11 1.6 2.2 0.2 0.6000000000000001 0 0 3.6 0.4 0 7.4 0 0 0 0 0.4 1 0 0 0 0 0.2 0 0 0.4 0 0.2 0 1.6 0 0.2 0.2 0 0 0 0 0.4 0 0 0 0 0 0 0 0 0 0 0 0 0 0 0 0 0 0.2 0 0 0 0 0 0 1.2000000000000002 0 0.6000000000000001 1.6 0 0 0 0 1.4000000000000001 0 0 0 0 0 0 0 0 0 0 2.8000000000000003 6.2 0 0 0 0 0 0.2 0 3.4000000000000004 0 0 0 0 0 0 5.4 0 0 0.2 3.2 0 0 3.8000000000000003 0 6.2 3.2 0 0 0.4 0.2 0.2 0.2 0.4 0 0 0 10 3.4000000000000004 0 0 0 0 0 0 0.2 0 0 0 0 0 0 0 0 0 0 0 0 0.2 0 0 0 0 0 1.6 0 0 0 0 0.6000000000000001 0 0 0 0 0 0 0 0 0 1.6 0 0 0 0 0.4 0 0 1.4000000000000001 1.2000000000000002 0.2 1.4000000000000001 0 0 0 0 0 0 0 0 0 0 0 0 0 0 0 0 0 0 0 0 0 0 0 1.8 0 0.6000000000000001 0 0 0 0 0 0 0 0 0.4 0 0 0 
 32 33.2 14 26 72.8 5.2 20.200000000000003 92.80000000000001 57.6 11.200000000000001 26.200000000000003 5.6000000000000005 0 34.4 3.6 27.6 13.8 65.2 61.400000000000006 32.2 0 0.4 0.6000000000000001 0.4 0 0 0 0 0.4 0.2 0 0 16 0 0 0.4 0.6000000000000001 0 0.6000000000000001 0 0 0.4 1 0 1 0 0.6000000000000001 0 0.4 0.8 0 1 1.2000000000000002 0 0.4 0 0 0.6000000000000001 0 0 0.4 0 0 0 0 1.6 0.2 1 0 0.6000000000000001 0 0.6000000000000001 0 0 0.4 0.4 0.2 8.4 0.4 0.6000000000000001 7 3.4000000000000004 2.6 6.4 0 0 8 2.4000000000000004 2 3.4000000000000004 5 5.4 0 0.6000000000000001 4.800000000000001 24 0 2 7.800000000000001 6 0 0 0 0 0 0 0 0 0 0 0 0 0 0 0 0 0 0 0 1.8 0 0 0 0 0 0 1.8 0 0 0 0 0 0 0 0 0 0 0 0 0 0 0 0.2 4 0 0 0 0 0.4 0 0 0 0 0 0 0 0 0 0.4 0 2.6 2.8000000000000003 3.8000000000000003 1 0 4.6000000000000005 0.2 3.2 9.200000000000001 4 0 15 2.2 9.600000000000001 5.4 0 0 12 0.8 0.2 0 0 0 0 0 0 0 0 0 0 2.6 0 0 0 0 0 0 0 0 0 0.4 0 0 0 0 0 0.4 0 0 0 0 0 0 0 0 0 0 0 0 0 0 0 0 0.4 0 0 0 0 0 0 0 0 0 0 0 0 0.2 0 0 0 0 0 0 0 0.2 0.4 18.400000000000002 0 0.4 0 0 0.4 0 0 0 0 0 0 0.2 0 0 0.2 2 0 0 0 0 0 0 0 0 0 0 0 0 0 0 0 0 0 0 0 0 0 0 0 0 0 0 0 
 41.800000000000004 13.200000000000001 12.200000000000001 16.400000000000002 62.800000000000004 9.4 67.60000000000001 33 47.2 20.400000000000002 25 9.4 34.4 0 51.6 14 9.4 58.800000000000004 29.400000000000002 19.200000000000003 15.8 1 1.6 0.2 0.6000000000000001 0.6000000000000001 0.4 0.8 1.2000000000000002 0.8 0.8 0.6000000000000001 10.8 0.6000000000000001 0.6000000000000001 0.6000000000000001 1.4000000000000001 1 1.4000000000000001 0.8 0.6000000000000001 0.4 0.4 0.4 0 1 0 0 0.4 0.6000000000000001 0 1 1.6 0 0 0 0 0.4 0 0.4 9 0 0 0 0 0.8 8.200000000000001 1.6 1 0.4 1 0.6000000000000001 0 0 1.2000000000000002 0 0 0.4 0.6000000000000001 0.8 0.4 1.8 0.2 0 0 0 3.8000000000000003 2.2 0 5.4 0 0 0.2 4 4.2 1 1.8 2.6 3.8000000000000003 4 0.2 0 0 0 0 0 0 0 0 0.4 0.4 0 0 0 0 0 0 0 0 6.4 0 0 0 0 0 0 0 0 0 0 0 0 0.4 0 0 0 0 0 0 0 0 0 0 1.8 0 0 0 0 0 0 0 0 0 0 0 0 0 0 0 0 6.6000000000000005 0 2 2.8000000000000003 4.4 0 3.6 3.2 1.2000000000000002 7 0 0 4.4 2.8000000000000003 13.600000000000001 0 1.4000000000000001 3.8000000000000003 0 2.6 0 0 0 0 0.2 0 0 0.8 0 0 0 0 0 0 0 0 0 0 0 2.8000000000000003 0 0 0 0 0 0 0 0 0 0 0 0 0 0 0 0 0 0 0 0 0 0 0 0 0 0 0 0 0 0 0 0 0 0 0 0 0 0 0 0 0 0 0 0 0 0.6000000000000001 0 0 0 0.6000000000000001 0 0.8 0.4 0 0 0 0 0 0.4 0 0 0 0 0 0 0 0 0.2 0 0 0 0 0 0 0 0 0.8 0 0 0 0 0 0 0 0 0 0 0 0 0 
 6.4 33.4 80.80000000000001 57.2 15.600000000000001 10.600000000000001 23.200000000000003 7 17.8 104 47.800000000000004 23.400000000000002 3.6 51.6 0 71.2 48.800000000000004 64.4 12 21.8 0.2 0.4 0.6000000000000001 0.4 0 0 0 0 0 0.8 0 0 30.400000000000002 0 0 0 0.6000000000000001 0 26.8 15.4 0 0 0.4 0 0 0 0 0 0.4 0.4 0 5 0 0 0 0 0 0.6000000000000001 0 0 1 0 0 0 0 0 0 7.800000000000001 0 0.4 0 0.6000000000000001 0 0 0.6000000000000001 0 0 0 0.2 0.2 0 5.800000000000001 0 0 10.200000000000001 2.4000000000000004 0 4.2 3.2 2.8000000000000003 2 2.2 2 2.8000000000000003 0.2 0 2.8000000000000003 3.4000000000000004 0.2 0 0 0 0 0 0 0 2.6 0 0 3.2 0 0 3.8000000000000003 0 0 0 0.2 0 7.2 0.4 0 0 0 0 0 0 0 0 0 0 0 0 0 0 0 0 0 0 0 0 0 0 0 0 0 0 0 0 0 0 0 0 0 0 0 0 0 0.4 0 0 3.6 6.2 0 6.6000000000000005 0 0 3.2 0.8 0 1.8 0 0 0.2 0 3 2.8000000000000003 5 0 2.2 4.6000000000000005 0 0 0 0 0 0 0 5.2 0 0 0 0 4 0 0 0 0 0.2 8.6 2.2 0.4 0.4 0 0 0 0.2 0.4 0.2 0 0 0 0 0.4 0 0 0 0 0 0 0 0 0 0 0 0 0 0 0 0 0 0 0.2 0 0.4 0 0 0 0 1.2000000000000002 0 0 0 0 0 0 0.6000000000000001 0.2 0 0.4 17.2 0 3.2 0 0 0 0 0 0 0 0 0 0 0 0 0 0 0 0 0 0 0 0 0 0 0 0 2 0 0 0 0 0 0 0 0 0 0 0 0 0 
 40.800000000000004 26 30.8 9.600000000000001 20.200000000000003 16.2 25.400000000000002 33.2 13 44.2 80.60000000000001 21.6 27.6 14 71.2 0 14 44.400000000000006 33.800000000000004 30.8 0 0.4 0.6000000000000001 0.4 0.2 0.6000000000000001 0 0.2 0 0.4 0 0 0 0 0.6000000000000001 0.6000000000000001 0.6000000000000001 0 4 0.4 0.2 0 1 0 0 0 0 0 0.6000000000000001 0.4 0 5.800000000000001 0.4 0 0 0 0 0.6000000000000001 0 0 1.2000000000000002 11 0.2 0.8 0 0 0 0 0 0.6000000000000001 0.2 0.4 0.4 0 0.4 0 0 0 0 0.6000000000000001 2.8000000000000003 0 2 3 5.2 0 4.800000000000001 2.8000000000000003 12 4.2 4.6000000000000005 0.4 4 0 5.800000000000001 2 0 8 5.2 5 0 0 0 0 0 0 4.4 0 0.2 4.2 0 0 5.4 0 0 0 0 0 7 0 0 0 0 0 0 0 0.8 0 0 0 0 0 3.2 0 0 0 0 0 0 0 0 0 0 0.8 0 0 0 0 0.2 0 0 0 0 0 0 0 0 0 0.2 0 4.4 8 0 2.6 0.8 0 1.2000000000000002 1.4000000000000001 2.4000000000000004 2.6 0 7 4.2 0.2 4.6000000000000005 4 4.6000000000000005 1.8 2.2 2 0 0 0 3 0 0 0 0 0.2 0 0 0 0 0 0 0 0 0 0 0 0.2 0.2 0 0 0 0 0 0 0 0 0 0 0 1.8 0 0 0 0 0 0 0 0 0 0.2 0 0 0 0 0 0 0 0 0 0 0 0 0.4 0 0 0 0 0 0 0 0.4 0.6000000000000001 0.2 0.2 0.4 0 5 2.2 0 0 0 0 0 0 0 0 0 0 0 0 0 0 0 0 0 0 0 2 0 0 0 0 3 0 0 0 0 0 0 0 0 0 0 0 0 0 
 43.400000000000006 42.400000000000006 41 17.6 11.4 13.8 22.8 37.2 34.2 58.6 23 45.6 13.8 9.4 48.800000000000004 14 0 11.8 4.4 44.2 0.4 0.8 0.6000000000000001 0.2 0.4 0.6000000000000001 0 0.6000000000000001 0 0.6000000000000001 0 0 14.600000000000001 0.2 0 0 1 0 15.4 14.8 0 1.2000000000000002 0.4 0 0 0.8 1 0.4 0.4 0.4 0.4 0.6000000000000001 0.8 0 0 0.4 0 0.6000000000000001 0 0.4 0 0.4 0 0.6000000000000001 0 1.4000000000000001 0 0.2 0 0.6000000000000001 0 0.8 0 0 0.4 0 0 7.4 0 0.6000000000000001 2.2 5.6000000000000005 0.6000000000000001 11.200000000000001 2 0 8.6 0.8 12.4 2.4000000000000004 7 13.600000000000001 0 1.8 5.4 9 2.8000000000000003 0.2 3.6 2.4000000000000004 2.8000000000000003 0 0 0 0 0 1.8 0 0 0 0 0 0 0 2.2 0 0.2 0 0 0 0 0 0 0.4 0 0 0.6000000000000001 2.4000000000000004 0 0 0 0 0 0 0 0 0.2 0 0 0 0.2 0 0.4 0 0 0 0 0 0 0 0 0 0 0 0 0 0 0 0 0 2.2 6.2 9.4 4.2 4 4.2 0 7.800000000000001 5.800000000000001 7.4 0 3.6 0.2 4 0 0.2 3.8000000000000003 6.2 0 0 0 0 0 0 0 0 4 3.8000000000000003 0 0 0 0 0 0 0 0 0 0 2 0 0 4.2 0 0 0 0 0 0 0 0 0 0 0 0 0 0.2 0 0 0.2 0 0 0 0 0 0 0 0 0.4 0 0 0.4 0 0 0 0 0 0 0 0 0 0 0.2 0 0 0 0.2 18.2 0.2 0.2 17.2 0.2 0.8 0 0 0.4 0 0 0 0 0 0 0 2.2 8.200000000000001 0 0 0 0 0 0 0 0 0 0 0 2.4000000000000004 0.2 3.2 0 0 0 0 0 0 0 0 0 0 0 0 
 25.400000000000002 5.800000000000001 9.200000000000001 22.400000000000002 24.6 10.4 25 28 51.400000000000006 39.400000000000006 34.800000000000004 29.200000000000003 65.2 58.800000000000004 64.4 44.400000000000006 11.8 0 32.6 7.2 0.8 2 0.8 0 0.6000000000000001 0.2 0.4 0.4 0 0.2 0.4 0 0 1.2000000000000002 0.8 0.2 1.8 0 0.6000000000000001 14.600000000000001 0 0 1 0.4 0 0 0 0 0.4 1.4000000000000001 0.6000000000000001 0.4 0 0 0.8 0.4 6.4 0.6000000000000001 0 0 0.4 0 0.4 0 0.2 0.4 0 0.6000000000000001 0.4 0.6000000000000001 0 0.4 0 0 1 0 0 0.6000000000000001 1.2000000000000002 0.6000000000000001 1 2.2 1.2000000000000002 3.2 2 5.6000000000000005 2 5.6000000000000005 0 8 4.800000000000001 3.2 0 0 1.2000000000000002 2.8000000000000003 0.2 2.2 0.2 2.6 8 0 0 0.2 0 0 0 0 2.8000000000000003 3 0.2 0 0 0 5.6000000000000005 0 0 0 0 7.6000000000000005 0 0 0 0.4 0 0 0 0 0 0 0 0 0 0 1.8 0 0 0 0 0 0 0 0.4 1.2000000000000002 0 0 1 0 0 0 0 0 0 0 0 0 0 0.2 0 0 2.8000000000000003 0.2 0.6000000000000001 0 3 0 0 0 0 0 7.4 3 0 0 0 4.2 0 1.2000000000000002 0 0 0 0 0 0 0 0 1.8 0 0 0 0 0 2.2 0 0 0 0 0 5.2 5.800000000000001 0 0 0 0 0 0 0 0 0 0 0 0 0 0 0 0 0 0 0 0 0 0 0 0 0 0 0 4.4 0 0 0 0 0 0 0 0 0 0 0 0 0 3.8000000000000003 0 0 0 0.6000000000000001 0 0 0 17 0 0.8 5 0 0 0 0 0 0 0 0 0 0 0 0 0 0 0 0 0 0 0 0 2.2 0.2 2.8000000000000003 0 0 0 0 0 0 0 0 0 0 0 0 0 0 
 25 8.200000000000001 6 14.8 55.2 112.2 46.6 35.4 59.800000000000004 14.600000000000001 9.200000000000001 15.8 61.400000000000006 29.400000000000002 12 33.800000000000004 4.4 32.6 0 38.400000000000006 0 0.4 0.6000000000000001 0.4 0 0 0.2 0 0 0 0 0 0 0 0.2 0 0.6000000000000001 0 0.8 0 0 0 0.8 0 0 0 0 0 0.4 0.4 11.600000000000001 0.6000000000000001 0 0 0 12.4 0 0.6000000000000001 0 0 0.6000000000000001 0 0 0 0 0 0 0.6000000000000001 0 0.6000000000000001 0 0.6000000000000001 0 0 0.6000000000000001 0 0 0.4 0 0.4 2.8000000000000003 12 4 2.8000000000000003 0 0 0 7.800000000000001 0 0.2 0 6.6000000000000005 0 3.2 0 2.6 0 5.800000000000001 3 7.6000000000000005 0 0 3 0 0 0 0 0 0 0.4 0.4 0 0 0 0 0 0 0 0 0 0 0 0 0 0 0 0 0 0 0 0 0 0 0 0 0 0 0 0 0 0 0.6000000000000001 0 0 0.8 0 0 0 0 0 0 0 0 0 0 0 0 0 0 0 2 0 2 0 0 0 2.4000000000000004 0 1.4000000000000001 0 4.2 0 3.4000000000000004 0.6000000000000001 3.6 0 0 1.8 2.8000000000000003 0.2 0.2 0.2 0 0.2 0 0 2.4000000000000004 0 0 0 0 0 0 0 0 0 0 0 2.4000000000000004 0 0 0 0 0 0 0 0 0 0 0 0 0 0 0 0 0 0 0 0 0 0 0 0 0 0 0 0 0 0 0 0 0 0 0 0 0 0 0 0 0 0 0 0 0 0 0 0 0 0 0.4 0 1.4000000000000001 0 0 0 0 0 0.4 0 0 0 0 0 0 0 0 0.4 0 0 0 0 0 0 0 0 0 0 0 0 0 0 0 0 0 0 0 0 0 0 0 
 18.2 19.400000000000002 17.400000000000002 50.400000000000006 34.2 10 51.2 9.8 12 21.8 59 5.6000000000000005 32.2 19.200000000000003 21.8 30.8 44.2 7.2 38.400000000000006 0 0 1.6 1.4000000000000001 1.6 0 0.6000000000000001 0.6000000000000001 0 0.4 1.6 0.2 0.8 0 0 0 0 0.6000000000000001 0.4 0.6000000000000001 0.4 0 0 0.4 0 0.4 1.2000000000000002 0.8 0 0.4 0.4 0 1.2000000000000002 0 0 0 0 0 1 0 0 0.8 0.2 0.4 0 0 1 0 0 0.8 1 0 0.4 0 0 0.6000000000000001 0 0.2 7.6000000000000005 0 0.6000000000000001 0.2 3.2 0 8.8 0 0.2 8.4 2.2 10 0 4.2 1 9.4 4.4 5.6000000000000005 4.4 0.6000000000000001 0.2 10 4.4 0.2 0 0 0 0 0 0 0 0 0 0 0 0 0 0 0 0.2 0 1.8 0 0 0 0 0 0 0 0 0.2 0 0 2.2 0 0 0 3.2 0 2 0 0 0 0.2 1.2000000000000002 0 0 1.2000000000000002 0.2 0 0 0 0 0 0 0 1 0 0 0 0 0 0 0 9.600000000000001 3.6 0.8 0 3.4000000000000004 0 6.2 5.800000000000001 1.2000000000000002 0 6.2 3 2.8000000000000003 0 6.4 7.2 6 0 3 0 0.4 0 0 0 0.4 0 0 0 0 0 0 0 0 0 0 0 0 0 0 0 2.2 0 0 0 0 0 0 0 0 0 0 4.2 0 0 0.4 0 0 0 0 0 0 0 0 0 0 0 0.2 0 0 0.2 0 0 0 0 2 0 0 0 0.2 0 0 0 0 0 0 19 0.6000000000000001 0.6000000000000001 0 0.2 1.8 0 0 0 0 0 0 0 0 0 0 2 0 0 0 0 0 0 0 0 0 0 0 0 0 0 0 0 0 0 0 0 0 0 0 0 0 0 0.2 
 0 0.6000000000000001 0 0 7 14.600000000000001 0 0 1 0 0 0 0 15.8 0.2 0 0.4 0.8 0 0 0 38.6 18 10.200000000000001 16.400000000000002 23.200000000000003 23.6 49.800000000000004 28 19.8 37 16.8 24 20.8 28.400000000000002 49.6 53.400000000000006 13.8 60.6 65.4 0 0 0 0 0 0.2 0 0.6000000000000001 0 0 0.6000000000000001 12.600000000000001 0 0 0 0.6000000000000001 0 0 9.600000000000001 0.4 0 0 10.200000000000001 0 0.4 0 0 0.4 0 0 0.6000000000000001 1 0 0 0 0 0 0.6000000000000001 0 0.4 0 0.6000000000000001 0 0 3.6 0.2 0 0 0 0 0.2 0 0 0 0 0 0 0 0 0 7 6.800000000000001 2.6 0 5.2 8 3.8000000000000003 3 5.2 4.6000000000000005 9.200000000000001 3 0 3 2.2 0.4 6.4 0.8 2.2 2.2 0 0 0 0 0 0 0 0 0 0 0 0 0 0 0 0 0 0 4.2 0 0 0 0 0 0.2 0.4 0 1.4000000000000001 0 0 0 0 0 0 0.6000000000000001 0.4 0 0.6000000000000001 0.4 0.4 0 0 0 0 3.2 2.8000000000000003 0 0 0 0 0.8 3.8000000000000003 0 1.6 1.6 0 0 0 0 0 2.8000000000000003 6.2 5 3.8000000000000003 2.2 0 2.4000000000000004 2.4000000000000004 7.6000000000000005 4.2 1.6 2.8000000000000003 2.6 3.6 11.200000000000001 5.4 18.2 3.8000000000000003 0 11.8 0 0.2 0 0 0 0 0 0 0 0 0 0 1.8 0 0 0 0 0 0 4 0 0 0 0 0 0 0 0 0 0 0 0.2 0 0 0 0 0 0 0 0 0 0 0 0 0 0 4.6000000000000005 0 15.600000000000001 0 0 0 0 0 6.2 0 0.4 0.2 0 0 1 0.4 0 0 0 0 3.8000000000000003 0 0 0 0 0 0 0 0 0 0 0 0 0 0 0 0 0 0 0 1.6 0 0 0 
 0.4 0.4 0.4 0.8 4.6000000000000005 25.6 0.8 0.8 1 12 0.8 0.4 0.4 1 0.4 0.4 0.8 2 0.4 1.6 38.6 0 58.6 42.400000000000006 5.4 27.8 118.4 31.6 54 46.400000000000006 35.4 37 39.6 36.4 13.600000000000001 63.400000000000006 40.2 15.8 10.4 56.400000000000006 0 0.4 0 1.2000000000000002 0 0.2 1.2000000000000002 0.6000000000000001 0.6000000000000001 0.6000000000000001 0.6000000000000001 0.6000000000000001 0.8 0 0 0.6000000000000001 0 0.6000000000000001 0.6000000000000001 1 0 0.6000000000000001 0 0 0.4 0.2 0 0.4 0 0 0.6000000000000001 0 0 0 0 8.6 0.4 0.6000000000000001 1 0 0 0 0 0 0 1.2000000000000002 0 0 0 0.2 0 0 0 0 0 0 0 0 0 0 1.4000000000000001 0.4 3.2 8.4 6.6000000000000005 0 0 3.6 0.2 4.800000000000001 4.6000000000000005 1.8 0.4 0 0 4.2 0 10.200000000000001 1.8 1.4000000000000001 0 0 0 0 0 0 0 0 0 0 0 0 0.2 0 3.6 0 0 0 0.2 0 0.2 0 0 0 0 0 0 0 2.2 0 0 0 0 0 0 0 0 0 0 0 0 0 0 0 2 2.6 0 0 0 0 1.8 0.4 0 5 0 1.4000000000000001 0 0 0 0 6.6000000000000005 4 2.2 0.4 1 2.8000000000000003 0 7 6.800000000000001 4.800000000000001 2.2 0 0.2 3.6 2.4000000000000004 0.4 11 6.2 0 2.2 0 0 0 0 0 0 0 0 0 0 0 0 0 0 2.8000000000000003 0 0.2 0 1.2000000000000002 4 0 0 0 0 0 0 0 0 0 0 0 0 0 0.4 0 0 0 0 0 0 0 0 6.800000000000001 0 0 0.4 0 0 15.600000000000001 0 0 0 0 0 0.4 1 0 11.4 0.4 0 8.8 0 0 0 0 0 0 0 0 0 0 0 0 0 0 0 0 0 0 0 0 0 0 0 0 0 0 0 0 0 
 0.6000000000000001 0.6000000000000001 0.6000000000000001 1.4000000000000001 0.6000000000000001 35.6 1 0.8 0.6000000000000001 0.6000000000000001 0.6000000000000001 0.6000000000000001 0.6000000000000001 1.6 0.6000000000000001 0.6000000000000001 0.6000000000000001 0.8 0.6000000000000001 1.4000000000000001 18 58.6 0 109.2 25 35.800000000000004 16.400000000000002 46.6 62.2 69.4 26.8 21.6 26.8 29 7 31 45.6 44 8.6 23.8 0 0 0 0 0 0 0 0.4 0 0 0.6000000000000001 0.4 4.800000000000001 0 0.2 0.6000000000000001 0 0 12.4 0.4 0 0 0 0 0.4 10.200000000000001 0 0.4 0 0 0.6000000000000001 0 0 11.8 0 0 0 0.2 0 0 0 0 0 0 0 0 0 0 0 0.2 0 0 0 0 0 0 0 0 0 0 2 5.800000000000001 3 9.200000000000001 0 0 0 4.6000000000000005 2.4000000000000004 1.4000000000000001 0 4 3.2 6 0 1.4000000000000001 1.2000000000000002 4.800000000000001 0 0 0.4 0 0 0 0 0 1.6 0 0 0 0 0 0 0 2.4000000000000004 0 3.6 0 0.2 0.2 0.2 0 0 0 0 0 0 0.2 0 0 0 0 0 0 0 0 0 0 0 0 0 3 1.8 0 0 0 0 0 0 0 0.6000000000000001 4 0 0.4 0 0 0 0 0 0 2.4000000000000004 0 3 2 7 5 0 2.4000000000000004 4.6000000000000005 3 2.8000000000000003 0 0.2 0 0 4.2 4.2 5.2 0 0 0 1.6 0 0 0 0 3.8000000000000003 0 0 0 0 0 0 2.6 2.4000000000000004 0 0 0 4.2 4.2 0 0 0 0 0 0 0 4.2 0 0 0 0 0 0.4 0 0 0 0 0 2.2 0 0 2.6 0 0 0.4 0 0 0 0 0 0 0 0 1.6 0.2 0.4 22.8 17.400000000000002 0.2 2.6 0 0 0 0 0 0 0 0 0 0 0 0 0 0 0 0 0 0 0 0 0 0 0 0 0 0 0 0 0 
 0.6000000000000001 0.4 1.4000000000000001 0 0 0.2 0.4 0 0.2 41.800000000000004 0 0.4 0.4 0.2 0.4 0.4 0.2 0 0.4 1.6 10.200000000000001 42.400000000000006 109.2 0 41.400000000000006 17.2 15.200000000000001 54.6 74.60000000000001 116.60000000000001 23.6 35 11.4 16.6 27.400000000000002 22.200000000000003 96.60000000000001 7.2 14.200000000000001 12 0 0 0 5.2 0 0 0 13.600000000000001 0 0 1.2000000000000002 0 12.600000000000001 0 0 0.6000000000000001 0 0 0.4 0.4 0 0 0 0 0.4 0.2 0 0.4 0 0 0.6000000000000001 15.200000000000001 0.2 0 0.4 0 0 2.4000000000000004 0 0 0 0 0 0 0 0 0 0 0 0 0 0 0 0 0 0 0 0 0 0 0 0 2.8000000000000003 0.4 2.2 2.2 0 3.4000000000000004 0 0 3.6 7.6000000000000005 0 0 1.6 4 0 7.4 0 0 1.6 0 0 0 0 0 0 0.6000000000000001 0 0 0 0 1.4000000000000001 0 0 0 0 0 6 3.6 0 0 0 0 0 0 3.8000000000000003 0 0 0 0 0 0 0 0 0 0 0 0 0 0 0 0.4 0 0 0 0 0 0 0 0.8 0 0 1 0 0 0 0 0 0 6.800000000000001 1.8 3 7.2 1.8 3.4000000000000004 0 1 4.6000000000000005 8.200000000000001 6.2 2.6 0.2 0 2 1.8 0.2 2 0 0 0 2.4000000000000004 0 0 0 0 0 0 0 0 0 0 3.8000000000000003 0 2.2 0 0 0 1.8 0 0 0 0 1.8 0 0 0 0 0 0 0 0 0 0 0 0 0 0 0 0 0 0 0 0 0 0 0.4 0 0 0 0 0 0 0 0.4 0.2 0 33 0 0 1 0 0 0.4 0 0 7.6000000000000005 0 0 0 0 0 0 0 0 0 0 0 0 0 0 2.2 0 0 0 0 0.8 0 0 0.2 
 0.2 0.4 0 0 0 0 0 0 0 0.6000000000000001 0.4 0 0 0.6000000000000001 0 0.2 0.4 0.6000000000000001 0 0 16.400000000000002 5.4 25 41.400000000000006 0 52.800000000000004 8.8 18.400000000000002 45.2 64.60000000000001 25.200000000000003 15.200000000000001 55.800000000000004 26 30.400000000000002 38 82.2 10.8 10.600000000000001 55 0 0 0 0 0 0 12 0.4 0 0 0.6000000000000001 0 13.8 0 0 0.6000000000000001 0 0 0.2 0.6000000000000001 0 0 0 0 0.4 0 0 0.4 0 0 0.6000000000000001 5.2 0 0 0 0.2 0 0 0 0.8 0 0 0 0 0 0 0 0 0 0 0 0 0 0 0 0 0 0 0 0 0 0 2.6 2.2 2.2 6.4 0 2.6 0 0 3.2 9.8 0 4 0 1.8 2.2 5.4 0 0 4 2.2 2 0 3.8000000000000003 0 4.4 3 0 0 0 0.2 1.6 0 3.6 4.2 0 0 4.800000000000001 6 0 3.8000000000000003 0 0 1.8 0 0 0 0 0 0 0 1.2000000000000002 0 0 0 0 0 0 0 0 0 0.8 0 0 0 0 0 0 0 0 1.8 0 0 0 0 0 0 0 0 0 3.6 4.4 4.4 0 0 0 0 2.6 1.2000000000000002 2.6 2.8000000000000003 0 0 2.2 1.8 0 0 0 0 1.6 4.2 0 4.2 0 0 1.6 0 0 3.2 0.4 0 6.4 0.4 2 5 0 0 0.2 7.6000000000000005 0 0 0 0 0 0 0 0 0 0 0.2 0 0 0 0 0 0 0 0 0 0 0 0 0 0 0 0 0 0 0 0 0 0 0.2 7 0.4 0.2 2.2 15.600000000000001 0.6000000000000001 0 1.4000000000000001 0 0 0 0 5 0 0 0 0 0 0 0 0 0 0 0 0 0 0 1.6 0 0 0.2 0 8.6 0 0 0 
 0.4 0.6000000000000001 0 0.6000000000000001 0 0 0 0 0 0.4 0 15.200000000000001 0 0.6000000000000001 0 0.6000000000000001 0.6000000000000001 0.2 0 0.6000000000000001 23.200000000000003 27.8 35.800000000000004 17.2 52.800000000000004 0 7.800000000000001 8 8.6 68.8 32.2 10.8 6.6000000000000005 21.400000000000002 72.60000000000001 30.400000000000002 29.200000000000003 18.6 8.8 53.800000000000004 0 0 0 0.2 0 0 0.2 0.4 0 0.8 8.6 0 12.8 0 0 8.6 0 0.8 0.6000000000000001 0.4 0 0 0 0 0.4 0 0 0.4 0 0 0.6000000000000001 0.4 18 0 0 0 0 0.6000000000000001 10.4 1.2000000000000002 0 0 0 0 0 0 0 0 0 0 0 0 0 0 0 0 0 0 0 0 0 0 0.2 4 2.2 7.4 0 2.6 0 2 5.6000000000000005 2.2 0 0 0 3.6 1.2000000000000002 10.4 0 0 1.4000000000000001 0 0 0 0 0 0 6.6000000000000005 0 0 0 0 1.8 0 2.2 0 0 0 5.2 4 0 0 0 0 0 0 0 0 0 0 0 0 1.8 0 0 0 0 0 0 0 0 0 0.8 0 0 0 0 0 0 4.4 0 0.8 0 0 0 0 0 0 0 0 0 2 4.2 14.200000000000001 3.6 1.2000000000000002 0 0 3.8000000000000003 0 2 3.6 0 0 1.2000000000000002 4.800000000000001 3.6 2 0 0 0 4.2 0 0 0 0 0 0 0 0 0 0 5.2 0 5.6000000000000005 0 0 0 4.4 6.2 0 0 0 0 0 0 0 0 0 0 0 0 0 0 0 0 0 0 0 4.4 0 0 2.2 0 0 0 0 0 0 0 0 0 0 0 0 0.6000000000000001 0 15.200000000000001 16.400000000000002 0 3.6 0.8 0 0 0 0 3 0 0 0 0 0 0 0 0 0 0 0 0 0 0 2.8000000000000003 0 0 0 0 1.4000000000000001 0 0 0 
 4 0.4 0 0 14.600000000000001 30.8 0 0.2 0.8 0 0 0.6000000000000001 0 0.4 0 0 0 0.4 0.2 0.6000000000000001 23.6 118.4 16.400000000000002 15.200000000000001 8.8 7.800000000000001 0 102.4 31.6 9.600000000000001 7.2 6.4 55 37.4 8 10.200000000000001 50.800000000000004 94.2 11.600000000000001 25.400000000000002 0 0 0 0 0 1.4000000000000001 0 0.6000000000000001 0 0 41.2 0 0 0 0 0.6000000000000001 0 0 0.2 0.4 0 0 0 0 0.4 10.600000000000001 0 0.4 0 0 0.6000000000000001 0 0 0 0 0 0 0 0 0 0 0 0 0 0 3.6 0 0 0 0.2 0 0 0 0 0 0 0 0 0 0 3.8000000000000003 3.4000000000000004 2.4000000000000004 0 0 0 0 4.800000000000001 0.4 0.2 4.2 0.2 15.600000000000001 6.800000000000001 1.6 5 4 2.4000000000000004 6 1.4000000000000001 0 0 0 0 0 0 0.8 0 0 0 0 0 0 0 0 0.4 0 0 0 0 0 0 0 0 0 0 0 0 0.4 0 0 0 0 0 0 0 0 0 0 0 0 0 0 0 1.6 4.2 0 0 0 0.6000000000000001 0 0 0 2.6 0 0 0 0.2 0 0 5.2 1.6 1 0 0 9.8 2.6 6.800000000000001 0.2 1.6 0 0 4 4.2 6 5.6000000000000005 4.800000000000001 0 1.2000000000000002 2.2 0 0 0 0 0 0 0 0 0 0 0 0 0 0 0 0 0.2 0 0 0.2 0 0 0 0 0 0 0 0 1.2000000000000002 2.4000000000000004 0 0 0 0 0 0 0 0 0 0 0 0 0 0 0 0 0 0 15.200000000000001 0 0 0 0 0 1.2000000000000002 0 0.2 0.2 0 0 0 0 0 0 0 0 0 0 0 0 0 0.2 0 0 0 0 0 0 0 0 0 0 0 0 0 0 0 0 0 0 
 0 0.2 0.4 0.2 0 14.600000000000001 0 0 0 0 0 0 0 0.8 0 0.2 0.6000000000000001 0.4 0 0 49.800000000000004 31.6 46.6 54.6 18.400000000000002 8 102.4 0 50 40.400000000000006 32.4 43 36 35 48 26.200000000000003 22.6 24.8 13.8 36.4 0 0 0 0 0 0 0 0.4 0 0 0.6000000000000001 0 0 0 0.2 0.6000000000000001 40.6 0 0.6000000000000001 0.4 0 6.4 0 0 0.4 0.2 0.4 0.4 0 0 0.6000000000000001 3.2 0 0 0 0 0 0 0 0 0 0 2.4000000000000004 0 0 0 0 0 0 0.4 0 0 3.6 0 0 0 0 0 0 0 0 1.6 3.8000000000000003 3.6 0 1.4000000000000001 3.4000000000000004 2.4000000000000004 6.800000000000001 5 6.800000000000001 2.6 0 3 2.8000000000000003 3.8000000000000003 14.200000000000001 0.6000000000000001 0 0 0.2 0 0 0 0 0 1.6 0 0 0 0 0 0 0 0 0 0 0 1.4000000000000001 0 0 0 0 0 0 0 0 0 0 0 0 0 0.4 0 0 0 0 0 0 0 0 0.4 0.2 0 0 0 0 0 0 0 3.4000000000000004 0.2 2.8000000000000003 1.6 0 0 0 0 0 0 5.6000000000000005 0.4 5.800000000000001 6.2 2.8000000000000003 2 0 6.6000000000000005 2.6 16.6 2.4000000000000004 6.6000000000000005 0 3.6 6.4 2.8000000000000003 1.6 5 0 0 0 0 0 0 0 0 0 0 0 0 0 0 0 0 0 0 0 0 0 0 0.2 0 0 0 0 0 0 0 0 0.4 0 0 0 0 0 0.4 0 3 0 0 0 0 0 0 0 0 0 0 0 0 0 0 0 3.8000000000000003 0.4 0 0.2 9.8 0.2 0.2 2.6 0 0 0 0 0 0 0 0 0 0 0 0 0 0 0 0.4 0 0 0 0 0.2 0 0 0 0 0 0 0 0 
 0 0 0 15 0 0 0 0 0 0 0 0 0.4 1.2000000000000002 0 0 0 0 0 0.4 28 54 62.2 74.60000000000001 45.2 8.6 31.6 50 0 12.600000000000001 20.8 22.200000000000003 19.200000000000003 56.800000000000004 55.800000000000004 70.4 14.4 56.2 34.4 18.6 0.6000000000000001 0 0 0 0 0 0 0.4 0.6000000000000001 0.2 0.6000000000000001 0 0 0 0 0.6000000000000001 12.4 0 1.6 0.8 0.4 0 0 0.2 0.4 0.6000000000000001 0 0.6000000000000001 0 0 0.6000000000000001 1.6 0 0 0 0 0 0 0 0 0 0 0 0 0 0.2 0 0 0 0 0 0 0 0 0 0 0.4 0 0.2 0 0 7.2 13 3.2 2.4000000000000004 8 6.4 5.800000000000001 0.6000000000000001 0 2.4000000000000004 2.2 0 4.4 4 4.2 4.4 1.6 3.4000000000000004 0 0 0 0 0 0 0 0 2.6 0 0 0.4 0 2.2 0 0 0 0 0 3.8000000000000003 0 0 0 0 0 0 0 0 1.6 0 0 0 0 1.6 0 0 0 0 0 0 0 0 0 0 0 0 0 0 0 0 3 0 0 0.6000000000000001 0 0 0 0 0 0 2 4.6000000000000005 0 10.200000000000001 9 2 0.2 0 0.2 0.4 8.200000000000001 1.8 6.2 0 0 4 4.4 0 1.2000000000000002 0 0 0 0 2.4000000000000004 0 0 0 0 0 0 0 0 0 0 0 0 0 0 0 0 0 0 0 0 0 0 0 0 0 0 2 0 0 0 0 0 0 0 0 0 0 0 0 0 0 0 0 0 0 0 0 0 0 0 0 0.6000000000000001 0 0 30.8 0 0.4 0.4 1.4000000000000001 0 0 0 0 4 0 0 0 0 0 0 0 0 0 0 0 0 0 0 6 0 0 0 0 1.8 0 0 0 
 0.4 1 0.2 0.2 0.4 0 0.2 0.4 0.8 15.4 0.4 0.2 0.2 0.8 0.8 0.4 0.6000000000000001 0.2 0 1.6 19.8 46.400000000000006 69.4 116.60000000000001 64.60000000000001 68.8 9.600000000000001 40.400000000000006 12.600000000000001 0 32.6 31 13 13.600000000000001 47.2 28.8 32.2 53.800000000000004 17.8 18.2 0 0 0 0 0 0 0 0.4 0 0 0.6000000000000001 0 19.8 0 0 0.6000000000000001 0 0 1 0.4 0 0 0.4 0 0.4 2.2 0 0.4 0 10 0.6000000000000001 0 0.4 0 0 0 0 0.6000000000000001 0 0.4 0 0 0 0 0 0 0 0 0 0 0 0 0 0 0.2 0 0 0 0 0 7 7 0 0.2 3.6 3.2 3.4000000000000004 0.4 3.2 0.4 5.800000000000001 0 0 0 0 3.2 2.6 6.2 2.4000000000000004 0 0 0 0 0 0 0 0 0 0 0 0 0 0 0.2 0.6000000000000001 0 0 0 3.2 0 0 0 0 0 0 0 0 0 0 0 0 0 0 0 0 0 0 0 0 0 0 0 0.2 0 0 0.8 2 0 0 0 1.4000000000000001 0.2 0 3.2 0 0 0 0 0 0 0.4 5 2.4000000000000004 7.6000000000000005 2.2 0 0 0 2.4000000000000004 1.8 1.4000000000000001 1.4000000000000001 2.6 0 7.4 2.2 5 3 0 6.6000000000000005 0 2 0 0 0 0 0 0 0 0 0 0 2 0 0 0 0 0 0 7.6000000000000005 0 0 0 0 0 0 0 0 0 0 0 0 0 0 2.6 0 0 0 0 0 0 0 0 0 0 0 0.2 0 0 0 0 0 0 0 1.2000000000000002 0 0 0 0.2 0.8 5.4 0 0 0 0 0 0.2 0 0 0.2 0 0 0 0 0 0 0 0 0 2 0 0 0 0 0 2.8000000000000003 0.2 0 0 0 
 0 0.2 0.2 0.4 0 0 0.4 0 0 0.6000000000000001 0 0 0 0.8 0 0 0 0.4 0 0.2 37 35.4 26.8 23.6 25.200000000000003 32.2 7.2 32.4 20.8 32.6 0 29.200000000000003 3.6 37.2 25.8 64 44 51.400000000000006 93 15 0 0 0 3 1 0.6000000000000001 0 0.6000000000000001 12.600000000000001 0 0.6000000000000001 0.4 0.4 0 0 0.6000000000000001 3.8000000000000003 0 12.4 0.4 0 0 1.6 0 0.4 10 0 0.4 0 0 0.6000000000000001 1.4000000000000001 0 0 0 0 0 0.4 0 1.2000000000000002 0 1.8 0 0 0 0 0 0 0 0.2 0 0 0 0 0 0 0 0 0 0 1.8 0.4 12 17.6 0 3.4000000000000004 0 15 0 4 10 8.200000000000001 0.4 0 0 6.800000000000001 9.8 8.6 0 0 0.4 2 2.2 0 0 0 3.2 0 0 0 0 0 0 0 0 0 0 0 3.4000000000000004 3 0 0 0 0 0 1.8 0 0 0 0 0 0 0 0 0 0 0 0 0 0 0 0 0.2 0 0 0 0 0 0 0 1.8 0.2 0 4.6000000000000005 0 0 0 0 0 0 0 1.8 7.6000000000000005 1.2000000000000002 2.4000000000000004 0 0 1.2000000000000002 6.800000000000001 1.6 12 0 0.2 3.6 4 12 0.2 5.800000000000001 0 0 0 0 0 0 0 0 2 0 0 0 0 0 21.6 2.8000000000000003 2.6 1 0 0 0.6000000000000001 5.800000000000001 0 0 0 1.2000000000000002 0 0 0 0 0 0 0 0 0 0.4 0 0 0 0 0 0 0 0 0.2 0 0 0.4 0 0 0 0 0 0 0 0 0 0.4 0 15.200000000000001 0.6000000000000001 0.2 6.800000000000001 0.2 0 0 0 0 4 0 0 0 0 0 0 0 0 0 0 0 0 0 0 0 0 0 0 0 1 0 0 0 
 0 0 0.2 0 4.800000000000001 0.4 1.2000000000000002 0 0.6000000000000001 0 0.4 0 0 0.6000000000000001 0 0 0 0 0 0.8 16.8 37 21.6 35 15.200000000000001 10.8 6.4 43 22.200000000000003 31 29.200000000000003 0 6.6000000000000005 5.2 35.2 23.8 81.60000000000001 87.4 7.2 18.8 0 0 0 0 0 0 12.600000000000001 0.4 0 0 0.6000000000000001 0 12.8 0 0 0.6000000000000001 0 0 2.6 0.4 0 0 0 0 0.4 0.2 0 0.4 0 0 0.6000000000000001 0 0.6000000000000001 0 0 0 0 0.6000000000000001 0 0 0 0 0 0 0 0 0 0 0 0 0 0 0 0 0.4 0 0 0 0 0 0 3.2 0 0 6.4 12.8 2.4000000000000004 0.2 1.8 0.2 7.6000000000000005 1.8 0 3.8000000000000003 0 0 0.2 3.8000000000000003 0 0 0 0 0 0 0 0 0 0 0 0 0 0 2.2 0 0.2 0 0.4 0 2.4000000000000004 0 0 0 0 0 0 0 0 0 0 0 0 0 0 0 0 0 0 0 0 0 0 0 0.4 0 0 0 0 0 0 0 0.8 0 0 1 0 0 0 0 0 0 2.8000000000000003 2 3 9.4 1.8 0 0 0 4.2 4.2 2.2 2.4000000000000004 2.8000000000000003 0.8 3.8000000000000003 1.8 4.6000000000000005 3.2 0 0 1.2000000000000002 2.2 0 0 0 0 0 0 0 0 0 0 2.4000000000000004 0 0 0 0 0.2 0 0.6000000000000001 0 0 0 0 0 0 0 0 0 0 0 0 0 0 0 0 0 0 0 0 0 0 1.4000000000000001 0 0 0 0 0 0 0 0 0 0 0 2.4000000000000004 0 0.4 0.8 0.8 0.4 0.4 0.4 0 0 0 0 0 0 0 0 0 1.6 0 0 0 0 0 0 0 2 0 0 0 0 0 4 0 0 0 0 
