 0 56.800000000000004 48.2 12.4 10.200000000000001 5.6000000000000005 82.2 93.80000000000001 51 25.200000000000003 45 91.2 89.4 33.800000000000004 61.6 18 24.6 61.6 79 30.6 0.2 0 0 0 0.4 0 0.4 0 0 0.4 0 0 0.4 0 0 0 0.2 0 0 0 0 1.2000000000000002 0.6000000000000001 0 0 0 0.6000000000000001 0.4 0 0 0 0.6000000000000001 0 0 0.6000000000000001 0 0 0 0 0 0.6000000000000001 0 0 0.4 0.6000000000000001 0.6000000000000001 0 0 0 0 0 0 0.6000000000000001 0 0.4 0 0.4 9.600000000000001 0 0 8.4 8.6 5.800000000000001 6.800000000000001 7 2.8000000000000003 0 23 7 2.6 3.4000000000000004 0 0.4 3 4.4 3 14.4 3.8000000000000003 2.4000000000000004 2.2 0 0.4 0 0 0 0 0 0 0 0 0 0 0 0 0 0 0 0 2 3.6 0 0 0 0 0 0 0 0 0 0.2 0 0 0 0 0 0 0 0 0 0 0 0 0 0 0 0 0 0 0.4 0 0 0 0 0 0 0 0 0 0 0 0.2 15 5.4 0 2.6 0 5.2 2.6 5.800000000000001 0 5.2 0 0 0 0.8 8.8 3.8000000000000003 2.8000000000000003 0 2.8000000000000003 0 0 0 0 0 0 0.4 0 0 0 0 0 0 0 0 0 0 0 0 0 0 0 0 0 0.2 0 0 0 0 0 0 0 0 0 0 0 0 0 0 0 0.4 0 0 0 0 0 0 0 0 0 0 0 0.4 1.8 0 0 0 0 0 0 0 0 0 0 0 0 2.6 0 0.4 0.4 0 0.8 0.4 0 0 0 0 0 0 0 0.2 0 2 0 0 0 0 0 0 0 0 0 0 0.4 0 0 3.6 3.8000000000000003 0 0 0 0 0 0 0 0 0 0 0 0 
 56.800000000000004 0 116.2 31.6 38.6 24.6 19.400000000000002 41.800000000000004 14 8.6 31 27.6 14.200000000000001 69.2 23.8 28 26 23.200000000000003 27.6 9.200000000000001 0.4 0 0 0 0.4 0 0.4 0 0 0.4 0 0.2 0.6000000000000001 0 0 0 0 0 0 0 0 0 0.8 0 0 0 0.6000000000000001 1 0 0 0 1.8 0.4 0 0.6000000000000001 0 11.200000000000001 0 0 0 0.6000000000000001 0 0 0.4 0.6000000000000001 0.6000000000000001 0 0 1.4000000000000001 0 0 0 0.6000000000000001 0 1.2000000000000002 0 0.6000000000000001 0 0 0 2.6 4.6000000000000005 0 3.2 9.200000000000001 7 5 3.6 0 0 4 3 0 5.4 2.4000000000000004 8 7.2 2 0 0 0 0 0 0 0 0 1 0 0 0 0 0 4.800000000000001 0 0 0 0 0 10.600000000000001 3.4000000000000004 0 0 0 0 0 0 0 0 0 0 0 0 0 0 0 0 0 0 0 0 0 0 0 0 0 0 0 0 0 0 0 0 0 0 0 0 0 0 0 0 2 7 0 3.6 8.6 0 1.8 0 0 1.8 0 2.4000000000000004 0 0 4.4 0.2 11 2 0 0.2 3.8000000000000003 0 0 0 0 0 3.6 0 0 0 0 0 0 0 0 0 0 0 3.4000000000000004 1.8 2.8000000000000003 0 0 0 0 0 0 0 0 0 0 0 0 0 0 0 0 0 0 0 0 0 0 0 0 0 0 0 0 0 0 0 0 0 0 0 0 0 0 0 0 0 0 0 0 0 17.400000000000002 0 0 18 0 0.8 0 0 0 0 0 0 0 0 0 0 2.4000000000000004 0 0 0 0 0 0 0 0 0 0 0 0 2 8 4.4 0 0 0 0 0 0 0 0 0 0 0 0 
 48.2 116.2 0 25.200000000000003 29.200000000000003 35.4 58.6 69.8 42 19.8 10.600000000000001 8.8 29.8 28.400000000000002 47.6 38.6 10.200000000000001 51.800000000000004 26.200000000000003 12.4 1.2000000000000002 0 0.2 0 0 0 0.6000000000000001 0 0 0.6000000000000001 0 0 0.4 0 0 0 0 0 0 33.4 0 0 19.200000000000003 0 0 0 0.6000000000000001 2 0 0 0 0.6000000000000001 0.4 0 0.6000000000000001 0 0.2 0 13.200000000000001 0 0.4 0 0.6000000000000001 0.4 0.2 1.2000000000000002 0 5.4 0.8 0 0 0 0.6000000000000001 0 3.2 0.4 0.8 0 0 0 0 5.800000000000001 3.8000000000000003 5.6000000000000005 5.2 7 0 3.6 5.2 4.6000000000000005 4 0.4 0 0 0 0 9.200000000000001 7 0 0.8 0 0 0 0 0.2 0 11.4 0 0 0.2 0 0 0 4 0.2 0 0 0 0 4.4 0 0 0 0 0.4 0 0 0 0 0 0 0 0 0 0 0 0 0 0 0.4 0 0 0 0 0 0 0 0 0 0 0 0 0 0 0.4 0 0.2 0 0 0 1 0.8 3.2 0.2 1.2000000000000002 5.800000000000001 0 0 3.2 10.4 2.6 1.4000000000000001 0 0 3 0.6000000000000001 5.6000000000000005 2.2 0 0 0 2.4000000000000004 0 0 0 0 6 0 0 0 0 0 0 0 2.8000000000000003 0.2 0 0 3.6 0.4 0 0 0 0 0 0 0.2 0 0 0 0.2 0 0 0 0 0 0 0 3.2 0 0 0 0 0 0 0 0 0 0 0 0 0 0 0 0 0 0 0 0 0 0 0 0 0 0 0 0.2 0 0 1 0.2 0 0 0 0 0 0 0 0 0 0 0 0 0 0 0 0 0 0 0 0 0 0 0 0 0 1.8 0 0 0 0 0 0 0 0 0 0 0 0 0 
 12.4 31.6 25.200000000000003 0 46.2 89.4 78.4 20 98.60000000000001 28.8 30.8 31.400000000000002 32.2 80.4 31.400000000000002 88 38.2 63 56.800000000000004 13.8 3.4000000000000004 0 0.8 0 0 0 0.4 0 0 0.6000000000000001 0 0 0.4 18.6 0 0 0 41.800000000000004 0.8 0 0 0 0.6000000000000001 0 0 0 0.6000000000000001 0 0.4 0 0 0.6000000000000001 0.4 0 0.6000000000000001 0 12.4 0 0 0 0.6000000000000001 0 0 0.6000000000000001 0.6000000000000001 0.6000000000000001 0 0 0 0 0 0 0.6000000000000001 0 1.2000000000000002 0 0.4 0 0 0 1.8 1.8 3.8000000000000003 5.6000000000000005 4.2 2.4000000000000004 0.4 2 5.2 1.8 0 8 0 3.6 0 2.6 2.2 3.2 1.4000000000000001 2.2 0 0 0 0 0 0 0 1.6 2 3.4000000000000004 0 0 0.6000000000000001 0.2 1.2000000000000002 0 0 0 2.6 2.2 0 0 0 0 0 0 0 0 0 0 0 0 0 0 0 0 0 0 0 0 0 0 0 0 0 0 0 0 0 0 0 1.8 0 0.2 0 0 0 0 0 0 0.4 0 3.6 5.2 6.800000000000001 0 4.800000000000001 2.4000000000000004 4.4 0 0 6 5.6000000000000005 0 0.4 4.4 7.6000000000000005 0 0 0 8.6 0 4.6000000000000005 0 0 0 0 0 0 0 0 0 2.8000000000000003 5 2 0 0 0 16 4.4 0 0 0 0 0 0 0 3.4000000000000004 0 0 0 0 0 0 0 0 0 0 0 0 0 0 0 0 0 0.2 0 0 0 0 0 0 0 0 0 0 0 0 0 0 0 1.4000000000000001 2 0 0 0 9.8 0 1.2000000000000002 17.6 1.6 1.2000000000000002 0 0.2 0 0 0 0 0 0.2 0 0 0 0 0 0 0 0 0 0 0 0 0 0 0 0 0.4 0 0 0 0 0 0 0 0 0 0 0 0 0 
 10.200000000000001 38.6 29.200000000000003 46.2 0 47.6 54.2 13.200000000000001 27.8 17.2 38.400000000000006 93.4 14.600000000000001 18.2 27 110.80000000000001 9.600000000000001 10.600000000000001 19.400000000000002 16.8 27 0 14.8 0 0 0 1.2000000000000002 6 0 1 0.2 0 6.800000000000001 22.6 0 12 0.4 0 0 0.2 0 0 0.6000000000000001 0 0 0 0.6000000000000001 0.8 0 0 0 0.6000000000000001 0.4 0 13.600000000000001 0 12.600000000000001 0 0 0 0.6000000000000001 0 0 0.6000000000000001 0.6000000000000001 0.6000000000000001 0 0 0.4 0 0 0 0.6000000000000001 0 1 0 0.4 0 0 0 0 8.200000000000001 6.6000000000000005 0 4.2 2.8000000000000003 0 1.6 0 0 0 3.8000000000000003 0 0 5.6000000000000005 2.8000000000000003 2.8000000000000003 0 0 1.8 3 0.2 0 0 0 0 0 0.4 0 2.2 0 0.4 0.4 0.4 2.2 0 2.6 0 2.2 0 0 0 0 0 0 0 0.2 0 0 0 0 0 0 0 0 0 0 0 0 0 0 1.4000000000000001 0 0 0 0.2 0 0 0 0 0 0 0 0 0 0 0 0 0 0 0 1.6 0 0 6.800000000000001 3.6 0 0 0 0 0 2.4000000000000004 3.2 0 1.8 4 3.8000000000000003 0 0 0 5.800000000000001 3.4000000000000004 1.2000000000000002 0 0 0 3 1.8 0 0 0 0 0 2.2 2 0 0 1.8 4.6000000000000005 1 0 0 0 0 0 0 0 0 0.2 0 0 0 0 0 0 0 0 0 0.2 3.4000000000000004 0 0 0 0 0 0 7.4 0 0 0.2 0 0 0 0.2 0 0 0 0 0 0 0 0 0 0 0 0.4 3.4000000000000004 0 0.4 34.800000000000004 0.6000000000000001 4.800000000000001 0.6000000000000001 0 0 0 0 0 0 0 0 0 3.8000000000000003 0 0 0 0 0 0 0 0 0 0 0 0 0 0 0 0 0 0 0 0 0 0 0 0 0 0 0 
 5.6000000000000005 24.6 35.4 89.4 47.6 0 7.4 5.800000000000001 66.8 30.400000000000002 21 68.8 29.200000000000003 10.4 8.200000000000001 35.2 29.400000000000002 30.200000000000003 9.200000000000001 9.200000000000001 15 3.6 0.2 0 0 0 0.6000000000000001 0.2 31.200000000000003 0.4 0 0 0.4 29.200000000000003 0.2 15 15.8 0 37 4.800000000000001 1.4000000000000001 10.600000000000001 0.6000000000000001 0 0 0.4 0.6000000000000001 0 0.8 0 0 0.6000000000000001 0.2 0.4 0.6000000000000001 0 0.4 0 0 0 0.6000000000000001 0 0 0.6000000000000001 0.6000000000000001 0.4 0 0 0.8 0 0.6000000000000001 0 0.6000000000000001 0 1.4000000000000001 1.2000000000000002 0.4 0 0 0 2 1.2000000000000002 3.8000000000000003 0 3.2 4 0 0 0.8 0 5 2.6 0 1.4000000000000001 0 10.4 0.2 2.6 0 0 0 0 0 0 0 0 8.6 0 0 1.2000000000000002 0 1 0.2 3.2 0 2.4000000000000004 2 0 1.8 4.6000000000000005 0 0 0 0 0 0 0 0 0 0 0 0 0 0 0 0 0 0 0 0 0 0 0 0 0 0 0 0 0 0 0 0 0 0 0 0 0 2.2 0 0 0 0 0 5 0.2 10.200000000000001 0.2 0.4 0 6.6000000000000005 3.4000000000000004 3.8000000000000003 1.6 0 2 0.8 1.8 0 0 0 3.2 0 4.800000000000001 2 2.8000000000000003 0 3.6 1.8 0 0 0 0 2.6 2.4000000000000004 1.2000000000000002 5.4 0 0 6.4 0.2 0 0 0 0 0 0 0 0 0 0 0 0 0 0 0 0 0 0 0 0 0 0 0 0 0 0.4 0 0 0 0 0 0 0 0 0 0 0 0 0 0 0 0 3 0 0 1.2000000000000002 0.6000000000000001 0.2 1 17.2 0 2.4000000000000004 0 0.4 0 0 0 0 0 0 0 0 0 0 0 0 0 0 0 0 0 0 0 0 0 0 0 0 0 0 0 2.8000000000000003 0 0 0 0 0 0 0 0 
 82.2 19.400000000000002 58.6 78.4 54.2 7.4 0 42 56 67 8.8 49 45.6 50.800000000000004 13.8 69.4 43 17.8 71 11.4 0 0 0 0 0 0 0.4 0 12.4 0.4 0 0 0.4 0 0 0 0.2 0 0 0 0 1.4000000000000001 0.6000000000000001 0 0 0 0.6000000000000001 0 0 0.8 0 0.6000000000000001 0.2 0 0.6000000000000001 0 0 0 0 0.6000000000000001 0.4 0.4 0 0.4 0.4 0.6000000000000001 0 0 0 0 0 0 0.6000000000000001 0 0.6000000000000001 0.2 0.4 0 2.8000000000000003 0 2.8000000000000003 2 7.6000000000000005 7.2 1.8 0 0.2 6.6000000000000005 0 20 3.4000000000000004 0.2 3.8000000000000003 0 3 0 0 5.4 2.8000000000000003 2.2 0 0 0 0 0 0 0 0 0 0 0 0 0 0 0 0 0.4 0 0 0 0 0 0 0 0 0.2 0 0 0.2 0 0 0 0 0 0 0 0 0 0 0 0 0 0 0 0 0 1.4000000000000001 0 0 0.2 0 0 0 0 0 0.4 0 0 0 0 0 1.8 4 1 0.2 0 2.2 2.4000000000000004 0 0 1.6 0 8.6 0 1.4000000000000001 4.800000000000001 2 0 2.4000000000000004 0 0.4 0 0 0 0 0 2.6 2.2 0 0 0 0.2 0 0 0.4 0 0 0 0 0 0.2 0 0 0 0 0 0 0 0 0 0 0 0 0 0 0 0 0 0 0 0.6000000000000001 0 0 0 0 0 0 0 0 0 0 0 0 0 0 0 0 0 0 0 0 2.8000000000000003 0 0 0 0 0.2 0 0 0 0 2.4000000000000004 4.800000000000001 0 0 0 0 0 0 0.4 0 0 0.2 0 0 0 0 0 0 0 0 0 0 0 0 0 0 0 0 0 0 0 0 0 0 0 0 0 0 0 
 93.80000000000001 41.800000000000004 69.8 20 13.200000000000001 5.800000000000001 42 0 39.800000000000004 87.80000000000001 112.60000000000001 7 114 16.400000000000002 15 11 44.6 8.200000000000001 15.200000000000001 44.400000000000006 0 0 0 0.2 0 1 0.4 0 0 0.4 0 0.8 0.4 0 0 0 0 1 0 0.4 0 0 0.6000000000000001 0 1 1.2000000000000002 0.6000000000000001 4.2 0 0 1.2000000000000002 1.8 0.4 0 0.6000000000000001 0 1.2000000000000002 1.2000000000000002 0 0 0.6000000000000001 0 0 0.6000000000000001 1.6 1.2000000000000002 0.2 3.6 0 0 1.2000000000000002 0.6000000000000001 0.6000000000000001 0.2 0.4 0 1.4000000000000001 0.4 0 0 5.2 6 3.2 5.800000000000001 2.6 2 4.6000000000000005 3.6 2.8000000000000003 13.4 0 0 2.2 0 0 0 4.4 5 2 2.6 0 0 0 0 0 0 1.8 0 0 0 0 0 0 0 0 0 0 0 0 2.4000000000000004 0 0 0 0 0 0 0 0.6000000000000001 0 0 0 0 0 0 0 0 0 0 0 0 0 0 0 0 0 0.2 0 0 0 0 0 0 0 0.2 0 0 0 0 0 0 4.2 2 4.4 0.8 0 5.2 3 0 2.6 4.6000000000000005 5 0 0.2 3.6 1.4000000000000001 11.8 4.4 0.2 4.4 0.6000000000000001 0 0 0 0 0 0 3.8000000000000003 0 0 0 0 0 0 0 0 0 0 0 0 0 0 0 0 0 0 0 0 0 0 0 0 0 0 0 0 0 4.4 0 0 0 0 0.4 0 0 0 0 0 0 0 0 0 0 0 0 0 0 0.4 0 0 0 0 0 2 0 0 0 0 0.4 0 0 0.2 3.2 0 0 0 0 0 0 0 0 0 0 0 0 0 0 0 0 0 0 0 0 0 0 0.6000000000000001 3 3 0 0 0 0 0 0 0 0 0 0 0 0 0 
 51 14 42 98.60000000000001 27.8 66.8 56 39.800000000000004 0 58 62.800000000000004 26.200000000000003 19.8 35 29.6 123.4 28.6 52.400000000000006 50.400000000000006 16.8 0.2 0 0 0 15.8 0 0.4 0 0.2 0.4 0 0 0.4 0 0 0 0 17.8 0 14.8 0 0 0.6000000000000001 0 0 0 0.6000000000000001 0 1.2000000000000002 0 0.4 0.6000000000000001 0 0 0.6000000000000001 0 11.200000000000001 0.4 0 0 0.6000000000000001 0 0 0.6000000000000001 0.6000000000000001 0.6000000000000001 0 0 9.600000000000001 0 0 0 1.8 0.2 1.4000000000000001 0 0.4 0.2 0 0 6.800000000000001 0 0 5.2 5.800000000000001 4.2 0 0 7.4 6.800000000000001 11.4 2.6 2.8000000000000003 3.4000000000000004 0 9 5.2 5.6000000000000005 3 0 0 0 0 0 0 0 8.200000000000001 0 0 0 0 0 2 3.6 0 0 0 0 0.2 3 0 0 0.4 0 0 0 0 0 0 0 0 0 0 0 0 0 0 0.2 0 0 0 0 0 0 0 0 0 0 0 0 0 0 0 0 0 0 0 0 0 0 1.6 0 3 3 4.800000000000001 4.2 2.8000000000000003 2.6 11.8 3.8000000000000003 1.4000000000000001 2.8000000000000003 3 0 6 0 4.4 4 0 0 3.8000000000000003 0 0 0 0 0 7.4 0 0 0 0 0 1.8 0 0 0 0 0 3.8000000000000003 0 0 0 0 0.4 0 0 0 0.4 0 0 0 0 4 0 0 0 0 0 0 0 0 0 0 0 4.2 0 0 0 0 0 0 0.4 0 0 2.4000000000000004 7 0 0 0 0 0 0.4 0 0 0 0.4 0 0 0.6000000000000001 18.2 0 1 0 0 0 0 0 0 0 0 0 0 0 0 0 0 0 4.4 0 0 0 0 0 0 0 0 0 0 0 0 0 0 0 0 0 0 0 0 0 0 
 25.200000000000003 8.6 19.8 28.8 17.2 30.400000000000002 67 87.80000000000001 58 0 20 9.4 23.8 17.400000000000002 28.400000000000002 54.2 16 23.8 34.800000000000004 25.8 0 0 0.4 0 0 0 6 0 14.4 0.4 0 0 0.6000000000000001 0 0 0 0 0.6000000000000001 0 28.400000000000002 0.2 0 0.6000000000000001 0 0 0 0.6000000000000001 0.4 0 0 0 0.6000000000000001 0.4 0 0.6000000000000001 0 0 0 0 0 0.4 0 0 0.4 0.4 0.6000000000000001 0 0 0 0 0 0 0.6000000000000001 0.6000000000000001 0.4 0.2 0.4 0.2 0 0 14.4 0 0 3.8000000000000003 0 2 3.8000000000000003 0 9.8 7.800000000000001 3.6 4 1.4000000000000001 3.4000000000000004 0 0 1.6 9.4 0 2 0 0.4 0 0 0 0 6.6000000000000005 0 0 0 0 3.4000000000000004 0 2 0 0 0 0 0.2 3 0 0 0 0 0 0 0 0 0 0 0 3.8000000000000003 0 0 0 0 0 0 0 0 0 0 0 0 0 0 0 0 0 0 0 0 0 0 0 0 0 2.8000000000000003 0 0 1.4000000000000001 0.4 0 4.2 0 3.8000000000000003 3.2 0.2 5.2 1 1 2.4000000000000004 2.6 0 2 8 2 3.6 4.4 4.6000000000000005 0 0 0.2 0 0 0 6 0 0 0 0 0 2 0 0 4.2 0 0 1.8 0.2 0 0 0 0 0 0 0 0 0 0 0 0 0 0 0 0 0 0 0.2 0 0 0 0 0 0 0 0 0 0 0 0 0 0 1 0 0 0 0 0 0 0 2 0 0 0 0.4 0.2 0.4 11.600000000000001 0 0 2.6 0 0 0 0 0 0 0 0 0 0 0 0 0 0 0 0 0 3.6 0 0 0 0 0 5.2 0 0 0 0 0 0 0 0 0 0 0 0 0 0 
 45 31 10.600000000000001 30.8 38.400000000000006 21 8.8 112.60000000000001 62.800000000000004 20 0 28.400000000000002 13.4 9.200000000000001 42.400000000000006 140.8 76.2 115.4 16 11.4 14.8 0 0 0.4 0 0 15.200000000000001 41.6 0.4 0.4 0 0 7.6000000000000005 29.6 0 0.2 1.6 0 0 18 0 0 0.8 0 0.2 0 0.6000000000000001 0.6000000000000001 0 0 0 0.6000000000000001 0 0 0.6000000000000001 0 0.4 0 0 0 0.6000000000000001 0 0 0.6000000000000001 0.6000000000000001 0.4 0 0 0 0 0 0 0.6000000000000001 0 0.4 0 0.4 0 0 0 1.8 4.800000000000001 0 1.6 5.2 0 0 7.2 0 3.6 5.6000000000000005 3.8000000000000003 0 0 0 3 0.4 22 0 0 0 0 0 0 0 0 2 2.6 0 0 0 0 7.6000000000000005 1.4000000000000001 1.6 0 0 0 0.2 6.2 0 0 0.4 0 0 0 0.4 0 0.2 0 0 0 0 0 0 0 0 0.2 0 0 0 0 0 0 0 0 0 0 0 0 0 0 0 0 0 0 0 0 0 0 0.4 1.6 0 0 2.2 1.8 2.8000000000000003 0 0 4.4 0 9.600000000000001 0 0 1.6 5.6000000000000005 5 4.4 0 0 2 2 0 0 0 0 2.8000000000000003 2.2 2.2 0 0 0 7 1.6 1.6 9.8 0 0 0.4 1.2000000000000002 0 0 0 0.4 0 0 0 0.4 0.2 0 0 0 0.4 0 0 0 0 0 0.2 0 0 0 0 0 0 0 0 0 0 0 0 0.2 0 0 0 0 0 0 0 0 0 0.2 0 0 0 0.4 0.8 0 0.2 0.4 0.2 1.2000000000000002 0 0 0 0 0 0 0 0 0 0 0.2 0 0 0 0 0 0 0 0 0 0 0 0 0 2.8000000000000003 0 0 0 0 0 0 0 0 0 0 0 0 0 
 91.2 27.6 8.8 31.400000000000002 93.4 68.8 49 7 26.200000000000003 9.4 28.400000000000002 0 48.6 6.800000000000001 4.4 72.2 30.200000000000003 29 83.2 9.8 20.200000000000003 0.6000000000000001 0 0 0.4 0 0.8 29.200000000000003 0 0.4 0 0 0.4 32 14.8 6.6000000000000005 16.8 0.4 14.4 0 0 0 0.6000000000000001 0 0.8 0 1 0 1.8 0 0 0.8 0 0 1 0 0.2 0 0 0 0.4 0 0.2 0.4 0.4 10 0 0 0.8 0 0 0.2 0.6000000000000001 0 2.8000000000000003 0.4 0.6000000000000001 0 0 0 2 1.8 0.4 0 4.4 11.4 0 0.4 0 0 3 6.800000000000001 3.2 1.8 0 2.6 0 2.8000000000000003 0 0.2 0 0 0 0 0.2 0 2.4000000000000004 4.6000000000000005 0 0 0 0 10 0 3 0 0.6000000000000001 0 2.2 6.2 0 0 0 0 0 0 0.2 0 0.4 0 0 0 0 0 0 0 0 0 0 0 0 0 0 0 0 0.4 0.4 0 0 0 0 0 0 0 0 0 0 0 0 0 0.6000000000000001 0 0 0.2 0 0.4 0 0 0 6.2 0 8 0 0 1.8 3.8000000000000003 3.6 0 0 0 2 0 1.8 0 0 2.4000000000000004 2 0 0 0 0 0 2 2 5 7.6000000000000005 0 0 7.800000000000001 4.2 0 0 0 0 0 0 0 0 0.2 0 0 0 0 0 0 0 0 0 0.2 0 0 0 0 0 0 0 0 0 0 0.4 0 0 0 0.4 0 0 0 0 0 0 0 0 0 0 0 1 0 0 0.4 11.4 0.4 2.8000000000000003 0 0 0 0 0 0 0 0 0 0 0 0 0 0 0 0 0 0 0 0 0 0.2 0 0 4 0 0 0 0 0 0 0 0 0 0 0 0 0 
 89.4 14.200000000000001 29.8 32.2 14.600000000000001 29.200000000000003 45.6 114 19.8 23.8 13.4 48.6 0 24.400000000000002 10.600000000000001 9.600000000000001 23.8 9.8 33.2 14.600000000000001 0.4 0 0 0 0 0 0.4 0 15.200000000000001 0.8 0.4 0.4 0.8 0 0 0 0 0 0 0 0 0.2 0.6000000000000001 0 0.4 0 0.6000000000000001 0 7 0 0 0.6000000000000001 0 0 1 0.4 0 0 0 0 0.6000000000000001 0 0 0.6000000000000001 0.6000000000000001 0.6000000000000001 0.2 0 0.6000000000000001 0.6000000000000001 0 0 0.6000000000000001 0.2 0.4 0 0.4 0.6000000000000001 0 0 1.2000000000000002 1.6 4.6000000000000005 4.4 0 0 2.8000000000000003 3.6 0 4 0 0 0 1.4000000000000001 3.2 0 2.4000000000000004 2.6 2 2 0 0 0 0 0 0.4 0 0.4 0 0 0 0 0.4 0 0 0 0 0 0 0 0 0 0 0 0 0 0 0 3.8000000000000003 0.4 0 0 0 0 0 2.4000000000000004 0 0 4.2 0 0 0 0 0 0 0 2.6 0.4 0 0 0 0 0 0 0 0 0 0 8.4 0 5.6000000000000005 2.2 3.2 0 0 0 4.6000000000000005 7.6000000000000005 3.4000000000000004 0 6.6000000000000005 0 5.800000000000001 7.6000000000000005 0 3.2 0 2.2 0 8.8 0 0 0 0 0 0 0 0 0 0 0 0 0 0 0 0 0 0 0 0 0 0 0 0 0 0 0 0 0 0 0 0 0 0 0 0 0 0 0 0 0 0.2 0 0 0 0 0 0 0 0 0 0 0 0 0 0 0 0.2 0 0 0 1.8 0 0 0 0 0.2 0 0.2 0.4 0.2 1.6 0 0 0 0 0 0 0 0 0 0 0.2 0 0 0 0 0 0 0 0 0 0 0 0 0 2.8000000000000003 0 0 0 0 0 0 0 0 0 0 0 0 0 
 33.800000000000004 69.2 28.400000000000002 80.4 18.2 10.4 50.800000000000004 16.400000000000002 35 17.400000000000002 9.200000000000001 6.800000000000001 24.400000000000002 0 18.6 11.600000000000001 56.2 54.2 33.2 54.800000000000004 0.4 0.6000000000000001 0 0 0 0 0.4 0 0 0.4 0 0 0.4 0 15 0 0 0.2 0 0.2 0 0.4 0.6000000000000001 0 0 0 0.6000000000000001 0 0 0 0 0.6000000000000001 0.4 0 0.6000000000000001 0 13.200000000000001 0 0 0 0.4 0.6000000000000001 0.2 0.4 0.4 0.6000000000000001 0 0 0 0 0.4 0.4 0.6000000000000001 0 0.4 1 0.6000000000000001 0 0 10 0.2 0 11.4 2 0 0 2.2 3 0.2 12 3.6 4.2 3.6 0 0 6 7.6000000000000005 0 0 0.2 0 0 0.2 0 0 0 0 0 0 0 0 0 0 0 0 0 0 0 0 0 0 0 0 0 0 0 0 0 0 0 0 0 0 0 0 0 0 0 0 1.8 0 0 0 0 0 0 0 0 0.2 0 0 0 0 0 0 0 0 0 0 0 0.2 5.800000000000001 3 3.8000000000000003 3.2 0 0 0 2 0 4.2 0 3 6.6000000000000005 2.4000000000000004 0 2.4000000000000004 0 2 2 3 0 0 0.2 0 0.4 0 0.2 0 0 0 0 0 0 0 0 0 0 0 0 0 0 0 0 0 0 0 0 0 0 0 0 0 0 0 0 0 0 0 0 0 0 0 0 0 0 0 0 0 0 0 0 0 0 0 0 0 0 0 0 0 0 0 0 0 0 0 0.2 0.2 0 0.6000000000000001 1.4000000000000001 3.2 0 0 0 0 0 0 0 0 0 0 0 0 0 0 0 0 0 0 0 0 0.4 0 1.4000000000000001 9.200000000000001 4 0 0 0 0 0 0 0 0 0 0 0 0 
 61.6 23.8 47.6 31.400000000000002 27 8.200000000000001 13.8 15 29.6 28.400000000000002 42.400000000000006 4.4 10.600000000000001 18.6 0 25 6.6000000000000005 5.2 40.6 109.2 0.2 14.4 0 0 0 0 0.4 0 0 0.4 0 4 0.4 0 0 0 0 0 0 0.8 0 0 0.6000000000000001 0 0 0 0.6000000000000001 0.8 0 0 0 0.6000000000000001 0.4 0 0.6000000000000001 0 0 0 0 0 0.6000000000000001 0 0 0.4 0.6000000000000001 0.6000000000000001 0 0 0 0 0 0 0.6000000000000001 0 0.4 0 7.4 0 0 0 3.8000000000000003 5.2 0 4.2 3.4000000000000004 0 3 5.6000000000000005 2.6 7.2 0.2 0 6.6000000000000005 2.6 6 0.8 2.8000000000000003 0 2 5.6000000000000005 0 0 0 0 0 0 0 0 0 0 0 0 0 0 0 0 0 2 2.6 3 0 0 0 0 0 0 0 0 0 0 0 0 0 0 0 0 0 0 0 0 0 0 0 0 0 0 0 0 0.2 2.6 0 0 0 0 0 0 0 0 1.8 0 2.6 4.6000000000000005 5 6.800000000000001 1.4000000000000001 0 2 2.8000000000000003 10.200000000000001 0 5.6000000000000005 0 8.4 0.2 0 4.800000000000001 0.8 7.2 1.8 13 0 0 0 0.4 0 0.2 0 0.4 0 0 0 0 0 0 0 0 0 0 0 2 0 0 0 1.8 0.4 0 0 0 0 0 0 0 0 0 0 0 0 0 0 0 0 0 0 0 0 0 0 0 0 0 0 0 0.2 0 0 0 0 0 0 0 0 0.2 0 0 0 0 17.400000000000002 0 0 0.2 2.4000000000000004 3 0 0 0 0 0 0 0 0 0 0 2.6 0 0 0 0 0 0 0 0 0 0 0.2 0 3 2.8000000000000003 0 0 0 0 0 0 0 0 0 0 0 0 0 
 18 28 38.6 88 110.80000000000001 35.2 69.4 11 123.4 54.2 140.8 72.2 9.600000000000001 11.600000000000001 25 0 68.2 21 11.8 34.2 0.4 0 0 0 0 14.8 15.200000000000001 15.8 0 0.4 0 0 0.4 0 0 0 0 0 14.200000000000001 15 0 0 0.6000000000000001 0 0.4 0 0.6000000000000001 0 0 2 0 0.6000000000000001 0 0 0.6000000000000001 0 11.200000000000001 0.4 0 0 2 0 0 0.6000000000000001 0.6000000000000001 1 0 0 0.8 0 0 0 0.6000000000000001 0 1.6 0 0.4 0 0 0.6000000000000001 6.4 9.200000000000001 0 5 9.200000000000001 4.2 0.2 2.8000000000000003 1.6 3.8000000000000003 0.2 5.4 2.6 1 1.6 7.6000000000000005 9.8 6 2.2 2.8000000000000003 0 2.8000000000000003 0 0 0 0 2.8000000000000003 0 0 0 0 0 2.8000000000000003 0 0 0 0 0 0 3 0 0 0 0 0 0 0 0 0 0 0 0 0 0 0 0 0 0 0 0 0 0 0 0 0 2.6 0 0 0 2.2 0 0 0 0 0 0 0 0 0 0 2.6 6.4 3.8000000000000003 3.8000000000000003 3.8000000000000003 0 4.4 1.8 1 2 2.8000000000000003 5.2 3.2 0 2 2.8000000000000003 2 3 0.2 0 3.8000000000000003 0 0 0 0 0 7.4 0 0 0 0 0 2.2 0 0 0 0 0 3.2 0 0 0 0 0 0 0 0 0 0 0 0 0 0 0 0 0 0 0 0 0 0 0 0 0 0 2.4000000000000004 0 0 0 0 0 0 0 0 0 0 0 0 0 0 0 0 0 0 0 0.2 0 0 16.8 17.400000000000002 0.2 2 0 0 0 0 0 0 0 0 0 0 0.2 0 0 0 0 0 0 0 0 0 0 0 0 0 0 4.4 0 0 0 0 0 0 0 0 0 0 0 0 
 24.6 26 10.200000000000001 38.2 9.600000000000001 29.400000000000002 43 44.6 28.6 16 76.2 30.200000000000003 23.8 56.2 6.6000000000000005 68.2 0 26 38.400000000000006 43.400000000000006 0 0 0 0 0 0 0.4 0 0 0.4 0 0 0.4 0 0 0 0 0 0 0.4 0 0 0.6000000000000001 0 0 0 0.6000000000000001 0 0.8 0 0 0.6000000000000001 0.4 0 0.6000000000000001 0 0 0 0.2 0 0.6000000000000001 0 0 0.6000000000000001 0.6000000000000001 0.6000000000000001 0 0 0 0 0 4 0.6000000000000001 0 0.4 0 0.4 0 0 0 7.6000000000000005 7.4 1.4000000000000001 11.200000000000001 3.4000000000000004 0 6.2 2.6 4.800000000000001 6.6000000000000005 4.2 0 0 3.8000000000000003 5.4 3.2 0.2 6.800000000000001 0.2 6.4 0 0 0 0 0 0 0 0 0 0 1 0 0 0 0 0 0 0 1.4000000000000001 0 0 0 0 0 0 0 0 0 0 0 0 0 0 0 0 0 0 0 0 0 0 0 0 0 0 0 0 0 0.2 3.6 0 0 0 0 0 0 0 0 0 0 0 3 3.2 9.600000000000001 0 0 7.2 0.4 2 1.4000000000000001 0 0 11 0 5 7.4 6 0 0 0.2 0 0 0 0.2 0 0.2 2.6 0.4 0 0 0 0 0 0 1.8 0 0 0 0 0 0 0 0 0 0.4 0 0 0 0 0 0 0 0 0 0 0 0 0 0 0 0 0 0 0 0 0 0 0 0 0 0 0 0.2 0 0 0 0 0 0 0 0 1.8 0 0 0 0.4 0.2 0 0 0 1.6 4.4 4.6000000000000005 0 0 0 0 0 0 0 0 0 0 0 0 0 0 0 0 0 0 0 0 0.2 0 0 0 0 0 0 0 0 0 0 0 0 0 0 0 0 
 61.6 23.200000000000003 51.800000000000004 63 10.600000000000001 30.200000000000003 17.8 8.200000000000001 52.400000000000006 23.8 115.4 29 9.8 54.2 5.2 21 26 0 18.8 27.200000000000003 0.2 0 0 0 0 0 0.8 0 0.2 0.4 0 0 15.200000000000001 14.4 0 0 0 0 16.2 14.8 0 0 0.6000000000000001 0 0 0 0.6000000000000001 0 0.6000000000000001 0 0 0.6000000000000001 0.4 0 0.6000000000000001 0 0.2 0 0 0 0.6000000000000001 0 0 0.6000000000000001 0.6000000000000001 0.4 0 0 0.6000000000000001 0 0 0 0.6000000000000001 0 0.6000000000000001 0 0.4 0 0 7 1.4000000000000001 0 3.6 4.800000000000001 0.6000000000000001 6.4 1.8 1 5.2 3.4000000000000004 12.600000000000001 1.6 0 6 0.2 0 0.4 4 2.4000000000000004 3.4000000000000004 0.2 0 0 0 0 0 1.4000000000000001 5 0 0 0 0.2 3 0 0 0.4 4.4 0 0 4.6000000000000005 0.4 0 0 0 0 0 0 0 0 0 0 0 0 0 0 0.4 0 0 0 0 0 0 0 0 4.2 0 0 0 0 0 0 0 0 0 0 0 0 0 0.2 0 2.4000000000000004 2 5.4 6.4 2.4000000000000004 1 4.2 2 3.8000000000000003 3.4000000000000004 2.6 2.8000000000000003 2.8000000000000003 0 0 3.6 0.6000000000000001 0 0 0 0 0 0.4 0 0 0 2.8000000000000003 2.6 2.4000000000000004 0 0 0 3.4000000000000004 0 3 0 0 0 0.4 0 0 0 0 0 0 0 0 0 0 3.4000000000000004 0 0 0 0 0 0 0 0 0 0 0 0 0 0.4 0 0 0 9.200000000000001 0 0 0 0 0 0 0 0 0 0 2.2 0 0 0 0 0 0 0.2 17.400000000000002 0 0.2 22.6 8.8 1 0 0 0 0 0 0 0 0 0 0 0 0 0 0 0 0 0 0 0 0 0 0 0 0 2.8000000000000003 0 0 0 0 0 0 0 0 0 0 0 0 0 
 79 27.6 26.200000000000003 56.800000000000004 19.400000000000002 9.200000000000001 71 15.200000000000001 50.400000000000006 34.800000000000004 16 83.2 33.2 33.2 40.6 11.8 38.400000000000006 18.8 0 75 0 0.4 0.4 0 0 0 1 0.8 0.4 0.4 0.2 0 0.4 0.2 0 0.6000000000000001 0.6000000000000001 0 0 0 0 0 0.6000000000000001 0 0.4 0 0.6000000000000001 0.6000000000000001 0 0 0 0.6000000000000001 1 0 0.6000000000000001 0 0 0 0 0 0.4 0.2 0 0.4 0.6000000000000001 0.6000000000000001 0 0.4 0 0 0 0 0.6000000000000001 0 0.4 2.6 0.6000000000000001 0.6000000000000001 0 0 7 2 3.4000000000000004 4.4 0 0 5.6000000000000005 7.4 2.4000000000000004 3.8000000000000003 0 0 0 3 4 3.4000000000000004 5 0 4 4 0 0 0 0 0 0 0 0 0 0 0 0 0 0 0 0 0 0 0 0 0 0 0 0 0 0 0.2 0 0.4 0 0 0 0 0 0 0 0 0 0 0 0 0 0 0 0 0 0.2 0 0 2.6 0 0 2 0 0 0 0 0 0 0 5.800000000000001 2 6.4 5.4 0 0.4 4.4 3.8000000000000003 4.6000000000000005 2.4000000000000004 5.6000000000000005 0.4 3.4000000000000004 2 0 3.4000000000000004 0.8 0 0.2 2.6 0 0 0 0 0 0 0 0 0 0 1 0 2.6 0 0 0 0 0 0.4 0 0 0 0 0 0 0 0 0 0.2 0 0 0 0.2 0 0 0 0 0 0.2 0 4.6000000000000005 0 0 0 0 0 2.2 0 0 0.4 0 0 0 0.4 0.4 0 0 0 0 0 0 0 0 0 0 0.8 0 0 10.8 0 3.8000000000000003 2 0 0 0 0 0 0 0 0.4 0 0 0.2 0 0.4 0 0 0 0 0 0 0 0.4 0 0 1.8 2.8000000000000003 8.6 0 0 0 0 0 0 0 0 0 0 0 0.4 
 30.6 9.200000000000001 12.4 13.8 16.8 9.200000000000001 11.4 44.400000000000006 16.8 25.8 11.4 9.8 14.600000000000001 54.800000000000004 109.2 34.2 43.400000000000006 27.200000000000003 75 0 0 0 0 0.2 0 0 1 0.4 0 0.4 0 0 0.4 0 11.200000000000001 0 0 0.6000000000000001 0 0 0.4 0 1 0 0.4 0.6000000000000001 0.6000000000000001 0 0 0 0 1.2000000000000002 0.8 0 0.6000000000000001 0 0.4 0.6000000000000001 0 12.4 0.4 0.6000000000000001 0 0.4 0.4 0.6000000000000001 0 0 1.6 0.2 0 0 1 0 0.4 0.8 0.8 0 0 0 1.8 8.200000000000001 2.2 2.2 2.2 0 10 4.4 5 2.4000000000000004 0 0 2.4000000000000004 6.6000000000000005 1.6 3 2.4000000000000004 0 3.8000000000000003 7.800000000000001 0 0 0 0.2 0 0 0 0 0 0 0 0 0 0 0 0 0 0 0.6000000000000001 0 0 3.2 0 0 0 0 0 0 0 0 0 0 0 0 0 3.8000000000000003 0 0 0 0 0 0 0 0 0 0 0 0 0 0.2 0 0 0 0 0 0 0 0.2 0 0 5.2 2.2 5.800000000000001 3.8000000000000003 0 0 0.8 0 5.2 2.2 0.2 0 0 0 0 4.4 1.8 3 3.6 5 0 0 0 0 0 0 0 0 0 3.8000000000000003 9.4 0 0 0 0 0 2 0.4 0 0 0 3.8000000000000003 1.4000000000000001 0 5.4 0 0 0 0 0 0 0 0 0 0 0 0 0 0 0 0 0 0 0 0 3 0 0 0 0 0 0 0 0 0 0 0 0 0 0 0 0 0 0 0.2 0.4 0.4 0 0 0 1 1.8 0 0 0 0 0 0 0 0 0 0 0 0 0 0 0 0 0 0 0 0 0 0 0 4.4 0 3.6 0 0 0 0 0 0 4.800000000000001 0.2 0 0 0 0 
 0.2 0.4 1.2000000000000002 3.4000000000000004 27 15 0 0 0.2 0 14.8 20.200000000000003 0.4 0.4 0.2 0.4 0 0.2 0 0 0 28.400000000000002 14.600000000000001 11.200000000000001 6.4 4.6000000000000005 20.200000000000003 34.800000000000004 9 41.2 4.6000000000000005 6.4 41 24.6 37.6 22.200000000000003 19.6 4.800000000000001 7.4 6.2 0.6000000000000001 0.6000000000000001 0.8 0 1.2000000000000002 0 0 0.4 1.6 0.6000000000000001 0 0 0.8 0 0 0 0.8 0.6000000000000001 0 0.6000000000000001 0 0 0 1.2000000000000002 0 1.2000000000000002 0 0 0 0 0.6000000000000001 0 0 0.6000000000000001 0 0 0 0 0 0 0 0 0 0 0 7.800000000000001 2.4000000000000004 0 0 0 0 3.8000000000000003 0 0 0 0 0 0.2 0 0 3.8000000000000003 4.4 0 0 0 6.4 2.2 6.4 1.2000000000000002 1.4000000000000001 1 0 4.2 0 5.4 0 2.6 0 2 3.4000000000000004 0 0 0 0 0 0 0 0 0 0 0 0 0 0 0 0 0 0 0 0 0 0 0 0 0 0 0 0.4 0 0 0 1.4000000000000001 0 0 0 0 0 0 0 0 0 0 0 0 2 2 0 0 0 0 0 8 0.4 0 0 0.8 0 0 0 0 5 4 5.800000000000001 6.6000000000000005 0 0 1.8 0 1.4000000000000001 4 2 0 2 16 1.4000000000000001 8.4 2.2 0 13.8 13 0 0 0 0 0.4 0 0 0 0 0 0 0 0 0 0 0 0 0 0.2 4 0 0 0 0 1.8 0 0 0 0 0 0 0 0.4 0 0 0 0 0 0 0 0 0 0 0 0 0 0 0 0.2 16.400000000000002 0 0 0 0 1.4000000000000001 0 0 15.8 0 0.4 0.4 2.2 0.2 0 0 0 0 0 0 0 0 0 0 0 0 0 0 0 0 0 0 0 0 0 0 0 0 0 0 0 
 0 0 0 0 0 3.6 0 0 0 0 0 0.6000000000000001 0 0.6000000000000001 14.4 0 0 0 0.4 0 28.400000000000002 0 39.2 70.4 23.200000000000003 70 24.200000000000003 81.80000000000001 63.800000000000004 42.400000000000006 2.8000000000000003 54.6 23.8 43.800000000000004 56.800000000000004 99.4 81.2 53.2 36.4 6.2 0.6000000000000001 0.6000000000000001 0.6000000000000001 0 0.4 0.4 0.6000000000000001 0.4 0.4 0.6000000000000001 0 0 0.6000000000000001 0 0.2 0 0.6000000000000001 0.6000000000000001 0 0.6000000000000001 0 0 0 0 0 0.4 0 0 0 0.8 0.6000000000000001 0 0 0.6000000000000001 0 0.6000000000000001 0 0.4 0 0.4 0 0 0 0 0 0.2 0 2.6 0 0 0 0 2.6 0 0 0 0 0 0 0 7.800000000000001 3.4000000000000004 5.6000000000000005 7.800000000000001 0 4 2.4000000000000004 0 3.6 5.4 2 3.6 0 2.6 0 0 4.2 2.4000000000000004 3.2 1.4000000000000001 0 0 0 0 0 0 0 0 0 0 0 0 1.8 0 0 0 0.2 0 0.4 0 0 0 0.4 0 0 0 0 0 0.4 0 0.4 0 0 0 0 0 0 0 0 0.2 0 0.4 0 0 0 2 0 0 0 0 0 0 0 0 0 0 0 0 0.2 0 0.2 5.2 1.8 13.200000000000001 2.4000000000000004 2 2.8000000000000003 3.6 3.8000000000000003 0.4 1.8 0 4.4 2.4000000000000004 2.6 9.8 0.2 2.4000000000000004 5 2 0 0 0 2.4000000000000004 0 0 0 0 0 0 0 0 0.2 0 0.2 0 0 0.2 0 0.6000000000000001 0 0 0 0 0 0.2 0 0 0 0.4 0 0 0 0 0 0 0 0 0 0 0 0 2.6 0 0 0 0 0 0.2 0 0 0 0 0 1.2000000000000002 0.2 0 0 0 0.4 0.4 2.8000000000000003 0 0 0 0 0 0 0 0 0 0 0 0 0 0 0 0 0 0 0 8 0 0 0 0 8.8 0 0 0 
 0 0 0.2 0.8 14.8 0.2 0 0 0 0.4 0 0 0 0 0 0 0 0 0.4 0 14.600000000000001 39.2 0 71.4 54.2 39.400000000000006 112.80000000000001 55.400000000000006 53.400000000000006 38.6 15.200000000000001 80 36 12.8 11.8 117.4 87.80000000000001 25.8 30.200000000000003 9.8 1.2000000000000002 0.6000000000000001 0.6000000000000001 1.6 0.4 12.600000000000001 0 0.4 0 0.6000000000000001 12.600000000000001 0 0.8 0 0 0 1 0.8 0 0.6000000000000001 0.4 0 0 0 0 0 2.4000000000000004 0 0 3.6 0.6000000000000001 0 0.2 0.6000000000000001 0 0.2 0 0 0 0.2 0 0 0 0 0 0 0 0.2 0 0 0 0 0 0 0 0 0 0 0 0 2.2 9.200000000000001 9.200000000000001 3 0 5 1.8 6.2 11.200000000000001 4.2 4.2 4 0 6.2 0 7.2 4.2 6.2 3.6 0 1.8 3.8000000000000003 0 0 0 0 0 0 0 0 0 0 4.4 0 0.2 0 0.2 0 0.4 0 0 0 0 0 0 0 0 0 0 0 0 0 0 0 0 0 0 0 0 0 0.4 0.4 0 0 0 6.800000000000001 0 1 0 0 0 0 0 1.6 0 1.8 0 0 1 0 9.200000000000001 4.2 4.4 2.2 4.6000000000000005 11 2.4000000000000004 3 2.4000000000000004 9.4 0.2 2.6 2.8000000000000003 2.4000000000000004 0 0 6.2 2.2 0 7.6000000000000005 0 0 0 0 0 0 0 0 0 0 0 0 0 0 4 0 0 0.2 3 0.2 0 0.2 0 0 0 0.2 0 0 0 0 0.6000000000000001 0 0 0 0 0 0 0 0 0 0 0 3.4000000000000004 0 0 0 0 0 0 0 0 0 0 0 0 0 0 15.4 0.2 0.2 3.2 0 0 0 0 0 0 0 0 0 0 0.4 0 0 0 0 0 0 0 0 0 3.6 0 0 0 2.4000000000000004 2.4000000000000004 0 0 0 
 0 0 0 0 0 0 0 0.2 0 0 0.4 0 0 0 0 0 0 0 0 0.2 11.200000000000001 70.4 71.4 0 16.400000000000002 41.400000000000006 41.400000000000006 33 23.200000000000003 70 29.8 19 47.2 43 53.800000000000004 40.400000000000006 8.6 63.6 30.200000000000003 58 0.6000000000000001 0.8 1 2.4000000000000004 0.6000000000000001 0 0 0.4 0.6000000000000001 0.6000000000000001 0 0 1.4000000000000001 0 0 0.6000000000000001 0.8 0.6000000000000001 0 0.6000000000000001 0 0 0 0 0.6000000000000001 0.4 0 0 0.4 3.2 0.6000000000000001 0 0 0.8 0 0 0 0 0 0 0 0 0 0 0 0 0 0 0 0 0 0 0.2 0 0 0 0 0 1.4000000000000001 0 3.6 7.800000000000001 5.4 2 0 21.8 3.8000000000000003 1.8 9.8 5.6000000000000005 0.2 4 0 3.6 0 5.2 2.6 3 0 0 1.6 1.2000000000000002 0 0.4 0 0 0 0 0 0 0 0 3.2 0 0 0 0 0 0 0 0 0 0 0 0 0 0 0 0 0 0.4 0 0 0 0 0 0 0 0 0 0 0 3 0 4.2 0 0 1.2000000000000002 0 0 0 0 0.2 0.4 0 0 0 0 0.4 0 1.6 4.4 0 0 4 4 0 0 5.6000000000000005 1.8 1.8 2.6 0 6 2.4000000000000004 2.4000000000000004 2 2.4000000000000004 0 3.8000000000000003 0 0 0 0 0 0 0 0 0 0 0 0 0.2 0 0 0 0 0 2.8000000000000003 0.4 0.4 0 0 0 0 0 0 2.4000000000000004 0.4 0 0 4.4 0 0 0 0 0 0 0 0 0 0 0 0 0 0 0 0 0 0 0 0 0 0 0.4 0 0 0 0.4 0 3.2 2.4000000000000004 0 0 0 0 0 0 0 0 0 0 0 0 0 0 0 0 0 0 0 2.4000000000000004 0 0 0 0 2.8000000000000003 0 0 0 
 0.4 0.4 0 0 0 0 0 0 15.8 0 0 0.4 0 0 0 0 0 0 0 0 6.4 23.200000000000003 54.2 16.400000000000002 0 43.400000000000006 26.8 15.200000000000001 108.4 71.60000000000001 32.4 48.6 15 9.8 22.8 31.200000000000003 7.4 46.800000000000004 9.600000000000001 14.4 0.6000000000000001 0.6000000000000001 0.6000000000000001 0 13 0 0.6000000000000001 0.4 0 0.6000000000000001 0 0.6000000000000001 0.6000000000000001 0 0 0 0.6000000000000001 0.6000000000000001 0 0.6000000000000001 0 0 0 0.6000000000000001 0 0 0 0 0 0 0.6000000000000001 0 0 0.6000000000000001 0 0 1 0 3.2 0 0 0 0 0 0.2 0 0 0 0 0 0 0 0 0 0 0 0 0 0.4 0 0 0 3.4000000000000004 2.6 1.2000000000000002 5.4 0 0 4 1.4000000000000001 10.200000000000001 2.2 0 0 3 4 2.4000000000000004 2.6 0 0 5.6000000000000005 0.6000000000000001 0 0 0 0.2 4.2 0 0 0 0 0 0.2 4.2 0 2.2 0 0 2.8000000000000003 18.400000000000002 0 0 0 3.8000000000000003 0 1.4000000000000001 0 0 0 0 0.4 0 0 0 0 0.4 0 0.2 0 0 0 0 0 0 0 0 1.4000000000000001 1.2000000000000002 0 0 0.2 0 0 0.8 0 0 0 0 1.2000000000000002 0.2 0 0 2.8000000000000003 5.2 5.800000000000001 5.800000000000001 0 3.8000000000000003 0 12.200000000000001 4.800000000000001 10 0 2.4000000000000004 0 0 2.4000000000000004 1.8 0 0 0 2.6 0 0 0 0 4.2 0 0 0 0 0 10.4 4.6000000000000005 9.200000000000001 0 0 0 7.6000000000000005 4.6000000000000005 0 0 0 0 0 0 0 0 0 0 0 0 0 0 0.4 0.4 0 0 0 0 0 0 0.4 0 0 0 0 0 0 0 0 0 0.2 0 1.4000000000000001 0 0.4 30.400000000000002 17.8 0.4 21.400000000000002 0 0 0 0 0 0 0 0 0 0 0 0 0 0 0 0 0 0 2 0 0 0 0 0 0 0 0 0 0 
 0 0 0 0 0 0 0 1 0 0 0 0 0 0 0 14.8 0 0 0 0 4.6000000000000005 70 39.400000000000006 41.400000000000006 43.400000000000006 0 6 24 23 104.4 54.400000000000006 30.200000000000003 54.2 12 31 15.8 99 28.6 9.200000000000001 54.800000000000004 13.200000000000001 0.6000000000000001 0.6000000000000001 0.2 0.4 0 0 0.4 0 0.6000000000000001 0.2 0.4 0.8 0 0 0 0.6000000000000001 0.4 0.2 0.6000000000000001 0 0.4 0 0.4 0 0 10 0 0 0 0.6000000000000001 0 0 0.6000000000000001 0 0 0.2 0 0 0 0 0 0 0 0 0 0 0 0 0 0 0 0 0 0 0 0 0 0 0 0 0 0 4 7.800000000000001 1.2000000000000002 0 3 3.8000000000000003 2.4000000000000004 7 7.2 0 0 3.2 0 0.2 6.800000000000001 0 0 2 8 0 0 0 0 5 1.4000000000000001 0.2 0 0 0 4.4 2.2 2.8000000000000003 4.6000000000000005 0 0 0 3.6 0 0 0 0 0 0 0 0 0 0 0 0 0 0 0 0 0 0 2.6 0 0.4 0 0 0 0 0 0 1.2000000000000002 0 0 0 0 0 0.8 0 0 0 0 0.8 0 0.2 0 0.4 0.4 5.2 6 0 0 0 1.8 0 2 0 0.4 2.4000000000000004 0 3.2 0 0 0 2.2 12.8 0 0.2 0 0 14.8 1 3 0 0.2 3 3.6 6.4 0.2 6 0.8 0 3.2 1.6 0 0 0 0 0 0 0 0 0 0 0 0 0 0 0 0 0 0 0 0 0 0 0 0 0 0 0 0 0 0.2 0 0 0 0 0.8 0 0 9.8 14.8 0.4 0.2 0 0 0 0 0 0.8 0 0 0 0 0 0 0 0 0 0 0 0 0 0 0 0 0 2.6 0 0 0 0 0 
 0.4 0.4 0.6000000000000001 0.4 1.2000000000000002 0.6000000000000001 0.4 0.4 0.4 6 15.200000000000001 0.8 0.4 0.4 0.4 15.200000000000001 0.4 0.8 1 1 20.200000000000003 24.200000000000003 112.80000000000001 41.400000000000006 26.8 6 0 19.200000000000003 10.200000000000001 11 20 18.400000000000002 139 18.8 38.2 83.4 36.2 22.6 22.200000000000003 50.800000000000004 0.6000000000000001 0.6000000000000001 0.6000000000000001 1.4000000000000001 0.6000000000000001 0.2 0 0.4 0 0.6000000000000001 0 0 1.4000000000000001 0 0 0 0.8 0.6000000000000001 0.2 0.6000000000000001 0 0 0 0 0 0 0 0 0 0 0.6000000000000001 0 0 0.4 0 0 0 0 0 0 0 0 0 0 0.6000000000000001 3 0 0 0 0 0 6.4 0 0 0 0 0 2.8000000000000003 0 0 0.2 8.6 8 0 0 11.4 1.8 2.8000000000000003 0 1.8 0 1 3 0 3.2 10 6.6000000000000005 2.2 2.4000000000000004 3.8000000000000003 0 0 0 0 0 0 2.8000000000000003 0 0 0 0 0 0 0 0 0 0.4 0 0.2 0 0 0 0 0.8 0 0.8 0 0 0 0 0.8 0 0 0 0 0 0 0 0 0.4 0 0.2 0 0 0 1.8 0 0 0 0.2 0 3.2 0 0.2 0 0 0 0 0.4 0 3.4000000000000004 4.6000000000000005 0.6000000000000001 0 0.2 0 2.8000000000000003 6.2 5.4 0 1.6 4.6000000000000005 1.8 2.4000000000000004 7.4 15.200000000000001 0.8 9.600000000000001 1.6 0.2 0 0 0 0 0 0 0 0 0 0 0 0 2.4000000000000004 0 0.4 0 0 0.4 7.2 0 0 0.4 0 0 0 0.4 0 0 0 6.6000000000000005 0 0 0 0 0 0 0 0 0 0 0 0 0 0 0 0 0 0 7.2 0.4 0 0 0 0 2.2 0 0 0 0 0 3.8000000000000003 0.4 0 0 0 0 0 0 0 0 0 0 0 0 0 0.2 0 0 0 0 0 0 0 0 0 0 0 0 0 0 
 0 0 0 0 6 0.2 0 0 0 0 41.6 29.200000000000003 0 0 0 15.8 0 0 0.8 0.4 34.800000000000004 81.80000000000001 55.400000000000006 33 15.200000000000001 24 19.200000000000003 0 64.4 56 6.6000000000000005 21 24.6 33.2 40.2 82 26.400000000000002 62.400000000000006 10.4 6.4 0.8 1 0.6000000000000001 0 0.6000000000000001 0 0 0.4 1 0.6000000000000001 0.4 0.2 0.8 0 0.6000000000000001 13 0.8 0.6000000000000001 0 0.6000000000000001 0 0.6000000000000001 0 0 0.6000000000000001 0 0 0 0.6000000000000001 0.8 2.4000000000000004 0 0.2 1 0 0 0 8.8 0 0 0 0 0 2.6 0 4.800000000000001 0 0 0 0 0.2 1.4000000000000001 0 0 0.4 0 0 0 0 0 11.600000000000001 1.2000000000000002 2.8000000000000003 0 0 8 4 8.4 9.200000000000001 3.6 0.2 0 11.600000000000001 3.4000000000000004 1.8 0.2 0 3.6 2 2.8000000000000003 1.8 0 0 0 0 0 0 0 0 0 0 0 3.4000000000000004 0 0 0 0 0 0 0 0 0 0 0 0 0 0 0 0 0 0 0.8 0 0 0 0 0 0 0 0 0 0 0 0 2.6 4.6000000000000005 0 1.4000000000000001 0 0 0 8.6 0 0.8 0 0 0.4 0 1 0 2.2 5.800000000000001 5.4 10.4 3.4000000000000004 3 0 3.2 3.4000000000000004 1.8 2.2 3.2 2.2 1.6 0 7.6000000000000005 4.6000000000000005 2.4000000000000004 6.2 8.4 0 0 0 0 0 0 0 0 0 0 0 0 0 0 0 0 0 0 3 0.2 0 0 0 0 0 0 0 0 0 0 0 3.8000000000000003 0 0 0.2 0 0 0 0 0 0 0 0.2 0 0 0 0.2 0 0 0 0 0 0 0 2.4000000000000004 0.4 0.4 0 0.2 0.4 3 2.6 0 0 0 0 0 0 0 0 0 0 0 0 0 0 0 0 0 0 0 0 0 0 0 0 2.8000000000000003 0 0 0 
 0 0 0 0 0 31.200000000000003 12.4 0 0.2 14.4 0.4 0 15.200000000000001 0 0 0 0 0.2 0.4 0 9 63.800000000000004 53.400000000000006 23.200000000000003 108.4 23 10.200000000000001 64.4 0 41.2 13.4 77.4 31.200000000000003 13.600000000000001 66.2 103.2 68.2 65.2 39.800000000000004 10.200000000000001 0.6000000000000001 0.6000000000000001 0.6000000000000001 0.6000000000000001 0.4 0 0 0.4 0 0.6000000000000001 0 0 1 0 0 0 0.8 0.4 0 0.6000000000000001 0 0 0 0.2 0 0 0 0 0 1.6 1 0 0 0.6000000000000001 0 0 0 0.4 0 0.2 0 0 0 0 0 0 0 0 0 0 0 0 0 0 0 0 0 0 1.6 0 2 0 9.600000000000001 11.8 0.2 5.800000000000001 2.4000000000000004 0 9.200000000000001 5.2 4 4.6000000000000005 0 6.2 0 0 2.6 0 2.8000000000000003 0 0 3.8000000000000003 0 0 0 0 0.2 0 0 0 0 0.4 0 0 0.2 0 0.2 0 0 1.6 0 0 0 0 0 0 0 0 0.6000000000000001 0 0 0 0 0 0 0 0 0.2 0 0 0 0 0 0 0 4.4 0 0 0 0 0 0 0.2 0 0 0 0 0 0 0 0 2 3.2 9 4.4 3.4000000000000004 1.8 6.2 0 7.2 7 0.2 3.8000000000000003 0.2 3.8000000000000003 3 0.2 0 2.2 3.6 0 0 0 0 0 0 0.8 0 0 0 0 0 3.6 0 4 0 0 0 1.8 4.800000000000001 0 0 0 0 0 0 0 0 0 0 0 0 0 0 0 0 0 0 0 0 0 0 1.8 0 0 0 0 0 0 0 0 0 0 0 0.2 0 0.4 30.200000000000003 0 0 0 0.2 0 0 0 0 0 0 0 0 0 0 0 0 0 0 0 0 0 2 0 1.6 0 0 0 0 2.8000000000000003 0 0 0 
 0.4 0.4 0.6000000000000001 0.6000000000000001 1 0.4 0.4 0.4 0.4 0.4 0.4 0.4 0.8 0.4 0.4 0.4 0.4 0.4 0.4 0.4 41.2 42.400000000000006 38.6 70 71.60000000000001 104.4 11 56 41.2 0 78.2 26.6 57.6 10.8 39.6 42 14.200000000000001 30 13.4 15.200000000000001 0.6000000000000001 0.6000000000000001 42 0 0.4 0 0 0.4 0 0.6000000000000001 0 0.2 0.6000000000000001 0 0 0 1 0.6000000000000001 0 0.6000000000000001 0 0 0 0.8 0 0 0 0 0 0.6000000000000001 0.6000000000000001 0 0 0.6000000000000001 0 0 0 0 0 0 0 0 0.4 0 0 0.2 0 0 0 0 0 0 0 0 0 0 0 0 0 0 4.4 4.2 4.800000000000001 0 3.4000000000000004 12.200000000000001 0 3.6 8.8 4 0.2 0 0 3.6 3.6 0 0.4 4 1 6.6000000000000005 3.8000000000000003 0 0 0 0 0 4.6000000000000005 1.8 0 0 0 0 3.8000000000000003 4.800000000000001 0 3.2 0 0 5 8.4 0 0 0.4 0 0 0 0 0 0.4 1 0.4 0.4 0 0 0 0 0 0 0 0 0 0.4 0 0 0 0 0 1.6 1.6 0 0 1.8 0 1.4000000000000001 0 0 0 0 1.2000000000000002 0 0.8 0 1.6 1.8 7.800000000000001 4.6000000000000005 0 0 6.2 14 5 8.8 0 4.800000000000001 0.8 7 7.6000000000000005 0.2 0 0 0 0 0 0 0 0 3.8000000000000003 0 0 0 0 0 3.4000000000000004 0 3.2 0 0 0 4.2 9.8 0 0.2 0 0 0 0 0 0 0 0.4 0 0 0 0 0 0 0 0 0 0 0 0 0 0 0 0 0 0 0 0 0 0 0 0 0.8 0 0.6000000000000001 15.8 17.400000000000002 0 0.2 2.6 0 0 0 0 0 0 0 0 0 0 0 0 0 0 0 0 0 6 0 5.2 0 0 0 0 0 0 0 0 
 0 0 0 0 0.2 0 0 0 0 0 0 0 0.4 0 0 0 0 0 0.2 0 4.6000000000000005 2.8000000000000003 15.200000000000001 29.8 32.4 54.400000000000006 20 6.6000000000000005 13.4 78.2 0 78.80000000000001 8.4 6.800000000000001 14.4 44.800000000000004 28.400000000000002 69.2 6.6000000000000005 11.4 0.6000000000000001 0.6000000000000001 0.6000000000000001 0.8 0.4 0.4 13.200000000000001 0.4 0 0.6000000000000001 0.6000000000000001 1.2000000000000002 2.2 0 0 0.4 0.6000000000000001 0.8 0 0.6000000000000001 0 0 0 0 0 0 0.4 0 0 0 1.8 0.6000000000000001 0 0.8 0 0 1.2000000000000002 0 0 0 0 0 0 0.4 0 0 0 0 0 0 0 0 0 0 0 0 0 0 0 0 0 2 5.2 2.6 11.200000000000001 11.200000000000001 0 3.6 8.200000000000001 0 5 6.2 0.4 0 0 1.2000000000000002 0 14.200000000000001 0 0 1.6 9.600000000000001 0 0 1.8 0 0 0 0 0 0 0 10.200000000000001 0 0 0 0 0 0 4.4 0 0 0 0.2 0 1 0 0 0 0 0 0 0 0 0 0 0 0 0 0 0 0 0 0 0 0 0 0.8 0 0 0 0 0 0.8 0 0 0 0 0.8 0 3.6 0.2 3.6 0.2 2 5.6000000000000005 0 0 1.8 13.600000000000001 0 6 0 0.2 0 0 7.800000000000001 2 0 0 2.2 1.8 0 1.8 0 0 2 0 0 0.2 3.2 0 0 2.2 7.6000000000000005 1.4000000000000001 4.2 0 6.2 0 0 0 0 1.4000000000000001 0 0 0 0 0 0 0 0 0 0 0 0 0 0 0 0 0 0 0 0 0 0 0 0 0 0.2 0 0 0 0.2 0.2 0.4 0 30 0.2 0 3.2 0 0 0 0 0 0 0 0 0 0 0 0 0 0 0 0 0 0 0 0 0 0 0 0 0 0 0 0 0 
