 0 60.6 16.6 28.400000000000002 21.6 38.6 34.4 15.200000000000001 9.8 23.8 6.4 47.800000000000004 9.600000000000001 156.8 54.400000000000006 7.6000000000000005 10.4 30.6 51.6 32.800000000000004 0 0 0 0 0.8 0.2 0 0 0 0.2 0 5.2 0 0.4 0.6000000000000001 0 0 0 0.6000000000000001 0 0.6000000000000001 0.6000000000000001 0 0 0 0.6000000000000001 0.6000000000000001 0.4 0 0 0 12 0 0.6000000000000001 13 11.200000000000001 0 0 0 0 0 0.4 0 0.6000000000000001 0 0 0 0 0.6000000000000001 0.6000000000000001 0 0 0 0.2 0 0 0 0 0 0 0 2 2.8000000000000003 3 4.6000000000000005 0 1 8.200000000000001 0 2.2 2.2 3.8000000000000003 0 6 3.8000000000000003 10.8 1.6 5.6000000000000005 2 2.6 0 0 0 0 0 0 0 0 0 0 0 0 5.800000000000001 3.6 0 0 0 0 0 0 0 1.6 0 0 0.6000000000000001 0 0 0 0 0 0 0 0 0 0 0 0 0 0 0 0.4 0 0 0 0 0 0 0 0 0 0 0 0 0 0 0 0 0 0 0 0 0 0 2.2 3 0 10.200000000000001 0 4.6000000000000005 0 2.8000000000000003 2.6 1.6 6.4 4.2 10.200000000000001 5.2 2 2.8000000000000003 8.200000000000001 0 0 0 0 0 0 0 0 0 0 0 0 0 0 0 0 0 0 0 0 0 0 0 0 0 0 0 0 0 0 0 0 0 0 0 0 0 0 0 0 0 0 0 0 0 0 7 0 0 0 0 0 0 0 0 0 0 0 0 0 0 0 0 0 0 0.4 0.2 0 2.2 0 0.4 0 0 0 0 0 0 0 0 0 0 0 0 0 0 0 0 0 0 0 0 0 0 0 0 0 0 0 0 0 0 0 0 0 0 0 0 0 0 0 
 60.6 0 20.400000000000002 54.800000000000004 10 50 42.2 32.2 31.6 16.8 27.200000000000003 41.6 13 29.8 15.4 10.4 10.4 48 74.60000000000001 49.2 0 0.4 0.4 0 0 0.6000000000000001 0 0 0 0.6000000000000001 0.2 0.4 7.6000000000000005 0.4 0.8 0 0 0 8 0.6000000000000001 1.2000000000000002 1.2000000000000002 0 0 0 1 1 1.2000000000000002 0.4 0 0 12.4 0 1.2000000000000002 0.2 1 0 0.4 0 0 0 1 0 1 0 0.8 0 0.4 0.6000000000000001 0.6000000000000001 0 0.4 0.2 0 0.4 0 0 0 0 0.4 2 0.2 0 4.800000000000001 0 10.8 3 12.4 0 3.4000000000000004 3.4000000000000004 0 1.8 8.6 3 0.6000000000000001 0.6000000000000001 5.2 2.2 7 3 0 0 0 0 0 2.8000000000000003 0 0 0 0 0 0 2.6 0 1.4000000000000001 0.2 0 0 5.800000000000001 0 0 0 0.4 0 0 0 0 0 0 0 0 0 0 0 0 0 0 0 0 2.4000000000000004 0 0 0 0 0 1 0 0 0 0 0 0 0 0 0 0 0 0 0 0 3 4.4 7.6000000000000005 0 2 5.800000000000001 4.4 3 0.4 1.8 0 4.4 0 2 0 0 0.2 0.2 0 0 0 0 0 2.8000000000000003 0 2 2 0 0 0 0 0 0 0 0 0.2 0 0 0 0.2 0 0.2 0 0 0 0 0 0 0 0 0 0 0 0.4 0 0 0 0 0.2 0 0.4 0 0 0 0 0 2 0 0 0 0 0 0 0 0 0 0 0 0 0 0 0 0 0 0 0.4 0 0 0.4 1.6 1.2000000000000002 0.2 0 0 0 0 0 0 0 0 0 0.4 0 0 0 0 0 0 0.4 0 0.4 0 0 0 0 0 0 0 0 0 0 0 0 0 0 0 0 0 0 
 16.6 20.400000000000002 0 58 37.4 7.6000000000000005 21.200000000000003 20 32.6 28 8.200000000000001 40.400000000000006 9.4 55.400000000000006 31 74.2 34 53.2 9.200000000000001 9.600000000000001 0.2 0 0 0 0 0.4 33.6 14.4 0 0.4 0.4 0 15.4 0.4 0.4 0 0 0.4 4.4 0 0.6000000000000001 0.6000000000000001 0 0 0 1 1 0.4 0 0 0 0 12.4 13 0.4 0.4 0 0 0 0.2 0 0.4 0 0.4 0 0 0 0.2 0.4 0.2 0 0 0 0.6000000000000001 0 0 0 0 0 0 1.8 3.4000000000000004 2.2 5.800000000000001 0 2.8000000000000003 0 1.6 8 2.8000000000000003 3 4 0 2.8000000000000003 1.8 2.6 0 0 0 2 2.4000000000000004 0 0 0 0 0.4 2.2 0 0 0 0 0 0 0 0 2.6 2.8000000000000003 0 4.2 4.2 0 0 0 0 0 0 0 0.2 0 0 0 0 0 0 0 0.2 0 0 0 0 0 0 0 0 0 0 0 0 0.4 0.4 0 0 0 0 0 0 0 0 0 0 0 0 1.2000000000000002 0 2.6 0 1.2000000000000002 0 1.2000000000000002 7.6000000000000005 0 3.6 0 0.4 0 0 0 4.2 0.8 0 0.2 0 0 0.2 0 0 0 3.4000000000000004 0 0 0 4.2 1 3.6 0 0 0 0 2.2 2.6 0 0 0 2.4000000000000004 0 0 0 0 0 0 0 0 0 0 0 0 0 0 0 0 0 0 0 0 0.2 0.4 0 0 0 0 0 0.4 0 0 0 0 0 0 0 0 0 0 0 0 0 0 18.400000000000002 0.2 0.4 8.4 0 1.8 0.4 0 0 0 0 0 0 0 0.6000000000000001 0 0 0 0.4 0 0 0 0 0 0 0 0.2 0 0 1.4000000000000001 0 0 0 0 0 0 0 0 0 0 0 0 0 0 
 28.400000000000002 54.800000000000004 58 0 31.6 6.800000000000001 21.6 11.200000000000001 23.8 22.400000000000002 32.2 11.200000000000001 15.600000000000001 39.800000000000004 38.6 14.4 34 74.60000000000001 57.400000000000006 21.8 0 0 0 0 0 0 14.8 0.4 0 0.4 0 0 0.2 15 0.6000000000000001 0 0.2 0 1 0 0.6000000000000001 0.6000000000000001 0 0.2 0 0.4 13 0.4 0 0 0 0.2 0 0.6000000000000001 0.2 0.4 0 0.4 0 0 0 0.4 0 0.6000000000000001 0 0 0 0 0.6000000000000001 0.4 0 0 0 0.6000000000000001 0.2 0 0 2.2 0 2 4.800000000000001 6.800000000000001 1.8 7.4 2 2.8000000000000003 3.6 0 6.4 2.6 0 2.4000000000000004 0 0.2 0 7.4 2 0.2 0.2 0 0 2.4000000000000004 0.4 0 0 0 4 0 0 0 0 0 0.2 0 1.6 0.6000000000000001 0 0 8.6 0 0 0 0 0 0 0 0 0 0 0 0 3.2 0 0 0 0 0 0 0 0 0 0 0 0 0 0 0.4 0 0 0 0 0 0 2.2 0 0 0 0 0 0 0 0 1 3.2 0 2.2 0 0 1 1.6 0 2.4000000000000004 0 0 1.4000000000000001 6.800000000000001 3.8000000000000003 0 0 0.2 0 2 0 0 0 0 0.4 0.2 0 0 0 0 4 1.6 0 0 0 0 7.2 2 0 0 0 0 0 0 0 0 0 0 0 0 0 0 0 0.4 0 0 0 0 0 0 0 0 0 0.2 0.4 0 0 0 0 0 0 0 0 0.2 0 0 0 0 0 0 0 0 0 0.4 17.6 0 0.2 17.6 0 0.4 0 0 0 0 0 0 0 0 0 0 0 0 0 0 0 0 0 0 6.2 0 0 0 0 0 7.2 0 0 0 0 0 0 0 0 0 0 0 0 0 
 21.6 10 37.4 31.6 0 80.4 11.200000000000001 10.600000000000001 48.6 15.8 56.6 39 13.600000000000001 18.6 31.400000000000002 55.800000000000004 28.200000000000003 90 17.400000000000002 60.400000000000006 0 0.2 0 0.4 0.2 0 28.400000000000002 0 0 0.4 0.6000000000000001 0.4 47 0.8 0.6000000000000001 0 0.6000000000000001 0 15.8 16.2 0.6000000000000001 0.6000000000000001 0 0.6000000000000001 0.4 0.4 0.6000000000000001 0.6000000000000001 1.2000000000000002 0 0.4 1.2000000000000002 0.2 0.6000000000000001 0.4 0.4 0 0 0 0 0.6000000000000001 0.4 1 0.4 0.8 6.2 0 1.2000000000000002 0.4 0.2 0 0.2 0 0.6000000000000001 1.2000000000000002 1.2000000000000002 1 0 1 1 0.4 3.8000000000000003 1.4000000000000001 2.8000000000000003 5.4 7 0.2 4.800000000000001 4.2 5.800000000000001 4 2.2 0 0 0 4.6000000000000005 2.8000000000000003 0 0 0.2 0 7 2 4.800000000000001 0 0 1 0 0 0.2 3.6 0.2 1.6 0 4.4 2.4000000000000004 0 0 0 0 0 0 0.2 0 0 0 0 0 2 0 0.4 0 2.8000000000000003 0 0 0 0 0 0 0 0 0 0 0 0.4 0 0 0 0.2 0 0 0 0.2 0 0 0 0 0 0 0 0 2.4000000000000004 2.2 5.2 6.800000000000001 0 0 0 1.2000000000000002 3.2 4 0.2 0.2 0 0 3.6 6.4 5 1 2.2 2.8000000000000003 3.4000000000000004 0 0.2 4.4 0 0 6 3.4000000000000004 0 0 3.2 6 8.8 0 0 0 3.8000000000000003 0.2 3.4000000000000004 0 0 0 0 0 0 0 0 0 0 0 0 0 0 0 0 0 0 0 0 0 0 0.4 0 0 0 0 0 0 0 0 0 0 0 0 0 0 0 0 0 0 0 0 0 0 0 0.8 0.4 18.6 1 0.8 0 0 0 0 0 0.4 0 0 0 0 0 0 0 0 0 0 0 0 0 0 0 0 0 0 5.4 0 6.800000000000001 0 0 0 0 0 0 0 0 0 0 0 0 
 38.6 50 7.6000000000000005 6.800000000000001 80.4 0 22.6 44.400000000000006 28 9.600000000000001 86.80000000000001 12.8 6.4 13.200000000000001 50.2 33.6 13.600000000000001 13.200000000000001 26 15.200000000000001 9 0 0 0 0 0 0 7.4 0.2 0.6000000000000001 0.2 0 14.8 0.4 0.4 0 1.6 0.2 21.6 30 0.6000000000000001 0.6000000000000001 0 0 0 0.4 0.6000000000000001 0.4 0 0 1.2000000000000002 0.4 0.4 0.6000000000000001 0 0.4 0 0 0 0.4 0 0.4 0 0.6000000000000001 0 0 0 0 0.6000000000000001 0.6000000000000001 0 0 6.800000000000001 0.8 0 0 0.4 0 0 6.800000000000001 2 3.4000000000000004 0 4.2 8.6 11.600000000000001 0 5.800000000000001 0 1.8 0 2.8000000000000003 0 4.4 1.6 4 0 5.2 0 0 3.2 2.6 4.2 4 0 0 0 0.6000000000000001 0 0 6 0 4.6000000000000005 6.800000000000001 2.8000000000000003 0.6000000000000001 1 0 4.800000000000001 4.2 0 0 0 0 0 0 0.2 0 0 0 0 0 0 0 0 0 0 2.4000000000000004 0 0 0 0 0 0 0 1 0 0 0 0 0 0.6000000000000001 0 0 0 0 1.6 0 0 0 0 2.8000000000000003 0 1.6 7.2 2.4000000000000004 0 0 4.2 0.2 0.2 6.4 3.8000000000000003 3 4.4 3 2.8000000000000003 4.2 0 2.8000000000000003 0 3.4000000000000004 0 0 0 0 0.2 0 3.8000000000000003 0 5.2 0 7.2 3.4000000000000004 0 1.8 0 0 9.600000000000001 2 0 0 0 0 0 0 0 0 0 0 0 0 0 0 0 0 0 0 0 0 0 0 0 0 0 0 0 0 0 0.4 0 0 0.2 0 0 0 0 0 0 0 0 0 0 0 0 0.4 17.2 0 1.4000000000000001 0.8 0.6000000000000001 1 0 0 0 0 0 0 0 0 0 0 0 0 0 0 0 0.2 0 0 0 0 0 0 0 0 3.6 0 0 0 0 0 0 0 0 0 0.6000000000000001 2.8000000000000003 0 0 
 34.4 42.2 21.200000000000003 21.6 11.200000000000001 22.6 0 16.6 58.800000000000004 7.6000000000000005 28 8 34.4 35.6 9.4 29 8.8 25.6 20.8 26 0 0.4 0.4 0.6000000000000001 0 0 0 0 0 0.4 0 0 0 0.4 0.4 0.6000000000000001 0 1 0.6000000000000001 0 0.6000000000000001 1.8 0 0.8 0 0.4 0.6000000000000001 0.6000000000000001 0 0 0 12.4 0 0.6000000000000001 0.8 1.6 1.2000000000000002 0 0 0 0 1.4000000000000001 0.2 0.6000000000000001 1 0.2 0 0.4 0.6000000000000001 0.4 0 0 0 0.6000000000000001 1 0 0 0 0 0 0.8 2.4000000000000004 0.6000000000000001 0 1.8 0 9.4 5.6000000000000005 0 0 0 0 3.6 1.8 0.2 6.6000000000000005 0 0 0.2 5.4 0 0 0 0 0 0 0 0 0 0 0 0 0 0.4 0 0 0 0 0 0 0 0 0 0 0 0 0 0 3 0 0 0 2.6 0 0 0 0 0 0 0 1 0 0 0 0 0 1.8 0 0 0 0 0 0 0.4 0 0 0 0 0 0 8.8 2 0 0 2.4000000000000004 0 0 6.2 0.4 0 0 0 9.8 0.2 4 0.2 0 4.4 3 5.6000000000000005 0 0 0 0 0 0 0 0 0 0 0 0 0 0 1.8 0 0 0 0 0 0 0 0 0 0 2 0 0 0 0 0.2 0 0 0 0 0 0 0 0 0 0 0 0 0 0 3.8000000000000003 0 0 0 0 0 0 0 0 0 0 4.4 0 0 0 0 0 0 0 0 0 0 0.4 18.6 0.2 0 0.6000000000000001 0 0 0.4 0 0 0 0 0 0 0 0 0 0 0 0 0.4 0 0 0 0 0 0 0 0 0 0 0 0 0 0 0 0 2 0 0 0 0 0 
 15.200000000000001 32.2 20 11.200000000000001 10.600000000000001 44.400000000000006 16.6 0 40.400000000000006 24.400000000000002 6.2 7.2 25.8 11.200000000000001 19 37.6 36.6 22 24.200000000000003 26.8 0 0 0 0 0 0.2 0 0.6000000000000001 0.2 0.6000000000000001 0 0 0.6000000000000001 0 0.4 0 0 0 5.2 0 0 0 0 0 0 0 0 0.4 1 0 0 0.6000000000000001 0 0.2 0.4 0.4 0 0 0 0 0 0.6000000000000001 0.4 0 0 0 0.4 0.4 0 0 0 0 0.4 4.800000000000001 0.6000000000000001 0.8 0 0 0 0.6000000000000001 5.6000000000000005 1.6 3.6 0 0 2 1.8 5.800000000000001 5 1.8 0.2 3.2 3 5.6000000000000005 4.800000000000001 0.2 5.6000000000000005 6.6000000000000005 4.6000000000000005 1.6 0 0 0 0 0 0 0.2 0 0 0 0 0 3 0 0 3.6 0 0 0 1.8 0 0 0 0 0 0 0 0 0 0 0 0 0 0 0 0 0 0 0 0 0 0 0 0 0 0 0 0 0 0.4 0 0 0 0 0 0.4 0 0 0 0 0.2 2.2 0 3.6 0 0 4.6000000000000005 0 0 6.6000000000000005 6.4 3.8000000000000003 2.8000000000000003 2 4.800000000000001 5.2 3.2 2 0 2 0 0.2 0 0 0 0 0 0 0 0 0 0 0 0 0 0 0 0 4.6000000000000005 0 0 0 0 0 0 0.4 0 0 0 0 3.8000000000000003 0 0 0 0 0 0 0 2.2 0 0 0 0 0 0.4 0 0 0 0 0 0 0.2 0 0 0 0 0 0 0.2 0 0 0 0 0 0 0.4 19 0 0 0 0 0.4 0 0 0 0 0 0 0 0 0.2 0 0 0 0 0 0 0 0 0 0 0 0 0 0 0 0 0 0 0 0 0 0 0 0 0 0 0 0 0 
 9.8 31.6 32.6 23.8 48.6 28 58.800000000000004 40.400000000000006 0 11 30.200000000000003 16 14.200000000000001 38.6 82.4 112.2 31.400000000000002 7.800000000000001 23 13.200000000000001 0 0 0 0 0 0 0.2 0 0 0.2 0 0 8.200000000000001 0.8 0.6000000000000001 0 0 0 16 0 0.6000000000000001 0.6000000000000001 0 0 0 13 0.6000000000000001 0.4 0 0 0 0.4 0 0.6000000000000001 0 0.4 0.2 0 0 0 0 10.4 0 0.6000000000000001 0 4.4 0 0.6000000000000001 0.6000000000000001 0.6000000000000001 0 0.2 0 0.6000000000000001 10.8 0 0 0 0 0 2 8.4 2.8000000000000003 6.4 3.2 10.8 0 3.2 7.2 8.4 0 2.2 0 2.6 3.4000000000000004 3.2 0 7.4 2.2 0 0.2 0 0 0 0 0 0.2 0 0 3.4000000000000004 0 0 0 2.8000000000000003 0 5.2 0 0 2.2 2.4000000000000004 0 0 0 0 0 0 0 0 0 0 0 0 0 0 0 0 0 0 0 0 0 0 0.4 0 0 0 6.2 0 0 0 0 0 0 5.800000000000001 0 0 0 0 0 0 0 3.4000000000000004 0 6.800000000000001 0 0 2 0.2 5 10 3.6 0.2 4 4 0 4.2 4.4 2.6 0 0 0 0 0.4 0 0 0 2.4000000000000004 0.2 0.4 0 0.2 0.2 2 3.2 0 0 0 0 5.4 0 0 0 0 0 0 0 0 0 0 0.4 0 0 0 0 0 0 0 0 0 0 0 0 0 0 0 0 0 0 0 0 0.2 0 0 0 0 0 0.2 0 0 0 0 0 0 0 0 0.2 38.400000000000006 0 0 0 3.8000000000000003 1.2000000000000002 2.8000000000000003 0 0 0 0 0 0 0 0 0 0 0 0 0 0 0 0 0 0 0 0 0 0 0 3.6 0.2 0 0 0 0 0 0 0 0 0 0 0 0 
 23.8 16.8 28 22.400000000000002 15.8 9.600000000000001 7.6000000000000005 24.400000000000002 11 0 13.4 40.800000000000004 13 16.8 88.60000000000001 42 44.400000000000006 31.200000000000003 17.6 42 0 0 0 0 0 0 0 0 0 0 0 0 0 0.6000000000000001 0.6000000000000001 0 0 0 8 0 7.2 0.6000000000000001 0 0 0 0.6000000000000001 0.6000000000000001 0.4 0 0 0 0 0 13.200000000000001 0.4 0.6000000000000001 0 0 0 0 0 0.4 0 0.6000000000000001 0 0 0 0 0.6000000000000001 0.6000000000000001 0 10.200000000000001 0 0 0 0 0 0 0 0 5.800000000000001 1.2000000000000002 4 5.2 0.2 0.2 2 1.2000000000000002 4.800000000000001 0 10.4 3.2 0 0.2 0.2 1.8 4.4 2.4000000000000004 2.4000000000000004 1 9.600000000000001 0 0 0 0 0 5.800000000000001 0 0 0 0 0 1.8 0 0.2 2.8000000000000003 3.4000000000000004 0 5.4 8.6 0 1.2000000000000002 0 0 0 0 0 0 0 0 0 0 0 0 0 0 0 0 0 0 0.2 0 0 0.4 0 0 3 0 0 0 0 0 0 0 0 2.6 0.4 1.8 0 0 1.6 4.6000000000000005 3.6 2.4000000000000004 0.2 3.4000000000000004 3 1.8 4.2 0 3.8000000000000003 2.4000000000000004 2 4 1.4000000000000001 0.4 3.8000000000000003 4.4 0.8 3.2 0.2 0 0 0 0 0 0 4 0 0 0 0 0 0 0 0 0 0 2 2 0 0 0 0 0 0 0 0 0 0 0 0 0 0 0 0 0 0 0 0 0 0 0 0 0 3 0 0 0 0 0 0 0 0 0 0 0 0 0 0 0 2.6 0 0 0 0.4 0.2 0 18.2 17.8 0 0.6000000000000001 0 0 0 0 0 0 0 0 0 0 0 0 0 0 0 0 0 0 0 0 0 0.4 0 0 0 0.2 0 0 0 0 0 0 0 0 0 0 0 0 
 6.4 27.200000000000003 8.200000000000001 32.2 56.6 86.80000000000001 28 6.2 30.200000000000003 13.4 0 47 8.6 50.2 36.800000000000004 77.60000000000001 19.6 79.4 5.800000000000001 21 0 0 0 0 0.4 0.2 2 0 0 0 0 0 0.4 0.2 0.6000000000000001 0 0 0 0.6000000000000001 0 0 0 0 0.6000000000000001 0 0 0 0 1 0 0 0 0 11.600000000000001 0.4 0 0 0.4 0 0 0 0.6000000000000001 0 0.4 0 3.2 0 0.6000000000000001 0.6000000000000001 0 0 0 0.4 0 0.6000000000000001 0.2 0.2 1.2000000000000002 0.4 0.6000000000000001 0 4.4 1.4000000000000001 7.4 2.2 3 0 2.8000000000000003 3.2 5.2 2.6 3.8000000000000003 0 2.6 5.4 3.6 0 10 2.6 0 0 5 0.2 0 0 0 3.2 0 1.4000000000000001 0 0 0 8 3.4000000000000004 2 3.8000000000000003 2.4000000000000004 0 1.6 0.4 0 0 0 0 0 0 0 0 0 0 0 0 3 0 0 0 0 0 0 0 0 0 0 0 0 0 0.2 0 0 0 0 0 0 0.4 0 0 3.2 0 0 0 0 3.2 0.4 6.6000000000000005 1.2000000000000002 3.6 2 0 3.2 6.800000000000001 8.6 2.8000000000000003 4 3.8000000000000003 4.800000000000001 7.2 5.4 4 2.4000000000000004 6.2 0.2 0 0 0 0 0 0.6000000000000001 2.2 0 0 0 0 2 2.8000000000000003 0 0 0 2.6 1.8 0 0 0 0 0 0 0 0 0 0 0 0 0 0 0 0 0 0 0 0 0 0 0 0 0 0 0 0.4 0 0 0 0 0 0 0 0 0 0 0 0 0 0 0 0 0 0 0.8 8.4 0.2 0.6000000000000001 9.4 0.2 0.4 2.8000000000000003 0 0 0 0 0 0 0.4 0 0 0 0 0 0 0 0 0 0 0 0 0 0 0 1.6 0 2.2 0 0 0 0 0 0 0 0 0 0 0 0 
 47.800000000000004 41.6 40.400000000000006 11.200000000000001 39 12.8 8 7.2 16 40.800000000000004 47 0 9.4 10.4 37 18.2 20.8 59 15.200000000000001 7 0 0 1 0.4 0 0 27 0.2 0.4 0 0 0.2 12.8 33.6 0.6000000000000001 0 3.8000000000000003 0.6000000000000001 30.6 0.4 0.6000000000000001 0.6000000000000001 0 0 0 0.6000000000000001 0.6000000000000001 0.4 0 0 0 0 0 13.200000000000001 0 0.6000000000000001 0 0 0.4 0 0 10 0 0.6000000000000001 0 0.6000000000000001 0 1.6 0.8 0.8 0 0 0 0 0 0 0 0 0 0 0 4.6000000000000005 0.4 4.800000000000001 0 2.6 0.2 0.4 2 1.4000000000000001 5.4 1.8 0 0 1.6 0 0 3 2.4000000000000004 0.2 2.2 0 0 0 0 0 5.4 0 6.2 0 0 0 4.4 0 1.8 4.2 1.6 0 5 0 0 0 0 0 0 0 0 0 0 0 0 0 0 0 0 0 2.6 0 0 2.4000000000000004 0.2 0 0 0 0 0 0 0 0 0 0 0 0 0 0 0 0 0 0 0 0 2.2 0.4 4.800000000000001 0.4 5 1.6 0.2 2.2 2.6 4.2 0 3 2.6 2.8000000000000003 0 1.2000000000000002 0 0.8 0 1.8 2.6 0 0 0 0 8 6.4 0 1 0 2.2 4.4 0 0 0 0 0 2.4000000000000004 3 0 0 0 0 0.4 0 0 0 0 0 0 0 0 0 0 0 0 0 0 0 0 0 0 0 0 0 0 0 0 0 0 0 0 0 0 0 0 0 0 0 0 0 0 0 0 1 0.2 0.4 0.4 17.400000000000002 0.2 0.4 4.800000000000001 0 0 0 0 0 0 0 0 0 0 0 0 0 0 0 0 0 0 0 0 0.2 0 2.8000000000000003 3.2 1.2000000000000002 0 0 0 0 0 0 0 0 0 0 0 0 
 9.600000000000001 13 9.4 15.600000000000001 13.600000000000001 6.4 34.4 25.8 14.200000000000001 13 8.6 9.4 0 75.2 49.6 6.6000000000000005 8.6 7.2 40.800000000000004 41 0 0 0 0 0.6000000000000001 0 0.6000000000000001 0.6000000000000001 0 0.8 0.2 0.8 0 0.4 0.8 0 0 0 0.6000000000000001 0.4 0.6000000000000001 0.6000000000000001 0 1 0 0.4 0.6000000000000001 0.4 0 0 0 0 0.2 0.6000000000000001 0 0.4 0.2 0 0.2 0 0 0.4 0 0.6000000000000001 0 0 0 0 1 0.6000000000000001 0 0.6000000000000001 0 0.6000000000000001 0 0.2 0 0 0 0 0 0 1.8 0 0 0 1.6 0 0 0 0 0.6000000000000001 4.800000000000001 9.4 2 0 2 4.4 4.6000000000000005 0 0 0 0 0 0 0 0 0 0 0 0 2.8000000000000003 0 0 4 0 0 0 2.8000000000000003 0 0 0 0 0 0 0 0 0 0 0 0 0 0 0 0 0 0 0 0 0 0 0 0 0 0 0 0 0 0 0 0 0 0 0 0 0 0 0 0 0 0.2 0 3.2 0 7.6000000000000005 2.6 3.2 0 0 0 0 0 0 2.4000000000000004 0 2.4000000000000004 0 4.4 5 3.8000000000000003 0 0 0.4 0 0 0 0 0 0 0 0 0 0 0 0 0 0 0 0 0 0 0 0 0 0 0 0 0 0 0 0 0 0 0 0 0 0 0 0 0 0 0 0 0 0 0.4 0 0 0 0 0 0 0 0 0 0 0 0 0 0 0 2.4000000000000004 0 0 0 0 0 0 0.6000000000000001 0 0 0.4 0 0 0 0 0 0 0 0 0 0 3 0 0 0 0 0 0 0 0 0 0 0 0 0 0 0 0 0 0 0 0 0 0 0 0 0 0 0 
 156.8 29.8 55.400000000000006 39.800000000000004 18.6 13.200000000000001 35.6 11.200000000000001 38.6 16.8 50.2 10.4 75.2 0 24.6 8.4 6.4 18 44.2 45.2 0.4 0 0 0 15 0 0 0 0 0.4 0 0 0.4 1 0.4 0 0 0 0.6000000000000001 0 0.6000000000000001 0.6000000000000001 0 0 0 7.2 0.6000000000000001 0.4 0 0 0 12.8 0 0.6000000000000001 0.4 0.4 0 0 0 0 0 0.4 0 0.6000000000000001 0 0 0 0 0.6000000000000001 0.4 0 0 0 0.6000000000000001 0 0 0 0 0 0 2.4000000000000004 0 2 0 0 0 1.8 4 0 2 0 0 3 4.2 7.6000000000000005 4.6000000000000005 2 0 0.8 1.8 0 0 0 0 0 0 0 0 0 0.2 0 0 0 0 3.8000000000000003 0.4 0 3.8000000000000003 0 0 0.2 0 0 0 0 0 0 0 0 0 0 0 0 0 0 0 0 0.4 0 0 0 0 0 0 0 0 0 0.4 3.2 0 0 0 0 2.8000000000000003 0 0 0 0 0 0 0.2 0 2 0 1.4000000000000001 0 4.2 0.2 0.2 0 0 0.2 0.2 4 0.2 12.8 0 0 11.4 4 0 0 0 0 0 0 0 0 0 0 0 0 0 0 0 0 0 3.6 0 0 0 0 0 0 0 0 0 0 0 0 0 0 0 0 0 0 0 0 0 0 0 0 0 0 0 0 0 0 0 0 0 0 0 0.2 0 0 0 0 0 0 0 0 0 0 0 0.6000000000000001 0 0.4 0.4 0.4 0.4 1.2000000000000002 0 0 0 0 0 0 0 0 0 0 3 0 0 0 0 0 0 0 0 0 0 0 0 0 0 0 0 0 0 0 0 0 0 0 0 0 0 0 
 54.400000000000006 15.4 31 38.6 31.400000000000002 50.2 9.4 19 82.4 88.60000000000001 36.800000000000004 37 49.6 24.6 0 67 86.4 41.800000000000004 11.600000000000001 17.8 0 0 0 0 0 0 0.4 0 0.4 0.2 0 0 0 0.4 0.6000000000000001 0 0 0 7.6000000000000005 1.2000000000000002 0.6000000000000001 0.6000000000000001 12.600000000000001 0 0 0.4 0.6000000000000001 0.4 0 0 0 0.2 0 0.6000000000000001 0.4 0.4 0 0 0 0 0 0.4 0 0.6000000000000001 0 0 0 0 0.6000000000000001 0.6000000000000001 0 0 0 0.6000000000000001 0.2 0 0 0 0 0 5.6000000000000005 6.800000000000001 5.6000000000000005 5.6000000000000005 0 2.4000000000000004 1.2000000000000002 1.4000000000000001 8.200000000000001 5.6000000000000005 4.2 2 0 3.6 4 5.2 3.2 1.8 0 2.4000000000000004 0 0 0 0 0 0 4.6000000000000005 0 0 0 0 0 3 0 0 0 0 0 5.2 2 15.600000000000001 0 0 0 0 0 0 0 0 0 0 0 0 0 0 0 0 0 0 0 0 0 0 0 0 0 0 0 0 0 0 0 0 0 0 0 0 0 0 0 3 4.800000000000001 1.8 2 0 0 0.2 3.2 1.6 3 6.6000000000000005 7.4 1.8 0.2 6.4 6 9.8 6 0 0 0 0 0 1.2000000000000002 0 0 0.8 0 0 0 0 0 0.4 2.6 0 0 4.4 0 6.6000000000000005 2.2 0 0 0 0 0.4 0 0 0 2.2 0 0 0 0 0 0 0 0 0 0 0 0 0 0 0 0 0 0 0 0 0 0 0 0 0 0 0 0 2.4000000000000004 0 0 0 0 2 0 0 0 9.600000000000001 0.4 17.8 17.6 0 1 0 0 0 0 0 0 0 0 0 0 0 0 0 0 0 0 0 0 0 0 0 0 0 11 0 1.4000000000000001 0 0 0 0 0 0 0 0 0 0 0 0 
 7.6000000000000005 10.4 74.2 14.4 55.800000000000004 33.6 29 37.6 112.2 42 77.60000000000001 18.2 6.6000000000000005 8.4 67 0 53.400000000000006 37.2 6 15.200000000000001 1 0 0 0.2 0 0.4 4 0.4 0 0.4 0 0 0.2 0.4 15.8 0 0.6000000000000001 0 26 0 0.6000000000000001 0.6000000000000001 0 0 0 0.6000000000000001 0.6000000000000001 0.4 0 0.2 0 0.2 5.6000000000000005 0.6000000000000001 0.4 0.6000000000000001 0 0 0 0 0 0.4 0 0.6000000000000001 0 0 0 0 1.6 0.6000000000000001 0 0 0 0.4 0.4 0 0 0 0 0 2.2 6 1.6 4.2 0 5 0 1.8 7.800000000000001 7.800000000000001 9.4 2.4000000000000004 0 1.8 0 2.2 6.6000000000000005 1.4000000000000001 0 1.8 0 0 2.6 0 0 0 3.4000000000000004 0 0 0.2 0 0 0 0 2.6 0.4 0 0 3.8000000000000003 2 0 0 0 0 0 0 0 0 0 0 0 4.4 0.4 0 0 0 0 0.4 0 0 0 0 0 0 0 0 0 0 0 0 0.2 0 0 0 0 0 0 0 0 0 2.2 2.2 0.2 1.4000000000000001 1.4000000000000001 0 0.6000000000000001 8 0.4 3.4000000000000004 5.6000000000000005 7.800000000000001 1.6 0 0.8 3.8000000000000003 10 3.2 0 8.6 0 0 0 0 0 0 0 3.4000000000000004 0 0 0 0 1.6 2.4000000000000004 0 0 0 0 10.4 0 0 0 0 0 0 0 0 0 0 0 0 0 0 0 0 0 0 0 0 0 0 0 0 0 0 0 0 0 2.6 0 0 0 0 0.2 0 0 0 0 0 0 0 0 0 0 0 0.2 21.6 0.2 1 18.2 0 20.200000000000003 0 0 0 0 0 0 0 0 0 0 0 0 0 0 0 0 0 0 0 0 0 0 0 1.8 0.2 0 0 0 0 0 0 0 0 0 0 0 0 0 
 10.4 10.4 34 34 28.200000000000003 13.600000000000001 8.8 36.6 31.400000000000002 44.400000000000006 19.6 20.8 8.6 6.4 86.4 53.400000000000006 0 12.200000000000001 5.4 5.4 0 0 1.2000000000000002 1 0 0 3.6 0.6000000000000001 0.2 0.4 0.6000000000000001 0 3 0.4 0.4 0 0.8 1 30.400000000000002 0 0.6000000000000001 0.6000000000000001 0 1 0 1.6 1 0.4 0 0 0 1 0 1 0 0.4 0.8 0 1.4000000000000001 0.8 0.4 0.4 0 0.6000000000000001 0 0.4 0 0.6000000000000001 0.6000000000000001 0.6000000000000001 0 0 0 0.6000000000000001 0 0.8 0 0 0 0 8.4 10.8 3.8000000000000003 0 2 5.800000000000001 2 0.2 5 5 0 5.4 0 3.2 2.8000000000000003 0.4 3.4000000000000004 1 3 0 0.2 0.4 0 0 0 0 1.4000000000000001 0 0 0 0 0 0 0 0 0 0 0 0 0 0 0 0 0 0 0 0 1.6 0 0 0 0 0 0 0 0 0 0 0 0 0 0 0 0 0 0 0 0 0 0 0 0 0 0.2 0 0 0 0 0 0 0.2 2.8000000000000003 3.8000000000000003 0 2.8000000000000003 0 3.2 0 1.8 10.200000000000001 0 2.2 0 3.2 2.2 0.8 5.2 0.2 0 0 0 0 0 0 0 0 3.2 2 0 0 0 2.6 4 0 0 0 0 0 2.8000000000000003 6.4 0 0 0 0 5 0 0 0 0 0 0 0 0 0 0 0 0 1.8 0 0 0 0 0 0 0 0 0 0 0 0 0 0 2 0 0 0 0 0 0 0 0 0.2 0 0 0 0.2 17.2 0 0 0.4 0 0.4 2.8000000000000003 0 0 0 0 0 0 0 0 0 0 0 0 0 0 0 0 0 0 0 0 0 0 0.2 3.6 0 0 0 0 0 0 0 0 0 0 0 0 0 
 30.6 48 53.2 74.60000000000001 90 13.200000000000001 25.6 22 7.800000000000001 31.200000000000003 79.4 59 7.2 18 41.800000000000004 37.2 12.200000000000001 0 8.8 10.4 0.4 0 15.600000000000001 0 0 0 14.600000000000001 0.8 0 0.2 0 0 0.2 0.4 0.6000000000000001 0 0 41.6 5 0 0.6000000000000001 0.6000000000000001 0 0.4 0 0.6000000000000001 0.6000000000000001 0.4 0 0 0 11.4 12.4 0.6000000000000001 0.4 0.6000000000000001 0 0 0.8 0 0 0.4 0 0.6000000000000001 0 0 0 0 0.6000000000000001 0.6000000000000001 0 0 0 0.2 1.2000000000000002 10.4 0 0 0 0 0 0 0 0.4 4.6000000000000005 2 1.2000000000000002 0 0.2 2 6.2 3 0 2.8000000000000003 2.2 1.8 4.6000000000000005 0 0 3.8000000000000003 7.6000000000000005 0 2.8000000000000003 0.6000000000000001 0 0 0.2 0 0 0 3.4000000000000004 0 7.2 0 5.6000000000000005 1.6 0 0 1.6 2.6 0 0 0 0 0 0 2.2 0 0 0 0 0 0 0 0 0 0 0 0 0 0 0 3.8000000000000003 0 0 0 3.4000000000000004 0 0 0 0 0 0 0 0 0 0 0 0 0 5.2 0 2 2.6 5.800000000000001 0 0.2 2.2 0 0.4 2.2 4.4 3 4.4 2.6 7.800000000000001 4.4 2.6 0 3.2 1.8 0 0 0 0 0 0 0.2 0 0 0 0 4 0 0 0 0 0 2.8000000000000003 0.2 0 0 0 0 0 0 3.2 0 0 0 0 0 0 0 0 0 0 0 0 0 0 0 0 0 0 0 0 0 0 0 0 0 0 1.2000000000000002 0 0 0 0 0 3.2 0 0 0 0 0 1 17.400000000000002 0.4 11 1.8 0.4 0.4 0 0.4 0.4 0 0 0 0 0 0 0 0 0 0 0 0 0 0 0 0 0 0 0 0 2 0 0 0 0 0 0 0 0 0 0 0 0 0 0 
 51.6 74.60000000000001 9.200000000000001 57.400000000000006 17.400000000000002 26 20.8 24.200000000000003 23 17.6 5.800000000000001 15.200000000000001 40.800000000000004 44.2 11.600000000000001 6 5.4 8.8 0 47.2 0 0 0 0 0 0 0 15.4 0 0.4 0 0 0 0.4 0.4 0 0 0 0.6000000000000001 0 1.2000000000000002 0.6000000000000001 0 0 0 0.4 0.6000000000000001 0.4 0 0 0.6000000000000001 0 1.2000000000000002 0.6000000000000001 0 1 0 0 0 0 0.6000000000000001 0.4 0 1 0 8.6 0 0 0.4 0.2 0 0 0 0.6000000000000001 1.2000000000000002 0 0 0 0 0 4.2 0 1.8 0 0 0 2 2 0 0 2.2 0 8.6 15.600000000000001 2.4000000000000004 0 0 0 3.6 0 0 0 0 0 0 0 0 0 0 0 0 0 0 0 0 0 0.2 0 0 0 0 0 0 0 0 0.2 0 0 0 0 0 0 0 0 0 0 0 0 0 0 0 0 0 0 0 0 0 0 0 0.2 0 0 0 0 0 0 0 0 0 0 0 4 0.4 0 0 0 0 1.8 0 0 0 0 1.6 3.8000000000000003 0 2.2 0 0 3.2 0 0 0 0 0 0 0 0 0 0 0 0 0 0 0 1.2000000000000002 0 0 0 0 0 0 0 0.2 0 0 0 0 0 0 2.8000000000000003 0 0 0 0 0 0 0 0 0 0.2 0.2 0.4 2.8000000000000003 0 0 0.2 0 0 0 0 0 0 0 0 0 0 0 0 0 0 0 0 0 0 0 0.4 0 0 0.4 0.2 0 0 0 0 0.2 0 0 0 0 0 0 0 0 0 0 0 0 0 0 0 0 0 0 0 0 0 0 0 0 0 0 0 0 0 0 0 0 0 0 0 
 32.800000000000004 49.2 9.600000000000001 21.8 60.400000000000006 15.200000000000001 26 26.8 13.200000000000001 42 21 7 41 45.2 17.8 15.200000000000001 5.4 10.4 47.2 0 0 0 0 0 0 0 0 0 0 0 0 0 0 0.6000000000000001 0.6000000000000001 0 0 0 0.6000000000000001 0 0.6000000000000001 0.6000000000000001 0 0 0 0.6000000000000001 0.6000000000000001 0.4 0 0 0 0 0 0.6000000000000001 0 0.6000000000000001 16 0 0.8 0 0 0.4 0 0.6000000000000001 2.4000000000000004 0.4 0 0 0.6000000000000001 0.6000000000000001 0 0 0 0 0 0 0 0 0 0 0.4 0 4.4 3 0 0 5.2 8.200000000000001 0 0 3.2 0 12.600000000000001 14 2.6 2.8000000000000003 0 0.4 0.4 9.200000000000001 0 0 0 0 0 0 0 0 0 0 0 0 1.6 5.800000000000001 0 0 0 0 0.4 0 0 2.2 0 0 0 0 0 3 0 0 0 0 0 0 0 0 0 0 0 0.2 0 0 0 0 0 0 0 0 0 0 0 0 0 0 0 0 0 0 0 0 3.8000000000000003 2.2 0 0 0 0.4 3 3.8000000000000003 0 0 0 0.2 2 5.2 3.6 5 0 0 10.600000000000001 1.2000000000000002 0 0 0 0 0 0 0.4 0 0 0 0 0.2 0 0 0 0 0 0 0 0 0 0 0 0 0 0 0 0 0 0 0 0 0 0 0 0 0 0 0 0 0 0 0 0 0 0 0 0 0 0 0 0 0 0 0 0 0 0 0 0 0 0.2 0 0 0 0 0.2 0 0 0 0 1 0.2 0 0.2 0 0 0 0 0 0 0 0 0 0 0 0 0 0 0 0 0 0 0 0 0 0 0 0 0 0 0 0 0 0 0 0 0 0 0 
 0 0 0.2 0 0 9 0 0 0 0 0 0 0 0.4 0 1 0 0.4 0 0 0 51.400000000000006 31.200000000000003 81 81.60000000000001 12.4 14.4 74 93.80000000000001 9.200000000000001 55.400000000000006 25.6 53 44.400000000000006 66 36 30 20.400000000000002 4.800000000000001 23.8 0 0 0 0 0.6000000000000001 0 0 0 0.4 0 0.6000000000000001 0.6000000000000001 0.4 0 0.2 5.6000000000000005 0.2 0.8 0 0 0.6000000000000001 0.6000000000000001 0 0 0 0.6000000000000001 0 0 0 1.4000000000000001 0.6000000000000001 0 0 0 0 0 0 0 0 0.6000000000000001 0 0 0 0 2.8000000000000003 0 0 0 0 0 0 1 0 0 0 0 0 0 0 0 0.2 0 3.2 0.2 0 0 5.4 4.6000000000000005 6.4 6.4 6.6000000000000005 8.200000000000001 3.8000000000000003 3 2.8000000000000003 4.2 6.6000000000000005 3 3.4000000000000004 0 0 0.2 0 0 0 0 0 2.2 0 0 0 0 1.8 0 0 0 0 0 4.2 2.2 0 0 0 0 0 1.2000000000000002 0 0.2 0 0 0 0 0 0 0 0 1.4000000000000001 0 0 0 0 0 0 0 3.6 0 1.2000000000000002 0 0.4 0 0.2 0 0 0 0 0 0 0 0 0 0 6.4 2.8000000000000003 3.2 3 3 0 1 4.6000000000000005 0 2 0.4 3.6 0 2.6 1.2000000000000002 3.6 2.8000000000000003 11 0.6000000000000001 0 0 0 0 0 0 0 0 0 0 0 0 0 0 0.2 0 0 0 0 0 0 0 0 0 0 0 0 0.4 0 0 0 0 0 0 0 0 0 0 0 0 0 0 0 0 0 0 0 0 0 0 0 0 0 0 0.4 0 0 0 0 0 3.8000000000000003 0 0 0 0 0 0 0 0 0 0 0.4 0 0 0 0 0 0 0 0 0 0 0 0 0 0 0 0 0 0 
 0 0.4 0 0 0.2 0 0.4 0 0 0 0 0 0 0 0 0 0 0 0 0 51.400000000000006 0 29.400000000000002 30.8 28.200000000000003 20 31 39.400000000000006 32 53.6 12.200000000000001 18.6 23.8 42.800000000000004 42.400000000000006 72.2 22.400000000000002 21.6 23 40 0 0 0 0 1 0 0 0 1 0.8 0.6000000000000001 0.4 2.2 0 0.4 0.2 0.8 1 0 0 0.6000000000000001 0.6000000000000001 0.4 0 0 0.6000000000000001 0 0 0 1 1 0 0 0.8 0.8 0.2 3.8000000000000003 0 0 10.8 0 0 0 0 0.4 0 0 0 0 0 0 2.4000000000000004 0 0 0 0 0 0 0 0 0 2.6 0.4 1.2000000000000002 1.8 0 4.2 3.4000000000000004 4.800000000000001 10.4 0 0 11 0 0 0 2 2.4000000000000004 0 2.2 0 0 0 0 0 0 0.4 0 0 0 0 0 2.6 0 0 0 0 0 1.6 0 0 0.4 0 0 0 0 0 0 0 1.6 0 0 0 0 1.2000000000000002 0 0 1 0 0.2 0 0 0 0 0.2 1.2000000000000002 0 0 1.6 0 0.4 0 0 0 0 0 0 2 0 0 2 1.6 4.2 2.4000000000000004 0 0 2.2 2 2.2 5.4 0.2 2.6 0 2.6 6 20.6 6.2 3.2 0 4.4 0 0.4 0 0.4 0 0 0 0 0 0 0 0 0 0 0 0 0.4 0 0.2 0 0 0 0 0 0 0 0 0 0 3.8000000000000003 0 0 0.4 0 0 0 0 0 0 0 0 0 0 0 0 0 0 0 0 0 0 0 0 0 1 0 0 0 0 0 0.4 0.4 0 0 0 0 1.6 0 0 0 0 0 0 0 0 0 0 0 0 0 0 0 0 0 0 0 2.8000000000000003 0 0 0 
 0 0.4 0 0 0 0 0.4 0 0 0 0 1 0 0 0 0 1.2000000000000002 15.600000000000001 0 0 31.200000000000003 29.400000000000002 0 63.6 40.6 61.6 12.8 55.800000000000004 14 89.2 10 22.8 13.8 11 14.600000000000001 64.60000000000001 47.400000000000006 45.800000000000004 28 7.2 0 0.2 0 0.8 0.6000000000000001 0 13 0.8 0.4 2 1.4000000000000001 0.8 0.4 0 0.2 0 1.8 1.2000000000000002 0 40 0.6000000000000001 0.6000000000000001 0 0 0 0 0 0 0 0.6000000000000001 0.6000000000000001 0.4 0 0 0 0.2 0 0 0 0.6000000000000001 0 0 0 0 0 0 0 0 0 0 0 1.8 0 0 0 0 0 0 0 0 3.8000000000000003 0 4.4 2.4000000000000004 2.2 4.4 3 0 3.4000000000000004 1.4000000000000001 2.4000000000000004 3.2 2.8000000000000003 0 1.8 0 3 7.800000000000001 0 0 5 1.4000000000000001 0 0 0 0 0 2 0.2 0 0 0 4.6000000000000005 2.6 3 0 0 0.2 2.4000000000000004 3 0 0 3 0 0 0 0 0 1.8 0 0 0 0 0 0 0 0 0 0 0 0.6000000000000001 0 0 0 0 0 0 0 0 0 0 0 0 0 0 0 0 0 0 0 0 2 1.4000000000000001 2.2 0 9.200000000000001 0 3.2 1.8 4 1.8 2.4000000000000004 0 0 2.2 2 0 0.2 0 1.4000000000000001 2.6 2.2 0 0 0 0 0 0 1.6 0 2.2 0 4 0 0.8 0 4.4 0 2 4.4 0 0 0 0 0 0 0 0 0 0 0 0 0.2 0 0 0 0 0 0 0 0 0 1.8 0 0 0 0 0 0 0 0 0 0 0 3.8000000000000003 0 0 1 31 0 0.4 0 0 0 0 0 0 0 0 0 0 0 0 0 0 0 0 0 0 0 0 0 0 0 0 0 0 0 0 0 
 0 0 0 0 0.4 0 0.6000000000000001 0 0 0 0 0.4 0 0 0 0.2 1 0 0 0 81 30.8 63.6 0 91.60000000000001 80.2 40.2 77.2 56 18.8 107 20.400000000000002 33.4 72.8 26.200000000000003 91.60000000000001 43.400000000000006 40.400000000000006 12.4 10.600000000000001 15.4 0 0 0.2 0.6000000000000001 0 0 0 0.6000000000000001 0.8 0.6000000000000001 0.4 0.6000000000000001 11.200000000000001 10.600000000000001 14.8 0.6000000000000001 0.4 0 0 0.6000000000000001 0.6000000000000001 0 0 0 0 0 0 0 1.6 1.2000000000000002 0 0 0.6000000000000001 0 0 0.2 0 0 0.6000000000000001 0 0 0 0 0 0 0 0 0 0 0 0 0 0 0 0 2.4000000000000004 0 0 0 0.2 0 0 4.800000000000001 2 0 2 5.2 4.2 6 9.600000000000001 2.6 2.6 6.2 0.2 5.6000000000000005 1.6 2.4000000000000004 0 0 3.6 0 0 0 0 0 0 2 0 0 0.8 0 5 0 3.8000000000000003 3.6 0 0 7.2 0.2 0 0 0 0 0 0.2 0 0 0 0 0 0 0.2 0.2 0 0.4 0 1.2000000000000002 0 0.2 0 0 0 0 0 0.2 0 0 0 0 0 0 0 0 0 0 0 0 0 0.4 3 0.8 5 2 4.2 3 0 1.8 3.6 3.6 4.2 3 0.2 0 4.4 1.2000000000000002 6.2 2.4000000000000004 0 0 0 0 0 7.6000000000000005 0 0 1.8 0 0 0 0 0 0 3.8000000000000003 0.2 0 0 0 2 0 0 0 0 0 0 0 0 0 0 0 0 0 0 0 0 0 0 0.4 0 0 0 0 0.2 0 0 0 0 0 0 0 0 0 0 0 1.6 0.4 0.2 7.800000000000001 0 0 4 2.6 0 0 0 12.600000000000001 3.8000000000000003 0 0 0 0 0 0 0 0 0 0 0 0 0 0 0 0 0 0 0 0 0 0 1.6 
 0.8 0 0 0 0.2 0 0 0 0 0 0.4 0 0.6000000000000001 15 0 0 0 0 0 0 81.60000000000001 28.200000000000003 40.6 91.60000000000001 0 60.2 8.200000000000001 73 77.80000000000001 36.6 130.4 10.200000000000001 18.6 56 99.80000000000001 37 16.400000000000002 32.800000000000004 14.4 16 13 0.6000000000000001 0 5.4 0.6000000000000001 8.4 4.4 0 1 0 0.6000000000000001 0.6000000000000001 11.8 0.2 0.4 0.4 0.6000000000000001 0.6000000000000001 0 0.4 0.8 0.6000000000000001 0 0 0 0 0 0.6000000000000001 0 1.6 0.6000000000000001 0 0 2.4000000000000004 0 0.6000000000000001 0 0 0 0.6000000000000001 0 0 0 0 0 0 0 0 0 0 0 0 0 0 0 0 0 0 0 0 3.4000000000000004 0 2 6 2.6 1.6 0.4 5.4 0 1.6 4.2 0 0 0.2 0.8 0 0 2 0 0 0 0 0 0 0 0 0.6000000000000001 2.8000000000000003 0 0 0 0 2.2 0 0 6 0 0 10.600000000000001 0.4 0 0 0 0 0 0 0 0 0 0.8 0 0 0 0 0 0 0 0.8 0 0 0 0 0 0 0 0 0 0 0 0 0 0 0 2.4000000000000004 0 0 0 0 0 0 0 8.6 1.6 2.2 3.4000000000000004 12.600000000000001 0 1.4000000000000001 3.4000000000000004 6 4.800000000000001 2 0 0 0 7 8.200000000000001 10.4 0.4 0.4 3.8000000000000003 1.8 0 0 0 0 1.6 0 0.2 0 0 0 1.8 4.2 1.4000000000000001 0 0 0.4 0 3.6 0 0 0 0 0 0 0 0 0.4 0 0 0 0 0.4 0 0 0 0 0 0 0 0 1.8 0 0 0 0 0 0 0 0 0 0 0 0.8 0.4 0.6000000000000001 0.4 1.2000000000000002 1 2.2 0 0 0 0 0 2.8000000000000003 0 0 0 0 0 0 0 0 0 0 0 0 1.8 0 0 0 0 0.2 0.4 0 0 0 0 
 0.2 0.6000000000000001 0.4 0 0 0 0 0.2 0 0 0.2 0 0 0 0 0.4 0 0 0 0 12.4 20 61.6 80.2 60.2 0 6.800000000000001 39 9.200000000000001 14.8 18.6 40.400000000000006 7.2 70 32.6 86.80000000000001 62.400000000000006 39.2 8 9.8 14.200000000000001 12.200000000000001 0 0 0.6000000000000001 0 0.2 0 1 0 0.6000000000000001 0.8 0.4 24 24.8 5.4 0.6000000000000001 0.4 12.4 17.8 0.6000000000000001 0.6000000000000001 0 0 0 0 0 0 0 10.200000000000001 0.6000000000000001 0.2 0.2 0.4 0 0 0 0 0 0.6000000000000001 0 0 0 0 0 0 0 0 0 0 0 0 5.800000000000001 0 0 0 0 0 0 0 4.6000000000000005 0 2.2 3.2 0 0 0 6 0 3 5.6000000000000005 1.8 0 0 1.8 3.8000000000000003 8.4 3.2 0 0 2.8000000000000003 0 0 2.6 0 0 0 1.8 0 0 1.4000000000000001 0 4.4 1.4000000000000001 5.800000000000001 0.8 0 0 2 4.6000000000000005 0 0 0 0 0.6000000000000001 3.4000000000000004 0 0 0.2 0 0 0 0 0 0 0 0 0 0 4.2 0 0 0 0 0 0 0 0 0 0 0 0 0 0 0 0 0 0 0 0 0 4.6000000000000005 0 3.2 0 11.4 0 2 1.8 0 3.2 0.2 0 0 2.6 0 3.6 2.6 0 0 3.6 3.6 0 2.8000000000000003 0 1.8 1.8 0 2 0 0 0 2 0.4 5 0 2.6 0 2.4000000000000004 4 0 0 0 0 0 0 0 0 0 0 0 0 0 0 0 0 0 0 0 0 0 0 1.8 0 0 0 0 0 0 0 0 0 0 0 0.6000000000000001 0 1.8 15.4 15.200000000000001 0 0.6000000000000001 0 0 0 0 0 0 0 0 0 0 0 0 0 0 0 0 0 0 0 0 0 0 0 0 0 0 0 0 0 
 0 0 33.6 14.8 28.400000000000002 0 0 0 0.2 0 2 27 0.6000000000000001 0 0.4 4 3.6 14.600000000000001 0 0 14.4 31 12.8 40.2 8.200000000000001 6.800000000000001 0 17.2 8.200000000000001 23.400000000000002 22 51 44.400000000000006 9.200000000000001 25.200000000000003 21 26.200000000000003 8 40.400000000000006 24.200000000000003 0 0 0 0 0.6000000000000001 0 0 0 0.4 0 1 0.2 7.6000000000000005 0 0.4 0 0.2 0.6000000000000001 0.2 0 0.6000000000000001 0.6000000000000001 0 0 0 0 0.4 0 0 1.2000000000000002 10.600000000000001 0 0 0 0.6000000000000001 0 0 0.2 0 0.6000000000000001 0 2.4000000000000004 0 4.2 0 2.6 0 0 2.4000000000000004 0.4 4.800000000000001 1.4000000000000001 0 0 0 0 2.6 0 0 0 0.4 7.2 2.6 0 0 0 4.4 0 2 2.4000000000000004 0 0 1.8 1.8 6.2 1.8 0 0.4 4 0 0 0 0 0 0 0 0 0 0 0 0 0 3.8000000000000003 0 0 0 0 0 2.4000000000000004 0 0 0 0 0 0 0 0 0 0 1.4000000000000001 6.4 0 3.4000000000000004 0 0 0 0 1.4000000000000001 0 0.6000000000000001 0 0 0.6000000000000001 2.2 5.6000000000000005 3.2 0 0 0.6000000000000001 0.4 0 1.2000000000000002 0 0 0 0 1.6 3 0.4 0 5 6 1.2000000000000002 0 1.4000000000000001 0 9.8 3.6 2.2 0 1.4000000000000001 4.6000000000000005 6.2 6 2.4000000000000004 0 1.2000000000000002 2 2.2 5 0 0 0 0 0 0 0 0 0 0 0 0 0 0 0 0 0 0 0 0 0.4 0 0 0 0 0 0.4 0 0 0 0 0 0 0 0 0 0 0 0 0 0 0 0 0 0 0 0 0 0 14.8 0 0 0 0 3.2 0 0 0 0 0.4 0.4 1.2000000000000002 0 0 0 0 0 0 0 0 0 0 0 0 0 1.6 2.6 0 0 0 0 0 0 0 0 0 0 0 0 0.2 
 0 0 14.4 0.4 0 7.4 0 0.6000000000000001 0 0 0 0.2 0.6000000000000001 0 0 0.4 0.6000000000000001 0.8 15.4 0 74 39.400000000000006 55.800000000000004 77.2 73 39 17.2 0 35.800000000000004 25.8 38.400000000000006 8.4 15.4 42.2 22.400000000000002 72.8 64.2 50.2 26.6 51.800000000000004 0 0 0 0 0.6000000000000001 0 0 0 0.4 0.2 0.6000000000000001 0.2 0.4 0 0.4 0.8 0.4 0.6000000000000001 0 0 0.6000000000000001 0.6000000000000001 0 0 0 0 0 0 0 1.4000000000000001 0.6000000000000001 0 0 0 0 0 0 0 0 0.6000000000000001 0 5 0 0 0 0 0 0 0 0 0 3.6 0 0 0 0 0 0 0 0 0.4 0 0.2 1.4000000000000001 2.4000000000000004 0 4 2.4000000000000004 7.800000000000001 5 1.8 3.2 3.6 0.4 0 1.6 5.2 0.4 0 0 0 0 0 0 0.4 0 0 0 0 0 2.8000000000000003 0 0.4 0 0 0 0.2 0 11 0 0 0 0 0 0.4 0.4 0 0 0 0.4 0 0 0 0.4 0 0.2 0 2 0 0 0 0 0 0 0 0 0 0 0 0 0.4 0 0 0 0 0 0 0 0 0.2 0 0.2 7.800000000000001 1.8 4.6000000000000005 2.2 0 4.2 0 0 1.4000000000000001 2 0 0 9 9 5.4 4.2 0.4 1.8 0.2 0 0 0 0 0 0 0 0 0 0 0 0 0 0 0 0 0 0 0 0 0 3.2 0 0 0 0 0 0 0 0 0 0 0.2 0 0 0 0 0 0 0 0 0 0 0 0.4 0 0 0 0 0 0 0 0 1 0 0 0 0.4 0.4 4.6000000000000005 0 0 0 0 0 0 0.2 0 0 0 0 0 0 0 0 0 0 0 0 0 0 0 0 0 0 0 0 0 0 
 0 0 0 0 0 0.2 0 0.2 0 0 0 0.4 0 0 0.4 0 0.2 0 0 0 93.80000000000001 32 14 56 77.80000000000001 9.200000000000001 8.200000000000001 35.800000000000004 0 19.6 11 22.6 21 24.400000000000002 17.400000000000002 32.800000000000004 20.6 31.8 29 10.600000000000001 0 0 0 0 0.6000000000000001 0 12.4 0 0.4 0.4 0.6000000000000001 0.2 0.6000000000000001 0 0.4 1 0.2 0.6000000000000001 0 12.200000000000001 0.6000000000000001 0.6000000000000001 0 0 0 0 0 0 0 1.2000000000000002 0.6000000000000001 0 0 11 0 0 0.6000000000000001 0 0 0.6000000000000001 0 0 0 0 0.4 0 0 0 0 0 0 1.4000000000000001 0 0 0 0 0 0 0.4 0 0 0 0.2 0.2 0 2.2 3.8000000000000003 4.2 4 9.600000000000001 3.8000000000000003 4.2 2.6 3 1 4 6.6000000000000005 5.4 0 0 4.800000000000001 0 0 0 0 0 0 0 0 0 0 0 4 0.2 0 0 0 0 3 0 0 3.6 0.6000000000000001 0 0 0 0 0 0.6000000000000001 0.2 0 0.2 0.4 1 0 0 0 0 0 0 0 0 0.8 0 0 0.2 0 0 0 0 0.4 0 0 0 0 0 0 0 0 0.2 0 1.6 10 1.6 3.8000000000000003 0 2.2 1.8 3.8000000000000003 6.2 1.6 3.4000000000000004 0 0 6.4 4 2.8000000000000003 0 0 2 0 0 0 0 0 0 0 0 0 0 0 0 0 0 0 0 0 0 2 0 0 0 0 0 0 0 0 0 0 0 0 0.2 0 0 0 0 0 0 0 0 0 0 0.2 0 0 0 0 0 0 0 0 0 0 0 2.4000000000000004 0.2 0 0.2 0 0.4 4.6000000000000005 0 0 0 0 0 3.8000000000000003 0 0 0 0 0 0 0 0 0 0 0 0 0 0 0 0 0 0 0 3.6 0 0 0 
 0.2 0.6000000000000001 0.4 0.4 0.4 0.6000000000000001 0.4 0.6000000000000001 0.2 0 0 0 0.8 0.4 0.2 0.4 0.4 0.2 0.4 0 9.200000000000001 53.6 89.2 18.8 36.6 14.8 23.400000000000002 25.8 19.6 0 19.400000000000002 24.8 28.400000000000002 80 62.400000000000006 27.200000000000003 50 28.200000000000003 14.200000000000001 16 0 0 0 41.6 0.6000000000000001 0 12.8 0 0.4 0 0.6000000000000001 0.4 0.4 0 0.2 0 1.6 0.6000000000000001 0 17.6 0.6000000000000001 11.4 0 0 0 0 0 0 0 0.6000000000000001 0.6000000000000001 0 0 0 0 4.2 0 0 0 0.8 0 0 0 0 0.2 0 0 0 0 0 0 0 0 0 0 0 0 0 0 0 0 3 3.2 3.6 6.2 2.6 0 0 5.4 0 4.4 1.8 2.6 2.4000000000000004 0.2 0 1.8 1.8 0 0 3.6 2.8000000000000003 0 0 0 0 2 1.8 0 2.6 0 0 2.8000000000000003 3.8000000000000003 4 0 2.2 0.2 4.4 5.4 0 0.2 0 0 0 0 0 0 0 0 0 0.2 0 0 0 0 0 2.6 0 0.4 0 0 0 0 0 0 0 0 0 0 0 0 0 0 0 0 0 0 0 0 7.2 0.2 0.2 1.4000000000000001 5.2 4 0 0 0.2 1.4000000000000001 3.2 0 0 2.6 4.800000000000001 0.2 5.4 2.6 0 0 3.4000000000000004 2.6 0 0.4 0 0 0 0 1.2000000000000002 0.2 0 0 3.8000000000000003 0 2.4000000000000004 0 3 0 0 5.4 0 0 0 0 0 0 0 0 0 0 0 0 0.4 0 0 0 0 0 0 0 0 0 0.2 0 0 0 0 0 0 0 0 0 0 0 2 0 0.4 16 30 0 0.8 3 0 0 0 0 0 0 0 0 0 0 0 0 0 0 0 0 0 2 0 0.8 0 0 0 0 0 0 0 0 
 0 0.2 0.4 0 0.6000000000000001 0.2 0 0 0 0 0 0 0.2 0 0 0 0.6000000000000001 0 0 0 55.400000000000006 12.200000000000001 10 107 130.4 18.6 22 38.400000000000006 11 19.400000000000002 0 83.80000000000001 30.8 14.600000000000001 35 51.400000000000006 74 9.200000000000001 7.4 10.8 19 0 0.2 0.8 0.6000000000000001 0 13.200000000000001 0 0.4 0.4 0.6000000000000001 0.2 26.400000000000002 12.4 12.600000000000001 1 0.4 0.6000000000000001 0 0 0.6000000000000001 0.6000000000000001 0 0 13.200000000000001 0 0 0 0.8 1.2000000000000002 0.6000000000000001 0 0 0 0 0 0 0.4 0 0.6000000000000001 0 0 0 0 0.2 0 0 0 0 0 0 0 0 0 0 0.4 0 0 0 0 0 0.2 0.2 1.2000000000000002 1.6 4.6000000000000005 0 2.6 2.2 10.600000000000001 4 4.800000000000001 3 5.6000000000000005 0.2 6.6000000000000005 11.4 3.4000000000000004 0.4 0 2.2 0 0 0 0 0 2.2 0 0 0 1.4000000000000001 0 6.2 0 3.4000000000000004 1.4000000000000001 0 0 5.6000000000000005 5.2 0 0 0 0 0 0.4 0 0 0 0 0 1.2000000000000002 1.2000000000000002 0 0 0 0 0 0.2 2.8000000000000003 0 0 0 0 0 0.2 0 0 0 0 0 0 0 0 0 0 0 0 0 0 2.8000000000000003 1.8 3.2 3.8000000000000003 0 2.6 2.6 1.4000000000000001 0 0 2 0.4 1.4000000000000001 1.8 2 0 7.800000000000001 3.2 0.2 0.2 2.8000000000000003 0 0 0 0 0 5.800000000000001 0 1.8 0 0 0 0 1.2000000000000002 0 0 0 1.6 4.6000000000000005 2.4000000000000004 0 0 0 0 0.4 0 1.8 0 0 0 0 0 0 0 0 0 0 0 0 0 0 0 0.2 0 0 0 0 0 0 0 0 0 0 0 2.4000000000000004 0.4 0.4 14.4 0.2 0.6000000000000001 0.8 4 0 0 0 5.4 0 0 0 0 0 0 0 0 0 0 0 0 0 1.8 0 1.8 0 2 0 2.2 0 0 0 0 
 5.2 0.4 0 0 0.4 0 0 0 0 0 0 0.2 0.8 0 0 0 0 0 0 0 25.6 18.6 22.8 20.400000000000002 10.200000000000001 40.400000000000006 51 8.4 22.6 24.8 83.80000000000001 0 7.800000000000001 7.2 8.4 17.2 30.6 31.200000000000003 7.2 8.200000000000001 22.8 5.800000000000001 0 0 0.6000000000000001 0.4 30.6 12.600000000000001 0.4 0 0.6000000000000001 0.8 26 13.8 0.2 24.200000000000003 0.2 1 12.600000000000001 8.6 9.8 1 0 0 0 0 0 0 0 5.4 0.6000000000000001 0 0 0 0 0.8 0 0.2 0 0.6000000000000001 0 0 0 0 0 0 0 0 0 0 0 0 0 0 0 0.2 0 0 0 0 0.2 0 0 4 3.2 3.8000000000000003 0 2.8000000000000003 2.6 0 6 1.8 0 0 0 1.4000000000000001 1.6 2.2 0.2 0 2.2 0 0 0 0 0 4 0 0 2 0 0 0.4 1.2000000000000002 2.6 6.2 2 0 3.6 4.2 0 0 0 0 2.2 0 0 2.6 0.2 0 0 0 1.2000000000000002 0 0 0 0 0 0.4 0 0 0 0 0 0 0 0 0 0 0 0 0 0 0 0 0 0 0 0 0 0 1.2000000000000002 2.6 2.8000000000000003 0 3 0 0 0 0 0.2 0.2 0 0.2 2.4000000000000004 0 3.6 1 0 0 9.200000000000001 0 0 0 0 0 3.6 0 2 0 0 0 1.6 6 2.2 0 0 3 0.6000000000000001 3.4000000000000004 0 0 0 0 0.2 0 0 0 0 0 0 0 0 0 0 0 0 0 0 0 0 0 0 0 0 0 0 0 0 0 0 0 0 0 0 0 0 30.8 0.4 0.4 0 0.4 0 0 0 0 0 0 0 0 0 0 0 0 0 0 0 0 0 1.8 0 0 0 1.8 0 1.2000000000000002 0 0 0 0 
