 0 23.6 73 74.4 7.6000000000000005 10.4 83.60000000000001 15.4 22.6 29.8 30 56.800000000000004 29.400000000000002 67.60000000000001 23 66.8 10.8 82.4 50.2 14 0.6000000000000001 0 0 2.2 0 0.4 0 0 0 0.4 0 0.6000000000000001 0 0 0 0 0 0 15 0 0.2 0 0.2 0 0 0 0.4 0 0 0 0 1.8 0 0 0 0 0 0 0 1.4000000000000001 0 6.2 0 0 0 0.4 0 0 0 1 0 0.2 0 0 0 0 20.400000000000002 0 0 0 3.4000000000000004 2.2 7 8.4 3 4.4 0 0.2 2.6 6.4 0 10.8 0 4.6000000000000005 3.8000000000000003 4 7.800000000000001 3.6 2.4000000000000004 0 0 0 0 0 0 0 0 0 0 0 0 0 0 0 0 0 0 0 0 1.8 0 0 0 3.2 0 0 0 0 0 0 0 0 0 0 0 0 0 0 0 0.4 0 0 0 0 0 3 0.2 0 0 1 0 0.2 0 0.2 0 0 0 0 0 0 0.6000000000000001 0 3.2 11.4 2.8000000000000003 0 3.2 1.4000000000000001 11.4 0.2 0.4 3.6 2.8000000000000003 6 0 0 2.6 0.2 0 14.200000000000001 0 0 0 0 0 0 0 0.4 0 0 0 0 0 2.6 0 0 0 0 0 2 0 0 0 0 0 0 0 0 0 0 0 0 0 0 0 0 0 0 0 0 0 0 0 0 0 2 0 0 0 0 0 0 0 0 0 0 0 0 2.6 0 0 0 0 0 0 0.2 0.2 0.4 18 17.6 0 3.4000000000000004 0 0 0 0 0 0 0 0 0 0 0 0.2 0 0 0 0 0 0 0 0 0 0 0 0 0 0 0 0 0 0 0 0 0 0 0 0 0 0.4 
 23.6 0 47.2 9.4 52.2 8.6 18.400000000000002 13.200000000000001 49.6 22.8 10.600000000000001 18.8 58.400000000000006 30.400000000000002 104.80000000000001 44.800000000000004 20.200000000000003 4.800000000000001 8.4 16.2 0.6000000000000001 0 0 0.8 0.4 0.2 14.8 0 0 0.4 0 0.4 15 0 0 0 0 0 23.400000000000002 19.400000000000002 0 0 0 0 0 0 0.6000000000000001 0 0.2 0.4 0 0 1.6 0 0 0 0 0 17.8 0 0 0 0 0 0 0 0 0 0 0.6000000000000001 0 10.4 7.2 0 0 0 0 0 0 0 0 4.2 5.800000000000001 0 3.4000000000000004 4 3.2 2 0 8.6 7.2 0 0 0.4 5.4 3 3 3 0.4 3 0 0 0 0 0.4 0 2.8000000000000003 0 0 0 0 0 0 0 0 0 0 0 0 5.2 0 4.4 0 0 0 0 0 0 0 0 0 0.2 0 0 0 0 0.4 0 0 0 0 0 0 2 0 0 0 0 0 0 0 0 0 0 0 0 0 0 0 0 0 6.2 3.8000000000000003 4.2 0.2 0 6.2 5.4 7.4 2 11.200000000000001 2 0 0 3.2 4.6000000000000005 7 1.6 2 6.2 2.6 0 0 0 0 0 3.4000000000000004 0 0 0 2.4000000000000004 0 6.2 2.4000000000000004 2 0 0.4 0 3.8000000000000003 5 0 0 0 0 0 0 0 0 0 0 0 0 0 0 0 0 0 0 0 0 0 0 0 0 0 0 0 0 0 0 0 0 0 0 0 0 0 0 0 2.8000000000000003 0 0 0 0 0 0 27.6 0 0 17 0 0.2 0 0.8 0 0 0 0 0 0 0 0 5 0 0 0 0 0 0 0 0 0 0 0 0 0 0 2 0 0 0 0 0 0 0 0 0 0 0 0 
 73 47.2 0 55.2 8.200000000000001 79.4 58.400000000000006 64 14.600000000000001 39.400000000000006 19.6 8.200000000000001 31.400000000000002 49.2 39.2 47.6 43.2 10 47.400000000000006 54 0.6000000000000001 0.4 0 1.8 0.6000000000000001 0.6000000000000001 0.2 0 0.8 1.4000000000000001 0.4 0.6000000000000001 0 0 0 0 0.4 0.4 16.400000000000002 14.4 0 0.2 0 0 0 0 1 0 0 0 1.2000000000000002 6.800000000000001 28 0.4 0.4 0 0.8 1.2000000000000002 0 1.2000000000000002 0 0 9.600000000000001 1.6 0 1.2000000000000002 0 0 0 0 0 9.4 0.2 0 0.8 1 0 9.200000000000001 0 0 1.4000000000000001 4.4 2.4000000000000004 0 0 1.6 2.6 5.4 2 5 9.8 2 0 8.8 7 0 0 6.4 0.2 2.6 0 0 0 0 0 0 0 0 0 0 0 0 0 0 0 0 0 0 0 9.600000000000001 0 2.6 0 0 0 0 0 0 0 0 0 3.8000000000000003 0.4 0.2 0 0 0 0 0 0 0 0 0 0 0.2 0 0 0 0 0.8 0 0 0 0 0.2 0 0 0 0 0 0 6.800000000000001 3 0 1.6 3 4 1 2.6 0 8.200000000000001 5.6000000000000005 0 0 0 0.4 0.2 2.4000000000000004 0.4 3.4000000000000004 2 0 0 0 0 0 2.8000000000000003 0 0 0 0 0 0 0.2 0 1.8 0 0 2.8000000000000003 0 0.2 0 0 0 0 0 0 0 0 0 0 0 0 0 0 0.4 0 0 0 0 0 0 0 0 0 0 0 0 0 0 0 0 0 0 0 3.8000000000000003 0 0 0 0 0 0 0 0 0 0 0 0.4 0 0.2 0 1.4000000000000001 5.4 0 0 0 0 0 0 0 0 0 0 0 0 0 0 0 0 0 0 0 0 0.2 0 4.6000000000000005 0 0 0 0 0 0 0 0 0 0.8 0 0 0 0 
 74.4 9.4 55.2 0 74 43.800000000000004 17 63.800000000000004 11.8 41 48.2 33 14.4 34.2 11.600000000000001 18.2 49.800000000000004 30 57.800000000000004 9 1.8 0 0 1.2000000000000002 0 0 15 48.800000000000004 0 1 0 0.4 2 18.400000000000002 0.2 0 0 0 14.600000000000001 0.8 0 0 0 0.6000000000000001 0.6000000000000001 0 0.6000000000000001 0.4 0.4 0.4 0 2.2 0.2 0 0 0 0 0 0 1.4000000000000001 0 0 0 0.2 0 0 0 0 0 0.8 0.6000000000000001 0 1.2000000000000002 0.6000000000000001 0 0 0 0 0.6000000000000001 0 0 0.2 0 1.6 1.2000000000000002 4.2 0 0 0 2.4000000000000004 0 8.6 0 2 3.2 0 0 1.8 0 0.4 1.8 0 5.6000000000000005 0 0.4 0 0.2 2.2 0 0 0 0 0 3.8000000000000003 0 2.8000000000000003 1.4000000000000001 0 0 0 0 2.4000000000000004 0 0 0 0.4 0 0 0.2 0 0 0.2 0 0 0 0 0.4 0 0 0 0.2 0 0 0 0 0 0 0 1.2000000000000002 0 0.2 0 0 3 0 2.8000000000000003 0 0 0 0 0 0.4 1.4000000000000001 0 5.6000000000000005 0 3.6 0.4 0 3.8000000000000003 2 7 0 0.4 0.2 0 2.6 2 1.4000000000000001 0 0 0 0 0 0 0 0 4 0 0 0 0 0 2.6 2.4000000000000004 2.2 0.4 0 5 2.8000000000000003 0 0 0 0 0 0 0 0 0 0 0 0 0 0 0 0 0 0 0 0 0 0 0 0 0 0 0 0 0 0 0 0 0 0 0 0 0 0 0.2 0 0 0 0 0 0 0 0.2 0.2 0 0 2.4000000000000004 2.6 0.2 0 0.4 0 0 0 0 0 0 0 0 0 0 2.8000000000000003 0 0 0 0 0 0 0 0 0 2 3 0 0 0 0 0 0 0 0 0 0 0 0 0 
 7.6000000000000005 52.2 8.200000000000001 74 0 34.4 56 55.400000000000006 25.6 56.2 20.400000000000002 34 21.400000000000002 15.8 59 11.600000000000001 32.2 26.400000000000002 9.200000000000001 13.4 0.6000000000000001 14.8 0 1 0.4 0 20.200000000000003 14.4 0 7 0 0 0 0 15 0 1.2000000000000002 0.4 0.2 14.600000000000001 0 0 1 0 0 0 0.6000000000000001 12.600000000000001 0 0.2 0 0 0.2 0 0 0 0.2 0 0.4 0 0 0 0 0 0 0 0 0 0 0 0 0 1.8 0 0 0 0 0 0 0 0 0 2.8000000000000003 0 2 1.8 0 0 0 1 4 0 0 0 12.600000000000001 0 3.2 0 0 0 0 3.4000000000000004 0.2 2.2 0 0 0 2.2 0 0 1.4000000000000001 0 5.4 3.2 4.6000000000000005 1.8 7 0 2.8000000000000003 3.2 0 2.2 0 3.2 0 0 0 0 0 0 0 0 0 0 0 0 0 0 0 0 0 0 0 0 0 0 0 0 0.6000000000000001 0 0 0 0 0 0 0 0 0 0 0 0 2.2 0.6000000000000001 0.8 1.2000000000000002 3.2 0 18.2 0 2.8000000000000003 0.4 4.4 0 0 2 0 0 9 0.6000000000000001 0 0.2 0 0 0 0 0 5.4 1.8 2 3.4000000000000004 0 0 4 1.6 0 0 0 2 6 2.8000000000000003 0 0 0 0 0 0 0 0 0 0 0 0 0 0 0 0 0 0 0 0 0 0 0 0 0 0 0 0 0 0 0 0 0 0 0 0 0 0 0 0 0 0.2 0 0 0 0.6000000000000001 0.4 0.2 0 0.8 0 1.2000000000000002 0 0 0 0 0 0 0 0 0 0 0 0 0 0 0 0 0 0 0 0 0 0 0 0 0 0 0 0 0 0 0 0 0 0 0 0 0 0 
 10.4 8.6 79.4 43.800000000000004 34.4 0 50 9.8 26.8 12.200000000000001 13.200000000000001 60.400000000000006 6.6000000000000005 31 10.8 71.4 32.2 30 55.800000000000004 55.6 5.2 14.8 0 17.2 0 0.4 0 0 0 0.4 15.200000000000001 0.4 0.4 0 0.4 0 0 12.600000000000001 63.800000000000004 0 0 0 0 0 0 0.2 0.6000000000000001 0.6000000000000001 0 0 0 1.2000000000000002 0 0 0 0.6000000000000001 0 0 0 4 0 0 0 0 0 0.2 0 0 0 0 7 0 0.8 0 0 0 0 0 0.6000000000000001 0.6000000000000001 0 0 0.2 0 5.2 2 0.2 0 0 3.4000000000000004 0.2 6.6000000000000005 0 2.6 4.800000000000001 10.600000000000001 4 0.4 0 0 0.2 2.8000000000000003 0 4.4 0 0 3.8000000000000003 7.800000000000001 0 2.8000000000000003 0.6000000000000001 1.4000000000000001 2.2 1.6 0.2 1.8 0.2 2.6 4 3 0 2 0 0 0.4 0 0 0 0 0 0 0 0 0 0 0 0 0 0 0 0 0 0 0 0.8 0 0 0 0.2 0 0 0 0 0 0 0 0 0 0 0 0 2.2 0 0.2 3.2 0.2 0 0 0 0.2 2.2 3.6 0.2 0 1.4000000000000001 0 0.2 3.6 0 0.6000000000000001 1 2.2 0 0.6000000000000001 4 0 5.6000000000000005 5.4 2 1.2000000000000002 12.8 2.2 2.8000000000000003 0 0 2.6 1 2.2 2.8000000000000003 0 0 0 0 0 0 0 0 0 0 0 0 0.4 0 0 0 0 0 0 0 0 0 0 0 0 0 0 0 0 0 0 0 0 0 0 0 0 0 0 0 0 0 0.2 0 0 0 1.4000000000000001 0 0.2 21 0 0.2 0 0 0.8 0 0 0 0 0 0 0.6000000000000001 0 0 0 0 0 0 0 0 0 0 0 0 0 0 2 3.2 3.6 0 0 0 0 0 0 0 0 0 0 0 0 
 83.60000000000001 18.400000000000002 58.400000000000006 17 56 50 0 82.2 27.6 9.4 72 27 18.400000000000002 34.4 9 5.4 8.4 40.6 12.600000000000001 8.200000000000001 0.6000000000000001 0 0.8 0.4 0 0 0 0 0 0.4 0 0.4 0 0 0 0 0 0 0.2 0 0 0 0 0 0 0 0.6000000000000001 0 0 0 0 0 0 0 0 0 0 0 0 0 0 0 0 0 0 0 0 0 0 0 0 0.6000000000000001 0.6000000000000001 0 0 0 0 0 0 0 2.6 2.2 0 5.6000000000000005 3.2 0 1.8 2.8000000000000003 2.2 4.6000000000000005 0 5.6000000000000005 0 0.6000000000000001 2.2 2.4000000000000004 2.8000000000000003 2.2 0.2 0.2 0 0 0.2 0 0 0 0 0 0 0 0 0 0 0 0 0 0 0 0 0.2 0 0 0 0 0 0 0 0.4 0 0 0 0 0 0.4 0 0 0 3.2 0 0 0 0 0 0 0 0.8 0 0 0 0 0 0 0 0 0 0 0.2 0 0 0 0.4 3 7.2 0 2.8000000000000003 0 0 1.4000000000000001 3.6 0 0 0 3.2 8 0 1.6 0 0.2 0 1.4000000000000001 0 0 0 0 0 0 0.4 0 0 0 0 0 0 3.6 0 0 0 0 0 0 0 0 0 0 0 0 0 0 0 0 0 0 0 0 0 0.2 0 0 0 0 0 0 0 0 0 0 0 0 0 0 0 0 0 0 0 0 3.8000000000000003 0 0 0 0 0 0 0 0 0 0 0.4 17.400000000000002 0 0 1.6 0 0 0 0 0 0 0 0.2 0 0 0 0 0 0 0 0 0 0 0 0 0 0 0 0 0 0 0 0 0 0 0 0 0 0 0 0 0 0 
 15.4 13.200000000000001 64 63.800000000000004 55.400000000000006 9.8 82.2 0 34.4 87.2 45.400000000000006 39.2 28.400000000000002 57.400000000000006 44.400000000000006 41.2 18.2 43.400000000000006 18 9.4 0.6000000000000001 0 0 0.6000000000000001 0 0 0 0 0.2 0.4 7.2 0 0 0 0 0 0.4 0 0 0.4 0 0 0 0 0 0 0.6000000000000001 0 0 0 0 0.8 0 0 0 0 0 0 0 0 0 0 0 0 0 0 0 0 0 1 0 0.2 0 0 0 0 0 0 0 0 7.4 5 0.2 5.800000000000001 5 0 0 1.2000000000000002 5.800000000000001 3 4.4 9.600000000000001 1.6 7.4 3 6.4 15.600000000000001 0.4 0.8 0.2 0 0 0 0 0 0 0 0 0 0 0 0 0 0 0 0 0 0.4 0 0 0 0 0 0 0 0 0 0 0 0 0 3 1.8 0 0 0 0 0 0 0.4 0 0.2 0 0 0 0 1.2000000000000002 0 0 0.6000000000000001 0 0 0 0.2 0 0 0 0 0 0 0.6000000000000001 3 0 1.6 2.8000000000000003 0 0 1.4000000000000001 10.200000000000001 2 0.4 0 4.800000000000001 4.2 0 0.4 3.4000000000000004 0.2 0.6000000000000001 2.8000000000000003 0 0 0 0 0 0 0 0 0 0 0 0.2 0 0 0 0 0 0 0.4 2 0 0 0.4 0 0 0 0 0 0 0 0 0 0 0 0 0 0 0 0 0 0 0 0 0 0 0 0 0 0 0 0 0 0 0 0 0 0 0 0 0 0 0 0 0 0 0 0 0.4 18.2 35.2 0 1.8 0 0 0 0 0 0 0 0 0 0 0 0 0 0 0 0 0 0 0 0 0 0 0 0 1.6 0 0 0 0 0 0 0 0 0 0 0 0 0 
 22.6 49.6 14.600000000000001 11.8 25.6 26.8 27.6 34.4 0 48.6 25.400000000000002 43.2 28.400000000000002 66 41 27.200000000000003 23.400000000000002 24.6 18.2 10.200000000000001 0.6000000000000001 0 0 15.600000000000001 0 0.2 11.8 0 0 0.4 0 0 2.8000000000000003 0 0 0 0.2 0 0.2 15.8 0 0 0 0 0 0 0.6000000000000001 0 1 0 0 0 13.200000000000001 0 0 0 0.4 0.2 2 0 0 0 0 0 0 0 0 0 0 1.8 0 0.4 1 0 0 0 0 0 0 0 0.2 2.2 4.2 3.2 11.200000000000001 2.2 0 0 0 11.4 3.8000000000000003 2 0 10.600000000000001 4 8 4.2 2.2 0 0 1.4000000000000001 0 2.2 0 0 0 4.2 0.2 0 0 0 0 0 4.800000000000001 0 0 0 0 0 3 0.4 6.6000000000000005 0 0 0 0 0 0 0 0 0 0 0 0 0 0 0 0 0 0 0.4 1.8 0 0 0 0 0 0 0 0 1.4000000000000001 0 0 0 0 0 0 0.4 0.2 0 0 0 0.2 2.2 0.2 0 0 1.2000000000000002 3.8000000000000003 2.4000000000000004 4.2 2.2 0 0 1 2.6 4.800000000000001 3.8000000000000003 0.2 4 2.6 0 0 0.2 0 0 3 0.2 0 0 0 0 0 0 0 0.2 0 0 2.4000000000000004 1.8 0 0 0 0.2 0 0 0 0 0 0 2.6 0 0 0 0 0 0 0 0 0 0 0 0 0 0 0 0 0 0 0 0 0.4 0 0.2 0 0 0 0 0 0 0 3 0 0 0 0 5.2 0 6.800000000000001 17.400000000000002 0 3.8000000000000003 0 0 0 0 0 0 0 0 0 0 2 0 0 0 0 0 0 0 0 0 0 0.4 0 0 0 0 0 0 0 0 0 0 0 0 0 0 0 0 
 29.8 22.8 39.400000000000006 41 56.2 12.200000000000001 9.4 87.2 48.6 0 16.2 34.6 13.600000000000001 45.400000000000006 73.2 109.2 13.4 7.4 13.4 14.4 0.6000000000000001 0 0.4 1.2000000000000002 0 0.4 0.2 41.6 0.4 0.4 0.6000000000000001 0.2 15.600000000000001 0 17 0 0 0 0.6000000000000001 20.400000000000002 0 0 0 0 0 0 0.6000000000000001 1.4000000000000001 0.6000000000000001 0 0.6000000000000001 0 13 0 0 0 1 0.6000000000000001 8.4 0 0.2 0.2 0 0 0 0.2 0 0 0 2 0 0.4 0.2 0.2 0 0 0 0.6000000000000001 0 0.4 5.6000000000000005 0.2 3.2 0 4.4 0 0 0.6000000000000001 5.2 0 9.200000000000001 0 0 5 0 4.4 2.4000000000000004 9.200000000000001 0 0.2 0 0 0 0 0 0 0.4 2.4000000000000004 0 0 0 0 0 0 2.6 0 0 0 0.2 0 0 2.6 0 0 0 0.2 0 0 0 0 0 0.4 0 0 0 0 0.2 0 0 0 0.2 0 0 0 0.4 0 1 0 0 2.6 0 0 0 0 0 0 0 0 0 0 0.2 3.4000000000000004 0 8.6 0 5.2 0 0 3.6 6.6000000000000005 4 2 2.2 2.2 1.8 4.6000000000000005 6.6000000000000005 6 1.2000000000000002 5.800000000000001 3 0 0 0 0 0 0.2 0.2 1.4000000000000001 0 0 0 2.4000000000000004 0 0 0 0.2 0 0.2 0.4 0 0 0 0.2 0 0 0 0 0 0 0 0 0 0 0 0 0 0.4 0 0 0.4 0 0 0 0 0 0 0 0 0 0 0 0 0.2 0 0 5 0 0.4 0 0 3.4000000000000004 0 0 0 0.4 18 0.6000000000000001 0 19.8 2.8000000000000003 1.8 0 3 0 0 0 0 0 0 0 0 0 0 0 0 0 0 0 0 0 0 0 0 0 1.6 4 0 0 0 0 0 0 0 0 0 0 0 0 2.4000000000000004 
 30 10.600000000000001 19.6 48.2 20.400000000000002 13.200000000000001 72 45.400000000000006 25.400000000000002 16.2 0 40.2 25.200000000000003 14 49.6 36 40.400000000000006 27.200000000000003 7.4 13 0.6000000000000001 15 0 0.2 0 0 0.2 0.4 0 1 0.6000000000000001 0 29.8 5 0.2 0 0.6000000000000001 0.6000000000000001 15.600000000000001 0.2 0 0.4 13.4 0 0 0 0.6000000000000001 0 0 0 0.4 2.8000000000000003 0 0.6000000000000001 0 0 0 0.2 0 1.8 5.4 1.2000000000000002 0 0.8 0 0 0 0 0 1 0 1.4000000000000001 0.4 0 0 0 0.4 0 0 0 3.2 0 0 2 7.4 2 0 0 0.4 9.600000000000001 0.2 8.6 1.4000000000000001 7.4 4.6000000000000005 0 2 4 3.6 0 4 0 4 0 0 0 10 0 0.4 0 0 0 2.8000000000000003 0.2 10 0 1.2000000000000002 0 0 5 0 0 0 0 0 0 0 0 0 0 0 0 0 0 0 0 2.8000000000000003 0 0 0 0 0 0 0 0 0.4 2.4000000000000004 0 0 0 0 0 0 0 0 0 0 0 0 0 0.4 0 0 0 3.8000000000000003 2.6 2.8000000000000003 0 0.8 2 0.2 6.2 3.4000000000000004 0 3.8000000000000003 2.8000000000000003 1.4000000000000001 1 2.6 0 2 0 0 0 0 0.2 0 3.4000000000000004 0 0.2 0 0 0 2.2 7.6000000000000005 5.4 0 0 8.200000000000001 0 0 0 0 0 0 0 0 0 0 0 0 2.2 0 0 3 0 0 0 0 0 0 0 0.2 0 0 0 0 0 0 0 0 0 0 0 0 0 0 0 0 0 0 0 0 0 0 0.6000000000000001 0 0.4 0.8 0 0.2 0.8 2.4000000000000004 0 0 0 0 0 0 0 0 0 0 0 0 0 0 0 0 0 0 0 0 0 0 0 0 0 0 0 0 0 0 0 0 0 0 0 0 0 
 56.800000000000004 18.8 8.200000000000001 33 34 60.400000000000006 27 39.2 43.2 34.6 40.2 0 95.2 67.8 27.200000000000003 48.2 76.60000000000001 32.2 8.6 7.4 0.6000000000000001 0 0.2 1.2000000000000002 0 0 29.400000000000002 18.6 0 0.4 0 0.2 59.2 15.4 0.2 0 0 0.8 15 20.400000000000002 0 0 0 0 0 0 0.6000000000000001 0 0 1.6 0 1 0.2 0 0 0 0 0 4.4 0.6000000000000001 0 10 0 0 0 0 0 0 0 1.2000000000000002 0 0.2 0 0 0 0 0 0 0 0 1.8 4.4 0.2 12.8 1 8 0 0 3.4000000000000004 1.8 0 7.4 0 2.4000000000000004 0 2 2.8000000000000003 3.6 3.6 0 3 0 5.800000000000001 0 0 0 0 0 0 0 0 0 0 2.4000000000000004 0.4 0 1 0 0 2.2 0 0 0 5.2 0.4 0 0 0 0 0 0 0 0 0 0 0 0 0 0 0 0 0 0 0.4 0 0 0 0 0.2 0 0.6000000000000001 0 0 0 0 0 0 0 0 0 0 0 1.4000000000000001 6.800000000000001 5.6000000000000005 0.2 0 2.4000000000000004 4 0.2 1.8 0.8 2.8000000000000003 6.6000000000000005 4 7.2 6 1.4000000000000001 1.4000000000000001 4.4 4.2 0 0 0 0 0 0.4 0.2 0 0 0 0 0 2.6 5.800000000000001 0.4 0 0 7.2 4.800000000000001 0 0 0 0 0 0 0 0 0 0 0 0.4 0 0.2 0 0 0 0 0 0 0 0.2 0 0 0 0 0 0 0 0 1.6 0 0 0 0 0 0 2 0 0 0 0 0 0 0.2 0.2 19.6 0 0 17.6 0 0.2 0 0 0 0 0 0 0 0 0.2 0 2 0 0 0 0 0 0 0 0 0 0 0 0 0 0 0 0 0 0 0 0 0 0 0 0 0 0 0 
 29.400000000000002 58.400000000000006 31.400000000000002 14.4 21.400000000000002 6.6000000000000005 18.400000000000002 28.400000000000002 28.400000000000002 13.600000000000001 25.200000000000003 95.2 0 74.60000000000001 28.8 8.200000000000001 9.8 18 93.2 38.2 0.6000000000000001 0 0 0.6000000000000001 0.4 0 0 0 0 0.4 0 0 1.4000000000000001 0 0 0 0.4 0 0.8 0 0 0 0 0 0 0 0.6000000000000001 0 0 0 0 0.6000000000000001 0 0 0 0 0 0 0 0 0 0 0 0 0.4 0 0.6000000000000001 0 0.6000000000000001 0 0 10.200000000000001 0 0 0.6000000000000001 0 10.200000000000001 6 0 0 3.4000000000000004 2.8000000000000003 1.2000000000000002 0 0 0 3.4000000000000004 4.4 12 0 5.4 2 1.2000000000000002 3.2 8 0.4 4 0 4 5.2 0 0 0 0 0 0 0 2 0 0 0 0 0 0 0 0 0 0 0 2 0 0 0 0 0 0 0 0 0 0 0 0 0 0 0 0 0 0 0 1.6 0 3.8000000000000003 0 0 0 0 2.2 0 0 0.6000000000000001 0 0 0 0 0 0 0 0 0 0 2.4000000000000004 2.8000000000000003 5.4 0 0 0 2.8000000000000003 0.2 2 4.4 2.8000000000000003 0 4 0 1.2000000000000002 1.8 0.2 0 1 1.6 0 0 0 0 0 0 0 0 0 0 0 0 0 0 0 0 0 0 0.2 0 0 0 0 4 0 0 0 0 0 0 0 0 0 0 0 0 0 0 0 0 0 0 0 0 0 0 0 0 0 0 0 0 0 0 0 0 0 0 0 0 0 0 0 0 0 0.8 0 0 0.2 0 0.4 1.8 0 0 0 0 0 0 0 0 0 0 0 0 0 0 0 0 0 0 0 0 0 0 0 0 0 0 0 0 0 0 0 0 0 0 0 0 0 0 
 67.60000000000001 30.400000000000002 49.2 34.2 15.8 31 34.4 57.400000000000006 66 45.400000000000006 14 67.8 74.60000000000001 0 38.800000000000004 52.400000000000006 13.600000000000001 11.8 17.400000000000002 59.2 0.6000000000000001 0 0 0.6000000000000001 0 0.4 0.2 40.800000000000004 0 0.4 0 0 0 0 0.8 0 0 0 15 0 0 0 0 0 0 0 0.6000000000000001 0 0 0 0 6.2 12.8 0 0 0 0 0 0 1.4000000000000001 0 0 0 0 0 0 0 0 0 2.6 0 0.6000000000000001 0 0 0 0 0 0 0 0 0.2 0 2.8000000000000003 0.2 1.4000000000000001 2.8000000000000003 0.2 0 2.4000000000000004 9.600000000000001 11.8 4 0 5.6000000000000005 2.2 4.800000000000001 10.600000000000001 4.4 0 0.4 0 0 0 0 0 0 0 0.2 0 0 0 0 0 0.2 0 0 0 0 0 2 0 1.8 0 0 0 0 0 0 0 0 0 0 0 0 0 0 0 0 0 0 0 0 0 0 0 1.4000000000000001 0 0 0 0 0 0 0 0 0 0 0 2.8000000000000003 0 0 0 0 3.4000000000000004 1.2000000000000002 0.2 0 0 0 9.8 2.8000000000000003 0.2 3.6 0 2.6 1.4000000000000001 1.2000000000000002 2.2 6.2 0 2 0 0 0 0 0 0 0.2 0.2 0 0 0 0 0 3 0 0 0 0 0 2.2 0 0 0 0 0 0 0 0 0 0 0 0 0 0 0 0 0 0 0 0 0 0 0 0 0 0 0 0 0 0 0 2.6 0 0 0 0 0 0 0 0 0 0 0 0 0 0 0 0 2.2 18.2 0 2.2 0 0 0 0 0 0 0 0 0 0 0 0 0 0 0 0 0 0 0 0 0 0 0 0 0 0 0 0 0 0 0 0 0 0 0 0 0 0 
 23 104.80000000000001 39.2 11.600000000000001 59 10.8 9 44.400000000000006 41 73.2 49.6 27.200000000000003 28.8 38.800000000000004 0 24.200000000000003 45.400000000000006 15.4 14.600000000000001 58.6 0.6000000000000001 0 0 0.6000000000000001 0 0 2.6 0 0 1.6 0 0 0 0 0 0 0 0.2 0.2 14.8 0.2 0 0 1.2000000000000002 1.2000000000000002 0 0.6000000000000001 0.8 0 0 0 0 11.200000000000001 0 0 0 0 0 0 0 0 0.2 0 0 0 0 0 0 0 1.8 1.2000000000000002 6.2 0 0 0 0 0 0 1.2000000000000002 0 2 1.6 2.6 0 0.2 0.2 2.8000000000000003 4 2 3.4000000000000004 8.6 2.4000000000000004 1.6 4.800000000000001 5.2 2.8000000000000003 7.2 7.800000000000001 2.8000000000000003 0 0 0 0 0 0 0 0 0 0 0 0 0 0 0 0 0 0.2 0 0 3.2 0 0.8 0 0 0 0 0 0 0 0 0 0 0 0 0 0 0 0 0 0 0 0 0 0 0 0 1.2000000000000002 0 0 0.6000000000000001 0 0 0 0 0 0 0 0 0 0 0 5.6000000000000005 2.6 1.2000000000000002 0.2 0 2.4000000000000004 1 4.800000000000001 4.4 0.4 0 2.4000000000000004 1.8 4.800000000000001 4.6000000000000005 3 1.4000000000000001 1 5.2 0 0 0 0 0 0 3.2 0 0 0 0 0 0 0 0 0 0 0 3.8000000000000003 2.2 0 0 0 0 0 0 0 0 0 0 0 0.2 1.4000000000000001 0 0 0 0 0 0 0 0 0 0 0 0 0 0 0 0 0 0 0 0 0 0 0 0 0 0 0 0 0.4 0 0 0 0 0.2 0.4 0 1.8 0 2 0 0 0 0 0 0 0 0 0 0 0 0 0 0 0 0 0 0 0 0 0 0 0 0 0.2 0 0 0 0 0 0 0 0 0 0 0 0 0 
 66.8 44.800000000000004 47.6 18.2 11.600000000000001 71.4 5.4 41.2 27.200000000000003 109.2 36 48.2 8.200000000000001 52.400000000000006 24.200000000000003 0 17 23.400000000000002 65 13.600000000000001 0.6000000000000001 0 0 0.6000000000000001 0 0 0.2 0 0 0.4 0 0.6000000000000001 0 0 0 0 0 0 24.400000000000002 1.8 0 0 0.2 0 0 0 0.4 0 0 0 0 2.2 12.600000000000001 0 0 0 0 0 0 1.2000000000000002 0 0 0 0 0 0 0 0 0 1.2000000000000002 0 0 0 0 0 0 0 0 0 0 1 0.2 3.2 0 0 1.6 0 1.8 2 0 7.6000000000000005 0 0.2 10.600000000000001 0 4.2 2.8000000000000003 8.6 0 0 4.6000000000000005 0 0 0 0 0 0 2 0 0 0 0 0 0 0 0 0 0 0 2.2 0 0 0 0.2 0 0 0 0 0 0 0 0 0 0 0 0 0 2.4000000000000004 0 0 0 0 0 0 0 1 0 0 0 3 0 0 0 0 0 0 0 0 0 0 0 3.8000000000000003 0 7 0 0.2 0 0 7.2 5 3.8000000000000003 3.6 0 0.2 2 1.2000000000000002 3 5.2 0 8.4 0 0 0 0 0 0 0 2.8000000000000003 0.2 0 0 0 0 2.8000000000000003 0.4 0 0 0 0.6000000000000001 0.4 0 0 0 0 0 0 0 0 0 0 0 0 0 0 0 0 0 0 0 2.8000000000000003 0 0 0 0 0 0 0 0 0 2.4000000000000004 0 0 0 0 0 0 0 0 0 0 0 0 0 0 0 0.2 0.4 0 0.4 21 3.2 2 0 0 0 0 0 0 0 0 0 0 3.2 0 0 0 0 0 0 0 0 0 0 0 0 2.2 5.800000000000001 0 0 0 0 0 0 0 0 0 0 0 0 0 
 10.8 20.200000000000003 43.2 49.800000000000004 32.2 32.2 8.4 18.2 23.400000000000002 13.4 40.400000000000006 76.60000000000001 9.8 13.600000000000001 45.400000000000006 17 0 36.800000000000004 45.800000000000004 12 0.8 0.2 0 0.6000000000000001 0.4 0 15.200000000000001 15.200000000000001 0 0.4 0 0 0 0 0 0 0 0 0.2 12.4 0 0 0 0 0 0 0.6000000000000001 0 0 0 0 0 0.4 0 0 0 0 0 0 0 0 0 0 2.8000000000000003 0 0 0 0 0 0 0 8.4 0.8 0 0 0 0 0 0 0 5.800000000000001 3.8000000000000003 7.800000000000001 14.8 1.4000000000000001 4 3.6 0 4.4 7.4 0 0 2 0.8 4 3 2.4000000000000004 9.200000000000001 6.4 0.2 0 0 0 0 0 0 2.8000000000000003 0 0 0 0 0 0 0 0 0 0 0 0 2.6 0 5.4 0 0 0 0 0 0 0 0 0 0 0 0 0 0 0 0.2 0 0 0 0 0 2.2 0 0.4 0 0 0 0 0 0 0 0 0 3 0 0 0 0 1.8 5 6.6000000000000005 1.6 10.200000000000001 9.200000000000001 13.200000000000001 3.8000000000000003 2 6.800000000000001 0.2 2.2 0 0 7.800000000000001 5.2 1.2000000000000002 0.2 1.2000000000000002 0 1.8 0 0 0 0 0.2 2.2 0.2 0 0 0 0 4.800000000000001 1.8 1.6 1 0 0 6.6000000000000005 3.6 0 0 0 0 0 0 0 0 0 0 0 0 0 0 0 0 0 0 0 0 0 0 0 0 0 0 0 0 0 0 0 0 0 0 0 0 0 0 0 0 0 0 0 0 0.6000000000000001 0 8 0 0 0.2 0.2 2.6 2.6 0 0 0 0 0 0 0 0 0 0 0 0 0 0 0 0 0 0 0 0 0 0 1.8 0 1.8 0 0 2.4000000000000004 0 0 0 0 0 0 0 0 0 
 82.4 4.800000000000001 10 30 26.400000000000002 30 40.6 43.400000000000006 24.6 7.4 27.200000000000003 32.2 18 11.8 15.4 23.400000000000002 36.800000000000004 0 4.6000000000000005 97.4 1 0 0 0.8 0 0.4 29 14.600000000000001 0 0.4 0.6000000000000001 0.6000000000000001 0 14.8 0 0.6000000000000001 0.4 0 0.2 1.2000000000000002 0 0 1 0 0.4 0 0.6000000000000001 0 0.6000000000000001 0 0 0.4 0.8 0.4 0 0 0 0 0 0 0 0 0 0 0 0.6000000000000001 0 0 0 0 0 0.8 0 0.4 0 0 0 0 0.2 6.4 2.6 7.4 1.6 6.800000000000001 2 6.6000000000000005 0 2.6 2.8000000000000003 6.2 3 8.4 1.8 0 0 6.800000000000001 7 5.800000000000001 2.4000000000000004 4.800000000000001 1.6 0 5 0 0 0 0 0.2 0 0 0 0 3.8000000000000003 5.6000000000000005 0 0.4 0.8 0 0 0 0 0 0 0 0 0 0 0 0 0 0 0 0 0 0 0 0 0 0 0 0 0.4 0 0 0 0 0 0 0.2 0 1 0 0 0 0.2 0 0 0 0 0 3 0 3.6 2 4.4 0.2 0.2 5.2 2.6 0 0 0 3.8000000000000003 0.6000000000000001 1.6 0 0 4.2 1.2000000000000002 0 0 0 0 0 0 0.2 0 0.2 0 0 0.2 0.2 0 2.2 1.8 0 0 0 2 3 0 0 0 0 0 0 0 0 0 0 0 0 2.4000000000000004 0 0 0 0 0 0 0 0 0 0 0 0 0 0 0 0 0 0 0 0 0 0 0 0 0 0 0 0 0 0 0 0 0.2 0 0 0.2 1.4000000000000001 0 2.8000000000000003 0 0 0 0 0 0 0 0 0 0 0 0 0 0 0 0 0 0 0 0 0 0 0 0 0 0 0 0 0 0 0 0 0 0 0 0 0 0 
 50.2 8.4 47.400000000000006 57.800000000000004 9.200000000000001 55.800000000000004 12.600000000000001 18 18.2 13.4 7.4 8.6 93.2 17.400000000000002 14.600000000000001 65 45.800000000000004 4.6000000000000005 0 36.2 0.6000000000000001 0 16 0.2 0 0 0.4 0 0 0.4 0.4 0 0 0 0.2 0 0 0 0 0 0 0 0.4 0 0 0 0.6000000000000001 0 0 0 0 0 0 0 0 0 0 0 0 0 11.8 0 0 0 0 0 0 0 0 8.8 0 0 0 0 0 0 0 0 0 0 0 0 0 0 0 0 2 5.6000000000000005 2.6 0.2 0 0 12.600000000000001 0 0 0 0 0.6000000000000001 8.4 4 0 0 0 0 0 0 0 0 0 0 0 0.2 0 0 0 0 0 0 0 3 0 0 0 0.2 0 0 0 0 0 0 0.6000000000000001 0 0 0 0 0 5 0 3 0 0.2 0 0 0 0 0 0 1.2000000000000002 0 0 0 0 0 0 0 0 0 0 0 0 6.4 0 2.4000000000000004 0 0.2 0 0 0 0 1.6 0.2 0 2.4000000000000004 8.8 0 1.8 0 0 2.8000000000000003 7.4 0 0 3 0 0 0 0 0 0 0 0 1.2000000000000002 0 0 0 0 0 0 0 1 0 0 0 0 0 0 0 0 0 0 0 0 0 0 0 0 0 0 0 0 0 0 0 0 0 0 0 0 0 0.2 0 3 0 0 0 0 0 0 0 0 0 0 0 0 0 0.4 0.2 0 0.4 0 0 2.8000000000000003 0 0 0 0 0 0 0 0 0 0 0 0 0 0 0 0 0 0 0 0 0 0 0 0 0.2 0 0 0 0 0 0 0 0 0 0 0 0 0 
 14 16.2 54 9 13.4 55.6 8.200000000000001 9.4 10.200000000000001 14.4 13 7.4 38.2 59.2 58.6 13.600000000000001 12 97.4 36.2 0 0.6000000000000001 0 0 1.2000000000000002 0 0 0 0 0 0.4 0 0.2 0 0.4 0 0 0 0.4 0.2 0.4 0 0 0 0 0 1.2000000000000002 0.6000000000000001 12.600000000000001 0 0.4 0 0 0 0 0 0 0 0 0.2 0 0.2 0 0 0 0 0 0 0 0 0 0 10.600000000000001 0 0.2 9.600000000000001 8.8 0 0.2 0 0 2.4000000000000004 8.6 6.800000000000001 1.4000000000000001 0 0 4.2 3.8000000000000003 2.8000000000000003 0 7.6000000000000005 0 2.8000000000000003 2 5.4 0 1.4000000000000001 0.8 7.800000000000001 7.4 0 0 0 0 0 0 0 0 0 0 0 0.2 0 0 0 0 0 0 0 0 0.2 0 0 0 5 0 0.4 0.2 0 0 0 0 0.6000000000000001 0.6000000000000001 0 0.4 0 0 0.2 0.2 0 0 0.4 0.2 0 0 0 0 0.6000000000000001 0.8 0 0 0 0 0.2 0.4 0 0 0 0 0.2 3.2 7 0 0 0 9.4 2.4000000000000004 4.6000000000000005 0 3.4000000000000004 0 0 0 0 1.6 0 0 2.8000000000000003 7 0 0 0 0 0.4 0 0 0 0.2 0 0 0 0 0 0 0 0 0 1.2000000000000002 0 0 0 0 0 0 0 0 0 0.2 0 0 0 0 0 0 0 2.8000000000000003 0 0 0 0 0 0 0 0 0 0 5 0 0 0 0 0 0 0 0 0 0 0 0 0 0 0 0 0 0 0 0 0.6000000000000001 0.2 0 1.6 0 0.2 0 0 0 0 0 0 0 0 0 0 0 0 0 0 0 0 0 0 0 0 0 0 0 0 0 0 0 0 0 0 0 0 0 0 0 0 
 0.6000000000000001 0.6000000000000001 0.6000000000000001 1.8 0.6000000000000001 5.2 0.6000000000000001 0.6000000000000001 0.6000000000000001 0.6000000000000001 0.6000000000000001 0.6000000000000001 0.6000000000000001 0.6000000000000001 0.6000000000000001 0.6000000000000001 0.8 1 0.6000000000000001 0.6000000000000001 0 93.60000000000001 22.400000000000002 45.6 24.400000000000002 41.800000000000004 71.4 47.800000000000004 47.800000000000004 6.6000000000000005 28.400000000000002 26.200000000000003 11.600000000000001 44.2 25 27.400000000000002 27.200000000000003 24.400000000000002 28 24.8 0 0 0.8 0 0.6000000000000001 0 0 0.4 0.6000000000000001 0 0 0 0.2 0.4 0 0 12.200000000000001 0 0 0 0 0.4 0 0 0 0 0.4 0 0.4 0 0 0.4 0 0.2 0.6000000000000001 0 0 0 0 0 0 0 0.2 0 0 0 0 0 0 0 0 0 0 0 0 0 0 0 0 0 6.6000000000000005 0 0 4.2 0 0 4.4 4.6000000000000005 2.2 6.800000000000001 5.2 2 4 4.4 9.4 5.6000000000000005 9.4 3.8000000000000003 1.6 0 0 0 0 0 0 0 0 0 0 0 0.4 0 2.2 0.2 0 0 0 0 7.2 0 0 0 0 0 0 0 0 0 0 0 0 0 0 0 0 0 0 0 0 0 0 0 0 0 0.8 0 0.4 0 0 0 0 0 0 0 0 0 0 0 0 4 0 6.2 7.4 5.4 0 0 0.2 4 7.6000000000000005 9.8 0 1.8 10.200000000000001 2 6.4 3.2 4 9.200000000000001 0 3.2 0 0 0 0 0 0 0 0 0 0 0 0 2.6 0 0 0 0 0.4 4.6000000000000005 0 0 0 0 0 0 0 0 0 0 0 0 0 0 0 0 0 0 1.4000000000000001 0 0 0 0 1.8 0 0 0 0 0 0 0 0 0 0 0 4.2 0 0 8.200000000000001 0 0.4 0 4.2 0 0 0 0 0 0 0 0 0 0 0 0 0 0 0 0 0 1.8 0 0 0 0 0 0 0 0 0 0 
 0 0 0.4 0 14.8 14.8 0 0 0 0 15 0 0 0 0 0 0.2 0 0 0 93.60000000000001 0 73.4 69.2 25.400000000000002 50.2 29.8 89.80000000000001 87 5.2 9 5.4 13.200000000000001 25.400000000000002 75.2 37 50 67.60000000000001 55 7.800000000000001 0 0 0.6000000000000001 0 0.6000000000000001 0 0 0.4 0.6000000000000001 0 0.4 0.2 0 0.4 0 0 0 12.8 12.600000000000001 0.2 0 1.2000000000000002 0 0 0 4.4 0.4 0 0.4 0 1.4000000000000001 0.2 0 0 0.4 0 0 0 0 0 0 0 0 0 0.8 0 0 0 0 0 0 0 0.2 0 0 0 0 0 0.2 0 6.800000000000001 5.2 0.4 3.6 3.6 1.6 0.2 8.4 2.6 2.6 6.4 2.4000000000000004 3.4000000000000004 4 6.4 6 5.2 0 0 7.2 0 0 0 0 0 0.2 0 0 0 0 0 0 0 0 0 0 0 0 0 0 0 0 0 0 0.2 0 0 0 1.2000000000000002 1.4000000000000001 0 0 0 0 0 0 0 0 0 0 0.2 0.8 0 1.2000000000000002 0.4 2 0 0 0 0 0 2 1 0 0 0 0 0 3.8000000000000003 0 2 6 1.6 1.8 1.2000000000000002 0 0 6 5 1.6 0 11 9.8 3 2 2 7 0 0 0 0 0 0 0 0 0 0 0 0 0 0 0 2.2 0 0 0.2 0 0 0 13.600000000000001 0 0 0 0 0 0.4 0 0 0 0 0 0 2 0.2 0 0 0 0 0 0 0 0 1.6 0 0 0 0 0 0 0 0 0 0 0 0.8 0.4 0 15.600000000000001 15.8 0.4 2.4000000000000004 0 0 0 0 0 0 0 0 0 0 0 0 0 0 0 0 0 0 2.2 0 0 0 0 0 0 0 0 0 0 
 0 0 0 0 0 0 0.8 0 0 0.4 0 0.2 0 0 0 0 0 0 16 0 22.400000000000002 73.4 0 23.400000000000002 28 16.6 20 71.60000000000001 45 24.200000000000003 12.4 13.8 15.4 26.8 30 26.400000000000002 26.8 27.400000000000002 15.200000000000001 18.6 0 0 0.4 0 0.6000000000000001 0 0 0.4 0.6000000000000001 0 0.6000000000000001 0 12.4 0.4 0 0 0 0 0 0 0 0.4 0 0 0 0 0.4 0 0.4 0 0 0.4 0 0.2 0.6000000000000001 0 0 0 0 0 0 0 0 0 0 2.6 0 0.2 0 0 0 0 0 0 0 0 0 0 0 0 5.4 3.6 5.800000000000001 4.800000000000001 2.2 3.4000000000000004 11.200000000000001 3 8.8 7.2 1.8 3.4000000000000004 3.4000000000000004 0 2.6 3.8000000000000003 4.2 3.4000000000000004 3 0 0 0 0 0 0 0 0 0 0 0 0 0 0.4 0.2 0 0 0 0 0.2 0 0 0 0 0 0 0 0 1.6 0.4 0 0 0 0 1 0 0.4 0 0.8 0 0 0 3.4000000000000004 0 0.2 0.4 0 0 0 0 0 0 0 0.4 0 3.8000000000000003 0 0 0 0 0 3.6 9 1.6 7.800000000000001 4.800000000000001 6.2 1.8 1.2000000000000002 2.4000000000000004 12 0 0.2 0 1.8 3.6 2 2 3.2 0 0 0.2 0 0 0 0 0 7.2 6 0 0 0.2 0 2.8000000000000003 5 0 0 0 0 0 0 0.4 0 0 0 0 0 0 0.2 4 0 0 0 0 0 0 0 0 0 0 0 0 0 0 0 0 0 0 0 0 0 0 0 0 0 3.4000000000000004 0 0 0.2 0 0.4 0 3 0 0 0 0 0 0 0 0 0 0 0 0 0 0 0 0 0 0 0 0 0 0 0 0 0 0 0 0 
 2.2 0.8 1.8 1.2000000000000002 1 17.2 0.4 0.6000000000000001 15.600000000000001 1.2000000000000002 0.2 1.2000000000000002 0.6000000000000001 0.6000000000000001 0.6000000000000001 0.6000000000000001 0.6000000000000001 0.8 0.2 1.2000000000000002 45.6 69.2 23.400000000000002 0 17.2 81.60000000000001 17.6 25.6 59 44.6 33.6 5.6000000000000005 13.8 62.400000000000006 13.200000000000001 45 10.8 38.800000000000004 14 52.800000000000004 0 0 0.6000000000000001 0 0.6000000000000001 0 0.6000000000000001 0.4 0.6000000000000001 4 0.6000000000000001 0 0 12.8 11 0 0 0 12.600000000000001 12.600000000000001 0 0.6000000000000001 0.2 0 0 0 0.4 0 0.4 0 0 0.4 0 0 0.4 0 0 0.4 0.2 0 0 0 0 0 0 0 0 0 0 0 0 0 0 0 0 0 0 0 0 0 2.4000000000000004 7.4 2.4000000000000004 1.8 0.6000000000000001 3.6 0 8.6 7.6000000000000005 9.200000000000001 0.2 7.800000000000001 0.2 0 2.6 6.2 0.2 0 0 0 1.4000000000000001 0 0 0.2 0 0 1.6 0.2 0 0 0 0 0 2.8000000000000003 1.8 0 0.2 3.4000000000000004 4.6000000000000005 2.2 0 0 0 0 0 0 0 0 0 0 0 1 0 0.4 0 0 0 0 0 0 0 0 0 0.4 0 0 0.8 0 0 0 0 0 0 0 0 0 0 0 0 0 0 2 2.4000000000000004 2.4000000000000004 0 1.8 0 1.2000000000000002 0 6 3.6 3.6 0 1.8 0.4 0 5.800000000000001 3.8000000000000003 0 0 3.6 2.8000000000000003 0 0 0.2 0 3.8000000000000003 3.2 4.6000000000000005 0 3.8000000000000003 0 4.2 2 4.6000000000000005 4 0 0 4.4 4 0 0 2.4000000000000004 0 0 0 0 0 0 0 1.6 0 0 0 0 0 0 0 0 0 0 0 0 0 0 0 0 0 0 0 0 0 0 0 2.6 1 0 0.2 0.6000000000000001 0.4 0.6000000000000001 0 0 0 0 0 0 0 0 0 0 0 0 0 0 0 0 0 0 0 0 1.8 0 0 0 0 0 0 0 0 
 0 0.4 0.6000000000000001 0 0.4 0 0 0 0 0 0 0 0.4 0 0 0 0.4 0 0 0 24.400000000000002 25.400000000000002 28 17.2 0 13.4 8.8 12.4 46.2 20.200000000000003 20.200000000000003 81.60000000000001 18.6 31 18.2 23.8 64.4 13 10.200000000000001 15.4 0.6000000000000001 12.4 0.6000000000000001 0 0.2 1.8 0.8 13 0 0 0 41.800000000000004 4.4 0 0 0 0.2 12.4 18.400000000000002 0.2 0 0 0 0 0 0.6000000000000001 0 0 0 0 0 0.8 0 0.6000000000000001 0 0 0 9.600000000000001 0 0 0 0 0 0 0 0 0 0 0 0 0 0 0 0 0 0 0 0 0 0 3.4000000000000004 2.2 0 0 1.4000000000000001 13.4 0 0 3.2 2.8000000000000003 2.8000000000000003 2.2 0 0 0 2 1 2 0 0 1.6 0.2 0 0 4.800000000000001 0 0 1.8 0 0 2.6 3.4000000000000004 2.8000000000000003 5.2 2.2 2.4000000000000004 0 2.4000000000000004 0.4 2.4000000000000004 0 0 0 0 0 0 0 0 0 0 0 0 0 1 0 0 0 1.2000000000000002 0 0 0 0.4 0 0.4 0 0 0 0 0 0 0 0 0.8 0 0 0 0 0 0 0 0 1.8 2.8000000000000003 6.2 2.4000000000000004 0.4 0 0 0.2 0 0 10.600000000000001 0 0 2.8000000000000003 3.2 2 2.4000000000000004 0 0 5.2 2.4000000000000004 0 0 0 0 11.600000000000001 2.4000000000000004 1.6 0 0 0 2.4000000000000004 2.8000000000000003 0 0.2 0.2 0 0 2.4000000000000004 0 0 0 0 0 0 0 0 0 0 0 0 2.8000000000000003 0 0 0 0 0 0 0 0 0 0 0 0 0 0 0 0 0 0 0 0 0 2.8000000000000003 0 0.6000000000000001 16 16.400000000000002 0.4 2 0.2 0 0 0 0 0 0 0 0 0 0 0 0 0 0 0 0 0 2.8000000000000003 0 2 0 0 0 0 0 0 0 0 
 0.4 0.2 0.6000000000000001 0 0 0.4 0 0 0.2 0.4 0 0 0 0.4 0 0 0 0.4 0 0 41.800000000000004 50.2 16.6 81.60000000000001 13.4 0 21.200000000000003 8 8 32.2 54.400000000000006 58 5.6000000000000005 15.600000000000001 25.8 41.800000000000004 31.400000000000002 44 6.6000000000000005 11.200000000000001 0 0 0.6000000000000001 0 0.6000000000000001 0 0 0.4 0.6000000000000001 0 0.8 0 0 14 0 0 0 0.2 6.4 4.2 0 0.6000000000000001 0 0 0 0 0.4 0 0.4 0 0 0.4 0 0 0.2 0 0 0 0 0 0 0 0 0.2 0 0 0 0 0 0 0 0 0 0 0 0 0 0 0 0 0 0 0.8 2.2 1.6 12.4 0 2.6 0.2 4.2 2.4000000000000004 1.6 0 0 0 2.2 5 3.4000000000000004 2.2 0 1.4000000000000001 4 0 0 0 0 5.6000000000000005 2 0 0 0 0 4.4 0 4.4 0 0.2 15.4 7.800000000000001 0.2 0 0 0 0 0 0 0 0 0 4 0 0 0 0 0 0 0 0 0 0 0 0 0 0 0 0 0.8 0 0 0 0 0 0 0 0 0 0 0 0 0 0 2.8000000000000003 1.6 2.6 0 2.4000000000000004 0 0 1.8 4.4 3.8000000000000003 0 0 0 0 2 3.4000000000000004 3.8000000000000003 0 0 2.8000000000000003 2.8000000000000003 0 0 0 0 5.2 16.8 2.2 0 0.2 0 0 4.2 2.8000000000000003 3.8000000000000003 0 0 4.800000000000001 3.2 0 0 0 0 0 0 0 0 0 0 0 0 0 0 0.4 0 0 0 0 0 0 0 0 0 0 0 0 0 0 0 0 0 0 0 1.6 0.8 0 0.2 11.200000000000001 0.4 1 2.8000000000000003 0 0 0 0 0 0.2 0 0 0 0 0 0 0 0 0 0 0 0 0 2.2 0 0 0 0 0 0 0 0 
 0 14.8 0.2 15 20.200000000000003 0 0 0 11.8 0.2 0.2 29.400000000000002 0 0.2 2.6 0.2 15.200000000000001 29 0.4 0 71.4 29.8 20 17.6 8.8 21.200000000000003 0 30.200000000000003 18.8 7 14.200000000000001 6.6000000000000005 16.2 71.60000000000001 9 51.2 4.800000000000001 7.800000000000001 8.6 23 0 0 0.4 0 0.6000000000000001 0 0 0.6000000000000001 0.6000000000000001 0 0.6000000000000001 0.4 0.4 0.4 0 40.2 0 0 0 0 0 0.4 0 0.6000000000000001 0 0 0.4 0 0.4 0 0 7.800000000000001 0 9.200000000000001 0.6000000000000001 0 0 0 0 0 0 1.6 2.6 1.4000000000000001 2 6 0.4 0 0.2 2.8000000000000003 0 0 0 0 0 2.6 0 0.2 0 0 4.2 4 3.2 1.6 0 0 2.8000000000000003 4.2 1.2000000000000002 3.2 0.6000000000000001 2.2 3.8000000000000003 4.2 7 8.200000000000001 3.8000000000000003 0.8 0 2.8000000000000003 0 0.8 0 0 0 0 0 0 0 0 0 0 0 0 0 0.4 0 0 3.8000000000000003 0 0 0 0 0 0 0 0 0 0 0 0.6000000000000001 0 0 0 0 1.8 0 0 0 0 0.4 0 1 2.8000000000000003 0 4.2 0 0.8 0 1.4000000000000001 0 2.2 0 0 0 0 0 1 1 0 0 2 1.6 7 0 0 2.8000000000000003 1.2000000000000002 6.800000000000001 12.200000000000001 0 0 2 3.6 4.800000000000001 0 6.4 5.6000000000000005 2.8000000000000003 1.6 0 1.4000000000000001 0 0 0.2 0 0 0 0 0 0 0 2.4000000000000004 0 0 0 0 0 3.2 0.4 0 0 0 5.6000000000000005 0 0 0 0 0 0 0 0 0 0 0.4 0 0 0 0 0 0 0 0 0 0 0 0.2 0 0 0.2 0 0 0 0 5.4 0 0.4 0 0 0 0.2 0 0 0 0 0 0 0 0 0 0 0 0 0 0 0 0 0 0 0 0 0 0 0 0 0 0 0 0 0 
 0 0 0 48.800000000000004 14.4 0 0 0 0 41.6 0.4 18.6 0 40.800000000000004 0 0 15.200000000000001 14.600000000000001 0 0 47.800000000000004 89.80000000000001 71.60000000000001 25.6 12.4 8 30.200000000000003 0 16 24 22.200000000000003 7.4 16.8 19.400000000000002 21 37.2 20.6 15.200000000000001 32 27.400000000000002 0 1.6 0.6000000000000001 0 0.6000000000000001 0 0 0.8 0.6000000000000001 0 0 0 0.8 0.4 0 0.2 0 0 0 0 0 0.4 0 7.6000000000000005 0 0 0.4 0 0.4 0 0 0 0 0 0.6000000000000001 0 0 0 0 0 0 0.2 0 1.8 0 0.2 0 0 0 0 0 0.2 0 0 0 0 0 0 0 0 3.2 1.8 5.2 2.4000000000000004 2 0 2.2 2.6 4.4 1.4000000000000001 2.4000000000000004 7.6000000000000005 2.6 3.2 0 5.800000000000001 2.4000000000000004 6.4 0 0 0 0 0 0 0 0 0 0 0 0.2 0 0 0 0 0 0 0 0 0 1.6 0 0 0 0 0 0 0 0 1.4000000000000001 2.4000000000000004 0.2 0 0 0 0 0 0 0 0 0 0 0 0 0 2.4000000000000004 0 0 0 0 0 0 0.2 0 0 0 0 0 0 0 0 6 2.4000000000000004 6 4.2 3.6 10.200000000000001 0 2 2.4000000000000004 0.2 0 0 0.2 0.2 7 0.6000000000000001 0 2.6 0 0 3.8000000000000003 0 0.4 0.4 0 0 0.4 0 0 0 0 0 2.8000000000000003 0 0 0 0 1.4000000000000001 0.2 0.2 0 0 0 0 0 0 0 0 0 0 0 0 0.2 0 0 0 0 0 0 0 0 0 0 0 0 0 0 0 0 0 0 0 0 0 2.2 0.2 0.4 15.200000000000001 0 0.4 1 0 0.2 0 0 0 0 0 0 0 0 0 0 0 0 0 0 0 0 2.2 2.2 0 0 0 0 0 0 0 0 0 
 0 0 0.8 0 0 0 0 0.2 0 0.4 0 0 0 0 0 0 0 0 0 0 47.800000000000004 87 45 59 46.2 8 18.8 16 0 42.800000000000004 20.8 4.800000000000001 38 37.6 34.4 56 28 11.4 64.60000000000001 62.800000000000004 0 0 0.2 0 0.6000000000000001 0 0 0.4 0.6000000000000001 0 0.6000000000000001 0 17.2 0.4 0 0 0 41.2 6.4 0 0 0.6000000000000001 0 0 0 0.6000000000000001 0.4 0 0.4 0 6.2 0.4 10.8 0.8 0.6000000000000001 0 0 0 0 0 0 0 0 0 0 1.8 0 0 0 0 0 0 0 0 0 0 0 0 0 0 5 7.4 5 4 2.6 1.8 3.6 3 1.2000000000000002 3 0 2.2 0 11 2.6 5.4 6 2.8000000000000003 3.4000000000000004 0 0.4 0 0 0 0 0 0.4 3.4000000000000004 0 0 0 0.4 0 8.4 3.8000000000000003 0 0 0 0.4 0.4 0 0 0 0 0 0 0 0 0 0 0 0 0 0.2 0 0 0 1.2000000000000002 0 0 0 0.4 0 1.2000000000000002 0 0 0 0 0 0 0 0.2 1.6 0 0 0 0 0 0 0 1.8 10 0 3.6 0 0 4.6000000000000005 1.2000000000000002 2 6.4 0 4.800000000000001 6.4 6.800000000000001 0.2 5 6.2 0.2 0 0 1 0 0 0 0 0 5.4 3 0 0 0 0 4.6000000000000005 0 0 0 0 0 0 1.6 0 0 0.2 0 0 0 0 0 0 0 0.2 0 0 0 0 0 0 0 0 0 0 0 0 0 0 0 0 0 0 0 0 0 0 0 2.2 0 0 0 8.8 0.2 2.8000000000000003 3.6 0 0 0 0 0 0 0 0 0 0 0 0 0 0 0 0.2 0 0.2 0 0 0 0 0 2.6 0 0 0 0 
 0.4 0.4 1.4000000000000001 1 7 0.4 0.4 0.4 0.4 0.4 1 0.4 0.4 0.4 1.6 0.4 0.4 0.4 0.4 0.4 6.6000000000000005 5.2 24.200000000000003 44.6 20.200000000000003 32.2 7 24 42.800000000000004 0 40.800000000000004 25 14.200000000000001 15.600000000000001 32.800000000000004 34 56.2 20.200000000000003 14.600000000000001 38.400000000000006 0 1 0.6000000000000001 0 0.6000000000000001 0 0 5.4 0.6000000000000001 0.4 0 0 5 0.4 0 0 0 0 0.2 13 0 0.6000000000000001 0 0 0 0 0.4 0 2.4000000000000004 0 10.200000000000001 0.6000000000000001 0 0 0.4 0 0 0 0 0 0 0 0 0 0 4 0 0 0 0 0 0 0 0 0 0 0 0 0 0 0 8 0 0 2 7.4 1.4000000000000001 0.6000000000000001 6.6000000000000005 4.6000000000000005 1.8 2.4000000000000004 0 0 0 0 0 4.800000000000001 0.2 0 2.8000000000000003 0 0 0 0 0 1.2000000000000002 0 0 0 0 0 0 3.2 6.6000000000000005 0 0 2.4000000000000004 0 1.6 0 0 0 0 0 0 0 0 0 0 0 0 0 6 0 0 0 1.2000000000000002 0 0 0 0 0 0 0 0 0 10 0 0 0 0 1.4000000000000001 0 0 0 0 0 0 0 0.4 0 0.2 2.4000000000000004 4.6000000000000005 0 2.8000000000000003 0 0 0 13 6 0 2.4000000000000004 3.4000000000000004 0 5 5 0 0 4.2 2.4000000000000004 0 0 0 0 6.4 15.4 3.8000000000000003 0 0 0 7.2 0 2.6 0.2 0 0 0 2 0 0 0 0 0 0 0 0 0 0 0 0 0 0 0 0 0 0 0 0 0 0 0 0 0 0 0 0 0 0 0 0 0 0 2.6 0 0.8 0.2 0.8 0 0.6000000000000001 0 0 0 0 0 0 0 0 0 0 0 0 0 0 0 0 0 0 0 0 1.8 0 0 0 4 7.4 0 0 0 
 0 0 0.4 0 0 15.200000000000001 0 7.2 0 0.6000000000000001 0.6000000000000001 0 0 0 0 0 0 0.6000000000000001 0.4 0 28.400000000000002 9 12.4 33.6 20.200000000000003 54.400000000000006 14.200000000000001 22.200000000000003 20.8 40.800000000000004 0 27.8 21.200000000000003 6.4 12.600000000000001 46.6 21 129 7.6000000000000005 68.4 0 0 0.6000000000000001 0.6000000000000001 0.6000000000000001 4 0 0.4 0.6000000000000001 0 0 0 12.4 0.4 0 0 0 0 0.4 13.200000000000001 0 0.6000000000000001 0 0 0 0 0.4 0 2.8000000000000003 0 0 0.8 0 0 0 0 0 0 0 0 0 0 0 0 0 0 0.4 0 0 0 0 0 0 0 0 0 0 0 0 0 0 3.4000000000000004 11.8 0 9.600000000000001 6.2 0 2.4000000000000004 10 3.4000000000000004 5 2.6 0 0 0 0 0 0 1.8 8.4 0 2.4000000000000004 0 0 0 0 4.4 2 0 0 0 0 3 0 11.200000000000001 0.4 0 0 3 0 0 0 0 0 0.6000000000000001 0 0 0 0 0 0 0 0 0 0 0 0 0 0 0 0 0 0 0.2 0 2 0 0 0 0 0 0 0 0 0 0 0 0.4 0 0 1.2000000000000002 0 0 0 3.2 5 2.2 0 0.4 0 7 0 0 0 0.2 0 1.4000000000000001 0 0 0 2.8000000000000003 1.6 0 0 0 0 9.600000000000001 3.8000000000000003 4.800000000000001 0 0 0 7.4 3.8000000000000003 1.6 0 0 0 2 2.8000000000000003 0 0 0 0 0 0 0 0 0 0 0 0 0 0 0.4 0 0 0 0 0 0 0 0 0 0 0 0 0 0 0 0 0 0 0 1.4000000000000001 0 0.6000000000000001 14.8 2.6 0.2 0.6000000000000001 0 0 0 0 0 2 0 0 0 0 0 0 0 15.8 0 0 0 0 0 0 0.6000000000000001 0 0 0 0 2.2 0 0 0 
 0.6000000000000001 0.4 0.6000000000000001 0.4 0 0.4 0.4 0 0 0.2 0 0.2 0 0 0 0.6000000000000001 0 0.6000000000000001 0 0.2 26.200000000000003 5.4 13.8 5.6000000000000005 81.60000000000001 58 6.6000000000000005 7.4 4.800000000000001 25 27.8 0 5.6000000000000005 11 6.6000000000000005 4.6000000000000005 30.200000000000003 17.2 3.8000000000000003 8.6 13.600000000000001 24.200000000000003 0.6000000000000001 0 0.6000000000000001 0.4 0 0.6000000000000001 0.6000000000000001 0 0 0 12.4 0.4 0 0 0 0.2 25.400000000000002 0 0 0.6000000000000001 0 0 0 0 0.8 0 0.4 0 0 0 0 0.6000000000000001 1.4000000000000001 0 0 0 0.8 0 0 0 0 0 0 0 0 0 0 0 0 0 0 0 0 0 0 0 0 0 0 0 0 2.6 2.4000000000000004 4.800000000000001 0 1.6 0.4 0 0 2.4000000000000004 0 0 0 0 4.800000000000001 4.2 0 0 0 3.8000000000000003 0 0 1.2000000000000002 0 0 2.2 0 0 2.8000000000000003 0.2 5.4 0 1.6 2.2 0 0 6 5 0 0 0 0 0 0 0 0 0 0 0 0 0 0.6000000000000001 0 0 0 1.6 0 0 0 0 0 0 0 0 0 0 0 0 0 0 0 0 0 0 0 0 0 0 0 4.800000000000001 1.2000000000000002 3 3.6 3 1.8 0 0 3 0 3.4000000000000004 0 0 0 1.8 0 0.4 0 0 5 6 0 0 0 0 8.8 4.4 1.2000000000000002 0 2.6 0 0 6 0 3.6 2.8000000000000003 0 3.2 4.800000000000001 0 0 0 0 0 0 0 0 0 0 0 0 0 0 0 0 2.2 0 0 0 0 0 0 0 0 0 0 0 0 0 0 0 0 0 5 0 0.2 15.4 18.6 0 0 5.6000000000000005 0 0 0 0 0 0 0 0 0 0 0 0 0 0 0 0 0 0 0 2 0 0 0 0 0 0 0 0 
