 0 33 25 9.4 7.6000000000000005 27.8 28.6 10.200000000000001 9.8 91.80000000000001 64 24.8 10.200000000000001 8.200000000000001 30.200000000000003 5.2 41.800000000000004 25 42.2 66.4 0 0 0 0 1.4000000000000001 0.8 0 0.6000000000000001 1.2000000000000002 0 0 0.4 0 0 0.6000000000000001 0.6000000000000001 0.4 0 0.6000000000000001 0 0 0.4 0.6000000000000001 0.6000000000000001 0.6000000000000001 0.2 0 0.4 0.6000000000000001 1.2000000000000002 0.6000000000000001 0 0.8 0 0 0.2 0 0 0.6000000000000001 0 0 2 0 0.4 0.2 0.4 0.4 0.4 0 2.2 2.2 3 0.4 0.2 0.6000000000000001 0 0.6000000000000001 0.6000000000000001 0 1 2.2 2.4000000000000004 1.8 0 0.4 2.2 0.6000000000000001 1.8 4.4 1 0 4.2 4 0 1.6 0 6.2 3.6 3.6 3.4000000000000004 0 0 0 0 0.4 0 0.2 0.2 0 0 0 0 0 0 0 0 0 0 0 0 0 0 0.2 0 0 0 0 0 0.2 0 0 0 0 0 0 0 0 0.4 0 0.2 0 0 0 0 0 0 0 0 0 0 0 0 0.4 0 0 0 0.2 0 0 0.4 4 0.2 0 0 0 4.6000000000000005 0 0 0.2 1.8 2.2 0 2.2 3.2 0.8 3.6 0 0 2.4000000000000004 0 0 0 0 0 0 0 0 0 0 0 0 0.2 0 0 0 0 0 0 0 0 0 0.4 0 0 0 0 0 0.2 0 0 0 0 0 0 0 0 0 0.4 0 0 0 0 0 0 0 0 0 0 0 0 0 3.4000000000000004 0 3.8000000000000003 0 0 0 0 0 0 0 0 0 0 0 0.4 0 0 0 0 0.2 1 0 0 0 0 0 0 0 0 0 0 0 0 0 12.600000000000001 0 0 0 0 0.2 0 0 0.6000000000000001 0 0 0 0 0 0 0 0 0 0 0 0 0 0 0 0 
 33 0 91.60000000000001 56.2 12.4 14 15.200000000000001 38.2 46.6 43.400000000000006 6.2 29.400000000000002 12.200000000000001 24.6 28 74.60000000000001 46.6 43.800000000000004 27.400000000000002 23.400000000000002 0 0 0 14.8 0 0.4 0 0 0 0 0.4 0 0 0 0.4 0 0 0 3.6 0.6000000000000001 0 0 0.6000000000000001 0 0.6000000000000001 0 0 0.4 0.4 0.4 0 0 0 0 0 0.8 12.200000000000001 0 13 0 0 6.2 0 0.6000000000000001 0 0 0 0 0 0 0 0 0 0 0 0 0 0 0 1.4000000000000001 1.8 2.2 0.4 1.6 0 3.6 0 4.2 14.200000000000001 6.6000000000000005 7.6000000000000005 0 2.4000000000000004 0 2.4000000000000004 1.8 6.800000000000001 3.2 0 2 0 0 0 0 0 0 0 0 0 0 0 1 0 0 0 0 0 0 4.6000000000000005 0.4 0 0 0 0 0 0 0.2 3 0 0 0 0 0 0 0 0 0 0 0 0 0 0 0 0 0.2 8.4 0 0 0 0 0 0 0 0 2.8000000000000003 0 0 0 0 0 1.8 0.8 7 0 0 0 6.6000000000000005 6.2 0 17.400000000000002 2.6 0 0 0 0.2 0.4 2.8000000000000003 5 0 3.8000000000000003 0 0 1.4000000000000001 0 0 0 0 0 0 0 0 0 0 0 0 0 0 0 0 0 0 0 0 0 0 0 0 0 0 0 0 0 0 0 0 0 0 0 0 0 0 0 0 0 0 0 0 0 0 0 0 0 0 0 0 0 0 0 0 0 0 0 0 0 3.8000000000000003 0.4 39.2 0 0.2 17.400000000000002 1.8 2.2 1.6 0 0 0 0 0 0 0 0 0 0 0 0 0 0 0 0 0 0 0 0 0 0 3.2 0 0 0 0 0 0 0 0 0 0 0 0 0 0 
 25 91.60000000000001 0 117.80000000000001 14.600000000000001 67.2 12 36 47 29.6 10.8 9.200000000000001 83.2 69.2 66.8 59.2 96.80000000000001 31 18.400000000000002 49.6 0 0 0 0 0 0.4 0 0 0 0 0 14.8 0 0 0.4 0 0.2 0 15.8 0.4 0 0 0.6000000000000001 0 0.6000000000000001 0.2 0 0.4 0.4 0.4 0 0 0 0 0 0 0 0 0.6000000000000001 0 0.2 0 0 0.4 0 0 0 0 0 0 0 0 0 0 0 0.2 0 0 0 0.6000000000000001 0 1.8 1.2000000000000002 2.2 0 8 0 0.2 6.2 2 0 2 0 2.8000000000000003 0 2 0.4 4.2 0 0.2 0 0 0 0 0 0 2 0 0 0 0 0 0 0 0 0 0 0 3.4000000000000004 0.4 0 0 0 0 0 0 0 0 3.2 0 0 0 0 0 0 0 0 0 0 0 0 0 0 0.4 0 0 0 0 0 0 0 0 0 0 0 0 0 0 0 0 2.2 1.8 0.2 0 2.2 2 0 0 2.8000000000000003 5.4 14.200000000000001 0.2 0 1.6 3 7 1.4000000000000001 4 3 3.4000000000000004 0.6000000000000001 0 2 0 0 0 0 0 5.2 0 0 0 0 0.6000000000000001 0 0 0 0 0 2.8000000000000003 0.4 1.8 0 0 0 0 0 0 0 0 0 0 0 0 0 0 0 0 0.2 0 0 0 0 0.4 0 0 0.4 0 0 0 3.2 0 0 0 0 0 0 0 0 0 0 0 0 0 0 0.4 0.8 0 0 0.4 0.4 0.6000000000000001 0 0 0.4 0 0 0 0 0 0 0 1.4000000000000001 0 0 0 0 0 0 0 0 0 0 0 0 0 0 0.2 0 0 0 0 0 0 0 0 0 0 0 0 
 9.4 56.2 117.80000000000001 0 15.4 24.400000000000002 28.6 59.400000000000006 58 48 23 6.800000000000001 75.60000000000001 44.400000000000006 14 50 28.400000000000002 45.6 35 30 0 0 0 0 0.8 0.4 0.4 0.4 0 0 0.2 0 0 0 0.6000000000000001 0 0 0 15.600000000000001 0 0 0 0.6000000000000001 0 0.6000000000000001 0 1.4000000000000001 0.4 0.4 0 0 0 0 0 0 0.4 0 0 0.6000000000000001 0 0 0 0 0.6000000000000001 0 0 0 0 0 0 0 0 0 0 0 0 0 0 0 0.6000000000000001 2.8000000000000003 0 3.8000000000000003 2.4000000000000004 0.2 4.6000000000000005 0 0.4 6.800000000000001 6.2 1.8 2 0 2.8000000000000003 0.6000000000000001 5.800000000000001 2.6 3.4000000000000004 0 0.2 0 0 0 0 0 0 0.2 0.2 0 0 0 0 0.2 0 4.800000000000001 0 0 0 2.6 0.2 0 0 0 0 0 0 0 0 0 0 0 0 0 0 0 0 0 0 0 0 0 0 0 0 0 0 1.4000000000000001 0 0 0 0 0 0 0 0 0 0 0 0 0.8 1.6 2.6 2.8000000000000003 0 6.4 2 0 0 0 3.6 7.2 0 0.4 2.4000000000000004 0.8 2.6 2 4 0 4 0.6000000000000001 0 1.4000000000000001 0.4 0 0 0 0 9 0.2 0 0 0 4.6000000000000005 0 0 0 0 0 3 0 0 0 0 0 0 0 0 0 0 0 0 0 0 0 0 0 0 0 0 0.2 0 0 0 0 0 0 2.2 0 0 0 0 0 0 0 0 0 0 0 0 0 0 0 0 0 0.2 0.4 0 0.4 17.8 0.2 1.6 0 0 0 0 0 0 0 0 0 0 2 0 0 0 0 0 0 0 0 0 0 0 0 0 0 0 0 0 0 0 0 0 0 0.2 0 0 0 0 
 7.6000000000000005 12.4 14.600000000000001 15.4 0 59.800000000000004 14.200000000000001 53.400000000000006 25 20.6 30.8 11 61 20 19.400000000000002 42.800000000000004 12.4 99.60000000000001 14.600000000000001 57.400000000000006 22.200000000000003 0 0 0.4 0.6000000000000001 0.4 8 0.4 1.2000000000000002 0 0.4 0.6000000000000001 3.8000000000000003 30 0.4 16 15.4 0 1.2000000000000002 0 0 0.6000000000000001 0.6000000000000001 0.6000000000000001 0.6000000000000001 0 0 0.8 0 0.8 0.6000000000000001 0.8 0 0 0 0.6000000000000001 0.4 0 0.6000000000000001 0 0.8 0 0 1 0 0 0.2 0 0 0.4 0 11.200000000000001 0.4 0 0.4 0.2 0 0.4 0 0.6000000000000001 0 0 0.4 6.800000000000001 0 0 0 0 0 0.4 0 6 0 0 2 3.8000000000000003 0.2 0 0 0 7.4 0 9.200000000000001 0.2 4.6000000000000005 0 2.8000000000000003 4.6000000000000005 0 0.4 0 0 6.6000000000000005 0 5.2 7 0.4 2.6 0 2 0 0 0 0 0 3.8000000000000003 0.4 0 0 0 0 0 0 0 0 0 0 0 0 0 0.6000000000000001 2.6 0 0 0 0 0 0 0 0 0 0 0 0 1 0 0 1.8 0 0 0 0 0 7.2 0 0 0 0 1.8 9.4 0.2 2.6 0 0 0 0 0 1 0.8 0 5.800000000000001 3.2 2.4000000000000004 0 0 2.8000000000000003 2.2 4.4 2.4000000000000004 7.6000000000000005 1.6 0 4.6000000000000005 2.8000000000000003 4.2 0 0 3.8000000000000003 6.6000000000000005 7.800000000000001 0 0 0 0 0 0 0 0 0 0 0 0 0 0 0 0 0 0 0 0 0 0 0 0 0 3.4000000000000004 0 0 0.4 0 0 0 0.4 0 0 0.2 0 0 0 0 0 0 0 0 0 0.6000000000000001 0.6000000000000001 0.4 0.8 0.6000000000000001 0 3.4000000000000004 0 0 0 0 0 0 0 0 0 0 0 0 0 0 0 0 0 0 0 0 0 0 0.4 0 2 0 0 0 0 0 0 0 0 0 0 0 0 0 
 27.8 14 67.2 24.400000000000002 59.800000000000004 0 6.6000000000000005 25 11.200000000000001 13 59.400000000000006 26.8 50.400000000000006 42.400000000000006 17.8 72.4 70 53.800000000000004 13.200000000000001 16.400000000000002 34.6 0 0 0 0 0.4 0.2 19.8 0 0.4 0 0 7.6000000000000005 0 5.6000000000000005 0 0 0 15.600000000000001 15 0 0 0.6000000000000001 0 0.6000000000000001 0 0 0.8 0 0 0.8 0.2 0 12.600000000000001 0 0 0 0 0.6000000000000001 0 0 0 0 0.4 0 6.6000000000000005 0 0 0 0 0 0 0 1.6 1 0 0 0 0.2 2.6 2.6 0 3.4000000000000004 5 7.4 3.2 0 0 0 2.6 5.800000000000001 9.4 0 2.2 4.6000000000000005 5.2 5.800000000000001 0 0 0 9.4 0 4.4 0 0 0 3 2 3 0 0 0 2 5 5 0 2.6 0 2.6 0 0 0 0 0 0.4 0 0 0.2 0 0 0 0 0 0 0 0 0 0 0 0 0.6000000000000001 0 0 0.4 0 0.2 0 2.4000000000000004 0 0 0 0 0 0.8 0.6000000000000001 0 2 0 0 0 0 4.2 1.2000000000000002 3 0 8.8 0 0.8 1.8 6 2.8000000000000003 2.6 0 0 1.8 6.2 0.2 6.6000000000000005 0 0 0.4 2.2 0 2.6 0 0 2 0 0 0.2 0 0 0 0 0 0 3.4000000000000004 2.4000000000000004 1 0 0.4 0 0 0 0 0 0 0 0 0 6.800000000000001 0 0 0 0 0 0 0 4.6000000000000005 0 0 0 0 0 0 0 0 0 0 0 0 0 0 0 0 0 0 0 0 0 0 0 2.8000000000000003 0 0.4 0.4 0.4 0 0.2 35.6 0.2 1 2.4000000000000004 0 0 0 0 0 0 0.2 0 0 0 0 0 0 0 0 0 0 0 0 0 0 0 0 2.6 0 0 0 0 3 0 0 0 0 0 0 0 0 
 28.6 15.200000000000001 12 28.6 14.200000000000001 6.6000000000000005 0 48.6 8.4 8.8 21 8 21.200000000000003 26.8 29.200000000000003 24.200000000000003 42 46.400000000000006 26.200000000000003 46.800000000000004 0 0 0.4 0 0.2 0.4 0.2 0.6000000000000001 40.2 0 0.6000000000000001 0 0 0.4 0.4 0 0.2 0.4 0.6000000000000001 0 0 0.8 0.6000000000000001 0 0.6000000000000001 0 0 0.4 0.2 0 0 0 0 0 0.8 1.2000000000000002 0.8 0.8 0.6000000000000001 0 0 0.2 0 0.6000000000000001 0 0 0 0 0 0 0.8 0 0 0.8 1.2000000000000002 0 0 0 0 0.6000000000000001 4.6000000000000005 1.8 4.2 0 0 0 0 4.800000000000001 3.2 5.6000000000000005 3.6 0 6.2 5 0.4 2.2 0.2 6.4 4.6000000000000005 5.4 0 0 0 0 0.4 2.8000000000000003 4 0 0 0 0 0 0 0 0 0 0 0 0 0 0 0 0 0 0 0 0 0 0.2 0 0 0 0 0 0 0 2.6 0.4 0 0.4 0 0 0 0 0 0 1.2000000000000002 0 0 0 0 0 0.4 0 0 0 0.2 0 0 2.2 0 2 0 0 5 0 0 0 0.2 0 0 4.6000000000000005 10 11.200000000000001 0 2.6 0 2.8000000000000003 6.2 1.4000000000000001 0 0 0 0 0 0 0 0 0 0 0 0.2 0 0 0 0 0 0 0 0 0 0.4 0 0 0 0 0 0.2 0 0 0 0 0 0 0 0 0 0.4 0 0 0 0 0 0 0 0 0 0 0 0 0 3 0 4.4 0 0 0 0 0 0 0 0 0 0 0 0.2 0 0 0.8 18 0 1.4000000000000001 0 0 0.4 0 0.2 0 0 0 0 0 0 0 0 0 0 0 0 3.6 0 0 0 0.4 0 0 0 3 0 0 0 0 0 0 0 0 0 0 0 1.4000000000000001 
 10.200000000000001 38.2 36 59.400000000000006 53.400000000000006 25 48.6 0 32.6 45.6 45 10.8 29.400000000000002 50 35.6 11.600000000000001 26.6 5.4 35.2 29.8 0 0 0 0 0.2 0.6000000000000001 0.2 0 0 0 0 0 0.4 0 0.8 0 0 0 0.6000000000000001 0 0 0 0.6000000000000001 0 0.6000000000000001 0 0 0.4 2.4000000000000004 0.4 0 0.2 0 0 0 0 1.6 0 0.6000000000000001 0 0 0 0 0.4 0 0 0.2 0 0 0 0 0 0 0 0 0 0 0 0 0.6000000000000001 4 2.8000000000000003 9 4.4 13.600000000000001 16 0.8 0.6000000000000001 3 7.800000000000001 10.4 0.4 0 4.4 8.6 7.800000000000001 3.6 4.2 0 0.2 0 0 0 0 0 0 0.8 0 0 0 0.4 0 0 0 3.2 0 0 0 5.2 2.4000000000000004 0 0 0 0 0 0 3.4000000000000004 0 0 0 0 0 0 0 0 0 0.4 0 0 0 0 0 0 0 2.4000000000000004 0 0 0 0 0 0 0 0 0 0 0 0 4.6000000000000005 0 0 6.4 5.800000000000001 6.2 0.2 5.4 0.4 0 2.8000000000000003 0 0 0 0.2 3 0.8 2 2 0 8.200000000000001 0 2.4000000000000004 0 0 0 0 0 0 0.4 0 0 0.2 0 0 2.4000000000000004 0 0 0 0 0.2 0.6000000000000001 0 0 0 0 0 0 0.2 0 0 0 0 2.2 0 0 0 1.2000000000000002 0.4 0 0 7.4 0 0 0 0 0 0 0 0 0 0 0 0 0 0 0 0 0 0 0 0 0 0 0 0 0 0 0 0.2 0 0.6000000000000001 19.400000000000002 0 1.2000000000000002 4 0 0 0 0 0 0 0 0 0 0 0 0 0 0 0 0 0 0 0 0 0 0 0 1.4000000000000001 0.4 0 0 0 0 0 0 0 0 0 0 0 0 
 9.8 46.6 47 58 25 11.200000000000001 8.4 32.6 0 48.400000000000006 11 28 26.6 18 17.8 89.4 25.400000000000002 42.6 98.60000000000001 39.800000000000004 0 0 0 0 0.2 0.4 0 0 0 0 0.4 0 0 0 1 0 0 0 15 0 0 0 0.6000000000000001 0 1.6 0 0 0.4 0.4 0.4 0 0 0 0 0 0.4 0.6000000000000001 0.6000000000000001 0.6000000000000001 0 0 0 0 1.2000000000000002 2.4000000000000004 0.4 0 0 0 0 0 0 0 0.6000000000000001 0 0 0 0 0 0.6000000000000001 0 0 0 6.6000000000000005 2.2 1.4000000000000001 0.2 0 0.4 3 0 0 0 0 2 6.4 0 4.4 0 0 2.4000000000000004 0 2.8000000000000003 0 0 0 2.8000000000000003 2.2 0 0 0 0 1.4000000000000001 2.6 5.4 6.2 0 0 3 0 0 0 0 0 0 0 0 0 0 0 0 0 0 0 0 4 0 0 0 1.8 0 0 0 0 0 0 0 0 0 0 0 0 0 0 0 0 0 0 0 0 0 0 9.600000000000001 9.4 3 1.8 0 0 3.2 2.2 6 4 0 0.2 2.6 0 4.2 4 0 2.8000000000000003 0.2 0.2 2.6 0 0 0 1.4000000000000001 3.6 3.6 2.4000000000000004 0 0 2.6 4.6000000000000005 0 0 0 0 0 3 0 0 0 0 0 0 0 0 0 0 0 0 0 0 0 0 0 0 3.6 0 0 0 0 0 0 0 2.6 0 0 0 0 0 0 0 0 0 0 0 0 0 0 0 0 0 0 0.6000000000000001 0.2 0 0.8 0 0 5 0 0 0 0 0 0 0 0 0 0 1.4000000000000001 0 0 0 0 0 0 0 0 0 0 0 0 0 2 0 0 0 2 0 0 0 0 0 0 0 0 0 
 91.80000000000001 43.400000000000006 29.6 48 20.6 13 8.8 45.6 48.400000000000006 0 165.8 24.6 24.8 44.800000000000004 39.800000000000004 82.60000000000001 25.200000000000003 21.8 71 59.6 0.6000000000000001 0 0 0.6000000000000001 22.200000000000003 1 15.4 0 0 0 0 0.4 14.8 0 0.4 0 0 0.2 1 14.8 0 0 0.6000000000000001 0.4 0.6000000000000001 0 0 0.4 1.2000000000000002 0 0 0 0.2 0.6000000000000001 0 0 1.2000000000000002 0 0.6000000000000001 1.4000000000000001 0.4 0 0.4 0.4 0 0 0.2 1.2000000000000002 0.4 0.2 0 0.4 0 0.2 10.4 0 0.2 0 0.4 0.6000000000000001 2.8000000000000003 0.4 6.4 2.8000000000000003 3.2 2.2 0.2 0 8.4 10.600000000000001 6.6000000000000005 0 3.4000000000000004 2.6 2.2 9.600000000000001 5.2 4.2 0 1.4000000000000001 0 2.6 0 0.2 0 0 1.8 0 0 0 0 0.4 0 2.2 4 0 0 0 2.2 4.2 0.4 0 0 0 0 0 0 0 0 0 0 0 0 0 0 0 0 0 0 0 0 0 0 0 0.2 0 3 0 0 0 0 0 0 0 0 0 0 0.4 0 0 6 4.4 2.4000000000000004 0 7.4 1.2000000000000002 2.4000000000000004 4.6000000000000005 3 2.4000000000000004 0 2 0 1.2000000000000002 0 0 3.6 0 0 5.4 0 0 0 0 0 0 2.6 0 0 0 0 0 0 0 0 2.6 0 0 1.6 0 0 0 0 0 0 0 0 0 0 0 0.6000000000000001 0 0.4 0 0 0 0 0 0 0 0 0 0 0 0 0 0 0 0 0 0 0 0 0 0 0 0 0 0 0 0 1.8 0 0 0 0.4 1 0 0.6000000000000001 35.2 0.4 2.6 0 0 0 0 0 0 0 1 0 0 0 0 0 0 0 0 0 0 0 0 0 0 0 1.6 0.2 0 0 0 0 0 0 0 0 0 0 0 0 0 
 64 6.2 10.8 23 30.8 59.400000000000006 21 45 11 165.8 0 10.200000000000001 8 37 73.4 39 40.2 13.200000000000001 8.6 32.4 0 0 0 0 0 0.6000000000000001 0.4 16 0 0 0 0 0 0.2 0.4 0 0 0 0.4 15 0 0 0.6000000000000001 0.4 0.6000000000000001 0 0 0.4 0.6000000000000001 0.4 0.6000000000000001 0 0 0 0 0.4 0 0 1.2000000000000002 0 0.8 0 0 0.8 0.6000000000000001 0 0 0.2 0 0 0 0 0 0 0 0 0 0 0 0.6000000000000001 0.8 0 4 4.2 0 5.800000000000001 0.2 0 8 5.2 1.8 4.4 0 5.2 0 1.8 0.6000000000000001 4 0.2 0 0 0 0.8 0.2 0.4 0 8 0 0 0 0 0 0.2 5.6000000000000005 2.2 0 3.4000000000000004 0 0 0 0 0 0 0 0 0 0.2 0 0 0 0 0 0 0 0 0 0 0 0 0 0.2 0 0 0 0 0 0 0 0 0 0 0 0 0 0 0 0 0 0 0 2.4000000000000004 0.8 0 0 0.2 3.2 0 0 0.4 3.6 4.6000000000000005 0 0 2.2 0.2 3.8000000000000003 0 0 0 0 2.2 3.2 0 0.2 0 0 4.6000000000000005 0 3.4000000000000004 5 0 0.2 0 5.800000000000001 0 3.2 0 0 10.200000000000001 3.2 0 0 0 0.4 0 0 1.8 0 0 0 8.200000000000001 0 0 0 0 0 0 0 0 0 0 0 0 0 0 0 0 0 0.2 0 0 0 0 0 0 0.4 0 0 0 0 0 0 2.8000000000000003 0 0 0.2 0 0 0.4 18.8 0 2 0 0 0 0 0 0 0 0 0 0 1.2000000000000002 0 0 0 0 0 0 0 0 0 0 0 0 0.2 3.8000000000000003 0 0 0 0 0 0 0 0 0 0 0 0 0 
 24.8 29.400000000000002 9.200000000000001 6.800000000000001 11 26.8 8 10.8 28 24.6 10.200000000000001 0 47.2 22 14.4 65 69.4 15 5.6000000000000005 8.6 14.600000000000001 9 0 0 0 0.4 14.8 0.4 0.2 0 0 0.4 19 0 0.4 0.6000000000000001 0 0 30.400000000000002 16.8 0.6000000000000001 0 0.6000000000000001 0.8 0.6000000000000001 0 0 0.4 1.8 0.2 1.2000000000000002 0 0 0 0 0 1.2000000000000002 0 1.8 0 0.6000000000000001 0 0 0.4 1.2000000000000002 0.4 0 0.4 0 0.2 0 0 0.4 0 0 0 0 0.4 0 0.6000000000000001 0 0 5.2 0 6.800000000000001 2 0 0 2.6 0 2 0 2.8000000000000003 0 8.200000000000001 2.8000000000000003 4.4 2.8000000000000003 0 0 0 3.4000000000000004 9.200000000000001 0 0 0 0 3.8000000000000003 3.4000000000000004 1.6 0 0 3.2 2.8000000000000003 3.6 2 0 5.6000000000000005 6.2 9.200000000000001 0 0 0 0 0 2.8000000000000003 3.4000000000000004 2.4000000000000004 0 0 0 0 0 0 0 0 0 0 0 0 0 0 0 0.2 2.8000000000000003 0.4 0 0 0 0 0 0 0 1 0.4 0 0.4 0 0 0 4.4 2 7 2.4000000000000004 1.6 0 0 1.6 1.4000000000000001 0 5.4 4 0 0 0 1.8 0 7.800000000000001 1.6 0 3 4.2 0.2 0 0 0 0 0 5.2 0.2 0.2 0 2.8000000000000003 2 0 2.8000000000000003 0 5.6000000000000005 2.6 3.8000000000000003 0.2 0 0 0 0 0 0 0 0 0 0 0 0 0 0 0 0 0 0 0 0 0 0 0.2 0 0 0 0 0 0 0 0 0 0 0 0 0 0 0 0 0 0.2 0 0 0.2 0.4 10 0.4 17.8 0 0 3.2 0 0 0 0 0 0 0 0 0 0 0 0 0 0 0 0 0 0 0 0 0 0 0 1.2000000000000002 0 0 0 0 0 0 0 0 0 0 0 0 0 0 
 10.200000000000001 12.200000000000001 83.2 75.60000000000001 61 50.400000000000006 21.200000000000003 29.400000000000002 26.6 24.8 8 47.2 0 16.6 6 7.6000000000000005 52.2 48.400000000000006 85.80000000000001 23.400000000000002 0.4 1.4000000000000001 0 0 0 0.4 0.4 0.6000000000000001 0.4 0.6000000000000001 0.4 0.2 0 0.6000000000000001 1.4000000000000001 0 0 0.2 1 14.600000000000001 16.8 0 1 0.6000000000000001 0.6000000000000001 0.4 0 0.4 0 1.4000000000000001 0 0.2 0.2 0 0.2 0.4 0.2 0 0.6000000000000001 0 8.8 0 0 1.6 0.6000000000000001 0.4 0.2 1.2000000000000002 0 0 0.8 0.8 0 0.4 0 0 0.2 0.4 0 0.6000000000000001 0.6000000000000001 6.800000000000001 2.2 0 0 0 3.4000000000000004 1.2000000000000002 0 0 0 0.2 0.4 4.2 0.2 0 2.8000000000000003 0.4 2 0 0 0 0 0 0.2 0 0 0 0 0 0 0 0 0 0 0 0 0 0 0 0 0 0 0 0 0 0 0 0.4 0 0 0 0 0 0 0 0 0 0 0.6000000000000001 0 0 0 0 0 0 0 0 0 0 2 0 0.2 0 0 0 0.4 0 0 0 3.2 0.6000000000000001 0.4 0 0 0 0 0 4 0 0 0 2.4000000000000004 0.2 2.4000000000000004 4 0 0 3 2.6 0 0 0 0 0 0 0 0 0 0 0 0 0 0 0 0 0 0 0 0 0 0.2 0 0 0 0 0 0.4 0 0 0 0 0 0 0 0 0 0.2 0 0 0 0 0 0 0 0 0 0 0 0 0 0 0 0 0 0 0 0 0 0 0 0 0 0 0 0 0 0.2 0 0.4 0.4 2.4000000000000004 0 0 0 0 0 0 0 0 0 0 0 0 0 0.4 0 0 0 0 0 0 0 0.2 0 2 0 0 0 0 0 0 0 0 0 0 0 0 0 0 
 8.200000000000001 24.6 69.2 44.400000000000006 20 42.400000000000006 26.8 50 18 44.800000000000004 37 22 16.6 0 53.400000000000006 20.200000000000003 40.400000000000006 30 61.800000000000004 12 0 0 0 0 0 0.4 0 0 0 0 0 0 0 0 0.4 0 0.4 0 1 0 0 0 0.6000000000000001 0 13 0 12.4 0.4 1.2000000000000002 0 0 6.4 0 0.6000000000000001 0 0.4 0.8 0 0.6000000000000001 0 0.6000000000000001 0 0 0.6000000000000001 0 0 0.8 0 0 0 0 0 0.8 1 0 1.2000000000000002 0 0 0.8 0.8 2.2 1.2000000000000002 5.800000000000001 2 4.6000000000000005 3 0 3 2.8000000000000003 2.2 2.8000000000000003 2.6 1.4000000000000001 0.2 6.800000000000001 2 7.4 0 0 5.6000000000000005 0 0 0 0 0 0.2 1 0.2 0 0 0 0 0 0 0 0 0 0 0.8 0 0 0 0 0 0 0 0 0 2.4000000000000004 0 0 0 0 1.4000000000000001 0 0 0 0 0 0 0 0 0 0 0 0 0 1.2000000000000002 0 0 0 0 0 0 0 0 0 0 0 0 3.8000000000000003 5.800000000000001 0.2 0 4.4 2.4000000000000004 0.2 0 2.8000000000000003 1.6 1.4000000000000001 5.800000000000001 0.2 3 3.2 8 0.2 2.8000000000000003 0 4.4 0 0 0 0 0.4 0 0 0 0 0.4 0 0 0 0 0 0 0 0 0 0 0 0 0 0 0 0.2 0 3 0 0 0 0 0 0 0 0.4 0 0 0 0 0 0 0.4 0 0 0 0 0 0 0 0 0 0 0 0 0 0 0 0 0 0 2.4000000000000004 0 0 0 0 0 0 0 8.6 0 3.4000000000000004 4.2 0 0 0 0 0 0 0 0 0 0 0 0 0 0 0 0 0 0 0 0 0 0 0 0 4 0 0 0 0 0 0 0 0 0 0 0 0 
 30.200000000000003 28 66.8 14 19.400000000000002 17.8 29.200000000000003 35.6 17.8 39.800000000000004 73.4 14.4 6 53.400000000000006 0 14.8 10.600000000000001 10 19.8 38.2 0.6000000000000001 0 0.6000000000000001 0 14.8 0.6000000000000001 0.6000000000000001 0 0 0.4 0 0 1 0 1.8 0.4 0 0 1.8 0 0 7.4 0.6000000000000001 0 0.6000000000000001 0 0 0.4 1.4000000000000001 0 0 0.6000000000000001 0 0.4 0 0.6000000000000001 7.800000000000001 0 1 0 0.8 6 0 1.4000000000000001 0 0 0 0 0 0.2 0 0 0.6000000000000001 0 0.6000000000000001 0.2 0 0.6000000000000001 0 0.6000000000000001 3.2 8.6 5 2.6 3.8000000000000003 4.2 0 4.6000000000000005 4.800000000000001 0 9.4 0 5 7.2 2.4000000000000004 2.4000000000000004 2.2 3.6 0 3.2 0 0 0 0 0 0 2.8000000000000003 0 0 0 0.4 0 0 0 3 0 0 0 2 1.4000000000000001 0 0 0 0 0 0 3 0 0 1.2000000000000002 0 0 0 0 0 0 0.4 0 0 0 0 0 0 0 2 0 0 1 0 0 0 0 0 0 0 0 0 0 0 0 0 1.6 4.6000000000000005 0.2 2.2 0 0 0 3.8000000000000003 0 0 8.200000000000001 12.8 8 0 8.8 2 0.4 3.4000000000000004 0 0 0 0 0 0 0 0.4 0 0 0 0.2 0 2.6 0 0 0 0 0 0 0 0 0 0 0 0 0 0 0 0 0 2.2 0 0 0 0 0.2 0 0 3.4000000000000004 0 0 0 0 0 0 0 0 0 0 0 0 0 0 0.2 0 0 0 0 0 0 0 0 0 0 0 0 0.8 0.4 0.4 21 0 0 0 0 0 0 0 0 0 0 0 0 0 0 0 0 0 0 13 0 0 0 0 0 0 0.8 6 3.8000000000000003 0 0 0 0 0 0 0 0 0 0 0 0 
 5.2 74.60000000000001 59.2 50 42.800000000000004 72.4 24.200000000000003 11.600000000000001 89.4 82.60000000000001 39 65 7.6000000000000005 20.200000000000003 14.8 0 106 18.400000000000002 94.2 54.6 0 0 0 0 0 0.6000000000000001 0 0.4 0 0 0 0 19.8 0 0.4 0.8 0 0 13.4 0 0.4 0 0.6000000000000001 0 0.6000000000000001 0 0 0.4 1.4000000000000001 0.4 0 0 0 0 0 0.4 0.4 0 0.6000000000000001 0 0 0 0 0.6000000000000001 0 0.8 0 0 0 14 0 0 0 0 0 0 0 0 0 0.6000000000000001 1.6 0.4 2.8000000000000003 2.8000000000000003 3.2 0 1.6 0 0 2 1.6 0 2.2 0 3.6 7.2 0.2 4 0 0 3.6 0 0 0.2 0 0 3.8000000000000003 3 4.4 0 0 0.4 0 2.6 0 5.2 0 0 4 0 0.4 0 0 0 0 0 0 3.4000000000000004 0 0 0 0 0.2 0 0 0 0 0 0 0 0.4 0 0 0 0 0 0 0 0 0 0 0 0 2 0 0 0 0.2 0 0 2.6 1.2000000000000002 5.4 0.4 1.8 0 0 4 10.600000000000001 0 4.2 0.4 4.800000000000001 1.2000000000000002 0.4 3.6 4.800000000000001 4.800000000000001 0 0 0 0 0 0 0 0 0 4 0 0 0 0 1.2000000000000002 0.2 0 0 0 0 0 0 0 0 0 0.2 0.6000000000000001 0 0 0 0 0 0.4 0 0.2 0 0 0 0 0 0.4 0 0 0 0 0 0 0 0 0 0.4 0 0 0 0 0 0 0 0 0 0 0 0 1.8 0 0 0 0.6000000000000001 17.8 0.4 0 1.2000000000000002 0 0.8 2.8000000000000003 0 0 0 0 0 0 0 0 0 0 0 0 0 0 0 0 0 0 0 0 0 0 0 1 0 0 0 0 0 0 0 0 0 0 0 0 0 
 41.800000000000004 46.6 96.80000000000001 28.400000000000002 12.4 70 42 26.6 25.400000000000002 25.200000000000003 40.2 69.4 52.2 40.400000000000006 10.600000000000001 106 0 82 6.4 40.6 0.2 0 0 0 0 0.4 0 0 0 0 1.4000000000000001 0 0 0.2 0.4 0 0 0 27.200000000000003 0 0 0 0.6000000000000001 0 1.4000000000000001 0 0.6000000000000001 0.4 0 0 0 0 0 0 0 0.2 0 0 0.6000000000000001 0 0 0 0 0.4 1.2000000000000002 0 0 0 0 0 0 0 0 0 0 0 0 0 0 0.6000000000000001 3.2 2 4.6000000000000005 0 3 0.4 1.4000000000000001 2.6 10.8 6.2 6.4 7.800000000000001 2.6 3.4000000000000004 7 9.4 7.800000000000001 2 3.6 0.2 1.6 0 0 0 0 0 3.2 0 0 0 0 0 0 0 0 0.2 0.4 0.2 2.6 2 0 0 0 0 0 0 0 2 0 0 0 0 0 0 0 0 0 0 0 0 0 0 0 0 0 0 0 0.2 0 0 0 0 0 1.4000000000000001 0.2 0 0 0 0 0 2.6 1.2000000000000002 4.800000000000001 0.4 1 3 0 3.8000000000000003 2.2 4.2 4.2 7.6000000000000005 1.8 5 2 4 5.800000000000001 0 3 0 0 0 0 0 0 0 0 0 0 0 0 0 0 0 0 0 0 0 0 0 0 0 0 0 0 1.4000000000000001 0 0 0 0 0 0 0 0.2 0 0 0 0 9.4 0 0 0 0 0 0 0 0 0 0 0 0 0 0 0 0 0 0 0 0 0 0 0 0 0 0 0 2.2 0 0.4 18.6 0 1.6 0 0 0 0 0 0 0 0 0 0 0 0 0 0 0 0 0 0 0 0 0 0 0 2.4000000000000004 3 0 0 0 0 0 0 0 0 0.2 0 0 0 0 
 25 43.800000000000004 31 45.6 99.60000000000001 53.800000000000004 46.400000000000006 5.4 42.6 21.8 13.200000000000001 15 48.400000000000006 30 10 18.400000000000002 82 0 9.600000000000001 88.80000000000001 0 0 0.4 0 0 0.4 0 0.2 0 0.2 0 0 0 0 0.4 0 0 0.4 1.2000000000000002 0 0.2 0 0.6000000000000001 0 0.6000000000000001 0 0 0.4 1 0 0 0 0 0 0 0 0.4 0 0.6000000000000001 0 0.4 0 11.4 0.4 0 0 0.4 0.6000000000000001 6.2 0 0.4 0 0.2 0.8 0 0 0 0 0.8 0.6000000000000001 12.200000000000001 0 0 0 2.8000000000000003 1.8 2.2 0 2.8000000000000003 4.4 2.8000000000000003 0 5.6000000000000005 0 0 2.8000000000000003 1.4000000000000001 9.4 0.4 1.6 0 0 6.800000000000001 0 0.2 0 0 3.8000000000000003 0 0 0 0 1.8 2.8000000000000003 0 0 0 6 0 3 3 0 0 0 0 0 0 0 0.4 0 0 1.2000000000000002 0 0 0 0 0 0 0 0.2 0 0 0 0 0 0 0 0 0 0 0 0 0.2 0 0 0 0.4 0 0 0 5 1.8 3.4000000000000004 5 1.8 0 2.6 6 3.8000000000000003 2.2 3.6 1 2 0 2.2 0 5.2 0 3.6 3.8000000000000003 3 0 0.2 0 0 0 0 0 0 0 0 0.4 0 2.2 0 0 0 1.8 0 2.6 0 0.2 0 0 0 0 0 0.4 0 1.8 0 0 0 0 0 0 0 0.2 0 0 0 0 0 0 0 0 0 0 0 0 0 0 0 0 0 0 0 0 0 0 0 2 0 0 0 0 0.6000000000000001 0 1 0 2.4000000000000004 2 0 0 0 0 0 0 0 0 0 0 0 0 0 0 0 0 0 0 0 0 0 0.2 0 1.4000000000000001 0 0 0 0 0 0 0 0 0 0 0 0 0 1 
 42.2 27.400000000000002 18.400000000000002 35 14.600000000000001 13.200000000000001 26.200000000000003 35.2 98.60000000000001 71 8.6 5.6000000000000005 85.80000000000001 61.800000000000004 19.8 94.2 6.4 9.600000000000001 0 42.2 0.4 0 0.2 0 0 0.4 0.8 0 0 0 0 0 0 0 0.4 0 0 0 0.6000000000000001 0.2 0 0 0.6000000000000001 0 0.6000000000000001 0 0 0.4 0 0.2 0.2 0.2 0 0 0 0.4 0 3.6 0.6000000000000001 0 0.8 0.4 0 1.2000000000000002 0 0 0 0 0 0 0 0 0 0 0.2 0 0 0 0 0.6000000000000001 6 14.200000000000001 0.4 0 0.2 0 4 3.8000000000000003 7.800000000000001 4 3 2.6 2.8000000000000003 5.800000000000001 6.4 0 2.2 8.6 2.8000000000000003 3.4000000000000004 0 0 0 0 0 0 0 0 0 0 0 0 0 0 0 0 0 0 0 0.2 0 0 0 0 0 0 0 0 2 0 0 0 0 0 0 0 0 0 0 0 0 0 0 0.4 0 0 0 5.2 0 0 0 0 0 0 0 0 0 0 0 0 0 5.6000000000000005 5.4 0 0 0 11 3 3.6 0 2.4000000000000004 0 0 6.4 5 3.8000000000000003 1.8 0 5.4 2.4000000000000004 0.4 0 0 0 0 0 0 0 0 0 0 0 0 0 0 0 0 0 0 0 0.4 0 0 0 0 0 0 0 0 0 0 0 0 0 0 0 0 0 0.2 0 0 0 0 0.4 0 0 0.4 0 0 0 0 0 0 0 0 0 0.2 2.2 0 0 0 0 0 0 0 0.2 0 0 0.2 0 2.2 2.6 0 0 0 0 0 0 0 0 0 0 0 0 0 0 0 0 0 0 0 0 0 0 0 0 0 0 0 0 0 0 0 0 0 0 0 0 0 0 
 66.4 23.400000000000002 49.6 30 57.400000000000006 16.400000000000002 46.800000000000004 29.8 39.800000000000004 59.6 32.4 8.6 23.400000000000002 12 38.2 54.6 40.6 88.80000000000001 42.2 0 0.2 0 0 0 0.4 0.4 0 0 0 0 0 0 0 0 0.4 0 0.2 0 0.6000000000000001 0 0 0 13 0 0.6000000000000001 0 0 0.4 0.4 0 0 0 0 0 0 0 0 0 0.6000000000000001 0 0 0 0 0.4 0 0 0 0 0 0 0 0 0 0 0 0 0 0 0 0.6000000000000001 3.8000000000000003 0.8 3.8000000000000003 0 1.6 2.2 1.6 2.4000000000000004 1.6 5.4 4.6000000000000005 0 3.2 3 0 3.6 0 8.8 5.2 0.4 0 0 0 1.4000000000000001 0 0 0 0 0 0 0 0 0 0 0 0 0 0 2 0.2 0 0 4.2 0 0 0 0 0 0 0 0 0 0 0 0 0 0 0 0 0 0 0 0 0 0 0 0 0 0 0 0 0 0 0 0 0 0 0 0 0 0 1.4000000000000001 0.4 0 2.4000000000000004 0 0 2.2 0.4 2 0 0 6.6000000000000005 6 2 0.2 7.6000000000000005 3.8000000000000003 2.8000000000000003 6.800000000000001 0 0 0 0 0 0 0 0 0 0 0 0 0 0 0 0 0 0 0 0 3.2 0 0 0 0 0 0 0 0 0 0 0 0 0 0 2.6 0 0 3 0 0 0 0 0 0 0 0 0 0 0 0 0 0 0 0 0 0 0 0 0 0 0 0 0 0 0.4 0.2 0.4 0 1 0 0.4 0 0 0 0 0 0 0 0 0 0 0 0 0 0 0 0 0 0 0 0 0 0 0 0 0 0 0 0 0 0 0 0 0 0 0 0 0 0 
 0 0 0 0 22.200000000000003 34.6 0 0 0 0.6000000000000001 0 14.600000000000001 0.4 0 0.6000000000000001 0 0.2 0 0.4 0.2 0 39.400000000000006 29.6 14.200000000000001 21.200000000000003 10 65.60000000000001 35.800000000000004 99.2 20.200000000000003 25.400000000000002 66.2 74.4 43.6 23 39.400000000000006 6.800000000000001 20.6 51.800000000000004 24.200000000000003 0.4 0 0.4 0.4 0 0 0 0.4 0.4 0.2 0.6000000000000001 0 0 0 0 0 0 0 0.6000000000000001 40.400000000000006 0 0 0.6000000000000001 0 4.6000000000000005 0.4 0 0 0.4 0 0 0 0.2 0 0 0 0.8 0 0.4 0 0 0 0 3.8000000000000003 3 0 0 0 0 0 0 3.2 0 0 0 0 0 0 0 0 9.600000000000001 0 5.6000000000000005 0 0 0 1.8 2.6 5 0 2.6 0 5 2 9 3 2.6 0 0.6000000000000001 0 0 0 0 0 0 3 1 0 0 0 0 0 1.4000000000000001 0 0 0 0 0 0 0 1 0 0 0 0 0 0 0 0 0 0 0 1.2000000000000002 0 1.4000000000000001 0 4 0 0 0 0 0 0 7.6000000000000005 1.8 2.6 0 0 0 0 0 0.4 0 0 0 0 0 0 1 0 4 0.6000000000000001 0 4.6000000000000005 0 0 0 3 2.4000000000000004 0 1.6 2.4000000000000004 4 2.2 2 2.4000000000000004 5.2 3.4000000000000004 0 9.600000000000001 0.2 0 0 0 0 0 0 0 0.4 0 0.2 0 0 0 0 0 0 0 2.4000000000000004 0 0 0 0 0.4 0 0 0 0 0 0 0 0 0 0 0 0 0 0 0 0 0 0 0 0 0 0 0 0 4.800000000000001 0 0 0 0 0 2 0.2 0.2 0.2 0 0.4 0 0 12.200000000000001 0.2 0 0 0 0 0 0 0 0 0 0 0 0 0 0.4 0 0 0 2.8000000000000003 0 0 0 0 0 0 0 0 
 0 0 0 0 0 0 0 0 0 0 0 9 1.4000000000000001 0 0 0 0 0 0 0 39.400000000000006 0 35.4 24.400000000000002 42.400000000000006 20.200000000000003 17.400000000000002 37.4 57.400000000000006 9.200000000000001 16.400000000000002 9 52.6 27.200000000000003 33.6 42.2 24.6 48.6 77.4 29.400000000000002 3.8000000000000003 0 0 0.6000000000000001 0 0 0 0 0.2 0.2 8.8 0.6000000000000001 0 0 0 0 0 0 13 0 0 0 0.6000000000000001 0 0 0.6000000000000001 0 0 0.4 0 0 0 0.4 0 0 0 0.6000000000000001 0 0.4 0 0 0 0.2 0 0 0.4 0 0 0 0 0 2 0 0 0 0 0 0 0 0 0 0 4.800000000000001 0 0 2.4000000000000004 0 0 1.8 1.4000000000000001 0.2 11.4 0 0 3.8000000000000003 2.4000000000000004 4 3.2 2.8000000000000003 4.2 1.6 0 0 0 0 0 2.4000000000000004 0 0 0 0 0 5.4 2.8000000000000003 0 0 0 0 1.6 0 0 0 0 0 0 0 3.2 0 0 0 0 0 0 0 0 0 0 0 0 0 0 0 0 0 1.6 0 0.4 1.8 0 0 0 0 0 0 0.2 0.4 0 0 0 0 0 9.600000000000001 4.2 1.6 1.2000000000000002 0.2 2.2 4 16.400000000000002 14.600000000000001 3.8000000000000003 13 2.8000000000000003 0.2 6.800000000000001 0 5 3.6 3.2 2.6 3.2 0 0 0 0 0 0 2.6 0 0 0 0 5.4 0 0 0 4.2 0.2 4.2 6.6000000000000005 0 0 0 0 0 0 0 0 0 0 0 0.2 0 0 0.2 0 0 0 0 0 0 0 0 0 0 0 0 0 15.200000000000001 0 0 0 0 0 2.2 0 0.4 31.400000000000002 2.6 0 2.4000000000000004 2 0 0 0 0 0 0 0 0 0 0 0 0 0 0 0 0 0 0 0 0 0 0 0 0 0 0 0 0 
 0 0 0 0 0 0 0.4 0 0 0 0 0 0 0 0.6000000000000001 0 0 0.4 0.2 0 29.6 35.4 0 25.8 48.2 5.2 45.800000000000004 88 30.400000000000002 56.800000000000004 26.200000000000003 39.800000000000004 70.2 10.8 26.400000000000002 11.4 23 52 49.400000000000006 31.200000000000003 1.2000000000000002 0.4 0 0.4 0 0 0 0 0.2 0.2 0.6000000000000001 1.2000000000000002 0 0 0.4 0.4 0.4 0.4 0.6000000000000001 0.8 0 0 1.6 0 1.2000000000000002 0.4 0 0 0.4 0 0.4 0 0.6000000000000001 0.4 0.6000000000000001 0 0.6000000000000001 0 0.8 0 0 0 0 0 0.4 0 0 0 0.4 0 0 0 0 0 0 0 0 0 0 0 0 4.4 8.4 0 0 0 7.6000000000000005 0 0.6000000000000001 3.4000000000000004 7.6000000000000005 2.4000000000000004 0 0 2.2 2.4000000000000004 2.8000000000000003 10 0 0 0.2 0 0 0 0 0 2.8000000000000003 0 0 0 0 0 7 1.4000000000000001 0 0.2 0 0 0 0 0 0 0 0 0 0 0 0 0 0 0 0.4 0 0 0 0 5.6000000000000005 0 0 0 0 0 0 0 0 0 0 1.2000000000000002 0 0 0 0 0 0 0 0 1.2000000000000002 0 0 0 2 1 2 3.8000000000000003 2 0 0.2 5.4 11 0.4 0 7.2 0 0 6.6000000000000005 3.8000000000000003 2.8000000000000003 6.2 0 0 0 0 0 0 0 0 0 0 0 0 0 0 3.4000000000000004 0 0 0.4 5 0.2 4.800000000000001 3.6 0 0 0 0 0 0 0 0 0 0 0 0 0 0 0 0 0 0 0 0 0 0 0 0 0 0 0 0 0 0.4 0 0 0 0 1.8 0 0 32.4 15.4 0 11 2.2 0 0 0 0 0 0.2 0 0 0 0 0 0 0 3.6 0 0 0 0 0 0 0 0 0 0 0 0 0 0 
 0 14.8 0 0 0.4 0 0 0 0 0.6000000000000001 0 0 0 0 0 0 0 0 0 0 14.200000000000001 24.400000000000002 25.8 0 28.6 12 18.400000000000002 32.800000000000004 13.600000000000001 44.800000000000004 37.2 60.2 57.400000000000006 72.60000000000001 25.400000000000002 25 18.6 36.4 31.6 36.2 0.4 0 0 0.4 0 0 0 6.4 0.2 0 0.6000000000000001 0 10.200000000000001 0 0 0.4 0.4 0 13.8 0.8 0.6000000000000001 0 1.2000000000000002 0 0 0.4 0 0.4 0.4 0 0 0 0.6000000000000001 0 0 0 0.4 0 0.6000000000000001 0 0 0 0 0 0 2 0 0 0 0 0 0 0 0 0 0.2 0 0 0 0 0 0 2 2 0 0 3.6 0 1 2.4000000000000004 4.2 2.4000000000000004 0 0 0 0 2.8000000000000003 0.2 0 2.2 2.8000000000000003 0.2 0 4.2 2.2 0 0.2 0 3.6 1 0.4 0 0 4 2.2 0 0.2 2 8 0 0 0 0 0 0 0.6000000000000001 0 0 0 0 0 0 0 0 0.8 0 0 0 0 0 0 0 0 0 0 0 0 0 0 0 0 0 0 0.4 0 0 0 0 0 0 0.2 0.2 2.6 3.4000000000000004 2.4000000000000004 5.2 0 2.4000000000000004 0 0.4 1.6 0 2.6 2.8000000000000003 2.4000000000000004 0.4 5 15 1.4000000000000001 0 2.6 0 2.2 0 0.4 0 1.8 1.2000000000000002 0 0 0 0 2.6 2.4000000000000004 6 0 0 0.2 0.8 0 2.4000000000000004 0.8 0 0 0 0 0 0 0 0 0 0 0 0 0 0 0 0 0.2 0 0 0 0 0 4.800000000000001 0 0 0 0 0 0 0 0 0.4 0.6000000000000001 0 0.2 23.400000000000002 9 0 0.4 1.8 0 0 0 0 0 0 0 0 0 0 0 0 0 0 0 0 0 0 0 0 0 0 0 2.4000000000000004 0 0 0 0 
 1.4000000000000001 0 0 0.8 0.6000000000000001 0 0.2 0.2 0.2 22.200000000000003 0 0 0 0 14.8 0 0 0 0 0.4 21.200000000000003 42.400000000000006 48.2 28.6 0 27.8 67 20.200000000000003 31.400000000000002 14 35.2 45.800000000000004 17.8 29.6 48.400000000000006 12.8 26.8 23.6 27.8 30.400000000000002 2.8000000000000003 11 0.2 0.4 0.6000000000000001 0 6.2 0.4 0.4 0 0.6000000000000001 1.2000000000000002 0.4 12.4 12.4 0 0 0 39 6.4 0 0.2 1.2000000000000002 1.2000000000000002 1.6 0.4 0 0 0.4 0 0 0 0.2 0 0 0 0.6000000000000001 0 0 0 0 0 0 0.2 0 0 0 0 0 0 0 0 0 0 0 0 0 0 0 0 0 6.800000000000001 0 0 3.4000000000000004 0.2 9.200000000000001 0 3.2 6 1.8 0.8 0 0 3.2 1.4000000000000001 0 2 0 0 2.4000000000000004 2.2 0 0.2 0 0 0 0 5.800000000000001 0.2 0 0 1.2000000000000002 4.4 5.800000000000001 1.8 0 0 3.4000000000000004 4.6000000000000005 0.2 0 0 0 0 0 1.2000000000000002 0 0 0 0 0 0 0 0 2 0 0 0 0 0 0.8 0 0 0 0 0 0 0 0.8 0 0 0 0 0 0 0 3 0 0 0 0 0 0 2.4000000000000004 0.2 0 2.8000000000000003 2.4000000000000004 0 0 7 0 0 5.6000000000000005 3.6 1.4000000000000001 4.2 0 0 0 2 0 0 0 0 5.4 2 0 0 0 0.4 2.8000000000000003 4.6000000000000005 0.2 0 2 2 6.800000000000001 0 0.4 0 0 0 0 0 0 0 0 0 0 0 0 0 0 0 0 0 0 0 0 0 0 0 0 0 0 0 0 0 0 0 0 0 2.2 0 0.6000000000000001 1.6 16.400000000000002 0.4 0.4 2.8000000000000003 0 0 0 0 0.4 0 5.4 0 0 0 0 0 0.4 0 0 0 0 1.4000000000000001 0 0 0 0 0 0 0 0 0 0 
 0.8 0.4 0.4 0.4 0.4 0.4 0.4 0.6000000000000001 0.4 1 0.6000000000000001 0.4 0.4 0.4 0.6000000000000001 0.6000000000000001 0.4 0.4 0.4 0.4 10 20.200000000000003 5.2 12 27.8 0 23.8 30.6 34.6 33.4 43 30.8 14.8 21 9.600000000000001 34 27 29.400000000000002 11.8 9.600000000000001 1.8 13 13 1 0 0.4 13 0.6000000000000001 0.6000000000000001 0 0.6000000000000001 4.6000000000000005 13.8 12.200000000000001 0 0.2 0 0 0.6000000000000001 12.4 0 0 0.6000000000000001 0 0 0.4 0 0.6000000000000001 1 0 0 0 1 0 0 0 0.4 0 0.6000000000000001 0 0 0 0 0 0 0 0.4 0 0 0 0 0 0 0 0 0 0 0 0 0 0.2 2 0 2 6 1.8 0 0 8 3 0 6.6000000000000005 0 0 0 0 2.4000000000000004 0 0.2 0 0 1.8 1.6 0 0 0 4.800000000000001 2.4000000000000004 1.6 0 0 0 12.200000000000001 6 5.2 3.2 1.4000000000000001 0 5.2 8 0 7.6000000000000005 0 0 0.4 0 0 0 0 0 0 0 0 0 0 0 0 0 0.4 0 0 1.2000000000000002 0 0 0 0 0 0 0 1.2000000000000002 0 0 0 0 0 0 0 0.8 0 0.4 0 0 0 0.2 3.2 3.6 0 3.2 0 0.6000000000000001 3.8000000000000003 2.8000000000000003 2.2 2.2 3.8000000000000003 3.8000000000000003 8.200000000000001 0.2 0 0 1.6 0.2 2.8000000000000003 0 0.2 0 3.8000000000000003 0 0 1 0 0 2.2 3.8000000000000003 0.4 3.6 0 8.4 2.2 1.8 0 0.2 0.4 0 0 0 0 0 2.2 0 0 0 0 0 0 0 0 0 0 0 0 0 0 0 0 0 0 0 0 0 0 0 0 0 1.4000000000000001 0.2 0 0.6000000000000001 15.600000000000001 0 0.8 0 0 0 0 0 6 0 0 0 0 0 0 0 0 0 0 0 0 0 0 2.8000000000000003 0 0 0 0 0 0 0 0 
 0 0 0 0.4 8 0.2 0.2 0.2 0 15.4 0.4 14.8 0.4 0 0.6000000000000001 0 0 0 0.8 0 65.60000000000001 17.400000000000002 45.800000000000004 18.400000000000002 67 23.8 0 24 32.800000000000004 24.400000000000002 28.6 5.6000000000000005 68.2 58.6 11.200000000000001 24 21.6 6 52.800000000000004 67.8 1 0 0.6000000000000001 0.4 0 40.6 0 0.4 0 0.4 0.6000000000000001 0.4 0 0 0 0.4 0 0 0.4 0 0 0 0.6000000000000001 0 0 0.4 0 0 0.4 0 0 0 0 0 0 0 0.6000000000000001 0 0 0 0 0 0 1.8 0 0 0 0 0 2 0 1.8 0 0 0 0.2 0 1.8 0 0 0 13.4 0 8.8 0 0 3.6 8.4 0 5.2 0.8 0 2.8000000000000003 1.8 2.4000000000000004 2 3.6 8.4 0 2.4000000000000004 0 0 0 0 1.6 0 2.8000000000000003 0 0 0 0 0 2.4000000000000004 0 0 0 0 0 0 0 0 0 0 0 0 0 0 0 0 0 0 0 0 0 0 0 0 0 2.4000000000000004 0 0 0 0 0 0 1.6 0 0 0 0 0 0 0 0 0 0 0 0 0.2 0 2.8000000000000003 6.2 3.2 0 3 0 4.6000000000000005 2.2 1.8 5.800000000000001 0 0 1.6 2.2 2.8000000000000003 12.4 0 2.8000000000000003 8.6 2 0 0 0 0 0 0 0 0 0 0 0 0 0 0 0 0 0 0 0.2 2.4000000000000004 0 0 0 0 0 0 0 0 0 0 0.4 0 0 0 0 0 0 0 0 0 0 0 0 0 0 0 0 0 0 0 0 0 0 0 0 0 0.4 0.2 0.2 0.4 0.6000000000000001 0 0 0 0 0 0 0 0 0 0 0 0 0 0 0 0.2 0 0 0 0 0 0 0 0 0 0 0 0 0 
 0.6000000000000001 0 0 0.4 0.4 19.8 0.6000000000000001 0 0 0 16 0.4 0.6000000000000001 0 0 0.4 0 0.2 0 0 35.800000000000004 37.4 88 32.800000000000004 20.200000000000003 30.6 24 0 39 18.6 53.2 8.4 108.4 35.2 55.400000000000006 21.8 22 16.6 13.8 27.400000000000002 0.4 0 0 20.8 0 0 0 0 0.4 0.2 0.6000000000000001 0 0 0 0 40.6 0 0 13.4 0 0 0 0.6000000000000001 0 1 3.2 0 0 0.4 0 0 0 0.4 0 0 0 0.6000000000000001 0 0 0 0.4 0 0 0.2 0 0 0 0 0 0 0 10 0 0 0 0 0 0 0 0 2.4000000000000004 5.800000000000001 11.600000000000001 6.4 0 3.6 11 2.6 6.4 4.2 5.2 1 2.4000000000000004 1.6 5.2 0 9.4 4 0 1.8 3.2 0 0 0 0.4 0 3.8000000000000003 0 0 0 0 0 3 0 1.6 0 0 0 0.4 1.2000000000000002 0 0 0 0 0 0 4.4 2.2 0 0 0 0 0 0 0 0 0 0 0 0 0 0 0 0 0 9.8 0 0 4 0 0 0 0 0 0 0 0 0 0 0 12.8 7.6000000000000005 0.2 3 11.200000000000001 0 2.6 0 3 8.200000000000001 0 8.8 0 3.8000000000000003 5.4 14.4 9 12.200000000000001 2.6 0 0 0 0 0 0 0 0 2.2 0 0 0 0.4 0 0 0 0 0 0 2 1.8 0 0 0 0 0 0 0 0 0 0 0 0 0 0 0 0 0 0 0 0 0 0 1.4000000000000001 0 0 0 0 0 0 0 0 0 0 0 3 0 0.2 8.6 0 0.4 0.2 0.4 0 0 0 0 0 0 0 0 0 0 0 0 0 0 0 0 0 0 0 0 0 0 0 0 0 0 0 0 
 1.2000000000000002 0 0 0 1.2000000000000002 0 40.2 0 0 0 0 0.2 0.4 0 0 0 0 0 0 0 99.2 57.400000000000006 30.400000000000002 13.600000000000001 31.400000000000002 34.6 32.800000000000004 39 0 29.400000000000002 65.2 11.200000000000001 17.400000000000002 33.2 33.2 53.2 20.8 10 15.8 14.600000000000001 1.4000000000000001 0 0 0.4 0 0 12.200000000000001 0 0 0.2 13.4 2.8000000000000003 0 0.2 0 0 0 0 1 0 0 0 1 0 0.2 0.4 0 0 0.4 0 0 0 0.2 0 0 0 0.8 0.4 0 0 0 0 0 6 0 0 0 0 0 0 0 0 0 0 0 0 0 0 0 0 2.4000000000000004 5.6000000000000005 0 4.2 0.2 2.4000000000000004 0 4.4 2.6 3.6 1.6 5.6000000000000005 3.2 0 6 5.6000000000000005 6.800000000000001 0.2 0 1.2000000000000002 0 2.6 0 0 0 0 1.6 0 0 0 0 0 5.4 5.4 0 0 0 0 3 3.8000000000000003 0 0 0 0.2 0 0 0 0 0 0 0 0 0 0 0 0 0 0 2.8000000000000003 0 0 0 0 0 0 0 0 0 0 0 0 0 0 0 0 0 0 0 0 0 1.2000000000000002 3 2.6 0 4.6000000000000005 1.6 0 7.800000000000001 2 2.2 0 5.2 2.2 9 4.800000000000001 1.4000000000000001 3.4000000000000004 0 1.8 2.6 0.2 0 2 0 0 0 0 0 0 2.2 0 0 0 0 0 1.4000000000000001 0 0 2 0.8 0 0 0 0 0 0 0 0 0 0 0 0 0 0 0 0 0 0 0 0 0 0 0 0 0 0 0 0 0 0 0 0 0 0 1.4000000000000001 0 0.2 0 2.4000000000000004 0 0 0 0 0 0 0 0 0 0 0 0 0 0 0 0 0 0 0 0 0 0 0 0 0 0 0 2.6 0 0 0 
 0 0 0 0 0 0.4 0 0 0 0 0 0 0.6000000000000001 0 0.4 0 0 0.2 0 0 20.200000000000003 9.200000000000001 56.800000000000004 44.800000000000004 14 33.4 24.400000000000002 18.6 29.400000000000002 0 26.200000000000003 5 41.400000000000006 46.6 21.8 14.4 67 12 15.200000000000001 33.2 0.4 0 0.2 0.4 0 0 0 13.600000000000001 0.4 0 0.6000000000000001 0 24.8 0 0 0 0 0 13.4 0 0 0 1.2000000000000002 0 1.6 0.4 0 0 1 0 0 0 0.4 0 0 0 0.6000000000000001 0 0 0 0 0 0 0 0 0 0 0 0 0 0 0 0 0 0 0 0 0 0 0 0.8 8.4 0 3.8000000000000003 0 0 11.600000000000001 0.4 5.2 2.2 6 0 0.2 0 3.2 1 2.6 7.800000000000001 2 1.8 0.4 4.2 0 5.2 0 0 3.2 0 0 0 0 0 2.4000000000000004 2 6 0 0 0 0 0 0 0 0 1.2000000000000002 0 0 0 0 0 0 0 0 0 0 0 0 0 0 0 0 0 0 0 0 0 0 0 0.6000000000000001 0 0 0 0 0 0 0 0 0 0 0 0 0 0.2 0.2 2 8.200000000000001 3.4000000000000004 0 0 2.8000000000000003 3 4.2 0.4 0 0 5 9 1.6 3 0 0 0 0 0 0 0 0 0 0 0.2 0 0 0 3.2 0 1.8 1.8 4.4 0 5.4 1.8 0 0 0 0.2 0 0 0 0 0 0 0 0 0 0 0 0 0 0 0 0 0 0 0 0 0 0 0 0 0 0 0 0 0 0 0 0 0 0.6000000000000001 15.200000000000001 0 0.4 0.4 0.2 0 0 0 0 0 0 0 0 0 0 0 0 0 0 0 0 0 0 0 0 0 0 0 0 0 0 0 
 0 0.4 0 0.2 0.4 0 0.6000000000000001 0 0.4 0 0 0 0.4 0 0 0 1.4000000000000001 0 0 0 25.400000000000002 16.400000000000002 26.200000000000003 37.2 35.2 43 28.6 53.2 65.2 26.200000000000003 0 13.200000000000001 10.200000000000001 7.6000000000000005 22.6 48.400000000000006 15 79.80000000000001 23.6 10 0.8 0 0 0.4 41.6 0 0 0 0.2 0.4 0.6000000000000001 0.2 1.6 0 0 0 0 0 25.8 0 0 0 0.6000000000000001 0 2.8000000000000003 0.4 4.800000000000001 0 0.4 0 0 0 0.4 0 0 0 0.6000000000000001 0 0 0 0 0 0 0 0 0 0 0 0 0 0 0 0 0 0 0 0 0 0 0 2.4000000000000004 8.8 0 12.4 0 5 4.4 2.4000000000000004 3 6 4 4 0.4 0 3.2 0.2 1.8 0 0 0 2.8000000000000003 0 0 0 0 0 2 0 0 0 0 0 8.4 0 4 0 0 0.2 3.8000000000000003 0 0 0 0 0 0 0.2 1 2.4000000000000004 0 0 0 0 0.4 0 0 0 0 0 0 0 0 0 0 0 2.2 0 0 0.4 0 0 0 0 0 0 0 0 0 0 0 0 2.6 0 0 0 9.600000000000001 2.6 0 0 2.4000000000000004 5.2 3.4000000000000004 2.6 0.2 3.8000000000000003 2.2 5.4 7.2 3.8000000000000003 0 0 3.8000000000000003 0 0 0 0 0 2.2 1.8 0 0 0 0 8 4.4 12.600000000000001 0 0 0 0.6000000000000001 0 0 0 0 0 0 0 0.2 2.8000000000000003 0 0.2 0 0 0 0 0 0 0 0 0 0 0 0 0 0 0 0 0 0 0 0 0 0 0 0 0.8 0 0.2 15.200000000000001 0.2 0.8 0.4 4.2 5 0 0 0 0 0 0 0 0 0 0 0 0 0 0 0 0 0 0 0 0 0 0 0 0 0 0 0 
 0.4 0 14.8 0 0.6000000000000001 0 0 0 0 0.4 0 0.4 0.2 0 0 0 0 0 0 0 66.2 9 39.800000000000004 60.2 45.800000000000004 30.8 5.6000000000000005 8.4 11.200000000000001 5 13.200000000000001 0 12.8 7.4 21 19.6 33.6 36.800000000000004 7.2 14 1.4000000000000001 14 0 0.4 0.4 0 6 12.4 0.2 0 0.6000000000000001 4.2 12.4 12.4 12.4 0 0 0 18 7 0 0.2 0.6000000000000001 0 1.2000000000000002 0.4 0 0 0.4 0 0 0 0.2 0 0 0 0.6000000000000001 5.800000000000001 0.8 0 0 0 0 0 0 0 0 0 0 0 0 0 0 0 0 0 0 0 0 0 0 0.2 0 0 6 0 3.8000000000000003 0 2 0 1.8 6.4 0 0 3.4000000000000004 2.4000000000000004 2.6 0 0 0.2 0 0 0 4 0 0 0 0 5.6000000000000005 0 1.8 0 7 8.200000000000001 6.2 5.800000000000001 0 0 7.4 1 0 0 0 0 0 0 2.8000000000000003 0 0 0 0 0 0 0 0 0 0 0 0 0 0 0 0 0 0 0 2.6 0 0 0 0 0 0 0 0 0 0 0.6000000000000001 0 0 0 0 0 0.6000000000000001 0 5 0 5.4 0.2 0 3.6 3.6 0 0 2.4000000000000004 1 5.4 5 0 0 0 2.4000000000000004 2.8000000000000003 0 0.2 0 8.6 0 0 0 0 0 2.6 3 2 3.6 2 9.600000000000001 4 2.6 0 0 0 0 0 0 0 0 0 0 0 0 0 0 0 0 0 0 0 0 0 0 0 0 0 0 0 0 0 0 0 0 0 0 2 0.4 0 14.8 16.2 0 0.8 0 0 0 0 0 0 0 0 0 0 0 0 0 0 0 0 0 0 1.4000000000000001 0 2.8000000000000003 0 0 0 0 0 0 0 0 
