 0 40.400000000000006 35.800000000000004 9.8 48.400000000000006 65.2 18.2 28.8 29 11 9 10.200000000000001 11.8 66.4 37.800000000000004 84.80000000000001 24.8 10.4 93.2 6.2 0.4 0 0 14.8 0 0 0 0 0.4 0.4 0 0 0 0 0 0.6000000000000001 0 0.6000000000000001 0 0 0.6000000000000001 0 0.4 0 0 0 0 0 0 0 0 0 0 0 0 0 0 0 0 0 0 0 0 0 0.6000000000000001 0 2.4000000000000004 0 0 0 0.6000000000000001 0 0 0.6000000000000001 0 0 0 0 0 0 3.4000000000000004 6 6 2.2 0 2.8000000000000003 4.6000000000000005 3.8000000000000003 7.2 0.4 0 3.4000000000000004 0.2 6.4 3.2 4 0 0.8 2 2 0 0 0 0 0 0 0 0 0 0 0 0 0 0 0 0 0 0 0 0 0 0 0 0 0 0 0 0 3.8000000000000003 0 0 0 2 0 0 0 0 2.6 0 1.2000000000000002 0 0 0 0 0 0 0 0 0 0 0 0 0 0 0 0 0 0.2 0 0 0 2.6 9.8 0 0 0 0 1.8 4.6000000000000005 3.8000000000000003 0.4 2.2 3 2.2 4.4 3.6 0 0 2 4.6000000000000005 0 0 0 0 0 0 0.2 0 0 0 0 0 2.6 0 0 0 0 0 1.8 0 0 0 0 0 0 0 1.8 0.2 0 0 0 0 0 0 0 0 0 0 0 0 0 0 0 5.4 0 0 0 0 0.4 0 0 0 0 0 0 0 0 0 0 0 0 0 0 0 0 0.2 0.2 0 0 0 0.4 0.6000000000000001 0.4 0 0 0 0 0 0 0 0 0 0 0 0 0 0 0 0 0 0 0 0 0 0 0 0 0 0 0 0 0 0 0 0 0 0 0 0 0 
 40.400000000000006 0 28.200000000000003 12.200000000000001 49.6 53 58 43.2 47 13.4 8 8.200000000000001 44.6 20.8 22.6 43.400000000000006 9 8.8 71.2 67 0.4 0 0 0 0 0 0 0 0.8 0.4 0 0.4 0 0.4 0 0.6000000000000001 0 0.6000000000000001 0 0 0.8 0 0.4 0.2 0 0 0 0 0 0.2 0 0.2 0 0 0 0 0 0 0.4 0 0 0 1.2000000000000002 0.4 1.2000000000000002 0.2 0 0 0 0 0.6000000000000001 0.8 0 1.2000000000000002 0 0 0 0 0 0 0 0 2.8000000000000003 1.8 0 1.8 2.2 5.4 2.6 2.2 2.6 5.800000000000001 1 4.800000000000001 0.4 8.6 4.800000000000001 1.2000000000000002 0 4.4 0 0 0 0 0 0 0 0 0 0 0 0 0 0 0 0 0 0 0 0 0 0 0 0 0 0 0 0 0 0 0 0 0.6000000000000001 0 0 0 0 0 0 1.8 0 0 0 0 0 0 0 0 0 0 0 2 0 0 0 0 0 0.8 0 0 1.4000000000000001 4.4 1.8 0 0 0 10.200000000000001 1.6 3 3.4000000000000004 4.6000000000000005 2.2 4.4 1.6 0 0 2 0 4.6000000000000005 3.8000000000000003 0 0 0 0 0 0 0 0 0 0 0 0 0 0 0 0 0 0 3 0 0 0 0 0 0 0 0.2 0 0 0 0 0 0 0 0 0 0 0 0 0 0 0 0 0 0 0 0 0 0 0 0 0 0 0 0 0 0 0 0 0 0 0.4 0 0 0 0.6000000000000001 0 0 0.2 18 0 11.4 0 0 0 0 0 0 0 0 0 0 3.6 0 0 0 0 0 0 0 0 0 0 0 0 0 0 3.4000000000000004 0 0 0 0 0 0 0 0 0 0 0 0 
 35.800000000000004 28.200000000000003 0 20.400000000000002 20.6 64 22 16 34 49.400000000000006 45.6 6.800000000000001 49.6 10.600000000000001 11.200000000000001 11.200000000000001 25.200000000000003 6.800000000000001 66.60000000000001 10.200000000000001 0.4 0 0 0 0 0.2 16.6 2 1.2000000000000002 1.2000000000000002 0 0.2 30.8 0.6000000000000001 0 0.6000000000000001 0 0.6000000000000001 16.6 13.600000000000001 1.4000000000000001 1.2000000000000002 1.2000000000000002 0.2 0 0 0 0 0 0.6000000000000001 0 0 0.4 1 0 0.4 0 0.8 0 0 1.4000000000000001 0 0 0 0.6000000000000001 0.4 0 0.4 0.4 13.200000000000001 0.6000000000000001 0.2 0 10.200000000000001 1.4000000000000001 0 0 0 1.2000000000000002 0 0 0 5.2 1.6 4.2 0 1 0 5.4 4.800000000000001 5.800000000000001 0.4 0 0.8 6.2 5 5.4 3.4000000000000004 0 0 0 2 0 0 0 0 3.2 0 0 0 0 0 6.6000000000000005 0 0 0 0 0 0.4 5.800000000000001 0 0 0 0 0 0 0 0 0 0 0 0 0 0 0 0 0 0 0 0 0 0 0 0 0 0 0 0 0 0 0 0 0 0 0 0 0 0.2 1.2000000000000002 0 0 0 2 1.2000000000000002 8.6 5 0 0 0 2.6 2.4000000000000004 3.4000000000000004 1.4000000000000001 0 0 0.6000000000000001 2.2 2 0 0 0 0 0 0 0 0 0.4 0 2.2 0 0 0.2 5 0 0 0 0.4 0 2.4000000000000004 1.4000000000000001 0 0 0 0 0 0 0 0 0 0.4 0 0 0 0 0 0 0 0 0 0 0 0 0 0 0 0 0 0 2.6 0 0.4 0 0 0 0 0 0 0 0 0 0 0 0 0 0 0 20 0 0 18.2 4 4.2 0 0 0 0 0 0 0 0 0 0 0 0 0 0 0 0 0 0 0 0 0 0 0 2.6 3 5.4 0 0 0 0 0 0 0 0.4 0 0 0 0 
 9.8 12.200000000000001 20.400000000000002 0 25.400000000000002 42 20.8 43 13.200000000000001 38.400000000000006 11.8 40.800000000000004 30.8 52.800000000000004 84.80000000000001 22.200000000000003 72 27.400000000000002 17 8.4 0.4 0 0 0 0 0 0 0 0.4 0.4 0 0 14.8 0 0 0.6000000000000001 0.2 0.6000000000000001 15 0 0.6000000000000001 0 1 0 0 0 0 0 0 0 0 0 0 0 0 0 0 0 0 0 0 0 0 10 0.6000000000000001 0 0 0 0 0 0.6000000000000001 0 0 1.4000000000000001 0 0 0 0 0 0 0 4.2 1.4000000000000001 8 4.4 0 0 4.4 0 6 2.8000000000000003 4.4 0 0 3.2 6.6000000000000005 3 7 0 0 0 0 0 0.2 0 0 1.2000000000000002 0 0 0 0 0 3.2 0 0 0 0 0 5 3.6 0.2 0 0 0.4 0 1.6 0 0 0 0 0 0.4 0 0.2 0 0 0 0 0 0 0.4 0 0 0 0 0.8 0 0 0 0 0 0 0.2 0 4.800000000000001 0 0 0 0 0 0 2.2 1 4 2 4.800000000000001 0 0 0 1.4000000000000001 2.2 0.4 0.2 0.8 0 0 3.8000000000000003 2.6 0.2 0 2.4000000000000004 0 0.4 0 0 0.4 0.8 0 0 0 0 0 6.4 0 0.2 0 0 0 4.2 0.2 0 0 0 0 0 0 0 0 0 0 0 0 0 0 0 0 0 0 0 0 0 0 0 0 0 0 0 0 0 0 0 0 0 0 0 0 0 0 0 0 0 0 0 0 0 0.6000000000000001 18.2 0.4 18.6 18.8 0.6000000000000001 0.8 0 0 0 0 0 0 0 0.2 0 0 0 0 0 0 0 0 0 0 0 0 0 0 0 0 7.2 0 0 0 0 0 0 0 0 0 0 0 0 0.2 
 48.400000000000006 49.6 20.6 25.400000000000002 0 12.4 8.8 51 25.400000000000002 37.2 36.800000000000004 46.400000000000006 19 15.600000000000001 37.800000000000004 32.6 24.200000000000003 32.800000000000004 19.8 17 20 0.2 3.8000000000000003 5.2 0.2 5 15.8 15 0.4 6.6000000000000005 0.4 1.4000000000000001 0 0 6.800000000000001 4 0.2 0.6000000000000001 15.200000000000001 0 13 0 0.4 0 0 0 1.4000000000000001 0 0 1.6 0.4 0 3 0 3.8000000000000003 0 0 1 2.2 2.4000000000000004 0 0 0 3.4000000000000004 0.6000000000000001 0 0 0 0 0 0.6000000000000001 0 0 0.6000000000000001 0 0 0 0 0.2 0.4 0 1.2000000000000002 3.2 7.4 8 2 0 0 0 0 0 2.2 0 0 0 0 0 2.2 0 0 1.4000000000000001 4.800000000000001 0 1.4000000000000001 0.4 0 4.2 6 0 0 0 0 2.8000000000000003 1.4000000000000001 0 0 0 0 3 5 0 0 0 0 0 0.4 0 0 0 0 0 0 0 0 1.2000000000000002 0 0 0.4 0 0 0 0 0 0 0 1.2000000000000002 0 0 0 0 0 0 0 0 1.2000000000000002 0 0 0 0 0 0 2 0 2 0 5 0 0 0 8.6 1.8 0 0 0 0 0 6.6000000000000005 5 0 0 0 0 2.8000000000000003 0 4 0.4 2 1.6 0 0 1.8 0 6.6000000000000005 3.4000000000000004 0.4 2.4000000000000004 2.8000000000000003 2 5.6000000000000005 7.6000000000000005 0.4 0 0 0 0 0.4 0 2 0 0 0 0 0 0 0 2.4000000000000004 0 0 0 0 0 0 0 0 0 0 0 0 0 0 0 0 0 0 0 0 0 0 0 0 0 0 0 0 0 0 0.4 0 0.6000000000000001 0 0.6000000000000001 2 0 0 0 0 0 0 0 0 0 0 0 0 0 0 0 0 0 0 0 0 0 0 0 0.2 2 0 0 0 0 0 0 0 0 0 0 0 0 0 
 65.2 53 64 42 12.4 0 6.800000000000001 23.8 29.8 30 54.800000000000004 73 7.6000000000000005 8.4 58.2 19.8 16.400000000000002 12.8 9.200000000000001 7.2 0.4 15.600000000000001 4.4 0 0 0.4 2 4 0.4 0.8 15.200000000000001 0 27.8 0.2 15 2 0.4 0.8 17.6 3.2 1 0 1.4000000000000001 16.2 0 0 0 0 0 0 0 0 0 1 0 0 0 0 0 0 0 0 0 0 2.8000000000000003 0 0 0 0 0 0.6000000000000001 0.8 0 0.6000000000000001 0 0 0 0 0 0 2.8000000000000003 0 0 2.6 2 0.2 0 8.8 0 3.6 7 3.6 0 0 2 0 2 4 0 0 3.2 3.6 2 0 0 0 0 3.8000000000000003 0.8 3.2 0 3 2.6 0 5.4 2.8000000000000003 0 0 5.4 2.6 0 0 0 0 0 0 0 0 0 0 1.4000000000000001 0 0 0 0 0 0 0 0 0 0 0 0 0 0 0 0 0 0 0 0 0 0 0 0 0 0 2 0 0 0 0 1.4000000000000001 5.800000000000001 6.2 0 0.2 0 0 1.4000000000000001 4.2 2.8000000000000003 0 0 0 0 0 1.8 0 0 1 3 2.8000000000000003 3 0 0 0 5 2.4000000000000004 5.800000000000001 0 2.8000000000000003 0 2 2.8000000000000003 3.8000000000000003 3.8000000000000003 3 3.4000000000000004 2 0 0 0 0 0 0 0 0 0 0 0 0 0 0 0 4 0.2 0 0 0 0 0 0 0 0 0 0 0 0 0 0 0.2 0 0 0 0 0 0 0 0 0 0 0 0 0.2 0.2 41.6 0 1.6 0.2 0 0 1 0 0 0 0 0 0 0 0.2 0 0 0 0 0 2.8000000000000003 0 0 0 0 0 0 0 0 2 2 0 0 0 0 0 0 0 0 0 0 0 0 0 
 18.2 58 22 20.8 8.8 6.800000000000001 0 34 37 25.400000000000002 6.2 81.80000000000001 35.2 47 50.800000000000004 52.800000000000004 21.400000000000002 9.200000000000001 56.6 9 7.800000000000001 0 0 0 0.4 0 0 0 18.6 0.4 0 0 0 0 0 0.6000000000000001 0 0.6000000000000001 0 0 0.8 0 0.4 0 0 0.2 0 0 0 0 0 0 0 0 0 0 0 0.2 2.2 0 0 0 8.4 0 0.6000000000000001 0 1.4000000000000001 0 0 0 0.6000000000000001 0 0 0.2 0 0 0 0 0 0 0 2.2 3.6 2.8000000000000003 0 4 2.8000000000000003 6.4 9.600000000000001 4.800000000000001 3.8000000000000003 1.8 0 3.6 3.6 11.200000000000001 0 3 0 2.8000000000000003 0 0 0 0 0 0 0 0 0 0 0 0 0 0 0 0 0 0 3 0 0 0 0 0 0 0 0 0 0 0 0 6 4.2 0 0 0 0 0 0 0 0 0 0 0 0 1 2 0 0 0 0 0 0 0 0.8 0 2.6 1.2000000000000002 0 0 4.2 4.4 2.8000000000000003 1.8 0 0 2.2 3 10.8 0.2 4.4 4.6000000000000005 0 1 3.8000000000000003 0 0.8 1.8 0 0 0 0 0 0 0 0 0 0 0 0 0 0 0 0 0.2 0 0 0 0 0 0 0 0 0 0 0 0 0 0 0 0 0 0 0 0 0 0 0 0 0 0 0 0 0 0 0 0 0 0 0 0 0 0 0 0 0 0 0 0 0 0 0 0 0 0 0 0.2 0.4 0.4 17.8 0.4 1.2000000000000002 2.8000000000000003 0 0 0 0 0 0 0 0 0 0 0 0 0 0 0 0 0 0 0 0 0 0 0 0 0 0 0 0 0 0 0 0 0 0 0 0 0 
 28.8 43.2 16 43 51 23.8 34 0 56.6 5.800000000000001 36.4 8.6 41.400000000000006 40.6 35.2 86.80000000000001 27.8 70 17.2 29.6 0.4 0 0 0 0 0.2 0.4 0 0.4 0.8 0 0 0 0 0 0.6000000000000001 0 0.8 0.2 0 0.6000000000000001 0 0.4 0 0 0 0 0 0 0 0 1.6 0 1.4000000000000001 0 0 0 0 0 0 0 0 0 0 0.6000000000000001 0 0 0 0 0 0.6000000000000001 0 0 0.2 0 0 0 0 0 0 2.2 3 0 7.2 0 2 1.6 10.4 3.8000000000000003 3 0 7.6000000000000005 5.4 4.800000000000001 5.2 2.6 3.4000000000000004 2 0 2.8000000000000003 0 0 0 0 0 0 0 0 0 0 0 0 0 0 0 0.2 3.2 0 2 0 0 0 0 0 0 0 0 0 0 0 0 0 0 0 0 0 0 0 0 2.8000000000000003 0 0 0 0 0 1.6 0 0 0 0.2 0 0 0 0 0.8 0 0 0 0 0 0.2 7.2 6.800000000000001 6 0 2 2.4000000000000004 0.2 0 15.4 2.6 0 3.6 4.6000000000000005 4.6000000000000005 1 4.4 8.8 2.8000000000000003 3.8000000000000003 3 0 0 0 0 0 0 0 0 0 1.4000000000000001 0 0 0 0 0.2 0 0 2.6 0 0 0 0 0.2 0 0 0 0 0 0 0 0 0 0 0 2.8000000000000003 0 0 0 0 0 0 0 0 0 0 0 0 0 0 0 0 0 0 0 0 0 0 0 0 0 0.6000000000000001 0 0 0 0.4 0 0 0.6000000000000001 18.400000000000002 0.4 0.8 0.4 0 0 0 0 0 0 0 0 0 4.2 0 0 0 0 0 0 0 0 0 0 0 0 0 2.4000000000000004 0 0 0 0 0 0 0 0 0 0 0 0 0 
 29 47 34 13.200000000000001 25.400000000000002 29.8 37 56.6 0 29.6 24.200000000000003 25.400000000000002 29 75 34.800000000000004 75.2 91 38.2 65.8 12.4 0.4 15 0 0 0.4 0 0 0 0.4 0.6000000000000001 0 0 0.4 0 0 0.6000000000000001 0 0.6000000000000001 0 0 0.6000000000000001 0 0.4 0 0 0 0 0 0 0 0 0 0 0 0 0 0 0 0 0 0 0 8.200000000000001 0 0.6000000000000001 0 7 0 0 0 0.6000000000000001 0 0 0.2 0 0 0 0 0 0 2.4000000000000004 5.2 7.4 0 0 3.6 3.4000000000000004 6 8 5.800000000000001 0 5.2 0 4.6000000000000005 7.800000000000001 3 6.800000000000001 4.800000000000001 0.4 2.2 0 0 0 0 0 0 2 0.4 0 0 0 0 0 0 0 0 0 0 5.2 0 0 0 0 0 0 0 0 3.6 0 0 0 0 1.2000000000000002 0 0 0 0 0 0 0 0 0 0 0 0 0.4 0 0 0 0 0 0 0 0 2 0 0 2 0 0 6 2.2 6.800000000000001 0 0 0 2.4000000000000004 2.6 13.4 3.2 2.2 6.6000000000000005 1.8 0 3.6 0 0 0.8 0 0 1.2000000000000002 0 0 0 0.4 0 0 0 0 0 2.6 0 0 0 0 0 0 0 0 0 0 0 0 0 0 0 0 0 0.2 0 0.2 0 0 0 0 0 0 0 0 0 0.2 0 0 0 0 0 0 0 0 0 0 0 0 0 0 0 0 0 0 0 0 0 0 0 0 0 0 0 0.4 0 0 1 2.8000000000000003 0 0 0 0 0 0 0 0 0 0 0.4 0 0 0 0 0 0 0 0 0 0 0 0 2.6 4 0 0 0 0 0 0 0 0 0 0 0 0 
 11 13.4 49.400000000000006 38.400000000000006 37.2 30 25.400000000000002 5.800000000000001 29.6 0 39.800000000000004 46.6 26 24.8 24.200000000000003 18.400000000000002 30.8 47.6 83.4 13.8 0.4 0 0 0 0 0 12.200000000000001 15.4 0.4 0.6000000000000001 0 0.4 5.800000000000001 0 0 0.6000000000000001 0.2 0.6000000000000001 27.6 14.8 1.6 0 0.6000000000000001 16.6 0 0.8 0 0.6000000000000001 0 0 0 0 0 0.2 0 0 0 0 0.6000000000000001 0 0 0 0 0 0.6000000000000001 0 0 0.6000000000000001 0.2 0 0.6000000000000001 0.4 0.8 0.2 0 0 0 0.8 1 0 0 2.2 2.8000000000000003 0 4 0 2.4000000000000004 3.2 0 0.2 0 4.2 0 0 3.2 1.4000000000000001 4.2 3 0 0 0 2.2 0 0 0 0.6000000000000001 5.800000000000001 0 0 0 0 0 2.6 0 0 0 0 0 3.6 2 0 2.4000000000000004 0 0 0 0 0 0 0 0 0 0 0 0 0 0 0 0 0 0 0 0 0 0 0 0 3.4000000000000004 0 0 0 0 0 0 0 0 0 0 1.4000000000000001 0 0 0 10 0 0.2 2.2 0 0 0 2 3.6 1.8 6 1.6 1.6 0 2 0 1.4000000000000001 0 0 0.2 1.4000000000000001 0 0 0 0 2 0 2.2 0 0 0 1.2000000000000002 0 0 0 0 0 2.4000000000000004 3.4000000000000004 0 0 0 0 0 0 0 0 0 0.4 0 0 0 0 0 0 0 0 0 0 0 0 0 0 0 0 0 0 0 0 0.4 0 0 0 0 0 0 0 0 0 0 0 0 0 0 0 0.6000000000000001 0 13.600000000000001 0.4 0.4 2.2 0 0 0 0 0 0 0 0 0 0 0 0 0 0 0 0 0 0 0 0 0 0 0 0 0 4.6000000000000005 0 0 0 0 0 0 0 0.4 0 0 0 0 
 9 8 45.6 11.8 36.800000000000004 54.800000000000004 6.2 36.4 24.200000000000003 39.800000000000004 0 10.600000000000001 12.4 8 31.8 35.2 38.2 52.800000000000004 7.4 28.8 0.6000000000000001 0 0 14 0 0 0 15.200000000000001 0.4 0.6000000000000001 0 0 0.2 0 0 0.6000000000000001 0 0.6000000000000001 32.4 29.400000000000002 0.6000000000000001 0 0.6000000000000001 0 0 0 0 0 0 0 0 0 0.2 0.8 0 0 0 0.2 0 0 0 0 0 0 0.6000000000000001 0.2 0 0 0 0 0.6000000000000001 0 0 0.2 0 0.6000000000000001 0 0 0 0 2.6 1.4000000000000001 4.2 1.8 2 1.8 0 0.8 0 0.4 2.6 6.6000000000000005 1.2000000000000002 0 0 0 0 8.200000000000001 0 1.2000000000000002 2 4.6000000000000005 0.2 0 0 0 3.4000000000000004 2.6 0 0.2 0 0 3.4000000000000004 0 0 0 0 0 5.4 0 0 0 0 0 0 0 0 3.4000000000000004 0 0 0 0 0 0 0 0 0 0 0 1.8 0 0.2 0 0 0 0 0 0 0 0 0 0 0 0 0 0.6000000000000001 0 0 0.2 0 0 6.6000000000000005 4.4 1.6 1.4000000000000001 1.2000000000000002 0 0.6000000000000001 0 5.800000000000001 7.4 3 0 0 0 2.2 10.8 4.4 0 0 0 1.4000000000000001 0.2 0 0 0 0 1.4000000000000001 3.4000000000000004 0.4 0 0 0 1.2000000000000002 2.2 0 0 0 7.800000000000001 6.2 0 0 0 0 0 0 0 0 0.4 1.4000000000000001 0 0 2 0 0 0 0 0 0 0.4 0 0 0 0 0 0 0 0 0 0.2 0 0 0 0.4 0 0 0 0 0.2 0 0 0 0 0 0 0 10 0 0.2 0.2 2.2 1.2000000000000002 0 0.4 0 0 0 0 0 0 0 0 0 0 0 0 0 0 0 0 0 0 0 0.2 0 0.8 3.4000000000000004 0 0 0 0 0 0 0 0 0 0 0 0 0 
 10.200000000000001 8.200000000000001 6.800000000000001 40.800000000000004 46.400000000000006 73 81.80000000000001 8.6 25.400000000000002 46.6 10.600000000000001 0 12.200000000000001 27.6 70.4 29.200000000000003 100.60000000000001 59.400000000000006 50.2 9 6.4 0 0.4 0 0 0 15.200000000000001 5 0.4 0.4 0.6000000000000001 0.6000000000000001 30.6 0 15.600000000000001 0.6000000000000001 0 3 30.200000000000003 0 0.6000000000000001 0 1.8 0 0 0 0 0 0.4 0.6000000000000001 0 0 0 0 0 0.4 0 0 0.4 0 9 0 0 0 0.6000000000000001 0 7 0 0 0 0.6000000000000001 0 0 0.6000000000000001 0.6000000000000001 0 0 0 0 0 0 2.6 0 6 0.6000000000000001 1 0.4 3.6 0 7 9.200000000000001 7.4 2.8000000000000003 3.4000000000000004 1.6 2 2.8000000000000003 1.2000000000000002 0 2.8000000000000003 0 0.2 4.800000000000001 0 0.2 0 0.4 0 0 3.8000000000000003 0 0 11.600000000000001 0 0 2.4000000000000004 3.2 0 6.800000000000001 7.6000000000000005 3 0.4 0 0 0 0 0 0 0 0 0 0 0 0 0 0 0 0 0 0 0 0 0 3.4000000000000004 0 0.8 0 0 0 0 0 0 0 0 0.8 0 0 0 0 0 5.4 6.6000000000000005 0 3.6 9.600000000000001 4.4 0 0 1.2000000000000002 3 2.8000000000000003 5.2 0 1.8 0 0.4 6.6000000000000005 3.2 0 0 0 0 0 0 2.2 0 2.6 0 0 0 0 0 2.6 4.4 0 0 0 0 1 0 0 0 0 0 0 0 0 0 0 0 0 0 0 0 0 0 0 0 0 0 0 0 0 0 0 4 0 0 0 0 0 0 0 0 0 0 0 0 0 0 0 0 0 0 0 0.2 17.6 0 20.200000000000003 0.2 0 1.2000000000000002 0 0 0 0 0 0 0 0 0 0 0 0 0 11.200000000000001 0 0 0 0 0 0 0 0 0 4 0 0 0 0 0 0 0 0 7.6000000000000005 0 0 0 0 0 
 11.8 44.6 49.6 30.8 19 7.6000000000000005 35.2 41.400000000000006 29 26 12.4 12.200000000000001 0 35 42.800000000000004 25.400000000000002 90.60000000000001 11 61.6 17.8 0.6000000000000001 0 0 0 0 0 0 0 0.8 0.4 0.2 0.2 0 0 0 0.6000000000000001 0 0.4 0 0.2 0.6000000000000001 0 0.4 0 0 0 0 0 0 0 0 0 0 0 0 0 0 0 0 0 0 0 0 0 0.6000000000000001 0 0 0 0.2 0 0.6000000000000001 0 0 0.6000000000000001 0 6.6000000000000005 0 0 0 1 0 3.4000000000000004 5 3.2 0 0 2.8000000000000003 0.8 3.8000000000000003 0 0 0 3.6 1.8 2.4000000000000004 3.4000000000000004 10 0 5.2 0.6000000000000001 0 0 0 0 0 0 0 0 0 0 0 0 0 0 0 0 0 0.4 0 0.4 0 0 0 0 0.2 0.2 0 0 0 0 0 0 0 0 0 0 0.2 0 0 0 0 0 0.2 0 0 0 0 0 0 0 0 0 0 0 0 0 0 0.8 0 0 1.6 0 3 1.4000000000000001 0 0 1.6 0 3.2 1.4000000000000001 0 2.8000000000000003 1.6 1.8 4 0 0 0.2 0 0 0.2 0 0 0 0 0 0 0 0 0 0 0 0 0 0 0 0 0.2 0 0 0 0 0 0 0 0 0 0.4 0 0 0 0 0.2 0 0 0 0 0 0 0 0 0 0 0 0 0 0 0 0 0 0 0.2 0 0 0 0 0.4 0 0 0 0 0 0 0 0 0.4 0.2 0 0.4 0.6000000000000001 0 0.8 0 0 0 0 0 0 0 0 0 0 0 0 0 0 0 0 0 0 0 0 0 0 0 0 0 1.8 0 0 0 0 0 0 0 0 0 0 0 0 
 66.4 20.8 10.600000000000001 52.800000000000004 15.600000000000001 8.4 47 40.6 75 24.8 8 27.6 35 0 32 43.800000000000004 11 25.200000000000003 79.2 12.4 0.4 0.2 0 4 0.8 0 0 2.2 0.6000000000000001 0.6000000000000001 1 0.8 0.2 0 0 0.6000000000000001 1 1.2000000000000002 0.2 0 1.4000000000000001 0 0.4 0 0 0 0 0 0.4 1.8 0 0 0 0 0 1.2000000000000002 0 0 0.4 0 0 0 0.2 0.8 0.6000000000000001 0.8 0.8 0.8 0.8 0 0.6000000000000001 0.4 0 1.8 1 0 0 0 0 0.4 7.4 2.8000000000000003 2.6 3.4000000000000004 0.2 0 4.6000000000000005 7.6000000000000005 0.2 1.6 0 7.2 0 8.6 4.800000000000001 1.4000000000000001 14.8 3.6 0 0 0 0 0 0 0 0 0 0 0 0 0 0 0 0 0 0 0 0 8.200000000000001 0 0 0 0 0 0 0 0 0 0 0 0 0 0 0 0 0 0 0 0 0 0 0 0 0 0 0 0 0 0 0 0 0 0 0 0 0.2 0 1.4000000000000001 1 0 0 2 7 0 0 2.8000000000000003 4.800000000000001 0 8 6.6000000000000005 0 2 2 6 4 0 0 0.6000000000000001 5.6000000000000005 6.6000000000000005 1 0 0 0 0 0 2 0 0 0 0 0 0 0 0 0 0 0 2.4000000000000004 0 0 0 0 0 0 0 0 0 0 0 0 0 0 0 0 0 0 0 0 0 0 0 0 0 0 0 0 0 0 0 0 0 0 0 0 0 0 0 0 0 0 0.8 0 0 0 0.4 0 0 10 2 0.4 1.8 0.2 0 0 0 0 0 0 0 0 0 4 0 0 0 0 0 0 0 0 0 0 0 0.8 0 2 4 0 0 0 0 0 0 0 0 0 0 0 0 
 37.800000000000004 22.6 11.200000000000001 84.80000000000001 37.800000000000004 58.2 50.800000000000004 35.2 34.800000000000004 24.200000000000003 31.8 70.4 42.800000000000004 32 0 38.400000000000006 18.8 12.600000000000001 16.2 28.400000000000002 0.4 0 0.2 0 0 0 0 0 0.4 0.6000000000000001 0 0 14.8 0 0.2 0.6000000000000001 0 1 15.4 0 0.6000000000000001 0 1.4000000000000001 0 0.4 0 0 0 0 0 0 0 0 0 0 0 0 0 0 0 0 0 0 0 0.6000000000000001 0 1.6 0 0 0 0.6000000000000001 0 0 0.2 0 0 0.4 0 0 1 0.6000000000000001 5.2 0 5.2 0 3 2.2 0 3.4000000000000004 3 3.2 1.2000000000000002 0 2 0 6.4 0 10.4 0 0.2 0 0 0 0 0 0 0 2.2 0 0 0.2 0 4.800000000000001 0 0 0 0 0 4.800000000000001 0 0 0 4.6000000000000005 0 0 0 0 0 0.4 0 0 0 0.6000000000000001 0 0 0 0 0 0 0 0 0 0 0 0 1.2000000000000002 0 0 0 0 0 0 0 0 1.2000000000000002 0 0 0 0 0 0 2 3.4000000000000004 8.200000000000001 4.6000000000000005 1.2000000000000002 0 0.2 0 7 2.2 0 4.4 2.2 0 1 7.2 2.8000000000000003 4.6000000000000005 2 0 0 0 0 0 0 0 0 0 0.2 0 0 0 0 0.2 0 0 0 2.2 0 0 0 0 0 0 0 0 2 5.2 1.8 0 0 0 0 0 0 0 0 0 0 0 0 0 0 0 0 0 0 0 0.4 0 0 0 0.2 0 0 0 0 0.4 0 0 0 0 0 0 0.2 18 0 0.4 0.4 0 0.6000000000000001 0 0.2 0 0 0 0 0 0 0 0 0 0 0 0 0 0 0 0 0 0 0.2 0.2 0 0.2 0 0 0 0 0 0 0 0 2.6 0 0 0 0 0 
 84.80000000000001 43.400000000000006 11.200000000000001 22.200000000000003 32.6 19.8 52.800000000000004 86.80000000000001 75.2 18.400000000000002 35.2 29.200000000000003 25.400000000000002 43.800000000000004 38.400000000000006 0 69.8 32.4 48 13.600000000000001 0.4 0 0 0 0 0 0 0 0.4 0.4 0 0 0 0 0 0.6000000000000001 0.2 0.6000000000000001 0 0 0.6000000000000001 0 0.4 0 0 0 0 0 0 0 0 10.4 0 0 0 0 14.4 0 0 0 0 0 0 0 0.6000000000000001 0 0.2 0 0 0 0.6000000000000001 0 0 0.6000000000000001 0 0 0 0 0 0.2 3.2 2.2 3 3 0 0 4.800000000000001 5.800000000000001 9.200000000000001 5.6000000000000005 0 0.4 0.2 0.2 6.2 3.2 3 6.4 0 0.4 0 2.4000000000000004 0 0 0.2 0 2.2 0 0 0.2 0 0 0 0 0 0 0 0.4 0 1.8 0 0 0 0 0 0.2 0 0 0 2.8000000000000003 0 0 0 0 0 0 0 0.2 0 0 0 0 0 0 0 0 0 0 0 0 0.8 0 0 0 0 0 0 0.2 0 0 3.4000000000000004 0.4 7.4 0 0 0 4 6.800000000000001 9.200000000000001 5.6000000000000005 0.2 0.2 13.4 0.6000000000000001 0 4.4 0 1.2000000000000002 2.2 1.8 0 0 0 0 0 0 0 1 0 0 0 0 0 0 0 0 0 0.2 0 2.2 0.2 0 0 0 0 0 0 0 0 0.8 0 0 0 0 0 0 0 2.8000000000000003 0 0 0 0 0 0 0 0 0 0 1.8 0 0 0 0 0 0 0 0 0 0 0 0 2.8000000000000003 0 0 0 0.2 0.4 0 0.8 0 0.4 0.4 9 0 0 0 0 0 0 0 0 0 2.6 0 0 0 0 0 0 0 0 0 0 0 0 0 0 2.4000000000000004 0 0 0 0 0 0 0 0 0 0 0 0 
 24.8 9 25.200000000000003 72 24.200000000000003 16.400000000000002 21.400000000000002 27.8 91 30.8 38.2 100.60000000000001 90.60000000000001 11 18.8 69.8 0 22.200000000000003 11.4 7.2 0.4 0 0 0 0 0 12.200000000000001 0 0.4 0.6000000000000001 0 0 5.800000000000001 0 2.2 0.6000000000000001 0 0.6000000000000001 27.200000000000003 0 0.6000000000000001 0 0.4 0 0 0 0 0 0 0.6000000000000001 0 0 0 0 0 0 0 0 0 5.2 0 0 0 0 0.6000000000000001 10 0 0 0 0 0.6000000000000001 0.2 0 0 0 0 0 0.4 0 0 2.6 14.600000000000001 0 1.8 3.6 0 0 2.6 0 2.8000000000000003 0 1.6 0 7.2 1.2000000000000002 0 1.8 5.6000000000000005 0 2.6 0.2 11 0 0.2 0 0 9.8 0 0 0 0 0 2.6 0 0 0 0 0 5.4 8.6 0.2 0 0 0.2 0 0 0 0 0 0 0 0 0 0.4 0 0 0 0 0 0 0.2 0 0 0 0 0.4 0 0 3.6 0 0 0 0.2 0 4.6000000000000005 0 0 0 0 0 1.4000000000000001 2 0.2 2 0 1.8 2.8000000000000003 1.6 1.4000000000000001 6.2 4.800000000000001 2.2 2.6 0.4 2.4000000000000004 2.4000000000000004 2.6 3 3.4000000000000004 3.8000000000000003 1.4000000000000001 0 0 0 0 0.2 0 0 0 0 0 0 2.2 0 0.2 0 0 0 2.2 11.600000000000001 0 0 0 0 0 0 0 0 0 0 0 0 0 0 0 0 0 0 0 0 0 0 0 0 0 0 0 0 0 0 0 0 0 0 0 0 0 0 0 0 0 0.6000000000000001 0 0 0 0.2 0.2 0 0.2 0.2 0.2 2.4000000000000004 0 0 0 0 0 0 0 0 0 0 7.2 0 0 0 0 0 0 0 0 0 0 0 0 0 0 0 0 0 0 0 0 0 0 0 0 0 0 0 
 10.4 8.8 6.800000000000001 27.400000000000002 32.800000000000004 12.8 9.200000000000001 70 38.2 47.6 52.800000000000004 59.400000000000006 11 25.200000000000003 12.600000000000001 32.4 22.200000000000003 0 9.8 36.2 15.200000000000001 0 0 0 0 0.2 0 14.8 2.6 0.8 0 0.6000000000000001 19.8 0 0 0.6000000000000001 0 0.6000000000000001 15 0 1.2000000000000002 0 3.2 14 6 0.6000000000000001 0 0 0 0 0.4 0 0 0 0 0 0 0.6000000000000001 0 0 1.2000000000000002 0 0 0 0.6000000000000001 0 0 0 0.2 0 0.6000000000000001 0 0.4 0.6000000000000001 0 0 0.6000000000000001 0.4 0.8 0 4.2 4.2 0 12 4 8.8 0 0.4 0 5 4 4.2 0.8 0 0 3 9.200000000000001 4 0.4 0.8 0 2.8000000000000003 0 0 0 0 0 0 0 0 0 0 4.2 0.6000000000000001 0 0 0 0 7.6000000000000005 8 0 0 0 0 0 0 0.2 0 0 0 0 0 0 2.8000000000000003 0 0 0 0 0 9.600000000000001 0 0 0 0 0 1.6 0 0 0 0 0.2 0 0 0 1.2000000000000002 0 0 0 0 0 0 5.800000000000001 0.4 5.2 7 6 0 0 0 6.2 7.2 0 0 1.4000000000000001 0 7 7.6000000000000005 7 0 0 0 0 0 0 8.4 0.4 0.4 0 0 0 0 0 8.6 0 0 0 0 0 10.600000000000001 2.8000000000000003 0 0 2.2 0 0 0 0 0 0 0 0.2 0 0 0 0 0 0 0 0 0 3.6 0 0 0 0 0 0 0 0 0 0 0 0 0 0 0 0 0 0 0.4 0 0 0 0 0 0.2 17.2 0.6000000000000001 18.8 1.4000000000000001 0 1.2000000000000002 0 0 0 0 0 0 0 0 0 0 0 0 0 0 0 0 0 0 0 0 0 0 0 2.2 0.2 0 0 0 0 0 0 0 0 0 0 0 0 0 
 93.2 71.2 66.60000000000001 17 19.8 9.200000000000001 56.6 17.2 65.8 83.4 7.4 50.2 61.6 79.2 16.2 48 11.4 9.8 0 16.6 0.4 14.600000000000001 0 0 0 0.2 0 0 0.4 0.6000000000000001 0 0.4 0 0 0 0.6000000000000001 0 0.6000000000000001 0 0 0.6000000000000001 0 13.200000000000001 5.6000000000000005 0 0 0 0 0 0 0.4 0 0 0 0 0 0 0.4 0 0 0 0 0 0 0.6000000000000001 0 9.200000000000001 0 0.6000000000000001 0 0.6000000000000001 0 0 0.6000000000000001 0 0 0 0 0 0 0 0.2 2.2 0 0 0 12.4 0.4 0 0 0 0 2.2 2 2.6 0 15.600000000000001 0 9.8 0 0 0 0 0 0 0 3.2 0.4 0 0 0 0 0 0 0 0 0 0 0 0 0 0 0 0 0 0 0.2 0 0 0 0 0 0 0 0 0 0 0 0 0.4 0 0 0 0 0 0.4 0 0 0 0 0 0 0 0 0 0 0 1.2000000000000002 0 0 0.2 0 3.2 0 0 0.2 2 0 7.800000000000001 2.8000000000000003 0 3 1 1.2000000000000002 0.4 0 0 0 6.4 9.4 0 0 0 0 0.4 0 0 0 0 0 2.2 0 0 1.8 0 0 0 0 0 0 0 0 0 0 0 0 0 0 0 0 0.2 0 0 0 0 0 0 0 0 0 0.2 0.2 0 0 0 0 0 0 0 0.8 0 0 0 0 0 0 0 0 0 0 0 0.8 0 0 0 0.4 0 0 0.8 0 0 2.2 0 0 0 0 0 0 0 0 0 0 3.8000000000000003 0 0 0 0 0 0 0 0 0 0 0 0 0 0 3.8000000000000003 0 0 0 0 0 0 0 0 0 0 0 0 
 6.2 67 10.200000000000001 8.4 17 7.2 9 29.6 12.4 13.8 28.8 9 17.8 12.4 28.400000000000002 13.600000000000001 7.2 36.2 16.6 0 0.4 0 0 0 0.4 0 0 0 0.4 0.4 0 0 0 0 0 0.6000000000000001 0 0.4 0 0 13.200000000000001 0 0.6000000000000001 6.6000000000000005 0 0 0 0 0 0 0 0 12.600000000000001 0 0 0.6000000000000001 0 16 0 0 0 0 0 0 0.6000000000000001 0 0 9.200000000000001 0 0 0.6000000000000001 0 0 0.6000000000000001 0 1.2000000000000002 0 0 0 0 7.800000000000001 4.800000000000001 0 2.6 0 2.4000000000000004 3.2 4.800000000000001 0 0 0 0.2 8.8 0 2.6 0 0.8 0 0.4 5.2 0 0 0 0 0.4 0 0 0 0 2.4000000000000004 0 0 0 2.4000000000000004 0 0 0 0.2 0 0 0 0 0 0 1.4000000000000001 0.4 0 0 0 0 0 0 0 0 0 0 0 0.4 0 3.2 0 0.2 0 0 0 0 0 0 0 0 0 0 0 0 0 0.4 0 0 0 0 2.8000000000000003 1.8 2 3.2 0.2 0.4 3.4000000000000004 2.6 0 3.6 3.2 2.2 0 4.2 0.4 0 0.8 1.6 0.4 0 0 0 0 0 0 0 0 0 0 0 0 0 0 0 0 0 0 0.4 2.2 0 0.4 0 0 0 0 0.4 0 0 0 0 0 0 0 0 0 0 0 0 0 0 3.6 0 0 0 0 0 0 0 0 0 0 0 0 0 0 0 0 0 0 0 0 0 0 0 0 0 0 0.4 0.4 17.2 0 2.2 0 0 0 0 0 0 0 0 0 0 0 0 0 0 0 0 0 0 0 0 0 0 0 0 0 0 0 0 0 0 0 0 0 0 0 0 0 0 
 0.4 0.4 0.4 0.4 20 0.4 7.800000000000001 0.4 0.4 0.4 0.6000000000000001 6.4 0.6000000000000001 0.4 0.4 0.4 0.4 15.200000000000001 0.4 0.4 0 38.800000000000004 35.6 31.8 27.8 11.4 28.200000000000003 28 40 6 4.800000000000001 6 26.8 52 48.2 24 24.400000000000002 6 30 22.8 0.8 0 0 0 0.6000000000000001 0 2.2 0 0 0.8 0.6000000000000001 0 0 0 1 0 0 0 0 0 0 0 0 0 0.6000000000000001 0 0 0 0.2 0 0 0 5.800000000000001 0 0 0 0 0 0 0 0 0.2 0 0 2.6 1 0 0 0 0 0 0 0 0 0 0 0 0.4 0 0 5 0 9.8 14.8 4.6000000000000005 0 14.8 2.6 0 0.2 3.6 2.8000000000000003 1.8 14 2.6 6 4 3 0 7.4 0 0 0 0 0 0 0 0 0.4 0 0 0 0 0 0 0 0.4 0 2.4000000000000004 0 1.2000000000000002 0 0 0 0.4 0 0 0.4 0 0 0 0 1.2000000000000002 0 0.2 0 0 0 0.4 0 0 0 0 0 0 9.200000000000001 0 0 0 0 0 0 0 0 0 0 2.8000000000000003 0 0 0 4.4 0.4 4.800000000000001 13.8 4.6000000000000005 12.4 7.2 1.6 3.8000000000000003 0 3 0.2 3.4000000000000004 15.8 2.8000000000000003 3.2 4.2 11 0.8 1.6 0 0 0 0 0 0 3.2 0 0 0 0 0 2.6 0 0 0 0 0 1.8 1.8 0 0 0.2 0 0 0 0 0 0 0 0 0.2 0 0 0 0 0 0 0 0 0 0 0.4 0 0 0.4 0 0 0 0 0 0 0 0 2.4000000000000004 0.4 0 15.4 0 0 0 3.6 0 0 0 0 0 0 0 0 0 0 0 0 0 0 0 0 0 4.2 0 0 0 0 0 4.2 0 0 0 0 
 0 0 0 0 0.2 15.600000000000001 0 0 15 0 0 0 0 0.2 0 0 0 0 14.600000000000001 0 38.800000000000004 0 87 54.2 19.400000000000002 16.2 25.8 32 34.2 34.6 28.400000000000002 8.200000000000001 46.400000000000006 62.400000000000006 24.400000000000002 49.400000000000006 64 30 19.400000000000002 50.800000000000004 0.4 0 0 0.4 0.6000000000000001 0 0 0 0 0.2 0.8 0 0 0 0 1.2000000000000002 0 0 0 0 0 0 0 0 0.6000000000000001 0 10.200000000000001 0 0 0 0 0 2.8000000000000003 0 0 8.8 0 0 0 0 0 0.2 0 0 0 3.4000000000000004 0 0 0 0 0 0 0 0 0 0 0 0 0 0 4.2 1.8 5.4 15.8 2.2 0 1 2 2.8000000000000003 7.2 4 3 0 2 2 5 6.6000000000000005 2.6 0 0 0.2 0 0 0 0 0 1.8 0 0 0 0 0 0 0 0 0 0 0 3.4000000000000004 0.4 0.6000000000000001 0 0 0 0 0 0 0 0 0 0 0 1 0 0 0 0 0 0 0 0 1 0 0 2.4000000000000004 0 0 5.4 0 0 0 0 0 0 0 0 0 0 0 0 0.4 4 1.6 4.2 4.2 7.2 2 6.2 1 0 7.800000000000001 2 1.8 4.2 0 4.4 1.4000000000000001 9.600000000000001 0 1.8 0 2.4000000000000004 0 0 0 0 0.6000000000000001 0 0 0 0 0 0.6000000000000001 0 0 0.4 0 0 0.8 0 0 0 0 0 0 0 0 0 0 0 0 0 0.4 0 0 0 0 0 0 0 0 0 0 0 0 0 0 0 0 0 0 0 0 0 1.8 0 0.4 15.600000000000001 0.2 0 0 0 0.2 0 0 0 0 0 0 0 0 0 0 0 0 0 0 0 0 0 0 1.4000000000000001 0 0 0 0 2 0 0 0 
 0 0 0 0 3.8000000000000003 4.4 0 0 0 0 0 0.4 0 0 0.2 0 0 0 0 0 35.6 87 0 51.400000000000006 56.400000000000006 9.600000000000001 72.60000000000001 26.8 18.2 56 91.2 19.400000000000002 28.8 26.200000000000003 30.8 64.60000000000001 21.8 10.8 21.400000000000002 24.200000000000003 0.8 0 0 0.2 0.6000000000000001 0 2 0 0 1 0.6000000000000001 0.2 0 0 2.6 0 0 0 5.800000000000001 0 0 0 0 0 0.6000000000000001 0 0 0 0 0 0 0 0.8 0 0 0 0 0 0 0 0.4 0 0 0 2.6 0 0 0 0.4 2.4000000000000004 0.4 0 0 0 0 0.4 0 0 0 0 6 0 9.200000000000001 6.2 5.4 4.800000000000001 3 5.6000000000000005 3.2 7.800000000000001 1.8 8.200000000000001 0 4.4 0 0.2 0 3.8000000000000003 0 9.600000000000001 0.2 0 0.2 0 0 0 1.6 0.4 0 0 0 0 0 2.4000000000000004 0 0 0 0 0 0 2.6 0 0 0 0 0 0 0 0 1.6 0 0 2.4000000000000004 0 0 0.2 0.4 0 0 0 0 0 0 0 8.200000000000001 1.4000000000000001 0 0 0 0 0 1.8 0 0 0 0 0 0 0 0 2.2 3.2 2.6 2 4.800000000000001 6.800000000000001 2 2.8000000000000003 0 5.800000000000001 2 5 2.2 7.2 0 4.800000000000001 10.4 10.600000000000001 0 0.2 2.4000000000000004 0 0 0 0 0 0 2.8000000000000003 0 0 0 0 1.6 3 0 0 0 0 0 11.200000000000001 0 0 0 0 0 0 0 0 0 0 0 0 0 0 0 0 0 0 0 0 0 0 0 0 0 0 0 0 0 0 0 0 0 0 2.2 0 0 0.2 14.8 0 2.4000000000000004 4.800000000000001 0 0 0 0 0 0 0 0 0 0 0 0 0 0 0 0 0 0 0 0 0 0 0 0 1.8 0 0 0 
 14.8 0 0 0 5.2 0 0 0 0 0 14 0 0 4 0 0 0 0 0 0 31.8 54.2 51.400000000000006 0 48.400000000000006 11.4 39.400000000000006 38.400000000000006 109.60000000000001 72.4 54.800000000000004 19.6 60.400000000000006 36.2 17.2 23.6 21.6 23.6 14.200000000000001 26 0.4 0 0 0.4 0.6000000000000001 0 0 0 0 0 0.6000000000000001 0 12.8 0 0 0 0 0 38.400000000000006 25 0 0 0 0 0.6000000000000001 0 0 0 0 0 0 0 0 0 0 0 0 0 0 0 0 0 0 0 0 0 0 0 0 0 0 0 0 0 0 0 0 0 0 0 3.8000000000000003 0.8 6.2 1.8 3.2 2.4000000000000004 2.6 0 3.8000000000000003 2 4 1.6 0 2.4000000000000004 0.8 2.4000000000000004 6.800000000000001 10.4 0 1 3.2 0 0 0 0 0 0.2 3 0.4 0 0 0.2 4.4 1.8 1.8 1.6 0 0 3.8000000000000003 1.8 0.8 0 0 0 0.4 0 0 0 0 0 0 0 3 0 0 0 0 0 0.4 0 0 0 0 0 0 0 0 0 0 0 0.4 0.4 0 0 0 0 0 0 0 0 2.6 0.4 7.4 9.4 6.4 2.6 3.6 0 2.6 2 5 4.6000000000000005 0.2 0 1.8 0.2 3.2 0 0 3.2 4.800000000000001 0 4.4 0 0 0 2 6 0 0 0 0 2.4000000000000004 0.2 0 0 0 1.6 2.2 8.6 0 0 0 0 0 0 0 0 0 0 0 0.2 0 0 0 0 0 0 0 0 0 2.2 0 0 0 0.4 0 0 0 0 0 0 0 0 3.2 0.2 0.2 0 1.2000000000000002 0.2 3 4 0 0 0 0 0 0 0 0 0 0 0 0 0 0 0 0 0 0 0 0 0 0 0 0 2.8000000000000003 0 0 0 
 0 0 0 0 0.2 0 0.4 0 0.4 0 0 0 0 0.8 0 0 0 0 0 0.4 27.8 19.400000000000002 56.400000000000006 48.400000000000006 0 26.400000000000002 8.4 31.400000000000002 34.6 22.400000000000002 37.4 37.2 87.80000000000001 24.400000000000002 11.600000000000001 35.4 79 45.800000000000004 12.200000000000001 79 1 0.2 13.200000000000001 0.2 0.8 0 13 0.6000000000000001 0 0.4 0.6000000000000001 0 11.4 13.600000000000001 0 2 0 0 4.800000000000001 23.400000000000002 0 0 0 0 0.6000000000000001 0.4 0.4 0.4 0.4 0 0 0.2 0.8 0.6000000000000001 0.6000000000000001 1.4000000000000001 0.4 0 0 0 0 0 0 0 0 0 0 0 0 0 0 0 0 0 0 0 0 0 0 0 4.4 1.2000000000000002 6.2 0 3.4000000000000004 0 3.8000000000000003 0 0 0 3.8000000000000003 0 0 0 1.2000000000000002 2.2 9 5.2 0 0 8.8 0 2.8000000000000003 0 0 0 1.8 3.6 0 3.2 5 0 12.8 0 0.2 0.8 0 0 1.8 3.4000000000000004 0 0 0 0 0 0 0 0 0 0 0.4 0 0 0 0 0 0 0 0 0 0 0 0 1.2000000000000002 0 0 0 0 0 0 0 4.2 0.4 0 0 0 0 0 0 0.6000000000000001 0 0 3.6 2.8000000000000003 8 7 0 0 0 0 3.4000000000000004 0 0 4.2 2.8000000000000003 0 0 4.4 0 2.4000000000000004 0 3 2.8000000000000003 0 6.2 0 3.4000000000000004 0 0.2 2 0 0 4.2 0 0 0.6000000000000001 0 0.2 0 3.6 0 0 0 0 0 0 0 0 0 0 0 0 0 0 0 0 0 0 0.4 0 0 0 0 0 0 0 0 0 0 0 0 0 0 0 1.6 0 0.4 0 0 0.4 0.4 0 0 0 0 0 0 0 0 0 0 0 0 0 0 0 0 0 0 0 0 0 0 0 0.2 0 1.8 0 0 0 
 0 0 0.2 0 5 0.4 0 0.2 0 0 0 0 0 0 0 0 0 0.2 0.2 0 11.4 16.2 9.600000000000001 11.4 26.400000000000002 0 31.6 10.4 36 18.400000000000002 21.8 20.6 8 8.4 8.6 28.8 14 48 10.4 9.600000000000001 13 0 13 0.4 0.6000000000000001 0 4 0 10.200000000000001 11.200000000000001 0.6000000000000001 0 24.6 0 0 13.4 0 0 13.8 12.4 0 0 0 0.4 0.6000000000000001 0 10.200000000000001 0 0 0 0 0 0 0 0 0 0 0 0 0 0 0.2 0 0 0 0 0 0 0 0 0 0 0 0 0 0 0 0 0 0 0 0 0 0 4.4 6.2 0 0 6.800000000000001 1.4000000000000001 0 0 0 0 2.2 0 0.4 0 0 0 3 4.6000000000000005 6 0.2 0 0 2.6 9.200000000000001 3 10.600000000000001 0 1.8 2.8000000000000003 4.6000000000000005 6.800000000000001 1.4000000000000001 3.6 0 2.6 3 0 0 4 0 1.4000000000000001 0 0 0 0 0 0 0 0 0 0 0 0 0 3.8000000000000003 1 0 0 0 0.6000000000000001 0 0 0 0 0 0 0 0 0 0 0 0 0 0 0 0.8 0.4 0 0 2.2 3.2 4 0.4 0 0 2.4000000000000004 0.2 0 0 0 0 0 0 2.8000000000000003 0 0 3.6 2.6 0 0 2.8000000000000003 0 4.2 0.2 2 1.8 0 0 3.8000000000000003 2.6 0.4 9.200000000000001 1.8 0 0 3.4000000000000004 0 0 0 0 0 0 0 0 0 0.4 0 0 3.4000000000000004 0 0 0 0 0 0 0 0 0 0 0 0 0 0 0 0 0 0 0 0.4 0 1.8 0.2 0.2 31.400000000000002 0 0.2 1.2000000000000002 0.2 0 0 0 0 0 0 0 0 0 0 0 0 0 0 0 0 0 0 0 0 0 0 0.2 0 0.2 3.8000000000000003 0 0 
 0 0 16.6 0 15.8 2 0 0.4 0 12.200000000000001 0 15.200000000000001 0 0 0 0 12.200000000000001 0 0 0 28.200000000000003 25.8 72.60000000000001 39.400000000000006 8.4 31.6 0 30 28.200000000000003 20.6 8.8 6.6000000000000005 63.2 9.8 36.4 5.2 21 7 49.800000000000004 22.400000000000002 0.4 0 0 0 0.6000000000000001 0 0 0 0 0 0.6000000000000001 0 0 0.2 0 0 0 0 0 0 0.2 0 0 0.4 1.6 0 0 0 0.2 0 0 0 0 0 0 0.2 0 0.4 0 0 0 0.4 0 0 14.600000000000001 2 0 4.4 0 0 1.8 1.4000000000000001 0 0 0 0 0 0 0 0 2.8000000000000003 2.2 5.6000000000000005 3.4000000000000004 0 0 3.2 8.200000000000001 2 6.800000000000001 0 0 4.2 1.4000000000000001 3.8000000000000003 2 5.2 0 0 2.8000000000000003 0 0 0 0 0 0 0 0 0 0 0 0 0 0 0 0 3.8000000000000003 0 0 0.2 0 0 0 0 0 0 0 0 0 0 0 0 0 0 1.2000000000000002 0 0 0 0 0 0 0 0 0 11.4 4 0 0 0 2.8000000000000003 0 4 0 0 0 1.8 0 0 0 0 0 8.8 4.800000000000001 0.2 0 0 0.8 1.8 0 3.4000000000000004 0 0.2 5.2 10.200000000000001 0 14.4 6 4 0 2.8000000000000003 0 0 0 0 2.6 0 0 0 0 0 0 0 3.6 0 0 0 0 0 0 0 0 0 0 0 0 0 0 0 0 0.2 0 0 0 0 0 0 2.6 0 0 5 0 0 0 0 0 0 0 0 0 0 0 0 0 0 1.6 0.4 0 0 0 0 0 0 0 0 0 0 0 0 0 0 0 0 0 0 0 0.2 0 0 0 0 0 0 0 0 0 0 0 0 0 0 
 0 0 2 0 15 4 0 0 0 15.4 15.200000000000001 5 0 2.2 0 0 0 14.8 0 0 28 32 26.8 38.400000000000006 31.400000000000002 10.4 30 0 49.6 11.4 9.600000000000001 10.8 44 34.2 56.800000000000004 11.600000000000001 6.2 6.6000000000000005 32.2 9.8 0.6000000000000001 0 0 0 0.6000000000000001 0 0.2 0 0 0 0.8 41 0 0.4 0 0 0 0 12.600000000000001 12.200000000000001 0 0 0 0 1.6 0 0 0.4 0 0 0 11.8 0 0 4.6000000000000005 0 0 0 0 0 0 0.2 0 0 0 2.2 0 0 0 0 16.400000000000002 0 0 0 0 0 0.2 0 0 0 0 1.2000000000000002 5 6.4 3 2.8000000000000003 3.6 4.4 0 3.8000000000000003 3.4000000000000004 0 1.8 10.4 5.6000000000000005 4.6000000000000005 7.800000000000001 0 2.4000000000000004 7 2.6 0 0 0 0 0 0 0 0 0 0 0 0 0 0 0 0 0 0 1.6 1.2000000000000002 0 0 0 0 0 0 0 3 0 0 0 3.6 0 0 0 0 0 0 0 0 0.2 0 5.4 3.6 2 0.2 0 0 0 0 0 0 0 0 0 0 0 0 0 0 3.6 9 0 4.4 0.2 5.4 0.2 6.800000000000001 2.6 0 0 3.2 8.4 2 2.6 4 0 1.4000000000000001 5.2 0 0 0 0 0 0 0 0 0 0 0 0 0 0 0 0 0 0 1.8 0 0 0 0 0 0 0 0 0.2 0 0 0 0 0 0 0 0 0 0 0 0 0 0 0 0 0 0 0 0 0 0 0 0 0 0 2 0 0.8 0 0 0 0 0.2 0 0 0 0 6.800000000000001 0 0 0 0 0 0 0 0 0 0 0 0 0 0 0 0 0 0 2.6 0 0 0 0 
 0.4 0.8 1.2000000000000002 0.4 0.4 0.4 18.6 0.4 0.4 0.4 0.4 0.4 0.8 0.6000000000000001 0.4 0.4 0.4 2.6 0.4 0.4 40 34.2 18.2 109.60000000000001 34.6 36 28.200000000000003 49.6 0 75.2 56.2 35.4 51.2 27.400000000000002 13.8 72.8 71.8 25 17 94.2 1.2000000000000002 0 0 0.2 0.6000000000000001 0 0.2 0 0 0.4 0.6000000000000001 0 0 12.4 0 41.2 0 0 11.4 0.8 0 7 0 0 0.8 1.4000000000000001 0 0 0 0 0 0 1 0 0 9.8 0 0 0 0 0 0 0 0 0.2 0.2 0.2 0 0 0 0 0 0 0 0 0 0 0 0 0 0 1.8 2.2 1.2000000000000002 3 6.800000000000001 5.2 4.6000000000000005 0 10.8 4.4 4.6000000000000005 0 0.2 1.6 0.2 9.8 1.6 0 0.2 1.4000000000000001 0 0 0 0 0 4.6000000000000005 0 0 0 0 0 2 2.8000000000000003 0 0 0 0 0 1.8 0 0 0 0 0 0 0 0.2 0 0 0 0 0.2 0 0 0 0 0 0 0 0 0 0 0 4.2 0.6000000000000001 0 0 0 0 0 4.2 0 0 0 0 0 0 0 0 3.8000000000000003 4.6000000000000005 5.4 2.2 4 0.2 3.8000000000000003 0 5 3.4000000000000004 1.6 3.6 0.8 4.2 6.800000000000001 5.6000000000000005 0.2 4.2 0 1.8 3 0.2 0 0 0 0 0 2.2 0 0 0 0 3.4000000000000004 2.8000000000000003 0 0 0.4 0 0 0 0 0 0.2 0 0 0 0 0 0 0 0 0 0 0 0 0 0 0 0 0 0 0 0 0 0 0 0 0 0 0 0 0 0 0 0.4 0 0.4 0 14.8 0 2.4000000000000004 0 0 0 0 0 0 0 0 0 0 0 0 0 0 0 0 0 0 0 0 0 0 0.4 0 0.2 0 0 0 0 
 0.4 0.4 1.2000000000000002 0.4 6.6000000000000005 0.8 0.4 0.8 0.6000000000000001 0.6000000000000001 0.6000000000000001 0.4 0.4 0.6000000000000001 0.6000000000000001 0.4 0.6000000000000001 0.8 0.6000000000000001 0.4 6 34.6 56 72.4 22.400000000000002 18.400000000000002 20.6 11.4 75.2 0 57.800000000000004 26 27.8 21.200000000000003 14.4 97.80000000000001 67.8 88.2 11 21.6 0.2 0.4 0.4 0 0.6000000000000001 0 0.8 0 0 0.8 0.6000000000000001 41.400000000000006 12.4 12.600000000000001 0 0 0 0.4 12.200000000000001 12.200000000000001 0 0 0 0 0.6000000000000001 0 0 0 0 0 0 0 0 0 0 0 0 0 0 0 0 0 0 0 0 0 0 0 0 0 0 0 0 0 0.4 0 0 0 0 0 12.600000000000001 2 6 1.6 1.4000000000000001 2.6 0 3 4.800000000000001 0 4.2 2.2 0 0 5.2 0 6.6000000000000005 3.6 0 0 0 0.2 2.4000000000000004 0 0 0 5 4.2 0 2.2 0 0 4 2.6 3.2 1 0 0 2.2 0 0 0 0 0 0 0 0 0 0 0 0 0 0 0 0 0 0 0 0 0 0 0 0 0 0 0 0 0 1.8 0 3.8000000000000003 0.2 0 0 0 0 0 0 0 0 2 3.6 2 0.2 3.6 0.6000000000000001 3.8000000000000003 2.8000000000000003 0.6000000000000001 1.2000000000000002 7.4 4.6000000000000005 0.2 1.2000000000000002 0.8 0.2 3.4000000000000004 0 0 0 0 0 3.6 0 0 0 0 12.8 0.2 0 0 0 2.4000000000000004 1.6 2 0 0 0 1.6 2.2 0 0.2 0 0 0 0 0 0 0 0 0 0 0 0 0 0 0 0 0 0 0 0 0 0 0 0 0 0 0 0 0 0 0 0 0.4 0 0.6000000000000001 16.2 0 0.2 1 0 0 0 0 0 0 0 0 0.6000000000000001 0 0 0 0 0 0 0 0 0 0 0 2 0 0 1.8 0 1.4000000000000001 0 0 0 
 0 0 0 0 0.4 15.200000000000001 0 0 0 0 0 0.6000000000000001 0.2 1 0 0 0 0 0 0 4.800000000000001 28.400000000000002 91.2 54.800000000000004 37.4 21.8 8.8 9.600000000000001 56.2 57.800000000000004 0 62.400000000000006 27.8 24.400000000000002 52.400000000000006 33.800000000000004 82.60000000000001 30.200000000000003 11.600000000000001 11 0.4 0 0 0.2 1.2000000000000002 0.6000000000000001 0 0 0 0 1.2000000000000002 0.6000000000000001 0 0 13 0 0.4 6.4 0.2 0 0 0 0 0 0.6000000000000001 0.4 0 0 0 0 0 0.4 0 4.800000000000001 0 0 0 0.4 0 0 0 0 0 0 0 0 0.4 0 0 0 0 0 0 0 0 0 0 0 0 0 1.2000000000000002 0.2 2.8000000000000003 2.2 5.800000000000001 0 0 1 2.6 3.6 2.4000000000000004 13.4 0 2.6 0 2.2 0 4 0 0 2.2 0 0 0 0 0 2.4000000000000004 4.800000000000001 2.6 2.4000000000000004 0 0 0 4 0 2 0 0 3.4000000000000004 6.6000000000000005 0 0 0 0 0 0 0 0 0 1.4000000000000001 0 0 0 0 0 0 0 0 0 0 0 0.2 0 0 0.2 0.2 0 0 0 0 0.4 0 0 0 0 0 0 0 0 0 0 0.4 0 5.6000000000000005 2.4000000000000004 7 0 4.800000000000001 1.4000000000000001 7.800000000000001 5.800000000000001 5.4 0 0 4.6000000000000005 0 0 2.8000000000000003 0 0 2.2 0 0 0 0 0 0 2.8000000000000003 0 0 0 0 5.2 1.6 0 2.2 0.4 0 8.200000000000001 0 0 0 0 0 0 8.6 0 0 0 0 0 0 0 0 0 0 0 0 0 0 0 0 2.6 0 0 0.2 0 0 0 0 0 0 0 0 0.8 0.8 0.4 21.6 30.400000000000002 0 0.4 1.2000000000000002 0 0 0 0 0 0 0 0 0 0 0 0 0 0 0 0 0 0 0 3 0 0 0 0 1.6 0 0 0 
 0 0.4 0.2 0 1.4000000000000001 0 0 0 0 0.4 0 0.6000000000000001 0.2 0.8 0 0 0 0.6000000000000001 0.4 0 6 8.200000000000001 19.400000000000002 19.6 37.2 20.6 6.6000000000000005 10.8 35.4 26 62.400000000000006 0 12.200000000000001 5.800000000000001 50.6 11.8 56.6 62.2 7.4 5.6000000000000005 0.4 0 0 0.4 0.6000000000000001 0 12.200000000000001 0 0 0 1 0.8 0 0 4 0 0 0.4 24.6 12.600000000000001 0 0 0 0 0.6000000000000001 0.4 0 0 0 0 0 0 0 9.4 0 0 0 0 0.4 0 0 0 0 0 0 0 0 0 0 0 0 0 0 0 0 0 0 0 0 0 0 0 0 0 1.2000000000000002 5.4 0 0 2.4000000000000004 4 0 6 0 0 0 0 3.6 3 0 0 7 0 4.6000000000000005 0 0 0 0 0 2 2.6 2.2 0 5.4 5.4 4.6000000000000005 7.2 1.4000000000000001 0 5.2 3 2 0 0 0 0 0 0 0 0 0 0 0 0 0 0 0 0 0 0 0 0 0 0 0 0 0 0 0 0 0 0.4 0.4 0 0 0 0 3.6 2.6 0 0 1.8 0 3.6 8.200000000000001 3.4000000000000004 3 0 0 2 4 4.2 1.6 0 0 0 0 0 0.2 0 0 8.8 0 4.2 0 0 0 3 4.2 0 2.4000000000000004 0 4 4.2 0.2 2.4000000000000004 1.8 0 0 2.4000000000000004 3 0 0 0 0 0 0 0 0 0 0 0 0 0 0 0 0 0 0 0 0 0 0 2 0 0 0 0 0.4 0 0 0 0 9.200000000000001 0 0.6000000000000001 0.8 0.6000000000000001 15 8.200000000000001 0 3.6 0 0 0 0.2 0 0 0 0 0 0 0 0 0 0 0 0 0 0 0 0 4.6000000000000005 0 0 0 0 0 0 0 0 
