 0 68.4 83.60000000000001 27 68.60000000000001 91.2 57 68 42.800000000000004 34.800000000000004 91 6.4 90.2 26.6 65.4 32.6 21.6 45.800000000000004 27.8 27.8 0.2 0 0 0 0 1.2000000000000002 0 0.2 0.2 0 11 0.6000000000000001 0 0 0 0.4 1 0 0 0.6000000000000001 0.2 0.2 0.6000000000000001 0 0 0 0 0 0 0 0 0 0 13.4 0 0 0 0 0 0.2 0.6000000000000001 0 0 0 0 0 6.6000000000000005 0 0.2 0 0 0.6000000000000001 0 0 0 0 0 0.6000000000000001 0.8 0 0.6000000000000001 0 7.6000000000000005 10 0 0 8.200000000000001 0 2 3 0 1.4000000000000001 2.4000000000000004 1.8 0.2 11.8 4 0.2 3 5.800000000000001 0.8 0 0 0 0 0.2 0 0 0 0 0 0 1.8 0 0 0 0 0 0.2 0 0 0 2.8000000000000003 0 0 0 0 0.2 0 0 0 0 0 0 0 3.6 0 0 0 0 0 0 0 0 0 0 0 0 0 0 1 0 0 0 0 0 0 0 0 0 1.4000000000000001 2.8000000000000003 1.8 0.2 0.2 0 2 2.6 1.8 2.2 9.4 2.6 0.4 1.8 0 6 0 4.4 3.2 6 0.2 0 0 0 0 0 0 0 0 0 0 0 0 0 0 0 0 0 2.2 0 0 0 0 0 0 0 0 2.8000000000000003 0 0 0 0 0 0 0 0 3.2 0 0 0 0 0 0 0 0 0 0 0 0 0 0 0 0 0 0 0 0 0 0 0 0 2.6 0 0 0 0.2 17.6 0 0.2 0.2 0.4 0.6000000000000001 0.2 0 0 0 0 0 0.4 0 0 0 0 0 0 0 0 0 0 0 0 0 0 0 0 2.8000000000000003 4.4 0 0 0 0 0 0 0 0 0 0 0 0 0 
 68.4 0 39.400000000000006 44 38.2 6.6000000000000005 51.800000000000004 19.200000000000003 53.800000000000004 12 11.8 10.200000000000001 14 35.800000000000004 61.400000000000006 44.6 25.400000000000002 50.400000000000006 12 7.800000000000001 0.2 0 0.4 0.6000000000000001 0 0.6000000000000001 0 1 0.4 0.2 0.6000000000000001 0.6000000000000001 0.6000000000000001 0 0 8 0.8 0 26.8 0.8 0.2 0 0.8 0 0 0 0 0 0 0 1.2000000000000002 2 0.4 0 0 0.6000000000000001 0 9.8 0 13.4 0.6000000000000001 0 0 0 0 0 11.8 0 0 0 0 0.4 0 0 0 0 0 8.4 0 0 3 6.4 4.4 0 5.6000000000000005 2.8000000000000003 4.4 0.2 2.2 6.4 3.4000000000000004 0.6000000000000001 0 0 0 3.8000000000000003 11.4 0 3 4.6000000000000005 0 0 0 0 0 0 0 0 0 0 0 0 2.2 0 0 0 0 0 3.4000000000000004 1.8 0 0 0 0 0 0 0 0 0 0 0 0 0 0 0 3.6 0 0 0 0 2.6 0.4 0 0 0.8 0 0 0 0 1 0.2 0 0 0 0.4 0 0 0 0 0 0.2 0.2 2 2.8000000000000003 0.2 0 3 2.8000000000000003 0 2.6 0 0 0 0 3 5.800000000000001 0 3.6 0.2 0 0 0 0 2.4000000000000004 0 0 3 0 0 0 0 0 0.2 0 0 0 0 0 0 7 0 0 0 0 2.4000000000000004 0 0 0 0 0 0.2 0 0 0 0 0 0 0 0 0 0 0 0 0 0 0 0 0 0 0 0 0 0 0 0 0 0 0 0 0 0 0 0 0 0 0.4 0.4 0.4 18.2 0.4 0 1.8 0 0 0 0 0 0 0 0 0 0 0 0 0 0 0 0 0 0 0 0 0 0 0 2 6.800000000000001 0 0 0 0 0 0 0 0 0 0 0 0 0 
 83.60000000000001 39.400000000000006 0 27.6 10 22.8 11.200000000000001 35.4 36.2 33.800000000000004 111.80000000000001 53.6 17 10 27.200000000000003 35.800000000000004 26.400000000000002 26.8 52 4 0.2 0 0 0 0 0.6000000000000001 0 0.6000000000000001 0.4 14.8 0 0.6000000000000001 7.4 0 0 0 0.8 0 0.2 0.6000000000000001 0 0 0.6000000000000001 0 0 0 0 0 0 0 0 0 0 0 0 0 0 0 0 0.4 0.6000000000000001 0.2 0 0.2 0 0 0 0 0.2 0 0 0.6000000000000001 0 0 0 0 0 0.6000000000000001 0 0 0 3.2 0.4 2.2 2.2 0 5.2 4.800000000000001 4.4 3.2 2.8000000000000003 3.2 2 6.2 5.4 1.4000000000000001 7.4 2.8000000000000003 2.4000000000000004 0 3.2 0 0 0 0.2 0 0 0 0 0 0 0 2.8000000000000003 0 0 2.6 0 0 0 0.4 0 0 0 2.2 0 1.8 0.2 3 0 0 0 0 0 0 0 4 0 0 0 0 0 0 0 0 0 0 0 0 0 0 0 0 0 0 0 0 0 0 0 0 2.4000000000000004 1.4000000000000001 0 15.8 1.2000000000000002 0 0 3.2 0.2 7.6000000000000005 3 11.4 0 0 0 3.6 2.2 0.2 1.6 0 1.4000000000000001 0 0 0 0 0 3.2 2.2 0 0 0 0 2 0 1.2000000000000002 0 0 0.2 2.8000000000000003 3 0 0 0 0 0 0 0 0 0 0 0.2 0 0 0 0 0 0 0 0 0 0.4 0 0 0 0 0 0 0 0 0 0 0 0 0 0 0 0 0 0 0 0 0 0 0 0 0 0.8 0 0 0.4 0 2.6 0 0 0 0 0 0 0 0 0 0 3.2 0 0 0 0 0 0 0 0 0 0 0 0 0.2 9.600000000000001 1.8 0 0 0 0 0 0 0 0 0 0 0 0 
 27 44 27.6 0 38.400000000000006 25.6 18.400000000000002 18.400000000000002 32.800000000000004 21 15 25 8.6 34.800000000000004 23.200000000000003 31.400000000000002 52.2 74.60000000000001 31.8 11.600000000000001 0.2 0 0 0 0 1 14.4 0.2 41.800000000000004 0 0 0.6000000000000001 0.2 0 0 0 0.8 0.4 19.8 0.6000000000000001 0.2 0 0.6000000000000001 0 0 0 0 0 0 0 0 0 0 0 0 0 0 0.6000000000000001 0 0 0.6000000000000001 0 0 0 0 0 0 0 0 0 0.4 0.6000000000000001 0 0 1.2000000000000002 18 0 0.6000000000000001 0 0 6.800000000000001 1.6 0.6000000000000001 4.6000000000000005 12.8 4.2 4.4 2 6.6000000000000005 3.8000000000000003 2.8000000000000003 2.2 0 2 12.8 0.6000000000000001 0 2.6 0 0 0 0 1.8 0 0 0 4.4 0 0 0 0 0 2.8000000000000003 0 2.8000000000000003 0 0 1.8 1.6 1.4000000000000001 0 0 0 0 0.4 2 0 0 0 0 0 4.4 0 0 0 0 0 0 0 0 0 0 0 0 0 0 0 0 0 0 0 0 0.4 0 0 0 0 0 0 0 4.4 0 0 3 0 4.6000000000000005 0 0 2.8000000000000003 1.8 4 0 0.6000000000000001 0 0 3.6 1.6 0 0 4.2 0.8 0 0 0 0 0 2.4000000000000004 0 3.2 0.2 6.4 0 3.4000000000000004 7.2 0 0 4.2 0.2 2.8000000000000003 0 0 0 0 0 0 0 0 0 0 0 0 0 0 0 0 0 0 0 0 0 0 0 0 0.2 0 0 0 0 0 4.2 0 0 0 0 0 0 0 0 0 0 0 1.2000000000000002 0 0 0 1.2000000000000002 2.4000000000000004 0 0 20 0 2.2 0 0.2 0 0 0 0 0 0 21.400000000000002 0 0 0 0 0 0 0 0 0.4 0 0 0 0 0 2.6 0 0 0 0 0 0 0 0 0 0 0 0 0 0 
 68.60000000000001 38.2 10 38.400000000000006 0 72 6.800000000000001 10.600000000000001 22.400000000000002 62 33.2 36.2 12 17 44.2 15.4 39.6 10.200000000000001 11.200000000000001 13 0.2 0 0.2 0 0 0.6000000000000001 15 42.2 15.4 0 0 0.6000000000000001 16 0.2 0 12.4 0.8 14.8 30.8 0.6000000000000001 0.2 0 0.6000000000000001 0 0.4 0 0 0 0 0 0 0 0.2 0 0 0 0 0 0 0 0.6000000000000001 0 0.6000000000000001 0 0 0 0 0 0 0 0 0.4 0 0 0.4 0 0 0.4 0.2 0 0 1 3.2 2.6 6 3.8000000000000003 1.4000000000000001 0 0 4.2 5.4 2.4000000000000004 0 0.2 0 3 3.2 4.2 0 0 0 0.2 2.6 2.4000000000000004 0 0 4.800000000000001 2.2 0 6 0 0 2.6 1.6 0.6000000000000001 2 0 3 5.4 5.4 0 0 0 0 0 0 0 0 0 0 0 0 0 0 0 0 0 0 0 0 0 0 1 0 0 0 0 0 0 0 0 0 0 0 0 0 0 0 0 0 6.4 0 0 0.4 0 1 0 0 10 0 4.4 0.2 0 0 0 5.800000000000001 2.8000000000000003 2 0 3.8000000000000003 4.6000000000000005 0 0 0 0 0 0 0 0.2 0 3.8000000000000003 2 0 4.2 0 2.4000000000000004 3.4000000000000004 0 0 3.2 0 0 0 0 0 0 0 0 0 0 0 3.2 0 0 0 0 0 0 0 0 0 0 0 0 0 0 0 0 0 0 0 0 0 0 0 0 0 0 0 0 0 2.4000000000000004 0 0 0 0 10 0 11.200000000000001 19.200000000000003 1.8 1.4000000000000001 0 0 0 0 0 0 0 0 0 0 0 0 0 0 0 0 0 0 0 0 0 0 0 2.4000000000000004 2.8000000000000003 0 0 0 0 0 0 0 0 0 0 0 0 0 
 91.2 6.6000000000000005 22.8 25.6 72 0 8 6.4 8.8 10.4 45.2 11.200000000000001 6.2 8.200000000000001 51.400000000000006 30.8 14.600000000000001 13.4 11.8 25 14.8 4.6000000000000005 8.6 0 0.2 0.6000000000000001 3.6 0 22 0 14.8 0.6000000000000001 19.8 15 14.600000000000001 17 0.6000000000000001 0 44.400000000000006 21.200000000000003 0.4 0 0.6000000000000001 0 0.2 0 0 0 0 0 0 0 0 0 0 0 0 0.2 0 0.4 0.6000000000000001 0 0 0 0 0 0 0 0 0 0 0.6000000000000001 0 0 0 0 0 0.6000000000000001 0 0 0 0 0.6000000000000001 0 0 2.6 0.2 0 0 0.2 0.4 2.6 0.2 0.4 0 2.2 0 0 0 0 0.6000000000000001 7.800000000000001 8 3.2 3.2 0 2 1 1.8 0 4.800000000000001 7.6000000000000005 0 1.8 2 5 2.6 5.6000000000000005 2 0.8 0 0 0 0 0 0 0 0 0 0 0 0 0 0 0 0 0 0 0 0 0 0 6.2 0 0 0 0 0 0 0 0 0 0.2 0 0 0 0 0 0 0 0 0 0 3.8000000000000003 0 2 0 0 0 2.4000000000000004 0 2.8000000000000003 0 0 0 0 1.8 2.8000000000000003 0 0 0 0 0.2 4.800000000000001 0 0 1.6 0.2 2.4000000000000004 0 0.2 2.8000000000000003 8 9.200000000000001 5.800000000000001 2.2 0 7.2 4.800000000000001 2 0.2 0 0 0 0 0 0.2 0 0 0 0 0 0 0 0 0 0 0 0 0 0 0 0 0 0 0.2 0 0 0 2.6 0 0 0 0 0 0 0 2.8000000000000003 0.4 0 0 3 0 0 0 11.8 17.2 0 18 0.2 1.8 3 0 0 0 0 0 0 0 0 0 0 0 0 0 0 0 0 0 0 0 0 0 0 0 0 2.6 0 0 0 0 0 0 0 0 0 0 0 0 0 
 57 51.800000000000004 11.200000000000001 18.400000000000002 6.800000000000001 8 0 27.8 37.800000000000004 25.400000000000002 6.4 3.6 63.2 40.800000000000004 6 27.6 6.2 4 59.800000000000004 14.200000000000001 0.2 0.2 0.4 0.4 0 0.6000000000000001 0 0.2 0.2 0 0.2 0.6000000000000001 0 0 0 0.4 1 0 7 0.6000000000000001 0.2 0 0.6000000000000001 0 0.4 0 0 0 0 0 0.6000000000000001 0.6000000000000001 0.4 0 0 0 0 0.4 0 0.2 0.6000000000000001 0.4 0 0 0 0 0 0 0.2 10.200000000000001 0 0.8 0 0 0 0 0 0.4 0 0 6.4 1.2000000000000002 3.4000000000000004 1.2000000000000002 0 0 5.6000000000000005 0 0.4 0 0 12.600000000000001 2.2 0.2 1.6 3.4000000000000004 3 8 0 2.6 0 0 0 0 0 0 0 0 0 0 0 0 0.4 0 0 0 0 0 0 0 0 0 0 0 0 0 0 0 0 0 0 0 0 0 0 5.800000000000001 0 0 0 0 0 0 0 0.4 0.2 0 0 0 0 0 2.8000000000000003 0 1.2000000000000002 0 0 0 0 0.2 0.2 0 0.2 3.8000000000000003 0 0.6000000000000001 0 1.8 0.2 3.6 2.6 0.6000000000000001 0 0 6 1.6 2 2 4 0 3.2 4.800000000000001 0 0 0 0 0 0 0 0 0 0 0 0 0 0 0.2 0 0 0 0 0 0 0.2 0.2 0 0 0 0 0 0.2 0 0 0 0 0 0 0 0 0 0 0 0 0 0 0 0 0 0.4 0 0 0 0 0 0.2 0 0 0 0 2.6 0 0 0 0 0 0 0 0 0.2 0 0.4 0.4 0.4 3.4000000000000004 0 0 0 0 0 0.4 0 0 0 0 0 0 0 0 0 0 0 0 0 0 0 0 0 0 0.2 0 0 0 0 0 0 0 0 0 0 0 0 0 
 68 19.200000000000003 35.4 18.400000000000002 10.600000000000001 6.4 27.8 0 22.200000000000003 25 5.800000000000001 24.6 36.4 25.6 13.8 28.200000000000003 21 29.200000000000003 18.400000000000002 11.4 0.4 0.4 0 0 0.6000000000000001 1 0.4 0 14.8 0 0 0.8 0.4 0 0 21.8 1 0.2 0.2 0.6000000000000001 0.4 0 7.2 15 0.4 0 0.6000000000000001 0 0 0 0.4 0.4 0 0 0.6000000000000001 0 0.6000000000000001 0.2 0.4 0.2 0.6000000000000001 0.6000000000000001 5.2 0 0 0.4 0 0 0.2 0 0 1.2000000000000002 0 0 0 0 0 0.6000000000000001 0 0 3 0 4 2 0 0 1.6 0 0.8 2.6 2.8000000000000003 4.6000000000000005 5.4 2.6 0 5.800000000000001 0 5 6.6000000000000005 2.2 4.6000000000000005 0 3.4000000000000004 0 0 0 0 0 0 0 0 0 0 0.2 0 0 0 0 0 0 0 0 0 0 0 0 0 0 0 0 0 0 0 2 0 0 0 0 0 0 0 0 0 0.4 0.2 0 0 0 0 0 1 0 0 0 0 0 0 0.2 0.2 0 0 4.2 0.2 3.6 3.8000000000000003 0.4 0 4 0.2 0.6000000000000001 8.200000000000001 5.4 1.2000000000000002 0 2.4000000000000004 9.8 0 1.6 1.4000000000000001 6.800000000000001 1.8 0 0 0 0 0 0 0 0 0 0 0 0 0 0 0 0 0 1.8 0 0 0 0.2 0 0 0 0 0 0 0 0 0 0 0 0 0 0 0 0 0 0 0 0.2 0 0 0 0.4 0 0 1.8 0 2 0 0 0 0 0 0 0 0 0 0 0 0 0 0.8 0.2 0 0 0 0 2.4000000000000004 0 0 0 0 0 0 0 0 0 0 0 0 0 0 0 0 0 0 0 0 0 0 0 2.2 0.6000000000000001 0 0 0 0 0 0 0 0 0 0 0 0 0 
 42.800000000000004 53.800000000000004 36.2 32.800000000000004 22.400000000000002 8.8 37.800000000000004 22.200000000000003 0 56.400000000000006 15.8 71.2 11.8 21.8 35 46.2 15.600000000000001 26 13.600000000000001 30.200000000000003 0 0 0.4 0 0 0.6000000000000001 0 0.2 0 0 0 0.6000000000000001 0 0.2 0 0 1 0 15.200000000000001 0.6000000000000001 0.2 0 0.6000000000000001 0 0.4 0 0 0 0 0 0 0 0 0 0 0 0 0 0 0 0.6000000000000001 0 0 0 0 0 0 0 0 0.8 0 0.4 0 0 0.4 0 0 0.6000000000000001 0 0 1.8 2.6 2 5 6.2 1.6 3.8000000000000003 0 1 2.4000000000000004 5 12.600000000000001 3.8000000000000003 1.8 0 2.4000000000000004 3 18.6 3.6 2.8000000000000003 0 0 0 0 0 0 3.6 0 0 0 0 3.8000000000000003 4.4 0 0 0 0 0.4 0 4.6000000000000005 0 0 0 1.6 0 0 0 0 0 0 0.4 0 0 0 0 2.4000000000000004 0.4 0 0.2 0 0 0 3.4000000000000004 0 0 0 0 0 0 0 0 0 0 0 0 0 0.2 0 0 0 3 2.2 2.8000000000000003 9.8 3.8000000000000003 0.4 0.4 3.8000000000000003 0 0 6.2 2 0.6000000000000001 0 2.8000000000000003 6.6000000000000005 0 0.2 1.4000000000000001 0 0 0 0 0 0 0 0 0.4 0.2 0 0 0 0 0 0 0 8.8 0 0 0 0 0 0 0 0 0 0 0 0 0 0 0.4 0 0 1 0 0 0 0 0 0 0 0 0 0 0 0 0 0 0 0.2 0 0 0 0 0 0.2 0 0 0 0 0 0 0 0 0 0.8 0.2 0.6000000000000001 18.8 0 2 0 0 0 0 0 0 0 0 0 0 0 0 0 0 0 0 0 0 0 0 0 0 0 2.4000000000000004 0 0 0 0 0 0 0 0 0 0 0 0 0 0.4 
 34.800000000000004 12 33.800000000000004 21 62 10.4 25.400000000000002 25 56.400000000000006 0 37.6 9.8 11.4 75 42 36.800000000000004 12.8 28.6 17 16.2 0 0 0 0 0 0.6000000000000001 4.2 0 0.4 0.2 0 0.6000000000000001 16.8 0 0 0 0.8 0 0 0.6000000000000001 0 0 0.6000000000000001 0 0 0 0 0 0 0 0.4 0.4 0 0 0 0 0 0.8 0 0.4 7.2 0 0 0 0 0 0 0 0 6.6000000000000005 0 0.6000000000000001 0 0 0 0 0 0.6000000000000001 0 0 2.6 4.6000000000000005 0 2 2.2 2.2 9.200000000000001 3 5.6000000000000005 2.6 3.4000000000000004 4 8.6 4.800000000000001 0 4.800000000000001 6 9.200000000000001 3.2 1.8 2.8000000000000003 0 0 0 0.4 0 1 0.2 0 3 0 0 2.8000000000000003 0 3 0 0 3 0 0 0 0 0 0 0 0 0 0 0 0 0 0 0 0 0 0 0 0 0 0 0 0 0 0 0 0 0 0 0 0 0.6000000000000001 0 0 0 0 0 0 0 0 0 5.2 6.4 0.2 4 0 0 0 8 2.6 0.2 3.4000000000000004 3.8000000000000003 3.8000000000000003 0 0.2 1.4000000000000001 6.2 0 4.6000000000000005 2.8000000000000003 0 0 0 0 0 0 3 0 2.4000000000000004 0 0 0 0 0 0.2 0 0 0 1.6 3.4000000000000004 0 0 0 0 0 0 0 0 0 0 0 0 0 0 0 0 0 0 0 0 0 0 0 0 0 0 0 0 0 0 0 0 0 0 0 0 0 0 0 0 0 0 3.8000000000000003 0 0 0.4 0.8 0 0.4 4 0.4 0.4 0 0 0 0 0 0 0.4 0 0 0 0 0 0 0 0 0 0 0 0 0 0 1.2000000000000002 0 0.2 0 0 0 0 0 0 0 0.2 0 0 0 0 0 0 
 91 11.8 111.80000000000001 15 33.2 45.2 6.4 5.800000000000001 15.8 37.6 0 24.200000000000003 8 6.4 11.8 38 40.400000000000006 24 9 8.200000000000001 0.4 0 0 0 0 0.6000000000000001 14.600000000000001 0.6000000000000001 0.4 0 0 0.6000000000000001 8 0 14.8 0 1 0 18.400000000000002 1.2000000000000002 0.4 0 0.6000000000000001 0 0.2 0 0 0 0 0 0 0 0.2 0 0 0 0 0 0 0 0.6000000000000001 0 0 0 0 0 0 0 0 0 0 0.4 0 0 0 0 0 0.2 0 0 0 0 4.2 0.2 2.2 3.8000000000000003 0 1.4000000000000001 2.8000000000000003 5.800000000000001 0 0.2 0 1.6 0 11 0 2.6 0 0 0 0 1.8 0 0.2 0 0 2 10 0 0 0 5.2 2 1.6 0.4 0 1.8 0 2.6 0 0 0 0 0 0 0 2.8000000000000003 0 0 0 0 0 0 0 0 0 0 0 0 0 0 3 0 0.2 0.4 0 0 0 0 0.4 0 0 0 0 0 0 3.2 0 0 0 0 0 3.6 0 0 0 2 0 2.2 0 1.6 0 0 0 0 4.2 2.6 0 0 0 0 0 0 0 0 0.2 0 0 0 5.6000000000000005 1.6 3.6 6 3.6 0 0 5.4 2.8000000000000003 3.6 0 0 0 0 0 0 0 0 0 0 0 0 0 0 0 0 0 0 0 0 0 0 0.2 2.6 0.4 0.4 0 0 0 0 0 0.2 0 0 0 0 0 0 0 0 0 0 0 0 0 0 0.4 0 17.400000000000002 0 1.6 2.2 0 0 0 0 0 0 0 0 0 0 4.800000000000001 0 0 0 0 0 0 0 0 0 0 0 0 0 2 0 0 0 0 0 0 0 0 0 0 0 0 0 
 6.4 10.200000000000001 53.6 25 36.2 11.200000000000001 3.6 24.6 71.2 9.8 24.200000000000003 0 5.2 8.4 6.6000000000000005 18.400000000000002 62 10.8 49.400000000000006 8.8 0.4 0 0 0 13.200000000000001 0.6000000000000001 20.400000000000002 0.2 15.4 0 0 0.6000000000000001 19.200000000000003 14.8 15 0 0.6000000000000001 0.6000000000000001 14.600000000000001 16.400000000000002 0.2 0 0.6000000000000001 0 0 0 0 0 0 0 0 0 0 0 0 0 0 0 0 0.4 0.6000000000000001 0 0 0 0 0 0 0 0 0 0 0.6000000000000001 0 8.6 0 0 0 0.6000000000000001 0 0 2 0 0 0 8.8 4.4 0 0 2.6 3 7 2 0 1 0 0 0 3.4000000000000004 0 0 2.8000000000000003 8.4 4.4 0 0 0 2.2 3.4000000000000004 0 3.8000000000000003 0 0 2.2 0 0 5.2 0 4 2.4000000000000004 0.4 0 0 0 0 0 0 0 2.8000000000000003 0.2 0.4 0 0 0 0 0 0 0 0 0 0 0 0 0 0 0 0 0 0 0 0 0 0 0 0 0 0 0 0 0 0 0 8 2 7.800000000000001 8.200000000000001 4.800000000000001 0 2.2 0 7 0 1.8 0 3.6 4 0 0 0 2.6 0 5.6000000000000005 0 0 0 0 0 0 5.2 6.4 4 2.2 2 2 2.4000000000000004 0.2 4.2 0 5 8.4 0.4 2.6 0 0 0 0 0 0 0 0 0 0 2.2 0 0 0.2 0.4 0 0 0 0 0 0 0 0 0.2 0 0 0 0 0 0 0 0 0 0.4 5.6000000000000005 0 0 0 0 0 0 0 0 0 0.4 0 0.2 0.6000000000000001 0.4 0 1.6 0 0 0 0 0 0.4 0 0 0 0 2.8000000000000003 0 0 0 0.4 0 0 0 0 0 0 0.2 0.4 0 0 0 0 0 2 0 0 0 0 0 0 0 0 0 
 90.2 14 17 8.6 12 6.2 63.2 36.4 11.8 11.4 8 5.2 0 58.2 7.800000000000001 30.200000000000003 5.2 8.6 36 11.600000000000001 0.2 0 14.4 0.6000000000000001 0.4 1.2000000000000002 0 0.2 0.8 0.6000000000000001 0 0.6000000000000001 0 0 12.600000000000001 0.6000000000000001 0.8 0.4 0 1.4000000000000001 0.2 0 0.6000000000000001 0 1 0.4 0 0 0 0 0.4 5.6000000000000005 0.4 0 0.6000000000000001 0 0 0 0 0.4 0.6000000000000001 0 0 0 2.2 0 0 0 0.4 0 0 0.6000000000000001 0.6000000000000001 0 0 0.4 0.2 0.6000000000000001 0.6000000000000001 0 3.2 1.8 0.4 0.2 0 0 2.8000000000000003 2 1.8 0 0.6000000000000001 0 0 2 2.2 0 0.2 0 3.4000000000000004 2 0 0 0 0 0 0 0 0 0 0 0 0 0 0 0 0 0 0 0 0 0 0 0 0 0 0 0 0 0 0 0 0 0 0 0 0 0 0 0 0 0 0 0 1 0 0 0 0 0 0 0 0 0 0 0 0 0 0 0 0 3.8000000000000003 1.8 0 0 0 0 4.4 5.2 6.4 3.2 0.2 0 0 6.800000000000001 6.6000000000000005 1.8 5.6000000000000005 1.2000000000000002 4.6000000000000005 6.2 0 0 0 0 0 0 0 0 0 0 0 0 0 0 0 0 0 0 0 0 0 0 0 0 0 0 0 0 0 0 0 0 0 1.8 0 0 0 0 0 0 0 0 0 0 0 0 0 0 0 0 0 0 0 0 0 6.800000000000001 0 0 0 0 0 0 0 0 0 0 0 0.4 0 0 0 2.6 1.8 0 0 0 0 0 0 0 0 0 0 0 0 0 0 0 0 0 0 0 0 0 0 0 0 0 0 0 0 0 0 0 0 0 0 0 0 0 
 26.6 35.800000000000004 10 34.800000000000004 17 8.200000000000001 40.800000000000004 25.6 21.8 75 6.4 8.4 58.2 0 14.200000000000001 27.8 49.6 9.600000000000001 61.2 12.4 0 0 0 0.6000000000000001 0 0.6000000000000001 0 0.2 0.2 0 0 0.6000000000000001 0 0 0 0 0.8 0 0 0.6000000000000001 0.2 0 0.6000000000000001 0 0 0 0 1.4000000000000001 0 0 1 1.8 0 0 0 0 0 1.2000000000000002 0 0.4 0.6000000000000001 0 0 0 7.800000000000001 0 0 0 0.2 9 0 0.6000000000000001 0 0 0 0 0 1 1 10.600000000000001 4.2 2.4000000000000004 2.4000000000000004 0 0 0 0.6000000000000001 1.8 0.2 0 0 0 0 1.8 0.4 0.2 3.6 0.2 0 0.6000000000000001 0 0 0 0 0 0 0 0 0 0 0 0 0 0 0 0 0 0 0 0.2 0 0 0 0 0 0 0 0 0 0.4 0 0 0 0 0 0 0 0 0 0 0 0 0 1 2 0 0 0 0 0 0 0 0 0 0 0 0 0 0 0 2 4.6000000000000005 1.2000000000000002 1 0 0.2 3.2 3.4000000000000004 9.200000000000001 4.6000000000000005 0.2 0 3 8.4 0 2.4000000000000004 5.4 6 6.4 5.2 0 0 0 0 0 0 0 0 0 0 0 0 0 0 0 0 0 0 0 0 0 0 1.6 0 0 0 0 0 0 0 0 0 0 0 0.2 0 0 3.8000000000000003 0 0 0 0 0 0 0.2 0 0 0 0 0.2 0 0 0 0.2 0.2 0 0 0 0 0 0 0 0 0 0 0 0 0 0.2 0 0 1.6 3 0 0 0 0 0 0 0 0 0 0 0 0 0 0 0 0 0 0 0 0 0.2 0 0 0 0 0 0 0 0 0 0 0 0 0 0 0 0 
 65.4 61.400000000000006 27.200000000000003 23.200000000000003 44.2 51.400000000000006 6 13.8 35 42 11.8 6.6000000000000005 7.800000000000001 14.200000000000001 0 48.400000000000006 27.400000000000002 11.4 12.8 32.6 0.2 0 0 0 0.2 0.6000000000000001 0 0.2 0.4 0 0 0.6000000000000001 0 0 0 0 1 0 31 0.6000000000000001 0.4 0 0.6000000000000001 0 0 0 0 0 0 0 0 0 0 0 0 0 0 0 0 0 0.6000000000000001 0 0 0 0 0 0 0 0 0 0 0.4 0 0 0.2 0 0 0.4 0 0 2 5 2.4000000000000004 3.6 9.600000000000001 0.2 12 2 2.8000000000000003 8.200000000000001 5.4 2.4000000000000004 2 2 3.6 15.600000000000001 9.4 7.4 2.8000000000000003 2.8000000000000003 2.8000000000000003 0 0 0 0 0 0 0 0 0 0 0 3.2 0.2 0 0 0 0 2 0.2 0 0 0 0 0 0 1.8 0 0 0 0 0 0 0 0 3.8000000000000003 0 0 0 0 0 0 0 0 0 0 0 0 0 0.4 2.6 0 0 0 0 0 0 0 0 0 3.4000000000000004 2 1.8 3.6 0 0.2 0 3.4000000000000004 8.6 2 4.6000000000000005 0.2 0 0 2.6 4 0 2.8000000000000003 0 7.4 0 0 0 0 0 0 3.2 0 0.2 0 0 0 0 0 0 0 0 0 0 6.800000000000001 0 0.2 0.4 0 0 0 0 0 0 0 3.2 0 0.4 0 1.4000000000000001 0 0.4 0 0 0 0 0 0.4 0 0 0 0 0 0 0 0 0 3.8000000000000003 0 0 0 0 0 0 0 0 2.4000000000000004 0 0 0 0.2 9.8 0 17.400000000000002 0.6000000000000001 0.6000000000000001 1.4000000000000001 0 0 0 0 0 0 0 0 0 0 0 0 0 0 0 0 0 0 0 0 0 0 0 5 3 0 0 0 0 0 0 0 0 0 0 0 0 0 
 32.6 44.6 35.800000000000004 31.400000000000002 15.4 30.8 27.6 28.200000000000003 46.2 36.800000000000004 38 18.400000000000002 30.200000000000003 27.8 48.400000000000006 0 37.2 10 11.8 30.400000000000002 0.2 0.2 0.8 0 0 1 0.4 0.2 1 0 0.6000000000000001 1.4000000000000001 23.6 0.4 0 0.4 1 0.6000000000000001 7.800000000000001 0.8 0.2 0 1.2000000000000002 0 1.2000000000000002 0.2 0.6000000000000001 0.6000000000000001 0 0 0.8 0 0 0 0 0 0 0.6000000000000001 1 0.8 0.6000000000000001 0.4 0 0 0.6000000000000001 0 0 0 0.4 0 0 0.6000000000000001 10 0 0.6000000000000001 0.2 0 0.8 0.4 0 0 1.4000000000000001 4 1.2000000000000002 4 0 6 0 0 4.4 6.4 3.6 0 1.6 14.8 3.6 11.4 2 0 0 3.8000000000000003 0 0 0 0 0 0 0 0.2 0 0 0 3.6 0.2 0.2 0.6000000000000001 0 0 7.4 0 0 0.4 0 0 0 0 0 4 0 0 2.6 0 0 0 0 3 0 0 0 0 0 0 0.2 0 0.2 0 0 0 0 0 0 0 0 0 0 0 3 0 0 0 3.2 1.8 2.8000000000000003 2.2 4.6000000000000005 0 4.2 0 5.4 3.2 0 2 0 1.8 0 1.8 3 5.2 2.2 1.8 2.2 0 0 0 0 0 0 3.6 0 0 0 0.2 0 0 0 0 0 0 0 2.8000000000000003 0 0 0 0 0 0 0 0.2 0 0 2.4000000000000004 0 0 0 0 0 0 0 0 0 0 0 0 0 0 0 0 0 0 0 0 0 0 0 0 0 0 0 0 0 0 0 0 0 0 0.4 0 0 9.8 1 1.8 1.8 2.4000000000000004 0 0 0 0 0 0 0 0 0 4 0 0 0 0 0 0 0 0 0 0 0 0 0 5.2 0 0 0 0 0 0 0 0 0 0 0 0 0 
 21.6 25.400000000000002 26.400000000000002 52.2 39.6 14.600000000000001 6.2 21 15.600000000000001 12.8 40.400000000000006 62 5.2 49.6 27.400000000000002 37.2 0 27.400000000000002 9.4 5.800000000000001 0.2 0 0.4 15.8 0 0.6000000000000001 0 0.4 0.4 0 0 0.6000000000000001 14.8 0.4 0 0 0.8 0 33.2 0.6000000000000001 0.4 0 0.6000000000000001 0 0.2 0 0 0 0 0 0 0 0 0 0 0 0 0.2 0 0 0.6000000000000001 0 0.4 0 0 0 0 0 0 0 0 0.4 0 0 0.4 0 0 0.4 0 0 0 3.8000000000000003 0.2 5.6000000000000005 16.6 1.8 6 3.4000000000000004 2.8000000000000003 4.800000000000001 6.4 3 0 1.8 3.2 2.6 6 2.4000000000000004 0 0 2.6 0 0 0 0 0 4.800000000000001 0 0 0 0 0 2.8000000000000003 0 0 0 0 0 7.2 2.4000000000000004 0 0 0 0 0 0 0 0 0 0 0 0 0 0 0 0 0 0 0 0 0 0 0 0 0 0 0 0 0 0 0 0 0 0 0 0.4 0 0 0 0 6.2 0 4.2 0 4.4 0 0 0 2.4000000000000004 4.6000000000000005 3.2 3 0 0 2.8000000000000003 3 0 5.2 0 3.4000000000000004 0 0 0 0 0 0 2.2 0.4 0 0 0 0 3.8000000000000003 0 1.6 0 4.4 0 0 3.4000000000000004 0 0 0 0 0 0 0.2 0 0 0 4.800000000000001 0 0 0 1.6 0 0 0 0 0 0 0 0 0 0 0 0 0 0 0 0 0 0 0 0 0 0 0 0 0 0 3.4000000000000004 0 0 0 0.2 26.6 0 18 19.6 0.2 5 0 0 0 0 0 0 0 0 0 0 0 0 0 0 0 0 0 0 0 0 0 0 0 2.4000000000000004 0 0.8 0 0 0 0 0 0 0 0 0 0 0 0 
 45.800000000000004 50.400000000000006 26.8 74.60000000000001 10.200000000000001 13.4 4 29.200000000000003 26 28.6 24 10.8 8.6 9.600000000000001 11.4 10 27.400000000000002 0 8.8 8.4 0 0 0 0.4 15.8 0.6000000000000001 0 0 0.8 0.4 1.6 0.6000000000000001 15 0.4 0 0 1 0.4 0 17 0 0 0.6000000000000001 0 0 0.4 0 0 0 12.8 0 1.2000000000000002 0 0 0.6000000000000001 0 0 0 0 0 0.6000000000000001 0 0 0 0 0 0 0 0 0 0.4 0.6000000000000001 0.6000000000000001 0 0 0.4 0 0.6000000000000001 0.6000000000000001 0 2.4000000000000004 1 3.4000000000000004 2 2.2 0.2 0.6000000000000001 2.8000000000000003 8.6 3.2 9 2.8000000000000003 2 9.4 0 7.4 0 10.4 2.4000000000000004 4.4 4.800000000000001 0.2 0 0 0 0 0 0 0 0 0 0 1.8 0 0.6000000000000001 0 0 0 3.4000000000000004 0 0 0 0 0 0 0 0 0 0 0 0 0 0 0 0.4 1.4000000000000001 0 0 0 0 0 0 0 0 0 0 0 0 0 0 2.6 0.2 0 0 0 0 0 0 0 0 0 4.4 2 3 3.8000000000000003 0 0 11 0 1.8 4.4 5.4 0 0 3.2 0 2.2 1 2.2 7.6000000000000005 2.2 0 0 0 0 0 1 0 0 0.2 0 0 0 0 0 0 0 0 1.2000000000000002 0 0 0 0 0 0 0 0 0 0 0 0 0 0 0 0 0 0 0 0 0 0 0 0 0 0 0 0 0 0 0 0 0.4 0 0 0 0 0 0.2 0 0 0 0 0 0 0 0 0.6000000000000001 0 0 0.4 0.6000000000000001 1.4000000000000001 0 0 0 0 0 0 0 0 0 0 0 0 0 0 0 0 0 0 0 0 0 0 0 2 0 0 0 0 0 0 0 0 0 0 0 0 0 0 
 27.8 12 52 31.8 11.200000000000001 11.8 59.800000000000004 18.400000000000002 13.600000000000001 17 9 49.400000000000006 36 61.2 12.8 11.8 9.4 8.8 0 11.4 0.2 0 0 0 0 0.6000000000000001 0 0.2 15.600000000000001 0 0 0.6000000000000001 0 0 0 0.2 1 0 0 0.6000000000000001 0.2 0 0.6000000000000001 0.4 0.8 0.4 0 0 0 0 0.4 0.4 0 0 0 0 0.4 0.8 0.6000000000000001 0 0.6000000000000001 0 0 0 0 0.2 0 0 0 9 0 0.4 0 0.4 1 0 0 0.4 0.2 0.4 4.2 0 4 0 0 0 9.4 0 0 2.6 0 0 2 0 0.2 3.6 2.2 3.6 2.4000000000000004 4 0 0 0 0 0 0 0 0 0 0 0 0 0 0 0.4 0 0 0 0 0 0 0 0 0 0 0 0 0 0 0 0 0.2 0 0 0 0 0 0 0 0 0 0 0 0 0 0 0 0 0 0 1 0 0.4 0 0 0 0 0 0 0 4.6000000000000005 4.4 1.2000000000000002 0 0 0 0 4.4 10 0 4 0 2.4000000000000004 4 0 0.2 2.2 1.2000000000000002 2.4000000000000004 8.200000000000001 0 0 0 0 0 0 0 0 0 0 0.2 0 0 0 0 0 0 0 0 0 0 0 0 0 0 0 0 0 0 0 0 0 0 0 0 0 0 0 0 0 0 0 0 0.2 0 0 0 0 0 13 0 0 0 0 0 0 0 0 0 0.2 0 0 0 0 0 0.4 0.2 0.2 0.4 0 0 0.6000000000000001 0 0 0 0 0 0 0 0 0 0 0 0 0 0 0 0 0 0 0.6000000000000001 0 0 0 0 2.2 0 0 0 0 0 0 0 0 0 0 0 0 0 0 
 27.8 7.800000000000001 4 11.600000000000001 13 25 14.200000000000001 11.4 30.200000000000003 16.2 8.200000000000001 8.8 11.600000000000001 12.4 32.6 30.400000000000002 5.800000000000001 8.4 11.4 0 0.2 0 0 0 0 1 0.4 0.2 0.4 0 0 0.8 0 0 0 0 0.8 0.2 0 0.6000000000000001 0.2 0 0.6000000000000001 0 0.2 0 0 0 0 0 0 0 0 0 0 0 0 0 0 0 0.6000000000000001 0.4 0 0 0 0 0 0 0.4 0 0 0.6000000000000001 0 0 0 0 5.6000000000000005 0.6000000000000001 0 0 7 0 0 1 0 0.4 5.800000000000001 2.2 2 0 0 6.800000000000001 4.800000000000001 1.4000000000000001 4.6000000000000005 3.2 0 4 8 4 0 0 0 0 0 0 0 0 0 0 0 0.4 0.4 0.4 0 0 0 0 0 0 0 0 0 0 0.2 0 0.8 0 0 0 0 0 0 0 0 0 0 0 0 0 0 0 0 0 0 0 0 0 0 0 7.2 0 0 0 0.4 0 0 0 0 0 1.4000000000000001 2.4000000000000004 0 0 0 0.4 3.8000000000000003 0.4 0 0 0 0 5 1.4000000000000001 0 0.6000000000000001 0 0 0 3.4000000000000004 0 0 0 0 0 0 0 0 0.4 0 0 0 0 0 0.2 0 0 0 0 0 0 0 0 0 0 0 0 0 0 0 0 0 0 0 0 0 0 0 0 0 0 0 0.2 0 0 0 0 0 0 0 0 0 0 0 0 0 0 0 0 0 0 0 0 0 0 0.4 0 0 0 0 0 3.4000000000000004 0 0 0 0 0 0 0 0 0 0 0 0 0 0 0 0 0 0.2 0 0 0 0 0 0 0 0 0 0 0 0 0 0 0 0 0 0 0 0 
 0.2 0.2 0.2 0.2 0.2 14.8 0.2 0.4 0 0 0.4 0.4 0.2 0 0.2 0.2 0.2 0 0.2 0.2 0 48.800000000000004 39.6 38.6 23.400000000000002 27 46.6 75.60000000000001 5.2 35.800000000000004 6.4 9.4 27.200000000000003 7 38.6 124.4 21.6 50.400000000000006 60.2 53.800000000000004 1.6 0 0.6000000000000001 0.4 0.8 0 0 0.2 0 0 0 0 0 0 0 0.4 14.4 0 0 1 0.4 0 0 0.6000000000000001 0 0.6000000000000001 0 0 0.4 10 0 1 0.2 0 0 0 0.6000000000000001 0.6000000000000001 0.4 0 0 0 0 0 0 0.2 0.2 0.2 0 0 0 3.6 0 0 0 0 0 0 0 0 3.8000000000000003 5.800000000000001 3.4000000000000004 3.6 0.2 7 6 2.2 2 6.4 3.4000000000000004 4.6000000000000005 0 12.600000000000001 6.2 2.2 0.2 8.200000000000001 3.6 0 0 0.4 0 0 0 0 0 0 0 0 0 0 0 0 0 0 0 0 0.8 5.4 0 0.2 0.6000000000000001 0 0 0 0 0 0 0 0 0 0.4 0 0 0 0 0 0 0 0 0 0 0.4 0 0.6000000000000001 0 0 0 0 0 0 0 0 0 0 0 0.2 0.2 0 4.2 5.800000000000001 3.8000000000000003 2 6 2 4 1.8 3 0.2 3.8000000000000003 7.2 0.2 0 6.2 3 0.8 0 0 1 0 0 0 0 0 0 0 0 0 0 0 0 0.4 0 0 0 0 0 0 0 0 0 0 0 0 0 0 0 0 0 0 0 0 0 0.4 0 0 0 0 0 0 0 0 0 0 0 0 0 0 0 0 0 0 0 1.6 0 0 16 0.2 0 2 0.4 0 0 0 0 0 0 0 0 0 0 0 0 0 0 0 0 0 4.800000000000001 0 5.4 0 0 0 0 0 0 0 0 
 0 0 0 0 0 4.6000000000000005 0.2 0.4 0 0 0 0 0 0 0 0.2 0 0 0 0 48.800000000000004 0 39.400000000000006 13 9.600000000000001 21.6 19.6 65.60000000000001 28.400000000000002 41.6 31.8 69.8 16 9.200000000000001 25.400000000000002 25 24 33.6 54.6 18 0.4 0 0 0.4 0.8 0 0 0.2 0 0 0 0 0 0 0 0.4 0.2 0 0.4 0.8 0 0.2 0 0.6000000000000001 0 0.4 0 0 0.4 6.4 0 0.4 0 0 0 0 0.6000000000000001 0 0.4 0 0 0 0 0 0 0 0 0 0 0 0.2 1.2000000000000002 0 0 0 0 0 0 0 0 1.8 1.6 0 1.8 3.8000000000000003 10.4 3.6 2.2 2.4000000000000004 4 0 0 0 4 2.2 3.4000000000000004 1.8 1.4000000000000001 1.2000000000000002 0 0 0 0 0 0 0 0 0 0 0 0 0 0.2 2.4000000000000004 0 0 0 0 5.6000000000000005 0 0.6000000000000001 0 0 0 0 0 0 0.4 0 0 0 0 0.6000000000000001 0 0 0 0 0 0 0 1.2000000000000002 0 0 0 0 2 0 0 0 0 0 0 0 0 0 0 0 0 0 0 0 1.4000000000000001 2.8000000000000003 0 0.2 0 3.6 1.6 1.6 0.2 4 2.2 1.8 0 1.2000000000000002 2.2 14.8 0.2 0 3.2 4.2 0 0 0 3.6 0 3 0.2 2.4000000000000004 0 0 0 1.6 0 2.6 0 0 0 0.2 1.6 0 0 0 0 0 0 0 0 0 0 0 0 0 0 0 0 0 0 0 0.2 0 0 0 0 0 0 0 0 0 0 0 0 0 0 0.6000000000000001 0 0.2 0.2 0 0 0 0 0 0 0 12.600000000000001 2.2 0 0 0 0 0 0 0 0 0 0 0.2 0 0.2 0 0 0 0 0 2.6 1.6 0 0 0 
 0 0.4 0 0 0.2 8.6 0.4 0 0.4 0 0 0 14.4 0 0 0.8 0.4 0 0 0 39.6 39.400000000000006 0 34.800000000000004 28.200000000000003 64.4 14.200000000000001 21.6 18.2 41.800000000000004 38.800000000000004 14.600000000000001 15.600000000000001 28.400000000000002 24 31 9.8 68.4 25 62 0 0 0.4 0.4 0.8 0 3 0.2 0 1.2000000000000002 0 0.4 0 0 0 0.4 0.2 0 1.2000000000000002 1 0 0.2 0 0.6000000000000001 0 0.2 0 0 0.4 0.2 0 0 0 0 0 0 0.6000000000000001 0 0.4 0 0 0 0 0 0 0 0 0 0 0 0 0 0 0 0 0 0 0 0.2 0 7.800000000000001 8.6 8.8 3.6 2.2 0.4 2.2 3.6 4.800000000000001 3.8000000000000003 2.4000000000000004 9.4 0 9.600000000000001 4 11.600000000000001 0.6000000000000001 8.200000000000001 0 0 0 1.8 0 0 0 0 3.2 0 0 0 0 0 0 3.4000000000000004 2.8000000000000003 1.6 0.4 0 0.2 4 0.2 0 0.8 0 0 0 0 0 0 2.2 0 0 0 0 0 0 0 0 0 0 0 0 0 0 0 0 0 3.6 0 0 0 0 0 0.4 0 0 0.6000000000000001 0 0 0 5.2 2.4000000000000004 1.8 10 3.2 0.4 0 3.4000000000000004 5.4 4.4 0.2 2.8000000000000003 0 0 5.800000000000001 2 0.2 8 3.6 0 0 0 0 0 0 0.4 0 3.4000000000000004 0 0 0 0 1 1.6 0 0 0 0 3.6 0.2 0 0 0 0 0 0 0 0 0 0 0 0 0 9 0 0 0 0 0 0 0 0 4.4 0 0 0 0 0 0 0 0 0 0 0 0.4 0 0 15.4 0 0 3.8000000000000003 0 0 0 0 0 0 0 0 0 0 0 0 0 0 0 0 0 0 2.8000000000000003 0 0 0 0 0 0 0 0 0 0 
 0 0.6000000000000001 0 0 0 0 0.4 0 0 0 0 0 0.6000000000000001 0.6000000000000001 0 0 15.8 0.4 0 0 38.6 13 34.800000000000004 0 78.4 11.200000000000001 19.200000000000003 32.6 135 40.800000000000004 98.80000000000001 52.2 16 26.200000000000003 29.400000000000002 21.6 42 36.2 20.6 30.8 0 0.4 0 0.4 0.6000000000000001 0 0 0.4 0 0.2 0 0 17.2 12.4 12.4 1 0 0 6.800000000000001 0.8 0 0 0 0.6000000000000001 0 0.2 0 0 0.4 0.6000000000000001 0 0 0 0 0 0 7.800000000000001 0.4 0.4 0 0 0 0 0 0 0 0 0 0 0 0 0 0 0 0 0 0 0 0 0 0 2.4000000000000004 0 0 2 1.8 1.6 0 10 0.6000000000000001 8.8 3.6 0 4.4 0 0 0 0 0 0 2.2 1.8 0 0 0.2 0 0.2 0 0 0 0 2.2 1.8 0 3.2 3 0 2.6 7.6000000000000005 2 0 0 0 0 0 0 0 1.8 0 0 0 0 0 0 0 0 0.8 0.4 0 0.6000000000000001 0 1.4000000000000001 0 0 0 0 0 0 0 4.800000000000001 1 0 0 0 0 0 0 0 0 2.4000000000000004 2.4000000000000004 4.800000000000001 0.2 1.2000000000000002 1.6 2.2 0 0.8 0 0 1.6 7 0 0 2.2 0 3.4000000000000004 0 0 0 3.2 0 0 0 0 0 0 2.8000000000000003 3 0.2 0 0.2 4.2 3.6 4.4 0.6000000000000001 2 0 0 5.2 0.4 0.4 0 0 0 0 0 0 0 2.4000000000000004 0 0 0 0 0 0 0 0 0 0 0 0 0 0 0 0 0 0 0 0 0 0 0 0 1.8 0.4 0 15 0.4 0.2 4.6000000000000005 0 0 0 0 0 2.2 0 0 0 0 0 0 0 0 0 0 0.2 0 0 0 1.8 0 0 4.6000000000000005 2.6 2.8000000000000003 0 0 0 
 0 0 0 0 0 0.2 0 0.6000000000000001 0 0 0 13.200000000000001 0.4 0 0.2 0 0 15.8 0 0 23.400000000000002 9.600000000000001 28.200000000000003 78.4 0 51.800000000000004 11.600000000000001 12 76.80000000000001 107.60000000000001 52.6 32.800000000000004 19 11.8 26 16.8 32 25.200000000000003 15.8 23.400000000000002 0 1.2000000000000002 15.4 0.4 0.8 0 13.8 12.8 0 1 0 0 35.4 0 12.600000000000001 0.4 0 0 13.8 0.6000000000000001 0 0 0.4 0.6000000000000001 0 1.2000000000000002 0 0 0.4 0.2 0 0 1 0 0 0 0.6000000000000001 0 0.4 0 0 0 0 0 0 0 0 0 0 11.4 0 0 0 0 0 0 0 0 0 0 0 1.6 1.6 0 7.800000000000001 2.4000000000000004 0 0 0.2 2 4 2.4000000000000004 0 1.2000000000000002 0 2.4000000000000004 0 1.4000000000000001 0 0 1.8 7.6000000000000005 2 0 0 0 2 0 0 0 0 0 1.4000000000000001 6 1.8 3.4000000000000004 0 0 2 7.800000000000001 0 0.8 0 0 0 0 0.2 1.2000000000000002 0 0 0 0 0 0 0 0 1 0 0 0.8 0 0 0 0 0 0 0 0 0 0 0 0 0 1.4000000000000001 0 0 0 0 0 0 0 0 7 13 5.4 0 0 0 0 8.200000000000001 4.4 5.6000000000000005 0 0 2.6 1.4000000000000001 5 0 0 0 6 0 0 3 0 0 2.6 4 2.6 0 4 4.6000000000000005 6.4 0 0 0.6000000000000001 0.2 1.4000000000000001 7.2 0 0 0 0 0 0 0 0 0 0 0 0 0 0 0.4 0 0 0 0 0 0 0 0 2.4000000000000004 0 0 0 0 0 0 0 0 0 0 0 0.4 0.2 0 0.4 15.4 0.8 0.4 0 0 0 0 0 0 0 0 0 0 0 0 0 0 0 0 0 0 1.6 0 0 0 0 0.2 0.2 0 0 0 0 
 1.2000000000000002 0.6000000000000001 0.6000000000000001 1 0.6000000000000001 0.6000000000000001 0.6000000000000001 1 0.6000000000000001 0.6000000000000001 0.6000000000000001 0.6000000000000001 1.2000000000000002 0.6000000000000001 0.6000000000000001 1 0.6000000000000001 0.6000000000000001 0.6000000000000001 1 27 21.6 64.4 11.200000000000001 51.800000000000004 0 6.800000000000001 7.4 14.600000000000001 83.4 114.2 39.400000000000006 8.8 13.200000000000001 40.2 37.2 11 24.6 51.6 16 0 13 0 0.6000000000000001 1.6 0 6.800000000000001 0.6000000000000001 0 0 0 0.4 6 0 0 0.4 0 0 22.6 0.6000000000000001 0 0 0 0.6000000000000001 0 0.6000000000000001 0 0 0.4 0.8 0 0 0.4 0 0 0 8 1.6 0.6000000000000001 0 0 0 0 0 0 0 0 0 0 0 0 0 0 0 0 0 0 0 0 0 0 5.4 3.6 0.2 4.4 6 0 0 2.6 1.8 3.8000000000000003 4.6000000000000005 0 1.8 0 4 0 3.8000000000000003 0.4 0 0 2.6 0.4 0 0 0 0 0 0 0 0 2 0 0 1.8 3.2 0 0 7.6000000000000005 2.2 1.6 0.2 0 0 0 0 0 0 0 1.8 0 0 0.8 0 0 0 0 0 0 0 0 0.4 0 0 0 0 0 0 0 0 0 0 0 0 0 0 0 0 0 0.2 0 2.6 2 3.4000000000000004 2.6 0 3.2 2 0 6.2 0 7.6000000000000005 0 0 3.8000000000000003 2.6 3.2 3.8000000000000003 0 3.4000000000000004 3.2 0 0 2.8000000000000003 0 0 4 5.6000000000000005 0 0.4 0 0 0 0 1.6 1.8 0 0.2 0 6.4 0 0 0 0 0 0 0 0 0 0 0 0 0 0 0 8.6 0 0 0 0 0 0 0 0 0 0 0 0 0 0 0 0 0 0 1.6 0 0.8 1.6 0.2 0.2 1 3.4000000000000004 0 0 0 0 2.6 0 0 0 0 0 0 0 0 0 0 0 0 2.2 0 0.2 0 0 4 0 2 0 0 0 
 0 0 0 14.4 15 3.6 0 0.4 0 4.2 14.600000000000001 20.400000000000002 0 0 0 0.4 0 0 0 0.4 46.6 19.6 14.200000000000001 19.200000000000003 11.600000000000001 6.800000000000001 0 49.400000000000006 53.6 5.2 13 8.6 54.400000000000006 40.400000000000006 8.8 20.6 7 6.800000000000001 32.800000000000004 24.6 2 0 0 0.4 1 0 0 0.2 0 0 0 0 0 0 0 0.4 0 0 0 0.6000000000000001 0 0 0 0.6000000000000001 0 0.6000000000000001 0 0 0.4 0 0 0 0.2 0 0.6000000000000001 0 0.6000000000000001 0 0.4 0 0 0.8 0 0 1.8 4.800000000000001 0 0.2 0 4.6000000000000005 4.2 3.4000000000000004 0 0 0 0 0 0 0 0 6.800000000000001 2.2 2 3.6 0 0 5.800000000000001 4 0.2 2.6 0 0 5.2 1.8 2.4000000000000004 0 0 7 6.4 3.6 0 0 0 0 0 0 0 0 0 0 4.4 0 0 0 0 0 0 0 0.4 0 0 0 0 2.4000000000000004 0 2.6 0 0 0 0 0 0 0 0 0 0 0 0 0 0 0 0 0 2.4000000000000004 2.6 6.800000000000001 0 0 0 0.2 3 0 0 0 0 0 0 0 0 0 7.4 4.2 0 0 0.8 3.6 1.8 2.8000000000000003 2 4.2 5.2 0 11.200000000000001 1.4000000000000001 11.4 0 4 7 3.6 5.2 0 0 0 0 0 0 0 0 0 0 0 0 0 0 0 0 0 0 0 0 0 0 0 0 0 0 0 0 0 0 0 0 0 0 0 0 0 0 0 0 0 0 0 0 0 0.4 0 0 0 23 0 0 0 0.2 1 0 0.2 0.2 0 0.4 0.4 0.2 0 0 0 0 0 0 13 0 0 0.4 0 0 0 0 0 0 0 0 0 0.2 0 0 0 0 0 0 0 0 
 0.2 1 0.6000000000000001 0.2 42.2 0 0.2 0 0.2 0 0.6000000000000001 0.2 0.2 0.2 0.2 0.2 0.4 0 0.2 0.2 75.60000000000001 65.60000000000001 21.6 32.6 12 7.4 49.400000000000006 0 15.8 40.800000000000004 21.8 21 21.200000000000003 37.2 11 96 51.400000000000006 52.800000000000004 15.200000000000001 43 0 12.4 0 0.4 0.8 0 0 0.2 0 0.2 0 0 0 1 0 0.4 0 0 0 0.8 0 0 0 0.6000000000000001 0 0.6000000000000001 0 0 0.4 0 0 0.2 0.2 0 0 0 0.6000000000000001 0 0.4 0 0.2 0 0 0 0 0 0 0 0 0 0 0.2 0 0 0 0 0 0 0 0 6 0.4 0 2 0 4.800000000000001 2.4000000000000004 2.6 0 12.200000000000001 0 0.4 0.4 4 3.8000000000000003 1.6 2.2 0 0 1.8 0.2 0 0 0 0 0 0 0 0 0 0 0 0 1.8 0 0 0 0 2 0.2 0.4 0 0.8 0 0 0 0 0 0 0 0 0.2 0 0 0 0 0 3 0 0 0 0 0 0 0 2.6 0 0 0.2 0 0 0 0 0 0 0 0 0 0 0 5.2 4.2 3.2 0 3.4000000000000004 5 0 0 7 1.8 1.6 2.2 0 3.6 0 0.2 3.8000000000000003 0.4 4.6000000000000005 0 0 0 0 0 0 0 0 0 0 0 0 0 1.6 0 0 0 0 0 0 3 0 0 0 0 0 0 0.4 0 0 0 0 0 0 0 0 0 0 0 0 0 0 0 0 0 0 0 0 0 0 0 0 0 0 0 1 0 0.4 0 15.4 0 1 0 0 0 0 0 0 0 0 0 0 0 0 0 0 0 0 0 0 0 0 0 0 0 0 0 1.4000000000000001 0 0 0 
 0.2 0.4 0.4 41.800000000000004 15.4 22 0.2 14.8 0 0.4 0.4 15.4 0.8 0.2 0.4 1 0.4 0.8 15.600000000000001 0.4 5.2 28.400000000000002 18.2 135 76.80000000000001 14.600000000000001 53.6 15.8 0 65.4 35.4 18.400000000000002 23.8 21.400000000000002 51.800000000000004 46.800000000000004 23.6 6.2 61 28 0 0 0 0.4 0.6000000000000001 0 0 0.4 0 0 0 0 24.8 0.2 0 0.4 0 0 0.2 1 0 0.4 0 0.6000000000000001 10.4 0 0.2 0.6000000000000001 0.4 0 0.4 0.4 0 0 0 0.4 0.6000000000000001 0.6000000000000001 0.4 0 0 0 0 0 0 0 0 0 0 0 0 0 0 0 0 0 0 0 0 0 0 3.6 8.8 0 3.6 0 2.8000000000000003 3 4.2 0 3 3.8000000000000003 0 0 0 2.8000000000000003 3.6 1.8 0 2.4000000000000004 1.6 0 0 1.8 0 0 0 0 0 0 0 0 0 0 0 0 0 0 0.2 0 0 0.6000000000000001 0 0 0 0 0 0 0 0 0 0 0 0 0 0 0 0 0 0.6000000000000001 0 5 0 0 0 0 0 0 0 0 0 0 0 0 0 0 0 0 0 0 0 0 4.4 3.4000000000000004 1.6 0 0 0.2 1.8 3.8000000000000003 0 6.4 3.8000000000000003 3.6 4.4 4 3 4.800000000000001 3.6 8 0 4 0 0 0 0 2.6 0 0.8 0.4 0 0 3 0.4 1.4000000000000001 0 0 0 0 2.2 0 0 0 0 0 0 0 0 0 1.6 0 0 0 0 0 0 1.2000000000000002 0 0 0 0 0 0 0 0 0 0.4 0 0 0 0 0 0 0.4 0.2 0.2 0 0 0.2 0.4 1.2000000000000002 3.2 0 0 0 0 0 0 0 0 0 0 0 0 0 0.4 0.4 0 0 0 0 2 0 0 0 2.4000000000000004 0 0 0 0 
 0 0.2 14.8 0 0 0 0 0 0 0.2 0 0 0.6000000000000001 0 0 0 0 0.4 0 0 35.800000000000004 41.6 41.800000000000004 40.800000000000004 107.60000000000001 83.4 5.2 40.800000000000004 65.4 0 27.8 35.4 16.400000000000002 14 14.600000000000001 34.6 6.2 23 17 28 0 0.4 0 0.4 0.8 0 1.6 0.4 0 0 0.2 0 0 0 0 0.4 0.2 0 1.8 0.8 0 0 0 0.6000000000000001 0 0.2 0 0 0.4 0.2 0 0.4 0 0 0 0 0.6000000000000001 0 0.4 0 0 0 0 0 0 0 0 0 0 0.2 0 0 0 0 0 0 0 0 0 0 5.2 1.8 2.2 0 4.800000000000001 3.4000000000000004 2.8000000000000003 0.4 0 3.6 3.8000000000000003 3.2 0 6.6000000000000005 4.2 0 0 2.6 0 0 0 2.4000000000000004 0 0 0 0 0.2 0 0 0 0 0.2 0 5.800000000000001 1.2000000000000002 2 0 0 0.2 2.2 1.2000000000000002 0 0 0 0 0 0 0.4 0 0 0 0 0.4 0 0 0 0 0 0 0 0 0 0 0 0 0 0 0 0 3.8000000000000003 0 0 0 0 0 0 0 0 0 0 0 4.800000000000001 0 4.4 1.8 0 4.6000000000000005 1.8 2.4000000000000004 1.4000000000000001 3 11.200000000000001 0 0 4.800000000000001 0.2 0.4 0 0 2.8000000000000003 4.2 0 0 0 0 0 1.4000000000000001 4.6000000000000005 2.2 0 0 0 4.2 0 0.2 4.6000000000000005 0 0 6 8.4 0 0.4 0 0 0 0 0 0 0 0 0 0 0 0 0 0 0 0 0 0.2 0 0 3 0 0 0 0 0 0 0 0 0 0 0 1.4000000000000001 0.6000000000000001 0 16.2 0.6000000000000001 0 0.4 0.6000000000000001 0 0 0 0 2.8000000000000003 0 0 0 0 0 0 0 0 0 0 0.2 0 8.8 0 0 0 0 0.2 0 2.6 0 0 0 
 11 0.6000000000000001 0 0 0 14.8 0.2 0 0 0 0 0 0 0 0 0.6000000000000001 0 1.6 0 0 6.4 31.8 38.800000000000004 98.80000000000001 52.6 114.2 13 21.8 35.4 27.8 0 24.400000000000002 36 21.6 34.6 30.200000000000003 34.6 30 9 28.6 0 0 0 0.4 0.8 0.4 0.6000000000000001 0.4 0 0 0 0.6000000000000001 0 12.600000000000001 11.4 13.4 0.2 0.2 13 0.8 0 11.600000000000001 0 0.6000000000000001 0 0 0 0.2 0.4 0.2 0 0 0.6000000000000001 0 0 0.4 0.6000000000000001 0 1 0 0 0 0 0 0 0 0 0 0 0 0 0 0 0 0 0 0 0 0 0 0 0 2.4000000000000004 1 7.800000000000001 4 0.4 0 1.8 3 6.6000000000000005 0 0 4 0 2.4000000000000004 6.2 2.6 0 1.8 1.8 3 0 0 0 0 4 0 0 3.8000000000000003 0 0 1.2000000000000002 3 1.6 5 3 0 2.4000000000000004 6.2 0 0 0 0 0 0 0 1 0 0 0 0 0.4 0 0 0 1.6 0 0 0.6000000000000001 0 0 0 0 0 0 0 0 0 0 0 0 0 0 0 0 0 0 2.4000000000000004 0 0.4 7.4 4 6.4 2.8000000000000003 3.6 0 0 0 0 0.6000000000000001 2.8000000000000003 4 2.6 2.2 1.6 2 4.2 0 2 2.2 0 0.2 0 0 0 2.6 4.4 0 0 0 0 4 0 0.2 2 3.6 0 6.800000000000001 1.8 0 0 0 0 0 0 0 0 0 0 0 0 0 0 0 0 0 0 0 0 0 0 2.4000000000000004 0 0 0 0 0 0 0 0 0 0 0 0 0 0 8.200000000000001 0 0 0.6000000000000001 0 0 0 0 12.4 2.8000000000000003 0 0 0 0 0 0 0 0 0 0 0 0 2.6 0 0 0 0 0.2 0 2.2 0 0 0 
 0.6000000000000001 0.6000000000000001 0.6000000000000001 0.6000000000000001 0.6000000000000001 0.6000000000000001 0.6000000000000001 0.8 0.6000000000000001 0.6000000000000001 0.6000000000000001 0.6000000000000001 0.6000000000000001 0.6000000000000001 0.6000000000000001 1.4000000000000001 0.6000000000000001 0.6000000000000001 0.6000000000000001 0.8 9.4 69.8 14.600000000000001 52.2 32.800000000000004 39.400000000000006 8.6 21 18.400000000000002 35.4 24.400000000000002 0 7.800000000000001 8 20.200000000000003 12.8 28 12.600000000000001 7 22.400000000000002 0 0 0 0.4 0.6000000000000001 0 0 0 0 0.2 0 0 23.400000000000002 6.800000000000001 1.4000000000000001 0.4 0.2 0 12.600000000000001 0.6000000000000001 0 0 0 0.6000000000000001 0 0.6000000000000001 0 0 0.4 0 0 0.2 0.4 9.200000000000001 0 0 0.6000000000000001 0 0.6000000000000001 0 0 0 0 0 1 0.8 0 0 0 0 0 0 0 0 0 0 0 0 0 0 0 0 0 0 5.800000000000001 4 0 0 1.8 0 4.800000000000001 2.6 0 0 0 0 0 0 0 0 0 0 0.2 0 0 0 0.2 0 0 0 0 1.8 0 4.4 0.8 0 0 0 2.4000000000000004 0 0.2 0.6000000000000001 0 0 0 0 0 0 0 0 0 0 0.2 0 0 0 0 0 0 0 0 0 0.4 0 0 0 0 0 0 0 0 0 0 0 0 0 0 0 0 0 0 2.8000000000000003 2.2 3.6 0.2 0 0.2 0.2 0 4.6000000000000005 5.2 11.200000000000001 0 0 0 0 3 0 0 0.2 5.800000000000001 0 0 0 2 0 0 0.4 6.4 0 6.2 0 7 3.6 2.8000000000000003 2 0 0 0 11.600000000000001 0 0 0 0 0 0 0 0.4 0.4 0 0 0 0 0 0 0 0 0 0 0 0 0 0 0 0 0.2 0 0 0 0 0 0 0 0.4 1.6 0 0.2 14.8 0 0 0.4 2.8000000000000003 0 0 0 0 1.6 0 0 0 0 0 0 0 0 0 0 0 0 0 0 3 0 0 2.8000000000000003 3.6 1.6 0 0 0 
