 0 43.800000000000004 18.6 29 8.6 25 30.200000000000003 27.8 26.8 47 25 43.800000000000004 28.200000000000003 30 46.800000000000004 27.8 22.8 43.800000000000004 6.800000000000001 24.8 0 0.6000000000000001 0.4 0.6000000000000001 1.2000000000000002 0.6000000000000001 0.4 0.4 0.4 0.4 0.8 1.8 15.200000000000001 0 0 0 0 0.4 0 0.4 0 12.8 0 0 0 0.8 0.4 0 0.6000000000000001 0.4 0.6000000000000001 0 0 0 0 0.6000000000000001 0.4 0 0 0 0.6000000000000001 0 0.6000000000000001 0.4 0 0 0.4 10.200000000000001 0.4 0 0.2 0 0 0 0 0 0 0.4 1 0 3.2 6.6000000000000005 0 7.2 0.2 5.6000000000000005 0 0 7.2 6.800000000000001 3.2 0 0 7.800000000000001 7.6000000000000005 2.2 2.2 2 2 6.4 0 0 0.4 0 0 0 0 0 0 0 0 0 5 0 0 0 0 0 2 0.2 0 0.2 0 0 0 0 0 0 0 0 0 0 0.2 0 0 0 0 0 0 0 0 0 0 0.6000000000000001 0 0 1.2000000000000002 0 0 0 1.6 0 0 2 0 0.4 0 0 0 0 0.8 0 4.2 7 6 4 0 4.6000000000000005 6.4 2.8000000000000003 2.8000000000000003 0.4 2.2 2.6 3.6 0.6000000000000001 2.4000000000000004 0.4 0 0 0 0 0 0 0 0 0 0 0.2 0.2 0 0 9 0 0.2 0 0 0 5.800000000000001 4.4 0 0 0 0 0 0 0 0 0 0 0 0 0 0.4 0 0 0 0 0 0 0 0 0 0 0 0 0 0 0 0 0 0 0 0.4 0 0 0 0 0 0 0 0 0 0 0 0 0.6000000000000001 0.4 0 0 0.6000000000000001 1 0 0 0 0 0 0 0 0 0 0 0 0 0 5.6000000000000005 0 0 0 0 0 0 0 0 0 0 0 0 0 0 0 0 0 0 0 0 0 0 0 0 
 43.800000000000004 0 63 73.60000000000001 19.8 52.800000000000004 17.6 44.800000000000004 56.800000000000004 30 6.4 6.4 13.600000000000001 19.200000000000003 13.600000000000001 58 22 7.4 65.8 29.6 0 0 0.4 0 8.8 0.6000000000000001 0 0.4 0 0.4 0.6000000000000001 0 0 0 0 0 0 0 15.600000000000001 1 0 0.8 0 0 12.600000000000001 0 0 0 1 0.4 1 0 0 0 0.6000000000000001 0.6000000000000001 0.2 0 0.4 0.2 0.6000000000000001 0 0.4 0.4 0 0 0.4 6.2 0 0 0.2 0 0.4 0 0 0 0 0.4 0.6000000000000001 0 3.2 0.2 3.8000000000000003 0 0 0 2 7.6000000000000005 0 3.2 0 2.6 0 0.2 2 1.2000000000000002 5.4 5.6000000000000005 0.2 1.8 0 0 0 0 0 0 0 0 0 0 0 0 2 0 0 0 0 0 0 1.8 0.2 0 0 0 0 0 0 0 0 0 0 0 2.4000000000000004 0 0 0 0.2 0 0 0 0 0 0 0 0 0 0 0 0.4 0 0 0 0.4 0 0 0 0 0 0 0 4 3.2 3.8000000000000003 2 7.6000000000000005 2.8000000000000003 5 1.8 8.6 1.8 8 1.8 7.6000000000000005 2.6 2.8000000000000003 2 1.2000000000000002 2 0 0 0 3.4000000000000004 0 0 0 0 0 0 0.2 0 0 0.4 0 0 0 0 0 0 1.8 0 0 0 0 0 0 0 0 0 0 0 0 0 0 1.8 0 0 0.4 0 0 0 0 0 0 0 0.4 0 0 0 0 0 0 0 0 0 0 0 0 0 0 0 0 0 0 0 0 0 0 0 0.4 0 0 0.4 0 0 0 0 0 0 0 0 0 0 0 0.2 0 0 0 0 0 0 0 0 0 0 0 7 0 0 0 0 0 0 0 0 0 0 0 0 0 0.2 
 18.6 63 0 48 22.400000000000002 21 18 24.400000000000002 13.200000000000001 8.200000000000001 15 24.200000000000003 40.6 6.6000000000000005 70.4 24.8 10.8 29.6 7.800000000000001 7.800000000000001 0 0 0.4 0 0.6000000000000001 0.6000000000000001 15.200000000000001 2.4000000000000004 0 0.4 0.6000000000000001 0.2 16.6 0 0.2 0 0 0 0.8 14.8 0 12.8 0 0 0 0 0 0 0.6000000000000001 0.4 0 0 0 0 0 0.6000000000000001 0.4 0 0.6000000000000001 0 0.2 0 0.6000000000000001 0.6000000000000001 0 0 0.6000000000000001 0 0 0 0.6000000000000001 0 0 1 0 0 1.2000000000000002 0.6000000000000001 0 0 0 0 3 5.2 16.8 0 0 0 6.4 0 0.2 6 0 0 0 5.2 6.800000000000001 3.6 0 0 0.6000000000000001 0 0.6000000000000001 0 0 0 3 0.8 2.2 0 0 0 0 0 2.2 0 0 0 3.6 1.4000000000000001 0 0 0 0 0 0 0 0 0 0 0 0 0 0 0 0.4 0.4 0 0 0 0 0 0 0.8 0 0 0 0.4 0 0 0 3.4000000000000004 0.2 0 0 0.4 0 0 0 0 1.8 0 0 0 1 1.8 2.8000000000000003 1.2000000000000002 0 0 6.2 7.800000000000001 3.2 1.8 3 0 11.200000000000001 5 3.4000000000000004 0.4 0 0.8 2.2 0 0 5.6000000000000005 0 0 0.2 0 0.2 0 3.8000000000000003 5.4 0 0 2.8000000000000003 1.6 3.8000000000000003 2.6 0 0 0 0 0 0 0 0.2 0 0 0 0 0 3.2 0 0 0 0 0.4 0 0 0 0 0 0.2 0 0 0 0 0 0 0 0 0 0 0 0 0 0 0 0 3.2 0 0 0 0.2 21.200000000000003 0.2 0.4 17.6 0.2 0.4 0 0 0 0 0.2 0 0 0 0 0 0 0 0 0 0 0 0 0 0 0 0 0 0 0 1.6 0 0 0 0 0 0 0 0 0 0 0 0 0 
 29 73.60000000000001 48 0 56.6 28 16.400000000000002 61 24.400000000000002 60 25.6 37.2 10.8 29.200000000000003 96 9 9.600000000000001 11.8 12.8 9 0 0 0.4 0 0.6000000000000001 0.6000000000000001 0 0.4 0 0.4 0.6000000000000001 0 0 0 9 0 0.2 0.2 8.8 15 7.800000000000001 13 0 0 0 0 0 0 0.6000000000000001 0.4 0.2 0 0 0 0 0.6000000000000001 0.6000000000000001 0 2.2 0 0.4 0 0.6000000000000001 0.6000000000000001 0 0 0.6000000000000001 0 0 0 0.6000000000000001 6.4 0 0 0 0 0 7.800000000000001 0 0 0 3.8000000000000003 2 3.8000000000000003 6.6000000000000005 0.6000000000000001 0 0 4.2 0 9.200000000000001 7 0 0.2 4.6000000000000005 9.4 5.2 0.8 0 0 0.6000000000000001 0 2 0 0 0 2.4000000000000004 0 0.2 0 0 0 0.4 0 0 2.4000000000000004 0 0 0 2.2 0 0 0 0 0.2 0 0 0 0 0 0 0 0 0 0 0 0 0.2 0 3 0 0 0 3.2 0 0 0 0 0 0 0 0.4 0 0 2.4000000000000004 0.4 0 0 0 0 0 0 2.8000000000000003 1.4000000000000001 6 5 0 0 0 3.2 0.2 7 0.2 0 0 0 3.2 2 0.6000000000000001 0 0 2.6 0.4 0 0.4 0 0 4.800000000000001 0 0 1.6 0 4 0 0 0 6.2 2 6.4 3 0.6000000000000001 0 0 0 0 0 0 0 0 0 2.2 0 0 0 0 0 0 0 0 0 0 0 0 0 0 0 0 0 0 0 0 0 0 0 0 0 0 0 0 2.4000000000000004 0 0 0 0 0 0.4 0 0 0.6000000000000001 17.8 0 2 1.8 0 0 0 0 0 0 0 0 0 0 0 0 0 0 0 0 0 0 0 0 0 0 2.6 2.6 0 0 0 0 0 0 0 0 0 0 0 0 0 
 8.6 19.8 22.400000000000002 56.6 0 37.2 10.4 19.8 35.2 42 23.200000000000003 28 56.2 13.200000000000001 29.200000000000003 16.6 69.8 32 14.200000000000001 17.8 0 15 0.4 0 0.6000000000000001 0.6000000000000001 15 0.6000000000000001 14.8 0.6000000000000001 0.6000000000000001 0 0 0.4 0 0 0 0 19.200000000000003 35.2 0 13 0 0 0 0 0 0 1.2000000000000002 0 0.4 0 0 0 0 0.6000000000000001 0.2 0.4 0.2 0 0.4 0 0.6000000000000001 0.6000000000000001 0 0 0.6000000000000001 0 0 0 0.6000000000000001 0 0 0 0 0 0 7 0 0 0 0 0 0 5.800000000000001 0.4 0 0 4.800000000000001 0 2.2 6.2 0 0 1.2000000000000002 0 7.2 2.2 0 0 0 0 0 3 0 0 2.8000000000000003 0 0 0 0 0 10.200000000000001 0 3 0 7.2 0.2 2.6 8.6 0 0 0 0 0 0 0 0 0 0 0 0 0 0 0 0 2.6 0 0 0 0 0 0 0 0 2.6 0 0 0 0 0 0 0 0 0 0.4 0 0 0 0 2.6 0 2.2 0 3.8000000000000003 5.2 0 0 0 0 0 1.4000000000000001 0 0 0 0 4.2 1.2000000000000002 1.2000000000000002 0 3.6 11 0.2 11.200000000000001 0.6000000000000001 0 2.8000000000000003 0 0 0 0.2 0 5.2 0 0 0 6.800000000000001 1.8 7 3.6 0 0 0 0 0 0 1.6 0 0 0 0 0 0 0 0 2 0 4.6000000000000005 0 0.4 0 1.8 0 0 0 0 0 0 0 0 0 0 0 0 0 0 0 0 0 0 0 0 0 0 0 0.2 0.6000000000000001 0.4 0.2 0.8 0.4 0.4 0 0 0 0 0 0 0 0 0 0 0 0 0 16.2 0 0 0 0 0 0 0 0 0 0 4 3.8000000000000003 0 0 0 0.4 0 0 0 0.2 0 0 0 0 
 25 52.800000000000004 21 28 37.2 0 6 22.8 21 14.4 52.6 31 8.8 12.200000000000001 10.8 40.400000000000006 95.60000000000001 12.600000000000001 27.200000000000003 59.400000000000006 0 55.2 0.4 0 1.2000000000000002 0.6000000000000001 27.400000000000002 16 4.800000000000001 0.4 0.6000000000000001 0 5.6000000000000005 31.400000000000002 15 0 0 0 15 27 13.200000000000001 12.8 0 0 0 0.2 0 0 0.6000000000000001 0 0.6000000000000001 0 0 0 0 1.8 0 0 0 0 0.6000000000000001 0 0.4 0.4 0 0 0.4 0 0 0 0 10.200000000000001 0 0 0 0 0 0.4 0.6000000000000001 0 0 3 7.2 1.8 2 6.2 0 0 2 1.6 0 1.2000000000000002 0 0 1.4000000000000001 0 0 2.4000000000000004 0 0 2.2 0 0 1.8 2 3 2 0 0 0 0 0 1.8 0 2.2 0 0 2.2 5 9.8 0 0 0 0 0 0 0 0 0 0 0 0 0 0 0 0 0 0 0 0 0 0 0 0 0 0.2 0 0 0 0 0 0 0 0 0 0.2 0 0 0 0 0 0 0.2 3.2 0.2 4 0 1.6 2.8000000000000003 0 1 0.2 0 0 0 2.8000000000000003 3.4000000000000004 0.4 0 0 3 4.4 2.6 6.2 0.2 0.8 4.2 0 0.4 0 0.2 0 3 4.4 0 0 4 1 7.800000000000001 0 0.2 0 0 0 0 0 0 0 0 0 0 0 0 0 0 0 0 0 0 0.2 0 0 0 0 0 0 0 0 0 0 0 0 0 0 0.4 0 0 0 0 2.6 0 2 0 0 0 0 17.2 1 0.6000000000000001 0.2 0.2 0.4 0 0 0 0 0 0 0 0 0 0 0 0 0 0 0 0 0 0 0 0 0 0 0 0 0 0 0 0 0 2 0 0 0 0 0 0 0 0 
 30.200000000000003 17.6 18 16.400000000000002 10.4 6 0 36 28.8 65 25.6 28.8 46 44.6 44.6 26 25.200000000000003 9.200000000000001 28 9.200000000000001 0 0 0.4 0 0.6000000000000001 1 0 0.4 0 0.4 0.8 0 0 0 0 0 0.4 0 0 0 0 0.4 0 0 0 0 0 0 0.6000000000000001 0.4 13 0 14.200000000000001 0 0 0.6000000000000001 0 0 0 0 0.6000000000000001 0.4 0.6000000000000001 0.6000000000000001 0 0 0.4 0 0 0 0.4 0 0 0 0 0 0 0.6000000000000001 0.4 0 5.4 0 2.2 0 0 3.2 10 3.6 2.2 5 0 0 7.6000000000000005 2.6 1.8 1.2000000000000002 0 3.6 0 0 0 0 0 0 0 0 0 0 0 0 0 0 0 0 0 0 0 0 0 0 0 0 0 0 0 0 0 0 0 0 0 0 0 0 0 0 0 4 0 0 0 0 0 0 0 2.2 0 0 0 0 0 0 0 0 0 0.2 0 0 0 0 5.4 2.4000000000000004 2 7.2 0 0.2 4 4.6000000000000005 2.2 2 2.8000000000000003 0 0 6.4 3.8000000000000003 2 0 2.2 2.8000000000000003 0 0 0 0 0 0 0 0 0 0 0 0 0 0 0 0 0 0 0 0 0 0 0 0 0 0 0 0 0 0 0 0 0 0 0 0 0 0 0 0 0 0 0 0 0 0 0 0 0 0 0 0 0 0 0 0 0 0 0 0 0 0 0 0 0 0 0.8 17.6 0 0 0 0.2 1 0 0 0 0 0 0 0 0 0 0 4.2 0 0 0 0 0 0 0 0 0 0 0 0 2.2 0 0 0 0 0 0 0 0 0 0 0 0 0 0 
 27.8 44.800000000000004 24.400000000000002 61 19.8 22.8 36 0 128.4 15 16.8 10 22.400000000000002 32.2 54.2 64.60000000000001 24.400000000000002 8.4 15.8 36.6 0.6000000000000001 0 0.8 0 1 0.6000000000000001 0.4 0.4 0 0.4 1 0 0 0 0 0 0 0.4 0 0 0 0.4 0.6000000000000001 0 0 1.6 0 0.6000000000000001 0.6000000000000001 0.4 0.8 0 0 0 0.6000000000000001 1 0.2 0.6000000000000001 0 0 0.6000000000000001 0.2 0.6000000000000001 0.6000000000000001 0 0 0.4 0 0 0.6000000000000001 0.2 0 0 0 0 0 0 1.2000000000000002 0.6000000000000001 0 2.6 0 9.600000000000001 0 0 0.4 1.4000000000000001 5 2 0.8 5.2 4 0.2 4.2 1 0 3.8000000000000003 5 6 2.2 0 0 0 0 0 0 0 0 0 0 0 0 3.8000000000000003 0 0 0.2 0 0 2 0 0.2 0 0 0 0 0 0 0 0 0 0 0 0 0 0.4 0 0 0 0.4 0 0 0 0 0 0 0 0 0.8 0 0 0 0 0 0 0 0.4 0 0 0 0 5 9.4 2.2 2.8000000000000003 0 0.2 1.4000000000000001 7.6000000000000005 7.4 1.2000000000000002 2.6 0 6.2 3.6 2.2 10.4 0 2 0 0.8 0 0 3 0 0 0 0 0 0 0 0 0 0 0 0 0 0 0 0 0 0 0 0 0 0 0 0 0 0 0.4 0 0 0.2 0 0 0 0 0 0 0 0 0 0 0 0 0 0 0 0 0 0 0 0 0 0 0 0 0 0 0 0 0 0 0 0 0 0.2 0 0.4 0.4 0 0 0 0 1.8 0 0 0 0 0 0 0 0 0 0 0 0 0 0 0 0 0 0 0.2 0 2.6 0 0 0 0 0 0 0 0 0 0 0 0 0 0 
 26.8 56.800000000000004 13.200000000000001 24.400000000000002 35.2 21 28.8 128.4 0 18.400000000000002 26 7.800000000000001 20.400000000000002 16.8 51.400000000000006 73 56.6 80 35 76 0 15 1 0 0.8 1 0 1 0 1 0.8 0 0 0 0 0 0 0 2 0 0 0.4 0 0 0 0.6000000000000001 0 0 0.6000000000000001 0 0.6000000000000001 0 0 0.4 0 1 0.8 0 1.8 0 0.6000000000000001 0 0.6000000000000001 0.6000000000000001 0 0 0.4 0 0.4 0 0.4 0 0 0 0 0 0 0.6000000000000001 0.4 0 4.4 2.8000000000000003 13.200000000000001 0 3 1.8 1.8 6.6000000000000005 0.2 3.8000000000000003 4.2 0 0 0.6000000000000001 3.6 0 5.4 8.4 0.4 0 0 0 0 0 0 0 0 0 0 0 0 0 12.4 0 0 0 0.2 0 0.8 2.8000000000000003 0 0 0 0 0 0 0.4 0 0 0.4 0 0 0 0 0 0 0 0 0 0 0 0 0 0.2 0 0 0 0 1 0 0 0 0 0 0 0.2 0 0 0 0 0.4 3 2.6 5 3.6 2.8000000000000003 1.6 2.6 9 2.2 5.800000000000001 1.2000000000000002 10.4 3 2 4.2 0 0 0 0.8 0 2.2 0 0 0 0 0 0 0 0 1.4000000000000001 0 0.2 0 0 0 0 0 1.8 0 0 0 0 0 0 0 0 0 0 0 0 0 0 0 0 0 0 0 0 0 0 0 0 0 0 0 0 0 0 0 0 0 3.4000000000000004 0 0 0 0 0 0.2 0 0 0 0 0 0 0 0 0 0.4 0 0 0 0 0 0 0 0 0 0 0 0 0 0 0 0 0 0 0 0.2 0.4 0 0 0 0 0 2.4000000000000004 0 0 0 0 0 0 0 0 0 0 0 0 0 0 
 47 30 8.200000000000001 60 42 14.4 65 15 18.400000000000002 0 28.6 96.2 10.200000000000001 18 61.2 27.6 68.2 90.60000000000001 21.8 22.6 0 0 0.4 0 0.6000000000000001 1 0 0.6000000000000001 0 0.4 0.6000000000000001 0 0 0 16 0 0 0 15.8 19 0 12.8 0 0 0 0.6000000000000001 0 0 0.6000000000000001 0 0.4 0 0 0 0 0.6000000000000001 0 0 0 0 0.6000000000000001 0 0.6000000000000001 0.6000000000000001 0 0 1 0 10 0 0.6000000000000001 0 0 0 0 0 0 6.800000000000001 0.2 1 0 0 0 0 6.4 4.2 0 0 7 2 6 5.4 0 3.2 5.800000000000001 2.4000000000000004 6.800000000000001 0 0 0.2 0 0 0 0 0 0 11 2.4000000000000004 0 0 0 0 0 0 0.2 3.8000000000000003 0 0 0 3.6 0 0 0 1 0 0 0 0 0 0 0 0 0 0 0 0 0 0 0 0 0 0 0 1.4000000000000001 0 0 0 0 0 0 0.6000000000000001 0 0 3.6 0 0.4 0 0 0 0.2 8.4 0 2.2 5.4 7.4 9.8 3.2 0 0.2 11.4 0 0 0 2.6 3.2 1.4000000000000001 2 2.8000000000000003 1.2000000000000002 0 0 5 0 0 0.6000000000000001 0 1.8 2.4000000000000004 0 0 0 0 3.4000000000000004 2.2 0 0 0 0 4.800000000000001 6.4 0 0 0.2 0 0 0 0 0 0 0 0 0 0 0 0 0 0 0 0 0 0 0 0 0 0 0.4 0 0 0 0 0.4 0 0 0 0 0.4 0 0 0 0.2 0 0 0 0 0 0.6000000000000001 1 0 0 4.800000000000001 0.2 0.4 3.2 0 0 0 0 0 0 0 0 0 0 0 0 0 0 0 0 0 0 0 0 0 0 3.2 3.6 0 0 0 0 0 0 0 0 0 0 0 0 0 
 25 6.4 15 25.6 23.200000000000003 52.6 25.6 16.8 26 28.6 0 10.200000000000001 5.2 6.4 30.200000000000003 17.6 36.4 42.800000000000004 6.6000000000000005 13.4 0.4 0 0.4 0.4 0.6000000000000001 0.6000000000000001 15.4 5.6000000000000005 0.4 0.4 1 0 15.600000000000001 0 0 0 0 0 7 14.8 0 25.6 0 0 0 0 0 0 0.6000000000000001 0.4 0.2 0 0 0 0 1.2000000000000002 0.8 0 0.6000000000000001 0 0.4 0 0.6000000000000001 1 0 0 0.6000000000000001 0.4 0 0 0.6000000000000001 0 0 0 2.8000000000000003 0.6000000000000001 0.6000000000000001 12.200000000000001 0 0.6000000000000001 0 0 4.2 4.2 6.800000000000001 5.4 0 0 9 2.8000000000000003 3.8000000000000003 13.4 0 0 3.8000000000000003 0 3.2 1 0 0 0.2 0 0 0 0 0 2 0 1.6 0 0.2 0 6.4 0 0 0 2.6 0 2.2 0.2 0 0 0 0 0 0 0 0 0 0 0 0 0 0 0 0 0 0 0 0 0 0 0 0 0 0.6000000000000001 0 0 0 0 0.4 1.2000000000000002 0 0 0.4 0.4 0 0 0 0 0.6000000000000001 0 0 0 0 2.4000000000000004 0 2 0.2 0.2 2.2 0.8 0 2.6 2.2 1.8 2.2 2.4000000000000004 0.6000000000000001 0 0 0 0 0 0 3.8000000000000003 0 0 0 0 0.2 0 8.200000000000001 3.2 0 0 3.4000000000000004 0 5 3.2 0 0 0 0 0 0 0 2.4000000000000004 0 0 0 0 0 0 0 0 0 0 2.8000000000000003 0 0 0 0 0 0 0 0 0 0 0 0 0 0 0 0 0 0 0 0 0 0 6 0 0 0 0 17.8 0 0.4 0 0.2 0.8 0 0 0 0 0 0 0 0 0 0 0 0.4 0 0 0 0 0 0 0 0 0 0 0 0 3.2 3.4000000000000004 0 0 0 0 0 0 0 0 0 0 0 0 
 43.800000000000004 6.4 24.200000000000003 37.2 28 31 28.8 10 7.800000000000001 96.2 10.200000000000001 0 8 6 7.800000000000001 30.200000000000003 100.60000000000001 66.60000000000001 7 50.6 0.8 0.2 1.2000000000000002 0.8 1.4000000000000001 1 16.2 5.4 0.4 1.4000000000000001 1 0.4 30.400000000000002 0.2 5.800000000000001 0.2 0.2 0.4 16.400000000000002 15.200000000000001 0.4 1.2000000000000002 0.8 0.4 0.2 0.6000000000000001 0.8 0.2 1.2000000000000002 0.8 1 0.4 0.4 0.4 0.6000000000000001 1.4000000000000001 0.6000000000000001 0 0.4 0 1.4000000000000001 0.8 1 0.6000000000000001 0 0 0.8 1.6 7.4 0.4 1 0.4 0 0 0 0.4 0.4 1.6 0.4 0 0 0 0 2.6 2 0 1.4000000000000001 0 0 2.6 0 2.8000000000000003 0 0 1.4000000000000001 1.2000000000000002 0 1.2000000000000002 0 0 1.4000000000000001 0 0 0 0 0 0.8 0 4 0.2 0 0 6.800000000000001 0 0 0.8 7.6000000000000005 0 2 4.800000000000001 0 0 0 0 0 0 0 0 0 0 0 0 0 0 0 0 0 0 0 0 0 0 0 0 0 1 0 1.6 0 0 0 0.2 0 0 0 0.4 0 0 0 0 3 0 0 3.4000000000000004 1.6 0.2 1.6 0 0 4.800000000000001 1.6 5.6000000000000005 0 0 0 0 2.2 1.4000000000000001 0 0 0 0 0 0 0 1.8 2 8 0 0 0 0 0 3.2 0 0 6.4 2.6 4.4 4.6000000000000005 0 0 0 0 0 0 0 1.8 0 0 0 0 0 0 0 0 0 0 0 0 0 0 0 0 0 0 0 0 0 0 0 2.8000000000000003 0 0 0 0 0 0 0 0 0 0 0 0 0 0.8 0.6000000000000001 0.4 0 17.8 3.4000000000000004 1.4000000000000001 1.8 0 0 0 0 0 0.4 0 0.2 0 3.6 0 0 0 0.2 0 0 0 0 0 0 0 0 2.6 2.2 2.8000000000000003 0 0 0 0 0 0 0 0 0 0 0 0 
 28.200000000000003 13.600000000000001 40.6 10.8 56.2 8.8 46 22.400000000000002 20.400000000000002 10.200000000000001 5.2 8 0 31.200000000000003 7.800000000000001 28.6 8 23.8 41.6 12 0 0 0.4 0 0.6000000000000001 0.6000000000000001 0 0.4 0 0.4 1.4000000000000001 0.6000000000000001 0.6000000000000001 0 0.4 0 0 0 0.4 40.400000000000006 0 0.4 0 0 0 1 0 0 0.6000000000000001 0.2 0.4 0 0 0 0 0.6000000000000001 0.2 0 0.2 0 0.6000000000000001 0 0.6000000000000001 0.6000000000000001 0 0 0.4 0 0 0 0.4 0.2 0 1.2000000000000002 0 0 0.6000000000000001 0.6000000000000001 0.4 0 9.600000000000001 5.4 0 0 0 0.2 2.4000000000000004 5 2.2 4.2 3.2 0 1.2000000000000002 4 0 3 0 6.800000000000001 9.200000000000001 5.2 0 0 0 0 0 0 0 0 0 0 0 0 0 0 0 0 0 0 0.4 0 0.4 0 0 0 0 0 0 0 0 0 0 0 0 0 0 2.2 0 0 0 0 0 0.2 0 0 0 0 0 0 0.2 0 0 0 0.2 0 0 0.2 0 0 0 0 1.4000000000000001 2.2 1.8 0 0 0 4.4 0 1 0 0 0 0.8 0 0.4 11.4 0 0 7.6000000000000005 3.8000000000000003 0 0 0 0 0 2.4000000000000004 0 0 0 0 0 0 0 0 0 0 1.4000000000000001 0 2.2 0 0 0 0 0 0 0 0 0 0 0 0 0 0 0 0 0 0 0 0 0 0 0 0 0.2 0 0 0 0 0 0 0 0 0 0 0 0 0 0 0 0 0 0 0 0 0 0.4 0 0 0.4 0 0.4 0 0 0 0 0 0 0 0 0 0 0 0 0.4 0 0 0.2 0 0 0 0 0 0 0 0 0 0 0 0 0 0 0 0 0 0 0 0 0 0 0 
 30 19.200000000000003 6.6000000000000005 29.200000000000003 13.200000000000001 12.200000000000001 44.6 32.2 16.8 18 6.4 6 31.200000000000003 0 84.4 46.6 27.8 48 23.8 16.8 0 0.4 0.4 0 0.6000000000000001 0.6000000000000001 0 0.4 0 0.4 1 0 0 15.8 0 0 0 0 0 0 0 0.4 0 0 0 0.6000000000000001 0 0 0.6000000000000001 0.4 13.600000000000001 0 0 0 0 0.6000000000000001 0.4 0 12.8 0 0.6000000000000001 0 0.8 0.6000000000000001 0 5.800000000000001 0.6000000000000001 0 0 0 0.6000000000000001 0 0 0 0 7.2 0 7.800000000000001 0.2 0 10.4 3.4000000000000004 2.2 2 0 0 4.6000000000000005 5.2 5 3.6 2.6 3.8000000000000003 4.6000000000000005 3.8000000000000003 2.2 2.2 0 10.200000000000001 0 2.2 0 0 0 0 0 0 0.2 0 0 0 0 0 0 0 0 0 0.4 0 0 0 0 0 0 0 0 0 0.2 0.4 0 0 0 0 0 0 0 0 0 0 0 0 0 0 0 0.4 3.8000000000000003 0 0 0 1.2000000000000002 0 0 0 0 0 0 0.2 0 0 0 0 0.2 5.2 0 0 0 0 3.6 0 2.2 0 2.8000000000000003 0 2.8000000000000003 0 0 0.2 0 0 9.4 4.6000000000000005 0 0 1.8 0 0 0 0 0 0 0 0 0 0 0 0 0.2 0 0 2.2 0 0 0 0 0 0 2.2 0 0 0 0 0 0 0 0 0 0 0 0 0 0 0 0 0 0 0 0 0 0 0 0 6 0.2 0 0 2 0 0 0 0 0 0 0 0 0 0 0.2 0.2 0 0 0.2 0 0.2 0 0 0 0 0.2 0 0 0 0 0 12.600000000000001 0 0 0 0 0 0 0.2 0 0 0 0 0 2.2 3.8000000000000003 0 0 0 0 0 0 0 0 0 0 0 0 0 
 46.800000000000004 13.600000000000001 70.4 96 29.200000000000003 10.8 44.6 54.2 51.400000000000006 61.2 30.200000000000003 7.800000000000001 7.800000000000001 84.4 0 18.400000000000002 44.2 31.6 14.8 28.400000000000002 0.4 0 0.4 0 0.6000000000000001 0.6000000000000001 0 0.4 0 0.4 0.6000000000000001 0 0 0.6000000000000001 0 0 0 0 15.4 0 0 11.8 0 0 0 0.4 0 0 0.6000000000000001 0.2 0.2 0 0 0 0 0.6000000000000001 0.4 0 1.8 0 0.6000000000000001 6.4 0.6000000000000001 0.6000000000000001 0 0 0.6000000000000001 0 0 1.8 0.6000000000000001 0 0.2 1.2000000000000002 0 0 0 7.800000000000001 0.2 0 11.600000000000001 6.4 0 2 0 3.2 0 0 4.6000000000000005 3.4000000000000004 3.8000000000000003 14 0.2 9.600000000000001 9 0 0.2 2.6 1.8 4.2 0 0 0 0 0 0 0.2 0 0 0 0 0 1.8 0 0 0 0 0 0 1.8 0 0 0 0 0 0 0 0 0 0 0 0 0 0 0 0 0 0 0 0 0 0 0 0 0 0 0 3.4000000000000004 1 0 0 0 0 0 0.2 0 0 0 0 0 5.2 0 7 10.4 4.6000000000000005 3 4.4 2.4000000000000004 0 0.2 0 3.8000000000000003 2.6 3 1.6 5.2 0 7.6000000000000005 2.8000000000000003 2.6 0 3.4000000000000004 0 0 0 0 0 0 0 0 1.2000000000000002 0 0.4 0 0 0 0 0 3.8000000000000003 0.4 0 0 0 0 0 0 0 0 0 0 0 0 0 0 0 0 3 0 0 0 0 0 0 0 0 0 0 0 0 0 0 0 0 0 0 0 0 0 0 0 0 0 0 0 0 0.4 0 0.4 0.2 0.2 0 17.400000000000002 0 0 0 0 0 0 0 0 0 0 0 0 0 0 0 0 0 0 0 0 0 0 0 0 3.8000000000000003 0 0 0 0 0 0 0 0 0 0 0 0 0 
 27.8 58 24.8 9 16.6 40.400000000000006 26 64.60000000000001 73 27.6 17.6 30.200000000000003 28.6 46.6 18.400000000000002 0 57.2 74.60000000000001 29 45.2 0 0 0.8 0 0.6000000000000001 0.6000000000000001 0 0.4 0 0.8 0.8 0 0 0.4 0 0 0.2 0 0 15.600000000000001 0 0.4 0 0 0 0.4 0 0 0.6000000000000001 0 0.4 0 0 0 0 0.6000000000000001 0 0 0 0.4 0.6000000000000001 0 0.6000000000000001 0.6000000000000001 0 0 0.4 0 0 0.6000000000000001 0.4 0 0 0 0 0 0 0.8 0.4 0 2 6.4 7.6000000000000005 0.2 3 0 3.4000000000000004 7.4 0 2 2.8000000000000003 0 2.8000000000000003 6.800000000000001 0.2 4.2 10 7.4 2.2 0 0 0 0 0 0 0 5.6000000000000005 0 0 0 0 0.4 0.2 0 2.6 0 0 0 2.2 0 0 0 0 0 0 0 0 1.4000000000000001 0 0 0 0 0 0 0 0 0 0 0 0 0 0 0 0 0 0 0 0 0 0 0 0 0 0.2 0 0.4 0 0 0 0 3 0.4 3.8000000000000003 6.4 2.4000000000000004 0.2 4 0.6000000000000001 6.6000000000000005 4.2 5.6000000000000005 0 4.2 5 0 0 0.2 0.2 0.2 0 0 0 2.8000000000000003 0 0 0 0 0 0 0 0 0 0.4 0 0 0 0 0 0 2.8000000000000003 0 0 0 0 2.8000000000000003 0 0 0 0 0 0 0 0 0 0 0 0 0 0 0 0.4 0 0 0 0 0 0 0 0 0 0 0 0.2 0 0 0 0.2 0 0 0 0 0 0 0 0 0.2 1.4000000000000001 0.4 0 16.8 0 0.6000000000000001 0 0 0 0 0 0 0 0 0 0 2 0 0 0 0 0 0 0 0 0 0 0 0 0.4 0 0 0 0 0 0 0 0 0 0 0 0 0 0 
 22.8 22 10.8 9.600000000000001 69.8 95.60000000000001 25.200000000000003 24.400000000000002 56.6 68.2 36.4 100.60000000000001 8 27.8 44.2 57.2 0 49 33 67.60000000000001 0.6000000000000001 0 0.4 0 0.6000000000000001 0.6000000000000001 0 0.8 0 0.4 1 0 0 0 0 0.2 0 0 0 15.200000000000001 0 0.4 0 0 0 0 0 0 0.6000000000000001 0.4 0.2 0 0 0 0 0.6000000000000001 0.6000000000000001 0 0 0 0.4 0 0.6000000000000001 9.200000000000001 0 0 0.6000000000000001 0 0 0 0.6000000000000001 0 0 0 0 0 8.200000000000001 6.6000000000000005 0 0 0.2 4.800000000000001 3 2.8000000000000003 0.2 3.2 0 7 7 1.8 9.8 6 2.4000000000000004 2.8000000000000003 6.800000000000001 2 3.6 1.6 2.4000000000000004 1.6 2.2 0 0 0 0 0 0 0 0 0 0 0 0 0 0 0 0 0 0 4 0 0 0 0 0 0 0 0 0 0 0 0 0 0 0 0 6.2 0 0 0 0 0 0 0 0 0 0 0 0 0 0.8 0 0 0 0 0.2 0 0 0 0 0.2 3.8000000000000003 0.6000000000000001 1 2.6 3.4000000000000004 0 3 3.6 8 0 0 3.8000000000000003 5.6000000000000005 3.8000000000000003 3.4000000000000004 3.6 2 15.200000000000001 0 0 0 0 0 0 0 1.4000000000000001 4.800000000000001 0 0 0 0 2.6 0.2 0 0 0 0 1 2.2 0 0 0 0 0 0 0 0 0 0 0 0 0 0 0 0 2.6 0 0 0 0 0 0 0 0 0 0 0 0 0 0 0 0 0 0 0 0 0 0 0 0 0 0 0 0 0.6000000000000001 16.8 0 0.2 17.6 0 0.8 0 0 0 0 0 0 0 0 0 0 0 0 0 0 0 0 0 0 0 0 0 0 0 3 1.6 0 0 0 0 0 0 0 0 0 0 0 0 0 
 43.800000000000004 7.4 29.6 11.8 32 12.600000000000001 9.200000000000001 8.4 80 90.60000000000001 42.800000000000004 66.60000000000001 23.8 48 31.6 74.60000000000001 49 0 25 27 0 0 0.4 0 0.6000000000000001 0.6000000000000001 0 0.4 0 0.4 0.8 0 0 0 0 0 0 0 0 0 0 0.4 0 0 0 0 0 0 0.6000000000000001 0.4 0.4 0 0 0 0 0.6000000000000001 0.4 0 0 0.4 0.6000000000000001 0.4 0.6000000000000001 0.6000000000000001 0 0 0.4 0 0 11.200000000000001 0.4 0 0 0 0 0 0 6.6000000000000005 0.4 0 0 10 0 4 3.2 2.8000000000000003 0 3.4000000000000004 3.8000000000000003 2.2 6 14.8 3 0.2 4.800000000000001 1.2000000000000002 5.4 2.4000000000000004 0 0.2 0 0 2 0 0 0 0 0 0 0 0 0 0 0 0 0 0 0 0 0.4 0 2.8000000000000003 0 0 0.2 0 0 0 0 0 0 0 0.8 0 0 0 0 0 0 0 0 0 0 1.2000000000000002 0 0.2 0 0 0 0 0 0.2 0 0 0 0.4 0 0 0 0 3.2 3 7.2 3.2 0 0.4 2.6 1.4000000000000001 4 0.6000000000000001 2.8000000000000003 4 2.6 4.800000000000001 7.6000000000000005 3.4000000000000004 1.2000000000000002 5.6000000000000005 2.8000000000000003 0 0 0 0 0 0 0 0 0 0 0 0 0 2.2 0.2 0 0 0 0 0.2 0.2 0 0 0 0 0 0 0 0 0 0 0 0 0 0 0 0 0 0.2 0 0 0 0 0 0 0 0 0 0 0.4 0 0 0 0 0 0 0 0 0.2 0 0 0 0 0 0 0 0 0 0 0.6000000000000001 0.4 0.6000000000000001 1.6 0 0 0 0 0 0 0 0 0 0 0 0 0 0 0 0 0 0 0 0 0 0 0 0 1.6 0 0 0 0 0 0 0 0 0 0 0 0 0 
 6.800000000000001 65.8 7.800000000000001 12.8 14.200000000000001 27.200000000000003 28 15.8 35 21.8 6.6000000000000005 7 41.6 23.8 14.8 29 33 25 0 49 0 12 0.4 0 1 0.6000000000000001 0 0.8 0 0.4 1 0 0.4 15.200000000000001 0 0 0 3.6 0 0 0 0.4 0 0.2 0 0.6000000000000001 0 0 0.6000000000000001 0 0.4 0 0 0.4 0 0.6000000000000001 0 0 0 0 0.6000000000000001 0 0.6000000000000001 0.6000000000000001 0 0.4 0.4 0 0 0 0.4 10 0 0 0 0 0 0.6000000000000001 0.4 0 1.8 2 2.2 0 0 0 2.6 3.6 3.8000000000000003 0.2 0 0 4 0 0 0.2 8.8 2 6.4 11 0 1.6 0 0 0 0 0 0 0 0 0 0 0 0 0 0 0 0 0 0 0 0 0 0 0 3.2 0 0 0 0 0 0 0 0 0 0 0 0 0 0 0.2 0 0 0 5.6000000000000005 0 0 0 0 0 0 0 0 0 0 0 0 0 0 0 0 3.4000000000000004 5.2 3.4000000000000004 0 2.2 9.4 2 0.6000000000000001 0.8 0.4 0 3.4000000000000004 0 0.2 4.800000000000001 0.2 0.2 7.6000000000000005 3 0 0 0 0 0 0 0 0 0 0 0 0 0 0 0 0 0 0 0 0 0.4 0 0 0 0 0 0 0 0 0 0 0 0 0 0 0 0 0 0 0.4 0 0 0 0 0 0 0 0 0 0 0 0 0 0 0.2 0 0 2.6 0 0 0 0 0 0 0 0 0.2 0 0.8 0.4 0 0.2 0 0 0 0 0 0 0 0 0 0 0 0 0 0 0 0 0 0 0 0 0 0 0 0 0 0 0 0 0 0 0 0 0 0 0 0 0 0 
 24.8 29.6 7.800000000000001 9 17.8 59.400000000000006 9.200000000000001 36.6 76 22.6 13.4 50.6 12 16.8 28.400000000000002 45.2 67.60000000000001 27 49 0 0 0 0.8 0 0.6000000000000001 0.6000000000000001 0 0.4 0.6000000000000001 0.4 0.8 0 0 1 0 0 0 0 0 0 0 0.4 0 0 0 1.4000000000000001 0 0 0.6000000000000001 0 0.4 0 0 0 0 0.6000000000000001 0 0 0 0 0.6000000000000001 0 0.6000000000000001 0.6000000000000001 0 0 0.4 0 0 0.6000000000000001 10.600000000000001 0 0 0 0 0 0 0.6000000000000001 0.4 0 11.200000000000001 6.6000000000000005 2.4000000000000004 0 0 0 1.8 4.800000000000001 0 0 0 0 2.8000000000000003 3 0.2 0 6 0 3 5.4 0 0.2 0 0 0 0 0 0 0 0 3.2 0 0.2 0.2 0 0 0.4 0 0 0 0 0 0 0 0 0 0 2 0 0.4 0 0 0 0 0 0 0 3.4000000000000004 0 0 0.2 0 0 0.2 0 0 0.4 0 1 0 0.2 0 0 0 0 0 0 0 0 0 0 0 6.800000000000001 5 0 0 4 3.8000000000000003 7 2.2 2.6 2.6 6.4 4.6000000000000005 1.4000000000000001 5 0 0 0 2.6 0 0 0.4 0 0 0 0 0 0 0 0 0 0 0 0 0 0 0 0 0 0 0 0 0 0 0 0 0 0 0 0 0 0 0 0 0 0 0 0 0 0 0 0 0 0 0 0 0 0 0 0 0 0 0 0 0 0 0 0 0 0 0 0 0 0 0.4 0.4 0.4 0 0 0 0.4 0 0 0 0 0 0 0 0 0 0 0 0 0 0 0 0 0 0.2 0 0 0 0 0 0 0 0 0 0 0 0 0 0 0 0 0 0 0 0 
 0 0 0 0 0 0 0 0.6000000000000001 0 0 0.4 0.8 0 0 0.4 0 0.6000000000000001 0 0 0 0 84.4 52.2 36.2 11 12.200000000000001 15 24.8 21.400000000000002 56.6 23 6 27.200000000000003 14.8 3.6 30.8 35.4 35.2 7.4 8 0 0.6000000000000001 0.4 0.2 0.4 0.4 0 0.2 0.2 0.4 0.6000000000000001 0 0 0 0 0.2 0.8 0 0 0.2 0 0 0 0.4 0 0 0.6000000000000001 0 0 0.8 0.6000000000000001 0 0 0 0.6000000000000001 8.4 0 0 0 0.4 0 0 0 0 0 3 0 0 0 0 0 0 0 0 0 0 0 0 0.2 0 2.4000000000000004 0.2 18.2 0.2 0.2 1.8 0.6000000000000001 4.4 0 4 6.2 0.6000000000000001 0 8.200000000000001 3.4000000000000004 5.2 2.4000000000000004 0.2 0 0 0 0.2 0 0 0 0 0 0 0 0 0 0 1.8 0 0 0 0 0 1.8 0 0.4 0 0 0 0 0 0 0 0 0 0 0 0 0 0 0.2 0 0 0 0 0 0 3.8000000000000003 0 0.4 0 0 0 0 0 0 4.4 0 0 1.2000000000000002 0.2 0 0 0 0 2 6.4 3.2 4.2 2 0.4 2.8000000000000003 5.6000000000000005 5 6 0 0 0 5.6000000000000005 6.6000000000000005 0 1.8 7.2 0 6.4 2.4000000000000004 0 0 0 0 0 0 0 0 0 0 0 1 0.2 0 0 0 0 1.2000000000000002 4.2 0 0 0 0 0 0 0.4 0 0 0 0 0 0 0 0 0 0 0 0 0 0 0 0 0 0 0 0 0 0 0 0 0 0 0 2 0 0 23 15.600000000000001 0 0.4 4.2 0 0 0 0 3.4000000000000004 0 0 0 0 0 0 0 0 0 0 0 0 2.8000000000000003 0 0 0 0 0 2 0 3 0 0 
 0.6000000000000001 0 0 0 15 55.2 0 0 15 0 0 0.2 0 0.4 0 0 0 0 12 0 84.4 0 32.800000000000004 22 21 8 46.6 21.8 37 61.400000000000006 8.4 23.200000000000003 38.6 40 42.6 32.6 57.400000000000006 5 9 25.8 0 0.6000000000000001 0.4 0.6000000000000001 0.6000000000000001 0 0.6000000000000001 0 0 0.6000000000000001 0.8 0 0 0 1.2000000000000002 0.4 0.2 0.6000000000000001 0.8 0 0 0.4 0.6000000000000001 0.4 0 0 0.6000000000000001 0.6000000000000001 0.6000000000000001 0.6000000000000001 0.4 0 0 0.4 0.6000000000000001 0 0.6000000000000001 0 0 0.6000000000000001 0 0 0 0 0 0 0 0 0 0 0 0 0 0 0 0 0 0 0 0 8.4 0 1.8 2.6 2.4000000000000004 2 4.4 2.8000000000000003 0.2 7.4 0.4 2.8000000000000003 2.8000000000000003 5.800000000000001 7.6000000000000005 6.4 7 3.8000000000000003 3.4000000000000004 1.6 0.2 0 0 0 0 0 1.8 0 0 0 0 0 3.8000000000000003 0 0 0 0 0 1.2000000000000002 2.2 0 0 0 0 0 0 0 0 0 0.2 0 0 0 0 0 0 0 0 0 0 0 0 0 0 0 1.4000000000000001 0 0.4 0 0 0 0 0 0 2.6 0 0 0 0 0 5.6000000000000005 10 3.6 2.4000000000000004 2.2 0 4 5.6000000000000005 4 19.200000000000003 5 4.800000000000001 7.4 2.6 0 0.2 3.6 3 2 2.2 4.2 0 0 0 0 0 2.2 1.4000000000000001 0 0 0 0 2 0.4 0 0.2 0 0 0.2 0 0 0 0.4 0 0 0 0 0 0 0 0 0 4 0 0 0 0 0 0 0 0 0 0 0 0 0.2 0 0 0 0 0 0 0 0 1.2000000000000002 0 0.6000000000000001 0.2 0 0.2 5.800000000000001 0 0 0 0 0 2 0 0 0 0.4 0 0 0 0 0 0 0.2 0 0 0 4.2 0 0 0 0 0 0 0 0 
 0.4 0.4 0.4 0.4 0.4 0.4 0.4 0.8 1 0.4 0.4 1.2000000000000002 0.4 0.4 0.4 0.8 0.4 0.4 0.4 0.8 52.2 32.800000000000004 0 80.80000000000001 13.8 49.2 60.400000000000006 68 19.400000000000002 58.400000000000006 9.8 48.6 76.60000000000001 39.800000000000004 20 52.800000000000004 26.6 9.200000000000001 11.200000000000001 42 0 0.6000000000000001 0.4 0 0 0 0 0 0 0.2 0.6000000000000001 0 0 0 0 1 0 0 0 0 0 0 0 0.4 0 0 0.6000000000000001 0 0 0.4 0.6000000000000001 0 0 0 0.6000000000000001 0 4.4 0 0.6000000000000001 0.4 0 0 0 0 0 11 0 0.4 0 0 0 0 0 0 0 0 0 0 0 0 2.6 6.2 2 10.4 3.2 0 0 7.4 1.6 5 5.4 5 5.6000000000000005 0.2 0 12.200000000000001 4 0.2 0 0 0 0 0 0 0 0 0 0 0 0 0 0 4.6000000000000005 3 0 0 0 0 0 0 4.2 1 0 0 0 0 0 0 0 0 0 0 0 0 0 0 0 0 0 0 0 0 0 0 0 0 0 0 0 0 0 0 0 0 0 0 0 0 0 0 5.4 2.6 0 3.6 0 14 6.6000000000000005 3.6 7.6000000000000005 2.6 2.6 10 2.4000000000000004 0.6000000000000001 10.8 0.4 3 4.2 0 0.8 0 0 0 0 0 0 0 0 0 0 3.8000000000000003 0 0 0 0 0 0 0 0 0 0 0 0 0 0 0 0 0 0 0 0 0 0 0 0 0 0 0 0 0 0 0.2 0 0 0 0 0 0 0 0 0 0 0 0 3.2 0 0 12.8 0.2 0.2 1.4000000000000001 2.6 0.6000000000000001 0 0 0 0 0 0 0 0 0 0 0 0 0 0 0 0 0 0 0 0 0 0 0 2.8000000000000003 0 0 0 
 0.6000000000000001 0 0 0 0 0 0 0 0 0 0.4 0.8 0 0 0 0 0 0 0 0 36.2 22 80.80000000000001 0 33.4 4.800000000000001 33.2 15.200000000000001 15.600000000000001 41.6 31.8 56.6 73.8 14.600000000000001 24.400000000000002 35.6 12 23 13.4 12 14.200000000000001 0.6000000000000001 0.4 0 0 0 2.8000000000000003 0 0 0 0.6000000000000001 0 12.600000000000001 5.4 1.6 0 0.2 0 13 12.200000000000001 0 0 0 0.4 0.2 0 0.6000000000000001 0 0 0.4 0.6000000000000001 0 0 0 0.6000000000000001 0.4 0 0 0 0.4 0 0 0 0 0 0.2 0 0 0 0 0.2 0 0 0 0 0 0 0 0 0 3.8000000000000003 1.4000000000000001 0 2.6 0 8.6 2 0.2 0.2 2.4000000000000004 0 1.8 2.8000000000000003 10.4 0 6.800000000000001 6 4.2 0 0 0.2 0 0 0 0 0 4.2 1.8 0 0.2 0 0 6 0.2 3.2 0 0 4.800000000000001 4.6000000000000005 6.6000000000000005 1 0.4 0 0 0 0 0 0.4 0 0 0 0 0 0 0 0.4 0 0 0 0 0 0 0 0 0 0 1.6 0 0 0.2 0 0 0 0 1.4000000000000001 0 0 0 0 0 0 5 2 0 2.8000000000000003 0 0 3.4000000000000004 2.8000000000000003 7.6000000000000005 1.4000000000000001 6.6000000000000005 0 2.6 0.2 0 3.6 1.6 0 2.4000000000000004 0.2 0 0 2.8000000000000003 0 0 8.4 1.4000000000000001 4.800000000000001 3.6 0 0 5 0.2 0.2 3.2 0 0 0.2 2.2 0 0 0 0 0 4.4 0 0 0 0 0.4 0 0 0 0 0 0 0 0 0 0 0 0 0 0 0 0 0 0 0 0 0 0 0 1.2000000000000002 0 0.2 0 0 0.2 2.4000000000000004 0 0 0 0 0 0 0 0 0 0 0 0 0 0 0 3.6 0 0 0 0 2.4000000000000004 0 0 0 0 0 0 0 0 
 1.2000000000000002 8.8 0.6000000000000001 0.6000000000000001 0.6000000000000001 1.2000000000000002 0.6000000000000001 1 0.8 0.6000000000000001 0.6000000000000001 1.4000000000000001 0.6000000000000001 0.6000000000000001 0.6000000000000001 0.6000000000000001 0.6000000000000001 0.6000000000000001 1 0.6000000000000001 11 21 13.8 33.4 0 28 50.800000000000004 50.6 33.800000000000004 29.400000000000002 75.4 41.6 58.400000000000006 15.4 24.200000000000003 27.6 9.200000000000001 8.200000000000001 97 12.4 10.600000000000001 5 13.200000000000001 0 12.600000000000001 0 16.6 0 0 0 0.6000000000000001 0 0 7.4 0.6000000000000001 0 0.4 0 0 25.400000000000002 0 0 0 0.6000000000000001 0 0 0.6000000000000001 0 0 0.4 0.6000000000000001 0 0 0 0.6000000000000001 0 0 0.2 0 0.4 0 0 0 0 0 0 0.2 0 0 0 0 0 0 0 0 0 0 0 0 0 0 2.2 4.6000000000000005 0 2 2.2 0.2 3 2.6 2 2.2 2 0 0 4 0 2.2 3.4000000000000004 0 0 0 0 2.2 3.2 0 0 7.2 0 0.2 0 0 0 8.200000000000001 3.8000000000000003 2 0.8 3.2 0 11 1.6 0 0 0 0 0 0 0 0 0 0 0 0 0 0 0 0 0 0 0 0 0 0 0 0 3 0 0 0 0 0 0 0 1 0 0 0.6000000000000001 0 0 0 0 0 0 7.4 0.8 3.2 0 0 0 2.4000000000000004 3.6 0 2.8000000000000003 0 2.8000000000000003 4 1.6 2.8000000000000003 0 0 0 2 3.2 0.2 2.6 0 0 1.6 0 0 1.6 0 0 6 2 7.4 2.4000000000000004 1.8 0 3.6 11.600000000000001 0 0 0 0 0 0 0 0 0 0 0 0 2.6 0 0 0 0 0 0 0 0 0 0 0 0 0 0 0 0 0 0 0 0 0 0.8 0.2 0.4 8.8 0 0.4 1 0.4 0 0 0 0 0 0 0 0 2.2 0 0 0 0 0 0 0 0 3.6 0 2.2 0 0 0 1.8 0 0 0 0 
 0.6000000000000001 0.6000000000000001 0.6000000000000001 0.6000000000000001 0.6000000000000001 0.6000000000000001 1 0.6000000000000001 1 1 0.6000000000000001 1 0.6000000000000001 0.6000000000000001 0.6000000000000001 0.6000000000000001 0.6000000000000001 0.6000000000000001 0.6000000000000001 0.6000000000000001 12.200000000000001 8 49.2 4.800000000000001 28 0 7.800000000000001 55 9.8 63 16 12 60.6 10.8 9.200000000000001 13.4 28 14.200000000000001 10.200000000000001 13.8 0 28.200000000000003 0.4 12.4 0 0 12.600000000000001 12.600000000000001 0.2 0 15.4 13.4 18.8 0.6000000000000001 0 12.4 0.4 0 27.200000000000003 0.6000000000000001 0 0.2 0 0.4 2.6 0 0.6000000000000001 0 0 0.4 0.6000000000000001 0.4 0 0 0.6000000000000001 0 0 0.6000000000000001 0 0.4 3.8000000000000003 0 0 0 0 0 0 0 0 0 0 0 0 0 0 0 0 3.2 0.2 0 0.4 1.8 2.4000000000000004 0 4 0 0 0 0 0 1.6 1.6 0 0 1.2000000000000002 0 0 0 0 0 3.2 3.8000000000000003 3.8000000000000003 0 0 0.2 1.6 0.2 6.2 4.2 3.6 0 9.600000000000001 4.6000000000000005 2.6 7 2 0 1.2000000000000002 1.4000000000000001 0 0 0 0 0 0 0.2 0 0 0 0 0 0.2 0 0 0 0 0 0 0 0 0.8 0 0 0 0 0 0 0 0 0 0 0.4 0 0 1.6 0 0 0 0 0 0.2 3.4000000000000004 3 3 5.800000000000001 0 0 0 2.8000000000000003 0 0 0 0 0 5.2 0 4.4 0 0 6.2 4.2 2.4000000000000004 1.6 3.4000000000000004 1.4000000000000001 0 2.8000000000000003 0 1.8 2 0 0 4 2.8000000000000003 6.2 2.2 4.2 7 9 0 0 0 0.4 0 0 0 0 0 0 0 0 0 2 0 0 0 0 0 0 0 0 3.8000000000000003 0 0 0 0 0 0 0 0 0 0 0 0.6000000000000001 0.2 0 0.2 0.2 0.4 0 0.2 0 0 0 0 0 0 0 0 2.2 0 0 0 0 0 0 0 0 0 0 0 0 0 0 0 0 0 0 0 
 0.4 0 15.200000000000001 0 15 27.400000000000002 0 0.4 0 0 15.4 16.2 0 0 0 0 0 0 0 0 15 46.6 60.400000000000006 33.2 50.800000000000004 7.800000000000001 0 95.80000000000001 52.400000000000006 22.8 8.4 10.4 52 44.6 6.4 16 24.8 13.200000000000001 45.800000000000004 20.8 0 0.6000000000000001 0.6000000000000001 0 0 0 0 0 0.4 0.6000000000000001 0.6000000000000001 0 0 0 0.6000000000000001 2.2 0 0 0 0 0 0 0 0.6000000000000001 0.4 0 0.6000000000000001 0 0 0.6000000000000001 0.8 0.4 0 0 0.2 0 1.4000000000000001 0.8 0 0.4 0 0.4 0 5.4 2.2 5 0 0 0 0 0 0 0 0 0 0 0 0 0 0 3 4 4.2 7.6000000000000005 0 0 3 2.4000000000000004 1.8 2.6 3.8000000000000003 3.6 6.2 3.6 0 11 0 0 2.2 3.8000000000000003 0 2.4000000000000004 0 0 0 0 0 0 0 2.8000000000000003 8.6 0 0 0 0 0 0 0 0 0 0 0 0 0 0 0 0 4 0 0 0.2 1.6 0 0 0 0 0.2 0 0 0 0 0 0 0 0 0 0 0 0 0 2.6 2.2 0 0 0 0 0 0 0 0 7 0.6000000000000001 0 6.6000000000000005 0 0.8 4.6000000000000005 3.6 2.8000000000000003 3.6 8 4 0.4 7.2 1.8 0 0.2 4.800000000000001 0 7.800000000000001 0 0 0 0.4 0.2 0 0 3 0 0 0 0 0 0 0 2.4000000000000004 0 2.8000000000000003 0 0 0 0 0 0 0 0 0 0 0 0 0 0 0 0 0 0 0 0 0 0 0 0.2 0 0 0 0 0 0 0 0 0 0 0 0.4 1.4000000000000001 0.2 0.2 15.4 0 0.4 0.8 0.2 0 0.2 0 0 0 0 0 0 0 0 0 0.2 0 0 0 0.4 0 0 0 0.2 0 0 0 0.2 0 0 0 0 
 0.4 0.4 2.4000000000000004 0.4 0.6000000000000001 16 0.4 0.4 1 0.6000000000000001 5.6000000000000005 5.4 0.4 0.4 0.4 0.4 0.8 0.4 0.8 0.4 24.8 21.8 68 15.200000000000001 50.6 55 95.80000000000001 0 40.6 8.8 53.6 7.6000000000000005 58.800000000000004 32.4 7.4 26 63 15.4 18.8 27 0 0.8 0.4 0 0 0 0 0 0 12.600000000000001 0.6000000000000001 0 0.8 0 0 0.8 0.4 0 0.2 11.200000000000001 0 0 0 10 0 0 0.6000000000000001 0 0 0.6000000000000001 0.6000000000000001 0 0 0 0.6000000000000001 0 1.4000000000000001 0.4 0 0.4 0 0 0 8.200000000000001 1.8 0 0 0 0 0 0 0.4 0 0 0 0 0 0 0 0 8.200000000000001 0 5.800000000000001 0.2 1.6 0 2.2 6.2 6.6000000000000005 2 2 0 2.4000000000000004 1.8 9.8 0 5 2 7.800000000000001 3.8000000000000003 2.8000000000000003 0 0 0 0 0.4 0 0 0.4 0 0 0 0 0 0 0 0 0 2 0.2 0 0 0 0 0 0.8 0.4 0 0 0 0 2.4000000000000004 0.2 0 0 0.4 0 0 0 0 0 0 0 0.6000000000000001 4.2 0 0 0.2 0 0 2.2 4 0 0 0 0 0.2 0 0 0 6.6000000000000005 0.2 2.8000000000000003 1.8 11.200000000000001 4.2 4 0 5 0 0 2 0 3 2.2 5 3.6 5.800000000000001 0 3 0 0 0 0 0 0 0.4 2 0 0 0 0 2.4000000000000004 2.4000000000000004 0 0 0 2 2.2 0 0 1.8 0 0.2 0 0 0 0 0 0 0 0 0 0 1.4000000000000001 0 0 0 0 0 0 0 0 0 0 0 0 0 12.4 0 2.8000000000000003 0 0 0 4 0 0 0 17 0.2 0.4 0 0 0 0 0 0 0 0 0 0 0 0 0 0 0 1.8 12.4 0 0 0 0 0 0 0 0 0 0 0 0 
 0.4 0 0 0 14.8 4.800000000000001 0 0 0 0 0.4 0.4 0 0 0 0 0 0 0 0.6000000000000001 21.400000000000002 37 19.400000000000002 15.600000000000001 33.800000000000004 9.8 52.400000000000006 40.6 0 19 7.800000000000001 9 18.6 51.400000000000006 24.6 53.400000000000006 40.6 10.8 22.6 40.800000000000004 0 0.8 0.2 0 0 0 0 0 0.4 0.2 0.6000000000000001 0 0 1.6 0 0 0.4 0 0.8 0.2 0.8 0.4 0 6 10.8 0 4.4 0 0 0.6000000000000001 0.2 4.800000000000001 0 0 0.8 0 1.2000000000000002 0 0 0.4 0 0.2 0 0 0 0 0 0 0 0 0 0 0 0 0 0 0 0 0 0 0 0.2 3.4000000000000004 5.2 6.2 2.2 6.2 3.8000000000000003 2.4000000000000004 5.4 1.4000000000000001 0.8 3.8000000000000003 2.2 15.8 4.2 4.2 6 12.8 3.4000000000000004 0 0 0.4 0 0 0 2.6 0 0 4.4 0 0.4 0.2 0 0 0 0 0 2.6 1.4000000000000001 0 0 0 0 0 0.2 0 0 0 0 0 1.4000000000000001 0 0 0 0.2 0 0 0 0 0 1.2000000000000002 0 0 0 0 0 0 0 0 0 0 0 0 0.2 0 0 0 0 0 3.2 5.4 6 11 8 3.4000000000000004 8 0.2 8 0.6000000000000001 4.6000000000000005 6.6000000000000005 2 0 3 6 1.2000000000000002 6.6000000000000005 3.8000000000000003 1.2000000000000002 0 0 0 0.4 0 0 0 0 0 0 0 0 4.2 3 0 0 0 0 3 0 0 0 0 0 0 0 0 0 0 0 0 0 0 0 0 0 0 4.4 0 0 0 0 0 0 0 0 0 0 0.2 0 0 0 0 0 2.2 0 0 0 15.4 0.2 0.4 0 0 0 0 0 0 0 0 0 0 0 0 0 0 0 0 0 0 0 0 2.6 0 0 0 0 0 0 0 0 
 0.4 0.4 0.4 0.4 0.6000000000000001 0.4 0.4 0.4 1 0.4 0.4 1.4000000000000001 0.4 0.4 0.4 0.8 0.4 0.4 0.4 0.4 56.6 61.400000000000006 58.400000000000006 41.6 29.400000000000002 63 22.8 8.8 19 0 28.6 16 11.200000000000001 33.4 34 30 55.6 17.6 12.600000000000001 16.400000000000002 4.2 0.8 0.4 0 0 0 1.2000000000000002 0 0 0 0.6000000000000001 0 0 12.600000000000001 8.200000000000001 0 0.4 0 3.6 14.200000000000001 0 0 0 0.6000000000000001 0 0 0.6000000000000001 9.600000000000001 0 0.4 0.6000000000000001 0 0 0 2 0.4 0 0.6000000000000001 0 0.4 0 0 0 0 0 0 0 0.4 0 0 0 0 0 0 0 0 0 0 0 0 3.4000000000000004 1.4000000000000001 1.8 0.2 4.4 7 1.6 0 0.2 3.4000000000000004 3.4000000000000004 1.2000000000000002 2.4000000000000004 3.6 0 2.4000000000000004 6.2 5.2 2.6 0 0.2 0 5 0 0 0 1.8 1.4000000000000001 0 0 0 0 0.4 0 0 0 0 2.2 5.800000000000001 6 0 0 0 0 0 0 0 0 0 0 0 0 0 0 0 0.2 0 0 0 0 0 0.4 0 0 0 0 2.8000000000000003 0 0 0 0 0 0.4 0 0 0.4 0 0 0 0 0 1.6 2.4000000000000004 2.4000000000000004 7.2 0 0.2 0.6000000000000001 0.8 0 1 0.2 0.8 0 6.800000000000001 0 0 4.4 0 0 0 0 0 0.2 0 0 9.8 1.8 2.6 0 0 0 0 0 0.4 0 0 0 0 8.200000000000001 0 0 0 0 0 0 0 0 0 0 0 0 0 0 0 0 0 0.4 0 0.2 0 0 0 0 0 0 0 0 0 0 0 0 0 0 1.6 0.4 0 15 0.2 0 0.4 0 0 0 0 0 0 0 0 0 0 0 0 0 0 0 0 0 0 0 0 3 0 0 0 0 0 0 0 0 
 0.8 0.6000000000000001 0.6000000000000001 0.6000000000000001 0.6000000000000001 0.6000000000000001 0.8 1 0.8 0.6000000000000001 1 1 1.4000000000000001 1 0.6000000000000001 0.8 1 0.8 1 0.8 23 8.4 9.8 31.8 75.4 16 8.4 53.6 7.800000000000001 28.6 0 44.800000000000004 24.8 8 25 34 22.400000000000002 10.8 52 10 0 0.6000000000000001 0.4 0 0 0 0.2 0 0 0.2 0.6000000000000001 0 12.200000000000001 0 0 0 12.8 0 12.600000000000001 11.4 10 0.4 0 0.4 0 0 1.4000000000000001 0 0 0.4 0.6000000000000001 0 0 0.6000000000000001 0.6000000000000001 0 1.2000000000000002 0 0.4 0.8 0 0 0 0.4 0 0.2 0 0 0 0 0 0 0 0 0 0.6000000000000001 0 0 0 0 6.4 0.8 0 2.6 0 3.8000000000000003 2.6 2.4000000000000004 2.4000000000000004 0 0.2 2 0 2.8000000000000003 0 3.6 3.8000000000000003 4.4 0 0.4 0 0 0.8 0 0 0 0.2 0 0 0 0 0 4.2 0 0 0 0 0 7.6000000000000005 0 0.8 0 0.4 0 0 0 0 0 0.4 0 0 0 0 0 0 0 0 0 0 0 0 0.2 0.8 0.2 0 0 0 0 0 0 0 0 0 0 3.4000000000000004 0 0 0 0 0 0 3.4000000000000004 4 3.4000000000000004 4.2 0 0 3.4000000000000004 7.2 8.200000000000001 3.8000000000000003 11 0 5.6000000000000005 4.2 6 3.6 2.6 0 0 0 0 3.4000000000000004 0 0 0 9 0 2.2 0 0 0 9.200000000000001 3.4000000000000004 0 3.4000000000000004 0 0 0 0 0 0 0 0 0 0 0 0 0 0 0 0 0 0 0 0 0 0 0 0 0 0 0 0 0 0 0 0 0 0 0 0 0 0 0 0 0.2 2.2 0 0.2 2.4000000000000004 0 0 0 0 0 0 0 0 0 0 0 0 0 0 0 0 0 0 3.6 0 0 0 0 0 1.6 0 0 0 0 
