 0 58 22 70.8 5 6.4 47.2 9.600000000000001 33.800000000000004 64.2 13.600000000000001 50.2 10 41.400000000000006 50.800000000000004 6 38.400000000000006 27 40.2 11.4 0 0 0 0 0 0 0 0 0 0 0.4 0 0 0.6000000000000001 0.6000000000000001 0.4 0 0 0 0 0.4 0 0 0 0 0 0 0.6000000000000001 0 0 0 0 0 0 0.8 0.6000000000000001 0 0.4 0 0 0 0 0 0 0 0 0 0.6000000000000001 0 0.6000000000000001 0 0 0 0 0.4 0.4 0 0 0 0 1.8 7.2 3 3.8000000000000003 0.2 0.2 10.600000000000001 7 3.8000000000000003 3.6 4 4.6000000000000005 0 2.8000000000000003 14.200000000000001 12.8 2.6 3 0 0.4 0.2 0 0 0 0 0 0 0 0 0 0 0 0 0 0 0 0 2.2 0 0 0 0 0 0 0 0 0 0 0 0 0 0 0 0 0 0 0 0 0 0.2 0 0 0 0 0 0 0 1.2000000000000002 0 0 0 0 0.2 0 0 0 0.4 1.2000000000000002 0 0 6.4 3.6 0 2 6.6000000000000005 0 2.6 2.4000000000000004 4.6000000000000005 3.2 3.8000000000000003 2.8000000000000003 3.6 0 3.2 0.2 2.8000000000000003 2.4000000000000004 0 0 0 0 0 0 0 0 0 0 0 0 0 0 0 0 0 0 0 0 0 0 0 0 0 0 0 0 0 0 0 0 0 0 0 0 0 0 0 0 0 0.4 0 0 0 0.4 0 0 0 0 0 0 0 0 0 0 0 0 0.2 0 0 0 0 7.800000000000001 0 0 0 0.2 0.6000000000000001 0 0 0.2 0 0.4 0 0 0 0 0 0 0 0 0 0 2.2 0 0 0 0 0 0 0 0 0 0 0 0 0 0 0.2 0 0 0 0 0 0 0 0 0 0 0 0 
 58 0 40.400000000000006 39.800000000000004 23.200000000000003 17.8 57 131.4 15.200000000000001 27.8 23.6 23.400000000000002 10.8 8.8 61.400000000000006 22.400000000000002 40.800000000000004 7.6000000000000005 17.400000000000002 12.200000000000001 0 0 0 10 0 1.8 0 0 0 0 0.8 0 0 0.6000000000000001 1.2000000000000002 0.4 0 0.6000000000000001 0 0.8 2 1 0 1.6 0 0 0 0.6000000000000001 0.4 0 0.2 0 0 0 0 0.6000000000000001 1.2000000000000002 2 0 2 0 0 0.4 0 0 0 0 1.8 0 1 0.4 0 1.2000000000000002 0 0.4 1.6 0.8 0.8 1.8 0.6000000000000001 1.8 0 2.6 6.6000000000000005 1.4000000000000001 7.6000000000000005 0.2 1.6 0 3.6 0 0 7 3.6 1.4000000000000001 8.8 7.6000000000000005 0 0 1.2000000000000002 4.2 0 0 0 0 0 0 0 0 0 0 0 2 0 0 0 0 0 0 0 0 1.2000000000000002 0 0 0 0 0 0 0 0 0 0 0 0 0 0 0 0 0 0 0 0 0 0 0 0 0 1.4000000000000001 0 0 4.800000000000001 0 0 0 0 0 0 0 0 0 0.4 5.800000000000001 4.800000000000001 1.4000000000000001 4.4 5.4 4.6000000000000005 5 3 3.8000000000000003 0 0 0 1.2000000000000002 0 2.4000000000000004 5.4 0 1.6 1.6 0 0 0 0 0 0 0.2 0 0 0 0 0 1.8 0 0 0 0 0 0 0 0 0 0 0 0 0 0 0 0 0 0 4 0 0 0 0 0 0 0 0 0 0 0 0 0 0 0 0 0 0 0 0 0 0 0 0 0 0 0 0 0 0 0 0 0 0.4 0 0.2 18 0 0 0.8 14.600000000000001 0 0 0 0 0 0 0 14.200000000000001 0 0 0 0 0 0 0 0 0 0 0 0 0 0 7.800000000000001 1 4.800000000000001 0 0 0 0 0 0 0 0 0 0 0 0 
 22 40.400000000000006 0 46.800000000000004 11.8 9.600000000000001 33.4 41.800000000000004 143.8 69 49.800000000000004 68 26 12.4 18.2 33.4 70.60000000000001 34.4 7.800000000000001 35.6 0 0 0 0 0 0 0 0 0 0 0 0.4 4.6000000000000005 15.600000000000001 0.4 0.4 14.8 0 0 0 0.2 0 0 0 0 0 0 16.2 0 0.4 0 0 0 0 0 0.6000000000000001 0 0.6000000000000001 0 0 0.6000000000000001 0 0 0 0 0 0 0.6000000000000001 0 0.4 0 0 0 6 0.4 0.4 0 0 0.4 0 2.6 0 5.6000000000000005 6.4 4.2 0.2 0 2 2.4000000000000004 0 2.2 0 6.800000000000001 7.800000000000001 0 4.4 3.6 7.6000000000000005 0 0.2 0.2 0 0 0 0 0 0 0 3.2 0 0 0 0.2 0 0 0 0 0.2 5.4 0 0 0 0 0 0 0 0 0 0 0 0 0 0 0 0 0 0 0 0 0 0 0 0 0 0 0 0 0.2 0 0 0 0.6000000000000001 1.6 0 0 0 0 0.6000000000000001 0 0 1 3.8000000000000003 4 0.2 3 14.200000000000001 0 0.6000000000000001 0 4 3.2 0 0.2 5.6000000000000005 0.2 3.4000000000000004 9.8 5 0 0.2 3.8000000000000003 0 0 0 0 0 1.2000000000000002 1.8 0 0 0 0 1.4000000000000001 0.4 0 0.2 0.4 0 2.6 0 0 0 0 0 0 0 0 0 0 0 0 0 0 0 0 0 0 0 0 0 0 0 0 0 0 0 0 0 0 0 0 0 0 0 0.2 0 0 0 0 0 0 0 0 0 0 0.6000000000000001 18.2 0 18 8.4 0 2.2 3.2 0 0 0 0 0 0 0 0 0 0 0 0 0 0 0 0 0.4 0 0 0 0 0 0 0 0 0 0 0 0 0 0 0 0 0 0 0 0.4 
 70.8 39.800000000000004 46.800000000000004 0 24 7.4 41.800000000000004 67.60000000000001 56.400000000000006 105 58.800000000000004 28.200000000000003 31.8 40.800000000000004 53 28.400000000000002 17.400000000000002 32.2 28 66.60000000000001 0 0 0 0 0 0.8 0 0 0 0 0.6000000000000001 0 0 0.8 0.4 0.4 0 0 0 15 0 0 0.2 0 0 0 0 0.6000000000000001 0 0 0 0 0 0 0.2 0.6000000000000001 0.6000000000000001 0.6000000000000001 0 0 0.4 0 0 0 0.8 0 0 0.6000000000000001 0.6000000000000001 12.200000000000001 0 0 0 0 0.4 0.4 1.2000000000000002 0 0.4 0 4 0.6000000000000001 1.2000000000000002 6.800000000000001 1.6 2.2 0.2 1.4000000000000001 3.8000000000000003 11.4 9.8 2.8000000000000003 3 8.8 0 5.800000000000001 1.6 5.800000000000001 0 1 2 6.800000000000001 0.2 0 0 0 0 0 0 0 0.2 0 1.8 0 0 0 0.2 0 2.8000000000000003 0 0 0 0 0 3.2 0 0 0 0 0 0 0.4 0 0 0 0 0 0 0 0 0 0 0 0 0 0 0 0 0 0 0 0 1.2000000000000002 0 0 0 0 0 0 0 4.800000000000001 0 0.2 0 9.4 9.8 0 0 2.2 2.2 4.4 2.4000000000000004 1 5 0.2 13.600000000000001 1.6 0 0 0 2 0 0 0 0 0 0 2 3.2 0 0 0 1.4000000000000001 3 0 0 0 0.6000000000000001 5.2 0 0.2 0 0 0 0 0 0 0 0 0 0 0 0.2 0 0.2 0.4 0 0 0 0 0 0 0 0 0.4 0 0 0 0 0 1.4000000000000001 0 0 0 0 0 0 4.6000000000000005 0 0 0 0 0 0 0 0.4 19.6 0 18.400000000000002 0.2 0 0.2 3.2 0 0.4 0 0 0 0 0 0.4 0 2.6 0 0 0 0 0 0 0 0 0 0 0 0 0 0 0 0 0 0 0 0 0 0 0 0 0 0 0 
 5 23.200000000000003 11.8 24 0 47 11 12.4 37 60.6 76 22.400000000000002 66 14 19.200000000000003 35.800000000000004 13.4 40.6 16.8 17.6 0 14.600000000000001 11.8 0 0 0 19.8 0 0 0 0 0 0.6000000000000001 15.200000000000001 8.4 0.8 0 15 4.4 19 13 0 0 0 0 0 0 0.6000000000000001 0 0 0 0 0 0 0 0.6000000000000001 0 0.6000000000000001 0 0 0 0 0 0 0 0 0 0.6000000000000001 0 0.6000000000000001 0 0 0 0 0.4 0.4 0 0 0 0.2 0 4.800000000000001 0 0 0 17.2 0 0 28.400000000000002 3.6 3.6 1.8 0 0 0 1.8 1.4000000000000001 0.2 0 0 0 0 4.2 0.2 0 0 3.2 0.8 2.6 0 0 0.4 7 2.8000000000000003 0 2.6 4.2 0 0 3.2 3.6 0 0 0 0.8 0 0 0 0 0 0 0 0 3 0 0 0 0 6.2 0 0 0 0 0 0 0 0.4 0 0 0 0 0 0 0.2 0 0 0 0 0 0 0 5.6000000000000005 2 3.4000000000000004 2 4.6000000000000005 0 0 2.8000000000000003 0 2.8000000000000003 13 0 0 2.2 0 2.8000000000000003 0 0 0 1.2000000000000002 0 0 3.4000000000000004 0 0 2.4000000000000004 3.2 0 3.4000000000000004 0 0.2 8 2.8000000000000003 6.4 5.2 0 0 0 4.800000000000001 0 0 0 0 0 0 0 0 0 0 0 0 0 2.6 0 0 0 0 0 0 0 0 0 0 0 0 0 0 0 0 0 0 0 0 0 0 0 0.4 0 0.4 0 3.2 0 0 0 1.2000000000000002 0 0.4 0.2 18.400000000000002 3.8000000000000003 1.8 0 0 0 0 0 0 0 0 0 0 0 0 0 0 0 0 0 0 0 0 0 0 0 0 2.2 0 0 0 0 0 0 0 0 0.2 0 0 0 0 
 6.4 17.8 9.600000000000001 7.4 47 0 6.2 8.200000000000001 10.600000000000001 15.4 50.400000000000006 11.4 7.2 11.4 10.600000000000001 38 115.4 6.6000000000000005 6 10.4 14.8 29.8 8 0.2 0.6000000000000001 0.2 0.8 18 0 6 0 0.4 7.2 8 1 0.6000000000000001 42.400000000000006 14.8 42.6 5.4 13 0.6000000000000001 0 0 0 0 0 0.8 0 0 0.6000000000000001 0 0 0 0.4 6.4 0.6000000000000001 0.6000000000000001 0 0 0.6000000000000001 0 0 0 0 0 1 0.6000000000000001 0 1.4000000000000001 0 0.8 1 0 0.4 0.4 0 0 0 0.6000000000000001 0 0 0 7.6000000000000005 1.6 5.6000000000000005 0 0 0 0 0.4 0 0.2 0 0 2.6 2.2 2 0.2 0 2.6 5.6000000000000005 8.4 0 0 0 6.4 6.6000000000000005 0 0 0 0 4.2 8.4 0 0 3 0 3.8000000000000003 6.4 0 0 0 0 0 0 0 0.2 0 0 0 0 0 0.4 0 0 0 0 4 0 0 0 0 0 0 0 0 0 0 0 0 0 0 0.4 0 0 0 0 0 0.2 0 0.4 5 2.8000000000000003 0 2 0 0 0.2 0 0 2.4000000000000004 0 0 0 0 0 0 0 0 2 0 1 6 0.4 0 0 5.800000000000001 1.4000000000000001 5.4 0 4.2 2.2 4.6000000000000005 1.8 3.4000000000000004 0 0 2 7.4 0 0 0 0 0 0 0 0 0 0 0 0 0 2.8000000000000003 0 0 0 0 0 0 0 0 0 0 0 0 0 0 0 0.4 2 0 0 0 0 0 3.2 0 0 0.2 0 0 0 0 0 0.4 0 0.2 0.2 1.8 0.2 0.6000000000000001 0.2 0 0.6000000000000001 0 0 0 0 0 0 0 0 0 0 0 2 0 0 0 0 0 0 0.2 0 0 4.4 0 0 0 0 0 0 0 0 0 0 0 0 0 
 47.2 57 33.4 41.800000000000004 11 6.2 0 22.6 52.2 100.80000000000001 4 9.200000000000001 151.4 26.6 62.2 31 8.6 24.400000000000002 75 78.4 0 0 0 0 0.4 0 0 0 0 0 0 0 0 1 0.6000000000000001 0.4 0.2 0 0 0.2 0.4 0 0 0 0 0 0 0.6000000000000001 0 0 0 0 0 0 0 0.6000000000000001 0 0.4 0 1 0 0 0 0 0 11.4 0 0.6000000000000001 0 0.6000000000000001 0 0 0 0 0.4 0.4 0 0 0.4 0 7 0.4 3.2 7.6000000000000005 0 0 4.2 6 4 5 3.4000000000000004 2.4000000000000004 2 0.4 4.2 8.8 0 0 3 3.6 0 0.2 0 0 0 0 0 0 0 0 0 0 0 0 0 0 0 0 0 0.2 0.4 0 0 0 0 0 0 0 0 0 0 0 0 0 0 0 0 0 0 0 0 0 0 0 0 0.2 0 3.6 0 0 0 0 0.2 0 0 0 0 1.8 0 0 1.6 6.4 0 4.6000000000000005 3.2 0.4 3.4000000000000004 6 5 7.800000000000001 0 0 1.6 2.2 1 3.6 2.4000000000000004 0.2 1.6 0 0 0 0 0 0 0 0 0 0 0 0 0 0 0 0 0 0 0.4 0 0 0 0 0 0 0 0 0 0 0 0 0 0 0 0 0 0 0 0 0 0 6.6000000000000005 0 0 0 0 0 0 0 0 0 0 0 0 0 0 0 0 0 0 0 0 0 0 0 0 0 0 0 0.4 0.4 0 1.6 3.8000000000000003 0 0 0 0 0 0 0 0 0 0 0 0 0 0 0 0 0 0 0 0 0 0 0.8 0 1.2000000000000002 0 0 0 0 0 0 0 0 0 0 0 0 
 9.600000000000001 131.4 41.800000000000004 67.60000000000001 12.4 8.200000000000001 22.6 0 15.600000000000001 30.200000000000003 48.2 21.400000000000002 66.60000000000001 21.8 48.2 24.8 95.80000000000001 12.600000000000001 10.8 25.400000000000002 0 0 0.2 0 0 0 0 0 8.8 0.2 0 0 0 14 0.6000000000000001 0.4 0 0 0.4 0.2 0.4 0 0 0 0 0 0 0.6000000000000001 0 0 0 0 0 0 0 0.6000000000000001 0 0.4 0 0 0 2.6 0 0 0 0 0 0.6000000000000001 0 1.2000000000000002 0 0 0 0 0.4 0.4 0 0 0.4 0 2.2 7.800000000000001 2.2 4.6000000000000005 2.6 0 0 0 1 3.6 0 0 3 4.2 2.8000000000000003 2.6 4 0 0 4 0 0 0 0 0 0 0 0 0 0 0 0 0.2 0 0 0 0 0 0 0 0 0 0 0 0 0 0 0 0 0 0 0 0 0 0 0 0 0 0 0 0 0 0 0.4 0 0.4 0 0 0 0 0.2 0 0 0 0 0 0 0 0 0 0 5.6000000000000005 3 0.4 2 3 0 0 1 7.2 0 0.8 0 7.2 0.2 3 0 0 0 0 0 0 0 0 0 0 0.4 0 0 0.2 0 0 1.4000000000000001 0 0 0 0 0 0 0 0 0 0 0 0 0 0 0 0 0 0 0.4 0 0 0 0 0 0 4.800000000000001 0 0 0 0.4 0 0 0 3.4000000000000004 0 0 0 0 0 0 0 0 0 0 0 0 0 0 0.4 0 0 0 0.2 0 0.4 17.6 0 1 1.4000000000000001 3.4000000000000004 0 0.4 0 0 0 0 0 0 0 0 0 0 0 0 0 0 0 0 0 0 0 0 0 0 0 0 0 0 0 0 0 0 0 0 0 0 0 
 33.800000000000004 15.200000000000001 143.8 56.400000000000006 37 10.600000000000001 52.2 15.600000000000001 0 41.800000000000004 27.6 22.8 26.8 33.2 76.4 11.8 29.400000000000002 41.400000000000006 33.2 15 0 0 0 0.4 0 0 0 0 0 0 0 0 15.200000000000001 0.8 0.4 0.4 0 0 0 15 0.8 0 0 0 0 0 0 0.6000000000000001 0 0.4 0 0 0 0 0 0.6000000000000001 0 0.4 0 0 0 0 0 0 0.4 0 0 0.6000000000000001 0 0.6000000000000001 0 0 0 0 0.4 0.4 0 0 0.4 0 0 7.4 3 3.8000000000000003 1.6 0.6000000000000001 1.8 1.4000000000000001 0 5.4 7.6000000000000005 0 0 0 1.8 2.8000000000000003 0 4 0 2.2 0.2 0.2 0 0 0 0 0 0 0.2 0 0 0 3 0 0 0 0 0 2.8000000000000003 2.4000000000000004 0 0 0 0 2.8000000000000003 0 0 0 0 0 0 0 0 0 0 0 0 0 0 0.4 0 0 0 0 0 0 0 0 0 0 0 0.4 0.4 0 0 0 0.2 0 0 0 3 0 2.6 1.8 2.6 2.2 0 0.2 4.2 5.6000000000000005 3 0 2.6 0 1.2000000000000002 6.6000000000000005 4.6000000000000005 3 0 0 2 0 0 0 0 0 1.2000000000000002 2.4000000000000004 2.8000000000000003 0 0 0 0 1.8 0 0 0 0 5.2 0.2 0 0 0 0 0 0 0 0 0 0 0 0 0 0 0 0 0 0 0 0.2 0 0 0 0 0 0 0 0 0 0 0 0 0 0 0 0 0.4 0 0 0 0 0 0 0 0 0.2 10.200000000000001 0 0.4 0.4 0 1 0 0 0 0 0 0 0.2 0 0 0 0 0 0 0 0 0 0 0 0 0 0 0 0 0 0 0 0 0 0 0 0 0 0 0 0 0 0 0 
 64.2 27.8 69 105 60.6 15.4 100.80000000000001 30.200000000000003 41.800000000000004 0 49.2 39 29.400000000000002 43 39.2 57 91.60000000000001 7.6000000000000005 13 40.400000000000006 0.8 0.6000000000000001 0.4 0.8 0.4 0.2 0.6000000000000001 0 0 0.4 0.2 0.6000000000000001 0 1.2000000000000002 1 0.6000000000000001 0.6000000000000001 0.2 0 0.2 0.8 0.4 0 0.4 0.4 0.8 0 1 0.2 0.4 0.4 0.8 0.4 0.2 2 1.4000000000000001 0.4 1.4000000000000001 1 0.4 0 0 0.4 0.4 0.4 0 0.4 1.4000000000000001 1 1.2000000000000002 0.4 0.8 11.600000000000001 0 0.6000000000000001 0.6000000000000001 0 1.2000000000000002 0 0 1.8 0.8 0 3.2 1.8 0 0 0 3.6 0.4 0.4 2.2 3.2 10.8 0.2 3.4000000000000004 3.2 0.8 0 0 0 0 0 0 0 0 0 0 0 0 0.2 0 6.4 0 0 0 0 0 0 0 0 0 0 0 0.2 0 0 0 0 0 0 0 0.2 0 0 0 0 0 0 0 0 0 0 0 0 0 3 0 3.8000000000000003 0 0 3.6 1.2000000000000002 0 0 0 0 0 0 0 3.4000000000000004 3.8000000000000003 0 0 8.6 6 0 0 0 11.600000000000001 9 2 2.8000000000000003 6.6000000000000005 0 9.600000000000001 0.4 0 0 0 0.8 0 0 0 0 0 8.6 1 4 0 0 0 1.8 2.8000000000000003 0.4 0.2 0 0 3.8000000000000003 0.4 0 0 0 0 0 0 0 0 3.6 0 0 0 0 0 0 0 0 0 0 0 0 0 2.8000000000000003 0 0 0 0 0 0 0 0.4 0 0 0 0 0 0 0 0 0 0 2.8000000000000003 0 0 0 0.4 21.400000000000002 0 17.8 0.6000000000000001 0 1 2.4000000000000004 0 0 0 0 0 0 0 0.2 0.2 2.8000000000000003 0.4 0 0 0 0 0 0 0 0 0.4 0 0 0 0 0 0 0 0 0 0 0 0 0 0 0 0 0 
 13.600000000000001 23.6 49.800000000000004 58.800000000000004 76 50.400000000000006 4 48.2 27.6 49.2 0 30.400000000000002 9.8 10 54 21 61.6 54.2 6.2 56.2 0 0 0.4 0 0 0 17.6 15 0 0 0 0 23.6 21.200000000000003 0.4 0.4 0 0 20.6 30.200000000000003 0 0 0 0 0 0 0 0.6000000000000001 0 0 0.2 0 0 0 2 0.6000000000000001 0 0.6000000000000001 0 0 0 0 0 0 0 0 0 0.6000000000000001 0 0.4 0 0 0 0 0.4 0.4 0 0 0 0.4 2.6 4 0 2.4000000000000004 0 20.6 0 0 3.2 0 4.800000000000001 7 0 4 2.6 5.4 2 4.800000000000001 0 0 3.8000000000000003 3 0.6000000000000001 0 0 0 2.2 0 0 0 0 0 8.200000000000001 0 0 3 0.2 2 2.8000000000000003 2.6 0 0 0 0 0.2 0 0 0 0 0 0 0 0 0 0 0 0 0 0 0 0 0 0 0 0 0 0 0 0 0 0 0 1.2000000000000002 0 0 0 0 0 0 0 4.2 2.8000000000000003 2.8000000000000003 0 12.8 3.6 0 0 0 0 2.2 3.4000000000000004 0.8 0 0 3.6 0 0 0 0 2 0 0 0 0 0 2.8000000000000003 4.800000000000001 5.2 0 0 0 3.8000000000000003 0 1.8 0 0 0 5.800000000000001 0 0 0 0 0 0 0 0 0 0 0 0 0 0 0 0 0 0 3.4000000000000004 0 0 0 0 0 0 0 0 0 0 0 0 0 0 0 0 0 0 0 0 0 0 0 2 0 0 0 1.2000000000000002 35.800000000000004 0 0.4 19 0.2 2 0 0 0 0 0 0 0 0 0 0 2 0 0 0 0 0 0 0 0 0 0 0 0 3.4000000000000004 5.2 0 0 0 0 0 0 0 0 0 0 0 0 0 
 50.2 23.400000000000002 68 28.200000000000003 22.400000000000002 11.4 9.200000000000001 21.400000000000002 22.8 39 30.400000000000002 0 9 53.400000000000006 40.800000000000004 7.2 15.600000000000001 90.60000000000001 25.6 47.800000000000004 0.6000000000000001 0 0 0.4 0.4 0.4 0.2 4.6000000000000005 0 0.2 0 0.2 30.6 0.8 0.8 0.8 0 0 0 0.6000000000000001 0 0 0 0 0 0 0 0.6000000000000001 0 0 0 0 0 0 1.2000000000000002 0.6000000000000001 0 0.4 0 0 0 0 0 0 0 0.2 0.8 0.6000000000000001 0 0.6000000000000001 0 0 0 0 0.4 0.4 0 0 0 0.6000000000000001 2.4000000000000004 2 3.4000000000000004 4 5.6000000000000005 0.2 0.8 6.800000000000001 1.6 4.4 8.6 2.8000000000000003 0.2 1.6 0 3 9.200000000000001 8 0 0 1.6 0 0 0 0 0 0 0 0.4 0 0 0 0 0 0 0 0 0 2.4000000000000004 0 0 0 0 0 3 0 0 0 0 0 0 0 0 0 0 0 0 0 0 0 0 0 0 0 0 0 0 0.2 0 0 7 0.6000000000000001 1.2000000000000002 0 0 0 0 0.6000000000000001 0 0 0.2 0 2 1.4000000000000001 0 6.2 0 0.2 6.2 0 3.2 1.4000000000000001 0 0.4 0.4 9.600000000000001 3.2 6.800000000000001 0 0 2 0 0 0 0 0 3.6 1.8 0.6000000000000001 0 0 3 4.2 0.6000000000000001 3.6 4.6000000000000005 0 0 14.200000000000001 0 0 0 0 0 0 0 0 0 0 0 0 0 0 0 0 0 0 0 0 0 0 0 0 0 0 0 0 0 0 0 0 0 0 0 0 0 0 0 0 0 0 0 0 0 0 1 17.400000000000002 0 0 17.400000000000002 0.2 2.2 0.2 0 0 0 0 0 0 0 0 0 0 0 0 0.2 0 0 0 0 0 0 0 0 0 5.2 0 0 0 0 0 0 0 0 3.4000000000000004 0 0 0 0 0 
 10 10.8 26 31.8 66 7.2 151.4 66.60000000000001 26.8 29.400000000000002 9.8 9 0 79.60000000000001 6.800000000000001 17.6 8.4 5.2 69.2 33.800000000000004 0.2 0 0 0 0 0 0.2 0 0 0.4 0 0 0 0.6000000000000001 0.4 0.4 0.2 0 0.2 0 0.2 0 0 0 0 0 0 0.6000000000000001 0 0 0 0 0 0 0 0.6000000000000001 0 0.6000000000000001 0 0 0 0 0 0 0 0 0 0.6000000000000001 0 0.4 0 0 0 0 0.4 0.4 0 0 0.8 0 0 0.6000000000000001 0 2.6 0.2 0 0 0 0 0 0 0 10.200000000000001 2.8000000000000003 0 3.2 0 0.4 4.4 2.8000000000000003 0 0 0 0 0 0 0 0 0 0 0 0 0.2 0 0 0 2.2 0.2 0 0 0 0 0 0 0 0 0.2 0 0 0 0 0 0 0 0 0.2 0 0 0.2 0 0 0 0 0 0 0 0 0 0 0 0 0 0 0 0 0 0 0 0 0 6.4 0 0.2 0 4.4 6.4 11.600000000000001 0 0 2.6 0 0 0 5.800000000000001 1.2000000000000002 0.2 2 0 0 2 0 0 0 0 0 0 0 0 0 0 0 0 0 0 0 0 0.4 0 0 0 0 0 0 0 0 0 0 0 0 0 0 0 0 0 0 0 0 0 0 0 0 0 0 0 0 0 0 0 0 0 0 0 0 0 0.2 0 0 0 0 0 0 0 0.6000000000000001 0 0 0.2 0 0 0.4 0.4 0.2 1.2000000000000002 4.800000000000001 0 0 0 0 0 0 0 0 0 0 0 0 0 0 0 0 0.8 0 0 0 0 0 0 0 0 0 0 0 0 0 0 0 0 0 0 0 0.4 
 41.400000000000006 8.8 12.4 40.800000000000004 14 11.4 26.6 21.8 33.2 43 10 53.400000000000006 79.60000000000001 0 24.200000000000003 26.400000000000002 7.2 18 38.400000000000006 37.6 0 0 0 0 0 0 0 0 0 0 0 0 0 0.6000000000000001 0.6000000000000001 0.4 0.4 0 0 0.2 0.4 0 0 0 3.2 0 0 0.6000000000000001 0 0 0.4 0 0 0 0.2 0.6000000000000001 0 0.4 0 0 0 0 0 0 0 0 0 0.6000000000000001 0 0.6000000000000001 0 0 0 0 0.4 0.4 0 0 0.8 0 2 5.6000000000000005 0 0.4 1.4000000000000001 0 6.4 7 4.4 0.2 8.200000000000001 2.8000000000000003 4.4 15 0.4 2 5.800000000000001 8.200000000000001 0 4.6000000000000005 0 0 0 0 0 0 0 0 0 0 0 0 0 0 0 0 0 0 0 0 0 0 0 0 3 0 0 0 0 0 0 0 0 0 0 0 0 0 0 0 0 0 0 0 0 2.6 0 0 0 0 0 0 0 0 0 0 0 1.8 0 0 5.6000000000000005 0 3.2 0 0 8 5.2 0.8 2.4000000000000004 3.8000000000000003 5.4 2.4000000000000004 1.8 4.6000000000000005 0 7.4 5 0.6000000000000001 0 1 0 0 0 0 0 0 0 0 0 0 0 0 0 0 0 0 0 0 10.200000000000001 0 0 0 0 0 0 0 0 0 0 0 0 0 0 0 0 0 0 0 0 0 0 0 0 0 0 0 0 0 1.4000000000000001 0 0 0 0 3.2 0 0 0 0 0 0 0 0 0 0 0 0.2 0.6000000000000001 0.4 0.2 8.8 0 1 0 0 0 0 0 0 0 0 0 0 2.4000000000000004 0 0 0 0 0 0 0 0 0 0 0 0 0 0 0 0 0 0 0 0 0 0 0 0 0 0 0 
 50.800000000000004 61.400000000000006 18.2 53 19.200000000000003 10.600000000000001 62.2 48.2 76.4 39.2 54 40.800000000000004 6.800000000000001 24.200000000000003 0 16.400000000000002 22.6 38 15.4 42 0.4 0 2.2 0 0 0 0.6000000000000001 0 0 0 0 0 0 0.6000000000000001 1 1 0.4 0 0.2 0 0 0 0 0 0 0 0 0.6000000000000001 0.4 0 0 0 0 0 0 0.6000000000000001 0 1 0 0 0 6.6000000000000005 0 0 0.6000000000000001 0 0 0.6000000000000001 0 1.4000000000000001 0 0 0 5.4 0.4 0.4 0.4 0.6000000000000001 0.8 0 3.6 9 1.8 4.2 2.2 0 7.800000000000001 3.8000000000000003 1.8 5.4 2.4000000000000004 5.800000000000001 5.6000000000000005 2.6 4.6000000000000005 9.8 4.4 3 0 2 0 0 0 0 0 0 0 0 0 0 0 0 0 0 0 0 0 0 0 0 0 0 0 0 0 0.2 0 0 0 0 0 0 0 0 0 0 0 0 0 0 0 0 0 0 0 0 0 0.4 0 0 0 0.6000000000000001 0 0 0 0 0 1.2000000000000002 0 0 3.2 0.8 1.4000000000000001 0.4 6 3.2 0 0.2 12.8 13.600000000000001 0 0 2.4000000000000004 1 8.6 2 3 1.6 0 0 0 0 0 0 0 0 0 0 0 0 0 0 0 0 0 0 0 0 0.2 0 0 0 0 0 0.2 0 0 0 0 0 0 0 0 0 0 0 0 0.4 0.2 0 0 0 0 0 0 0 0 0 0 0 0 0 0 0 2.2 0 0 0 0 0 0 0 0 0 0 0.6000000000000001 0.6000000000000001 0 0.6000000000000001 0.4 0 1.2000000000000002 3.2 0 0 0 0 0 0 0 0 0 0 0 0 0 0 0 0.4 0 0 0 0 0 0 0 0 0 0 0 0 0 0 0 0 0 0 0 0 0 
 6 22.400000000000002 33.4 28.400000000000002 35.800000000000004 38 31 24.8 11.8 57 21 7.2 17.6 26.400000000000002 16.400000000000002 0 13 26.200000000000003 7.2 25.200000000000003 0 0 0 0 0 0.2 1.2000000000000002 15 0.4 0 0.8 7.2 14.600000000000001 15.4 16.2 1.6 0 0 0.6000000000000001 0.4 0.2 0 0.6000000000000001 0.6000000000000001 0.6000000000000001 0 0.4 1.2000000000000002 0.4 1.2000000000000002 0.6000000000000001 0.2 0 0 1.2000000000000002 0.6000000000000001 0 0.6000000000000001 0 0 0.6000000000000001 0.4 0 0.4 0 6.6000000000000005 0.6000000000000001 9.200000000000001 0.4 1.6 1.2000000000000002 0.4 0.6000000000000001 0 0.6000000000000001 0.4 0 0 1 0 2.2 0 2.8000000000000003 5 0 2 9 4 4.800000000000001 4.6000000000000005 4 4.4 4.6000000000000005 8.4 0 2.6 0 3.2 0.2 2.8000000000000003 0 1.8 0 0 0 0 2.8000000000000003 0 0 0 0.4 0 0 2 2 0 0 0.2 0 3 0 0 0 0 6 0 0 0 0 0 0 0.2 0 0 0 0 0 0 4 0 0 0.2 0 0 0 0 0 0 0 0 0 0 0 0 1 0 0 0 0 0 3 0 5.6000000000000005 3.2 5.6000000000000005 3 0 0.8 0 0 5.4 2.6 3.2 4.800000000000001 0 3.4000000000000004 1.6 0 2 0 0 0 0 0 0 0 0 0 0 0 0 0 0 0.2 0 0 0 4.2 6.2 2.2 0 0 0 0 0 0 0 0 0 0 0 0 0.4 3.4000000000000004 0 0.2 0 0.2 0 0 0 0 0 0 0 0 0 0 0 0 0 0 0.4 0 0 5.2 0 0 0 0 0 0 0 0 0 0 0.4 0 0 17.2 0 1 2.6 0 0 0 0 0 0 0 0 0 2.4000000000000004 0 0 0 0 0 0 0 0 0 0 0 0 0 3.6 0 0 0 0 0 0 0 0 0 0 0 0 0 
 38.400000000000006 40.800000000000004 70.60000000000001 17.400000000000002 13.4 115.4 8.6 95.80000000000001 29.400000000000002 91.60000000000001 61.6 15.600000000000001 8.4 7.2 22.6 13 0 14.600000000000001 13.8 29.8 0.6000000000000001 0 0.4 0 1.4000000000000001 0 0.2 0.6000000000000001 0 0 0 0 0.6000000000000001 0.6000000000000001 0.4 0.4 0 0 0.2 14.600000000000001 0 0 0 0 0 0 0 0.6000000000000001 0 0 0 0 0 0 2.4000000000000004 0.6000000000000001 0 0.4 0 0 0 0 0 0 0 0 0.8 0.6000000000000001 0 0.6000000000000001 0 0 5.800000000000001 0 0.4 0.4 0 0 2.4000000000000004 0 0.6000000000000001 6.4 0 0 0.2 4.800000000000001 7 2.8000000000000003 2.8000000000000003 2.8000000000000003 2 2.2 0 1.2000000000000002 2 5.4 3.4000000000000004 5.4 0 0 2 3 1.4000000000000001 0 0 0 0 0 0 0 0 0 4.4 0.4 0 0 0.2 0.2 3 0 0 0 0 0 0 0 0 0 0 0 0 0 0 0 0 0.2 0 0 0.2 0 0 0 0 0 0 0 0 2.8000000000000003 0 0 0 0 1.2000000000000002 0 0 0 0 0 0 0 0.2 1.6 0 0 10.4 6.6000000000000005 3 0 0 0 2.2 4.2 1.8 0 3.6 4.2 1.8 0.2 0.4 0.2 2 0 0 0 0 0 0.4 2.2 3.2 0 0 0 2.6 0 0.2 0 0.4 0 0 0 0 0 0 0 0 0 0 0 0 0 0 0 0 0.2 0 0 0 0 0 0 0 0 0 0 0 0 0 0 0 0 0 0 0 0 0.2 0 0 0 0 0 0 3 0 0 0 0.8 43.400000000000006 0 5 0.4 2.2 3.2 0.4 0 0 0 0 0 0 0 12.600000000000001 0 0 0 0 0.4 0 0 0 0.4 0 0 0 0 0 0 1.4000000000000001 0 0 0 0 0 0 0 0 0 0 0 0 0.4 
 27 7.6000000000000005 34.4 32.2 40.6 6.6000000000000005 24.400000000000002 12.600000000000001 41.400000000000006 7.6000000000000005 54.2 90.60000000000001 5.2 18 38 26.200000000000003 14.600000000000001 0 17.2 24 0 0 0 0.2 0 0 29.6 0 0 0.4 0 0 16.2 12.600000000000001 15.200000000000001 0.4 0.4 0 0.4 7 1.4000000000000001 0 0 0 0 0 0 0.6000000000000001 0 0 0 0 0 0 0 0.6000000000000001 0 0.6000000000000001 0 0 0 0 0 0 0 0 0 0.6000000000000001 0 0.4 0 0 0 0 0.4 0.4 0 0 0 0 2 2.4000000000000004 2.8000000000000003 3.6 1.8 6.6000000000000005 3.2 6.2 7 6 9.4 2 2.8000000000000003 8.6 0 6 3.2 3 0 5 4.2 0 0 0 0 0 4.2 0 2 0 0 0 2.6 0 0 1.8 0 0.2 0 2.2 0 0 1.2000000000000002 0 0 0 0.2 0 0 0 0 0 0 0 0 0.2 0 0 0 0 0 0 0.4 0 0 0 0 0.8 0 0 0 0 0.2 0 0 0 0 2.6 0 0 1.4000000000000001 4.800000000000001 2 4.4 0.2 5.6000000000000005 0 3 7 5 0 0 1.2000000000000002 0 3 0.4 5 0 0.4 0 0.8 0 0 0 0 0 3.2 0 0 0 0 0 0.2 0 0 0 0.4 0 0 0 0 0 0 0 0.2 0 0 0 0 0 0 0 0 0 0 0 0 0 0.2 0 0 0 0 0 0 0 0 0.2 0 0 0 0 0 0 0 0 0 0 0 0 0 0 0 0 0 0.6000000000000001 0.4 0 0.2 17.6 0.4 0.4 0 0.4 0 0 0 0 0 4.4 0 0 0 0 0 0 0 0 0 0.4 0 0 0 0 0 0.6000000000000001 0 0 0 0 0 0 0 0 1.2000000000000002 0 0 0 0 0 
 40.2 17.400000000000002 7.800000000000001 28 16.8 6 75 10.8 33.2 13 6.2 25.6 69.2 38.400000000000006 15.4 7.2 13.8 17.2 0 12 0 0 0 0.4 0 0.4 0.6000000000000001 0 0 0 0 0.6000000000000001 0 0.6000000000000001 0.8 1 0 0 0.2 0 0.4 0 0 0 0 7.6000000000000005 0.2 0.6000000000000001 0.2 0.4 0 0 0 0 6.4 0.6000000000000001 0 0.6000000000000001 0 0.2 0 0 0 0 0 0 0 0.6000000000000001 0 0.4 0 0 0 0 0.4 0.4 0.2 0 0.8 0 3.8000000000000003 0.2 3 4.2 2.2 0 7.6000000000000005 3.8000000000000003 2 4.4 2.4000000000000004 0 1.2000000000000002 0.2 3.6 3.4000000000000004 6.6000000000000005 2 2.6 12.4 0 0 0 0 0 2.6 0 0 0 0 0 0 0 0 0 0 0 0 0 2.4000000000000004 0 0 0 0 0 0 0 3 0 0 0 0 0 0 0 0 0 0 0 0 0 0 0 0 0 0 0 0 0 0 0 0 0 0 0 0 0 0 0 0 5.2 3 3.6 2.2 0 8 5.4 2.6 0.6000000000000001 3.6 1.2000000000000002 0 2.4000000000000004 0.4 0 0.2 5.4 2.2 0 6 4.2 0 0 0 0 0 0 0 0 0 0 0 0 0 0 0 0 0 0 0 0 0 0 0 0 0 0 0 0 0 0 0 0 0 0 0 0 0 0 0 0 0 0 0 0 0 0 0 0 0 4.6000000000000005 0 0 0 0 0 0 0 0 0 0 0 0 0 0 0 0.4 0.2 0.6000000000000001 0 0 0.8 0 0 0 0 0 0 0 0 0 0 0 0 0 0 0 0 0 0 0 0 0 4.2 0 1 0 3.4000000000000004 0 0 0 0 0 0 0 0 0 0 0 0 
 11.4 12.200000000000001 35.6 66.60000000000001 17.6 10.4 78.4 25.400000000000002 15 40.400000000000006 56.2 47.800000000000004 33.800000000000004 37.6 42 25.200000000000003 29.8 24 12 0 0 0 0 0 0 0.2 1.2000000000000002 0 0 0 0 1.2000000000000002 0 0.6000000000000001 1.2000000000000002 1.6 0 0 0.4 0.4 0.4 0 0.6000000000000001 0 0 0 0 12.600000000000001 0.6000000000000001 1.2000000000000002 6.6000000000000005 0 0 0.2 0.6000000000000001 0.6000000000000001 0 0.6000000000000001 0 0 0 0 0 0 0 0 0 0.6000000000000001 0.8 1.2000000000000002 1.2000000000000002 0.4 0 0 0.4 0.4 0 0 0.8 0 1.8 4.4 3 6.4 0 0 4.2 5.4 7 5.800000000000001 1.2000000000000002 4.800000000000001 12.600000000000001 5 3.6 10.4 0 3.2 4.800000000000001 2.8000000000000003 0 0 0 0 0 0 0 3.4000000000000004 0.2 0 0 0 0 0 0 0 0 0 0 0 0 0 0 0 0 0 0 0 0 0.4 0 0 0 0 0 0 0 0 0 0 0 0 0 0 0 0 0 1.2000000000000002 0 0 0 0 0.2 0 0 0 0 1.2000000000000002 0 0 0 2 1.6 2 6 3.4000000000000004 7.2 3.6 5.2 4 0 0 0.4 3.8000000000000003 5.800000000000001 0.4 2.2 0 0 0 0 0 0 0 0 0 0 0 0 0 0.4 0 0 0 0 0 0 0 0 0 0 0.4 0 0 0 0.4 0 0 0 0 0 0 0 0.2 0 0 0 0 0 0 0 0 0 0 0 0 0 0 0 0 0 0 0 0 0 0 0 0 0.4 0 0 0 0 0 0.2 0.6000000000000001 0.4 0 0 17.6 0.2 0.8 4.4 0 0 0 0 0 0 0 0 0 0 0 0 0 0 0 0 0 0 0 0 0.4 0 0 0 0.2 0 0 0 0 0 0 0 0 0 0 0 0 
 0 0 0 0 0 14.8 0 0 0 0.8 0 0.6000000000000001 0.2 0 0.4 0 0.6000000000000001 0 0 0 0 34.4 49.2 11 39.2 17.400000000000002 89 46.400000000000006 15.600000000000001 36 16.8 42.2 10.8 26.8 40 46.2 18.2 68.4 15.600000000000001 6.2 1 0 0 0.4 10.600000000000001 0 0.6000000000000001 0 0 0 0 0 0 0 0.4 0 0 0 25.400000000000002 0 0 0 0 0 0.4 0 0 0 0.2 1.4000000000000001 0 0.2 0 0 0.2 0 0 0 0.4 0 0 0 0 0 1.8 0 0 0 0 0.4 0 0 0 0.2 0 0 3 0 0 0 2.6 6.6000000000000005 2 1.6 7 0 3.4000000000000004 2.2 2.8000000000000003 0.2 2.4000000000000004 14.600000000000001 0 0 8.4 5.6000000000000005 3.6 2.8000000000000003 4.6000000000000005 0 0 0 0 0 0 0 0 0 0 0.6000000000000001 0 0 0 0 0 0 0 0 2.2 3 0 0 0 0 0 0 0 0 0 0 0 0 0 0 0 0 0 0 0 0 1.8 0 0 0 0 0 11.4 0 0 0 0.2 2.4000000000000004 2 0 0 0 0 0 0 0 2 2.6 2.2 3.4000000000000004 5.800000000000001 1.6 0 9.4 6 3 3.6 0 0 0.8 4.4 5.4 0.4 4.4 0 3.6 0.2 0 0 0 0 0 0 0.4 0 0 0 0 2.4000000000000004 0 0.2 0 0 0 8 0 0 0 0 0 0 0 0 0 0 0 0 0 0 0 0 0.4 0 4.6000000000000005 0.2 0 0 0 1.6 0 0 0 0 0 0 0 0 0 0 0 0.2 0 0.2 0.2 0 0 0 0 0 0 0 0 2.8000000000000003 0 0 0 0 0 0 0 0 0 0 0 0 0 0 4.800000000000001 0 0 0 1.8 0 0 0 0 
 0 0 0 0 14.600000000000001 29.8 0 0 0 0.6000000000000001 0 0 0 0 0 0 0 0 0 0 34.4 0 43 58.6 63.2 8 13.200000000000001 20.6 48 44.6 24.6 7 13.600000000000001 9 84 42.6 49 39.400000000000006 27 9.8 0.6000000000000001 0 0 0.4 0.6000000000000001 12.4 0.6000000000000001 0 0 0 0.4 0.4 0 0 0.4 0 0 0 12.200000000000001 0 0 0 0 0 0 0 0 0 0 1.2000000000000002 0.2 0 0.6000000000000001 0 0 0 0 0 0.8 0 0 0 0 0 2 2.6 0 0 0 0 1.8 0 0 0 0 0 0 0.2 0 0 2.8000000000000003 5.6000000000000005 5.4 4 0 0.2 2.6 2 0.4 6 0.2 3.6 0 1.8 0.2 2.8000000000000003 3 1.6 2.8000000000000003 1.8 0 0 0 0 0 0 0 4 0 0 0 0 0.4 0 0.4 0 0 0 0.6000000000000001 3 0 0.6000000000000001 0 0.2 0 0 0 0 0 0 0 0 0 0 0 0 0 0 0 0 0 0 0 0 0 0 1.4000000000000001 0 0 0 0 0.2 1 0 0 0.2 0 0 0 0 2 8.6 12.600000000000001 11.200000000000001 0 0 0 3 4.4 12.600000000000001 4 1.8 0.2 5.2 1.2000000000000002 4.800000000000001 1.8 0.4 0 2.4000000000000004 0.2 0 0 0 0 0 0 0 0 0 0 0 0 0 1.8 0 0.2 0 3.6 0 0 0 0 0 0 0 0 0 0 0 0 0 0 0 0 0 0.2 0 0 0 0 0 0.2 0 0 0 0.2 0 0 0 0 0 0 0 6.2 0.2 0.4 15.4 17 0.4 0.4 0 0 0 0 0 1.8 0 0 0 0 0 0 0 0 0 0 0 0 0 0 0.2 0 0 0 0 0 0 0 0 
 0 0 0 0 11.8 8 0 0.2 0 0.4 0.4 0 0 0 2.2 0 0.4 0 0 0 49.2 43 0 48 25 69.8 22.8 90.2 34.800000000000004 10.4 46.800000000000004 8.4 13.600000000000001 10.200000000000001 13 131.4 29.200000000000003 53.2 16.8 57.6 0.6000000000000001 0 0.2 0.4 0.6000000000000001 0 0.6000000000000001 0 12.4 0 0 0 0 0 0.4 0 0 0 3.4000000000000004 12.4 14.4 0 0 0 0 0 0 0 0 0.8 0 0 0 0.2 0 0.2 0 0 0.4 0.8 0 0 0 0 0 0 0 0 0 0 0.4 0 0 0 0 0 0 0 0 0.2 3 0 8.4 1 7.2 0.6000000000000001 0.4 1.6 2.4000000000000004 2.4000000000000004 3.6 4 0.2 3.6 4 3.8000000000000003 6.4 1.8 0 2.4000000000000004 0 0 0 0 0 0 0 0 0 0 0 0 2.4000000000000004 0 1.8 0 0 0 1.8 3.8000000000000003 0 0 0 0 0 0 0 0 0 0 0 0 0.4 0 0 0.2 0 0 1.6 0 1 0 0 0 0 0 0.8 0 0 0 0.6000000000000001 2.4000000000000004 2.8000000000000003 0 0 0 0 0 0 0 1.2000000000000002 3 0 9.600000000000001 2.6 0 0 0 2 1.6 2 0 4 2 15.600000000000001 2.4000000000000004 3 7 0 2.4000000000000004 0 0 0 0 0 0 0 0 0.2 0 0 0 2 0 0 0 0 0 5.2 2.4000000000000004 0 0.4 0 0 0 0 0 0 0.2 0 0 0 0 0 0 0 0.4 0 0 0 0 0 1.8 0 0 0 0 0 0 0 0 0 0 0 19.400000000000002 0 0 11 0 0.6000000000000001 0.4 0.2 0 0 0 0 0 0 0 0 0 0 0 0 0 0 0 0 0 2.8000000000000003 0 0.2 0 0 0 0 1.8 0 0 0 
 0 10 0 0 0 0.2 0 0 0.4 0.8 0 0.4 0 0 0 0 0 0.2 0.4 0 11 58.6 48 0 35.2 20.400000000000002 20 44.800000000000004 33.2 27.8 29.400000000000002 27 12.200000000000001 25.200000000000003 16.6 25 27.6 28.400000000000002 27.8 13.8 0.4 0 0 0.4 0.6000000000000001 0 13.200000000000001 8.200000000000001 0 0 0 0.2 0.2 0 0.4 1 0 0 0 0 0 0.6000000000000001 0 0 0 0 0 0 0 0.4 0 0 0 0 0 0 0 0 0.4 0 0 0 0 0 0 0 0 0 0 0 0 0 0 0 0 0 0 0 0 0 5.4 0 5.2 3 3 3.4000000000000004 0 1.6 4.800000000000001 1.6 4.2 0 6.800000000000001 3 4.2 2.2 5.6000000000000005 4.800000000000001 0 0 3.2 1.8 0 6.800000000000001 0 0 4 0.2 0 0 0 0 3.2 0 9 0 0 0 0.2 7.800000000000001 0 0 5.800000000000001 0.2 0 0 0 0 2.6 0 0.4 0 0 0 0 0 0 0 0 0 0.4 0 0 0 0 0 0 0 0 0 0 0.8 0 0 0.4 0 0 0 0 0 1.6 2 0 0 1.4000000000000001 8.200000000000001 0 0 0 0 0 0 2 1.8 2.8000000000000003 0 10 8.8 0 1.2000000000000002 0 0 8.4 0 0 0 2.8000000000000003 3.6 0 0 0 0 5.800000000000001 0 0 0.2 0 0 2.4000000000000004 2.6 0 0 0 0 0 0 0 0 0 0 0 0 0 0 0 0 0 0 0 0 0 0 0 0 0 0 0 0 0 0 0 0 0 0 0.4 0 0 32.2 0 0.4 15.600000000000001 0 0 0 0 0 0 0 0 0 0 0 0 0 0 0 0 0 0 2.8000000000000003 0 0 0 0 0 0 1.6 0 0 0 
 0 0 0 0 0 0.6000000000000001 0.4 0 0 0.4 0 0.4 0 0 0 0 1.4000000000000001 0 0 0 39.2 63.2 25 35.2 0 62.800000000000004 10.200000000000001 13.200000000000001 37 22 45.2 38.2 30.400000000000002 11.8 60.2 16.400000000000002 85.4 9.8 12.8 12.4 0.2 0.2 56 0.4 0.6000000000000001 0 12.8 10.8 0 0 0 0 12.4 12.4 0.6000000000000001 0 0 0 30.8 13.600000000000001 0 0 0 0 0 10.4 1.2000000000000002 1 0 0.4 0 0 0 0 1.2000000000000002 0 0 0 0.2 0 0 0 0 0 7.4 0 0 0 0 0 0.4 0 0 0 0 0 0 0 0 0 0 2.4000000000000004 3 2.8000000000000003 6 2.8000000000000003 0 0 2 5 4.2 7.800000000000001 0 0 2.4000000000000004 4.2 0 0.2 0 0 4 1.6 2 2.2 0 0 2.4000000000000004 2.8000000000000003 5.6000000000000005 0 2.6 0 0.4 0 3.4000000000000004 0 0 0.4 3.8000000000000003 4 0 0 2 1 0 0 0 0 0 0 0.4 0 0 0 0 0.4 0 0 0 0 0 0 0 0 0 0 0 0 0 0 0 0.6000000000000001 0 0 0 0 0 0 0 0 0 0.8 2.8000000000000003 5.4 2 1.2000000000000002 0 1.4000000000000001 0 0 5.2 0 2 0 2.4000000000000004 4 5 3.6 0 0 5.2 2.4000000000000004 3.2 0 0 0 3.6 7 3 0 7.6000000000000005 0 6.6000000000000005 3 0 2.4000000000000004 1 0 2.2 6 0 0.2 0 0 0 0 0 0 0 0 0 0 0 0 0 0 0 0 0 0 0 0 1.6 0 0 0 0 0 0 0 0 0.2 0 0 3.6 0 0.6000000000000001 1 0 0.6000000000000001 0 0.2 0.2 0 0 0 0 0 0 0 0 0 0 0 0 0 0 0 0 0 0 3.4000000000000004 0 0 0 2 0 0 0 0 
 0 1.8 0 0.8 0 0.2 0 0 0 0.2 0 0.4 0 0 0 0.2 0 0 0.4 0.2 17.400000000000002 8 69.8 20.400000000000002 62.800000000000004 0 23.8 63.6 58.400000000000006 39.2 14 34 7.4 69 69.8 45.2 55.6 16 9.4 12.4 13 13 12.8 1.2000000000000002 0.6000000000000001 0 20 31.8 0 0 0 0 0.4 16.2 0.8 0 0.6000000000000001 13 13 5.2 0 0 0.2 0 0 0 0 0.6000000000000001 0.4 0.4 0 0 0.6000000000000001 0 0.8 0 0 0 0.6000000000000001 0 0 0 0.4 0 0 0 0 0 0 0 0 0 0 0 0 0 0 0 0 0 0 2.4000000000000004 0 1.8 8.200000000000001 3.4000000000000004 4.800000000000001 0 0 0 2.4000000000000004 8.6 0 0 3.4000000000000004 5.4 10 1.8 0 0 1.8 3.4000000000000004 0 2 0.2 2.2 8.200000000000001 3.2 0.2 2.6 5.6000000000000005 0 1.2000000000000002 0 7.800000000000001 0 0 2 14.4 2.6 0 0 0 0 0 0 0 0 0 0 0 0 2.2 0 0 0 0.4 0 0 0 0 0 0 0 0 0.4 0 0 0 0 0 0 0 3.2 0 0 0 0 0 0 0 0.2 0.2 1.6 6.800000000000001 4.2 0 0 2.6 2 0 0 0 0 2.8000000000000003 0.2 0 2.6 0 0 2.4000000000000004 12.200000000000001 0 3.8000000000000003 1.2000000000000002 0 3.2 1.8 4.4 2.2 10 0 12.8 0 0 2.8000000000000003 4.6000000000000005 0.4 1.8 1.2000000000000002 0 0 0 0 0 0 0 0 0 0 0 0 0 0 0 0 0 0 0 0 0 0 1.8 0 0 0 0 0 0 0 0.2 0 0 0.2 2.4000000000000004 1.4000000000000001 0.2 1 0 0.2 0.2 1.4000000000000001 0 0 0 0 0 0 0 0 0 0 0 0 0 0 0 0 0 0 0 6 0 0 1.8 0 0 0 0 0 
 0 0 0 0 19.8 0.8 0 0 0 0.6000000000000001 17.6 0.2 0.2 0 0.6000000000000001 1.2000000000000002 0.2 29.6 0.6000000000000001 1.2000000000000002 89 13.200000000000001 22.8 20 10.200000000000001 23.8 0 80.2 72.2 6.4 67.2 47 29.400000000000002 42.800000000000004 69.4 22.6 9 24.8 11.200000000000001 112.4 12 0 0 0.4 0.6000000000000001 12.600000000000001 0.6000000000000001 0 0 0 0 0 0.2 0 0.4 0 0 0 0 0 0 0 0 0 0 0 0 0 0 0.6000000000000001 0 0 0 0 0 0 0 0 0.4 0 0 0 0 0 4.4 6.2 0 0 1.6 2.4000000000000004 3 11 0 0.2 0 0 0 0 0 0 4.2 1.4000000000000001 0 1.4000000000000001 2.4000000000000004 0 4.2 2.6 4.800000000000001 0.2 3.8000000000000003 0.6000000000000001 3.6 0 2 1.8 8 4.4 2.2 7.6000000000000005 0 0 0 0 0 0 1.6 0 0 0 0 0 4 0 0 0 3 0 0 3.4000000000000004 0 0 0 0 0 0 0 0 0 0 0 0 0 0 0 0 0 0 0 0 0 3.4000000000000004 0 1.8 0 2.6 0.4 0 0 0 0 0.2 0 0 0 0 2.6 0.4 0 1.8 2.8000000000000003 4.800000000000001 5.4 0 3.4000000000000004 5.800000000000001 6.6000000000000005 4.6000000000000005 0 0 0 0 3.2 5.800000000000001 8.6 2 0.6000000000000001 5.800000000000001 2.2 0 0 3.2 0 0 0 2.4000000000000004 0 0 3 2.6 0 0 4.6000000000000005 0 0 0 0 0 0 0 0 0 0 0 0 0 0 0 0 0.2 0 0 0 0 0 0 0 0 2.8000000000000003 0 0 0 0 0 0 0 0 0 0 5.800000000000001 0 0 0 0 1 0.4 0 0 0 0 4 0.4 0 0 0 0.2 0 0 0 0 0 0 0 0 0 0 0 0 0 2.2 0 0 0 0 0 0 0 0 0 6 
 0 0 0 0 0 18 0 0 0 0 15 4.6000000000000005 0 0 0 15 0.6000000000000001 0 0 0 46.400000000000006 20.6 90.2 44.800000000000004 13.200000000000001 63.6 80.2 0 91 7 32.4 51 52.6 12 38.6 22.6 41.2 12.4 10 27.200000000000003 0.6000000000000001 0 0 41 0.6000000000000001 0 0.6000000000000001 0 0.4 0 19.200000000000003 0 0.2 0.4 0.6000000000000001 8 0 0.2 0 0 0 0 0 0 0 9.8 0 0 0 0.4 0 0 0 0 0 0 0 0 0.2 0.6000000000000001 0 0 0 0 0 0 0 0.2 0 0 0 2.4000000000000004 0 0 3.6 0 0 0 0 0 13.600000000000001 3 2.4000000000000004 1.8 2.2 0 0 2.8000000000000003 2.4000000000000004 0.2 3.6 0.6000000000000001 1.8 4.6000000000000005 6 1.8 3.4000000000000004 8.6 0.4 2.8000000000000003 0 0 0 0 0 0 1.6 0 0 0 0 0 9 0 0 0 0 0 0.2 2 0 0 0 0 0 0 0 0 0 1 0 0 0 0 0 0 0 0 0 0 0 0 0 0 0 0 0 0 0 0 0 1.4000000000000001 3.8000000000000003 0 0 0 0.4 0 0 0 3.4000000000000004 2.6 0 0.4 5.4 3.6 4.800000000000001 5.4 0 2.4000000000000004 4 1.6 2.4000000000000004 0.8 12.8 4.6000000000000005 2.4000000000000004 2.8000000000000003 2.2 4.4 0 0 0 0 0 0 0 0 0 0 0 0 4.4 0 0 0 0 0 0 0 0 0 0 0.4 0 0 0 0 0 0 0 0 0 3 0 0 0 0 0 0 0 0 0 0 0 0 0 0 0 0 0 0 0 0 2.8000000000000003 0.4 0 0 1.2000000000000002 0 0.2 0 0 0 0 0 0 0 0 0 0 0 0 0 0 2.2 0 0 0 2.8000000000000003 0 0 0 0 0 2 0 0 0 0 
 0 0 0 0 0 0 0 8.8 0 0 0 0 0 0 0 0.4 0 0 0 0 15.600000000000001 48 34.800000000000004 33.2 37 58.400000000000006 72.2 91 0 63.6 26.400000000000002 53.6 56.6 34.800000000000004 66.2 21.8 24.400000000000002 89.4 12.200000000000001 11.4 0.2 0 0 0.4 0.6000000000000001 0 0.6000000000000001 0 0 0 0 0 0.4 0 0.4 0.4 0 0 25 0 0.2 0 0 0 0 0 0.4 0 0 0.4 0 0 10 0 9 0 0 0 0.4 0 0 0 0 0 0 0 0 0 0 0 0 0 0 0 0 0 0 0 0 0 0 0 4.800000000000001 7.4 0 0 0 0 2 10.4 7 4.6000000000000005 0 0 5.6000000000000005 3.6 12.200000000000001 6.4 0 0 1.8 0 0 0 0 0 2.2 3.8000000000000003 1.6 0 0 0 2.2 0 0 0 0 0 0 3.6 0 0 0 1 0 0 0 0 0 0 0 0 0 0 0 0 0 0 0 0 2 0 0 0 0 0 1.6 0 0 0 0 0 2 0 0 0 3 0 0 1.4000000000000001 0 6.4 6.4 3.2 1.8 3.8000000000000003 0 2.4000000000000004 0.4 0 4.800000000000001 2 0 0.8 0.6000000000000001 5.4 6 3.8000000000000003 0 0 3 0 1.8 0 0 0 0.2 3.2 0 0 0 0 4.6000000000000005 0 1.4000000000000001 0 0 0 10.8 0 0 0 0 0 0 0 0 0 0 0 0 0 0 0 0 0 3.2 0 0 0 0 0 0 0 0 0 0 0 0 0 0 0 0 0 1.6 0.4 0 21.8 8.4 0 0 0 0 0 0 0 0 0 0 0 0 0 0 0 0 0 0 0 0 0 0 0 0 0 0 0 0 0 0 0 
 0 0 0 0 0 6 0 0.2 0 0.4 0 0.2 0.4 0 0 0 0 0.4 0 0 36 44.6 10.4 27.8 22 39.2 6.4 7 63.6 0 14.4 38 12.200000000000001 18.8 19 29.6 30.400000000000002 32 32.2 16.8 0 0.2 0 1 1.2000000000000002 0 1.2000000000000002 0.2 0 0.6000000000000001 0.6000000000000001 0 13 0 0.8 1.2000000000000002 0 0 18 25.400000000000002 0 0.2 9.8 0 0.8 0 0.6000000000000001 0.6000000000000001 0 5.4 0.2 1.2000000000000002 1.2000000000000002 0 0 0 1.4000000000000001 0 0.4 0.2 0 0 0 0 0.8 0 0 0 0 0 0 0 1 2.6 0 0 0 0 0 0 0 2.8000000000000003 1.8 6.6000000000000005 0.2 9.200000000000001 2.2 2.8000000000000003 0 10 2.4000000000000004 0 0 0 0 0 0 1.4000000000000001 3.8000000000000003 0 6 0 2.2 0 0 0 0.2 5.6000000000000005 2.4000000000000004 0 0 0 2 0.2 0.2 0 0 4.2 0 2.6 0 0 2 1.2000000000000002 0 0 0 0 0 0 0.2 0 0 0 0 0.2 0 0 0 0 0.6000000000000001 0 0 0 0.4 0 0.2 0 0 0 1.6 0 2.2 0 0 0 0 0 0 0 1.6 0 9.600000000000001 6.6000000000000005 0 0 0 1.8 7.4 3.6 23.6 15.200000000000001 0 1.8 0 1.6 2 0.2 0.2 3.6 4.2 0 7.4 0 0 0 2 4.6000000000000005 2.6 0 0 0 0 0.2 1.4000000000000001 0 0 0 2 8.6 0 0 0.2 0 0 0 0 0 0 0 0 0 0 0 0 0 1.8 0 0 0 0 0 0 0 0 0 0 0.4 0 0 0 0 0 0 1.8 0 0.2 8.200000000000001 14.600000000000001 0 0 0 0.2 0 0.4 0 1.8 0 0 0 0 0 0 0 0 0.2 0 0 0 0 0 0 0 0 0 0 0 0 0 0 
 0.4 0.8 0 0.6000000000000001 0 0 0 0 0 0.2 0 0 0 0 0 0.8 0 0 0 0 16.8 24.6 46.800000000000004 29.400000000000002 45.2 14 67.2 32.4 26.400000000000002 14.4 0 29 23.400000000000002 39.6 50.800000000000004 63.2 38.6 14.4 12.200000000000001 71.4 0.6000000000000001 0 0 0.4 0.6000000000000001 0 0.6000000000000001 0 0 0 0 0 12.4 0 14.600000000000001 0.2 0 0 0 15.600000000000001 0 0 0 0 0 0 0 0 0 0.6000000000000001 0 0 1.4000000000000001 0 0 0 0 0 0.4 0 0 0 0 0 0 0 0 0 0 0 0 0 0 0 0 0 0 0 0 0 10.200000000000001 0.2 4.6000000000000005 1.4000000000000001 6 0.2 0 0.2 0.6000000000000001 2.6 2.8000000000000003 3.8000000000000003 0.4 1.8 10 7 0 1.6 0 0 0 0 0.2 0 0 0 0 2.4000000000000004 0 0 0 0.2 0 0 0.2 0 0 0 0 2.2 0 0 0 0 0.4 0 0 0 0 0 0 0 0 0 0 0 0 1.4000000000000001 0 0 0 0 0 0 0 0 0 0 0 0 0 0 0 0 0 0 0 0 0 0.4 2.6 11.4 0.2 2.4000000000000004 4.800000000000001 9.200000000000001 0 0 0 8.4 1.8 3.2 2.6 4.800000000000001 0 0.2 4.4 6 0 4.800000000000001 0 0 0 0 0 0 4.2 2 0 0 0 0 0 0 3.8000000000000003 0 3 0 2.8000000000000003 2.6 0 0 0 0 0 0 0 0 0 0 0 0 0 0 0 0 0 0.4 0 0 0 0 0 0 0 0 0 0 0 0 0 0 0 0 2.4000000000000004 0 0.4 0.8 8.4 0 0.2 0 0 0 0 0 3.8000000000000003 0 0 0 0 0 0 0 0 0 0 0 0 0 0 5.2 0 0 0.4 0 0 0 0 0 
 0 0 0.4 0 0 0.4 0 0 0 0.6000000000000001 0 0.2 0 0 0 7.2 0 0 0.6000000000000001 1.2000000000000002 42.2 7 8.4 27 38.2 34 47 51 53.6 38 29 0 8.8 8.6 5.2 10 31.8 76.2 6.6000000000000005 7 0 12.8 13.600000000000001 0.4 0.6000000000000001 0 7.2 19.200000000000003 0 0 0 1.8 16.2 12.4 26 0 0 0 13.600000000000001 25.200000000000003 0 0 0 0 0 0 0 14.200000000000001 0 0.6000000000000001 0 0 0 0 1 0 0 0.4 0.4 0 0 0 3.2 0 0.2 0 0 9.600000000000001 0 0 0 0 0 0 0 0 0 0 0 0 0 0 0 0 4 3 2 0 0 0 0 2.6 0 0 0 0 0 0.2 0 0 1.4000000000000001 7.2 2.8000000000000003 2.2 0 0 7.6000000000000005 3 5.2 6.800000000000001 4.800000000000001 0 0.4 0 6 0 0 0.2 13.4 2.4000000000000004 0 0 0.2 1.6 0 0 0 0 0 0 1.6 0 0 0 0 0 0 0 0 0 0 0 1 0 0 0 0 0 0 0 0 0 0 0 0 0 0 0 0 0 0 0 0 0 4.4 5.800000000000001 0 0 0.8 2.2 7.4 0 0 0 0.2 0 0 0 0 0 4.4 3.4000000000000004 0 0.2 0 0 8.200000000000001 5 6.2 0 2.8000000000000003 0.4 4.800000000000001 2.6 0 2 2 0.2 0 3.8000000000000003 0 0 0 0 0 0 0.2 0 0 0 6 0 0 0 0 0 0 0 0 0 0 0 0 0 0 0 0.4 0 0.2 0 0 0 0 0 3 0.2 0.4 0.2 0 0.4 1.4000000000000001 0.4 2.2 0.2 0 0 0 0 0 0 0 0 0 0 0 0 0 0 0 0 0 0 0 0 0 0 0 0 0 0 
