 0 34.2 77.4 10 29.6 26.8 12.600000000000001 28.6 45.800000000000004 26.8 23.6 30 45 52.400000000000006 50.2 4.800000000000001 37.6 48.800000000000004 16 24.200000000000003 0 19.200000000000003 0.6000000000000001 0 0 0 0 0 0.6000000000000001 0.4 0 0 0 0 0.6000000000000001 0.6000000000000001 0 0 0 0 0.6000000000000001 0 0 0.4 0 0 0 0 0.4 0 0 0.6000000000000001 0.6000000000000001 0 0 0.8 0 0 0 0 0 0 0 0 0 0 0 0.4 7.4 0.6000000000000001 8 0.4 0.4 0.4 0 0 0.6000000000000001 0.4 0 0 0.4 0.4 0.2 3.2 0.2 0 3 4.4 3.8000000000000003 3.2 3 0 3.2 2 2 2 0.6000000000000001 3.8000000000000003 7.4 3.2 0 0 0 0 0 0 0 0 0 0 0 0 0 0 0 0 0 0 2 0 3.6 0 0 0 0 0 0 0 0 0 0 0 0 0 0 0 0 0 0 0 0 0 0 0 0 0 0 0 0 0 0 0 0 0 0 0 0.8 1 0 0 3 3.8000000000000003 5.2 0 0.2 5.6000000000000005 3 0 5 0 0 0 4.6000000000000005 5.6000000000000005 3.2 5 0 1.8 0 6.2 0 0 0 0 0 0 0 0 0 0 0 0 0 0 0 0 0 0 2.6 0 0 0 0 0 0 0.2 0 0 0 0 0 0 0 0 0 0.2 0 0 0.4 0 0 0 0 0 0 0 0 0 0 0 0.4 0 0 0 0 0 0 0 0 0 0 0 0 0 0 0 0 0.4 18.2 17.400000000000002 0.4 0.8 0 0 0 0 0 0 0 0 0 0 0 0 0 0 0 0 0 0 0 0 0 0 0 3.4000000000000004 0 0 0 0 0 0 0 0 0 0 0 0 0 0 
 34.2 0 49.800000000000004 15.200000000000001 30.400000000000002 50 31.200000000000003 49.6 29.400000000000002 38.800000000000004 6.2 7 36.6 16.8 32.4 45.6 36 55.6 29.8 18.8 0 0 0.6000000000000001 0 0 0.2 0 0 0.8 0 0 0.4 0.2 0.2 0 0.6000000000000001 0 0 0 0 0.6000000000000001 0 0 0 0 0 0 0 0 0 0 0.6000000000000001 0.6000000000000001 0 0 0 15 0 0 0 0 1.4000000000000001 0 0 0 0 0 0 0 0 0.8 0.6000000000000001 0 0.4 0 0 0.6000000000000001 0 0 0 4.800000000000001 6.6000000000000005 0 0 1.4000000000000001 0 5 0 0.2 0 0 2.8000000000000003 3.2 0 3 9.600000000000001 1.2000000000000002 5.800000000000001 5.6000000000000005 0 0 0 0 0 0 0 0.2 0.4 0 0 0 0 0 0 0 0.4 0.2 4 0 1.6 0 3 0 0.4 0 0 0 0 0 0 0 0 0 0 0 0 0 0 0 0 0 0 0 0 0.4 0 0 0 0 0 0 0 0 0 0 0 0 0 0 0.4 0 0 0.6000000000000001 0 5.4 0 0.2 2.8000000000000003 3.4000000000000004 5.800000000000001 3.2 0 0 0 1.8 0 0 0 4 0 0 0 0.4 0 0 0 0.8 6.4 0 0 0 0 2.8000000000000003 0 0 0 0 0 0 0 0 0 0 0 0 0 0 0 0 0 0.2 0 0 0 0 0 0 0 0 0 0 0 0 0 0 0 0 0 0 0 0 0 0 0 0 0 0 0 0 0 0 0 0 0 0 0.4 0.2 0 0.4 0.8 0.4 3 0 0 0 0 0 0 0 0 0 0 0 0 0 0 0 0 0 0 0 0 0 0 0 0 6 0 0 0 0 0 0 0 0 0 0 0 0 3 
 77.4 49.800000000000004 0 19.400000000000002 11 24 11.200000000000001 73.4 39.800000000000004 26.400000000000002 15 5 75 44.6 27.8 12.200000000000001 63.6 34.2 16.8 32.800000000000004 0 0 1 0 0 0.6000000000000001 15.4 0 0.8 0 0.2 0 0 0 0 0.6000000000000001 0 0 0 0 0.6000000000000001 0 0 0.4 1.8 0 0 0 0 0 0 0.4 0.6000000000000001 0.2 0 0.2 0 0 0.8 0 0 0 0 0 0.4 0 0 0 0 0 0.4 0.4 0 0.6000000000000001 0 0 1.2000000000000002 0 0 0 2 2.4000000000000004 2.6 3.2 2.2 2 1.6 0 3.2 6.800000000000001 0 8.200000000000001 6 0 4 2.6 2.8000000000000003 1.8 6 0.2 1.8 2.8000000000000003 0 0 0 0 0.2 0.2 0 0 0 0 0 0 0 0 0 0 0.4 0.2 0 0 0.4 0 0.4 0.2 0 0 0 0.2 0 0 0 0 0 0 0.4 0 0 0 0 0 0 0 0 0 0 0 0 0 0 0 0 0 0 0 0.4 0.8 0 0.4 4.4 0.6000000000000001 0 1.4000000000000001 0.6000000000000001 4 0 0 6 4 2 3 6.2 0 3 0.2 2.8000000000000003 2.8000000000000003 0 1.8 1.8 0.2 4.800000000000001 0 0 0 4 0 0 0 0 0 3.6 0 0 0 0 0 2.4000000000000004 0 0 0 0 0 0 0 0 0.4 0 0 0 0 0 0 0 0 0 0 0 0 0 0 0 0 0 0 0 0 0 0 0 0 0 0 0 0 0 0 0 0 0 1 0 0 0 0.4 0 0 0.4 12.4 2.6 2.2 0 0 14.600000000000001 0 0 0 0 0 0 0 2.6 0 0 0 0 0 0 0 0 0 0 0 0 0 0 1.4000000000000001 0 0 0 0 0 0 0 0 0 0 0 0 
 10 15.200000000000001 19.400000000000002 0 43.800000000000004 10 17.8 75 14.200000000000001 25.200000000000003 10.200000000000001 44.400000000000006 34.2 19 17.400000000000002 9.200000000000001 26 55.800000000000004 34.2 11.200000000000001 0 0 0.6000000000000001 0 0 0 29.6 5.2 15 0 0 0 14.8 30.6 0.4 0.6000000000000001 0 0 14.8 0 14.8 0 0 0 0.2 0 0 0 0 0 0 0.6000000000000001 0.6000000000000001 0 0 0.6000000000000001 12.8 0 0 0 0 0 0 0 0 0 0 1.4000000000000001 0 0 0.4 0.6000000000000001 0 0.4 0 0 0.6000000000000001 0 0 0 0 2 0 3.2 0 0.2 2.4000000000000004 2.8000000000000003 0 3.8000000000000003 0 4.6000000000000005 0 2 0 3.2 2.6 2.8000000000000003 0 0 0.2 3.4000000000000004 0.4 0 0 0 2.6 7.4 0 0 0 0 0 10.4 0 2.8000000000000003 0 0 3.8000000000000003 2 0 0 0 0 0 0 0 0 0.4 0 0 0 0 0 0 0 0 0 0 0.2 0 0 0 0 0 0 0 0 0 0 0 0 0 0 0 3.4000000000000004 0 0 0.2 0 2.2 0 0 5.800000000000001 13.8 0 0 0 4.2 0.4 3.6 0 0 0 0 2.4000000000000004 0 0 0 0 4 7.6000000000000005 2.6 0 0 0 0 0 3.8000000000000003 2.8000000000000003 0.2 0 0.2 0 0 2.2 3.4000000000000004 0 6 4.2 0 0 0 0 0.2 0 0 0 0 0 0 0 0 0 0 0 0 0 0 0 0 0 0 0 0 0 0 0 0 0 0 0 0 0 0 0 0 0 0 0 0 0 0 0 0 0.8 0.4 0 0 0 0.4 0.8 0 0 0 0 0 0 0 0 0 0 0 0 0 0 0 0 0 0 0 0 0 0.4 0 1.6 2 0 0 0 0 0 0 0 0 0 0 0 0 0 
 29.6 30.400000000000002 11 43.800000000000004 0 19.400000000000002 24.8 67 13.8 18.2 31.6 61.6 21.6 57.400000000000006 23.200000000000003 28.400000000000002 27.6 13.200000000000001 19.6 14 0 14.200000000000001 0.6000000000000001 0 0 0.2 16 5.2 16.400000000000002 0.4 0 0 15.4 15 0 0.6000000000000001 0 0 30.200000000000003 0 0.6000000000000001 0 12.8 0 0 0 0.2 0 0 0 0 0.6000000000000001 0.6000000000000001 0 0 0 9.200000000000001 0 0 0.4 0 0 0 0 0 0 0 0 0 0 0.4 0.4 0 6.800000000000001 0.6000000000000001 0 0.6000000000000001 0 0 0 0.2 0 0 2.2 2 8.4 0 4.6000000000000005 3.8000000000000003 0 0.2 4.6000000000000005 0 2 0 2.4000000000000004 10.4 3 0 0 4.4 3.8000000000000003 3.2 0 0 0 5 4.800000000000001 0 2 0.4 0 0.8 3.8000000000000003 1.8 4 0 3.8000000000000003 0 5.800000000000001 0 0 0 0 0 0 0 0 0 0 0 0 0 0 0 0 0 0 0 0 0 0 0.4 0 0 0 0 0 0 0 0 0 0 0 0 0 0 0 0 0 2.2 0 0 0 7.800000000000001 0 0 0 3.6 0 1.6 0.2 0 0 0 3.6 0 0 0 0 10 5.2 0 0.2 0 0 4.2 0.6000000000000001 6 2.8000000000000003 2.4000000000000004 0 4 0 2 1.2000000000000002 5.800000000000001 3.4000000000000004 4.4 5.2 0 0 0 0 0 0.4 0 0 0 0 0 0 0 0 0.4 0.4 0 0 0.2 0 0 0 0 0 0.4 0 0 0 0 0 0 0 0 0 0 2.8000000000000003 0 0 0.2 0.2 0 0 0 0 0 0 0.2 0 0.2 0.2 0.4 0.4 0 0 0 0 0 0 0 0 0 0 0 0 0 0 0 0 0 0 0 0 0 0 0 0 4.800000000000001 0 0 0 0 0 0 0 0 0 0 0 0 0 
 26.8 50 24 10 19.400000000000002 0 6.6000000000000005 11.600000000000001 63 16.400000000000002 14.4 17.6 4.6000000000000005 8.8 16.6 10.600000000000001 12.600000000000001 30.400000000000002 8.200000000000001 10.600000000000001 15 14.8 15.4 0 0.2 0 56.6 14.8 31 15.4 0 0 0 29.6 0.2 0.6000000000000001 0 0 1.4000000000000001 11.8 0.6000000000000001 0 0 0 1.2000000000000002 0 0 0 0 0 0 0.4 0.6000000000000001 0 0 0 0 0 1.4000000000000001 0 0 0 0 5.4 0 0 0 0 0 10.600000000000001 0 0.4 0 0.6000000000000001 0.2 0 0.6000000000000001 0 0 0 0 0 0 5.2 3.8000000000000003 0.8 0.2 0 0 0 0.2 5.2 0 0.4 2.6 2.2 3.2 0 0 0 4.2 2 2.6 0 2.2 2.2 0 9.4 0 2 3.4000000000000004 1.8 3.2 4 5.2 5.800000000000001 1.8 5.6000000000000005 2.2 4.2 0 0 0 0 0.2 0 0 0 0 0 0 0 1.2000000000000002 0 0 2 0 0 0 0 0 0 1.8 0 0 0.2 0 0 0 0.4 0 0.2 0 0 0 0 0 0.2 0 0 0 0 0 0.2 3 0.2 0 0 5.2 0 0.4 3.6 0 0 0 0 0 2.2 0 0 4.4 3.4000000000000004 2.6 0 1 0 5.6000000000000005 0.2 0 3 0 3 5.4 3.2 0 0 7.2 3.2 0.2 0 0 0 0.2 0 0 0 0 0.2 0 0 0 0 0 0 0 0 0 0 0 0 0 0 0 0 0 0 0 0 0 0.6000000000000001 0 0 0 0 0 0 3.4000000000000004 0 0 0 0 2 0 0 0 0.2 1.4000000000000001 0.8 0.4 0.2 0 0.2 0.8 0 0 0 0 0 0.2 0 0 0 1.8 0 0 0 1.8 0 0 0 0 0 0 0 0 0 0 0 0 0 0 0 0 0 0 0 0 0 0 0.2 
 12.600000000000001 31.200000000000003 11.200000000000001 17.8 24.8 6.6000000000000005 0 12.8 10.4 5.6000000000000005 5.6000000000000005 5.6000000000000005 33 13.8 29.6 35.2 47.2 48.2 48.800000000000004 24 0 0 0.6000000000000001 0 0.2 0 0 0 0.6000000000000001 0 0.2 0 0 0 0 0.6000000000000001 0 0 0 0.2 0.8 0 0 0 0 0 0 0 0 0 0 0.6000000000000001 0.6000000000000001 0 18.2 0 0 0 0 0 0 0 0 0 0 0 0 0 0 0 0.4 0.4 0 0.6000000000000001 0 0 0.6000000000000001 0 0 0 3.2 4 9.4 1.8 1.2000000000000002 0 4.800000000000001 5.4 1.8 0.4 5 2 0.4 3.6 0.8 2 0 5.800000000000001 0 4.2 1.8 0 0 0 0 0 0 0 0 0 0 0 0 0 0 0 0 0 0 0 0 0 0 0 0 0 0 0 0 0 0 0 0 0 0 0 0 0 0 0 0 0 0 0 3.2 0 0 0 0 0 0 0 0 0 0 0 0 0 0 0 2 6.2 2.6 2.6 0 8.8 2.8000000000000003 2.6 0 2.2 0 2.8000000000000003 0 0 2.2 3 3.4000000000000004 0 0 3 0 0 0 0 0 0 0 0 0 0 0 0 0 0 0 0 0 0 0 0 0 0 0 0 0 0 0 0 0 0 0 0 0 0 0 0 0 0 0 0 0 0 0 0 0 0 0 0 0 0 0 0 0 0 0 0 0 0 0 0 0 0 0 0 0 0 0.2 0 0.4 0.6000000000000001 0 1.6 3.4000000000000004 0 0 0 0 0 0 0 0 0 0 0 0 0 0 0 0 0 0 0 0 0 0 0 0 0 0 0 0 0 0 0 0 0 0 0 0 0 
 28.6 49.6 73.4 75 67 11.600000000000001 12.8 0 56 24.6 43 43 61 106.60000000000001 67.60000000000001 54.6 31 9.4 32.800000000000004 9 0.4 0.2 0.8 0.6000000000000001 0 0 0 0 0.8 0 0 0 0 0 0 1 0.4 0 0.4 0 0.6000000000000001 0 0 0 0 0 1.2000000000000002 0 0 0 0 1 0.6000000000000001 0 0 0 6.4 0.2 0 0 0 0 0 0 0 0 0 0 0 2.8000000000000003 1 0.6000000000000001 0 0.6000000000000001 0 0 1.8 0 0 0.2 0 3 0 3.2 5.800000000000001 0 4.800000000000001 0 6.2 5 4 4.4 5.4 0 7.4 7.4 5.4 15.600000000000001 4.6000000000000005 2.8000000000000003 0 0 0 0 0 0 0 0 0 0 0 0 0 0 0 0 0 0 4 10 0 0 0 0 0 0 0 0.4 0 0 0 0 0 0 0 0 0 0 0 0 0 0.2 0 0 0 0 0 0 0 0 0 3.4000000000000004 0 0 0 0 1.6 2 0 0 9.4 4.2 0 0.2 1.6 4.6000000000000005 0 0 4.6000000000000005 1.8 0 3 0 0 0 9.4 5 6 2 3 0 0 0 0 0 0 0 0 0 0.4 0 2.2 0 0 0 0 0 0 6 0 0 0 0.2 0 0 0 0 0 0.2 0 0 0 0 0 0 0 0 0 0 0 0 0 0 0 0 0.4 0 0 0 0 0 0 0 0 0.2 0 0 0 0 0 0 0.4 0 0 0 0.2 0.6000000000000001 0 0.2 22.400000000000002 0 2.2 0 0 0.2 0 0 0 0 0 0 0 0 0 0 0.2 0 0 0 0 0 0 0 0 0 0 2.6 2.4000000000000004 0 0 0 0 0 0 0 0 0 0 0 0 
 45.800000000000004 29.400000000000002 39.800000000000004 14.200000000000001 13.8 63 10.4 56 0 26.6 32.2 69 27.200000000000003 46.400000000000006 22.200000000000003 28 33 87.80000000000001 18.8 37 0 0 0.6000000000000001 0 0 0 14.8 0 0.6000000000000001 0 0 41.800000000000004 0 0 0 0.6000000000000001 0 0.2 0 0 0.6000000000000001 0 0 0 12 0 0 0 0 0 8.200000000000001 0.6000000000000001 0.6000000000000001 0 0 0 0 0 3 0 0 0 0 0 0 0 0 0 0 0 0.2 0.4 0 0.6000000000000001 0 0 0.6000000000000001 0 0 0 2.4000000000000004 0.2 2.6 0.2 6.800000000000001 3.4000000000000004 0.2 3.6 5.4 4.800000000000001 0.8 4.4 4.6000000000000005 2.6 3.2 2 14.600000000000001 0 5.4 3.4000000000000004 4 2.2 0 0 0 0 0 0 0 0 0 2.8000000000000003 0 0 0 0 0 0 0.4 0 0 0 0 0 0 0 0 0 1 0 0 0 0 0 0 0.4 0 0 0 0 0 0 0 0 0 0 0 0 0 0 0.4 0 0 0.2 0 0 0.8 0.8 0 0 11.600000000000001 3 1.8 8 0 6.4 0 0 6.6000000000000005 4.6000000000000005 5.6000000000000005 6.4 0 0 2.6 0 8.8 4.4 0 2.2 0 0 0.2 0 0 0 3.2 0 0 0 0 0 1.8 0 0 0 0 0 6.4 0.4 0 0 0 0 0 0 0.4 0 0 0 0 0 0 0 0 0 0 0 0 0 0 0 0 0 0 0 0 0 0 0.4 1.8 0 0 0 0 0 0 0 0 0 0 2.4000000000000004 0 0 0 0 0.2 0.2 0.8 9 2 0 0 0 0 0 0 0 0 0 0 0 2.6 0 0 0 0 0 0 0 0 0 0 0 0 0 3.2 1.4000000000000001 0 0 0 0 0 0 0 0 0 0 0 0 
 26.8 38.800000000000004 26.400000000000002 25.200000000000003 18.2 16.400000000000002 5.6000000000000005 24.6 26.6 0 26.6 6.2 43 49 63 17 84.4 49.2 60.400000000000006 42.400000000000006 0 0 1.4000000000000001 0 0 0 30.400000000000002 0 0.6000000000000001 0 42 0 12 0.2 0 0.6000000000000001 0 0 0 0 0.6000000000000001 0 0 0 0 0 0 0.2 12.8 0 0 0.6000000000000001 0.6000000000000001 0 0 0 0 0 0 0 0 0 0 0 0 0 0 0 0 0 0.2 0.6000000000000001 0 0.4 0 1 0.6000000000000001 0 0 0 3.2 1.8 4 0.2 1.2000000000000002 3.6 3.4000000000000004 0 11.600000000000001 10.4 2.8000000000000003 2 0 0 0 0 5.800000000000001 7.2 3 3 0 6 0.2 3 0 0 0 0 0 0 0 0 3.8000000000000003 0 0 0 0 0 4 1.8 0 0 0 0 0 0 0 0 0 0 0 0 3.8000000000000003 0.4 0 0 0 0 0 0 0 0 0.2 0 2.2 0 0 0 0 0 0 0 0 0 0 0 1 1.2000000000000002 0 0 2.6 3.2 4 9.4 0 0 0 3.4000000000000004 2.8000000000000003 9 5 0 1 0 3.4000000000000004 0 2.8000000000000003 13.200000000000001 3.2 4.4 4 0 1.4000000000000001 0 0 0 0 0 0 0.2 0 0 0.6000000000000001 1.8 0 0 0 0 5.2 5.800000000000001 0 0 0 0 0 0 0 0 0 0 0 0 0 0 0 0 0 0 0 0 0 0 0 0 0 0 0 0 0 0 0 0 0 0 0 0 0 0 0 0 0 0 0 0 0 0.4 0.2 0 1 2 2.2 0 0 0 0 0 0 0 0 0 0 0 0 0 0 0 0 0 0 0 0 0 0 0 0 0.8 0 2.4000000000000004 0 0 0 0 0 0 0 0 0 0 0 0 
 23.6 6.2 15 10.200000000000001 31.6 14.4 5.6000000000000005 43 32.2 26.6 0 13.600000000000001 12 17.6 32.800000000000004 23.200000000000003 20.400000000000002 63 6.2 75.8 14.8 0 0.6000000000000001 0 1 0.8 15.200000000000001 14.8 0.8 0 1 0.4 14.600000000000001 14.600000000000001 0 0.6000000000000001 0 0 4.6000000000000005 0.6000000000000001 1 0 0.6000000000000001 1.4000000000000001 0 0 0.6000000000000001 0 0 0 0 0.6000000000000001 0.4 0 0.8 1 0.4 0 0.4 0 1 8.200000000000001 1 0.2 1.6 1.2000000000000002 0.4 0.6000000000000001 1 0.4 0.8 0.8 0 0.4 0.8 0 0.6000000000000001 0.6000000000000001 0 0.2 6.2 0 2.6 0.4 6 7.2 0 0.6000000000000001 8.6 5.6000000000000005 10 9.8 4.2 0 2.8000000000000003 2.2 7.2 0 2.4000000000000004 9.4 0 2.6 0 0 0 3 2.6 0 0.2 2 0 0 0.2 0 4.800000000000001 0 0 0 5.2 1.8 0 0 0 0 0 0 0 0 0 0 0 0 0 0 0 0 0 0 0 0 0 0 0 0 0 0.2 1.8 0 1.4000000000000001 0 0 0.2 0 0 0 0.2 0.8 1.2000000000000002 0 0 9.200000000000001 1.8 0 1.8 0.2 12 0 0 3 5.800000000000001 2.2 9.600000000000001 0.4 0 0 3.2 7.800000000000001 3.2 0 8.4 0 4.2 0.6000000000000001 0 0 0 1 0 0 0 0 0 2 0 0 0 0 0 3 2.4000000000000004 0 0 0 0 0 0 0 0 0 0 0 0 0 0 0 0 0 0 0 0 0 0 0 0 0 0 0.2 0 0 0 0 0 0 0 0 0 0 0 0 0 0 0 0 0 0.4 0 0.8 0.2 0.4 9.200000000000001 0 2.2 0 0 0 0 0 0 0 0 0 0 0 0 0 0 0.4 0 0 0 0 1.4000000000000001 0 0.8 0 0 3.6 1.8 0 0 0 0 0 0 0 1.8 0 0 0 0 
 30 7 5 44.400000000000006 61.6 17.6 5.6000000000000005 43 69 6.2 13.600000000000001 0 55.2 22.400000000000002 79.2 28.8 41.2 78 4.800000000000001 10 0 0 0.6000000000000001 0 0 0 19.8 15 0.4 0 15.600000000000001 0 8.8 3.6 0 0.6000000000000001 0 0 19 0.4 0.6000000000000001 0 0 0 0 0 0 0 0 0 0 0.6000000000000001 0.6000000000000001 0 0 0 12.8 0 0 0 0 0 0 0 0 0 0 0 0 0 0 0.4 0 0.6000000000000001 0 0 0.6000000000000001 0 0 0 0 2.4000000000000004 0 2.4000000000000004 0 0 0 5.2 3.8000000000000003 4.4 5 2.6 0 2.8000000000000003 0.2 5.2 3 2.2 0 4 0 1.8 0 0 0 0 2.2 2.8000000000000003 2.8000000000000003 0 0 0 0 1.6 2.2 0 0 0 5.4 0.2 0 0 0 0 0.6000000000000001 0 0 0 0 0 0 0 0 0 0 0 0 0 0 0 0 0 0.2 0 0 0 0 0 0 0.2 0 0 0 0 0 0 0.6000000000000001 0.8 0 0 6.6000000000000005 2.4000000000000004 0.2 6.2 3 2.4000000000000004 0 0 5.6000000000000005 1.6 3.4000000000000004 0 0 0 0 2.8000000000000003 2.8000000000000003 0.4 0 5.6000000000000005 0.4 2.6 0 0 0 0 0 0 1.6 3 0 0 2.8000000000000003 0 0 0 3.4000000000000004 0 6.800000000000001 0 0 0 0 0 0 0 0 0.2 0 0 0 0 0 0 1.8 0 0 0 0 0 0 0 0 0 0 0 0 0 0 0 0 0 0 0 0 0 0 0 0 0 0 0 0 0 0 0 0.2 0 17.400000000000002 0.4 0 1 0.2 0 0 0 0 0 0 0 0 0 0 0 0 0 0 0 0 0 0 0 0 0 0 2.8000000000000003 2.2 1.6 0 0 0 0 0 0 0 0.2 0 0 0 0 
 45 36.6 75 34.2 21.6 4.6000000000000005 33 61 27.200000000000003 43 12 55.2 0 36.2 49.2 9.8 13 25.400000000000002 71.2 62.2 0 0 0 0 0 0.4 15 0.4 0.8 0 0 0 0 0.6000000000000001 0 0.2 0.4 0 0 0.4 12 0 0 0 0 0.2 0 0 0 0 0 0 0.4 0 0 3.8000000000000003 0 0 0 0 0 0 0.6000000000000001 0 0 0.4 0 0 0.4 0 0.6000000000000001 0 0 0 0 0 0 0 0 0 2.8000000000000003 4.6000000000000005 5.4 1.2000000000000002 2.4000000000000004 0 6.4 3.6 3.6 5.2 0 5.6000000000000005 8 2 5.4 3 2.8000000000000003 2 6.800000000000001 0.8 0 2.6 0 0 0 0 0 0 0 0 0 0 0 0 0 0 0 0 0.4 0 3.6 0 0 0 0 0 0 0 0 0 0 0 0 0 0 0 0 0 0 0 0 0 0 0 0 0 0 0 0 0 0 0 0 0 0 0 0.6000000000000001 0.8 0 0 4.2 7.4 0 1.4000000000000001 0 4.4 3.8000000000000003 3.8000000000000003 3 6.800000000000001 2 3 8.8 0 0.4 0.2 2.8000000000000003 2 1.2000000000000002 2 0 0 0.2 0 0 0 0 0 0 0 0 0 0 0.2 0 0 0 0 2.8000000000000003 0 0 0 0 0 0 0.2 0 0 0 0 0 0 0 0 0.2 0.2 0 0 0.4 0 0 0 0 0 0.2 0 0 0 0 0 0.4 0 0 0 0 0 0 0 0.4 0 0 0 0 0 0 0.8 0.4 0 0 9.200000000000001 0 1.6 0 0 0 0 0 0 0 0 0 0 0 0 0 0 0 0 0 0 0 0 0 0 0 0 0 1.6 0 0 0 0 0 0 0 0 0 0 0 0 
 52.400000000000006 16.8 44.6 19 57.400000000000006 8.8 13.8 106.60000000000001 46.400000000000006 49 17.6 22.400000000000002 36.2 0 54.2 9 10 24 18.2 59 0 0 1 0 0 0 0.6000000000000001 0 1.6 0 0.2 0 0 0 0 0.6000000000000001 0 0 0 0 0.6000000000000001 9.200000000000001 0 0 0 0 0 0 0 0 0 0.6000000000000001 0.6000000000000001 0 0 0 0 0.2 0 0 0 0 0 0 0 0 0 0 0 0 0.2 0.4 0 0.6000000000000001 0 0 0.6000000000000001 0 1 0 6.800000000000001 1.8 2.4000000000000004 3.2 0 0 4.6000000000000005 0.2 3.8000000000000003 2 5.2 2 3 0 0 0 0 0.4 4.6000000000000005 0.4 0 0.2 0 0 0 0 0 0 0 0 0 0 0 0 0 0 0 0 2.4000000000000004 0 0 0 0 0 0 0 0 0 0 0 0 0 0 0 0.4 0 0 2.8000000000000003 0 0 0 0 0 0 0 0 0 0 0 0 0 0 0 0 0 0 0.8 1.4000000000000001 0 0 4.4 3 0 0 0.8 5.800000000000001 0 4.2 4.6000000000000005 6.4 0 3.4000000000000004 2.6 0 2.2 4.6000000000000005 2.8000000000000003 3 2 5.4 0 0 0 0 0 0 0 0 0.4 0 0 0.4 0 0 0 0.8 0 0 2 0 0 0 0 0 0 0 0 0 0 0 0 0 1.6 0 0 0 0 0 0 0 0 0.2 0.2 0.4 0 0 0 0 0 0 0 0 0 0 0 0 0 0 0 0 0 0 0 0 0 0.4 0 0.4 17.8 3.2 3.2 2 0 0 0 0 0 0 0 0 0 0 0 0 0 0 0 0 0 0 0 0 0 0 0 3 0 1.6 0 0 0 0 0 0 0 0 0 0 0 0 
 50.2 32.4 27.8 17.400000000000002 23.200000000000003 16.6 29.6 67.60000000000001 22.200000000000003 63 32.800000000000004 79.2 49.2 54.2 0 59.400000000000006 56 24.400000000000002 15.600000000000001 27.6 0 0 0.6000000000000001 0 0.4 0.2 0.8 0.6000000000000001 0.8 0.8 0 0 41.800000000000004 0 0 0.6000000000000001 0 0 7 0.4 0.6000000000000001 0 0 0 0 0 0.6000000000000001 0 0.6000000000000001 0 0 0.6000000000000001 0.6000000000000001 0 0 0.4 12.8 0 0.4 0.4 0 0.2 9.200000000000001 0 0 0 0 0 0 0 0.2 0.4 0 0.6000000000000001 0 0 0.6000000000000001 0 0 0 0 2.4000000000000004 8 2.6 6 0 2.4000000000000004 3.6 5.2 7.6000000000000005 7.800000000000001 0 2.2 0.2 2.2 3.8000000000000003 0 3.2 2.8000000000000003 4.6000000000000005 0 0 0 0 0 0 0 0 0.4 0 0 0 0 0 0 0 0 0 10.8 2.2 0 0 0 0 0 1 0 0 0.2 0 0 0 0 0 0 0 0 0 0 0 0 0 0 0 0 0 0 0 0 0 0 0 0 0 0 0 0.8 1.2000000000000002 0 0 5 15.8 1.2000000000000002 3 0 2.4000000000000004 0 0 3 1.8 1.2000000000000002 0.8 1.2000000000000002 0 6.800000000000001 1.8 6.4 0.4 0 4.800000000000001 0 0 2.2 0 0 0 0 0 1.2000000000000002 0 0 0 2.4000000000000004 0 0 0 0.4 0 0 0 0 0 0 0.2 0 0 0 0 0 0 0 0 0 0 0 0 0 0 0 0 0 0 0 0 0 0 0 0 0 0 0 0 2.2 0 0 0 0 0 0 0 0 0 0 0 0 0.2 18.400000000000002 0.4 1.2000000000000002 0 2.4000000000000004 0.8 1.4000000000000001 0 0 0 0 0 0 0 0 0 0 0 0 0 0 0 0 0 0 0 0 0 0 3.6 0 1.8 0 0 0 0 0 0 0 0 0 0 0 0 
 4.800000000000001 45.6 12.200000000000001 9.200000000000001 28.400000000000002 10.600000000000001 35.2 54.6 28 17 23.200000000000003 28.8 9.8 9 59.400000000000006 0 34 68 25 11.8 14.8 0 1 0 0 0.6000000000000001 0.6000000000000001 0 0.6000000000000001 0.2 0 0 18.400000000000002 18.2 0.2 0.6000000000000001 0 0 15.200000000000001 0 0.6000000000000001 0 0 0 0 0 0 0 0 0 0 0.4 0.6000000000000001 1.4000000000000001 0 0 0.2 0 0 0 0 0 0 0.2 0 0 0 0 0 0.6000000000000001 0.4 0.4 0 0.6000000000000001 0 0 0.6000000000000001 0 0 0 0 4.800000000000001 2.6 0 4.2 3.2 0.4 7.800000000000001 4.2 8 12.200000000000001 2.4000000000000004 0 5 0 6.2 1.8 5 0 17.2 0 0 0 0 0.4 0 5.800000000000001 0 0 0 0 0 0.2 0 0.2 0 0 0.2 0 3.6 0 0 0 0 0 0 0 0 0 0 0 0 0 0 0 0 0 0 0 0 0 0.4 0.4 0 0 0 0 0 0 0.4 0 0 0 0 0 0 0 0 0 0 4.2 5.6000000000000005 1.6 1.6 2.8000000000000003 0.6000000000000001 3.6 2 0 2.8000000000000003 1.8 2 0 0 9.8 4.800000000000001 5.6000000000000005 0 0 3.8000000000000003 0 0 0 0 0 0 0 1.6 0 0 0 0 5.2 0 0 0 0 0 0.4 2.6 0 0 0.4 0 0 0 0 0.4 0 0 0 0 0 0 0 0 0 0 0 0 0 0 0 0 0 0 0 0 0 0 0 0 0 0 0 1 0 0 0 0 0 0 0 0 0 0.4 0.2 0 0.2 0.2 0 53.2 2.6 0 0 0 0 0 0 0 0 0 0 0 0 0 0 0 0 0 0 0 0 0 0 0 2.4000000000000004 0 0 0 0 0 0 0 0 0 0 0 0 0 
 37.6 36 63.6 26 27.6 12.600000000000001 47.2 31 33 84.4 20.400000000000002 41.2 13 10 56 34 0 48.6 67.60000000000001 25.6 0 0 0.6000000000000001 0 0 0 15 15 0.4 0 0 0.2 0 2 0.4 1 0 0.4 5 0 0.6000000000000001 0 0 0 3.4000000000000004 12.8 0 0 0 0 0 0.6000000000000001 0.6000000000000001 0 0 0 0 0 0.6000000000000001 0 0 0 0 0 0 0 0 0 0 0 0.2 0.4 0 0.6000000000000001 0 0.6000000000000001 0.6000000000000001 6 0 0 0 4.800000000000001 5.800000000000001 2.6 2.4000000000000004 0 6.4 3.2 3.2 4 6 0 2.2 0 4.2 6.2 2.6 2.4000000000000004 4.4 2.2 2.6 2.6 0 0 0 0 0 0 0 0 0 0 0 0 0 0 0 0 0.6000000000000001 0 0 0 2.4000000000000004 0 0 0 0 0 0 0 0 0 0 0 0 0.4 0 0 0 0 0 0 0 0 0 0 0 0 0 0 0 0 0 0 0 0 1 0.8 0 0 2.6 3.8000000000000003 2.2 2.6 0 0 0 0 5.800000000000001 1.4000000000000001 4 0 2.6 0 2.6 0.2 2.8000000000000003 5.4 0 0 2.4000000000000004 4.2 0.2 0 0 0 0.2 0 0 0 0 0 3.8000000000000003 0 0 0 2.8000000000000003 0 4 0.2 0 0 0 0 0 0 0 0 0 0 0 0 0 0 0 0 0 0 0 0.4 0 0 0 0 0 0 0 0 0 0 0 0 0 0 0 0 0 0 0 0 0 1.4000000000000001 0 0 0 0.2 0 0 17.8 0 2.4000000000000004 1.4000000000000001 3.8000000000000003 0 0 0 0 0 0 0 0 0 0.2 0 0 0 0 0 0 0 0 0 0 0 0 0 0 1.6 0 0 0 0 0 0 0 0 0 0 0 0 
 48.800000000000004 55.6 34.2 55.800000000000004 13.200000000000001 30.400000000000002 48.2 9.4 87.80000000000001 49.2 63 78 25.400000000000002 24 24.400000000000002 68 48.6 0 8.200000000000001 41.400000000000006 3.4000000000000004 0 0.6000000000000001 0 0 0 0 0 0.6000000000000001 0 0 0 24.400000000000002 5 0 14.4 0 0 15.4 0 0.6000000000000001 0 0 0 0.2 0 0 0 0 0 0 0.6000000000000001 0.6000000000000001 0 0 0 0.2 0 2.2 0 0 0 0 0 0 0 0 0 0 0 0.4 0.4 0 0.6000000000000001 0 0 0.6000000000000001 0 0 0 3.4000000000000004 0.6000000000000001 3.2 14 8.8 7.800000000000001 0 0 4.6000000000000005 2.8000000000000003 2 3.8000000000000003 0 0.4 0 0 2.2 0 0 0.2 2.2 0 0 0 0 0 2.8000000000000003 0 0 0 0 0 0 0 3 0 0 0 1.2000000000000002 0 0 0 0 0 0 0 0 0 0 0 0 0 0 0 0 0 0 3.4000000000000004 0 0 0 0 0 0 0 0 0 0 0 0 0 0.4 0 0 0 0.4 2.8000000000000003 4.4 0 0 2.2 7.4 3.6 0.4 0.4 7.6000000000000005 0 0.4 5.6000000000000005 6.4 1.8 8.8 0 0 3.2 0 4.4 6.4 0 0 2.6 0.4 0 0 0 0 6.6000000000000005 1.6 0 0 0 0 4.800000000000001 0 0 0 0.8 0 3.4000000000000004 5.2 0 0 0 0 0 0.4 0 0 0 0 0 0 0 0 0 0.4 0 0 0 0 0 0 0 0 0 0 0 0 0 0 0.2 0 0 0 0 0 0 0 0 0 0 3 0 0 0.2 0.2 0.4 0 1.2000000000000002 19.200000000000003 0.4 2.4000000000000004 2.6 0 0 0 0 0 0 0 0 0 6.6000000000000005 0 0 0 0 0 0 0 0 0 0 0 0 0 3 4 0 0 0 0 0 0 0 0 0 0 0 0 
 16 29.8 16.8 34.2 19.6 8.200000000000001 48.800000000000004 32.800000000000004 18.8 60.400000000000006 6.2 4.800000000000001 71.2 18.2 15.600000000000001 25 67.60000000000001 8.200000000000001 0 26 16 0 0.6000000000000001 0 0.4 0 0 0 0.8 0 16.400000000000002 0.4 0 0 0 0.6000000000000001 0 0 0 0.4 0.6000000000000001 0 0 0 0 0 0 0 0 0 0 0.6000000000000001 0.6000000000000001 0 0 0 0 0 0 0 0 0 0 0 0 6.800000000000001 0 0 11.200000000000001 0 6.2 0.6000000000000001 0 0.6000000000000001 0.4 0 0.6000000000000001 0 0 0 0 2.8000000000000003 4.4 1.8 0 0 10.8 6.800000000000001 0 0 0 0 0.8 3.2 11 0 0 3.2 5.6000000000000005 1.8 0 0 0 0 0 0 0 0 0 0 0 0 0 0 0 0 0 0 0.2 0 0 0 0 0 0 0 0 0.2 0 0 0 0 0 0 0 0 0 0 0 0 0 0 0 0 0.2 0 0 0 0 0 0 0 0 0 0 0 0 0 0 0 0 0 5.6000000000000005 0 0 0 11.200000000000001 2 0 0 0.6000000000000001 0 5 7.2 3.6 2.4000000000000004 1.8 3 0 0.6000000000000001 0 0 0 0 0 0 0 0 0 0 0 0 0 0 0 0.2 0 0 0 0 0 0 0 2.8000000000000003 0 0 0 0 0 0 0 0 0 0 0 0 0 0 0 0 0 0 0 0 0 0.2 0 0 0 0 0 0 0.4 4 0.4 0 0 0 0 0 0 0 0 0 0 0.4 0.4 0.4 0 0 0 2.2 0 0 0 0 0 0 0 0 0 0 0.2 0 0 0 0 0 0 0 0 0 0 0 0 0 0 0 0 0 0 0 0 0 0 0 0 0 0 0 
 24.200000000000003 18.8 32.800000000000004 11.200000000000001 14 10.600000000000001 24 9 37 42.400000000000006 75.8 10 62.2 59 27.6 11.8 25.6 41.400000000000006 26 0 0 0.4 0.6000000000000001 0 0.4 0 0 0 0.8 0 0 0 0 0 0 0.6000000000000001 0 0.2 0 0 0.6000000000000001 0 0 0 0 0 0 0 0 0 0 0.6000000000000001 0.6000000000000001 0 0 0 0 0 0 0 0 0 0 0 0.4 0 0 0 0 0 0.2 0.4 0 0.6000000000000001 0 0 0.6000000000000001 0 0 0 14.600000000000001 7.800000000000001 0 1.2000000000000002 2 0 7 0.2 0.2 2.8000000000000003 0 2.2 0.8 2 4 0 0 0.4 3.4000000000000004 0 0 0 0 0 0 0 0 0 0 0 0 0 0 0 0 0 0 0 0 0 0 0 0 0 0 0 0 0 0 0 0 0 0 0 0 0.4 0 0 0 0 0 0 0 0 0 0 0 0 0 0 0 0 0 0 0 0 0.4 0 0 0 1.8 0.2 0.8 0 1.8 3.2 0 7.4 0 6.800000000000001 0 2.4000000000000004 4.6000000000000005 0 2.8000000000000003 0 0 2.4000000000000004 4.2 3.2 0 0 0 0 0 0 0 0 0 0 0 0 0.2 0 0 0 0 0 0 0.4 0 0 0 0 0 0 0 0 0 0 0 0 0 0 0 0 0 0 0 0.4 0 0 0 0 0 0 0 0 0 0 0 0 0 0 0 0 0 0 0 0 0 0 0 0 0 0.4 0.6000000000000001 0 0.6000000000000001 17.2 2.2 3.2 0 0 0 0 0 0.4 0 0 4 0 0 0 0 0 0 0 0 0 0 0 0 0 0 0 0 0 0 0 0 0 0 0 0 0 0 0 0 0 
 0 0 0 0 0 15 0 0.4 0 0 14.8 0 0 0 0 14.8 0 3.4000000000000004 16 0 0 53.2 41.2 54 42.400000000000006 25.6 25.8 59.400000000000006 39.400000000000006 14.200000000000001 9 12 22.400000000000002 25.6 10 9.4 7.800000000000001 4.2 38.6 38.400000000000006 0 0 0 0 0 0 0.6000000000000001 0 1.2000000000000002 0.4 0 0 0.4 0 0 0 0.8 0 0 0 0 0.4 0 1.4000000000000001 0 0 0.4 2 0 1 0 0 0.6000000000000001 0 0 0 0 1.2000000000000002 0 0 0 0 0 0 1.2000000000000002 0 0 0 0 0 0 0 0 0 0 0 0 0 0 0 0 0.2 2.2 1.6 4.6000000000000005 6.4 1.8 2.6 0 3.4000000000000004 2.6 3.8000000000000003 2.6 0 7.4 4.4 3.2 3.8000000000000003 0 2 0 0 0 0 0 0 5.6000000000000005 0 0 0.4 0.2 0 4.800000000000001 0 0 0 0 0 0 2 0 0 0.4 0 0 0 0 0 0.4 0 0 0 0 2.2 4 0 0 0 0.8 0 0 0 0 2.6 0 0 0 0 0 2.4000000000000004 1.2000000000000002 1.6 0 0 0 0 1.8 0 0 0 2 0.2 2.2 3 2.4000000000000004 0 4 10 0 0 5 3 2.4000000000000004 3.8000000000000003 3.8000000000000003 0 1.8 2.6 0 4.6000000000000005 0 0.4 0 0 0 0 0 0 0 0 0 0 0 0 0 0 0 0 9.8 0 0 0 0 0 0 0.2 0 0 0 0 0 0 0 0 0 0 0 0 0 0 0 0 2.4000000000000004 0 0 0 0 0 0 0 0 0 0 0 1.4000000000000001 0 0 0 0 0 0.4 0 0 0 0 0 0 0 0 0 0 0 0 0 0 0 0 0 0 0 0 5.4 0 0 0 0 0 0 0 0 
 19.200000000000003 0 0 0 14.200000000000001 14.8 0 0.2 0 0 0 0 0 0 0 0 0 0 0 0.4 53.2 0 40.6 26.200000000000003 9.8 28.8 19 34.2 13.4 6 58.400000000000006 23.400000000000002 24 15.600000000000001 35 39.800000000000004 4.2 4.6000000000000005 23.200000000000003 53.400000000000006 0 0 0 0 0 0 1.2000000000000002 0 0.6000000000000001 0.4 0 0 0.4 0 0 0 0.8 0 0 0 0 0 0 0 0 0 0.6000000000000001 0.6000000000000001 0 0.6000000000000001 0 0 0.6000000000000001 0 0 0 0 0 0 0 0.2 0 0 0.2 0 3.2 0 0 0 0.4 0 0 0 0 0 0 0 0 0 0.4 4.2 2.6 7 2.2 4.2 5.6000000000000005 3.8000000000000003 5 5 8.200000000000001 1.2000000000000002 0 1.4000000000000001 4 2.4000000000000004 2.6 9.200000000000001 9.200000000000001 0 2 0 0 0 0 0 0 3 0 0 0 3 1.8 4.800000000000001 0 0 0 0 0 0 4.2 0.2 0 0.6000000000000001 0 0 0 0 0 0.4 0 0 0 0 0 0.4 2.8000000000000003 0 0 0 0 0 0 0 0 6.4 0 0.4 1.4000000000000001 0 0 0 0 0 0 0 0 0 0 0 0 0 0 0.2 4.2 0 0.4 3 4.800000000000001 3.8000000000000003 0 3.8000000000000003 6 2.2 6.2 4.6000000000000005 11.200000000000001 1.2000000000000002 1.8 0 4.6000000000000005 0 0 0 0 0.4 0 0 0 0 0 0 0 1.4000000000000001 0 0.4 0 0 0 2.4000000000000004 1.8 0 0 0 0 0 0 0 0 0 0 0 0 0 0 0 0 0 0 0 0 0 0 2.6 0 0 0 0 0 0 0 0 0 0 0 4 0 0 0 15.600000000000001 0.2 3.2 2.2 0 0 0 0 1.4000000000000001 0 0 0 0 0 0 0 0 0 0 0 0 1.6 0 3.8000000000000003 0 0 0 0 0 0 0 0 
 0.6000000000000001 0.6000000000000001 1 0.6000000000000001 0.6000000000000001 15.4 0.6000000000000001 0.8 0.6000000000000001 1.4000000000000001 0.6000000000000001 0.6000000000000001 0 1 0.6000000000000001 1 0.6000000000000001 0.6000000000000001 0.6000000000000001 0.6000000000000001 41.2 40.6 0 22 35.2 21.400000000000002 13.200000000000001 37.6 87.4 37 19.400000000000002 24.8 40 57.2 27.8 37 36.4 7.800000000000001 23 46.400000000000006 0 0 0 0 0 0 0.6000000000000001 0.2 0.6000000000000001 0.4 0 0 0.4 0 0.2 0 0.8 0 13 5.4 6 0 0 0 0 0.6000000000000001 0.6000000000000001 1.8 9.8 0.6000000000000001 0 0 0.6000000000000001 0 0 0 0 0 0.2 0 2 0 0 0 0 0 0 0 0 0 2.4000000000000004 0 0 0 0 0 0 0 0 0 0 0 2.4000000000000004 0.4 4.2 2 1.4000000000000001 2.6 0.2 4.2 6.2 3.2 3.8000000000000003 0.2 3.6 3.6 5 2.8000000000000003 0.2 8.6 0 0 0 0 0 0 4.2 0 2.4000000000000004 0 0 0 2.4000000000000004 0 0 0 0 0 2.2 0 0 0 1.6 0 0 0 0 0 0.6000000000000001 0 0 0 0 0 0.4 1 0 0 0 0 0 0 0 0 0 0 0 0 0 0 0 0 0 1.6 0 0 0 0 0 0 0.2 0.2 11 4.4 10.4 0 4.4 4 1.2000000000000002 2.6 3.8000000000000003 7 0.6000000000000001 1.4000000000000001 2.2 0 1 0.4 0 5 0 2.4000000000000004 0 0 0 0 0 0 0 0 0 0 1.8 0 0 0 0 0 3.4000000000000004 0 0 0 0 0 0 0 0 0 0 1.8 0 0 0 0 0 0 0 0 0 0 0 0 4.2 0 0 0 0 0 0 0 0 0 0 0 2.4000000000000004 0 0 0.2 0 0.6000000000000001 0.8 2.8000000000000003 0 0 0 0 0 0 0 0 0 0 0 0 0 0 0 0 0 0 0 4 0 0 0 0 2.8000000000000003 0 0 0 
 0 0 0 0 0 0 0 0.6000000000000001 0 0 0 0 0 0 0 0 0 0 0 0 54 26.200000000000003 22 0 18.8 9.8 18 20.400000000000002 11.8 30 28.400000000000002 45.6 56 18.6 15.200000000000001 98 86.60000000000001 24 15.200000000000001 51.2 0 0 0 0 0 1.8 12.4 13.8 0.6000000000000001 0.4 0 0 1.2000000000000002 13.200000000000001 0 0 1 0 6.6000000000000005 0.2 0 0.2 0 0.8 0 0.2 1.2000000000000002 10.8 0 0.6000000000000001 0 0 0.6000000000000001 0 0 0 0 0 0 0.8 0.2 0 0 0 0 0 0 0 0 0 0 0 0 0 0 0 0 0 0 0.4 0 2.2 0 2 2.8000000000000003 0 0 0.2 11 11.600000000000001 0 4 3.8000000000000003 0 0 0 1.8 1.4000000000000001 2.8000000000000003 0 5 4 0 0 0 0 0 6 0 0 0 0 0.4 0 0 0 0 0 3.8000000000000003 2.2 0 0 0 0 0 0 0 0 0.4 0 0 0 0 1.8 0 0 0 0 0 0 1 0 0 0 0 0 0.4 0 0 0 0 0 0 0 0 0 0 0 0 1.6 3.6 0 5.800000000000001 3.4000000000000004 5.2 5.800000000000001 0 3.4000000000000004 1 0 2.2 4.6000000000000005 0 2 2.8000000000000003 4.4 3 0 0 3.4000000000000004 5.4 0 0 0 0 0 0 0 0 0 0 0 0 0 2.2 0 0 0 0 0.2 0 0 0 0 0 0 0 0 0 0 0 0 0 0 0 0 0 0 0 0 0 0 5.6000000000000005 0 0 0 0 0 0 0 0 0 0 0 5 0.4 0.4 17.2 0 0 0.6000000000000001 0 0 0 0 0 0 0 0 0 0 0 0 0 0 0 0 0 0 0 0 0 0 0 0 0.8 0 0 0 0 
 0 0 0 0 0 0.2 0.2 0 0 0 1 0 0 0 0.4 0 0 0 0.4 0.4 42.400000000000006 9.8 35.2 18.8 0 16.400000000000002 55.400000000000006 17 17.6 34.800000000000004 49.800000000000004 12.8 74.60000000000001 17.8 32.4 42.6 56.2 25.200000000000003 15.600000000000001 25.200000000000003 13.200000000000001 0 0 0 1 0.4 0 0 1 0.4 0.8 0 15.200000000000001 12.8 25.6 0 1.6 0 0.4 12.600000000000001 0 0.4 0 0.4 0 0 0.6000000000000001 1.2000000000000002 0 0.8 0 0 0.6000000000000001 0.4 0.6000000000000001 0 0 0.6000000000000001 0 0 0 0 0 0 0 0 0 0 0 0.4 0 0 0.4 0 0 0 0 0 0 0 0 0 3.6 0 4.800000000000001 5 0 0 1.6 0 0 2 0 0.2 0 3.2 2.2 0 0 0.4 0 4.800000000000001 0 5.6000000000000005 0 0 3.4000000000000004 0 3 0.2 0.4 0.2 5 4.800000000000001 0 0 3 0.2 0 0 0.2 0 0 0.2 0 0 0 0 0 2 0 0 0 0 0.4 0 0 0 0 0.4 0 0 0 0 2.6 0 0 9.4 0 1.2000000000000002 0 0 0.4 0 0 0 0 0 3 0 0 0 0 2.4000000000000004 1.4000000000000001 3.8000000000000003 0 2.4000000000000004 0 4.2 7.6000000000000005 0 0 0 5 2.6 0 0 0 0 5 2 0 1.8 0.4 0 2.8000000000000003 6.800000000000001 0.2 0 0 8.200000000000001 2.4000000000000004 0 2.2 0.8 6.6000000000000005 0 4.2 1.8 0 0 0 0 0 0 0 0 0 0 0 0 0 0 0 0 0 0 0 0 0 0 0 0 0 0.2 0 0 0 0.2 0 0 0 0 5.2 0 0 16.6 14.8 0 0.6000000000000001 0.6000000000000001 0 0 0 0 0.4 0 0 0 2.2 0 0 0.4 0 0 0.4 0 0 0 0 3.8000000000000003 0 0 0 0 3.2 0 0 0 
 0 0.2 0.6000000000000001 0 0.2 0 0 0 0 0 0.8 0 0.4 0 0.2 0.6000000000000001 0 0 0 0 25.6 28.8 21.400000000000002 9.8 16.400000000000002 0 92 72.8 11.200000000000001 24.400000000000002 52 44.400000000000006 8.200000000000001 8.8 12.200000000000001 99.60000000000001 45.400000000000006 36.6 9.8 16 13 0 4.4 0 0 12.600000000000001 10.8 5.4 0.4 0.4 0 0 4.2 13.200000000000001 0 0.2 0.6000000000000001 4.4 0 0.2 0 0 0 1.2000000000000002 0 0 0.6000000000000001 0.4 0 0.6000000000000001 0 0 0.6000000000000001 0 0 0 0 12 0 0.8 0 0 0 0 0 0.8 0 0 4.4 0 0.4 0 0 0 0 0 0 0 0.4 0 0 0 3 0 2.8000000000000003 1.4000000000000001 0 0 4 1.2000000000000002 0 0 0 2 0 2.4000000000000004 0 0 0 0 2.2 2.8000000000000003 0 0 1.2000000000000002 0 1.8 2.4000000000000004 0 0 2.2 0 2 0 0 0 3.8000000000000003 0 4.800000000000001 3.2 0 0 5 0.6000000000000001 0 0 0 0 0 0 0 0 0 0.8 0 0 0 0 0.2 3.2 0.2 0 0 0 0 0 0 1.2000000000000002 0 0 0 0 2 0 0 0 0 0 0 0 0.4 0 3.6 0 0 6 0 2.4000000000000004 1 0 3.8000000000000003 0 0 0 7.800000000000001 4.2 1.8 0.2 0 0 7 5 2.2 1.2000000000000002 0 0 3 2.4000000000000004 0 0.2 0 0 2.4000000000000004 0 3.8000000000000003 0 0 0 6.4 5.4 0 0 0 0 0 0 0 0 0 0 0 0.2 0 0 0 0 0 0 0.6000000000000001 0 0 0 0 0 0 0 0 0 0 0 0 0 0 0 1.2000000000000002 0 0.4 19 16.6 0.2 3.4000000000000004 0 0 0 0.2 0 0 0 0 0 0 0 0 0 0 0 0 0 0 0 0 3 0 0 0.4 4.2 0 0 0 0 
 0 0 15.4 29.6 16 56.6 0 0 14.8 30.400000000000002 15.200000000000001 19.8 15 0.6000000000000001 0.8 0.6000000000000001 15 0 0 0 25.8 19 13.200000000000001 18 55.400000000000006 92 0 59 26 7.2 7.800000000000001 4.4 37.800000000000004 30.8 15.8 9.4 7 33.4 27.6 44.800000000000004 0.4 0 0 0 0.6000000000000001 0.4 0.4 0 0.6000000000000001 0.4 0 0 0.4 0 0 0 1.4000000000000001 0.4 0.4 0 0.2 0 0.4 0 0 0 0.4 0.8 0 0.8 0 0 0.6000000000000001 0 0 0 0 0 0 0 0 0 3.4000000000000004 2.4000000000000004 2.2 2.6 0 0.2 0 7.2 2.6 0 0 0 0 0.2 2 0 0 0 0 5 0.2 0 0 0 2.4000000000000004 10.200000000000001 0.2 2.4000000000000004 0 0.8 4 5.800000000000001 6.2 0 0.2 2 3.8000000000000003 3.4000000000000004 0.2 0 0 0.2 0 0 0 0 0 0 0 0.4 0 0 0.4 0 0 0 0 0 0 0 0 0 0 0 0 0 0 0 0.2 0 0 0 0 0 0.4 0 0 0 0 0.2 0 2.6 8.4 1.8 0 0 0 0 3.2 0 0 0 0 0 0 3.6 0 0 1 6.6000000000000005 9.4 0 3.2 0 3.2 0 1.4000000000000001 2.6 0 0.2 1.6 0 2.4000000000000004 0 6.2 0 6.2 0.8 0 0 0 0 0 0 0 3.2 0 0 0 0 0 0 0 0 0 0 0 0 0 0 4 0 0 0 0 0 0 0 0 0 0 0 0 0.4 0 0 0 0.4 0 0 0.4 0 0 0 0.2 0 0 0 0 0 0 0 4.2 0 0.6000000000000001 0 0 0 0 0 0 0.4 0 0 0 0 0 0 0 0 0 0 0 1.6 0 0 0 0 0 0 0 0 0 2.2 0 0 0 0 
 0 0 0 5.2 5.2 14.8 0 0 0 0 14.8 15 0.4 0 0.6000000000000001 0 15 0 0 0 59.400000000000006 34.2 37.6 20.400000000000002 17 72.8 59 0 31.8 10.4 19.400000000000002 7.6000000000000005 82.80000000000001 52.800000000000004 57.6 10 68 5.2 96.80000000000001 43.2 0 0 0 0 0 0 0 0 0.6000000000000001 0.4 0 0 0.4 0 0 0 0.6000000000000001 0 0 0 9.600000000000001 0.8 0 0 0 0 0.6000000000000001 1.8 0 0.6000000000000001 0.4 0 0.6000000000000001 0 0 0 0 0 0 0 0 0 0 12.8 0 2.2 0 0 0 0 0 0 0 0 0 0 0 0 3.2 0 2.6 2 5 3.6 6 1.6 5 11 0 2.4000000000000004 4 1 6.6000000000000005 10 2.2 0.2 4.2 4.2 0 1.6 0 0 0 0 0 0 0.4 0 0 0.2 0 0 0 0 0 0 0 0 0 0 0 0 0.8 0 0 0 0 0 0 0 0 0 0 0 0 1.6 0 0 0 0 0 0 0 2.8000000000000003 0.2 2.2 0 0 0 0 2.4000000000000004 0 0 0 0 0 0.2 0 0 0 2.6 4.4 2.6 10.200000000000001 0 0 3.4000000000000004 7.6000000000000005 7.4 0 1.4000000000000001 7.800000000000001 4.6000000000000005 3.8000000000000003 4 0 4.800000000000001 4.4 3 2.8000000000000003 0 0.2 0 0 0 0 0 0 0 0 0 0 3.6 0 0 0 0 0 2.4000000000000004 0 0 0 0 0 0 0 0 0 0 0 0 0 0 0 0 0 1.4000000000000001 0 0 0 0 0 0 0 0 0 0 0 0 0 0 0 0 0 3 0 0.2 0 0.2 0 1.4000000000000001 3.2 0 0 0 0 2 0 0 0 0 0 0 0 0 0 0 0 0 0 0 0 0 0 0 3 0 0 0 0 
 0.6000000000000001 0.8 0.8 15 16.400000000000002 31 0.6000000000000001 0.8 0.6000000000000001 0.6000000000000001 0.8 0.4 0.8 1.6 0.8 0.6000000000000001 0.4 0.6000000000000001 0.8 0.8 39.400000000000006 13.4 87.4 11.8 17.6 11.200000000000001 26 31.8 0 47 7.800000000000001 25.400000000000002 33.6 23.8 14 57.400000000000006 26 10.4 19 84.80000000000001 0 0 0 0 0 0 0 0 0.8 0.4 0 0 0.4 0 0 0 0.8 0 12.8 11.200000000000001 0 0 0 0 0 0 0.6000000000000001 1.4000000000000001 0 0.6000000000000001 1.2000000000000002 5.4 0.6000000000000001 0 0 0 0 0 1.2000000000000002 0 0 0 0 0 0 9.8 0 0 0 0 0 2 0 0 0 2 0 0 0 0 7.6000000000000005 2.4000000000000004 10 3 2.2 1.4000000000000001 4 3 0 4.4 5 2.4000000000000004 2.2 2.2 0 6 4.2 4.2 0 3.6 0 0.2 0.2 0 0 0 2.8000000000000003 0 3.2 0 0 0 0 0 0 0 0 0 2.2 0 0 0 0 0 0.8 0.6000000000000001 0 0 0 0 0 0 0 0 0 0 0 0 0 0 0 0 0 0 0 0 0 0 0 0 0 0 0 0 0 0.4 0 0 0 0 9.8 1.6 1 2.4000000000000004 6.4 5 3.2 0 0 3.4000000000000004 1.4000000000000001 7.4 0.2 3.8000000000000003 0 0 2 2.2 0 0 0.2 0 0 0 0 0 0 5.4 0 0 0 0 4 0 0 0 0 0 0 0 0 0 0 0 0 0 0 0 0 0 0 0 0 0 0 0 0 0 0 0 0 0 0 0 0 0 15.200000000000001 0 0 0 0 0 0 0 2.4000000000000004 0.4 0 0.2 0 0 0.2 0 0 0 0 0 1.2000000000000002 0 0 0 0 0 0 0 0 0 0 0 0 0 0 0 0 0 0 0 0 0 0 0 
 0.4 0 0 0 0.4 15.4 0 0 0 0 0 0 0 0 0.8 0.2 0 0 0 0 14.200000000000001 6 37 30 34.800000000000004 24.400000000000002 7.2 10.4 47 0 61 25.200000000000003 9.8 14.8 33.2 39 64.60000000000001 28.6 75.60000000000001 77.80000000000001 0 0 0 0 0 0 33.2 0 34 0.4 12.4 0 0.4 12.4 12.600000000000001 0.8 0.6000000000000001 0 8 14.8 0 0.2 0 0 0 0 0.6000000000000001 0.4 0 0.6000000000000001 0 0.4 10.8 0 1.2000000000000002 0 0 0 0 0.8 0 0 0 0 0 0 0 0 0.4 0 0 0 0 0 0 0 0 0 0 0 0 0 0 2 0 2 0 2.6 5.4 0 1.6 1.4000000000000001 0 0.2 3.6 3.8000000000000003 0.4 2.2 0.2 3.6 3.6 0.2 0 0 0 0 6.2 2.6 2 0 0 0 0 3 1.4000000000000001 0 0 0 9.600000000000001 0 0 0 0 0 0 0 0 0 0 0.2 0 0 0 0.8 0 0 0 0 0.4 0 0 0 0 0 0 0 0 0 0 0 0 0 0 0 0 0 0 0 0 0 0 2.6 4.4 0.2 15.8 3 3.4000000000000004 0.2 2 10.600000000000001 1.6 0.4 0 0.2 6 2 1.6 4 0 4.2 2.6 0 0 0 0 0.2 0.4 0 0 0 0 0 2.6 0 6 0 0.2 0.2 1.4000000000000001 2.6 0 0 0 0 0 0 0 0 0 0 0 0 0 0 0.4 0 0 0 0 0 0 0 0 0 0 0 0 0 0 0 0.4 0 0 0 1.4000000000000001 0 0.4 35 0 0 0.8 0.4 0.4 0 0 0 0 0 0 0 0.2 0.8 0 0 0 0 0 0 0 0 0 0 0 0 0 0 2.2 0 0 0 
 0 0 0.2 0 0 0 0.2 0 0 42 1 15.600000000000001 0 0.2 0 0 0 0 16.400000000000002 0 9 58.400000000000006 19.400000000000002 28.400000000000002 49.800000000000004 52 7.800000000000001 19.400000000000002 7.800000000000001 61 0 17.2 16.2 48.400000000000006 20.200000000000003 15 24.8 7.800000000000001 6 39.6 0 0 0 0 0 0 13.600000000000001 0 4 0.4 0 0 13.8 29.400000000000002 0 1 1 0.4 0 0.6000000000000001 0 0 0 4.6000000000000005 0 0.4 0.4 0.6000000000000001 0 0.6000000000000001 0 0 0.6000000000000001 0 0 10.4 0 0 0 0 0 0 0 0 0 0 0 0 0 0 0 0 0 0 0 0 0 0 0 0 1.6 0 3.8000000000000003 3.2 8.8 6.4 1 0 1.4000000000000001 2.6 3.8000000000000003 6 3 0 0 5 4.4 3 0 4.2 2.4000000000000004 4 0 0 0 0 5.800000000000001 0.6000000000000001 3 0 0 0 2.6 2.2 0 0 0 0 5 8 0 0 1.8 0 0 0 0 0 1.4000000000000001 0 0 0 0 0 0.2 1.4000000000000001 0 0 0.6000000000000001 0 0 0 0 0 0 0 0 0.2 0 0 0 0 0.6000000000000001 0 0 0 0 2.8000000000000003 0 0 0 0.2 4.4 1.4000000000000001 0.4 1.2000000000000002 0.4 4.4 3.6 2.4000000000000004 1.8 7.4 0 3 2.2 3 0 2.2 0 2.4000000000000004 2 2.2 0 0 0 0 11.200000000000001 0 3 0 0 0 0.2 0 7.4 0 3 0 0 0.2 0 0 0 0 0 0 0 0.4 0 0 0 0 0 0.2 0 0 0 0 0 0 0 0 2.4000000000000004 0 0 0 0 0 0 0 0 0 0 0 1 0 0.2 15.8 1.2000000000000002 0.8 0.4 3 0 0 0 0 0 0 0 0 0 0 0 0 0 0 0 0 0 3.2 0 6 0 0 0 4.800000000000001 0 0 0 0 
 0 0.4 0 0 0 0 0 0 41.800000000000004 0 0.4 0 0 0 0 0 0.2 0 0.4 0 12 23.400000000000002 24.8 45.6 12.8 44.400000000000006 4.4 7.6000000000000005 25.400000000000002 25.200000000000003 17.2 0 7.2 4.2 24.6 64.4 103 24.400000000000002 11.8 54.6 0 0 0 0 0 0 12.4 0 0.6000000000000001 0.4 0 1.8 27.6 16.2 12.600000000000001 0.2 0.6000000000000001 2.2 20.8 30.400000000000002 0 0 0 0.6000000000000001 0.4 0 0.6000000000000001 0.6000000000000001 0 0.6000000000000001 0 0 0.6000000000000001 0 0 0 0 0 0 0 0 0 0 0 0 0 0 1.6 0 0 0 0 0 0 0 0 0 0 0 0 3 0 2.4000000000000004 2.6 0.4 0 2 0 0 2.4000000000000004 1.6 0 0 2.4000000000000004 0 0 0 0 0 0 8.8 2.6 0 0 0 0 3 6 4 0 0 2.2 0 3.6 0 6.800000000000001 3.8000000000000003 0 0.2 8 0 0 0 0 0 0 0 0 0 0.4 0 0 0 0 0.8 0 0 0 0 0 0 0 0 0 0 0 0 0 0 0 0 0 0 0 0 0 0 0 0 0 0 0 0 0 6.800000000000001 2.8000000000000003 0 2.4000000000000004 2 3.8000000000000003 1.6 2.8000000000000003 0 0 3.6 0 0 0 0 0 3.2 2.2 4.4 0 0 0.2 1.4000000000000001 0 0 0 0 0 5.2 2.8000000000000003 4.6000000000000005 0 0 0 2.4000000000000004 1.8 0 0 0 0.2 0.2 0 0 0 0 0 0 0 0 0 0 0 0 0 0 1.2000000000000002 0 0 0 0 0 0 0 0 0 0 0 0 0 0 5.800000000000001 0.8 0 30.8 17.400000000000002 0 2 0 0 0 0 0 0 0 0 0 0 0 0 0 0 0 0 0 0 0 0 0 0 0 0 2.6 0 0 0 0 
