 0 30.8 23 9.4 5.6000000000000005 6.6000000000000005 50.2 9 67 25.200000000000003 10 11 27.8 34 54.6 53.6 9.600000000000001 36.4 43 7.6000000000000005 13.8 0 0 0 0 0 0.6000000000000001 0 0.4 0 0.6000000000000001 0 0.6000000000000001 0 0 0.4 0.2 0 0 0.6000000000000001 0 0 0.4 0 0 0 0 0 0.6000000000000001 0 0 0 0.4 0 0 0.2 0 0 0.4 0.4 0 0 0 0 0.8 0 0 0 0 0 0 0 0.6000000000000001 0.2 0 0 0 0 0 0.6000000000000001 8 6.6000000000000005 2.8000000000000003 2 2.4000000000000004 0 4 0 2.4000000000000004 0 0 3.6 0 0 2.4000000000000004 0.8 0.2 3.8000000000000003 0 5 0 0 0 0 0 0 0 0 0 0 0 0 0 0 0 0 0 0 2 0 0 0 0 0 0 0 0 0 0 0 0 0 0 0 0 0 0 0 0 0 0 0 0 0 0 0 0 0 0 0 0 0 2 0 0 0 0 0 3 1.4000000000000001 5.4 2.8000000000000003 0 0.2 0 0 12.8 8 3.2 1.6 2.2 0 0 0.2 1.4000000000000001 0 1.8 0 3.8000000000000003 4 0 0 0 0 0 0 0 0 0 0 0 0 0 0 0 0 0 0 2.6 0 0 0 0 0 0 0 0 0 0 0 0 0 0 0 0 3.8000000000000003 1.8 0.8 0 0 0 0 0 0 0 0 0 0 0 0 0 0 0 0 0 0 0 0 0 0 0 0 0 0 0 0 17.6 0.4 0 17.8 0 1.2000000000000002 0 0 0 0 0 0 0 0 0 0 0 0 0 0 0 0 0 0 0 0 0 0 0 0 0 0 0 0 0 0 0 0 0 0 0 0 0 0 
 30.8 0 41 11.600000000000001 79 5.2 55.2 15 27.200000000000003 27 26.400000000000002 18.6 44.400000000000006 17.8 74 8.8 7.800000000000001 23.8 41.400000000000006 11.4 0.6000000000000001 0 1.2000000000000002 0.6000000000000001 0.2 0 0 0 0.4 0 0.6000000000000001 0 0.6000000000000001 0 0.2 0 0 0 0 0.8 0 0 0.4 0.2 0.6000000000000001 0 0 0 0.6000000000000001 0 0 0 0.4 0 0 0.2 0 0 0.4 0.4 0 0 0 0 0 0.8 0 0 0 0 0 0 0.6000000000000001 1 0 0 0 0 0 1.4000000000000001 3.6 0 2.8000000000000003 2.8000000000000003 0 3 3.6 5.4 12 2.2 5.2 4 2.8000000000000003 5.2 5.2 4.2 3.8000000000000003 0.6000000000000001 0 4.6000000000000005 0 0 0 0 0 0 0.2 0 3.4000000000000004 0 0.4 0 0.4 0 0 0 0 0.4 0.2 0 0 1.4000000000000001 0 0 0 0 0 0 0 0 0 0 0 0 0 0 0 0 0 0 0 0 0 1.6 0 0 0 0.2 0 0 0 0 0 0 0.4 1.4000000000000001 0 0 0.4 1.2000000000000002 4.2 0.8 0.4 7.4 5.6000000000000005 0 0.2 3.2 3.2 4.6000000000000005 2 0 9.200000000000001 6 5.2 0 7.800000000000001 3.2 2.8000000000000003 5 0 0 0 0 0 0 0 2.4000000000000004 0 0 0 0.2 0 0 0 0 0 0 0 0 0 0 0 0 0 0.4 0 0 0 0 0 0 0 0 0 0 0 0 0 0.2 0 0 0 0 0 0 0 0 0.2 0 0 0 0 0 0 0 0 0 0 0 0 0 0 0 0 0 10.200000000000001 0.4 1.6 0 2.2 0 0 0.4 0 0 0 0 0 0 0 0 0 0 0 0 0 0 0 0 0 0 0 0 0 0 0 0 0 0 0 0 0 0 0 0 0 0 0 0 
 23 41 0 52.800000000000004 13.200000000000001 14 13.4 44.2 17 42.800000000000004 10.4 25 16.2 13 16.2 38.2 43.6 74.8 29.400000000000002 17.8 0.6000000000000001 0 0 0 0 0 0 0.4 0.4 0 0.6000000000000001 0 15.600000000000001 0 0.4 0 0.2 0 5.6000000000000005 0.6000000000000001 0 0 0.6000000000000001 0 0 0 0 0 0.6000000000000001 0 0 0 0.4 0.4 0.4 0.4 0 0 0.2 0.4 0 0 0 0 0 0 0 0 0 0 0 0 0.6000000000000001 0 0 0 0 0 0 1.2000000000000002 8.8 5.6000000000000005 1.2000000000000002 1.8 7.6000000000000005 0 2.2 1.6 0 1.8 2.4000000000000004 1.4000000000000001 0 3.8000000000000003 5.6000000000000005 0 2.6 5 0 0.6000000000000001 3.2 0 0 0 0 0.4 2.2 0.4 0 0 0 0 0 0 1.8 0 0 0 3.2 0 0 0 0 0 0 0 0 0 0 0 0 0 0.2 0 0 0 0 0 0 0 0 0 0 1.8 0 0 0 0.2 0 0 0 0 0 0 0 0 0 0 0 0 0.6000000000000001 2.4000000000000004 5.6000000000000005 3.8000000000000003 5.2 3 0 1.4000000000000001 0 3 2.8000000000000003 5.6000000000000005 0.2 0 10.600000000000001 5.6000000000000005 16 6 0 0.2 0 0 0 0.2 0 0 0 0 0 0.4 0 0 0 3.8000000000000003 0 0 0 0 3.6 0 0 4.4 0 0 0 0 0 0 0 0 0 0 0 0 0 0 0 0 0 0 0 0 0.2 2.2 1 0 0 0 0 0 0 0 1 0 0 0 0 0 0 0 0 2.4000000000000004 0 0 0 0.4 17.8 0 0 18.2 0 1.4000000000000001 0 0 0 0 0 0 0 0 0 0 0 0 0 0 0 0 0 0 0 0 0 0 0 2.2 3 0 0 0 0 0 0 0 0 0 0 0 0 0 
 9.4 11.600000000000001 52.800000000000004 0 76 41.800000000000004 72.60000000000001 35.4 56.6 20.8 47.6 45 11.200000000000001 21.8 34.6 29.400000000000002 12.8 52.2 16.6 10.600000000000001 0.6000000000000001 0.2 0 0 0 0.4 0.4 0.2 0.2 0 0.6000000000000001 0 6.2 14.8 0 0 0 0 14.8 15.600000000000001 0.6000000000000001 0 0.4 0 0 0 0 0 0.4 0 0 0 0.6000000000000001 0 0 0 0 0 0.6000000000000001 0.4 0 0 0 0.4 0.8 0 0 0 0 0 0 0.4 0.6000000000000001 0.6000000000000001 0.4 0 0.4 0.2 0 0.4 0 1.8 0 0 2.8000000000000003 0 0 2 0 4 2.2 2.4000000000000004 0 0.4 0 0 4.800000000000001 1.6 0 0 6 0 0 0 0 0 0 1.2000000000000002 0 0 0 0 4 9.600000000000001 2.4000000000000004 0 0 0 6.800000000000001 2 0 0 0 0 0 0 0.4 0 0 0 0.4 0 0 0.2 0 0 0 0.6000000000000001 0 0 0 0.4 0 0 1.6 0 0 0 0 0 0.4 0 0 0 0 0 0 0.6000000000000001 0 2.6 0 5 0 0 1.8 6.4 0 0 0.2 0.4 0 5.800000000000001 0 0 0 3.8000000000000003 0 0.6000000000000001 0 0 12.600000000000001 4.800000000000001 0 0 0 0 2 6.800000000000001 0 0 0 0 8.4 5.6000000000000005 1.6 0.6000000000000001 0 0 2.6 0.2 0 0 0 0 0 0 0 0 0 0 0 0 0 0 0 0 0 0 0 0 0 0 0 5.6000000000000005 0 0 4.4 0 0 0 0 0 0 0 0 0 0 0 0 0 0 3.6 0 0 0 0.4 0 0 0.4 18 0 4.6000000000000005 1.8 0 0 0 0 0 0 0 0.4 0 0 0 0 0 0 0 0 0 0 0 0 0 0 0 0 0 0 0 0 2.6 0 0 0 0 0 0 0 0 
 5.6000000000000005 79 13.200000000000001 76 0 53.6 5.2 73.60000000000001 16.2 38.400000000000006 36.800000000000004 14.8 58.6 86.60000000000001 19.200000000000003 32 15.4 9.8 19.200000000000003 12.600000000000001 15.4 0 0 0 0 0.4 0 22.400000000000002 0.4 0 0.6000000000000001 0 44.6 0 0 0 0 0 23 7.6000000000000005 0 0 0.4 0 0.4 0 0 0 0.4 0 0 0 0.6000000000000001 0 0 0 0 12.200000000000001 1 0.4 0 0 0 0 0 0 0 0 0 0 0 0 0.6000000000000001 0.4 0 0 0.2 0 0 0.4 0 0 0 0.2 2.4000000000000004 3 0 4.2 0 5 4.800000000000001 2.4000000000000004 0 0 0 3.8000000000000003 0 7.6000000000000005 0 0 3 0 0 0 0 0 2.8000000000000003 0 2 0 0 0 2.8000000000000003 0.4 2.8000000000000003 0 3.2 0 0 2.6 0 0 0 0 0 0 0 0 0 0 0.2 0 0 0 0 0 0 0 0 0 0 0 0.4 0.4 0 0 3 0.4 0 0 0 0 0 0 0 0 0 0 0 0 0 0 5 1.4000000000000001 0 3.2 0 1.2000000000000002 0 2.2 4.4 3.6 0 0 7 0.2 1.2000000000000002 1.4000000000000001 0 0 4 4 0 0 0 0 4.4 4.800000000000001 2.6 0 0 0 0 3.8000000000000003 0.6000000000000001 0 0 0 5.6000000000000005 0 0 0 0 0 0 0 2.8000000000000003 0 0 0 0 0 2.2 0 0 0 0 0 0 0 0 0 0 0.2 0 0 0 6.4 0 0 0 0 0 0 0 0 0 0 0 0 0 0 0 0 0 1 18.6 0.2 0.2 0.4 0 3.2 0 0 0 0 0 0 0 0 0 0 2.8000000000000003 0 0 0 8.6 0 0 0 0 0 0 0 0 0 2 0 0 0 0 0 0 0 0 0 0 0 0 0 
 6.6000000000000005 5.2 14 41.800000000000004 53.6 0 8.200000000000001 6.2 7.6000000000000005 39.800000000000004 80.4 74.4 9.200000000000001 10.8 55.2 32.2 29 11 9 95.60000000000001 16.2 7.6000000000000005 0 0 0 0 14.600000000000001 29.6 0.2 0 15.4 0 38.400000000000006 14.600000000000001 0 0 1.6 0 29.400000000000002 22.8 0 0 0.4 0 0 0 0 0 0.4 0 0 0 0.6000000000000001 0 0.6000000000000001 0 0 0 0.6000000000000001 0.4 0 0 0 1 0 0 0.2 0 0 0 0 0 0.6000000000000001 0.6000000000000001 0 0 0 0 1 0.4 0 0 0.4 0 10.200000000000001 4.800000000000001 0 0.6000000000000001 0 4.800000000000001 5.800000000000001 0.6000000000000001 0 0 0 0 0 2.8000000000000003 0 0 7.6000000000000005 2.2 0 2.4000000000000004 0 0 11.8 2.2 1.2000000000000002 0 1.6 0 0 0 11.8 0 1.6 0.2 0 0 0 0 0 0 0 0 0.2 0 0 0 0 0 0 0.4 0 0 0 0 0 0 0 1.6 0 0 0 2.8000000000000003 0 0.2 0 0 1.4000000000000001 0 0 0 0 0 0 1 0 0 0 3.6 0.6000000000000001 4 0 3.2 0 1 0 3.6 1.8 9.600000000000001 0 0 0 5.800000000000001 0 2.2 0 0 2.8000000000000003 4.800000000000001 0 0 0 0 8.8 2.6 0 2.8000000000000003 0 0 0 10.200000000000001 2.8000000000000003 4.4 6.2 3.2 6 0 0 0 0 0 0 0 0 0 0 0 0 0.2 0 3 3.8000000000000003 0 0 0 0 0 0 0 0 0 0 0 0 0.2 0 0 0 0 0 0 0 0 0 0 0 0 0 0 0 0 0 0.4 0 0 0.4 0 0 21.200000000000003 0 0 0 0 0 0 0 0.2 0 0 1.6 0 0 0 2.6 0 0 0 0 0 0 0 0 0 2.8000000000000003 2 0 0 0 2 0 0 0 0 0 0 0 0 
 50.2 55.2 13.4 72.60000000000001 5.2 8.200000000000001 0 15.600000000000001 13.200000000000001 7.4 5 41.2 66.4 46.6 27.400000000000002 19.6 41.2 25.200000000000003 37.4 24.6 0.6000000000000001 0 0 0.4 0 0.2 0.4 0 0.4 15 0.6000000000000001 0.6000000000000001 0.6000000000000001 0 0.2 0 0 0 0 0.8 0.6000000000000001 0.4 0.4 0 0 0 0 0 0.6000000000000001 0 0.4 0 0.4 0 0 0.2 0 0 0.4 0.4 0 0 0 0 0 0 0 0.6000000000000001 0.4 0 0 0 0.6000000000000001 0 0 0 0 0 0 0.6000000000000001 0 7.2 1.4000000000000001 3 2.6 0 2 4.2 3.4000000000000004 0 0 0 7.4 5.6000000000000005 6.6000000000000005 7 6.2 0 3.6 10.600000000000001 0 0 0 0 0 0 0 0 0 0 0 0 0 0 0 0 0 0 2.2 0 0 0 0 0 0 0 0 0 0 0 0 0 0 0 0 0 0 0 0 0 0 0 0 0 0 0 0 0 0 0 0 0 0 1.4000000000000001 0 0 0 0 0 1.6 3 3.8000000000000003 0 1.4000000000000001 2 0.2 2.6 2.2 0 2.8000000000000003 1.8 0 3.6 4.2 0 2 0 0 1.4000000000000001 0 0 0 0 0 0 0 0 0 0 0 0 0 0 0 0 0 0 0 0 0 0 0 0 0 0 0 0 0 0 0 0 0 0 0 0 0 0 0 0 0 0.6000000000000001 0 0 0 0 0 0 0 0 0 0 0 0 0 0 0 0 2.8000000000000003 0 0 0 0 0 0 0 0 0.2 0 0.2 0 2.6 0.2 0 0 0 0 0 0 0 0 0 0 0 0 0 0 0 0 0 0 0 0 0 0 0 0 0 0 0 0 0 0 0 0 0 0 0 0 0 0 
 9 15 44.2 35.4 73.60000000000001 6.2 15.600000000000001 0 9.4 29 28.8 24.200000000000003 39 22.8 94.2 48.2 57.6 26.8 23.6 48.6 1.2000000000000002 0.6000000000000001 0.4 0 0 0.4 0 0 0.4 0 0.6000000000000001 0 0.6000000000000001 7.4 0.8 0 0 0.6000000000000001 0 1.2000000000000002 0.4 0 1 0 16.400000000000002 0 0 0.6000000000000001 0.6000000000000001 0 0.4 0 0.4 0 0 12.600000000000001 1.2000000000000002 0 0.4 0.4 0.8 0 0 0 0 0.8 0 0 0 0.6000000000000001 0 0 0.6000000000000001 0.2 0 6.6000000000000005 0 0 0 1.6 0 5 0 8.4 3.4000000000000004 2.4000000000000004 2.8000000000000003 5 0.2 0 0 4.6000000000000005 6.4 6 2.6 2.2 5.6000000000000005 0 2.8000000000000003 2.4000000000000004 0 0 0 0 0 0 0 0 0 0 0.2 0 3.2 0 0 0 0 0.8 0.2 0 0 0 0 0 0 0 0 0 0.2 0 0 0 0 0 0 0 0 0 0 0 0 0 0 0.2 0 0 0 0 0 0 0 0 0 0 0 0 0 0 0 0.6000000000000001 0 0 2.8000000000000003 5 4.4 5.4 6 2.2 1.6 4.2 2.6 9.4 3.6 0.6000000000000001 8.6 2.8000000000000003 2.8000000000000003 9.200000000000001 3.2 4.2 0.2 0 0 0 0 0 0.2 0 0 0 0.4 0.4 0 0 0 0 0 0 0.2 0 0 0 0 0 0 0 0 0 0.4 0 0 0 0 0 0 0 0 0 0 0 0 0 0 0 0 0 0 0 0 0 0 0 0 0 0 0 0 0 0 0.4 0 4.800000000000001 0 0 0 0.4 0.8 0.4 0 0.6000000000000001 0.2 2.2 0 0 0 0 0 0 0 0 0 0 0 0 0 0 0 0 0 0 0 0 0 0 0 2 0.6000000000000001 0 0 0 0 0 0 0 0 0 0 0 0 0 
 67 27.200000000000003 17 56.6 16.2 7.6000000000000005 13.200000000000001 9.4 0 51.6 9.4 78 56.6 40.400000000000006 27.400000000000002 92.60000000000001 44.400000000000006 39.6 57 13.200000000000001 0.6000000000000001 0 0.2 0.4 0.2 0 15.8 14.8 1 0 1 0.4 0.6000000000000001 0 0.4 0.6000000000000001 0.6000000000000001 0.2 15 0.6000000000000001 0 0 0.6000000000000001 0 0 0 0 0 0.6000000000000001 0.2 0 0 0.4 0 0 0.4 0.4 0 0.2 0.4 0 0 0.4 0 0.8 0 0 0 0 0 10 0 0.6000000000000001 0 0 0 0 0 0 0.8 0 3.6 3 3 6.6000000000000005 0 3 7 5.6000000000000005 4.2 1.8 0 0 0.2 2.2 0 7 2.8000000000000003 0 0 0 0 0 0 0 0.4 3.4000000000000004 2 0 0 0 0 3.2 0 0 0 0 0 3.8000000000000003 0 0 0 0 0 0 0 0 0 0 0 0 0 0 0 0 0 0 0 0 0 0 0.4 0 0 0 0 0.2 0.2 0 0 0 0 0 0 0 0.4 0 1.2000000000000002 0 1 6 6.800000000000001 2.8000000000000003 2.2 0.2 6.6000000000000005 0 0.2 7.6000000000000005 0 1.8 0 2.2 0 0 10.8 5.800000000000001 0 0 0 0 0 0 0 0 0 0 0 0 0.4 0 0 2.6 0 0 0 0 0 0 2.4000000000000004 0 0 0 0 0 0 0 0 0 0 0 0 0 0.2 0 0 0 0 0 0 0 0 0.4 0 0 0 0 9 0 0 0 0 0 0 0 0 0 0 0 0 0 0.2 0 0 0.4 0.4 0.2 0 18 0.8 2.6 0.8 2.6 0 0 0 0 0 0 0 0 2.6 0 0 0 0 0 0 0 0 0 0 0 0 0 2.8000000000000003 0 9.4 0 0 0 0 0 0 0 0 0 0 0 0 
 25.200000000000003 27 42.800000000000004 20.8 38.400000000000006 39.800000000000004 7.4 29 51.6 0 37 29.8 14.200000000000001 20.200000000000003 41.2 39 73.8 53.6 53.2 16.400000000000002 0.6000000000000001 14.8 0 0 0 0 0.6000000000000001 0 0.8 0 0.6000000000000001 0 7.2 14.8 0 0.2 0 0 0 15.200000000000001 0 0 0.6000000000000001 8.200000000000001 0 0 0 0 13.4 0 0 0 0.4 0 0.2 0.6000000000000001 0 0 0 0.4 0 0 0 0 0 0 0 0 0 0 0 0 0.6000000000000001 0 0 0 0 0 0 0.6000000000000001 3 0 2 5.6000000000000005 6.2 7.4 2 0.2 3 9 5.2 7.2 2.2 5.2 9.200000000000001 0.2 0 0 0 2 0.4 0 0 0 0 0 2.8000000000000003 0 0 0 0 0 3.4000000000000004 0 0 1.8 1.2000000000000002 0 1.6 0 0 0 0 0 0 0 0 0 0 0 0 0 0 0 0 0 0.4 0 0 0 0 0 0 0.6000000000000001 0 0 0 0 0 0 0 1.2000000000000002 0 0 0 0 0 0.2 0 0 2.4000000000000004 0 0 13 2.2 1.8 0.2 0 3.8000000000000003 4.2 2.8000000000000003 1 0.2 0 5 0.2 13 10.8 0 3 2.8000000000000003 0 2.2 0 0 0 3.6 0.2 0 0 0 0 0 0 0 8.8 4 0 0 2.8000000000000003 0 0 0 3.2 0 0 0 3.6 0 0 0 0 0 0 0 0 0 0 0 0 0 0 0 0 0 0 0 2.6 0 0 0 0 0 0 0 0 0 0 0 0 0 0 0 0 0 0.4 17 0 1.4000000000000001 0.8 0 3.4000000000000004 0 0 0 0 0 0 0 0 0 0 1 0 0 0 0 0 0 0 0 0 0 0 0 2 0.2 0 0 0 0 0 0 0 0 0 0 0 0 0 
 10 26.400000000000002 10.4 47.6 36.800000000000004 80.4 5 28.8 9.4 37 0 28.8 6.6000000000000005 24.400000000000002 21.400000000000002 103.2 74.8 12.200000000000001 22 17 0.8 0.8 0 0 0.2 0 14.8 15.200000000000001 0.2 0 0.6000000000000001 0 34.4 0 0 9.600000000000001 26.200000000000003 16.8 45 22.8 0 0 0.4 0 0 0 0 0 0.4 0 0 0 0.6000000000000001 0 0 0 0 0 0.6000000000000001 0.4 0 0 0 0 1.6 0 0 0.2 0 0 0 0 0.6000000000000001 0.6000000000000001 0 0 0 0 1 0.4 0 1 1.6 0 7 3.2 0 2.2 3.8000000000000003 3.8000000000000003 6.6000000000000005 4.2 0 0 0 3.8000000000000003 4.2 4.800000000000001 0.2 0 0 0 0 0 0 0 14.200000000000001 0 0 0 0 0 4 0 3 0 1.4000000000000001 0.2 0 0 0 0 0 0 0 0 0 0.2 0 0 0 0 0 0 0 0 0 0 7 0 0 0.4 0 0 0.2 0 0 0.2 0 0.2 0 0 0 0 0.2 0 0 3 0.2 0 0 2.8000000000000003 4.6000000000000005 5.6000000000000005 0.4 6.6000000000000005 0 1.8 2.8000000000000003 1.6 1.6 2.2 0 0 0 2.4000000000000004 0 1.6 0 3.4000000000000004 4 2.8000000000000003 0 0 0 0 2.4000000000000004 2.8000000000000003 2.6 0 0 0 2.8000000000000003 8.200000000000001 3.6 0 0 0 1.6 0 0 0 0.2 0 0 0 0 0 0 0 0 0 0 0 0 0.2 0 0 0 0.4 0 0 0 0 0 0 0 2.8000000000000003 0.2 0 0 0 0 0 0 0 0 0 0 0 0 0.2 0 0 0 0 0 0 0.8 0.4 0 2.2 5 0.2 0 0 0 0 0 0 0 0 1.4000000000000001 0 0 0 0 0 0 0 0 0 0 0 0 0 2 3.2 0 0 0 0 0 0 0 0 0 0 0 0 
 11 18.6 25 45 14.8 74.4 41.2 24.200000000000003 78 29.8 28.8 0 10.8 63 11 69.60000000000001 45.2 14 23.8 12.200000000000001 0.6000000000000001 0.2 14.4 0 0 0 5.6000000000000005 0 0.4 0.2 0.6000000000000001 12.8 1 14.8 0 0 0 0 10.4 0.6000000000000001 0 0 0.4 0 0 0 0 0 0.6000000000000001 0 0 0 0.4 0 0 0.2 0.2 0 0.4 0.4 0 0.6000000000000001 0 0 1 0 0 0 0 0 8.8 0 0.6000000000000001 0.2 0 0 0 0 0.2 0.6000000000000001 0.2 1.8 3.2 0 3.8000000000000003 0 0 3.8000000000000003 5.6000000000000005 5.4 3.2 0 2.6 2.8000000000000003 0.2 0 12.200000000000001 0 2.6 0 0.2 0.2 0 0 0.2 0 2.2 1 0 0.4 0 0 2.2 1.8 0.2 0 0 0 5 1.8 0 0 0 0 0 0 0 0 0 0 0 0 0 4.4 0 0 0 0 0 0 0 0.8 0 0 0 0 0 0 0 0 0.4 0.4 0 0 0 0 0 0.8 0 1.2000000000000002 0 5.4 3.4000000000000004 1.6 5.2 8 0 0 0.2 0 0 0.2 0.4 2.2 0 13.200000000000001 2 0 0 0 4.6000000000000005 3 0 0 0 0 2 0 0 0 2.6 0 5.2 0 0.8 0 0 0 2 2.4000000000000004 0 0 0 0 0 0 0.2 0 0 0 0 0 0 0 0 0 0 0 0 0 0 0 0 0 0 0 0 0 0 0 0 0 0 0 0 0 0 0 0.2 0 0 2.8000000000000003 0 0 0 0.8 0.8 0.4 0.4 9.200000000000001 1.2000000000000002 4 3.8000000000000003 0 0 0 0 0 0 0 0 0 0 0 0 0 0 0 0 0 0 0 0 0 0 2.8000000000000003 0.2 3.4000000000000004 0 0 0 0 0 0 0 0 0 0 0 0 
 27.8 44.400000000000006 16.2 11.200000000000001 58.6 9.200000000000001 66.4 39 56.6 14.200000000000001 6.6000000000000005 10.8 0 37.4 26.400000000000002 6.6000000000000005 40.800000000000004 16.400000000000002 16.8 13.600000000000001 0.6000000000000001 0 0.8 0 0.4 0 0 14.8 0.4 0.4 0.6000000000000001 0 0.6000000000000001 0 0 0 15 0 0.4 2.4000000000000004 0 0 0.4 0 0 0 0 0 0.4 0 0 0 0.6000000000000001 0 0 0 0 0 0.6000000000000001 0.8 0 0 0 0 0 0.6000000000000001 0 0 0 0 10 0 0.6000000000000001 0.6000000000000001 0.2 0 0 0 0 0.4 0 2.8000000000000003 1.4000000000000001 2.2 0 0 8.6 0 6.6000000000000005 5 0 0 0 0 6 5 0.2 0 2.4000000000000004 3.2 0 0 0 0 0 0 0 0 0.4 0 0 0 0 0 0 0 0 0 2 1.2000000000000002 0 0 0 0 0 0 0 1.4000000000000001 0 0 0 0 0 0 0 0 0 0 0 0 0 0 0 0 0 0 0 0 0.6000000000000001 0 0 0 0 0 0 14.200000000000001 0 0 0 1.4000000000000001 5.800000000000001 4.6000000000000005 2.4000000000000004 0 0 0 5.2 5.800000000000001 3.2 2.4000000000000004 2.2 0 2 13.200000000000001 0.8 0.4 3.4000000000000004 1.4000000000000001 4.6000000000000005 0 0 0 0 0 0 0 0 0 0 0 0 0 0 0.2 0 0 0 0 0 0 0 0 0 0.2 0 0 0 0 0 0 0 0 0 0 0 0 0 0 0 0 0 0 0 0.4 0 0 0 0 0 0 0 0 0 0 0 0 0 0 0 0 0 0 0 0 0 0 17.6 0 0 0 0 1.8 0 0 0 0 0 0 0 0 0 2.8000000000000003 0 0 0 0 0 0 0 0 0 0 0 0 0 0 0 0 0 0 0 0 0 0 0 0 0 0 0 0 
 34 17.8 13 21.8 86.60000000000001 10.8 46.6 22.8 40.400000000000006 20.200000000000003 24.400000000000002 63 37.4 0 45.6 9.600000000000001 24.6 8.4 33.4 17.6 0.6000000000000001 1 0 13.4 0 1.2000000000000002 0 0.2 1 0.2 0.6000000000000001 13.8 0.6000000000000001 1 0.2 0 0.6000000000000001 0.4 0.4 1.8 0 0.2 0.4 0.2 0.4 0 0 0.4 0.8 14 1 0 0.6000000000000001 0 0 0 0 0.4 0.6000000000000001 1 0 0 0 0 0 0 0 0 0 0.4 1.4000000000000001 0 0.6000000000000001 1 0 0 0.6000000000000001 0 0 0.4 4.4 2.2 0 9.200000000000001 2.2 4 2.8000000000000003 3 3 0 3.8000000000000003 6.4 6.2 1.4000000000000001 0.4 10.200000000000001 6.800000000000001 0 2.6 0 0 0 0 0 0 0 0 0 0 0.4 0 0 0 0 0 0 0 0 0 0 0 0 0 0 0 0 0 0 0 0 4 0 0 0 0 0 0 0 0 0 0 0 0 0 0 0 0 0 0 6.4 0 0 0 0 0 0 0 0 0 0 2.2 0 0 2 5.2 0 7.800000000000001 8.200000000000001 3.4000000000000004 1.8 1 0 7.800000000000001 2.8000000000000003 3.2 0 2.2 0 11 0 0 0 0 0 0 0 0 0 0 0 0 0 0 0 0 0 0 0 0 0 0 0 0 0 0 0 0.2 0 0 0 0 0 0 0 0 0 0 0 0 0 0 0 0 0 0 0 0 0 0 0 0 0 0 0 0 3.8000000000000003 0 0 0 0 0 0 0 0 0 0.4 0.4 0.4 0.4 0.4 3 3.2 0 1.6 0 0 0 0 0 0 0 0 0 0 0 0 0 0 0 0 0 0.2 0.4 0 0 0 0.8 0 0 0 0 0 0 0 0 0 0 0 0 2.2 
 54.6 74 16.2 34.6 19.200000000000003 55.2 27.400000000000002 94.2 27.400000000000002 41.2 21.400000000000002 11 26.400000000000002 45.6 0 22.200000000000003 15.4 54.2 63.6 55.2 0.6000000000000001 0.4 0 0 0 0 0 0 0.4 0.4 0.6000000000000001 0 0.8 0 0 0 1.4000000000000001 0 0 1.4000000000000001 0 0.8 0.4 0 0 0 0 1.2000000000000002 1.6 0 0 0 0.6000000000000001 0 0 6.6000000000000005 0 0 1 0.4 0 0 0 0 12.4 0 0 0 0 0.2 0 0 0.6000000000000001 0.6000000000000001 0 0 0 0.2 0.2 0.4 3.8000000000000003 0 8.8 2.2 3.6 0 4.6000000000000005 0 2.8000000000000003 8.8 0 7.4 7.4 6.4 10 11.8 7.800000000000001 8.4 2.2 1.4000000000000001 0 0 0 0 0 0 0 2.2 0 0.2 0 0 0 0 0 0 0 0 0 0 0 0 0 0 0 0 0 0 0 0 0 0 0 0 0 0 0 0 0 0 0 0 0 0 0 0 0 0 0 0 0 0 0 0 0 0 0 0 0 0 0.2 2.4000000000000004 3.6 0.2 3.2 3.8000000000000003 6.2 0 2.8000000000000003 0.2 5.2 0.4 2.4000000000000004 2 0.6000000000000001 2.8000000000000003 2.6 0 7.4 0 0 0 0 0 0 0 0 0 0 0 0 0 3.2 0 0 0 0 0 4 4.800000000000001 0 0.2 0 0 0 0 0 0 0 0 0.4 0 0.2 0 0 0 0 0 0 0 0 0 0 0 0 0 0 0 0 0 0 0 0 0.4 0.4 0 0 0 0 0 0 0 0 0 0 0 17.6 0.6000000000000001 0.4 27 0 2.8000000000000003 5.6000000000000005 0 0 0 0.4 0 0 0 0 0 0 0 0 0 0 0 0 0 0 0 0 0 0 5 0 0 0 0 0 0 0 0 0 0 0 0 0 0 
 53.6 8.8 38.2 29.400000000000002 32 32.2 19.6 48.2 92.60000000000001 39 103.2 69.60000000000001 6.6000000000000005 9.600000000000001 22.200000000000003 0 21.8 26.200000000000003 13.600000000000001 16.2 0.6000000000000001 0 0 0 0 0 12 0 0.6000000000000001 0 0.6000000000000001 0 1.8 0 0 0 0.2 0.4 23 26.200000000000003 0 0 0.6000000000000001 13 0 0 0 0 1 0 0 0 0.4 0 0.6000000000000001 0.4 0.6000000000000001 0 0.2 0.4 0 0 0 0 5.800000000000001 0 0 0.2 0 0.2 0 0 0.6000000000000001 0 0 0.4 0 0 1 0.6000000000000001 2 0 4.6000000000000005 0 6.6000000000000005 3.2 0 2.8000000000000003 8.8 0.6000000000000001 8.4 3.6 2.6 1.2000000000000002 2.4000000000000004 0 8.6 4 0 0 0 0 0 0 0 0 13.8 0 0 0 0 0 1.2000000000000002 0 0 0 0 0 0 0 0 0 0 0 0 0 0 0.4 0 0 0 0 0 0 0 0 0 0 0 0 0 1.6 0 0 0.4 0 0 0 0 0.4 0.6000000000000001 0 0 0 0 0 0 3.4000000000000004 0 0 2.6 4 0.8 6 8.8 18.2 0 1 0 2 0 3.6 13.8 1.8 0 1.2000000000000002 2.2 5.4 0 0 6 4.2 0 0 0 2.2 4.2 0 0 0 0 0 3.4000000000000004 4.2 3.4000000000000004 0.2 0 0 2.6 0.2 0 0 0.4 0 0 0 0 0 0 0 3.2 0 0 0 0 0.4 0 0 0 0 0 0 0 0 0 0 0 0 0 0 0 0 0 0 0 0 0 0 0 0 0 3.4000000000000004 0 0 0 0 0.4 0 0.6000000000000001 17.400000000000002 2.8000000000000003 3 4 0 0 0 0 0 0 0 0 0 0 10.200000000000001 0 0 0 0 0 0 0 0 0 0 0 0 0 0.2 0 0 0 0.2 0 0 0 0 0 0 0 0 
 9.600000000000001 7.800000000000001 43.6 12.8 15.4 29 41.2 57.6 44.400000000000006 73.8 74.8 45.2 40.800000000000004 24.6 15.4 21.8 0 14.4 28.400000000000002 46.800000000000004 0.6000000000000001 17.400000000000002 0 0 0 0 12.200000000000001 0 0.6000000000000001 0 0.6000000000000001 0 0.4 0 0 0 0.4 0.2 13 0.8 0 0 0.6000000000000001 0 0 0 0 0 0.6000000000000001 0 0 0 0.4 12.200000000000001 0 0.6000000000000001 0 0 0 0.4 0 0 0 0 0 0 0 0 0 0 0 0 0.6000000000000001 0 0 0 0 0.2 0 2 3.8000000000000003 5 6.2 0 3.8000000000000003 0.2 0 8 7.4 0.6000000000000001 0 0 3.2 2 0.4 7 8.8 0 2.2 0 0.4 0 0 0 0 0 5.2 0 0 0 0 0 0 0 0 0 0 0 6 0 0 0 0 0 0 0 0 0 0 0 0 0 0 0 0 0 0.2 0 0 0 0 1.6 0 0.2 0 0 0 0.2 0 0 0.6000000000000001 0 0 0 0 0 0 3 0 3 0 13.8 4.4 0 16.400000000000002 9.200000000000001 2 0 0 0 0 0.4 0 1.8 0 5.4 0.4 4 0 0 0 4.4 0 0 0 0 1.8 0 0 0 0 0 0 0 0 0 0 0 0 2 0 0 0 0 0 0 0 0 0 0 0 0 0 0 0 0 0 0 0 0 0 0 0 0 0 0 1.6 0 0 0 0 0 0 0 0 0 0 0 0 0 0 3.6 0 0 0 0 0.4 0 0.6000000000000001 0 0 1.2000000000000002 0 0 0 0 0 0 0 0 0 0 0 0 0 0 0 0 0 0 0 0 0 0 0 6 2 0.4 0 0 0 0.2 0 0 0 0 0 0 0 0 
 36.4 23.8 74.8 52.2 9.8 11 25.200000000000003 26.8 39.6 53.6 12.200000000000001 14 16.400000000000002 8.4 54.2 26.200000000000003 14.4 0 33.6 23.400000000000002 0.6000000000000001 0.4 0 0 0 0 0 0 0.6000000000000001 2.2 0.6000000000000001 0 0.4 0 0 0 0.6000000000000001 0.2 0 1 0 0 1.2000000000000002 0 0 0 0 0 0.6000000000000001 0 0 0 0.4 0 0 0.4 0 0 0.2 1.6 1 0 0 0 0 0 0 0 0 0 0 0 0.6000000000000001 0 0 0 0 0 0.2 1.6 7.2 0.8 5.2 5 4.2 0.4 2.8000000000000003 0 3 2.6 1 11.600000000000001 5.2 9.600000000000001 9 0 1.6 0 0.4 4.6000000000000005 0.2 3 0 0 0 0 0 0 0 0 0 0 0 0 0.4 0 0 0 15 0 0 0 0 0 0 0 0 0 0 0 0 0 0 0 0 0 0.2 0 0 0 0 0 0 0.2 0 0.2 0 0 0 0 0 0 0 0 0 0 0 0 0 2.4000000000000004 4 7.2 0.2 5 2.8000000000000003 0 2.8000000000000003 0 2.6 3 2.6 0 2.8000000000000003 0 7.2 0.4 6.2 10.600000000000001 0 0 0.2 0 0 0 0 0 0 0 4.2 0 0.4 0 0 0 0.2 0 0 0 0 0 0 0 0 1.8 0 0 0 0.6000000000000001 0 0 0 0 0 0 0 0 0 0 0 0 0 0 0 0 0 0 0 0 0 0 0 0 0 0 0 0 0 0 0 0 0 0 0 0 0 0 17.400000000000002 0 0.4 1 0 1.8 0.4 0 0 0 0 0 0 0 0 0 0 0 0 0.2 0 0 0 0 0 0 0 0 0 0.8 0 0 0 0 0 0 0 0 0 0 0 0 0 0.4 
 43 41.400000000000006 29.400000000000002 16.6 19.200000000000003 9 37.4 23.6 57 53.2 22 23.8 16.8 33.4 63.6 13.600000000000001 28.400000000000002 33.6 0 27.400000000000002 0.6000000000000001 0 0 0 0 16.8 0 0 0.2 0 0.8 0 0.8 0 0 0 0.2 0 0 0.6000000000000001 0 0.4 0.4 0 0 0 0 0 0.4 0 0 0 0.6000000000000001 0 0 0 0 0.2 0.6000000000000001 0.4 1.2000000000000002 0 0 0 7 0 0 0 0.4 0 0 0 0.6000000000000001 8.200000000000001 0 0 0 0 0 0.4 7.2 1.2000000000000002 3.4000000000000004 3 5 0 6.4 0 2.6 2 0 6.2 2.8000000000000003 3.4000000000000004 10.4 5.4 0 9 0 2.4000000000000004 0 0 0 0 0 0 0 0 0 0 0.4 0 0 0 0 0 0 0 0 0 0 0 0 0 0 0 0 0 0 0 0 0 0 0 0 0 0 0 0 0 0 0 0 0.2 0 0 0 0 0 0 0 0 0 0 0 0 0 0 0 0 0.6000000000000001 0 0 2.8000000000000003 4.2 0 6.2 3.8000000000000003 0 4.4 2.4000000000000004 0 5.6000000000000005 3 5.2 0 0 2 2 0.4 0 0 1.8 0 0 0 0 0 0 0 0 0 0 0 0 0 0 0 3.8000000000000003 0 0 0 0 0 2.8000000000000003 0.2 0 0 0.2 0 0 0 0 0 0 0 0 3.2 0 0 0 0 0 0 0 0 0 0 0 0 0 0 0 0 0 0 1.2000000000000002 0 0 0 0 0 0 0 0 0.2 1.2000000000000002 0 0.2 17.8 0 0.8 0 0 0 0 0.4 0 0 0 0 0 0 0 0 0 0.4 0 0 0.2 0 0 0 0 0 4.4 0.2 0 0 0 0 0 0 0 0 0 0 0 0 0 
 7.6000000000000005 11.4 17.8 10.600000000000001 12.600000000000001 95.60000000000001 24.6 48.6 13.200000000000001 16.400000000000002 17 12.200000000000001 13.600000000000001 17.6 55.2 16.2 46.800000000000004 23.400000000000002 27.400000000000002 0 0.6000000000000001 0 0 0 0 0 0 0 0.6000000000000001 0 0.6000000000000001 0 0.4 0 0 0 0 0 0 0.6000000000000001 0 1.2000000000000002 0.6000000000000001 0 0 0 0 0.4 0.6000000000000001 0 0 0 0.4 0 0 0.6000000000000001 0 0.2 0 0.4 0 0 0 0 0 0 0 0 0 0 0 0 0.6000000000000001 0 0 0 0 0 0 2 7 3.8000000000000003 4.4 2 0 0 4 0 0.6000000000000001 1.8 0 0.8 1.2000000000000002 3.6 3.8000000000000003 3 0 2.2 3.6 0 0 0 0 0 0 0 0 0 0 0 0 0 0 0 0 0 0 0 4.2 0 0 0 0 0 0 0 0 0 0 0 0 0 0 0 0 0 0 0 2.2 0 0 0 0 0 0 0 3 0 0 0 0 0 0 0 0 0 0 0 0 0 0 5.4 6 2 3.2 0 6.4 1.8 0 1.2000000000000002 0.2 0 0 2.4000000000000004 2.6 0 4.2 2 2 0 0 0 0 0 0 0 0 0 0 0 0 0 0 0 0 0 0 0 0 0 0 0 0 0 0 0 0 0 0 0 0 0 0 0 0 0 0 0 0 0 0 0 0 0 0 0 0 0 0 0 0 0 0 0 0 0 0 0 0 0 0 0 0 0 0 0.8 0.2 0.4 0.6000000000000001 0 0 0.6000000000000001 0 0 0 0 0 0.4 0 0 0 0 0 0 0 0 0 0 0 0 0 0 0 0 0 0.2 0 0 0 0 0 0 0 0 0 0 0 0 0 0 
 13.8 0.6000000000000001 0.6000000000000001 0.6000000000000001 15.4 16.2 0.6000000000000001 1.2000000000000002 0.6000000000000001 0.6000000000000001 0.8 0.6000000000000001 0.6000000000000001 0.6000000000000001 0.6000000000000001 0.6000000000000001 0.6000000000000001 0.6000000000000001 0.6000000000000001 0.6000000000000001 0 48.6 43.400000000000006 28 8.8 54.400000000000006 23.400000000000002 27.200000000000003 28.400000000000002 94.4 13 5.4 113.60000000000001 26 42.6 39.800000000000004 10 36 58.800000000000004 73.8 2.4000000000000004 0 0 0 0 0 0 0.6000000000000001 0.2 0 0 0 0.2 0 1.2000000000000002 0 0 0 0 0 0 0 0 0 0 0 0.4 0 0.6000000000000001 0 0 0 0 0 0 0.4 0 0 0 0 0 0 0 0 0 1.6 0 0 0 0 0 0 0 0 0 0 0 0.4 0 0 0 6.2 2.8000000000000003 9.8 1.4000000000000001 0 1.2000000000000002 6.6000000000000005 6.4 4.2 3.4000000000000004 2.8000000000000003 5 9.4 9.4 4 3.6 14.8 0 4.4 0 0 0 0 0 0 0 0 0 0 0 0 0 0 0 0 0.2 0 0 0 0 0 0 0 0 0 0 0 0 0.6000000000000001 0 0 0 0 0 0 0 0 0 0 0 0 0 0 0 0 0 0 0 1.4000000000000001 2 1.4000000000000001 0 0.4 0 0 0 0 0 0 0.4 0 2.8000000000000003 0 2 0 4 4.4 11.4 10.4 5.800000000000001 2.6 1.6 6.2 0.4 13.600000000000001 6.800000000000001 2.6 5.800000000000001 0.2 0 0 0 0 0.4 0 0 0 0 0 0 2.8000000000000003 0 0 0 0 0 0 0 0 0 0 0 0 0 0 0 0 0 0 0 0 0 0 0 0 0 0 0 0 0 0 0 0 0 0 0 0 0 0 0 0 0 0 1.2000000000000002 0.4 0 15.8 0 0 0 0 0 0 0 0 1.6 0 0 0 0 0 0 0 0 0 0 0 0 6.2 0 0 0 0 0 2.8000000000000003 0 0 0 0 
 0 0 0 0.2 0 7.6000000000000005 0 0.6000000000000001 0 14.8 0.8 0.2 0 1 0.4 0 17.400000000000002 0.4 0 0 48.6 0 53.400000000000006 21.400000000000002 19.6 10.4 14.200000000000001 77.80000000000001 32.6 38.800000000000004 60.800000000000004 5.800000000000001 40.400000000000006 12 32 11 94 33.800000000000004 44.400000000000006 62 0 0 0 0 0 2.6 0 0.6000000000000001 0.2 0.4 0.2 0 13 0 0 0 0 0 0 12.600000000000001 0.2 0 0 0 0 0 0 0 0 0 0 0 0 4.800000000000001 0 0.4 0 0 0 0 0 0 0 0 0 0 0 0 0 3.8000000000000003 0 0 0 0 0 0 0 0 0 0 0.2 4.4 2 0.6000000000000001 0.4 0.6000000000000001 1 4.800000000000001 5 6.6000000000000005 4.800000000000001 1.8 7.6000000000000005 5.4 4.2 0 0.4 5.2 13.4 2.4000000000000004 0 0 0 0 0 0 0 0 0 0 0 0.4 9 0 0 0 0 0 3.4000000000000004 1.6 0 0 0 0 0 0 0 0 0 1.6 0 0 0 0.4 0 0 0 0 0 0 0 0 0 0 0.2 1.2000000000000002 0 0 0 1.2000000000000002 0 0 0 0 0 0 0 0 0 0 1.4000000000000001 2.8000000000000003 2.2 3.6 0 0.4 6.800000000000001 1.8 5.2 5 5.4 4.2 1.2000000000000002 8.200000000000001 2.6 3.2 4.2 4.6000000000000005 0 4.4 0 0 0 0 0 0 0 5.4 0 0 0 1.4000000000000001 0 0 0 0 0 0 0 0.2 0 0 0 0 0 0 0 0 0 0 0 0 0 0 0 0 2.4000000000000004 0 0 0 0 0 4.4 0 0 0 0 3.6 0 0 0 0 0 0 0.8 0 0.2 26.6 16.400000000000002 0.4 0 0 0 0 0 0 0 0 0 0 0 0 0 0 0 0 0 0 0 0 0 0 0 0 0 0 4 0 0 0 
 0 1.2000000000000002 0 0 0 0 0 0.4 0.2 0 0 14.4 0.8 0 0 0 0 0 0 0 43.400000000000006 53.400000000000006 0 22.6 53.400000000000006 64.2 43.6 18.6 47.6 26.6 10 52.800000000000004 55.6 59.400000000000006 27.6 59.400000000000006 25.6 58.400000000000006 70.60000000000001 14 0.4 0 0 0 0.6000000000000001 0 12.4 0.6000000000000001 0 0 0 0 12.8 0.2 3 0.4 0 0 0.2 13 0.6000000000000001 0 0 0 0 0.2 0.2 0.2 0.4 0 0.2 0 0 0 0 0.6000000000000001 0 0.4 0 0 0 0 0 0 0 0 0 0 0 0 0 0 0 0 0 0 0 0 0 0 0 0 0.2 0 1.6 1.6 0.2 3 2.6 2.4000000000000004 5.4 5.4 1.2000000000000002 4.4 0.2 0 3.6 0 0 2.4000000000000004 0 0 0 0 0 0 2.6 1.2000000000000002 0 0 0 0 19.6 0 2.4000000000000004 0 0 0 1.2000000000000002 4.2 1.4000000000000001 0 0 0 2 0 0 0 0 0 0 0.2 0 0 0 0 0 0.4 0 0 0 0 0 0 0.2 4 0 0.2 1 0 0 0.8 0 0 0 0 0 0 0.6000000000000001 0 0 0 5.2 0 1 1.6 0 2.2 7.4 2.6 10.8 2.2 2 1.8 1.8 2.8000000000000003 5.6000000000000005 7.4 3 2.2 2.4000000000000004 0 0 0 0 0 3.2 6.800000000000001 0 0 0 2 1.6 0.2 2.2 0.2 0 0 0.4 0 0 0 0 0 0 0 0 0 0 0 0 0 0 0 0 0 0 0 0 0 0 0 0 0 0 0 0 0 0 3.8000000000000003 0 0 0 0 0 0 0 15.8 15 0 2.2 0.4 0 0 0 0 0 0 0 0 0 0 0 0 0 0 0 0 0 0 0 0 0 0 0 0 4.4 0 0 0 
 0 0.6000000000000001 0 0 0 0 0.4 0 0.4 0 0 0 0 13.4 0 0 0 0 0 0 28 21.400000000000002 22.6 0 74.8 26 26.8 36 73.4 15.600000000000001 65 13.4 33.800000000000004 19.8 71.4 36.2 52.2 11.600000000000001 10 16.400000000000002 0 0 0 0 0.2 0 0 0.6000000000000001 0.2 0 0 0 0 11.4 0 0 0 0 12.600000000000001 0 0 0 0 0 0 1 0.2 0 1.8 0 0 0 0 0 10.4 0.4 0 0 0 0 0 0 0 0 0 0 0 0 0 0 0 3.6 0 0 0 0 0 0 0.4 0 4.6000000000000005 8.4 6.800000000000001 0 3.8000000000000003 1.8 0 3 0 0.2 3.6 2.8000000000000003 0 2.2 0 6.800000000000001 3 0 0 0 0 3.4000000000000004 0 4.2 0 0 2.6 0 1.6 3.6 3.2 0 0 0.2 0 0 0 0 4.800000000000001 2.6 0 0 0.2 0 0 0 0 0 0 1 0 0 0 0 0 0 0 0 0 0 0 0 0 0 0 0 0.2 2 1.2000000000000002 0 0.2 0 0 0 0 0 0 0 0 0 0.2 2.8000000000000003 0.2 6.4 2.4000000000000004 5.6000000000000005 0 0 2 5.800000000000001 0 0.2 0 0 0 1.8 4.800000000000001 2.4000000000000004 0 0 0.8 1.4000000000000001 4.6000000000000005 0.2 0 0 0 1.2000000000000002 0 0 0 0 6.800000000000001 5.6000000000000005 1 2.2 0.2 4 0.2 3 0 0 0 0 0 0 0 0 0 0 0 0 0 0 0 0 0 0 0 0 0 0 0 0 0 0.4 0 0 0 0 0 0 0 1.8 4.800000000000001 0 0.2 11.600000000000001 17.2 0 0.6000000000000001 0.4 0 0 0 0 0 0 0 0 0 0 0 0 0 0 0 0 0 0 0 0 0 0 0 0 0 0 0 0 
 0 0.2 0 0 0 0 0 0 0.2 0 0.2 0 0.4 0 0 0 0 0 0 0 8.8 19.6 53.400000000000006 74.8 0 44.2 30.400000000000002 90.60000000000001 34.4 78.60000000000001 78.60000000000001 32.800000000000004 15.8 37.6 72.2 14.8 38.800000000000004 17.6 10 20.400000000000002 8.8 0 0 0 0 0 23.200000000000003 13.8 0.2 0 0 0 0 5.4 13 0 0 0 4.6000000000000005 10.600000000000001 0 0 0 0 0 0.6000000000000001 0 0 0 0 0 0 0 0 0 0.4 0 0 0 0 0 0 3.6 0 0.2 0 0 0.2 0 0 0 0 0 0 0 0 0 0 0 0 0 2.6 3.6 0 7.4 5.800000000000001 1.8 0 0.2 3.2 7.4 12 0 0 4.800000000000001 0 2 2.6 0 0 0 2.8000000000000003 2.2 5.6000000000000005 0 0 2.2 2 1.8 0 1.8 4.2 0.2 2.6 3 4.800000000000001 0 0 4.2 3.6 0 0 0 0 0 0 0 0 0.4 0 0.4 0 0 0 0 0 1.6 0 0 0 0 0 0 0 0 0.4 0 0 0 0 0.8 0 1.4000000000000001 0 0.4 0.2 0 0.4 0 1.2000000000000002 2.2 6.4 2.2 2.4000000000000004 2.6 10.600000000000001 0 0.2 0 6.6000000000000005 1 0 0 0 0 2.2 0 2.4000000000000004 0 2 5.4 0.2 4 1.8 0 0 4.2 0 1.8 0 0 0 2.8000000000000003 0.4 0 0 0 3.8000000000000003 1.2000000000000002 2 0 0 0 0 0 0 0 0.4 0 0 0 0 1.2000000000000002 0 0 0 0 0 0 0 0 0 0 0 0 0 0 0 0 0 0 0 0 0 1.6 0 0 1 0.2 0 0.2 0 0 0 0 0 0 0 0 0 0 2.2 0 0 0 0 0 0 0 0 0 2.2 0 0 0 0 0 0 0 0 
 0 0 0 0.4 0.4 0 0.2 0.4 0 0 0 0 0 1.2000000000000002 0 0 0 0 16.8 0 54.400000000000006 10.4 64.2 26 44.2 0 8.200000000000001 82 10.4 28.6 17.8 34.4 8 51.400000000000006 10.8 27.200000000000003 31.200000000000003 9.4 9.4 31.200000000000003 0 13.200000000000001 0 0 0 0 12.4 0.6000000000000001 0.2 3.6 0 0 0.2 12 23 0 0 0.4 37.2 12.600000000000001 0 0 0 0 8.6 0 0 0.8 0 0 0 0.8 0 0 0.6000000000000001 0.4 0.6000000000000001 0 0 0 0 0 0 0 0 0 0 0 0 0 0 0 0 0 0 0 0 0 0 0 0 2 0 5.6000000000000005 6 1.6 0 0 0 0 4.4 3.2 0 0 2.4000000000000004 1.8 0.2 0 0 0 0.2 1.6 2.4000000000000004 1.2000000000000002 0 0 5 1 2.2 2.4000000000000004 0 0 0.4 2.2 4.800000000000001 2.2 0.2 0 2.6 0 1.6 0 3.2 0 1.8 0 0 0.4 0 0 0 1.2000000000000002 0 0 0 0 0.2 0 0 0 0 0 0 0 0.4 0 0 0 0.6000000000000001 0 0 0 1 0 0 0 0 0 0 0.2 0 0 0 5.2 0 5.6000000000000005 0 0 0.2 0 0 3.8000000000000003 0 0.2 0.2 0 1.8 3.8000000000000003 0 0 5.4 2.6 1.8 0 0 0.4 6 1.8 0 0 0 5.4 3.4000000000000004 6.2 4.2 2.4000000000000004 0 1.6 6.4 4.2 0 0 0 0 0 0 0 0 0 0 0 0 0 0 0 0 0 0.2 0 0 0 0 0 0 0 0 0 0 0 0 0 0 0 0 0.4 0 0 0 1.2000000000000002 0 0.2 4 0 0 0 0 0 0 0 0 0 0 0 0 0 0 0 0 0 0 0 0.4 0 0 0 0 0 0 0 0 
 0.6000000000000001 0 0 0.4 0 14.600000000000001 0.4 0 15.8 0.6000000000000001 14.8 5.6000000000000005 0 0 0 12 12.200000000000001 0 0 0 23.400000000000002 14.200000000000001 43.6 26.8 30.400000000000002 8.200000000000001 0 19.400000000000002 123 25.200000000000003 70 47.800000000000004 33.4 28 25.8 21.200000000000003 7 46.800000000000004 53.2 12.8 15.600000000000001 0.4 0 40.400000000000006 0 0.2 0 1.2000000000000002 0.6000000000000001 10.600000000000001 0 0 0 0 4.6000000000000005 0.2 0 0.4 0 0 0 0 0 0 0 1 0.6000000000000001 0 0.8 0 0 0 0 0 0 0.6000000000000001 0 0 0 0 0 0 1.2000000000000002 0 1.6 0.4 0 0 1.2000000000000002 2.2 0 0 0 0 0 0 1.2000000000000002 0 0 0 0 5.2 6 0 0.8 3.2 1.8 6 4.4 5.800000000000001 4 6.800000000000001 2.6 7.4 3.2 0.2 2.4000000000000004 3 0 0.4 0 0 0 0 0 0 0 0.2 0 0 0 0 0.8 0 0 0 0 0 0 0.2 0 0.8 0 0 0 0 0 0 0 0 0.4 3.6 0 0 0 0 0 0.8 0 0 0 1.4000000000000001 0 0 0 3.2 0 0 0 0 0 1.6 0.2 0 0 3 0 0 0 0 0 2.4000000000000004 5.2 2.8000000000000003 6 0.8 2 2.4000000000000004 3.2 6.4 10.200000000000001 0 8.8 2.6 2.2 0.8 6.6000000000000005 0 3.6 0.2 0 0 0 0 0 0 0 0 0 0 0 0 0 0 0 0 0 0 0 0.6000000000000001 0 0 5.800000000000001 0 0 2.2 0 0 0 0 0 0 0 0 0 0 0 0 0 0 0 0 0 0 0 0 0 0 0 0 0 0 0 0 2 0 0.4 0.4 0 0.4 0.2 0 0 0 0 0 0 0 0 0 0 0 0 0 0 0 0 2.6 0 0 0 0.2 0 0 0 0 0 0 0 0 
 0 0 0.4 0.2 22.400000000000002 29.6 0 0 14.8 0 15.200000000000001 0 14.8 0.2 0 0 0 0 0 0 27.200000000000003 77.80000000000001 18.6 36 90.60000000000001 82 19.400000000000002 0 43.2 67 64 45.400000000000006 26.200000000000003 43.400000000000006 69.4 50.2 26.8 28 20 92.4 0 0 0 0 0 0 0 0.6000000000000001 0 0 0 0 0 0 0 0 0 0 3.6 0 0 0 0 0 0.2 0 0 0 10.4 0 8.6 9.8 0 0 0 0.4 0 0.2 0.2 0 0 0 0 0 0 0 0 0 0 0 0.4 0 0.4 0 0 0 0 2.4000000000000004 0 0.2 4 4.2 3 6.4 3.8000000000000003 0 3 2.2 1.8 0 5 1.8 0 1.4000000000000001 0 2 1.8 0 0 6.800000000000001 0 0 0 0 0 0 1.6 1.4000000000000001 0 0 0 0 0 2 0 0 0 0.4 2.4000000000000004 2.8000000000000003 0.2 0 0 0 2.2 0 0 0 0 2.6 0 4.2 0 0 0 0 0 0 0 0 0 0 0 0 0 1.2000000000000002 0 0 0 1 2.4000000000000004 0.6000000000000001 0 0 0 0 0 0 0 0 1.8 5.6000000000000005 0 5.4 4.800000000000001 4.2 4.4 9.600000000000001 2 2.8000000000000003 0 0 4 2.4000000000000004 0 1.8 0 10.4 0 0 0 0 0 0 0 0 2.6 0 0 0 0 0.4 4 0 0 0.4 0 0 0.2 2.4000000000000004 0 0 0 0 0 0 0 0 0 0 0 0 0 0 0 0 0 0 0 0 0 0 0 0 0 0.2 0 0 0 0 0 0 0.2 0 0 0.4 0.2 0 0 0.6000000000000001 0.4 9.200000000000001 0 0 0 0 0.6000000000000001 0 0 0 0 0 0 0 0 0 0 0 0 0.4 0 2.8000000000000003 0 0 0 0 0 0 0 0 
 0.4 0.4 0.4 0.2 0.4 0.2 0.4 0.4 1 0.8 0.2 0.4 0.4 1 0.4 0.6000000000000001 0.6000000000000001 0.6000000000000001 0.2 0.6000000000000001 28.400000000000002 32.6 47.6 73.4 34.4 10.4 123 43.2 0 37.4 100.2 10.4 82.2 27.8 27.200000000000003 108.4 37.2 13.4 13 17.6 0.6000000000000001 0.6000000000000001 0 0.6000000000000001 0.4 1 0 1.6 0.8 0 0 0 0 0 0 0 0.6000000000000001 1 1 0 0.6000000000000001 0.2 0 0 0.4 1.4000000000000001 5.2 0.6000000000000001 1.2000000000000002 0 0 0 0 0.2 0 0.4 0 0 10 0 0 0 0 0 0 0 0 0 0 0 0 0 0 0 0 0 0 0 0 0 3.6 17.400000000000002 2.4000000000000004 0 5.2 1.4000000000000001 0 2.4000000000000004 3.8000000000000003 7 11 14 0 2.4000000000000004 0 6.4 8 2.4000000000000004 3.4000000000000004 2 0 0 0 0 0 0 4.4 2.4000000000000004 0 0 0 0 5.4 0 0 0 0 0 1.8 5.6000000000000005 0 0 0 0 0 0 0 0 0 0 0 0 0 0 0 0 0 0 0 0 0 0 0 0 0 0 0.2 0 0.2 0 0 0.6000000000000001 0 0 0 0 0 0 0 0 0.8 0.4 3.8000000000000003 5.2 8.6 6 0.2 6.800000000000001 1.8 4.6000000000000005 6.4 1.4000000000000001 6.800000000000001 4.800000000000001 3.6 2.6 6.2 0 0.2 3.6 0 0 0 0 0 0 0 0 0 0 0 0 4.6000000000000005 0 2.2 0 0 0 0 1 0 0 0 0 0 0 0 0 0 0 0 0 0 0 0 0 0 0 0 0 0 0 0 0 0 0 0 0 0 0 0 0 0 0 0 0.4 0.6000000000000001 0 0.4 0 1.8 0 0 0 0 0 0 0 0 0 0 0 0 0 0 0 0 0 0 0.2 0 0 0 0 0 0.2 0 0 0 0 
 0 0 0 0 0 0 15 0 0 0 0 0.2 0.4 0.2 0.4 0 0 2.2 0 0 94.4 38.800000000000004 26.6 15.600000000000001 78.60000000000001 28.6 25.200000000000003 67 37.4 0 66.60000000000001 15.8 9.600000000000001 59.2 41.400000000000006 73.8 55.400000000000006 16.400000000000002 14.8 24.200000000000003 13.200000000000001 0 1.2000000000000002 11.200000000000001 1.2000000000000002 0 11.200000000000001 0.6000000000000001 0 0 12.200000000000001 0 12.4 0 0.2 0 0 0 1 13 9.4 0 0 0.4 0 0 0 1.2000000000000002 0 0 0 1.8 0 0 1.2000000000000002 0.4 0.4 0 0 0 0 0 0 0 0 0 0 0 0 0 0 0 0 0 0 0 2.8000000000000003 0 0 0 0 2.8000000000000003 0 4.6000000000000005 9.4 5.4 0 2.8000000000000003 0 7.6000000000000005 6.4 6.6000000000000005 0 0 0 0 12 0 0 0 0 0 0 0 0 0 9.200000000000001 2.2 0 0 0 0 6.4 0.2 3 4 0 0.6000000000000001 3.6 1.8 1.2000000000000002 0 0 0 0.2 0 0 0 0.4 0 0.4 0 0 3.2 0 0 0 0 0 0 0 0 0 0 0 0.4 0 0 0 0 0 1.6 0 0 0.4 0 0 0.4 0 0 0 0 2.4000000000000004 3.8000000000000003 2.6 6 0 0 4 0 9.200000000000001 6.4 0 0 0 0 5.2 0.2 0 0 2.4000000000000004 0 0 0 0 0 3.2 0 1.8 0 0 4.800000000000001 3.8000000000000003 0 0 0.2 0 0 3.2 2.2 2.2 0 0 0 0 0 0 0.4 0 0 5.800000000000001 0.2 0 0 0 0 0 2 0 0 0 0 0 0 0 0 0 0 0 0 0 0 0 0 2 0 0.4 15.8 0.4 0.4 0.6000000000000001 0 0 0 0 0 0 0 0 0 0 0 0 0 0 0 0 0 0 0 0 1.2000000000000002 0 0 0 0 0 0 0 0 
 0.6000000000000001 0.6000000000000001 0.6000000000000001 0.6000000000000001 0.6000000000000001 15.4 0.6000000000000001 0.6000000000000001 1 0.6000000000000001 0.6000000000000001 0.6000000000000001 0.6000000000000001 0.6000000000000001 0.6000000000000001 0.6000000000000001 0.6000000000000001 0.6000000000000001 0.8 0.6000000000000001 13 60.800000000000004 10 65 78.60000000000001 17.8 70 64 100.2 66.60000000000001 0 25.8 20.8 61 138.8 28.400000000000002 166.4 50 8.8 73.4 0 0 0 0 0 0 0.2 0.6000000000000001 0 0 0 0 0.6000000000000001 0 1.2000000000000002 0 0.2 0 12.8 0 0 0 0 0 0 0.4 3.8000000000000003 0 0.4 0.2 0 0 0 0 0 0.4 0 0 0 0 0 0 0 0 0 0 0 0 0 0 2 0 0 0 0 0 0 0 0 0 1.8 4.6000000000000005 4.6000000000000005 10.4 1.4000000000000001 1.8 1.4000000000000001 8 0.4 2.2 4.4 2.6 0 0 1.8 4.2 2.2 3.4000000000000004 0 1.4000000000000001 2.6 0 0 0 0 0 0 0 0 0 5.4 0 1.8 2.4000000000000004 1 0 0.2 0 5.4 0 0 0 0 0 1.2000000000000002 0.4 0 0 0 0 0 4 0 0 0 0 0 0 0 0 0.2 0 0 0 0 0 0 0 0 1 0 0 0 0 0 0 0 0 0 0 0 0 2 5.6000000000000005 13.200000000000001 4 0.2 0.2 8.200000000000001 5.2 2.6 0 0 0 0 0.2 6.2 2.6 0.2 0 0.2 0.2 3.8000000000000003 0 0 0 0 2.8000000000000003 0.8 0 0 0 1.8 0 2.8000000000000003 0 0 0 0 0 0 0 0 0 0 0 0 0 0 0 0 0 0 0 0 0 0 0 0 0 0 0 0 0 0 0 0 0 0 0 0 0 0 0 3.8000000000000003 0.4 0.6000000000000001 15.200000000000001 0 0 0.6000000000000001 5.6000000000000005 0 0 0 0 0 0 0 0 0 0 0 0 0 0 0 0 0 0 0 0 0 0 0 0 0 0 0 0 
 0 0 0 0 0 0 0.6000000000000001 0 0.4 0 0 12.8 0 13.8 0 0 0 0 0 0 5.4 5.800000000000001 52.800000000000004 13.4 32.800000000000004 34.4 47.800000000000004 45.400000000000006 10.4 15.8 25.8 0 135 62.6 40.6 20.6 39.6 33.6 3.2 2.4000000000000004 19 5 1.8 0 0 0 0.2 1 0 0 1 0 0 0.2 13 0 0.2 0 13 12.8 0 0 0 0 0 0.4 0 0 0 0 0 0 0 0 0 0.6000000000000001 0 0 0.2 0 0 0 0 0 0 0 0 0 0 4.2 0 0 0 0 0 0 0 0 0 0 1.8 2 5.800000000000001 4.6000000000000005 0 2.2 0 2.8000000000000003 0.2 3.6 4.2 4.2 0 0 3.6 2.2 4.4 5.4 0 1.8 0 0 0 0 0 0 2.4000000000000004 2.6 1.8 0 0 0 0.2 6.4 3 3.2 0 0 1.2000000000000002 0.4 0 0 0 0 1 0 0 0 0 0 2.2 1.8 0 0 0 0 0 0 0 0 0 0 1.4000000000000001 0 0 0 0 0 0 0 0 0 0 0 0 0 0 0 0 0 1.8 3.2 1.8 8.200000000000001 7 7.2 0 0.2 0 2.6 0 11.200000000000001 0 0 0 2.2 0 3 0 0 0.2 0 2.2 0 0 0 5.800000000000001 0 0 0.8 0 0 2.4000000000000004 0 1 4.6000000000000005 2.8000000000000003 0 5.800000000000001 4.2 0 0 0 0 0 0 0 2 0 0 0 0 0 0 0 0 0 0 0 0 0 0 0 0 0 0 0 0 0 0 0 0 0 0 1.2000000000000002 0 0.4 0.8 0.4 0 1.6 6.6000000000000005 0 0 0 0 0 0 0 0 0 0 0 0 0 0 0 0 0 0 0 2.6 0 0 0 0 0 0 0 0 
