 0 37.6 56 92 7.6000000000000005 7.4 55.2 9.8 50.2 32.2 12.8 10.4 29.8 70 54.800000000000004 71.4 31.8 24.400000000000002 10.4 43.800000000000004 15.8 0.8 0 0.8 0.2 0 0 0.4 0 0.4 0.4 1.4000000000000001 0.4 0.6000000000000001 1 0 0.4 0.2 0 0 0.4 1 12.600000000000001 0.4 0 0.4 0 0 0 0.6000000000000001 2.6 0 0.4 0 0 0.4 0.4 0 0.6000000000000001 0 0 0 0 0.2 0.4 0 0 0 0.2 0 0.8 0 0 0 0 0 0.6000000000000001 0 0.4 0.6000000000000001 5 6 10 0 4.4 0 9.8 3.6 5.4 4.6000000000000005 0 15 2.2 16.8 2 2 2 5.6000000000000005 0.6000000000000001 0 0 0 0 0 0 0 0 0 0 0 0 0 0 0 0 0 0 0 0 0 0 0 0 0 0 0 0 0 0 0 0 0 0 0 0 0 0 3.6 0 0 0 0 0 0 0.2 0 0 0 0 0 0 0 0 0 0 0 0 0.4 0 0 1.2000000000000002 5 0 0 1.8 3.6 3.8000000000000003 2.4000000000000004 8.6 2.8000000000000003 2.2 0.8 0 0 0 27.6 0 0.6000000000000001 0 1.8 0 0 0 0 0 0.4 0 0 0 0 0 0 0 0 0.4 0 0 0 0 0 0 0 0 0 0 0 0 0 0 0 0 0 0 0 0 0 0 0 0 0 0 0 0 0 0 0 0 0 0 2.8000000000000003 0 0 0 0 0 0 0 0 0 0 0 0 0 0 0 0.4 0.4 0 0 17.400000000000002 3.8000000000000003 3.8000000000000003 0 0 0 0 0 0 0 0 0 0 3.2 0.2 0 0 0 0 0 0 0 0 0 0 0 0 0 0 0 0 0 0 0 0 0 0 0 0 0 0 
 37.6 0 35.4 31 7.800000000000001 29.200000000000003 33.2 67.8 30.200000000000003 104 25.400000000000002 8.6 11.200000000000001 22 31.200000000000003 11.600000000000001 5.6000000000000005 43 26.8 10.200000000000001 0.6000000000000001 0.4 0.4 0 0 0 0.4 0.8 12.200000000000001 0 0.4 1 0 1.2000000000000002 0.6000000000000001 0.4 0.6000000000000001 0 25.6 0.4 0 0.6000000000000001 0.8 0 0.4 0.8 0 0 0.4 0.6000000000000001 0.6000000000000001 0.4 0 0 0 0 0.2 0 0.6000000000000001 0 0 0 0 0.8 0 0 0 0 0.6000000000000001 0 0.6000000000000001 0 0 0 0 0 0.6000000000000001 0 0.2 0.6000000000000001 3.2 1.6 7.6000000000000005 9 5.6000000000000005 2.2 5.2 0 2.2 7 4 2.4000000000000004 0 0 0 8.6 2.8000000000000003 2 0 0 0 0 0 0 7.800000000000001 0 3.8000000000000003 0 0 0.2 0 0 5 7 0 0 0 0 0 0 0 0 0 0 0 0 0 0 0 0 0 0 0 0 0 0 0 0 0 0 0 0 0 0 0 0 0 0.2 0.2 0 0 0 0 0 0 0 0 0 5.2 0 0 1.6 12.8 8.200000000000001 0 2.4000000000000004 0 0 1.8 0 1.8 4.4 0.2 3.6 3 0 1.8 1 0 0 1.8 0 0 0 0 0.2 4.2 0 0 0 0 0 0 0 0 0 0 0 0.8 0 0 0 0 0 0 0.2 0 0 0 0 0 0 0 0 0 0 0.2 0 0 3.6 0 0 0 0.2 0 0 0 0 0 0 0 4.800000000000001 0 0 0 0 0 0 0 0 0 0 0 0 0 0.2 0.2 0.2 0.8 0 0 1.6 3.8000000000000003 0 0 0 0 0.4 0 0 0 0 0.2 1.6 0 0 0 0 0 0 0 0 0 0 0 3.4000000000000004 0 0 0 0 0 0 0 0 0 0 0 0 0 0 
 56 35.4 0 50.6 7.800000000000001 5.6000000000000005 53.2 42.2 46.800000000000004 29.8 133.20000000000002 63.6 36 45.6 22.400000000000002 26.8 28.8 44.2 26.200000000000003 16.8 0.6000000000000001 0.4 41 0.2 0.2 0 0 0.4 0 0 0.8 0.8 0 15.4 0.6000000000000001 0 0 0 0 0 0.2 0.6000000000000001 1 0.4 0 0.4 0 11.600000000000001 0 0.6000000000000001 1.6 0 0 0 0 0 0 0 7.6000000000000005 0 0 0.6000000000000001 0 0 0 0 0 0 0.4 0 1 0.6000000000000001 0 0 0 0 0.6000000000000001 0 0.2 0.4 0 5.800000000000001 3 1.6 0.2 0 9.8 4.6000000000000005 6.2 7 4.800000000000001 4.800000000000001 3.2 4.4 3.4000000000000004 3.6 0 4 3.2 0 0 0 0 0 0 0 0 0 0 0 0 0 0 1 0 0 0 0 0 0 0 0 0 0 0 0 0 0 0 0 0 0 0 2 0 0 0 0 0 0 0 0 0 0 0 0 0 0 2 2.4000000000000004 0 0 0 0 0 0 0 1.2000000000000002 3.6 0 0 6.4 3 0 0 3.6 3.6 5.4 4.800000000000001 10 0 8 2.6 4.4 7.6000000000000005 4.4 2.2 2 2.6 0.2 0 0 0 0 0 0 0 0 0 0 0 0 1.4000000000000001 0 0 0 0 0 0 0 0 0 0 0 0 0 0 0 0 0 0 0 0 0 2.4000000000000004 0 0 0 0 0 0 0 0 0 0 0 0 0 0 0 0 0 0 0 0 0 0 0 0 0 0 0 0 0 0 0.2 0 0 0.8 0.2 0 1.2000000000000002 2.8000000000000003 0 0 0 0 0 0 0 0 0 3.4000000000000004 0 0 0 0 0 0 0 0 0 0 0 0 0 0 0 0 0 0 0 0 0 0 0 0 0 0 0 
 92 31 50.6 0 34.6 9 29.6 61.400000000000006 32 53.6 38.6 14.200000000000001 10.600000000000001 33 26.200000000000003 13.200000000000001 32.800000000000004 33.800000000000004 49.800000000000004 56 0.6000000000000001 0.4 0 0.8 0.8 0 0 0.4 0 0.4 0.6000000000000001 0.8 0 0.6000000000000001 0.6000000000000001 0 0.6000000000000001 0.6000000000000001 0 0 0 0.6000000000000001 0.4 0 0.6000000000000001 0.8 0.4 0 0 0.6000000000000001 1.2000000000000002 0.6000000000000001 0 0 0 0 0.8 0.6000000000000001 0.6000000000000001 0 0 0 0 0 0.4 0.4 0 0 1 0 0.6000000000000001 0.4 0 0 0 0 0.6000000000000001 0.2 0.4 0.6000000000000001 6.4 3.2 9.4 13.600000000000001 1 0 10.600000000000001 3.8000000000000003 0 4.6000000000000005 2 0.4 10.600000000000001 4.2 4.800000000000001 5 2 6.800000000000001 0 0 0 0 0 0 0 0 2 0 0 0 0 0 1.2000000000000002 0.4 0 0 0 0 0 8.6 0 0 0 0 0 0 0 0 0 0 0 0 0 0 0.4 0 0 0 0 0 0 0 0 0 0 0 0 0 0 0 0 1.8 0 0 0 0 0 0 0 0.2 3.2 0 7.6000000000000005 9.4 2.4000000000000004 4.6000000000000005 3.8000000000000003 3.4000000000000004 0 4.800000000000001 2.4000000000000004 3 0 14.4 13 4 0.2 2 0 0 0 0 0 0 0.4 0 1.2000000000000002 3.2 0 0 0 0 0 3.4000000000000004 0 0 0 0 0 0 0 0 0 0 0 0 0 0 0 0 0 0 0 0 1.8 0 0 0 0 0.4 0 0 0 0 0 0 0 0 0 0 0 0 0 0 0 0 0 0 0 0 0 0 0 0 0 0 0.4 0 18.2 12 0 0.8 3.8000000000000003 0 0 0 0 0 0 0 0 0 2 0 0.2 0 0 0 0 0 0 0 0 0 0 0 2.6 2.2 0 0 0 0 0 0 0 0 0 0 0 0 
 7.6000000000000005 7.800000000000001 7.800000000000001 34.6 0 53.2 25.200000000000003 48.2 36.4 80.2 112 27.400000000000002 52.6 11.200000000000001 14 11.600000000000001 46.800000000000004 47.6 15.4 13 0.8 15.200000000000001 0.2 0 0.4 0 15.4 15.600000000000001 0 0.6000000000000001 0.2 0.6000000000000001 0 24.6 0.6000000000000001 0 0 0 29.6 3.6 0 0.6000000000000001 0.2 0 0 0.4 0 0 0 0.6000000000000001 0.2 0 0 0 0 0 13 0.2 0.6000000000000001 0 0 0 0 0.2 0 0 0 0 0 0 0.6000000000000001 0 0 0 0 0 0.6000000000000001 0 0.2 0.4 0.2 1.8 0 3.4000000000000004 9.4 2.6 0.2 0 9.600000000000001 0 0.4 4 0 0 0 3.8000000000000003 0 2.6 0 0 10.8 0 0 3 0 0 1.4000000000000001 7.800000000000001 0 0 0 0 0 2.2 0 2.4000000000000004 11.4 0 0.4 0 0 0 0 0.2 0 0 0.2 0 0 0 0 0 0 0 0 0 0 0 0 0 0 0 0 0 0 0 0 0 0 0 0 0 0 0 0 0 0 0 0 0 0 2.2 0 0.6000000000000001 0.6000000000000001 3 0 0 2.6 0.2 0 7.2 0 0 0.6000000000000001 4.6000000000000005 1.4000000000000001 4.4 0 0 0.2 0 0 10.200000000000001 0 0 9.600000000000001 5.6000000000000005 2.8000000000000003 2 0 0 3.6 8.6 2.8000000000000003 4 0.2 0 0.2 2 0 0 0 0 0.2 0 0 0 0 0 0 0 0 0 0 0 0 0 0 0 0 0 0 0 0 0 0 0 0 0 0 0 0 0 0 0 0 0 0 0 0 0 0 0 0 0.8 2.2 0 0 0 0 0.4 0 0 0 0 0 0 0 0 0 0 0 0 0 0 0 0 0 0 0 0 0 0 0 2.2 0 3 0 0 0 0 0 0 0 0 0 0 0 0 
 7.4 29.200000000000003 5.6000000000000005 9 53.2 0 27.8 18.400000000000002 14.200000000000001 17.2 62.800000000000004 32.6 47.6 25 28.8 34 33.6 71.60000000000001 9.4 13.200000000000001 24.400000000000002 0.6000000000000001 0 0 0.2 0 3.8000000000000003 0.6000000000000001 0.2 0 0 0.6000000000000001 0 15.200000000000001 0.6000000000000001 0 0.4 0.2 18 16 0 0.6000000000000001 0.4 0 0 0.4 0 0 0.2 0.6000000000000001 0.2 0 14.600000000000001 0 0 0 5.800000000000001 0 0.6000000000000001 0 0 0 0 0 0 0 0 0 0 0 1.2000000000000002 0 0 0 0 0 0.6000000000000001 0 0.2 1.4000000000000001 0 1.2000000000000002 10.4 3.4000000000000004 3 3 0 0 5.6000000000000005 2.8000000000000003 3.2 3.6 0 0 0 1.6 2 2.2 0 0 9 1.8 0 0 2.6 0 4.4 5.6000000000000005 0 0 0 0 3.6 2.2 4 0 0 0 2 5 0 0 0 0 0 0 0 0 0 0 0 0 0 0 0 0 0 0 0.4 0 0 0 0 0 0 0 0.6000000000000001 0 0 0 0 0 0 0 0 0 0 0 0 0 2 2.2 7.6000000000000005 7.4 1.8 0 0 0 3.8000000000000003 0 0 4.6000000000000005 0 3.6 3.6 0.2 0 2.8000000000000003 0.4 0 5.6000000000000005 0 0 1.8 0 0 6.2 7.800000000000001 0.2 0 0 0 5.6000000000000005 11.8 0 1.4000000000000001 0 0 0.2 3.2 0 0 0 0 0 0 0 0 0 0 0 0.4 0 0 0 0 0 0 0 0.4 0 0 0 0 0 0 0 0 0 0 0.2 0 0 0 0 0 0.2 0.4 0 0 0 0 0 0 0 0.2 18.2 0.6000000000000001 17.8 16.6 0 2.6 0 0 0 0 0 0.4 0 0 0 0 0.2 0 0 0 0 0 0 0 0 0 0 0 0 0 0 0 0 0 0 0 0 0 0 0 0 0 0 0 
 55.2 33.2 53.2 29.6 25.200000000000003 27.8 0 30 35.4 22.200000000000003 4.800000000000001 24.200000000000003 55.2 58.400000000000006 12.200000000000001 27.6 7.2 11.200000000000001 31.200000000000003 38.800000000000004 0.6000000000000001 0.4 0.4 0.2 0.8 0 1 0.4 0 0 0.4 1.4000000000000001 0 0.6000000000000001 0.6000000000000001 0 0 0 0 0.6000000000000001 1.2000000000000002 1.2000000000000002 1.2000000000000002 0 0 0.4 0 0 0.2 0.4 0 0 0.4 0 0 0 0 0 0.6000000000000001 0.2 0 0 0 1.6 0 0 0 0 0.8 0 0.6000000000000001 0 0.2 0 0 0.6000000000000001 0.6000000000000001 0 1 0.6000000000000001 2.2 0 2 1.6 0 0 4 3.4000000000000004 0.2 3.2 2.4000000000000004 0 1.4000000000000001 2.6 8.6 10.8 0 0 2.6 0 0 0 2.8000000000000003 0 0 0 0 0 0 0 0 0 0 2.8000000000000003 0 0 0 0 0 0 0 0 0 0 0 0 0 0 0 0.4 0 0 0 0 0.2 0 0 0 0 0 0 0 0 0 0 0 0 0 0 0 0 0 0 0 2.4000000000000004 0 0 0.8 0 0 3 0.8 10.4 0 0 0 5.6000000000000005 0.6000000000000001 0 3.4000000000000004 2.8000000000000003 1.6 6.4 5.4 7.800000000000001 0.2 2 0.2 3.4000000000000004 4.2 0 0 0 0.8 0.2 0 0 0 0 0 0 0 0 0 0 0 0 0 0 0 0 0 0 0 0 0 0 0 0 0 0 0 0 0 3 0 0 0 0 0 0 0 0 0 0 0 0.2 0 0 0 0 0 0 0 0 0 0 0 0 0 0 0 0 0 0 0.4 0 0 0 0.2 0 4 1.8 0 0 0 0 0 0 0 0 0 0 0 0 0 0 0 0 0 0 0 0 0 0 0 5.6000000000000005 0 0 0 0 0 0 0 0 0 0 0 0 0 
 9.8 67.8 42.2 61.400000000000006 48.2 18.400000000000002 30 0 90 7.2 71 25.400000000000002 57 76.4 15 27.6 47.6 16 19.6 8.8 0.4 0.6000000000000001 1.2000000000000002 0.2 0.2 0 19.200000000000003 0.6000000000000001 4.2 0.4 0 1 0 0.6000000000000001 1.2000000000000002 0.6000000000000001 0.2 0 3.8000000000000003 0 0 0.6000000000000001 0.6000000000000001 0.6000000000000001 0.6000000000000001 0.4 0 0 1 0.8 0.6000000000000001 0 0 0 0 0.2 0.4 0 0.6000000000000001 0 0 0 0 1.8 0.6000000000000001 0.6000000000000001 0 0 0.6000000000000001 0 0.8 0.4 0.6000000000000001 0 0 0 0.2 0.4 0.6000000000000001 0.6000000000000001 4.800000000000001 0.4 4 3.2 4.800000000000001 0 4.800000000000001 2.8000000000000003 0 2.6 0.2 2 0 2.4000000000000004 2.2 5 3.6 0 0 0 0 0 0 0 3.2 0 1.6 0 0 0 0 0 2 3.4000000000000004 0 0 0 0.4 0 5.800000000000001 0 0 0 0 0 0 0 0 0 0 0 0 0 0 0 0 0 0 0 0 0 2.8000000000000003 0 0 0 0 0 0 0 0 0 0 0 0 0 0 0 0 1.6 0 2.6 0 7.800000000000001 3.2 0 2.6 3 1.4000000000000001 3 0 2.8000000000000003 1.2000000000000002 0 5.4 7.800000000000001 1.6 0 4.800000000000001 0 0 0 0 0 0 0 0 1.4000000000000001 5 0 0 0 0 4.2 3.6 0 0 0 0 0 6.800000000000001 0 0 0 0 0 0 0 0 0 0 0 0 1.6 0 3.2 0 0 0 0 0.4 0 0 0 0 0 0 0 0 0 0 0 0 0 0 0 0 0 0 0 0 0 0 0 0 0 0.4 17.6 0 17.8 0.4 0.4 2.8000000000000003 3.6 0 0 0 0 0 0 0 0 0 3.6 0.2 0 0 0 0 0 0 0 0 5.4 0 0 0 0 0 0 0 0 0 0 0 0 0 0 0 0 0 
 50.2 30.200000000000003 46.800000000000004 32 36.4 14.200000000000001 35.4 90 0 12.200000000000001 41 21.6 16.400000000000002 36 80.60000000000001 64.60000000000001 24 41.400000000000006 26 12.200000000000001 0.6000000000000001 0.4 0 0.2 0.2 15.4 0 0.4 0 0 0 1 0 0.8 1 0 0 0 3.8000000000000003 0 0 0.6000000000000001 0.4 0 0 0.4 0 0 0 0.6000000000000001 0 0 0 0 0 0 0 0 0.6000000000000001 0 0 0 0 1 0 0 0 0 0.6000000000000001 0 0.6000000000000001 0 0 0 0 0 0.6000000000000001 0 0.4 1.2000000000000002 11.4 3.6 0 1.2000000000000002 2.4000000000000004 2.8000000000000003 0.2 0.2 2.4000000000000004 6.6000000000000005 0.2 14.200000000000001 0 0 0 0.4 2.6 8 0 0 0 0 1.4000000000000001 0 0 0 2.6 0 0 0 0 0 0 3.6 0 0 0 0 0 4.6000000000000005 0 0 0 0 0 0 0 0 0 0 0 0 0 0 0 0 0 0 0 0 0.2 0 0 0 0 0 0 0 0 0 0 0.2 0 0 0 0.4 0 0 0 0 1.8 5.6000000000000005 3.4000000000000004 4.800000000000001 2 0 0 0.2 4 0 5 1.2000000000000002 0 9.8 8.4 0.2 1.8 2.8000000000000003 0 5.800000000000001 0 0 0 0 5.4 0 4.2 3.8000000000000003 0 0 0 0 9 4 0 0 0 0 0.2 3 0 0 0.2 0 0 0 0 0 0 0 0 0 0 0 2.8000000000000003 0 0 0 0 0 0 0 0 0 0 0 0 0 0 0 0 0 0 0 0 0 0 0 0 0 0 0 0 0 0 0.4 17.400000000000002 0 0 0 3.4000000000000004 1 3.4000000000000004 0 0 0 0 0 0 0 0 0 0 0 0 0 0 0 0 0 0 0 0 0 0 0 0 0 0 0 0 0 0 0 0 0 0 0 0 0.2 
 32.2 104 29.8 53.6 80.2 17.2 22.200000000000003 7.2 12.200000000000001 0 36.6 10.600000000000001 99.2 11.600000000000001 33.800000000000004 15.600000000000001 51.2 89 26.6 30.200000000000003 0.6000000000000001 1.4000000000000001 0 0 0.8 0 0 0.4 0 0 0.6000000000000001 1 0 0.8 1 2.4000000000000004 0.2 0 6.800000000000001 1.2000000000000002 0 0.6000000000000001 0.4 0.6000000000000001 0.4 0.4 0.6000000000000001 0 0.4 0.6000000000000001 3.6 0.6000000000000001 0 0 0 0 1 0.6000000000000001 1.2000000000000002 0 0.6000000000000001 0 1.6 2 0 0.6000000000000001 0 0.2 0.4 0 0.6000000000000001 0.8 0 0.2 0 0 0.6000000000000001 6.4 0.4 0.8 2.2 7.4 9.8 1 2.8000000000000003 0 2.4000000000000004 1.4000000000000001 6 2.2 1.6 2 0 2.6 0 3.4000000000000004 1.6 2.6 0 0 0 0 0 0 0 0 2 0 0.4 1.8 0 0 0.2 4.6000000000000005 0 0 0 0 0 0 0 0 0 0 0 0 0 0 0 0 0 0 0 0 0 0 0 0 0 0 0 3.6 0 0 0 0 0 0 0 0 3.2 0 0 0 0.4 0 0 0 0 2.2 0.8 0.8 3.8000000000000003 0 0.4 3.4000000000000004 0 1 1.4000000000000001 0.8 3.2 3.8000000000000003 0 0.2 0 3.6 1.2000000000000002 2 0 0 1.6 1.8 0 0 0 0 4.2 0 0 0 0 0.2 2.8000000000000003 0 0.2 3 0 0 0 0 0 0 0 0 0 0 0 0 0 0 0 0 0.2 0 0 0 0.2 0 0 2.4000000000000004 0 0.4 0 0 0 0 0 0 0 0 0 0 0 0 0 0.4 0 0 0 0 0 0 0 0 0 0.8 1.6 0.4 18.400000000000002 17.2 0 3.6 0 0 0 0 0 0 0 0 0 0.4 0 0 0 0 0 0 0 0 0 0.6000000000000001 0 0 0 2.8000000000000003 4.4 2.8000000000000003 0 0 0 0 0 0 0 0 0 0 0 0 
 12.8 25.400000000000002 133.20000000000002 38.6 112 62.800000000000004 4.800000000000001 71 41 36.6 0 77.4 5 26.8 30.6 89.2 90.60000000000001 85.4 12.8 29.200000000000003 0.4 0.6000000000000001 0 0.4 0.4 0 0.2 0.6000000000000001 0 0.4 0.2 1 0 0.6000000000000001 1 0.4 0 0 18.2 0 0 0.6000000000000001 0.6000000000000001 0 0 0.4 0 0 0 0.4 0 0.2 0 0.4 0 0 0.4 0 0.6000000000000001 0 0 0 0 0 0 0.6000000000000001 0 0 0.2 1.4000000000000001 0.6000000000000001 0 0.4 0.4 0 0 0.4 0 0.6000000000000001 0.6000000000000001 3.6 0 13.200000000000001 4.2 7.6000000000000005 1.6 0.6000000000000001 0 4.800000000000001 8.4 0 6.2 0.2 0 0.2 2.4000000000000004 6.800000000000001 9.600000000000001 0 3.8000000000000003 6.2 0 0 0 2 0 0 0 0 0 0 0 2 0.2 0 0.4 0 0 0.4 3.2 0 0 0 0.4 3.2 0 0.4 0 0 3 0 0 0 0 0 3.8000000000000003 0 0 0 0 1 0 0 0 0 0 0 0 0 0 0 0 0 0 0 0 0 0 0 0 1.2000000000000002 2 6.4 5.4 2.6 0 0 3.2 6.6000000000000005 0.8 5.6000000000000005 16.400000000000002 0 4 7.6000000000000005 0 0.2 2.2 0 0 0 0 0 0 0 0 5.6000000000000005 0 0 0 0 0 6.2 2.2 0 0 0 0 0.2 4 0 0 0 0 0.4 0 0 0 0 0 0 0 0 0 3 0 0 0 0 0.2 0 0 0 0 0 0 0 0 0 0 0 0 0 0 0 0 0 0 0 0 0 0 0 0 0 0 10.600000000000001 0.4 17.6 0 0 0.2 0 0 0 0 0 0 0 0 0 0 0 0 0 0 0 0 0 0 0 0 0 0 0 0 0 0 0 0 0 0 0 0 0 0 0 0 0 0 
 10.4 8.6 63.6 14.200000000000001 27.400000000000002 32.6 24.200000000000003 25.400000000000002 21.6 10.600000000000001 77.4 0 7 7.800000000000001 4.6000000000000005 8.8 84 37.4 29.8 13.600000000000001 19.6 15.4 0 0.2 1.6 0.6000000000000001 0 0.4 0 0 0 0.8 0 20.400000000000002 0.6000000000000001 0 0 0 5.6000000000000005 0 0 0.8 0.6000000000000001 0 0 0.4 0 0 0 0.4 0 0 12.8 0 0 0 12.4 0 0.6000000000000001 0 0.4 0 0 0 0 0 0.8 0.8 2.2 0 0.6000000000000001 0 0.4 0.8 0 0 0.6000000000000001 0 0.6000000000000001 1.4000000000000001 0.2 0 0 2 0 6 4.800000000000001 0 0 0 4.800000000000001 0 0 0 0 0 0.4 4.2 0 0 0 2.6 0 0 0 0 5.6000000000000005 0.4 2.4000000000000004 0 0 0 2.6 4.2 1.6 0 2.8000000000000003 0 1.4000000000000001 2.6 0 0 0 0 0.4 0 0 0 0 0 0 0 0 0 0 0 0 0 0 0 0 0 0 0 0 0 0 0 0 0 0 0 0 0 0 0 0 0 0 0 0 0 5.800000000000001 0 0 0 0 2.8000000000000003 0 4.6000000000000005 2 8.4 0 3.4000000000000004 4 0 3.8000000000000003 0.2 0 0 8.8 0 0 0 0 0 3.6 0 0 0.4 0.2 0.2 3.8000000000000003 4.800000000000001 8.8 1.6 3.2 0 3.6 8.8 0 0 0 0 0 0 0 0 0 0 0 0 0 0 2.4000000000000004 0 0 0 0 0 0 0 0 0 0 0 0 0 0 0 0 0 0 0 0 0 0 0 0 0 0 1.2000000000000002 0 0 0 0.4 0.4 0.8 0.6000000000000001 0.4 0.4 3.4000000000000004 4 0 0 0 0 0 0 0 0 0 0 0 0 0 0 0 0 0 0 0 0 0 0 0 2 0 0 0 0 0 0 0 0 0 0 0 0 0 
 29.8 11.200000000000001 36 10.600000000000001 52.6 47.6 55.2 57 16.400000000000002 99.2 5 7 0 38.400000000000006 59.6 21.8 22.8 47.6 19.6 56 0.6000000000000001 0.4 0.4 0.4 0.2 0 0 0.4 0 0 0.4 1 0 1 0.6000000000000001 0 0 0 0 0 0 0.6000000000000001 0.6000000000000001 0 0 0.4 0 0 0 0.4 0.2 0 0 0 0 0 0.2 0.2 0.6000000000000001 0 0 0 0 0 0 0 0 0.2 0 0 8.200000000000001 0 0.2 0 0 0 0.6000000000000001 0 0.6000000000000001 0.6000000000000001 2.8000000000000003 0 7.2 0.2 0.4 0 3.8000000000000003 11.8 0.2 1.4000000000000001 0 0.4 3.4000000000000004 7.2 6.6000000000000005 0.4 2 2.8000000000000003 2.8000000000000003 2 0 0 0 0 0 0 0 0 0 0 0 0 0 0.2 0 0 0 0 0.4 0 0 0.4 0 0.4 0 0 0.4 0 0 0 0 0 0 0 0 0 0 0 0 0 0 0 5.4 0 0 0 0 1.2000000000000002 0 0 0 0 0 0 0 0 0 0 0 0 0 1.8 0 0 0 3.2 6.6000000000000005 0.4 2.8000000000000003 0 0 0 2.8000000000000003 2 0 6.800000000000001 1.8 0 0 1.8 0 0 0 0 0 0 0 0 0 0 0 0 0 0 0 0 0 0 0 0 0 0 0 0 0.4 0 0 0 0 0 0 0 0 0 0 0 0 0 1.2000000000000002 0 0 0 0 0 0 0 0 0 0 0 0 0 0 0 0 0 0 0 0 0 0 0 0 0 0 0 0.2 0 0.4 0 0 3.8000000000000003 0 0 0 0 0 0 0 0 0 0 2.2 0 0 0 0 0 0 0 0 0 0 0 0 0 0 4.4 0 0 0 0 0 0 0 0 0 0 0 0 
 70 22 45.6 33 11.200000000000001 25 58.400000000000006 76.4 36 11.600000000000001 26.8 7.800000000000001 38.400000000000006 0 70.2 74 9.600000000000001 28.8 36.2 23.6 0.6000000000000001 0.4 14.4 1 1 0 0 0.8 0 0 1 2 1.2000000000000002 0.6000000000000001 0.8 0 0 0.4 0.2 0.6000000000000001 12.600000000000001 0.6000000000000001 0.4 0 0.6000000000000001 0.4 0.6000000000000001 0 1 1.2000000000000002 2 0 0 0 0 0 1.2000000000000002 0 0.6000000000000001 0 0 0 0.6000000000000001 0 0 0.2 0 1 0 0.4 0.6000000000000001 0.4 0 0 0.2 0 0.6000000000000001 0.4 1 1.2000000000000002 0 8.6 2.8000000000000003 6 1.8 0 0 7.800000000000001 6.4 9.4 2.8000000000000003 3 2.8000000000000003 6 6 19 0 1.8 2.8000000000000003 2.6 0 0 0 0 0 0 0 0 0 0 0.2 0 2.2 0 0 0 3.8000000000000003 0 0 3.4000000000000004 0 0 0 0 0 0 0 0 0 0 0 0 0 0 0 0 0 0 0 0 0 0 0 0 0 0 0 0 0 0 0 0 0 0 0 0 0 2 0 0 4.2 4.4 0 7.2 0 0 0.4 3.8000000000000003 1 8.4 0.2 3.8000000000000003 3.4000000000000004 6 6 2.6 0.2 0 0.2 0.8 0.2 0 0 0 0 0.4 4 0 0 0 0 0 0.2 0.2 0.4 0 0 0 0 0 0 0 0 0 0 0 2.2 0 0 0 0 0 0 0 0 0 0 0 0 0.2 0 0 0 0 0 0 0 0 0 0 0 0 0 0 0 0 0 0 0 0 0 0 0 0 0 0 0.2 0 0.4 0.4 0 0.8 0 0 0 0 0 0 0 0 0 0 0 0 0 0 0 0 0 0 0 0 0 0.2 0 0 0 0 0 0 0 0 0 0 0 0 0 0 0 0 
 54.800000000000004 31.200000000000003 22.400000000000002 26.200000000000003 14 28.8 12.200000000000001 15 80.60000000000001 33.800000000000004 30.6 4.6000000000000005 59.6 70.2 0 22.6 17.400000000000002 17 16.400000000000002 22.6 0.4 0.6000000000000001 0 0.2 0.2 0 0 0.6000000000000001 0 0 0.2 0.8 0 0.6000000000000001 0.6000000000000001 0.4 0 0.4 0 0.4 0.4 0.6000000000000001 0.6000000000000001 0 0 0.4 0 0 0 0.4 0.6000000000000001 0.4 0 0 0 0.2 0 0 0.6000000000000001 0 0 0 0 0 0 0 0 0 0 0 0.6000000000000001 0.4 0.4 0.2 0 0 0.4 0 12.600000000000001 0.6000000000000001 3.4000000000000004 10.8 4.2 0 0 0 7.2 6.4 0.6000000000000001 2.8000000000000003 3 6.4 5.2 4.800000000000001 1 3.8000000000000003 0 1.8 4.2 0.2 0 0 0 0 0 0 0 0 0 0 0 0 0 0 0 0 0 0 0 0.4 0 0 0 0 0 0 0 0 0 0 0 0 0 0 0 0 0 0 0.2 0 0 0 0.6000000000000001 0 0 0 0 0.2 0 0 0 0 0 0 0 0 0 0 0 0 0.2 6.4 0 0 1 3.2 4 4.6000000000000005 11.8 0 0.6000000000000001 0 0 1.8 2 5 0 5.800000000000001 0.2 4.4 0 0 0 0.4 0 0 0 0 0 0 0 0 0 0 0 0 0 0 0 0 0 0 0 0 0 0 0 0 0 0 0 0 0 0 0 0 0 0 0 0 0 0 0 0 0 0 0 0 0 0 0.4 0 0 0 0 0 0.4 0.2 0 0 0 0 0 0 0 0 0.6000000000000001 0 0 0 2 0.2 0 0 0 0 0 0 0 0 0 0 2.4000000000000004 0 0 0 0 0 0 0 0 0 0 2.8000000000000003 0 0 0 0 0 0 0 0 0 0 0 0 0 0 0 0 
 71.4 11.600000000000001 26.8 13.200000000000001 11.600000000000001 34 27.6 27.6 64.60000000000001 15.600000000000001 89.2 8.8 21.8 74 22.6 0 10.600000000000001 46.2 27.6 26.8 0.4 0.8 0.4 0.6000000000000001 1 0 0.6000000000000001 1.2000000000000002 0.4 0 0.2 2.2 0 0.6000000000000001 0.6000000000000001 0 0 0.4 15.4 0.4 0 0.6000000000000001 0.6000000000000001 0.6000000000000001 0.6000000000000001 0.6000000000000001 0.4 0 0 0.4 0.2 0 0 0 0.6000000000000001 0 0 0 1 0 0.4 0 0 0.4 0 0 0 0 0.4 0 0.6000000000000001 0 0.4 0.2 0 1.4000000000000001 0.4 0.4 1 2 7.800000000000001 0 1.4000000000000001 0 2 0 0 0 6.2 0.4 0 7 9.600000000000001 2.4000000000000004 3.8000000000000003 0 2 4 7.4 0 0 0 0 0 0 0 0 0 0 0 0 0 0 0 0 0 0 0 0 0 0 0 0 0 0 0.2 0 0 0 0.2 0 0 0 0 0.4 0 0.4 0 0 0 1.8 0 0 0 0 0 0 0 0 0 0 0 0 0 0 0 2 0 0 0 2.6 2.6 0 0 0.2 0.2 0.2 1.6 3.6 1.8 2.6 3 0 2.8000000000000003 0 16.2 0 1.4000000000000001 0 11.200000000000001 0 0 0 0 0.4 0 0 0 0 0 0 0 1.4000000000000001 0 0 0 0 0 0 2.8000000000000003 0 0 0 0 0 0 1.8 0 0 0 0 0 1.8 0 0 0 0 0 0 0 2.2 0 0 0 0 0 0 0 0 0 0 0 0 0 0 0 0 0 0 0 0 0 0 0 0 0 9 0 0 0.2 0 3.6 0 0 0 0 0 0 0 0 0 0 0 0 0 0 0 0 0 0 0 0 0 0 0 0 0 0 0 0 0 0 0 0 0 0 0 0 0 0 
 31.8 5.6000000000000005 28.8 32.800000000000004 46.800000000000004 33.6 7.2 47.6 24 51.2 90.60000000000001 84 22.8 9.600000000000001 17.400000000000002 10.600000000000001 0 18.2 24.8 43.2 0.6000000000000001 0.4 0 0.4 0.2 1 0 1.6 0 0 0.2 1 0 1.2000000000000002 0.6000000000000001 0 0.4 0 1.2000000000000002 0 0.4 0.6000000000000001 0.6000000000000001 0 0 13.4 0.6000000000000001 0 0 9.8 0.6000000000000001 0.4 0.6000000000000001 0 0.2 0 0.4 0 0.6000000000000001 0 0 0 0 0.8 0.6000000000000001 0 0 0 0.8 0 0.6000000000000001 0 0.2 0 0 0.6000000000000001 1.2000000000000002 0 0.6000000000000001 1.6 2.4000000000000004 6.6000000000000005 0 5 2 2.8000000000000003 3.6 5.4 0 2.4000000000000004 0 2 0 0 0 7 2.2 3.2 0 0 3.4000000000000004 0 0 0 0 0 1.2000000000000002 0 0.6000000000000001 0 0 0 1 5.6000000000000005 0 0 0 0 0.6000000000000001 0 0 0 0 0 0 0 0 0 0 0 0 0 0 0 0 0 5.800000000000001 0 0.2 0 0 0 0 0 0 0 0 0 0.4 0 0 0 0 0 0 0 0 0 0 0.2 0 5.4 0 4.6000000000000005 5.800000000000001 1.4000000000000001 3 5.2 6.4 4 4 0.2 0 7.800000000000001 4.800000000000001 1.4000000000000001 4.2 8.8 0 0 0.4 0 0 0.4 0 0 1.2000000000000002 2.6 0 0 0 0 2.2 5.4 2 0 0 0 4.2 2.8000000000000003 0 0 0 0 0 0 0 0 0 0 0 0.2 0 0 3 0 0 0 0 0 0 0 0 0 0 0 0 0 0 0 0 0 0 0 0 0 0 0 0 0.6000000000000001 0 0.2 0 0 0 0.4 17.400000000000002 0.4 1.4000000000000001 0.2 2.2 1.8 0 0 0 0 0 0 0 0 0 0 0 0 0 0 0 0 0 0 0 0 0 0 0 0 5.800000000000001 2.2 0 0 0 0 0 0 0 0 0 0 0 0 
 24.400000000000002 43 44.2 33.800000000000004 47.6 71.60000000000001 11.200000000000001 16 41.400000000000006 89 85.4 37.4 47.6 28.8 17 46.2 18.2 0 9.600000000000001 6.2 0.6000000000000001 0.4 0 0.2 0.2 0 0 7.6000000000000005 0 0 0 1 0 0.6000000000000001 0.6000000000000001 0 0 0 15.600000000000001 0 0 0.6000000000000001 0.4 0 0 1.2000000000000002 0 0 0 0.6000000000000001 1.2000000000000002 0 0 0 0 0 2.8000000000000003 0 0.6000000000000001 0 0 1.8 0 1 0 0 0 0 0.6000000000000001 0 0.6000000000000001 0 0 0 0.4 0 0.6000000000000001 0 0.4 0.6000000000000001 5.6000000000000005 5.6000000000000005 0 7.6000000000000005 3.4000000000000004 1.6 6 2.8000000000000003 5 5.6000000000000005 2.4000000000000004 8.4 0.2 0.2 0 2.2 2.2 5.800000000000001 0 0 0 3.6 0 0 0 0 3.2 0 0 0 0 0 0 3.4000000000000004 4.800000000000001 0 0 0 0 0.2 0 0 0 0 0 0.2 0 0 0 0 0.4 0 0 0 0 0 0 0 0 0 0 0 0 0 0 0 0 0 0 0 0 0 0 0 0 0 0 0 3.6 0.2 0.4 6.4 4.2 1.8 11.4 1.4000000000000001 4.800000000000001 3.8000000000000003 4.2 0 6.800000000000001 5.2 0 3.4000000000000004 4.4 2 0 4.4 0 0 0 0 0 0 0.2 0 4.6000000000000005 3.6 0 0 0 0 2.6 9 3 2.8000000000000003 0 0 0 0 0 0 0 0 0 0 0.4 0 0 0 0.4 0 0 0 3 0 3.6 0 0 0 1.8 0 0 0 0 0 0 0 0 0 0 0 0 0 0 0 0 0 0 0 0 0 0 0 0 0 17.8 0.6000000000000001 0.4 1.6 2.6 2.4000000000000004 1.8 0 0 0 0 0 0 0 16.400000000000002 0 0 0 0 0 0 0 0 0 0 0 0 0 0 0 0 2 0 0 0 0 0 0 0 0 0 0 0 0 
 10.4 26.8 26.200000000000003 49.800000000000004 15.4 9.4 31.200000000000003 19.6 26 26.6 12.8 29.8 19.6 36.2 16.400000000000002 27.6 24.8 9.600000000000001 0 35.4 0.6000000000000001 0.4 0.6000000000000001 0.2 0.2 0 0.6000000000000001 0.4 0.4 0.4 40.2 1.4000000000000001 0 0.8 0.6000000000000001 0 0 0 0 0 0.2 0.6000000000000001 0.2 0 0 0.4 0 0 0.2 0.6000000000000001 0.2 0 0 0 0 0 0 0 1.8 0 1.6 0 0 0.4 0 0 0 0.8 0.8 10.600000000000001 0.6000000000000001 0 7 0 0 0.6000000000000001 1 0 0.4 0.4 1.4000000000000001 4 3 2 0 0 4.2 2.2 0.2 0 2.2 0 7.800000000000001 3.8000000000000003 2.4000000000000004 0.2 0 0 12 3.6 0 0 0 0 0 0 0 0 0 0 0 0 0 2.8000000000000003 0 0 0 0 0 0 0 0 0 0 0 0 0 0 0 0 0 0 0 0 0 0 2.4000000000000004 0 0 0 0 0 0 6.6000000000000005 0 0 0 0 0 0 0.8 0 0 0 0.6000000000000001 0 0 0 0 0 1.2000000000000002 0 2 0 0 0 0.2 1 0 1.2000000000000002 2.8000000000000003 4 1.8 2.4000000000000004 3.2 0 1.8 0 2.4000000000000004 0 0 0 0 0 0 0.2 0 0 0 0 0 0 0 0.4 0 0 0 0 0 0 0 0 0 0 0 0 0 2 0 0 0 0 0 0 2.8000000000000003 0 0 0 0 0 0 0 0 0 0 0 0 0 0 0 0 0 0 0 0 0 0 0 0 0 0 0 0 0 0 0.4 0 0 0 17.8 0.4 4.4 1.6 0 0 0 0 0 0 0 0 0 0 0 0 0 0 0 0 0 0 0 0 0 0.4 0 2 0 0 0 0 0 0 0 0 0 0 0 0 0 
 43.800000000000004 10.200000000000001 16.8 56 13 13.200000000000001 38.800000000000004 8.8 12.200000000000001 30.200000000000003 29.200000000000003 13.600000000000001 56 23.6 22.6 26.8 43.2 6.2 35.4 0 0.6000000000000001 0.4 0 0.2 0.2 1 0 0.4 0 0.2 7 0.8 0 0.6000000000000001 13 0 0 0 0 0 0 0.6000000000000001 0.4 0 0 0.4 0 0 0 0.6000000000000001 0 0 0 0 0 0 0 0 0.6000000000000001 0 0 0 0 0 0.6000000000000001 0 0 0 0 0.4 0.6000000000000001 0 0.2 0 0 0 0.6000000000000001 0 0.6000000000000001 0.6000000000000001 0 1 1.2000000000000002 0 0.2 0 4.2 6 3.4000000000000004 1.6 0 2.6 2.4000000000000004 0.2 0 1.8 2.2 4.4 9 1.8 0 0 0 0 0 0 0 0 0 0 0 0 0 0.2 0 0 0 0 0 0 0 3 0 0.4 0 0 0 0 0 0 0 0 0 0 0 0 0 0 1.4000000000000001 0 0 0 0.8 0.2 0 0 0 0.4 0 0 0.4 0 8.8 0.2 0 0 0 0 0 0.2 0 5 3.8000000000000003 0 0 0.4 4.800000000000001 6.800000000000001 4.4 3 0 0 0.4 3.8000000000000003 3.4000000000000004 0.6000000000000001 0 2.4000000000000004 2.8000000000000003 6.4 0 0 0 0 0 0 0 0 0 0 3 0 0 0 0 0 0 0 0 0 0.4 0 0 0 0.4 0 0 0 0 0 0 0 0 0 0 0 0 0 0 0 0 0 0 0 0 0 0 0 0 0 0 0 0 0 0 0 0 0 0 0 0 0.4 0 0 0 0 0.4 0.4 0.4 0.4 4.2 1.2000000000000002 0 0 0 0 0 0 0 0 0 0 0 0.4 0 0 0 0 0 0 0 0 0 0 0 0 2.8000000000000003 0 0 0 0 0 0 0 0 0 0 0 0 0 
 15.8 0.6000000000000001 0.6000000000000001 0.6000000000000001 0.8 24.400000000000002 0.6000000000000001 0.4 0.6000000000000001 0.6000000000000001 0.4 19.6 0.6000000000000001 0.6000000000000001 0.4 0.4 0.6000000000000001 0.6000000000000001 0.6000000000000001 0.6000000000000001 0 63.2 26 9.8 47.800000000000004 8.6 77.4 77.2 24.200000000000003 5.2 22.6 21.8 15.8 67.2 23.6 4.800000000000001 11 48.2 41 12.8 0.4 0 0.2 0 0 1.8 0.4 0 0 0 0 0 11.4 0 0.4 0 12.600000000000001 0 0 0 0 0 0 0.4 0.6000000000000001 0 0.6000000000000001 0 0 0.2 0 0 0 0.2 0 0.4 0 0 0.6000000000000001 1.4000000000000001 0 0 0 0 0 3.8000000000000003 0 0 0.2 0 4.6000000000000005 1.8 0 0 10.600000000000001 0 0 0 0 0 3.4000000000000004 6 0 7.2 4.4 4.6000000000000005 2.4000000000000004 1.6 6.2 1.4000000000000001 0 4.4 9 2 5.6000000000000005 0 0 0 18.400000000000002 2.2 0 0 0 0 0 0 0 0 0 0 0 0 0 0 0 0 0 0 0 1.8 0 0 0 0 0 0 0 0 0 0 0 0 1.2000000000000002 0 0 0 0 0 0 0 0 0 1 2.2 0 0 0 0 0 0 0 0 0 0 0 0 0 0.2 0 0 1.2000000000000002 2 1.8 4 0 0 0 2.6 2.4000000000000004 5.6000000000000005 3.6 2.8000000000000003 0 3 3.8000000000000003 3.8000000000000003 0 0 1.2000000000000002 1.4000000000000001 1.6 0 0 0 0 0 0 0 0 0 0 0 0 0 0 0 0 0 2 0 0 0 0 0 0 0 0 0 0 0 0 0 0 0 0 0 0 0 0 0 0 4.800000000000001 0 0 0 0 0 0 0 14.600000000000001 0 0 0.2 0 0.8 0.4 0.4 0 0 0.4 0.8 0 0 0 0 0 0 0 0 0 0 0 0 0 0 0 0 0 0 4.4 0 0 0 0 0 0 0 0 0 0 
 0.8 0.4 0.4 0.4 15.200000000000001 0.6000000000000001 0.4 0.6000000000000001 0.4 1.4000000000000001 0.6000000000000001 15.4 0.4 0.4 0.6000000000000001 0.8 0.4 0.4 0.4 0.4 63.2 0 37.2 18.2 8 11.600000000000001 12.600000000000001 39 42.400000000000006 86.4 7.2 5.4 41.400000000000006 70 24.6 10.200000000000001 29.8 22.200000000000003 9.200000000000001 10.600000000000001 4.2 0 0.2 0 0 0.6000000000000001 12.600000000000001 0 0.4 2.4000000000000004 0 9.4 0.4 3 0.4 5 0 0 0 0 0 0 0 0.4 0.6000000000000001 0 0.6000000000000001 0 0 0.2 0 0 0 0 0 0.4 0.2 0 0.6000000000000001 0 0 0 0 0 0 0 0 0 0 0 0 0 0 0 0 0 0 0 0 0 0.2 0 0.2 0 3.8000000000000003 4 0 3.6 2.6 0 8.200000000000001 0 0 0 0 7.6000000000000005 6.2 0 0 0.2 0 0 0 0 0 0 0.2 4.2 0 0 0 0 4.4 5 3 1.6 0 0 0 0 0 0 0 0 0 0 0 0 0 0 0 0 0 0 0 0.2 0 0 0 0 0 0 0 0 0.2 0 0 0 0 0 0 1.4000000000000001 0 0 0 0 0 0 0 0 1.8 3 5.6000000000000005 7 0.6000000000000001 0.2 1.8 2.8000000000000003 2 6.800000000000001 0 1.6 2.8000000000000003 4 2.4000000000000004 0 8 0 0 0.2 0 0 0 0 0 0 3 0 0 0 0 0 0 0 0 0 0 0 0.6000000000000001 15.4 0 0 0 0 0 0 0 0 0 0 0 0 0 0 2.4000000000000004 0 0 0 0 0 0 0 3.8000000000000003 0 0 0 0 0 0 0 0 0 0 0 0.4 0 0.4 15.200000000000001 0.6000000000000001 0 3.4000000000000004 2.4000000000000004 0 0 0 0 2.8000000000000003 0 0 0 0 0 0 0 0 0 0 0 0 0 0 3.6 0 0 0 0 0.4 0 0 0 
 0 0.4 41 0 0.2 0 0.4 1.2000000000000002 0 0 0 0 0.4 14.4 0 0.4 0 0 0.6000000000000001 0 26 37.2 0 36.4 11.200000000000001 23.8 34.4 37.800000000000004 19 91 45 107.80000000000001 26 10.600000000000001 25.6 23.200000000000003 32 9.8 50.2 11.200000000000001 0.6000000000000001 0 0 0 0 0.6000000000000001 13.200000000000001 0.6000000000000001 1 0 0 0 0.2 0 0.4 0.2 0.2 0 12.200000000000001 0 0 0 0 0.4 0.6000000000000001 0 0.6000000000000001 0.4 0 0.2 0 0 0 0 0 0.6000000000000001 0 0 0.6000000000000001 0 0 0 0 0 0 0 0 0 0 0 0 0 0 0 0 0 0 0 0 0 0 2.2 4.4 5.6000000000000005 0.2 0 0 2.6 3 7 4.800000000000001 1.8 1.4000000000000001 0 2.4000000000000004 3.4000000000000004 1.8 1.6 0 2.2 3.4000000000000004 0 0.2 0 0 0 2 0 2.2 0 0 0 0 0 0 0 0 3.6 0 0 0 0 0 0.2 0 0 0 0 0 0 0 0 0 0 3.4000000000000004 0 0 0 0 0.4 0 0 0 2.4000000000000004 0 0 0 0 0 0 0 0 0 0 0 0 0 0 0 0 3.4000000000000004 1.6 0.4 1.8 4.800000000000001 0 0 5.2 0.2 1.8 4.6000000000000005 5.6000000000000005 0 0 2 0 13.4 4.800000000000001 1.4000000000000001 4.2 2.6 0 2.4000000000000004 0 0 0 3.4000000000000004 0 0 0 0 0 0 5.2 0 0 0 0 0 0 0 0 8 0 0 0 0 0 0 2.2 0 0 0 0 0 0 0 0 0 0 0 0 0.2 0 0 0 0 0 0 0 0 0 0 0 2.6 0 0.4 15.200000000000001 0 0.4 0.2 0 0 0 0 0 0 0 0 0 0 0 0 0 0 0 0 0 0 2.8000000000000003 0 0 0 0 0 2.4000000000000004 0 0 0 0 
 0.8 0 0.2 0.8 0 0 0.2 0.2 0.2 0 0.4 0.2 0.4 1 0.2 0.6000000000000001 0.4 0.2 0.2 0.2 9.8 18.2 36.4 0 36.6 29 20.400000000000002 16.6 31 36 12.4 23.200000000000003 115.4 11.4 31 7.800000000000001 13 88 12.600000000000001 14.600000000000001 0 0 0 0 0 0.6000000000000001 5.4 0 0 0 0 0 0.2 0 0.4 0.6000000000000001 0 0 13 12.600000000000001 0 0 0 0.4 0.6000000000000001 0 1 0 0 0 0 0 0 0 0 0.4 0 0.2 0.6000000000000001 0 0 0 0 0 0 0 0 0 0 0 0 0 0 0 0 0 0 0 0 0 0 0 1.4000000000000001 0 2.8000000000000003 2.4000000000000004 0 2.2 3.2 0 5.800000000000001 1.4000000000000001 0 0 0 4.6000000000000005 4 1.4000000000000001 0 0 0 0 0 0 0 0 0 0 0 0 0 0 3.8000000000000003 1.6 0 0.6000000000000001 1.8 0 5.2 0.2 0 0 0 0 0 0 0 0 0 0 0 0 0.2 0 0 1 0 0 0 0 0 0 0 0 0 0 0 0 0 0 0 0 0 0 0 0 0 0 0 0 0 0 4.4 0 2.8000000000000003 7.6000000000000005 0 0 0 0 0 2.8000000000000003 0 0 2 0 3.8000000000000003 2 0 0 1.8 0 0 0 0 0 0 0 0 0 0 0 2.2 0.6000000000000001 2.2 0.2 0.2 0 3 0.2 0 0 0 0 0 0.2 0 0.4 0 0 0 0 0 0 0 0 0 0 8.6 0 0 0 0 0 0 0 0 0 0 0 0 0 0 0 2.6 0.4 0.4 0 16.2 0 4 2.2 4.4 0 0 0 0 0 0 0 0 0 0 0 0 0 0 0 0 0 1.4000000000000001 0 0 0 0.8 0 0 0 0 0 
 0.2 0 0.2 0.8 0.4 0.2 0.8 0.2 0.2 0.8 0.4 1.6 0.2 1 0.2 1 0.2 0.2 0.2 0.2 47.800000000000004 8 11.200000000000001 36.6 0 15.4 11.4 15.8 11 11.200000000000001 12.600000000000001 37.4 24 14.4 55 18.6 27.400000000000002 56.800000000000004 13.200000000000001 16.2 0.2 0 0 0.2 0 0.6000000000000001 12.8 19.400000000000002 42.2 0 0 0 25.200000000000003 0 6.6000000000000005 0.2 0 0 12.4 0.2 0 0 0.4 0.4 0.6000000000000001 0 0.8 0 0 0.8 0 0.4 2.6 0 0 0.6000000000000001 0 0 0.6000000000000001 0.4 0 0 0 0 0 0 2.6 0 0 0 0 0 0 0 0 0 0 0 0 0 0 0.2 1.8 0 3.8000000000000003 1.4000000000000001 0 0 0 0 1 2.6 0 0 0.4 0 0 0 0 0 0 2.8000000000000003 1.8 0 0 0 2.4000000000000004 0 4 3 3.6 0 4.4 0 0 1.8 0 0 4.800000000000001 0 0 0 0 0 0 0 0 0 0 0 0 0 0 0 2 0 0 0 0 0 0 0.8 0 0 0 0 0 0 0 0 0 0 0.4 0 0 0 0 0 0 0 0 0 0 0 3.8000000000000003 0 0 0 0 0 0 0.2 0 0 0 3.6 0.2 0.2 0 0 2.6 0 0.2 0 0 0 0.8 6.4 0 3.2 0 2.6 1.6 2.6 5.2 3.8000000000000003 2.6 1.8 2.4000000000000004 1.4000000000000001 0 0 0 0 0 0 0 0 0 0 0 0.4 0 0 0 0 0 0 0 0 0 0 0 0 0 0.4 0.4 0 0 0 0 0 0 0 0.6000000000000001 0 0 0.2 0 0.4 0.2 0 0.2 0 0 0 0 0 0 0 0 0 0 0 0 0 0 0 0 0 0 0 0 0 2.6 2.6 0 0 0 0 
 0 0 0 0 0 0 0 0 15.4 0 0 0.6000000000000001 0 0 0 0 1 0 0 1 8.6 11.600000000000001 23.8 29 15.4 0 10.8 5.2 25 27.400000000000002 15.4 43.800000000000004 49.2 13.4 33.800000000000004 23.200000000000003 29.8 37.4 7.2 10 0.6000000000000001 0.4 0 0.4 0.4 0.6000000000000001 12.8 0 0 1.6 0 1.2000000000000002 0.4 3.8000000000000003 20 1.8 0 12.4 25.200000000000003 4.2 0 0 0.2 0.8 0.6000000000000001 0 0.6000000000000001 0 0 0.2 0 0 0 0 0 0.4 0 0 0.6000000000000001 0 0 0.4 0 0 0 0 0 0 0 0 0 0 0 0 0 0.4 0 0 0 0 0 0.8 1.6 6.4 0 0.4 0 0.6000000000000001 0 1.8 1.6 6.6000000000000005 0 0.4 0 0 3.8000000000000003 3.8000000000000003 0 0 3.2 0 0 0 0.4 0 2.6 2.4000000000000004 1.8 0 0 0 0 6 2.6 1.2000000000000002 2.4000000000000004 3.2 16.2 7.800000000000001 0 0 0 0 0 0.8 0 0 0 0 0 0 0 0 0 1.8 2 0 0 0 0 0 0 0.2 0 0.2 0 0 0 0 0 0 0 0 0 0 0 0 0 0 0 0 4.6000000000000005 0 7 2 0 2.2 0 4.6000000000000005 6.4 2.6 0 0 2.6 0 5.800000000000001 4.800000000000001 0 0 0.2 0 2 0 0 0 10.4 0 0 0 0 0 3.8000000000000003 0 2.2 0 0.2 0 3.6 0.2 0.2 0 0 0 0 0 0 0 0 0 0 0 0 0 0 0 0 0.4 0 0 0 0 0 0 0 0 0 0 0 0 0 0 0 0 0.4 0.4 0.2 16.8 3 0 3.6 6.2 0 0 0 0 0 0 0 0 0 0 0 0 0 0 0 0 0 3 0 1.6 0 0 0 3 0 0 0 0 
 0 0.4 0 0 15.4 3.8000000000000003 1 19.200000000000003 0 0 0.2 0 0 0 0 0.6000000000000001 0 0 0.6000000000000001 0 77.4 12.600000000000001 34.4 20.400000000000002 11.4 10.8 0 93.60000000000001 71.4 4.4 39.2 18.400000000000002 31.400000000000002 72.2 56 49.800000000000004 22.200000000000003 4.2 38.400000000000006 62.400000000000006 0 0 0 0 0 0.6000000000000001 0.6000000000000001 0 0.4 0 0 0 0.4 0 0.4 0 0 0 0 0 0 0 0 0.6000000000000001 0.6000000000000001 0 0.6000000000000001 0.2 0 0.4 0 0 0.6000000000000001 0 3 0.6000000000000001 0 0 0.6000000000000001 1.2000000000000002 0 0 0 0 2.2 2.6 0 0 0.2 0 0 0 0 0.4 0 0 0 0 0 0.2 3.8000000000000003 0.2 0 9 2.6 3.2 0 6.6000000000000005 4.800000000000001 7.4 0.2 2.4000000000000004 3.6 0 7.6000000000000005 3 3.6 2.4000000000000004 8 8.200000000000001 0 0 2.6 0 0 0 0 0 2.2 0 0 0 0 0 0 0 0 0 0 0 0 0 0 0 0 0 0 0 0 0 0 0 0 0 0 0 0 0 0 0 0 0 0 4.4 0 0 0 0 0 0 0 0 0 0 0.8 0 0 0.4 0 0 3 2.6 2.4000000000000004 2.2 0 0 0 7.800000000000001 9.600000000000001 7.2 0.2 0 0 0 2 0.2 2.8000000000000003 6.800000000000001 1.6 3.4000000000000004 0 0 0.2 0 0 0 0.2 0 0 0 0 3.6 0 0 0.2 0 0 0 0 0 0 0 0 0 0 0 0 0 0 0.4 0 0 0 0 0 0 0 0 0 0 0 0 0 0 0 0 0 0 0 14.8 0 0 0 0 1.4000000000000001 0 0 0.2 0.4 0.2 0.4 0 0 0 0 0 0 0 0 0 0 0 0 0 0 0 0 0 0 4.2 0 0 0 0 0 1 0 0 0 0 
 0.4 0.8 0.4 0.4 15.600000000000001 0.6000000000000001 0.4 0.6000000000000001 0.4 0.4 0.6000000000000001 0.4 0.4 0.8 0.6000000000000001 1.2000000000000002 1.6 7.6000000000000005 0.4 0.4 77.2 39 37.800000000000004 16.6 15.8 5.2 93.60000000000001 0 17.2 42.800000000000004 71.8 25.200000000000003 120 19 24.6 9 40 7.800000000000001 5.4 52.800000000000004 0 0 0 0 0 0.6000000000000001 0.4 0 0 0 0 0 0 0 0.4 0.2 0.2 0.2 0 0 0 0 0 0.4 0.6000000000000001 0 0.6000000000000001 0 0 0 0 0 0 0 9.200000000000001 0.4 0 0 0.6000000000000001 0 0 0 0 0 2.4000000000000004 0.4 0 0 0 0 0 0 0 0 0 0 0 0 0 0 2.8000000000000003 6.4 5.800000000000001 9.200000000000001 0 0 3.4000000000000004 3.8000000000000003 10.4 6.800000000000001 2 0 0 0 1.2000000000000002 25.400000000000002 8.6 4.800000000000001 0 7.6000000000000005 0 0 0 2.4000000000000004 0 0 0 0 0 0 0 0 0 0 0 0 0 0 0 0.8 0 0 0 0 0 0 0 0 0 0 0 0 1.2000000000000002 0 0 0 0 0 0 0 0 0.4 0 0 5.2 8.6 0 0 0 0 0 1.2000000000000002 0 0 0.6000000000000001 0 0 0 0 0 0 0.2 4.2 8 0 3.6 2.4000000000000004 2.6 5.2 7.800000000000001 5.4 5.2 0 0 7 3.6 4.6000000000000005 0 0 6.2 0 0 0 0 0 0 0 0 0 0 0 0 0 0 0 0 0 0 2.8000000000000003 0 0 0 0 0.2 0 0 0 0 0 0 0 0 0 0 0 0 0 0 0 0 0 0 0 0 0 0 0 0 0 0 0 0 0 0 2 0 0 1 0 0 0 0 0 0 0 0 0 0 0 0 0 0 0 0 0 0 0 0 0 0 0 0 0 0 0 0 0 0 0 0 
 0 12.200000000000001 0 0 0 0.2 0 4.2 0 0 0 0 0 0 0 0.4 0 0 0.4 0 24.200000000000003 42.400000000000006 19 31 11 25 71.4 17.2 0 99.2 12.600000000000001 20.8 27 37.4 50 49.6 79.80000000000001 22.200000000000003 54.6 59 1.2000000000000002 0 0 0 0 0.6000000000000001 0.4 0.4 0.4 0 0 0 0.2 0 0.4 0.2 0.2 0 0 0 0 0 0 0.4 0.6000000000000001 0 0.6000000000000001 0.8 0 0 0.6000000000000001 0 0 0 0 9.8 0 0.4 0.6000000000000001 0 0 0 0 0 0 2.4000000000000004 0 0 0 0 0 0 0 2.4000000000000004 0 0 0 0 0 0 1.4000000000000001 0 2.2 0.2 8.200000000000001 5.6000000000000005 0 2.2 1.4000000000000001 2.6 4.800000000000001 0 1.6 0 4.800000000000001 2.4000000000000004 2.6 7.4 0 2.6 0 0 0 0 0 0 3.4000000000000004 0.2 3.8000000000000003 0 0 0 2 2.8000000000000003 0 0 0 0 0 4.4 0 0 0 0 0 0 0 0 0 0 0 0 0 0 0 0 0 0 1.4000000000000001 0 0 0 0 5.6000000000000005 0 0 0 0 0 0 0 0 0.2 0 0 0 0 0 1 0 1.4000000000000001 6.2 5.2 1.6 0 5.4 0 1 3 0 6.800000000000001 2.6 0 0 6 0.2 6.800000000000001 7.6000000000000005 3 2.2 8.6 0 0 0 0 0 5.6000000000000005 0 0 0 0 0 0 2 2 0 0 0 1.8 2.2 0 0 3.2 0 0 0.8 0 0 0 0 0 0.2 0 0 0 1.8 0 0 0 0 0 0 1.4000000000000001 0 0 0.2 0 0 0 0 0 0 0 0 2 0 0 0.4 16.400000000000002 0.4 1.2000000000000002 0 2.8000000000000003 0 0 0 0 0 0 0 0 0 0 0 0 0 0 0 0 0.2 0 2.4000000000000004 0 0 0 0 1.2000000000000002 0 0 0 
 0.4 0 0 0.4 0.6000000000000001 0 0 0.4 0 0 0.4 0 0 0 0 0 0 0 0.4 0.2 5.2 86.4 91 36 11.200000000000001 27.400000000000002 4.4 42.800000000000004 99.2 0 25.8 65 29.200000000000003 12 41.2 70.60000000000001 82.80000000000001 38 16.6 80.60000000000001 1 0 0 0 0 0.6000000000000001 0.6000000000000001 0 7 1.8 0 0.6000000000000001 0.4 0 0.4 1.6 0 0 0 0 0 0 10.8 0.6000000000000001 0.6000000000000001 0 0.4 0 0 0.6000000000000001 0 0 0 0 0 0.6000000000000001 0 0 0.6000000000000001 0 0 0 1.8 0 0 2 0 0 0 0 0 0 0 0 0 0 0 0 0 0 0.2 0 2 0 2.4000000000000004 2.2 3 2 2.6 3.8000000000000003 4.4 0 0 0 6.6000000000000005 0.2 3.8000000000000003 2.8000000000000003 0 2.4000000000000004 0 0 0 0 0 0 2.2 2.4000000000000004 0 0 0 0 4.800000000000001 4 8 1.4000000000000001 0 0 0 5.2 0 0 0 0 0 0 0 0 0 0 0 0 0 0 3 0 0 0 0 0 0 0 0 0 0 3.8000000000000003 0 0 0 0 0 0 0 0 0 0 0 0 0 0 1.6 3.8000000000000003 6.800000000000001 0.2 1.8 0.2 2.6 2.6 2 6.2 0 4.2 3.4000000000000004 4 5 0 2.4000000000000004 2.4000000000000004 0 0.4 2 0 0 0 0 0 2.4000000000000004 0 0 0 0 0 0 0 0 0 0 0 0.6000000000000001 2.8000000000000003 0 0 0 0 0 0 0 0 0 0 0 0 0 0 0 0 0 0 0 0 0 0 2.4000000000000004 0 0 0 0 0 0 0 0 0 0 0 0.2 0 0 15.4 15.600000000000001 0.4 1.8 1.8 0 0 0 0.2 2.8000000000000003 0 0 0 0 0 0 0 0 0 0 0 0 0 0 2 0 0 0 0 0 0 0 0 
 0.4 0.4 0.8 0.6000000000000001 0.2 0 0.4 0 0 0.6000000000000001 0.2 0 0.4 1 0.2 0.2 0.2 0 40.2 7 22.6 7.2 45 12.4 12.600000000000001 15.4 39.2 71.8 12.600000000000001 25.8 0 27.200000000000003 37 12.600000000000001 27.6 14.8 39.400000000000006 9.600000000000001 8.4 33.6 0.4 0 0 0 0 0.6000000000000001 0.4 0 1 0 0 0 9.200000000000001 0 0.4 0.2 0.4 0 0 0 0 1.8 0 0.4 0.6000000000000001 0 0.6000000000000001 0 0 0 0 0 0 0 0 0.4 0 0 0.6000000000000001 0 0 0 0 0 1.6 4.800000000000001 2.8000000000000003 0.2 0 0 0 0 0 0 0 0 0 0 0 0 1.6 0 5.4 4.4 0 2.6 0 2.2 3.8000000000000003 6.2 0 0 0 2.6 1.8 8.6 4.6000000000000005 0 4.4 3.6 0 0.2 0 0 0 0 0 0 2.8000000000000003 0 0 0 0 0 0 0 0 0 1.6 0 0 0 0 0 0.2 0 0 0 0 0 0 0.2 3.4000000000000004 0.4 0 0 0.2 0 0 0 0 0 0 0 0 0 0 0 0 0 0 0 0 0 0.2 0 0 0 0 0 2.8000000000000003 3.6 5.2 0 0 2.8000000000000003 0 2 16.2 2.8000000000000003 0 0.4 2 0 1.4000000000000001 0.2 3.4000000000000004 1.8 2 10.600000000000001 0 0.4 0 0 0 0 0 0 0 0 0 0 0 0 0 0 0 0 0.2 0 0 0 0 0 0 0.2 0 0 0 0 0 0.2 0 0 0 0 0 0 0 0 0 0 0 0 0 0 0 0 0 0 0 0 0 0 2.2 0 0 8 0.2 0 0.4 0 0 0 0 0 0 0 0 0 0 0 0 0 0 0 0 0 0 0.4 0 0 0 0 0 0 0 0 0 0.2 
