 0 37.6 12.600000000000001 7.2 10.200000000000001 7.6000000000000005 30.400000000000002 71.60000000000001 26 42.800000000000004 9 7.800000000000001 48.400000000000006 16.8 14.4 8 15.200000000000001 7.6000000000000005 12.200000000000001 75.4 0 0 0 0.4 0.2 0 0 0 0 0 0 0 0 0 2.2 0 0 0.6000000000000001 0 0 0 0 0 0.8 0.4 0 0 0 0 0.8 0.6000000000000001 0 0.6000000000000001 0 0 0 0 0 0 0 0.4 0 0 0 0 0.6000000000000001 0 0 0 0 0 0 0.4 0 0.4 0 0 0 0 0.6000000000000001 4 0 2 7.800000000000001 4 0 5 2.8000000000000003 3.2 9 1.4000000000000001 2.4000000000000004 2.6 1.4000000000000001 2.8000000000000003 6.800000000000001 4 4.2 2.8000000000000003 2 0 0 0 0 0 0 0 0 0 0 0 0 0 0.2 0 0 0 0 2.6 0 0 0 0 0 0 0 0 0 0 0 0 0 0 0 0 0 2 0 0 0 0 0 0.2 0 1.6 1.2000000000000002 0 0 0 0 2 0 0 0 0.2 0 0 0 0 0 0 2.6 4.6000000000000005 3 4.800000000000001 1.4000000000000001 4 0 0 1.6 3.6 2 4 5.2 6.4 8.4 0.2 5.800000000000001 0 9.8 0 0 0 0 0 0 1.4000000000000001 0 0 0 0 0 0 0 0 0 0 0 0.2 0 0 0 0 0 0 0 0 0 0 0 0 0 0 0 0 0 0 0 0 0 0 0 0 0 0 0 0 0 0 0 0 0.2 0 0 0 0 0 0 0 0 0 0 0 0 0 0 0.4 0 17.6 0.4 0 1 0 0 0 0 0 0 0 0 0 0 0 0 0 0 0 0.2 0 0 0 0 0 0 0 1.4000000000000001 0 0 0 0 0 0 0 0 0 0 0 0 0 0 
 37.6 0 26.8 14.4 10.600000000000001 67.4 21.400000000000002 14.8 24.200000000000003 5.800000000000001 67.60000000000001 67 12.4 35.4 65 49.800000000000004 39.400000000000006 37 8.4 26.400000000000002 0.2 2.8000000000000003 0 0.2 0.2 0 0.2 0 0 0 0.2 0 0 15 0.6000000000000001 0 0 0.6000000000000001 14.8 0.2 12.4 0 0 0 0.4 0 0 0 0 0 0.6000000000000001 0.2 0.6000000000000001 0 0 0 0 0 0 0 0.4 0 0 0.2 0 0.6000000000000001 0 0 0 0 0 0 0 0 0.4 10 0 0 0 0.6000000000000001 12.4 3.6 6.4 5.6000000000000005 0 0 0 0.4 3.2 11 1.8 0.2 5.2 0 3.8000000000000003 1 9.200000000000001 3.2 0 9.4 0 4 0 0 0 0 0 0 0 0 0 0 0 0 0 0 0 0 3 0 0 0 0 0 0 0 0 0 0 0 0 0 0 0 0 0 0 0 0 0 0 0 0 0 0 0 0 0 0 0 1 0 0 0 0 0 0 0 0 0 2.2 4.2 0 0.2 0 0 3.8000000000000003 6.2 0 0 6 0 3.6 3 1.8 5.800000000000001 3 1.2000000000000002 2.4000000000000004 2.2 0 0 0 0 0 0 1.8 0 0 0 0 0 0 0 0 0 0 0 4 0 1 0 0 0 0 0 0 0.2 0 0 0 0 0 0 0 0 0 0 0 0 0 3.4000000000000004 0 0 0 0 0 0 0 0 0 0 0 0 0 0 0 2.8000000000000003 0 0 0 0 0 0 0 0.2 0 0 0 0 0.2 2.6 0 0 0 0 0 0 0 0 0 0 0 0 0 0 0 0 0 0 0 0 0 0 0 0 0 0 0 0 0 0 0 0 0 0 0 0 0 0 
 12.600000000000001 26.8 0 56.800000000000004 56 85.60000000000001 15.4 72.4 62.2 45.6 26 10.600000000000001 12.600000000000001 47 72.60000000000001 40.400000000000006 14.600000000000001 54.800000000000004 31.8 25.8 0 0 0 0.8 0.6000000000000001 0.2 16.8 0 0 0 0.4 0 0.4 0.4 0.6000000000000001 0.4 0 0.6000000000000001 0 0 0 0 0 0 1.4000000000000001 6.2 0 0 0 0.6000000000000001 1 0.4 17.8 0 0 0.4 0 0 0 0 0.4 0 0 0 0 0.6000000000000001 0.4 0 0.2 0 0.6000000000000001 0 0 0.8 0.4 0.2 0 0 0 0.6000000000000001 1.8 0 12.200000000000001 5 1.2000000000000002 3.2 0 10.8 10 0.2 0 3.4000000000000004 0 0 4.6000000000000005 9.8 10.4 2 2.6 0 0 0 0 0.2 0 0 2.2 0 0 0 0 0.2 0 1.6 0 0 0 0 0 5 0 0 0 0 0 0 0 0 3.4000000000000004 0 0 0 0 0 0 0 0 0 0 0 0.4 0 0 0 0 0 0 0 0 0 0 0 0 0 0 3.2 0 0 0.2 0 3 2.2 5.2 8.4 6.6000000000000005 5 0 2.4000000000000004 4.4 3.2 1.8 1.6 0 0 0 0 3 0 0 0 0.2 0 0 0 0 0 0.2 0 0 0 0 0 2.4000000000000004 0 0 0 0 0 2.2 0.4 0 0 0 0 0 0 0 0 0 0 0 1.4000000000000001 0 0 0 0 0 0 0 0 0 0 0 0 0 0.4 0 0 0 0 0 0 1.2000000000000002 0 0 0 0 0 0 0 0 0 0 0 0 0.2 0.2 0 0.8 0.2 2.8000000000000003 1.8 0.2 0 0 0 0 0 0 0 0 0 0 0 0 0.2 0.2 0 0 0.4 0 0 0 0 0 0 8.4 0 0 0 0 0 0 0 0 0 0 0 0 0 
 7.2 14.4 56.800000000000004 0 36.6 29 81.2 59.800000000000004 28.400000000000002 47 63.800000000000004 31.400000000000002 21.6 71.4 29.400000000000002 37.2 7 19.400000000000002 28.400000000000002 13.200000000000001 0 16.400000000000002 0 0 0.6000000000000001 0 29.400000000000002 0 0 0 0.4 0 0 0 0.6000000000000001 0 0.4 16 30.400000000000002 14.600000000000001 0 0 0.4 0 0.4 18 0 0 0 0 0.4 0 0.6000000000000001 0 0 0 0.2 0 0 0 0.6000000000000001 0 0 0.6000000000000001 0 0.6000000000000001 0 0 0 0 0 0 0 0.6000000000000001 0.4 0 0 0.4 1.2000000000000002 11 2.8000000000000003 0.2 7.4 11 0 0 0 2.2 10.600000000000001 0 0.2 9.200000000000001 0 0 2.6 2.4000000000000004 7.4 3 0 1.8 2 0 0 0 0 0 0.2 3.2 0 0 0 0 5.4 4.6000000000000005 4 0 0 0 0 2.4000000000000004 0.4 0 0 0 0 0 0 0 0 0 0 0 0 0 0 0 0 0 0 0 0 0 0 0 0 0 0 0 0 0 0 0 0 0 0 0 0 0 0 0 1.8 2 0 5 0 0.2 0 0 0.2 0.2 2 3.6 1.4000000000000001 0 0 0 1 0 0 0 8.4 0.4 0 0 0 0 4.2 0 0 0 0.4 0 2.8000000000000003 0.4 0.4 0 0 0 2.6 3.8000000000000003 0 0 0 0 0 0 0 0 0 0 0 0 0 0 0 0 0 0 0 0 0 0 0 1.6 0 0.4 0 0 0 0 6 0 0 0 0 0 0.2 0 0 0 0 0 0 0 0.4 0 17.6 0 0 0.4 2.4000000000000004 2 0 0 0 0 0 0 0 0 0 0 0 0 0 0 0 0 0 0 0 0 0 0 0 0 2.8000000000000003 0.6000000000000001 0 0 0 0 0 0 0 0 0 0 0 0 
 10.200000000000001 10.600000000000001 56 36.6 0 65.2 19.400000000000002 79.4 22.400000000000002 35.4 21.400000000000002 21 35.800000000000004 32.6 34.4 14.4 10 8.6 33.6 18 0 29.200000000000003 0 0.4 1.2000000000000002 0 0.6000000000000001 2.4000000000000004 0 0.6000000000000001 14.4 0 0.6000000000000001 16.400000000000002 0.8 0 0 0.8 19.200000000000003 0.8 0 0 0 0.4 0.8 0.4 0.6000000000000001 0 0 0.4 0.6000000000000001 0 0.6000000000000001 0 0 0 0.2 0.6000000000000001 0 0 1.4000000000000001 0.4 0 0 0 1 0 0 0 1 0.4 0.8 0.4 0 0.4 0 0 0 0 0.6000000000000001 0 0 0.2 6.6000000000000005 0 1.8 0 0 0 0 0 0 0 0 0 0 4.800000000000001 3.4000000000000004 0 2.4000000000000004 6.800000000000001 0 0 0 0 0 1 2.2 9.4 0 7.2 0 6.4 4 0 3.4000000000000004 5.2 0.2 5 0.2 0 0 0 0 0 0 0 0 0 0 0 3.8000000000000003 0 0 0 0 0 0 0 0 0 0 0 0 0 0 0 0 1.8 0 0 0 0 0 0 0 0 0 0 0 0.2 0 0 0 0 0 0 3.8000000000000003 3.8000000000000003 0 2.2 0 0 0 0 0 0.2 0 0 0 3.2 4.800000000000001 1.8 2.8000000000000003 1 0 1.4000000000000001 2.4000000000000004 2 4.4 1 0 0.4 3.4000000000000004 5.6000000000000005 0.2 5.6000000000000005 0 7.4 3.6 0 0 0 0 0 0 0.2 0.4 0 0 0 0 0 0 0 0 0 0 0 0.2 0 0 0 0 0 0 0 0 0 0 0 0 0 0 0 0 0 0 0 0 0 0 0 0 0 1.6 1.2000000000000002 0 0 18 0 2.4000000000000004 0 0 0.4 0 0 0 0 0 0 0 0 0 0 0 0 0 0 0 0 0 0 0 0 0 0 0 0 0 0 5.4 0 0 0 0 0 0 0 0 
 7.6000000000000005 67.4 85.60000000000001 29 65.2 0 64.60000000000001 19.400000000000002 16.8 11 82.2 29 8.200000000000001 19.8 68.4 22.8 14.8 44 53.800000000000004 11.200000000000001 15 0.2 0.2 0 0 0.4 0.2 17.400000000000002 0 0.2 0 0 0.2 0.2 15.4 0 0.4 0.8 15 14.8 0 0 0 0 0.4 12.4 0 0 0 0.2 0.6000000000000001 0 0.6000000000000001 0.2 0 0 0 0 0 0 0.4 0 6 0 0 0.6000000000000001 0 0 0 0 0 0 0 0.2 0.4 0 0 0 0 0.6000000000000001 0.2 0 4.2 3.8000000000000003 6 7.2 0 7.4 5.6000000000000005 3.8000000000000003 0 3.8000000000000003 0 0.2 0 2.4000000000000004 7.800000000000001 3.6 0 0 2.8000000000000003 0 0 0 0 0 5 2.8000000000000003 0 0 0 0 6.800000000000001 1 0 0 2.4000000000000004 0 1.8 7.2 1.6 0 0 0 0 0 0 0 0 0 0 0 0 0 0 0 0 0 0 0 0 0 0 0 0 0 0 0 0 0 0 0 0 0 0 0.8 0 0 0 0 5.6000000000000005 2.4000000000000004 2.6 3.4000000000000004 8 3.8000000000000003 0 3.8000000000000003 6 1.8 5.2 0 0 0 0 0 0.2 0 0 0.8 9.4 0 0 4 0 0 0 0 8.200000000000001 3 0 0 10 0 4.6000000000000005 0 0 0 7.6000000000000005 6.2 0 0 0 0 0 0 0 0 0 0 0 0 0 0 0 0 0 0 0 0 0 0 0 0 0 0 0 0 0 0 0 0 0 0 0 0 0 0 0 0 0 0 0 0 0 1 0.2 0.2 0 2 0 1.6 3.8000000000000003 0 0 0 0 0 0 0 0 0 0 0 0 0 0 0 0 0 0 0 0 0 0 0 0 0 0 0 0 0 0 0 0 0 0 0 0 0 
 30.400000000000002 21.400000000000002 15.4 81.2 19.400000000000002 64.60000000000001 0 39.2 8.8 42 8.8 25.8 78.80000000000001 47.2 42.6 48.800000000000004 19.400000000000002 8 57.400000000000006 45.2 0 0 0.2 0 0 0 0 0 0 0 0.2 0 0 0.4 0.6000000000000001 0 0 0.6000000000000001 0.2 0 0 0 0 0 0.4 0 0 0 0.2 0 0.6000000000000001 0 0.6000000000000001 0.2 0 0 0 8.6 0 0 0.4 0 0 0 0 0.6000000000000001 9.200000000000001 0 0 0 0 0 0 0 0.4 0 0 0 0 0.6000000000000001 2.2 0.2 4.6000000000000005 4.4 2.4000000000000004 2.8000000000000003 0 4.800000000000001 2.8000000000000003 1.4000000000000001 4 0 0 2.2 2.8000000000000003 5.4 6 10.600000000000001 0 8.200000000000001 0 0.4 0 0 0 0 2 0 0 0 0 0 0 0 0 0 0 0 2 0 0 0 0 0 0 0 0 0 0 0 0 0 0 0 0 0 2.2 0 0 0 0 0 0 0 0 0.4 0 0 0 3 0.6000000000000001 0 0 0 0 0 0 0 0 0 8.6 11.8 3 0 6 7.4 3.2 1 2.6 7.4 3.8000000000000003 2.8000000000000003 0 0.2 4.4 2.8000000000000003 0 4 0 3.6 0 0 0 0 0.4 0 4 0 0 0 0.4 0 0 0 0.4 0 0 0.2 2 0 0 0 0 0.2 0 0 2.6 0 0 0.4 0 0 0 0 0 0 0 0 0 0 0 0 0 0.4 0 0 0 0 0 0 0 0 0 3.8000000000000003 0 0 0.2 0 0 0 0 0 0 0 0 0 0 0 8.8 0 0 0.8 2.6 0 0 0 0 0 0 0 0 0 0 0 0 0 0 0 0 0 0 0 0 0 0 1.4000000000000001 0 0 0 0 0 0 0 0 0 0 0 0 0 0 
 71.60000000000001 14.8 72.4 59.800000000000004 79.4 19.400000000000002 39.2 0 22.6 46.2 32.4 29.400000000000002 39 52.800000000000004 32.4 19.8 21.400000000000002 23.8 51.2 14 0 0 0 0 0.2 0 0 0.6000000000000001 0 0 0 0.4 0.2 0 0.6000000000000001 0 0.6000000000000001 1.2000000000000002 0.6000000000000001 0.4 0 0 0 0 0.4 12.600000000000001 10.200000000000001 0 0 1.4000000000000001 0.6000000000000001 0 0.6000000000000001 0 12.200000000000001 0 0 0 0 0 0.4 5.2 0 0 0 0.6000000000000001 0 10.8 0 0 1.2000000000000002 0 0 0.2 0.4 0 0 0 0.2 0.6000000000000001 0.2 3.8000000000000003 3.2 4 9.8 3 5.6000000000000005 9.8 5.800000000000001 0.2 0 11.4 2.8000000000000003 0.4 0 0 6.4 1 0 1 0.2 0 0 2.2 0 0 2.2 0 0 0.4 0 0 0 4.4 0 0 0 0 0 12 0 0.4 0 0 0 0 0 0 0 0 0 0.2 0 0 0 0 0.4 0 0 0 0 0 0 0 0 0 0 1.8 0 1.2000000000000002 0 0 0 12 0 3 0 0 2.4000000000000004 0 2.8000000000000003 0 6.2 5.6000000000000005 5.800000000000001 7.6000000000000005 0 0.2 5.6000000000000005 6.4 3.8000000000000003 4.2 3.8000000000000003 0.2 3 0 0.2 0 0 0 0 0 0 0 0 0 3.8000000000000003 0 0 0 0 0 7 0 0 0 0 0 0 0 0 0 0 0 0 0 0 0 0 0 0 0 0 0 0 0 0 0 0 0 0 0 0 0 0 0 0 0 0 0 0 0 0 0 0 0.4 0 0 0 0 0 3.4000000000000004 0 0 0 0 0 0 0.2 0.4 3 6.4 4.2 0 0 0 0 0 0 0 0 0 2 0 0 0 0 0 0 0 0 0 0 0 0 0 0 0 0 0 0 0 0 0 0 0 0 0 0 0 
 26 24.200000000000003 62.2 28.400000000000002 22.400000000000002 16.8 8.8 22.6 0 38.800000000000004 77 26.400000000000002 20.200000000000003 60.2 101 54.6 59.6 24.8 15 32.6 0 0.2 0 0.4 0 0.4 15 0.4 0 0 0.6000000000000001 0 27 15 0.6000000000000001 0 0 0.6000000000000001 14.600000000000001 15 0 0 0 0 1.2000000000000002 0 0 0.2 0 0 1 0 1 0.4 0 0 0.4 0.2 0 0 1 0 0 0 1.8 1 0 0.4 0 0 0 0.4 0 0 0.4 0 2.6 0.4 0 0.6000000000000001 2 1.6 2.4000000000000004 2.2 0 0 0.2 2.2 0 1.8 21.6 1.8 4.4 0 1.6 0 13.600000000000001 0.2 0 7.4 0 3.2 0 0 0 0 3.2 6.6000000000000005 0 0 0 0 0 0 0 0 0 0 10.200000000000001 9.4 0 0 0 0 0 0 0 0 0 0 0 0 0 0 0 0 0 0 0 0 0 0 0 0 1 0 0 0 0 0 0 0 0 0 0 0.6000000000000001 0 2.2 0 0 0.2 2.8000000000000003 0 3 0 3 3.6 5 0.2 0 0 0 0 3.4000000000000004 10.600000000000001 3.4000000000000004 3.6 10 0 0 2.8000000000000003 2.4000000000000004 0 0 0 0 1.4000000000000001 1.4000000000000001 0 0 0 0 0 0 0 0 0 0 0 4.2 0 0 0 0 3 0 0 0 0 0 0 0 0 0 0 0 0 0 0 0 0 0 0 0 0 0 0 0 0 0 0 0 0 0 0 0 0 0 0 0 0 0 0 0 0 0 17.6 0.2 0 0.4 0.2 1.8 0 0 0 0 0 0.4 0 0 0 0 0 0 0 0 0 0 0 0 0 0 0 0 0 0.8 0 0 0 0 0 0 0 0 0 0 0 0 0 2.6 
 42.800000000000004 5.800000000000001 45.6 47 35.4 11 42 46.2 38.800000000000004 0 86.60000000000001 71.2 58.6 104.80000000000001 19.200000000000003 34.6 41.6 23 22 26.400000000000002 0 0 0 0 0.2 0 18 0 0 0 0 0 0 0 0.6000000000000001 0 0 0.6000000000000001 0 0 0 0 0 0 0.4 0 0 0.2 0 0 0.6000000000000001 0.2 0.6000000000000001 0 0 0 0 0.2 0 0 0.4 0 0 0.2 0 0.6000000000000001 0 0 0 0 0 0 0 0 0.4 0 0 0 0 0.6000000000000001 0.4 0 7 3.4000000000000004 3 0 2.8000000000000003 7.2 7.2 5.4 4.4 2.8000000000000003 6.800000000000001 3 0 1.8 0 7.4 2.8000000000000003 2 0 0 0 0 0.4 0 2.4000000000000004 0 0.2 0 0 0 0.4 3.4000000000000004 0 0.2 0 0 3 4.800000000000001 0 0 0 0 0 0 0.4 2.6 0 0 0 0 0 0 0 0 2.8000000000000003 0 0 0 0 0 0 0 0 3.2 0 0 0 0 1.6 0 0.2 0 0 0 0 0 0 0 3 3.4000000000000004 0 3.4000000000000004 0 2.2 6.800000000000001 5.800000000000001 4.800000000000001 1.8 3 0 0 2.8000000000000003 7 2.2 4.800000000000001 5 0 0 2.2 0 0 0 0 0 0 0 0 0 0 0 0 0 0 0 0 0 0 0 0 0 0 0 0 0.4 0 0 0 0 0 0 0.2 0 0.4 0.4 0 0 0 0 0.2 0 0 0 0 0 0 1.6 0 1.6 0 0 0 0 0 0 0 0 1 0 0 0 0 0 0 0 0.2 0 0 0 2.2 0 3.4000000000000004 0 0 0 0 0 0 0 0 0 0 0 0 0 0 0 0 0 0 0 0 0 0 2.2 7.6000000000000005 0 0 0 0 0 0 0 0 0 0 0 0 0 
 9 67.60000000000001 26 63.800000000000004 21.400000000000002 82.2 8.8 32.4 77 86.60000000000001 0 82.80000000000001 6.800000000000001 45.400000000000006 19.400000000000002 36.4 64.2 27.400000000000002 4.6000000000000005 21 0.2 0.2 0 0 0 0 5.6000000000000005 14.8 42.800000000000004 0.6000000000000001 0.2 0 16.400000000000002 3.4000000000000004 16.6 0 0.2 0.6000000000000001 0.4 0 0 0 0 0 0.4 5.800000000000001 0 1 0 0 0.6000000000000001 0 0.6000000000000001 0 0.2 0 0 0 0 0 0.4 0.8 0 0 0.2 0.6000000000000001 0.8 0.2 0 0 0.2 0 0 1 0.4 0.8 0 0 0.4 0.6000000000000001 0.2 2 9.4 2.4000000000000004 3.8000000000000003 4.800000000000001 0 4.4 2.6 2.8000000000000003 7.2 0.6000000000000001 0 0 2.2 2 2.6 0 0 0 1.8 4.2 0 0 0 0 5.800000000000001 3 3.8000000000000003 0 0 0 13.200000000000001 3.8000000000000003 2 1 0 0 5.2 13.4 0 0 0 0.4 0 0 0.2 0 0 0 0 0 0 0 0 0 0 0 0 0 0 0 0 4 0 0 0 0 0 0 0 0 0 0 0 0 0 3.2 0 0 0 0 2 5.6000000000000005 6 6.800000000000001 0 0 2.6 2.4000000000000004 1.8 6.4 0 0 0 0 2.8000000000000003 0 0 1.6 0.2 3.4000000000000004 0 0.2 0 0 1.6 0 0.8 0 0 0 14.200000000000001 0 0 0 0 0.2 0.6000000000000001 0 0.2 0 0.4 0 0 0 0 0 0 0 0 0 0 0 0 0.2 0 0 0 0 0 0 0 0 0 0 0.2 0 0 0 0 0 0 0 0 0 0 0 0 0 0 0 0 0 0 0.6000000000000001 1 0 0.2 0.4 3.6 0.8 0 3.8000000000000003 0 0 0 0 0 0 0 0 0 0 0 0 0 0 0 1.8 0 0 0 0 0 0 3.2 0 0 0 0 0 0 0 0 0 0 0 0 0 
 7.800000000000001 67 10.600000000000001 31.400000000000002 21 29 25.8 29.400000000000002 26.400000000000002 71.2 82.80000000000001 0 9.4 12.8 8.6 18.6 17.2 53.800000000000004 6 7.2 0 14.8 0.8 0.4 0.6000000000000001 0.4 14.8 5.4 14.600000000000001 0 0.4 0.2 0.2 18 12.4 0 0 0.6000000000000001 0.2 14.4 4.2 0 4.2 0.4 1 0 0 2.8000000000000003 0 0 0.6000000000000001 0 0.8 4.2 0.8 0 0 2.4000000000000004 0 0 0.6000000000000001 0 0 0 0 1 0 0 0 0.4 0.2 0.4 0 0.2 2.4000000000000004 0 0 0 0 0.6000000000000001 0 2 0 2 2.2 4 0 2.4000000000000004 0 3 5.4 1.4000000000000001 0.2 0 3.8000000000000003 0 0.2 0 0 0 2 7 0 0 0 0 2.6 5.2 2.2 0 0 0 10.200000000000001 0 3 6.2 7.2 0 5 4.4 0 0 0 0 0 0 0 0.2 0 0 0 0 0 0 0 0 0 0 0.4 0 0 0 0 0 0 0 3.2 0 0 0 0 0 0 0 0 0 0 0 0 0 2 0 2.4000000000000004 0 5.4 2.8000000000000003 0.4 0 2.8000000000000003 2.6 2.4000000000000004 5.800000000000001 0 0 0 0 0 0.2 0 1.4000000000000001 0 1 0 3 0 0 1 0.4 3.2 0 0 0 5 2.6 0 3.8000000000000003 0 0.2 0.4 3 0 0 0 0 0 0 0 0 0 0 0 0 0 0 0 0 0 0 0 0 0 0.4 0 0 1.4000000000000001 0 0 0 0 0 0 0 0 0 0 0 0 0 0 0 0 0 0 0 0 0.4 34.4 0 1 0.8 0 0.2 1.6 0 0 0 0 0 0 0 0 0 0 0 3 0 0 0 0 0 0 0 0 3.8000000000000003 0 1 0 9.200000000000001 0 0 0 0 0 0 0 0 0 0 0 0 
 48.400000000000006 12.4 12.600000000000001 21.6 35.800000000000004 8.200000000000001 78.80000000000001 39 20.200000000000003 58.6 6.800000000000001 9.4 0 39.2 23.8 26.200000000000003 44.2 100.60000000000001 46.2 10.200000000000001 0.2 0.2 0.2 0.4 0.4 0.2 0.2 0.6000000000000001 1 0.2 0.4 0.2 0.2 0.2 42 0.4 0.4 1 0.4 0.4 0 0 0.2 0.4 0.6000000000000001 0.4 0.4 0.4 0.2 1.8 0.8 0.4 1 0 0.4 0.2 0.2 12.4 0 0.4 0.4 0.4 0 0.4 0.4 0.8 0 0 0.4 0 0 0.4 0 0 0.8 0 0.4 0 0 1.2000000000000002 0.2 4.4 0.4 15 0.2 0.4 7.800000000000001 0.2 3.8000000000000003 4.4 1.2000000000000002 3.8000000000000003 2 12.8 0 3.2 2.4000000000000004 4.4 2.4000000000000004 4.4 0 0 0 0 0 0 0 0 0.4 0 0 0 0.2 0 0.4 0 0 0 0 0 0 0 0 0.4 0 0 0 0 0 0 2.6 0 0 0 0 0 1 0 0 0 0 0 0 0 0 0.6000000000000001 0 0 0 0 1 0 0 0 0 0 0 0 0 0 3.2 4.2 3.4000000000000004 1 0 0.6000000000000001 5 2 0 4.800000000000001 0 0 0 6.4 8.8 2 0.2 2.8000000000000003 2.2 5.2 0 0 0 0.2 0 0 0 0 0 2.2 0 0 0 0 0 0 0 0 0 0 0 0 0 0 0 0 0 0 0 0 0 0 0 0 0 0 0 0 0 0 0.4 0 0 0 0 0 0 0 0 0 0 0 0 0 0 0 0 0 0 0 0 4 0 0 0 0 0 0.4 0.4 0.4 0.2 3 0 0.4 0 0 0 0.4 0 0 0 0 3.2 0 0.4 0 0 0 0 0 0 0 0 0 0 1 0 0 0 0 0 0 0 0 0 0 0 0 0 0 
 16.8 35.4 47 71.4 32.6 19.8 47.2 52.800000000000004 60.2 104.80000000000001 45.400000000000006 12.8 39.2 0 55.2 30.6 6.6000000000000005 23.400000000000002 27.200000000000003 15.600000000000001 0 0.4 0 14.8 0.6000000000000001 0.2 0.2 0 0 0.6000000000000001 0 0 0 0 0.6000000000000001 0 0.4 0.6000000000000001 0 0 0 0 0 0 0.6000000000000001 0 0 0.6000000000000001 0 0 0.6000000000000001 0 13.200000000000001 0 0 0 0 0 0 0 0.4 0 0 0 0 0.6000000000000001 0 0.4 0 0 0 0 0 0 0.4 0 0 0 0 0.6000000000000001 6.4 6.2 0.2 5.6000000000000005 0 0 1.8 3 8.8 1.4000000000000001 0.2 3.4000000000000004 0.2 1.8 2.4000000000000004 3 0 8.8 0 4.800000000000001 3 0 0 0 0 0 0 0 0 0 0 2.4000000000000004 0 0.2 0 0 0 0 4.800000000000001 0 0 0 0 0 0 0 0 0 0 0 0 0 0 0 0 0 0 0 0 0 0 0 0 0 0 0 0 0 0 0 0.2 0 0 0 0 0 0.4 0 0.2 0 3.2 1.8 2.6 1 2.6 2 0 6.4 6.4 5.6000000000000005 6 13.8 1.6 0 0 0 3 0.2 3.2 1.8 0.2 0 0.4 0 0 0 2 0 0 0 0 0 0 0 0 0 0 0 2.2 0 0 0 0 0 0 0 0.2 0.4 0 0 0 0 0 0 0 0 2.8000000000000003 0 0 0.2 0 0 0 0 0 0 0 0 0 0 0 0 0 0 0 0 0 0 0 0 0 0 0 0 0 0 0.2 0 17.2 0 0 1.2000000000000002 0 0 0 0 0 0 0 0 0 0 0 0 0 0 0 0 0 0 0 0 0 0 0 0 2.6 0 0 0 0 0 0 0 0 0 0 0 0 0 
 14.4 65 72.60000000000001 29.400000000000002 34.4 68.4 42.6 32.4 101 19.200000000000003 19.400000000000002 8.6 23.8 55.2 0 67.60000000000001 17.2 27.8 15 41.2 0 0 0 0 0 0 0 0 0 0 0 0 0 41.2 0.6000000000000001 0 0 0.6000000000000001 4 0 0 0 0 7.800000000000001 0.4 0 12.4 0 0 0 0.6000000000000001 0 0.6000000000000001 0 0 0 0 0 0 0 0.4 0 0 0 0 0.6000000000000001 0 0 0 0 0 0 0 0 0.4 8.4 0 0 0 0.6000000000000001 2 4.2 2 5.800000000000001 0 0 0 3.4000000000000004 0.6000000000000001 5.2 2.4000000000000004 0 3 0.2 4 3.2 5.2 8.200000000000001 0.2 3 0 0 0.2 0 0 0 0 0 0 0 0 0 0 0.2 0 0 0 0 5 0 0 0 0 0 0 0 0 0 0 0 0 0 0 0 0 0 0 0 0 0 0 0 0 0 0 0 0 0 0 0 7.2 0 0 0 0 0 0 0 0 0 3.6 2 3.8000000000000003 0 4.2 1.8 0 6.4 4.6000000000000005 1.6 8.6 1.6 3.4000000000000004 0.2 0 2.2 2.8000000000000003 0.2 3.2 1.4000000000000001 0.2 0 0 0 0 0 1.6 0 0 0 0 0 0 0 0 0 0 0 2.2 0 0 0 0 0 0 0 0 0 0 0 0 0 0 0 0 0 0 0 0 0 0 0 0 0 0 0 0 0 0 0 0 0 2.6 0 0 0 0 0 0 0.4 0 0 0 0 0 0.4 0.4 0.4 17.6 0 0.4 0.8 0 0 0 0 0 0 0 0 0 0 0 0 0 0 0 0 0 0 0 0 0 0 0 0 0 0 0 0 0 0 0 0 0 0 0 0 0 0 
 8 49.800000000000004 40.400000000000006 37.2 14.4 22.8 48.800000000000004 19.8 54.6 34.6 36.4 18.6 26.200000000000003 30.6 67.60000000000001 0 13.600000000000001 10.600000000000001 130.8 72.8 0 0 0 0 0.2 0 0 0 0 0 0.4 1 0 0 0.6000000000000001 0 0 1.2000000000000002 14.4 0 0 0 0 0 0.4 14.600000000000001 0 0 0 1.8 0.6000000000000001 0 0.6000000000000001 0 0 0 0 0 0 0 0.4 0 0 0 0 0.6000000000000001 0 0 0 0 0 0 0 0.4 9.200000000000001 10 0 0 0.6000000000000001 0.6000000000000001 0.2 5.6000000000000005 4.6000000000000005 0 5.800000000000001 4.4 3.6 1.4000000000000001 6 0.2 0 8.4 3.6 0.6000000000000001 0.2 11.200000000000001 5 0.2 0.2 0.4 0 0 0 0 0.2 0 0.6000000000000001 2.8000000000000003 0 0 0 0 0 0 0 0 0 0 0.2 4.2 0 0 0 0 0.2 0 0 0 0.2 0 0 0 0 0 0 0 0 0.2 0 0 0 0 0 0 0 0.2 0 0 0 0 0.2 0 0.4 0 0 0.8 0 0 0 0 0.2 0.2 2.2 8 3.4000000000000004 2.2 3.8000000000000003 0 2.4000000000000004 2.6 0 1.6 4.800000000000001 1 5.4 0 6.4 0 3.2 0.4 7.6000000000000005 0 1.6 0 0 0 2.6 0 0 0 0 0.2 3 0 0 0 0 2.8000000000000003 0 0 1.2000000000000002 0 0 0 0 0.2 0 0 0 0 0 0 0.4 0 0.2 0 0 0 0 0 0.4 0 0 0 0 0 0 0.4 0 0 0 0.4 0 0 0 0 0 0 0 0 0 8.6 0 0 0 0.2 0.2 0 0.4 0.2 0 1.4000000000000001 0 0 0 0 0 0 0 0 0 0 2.8000000000000003 0 0 0 0 0 0 0 0 0 0 0 0 0 2.4000000000000004 0 0 0 0 0 0 0 0 0 0 0 0 0 
 15.200000000000001 39.400000000000006 14.600000000000001 7 10 14.8 19.400000000000002 21.400000000000002 59.6 41.6 64.2 17.2 44.2 6.6000000000000005 17.2 13.600000000000001 0 31 27.8 42.400000000000006 0.2 0 0 0.4 0 0 15.4 0.4 0 0 0.4 0 12 4.800000000000001 0.6000000000000001 0.4 0 1.6 0.2 0 0 0.8 0.4 0.2 0.4 0 0 1.8 0 0.6000000000000001 0.6000000000000001 0.4 0.6000000000000001 0.4 0 0.6000000000000001 1 0 0 10 0.4 0 0 0 0 0.6000000000000001 0 0.4 0 0 0 0 0.8 0.8 0.4 0 0.4 0 0 1.2000000000000002 0 2 4.4 3 0.2 5.4 0 2.4000000000000004 0 0.2 6.800000000000001 0 3.4000000000000004 7.800000000000001 4.6000000000000005 3 0 3.8000000000000003 0 7.2 0 3.6 0 0.2 0 0 5.4 3 1.6 0 0 0.2 3.8000000000000003 1.8 3.2 1.8 0 0 2 15.8 0 0 0 0 0 0 0 0 0 0 0 2.6 0 0 0 0 2 0 0 0 0.4 0 0 0 0 0 0 0 0 0 0 0 0 0 0 0 0 0 0 0 0 4.2 0 3.4000000000000004 5.2 11.8 3.2 2.2 0.4 1.8 0 0.4 0 2.6 5.6000000000000005 4.800000000000001 2.8000000000000003 3.2 0 9.600000000000001 0 0.2 0 0 0 0 2 0 0.2 0 0 0 1.8 0 0 0.2 0 0 0.6000000000000001 0 0 0 0 0 3.2 0 0 0 0 0 0 0 0 0 0 0 0 0 0 0 0 0 0 0 0 0.4 0 2 0 0.4 0 0 0 0.2 0 0 0 0 0 0 0 0 0 0 0 0 21.8 0 0.4 0.6000000000000001 2.2 1.4000000000000001 0 0 0 0 0.6000000000000001 0 0 0 0.4 0 0 0 0 0 0.6000000000000001 0 0 0.4 0 0 0 0 0 1.4000000000000001 3.4000000000000004 0 0 0 0 0 0 0 0 0 0 0 0 0 
 7.6000000000000005 37 54.800000000000004 19.400000000000002 8.6 44 8 23.8 24.8 23 27.400000000000002 53.800000000000004 100.60000000000001 23.400000000000002 27.8 10.600000000000001 31 0 5.2 69.4 0.4 0 0 0 0 0 0 0 0 0 0 14.4 0 15.4 0.6000000000000001 0 1 0.6000000000000001 0.8 0.4 0.4 0 0 0 0.4 0 0 0 0 0 0.6000000000000001 0 0.6000000000000001 0 0 0 0 0 13.8 0 0.4 0 0 0 0 0.6000000000000001 0 0 0 0 0 0 0 0 0.4 0 0 0 0 0.6000000000000001 1.8 0 1.2000000000000002 2.2 3.6 6 4.6000000000000005 6.4 3.6 4.2 5.800000000000001 0 5.6000000000000005 0 4.800000000000001 8.200000000000001 7.6000000000000005 3.2 0.4 2.6 0.2 3.8000000000000003 0 0.2 0 3.4000000000000004 2.4000000000000004 2 0 0.4 0 0 3.2 0.2 0 0 0 0.2 2.8000000000000003 3.8000000000000003 0 3.2 2.8000000000000003 0 0 0 0 0 0 0 0 0.4 0 0 0 0 1.8 0 0 0 0 0 0 0 0 1.2000000000000002 0 0 0 0 1.4000000000000001 0 0 0 0 0.2 0 0 0 0 5.800000000000001 4.4 0.4 0 0 0.2 3.4000000000000004 1.8 2.4000000000000004 0 9.8 0 0 3.2 4.6000000000000005 8.6 0 7 0 5.4 4 0 0 0 0 0 2.2 0 0 0 0 0 0.4 0 0 0 0 0 5.2 0 0 0 0 0 0 0 0 0 0 0 0 0 0 0 0 0 0 0 0 0 0 0 0 0 0 0 0 0 0 0 0 0 0 0 0 0.2 0 0 0 0 0 0 0 0 0 0.2 0.6000000000000001 0 0 17.8 0.2 1.4000000000000001 3 0 0 0 0 0 0 0 0 1.6 0 0 0 0 0 0 0 0 0 0 0 0 0 1.2000000000000002 0 0 0 0 0 0 0 0 0 0 0 0 0 0 
 12.200000000000001 8.4 31.8 28.400000000000002 33.6 53.800000000000004 57.400000000000006 51.2 15 22 4.6000000000000005 6 46.2 27.200000000000003 15 130.8 27.8 5.2 0 13.200000000000001 0 0 0 0 0.2 0 0 0 0 0 0 0 0.2 0 0.6000000000000001 0 0 0.8 0 0 0 0 0 0 0.4 0 0.2 12.600000000000001 0 0.6000000000000001 0.6000000000000001 0 0.6000000000000001 0 0 0 0 0 0 0 0.6000000000000001 0 0 0 0 0.6000000000000001 0 0 0 0 0.4 0 0 0 0.4 0 0 0 0 0.6000000000000001 1.8 11 0 0 0.4 0 4.800000000000001 0 1.6 0.4 0 2 2.2 3.6 7 0 0 0 0 1.6 0 0 0 0.4 0 0 0 0 0 0 0 0.4 0 0.4 0 0 0 0 0 0 0 0 0 0 0 0 0 0 0 0 0 0 0 0 0 0 0 0 0 0 0 0 0 0 0 0 0 0 0 0 0 2 0 0 0 0 0 0 0.6000000000000001 0 4 4.6000000000000005 3 0.6000000000000001 0 0 7.2 0 0 2.6 0 0 0 0 8.200000000000001 0 0.6000000000000001 0 1.4000000000000001 3.8000000000000003 0 0 0 0 0 0 0 0 0 0 0 0 0 0 0 0 0 0 0 0 0 0 0 0 1.6 0.4 0 0 0 0 0 0 0 0 0 0 0 0 0 0 0 0 0 0 0 0 0 0 0 0 0 0 0 0 0 0 0 0 0 0 0 2.6 0 0 0 0.2 0 0 0.4 0 0.4 0 0 0 0.4 0 0 0 0 0 0 0 2.6 0 0 0 0.4 0 0 0.2 0 0 0 0 0 0 4.800000000000001 0 0 0 0 0 0 0 0 0 0 0 0 0 
 75.4 26.400000000000002 25.8 13.200000000000001 18 11.200000000000001 45.2 14 32.6 26.400000000000002 21 7.2 10.200000000000001 15.600000000000001 41.2 72.8 42.400000000000006 69.4 13.200000000000001 0 0 0 0.4 0 0 0 0.4 0.2 0 0 0 0 0 0 0.8 0.4 0.6000000000000001 0.6000000000000001 0.6000000000000001 0 0.4 0 0 0 0.4 0 0 0 14.200000000000001 0.2 0.6000000000000001 0 0.6000000000000001 0 0 0 0 0 0 0 0.4 0 0 0 0 0.6000000000000001 0 0 0 0 0 0 0 0 0.4 0 0 0 0 0.6000000000000001 4.2 0 1.8 2.2 3.2 0 10 0 6 2.8000000000000003 2.4000000000000004 1.6 4.800000000000001 5 5.4 5.4 7 2.8000000000000003 2.4000000000000004 9.4 0 3.6 0 0 4.4 0 0 0 0.4 0 0 4.2 0 0 0.2 0 0 0 0.2 0 0 0 0 0.4 0 0 0.2 0 0 0 0 0 0 0 0 0 0.8 0 0 0 0 0 0 0 0 0.6000000000000001 0 0 0 0 5.4 0 0 0 0 0 0 0 0 0 0.2 12 0.2 2 0 0.2 2.8000000000000003 7.4 2 2 0 0 4.800000000000001 7.4 6.6000000000000005 9.8 2.8000000000000003 6.4 0 5.2 0 0 0 0.2 0 0 2.8000000000000003 0 0 0 0 0 0 0 0 0.2 0 0 0 5.4 0.2 0 0.4 0 0 0 0 0 0 0 0 0 0 0 0 0.2 0 0 0 0 0 0 0 0 0 0 0.2 0 0 0 0 0 0 0 0 0 0 0 0 0 0 0 0 0 0 0.4 0 0 0.6000000000000001 0.4 0 2 0 0 0 0 0 0 0 0 0 0 0 0 0 0 0 0 0 0 0 0 0 0 0 0 2.8000000000000003 0 0 0 0 0 0 0 0 0 0 0 0 0 
 0 0.2 0 0 0 15 0 0 0 0 0.2 0 0.2 0 0 0 0.2 0.4 0 0 0 76 30.8 22.6 9.4 137.20000000000002 20.400000000000002 14.600000000000001 27.200000000000003 31.6 22 8.4 46.6 25.400000000000002 56.6 30.400000000000002 36.6 7.2 21.200000000000003 48 0 0 0 0.4 0 0 0 0 13 0 0.4 0 0 0 0.8 0 0 0 0 0 0 0 0.4 0 0 0 0 0 0 10.600000000000001 0 0 0.4 0 0 0.6000000000000001 1.6 0 0 0 0.2 0.4 0 0 1.6 7 0 2.6 0 0 0 0 0 0 0 0 0 0 0.2 0 7.4 0 5 0 2 2.6 4.6000000000000005 4.4 0.6000000000000001 8.8 2.8000000000000003 6 1.8 2.2 2 3.4000000000000004 0 4 0.4 0 2.2 0 0 0 0 0 0 0 0 0 0 0 1.4000000000000001 0 0 0 0 0 2 0.2 1.4000000000000001 0 0 0 0 0 0 0 0 0.6000000000000001 0 0 0 0 0 0 0 0 0 1 0 0 0.2 0 0 0 0 0 0 0 0 0 0.2 0 0 0 0 0.4 0 0.2 4.4 6.4 5 2.2 4.800000000000001 0.4 0 0 0.8 1.2000000000000002 0.2 4.4 2 3 4.800000000000001 2.6 8.4 3.4000000000000004 4.800000000000001 3 0 0 0 0 0 0 0 0 0 0 0 0 0 0 0 0 0 0 2.6 0 0 0.2 0 0 0 0 0 0 0 0 0 0 0 0 0 0 0 0 0 0 0 0 0 0 0 0 0 0 0 14.8 0 0 0 0.4 5.4 0 0.2 9.8 0 0 0 0 0 0 0 0 0 0 0 0 0 0 0 0 0 0 0 0 0 0 0 0 0 0 0 0 2.4000000000000004 0 0 0 
 0 2.8000000000000003 0 16.400000000000002 29.200000000000003 0.2 0 0 0.2 0 0.2 14.8 0.2 0.4 0 0 0 0 0 0 76 0 25 13.200000000000001 27.200000000000003 7.2 89 48.6 34.4 52.400000000000006 43.800000000000004 19 53.6 26.200000000000003 18.6 30.6 25.400000000000002 66.2 38.400000000000006 145 0 0 0 0.4 0.6000000000000001 0 0 0.4 0 0.2 1 0 0.4 0 1.6 0 0 0 0 0.4 0 0 6.4 0 0 0 0 2.2 0 1.6 0 0.8 2 0 0 1 0.2 1.4000000000000001 0 0.6000000000000001 0 0 0 4.4 1.2000000000000002 3.6 0 0.2 0 0 0 0.4 0 0 0 0 0 0 0 0 6.2 4.2 1.2000000000000002 4.6000000000000005 9.200000000000001 0 3.6 3 2.2 9.600000000000001 0 2.6 3 3.6 3.4000000000000004 1.4000000000000001 3.6 2.6 0 0.2 0 0.4 0.2 0 0 0.4 0 0 0 0 0 0 0 0 0 3.8000000000000003 0 0 0 2.6 0.2 0 0 0.2 0 0 0 0 0 0 0 0 0 0.2 0 0.2 0 0 0 0 0.4 0 0 0.4 0 0 0 0 0 0 0 2.6 0 0 0 0 0 4 0 0 0 8.8 3.8000000000000003 4.2 4 0 1.6 0.8 8 8.8 2.4000000000000004 6.6000000000000005 0.8 2 5.4 11.4 3.2 0.2 2.6 4.800000000000001 1 0 0 0 0 0 0 0 0 0 0 0 0 0 0 0 0 0 0 0 0 0 0 0 0 0 0 0 0 0 0 0.4 0 0 0 0 3.6 0 0 2 0 0 0 0 0 0 3.6 0 0 0 0 0 0 0.2 3.2 0 0 0 0 0 1.2000000000000002 0 0 0 0 0 0 0 0 0 0 0 0 0 0 0 0.4 2.2 0 0 0 0 0 0 0.4 0 2 0 0 0 
 0 0 0 0 0 0.2 0.2 0 0 0 0 0.8 0.2 0 0 0 0 0 0 0.4 30.8 25 0 49.800000000000004 20.200000000000003 30 17.2 17 50 26 12.200000000000001 21.6 25.200000000000003 27 35.800000000000004 43.2 16.8 36.6 6.4 27.8 0 0 1 0.4 1.6 0 0 0 0 0 0.4 0 0 48 0 0 0 0 0 0 0 0 0 0 0 0 0 0 0 0.4 0 0 0.6000000000000001 0 4.2 0.6000000000000001 0 0 0 0 0 0 0 0.4 0 0 0 0 0 0 0 0 0 0 0 0 0 0 0 0 0 3.2 6.800000000000001 3.2 4.4 4.800000000000001 0 2 4 3.8000000000000003 2.4000000000000004 8.8 1.4000000000000001 0 0 0 2 11.200000000000001 0 0 7 0.2 0 0 0 0 2.2 0 0 0 0 0 4.800000000000001 0 0 0 0 0.4 5.800000000000001 0 1.2000000000000002 0.2 0 0 0.4 0 0 0 0 1.2000000000000002 0 0 0 0 0 0 0 0 0 1.6 0 0 0 0 0 0 0 0 3 0 0 0 0 0 0 0 0 0 0 0 0 2 3.8000000000000003 2 2.4000000000000004 2.4000000000000004 0 2.6 0.4 4.800000000000001 6.800000000000001 15.4 0 5.4 0 8 2.6 0.2 0 0 3.2 0 0 0 0 4.2 1.8 0 0 0 0 0 2.4000000000000004 0 0 0 0 0 3.8000000000000003 4.800000000000001 0 0 0 0 0 0 0 0 0 0 0 0 0 0 0 0 0 0 0 0 0 0 0 0 0 0 0 0 0 0 0 0 0 0 3.8000000000000003 0 0 16.2 1 0 0.8 0.4 0 0 0 0 1.4000000000000001 0 0 0 0 0 0 0 0 0 0 0 0 0 0 2.4000000000000004 0 0 0 0 0 0 0 0 
 0.4 0.2 0.8 0 0.4 0 0 0 0.4 0 0 0.4 0.4 14.8 0 0 0.4 0 0 0 22.6 13.200000000000001 49.800000000000004 0 35.800000000000004 5.800000000000001 13.4 26.400000000000002 132 13.600000000000001 21.8 52.800000000000004 26 28.6 15.200000000000001 65.8 28 50.800000000000004 9.8 55.6 7 15 1 1.4000000000000001 0.2 0.8 12.4 12.4 0 0 0.4 0 0 0 0 0 0 0 0 11.8 0 0 0 0 0 0 0 0.8 0 0.2 3.6 0 0.4 0 0 0.6000000000000001 0 0 0 0 0 0 0 0 0 0 0 0 0 0 0 0 0 1.8 0 0 0 0 0 0.4 4.4 1.6 6.2 4.2 3.6 12.4 0 3 0 0 4 4.2 2.4000000000000004 0 2.8000000000000003 0 0 0.6000000000000001 0 0 1.8 0 0 0 0 0 0 2.8000000000000003 0 0 0 0.2 0 0 3.8000000000000003 0 0.2 0 10.8 0.4 0.4 0 0 0 0 0 0 0 0 0 0 0 0 0 0 0 0 0 0 0 0 0 0 0 0 0 0 0 0 0 0 0.4 0 0 0 0 0 0 0 0 0 1 0.6000000000000001 2 2 18 3 5.800000000000001 4.4 0 2.8000000000000003 4.2 0 2.8000000000000003 2.2 3 0.2 13 0 0 0 0 3 0 0 0 2.2 0 0 2.2 0 0 9.8 0 0.2 0 0.2 0 8.8 4.800000000000001 0 0 0 0 0 0 0 0 0 0 0 0 0 0 0 0 0 0 0 0 0 0 4 0 0 0.2 0 0 0 0 0 0 0.2 0 1 0 0 0.6000000000000001 31.400000000000002 0.4 3.2 2.8000000000000003 0 0 0 0.2 1.6 0 0 0 0 0 0 0 0 0 0 0 0 0 0 0 0 0 0 0 0 0 0 0 
 0.2 0.2 0.6000000000000001 0.6000000000000001 1.2000000000000002 0 0 0.2 0 0.2 0 0.6000000000000001 0.4 0.6000000000000001 0 0.2 0 0 0.2 0 9.4 27.200000000000003 20.200000000000003 35.800000000000004 0 82.60000000000001 14 13.600000000000001 41.800000000000004 21.400000000000002 34.2 58.400000000000006 16 9.4 11.8 41 26 52.400000000000006 17.2 18 11.8 0 14.600000000000001 0.4 1.4000000000000001 0 17.400000000000002 0.4 0 0 0.2 0 0 14.4 12.4 12.200000000000001 0 0 12.8 27.8 0 0 1.2000000000000002 9.8 0 0 0 0 0 0 0 0 0.2 0 0 1.8 0 0 0 0 0.2 0 0 0 0 0 0 0 0 0 0 0 0 0 0 0 0 0 0 0 0 2.2 12 0 0 9.4 0 0 0 2.8000000000000003 2.2 4.6000000000000005 0 0 3.6 2.6 0 3 0.2 0 2.6 5.4 0 0 0 0 3.2 0.2 0 0 0 0 3.4000000000000004 0 5.800000000000001 0.4 0 0.2 4.6000000000000005 0.8 0 0 0 0 1 0 0 3.6 0 0 0 0 0 0 0 0 1.8 0.2 0 0 0 0 0 0 0 0 0 0 0 0 0 0 0 0 0.8 0.6000000000000001 0 0.4 0.4 0 0 0 1.4000000000000001 1.2000000000000002 8.4 12.4 0 0 0 2.8000000000000003 2.6 6 0 0 2.8000000000000003 0 9.8 2.6 0 0 12 0 2.8000000000000003 0 0 0 7.4 0 4 0.8 0 0 6.4 0.6000000000000001 0.2 4.2 7.800000000000001 0 2.6 2.2 0 0.2 0 0 0 0 0 0 0 0 0 0 0 0 0 0 3.6 0 0 0 0 0 0 0 0 0 0 0 0 0 0 0 0 0 1.8 0 0.4 34.800000000000004 15.8 0 2.8000000000000003 0.4 0 0 0 0 1.4000000000000001 0 0 0 4 0 0 0 0 3.6 0 0 0 1.8 0 2.8000000000000003 0 0 0 2.2 0 0 0 0 
 0 0 0.2 0 0 0.4 0 0 0.4 0 0 0.4 0.2 0.2 0 0 0 0 0 0 137.20000000000002 7.2 30 5.800000000000001 82.60000000000001 0 6.800000000000001 12 37.800000000000004 15.4 54 27 10 17.6 26.400000000000002 34.4 64.60000000000001 30.400000000000002 8 12 0 0 1.2000000000000002 0.4 7.6000000000000005 0 0.2 0 17.2 0.2 0.6000000000000001 0.4 0 1.2000000000000002 12.200000000000001 0 0 0.4 0 25.200000000000003 1 0 0 0 0 0 0 2.2 0 0.2 0 0 1.4000000000000001 0 0 0.6000000000000001 0 0 2 2 0 0 0 0 0 0 0 0 0 0 0 0 0 0 0 0 0 0 0 0 0 0 3.6 0 0 1.8 0 0 0 3.8000000000000003 3.6 6.800000000000001 0 0 2 4.6000000000000005 0.2 3.8000000000000003 0 0 0 2.4000000000000004 0 0 0 0 2.2 0 0 0 0 0 2.8000000000000003 0 0 0 0 0.4 2.4000000000000004 0 0 0.2 0 0 0.8 0 0 0 0 0 0.6000000000000001 0 0 0 0 0 0 0 0 0 0 0 0 0 0 0 0 0 2.8000000000000003 0 0 0 0 0 0 0 0 0 0 0 0 0.2 1.8 0 4 4.6000000000000005 0 0 2.4000000000000004 2 0 6.6000000000000005 0 0 0 0 6.800000000000001 4.6000000000000005 0 0 0 0 2 0 0 0 4.800000000000001 0 0 0 0.4 0 3.6 0 0 2.6 0 0 0.8 0 0 0 0 0 0 0 0 2.6 0 0 0 0 0 0 0 0 0 0 0 0 0 0 0 0 0 0 0 0 0 0 0 0 0 0 3.8000000000000003 0 0 18.400000000000002 0.2 0 0.4 0 0 0 0 2.8000000000000003 0 0 0 3.4000000000000004 0 0 0 0 0 0 0 0 0 3.8000000000000003 0 2.8000000000000003 0 0 0 3.8000000000000003 0 0 0 0 
 0 0.2 16.8 29.400000000000002 0.6000000000000001 0.2 0 0 15 18 5.6000000000000005 14.8 0.2 0.2 0 0 15.4 0 0 0.4 20.400000000000002 89 17.2 13.4 14 6.800000000000001 0 14.200000000000001 18 26.200000000000003 25.6 13 32 3.6 35.2 10 67 34.800000000000004 26.6 49.2 0 0 0 0.8 0 0 0 0 0 6.800000000000001 0.4 0 0 0 0.2 0 0 0 0 0 0 0 0 0 0 0 0 0 0 0.2 0 0 0.4 0 0 0.6000000000000001 0 1.6 0 0 0 0 2.8000000000000003 6.2 4 1.8 0 6.800000000000001 0 0 2.2 4.2 0 0 0 0 0 0 0 0 1.6 1 0 0 3.2 0.4 1.8 2.6 0 6.6000000000000005 2.8000000000000003 4 0 4 2.8000000000000003 0 2.4000000000000004 0 3.8000000000000003 4.6000000000000005 0 0.2 0 0 0 0 0 0 0 0 0 0 0 0 0 0 0 0 0 2.2 0 0 0 0.2 0 0 0 0 0 0 0 0 0.4 0 0 0.2 0 0 0 0 0 0 0 1.4000000000000001 0 0 0 0 1.2000000000000002 0 1.6 2.8000000000000003 0 0 0 0 0 0.2 0 0 0 4.2 2.8000000000000003 0.2 0 0 0.2 5.2 0 0.2 2 7.4 1.6 5.2 7.2 6.4 2 2 0 5.6000000000000005 5 0 0 0 0 0 0 0 0 1 0 0 0 0 0 0 0 0.4 0 0.2 0 0 0 0 0 0 0 0 0 0 0 0 0 0 0 0 0 0 0 0 0 0 0 0 0 0 5.4 0 0 0 2.8000000000000003 0 0 0 2.2 0 0 0.2 0 0 0 0 0 0 0 0 0 0 0 0 0 0 0 0 0 1.8 5.4 1.8 0 0 0 0 0 0 0 0 2 0 0 0 
 0 0 0 0 2.4000000000000004 17.400000000000002 0 0.6000000000000001 0.4 0 14.8 5.4 0.6000000000000001 0 0 0 0.4 0 0 0.2 14.600000000000001 48.6 17 26.400000000000002 13.600000000000001 12 14.200000000000001 0 34.2 33.800000000000004 7.6000000000000005 59.400000000000006 40.400000000000006 48.6 40 9.8 21.8 25.200000000000003 9.200000000000001 24.8 0 0 0 0.4 0 0 0 3 0 0.2 0.6000000000000001 0 0 0.2 2.2 0 0 0 0 0 0 0 0 0 0 0 10.600000000000001 0 0 0.4 0.2 0 1.2000000000000002 0 9.600000000000001 0.4 0 0.8 0 0 0 0 0 0 6 2.2 0 0 0 3.6 0 3.4000000000000004 0 0 0 0 0 0 0 0 1.8 3.2 2.6 3.6 2.2 0.2 16.8 0 18 5.6000000000000005 2.4000000000000004 0.4 2.2 2 2.4000000000000004 6 4.800000000000001 4.2 0 3.8000000000000003 3 0 0 0 4 0 0 0 0 0 0 0 1.4000000000000001 0 0 0 0 0 2 2.4000000000000004 1 0 8 0 0 0 0 0 0 0.2 0 0 0 0 0.6000000000000001 0 0 0 0 0.6000000000000001 0 0 0 0 2 0 0 0 0 0 1.8 3.8000000000000003 0 0 0 0.4 0 1.2000000000000002 2.8000000000000003 0 4.6000000000000005 8.200000000000001 1.8 9.200000000000001 0 0 0 0.2 5.6000000000000005 0 0.2 2.2 1.6 0 10.600000000000001 9.200000000000001 2.2 0 0.4 0 0 0 0 0 0 0 0.4 0 0 0 0 0.4 0 0 0 0 0 0 1.2000000000000002 1.6 0.2 0 0 0 0 0 0 0 0.2 0 0 0 0 0 0 0 0 0 0 0.4 0 0 0 0 0 0 15.600000000000001 0 0 0 0 0 0 0 0.8 0 0.4 0.8 0 0 0.4 2 0 0 0 0 0 0 0 0 0 0 0 0 0 0 0 0 0 0 0 0 0 0 0 0 2 0 0 0 
 0 0 0 0 0 0 0 0 0 0 42.800000000000004 14.600000000000001 1 0 0 0 0 0 0 0 27.200000000000003 34.4 50 132 41.800000000000004 37.800000000000004 18 34.2 0 46.800000000000004 32.4 19.200000000000003 19.8 24 70.4 8.8 26 22.400000000000002 31.200000000000003 51.6 0 0 0 0.4 0 0 0 0 0 0 0.4 0 0 0 2.2 0 0 0 0 3.8000000000000003 0 0 0 0 0 0 0 0 0 0.2 0 0.2 0.6000000000000001 0 0 0.6000000000000001 0 0 0 0 0 0 0 0 0 3.2 0 0 0 0 0 0 0 0 0 0 0 0 0 0 0 8.6 0 0.2 2.2 4.4 0 0 3 2.2 2 2.6 2.8000000000000003 0.2 1.6 5.4 6 7.4 0 0 4.800000000000001 0 0 0 0 0 0 3.4000000000000004 0 0 0 0 0 1.8 0 0 0 0 3.2 0 0.2 0 0 0 0 0 0 0.2 0.4 0 0.4 0 0 0 0 0 0 0 0 0.4 0 0 0 0 0 0 0 0 0.6000000000000001 0 0.4 8.4 0 0 0 0 0 0 0 0 0 0.2 8.200000000000001 5.6000000000000005 2 0.4 0.4 1.8 6.2 0 12 13.4 4 2 0.4 6.4 0 2 2.2 0 2.8000000000000003 0 0 0 0 0 4 0 0 0 0 0 4 0 0 0 0 0 1.8 4.800000000000001 0 0 0 0 0 0 0 0.2 0 0 0 0 0 0 0 0 0 0 0 0 0 0 0 0 0 0 0 0 0 0 0 0 0 0 1.6 0 0 31.6 0 0.8 0.4 0 0 0 0 0 1.6 0 0 0 0 0 0 0 0 0 0 0 0 4.2 0 0 0 0 0 3.8000000000000003 0 0 0 0 
 0 0 0 0 0.6000000000000001 0.2 0 0 0 0 0.6000000000000001 0 0.2 0.6000000000000001 0 0 0 0 0 0 31.6 52.400000000000006 26 13.600000000000001 21.400000000000002 15.4 26.200000000000003 33.800000000000004 46.800000000000004 0 36.4 64.4 27.200000000000003 30.200000000000003 31.8 36 57.800000000000004 17.8 30.400000000000002 42.6 0 11 0.6000000000000001 1 0.6000000000000001 0 1 0.2 0 1 1.4000000000000001 0 0 0 0.4 0 0.4 1.4000000000000001 0 12.600000000000001 12 0.8 0.4 0 0 0 0 0.6000000000000001 0 1.4000000000000001 1.2000000000000002 0 1.2000000000000002 0 0 1.4000000000000001 0.6000000000000001 0.2 0 0 0 0 0.2 0 1.2000000000000002 4 0.4 0 0 0 0 0 0 0 0 1.6 0 0 0 0 0 0.4 5.4 1.2000000000000002 1.4000000000000001 2 5.2 2 4.2 13.600000000000001 2 3.6 1.8 1.6 4.2 7.4 0.2 3.8000000000000003 0 0 4.800000000000001 0 0.2 0 0 0.4 0.2 0 0 0 0 0 2 0 0 0 0 0 2.8000000000000003 5.4 1 0 1.6 0 0 0 0 0 0 0.4 0 0 0 0 0 0 0 0 0 1.4000000000000001 0 0 0 0 0.2 0 0 0 1.6 0 0 0 0 0 0 0 0 0.6000000000000001 2 0 2.4000000000000004 8.4 2.8000000000000003 2 4.2 0.2 0 0.2 1.8 0 0 4.2 4.4 0 5.2 5 3 4.6000000000000005 0.2 0 0 7.2 0 0 0 0 2.4000000000000004 0 0.4 0 0 0 0 0 0 0 0 0 0.2 3.2 0 0 0 0 0 0 0 0 0 0 0 0 0 0 0 0 0 0 0 0 0 0 0 0 0 0 0.2 0 0 0 0 0 0 0 2.2 0.4 0.2 24.400000000000002 0.2 0 0 0.4 0 0 0 0 0 0 0 0 0 0 0 0 0 0 0 0 0 1.2000000000000002 0 0 0 0 0.2 2.2 0.8 0 0 0 
 0 0.2 0.4 0.4 14.4 0 0.2 0 0.6000000000000001 0 0.2 0.4 0.4 0 0 0.4 0.4 0 0 0 22 43.800000000000004 12.200000000000001 21.8 34.2 54 25.6 7.6000000000000005 32.4 36.4 0 11.600000000000001 10.4 24.400000000000002 23.6 12.600000000000001 58.6 25.6 21.8 27.400000000000002 0 0.4 0.6000000000000001 1.2000000000000002 0 0 0 0.6000000000000001 0 0 1.4000000000000001 0 1 0 1 0.6000000000000001 1.6 0.6000000000000001 0 0 0 0 0 0.6000000000000001 0.6000000000000001 1.6 0 0 0.6000000000000001 0.8 0 0.2 0.4 0.4 0.4 2.6 0.4 0 0 0.8 2 1.6 0 0 0 2.6 0 0 0 0 0 0 0 0 0 3.8000000000000003 0 0 1.8 0 2.8000000000000003 2.2 1.2000000000000002 0 7 2.6 0 4.800000000000001 4.4 4.6000000000000005 2.6 3.8000000000000003 2.8000000000000003 2.4000000000000004 3.6 2.4000000000000004 5.2 2.8000000000000003 0.2 0 3 0.4 0 0 0 0 0 0 0 0 0 0 0 0 0 0 0 0 2.6 0 0 0 0 0.4 0.2 0 0 0 1.6 0 0 0 0 0 0 0 0 0 0 0 0 0 0 0.4 0 0 0 0 3.8000000000000003 0 0 0.2 0 0 0 0 1 0 0 0 0 2.2 6 0.4 4.2 4.2 1.6 2.2 0 2.2 6.4 13.8 1.8 3.8000000000000003 5 4.6000000000000005 9.4 3.6 0 0 3.4000000000000004 0 0 0 0 0 1.8 0 0 0 0 0 2.4000000000000004 0 0 0 0 0.2 4.4 2.2 0 1.6 0 0 0 0 0 0 0 0 0 0 0 0 0 0 0 0 0 0 0 0 0 0 0 0 0 0 0 0 0 0 0 0 1.4000000000000001 0.4 0.2 15.4 0 0 0 0.4 0.6000000000000001 0 0 0 2.2 0 0 0 0 0.4 0 0 0 0 0.4 1.6 0 3.2 0 4.4 0 0 0 2.4000000000000004 0 0 0 0 
 0 0 0 0 0 0 0 0.4 0 0 0 0.2 0.2 0 0 1 0 14.4 0 0 8.4 19 21.6 52.800000000000004 58.400000000000006 27 13 59.400000000000006 19.200000000000003 64.4 11.600000000000001 0 7.2 7.800000000000001 22.400000000000002 16.2 37.800000000000004 29.6 4.6000000000000005 21.8 12.600000000000001 0 0.6000000000000001 0.4 1.4000000000000001 0 21.400000000000002 0 0 0 13.4 0 13.4 13.200000000000001 12.4 0.2 0 0 17.400000000000002 25.8 0 0 0 0 0 0.2 0.4 0 0 0.4 0 0 0.6000000000000001 0 0 0.6000000000000001 0 0.8 0 0 0.4 0.2 0 0 0 0 0 0 0 0 0 0 0 0 0 0 0 0 0.4 0 0.2 0 12.8 0 0 2.8000000000000003 0 0 0 1.6 0 4.2 0 0 0 0 0 2 0.2 0 0 11.4 0 0 0 0 3.2 0 0 0 0 0 2 0 7 0.6000000000000001 2.2 0.2 2.6 5.2 0 0 0 0 1.2000000000000002 0.4 0 0 0 0 0 0 0 0 0 0 1.6 0 0 0 1.8 0 0 0 0 0 0 0 0 0 0 0 0 0 0.2 0.2 2.2 0 0.2 0.4 0 1.8 0.2 0.2 0 0.8 3.4000000000000004 0.2 0 2.2 0 0.2 0 0.2 2.6 2.4000000000000004 6.800000000000001 0 0 0 6.2 0 4.4 0.4 4.6000000000000005 0 0 0 3.8000000000000003 3.6 0 2.4000000000000004 3.6 4.2 0.4 3 3 2.2 1.4000000000000001 0 0 0.4 0 0 0 0 0 0 0 0.2 0 0 0 0 0 0 0 0 0 0 0 0 2.6 0 0 0 0 0 0 0 0 0 0.4 0 2.6 0.6000000000000001 0.4 0 15.600000000000001 1.2000000000000002 2.6 0.4 0.4 0 0.2 0 0 0 0 0 3.8000000000000003 0 0 0 0 0 0 0 0 0 0 1.6 0 0 2.4000000000000004 0 2.4000000000000004 0 0 0 
 0 0 0.4 0 0.6000000000000001 0.2 0 0.2 27 0 16.400000000000002 0.2 0.2 0 0 0 12 0 0.2 0 46.6 53.6 25.200000000000003 26 16 10 32 40.400000000000006 19.8 27.200000000000003 10.4 7.2 0 34.4 8.6 37.6 7.4 23.8 12.600000000000001 61 0 0 0 12.8 0 0.2 0 0.4 0 0 0.2 0 0 0 0 0 0 0 0 0 0 0.4 0 0 0 0 0 0 0 0 0 0 0.2 0 0.4 0.6000000000000001 2 0 0 1 0 0 0 0.2 1.4000000000000001 3.8000000000000003 0 5.6000000000000005 0 0 4.2 1.4000000000000001 0 0 0 0 0 0 0 0 11.4 0 1.8 6.2 2.6 0 10.4 1.6 8 4 0 9.4 5.2 3.8000000000000003 0.4 7.2 0.2 5.4 2.6 4.6000000000000005 0 0 0 3 0 0 0 0 0 0 0 0 0 0 0 0 0 0 0 0 0 0 0 0 0 0 0 0.4 0 0 0 0 0 0 0 5 0 0 0 0 0 0 1.4000000000000001 2.6 3.6 2.4000000000000004 0 0 1.8 0 0.2 0.2 0 0 0 0 2.4000000000000004 2.8000000000000003 0 0 0 6 1.4000000000000001 0 2.2 0 0.2 8.8 1.8 4.6000000000000005 5.4 0 0 4.800000000000001 0.4 2.8000000000000003 0 0 0.2 6 0 0 0 0 0 0 0 0 0 0 0 0 0 0 0 0 0 0 0 0 0 0 0 0 0 0 0 0.4 0 0 0 0 0 0 0 0 0 0 0 0 0 0 0 0 0 0 29.200000000000003 0 0 0 0 0 0 0 2.4000000000000004 0 0 0 0 0.8 0 0.2 0 0 0 0 0 0 0 0 0 0 0 0 0 3 0 0 0 0 0 0 0 0 0 0 0 0 0 0 
