 0 27.400000000000002 74.8 8.200000000000001 12.200000000000001 4.2 26 12 48.6 25.400000000000002 26.6 52.6 50.800000000000004 10.8 72.8 10.4 5.4 13.8 65.8 7.4 0.4 0.4 0.6000000000000001 0 0 0.4 0.4 0 0 0.4 0.6000000000000001 0 0 0.4 0.4 0.4 0.6000000000000001 0.4 0.6000000000000001 0 0.4 0.6000000000000001 0 0 0 0 0 0.6000000000000001 0 0 0 0 0 11.4 0 0 0 0 0 0 0 0 0.6000000000000001 0.6000000000000001 0 0 0 0.6000000000000001 0 0 0 0 0.4 0 0 0 0 0.4 0 0 5.6000000000000005 8 0 0 2 0 4.2 0 2.6 4 0 0.4 5.6000000000000005 8.6 5.800000000000001 0 0 2.2 0 5.800000000000001 0 0 0 0 0 0 0 0 0 0 0 0 0 0 0 0 0 0 1.6 0 0 0 0 0 0 1.8 0 0 0 0 0 0 0 0 0 0 0 0 0 0 0 0 0 0 0 0 0 0 0 0 1 0 0 0 3 0 0 0 0 0 4.2 5.2 10 1.4000000000000001 0.6000000000000001 0 4 0 1 2.6 3 0 1.8 0.2 0 2.2 3 0.4 1.4000000000000001 5 0 0 0 0 0 0 0 0 0 0 0 0 0 0 0 0 0 0 0 0 0 0 0 0 0 0 0 0 0 0 0 2.6 0 0 0 2 0 0 0 0 0 0 0 0 0 0 0 0 0 0 0 0 0 0 0 0 0 0 0 0.4 0 0 0 0 0 0.4 0.2 0 18.6 0 0.4 0.2 0 0 0 3.2 0 0 0 0 0 0 0 0 0 0 0 0 0 0 0 0 0 0 0 0 0 0 0 0 0 0 0 0 0 0 0 0 0 0 
 27.400000000000002 0 101.60000000000001 17.6 23.6 24.6 70 28.8 9 6.2 47.6 19.8 28.200000000000003 55.2 27.200000000000003 33 61 6 6.6000000000000005 18.2 0 0.4 1 0 0 0 0.4 0.2 0 0 0.6000000000000001 0.2 0.2 0 0.4 0 0.6000000000000001 0.4 15.600000000000001 0 0.4 0.6000000000000001 0.8 0.6000000000000001 0.4 0 0 0.8 0 0 0.2 0 0 1.2000000000000002 0 0 0 0 0 0 0 0 0.6000000000000001 0.4 0 0 0 1.4000000000000001 0 0 9 0 0.4 0 0.4 0 0 0.2 0 0 0.2 0.4 2 0.4 4.4 0 2.2 4.800000000000001 0.2 5.4 2.8000000000000003 2.2 0 9.8 0 9.200000000000001 2.8000000000000003 0.6000000000000001 0 0 0 0 0 0 0 0 0 0 0 0 0.4 0 3.2 0 0 0 0 0 2 0 0 0 0 0 0 0 0 0 0 0 0 0 0 0 0 0 0 0 2.4000000000000004 0 0 0 0 0 0 0 0 0 0 0 0 0 0 0 0 0 0 0 0 0 6.2 3.6 2 0 0 2.4000000000000004 0 0 0 3.2 0 0.2 0 4.6000000000000005 1.8 0 0.4 2.6 0.4 0 0 0 0.2 0 0 0 3.4000000000000004 0 0 0 0 0 1.8 0 0 0 0 0 2.2 4.2 0 0 0 0 0 0 0 0 0 0 0 0 0 0 0 0 6.2 0 0 0.4 0 0 0 0 0 0 0 0 0 0 0 0 0 0 2.8000000000000003 0 0 0 0 0 0 0 0 0 0 0.4 0 0.4 0.6000000000000001 13.8 0 6.6000000000000005 4.800000000000001 0 0.4 0 0 0 0 0 0 0 0 0 0 0 0 0 0 0 0 0 0 0 0 3 2 0 0 0 0 0 0 0 0 0 0 0 0 0 
 74.8 101.60000000000001 0 22 10.600000000000001 13.4 14 40.800000000000004 23.200000000000003 17.2 27.6 22.400000000000002 34.4 45.400000000000006 32.2 71.2 18 29.6 17.8 30.6 0 0.2 0.6000000000000001 0 0 0.2 15 14.4 0.2 0 0.6000000000000001 0 0 0.2 0.8 0 0.6000000000000001 0.2 4.4 0 0.4 0.6000000000000001 0 0 1.2000000000000002 0 0 0.4 0 0 0 0 0 0.4 0 0 0 0 0 0 0.6000000000000001 1 0 0.4 0.6000000000000001 0 0.4 0 0 0 0 0 0.4 0 0.4 0 0 0.4 0 0 0 0.2 1.2000000000000002 0 3 2.2 3.6 5 0.6000000000000001 0.8 5.6000000000000005 2.8000000000000003 4 0.2 3.6 7.2 0 3.2 0 0 0.4 0 0 0.2 0 0 0 0 0 0 0 0 0 0 0 0 0 0 1.6 0 0 0 0 0 2.2 0 0 0 0 0 0 0 0 0 0 0 0 0 0 0 0 0.2 0 3.8000000000000003 0 0 0 0 0 0 0.6000000000000001 0 0 0 0 0 0 0 0 0 4.800000000000001 2.2 4.4 0 0.4 0.2 2.6 0 2.2 2.8000000000000003 2 0 0.2 14.4 0.8 1.4000000000000001 0 2 3 0 0 0 0 0 0 0 0 0 0 0 0 0 0.4 0 0 0 0 0 2 2.8000000000000003 0.2 0 0 0 0 0 0 0 0 0 0 0 0 0 0 0 0 0 0 0 0.2 0.4 0 0 0 0 1.8 0 0 0 0 0 0 0 0 1.8 0.2 0 0 0 0 0 0 0 0 0.4 17.6 0 0 17.8 0 1.6 3.2 0 0 0 0 0 0 0 0 0 0 0 0 0 0 0 0 0 0 0 0 0 0 4 0 0 0 0 0 0 0 0 0 0 0 0 0 0 
 8.200000000000001 17.6 22 0 38.2 7.800000000000001 15.200000000000001 30.8 40.800000000000004 74.2 75 10.8 30.6 31.6 26 28 54 84 26 27.8 0.6000000000000001 0.6000000000000001 0 0 0.6000000000000001 0.8 0.4 0.6000000000000001 0 0 0 0.4 0.2 6.6000000000000005 0 0.4 0.4 0.4 16.400000000000002 0.4 0 1 0 0 1 1.2000000000000002 0 0 0 0.4 0 0 0.6000000000000001 0.4 0.6000000000000001 2.4000000000000004 0 0.6000000000000001 0 0 0.8 1.4000000000000001 0 0 0.2 0 0.8 0 0 0 0 0.4 0.2 0 0.4 0 0 0.8 0.4 0 1.4000000000000001 2.2 3.2 0.4 2.8000000000000003 0 2 3.2 0 2.2 7.6000000000000005 1.8 1.8 0 2 7 0.6000000000000001 0 0 0.2 0 0 0 0 0 0 0 0 0 0 0 0 5 0 2.8000000000000003 0 0 0 2.6 0 0 0 0 0 0 0.2 0 0 0 0 0 0 0 0 0 0 0 0 0 0 0 0 0 0 0 0 0 0 0 0 0 0 0 2 0 0 0 0 0 0 0 2.2 1.4000000000000001 3.2 0 0.4 2.6 0 2.2 0 0.8 0 0.2 0.2 0 0.8 1 0 3.2 0 0 0 0 0 0 0 3.4000000000000004 0 0 0 0 0 0 0 0 0 0 0 2.2 0 0 0 0 0 0 0 0 0 0 0 0 0 0 0 0 0 0 0 0 0 0 0 0 0 0 0 0 0 0 0 0 0 0 0 0 0 0 0 0 0 0 0 0 0 0 0.4 0.8 0 0 18.400000000000002 0.2 0.6000000000000001 0 0 0 0 0 0 0 0 0 0 0 0 0 0 0 0 0 0 0 0 0 0 0 0 2.2 0 0 0 0 0 0 0 0 0 0 0 0 0 
 12.200000000000001 23.6 10.600000000000001 38.2 0 54.400000000000006 27.8 24.8 34.4 29.8 30.6 28.8 14.8 12.600000000000001 12.4 20.8 45.400000000000006 28 15.600000000000001 30.6 0 0 0.6000000000000001 0 0 0.2 20 5.6000000000000005 15 0 0.6000000000000001 0 0.2 0.4 6 0 15.200000000000001 0.2 11.200000000000001 0 0.4 0.6000000000000001 0 0 0 0 12 0.8 0 0 0 0 0 0 1.2000000000000002 0 0.2 0 0 0 0.4 0 0.2 0.4 0 0 0 0.2 0 0 1 0 0.4 0 0.2 0 0 0 0 0 0.4 2.2 1.8 8.8 7.2 2.2 0 0 0 0 4.4 3.6 0 0 0 2.8000000000000003 2.4000000000000004 2.6 7.800000000000001 3.4000000000000004 2 3.2 0 0 0 0 2.4000000000000004 2.2 0 0.2 0 1.8 6.2 0.2 5 3 0 0 5.800000000000001 4.6000000000000005 0 0 0 0 0 0 0 0 0.2 0 1 0 0 0 0 0 0.4 0 0 0 0 0 0 0 0 0 0 0 0 0 0.4 0 0 0.4 0 0 0.2 0 0 0 0 2.2 0 3.6 0 2.4000000000000004 0 0 0 1.6 2.4000000000000004 3 0 1.6 0 1.6 4.2 0.2 0 0 2.2 2.6 0 0 0 0 2 0 0 0 0 0 8.4 0 0 0 16.2 0 1.8 7.4 0 0 0 0 0 0 1.4000000000000001 0 0 0 0 0 0 0 0 0.4 2.8000000000000003 0 0 0 0 0 0 0 0 0 0 0 0 0 0 0 0 0 0 2.2 0 0 0 0 0 0 0 0 0 1 0.8 0 0.4 0.6000000000000001 0 1.8 0 0 0 0 0 0 0 0 0 0 0.2 0 0 0 0 0 0 0 0 0 0 0 0 0 0 0 0 0 0 0 0 0 0 0 0 0 0 0.2 
 4.2 24.6 13.4 7.800000000000001 54.400000000000006 0 5 6.6000000000000005 12 12.600000000000001 36.4 100.2 7 7.6000000000000005 11.8 17.2 11.4 20.400000000000002 14 12.4 5.800000000000001 14.8 0.6000000000000001 0 0 0.2 1 14.600000000000001 15.4 5.6000000000000005 16.6 0 4.4 15.200000000000001 47 14.600000000000001 17 15.8 19.6 30 0.4 0.6000000000000001 0 0 0.4 0 0 0.4 0 0 0 0 15.8 0 16 0 0.2 0 0 0.4 0.2 0 0.4 0.4 0 0 0 0.4 0 0 0 0 0.4 0 0.4 0 0 0 0.4 0 0 1.6 4.2 2 2.6 3.4000000000000004 0 0 0.4 0.2 2.4000000000000004 2 0 0.2 0 0 0 0 0 0 3 4.800000000000001 0 2.8000000000000003 9.8 0 7.2 2 0 5.4 4 1.2000000000000002 6 4.2 12.4 7.2 4 3.6 9.200000000000001 8.6 0 0 0 0 2.2 0 0 0 0 0 2 0.4 0 0 0 0 0 0 3.2 0 0 0 0 0 0 0 0 0 0 0 0 0 0 6.2 0 0 0 0 0 0 0 0 0 0.4 0 0 2 0 0.2 2.6 0 1.4000000000000001 0.2 0 0.2 0.4 0 0 0 0 2.6 11 5.2 0 0 0 4.4 2 4.2 8.200000000000001 5.4 0 6 9.600000000000001 2.4000000000000004 3.4000000000000004 5.4 0 0.2 3 0 0 0 0 0 0 0 0 0 0 0 0 0 0 0 0 0 0 0 0 0 0.4 0 0 0 0 0 0 0 0 0 0 0 0 0 0 0 0 0 0 0 0 0 0 0 0.2 0.2 0 2 1 0 2.4000000000000004 0.8 0 0 0 0 0 0 0 0 0 0 0 0 0 0 0 0 0 0 0 0 0 0 0 0 0 0 0 0 0 0 0 0 0 0 1.2000000000000002 0 0 
 26 70 14 15.200000000000001 27.8 5 0 54.400000000000006 29.400000000000002 63 3.8000000000000003 24.8 74.8 15 31.200000000000003 17.400000000000002 22.8 10.4 16.6 20.6 0 0.4 0.6000000000000001 0 0 0.4 0.4 0 0 0 0.6000000000000001 0 0 0.8 0.4 0 0.6000000000000001 0.6000000000000001 0.6000000000000001 0 0.6000000000000001 0.6000000000000001 0.4 0 0 0 0 1 0.6000000000000001 0 0.4 0 0 0.8 0.6000000000000001 0 0 0 0 0.4 0.2 0 0.4 0.4 0 0 0 1.4000000000000001 1.2000000000000002 0 0 0 0.4 0 0.4 0 0 0 0.6000000000000001 0 0 5.2 0 3 4.2 0 4.2 0 4.6000000000000005 0 0 0 6 2.8000000000000003 3 0 2 6 0 9.4 0 2.8000000000000003 0 0 0 0 0 0 0 0 0 0.2 0 0 0 0 0 0 0 0 0 0 0 0 0 0 0 0 0 0 0.4 0 0 0 0 0 0 0.2 0 0 0 0 0 0 0 0.4 0 0.2 0 0 0 0 0 0 0 0 0 0 0 0 1.2000000000000002 0.4 1.2000000000000002 0 0 0 0 0 2.2 7.2 2.2 2.8000000000000003 0 2.2 11.200000000000001 3 0 2.4000000000000004 0.2 0 0 0 0 0 0 0 0 0 1.4000000000000001 0 0 0 0 0 0 0 0 0 0 2 0 0 2.6 0 0 0 0 0 0.4 0 0 0 0 0.4 0 2 0 0 0 0 0 0 0 0 0 0.6000000000000001 0 0 0 0 0 0 0 0 0 0 0 0 0 0 0 0 0 0 0.2 0 0 0 0.4 0 1.8 2.4000000000000004 0 0 0 0 0 0 0 0 0 0 0 0 0 0 0 0 0 0 0 0 0 0 0.4 0.2 0 2.2 0 0 0 0 0 0 0 0 0 0 0 0 
 12 28.8 40.800000000000004 30.8 24.8 6.6000000000000005 54.400000000000006 0 38.400000000000006 29.200000000000003 2.8000000000000003 15.8 40.6 46.6 33.4 39.800000000000004 57.400000000000006 24.400000000000002 51.6 47.6 0 0 0.8 0 0.2 0 0.4 14.8 0.4 0 0.6000000000000001 0 0 0 0.4 0 0.6000000000000001 0.8 0.6000000000000001 0 0.4 0.6000000000000001 0 0 1 0 0 0.6000000000000001 0 0 0 0 0 0 0 0 0 0 0 0 0.2 0 0.4 0.4 0 0 0 1 0 0 0 0 0.4 0 0.4 0 0 0.2 0 0 0 0 3.6 2.4000000000000004 6.4 0.2 8 1.8 2 0 3 4.6000000000000005 7.6000000000000005 3.6 4.4 4.4 4 2 0 3 0 0 0 0 0 0 0 0 0 0 0 0 0 0 0 0 0 0 0 0 0 0 0 0 0 0 0 0 0 0 0 0 0 0 0.4 0 0 0 0 0 0 0 0 0 0.2 0 0 0 0.2 0 0 0 0 0 0 0 0 0 0 0 1.2000000000000002 7 0.2 3 0 0 2.4000000000000004 0 9.8 2 0 3.2 0 2.2 0 0 0 0 13.4 0.4 0 0 0 0 0 0 0 0 0 0 0 0.4 0.4 0 0 0 0 0 1.8 4 0 0 0 0 0 0 0 0 0 0 0 0.2 0 0 0 0 0 0 0 0 0 0 0 0 0 0 0 0 0 0 0 0 0 0 0 0 0 0 0 0 0 0 0 0 0 0.4 0 0 0 1 0 2.2 0 0 0 0 0 0 0 0 0 0 0 0 0 0 0 0 0 0 0 0 0 0 0 0 2 0 0 0 0 0 0 0 0 0 0 0 0 3 
 48.6 9 23.200000000000003 40.800000000000004 34.4 12 29.400000000000002 38.400000000000006 0 36.6 69.2 8.8 52.800000000000004 57.800000000000004 54 76.80000000000001 34.4 41.2 66.4 59 0 0.2 0.6000000000000001 1.4000000000000001 0 0.2 0.8 0 0.4 0 0.6000000000000001 0.4 0 0.2 0.4 0 0.6000000000000001 0.2 0.6000000000000001 0.2 0.8 0.6000000000000001 0.6000000000000001 0.6000000000000001 1.2000000000000002 0 0 0.4 0 0 0 0 0 0.4 0.6000000000000001 0 0 0 0 0 12.8 1.2000000000000002 0.4 0 0 0 0 0.4 0 0.6000000000000001 0 0 12.8 0 0.4 0 0 0.4 0.2 0 5.6000000000000005 5 0.4 1.4000000000000001 2.6 0.2 1.8 4.6000000000000005 5.2 2.2 2.8000000000000003 4 5.2 4.800000000000001 6 3 2.4000000000000004 0 0 0 0 0 0 0 0 0 0 0 0 0 0 0.4 2 0 0 0 0.4 0 0.2 0 0 0 0 6 0 0 0 0 0 0.4 0 0 0 0.2 0 0 0 0 0 0 0 0 0 0 0 0 0 0 0 0 0 0 0 0 0 0 0 1.4000000000000001 0 0 0 0 5.4 5 0 0 5.2 0 6.2 0 2.4000000000000004 0 0.6000000000000001 1.2000000000000002 0 3.6 4.800000000000001 0 5.2 0 0 0 0 0 0 1.4000000000000001 0 0 0 0 0 0 0 0 0 0 0 0 0 0 0 0 0 0 0 0 0 0 0 0 0 0 0 0 0 0 0 0 0 0 0 0 0 0 0 0 0 0 0 0 0 0 0 0 0 0 0 0 0 0 0 0 0 0 0 0.4 0 0 0.6000000000000001 18.2 0.4 3.8000000000000003 0.2 0.2 0 0 0 0 0 0 0 0 0 0 0 0 0 0 0 0 0 0 0 0 0 0.2 0 4.4 0 0 0 0 0 0 0 0 0 0 0 0 
 25.400000000000002 6.2 17.2 74.2 29.8 12.600000000000001 63 29.200000000000003 36.6 0 46.2 24 12 17.400000000000002 24.400000000000002 22.8 10.4 69.60000000000001 13.4 43.2 0 0.6000000000000001 0.6000000000000001 0 0 0.2 16.2 0 0 0 0.6000000000000001 0 15 0 0.4 0 1 0.4 0.6000000000000001 0 0.4 0.6000000000000001 5.6000000000000005 0 0.2 0 0 0.4 0.8 0 0 0 0.2 0 0.4 0 0.2 0 0 0 0 0 0.6000000000000001 0.6000000000000001 0 0 0 0.6000000000000001 0 0 0 0 0.4 0 0 0.6000000000000001 0 0 0 0 2.4000000000000004 0 0 5 2.6 0.2 8.4 0 0.2 4 6 0.8 2.2 0 2.2 0.2 1.8 5.800000000000001 0 2.2 3 0.4 0 0 0 0 0 0.2 0 0 0 0 0 5.2 0 0 0 0 1.8 0 0 0 0 0 0 0 0 0 0.2 0 0 0 0 0 0 0 0.4 0 0 0 0 0 0 0 0 0 0 0.4 0 0 4.4 0 0 0.2 0 0 0 0 0 0 0 5.800000000000001 1.8 2.4000000000000004 4 9.8 0 0 0 10 8.200000000000001 3 0.6000000000000001 5.6000000000000005 4.2 5 1.2000000000000002 2.4000000000000004 0 0 9.8 0 0 0 0 0 0 0 0 0 0 0 0 3.6 0 0 0 0 5.2 2 0 0 0 0 0 0 0 0 0 0 0 0 0 3.6 0 0 0 0 0 0 0 0 0 0 0 0 0 0 0 0 0 0 0 0 0 0 0 0 0 0 0 0 0 0 0 0 35.4 0 0.2 0.2 2.2 4.6000000000000005 0 0 0 0 0 0 0 0 0 0 4.6000000000000005 0 0 0 0 0 0 0 0 0 0 0 0 0 0 0 0 0 0 0 0 0 0 0 0 0 0 0 
 26.6 47.6 27.6 75 30.6 36.4 3.8000000000000003 2.8000000000000003 69.2 46.2 0 10 9 8 18.2 16.2 14.8 86.60000000000001 7 6 0 0.6000000000000001 0.6000000000000001 0.2 0 0.4 21 0 0.8 0 0.6000000000000001 0.8 20.400000000000002 0.2 0.4 12.600000000000001 0.8 0.2 31.6 0 1.2000000000000002 0.6000000000000001 1.2000000000000002 1.2000000000000002 1.2000000000000002 0 0 0.8 0.8 0 0.6000000000000001 11.200000000000001 0 0 0.8 0 0.2 0 0 0 0.4 1.4000000000000001 0.8 0.4 0 0 0 0.2 0 1.2000000000000002 0 0 0.4 0 0.2 0 0 1 1.6 0 0 1.2000000000000002 4.6000000000000005 7.4 4.800000000000001 9.200000000000001 2.8000000000000003 0 0 0.2 6.2 4.4 2 0.4 2 0 2 0.4 0 0.2 2.4000000000000004 3.4000000000000004 0 0 0 0 0 5.800000000000001 0 0 0 0 2.8000000000000003 2.8000000000000003 0.2 0 0 0 5.4 0 0 0 0 0 0 0 0 0 0 0 0 0 0 0 0 0 0 0 0 0 0 0 0 0 0 2.2 0 0 0 0 3.2 0 0 0 0 0 0 0 3.8000000000000003 0 1.4000000000000001 9.4 2 4.6000000000000005 5.4 0 0 0 0 3 6.2 2.2 0 4 0.2 4.2 8.4 0 0 0 2.4000000000000004 4.4 0 0 0 0 0.2 0 0 0 0 0 0 0 0 0 5.2 0 6.2 5.6000000000000005 0 0 0 0 0 0 0 0 0 0 2.6 0 0 0 0 0 0 0 0 0 0 0 0 0 0 0 0 0 0 0 0 0 0 0 0 0 0 0 0.6000000000000001 0 0 0 0 0 0 1 18.8 0.2 0 0.4 0 1.8 0 0 0.4 0 0 0.2 0 0 0 0 2.6 0 0 0 0 0 0 0 0 0 0 0 0 0 0 0 0 0 0 0 0 0 0 0 0 0 0 0 
 52.6 19.8 22.400000000000002 10.8 28.8 100.2 24.8 15.8 8.8 24 10 0 68.8 8.4 26.200000000000003 13.4 34.4 15.8 10 27.8 0 0 1 0 0 0.2 7 15.600000000000001 0 0 0.6000000000000001 0 0 0.2 0.4 0 0.6000000000000001 0.2 0.6000000000000001 0 0.4 0.6000000000000001 0 0 0.4 0 0 0.4 0 0 0 0 13 1.2000000000000002 0 0 0 0 0 0 0.2 0 0.4 0.4 0 0 0 0.4 0 0 0 0 1.2000000000000002 0 0.4 0 0 0 0.4 0.8 0 0 2.6 5.800000000000001 9.600000000000001 0.2 2.4000000000000004 0.4 0.4 0.2 2.8000000000000003 3 0 5.800000000000001 0 4.800000000000001 2.4000000000000004 6.800000000000001 0 0 0 2 0.2 0 0 0 0 0 0 0 0 0 0.8 0 0 0 0 0 2.8000000000000003 0 0 0 0 0 0 0 0 0 0 0 0 0 0 0 0 0 0 0 0 0.4 0 0 0 0 0 0 0 0 0 0 0 0 0 0 0 0 2.2 0 0 0.4 5.2 0 9.4 2.6 3.2 2.6 0.2 0 0 6.4 6.2 3.2 0 1.6 2.4000000000000004 2.6 2.8000000000000003 8 0 2.2 0 4 1.4000000000000001 0 0 0 0 2.6 0 3 0 0 3.6 0 0 0 0 1.6 2.2 6.2 0 0 0 0 0 0 0 0 0 0 0 0 0 0 0 0 0 0 0 0 0 0 0 0 0 0 0 0 0 0 0 0 0 0 0 0 0 0 0 0.2 0 0 0 0 0 0.4 1 0 20 9 2.8000000000000003 1.4000000000000001 0 0 0 0 0 0 0 0 0 0 0 0 0 0 0 0 0 0 0 0 0 0 0 0 2 0 0 0 0 0 0 0 0 0 0 0 0 0 
 50.800000000000004 28.200000000000003 34.4 30.6 14.8 7 74.8 40.6 52.800000000000004 12 9 68.8 0 37 11 9.4 27.6 29 82.60000000000001 33 0 0.4 0.2 0 0 0.4 0.2 0 0 0 0.6000000000000001 0 0 0.6000000000000001 0.4 0 0.6000000000000001 0.2 0.6000000000000001 0 0.4 0.6000000000000001 0 0 0.2 0 0 0.8 0 0 0 0 0 1.8 0.2 0 0 0 0 0 0.4 0 9.200000000000001 0.4 0 0 0 0.2 0 0 0 0 0.4 0 0 0 0 0.2 0 0 5 0 4.6000000000000005 1.4000000000000001 4.4 0 2.8000000000000003 7.6000000000000005 3.8000000000000003 3 0 0 6.2 0 4.6000000000000005 0.2 0 2 0 5.6000000000000005 0 3.8000000000000003 0 0 0 0 0 0 0 0 0 0 0 0 0 0 0 0 0 0 0 0 0 0 0 0 0 0 0 0 0 0 0 0 0 0 0 0 0 0 0 0 0 0 0 0 1.2000000000000002 0 0 0 0 0 0 0 0 0 0 0 0 0 0 2.2 4.6000000000000005 0 0 0.2 3.6 2.6 4.2 0 0 0 7.6000000000000005 0 3 0 0 0 1.6 6.6000000000000005 0 0 0 0 0 0 0 0 0 0 0 0 0 0 0 0 0 0 0 0 0 0 0 0 0 0 0 0 0.2 0 0 0 0 0 0 2.6 0 0 0 2.6 0 0 0 0 0 0 0 0 0 0 0 0 0 0 0 0 0 0 0 0 0 0 0 0 0 0.2 0 0 0.6000000000000001 0 0.4 3.2 0 0 0 0 0 0 0 0 0 0 0 0 0 0 0 0 0 0 0 0 0 0 0 0 0 0 0 0 0 0 0 0 0 0 0 0 0 1 
 10.8 55.2 45.400000000000006 31.6 12.600000000000001 7.6000000000000005 15 46.6 57.800000000000004 17.400000000000002 8 8.4 37 0 30 18 65 42.6 46.2 32 0.4 0.8 1 0.4 0.4 0.6000000000000001 0.4 0.4 0 0.4 0.6000000000000001 0.6000000000000001 6 0.8 0.4 0 1 0.4 0.6000000000000001 0 0.8 1 0 0 2.8000000000000003 0 0 0.8 0.4 0 0.4 0 0.2 0.6000000000000001 0 0 0 0.4 0 0 0 0 0.6000000000000001 0.6000000000000001 0 0 0 4.2 10 0 0 0 0.4 0 0.4 0 0 0 0 0 0 4.800000000000001 4.6000000000000005 1.6 0 0 5 5.4 7.800000000000001 4.2 0 0 4.800000000000001 0 3 10 5.800000000000001 0.2 0 2.6 0 0 0 0 0 0 0 0 0 0 0 0 0 7 0 0 0 0 0 0 0 0 0 0 0 0 0 0 0 0 0 0 0 0 0 0 0 0 0 0 0 0 0 0 0 0.4 0 0 0 0 0 0 0 0 0 0 0 0 0.4 0 0 0 0 0 0.2 0 1.8 0 3.4000000000000004 0 0 0 0.8 0.2 2.8000000000000003 0 0 0 3.2 0 0 0 0 0 0 0 0 0 0 0 0 0 0 0 0 0 0 0.4 0 0 0 0 0 0 0 0 0 0 0.4 0 0.2 0 0 0.4 0 0.2 0 0 0 0 0 0 0 0 0 0 0 0 0 0 0.4 0 0 0 0.2 0 0 0 0 0 0 0 0 0 0 0.2 0 0 0.4 0 0 1 0 0 0 0 0 0 0 0 0 0 0 0 0 0 0 0 0 0 0 0 0 0 0 0.2 0 0.6000000000000001 0 0 0 0 0 0 0 0 0 0 0 0 
 72.8 27.200000000000003 32.2 26 12.4 11.8 31.200000000000003 33.4 54 24.400000000000002 18.2 26.200000000000003 11 30 0 13 32.4 41.2 52.800000000000004 16.2 0.2 0.2 0.6000000000000001 0 0 0.2 0.8 0.4 0.4 0 0.6000000000000001 0.4 0 0.2 0.4 0.2 0.6000000000000001 0.8 1.2000000000000002 0 0.4 0.8 0 0 0 0.4 0 0.8 0.2 0 0 0 0.8 0.6000000000000001 0 0.4 0 0 0 0 0 0 0.6000000000000001 0.6000000000000001 0 6.4 0 0.6000000000000001 0 0 0 0.4 0.4 0 0 0 0 0.2 0.4 0 4.2 1.2000000000000002 2 0 0 0.2 10.200000000000001 2.6 3.2 6.2 3 2.2 7.2 2.8000000000000003 7.2 0 1.6 2 0 2.8000000000000003 0 0 0 0 0 0 0 0 0 0 0 0 0 0 0 0 0 0 1.8 0 0 0 0 0 0 0 0 0 0 0 0 0 0 0 0 0 0 0 0 0 0 0 0 0 0 0 0 0 0 0 3.6 0 0 0 0 0 0 0 0 0 2.6 6.2 8.8 2.2 0.6000000000000001 0 3 0 5.2 2.6 2.4000000000000004 0 4.2 3 0 1.4000000000000001 2.2 0 2 2 0 2.2 0 4 0 0 0 0 0 0 0 0 0 0 0 0 0 0 0 0 0 0 0 0 0 0 0 0 0 0 0 0 0 0 0 1.8 0 0 0 0 0 0 0 0 0 0 0 0 0 0 0 0 0 0 0 0 0 0 0 0 0 0 0 0 0 0.2 17.6 0.4 17.2 0 0 1.6 0 0.2 0 0 0 0 0 0 0 0 2.8000000000000003 0 0 0 0 0 0 0 0 0 0 0 0 0 0 0 0 0 0 0 0 0 0 0 0 0 0 0 
 10.4 33 71.2 28 20.8 17.2 17.400000000000002 39.800000000000004 76.80000000000001 22.8 16.2 13.4 9.4 18 13 0 86.80000000000001 44.800000000000004 64.4 29.6 0.2 0.4 0.8 0.4 0.4 0.2 0.6000000000000001 0.2 0.4 0.2 1.4000000000000001 0.2 0.2 0 0.8 0.4 1 0.6000000000000001 16.400000000000002 0.4 0.8 0.8 0.4 0.4 2 0.2 0.2 0.8 0.4 0.2 0.4 0.4 0.4 0.2 0.2 0 0.2 0.2 0.2 0.4 0 0 1 1 0.2 0.2 0.4 2 0.4 0.2 0.4 0.2 0.4 0 8.8 0 0.4 0.6000000000000001 0.4 0.4 0 0 4.4 0 3.4000000000000004 0.2 7.800000000000001 4 3.8000000000000003 0 2.8000000000000003 1.8 8.200000000000001 3.6 3 10.200000000000001 6.6000000000000005 0.2 0 0.2 0 0 0 0 0 0 0 0 0 0 0 0 3.2 0 0.2 0 0 0 3 0 0 0 0 0 0 0 0 0 2.8000000000000003 0 0 0 0 0 0 0 0 0 0 0 0 0 0 0 0 0 0 0 0 0 0 2.4000000000000004 0 0 0 0 0 0 0 0 1.6 2.4000000000000004 0 0 0 0 2 0 4.800000000000001 0 0 0 0 0 0 0 0 0 4.800000000000001 0 0 0 0 0 0 0 3.6 0 0 0 0 0 0 0 0 0 0 0 2.4000000000000004 5.2 0 0 8 0 0.2 2.6 0 0 0 0 0 0 0 0 0 0 0 0 0 0 0 0 0 0 0 0 0 0 0 0 0 0 0 0 0 0 0 0 0 0 0 0 0 0 0 0 0.2 0 0.2 1.4000000000000001 0 0.8 0 0 0 0 0 0.2 0 0 0 0 0.2 0 0 0 0 0 0 0 0 0 0 0 0 0 2.4000000000000004 0 0 0 0 0 0 0 0 0 0 0 0 0 
 5.4 61 18 54 45.400000000000006 11.4 22.8 57.400000000000006 34.4 10.4 14.8 34.4 27.6 65 32.4 86.80000000000001 0 22.400000000000002 11 27.400000000000002 0 1.4000000000000001 0.6000000000000001 0.4 0 0.2 7.4 1 0 1.4000000000000001 0.6000000000000001 0.4 0 0.2 0.4 0 0.8 1.4000000000000001 0.6000000000000001 0 0.4 0.6000000000000001 0 0 1.6 0 0 0.4 8.200000000000001 0 0 0 0 1.2000000000000002 0.4 0 0 0.6000000000000001 0 0.2 0.4 0 0.6000000000000001 0.4 0 1 0 1.2000000000000002 0 0 0 0 0.4 0 0 0 1 0.4 0 0 0 0 2 5.6000000000000005 2 0 2.8000000000000003 3.6 0 0 2.4000000000000004 2 5.800000000000001 5.4 2 10.4 0 0.6000000000000001 0 4.6000000000000005 0 0.2 0 0 0 0 0 0 0 0 0 0 2.8000000000000003 0 0 0 0 0 0 0 0 0 0 0 0 0 0 0 0 0 0.4 2.4000000000000004 0 0 0 0 0 0 0 0 0 0 0 0 0 0.4 0 0.2 0 0 0 0 0 0 0 0 1.2000000000000002 0 0 0 4.2 3 2 1.6 0 4 2.6 0 1.2000000000000002 1 0 3.2 0 0.2 0.2 0 2.2 0 3.6 3.2 0 0 1.6 0 0 0 3 0 0.2 0 0 0 2 0 0 0 0 0 4 3.4000000000000004 0 0 0 0 0 0 0.2 0 0.4 0 0 0 0 0.4 0 0 0 0 0 0 0 0 0 0 1.4000000000000001 0 0 0 0 0 0 0 0 0 0.2 0 0 0 0 0.2 0 0 0 0 0.2 0.2 0 0 0 17.2 0 3.6 1.2000000000000002 0 0 0 0 0 0 0 0.2 0 0 0 0 0 0 0 0 0 0 0 0 0 0 0 2.4000000000000004 0 0 0 0 0 0 0 0 0 0 0 0 0 
 13.8 6 29.6 84 28 20.400000000000002 10.4 24.400000000000002 41.2 69.60000000000001 86.60000000000001 15.8 29 42.6 41.2 44.800000000000004 22.400000000000002 0 34.6 21.8 0 0.4 0.6000000000000001 0 0 0.4 0.6000000000000001 0 0.2 0 1.2000000000000002 0 0 0.4 0.4 0.4 0.4 0.6000000000000001 0.6000000000000001 0.2 0.4 0.4 0 0 1 0 0 0.4 0 0 12.8 0 0.4 0.8 0.2 1 0 0 0 0 0 0 0.6000000000000001 0.6000000000000001 0 0 0 0.6000000000000001 0 0 0 0 0.4 0 0 0 0 1.2000000000000002 0.2 0 4 2.6 6 5.4 3 2.8000000000000003 5.2 5.4 2.4000000000000004 5 3.6 5.4 4.4 4.800000000000001 4 3 0.2 5.4 0 0 0 0 3.8000000000000003 0 0 0 0 0 0 0 0 0 3.4000000000000004 0 0 0 0 0 6.4 0 0 0 0 0 0 0 0 0 0 0 0 0 0 0 0 0 0 0 0 0 0 0 0 0 0 0 0 0 0 0 0.8 0 0 0 0 0 0 0 0 0 3.2 1.8 9.4 2.4000000000000004 1 0 2.4000000000000004 0 5.2 2.8000000000000003 3.2 0 0.6000000000000001 1.6 0 0 2.4000000000000004 0 4.4 0.2 0 0 0 0 0 0 0 0 0 0 0 3.8000000000000003 2.2 0 0 0 0 0 0 0 0 0 0 0 0 0 0 0 0 0 0 0 0 0 0 0 0 0 0 0 0 0 0 0 0 0 0 0 0 0 0 0 0 0 0 0 0 0 0.4 0 0 0 0 0 0 0.6000000000000001 0.8 0 19 0 0.2 1.4000000000000001 0 0 0 0 0.2 0 0 0 0 0 0 0 0 0 0 0 0 0 0 0 0 0 0 11 0 0 0 0 0 0 0 0 0 0 0 0 0 0 
 65.8 6.6000000000000005 17.8 26 15.600000000000001 14 16.6 51.6 66.4 13.4 7 10 82.60000000000001 46.2 52.800000000000004 64.4 11 34.6 0 24.8 0 0.4 0.6000000000000001 0 0 0.4 0.6000000000000001 0 0 0 0.6000000000000001 0 0 0.2 0.4 0 0.4 0.6000000000000001 0.6000000000000001 0 0.4 0.6000000000000001 0 0 1.4000000000000001 0 0 0.8 0 0 0 0 0.2 0.2 0 0 0 0 0 0 0 0 0.6000000000000001 0 0 0 9 0.6000000000000001 0 0 0 0 0.4 0 0.4 0 0 0.2 0 0 9.4 0.4 10.600000000000001 2 0.2 0 2.8000000000000003 12.8 4.6000000000000005 2.4000000000000004 0 0 2 0 3.8000000000000003 4 1.2000000000000002 5.800000000000001 0 5.4 0 3.8000000000000003 0 0 0 0 0 0 0 0 0.2 0 0 0 0 0 0 0 0 0 0 0 0 0 0.2 0 0 0 0 0 0 0 0.4 0 0 0 0 0 0 0 0 0 0 0 0 0 1.2000000000000002 0 0 0 0 0.4 0 0 0 0 1.6 0 0 0 0 3.2 3.6 0 0 0 5.800000000000001 0.6000000000000001 2 0.2 0 0 6.4 0 4 0 0 0 5.800000000000001 4 0 0 0 0 0 0 0.4 0 0 0 0 0 0 0 0 0 0 0 0 0 0 0 0 0 0 0 0 0 0 0 0 0 0 0 0 0 0 0 0 0 0 0 0 0 0 0 0 0 0 0 0 0 0 0 2 0 0 0 2.6 0 0 0 0 0 0 0.4 0 0.2 0.4 0.4 0 1.6 0 0 0 0 0 0 0 0 0 0 0 0 0 0 0 0 0 0 0 0 0 0 0 0 0 0 0 0 0 0 0 0 0 0.2 0 0 0 0 
 7.4 18.2 30.6 27.8 30.6 12.4 20.6 47.6 59 43.2 6 27.8 33 32 16.2 29.6 27.400000000000002 21.8 24.8 0 0 0.8 0.6000000000000001 0 0 0.4 0.4 0 0 0 0.8 0.4 0.4 0 0.4 1.2000000000000002 0.6000000000000001 8.8 0.6000000000000001 0 8.8 0.6000000000000001 0 0 8.6 0.2 0 0.8 0 0 0 0 0.2 0 0.2 0 0 0 0 0 0 0 0.6000000000000001 0.6000000000000001 0 0 0 0.6000000000000001 0 0 0 0 0.4 0 0 0 0 0 0 0 6.800000000000001 3.8000000000000003 2.8000000000000003 5.4 2.2 0 1.8 6 9.8 1.8 3 0 0 3.8000000000000003 0 8 4.2 2.4000000000000004 0 2.6 0 7.800000000000001 0 0 0 0 3 0 0 0 0 0 0 0 0 0 0 0 0 0 0 0 0 0 0 0 0 0 0 0 0 0 0 0 0 0 0 0 0 0 0 0 0 0 0 0 1 0 0 0 0 0 0 0 0 0 0 0 0 0 2 0 0 0 0 0 4.6000000000000005 0.6000000000000001 0 2.4000000000000004 2.2 3.8000000000000003 2.6 4.4 4.6000000000000005 2.8000000000000003 0 2.2 5.6000000000000005 2.4000000000000004 0 0 0 0 0 0 0 0 0 0 2.6 0 0 0 0 0 0 0 0 1.8 0 0 0 0 0 0 0 0 0 0 0 0 0 0 0 0 0 0 0 0 0 0 0 0 0 0 0 0 0 0 0 0 0 0 0 0 0 0 0 0 0 3 0 0 0 0.6000000000000001 0 0 0.4 0.4 2 3.4000000000000004 6.2 0 0.4 0 0 0 0 0 0 0 0 0 0 0 0 0 0 0 0 0 0 0 0 2.6 0 0 0 0 0 0 0 0 0 0 0 0 0 0 
 0.4 0 0 0.6000000000000001 0 5.800000000000001 0 0 0 0 0 0 0 0.4 0.2 0.2 0 0 0 0 0 57.6 32.2 43.400000000000006 10.200000000000001 10 19.200000000000003 100 13.200000000000001 54.400000000000006 39.400000000000006 21 29.400000000000002 85.80000000000001 64 90.2 59.800000000000004 25 15.600000000000001 66.4 0 0 0 0 0.4 0 0.4 0.4 0 0.2 0 0.8 0 0 0 0 0.8 0 0.6000000000000001 10.600000000000001 0.6000000000000001 0 0 0 0.6000000000000001 0 0 0 0 0.4 0 0 0 0 0 0.4 0 0 0 0 0 0 0 0 0 3.4000000000000004 0 0 0 0 0.2 0 0 0 0 0 0 0.6000000000000001 0 0 6.2 1.6 5 0.2 2.2 0 4.4 0 2.4000000000000004 0.8 11.8 2.4000000000000004 0 4.4 3.6 4.2 8.6 2.8000000000000003 0.4 2.4000000000000004 0 0 0 0 0 0 0 0 0 0 0 0 0 0 0 0 0 0 2 0 0 0 0.2 0 0 0 0 0 0 0.2 0 0 0 0.2 0 0 0 0 0 0 0 0 0 0 0.2 2.8000000000000003 0 0 0.6000000000000001 0 0 0.2 0 0 0 0 0 0 0 0 1.8 11.4 6 1.6 0 0 13.200000000000001 3.2 7.6000000000000005 6 7.6000000000000005 2.4000000000000004 2 8.200000000000001 4.4 4.800000000000001 5.800000000000001 7.4 4.800000000000001 0.4 0 0 0.4 0 0 0 0 0 0 0.6000000000000001 0 0 0 0 0 0 0 0 3.8000000000000003 0 0 0 0 0 0 0 0 0 0 0 0 0 0 0 0 0 0 0 0 0 0 0 0 0 0 0.2 0 0 0 0 0 0 0 2.8000000000000003 2.4000000000000004 0.4 0 8.200000000000001 5.6000000000000005 0.8 0.6000000000000001 0 0 0 0 0 0.2 0 0 0 0 0 0 0 0 0 0 0 0 0 0 1.4000000000000001 0 0 0 0 0 0 0 0 
 0.4 0.4 0.2 0.6000000000000001 0 14.8 0.4 0 0.2 0.6000000000000001 0.6000000000000001 0 0.4 0.8 0.2 0.4 1.4000000000000001 0.4 0.4 0.8 57.6 0 16.8 55.800000000000004 20.8 23.6 33.6 87.2 23.8 16.400000000000002 9.8 9.4 14.600000000000001 21.8 24.6 10.600000000000001 43.2 86.2 29.6 26 0 0 0 0 0 0 0 0.2 0 0 0 0 0 0 0.4 0 1 0 0.6000000000000001 0 0.4 0 8.8 0 0.4 0 0.2 0.4 0 0.6000000000000001 0 0 0 0.6000000000000001 0.6000000000000001 10.600000000000001 0 0 0.2 0 0 0 0 0 0 2.6 0 2.4000000000000004 0 0 4.800000000000001 0 0 0 0 0 0 2 0 0 2.2 0 6.2 3 3 5.2 3.4000000000000004 0 1 0 2.8000000000000003 7.6000000000000005 1.8 0.2 0 0 1.4000000000000001 1.6 0 3.6 0 0 0 0 0 0 2.4000000000000004 0 0 0 0.2 0 0 0 0 0 0 0 0 2.2 0 0 0 0 0 0 0 0 1 0 0 0 0 0 0 0 0 0 0 0 0 0 0 0 2.8000000000000003 3.2 0 0 0 0 0 10 0 0 0 0 0 0 0 0 0 0 6.6000000000000005 4.4 0.2 0.2 2.4000000000000004 0 3.2 2.8000000000000003 0.4 0 0 0.2 0 2.2 4 0 3.6 0 0 0 0 0 0 0 0.2 9.200000000000001 0 0 0 0 2.4000000000000004 2.8000000000000003 0.2 0 0 0 0 0 0 0 0 0 0 0 0.2 0 0 0 0 0 0 0 0 0 0 0 0 0 0 0 1.8 0 0 0 0.4 0 0 0 0 0 0 0 2 0 0 15.600000000000001 31.6 0 0 0 0 0 0 0 0 0 0 0 0 0 0 0 0 0 0 0 0 4.6000000000000005 0 0 0 0 0 0 0 0 0 0 
 0.6000000000000001 1 0.6000000000000001 0 0.6000000000000001 0.6000000000000001 0.6000000000000001 0.8 0.6000000000000001 0.6000000000000001 0.6000000000000001 1 0.2 1 0.6000000000000001 0.8 0.6000000000000001 0.6000000000000001 0.6000000000000001 0.6000000000000001 32.2 16.8 0 67.8 26.6 9.600000000000001 77 22.400000000000002 26.6 18.2 36.800000000000004 84.80000000000001 80 28.8 55.2 62.2 118 25.400000000000002 11.200000000000001 42 0.4 0 0 0 0.4 0 0 0.6000000000000001 0 0.6000000000000001 0 0.8 13.200000000000001 0 0.4 0 1 0 0.6000000000000001 0 0.6000000000000001 0 0.6000000000000001 0 0.4 0 0 0.6000000000000001 1.6 0.4 0 0.4 0 0 0 0 0 0 0.4 0 0 0 0 0 0 0 0 0 0 0 0.4 0 0 0 0 0 0 0 0 0 0 0 4 1.4000000000000001 5.2 2.4000000000000004 2 3.8000000000000003 0.8 0 0.2 2.8000000000000003 0 1.6 0 0.4 2.4000000000000004 1.8 0 0.4 0 1.8 0 0 0 0 0 0 0 0 0 0 0 3.6 0 0 0 0 2.8000000000000003 0 0 0 0 0.4 0 1 0 0 0 1 0 0 0 0 0 0.2 0 0.2 0 0.4 0 0 0 0 0 0 0.4 0 0 0 0 0 0 0 0 0.2 0 0 0 0 1.8 2.4000000000000004 0.2 2.8000000000000003 0.2 4.4 2.2 7 5.2 1.2000000000000002 11.200000000000001 6.2 0 6.2 13.600000000000001 10.4 5.2 0.4 0 0 0 0 0 0 0 0 0 0.4 0.2 0 0 0 2 0 0 0 0 0 0 2.8000000000000003 0 0 0 0 0.4 4 0 0 0 0 0 1.2000000000000002 0 0 0 0 0 0 0 0 0 0 0 0 0 0 0 0 0 0 0 0 0 0.2 1.2000000000000002 0 0 0 0.4 0.2 0.6000000000000001 2 0 0 0 0 2.8000000000000003 0 0 1 0 0 0 0 0 0 0 0 0 0 0 5.2 0 0 0 0 0 0 0 0 
 0 0 0 0 0 0 0 0 1.4000000000000001 0 0.2 0 0 0.4 0 0.4 0.4 0 0 0 43.400000000000006 55.800000000000004 67.8 0 27.200000000000003 32.2 18 29.200000000000003 45 65 11.600000000000001 112.2 53.2 20.8 11 38.2 26.400000000000002 86.2 44.400000000000006 34.2 0.6000000000000001 0.2 0 1.2000000000000002 0.2 0.6000000000000001 0 0.2 0.6000000000000001 0 0 2.8000000000000003 11.200000000000001 0.6000000000000001 1.4000000000000001 0 1 0.6000000000000001 5.2 12.8 0.4 0 0 0.6000000000000001 0.4 1.2000000000000002 0 0.4 0.8 0.6000000000000001 0.6000000000000001 0 0 1.8 0 0 0.2 0 0.4 0.2 0 0 0 0 0 0 0 0 0 0 0 0 0 0 0 0 0 0.2 0 1.4000000000000001 4 1.8 2.4000000000000004 0 2.4000000000000004 8.8 0 0.2 3.8000000000000003 5.2 5.6000000000000005 0 0 0.2 0 0 6 0.2 0 0.2 2.8000000000000003 0 0.2 0 0 0 0.6000000000000001 0 0 0 0.4 0 2.8000000000000003 0 3 2 0 0 6.800000000000001 2.2 0 0 0 0 1.4000000000000001 0 0 0 0 0 0 0.2 0 0 0 0 0 0 0 0 0 0 0 0 0.4 0 0 0 0 0.4 0 0 0 0 0 0 0 0 0 0 0 0 0.2 2 3.6 3.8000000000000003 2 4 5 1.8 8.6 7.800000000000001 0 0 1.6 1.8 0.8 16 0 0 0.4 0 0 1.6 0 0 0.2 3.2 0 3.4000000000000004 0 0 2.6 0.2 2.2 0 0 0 11 3.8000000000000003 0 0 0 0 0 0 0 0 0 0 0 0.4 0 0 0 0 0 0.2 0 0 0 0 0 0 0 0 0 0 0 0 0 0 0 0 3.8000000000000003 0.4 0 34.6 0 0 2.6 0.2 0 0 0 0 0 0 0 0 0 0 0 0 0 0 0 0 0 0 0 0 0 0 0 0 2.8000000000000003 0 0 0 
 0 0 0 0.6000000000000001 0 0 0 0.2 0 0 0 0 0 0.4 0 0.4 0 0 0 0 10.200000000000001 20.8 26.6 27.200000000000003 0 12.8 24.6 14.8 56.2 31 84.60000000000001 89.80000000000001 34.2 34.800000000000004 29.400000000000002 56.400000000000006 67.60000000000001 19.400000000000002 10.8 54.2 6.800000000000001 15 4.4 0 0.2 0 12.600000000000001 25.8 0.4 0 0.8 0 4.2 12.8 0.8 1 0.8 13 13 12.8 0.6000000000000001 0 0 0 0.4 0.6000000000000001 0.4 0 1.6 0.8 0 0 0.2 0 0.6000000000000001 0 0 0 0.2 0 0 0 0 0 0 0 0 0 3.2 0 0 0 0 0 0 0 0 0 0 0 3.2 0 0 3.2 0 0 0.6000000000000001 4.800000000000001 0.6000000000000001 3 0 2.4000000000000004 0 4 0 0 0 1.8 0 0 6 1.8 1.6 5 0 0 3.6 0 1.4000000000000001 0.6000000000000001 0.6000000000000001 0 6 2.2 5 4.4 0 0 0 1.8 0 0 0 0 0 0 0 0 0 0 0 0 0 0 0 3.2 0 0 0 0 0 1.6 0 0.8 0 0 0 0 0 0 0 0 0 0 0 0 0 0 0 0.6000000000000001 1.6 0 4 0 1.8 6.800000000000001 0 0 0 0 0.2 0 0 0 2.2 0 0 0 0 0 3.8000000000000003 1.6 0 2.2 1.6 0 2.4000000000000004 3.8000000000000003 0 1.4000000000000001 0 0 8.8 3 1.2000000000000002 0.4 0 0 1.8 1.6 0 0 0 0 0 0 0 0 0 0 0 0 0 0 0 0 0 0 0 0 0 0 2.6 0 0 0 0 0 0 0 0 0 0 0 1.4000000000000001 0 1 0.6000000000000001 7.6000000000000005 0.4 0.6000000000000001 0 0 0 0 0 0 0 0 0 0 0 0 0 0 0 0 0 0 0 0 0 0 0 0 0 0 0 0 0 
 0.4 0 0.2 0.8 0.2 0.2 0.4 0 0.2 0.2 0.4 0.2 0.4 0.6000000000000001 0.2 0.2 0.2 0.4 0.4 0.4 10 23.6 9.600000000000001 32.2 12.8 0 4.800000000000001 6.800000000000001 13.600000000000001 15.4 20.200000000000003 87.4 11 10 14.200000000000001 20 38 32.6 8.200000000000001 15.200000000000001 0.4 0 0.4 0.4 0.6000000000000001 0.2 0.2 0.2 0.2 6.2 0.2 0.2 0.4 0 24.400000000000002 0.2 0.6000000000000001 0 26.6 13 0.6000000000000001 0 0.4 0.4 0.6000000000000001 0 0.4 0.4 0.4 0.4 0.4 0 0 0.4 0 0 0.4 0.4 0.4 0.4 0 0 0 0 0 0 0 0 0 0 0 0 0 0 0.4 0 0 3.6 0 0.4 0 0.6000000000000001 3.8000000000000003 4.4 7.6000000000000005 5.800000000000001 0 0 8.200000000000001 2.4000000000000004 4.2 1.2000000000000002 0 0 0 0 0 2.6 0 0 4.4 0.2 0 0 0 0 0 6.2 0 1.4000000000000001 0 0.2 0 2.4000000000000004 0 2 0 3 2.4000000000000004 0 0 0 11.8 0 0 0 0 0 0 0 2.4000000000000004 0 0 0 0 0 0 0 0 0 0 0 0 0 0 0 0 0 0 0 0 0 0 0 0 0 0 0 0 0 0 0 0 3 3.8000000000000003 3.4000000000000004 0 0 0 0 7.800000000000001 3 0 0 1.8 5.2 0 4 0 0 0 2 1.2000000000000002 1.8 0 0 1.8 0 0 2.6 2 0 1.8 2.2 6.4 0 0 0 0 4.6000000000000005 0 0 0 0 0 0 0 0 0 0 0 0 0 0 0 0 0 0 0 0 0 0 0 0 0 0 0.4 0 0 0 0 0 0 0 15.8 1 0 15 0 0.8 0.2 0 0 0 0 0 0 0 0 0 0 0 0 0 0 0 0 0 0 0 0 0 0 0 1.4000000000000001 0 2.6 0 0 0 
 0.4 0.4 15 0.4 20 1 0.4 0.4 0.8 16.2 21 7 0.2 0.4 0.8 0.6000000000000001 7.4 0.6000000000000001 0.6000000000000001 0.4 19.200000000000003 33.6 77 18 24.6 4.800000000000001 0 36.6 35.2 7.800000000000001 14.600000000000001 21.8 27.6 37 42 34.2 49.800000000000004 5.4 31.6 55.800000000000004 0 0 1.2000000000000002 0 0 0 0.6000000000000001 0.2 1.4000000000000001 0.2 0 0 0 0 0.4 0 1 0 0.6000000000000001 0 0.6000000000000001 0 0 0.4 0.6000000000000001 0 0 0 0.4 1.2000000000000002 0 0 0.4 0 0 0.4 0 0 0 0 0 0 0 3.4000000000000004 3.6 0.4 0 0.2 0 0 1.8 4.4 0.2 0 0 0 0 1.8 0 0 2.2 3.8000000000000003 0 0.2 0 1.6 3.4000000000000004 5 0 0.2 0 0 1.8 2.6 2.2 0 0 1.4000000000000001 0.4 0.4 0 0 0 0 0.2 0 0 0 0 0 0 0 0.2 0 0 0 0 0 2.2 0 0 0 0 0 0 0 0 0 0 0 0 2 0 0 0 0 0.8 0 0 0 2.6 3 0 2.8000000000000003 4.2 2 0 0 0.2 0 0 4.2 0 0 0 0.2 2 0.6000000000000001 0 0 3 3.2 2 3.4000000000000004 0 0.4 2.2 0.2 2 0 0 3.8000000000000003 5.800000000000001 0.6000000000000001 2.4000000000000004 2.4000000000000004 3.8000000000000003 0 5.800000000000001 2.2 0 0.4 0 0.4 0 0 0 0 0 0 0 0 0 0 0 0 0 0 0 0 0 0 0.2 0 0 0 0 0 0 0.2 0 0 0 0 0 0 0 0 0 0 0 0 0 0 0 0 0 0 7.6000000000000005 0 0 0 0 0 4.2 0.4 0 0.2 0 0 0.6000000000000001 1 2.6 0 0 0 2.4000000000000004 0 0 0 0 0 0 0 5.2 0 0 0 0 3 0 0 0 0 0 2.6 0 0 0 0 
 0 0.2 14.4 0.6000000000000001 5.6000000000000005 14.600000000000001 0 14.8 0 0 0 15.600000000000001 0 0.4 0.4 0.2 1 0 0 0 100 87.2 22.400000000000002 29.200000000000003 14.8 6.800000000000001 36.6 0 30.6 8.8 49.6 26.6 24.400000000000002 19.200000000000003 33.2 22.400000000000002 22.8 5.2 36.800000000000004 27.400000000000002 0 0 0 0 0 0 0 0.4 0 0.2 0 1.4000000000000001 0 0 0.8 0 1 0 0.6000000000000001 0 0.6000000000000001 0 0 0 0.4 0 0 0 0 0.4 0 0 0 0 0 0.2 0 0.2 0 0 0 0 0 0 0 2.4000000000000004 0 0 0 0 1.6 0 0 0 0 0 0 2.2 0 0 4 2.6 9.8 4.2 0 1 0.2 3.6 1.4000000000000001 12 1.6 3.6 6 0 3.4000000000000004 1.4000000000000001 3 2.8000000000000003 5.6000000000000005 10.8 0 0 0 0.2 0 0 0 0 0 0 1 0 0 0 0 0 0 0 1.8 2.8000000000000003 0 0 0 0 0 0 0 0 0 0 0 0 0 0 0 0 1.2000000000000002 0 0 0 0 0 0 2 1.6 3 0 0 0 8.200000000000001 0 5.6000000000000005 0.4 1.2000000000000002 0 0 0 4.2 0 0 2.4000000000000004 0 3.4000000000000004 0.2 1 0 11.8 16.6 6.2 5.6000000000000005 1.6 1.6 3.6 3.2 2.6 0.2 2.8000000000000003 5 4.800000000000001 1.2000000000000002 1.8 0 0 0 0 0 0 0 0 0.4 0 0 0 0 0 0 0 0 0 0 0 0 0 0 0 0 2.4000000000000004 0 0 0 0 0 0 0 0 0 0 0 0 0 0 0 0 0 0 0 0 0 0 0 0 0 0 0 1 0 0.4 16 0 0.4 0 0 0 0 0 0 0 0 0 0 0 0 0 0 0 0 0 0 0 2.4000000000000004 0 0 0 0 0 0 0 0 0 3.6 
 0 0 0.2 0 15 15.4 0 0.4 0.4 0 0.8 0 0 0 0.4 0.4 0 0.2 0 0 13.200000000000001 23.8 26.6 45 56.2 13.600000000000001 35.2 30.6 0 44 8.8 26.6 19.200000000000003 85.2 31.200000000000003 9.8 63.6 35.6 15.8 12.600000000000001 0 0 15.4 0 0.4 0.4 12.4 0.2 0.4 0 0 0 24 12.600000000000001 0.2 0 1 0 0.6000000000000001 12.600000000000001 0.4 0 0.2 0 0.4 0 0 0 0 0.4 0.4 0 0 0.4 0 0 0 0 0 0 0 0 0 0 0 0 0 0 0 0 0 0 0 0.2 0 0 0 0 0 0 2.2 0 0.2 6 9.600000000000001 9.8 2.2 0 3.2 0 4 5.800000000000001 2.4000000000000004 0.2 0.4 2.2 2 0 2.4000000000000004 1.8 0 0.8 0 0 0 0 10 3 0 0 1.4000000000000001 0 1.8 3.8000000000000003 0 2.8000000000000003 0.2 0 2.6 0 0 0 0 0 0 1 0 0 0 0 0 0 0 0 0 0.4 0.2 0 0 0 0 0 0 0 0 0 0 0 0 0 0 0 0 0 0 0 0 0 0 0 6.6000000000000005 0 2.6 0 3.8000000000000003 3.4000000000000004 0 0 4.6000000000000005 2.2 4.4 3.4000000000000004 0.4 0 0.2 2 0.2 2.2 0 0 2.2 0 0 1.6 0.2 0 3 0 0 0 0 0 2.2 1 2.6 0 0 0 3 3 0 0.2 0 0 0 0 0 0 0 0 0 0 0 0 0 0 0 0 0.2 0 0 0 2.4000000000000004 0 0 0 0 0 0 0 0 0 0 0 2.2 0 0.2 16 15.200000000000001 0 0 0.4 0 0 0 0 0 0 0 0 0 0 0 0 0 0 0 0 0 0 0 3.2 0 0 0 2.2 2.6 0 0 0 
 0.4 0 0 0 0 5.6000000000000005 0 0 0 0 0 0 0 0.4 0 0.2 1.4000000000000001 0 0 0 54.400000000000006 16.400000000000002 18.2 65 31 15.4 7.800000000000001 8.8 44 0 85.4 28.6 13.200000000000001 22.400000000000002 84.2 42.2 64.4 95.4 13.200000000000001 53.400000000000006 0 0.2 0 0 0.2 8.8 27.200000000000003 18 0 0.2 0 0.2 12.600000000000001 6.2 1 0 1 0.4 4.800000000000001 12.600000000000001 0.6000000000000001 0 0 0 0.4 0 0 0 0.2 0.4 0 0 0 1 0 0.2 0 0 0 0 0 0 0 0 0 0 0 0 0 0 0 0 0 0 0 0 0 0 0 0 2.2 4 0 2.2 4.4 15 0 0 0.8 1 4 2.2 0.4 0 4 0 0 0.2 0 0 0 4.2 0 0 0 0 4 0.4 0 0 0 0 0 0 0 0 8 0 10.200000000000001 2 0 0 0.4 0 1.2000000000000002 0 0 0 0 0.2 0 0 0 0 0 1.4000000000000001 0 0 0 0 0.2 0 0 0.8 0 0 0 2.6 0 0 0.4 0 0 0 0 0 0 0 0 1.2000000000000002 0 1 5.2 0 7.6000000000000005 0.2 0 2.2 0.6000000000000001 4.6000000000000005 9.200000000000001 6.2 2 1.8 1.8 6.2 0 0.2 0 0 0 1.8 0 1.6 0 0 4.800000000000001 0 2.6 0 0 0 2.6 0 7.6000000000000005 0 4.2 0 2 3.6 0 0 0 0 0 0 0 0 0 0 0 0 0 0 0 0 0 0 0 0 0 0 2.8000000000000003 0 0 0 0 0 0 0 0 0 0 0 1.8 0 0 16.2 15 0.6000000000000001 1.8 0.6000000000000001 0 0 0 0 0 0 0 0 0 0 0 0 0 0 0 0 0 0 0 0 0 0 0 0 2.8000000000000003 0 0 0 
 0.6000000000000001 0.6000000000000001 0.6000000000000001 0 0.6000000000000001 16.6 0.6000000000000001 0.6000000000000001 0.6000000000000001 0.6000000000000001 0.6000000000000001 0.6000000000000001 0.6000000000000001 0.6000000000000001 0.6000000000000001 1.4000000000000001 0.6000000000000001 1.2000000000000002 0.6000000000000001 0.8 39.400000000000006 9.8 36.800000000000004 11.600000000000001 84.60000000000001 20.200000000000003 14.600000000000001 49.6 8.8 85.4 0 72 17.6 22.8 18 76 88.2 36 6.6000000000000005 13.600000000000001 0 0 0 41.800000000000004 0.2 0 13.200000000000001 14.200000000000001 0 0 0 0 0 0 0.4 0 0.6000000000000001 41.800000000000004 0.6000000000000001 0 0.4 0 0 0 0.8 0 0 0 0.6000000000000001 0.4 0 0 0 0.4 0 0 0 0.4 0 0.6000000000000001 0 0 0 0 0 0 0 0 0 0 0 0 0 0 0 0 0 0 0 0 6.800000000000001 1.4000000000000001 0 0 0 0 3.8000000000000003 2.2 0 1.2000000000000002 0.2 0 0 0 0 0.2 1.2000000000000002 3.6 0 2.2 0 2.4000000000000004 2 0 0 0 0.2 2.6 0 0 0 0.2 0.2 0.2 0.8 2 0 2.4000000000000004 3.6 5 0 0 0 0 4.2 0 0 0 0 0 0 0 0 0 0 0 0 0 0 0 0 0 0 0.2 0 0 0 0 0 0 0 0 0 0 0 0 0 0 0 1.2000000000000002 2.6 2.8000000000000003 3.8000000000000003 2 2.4000000000000004 0.4 0 4.800000000000001 0 3.4000000000000004 2.4000000000000004 4.4 4 4 7.2 7.800000000000001 0 4.2 0 0 0 4.2 1.2000000000000002 0 0 0 0.2 0 0 3 0 0 0 0 3.6 0 4 0 4.800000000000001 1.8 0 0 0 0 0 0 0 0 0 0 0 0 0 0 0 0 0 0 0 0 0 0 0 0 0 0 0 0 0 0 0 0 0 0 1.2000000000000002 0.4 0 15.200000000000001 0 0.2 2 0.2 0 0 0 0 3.8000000000000003 0 0 0 0 0 0 0 0 0 0 0 0 0 0 0 0 0 0 0 0 0 0 0 
 0 0.2 0 0.4 0 0 0 0 0.4 0 0.8 0 0 0.6000000000000001 0.4 0.2 0.4 0 0 0.4 21 9.4 84.80000000000001 112.2 89.80000000000001 87.4 21.8 26.6 26.6 28.6 72 0 51.6 23.200000000000003 23.200000000000003 46.2 19.6 18 12.8 74.2 0.4 0 0.4 0 0.2 0 0 0 0 0 0 1.8 13 0 0.6000000000000001 0 0.8 0 0.6000000000000001 4.4 0.4 0 0 0.4 0.4 0 0 0 0 0.4 0 0 0 0 0 0.4 0 0 0 10 0 0 0 0 0 0 0 0 0 0 0 0 0 0 0 0 0 0 0 0 0 1.6 1.6 3.4000000000000004 7.800000000000001 4.4 2.2 2.2 3.8000000000000003 3.4000000000000004 6 0 0.2 4.800000000000001 0.2 2 1.6 5.2 0 0.2 3.2 0 0 0 0 0 4.800000000000001 0 0 0 0 0.2 1.8 0 0 2.6 0 0 4.800000000000001 2 0 0 0.2 0 0 0 0 0 0 0.4 0 0 0 0.2 0 0 0 0 0 0 0 0 0 0 0 0.2 0 0 0 0 0 0 0 0 0 0 0 0 0 0 1.8 6.2 0 1.6 6.2 3 4.2 3.4000000000000004 4 2.8000000000000003 6.800000000000001 9 0 0 8.4 9.600000000000001 0.2 12.200000000000001 0 0 2.2 0 0 0.8 0 0 0 0 4.2 0 0 0 4.800000000000001 0 0 0 0 0 8.8 0 0 0 0 0 0 0 0 0 0 0 0 0 0 0 0 0 0 0 0 0 0 0 0 0 0 0.4 0 0 0 0 0 0.4 0 0 1.8 1 0.6000000000000001 25.400000000000002 1.2000000000000002 0.8 0 0.4 0 0 0 0 0 0 0 0 0.2 0 0 0 0 0 0 0 0 0 0 4.6000000000000005 0 0 0 2.2 0 0 0 0 
 0 0.2 0 0.2 0.2 4.4 0 0 0 15 20.400000000000002 0 0 6 0 0.2 0 0 0 0.4 29.400000000000002 14.600000000000001 80 53.2 34.2 11 27.6 24.400000000000002 19.200000000000003 13.200000000000001 17.6 51.6 0 18.8 28.200000000000003 24.400000000000002 8.6 21.6 32 30.400000000000002 0 0 0 0 0.2 0 0 0.2 0.8 0 0 0 0 0 0.4 0 0.8 0 15.8 0 0.4 0 0 0 0.6000000000000001 0.2 0 0 0.4 0.4 0 0 0 0 0 0 0.6000000000000001 0.2 1.2000000000000002 0 0 0 0 2.8000000000000003 0 1.6 0 0 0 0 1.8 2 0 0.2 0.2 0 0 0 0 0 2.2 3 0 5 1.6 0.2 5.6000000000000005 11.600000000000001 2.2 2.8000000000000003 12 0.4 1.8 12.4 3.2 3.4000000000000004 0 6 0.2 3.6 0 0 0 0 0 0 0 0 0 0 0 0 0 0 0 0 0 0 0 0 0 0 0 0 0 0 0 0 0 0 0 0 0 1.2000000000000002 0 0 0 0 0 0 0 2.6 0 0.8 8.6 0 1.4000000000000001 2.4000000000000004 0 0.2 0 1.6 0 0 0 0 2 0 0 0 3.8000000000000003 11.200000000000001 3 1.2000000000000002 0 0 4.4 0 0.4 6.2 0.6000000000000001 0 0 5.4 3 2.8000000000000003 6.2 0 2.2 0 0 0 0 0 0 0 0 0 0 0 0 0 0 0 0 0 0 0 0 0 0 0 0 0 0 0 0 0 0 0 0 0 0 0 0 0 0 0 0 0 0 0 0 0 0 0 0 0.2 0 0 0 0 0 0 1.2000000000000002 0 0.6000000000000001 1 16.400000000000002 0 0.4 0 2.2 0 0.2 0 2.4000000000000004 0 0 0 0 0 0 0 0 0 3.8000000000000003 0 0 0 0 0 0 0 0 0 0 0 0 0 
