 0 56.800000000000004 37.2 40.2 24.8 6.4 37 98.2 66.4 24.400000000000002 48.800000000000004 4.800000000000001 74.8 25.6 97.2 26.200000000000003 67.60000000000001 8.4 4.6000000000000005 41 0.4 1 2 0 0.4 0.4 0 0.6000000000000001 0.4 0 0 0 0 0.4 0.6000000000000001 0.6000000000000001 0 0 15.600000000000001 0.2 0 0 0 0 0.4 0 0 0 1.6 0.6000000000000001 0 0 0 0 0 12.4 0 1.4000000000000001 0 0 0 0 0 0.6000000000000001 1.2000000000000002 0.6000000000000001 0 0 0 0 0.4 0.6000000000000001 0.4 0 0 0 0 0.4 0.4 0 4 6.800000000000001 0.8 0 0 6 14 2.4000000000000004 1.4000000000000001 3 6.6000000000000005 2.2 3.6 11.200000000000001 2.8000000000000003 5 1.6 1.4000000000000001 5.2 4.2 0 0 0 0 0 0 0.2 0 0 0 0 0 0 0 0 0 0 0 0.2 0 0 0 0 0 0 0 0 0 0 0 0 0 0 0 0 0 0 0 0 0 0 0.4 0 0 0 0 0 2.8000000000000003 0 0 0 0 0 0 0 0 0 0 0 0 0 4.2 0.8 2.8000000000000003 0 0 2.2 6.6000000000000005 0 3.6 13.8 0 0 3.6 0.8 5.4 5.6000000000000005 0.2 8.6 2.8000000000000003 0 0 0 1.6 0 0 0 0 0 0 0 0 0 0 0 0 0 0 4.4 0 0 0 0 0 0.2 0 0 0 0 0 0 0 0 0 0 0 0 0 0 0 0 0 0 0 0 0 0 0 0 0 0 0 0 0 0 0 0 0 0 0 0 0 0 0 0 0.8 0 0 0.4 0 0 0.2 0 0 0 0 0 0 0 0 0 0 0 0 0 0 0 0 0 0 0 0 0 0 0 0 0 2.8000000000000003 0 0 0 0 0 0 0 0 0 0 0 0 
 56.800000000000004 0 35.800000000000004 11.600000000000001 14.8 24.400000000000002 19.400000000000002 17 15 17.6 8.200000000000001 4.800000000000001 15.4 71 75.8 26.8 24.200000000000003 24.400000000000002 5 33.6 0.8 0 0.4 0 0.6000000000000001 0.6000000000000001 0 0 0 0.6000000000000001 0 0 18.6 0 0.2 0 0 0.2 0.4 7.800000000000001 0.6000000000000001 0 0 0 0.4 0 0 0 0 0.6000000000000001 0 0 0 0 0 0 0.6000000000000001 0 0.2 0 0 0 0.2 5.4 0.6000000000000001 0 0.8 0 0 0 0 0 0.4 0.4 0 0 0.4 0 0.2 0 0 0 0.2 4.2 4.4 6.800000000000001 0 5.6000000000000005 6.6000000000000005 6.2 11 0 3.6 6.4 0 3.2 6.800000000000001 2.8000000000000003 1.8 2.2 0 0 0 0 0 2.4000000000000004 0 0 0 0 0 0 0 0 0 0 0 0 0.4 0 0.2 0 0 0 0 0 0 0 0 0 0 0 0 0 0 0 0 0 0 0 0.4 0 0 0 0 0 0 0 0 0 0 0 0 0 0 0 0.4 0 0 0 0 4.2 6.4 0 0 3.2 5.800000000000001 3.4000000000000004 5 0 2.2 0 5.4 0 3.8000000000000003 4.4 2.6 4.6000000000000005 5.2 3.4000000000000004 0 0 0 0 0 0 6 1 0 0 0 0 0 0 0 0 0 0 1.4000000000000001 3.6 0 0 0 0 0 0 0 0.2 0 0 0 0 0 0 0 0 0 0 0 0 0 0 0 0 0 0 0.2 0 0 0 0 0 0 0 0 2 0 0.2 0 0 0 0 0 0 0 0.4 0.4 0 0.2 14.8 3.4000000000000004 0 2 0 0.4 0 0 0 0 0 0 0 0 0 0 0 0 0 0 0 0 0 0 0 0 0 6.4 0 0 0 0 0 0 0 0 0 0 0 0 0 
 37.2 35.800000000000004 0 69.2 33.6 7.800000000000001 32.2 90.80000000000001 68.60000000000001 91.4 22.200000000000003 24.8 34.800000000000004 26.8 22.400000000000002 35.4 85.60000000000001 36 6.6000000000000005 16 0.4 0 0.4 0 0.4 1.2000000000000002 0 0 0 1.2000000000000002 0 0 15.8 14.8 0.2 0 0 0 18 0.4 1.2000000000000002 0 0 0 0.4 0 0 0 0 0.6000000000000001 0 0 0 0 0 0 1.2000000000000002 0 5.800000000000001 0 0 0 0.2 0.6000000000000001 0.6000000000000001 0 0 0 0 0 0 0 0.4 0.8 0 0 0.8 0 0.4 0 0 2.8000000000000003 0 0 2.4000000000000004 9.8 0 0 3.8000000000000003 3.4000000000000004 0 6 0 0 0.4 0.2 6.4 5.2 0 0 0 0 0 0 0 0 0 3.6 0 0 0 0 0 0 3.8000000000000003 1.8 4.2 0 4 0.2 0 0 0 0 0 0 0 0 0 0 0 0 0 0 0 0 0 0 0 0 0 0 0.2 0 0 0 0 1.4000000000000001 0 0 4.2 0 0 0 0 0 0 0.4 0 0 0 2.6 1.2000000000000002 1.6 4 2.2 0 4.6000000000000005 0 0.4 8 5.6000000000000005 0 0 0 0.2 2.8000000000000003 1 0.6000000000000001 0.2 0 1.8 0 0 0 1.8 0.4 2.2 0 0 0 0 8.200000000000001 0 1.8 3.6 0 0 13 6.2 0 0 0 0 0 0 0 0 0 0 0 0 0 0 0 0 0 0 0 0 0 0 0 0 0 0 0 0 0 0 0 0 0 0 0 0 0 0 0 0 0 0 0 0 0 0 18.400000000000002 0 0 0.2 4.4 0.8 0 0 0 0 0 0 0 0 0 0 0.8 0 0 0 0 0 0 0 0 0 0 0 0 0 14.4 4.2 0 0 0 0 0 0 0 0 0 0 0 0 
 40.2 11.600000000000001 69.2 0 24.6 27.6 47.2 43.6 22.200000000000003 42 17.2 88.80000000000001 27.6 57.800000000000004 31.8 30.200000000000003 30.6 50.2 14.600000000000001 41.2 14.600000000000001 0 0.4 0 0.4 0 8.8 0 0 0 0 0.2 7.4 0.4 0.4 0.2 0 0 20.200000000000003 0 0 0 0 0 0.4 0 0 0 0 0.6000000000000001 0.4 0 0 0 0 5.800000000000001 0 0 0 0 0 0 0.4 0.6000000000000001 0.4 0 0 0 0 0 0 0 0.4 0 0 0 0 0 0 0 1.8 0 15.8 0 0 2.8000000000000003 0.2 0 4.6000000000000005 5.4 4.6000000000000005 4.800000000000001 0 2.2 1.8 2.6 8.4 3.6 0.2 0.2 0.2 0 0.2 0 0 0 2 3 0 0 0 0 7.4 7.2 2 0 0 0 0 1.6 0 0 0 0.4 0 0 0 0 0 0 0 0 0 0 0 0.2 0 0 0 0 0 0.6000000000000001 0 0 0 0 0 7 0 0 0 0.8 0 0 0 0 0 0 0 0 0 3.8000000000000003 1.4000000000000001 7.2 0 3.8000000000000003 2.2 4.4 0 2 6.6000000000000005 4.2 0 1.8 3 4.6000000000000005 4.800000000000001 0 0.2 0 1 0.4 0.4 0 0 0 0 0 0 0 0 0 2.2 0.4 0 3.8000000000000003 0 0 4 0 0.8 0 0 0 0 0 0 0 0 0 0 0 0 0 0 0 0 0 0 0 0 0 0 0 0 0 0 0 0 0.4 0 0 0 0 0 0 0 0 0 0 0 0.2 0 0 0 0 18 0.2 0.4 0 0 0 0 0 0 0 0 0 0 0 0 0 2 0 0 0 0 0 0 0.4 0 0 0 3.2 0 0 0 0 0 0 0 0 0 0 0 0 0 0 0 0 
 24.8 14.8 33.6 24.6 0 25.6 11.200000000000001 55 16.8 21.6 42.400000000000006 11.8 12.200000000000001 9.8 21.8 34.800000000000004 34.6 26 13.4 33.800000000000004 15.600000000000001 15 0.6000000000000001 0 0.2 0 0 14.600000000000001 0.2 0 0 0.4 26.8 12 0.2 0 0.4 0 21 28.6 0 0 0 0 0.4 0 0 0 1.4000000000000001 0.6000000000000001 0 0 0 5.2 0 0 0 0 0.2 0.4 0 0 0 0.4 0.6000000000000001 0.2 0 0 0 0 6.6000000000000005 0 0.6000000000000001 0 0 0 0 0 0 0 3.2 3 0 11.200000000000001 7.4 5.800000000000001 0 0 0.2 3.4000000000000004 0 4 3 0 0 3.4000000000000004 2.8000000000000003 3.8000000000000003 0 2 1 0 2 0 0 0 6.6000000000000005 3.6 0 0 0 0 0 7 0 4.6000000000000005 2 0 0 2.8000000000000003 0 0 0 0 0 0 0 0 0 0 0 0 0 0 0 0 0 0 2 0 0.6000000000000001 0 0 0 0 0 0 0.4 2 0 2.8000000000000003 0 0 0 0 0 2.6 0 0 0 1.8 4 1 0 4.6000000000000005 3 6.800000000000001 0 4.2 6.800000000000001 0 4.800000000000001 0.2 2.8000000000000003 0 0.2 0 0 0 3 4.800000000000001 0 0 0 0 1.6 0 8.200000000000001 0 4.4 0 0.4 0 0 2.4000000000000004 8.4 3 0 1.4000000000000001 4.6000000000000005 0.2 0 0 0 0 0 0 0 0.2 0.2 0 0 0 0 0 0 0 0 0 0 0 0 0 0 0 0 0.2 2 0 0 0 0 0 0 0 0 0 0 0 0.4 0 0 2.6 0 0 0.6000000000000001 0 0 0.8 3.6 0 0.4 0 0.4 0 0 0 0 0 0 0 0 3.2 0 0 0 0 0 0 0 0 0 0 0 0 8 3.6 0 0 0 0 0 0 0 0 3.2 0 0 0 0 
 6.4 24.400000000000002 7.800000000000001 27.6 25.6 0 7.4 5.800000000000001 24.8 48.2 24.200000000000003 73.60000000000001 49.400000000000006 8 28 12.8 13.4 28.200000000000003 10.200000000000001 8.6 15.4 18.400000000000002 14.8 16.2 0.8 0.8 31.8 0 16.6 0.2 7.4 0.4 5.800000000000001 30.200000000000003 15.8 15.4 0.6000000000000001 2 31.8 37.4 1 0 0 0 0.6000000000000001 0.6000000000000001 0 0 3.8000000000000003 1 0.6000000000000001 0.4 1 0.8 0 0 0 1 1.2000000000000002 6 0.2 0 0.2 0.6000000000000001 0.6000000000000001 1 0.4 0 5.800000000000001 4 0 0.6000000000000001 0.4 0 0 0 0.8 0.2 1.2000000000000002 0 0 0 0 3.8000000000000003 3.4000000000000004 4.800000000000001 0 0 0.4 0 0 0 0 0 3.4000000000000004 0 2.2 2.8000000000000003 0 0 0 1 2 6 0 0 6.2 0 5.800000000000001 0 3 0 4.4 3.8000000000000003 8 2.2 2.8000000000000003 0 0 7.6000000000000005 0 0 0 0 0 0 0 0 0 0 0 0 0 0 0 0 0 0 0 0 1.6 0 0.4 0 0 0 0 0 0 0 0 0 0 0 0 0 0 0 0 0 0 0 0 5.800000000000001 6.6000000000000005 0 0 0 0 0.2 0.8 0 0 0 0 0 1 2.6 0 0.4 9.600000000000001 2.2 0 0.4 0 6.800000000000001 9.4 5.800000000000001 2.4000000000000004 2 0 0 6.2 9 5.6000000000000005 0 5.2 2.2 6.4 12.200000000000001 0 0 0 0 0 0 0 0 0 0 0 0 0 0 0 0 0 0.4 0 0 0.2 0 0.4 0 0 0 0 0 0 0 0 0 0 0 0.2 0 0 0 0 0 0 0 4.2 0 0 0.2 17.400000000000002 0 0.8 0 6.6000000000000005 0.4 0 0 0 0 0 0 0 0 2.2 0 0.2 0 0 0 0 0 0 0 0 0 0 0 0 3.8000000000000003 4.4 0.2 0 0 0 0 0 0 0 0 0 0 0 0 
 37 19.400000000000002 32.2 47.2 11.200000000000001 7.4 0 73.4 53.400000000000006 27 92 7.4 45.400000000000006 31.6 10 8.6 7 67.60000000000001 15.8 12.200000000000001 1.2000000000000002 0.8 0.4 0 0.4 0.2 0 0.4 0 0 0 0.8 0 0 0.4 0 0 0 0.4 0 0 0.2 0 0 0.4 0 0 0 0 0.6000000000000001 0 0 0 0 12.600000000000001 0 0 0 1.4000000000000001 0 0 0.8 0.2 0.8 0.6000000000000001 0 0.2 0 0 0 0 0.2 0.4 0.6000000000000001 0 0.8 0 0 0 1.2000000000000002 0 0 4.800000000000001 0 1 0.4 2 8 0.4 0 0.2 1.4000000000000001 0 0.2 0 0 9.4 0 0 2 0 0 0 0 0 0 0.2 0 0 0 0 0 0 0 0 0 0 0 8.6 0.2 0 0 0 0 0 0 0 0 0 0 0 0 0 0 0 0 0 0 0 0 0 0 0.4 0 0 0 0 0 0 0 0 0 0 0 0 0 0 0 0 0 3.6 0 0 0.2 0.4 2.4000000000000004 0 0.2 0 2.6 9 0 2.8000000000000003 1 2.4000000000000004 0.2 0.2 4 0 0.4 0 0 0 0.4 0 0 0.8 0 0 0 0 0 0 0 0 0 0 0 0 0 0 0 0 0 0 0 0 0 0 2.4000000000000004 0 0 0 0 4 0 0 0.4 0 0 0.2 0 0.4 0 0 0 0 0 0 0 0 0 0 0 0.2 0 0 0 0 0 0 1.8 0 0 0 0.8 0 0 0 0 0.4 0.4 0.2 0 0 0 0 0.4 0 0 0 0 0 0 0 12.600000000000001 0.2 0 0 0 0 0 0 0 0.4 0 0 0 0 0 0 0 0 0 0 0 0 0 0 0 
 98.2 17 90.80000000000001 43.6 55 5.800000000000001 73.4 0 140.20000000000002 6.6000000000000005 7 6 35.800000000000004 64.8 23.400000000000002 12.600000000000001 33.800000000000004 39.800000000000004 13.200000000000001 40.800000000000004 0.6000000000000001 0 0.6000000000000001 0 0.2 0 0.8 0.2 0.2 0 0 0.4 0.2 0 0 0 0 0.6000000000000001 11.600000000000001 0 0 0 0 0 0.4 0 0 0 0 0.6000000000000001 0 0.2 0 0 0 0 0 1.4000000000000001 12.8 0 0 0.8 0 0.4 0.6000000000000001 0 0.2 0 0 0 0 0 0.6000000000000001 0.2 0 0 0 0 0 0 0 6.2 7.2 0 2.2 4 8.6 2.4000000000000004 2.2 7.6000000000000005 1 1.4000000000000001 1.8 8 2.6 2.4000000000000004 6.2 3.4000000000000004 2.6 2 0 0 0.4 0 0 0 0 0 0 0 0 2.6 0 0 0 0 0 0 4.2 0 0 0 0 0 0 0.2 0 0 0 0 0 0 0 0 0 0 0 0 0 0 0 1.2000000000000002 0 0 1.6 0 0 3.2 0 0 0 0 0 0 0 0 0 0 0 0 0 1.8 2.8000000000000003 0.4 0 2.2 0 4.2 0 0 5.2 5.2 0.2 0.4 4.4 0.4 3.4000000000000004 0 3.8000000000000003 0 0 0 0 0 0 2.2 0 0 0 0 0 0 5.2 0 0.4 0 0 0 2 0 0.4 0 0 0 0 0 0 0 0.2 0 4.4 0 0 0 0.4 0 0 0 0 0 0.2 0 0 0 0 0 0 0 0 0 0 0.2 0 0 0 0 0 0 0 0.4 0 0 0 0 0 0 0.2 0.4 0 0 0.4 0 0.2 0 0 0 0 0.2 0 0 0 0 0 0 0 0 0.4 0 0 0 0 0 0 0 0 0 1.4000000000000001 6.2 0 0 0 0 0 0 0 0 0 0 0 0 
 66.4 15 68.60000000000001 22.200000000000003 16.8 24.8 53.400000000000006 140.20000000000002 0 138 13.4 23.400000000000002 16.2 55 33.4 24.6 27.8 51 26.200000000000003 16.2 0.4 0 0.4 0 0.4 0 0.6000000000000001 0 0 0 0.8 0 17.2 14.8 0.2 0 0.8 0 15 0 0 0 0 0 3 0 0 0 0 0.6000000000000001 0 0 0 10 0 0 0 0 12.4 0 0 0 0.2 0.6000000000000001 0.6000000000000001 0 0 0 0 0 0 0.4 0.4 0 0 0 0 0 0 0.4 0 3 12.200000000000001 0 5.6000000000000005 4.2 0 5.4 5.2 4 0 1 0 0 0 0.2 4 3 0 1.4000000000000001 0 0 0 0 0 0 0 0 0 0 0 0 0 0 0 0 0 0 6.2 0.2 0 0 0 0 0 0 0 0 0 0 2.4000000000000004 0 0 0 0 0 0 0 0 0 0.2 1.2000000000000002 2 0 0 0 0 0.4 0 0 0 0 0 0 0 0 0 0 0 0 1.8 8.4 2 6.800000000000001 0 2.2 0 2.2 0 4 14 2 0 0.8 2.6 4.4 6.4 14.600000000000001 0 0 0 0 0 0 0 0 3.4000000000000004 0.8 0 0 0 0 0.8 0.6000000000000001 0 0 0 0 8.8 3.6 0 0 0 0 0 0 0 0 0 0 0 0 0 0 0 0 0 0 0 0 0 0 0 0 0 0 0 0 0 0 0 0 0 0 0 0 0 0 3.4000000000000004 0 0 1.4000000000000001 0 0 0 0 17.400000000000002 0.2 0.4 0 3.4000000000000004 0 0 0 0 0 0 0 0 0 0 0 0 0 0 0 0 0 0 0 0 0 0 0 0 0 9 2.2 0 0 0 0 0 0 0 0 0 0 0 0 
 24.400000000000002 17.6 91.4 42 21.6 48.2 27 6.6000000000000005 138 0 21.8 86.80000000000001 76.2 60 27 40.2 35 47.800000000000004 53.800000000000004 24.200000000000003 0.2 0.4 0.2 0 0.6000000000000001 0.4 0 0 0 0 0 0 16.8 0.4 0.4 0.4 0.2 0 6 0 19.8 0.6000000000000001 0 7 0.4 0 0 0 0 0.6000000000000001 0 0 0 0 0 0.6000000000000001 0.6000000000000001 0 13.8 0 0 0 0.6000000000000001 1 0.2 0 0 0 0 0 0 0 0.4 1 6 0.4 0 0 0 10 2 2.2 0 0.2 6 5.6000000000000005 0 0.2 5 5 3.4000000000000004 4.6000000000000005 0 0 0 0 3.8000000000000003 9.200000000000001 0 0 0.2 0 0 0 0.4 0 0 0 0 0 0 0 0 0 3.2 0 0 0 3 0 0 0 0 0 0 0 0 0 0.2 4 0 0 0.4 0 0 0 0 0 0 0 0 0 0 0 0 0.4 0 0 0 2 0.4 0 0 0 0.4 0 0 0 0 0 2.6 4.6000000000000005 1.4000000000000001 5.6000000000000005 0 2.2 0.4 0 0 2.8000000000000003 5 4.2 0 0 2.8000000000000003 3.6 0 12.200000000000001 1.4000000000000001 1.4000000000000001 2.2 0 0 0 0 0 3.4000000000000004 2.8000000000000003 0 0 0 0 3.8000000000000003 0 0 0 0 0.2 4.800000000000001 4 0 0 0 0 0 0 0 0 0 0 0 0.4 0 0 0 0 0 0 0 0 0 0 0 0 0 0 0 0 0 0 0 0 0 0 0 0 0 0 0 0 0 2.4000000000000004 0 0 0 0 11.8 0.4 0.2 0.6000000000000001 2.4000000000000004 2.4000000000000004 0 0 0 0 0 0 0 0 0 0 0 0 0 0 0 0 0 0 0 0 0 0 0 0.2 2.8000000000000003 2.6 0 0 0 0 0 0 0 0.4 0 0 0 0 
 48.800000000000004 8.200000000000001 22.200000000000003 17.2 42.400000000000006 24.200000000000003 92 7 13.4 21.8 0 29 7.2 22.6 58.400000000000006 35 57.6 57.800000000000004 49.6 12.8 28.6 0 0.8 0.4 0.4 1.2000000000000002 14.8 17 0 0 0.2 0 33.4 0.2 0.2 0 0 0 18.2 29.200000000000003 0 0 0 0 0.4 0 0 0 0 0.6000000000000001 0 0 0 0 0 0 0 0 0.2 0 1.8 1 0.2 0.6000000000000001 0.6000000000000001 0 0 0 9.8 0 0 0.4 0.4 0 0 0 0 0.6000000000000001 1.2000000000000002 0.6000000000000001 0 0 1 9.200000000000001 3.8000000000000003 5.6000000000000005 0 2.8000000000000003 1.8 0 0 2.2 0 0 0 0.4 5.4 0 0 0 1 0 4 0 0 0 7.800000000000001 0 0 0 0 0 5.6000000000000005 5.2 0 3 0 0 9.4 5 0 0 0 0 0 0 0 0 0 0 0.8 0 0 0 0 0 0 0 0 0 0.2 0 3.6 0 0 0 0 0.4 0 0 0 0 0 0 0 0 0 0 0 0 0 0 2 3 3.4000000000000004 0 0 0 0 3.2 0 2.6 0 0 0 0 0 0 0 0 3.2 0 0 0 0 0 0 0 0 2.8000000000000003 0 0 4.6000000000000005 3.8000000000000003 0 4 2.8000000000000003 0 0 4.2 0 0 0 0 0 0 0 0 0 0 0 0 0 0 0 0 0 0 0 0 0 0 0 0 0 0 0 2.4000000000000004 0 0 0 0 0 0 0 0 0 0 0 0 0 2 0 0 0 0.8 21.6 0 0.8 2.2 0 0 0 0 0 0 0 0 0 0 0 0 0 0 0 0 0 0 0 0 0 0 0 0 0 8.6 5.800000000000001 0 0 0 0 0 0 0 0 0 0 0 0 0 
 4.800000000000001 4.800000000000001 24.8 88.80000000000001 11.8 73.60000000000001 7.4 6 23.400000000000002 86.80000000000001 29 0 14 20.400000000000002 22.400000000000002 6.4 32.6 14.8 46.800000000000004 7.2 15.600000000000001 0.6000000000000001 0.2 0 0.6000000000000001 0 0.2 14.600000000000001 0.2 0 0 0.4 15 6.2 0.4 0 0.6000000000000001 0 30 0.4 0 0.6000000000000001 0 0 0.4 0 0 0.4 0 0.6000000000000001 0 3.8000000000000003 0.6000000000000001 0 0.4 0 0 0 11.600000000000001 0 0 0 1.2000000000000002 0.6000000000000001 0.2 0 0 0 0 0 0 0 0.4 0.2 0 0 0 0 0 0 0 0 1.4000000000000001 9.8 3.4000000000000004 9 0 0 2.2 0.8 0 3.2 0 0 0.4 3.6 3.4000000000000004 2 0.2 0 0.2 0 0 0.2 0 0 5.4 2.6 2.6 0 0 0 7.4 4 9 0 1.6 0.4 3.6 5.2 0 0 3.2 4.800000000000001 0 0 0 0 0 0 0 0 0 0 0 0 0 0 0 0 0 0.4 0 0 0 0 0 0 0 0 0 3 0 0.2 0 0 0 0 0 0 0 5.800000000000001 0 9.8 2 0 0 0.2 0.2 0 0.2 5.2 0 0 0 3.6 0 5.4 0 0 3.8000000000000003 3.4000000000000004 0 0 0 0 0 0 0 0 0 8.4 7.2 0 0 0.4 3 0 3 0 0 0.2 0 0 0 0 0 0 0 0 0 0 0 0 0 0 0 0 0 0 0 0 0 0 0 0 0 0 0 0 0 0 0 0.2 0 0 0 0 0 0 0 0 0 0 0 0.6000000000000001 9 0.4 0.4 0.4 0 2.2 0 0 0 0 0 0 0 0 0 0 0 0 0 0 0 0 0 0 0 0 0 0 0 3.8000000000000003 0 0.2 0 0 0 0 0 0 0 0 0 0 0 0 
 74.8 15.4 34.800000000000004 27.6 12.200000000000001 49.400000000000006 45.400000000000006 35.800000000000004 16.2 76.2 7.2 14 0 54.6 11.4 48.6 66.4 6.800000000000001 31.400000000000002 53.800000000000004 1.2000000000000002 0.2 1.4000000000000001 0.2 0.8 0 0 0 1.2000000000000002 0 0.4 0.6000000000000001 0 0.6000000000000001 5.4 0 1.2000000000000002 0.2 0.8 0 0 1.2000000000000002 0 0 0.8 0.4 0.4 0 0 1.2000000000000002 0 0.4 0 0 0 0 0.6000000000000001 0 0 0 0 0 0 1.4000000000000001 0.6000000000000001 0 0 0 0 0 0 0.6000000000000001 0.6000000000000001 0.2 0.6000000000000001 0.6000000000000001 0 0 0 0 4.2 1.6 5.6000000000000005 3.6 0 0 4 2.8000000000000003 2.8000000000000003 1.8 9.4 0.6000000000000001 0 4 3.2 2 0.2 4.4 0 0.2 0.4 0 0 0 0 0 0 0 0 0 0 0 0 0 0 0 0 0 0 0.4 0 0 0 0.2 0 0 0 0 0 1.6 0 0 0 0 0 0.4 0 0 0 0 0 1 0 0 0 0 0 9.200000000000001 0 0 0 0 0 0 0 0 0 0 0 0 0 3.2 0 0 0 0 2 5 2.2 1 10 0 2.2 6.4 0 1.8 7.4 0 4 0 0 0 0.2 0 0 0 0 0 0.4 0 1.6 0 0.4 0.2 0 0 3.4000000000000004 0 0 0 0 0 0 0 0 0 0 0 0 0 0 0 0 0 0 0 0 0 0 0 0 0 0 0 0 0 0 0 0 0 0 0 0 0 4 0 0 0 0 0 0 0.4 0 0 0 0.8 0 0 0 0.4 0 0.6000000000000001 0 0 0 0 0 0 0 0 0 0 0.4 0 0 0 0 0 0 0.2 0 0 0 0 0 0 0 0 0 0 0 0 0 0 0 0 0 0 0 0 
 25.6 71 26.8 57.800000000000004 9.8 8 31.6 64.8 55 60 22.6 20.400000000000002 54.6 0 20.8 37.4 53 9 16.6 74.4 1 1 0.6000000000000001 0 0.4 0 0 0 0.2 0 0 0 0 0 0.2 0 40.6 15 0.4 0 0 8.200000000000001 0 0 0.4 0 0 0 0 0.6000000000000001 0 0 0 0 0 0 0 0 0 0 0 0 0 1.2000000000000002 0.6000000000000001 0 0 0 0 0 0 0 0.4 0 0 0 0 0 0 0 3.2 2 5.4 0 2.2 4.800000000000001 5.4 2.4000000000000004 6 1.6 9.200000000000001 0 3 7.800000000000001 9 2 0 1.8 0 2.6 0 0 0 0 0.2 0 0 0 0 0 0 0 0.2 0 0 0 0 0 2.4000000000000004 11.8 0 0 0 0 0 0 0 0 0.4 0 0 0 0.2 0 0 0 0 0 0 0 0 0 0 0 0 0.2 0 0 0 0 0.2 0 0 0 0.2 0 0 0 0 0 10 0 5.2 1.6 0 1.6 5.2 0 0 4.800000000000001 0.6000000000000001 2.8000000000000003 0 3.8000000000000003 6.6000000000000005 0 1.8 0.2 0 0 0.4 0 0 0 0 0 0.2 2 0 0 0 0 0 0 0 2 0 0.4 1.4000000000000001 7 0 0 0 0 0 0 0 0 0 0 0 0 0 0 0 0 0 0 0 0 0 0 0 0 0 0 2.8000000000000003 0 0 0 0 0 0 0 0 0 0 0 0 0 0 2.2 0 0 0 0 0.4 0 0 0 3.2 0.4 0.4 0 0 0 0 0 0 0 0 0 0 0 0 0 0 0 0 0 0 0 0 0 0 0 2.8000000000000003 0 0 0 0 0 0 0 0 0 0 0 0 0 
 97.2 75.8 22.400000000000002 31.8 21.8 28 10 23.400000000000002 33.4 27 58.400000000000006 22.400000000000002 11.4 20.8 0 81 27.200000000000003 23.6 23.6 26.400000000000002 0.6000000000000001 0 0.6000000000000001 0.2 0.2 0 0 0 0.2 0 0 0 0 0 0 0 0 0 8.6 0 0 0 0 0 0.4 0 0 0 0 0.6000000000000001 0 0 0 0.6000000000000001 0 0 0 0.6000000000000001 0 0 0 0 0 0.6000000000000001 0.6000000000000001 0 0 0 0 0 0 0 0.4 0 0 0 0 0 0 0 0 5.2 0 0.4 0 3.4000000000000004 9.600000000000001 2.6 3.4000000000000004 5.2 0 10.600000000000001 3.4000000000000004 2 0.2 3 6 3 5.4 0 0 0 0 0 0 0 0 0 0 0 0 0 0 0 0 0 0 0 2.4000000000000004 0 0 0 0 0 2.6 0 0 0 0 0 0 0 0 0 0 0 0 0 0 0.4 0 0 0 0 0 0 0 0.4 0 0 0 0 0 0 0 0 0 0 0 0 5.6000000000000005 3.4000000000000004 2.8000000000000003 1.6 0 0 0.4 0 5 0.2 2 0 2.8000000000000003 0 2 4 0 2.8000000000000003 5.800000000000001 3 0 0 0 0 0 0 0 0 0 0 0 0.4 1.4000000000000001 0 0 0 0 0 2.8000000000000003 1.2000000000000002 0.4 0 0 0 0 3.4000000000000004 0 0 0 0 0 0 0 0 0 0 0 0 0 0 0 0 0 0 0 0 0 0 0 0 0 0 0 0 0 0 0 0 0 0.4 0 0 0 0 0 0.6000000000000001 0 0 10.600000000000001 1.2000000000000002 0.4 0.8 0.4 0 0 0 0 0 0 0 0.2 0 0 0 0 0 0 0 0 0.4 0 0 0 0 0 0 3.8000000000000003 0 0 0 0 0 0 0 0 0 0 0 0 0 
 26.200000000000003 26.8 35.4 30.200000000000003 34.800000000000004 12.8 8.6 12.600000000000001 24.6 40.2 35 6.4 48.6 37.4 81 0 14 21.6 5.800000000000001 53.6 0.4 0 0.4 0 0.4 0.6000000000000001 0 0 0 0.6000000000000001 0 0.6000000000000001 14.8 0 0.2 0 0 0 0.4 16.8 0.6000000000000001 0 0 0 0.4 0 0 0 0 6.4 0 0 0 0 0 0 0.4 0.2 0.2 0 0 0 0.2 3 0.6000000000000001 0 0 0 0 0 0 0 0.4 0.2 0 0 0.2 0 0 0.2 10.4 7.4 2.6 4.2 10.600000000000001 3 1 3.2 3.6 3.8000000000000003 7.6000000000000005 0 2.2 3 3.2 3.8000000000000003 2 0 1.4000000000000001 7.4 0 0 0 0 0 0 0 0 0 0 0 0 0 0 0 0 0 0 6.6000000000000005 0.2 0 0 0 0 0 0 0 0 0 0 0 0 0 0 0 0 0 0 0 0 0 0 0 0 0 0 0 3.2 0 0 0 0 0 0 0 0 0 0 0 0 12.600000000000001 1.8 3.6 0.8 0 0 13.200000000000001 0 3 7.4 3.6 0 0 7 6.4 0.2 3.8000000000000003 4 0 2.6 0 0 0 0 0 0 0 0 0 0 0 0 0 0 0 0 0 0 0 0 0 0 0 0 0 0 0 0 0 0 2.8000000000000003 0 0 0 0 0 0 0 0 0 0 0 0 0 0 0 0 0 3 0 0 0 0 0 0 0 0 0 0 0 0 1.8 0 0 0 0.2 0 0.2 0 18.2 0.4 0.4 0 0.4 0 0 0 0 0 0 0 0 0 0 0 0 0 0 0 0 0 0 0 0 0 0 3.2 0 0 0 0 0 0 0 0 0 0 0 0 0 
 67.60000000000001 24.200000000000003 85.60000000000001 30.6 34.6 13.4 7 33.800000000000004 27.8 35 57.6 32.6 66.4 53 27.200000000000003 14 0 13.200000000000001 8.4 39.2 0.4 0 0.4 0.4 0.4 0 0 0 0 0 0.2 0 0 0 0.2 0 0 0 0.6000000000000001 0 0 0 0 0 0.4 0 0 0 0 0.6000000000000001 0 0 0 0 0 0 0 0 12.600000000000001 0 0 0 0.4 0.6000000000000001 0.4 0 0 0 0 0 0 0 0.4 0 0 0 0 0 0 0 0.2 6.800000000000001 1.6 4.800000000000001 4.800000000000001 0 0 0 3.4000000000000004 3 6 0 0 2.8000000000000003 0 5.2 0 7 3.4000000000000004 0.2 1.4000000000000001 0 0 0.4 0 0 2.2 0 0 0 0 0 0 0 0 0 0 0 8.6 0 0 0 0 0 3 0 0 0 0.2 0 0 0 0 0 0 0.4 0 0 0 0 0 0.4 0 0 0 0 0 1.4000000000000001 0 0 0.2 0 0 0.2 0 0 0 0 0 0 0.6000000000000001 4.6000000000000005 4.6000000000000005 0.2 2 0 5.800000000000001 11.600000000000001 2.6 2.6 4.6000000000000005 7.6000000000000005 0 0 1.6 7.800000000000001 8.200000000000001 3.8000000000000003 8 2 0 0 0.2 0 0 0 0 0 0.4 0 0 0 3.4000000000000004 0.2 0 0.2 0.2 0 2.6 1.2000000000000002 0 2.4000000000000004 0 0 0 0 0 0 0 0 0 0 0 0 0 0 0 0 0 0 0 0 0 0 0 0 0 8 0 0 0 2 0 0 0 0 0 0 0 0 0 0 0 0 0 0 0.2 0.2 0.2 17.2 0.2 0.2 0 0 0 0 0 0 0 0 0 0 0 0 0 0 0 0 0 0.2 0 0 0 0 0 2.8000000000000003 0 3.4000000000000004 0 0 0 0 0 0 0 0 0 0 0 0 
 8.4 24.400000000000002 36 50.2 26 28.200000000000003 67.60000000000001 39.800000000000004 51 47.800000000000004 57.800000000000004 14.8 6.800000000000001 9 23.6 21.6 13.200000000000001 0 8.4 52 17 0 0.4 0.6000000000000001 0.4 0 0 0 0.2 0.6000000000000001 0 0 0.4 0.6000000000000001 0.8 0 0.2 0.6000000000000001 75.4 4.4 0.4 12.8 0 0 0.8 0 0.6000000000000001 0 0.6000000000000001 1 0 0.6000000000000001 0.4 0 0 0 0.4 0 0.6000000000000001 0 0 0 0.2 0.6000000000000001 0.6000000000000001 0 0 0.6000000000000001 0 0 0 0 0.4 0 0 0.6000000000000001 0 0.4 0 0 0 0 1.6 1.8 2.2 8 0 2 6 1.8 0 4.6000000000000005 0 0 0 2 1.8 2.6 0 0 0 0 0 0 0.4 0 0.2 0 0 0 0 0 0.4 2.2 0 0 0 0 5.800000000000001 8.8 0 0 0.2 3 0 0 0 0 0.2 0 0 0 0.4 0 0 0 0 0 0 0 1.2000000000000002 0.2 0 0 0 0.4 0 0 0 0 0.4 0 0 0 0.4 0 0 0 0 0 3 3.6 1.6 5.800000000000001 4.800000000000001 1.8 0 0 0 2.6 3.2 2.6 2.4000000000000004 0 2.8000000000000003 3.8000000000000003 0 2 0 0 5.6000000000000005 5.2 0.2 0 0 0 0.2 2 0 0.2 0 0 2.2 0 0 0 3 0.2 6.4 5.2 0 0 0 0 0 0 0 0 0 0 0 0.4 0 0 0 0 0 0 0 0 0 0 0 0 0 0 0 0 0 0 0 0 0 0 0 0 0 0 0 0 0 1.6 0 0 0 0.6000000000000001 0.4 0 1 0.6000000000000001 3.2 1 0 0 0 0 0 0 0 0 0 0 0 0 0 0 0.2 0 0 0 0 0 0 0 0.4 1.8 4.2 0 0 0 0 0 0 0 0 0.4 0 0 0 0 
 4.6000000000000005 5 6.6000000000000005 14.600000000000001 13.4 10.200000000000001 15.8 13.200000000000001 26.200000000000003 53.800000000000004 49.6 46.800000000000004 31.400000000000002 16.6 23.6 5.800000000000001 8.4 8.4 0 58.400000000000006 0.4 0.6000000000000001 0.4 0 0.4 0 0 0 0 0 0 0.4 0 0 0.2 0 0 0.4 0.4 0 0 0.6000000000000001 0 0 0.4 0.2 0 0 0 0.6000000000000001 0 0.2 0 0 0 0 0 1.2000000000000002 0 0 0 0 0.2 0.6000000000000001 0.6000000000000001 0 0 0 0 0 0 0.6000000000000001 0.4 0 0 0 0 0 0 0 1 5.4 0 0 1.6 0 4 4.800000000000001 0 0.4 1.8 0.6000000000000001 0 0.2 0 2.8000000000000003 0 4.2 8.6 1.4000000000000001 0 0 0 0.2 0 0 0 0 0 0 0 0 0 0 0 0 0 0 0 0 0 0 0 0 0 0 0 0 0 0 0 0 0 0 0 0 0 0 0 0 0 0 0 0.2 0 0 0 0 0 0 0 0 0 0.4 0 0 0 0 1.2000000000000002 0 0 0 3.4000000000000004 0 0 0 0 0.2 0 0 0 0 9.200000000000001 0 0 0 0 0 5 0 0 0 0 0 0 0 0 0 0.2 0 0 0 0 0 0 0 3.6 0 0 0 0 0.2 0 0 0 0 0 0 0 0 0 0 0 0 0 0 0 0 0 0 0 0 0 0 0 0 0 0 0 0 0 0 3 0.2 0 0 0.4 0 0 0 0 0 0 0 0 0.4 0 0 0 0 0.4 0.2 0 0 0 0 0 0 0 0 0 0 0 0 0 0 0 0 0 0 0 0 0 0 0 0 0 0 0 0 0 0 0 0 0 0 0 0 0 0 
 41 33.6 16 41.2 33.800000000000004 8.6 12.200000000000001 40.800000000000004 16.2 24.200000000000003 12.8 7.2 53.800000000000004 74.4 26.400000000000002 53.6 39.2 52 58.400000000000006 0 15.200000000000001 0 0.4 0 0.6000000000000001 0 0 0 0.2 0 0 0 0 0 0.4 0.6000000000000001 0 0 0.4 0 0 0 0 0.6000000000000001 0.4 0 0 0 0 0.6000000000000001 0 0 0 0 0 0 0.6000000000000001 1.2000000000000002 0 0 0 0 0.8 2 0.4 0 1 0.2 0 0 0 0 0.4 0.6000000000000001 14.600000000000001 0 0 0.2 0 0 3 3.6 2.2 4.4 3.4000000000000004 0 4.4 2.4000000000000004 2.2 1.4000000000000001 12.8 0 4 12 4 4.2 2.4000000000000004 0 3.2 3.2 0 0 0 2 0 0 0 0 0 0 0 0 0 4.2 0 0 0 0 0 0 0 0 0 0 0 0 0 0 0.4 0 0 0 0.2 0 2.2 0 0 0 0 0.2 0 1.2000000000000002 0 0 0 1.6 0 6.2 0 0 0 0 0 0 0 0 0 0 0 0 2 3.2 0 0 0 0.2 4.6000000000000005 12.600000000000001 5.4 2.4000000000000004 3.2 0 2.4000000000000004 8.4 1.4000000000000001 6.4 13.8 0 3.8000000000000003 6.2 0 0 0 0 0 0 0 0 0 0 0 0 0 0 0 0 0 0 2.2 0.4 0 0 0.2 0 0 0 0 0 0 0 0 4.800000000000001 0.4 0 0 0 0 0 0 0 0 0 0 0 0 0 0 0 0 0 0 0 0 0 0 0 0 0 0 0 0 0 0 0 0 0 0.6000000000000001 0 0.6000000000000001 0.4 0.4 0.4 2.6 0 0.4 0 0 0 0 0 0 0 0 0 0 0 0 0 0 0 0 2.8000000000000003 0 0 0.4 0 0 3.6 0 0 0 0 0 0 0 0 0 0 0 0 
 0.4 0.8 0.4 14.600000000000001 15.600000000000001 15.4 1.2000000000000002 0.6000000000000001 0.4 0.2 28.6 15.600000000000001 1.2000000000000002 1 0.6000000000000001 0.4 0.4 17 0.4 15.200000000000001 0 34 33 25.6 7.4 17.8 79.80000000000001 14.600000000000001 8.200000000000001 12.600000000000001 44.2 65 17 90 78.4 24.6 5.800000000000001 28.200000000000003 17.8 24 0 0.4 0 0 0.6000000000000001 0.6000000000000001 0.6000000000000001 0 0 0 0 0.6000000000000001 0.4 0 0 0 0.6000000000000001 0 0 0 0.4 10.200000000000001 0 0.6000000000000001 0 0 0 0 0 0.4 0 0.6000000000000001 0 0 0 0.6000000000000001 0.6000000000000001 0 0 0 0 0 0 1.4000000000000001 0 0 0 0 0 0 0 6 0 0 0 0 1.8 0 0 0 1.2000000000000002 2.2 0.4 3 2.8000000000000003 1 2.6 4 0 2 0 2 11.600000000000001 7.4 0 2.2 1.2000000000000002 0.6000000000000001 0 7.2 0 0 0 0 0 0 0 0 0 0 0.2 0 0 0 0.8 0 0 0.2 0 0 0 0 0.4 0 0 2.4000000000000004 0 0 0 0 0 0 0 0.2 1.6 0 0 0 0 0 0 0 3.4000000000000004 2 3.8000000000000003 7.4 0 0 0 0 0.2 0 0.6000000000000001 0 0 0 0.8 0 0 0 3.8000000000000003 9 2.2 0 0 0 4.4 0 0 8 4.2 3 3.2 6.2 0 0 5.2 3.2 1.8 0 0 0 0 0 0 0 0 0 0 0 0 0 0 0 0 0 0 0.4 4.6000000000000005 0 0 0 0 0 0 0 0 0 0 0.4 0 0 0 0 0 0 0 0 0 0 0 0 0 0 0 0 0 0 12 0 0 0 0 0 1.4000000000000001 0 0.2 6.800000000000001 2.4000000000000004 0.4 0.4 0.2 0 0 0 0 0.2 0 0 0 0 0 0 0 0 0 0 0.4 0 0 0 0 0 0 0 0 0 0 0 0 
 1 0 0 0 15 18.400000000000002 0.8 0 0 0.4 0 0.6000000000000001 0.2 1 0 0 0 0 0.6000000000000001 0 34 0 53.6 47.6 9.4 26.400000000000002 23.6 16.6 27.6 16.8 39.400000000000006 26 14.200000000000001 50.2 16.6 37.800000000000004 38.400000000000006 7.6000000000000005 52.800000000000004 21.200000000000003 5.6000000000000005 12.8 0 0 0.6000000000000001 0.6000000000000001 0.6000000000000001 0 1.4000000000000001 3.6 0 0.6000000000000001 0.6000000000000001 0 0.2 0 0.6000000000000001 0 0.6000000000000001 0.2 0.6000000000000001 0 0 0.4 0 0 0 0 0 0.6000000000000001 0.2 0.6000000000000001 0 0 0 0.4 0.6000000000000001 0 0 0.4 0 0 0 0 0 0 0 0 0 0 0 0 0 0 0 0.2 0.2 2.6 0 0 3 1.8 1.4000000000000001 2.6 0 1.8 0.2 1.4000000000000001 3.6 4.2 11.200000000000001 4.6000000000000005 2.8000000000000003 4.800000000000001 5 5 2.8000000000000003 0.8 0 2.2 2.4000000000000004 0.2 0 2.2 0 0 0 0 0 0 0 0 0 1.6 2 0 0 0 4.2 3.4000000000000004 0 2.4000000000000004 0 0 0 0 0.4 0 1 0 0 0 0.2 0 0.4 0 0 0 0 0 1 0 0.4 0 2.4000000000000004 0 0 0 0 0 0 0 0 0 0.2 0 0 0 0 0 0 2.2 0.2 3 2.2 5 2.2 6.4 2.8000000000000003 6 6.2 2.4000000000000004 2 0 4.4 1.8 0 0.2 1.4000000000000001 2.2 0 0 0 0 0 0 0 0 0 0 0 0 1.8 1.4000000000000001 0 0.2 0 0 0.2 4 0 0 0 0 0 0 0 0 0 0 0 0.4 0 0 0 0 0 0 0 0 0 0 2 0 0 0 0.2 0 0.2 0 0 0 0 0 0.4 0 0 0.2 15.4 0 0.2 1 0.2 0 0 0 0 0 0 0 0 0 0 0 0 0 0 0 0 0 0 1.8 0 0 0 0 0 0 0 0 
 2 0.4 0.4 0.4 0.6000000000000001 14.8 0.4 0.6000000000000001 0.4 0.2 0.8 0.2 1.4000000000000001 0.6000000000000001 0.6000000000000001 0.4 0.4 0.4 0.4 0.4 33 53.6 0 41 13.600000000000001 35.800000000000004 46.2 55.6 34.800000000000004 42.6 98.2 16 12.200000000000001 69 40.800000000000004 26.200000000000003 45.400000000000006 45.400000000000006 7.800000000000001 24.200000000000003 0.2 2 0 0 3.4000000000000004 1.2000000000000002 2.6 0.2 1.2000000000000002 1.8 0 0.8 0.6000000000000001 0.2 0 0 1.6 0 2.8000000000000003 12.600000000000001 0.4 0 0 1.2000000000000002 0 0 0 0 0 9.8 0 0.2 0 0.8 0.8 0.6000000000000001 0.6000000000000001 0 0 0 0 0 0 0 0 0 0 0 0 0 0 0 0 1.8 0 0 0 0 0 0 0 7.2 6 1.6 0.2 9.600000000000001 0 5.4 2.6 0 0.2 5.6000000000000005 0 3.2 10.4 0.2 5.4 5.2 0 1.4000000000000001 0 0 0 0 0 0 0 0.2 0 0 0 0 0.2 0 1.4000000000000001 0 0 0 7.800000000000001 0 0 0 0 0 0 0 0 0 0 0 0 0 0 0 0 0 0 0 0 0 0 0 0 0 0 0 0 0 0 0 0 0 0 0 0 0 0 0 0 0 0 1.2000000000000002 3.2 0.4 1 7.800000000000001 2.4000000000000004 0 2 11.200000000000001 7.4 4.4 0 0 2.2 1.6 4.2 1.8 0 1.8 0 0 0 0 4.800000000000001 0 0.2 0 0 0 0 0 2.6 9.8 0 0 0 0 0.2 5.800000000000001 0 0 0 0 0 0 0 0 0 0 0 0 0 0 0 0 0 0 0 0 0 0 0 0 0 0 0 0 0 0 0 0 0 0 0.6000000000000001 0 0.4 15.200000000000001 0.4 0.4 0 0 0 0 0 0 0 0.4 0 0 0 0 0 0 0 0 0 0 0 0 0 5.4 0 0 0 0 0 0 0 0 
 0 0 0 0 0 16.2 0 0 0 0 0.4 0 0.2 0 0.2 0 0.4 0.6000000000000001 0 0 25.6 47.6 41 0 117.2 27.400000000000002 27.400000000000002 21.6 18.6 72 29.6 35.6 11.4 18 42 37 20.6 45 31.200000000000003 44.400000000000006 13 13.200000000000001 0 0 0.4 0.6000000000000001 15 0 0 0 0 0.8 27.200000000000003 5.6000000000000005 0 0 0.6000000000000001 0 0 13.8 0.4 0 0 0.6000000000000001 0 0 0 0 0 0.4 0 0.2 0 0 0 0.6000000000000001 0.6000000000000001 0 2.2 0 0 0 0 0 0 0 0 0 0 0 0 0 0 0 1.8 2.6 1.6 0 0 0 0.2 3.2 4.6000000000000005 15.600000000000001 17 1.2000000000000002 0 4 5 1.4000000000000001 5 4.4 0 3.8000000000000003 0.2 2 2.2 1.8 0.2 5.800000000000001 0 4.6000000000000005 0 0 0 0 5.4 4 0.2 0 0 0 3.6 0.4 1.2000000000000002 0 0 0 3.6 0 0 0 0 0 0 0.2 0 0.2 0 0 0 0 0 0 3.2 0.8 1.6 0 0 0 4.4 0.4 0 0 0 0 0 0.4 0 0 0 0 0 0 0 0 0 0 0 0 0 2.8000000000000003 5.800000000000001 8.200000000000001 2.6 0 5.4 0 8.6 1.4000000000000001 0 6.4 0 2.8000000000000003 3 0 0 7.6000000000000005 0 6 0.4 0 0 0 0 0 3 0 3.8000000000000003 0 0 0 2 0 0 2.6 0 0.2 7 3.4000000000000004 0.2 0 0 0 0 0 0 0 0 0 0 0 0 0 0.2 0 0 0 0 0 0 0 0 0 0 0 0 0 0 0 0 0 0 0 1.8 0.2 0.4 15.600000000000001 0 0.4 0.6000000000000001 2.6 0 2 0 0 0 0 0 0 0 0 0 0 0 0 0 0 0 0 0 0 0 2 0 0.2 0 0 0 2 
 0.4 0.6000000000000001 0.4 0.4 0.2 0.8 0.4 0.2 0.4 0.6000000000000001 0.4 0.6000000000000001 0.8 0.4 0.2 0.4 0.4 0.4 0.4 0.6000000000000001 7.4 9.4 13.600000000000001 117.2 0 26.200000000000003 28 10.8 22.8 35 29.200000000000003 28.8 11.200000000000001 16.8 135 72.60000000000001 54.400000000000006 44.6 27 25.8 0 0.6000000000000001 0.8 0 0.6000000000000001 0.6000000000000001 0.6000000000000001 0 4.6000000000000005 0 0.4 0.6000000000000001 13.200000000000001 16.2 12.4 22.6 1.8 0 0.4 16.2 0.4 0 0 0.6000000000000001 0 0 0 0 0 0.4 0 0.4 0 0 0 0.6000000000000001 0.6000000000000001 0 0 0 0 0 0 0 0 0 0 0 0 0 0 0 0 0 0 0 0 0 0 0 0 0 0 5.800000000000001 7 1.6 0 0 0 0 3.2 0.8 0 0.4 0 0 0 3 0 0 4.6000000000000005 3.2 0 0 0 0 11.600000000000001 17.400000000000002 0 0 0 1.8 18.6 8.4 2.8000000000000003 0 5 0 0.4 4.6000000000000005 0 0 0 0 0 0 0 0 0.4 0 0 0 0 0 0 1 1.4000000000000001 0 0 0.4 0 0 0 0 0 0 0 0 0 0 0 1.2000000000000002 0 0 0 0 0 0 0 0 0 3.2 1.6 1.8 0.6000000000000001 0 0 3.6 0 2.2 2.4000000000000004 0 0 1.6 0 0 7 0 0 0 10 2.2 0 0 0 0 0 0 0 3 11.4 0 9.600000000000001 0 5 4.2 0 0 9.600000000000001 3.2 0 0 0 0 0 0 0 0 0 0 0 0 0 0.2 0 0 0 0 0 0 0 0 0.2 0 0 0 0 0 0 0.4 0 0 0 0 0.6000000000000001 0.8 1.4000000000000001 0.6000000000000001 0 0.4 0.6000000000000001 2.8000000000000003 0 0 0 0 2.4000000000000004 0 0 0 0 0 0 0 0 0 0 0 0 0 0 0 0 0 0 0 0 1.8 0 0 
 0.4 0.6000000000000001 1.2000000000000002 0 0 0.8 0.2 0 0 0.4 1.2000000000000002 0 0 0 0 0.6000000000000001 0 0 0 0 17.8 26.400000000000002 35.800000000000004 27.400000000000002 26.200000000000003 0 21.6 12 39.800000000000004 105.80000000000001 43.400000000000006 130 5.800000000000001 57.400000000000006 14.4 23.200000000000003 39.800000000000004 25.6 52.6 11.600000000000001 12.8 0.4 0 0 0.6000000000000001 0.6000000000000001 0.8 1.8 6 0 0 0.6000000000000001 0.4 0.2 13 0 0.6000000000000001 0 0.4 0.2 0.4 0 0 0.6000000000000001 0.4 0 0 1.2000000000000002 0 0.6000000000000001 0 0.6000000000000001 0 0 0 0.6000000000000001 0.8 0 0.6000000000000001 0 0 0 0 0 4.800000000000001 0 0 0 0 0 0 0 0 0 0 0.2 0 0 0 0 2.6 3 0 0 4.4 1.8 0 1.6 1.6 5.2 0 3.8000000000000003 0 0 0 0 3.6 0 0 0 0 0 0 0 0 0 0 0 0 0 0 0 2.8000000000000003 1.6 0 0.2 3.2 0 5 1.4000000000000001 0 0 0 0 0 0 0 0 0.4 0 0 0 0 0 0 0 0 0 0 0 0 0 0 0 0 0 0.6000000000000001 0 0 0 0 0.8 0 6.2 0 0 0 0 0 0 1.8 2 0 2.6 5.2 13 0 0 2.4000000000000004 0 5.2 10.200000000000001 0 0 0 2.4000000000000004 2.8000000000000003 2.4000000000000004 0 0.6000000000000001 0 0 0 0.4 0 0.2 0 0 2.8000000000000003 2.4000000000000004 0 0 5 8.6 2.4000000000000004 1.8 0 0 1.8 6.800000000000001 0 0 0 0 0 0 0 0 0 0 0 0 0 0 0 0 1.4000000000000001 0 0 0 0 0 0 0 0 0.2 0 0 0 0 0 0 0 0 0.8 0 0 0.8 0.6000000000000001 0.2 0.4 0.2 4.4 0 0 0 0 0 0 0 0 0 0 0 0 0 0 0 0 0 0 2.2 0 0 0 0 1.2000000000000002 0 0 0 
 0 0 0 8.8 0 31.8 0 0.8 0.6000000000000001 0 14.8 0.2 0 0 0 0 0 0 0 0 79.80000000000001 23.6 46.2 27.400000000000002 28 21.6 0 38.800000000000004 13.4 21 18.8 31.400000000000002 52 35.4 51.6 9.200000000000001 22.400000000000002 7 11.600000000000001 11.4 0 0.4 0 0 0.6000000000000001 0.6000000000000001 0.6000000000000001 0 0 0 0 0.6000000000000001 0.4 0 0 0 0.6000000000000001 0 0 0 0.4 0 0 1.2000000000000002 0.4 0 8 0 0 0.4 0.6000000000000001 1 0 0 0 0.6000000000000001 1 0.6000000000000001 0 0 0 2 0 0 1.8 0 0 0 0 0 0 2 0 0 0 0 1.4000000000000001 0 0 0 1.8 2.6 1.8 0.4 8.200000000000001 4.4 4.2 10.4 2.8000000000000003 13.600000000000001 0 0 3.8000000000000003 0 1.6 0.2 4.6000000000000005 4.4 0 0.2 0 0 0.4 0 0 0 0 0.2 0 0 0 0 0 0 0 0 0 0 0 0 0 0 0 0 0 0 0 0 0 0 0 0 0.4 0 0.2 0 0 0 0 0 0.2 0 0 0 0 0.2 0 0 0 0 3.2 0 0 0 0 0 0.8 3.6 0 0 3.8000000000000003 0 1.8 2.8000000000000003 1.6 0 7.6000000000000005 0.2 6 0 0.2 13.200000000000001 3.8000000000000003 12.4 2.2 0 4.4 4.6000000000000005 0.8 6.2 0 0.4 0 0 0 0 0 0 0 0 0 0.4 0 0 0 0 0 0 3.6 0 0 0 0 0 0 0 0 0 0 0 0 0.2 0 0 0 0 0 0 0 0 0 0 0 0 0 0 0 0 16 0 0 0 0 0 0 0.4 0.4 17.2 16.2 0.2 2.2 4.4 0 0 0 0 0.4 0 0 0 0 0.4 0 0 0 0.2 0 0 0 0 0 0 0 0 0 0 0 0 0 0 
 0.6000000000000001 0 0 0 14.600000000000001 0 0.4 0.2 0 0 17 14.600000000000001 0 0 0 0 0 0 0 0 14.600000000000001 16.6 55.6 21.6 10.8 12 38.800000000000004 0 56.800000000000004 10.600000000000001 24.8 39.6 87.80000000000001 19.200000000000003 9.8 8.6 4.800000000000001 25.6 17.400000000000002 10 0 0.4 0 0 0.6000000000000001 0.6000000000000001 0.6000000000000001 0 0 0 0 0.6000000000000001 0.4 0 0 0 0.6000000000000001 0 4.4 0 0.4 0 0 0.6000000000000001 0 0 0 0 0 0.4 0 0.4 0 0 0 0.6000000000000001 0.6000000000000001 2 0 0 0 0 0 0 2.6 2.6 3.4000000000000004 0 0 0 0 0 0 0 0 0 0 0 0.4 0 3.8000000000000003 4.6000000000000005 6.2 0 2.4000000000000004 2.4000000000000004 2.4000000000000004 1.6 2 1.8 0 2 2 0 5.4 2 3.8000000000000003 5.2 2.4000000000000004 0 0 0 0 0 0 1.8 0 2.4000000000000004 0 0 0 0 0.4 0 0 0 0 0 2.8000000000000003 0 0 0 0 0 0 0 0 5 0 0 0 0 0 0 0 0 0 0 0.4 0 0 0 2 0 7.4 0 0 0 0 2.4000000000000004 0 0 0 0 0 5 0 0 0 0 3.8000000000000003 2.6 3 0.2 0 1.8 0 0 0 0 2.4000000000000004 5 0 0 6.800000000000001 5.2 6 2.2 0 0 0 0 0 0 0.4 0 0 0 0 0 0 0 0 4 0 0.4 0 0 0 0 0 0 0 0.4 0 0 0 2.8000000000000003 0 0 0 0 0 0 0 0 0 0 0 0 0 0 0 0 0 0 0 0 0 14.8 0 0 0 0 0.4 0 0 0.2 2.6 0 0 0 0 0 0 0 0 0 0 0 0 0 0 0 0 0 0 0 0 0 0 0 0 0 0 0 0 0 0 0 
 0.4 0 0 0 0.2 16.6 0 0.2 0 0 0 0.2 1.2000000000000002 0.2 0.2 0 0 0.2 0 0.2 8.200000000000001 27.6 34.800000000000004 18.6 22.8 39.800000000000004 13.4 56.800000000000004 0 32 23.6 10.4 58 38.2 43.400000000000006 136.6 41.800000000000004 39.800000000000004 17 11 0 1 12.4 0 0.6000000000000001 0.6000000000000001 6.4 0 0 0 0 0.6000000000000001 0.6000000000000001 0 0 0 0.6000000000000001 0 5.800000000000001 0 0.6000000000000001 0 17.400000000000002 1.2000000000000002 0 0 0 0 0 1.2000000000000002 0.4 1.2000000000000002 0 0.4 0.6000000000000001 1.2000000000000002 0.6000000000000001 0 0 9.600000000000001 0 0 0 0 0 0 0 0 0 0 0 0 0.6000000000000001 0 0 0 0 0 0 0 1.6 0 0 0 1.4000000000000001 4 4.800000000000001 5.4 4.4 2 0.2 6 3.6 0 0 0 0.8 0 0 0.2 0 0 0 0 0 0 0 0.4 0 0 0 0 2.2 1.8 2.2 0 0 0 4.4 4.6000000000000005 0 0 0 0 0 0 0 0 1 3.8000000000000003 0 0 3.8000000000000003 0 0 0 0 0 0 0 0.2 0 0 0 0 0 0 0 0 0 0 0 0 0 0 0 0.8 0 0 0 0 2.4000000000000004 0.2 5 2.8000000000000003 4.800000000000001 0.6000000000000001 0.2 0 0 1.4000000000000001 2.6 0 6.6000000000000005 0 1.8 0 0.4 0.2 0 0 0 0 0 0 0 0 0 0 0 0 0 2.2 8.200000000000001 7.4 0.2 0 0.2 0 5.4 0 0 0 0 0 0 0 0 0 0 0 0 0 0 0 0 0 0 0 0 0 0 0 0 0 0.6000000000000001 0 0 0 0 0 0 0 0 1 0 0.4 0 0.2 0 2.8000000000000003 0.8 0 0 0 0 0.2 0 0 0 0 0 0 0 0 0 0 0 0 0 0 2.4000000000000004 0 0 0 0 1.4000000000000001 0 0 0 
 0 0.6000000000000001 1.2000000000000002 0 0 0.2 0 0 0 0 0 0 0 0 0 0.6000000000000001 0 0.6000000000000001 0 0 12.600000000000001 16.8 42.6 72 35 105.80000000000001 21 10.600000000000001 32 0 43.400000000000006 72.2 30.200000000000003 19.400000000000002 34.6 31.400000000000002 10.600000000000001 22.6 18.6 16.400000000000002 6 1 0 0 0.6000000000000001 0.6000000000000001 6.2 0 0.6000000000000001 0 0 0.6000000000000001 23.400000000000002 12.600000000000001 0 0 1.2000000000000002 0 0.4 6.4 0.4 0 0 0.6000000000000001 0 0 0 9.600000000000001 0 0.4 0 1.4000000000000001 0 0 10.200000000000001 0.6000000000000001 0.6000000000000001 0.4 0 0 0 0 0 0 0 0 0 0 0 0 0 0 0 0 0 0 0 0 0 0 0 0.2 2.4000000000000004 7.2 2 2.6 0 6 0 0 3.2 5 0 3 0 0 0.8 4.800000000000001 0 3.8000000000000003 0 0 0 0 0 0 1.6 1 1.6 0 0 0 1.4000000000000001 1.2000000000000002 1.4000000000000001 0.4 0 0 7.4 0 0 0 0 0 0 0 0 0 0 0 0 0 0 0 0 0 0.2 0 0 0 0 0 0 0 0 0 0 0 0 0 0 0 0.4 0 0 0 2 0 0 0 0.2 0 6.800000000000001 4.2 4.2 4 5.4 1.8 2.2 4 7.4 2.6 0 13.200000000000001 1.4000000000000001 0 3.4000000000000004 0.2 0.2 0 2 1.4000000000000001 0 0 0.6000000000000001 0 2.8000000000000003 0 2.6 0 0.2 0 2.4000000000000004 2.4000000000000004 0.4 0 0 1.4000000000000001 4 2.4000000000000004 0 0 0 0 0 0 0 0 0 0 0.4 0 3.2 0 0 0 0 0 0 0 0 0 0 0 0 0 0 0 0 0 0 0 0 0.4 1.4000000000000001 0.4 0 8.6 0 0.4 0.2 0.4 0 0 0 0 0 0 0 0 0 0 0 0 0 0 0 0 0 0 0 0 0 0 0 0 0 0 0 0 
 0 0 0 0 0 7.4 0 0 0.8 0 0.2 0 0.4 0 0 0 0.2 0 0 0 44.2 39.400000000000006 98.2 29.6 29.200000000000003 43.400000000000006 18.8 24.8 23.6 43.400000000000006 0 54.2 24.400000000000002 79 43.2 22.200000000000003 19.6 48.400000000000006 105.60000000000001 55.2 5.2 0.6000000000000001 0 0 0.6000000000000001 0.6000000000000001 11.8 0 0.2 0 0 0.6000000000000001 13.4 12.4 0 0 0.6000000000000001 0 1 4.6000000000000005 0.4 0 0 0.6000000000000001 0 0.2 0 0 0 0.6000000000000001 0 0.6000000000000001 0 0 0 0.6000000000000001 0.6000000000000001 0 0 0 0 0 0 0.4 0 0 0 0 0 0 0 0.2 0 0 0 0 0 0 0 0 0.6000000000000001 2.8000000000000003 5.6000000000000005 1.6 6.2 9.4 0 4.6000000000000005 1.6 9.4 0 6.6000000000000005 0 3.2 0 0 10.200000000000001 2 0 2.6 0 0 0 0 0 0 1.6 0.2 4 0 0 0 2 0.2 2.2 0 0 0 4 0 0 0 0 0 0 0 0 0 0 0 0 0 0 0 0 0 0 0 0 0 0 0.2 0 0 0 0 0 0 0.2 0 0 0.2 0 0 0 0 0 0.2 0 0 4.6000000000000005 2 2 2 1.8 1 3.8000000000000003 0 2.2 1.6 6.2 6 0 1.2000000000000002 4.4 4 7.2 2.8000000000000003 0 0 1.8 0 0 0 0 0 4.4 4 3.8000000000000003 0 0 0 0 1.4000000000000001 0 0 0 1.8 3.6 2.4000000000000004 0.4 0 0 0 0 0 3.6 0 0 0 1 0 0 0 0.4 0 0 0 0 0 0 0 0 0 0 0 0 0 0 0 0 0 0 0 1 0 0.2 29.200000000000003 15 0 1.2000000000000002 0 0 0 0 0 1 0 0 0 0 0 0 0 0 0 0 0 0 1.6 0 3.2 0 0 0 2.2 0 0 0 0 
 0 0 0 0.2 0.4 0.4 0.8 0.4 0 0 0 0.4 0.6000000000000001 0 0 0.6000000000000001 0 0 0.4 0 65 26 16 35.6 28.8 130 31.400000000000002 39.6 10.4 72.2 54.2 0 45.800000000000004 10.4 54.6 42.2 32.6 61.800000000000004 50.800000000000004 21.400000000000002 12 0.4 0 0 0.6000000000000001 0.6000000000000001 2.2 0 0 0 0 0.6000000000000001 0.4 12.4 0 0 0.6000000000000001 0 1.6 0.2 0.4 0 0 0.6000000000000001 0 0.6000000000000001 0 0.2 0 0.6000000000000001 0.4 0.6000000000000001 0 0 0 0.6000000000000001 0.6000000000000001 0 0 0 0 0 0 0 0 0 0 0 0 0 0 0 0 0 0 0 0.2 0 0 0 1.8 1.8 0.2 3.6 6.6000000000000005 4.4 0 0.2 0 4.4 4 5.800000000000001 0 0 4.4 1.6 0 5.6000000000000005 0 0 0 1.8 0 0.4 0 0 0 0 0 0 0 0 7.2 3.2 3.4000000000000004 0 0 0 4.2 3.6 0 0 0 0 0 0 0 0 1.2000000000000002 0 0 0 0 0 0 1.2000000000000002 0.8 0.4 0.2 0 0 0 0 0 0 0 0 0 0 0 0 0 0 0 0 0 0 0 0 0 2.2 0 2.6 8 4.800000000000001 6 0 0 1.4000000000000001 3.8000000000000003 0 8.6 0 0 1.4000000000000001 2.2 5 2.4000000000000004 2.2 2 0 0 0 0 2 0 0 0 7.2 0 0 0 1.4000000000000001 5.800000000000001 1.8 6.4 0 0 6 2.8000000000000003 0 0 1.8 0.2 0 0 0 0 0 0 0 0 0 0 0 0 0 0 0 0 0 0 0 0 0 0 0 0 0 0 0 0 0 0 1.6 0.4 0.4 1 14.8 0 0 2.2 0 0 0 0 0 0 0 0 0 0 0 0 0 0 0 0 0 0 0 0.2 0 0 0 0 1.8 0 0 0 
