 0 18.2 38.800000000000004 29.200000000000003 27.6 23.6 38.2 46 26.400000000000002 58.2 50.6 11 31.6 70.2 32.2 15.8 25 7.2 12.200000000000001 22.400000000000002 0 0.6000000000000001 0 0.4 0.4 0.4 1 0 0 0 0.2 0.4 0 0.4 0 0.6000000000000001 0 0.2 0 0.6000000000000001 0 0.4 0 0 0.6000000000000001 0 0 0 0 0 12.200000000000001 0.4 0.2 0 0 0 0 0.2 0 0 0 0 0 0 0 0.4 0 0.6000000000000001 0.8 0 0.2 0 0 0 6.4 10.200000000000001 0 0 0 0 2.4000000000000004 2 3.6 0 3.2 1 8.8 0.2 8.200000000000001 0 0 3.8000000000000003 6.4 0 4.6000000000000005 0 2.4000000000000004 0 5.6000000000000005 4.6000000000000005 0 0 0 0 0 0 2.6 0.2 0 0 0 0 0 0 2.2 0 0 0 0 1.6 0 0 0 0 0 0 0 0 0 0 0 0 0 0 0 0 0 0 0 0 0 0 0 0 0 0 0.4 0 0 0 0 0 0 0 0 0 0 0 0 0 8.8 2.8000000000000003 4.4 0 0.4 0 4.800000000000001 3.2 2 0 2.8000000000000003 0 0.2 8 4.800000000000001 10 1.6 2 1.4000000000000001 0.2 0 0 0 0 0 0 0 0 0 0 0 0 0 0 0 0 0 0.2 0 0 0.4 0 0 0 0 0 0 0 0 0 0 0 0 0 1.6 0 0 0 0 0 0 0 0 0 0 0 0 0 0 0 0 0 0 0 0 0 0 1.8 0 0 0 0 0 0 0 0.8 17.400000000000002 0 0 17.2 0 2.2 0 0 0 1.8 0 0 0 0 0 0 2 0 0 0 0 0 0 0 0 0 0 0 0 0 0 0 0 0 0 0 0 0 0 0 0 0 0 0 
 18.2 0 21 94.2 7.800000000000001 9.4 37.2 71.60000000000001 17 26 9.8 32.800000000000004 36 29.6 27 26.200000000000003 9.8 77.4 72.8 26.200000000000003 0 0.6000000000000001 0 17.8 0.2 0.4 0.6000000000000001 0 0 0 0 0.4 0 0.4 0 0.6000000000000001 0 0 0 0.6000000000000001 0 0.6000000000000001 0 12.8 0.4 0 0 0 0 0 0 0.4 0.4 0 0 0 0 0 0.8 0 0 0 1.2000000000000002 0 0 0 0 0.6000000000000001 2.2 0 0.2 0 0 0 0 0 0 0 0 0 5.800000000000001 5.2 11.4 0 0.6000000000000001 0 2.4000000000000004 2.6 0 0 4.800000000000001 0 1.4000000000000001 3.4000000000000004 8.4 7 10 0.2 6.800000000000001 10.600000000000001 0 0 0 0 0 0 0 0.2 0 0 0 0 0 0 0 0 0 0.4 3 0 0 0 0 0.4 0 0 1 0 0 0 0 0 0 0 0 0 0 0 0 0 0 0 0 2 2 0 0 0 0.2 1.8 0 0 0 0 0 0 0 0 0 0 1.2000000000000002 5.2 4.800000000000001 4.4 0 2.6 1.4000000000000001 13.600000000000001 4 5.800000000000001 5.6000000000000005 2.4000000000000004 0 0 1.8 0.2 0 0 0 3.2 0 0 0 0 0 0 0 0 0 0 0 0 0 0 0 0 0 0 0 0 0 0 0.4 0 0 0 0 0 0 0 0 0 0 0 0 0 0 0 0 0 0 0 0 0 0 0 0 0 0 0.4 0 0 0 0 0 0 0 0.2 0 0 0 0 0 0 0 0.4 0.6000000000000001 0 0.4 0.2 0 0.2 1.6 0 0 0 0 0 0 0 0 0 0 0 0 0 0 0 0 0 0 0 0 0 0 0 0 0 0 0 0 0 0 0 0 0 0 0 0 0 
 38.800000000000004 21 0 36 10 6.2 56 39.6 74.4 42.800000000000004 14.600000000000001 13.600000000000001 17.8 14.600000000000001 29 14 29.400000000000002 23.6 8.6 8.6 0 0.6000000000000001 0 0 0.2 0.4 0.6000000000000001 0 0 0 0 0.4 0 0.4 0 0.6000000000000001 0 0 15.200000000000001 0.6000000000000001 0 7.2 0 0 0.8 0 0 0 0 0 0 0.2 0.4 0 0 0 0 0.2 0 0 0 0 0.8 0 0 0 0 0.6000000000000001 4 0 9 0 0 0 0 0 0 0 0 0 4.800000000000001 0 4 0 6 2.8000000000000003 2.2 0.2 13.8 3 2.8000000000000003 4.6000000000000005 0 3 3.6 0 4.2 7.2 0 3 0 0 0 0 0 0.4 0 0.4 0 0 0 0 0.2 3.2 3.8000000000000003 0 0 0.4 4.4 0 0 0 0 0.4 0 0 0 0 0 0 0 0 0 0 0 0 0 0 0 0 0 0 0 0 0 0 0 0.4 0 0.2 0 0 0 0 0 0 0 0 0 0 1.2000000000000002 10.200000000000001 8.4 2.4000000000000004 0 3.2 0 2.4000000000000004 2.2 0 0 2.4000000000000004 0 0 0 7.2 0 2 0 5 0 0 0 0 0 0 0 0 0 0 0 0 0 0 0 0 0 0 2 0 0 0 0.4 0 0.2 0 0 0 0 0 0 0 0 0 0 0 0 0 0 0 0 0 0 0 12.8 0 0 0 0 0.4 0 0 2 0 0 0 0.2 0.2 0 0 0 0 0 0 0 0 35.2 0 1.2000000000000002 0 2.4000000000000004 4.4 1.6 0 0 0 0 0 0 0 0 0 2.4000000000000004 0 0 12.200000000000001 0 0 0 0 0 0 0 0 0 0.2 11.8 1.8 0 0 0 0 0 0 0 0 0 0 0 0 
 29.200000000000003 94.2 36 0 22.8 16 57.400000000000006 25.6 37.2 38.800000000000004 42.400000000000006 41.2 12.600000000000001 78.80000000000001 104 45 31.6 15.600000000000001 59.800000000000004 22.200000000000003 0 0.6000000000000001 0.4 0 0.2 0.8 0.6000000000000001 0 0 0.4 0 0.6000000000000001 0 0.4 0 0.6000000000000001 0.4 0 12.4 15.4 0 2.4000000000000004 1.6 0 0.4 0 0 0.2 0.2 0.6000000000000001 0 0 0.2 0 0.2 2.4000000000000004 1.4000000000000001 0 0.4 0 0 0 0.8 0 0 0 0 0.6000000000000001 1.8 0 0 0 0 0 0 0 0 0 0 0 2.6 4.2 2.2 0 0 4.4 2.2 4.800000000000001 7.800000000000001 3.6 2.2 3.6 0 4.2 5.2 1.4000000000000001 3.8000000000000003 9.600000000000001 0 4.4 2.2 0 0 0 0 0 1.8 0.2 3.4000000000000004 0 0 0 7.6000000000000005 0 0 0 0 0 2 1.8 0 0 0 0 0 0 0 0 0 0 0 0 0 0 0 0 0.6000000000000001 0 0 0.8 0 0 0 0 4.800000000000001 0 0 0.6000000000000001 0 0 0 0 0 0 0 0 0 0 0 0 4.4 4.800000000000001 10.4 3.6 2.2 0 0 4.4 0 2 1.8 10.600000000000001 0 0 0 6 2.2 4 0 2.6 6.800000000000001 0 0 0 0 0 1.4000000000000001 0 0 0 0 9.200000000000001 4 0 0.2 0 0 0 7.2 1 2.8000000000000003 0 0 0 0 0 0 0 0 0 0 0 0 0 0 0 0 0 0 0 0 0 0 0.2 0 0 0 0 0 0 0 0 0 0 0 0 0 0 0 0 0 0 0 0 0 0.6000000000000001 0.6000000000000001 0 0 0.4 0 2 0 0 0 0 0 0 0 0 0 0 0 0 0 12.600000000000001 0 0 0 0 0 0 0 8.6 0 0 0 3.6 0 0 0 0 0 0 0 0 0 0 0 0 
 27.6 7.800000000000001 10 22.8 0 26.400000000000002 13.4 12 8.8 11.4 79.2 35.2 58.400000000000006 11.600000000000001 15 23.6 49.2 32.4 11.600000000000001 15.200000000000001 23.400000000000002 0.8 0 0 0 0.4 32.4 30.8 0 15.600000000000001 0 0.4 0 21.6 14.600000000000001 0.6000000000000001 0 0 14.600000000000001 30 0 0.4 0 0 0.4 0 0 6 0 0 0.2 0.2 0.2 0.6000000000000001 0 1.2000000000000002 0 0 0 0 0 0.2 0 0 0 0.6000000000000001 0 0.6000000000000001 0.8 0 0 0 0.2 0.2 0 0.4 0 0 0 0 0 0 0 4.4 2 3.8000000000000003 0 0 0 6.4 2.6 0 0 0.2 0 0 0 0.2 0 0 0 0 0 0 0 0 4 2.6 2 3.8000000000000003 2.2 0 2.6 7.4 3.2 0 3 0.4 2 3 0 0 0 0.2 0 0 0 0 0 0 4 0 0 2.8000000000000003 0 0 0 0 2.8000000000000003 0 0 2.4000000000000004 0 0 0 0 0 0 0 0 0 0 0 0 0 0 0 0 0 5 0 0.4 5 0 1.4000000000000001 4 0 0 4.800000000000001 0.2 5.2 0 0 0.2 0 0.6000000000000001 4 2.6 0 0 2.2 5.4 2.6 0 3 0 2.8000000000000003 0 0.2 1 0 0 3.6 0 3.6 5 0 0 5.6000000000000005 9.600000000000001 0 0 0.4 0 0.2 0 0 0 0 0 0 0 0 0 0 0 0 0 0 0 0 0 0 0 0 3.2 1.8 0 0 0.4 0 0 0 0 0 0 0.2 0 0 0 0 0 0 0 0 0.2 0 0 0.6000000000000001 0 0.2 0.8 0 0 0 0 0 0.2 0 0 3.4000000000000004 0 0 0 0 0 0 0 0 0 0.2 0 0 0 0 0 1.6 0 0 0 0 0 0 0 0 0 0 0 0 0 
 23.6 9.4 6.2 16 26.400000000000002 0 7.4 9 32.6 47 36.2 60 7.800000000000001 10.200000000000001 11 20 32.2 43 8.4 10 14 0.6000000000000001 0.4 0 0.4 0.4 30.400000000000002 14.600000000000001 0 0 0.2 0.4 15 23.8 0 0.4 0 0 15 15.200000000000001 0 0.6000000000000001 0 0 9.8 0 0 0 0 0 0 0 0.6000000000000001 0 0.2 5.4 0 0 0 0 0 0 0 0 0 0 0 0.6000000000000001 0.6000000000000001 0.4 0 0 0.4 0 0 0 0 0 1.6 0 0 0 0 7.800000000000001 0 1.6 0 0 7.6000000000000005 4.4 9.200000000000001 2.2 0 0 0 7.2 4.4 4.800000000000001 0 0 6.2 4 0 0 0 0 4.800000000000001 4 0 0 0 0 2.2 2.8000000000000003 0.2 3.2 3 0 0 0 0 0 0 0 0 0 0 5.2 0 0 0 0 0 0 0 0 0 0 0 0 0 0 0 0 0 0 0 0 0 0 0 0 0 5.2 0 0 0 0 0 0 0 0 2.8000000000000003 0 3.8000000000000003 0 0 0 3.2 0 0 0 0 0 0 0.2 4.800000000000001 0 0 0 3.8000000000000003 0 0 0 0 0 8.200000000000001 2.4000000000000004 0 0 0 0 10 11.4 3.2 3 0 0 0.2 2.4000000000000004 0 0 0 0 0 0 0 0 0 0 0 0 0 0 0 0 0 0 0 0 0 0 0 0 0 0 0 0 0 0 0 0 0 0 0 0 0 0 0 0 0 0 0 0 0 1 0.2 0.4 0.2 8.8 0 1.4000000000000001 0 0 0 0 0.4 0 0 0 0 0 0 0 0 0 0 0 0 0 0 0 0 2.2 0 2 0.2 0 0 0 0 0 0 0 0 0 0 0 0 0 
 38.2 37.2 56 57.400000000000006 13.4 7.4 0 59.800000000000004 43 54.6 26.200000000000003 20.400000000000002 56.400000000000006 22.8 9.8 9.600000000000001 27.200000000000003 30.400000000000002 44 26.400000000000002 0 2.6 0 1.8 16.400000000000002 0.6000000000000001 0.6000000000000001 0.6000000000000001 0 0 0.4 0.4 0 0.4 0 0.6000000000000001 0 0 0 1 0 3.2 0.4 0.2 0.4 0 13 0 0.4 0.2 0.2 0.4 0.4 0.6000000000000001 1.4000000000000001 3.4000000000000004 0 0 0 0 0 0 1 0 0 0 0 0.6000000000000001 1.8 0 0 0 0 0.4 0 0.4 1 0 0 0 2.8000000000000003 0 6.4 0 6 2.2 0.4 2.2 2.4000000000000004 7.800000000000001 4.2 0 0 6 2.8000000000000003 4.4 5.800000000000001 0.2 2.4000000000000004 3 0.2 0 0 3.2 0 0 0 0 0 0 0 0 0 0 0 0 0 0.2 0 0 0 0.4 0 0 0 0 0.6000000000000001 0.2 0 0 0 0 0 0 0 2.4000000000000004 0 0 0 0 0 0 0 0 3 0.2 0.8 0 0 2.4000000000000004 0 0 0 0 0 0 0.2 0 0 0 2.8000000000000003 7.6000000000000005 13.200000000000001 5.2 0 0 0.6000000000000001 16.8 0 8.200000000000001 3.4000000000000004 6.2 0 2.6 0.6000000000000001 0 2.8000000000000003 0 0 2.4000000000000004 0 0 0 0 0 0 0 0 0 0 0 0 0 0 0 0 0 0 0 4.2 0 0 0.4 0 0 0 0 0 0 0.4 0 0 0 0 0 0 0 0 0 0 0.4 0 0 0 0 0 0 0 0.4 0 0 0.8 0 0 0 0 0.2 0 0 0 0 5 0 0 0 0.2 9 0 0 0 0 3.2 2.8000000000000003 0 0.4 0 0 0 0 0 0 0 0.6000000000000001 0 0 0 0 0 0 0 0 0 0 0 0 0 0 0 0 0 0 0 0 0.2 0 0 0 0 0 0 
 46 71.60000000000001 39.6 25.6 12 9 59.800000000000004 0 16.400000000000002 8 48.400000000000006 28.8 62.800000000000004 59 81.2 44.800000000000004 43.2 9.600000000000001 50.800000000000004 9.200000000000001 0 0.6000000000000001 0 0 0.4 0.4 0.6000000000000001 0 0.4 0 0 0.4 0 0.4 0 0.6000000000000001 17 0 0 21 0.4 0.6000000000000001 0.4 0 0.4 0 0 0 0 0 0 0 0.4 0 0 0 0 1.2000000000000002 0.4 0 0 0 0 0 0 12.200000000000001 0 0.6000000000000001 0.6000000000000001 0 0.4 0 1 0 0 1.2000000000000002 0 0 0 0 2.6 7.6000000000000005 5.800000000000001 0 0 2.2 1.8 10 0 3 0 0 8.200000000000001 4.6000000000000005 5.2 5.4 2.2 3.6 3.4000000000000004 5.800000000000001 0.4 0 0 0 0 0 0 0 0 0.4 0 0 0 0 0 0 0 3.4000000000000004 2.4000000000000004 0 0 0 0 0 0 0 0 0 0 0 0 0 0 0 0 0 0 0 0 0 0 0 0 0 0 0 0 0.6000000000000001 0 0 0 0 0 0 0 0 0 0 0 0 1.4000000000000001 0.2 0 0 0 2.2 6.2 0 0 0.2 1.8 0 3.8000000000000003 3.2 3.8000000000000003 0.4 3.4000000000000004 2.4000000000000004 0 0 0 0 0 0 0 0 0 0 0.4 0 0 0 0 0 0 0 0 0 0 0 0 0 0 0 0.4 0 0 0 0 0 0 0 0 0 0 0 0 0 0 0 0 0 0 0 0 0 0 0 0 0 0 0 0 0 0 0 0.4 0 0 0 0 0 0 0 0 0.2 0.2 0 0 0 0 2 0 0 0 0 0 0 0 0 0 0 0 0 0 0 0 0 0 0 0 0 0 0 0 1.6 0 4.4 0 0 0 0 0 0 0 0 0 0 0 0 
 26.400000000000002 17 74.4 37.2 8.8 32.6 43 16.400000000000002 0 56 61.6 8.8 36.800000000000004 78.60000000000001 77.2 53.6 58.2 34.6 62 12.8 0 0.6000000000000001 0 0 0.4 1.8 0.6000000000000001 16.6 51.800000000000004 0.2 0 0.4 0 41.6 0 41.800000000000004 0 0 0 0.6000000000000001 0 0.6000000000000001 0 0 0.4 0 7.4 0 0 0 0 0.2 0.4 0 0 0 0 0 0 0 0 0 0 0 0 0 0 0.6000000000000001 0.8 0 0 0 0 0 0 0 0 0 0 0 0 0 0 3.6 3.2 1.2000000000000002 2 3.6 5.2 1.8 11.600000000000001 4 0 0.6000000000000001 2.8000000000000003 4.4 2.6 4.800000000000001 0 0 2 0 0 0.2 0 0 2 0.2 0 0 0 0 0.2 6.800000000000001 9 0 0 0 2.2 1.2000000000000002 0 0 0 0 0 0 0.4 0 0 0 0 0 0 0 0.2 0 0 0 0 0 0 0.2 0 0.2 0 0 0 0 0.2 0 2 0 0 0 0 0 0 0 0 0 3.6 7.6000000000000005 5 0 2.2 10.8 0 0 19.8 0.8 1.2000000000000002 0 0 0 3.6 11.200000000000001 2.8000000000000003 6.4 0 0 0 0 0.2 0 0.2 0 0 0 0 0 0 0 2.2 0 0 0 0 0.6000000000000001 1.8 2.4000000000000004 0 0 0 0 0 0 0 0 0 0 0 0 0 0 0 0 0 0 0 0 0 0 0 0 0 0 0 0 0 0 0 1.8 0 0 0.4 0 0 0 0 0 0 0.2 0 0 0 0.4 18 0 9.8 27.200000000000003 4.6000000000000005 0.4 0 0 0 0 0 0 0 0 0 0 2.2 0 0 0 0 0 0 0 0 0 0 0 0 3 1.6 0 0 0 0 0 0 0 0 0 0 0 0 0 
 58.2 26 42.800000000000004 38.800000000000004 11.4 47 54.6 8 56 0 19.200000000000003 41.6 53.2 45.2 74.60000000000001 59.400000000000006 33.4 39.800000000000004 28 16.2 14.600000000000001 0.6000000000000001 0.4 0 0.4 1.2000000000000002 1 0 0 0.4 0 0.4 0 0.4 0 0.6000000000000001 0 12.600000000000001 0 0.4 0 0.4 0 0 0.4 0.4 0.6000000000000001 0 0 0 0 0.4 6.4 0 0 0 0 0 0 0 0 0 0.8 0 0 0 0 0.6000000000000001 12.8 0 0 0 0 0.6000000000000001 0 0 0 0 0 0 6.800000000000001 0 2.2 3.6 3.6 3.2 2 3.6 4 2 7.4 8.6 0 0 3 0.8 5 2.6 0 2 2.2 2.8000000000000003 0 0 0 0 2.8000000000000003 0 0 0 0 0 0 2 0.8 0 0 0 0 0 0 0 0 0 0 0.4 0 0 0 0 0 0 0 0 0 0 2 0 0 0 0 0.4 0.4 0 0 0 0 0 0 0 0 0 0 0 0 0 0 0 0 0 4.4 4.800000000000001 3.8000000000000003 2.8000000000000003 2 0 0 2.2 6.6000000000000005 0 0 7 0 0 0 4.4 3.4000000000000004 4 0 7 3.6 0 2.2 0.2 0 0 0 2.8000000000000003 0 0 0 0 2.6 0 0 3.2 0 0 1.8 8.4 0 0 0 0 0 0 0 0 0 0 0 0 0 0 0 0 0 0 0 0 0 0 0 0 0 0 0.4 0.2 0 0 0 0 0 0 0 0 0 0 0 0 0 0 0 0 0 0 17.6 0 1 17.6 1 2.2 3.8000000000000003 0 0 0 0 0 0 0 0.2 0 2.8000000000000003 0 0 0 0 0 0 0.2 0 0 0 0 0 3 1.4000000000000001 0 0 0 0 0 0 0 0 0 0 0 0 0 
 50.6 9.8 14.600000000000001 42.400000000000006 79.2 36.2 26.200000000000003 48.400000000000006 61.6 19.200000000000003 0 26.6 10.600000000000001 26.8 48.2 24 53.6 17.6 7.4 11.600000000000001 15 0.6000000000000001 0 0.4 0.4 1 1.6 0 0 0.4 0.6000000000000001 1 0 0.4 0 0.8 0.4 0 4 14.8 1.8 0.2 0.4 1 1.2000000000000002 0 0 14 0 0 1.2000000000000002 0 0 0 0 0.4 0 0.4 0 0 0.2 0 0 0 0 0 0.2 0.8 0.8 0 0 0 0.4 0 0.6000000000000001 0 0.4 0 0 0 0 0 0 0 0 0.4 3 0.2 6.6000000000000005 10.200000000000001 4.800000000000001 3.2 0 4 3.8000000000000003 0 0 5.800000000000001 0 0 2.2 0 0 0 0 0.2 3.4000000000000004 0.2 2 0 0 0 6.2 0 0 0.4 0 0 0 1.2000000000000002 0 0 0 0 0 0 0 0.4 0.4 0 2 0 0 0.4 0 0 0 0 0 0 0 1.6 0 0 0 0 0 0 0 0 0 0 0 0 0 0 0.4 1.6 0 0.4 3.6 2.8000000000000003 9.4 0 3.8000000000000003 0.2 0 0 8.6 0 1.4000000000000001 7.2 0 0 2.4000000000000004 8.4 2.6 9.600000000000001 0 0 3.4000000000000004 0 0 0 0 0 1.4000000000000001 0 0 0.2 0 0 4.800000000000001 0 0 0 0 1.4000000000000001 14.4 4 0 0 0 0 0 0 0.2 0 0 0.2 0 0 0 0 0 0 0 0 0 0 0.2 0 0.2 0 0 0 0 0 0.2 0 0 0.2 0 0 0 0 0 0 0 0 0 0 0 0 0 0.2 0 0 0.2 17.2 0 1.6 0 0 0 0 0 0 0 0 0 0 0 0 0 0 0 0 0 0 0 0 0 0 0 2.8000000000000003 0 0 0 0 0 0 0 0 0 0 0 0 0 0 
 11 32.800000000000004 13.600000000000001 41.2 35.2 60 20.400000000000002 28.8 8.8 41.6 26.6 0 4.6000000000000005 82.60000000000001 75.8 11.600000000000001 21.8 17.400000000000002 3.8000000000000003 21.6 14.600000000000001 1 0 0.6000000000000001 0.4 0.8 0.8 0 0.2 0.2 0 0.4 7.800000000000001 27 14.8 1.2000000000000002 16.8 0 14.8 15.8 0 1 0.2 0 0.4 0 0.4 0.2 13.4 0.6000000000000001 0 0.4 0.4 0 0 14 13.200000000000001 0 0 1.2000000000000002 0.6000000000000001 0 0 0 0 0 0 0.6000000000000001 0.6000000000000001 0 0.6000000000000001 0 0.4 10.600000000000001 0.4 0 0 0 0.6000000000000001 0 0 1.6 0 7 0 3.2 3.8000000000000003 5.2 2.2 6.6000000000000005 3.8000000000000003 3.2 5.4 0.2 0 6.4 3.6 3 0 1.4000000000000001 0 2.8000000000000003 0 0 0 0 6.2 0 0 4 0.2 0 2.6 0 3.6 2.4000000000000004 2.2 0 2.8000000000000003 4.2 0 0.2 0 0 0 0 0 0 0 0 0 0 2 2.4000000000000004 0.4 0 0 0 0 0 0 0 0 0.2 0 0 0 0 0 0 0 0 0 0 0 0 1 0 0 1.8 0.4 0 0 0 5.6000000000000005 7.4 0 3.6 0.4 4.2 0 12.600000000000001 0 0 0.6000000000000001 0.8 4.4 0 0 0 0 0 0 0 0.2 0 0.2 3.6 0 0 0 0 2.6 4.2 2.2 0.4 0 3 0.8 5 0 0 0 0 0 0.2 0 0 0 1.6 0 0 0 0 0 0 0 0 0 0 0 0 0 0 0 0 0 0 0 0 0 0 0 0 0 0 0 0 0 0 0 0 0 0 0 1 0.4 0.2 1.2000000000000002 0.6000000000000001 0 1.4000000000000001 0 0 0 0 0 0 0 0 0 0 0 0 0 0 0 0 0 0 0 0 0 0 0 0 0 0 0 0 0 0 0 0 0 0 0 0 0 0 
 31.6 36 17.8 12.600000000000001 58.400000000000006 7.800000000000001 56.400000000000006 62.800000000000004 36.800000000000004 53.2 10.600000000000001 4.6000000000000005 0 18.6 7 7 6.6000000000000005 4.800000000000001 23.6 61.2 0 0.6000000000000001 14.600000000000001 0 0.2 0.4 0.6000000000000001 0.2 0 0 0 0.4 0 0.4 0.8 0.6000000000000001 0 0 0 0.6000000000000001 0 0.4 0 0.4 0.4 0 0 0 0 0 0 0.4 0.2 0 0 0 0.6000000000000001 0.6000000000000001 0 0 0 0 0 0 0 0 0 0.6000000000000001 0.6000000000000001 0 0 0 0 0 0 0 0 0 10 0 3.6 4.4 4.800000000000001 0 0 0 5.800000000000001 4.2 4.6000000000000005 0 0 0 0 6 1 0 0 0 4.4 3.6 0 0 0 0 0 0 0 0 0 0 0 0 0 0 0 0 0 0 0 0 0 0 0 0 0 0 1.8 0 0 0 0 0 0 0 0 0 0 0 0 0 0 0 0 0 0 0 0 0 0 0.6000000000000001 0 0 0 0 0 0 0 0 0 0 5.4 1.8 0 0 0 0 3.4000000000000004 0 0 0 0.2 0 1.8 6.6000000000000005 1.8 0 0 0 0 0.6000000000000001 0 0.4 0 0 0 0 0 0.4 0 0 0 0 0 0 0 0 0 0 0 0 0 0 0 0 0 0 0 0 0 0 0 0 0 0 0 0 0 0 0 0 0 3.2 0 2 0 0 0 0 0 0 0 0 0 0 1.8 0 0 0 0 0 0 0 0 0 0 8 0 0 0.4 0 0 2.8000000000000003 0 0 0 0 0 0 0 0 0 0 0 0 0 0 0 0 0 0 0 0 0 0 0 0 0 0 0 0 0 0 0 0 0 0 0 0 0 0 
 70.2 29.6 14.600000000000001 78.80000000000001 11.600000000000001 10.200000000000001 22.8 59 78.60000000000001 45.2 26.8 82.60000000000001 18.6 0 142.8 26.400000000000002 10.200000000000001 6.800000000000001 108.80000000000001 34.4 0 0.6000000000000001 0 0 0.6000000000000001 0.6000000000000001 0.6000000000000001 0 0 0 0 0.4 0 0.4 0 15.600000000000001 0 0.2 0 7.6000000000000005 0 0.4 0 0 0.4 0 0 0 6.2 0 0 0 0.2 0 0 0.4 0 0 3.8000000000000003 0 0 0 0 0 0 0.4 0 0.4 0.6000000000000001 0 1 0 0.4 0 0 0 0.2 5.2 0 0 3.4000000000000004 6.4 2 2 0 0 0.2 1.8 3.6 5.6000000000000005 2.6 0 3.4000000000000004 3 3.6 3 11.4 0 11.200000000000001 0 0 0 0 0 0 0 0 0 0 0 0.4 0 0 0 0 0 0 0 0.2 0 0 0 0 0 0 0 0 0 0 0 0 0 0 0 0.2 0 0 0.2 0 0 0 0 0 0 0 0 0 0 0 0 0 0 0 0 0 0 0 0 0 0 7.800000000000001 0 0 0.4 0 0 1.4000000000000001 2 3.2 0 2.4000000000000004 3.2 0 0 0.4 2.8000000000000003 6 4.4 0 0 0 0 0 0 0 0 0 0 0 0 0.4 0 0 0 0.4 0 0 0 1.4000000000000001 5 0 0 0 0 0 0.4 0 0 0 1.4000000000000001 0 0 0 0 0 0 0 0 0 0 0 0 0 0 0 0 0 0 0 0 0 0 0 0 0 0 0 0 0 0 0 0 0 0 0 0 0 0.2 0.4 0 0 1.4000000000000001 0.2 0 0 0 0 0 0 0 0 0 0 0 0 0 0 0 0 0 0 0 0 0 0 7.4 0 0 0 0 0 0 0 0 0 0 0 0.8 0 0 
 32.2 27 29 104 15 11 9.8 81.2 77.2 74.60000000000001 48.2 75.8 7 142.8 0 30.200000000000003 38 30.8 32.2 76.2 0.4 0.6000000000000001 0.4 0 0.6000000000000001 0.6000000000000001 0.6000000000000001 0 15.200000000000001 0 0.8 0.8 0.4 1.6 0 0.8 0.6000000000000001 7 14.600000000000001 17 0.8 0.6000000000000001 1.2000000000000002 0 0.4 0 0 0 12.4 0 0 1.2000000000000002 13.200000000000001 1.2000000000000002 0 0 0 0 0 0 0 0 0 0 0 1.4000000000000001 0 1.4000000000000001 1 0 0.2 0 1.6 0 1.2000000000000002 0 0 0 0 0 0 8 0 1.6 3 1.6 2.6 1.6 3.6 2.8000000000000003 4.800000000000001 2.2 1.4000000000000001 2.4000000000000004 0 9.200000000000001 11.600000000000001 3 4.2 9 0 0 0 0 0 0 0 0 0 0 0.2 0 2 0 0 0 0 0 3 0 0 0 0 0 0 0 0 0 0 0 0 0 0.4 0 0.4 0 0 0 0 0 0 0 0 0 0 0.2 0 0 0 0 0 0 0 0 0 0 1.8 0 0 0 1.2000000000000002 2 2.2 0 0 0 1.6 3 0.2 2.8000000000000003 0 4 0 0 0 4.4 5 4.800000000000001 0 0 0 0 0 0 0 0 0 0 0 0 0.2 0 0 0 0 0 0 0 0.2 2.8000000000000003 0 0 0 0 0 0.2 0 0 0 1 0 0 0 0 0 0 0 0 0 0 0 0 0 0 0 0 0 0 0 0 0 0 0 0 0 0 0 0 0 0 0 0.2 0 0 0 0.8 0.6000000000000001 0.4 0.8 0.6000000000000001 0 0.8 0 0 0 0 0 0 0 0 0 0 0.2 0 0 0 0 0 0 0 0 0 0 0 0 2.4000000000000004 0 0 0 0 0 0 0 0 0 0 0 0 0 0 
 15.8 26.200000000000003 14 45 23.6 20 9.600000000000001 44.800000000000004 53.6 59.400000000000006 24 11.600000000000001 7 26.400000000000002 30.200000000000003 0 32.6 29.6 7.800000000000001 13 0 0.6000000000000001 0 0 0.4 0.6000000000000001 1 0 0 0 0 1 0 0.4 0 0.8 0 0.4 0 0.6000000000000001 0 0.6000000000000001 0.8 0 1.6 0 0 0 0 0 0 0 0.8 0 0 0 0 0 0.6000000000000001 0 0 0 0 0 0 0.6000000000000001 0 1.4000000000000001 0.8 0 0 0 0 0 1.2000000000000002 0 0 0 0 0 0 3.4000000000000004 3.6 4 0 0.6000000000000001 0 11.600000000000001 2.2 13.4 2 0 3 0.2 6.800000000000001 7.6000000000000005 6.2 2.4000000000000004 0 0.2 2 0 0 0.2 0 0 3.4000000000000004 0 0 0 0 0 0 3 0 0 0 0 0 1.2000000000000002 0 0 0 0 0 0 0.4 0 0 0 0 0 0 0 0 0 0 0 0 0 0 0 0 0.2 6.4 0 0 0 0.2 0 0 0.2 0 0 0 0 0 0 0 0 3.8000000000000003 0 2.4000000000000004 3.8000000000000003 0 3 2.6 0.2 3.8000000000000003 0.6000000000000001 1.2000000000000002 0 5.800000000000001 0.2 5.4 9.4 2.2 2.4000000000000004 0 0 0 0.2 0.2 0 0.2 0 0 0 0 0 0 0 2.6 0 0 0 0 1.2000000000000002 0.4 0.2 0 0 0 0 0 0 0 0 0 2.2 0 0 0 0 0 0 0 0 0 0 0 0 0 0 0 0 0 0 0 0 0 0 0 0 0.4 0 0 0 0 0 0 1.6 0 0 0 0 0 0 0 20.400000000000002 0 3.2 0 0 0 0 0 0.4 0 0 0 0 0 0 0 0 0.4 0 0 0 0 0 0 0 0 0 0 0 0 0 0 0 0 0 0 0 0 0 0 0 
 25 9.8 29.400000000000002 31.6 49.2 32.2 27.200000000000003 43.2 58.2 33.4 53.6 21.8 6.6000000000000005 10.200000000000001 38 32.6 0 34.800000000000004 8.6 48.400000000000006 17 0.6000000000000001 0.4 0 0.2 1 1.2000000000000002 1.2000000000000002 0 0.4 0.4 0.4 0 0.4 0 0.4 0 0 11.600000000000001 15.200000000000001 0 0.6000000000000001 0 0 0.4 0.4 0.6000000000000001 12.200000000000001 0 0 0 0.8 0.6000000000000001 0 0 0 0 0.8 0 0 0 6.4 0.6000000000000001 0 10 0 0 0.6000000000000001 3 0 0 0 0 0.8 0 0 0.2 9.600000000000001 0 0 3.4000000000000004 2 0 1.4000000000000001 1.4000000000000001 0 2.6 0.2 3.6 3.2 14.8 3.6 0 0.2 2.2 2.8000000000000003 0.2 4.800000000000001 0 4.2 1.8 0 0 0 0 0 2.6 2.4000000000000004 2.8000000000000003 0.4 0 0 1 2 3 0.2 0 0 6.2 4.4 0 0 2 0 0 0 0 0 0 0 2.4000000000000004 0 0 0 0 0 0 0 0 0 0 1.2000000000000002 0 0 0 0 0 0 0 0 0 0 0 0 0 0 0 0 0 0 3.6 10.4 9 0 4.2 2.2 0 0 4 0 3.8000000000000003 3.8000000000000003 0 0 0 5.4 3.8000000000000003 0.6000000000000001 0 3.8000000000000003 5.800000000000001 0.2 0 0 0 0 0 0.2 0 0 0 0 5 0 0.2 0 0.2 0 4 2.6 0 0 0 0 0 0 0 0 0 0 0 0 0 0 0 0 0 0 0 0 0 0 0 0 0 0 0 0 0.8 0 0 0 0 0 0 0 0 0 0 0 0 0 0 0 0 0.4 0.4 0 17.2 0.4 3 1.6 0 0 0 0 0 0 0 0 0 0 0.2 0 0 0 0 0 0 0.2 0 0 0 0 0 2.8000000000000003 2.4000000000000004 0 0 0 0 0 0 0 0 0 0 0 0 0 
 7.2 77.4 23.6 15.600000000000001 32.4 43 30.400000000000002 9.600000000000001 34.6 39.800000000000004 17.6 17.400000000000002 4.800000000000001 6.800000000000001 30.8 29.6 34.800000000000004 0 25.200000000000003 12.200000000000001 30.200000000000003 0.6000000000000001 0 0.8 0.2 0.6000000000000001 0.6000000000000001 0.4 0 0 1.2000000000000002 0.4 0 0.4 0 0.6000000000000001 0.2 0 14 16.8 0 0.2 0 0 0.4 0 0 12.200000000000001 0 0 0 0.2 0 0 0 0 0 0 0 0 0.8 0 1 0 0 0 0 0.2 1.8 0 0.6000000000000001 0 0.2 0 0 0 0 0 0 0 3 0 0.4 4 3.4000000000000004 0 0 0 4 3.8000000000000003 5.4 8 0.2 0 0 0 2.6 5.4 0 3 3.6 4.4 0 0 0 0 0.4 0 2 1 0 0 1 9.200000000000001 3.8000000000000003 0.4 0 0 3.4000000000000004 0.6000000000000001 0 0 0 0 0 0 0 0.4 0 0 2.4000000000000004 0 0 0.4 0 0 0 0 0 0 0 1 0 0 0 0 0 0 0 0 2.4000000000000004 0 0 0 0 0 0.4 0 0 1.2000000000000002 6.4 8.6 9 2 17 3.2 0.2 0.4 5.800000000000001 0 0.2 6.2 0 0 0 3.6 4 3.6 0 3 9 0 0 0 0 0 0.2 3.8000000000000003 0 0 0 0 12 0 0.2 0 0 0 10.600000000000001 3.8000000000000003 0 0 0 0 0 0 0.2 0 0 0 0 0 0 0 0 0 0 0 0 0 0 0 0 0 0 0 0 0 0 0 0 0 0 0 0 0 0.2 0 0 0 0 0 0 0 0 0 0 0 0.6000000000000001 18.400000000000002 2.2 0 4.4 0 0 0 0 0 0 0 0 0 0 0 0 0 0 0 0 0 0 0 0 0 0 2.8000000000000003 4.4 0 0 0 0 0 0 0 0 0 0 0 0 0 
 12.200000000000001 72.8 8.6 59.800000000000004 11.600000000000001 8.4 44 50.800000000000004 62 28 7.4 3.8000000000000003 23.6 108.80000000000001 32.2 7.800000000000001 8.6 25.200000000000003 0 61.2 0 0.6000000000000001 0 0 8.6 0.6000000000000001 0.6000000000000001 0 6.6000000000000005 0 0 0.6000000000000001 0 15.4 0 0.6000000000000001 0 0 0 0.6000000000000001 0 0.2 0 0.4 0.4 0 0 0 0 0 0 3.4000000000000004 0 0 0 0 0 0.6000000000000001 0 0 0 0.4 0 0 0 0 0 0.2 0.6000000000000001 0.6000000000000001 0 6.2 2 0 0 0 0 0 0 0 3.4000000000000004 5 0.2 0 5.800000000000001 1.8 0 2.8000000000000003 0 0 0 0 2 6 5.6000000000000005 0 0 1.8 6.2 2.8000000000000003 0 0 0 0 0 0 0 0 0 0 0 0 0 0 0.2 0 0 0 0 0 0 0 0 0 0 0.2 2.2 0 0 0 0 0 0 0 0 0 0 0 0 0 0 0.6000000000000001 0.2 0 0 0 0 0.6000000000000001 4.800000000000001 1.6 0 0 0 0 0 0 0.2 0 0 0 3.2 8.6 0 0 0 0 4 0 0.2 1.8 0 0 0 2.6 4.4 0 0 0 4.4 1.8 0 0 0 0.2 0 3.4000000000000004 0 0 0 0 0 0 0 0 0 0 0 0 0 0 0 0 0 0 0 0 0 0 0 0 0 0 0 0 0 0 0 0 0 0 0 0 0 0 0 0 0.2 0.4 0 0 0.4 0 0 0 0 0 0 0.2 0 0.4 0 0 0 0 0 0.4 17.6 0 0.4 0 0.4 3.8000000000000003 0 0 0 0 0 0 0 0 0.4 0 0 0 0 0 0 0 0 0 0.2 0 0 0 0 0 0 0 0 0 0 0 0 0 0 0 0 0 0 0.2 
 22.400000000000002 26.200000000000003 8.6 22.200000000000003 15.200000000000001 10 26.400000000000002 9.200000000000001 12.8 16.2 11.600000000000001 21.6 61.2 34.4 76.2 13 48.400000000000006 12.200000000000001 61.2 0 0.4 0.6000000000000001 0 0 0.4 1 1 0 0 0 0.6000000000000001 0.4 0 0.4 0 0.6000000000000001 0 0.4 0 0.4 0.4 0.2 0 0 0.4 0 0 0 0.2 0 0 0 0.4 1.4000000000000001 0 0.8 0 0 0 0 0 0 0 0 0 0 0 0.2 0.6000000000000001 0 0 0 0 0 0 0.6000000000000001 0 1 0 0.4 2.4000000000000004 6.2 2.8000000000000003 0 0 0 3.2 0 0 0 0 0 1.2000000000000002 2 3 2.8000000000000003 1.6 0 2.8000000000000003 0 0.2 0 0 0 0 0 0 0 0 0 0 0 0 0 0 0 0 0.2 0 0 0 0.4 0 0 0 0 0 1.2000000000000002 0 0 0 0 0 0 0 0 0 0 2.2 0 0 0 0 0 3 0 0 0 0 0.4 0 0 0 0 0 0 0.2 0 0 0 4.2 0.4 2.6 3 0 0 2.6 5 3.4000000000000004 2.2 2.2 0 2.6 5 0 0 0 0 0 4 0 0 0 0 2.4000000000000004 0 0 0 0 0 0 0 0 0 0 0 0 0 0 0 0 0 0.4 0 0 0 0 0 0 0.4 0 0 0 0 0 0 0 0 0 0 0.4 0 0 0 0 0 0 0 0.4 0.2 0 0 0 0 0 0 0.2 0 0 0 0 0 0 0 0 0 0 0 1.2000000000000002 0.6000000000000001 0 0.4 0 0 0 0 0 0 0 0 0 0 0 0 0 0 0 0 0 0 0 0 0 0 0 0 0 0 0 0 0 0 0 0 0 0 0 0 0 0 
 0 0 0 0 23.400000000000002 14 0 0 0 14.600000000000001 15 14.600000000000001 0 0 0.4 0 17 30.200000000000003 0 0.4 0 25 21 14.200000000000001 24.400000000000002 7.4 78.2 71.60000000000001 18.6 36.4 21.8 7.800000000000001 11 68.8 41.2 48.6 6.2 24 22 15 0 0 0.2 0 0 0 0 4.4 0 0 0.2 0 0 0 0 1 0 0.6000000000000001 12.8 0 0 0 0.6000000000000001 0 0 0 0 0.2 0.6000000000000001 0 0.2 0 0.2 0 0 0 0.2 0 0.4 0 0 0 0 5.800000000000001 1.4000000000000001 4.800000000000001 0 0 0 2.6 2.4000000000000004 3.6 0 3.2 0 0 0.2 0 0 0 2.8000000000000003 5.6000000000000005 0 2.4000000000000004 0.4 2.8000000000000003 2.2 5.6000000000000005 3.2 7.2 3 0 0 4.6000000000000005 2.8000000000000003 0 4.4 0.4 2 5 0 0 0 0 0 0 0 0 0 0 4 0 2.2 0 0 0 0 0 3 2.8000000000000003 0 0.8 0 0 0 0 0 0 0 0 0 0 0 0 0 0 0 4.800000000000001 0 1.2000000000000002 0 0 3.6 0 0.4 0 0 3 1.2000000000000002 0 0 0.2 0 0 0 0 4.2 0 0 0 3.8000000000000003 4.800000000000001 5.2 0 3.4000000000000004 0 2.6 5.800000000000001 0.2 0.6000000000000001 0.2 0 8.4 0.2 3.4000000000000004 3.4000000000000004 4.2 1.2000000000000002 4 6.4 0 0 0 0 0 0 0 0 0 0 0 0 0.4 0 0 0 0 0 1 2.8000000000000003 0 0 0 0 0 0 0 0 0 0 0.4 0 0 0.6000000000000001 0 0 0 0 0 0 0 0 0 0 0 0 0 0 0 0 0 0 0 0 0.4 0 0.4 17.2 0 0.4 0.4 0 0 0 0 0 0 0 0 0 0 0 0 0 0 0 2 0 0 0 0 0 0 0 0 1 0 0 0 0 
 0.6000000000000001 0.6000000000000001 0.6000000000000001 0.6000000000000001 0.8 0.6000000000000001 2.6 0.6000000000000001 0.6000000000000001 0.6000000000000001 0.6000000000000001 1 0.6000000000000001 0.6000000000000001 0.6000000000000001 0.6000000000000001 0.6000000000000001 0.6000000000000001 0.6000000000000001 0.6000000000000001 25 0 50.800000000000004 22.200000000000003 29.6 26.8 104.80000000000001 59.800000000000004 67 25.8 43.400000000000006 88 31.200000000000003 48.800000000000004 21.400000000000002 75.8 14.4 81.4 53 38.6 0 0 0 0 0 0 0 1 0 0 0 0.2 0 0 0 0.2 0 0 13 0 0 0 1.2000000000000002 0 0.2 0.4 0 0 0.6000000000000001 0.2 0 0 0 0 0.8 0 0.8 0 0.4 0 0 0 0.4 0 0 0 0 0 0 0 0 0 0 0 0 0 0 0 0 0 2.8000000000000003 0 11 3.8000000000000003 2 9 0 2 2 12 0 4.4 0 0 0 3.6 8.200000000000001 0 0.2 0 0 0 0 0 3.6 0 5.2 0 0 0 0 0 0 0 0 0 0.4 0 1.8 0.4 0 0 0 0 0 0 0 0 0.4 0 0 0.4 0 0 0.4 0 0 0 0 0 0 0.4 0 0 0 2.6 0 0 0 0 0 0 0 0 0.2 0 0 0 0 0 2 0 0.2 2.8000000000000003 2.2 8.4 2.2 2.6 3.4000000000000004 5.6000000000000005 0 2.2 0 0.2 10.200000000000001 0 6.4 4 0 0 0 0 0 0 0 0 0 0 0 0.4 0 0 0 0 0 0 0 0.4 0.6000000000000001 0 0 0 0 0 0 0 0 0 0 0 0 0 0 0 0 0 0 0 0 0 0 0 0 0 0 0.4 0 0 0 0 0 0 0 0 0.4 0 0.2 21.400000000000002 0 0.4 0.4 2 0 0 0 0 4.2 0 0 0 0 0 0 0 0 0 0 0 0 0 0 0.6000000000000001 0 0 0 0 0.2 0 0 0 
 0 0 0 0.4 0 0.4 0 0 0 0.4 0 0 14.600000000000001 0 0.4 0 0.4 0 0 0 21 50.800000000000004 0 46 12.8 108.60000000000001 115.60000000000001 52 28.8 28 54 65.60000000000001 39.800000000000004 9.4 81.2 61.6 54.800000000000004 17.8 23 21.200000000000003 0 0 0.2 0 0 0 12.4 0 0 0 0 0.2 26.8 12.4 0.6000000000000001 0.2 0 0.4 0 7 0.8 0 0.6000000000000001 0 0 0 0.2 0.6000000000000001 0.6000000000000001 0.4 0.2 0 0.6000000000000001 0.4 0 0 0 0 0.4 0 0 0 0 0 0 1.6 0 0 0 0 0 0 0 0 0 0 0 0 0 0 12.4 1.2000000000000002 2.2 10.8 6.2 3.6 3.4000000000000004 3.2 4.4 10 6.2 0 1.2000000000000002 2.6 0 0 4.2 0 1.4000000000000001 0 0 0 0 0 0 0 1.2000000000000002 0.6000000000000001 0 0 0 0 1.6 0 0.2 2.6 2 0 6.2 1.2000000000000002 0 0 0 0 0 0 0 0 1 0 0 0 0.6000000000000001 0 0 0 0 0 0 0 0 7.4 0 0 1.8 0 0 0 0 0 0 0.2 0 0 0 0 1.8 0 0 0 2 0 1.8 2.2 5.2 3.2 13.4 5 2 10 4 5.800000000000001 3.2 4.4 0 13.600000000000001 4 0.4 0 0 0 0 0 0 0 0 3 4 0 0 0 0 0.2 0 0 0 0 0 0 0 0 0 0 0 0 0 0 0 0 0 0 0 0 0 1.6 0 0 0 0 0 0 0 0 0 0 0 0 0 0 0 0 0 0 0 0.8 0.4 0 0 8 0 0.8 0 0 0 0 0 0 0 0 0 0 0 0 0 2 0 0 0 0 0 0 1.4000000000000001 0 0 0 0 0.2 0 0 0 
 0.4 17.8 0 0 0 0 1.8 0 0 0 0.4 0.6000000000000001 0 0 0 0 0 0.8 0 0 14.200000000000001 22.200000000000003 46 0 35.6 81.60000000000001 36 31.200000000000003 32.2 30 88.4 9.600000000000001 49.2 18.400000000000002 86.80000000000001 11.4 8.8 40.800000000000004 14.4 49 0 12.600000000000001 0.2 0 0 0 13.600000000000001 0 0 0 0 0 0.8 0 0 0 0 0 0 12.600000000000001 1.2000000000000002 0 0.6000000000000001 0 0 0 0 0.2 0.6000000000000001 0 0 0 0 0 0 0 0.2 0 0.4 0 0 0 0 0 0.2 0.4 0 0 0 0 0 0 0 0 0 0 0 0 0 0 0 0 4 3 5.800000000000001 4.6000000000000005 0 2 4 8 2.4000000000000004 4.4 0 0 2 4.6000000000000005 2.2 5.2 4.4 0 2.6 2.8000000000000003 0 0.2 0 0 3.8000000000000003 2.2 0 0 0 0 0 0 0 0 8 0 2.2 0.2 0 0.2 0 1.4000000000000001 0 11.200000000000001 0 0 0 0 0 5.800000000000001 0 0 3.2 0 0 0 0 0 0 0 0 0 0 7.2 0 0 0 0 0 0 0.2 0.6000000000000001 1 1.6 0 0.4 0 0 2.2 0 5 0 0 4 0 2.4000000000000004 6 2.2 5.800000000000001 2.2 0.4 2 1.8 0 2.4000000000000004 3.6 0 0 2.2 0 0 0.2 0 0 0 0 0 0 0.2 0 0.4 0 0 0 0.4 1.8 6.2 2.8000000000000003 0 0 0 0 0 0 0.2 0 0 0 0 0 0 3.6 0 0 0 0 0 0 0 0 0.4 0 0 0 0 0 0 0 0 0 0 0 0 0 0.2 0.4 0 0.2 0 0.4 0 0 0 0 0 0 0 0 0 0 0 0 0 0 0 0 0 0 0 0 0 0 0 0 2.2 0 0 0 
 0.4 0.2 0.2 0.2 0 0.4 16.400000000000002 0.4 0.4 0.4 0.4 0.4 0.2 0.6000000000000001 0.6000000000000001 0.4 0.2 0.2 8.6 0.4 24.400000000000002 29.6 12.8 35.6 0 17 24.8 15.200000000000001 16.8 15.600000000000001 35 8.6 26 11.8 14.8 27 13.8 25.8 13.4 20.400000000000002 0.2 0 0 0 0.2 0.8 1 0 0.4 0 0 1.4000000000000001 0 0 13.8 0.6000000000000001 0 0 12.4 0 0.4 0.6000000000000001 0.6000000000000001 0 0.6000000000000001 0 0.6000000000000001 0 0.8 0 5.6000000000000005 0 0 0 0 0 0.4 0 0.4 0 0.2 0 0 0 0 0.2 0 0.2 7.2 0 0 0 0 0 2.6 0 0 0 0 0 0 0 5.2 2.2 4 5 0 2 0 2.4000000000000004 0 3.2 0 0 0 1 3.4000000000000004 3.6 0 0 4 0.4 0.4 0 0 0 0 0 2.8000000000000003 3 0 0 2.2 0 0 4.4 0 0.2 1.8 5.800000000000001 0 0 0 0 0 0 0 0 0 0 0 0 0 0 0 0 0.4 0 0 0 0 0 0 0 0 0 0 0 0 0 0 0 0 0 0.6000000000000001 0 0 0 0 0 0 3.4000000000000004 2.2 2.4000000000000004 6 5.2 2.2 2.2 1.4000000000000001 4.4 0 0 0 0 1.4000000000000001 0 10 1.8 0 0 0 0 0.4 0 0 0 1 0 0.8 0 3.2 0 0.8 5.4 1.8 0 2.2 0 3.6 4.2 0 0.4 0 0 0 0 0 0 0 0 0 0 0 0.4 0 0 0 0.4 0 0 0 0 0 0 0 0 0 0 0 0.2 0 0 0 0 0.6000000000000001 0.4 0 9.4 1.2000000000000002 0.4 1.6 0 2 0 0 0 0 0 0 0 0 0 0 0 0 0 0 0 0 0 0 0 0 0 0 1.8 0 0 0 0 
 0.4 0.4 0.4 0.8 0.4 0.4 0.6000000000000001 0.4 1.8 1.2000000000000002 1 0.8 0.4 0.6000000000000001 0.6000000000000001 0.6000000000000001 1 0.6000000000000001 0.6000000000000001 1 7.4 26.8 108.60000000000001 81.60000000000001 17 0 47.800000000000004 6.4 47.6 16.8 16.2 88.2 48.6 6 53.6 55.6 31.200000000000003 11.4 23.200000000000003 52.400000000000006 0 0.2 0 0 0 1.4000000000000001 8.200000000000001 12.200000000000001 0 0 0.4 0 4.800000000000001 6 4.4 13 0 0 13.8 29.200000000000003 0 0 0.6000000000000001 0 0 0 0 0.2 0.6000000000000001 0 0 0 0 0 0 0 0.4 0 0.4 0 0 0 0 0 0 0 0 0 1.8 0 0 0 0 0 0 0 0 0 0 0 0 0 0 2.4000000000000004 0 3.8000000000000003 0 0 0 0 0 2 0 0 0 0 0 5.4 0 0.6000000000000001 8 3.6 1.6 0.8 0 2.8000000000000003 5.6000000000000005 0 3.8000000000000003 2.8000000000000003 0.4 0 3.6 2.2 5.800000000000001 7.4 4.6000000000000005 4 2.6 0.4 0 0 0.4 0 0 0 0.2 0 0 0 0 0 0 0 0 0.2 0 0 0 0 0 0 0 0 0 0 0.4 0 0 0 0 0 0 0 0 1.4000000000000001 0 0 0 0 0 2.4000000000000004 0 2.4000000000000004 3.8000000000000003 2.6 0 0 2.4000000000000004 0 6.6000000000000005 4.4 0 0 0 0 0 0 0 0 4.6000000000000005 0 0 0 0 0 0 6.4 0 0 4.4 0 5.6000000000000005 3.6 3.2 0 3.8000000000000003 4.2 2 4.2 0 0 0 0 0 0 0 0 0 0 0 0 0 0 0 0 0 0 0 0 0 0 0 0 0 0 0 0 0 0 0 0 0 0 0 0.4 0.4 0.8 23.200000000000003 0 0.2 0.8 0 0 0 0 0 0 0 0 0 0 0 0 0 0 0 0 0 1.2000000000000002 0 0 0 0 0 0 0 0 0 0 
 1 0.6000000000000001 0.6000000000000001 0.6000000000000001 32.4 30.400000000000002 0.6000000000000001 0.6000000000000001 0.6000000000000001 1 1.6 0.8 0.6000000000000001 0.6000000000000001 0.6000000000000001 1 1.2000000000000002 0.6000000000000001 0.6000000000000001 1 78.2 104.80000000000001 115.60000000000001 36 24.8 47.800000000000004 0 36.4 23.400000000000002 40.800000000000004 19.400000000000002 14.200000000000001 33 56.2 30 3.8000000000000003 47.400000000000006 31.400000000000002 27.6 25.6 0 0 0 0 0 0 0 0.4 0 0 0 0.4 0 0 0 0.2 0.4 0.4 0.2 0 0 0 0.6000000000000001 0 0 0.4 0 0.2 0.6000000000000001 0 0 0 9.600000000000001 0 0 0 0.2 0 0.4 0 0 0 0 8 4 6.2 0 0 0.2 0 0 10.200000000000001 0 0 0 0 0 0.6000000000000001 0 0 4.2 9.4 2 4.6000000000000005 3.4000000000000004 6.4 1.8 2.4000000000000004 0.6000000000000001 3.4000000000000004 1.8 0 4.4 0.2 2.8000000000000003 4.2 0 0 4.2 3 0 0 0 0 0 0 0 0 0 0 0 0 0 0 0 0 0 0 0 0 0 0 0 0.2 0.4 0 0 0 4.4 0 0 0.2 0 0 0 0 0 0 0 0 0 0 0 2.2 2.6 0.2 0 0 8.8 0 2.2 0 0 0 3.8000000000000003 0 0.4 0.2 0 0 12.200000000000001 4.6000000000000005 3.4000000000000004 3 0 4.4 3.8000000000000003 12 3.8000000000000003 1.6 0 0.4 0 2.8000000000000003 7.2 7.800000000000001 0 5 1.2000000000000002 2.6 0 0 0 0 0 4.2 0 0 0 0.2 0 0 0 0 0 0 0 0.2 0.2 0 0 0 0 0 0 0 0 0 0 0 0 0 0 0 0 0 0 0 0 0 0 0 0 0 0 0 0 0 0 0 0 0 0 0 0.8 0 0 15.4 7.2 0.4 0.6000000000000001 2.4000000000000004 0 0 0 0 0 0 0 0 0.2 0 0 0 0 0 2.2 0 0 0 0 1.8 0 0 0 0 0 0 0 0 
 0 0 0 0 30.8 14.600000000000001 0.6000000000000001 0 16.6 0 0 0 0.2 0 0 0 1.2000000000000002 0.4 0 0 71.60000000000001 59.800000000000004 52 31.200000000000003 15.200000000000001 6.4 36.4 0 11.600000000000001 7.6000000000000005 108 48.6 23.400000000000002 30.8 26.400000000000002 14.4 18.8 56.2 42.2 56.6 0 0 0 0 0 0.4 0.6000000000000001 0.2 0 0.4 0 0.8 0 0 0 0.2 0 0 0.2 0 0 0 0.6000000000000001 0 7.6000000000000005 0 0.4 0.2 0.6000000000000001 0 0 0 0 3.8000000000000003 0 0 0.2 0 0.4 0 0 0 0 2 2 0 0 0 0 0 0 0 0 0 0 0 0 0.4 0 0 0 3 2.4000000000000004 4 4.6000000000000005 2.2 0 4.6000000000000005 2.4000000000000004 6.4 9.4 3.6 4.6000000000000005 4.4 4.800000000000001 4 7.2 5 5.6000000000000005 0 0 0 0 0 0 0 0 2.6 0 0 1.8 0 10.200000000000001 0 0 0 0 0 2.4000000000000004 0.4 0 0 0 0 0 0 0 1.4000000000000001 0 0 1.6 0 0 0 0 0 0 0 0 0.2 0 0 0 0 0.2 0.2 0 0 0 0 2 2 0 0.2 1.8 0 0 0 0 0.2 7 3 1.6 0 5.2 3.2 2 0 0 2 6.6000000000000005 2 0 4.800000000000001 0.4 0.4 4 3.2 2.2 0 0 0 0 0 0 0 0 1.4000000000000001 0 0 0 0 0 0 0 0 0 0 0 0 0 0 0 0 0.4 0 0 0 1.4000000000000001 0 0 1.8 0 0 0 0 0 0 0 0 0 0 0 0 0 0 0 0 0 0.2 0 0 0 0 0 0 0.8 0.2 0 0.2 0.4 0 0 0 0 0 4.4 0 0 0 0 0 0 0 0 0 0 0 0 0 0 0 0 0 0 0 0 0 0 0 
 0 0 0 0 0 0 0 0.4 51.800000000000004 0 0 0.2 0 0 15.200000000000001 0 0 0 6.6000000000000005 0 18.6 67 28.8 32.2 16.8 47.6 23.400000000000002 11.600000000000001 0 46.400000000000006 21 8.8 29.400000000000002 11.200000000000001 19.200000000000003 23.8 67.60000000000001 9.4 59.800000000000004 42 0.4 0 0.2 0 0 0.2 0.2 0 0.6000000000000001 0 0 0 0 0 0 0.2 0.6000000000000001 0 0.6000000000000001 12.600000000000001 0.6000000000000001 0 0.6000000000000001 0 0 0 0 0.2 0.6000000000000001 0 0.6000000000000001 0 0.6000000000000001 0 0 0 8 0 0.4 0 0 0 0 0 0 0 0 0 0 0 0 0 0 0 0 2.6 0 0 0 0 1.8 6.2 9.200000000000001 5.6000000000000005 0 5.2 0 0 5.6000000000000005 0 0.2 2.2 0.4 2.2 2.2 3.6 0.6000000000000001 4.800000000000001 0 2.8000000000000003 9 0 0 0 0.2 0 4.6000000000000005 0 0 0 0 0 0 0 0 0 0 0 0 0 0 0 0 0 0 3.6 0 0 0.6000000000000001 0 0 0 0 0 0 0 0 0 0 0 0 0.8 0 0 0 0 0 0.2 0 0 0 0 0 0 0 0 3 0 0 0 4.800000000000001 1.6 2.8000000000000003 4 3.8000000000000003 0 2.4000000000000004 3.4000000000000004 7.2 3.6 0.2 11.200000000000001 0 0.6000000000000001 4 2.4000000000000004 1.8 3.6 0 0 0 0 0 0 0 0 3.4000000000000004 0 0 0 0 0 4.800000000000001 5.800000000000001 0 0 0 0 4.6000000000000005 0 0 0 0 0 0 0 0 0 0 0 0 0 0 0 0 0 0 0.4 0 0 0 0 2 0 0 0.4 0 0 0 0 0.4 0 0 0 0.4 0 0 30.8 15.8 0 0.4 5.2 0 0 0 0 0 0 0 0 0 0 0 0 0 0 0 0 0 2 0 5 0 0 0 0 0 0 0 0 
 0 0 0 0.4 15.600000000000001 0 0 0 0.2 0.4 0.4 0.2 0 0 0 0 0.4 0 0 0 36.4 25.8 28 30 15.600000000000001 16.8 40.800000000000004 7.6000000000000005 46.400000000000006 0 32 37.800000000000004 21.400000000000002 14.8 53 64 24.6 32.2 56.6 23 0 0 0 0 0 0 11.200000000000001 0 0 0 0 0 10.8 4.6000000000000005 0.2 0.2 0 0 18.8 12.200000000000001 0 0 0.6000000000000001 0 0 0 0 0 0.6000000000000001 0 0 0 0 0 0 0 0.4 0 0.4 0 0 0 0 0 0 0 0 0 0 0 0 0 0 0 0.4 0 0 0 0 0 0 2 2.6 6.800000000000001 2.2 5 0 1.6 0 4.6000000000000005 3 1.4000000000000001 0.2 0.2 1.4000000000000001 2.2 6.2 5 0 0.6000000000000001 1.8 0 0 0 0 0 5.800000000000001 0 0 0 0 0 2.2 0 1.8 3.6 0.4 0 1.2000000000000002 3.4000000000000004 0.2 0 0 0 0 0 0 0 0.2 0 0 0 0 0 2.4000000000000004 0 0 0 0 0 0 0 0 0 0 0 0 0 0 0 1.4000000000000001 0 0 0 0 1 0 0 0 0 1.8 8.200000000000001 4 14.200000000000001 2.2 2.2 0 5.6000000000000005 3.4000000000000004 6.2 0.6000000000000001 6.800000000000001 0 0.2 2.4000000000000004 0 6.4 9.4 2.6 0 0 0 0 0 0 0.4 0 0.8 0.4 0 0 0 7.4 4.2 0.2 0 0 0.2 2 1.4000000000000001 0 0 0 0 0 0.4 0 0 0 0 0 0 0 0 0 0 0 0 0 0 0 0 11.600000000000001 0 0 0 0 0 0 0 0 0 0 0 1.8 0.4 0 1 15.8 0.4 0 1.6 0 0 0 0 3.8000000000000003 0 0 0 0 0 0 0 0 0 0 0 0 4.4 0 3.6 0 0 0 6.6000000000000005 0 0 0 0 
 0.2 0 0 0 0 0.2 0.4 0 0 0 0.6000000000000001 0 0 0 0.8 0 0.4 1.2000000000000002 0 0.6000000000000001 21.8 43.400000000000006 54 88.4 35 16.2 19.400000000000002 108 21 32 0 10.8 31 51.400000000000006 11.4 36.4 28.8 43.800000000000004 22 61.400000000000006 0 0 0 0 0 0 0 0 0 0.2 0 0 0 0 0 0 0 0 12.8 0 0 0 0.6000000000000001 0 0 0 0 0.2 0.6000000000000001 0 0 0 0 0 0 0 0.2 0 11.600000000000001 0 0 0 0 0 0 0 0 0 0 3.6 0 0 0 0 0 0 0 0 0 0 0 0 4.800000000000001 7.4 3.2 5.800000000000001 0 3.4000000000000004 2.2 4.800000000000001 5.4 7 0 3.4000000000000004 2.8000000000000003 0.2 6 11.600000000000001 0 0 0 0 0 0 0 0 0.2 2.4000000000000004 0 0 0 0.2 5.4 0 0 4 0 0 4.800000000000001 5.6000000000000005 0 0 0 0 0 0 0 0.4 0 0 0.2 0 0 0.4 0 0.2 0 0 0 0 0 0 0 0 0 0 0 0 0 0 0 0 0 0.2 1.2000000000000002 0 0 0 0 0 0 4.800000000000001 3.8000000000000003 3.8000000000000003 10 5.4 2.2 2.8000000000000003 0.2 2 10.4 2.2 0 2.6 0 1.6 8.200000000000001 3.6 0 0.2 0 0 0 0 0 0 0 4.2 0 0 0 0 0.4 2.2 0 0 0 0 3.2 0 0 0 0 0 0 0 0 0 0.2 0 0.4 0 0 0 0 0 0 0 0 0 0 0 0 0 0 0 0 0 0 0 0 0 0 0 0 1.2000000000000002 0 15.8 0 0.2 2.8000000000000003 0.2 0 0 0 0 2.2 0 0 0 0 0 0 0 0 0 0 0 0 0 0 0 0 0 0 2.2 0 0 0 0 
 0.4 0.4 0.4 0.6000000000000001 0.4 0.4 0.4 0.4 0.4 0.4 1 0.4 0.4 0.4 0.8 1 0.4 0.4 0.6000000000000001 0.4 7.800000000000001 88 65.60000000000001 9.600000000000001 8.6 88.2 14.200000000000001 48.6 8.8 37.800000000000004 10.8 0 8.4 50.400000000000006 6.2 69.8 34.800000000000004 10.600000000000001 11.600000000000001 26.400000000000002 0 0 0 0 0 0.2 12.4 0 0 0 0 0.2 17.6 12.4 0 0.4 0 0 12.4 0.2 6.6000000000000005 0 0.6000000000000001 0 0 0 0 0.2 0.6000000000000001 0 0 0 0 0 0 0 0.2 0 0.4 0 0 0 0.2 0 0 0 0 0 0 0 0 0 0 0 0 0 0 0 0 0 1.4000000000000001 0.2 0.2 4.800000000000001 8.4 2.2 0 0 0.2 2 0.2 0.2 0.2 0 0 4.800000000000001 0.2 1.6 0.4 0 1.6 4 0 0 0 0 3.8000000000000003 0 1 0 0 0 4.800000000000001 3.2 2 3 1.8 5 2.4000000000000004 3.4000000000000004 0 0 0 0 0 0 0 0 0.8 0 0 0 0 0 0.2 0 2 0 0 1.6 0 0 0 0 0 0 0 0 0 0 0 0.2 0 0 0 1.8 0 0 0 0 0 0 3.2 3.8000000000000003 0.2 0 2 2.6 4.4 0 0.2 2.4000000000000004 0 0 1.2000000000000002 4 1.4000000000000001 2.4000000000000004 0 0 3.6 0 0 0 0 0 0 6.2 0 0 0 0 5.6000000000000005 0 0 0 0 0 0.4 0 0 0 0 0 0 0 0 0 0 0 0 0 0 0 0 0 0 0 0 0 0 0 0 0 0 0.2 0 0 0 0 0 0 0 0 0 0.4 0.4 18.8 26.200000000000003 0.2 0 1.4000000000000001 0 0 0 0 0 0 0 0 0 0 0 0 0 0 0 0 0 0 0 1.6 0 0 0 0 2 0 0 0 
