 0 77.2 115 81 9.600000000000001 6 52.6 34.2 25.200000000000003 3.4000000000000004 26.200000000000003 8.6 10 12.4 4.800000000000001 28 28.200000000000003 21.6 29 13 0 0 1 0 0.6000000000000001 0.2 0 0.4 0 0 0.6000000000000001 0 0 1 0.4 0 0.6000000000000001 0.6000000000000001 0.4 0 0 0 0 0 0 0 0 0 0.6000000000000001 0 0 0 0 0 0 0 0 0 0 0 0.4 0 0 0 0 10.8 0 0 0 0 0 0.4 0 0.4 0 0.2 0.4 0 0 0 0.6000000000000001 1.8 5.6000000000000005 8 6.4 0.2 3 4.2 12.8 5 2.4000000000000004 2.8000000000000003 0.6000000000000001 15 2.6 4.2 4 10.4 2.6 2.2 0 0 0 0 0 0 0 0 0 0.2 0 0 0 0 0.4 0 0 0 1.8 0 0 0 0 2.6 0 0 0.4 0 0 0 0 0 2.2 0 0 0 3.6 0 0 0 0 0 0 0 0 0 0 0 0 0 0 0 0.4 0 0 0 0 0 0 0 2.4000000000000004 4.800000000000001 3.6 3.2 0 2 6.2 3.8000000000000003 4 2.6 1.4000000000000001 3.6 0 0 5 0 9 2 6.4 0 0 0 0 0 0 0 0 0 0 0 0 0 0.2 2.8000000000000003 0 0 0 0.4 0.4 0.8 0 0 0 0 0 0 0 0.2 0 0 0 0 0.4 0 0 0 0 0 0 0 0.4 0 0 0 0 0 0 0 0 0 0 0 0 0 0 0 0 0 0 0 0 0.4 0 0 0.4 0.4 0 0 0.2 8.6 0 1.2000000000000002 0 0 0 0 0 0 0 0 0 0 2.2 0 0 0 0 0 0 0 0 0 0 0 0 0 5.800000000000001 0 0 0 0 0 0 0 0 0 0 0 0 0 
 77.2 0 86.2 18.2 4.4 6.6000000000000005 17.6 63.6 47.400000000000006 6.4 8.8 5.2 115.4 30.6 104.80000000000001 35.2 41.6 8.4 69.2 11.600000000000001 0 0 0 0 0 1 0 0.2 0.6000000000000001 0.4 0 0 0 0.4 0.4 0.6000000000000001 0 0.6000000000000001 0.2 0 0 0.8 0.2 0 0.6000000000000001 0 0 0 0 0.4 0.4 0 0 0 0 0 0 0 0 0 0 0 0 0.6000000000000001 0 0 0 0 0 0.4 0.4 0 0 0.6000000000000001 0.2 0 0 0 0 0 9 5.2 2.6 1.2000000000000002 0 3.6 1.8 0.4 0.6000000000000001 1.8 0 4 2.4000000000000004 3 4.6000000000000005 4 0 0 6.800000000000001 2.4000000000000004 3.8000000000000003 0 0 0 0 0 0 0 0 0 0 0 0.4 4 0 0 0 0 0.2 4.4 0 0 0 5.800000000000001 0.4 0 0 0 0 0 0 0 0 0 0 0 0 0 0 0 0 0 0 0 0 0 0 0 0 0 0 0 0 0.4 0 0 0 0 0 0 4.6000000000000005 0 3.2 1 0 0.2 0.2 3.2 0 6 0.6000000000000001 0 3 0 0 3.4000000000000004 0.2 2 5.2 0 0 0 0 0 0 0 0 0 0 0 0.4 0 0 0 0 0 0 0 0 0 0.4 0 0 0 0 0 0 0 0 0 0 0 0 0 0 0.4 0 0 0 0.4 0 0 0 0 0 0 0 0 0 0 0 0 0 0 0 0 0 0 0 0 0 0 1.6 0 0 0 1.4000000000000001 0 1 0 2.8000000000000003 0.8 0 0 0 0 0 0 0 0 0 0 0 0 0 0 0 0 0 0.2 0 0 0 0 0 0 0.2 2.4000000000000004 0 0 0 0 0 0 0 0 0 0 0 0 
 115 86.2 0 61.6 5.6000000000000005 8 25.200000000000003 61.400000000000006 72.4 30.200000000000003 10.8 26 14.8 25.6 17.6 12 45.6 9.8 49.800000000000004 11.4 0 0 0 0 0 0.6000000000000001 0 0.2 0.6000000000000001 0 0 0 0 0.6000000000000001 0.2 0.6000000000000001 0.2 0 0.2 0 0 1 0 0 0.6000000000000001 0 0 0 0 0 0.4 0 0 0 0 0 0 0 0 0 0 0 0 0.6000000000000001 0 0 0 0 0 0.4 0.6000000000000001 0 0 0 0 0 0 0 0 0 0 5 4.6000000000000005 4.2 1.6 5.800000000000001 0 3.2 2.2 4.2 0 7.2 5.4 8.6 0 3.4000000000000004 7.2 3.4000000000000004 2.6 2.6 8.4 0 0 0 0 0 1 0 0 0 0 0 0 5 0 0 0 0 0 4.2 0 0 0 0 0 2.2 0 0 0 0 0 0 0 0 0 0 2.8000000000000003 0 0.4 0 0 0 0 0 0.2 0 0 0 0 0 0 0 0 0 0 0 0 0 0 0 5.800000000000001 3.2 8.200000000000001 6.4 0 0 0 2.6 0.4 5.6000000000000005 3 8.6 0 0 7 2.8000000000000003 6.800000000000001 4 2.6 0 0 0 0 0 0 0 0 0 0 0 0 0 0 0 0 0.4 0 0 3 2.2 0 0 0 0 0 0 0 0 0 0 0 0.2 0 0 0 0 0 0 0 0 0 0 0 0 0.2 0 0 0 0 0 0 0 0 0 0 4 0 0 0 0 0 0 0 0 0 0 2.4000000000000004 0 0.2 9.200000000000001 0 0 2.2 0 0 0 0 0 0 0 0 0 0 0 0.4 0 0 0 0 0 0 0 0 0 0 0 5 2.2 0 0 0 0 0 0 2.6 0 0 0 0 0 
 81 18.2 61.6 0 19.200000000000003 16.2 48.2 24 17 33.800000000000004 58.400000000000006 60.800000000000004 20 14 14 12.600000000000001 9.8 45.400000000000006 30.6 13.600000000000001 0.4 15.200000000000001 0 0 0 0.6000000000000001 22.400000000000002 0 0.6000000000000001 0 0 0 19.6 0.6000000000000001 27.8 0.6000000000000001 0 0 0.4 6.6000000000000005 0 0.6000000000000001 0.2 0 0.6000000000000001 0 0 0 0 1.8 0.4 0 0 0 0 0 0.6000000000000001 0 1.4000000000000001 0.2 0 0 0 0.6000000000000001 0 0 0 0 0 0.4 0.4 0 0 0 0 0 0 0 0 0 0 0 3.2 4.2 10.200000000000001 0 2.2 2.2 4 8.200000000000001 12.8 10.4 0 0.2 1.8 0 4.4 3.4000000000000004 0 0 0 0 0 0 2.6 0 0.2 5.2 0 0 0 0 2.2 2.6 3.8000000000000003 2.8000000000000003 0 0.6000000000000001 5.4 2.6 0 0 0 0 0 0 0 0 0 0 0 0 0 0 0 0 0 0 0 0 0 0 0 0 0 0 0 0 0 3 0 0 0 0 0 0.2 0 0 0 0 3.8000000000000003 2.6 3.2 0 2.8000000000000003 3.4000000000000004 0.4 3.8000000000000003 7.4 3.2 18.2 4.2 4 0 3.6 0.8 4 7.800000000000001 3 0 0 0.6000000000000001 0 0 0 0 3.6 2 0 2.8000000000000003 0 0 3.8000000000000003 2 1.4000000000000001 3.4000000000000004 0 0.4 3.6 4.6000000000000005 0 0 0 0 0 0 0 0 0 0 0 0 0 0 0 0 0 0 0 0 0 0 0 0 0 0 0 0 0 0 0 0 0 0 0 0 0 0 0 0 0 0 0 0 0 0.6000000000000001 0 0.2 0.2 17.6 0.4 0.8 0 0 0 0 0 0 0 0 0 0 0 0 0 0 0 0 0 0 0 0 0 0 0 0 0 2.4000000000000004 0 0 0 0 0 0 0 0 0 0 0 0 
 9.600000000000001 4.4 5.6000000000000005 19.200000000000003 0 75.60000000000001 7.6000000000000005 10 9.8 56 26.200000000000003 47.2 55 24.400000000000002 26.8 35 26.8 70.4 54.2 50.2 12 28.6 0 0 0 1.4000000000000001 26.400000000000002 14.600000000000001 16 0 0 0 26.6 0.2 29.6 0.6000000000000001 11.8 0 2.2 35.4 0 0.6000000000000001 0 0 0.6000000000000001 2.8000000000000003 0 0 0 0.2 0.4 0 0 0 0 0 0 0 0 0.4 0.4 0 0 0.6000000000000001 0 0 0 0 0.8 0.8 0.4 0.8 0 0 0 0.2 0 1.4000000000000001 0 0 0 0 2.2 3 0 3.2 3 0 0 0 4.2 7.4 0 0 0 0.6000000000000001 2 4.6000000000000005 0 0 2.6 2.2 3.4000000000000004 0 0 0 0 1.4000000000000001 0.2 5.2 0 4 1.8 2.4000000000000004 3.8000000000000003 2.8000000000000003 2.6 0 4 3.8000000000000003 0 0 0 0 0 0.4 0 0 0 0 0 0.2 0 0 0 0 0 0 0 0.4 0 0.2 0 0 0 0 0.6000000000000001 0 0 0 0 0 0 0 0 0 0 0 0.2 0 0 0 0 0 9 6.2 0 0 0 0.2 0 4.2 0 0 1.8 0 0 0 0 0 0 0.2 0 0 4 0 2.8000000000000003 1.2000000000000002 2.6 7.4 0 2.8000000000000003 3.6 15.600000000000001 0.6000000000000001 4.2 0 3 1.8 2 0 0 0 0 0 0 0 0.6000000000000001 0.2 0 0 0 0 0 0 0 0 0 3.4000000000000004 0 0 0 0 0.2 0 0 0.2 0 0 0 0 0 0 0 0 0 0 0 0.2 0.4 0 0 0 0 0 0.8 19.8 0 1 0.2 0.2 0.4 0 0 0 0 0 0 0 0 0 0 0 0 0 0 0 0 0 0 0 0 0 0 0 0 0 0 0 0 0 0 0 0 0 0 0 0 0 0 
 6 6.6000000000000005 8 16.2 75.60000000000001 0 65 6.6000000000000005 8.8 13.200000000000001 59.2 54.400000000000006 5.800000000000001 11 7.800000000000001 17.2 14 12.200000000000001 52.6 12.200000000000001 46 15.200000000000001 15 0.4 0 0.6000000000000001 0.4 0.2 1 1.8 0 0 0.2 30.6 4.4 0.6000000000000001 15 15 49.400000000000006 29.200000000000003 0.4 0.6000000000000001 0.6000000000000001 0.6000000000000001 0.6000000000000001 0.4 0 0 0.4 1.2000000000000002 0.4 0 0.4 0 0 0.6000000000000001 1.2000000000000002 0 0.4 0 0.6000000000000001 0 0 0.6000000000000001 0 0 0 0.6000000000000001 1.2000000000000002 0.4 0.6000000000000001 0 0 0 0 0 0 0 0 0 0 0 0 0 0 3 0 0 0 2.6 2 4.800000000000001 0 0.2 1.4000000000000001 0 0 0 0 0 3 0 1.4000000000000001 0 0 0 4.800000000000001 2.2 3.4000000000000004 7.6000000000000005 2.2 3.2 1.2000000000000002 2 0 2 0 1.6 0 0 0 0 0 0 0 0 0 0 0 0 0 0 0 0 0 0 0 0 0 0 0 0 0 1.6 0 0 0 0 0 0 0 0 0.4 0 0 0 0 0 0 0 0 0 0 0 3.6 6.800000000000001 0 5.800000000000001 3.2 0 1.6 1.8 2.8000000000000003 0 0 0.2 0 3 0 0 2.8000000000000003 3.8000000000000003 0 0.2 0 0 11.4 0 0 0.2 0 1.6 0 0 3.6 0 2.6 1.2000000000000002 5.2 14.4 0 0 0 0 0 0 0 2.4000000000000004 0 0 0 0 0.4 0 0.4 0 0 0 0 0 0 0 0 0 0 0 0 0 0 0 0 0 0 0 0 0 0 0 0 0 0 0.8 0 0 0 0 0.8 0 1.2000000000000002 0.2 0 0.4 0 0 0 0 0 0 15 0 0 0 0 0 0 0 0.6000000000000001 0 0 0 0 0 0 0 0 1.4000000000000001 0 0 0 0 0 0 0 0 0 0.2 0 0 0 0 
 52.6 17.6 25.200000000000003 48.2 7.6000000000000005 65 0 36.4 48.800000000000004 66.60000000000001 51.400000000000006 11.200000000000001 34.4 27.200000000000003 26 54.6 5.4 31.400000000000002 38.800000000000004 49.2 0 0 0 0 0 0.6000000000000001 0 0.2 0.6000000000000001 0 0 0 16.8 0.6000000000000001 0 0.6000000000000001 0 0 0.4 0 0 0.8 0 0 0.6000000000000001 0 0 0 0 0.8 0.4 0 12.200000000000001 0 0 0 0 0.2 0.6000000000000001 0 0 0 0 0.6000000000000001 0 8 0 0 0 0.4 0.6000000000000001 0 0 1.2000000000000002 0 0 0 0 0 0 6 0 2.6 2.2 0 0 1.6 10.8 2.2 7.800000000000001 0 6.4 0 6.2 5.800000000000001 14.600000000000001 0 0.4 6 2.6 0 0 0 0 0 0 0 0 0 0 0 0 0 0 0 0 0 0 0 0 0 0 0 0 0 0 0 0 0 0 0 0 0 0 0 0 0 0 0 0 0 0 0 0 0 0 0 0 0 0 0 0 0 0 0 0 0 0 0 0 1.6 3.6 2 3.2 0 1.4000000000000001 0 3 2.6 0 0 0 7.2 0.2 3.6 6.800000000000001 0.2 0 2.8000000000000003 5 0 0 0 2.6 0 0 0 0 0 0 0 0 0 0 0 0 0 0 1.8 0.2 0 0 0 0 0 0 0 0 0 0 0 0 0 0 0 0 0 0 0 0 0 0 0 0 0 0 0 0 0 0 0 0 0 0 0 0 0 0 0 0 0 2.6 0 0 0 0 0.2 0.4 0.2 0 4.800000000000001 0.6000000000000001 0 0 0 0 0 0 0 0 0 0 0 0 0 0 0 0 0 0 0 0 0 0 0 0 1 0 0 0 0 0 0 2.2 0 0 0 0 0 0 
 34.2 63.6 61.400000000000006 24 10 6.6000000000000005 36.4 0 41.400000000000006 26 50 5 66.60000000000001 23.400000000000002 18.400000000000002 29.400000000000002 27 100.80000000000001 15 27.400000000000002 0 0.4 0 0 1.2000000000000002 0.6000000000000001 0 0.2 0.6000000000000001 0 0.8 0 0 1.6 0.2 0.6000000000000001 0.8 0.8 0.4 0.6000000000000001 0 0.6000000000000001 0 0 0.6000000000000001 0 0 0 1.2000000000000002 0.4 0.4 0 0 0 0 0 0 0 0.2 0 0 0 0 0.6000000000000001 9.200000000000001 0 0 0 0 0.4 0.6000000000000001 0.8 0 0 0 0.4 0 0 0 0 2 4.2 0.4 4.2 1.8 2.6 3 9.4 4.800000000000001 6.4 1.4000000000000001 4 2.2 6.2 4.6000000000000005 13.600000000000001 2 1 4 5.6000000000000005 0 0 0 0 0 0 0 0 0 0 0 0 0 0 0 0 0 0 0 4.4 0 0 0 0 0 6.4 0 0 0 0 0 0 0 0 0 0 2.4000000000000004 0 0 0 0 0 0 0.2 0 0 0 0 0 0 0 0 0 0 0 1.8 0 0 0 0 7.800000000000001 5.4 0.2 6.2 0 1.6 0 3.4000000000000004 3.4000000000000004 0 1.4000000000000001 0.2 5.2 0 3.6 5 7.800000000000001 6.6000000000000005 0.2 4.6000000000000005 0 0 0 0 0 0 0.8 0 0 0 0 0 0 0 0 0 0 0 3.8000000000000003 3.2 0 0 0 0 0 0 0 0 0 0 5 0 0 0 0 0 0 0 0 0 0 0 0 0 0 0 0 0 0 0 0 0 0 0 0 0 0 0 0 0 0 0 0 0 0 0.6000000000000001 0 0.4 17.8 1.4000000000000001 0 1.8 2.2 0 0 0 0 0 0 0 6 0 0 0 0 0 0 0 0 0 0 0 0 0 0 0.2 4.6000000000000005 0 0 0 0 0 0 0 0 0 0 0 0 0 
 25.200000000000003 47.400000000000006 72.4 17 9.8 8.8 48.800000000000004 41.400000000000006 0 50.6 59.6 6.6000000000000005 28.6 24 22.200000000000003 16 25.6 20.6 49.800000000000004 44.400000000000006 0 0 0 0 0.8 0.6000000000000001 0.6000000000000001 0.2 0.6000000000000001 0.4 0 0.2 0.8 0.4 0.2 0.6000000000000001 0 0 0.2 0 0 1 0 0 0.6000000000000001 0 0 0 0 0.4 0.4 0.6000000000000001 0 5.4 0 0 0 0 1.4000000000000001 0 0 0 0 0.6000000000000001 4.800000000000001 0.4 0 0 0 0.4 0.4 0 0 0 0 0 0 0 0.6000000000000001 0 2 3.6 0 2.2 4 15.8 2.2 5 6.6000000000000005 7 0 6.800000000000001 0 6.4 0.2 3.6 2.2 0.2 0 0 4.6000000000000005 0 0.2 0 0 0 0.2 0 0 0 0.2 0 0 4 0 0 0 0 0 5.2 0 0 0 0.2 0 4.800000000000001 0 0 0 0 0 0 0 0 0 0 2 0 0 0 0 0 0 0 0 0 0 0 0 0 0 0 0 0 0 0 0 0 0 0 6.4 5.800000000000001 2 2 0 0 0 8.4 6.4 3.4000000000000004 2.8000000000000003 0.2 11.600000000000001 0 0 14.8 5.4 9.600000000000001 0 0 0 0 0 0 0 0 0 0 0 0 0 3.2 0 0 0 0 0 0 4.2 0.2 0 0 0 0.2 0 0 0 0 0 0 0 0 0 0 0 0 0.2 0 0 0 0 0 0 0 0 0 0 0 0 0 0 0 0 0 0 0 0 0 0 0 0 2.6 0 0 0 0.2 2.4000000000000004 0.4 0.4 9.4 0.2 0.2 3 0 0 0 0 0 0 0 0 0 2.2 0 0 0 0 0 0 0 0 0 0 0 0 0 1 3 0 0 0 0 0 0 0 0.4 0 0 0 0 
 3.4000000000000004 6.4 30.200000000000003 33.800000000000004 56 13.200000000000001 66.60000000000001 26 50.6 0 33.800000000000004 33.6 14.8 13.4 15.8 38.6 38.800000000000004 52.6 16.400000000000002 55.400000000000006 0 0 0 15.200000000000001 0 0.6000000000000001 0.4 0.6000000000000001 0.6000000000000001 0 0 0.4 15.4 16.2 0.4 0.6000000000000001 0 0 15.600000000000001 30.200000000000003 0 0.6000000000000001 0.2 0 0.6000000000000001 0 0 0 0 0.4 0.4 0 0 0 0 0 0 0 0 0 0 0 0 0.6000000000000001 0 9.8 0 0 0 0.4 0.4 11.200000000000001 0 0 0 0 0.2 0 0 0 0.2 5.6000000000000005 0.2 2 5.800000000000001 0.4 8.6 9.600000000000001 0.4 6.4 9.600000000000001 6 0 2.6 2.4000000000000004 4.6000000000000005 1.8 0 4.2 1.6 4.6000000000000005 0 0.2 0 0 0 11 0.2 0 0 0 0 5 3.8000000000000003 0.8 0 0 0 6.4 2.6 0 0 2.2 0 0.2 0 0 1.8 1.8 0 1.4000000000000001 0 0 0 1.6 0 0.4 0 0 0 0 1 0 0 0 0 0.4 0 0 0.4 0 0 0 0 0 0 0 0 0 0 0 2.6 0.8 3.2 2.6 0 0 4.800000000000001 4.4 3.6 0 0.4 0.2 2.6 0.2 9.8 0.2 0.2 4.2 7.2 0.2 0 0 0 0 4.800000000000001 0 0 4.4 0 0 0 0.4 0 0 0 0 0 3.4000000000000004 0 0 0 0 0 1.2000000000000002 0 0.2 1.4000000000000001 0 0 0 0 0 0 0 0 1.8 1.8 0 0 0 0 0 0 0 0 0 0 0 0 0 0 0 0 0 0 0 0 0 0 0 0 1.4000000000000001 0 0 0 18 0 0.2 0 0 0 0 0 0.4 0 0 0 0 0 0 0 12.600000000000001 0 0 12.600000000000001 0 0 0 0 0 0 0 0 0 0 1.4000000000000001 0 0 0 0 0 0 0 0 1.4000000000000001 0 0 0 0 
 26.200000000000003 8.8 10.8 58.400000000000006 26.200000000000003 59.2 51.400000000000006 50 59.6 33.800000000000004 0 63 6.6000000000000005 51.2 9.200000000000001 96.80000000000001 24.400000000000002 58.2 11.4 15.4 0 14.8 0 0 0 0.6000000000000001 24.6 0.4 0.6000000000000001 0 0 15 31.6 15.600000000000001 29.400000000000002 0.6000000000000001 0 0.4 15.200000000000001 36.6 0 0.6000000000000001 0 0 0.6000000000000001 0 0 0 0 0 0.4 0 0 0 0 0 0.2 0 0 0 0 0 0 0.6000000000000001 0 0 0 0 0 0.6000000000000001 0.6000000000000001 0 0 0 0.4 0 12.600000000000001 0 0 0 0 0 0 9 16.2 0 5.2 2 0 3.6 6.6000000000000005 3 0 0 0.2 0 6.2 0 0 0 9.4 0 0 0 0 0 7.800000000000001 5.6000000000000005 0 0 0 0 4.6000000000000005 6.6000000000000005 3.4000000000000004 2.8000000000000003 0 0 3.4000000000000004 2.2 0 0 0 0 0.4 0 0 0 0 0 0 0 0 0 0 4.800000000000001 0 0 0.4 0 0 1 0 0 0.2 0 0 0 0 0 0 0 0 0 0 0 0 0 0 0 0.2 2.6 0 0 8.6 0 2.8000000000000003 2.4000000000000004 2.8000000000000003 2 0 1 0 0 0 2.8000000000000003 3 0.2 4 0 0 0.2 0 0 0 0 3.6 2.6 9.4 3.2 0.4 0 3.8000000000000003 1.8 0 3.4000000000000004 0 0 3.4000000000000004 0 0 0 0 0 0 0 0 0 0 0 0 0.4 0 0 0 0 0 0 0 0 0 0 0.2 0 0 0 0 0 0 0 0 0 0 0 0 0 0 0 0 0 0 0 0 0 0 0 17.400000000000002 0 0.4 18.2 0 0 0 0 0 0 0 0 0.4 0 0 0 0 0 0 0 0 0 0 0 0 0 0 0.2 0 0.2 0 0 0 0 0 0 0 0 0 0 0 0 0 0 
 8.6 5.2 26 60.800000000000004 47.2 54.400000000000006 11.200000000000001 5 6.6000000000000005 33.6 63 0 5.800000000000001 7.2 6 18.2 62.400000000000006 72 3.2 2.6 15.600000000000001 0 15.600000000000001 14.600000000000001 0 0.6000000000000001 21.8 0 1 0 0 0 49 0.4 27.6 1 0 0 0.6000000000000001 16.8 0 0.6000000000000001 0.4 0 0.6000000000000001 0 0 0 0 0.6000000000000001 0.4 0 0 0 0 0 0.8 0 0 0 0 0 0 0.6000000000000001 0 0 0 0 2.6 0.4 0.8 0 0 0 0.2 0 0 0 0 0 0 2 3.2 0 2.6 4 0 2 3.2 0.4 2.6 0 0 4.6000000000000005 0 0 2.8000000000000003 7.800000000000001 0 0 0 0 0 0 0 0 3.2 3.6 6 4.800000000000001 2.4000000000000004 0 5 4.4 2.8000000000000003 2.6 0.2 0 17.6 0 0 0 0.2 0 0 0 0 0 0 0 0 0 0 0 0 0 0.4 0 0 0 0 0 0 0 0 0 0.4 0 0 0.4 0 0 0 0 0 0 0 0 0 0 3 2.6 2.4000000000000004 0 4 6.4 0 0 10 0.4 5.4 7.2 0 0 3.4000000000000004 0 15.4 2.2 0 0 0.2 4.2 0 0 0 0 2 0 0 3 0 0 1.4000000000000001 2.6 0 3.2 0 0 1.6 1 0 0 0 0 0 0 0 0 0 0 0 0 0 0 0 0.8 0 0 0 0 0 0 0 0 0 0 0 0 0 0 0 0 0 0 0 0 0 0 0 0 0 0 0 0 0 0.2 0.8 0 0.8 2.8000000000000003 0 1.8 0 0.4 0 0 0.4 0 0 0 0 0 0 0 0 0 0.4 0 0 0 0 0 0 0 0 0 3.6 0 0 0 0 0 0 0 0 0 0 0 0 0 
 10 115.4 14.8 20 55 5.800000000000001 34.4 66.60000000000001 28.6 14.8 6.6000000000000005 5.800000000000001 0 9.4 7.4 22.400000000000002 49 5 55 83.4 0 0 0 0 0 0.6000000000000001 0 0.4 0.6000000000000001 0 0 0 0 0.6000000000000001 0.4 0.6000000000000001 0 9.4 0.4 0 0 0.6000000000000001 0 0 0.6000000000000001 0 0 0.6000000000000001 0 0 0.4 0 0 0 0 0 0 0 0 0 0 0 0 0.6000000000000001 0 0 0 0 0 0.6000000000000001 0.6000000000000001 0 0 0 0 0 0 5.6000000000000005 0 0 2.2 0 0.2 0 0 0 0 0.2 0 0 0 0 0 0 0.2 3.2 0 0 3.8000000000000003 0.2 0 0 0 0 0 0 0 0 0 0 0 0 0 0 0 0 0 0 0 0 0.4 0 0 0 0 0 0 0 0 0 0 0 0 0 0 0 0 0 0 0 0 0 0 0 0 1.6 0 0 0 0 0 0 0 0 0 0 0 0 0 0 0 0 2.8000000000000003 0 0 0.6000000000000001 0 3.4000000000000004 0 0 0 0 0.2 6.6000000000000005 0 1.6 4 0 0.2 2.2 0 0 0 0 0 0 0 0.2 0 0 0 0 0 0 0 0 0 0 0 0.4 0 0.4 0.4 0 0 0 0 0 0 0 0 0 0 0 0 0 0 0 0 0 5.800000000000001 0 0 0 0 0 0 0 0 0 0 0 0 0 0 0 0 0 0 0 0 0 0 0 0 0 0.2 0 0 0 0.8 1.4000000000000001 0 0 0 0 0 0 0.6000000000000001 0 0 0 4.4 0 0 0 0 0 0 0 0 0 0 0 0 0 0 0 0 0 0 0 0 0 0 0 0 0 0 0 
 12.4 30.6 25.6 14 24.400000000000002 11 27.200000000000003 23.400000000000002 24 13.4 51.2 7.2 9.4 0 53 91.80000000000001 43.6 44.400000000000006 34 36.4 0.6000000000000001 0.2 0.4 0.8 0.4 1.2000000000000002 0 0.2 7.4 3.4000000000000004 14.8 0 0 0.2 0 0.6000000000000001 0 0 0.4 0 0 1 0.4 0 0.8 0 0 0.2 0 0.8 0.4 0.4 0 0 0.2 0 0 0.2 0 0 0 0 0 0.6000000000000001 0 0 0 0 0 0.4 0.4 6.2 0.2 0.4 0 0 0.2 0 0.4 0 4.4 1 2.4000000000000004 2 0 4.2 4.4 2.6 16 0 3.6 0 0 2.6 0 2.6 2.8000000000000003 12.200000000000001 0.4 2.8000000000000003 0 0.4 0 0 0 0 0 2 0 0 0 0 0 0.2 0 0 0 0 2.8000000000000003 0 11.200000000000001 0 1 0 0 0 0 0 0 0 0 0 0 0 0 0.4 0 0 0 0 0 0 0 0 0 0 0.4 0 0 0 0 0 0 0 0 0 0 0 0 0 3.2 0 3 0 0 2.2 0.4 0 2.6 0 0 2 2.6 0 0 0 0.2 0.4 0 0 0 0 0 0.2 0 0 0 0 0 0 0 0 0 0 0 0 0 0 2.6 0 0 0 0 0 0 0 0 0 0 0 0.2 0 0 0 0 0 0 0 0 0 0 0 0 0 0 0 0 0 0 0.4 0 0 0 0 0 0 0 0 0 0 0 0.2 0 0 0 0.4 0.2 0 17.6 0.2 1.8 0 0 0 0 0 0 0 3.2 0 0 0 0 0 0 0 4.4 0 0 0 0 0 0 0.2 0 0 0 0 0 0 0 0 0 0 0 0 0 0 0 0 
 4.800000000000001 104.80000000000001 17.6 14 26.8 7.800000000000001 26 18.400000000000002 22.200000000000003 15.8 9.200000000000001 6 7.4 53 0 92 68.8 6.800000000000001 16.8 43.400000000000006 0 0 0 0 0.2 0.6000000000000001 0.2 0.2 0.6000000000000001 0 0.2 0 0.4 0.6000000000000001 0.2 0.6000000000000001 0.4 0 0.2 0 0 1 0 0 0.6000000000000001 0 0 0 0 0 0.4 0 0 0 0 0 0 0 0 0 0 0 0 0.6000000000000001 0 0 0 0 0 0.4 0.6000000000000001 0 0 0.4 0 3 0 0 0 0 3.6 0 0.6000000000000001 2.4000000000000004 0 6.4 4.800000000000001 12 3 2 3.8000000000000003 4.4 2 3.8000000000000003 0.4 2 0.4 3 2.2 3.8000000000000003 4.2 0 0 0 0 0 0.4 0 0 0 0 0 0 5.2 0 0 0 0 0 4 0 0 0 0 0 0 0 0 0 0 0 0 0 0 0 0.2 0 0 0 0 1.4000000000000001 0 0 0 0 0 4 0 0 0 0 0 0 0 0 0 0 0 0 0 13.200000000000001 0 3 0 0 0 2.8000000000000003 3.2 1.6 3.8000000000000003 0.6000000000000001 2.4000000000000004 9 0 2.8000000000000003 0 2.6 2 3.8000000000000003 0 0 0 0 0.4 0 0 0 3.6 0 0.4 0.2 0 2.2 0 0 0 0 0 3.4000000000000004 0 0 0 0 0 0 0 0 0 0 0 0 0 0 0 0 0 0 0 0 0 0 0 0.4 0 0 0 0 0 0 0.2 0 0 0 0 0 0 0 0 0 0 0 0 0 0 0 0 2 0 18 0.6000000000000001 2.4000000000000004 0.2 0 0 0 0 0 0 0 0 0 0 0 0 0 0 0.4 0 0 0.4 0 0 0 0.4 0 0 0 2.2 0 0 0 0 0 0 0 0 0 0 0 0 
 28 35.2 12 12.600000000000001 35 17.2 54.6 29.400000000000002 16 38.6 96.80000000000001 18.2 22.400000000000002 91.80000000000001 92 0 42.6 11.4 50.6 31.8 0.4 0 0 0 0.6000000000000001 0.6000000000000001 0 0.6000000000000001 0.6000000000000001 0.4 0 0.4 0.4 0.8 0.2 0.6000000000000001 0 0 0.4 0 0 0.8 0.2 0 0.6000000000000001 0 0.4 0.4 0.4 0.4 0.4 0 0 0 0.2 0 0 0.4 0 0 0 0 0 1 0 0 0 0 0.2 0.4 0.4 0 0 0.6000000000000001 0 0 0 0 0 0.4 2.2 0 5.2 2.4000000000000004 0.6000000000000001 3 6.800000000000001 3.8000000000000003 4.4 0 3 0 3 3 2.6 6 5 2.8000000000000003 8.6 1.6 0 0 0 0 0 3.6 11.4 0 0 0.2 0 0 4 3.6 0.2 0 1.2000000000000002 0 0 3.2 0 0 0 0.2 0 0 0.2 0 1.4000000000000001 0 0.4 0 0 0 0 0 0 0 0 0 0 2.4000000000000004 0 0 0 0 2.8000000000000003 0 0 0 0 0 0.2 0 0 0 0 0 0 0 2 0 0.4 7.2 0 0 0.4 5.800000000000001 0 0 0.8 4 3.4000000000000004 0 0 2.6 7 0 6.2 3.8000000000000003 0 0 0 0 0 0 0 9.600000000000001 0 0 0 0 3.4000000000000004 0 0 0 0 0.4 0 0 0 0 0 0 0 0.4 0 0 0 0 0 0 0.2 0 0.2 0 0 0 0 0 0 0 0 0 0 0.2 0 0 0 0 0 0 0 0 0 0 0 0 0 0 0 0 2.8000000000000003 0 0 0.4 0.2 0.2 8.8 0 4.2 5.800000000000001 0 0 0 0 0 0 0 0 0 0 0 0 0 0 0 0 0 0 0 0 0 0 0 0 0 0 0 0 0 0 0 0 0 0 0 0 0 0 
 28.200000000000003 41.6 45.6 9.8 26.8 14 5.4 27 25.6 38.800000000000004 24.400000000000002 62.400000000000006 49 43.6 68.8 42.6 0 29.6 3.8000000000000003 51.800000000000004 14.600000000000001 0 0 0 0 0.6000000000000001 0.2 0 0.6000000000000001 0 0 0 14.4 0.4 0.4 0.6000000000000001 0 0.4 0.2 14.8 0 1 0 0 0.6000000000000001 0 0 0 0 0.2 0.4 0 0 0 0 0 0 0 0 0 0 0 0 0.6000000000000001 0 0 0 0 0 0.8 0.6000000000000001 0 0 0 0 0 0 0 0 0 0 6.4 3.2 0 1.2000000000000002 8 0 0 0 1.6 7.2 0.4 2.6 1.4000000000000001 0 0.2 4.2 5.2 0 1.2000000000000002 3.6 0 0 0.4 0 0 2.4000000000000004 0 0 3.6 0 0 2 2.4000000000000004 3 0 0 0 0.2 2.2 0 0 0 0 0 11.4 0 0 0 0 0 0 0 0 0 0 2.2 0 0 0 0 0.2 0 1.4000000000000001 0 0 4.4 0 0 0 0.4 0 0 0 0 0 0 0 0 0 8.200000000000001 0 5.6000000000000005 1.8 2 2.2 0 1.4000000000000001 0 2.8000000000000003 15 2.8000000000000003 0 0 2.4000000000000004 3 11.200000000000001 7 0 0 0 0 0 0 0 0 0 3 2.8000000000000003 0 0 0 1.8 0 0 0 0 0 0 2.4000000000000004 0 0.2 0 0 0 0 0 0 0 0 0 0 0 0 0 0 0 0 0.4 0 0 0 0 0.2 0 0 0 0 0 0 0 0 2.6 0 0 0 0 0 0 0.4 0 0 0 0 0 0 37.6 0 0.2 0.2 0 0 2.6 0 0 0 0 0 0 0 0 0 0 0 0 0 0 0 0 0 0 0 0 0 0 2 1.8 3.2 0 0 0 0 0 0 0 0 0 0 0 0 
 21.6 8.4 9.8 45.400000000000006 70.4 12.200000000000001 31.400000000000002 100.80000000000001 20.6 52.6 58.2 72 5 44.400000000000006 6.800000000000001 11.4 29.6 0 66.4 49.800000000000004 0 0 0 0 0 0.6000000000000001 14.8 0.2 0.6000000000000001 0 0 0 32 23.200000000000003 0.4 0.6000000000000001 0 0 15.4 29.400000000000002 0 0.6000000000000001 0 0 0.6000000000000001 0 0 0 0 0.2 1.8 0 0 0 0 0 12.4 0 0.2 0 0 0 0 0.6000000000000001 0 0 0 0 0 0.4 0.4 0 0 0 0 0 0 0 0 0 0 0 0.2 3.2 1.2000000000000002 0.2 0 11 0 7.2 4 8.8 0 2 0 2.8000000000000003 2 3.4000000000000004 0 4 4 0 0 0 0 0 13.200000000000001 0 1 0 0 0.2 6.4 8.4 4.2 0 0.2 0 3 5.800000000000001 0 0 0 0 0 1.2000000000000002 0 0 0 0 0 0 1.6 0 0 0 1.4000000000000001 0 0 0 0 0 0 0 0 0 0 0 0 0 0 0 0 0.4 0 0 0 0 0 0 0 1.8 0 0 0 0 0 0.4 3 4 0 3.8000000000000003 0 0 0 0 0 0.2 0 0 4.2 0 0 3 0 0 0 1.6 0 0 0 0.2 2.2 0 0 0 0 0.2 2 0 0 0 0 0 0 0 0 0 0 0 0 0 0 0 0 0 0 0 0 0 0 0 0 0 0 0 0.4 0 0 0 0 0 0 0 0 0 0 0 0 0 0 0 0 0 0 0.6000000000000001 0.6000000000000001 0 0.6000000000000001 0.2 0.2 0.4 0 0 0.4 0 0 0.4 0 0 0 0 0 0 0 0 0 0 0 0 0 0 0 0 0 2.2 1.6 0 0 0 0 0 0 0 0 0 0 0 0 0 
 29 69.2 49.800000000000004 30.6 54.2 52.6 38.800000000000004 15 49.800000000000004 16.400000000000002 11.4 3.2 55 34 16.8 50.6 3.8000000000000003 66.4 0 78.60000000000001 0 0.8 0 0 0 0.6000000000000001 0 0.2 0.6000000000000001 0 0 0 0 0.6000000000000001 0.2 0.6000000000000001 0 0 0.4 0 0 1 0.2 0 0.6000000000000001 0 0 0 0 15.8 0.4 0 0 0.8 0 0 0 0 0 0 0 0 0 0.6000000000000001 0 0 0 0 0 0.4 0.4 0 0 0 0 0 0 0 0 0 4 0 0 3.2 2.4000000000000004 0 1.8 0 4.800000000000001 0 0 0 9.600000000000001 5.2 6.2 7.4 0 0 3.2 2.2 0 0 0 0 0 0 0 0 0 0 0 0 0 0 0 0 0 0 0 0 0 0 0 0 0 0 0 0 0 0 0 0 0 0 0 0 0 0 0.8 0 0 0 0 0 3.2 0 0 0 0 0 0 0 0 0 0 0 0 0 0 0 0 4.800000000000001 2 1.6 0 0 0 3.2 0 0.2 0 0 3 3.2 2.6 3.2 3.4000000000000004 0 0 0 0 0 0 0 0 0 0 0 0 0 0 0 0 0 0 0 0 0 2.8000000000000003 0 0 0 0 0 0 0 0 0 0 0 0 0.4 0 0 0 0 0 0 0 3.8000000000000003 0 0 0 0 0 0 0 0 0 0 0 0 0 0 0 0 0 0 0 0 0 4 0 0 0 0 0 0.2 0 0 0.8 1.2000000000000002 0 0 0 0 0 0 0 0 0 0 2.4000000000000004 0 0 0 0 0 0 0 0 0 0 0 0 0 0 0 0 0 0 0 0 0 0 0 0 0 0 0 
 13 11.600000000000001 11.4 13.600000000000001 50.2 12.200000000000001 49.2 27.400000000000002 44.400000000000006 55.400000000000006 15.4 2.6 83.4 36.4 43.400000000000006 31.8 51.800000000000004 49.800000000000004 78.60000000000001 0 0 0 0.4 0 0.4 0.8 0 0.4 0.6000000000000001 0 0 0 0 0.6000000000000001 0.2 0.6000000000000001 0 0 0.2 0 0 0.8 0 0.4 0.6000000000000001 0 0 0.6000000000000001 0 0.4 0.4 0 0 0 0 0 0 0.4 3 0 0 0 0 0.6000000000000001 0 0 0 0 0 0.4 0.6000000000000001 0 0 0 0 0 0 0 0 0 6.2 0 0.2 0 2.4000000000000004 0 9.4 3.8000000000000003 8.6 0 0.4 0.2 2.4000000000000004 1.8 0.2 5.800000000000001 0 0.2 6 1.4000000000000001 0 0.2 0 0 0.4 0 0 0 0 0 0 0 0 0.2 0 0 0 0 0 0 0 0 0 2 0 0 0 0 0 0 0 0 0 0 0 0 0 0 0 0 0 1.6 0 0 0 2 0 0.2 0 0 0 0 0 0 0 0 0 0 0 2 1.6 4.4 2.2 0.8 0 0.6000000000000001 3 0 2.8000000000000003 0 0 0 2.8000000000000003 1.6 1.8 6.4 0 0 0.8 6.6000000000000005 0 0 0 0 0 0 0 0 0 0 0 0 0 0 0 0 0 0 5.2 0 0 0 0 0 0 0 0 0 0 0 0.2 0 0 0 0 0 0 0 0 0 0 0.2 0 0 0 0 0 0 0 0 0.2 0 0 0 0 0 0 0 0 0 0 2 0 0 0 0.2 0 0 1.2000000000000002 0 2.8000000000000003 0 0 0 0 0 0 0 0 0 0.2 0 13 0 0 0 0 0 0 0 0 0 0 0 0 0 0 0 0 0 0 0 0 0 0 0 0 0 0 0 
 0 0 0 0.4 12 46 0 0 0 0 0 15.600000000000001 0 0.6000000000000001 0 0.4 14.600000000000001 0 0 0 0 18.400000000000002 31 26.8 16.8 7.4 15 70.60000000000001 25 6.800000000000001 7 5.800000000000001 6.800000000000001 9.200000000000001 46.800000000000004 36.6 19.200000000000003 8.4 7.2 28 0 0 0 0 0 0 0.2 0 0 0 1.8 0 0.6000000000000001 0 0.6000000000000001 0.6000000000000001 0 0 0 0 0 0.6000000000000001 0 0 0 0 0 0 2.4000000000000004 0.4 0 0 0.6000000000000001 0 0.4 0.4 0 0 0 0 0 0 0 0 0 0 0 0 0 0 0 0 0.2 0 0 0 0 0 0 0 3 2 0 3.2 0 0 0 7.6000000000000005 4.6000000000000005 7.800000000000001 4.2 5 4.4 1.8 1.4000000000000001 11 4.4 3.6 2.4000000000000004 0 0 0.4 0 0 0 0 0 0 0 0 0.4 0 1.8 0 0 0 0 0 0 0 0 0 0 4 0 0 0 0 0 0 0 0 0 0 0 0 0 0 0 0 0 0 0 0 7.800000000000001 7 0 0 0 0 0 1.4000000000000001 0 0 0 4.6000000000000005 0 0 0 0 2 3.8000000000000003 11 5 0.2 0 2.6 6.4 0 7.2 0 4.2 7.4 4.6000000000000005 1.4000000000000001 0.2 2.6 0 5.6000000000000005 4 0 0 0 0 0 0 2.4000000000000004 3.4000000000000004 0 0 0 0 0 0 0 0 0 0 0 0.2 0 0 0 0 0 0 0 0 0 0 0 0.2 0 0 0 0 0 0 0 0 0 0 0.2 0 0 0 0 0 0 0 0 0 0 0 2.4000000000000004 0 0.4 0 9 0 0.4 0 0 0 0 0 0 0 0 0 0 0 0 0 0 1.2000000000000002 0 0 0 0 0 2 0 0 0 5.6000000000000005 0 0 0 0 
 0 0 0 15.200000000000001 28.6 15.200000000000001 0 0.4 0 0 14.8 0 0 0.2 0 0 0 0 0.8 0 18.400000000000002 0 19.6 13.4 24.400000000000002 10.4 31 16.400000000000002 52.6 4.800000000000001 25.8 50.2 23.6 58.2 45 9.8 18.2 23.8 52.800000000000004 10.4 0 0 0 0 0 0.4 1 0 0 0 1 0 0.6000000000000001 0.4 0.6000000000000001 41.400000000000006 0 0 0 0.4 0.4 0.6000000000000001 0 0 0 0 0.4 0 0 0.4 0 1.2000000000000002 0.6000000000000001 0 0.4 0.4 0 0 0 0 0 0 0 0 7.4 3.6 0 0 0 0 0 0 0 0 0.2 0 0 0 0 0 6.6000000000000005 0 9 0 0 0 0 0.2 0.2 5.4 0 12 3.4000000000000004 0 6.4 6.6000000000000005 3.8000000000000003 2 1.8 3.6 0 0 0 0 0 0 0 0 0 0 0 0 0 0 0 0 0 0 0 3.4000000000000004 0 0 0 0 0 0 0 2.2 0 0.4 0 0 0 0 3.6 0 0 0 0 0 0 0 0 0 2.8000000000000003 3.4000000000000004 0 0 0 0 0 4.6000000000000005 0.2 0.4 0 0 0 0 0 0 6 0 3 0 0 0 5.800000000000001 2.2 3.6 1.4000000000000001 0 17.8 3.8000000000000003 11 3.6 7.4 5.6000000000000005 3.6 1.8 4.6000000000000005 0 0 0 0 0 0 0 2.6 0 0 0 0.4 0 0 0 0 0 0 0 4.2 0 0 0 0 0 0 0 0 0.4 0 0 0 0 0 0 0 0 0 0 0 0 0 0 0 0 0 0 0 0 0.2 0 0 0 0.4 0.4 0.2 0.4 15.600000000000001 0.2 0.4 0.4 0.2 0 0 0 0 0.2 0 0 0 0 0 0 0 0 0.4 0 0 0 0.2 0 0 0 0 0 3.2 0 0 0 0 
 1 0 0 0 0 15 0 0 0 0 0 15.600000000000001 0 0.4 0 0 0 0 0 0.4 31 19.6 0 32 15.4 24 40.400000000000006 50.400000000000006 33.800000000000004 41.800000000000004 24.200000000000003 28.8 13.200000000000001 10.600000000000001 25.6 44.400000000000006 22.6 17.8 6.4 23.400000000000002 0 0 0 0 0 0 3.2 0 0 0 0.8 0 4.2 12.600000000000001 0.6000000000000001 1 0 0 12.4 0 0.2 0.6000000000000001 0 0 0 0 5.800000000000001 0 1.4000000000000001 0.4 0 0 0.6000000000000001 0 0.4 8.8 0 0 0 0 0 0 0 0 0 0 0 0 0 0 0 0 0 0.2 0 0 0 0 0 0 6.2 3.2 0 3.8000000000000003 2.4000000000000004 0 0.8 4.4 5.4 7.4 4.2 2.8000000000000003 3.8000000000000003 2 0 6.4 2.2 2.4000000000000004 2.2 3.8000000000000003 0 0 0 0 0 0 1.4000000000000001 0 0 0 0 0 3.2 0 0 0 0 0.4 0 5.6000000000000005 0 0 0 0 0 0 0 0 0 0 0 0 0 0.2 0 0 0 0 0.6000000000000001 0 1 0 0 0 5 1.4000000000000001 0.8 0 0 0 0 0.6000000000000001 0 0 0 0 0 0 0 0 4.2 5.2 3.8000000000000003 7 4.2 0 0 6.4 3.4000000000000004 7 0 1.8 2.6 9.200000000000001 10.4 0 8.6 1.6 0.2 0 0 0 0 0 0 0 4 0 0.2 0 0 0 0 0 3.8000000000000003 0 0 0.2 0.2 1.4000000000000001 0 0 0 0 0 0 0 0 0 0 0 0 0 0 0 0 0 0 0 0 0 0 0.2 0 0 0 0 0 0 0 0 0 0 0 2.2 0 0 0.4 0.2 0 0.2 0 0 0 0 0 0 0 0 0 0 0 0 0 0 0 0 0 0 0 0 2 0 0 0 0 0 0 0 0.2 
 0 0 0 0 0 0.4 0 0 0 15.200000000000001 0 14.600000000000001 0 0.8 0 0 0 0 0 0 26.8 13.4 32 0 33.2 19 21.200000000000003 30.8 64.8 44.800000000000004 32.2 84.2 60 13.600000000000001 13.600000000000001 52.800000000000004 9.8 61.400000000000006 17 15.600000000000001 19 0 0 0 0 0 12.4 0 0 0.6000000000000001 2 0 0.8 0 7.4 0.6000000000000001 0 0 13 0 0 0.6000000000000001 0 0 0 0.4 0 0.6000000000000001 0 0.4 0 0 2.4000000000000004 0 0.4 0.4 0.2 7.6000000000000005 0 0 0 0 0 0 0 0.4 0 0 0 0 0 0 0 0 0 0 0 1.8 0 0 0 2.4000000000000004 0 7.800000000000001 2.4000000000000004 2.8000000000000003 0 2 0 2.8000000000000003 2.2 7 0.4 0 0 0.2 0 1.4000000000000001 7.800000000000001 0 4.4 4.6000000000000005 5.4 0 0 0 7.800000000000001 0 0.2 0 0 0 12.8 3.4000000000000004 0 1.6 0 2 2 3.8000000000000003 0 0 0 0 0 0 0 0 0 0 0 0 0 0 0 0 0 0 1.4000000000000001 0 0 0 0 0 3.6 0 0 0 0 0 0 0 0.4 0 0 0 0 0 4 0 0 12 1.2000000000000002 13.600000000000001 5.2 2.2 0 9 0 4 8.6 3.2 2.2 3.6 2.4000000000000004 0 0 3.8000000000000003 0 0 7.2 0 2.8000000000000003 0 0.2 0 6 4.4 4.6000000000000005 1.2000000000000002 0 0 9.600000000000001 2 2.4000000000000004 0 2.2 0 0 0.2 0 0 0 0 0 0 0 0 0 0 0 0 0 0 0 0 0 0 0 0 0 0 2.8000000000000003 0 0 0 0 0 0 0 0 2.2 0 0 3 0.4 0.4 15.8 0.4 0.4 0 0 0 0 0 0 0 0 0 0 0 0 0 0 0 0 0 0 0 0 0 11.8 0 0 0 0 0.6000000000000001 0 0 0 
 0.6000000000000001 0 0 0 0 0 0 1.2000000000000002 0.8 0 0 0 0 0.4 0.2 0.6000000000000001 0 0 0 0.4 16.8 24.400000000000002 15.4 33.2 0 87.4 9.4 28.400000000000002 40.2 26.400000000000002 18.400000000000002 28.6 16.2 15.4 18.400000000000002 52.6 5.800000000000001 55.6 16.6 12.600000000000001 19 12.600000000000001 6.4 10.4 0 0 0.2 17.8 0.2 0 2.8000000000000003 0.2 20.400000000000002 12.4 13.600000000000001 0.6000000000000001 13.4 1.4000000000000001 25 0 10.4 1.2000000000000002 0 0 0 0 0 0 0 0.4 0 0.8 1 0 0.4 1.2000000000000002 0 0 0 0 0 0 0 0 0 0 0 0 0 0 0 0 0 0 1.2000000000000002 0 0 0 0 0 0 0 0 8.6 3 5.6000000000000005 0.4 2 0 0 8 0.8 0 0 0 0 0.6000000000000001 0 2.2 0 3.6 4.6000000000000005 0 0 0 0 2 0 0 4 1.4000000000000001 0 3 9.200000000000001 2.4000000000000004 2 0 2.4000000000000004 2 0 0.8 0 0 0 0 0 0 0 0 0 0 0 0 0 0 2.4000000000000004 0.4 0 0 0 0 0 0 0 0 3.6 0 0 0 0 0 1.8 4 0 0 0 0 0 0 0 3.2 0 0.2 7.800000000000001 2.2 5 0 0.2 0.2 2 3.2 0 0.2 0 1.6 0.6000000000000001 5.4 0 0 0 9.200000000000001 3.4000000000000004 0.4 0 0 0 1.8 3.6 7 2 0.4 0 6 6.800000000000001 0 5.4 2.8000000000000003 4 0 2.6 0 0 0 0 0 0 0 0 0 0 0 0 0 0 0 0 0 0 2 0 0 0 0 0 0 0 0 0 0 0 0 0 0 0 2.8000000000000003 0.2 0 0 0.8 0.4 0 0.2 0 0 0 0 0 0 0 0 0 0 0 0 0 0 0 0 0 0 0 1.8 0 0 1.6 0 1.6 0.2 0 0 
 0.2 1 0.6000000000000001 0.6000000000000001 1.4000000000000001 0.6000000000000001 0.6000000000000001 0.6000000000000001 0.6000000000000001 0.6000000000000001 0.6000000000000001 0.6000000000000001 0.6000000000000001 1.2000000000000002 0.6000000000000001 0.6000000000000001 0.6000000000000001 0.6000000000000001 0.6000000000000001 0.8 7.4 10.4 24 19 87.4 0 6.800000000000001 8.200000000000001 55 12 34.4 24.8 8.6 9.8 14.4 25.200000000000003 71 29.200000000000003 10.8 52.6 0 5.800000000000001 12.8 0.2 0 0 23.400000000000002 17.400000000000002 25.8 0 0.6000000000000001 0 25 18 13.8 0.6000000000000001 13.200000000000001 0 11.8 11.8 1.2000000000000002 0.6000000000000001 0 0 0 0 9.600000000000001 0 0 0.4 0 0 0.6000000000000001 0 9.8 0.4 0 0 0 0.2 0 0 0 0 0 0 0 0 0 0 0 0 0 0 0 0 0 0 0 0 0 0 0 1.8 0 7.800000000000001 0 0 0 2.4000000000000004 5.4 2.4000000000000004 0 0 0 0 0 1.2000000000000002 0 0 0 0 0.4 0 5.6000000000000005 0 4 0.2 2.8000000000000003 7 0 2.4000000000000004 2.4000000000000004 3.2 1.6 2.4000000000000004 0 4.2 1.8 2 0.6000000000000001 0 2 0 2 0 0 0 0 0 0 0 0 0 0 1.4000000000000001 0 0 0 0 0 0.2 0 0 0 0 0 0 0 0 0 0 0 0 0 1 0 0 0 0 0 0 1.8 2.2 2.2 0 0 0 0 0 8.200000000000001 1.8 0 0 0 0 0 0 0 0 5.2 1.4000000000000001 0.2 0 1.4000000000000001 0 4.2 0 0 0 0 0 5.2 3.8000000000000003 0 2.8000000000000003 3.4000000000000004 2.6 0.2 2 0 0 0 0 0 0 0 0.2 0 0 0 0 0 0 0 0 0 0 0 0 0 0 0 0 0 0.4 0 0 0 0 0 0 0 0 1.8 0 0.4 1.2000000000000002 0 0 0 0 0 0 0 0 0 0 0 0 0 0 0 0 0 0 0 0 0 0 0 0 0 0 0 0 0 0 0 0 
 0 0 0 22.400000000000002 26.400000000000002 0.4 0 0 0.6000000000000001 0.4 24.6 21.8 0 0 0.2 0 0.2 14.8 0 0 15 31 40.400000000000006 21.200000000000003 9.4 6.800000000000001 0 31.6 36 20.200000000000003 7.6000000000000005 11.200000000000001 56.400000000000006 8.6 45.2 7.4 20.200000000000003 14.600000000000001 15.600000000000001 27 0.8 0 0 0 0 0 0 0 0 0 0.4 0 0.6000000000000001 0 0.6000000000000001 0.6000000000000001 0.6000000000000001 0 0 0 0 0.6000000000000001 0 0 0 0 0 0 0.4 0.4 0 0 0.6000000000000001 0 0.4 0.4 0 0 0 0 0 0 0.2 4.2 0 2.8000000000000003 0 0 0 0 0 6.6000000000000005 0 0 0 0 0.2 0 0 0 2.4000000000000004 4 3.2 0.2 0 0 0 7.6000000000000005 0 6.6000000000000005 0 1.6 1.4000000000000001 4.4 9 9.200000000000001 2.6 2.4000000000000004 7.4 6.800000000000001 0.4 0 0 0 2.2 0 0 0 0 0 0 0 2.2 0 0.4 0 0 0 0 3.8000000000000003 0 0 0 0 0.4 0 0 0 0 0 0 0 0 0 0 0 0 0 0.6000000000000001 0 0 0.4 0 0 10.4 0 0 0 0 0.2 0 1.6 0 0 0 0 0 0 0 0 0 3.8000000000000003 0 0.2 2 0 7.6000000000000005 5.800000000000001 2.4000000000000004 15.4 0 0 2.4000000000000004 5 7.2 11.600000000000001 0.8 4.6000000000000005 0 0 0 0 0.4 0 0 0 0 0 0 0 0 0 0.2 0 0 0 0 0 0 0 0 0 0.2 0 0 0 0 0.4 0 0 0 0 0 0 0 0.4 0 0 0 0 0 0 0 0 0 0 17 0 0 6.800000000000001 0 0 0 0 1.2000000000000002 0 0 0.2 0 0.4 0 0 0 0 0 0 0 0 0 0 0 0 0.4 0 0 0 0 0 0 0 0 0 0 0 0 0 0 0 0 0 
 0.4 0.2 0.2 0 14.600000000000001 0.2 0.2 0.2 0.2 0.6000000000000001 0.4 0 0.4 0.2 0.2 0.6000000000000001 0 0.2 0.2 0.4 70.60000000000001 16.400000000000002 50.400000000000006 30.8 28.400000000000002 8.200000000000001 31.6 0 38 22.400000000000002 25.8 10.600000000000001 19.400000000000002 70.8 17.400000000000002 12.200000000000001 22.400000000000002 30 11 13.8 0 0 0 0 0 0 0 0 0 0 1.2000000000000002 0 0.6000000000000001 0 0.6000000000000001 0.6000000000000001 13.8 41 0 0 0 0.6000000000000001 0.2 0 0 0 0.2 0 0 0.6000000000000001 0 0.4 0.6000000000000001 0 0.4 0.4 0 0 0 0 0 0 0 0 0 0 1.8 0 0 0 0 3.8000000000000003 0 0 0 0 0 0 0 0 3 5.800000000000001 0 4.6000000000000005 0.8 0 0.2 0 3.6 0.2 0 1.4000000000000001 0 0 1.8 3.6 0 10 4.6000000000000005 2.6 0 0 0 0 0 0 0 0 0.2 0 0 0 8.200000000000001 0 7 0 0 0 0 5.4 0 2 0 0 0 0.2 0 2 0 0 0 0 0 0 0 0.2 0.2 0 0.8 3.2 0 0 0 0 2.8000000000000003 0 1.2000000000000002 0 0 0 0 0.2 0 0 0 0 0 0 0 0 3.8000000000000003 5.4 3.8000000000000003 8 4 0 3.8000000000000003 8.200000000000001 0 8 0 0 0.8 5.800000000000001 5.2 3.4000000000000004 0 0 0 0 4.2 0 0 0.4 3.6 0 0 0 0 0 0.2 0 5.2 0 2.4000000000000004 0 0.6000000000000001 0 1.6 0 0 0 0 0 0 0 0 0 0 0 0 0 0 0 0 0 0 0 0 0 0 0 0 0 0 0 0 0 0 0.2 0 0 0 0 2.4000000000000004 0 0.4 0 0.2 0.4 0.2 0 0 0 0 0 0 0 0 0 0 0 0 0 0 0 0 0 0 0 0 0 0 0 0 0 0 0 0 0.2 
 0 0.6000000000000001 0.6000000000000001 0.6000000000000001 16 1 0.6000000000000001 0.6000000000000001 0.6000000000000001 0.6000000000000001 0.6000000000000001 1 0.6000000000000001 7.4 0.6000000000000001 0.6000000000000001 0.6000000000000001 0.6000000000000001 0.6000000000000001 0.6000000000000001 25 52.6 33.800000000000004 64.8 40.2 55 36 38 0 37.800000000000004 27.8 8.4 19 24.200000000000003 22.200000000000003 85.80000000000001 23.8 16 70.8 29.200000000000003 0 0 12.600000000000001 0 0 0 0 0 0 0 0.4 0 13.4 0 0.6000000000000001 0.6000000000000001 0 0 8.6 0 0 0.6000000000000001 0 0 0 0 0 0 0 0.4 0 0 0.6000000000000001 0 0.4 0.4 0 0 0 0 0 0 0 0 0 2.4000000000000004 0 0 0 0 0 0 0 0 0 0 0 0 0 0 2.8000000000000003 10 0.4 3.2 0 2.6 1 0 6.6000000000000005 0 0 0 3.8000000000000003 0 4.6000000000000005 3.2 4.800000000000001 2.2 8.200000000000001 3.2 0 0 0 0 0.2 0 0 0.4 0 0 5.4 0 2.2 1.2000000000000002 0 0 0 0 2.4000000000000004 13.4 0 0 0 0 0 0 0 0 0 0 0.2 0 0 0 0 0 0 0 0 0 1.2000000000000002 0 0 0 0 2.6 0.8 0.2 0 0.4 0 0 0 0 0 0 0 0 0 0 4.2 6.4 9.600000000000001 3.2 7 4.800000000000001 2 6.2 6.6000000000000005 0.2 0 2.2 4.2 10.8 3.4000000000000004 2.6 3.4000000000000004 13 0 0 0 0 0 0 0 0 0 0 0 0 0 0 0.2 0 0.6000000000000001 0 0.6000000000000001 0 0.2 0 0 0 0 0 0 0.4 0 0 0 0 0 0 0 0 0 0 0 0 0 0 0 0 0 0 0 0 0 0 0 0 0 0 0 0 0.8 0.2 0 0.2 15.4 0.8 1.2000000000000002 0 0 0 0 0 0 0 0 0 0 0 0 0 0 0 0 0 0 0 0 0 0 0 0 0 3.2 0 0 0 
 0 0.4 0 0 0 1.8 0 0 0.4 0 0 0 0 3.4000000000000004 0 0.4 0 0 0 0 6.800000000000001 4.800000000000001 41.800000000000004 44.800000000000004 26.400000000000002 12 20.200000000000003 22.400000000000002 37.800000000000004 0 35.6 12.600000000000001 15.8 11.4 23.8 41.6 9.4 7.6000000000000005 15.8 18.400000000000002 16.400000000000002 0 0 0 0 0 15.600000000000001 0.6000000000000001 0 0 0.2 0 25 3.8000000000000003 0.6000000000000001 0.6000000000000001 0.6000000000000001 0 1 0 0 0.4 0 0 1 0.4 0 0.2 0 0.6000000000000001 0 0 1.2000000000000002 0 0.4 0.6000000000000001 0 0.4 0 0 0 0 0 0 0 0 0 0 0 0 0 0 0 0 0 0 0 0 0 0 0 1.6 0.2 0.6000000000000001 3.4000000000000004 4.800000000000001 0 0 0.4 2.4000000000000004 3.2 4.4 0 0 0 5.6000000000000005 0 4 0 0 0 2 1.2000000000000002 0 0 0 2.2 2 6.2 0.2 0 0 4.800000000000001 0.2 0 3 0 0 0 7 0 0 0 0 0 0 0 4.2 0 0 0 0 0 0 0 0 0 0 0.2 0 0 0 0 0 0 0 0 0 0 0 0 0 0.2 0 0 0 0 0 0 0 0 12.600000000000001 0 3.6 7 7 0.4 7.6000000000000005 0 0 2.4000000000000004 0 3 6.800000000000001 1.6 1 3.8000000000000003 2 0 0 6.4 1.8 1.8 0 0 0 5.6000000000000005 0.2 7.4 2.4000000000000004 0 0 4.2 0 3.6 0 0 0.2 0 8 0 0 0 0 0 0 0 0 0 0 0 0 0 0 2.4000000000000004 0 0 0 0 0 0 0 0 0 0 0 0 0 0 0 0 0 0 0 2.2 0 0 0.2 8.6 0 0 0 0 0 0 0 0 0 0 0 0 0 0 0 0 0 0 0 0 0 0 0.2 0 0 0 0 2 0 0 0 
 0.6000000000000001 0 0 0 0 0 0 0.8 0 0 0 0 0 14.8 0.2 0 0 0 0 0 7 25.8 24.200000000000003 32.2 18.400000000000002 34.4 7.6000000000000005 25.8 27.8 35.6 0 39.400000000000006 4.6000000000000005 26.8 13.600000000000001 28 31.6 49.800000000000004 10.4 9.600000000000001 4 0 0 0 0 0 25.8 0 0.4 0 11 0.6000000000000001 13 1.2000000000000002 0.6000000000000001 0.6000000000000001 0 0 4.4 0 0.4 0.4 0 0 0 0 0.8 0 0 0.6000000000000001 0 0 0.6000000000000001 0 0.4 0.6000000000000001 0 0 0 0 0 0 0 0 0 0 0 0 0 0 0 0.2 0 0 0.2 0 0.4 0 0 0 0.6000000000000001 1.2000000000000002 2.6 0 0 9.200000000000001 0 0.2 0 2.8000000000000003 4 8 0 0 0 2.6 2.8000000000000003 13.8 0 0 4.6000000000000005 6.6000000000000005 2.4000000000000004 0 0 0 8.200000000000001 0 0 0 0 2 3.4000000000000004 3 0 5.6000000000000005 2 2.8000000000000003 4 17.6 0 0 0 0 0.2 0 0 0 0 0 0 0 0 0 0 0 0 0 0.6000000000000001 0 0 0 0 0 0 2.4000000000000004 0 0 0 0 0 0 0 0 0.4 0 0 0 0 0.4 1.2000000000000002 4.800000000000001 0.4 0 16 2 7.4 3.8000000000000003 0.6000000000000001 0 4.800000000000001 5.2 0 4 3.8000000000000003 1.6 0 2.2 0 4 3.6 1 1.8 0 0 0 2.4000000000000004 2.8000000000000003 1.4000000000000001 1.8 0 0 0.2 1.8 0 0 2.8000000000000003 0.2 0 4.6000000000000005 0 0 0 0 0 0 0 0 0 0 0 0 0 0 0 0 0 0 0 0 0 3.2 2.2 0 0 0 0 0 0 0 0 0 0 0 0.4 0 0 8.200000000000001 0 0 0 0 0 0 0 0 2 0 0 0 0 0.2 0 0 0 0 0.2 0 0 0 0 0 0 0 0 0 0 0 0 0 
 0 0 0 0 0 0 0 0 0.2 0.4 15 0 0 0 0 0.4 0 0 0 0 5.800000000000001 50.2 28.8 84.2 28.6 24.8 11.200000000000001 10.600000000000001 8.4 12.600000000000001 39.400000000000006 0 12.8 6.4 14 23.400000000000002 19.6 28.6 48.800000000000004 8.200000000000001 13 0 0 0 0.2 0 14 15.4 13.200000000000001 0 1.4000000000000001 0 13.4 3.6 39.6 1 0.6000000000000001 0 12.8 12.8 0 0.6000000000000001 0 0.4 0 0 0 0.8 0 0.4 0.4 10.600000000000001 0.6000000000000001 0.2 0.4 1 11.200000000000001 0 0 0 0 0 0 0 0 0 0 0 0 0 0 0 0 0 0 0 0 0 0 0 0 3.2 1.8 2.6 3 4.2 0.2 2.4000000000000004 0 0 6 3 0 0 0 0.2 2.2 0.2 0 0 4.2 0 0 0 0 0 9.200000000000001 0 4.6000000000000005 0.4 0 0 4.6000000000000005 2 1.2000000000000002 4.800000000000001 0 0.4 4 0.2 0 0 0 0 0 0 0.6000000000000001 0 0 0 0 0 0 0 0 0 0.2 0 0.2 0 0 0 0 0 0 0 0 0 0 0 0 0.2 0 0 0 0 0 0 0 0 0 2.8000000000000003 0.4 0 8.6 1.2000000000000002 0 0 2.2 0 2.2 2 0.4 0 0.2 2.2 0 1.4000000000000001 0 0 9.200000000000001 0.2 2 0 0.2 0 2.6 1.8 2.8000000000000003 3.6 0.2 0 5.800000000000001 2.2 4 0 3.4000000000000004 2 1.2000000000000002 1.6 0 0 0 0 0 0 0 0 0 0 0 0 0 0 0 0 0 0 0 0 0 0 3.8000000000000003 0 0 0 0 0 0 0 0 0 0 0 1.4000000000000001 0 4.800000000000001 7.6000000000000005 0 0 0.2 1.4000000000000001 0 0 0 0 0 0 0 0 0 0 0 1.6 0 0 0 0 0 0 0 1.6 0 0 0 0 0 0 0 0 
