 0 61.400000000000006 57.800000000000004 12 33.4 8 9.8 38.400000000000006 7 33.800000000000004 26 90 6.6000000000000005 27.8 34.2 7.4 21.6 24.400000000000002 15.8 42.6 0 0.4 0 0 0 0 0 0 0 0 0 0 0 0 0 0.2 0 0.4 15.4 0.6000000000000001 0 0 0 0 0.4 0.2 0 12.600000000000001 0 0 0 0.2 0 0 0 0 0 0.6000000000000001 0 0 0 0 0 0 0 0 0 0 0 1.8 0 0 0.6000000000000001 0.4 0 0 0 0 0.6000000000000001 0 3 3.8000000000000003 2.8000000000000003 2.2 0 0 6.800000000000001 1.4000000000000001 8.4 6.6000000000000005 2.4000000000000004 6.6000000000000005 1.8 1.2000000000000002 5.2 4 8.4 0 0.8 4.6000000000000005 0 0 0 0 0 0.2 0 0 0 0 5.4 0 0 0 0 0 0 0 0 0 0 0 0 0 0 0 0 2 0 0 0 2.2 0 2.4000000000000004 0 0 0 0 0 0 0 0 0 0 0 0 0 0 0 0 0 0 0 0 0 0.4 0 0 0 0 0 0 6.800000000000001 0.4 0 4 9.600000000000001 0 1.4000000000000001 1.8 2 4.2 2 1.4000000000000001 2.4000000000000004 0 4.6000000000000005 0 0 0 0 0 0 0 0 0 3 0 0 2 0 0 0 0 0 0 0 0 0 0 0 0 0 0 0 0 0 0 0 0 0 0 0 0 0 0 0 0 0 0 0 0 0 0 0 0 0 0 0 0 0 0 2.8000000000000003 0 0 0 0 0 0 0 0 0 0 0 0 1 18.6 0 18 0 1.4000000000000001 1.4000000000000001 4 0 0 0 0 0 0 0 0.2 0 4.6000000000000005 0 0 0 0 0 0 0 0 0 0 0 0 1 3.4000000000000004 0 0 0 0 0 0 0 0 0 0 0 0 0 
 61.400000000000006 0 110.80000000000001 24.6 42.2 5.6000000000000005 28.6 44 61.6 30.200000000000003 25.400000000000002 5 8.200000000000001 15.4 31.200000000000003 25.8 42.6 23.6 32.2 26.400000000000002 0 0.4 0 0.2 6.4 0 0 0 0 41 0 0 0 0.8 0 0 0 0.4 16.400000000000002 0.6000000000000001 0 0 0 0 0.4 0.2 0 12.600000000000001 0 0 0 0 0 0 0.2 0 0 0.6000000000000001 0 0 0 0 0 0 0 0 0 0 10.200000000000001 0 0 0 0.6000000000000001 0.4 0 0 0 0 0.6000000000000001 0 4 0.4 5.2 5.2 0 0 16 9 2.2 4.2 2.6 6.6000000000000005 2.4000000000000004 0 5.800000000000001 5 3.4000000000000004 2.4000000000000004 0 6 0 0 0 0 0 0 0 0 0 0 2.6 0 0 0 0 0 0 0 0.6000000000000001 0 0 0 0 0 0 0 0 0 0 0 0 0 0 0 0 0.2 0 0 0 0 0 0 0 0 0 0.2 0 0 0 0 0 0 0 0 0 1.2000000000000002 0 0 0 0 0 0 3.6 0.2 0 0 15.600000000000001 6.6000000000000005 3.4000000000000004 0 0 7.6000000000000005 5.6000000000000005 7.4 2.2 2.6 0 0.2 0 0 0 0 0 0 0 0 4 0 0 0 0 0 0 0 0 0 0 0 0 0 0 0 0 0 0 0 0 0 0 0 0 0 0 0 0 0 0 0 0 0 0 0 0 0 0 0 0 0 0 0 0 0 0 0 0 0 0 0 0 0 0 0 0 0 0 0.4 19 0 19.400000000000002 0 1.8 1 0 0 0 0 0 0 0 0 0 0 4.2 0 0 0 0 0 0 0 0 0 0 0 0 0 3.6 0 0 0 0 0 0 0 0 0 0 0 0 0 
 57.800000000000004 110.80000000000001 0 22.6 10 9.8 12.8 49.6 43.6 32.4 22.400000000000002 8.4 8.200000000000001 27.8 46.400000000000006 48.800000000000004 9.200000000000001 70.60000000000001 62 113.60000000000001 0.2 0.4 0 0 0 0 0 0 0 0 0 0 0 0 0 0 0 18 0.4 0.6000000000000001 0 0 0 0 0.6000000000000001 0 0 6.800000000000001 0 0 0.4 0 0 0 0 0 0 0.6000000000000001 0 0 0 0 0 0 0 0 0 0 0 1.4000000000000001 0 0 0.6000000000000001 0.6000000000000001 0 4 0 0 0.6000000000000001 0 0 5.6000000000000005 5.2 4 0.2 3.8000000000000003 1.8 0 2.4000000000000004 5.2 8.8 3.8000000000000003 0 2.4000000000000004 9 6.2 6 0 1.4000000000000001 3.2 0 0 0 0 0 0 0 0 0 0 0 0 0 5.2 0 0 0 0 0 0 0 0 0 0 0 0 0 0 0 0 0 0 0.4 0 0 0 0 0 0 0 0 0 0 0 0 0 0 0.4 0 0 0 0 0 0 0 0 0 0 0 0 4.2 1.6 0.4 0 0 0 4.800000000000001 0.4 6 2.8000000000000003 1.8 10.600000000000001 2 0 2.4000000000000004 2 5.2 0 0 0.2 0 0 0 0 0 0 0.4 0 0 0 0 0 0 0 0 0 0 0 0 1.6 0 0 0 2 0 0 1.8 0 0 0 0 0 0 0 2 0 0 0 0 0 0 0 0.4 0 0 0.4 0 0 0 0 0 0 0 0 4 0 0 0.4 0 0.2 0 0 0 0 0 0.4 22.8 0 0.4 0.2 0 0.8 0 0 0 0 0 0 0 0 0 0 4 0 0 0 0.2 0 0 0.4 0 0 0 0 0 0 0 1.8 0 0 0 0 0 0 0 0 0 0 0 0 
 12 24.6 22.6 0 54.2 20.400000000000002 27.8 36.6 11.8 23.8 24.400000000000002 11.4 10.600000000000001 16.6 17 92 47.6 91.80000000000001 17.400000000000002 15.200000000000001 15.4 0.4 0 0 0 0 6.2 0 0 0 0 0 0.2 0 0 0 0.2 0 0.8 15.600000000000001 0 0.4 0 0 0.4 0 0 0 0 0 0 17.2 0.8 0 0.4 0 0 0.6000000000000001 2.8000000000000003 0 0 0 0 0 0 0 0 0 0 0 0 0 0.6000000000000001 0.4 0 0 0 0 0.6000000000000001 0 2.6 5.6000000000000005 0.2 3.2 20.200000000000003 4 6.2 5 15.200000000000001 4 1.2000000000000002 3.6 0 2.8000000000000003 1.8 4.2 0 4.2 0 4.2 3.4000000000000004 0 0 0 0 0 1.6 0 2.8000000000000003 0 0 0 3 0 2.2 0 0 0 3.6 5.800000000000001 0 0 0 0.2 0 0 0 0 0 0 0 0 0 0 0 0 0 0 0 0 0 1 0 0 0 0.4 0 0 0 0 0 0 0 0 0 0 0 0.8 0 0 0 3.8000000000000003 6 1.2000000000000002 0 4.800000000000001 4.4 0 6.800000000000001 0 4.2 0 0 0 0 7.6000000000000005 2 8.200000000000001 0 0 0 4.6000000000000005 0 0 0 0 0 8 0 0 0 0 7.4 4 3.6 0 0 0 2 3.2 0 0 0 0 0 0 0 0 0 0 2 0 0 0 0 0 0 0 0 0.6000000000000001 0 0 0 0 0 0 0 0 0 0 0 0 3.2 0 0 0.2 0 0 0 0 0 2.2 0 0 0 0 18.2 0 1 0 0 1.4000000000000001 4.4 0 0 0 0 0 0 0 0 0 0 0 0 0 0 0 0 0 0 0 0 0 0 0 0 0.4 0 0 0 0 0 0 0 0 0 0 0 0 
 33.4 42.2 10 54.2 0 36.2 9 32.4 10.4 25.200000000000003 17.8 42.800000000000004 8.200000000000001 34.4 57.2 24.8 58 63.6 15 17.8 0 27.8 0 0 0 0 13.200000000000001 14.600000000000001 0 0 16.6 0 41.800000000000004 14.8 0 0.4 0 15 31 16 0 0.4 0 0 0.4 0 0.4 0 0 0 0 0 1 0 2 0 0 12.8 0.4 0 0 0 0 0 0 0 0 0 0 0 0 0 0.6000000000000001 0 0 0 0 0 0.6000000000000001 0 0 0 0 0 3.4000000000000004 0 0.2 0 3.4000000000000004 0 0 5.6000000000000005 0 0 0 0 0 0 0 0 2.2 3 0 0 0 0 1.8 5 2.4000000000000004 0 1.6 0 12.200000000000001 2 4.6000000000000005 2.2 0 0.2 8.6 7.2 0 0 0 0 0 0 0 0 0 0 0 2.8000000000000003 0 0 0 0 0 2.2 0 0 0 1 0 0 0.8 0 0 1 0 0 0 0 0 0 0 0 3.8000000000000003 0.6000000000000001 0 0 0 2.4000000000000004 0 8 7 0 0 6.800000000000001 2.8000000000000003 0 3.6 0.2 1.6 0 0 3.2 3.6 6.800000000000001 0 0 0 3.2 2.4000000000000004 0 3.6 0 4.800000000000001 0 2.2 0 0.2 0 2.4000000000000004 4.800000000000001 3.4000000000000004 3.6 9.600000000000001 0 4.800000000000001 2.4000000000000004 0 0 0 0 0 0 0 0 0 0 0 0 0 0 0 0 0 0 0 0 0 0.2 0 0 0 0 0 0 0 0 0 0 0 0 0 0 0 0 0 0 0 2 0 0 0 0 0.2 0.4 15.8 18.400000000000002 3 1.4000000000000001 0 0 0 0 0 0 0 0 2.2 0 0 0 0 0 0 0 0 0 0 0 0 0 0 0 6.800000000000001 0 0 0 0 0.4 0 0 0 0 0 0 0 0 
 8 5.6000000000000005 9.8 20.400000000000002 36.2 0 7.2 32.2 30.8 30.6 16 20 9.200000000000001 12 9.8 15.8 73.8 20 50.400000000000006 25.400000000000002 15.600000000000001 15 7.2 0 0 0 16.8 6.4 12.4 14.8 0 0 4 14.600000000000001 42.2 14.8 30.6 19 15.4 0.6000000000000001 0 0.8 2.8000000000000003 0 0.4 0 0 0 4.800000000000001 0 0 0 0 0 0 0 1.6 0.6000000000000001 0.4 0 0 0 0 0 0 4.6000000000000005 0.6000000000000001 0 0 0.2 0 0 0.6000000000000001 0.6000000000000001 0 0 0 0 0.6000000000000001 0 0 0 0 13.4 1.8 7.4 0.4 0 5.2 3.8000000000000003 0 6.4 0 0 0 0 0 0 0 0 6.2 4.800000000000001 0 0.4 0 3.8000000000000003 0 10.600000000000001 3 0 3.2 0 10.4 8.8 0.6000000000000001 2.4000000000000004 0 3 3.6 7.2 0 0 0 0 0 0 0 0 0.4 0 0 0 0 0 0 0 0 0.4 0 0 0 0.8 0 0 0.4 0 0 0 0 0 0 0 0 0 0 0 0 5.6000000000000005 0 0 0 0 9 0 1.8 3.4000000000000004 0 0 0 0 0 1.4000000000000001 0.4 0 0 0 0.2 0 0 0 7.4 10.8 2 3.2 0 0 2 4 0.2 0.2 3.2 0 0 5.800000000000001 7.4 3.6 3 8.8 0 0.2 0 0 0 0 0 0 0 0 0 0.2 0 0 0 0.2 0.2 0 0 0 0 0 0 0 0 0 0 0 0 0 0 0 0.2 0 0.2 0 0 0 0 0 0 0 0 0 0 0 0 0.2 17.6 0 0.2 2 0.2 1.4000000000000001 0 0 0 0 0 0 0 0 0.2 0 0.2 0 0 0 0 0 0 0 0 0 0 0 0 0 0 0 0 0 0 0 0 0 0 2.8000000000000003 0 0 0 0 
 9.8 28.6 12.8 27.8 9 7.2 0 43 46.2 8.4 25 62 13.600000000000001 57.2 11.8 28.8 31.8 69.60000000000001 8 23.400000000000002 0 0.4 0 0 0 0.2 0 0.6000000000000001 0 9.8 0 0.2 0 0 0 0.2 0 1 0.4 0.6000000000000001 0 0.4 0 0 0.4 0 0 0 0 0 0.2 0 0 0 0 0 0 13.4 0 0 0 0 0 0 0 0 0 0 0 0 0 0 0.6000000000000001 7.2 0 0 0 0 0.6000000000000001 0 6.4 15 3 1.4000000000000001 0 0 5.800000000000001 5.6000000000000005 4.800000000000001 0 0 3.4000000000000004 0 12.200000000000001 1.6 4.4 0 19.200000000000003 1.4000000000000001 2.2 0 0 0 0 4 0 0 0 0 0 2 0 0 0.2 0 0 0 4.4 0 0 0 0 0 0 0 0 0 0 0 0 0 0 0 0 0 0 0 0 0 0 0 0 0 0 0 1.2000000000000002 0 0 0 0 0 0 0 0 0 0 0 0 0 0 8.4 3.2 2.8000000000000003 6.800000000000001 0 0 0 5.800000000000001 8.8 2.4000000000000004 4.6000000000000005 2.8000000000000003 0.2 1.6 1 0.8 0.2 3.8000000000000003 4.6000000000000005 9.4 0 0 0 0 0 0 0 3.4000000000000004 0 0 0 0 0 0 0 0 0 0 0 0 0 0 2 0 0 0 0 0 0 0 0 0 0 0 0 0 0 0 0 0 0 0 0 0 0 0 0 0 0 0 0 0 0 0 0 0 0 0 0 0 0 0 0 0 0 0 0 0.2 0 0 1.2000000000000002 0.4 0 0 0 0 0 0 0 0 0 0 0 0 0 0 0 0 0 0 0 0 0 0 0 1 0 0 0 0 0 0 0 0 0 0 0 0 0 0 
 38.400000000000006 44 49.6 36.6 32.4 32.2 43 0 17.400000000000002 82.4 20.400000000000002 9.600000000000001 15.200000000000001 29.400000000000002 52.6 29.400000000000002 69.2 30.8 29 26 0 0.4 0.4 0 0.2 0 0 0 0 0 0 0 0 0 0 0.2 0 0 0.4 1 0.4 0.2 0 0 0.4 0 0 0 0 0 12.8 0 0 0 0 0 0 0.6000000000000001 0 0 0 0 0 0 0 0 0 0 0 0.8 0 0 0.6000000000000001 0.6000000000000001 0 0 0 0 0.6000000000000001 0 2 7.800000000000001 5.6000000000000005 4.2 1.6 0 0 1.8 7.6000000000000005 7.4 8.200000000000001 4.4 1.4000000000000001 7.800000000000001 3.4000000000000004 2 2.4000000000000004 0 0 0.2 0 0 0 0 0 0 0 0 0 0 0 0 0 0 0 0 0 0 0 0 0 0 0 0 0 0 0 2.4000000000000004 0 0 0 0 0 0 0 0 0.2 0 0.4 0 0 0 0 0 0 0 0 0.2 0 0 0 0 0 0 0 0 0 0 0 2.4000000000000004 7.2 0.2 2.6 3 0 1.8 5.4 4 0 8 2 2.6 3.4000000000000004 0 2.2 0 4.800000000000001 0.2 0 3 0 0 0 0 0 0 0.2 0 0 0 0 0 0 0 0 0 0 0 0 0 0 0 0 0 0.2 0 5 0 0 0 0 0 3.4000000000000004 0 0 0 0 0 0 0 0 0 0 0.2 0 0 0 0 0 0 0 0 6.4 0 0 0 0 0 0 0 0 0 0 0 0 0.2 17.8 0.2 0 0 0 2.6 3.2 0 0.4 0 0 0 0 0 0 0 4 0 0 0 0 0 0 0.2 0 0 0 0 0 2.8000000000000003 0 0 0 0 0 0 0 0 0 0 0 0 0 0 
 7 61.6 43.6 11.8 10.4 30.8 46.2 17.400000000000002 0 39.2 73.60000000000001 101 8.8 16.400000000000002 34.800000000000004 54.6 13.4 43.400000000000006 19.200000000000003 13.8 0 0.2 0 0 0 0 0 0 0.4 0 0 0 0 0 40.800000000000004 0.8 0 0 0.4 15.4 1 0.4 0.8 0 0 0.2 0.8 0 13 0 0.4 0 0.4 0 0.6000000000000001 0 0 0 0.8 1.8 0 0 0 0.6000000000000001 0 0.2 0 0.4 0.4 0.8 0.4 0.8 0.2 0 0 0.2 0 0 0 0 1.8 2.4000000000000004 8.6 1 5 1.2000000000000002 3 4.2 0 0.2 3.8000000000000003 3 0 0 4 0.2 10.200000000000001 1.8 5 0 2.8000000000000003 0 0 0 0 0 0 3 0 0 1.2000000000000002 0 0 2 1.8 0 0 0.2 2 0 0 0 3 0 0 0 0 0 0 0 0 0 0 0 0 0.2 0 0.2 0 0 0 0.2 0 0 0 0.8 0.4 0 1.2000000000000002 0 0 0 0 3 0 0 0 0 0 0 5.4 4 0 7.2 1.8 0 0 5.6000000000000005 0 3 3.6 2.4000000000000004 0 0 1.4000000000000001 2.6 4.2 3.2 0 0 0 0 0 0 0 0 0 0 0 0 2.8000000000000003 0 0 1.8 0 3.6 0 0 2.2 2.4000000000000004 0 0 0 0 0 0 2.6 0 2.2 0.2 0 0 0 0 0 0 0.4 0 0.2 0 3.4000000000000004 0 0.2 0 0 0.2 0 0.4 0.4 0 0 0 0.4 0.2 0 0 0 0 0 0 0 0.4 0 0 0 0 0.4 0 0.6000000000000001 0 0 0.2 0 0 0 0 0 0 0 0 0 0 0 0 0 0 0 0 0 0 0 0 0 0 0 2.6 0.2 0 0 0 3.2 0 0 0 0 0 0 0 0 0 
 33.800000000000004 30.200000000000003 32.4 23.8 25.200000000000003 30.6 8.4 82.4 39.2 0 40.800000000000004 12 52.6 75.60000000000001 100.4 64.60000000000001 26.200000000000003 32.4 17.400000000000002 15 0 0.2 0 0.4 0.2 0 5.800000000000001 0.4 0 0 0 0 0 0 0 12.600000000000001 0 0 0.8 15.600000000000001 0 0 0 0 0.4 0 0.4 0 0 0 0 11 0 0 0 0 0 0.6000000000000001 0 0 0 0 0 0 0 0 0 0 0 1.4000000000000001 0 0 0.6000000000000001 0.4 0.4 0 0 0 0.6000000000000001 0 0 3.2 5.2 7.6000000000000005 9 3.4000000000000004 0 0 12.4 12.600000000000001 4 4.2 0 1 8.8 0 2 2.4000000000000004 0 0 9.4 0 0 0 0 0 5 0.2 0.2 0 0 0 0 6 0 0 0 0 7.4 0 0 0 0 0 0 0 0 0 0 0 0 0 0 0 0 0 0 0 0 0 0 1.6 0 0 0 0.8 0 0 0 0 0 0 0 0 0 0 0.2 2.6 0 0 0 0.4 4.800000000000001 2.8000000000000003 0.2 3.4000000000000004 5.6000000000000005 0 0.2 3 4.2 0.6000000000000001 0 0 1.2000000000000002 5.6000000000000005 5.2 2.2 0 0 0 0 0 0 0 0 0 8.8 0.2 0 0 0 4.4 6.2 0 0 0 0 8.4 0.2 2 0 0 0 0 0 0 0 0 0 0 0 0 0 0 0 0 0 0 1.4000000000000001 0 0 0 0 0 0 0 0 0 0 0 0 3 0 0 0.4 0 0 0 0 0 0 0 0 0 0.2 37.6 0 0.2 0.4 0 1.4000000000000001 3.8000000000000003 3 0 0 0 0 0.4 0 0 0 0 0 0 0 0 0 0 0 0 0 0 0 0 1.2000000000000002 0 3.4000000000000004 0 0 0 0 0 0 0 0 0 0 0 0 
 26 25.400000000000002 22.400000000000002 24.400000000000002 17.8 16 25 20.400000000000002 73.60000000000001 40.800000000000004 0 30.6 8.6 4.4 45 49.6 23 28.200000000000003 23.200000000000003 33 0 0.4 0 0 0 0.2 0 15 0 0 0 16 0 0 0 0 0.8 0 1 0.8 0 0 0 0 0.4 0 0 0.4 0 0 0.4 0 0 0 0 0 0 0.6000000000000001 0.2 0 0 0 0 0 0 0 6.2 0.6000000000000001 0 0 0 0 0.6000000000000001 0 0 11.600000000000001 0 0.6000000000000001 0.6000000000000001 0 2.2 0.6000000000000001 16.6 16.2 1.4000000000000001 0 0 3 3.2 2 5.4 8.6 0.8 0.2 10.8 5 4.2 2.6 1.4000000000000001 0 0 4.2 0 0 0 0 1.6 2.4000000000000004 0 0 0 0 1.8 4.4 0 1 0 2.2 2 0 0 0 0 0 0 0 0 0 0 0 0 0 0 0 0 0 0 0 0 0 0 0 0 0 0 0 0 0 0 0 0 0 0 0 0 0.2 0.4 0 0 0 7 0 0.2 2.6 0.2 0 2.2 0 0 0 0 7 1.8 0 2 0 2.2 3.6 0 0 0 6 0 0 0 0 2 2.4000000000000004 0 3.4000000000000004 0 0 0 0 0 0 0 0.4 2 0 0 0 0 0 0 0 2.2 0 0 0 0 0 0 0 2.4000000000000004 0 0 0 0 0.4 0 0 0 0 0 0 0 0 0 0 0 0 0 0 0 0.4 0 0 0 0 0 0 0 0 0 0.2 18.2 0 0.2 9.200000000000001 0 0.6000000000000001 0 0 0 0 0 0 0 0 0 0 4 0 0 0 0 0 0 0 0 0 0 0 0 0 0 0 0 0 0 0 0 0 0 0 0 0 0 0 
 90 5 8.4 11.4 42.800000000000004 20 62 9.600000000000001 101 12 30.6 0 5.6000000000000005 26 11 23.200000000000003 94.60000000000001 29 12 23.8 0 0 0 0.4 0.4 0 0.4 0 0.2 0 0 0.4 0.4 0.4 0.2 0 16 0 0.6000000000000001 36 0 0 0 0 11.8 0 0 0 12.8 0 0.2 0 1.2000000000000002 0 2 13.4 0 0.6000000000000001 0 1 0 0 0 0.2 0 0 0 0 0 0 0 0 1.4000000000000001 0.4 0 0 0 0 0.6000000000000001 0 0.8 3 5 13.600000000000001 7.2 3.4000000000000004 3 3.2 0 0 0.2 6.2 0 4.2 4.6000000000000005 0.2 0.2 6.2 0 0 2.2 0 0 0 0 0 7 5.2 0 0 1.8 0.2 0.2 7.800000000000001 0 0 2.6 0 0 1.8 0 0 0 0 0 0 3.4000000000000004 0 0 0 0 0 0 0 0 0 0 0 0 0 0 0 0 0 0 1.2000000000000002 0 0 0 0.4 0 0 0.2 0 0 0 0.2 0 0 0 2.8000000000000003 6.800000000000001 3.4000000000000004 5.800000000000001 2.4000000000000004 0 0 6.800000000000001 13.600000000000001 4.6000000000000005 6.6000000000000005 5.2 3.8000000000000003 2 1 3.2 0.2 2.4000000000000004 0 0 0 4.4 0 0 0 0 2 0 0.2 0 0 0 0.2 7.6000000000000005 0 0 0 0 4.2 3.8000000000000003 0 0 0 0 0 0 0 0 0 0 0 0 0 0 0 0 0 0 0 0 0 0 0 0 0 0 0 0 0 0 0 0 0 4.4 0 0.4 0 0 0 0 0 0 0 0 0 0.8 1 1.2000000000000002 0.4 1.2000000000000002 0 2.4000000000000004 0 0 0 0 0 0 0 0 0 0 0 0 0 0 0 0 0 0 0 0 0 0 0 1.6 0 0 0 0 0 0 0 0 0 0 0 0 0 0 
 6.6000000000000005 8.200000000000001 8.200000000000001 10.600000000000001 8.200000000000001 9.200000000000001 13.600000000000001 15.200000000000001 8.8 52.6 8.6 5.6000000000000005 0 36 7 2 8.200000000000001 6 39.400000000000006 42.6 0 0.2 0 0 0 0 0.2 0 0 0 0 0 0 0 0 0 0 0 0.4 0.6000000000000001 0 0 0 0 0.4 0 0 14.200000000000001 0 1.6 1 0 0 0 0 0 0 0.6000000000000001 0 0.2 0 0 0 0 0 0 0 0 0 0 0 0 0.6000000000000001 0.6000000000000001 0.6000000000000001 0 0 0 0.6000000000000001 0 13.4 2.2 0 0 0 0 4.800000000000001 7.2 0 0 0 0 13 2.8000000000000003 0 1.6 2 2.8000000000000003 8.200000000000001 8.200000000000001 0 0 0 0 0 2.2 0 0 0 0 0 0 0 0 0 0 0 0 0 0 0 0 0 0 0 0 0 0 0 0 0 0 0 0 0 0 0 0 0 0 0 0 0 0 0 0 0 0 0 0 0 0 0 0 0 1.4000000000000001 0 0 0 0 3.6 0 4 0 0 0.2 2.8000000000000003 0 8.200000000000001 0 0 0 5.2 2.2 2.8000000000000003 0 0 0 1.8 3.4000000000000004 0 0 0 0 0 0 0 0 0 0 0 0 0 0 0 0 0 0 0 0 0 0 0 0 0 0 0 0 0 0 0 0 0 0 0 0 0 0 0 0 0 0 0 0 0 0 0 0 0 0 0 0 0 0 1.6 0 0 0 0 0 0 0 0 0 0 0 0 0 0.2 0 0 1.2000000000000002 0 0 0 0 0 0 0 0 0 0 0 0 0 0 0 0 0 0 0 0 0 0 0 0 0 0 0 0 0 0 0 0 0 0 0 0 0 0 
 27.8 15.4 27.8 16.6 34.4 12 57.2 29.400000000000002 16.400000000000002 75.60000000000001 4.4 26 36 0 55.400000000000006 4.800000000000001 22.200000000000003 8.200000000000001 41.6 32.6 0 0.4 0 0 0 0 0 0 0 0 0 0 0 0.2 0 0.2 0 0.2 15.8 0.6000000000000001 0 0 0 0 0.6000000000000001 0 0 0 0 0 0 0 0 0 0 0 0 0.6000000000000001 0 0 0 0 0.8 0 3.8000000000000003 0 0 0 0 1.2000000000000002 0 0 0.6000000000000001 0 0 0 0 0 0.6000000000000001 0 3.4000000000000004 2.8000000000000003 0 0 4.2 0 5.2 2.8000000000000003 2.8000000000000003 3.6 3.4000000000000004 3 5.2 8.6 1.4000000000000001 4.2 5.2 5.800000000000001 11.200000000000001 2 0 0 0 0 0 0 2.2 0 0 0 3 0 0 0 0 0 0 0 0 0 0 0 0 0 0 0 0 0 0 0 0 0 0 0 0 0 0 0 0 0 0 1.6 0 0 0 1.2000000000000002 0 0 0 0 0 0 0 0 0 0 0 0 0 0 4.800000000000001 4.4 3.6 2.2 3.8000000000000003 3.4000000000000004 0 3.8000000000000003 16.8 2.8000000000000003 6.2 0 3 2.8000000000000003 2 0 2.4000000000000004 0 3.8000000000000003 4.2 0 0 0 0 0 0 3.4000000000000004 0 0 0 0 0 0 0 0 0 0 0 3.8000000000000003 4 0 0 0 0 0 0 0 0 0 0 0 0 0 0 0 0 0 0 0 0 0 0 0 0 0 0 0 0 0 2.4000000000000004 0 3.6 0 0 0 3 0 0 0 0 0 0 0 0 0 0 0 0 20.200000000000003 0.2 1.8 1.8 0.2 0 0 0 0 0 0 0 0 0 0 0 0 0 0 0 0 0 0 0 0 0 0 5.800000000000001 6 0 0 0 0 0 0 0 0 0 0 0 0 0 
 34.2 31.200000000000003 46.400000000000006 17 57.2 9.8 11.8 52.6 34.800000000000004 100.4 45 11 7 55.400000000000006 0 41.2 24.400000000000002 23.8 15 36.800000000000004 0 0.2 0 0 0 0 0 0 0 0 0.2 0 0 0 0 0.4 0 0.2 0.8 0.6000000000000001 0.4 0.4 0 0 0.4 0 0 0 0 0 0.2 0 0 0 0 0 0 0.6000000000000001 0.4 0 0 0 0 0.4 0 0 0 0 0 0.8 0 0.2 0.6000000000000001 0 0 0 0 0 0.6000000000000001 0 1.6 10.200000000000001 2.6 2 2 0 3.6 2.2 5.2 1.6 1.8 4.2 3 9.4 2.2 2.4000000000000004 1 3 1 0.2 0.2 0 0 0 0 0 2.8000000000000003 0 0 0 0 0 0 0.2 0 0 0 0 0 0 0 0.4 0 0 0 0 0 0 0 0 0 0.2 0 0 0 0 0 0 2 0 0 0.8 0 0 0 1.4000000000000001 0 0 0 0 0 0 0 0 0 0 0 0 0 0 3.2 3.4000000000000004 2.6 2.6 0 1.6 3 0 7.2 6.4 2.4000000000000004 0 0 2 0 3.4000000000000004 3 3 0 0 0 0 0 0 0 0 0 0.2 0 0 0 0 0 0 0 0 0 0 1.8 0 0 0 0 0 0 0 0 0 0 0 0 0 0 0 0 0 0 0 0 0 0 0 0 0 0 0 0 0 0 0 0 0 7 0 0 0 0 0 0 13.200000000000001 0 0 0 0 0 0.8 0.8 0 0.6000000000000001 0.4 0 0 3.2 0 0 0 0 0 0 0 0 0 3.8000000000000003 0 0 0 0 0 0 0 0 0 0 11.8 0 6.4 0 4.6000000000000005 0 0 0 0 0 0 0 0.4 0 0 0 0 
 7.4 25.8 48.800000000000004 92 24.8 15.8 28.8 29.400000000000002 54.6 64.60000000000001 49.6 23.200000000000003 2 4.800000000000001 41.2 0 17.2 53.2 7.2 53.400000000000006 0 15 0 0.4 0 0 15 0 0 0 0 14.600000000000001 0 0.6000000000000001 0 0 0 0.2 10.4 26.200000000000003 0 0 0 0 0.4 0 0 0 0 0 0.2 0 9.200000000000001 0 0.8 0 0 0.6000000000000001 10.4 0.2 0 0 0 0 0 1 0 0 0 8.200000000000001 0 0 0.6000000000000001 0.2 8.4 0 0 0 0.6000000000000001 0 0 7 12.200000000000001 4.800000000000001 6.4 2 2.2 0 0 0.6000000000000001 3.6 0.2 0 3.2 5.800000000000001 6.4 4.4 5.800000000000001 3 3.4000000000000004 0.6000000000000001 0 0 0.4 0 0 4.2 2.8000000000000003 0 0 0 0 0 5.800000000000001 0 0 0 0 0.6000000000000001 1.8 0 0 0.4 0 0 0 0 0 0 0 0 0 0 0 0 0 0 0.2 0 0 0 0 0 0.4 0 0.2 0 0 0 0 0 0 0 0 0 0 0 0.4 0 0 5 6.4 0 7.800000000000001 0.2 4 0.2 4.4 2.2 0 0.8 2.6 0 0 0 2.4000000000000004 4.800000000000001 7.4 0 0 0 1.6 0 0 0 0 0 0 0 0 0 0 0 3.4000000000000004 1 0 0 0 0 13.8 0 0 0 2 0 0 4.6000000000000005 0 0 0 0 0 0 0 0 0 0 0 0.4 0 0 7.2 0 0.4 0 0 0 0 0 0 0 0 0.2 0 0.4 0 0 0 0 0.4 0 1.8 0 0 0 0.6000000000000001 0 0.4 0.8 8.8 0 1.8 3 0 0 0.4 0 0 0 0 0 0 0 0 0 0 0 0.2 0 0 0 0 0 0 0 0 3 0 0 0 0 0 0 0 0 0 0 0 0 0.4 
 21.6 42.6 9.200000000000001 47.6 58 73.8 31.8 69.2 13.4 26.200000000000003 23 94.60000000000001 8.200000000000001 22.200000000000003 24.400000000000002 17.2 0 72.2 8.8 24.200000000000003 0 0.2 0 0 0 0 0 0 0 0 0 0 0 0 0 0 0 0 3.8000000000000003 15.8 0 0.4 0 0 0.4 0 1 0 0 0 12.600000000000001 0 0 0 0.6000000000000001 0 0.2 0.6000000000000001 0 1.4000000000000001 0 0 0 0 0 0.4 0 0 0 0 0 0 0.6000000000000001 0.4 0 0 0 0 0.6000000000000001 0 2.6 2 1.8 3.4000000000000004 0 3.8000000000000003 2.4000000000000004 1.4000000000000001 6 4.6000000000000005 0.4 0 0 2.4000000000000004 1.8 5.2 5 2.8000000000000003 0 11 5 0 0 0 0 0 0 3.2 0 0 0 0.2 3 0 0 0 0 0 6.800000000000001 0 0 0 0 0 0 5.2 0 0 0 0 0 0 0 0 0 0 0 0 3.8000000000000003 0 0 1.2000000000000002 0 0 0.2 1.2000000000000002 0 0 0 0.4 0 0 0 0 0 0 0.2 1.6 0 0 0 0.4 1.2000000000000002 1.6 2 0 0 3.2 5.2 2.8000000000000003 1.4000000000000001 0 0 0 0.2 11.600000000000001 3.6 6.2 0 0 0 0 0 0 0 0 2 2.4000000000000004 0.2 0.2 0 0 0.2 2 0 0 0 0 0 0 0 0 0 0 0 0 0 0 0 0 0 0 0 0 0 0 0 0 0 0 0 0 0 0 0 0 0 0 0 0 0.2 0 0.2 0 0 0.4 0 0 0 0 0 0 0 0 0 0.4 1.4000000000000001 0.2 11 0 3.4000000000000004 0.6000000000000001 0.2 0 0 0 0 0 0 0 0 0 0 0 0 0 0 0 0 0 0 0 0 0 0 0 2.8000000000000003 3.8000000000000003 0 0 0 0 0 0 0 0 0 0 0 0 
 24.400000000000002 23.6 70.60000000000001 91.80000000000001 63.6 20 69.60000000000001 30.8 43.400000000000006 32.4 28.200000000000003 29 6 8.200000000000001 23.8 53.2 72.2 0 7.4 8.4 0 0.2 0 0 0 0 14.8 0 0 0 0 0 0 0 0 0 0 0 15 0.6000000000000001 0 0.2 0 0 0.4 0 0.4 0 7 0 0 7.2 0 0 0 0 0 0.6000000000000001 0 0 0 0 0 0 0 0 0 0 0 0 0 0 0.6000000000000001 0.2 0 0 0 0 0.6000000000000001 0 2 3.8000000000000003 14.200000000000001 7.4 2 8.200000000000001 0 0.8 2.6 4 2.2 10.4 0 0.2 4.2 0 2 3 0 0 5.6000000000000005 0 0 0 0 0 0 0.2 2.6 0 0 0 2 1.8 0 0 0 0 6.6000000000000005 0 0 0 0 0 0 0 0 0 0 0 0 0 0 0 0 0.4 0 0 0 0 0 1 0 0 0 0.4 0.4 0 0 0 0 0 0 0 0 0 0 1.4000000000000001 0 0 0 0 1.8 0.2 0.6000000000000001 0 1.2000000000000002 0 0 0 1.2000000000000002 2.2 0 0 1.2000000000000002 3.4000000000000004 1.4000000000000001 0.2 0 0 0 3.8000000000000003 0.2 0 0 0 4.800000000000001 2.6 1 0.2 0 0 0 4.6000000000000005 3.4000000000000004 0 0 0 1.8 0.6000000000000001 0 1.8 0.4 0 0 0 0 0 0 0 0 0 0 0 0 1.4000000000000001 0.4 0 0 0 0 0 0.2 0 0 0.4 0 0.4 0.4 0 0.2 0 0 0.2 3 0 0 0.2 0 0 0 0.4 0 0 0 0.2 28.200000000000003 0 18 0.4 0 0.8 0.2 0 0 0 0 0 0 0 0 0 0 0 0 0 0.4 0 0 0 0 0 0 0 0 0 0 0 0 0 0 0 0 0 0 0 0 0 0 4 
 15.8 32.2 62 17.400000000000002 15 50.400000000000006 8 29 19.200000000000003 17.400000000000002 23.200000000000003 12 39.400000000000006 41.6 15 7.2 8.8 7.4 0 61.2 0.4 0.2 0.4 0 0 0 0 1.4000000000000001 0.4 0.4 0.4 0 0 0 0.4 0 0.4 0.8 0.6000000000000001 0.6000000000000001 0 0.2 0 0 0.4 0 0 12.600000000000001 0 0 0 0 0 0 0 0 0 1 0.8 0 0.2 0 0 0 0 0 0 0 0 0 0 0 0.6000000000000001 0.2 0 0 0 0 0.6000000000000001 0 9.600000000000001 3.8000000000000003 0 3.2 0.2 0 7.800000000000001 6 0 0 0 0 9.8 2.8000000000000003 3 5.4 5 2.6 2.6 10.600000000000001 0 0 0 0 0 0 0 0 0 0 0 0 0 0 0 0 0 0 0 0 3.4000000000000004 0 0 0 0 0 0 0 0 0 0.4 0 0 0 0 0 0 0 0 0 0 0 0 0 0 0 0 0 0 0 0 0.2 0 0 0 0.8 0 0 0 0 4.2 0 4 0 0 0.2 5 3 6.2 0 0 0 4.6000000000000005 2 2.8000000000000003 0 0 0 1.8 3.6 0 0 0 0 0 0 0 0 0 0 0 0 0 0 0 0 0 0 0 0 0 0 0.2 0 0 0 0 0 0 0 0 0 0 0 0 0 0 0.2 0 0 0 0 0 0 0 0 0 0 0 0 0 0 0 0 0 0 0 0 0 0 0 0 3.8000000000000003 0 0 0.2 0 0 0 0.4 0 1.8 0 0 0 0 0 0 0 0 0 0 0 0 0 0 0 0 0 0 0 0 0 0 0 0 0 0 0 0 0 0 0 0 0 0 0 0 0 0 
 42.6 26.400000000000002 113.60000000000001 15.200000000000001 17.8 25.400000000000002 23.400000000000002 26 13.8 15 33 23.8 42.6 32.6 36.800000000000004 53.400000000000006 24.200000000000003 8.4 61.2 0 0 0.2 0 0 0 0 0 0 0.8 0 0.2 0 0 0 0 0 0.4 0 0.4 0.6000000000000001 0 0.6000000000000001 0 0 0.4 0 0 0 0 12.4 0 0 0 0 0 0 0 0.8 0 0 0 0 0 0 0 0 0.6000000000000001 0 0 0 0 0 0.6000000000000001 0.2 0 0 0 0 0.6000000000000001 0 0.2 7.800000000000001 4.4 0 0 0 6.800000000000001 0 2.2 0.6000000000000001 11.4 3 5.4 0 2.6 5 1 4.800000000000001 7.2 12.600000000000001 0 0 0 0 0 0 0 0 0 0 0 0 0 0 0 0 0 0 0 0 0.4 0 0 0 0 0 0 0 0 0 0 0 0 0 0 0 0 0 0 0 0 0.2 0 0 0 1.2000000000000002 0 0 0 0 0 0 0 0 0 0 0 0 0.2 0 2.8000000000000003 0.2 7.2 2 0 0.2 4.6000000000000005 3.6 3.2 0 2.8000000000000003 3.8000000000000003 1.2000000000000002 1.8 1.4000000000000001 0 2 3.8000000000000003 4 0.4 0 0 0 0 0 0 0 0 0 0 0 0 0 0 0 0 0 0 0 0 0 0 0 0 0 0 2.2 0 0 0 0 0 0.2 0 0 0 0 0 0 0 0.2 0 0 0 0 0 0 0 0 0 0 0 3.2 0 0 0 0 0 0 0 0 0 0 0 0 0 1 0.4 0 0.4 0 2.6 4.2 0 0 0 0 0 0 0.6000000000000001 0 0 2 0 0 0 0 0 0 0 0 0 0 0 0 2.2 0 0 0 0 0 0 0 0 0 0 0 0 0 0 
 0 0 0.2 15.4 0 15.600000000000001 0 0 0 0 0 0 0 0 0 0 0 0 0.4 0 0 38.2 104.2 51.2 5.800000000000001 12 16.8 47.800000000000004 21 103 8.200000000000001 8.200000000000001 39.6 52.800000000000004 50.2 11 31.6 19.400000000000002 7.800000000000001 18.2 0 0.4 0.2 0 0.6000000000000001 2.4000000000000004 0 0.6000000000000001 0.6000000000000001 0.8 0 0.6000000000000001 0.6000000000000001 0 1 0.6000000000000001 0 0.4 1.2000000000000002 0 0 0 0 0.2 0.6000000000000001 0 0.6000000000000001 0 0 0 0.6000000000000001 0 0.6000000000000001 0 0 0 0 0 0.6000000000000001 0.4 0 0 0 0 0 4.4 0 0 0 0 0 0 0 0 0 0.4 0 0 0 0 0 5.2 2.2 4.800000000000001 5.800000000000001 0.2 4.800000000000001 4.800000000000001 2 6.6000000000000005 2.6 0 0.2 0.2 4.800000000000001 8 1.8 6.2 0 1 0 0 0 0.4 0 0 1.6 0 0 0 0 0 1.4000000000000001 0 0 0 0 0 0 0 0 0 0 0 0 0 0 1.8 0 0 0 0 0 0 0 0 0 0 0 2 0 0 0 0 0.8 6.2 0 0 0 0.6000000000000001 0 0 0 0 0 0 0 2.6 0 0 5 13.4 11.600000000000001 3.2 0 0 5.6000000000000005 2.8000000000000003 3 0 0 3 6.800000000000001 0 12.200000000000001 1.6 1.8 4.6000000000000005 1.6 3 0 0 0 0 0 0 0 0 0 0 0 0 0 0 0 0 0 0 0 0 0 0 0 0 0 0 0 0 0 0 0 0 0 0 0 0 0 0 0 0 0 2.4000000000000004 0 0 0 0 0 0 0 0 0 0 0 0 3.6 0.4 0.4 8.200000000000001 15.8 0.4 0 0.2 0 0 0 0 0 0 0 0 0 0 0 0 0 0 0 0.4 0 0 0 0 0 0 0 3.6 0.2 0 0 0 
 0.4 0.4 0.4 0.4 27.8 15 0.4 0.4 0.2 0.2 0.4 0 0.2 0.4 0.2 15 0.2 0.2 0.2 0.2 38.2 0 55.400000000000006 46.400000000000006 50.2 52 22 51.800000000000004 14.8 26.400000000000002 6.800000000000001 50.2 37.6 11.600000000000001 28.200000000000003 100 29.6 65.2 54.6 25 0 0.4 0 0 0 0 0.2 0 12.4 0 0 0.4 0 0 0.8 0.6000000000000001 0 0.4 0 14.4 0 0 0 8 0 0 0.6000000000000001 0 0 0 0.6000000000000001 0 0.6000000000000001 0 0 0 0 0 0.6000000000000001 0 0 0 0 0 0 3 0 0 0 0 0 0 0 0 0 0 0 0.2 0 0 0 4.800000000000001 0 2.8000000000000003 2.8000000000000003 0.2 4.2 2.2 2.2 12.4 8.4 0 5.800000000000001 5.6000000000000005 0 4.2 0 5.4 1.8 2.4000000000000004 0 0 0 0 0 0 3 0 0 0 0 0 1.8 0 0 0 0 0 0 0 0 0 0 4.2 0 0.2 0 1.8 0 0 0 0 0 0 0 0 0 0 0 0.2 0 0 0 0 3.8000000000000003 3.4000000000000004 0 0 0 1 0 0.2 0 0 0 0 0 0 0 0 1.8 5.6000000000000005 0.2 1.8 8.200000000000001 4 3 2.6 1.4000000000000001 0 0 0 2 0 0 5.800000000000001 0 3.4000000000000004 5.4 1.2000000000000002 0 4 0 0 0 0 0 0 0 0 0 0 0 0 0 0 0 0 0 0 0 0 0 0 0 0.2 3 0 0 0 0 0 0 0 0 0 0 0 0 0 0 0 0 0 0 0 0.2 0 0 0 0 0 0 0 0.6000000000000001 0.4 0 0 15.8 0.4 0.4 0 0 0 0 0 0 0 0 0 0 0 0 0 0 0 0 0 0 0 0 2.6 0 0 0 3.8000000000000003 0 0 0 0.4 
 0 0 0 0 0 7.2 0 0.4 0 0 0 0 0 0 0 0 0 0 0.4 0 104.2 55.400000000000006 0 76.2 14.200000000000001 82.2 24.200000000000003 21.8 18.400000000000002 32.800000000000004 9.8 12.600000000000001 22.6 41.2 24.200000000000003 97.80000000000001 21 38 23.6 30 0 0.2 0 0 0 0 0 0 0 0 0 12.600000000000001 0 0 0.6000000000000001 0.6000000000000001 0 0.4 0 0 0 0 0 0 0 0 0.6000000000000001 0 0 0 1.2000000000000002 0 0.6000000000000001 0 0 0 0 0 0.6000000000000001 0 0 0 0 0 0 4.2 0 0 0 0 0 0 0.2 0.4 0 0 3 0 0 0 2.4000000000000004 4 11.600000000000001 5.2 1.8 4 2 15 6.2 0 1.6 1 0.2 3 2.4000000000000004 3.8000000000000003 2.4000000000000004 5.4 0.2 7.2 0 0 0 0 0 0 1.2000000000000002 0 0 0 0 0 1.6 0 0 0 0 0 0 0.4 5.800000000000001 0 0 0 0 0 0 0 0 0 0 0 0 0 0 0 0 0 0 2.4000000000000004 2.6 0 0 0 9.200000000000001 4 0 0 0 0 0 0 0 0 0 0.4 0 0 0 0 1.2000000000000002 2 7.800000000000001 5.4 1.4000000000000001 0 1.4000000000000001 0.4 0 5.2 2.4000000000000004 2.2 0 4 5.2 4.6000000000000005 4 8.6 0 3.2 0 0 0 0 0 0 0 0 0.2 0 0 0 0 0 0 0 0 0 0 0 3.2 0 0 0 0 0.2 0 0 0 0 0 0 0 0 0.4 0 0 0 1.8 0 0 0 0 0 0 0 0 0 0 0 0 0 0 0 2.2 0 0.2 15.8 8.4 0.2 0.4 0.4 0 0 0 0 0 0 0 0 0 0 0 0 0 0 0 0 0 0 0 0 0 0 0 5 0 0 0 0 
 0 0.2 0 0 0 0 0 0 0 0.4 0 0.4 0 0 0 0.4 0 0 0 0 51.2 46.400000000000006 76.2 0 31.8 87 63.2 43.6 30 43.2 16.8 60.800000000000004 18.2 108.4 49.6 25.400000000000002 21.200000000000003 11.4 15 29.400000000000002 0 0.2 0 1 0.2 0 0 0.8 0 0 0 0.4 6.4 4.2 0.6000000000000001 1.6 0 0.4 12.8 0 0 0 0 0 0 0 0.6000000000000001 0 0 0 7.2 0.4 0.6000000000000001 0 0 0 0 0 0.6000000000000001 0 0 0 0.4 0 0 0 0 0 1.6 0.2 0 0 0 0 0 0 0 0 0 0 0 1 7.2 5 1.8 0 3.8000000000000003 4.2 2.2 5.6000000000000005 1.8 3.6 0 0 3 2.2 5.4 9.600000000000001 0 0.2 1.8 0 0 0 0 0 6 0 0 0 0 0 1.6 0 2.4000000000000004 0 0 0 0 0 0.2 0 0 0 0 0 0 0 0 0 0 0 0 0 0 0 0 0 0 2.2 0 0 0 0 2.4000000000000004 0 0 0 0 0 0 0 0 0 0.4 0 0 0 0 0 1.6 3.2 0 1.6 2.4000000000000004 0 0 0 5.6000000000000005 3.2 0.2 2.4000000000000004 1.2000000000000002 0 0 11.600000000000001 2.8000000000000003 2.6 0 3.2 1.6 0 1.4000000000000001 0 0 0 0 0 0 0 0 0 0 3 2.4000000000000004 0 5.6000000000000005 0 1.8 1.8 0 0 0 0 0 0 0 1 0 0 0 0 0 0 0 0 0 0 0 1.4000000000000001 0 0 0 0 0 0 0 0 0 0 0 0 0 0 0.4 0 0.6000000000000001 20.6 24.8 0.4 0.4 0 0 0 0 0 0 0 0 0 0 0 0 0 0 0 0 0 0 0 0 7.6000000000000005 0 0.4 0 0 0 0 0 0 
 0 6.4 0 0 0 0 0 0.2 0 0.2 0 0.4 0 0 0 0 0 0 0 0 5.800000000000001 50.2 14.200000000000001 31.8 0 62 15 18.6 77 79.2 42.800000000000004 104 50.6 60.2 85.60000000000001 50 53 9.600000000000001 56.400000000000006 17.6 11 0.2 0 0.6000000000000001 0 0 24.8 0.6000000000000001 1 0 0 0.4 12.8 32.2 0.6000000000000001 1 0 0.6000000000000001 0.6000000000000001 16.400000000000002 1.4000000000000001 0 0 0 0 0 0.6000000000000001 0 0 0.4 0.6000000000000001 0 0.6000000000000001 0.4 0 0.6000000000000001 0 0 0.6000000000000001 0 0 0 0 0 0 0 0 0 0 0 0 0 0 0 0 0 0.4 0 0 0 0 0 3.8000000000000003 0.4 10.600000000000001 4.800000000000001 0 0 4.800000000000001 7.4 0.2 3.6 0 0 0 0.2 0.2 0 0 0.2 3.4000000000000004 7.800000000000001 9.8 4.6000000000000005 0 0 1.4000000000000001 3.2 4 0.2 0 0.2 4 2.2 3.8000000000000003 4.6000000000000005 0 0 0 3 0 0 0 0 0 0 0 0 1.6 1 0 0 0.2 0 0 0 0 3.2 0 0 0 0 0 0 0 0 0 0 0 0 0 0 0 0 0 0 0 0 0 0 0.6000000000000001 0 4 0.2 12.200000000000001 7.800000000000001 0 0 8.8 4.6000000000000005 1.4000000000000001 3.4000000000000004 0 0 3.8000000000000003 0 2.2 0 0 0 0.2 0.2 3.4000000000000004 0 0 0 2 5.6000000000000005 3.8000000000000003 3.8000000000000003 0 0 2 2.2 4.4 0 1.8 0 1.6 11 1.4000000000000001 0 0 0 0 0 0 0 0 0 0 0 0 0 0 0 0 0 0 0 0 0 0 0 0 0 0 0 0 0 0 1.6 0 0 2 0.4 0.8 15.600000000000001 0.6000000000000001 0 1 0 0 0 0 0 0.2 0 0 0 0 0 0 0 0 0 0 0 0 0 0 0 0 0 0 0 0.2 0 0 0 
 0 0 0 0 0 0 0.2 0 0 0 0.2 0 0 0 0 0 0 0 0 0 12 52 82.2 87 62 0 9.8 65.60000000000001 43.6 32.2 44.2 69 7.4 14.600000000000001 29.400000000000002 30.8 7.6000000000000005 34 11.600000000000001 26.400000000000002 16.400000000000002 0.4 0 0.4 0 0 0 3.2 0.8 0 0 0.4 0.2 0 0.6000000000000001 0.6000000000000001 0 0.4 12.4 0 0 1.4000000000000001 0 0 0 0 0.6000000000000001 0 0 1.2000000000000002 0.6000000000000001 0 0.6000000000000001 0 0 0 0 0 0.6000000000000001 0 0 0 0 0 0 0 0 0 0 0 0 0 0 0 0.4 0 0 0 0 0 0 0 4 3 5.4 0 0 0 2 1.8 4 0.6000000000000001 0 0 0 6.2 12.8 1.4000000000000001 0 0 0 0.2 0.2 0 0 0 3.6 0 0.4 0.4 0 0 6 5 4 0 0 0 7 13.600000000000001 0 0 0 0 0 0 0 0 0 0 0 0.4 1 0 0 0 0 0 2.2 0 0 0 0 3.8000000000000003 0 0.2 0.4 0 0 4.6000000000000005 0 0 0 0 0 0 0 0 0 0 0 0 0 1.6 2.2 3.4000000000000004 0 2.8000000000000003 0.2 1.6 7.800000000000001 6.800000000000001 0 0 0.2 0 11.4 0 0 0 0.2 0 0 0 0 3.6 0.2 1.4000000000000001 0.2 0 0.4 0 0 3.8000000000000003 0 0 0 0 4.800000000000001 0.4 0 0 0 0 0 0 0 0 0 0 0 0 0 0.2 0 0 0 0 0 0 0 0 0 0 0 0 0 0 0 0 0 0 0.2 0 1.4000000000000001 0 0.2 17.2 23.200000000000003 0.4 1.4000000000000001 3.6 0 0 0 0 0.2 0.4 0 0 0 0 0 0 0 0 0 0 0 0 0 0 0 0 0 0 2.8000000000000003 0 0 0 
 0 0 0 6.2 13.200000000000001 16.8 0 0 0 5.800000000000001 0 0.4 0.2 0 0 15 0 14.8 0 0 16.8 22 24.200000000000003 63.2 15 9.8 0 31.6 11 21.8 6.2 10.4 29.200000000000003 22.200000000000003 24.8 19.6 3.2 37.6 53 40.800000000000004 0 0.4 0 0.2 0 0 0.2 0 0 0 0 0.6000000000000001 0 0 0.6000000000000001 0.4 0 0.2 0 0 0 0 0 0 0 0 0.6000000000000001 0 0 0 0.6000000000000001 0 0.4 0 0 0 0 0 0.6000000000000001 0 0 0 0 0 4.4 2.8000000000000003 0 0 3.2 0 5.4 4.2 0 0 0 0 0 0 0.4 0 10.4 7 6 5.6000000000000005 0 4 0 5.2 4.6000000000000005 0 0.2 1 1.8 0 1.4000000000000001 2 0 0.2 7.6000000000000005 5.4 0 2.4000000000000004 0 0 0 0 0 0 0 0 0 0 0 0 0 0.4 0 0 0 0.2 2.8000000000000003 0 0 0 0 0.2 0 0 0 0 0 0 0 0 0.4 0 0 0 0 1.8 0 0 0 0 2 0.8 0 0.6000000000000001 0 0 1.8 0 0.2 0.2 0 3.8000000000000003 1.8 0.6000000000000001 0 0 0 0 3.8000000000000003 0 0.8 0 2 9.200000000000001 0 5.800000000000001 3.2 0 8.6 2.2 0 2.6 1 7.800000000000001 5 5.2 0 0 0 0 0 0.2 0 0 0 0 0 0 0 0 0 0 0 0 0.2 0.2 0.4 0.4 0 0 0 0 0 0 0 0 0 0 0 0 0 0 0 0 0 0 0 0 0.2 0 0 0 0 0 1.6 15 0 0 0 0 3.4000000000000004 0 0 0 0 0 0 0 0 0 0 0 0 0 0 0 0 0 0 0 0 0 4.800000000000001 0 0 0 0 0 0 0 0 0 0 0 0 0 
 0 0 0 0 14.600000000000001 6.4 0.6000000000000001 0 0 0.4 15 0 0 0 0 0 0 0 1.4000000000000001 0 47.800000000000004 51.800000000000004 21.8 43.6 18.6 65.60000000000001 31.6 0 43 11.200000000000001 11.200000000000001 57.6 45.800000000000004 73.8 15.600000000000001 26.8 39.2 21.200000000000003 74.2 9.4 0.2 0.8 1.6 0.6000000000000001 0 0 0.2 0 0 0 0 1 0.4 0 1 0.6000000000000001 0 0.6000000000000001 1.2000000000000002 0 0 0 0 0 0.4 0 1.2000000000000002 0 0 0.6000000000000001 0.6000000000000001 0 0.6000000000000001 0 0 1.2000000000000002 0.4 0 0.6000000000000001 0 0 0 0 0 0.2 0.2 0 2.6 0 0 0 0 0 0 0 0.2 0 1.8 0 0 0 7.6000000000000005 0 0 2.4000000000000004 3.6 1.2000000000000002 4.2 2.4000000000000004 0 0 0 3.8000000000000003 2 6 12.4 0 0 0.6000000000000001 8.200000000000001 0 0 0 0 0 0 0 0 0 0 0 0 0 0 0 0 0 0 0.2 3.8000000000000003 1 0 0 0 0 0 0 0 0 0.2 0 0 0 0 0 0 0 0 1.4000000000000001 0 0 3 0 0 2.2 5.800000000000001 0 0.2 0 0 0 0 0.4 0 0 0 0 0 0 0 4.2 8.6 4.2 0 4.2 0.2 0.4 3.2 0 5.2 7.800000000000001 0 9 0 0.4 3 6.6000000000000005 2.6 4.800000000000001 0 0 0 0 0 0 0 0 0 0 0 0 0 0 4 0 0 0 0 0.6000000000000001 0 0 0 0 0 0 0 0 0 0 0 0 2.8000000000000003 0 0 0 0 0 0 0 0 0 0 0 0 0 0 0.2 0.2 0 15.200000000000001 0 0 0 0 1.2000000000000002 0 0 0.4 0 0.4 0.4 3 0 0 0 0 0 0 0 0 0 0 0 0 0 0 0 0 0 0 0 0 0 0 0 3.6 0 0 0 0 
 0 0 0 0 0 12.4 0 0 0.4 0 0 0.2 0 0 0 0 0 0 0.4 0.8 21 14.8 18.400000000000002 30 77 43.6 11 43 0 19.400000000000002 25 23.200000000000003 31 54.400000000000006 102.80000000000001 30.6 50.6 5.2 15.8 28.400000000000002 0 0.4 0 0 0 0 0 0 0 0.8 0 0.4 12.600000000000001 0 0.6000000000000001 0.6000000000000001 0 0.4 0 0 0 0 0 0 0 0 1.4000000000000001 0 0 0.6000000000000001 0.6000000000000001 0 0.6000000000000001 0 0 0 0 6 0.6000000000000001 0 0 0 0 0 0 0 0 0 0 0 0 0 0 0 0 0 0 0 0 0 2.8000000000000003 0 8 0.8 20 0 5.2 4.4 4 3 1.4000000000000001 2.6 4.800000000000001 0 2.4000000000000004 1.2000000000000002 7.2 11 0 5 0 0 0 0 0 0 0 0 0 0 0 0 0.2 2 1.6 0 0 0 3.6 2.6 0.2 0 0 0 0 0 0 0.4 0 0 0 0 0.4 0 0 0 0 0 0.6000000000000001 0 0 0 0.4 0 0 0 0 0 0 0 0 0 0 0 0 0 0 0.6000000000000001 0.2 0 3.6 2.8000000000000003 2.6 2.2 3.8000000000000003 1.8 1.8 0 5.800000000000001 0 7.800000000000001 4.2 0 0 3.4000000000000004 0 12.200000000000001 3.6 0 0 0 0 0 0 0 0 0 0 0 0 0 0 0 3.6 0 0 0 0 4.4 4.2 0 0 0 0 2.8000000000000003 0 2.2 0 0 0 0 0 0 0 0 0 0 0 0 0 0 0 1.6 0 0 0 0 0 0 0 0 0 0 0 1.8 0.2 0 36.2 0.2 0 0.4 1.6 0 0 0 0 0 0 0 0 0 0 0 0 0 0 0 0 0 0 0 2.4000000000000004 0 0 0 0 0 0 0 0 
 0 41 0 0 0 14.8 9.8 0 0 0 0 0 0 0 0 0 0 0 0.4 0 103 26.400000000000002 32.800000000000004 43.2 79.2 32.2 21.8 11.200000000000001 19.400000000000002 0 40.400000000000006 39 12.8 41 46.6 34.4 32.4 45 73.8 16 0 0.4 0 0 0 0 0 0 0 0 0 0.6000000000000001 0 0 0.6000000000000001 0.6000000000000001 0 0.4 12.4 0 0 0 0 0 0 0 0.6000000000000001 0 0 0 0.6000000000000001 0 0.6000000000000001 0 0 0 0 0 0.6000000000000001 0 0 0 0 0 0 2.6 0 0 0 0 0 0 0 0 0 0 0 0 0 0 2.4000000000000004 5.6000000000000005 4.2 8.4 0 1.8 0.2 5.2 0.8 2.6 1.8 2.6 1.2000000000000002 0 0.6000000000000001 0 5 1.2000000000000002 0 0.4 0 0 0.4 0.2 0 0 0 1.6 0 0 0 0 0 0 0 0 0 0 1.8 0 0 0 0 0 0 0 0 0 0 0 0 0 0 0 0 0 0 0 0 1 0 0 0 0 0 0 0 0 0 0.6000000000000001 0 0 0 0 0 3.4000000000000004 0.4 0 0 0.2 10.200000000000001 2.2 2.8000000000000003 2.4000000000000004 3.6 0 0 4 7.2 0 0.2 2.4000000000000004 2 1.6 1.6 3.8000000000000003 2 7.2 0.2 5 0 0 0 0 0 0 0 0 0 0.8 0 0 0 0 0 0 0 0 0 0 0 0 0 0 0 0 0 0 3.2 0 0 0 0 0 0 0 0 0 0 0 0 0 0 0 0 0 0 0 0 0 0 0 0 0 0.8 0.2 0 0 0.2 0.6000000000000001 0.4 0 0 0 0 0 0.4 0 0 0 0 0 0 0 0 0 0 0.4 0 2.6 0 0 0 0 0 0 7.2 0 0 0 
 0 0 0 0 16.6 0 0 0 0 0 0 0 0 0 0.2 0 0 0 0.4 0.2 8.200000000000001 6.800000000000001 9.8 16.8 42.800000000000004 44.2 6.2 11.200000000000001 25 40.400000000000006 0 86.2 10.200000000000001 11.200000000000001 52.800000000000004 78.80000000000001 20 12.600000000000001 8.4 14.200000000000001 13 0.2 0 0 0 0 23.8 0.6000000000000001 0 0.8 0 0.4 0 5.800000000000001 0.6000000000000001 0.6000000000000001 0 0.6000000000000001 0 3.8000000000000003 0.8 0 0 0 0 0 0.6000000000000001 0 0 0 0.6000000000000001 0 0.6000000000000001 0 0 0 0 0 0.6000000000000001 0 0 0 0 0 0 0 0 0 0 0 0 0 0 0 0 0 0 0 0 0 0 0 6.6000000000000005 0 6.6000000000000005 2.4000000000000004 0 0 2 10.600000000000001 0.2 7.4 0 0 0 0 4 0.2 0 0 0 0 9.8 0.4 0 0 2.4000000000000004 0.2 0 0 0 4.2 3.6 0 2 3 0 0 5.4 1.4000000000000001 0 0 0 0 0 0 0 0 0 2.4000000000000004 0 0 0 0 0 0 0 0 0 0 0 0 0 0 0 0 0 0 5.2 0 0 0 0 0 0 0 0.4 0 0 0.2 0 0 2.8000000000000003 0.2 6.4 7 0 0 6.6000000000000005 0 4.800000000000001 14.200000000000001 0.4 0 5.800000000000001 0 4.6000000000000005 0 0 0 3 0 0 0 0 0 2 0 3.2 0 0 0 1.8 3.8000000000000003 2.4000000000000004 0 0 0 3.6 9 0 0 1.6 0 0 0 0 0 0.2 0 0 0 0 0 0 0 0 0 0 0 0 0 3.8000000000000003 0 0 0 0 0 0 0 0 0 0 0 0.8 0.4 0 0.6000000000000001 14.600000000000001 0.4 0.8 0.4 0 0 0 0 0.2 0 0 0 0 0 0 0 0 0 0 0.4 0 0 0 2 0 0 0 0 0 0 0 0 
 0 0 0 0 0 0 0.2 0 0 0 16 0.4 0 0 0 14.600000000000001 0 0 0 0 8.200000000000001 50.2 12.600000000000001 60.800000000000004 104 69 10.4 57.6 23.200000000000003 39 86.2 0 12 11 10 16.2 15.600000000000001 33.2 14.4 9.8 12.4 0.4 0 0 0 0 3.6 0 1.6 0 0 0.4 0 0 0.6000000000000001 1.2000000000000002 0 0.6000000000000001 0 0 0.2 0 0 0 0 0 0.6000000000000001 0 0 0 7.800000000000001 0 1 1 0 0 0 0 0.6000000000000001 0 0 0 0 0 0 0 0 0 0 0 0.4 0 0 0 0 0 0 0 5.4 0 0 0 3 6.4 0.4 5.6000000000000005 0.2 3.8000000000000003 0.2 0 0 2.6 0 0 0.2 0.2 3.6 0 0 0 0 4.800000000000001 8 4 0 0 5.2 0 0.2 4 0.6000000000000001 0 2.4000000000000004 2 1 1 6 2 6.2 5.800000000000001 0 0.2 0 0 0 0 0 0 0 0.8 0 2.6 0 0 0 0 0 0 0.4 0 0 0 0 0 0 0.2 0.4 0 0 1.8 0 0 0 0 0 0 0 0 0 0 3.8000000000000003 2.4000000000000004 2.2 0 0 2 0 3.8000000000000003 0 0 0.2 4.2 0 0 2 0 3 2.6 0 0 7 5 2 1.4000000000000001 0 0 6.800000000000001 0 12.4 0.2 4.2 0 5 1.6 9.200000000000001 0 3.2 0 0 2.6 0 0 0 0 0 2.8000000000000003 2.2 0 0 0 0 0 0 0.2 0 0 0 2 0 0 0 0 0 0 0 0 0 0 0 0 0 0 0 0 2.2 0.4 0 2.2 0 0.6000000000000001 1.8 0.2 0 0 0 0 0 0 0 0 0 0 0 0 0 0 0 0 0 0 0 0 0 0 0 0 0 0 0 0 
 0 0 0 0.2 41.800000000000004 4 0 0 0 0 0 0.4 0 0 0 0 0 0 0 0 39.6 37.6 22.6 18.2 50.6 7.4 29.200000000000003 45.800000000000004 31 12.8 10.200000000000001 12 0 17.8 10.200000000000001 24 38 7.6000000000000005 29 28.8 0 0 0.6000000000000001 0 0 0 0 18.400000000000002 0 0 0 0.4 0 0 1.2000000000000002 0.6000000000000001 0.2 12.600000000000001 0.2 0.2 0 0 0 1.8 0 0 0.6000000000000001 0 0.2 0 1.2000000000000002 0.6000000000000001 0.6000000000000001 0 0.4 0 0 0 0.6000000000000001 0.2 0 0 0 0 0 1.6 0 0 0 0 0 6 0 0 0 0 0 0 0 0 2.2 5 0 0.2 2.4000000000000004 0 3 4.2 2.6 0 0 0 5.2 7.2 4.800000000000001 5.2 0 2.6 4.4 3 0 0 0 0 0 0 0 0 0 0 0 0 0 0 0 0 0 0 0 0 0 0 0 0 0.6000000000000001 0 0 0.8 0 0 0 0 0 0 0 0 0 0 0 0 0 0 0 0 5.4 5.800000000000001 0 0.8 0 0 0 0 0.8 0 0 0 0 0.4 0 0 0 5 14.600000000000001 2.4000000000000004 0 0 4.800000000000001 0 1.6 0 0 0 8.200000000000001 4.800000000000001 14.200000000000001 5.2 0 2.6 3.2 2.6 0 0 0 0 0 0 0 0 0 0 0 0 0 0 0 0 0 0 0 0 0 0 0 0 0 0 0 0 0 0 0 0 0 0 0 0 0 0 0 0 0 0 0 0 0 0 0 0 0 3.8000000000000003 0 0 0 0 0.6000000000000001 0 0 0 0 0 10.200000000000001 0 0 0 0 0 0 0 0 0 0 0 0 0 0 0 3.2 0 0 0 0 3.8000000000000003 0 0 0 2.8000000000000003 0 0 0 0 
