 0 85.80000000000001 17.400000000000002 80 8 41 11 15 47.800000000000004 27.200000000000003 18.400000000000002 52.400000000000006 16 33.4 68.8 43.800000000000004 8.200000000000001 63.400000000000006 96 25.400000000000002 0 0 0.6000000000000001 1.2000000000000002 0 0 0 0.4 40.800000000000004 0.4 0.4 0.6000000000000001 0.4 0.6000000000000001 0 0 0.6000000000000001 0 3.6 0 0 0.6000000000000001 0 0 0.8 0.6000000000000001 0 0.4 1 0 0 1 0.8 0.6000000000000001 0 1.8 0.6000000000000001 0.2 0.6000000000000001 0 0.4 0.6000000000000001 0.6000000000000001 0 0 0 0.4 0.6000000000000001 0 0.6000000000000001 0 11 0.6000000000000001 0 0.2 0 7.4 0 1.2000000000000002 0 0 2 1.2000000000000002 2.8000000000000003 2.4000000000000004 1.8 1.6 8 2 5.800000000000001 5.2 0 2.8000000000000003 3.4000000000000004 3.8000000000000003 0.6000000000000001 4.4 3.8000000000000003 2 0 0 0 0 0 0 0 0 0.2 0 0 0 0 0 0 0 0 0 0 0 4.800000000000001 0 0 0 0 0 0 0 0 0 0 0 0 0 0 0 0 0 0 0 0 0 0 0 0 0 0 0 0 0 0 0 0 0 0 0 1.2000000000000002 0 0 0 0 4.2 0 6.6000000000000005 0 0 4.2 0 0 0.4 0 2.8000000000000003 1.4000000000000001 1.2000000000000002 3.6 7.800000000000001 3.4000000000000004 9.4 6.6000000000000005 2.6 1.8 0 0 0 0.2 0 0 1.4000000000000001 0 0 0 1.6 0 0 0 0 0.4 0 0.2 5.6000000000000005 0 0 0 0 0 0 0 0 0 0 0 0 0 0 0 0 0 2.2 0 0 0 0 0 0 0 0 0 0 0 0 0 0 0 0 0 0 0 0 0 0 0 0 2.2 0 0 0 0 11 0 0.4 0.4 0 2 2 0 0 0 0 4.2 0 0 0 0 0 0 0 0 0 0 0 0 0.4 0 0 0 0 0 0 0 0 0 0 0 0 0 0 0 0 0 0 0 
 85.80000000000001 0 22 51 6.800000000000001 7.6000000000000005 16 47.800000000000004 67.8 41.400000000000006 27.400000000000002 68.8 25.400000000000002 67.2 61.400000000000006 24.400000000000002 6.800000000000001 50 64 62.2 0.2 0.8 0 0.6000000000000001 0 0 0 0 0 0.6000000000000001 0.4 0 0 0 0 0 0.6000000000000001 0 0 0 0 0.6000000000000001 0 0 0.4 0 0 0.4 0.6000000000000001 0 0 0 0.8 0 0 0 0 11.4 0.4 0 0.6000000000000001 0.6000000000000001 0.6000000000000001 0 0 0 0.8 0.6000000000000001 0 0 0 0.6000000000000001 0.6000000000000001 0 0 0 0.6000000000000001 0 0 0 0 3 4 0 4.2 1.8 1.6 0.2 2 3.2 2.6 6 0 3.8000000000000003 5 2.2 0.2 8.6 2.4000000000000004 2.4000000000000004 0 0 0 0 0 0 0 0 0 0 0 0 0 0 0 0 0 0 3.4000000000000004 0.4 0 0 0 0 0 0 0 0 0 0 0 0 0 0 0 0.2 0 0 0 0 0 0 0 0 0 0 0 0 0 0 0 0 0 0 0 0 0 0.2 0 1 2.6 5.4 0 0 0 0 7.2 13.8 4 2.4000000000000004 4.4 7.6000000000000005 3.8000000000000003 3.2 5.4 9.200000000000001 0 6 0 1.6 0 0 0 0 0 3.6 1.4000000000000001 0.4 0 0 0 0 0 0 0 0 0 0 0 0 0 0 0 0 0 0.2 0 0 0 0 0 0 0 0 0 0 2.4000000000000004 0 0 0 0 0 0 0 0 0 0 0 0 0 0 0 0 0 0 0 0 0 0 0 0 0 0 0 0 0 0.2 0 0.4 0 0 2.8000000000000003 2.4000000000000004 0 0 0 0 0 0 0 0 0 0 0 0 0 0 0 0 0 0 0 0 0 0 2.2 0 0 0 0 0 0 0 0 0 0 0 0 0 0 
 17.400000000000002 22 0 14.4 25.200000000000003 7.2 33.800000000000004 24.8 15 4.6000000000000005 31.6 26.200000000000003 16 54.2 6.800000000000001 24.8 30.200000000000003 44.800000000000004 44.2 30.200000000000003 29.6 7.800000000000001 0 0.6000000000000001 0 0 0 0 0 0.8 0.4 0.4 14.8 0.4 0.2 0 0.6000000000000001 0 14.8 0 0 0.6000000000000001 0 0 0.4 0.2 0 0.4 0.6000000000000001 0 0 0.2 0.6000000000000001 0 5.4 0 0 0 0.4 0 0.6000000000000001 0.6000000000000001 0.6000000000000001 0 0.2 0 0.2 0.6000000000000001 0 0 0 0.6000000000000001 0.6000000000000001 0 0 0 0.6000000000000001 0.8 0 0 1.6 4 5.2 4.800000000000001 4.4 3.4000000000000004 0 2.2 6.6000000000000005 0 1.4000000000000001 7.6000000000000005 0 8.200000000000001 0 6 4.800000000000001 0 0 0 0 0 0 0 0 0 5.4 1.8 2.4000000000000004 0 0 0.2 0 1.8 2 0 0 0 2 2.4000000000000004 0 0 0 0 0 0 0 0 0 0 0 0 0 0.2 0 0 0 0 0 0 0 0 0 0 0 0 0 0 0.4 0 0 0 0 0 2.2 0 0 0 0 0 2.4000000000000004 7.800000000000001 0 2.8000000000000003 0 9.200000000000001 0.2 2.2 2.8000000000000003 3 1.4000000000000001 0 0 0 3.4000000000000004 3.8000000000000003 1.6 2.6 0.2 3 0 0 0 0 0 0 3.8000000000000003 0 0.4 0 0 0 2 2.2 0 0 0 0 2 2 0 0 0 0 0 0 0 0 0 0 0 0 0 0 0 0 0 0 0 0 0 0 0 0 0 0 0 0 0 0 3.6 0 0 0 0 0 0 0.2 0 0 0 1.8 0 0 0.4 0.2 17.6 0 0 0.2 4.4 2.8000000000000003 1.8 0 0 0 0 0 0 0 0 0 0 0 0 0 0 0 0 0 0 0 0 0 0 0 3.4000000000000004 0 0 0 0 0 0 0 0 0 0 0 0 0 
 80 51 14.4 0 61.800000000000004 19.8 19.6 14.200000000000001 40.2 33 44.400000000000006 12.200000000000001 58 24.6 12.8 53.400000000000006 42.400000000000006 15.600000000000001 26.8 9 26 1 0 0.6000000000000001 0 0.4 4.4 0.6000000000000001 0.6000000000000001 0.6000000000000001 0 0.4 16.6 6.6000000000000005 0 0 0.8 0.6000000000000001 17.2 15.4 0.4 0.6000000000000001 0 0 0.4 0.6000000000000001 0 1 0.6000000000000001 0 0 0 0.6000000000000001 0.6000000000000001 2.2 0 1 0 0.4 0.4 0.6000000000000001 0.6000000000000001 0.6000000000000001 0 0 0 0 0.4 0.6000000000000001 0 0.2 1 0.6000000000000001 0 0 0 0.6000000000000001 0.4 0 0 0 3.2 5.2 0 5 5.2 2.8000000000000003 0 3 3.6 0 5 4.4 0 7.4 0 0 3.2 2.4000000000000004 0 0 4.2 0 0.2 0 0 3.2 0 0 0 0 0 3 1.8 0 0 0 2.2 2 1.2000000000000002 0.4 0 0 0 0 0 0 0 0 0 0 0 0 0 0 0 0 0 0 0 0 0 0 0 0 0 0 0 0 0.4 0 0 0 0 0 0 0 0 0 0 0 2.4000000000000004 0 4.4 2.4000000000000004 0 2.8000000000000003 4.6000000000000005 3.4000000000000004 6.6000000000000005 0 3.2 4.2 3 1.8 0.8 0 3.2 0 0 4.4 0.2 0 0 0 0 2.2 3 7.2 0 0.2 0 3.6 1.4000000000000001 4.2 0 0 0 2.2 0 0.4 0 0 0 0 0 0 0 0 0 0 0 0 0 0 0 0 0 0 0 0 0 0 0 0 0 0 0 0 0 0 0 0 0 0 0.4 0.2 0 0 0 0 0 0 0 0 0 0.2 0.8 0.4 10 0 0.6000000000000001 0 0 0 0 0 0 0 0 0.2 0 0 0 0 0 0 0 0 0 0 0 0 0 0 5.800000000000001 0 0 0 0 0 0 0 0 0 0 0 0 0 0 
 8 6.800000000000001 25.200000000000003 61.800000000000004 0 31.8 10 13 20.6 17.8 23.6 28 19 18.400000000000002 11.200000000000001 14.4 46.2 29.400000000000002 14.200000000000001 12.8 0.6000000000000001 0 0 0.6000000000000001 0 4.4 14.8 0.2 0 0.6000000000000001 0 0 20.8 15.8 0 0 0.6000000000000001 0 15.600000000000001 15.8 0 0.6000000000000001 0 0 0.4 0 0 0.4 1.2000000000000002 0 0 0 0.6000000000000001 0 12.4 1.6 0 0 0.4 0 0.6000000000000001 0.6000000000000001 0.6000000000000001 0 0 0 0 0.6000000000000001 0 0 0 0.6000000000000001 0.6000000000000001 0 0 0 0.6000000000000001 0 0 0 0 3.2 3 6.6000000000000005 0 0 0 2 2 3.2 3 0.2 0 0 0 0 1.4000000000000001 0 0 0 1.8 0 6 0 0 0 0 2 0.2 8 0 0 0 10.600000000000001 0.4 3.4000000000000004 0 0.2 8.6 8.200000000000001 0 0 0 0 0 0 0 0 0 0 0 0 0 0 0 0 0 0 0 0 0 0 0 0 0.4 0 0 0 2 0 0.8 0 0 0 0 0 0 0 0 0 0 0 4 6.800000000000001 11 3 0 0 3.4000000000000004 6 2 0 1.6 0 0 1 2.6 2.8000000000000003 2.2 0 0 2.2 0 0 0 0 5.800000000000001 0 0 2.8000000000000003 0 0 7 2.2 0 0 1.4000000000000001 2 9.200000000000001 7 0 0 0 0 0 0 0 0 0 0 0 0 0 0 0 0 0 0 0 0 0 0 0 0 0 0 0 0 0 0 0 0.4 0 0 0 0 0 0 0 0 0 0 0 0 0 0.4 0.4 0 12.200000000000001 0.4 0 2.8000000000000003 1 0.2 0 0 0 0 0 0.2 0 0 2.2 0 0 0 0 0 0 0 0 0 0 0 0 0 0 0 0 0.2 0 0 0 0 0 0.2 0 0 0 0 
 41 7.6000000000000005 7.2 19.8 31.8 0 6.4 50 10.8 13.8 46 21 10.4 27.400000000000002 51.6 31.200000000000003 53.6 38.400000000000006 8.8 42.800000000000004 15.200000000000001 0 0 0.6000000000000001 0 0 14.8 15.600000000000001 0 0.6000000000000001 0 0 15.200000000000001 0.4 15.600000000000001 0 0.6000000000000001 0 22.6 31.6 0 0.6000000000000001 0 0 0.4 0 0 0.4 4.2 0.2 0.2 0.4 1 0 0.2 0 0 0 0.6000000000000001 0 0.8 0.6000000000000001 0.8 0 0 0 0 0.6000000000000001 1.2000000000000002 0.6000000000000001 0 0.6000000000000001 0.6000000000000001 0.4 0 0.8 1 0 0 0 0 0 0 0.4 0 10.200000000000001 0 2.4000000000000004 9 3.6 2 11.600000000000001 0 0 0 8.200000000000001 7.4 3.8000000000000003 0 0 8.4 7.4 1.8 0 0 0 9.200000000000001 0 2.6 0.6000000000000001 0 0 8.4 7.6000000000000005 0 0 0 0 18.400000000000002 4.6000000000000005 0 0 0 0 0 0 0 1.4000000000000001 0 0 0 0 0 0 0 0 0 0 0 0 0 0 0 0 0 0 0 0 0 0 0 0 0 0 0 0 0.6000000000000001 0 0 0 0 1.8 4.4 1 0.6000000000000001 1.2000000000000002 0 0 3.6 3.8000000000000003 0 1 0 0 1.4000000000000001 0.2 2.8000000000000003 5.4 0 0 3.2 0 2.4000000000000004 0.4 0 0 9 3 2.8000000000000003 0 0.8 0 0 1.4000000000000001 6.4 2.8000000000000003 0 0.4 9.200000000000001 0 0 0 0 0 0 0 0 0 0 0 0 0 0 0 0 0 0.4 0 0 0 0 0 0 0 0 0 0 0 0 0 0 0 0 0 0 0 0 0 0 0 0 2 0 0 0 0 17.6 0.4 18.8 18.2 9 17 0 7.2 0 0 0 0 0 0 0.2 0 0 0 0 0 0 0 0 0 0 0 0 0 0 0 3.4000000000000004 0 0 0 0 0 0 0 0 0 0 0 0 0 
 11 16 33.800000000000004 19.6 10 6.4 0 72.4 11.200000000000001 73.8 9.8 8 63.800000000000004 28.400000000000002 22.200000000000003 28.200000000000003 5.2 5.4 36.800000000000004 10.8 0 0 0 41.2 0 0 0 0 0 0.6000000000000001 0 0 0 0 0.2 0 0.6000000000000001 0 0 0.4 0 0.6000000000000001 0 0 0.4 0.2 0 0.4 0.6000000000000001 0 13.8 0.2 0.6000000000000001 0 0.2 0 0 0 0.4 0 0.6000000000000001 1.6 0.6000000000000001 0 0 0 0 0.4 0 0 0 0.6000000000000001 0.6000000000000001 0 0 0 0.6000000000000001 0 0 0.2 12.200000000000001 2.6 0.2 0 8.200000000000001 0 2.4000000000000004 7.800000000000001 2 2 0 0 0.2 5.4 0 5.2 0 0 0 6.2 0 0 0 0 0.4 0 0 0 0 0 0 0 0 0 0 0 0 0.4 0 0 0 0 0 0 0 0 0 0 0 0 0 0 0 0 0 0 0 0 0 0 0 0 0 0 0 0 0 0 0 4.2 0 0 0 0 0 0 0 0 0 0 0 0 0 0 0 0 0.2 0 4.6000000000000005 0 0.2 0 0.2 1.6 0 0.2 2.8000000000000003 0 7.4 6 0 0 0 0 0 0 0.4 0 0 0 0 0 0.2 0 0 0 0 0 0 0 0 0 0 0 0 0 0 0 0 0 0 0 0 0 0 0 0 0 0 0 0 0 0 0 0 0 0 0.2 0 0 0 0.4 0 0 0 0 0 0 0 0 0 0 0 0 0 0 0 0 0.2 0 0 1.2000000000000002 0 0 0 0 0 0 0 0 0 0 0 0 0 0 0 0 0 0 0 0 0 0 0.4 0 0 1.6 0 0 0 0 0 0 0 0 0 0 0 0 
 15 47.800000000000004 24.8 14.200000000000001 13 50 72.4 0 18.2 10.600000000000001 16.6 27 39 23.8 29.200000000000003 29.8 23.200000000000003 6.4 29.6 29 0 0 0 0.6000000000000001 0 0 0 0 0 0.6000000000000001 0 0 0 0 0 0 0.6000000000000001 0 0 0.2 0 0.6000000000000001 0 0 0.4 12.600000000000001 0.4 0.4 0.6000000000000001 0 0 0 0.6000000000000001 0 12.4 0 0 0.4 0.4 0 0.6000000000000001 1.4000000000000001 0.6000000000000001 0 0 0 0 0.4 0 0 0 0.6000000000000001 0.6000000000000001 0 0 0 0.6000000000000001 0.2 0 0 10.600000000000001 8.200000000000001 2 0.4 4.6000000000000005 2 0 2.6 0 2.6 5.6000000000000005 0 0 7.800000000000001 0 0 2.2 4.6000000000000005 1.8 5.800000000000001 0 0 0 0 0 0 0 0 0 0 0 0 0 0 0 0 0.4 0 2.6 0 0 0 0 0 0 0 0 0 0 0 0 0.2 0.4 0 0 0.4 0 0 0 0 0 0 0 0 0 0 0 0 0 0.8 0 0 0 0 0 0 0 0.4 0 3.4000000000000004 3.8000000000000003 0 0 0 0 0 8 2.6 2.8000000000000003 0 0 4 5.2 1 0.2 2.8000000000000003 2.8000000000000003 0 6.6000000000000005 5.4 0 0 0 0 0 0 0 0 0 0 0 1 3.4000000000000004 0 0 0 0 0 0 0 0 0 0 0 0 0.4 0.4 0 0 0 0 0.2 0 0 0 0 0 0 0 0 0 0 0 0 0 0 0 0 0 0 0 0 0 0 0 0 0 0 0 0 0 0 0 0 0 0 0 0 0 0 0.4 3.4000000000000004 0 0 0 0 0 0 0 0 0 0 0 0 0 0 0 0 0 0 0 0 0 0 0 2 0 0 0 0 0 0 0 0 0 0 0 0 0 0 
 47.800000000000004 67.8 15 40.2 20.6 10.8 11.200000000000001 18.2 0 54.400000000000006 9.4 7.2 21.8 46 16.6 11.600000000000001 76 10.200000000000001 26.400000000000002 58.400000000000006 0 0 0.8 1.6 6.800000000000001 0 0 0.6000000000000001 14 1.4000000000000001 0.2 0.4 5.6000000000000005 0 0 15.4 0.6000000000000001 0 14.8 15.4 0 0.6000000000000001 0 0.6000000000000001 1 0 0 0.6000000000000001 0.6000000000000001 0 0.6000000000000001 0.2 0.6000000000000001 0.4 0 0.2 0.8 0.4 0.4 0 0.6000000000000001 0.6000000000000001 0.6000000000000001 0 0.4 0.6000000000000001 0 0.6000000000000001 0 0 0 1 0.6000000000000001 0 0 0 0.6000000000000001 0.4 0 0 0 4 5.2 2.8000000000000003 3.2 2 7.2 2.6 3 10.4 0.2 1.8 4.6000000000000005 0 4.4 0.2 0 3.4000000000000004 3.4000000000000004 2 0 0 0 0 0 0 1.6 1.8 0 0 5.4 0 2.8000000000000003 2.4000000000000004 0 0 0 0 3.4000000000000004 1.8 0 0 0.4 0 0 0 0 0 0 0 0 0 0 0 0 0 0 0 0 0 0 0 0 0 0 0 0 0 0 0 0 0 4.2 0 0 0 2 0 0 0 0 3.8000000000000003 6 8 2.8000000000000003 0.2 2.8000000000000003 1.6 4.800000000000001 9.600000000000001 0 3.2 3.8000000000000003 3 0.2 0.4 1.6 2.4000000000000004 0 0 1.4000000000000001 0 0 0 0 0 1.4000000000000001 4.800000000000001 0 0 0 0 0 1.4000000000000001 0 0 0 0 0 0 0 0 0 0 0 0 0 0 0.4 0 0 0 0 0 0 0 3.6 0 0 0 0 0 0.2 0 0 0 0 0 0 0 0 0 0 0.4 0 0 0 0 0 0 0 0 0 0 0 0 0.4 0 0.8 0 0 0.8 0 0 0 0 0 0.2 0 0 0 0 2 0 0.4 0 0 0 0 0 0 0 0 0 0 3.8000000000000003 2.6 0 0 0 0 0 0 0 0 0 0 0 0 1.2000000000000002 
 27.200000000000003 41.400000000000006 4.6000000000000005 33 17.8 13.8 73.8 10.600000000000001 54.400000000000006 0 17.400000000000002 7.800000000000001 88.2 58 36.800000000000004 32.6 8.200000000000001 14 44.800000000000004 55 0.2 0 0.4 42 0.8 0 0 0 0 8 0 0 0.6000000000000001 0 0 0 0.6000000000000001 0 0 0 0 0.6000000000000001 0 0 0.4 0 0 0.4 0.6000000000000001 0 0 0 1.4000000000000001 0 0 0 0 0 0.4 0.4 0.6000000000000001 0.6000000000000001 0.6000000000000001 0 0 0 0 0.4 0 0 0 0.6000000000000001 0.6000000000000001 0 0 0 0.4 0 0.8 2.4000000000000004 0 2.4000000000000004 7 0 0 0 11.200000000000001 6.6000000000000005 2 6.4 1.6 0.4 6 0 1.8 5.2 3 7.6000000000000005 6.4 4.2 0 0 0 0 0 0 0 0 0 0 0 0 0 0 0 0.2 0 0 0.4 0 0 0 0 0 0 0 0 0 0 0 0.2 0 0 0 0.4 0 0 0 0.4 0 0 0 0 0 0 0 0.4 0 0 0 0 0 0 0.2 0 1.2000000000000002 0 0 0 0.8 2 3.4000000000000004 5.4 3.4000000000000004 0 0 6.800000000000001 2.8000000000000003 0.4 0 0.4 3.8000000000000003 8.8 2.8000000000000003 3 2.6 0 2.8000000000000003 0.6000000000000001 0 0 0 0 0 0 0 0 0 0 0.4 0 0 0 0 0 0 0 0 2 3.8000000000000003 3.8000000000000003 3 0 0 0 0 0 0 0 0 0 0 0 0 0 0 1.6 0 0 0 0 0 0 0.4 0 0 0 0 0 0 0.2 0 0 0 0.4 0 0 0 0 0 0 2.4000000000000004 0 0 0 0 17.6 0 0.2 0 0.4 4.6000000000000005 0 0 0 0 0 0 0 0 0 0 0 0 0 0 0 0 0 0 0 0 0 0 0 3.2 4.4 1.4000000000000001 0 0 0 0 0 0 0 0 0 0 0 3 
 18.400000000000002 27.400000000000002 31.6 44.400000000000006 23.6 46 9.8 16.6 9.4 17.400000000000002 0 34 7.2 19.6 15 19.400000000000002 89.4 16.6 4 46.400000000000006 15 0.6000000000000001 0.4 0.6000000000000001 0.8 0 0.4 0 1.2000000000000002 0.6000000000000001 0 0.2 19.200000000000003 0.2 0 0 1 0.2 15.8 30.6 1.2000000000000002 0.6000000000000001 0 0 0.4 0 0 0.4 1.4000000000000001 0 0 0 0.6000000000000001 0 0.2 0 0 0 0.8 1.2000000000000002 0.6000000000000001 0.6000000000000001 0.6000000000000001 0 0 0 1 0.4 1.2000000000000002 0 0 0.6000000000000001 1.4000000000000001 1.2000000000000002 0 0.8 1 0 0 0 0 4.2 0 7.2 4.6000000000000005 7 0 2.8000000000000003 0 3 8.200000000000001 2.2 0 3.2 0 0.6000000000000001 3.6 2.8000000000000003 0 0 0 4.4 0 0 0 0 6.4 1.8 0 0 0 0 3 6.6000000000000005 0 0 0 0 22.6 8.200000000000001 0 0 0 0 0 0 0 0 0 0 0 0 0 0 0 0 0 0 0 0 0 0 0 0 0 0 0 0 0 0.4 0 0 0 0 0 0 1.4000000000000001 0 2 2.8000000000000003 2.2 0 3.4000000000000004 5.800000000000001 2.8000000000000003 10.600000000000001 3.6 0.8 4 6.2 0 4.2 0 0 5.2 9 2.2 7.2 0 0 2 0.2 0 0.2 0 0 5.4 3 3.2 0 0.2 0 0 0 4.4 0 0 0.2 10.600000000000001 0 0 0 0 0 0 0 0 0 0 0.2 0 0 0 0 0 0 0 0 0 0 0 0 0 0 0 0 0 0 0 0 0 0 0 0 0 0 0 0 0 2.8000000000000003 0 0 0 0 0 1.2000000000000002 0.2 0 0.4 10.4 5.800000000000001 0.8 2.4000000000000004 0 0 0 0 0 0 0 1 0 5 0 0 0 0 0 0 0 0 0 0 0 0 5.6000000000000005 2.2 0 0 0 0 0 0 0 0 0 0 0 0 0 
 52.400000000000006 68.8 26.200000000000003 12.200000000000001 28 21 8 27 7.2 7.800000000000001 34 0 7 43.2 5.4 5.2 44.800000000000004 45.6 3.8000000000000003 24.6 22.8 0.6000000000000001 0 0.6000000000000001 0.4 0 0.6000000000000001 0 0.6000000000000001 0.6000000000000001 0 0.6000000000000001 16 0 0 0 8 0.2 0 15 0.6000000000000001 0.6000000000000001 0 0 1.6 0 1 0.4 2.2 0 0 1 1 0 20 0.4 15.4 0.6000000000000001 1 1 0.6000000000000001 0.6000000000000001 0.6000000000000001 0.6000000000000001 0 0 1 0.6000000000000001 0.6000000000000001 0 0.6000000000000001 1.2000000000000002 1 0.6000000000000001 0 0.4 0.8 0 0 0 0 2 0 4.2 4.6000000000000005 6 0 4.800000000000001 0.8 10.8 8 2 0.2 2.8000000000000003 0 0 2.8000000000000003 10.200000000000001 0 0 0 0 1.8 0.4 0 2.6 3 0 0 0 0 0 2.8000000000000003 0.4 0 0 0 0 8.4 2.4000000000000004 0 0 0 0 0 0 0 0 0 0 0 0 0 0 0 0 0 0 0 0 0 0 0 0 0 0 0 0 0 0 0 0 0 0 0 0 0 0 0 0.6000000000000001 2.2 0 3.6 0.2 0 11.200000000000001 0 2.4000000000000004 2.6 0 2.4000000000000004 7.800000000000001 0 0 4.2 4.4 6 6.6000000000000005 0 0 7.6000000000000005 0 0 0 0 0 6.6000000000000005 0 0 0 0 0 0 0 0 0 0 0 4.4 2 0 0 0 0 0 0 0 0 0 0 0 0 0 0 0 0 0.2 0 0 0 0 0 0.4 0 2.2 3.2 0 0.2 0.4 0 0 0 0 0 0 0 0 0 0 0 0 3 0 0 0 0 20.6 0 0.8 1.2000000000000002 0.4 3 2.4000000000000004 0 0 0.4 0 0 0 0 0 0 0.2 0.2 0 0 0 0 0 0 0 0.4 0 0 0.4 0.6000000000000001 0 0 0 0 0 0 0 0 0 0.2 0 0 0 0 
 16 25.400000000000002 16 58 19 10.4 63.800000000000004 39 21.8 88.2 7.2 7 0 12.600000000000001 43.6 102.4 8.8 12.600000000000001 37.2 19 0.8 0.2 0.4 0.6000000000000001 0.4 0.4 0 0 6.4 1 0.2 0.4 0 0 0.4 0.4 0.6000000000000001 0.4 0.4 0.4 0 1 0 0.4 0.8 0 0.4 0.8 1.8 0.4 0 0.4 1.8 0 0.4 0 0.4 0 0.6000000000000001 0.2 0.6000000000000001 0.6000000000000001 0.6000000000000001 0.2 0 6 0 0.4 0 0 0 0.8 0.6000000000000001 0 0 0 0.6000000000000001 0.4 0 0 4.800000000000001 3.4000000000000004 2.2 1.2000000000000002 4 0.4 3 6.6000000000000005 0 3.4000000000000004 8.4 4 7.6000000000000005 3 2.2 0 3.4000000000000004 0.6000000000000001 4 0.2 0 0 0 0 0 0 0 0 0 0 2.4000000000000004 1 0 0 0 0 0 0 0 0 0 0 0 0 0 0 0.2 0 0 0 0 0 0 0 0 2.4000000000000004 0 0 0 0 0 0 0 0 0 0 3.6 0 0 0 0 0 0 0.6000000000000001 0 0 0 0 0 0 2.2 3 3.2 2.8000000000000003 1.8 0.2 2.6 2.2 0 0 2.2 0.2 3.2 3.2 7.2 0 2.8000000000000003 5.2 1.6 2.4000000000000004 0 0 0 0.2 0 0 0 0 0 0 0 0 0.2 0 0 0.4 0 0.2 0.4 0 0 0 0 0 0 0 0 0 0 0 0 0 0 0 0 0 2 0 0 0 0 0 0 0 0 0 0 0 0 0 0 0 0 0 0 0 0 0 0 0 0 0 0 0 0 0.4 0.6000000000000001 0.4 0.2 0 0.4 1.6 0 0 7.800000000000001 0 0 0.4 0 0 0 0 2.2 0 0 0 0 0 0 0 0 0 0 0 0 2.2 0 0 0 0 0 0 0 0 0 0 0 0 0 0 
 33.4 67.2 54.2 24.6 18.400000000000002 27.400000000000002 28.400000000000002 23.8 46 58 19.6 43.2 12.600000000000001 0 82.4 25.200000000000003 22 25.200000000000003 22 60 0 0 0.2 0.6000000000000001 0 0.2 0 0.4 40.800000000000004 0.6000000000000001 0 0 0 0 0 0.4 1.4000000000000001 0.4 0 0 0 0.6000000000000001 0 0 0.4 0 0 0.4 3 0 0.4 0.2 5.6000000000000005 0 0 0 0 0 0.4 0 0.6000000000000001 0.6000000000000001 0.6000000000000001 0 0 0 0 0.6000000000000001 0 0 0 0.6000000000000001 0.6000000000000001 0 0 0 0.6000000000000001 0 0 0 0 11 5.4 0 3.2 2 2.4000000000000004 2.4000000000000004 2.2 7.800000000000001 5.6000000000000005 0 3.2 0 2.6 2 6.2 9.600000000000001 4.4 4 0 0 0 0 0 0 0 0.2 0 0 0 0 0 0 0 0 0 0 2 0 0 1.6 0 0 0 0 0 0 0 0 0 0 0 0 0 0 0 0 0 0 0 0 0 0 0 0 0 0 0 0 0 0 0 0 0 0 0 0 0 0.8 0 5.800000000000001 0.4 3 0 1.4000000000000001 5.6000000000000005 4.2 3 2.6 0 5 2.2 7.6000000000000005 0.4 2.8000000000000003 6 4 0 11.600000000000001 0 0 0 0 0 0 0.2 0 0 0 0 0 0 0 0 0 0 0 2.8000000000000003 0 0 0 0 2.4000000000000004 0 0 0 0 0 0 0 0 0 0 0 0.2 1.6 0 0 0 0 0 0 0 0 0 0 0 0 0 0 0 0 0 0 0 0 0 0 0 0 2.2 0 0 0 0.4 9.8 0 0.2 0 0.4 0.4 0 0 0 0 0 0 0 0 0.2 0 0 0 0 0 0 0 0 0 0 0 0 0 0 3.4000000000000004 0.4 0 0 0 0 0 0 0 0 0 0 0 0 0 
 68.8 61.400000000000006 6.800000000000001 12.8 11.200000000000001 51.6 22.200000000000003 29.200000000000003 16.6 36.800000000000004 15 5.4 43.6 82.4 0 34.2 6.4 5.6000000000000005 25.8 59 4.6000000000000005 0 0.6000000000000001 1 0 0 0.4 1.2000000000000002 0 0.6000000000000001 0.6000000000000001 1 0 0.4 0 0 0.6000000000000001 0.2 0 0.6000000000000001 0.2 0.6000000000000001 0 0 0.4 0.6000000000000001 0 1 0.8 0 0.6000000000000001 0.4 1.2000000000000002 1.8 0 0.2 0.6000000000000001 0 1 0 0.6000000000000001 1 1.2000000000000002 0 0 0 0 0.6000000000000001 0 1.2000000000000002 0 0.6000000000000001 1.2000000000000002 0 0.2 0 0.8 0.6000000000000001 0.6000000000000001 0.6000000000000001 12.600000000000001 2.4000000000000004 4.800000000000001 1.6 2.6 0 2.4000000000000004 14.200000000000001 4.800000000000001 6.2 4.6000000000000005 0 7 6.6000000000000005 4.6000000000000005 2.8000000000000003 5 8.4 1 3.4000000000000004 0 0 0 0 0 0 0 0 0 0 0 0 0 0 0 0 0 0 0 0 0 0 0 2 0 0 0 0 0 0 0 0 0 0 0 0 0 0 0 0 0 0 0 0 0 0 0 0 0 0 0 0 0 0 0 0 0 0 0 1.6 6.6000000000000005 1.8 1 3.6 0 0 11 2.2 8.200000000000001 3 0 2.2 9.4 8.200000000000001 7.4 3 5 3.2 4.6000000000000005 0 0 0 0 0 0 0 0 0 0 0 0 0 0.2 0 0 0 0 0 8 0 0 0 0 0 0 0 0 0 0 0 0 0 0 0 0 0 2.6 0 0 0 0 0 0 0 0 0 0 0 0 0 0 0 0 0 0 0 0 0 0 0 0 2 0 0 0 0 17.400000000000002 0.2 0 0.4 0 2.6 0 0 0 0 0.2 0 0 0 0.4 0 0 0 0 0 0 0 0 0 0 0 0 0 0 4.2 0.2 1.6 0 0 0 0 0 0 0 0 0 0 0 0 
 43.800000000000004 24.400000000000002 24.8 53.400000000000006 14.4 31.200000000000003 28.200000000000003 29.8 11.600000000000001 32.6 19.400000000000002 5.2 102.4 25.200000000000003 34.2 0 41.800000000000004 21 18 47.2 0 0 0 0.6000000000000001 0 0 0 0 0 0.6000000000000001 0 0 0 0 0 0.2 0.6000000000000001 0.4 14.8 0 0 6 0 0 0.4 0 0 0.4 0.6000000000000001 0 0 0 2.4000000000000004 0 0 0 0 0 0.4 0 0.6000000000000001 0.8 0.6000000000000001 0 0 0 0 6.2 0 0 0 0.6000000000000001 0.6000000000000001 0 0 0 0.6000000000000001 0 0 0 1 4.4 2.2 4.6000000000000005 2.2 0 1.2000000000000002 5.4 2.2 11.4 3.8000000000000003 3.4000000000000004 4.2 2 0.2 6.6000000000000005 8.4 5.4 3.2 0 0 0 0 0 0 0 2.4000000000000004 0 0 0 0 0 0 0 0 0 0 0 2.6 0 0 0 0 0 0 0 0 0 0 0 0 0 0 0 0 0 0 0 0 0 0 0 0 0 0 0 0 0 0 0 0 0 0 0 0 0 0 0 0 0 2 0.2 7 6 0 3.4000000000000004 2 0.2 3 3 0.2 0 2 1.8 3.4000000000000004 2.4000000000000004 0.2 2.8000000000000003 3.4000000000000004 0 0 0 0 0 0 0 0 0 0 0 0 0 6.2 0 0 0 0 0 3.2 0 0 0 0 0 0 0 0 0 0 0 0 0 0 0 0 0 1.8 0 0 0 0 0 0 0 0 0 0 0 0 0 0 0 0 0 0 0 0 0 0 0 0 2 0 0 0 0 17.6 0 0.2 0 1.6 1.4000000000000001 0 0 0 0 0 0 0 0 0 0 0 0 0 0 0 0 0 0 0 1.8 0 0 0 1.8 2.4000000000000004 5.4 0 0 0 0 0 0 0 0 0 0 0 0 
 8.200000000000001 6.800000000000001 30.200000000000003 42.400000000000006 46.2 53.6 5.2 23.200000000000003 76 8.200000000000001 89.4 44.800000000000004 8.8 22 6.4 41.800000000000004 0 53 5 30.6 4 0 0 0.6000000000000001 0 0 14.8 0 0 0.6000000000000001 0 0 19.200000000000003 18.6 0 0 0.6000000000000001 0 0 14.8 0 0.6000000000000001 0 0 0.4 0 0 0.4 0.6000000000000001 0 0 0.4 0.6000000000000001 0 11.4 0 0.6000000000000001 0 0.4 0 0.6000000000000001 6.6000000000000005 0.8 0 0 0 0 0.4 0 0 0 0.6000000000000001 0.6000000000000001 0 0 0 0.6000000000000001 0 0 0 0 7 2.4000000000000004 2.8000000000000003 4.800000000000001 4.4 0 2.4000000000000004 5.2 0 11 5 0 0 0.4 3.4000000000000004 6.2 0 0 0 0 0.2 0 0 0 0 8.200000000000001 2.6 0 0.4 0 0 3.2 2.8000000000000003 0 0 0 0.2 4.800000000000001 4.2 0 0 0 0 0 0 0 0 0.2 0.4 0 0 0 0 0 0 0 0 0 0 0.4 0 0 0 0 0 0 0 0 0 0 0 0 0 0 0 0 0 0 1 0 0 0 2.8000000000000003 4.2 4.2 3 6.800000000000001 2.4000000000000004 3.4000000000000004 2.8000000000000003 4 0.2 0 1.2000000000000002 2 2.2 0.4 0 0 3.4000000000000004 0 0 0 0 0.2 2.8000000000000003 0.4 2.6 0 0 0 2 2.2 0.2 0 0 0.2 3.4000000000000004 4.800000000000001 0 0 0 0 0.2 0 0 0 0 0 0 0 0.4 0 0 0.2 0 0 0 0 0 0 0 0 0 0 0.4 0 0 0 0.2 0 0 0 0 0 0 0 0 0 0 0 0 0 0 0.4 0.4 0 0 16.8 4 3 0 0 0 0 0 0 0 0 0 0 2.6 0 0 0 0 0 0 0 0 5.4 0 0 0 0 3.4000000000000004 0 0 0 0 0 0 0 0 0 0 0 0 0 
 63.400000000000006 50 44.800000000000004 15.600000000000001 29.400000000000002 38.400000000000006 5.4 6.4 10.200000000000001 14 16.6 45.6 12.600000000000001 25.200000000000003 5.6000000000000005 21 53 0 49.400000000000006 9.200000000000001 32 0 1.4000000000000001 0.6000000000000001 1 0 0 0 0.6000000000000001 1.4000000000000001 0.8 0 19.400000000000002 0.2 0.4 0 2.4000000000000004 0.8 31.400000000000002 15.4 0.4 0.6000000000000001 0 0.4 0.4 0 0 0.4 1.8 0 0.6000000000000001 1 0.8 0 5.6000000000000005 0 0 0.6000000000000001 0.6000000000000001 0 0.6000000000000001 0.8 1 0 0.8 0.8 0 1.2000000000000002 0.2 0.4 0 0.6000000000000001 0.6000000000000001 0 10.4 0.8 0.6000000000000001 0.6000000000000001 0 0.6000000000000001 0 0 1.4000000000000001 3.8000000000000003 0 0 0 1.8 2.2 2.6 0.4 12.4 0 0 0 0.4 5.800000000000001 3.8000000000000003 0 0 0 0 2.6 0 0 0 7.6000000000000005 1 4.4 0 0 0 0 2.2 5.6000000000000005 0 0 0 8.6 0 3.8000000000000003 0 0 0 0 0 0 0 0.4 0 0 0 0 0 0 0 0 0 0 0 0.4 0 0 0 0.4 0 0 0 0 0 0 0 0.4 0 0 0 0 0 0 0 0.8 3.8000000000000003 2.8000000000000003 5.4 1.8 9.4 0.6000000000000001 0 3.2 11.200000000000001 0 3.6 0.2 0.2 1 2.8000000000000003 2.4000000000000004 0.2 0 0 0 0 0 0 0 0 2.2 0 0 0 0 0 12.4 2 0 0 0 0 2.8000000000000003 1.8 0 0 0 0 0 0 0 0 0 0 0 0 0 0 0 0 0 0 0 0 0 0 0 0 0 0 0 0 0 0 2.4000000000000004 0 0 0 0 0 0 0 0 0 0 4 0 0 0 1.4000000000000001 36.4 0 0 0.4 3.4000000000000004 2 0 0 0 0 0 0 0 0 0 0 1.4000000000000001 0 0 0.2 0 0 0 0 0 0 0 0.6000000000000001 0 0 2 0 0 0 0 0 0 0 0 0 0 0 0 0 
 96 64 44.2 26.8 14.200000000000001 8.8 36.800000000000004 29.6 26.400000000000002 44.800000000000004 4 3.8000000000000003 37.2 22 25.8 18 5 49.400000000000006 0 13.600000000000001 0 21.6 0 1.8 0 0 0.6000000000000001 0 40.2 0.4 0 0.2 0.4 0.8 1 0 0.6000000000000001 0.2 0.6000000000000001 0 0 0.6000000000000001 0 0 0.4 0.2 0 0.4 0.6000000000000001 0 0.6000000000000001 0.4 0.4 0 0.4 0 0 0 0.6000000000000001 0 1.6 0.6000000000000001 0.6000000000000001 0 0 0 0 0.6000000000000001 1.2000000000000002 0 0 1.2000000000000002 0.6000000000000001 0 0 0 0.6000000000000001 0 0 0 1.8 0 1.6 0 0 0.2 6.800000000000001 4.6000000000000005 3.6 5.6000000000000005 0 0.2 8.200000000000001 4.800000000000001 2.8000000000000003 5.4 1.8 3 0 0.2 0 0 0 0 0 0 0 0 0 0 0 0 0 0 0 0 0 0 0 0 0 0 0 0 0 0 0 0 0 0 0 0 0 0 0 0 0 0 0 0 0 0 0 0 0 0 0 0 0 0 0 0 0 0.4 0 0 0 4.800000000000001 0 0 0 2.4000000000000004 2.8000000000000003 3.4000000000000004 0 0 2.8000000000000003 1.8 4.6000000000000005 4 0 3 3 2.8000000000000003 0.4 0.2 0 0 5.2 2.8000000000000003 0 0 0 0.2 0 0 0.2 0 0 0 0 0 0 0 0 0.4 0 0.2 0.4 0 0 0 0 0 0 0 0 0 0 0 0 0 0 0 0 1.8 0.2 0 0 0 0 0 0 0 0 0 0 0 0 0 0.2 0 0 0 0 0 0 0 0 0 0 0 0 0 0 0.8 0.4 0.4 0 0 0 1 0 0 0 0 0 0 0 0 0 0 0 0 0 0 0 0 0 0 0 0 0 0 0 4.2 0 2.4000000000000004 0 0 0 0 0 0 0 0 0 0 0 0 
 25.400000000000002 62.2 30.200000000000003 9 12.8 42.800000000000004 10.8 29 58.400000000000006 55 46.400000000000006 24.6 19 60 59 47.2 30.6 9.200000000000001 13.600000000000001 0 14.8 0 0 0.6000000000000001 0 0 0 0.2 0 0.6000000000000001 0 0 0 0 0 0.2 0.6000000000000001 0 0 0 0 0.6000000000000001 0 0 0.4 0 0 0.4 0.6000000000000001 0 0 0 2.2 0 0 0 0 0 0.4 0 1.2000000000000002 0.8 0.6000000000000001 0 0 0 1.2000000000000002 0.6000000000000001 0.2 0 0 0.6000000000000001 0.6000000000000001 14.8 0 0 1.6 0 0 0 2 2.6 1.8 1.6 12.200000000000001 1 5.800000000000001 3.4000000000000004 0 0 17.400000000000002 4 0 0.4 6.6000000000000005 0 3.6 7 0 2.6 0 0.2 0 0 0 0 0 0 0 0 0 0.2 0 0 0 0 0 0 5.4 3.2 0 0 0 0 0 0 0 0 0 0 0 0 0.4 0 0 0 0 0.4 0 0 0 0 0 0 0 0 0 0 0 0 0 0 0 0 0 0 0 0 0 2.2 4.6000000000000005 8.4 0.6000000000000001 0 0 0.2 7.2 6.2 2.8000000000000003 7.800000000000001 2.2 4.4 1 4.4 9.600000000000001 4.800000000000001 2 5.6000000000000005 0 3.2 0 0 0 0 0 0 0.2 0 0.2 0 0 0.4 0.2 0.2 0 0 0 0 0.2 0 0 0 0 0 0 0 0 0 0 0 0 0 0 0 0 0 2.2 0 0 0 0 0 0 0 0 0 0 0 0 0 0 0 0 0 0 0 0 0 0 0 0 0 0 0 0 0 0.4 0 0 0 0 2 1 0 0 0 0 0 0 0 0 0 0 0 0 0 0 0 0 0 0 0 0 0 0 1.8 0 0 0 0 0 0 0 0 0 0 0 0 0 0 
 0 0.2 29.6 26 0.6000000000000001 15.200000000000001 0 0 0 0.2 15 22.8 0.8 0 4.6000000000000005 0 4 32 0 14.8 0 51.6 18.400000000000002 30.200000000000003 12.200000000000001 24.400000000000002 19.8 32.6 27.200000000000003 71.60000000000001 30.400000000000002 28.6 12.8 33 41.2 5 8.8 37.4 6.6000000000000005 10 0 0.4 0 0 0 0 0 0 0 0 0.4 0.2 0.2 0.6000000000000001 22.200000000000003 0 1.8 0 0.6000000000000001 0 0 0 0.4 1.2000000000000002 0.6000000000000001 0 0 0.6000000000000001 0 0 0.8 1.6 0 0 0 0 0 0 0.6000000000000001 0 0 0 3.8000000000000003 2.8000000000000003 3.2 7.2 0 0 2 0 0 1.4000000000000001 0 0 0 0 0 0 0 0.2 0.4 6.800000000000001 0.8 7.4 0 4.2 5.4 2.2 1.6 4 2.6 0.2 3 0.4 1 3.8000000000000003 5.4 4 0 1.8 0 0 0 9.8 0 0 0 0 0 0 0 0 4.2 3.4000000000000004 0 0 0 0 3 0 0 0 0 0 0.4 0.4 0 0 1 0 0 0 0 0.4 0 0 0 0 1.2000000000000002 0 0 0 0 2.6 0 2.2 0 0 1.8 3 3.2 0 0 0 1.6 1.4000000000000001 0 0.4 0 0.4 0.8 0 0 0.4 0 0 0.8 15.4 4.2 4 5 0.2 0.8 0.4 3.6 7.2 16 3.8000000000000003 6.4 2.6 0 0 0 0.2 0 0 0 0 0 0 0 0 0 0 0 0 0 0 2 0 0 0 0 0 0 0 0 0 0 0 0 0 0 0 0 0 0 0 0 0 0 0 0 0 0 0 5.6000000000000005 0 0 14.8 0 0 0 0 2.8000000000000003 0 0 0.2 0 0.4 0.2 0 0 0 0 0 0 0 0 0 0 0 0 0 0 0 0 0 0 0 0 0 0 0 0 3 0 0 0 0 
 0 0.8 7.800000000000001 1 0 0 0 0 0 0 0.6000000000000001 0.6000000000000001 0.2 0 0 0 0 0 21.6 0 51.6 0 47.2 25.6 22 7 30.6 15.4 51.800000000000004 54.800000000000004 66.2 9.600000000000001 50 9.600000000000001 33.6 9.8 38.800000000000004 41.800000000000004 64.8 22 0 0.4 0 0 0 2.2 0.6000000000000001 0 0 0 0.4 0 12.200000000000001 0.6000000000000001 0.2 0.4 1.8 0 0.6000000000000001 0.2 0 0 0.4 1.2000000000000002 1.4000000000000001 0.4 0 0.4 0 0 0.6000000000000001 1 0 0.6000000000000001 0 0.6000000000000001 0.6000000000000001 0 0 0 0 0 0 0 2.6 1.6 0 2.2 3 0 0 0 0 0.4 0 0 0 0 0 0 2.4000000000000004 9.200000000000001 2 20.200000000000003 1.2000000000000002 4 1.8 3.6 2.8000000000000003 2.4000000000000004 0.8 4.2 2 0 3.4000000000000004 0 4.2 13.4 0 4.4 0 0 0 0 0 0 1.4000000000000001 0 1.8 0 0 0 6.4 2.8000000000000003 0 0 4.2 0 0 0 0.2 0 0.2 0 0 0 0 0 0 0 0.2 0 0 0 0 0 0 0 0 0 0 0 0 0 2 0.2 0 0 0 0 1 0 0 0 0 0 0 0 0.2 0 0 0 0.2 0 0.4 4 1.6 3 0 1.8 0 9.8 3 3.4000000000000004 4 5 6.6000000000000005 3 0 3.4000000000000004 0 0 0 0 0 0 6 0 0 0 0 0 0 0 0 4.4 0 0 10.200000000000001 2.2 0 0 0 0 0 0 0 0 0 0.2 3.6 0 0 0 0 0 0 0 0 0 0 0 2 0 0 0 0 0 0 0 0 0 0 0 0 0 0.4 1.4000000000000001 15.200000000000001 0.4 0 1.2000000000000002 0 0 0 0 0 0 0 0 0 0 0 0 0 0 0 0 0 0 0 2.4000000000000004 0 0 0 0 0 0 0 0 
 0.6000000000000001 0 0 0 0 0 0 0 0.8 0.4 0.4 0 0.4 0.2 0.6000000000000001 0 0 1.4000000000000001 0 0 18.400000000000002 47.2 0 82 7.6000000000000005 7.2 49.400000000000006 96.2 78.80000000000001 94.60000000000001 71.4 142.4 27.8 10 37.2 9.4 21.8 22 16.2 33.2 13.200000000000001 0.4 0 0 0 0 0 0.4 0 19 0.2 0 12.4 0.6000000000000001 0.2 0.2 0.2 0 0.6000000000000001 12.4 0 0 0.4 0.4 0.6000000000000001 0 0 0.4 0 0 0 0.4 0 0 0 0 0 0 0.2 0 0 0 0 0 0 0 0 0 0 0 0 0 0 0 4.800000000000001 0 0 0 0 0 1.8 0.2 2.8000000000000003 7.2 5.2 1.4000000000000001 0 6.2 8.8 2 2.2 6.6000000000000005 0.4 0 6 2.6 6 7.4 0 3.6 7.6000000000000005 1.6 0 0 0 0 1.6 2.2 0 0 0 0 0.2 0 0 0 3.6 0 0.4 3 0 0 0 0 0.8 0 0 0 0 0 1.4000000000000001 0 0 0 0 0 0 0 0 0 0 0 0 0 2 0 0 0 0 0.4 1 0 0 0 0 0 0 0 0 0.2 1.8 0.6000000000000001 1.4000000000000001 2.6 0.2 8.4 0 4.4 2.2 7.4 0 15.200000000000001 0 4.4 4.2 0.4 9.8 4 0 3.2 0 1.8 0 0.4 0 0.2 2.8000000000000003 0 1.8 0 0 0 0 0 0 0 0.2 0 3 1.8 0.2 0 0 0 0 0 0.4 0 0 0 0 0 0 0 0 0 0 0 0 0 0 0 5 0 0 0 0 0 0 0 0 0 0 0 1.4000000000000001 0 0.4 15.200000000000001 22.6 0.2 0 0.6000000000000001 0 0 0 0 0 0 0 0 0 0 0 0 0 0 0 0 0 0.4 0 0 0 0 0 3.6 0 0 0 0 
 1.2000000000000002 0.6000000000000001 0.6000000000000001 0.6000000000000001 0.6000000000000001 0.6000000000000001 41.2 0.6000000000000001 1.6 42 0.6000000000000001 0.6000000000000001 0.6000000000000001 0.6000000000000001 1 0.6000000000000001 0.6000000000000001 0.6000000000000001 1.8 0.6000000000000001 30.200000000000003 25.6 82 0 66.60000000000001 20.400000000000002 28 13.4 43.6 37.2 120.80000000000001 11.200000000000001 13.4 13.8 31.400000000000002 22.200000000000003 8.200000000000001 79.60000000000001 60.400000000000006 27.6 0 0.4 0 0.4 0 0 13.8 0 0 0 0.6000000000000001 0.6000000000000001 0 13.200000000000001 1 0 0.2 0 13 25.400000000000002 0 0.2 1 0.4 0.6000000000000001 0 0 0.6000000000000001 0.4 0 1.8 0.6000000000000001 0.4 6.6000000000000005 0.4 0 0 0 4.2 0 0 0 0 0 0 0 0 0 0 0 0 0.4 0 0 0 0 0 0 0 0 2.2 3.4000000000000004 0 4 4.2 6.6000000000000005 0 0 4.6000000000000005 3 0 4 0 0 2.2 0 1.6 2.4000000000000004 0 2.4000000000000004 0 0 1.8 0 0 0 0.2 0 0 0 0.2 0 6.4 0.4 0 0 0 0 13.200000000000001 4.2 0 0 0 0.4 0 0 0 0 0 0.4 0.4 0 0 0 0 0 0 0 0 0 0 0 0 0 0 0 0 0 0 0.8 0 0 0 0 0 0 0 0 0 0 0 1.2000000000000002 9 16.400000000000002 2.2 0 0 5.4 0.2 2 3.6 6.800000000000001 2.4000000000000004 0 1.6 2 0 0.2 0 6 1.6 0 0 0 0 0 0 6.6000000000000005 2.6 2.2 0 0.2 3 0 6 0 0.2 0 2.2 3.6 1 0 0 0 0 0 0 0 0 0 0 0 0 0 0 0 0 0 0 0 0 0 0 0 0 0 0 0 0 0 0 4.2 0 0 2 0 1 15.8 0 0.2 0.8 1.2000000000000002 0 0 0 0 0 0 0 0 0 0.4 0 0 0 0 0 0 0 0 0 2.4000000000000004 0 0 0 0 0 0 0 0 
 0 0 0 0 0 0 0 0 6.800000000000001 0.8 0.8 0.4 0.4 0 0 0 0 1 0 0 12.200000000000001 22 7.6000000000000005 66.60000000000001 0 31.8 9.4 85.4 18 36.6 32.800000000000004 110.2 12 16.400000000000002 20.8 25.200000000000003 80.60000000000001 55 15.200000000000001 15.600000000000001 18.2 0.4 0 0.4 0 0 19.6 0 0 12.600000000000001 0.4 0 0.2 6.6000000000000005 12.600000000000001 0 0.2 0 13.4 0.6000000000000001 0 0 0.4 0.4 0.6000000000000001 0 0 0.6000000000000001 0 0 0 0 0 0 0 0 0 0 0 0 0 0 0 0 0 0 0 0 0 0 0 0 0 0 0 0 2 0 0.2 0 3 0 0 3.6 2.2 0.2 0 0 3.8000000000000003 0 1.2000000000000002 5.6000000000000005 0 0 2 4 0.2 0 0 0.2 1.4000000000000001 0 0 0 0 0 1.8 0.2 2.2 3.8000000000000003 0 0 2 0.2 0.2 0.2 0 3 3.6 2.8000000000000003 0 0 0 0 0 0 0.4 0 0 0 0 0 1.8 0 0 0 0 0 0 0 0 0 0 0 0.4 0 0 0 0 1.2000000000000002 0 0 0 0 0 0 0.4 0 0 0 4.4 3 2.8000000000000003 4.4 9 2 0 9.200000000000001 9 0.2 0.4 12.4 0 0 2.4000000000000004 0.8 0 2 0 5.800000000000001 4 6 1.8 0 0 0 0 2.6 2.8000000000000003 0 0 3.4000000000000004 4.800000000000001 2.8000000000000003 6 3.8000000000000003 0 2 2.8000000000000003 1 0 0 6.4 0 0 0 0 0 0 0 0 0.2 0 0 0.4 0 0 0 0 0 0 0 0 0 0 0 0 0 0 0 0 0 0 0 1.4000000000000001 0 0 0.6000000000000001 0.4 0.4 1.6 0 0 0 0 0 0 0 0 0 0.4 0 0 0 0 0 0 0 0 0 0 7.4 0 0 0 0 0 0 0 0 
 0 0 0 0.4 4.4 0 0 0 0 0 0 0 0.4 0.2 0 0 0 0 0 0 24.400000000000002 7 7.2 20.400000000000002 31.8 0 24.200000000000003 36.6 7.800000000000001 13.8 22.200000000000003 40.6 48.6 24 9 16.8 12.600000000000001 55.800000000000004 10.200000000000001 11.8 0.8 0.4 0 2 0 0 0 4.4 27.8 0 20.200000000000003 1.2000000000000002 27.6 0.8 10.4 0 0.2 0 13 11.4 0 0 0.4 1.6 0.6000000000000001 0.4 1.2000000000000002 0.6000000000000001 0 0 0 0.2 0 0.8 0.6000000000000001 0 0.8 0.8 0 0 0 0 0 0 0 0 0 0 0 0 0 0 0 0 0 0 0 0.4 0 0 0 3.2 0 0.2 0.4 4.4 1.4000000000000001 0 0 0 3 3 0 2.8000000000000003 0 2.6 0 0 0 0 4.4 0 0 0 0 0.2 4.800000000000001 0.4 3 3.6 0 4.6000000000000005 5.6000000000000005 8.4 1.8 0.2 0 0 3 2 0 0 0 0 0 0 0 0 0 0 0 0 0.2 0 0 0 2.2 0 0 0 0 0.2 0 0 0 0 0 0 0 0 0 0 0.4 0 0 0 0 0 1.4000000000000001 0 0 0 0 7.2 7.2 0 0 0.2 0.2 2 3 0 0 0 0 1.6 0 0 0 0 2.4000000000000004 7.800000000000001 2.8000000000000003 0 0 0 4.4 0 2.6 0 3.8000000000000003 0 4.6000000000000005 2.2 7.4 8 2 0 4.6000000000000005 0 0 0 0 0.4 0 0 0.2 0 0 0 0 0 0 0 0 0 0 0 0 0 0 0 0 0 0 0 0 0 0 0 0 0 0 0 2.4000000000000004 0 1 0.4 1 0.2 0.6000000000000001 0 0 0 0 0 1.8 0 0 0 0 0 0 0 0 0 0 0 0 0 0 0 0 0.4 0 0.2 0 0 0 0 
 0 0 0 4.4 14.8 14.8 0 0 0 0 0.4 0.6000000000000001 0 0 0.4 0 14.8 0 0.6000000000000001 0 19.8 30.6 49.400000000000006 28 9.4 24.200000000000003 0 19.200000000000003 20.400000000000002 4.800000000000001 4.800000000000001 26.8 41.6 20 50.6 20 48.800000000000004 25 37.4 64.4 0.6000000000000001 0.4 0 0 0 0 0 0 0 0.6000000000000001 0 0 0 0.6000000000000001 1 0.4 1.8 0.2 0.6000000000000001 0 0 0.4 0.4 0.4 0.6000000000000001 0.6000000000000001 0 0.4 1 1.4000000000000001 0.6000000000000001 0.2 0 0 0 1.4000000000000001 0 0 0 0 0 0 0 0 0 0.6000000000000001 0 0 0 0 0 3.6 0 0 0 0.2 0 0 0 0 0 11.4 12.4 7.800000000000001 0.2 0.4 0.4 0.4 1.8 2.6 11 4.2 3.8000000000000003 2.2 2.2 8.4 3 7.4 1.8 3.2 0 0 0 0 0 0 0 0 0 0 0 0 0.4 0 0 0 0 0 0 0 0 0 0 0 0.6000000000000001 0 0 0 0 0 1 0 0 0 0 0 0 0 0 0 0 0 0 0.8 5.4 0 5.800000000000001 0 0 0 2.6 2.6 0 0 0 0 0 0 0 0 0.2 10 5.800000000000001 0 0 2.6 0 4.6000000000000005 3.8000000000000003 2.2 5 0.2 2.4000000000000004 1.8 0 9.4 2.6 2.2 0 3.6 0 0 1.8 0.2 0 0.4 1.2000000000000002 0 0 0 0 0 0 0 0 0 0 0 4.2 0 2.6 0 0 0 0 0 0.2 0 0 0 0 0 0 0 0 0 0 0 0 0 0 0 0 0 0 0 0 0 0 0 0 0 0 0 1 0 0 0 0.2 0.4 0.2 1.4000000000000001 0 0 0 0 0 0 0 0 0 0 0 0 0 0 0 0 0 0 0 0 0 0 0 0 0 0 0 0 
 0.4 0 0 0.6000000000000001 0.2 15.600000000000001 0 0 0.6000000000000001 0 0 0 0 0.4 1.2000000000000002 0 0 0 0 0.2 32.6 15.4 96.2 13.4 85.4 36.6 19.200000000000003 0 54.400000000000006 27.200000000000003 8.4 61.400000000000006 20.6 36 39.2 4.6000000000000005 18.2 79.2 30.200000000000003 48 1 0.4 0 0 0.6000000000000001 0.4 0.4 0 0.6000000000000001 0 1.6 0 0.4 0.6000000000000001 0.4 9.600000000000001 0.2 1 0.6000000000000001 0.4 0 1 0.4 0.4 1.6 1.4000000000000001 0.6000000000000001 1 2.6 1.4000000000000001 0 0.4 0.6000000000000001 0.4 0 1 0 0 0.2 1 0 0 0 0 0 0 0 0 0 0 0 3.8000000000000003 0 0 0.8 2.6 0.6000000000000001 0 0 0 7.800000000000001 8.8 8.6 7.800000000000001 0 0 1.8 0.2 1.8 0 8.8 0 3 5.2 1 8.4 4.2 0 1.8 0 0 0 0 0 0 0 0 0 0 0 0 0 0.2 0 0 0 0 0 0 1.6 0 0 0 0 0 0 0 0 0 0 0.2 0 0.4 0 0 0 2.2 0 0.8 0 1 0 0 0 2 0 0 0 0 0 3.6 0.2 0.2 0 0 0 0 0 0 0 7.800000000000001 1.4000000000000001 7.800000000000001 2 0 0.2 0 8.4 15.200000000000001 3 7.2 0.8 0 0.2 5.6000000000000005 7 2.4000000000000004 4.2 0 0 0 0 0 0 0 0 0 0 0 0 0 0 0 0 0 0 1.2000000000000002 0 0 1.8 0 0 0 0 0 0 0 0 0 0 0 0 0 0 0 0 0 0 0 0 0 0 0 0 0 0 0 0 0 4.6000000000000005 0 0 0 0 2.4000000000000004 0 0 14.8 0.2 0 2 0 0 0 0 0 0 0 0 0 0 0 0 0 0 0 0 0 0 0 0 7.6000000000000005 0 0 0 4.800000000000001 0 0 0 0 
 40.800000000000004 0 0 0.6000000000000001 0 0 0 0 14 0 1.2000000000000002 0.6000000000000001 6.4 40.800000000000004 0 0 0 0.6000000000000001 40.2 0 27.200000000000003 51.800000000000004 78.80000000000001 43.6 18 7.800000000000001 20.400000000000002 54.400000000000006 0 23.200000000000003 26 49.2 48.2 23.6 36.4 29.400000000000002 33.4 88 16 19 0 0.4 0 0 0 0 0 0 0 0 0 0 12.200000000000001 0.6000000000000001 0.4 0 0 0 13.4 13.200000000000001 0 0 0.6000000000000001 0.4 0.4 0 0 0 0 0 0.6000000000000001 0.8 0 0 0 0 0 0 0.8 0 0 0 0 0 0 0 0 0 0 0 0 0 0 0 0 0 0 0 0 0 1.8 0 2.2 5.2 0.2 0.8 0 0.2 0 2 2.2 6.800000000000001 0 0 5 0 4.6000000000000005 6.4 0 0 0 6 2.2 0 0 0 4.6000000000000005 0 0 0 0 0 2.6 0.2 0 0 0 0 6.800000000000001 2.8000000000000003 0 0 0 0 0 0 3.2 0 0 0 0 0 0 0 0 0 0 0 0 0 0 0 0 0 3.4000000000000004 0 0 0 0 0 0.6000000000000001 0 0 0 0 0 0 0 0 0 1.2000000000000002 0 2 2.6 0 7.2 0 7.800000000000001 0.2 1.8 1.6 3.6 0 0.2 1.8 5.6000000000000005 0 0.2 0 0 0 0 0 0 0 0 2.2 0 0.4 2 0 0 3 0 0 0 0 0 5.6000000000000005 3.8000000000000003 0.2 0 0 0 0 0 0 0 0 0 0 0 0 0 0 4.2 0 0 0 0 0 0 2 0 0 0 0 0 0 0 0 0 0 0 4.2 0 0.2 15.4 0.4 0 0 0 0 0 0 0 0 0 0 0 0 0 0 0 0 0 0 0 0 0 0 4 0 0 0 0 0 0 0 0 
 0.4 0.6000000000000001 0.8 0.6000000000000001 0.6000000000000001 0.6000000000000001 0.6000000000000001 0.6000000000000001 1.4000000000000001 8 0.6000000000000001 0.6000000000000001 1 0.6000000000000001 0.6000000000000001 0.6000000000000001 0.6000000000000001 1.4000000000000001 0.4 0.6000000000000001 71.60000000000001 54.800000000000004 94.60000000000001 37.2 36.6 13.8 4.800000000000001 27.200000000000003 23.200000000000003 0 56 11 68.60000000000001 18 27.200000000000003 13.4 25.400000000000002 22 24.8 36.6 0 0.4 0 0.2 0 0 0 0 0 0 0 0 12.600000000000001 0.6000000000000001 0.4 41.6 0.2 0 0.6000000000000001 12.4 0 0 0.4 0.4 0.6000000000000001 0 0 0.6000000000000001 0 0 1.2000000000000002 0.4 0 0 0 0 0 0 1.2000000000000002 0 0 0 0 0 0 0 0 0 0 0 0 0 0 0.4 0 0 0 0 0 0 0 0.2 0.2 0.2 4.800000000000001 0.2 0 1.4000000000000001 2.4000000000000004 2.4000000000000004 0 2 2.6 0 5.4 0 8.200000000000001 0.2 0 0.2 0 4.4 0 0 0 0 2.4000000000000004 0 0 0 0 0 3.4000000000000004 6.800000000000001 0 0 0.2 0 9.600000000000001 8 0 1.6 0.2 0 0 0 0 1.6 0 0 0 0 0 0 0 0 0 0 0 0 0 0.4 0 0 0.2 0.2 0 0 0 1.2000000000000002 0 0 0 0 0 0 0 0 0 0 2 2.4000000000000004 6.4 5.2 1.6 0 0 0.2 4.2 2 1.8 0 0 2 1.2000000000000002 0.2 0 3.4000000000000004 0 5.2 0 6.6000000000000005 3.2 0 0 0 0 0 4.6000000000000005 0 0 0.6000000000000001 1.8 0 1.8 0 1 0 0.2 3.6 0 0 0 0 0 0 0 1.8 0 0 0 0 0 0.2 0 0 0 0 0 0 0 0 1.8 0 0 0 0 0 0 0 0 0 0 0 4.4 0 0.2 1 15.4 0.4 0.4 0.2 0 0 0 0 0 0 0 0 0 0 0 0 0 0 0 0 0 2.4000000000000004 0 0 0 0 0 2.2 0 0 0 0 
