 0 75.8 15.8 6.800000000000001 96 12.200000000000001 17.2 14.8 34.4 10.600000000000001 26.400000000000002 6.6000000000000005 62.800000000000004 50 50.6 8.200000000000001 40.2 48.800000000000004 80.4 24.6 0.4 0.4 0 0 0 0 0 0 0 0 0 0.4 0 0.4 0 0 0 0 0.2 0 0 0 0 0 0 0.4 0 0 0 0 0.6000000000000001 0 0.4 0 0 0.4 0 0 0 0.4 0 0 0 0 0 0 0 1.2000000000000002 0 0 0.6000000000000001 0 0.4 0.6000000000000001 0 0 0 0 0 0 0 16.6 2.8000000000000003 2 0 2.4000000000000004 6.800000000000001 7 0 2 0.2 0.4 0 2 0 4.2 3.8000000000000003 0.6000000000000001 6.6000000000000005 5.6000000000000005 0 0 0 0 0 0 0 0 0 0 0 0 0 0.2 0 0 0 0 0 3.4000000000000004 0 0 0 0 0 0 0 0 0 0 0 0 0 0 0 0 0 0 0 0 0 0 0 0 0 0 0 0 0 0.4 0 0 0 0 0 0 0 0 0 0 3.8000000000000003 0 4.2 0 1.4000000000000001 0 2.2 6.4 0.4 8 0 6.2 0 2.8000000000000003 0 0 7 0 3 3 0 0 0 0 0 0 0 0 0 0 0 0 0 0 0 0 0 0 0 0 0 0 0 0 0 0 0 0 0 0 0 0 0 0 0 0 0 0 0 0 0 0 0 0 0 0 4.6000000000000005 0 0 0 0 0 0 0 0 0 0 0 0 0 0 0 0 0 0 0 0.2 0 0.8 18.400000000000002 0 2.2 0 0 0 0 0 0 0 0 0 0 0 0 0 10.200000000000001 0 0 0 0 0 0 0 0 0 0 0 0 0 0 0 0 0 0 0 0 0 0 0 0 
 75.8 0 16.2 13 11 55 38.6 30.200000000000003 27.6 15.4 14.8 9.4 74.4 26.8 34 24.6 59 9.200000000000001 28 47.6 0.4 0.4 0 0.4 0.8 0.6000000000000001 0 0.6000000000000001 0 0.4 0 0 0.6000000000000001 0 15.200000000000001 0 0 0 0 0 0 0 0 0 0 0.8 0 0 0 0 0.6000000000000001 0 0.6000000000000001 0.6000000000000001 0 0.4 0 0 0 0.4 0 0 0 0 0 0 0 2.2 0 0 0.2 0 0.6000000000000001 0.6000000000000001 0.4 0 0 0.6000000000000001 0 0 0 5.800000000000001 13.8 6.2 0.2 5.2 3 4.800000000000001 0 3.2 3 2.4000000000000004 0 0 0 10.4 4 3 0 5.4 0 0 0 0 0 0 0.6000000000000001 0 0 0 0.2 0 0 0.2 0 0 0 0 3.8000000000000003 1.6 0 0 0 0 0 0 0 0 0 0 0 0 0 0 0 0 0 0 0 0 0 0 0 0 0.2 0 0 0 0 0 0 0 0 4.2 0 0 0 3 0 0 8.4 4.4 4 4 1.8 0.6000000000000001 3 7.800000000000001 0.2 1.2000000000000002 0 0.6000000000000001 4 0 0 0 4 2 0 0 0 0 0 0 0 0 0 0 0 0 0 0 2.2 0 2.2 0 0.4 0 0 0 0 0 0 0 0 0 0 0 0 0 0 0 0 0 0 0 0 0 0 0 0 0 0 0 0.2 0.4 0 0 0 0 0 0 0 0 0 0 0 0 0 0 0 0 0 0 0 0 0.6000000000000001 0 0.4 21.200000000000003 2.8000000000000003 1.2000000000000002 0 0 0 0 0 0 0 0 0 0 0 0 0 0 0 0 0 0 0 0 0 0 0 2 0 0 0 0 0 0 0 0 0 0 0 0 0 0 
 15.8 16.2 0 73.60000000000001 32 68.60000000000001 61.800000000000004 69.4 79.60000000000001 39.2 25.6 27.200000000000003 89.60000000000001 13 38.2 22.6 15.200000000000001 64.8 6.4 23.8 0.4 0.6000000000000001 0 0.4 0 0.2 0 0.6000000000000001 1 41.400000000000006 0.2 0 0.4 0.4 0.2 0 0.4 0 18.6 29.6 0 0 0 0 0 0.6000000000000001 0 0 0 0 0.6000000000000001 0 0.6000000000000001 0 2.4000000000000004 0.4 0 0.4 0 0 0 0 0 0 0 0 0 0.4 0 0 0.6000000000000001 0 0.6000000000000001 0.6000000000000001 0.6000000000000001 0 0 0 0 0 3.6 2.6 4.800000000000001 5.800000000000001 4.4 0 3.8000000000000003 6.800000000000001 6.2 9.4 4.2 4.800000000000001 0 1.8 5.2 2.6 0.8 10 2.2 0 1.6 0 0 0 0 0 1.4000000000000001 3.2 0 0 0 0 0 4 0 0 0.2 0.2 4.4 0.2 0 0 0.2 0 0 0 0 0 0 0 0 0 0 0 0 0 0 0 0.8 0 0 0 0 0 0 0 0 0 0 0 0 0 0 0 0 0.4 0 0 0 0 1.2000000000000002 2.8000000000000003 3.4000000000000004 5.800000000000001 1.8 0 1.6 2.4000000000000004 5 4.2 5.2 0.2 0 4 0 0 4 4.2 0 2.8000000000000003 0 0 0 0.4 0 0 0 0 0 0 0.4 0 1.6 0 2.6 0 0 0 2.4000000000000004 0.2 0 0 0 0 0 0 0 0 0 0 0 0.2 0.4 0 0 0 0 0 0 0 0 0.4 0 0 0 0 0 3 0 0 0.2 0 0 0 0 0 0 0 0 0 0 0 0 0 0 0.2 18 0.2 17.6 17.6 0 0 0 0 0 0 0 0 0 0 0 0 0 0 0 0 0 0 0 0 0 0 0 0 0 0 0 0.4 0 0 0 0 0 0 0 0 0 0 0 0.4 
 6.800000000000001 13 73.60000000000001 0 26.400000000000002 129.4 30.200000000000003 72 70.4 89.80000000000001 15.4 44.400000000000006 10.8 20.200000000000003 77.60000000000001 29.200000000000003 9.8 47.2 16.2 29.8 0 0.4 0 0 0 0 14 0 0 0 0 0 0 0.2 0 0 0 0 5.2 15.600000000000001 0 0 0 0 0 0.4 0 0 0 0 0.6000000000000001 0 0.4 0 24.200000000000003 13 0 0.4 0 0 0 0 0 0 0 0 0 0.6000000000000001 0 0 0.6000000000000001 0 0.4 0.6000000000000001 6.4 0 0 0 0 0 4.6000000000000005 3.4000000000000004 3.6 2 4.2 2.8000000000000003 3.2 4.4 4.6000000000000005 3 5.6000000000000005 6 0 2.4000000000000004 4.800000000000001 5 2.8000000000000003 7 2 0 0 3 0 0 0.4 0.4 1.4000000000000001 0 0.2 0 0 0 4.4 3.8000000000000003 0 7 1.4000000000000001 0 4.2 0 0 0 0 0 0 0 0 0 0.4 0 0 0 0 0 0.2 5 1.4000000000000001 0 0 0 0 0 0 0 0 0 0 0 0 0 0 0 0 0.2 0 0 0 0 0 0 2 2.2 5 4.4 0 2.2 1.8 3 8.6 2.2 3.2 0 0 1.8 7 2 0 2 0 4.6000000000000005 0 0 0 0 0.4 0 0 0 0 0 0 0 0 0 0 0 0 0 3.2 3.8000000000000003 0 0 0 0 0.2 0.4 0 0 2.8000000000000003 0 0.4 0 0 0.2 0 0 0 0 0 0 0 0 0 0 0 0 0 0 0 0 0 0 0 0 5.2 0 0 0 0 0 0 0 0 0 0 0.4 0.6000000000000001 0.2 17.6 10.600000000000001 0.6000000000000001 3.4000000000000004 0.4 0 0 0 0 0 0 0 0 0 0 0 0 0 0 0 0 0 0 0 0 0 0 0 0 0 0 0 0 0 0 0 0 0.4 0 0 0 0 
 96 11 32 26.400000000000002 0 35.4 28.6 89.60000000000001 39.2 15.600000000000001 63.400000000000006 24.8 15.4 24.200000000000003 78.80000000000001 62.2 7.800000000000001 40.2 15.8 13.200000000000001 0 0.4 0 0 0 0 0 25.8 0 0 0 1 0.4 31.200000000000003 8 0.2 0 0.4 18.8 0 0 0 0 0 0 0.6000000000000001 0 0 0 0 0.6000000000000001 0 0.6000000000000001 0 0 12.8 0 0.2 0 0.4 5.800000000000001 0 0 0 0 0.2 0 0.4 0 0 0 0 0.6000000000000001 0.6000000000000001 0.8 0 0 0 1.2000000000000002 0 0 2.8000000000000003 0 2.4000000000000004 4.6000000000000005 2.6 2.6 2.6 2.8000000000000003 5.2 0.2 1.6 0 0.2 0.2 6 0 3.8000000000000003 0.2 0 9.8 0 0.4 0 0.2 0 0.4 0 0 0 0 0 0 0.2 0 0 14.200000000000001 4.2 11.200000000000001 2 0 0 0 0 0 0 0 0 0 0 0 0.4 0 0 0 0 0 0 0 0 0 0 0 0 0 0 0 0 0.6000000000000001 0 0 0 0 0.4 0 0.4 0 0 0 0 2.2 0 2.6 0 0.2 0 0 0 0 1.2000000000000002 0 0 0 0 4.4 3.4000000000000004 1.4000000000000001 0 0 1.2000000000000002 5 1.8 2 2.6 0 0 2.6 2.4000000000000004 4.2 0 0 0 0 2.2 0 2.4000000000000004 2.2 5.4 0.2 2.4000000000000004 0 0 0 0 0 0 0 0 0 0 0.2 0 0 0 0 0 0 0 0 0 0 0 0 0 0 0 0 0 0 0 0 0 0 0 0 0 0 0 0 0 0 0 0 0 0.4 0.6000000000000001 0.2 0 0 0.4 0.8 2.2 0 0 0 0 0 0 0 0 0 0 0 0 0 0 0 0 0 0 0 0 0 0 0 0 0.8 0 0 0 0 0 0 0 0 3.2 0 0 0 0 
 12.200000000000001 55 68.60000000000001 129.4 35.4 0 9 8.4 10.4 12 29.400000000000002 18 48.400000000000006 13.8 35 70 29 54.2 11.200000000000001 10.4 0.4 0.6000000000000001 0 0 0.6000000000000001 0 16.400000000000002 16 0.4 0 0 0 0.2 0 0 0.4 0 0.2 27.200000000000003 11.200000000000001 0 0 12.8 0 0 0.8 0 0 0 0 0.6000000000000001 0 0.6000000000000001 0 1.6 0.4 0 0.4 0 0.2 0 0 0 0 7.6000000000000005 0 0 0.2 0 0 0 0 0.6000000000000001 3 0 0 0 0 0 0 0 0.4 2.6 1 5.6000000000000005 7 0 0 9.200000000000001 4.6000000000000005 1.2000000000000002 2.8000000000000003 0 0.4 0 0 3.6 4.4 0 0 2 2 0.2 3 0 0.2 1.6 0 2.8000000000000003 0 0 0 3.4000000000000004 0 2 6 7.4 1.8 6 4 0 0.6000000000000001 0 0 0 0 0 0 0 0 0 0 0 0 0.4 0 0 0 0.2 0 0 0 0 0 0 0 2.4000000000000004 0 0.2 0 0 0 0 0 0 0.2 0 0.4 0 0 0 0 3.6 0 5.2 1.6 0 0 7 3.8000000000000003 7.4 5 0 4.2 0 0 3.2 4.6000000000000005 0 0 0.4 0.4 0.6000000000000001 0 0.2 0 5.6000000000000005 0 0.2 2.4000000000000004 0 0 0.2 0 6 2 0 2 9.600000000000001 3.8000000000000003 0 0 0 0 0.4 0 0 0 0 0 0 0 0 0.4 0 0.4 0 0 0 0 0 5 0 0 0 0 0 0 0 0.4 0 0 0 0 0 0 0 0 0 0 0 0 0 0 0 1.6 2.2 0.8 0 0.6000000000000001 0 1.6 0 0 0 0 0 0 0 0 0 0 0 0 0 0 0 0 0 0 0 0 0 0 0 2.2 3.6 2.8000000000000003 0 0 0 0 0 0 0 0.2 0 0 0 2.2 
 17.2 38.6 61.800000000000004 30.200000000000003 28.6 9 0 81.60000000000001 57.400000000000006 5 11 6.6000000000000005 80.4 34.6 75.2 50.400000000000006 28.400000000000002 28.6 68.8 37.6 0 0.4 0 0 0 0 0 0 0 0 0 0 0 0.2 0 0 0 0 0 0 0 0 0 0 0 0.4 0 0 0 0.6000000000000001 0.6000000000000001 0 0.4 0 0 0.4 0 0.4 0 0 0 0 0 0 0 0 0 0.6000000000000001 0 0 0.6000000000000001 0 0.4 0.4 0 0 0 0 0 0 3.6 4 0 2.4000000000000004 1.8 0 2.8000000000000003 8.4 8.200000000000001 15 4.6000000000000005 5.2 0.2 4.2 6.6000000000000005 6.2 4 0 4.6000000000000005 1.8 0 0 0 0 0 0 0 0 0 0 0 0 0 0 0 0 0 0.4 0.6000000000000001 0.4 0 4 0.4 0 0 0 0 0 0 0 0 0 0 0 0 1.4000000000000001 0 0 0 0 0 0 0 0 0 0 0 0.2 0.6000000000000001 0 0 0 0 0 0 0 0 0 0 0 1 3.8000000000000003 4.4 4.6000000000000005 0 0 0.2 3.2 0 2.8000000000000003 3.8000000000000003 0 0 0 5.800000000000001 5.6000000000000005 4.4 2.2 0 1.2000000000000002 0 0 0 0.2 0 0 0 0 0 0 0 0 0 0 0 0 0 0 0.4 0 0 0 0 0 0 0 0 0 0 0 0 0.4 0 0 0 0 0 0 0 0 0 0 0 0 0 0 0 0 0 0 0.4 0 0 0 0 0 0 0 0 0 0 0 0 0 0 0.4 0 0.4 18.400000000000002 0 0 2.4000000000000004 0 0.4 0 0 0 0 0 0 0 0 0 0 0 0 0 0 0 0 0 0 5.4 0 0 0 2.6 0 0 0 0 0 0 0 0 0 0 0 0 0.2 
 14.8 30.200000000000003 69.4 72 89.60000000000001 8.4 81.60000000000001 0 52 36.4 47.6 21.8 59.800000000000004 35.4 60.400000000000006 42 27.6 26.400000000000002 11.8 36.800000000000004 1.4000000000000001 0.4 0 0 0 0 0 0 0 0 0 0 0 0 0 0 0 0 0.4 0.2 0 0 0 0 0 0.4 0 0 0 0 0.6000000000000001 0 0.4 0 1.2000000000000002 0.4 0 0 0 0.4 0 0 0 0 0 0 0 0.6000000000000001 0 0 9.600000000000001 0 0.4 0.4 0 0 0 0 0 7.4 0.2 8.8 14.200000000000001 0 3.6 5.2 2.6 10.200000000000001 4 8 0 0 0.4 1.2000000000000002 4.800000000000001 6.2 0 3.4000000000000004 1.4000000000000001 0.2 1.8 0 0 0 0 0 0 0 0 0 0 0.4 0 5 0 0 0 0 6.4 0 0 0 0 0 0 0 0 0 0 0 0 0 0 0 0 0 0 0 0 0.4 0.4 0 0 0 0 0 0 0 0 0 0 0 0 0 0.4 0 0 0 0 0 2.2 7.800000000000001 0 5.2 2.8000000000000003 0 2.6 4 3 4.800000000000001 0 0 0 13.600000000000001 6.6000000000000005 2.6 0 7.800000000000001 0.2 4.6000000000000005 0 0 0 0 0 0 0 0 0 0 0 0 2.4000000000000004 0 2 0 0 0 0 0.2 0 0 0 0 0 0 0 0.4 0 0 0 0 0 0 0 0 0 0 0 0 0 0 0.2 0 0 0 0.2 0 0 0 0 0 0 0 0 0 0 0 0 0 0 0 0 0 0 0 0.2 0 0.2 0.6000000000000001 5 1.4000000000000001 0 0 0 0 0 0 0 0 0 0 0 0 0 0 0 0 0 0.4 0 0 0 0 0 0 0 0 0 0 0 0 0 0 0 0 0 0 0 0 
 34.4 27.6 79.60000000000001 70.4 39.2 10.4 57.400000000000006 52 0 61.2 16 59.6 15.8 35.4 123.60000000000001 94.60000000000001 7.800000000000001 28.8 37.2 38.6 1.2000000000000002 0.4 0 0 1.2000000000000002 1.2000000000000002 0 0.4 0 0 0 0 0 0.6000000000000001 0 0 0 0 19 8 0 0 0 0.8 1.2000000000000002 0.6000000000000001 1.2000000000000002 0 0 1.6 0.6000000000000001 0 0.6000000000000001 0 0.8 0.4 0 0.4 0 0.4 0 0 0 0 0 0 0 0.6000000000000001 0 0 0.4 0 0.6000000000000001 0.6000000000000001 0 0 0.8 0.4 0.8 0 0.2 8.8 4.4 8.200000000000001 4.4 1.2000000000000002 2.2 7.6000000000000005 3.6 4 0 4.6000000000000005 0 4.4 2.4000000000000004 2.6 0 2.2 3.6 0 0 0 0.2 0.8 0 0 0 0 0 0 0 0 0 0 1.8 0 0 0 0.2 10 0 0 0.4 0 0.4 0 0 0 0 0 0 0 0 0 0 0 0 0 1.4000000000000001 0 0 0 0 0 0 3.2 0 0.2 0 0 0 0 0 0 0 0 0 0 0 0 2.4000000000000004 2 5.800000000000001 2.8000000000000003 2.6 0 5.2 4 6.4 10.8 3.4000000000000004 0 0 6.800000000000001 4 0 11.4 5.6000000000000005 1.6 5.6000000000000005 0.2 2.6 0 0.2 0 1.6 0 0 0 0 0 0 1.8 0 0.2 0 0 0 2.6 0 0 2 0 0 0 0 0 0 0 0 0 0.4 0 0 0 0 0.2 0 0 0 0 0 0 0 0 0 2.8000000000000003 0 0 0 0.4 0 0 0 0 0 0 0 0 0 0 0 0 0 0 0.2 5.4 0.2 0.2 0.4 0 0.8 2.2 0.4 0.2 0 0 0 0 0 0 0 0 0 0 0 0 0 0 0 0 0 0 0 0 0 0 0 0 0 0 0 0 0 0 0 0 0 0 0 
 10.600000000000001 15.4 39.2 89.80000000000001 15.600000000000001 12 5 36.4 61.2 0 26.6 8.200000000000001 26 30.400000000000002 48.400000000000006 36.6 25.400000000000002 10.600000000000001 22.400000000000002 30.8 0 0.4 0 0 0 0 0 0 0 0 0 0.2 0 0 0 0 0 0 0 5.800000000000001 0 0 12.600000000000001 0 0 0.8 0 0 0 0 0.6000000000000001 0 0.6000000000000001 0 0 0.4 0 0.4 0 0 0 0 0 0 0 0 0 10.4 0 0 0 0 0.6000000000000001 2.2 0 0 0 0 0 0 0 5 6 2.4000000000000004 4.4 3.8000000000000003 3 6.2 0 0 0 3 0 2.6 1.6 8.6 0 4.4 2.2 0 0 0 0 0 0 0 2.2 0 0 0 0 0 0 0.2 0 0 0 0 3 13.4 0 0 0 0 0 0 0 0 0 0 0 0.6000000000000001 0 0 0 0 0 0 0 0 0 0 0 0 0 0 0 0 0 0 0 0 0 0 0 0 0 0 0 0 2.4000000000000004 2.8000000000000003 6.2 2.8000000000000003 2.4000000000000004 3 1.4000000000000001 2 7.4 1.6 7.800000000000001 0 0 1.4000000000000001 3.2 3.8000000000000003 0 1 0 4.6000000000000005 1.8 0.2 0 0 0 0 2.6 0 0 0 0 0 1.2000000000000002 0 0.6000000000000001 0 1.8 0 0.6000000000000001 0 0 0 0 0 0 0 0 0 0 0 0 0 0 0 0 0 4 0 0 0 0 3.8000000000000003 0 0 0 0 0 0 0 0 0 0 0 0 0 0 0 0 0 0 0 0 0 0 0 0 0.2 0 0 18 0 2.2 2.4000000000000004 0 0 0 0 0 0 0 0 0 0 0 0 0 0 0 0 0 0 0 0 0.4 0 0 2.6 0 0 0 0 0 0 0 0 0 0 0 0 0 
 26.400000000000002 14.8 25.6 15.4 63.400000000000006 29.400000000000002 11 47.6 16 26.6 0 18.2 32.2 16.400000000000002 31.200000000000003 54.2 33.2 20.200000000000003 35.6 60.2 0 0.4 0.2 0.6000000000000001 0 0 0.2 15.8 0 0 0 0 3.2 14.600000000000001 0.6000000000000001 0 0 0 21.6 0 0.6000000000000001 0 0.2 0.8 0 0.6000000000000001 0 0.6000000000000001 0 0 0.6000000000000001 0 1 0 1 0.4 0 0.8 0.4 0 0 0 0 0.2 0.6000000000000001 0.2 0 3.2 0 0.6000000000000001 0.2 0 0.6000000000000001 0.6000000000000001 0 0 0 0 0 0 0 0 6.4 5.2 0 0 4.2 0 3.2 9.200000000000001 4.800000000000001 0 0.2 0 0 0 5.800000000000001 0.2 0 0 0 0 0 0 0 0 4.4 1.8 0 0 0 0 0.2 0 2.2 0 2 3.4000000000000004 0.2 3.2 0 0 0 0 0 0 0 0 0 0 0 0 0 0 0 0 0 0 0 0.2 0 0.4 0 0 0 0 0.6000000000000001 0 0 0 0 0 0 0 0 0 0 0 0 0 2.6 0 0 0 6.4 4.4 2.8000000000000003 1.6 2.8000000000000003 3.8000000000000003 0 0 0 2.8000000000000003 0 3.4000000000000004 3.8000000000000003 3 0 0 2 2.6 0 0 0 0 6.2 2.2 0 0 0 0 0 0.2 0 0 0 0 0.2 6.6000000000000005 0 0 0 0 0 0 0 0.2 0 0 0 2.8000000000000003 0 0 0 0 0 0 0 0 0 0 0.4 0 0 0 0.4 0 0 0 0 0 0 0 0 0 0 0 0.2 0 0 0 0 0 0 0.4 23 0 0 17.8 0.4 2.2 0 0 0 0 0 0 0.4 0 0 0 0 0 0 0 0 0 0 0.2 0 0 0 0 0 7.2 4.6000000000000005 0 0 0 0 0 0 0 0 0 0 2.8000000000000003 0 0 
 6.6000000000000005 9.4 27.200000000000003 44.400000000000006 24.8 18 6.6000000000000005 21.8 59.6 8.200000000000001 18.2 0 3.8000000000000003 3.2 25 45 32.4 27.400000000000002 7.6000000000000005 6.800000000000001 0 0.4 0 0.4 0 0 15.200000000000001 17.6 0 0.2 0 0 18.2 27.8 15 0 0 0 21.6 0 0 0 0 0 0 0.6000000000000001 0 0 0 0 0.6000000000000001 0 0.6000000000000001 0 1 0.4 0 0 0 0.4 0 0 0 0 0 0 0 0.4 0 0 0.2 0 0.6000000000000001 0.6000000000000001 0 0 0 0 0.8 0 0 0 4 1.6 6.4 2.8000000000000003 0 0 3.2 5 2.8000000000000003 0 0 0 0 1.2000000000000002 3.2 0 0 0 0.2 2 0 3 0 0 2 3.6 2.6 0 0 0 1.2000000000000002 0 2.8000000000000003 2.6 6.2 0 17 3.2 0 0 0 0 0 0 0 0 0 0 0.4 0 0 0 0 0 0 0 0 0 0 0 0 0 0 0 0.2 0 0.2 0 0 0 0 0 0 0 0 0 0 0 0 0.6000000000000001 0 5 2.4000000000000004 0.2 0 0 0.4 3.4000000000000004 0 0 0 2.8000000000000003 0 0 2.8000000000000003 5.2 0 0 3.6 6.6000000000000005 0 0 0 0 4 3.8000000000000003 0 3.2 0 0 2.2 0 1.8 0 0 0 0.4 7.800000000000001 0 0 0 0 0 0 0 0 0 0 0 0 0 0 0 0 0 0 0 0 0 0 0 0 0 0 0 0 4.800000000000001 0 0 0 0 0 0 0 0 0 0 0 0 0 0 0 0 0.2 20.6 0 1.2000000000000002 0 2.8000000000000003 4 0.4 0 0 0 0 0 0 0 0 0 0.2 0 0 0 0 0 0 0 0 0 0 0 0 4 0 0 0 0 0 0 0 0 0 0 0 0 0 0 
 62.800000000000004 74.4 89.60000000000001 10.8 15.4 48.400000000000006 80.4 59.800000000000004 15.8 26 32.2 3.8000000000000003 0 23.8 9.8 25.200000000000003 8.200000000000001 5.800000000000001 33 38.6 0 0.4 0 0.4 0 0 0 0 0 0.2 0 0 0 0.2 0 0 0 0 0 0 0 0 0 0 0 0.4 0 0 0 0 0.6000000000000001 0 0.4 0 0.2 0.4 0 0.4 0 0.2 5.2 0 0 0 0 0 0 1.6 0 0 0.6000000000000001 0 0.4 0.2 0.2 0 0 0 0 0 9 3.4000000000000004 3.6 5.800000000000001 0 0 2.4000000000000004 3.4000000000000004 0 2.8000000000000003 6.2 2.2 4.4 0 0 0 1.6 2 5.800000000000001 2.8000000000000003 0 0 0 0 0 0 0 0 0 0 0 0 0 0 0 0 0 0 0.4 4 0 0 0 0 0 0 0.4 0 0 0 0 0 0 0.4 0 0 0 0 0 0 0 0 0 0 0 0.2 0 0.4 0 0 0 0.2 0 0 0 0 0 0 0.8 0 2.2 0.2 0 0 2 0 6.4 19.400000000000002 0 0.2 0 0.2 3 0.2 2.2 0 2.6 0 0.2 0 0 0 0 0.4 0 0 0 0 0 0 0 0 0 0 0 0 0 0 0 0 0 0 0.4 0 0 0 0.4 0 0.2 0 0 0 0 0 0 0 0 0 0 0 0 0 0 0 0 0 0 0 0 0 0 0 0 0 0 0 0 0 0 0 0 0 0 0 0 0 0.4 0 0 2 0 1.6 0 0.2 0 0 0 0.4 0 0 0 0 0 0 0 0 0 0 0 0 0 0 0 0 0 2.2 0 0 0 0 0 0 0 0 0 0 0 0 0 0 
 50 26.8 13 20.200000000000003 24.200000000000003 13.8 34.6 35.4 35.4 30.400000000000002 16.400000000000002 3.2 23.8 0 24.400000000000002 50.800000000000004 53.800000000000004 150.6 40.6 15.600000000000001 0 0.6000000000000001 0.4 0 40.800000000000004 0.4 0 0.8 0 0 0 0 0 0.2 0.8 0 0 1.2000000000000002 0.4 0 0 0 1.2000000000000002 0 0 0.4 0 0 0 0 0.6000000000000001 0 0.4 0 0.4 0.4 0 0.4 0 0 0 0 0 0 2 0 0 1.4000000000000001 0 0.4 0.6000000000000001 0.8 1.6 0.4 0.4 0 0 0.2 0.8 0 0 3 2.6 6 2.4000000000000004 0 2.8000000000000003 0.2 3.4000000000000004 3.2 3.2 2.4000000000000004 0 2.2 0.2 2.8000000000000003 3.8000000000000003 3.8000000000000003 5.6000000000000005 3.2 0 0 0 0 0 0 0.2 0.4 0 0 0.2 0 0 0 0 0 0 0 5.800000000000001 0 0 0 0 0 0 0 0 0 0 0 0 0 0 0 0 0 0 0 0 0 0 0 0 0 0 0 1.4000000000000001 0 0 0 0 0 0 0 0 0 0 0 0 0 11.600000000000001 0 2.6 0 3.2 0 6.2 4.2 1.8 4 2.8000000000000003 0 0 0 3.2 2.2 3.2 0 1.4000000000000001 2 0 0 0 1.6 0 0 0 0 0 0 0 0 0.2 0 0 0 0.4 0 0 0 0 0 0 0 0 0 0 0 0 0 0 0 0 0 0 0 0 0 0 0 0 0 0 0 0 0.4 4.4 0 0 0 0 0 0 0 0 0 0 0 0 0 0 0 0 0 0 0.4 0.4 0.2 18 0.2 0.2 1.4000000000000001 0 0 0 0 0 0 0 0 0.6000000000000001 0 0 0 0 0 0 0 0 0 0 0 0 0 0 2.2 2 0 0 0 0 0 0 0 0 0 0 0 0 0 
 50.6 34 38.2 77.60000000000001 78.80000000000001 35 75.2 60.400000000000006 123.60000000000001 48.400000000000006 31.200000000000003 25 9.8 24.400000000000002 0 17.2 6 48.400000000000006 18 48.2 0 0.4 0 0 0 0 0 0 0 0 0 0 0 0.2 0 0 0 0.2 0.4 0 0 0 0 0 6 0.6000000000000001 0 0 0 0 0.6000000000000001 0 0.6000000000000001 0 1.8 0.4 0 0.4 0 0 0 0 0 0 1.2000000000000002 0 0 0.4 0 0 0.2 0 0.6000000000000001 0.6000000000000001 0 0 0 0 0 0 0 17.2 5.800000000000001 7.2 3.2 1.6 13.4 9.8 3.4000000000000004 2.2 0 2 0.2 8 4.800000000000001 15.4 0 6.6000000000000005 2 0 0 0 0 0 0 0 0 0 0 0 0 0.2 0 0 0 0 0 2 3.4000000000000004 6.2 0 0 0 0 0 0 0 0 0 0 0 0 0.4 0 0 0 0 0 0 0 0 0.4 0 0 0 0 0 0 0.2 0 0 0 0 0 0 0 0 0 0 0 4 3 0 2.8000000000000003 1.8 0 5.800000000000001 3.8000000000000003 3 4.800000000000001 11.600000000000001 0 0 7.4 3.2 3.4000000000000004 4.4 2.2 1.2000000000000002 5.4 0 0 0 0 0 0 0 0 0 0 0 0 0 0.2 0 0 0 0 0 0 0 0 0 0 0 0 0 0 0 0 0 0 0 0 0 0 0 0 0 0 5.4 0 0.4 1.6 0 0 2.8000000000000003 0 0 0 0 0 0 0 0 0 0 0 0 3.6 0 0 0 0 0 0.4 17.400000000000002 0.4 17.400000000000002 1.2000000000000002 0 0.8 0 0 5.800000000000001 0 0 0 0 0 14.600000000000001 0 0 0 0 0 0 0 0 0 0 0 0 0 0 0 0 0 0 0 0 0 0 0 0 0 0 0 0 0 
 8.200000000000001 24.6 22.6 29.200000000000003 62.2 70 50.400000000000006 42 94.60000000000001 36.6 54.2 45 25.200000000000003 50.800000000000004 17.2 0 41.400000000000006 90.60000000000001 10 31.8 0 0.6000000000000001 0 0.4 0 0.4 0.2 0.6000000000000001 0.4 0 0.4 0.4 0 0 0 0.4 0.6000000000000001 0 15.600000000000001 15 0 0 0 0 0 1 0 0 0 1 0.6000000000000001 0 0.4 0.2 0.8 0.4 0 0.4 0 0 0 0 0 0 0 0 0 0.6000000000000001 0 0 0.6000000000000001 0 0.4 10.8 0 0 0 14 0 0.2 0 0.2 8.4 4.6000000000000005 3.4000000000000004 2.8000000000000003 0 0.2 7.2 2.2 0 3 0 0 0 1.2000000000000002 0.2 7.800000000000001 0 0 0 3 0 0 0 0 1.2000000000000002 0 0 0 0 0 0 0 0 0 0 0 6.2 0.2 0 0 0 0 0 0 0 4.800000000000001 0 0 0 0.6000000000000001 0 0 0 0 0 0 0 0 0 0 0 0 0 0 0 0 0.6000000000000001 0 0 0 0 0 0 0.6000000000000001 0 1.4000000000000001 0 0 0 1.8 2.2 0 3.8000000000000003 6.6000000000000005 0 0 4.2 5 2 2.8000000000000003 0 2.2 0 2 3 4.6000000000000005 0 0 0 0 0 0 0 0 0 0 0 0 0 0 1.8 0 5.2 0 0 0 7.800000000000001 0 0 0 0 0 0 0 0 0 0 0 0 0 0 0 0 0 0 0 0 0 0 0 0 0 2.6 0 0 0 0 0 0 0 0 0 0 0 0 0 0 0 0 0 0 0 0 0.6000000000000001 17.2 0 0 38 0 1.2000000000000002 0.4 0 0 0 0 0 0 0 0 0 0 0 0 0 0 0 0 0 0 0 0 0 0 0 0 4.4 0 0 0 0 0 0 0 0 0 0 0 0 
 40.2 59 15.200000000000001 9.8 7.800000000000001 29 28.400000000000002 27.6 7.800000000000001 25.400000000000002 33.2 32.4 8.200000000000001 53.800000000000004 6 41.400000000000006 0 53.2 27.200000000000003 20.400000000000002 0 0.4 0.2 0 0 0 0.4 0 0.2 0 0 0 0 0 0.2 0 0.4 0 0.2 0 0 0 0 0 0 0.6000000000000001 0 0 0 0.2 0.6000000000000001 12.600000000000001 0.6000000000000001 0.2 0 0.4 0 0.4 0 0 0 0 0 0 0 0 0 0.4 0 0 0.2 0 0.6000000000000001 0.6000000000000001 0 0 0 0.2 0 0 4 0 6 6.6000000000000005 0 5.4 2.8000000000000003 2.8000000000000003 3.2 9 3.4000000000000004 10.200000000000001 0 6.800000000000001 11.4 4.2 1.2000000000000002 4.2 2 2 0 0 0.2 2.6 0 0 0 0 0 0.4 0 0 0 0 0 0 0 3.6 5.2 4 0.4 0 0 0 0 0 0 0 0.4 0 0 0 0 2.4000000000000004 0 0 0 1.8 0 0 0 0 0 0 0 0 0 0.8 2.4000000000000004 0 0 0 0 0 0 0.8 0 0.8 0 0 0.2 9.600000000000001 4 5.4 4.6000000000000005 0 0 0.8 1.4000000000000001 3 3 6 1.8 0 0 0 0.4 10.8 0 0.2 0 0 0 0 0 0 0 0 0 0 0 0 3 0 4 0 0 0 4.4 0.2 0 0 0 0 0 0 0 0 0 0 0 0 0 0 0 0 0 0 0 0.2 0 0 0 0 0 0 0 0 0 0 0 0 0 0 0 0 0 0 0 0 0 0 0 0 0 0 0 0 0.4 0.4 3.2 1 17.2 0 0.4 0 0 0 0 0 0 0 0 0 0 0 0 0 0 0 0 0 0 0 0 0 0 2.4000000000000004 0 0 0 0 0 0 0 0 0 0 0 0 
 48.800000000000004 9.200000000000001 64.8 47.2 40.2 54.2 28.6 26.400000000000002 28.8 10.600000000000001 20.200000000000003 27.400000000000002 5.800000000000001 150.6 48.400000000000006 90.60000000000001 53.2 0 4.6000000000000005 27 0 0.4 0 0 0 0 0.4 0 0 0 0.4 0 0.2 0.2 0 0 0 0.4 30 0.2 0 29 0 0 0 0.4 0 0 0 0 0.6000000000000001 0 0.4 0 7 0.4 0 0 0 0.4 0 0 0 0.8 0 0 0 1.4000000000000001 0 0 0.6000000000000001 0 0.4 0.6000000000000001 0 0 0 0 0 0 4.6000000000000005 3 3.6 8.200000000000001 0 15 2.8000000000000003 6.6000000000000005 13.200000000000001 14.8 7.800000000000001 7.2 0 0 2.6 3.4000000000000004 3.6 7 0 0 3 0 0.2 0 0 0 2 0 0 0 0 0 0.2 0 2.8000000000000003 0 0.2 0 4.4 2 0 0 0 0.4 0 0 0 0 0 0 0 0 0 0 0 0 0 0 0 0 0 0.4 0 0 0 0 0 0 2.2 0 0 0 0 0 0 1.2000000000000002 3.2 1.2000000000000002 0 0 2 0 2 4.4 3.2 0.8 3.4000000000000004 0 0 5.4 0.2 0.4 0 11 0 1 7 3.8000000000000003 0 0 0 0 0.4 0 0 0 0.2 0 0 0 0 0 2.2 0 4.2 0 0 0 0.2 0 4.6000000000000005 0 0 0 0 0 0 0 0 0 0 0 0 0 0 0 0 0 0.2 0 0 0 0 0.4 0 0 0 0 0 3.2 0 4.2 0 0 0 0 0 0 0 0 0 0 0 0 0 0 1.4000000000000001 0.6000000000000001 0.6000000000000001 17.6 4.4 3.4000000000000004 0 0 0 0 0 0 0 0 0 0 0 0 0 0 0 0 0 0 0 0 0 0 0 5 0 4.2 0 0 0 0 0 0 0 0 0 1.2000000000000002 0 0 
 80.4 28 6.4 16.2 15.8 11.200000000000001 68.8 11.8 37.2 22.400000000000002 35.6 7.6000000000000005 33 40.6 18 10 27.200000000000003 4.6000000000000005 0 52.2 0.2 0.4 0.2 0 12 0 0.4 0 0 0 0 0 0.2 0.2 0.2 0 0 0 0 0.2 0 0 0 0 0 0.6000000000000001 0 0 0 0 0.6000000000000001 0 0.6000000000000001 0 0 0.4 0 0.4 0 0 0 0 0 0.4 0 0 0 0.6000000000000001 0 0 0.4 0 0.6000000000000001 2.2 0.2 0 0 0 0 0 0.2 6.6000000000000005 4 1.8 0.2 0 2.8000000000000003 0.4 1.6 8 0 0.6000000000000001 0 6.6000000000000005 0 2.6 0.2 0 6 1 0 0 0 0 0 0 0 0 0 0 0 0 0 0 0 6.4 0 0 0 0 0 0 0 0 0 0 0 0 0 0 6.800000000000001 0 0 0 0 0 0 0 0 0 0 0 0 0 0 0 0 0 0 0 0 0 0 0 0 0 0 0 0.4 0 6 3.4000000000000004 1 3.8000000000000003 0 0 3.4000000000000004 2.8000000000000003 0 7.6000000000000005 2.8000000000000003 3 0 0 0.2 0.6000000000000001 2.8000000000000003 0 1.4000000000000001 0 0 0 0 0 0 0 0 0 0 0 0 0 5.6000000000000005 0 0 0 0 0 0 0 0 0 0 0 0 0 0 0 0 0 0 0 0 0 0 0 0 0 0 0 0 0 0 0 0 0 3 0 0 0 0 0 0 0 0 0 0 0 0 0 0 0 0 0 0 0.2 0 0.2 17.400000000000002 17.8 0 1.6 0 0 0 0 0 0 0 0 0 0 0 0 0 0 0 0 0 0 0 0 0 0 0 0 0 0 0 0 0 0 0 0 0 0 0 0 0 0 
 24.6 47.6 23.8 29.8 13.200000000000001 10.4 37.6 36.800000000000004 38.6 30.8 60.2 6.800000000000001 38.6 15.600000000000001 48.2 31.8 20.400000000000002 27 52.2 0 0 0.4 0 0 0 0 0 0 0 0 0 0 0 0.2 0 0 0 0.2 3.8000000000000003 0 0 0 0 0 0 0.6000000000000001 0 0 0 0 0.6000000000000001 0 0.6000000000000001 0 0 0.4 0 0.4 0 0 0 0 0 3 0 0 0 0.4 0 0 0.2 0 0.6000000000000001 0.6000000000000001 0 0 0 0 9.4 0 2.8000000000000003 6 4.800000000000001 3.8000000000000003 2.2 0 2.8000000000000003 8 2.6 4.2 3.2 5.2 0 5 7.6000000000000005 4.800000000000001 2.4000000000000004 2.4000000000000004 5 0 0 0 0 0 0 0 0 0 0 0 0 0 0 0 0 0 0 0 0.2 2.6 0 0 0 0.4 0 0 0 0 0 0 0 0 0 0 0 0 0 0 0 0 0 0 0 0 0 0 0 0 0 0 0 0 0 0 0 0 0 0 0 0 1.2000000000000002 13.200000000000001 1.8 2.4000000000000004 0 0 1.4000000000000001 5 2 0.4 3 0.4 0 1.8 2.4000000000000004 2.4000000000000004 0 0 0.2 12.600000000000001 0 2 0 0 0 0 0 0 0.2 0 0 0 0 0 0 0 0 0 0 0 0 0 0 0 0 0 0 0 0 0 0 0 0 0 0 0 0 0 0 0 0 0 0 0 0 0 0.2 0 0 2 0 0 0 0 0.2 0 0 0 0 0 0 0 0 0 0 0 0 0 18.6 9.600000000000001 0 2 0 0 0 0 0 0 0 0 0 0 0 0 0 0 0 0 0 0 0 0 0 0 0 0 0 0 0 0 0 0 0 0 0 0 0 0 0 0 
 0.4 0.4 0.4 0 0 0.4 0 1.4000000000000001 1.2000000000000002 0 0 0 0 0 0 0 0 0 0.2 0 0 31 18.6 5.800000000000001 21 3.4000000000000004 33.6 47.400000000000006 14 20.8 48.2 5 9.8 25.6 20.8 32.2 24.400000000000002 16.400000000000002 65.8 21.400000000000002 0 0 0 0 0 0.8 0 0.6000000000000001 0 0 0 0 0.4 0 0 0 0 1 0 0.2 0.4 0 0.6000000000000001 0 0.6000000000000001 0 0 0.6000000000000001 0.2 0.6000000000000001 9.200000000000001 1.2000000000000002 0 0 1.6 1 0 0.6000000000000001 9.8 0 0 0 0 0 0 2.2 0 0 0 0 0 1.4000000000000001 0 0 0 0 0 0 0 0 6.4 4.4 4.6000000000000005 4.4 0.2 3.8000000000000003 3.4000000000000004 2.2 1.4000000000000001 7.800000000000001 2 11.8 2.2 8.4 0 2 0 2.6 0 3.8000000000000003 0 0 0 0 0 0 0 0.2 0 0 0 0 0 0 0 0 0 0 0 0.2 0 0 0 0 0 0 0 0 0 0 0 0 0 0 0 0 0.2 0 0 0 0 0 0 0 0 0.2 0 0 0 0 0 0.2 0 0 0 0 0 0 0 2.8000000000000003 0 4 0.2 0.2 0 0.4 1.6 2 6.4 0.2 0 0 0.8 8.4 3.2 0.2 9.200000000000001 0.2 0 0.4 0 0 0 0 0 0 0 0 0 0 0 2 0.6000000000000001 0.2 0 0 0 0 8 1.6 0 0 0 0 0 0 0 0 0.2 0 1.8 0 0 0 0 0 0 0 0 0 0 0 0 0 0 0 0 0 0 0 0 0 0 0 2.2 0.4 0 0 0 0 0.2 0.4 0.2 0 0 0 3.4000000000000004 0 0 0 0 0 0 0 0 0 0 0 0 1.2000000000000002 0 0 0 0 0 0 0 0 0 0 
 0.4 0.4 0.6000000000000001 0.4 0.4 0.6000000000000001 0.4 0.4 0.4 0.4 0.4 0.4 0.4 0.6000000000000001 0.4 0.6000000000000001 0.4 0.4 0.4 0.4 31 0 34.6 10.4 82 7.4 53 33.2 27.200000000000003 38.6 15 39.6 6.2 12.600000000000001 9.8 28.8 33 40.2 11.4 46.400000000000006 0 0 0 0 0 0.8 23.8 0.6000000000000001 1.8 0 0.6000000000000001 0.6000000000000001 0.2 0.2 0.4 0 0 0.6000000000000001 13.200000000000001 0.4 0 0 0.6000000000000001 0 0 0.6000000000000001 0 0 0 0.6000000000000001 9.4 0 0 0 0.4 0.8 0.6000000000000001 0.4 0 0.4 0 0 0 0 0 0 0 0 0 0 0 0 0 0 0 0 0 0 0 0 0 6.2 1.8 1 3 5.4 0 0 10.4 3.6 4 5.2 0 3.8000000000000003 0.8 9.4 0 6 0 0 0.2 0 0 0 0.2 0 6.800000000000001 0 0 0 0 0 8.200000000000001 0 0 0 0 0 1.4000000000000001 2.8000000000000003 0 0 0 0 0 0.6000000000000001 0 0.2 0.4 0 0 0 0 1 0 0 0 0 0 0 0 0 4 0 0 1 0 0.6000000000000001 0 0 0 0 1 0 0 0 0 0 0 0 0 2 2 5.2 6.2 5.6000000000000005 0 3.4000000000000004 5.800000000000001 5.4 5.2 3.6 0 0 0.4 1.6 0 5.6000000000000005 0 0.2 1.8 0 0 0.2 0 0 0.2 3.6 4.2 0 0 0 7.4 3 0 0 0 0 3.8000000000000003 2.8000000000000003 0 0 0 0 0 0 0 0 0 0 0 0 0 0.4 0 0 0 0 0 0 0 0 0 0 0 0 0 0 0 0 0 0 0 0 1 0.2 0.2 0.2 30.400000000000002 0 2.2 0.6000000000000001 0 0 0 0 0 0 0 0 0 0 0 0 0 0 0 0 0 2.2 0 0 0 0 0 0 0 0 0 3.8000000000000003 
 0 0 0 0 0 0 0 0 0 0 0.2 0 0 0.4 0 0 0.2 0 0.2 0 18.6 34.6 0 51.6 26.400000000000002 8.6 37 41.400000000000006 30.8 25.200000000000003 41 5.800000000000001 23.6 43.2 24.8 26 22.400000000000002 41 5.6000000000000005 37.4 0 0 0 0 0 0 0 1 0 0 1 0 6.800000000000001 0 0 0 0 1 0 0.2 0 0 0.6000000000000001 0 0 0.8 0 0 0 0.6000000000000001 0.2 0 0 0 0.6000000000000001 0.4 0 1 0 0 0 0 0 0 0 0 0 0 0 0 1.8 0 0 0 0 0 0 1.8 0 0 0.2 5.2 1.8 1.8 0 0 0 2.8000000000000003 0 0 1.6 2.4000000000000004 2.4000000000000004 12.600000000000001 5.6000000000000005 0.4 0 4.4 0 0 2 0 0 0 0 0 1.6 13.8 0 0 0 0 0 2.4000000000000004 0 0 0 0 0.2 4.6000000000000005 0.4 0 0 0 0.6000000000000001 0 0 0 0 0 0 0 0 0 0 0 0 0 0 0 0 0 0 0 0 2.6 0 0.4 0 0 0.2 0 0.8 1.8 0 0.4 0 0 0 0 2.4000000000000004 1.8 4.4 5.800000000000001 3.2 0 0 4.4 0.4 3 2.8000000000000003 0.2 0.4 0 0 0.2 1.8 4.6000000000000005 1.8 1 0 0 0.2 0 0 0 0 2.8000000000000003 0 0 0 0 1.6 0 4 4.2 0 0 2.6 2.2 0 0 0 0 0.2 0 0 0 0 0 0 0 0 0 0 0 0 0 0 0 0 0 2.4000000000000004 0 0 0.4 0 0 0 0 0 0 0 0 0.6000000000000001 0 0.2 15.4 8.4 0 1.8 0 0 0 0 0 0 0 0 0 0 0 0 0 0 0 0 0.4 0 0 0 0 0 0 0 0 0 0 0 0 
 0 0.4 0.4 0 0 0 0 0 0 0 0.6000000000000001 0.4 0.4 0 0 0.4 0 0 0 0 5.800000000000001 10.4 51.6 0 70.60000000000001 53.2 19.200000000000003 58.6 33.2 16.8 41.800000000000004 25 75 12.200000000000001 24 18.2 13.600000000000001 20.400000000000002 18.400000000000002 15 0 0 0.4 0 0 0 0.2 14 0 0 1 0 0.4 0 0 0 0 0.6000000000000001 12.4 15.200000000000001 0 0 11 0 0.2 1.6 0 0.8 0 0.6000000000000001 1.8 0.4 0 0 2.4000000000000004 1.2000000000000002 0 1 0 0.2 0 0 0 0 0.6000000000000001 0 0 0 0 0.2 0 0 0 0 0 0 0 0 0 0 0 0 0 5 0 6.6000000000000005 0 2.4000000000000004 2.2 0 0 10.8 2.8000000000000003 0 3.2 3 0 7.6000000000000005 0 0.6000000000000001 0 0.2 0 0 0 0 8.6 0 0 0 0 0 3.6 2.6 3.4000000000000004 0 0 1.2000000000000002 0 5.2 0 0 0 0 0 0 0 1 0 0 5.4 0 0 0 0 0 0 0 3.4000000000000004 0 0.2 0 0 0 0 1.2000000000000002 0 0.6000000000000001 6.800000000000001 0 0 0 1 0 0 0 0 0 0 0 0 2 0.2 5.2 2.8000000000000003 5.4 0 2.8000000000000003 4 0.2 0.2 1.8 0 2.6 0 3.6 5.4 2.2 2.4000000000000004 1.4000000000000001 1.8 0 3.8000000000000003 0 0 0 3.8000000000000003 5.6000000000000005 0.8 0 0 0 2 2.6 3.8000000000000003 2.2 3 0 0.2 4.800000000000001 0 0 0 0 0 0 0 0 0 0 0 0 0 0 0 0 0 0 0 0 0 0 2.4000000000000004 0 0 0 0 0 0.4 0 0.2 0 0 0 0 0.4 0.4 0.2 16 0 3.6 1 0 0 0 0 0.2 0 0 0 0 0 0 0 0.2 0 0 0 0 0 0 2.2 0 0 0 2.4000000000000004 0.8 0 0 0 
 0 0.8 0 0 0 0.6000000000000001 0 0 1.2000000000000002 0 0 0 0 40.800000000000004 0 0 0 0 12 0 21 82 26.400000000000002 70.60000000000001 0 13.4 22.200000000000003 42.800000000000004 28.400000000000002 44.400000000000006 93.2 48.2 98 38.2 19.200000000000003 27.6 10.4 69.4 16.400000000000002 28.200000000000003 5.6000000000000005 0 0 0 0 0.2 25.400000000000002 0.6000000000000001 0.6000000000000001 5.800000000000001 0.2 0 16.8 1 0 0.2 0 0.6000000000000001 0 12.600000000000001 0 0 0.6000000000000001 0 0 0 0 0 0 0.6000000000000001 0.2 0 0 0 0.6000000000000001 0.4 1.4000000000000001 0.6000000000000001 0 0.8 0 0 0 0 0 0 0 0 0 0.4 0 0 0 0 0 0 2.6 0 0 0 0 1.8 0 1.4000000000000001 1.8 1.8 0 0.4 0 2 6.4 4.6000000000000005 0.2 3.2 3.6 5 1.6 0 0 0.2 4.4 0 0 0 0 0 3 2.6 2.8000000000000003 0 0 0 3.8000000000000003 2 0.2 0 0.2 0 6.4 2.2 0 0 0 0 0 3.8000000000000003 0 0 0 0 0 0 0 1.2000000000000002 0 0 0 0 0 0 0.2 0 0 0 0 0 0 0 0 0 0 0 0.2 0 0 0 0 0 0 0 0 2.4000000000000004 1.2000000000000002 5.800000000000001 6.2 2 0 2.2 2.2 7.800000000000001 5.2 0 0.4 3.8000000000000003 0 2.8000000000000003 5.2 10.600000000000001 0 0 0.8 0 0.2 0 0 0 3.6 4.2 0 0 0 0 1.6 3.4000000000000004 2.8000000000000003 0 1.2000000000000002 0 2 0 0 0 0 0 0 0 0 0 0 0 0 0 0 0 0 0 0 0 0 0 0 0 0 0 0 0 0 0 0 0 0 0 0 1.6 1 0.2 0 31 0.8 0.4 1 0 0 0 0 0 0 0 0 0 0 0 0 3.8000000000000003 0 0 0 0 0 0 0 0 0 0 0 0 0 0 0 0 
 0 0.6000000000000001 0.2 0 0 0 0 0 1.2000000000000002 0 0 0 0 0.4 0 0.4 0 0 0 0 3.4000000000000004 7.4 8.6 53.2 13.4 0 5.2 93.60000000000001 24.6 110.4 34.800000000000004 30.200000000000003 7 13.200000000000001 51.400000000000006 70 24.400000000000002 8.200000000000001 15.600000000000001 9.600000000000001 0 24 12.200000000000001 0 0.2 0 25.200000000000003 12.4 12.600000000000001 0 0 12.4 2.2 0.2 22.8 13 4 0.6000000000000001 0.4 0 0 0 0.6000000000000001 0 0 0 1.2000000000000002 0 0 1.8 0.2 0 0 1 0.6000000000000001 0.4 0 0.6000000000000001 0 0 0 0 0 0 0 0 0 0 0 0 0 0 0 0 0 0 0 0 0 0 0.4 0 0 0 2 8.8 0 0 2.6 0 1.6 3.4000000000000004 0 0 0 2.6 0 2.4000000000000004 0 0 0 11 10.4 0 0 0.2 6.6000000000000005 4.4 4.2 2.2 5.6000000000000005 0 5.800000000000001 1.4000000000000001 9.600000000000001 15.600000000000001 4.2 2.2 0 0.2 0 3.6 0 0 0 3.2 0 0 0 0 0 0 0 1.4000000000000001 0 0 0 0 0.2 0 0 0 0 0 0 0 0 0 0 0 0 0 0 0 0 0 0.2 0 0 0 0 0 0 2.6 0 1.8 0 0 0 0 6.2 0 0 0 0 0 0 0 0 0 2.6 4.4 4.2 14.600000000000001 0 0 0 0 2.6 0.2 4 0 0 4.4 0 2.4000000000000004 3.8000000000000003 2.4000000000000004 1.6 0 0 0 0 0 0 0 0 0 0 0 0 0 0 0 0 0 0 0 0.2 0 0 0 0 0 0 0 0 0 0 0 0 0 0 0 0.4 0 0 0 0.8 0 0 0 0 0 0 0 0 0 0 0 0 0 0 4.2 0 0 0 0 0 0 0 0 0 0 5.4 0 0 0 0 0 
 0 0 0 14 0 16.400000000000002 0 0 0 0 0.2 15.200000000000001 0 0 0 0.2 0.4 0.4 0.4 0 33.6 53 37 19.200000000000003 22.200000000000003 5.2 0 45.6 12.200000000000001 32.2 108.80000000000001 51.400000000000006 37.800000000000004 39.800000000000004 8.6 66.60000000000001 68.2 36.800000000000004 15.8 56.800000000000004 0 0 0 0 0 0 12 0.6000000000000001 1.2000000000000002 1.2000000000000002 0 0 0.4 0 0 0 0.4 0.8 0.2 0.4 0 0 0.6000000000000001 0 0 0 0 0 0 0.6000000000000001 9.200000000000001 9.4 0 0 0.6000000000000001 0.4 0 0.6000000000000001 0 0 0 0 0 0 0.2 3.8000000000000003 0 0 0 0 9.200000000000001 0 0 0 0 0 0.2 0 0 0 0.2 12 1.8 5.2 6.2 0.6000000000000001 0.2 0.4 3.6 7 2.8000000000000003 5.2 1.6 15.200000000000001 6.800000000000001 11.8 2 0 0.2 0.6000000000000001 0 0 0 4 0 0 0 0 0 0 0 0 1.6 0 0 0 0 0 8 0 1.2000000000000002 0 0 0 0.4 0 0 0 0 0 0 0 0 0 0 0 0 0 0 0 0 0 0 0 0.2 2.8000000000000003 0 0 0 0 0 0 0 0 0 0 0 0 0 0 2.8000000000000003 1 0 0.2 0.2 0 0 4.4 1.8 4 0 0.2 0 0.2 2.8000000000000003 4 0.6000000000000001 6.2 2 5 0 0 0 0 0 0 0 0 0 0 0 0 2.6 0 0 0 0 0 0.2 0 0 2.4000000000000004 0 0 0 0 0 0 0 0 0 0 0.2 0 0 0 0 0 0 0 0 0 0 0 0 0 0 0 0 0 0 0 0 0 1 0 0 0 8 0 1 0 0 0 0 0 0 0 0 0 0 0 0 0 0 0 0 0 0 1.8 0 0 0 0 0 0 0 0 0 0 
 0 0.6000000000000001 0.6000000000000001 0 25.8 16 0 0 0.4 0 15.8 17.6 0 0.8 0 0.6000000000000001 0 0 0 0 47.400000000000006 33.2 41.400000000000006 58.6 42.800000000000004 93.60000000000001 45.6 0 41.800000000000004 8.200000000000001 9 48.2 55.2 45.2 42.2 32.2 21.6 21 52.2 40.800000000000004 0 0 0 0 0 0 0 0.6000000000000001 1.2000000000000002 1 0.2 0 0.2 0 0 0 0 0.6000000000000001 0 0.8 0 0 0.6000000000000001 0 0 0 0 0 0 0.6000000000000001 0 1.8 0 5.800000000000001 1.4000000000000001 0.6000000000000001 0 0.6000000000000001 0.8 0 0 0 0 0 4.2 0 0 2.8000000000000003 0 0 0.2 0 0 0 0 0 0 0 0 3.8000000000000003 11.4 4 18.2 6.4 0 0.2 5.800000000000001 2 1.8 2 2.6 2.2 0.2 2.8000000000000003 0.4 3.2 12.4 2.8000000000000003 2.4000000000000004 3 0 0.2 0 0 0 0 0 0 0 0 0 0 1.6 0 0 0 0 0 3.6 0 0 0 0 0 0 0 0.4 0 0 0 0 0 0 0 0 0 0 0 0 0 0.8 0 0 0 0 3.2 0 0 0 0 0 0 0 0 0 0 0 0 0 0 0 6.800000000000001 2 3 0.2 0 4.4 7.2 7.2 3.6 0 0 2.6 6.4 0 0.4 10.200000000000001 13.200000000000001 0 4.6000000000000005 0 0 0 0 0 1 0 0 0 0 0 0 0 0 0 0 0 0 0.2 0 0 0 0 0 0 0 0 0 0 0 0 0 0 0 0 0 0 0 0 0 0 0 0 0 0 0 15.8 0 0 0 0 0.2 0 0 0 0.4 0 0 8 1 0.6000000000000001 0.2 0 0 0 0 4 0 0 0 0 0 0.4 0 0 0 0 0 0 0 0 0 0 0 0 6.6000000000000005 0 0 0 0 
 0 0 1 0 0 0.4 0 0 0 0 0 0 0 0 0 0.4 0.2 0 0 0 14 27.200000000000003 30.8 33.2 28.400000000000002 24.6 12.200000000000001 41.800000000000004 0 23.8 83 8 19.8 36.4 78 79 20.8 5.2 19.200000000000003 53 12.8 0 0.2 0 0 0 0 0.6000000000000001 0.6000000000000001 0 2.6 12.600000000000001 0.4 0 0 0 0 0.6000000000000001 13 0.2 0 0 1 0 0 0 0.4 0 0 0.6000000000000001 1.6 1.4000000000000001 0 11 1 0.4 0 0.6000000000000001 0 0 0 0 0 0 0 0 0 0 0 0 0 0 0 0 0 0 0 0 0 0 6.2 1.4000000000000001 13.4 2.4000000000000004 2.4000000000000004 6 0 3 3.6 3.6 3.8000000000000003 8 0 3.2 2.8000000000000003 1.8 0.2 15.600000000000001 0 0 1.4000000000000001 0 0 0 0.4 0 7 0 2.6 0 0 0 3 3.2 0 0 0 0 6.4 6.6000000000000005 0 0 0 0 0 2.6 0 0.4 0 0 0 0 0 0 0 0 0 0 0 0 0 0 0 0 0 0.2 0 1.4000000000000001 0 0 0 0 0 0 0 0 0 0 0 0 2.8000000000000003 0 1.4000000000000001 0.2 10.200000000000001 3 0 0 0 0 6.2 2 0 15.8 4.6000000000000005 5.800000000000001 2.8000000000000003 0 0 1.6 2.6 0 0 0.4 0 0 1.6 0 2 0 0 0 1.8 0 3 1.6 0 0 2.8000000000000003 3.2 0 0 0 0 0 0 0 0 0 0 0 0 0 0.2 0 1.4000000000000001 0 0 0 0 0 0 4 0 0 0 0 0 0 0 0 0 0 0 1.2000000000000002 0 0.4 4.4 0.2 0.2 0.2 1.8 0 0 0 0 1.6 0 0 0 0 0 0 2.4000000000000004 0 0 0 0 0 0 0 4.2 0 0 0 0 0 0 0 0 
 0 0.4 41.400000000000006 0 0 0 0 0 0 0 0 0.2 0.2 0 0 0 0 0 0 0 20.8 38.6 25.200000000000003 16.8 44.400000000000006 110.4 32.2 8.200000000000001 23.8 0 38.800000000000004 25.8 26.400000000000002 47.2 38.400000000000006 104.60000000000001 43 9.8 62.2 17 0 0 0.2 0 0 0.8 4.6000000000000005 0.8 0.4 0 0.8 0 0.2 13.200000000000001 0 0 0 0.6000000000000001 0.2 0.4 0 0 0.6000000000000001 0 0 0 0 0 0 0.6000000000000001 19 0 0 0 0.4 0.6000000000000001 0 0.6000000000000001 0 0 0 0 0 0 0 0 0 0 0 0 0 0 0 0 0.2 0 0 0 0 0 0 2 2 2 15.200000000000001 0 0.2 2.8000000000000003 2.8000000000000003 7.4 2.2 0 0 7.6000000000000005 6.4 7 0 0.2 0 0 0 0 0 0 0 0 0 4.6000000000000005 0 0 0 0 8.4 0 0 0 0 0 4.2 3 0 0 0 0 0 2.6 0 0 0 0 0 0 0 2.2 0 0 0 0 0 0 0 0 0 0 0 2 0 4.2 3 0 0 0 0 0 0 0 0 0 0 0 2.4000000000000004 0.8 9.8 4.800000000000001 3.4000000000000004 0.8 0 0.2 1.6 4.800000000000001 3 0 0 2.8000000000000003 1.6 4.800000000000001 0.4 2.4000000000000004 0 1.8 5 0 0 0 0 0 1.6 0 2.2 0 0 0 5.6000000000000005 2.4000000000000004 0 0 0 0 2.6 0 0 0 0 0 2 0 0 0 0 0 0 0 0 0 0 0 0 0 0 0 0 0 0 0 0 0 0 0 0 0 0 0 0 0 0.8 0 0.2 0.6000000000000001 0.6000000000000001 0 0 0 0 0 0 0 0 0 0 0 0 0 0 0 0 0 0 0 0 2.2 0 0 0 0 0 0 0 0 0 0 
 0 0 0.2 0 0 0 0 0 0 0 0 0 0 0 0 0.4 0 0.4 0 0 48.2 15 41 41.800000000000004 93.2 34.800000000000004 108.80000000000001 9 83 38.800000000000004 0 30.8 27 47.400000000000006 15.4 101.4 61.6 16.6 8.8 37.6 0 0 0 0.6000000000000001 0 0 18.400000000000002 0.6000000000000001 0 0 0.8 0 0.6000000000000001 0.2 0 0 0.2 0.8 0.6000000000000001 0.4 0 0 0.6000000000000001 0 0 0 0 0 0 0.6000000000000001 9.200000000000001 0 0 0 0.6000000000000001 0.4 0.4 0.8 0 0 0 0 0 0 0 0 0 0 0 0 0 0 0 0 0 0 0 0 0 0 0 0 0 0 0.2 5.2 0 2.2 6.800000000000001 3.2 1.8 4.2 3.8000000000000003 0 5 4.2 0 3.2 0 0 3.6 8.200000000000001 0 0 0.4 0 3.2 0.2 0 4 0 0 2.4000000000000004 8 1.8 0 0 0 1.6 3.6 0 0 0 0 0 1 0 0 0 0 0 0 0 1.6 0 0 0 0 0.2 0 0 0 0 0 0.4 0.4 0 0 0 6.6000000000000005 0 0 0 0 0 0 0 0 0 0 0 0 1.6 7.4 12.8 1.6 0 1.2000000000000002 1.6 2.4000000000000004 4.2 0 0 2 0 2 4.800000000000001 2 0.2 1.8 9.8 0 0 0.2 0 0 0 0 2.6 0 0 0 4.4 2.2 2.8000000000000003 0.8 0 1.6 3.4000000000000004 5.4 0 0 0 0 0 0 0 0 0 0 0.4 0 0 0.2 0.2 0 0 0 0 0 0 0 3.8000000000000003 0 0 0 0 0 0 0 0 0 0 0 1.8 0 0.4 0 0 0 1 0 0 0 0 0 0 0 0 0 0 0 0 0 0 0 0 0 0 0.2 0 3.8000000000000003 0 0 0 2.8000000000000003 0 0 0 0 
 0.4 0 0 0 1 0 0 0 0 0.2 0 0 0 0 0 0.4 0 0 0 0 5 39.6 5.800000000000001 25 48.2 30.200000000000003 51.400000000000006 48.2 8 25.8 30.8 0 6.800000000000001 49.2 8.200000000000001 9.8 15.8 27.200000000000003 51.800000000000004 4.6000000000000005 12.8 0 0 0.2 0 0 0 0.6000000000000001 0 0 2.8000000000000003 0.2 2.6 0 0 0 0 0.6000000000000001 12.600000000000001 0.2 0 0 0.6000000000000001 0 0 0 0 0 0 0.6000000000000001 7 0.4 0 0 0.6000000000000001 0.4 0 0.6000000000000001 0 0 0 0 0 0 0 0 0 0 0 0 0 0 0 0 0 0 3.8000000000000003 0 0 0 0 2.4000000000000004 2.2 3.6 1.2000000000000002 3.6 0 0.2 4 4 1.8 6 0 4.4 3.8000000000000003 3 0 2.8000000000000003 0 0 5.2 5.800000000000001 0 0.2 0 0 7.6000000000000005 2.2 2.6 3.8000000000000003 1.6 0.2 0 0 10.4 0.8 0 0 3.8000000000000003 4.6000000000000005 0 0 0 0 0 0 0 0 0 0 0 0 0 0 0 0 2.4000000000000004 0 0 0 0.4 0 0 0 0 1 0 0 0 0 0 0 1.4000000000000001 0 0 0 0 0 0 0 0 0 0 0 2.4000000000000004 2.8000000000000003 0 0 1.6 0 4.800000000000001 2 0.8 0 3 3 4.4 0.6000000000000001 0 0 5.4 0.2 0 5.2 0 0 1.6 4 0 0 0 0 5 0 0 0 0 0.4 2.6 0 0.4 0 0 0 0 0 0 0 0 0 0 0 0 0 0 0 0 0 0 0 0 0 0.2 0 0 0 0 0 0 0 0 0 0 0 0.8 0.4 0 2.6 0.4 0.4 0.6000000000000001 0 0 0 0 0 0 0 0 0 0 0 0 0 0 0 0 0 0 0 0 3.6 0 0 3.8000000000000003 0 0 0 0 0 
 0 0.6000000000000001 0.4 0 0.4 0.2 0 0 0 0 3.2 18.2 0 0 0 0 0 0.2 0.2 0 9.8 6.2 23.6 75 98 7 37.800000000000004 55.2 19.8 26.400000000000002 27 6.800000000000001 0 54 33.2 27.400000000000002 5.2 42.2 63.6 74.60000000000001 0 0 0.2 0 0 0 0 0.6000000000000001 0 0 0 0 0.4 0 0 0 0 1 0 0.2 0 0 0.6000000000000001 0 0 0 0 0 0.6000000000000001 0.6000000000000001 0 0 0 0 0.6000000000000001 0.4 0 0.6000000000000001 0 0 0 0 0 0 0.4 2.2 0 0 0 0 4.4 0 0 0 0.2 0 2.8000000000000003 0 0 4 0.4 2.8000000000000003 1.8 1.8 0 0 3.2 5 0.2 0 2.2 0 2.4000000000000004 1.2000000000000002 7.2 0 6.800000000000001 0 1.2000000000000002 6.800000000000001 0 0.4 0 0 0 0 0 0 0 0 0.4 0 0 0 0 0 0 0 0 0 0 0 0 0 0 0 0.4 0 0 0 0 0 0 0 0 0.2 0 0.4 0 0 0 0 0 0 0 0.8 0 0 0 0 2.4000000000000004 5.6000000000000005 0 0 0 0 1.8 0 0 0 7 3.8000000000000003 0.2 1.6 0 0 4 6.2 3.8000000000000003 0 0 0 1 0.2 0.2 0 2.4000000000000004 0 4.6000000000000005 4.2 0 0 0 0 0 0 0 0 0 0 0 0 0 0 0 0 0 0 7.800000000000001 0.2 0 0 0 0 0 0.4 0 0 0 0 0 4 0 0 0 0 0 0.2 0 0 0 2.6 0 0 0 0 12.600000000000001 0 0 0 0 0 2.2 0 1.2000000000000002 0 0 0 0 0.4 0.4 0 0.8 0 0 0 0 0 0 0 0 0 0 0 0 2 0.8 0 0 0 0 0 0 0.2 0 0 0 0 0 0 
