 0 18.6 13.600000000000001 18.8 4.2 5.800000000000001 63.6 18.6 35.6 58.6 11.200000000000001 25.400000000000002 15.200000000000001 43 6.4 34 6.4 70 26.200000000000003 19 0 0 0.4 0 0 0.4 17.400000000000002 0.4 0 0 0.4 0 0 0.6000000000000001 0.4 0 0.4 0 0.4 0.4 0 0 0 0 0 0 0 0 0 0 0 0 0 0 0.6000000000000001 0 0.4 0.4 0.6000000000000001 0 0.4 0 0.4 0 0 0.4 0 0.6000000000000001 0 0 0 0 0 0 0.4 0 0 0 0.6000000000000001 0 3.2 0 4.800000000000001 3 0 0 2.8000000000000003 3.6 0.2 3.4000000000000004 0 4.4 4.2 0 7.6000000000000005 9.200000000000001 3.2 0 4.6000000000000005 0 0 0 0 0 0 0 0 0 0.4 0 2.6 0 0.4 0 0 0 0 0 0 0 0 2.4000000000000004 0 0 0 0 0 0 0 0 0 0 0 0 0 0 0 0.8 0 0 0 0 0 0.4 0.2 0 0 0 0 1 0 0 1.2000000000000002 0 0 1.4000000000000001 0 0.2 0 0 4 0 0 4.800000000000001 0 0 1.6 2.4000000000000004 0 0.2 3.2 5.2 2.4000000000000004 2.4000000000000004 0 2.6 1.6 0.2 2.4000000000000004 0.2 0 0 0 0 0 0 0 0 0 0 0 0 0 0 0 0 0 0 2.8000000000000003 0 0 0 0 0 0.4 0 0 0 0 0 0 0 0 0 0 0 0 0 0 0 0 0 0 0 0 0 0 0 0.4 0 0 0 0 0 0 0 0 0 0 0 0 0 0 0 0 0.4 18 0 19.200000000000003 0.6000000000000001 0.4 0.4 0 0 0 0 0 0 0 0 0 0 2.8000000000000003 6.4 0 12.8 0 0 0 0 0 0 0 0 0 2 4.2 0 0 0 0 0 0 0 0 0 0 0 0 0 
 18.6 0 25.400000000000002 17.2 72 13.600000000000001 95.2 73.60000000000001 34.4 11.600000000000001 4.6000000000000005 49.2 73.60000000000001 15.600000000000001 90.2 9 38.2 31 52.400000000000006 26.8 0 0 0.4 0 0 0.8 0 0 0 0 0.4 0 0 0.6000000000000001 0 0 0.4 0 0.4 0.4 0 1.2000000000000002 0 0.8 0 0 0 0 0 0 2 0 0 0 0.6000000000000001 0 0.4 0 0.6000000000000001 12 0.4 10.4 0.4 1.2000000000000002 0 0.4 0 0.6000000000000001 0 0 0 0 1.2000000000000002 0 0.4 0.4 0 1.2000000000000002 0.6000000000000001 0 4.2 7.6000000000000005 4 2.2 0 0 9.8 9.4 2 0.6000000000000001 3.8000000000000003 3.2 0 5.4 0.2 3 7 4.800000000000001 0 1.6 0 0 0 0 0 0 0 6.4 0 0 2.8000000000000003 1.2000000000000002 0.2 0 0 0 0 0 3 2.8000000000000003 0 0 0 0.2 0 0 0 0 0.4 0 0 0 0.4 0 0 1 0 2.6 0 0 0 0 0 0 0 0.4 0 0 0 0 0 0 0 0 0 0 0 0 1.8 0 0 0 1.6 1.8 2.6 4.4 7 3.2 2.2 0 0 11.4 0 5.4 0 1.4000000000000001 5.800000000000001 2 0 3.4000000000000004 0 0 0 0 0 0 4 0 0 0 0 0 0 0 0 0 0.2 0 8.8 2.2 0 0 0 0 0 0 0 0 0 0 0 0 0 0 0 0 0 0 0 0 0 0 0 0 0 0 0 0.2 0 0 0 0 0 0 0 0 0 0 0 0 0 0 0 0 0 0 0.4 0.4 0.2 0.2 0 1.6 7 0 0 0 0 0 0 0 0 0 0 0 0 0 0 0 0 0 0 0 0 0 0 0 0 0 0 0 0 0 0 0 0 0 0 0 0 0 
 13.600000000000001 25.400000000000002 0 39 38.2 6.4 13 56.6 48.400000000000006 34.2 12.200000000000001 44.400000000000006 64.4 7.4 50 29 77.80000000000001 12.200000000000001 24.400000000000002 13 14.8 0 0.2 0 0 0 0 0.2 0 0 0 0 14.8 0.8 0 4.2 0 0 0.8 0.4 0 0 0 0 0 0 0 0 0.4 0 0 0 0 0 0.6000000000000001 0 0.4 0 0.6000000000000001 0 0.4 2.2 0.4 0 0 0 0 0.2 0.2 0 0 1.2000000000000002 0 0 0.6000000000000001 0 0 5.4 0.6000000000000001 0 0 6 0.6000000000000001 5.4 0.6000000000000001 2 0 0 5.6000000000000005 0.6000000000000001 0 8 1 2 0.8 3 0.8 8.8 2.8000000000000003 1.8 3.4000000000000004 0 0 0 0 0 5.4 3.8000000000000003 0 0 0 0 0 0 0 0 0 0 16.8 4 0 0 0 0 0 0 0 0 0 0 0 0 0 0 0 0 0 0 0 0 0 0 0 0 0.8 0 0 0 0 0 0 0 0.2 0 0 0 0 0 0.6000000000000001 0 0.2 0 6.2 4 0 9 3.6 5.800000000000001 2 5 0 4.4 0 2 4.4 2.8000000000000003 3.8000000000000003 0 0 0 0 0 0 0 0 0 4.800000000000001 0 0 0.2 0 0.2 0 0 0 0 0 0 5.800000000000001 2.4000000000000004 0 0 3 0 0 0 0 0 0 0 0 0 0 0 0 0 0 0 0 0 0 0 0 0 0 0 0 0 0 0 0 0 0 0 0 0 1 0 0 0 0 2 0 0 0 0 0.2 0 17.8 1 0.4 2.4000000000000004 0 0 0.4 0 0 0 0 0 0 0 0 0 0 0 0 0 0 0 0 0 0 0 0 0 0 0 0 0 0 0 0 0 0 0 0 0 0 0 
 18.8 17.2 39 0 34.800000000000004 13.600000000000001 21.6 32.6 57.2 76 22.200000000000003 49 13.8 31.6 45.800000000000004 43.2 50 24 14 11.8 0.4 0 0.4 0 0 0.2 0.2 0 0 0 0 1 6 8.200000000000001 0 0 0.2 0 0.4 7.6000000000000005 0 0 0 0 0 0 0 0 0 0 0 0 0 0 11.8 0 0.4 0 0.6000000000000001 0 0.4 1.4000000000000001 0.4 0 0 0 0 0 0 0 0 1.4000000000000001 0 0 1.4000000000000001 0 0 0 0.6000000000000001 0 0.2 0 10 4.800000000000001 0 5.6000000000000005 0 2.8000000000000003 0 7 0.6000000000000001 3.6 0 3.2 2.4000000000000004 4.2 0 3.2 1.6 0.2 0 0.4 7 0 0 0 5 2.2 0 0 0 0 6.2 0 0.2 0 0 0 3.8000000000000003 4.4 0 0 0 0 0 0 0 0 0 0 0 0 0 0 0 0 0 0.4 0 2.6 0 1.8 0 0 0 0 0 2.4000000000000004 0 0 0 0 0 0 0 0.6000000000000001 0 0 0 0 0 0 2 0 0 5 1.6 1.8 0 0 4.6000000000000005 1.8 0 0 0 2.2 1.6 0.2 0 0 0 0 0 0 0 0 0 0 3 0 0 0 1.6 4.2 0 0 0 0 3.2 1.8 0 0 0 0 0 0 0 0 0.2 0 0 0 0 0 0.2 0 0 0 0 0 0 0 0 0 0 0 0 0 1.6 0 0 0 0 0 0 0 0 0 0 0 0 2 0 0 0 0 0.6000000000000001 0 0.2 9.8 7.2 3.2 0 0 0 0 0 0 0 0 0.2 2.6 0 0 0 0 0 0 0 0 0 0 0 0 0 0 7 3.8000000000000003 0 0 0 0 0 0 0 0.4 0 0 0 0 
 4.2 72 38.2 34.800000000000004 0 84 53.6 53 11.600000000000001 88 33.800000000000004 34 55.800000000000004 10.200000000000001 74.8 11.600000000000001 25 57.400000000000006 11 16.6 5 15.4 0 0.2 0 0 14.600000000000001 0 0.2 5 0 2.2 8 8.4 30.200000000000003 0 0.4 0.2 15.8 1.2000000000000002 0 0 0 0 0 0 0 0 0 0 0 0.2 0 0 0.6000000000000001 0 0 0 0.6000000000000001 0 0.4 0 0.4 0 0 0 0 0 0 0 0 0 0 0 0.6000000000000001 0 0 1.2000000000000002 0.6000000000000001 0.2 0 0 2.6 2.2 5 8 0 1.8 2 0.4 1.8 0.4 0 0 0 2.6 0 4.4 0 0 6.6000000000000005 6.800000000000001 2.8000000000000003 0 0 0 4.6000000000000005 2.4000000000000004 3 0 0 0 9.4 1.4000000000000001 4 0 0 0 7 7.2 0 0 0 0 0 0 0 0 0.4 0 0 0 0 0 0 0 0 0.2 0 0 1.8 0.8 0 0 0 0.4 0 0.6000000000000001 0 0 0 0 0 0 0 0 0.8 0 0 0 0 0 1.2000000000000002 0.2 5.6000000000000005 1.4000000000000001 0 2.4000000000000004 0 0.8 14 4.2 0 0 0 1.2000000000000002 0 0 0 0.2 3.6 0 6 0 0 0 3.2 0.2 0 5 0 0 2.2 0.4 0 2.6 0.6000000000000001 2.2 3.6 2.4000000000000004 0 0 0 0 0 0 0 0 0 0 0 0 0 0 0 0 0 0 0 0 0 0 0 0 0 0 0 0.2 0 2.2 0 0 0 0 0 0 0 0 0 0 0 2.2 0 0 0 1.8 0.8 0.6000000000000001 0.6000000000000001 0 0 1.6 0 0 0 0 0 0.4 0 1.6 0 2 0 0 0 0 0 0 0 0 0 0 0 0 0 0 0 0 0 0 0 0 0 0 0 0 0 0 0 0 
 5.800000000000001 13.600000000000001 6.4 13.600000000000001 84 0 49.800000000000004 7.2 52.2 18.8 37.4 91.2 55 8.6 25.400000000000002 30.6 11.200000000000001 36.800000000000004 9 52 0.2 15.4 15.4 0 0 0 0 0 0 12 0 0 0.4 7.6000000000000005 30.200000000000003 0.4 0 0.2 15.8 31 0 0 0 0 0 0 0 0 0 0 0 0 0 0 0.6000000000000001 0 0.4 0 0.6000000000000001 0 0.4 0.6000000000000001 0.4 0 0 0 0 0.2 0 0 0 0 0 0 0.6000000000000001 0 0 0.2 3.4000000000000004 0 0 0 3.6 6 7.2 3 0 3.6 4.2 2.8000000000000003 0.6000000000000001 0 0 3.6 0 2 0 3.2 0 0 4.2 6.2 3.4000000000000004 0 0 0 8.6 0 2 0 0 0 4 3 2.2 7.2 0 0 4.2 2.4000000000000004 0 0.2 0 0 0 0 0 0 0 0 0 0 0 0 0 0 0 0.4 0 0 0 1 0 0 0 0 0 2 0 0 0 0 0 0 0 0 0 0 0 0.4 0 3.4000000000000004 3.4000000000000004 0 3.4000000000000004 6.6000000000000005 0 0 3 0 6.4 0 0 0 0.2 3 2 0 0 0 6 0 3.6 0 0 0 0 2.8000000000000003 4.2 2 0 0 1.6 0 0 2.4000000000000004 5.2 0 0.2 9.8 0 0 0 0 0 0 0 0 0.2 0 0 0 0 0 0.2 0 0 0 3.4000000000000004 0 0 0 0 0 0 0 0 0 0 0 0 0 0 0 0 0.2 0 0 0 0 0 3.4000000000000004 0 0 0 0.2 10 1 0 0.2 2.2 3.6 1 0 0.4 0 0 0 0 0 0 2.8000000000000003 0 0 0 0 0 0 0 0 0 0 0 0 0 2.8000000000000003 2 0 0 0 0 0 0 0 0 0.4 0 0 0 0 
 63.6 95.2 13 21.6 53.6 49.800000000000004 0 41 30 45.800000000000004 5.2 27.6 22.6 103.80000000000001 22.400000000000002 41.6 26.6 6.2 59 39.2 0 0.4 0.8 15.600000000000001 0 0 0 0 0.4 0 0 0 0 0.6000000000000001 0 0 0 0 0.6000000000000001 0.4 0 0 0 0 0 0 0 0 0 0 0 0 0 0 0.6000000000000001 0 0.6000000000000001 0 0.6000000000000001 0 0.4 0 0.4 0 0 0.8 0.4 0.6000000000000001 0 0 0 0.8 0 0 0.6000000000000001 0 0 0 0.6000000000000001 0 5.4 3 2.6 0 0 0 4.4 4.4 2.8000000000000003 4.6000000000000005 6.4 2.2 0.2 0 9.600000000000001 6 2 2.4000000000000004 0 0.2 0 0 0 0 0 0 0 0 0 0.2 2.2 0 0.2 0 0 0 0 0 0 0 0 0.4 0 4.800000000000001 0 0 0 0 0 0 0 0 0 1.6 0 0 0 3.2 0 0 0 0 0 0.4 0 0 0 0 0 0 0 0 0 0 0 0 0.4 0 0 0.4 1.2000000000000002 0 1.4000000000000001 4 3 0.2 5.2 6.2 3 0 0 3.8000000000000003 0 7.2 0 1.4000000000000001 8.4 0 0.6000000000000001 0.2 0.4 0 0 0 0 0 0 0 0 0 0 0 0.2 0 0 0 0 0 8.8 0 0 0 0 0 0 0 0 0 0 0 0 0 0 0 0 0 0 0 0 0 0 0 0 0 0 0 0 0 0 0 0 0 0 0 0 0.2 0 0 0 0 0 0 0 0 0 0.4 0 0.4 0.6000000000000001 0.2 0 0.2 0 0 0.4 0 0 0 0 0 0 0 0 0 0 0 0 0 0 3.8000000000000003 0 0 0 0 0 0 2.8000000000000003 0 0 0 0 0 0 0 0 0 0 0 0 0 
 18.6 73.60000000000001 56.6 32.6 53 7.2 41 0 32.2 12.600000000000001 22.8 7.2 75.8 19.6 9.4 7.2 86.60000000000001 24.200000000000003 111 7.6000000000000005 0.2 0.2 0 0.4 0 0.2 0 0 0 0 0 0 0 0.6000000000000001 0 0 0 0 0.4 0.4 0 0 0 0 0 0 0 0 1 0 0 0 0 0 1 0 0 0 1.8 0 0.4 0.2 0.4 0 0 0.6000000000000001 0 2.2 0 0 0 1 0 0 7.6000000000000005 0 0.2 0 0.6000000000000001 0.4 0 3.2 9.200000000000001 0 0 0 0 5.2 2.4000000000000004 8 7.2 5.2 1.4000000000000001 3.2 2.4000000000000004 3 9.600000000000001 5.800000000000001 0 0 0 0 0 0 0 0 0 2.8000000000000003 0 0 0 0 0.2 0 0 0 0 0 0 0 0 0 0 0 0 0 0 0 0 0 0 0 0 0 0 0 0 0.4 0 0 0 0 0 0 0.6000000000000001 0 0 0 0 0.2 0 0 0 0 0 0 0 0 1.2000000000000002 0 2.4000000000000004 0 0 0 0 0.4 2.2 1.6 0.2 3.6 2.8000000000000003 0 0 0 7.6000000000000005 3 0.4 0.8 0 2.6 0 0 0 0 0 0 3.2 0 0 0 0 0 0 0 0 0 3 0 5.4 0 0 0 0 0 0 0 0 0 0 0 0 0 0 0 0 0 0 0 0 0 0 0 0 0 1 0 0 0 0 0 0 0 0 0 0 0 0 0 0 0 0 0 0 0 0 0 0 0.4 0.6000000000000001 18.400000000000002 0 2.8000000000000003 0 0 0 0 0 0 0 0 0 0 2.6 0 0 0 0 0 0 0 0 0 0 0 0 0 0 0 0 0 0 0 0 0 0 0 0 0 0 0 
 35.6 34.4 48.400000000000006 57.2 11.600000000000001 52.2 30 32.2 0 18 23.400000000000002 8.4 37.800000000000004 34.4 43.6 47 16.2 88.2 15.4 74.8 0 0 0 0 0 0 0 0 0 0 0 0 0.4 0.6000000000000001 0 0 0.2 0 0.4 0.4 0.2 0 0 0 0 0 0 0 0 0 0 0 0 0 0.6000000000000001 0 0 0 0.6000000000000001 0 0.4 0.4 0.4 0 0 0.2 0 0.6000000000000001 0 0 0 0 0 0 0.6000000000000001 0 0 0 0.6000000000000001 0 2 0.2 6.6000000000000005 2.4000000000000004 0 2 0.2 2.6 12.200000000000001 2.2 6.2 13.8 3.2 5.6000000000000005 0 3.2 4.6000000000000005 6.800000000000001 0.4 0 0 0 0 0 0 0 2.4000000000000004 0 0 0 0 0 2.8000000000000003 0 0 0 0 0 4.800000000000001 5.2 0 0 0.4 0 0 0 0 0 0 0 0 0.4 2.4000000000000004 0 0 0 0.2 6 0 0 0 0 0 0 0 0 0 0 0 1 0 0 0.2 0 0 0.4 0 0 0 0 2.2 3 2.4000000000000004 3.4000000000000004 2.8000000000000003 2.2 0.8 0.2 1.4000000000000001 0.8 0 6.2 1.2000000000000002 5 0 6.2 4.2 2 0 0 0 0 0 0 2 0 0.2 0 0 0.4 0 0 2.4000000000000004 0 0 0 0 0 4.4 7 0 0 0 0 0 0 0 0 0 0 0 3 0 0 0 0 0 0 0 0 0 0 0 0 0 0 0 0 3 0 0 0 0 0 0 0 0 0 0 0 0 0 0 0 0 0 17.2 0.2 2 18.8 0.2 1.4000000000000001 0 0 0 0 0 0 0 0 0 0 0 0 0 0 0 0 0 0 0 0 0 0 0 4.6000000000000005 0 2.8000000000000003 0 0 0 0 0 0 0 0 0 0 0 0 
 58.6 11.600000000000001 34.2 76 88 18.8 45.800000000000004 12.600000000000001 18 0 18.400000000000002 49.6 12.4 12.600000000000001 54.6 19 29.400000000000002 28.8 75.4 20.400000000000002 0 0 0.6000000000000001 1 1 0 0.2 0.2 0.4 0.6000000000000001 0.6000000000000001 0 5 0.8 0 0.4 0.6000000000000001 0 12.8 29.6 0 0 0 0.2 0 0 0 0 0 0 0 0 0 0 0.6000000000000001 0 0.4 0.2 0.6000000000000001 0 1.2000000000000002 0.2 0.8 0 0 0.4 2.2 0.6000000000000001 0.2 0 0 0.4 0 0.6000000000000001 0.6000000000000001 0 0 2.6 0.6000000000000001 0 0 0 3.8000000000000003 7.4 0.6000000000000001 0 2.2 3.6 0 0 0.8 4.800000000000001 0 0.4 1 5.4 1.6 5.800000000000001 0.2 1.8 0 0 0 0 0 0 0.2 4.6000000000000005 0 0.6000000000000001 2.8000000000000003 0 0.2 0 1.8 0 0 3.6 2.4000000000000004 13.200000000000001 0 0 0 0 0 0 0 0 0 0 0 0 0 0 0 0 0 0.2 0 0 0 0 0 0 0.6000000000000001 0 0 0 0 0 0 0 0.2 0 0 0 0.4 0 0.6000000000000001 0 0 0 5 2 0 6 6 1.2000000000000002 0 2.2 2 3 0 0.2 0.6000000000000001 4.2 3.4000000000000004 0 0 0 0 0 0 0 0 0 0 0 0 0 0 0 4 0 0 0 0 0 3.8000000000000003 4 0 0 0 0 0 2 0 0 0.2 0 0 0 0 0 0.2 0 0 0 0 0 0 0 0 0 0 0 0 0 0 0 0 0 0 0 0 0 0 0 0 0 0 1.8 0 0 0 0.6000000000000001 0.6000000000000001 0 0.2 0.4 0.4 1.6 0 0.2 0 0 0 0 0 0 0.4 0 0 0 0 0 0 0 0 0 0 0 0 0 0 0 0 0 0 0 0 0 0 0 0 0.4 0 0 0 0 
 11.200000000000001 4.6000000000000005 12.200000000000001 22.200000000000003 33.800000000000004 37.4 5.2 22.8 23.400000000000002 18.400000000000002 0 55.800000000000004 6.800000000000001 47.800000000000004 31 43.400000000000006 34.6 10 5.4 9.8 16.8 0.6000000000000001 1.4000000000000001 0 0 0.6000000000000001 0 14.8 0 0 0.8 0 27 33.4 21 0 0.8 0.2 0.4 1 0 0 1.2000000000000002 0.6000000000000001 0 0.6000000000000001 0 0 0 0.4 0 0 7.6000000000000005 0 0.4 0 1.2000000000000002 0.6000000000000001 0.6000000000000001 0 0.4 1.2000000000000002 0.4 0.4 0 0.6000000000000001 0.4 0.6000000000000001 0 0.8 0.4 1.2000000000000002 0 0 0.8 0 0 0 0.6000000000000001 0 0 0 0.6000000000000001 3.6 6.6000000000000005 3.2 0 0.2 4.6000000000000005 0 0.2 4 0 2 0 4.2 0 0 0 2 3.6 3.6 0 0 0 0 7.2 0 0 0 0 0 0.2 3.2 0 1.2000000000000002 0 0 2 3.6 0 0 0 0 0 0 0 0 0 0 0 0 0 0 0 0 0 0 0 0 0 0 0 0 0 0 0 0 0 4.6000000000000005 0 0 1 0 0 0.2 0 0 0 0 0 0 3.6 2.8000000000000003 3.4000000000000004 2 2.4000000000000004 3.6 1.8 0.8 0 3.2 0 0 0.2 5 0.4 0 0 0 3.4000000000000004 0 0 0 3.8000000000000003 0 3.8000000000000003 0.8 0 4.6000000000000005 0 0 0.4 1.6 0.8 3.8000000000000003 2.8000000000000003 0 4 3 0 0 0 0 0 0 0 0 0 0 0 0 0 0 0 0 0 0 0 0 2.2 0 0 0 2.4000000000000004 0 0 0 0 0 0 0 0 0 0 0 0 0 0 0 0 5.4 0 0 0 0 29.400000000000002 0 0.4 0.4 0.4 2 0.6000000000000001 0 0 0 0 0 0 0 0 0 0 0 0 0 0 0 0 0 0 0 0 0 0 2.6 0 0 0 0 0 0 0 0 0 0 0 0 0 0 
 25.400000000000002 49.2 44.400000000000006 49 34 91.2 27.6 7.2 8.4 49.6 55.800000000000004 0 4.6000000000000005 8.4 25.6 6.800000000000001 35.800000000000004 52 53.400000000000006 24 4.800000000000001 0 0.6000000000000001 0 0 0.4 0 0.6000000000000001 0 0 0 0 19.6 0.6000000000000001 16.2 0 0.2 0 14.8 3.8000000000000003 0 0 0 0 0 0 0 0 0 0 0 0 0 0 0.6000000000000001 0 0.4 0 0.6000000000000001 0 0.4 0 0.4 0 0 0 0.4 0.2 0 0 0 0 0 0 0.6000000000000001 0 0 0 0.6000000000000001 0 0 0 4 14.200000000000001 6 11.200000000000001 0 2.6 5 6 0 2.2 0 0 7.2 4.6000000000000005 2 1.2000000000000002 0 3 3.2 8.4 0 0 0 0.2 6.2 0.2 0 0 0 0 1.6 4.4 0 0 0 0 2.4000000000000004 4.2 0 0 0 0 0 0 0 0 0 0 0 0 0 0 0 0 0 0 0 0 0 0 0.4 0 0 0.2 0 0 0 1.6 0 0 0 0 0 0 0 0 0 0 0 2.8000000000000003 3.2 3.4000000000000004 0 11.4 3.2 0.4 2 1.4000000000000001 6.800000000000001 2 0 0 3.8000000000000003 4.800000000000001 3.8000000000000003 0 0 0 0 0 0 0 0 1.6 0 0 2.8000000000000003 0.2 0 0 1.6 0 4.2 0 0 0 0.2 1.6 0 0 0 0 0 0 2.8000000000000003 0 0 0 0 3.8000000000000003 0.2 0 0 0 0 0 0 0 0 0 0 0 0 0 0.2 0 0 0 0 0.4 0 0 0 0 0 0 0 0 0 2.2 0 0 0 0.4 2.4000000000000004 0.4 0 0 3.4000000000000004 1.2000000000000002 0 0 0 0 0 0 0 0 0 0 0 0 0 0 0 0 0 0 0 0 0 0 0 4.6000000000000005 2.4000000000000004 0 0 0 0 0 0 0 0 0 0 0 0 0 
 15.200000000000001 73.60000000000001 64.4 13.8 55.800000000000004 55 22.6 75.8 37.800000000000004 12.4 6.800000000000001 4.6000000000000005 0 41 5.6000000000000005 7.2 24.200000000000003 7.2 56.6 15 0.2 0 0.2 0 0 0.4 1.2000000000000002 1.2000000000000002 0 0 0 0.6000000000000001 0 0.6000000000000001 0 0 0.2 0.4 0 0.8 0 0 0 0 0 2 0.8 0 0.4 0 1.2000000000000002 0 0 0 1.2000000000000002 0 0.4 0 1.2000000000000002 0.2 0.4 0 0.4 7.4 0 0 0 1 0 0 0.8 0.8 0 0 0.6000000000000001 0 0 0 0.6000000000000001 0 0 3.4000000000000004 0 0 0 0 3 5 1.6 5.6000000000000005 2.2 5.4 4.800000000000001 1.6 5.4 4.4 5.6000000000000005 0 7.4 1.8 0 0 0 0 0 0 0 0 0.2 0 0.2 0 0 0 0 0 0.4 0 0 0 0 0 0 0 0 0 0 0 0 0 0 0 2.6 0 0 0 0 0 0 0 0 0 0 0 0.2 0 0 0 0 0 0 0 0 1.6 0 0 0 0.4 1.4000000000000001 0 6.2 0 0 1.4000000000000001 0 0.4 0 11.600000000000001 2.8000000000000003 1.8 0.4 2.6 2 2.4000000000000004 7.800000000000001 0 0 0.4 0 5.800000000000001 0 0 0 0 0 0 0 0 0 0 0 0 0 0 0 0 0 0 8 0 0.4 0 0 0 0.2 0 0.2 0 0 0 0 0 0 0 0 0 0 0 0 0 0 0 0 0 0 0 0 0 0.2 0 0 0 0 0 0 0 0 0 0 0 0 0 0 0 0 0 0 0 17.400000000000002 10.200000000000001 0.4 4 2.6 0 0 0 0 0 0 0 0 0 0 0 0 0 0.2 0 0 0 0 0 0 0 0 0 0 0 0 0 0 0 0 0 0 0 0 0 0 0 
 43 15.600000000000001 7.4 31.6 10.200000000000001 8.6 103.80000000000001 19.6 34.4 12.600000000000001 47.800000000000004 8.4 41 0 32.6 30 51.6 24.200000000000003 41.6 51.2 0.6000000000000001 0 0.2 0 0 0.2 0.4 0.6000000000000001 0 0 0 0 0 1 0 0 0.4 0.4 0.4 0.4 0 0 0 0 0 0 0.4 0 0.2 0 0.6000000000000001 0 0 0 0.6000000000000001 0 0.4 0.2 0.6000000000000001 0 0.4 0 0.8 0.4 0 0.4 0 0.6000000000000001 0.4 0.4 0 0 0.4 0 0.6000000000000001 0 0.4 0.4 0.6000000000000001 0 12.4 4.800000000000001 2.6 0 0 0 5.2 5.4 0.2 3.6 0 4.6000000000000005 0 2.2 3.4000000000000004 7.2 5.2 2.2 4 3.8000000000000003 0 0 0 0 0 0 0 0 0 0 2.2 0 2.8000000000000003 0 0 0 0 0 0 0 0 0 0 0 0 0 0 0 0 0 3.2 0 0 0 0 0 0 1.2000000000000002 0 0 0 3.2 0 0 0 0 0 0 0 0 0 0 4 0 0 0 0 0 0 0 1.6 0 0 1.2000000000000002 0 0 4.2 1.6 2.2 0 6.4 3.2 0 4.2 0 0 4.2 4.800000000000001 0 3 0 0 0 0 0 0 0 0 0 0 0 0 0 0.4 0 0.4 0 0 0 0 0 0 0 0 0 0 0 0.2 0 0 0 0 0 0 0 0 0 1 0 0 0 0 0 0 0 0 0 0 0 0 0 0 0 0 0.4 0 0 0.2 0 0 0 0 0 0 0 0 0.4 0 18.400000000000002 17.2 0 0 0.2 0 0 0 0.4 0 0 0 0 0 2.6 0 0 20.200000000000003 0 0 0 0 0 0 0 0.4 0 0 0 0 0 0 0 0 0 0 0 0 0 0 0 0 
 6.4 90.2 50 45.800000000000004 74.8 25.400000000000002 22.400000000000002 9.4 43.6 54.6 31 25.6 5.6000000000000005 32.6 0 24.6 29 25 38.400000000000006 43.800000000000004 0 0 0.8 0 0 0.4 0 14.8 0 0 0 0 0 0.6000000000000001 0 0 0 0 0.2 0.6000000000000001 0 0.6000000000000001 0 0.4 0 0 0 0 0 0 0.6000000000000001 0 0 0 0.6000000000000001 0 0 0 0.6000000000000001 0 11 1.6 0.4 0.6000000000000001 0 0 0.2 0.4 0 0 0.4 0 0.6000000000000001 0 0.6000000000000001 0.2 0 0.6000000000000001 0.6000000000000001 0 5.4 6.2 2.2 0.4 0 2.4000000000000004 2.2 2 5.800000000000001 0 0 3 0 1.4000000000000001 2.4000000000000004 0 0.4 4.2 0 3.8000000000000003 0.2 0 0 0 0 0 1.4000000000000001 2.2 0 0 0 0 0 3.6 0 0 0 0 2 2.2 0 0 0 0 0 1.8 0.2 0 0 0 0 0 0 0 0 0 0 2.8000000000000003 0 0 0 0 0 0 0 0 0 0 1.2000000000000002 0 0 0 0 0 0 0 0.2 0 0 0 0.4 6 1.6 2.4000000000000004 5.4 3.6 0 6.6000000000000005 6.4 0 0 0.8 2 8.200000000000001 0 2.2 4.6000000000000005 0 0 2.8000000000000003 0 0 0 0 0 0 0 0 0 0 0 0 0 0 0 0 0 0 4 5.4 0 0 0 0 0 0 0 0 0 0 0 0 0 0 0 0 0 0 0 0 0 0 0 0 0.4 0 0 0 0 0 0 0 0 0 0 0 0 0 0 0 0 0 0 0 0 0.6000000000000001 0.8 0 0 0 0 1.6 0 0 0 0 0 0 0 0 0.4 0 0 0 0 0 0 0 0 0 0 0 0 0 0 2 0 0 0 0 0 0 0 0 0 0 0 0 0 0 
 34 9 29 43.2 11.600000000000001 30.6 41.6 7.2 47 19 43.400000000000006 6.800000000000001 7.2 30 24.6 0 62 26 4.6000000000000005 17.8 0 0 4.6000000000000005 0 0 0 0 0 0 14.8 0.2 0 14.8 0.8 0.2 0 0.4 0 14 0.4 0 0 0 0 0 0 0 0 0 7.6000000000000005 0 0 0 0 0.6000000000000001 0 0.4 0 0.6000000000000001 0 0.4 0.4 0.4 0 0 0 0 0.2 0 2.6 0 0 0 0 0.6000000000000001 0 0 0 0.6000000000000001 0 11 0.2 5.4 0 0 2 3.4000000000000004 0 7.800000000000001 0.2 9 4 1 4.2 3.4000000000000004 4.2 0 1.4000000000000001 2 0 0 0 0 0 0 0 2.4000000000000004 0 0 0 3 0.2 4.2 0 0 0 0 0 2.6 1 0 0 0 0 0 0 0 0 0 2 0 0 0 0 0 0 0 0 0 0 0 0 0 0 0 0 8 0 0 0.6000000000000001 0 0.8 0.8 0 0 2.6 0 0 0 0 2.6 6 5.2 2.4000000000000004 0.2 2.2 2.2 0 1.4000000000000001 5.800000000000001 0 0.2 0 2 0.2 3.4000000000000004 0 5.2 3 0 0 0 0 0 0 0 0.2 0 0 0 0 0.4 2.2 0 0 0 0 2 0 0.4 0 0.4 0 0 0 0 0 0 0 0 0 0 0 0 0 0 0 0 0 0 4.2 0 0 0 0 0 0 0 0 0 0 0 0 0 0 0 0 0 0 0 0 0 0 0 0 0.4 17.400000000000002 0 17.8 20.200000000000003 0 1.8 0 0.2 0 0 0 0 0 0 0 0 0.6000000000000001 0 0 0 0 0 0 0 0 0 0 0 0 2.8000000000000003 0 4.2 0 0 0 0 0 0 0 0 0 0 0 2.4000000000000004 
 6.4 38.2 77.80000000000001 50 25 11.200000000000001 26.6 86.60000000000001 16.2 29.400000000000002 34.6 35.800000000000004 24.200000000000003 51.6 29 62 0 48.400000000000006 8.200000000000001 23.400000000000002 0.2 0 0.6000000000000001 0.4 0.6000000000000001 0.4 0 0 0 0 0 1 0.8 21.200000000000003 0 0 16.2 0.6000000000000001 0.4 21.200000000000003 0 0 0 0.6000000000000001 0 0 0 0 0.4 0 0 0 0 0 0.6000000000000001 0 0.4 7 0.6000000000000001 0 0.8 0.2 0.4 0.2 0 0.2 0 0.6000000000000001 0 0 0.4 1 0.4 0 0.6000000000000001 0 0 0 0.6000000000000001 0 0 0.2 7.800000000000001 9.200000000000001 0 2 0 7.6000000000000005 2.2 9 6.2 12.200000000000001 0 3 2 7 5 3.8000000000000003 0 2.8000000000000003 0 0 0 0 0 0 0 0 0 0 6 0 3.8000000000000003 0 0 0 0 0 2 7.6000000000000005 0 0 0 0 0 0 0 0 0.2 0 0 0 0 0 0 0 0 2 0 0 0 0 0 0 1.4000000000000001 0.2 0 0 0 0 0 0 0 0 0 0 0 0 3.4000000000000004 0 2.6 0 4 5.6000000000000005 0.8 5.800000000000001 5 0 0.2 2.4000000000000004 4.800000000000001 2.6 0 3.6 5 3 9.600000000000001 0 0 3 0 0 0.2 0 0 0 0.2 0 3 0 0 0 1 0 0 0 0.4 0 5.2 2.2 0 0 0 0 0 0 0 0 0 0 0 0 0 0 0 0 0 0 0 0 0 0 0 0.4 0 0 0 0.4 0 0 0 0 0 0 0 0 1.4000000000000001 0 0 0 0 0 0 0 0 0.2 0.8 0 0.2 35.2 2 6 0 0 0 0 4.4 0 0 0 15.200000000000001 0 0 0 0 0 0 0 0 0 0 0 0 0 0 0 2 0 0 0 0 0 0 0 0 0 0 0 0 0 
 70 31 12.200000000000001 24 57.400000000000006 36.800000000000004 6.2 24.200000000000003 88.2 28.8 10 52 7.2 24.200000000000003 25 26 48.400000000000006 0 10.4 25.8 0 0.2 0 0 0 14.8 0 0 0 0 0.2 0.2 6.800000000000001 5.6000000000000005 0.2 0.4 0.2 0 1 23.8 0 0 0 0 0 0 0 0 0 0 0 0.2 0 0 0.6000000000000001 0 0 0 0.6000000000000001 0 0.4 0 0.4 6.6000000000000005 0 0 0 1 0 0 0 0 0 0.8 0.6000000000000001 0 0 0 0.6000000000000001 0 0.2 3 5.6000000000000005 2 0.2 4.800000000000001 0 2.4000000000000004 2.4000000000000004 9.8 4.6000000000000005 0.2 0 3.8000000000000003 0 5.4 0 5.4 0 0 0 0.2 3.8000000000000003 0 0 0 7.4 3 0 0 0 0 2.4000000000000004 0 0.2 0 0 0 3.4000000000000004 4.4 0 0 0 0 0 0 0 0 0 0 0 0 0 0 0 0 0 0 0 0 0 2.2 0 0 0 0 0 2.8000000000000003 0 0 0 0 0 0 0 0.6000000000000001 0 0 0 0 0.2 4.800000000000001 9.600000000000001 0 0 8 1.2000000000000002 0 1.8 3.8000000000000003 10.200000000000001 0 0 0 0 2.8000000000000003 0.6000000000000001 2.6 2 0 0 0 0 0 0 0 3.2 0 0 0 0 0 2.2 3.8000000000000003 0 0.2 0 0 5.2 1.8 1.6 0 0 0 0 0 0 0 0 0 0 0 0 0 0 0 0 0 0 0 0 0 0 0 0 0 0 0 0 0 0 0 0 0 0 0 0 0 0.2 0 0 0.4 0 0 0 0.2 0.6000000000000001 0 0 0.4 0 1 0 0 0 0 0 0 0 0 0 12 2 0 0 0 0 0 0 0 0 0 0 0.4 0 2.6 0 3.8000000000000003 0 0 0 0 0 0 0 0 0 0 0 0 
 26.200000000000003 52.400000000000006 24.400000000000002 14 11 9 59 111 15.4 75.4 5.4 53.400000000000006 56.6 41.6 38.400000000000006 4.6000000000000005 8.200000000000001 10.4 0 37.4 0.2 0 0.2 0.2 0.4 0 0 0.6000000000000001 0 0 0.4 0 1.2000000000000002 0.6000000000000001 0 0 0.4 0 2.8000000000000003 0.8 0 0 0 0 0 0 0 0 0.4 0 0 0 0 0 0.4 0 1.4000000000000001 0 0.6000000000000001 0.4 1 0 0.4 0 0 0.6000000000000001 0 0.6000000000000001 0 0 0.6000000000000001 0.2 0.6000000000000001 0 0.4 1.2000000000000002 0 0 0.6000000000000001 0 2.2 6 1.4000000000000001 0 0 0 6.4 9.600000000000001 0.2 17 2.8000000000000003 3 4 0 2.2 2 0 0 0 6.6000000000000005 0 0 0 0 0 0 0 0 0 0 0 0 0 0 0 0 0 0 0 0 0 0 0 0 0 0.2 0.2 0 0 0 0 0 0 0 0 0 0 0 0 0 0 0 0 0 0.8 0 0 0 0 0.2 0 0.4 0 0 0 0 0 0 1.6 0 3.2 4.4 9.4 0 0 2.2 4 1 0 5.4 1.6 3.8000000000000003 3 0 4.2 0 3 9.200000000000001 2.2 9.600000000000001 0 3.2 0 0 0 0 0 0 0 0 0 0.4 0 0 0 0 0 0 0 0 0 0.4 0 0 0 0 0 0 0 0 0 0 0 0 0 0 0 0 0 0 0 0 0 0 0 0 0 0 0 0 0 0 0 0 0 0 0 0 0 0 0 0 0 0 0 0.2 0 0.4 0 17.8 0 1.8 2 0 0 0 0 0 0 0 0 0 2 0 0 0 0 0 0 0 0.6000000000000001 0.2 0 0 0 0 0 0 0 0 0 0 0 0 0 0 0 0 0 0 
 19 26.8 13 11.8 16.6 52 39.2 7.6000000000000005 74.8 20.400000000000002 9.8 24 15 51.2 43.800000000000004 17.8 23.400000000000002 25.8 37.4 0 0 0.6000000000000001 0.6000000000000001 0 0.8 0.4 0 0.4 0.4 0.2 0 0 0.4 0.6000000000000001 0.4 0 0.4 0.2 0.2 0.4 0 0.6000000000000001 0 0.8 0 0.4 0 0 0 0.4 0.8 0 0 0 0.6000000000000001 0.6000000000000001 1 0 0.6000000000000001 0 0.4 0 0.4 0.6000000000000001 0.6000000000000001 0.6000000000000001 0 0 0.4 0 0.4 0.6000000000000001 0.6000000000000001 0 0.6000000000000001 0.2 0 1 0.6000000000000001 0 5.6000000000000005 0.4 0.6000000000000001 5 2.6 0 2 0 0.4 0 0 4 0.2 0 4.6000000000000005 3 2 1.6 7.800000000000001 5.800000000000001 0 0 0 0 0 0 0 0 0 0 3 0 0 0 0 0.4 0 0 0 0.2 0 0 0 0 0 0 0 0 0 0.4 0.4 0 0 0 0.4 0 0 0 0 0 0 0 0 0 0.8 0 0 0 0 0 0 0 0.2 0 0 0 0 0 0.6000000000000001 0 1.4000000000000001 0 3.6 4 0 0.8 11.200000000000001 0.2 0 2.2 0 0 0.4 2.2 1.2000000000000002 1.8 3.6 0 0.6000000000000001 0.2 0 0 0 0 0 0 0 0 0 0 0 0 0 0 0 0 0 0 0.2 0 0 0 0 0 0 0 0 0.4 0 0 0 2.6 0 0 0 0 0 0 0 0 0.4 0 0 0 0 0 0 0 0 0 0 0 0 0 0.2 0 0 0.4 0 0 0 0 0 0 0 0 0.2 0 17.8 0 0 1.2000000000000002 0 0 0 0 0 0 0 0 0 0 0 0 0 0.2 0 0 0 0.2 0 0 0 0 0 0 0.2 0 0 0 0 0 0 0 0 0 0 0 0 0 
 0 0 14.8 0.4 5 0.2 0 0.2 0 0 16.8 4.800000000000001 0.2 0.6000000000000001 0 0 0.2 0 0.2 0 0 47 36 73.2 10.4 51 41.6 56.2 41.400000000000006 20 6.6000000000000005 35 26.8 11.200000000000001 111.60000000000001 23.6 33.800000000000004 5.800000000000001 10.4 24.8 0.4 0 0 0 0 0 0 0 0 0 0 0.6000000000000001 0 0 0 7.4 0.6000000000000001 0.6000000000000001 0.4 0.4 0 0.6000000000000001 0 0 0 0 0 0 0 0 0.4 0 0 0.4 8.6 1.2000000000000002 1.4000000000000001 0.6000000000000001 0 0.6000000000000001 0 0 0 0.4 0 3.2 0 0 4.6000000000000005 0 0 0 0 0 0 0 0 0 0 0 5.800000000000001 0 5.800000000000001 0 0 5.800000000000001 1.8 3.6 0 2.4000000000000004 4 5.4 2.6 2 2.6 6.800000000000001 4 5.4 4.4 1.4000000000000001 0 0 0 0 0 0 1.4000000000000001 0 0.2 0 0 0 0 0.4 0 0 0 0 0 0 0 0 0.4 0 0 0 0 0 0 0 0 0.6000000000000001 0 0 0.2 0 0 0 0 0 0 0 0 0 0 1.6 0 0 0 0.8 0 0.4 0 0 0 0.2 0 0 0 0 2.8000000000000003 9.200000000000001 2.2 4.4 1.6 0 1.2000000000000002 2 0 2 4.800000000000001 1.8 1.2000000000000002 4.2 4.6000000000000005 2.8000000000000003 7.6000000000000005 2 0 0.2 0 0 0 0 0 0 0 0 0 0 0 0 0 0 0 0 0.4 0 0 0 0 2 0 0 0 0 0.4 0 0 0 0.4 0 0 0 0 0 0 0 0 0 0 0 1.8 0 0 0.4 0 0 0 0 0 0 0 0 1.8 0.4 0 0.2 0 0.2 0.4 0 1.2000000000000002 0 0 0 0 0 0 0 0 0 0 0 0 0 0 0 0 3 0 4.800000000000001 0 0 0 0 0 0 0 0 
 0 0 0 0 15.4 15.4 0.4 0.2 0 0 0.6000000000000001 0 0 0 0 0 0 0.2 0 0.6000000000000001 47 0 42.2 31.200000000000003 8.6 12.200000000000001 18.6 38 82.80000000000001 8.4 53.800000000000004 19.8 9.600000000000001 26.6 57 70.8 106.2 27.200000000000003 38.800000000000004 13.8 0 0 0.2 0 0 0.6000000000000001 0 0.4 0 0 0 0.8 62.800000000000004 0 0 0 0.8 0.8 11.200000000000001 0.4 0 1 0 0 0 0 0 0.4 0 0 0.6000000000000001 13.8 0 0.4 0 0.6000000000000001 0.8 0.8 0.4 0 0 0 0 0 2 5.6000000000000005 0 0 0 0 0 0 0 0 0 0 0 0 0 0 1.4000000000000001 6.4 0 0 3 1.6 16.6 0 4 0 2 3.2 4 8.200000000000001 5.2 2.4000000000000004 0.2 3.4000000000000004 2 0 0 0 0 0 2 0 2 0 0 0 0 0 3.8000000000000003 0 0 0 0 0 0 1.8 0 2.6 0 0 0 0 0 0 0 0 0 0 0 0 2.8000000000000003 0 0 0 0 0 0 0 0 0 4.4 0 0 0 0 0 1.2000000000000002 0 0 0 0 0.4 0.2 0 0 0 4.800000000000001 2.8000000000000003 7 0 2.2 0 2.2 3.4000000000000004 0 0 3 0 1.6 5.800000000000001 5.6000000000000005 7.6000000000000005 2.2 0 2.2 0.6000000000000001 4 0 0 0 0 0 0 0 2.2 0 0 0 0 4 2.6 0 0 0 1.8 0 0 0 0 0 0 0 0 0 0 0 0 0 0 0 0 0 0 0 0 0 0 0 0.2 0 0 0 1.2000000000000002 0 0 0 0.2 0 0 0 3 0 0.4 0 0 0 0.4 0 0.6000000000000001 0 0 0 0 0 0 0 0 0 0 0 0 0 0.2 0 0 0 0 0.6000000000000001 0 0 0 0.2 3.8000000000000003 0 0 0 
 0.4 0.4 0.2 0.4 0 15.4 0.8 0 0 0.6000000000000001 1.4000000000000001 0.6000000000000001 0.2 0.2 0.8 4.6000000000000005 0.6000000000000001 0 0.2 0.6000000000000001 36 42.2 0 78 34.800000000000004 49.800000000000004 22.8 21.200000000000003 74.8 110 9.200000000000001 27.8 11.200000000000001 27.200000000000003 132.4 13.200000000000001 104.80000000000001 24.8 50.6 18.400000000000002 0 0 0 0 0 0 0.6000000000000001 0 0 0 0 0.6000000000000001 0 0 0 1 0.6000000000000001 0.6000000000000001 20.200000000000003 0.4 0 0.6000000000000001 0 0 0 0 0 0 0 0 1.2000000000000002 0.8 0 0.4 0 0.6000000000000001 0 0.6000000000000001 0.2 0 0 0 0 0 2.2 0 0 0 0 0 0 0 0.2 0 0 0 0 0 0 0 0.2 0.2 0 2 2 10.4 0 6.6000000000000005 1.2000000000000002 7 4.2 6 0.2 1.4000000000000001 0 3.2 0.4 16 0 0.2 5 0 0 0 0 0 3.6 0 0 0 0 0 3.4000000000000004 0 0 0 0 0 7.6000000000000005 3 0 0 0 0 0 0 2.2 0 0 0 0 0 3 0 0 0 0 0.4 0 0 0 0 0 0 0 0 0 0 0 0 0 0 0 0 0 0 0 0 0 0 2.4000000000000004 15.8 0 5.6000000000000005 4.800000000000001 2.6 0 3.4000000000000004 0 5.6000000000000005 11.8 4.4 0 5 0 0 2.2 2.8000000000000003 0 2.6 5.800000000000001 0 0.6000000000000001 0 0 0 2 0 0 0 0 0 1.6 5.800000000000001 0 0 0 0 0.2 0 0 0 0 0 0 0 0 0 0 0 0 0 0 3.2 0.4 0 0 0 0 0 0 0 0 0 0 0 0 0 0.2 0 0 0 0 0 1.4000000000000001 0 0 0 16.2 0 0.8 0.6000000000000001 0 0 0 0 2.2 0 0 0 0 0 0 0 0 0 0 0.4 0 4.4 0 3.8000000000000003 0 0 0.2 0 4 0 0 0 
 0 0 0 0 0.2 0 15.600000000000001 0.4 0 1 0 0 0 0 0 0 0.4 0 0.2 0 73.2 31.200000000000003 78 0 32.6 5.2 24.8 11.200000000000001 43.2 49.6 26.200000000000003 34.800000000000004 10.200000000000001 8.6 77.60000000000001 35 24 65.4 17 14.600000000000001 0 7.6000000000000005 0.2 0 0 0 15.600000000000001 0 0 0 0 13 12.600000000000001 8.6 0.4 0.6000000000000001 0.6000000000000001 0.4 37.6 0.4 0 0.6000000000000001 0 0 0 0 0 0 0 0.2 0.6000000000000001 0 0 0.6000000000000001 0 0.6000000000000001 0.2 0.6000000000000001 0.6000000000000001 0 0 0 0 0.2 0 0 0 0 0 0 0 0 0 0 0 0 0 0 0 0 2.2 0 0 3.8000000000000003 0.2 5.6000000000000005 0 2.4000000000000004 1.4000000000000001 4.800000000000001 1.6 0 0 2 0 1.8 2.6 9.4 0 0 6.800000000000001 0 3.8000000000000003 0 0 0 8.4 0 0.4 0 0 0 3 0 0 0 0 0 5.4 6.2 0 0 0 0 0 0 0 0 3.8000000000000003 0 1.2000000000000002 0 0 0 0 0 0 0 0 0 0 0 0 0 0 0 0 0 0 0 0 0 0 0 0 0 0 0 0 0 0.2 8.6 0 4.4 5.6000000000000005 2.4000000000000004 0.2 0 3.8000000000000003 0 7.800000000000001 7.2 0 1.4000000000000001 0 0 0.2 0.2 0 0 3 0 1.4000000000000001 0 0 0 4.2 6.4 0 0 0 2 1.6 5.4 10.8 0.4 0 0 0.6000000000000001 0.2 0 0 0 0 0 0 0 0 0 0 0 0 0 0 0 0 1.2000000000000002 0 0 0 0 0 0 0 0 0 0 0 0 0 2.6 0 0 0 0.4 0 0 8 23.8 0 2.6 0.8 0 0 0 0 0 0 0 0 0 0 0 0 0 0 0 0 0 2.8000000000000003 0 0 0 0 0.2 0 0 0 0 0 
 0 0 0 0 0 0 0 0 0 1 0 0 0 0 0 0 0.6000000000000001 0 0.4 0.8 10.4 8.6 34.800000000000004 32.6 0 30.200000000000003 49.2 9.600000000000001 18.400000000000002 26 128.6 28.6 34.4 10 17 32.4 11.200000000000001 11.600000000000001 11.8 14.8 12.4 13 0 0 0.2 0 5.2 0 0.2 0 0.2 0.6000000000000001 25.6 12.4 12.4 0.2 0.8 0.6000000000000001 13.200000000000001 12.4 0 1.4000000000000001 0 0 0 0 9.8 0 0 0 0.2 0.2 2 11.600000000000001 0 2.8000000000000003 0 1 0 0 0 0 0 0 0 0 0 0.4 0.4 0 0 0 0 0 2 0 0 0 0 0 0 0 2.6 1.4000000000000001 2.4000000000000004 1.2000000000000002 0 0 0 2.2 0 4 0 0 0 0 0 0 0 0 1.6 3.8000000000000003 4.4 0 0 0 3.8000000000000003 3.4000000000000004 12.600000000000001 2.4000000000000004 0 0 6 0 0 0 0 0 13.4 1.8 0 0 0 0 0 0 0 0 0 0.4 0 0 0 0 0 0 2 0 0 0 0 0.4 0 0 1.4000000000000001 1.8 0 0 0 0 0 0 0 0 0 0 0 0.8 0 0 0 0 0 2.2 0 5.800000000000001 0 0 2.2 0 2.6 0 0 0 0 0 3.2 1.6 0 0 4.800000000000001 3.2 0 0.4 0 0 8 0.2 0 0 0 0.4 5.4 4.6000000000000005 0 3.8000000000000003 8 0 8.200000000000001 2.2 0 0 0 0 0 0 0 0 0 0 0 0 3 2.8000000000000003 0 0 1.8 0 0 0 0 0 0 0 0 0 0.2 0 0 0 0 0 0 0 2 0.6000000000000001 0.4 16.8 0.8 0.4 0.4 0 0 0.4 0 0 2.4000000000000004 0 0 0 0 0 0 0 0 0 0 2 0 0 0 0 0 0 0 4.2 7 0 0 0 
 0.4 0.8 0 0.2 0 0 0 0.2 0 0 0.6000000000000001 0.4 0.4 0.2 0.4 0 0.4 14.8 0 0.4 51 12.200000000000001 49.800000000000004 5.2 30.200000000000003 0 22.200000000000003 7.6000000000000005 26.6 26.8 20.400000000000002 64 8.4 10 52.400000000000006 32.800000000000004 10.600000000000001 55.2 12 12.200000000000001 0 0 14.600000000000001 2 0 0 0 0.6000000000000001 0 0 0 0.6000000000000001 11.4 0 0 0 13.4 0.6000000000000001 6.6000000000000005 0.4 0 0.6000000000000001 0 0 0 0 0 0 0 0 0.4 0 0 0.4 0 0.6000000000000001 0 0.6000000000000001 0 5.2 0 0 0 0.2 0 0 0 0 0 0 0 0 1.2000000000000002 0 0 0 0 0 0 0 0 1.4000000000000001 1.8 0 0 0 0.2 0.2 0 0 12.4 0 0 0 0 0 0.2 0.2 0 0 0 8 3.2 3 0 0 0 6.2 2.4000000000000004 13.200000000000001 0 0 6.800000000000001 0 5.2 1.8 0 0.4 0 6.4 4.2 0 0.4 0 0 0 0 0 0 0 0 0 0 0 0 0 0.4 0 0 0 0 2.8000000000000003 0 0 0 0 0 0 0 0 0 0 0 0 0 0 0 0 0 0 0 6.4 0 0 7.2 1.4000000000000001 0 0 2 0 0 0 0 0 0 9.200000000000001 0 5 0 0 2.4000000000000004 4.800000000000001 0.2 7.2 0.2 0.2 2.4000000000000004 0.6000000000000001 0 2.4000000000000004 2.8000000000000003 0.4 3.8000000000000003 5.2 6 1.8 3.6 0 1.4000000000000001 9.200000000000001 0 0 0 0 0 0 0 0 0 0 0 0 0 0 0 0 0 0 0 0 0 0 5.4 0 0 0.2 0 0 0 0 0 0 0 0 0 0 0.8 21 0.8 0 0.2 0 12.4 0 0 0 0 0 0 0 0 0 0 0 0 0 0 0 0 0 0 0.2 0 0 0 4.4 0 0 0 0 
 17.400000000000002 0 0 0.2 14.600000000000001 0 0 0 0 0.2 0 0 1.2000000000000002 0.4 0 0 0 0 0 0 41.6 18.6 22.8 24.8 49.2 22.200000000000003 0 19.200000000000003 36.2 23.6 7.4 35.2 33.800000000000004 41.400000000000006 27.200000000000003 20.6 35.4 4.4 13.8 31.200000000000003 0.4 0 0.2 0 0 0 0 0 0 0 0 0.6000000000000001 0.6000000000000001 0 0 0 0.6000000000000001 0.4 0.8 0.4 0 1.2000000000000002 0 0 0 9.600000000000001 0 0 0 0 0.6000000000000001 0 0 0.4 0 0.6000000000000001 0 0.8 0.4 0 0 0 0 2.8000000000000003 1.4000000000000001 0.2 0 0 0 0 0 0 0 0 0 0 0 0 0 0 4.6000000000000005 1.4000000000000001 2 0 0 5 0 6.4 6 2.2 4.2 6.2 0.2 4.2 6 11.8 5.800000000000001 6.800000000000001 0 0 0 0 0 0 0.4 0 0 0 0.4 0 0 0 0.4 0.2 0 0 0 0 0 3.8000000000000003 0 0 0 0 0 0 0 0 0 0 0 0 0 0 0.2 0 0 0 0 0 0 1.4000000000000001 0 0 2.4000000000000004 2.8000000000000003 0 0 0 0 0 0 0 0 0 0.4 0 0 0 0 1.4000000000000001 6.4 9 3.2 1.4000000000000001 0 2.2 2.4000000000000004 0 1.4000000000000001 4.2 1.6 2.6 4.800000000000001 0 1.8 2.6 4.800000000000001 0 0 0 0 0 4 0 0 0 0 0 0 0 0 0 0 0 0 0.2 0 0 1.6 0 0 0 0 0 1.8 0 0 0 0 0.4 0 0 0 0 0 0 0 0 0 0 0 4 0 0 0 0 0 0 0 0 0 0 0 1.4000000000000001 0 0.2 0 0 0 1 0 12.4 0 0 3.2 0 0 0 0 0 0 0 0 0 0 0 0 0 3.4000000000000004 0 4.2 0 0 0 0 0 0 0 0 
 0.4 0 0.2 0 0 0 0 0 0 0.2 14.8 0.6000000000000001 1.2000000000000002 0.6000000000000001 14.8 0 0 0 0.6000000000000001 0.4 56.2 38 21.200000000000003 11.200000000000001 9.600000000000001 7.6000000000000005 19.200000000000003 0 16.8 8.200000000000001 54.400000000000006 8.200000000000001 23.8 62 42.400000000000006 6.800000000000001 11 109 15.4 10.8 0 0 0 0 0 0 0 0 0 0 0 0.6000000000000001 0 0 0 0 1 0.6000000000000001 0.4 0.4 0 0.6000000000000001 0 0 0 0 0 0 0 0 0.4 0 0 0.4 0 0.6000000000000001 0 0.6000000000000001 0 0 0 0.2 0 0 0.6000000000000001 2 0 0 0 0 0 0 0 0 0 0 0 0 0 0 0.8 8.4 0 4 0 0 6.800000000000001 0.2 0.2 0 0.4 0.2 5.4 8.200000000000001 0 4.2 2.6 0 0 0 0 0 0 0 0 0 0 4 0 0 0 0 0 0 0 0 0 0 0 0 0 0 0 0.2 0 0 0 0 0 0 0 0 0 0 1.6 0 0 0 0 0 0 0 0.4 2.8000000000000003 3.6 0 0.4 0 0 0 0 0 0 0 0 0 0 0 0 0 5.4 0 0 0 0.2 1.8 4.2 4.6000000000000005 0.8 1.8 0 0 1.4000000000000001 1.8 6.800000000000001 6.6000000000000005 6.6000000000000005 4.4 3 0 0 2.6 0 0 0 0 0 0 0 0 0 0 0 0 0 0 0 0 0 0 0 0 0 0 0 0 0 0 0 0 0 0 0 0 0 0 0.2 0 0.2 0 0 0 3 0 0 0 0.2 0 0 0 0 0 0 0 0 0.4 0 0.8 0 0 0 0 0 0 0 0 0 0 0 0 0 0 0 0 0 0 0 0 0 0 0 0.4 0 0 0 0 0 0 0 0.2 
 0 0 0 0 0.2 0 0.4 0 0 0.4 0 0 0 0 0 0 0 0 0 0.4 41.400000000000006 82.80000000000001 74.8 43.2 18.400000000000002 26.6 36.2 16.8 0 45.2 36 18.2 32.2 30.8 27.200000000000003 105.2 108.60000000000001 78.2 35.800000000000004 48.2 0 0.4 0.2 0 0 0 0 0 0.6000000000000001 0 0 0.6000000000000001 2.4000000000000004 0 0 0 0.6000000000000001 0.4 5.2 0.4 0 0.6000000000000001 0 10.4 0 0 1 0 0 0 1.4000000000000001 10.8 0 0.4 0 2 0.2 0.6000000000000001 0.2 0 2.4000000000000004 0 0 0 0 0 0 0 0 0 2.4000000000000004 0 0 0 0 0 0 0 0 0 6 0 1.4000000000000001 0 4.4 6.4 0 0 2 4.2 10.600000000000001 6.800000000000001 0 7.6000000000000005 4.2 5.800000000000001 2 2.2 0 0 0 0 0 0 0 0 2 0 0 0 0 0 2.4000000000000004 0 0 0 0 0 2.8000000000000003 2 0 0 0.8 0 0 0 0 0 0 0 0 0 0 0 0 0 0 0 0 0 0 2.4000000000000004 0 0 0 1.8 0 0 0 0 0 0 0 0 0 0 0 0 0 0 6.2 2.8000000000000003 1.8 9.4 3.2 2.4000000000000004 0 5.4 0 5 8.6 0.2 0 7.2 4.4 0 0.6000000000000001 0 0 0.4 7.800000000000001 0 0 0 0 0 0 0 0 0 0 0 0 2.4000000000000004 0 0 0 0 0 2.4000000000000004 0 0 1.6 0 0 0 0 0 0 0 0 0 0 0 0 0 0 0 0 0 0 0 2.8000000000000003 0 0 0 0 0 0 0 0 0.2 0 0 1.8 0 0 0 0 0.4 0 0 0 0 0 0 0 0 0 0 0 0 0 0 0 0 0 0 0 2.8000000000000003 0 3.4000000000000004 0 0 0 0 2.8000000000000003 0 0 0 
 0 0 0 0 5 12 0 0 0 0.6000000000000001 0 0 0 0 0 14.8 0 0 0 0.2 20 8.4 110 49.6 26 26.8 23.6 8.200000000000001 45.2 0 15.600000000000001 39.6 8.8 31.400000000000002 23.8 63.6 35 10 15.600000000000001 16.2 0 1 0 0 0 0 0.2 0 0 0 0.4 0.6000000000000001 15 0 0 0 0.6000000000000001 0.6000000000000001 40 0.4 0.2 0.4 0.4 0 0 0 0 0 0 0 0.6000000000000001 0.4 0.6000000000000001 0.4 0 0.8 0.2 0.4 0.6000000000000001 0 0.4 0 0 0 0 0 0 0 0 0 0 0 0 0 0 0 0 0 0 0 4 0 2.6 2.4000000000000004 3.2 6.800000000000001 0 3.6 0 7 14.600000000000001 5.2 0 0 0 2.8000000000000003 0.2 8.6 0 0 0 0 0 0 0 0 2 0 0 0 0.4 0 6.800000000000001 0 0 0 0.2 0 0.2 2.2 2 0 1.4000000000000001 0 0 0 2.4000000000000004 0 0 0 0 0 0 0 0 0 0 0 0 0 0 0 0 0 0 0 0 0 0 0 0 0 0 0 0 0 0 0 0 0 0 6.2 0 11 7 0 0.6000000000000001 0 4.2 2.2 0.4 3.6 0 0 0 0 0 11.200000000000001 0 0 4.4 0.2 0 0 0 0 7.2 2 0 0 0 0 0 3.4000000000000004 0.2 0.2 0 0 2.6 5.4 0 0.4 0 0 0 0 0 0 0 0 0 0 0 0 0 0 0 3.8000000000000003 0.4 0 0 0 0 0 0 0 0 0 0 0 0 0 0 0 1.2000000000000002 0 0 0.4 8.200000000000001 0.6000000000000001 2 0 0 0 0 0 0 0 11.600000000000001 0 0 0 0 0 0 0 0 0 0 0 0 4.4 0 0 0 3 3.8000000000000003 0 0 0 
 0.4 0.4 0 0 0 0 0 0 0 0.6000000000000001 0.8 0 0 0 0 0.2 0 0.2 0.4 0 6.6000000000000005 53.800000000000004 9.200000000000001 26.200000000000003 128.6 20.400000000000002 7.4 54.400000000000006 36 15.600000000000001 0 25 7.2 5.2 31.8 34.4 18.400000000000002 24 49 32.2 0 0.6000000000000001 0 0 0.8 0.6000000000000001 0.8 0 0 0 1 0.6000000000000001 25.8 0 11 1.2000000000000002 1 1 0.4 13.600000000000001 0 0.6000000000000001 0 0 0 0 0.6000000000000001 1 0 11 0.4 0.6000000000000001 0 0.4 0 0.6000000000000001 0.8 0.6000000000000001 0.2 0 0 0 0 0 0 0 0 0 0 0 0 0 0 0 0 0.2 0 0 0 0 0 0 3.6 0 2 2.8000000000000003 0 0 2.4000000000000004 0 1.6 1.4000000000000001 0 0 0 3 0.8 0.2 0 0 3.2 0 1.2000000000000002 0 0 0 5 0 0.2 1.2000000000000002 0 0 0 0 0 0 0 0 4.2 2.4000000000000004 0 0.4 0 0 0 0 0 0.4 0 0 0 0 0 2.4000000000000004 1.6 0 0 0 0 0 0 0 0 0 1.4000000000000001 0.4 0 0 0 0 0 0 0 0 0 0 0 0 0.2 0 0 3.4000000000000004 0 0 6.2 6.4 0.6000000000000001 4 2 0 3.8000000000000003 1.8 0 0 5 0 4.6000000000000005 1.8 3.4000000000000004 0 3.8000000000000003 2.6 1.6 0 0 0 8.6 1.8 4 0.2 0 0 0.4 0.8 0 2.4000000000000004 0.4 0 0 2.6 0 0 0 0.4 0 0 0 0 0 0 0 0 0 0 0 0 0 0 0 0 0 0 0 0 0 0 0 0 0 0 0 0 0 0 1.6 0.4 0 0 15.4 0 0.6000000000000001 0 0 0 0 0 0.2 0 0 0 0 0 0 0 0 0 0 0 0 0 0 0.8 8 0 0 0 0 0 0 0 
 0 0 0 1 2.2 0 0 0 0 0 0 0 0.6000000000000001 0 0 0 1 0.2 0 0 35 19.8 27.8 34.800000000000004 28.6 64 35.2 8.200000000000001 18.2 39.6 25 0 21 45.6 63 14.200000000000001 40.400000000000006 48.400000000000006 8.200000000000001 22.200000000000003 0 1.8 0 0 0 0.2 16 0.6000000000000001 0 0 0 12.200000000000001 12.8 6 0.4 0 0.8 0.6000000000000001 26.6 0.4 0 0.6000000000000001 0 0 0 0 0 0 0 0 0.4 0 0 0.4 0 0.6000000000000001 0.4 0.6000000000000001 0.2 0 0 0 0 0 0 0 0 0 0 0 0 0 0 0 0 0 0 0 0 0 2 0.8 2.6 4.800000000000001 0.2 3.8000000000000003 0 1.6 0.6000000000000001 2.8000000000000003 6.6000000000000005 0 0 1.4000000000000001 2.6 2 8.4 12.8 0 0 0 0 2.2 0 0 0 1.6 0 2.6 0 0 0 2.6 0 0 0 0 0 5.4 5.2 0 0 0 0 0 0 0 0 2 0 1.8 0 0 0 0 0 2.8000000000000003 0 0 0 0 1.2000000000000002 1.6 0 0 0 0 0 0 0 0 0 0 0 0 0 0 0 0 0 0 7.800000000000001 3.2 12.600000000000001 2.4000000000000004 0 2 0 5 4.6000000000000005 5.2 2.8000000000000003 0 6.4 2.6 2.6 3.6 4.6000000000000005 0 2.4000000000000004 0.2 0 0 0 0 0 1.2000000000000002 2.6 0 0 0 0 0 4.2 2 0.2 0 0 6.6000000000000005 1.6 0 0 0 0 0 0 0 0 0 0 0 0 0 0 0 0 0 0 0 0 0 0 0 0 3.2 0 0 0 0 0 0 0 0 0 1.6 0 0.6000000000000001 1 0.4 0.8 0.4 0.4 0 0 0 0 0 0 0 0 0 0 0 0 0 0 0 0 0 3.6 0 0 0 0 0 0 0 0 0 0 
