 0 34.4 70.60000000000001 30.8 7.6000000000000005 7 27.6 47.2 46.2 7.800000000000001 23.400000000000002 27.400000000000002 15.600000000000001 7.6000000000000005 68.60000000000001 8.6 56.800000000000004 22.400000000000002 13.200000000000001 21.200000000000003 0 1.2000000000000002 0.6000000000000001 0.8 1.6 0 0.6000000000000001 0.6000000000000001 0 1.2000000000000002 0 0 0 0.6000000000000001 0 1.6 1 0.4 0 0 0.6000000000000001 0.6000000000000001 0 0 1 0 13.200000000000001 0.6000000000000001 1.4000000000000001 0 3.2 1 0.6000000000000001 0.6000000000000001 1 0 0 0.6000000000000001 12.600000000000001 0 0 0 0 0 0.6000000000000001 1.2000000000000002 0 0 0.6000000000000001 0 0 0 1 0.4 0 0 0 0 0 0 4 6.800000000000001 11.600000000000001 0 0 2.4000000000000004 0 6 2.2 1.6 4.4 0 0.4 5.4 0 4.4 7 0 2.2 2.4000000000000004 0 0 0 0 0.2 0.2 0 0 0 0 0.4 0 0 0 0 0 0 0 0 0 0 0 0 0 0 3.6 0 0 0 0 0 0 0 0 0 0 0 0 0 0 0 0 0 0 0 0.4 0 0 0 0 0 0 0 0 0 0 0 0 0 0 0 2 0 3.4000000000000004 0 0 7.6000000000000005 0 0 0.2 3.2 14.4 1.8 2.6 5.4 0 2.6 5.6000000000000005 10.600000000000001 3.8000000000000003 0 0 0 0 0 0 0.4 0 0 0 0 3 0 3.6 0 0.4 0 0 0 0 0.4 0 0 0 0 0 0.4 0 0 0 0 0 0 0 0 0 0 0 0 0 0 0 0 1.6 4.2 0 0 0 0 0 0 0.4 0 0 0 0 0 0 0 0 0 0 0 0 0 0.4 0 0 1.8 1 0 0.8 0 0 0 0 0 0 0 0 0 0 2.8000000000000003 0 0 0 0 0 0 0 0 0 0 0 0 0 2.6 0 0 0 0 0 0 0 0 0 0 0 0 0 
 34.4 0 25.6 34.4 67 6 43 21.200000000000003 48.6 44 6.2 4.6000000000000005 10.4 29.200000000000003 121.60000000000001 25.400000000000002 56 5.2 4.4 21.8 0 0 0.2 0 0.6000000000000001 0 0.6000000000000001 0.6000000000000001 0 1 0 0 0 0 0 21.8 0.2 0.4 0 0 0 0.6000000000000001 0 0 0 2 0 0.6000000000000001 0.6000000000000001 12.4 0 0 0.6000000000000001 0.6000000000000001 0.6000000000000001 0 0.6000000000000001 0.6000000000000001 0 0 0 0.8 0 0 0.6000000000000001 0.2 0 0 0.6000000000000001 0 0 0 0 0.4 0.8 0 0 0 0 0 0.4 2.6 2 7.2 0 0 9.4 0 6.2 4 0 0 5 3.6 1 7.4 3.2 9.4 20.400000000000002 12.600000000000001 0 0 0 0.2 1.8 0 0 0 0 0 0 0 0 0 0 0 0 0 4.2 0 0 0 0 0 0 0 0 0 0 0 0 0 0 0 0 0 0 0 0 0 0 1.4000000000000001 0 0 0 0 0 0 0 0 0 1.8 0 0 0 0 0 0 0 0 7.800000000000001 0 3.4000000000000004 0 6.4 0 4 7.4 3.4000000000000004 2 0 0 4 2.8000000000000003 15.200000000000001 0.4 2.2 0 4.4 3.2 0 0 0 0 0 0 0 0 0 0 0 0 1.2000000000000002 3.8000000000000003 0 0 0 0 3.4000000000000004 0 0 0 0 0 0 0 0 0 0 0 0 0 0 0 0 0 0 0 2.8000000000000003 0 0 0 0 0 0 0 0 0 0.4 0 0 0 0 0 0 0 0 0 0 0 0 0 0 0 0 0 0.6000000000000001 0 0.4 0 0 0.4 4 0 0 0 0 0 0 0 0 0 0 0 0 0 0 0 0 0.2 0 0 0 0 0 0 0 3 0 0 0 0 0 0 0 0 0 0 0 0 
 70.60000000000001 25.6 0 56.2 30 6.6000000000000005 38 60.400000000000006 53.2 7.6000000000000005 27 28.200000000000003 14.8 11.600000000000001 29.400000000000002 68.60000000000001 46.400000000000006 42.400000000000006 48.400000000000006 54.400000000000006 0 0 0.4 0 0.4 0 0.8 0.8 0 0.8 0 0 5.6000000000000005 0 0 0.4 0 0 0 0.2 0 0.6000000000000001 0 0 0 0.4 0 0.6000000000000001 0.4 0 1 0 0.6000000000000001 0.4 0.6000000000000001 0 0 0.2 1.8 0 0 0 0 0 0.6000000000000001 0 0 0 0.6000000000000001 0 0 0 0 0.4 1 0 0 0 0 0 2.2 5 5.6000000000000005 0 0.8 0 0 4.2 10.600000000000001 0 5.2 0.2 0 2.6 2 5.4 0 3 7.800000000000001 3 6.4 0 0 0 0 0 0 0 0 0 0 0 0 4.800000000000001 0 0 0 0 0.6000000000000001 0 0 0 0 0 0 0 0.4 0 0 0 0.2 0 0 0 0 0 0 0 0 0.4 0 0 1.4000000000000001 0 0 0 0 0.4 0 0 0 0 0 0 0 0 0 0 0 0 2.2 0 0 3.8000000000000003 3.8000000000000003 0.2 0 0.4 0 8.6 6 4.2 2.2 0.4 0 1.4000000000000001 1.6 10.4 4.4 2.8000000000000003 0.2 0.8 0 0 0 0 0 0 0 2 0 0 0 0.2 0 0 0 0.2 1.4000000000000001 0 0.2 0 0 0 0 0 0 0 0 0 0 0 0 0 0 0 0 0 0 0 0 0 0 0 0 0 0 0.4 0 0 0 0 0 0 0 0 0 0 0 0 0 0 0 0 0 0 0.6000000000000001 0 17.400000000000002 18 0 1.8 0 0.2 0 0 0 0 0 0 0 0 2.6 0 0 0 0 0 0 0 0 0 0 0 0 0 2 0 0 0 0 0 0 0 0 0 0 0 0 0 
 30.8 34.4 56.2 0 23.6 7.800000000000001 26.200000000000003 17 20.200000000000003 49.2 33.6 9.4 16.400000000000002 31.200000000000003 38.6 10.600000000000001 42.2 8 98 35.2 0.6000000000000001 0 0 13.8 0.6000000000000001 0 15.8 0.6000000000000001 0.6000000000000001 1 0 0 0.4 0 0 0.4 0 0.2 0.2 0 0.4 0.6000000000000001 0 0.6000000000000001 0 2 0 0.6000000000000001 0.8 0 0 0 0.6000000000000001 0.4 0.6000000000000001 0 0.4 0.2 0 0 0 0.2 0 0 0.6000000000000001 0 0 0.4 4 0 0 0 0 0.4 0 0 0 0 0 0 2.2 4.800000000000001 2.2 4.800000000000001 5.4 2 0.4 2.4000000000000004 7.2 1.4000000000000001 6.6000000000000005 0.6000000000000001 0.4 0 10.600000000000001 5.6000000000000005 0.2 5.2 0.2 2.6 3.2 0 0 0 0 0 5.6000000000000005 0 0.4 0 0.4 0 0 1.8 0 0 0 0 1.8 7 1.8 0 0 0 0 0 0 0 0 0 0.2 0 0 0 0 0 0 0 0 0 0 0 1.8 0 0 0.4 0 0 0 0 0 0 0 0.2 0 0 0 0 0 0 0.2 0 0 4 1.8 1.4000000000000001 3.4000000000000004 3.4000000000000004 3.2 7.800000000000001 0 0 0 8.200000000000001 0 2.2 3.4000000000000004 3.6 0 0 0.2 0 0 0 0 0.2 0 0 0 0 0 0 0 0 0 0 0 0 1.4000000000000001 6.6000000000000005 0.2 0 0 0 0 0 0.4 0 0 0 0 0 0 0 0 0 0 0 0 0 0 0 2 0 0 0 0 0 0 0 0 0 0 0 0 0 0 0 0 0 0 0 0 0 0 0.8 0 0.4 0.4 18.6 0 0.4 1.8 0 0 0 0 0 0 0 0 0 0 0 0 0 0 0 0 0 0 0 0 0 0 2.8000000000000003 3 0 0 0 0 0 0 0 0 0 0 0 0 0 
 7.6000000000000005 67 30 23.6 0 34.800000000000004 19.6 13.8 38.800000000000004 14.600000000000001 98.60000000000001 22.8 15.4 21 78.2 20.400000000000002 27.8 7.6000000000000005 13 57.800000000000004 0 0.2 0 0 0.8 0 35 15.600000000000001 0 0.6000000000000001 15 0.4 0.6000000000000001 0.2 15.200000000000001 0.4 0 0 9.600000000000001 0 0 0.6000000000000001 0 0 0.2 0.4 1.6 0.6000000000000001 0.4 0 0 0 0.6000000000000001 0.4 0.6000000000000001 0 0 0.2 0 0 0 0.2 0 0 0.6000000000000001 0 0 0 1 0 0 0 0 0.4 0 0 0 0 0 0 1.8 3.2 2.4000000000000004 6 6.6000000000000005 5.4 0 2 0 0 2.8000000000000003 3.8000000000000003 2.4000000000000004 0 5.800000000000001 3.2 0 0 0 0 5.2 1.4000000000000001 1.8 0 0 0 12.4 0 1 0.2 2 0 3 2.8000000000000003 3.4000000000000004 0 3.2 0 5.6000000000000005 12.600000000000001 0 0 0 0 0 0 0 0 0 0 0 0 0 0 0 0 0 0 0 0 0 0 1.2000000000000002 0 0 2.4000000000000004 0 0 0 0 0 0 0 0 0 0 0.2 0 0 0 0 0.2 0 4.4 5.6000000000000005 2.6 0 3.4000000000000004 12 2 2.2 0 0 0.2 0 2.2 2.8000000000000003 2.8000000000000003 0 0 3.2 0.2 0 0 0 0 3.6 3 0 0 0 0.4 0.2 0 0 0 0.2 0 10.600000000000001 0 0 0 0 0.2 0 0 0 0 0 0 0 0.2 0 0 0 0 0 0 0 0 0 1.8 0 0 0 0 0 0 0 0 0 0 0 0 0.2 0 0 0 0 0 0 2.6 0 0 0 0 18 0 0.6000000000000001 1 1.4000000000000001 1 2.4000000000000004 0 0 0 0 0 0 0 0.2 0 0 0 0 0 0 0 0 0 0 0 0 0 0 8 0 0 0 0 0 0 0 0 0 0 0 0 0 0 
 7 6 6.6000000000000005 7.800000000000001 34.800000000000004 0 8.200000000000001 5.6000000000000005 15.8 51 55.2 45.400000000000006 51.400000000000006 7.4 7.4 117.80000000000001 66.8 46.6 52.800000000000004 10 24 4.800000000000001 21 0 0.8 0 16.8 0.8 6.6000000000000005 5 0 0 36.800000000000004 0.2 33.4 0.6000000000000001 0.4 0 21.400000000000002 30.8 0 0.6000000000000001 0 0 0 0 7.6000000000000005 0.6000000000000001 0.4 0 0 8.8 0.6000000000000001 0.6000000000000001 0.6000000000000001 0 0 0.6000000000000001 0 0 0 0 0 0 0.6000000000000001 0 0 0 0.6000000000000001 0 0 0.8 1.2000000000000002 0.4 0 0 0 0 0 0 0 0 0 4.800000000000001 5.4 2 0 0 0 0 3.8000000000000003 2.8000000000000003 0 0 0 0 0.4 0 0 0 2 11 3.8000000000000003 0 0 0 3.4000000000000004 2.4000000000000004 5.2 0 0 0.2 9.600000000000001 7.2 8 3 0.2 2.2 1.4000000000000001 0 0 0 0 0 0 0 0 0 0 0 2.6 0 0 0.4 0 0 0 0 0.4 0 0 0 0 0 0 0 0 0 0 0 0 0 0 0.6000000000000001 0 0 0 0 0 0.4 0 0 0 3.8000000000000003 2.8000000000000003 10.200000000000001 0 0 0 0 0 2.8000000000000003 0 0 0 1.8 0 0 0 0 3.4000000000000004 4 0.2 0 0 0 8.4 9.200000000000001 5.800000000000001 0.2 0 0 9.600000000000001 0 0 0.2 0 0 6.800000000000001 5.2 0 0 0 0 0 0 0 0 0 0 0 0 0 0 0 0 0 0 0 0.4 0 0 0 0 0 0 0 0 0 0 0 0.2 0 0.4 1.2000000000000002 0 0 0 0 0 0 4.800000000000001 0 0 0 1.4000000000000001 9.4 0.2 0 1.4000000000000001 0 0.8 0 0.4 0 0 0 0 0.4 0 0 0 0 0 0 0 0 0 0 0 0 0 0 0 0.4 0 0 0 0 0 0 1.6 0 0 0 0 0 0 0 0 
 27.6 43 38 26.200000000000003 19.6 8.200000000000001 0 71.4 18.400000000000002 23 11.600000000000001 10 75.4 67.2 14.8 6.2 65 4.4 12.200000000000001 30.6 0 0 0 0 0.4 0 0.6000000000000001 0.6000000000000001 40.400000000000006 1 0 0 40.400000000000006 0.4 0 0.4 0.4 0.6000000000000001 0 0 0 0.6000000000000001 0 0 0 0.2 0 0.8 1 0.2 0 0 0.6000000000000001 0.6000000000000001 0.6000000000000001 0 0 0.4 0 0 0 0.4 0 0 0.6000000000000001 0 0 0 0.6000000000000001 0 0 0 0 0.4 1 0 0 0 0 0 2 0.8 3.2 2.6 0 0 4 6 2.6 0 0.4 0 1 0 5 0.4 2 1.8 3 9 0 0 0 0 0 0 0 0 0 0 0 0 0 0 0 0 0 0 0.2 0 0 0 0 0 0 0 0 0 0 0 0 0 0 0 0 0 0.4 0 0 3 0 0 0 0 0.4 0 0 0 0 0 3.8000000000000003 0 0 0 0 0.2 0 0 0 0 2 0.6000000000000001 2 0 4.4 0 5 8.4 1.4000000000000001 2 3.2 0 7.6000000000000005 0 4.2 0 0.6000000000000001 3.4000000000000004 2.4000000000000004 5.4 0 0 0 0 0 0 0 0 0 0 0 0 0 0.2 0 0 0 0 0 0 0 0 0 0 0 0 0 0 0 0 0 0 0 0 0.4 0 0 0 0 0 0 0 0 0 0 0 0 0 0 0 0 0 0 0 0 0 0 0 0 0 0 0 0 0 0 0 0 0 0.2 0 0 0 0.2 0 0 0 0 0 0 0 0 0 0 0 0 0 0 0 0 0 0 0 0 0 0 0 0 0 0 0 0 0 0 0 0 0 0 0 0 0 
 47.2 21.200000000000003 60.400000000000006 17 13.8 5.6000000000000005 71.4 0 35.6 43.2 7 11.8 19.6 30 93.80000000000001 11.200000000000001 25.8 9.8 50.800000000000004 64.60000000000001 0 0 0 0 0.2 0 0.6000000000000001 0.6000000000000001 0 1 0 0 0 0 0 0.4 0 0.2 0 0 0 0.6000000000000001 0 0 0 13.4 0.4 0.6000000000000001 0.4 0.2 0 0 0.6000000000000001 0.4 0.6000000000000001 0 0 0.8 0 0 0 0 0 0 0.6000000000000001 0 0 0 0.6000000000000001 0 0.8 0 0 0.4 0 0 0 0 0 0 2.4000000000000004 2 3.4000000000000004 1.4000000000000001 3.2 0 2.4000000000000004 4.800000000000001 0 0.4 9 0.4 1 2.2 2.4000000000000004 0.8 0.2 5.800000000000001 3.4000000000000004 8.200000000000001 0 0 0 0 0 0 0 0 0 0 0 0 0 0 0 0 0 0 0 0 0 0 0 0 0 0.2 0 0 0 0 0 0 0 0 0 0 0 2.4000000000000004 0.2 0 0 0.6000000000000001 0 0 0 3.4000000000000004 0 0 0 0 0 0 0 0 0 0 0 0 0 0.2 4.4 2.6 4 2.2 2.6 0.2 3.4000000000000004 5 4 0.8 5 1.8 8.200000000000001 1.2000000000000002 0 0 2.4000000000000004 5 2 5.6000000000000005 0 0.2 0 0 0 0 0 0 0 0 0 0 0 2.6 0.6000000000000001 0 0 0 0 0 0 0 0 0 0 0 0 0 0 0 0 0 0 0 0 0 0 0 0 0.2 0 0 0 0 0.4 0 0 0 0 0 0 0.4 0 0 0 0 2.4000000000000004 0 2.4000000000000004 0 0 0 0 0 0 0 0.2 0.4 17.6 18.400000000000002 0 1 0 0 0 0.2 0 0 0 0 0.4 0 13.8 0 0 0 0 0 0 0 0 0 0 0 0 0 2.8000000000000003 0 0 0 0 0 0 0 0 0 0 0 0 0 
 46.2 48.6 53.2 20.200000000000003 38.800000000000004 15.8 18.400000000000002 35.6 0 15.600000000000001 12.600000000000001 9.200000000000001 63 15.600000000000001 28.400000000000002 33.4 31.6 8 22.6 15.600000000000001 0 0.2 0 0.2 0.8 0 1.8 1.2000000000000002 0 2.2 0.4 0 0 0 0 0.4 0 0 0.2 0.2 0 0.6000000000000001 0 0 0 0.2 0 0.6000000000000001 0.4 0 0.6000000000000001 0 0.6000000000000001 0.6000000000000001 0.6000000000000001 0 6.4 1 0 0 0 0 0 0 0.6000000000000001 0.6000000000000001 0 0 0.6000000000000001 0 0 0 0 0.4 0 0 0 0.4 0.6000000000000001 0.6000000000000001 2.2 1.2000000000000002 0 2.4000000000000004 0 0 1.6 6.2 5 3.4000000000000004 0 0.2 0 5.800000000000001 2 6.6000000000000005 2.8000000000000003 0 4.2 8.4 0 0 0 0 0.2 0 0.2 0 5.4 0 0.4 0 0 0 0 0 0 0 0 0 0 0 0 0 0 0 0 0 0 0 0.2 0 0 0 0 0 0 0 0 0 0 0 0.2 0 0 0.4 0 0 0 0 0 1.4000000000000001 0 0 0 0 0 0 0 0 6.4 0 0 0 0 0 2.6 0 0 2.4000000000000004 0.2 2 5.4 3.4000000000000004 9.8 1.2000000000000002 2 0.2 3.6 2 0.2 0 0 0 0 0.4 0 0 0 0 0 0 0 3.8000000000000003 0 0 0 0 0 4 0 0 0 0 0 0 0.2 0 0 0 0 0 0 0 0 0 0 0 0 0 0 0 0 0 0.2 0 0 0 0 0 0 0 0 0 0 0 0 0 0 0 0 0 0 0 0 0.4 17.400000000000002 0 0.2 0.6000000000000001 0.4 0.4 0 0 0 0 0 0 0 0 0 0 0 0 0 0 0 0 0 2.2 0 0 0 0 0 2 0 3.2 0 0 0 0 0 0 0 0 0 0 0 0.2 
 7.800000000000001 44 7.6000000000000005 49.2 14.600000000000001 51 23 43.2 15.600000000000001 0 71.2 34.6 12.8 12.600000000000001 32.4 48.400000000000006 13 25.8 40 33.6 15.4 0 0.4 0 0.4 0 37.4 0.6000000000000001 0 0.8 4.2 0 15.600000000000001 0.2 0.2 0.4 0 0.4 4.4 30.8 5.4 0.6000000000000001 0 0 0 5.4 1.2000000000000002 0.6000000000000001 0.4 0 0 0 0.6000000000000001 0.6000000000000001 0.6000000000000001 0 0 0.4 0 0 0 0 0 0 0.6000000000000001 0 0 0 0.6000000000000001 0 0 0 1.6 0.4 0.8 0 0 0 0 0 0 2.2 0 5.6000000000000005 4 1.6 2 2.6 0.2 4.6000000000000005 4.2 3.6 2.2 4.2 2.6 2.4000000000000004 0 4.2 0 2.8000000000000003 4.4 4.2 4.2 0 0 0 3 0 0 0 0 0 4.800000000000001 2.2 3.6 3 0 0 3.6 2.8000000000000003 0 0 0 0 0 0 0 0 0.4 0 0 0 1.6 0 0 0 0 0 0 0 0 1.8 0 0 0 0 0 0 0 0 0 0 0 0 0 0 0 0 0 0 3.4000000000000004 0 8.4 0 10.8 0 5.2 2 7.2 2.6 5.800000000000001 3.4000000000000004 2.6 2 0 0 2.2 0 0 0 1.6 0 0.2 0 0 0 0 9.600000000000001 0 0 0 0 6 0.4 0 0 0 0 7.4 5 0 0 0 0 0 0 0 0 0 0 0 0 0 0 0 0 0.4 0 0 0 0 0 0 0 0 0 0 0 0 0 0 0 0 0 0 3.4000000000000004 0 0.4 0 0 0 0 0 0 0 0.4 0.2 0 0 0.2 1 0.6000000000000001 0 0 0 0 0 0 0 0 0 0 0 0 0 0 0 0 0 0 0 0 0 1.8 0 0 0 0.2 0 0 0 0 0 0 0 0 0 0 0 0 
 23.400000000000002 6.2 27 33.6 98.60000000000001 55.2 11.600000000000001 7 12.600000000000001 71.2 0 77 7 8.4 75 23.400000000000002 16.2 10.4 10.200000000000001 10.200000000000001 12 14.8 0 0 0.4 0 28.6 0.6000000000000001 0 1 0 0 34.800000000000004 0.4 0 15.200000000000001 0.4 0 14.600000000000001 12 0 0.6000000000000001 0 0 0 0 0 0.6000000000000001 0.8 0 2 0 0.6000000000000001 0.6000000000000001 0.6000000000000001 0 0 0.6000000000000001 3.8000000000000003 0 0 0 0 0.4 0.6000000000000001 0 0 0 0.6000000000000001 0 0 0 0.6000000000000001 0.4 0 0 5.800000000000001 0 0 0 0.2 0 1.2000000000000002 2.8000000000000003 6.4 6.6000000000000005 0 0 0 0 6.6000000000000005 0 0 2.8000000000000003 0 0 0 0.2 0 0 6.4 6.800000000000001 3.2 0 0 0 1.6 4.4 1 1.4000000000000001 0 0 1.2000000000000002 1.6 2.8000000000000003 2 0 0 3.8000000000000003 2 0 0 0 0 0 0 0 0 0 0 0 0.4 0.2 0 0 0 0 0 0 0 0 0 0.4 0 0.2 0 0 0 0 0 0 0.2 0 0 0 0 0 0 0 0 0 0 0 2.4000000000000004 6.800000000000001 0.2 1.2000000000000002 0 0 0 3.2 6.6000000000000005 0 0 0 0.4 0 3 0.2 0 2.8000000000000003 0.4 0.2 0 0 0 2 9.4 0 0 0 0 2.8000000000000003 3.4000000000000004 0 0 0 0 7 2.6 0 0 0 0 0 0 0 0 0 0 0 0 0 0.4 0 0 0 0 0.4 0 0.4 0 0 0 0 0.4 0 0 0 0 0 0 0 0 0 0 0 0 0 0 0 0 0 0 0 0 0.2 0 0.8 0.4 2.6 0.2 0 0 0 0 0 0 0 0 0 0 2.4000000000000004 0 0 0 3.4000000000000004 0 0 0 0 0 0 0 0 0.2 0 0 0 0 0 0 0 0 0.2 0 0 0 0 0 
 27.400000000000002 4.6000000000000005 28.200000000000003 9.4 22.8 45.400000000000006 10 11.8 9.200000000000001 34.6 77 0 10.8 27.8 67.2 54.2 12.8 25.400000000000002 9.600000000000001 67.2 26.8 0 0.2 11.8 15.200000000000001 0 31.200000000000003 0.6000000000000001 13 1 24.200000000000003 0.2 4.800000000000001 0 14.4 0.4 0 0 7.6000000000000005 12 0 0.6000000000000001 0 0 0 1 0 0.6000000000000001 0.4 0 6.6000000000000005 0 0.6000000000000001 0.6000000000000001 0.6000000000000001 0 0 0.4 0 0 0 0 0 0 0.6000000000000001 0 0 0 0.6000000000000001 0.6000000000000001 0 0 0.6000000000000001 0.4 0 0 0 0 0 0 0.4 0.2 0 0.2 6 12.8 0 0.2 0 1.2000000000000002 12 6 0 3.2 2 0.2 2.8000000000000003 0 0.2 0 0 2.2 4.2 0 0 0 4.2 0 0.4 0 0.4 0 1.4000000000000001 0 4.6000000000000005 2 0 2.6 6.2 2 1.8 0 0 0 0 0 0 0 0 0 0.2 0 0 0 0 0 0 0 0.2 0 0 0 0.2 0 0 0.4 3 0 0 0 0 0 0 0.6000000000000001 0 0 0 0 0 0 0 0 0 1.8 2.8000000000000003 2.8000000000000003 0 0 3 2.2 2.2 0.6000000000000001 0 1.2000000000000002 2 0.2 0 3.4000000000000004 0 0 2.4000000000000004 1.6 0 0 0.2 0 0 7 0 0 0 0 2.6 3 0 0 0 0 5.2 2 0.4 0 0 2 0 0 0.4 0 0 0 0 0 0 0 0 0.2 0 0 0 0 0 0 1.6 0 0 0 0 0 0 0 0 0 0 0 0 0 0 0 0 0 0 0 0 0 0 0.2 1 0.2 0.4 17.2 2.2 1 0 0.4 0 0 0 0 0 0 0 0 0.2 0 0 0 0 0 0 0 0 0 0 0 0 0 0.6000000000000001 0 0 0 0 1.4000000000000001 0 0 0 0 0 0 0 0 
 15.600000000000001 10.4 14.8 16.400000000000002 15.4 51.400000000000006 75.4 19.6 63 12.8 7 10.8 0 49.2 20.8 27.400000000000002 29.200000000000003 5.4 60.400000000000006 37.6 0 0 0 0 0.2 0 0.6000000000000001 0.6000000000000001 0 0.8 0 0 0 0.2 0 0.4 0.2 0 0 0 10.600000000000001 0.4 0 0 0 0.6000000000000001 0 0.8 0.4 12.600000000000001 0 0 0.6000000000000001 0.4 0.6000000000000001 0 0 0 0 0 0 0 0 0 0.6000000000000001 0 0 0 0.4 0 0 0 0 0.4 0 0 0 0 0 0 0 0.4 0 0 3.2 0 3.6 0 0 0 4 2.2 12.600000000000001 0 2 0.2 3.2 4.800000000000001 8.6 0 0 0 0 0 0 0 0 0 0 0 0 0 0 0 0 0 0 0 0 0 0 0 0 0 0 0 0 0 0 0 0 0 0 0 0 0 0 0 0 0 0 0 0 0 0.4 0 0 0 0 0 0 0 0 0 0 0 0 0 0 0 2 1.4000000000000001 6 0 0 0 2 2 0 0 0 0 0 1.2000000000000002 3.8000000000000003 0.2 0 0 3.4000000000000004 4.6000000000000005 0 0 0 0 0 0 0 0 0 0 0 0 0.2 0 0 0 0 0 0 0 0 0 0 0 4.2 0 0 0 0 0 0 0 0 0.4 0.2 0 0 0 0 0 0 0 0 0 0 0 0 0 0 0 0 0 0 0 0 0.2 0 0 0 0 0 0 0 0 0 0.8 0 0 0 18.2 0 0.4 0 0 0 0 0 0 0 0 0 0 0 0 0 0 0 0 0 0 0 0 0 0.2 0 0 0.4 0 0 0 0 0 0 0 0 0 1.6 0 0 0 
 7.6000000000000005 29.200000000000003 11.600000000000001 31.200000000000003 21 7.4 67.2 30 15.600000000000001 12.600000000000001 8.4 27.8 49.2 0 14.200000000000001 46.6 24 5.4 21.400000000000002 66.4 0 0 0 0 0.6000000000000001 0 0.6000000000000001 0.6000000000000001 0 1.2000000000000002 0.2 0 0 0.4 0 0.8 0.6000000000000001 0.6000000000000001 0.2 0 0 0.6000000000000001 0 0 0 0 0 13.600000000000001 0.4 14.600000000000001 0 1.2000000000000002 0.6000000000000001 0.6000000000000001 2 0 0 0.6000000000000001 12.4 0 0 0 0 0 0.6000000000000001 0 0.4 0 0.6000000000000001 0 0 0 0.4 0.4 0 0 0 0 0 6.2 2.2 0 2 4 3 0.2 6 0 3.4000000000000004 5.6000000000000005 0.2 3 3.6 6.4 6.2 2.8000000000000003 6 6.800000000000001 4 1.8 0 0.2 0 0 0 0 0 0 0 0 0 0 0 0 0 0 0 0 0 0 0.2 0 0 0 0 0 0 0 0 0 0 0 0 0.4 0 0 0 0 0 0 0 0 0 0 0 0 0 0 0 0.2 4.4 0.8 0 0 0 0 0 0 0.2 0 3.8000000000000003 5.4 5.4 0 0 0 0.2 1.8 0.2 0 0.4 2.2 12.200000000000001 3.4000000000000004 5.6000000000000005 0 1.8 0 4 10.200000000000001 0 0 0 0 0 0 0 0 0 0.4 0 0 0 0 0 0 0 0 0 0 0 0 0 0 0 0 0 0 0 0.4 0 0 0 2.4000000000000004 0 0 0 0 0 0 0 0 0 0 0 0.6000000000000001 0 0 0 0 0 0 0 0 0 0 0 0 0 0 0 0 0 0 0 0 17.2 0 0.4 0.2 0 0 0 0 0 0 0 0 0 0 0 0 0 0 0 0 0 0 0 0 0 0 0 0 0 2.6 2.2 1.6 0 0 0 0 0 0 0 0 0 0 0 0 
 68.60000000000001 121.60000000000001 29.400000000000002 38.6 78.2 7.4 14.8 93.80000000000001 28.400000000000002 32.4 75 67.2 20.8 14.200000000000001 0 17.2 69.60000000000001 69.4 12.4 65.4 20.400000000000002 0 15 5.2 6 0 0.6000000000000001 0.8 20.400000000000002 0.8 0 0.2 0 20.400000000000002 0 0.4 0 3.4000000000000004 0 0 0 0.6000000000000001 0 0 0 0 0 0.6000000000000001 0.4 0 0.4 0 0.6000000000000001 0.6000000000000001 0.6000000000000001 0 0 0.6000000000000001 0.4 0 6.6000000000000005 3.4000000000000004 0 0 0.6000000000000001 0.4 0 0 0.6000000000000001 0 0 0 0 0.4 0.4 0 0 0 0 0 0.4 3.8000000000000003 13 1 0 4.2 0 0 2.2 9 2 4.4 0 5.4 2.8000000000000003 4.6000000000000005 3 2.6 0 1.6 0 0 0 0 0.2 0.4 2.6 0 0.4 0 0 0 0 0 0 0 0 0 5.2 1.8 0.2 0 0 0 0 0 0 0 0 0 0 0 0 0.2 0 0 0 0 0.2 0 0 2.2 0.2 0 0 0.4 4.6000000000000005 0 0 0 0 0 0 0 0 0 0 0 0 0 1.8 0 4.2 4.2 3 2 0 0.2 4.800000000000001 0 6.6000000000000005 6.800000000000001 2 0 2.6 2.6 3.4000000000000004 2.4000000000000004 0 0 0 0 0 0 0.2 0.4 0 0 0 0 0 0 0.2 0 0 0 0 0 2 0 0 0 0 0 0 0 0 0 0 0 0 0 0 0 0 0 0 0 0.2 0 0 0 0 0 0 0 3 0 0 0 0 0 0 0 0 0 0 0 0 0 0 0 0 0 0 0 0.2 0 10.600000000000001 17.6 0.4 0.4 5.4 0 0 0 0 0 0 0 0 0 1.4000000000000001 0 0 0 0 0 0 0 0 0 0 0 0 2.8000000000000003 1.2000000000000002 0.4 0 0 0 0 0 0 0 0 0 0 0 0 
 8.6 25.400000000000002 68.60000000000001 10.600000000000001 20.400000000000002 117.80000000000001 6.2 11.200000000000001 33.4 48.400000000000006 23.400000000000002 54.2 27.400000000000002 46.6 17.2 0 15.4 58.6 66.60000000000001 12 0.4 0 0.4 0 0.2 0.2 0.6000000000000001 0.8 0.2 0.8 0 0 15.200000000000001 0 0 0.4 0 0.2 0.2 15.600000000000001 0 0.6000000000000001 0 0 0 0.4 0 0.6000000000000001 0.8 6.2 0 0 7.6000000000000005 0.4 0.6000000000000001 0 0 0.2 0 0 0 0 0 0 0.6000000000000001 0 0 0 0.6000000000000001 0 0 0 2 0.4 0 0 0 0 0.8 0 4.800000000000001 0.2 1.4000000000000001 2.4000000000000004 5 2.8000000000000003 1.8 4 8 0.2 0.2 2.6 4.6000000000000005 0 0 2.4000000000000004 3.4000000000000004 3.8000000000000003 5.4 0 4 2.2 0.4 0 0 0 0 0 0 0 0 0 8.6 1.6 0.2 0 0 0 3.2 0 0 0 0 0 0 0 0 0 0 0 2.8000000000000003 0 0 0 0 0 0.4 0 0 0 0 0.4 0 0 0 0 0 0 2.8000000000000003 0 0 0.6000000000000001 0 0 0.4 0 0 0 0 0 2.8000000000000003 0 3.8000000000000003 5.4 1.8 0 0 1.2000000000000002 0 0 0 6.800000000000001 0 2 1.4000000000000001 2.4000000000000004 1.4000000000000001 0.2 2 3.4000000000000004 0 0 0 0 0.2 0 0 0 0.2 0 0 0 4 0 0 0 0 0 7 4.6000000000000005 0 0 0.2 0 0 0 0 0 0.2 0 0 0 0 0 0 0 0 0.4 0 0 0 0.2 0 0 0 0 0 0 0 0 0 0 0 0 0 0 0 0 0 0 0 0 0 0 0 0.4 3.4000000000000004 0 0 17.8 0 0 0 0 0.4 0 0 0 0 0 0 0 0 0 0 0 0 0 0 0 0 0 0 0 0 2.8000000000000003 0 1.4000000000000001 0 0 0 0 0 0 0 0 0 0 0 0 
 56.800000000000004 56 46.400000000000006 42.2 27.8 66.8 65 25.8 31.6 13 16.2 12.8 29.200000000000003 24 69.60000000000001 15.4 0 41.800000000000004 3.4000000000000004 55.2 0 0 0 0 1.2000000000000002 0.2 1 0.6000000000000001 0 0.6000000000000001 0 0.4 0 0 0.4 1 0.6000000000000001 0 0.6000000000000001 0 0 0.6000000000000001 0 0 0 0.2 6.4 1 1 0 0 0 0.6000000000000001 1 0.6000000000000001 0 0 0.4 0 0 0 2.4000000000000004 0 0 0.6000000000000001 0 0 0 0.6000000000000001 0 0 0 0 0.4 3.8000000000000003 0 0 0 0 0 6.6000000000000005 1.8 7.4 2.6 0 4 0 0 5.2 3.4000000000000004 0 0.2 0 3.8000000000000003 1.2000000000000002 2 1 4.2 0 0.2 0 0.2 0 0 0 0 0 0 0 0 0 0 0 0 0 0 0 0 4.800000000000001 0 0 0 0 0 0 0 0 0 0 0 0 0 0 0.2 0 0 0 0 0 0 0 0 0 0 0 0 0 0 0 0.4 0 0 0 0 0 0 0 0 0 0 0 2.2 2.6 0 2.4000000000000004 0 1.6 6.4 6.2 12.200000000000001 2.6 0 1.4000000000000001 0 0 0 4.800000000000001 1.8 0.2 0.4 0 0 0 0 0 0 0 0 0 0 0 0 0 0 0 0 0 0 0 0 0 0 0 0 0 0 0 0 0 0 0 0 0 0 0 0 0 0 0 0.2 0 0 0 0 0 0.2 0 0 0 0 0 0.4 0 0.2 0 0 0 0 0 0 0 0 0 0 0 0.2 0 0 17.6 0 0 0.6000000000000001 7.4 0.2 0 0 0 0 0 0 0.4 0 0 0 0 0.4 0 0 0 0 0 0 0 0 0 0 3 0 0 0 0 0 0 0 0 0 0 0 0 0 
 22.400000000000002 5.2 42.400000000000006 8 7.6000000000000005 46.6 4.4 9.8 8 25.8 10.4 25.400000000000002 5.4 5.4 69.4 58.6 41.800000000000004 0 9.8 52.2 0 0 0 0 0.4 0 0.6000000000000001 0.6000000000000001 0 1 0 0 0 0 0 0.4 0 0.2 0.2 0 0 0.6000000000000001 0.2 0 0 0.6000000000000001 0 0.6000000000000001 0.4 0 0.2 0 0.8 0.6000000000000001 0.6000000000000001 0 0 0.4 0 0 0 0 0 0 0.6000000000000001 0 0 0 0.6000000000000001 0 0 0 0.6000000000000001 0.4 0 0 0 0 0 0 5.6000000000000005 0.4 2.4000000000000004 2.4000000000000004 5.800000000000001 6.2 0.8 5.800000000000001 7.2 5.2 13 2.8000000000000003 0.4 8.6 0 2.8000000000000003 5.800000000000001 2 0 1.8 2.6 1.4000000000000001 0 0 0 0 0 0 0 0 0 0 0 1.6 0 0 0 0 0 0 0 0 0 0 0.2 0 0 0 0 0 0 0 0 0 0 0 0 0 0 0 0 0 0.8 0 0 0 0 0 0 0 0 1 0 0 0 0 0 0 0 0 0 0 0 6.800000000000001 0 5.4 0.2 0.2 0 4.2 0 5.2 0 0 2 8 0.2 6.4 0 2.2 0 0 0 0 0 0 0 0.2 0 0 0 0 2 0 0 0 0 0 0 6.2 0 0 0 0 0 0 0 0 0 0 0 0 0 0 0 0 0 0 0 0 0 0 0 0 0 0 0 0 0 0 0 0 0 0 0 0 0 0 0 0.2 0 0 0 0 0 0.8 18.2 0 0.4 17.2 0 0 0.4 0 0 0 0 0 0 0 0 0 0 0 0 0 0 0 0 0 0 0 0 9 0 6.800000000000001 0.2 0 0 0 0 0 0 0 0 0 0 0 0 0 
 13.200000000000001 4.4 48.400000000000006 98 13 52.800000000000004 12.200000000000001 50.800000000000004 22.6 40 10.200000000000001 9.600000000000001 60.400000000000006 21.400000000000002 12.4 66.60000000000001 3.4000000000000004 9.8 0 24.8 0 0.4 0.4 0.6000000000000001 7.2 0.2 0.4 0.6000000000000001 0 1 0 0 0 0.8 0 0.4 0.4 0.2 0.4 0 0 0.4 1.2000000000000002 0.4 1.4000000000000001 1.4000000000000001 0 0.6000000000000001 0.8 13 0 0 0.8 0.4 1 0 0 0 0 0 2.4000000000000004 0 0 0 0.6000000000000001 0 0 0 0.4 0 0 0 0 0.4 0 0 0 0 0 0 0 0.2 0 1 0 0 0 9.600000000000001 0 0 0 0 4.2 3 0 3.8000000000000003 4 3.6 8 7.6000000000000005 0 0 0 0 0 0 0 0 0 0 0 0 0 0 0 0 0 0 0 0 0 0 0 0 0 0 0 0 0 0 0 0 0 0 0 0 0.2 0 0 0 0 0 0 0 0 0.4 0 0.4 0 0 0 1.4000000000000001 0 0 0 0 0 0 0 0 2.2 0.2 2.6 2.6 0 0 3.6 2 0 1 0.2 2.6 3.4000000000000004 2.2 3 0.4 1 1.4000000000000001 9 14.600000000000001 0 0 0 0 0 0 0 0 0 0 0 0 0 0 0 0 0 0 0 0.2 0 0 0 0 0 2.8000000000000003 0 0 0 0 0 0 0 0 0 0 0.4 0 0 0 0 0 0 0 0.2 0 0 0 0.4 0.2 0 0 0 0 0 0 0 0 0 0 0 0 0 0 0 0 0 0 0.4 0 0 1 0 0 0 0 0 0.4 0 0 0 0 0 0 0 0 0 0 0 0 0 0 0 0 0 0 0 0 0 0 0 0 0 0 0 0 0 0 0 0 
 21.200000000000003 21.8 54.400000000000006 35.2 57.800000000000004 10 30.6 64.60000000000001 15.600000000000001 33.6 10.200000000000001 67.2 37.6 66.4 65.4 12 55.2 52.2 24.8 0 0.2 0.6000000000000001 1.2000000000000002 0 0.4 0 0.4 0.6000000000000001 0 1 0 0 0 0 0.2 0.4 0 0.2 0 0 0 0.6000000000000001 0.6000000000000001 0.6000000000000001 0 2 0 0.6000000000000001 0.4 0 0 0 0.6000000000000001 0.6000000000000001 0.6000000000000001 0 0 0.4 0 0 0 0.4 0 1.4000000000000001 0.6000000000000001 0 0 0 0.6000000000000001 0.4 0.6000000000000001 6.2 0 0.4 1 9.200000000000001 0 0.2 0 0 0.2 2.6 3.4000000000000004 4.2 3.8000000000000003 0.2 3 2 4.6000000000000005 0.2 3.2 2.4000000000000004 3.6 2.8000000000000003 1.2000000000000002 3 0.6000000000000001 2.8000000000000003 3.6 10 0 3 0 0 0 0 0 0 0 0 0 0 0 0 0 0 0 0 0 0 0 0 0 0 0 0 0 0 0 0 0 0 0 0.4 0 0 0 0 0.4 0 0 0 0 0 0 0 0 0 0 0 0 0 0 0 0 0 0 0 0.2 0.4 0 0 0 4 2.2 0 6.2 2.6 2.6 1.4000000000000001 3.2 4.2 0.4 2.4000000000000004 0 0 0.8 2.6 3.2 1.4000000000000001 0 0 0 0 3.8000000000000003 0 0 0.4 0 0 0 0 0 0 0 0 0 0 0 0 0 0 0 0 0 0 0 0 4 0.4 0 0 0 0 0 0 0 0 0 0 0 0 3 0 0 0.2 0 0 0 0 0 0 0 0 0 0 0 0 0 0 0 0 0 0 0 0.6000000000000001 0.6000000000000001 0 9.8 1.2000000000000002 0 0 0 0 0 0.4 0 0 0 0 0 0 0 0.4 0 0 0 0 0.6000000000000001 0 0 0.4 0 0.2 0 0 2.6 0 0 0 0 0 0 0 0 0 0 0 0 0 
 0 0 0 0.6000000000000001 0 24 0 0 0 15.4 12 26.8 0 0 20.400000000000002 0.4 0 0 0 0.2 0 20.8 47.400000000000006 41.800000000000004 50.400000000000006 8.4 37.2 20.400000000000002 11 37.4 6.4 9.600000000000001 66.4 31.8 27 23.400000000000002 7.6000000000000005 13.4 10.4 21.6 0 0.4 0 0 0.6000000000000001 0 0.8 12.4 1 0.2 0 0 0 0 0 0 0 0 0 0.4 0.6000000000000001 0.4 0.4 0 0 0 0 0.6000000000000001 0.6000000000000001 0.6000000000000001 0.4 0 0.2 0 0 0 0 0.6000000000000001 10.200000000000001 0.6000000000000001 0 0 0 0 0 2 0 0 0 0 1.6 3.4000000000000004 0 0 0 0 0 0 0 4.6000000000000005 0 1.2000000000000002 1.6 1.6 0 0 0 6.2 6.6000000000000005 6.2 0.2 5 0.4 0.2 5.6000000000000005 9.4 0 6.4 4.4 1.8 0 0 0 0 0 0 0 0 0 0 2.4000000000000004 0 2.4000000000000004 0.2 0 0 0 0 0 0 0 0 0 0 0 0 0 0 0 0 0 0 0 1.2000000000000002 0 0 0 0 0 0 1.4000000000000001 0 0 2 0 2.4000000000000004 1.2000000000000002 0 0 0.6000000000000001 0 0 0 0 0.8 0 0 0 0 0 2.6 3.2 7.2 2.4000000000000004 0 0 4.6000000000000005 5.6000000000000005 3.4000000000000004 6.2 0.8 1.6 2.6 0 4 2.6 2 6 6.800000000000001 4.800000000000001 0 0 0 0 0 0 0 0 0 0 0 0 0 0 0 0 0 0 1.2000000000000002 0 0 0 0 0 0 1.8 0 0 0 0 0 0 4 0 0 0 0 0 0 0 0 0 0 0 0 0.4 0 0 0 0 0 0 0 0 2.2 0 0 0.2 0 0.4 0 0 0 0 0 0 0 0 0 0 0 0 0 0 0 0 0 0 0 0 0 3.4000000000000004 0 0 0 1.2000000000000002 0 0 0 0.2 
 1.2000000000000002 0 0 0 0.2 4.800000000000001 0 0 0.2 0 14.8 0 0 0 0 0 0 0 0.4 0.6000000000000001 20.8 0 14 84.4 9 21.200000000000003 30 13.200000000000001 54.2 22 72 14.4 25.6 33.4 48.800000000000004 18.2 41.800000000000004 7.2 24.8 28.200000000000003 0 0 0.8 0 0 0 0 0 0 0 12.600000000000001 0 0 5.4 0 0.4 0.2 0 0 0.4 0.4 0.4 0.4 0 0 0 0 0.6000000000000001 0.6000000000000001 0.4 0 0 6.2 0 0 0 0 0.6000000000000001 0 0 0 0 0 2.2 0 0 0 0 0 0 0 0 0 0 0 0 0 2 0 0 0 6.2 1.6 3.2 0 4.2 6 2.4000000000000004 3.2 0.2 0 4.800000000000001 5.4 0 2.8000000000000003 1.8 4.2 2.6 0.2 0.2 0.2 0 0 0 0 0 0 0 0 0.2 0 0 2 0 0 0 0 0 2 3.6 0 0 0 0 0 0 0 0.8 1 0 0 0 0 0 0 0.4 0 0 0 0 0.2 0 0 1.6 2.8000000000000003 0 0 0 0.6000000000000001 0.6000000000000001 0.2 0 0 0 0 0.4 0 0 0 0 0 0 5 6.800000000000001 0.2 0.2 1.2000000000000002 2.8000000000000003 1.8 2 0 3.2 0 1 0.4 8.4 1.6 2.8000000000000003 3.6 0 2.6 0 0 0 0 0 2 0.2 0 0 0 0 7.4 0 0 0 0 0 4 0 0 0 0 0 0 0 0 0 0.4 0 0 0 0 0 0 0 0 0 0 0 0 0 0 0 0 0 0 0 0 0 0 0 0 0 5.800000000000001 0 0 15.200000000000001 0.4 0 0.2 3.4000000000000004 0 0 0 0 0 0 0 0 0 0 0 0 0 0 0 0 0 0 0 0 0 0 0 0 0 0 0 0 
 0.6000000000000001 0.2 0.4 0 0 21 0 0 0 0.4 0 0.2 0 0 15 0.4 0 0 0.4 1.2000000000000002 47.400000000000006 14 0 32.4 72 6.6000000000000005 16.400000000000002 30.200000000000003 35.800000000000004 25.200000000000003 27.400000000000002 16.2 108 15.200000000000001 39.800000000000004 24.6 14.200000000000001 11 40.6 11.200000000000001 0 0 0 0 0 0 0 0 0 0 0 0 0 0 0 2.8000000000000003 0.2 0 0 0.4 0.6000000000000001 0.4 0.4 0 0 0 0 0.6000000000000001 0.6000000000000001 0.4 0 0 0 0 0.8 0 0 0.6000000000000001 0 0.2 0 0 0.2 0 0.2 0.2 0 0 0 0 0 2 0 0 0 0 0 0 0 0 5 0.2 2.2 2.2 3.6 1.8 0 7 5 2.2 2.2 6.2 2.2 4.800000000000001 4.6000000000000005 3.4000000000000004 0 9.4 4.4 2 4.2 0 0 0 0 0 0.2 0 0 0 0 0 0.4 0 0 4.2 3.6 0 6.2 2.8000000000000003 0 0.2 0 0 0 0 0 0 0 0 0 0 0 0.2 0 0 0 0 0 0 0.8 0.4 0 0 0 4 0.2 0 0 2.2 0.4 0 0 0 0.6000000000000001 0 0 0 0 0 4.6000000000000005 7.4 3.6 0.4 4.6000000000000005 0 11 4.800000000000001 2 2 3.2 3 4.6000000000000005 2.6 9.600000000000001 6.4 0 2.2 1.6 5.800000000000001 0 2.8000000000000003 0 0 0 0 0 0 0 0 0 0 1.8 0 0.2 0 0 0 8.6 0 0 0 0 0 0 0 0 0 0 0 0 0 0 0 0 0 0 0.2 0 0 0 0 1.4000000000000001 0 0 0 0 0 0 0 0 0 0 0 1.2000000000000002 0 0 0 1 0 0 0 0 0 0 0 4 0 0 0 0 0 0 0 0 0 0 0 0 2.6 0 2 0 0 0 1.6 1.8 0 0 0 
 0.8 0 0 13.8 0 0 0 0 0.2 0 0 11.8 0 0 5.2 0 0 0 0.6000000000000001 0 41.800000000000004 84.4 32.4 0 43 59.2 19.400000000000002 49.6 37.2 20 16.6 59 61.400000000000006 25.8 77.4 25.6 24.200000000000003 53.2 92.80000000000001 72 0 1.4000000000000001 0.4 0 0 0 0 0 0.8 0.6000000000000001 0 0 0 30 0 0 0 0.2 0.4 0.4 0.8 0.4 0.4 0 0 0 0.4 0.6000000000000001 0.6000000000000001 1 0.4 0 0.6000000000000001 0 0 0 0 1.2000000000000002 0 1 0 0 0 0 0 0 0 0 0 0 0 0 0 0 0 0 0 0.4 0 0 0 0.2 12.4 7.2 3 1.4000000000000001 2.4000000000000004 4.800000000000001 8.8 3.6 4.4 3 1.8 0 3 4.4 2.6 0 0 0 2.4000000000000004 1.6 0 0 0 0 4 0 0 0 0 0 2.2 0 2.2 0 0 0 7.6000000000000005 7.4 0 0 0 0 0 0 0 2.8000000000000003 0.4 0 0 0 0 0 0 0 0 0 0 0 0 0 0 0 0 2 0 3.6 0 2.6 0 0 0 0 0 0 0 0 0 0 3.2 1.6 5.6000000000000005 5.800000000000001 0.4 2.8000000000000003 2.6 5 5 0.2 0 2 0 0.8 5.800000000000001 1.4000000000000001 3.4000000000000004 23.400000000000002 0 0 2 0 0 0 0 0 3 0.2 0 0 0 0 3 5.4 0 0 0 0 0 5.2 0 0 1.2000000000000002 0 0 0 0 0 0.4 0 0 0 0 0 0 0 0 0 0 0 0 0 0 0 0 0 0 0 0.4 0 0 0 0 0 3.4000000000000004 0.2 0.4 16.2 0.2 0.2 3 2.8000000000000003 0 0 0 0.4 0 0 0 0 0 0 0 0.4 0 0 0 0 0 0 0 1.6 0 0 0 0 0 0 0 0 
 1.6 0.6000000000000001 0.4 0.6000000000000001 0.8 0.8 0.4 0.2 0.8 0.4 0.4 15.200000000000001 0.2 0.6000000000000001 6 0.2 1.2000000000000002 0.4 7.2 0.4 50.400000000000006 9 72 43 0 46.2 11.600000000000001 11.8 35.6 31.200000000000003 53.2 30.8 16.8 56.800000000000004 14.8 17.2 26.200000000000003 40 13 22.400000000000002 1.4000000000000001 0 0 0 0 0 0 1.4000000000000001 0 0.4 0 0 17.400000000000002 0 2.2 0 0 0 4.4 12.8 0.6000000000000001 0.4 0.4 0 1 0 0 0.6000000000000001 0.6000000000000001 0.6000000000000001 10.600000000000001 0 0 0 0 0 0 0.6000000000000001 0 0.4 0 0 0 0 0 0 0 3.8000000000000003 0 0 0 0 0 0 0 0 0 0 0 0.2 0 4.6000000000000005 5.2 3 12 2.8000000000000003 0 0.2 0 0 0 1.8 0 0 3.4000000000000004 3.4000000000000004 2.6 0 0 0 11.4 3.6 0 0 3.2 0 5.800000000000001 0.2 2.4000000000000004 4.4 0 9 9 0 10.8 6 0 0 5 10.600000000000001 0 0 0 0 0 0 2.4000000000000004 6.2 3 0 0 0 0 0 2.8000000000000003 0 0 0 0 2.4000000000000004 0.4 0 0 1.6 0.4 0.2 0 0.8 0 0 0 0 0 0 0 0 0.4 0 0 0 5.4 5 1.8 10.600000000000001 10.200000000000001 1.8 0 0 0.2 3.2 0.4 4.2 0 1.8 0 0 4.6000000000000005 5 0 0 2.6 0 5.4 0 0 0 5.800000000000001 0 3.8000000000000003 0 0 0 9.200000000000001 4 5.4 4.2 5.2 0 0 1.2000000000000002 0 0 0 0 0 0 0 0 0 0 0 0 0 0.4 0 0 0 0 0 0 0 0 0 0 0 0 0 0 0 0 0 0.2 0 0 1.6 0 0 16.6 0.4 1.2000000000000002 4.2 2.6 0 0 0 0 1.8 0 0 0 0 0 0 0 0 0 0 0 0 0 0 0 3.8000000000000003 0 0 0 2 0 0 0 
 0 0 0 0 0 0 0 0 0 0 0 0 0 0 0 0.2 0.2 0 0.2 0 8.4 21.200000000000003 6.6000000000000005 59.2 46.2 0 7 8.200000000000001 10 15.600000000000001 30.400000000000002 13.8 7.2 14.600000000000001 10.8 13.200000000000001 18.2 13 8.200000000000001 10.4 13 1.4000000000000001 1 42.2 0 0 12.200000000000001 0.8 0.2 0.4 0.6000000000000001 0 12.8 0 12.600000000000001 0.8 0.2 13.4 28.200000000000003 0.6000000000000001 1.4000000000000001 0.6000000000000001 0.8 0.6000000000000001 0.6000000000000001 0 0.4 1 0.6000000000000001 0.4 0.2 0 0 0 1 0 0.6000000000000001 0.6000000000000001 0 1 0 0 0 0 0 0 0 0 0 0 0 3.8000000000000003 0 0 0 0 0 0 0 0 0 0 0 2.4000000000000004 0.2 4.6000000000000005 0 0 0 0 0 0 0 0 1.8 0 0 1.4000000000000001 0 0 2.2 1.4000000000000001 0 3.6 0 0 9 4.2 4.4 3 1.6 0 7 2.8000000000000003 0 1.6 0 2.2 0.2 5.6000000000000005 0 0 0 0 0 0 1.2000000000000002 0 0 0 0 0 0 0 0 3.4000000000000004 0 0 0 0 0 0 0 0 0 0 0 0 0.2 0 0 0 0 0 0.2 0 0.4 0 0 0 0 2.4000000000000004 0 1.6 1.6 2.2 0 0 0 0 0.2 7.4 5 0 0 1.4000000000000001 0 0 0 0 1.6 3 2.4000000000000004 0 0 0 2.6 0 4.6000000000000005 2.2 0.4 0.2 4 5.800000000000001 3.2 0.2 0.2 2 0 1.4000000000000001 0 0 0 0 0 0 0 0 0 0 0 0 0 0 0 0 0 0 2 0 0 0 0 0 0 0 0 0 0 0 0 0 0 0 2.4000000000000004 0 0 0 0.2 0.2 2 0.2 0 0 0 0 3.4000000000000004 0 0 0 0 0.2 0 0.2 0 0 0 0 0 0 0 0 1.2000000000000002 0 0 0 1.4000000000000001 0 0 0 
 0.6000000000000001 0.6000000000000001 0.8 15.8 35 16.8 0.6000000000000001 0.6000000000000001 1.8 37.4 28.6 31.200000000000003 0.6000000000000001 0.6000000000000001 0.6000000000000001 0.6000000000000001 1 0.6000000000000001 0.4 0.4 37.2 30 16.400000000000002 19.400000000000002 11.600000000000001 7 0 76 64.8 6.6000000000000005 126.60000000000001 50.800000000000004 60.6 77 28.200000000000003 36 8.4 9.4 30.200000000000003 33.800000000000004 0.6000000000000001 0.6000000000000001 0 0 0 0 1.6 0.4 0.6000000000000001 0 0.6000000000000001 0 0 0.6000000000000001 0 0 0.4 0.6000000000000001 0 0.4 0.4 0.4 0.4 0 0 0.6000000000000001 0 0.6000000000000001 0.6000000000000001 0.4 0 0 0 0 0 0.8 0 1 0.6000000000000001 0.4 0 0 0 0 12.4 2.8000000000000003 0 1.2000000000000002 0 0 3 10.600000000000001 0 0 0 0 0 0 0 0 7.800000000000001 1.4000000000000001 8.200000000000001 0 0 0 9.8 0 2.2 1.8 1.8 0 0 12.600000000000001 0 2.4000000000000004 3.2 0 2 6 0 0 0 0 0 0 0.2 0.2 0 0 0 0 0 0 0 0 0 0 0 0 0 0 0.2 0 0 0 0 0.2 0 0 0 0 0 0 0 0 0 0.4 0 0 0 0 0 3 0 0.4 0.8 0 1 0.8 0.8 0 0 0 0.2 3 0 0 0 0 11.4 0 2 0 0 0 3.8000000000000003 2.6 0 0 0 0 4 3.8000000000000003 0 0 0 0 4.2 7.800000000000001 0 0 0 0 0.4 0 0.8 0 0 0 0 0 0 0 0 0 0 0 0 0 0 0 0 0 0 1.2000000000000002 0 0 0 0 0 0 0 0 0 0.4 0 0 0 0 0 2 3 0 0 0 14.8 0 0 0 2 0 0 0 0.2 1.8 0 0 0 0 0 0 0 0 0 0 0 0 0 0 0 0 0 0 0 0 0 0 0 0 0 0 0 0 0 0 0 0 0 0 
 0.6000000000000001 0.6000000000000001 0.8 0.6000000000000001 15.600000000000001 0.8 0.6000000000000001 0.6000000000000001 1.2000000000000002 0.6000000000000001 0.6000000000000001 0.6000000000000001 0.6000000000000001 0.6000000000000001 0.8 0.8 0.6000000000000001 0.6000000000000001 0.6000000000000001 0.6000000000000001 20.400000000000002 13.200000000000001 30.200000000000003 49.6 11.8 8.200000000000001 76 0 31 65.60000000000001 52 32.2 40.6 68.8 28 16.400000000000002 14.8 49.800000000000004 58.800000000000004 13 0 0 0 0 0 0 0.6000000000000001 0 0 0 0 0 0 0 0 0 12.4 6.6000000000000005 0 0.4 0.8 0.4 0.4 0 0 0 0 0.4 0.6000000000000001 0.6000000000000001 0.4 0 0 0 0 0 2 0.6000000000000001 0 0.6000000000000001 0 0 0 0 0 0 0 0 0 0 0 0 0 0 0 0 0 0 0 0 0 0.4 10 10.4 0 4 3.8000000000000003 5.6000000000000005 10.200000000000001 0 9 4 6 2.4000000000000004 0 7.4 4 0 0 2 0 0 0 0 0 0 2.2 0 0 0 0 0 4 0 0 0 0 0 3 0.2 0 0 0 0 0 0 0 0 3 0 1.6 0 0 0 0 0 0 0 0 0 0 0 0 0 0.2 7.2 0 0 0 0 0 0 0 0 0 0 0 0 0 0 5 5.2 2 8.200000000000001 0 2.4000000000000004 13.4 1.8 9 4.800000000000001 0 5 10 3 5.2 8 2 5.4 0 1.4000000000000001 0 0 0 0 0 0 0 0 0 0 0 0 0.2 1 0 0 0 0 1.8 6 0 0 0 0 0 0 0 0 0 0 0 0 0 0 0 0.4 0 0 0 0 0 2.6 0 0 0 0.2 0.2 0 0 0 0 15.200000000000001 0 0 4 0 0 0.2 15.8 0 1 0.4 0 0 0 0 0 0 0 0 0 0 0 0 0 0 0 0 0 0 0 0 0 0 0 3.4000000000000004 0 0 0 0 
 0 0 0 0.6000000000000001 0 6.6000000000000005 40.400000000000006 0 0 0 0 13 0 0 20.400000000000002 0.2 0 0 0 0 11 54.2 35.800000000000004 37.2 35.6 10 64.8 31 0 30.8 27 35 40 36.4 53.2 26.200000000000003 14 22.6 30.8 30.6 0.4 0.8 10.4 1 0 0 0 0 0.6000000000000001 0 0 0 0 0 0 0 0.4 13.4 13 0.4 0.6000000000000001 0.4 0.4 0 1 0 0 1 0.6000000000000001 0.6000000000000001 0.2 0 0 0 0 1 21.6 0.6000000000000001 0 0.4 0 0 0 0 2.4000000000000004 0 0 0 0 0 0 0 0 0 0 0 0 0 0 0 3.2 4.2 5.2 4 2.6 4.2 2.2 1.8 0 3.4000000000000004 0 5.800000000000001 0 4.2 1.8 5 5.6000000000000005 9.4 2.6 1.8 11.200000000000001 0 0 0 0 0 0 0 0 0 0 0 4.2 0 0 2.6 0 0 0.2 1.6 0 0 0 0 0 0 0 0 0.6000000000000001 0 0 0 0 0 0 0 0 0 0 0 0.4 0 0 0 0 7 0 0 0 0.8 0 0 0 0 0 0.6000000000000001 0 0 0 0 0 0 0 3.4000000000000004 1.4000000000000001 0 1.2000000000000002 0 2.2 0 0 6 2.8000000000000003 1 0 2 6.2 5.4 0 0 2 0 0 0 0 0 2.2 0 0 0 0 0 1.6 0 2.2 0.2 0 0 0 0 0 0 0 0 0 0 0 0 3 0 0 0 0 0 0 0 0 0 0 0 0 0 0.2 0 0 0 0 0 0 0 0 0 0 0 1.6 0.4 0.2 1.4000000000000001 0 0 0 2 0 0 0 0 0 0 0 0 0 0 0 0 0 0 0 0 0 3.8000000000000003 0 0 0 0 0 0 0 0 0 0 
 1.2000000000000002 1 0.8 1 0.6000000000000001 5 1 1 2.2 0.8 1 1 0.8 1.2000000000000002 0.8 0.8 0.6000000000000001 1 1 1 37.4 22 25.200000000000003 20 31.200000000000003 15.600000000000001 6.6000000000000005 65.60000000000001 30.8 0 62.6 23 17.2 45 22 30.200000000000003 36.6 38.800000000000004 32.2 19.8 0 0 0.2 0.2 0 0.4 0 0 0 0 5.2 0 7.2 0.8 0.4 0 0.2 0.6000000000000001 0 0.8 0.6000000000000001 0.4 0.4 0 0 0 0 0.6000000000000001 0.6000000000000001 0.4 0 0 0 0 0.8 0.8 0 1 0 0.2 0 0 0 0 0 0 0 0 0 0 0 0 0 0 0 0 0 0 0 0 0 2 2.4000000000000004 1.2000000000000002 3.6 4 2 4.6000000000000005 0 1.2000000000000002 12 3.8000000000000003 0 2 2.2 1.4000000000000001 6 3.4000000000000004 1.6 2.4000000000000004 0.2 0 0 0 0 0 4.6000000000000005 0 2 0 0 0 4.2 3.6 0 3.4000000000000004 0 0 0 4.2 0 0 0 0 0 0 0 0 1 0 0 0.2 0 0 0 0 3 0 0 0 1.2000000000000002 0 0 0 0 0 0.6000000000000001 0 0.4 0.6000000000000001 0 4.6000000000000005 0 0 0.8 1 0 0 2 0 0 4.6000000000000005 7.800000000000001 3.6 0 6.2 2.2 0 0 1.6 4.2 5.800000000000001 0 0 4.2 2 8 5.6000000000000005 0 0.2 1.8 0 0 0 0 0 4.800000000000001 3.6 3 0 0.2 0 1.6 0 2.2 1.6 0 0 2.4000000000000004 1.6 0 0 0 0 0 0 3.2 0 0 0 0 0 0 0 0 0 0 0 0 0 0 0 0 0 0 0 0 0 0 0 0 0 0 0 4.2 0 0 16.400000000000002 0 0.4 0.4 2 0 0 0 0 0 0 0 0 0 0.4 0 0 0 0 0 0 0 0 0 0 0 0 0 0.6000000000000001 0 0 0 0.6000000000000001 
 0 0 0 0 15 0 0 0 0.4 4.2 0 24.200000000000003 0 0.2 0 0 0 0 0 0 6.4 72 27.400000000000002 16.6 53.2 30.400000000000002 126.60000000000001 52 27 62.6 0 43 6 63 97.2 47.800000000000004 37.800000000000004 39 39.6 16.8 0 0 0 0 0 0 0 0 0 0.2 0 0 0 0 0 0 0.2 0 12.600000000000001 0.4 0.6000000000000001 0.4 0.4 0 0.4 0 0 0.6000000000000001 0.6000000000000001 0.4 0 0 0 0 0 0 0 0.6000000000000001 0 0.2 0 0 0 1.4000000000000001 0 0 0 0 0 0 0 0 0 0 0 0 0 0 0 0 0 2.4000000000000004 4.4 0.2 2 11.4 4 0 1.2000000000000002 0 12.600000000000001 1.4000000000000001 0 2.2 2.2 1.6 10.8 0 0.4 1.8 0 0 0 7.800000000000001 0 0 2 2.6 0 0 0 0 2 0 2.2 0 0.2 0 0 3.8000000000000003 0 0 0 0 0 0 0 0 1 0 0 0 0 0 0 0 0 0 0 0 2.8000000000000003 0 0 0 0 2.2 0 0 1 1.2000000000000002 0 0 0 0 2.8000000000000003 1.2000000000000002 0 0 0 0 2.8000000000000003 5.800000000000001 0.8 2.4000000000000004 1.6 2 2.2 0 0 1.8 2 13.8 2.4000000000000004 2 0 2.4000000000000004 4 2.2 0 1.4000000000000001 0.4 0 1.4000000000000001 0 0 0 5.2 0 0 0 0 0 5.4 0 0 0 0 0 2 2.2 0 0 0 0 0 0 0 0 0 0 0 0 0 0 0 0 0 0 0 0.4 0 2.6 0 0 0 0 0 0 0 0 0 0 0 0 2.2 0 0.4 15.600000000000001 0.6000000000000001 0 0 2 0 0 0 0 1.4000000000000001 0 0 0 0 0 0 0 0 0 0 0 0 0 0 0 0 0 0 0 1.6 0 0 0 
