 0 64.60000000000001 22 28 3.8000000000000003 10.4 47.6 26.400000000000002 13.4 22.8 7.4 14 26 42.400000000000006 8.4 9.8 22.6 23 15 9 0.6000000000000001 0.6000000000000001 0 0 1 0.8 1.2000000000000002 0.4 0 1 0.2 0 0 1 1 14.600000000000001 0.4 0.4 0 0 1.2000000000000002 0 0.6000000000000001 0 0 1.8 0.4 0.8 0 0.4 0.4 1.4000000000000001 0 0 0 0 0 2 0 0.6000000000000001 0 0.8 0.8 0 0.2 0.8 0.4 0 1 1 0.8 2.8000000000000003 0 1.2000000000000002 0.2 0.6000000000000001 0 1.8 0.4 0 10.8 2.8000000000000003 5.2 7.6000000000000005 0 3 2.6 3 6.2 3.4000000000000004 2.6 0 0 5.4 6.800000000000001 1.8 0 3.2 0 0 0 0 0 0 0 0 0 0 0 0 0 0 0 0 0 0 0 2 0 4.2 0 0 0 0 0 0 0 0 0 0 0 0 0 0 0 0 0 0 0 0 0 0 0 0 0.2 0 0 0 0 0.4 0 0 0 0 0 0 0.4 0 0 0 2.2 7.4 0 3.6 0 0 10.600000000000001 0 2.2 5.800000000000001 4 1.2000000000000002 2.2 4.800000000000001 0 4 1.8 8.6 0.2 0 0 0 0 0 0 0 0 0 0 0 0 0 0.8 0 0 0 0 0 0 0 0 0 0 0 0 0 0 0 0 0 0 0 0 0 0 0 0 0 0 0 0 0 0 0 0 0 0 0 0 0 0 0 0 0 0 0 0 0 0 0 0 0 0 0 0 0 0 0.4 18.400000000000002 0 3 0.6000000000000001 0 0 0 0 0 0 0 0 0 0 0 0 0 0 0 0 0 0 0 0 0 0 0 0 3.8000000000000003 0 0 0 0 0 0 0 0 0 0 0 0 0 
 64.60000000000001 0 59.800000000000004 38.6 25.8 72 55 39 72 21.8 43.6 59.6 47.800000000000004 27 17.8 69.4 20.8 5.2 7 18.2 0.8 0.6000000000000001 0.2 0 0.4 0 0 0.4 0 1.4000000000000001 0.4 0 0 0.6000000000000001 0 0 0.4 0 0 0 0 0 1.2000000000000002 0 0 0.8 0.6000000000000001 0 0 0.4 1.2000000000000002 0.6000000000000001 0 0 0 0 0 0 0 0 0 0 0 0 0 0 0.4 0.6000000000000001 0.4 0.4 0 0.4 8.4 0 0 0 0 0 0 0.2 5.2 6.4 6.4 7 1.4000000000000001 2.6 0 2.6 5.6000000000000005 11 7.6000000000000005 0 5.2 3.8000000000000003 2 3.2 0.2 0 0 2 0 0 0 0 0 0 0 0 0 0 0 0 0 0.2 0 0 0 2.6 2 0.2 0 0 0 0 0 0 0 0 0 0 0 0 0 0.2 2.6 0 0 0.2 0 0 0 0 0 0 0 0 0 0 0 0.4 0 0 0 0.2 0 0 0 1.4000000000000001 0.4 0 8.4 2.2 6.2 0.2 3.8000000000000003 1 1.8 4.800000000000001 6 2.6 7.6000000000000005 1.6 0 6.2 5 0.2 9.600000000000001 8 0 2.2 0 0 0 1.6 0.2 0 0 0 0 0 0 0 0 0 0 0.2 0 0 0 0.2 0 0 0 0 0 2 0 0 0 0 0 0 0 0 0 0 7 0 0 0 0 0 0 0 0 0 0 0 0 0 0 0 0 0 0 0 0 0 0 0 0 0 0 0 0 0 18.2 0.4 18.6 0 3.2 1.4000000000000001 0 0 0 0 0 0 0 0 0 0 0 0 0 0 0 0 0 0 0 0 0 0 0 6.4 3 0 0 0 0 0 0 0 0 0 0 0 0 0 
 22 59.800000000000004 0 143.20000000000002 9 24.6 22.6 22.400000000000002 59.2 65.2 19.8 86 19.6 11.200000000000001 119.2 54.400000000000006 20 61.6 16.8 9.200000000000001 20 0.6000000000000001 0 0 0.4 0 22.400000000000002 0.4 0.2 0.6000000000000001 0.6000000000000001 0 18 0.6000000000000001 0 0 0 0 0 35.800000000000004 0 0 0.4 0 0 0.6000000000000001 0.6000000000000001 0 0 0 0.4 0.6000000000000001 12.4 12.600000000000001 0.6000000000000001 0 0 0 0 0 0 0 0 0 0 0 0.4 2 0.4 0.4 0 0.6000000000000001 0 0 0 0 0 0 0 0 3.2 4.4 0.2 0.2 0.2 19.200000000000003 0 0 0 6 5.2 2.8000000000000003 0.4 0.4 0 6 2.6 0 0 0 2 0 0 0 0 0 0 6.800000000000001 9 0 0 0 1.2000000000000002 5.800000000000001 0 0 0 2 2 4.800000000000001 0 0 0 0 0 0 1.8 0 0 0 0 0 0 0 0 0 0.4 0 0.4 0 0 0 0 0 0 0 0 0 0 0 0 0 0 0.8 0 0 0 0.8 0 0 1 0.8 4.6000000000000005 12 1.2000000000000002 4.6000000000000005 0 8.200000000000001 2.4000000000000004 4.2 3.4000000000000004 2.4000000000000004 1.4000000000000001 2.6 1 5 4.800000000000001 0.2 0 0 0 0 0 0 0 0 0 0.4 0.2 0 0 0 6 0 0 3 3 0 0.4 3.8000000000000003 0 0 0 0 0 0 0 0 0 0 0 0 0 0 0 0 0 0 0 0 0 0 0 0 0 0 0.2 0 0 0 0 0 0 0.4 0 0 0 0 0 0 0 0 0 0 0 0 19.200000000000003 0 0.4 0.4 0 1.2000000000000002 0 0 0 0 0.2 0 0 0 0 0 0 0 0 1 0.2 0 0 0 0 0 0 0 0 2 4.4 0 0 0 0 0 0 0 0 0 0 0 0 0 
 28 38.6 143.20000000000002 0 14.4 27.200000000000003 20.6 33.6 35.4 33.6 75.8 82.80000000000001 49.400000000000006 19 87.2 47 26 33.4 51.6 28.400000000000002 15.4 0.6000000000000001 0 0 0.4 0 7 0.4 0 0.6000000000000001 0.2 0 0 0.6000000000000001 0 0 0 0.2 0 19.200000000000003 0 0 0 0 0 0.6000000000000001 0.4 0 0 0.2 0.4 0.6000000000000001 0 1.2000000000000002 0 0 0 0.8 0 0 0 0 0 0 0 0 0.4 0 0.6000000000000001 0.4 0 0.6000000000000001 0 9.600000000000001 0 0 0.2 0 0 0 1.6 4.4 2 0 0 0 0 6.4 0 2.8000000000000003 0 5.6000000000000005 3.4000000000000004 0 3.8000000000000003 1.4000000000000001 4.6000000000000005 2.8000000000000003 0 7.6000000000000005 1 0 0 0 0 0 0 0 0 0 1.8 0 0 7 0 0 0 2.8000000000000003 6.2 10.8 0 0 0 0 0 0 0 0 0 0.4 0 0 0 0 0 0 0 0.2 2 0 0 0 0 0 0 0 0 0 0 0 0 0 0 0 0.6000000000000001 0 0 0.6000000000000001 0 0 0 5 3.8000000000000003 2.4000000000000004 6.4 4.800000000000001 0 2.2 3.2 6.800000000000001 0 2 0.8 0 2 9.4 2 2.4000000000000004 0.2 0 0 0 0 0 0 0 0 0 3 0 0 0 7.800000000000001 0 0 3 3.8000000000000003 0 2 0.2 0 0.2 0 0.2 0 0 0 0 0 0.4 0 0 0 0 0.4 3.8000000000000003 0 0 0 0.4 0 0 0 0 0.4 0 0 0 0 0 0 0 0 0 0 0 0 0 0 0 0 0 0 0 0 0 0.2 0 19.200000000000003 0.4 0 1 0 0 0 0 0 0 0 0 0 0 0 0 0 0 0 0 0 0 0 0 0 0 0 1.8 0 0 0 0 0 0 0 0 0 0 0 0 0 0 
 3.8000000000000003 25.8 9 14.4 0 21.400000000000002 9.200000000000001 15.200000000000001 13.600000000000001 34.6 27.200000000000003 27.6 14.600000000000001 13 28.8 36 46 42.6 11.8 9.4 7.4 0.6000000000000001 0 0 0.4 0 14.8 15.200000000000001 0.2 0.6000000000000001 0.4 0 24.400000000000002 24.8 15 0 0 0 4.2 0.2 0 12.8 0 0 0 0.4 1.4000000000000001 0 0 0 0.4 0.6000000000000001 0 0 0 0 0 0 0 0 0 0 0.2 0 0 0.2 0.4 0 0.4 0.6000000000000001 0 0 0 0 0 0 0 0 0 0 0 2.2 4.800000000000001 1.6 3.2 0 0 3.8000000000000003 3.4000000000000004 0 0 0.2 0 0 3.8000000000000003 0 0 3.8000000000000003 0 0 0.2 4.6000000000000005 2.2 0 0 0 1.8 0 1.6 0.2 0 0 0 2.2 0 5.800000000000001 0 3.2 6.2 0 0 0 0 3.2 0 0 0 0 0 0 0 0 0 0 0 0 0 0 0 3.6 0 0 1.6 0 0 0.6000000000000001 0 0 0 2.4000000000000004 0 0 0 0 0 0 0 0 6.6000000000000005 0 0 0.2 0 0 0.6000000000000001 4 0 0 0 5.2 0 0 1.8 0 0 0 0 0.4 0 0 1.6 0 1.8 3.2 0 0 2.8000000000000003 0 0 2.4000000000000004 0 0 0.2 2 0 0 4 3 0 1.2000000000000002 0 0 0 0 0 0 0 0 0 0 0 0 0 0 0 0 0 0 0 0 0 0 0 0 0 0 0 0 0 0 0 0 0 0 0 0 0 0 0 0 0 0 0 0 0 0.8 0 0 0 18.6 0.6000000000000001 1.4000000000000001 0.6000000000000001 0 0 0 0 0 0 0 0 0 1 0 0 0 0 0 0 0 0 0 0 0 0 0.2 0 0 0 0 0 1.4000000000000001 0 0 0 0 0 0 0 0 
 10.4 72 24.6 27.200000000000003 21.400000000000002 0 50.6 3.8000000000000003 59.800000000000004 30.400000000000002 47.6 48.400000000000006 16.8 12.200000000000001 50 35.2 20 8.200000000000001 8.4 24.8 0.2 0.6000000000000001 0 0 0.6000000000000001 0 0 0.4 0.4 0.6000000000000001 0.6000000000000001 0 0.2 1 15 0 0 0 15 3.4000000000000004 0 0.2 0 2.2 0 0.4 0.8 0 0 6.4 0.4 0.6000000000000001 2.6 0.4 0 0 0 0 2 0 0 0 0 1 0 0.2 0.6000000000000001 0 0.4 0.6000000000000001 0 0 0 0 0 0 0 0.4 0 0 5.6000000000000005 1.6 0 0 0.2 5.6000000000000005 0 2.8000000000000003 2.6 0 3 3 1.8 0 0 5.4 1.6 0 0.2 0 1.4000000000000001 0 0 0.4 0 0 2.4000000000000004 7.800000000000001 3.6 0 2 1.4000000000000001 2.8000000000000003 11 0 0.4 0.2 2 1.4000000000000001 2.4000000000000004 0 0 0 0 0 0 0 0 0 0 0 0 0.2 0 0 0 0 0 0 0 0 0 0 0 0 0 0 0 0.4 0 0 0 0 0.8 0 0 0 1.6 0 0 0 2.4000000000000004 6 0.2 2.8000000000000003 1.8 0 3.6 0 5.6000000000000005 0 2 0 6 1.8 0.2 2.2 0 0 0 3.2 2 0 2.6 1.8 0 0.8 0 2.8000000000000003 0 1.8 0 5.800000000000001 1.8 0 5.800000000000001 2 0.2 5.800000000000001 3 0 0 0 0 0 0 0 0 0 0 0.4 0 0 0 0 0 0 0 0 0 0 0 0 0 0 0 0 0 2.8000000000000003 0 0 0 0 0 0 0.2 0 0 0 0 0 0 0 0 0 0 17 0 18.6 1.4000000000000001 0.2 4 0 0 0 0 0 0 0 0 0 0 0 0 0 0 0 0 0 0 0 0 0 0 0 3.6 0 0 0 0 0 0.6000000000000001 0 0 0 0 0 0 0 0 
 47.6 55 22.6 20.6 9.200000000000001 50.6 0 80.4 6.2 26.400000000000002 65.4 7.4 20 25.200000000000003 7.6000000000000005 5.800000000000001 7.4 7.2 63.2 23.200000000000003 0.6000000000000001 1 0 0 0.6000000000000001 0 0 0.4 0 0.6000000000000001 0.4 0 0 0.6000000000000001 0 0 0 0 0 0 0 0 4.2 0 0 0.4 0.6000000000000001 0.8 0 0 0.4 0.6000000000000001 0 0 0 0 0 0 0 0 0 0 0 0.2 0 0.2 0.4 0.8 0.4 0.6000000000000001 0 0.2 0 0 0 0 0 0.2 0 0.8 8.200000000000001 11.200000000000001 0 5.4 0 4.800000000000001 0.2 0 3.4000000000000004 1.8 0.6000000000000001 1.8 0 4.2 0 3.4000000000000004 12.600000000000001 2.4000000000000004 10.8 3.8000000000000003 0 0 0 0 0 0 0 0 0 0 0 0 0 0 0 0 0 0 0 0 0 0 0 0 0 0 2.6 0 0 0 0 0 0 0.4 0 0 0 0.4 0 0 0 0 0 0 0 0 0 0 0 0.2 0 0 0 0 0 0 0.6000000000000001 0 0.2 0 0.4 2.8000000000000003 0 3 0 0 3.2 0 0.4 4 4 1.2000000000000002 0 0 3 4.4 0.4 8.6 6.6000000000000005 3.8000000000000003 0 0 0 0 0.4 0 0 0 0 0 0 0 0 0 0 0.6000000000000001 0 0 0 0 0 0 0 0 0 0 0 0 0 0 0 0 0 0 0 0 0 0 0 0 0 0 0 0 0 0 0 0 0 0 0 0 0 2.4000000000000004 0 0 0 0 0 0 0 1.8 0 0 0 0.2 0 0.4 0 0.4 0 1 0 0 0 0 0 0 0 0 0 0 0 0 0 0 0 0 0 0 0 0 0 0 0 0 9 0 0 0 0 0 0 0 0 0 0 0 0 0 
 26.400000000000002 39 22.400000000000002 33.6 15.200000000000001 3.8000000000000003 80.4 0 17.400000000000002 28.200000000000003 5 8.6 19 29 9.200000000000001 7.6000000000000005 5.6000000000000005 4.6000000000000005 36 42.800000000000004 0.4 0.6000000000000001 0 1.4000000000000001 0.4 0 0.2 0.4 0.8 0.6000000000000001 1 0 0 15.600000000000001 0 0 0.4 0 0 0 0 0 1.2000000000000002 0 0 0.6000000000000001 0.6000000000000001 0.6000000000000001 0 0.4 0.4 0.6000000000000001 0 0 1.6 0 0 12.4 0 0 0 0 0 0 0 0.2 1 0.6000000000000001 0.4 0.6000000000000001 0 0.2 0 0 0 0 0 0 0 0 14.8 5.2 0.4 2.6 0 3 3 0 0.2 2.4000000000000004 10 1.4000000000000001 2.8000000000000003 9 11.600000000000001 0 3.6 0 2.8000000000000003 2.6 0 0 0.8 0 0 0 0 0 0 0 0 0 0 0 0 0 0 0 0 0 0 0 0 0 0 0 0 0.2 0 0 0 0 0 0 0 0 0 0 0 0 0 0 0 0 0 0 0 0 0 0 0 0 0.4 0 0 0 0.6000000000000001 0 0 0 7.800000000000001 3.4000000000000004 0 0 0 0.2 3.6 2.6 7.2 5.4 3.2 1.8 1.6 2 4 6.6000000000000005 2.4000000000000004 6 9.8 7.2 0 0 0 0 0 0 0 0 0 0 0 0 0 0 0.2 0 0 0 0 0 0 2.2 0 0 0 0 0 0 0 0 0 0 0 0 0.4 0 0 0 0 0 0 0 0 0 0.4 0 0 0 0 0 1.4000000000000001 0 0 0 0 0 0 0 0 0 0 0 0 0 0 0 5.6000000000000005 0.4 0 0.4 0.2 1.8 0 0 0 0 0 0 0 0 0 0 0 0 0 0 0.4 0 0 0 0 0 0.2 0 0 0 0 0 0 0 0 0 0 0 0 0 0 0 0 0 
 13.4 72 59.2 35.4 13.600000000000001 59.800000000000004 6.2 17.400000000000002 0 28 63.800000000000004 35.6 17.8 14.200000000000001 58.800000000000004 70.8 17 6.4 12.600000000000001 8.4 0.2 0.6000000000000001 0 1 0.4 0 0 0.4 14.8 0.6000000000000001 1 0 14.8 0.6000000000000001 0 0 0.2 0 0 20.8 0 0 0 0 0 0.4 0.6000000000000001 0 0 0 0.4 0.6000000000000001 0 0.6000000000000001 0 0 0 0 0 0 0 0 0.4 0 0 0.2 0.4 0 0.4 0.6000000000000001 0 0 0 0 0 0 0 0.2 0 0 0 1.2000000000000002 0 0 1.2000000000000002 4.4 0 1.4000000000000001 2.6 2 3 1.8 4.800000000000001 0 0 7.4 2.4000000000000004 0 0 0 2 0 0 0 0 0 0 6.6000000000000005 0 0 0 0 8.6 6.6000000000000005 0 0 0 0 0 2.8000000000000003 0 0 4 0 0 0 0 0 0 0 0 0 0 0 0 0 0 0 0.2 0 0 0 0 0 0 0 0 0 0 0 0 0 0 0.4 0.2 0 0 0.4 0 0 0 2.6 8.200000000000001 5.4 2.6 0 4.6000000000000005 6 2.2 2.6 2.6 4.2 0 1.8 4.2 0.2 2 0 0 2.6 0 0 0 0 0 0 0 0 0 0 0 0 9.8 0 0 8.200000000000001 2.4000000000000004 0 0.2 6.2 0 0 0 0 0 1.6 0 0 0 0 0 0 0 0 0 0 0 0 0 0 0 0 0 0 0 0 0 0 2.6 0 0 0 0 0 0 0 0 0 0 0 0 0 0 0 0 0 20.200000000000003 0.4 0.4 0.4 0 0.4 0 0 0 0 0 0 0 0 0 0 0 0 0 0 0 0 0 0 0 0 0 0 0 1.4000000000000001 8.200000000000001 0 0 0 0 0 0 0 0 0 0 0 0 0 
 22.8 21.8 65.2 33.6 34.6 30.400000000000002 26.400000000000002 28.200000000000003 28 0 39.6 8.8 10.200000000000001 24 24.200000000000003 43 8.6 10.8 31 43.800000000000004 6.6000000000000005 0.8 0 0.6000000000000001 0.4 0 27.400000000000002 0.4 0.2 15.4 0.8 0 29.8 1.2000000000000002 16 0 0 0.4 0.6000000000000001 43.2 0.6000000000000001 0 0 0 0.2 1 1.2000000000000002 0 0 0 0.8 1.2000000000000002 0 0 0 0 0 0 0 0 0 0 0 0 0.6000000000000001 0 0.4 0.4 0.6000000000000001 0.4 0 0.6000000000000001 0 0 0 0 0 0 0 0.4 5.4 2.8000000000000003 1 2.8000000000000003 1.8 13.200000000000001 3 4.2 0 3.2 9.8 2 0 2.6 4.6000000000000005 0.2 5.6000000000000005 7.4 3.8000000000000003 2.2 0.6000000000000001 0 0 0 0 0 0 5.6000000000000005 0 0 0 0 2.4000000000000004 3.2 0 0 0 3.2 3.2 1.8 0 0 0 0 0 0 0 0 0 0 0 0 0 0 0 0 0 0 2.6 0 0 0 0 0 0 0 0 0 0 0 0.8 0 0 0 4 0 0 0 0 0 2.2 0 0 2.6 4.2 2.2 0 0 3.4000000000000004 0 3.8000000000000003 0 0.2 0 4.2 5.6000000000000005 3.6 9.200000000000001 2.4000000000000004 3.8000000000000003 0 0 2.8000000000000003 0 0 0 8.4 1.8 0 0 0 0 5.800000000000001 0 0 2.6 2.6 0 3.6 3.4000000000000004 0 0 0 10.600000000000001 0 0 0 0 0 0 0 0 0 0 0 0 0 0 0 0 0 0 0 0 0 0 0 0 0 0 0 0 0 0 0 0 0 0 0 0 0 0 0 0 0 0.6000000000000001 0 0.2 0 0.4 0.2 1 0 0 0 0 0 0 0 0 0 0 0 0 0 0 0 0 0 0 0 0 0 0 0 0 3.6 0 0 0 0 0 0 0 0 0 0 0 0 0 
 7.4 43.6 19.8 75.8 27.200000000000003 47.6 65.4 5 63.800000000000004 39.6 0 44 4.800000000000001 6.4 93.60000000000001 37.800000000000004 68 95.80000000000001 49.400000000000006 8.200000000000001 20.400000000000002 1 0 0 0.8 0 19.200000000000003 0.4 0 0.6000000000000001 0.2 0 4.800000000000001 4.800000000000001 0 0 0.2 0 0 16 0 0 0 0 0 1.2000000000000002 1 0 0 0 0.4 0.6000000000000001 0 0 0 0.2 0 0 0 0 0 0 0 0 0 0 0.8 0 0.4 0.4 0 0.6000000000000001 0 0 0 0 0.6000000000000001 0 0 0 0.2 2 1 0 3.6 4.800000000000001 0 3 2.6 0 4.2 2.6 1.6 0 4.2 3.4000000000000004 0.2 0.4 0 0 1.8 0 0 0 0 0 0 4.2 0 0 0 0 2.6 3 0 2.6 0 0 2.6 3 0 0 0 0 0 0 0 0 0 0 0 2.8000000000000003 0 0 0 0 0 0 0 0 0 0 0 0 0 0 0 0 0 0.4 0 0 0 2.6 2.4000000000000004 0 0 1 0 0 0 2.8000000000000003 10 3.6 4.6000000000000005 2.2 0 2.6 0 3 0 2.2 1.4000000000000001 2.8000000000000003 0 2.8000000000000003 0 0.6000000000000001 0 0 0 0 0 0 0 0 0 0 0 0 0 0 0.2 0 0 0 0 0 0.2 4.2 0 0 0 0.2 0 0 0 0 0 0 0 0 0 0 0 0 0 0 0 0 0 0 0 0 0 0 0 0 0 0 0 0 0 0 0 0 0 0 0 0 0 0 0 0 0 0 18 0.4 0.4 0.4 0 1 0 0 0 0 0 0 0 0 0 0 1.6 0 0 0 0 0 0 0 0 0 0 0 0 2.2 5.6000000000000005 0 0 0 0 0 0 0 0 0 0 0 0 0 
 14 59.6 86 82.80000000000001 27.6 48.400000000000006 7.4 8.6 35.6 8.8 44 0 24.6 8.8 9 26 15.600000000000001 15.600000000000001 7 4.2 21.8 0.6000000000000001 0 0 0.4 0 20.6 16.400000000000002 0 0.6000000000000001 0.2 0 15.8 15.4 15.600000000000001 0 0.8 0 3.8000000000000003 27.200000000000003 0 0 0.6000000000000001 0 0 0.6000000000000001 0.4 12.200000000000001 0 0.4 0.6000000000000001 0.6000000000000001 0 0 0 0 0 0 0 0 0 0 0 0 0 0.4 0.4 0 0.4 0.4 0 0.6000000000000001 0 0 0 0 0 0 0 0 0 0.2 0.4 0 7.2 7.2 0 0 0 2 3.2 5.2 2 0 0 3 0 0.2 0.2 0.2 5.2 0 0 0 0 0 7.2 6 0 2.2 0 0 8.6 5.6000000000000005 0.2 2.2 3 0 3.8000000000000003 0 0 0 0 0 0 0 0.2 0 0 0 0 0 0 0 0 0 0 0 0 0 0 0 0 0 0 0 0.4 0 0 0 0 0 0 2 0 0 0 0.6000000000000001 0 0 0 0 7.4 6.800000000000001 0 2 3.4000000000000004 5 2.8000000000000003 0 2 0.2 0 1.8 2.4000000000000004 0.2 3.8000000000000003 1.2000000000000002 0 2 0 0 2.2 0 0 0.2 0 3.4000000000000004 4.6000000000000005 0 0 0 0 2.8000000000000003 0 2.8000000000000003 4 0 7.4 4.800000000000001 0 0 0 0 0 2.2 0 0.2 0 0 0 0 0.4 0 0 0 0 0 0 0 0 0 0 0 0 0 0 0 0 0 0.4 0 0 0 0 0 0 0 0 0 0 0 0 0 0 0.6000000000000001 20.200000000000003 0.4 0.2 0.2 0.8 1.4000000000000001 3.4000000000000004 0.4 0 0 0 0 0 5.4 0 0 0 0 0 0 0.2 0 0 0 0 0 6 0 0 0 3.6 0 0 0 0 0 0 0 0 0 0 0 0 0 
 26 47.800000000000004 19.6 49.400000000000006 14.600000000000001 16.8 20 19 17.8 10.200000000000001 4.800000000000001 24.6 0 27.6 25.8 25 9.4 7.2 54 28.200000000000003 0.2 0.6000000000000001 40.400000000000006 0.2 21.8 0 0 0.4 0 0.6000000000000001 0.6000000000000001 0.4 0 0.6000000000000001 0 0 0 0 0 0 0 0 0.4 0 0 0.4 0.6000000000000001 0 0.2 1.4000000000000001 0.4 0.6000000000000001 0 0 0.4 0 0 0 0 0 0 0 0 0 0 0 0.6000000000000001 0 0.4 0.6000000000000001 0 0 0 0 0 0 0 0 0 0 0.2 16.6 3.6 3.2 0 0 2.2 3.2 6.6000000000000005 3.4000000000000004 2.4000000000000004 0.2 2 5.2 11.200000000000001 0 0 2.6 8.6 3 0 0 0 0 0.2 0 0 0.2 0 0 0 0 0 0 0 0 0 0 1.4000000000000001 0.4 0 0 0 0 0 0 0 0 0 0 0 0 0 0 0 0 0 0 1.8 0 0 0 0 0 0 0.2 0 0 0 0 0 0 0 0 0.4 0.4 0 0 0 0 1.8 2.6 0.6000000000000001 0.6000000000000001 5.6000000000000005 6 0.8 0.2 0 0 3.2 0 1.6 9 1.2000000000000002 0 1.4000000000000001 3.8000000000000003 1.8 0 0 0 0 0 0 0 0 0 0 0 0 0 0 0 0 0 0.4 0 0 0 0 0 0 0 0.2 0 0 0 0 0 0 0 0 0 0 0 0.2 0 0 0 0 0 0 0 0 0.2 0 0 0 0 0 0 0 0 0 0 0 0 0 0.2 0 0 0 0 0 0 0 0.2 0.6000000000000001 0 1.6 2 0 0 0 0 0.4 0 0 0 2.8000000000000003 0 0 0 0.4 0 0 0 0 1.6 0 0 0 0 0 2 0 0 0 0 0 0 0 0 0 0 0 0 0 0 
 42.400000000000006 27 11.200000000000001 19 13 12.200000000000001 25.200000000000003 29 14.200000000000001 24 6.4 8.8 27.6 0 14.600000000000001 7.800000000000001 16.400000000000002 11.4 35.2 52.400000000000006 0.4 0.6000000000000001 0 0 0.4 0 0 0.4 0.4 0.6000000000000001 0.4 0 0 1.4000000000000001 0 0.2 0 0 0 0 0 0 0 0 0 0.4 0.6000000000000001 0 0 0 0.4 0.6000000000000001 0 0 0 0 0 0 0 0 0 0 0 0 0 0 0.4 0 0.4 0.6000000000000001 0 0.2 0 0 0 0 0 0.2 0 0 1.4000000000000001 4.4 2.2 4.4 0 0 5 2.8000000000000003 1.2000000000000002 3.2 1.8 1.2000000000000002 0 5 5.4 0 4.800000000000001 5.4 3.4000000000000004 7 0 0 3.6 0 0 0 0 0 0 0 0 0 0.2 0 0 0 0 0 0 0.2 1.6 0 0.4 0 0 0 0.6000000000000001 0 1.8 0 0 0 0 0 0 0 0 0 1.4000000000000001 0.2 0 0 0 0 0 0 0 0.2 0 0 1.2000000000000002 0 0 0 2 0 0 0 0 0 0 0 0 0 0.2 2.8000000000000003 0 0 0 0 2 1.4000000000000001 0 5 1.8 3.8000000000000003 2.2 6.4 2 6.4 0 0 0 0 0 0 0 0 0 0 0 0 0 0.4 0 0 0 0 0 0 0 0 0 0 0 0 0.2 0 0.8 0 0 0 1.8 0 2 0.6000000000000001 0 0.2 0 0 0 0 0 0 0 0 0 0 0 0 0 0.4 0 0 0 0 0 0 0 0.4 0 0 0 0 0 0 0.4 0 0.6000000000000001 0 2.4000000000000004 2.4000000000000004 0 0 0 0 0 0 0 0 0 0 1.4000000000000001 0 0 0 0 0 0 0 0 0 0 0 0 0 0 0 0 0 0 0 0 0 1.6 0 0 0 0 0 
 8.4 17.8 119.2 87.2 28.8 50 7.6000000000000005 9.200000000000001 58.800000000000004 24.200000000000003 93.60000000000001 9 25.8 14.600000000000001 0 78.4 28.8 24.6 13.8 61.800000000000004 1.6 0.6000000000000001 0.4 0.2 1.2000000000000002 0.8 5.6000000000000005 0.8 1 0.6000000000000001 1 0.6000000000000001 15.8 1 0.4 0.8 0.4 1.4000000000000001 0.4 0.8 0.4 0.4 0 0.6000000000000001 0.4 0.6000000000000001 0.4 0 0 1.2000000000000002 0.4 1.2000000000000002 0 0.6000000000000001 0.2 0.4 0 0 0 0 0 0 0.8 0 0 0.4 0.4 0.8 0.4 1.4000000000000001 0 1 0 9.4 0.8 0.2 0 0 0 0.2 2.8000000000000003 1.2000000000000002 3.4000000000000004 0 2.8000000000000003 4.2 0 5.6000000000000005 3 0.6000000000000001 2.2 2.2 4.2 0 4.4 7.2 3.4000000000000004 0 0 0 0 0 0 0 0 0 0 4.2 0.4 0 0 0 4.800000000000001 4 0 0 0 0 7.2 6.6000000000000005 0 0.4 0 0 0 0 0 0 0.2 0 0 0 0 0 0 0 0 0 0 0 0 0 0 0 0 0 0 0 0 0 0 0 0 0.6000000000000001 0.2 0 0 1.4000000000000001 0 0 0 4.800000000000001 7 0 7.6000000000000005 1.4000000000000001 0 3 0 6.4 0.6000000000000001 2.8000000000000003 0 0 2 0 6.4 0 0 0 0 0 0 0 0 0 1 0 0 1.8 0 0 13.600000000000001 0 0 0 0 0 3 0 0 0 0 0 0 0 0 0 0.2 4.800000000000001 0 0 0 0 0 0 0 0 0.2 0 0 0 0 0 0 0 0 0 2.8000000000000003 0 0 0 0 0 0 0 0 0 0 0 0 0 0 0 0 0.6000000000000001 0.8 0 18 1.6 0 1 0 0 0 0 0 0 0.4 0 0 0 0 0 0 0 0 0 0 0 0 0 0 0.2 0 4.800000000000001 0 0 0 0 0 0 0 0 0 0 0 0 0 0 
 9.8 69.4 54.400000000000006 47 36 35.2 5.800000000000001 7.6000000000000005 70.8 43 37.800000000000004 26 25 7.800000000000001 78.4 0 9.600000000000001 70 49.2 9.4 15.8 0.6000000000000001 0 14.8 0.8 0 42.6 0.4 0 0.6000000000000001 0.2 0 0 20.8 0 0 0.6000000000000001 0 0 29.6 0 0 0 0 0 0.6000000000000001 0.4 0 0 0 0.4 0.6000000000000001 0 0 0 0 0 0 0 0 6.2 2 0 2 1.6 0.4 0.4 0.2 0.4 0.4 0.6000000000000001 1.2000000000000002 0 2 0 6.800000000000001 0 0 0 0 0 4.6000000000000005 6.800000000000001 0 0.2 0.4 0 0.2 12 1.8 2 5.800000000000001 3.8000000000000003 2.6 0.8 2 2.8000000000000003 5.800000000000001 0 0 2.4000000000000004 0 0 0 0 0 0 8 0 0 0 0 5.800000000000001 5.4 0 2 0 0 9 1.2000000000000002 0 0 0 0.2 0 0 0 0 0 3.2 0 0 0 2.2 0 0 0 0 0.8 0 0 0 0 0 0 0 0 0 0 0 0 0 0 0.6000000000000001 0.2 0 0 0.8 0 0 0.2 9.200000000000001 3.6 1.8 7.6000000000000005 3 0 1.6 0 7.4 0 2.6 0 0 0 1.4000000000000001 0 0 0 0 0 0 0 0 0 0 6 0.6000000000000001 0 0 0 0 5.4 0 0 0 0 0 3.2 0.2 0 0 0 2 0 0.2 0 0 0 0 0 0 0 0 0.2 0 0 0 0 0 2.4000000000000004 0 0 0 0 0 3.8000000000000003 0 5.4 0 0 0 0 0.2 0 0 0 0 0 0 0 0 0 0 0 0.4 0.8 0 0.4 8.8 0 0.6000000000000001 0 0 0.2 0 0 0 0 0 0 0 0 0 0 0 0 0 0 0 0 0 0 0 0 5 3.2 0 0 0 0 0 0 0 0 0 0 0 0 0 
 22.6 20.8 20 26 46 20 7.4 5.6000000000000005 17 8.6 68 15.600000000000001 9.4 16.400000000000002 28.8 9.600000000000001 0 46 5.4 6.800000000000001 0.4 0.6000000000000001 0 0.6000000000000001 0.4 0 30.8 1 0.6000000000000001 1.4000000000000001 1.8 0 15.8 31.400000000000002 10.4 0 0.4 1 16.2 21.6 0 0 0 0 0 0.4 0.6000000000000001 0.2 12.600000000000001 0 0.4 0.6000000000000001 0 0 1.2000000000000002 0 0 0.8 0.4 0.6000000000000001 0 0 0 0 0.6000000000000001 0.6000000000000001 0.4 0 0.4 0.6000000000000001 0 0.6000000000000001 0 0 0 0 0 0 0 0 0 2 3.8000000000000003 1.4000000000000001 4.6000000000000005 0 0 4.2 5.2 8.4 2.2 0 0 2 6.4 3.2 0 0.4 0 2.8000000000000003 0 0 0 0 0 0 3.4000000000000004 5 0 0 0 0 6.800000000000001 0 0 7 0 0 0 1.8 3.6 0 0 0 0 0 0 13.4 0 0 0 0 0 0 0 0 0 0 0 0 0 0 0 0 0 0 0 0 0 0 0 0 0 0 0 0 0 0 0 0 0 2.6 3.8000000000000003 0 7 3.8000000000000003 0 1.4000000000000001 0 6.4 4.2 3.2 0 3.2 0 0 0 3.8000000000000003 0 0 0 1.8 0 0 0 0 3.6 2 0 0.2 0 0 8.6 0 0 0 0 0 0 2.4000000000000004 0 0 0 0 0 0 0 0 10.4 2.6 0 0 0 0.2 0 0 0 0 0 0 0 0 0 0 0 0 0 0 3.2 0 0 0 0 0 0 0 0 0 0 0 0 0 0 0 0 0 0 0 0.4 17 0.4 2.4000000000000004 0 0 0 0 0 0.4 0 0 0 0 2 0 0 0 1.4000000000000001 0 0 0 0 0 0 0 0 5.800000000000001 0 2 0 0 0 0 0 0 0 0 0 0 0 0 
 23 5.2 61.6 33.4 42.6 8.200000000000001 7.2 4.6000000000000005 6.4 10.8 95.80000000000001 15.600000000000001 7.2 11.4 24.6 70 46 0 5.6000000000000005 10.4 6.6000000000000005 0.6000000000000001 0 0 0.4 0 36 0.4 0 0.6000000000000001 1 0 14.4 15 14.8 0 0 0 0.2 43.2 0 0 0 0.4 0 0.4 0.6000000000000001 0.4 0 0 0.4 0.6000000000000001 0 0 0 0 0 0 0 0 0 0 0 0 0 0 0.4 0 0.4 0.6000000000000001 0 0 0 0 0 0 0 0 0 0 0 0 2 0 6.800000000000001 0 0 2.2 0 4.2 0 0 0 0 3.4000000000000004 0.2 0.2 0 0 0 0.6000000000000001 0 0 0 0 0 0 3.4000000000000004 0 0 0 0 6.2 2.2 0 0 0 5.4 0 2 0 0 0 0.2 0 0 0 0 0 0 0 0 0 0 0 0 0 0 0.2 0 0 0 0 0 0 0 0 0 0 0 0 0 0 0.8 0 0 0 0 4.6000000000000005 0 0.2 3.6 3 6.6000000000000005 2 0 0 0 2.6 2 1.8 2.8000000000000003 1.8 0 0 2.2 0 0 0 0 0 3.8000000000000003 0 0 0 0 2.4000000000000004 4.6000000000000005 0 0 0 0 7.800000000000001 0 0 0 0 0 3.2 3.6 0 0 0 0 0 0 0 0 0 3 0 0 0 0 0 0 0 0 0 0 0 0 0 0 0 0 0.4 0 0 0 0 0 0 0.2 0 0 0 0 0 0 0 0 0 0 0 0 0.2 0 0.8 17.6 0.2 0.6000000000000001 0 0 0 0 0 0 0 0 0 0 1.4000000000000001 0 0 0 0 0 0 0 0 0 0 0 0 0 4.6000000000000005 0 0 0 0 0 0 0 0 0 0 0 0 0 
 15 7 16.8 51.6 11.8 8.4 63.2 36 12.600000000000001 31 49.400000000000006 7 54 35.2 13.8 49.2 5.4 5.6000000000000005 0 32.800000000000004 0.8 0.6000000000000001 0 0.8 0.4 0 0 0.4 1 0.6000000000000001 0.2 8.8 0.2 0.6000000000000001 0.2 0.6000000000000001 0 0.6000000000000001 0.8 0.6000000000000001 0 0.6000000000000001 0 0 0 0.6000000000000001 0.6000000000000001 0.4 0 0 0.4 1.6 0 0.6000000000000001 6 0 0 0 0 0.6000000000000001 0 0 0 0 0.6000000000000001 0 0.4 3 0.6000000000000001 0.4 0.6000000000000001 11.4 0 0 0 0 0 0 0 0 0 2 5.4 5 0 0 4.800000000000001 1.8 0 0 1.8 0 1.4000000000000001 1 7.800000000000001 0 0 2 4.800000000000001 0 0 0 0 2.8000000000000003 0 0 0 0 0 0 0 0 0 0 0 0 0 0 0 0 0 0 0 0 0 0 0 0 0 0 0 0 0 0 0 0 0 0 1.8 0 0 0 0.2 0 0 0 0 0 0 0 5 0 0 0 1 0 0 0 0 0 3.8000000000000003 4.2 0 0 2.6 0 2 0 0 0 0 0 0 1.8 2 0 4.2 3 3.2 0.2 0 0 0 0 0 0 0 0 0 0 0 0 0 0 0 0 0 0.6000000000000001 0 0 0 0 0 0 0 0 0 0 0 4.4 0 0 0 0 0 0 0 0 0 0 1.2000000000000002 0 0 0 1 0.4 0 0 0 0 0 1.4000000000000001 0 0 0 0 0 0 0 0 0 0 0 0 0 0 0 0 0.4 0.2 0 3 0 0 0 0 0 0 0 0 0 0 0 0 0 0 0 0 0 0 0 0 0 0 0 0 0 0 0 0 0 0 0 0 0 0 0 0 0 0.2 
 9 18.2 9.200000000000001 28.400000000000002 9.4 24.8 23.200000000000003 42.800000000000004 8.4 43.800000000000004 8.200000000000001 4.2 28.200000000000003 52.400000000000006 61.800000000000004 9.4 6.800000000000001 10.4 32.800000000000004 0 0.6000000000000001 0.6000000000000001 0 0 0.4 0 0.2 14.8 0 0.6000000000000001 0.2 0 0 0.6000000000000001 0.4 0 0 0 0.4 0 0 0 0.2 0 0 0.6000000000000001 0.4 0.8 0 0 0.4 0.6000000000000001 0 0 0 0 0 0 0 0 0 0 0 0 0 0 0.4 0 0.4 0.4 0 0.6000000000000001 0 0 0 0 0 0 0 0 0 0.2 4.4 2.2 0 0 5.4 4 4 1.8 0.2 0.4 4.6000000000000005 4.4 4.4 2 0 7.800000000000001 2 10 0 0 0 0 0.4 0 0 2.8000000000000003 0 0 5 0 0 0.2 0 0.4 0 0 0 0 0 0 0 0 0 0 0 0 0 0 0 0 0 0 0 0 0 0 1.6 0 0 0 0 0 0 0 0 0 0 0 1 0 0 0 3.4000000000000004 0 0 0 0 0 0.2 6.800000000000001 0 2.6 4.2 4.2 1.4000000000000001 7.2 2.2 0 0 0.4 1.2000000000000002 2.2 0 0 2.2 0 2 2.2 0 0 0 0 0 0 0 0 0 0 0 0 0 0 0 0 0.2 0 0 0 0 0 0 0 0.4 0 1.2000000000000002 0 0 0 0 0 0 0 0 0.4 0 0 0 0 0 0 0 0.4 0 0.4 0 0 0 0 0 0 0 0 0 0 0 0 0 0 0 1.4000000000000001 0 0 0 0.4 0 0 0 0.2 0 2 0 0 0 0 0 0 0 0 0 0 0 0 0 0 0 0 0 0.2 0 0 0 1.2000000000000002 0 0.8 0 0 0 0 0 0 0 0 0 0 0 0 0 0 
 0.6000000000000001 0.8 20 15.4 7.4 0.2 0.6000000000000001 0.4 0.2 6.6000000000000005 20.400000000000002 21.8 0.2 0.4 1.6 15.8 0.4 6.6000000000000005 0.8 0.6000000000000001 0 74.2 30.8 31.8 20.200000000000003 7.2 27 46 32.2 64.60000000000001 21.8 25 14.8 14.4 60.800000000000004 96 27.400000000000002 11.200000000000001 8.4 87.2 0 0.4 0.4 0 0 0 0 0 0 0 0 0.4 0.6000000000000001 0 0 12.200000000000001 0 0 6.6000000000000005 0.6000000000000001 1.2000000000000002 10.600000000000001 0 0 0 0.4 1 0 0.6000000000000001 0.4 0 0 0 0 0 0.4 0 0 0.6000000000000001 0 0 0 0 1.8 2.2 0 0 0 0 0 0 3.8000000000000003 0 0 0 0 0 0 0 0 4.800000000000001 6.4 2 2.8000000000000003 0 0 2 4 4.6000000000000005 0 4.2 0.2 1.8 1.4000000000000001 4.800000000000001 4.2 9.200000000000001 3 5 1.8 0 5.4 0 0 0 0 0 0 0 0 0 0 0 0 0 0 0 0 0 0.4 0.2 0 0.8 0 0 1.4000000000000001 0 0 0 1 0 0 0 0 3.2 0 0 0 0.8 0 0.4 0 0 1.6 0 0 0 0 0 0 0 0 0 0 0 0.2 0 0 0 0 1.8 0.2 2.6 0.2 0 0 3.4000000000000004 5.2 5.800000000000001 5.800000000000001 0 0 0 2.2 2.2 1.8 8 5.2 11.200000000000001 2.6 0 0 0 0 0 0.4 0 0 0 0 0 0 0 0 0 0 0 0 0.2 0 0 0 0 0 0 0 0 0 0 0 0 0 0 0 0 0 0 0 0 0 0 0 0.6000000000000001 0 0 0 0 0 0 0 0 0 0 0 1 0 0 9 1.6 0 0.4 0 0 0 0 0 0 0 0 0 0 0 0 0 0 0 8.4 1 0 0 0 5 0 0.2 0 0 0 0 0 0 
 0.6000000000000001 0.6000000000000001 0.6000000000000001 0.6000000000000001 0.6000000000000001 0.6000000000000001 1 0.6000000000000001 0.6000000000000001 0.8 1 0.6000000000000001 0.6000000000000001 0.6000000000000001 0.6000000000000001 0.6000000000000001 0.6000000000000001 0.6000000000000001 0.6000000000000001 0.6000000000000001 74.2 0 92.60000000000001 43 80.4 6.800000000000001 81.4 38.2 29.200000000000003 9.4 28.6 102.4 25.6 31.400000000000002 26.6 85.60000000000001 35.4 26 25 7.4 0.4 0 0.4 0 13 0 0 0 0 0 0 0.4 0.6000000000000001 0 0 0.6000000000000001 0 0 0.2 0.6000000000000001 0.6000000000000001 0 0 0 0 0 0.4 0 0.6000000000000001 0.6000000000000001 0 0 0 1.4000000000000001 0 0.4 0 0 8.8 0.8 0 0 0 0 0 2 0 0 0 0 0 0 0 0 0 0 0 0 0 0 5.4 5.2 12.4 5.4 0.2 0 0 0 10.8 0 2.4000000000000004 1.8 0 1 4.4 0 6 0 0 0 0 2.4000000000000004 0 0 0 0 2.6 0 3 0 0 0 11.600000000000001 2.6 0 0 0 0 0.2 2.2 0 11.200000000000001 0 0 0 0 1.4000000000000001 0 0 0 0 0 0 0 0 0 0 0 0.6000000000000001 1 0 0 0 0 0 0 0.2 0 0 0.4 1 0.4 0 0 0 0.2 4.800000000000001 0 0 0 1.4000000000000001 4.800000000000001 5.800000000000001 5.6000000000000005 9 0 0.2 2.2 3.2 0.8 8.200000000000001 0.2 0 0.2 7.800000000000001 4.800000000000001 4 5.4 2.6 0 0 0 0 0 0 0 2.4000000000000004 0 0 0 0 0 5.2 0 2 0 0 0 0 5.4 0 0 0 0 0 0 0 0 0 0 0 0 0 0 0 0 0 0 0 0 0 0 0 0 0 0 0 0 0 0 0 0 0 0 1.8 0 0.6000000000000001 8 16.2 0 2.6 0 0 0 0 0 2.6 0 0 0 0 0 0 0 0 0 0 0 0 0.2 0 3 0 0 0 1.8 0 0 0 1 
 0 0.2 0 0 0 0 0 0 0 0 0 0 40.400000000000006 0 0.4 0 0 0 0 0 30.8 92.60000000000001 0 18.8 74.8 8.200000000000001 10.4 17.2 84.2 33 15.4 115.2 56.6 28.400000000000002 25.6 59.6 74 82.80000000000001 11.4 13 0 0 0.4 0 0 0 13.8 0 0 0 0.2 0.4 26.400000000000002 0 0 0 0 0 13.4 13 0.6000000000000001 0 0 0 0 0.4 0.6000000000000001 0 1.2000000000000002 0.6000000000000001 0 0 0 0.8 0 0.4 0 0 0.6000000000000001 0 0 5.800000000000001 0 0 0 0 0 0 0 2.4000000000000004 0 0 0 0 0 0 0 0 0 0 0 3 7.2 10.600000000000001 0 2 0 1.2000000000000002 5.800000000000001 6.6000000000000005 10.200000000000001 4.800000000000001 0 0.8 11.200000000000001 12.8 9.600000000000001 8.8 0 0 0.2 1.8 0 0 0 0 4.2 4.2 0 0 0 0 5.4 1.4000000000000001 2 0 0 0 0.2 4.800000000000001 0 0 0 0 0 0 0.2 0 0 0 0 0 0 0 0 0 0 0 0 0 0 0 10.4 0 0 0 0 0 0 1.2000000000000002 0.6000000000000001 0.2 0.4 0 0 0 0 0 0 0 0 3.6 3.6 7.6000000000000005 5.4 4 0 3.2 2.4000000000000004 9 12 8.4 0 0.2 7.800000000000001 9.8 6.800000000000001 5.6000000000000005 0 0 2.2 2 0 0 0 0 3.4000000000000004 2.2 0 0 0 0 6.2 0.8 1.2000000000000002 0 0 0 12.200000000000001 3.8000000000000003 0 0 0 0 0 0 0 0 0 0 0 0 0 0 0 0 0 0 0 0 0 0 0.2 0 0 0 0 0 0 0 0 0 0 0 1.8 0 0.8 0.2 16.8 0.2 1.2000000000000002 0 0 0 0 0 0.2 0 0 0 0 0.4 0 0 0 0 0 0 0 0 0 8.8 0 0 0 0 0 0 0 0 
 0 0 0 0 0 0 0 1.4000000000000001 1 0.6000000000000001 0 0 0.2 0 0.2 14.8 0.6000000000000001 0 0.8 0 31.8 43 18.8 0 37 40.6 10.600000000000001 31.8 75.60000000000001 13.200000000000001 30.8 37.6 14.8 62.400000000000006 52.400000000000006 43.800000000000004 19 50.6 57 11.4 27.8 1.2000000000000002 0.4 0 0 0 25 0 0 0 0 0.4 13.200000000000001 0 0 0 0 0 12.600000000000001 0.8 0.6000000000000001 0 0.4 0 0 0.4 0.4 0 0.6000000000000001 1.2000000000000002 0 0 0 1.2000000000000002 0 0.4 0 0.4 0.6000000000000001 0 0 0 0 0 0.2 0 0 0 0 0 0 0 0 0 0 0 0 0 0 0 3.6 1.8 6.2 0.4 6.800000000000001 7.4 0 4.4 0 0.2 0.6000000000000001 3.4000000000000004 0 0.2 9 2.8000000000000003 0 0 0 0 0 1.6 12 0 0 0 0.8 0 2.2 0 0.4 0 2.2 2.6 0 0 0 0 5.800000000000001 0.8 0 0 0 0 0 0 1.6 0 0 0.2 0 0 0 0 0 0 0 0 0 1.2000000000000002 0 0 0 0 0 0 0 0 0.4 0 0 0.2 0 0 0 0 0.2 0 0.4 0 0.2 0.6000000000000001 0 1.8 0 5.6000000000000005 0 0.6000000000000001 0 0.2 0 0 0 0.2 9.600000000000001 0.2 2 10.8 0 0 0 0 0 0 0 0 0.2 1.8 8.8 1.6 0 0 4.800000000000001 0.2 2 0 0 0 1.8 3.4000000000000004 0 0 0 0 0 0 0 0 2 0 0 0 0 0 0 0 0 0.2 0.4 0 0 0 4.6000000000000005 0 0 0 0 0 0 0 0 0 0 0 1.8 0 0 30.400000000000002 15.600000000000001 0.2 1.4000000000000001 0.4 0 0 0 0 2.4000000000000004 0 0 0 0 0 0 0 0 0 0 0 0 0 0 0 0 0 0 0 0 0 0 0 
 1 0.4 0.4 0.4 0.4 0.6000000000000001 0.6000000000000001 0.4 0.4 0.4 0.8 0.4 21.8 0.4 1.2000000000000002 0.8 0.4 0.4 0.4 0.4 20.200000000000003 80.4 74.8 37 0 10.8 10.600000000000001 62.2 45.2 28 34.6 24.6 20.200000000000003 34.4 19.8 35.800000000000004 43 87.80000000000001 14.600000000000001 14.4 28.8 0.4 0.6000000000000001 0 0 0 13.8 4.6000000000000005 2.2 0 0 0.4 10.8 0 12.600000000000001 0 0 12.600000000000001 14.200000000000001 17.400000000000002 0.6000000000000001 0 0 0 0 0.2 0.4 0 0.8 0.4 0 0 0 0 0 0.4 0.6000000000000001 0 0.6000000000000001 0 0 0 0 0 0.2 0.2 0 0 0 0 0 0 0 0.2 0.4 0 0 0 0 0 0 3.6 5.6000000000000005 4.6000000000000005 2.6 5.2 0.2 0.2 2 8.4 9.600000000000001 9.200000000000001 0 1.2000000000000002 4.2 6.6000000000000005 2.4000000000000004 3.8000000000000003 0 0 2.4000000000000004 0 0 3.6 0.2 0.4 2 10 0 4.800000000000001 0 0 4.6000000000000005 5.4 0 5.2 0 0 4.4 1.8 0 0 0 0 0 0 0 0 0 0.4 0 0 0 0 0 0 0 0 0 0 0 0 0 0 0 0 0 0 0 0.6000000000000001 5.2 0.2 0 0 0 0 0 0 0 0 0 0.2 2.4000000000000004 0 4.6000000000000005 6 0 2 1.8 4.2 6.6000000000000005 7 0 0 1.2000000000000002 3 6.4 4.2 0.2 0 2.4000000000000004 0 0 0 0 0 0 1.6 11.600000000000001 0.2 0 0.2 1.8 0.4 0 1.2000000000000002 2.2 0 7.800000000000001 6 0 0 0 0 0 0 0 0 0 0 5 0 0 0 4.6000000000000005 0 0 0 0 0 0 0 0.2 0 0 0 0 0 0 0 0 0 0 0 1.8 0.6000000000000001 0 16.2 0.8 0 0.8 0 0 0 0 0 0 0 0 0 0 0 0 0 0 0 0 0 0 0 0 2.4000000000000004 0 0 0 0 0 0 0 0 
 0.8 0 0 0 0 0 0 0 0 0 0 0 0 0 0.8 0 0 0 0 0 7.2 6.800000000000001 8.200000000000001 40.6 10.8 0 49 20.6 11.200000000000001 8.6 62 26.6 5.6000000000000005 9.8 12.4 32 31.6 11.4 10 8.8 13.4 0.8 11.4 0 0 0 12.8 0.4 11.600000000000001 0.2 0 6.4 17.8 26.200000000000003 18.2 12.600000000000001 26 0 23 33.2 0.6000000000000001 0 0 0 0 0.2 0.4 0 0.6000000000000001 0.6000000000000001 0 0 0 0 0 0.4 0 0 0.6000000000000001 10.200000000000001 0 0 0 0 0 0 0.4 0 0 0 0 0 0 0 0 3.8000000000000003 0.2 0 6.6000000000000005 0 0 0 0 0 2 3 0 0 0 2.2 0 8.4 0 0 5 0 0 0 0 0 6.4 3.6 5.4 0 1.8 0 8 0 0 7.6000000000000005 0 0 0.6000000000000001 6.6000000000000005 10.4 2 4.800000000000001 1.4000000000000001 7 5.2 0 0 0 0 0 0 0 0 0 0 0 0 0 0 0.2 0.4 0 0 0 4.2 0 0 0 0 0 0 0 2.8000000000000003 0 0 0 0.4 0 0 0 0 0 0 0 0 0 0 2.4000000000000004 2.6 0 7.4 0 2 0 0 0 2 0 0 0 0 0 0 0 0 9.8 0 6.4 0 3.4000000000000004 1.2000000000000002 2.4000000000000004 1.4000000000000001 2 0 2.4000000000000004 2.8000000000000003 0 7.4 4.6000000000000005 2.8000000000000003 0 0 5.6000000000000005 5.6000000000000005 0 0 0 0 0 0 0 0 0 1 0 0 0 0 0 1.4000000000000001 0 0 0 0 0 0 4.6000000000000005 0 0 0 0 0 0 0 0 0 0 0 2 0 0.8 0 1.2000000000000002 0.2 1.4000000000000001 0 0 0 0 0 0 0 0 0 0 0 0 0 0 0 0 0 0 0 0 0 0 0 2.2 0 0 0 0 0 
 1.2000000000000002 0 22.400000000000002 7 14.8 0 0 0.2 0 27.400000000000002 19.200000000000003 20.6 0 0 5.6000000000000005 42.6 30.8 36 0 0.2 27 81.4 10.4 10.600000000000001 10.600000000000001 49 0 16.6 56.2 6.4 8 13 13 47.6 64 109.60000000000001 27.8 20.6 8.6 77 0 0.4 0.4 0 12.8 12.4 0 0 0 0 0 0.4 0.6000000000000001 0 0.4 0 0 0 0 1.6 0.6000000000000001 0 0 0 0 0.4 0.4 0 5.800000000000001 0.4 0 0 0 0 0 0.4 0 0 0.6000000000000001 0 0 0 3.8000000000000003 0 4.2 0 0 0.2 2.8000000000000003 5.4 0 3.4000000000000004 0 0 0 0 2.8000000000000003 3.4000000000000004 0 0 2.8000000000000003 1.8 0 1.6 0 0 0 4.6000000000000005 0.2 5.2 0 0 9.600000000000001 4 0.2 2 0.2 2.4000000000000004 3.4000000000000004 1.8 0.2 0 0 1.2000000000000002 0 0 0 0 0 0 0 0 3.6 0 0 0 0 0 0 0 0 0 0 0 0 0 0 0 0 0 0 0 0 0.4 0 0 0 0 0 0 0 0 3 4.6000000000000005 3.6 1.8 1.6 0 0 6.800000000000001 3 3.4000000000000004 0 0 0 2.4000000000000004 0.6000000000000001 0 0.4 0 0 5.800000000000001 0 0 4 0 6.800000000000001 6.2 0 2.2 2.2 0 13.600000000000001 2.2 0 0 0 8 4.6000000000000005 1.8 0 0 0 0 0 0 0 0 0 0 0 0 7.800000000000001 0 0 0 0 0 0 9.200000000000001 0 0 0 0 0 0 0 0 2.6 0 0 0 0 0 0 0 0 0 0 0 0 0 0 0 0 0 0 0 0 6.800000000000001 0 0 0.2 0 0.2 0 0 0 0.6000000000000001 0.4 3 0.4 0 0 0 0 0 0 0 0 0 0 0 0 0 2.4000000000000004 2.6 0 0 0 0 0 0 0 0 0 0 0 0 0 
 0.4 0.4 0.4 0.4 15.200000000000001 0.4 0.4 0.4 0.4 0.4 0.4 16.400000000000002 0.4 0.4 0.8 0.4 1 0.4 0.4 14.8 46 38.2 17.2 31.8 62.2 20.6 16.6 0 28.200000000000003 8.4 7.4 4.2 71 33 20.8 71.2 39 11.200000000000001 26.200000000000003 11.8 0 0.4 0.4 0.4 0 0 0 12.4 0 0 0 0.4 0.6000000000000001 0 0 0 0 0 1 0.6000000000000001 0.6000000000000001 0 2.8000000000000003 0 0 0.2 0.4 0 0.6000000000000001 0.4 0 0 0 0 0 0.4 0 0 0.6000000000000001 0 0 0 0 1.2000000000000002 2.8000000000000003 0 0 0 0 0 0 2.6 0 0 0 0 0 0 0 0 0.6000000000000001 2.8000000000000003 2.4000000000000004 0 0 0 12.4 2 6.6000000000000005 3.6 0 0 0 0 7 1.6 7.2 0.2 2.4000000000000004 11.4 0 0 0 0 0 2 0 0 2.2 0 0 0 0 2.6 0 0 0 0 3.4000000000000004 0 1.6 0 0.8 0 0 4.800000000000001 0 0 0 3.4000000000000004 0 0 0 0 0 0 0 0 0 0 0 0 0 0 0 3.8000000000000003 0 0 0 0 0 0 0 0 0 0.4 0 0 0.2 0 2.6 0 6.6000000000000005 2.8000000000000003 5.4 3.4000000000000004 3.2 4 2.8000000000000003 2.2 0 0.2 0 4.2 0.4 0 2.6 0 0 3.4000000000000004 0 0 0 0 0 0 0 0 0 0 0 0 0 0 0 0 0 0 0 0 0 0 0 0 0 0 0 0 0 0 0 0 0 0 0 0 0 0 0 0 0 0 1.2000000000000002 0 0 0 0 0 0 0 0 0 2.4000000000000004 0 1.2000000000000002 0 0.4 0 0.4 0.4 0.4 0 0 0 0 0 0 0 0 0 0 0 10 0 0 0 0 2 0 0.4 0 2.4000000000000004 0 0 0 0 0 0 0 0 
 0 0 0.2 0 0.2 0.4 0 0.8 14.8 0.2 0 0 0 0.4 1 0 0.6000000000000001 0 1 0 32.2 29.200000000000003 84.2 75.60000000000001 45.2 11.200000000000001 56.2 28.200000000000003 0 25.6 36.800000000000004 82.4 77 29.400000000000002 32.800000000000004 58.2 27.8 31.6 24.8 13.200000000000001 0 1.6 0.8 0 0 0 0 0 0 0 0 0.4 12.8 0 0 0 0 0 0 0.6000000000000001 0.6000000000000001 0 0.4 0 0 0 1.6 0.2 0.6000000000000001 2.8000000000000003 0 0 0 0 0 1 0 0 0.6000000000000001 0 0 0 0 0 0 0 0 0 0 0 0 0 0 0.4 0 0 0 0 0 0 0 6.6000000000000005 2.8000000000000003 7.6000000000000005 4 0 1.2000000000000002 0 6 8.6 7.6000000000000005 3.4000000000000004 2.8000000000000003 2.6 6.4 0 3.6 2.6 0.2 0 1.8 0 0 0 0 0 0.4 0.8 0 0.4 0 0 0 1.4000000000000001 0 0 0 0 0 0 0 2 0 0 0 0 0 0 0 0 0 0 0 0 0 0 0 0 0 0 0 0.4 0 0 0 0 0 0 0 0 0 0 0 0 0 0.2 0 0 2.2 0 6.6000000000000005 2.8000000000000003 11.200000000000001 5.2 3.4000000000000004 4.4 4.6000000000000005 2.6 2.4000000000000004 9.600000000000001 0 2.2 0 9.200000000000001 6.2 3.8000000000000003 2 7.4 10.4 0 0 0.2 0.4 0.4 0 0 0 0 0 0 0 0 0 0 0 2.8000000000000003 2.2 0.4 0 0 0 0 0 0 0 0 0 0 0 0.4 0.2 0 0 0 0 0 0 0 0 0 0 0 0 0 0 0 0 0 0 0 0 0 0 0 0.4 0 0.6000000000000001 16.400000000000002 8 0.6000000000000001 1 1.6 0 0 0 0 0 0 0 0 0 0 0 0 0 0 0 0 0 2.4000000000000004 0 3 0 0 0 0 4 0 0 0 
 1 1.4000000000000001 0.6000000000000001 0.6000000000000001 0.6000000000000001 0.6000000000000001 0.6000000000000001 0.6000000000000001 0.6000000000000001 15.4 0.6000000000000001 0.6000000000000001 0.6000000000000001 0.6000000000000001 0.6000000000000001 0.6000000000000001 1.4000000000000001 0.6000000000000001 0.6000000000000001 0.6000000000000001 64.60000000000001 9.4 33 13.200000000000001 28 8.6 6.4 8.4 25.6 0 16.6 6.6000000000000005 11.4 38 39 27 34.4 11.4 32.800000000000004 14.8 4.2 0.6000000000000001 0.4 0 0 0 0 0 0 0 0 0.4 13 0 0 0 0 0.6000000000000001 5 0.6000000000000001 0.6000000000000001 0 0.8 0 0 0.2 0.4 0 0.6000000000000001 0.4 0 0 0 0 0 0.4 0 0 0.6000000000000001 0 0 0 0 0 2.6 0 0 0 0 0 0 0 0 0 0 0 0 0 0 0 3.8000000000000003 0 0 4.2 0 3.6 0 2 1.8 11.200000000000001 2.2 2.6 0 0 6.4 2.8000000000000003 0 1.6 0 0 0 0 0 0 2.8000000000000003 0 1.6 2.6 0 0 0 0 0 2.8000000000000003 0 0 0 0 0.6000000000000001 0 2 0 0 0 0 0 0.4 0 0 0 0 0 0 0 0 0 0 0 0 0.4 0 0 0 0 0 0.2 0 0 0 0 0 0.2 0 0 0 0.2 0 0 0.6000000000000001 0 11 4 0 0 2 0.4 0 0.2 11 1.6 2.4000000000000004 0 0 1.6 4.4 9.4 3 4.6000000000000005 1.6 0.2 0 2.8000000000000003 0 0 0 0 1.6 0 0 0 0 0 4.2 0 0 0 0 0 9.8 0 0 0 0 0 0 0 0 1.6 0 0 0 0 0 0 0 0 0 0 0 0 0 0 0.2 0 0 0 0 0 0 0 0 0 0 0 2 0 0 15.200000000000001 8.4 0.4 0 0.2 0 0 0 0 0 0 0 0 0 0 0.4 0 0 0 0 0 0 0 0 0 0 0 0 6.800000000000001 0 0 0 0 
 0.2 0.4 0.6000000000000001 0.2 0.4 0.6000000000000001 0.4 1 1 0.8 0.2 0.2 0.6000000000000001 0.4 1 0.2 1.8 1 0.2 0.2 21.8 28.6 15.4 30.8 34.6 62 8 7.4 36.800000000000004 16.6 0 67 10.200000000000001 8.4 46.400000000000006 19 21.200000000000003 45.800000000000004 59.800000000000004 12.200000000000001 12.4 0.6000000000000001 0.8 0 0 0 12.4 0 0 0 0 0.4 0.8 0 0 0 0 0 0 3.2 0.6000000000000001 0 0 0 0 0 0.6000000000000001 0 0.6000000000000001 0.6000000000000001 0 0.4 0 0 0 1 0 0 0.6000000000000001 0 0 0 0 0.2 0 0 0 0 0 0 0 0 0 0 0 0 0 0 0 0 3.8000000000000003 2.2 2.6 3.4000000000000004 4.4 1.8 0.8 0.2 2.6 3.8000000000000003 2 1.2000000000000002 0 3.8000000000000003 0.4 0.2 1.2000000000000002 4.800000000000001 0 1 0 3.6 0 0 0 0 0 0.2 2.4000000000000004 0 0 0 2.4000000000000004 3.4000000000000004 0 0 0 0 3.2 0 0 0 0.2 0 5.2 0 0 0 0 0.6000000000000001 0 0 0.2 0 0 0 0 0 1 0 0 0 0 0 2.6 0 0 0 5.2 0 0.4 0.2 0 0 0 0.2 0 0 2 0 7 3 2.4000000000000004 2.8000000000000003 1.4000000000000001 0.2 0.2 0 5.800000000000001 5 1.4000000000000001 0 0 6.6000000000000005 6.2 2.6 2.4000000000000004 8.4 0.2 0 0 0 0 0 0 0 0 0 0 2 0 0 0.4 0 0 0 0 0 0 0.4 0 0 0.2 0 0 0 0.2 0 0 0 0 0 0 0 0 0 0 0 3.2 0 0 0 0.2 0 0 0 0 0 0 0 0 0 0 0 4.4 0 0.2 31.200000000000003 24.6 0.4 1 0 0 0 0 0 2.2 0 0 0.4 0 0 0 0 0 0 0 0 0 0 0 2.2 0 0 0 0 2.6 0 0 0 
