 0 16.6 73.2 18.2 5.4 5.2 47.400000000000006 13.200000000000001 6.6000000000000005 57.2 31.400000000000002 17 14.200000000000001 47.800000000000004 41 23.6 95.2 7.4 25 40.800000000000004 0 0.4 5.800000000000001 0 0.6000000000000001 0 0.4 0 15 0.6000000000000001 0.8 0 0 0 0 0 0.6000000000000001 0.2 0 0 0.2 0.4 0 0.4 0 0 0.8 0.6000000000000001 0 0.6000000000000001 0 0.6000000000000001 1 0.6000000000000001 0 0 0 0 0.4 0 0 0 0 0 0.8 0.4 0 0 0.2 0.4 0 0 0 0.2 6.6000000000000005 0.4 0.6000000000000001 0 0 0 2.2 3.8000000000000003 1.8 0 0 1.6 9.4 4.2 8 0 0 0 5.800000000000001 10.200000000000001 3.4000000000000004 0 6.2 0.2 0.4 4 0 0 0 0 0 0 0 0 0 0 1 0 0 0 0 0 0 0 0 2.2 0 0 0 0 0 1.8 0 0 0 2.2 0 0 0 0 0 0 0 0 0 0 0 0 0.4 2.6 0 0 0 0.6000000000000001 0 0 1.2000000000000002 0 0 0 0 0 0 0 0 0 0 1.8 1 2.8000000000000003 2.8000000000000003 0 6.4 2 3.2 3.6 0 4 0.4 6.2 1 8 0 0 0 0 0 0 0 0 3.8000000000000003 0 0 0 0 0 0 0 0 0 2.8000000000000003 0 0 0 0 0 0 0.2 0 0 0 0 0 0 0 0 0 0 0 0 0 0 0 0 0 0 0 0 0 0 0 0 0 0 0 0 0 0 0 0 0 0 0 0 0 0 0 0 0 0 0 0 0 0.4 0.4 0 2.2 2.4000000000000004 0 0 0 0 0 0 0 0 0 0 0 0 0 0 0 0 0 0 0 0 0 0 0 0 0 0 0 0 0 0 0 0 0 0 0 0 0 0 
 16.6 0 16.400000000000002 89.60000000000001 61 45.2 12 60.800000000000004 28.6 44.800000000000004 26.400000000000002 54.2 11.600000000000001 58.2 32.6 15.200000000000001 41.400000000000006 22.8 17 17.6 0 0.4 0 0 0 0 15.200000000000001 0 0 0.6000000000000001 0.4 0.4 0 0 0 0 17.400000000000002 0.2 15 0 0 0.4 7.800000000000001 0.4 0 0 0.4 13 0 0 0 0 0 0.2 0 0 0 0 0 12.600000000000001 0 0 0 0 0.6000000000000001 0 0 0 0 0.4 0 0 0 8.200000000000001 0 0.4 0.6000000000000001 0 0 0 0 3 4 3.8000000000000003 10.200000000000001 3.8000000000000003 3.8000000000000003 1.4000000000000001 0 5.800000000000001 5.800000000000001 3.2 4.2 0 4.2 3 6.4 0 2.6 0 0 0 0.2 0 0 0 4 0 0 0 0 0 0 0 0 0 0 0 2.2 3.4000000000000004 0 0 0 0 0 0 0 0 0 0 0 0 0 0 0 0 0 0 0 0 0 0 0 0 0 0 0 0 0 0 0 0 0 0 0 0 0 0 0 0 0 4.2 2.4000000000000004 7.2 8.8 0.6000000000000001 2 2.8000000000000003 3.6 2 2.4000000000000004 3.8000000000000003 0 2.8000000000000003 4.2 0 4.800000000000001 7.800000000000001 0 4 0.2 10.200000000000001 0 0 0 0 0 8.200000000000001 1 0 0 0 2 0 0 0 0 0 1.4000000000000001 0 0 0 0 0 0 0 0 0 0 0 0 0 0 2 0 0 0 0 0 0 0 0 0 0 0 0 0 0 0 0 0 0 0 0 0 0 0 0 0 0 0 2.2 0 0 0 0.2 2.4000000000000004 0 0 0.6000000000000001 0.4 1.4000000000000001 3.6 0 0 0 0 0 0 0 0 0 0 0 0 0 0 0 0 0 0 0 0 0 0 1.4000000000000001 3.2 1.4000000000000001 0 0 0 0 0 0 0 0 0 0 0 1.8 
 73.2 16.400000000000002 0 56.2 13 41 33.4 39.400000000000006 16.2 34.6 48.400000000000006 44.400000000000006 50.6 32.800000000000004 30.200000000000003 67.8 12 11.8 24.8 42.2 0 0.2 0 0 0 0 0.4 0 0 12.600000000000001 0.4 0.6000000000000001 0 0 0 0 0 0.4 0.2 0.4 0 0.4 0 0.4 0 0 0.4 0.6000000000000001 0 0.8 0 0 0 0 0 0 0 0 0 0 0 0 0 0 0.6000000000000001 0 10.200000000000001 0 0 0.4 0 0 0 0.6000000000000001 0 2.6 0.6000000000000001 0 0 0 14.8 5.6000000000000005 2 4.4 2.2 11.8 3.6 7 4 0 0 3 3.2 2.2 2.6 5.2 2.4000000000000004 2 2.8000000000000003 0 0 0 0 0 0 0 0 0 0 0 0 0 0 0 0 0 2.8000000000000003 0 0.2 0 0 0 0 0 1.8 0 0 0 0 3 0 0 0 0 0 0 0 0 0 0 0 0 0 0 0 0 0 0 0 0 0 0 0 0 0 0 0 0 0 0 4.2 2.2 0 7.4 0 0 0 4.800000000000001 4.4 2.8000000000000003 4.4 0 0.8 5.2 1.8 1.8 0 2.8000000000000003 0 2.2 2.8000000000000003 0 0 0 0 0 0 0 0 0 0 0 0 0 0 0 0 0 2 0 0 0 0 0 0 0 0 0 0 0 0 0 0 0 0 0 0 0 0 0 0 0 0 0 0 0 0 0 0 0 0 0 0 0 0 0 0 0 0 0 0 0 0 0 0 0.4 0.4 0.4 0.2 0.4 1.6 0 0 0 0 0 0 0.4 0 0 0 0 0 0 0 0 0 0 0 0 0 0 0 0 0 1.4000000000000001 0 1.6 0 0 0 0 0 0 0 0 0 0 0 0 
 18.2 89.60000000000001 56.2 0 41.800000000000004 24 32.800000000000004 33 19.400000000000002 20.8 54.2 27.200000000000003 57.6 37.6 18.8 28.6 28 26 61.400000000000006 29.6 0 0.4 0 0 0 0 13.8 0.2 0.2 0.6000000000000001 0.4 0 15 0 0.2 0 0 0.2 22.6 0 0 0.4 0 0.4 0 0 0.4 0.6000000000000001 0 0 0 0 0 0.2 0 0 0 0 0 0 0 0 0 0 0.6000000000000001 0 0 0 0 0.4 0 0 0 1 0 0.4 0.6000000000000001 10.200000000000001 0.2 0 2.2 5.4 6.2 2.4000000000000004 5.6000000000000005 5.4 0 2.4000000000000004 10.200000000000001 1.8 5.2 9 0 0 7.2 12.200000000000001 1.8 3 0.2 0 0 0 0 0 0 0 5.800000000000001 0 0 0 0 0 0 0 0 0 0 0 5.800000000000001 0 0 0 0 0 0 0 0 0 0 0 0 0 0 0 0 0 0 0 0 4 0 0 0 0 0 0 0 0 0 0 0 0 0 0 0 0 0 0 0 0 0 5.6000000000000005 0 0 10 4.2 0 0 3.2 3.6 0 1.6 0.4 0 0.4 7.6000000000000005 0.6000000000000001 7 0 0 2.8000000000000003 10 0 0 0 2.2 0 9.8 0 0 0 0 2.8000000000000003 3.2 0 0 0 0 11.200000000000001 1.4000000000000001 0 0.4 0 0 2.4000000000000004 0 0 0 0 0 0 0 0 0 0 0 0 0 0 0 0 0 0 0 0 0 0 0 0 0 0 0 0 0 0 0 0 0 2.8000000000000003 0 0 0 0 0 0 0.4 0.2 0.4 0.6000000000000001 18.8 2.8000000000000003 1.6 0 0 0 0 0 0 0 0 0 0 0 0 0 7 0 0 0 0 0 0 0 0 0 2.8000000000000003 0 2.2 0 0 0 0 0 0 0 0 0 0 0 0 
 5.4 61 13 41.800000000000004 0 83.4 11.4 73.60000000000001 14.200000000000001 22.400000000000002 16.8 17.6 36.2 15.4 64.4 67.4 52.400000000000006 67.60000000000001 13.8 11.200000000000001 0 0.4 0 0 0 0 0.4 0.4 14.8 0.6000000000000001 0.8 0 0 14.8 0 0 0 0.4 22.200000000000003 15.8 0 0.4 1 0.4 0 0 0.4 0.6000000000000001 0.2 0 0 0 0 0 0 0 0 0 0 0 0 0 0 0 0.6000000000000001 0 0 0 0 0.4 0 0 0 7 0.8 0.4 0.6000000000000001 0 0 0 0 6.4 3.4000000000000004 3.8000000000000003 0 3 0 2.2 4.4 1 14.600000000000001 10.8 0 3.2 6 3.8000000000000003 0 7.2 5 3.6 4.4 0 2.8000000000000003 0 0 0 0 1.6 0 0 0 0 4.4 0 0 0 0 2.4000000000000004 2.6 0 0 0 0 0 0 0 0 2.6 0 0 0 4.2 0 0 0 0 0 0 0 0 0 0 0 0 0 0 0 0 0 0 0 0 0 0 0 0 0 0 0 0 0 0 3.6 0.2 4.6000000000000005 0.2 0.2 0 0 3.6 2.4000000000000004 0 0 1.8 0 0 1.6 2.8000000000000003 0 3.2 4 3 0 0 0 0 0.8 1.8 0 0 0 0 0 0 0 3.2 0 0 9.8 0 0 0 0 0 0.4 0 0 0 0 0 0 0 0 0.6000000000000001 0 0 0 0 0 0 0 0 0 0 0 0 0 0 0 0 0 0 0 0 0 0 0 0 0 0 0 0 0 0 0 0.2 0.4 0.6000000000000001 1.4000000000000001 0 0 0.6000000000000001 0.6000000000000001 0 0 0 0 0 0 0 0 0 3.6 0 0 0 0 0 0 0 0 0 0 0 0 1.8 0 1.8 0 0 0 0 0 0 0 0 0 0 0 0 
 5.2 45.2 41 24 83.4 0 8.6 8.6 16 32.6 19 25.8 9.600000000000001 20.8 14.4 65.60000000000001 55 43.6 15.4 46.6 0 0.4 17 0 0.4 0 0.4 0 0.4 0.6000000000000001 0.4 0 0 0 0.2 14.8 0 16 22.400000000000002 0 0 0.4 0 0.4 0 13.8 0.4 0.6000000000000001 0 2.6 0 0 0.4 5.4 0 0 0 0 0 0 0 0 0 0 0.6000000000000001 9.4 0 0 7.800000000000001 0.4 0 0 10.200000000000001 0.6000000000000001 0 0.4 0.6000000000000001 0 0 0 0 3.2 8.4 13.8 4.4 2.6 0 1.4000000000000001 6.2 11.4 2.8000000000000003 3.8000000000000003 3.2 0 9 5 6 16.6 0 0 2 0 0 0 0.4 0 0.2 0 0 0.2 4.2 0 0.2 0 0.2 2.4000000000000004 3.2 3.8000000000000003 4.800000000000001 3 0 0 0 0 0 0 0 2 0 0 0 0 0 0 0 0 0 0.2 0 0 0 0 0.4 0 0 0 0 0 0 0 0 0 0 0 0 0 0 0 0 0 6.2 4 0 4.800000000000001 1.4000000000000001 0 9 2.2 0.6000000000000001 0 0 1.2000000000000002 0 0 0 0.4 13.200000000000001 1.8 0 0 2.8000000000000003 0 0.4 0 0 0 9.4 0 0 0 0 0 2.8000000000000003 1.2000000000000002 0.2 0 0 0 1.6 0 0 0 0 0 2 0 0 0 0 0 0 0 0 0 0 0 0 0 0 0 0 0 0 0 0 0 0 0 0 0 0 0 0 0 0 0 0 0 0 0 0 1.6 0 0 0 0.8 0 0 0.2 0 1.4000000000000001 1 0 0 0 0 0 1.4000000000000001 0 0 0 0 0 0 0 0 0 0 0 0 0 0 0 0 0 2.6 0 3 0 0 0 0 0 0 0 0 0 0 0 0 
 47.400000000000006 12 33.4 32.800000000000004 11.4 8.6 0 14.8 14.4 66.8 5.800000000000001 7 38.6 13.8 7.2 3.2 10.600000000000001 3.4000000000000004 48.800000000000004 34.6 0 0.4 0 0.2 0 0 0.4 0 1 16 0.4 0.2 0 0 0 0 0 0.2 0.4 0 0 0.4 0 0.6000000000000001 0.6000000000000001 0.2 0.4 1 0 0.4 0 0.6000000000000001 0.8 0.4 0 0 0 0 0 0 0 0.6000000000000001 0 0 0.6000000000000001 0 0 0.4 0.6000000000000001 0.4 0 0 0 0.6000000000000001 0 0.4 0.6000000000000001 0 0.4 0 5.4 0 4.6000000000000005 0 0 0 1.8 2.8000000000000003 0 0 0 0 0 0 8.200000000000001 0 0 5.2 4.2 1.6 0 0 0 0 0 0 0 0 0 0 0 0 0 0 0 0 0 0 0 0 0 0 0 0 0 0 0 0 0 0 0.2 0 0 0 0 0 0 0 0 0 0 0.4 0 0 0 0.8 0 0 0 0 0 0 0 0 0 0 0 0 0.4 3 2.4000000000000004 1.6 1.6 6.800000000000001 2.4000000000000004 0.4 4 4 2.6 5.4 7 0 7.4 0.2 11.200000000000001 5.4 0 3 0 4.6000000000000005 0 0 0 0 0 0 0 0 3 0 0 0 0 0 0 0.2 0 0 0 0 0 0 0 0 0 0 0 0 0 0 0 0 0 0 0 0 0 0 0 0 0 0 0 0 0 0 0 0 0 0 0 0 0 0 0 0.2 0 0 0 0 0 0 0 0 0 0.4 17.8 0.4 0 0 0 0.4 0 0 0 0 0 0 0 0 0 0 0 0 0 0 0 0 0 0 0 0 0 0 0 0 4.2 0 0 0 0 0 0 0 0 0 0 0 0 0 
 13.200000000000001 60.800000000000004 39.400000000000006 33 73.60000000000001 8.6 14.8 0 55.2 22.6 7.2 5.800000000000001 37.6 25.200000000000003 42.6 58.2 58 22.6 14.600000000000001 7.2 0.4 0.2 0 1.6 0 0 1 0 1 41.800000000000004 0.4 0.8 0 0 0 0.6000000000000001 0.6000000000000001 1.2000000000000002 0.8 0.2 0.2 1 0.2 0.4 0 0 0.4 0.6000000000000001 0.8 0 0 0 1 0.6000000000000001 0 0.6000000000000001 1 0.6000000000000001 0 0 0 0 0 1.4000000000000001 0.6000000000000001 0.4 0.6000000000000001 0 0 0.4 0 0 0.6000000000000001 0.6000000000000001 0.4 0.6000000000000001 0.8 0 0 0.4 5.4 2 8 2.6 0.4 0 0 1.8 1.6 0 8.8 2.2 0 7 4.4 6.800000000000001 3.2 7.4 2 9 0 0 0 0 0 0 0 0 0 0 0 4.2 0 0 0 0 0 0 0 0.4 0 0 0 0 0 0 0 0 0 0 0 0 0 0.4 0 0 0 0 0 0 0.2 0 0 0 0 1 0 0 0 0 0 0 0 0 0 0 0 0 0 0 0 0.8 0.6000000000000001 2 3.6 2.4000000000000004 0.2 0 2.4000000000000004 5.800000000000001 2.6 2.2 0 4.4 2.6 0 2 0 3.2 1.4000000000000001 0 0 0 0 0 0 0 0 0 0 0.2 0 0 0 0 0 0 0 0 2.6 0 0 0.4 0 0 0 0 0 0 0 0 0 0 0 0 0 0 0 0 0 0 0 0 0 0 0 0 0 0 0.2 0 0 0 0 0 0 0 0 0 0 0 0 0 0 0 0 17.6 0 0 0.2 0.4 0.8 0.2 0 0 0 0 0 0 0 0 0 2.8000000000000003 0 0 0 0 0 0 0 0 0 0 0 0 0 0 0 0 0 0 0 0 0 0 0 0 0 0 0 
 6.6000000000000005 28.6 16.2 19.400000000000002 14.200000000000001 16 14.4 55.2 0 34 46.6 35 24 25.200000000000003 45.800000000000004 30 30.400000000000002 33.6 36.2 45.800000000000004 0.4 0.2 0 0.4 0 0 0.4 0.2 0 0.6000000000000001 0.4 0 0 0.4 0 0 0 0.4 0.2 0 0 0.4 0 0.4 12.200000000000001 0 0.4 0.6000000000000001 0 13.4 0 0 0.2 12.600000000000001 0 0 0 0 0 0 0 0 0 0 0.6000000000000001 0 0 0 0 0.4 0 0 1.4000000000000001 0.6000000000000001 0 0.4 0.6000000000000001 0.2 0 0 0 0 7.800000000000001 5.2 0 0.4 2.4000000000000004 2.6 9 3.6 10.200000000000001 4 4.4 5.6000000000000005 0 3.6 4.4 0 2.4000000000000004 0 0 0 8.6 0 0 0 4.4 3.4000000000000004 0 0 0 0 0.2 0 0 0 0 0 2 6.2 0 0 0 0 0 0 0 0 0 0 0 0 0 0 0 0 0 0 0 0 0 0 0 0 0 0 0 0 0 0 4.6000000000000005 0 0 0 0 0.4 0 0 0 2.6 1 2.2 2.6 3.6 0.8 0.6000000000000001 2 7 0.2 2.8000000000000003 0 6 1.8 4.2 0 4.6000000000000005 6 0.4 2 0 0 0 0 0 0 0 0 2.2 0 0.4 0 0 0.8 0 3.4000000000000004 0 0 0 3 3.6 3.2 0 0 0 0 0 0 0 0 0 0 0 0 1.2000000000000002 0 0.2 0.2 0 0.8 0 0 0 0 0 0 0 0 0 0 0 0 0 0 0.2 0 0 0 0 0 0 0 2.2 0 0 0 0.4 0.6000000000000001 0 0.4 0 0 0.8 4 0 0 0 0 0 0 0 0 0 0 0 0 0 0.2 0 0 0 0 0 0 0.4 0 0 0 0 0 0 0 0 0 0 0 0 0 0 0 0 
 57.2 44.800000000000004 34.6 20.8 22.400000000000002 32.6 66.8 22.6 34 0 36.6 26.6 57 38.2 33 36.4 151.4 31.400000000000002 58.6 50.2 0 0.4 0 0 0 0 0.4 0 0 4 0.8 0 5.800000000000001 0 0 0 1.2000000000000002 0.6000000000000001 0.2 4.6000000000000005 0 0.4 13.4 0.6000000000000001 0 1 0.4 0.6000000000000001 0 0 0 0 0.4 12.600000000000001 0 0 0 0 0 0 0 0 0 0 0.6000000000000001 0 0 0 0 0.4 0 0 0 0 0 0.4 0.6000000000000001 0 0.2 0 2.8000000000000003 3.8000000000000003 3.2 4.2 8 4.2 0 2.2 0 4.800000000000001 4.800000000000001 7.800000000000001 2.8000000000000003 0 3.2 0 4.4 3.6 0 0 0 0 0 0 0 0 0 0 0.2 0 0 0 0.2 0 0 0 0 0 4 2.2 0 0 0 0 0 0.2 0 0 0 0 0 0 0 0 0 0 0 0 0 0 0 0 0 0 0 1 0 0 0 0 3.6 0 0.2 0 0 0 0 0 0 0 9.8 2.6 0 4.800000000000001 11.8 2.2 0 5.6000000000000005 14 1.6 8.200000000000001 3.2 0 2.8000000000000003 2.8000000000000003 0 2.8000000000000003 0 0.4 1.4000000000000001 3.8000000000000003 5.6000000000000005 0 0 0 0 0 0 0 0 0 0 2.2 0 0.6000000000000001 2.8000000000000003 0 0 0.2 3.2 0 0 0 0 0 0 0 0 0 0.2 0 0 0 0 0 0 0 0 0 0 0 0 0 0 0 0 0 0 2 0.4 0 0 0 0 0 0 0 0 0 0 0 2 0 0 0 0.2 35.4 1 18.400000000000002 18 0 1.4000000000000001 0 0 0 0 0 0 0 0 0 0 0 0 0 0 0 0 0 0 0 0 0 0 0 0 2.6 0 0 0 0 0 0 0 0 0.4 0 0 0 0 
 31.400000000000002 26.400000000000002 48.400000000000006 54.2 16.8 19 5.800000000000001 7.2 46.6 36.6 0 86.60000000000001 50 4.6000000000000005 111 18 51 44.400000000000006 8.6 12 0 0.4 0 0 0 0 0.4 0 14.8 0.6000000000000001 0.4 0 0 0 0.2 0 0 0.2 0.4 31 0 0.4 0 0.4 0 0 0.4 0.6000000000000001 0 1 0 0.4 0.2 0 0 0 0 0 0 0 0 0 10 0 0.6000000000000001 0.6000000000000001 0 0 0 0.4 0 0 0.2 0.4 0 1.6 10.600000000000001 0 0.8 0 0 5.2 0 0 6 7 6.4 0 5.800000000000001 0 2.8000000000000003 0 0.2 0 0 4 0 0 4 0 0 0 2 0 0 0 7.2 5.800000000000001 2.2 2.2 0 0 0.2 0 0.2 0 2.2 0 9.600000000000001 2.2 0 0 0 0 0 0 0 0 0 0 0 0 0 0 0 0 0 0 0 2.8000000000000003 0 0 0 0 0 0 0 0 0 0 0 0 0 0 0 3.4000000000000004 0 0 0 0 0 3.2 3.6 0.4 3.6 4 0.4 0 0 0.6000000000000001 3.2 4.800000000000001 2 0 0 7.2 2.6 0 0 5.6000000000000005 1.8 0 0.2 0 0 0 0 1.8 0 0 3 0 3.2 0.4 7.2 0 0 0 4.6000000000000005 6.2 0 0 0 0 0 0 0 0 0 0 0 0 0 0 0 0 0 0 0 0 0 0 0 0 0 0 0 0 0 0 0 0 0 0 0 0 0 0 0 0 0 0 0 0 0 0 0.8 0 9 0 0 0 3.4000000000000004 0 0 0 0 0 0 0 0 0 0 0 0 0 0 0 0 0 0 0 0 0 0 0.2 0 0.2 0 0 0 0 0 0 0 0 0 0 0 0 
 17 54.2 44.400000000000006 27.200000000000003 17.6 25.8 7 5.800000000000001 35 26.6 86.60000000000001 0 8.6 19.200000000000003 8.200000000000001 81 27.8 58.2 44.6 17.6 0 0.4 1 42.2 41.800000000000004 0 30 14.600000000000001 44.400000000000006 1 0.8 0 0.4 30.6 0 0 18.2 0.6000000000000001 14.8 0 0 0.4 0.6000000000000001 0.4 10.8 0 11.600000000000001 0.6000000000000001 0 0.6000000000000001 0 0 3.8000000000000003 11.4 0 0.4 0 0 0 0.4 0 0 0.6000000000000001 0 0.6000000000000001 0.4 0 0 0 0.4 0 0 0 0.6000000000000001 0 0.4 0.6000000000000001 1.6 0 0 0 1.8 8.6 2 9.200000000000001 9.4 0 1 2.2 5.6000000000000005 3 2.6 2.2 0 0 0 4.6000000000000005 0 0 2 0 0 2.2 0 0 0 6 2 1 3.8000000000000003 0 0 4.6000000000000005 0 0 0 1 0 2.4000000000000004 8.6 0 0 0 0 0 0.2 0 0 0 0 0 0 0 0 0 0 0 0 0 0 0 0 0 0 0 0 0 0 0 0 0 0 0 0 0 0 0 2.6 0 0 2.8000000000000003 5.6000000000000005 0.4 3.4000000000000004 3.4000000000000004 3 0.2 3 0 7.6000000000000005 0.2 8.6 0 0 0 2.8000000000000003 1.2000000000000002 0 0 0.4 6.4 0 0 0 0 0 0 1.8 2 0 3.6 0 7.2 2 2 0 0 0 2.6 3 0 0 2.8000000000000003 0 0 0 0 0 0 0.2 0 0 0 0 0 0 0 0 0 0 0 0 0 0 0 0 2.8000000000000003 0 0 0 0 0 0 0 0 0 0 0 0 0 0 0 0 0 0.2 0.8 0 0.2 17.6 1.8 0.2 0.4 3 0 0 0 0 0 0 0 0 0 0.4 0 0 0 0 0 0 0 0 0 0 0 0 0.2 0 0 0 0 0 0 0 0 0 0 0 0 0 0.4 
 14.200000000000001 11.600000000000001 50.6 57.6 36.2 9.600000000000001 38.6 37.6 24 57 50 8.6 0 66.8 10.4 114.4 51.2 7.800000000000001 73 29.200000000000003 14.8 0.6000000000000001 0 0 0 0 0.4 0 0 4 0.4 0 0 0 0 16.6 0 0.4 0 0 0 0.4 0 0.4 0 0 0.4 0.6000000000000001 1.4000000000000001 0 0 0 0.4 0 0 0 0 0 0 0.4 0 0 0 0 0.6000000000000001 0 0 0 0 0.4 0 0 1 0.8 0 0.4 0.6000000000000001 0 0 0 8 0 0 0 0 0.2 0 3.2 0 0 3.6 4.6000000000000005 11.8 4 4 2.8000000000000003 0 6 2.8000000000000003 4.6000000000000005 0 0 0 0 0.2 0 0.4 0 0 0 0 2.6 0 0 0 4 0 2.8000000000000003 0 0 0 0 0 0 0 0 0 0 0 0 0 0 0 0 0 3.2 0 0 0 0 0 0 0 0 0 0 0 0 0 0 0.6000000000000001 0 0 0 4.800000000000001 0 0 0 0 0 9.200000000000001 0 0 4.800000000000001 0 0 0 3 0 4.800000000000001 2 0 1.6 4.6000000000000005 0 0 0 0 3.2 5.4 0 0 0.2 0 0 0 0 0 0 0 0 0 0 0 0.4 0 0 0 0 0 0 0 0 0 0 0 0 0 0 0 0 0.4 0 0 0 0 0 0 0 0 0 0 0 0 0 0 0 0 0 0 0 0 0 0 0 0 0 0 0 0 0 0 0 0 0 0.6000000000000001 0.2 0.4 0.8 17.6 0.2 1.8 0 0 0 0 0 0 0 0 0 0 4.4 0 0.4 0 0 0 0 0 3.6 0 0 0 0 0 2 0 0 0 0 0 0 0 0 0 0 0 0 0 
 47.800000000000004 58.2 32.800000000000004 37.6 15.4 20.8 13.8 25.200000000000003 25.200000000000003 38.2 4.6000000000000005 19.200000000000003 66.8 0 19.8 84.60000000000001 24.8 5.4 25.6 40 0 0.6000000000000001 0 0 0 0.2 0.4 0 0 0.6000000000000001 0.4 0 0 0 0 0.4 0 7.6000000000000005 0.4 0 0 0.4 0 0.4 0 0 0.4 0.6000000000000001 0 0.2 0 0 0.4 12.4 0 0 0.6000000000000001 0 0 0 0 0 0 0 0.6000000000000001 0 0 0 0 0.4 0 0 0 0.2 0 0.4 0.6000000000000001 0 0.2 9.200000000000001 6.800000000000001 1.8 3 1.8 0 0 3.4000000000000004 5.2 0.2 1.8 0 0 3 4.6000000000000005 5.800000000000001 1.8 2.2 0 2 2.4000000000000004 0 0 0 0 0 0 0 0 0 0 0 0 0 0 0 0 0 0 0 2.8000000000000003 0 0 0 0 0 0 0 0 0 0 0 0 0 0 0 0 0 0 0 0 0 0 0 0 0 0 0 0 0.2 0 0 3.8000000000000003 0 0 0 0.4 0 0 0 0 0.8 1.8 8.4 7 2.2 0 2.8000000000000003 2.2 5.800000000000001 4.4 0 0 0 0 7.4 4.800000000000001 3 4 6.4 2 0 0 0 0 0 0 1.4000000000000001 0 0 0 0 0 0.8 0 0 0 0 0 0 0 0 0 0 0 0 0 0 0 0 0 0 0 0 0.4 0 0 0.2 0 0 0 0 0 0 0 0 0 0 0 0 0 0 0 0 0 0 0 0.2 0 0 0 0 2.2 0 0 0 0 0.2 0 0.4 0 0.2 0.6000000000000001 0 0 0 0 0 0 0 0 0 0 0 0 0 0 0 0 0 0 0 0 0 0.4 0 2 2 0 0 0 0 0 0 0 0 0 0 0 0 0 
 41 32.6 30.200000000000003 18.8 64.4 14.4 7.2 42.6 45.800000000000004 33 111 8.200000000000001 10.4 19.8 0 43.400000000000006 88 25.200000000000003 32.2 72.60000000000001 0 1.6 1.4000000000000001 0 0 1.2000000000000002 0.6000000000000001 41.2 1 0.8 0.4 0 0 1.4000000000000001 1 0.8 0 0.2 0 0.4 0 2 0.4 0.4 1.4000000000000001 0 0.4 1 0.6000000000000001 1.8 9.200000000000001 0.8 0.4 0.4 0.6000000000000001 0.6000000000000001 0 0 0 1.4000000000000001 0.6000000000000001 0.6000000000000001 0.6000000000000001 0.6000000000000001 1.8 1.2000000000000002 0.6000000000000001 0.6000000000000001 0.6000000000000001 1 0 0 2.6 1.6 0.6000000000000001 1 1 0 0.4 0.4 2.6 4 1.6 5 2.4000000000000004 3.6 1.8 2.2 4.800000000000001 0 2.6 5.4 3.6 3.4000000000000004 3.2 6.2 3 5 3.8000000000000003 2 0 0 0 0 0 1.4000000000000001 0 0 0 0 0 0 0 0 0 0 0 0 0 0 0 0 0 0 0 0 0 0 0 0 0 0 0 0 0 0 0 0 0 0 0 0 0 0 0 1 0 0 0 0 0 0 0 0 0 0 0 0 0 0 0 0.2 2.8000000000000003 1.2000000000000002 15.8 3 0.2 0 5 2.4000000000000004 2.2 0.2 2.6 2.8000000000000003 2.8000000000000003 1.6 2 0 2.6 4 0 0 0 0 0 0 0 3 0 0 0 0 0 0 0 0 0 0 0.2 2.6 0 0 0 0 0 0 0 0 0 0 0 0 0 0 0 0 0 0 0 0 0 0 0 0 0 0 1.8 0 0 0 0 0 0 0 0 0 0 0 0.4 0 0 0 0 0 0 0.8 17.400000000000002 0 0.8 17.6 0 1.4000000000000001 0.2 0 0 0 0 0.8 0 0.4 0 0 1.2000000000000002 0 0 0 0 0 0 0 0 0 0.2 0 0 0 2.2 0 0 0 0 0 0 0 0 0 0 0 0 0 
 23.6 15.200000000000001 67.8 28.6 67.4 65.60000000000001 3.2 58.2 30 36.4 18 81 114.4 84.60000000000001 43.400000000000006 0 53.2 22.400000000000002 6 16.6 0 0 0 0 0.2 0 0.4 0 0 15 0.4 0 0.2 0.2 0 0 0 0.8 0 0 0 11.4 0 0.4 0 0 0.4 0.6000000000000001 0 0.6000000000000001 0 0.4 0.4 12.600000000000001 0 0 0 0 0 0 0 0 0 0 0.6000000000000001 0 0 1 0 0.4 0 0 1 0.6000000000000001 0 0.4 0.6000000000000001 0 0 0 2 7.2 3.6 5.2 0.4 8.6 0 7.2 5 2 5.4 8.8 5 0.6000000000000001 3.2 3.6 1 1.8 0 0 2.2 0 0 0 0 0 0 0 0 0 0 0 0 0 0 0 0 0 0.6000000000000001 0 0 0 0 0 0 0 0 2.2 0 0 0 0 0 0 0 0 0 0 0 0 0 0 0 0 0 0 0 0 0 0 1.4000000000000001 0 0 0 0 0.4 0 0 0 0 3.2 0 0.2 7.6000000000000005 4.4 1.2000000000000002 0 3.4000000000000004 0 0.4 5.2 0 0 1.6 0 2.8000000000000003 3.2 3.6 0 1.6 0.4 3.6 0 0 0 0 2.2 0 0 0.4 0 0 3.4000000000000004 0 0 0 0 0 2.2 0.2 0.2 0 0 0 0 0 0 0 0 0 0 0 0 0.4 0 0.2 0.2 0 0 2 0 0 0 0 0 1.4000000000000001 0 0 0 0 0 0 0 0.2 0 0 0 0 0 0 0 0 0 0 0 0 0.2 0 0.4 20.8 0 0.4 0 0 0 0 0 0 0 0 0 0 0 0 0 0 0.2 0 0 0 0 0 0 0.4 0 2 2.2 2.2 0 0 0 0 0 0 0 0 0 0 0 0 
 95.2 41.400000000000006 12 28 52.400000000000006 55 10.600000000000001 58 30.400000000000002 151.4 51 27.8 51.2 24.8 88 53.2 0 80.4 53 12.4 0 0 0 0 0 0.2 0.4 0 0.2 0.6000000000000001 0.4 0 0.2 0.2 0 0 0 0.6000000000000001 4.4 14.8 0 0.4 0 0.4 0 0 0.4 0.6000000000000001 0 0.2 0 0 0 10.600000000000001 0 0 0 0 0 11.600000000000001 0 0 0 0 0.6000000000000001 0 0 0 0 0.4 0 0 1.4000000000000001 0.6000000000000001 0 0.4 0.6000000000000001 0 0 0 0.4 7.800000000000001 10 4.2 2.2 0.6000000000000001 0 4 8.4 4 14.4 13.4 0 0 4.800000000000001 3.4000000000000004 0.4 0.2 0 0 2.6 0 0 0 0.2 0 0.4 4.800000000000001 0 0 0 0 0 0.4 0 0 0 0 6.800000000000001 1.8 0 0 0.2 0 0 0 0 2.8000000000000003 0 0 0 2.2 0 0 0 0 0 0.4 0 0 0 0 0.2 0 0 0.8 0 0 0 0 0 0 0 0 0 0 0 0 0 0 4 1 0 2 5.4 5.800000000000001 0.2 2.6 8.8 6.2 6.6000000000000005 3.6 0 0 0 0.2 5.4 0 0 0 1.8 2 3.2 0 4 0 2.2 0 0 0 0 0 2.6 0 5.2 0 0 0 0 3.8000000000000003 0 0 0 1.6 0.2 0 0 0 0 0 0 0.4 0 0 0 0 0 0 0 0 0 0 0 0 0 0 0 0.2 0 0 0 0 0 0 0 0 0 0 0 0 0 0.8 0 0 0 0.2 17.2 0 0.4 0.6000000000000001 0.4 3.4000000000000004 4 0 0 0 0 0 0 0 0 0 0 0 0 0 0 0 0 0 0 0 0 0 0 0 0 0 0 0 0 0 0 0 0 0 0 0 0 0 
 7.4 22.8 11.8 26 67.60000000000001 43.6 3.4000000000000004 22.6 33.6 31.400000000000002 44.400000000000006 58.2 7.800000000000001 5.4 25.200000000000003 22.400000000000002 80.4 0 7 10 0 0.4 0 14.8 0.4 0 0.4 14.600000000000001 0.6000000000000001 0.8 0.4 0 0 14.4 0 0 0 0.2 14.8 0 0 0.4 0 0.4 0 0 0.4 0.6000000000000001 0 0 0 0 0.4 0.2 0 0 0 0 0 0 0 0 0 0 0.6000000000000001 0 0 0 0 0.4 0 0.8 0.4 0.4 0 0.4 0.6000000000000001 1.6 0 0 0.2 5.2 8.200000000000001 10 5 4.2 0.2 1.6 4 6.2 11.8 7.6000000000000005 0 0 1.6 5.800000000000001 0 4 0 0 2.6 0 2.4000000000000004 0 2 2.2 1.8 2.4000000000000004 0 0 0 0 2.4000000000000004 0 0 0 0 0 5.800000000000001 4.6000000000000005 0 0 0 2.8000000000000003 0 0 0 2.4000000000000004 0 0 0 0.6000000000000001 0 0 0 0 0 0 0 0 0 0 0 0 0 0 0 0.2 0 0 0 0 0 0 0 0 1.4000000000000001 0.2 0 0 0.2 2.6 0.4 1 3.4000000000000004 1 0.2 0 2.8000000000000003 2.8000000000000003 5.2 3.2 0 0.2 0.4 0 18.6 6.2 1.6 2.4000000000000004 0.4 7.800000000000001 0 0 0 0 4.800000000000001 7.2 0 0 0 0 0.4 0 1.6 0 0 0 4.6000000000000005 3 0 0 0 0.4 0 0 0.2 0 0 0 0.2 0 0.4 0 0 0 0 2.8000000000000003 0 0 0 0 0 0 0 0 0 0 0 0 0 0 0 0 0 0 0 0 3.4000000000000004 0 0 1.4000000000000001 0 0 0 0.2 16.2 0 0.2 0.4 0.6000000000000001 1 4.2 0 0 0 0 0 0 0 0 0 0 0 0 0 0 0 0 0 0 0 0 0 0 1.4000000000000001 0 1.4000000000000001 0 0 0 0 0 0 1.8 0 0 0 0 0 
 25 17 24.8 61.400000000000006 13.8 15.4 48.800000000000004 14.600000000000001 36.2 58.6 8.6 44.6 73 25.6 32.2 6 53 7 0 35.4 0 0.6000000000000001 0 0 0 0 0.4 0 0 0.8 0.4 0 0 0 0 0 0 0.4 0 0 0 0.4 0 1 12.200000000000001 0 0.4 0.6000000000000001 0 1.6 0 0 0.4 0 0 0 5.6000000000000005 0 0 0 0 0.6000000000000001 0 0 0.6000000000000001 0.8 0 0 0 0.4 0 0.8 0 0.6000000000000001 0 0.4 0.6000000000000001 0 0 0 3.8000000000000003 5.6000000000000005 0 0 0 4.800000000000001 11.200000000000001 0.4 2.2 0 0 0.2 7.2 2.2 2.8000000000000003 0 3 1.8 9 1.4000000000000001 0 0 0 0 0 0 0 0 0 0 0 0 0 0 1.2000000000000002 0 0 0 0 0 0 0 0 0.2 0 0 0 0 0 0.4 0 0 0 0 0 0 0 0 0 0 0 0 0 0 0 0 0 0 0 0 0.6000000000000001 0 0 0 1.2000000000000002 0 0 0 0 0 2 0 6 10.4 0.4 0 1.4000000000000001 5 1.4000000000000001 0 0 3.6 1.6 2.6 1.8 2 0 4.6000000000000005 4.4 10.4 0 0 0 3.2 0.2 0 0 0.2 0 0 0 0 0 0.4 0 0 0 0 0 0 0 0 1 0 0.2 0 0 0 0 0 0 0 0 0 0 0 0 0 0 0 0 0 0 0 0 0.4 0 0 0 0 0 0 0 0 0 0 0 0 0.4 0 0 0 0 0 0 0.4 0.2 0 0 0 0 1.8 0 0 0 0 0 0 0 0 0 0 0 0 0 0 0 0 0 0 0 0 0 0 0 1.2000000000000002 1.6 0 0 0 0 0 0 0 0 0 0 0 0 0 
 40.800000000000004 17.6 42.2 29.6 11.200000000000001 46.6 34.6 7.2 45.800000000000004 50.2 12 17.6 29.200000000000003 40 72.60000000000001 16.6 12.4 10 35.4 0 0 0.2 0 0 0 0.2 0.4 16.6 0 17 0.6000000000000001 0 0 0 0.2 0 0.2 0.4 0 0 0 0.4 0 0.6000000000000001 0 0 0.6000000000000001 0.6000000000000001 0 1.2000000000000002 0 0 0 12.600000000000001 0 0 0 0 0 0 0 0 0 0 0.6000000000000001 1 0 0 0 0.4 0 9.200000000000001 0 0.2 0 0.4 0.6000000000000001 0 0.2 0 4.4 0 2.4000000000000004 3.2 2 3.8000000000000003 0.4 3.6 3 3 0 0.2 2.2 0 7.4 0 6.6000000000000005 6 0.2 0 0 0 0 0 0.2 0 0 0 0 0 0 0 0 0 0 0 0 0 0 0 0 0 0 0 0 0 0 0 0 0 0 0 0 0 0 0 0 0 0 0 0 0 0.2 0 0 0.2 0 0 0 0 0 0 0 0 0 0 0 0 0 1.6 4 3.2 4.6000000000000005 9.600000000000001 3.6 0 0 5.800000000000001 4.4 6.4 3 1.4000000000000001 3 0 4.800000000000001 8 2.2 3.6 0 2.6 0 2 0 0 0 0 0 0 0 0 0 0 2 0 0.4 0 0 0 0 0 0 0 0 0 0 0 0 0 0 0 0 0.4 0 0 0 0 0 0 0 0 0 0 0 0 0 0 0 0 0.6000000000000001 0 0 0 0 0 0 0 0 0 0 0 0 0 0 0 0 0 6.4 0 0 10.200000000000001 0 1.6 0 0 0.2 0 0 0 0 0 0 0 0 0 0 0 0 0 0 0 0 0 0 0 0 0 2.6 0 0 0 0 0 0 0 0 0 0 0 0 0 
 0 0 0 0 0 0 0 0.4 0.4 0 0 0 14.8 0 0 0 0 0 0 0 0 35.800000000000004 19.8 69.2 50.6 98 33.2 20 63.400000000000006 24.6 22.200000000000003 22.8 43.2 105.4 43.400000000000006 26.200000000000003 61.6 14.600000000000001 11.600000000000001 9.200000000000001 0 1.2000000000000002 0.4 0 15.4 0 0 0 0.6000000000000001 0 0 0.8 0.2 0 0 0.6000000000000001 0 0 13.200000000000001 1.8 0 0.6000000000000001 0 0 1.2000000000000002 1.2000000000000002 0.6000000000000001 0 0 0 0 0 0 1.2000000000000002 0.6000000000000001 0.6000000000000001 0 0 0 0 0 0 0 0 5.6000000000000005 0 0 0 0 0 0 0 0 0 0 0 0 0 0 0 0 5.2 0 12.600000000000001 0 2.8000000000000003 5.6000000000000005 0 4.6000000000000005 2.8000000000000003 3.8000000000000003 0 7.6000000000000005 7.2 2.8000000000000003 2 0 1 1.8 0 0 0 0 0 0 0 0 0 0 0 0 0 3.4000000000000004 0 0 0 0 0 1.2000000000000002 0 0 0 0 0 0 0 0 0 0 0 0 0 0.4 0 0 0 0 0 1.6 0 4 0.4 0 0 1.8 0 0 0 1.8 0 0 0 0 0 0 0 0 0 0 0 4.6000000000000005 0.2 9 0 11.600000000000001 4 4.800000000000001 0 6.4 4 0.2 4 3.8000000000000003 3.6 5.4 8.200000000000001 14.200000000000001 1.6 3.8000000000000003 3.2 0 0 0 0 0 0 0 0 0 0 0 0 0 0 0 0 0 0 0 1.8 0 0 0 0 0 0 0 0 0 0 0 0 0 0 0 0 0 0 0 0 0 0 0 0 0 0 0 0 0 0 0 0 0 0 2.6 0.2 0 16.400000000000002 8.6 0.4 0.4 0 0 0 0 0 2.4000000000000004 0 0 0 0 0 0 0 0 0 0 0 0 2.2 0 0 0 0 0 0 0 0 0 0 
 0.4 0.4 0.2 0.4 0.4 0.4 0.4 0.2 0.2 0.4 0.4 0.4 0.6000000000000001 0.6000000000000001 1.6 0 0 0.4 0.6000000000000001 0.2 35.800000000000004 0 74 29.400000000000002 10.600000000000001 6.6000000000000005 17.6 31.200000000000003 46.400000000000006 43.6 28.200000000000003 40.2 17.2 11.4 41 112.60000000000001 5.4 7.2 8.8 26.400000000000002 0 0 0.4 0 0 0 0 0 0.6000000000000001 0 0.2 2.2 40.6 0 0 0.6000000000000001 0.6000000000000001 0 0 1.4000000000000001 0 0.6000000000000001 0 0 0 0.2 0.6000000000000001 0 2.2 0 0 0 0 0.4 0.6000000000000001 0.6000000000000001 0 0 0 0 0 0 0 0 0 0 0 0 0 0 0 0 0 0 0 0 0 0 0 0 8.4 8.200000000000001 4.2 5.800000000000001 3.4000000000000004 2.4000000000000004 4.6000000000000005 1.8 1.8 6 3.8000000000000003 9.4 0.2 5.800000000000001 3 0.4 4.2 5 0 0 0 3.2 0 0 2.4000000000000004 0 3 0 0 0 0 0 2.4000000000000004 0 0 0 0 0 2 1.8 0 0 0 0 0 0 0 0 0 0 0 0 0 0.4 0 0 0 0 0 0 0 0 0 0 0 0 4.6000000000000005 0 1 0 0.2 0 0 0 0 0 0 0 1 0 0 0 9.200000000000001 10 1.2000000000000002 3 0.4 6 4.2 3.4000000000000004 0.2 0.6000000000000001 2.4000000000000004 2.2 1.6 0.2 2.2 12.600000000000001 0 0 3 0 0 0 0 3.2 0 0 0 0 0 0 5.800000000000001 3.8000000000000003 0 1.6 0 0 5.6000000000000005 0 0 0 0 0 0 0 0 0 0 0 0 0 0 0 0 0 0 0 0 0.4 0 0 0 0 0 0 0 0 0 0 0 0 0 0 1.4000000000000001 0 0.6000000000000001 15.600000000000001 0.2 0.4 0.8 0.4 0 0 0 0 3.6 0 0 0 0 0 0 0 0 0 0 0 0 0 0 3.4000000000000004 0 0 0 3.6 1.8 0 0 0 
 5.800000000000001 0 0 0 0 17 0 0 0 0 0 1 0 0 1.4000000000000001 0 0 0 0 0 19.8 74 0 19.400000000000002 89 38.6 14.8 30.6 47 36.2 7 7.2 14.200000000000001 9.4 12.4 40.400000000000006 30 25.6 24.400000000000002 28 0 0 0.4 0 0 0 0 0 0.6000000000000001 0 0 1 12.8 0 0 0.6000000000000001 0 0 0 0.6000000000000001 0 0.6000000000000001 0.2 0 0 0 0.6000000000000001 0 0.4 0 0 0 0 0.4 0.6000000000000001 0.6000000000000001 0 0 0 0 0 0 0 0 0 0 0 2.2 0 0 0 0.4 0 0 0 0 0 0 0 0 5.4 7 11.600000000000001 5.2 3.8000000000000003 0.2 0 2 6.2 2 11.8 0 0 3.2 2.6 4.4 3.6 0 0 0 0 2.6 0 0 0 0 0 0 0 0 0 0 2 0 0 3 0 0 5.6000000000000005 3 0 0 0 0 0 0 0 0 0 0 0 0 0 0 0 0 0 0 0 0 0.4 0 0 0 0 0 0.4 0 0 0 0 0 0 0 0.4 0 0 0 1.4000000000000001 0 0.4 0 2 6.2 0 0 2.4000000000000004 0 6 2.8000000000000003 1.8 8.4 4 6.800000000000001 4.4 0 0 1.6 0 0.2 1.4000000000000001 0 0 2.2 0 0 5.2 0 3.8000000000000003 0 0 0 0.2 2.8000000000000003 0 0 0 0 2.6 0 0 1.8 0 0 0 0 0 0 0 0 0 0 0 0 0 0 0.2 0 0 0 0 0 3.6 0 0 0 0 0 0 0 0 0 0 0 0 0.4 0 17.2 0 0 0 0.4 0 0 0 0 0 0 0 0 0 0 0 0 0 0 0 0 0 0 0 4.800000000000001 0 0 0 0 2.2 0 0 0 
 0 0 0 0 0 0 0.2 1.6 0.4 0 0 42.2 0 0 0 0 0 14.8 0 0 69.2 29.400000000000002 19.400000000000002 0 94.2 39.400000000000006 15.600000000000001 12.200000000000001 108.60000000000001 12.4 55.800000000000004 32.800000000000004 10.4 10.8 26 53.6 58.800000000000004 8 12.600000000000001 69.2 0 0 0.4 0 0 0 5 0 0.6000000000000001 0 0 0 25.400000000000002 0 18.8 0.6000000000000001 0 0 39.2 0.2 0 0.6000000000000001 10.200000000000001 1.2000000000000002 0 0.4 0.6000000000000001 0 0 0 0 0 0.2 0.4 0.6000000000000001 0.6000000000000001 0 0 0 0 0 0 0 0 0 0 0 0 0 0 0 0 0 0 0 0 0 0 0 0 0 0.2 0 0 4.2 2 0 0 2.2 4.800000000000001 0 3.6 0 0 0 0 0 0 0 0 1.6 3.8000000000000003 4 0 0 0 2.4000000000000004 0 0 0 0.2 0 4 2 11 2.6 0 2 0 5.2 0 0.4 0 0 0 0 0 0 1.8 0 0 0 0.4 0 0 0 3 0 0 0 0 0.4 0 0 0 0 0 0 0 0 0 0 0.4 0 0 0 0 0 0 0 0 12.200000000000001 4 10.4 4 1.4000000000000001 0 2 0 1.8 0 9.600000000000001 0 0 2.4000000000000004 1.2000000000000002 3 5 0 0.2 5.6000000000000005 0.8 0.2 0 0 0 12.600000000000001 0 2.6 0 0 2.2 0 0.2 2.8000000000000003 0 0 1.4000000000000001 8 0 0 0 0 0 0 0 0 0 2 0 0 0.2 0 0 0 0 0 1.4000000000000001 0 0 0 0 0 0 0 0 0 0 0 0 0 0 0 0 0 0.4 0 0 0.2 0.4 0 0.6000000000000001 0 0 0 0 2.4000000000000004 0 0 0 0 0.2 0 0 0 0 0 0 0 0 0 6.6000000000000005 0 0 0 0 0 0 0 0 
 0.6000000000000001 0 0 0 0 0.4 0 0 0 0 0 41.800000000000004 0 0 0 0.2 0 0.4 0 0 50.6 10.600000000000001 89 94.2 0 83 8.6 13 35.6 26.400000000000002 82.60000000000001 25 13.4 10 12.4 58.400000000000006 24.400000000000002 5.4 9.600000000000001 52.400000000000006 12.4 0 13.4 0 6.4 0 3.8000000000000003 0 0.6000000000000001 0 0.4 0 15.4 0 20.400000000000002 0.6000000000000001 0 0.6000000000000001 1 15.200000000000001 0 0.6000000000000001 0 0 0 0 0.6000000000000001 0 0 0 0 0 0 0.4 0.6000000000000001 0.6000000000000001 0 6 0 0.2 0 0 0 0 0 0 0 0 0 0 0 0 0 0 0 0 0 0 0 0 0 0.4 3 0 12.600000000000001 3.4000000000000004 0 0 0 0 2.2 1.2000000000000002 0 0 0 4.800000000000001 0 0 0 3.6 1.2000000000000002 0 2.8000000000000003 0.2 0 0 3.4000000000000004 0 2.2 0 0.2 0 6.4 4.2 6 2.4000000000000004 0.2 0.4 1.6 8.200000000000001 0 0 0 0 0 0 0 0 0 0 0 0 0 0 3 0 0 0 0 0 0 0.2 0 0 0 0 0 0 0 0 0 0 0 0.4 0 0 0 0 0 0 0 0 0 0.8 2.6 1.6 0 0 0 0 1.2000000000000002 9.4 0 0 0 0 0.2 0 0 0 2 3 0 0 0 0 7.800000000000001 2.2 3.4000000000000004 0 0 0 2.2 5.800000000000001 0 0 4 0.4 4.6000000000000005 0.4 0 0 0 0 0.2 0 0 0 0 0 0 0 0 0 0 0 0 0 0 0 0 0 0 0 0 0 0 0 0 0 0.2 0 0 0 0.8 0.4 0 1 0.6000000000000001 0.4 0.4 4.2 0 0 0 0 0 0 0 0 0 3.8000000000000003 0 0 0 0 0 0 0 0 0 0 0 0 0 0 0 0 0 0 
 0 0 0 0 0 0 0 0 0 0 0 0 0 0.2 1.2000000000000002 0 0.2 0 0 0.2 98 6.6000000000000005 38.6 39.400000000000006 83 0 7 6.800000000000001 70.60000000000001 21.400000000000002 25.400000000000002 30.8 5.6000000000000005 26.400000000000002 10.600000000000001 58.400000000000006 15.600000000000001 9.8 50.400000000000006 9.200000000000001 0 0 0.4 0 0.4 0.6000000000000001 15 0 0.8 0 0.2 0 6.4 0 29.400000000000002 1 0 0.2 0.2 4 0 0.6000000000000001 0 0 0 0 0.6000000000000001 0 0 0 0 0 0 0.4 0.6000000000000001 0.6000000000000001 0 0 0 1 0 0 0 0 0 0 0 0 0.2 0 0 2.4000000000000004 0 0 0 0 0 0 2 0 0 0 2.4000000000000004 0.2 3.8000000000000003 2.4000000000000004 0.4 0 0 0.4 1.4000000000000001 1.2000000000000002 0 0 3.6 5.2 0 0.4 0 0 3.8000000000000003 0 2.6 0 0 0 1.4000000000000001 0 0 0 4 0 6 6.800000000000001 8.4 1.6 0 0 8.6 4.800000000000001 0.2 1.4000000000000001 0 0 0 0 0 0 0 0 0 0 0 0.4 0 0 0 0 2.8000000000000003 0 0 0 0 0 0 0 0 0 0 0 0.2 0 0 0 0 0 0 0 0 0 0 0.2 0 0 5.800000000000001 0 0.4 6.4 0 1.6 4.6000000000000005 8.6 0 0 0 0 0 0 0 0 3.6 4 0 0 0 0 8.200000000000001 0 2.8000000000000003 2 0 0 0 7.4 0 0 4.6000000000000005 0 5.6000000000000005 0.2 0 0 0 0 0 0 0 0 0 0 0 0 0 0 0 0 0 0 0 0.4 0 0 0 0 0 0 0 0 0 0 0 0 0 0 1.8 0 1.2000000000000002 25.6 0.2 1 0 0 0 0 0 0 0 0 0 0 0 0 0 0 0 0 0 0 0 0 0 0 0 0 0 0 0 0 0 0 
 0.4 15.200000000000001 0.4 13.8 0.4 0.4 0.4 1 0.4 0.4 0.4 30 0.4 0.4 0.6000000000000001 0.4 0.4 0.4 0.4 0.4 33.2 17.6 14.8 15.600000000000001 8.6 7 0 43.800000000000004 88.2 6 36.4 12 31.6 44 10.200000000000001 25 14.4 24 14.600000000000001 17.8 0 0 0.4 0 0 0 0 0 0.6000000000000001 0 0 0 0.4 0 0 0.6000000000000001 0 0 0 0.4 0 0.6000000000000001 0 0 0 0 0.6000000000000001 0 0 0 0 0 0 0.4 0.6000000000000001 0.6000000000000001 0 0 0 0 0 4.800000000000001 0 0 2.6 2.2 0 0 0 2.2 0 0 0 0 0 0 4.4 0 0 0 3 0 3.8000000000000003 6.4 0 9 6 1.6 2 8.200000000000001 0 0 0 3.4000000000000004 6.6000000000000005 5.2 2 5.2 0 3.4000000000000004 2.8000000000000003 0 0 0 0 0 0 0 0 0 0 0 0 0 0 0 1.8 0 3 0 0 0 0 0 0 0 0 0 0 0 0 0 0 0 0 0 0 0 0.8 0 0.8 2.8000000000000003 0 0 2.8000000000000003 2.4000000000000004 0 0 0.6000000000000001 0.2 0 0.2 0 0 0 0 0 1.6 0 0 5.6000000000000005 0 10.200000000000001 3.2 10 4.2 5.800000000000001 0 7 3.8000000000000003 5.2 0 4 0 0 0.2 12 1.8 0 4.800000000000001 0 0 0 0 0 0 0 0 0 0 2.8000000000000003 0 0 0 0 0 0 0 0 2.4000000000000004 0 0 0 0 0 0 0 0 0 0.2 0 0 0 0 0 0 0 0 0 0 0 0 0 0 0 0 0 0 0 14.600000000000001 0 0 0.2 0 0.8 0 0.4 17.6 7.800000000000001 0 8.6 0 0 0 0 0 0 0 0 0 0 0 0 0 0 0 0 0 0 0 0 0 0 0 0 0 0 0 0 0 
 0 0 0 0.2 0.4 0 0 0 0.2 0 0 14.600000000000001 0 0 41.2 0 0 14.600000000000001 0 16.6 20 31.200000000000003 30.6 12.200000000000001 13 6.800000000000001 43.800000000000004 0 32.800000000000004 11.8 45 26.6 28.200000000000003 34.800000000000004 9 43.400000000000006 10.600000000000001 5 54.800000000000004 57.400000000000006 0 0 0.4 0 0 0 0 0 0.6000000000000001 10 0 0 0.2 0 0 0.6000000000000001 0 0 0 0.6000000000000001 0 0.6000000000000001 0 0 2.8000000000000003 0 0.6000000000000001 6.4 0 0 0 0.2 0 0.4 1.8 0.6000000000000001 0 0 0 0 2.4000000000000004 0 0 0 0 6.800000000000001 0 0 0 3 0 0 0 0 0.4 0 0 0 0 0 11 2 13.200000000000001 0 2 5 4.6000000000000005 6.4 8.4 0 3.4000000000000004 0 5.6000000000000005 4.2 0 1.6 4.4 3.6 4 3.2 0 0 0.2 0 0 0 0 0 0 0 0 0 0 0 0 0 0 0 2.2 0 0 0 0 0 0 0 0 0 0 0.4 0 0 0 0 0 0 0 0 0 0 0 0 2 0 0 0 0.4 0 0 0 0 0 0 0 0 0 0 4.2 0 0 2.4000000000000004 0 5.2 8.200000000000001 2.6 2.6 2.8000000000000003 13 3.4000000000000004 1.8 2.8000000000000003 0 6.2 8.200000000000001 7 0 0 7.6000000000000005 7.800000000000001 5 0 0 0 0 0 0 0 0 0 0 0 0 3 2.6 0 0.4 0 0 2 0 0 0 0.2 0 0 0 0 0 0 0 0 0 0 0 0 0 0 0 0 0 0 0 2.6 0 0 0 0 0 0 16.6 0 0 0 0.2 1.2000000000000002 0 0 0 0 0 0 0 0 0 0 0 0 0 0 0 0 0 0 0 0 0 0 0.2 0 0 0 7.800000000000001 0 0 0 1.2000000000000002 0 0 0 0 
 15 0 0 0.2 14.8 0.4 1 1 0 0 14.8 44.400000000000006 0 0 1 0 0.2 0.6000000000000001 0 0 63.400000000000006 46.400000000000006 47 108.60000000000001 35.6 70.60000000000001 88.2 32.800000000000004 0 38.400000000000006 8.6 25.8 14.8 36.800000000000004 33.6 40 57 13 72.60000000000001 17.400000000000002 0 0.2 0.6000000000000001 0.6000000000000001 0 0 0.6000000000000001 0 0.6000000000000001 0.6000000000000001 0 0 0 0 0 0.8 0 41.400000000000006 0 0.6000000000000001 0.4 1.4000000000000001 0 0 0.4 0 1.2000000000000002 1 8.4 0.4 0.6000000000000001 0 0 1.2000000000000002 1.8 0.6000000000000001 0.4 0 0 0 0 0 0 0 3.6 3.6 0 0 0 0 0.2 0.2 0 0 0 0 0.2 0 0 0 2.4000000000000004 0 7 1.6 9 0.4 4 1.8 1.2000000000000002 4.6000000000000005 3.8000000000000003 5.2 2.6 0 0.2 0 0 13.600000000000001 0.2 6.6000000000000005 0 1.6 0 0 0 0 4.2 0 0 0 0 0 2.2 0 0 2.2 0 0 0 0 0 0 0 0 0 0 0 0 0.2 0 0 0 0 0 0 0 0 0 1 0 0 0 0 0 0 0 0 0 0.4 0 0 0 0 0.6000000000000001 0.2 0 0 0 0.4 0 4.2 0 0 0 0 0 0 0 3.4000000000000004 0 5.4 2 0 0 0 0 2.8000000000000003 2.2 2.4000000000000004 9 0 0 0 0 0 0 2.6 0 3 0 0 0 0 0 0 0 0 0 1.6 4.2 0 0 0 0 0 0 0 0 0 0 0 0 0 0 0 0 0 0 0 0 0 0 0 0 0 0 0 0 15.4 0.2 0 0 0 0 0.8 0.4 0 0.2 0.2 0.4 0.4 0 0 0 0 0 0 0 0.4 0 0 0 0 0 0 0 0 0 0 0 0 2.4000000000000004 0 0 0 0 0 0.2 0 0 
 0.6000000000000001 0.6000000000000001 12.600000000000001 0.6000000000000001 0.6000000000000001 0.6000000000000001 16 41.800000000000004 0.6000000000000001 4 0.6000000000000001 1 4 0.6000000000000001 0.8 15 0.6000000000000001 0.8 0.8 17 24.6 43.6 36.2 12.4 26.400000000000002 21.400000000000002 6 11.8 38.400000000000006 0 43 24.6 25.400000000000002 45 25.200000000000003 37 50 77.4 15.600000000000001 14.8 0 0 0.4 0 0 0 0 0 0.6000000000000001 0 0 3.2 12.600000000000001 0 0 0.8 0 0 0 0.4 0.6000000000000001 0.6000000000000001 0 0 1.4000000000000001 0 0.6000000000000001 7.2 0 0 0 0 0 0.4 0.6000000000000001 0.6000000000000001 0 0 0 0 2.2 0.4 0 0 0 0 0 0 0 0 0 0 0 0 0 0 0 2.6 0 0 3.8000000000000003 4.6000000000000005 2.8000000000000003 9.8 4.2 0 0.2 1.8 2 4.2 1.8 0 4.6000000000000005 3 2.8000000000000003 0 0 1.6 0 0 0.2 0 0 0.6000000000000001 0 0 3.4000000000000004 0 0 0 0 0 2 0 0 2.2 0 0.2 3.2 0.8 0 0 0 0 0 0 0 0 0 0 0 0 0.6000000000000001 0 0 0 0 0 1 0 1.6 0 0.2 1.2000000000000002 0 0.2 0.2 2.8000000000000003 0 0 1.4000000000000001 0 0 2.2 0.2 0 0 0 0 1.4000000000000001 0 0 2.6 0.2 0 0 0 0 4.6000000000000005 2 0 1.4000000000000001 8 0 0 0 2.2 0 0 0 0 0 0 0 0 0 1.6 0 2.2 0 0.4 0 2.2 0 0 0 2.6 0 0 0 0 0 0 0 0 0 0.4 0 0 0 0 0 0 0 0 0 0 0 0 0 0 0 0 0 0 0 0 0 0 0 0 0 0 0 1 0.4 0 15.600000000000001 0 0.2 0.4 0.4 0 0 0 0 0 0 0 0 0 0 0 0 0 0 0 0 0 1.6 0 3.6 0.4 0 0 0 0 0 0 0 
 0.8 0.4 0.4 0.4 0.8 0.4 0.4 0.4 0.4 0.8 0.4 0.8 0.4 0.4 0.4 0.4 0.4 0.4 0.4 0.6000000000000001 22.200000000000003 28.200000000000003 7 55.800000000000004 82.60000000000001 25.400000000000002 36.4 45 8.6 43 0 42.800000000000004 8.6 19.8 20.200000000000003 44 18 67.60000000000001 13.8 70.60000000000001 0 0 0.8 7 0 0 12.600000000000001 0.4 0.6000000000000001 0.2 0 0 0 0 2 0.6000000000000001 0 0 0 0.6000000000000001 0 0.6000000000000001 0 0.2 0 0 0.6000000000000001 0 0 0 0 0 0 0.4 0.6000000000000001 0.6000000000000001 0 0 2 0 2 0 0 0 0 0 0 0 0 0 0 0 0 0 0 0 0 0 0 0 3 0.2 0.8 3.8000000000000003 3 2.2 0 0 5.800000000000001 0.2 1.6 4.2 0 2.2 3.4000000000000004 2.6 3.2 9 0 0 2.4000000000000004 0 0 1.6 0 0 1.4000000000000001 4.2 2.6 0 0 0 0 5.4 2.4000000000000004 0 0 0 6.4 0.2 0 0.8 0 0 0 0 0 0 0 0 0 0 0 0 0 0 0 0 0 0 0.8 0 0 0 0 0 0 0 1.4000000000000001 0 0 0 0 0 0 0 0 0 0 0 0.4 2.2 6 5.6000000000000005 10.200000000000001 6.2 0.4 13.8 4.6000000000000005 7.4 7.800000000000001 0 0 0 4.2 0 1.4000000000000001 3.8000000000000003 0 2 0 0 0 0 0 0 0 0 0 0 0 0 5.4 16 0 0 0 0 4.6000000000000005 0 0 0 0 0 0 0 0 0 0 0 0 0 0 0 0 0 0 0 0 0 0 0 3.8000000000000003 0 0 0 0 0 0 0 0 0 0 0 1.4000000000000001 0 0 15 15.200000000000001 0 2.6 0.4 0 0 0 0 0 0 0 0 0 0 0 0 0 0 0 0 0 0.2 0 0 0 0 0 3.6 0 0 0 0 
 0 0.4 0.6000000000000001 0 0 0 0.2 0.8 0 0 0 0 0 0 0 0 0 0 0 0 22.8 40.2 7.2 32.800000000000004 25 30.8 12 26.6 25.8 24.6 42.800000000000004 0 7.6000000000000005 5.6000000000000005 45.400000000000006 43.400000000000006 18.8 13.200000000000001 6.2 7.6000000000000005 5.800000000000001 0 0.4 0 0 0 0.2 0 0.6000000000000001 0 0 0.6000000000000001 12.8 0 12.600000000000001 42.400000000000006 0 0 0 13.200000000000001 0 0.6000000000000001 0 0 0 0 0.6000000000000001 0 0.6000000000000001 0 0 0 0 0.4 0.6000000000000001 0.6000000000000001 0 0.4 0 0 0 0 0 0 0 0 0.4 0 0 0 0 0 0 0 0 0 0 0 0 0 0 9 0 9 12.8 2.2 0 0 2.6 6.800000000000001 0 2.4000000000000004 3 11.4 3.6 2.4000000000000004 5.800000000000001 4.6000000000000005 0 0 0 4 0 0 0.2 0 5.6000000000000005 0.6000000000000001 2 0 0 0 2.4000000000000004 0 0 0 0 0 1.4000000000000001 3.4000000000000004 0 1.4000000000000001 0 0 0 0 0 0 0 0 0 0 0 0 0 0 0 0 0 0 0.8 0 0 0 0 0 0 0 0.6000000000000001 0 0 0 0 0 2 0 0 0 0 0 3.6 0 14.600000000000001 5.800000000000001 11 12 3.8000000000000003 8 4.2 7.800000000000001 0 3.8000000000000003 0.4 4.4 0 2.8000000000000003 5.6000000000000005 11.4 0.4 0 0 0 2.8000000000000003 0 0 0 2.2 1.6 0 0 0 0 2.2 4 0 0 0 0 3 0 0 0 0 0 0 0 0 0 0.2 0 0 0 0 0 0 0 0 1.6 0 0 0 0 0 0 0 0 0 0 0 0.2 0 0 0 0 0.4 0 0 16.400000000000002 7.6000000000000005 0.4 5.800000000000001 2.2 0 0 0 0 3.4000000000000004 0 0 0 0 0 0 0 0 0 0 0 0 0 0 0.8 0 0 0 4 2 0 0 0 
