 0 63.2 120.4 16.2 64.4 30 32.6 43.800000000000004 32.2 22.8 89.2 7.800000000000001 17.400000000000002 28.200000000000003 77.60000000000001 69.4 19 64.8 23.6 60.2 0 0.4 0 0 0.6000000000000001 1 0.6000000000000001 0.6000000000000001 0 15 0 0 0.6000000000000001 0 0.2 0 0 0 15.8 0 0 0.6000000000000001 0 0 0 0.6000000000000001 0.4 10.600000000000001 0 0 0 0 0 12.600000000000001 0 12.600000000000001 0 0 0 0 0 0.6000000000000001 0 0 0 0 0 0 0.4 0 0.8 0 0 0.6000000000000001 0 7.2 0.2 0 0 0 7.2 4.4 5.4 2 3.6 2.2 5.800000000000001 2.4000000000000004 9.600000000000001 2.2 0 9.200000000000001 0 2.4000000000000004 2.4000000000000004 3.4000000000000004 4.2 17 0 0.4 0 0 0 0 0 0 1.8 0 0.2 0 0 0 0 0 0 0 0 0 0 0 0 0 2.4000000000000004 0 0 0 0 0 0.4 0 0 0.2 0 0 0 0 0 0 0 0 2 0 0 0 0 0 0 0.8 0 0 0 0 0 0 0 0 0 0 0 0 0 6 5.4 0 4 3.4000000000000004 2.2 0 3 2.6 2.8000000000000003 0 0 4 5 3.2 4 0 0 0 18 0 0 0 0 0 0 0 0.2 0 0 0.4 0 0 0 0 0 0 2.2 0 0 0 0 0 0 0 0 0 0 0 3 0 0 0 0 0 0 0 0 0 0 0 0 0 0 0 0.4 0 0 0 0 0 0 0 0 0 0 0 0 0 0 4.6000000000000005 0 0 0 0.6000000000000001 0.4 0.4 17.8 0 0.4 1.4000000000000001 3 0 0 0 0 0 0 0 0 0 0 0 0 0 0 0 0 0 0 0 0 0 0 0 0 0 0 0 0 0 0 0 0 0 0 0 0 0 
 63.2 0 21.8 20.8 67 25 36.2 33.2 39.800000000000004 23.400000000000002 36.800000000000004 30.8 38 21.400000000000002 17.6 19.200000000000003 35.2 28.6 52 25 0 0.6000000000000001 0 0.2 0.6000000000000001 0.6000000000000001 0.6000000000000001 0.2 0.4 0 0 0.2 1.8 0.2 0 0.4 0 0 0.4 0 1 0.6000000000000001 0 0 0 1.2000000000000002 0.4 0.4 0 0 0 0 0 0 0 0.4 0 0 0 0 0 0.6000000000000001 0.2 0 1.2000000000000002 0 0 0 0.4 0 0.8 0 0 0.6000000000000001 0 0 17 0.4 0 0 0 9 0 4.6000000000000005 4 5.6000000000000005 0 3 4.800000000000001 2.6 3.4000000000000004 1.4000000000000001 1 5 2.2 0 2 3.4000000000000004 0.2 1.4000000000000001 0 0 0 0 0 0 1.6 1.8 0 0 0 0 2.6 0 0 0.2 0.2 0 2.8000000000000003 2.6 0 0 0 0 0 0 0 0 0 0 0 0 0 0 0 0 0 0 0 0 0 0 0 0 0 0 0 0 0 0 0 0 0 3 0 0.2 0 0 0 0 3.6 8.200000000000001 1.8 2.2 0.6000000000000001 3.6 4 0 0 4 1.2000000000000002 1.8 2.8000000000000003 0 9.600000000000001 0 0 2.6 0 2.6 7.4 0 2.2 0 0 0 2 0 0 0 0 0 0.4 1.6 0 0 0 0 11 0 0 0 0 0 0 0 0 0.4 3.6 0 0 0 0 0 0 0 0 0.4 0 0.2 0 0 0 0 0 0 10.600000000000001 0 0 3.6 0 0 0 0 0 0.2 0 0.4 0 0 0 0 0 0 0 0.2 18.2 0.2 0 17.6 0 1 0 0 0 0 0 0 0 0 0 0 1 0 0 0 0 0 0 0 0 0 0 0 0 0 0 0 0 0 0 0 0 0 0 0 0 0 0 0 
 120.4 21.8 0 44.6 52.800000000000004 78 14.4 35.2 34.2 39.2 33 37 17.6 13.600000000000001 33.4 54.800000000000004 32.800000000000004 52 18.8 8.6 0 1 0.8 0.2 0.6000000000000001 0.6000000000000001 1.2000000000000002 0 0 0.4 1.4000000000000001 0 27.6 0 0 0 9 41.6 35.4 14.4 0 0.6000000000000001 0 0 0 1.4000000000000001 0.6000000000000001 0.8 0 0 0.8 0 0.8 0 0 0.4 0 0 0 0 0 0.6000000000000001 9.8 0 0 0.2 0 0 0.8 0.4 0 0 0.8 0.6000000000000001 0 0 0 0 0.2 0 6.2 0 7 1.8 4.800000000000001 14.200000000000001 2.2 1.2000000000000002 2.4000000000000004 0.2 5.4 13.600000000000001 0 7 5.2 5.2 10.600000000000001 0.2 0 1.4000000000000001 2.6 0 0 0 0 0 2 0 0 0 0 0 9.4 0 5.6000000000000005 0 0 0 0 1.6 0 0 0 0 0 0 0 0 0.2 0 0 0 0.2 0 0 0 1 0 0 0 0 0 0 0 0 0 0 0 0 0 0 0 0 5.6000000000000005 0 0 0 0 0 0 0 5.2 2.2 2.4000000000000004 3.6 0 0 0 5 1.8 4.4 7 0 3 0 7.4 4.6000000000000005 1.6 0 0.8 14.600000000000001 0 0 0 0 0 10.600000000000001 3.4000000000000004 0.2 0 0 0.2 1.6 5.2 0.2 0 2 0 2 11 0 0 0 0 0 0 0 0 0 0 2 0 0 0 0 0 0 0 0 0 0 0 0 0 0 0 0.2 0 0 0 0 0 0 0 0 0 0 0 0 0 0 0 0 0 0 0 0.8 0.4 0.4 17.8 0.4 0.8 1 0.4 0.4 0 0 0 0 0 0 0 0 0 0 0 0 0 0 0 0 0 0 0.2 0 4 0.2 0.8 0 0 0 0 0 0 0 0 0 0 0 0 
 16.2 20.8 44.6 0 86.60000000000001 52.800000000000004 17.400000000000002 28 57.2 25.8 27.200000000000003 15.600000000000001 17.400000000000002 56.400000000000006 28.8 54.6 9.4 45.6 20.400000000000002 29.6 0 1.6 0.4 0.4 0.6000000000000001 0.6000000000000001 32.800000000000004 3.8000000000000003 0 12.200000000000001 0 0 0.6000000000000001 0 0 0 0.8 0 47.400000000000006 16.2 0 0.6000000000000001 0 0 0.4 1.4000000000000001 0.6000000000000001 0.8 0 0 0.8 0 0.8 0 0 0.4 0 0 0 0 0 0.6000000000000001 0.6000000000000001 0 0 0.2 7.800000000000001 0 0.8 0.4 0.4 0 0.8 0.6000000000000001 0 0 0 0 9 0 0 2.2 0.6000000000000001 4.2 7 5.2 0 7.6000000000000005 3.2 0 3.4000000000000004 2 0 0 2.2 4.2 3.8000000000000003 7.2 0 0 1.6 0 5.4 0.4 0 0 4.800000000000001 2 0 0.4 0 0 2.8000000000000003 7.4 0 0 1.4000000000000001 0.4 2.8000000000000003 2.2 0 0 0 0 0 0 0 0 0 0 0 0 0 0 0 0 0 0 0 0 0 0 0.2 0 0 0 0 0 0 0 0 0 0 9 0 0 0 0 0 0 0 1.2000000000000002 4 3 5.800000000000001 3 1.8 0 2 0 5.6000000000000005 1.8 0 0 1 3.4000000000000004 1.2000000000000002 0 0 0 11.200000000000001 0 0.2 0 0 0 2.6 0 2.2 0 0.2 1.2000000000000002 3.6 5 0 2.6 0 0 1.2000000000000002 0 0 0 0 0 0 0 0 0.2 0 0 3 0 0 0 0 0 2.8000000000000003 0 0 0 0 0 0 0 0 0 0 0 0 0 0 0 0 0 0 0 0 0 0.4 0 0 0 0 0 0 0.2 0.4 0 0 0 0 1.6 1.4000000000000001 0 0 0 0 0 0 0 0 0 0 0 0 0 0 0 0 0 0 0 0 0 0 0 0 0 0 0 0 0 0 0 0 1.8 0 0 0 0 
 64.4 67 52.800000000000004 86.60000000000001 0 37.6 49.2 13.600000000000001 14.600000000000001 33 19.400000000000002 74 15 13 58.6 14.200000000000001 14 50 15.200000000000001 19.400000000000002 0.6000000000000001 0.4 15 0 1 0.6000000000000001 16 12.600000000000001 19.6 0.8 0.4 0.4 0.6000000000000001 15.200000000000001 0.4 0.8 0.2 0 31.200000000000003 15 13 0.6000000000000001 0 0 0 0.6000000000000001 0.4 0.4 0 0 0 0.2 0 0 0 0.4 0 0 0 0 0 0.6000000000000001 0 0 0 0 7.4 0 0.4 0 0 0 0 0.6000000000000001 0 1.2000000000000002 0 0 0 0 0 0 2.2 3 3.6 2.4000000000000004 0 0.2 0 0.2 5.6000000000000005 1 0 0 0 4.800000000000001 3.4000000000000004 0 0.4 0 5.2 3.6 4.800000000000001 0 0.2 0 6 0 1.6 3 0.2 0 0.6000000000000001 5 0 0 0 2.2 4 0.2 0 0 0 0 0 0 0 0 0 0 0 0 0 0.4 0 0 0 0 0 0 0 0 0 0 0.2 0 0 0 0 0 0 0 0 0 2.8000000000000003 0 0 0 0 0 0 0 5.800000000000001 1.8 9 7.4 0 0 1.2000000000000002 0 4.2 0 0 0 0 7 2.4000000000000004 0 0 0 5.6000000000000005 2.6 3.6 0.2 0 0 3 6.2 0 2.6 10.200000000000001 0 0 5 0.4 2.8000000000000003 0.2 2.8000000000000003 0 9.8 0 0 0 0 0 0 0 0 0 0.4 2.2 0 0 0 0 0 0 0 0 0 0 0 0 0 0 0 0.6000000000000001 0 0 0 0 0.4 0 0 0 0 0 0 0 0 0 0 0 0 0 0.6000000000000001 0 0.2 0.8 0.4 0 1.4000000000000001 0 0 0 0 0 0 0.4 0 0 0 0 0 0 0 0 0 0 0 0 0 0 0 0 0 0.2 0 0 0 0 0 0 0 0 0 0 0 0 0 
 30 25 78 52.800000000000004 37.6 0 12.200000000000001 25.400000000000002 34.6 9.8 48.6 47.6 6.800000000000001 9.600000000000001 60.6 14 76.60000000000001 48.6 10 29.200000000000003 0 15 0 0 0.6000000000000001 0.6000000000000001 8.200000000000001 0 0 0.2 0 0 0.6000000000000001 0 0 0.2 0 0 21.6 21.8 0 0.6000000000000001 0 0 0 0.8 0.6000000000000001 0.4 0 0 0 0 0 0 0 0.4 0 0 10.200000000000001 0 0 0.6000000000000001 0.4 0 0 0.2 0.4 0 0.4 0.4 0 0 0 0.6000000000000001 5.4 0 0 0 0 0 0 2.2 2.4000000000000004 9.600000000000001 4.4 9.600000000000001 0.4 2.2 2.2 1.8 6.6000000000000005 8.4 0 0 2 3.8000000000000003 4 6 0 0 0 3 0 0 0 0 1.8 0 2.4000000000000004 0 1 0 0 1.8 1.8 0 0 0 2 6 0 0 0 0.2 0 0 0 0 0 0 0 0 0 0 0.4 0.4 3.6 0 0 0 0 0 0 0 0 0 0 0 4 0 0 0 0 1.2000000000000002 0 0 0 0 0 0 0 0.2 3.8000000000000003 0 8.4 0 2 0 4.4 4.2 7.6000000000000005 5 0 0 1.2000000000000002 3.2 1.4000000000000001 2.8000000000000003 0 0 3.6 0 0 0 0.2 0.2 5.6000000000000005 1.2000000000000002 0 0.4 6 0 6.6000000000000005 3.6 0 0 0 0 0.2 0 0.2 0.4 0 0 0 0 0 0 0 0 3.2 0 0 0 0 0 0 0 0.4 0 0 0 0.2 0 0 0 0 0 0.2 0 0 0 0 0 0 0 0 0 0 0 0 0 0 0 0 0 0.8 0 0 1.2000000000000002 0.2 1.8 6.800000000000001 0 0 0 0 0 0 0 0 0 2.8000000000000003 0 0 0 0 0 0 0.2 0 0 0 0 0 1.2000000000000002 0 2.2 0 0 0 0.2 0 0 0 0 0 0 0 0.4 
 32.6 36.2 14.4 17.400000000000002 49.2 12.200000000000001 0 36.4 9.8 28.8 6.4 49 42.800000000000004 29.6 104.2 27 3.4000000000000004 22.400000000000002 91.80000000000001 27.400000000000002 0 0.2 0 0 0.6000000000000001 0.6000000000000001 0.8 0 0 0 0 0 1.4000000000000001 8.4 0.4 1.4000000000000001 0 0 0.4 0 0 0.6000000000000001 0 0 0 0.6000000000000001 0.4 0.4 0 0 0 0 0 0 0 9 0 0 0 0 0.8 0.6000000000000001 0.2 0 0 0 0 0 11.200000000000001 0.2 0 0 0 0.6000000000000001 0 0 0 0.2 0 0 0.4 0.2 0 3.4000000000000004 0 0 2.8000000000000003 0 0.2 12 1.8 0 1.4000000000000001 13 0 3.8000000000000003 3.8000000000000003 2 5.4 2.2 0 0 0 0 0 0 0 0 0 0 0 0 0 0 0 0 0 0 0 2.2 0 0.4 0 0 0 0 4.2 0 0.4 0 0 0 0 0 0 0 0.4 0 0 0 0 2.8000000000000003 0 0.2 0.4 0 0 0.4 0 0 0 0 0 0 0 0 0 0 0 0 1.8 1.6 0 0 0 5.800000000000001 0 5.4 2.6 4 2.2 0 0.4 0 3.8000000000000003 0 2.6 2.4000000000000004 2.4000000000000004 3.6 0 0.4 0 0 0 0 0 0.2 0.2 0 2.2 0 0 0 0 0 0 0 3.6 0 0 0 1.4000000000000001 0 0 0 0 0 0 0 0 0 0 0 0 0 0 0 0 0 0 0 0 0.4 0 0 0 0.2 0 0 0 0 0 0 0 0 0 0 0 0 0 0 0 0 0 0 1 0 0 0 0.4 1 0 0.2 0 0 0 0.4 0 0 0 0.2 0 0 0 0 0.2 0 0 0 0 0 0 0.4 0 0 2 0 0 0 0 0 0 0 0 0 0 0 0 0 
 43.800000000000004 33.2 35.2 28 13.600000000000001 25.400000000000002 36.4 0 13 38.2 10.8 7.4 108 48.800000000000004 32.800000000000004 28.400000000000002 43.2 9 69.4 28.400000000000002 0 0.2 0 0 0.6000000000000001 0.6000000000000001 0.6000000000000001 0.4 0.2 0 0 0.4 0.6000000000000001 0 0 0 8.6 0 0.4 0 0 0.6000000000000001 0 0 0 0.6000000000000001 0.4 0.4 0 0 0 0 0 0 0 0.4 0 0 0 0 0 0.6000000000000001 0.6000000000000001 0 0 0.2 0 0 2.4000000000000004 0.4 0 0 0 0.6000000000000001 0 0 0 0 0.2 0 6.2 0 1.4000000000000001 2.8000000000000003 0 0.4 2 2.4000000000000004 5.4 1.2000000000000002 0 3.2 5.800000000000001 5.2 3 0 0 6.6000000000000005 13.600000000000001 4 0 0 0 0 0 0 0 0 0 0 0 0 0 0 0 0 0 0 0 0 0 0 0 0 0 0 0 0.4 0 0 0 0 0.4 0 0 0 0 0 3.4000000000000004 0 0 0.4 0 0 0 0 0 0 0 0 0 0 0 0 0 0 0 0 0 0 5 1.4000000000000001 1.8 0.2 2 0 3 0 0 0 0 0 6.800000000000001 3 2.6 4.800000000000001 9.200000000000001 0 0 2 1.8 0 0 0 0 0 0 0 0 0 0 0 0 0 0 0 0 0 0.4 0 0 0 0 0 0 0 0 0 0 0 0 0.4 0 0 0 0 0 0 0 0 0 0 0.2 0 0 0 0 0 0 0 0 0 0 0 0 0 0 0 0 0.4 0 2 0 0 0 0 0.2 0 0 0 0.4 0.8 0 0 0 0 0 0 0 0 0 0 0 0 0 0.4 0 0 0 0 0 0 0 0 0 0 0 0 0 0 0 0 0 1 0 0 0 0 0 0 
 32.2 39.800000000000004 34.2 57.2 14.600000000000001 34.6 9.8 13 0 37.4 61 55.400000000000006 21 19 17 10.200000000000001 29.200000000000003 11 20 9 0 0.4 0 0 0.6000000000000001 0.6000000000000001 4.800000000000001 0 0 0 0.2 0.2 0.6000000000000001 0 0 0 0 0 35 14.8 0 1.8 0.2 0 0 0.6000000000000001 0.4 0.4 0 0 0 0 0 0 0 0.4 0 0 0 0 0 0.6000000000000001 0 0 0 0 0 0 0.4 0 0.4 0 0 0.6000000000000001 0 9 0 0 0 0 0 2.4000000000000004 7.4 3.4000000000000004 8.6 7 0 0 0.2 7.6000000000000005 7 4.4 0.2 0 1.6 9 1.8 4.6000000000000005 0 0 0.4 0 0 0 0 0.4 10.4 0 0 0 0 0 2.4000000000000004 0 1.6 0 0 0 2.2 5.2 0 0 0 0 0 0 0 0 0 0 0.4 0 0 0 0 0 1.6 0 0 0 0 0 0 0 0 0 0 0 0 0 0 0 0 0 0 0 0 0 0 0 0 0 5.6000000000000005 2.4000000000000004 2.6 10.600000000000001 0 1 8.200000000000001 7 3.2 7.4 0.4 0 2 0 0 3.2 0 1.6 5.4 0 0 3.6 0 0 3.2 1.8 0 0 0 0 3 2.4000000000000004 0.2 0 0.2 0 2.2 2.8000000000000003 0 0 0 0 0 0 0 0 0 0 0 0 0 0.4 0 0 0.4 1.4000000000000001 0 0 0 0 0 0 0 0 0 0 0 0 0 0 0 0 0 0 0 0 0 0 0 0 0 0 0 0 1.2000000000000002 0.4 1.2000000000000002 17.400000000000002 2.6 0.4 1.2000000000000002 0 0 0 0 0 0 0 0 0 1.8 0 0 0 0 0 0 0 0 0 0 0 0 2 3.6 2 0 0 0 0 0 0 0 0 0 0 0 0 
 22.8 23.400000000000002 39.2 25.8 33 9.8 28.8 38.2 37.4 0 48 7.800000000000001 31 13 18.8 33.6 17 24.200000000000003 18.6 35 0 2.8000000000000003 0 1 0.6000000000000001 0.6000000000000001 31.8 1 0.2 0 0.8 0 5.800000000000001 0.4 0.2 0.4 0 0 36.6 0.8 0 0.6000000000000001 0 0.4 0.2 1.4000000000000001 0.8 0.4 0.2 0.8 0.6000000000000001 2.4000000000000004 0 0 0 0.8 0.6000000000000001 0.6000000000000001 0 1.2000000000000002 1.2000000000000002 0.6000000000000001 0 0 0.4 0 0 1.2000000000000002 0.4 1 8.200000000000001 0 0 1.2000000000000002 0.8 0 0 0 0.8 0.4 4 0 1 3.8000000000000003 8.4 4.4 0.2 0.2 2.6 5.6000000000000005 2 2.2 1.6 0 0.2 4.800000000000001 5.6000000000000005 0 5.2 7 2 0 4 0 0 0 8.4 2 0.4 0 0 0 6.2 0 0 0 1.8 0 0 0.2 0 0 0 0 0 0 0 0 0.2 0 0 0.2 0 0 0 0 0 0 0 0 0 0 0 0 0 0 0 0 0 0 0 0 0 0 0 0 0 0 0 0 1.4000000000000001 0 0 7.2 6.4 4.2 2.6 1 2.4000000000000004 0 6.800000000000001 2 5 0.2 2.4000000000000004 2.6 0.6000000000000001 0 0 1.8 0 0 0 0 0 0 1.4000000000000001 0 2 0 0 0 0 3 0 0 0 0 5 6.2 0 0 0 0 0 0 0 0 0 0 2.8000000000000003 0 0 0 0 0 0 0 0 0 0 0 0 0 0 0 0.2 0 0 0 0 0 5.4 0 0 0 0 0 0 0 0 0.4 0 0 0 0 17.400000000000002 0 0.6000000000000001 18 2 0.8 0 3.2 0 0 0 0 0 0 0 0 0.8 0 0 0 0 0 0 0 0.2 0 0 0 0 0 2.4000000000000004 0 0 0 0 0 0 0 0 0 0 0 0 0 
 89.2 36.800000000000004 33 27.200000000000003 19.400000000000002 48.6 6.4 10.8 61 48 0 57.400000000000006 9.8 6.2 76.60000000000001 19.6 46.800000000000004 50 9.200000000000001 10.8 0.4 0.2 0 0 1.2000000000000002 0.6000000000000001 16 0 0 0 14.600000000000001 0 17 0 0 0.6000000000000001 0 0 14.8 0 0 0.6000000000000001 0 0 0 0.6000000000000001 0.4 0.4 0 0 0 0 0 0 0 0.4 0 0 0 0 0 0.6000000000000001 0.4 0 0 0.2 0 0 0.4 0.4 0 0 0 1 0 0 0 0 0 0 0 3 2 3.6 7.4 6.800000000000001 0 0 0 4.800000000000001 0.4 6 0 0 0.2 2.8000000000000003 4 2.8000000000000003 0 0 0 0 0 0.2 0 0.2 2 2 0 0 0 0 4.2 0 0.6000000000000001 4.6000000000000005 0 0 5 2 0 0 0 0 0 0 0 0 0 0 0.2 0 0 0 0 0 0 0 0 0 0 0 0 0 0 0 0 0 0 0 0 0 0 0 3.4000000000000004 0 0 0 0 0 0 0 3.4000000000000004 1.8 4.4 4 0 0.6000000000000001 9.8 6.6000000000000005 10.600000000000001 4.2 0 0 1 3 2.4000000000000004 4.4 0 1.2000000000000002 5 0 0 0 0 0 2 2.2 0 0 7.4 0 8.4 5 3.2 0 2 0 4.800000000000001 5 0 0 0 0 0 0 0 0 0 0 4.6000000000000005 0 0 0 0 0 0.2 0 0 0 0 0 0 0 0 0.2 0 0 0 0 0 0 0 0 0 0 0 0 0 0 0 0 0 0 0 0 17.2 0.4 0.4 20.8 0 0.8 0 0 0 0 0 0 0 0 0 0 1.6 0 0 0 0 0 0 0 0 0 0 0 0 2.4000000000000004 1.8 0 0 0 0 0 0 0 0 0 0 0 0 0 
 7.800000000000001 30.8 37 15.600000000000001 74 47.6 49 7.4 55.400000000000006 7.800000000000001 57.400000000000006 0 25 7.2 15.4 26.200000000000003 45.6 36.800000000000004 5 7.6000000000000005 0 0.4 0 0 0.6000000000000001 0.6000000000000001 21 0 0 0 0 0.2 15.4 0.2 0 0 0 0 1 2.6 0 0.6000000000000001 0 0 0 0.6000000000000001 0.4 0.4 0 0 0 0 0 0 0 0.4 0 0 12.4 0.4 0 0.6000000000000001 0 0 0 0 10.8 0 0.4 0 9.4 0 0 0.6000000000000001 0 0.2 0 0 0 0 0 1.8 2.8000000000000003 2.2 4 7.2 0 0 4.800000000000001 5.2 3.2 3.6 0 0 0 0 3 3.8000000000000003 0 0 0 0 0 0 4 0 5.6000000000000005 0.2 0 0 0 0 6.800000000000001 0 2.8000000000000003 0 0 0 5.6000000000000005 4.6000000000000005 0 0 0 0 0 0 0 0 0 0 0 0 0 0 0 0 2 0 0 0 0 0 0 0 0 0 0 0 0 0 0 0 0 5 2 0 0 0 0 0 0 0 3.4000000000000004 0 4.2 0.6000000000000001 0 0.6000000000000001 3 1.8 0 12 0 0 2.4000000000000004 0 0 0.4 0 2.8000000000000003 8.200000000000001 2.8000000000000003 0 0 2.2 0 4.2 1.6 0 0 7.2 0 1 7.6000000000000005 3.6 0 0 0 2.6 0.8 0 0 0 0 0 0 0 0 0 0 0 0 0 0 0 0 0 0 0 0 0 0 10.4 0 0 0 0 0 0 0 0 0 0 0 0 0 0 0 0 0 0 2 0 0 0 0.2 18 0 19.6 36.6 3 3.4000000000000004 0 0 0 0 0 0 0 0 0 0 0.4 0 0 0 0 0 0 2.4000000000000004 0 0 0 0 0 1.4000000000000001 1.4000000000000001 2 0 0 3.2 0 0 0 0 0 0 0 0 0 
 17.400000000000002 38 17.6 17.400000000000002 15 6.800000000000001 42.800000000000004 108 21 31 9.8 25 0 30.200000000000003 4.6000000000000005 42.400000000000006 30 5 17.8 61 40.400000000000006 0.4 0 0 0.6000000000000001 0.6000000000000001 0.6000000000000001 0.4 0 0 0 0.4 0.6000000000000001 0 0 0 0 0 0.4 0 0 0.6000000000000001 0 0 0 0.6000000000000001 0.4 0.4 0 0 0 0 0 0 0 0.4 0 0 0 0 0 0.6000000000000001 0 0 0 0 0 0 0.4 0 0.2 0 0 0.6000000000000001 0 0 0 0 0 9.200000000000001 0 3.6 0 4.6000000000000005 0 2.2 0 2.6 8 0 0 0.2 3.6 2.4000000000000004 1.8 4.4 4.6000000000000005 2.4000000000000004 5.800000000000001 4.2 0 0 0 0 2.4000000000000004 0 0 0 0 0 0 0 0 0.2 0 0 0 0 0 0 0 0.2 0 0 0.4 0 0 0 0 0 0 0 0 0 0 0 0 0 0 0 0 0 0 0 0 0 0 0.4 0 0 0 0 0 0 0 0 0 0 0 0 5.2 2.8000000000000003 0 1.4000000000000001 2.8000000000000003 0 9 2.8000000000000003 3 0 2 0 4.6000000000000005 0 3.6 7.4 0.4 2.4000000000000004 0 0 0 0.4 0 0 0 0 0 0.2 0 0 0 0 0 0 0 0 0 0 0 0 0 1.8 0 0 0.4 0 0 0 0 0 0 0 4.4 0 0 0 0 0 0 0 0 0 0 0 0 0 1.8 0.2 0 0 0 1.2000000000000002 0 0 0 0 0 0 0 0 0 0 0 0 0 0.4 4.800000000000001 0.4 0.2 0.2 0.4 3.2 0 0 0 0 0 0 0 0 0 0 0 0 0 0 0 0 0 0 0 0 0 0 0 0 0 0 0 0 0 0 0 0 0 0 0 0 0 0 
 28.200000000000003 21.400000000000002 13.600000000000001 56.400000000000006 13 9.600000000000001 29.6 48.800000000000004 19 13 6.2 7.2 30.200000000000003 0 64.2 23.6 15 8.8 25 43.800000000000004 0.2 0.4 0 0 0.6000000000000001 1.6 0.6000000000000001 0.4 0 0 0 0.4 0.6000000000000001 1.2000000000000002 0 0 0 0 0.4 0 0 0.6000000000000001 1.4000000000000001 5.2 0 0.6000000000000001 0.4 0.4 0 0.6000000000000001 0 0 0 0 0.8 0.4 0 0 0 0 0 0.6000000000000001 0.4 0 0 0.2 0 1.2000000000000002 0.4 0.4 0.2 0 0 0.6000000000000001 0 0 1.2000000000000002 0 0 0 0.2 12.600000000000001 9.200000000000001 1.6 0 2.8000000000000003 5.2 12.200000000000001 3.8000000000000003 0.2 0 0 7.6000000000000005 11 4.6000000000000005 1.4000000000000001 0 9.4 5 1.6 0 0 0 3 0 0 0 0 0.4 0 0 0 0 0 0 0.4 0 0 0 0 0 0 0.8 0 0 0 0 0 0 0 2.2 0.2 0 0 0 0 0 0 0 0 0 0 0 0 0 0 0 0 0 0 0 0 0 0 0 0.4 0 0 0 0 7.4 2.6 4.6000000000000005 0 0 0 2.2 3 0 0 0 0 2 5.4 5.800000000000001 6.800000000000001 0.8 0 13.600000000000001 2.8000000000000003 0 0 0 0 0 0 0 0 0.2 0 0 0 0 0 0 0 0 0 0 0 0 0 0 0 0 0.2 0 0 0 0 0 0 0 0 0 0 0 0.2 0 0 0 0 0 0 0 0 0 0 0 0 0 0 0 0 0 0 0 0 0 0 0 0.4 0 0 0 0 0.8 0 0.4 0 0 1.2000000000000002 0 0 0 0 0 0 0 0 0 0 0 14 0 0 0 0 0 0 0 0 0 0 0 0 0 0 0 0 0 0 0 0 0 0 0 0 0 0 
 77.60000000000001 17.6 33.4 28.8 58.6 60.6 104.2 32.800000000000004 17 18.8 76.60000000000001 15.4 4.6000000000000005 64.2 0 50.400000000000006 67.60000000000001 9.200000000000001 66.8 19.200000000000003 0.8 0.4 0 0 0.6000000000000001 0.6000000000000001 0.6000000000000001 0 0 0 0.2 0.2 1 0 0 0 0 0.2 12.600000000000001 38.2 0.6000000000000001 0.6000000000000001 0 1.4000000000000001 0.6000000000000001 1 0.4 0.4 0 0 0 0 0 0 0 0.4 0 0.4 0.8 0.6000000000000001 0 0.6000000000000001 0 0 0.4 0 0 0 0.4 0 7 0 0 0.6000000000000001 0 0 0 0.2 0 0.4 5.2 0.8 0.2 0 2 0 4 0 2.8000000000000003 2.4000000000000004 7.4 7 2.2 5 2.8000000000000003 2 0.2 11.8 3.2 5.2 0 0 0 0 0 0 2.4000000000000004 0 0 0 0 0 0 0 0 0 0 0 0 0 0 0.4 0 0 0 0 0 0 0.4 0 0 0 0 0 0 2.6 0.4 0 0 2.6 0 0 0 0 0.4 0 0 0.4 0 0 0 0 0 0 0 0 0 0 0 0 0 5.2 2.8000000000000003 0.2 0 3.4000000000000004 0 3 0 3.8000000000000003 0.4 3 0 0.2 1.8 0 3.2 0 8.4 0.2 6 0.4 0 0 0 0 0 0.2 0.2 0 1.8 0 5.800000000000001 0 0.2 0 0.2 0 11 0 0 0 0 0 0 0 0 0 0 0 0 2.6 0 0 0 0 0 0 0 0 0 0 0 0.4 1.4000000000000001 0 0 0.2 0 0 0 0 0 0 0 0 0 0 0 0 0 2 0 0 0 0.8 0.4 0.6000000000000001 0 0 0 0.4 1.2000000000000002 0.2 0 0.4 0 0 0 0 0 0 0 0 0 0 0 0 0 0 0 0 0 0.4 0 0 0 0 0 0 0 0 0 0 0 0 0 0 0 0.2 
 69.4 19.200000000000003 54.800000000000004 54.6 14.200000000000001 14 27 28.400000000000002 10.200000000000001 33.6 19.6 26.200000000000003 42.400000000000006 23.6 50.400000000000006 0 11.200000000000001 6.4 21.8 90.80000000000001 0 0.4 0 0 0.6000000000000001 0.6000000000000001 0.6000000000000001 0 0 0 0.4 12.200000000000001 0.6000000000000001 0 0 0 0 1.4000000000000001 0.4 0 0 0.6000000000000001 0 0 0 0.6000000000000001 0.4 0.4 0.6000000000000001 0 0 0 0 0 0 0.4 0 0 0 0 0 0.6000000000000001 0 0 0 0 0 0 0.4 0 1.8 0 0 0.6000000000000001 0 0 0 0 0 0 0 5.800000000000001 1.2000000000000002 0 0 7 0 0.4 5 2 1.4000000000000001 0 2.6 4.6000000000000005 4.2 3.4000000000000004 3.4000000000000004 3.6 0.2 4.2 0 0 0 0 0 0 0.2 0 0 0 0 0 0 0 0 0 0 0 0.2 0.2 0 0 0 0 0 0 0 0 0 0 0 0 0 0 0 0 0 0 0 0 0 0 0 0 0 0 0 0 0 0 0 3 0 0 0 0 0 0 0 0 0.4 7.800000000000001 0 2.6 0 0.4 7.4 1 0 1.8 1 0 0.6000000000000001 0 6 2.8000000000000003 4 0.4 0 0.8 0 0 0 0 0 0 0.2 0 0 0 0 0 1.4000000000000001 0 0.2 3.2 0 0 5.2 0 0 0 0 0 0 0 0 0 0 0.4 0 0 0 0 0 0 0 0 0 0 0 0 0 0 0 0 0 0 0 0 0 0 0 0 0 0 0 0 0 0 0 2.2 0 0 0 0.4 19.6 0.4 0 0 0 2 0 0 0 0 0 0 0 0 0 0 0 0 0 0 0 0 0 0 0 0 0 0 0 0 0 0 0 0 0 0 0 0 0 0 0 0 0 0.6000000000000001 
 19 35.2 32.800000000000004 9.4 14 76.60000000000001 3.4000000000000004 43.2 29.200000000000003 17 46.800000000000004 45.6 30 15 67.60000000000001 11.200000000000001 0 33 8 42 0.4 1 0.6000000000000001 0 1 0.6000000000000001 1 0 0 0 14.8 0 0.6000000000000001 5 0.6000000000000001 0.4 0 0 24.6 3.4000000000000004 0 0.6000000000000001 0 0 0 0.6000000000000001 0.4 0.4 0 0 0 0.6000000000000001 0 0 0 6 0 0 0 0 0 1 0.6000000000000001 0 0 0 0 0 0.6000000000000001 0 0 0 0.4 0.6000000000000001 0 0 0 0 0 9.600000000000001 3.6 6.2 0 9.4 3.2 11.8 0 2.2 9 2 3.6 3.4000000000000004 3.2 2.4000000000000004 6.4 0.8 11 2.6 0.8 3 2.4000000000000004 0 0 0 0 0 1.6 0 0 0 0 0 6.800000000000001 0 0 0 0 0 2.2 4.800000000000001 0 0 0 0 0 0 0 0 0 0.2 0 0 0 0 0 0 0 0 0 0 0 0 0 0 0 0 0 0 0.4 0 0.2 0 0 9 0 0 0 0 0 2 6 3 3.4000000000000004 0 8.4 0 12.600000000000001 0 0.2 4.800000000000001 2.4000000000000004 2.8000000000000003 2 0 2.8000000000000003 8.200000000000001 0 3.2 0 1.4000000000000001 8 0 0 0 0 0 6 0 0 0 0 0 3 2.8000000000000003 0 0 0 1.6 3 0.2 0 0 0.2 0 0 0 0 0 0 0 0 0 0 0 0 0 0 0 0 0 0 0 0 0 0 3.2 0 0 0 0 0 0 0 0 0 0 0 0 0 0 0 0 0 0 0 0 19.200000000000003 0 0.2 17 0 1 3.2 0 0 0 6.4 0 0 0.2 0 0 1.8 0 0 0 0 0 0 0 0 0 0 3.8000000000000003 0 2.6 0 0 0 0 0 0 0 0 0 0 0 0 0 0 
 64.8 28.6 52 45.6 50 48.6 22.400000000000002 9 11 24.200000000000003 50 36.800000000000004 5 8.8 9.200000000000001 6.4 33 0 3.8000000000000003 8.200000000000001 15.4 1.2000000000000002 0.2 0.4 1 0.8 15.600000000000001 0.2 0.6000000000000001 0 0 0.6000000000000001 0.8 0 0 0.4 0.6000000000000001 0 13.200000000000001 30.400000000000002 0 0.6000000000000001 0 0.2 0 1.2000000000000002 0.4 0.8 0 0 0 0 0 0 0 0.6000000000000001 0.6000000000000001 1.6 0 0.4 0 1 0 0 1 0 0 0.4 0.4 0 0.4 0.6000000000000001 0 0.6000000000000001 0 0 0 0.4 0.4 0 0 0.2 0 0 5.2 0 0 0 0 2 1.8 1.8 0 2.4000000000000004 0 3.4000000000000004 0 4.800000000000001 0 0 0.4 0 3.2 0 0 0 2.4000000000000004 0.6000000000000001 0 0 0 0 0 4.2 0 0 0 0.2 0 1.8 0 0 0 0 0 0 0 0 0 0 0 0 0 0 0 0 0 0 0.4 0 0 0 0 0 0 2 0 0 0 0 0 0 0 4 0 0 0 0 0 3 0 2 5.800000000000001 0.2 2.2 4.4 0 0 0 6 4.4 3.2 0 0 3.8000000000000003 0 0 4.800000000000001 0 0 10.200000000000001 0 0 0 0 0 3.2 0 0.2 0 0 0 7.2 2.2 0.2 0 0.2 0 3.8000000000000003 0 0 0 0 0 0 0 0 0.4 0 0 0 0 0 0 0 0 0 0.4 0 0.4 0 0 0 0 0 0 0 0 0 0 0 0 0 0 0 0 0 0 0 0 0 0 0 0 0 0.2 1.2000000000000002 0 0.6000000000000001 0.4 0 0 1 0 0 0 0 0 0 0 0 0 3.8000000000000003 0 0 0 0 0 0 0 0 0 0 0 0 0 0 0 0 0 2.4000000000000004 0 0 0 0 0 0 0 0 0.2 
 23.6 52 18.8 20.400000000000002 15.200000000000001 10 91.80000000000001 69.4 20 18.6 9.200000000000001 5 17.8 25 66.8 21.8 8 3.8000000000000003 0 19.200000000000003 0.4 1.4000000000000001 0.6000000000000001 0 1 0.6000000000000001 0.6000000000000001 0 0 0.4 0.4 0 0.6000000000000001 0 0.6000000000000001 0.2 0.6000000000000001 0 0.4 0 0 0.6000000000000001 0 0 0 0.6000000000000001 0.4 0.4 0 0.6000000000000001 0 0.6000000000000001 0.4 0 0 0.6000000000000001 0.4 0.4 0 0 0 1.2000000000000002 0 0 0 0.2 10.600000000000001 0 3.2 2.8000000000000003 0 0 0.4 0.6000000000000001 0.2 0 0 0 0 0 7.4 0 5.2 2.8000000000000003 0 0 3.4000000000000004 2.4000000000000004 0 1.8 4.2 3.8000000000000003 1.4000000000000001 3.2 3.6 2 0 11.4 5.800000000000001 2.4000000000000004 0 0 0 0 0 0 0 0 0 0 0 0 0 0 0 0 0 0 0.2 0 0 0 0 0 0 0 0 0 0 0 0 0 0 0 0 2 0 0 0 0 0 0 0 0 0 0 0 0 0 0 0 0 0 0 0 4.2 1.4000000000000001 1.2000000000000002 0 0 0 3.8000000000000003 0 2.8000000000000003 0 0 0 3.8000000000000003 0 0 0 0 2.2 6.4 0 0 6.4 0 2.2 4.6000000000000005 4.800000000000001 0 0 0 0 3.6 0 0 0 0 0 0 0.2 0 0 0 0 0 0 0 0 0 0 0 0 0 0 0 2.8000000000000003 0 0 0 0 0 0 0 0 0 0 0 0 0 0 0 0 0 0 0 5.800000000000001 0 0 0 0 0 0 0 0 0 0 0 0 0 0 0 0 0 0.4 0 0.2 0 0 2.4000000000000004 0 0 0 0 0 0 0 0 0 0 0 0 0 0 0 0 0 0 0 0 0 0 0 0 0 0 0 0 0 0 0 0 0 0 0 0 0 0 
 60.2 25 8.6 29.6 19.400000000000002 29.200000000000003 27.400000000000002 28.400000000000002 9 35 10.8 7.6000000000000005 61 43.800000000000004 19.200000000000003 90.80000000000001 42 8.200000000000001 19.200000000000003 0 40.400000000000006 1 0 0.6000000000000001 1.2000000000000002 1 1.4000000000000001 0 0 0.4 0.4 0 0.6000000000000001 0.6000000000000001 0 1.2000000000000002 0 0 1 0.2 0 0.8 0 0 0 1.6 0.8 0.4 0 0 0 0.8 0.6000000000000001 0 0 0.4 0 0 0 0 1.4000000000000001 0.6000000000000001 0.2 0 0 0 0 0.2 9 0.2 0 0 0 0.6000000000000001 0.8 0 0 0 0.4 0 0 2.8000000000000003 1.8 1 0 0.8 0 1.6 6.2 0 0 0 7.800000000000001 6 0.4 3.4000000000000004 3.4000000000000004 3.6 3 1.4000000000000001 0 0 0 0 0 0 0 0 0 0 0 0 0 0 0 0 0 0 2.8000000000000003 0 0 0 0 0 0 0 0 0 0 0 0 0 0 0 0 0 0 0 0 0 0 2.8000000000000003 0 0 0 0 0 0 0 0 0 0 0 0 0 0 0 0 0 0 6.800000000000001 0 1.8 0.2 2.2 0 8 2.2 4.4 0 2 0 2.8000000000000003 3 0 12.200000000000001 2.4000000000000004 2.8000000000000003 0 2.8000000000000003 1.8 0 0 0 0 0 0 0 0 0 0 0 0 0 0 0 0 0 0 0 0 0 0 0 0 0 0 0 0 0 3.8000000000000003 0 0 0 0 0 0 0 0 0 0 0 0 0 0 0 0 0 0 0 2.6 0 0 0 0 0 0 0 0 0 0 0 0 0 0 0.6000000000000001 10.600000000000001 0 0.2 0.4 0 0 0 0 0 1.8 0 0 0.2 0 0 0 0.4 0 0 0 0 0 0 0 0 0 0 0 0 0 0 2 0 0 0 0 0 0 0 0 0 0 0 0 
 0 0 0 0 0.6000000000000001 0 0 0 0 0 0.4 0 40.400000000000006 0.2 0.8 0 0.4 15.4 0.4 40.400000000000006 0 32 39.400000000000006 42.6 55.400000000000006 51.800000000000004 37.6 22.200000000000003 53.6 81.4 41.6 38.6 111.4 58.6 19.400000000000002 32.2 25.200000000000003 6.800000000000001 53.800000000000004 60.2 0 0 0 0 0 0 0.4 0 0.6000000000000001 0 0 0 0.6000000000000001 0 0 0 0 0 0 0 0 0 0 0 0 0 0.4 0.2 0 0 0 0 0 0 0 1.2000000000000002 0 0 0 0 0 0 0 0 1.4000000000000001 0 0 0 0 0 0 0 0 0 0 0 0 0 0 0 9.200000000000001 3.4000000000000004 4.6000000000000005 2.4000000000000004 2.4000000000000004 2.4000000000000004 0 3 0 5 6.2 2 0.2 6 4.2 8.8 2.6 4.4 0 2 0 0 0 0 0 0.4 0 0 0 0 0 0 0 0.2 0 0 3.6 0 4.2 0 0 0 0 0 0.6000000000000001 2.4000000000000004 0.2 0 0 0 1.8 0 0 0 0 4.2 0 0 0 1.8 0 0 0 0 0 2.2 0 0.4 0.2 0 0 0 0 0 0 0 0 0 0 0 0.2 5.800000000000001 5.2 2.6 0 4.6000000000000005 2.2 7.800000000000001 4 3.4000000000000004 0 4.6000000000000005 2.8000000000000003 0 4 0.2 0.2 1.6 3.4000000000000004 3.8000000000000003 0 0 0 0 0 0 0 0 0 0 0 0 0 0 0 0 0.4 0 3 0 0 0 0 0 0 0.6000000000000001 0 0 0 0 0 0 0 0 0 0 0 0 0 0 0 0 2.2 0 0 0 0 0 0 0 0 0 0 0 2.4000000000000004 0 0.4 8.200000000000001 0.2 0 0.8 0 0 0 0 0 0 0 0 0 10 0 0 0 0 0 0 0 0 0 0 0 0 0 0 0 0.2 0 0 0 
 0.4 0.6000000000000001 1 1.6 0.4 15 0.2 0.2 0.4 2.8000000000000003 0.2 0.4 0.4 0.4 0.4 0.4 1 1.2000000000000002 1.4000000000000001 1 32 0 66.4 18.8 13.4 11 35 43.800000000000004 30 70.60000000000001 102.4 34.800000000000004 25.8 10.200000000000001 81.80000000000001 58 49.2 63.6 6.2 83 0.4 0 0.2 0.4 0.6000000000000001 0.4 0.4 41.2 0.6000000000000001 0.4 0.4 0.4 0 0.2 0 0.6000000000000001 0.4 0 0.6000000000000001 0.6000000000000001 1.2000000000000002 0 0.6000000000000001 0 0.6000000000000001 1 0 0.4 0 0.4 0.6000000000000001 0.8 0 0 0.4 0 0.2 0.4 0.4 0 0 0 2.8000000000000003 0 0 0 0 0 0 0 0 2.2 0 0 0 0 0 0 0 5.4 2.2 3.8000000000000003 2 3.8000000000000003 3.4000000000000004 0.6000000000000001 0 4.800000000000001 4.4 0.6000000000000001 7 0.4 0.6000000000000001 4.800000000000001 4.6000000000000005 1.8 2.4000000000000004 4.2 0 7 0 0 0 0 0 0 2.6 0 0 0 0 0 0 6.800000000000001 0 0 0 0 0.2 0 0 0 0 0 3.6 0.4 1.2000000000000002 0 0 0.4 0 0 0 0 0 0 0 0 0 0 0 0 0 0 0 0.2 1 0.4 0 0 1.2000000000000002 0 0.4 0 0.6000000000000001 0 0 0 0 0 0 4.2 3.6 1.2000000000000002 3.8000000000000003 5.6000000000000005 0.4 5 3.8000000000000003 1 4.6000000000000005 0 4 0 5.6000000000000005 2.6 0.4 6 0 5.2 0 0 0 0 0 0 0 2.4000000000000004 0 0 0.2 0 0 0 0 0 0.4 0 4.800000000000001 0 0 0 0 0 0 0 0 0 0 0 0 0 0 0 0 0 0 0 0 0 0 0 0 0 0 0 0 0 0 0 0 0 0 0 3.6 0 0.4 15.600000000000001 15.200000000000001 0.6000000000000001 0.8 0.4 0 0 0 0 0 0.4 0 0 0 0 0 0 0 0 0 0 0 0 0 0 0 0 0 0 1.8 0 0 0.4 
 0 0 0.8 0.4 15 0 0 0 0 0 0 0 0 0 0 0 0.6000000000000001 0.2 0.6000000000000001 0 39.400000000000006 66.4 0 29.200000000000003 10.600000000000001 17.6 25.200000000000003 21.400000000000002 49.6 12 28 36.6 15 25.8 76 13 26.8 14.200000000000001 8.6 50.800000000000004 0 0 0 0 0 0 0.4 0 0.6000000000000001 11.4 0 0 28.8 0 0 0 0 0 12.8 0 0 0 0 0 0 0 0.6000000000000001 0 0.6000000000000001 0.2 0 0 0 0 0.6000000000000001 1.8 0.4 0 0 0 0 0 0 0 0 0 0 0 0 0 0 0 0 0 0 0 0 0 0 0 0 14 0 3.6 0.4 4.2 0 2.4000000000000004 1.2000000000000002 4.2 5 10 0 2.6 3 0 0.2 5.4 0 0 0 0 0 0.2 0 0 0 0 0 0 0 0 0 4.2 0 2.4000000000000004 0 0 4.4 1.4000000000000001 0 0 0 0 0 0 0 6.2 0 0 0 0 0 0 0 0 0 0 0 0.8 0 0 0 0 0.2 1.8 0 0 0 0 0 0 0 0 0 0 0 0 1 0 2.6 0.4 2 8.6 2.8000000000000003 5.800000000000001 0 2 0 8.6 0 2.4000000000000004 0 0 0.4 0 3.8000000000000003 0 0 1.6 3.4000000000000004 3.4000000000000004 0 0 0 0 0 0 0 0 0 0 1.8 5.2 2.8000000000000003 0 0 0 16.400000000000002 4.6000000000000005 0 0 0 0 0 0 0 0 0 0 0.4 0 0 0 0 0 0 0 0 0 0 0 4.2 0 0 0 0 0 0 0 0 0 0 0 3 0 0 0 15.600000000000001 0 0 2.6 0 0 0 0 0.2 0 0 0 0 0 0 0 0 0 0 0 0 0 0 0.4 0 0 0 2.8000000000000003 0 0 0 0 
 0 0.2 0.2 0.4 0 0 0 0 0 1 0 0 0 0 0 0 0 0.4 0 0.6000000000000001 42.6 18.8 29.200000000000003 0 22.400000000000002 8.200000000000001 22.6 41.2 11.200000000000001 17.2 58.400000000000006 49.800000000000004 40.400000000000006 19.8 66.60000000000001 27.200000000000003 7.4 26 32 44 12.8 0 0 0 0.6000000000000001 0 13 0 1.2000000000000002 0 0.4 0 25.6 0 0 0 0 0 12.8 0.2 0.4 0 0.6000000000000001 0 0 0.6000000000000001 0.2 0.4 0 0.4 0 0 0 0 0 0 0 0 0.4 0 0 0 0 0 2.4000000000000004 0 0 0.2 0 0 0 0 0 0 0 0 0 0 0 0 2.6 0.6000000000000001 2 2 2.8000000000000003 2.6 4 2.2 0.2 3.8000000000000003 6 0.6000000000000001 1.6 0.8 6.800000000000001 8.200000000000001 2.4000000000000004 0 0.4 0 0 0 0 0 0.2 0 0 2.4000000000000004 0 0.2 0.4 0 2.2 7.2 0 3 0 0 3.8000000000000003 1.8 0 0.4 0 0 0 0 0 0 0 0 0 4 0 0 0 0 0 0 0 1.2000000000000002 0 0 0 0 0 0 0 0 0.8 0 0 0 0 0 0 0 0 0 1.8 0 0 0.2 3.4000000000000004 10.200000000000001 7 5 1 6.2 4 0 0 2.8000000000000003 2.2 1.8 3.8000000000000003 4.800000000000001 5.800000000000001 0 2.2 0.8 0 0.8 0 0 0 0 0 0.2 0 2.2 0 0.2 0 0.2 5 0 0 0 5.2 3.8000000000000003 0 0 0 0 0 0 0 0 0 0 0 0 0 0 0 0 0 0.2 0 0 0 0 2 0 0 14.200000000000001 0 0 0 0 0 0 0 0 3.8000000000000003 0.2 0 15.600000000000001 0 0 2.6 3 0 0 0 0 0 0 0 0 0 0 0 0 0 0 0 0 0 0 0 2.4000000000000004 0 0 0 0 1.8 0 0 0 
 0.6000000000000001 0.6000000000000001 0.6000000000000001 0.6000000000000001 1 0.6000000000000001 0.6000000000000001 0.6000000000000001 0.6000000000000001 0.6000000000000001 1.2000000000000002 0.6000000000000001 0.6000000000000001 0.6000000000000001 0.6000000000000001 0.6000000000000001 1 1 1 1.2000000000000002 55.400000000000006 13.4 10.600000000000001 22.400000000000002 0 60.2 6.4 11.4 9 46.800000000000004 20.8 80.2 16.6 30.400000000000002 28.200000000000003 14.4 26.6 25.8 7 52.2 18.6 0 0.2 0 1 0 19.200000000000003 13.200000000000001 13.4 0 0 0 26 1 12.600000000000001 0 0 0 25.400000000000002 0 0 0 0.8 0 0.4 0 0.4 0 0 0 0 0 0 0 0 0 0 0 1.6 0 0 0 0 0 0 0 0 0 0 0.8 0 0 0 0 0 0 0 0 0 0 0 0 0.2 2 0 2.6 0 0 3.8000000000000003 2.8000000000000003 3.8000000000000003 2.4000000000000004 0 0 0 6 2.2 0 0 0 0 0 0 0.2 0 0 0 4.6000000000000005 3 6.800000000000001 0 2.4000000000000004 7.4 3.2 0 3.8000000000000003 4.6000000000000005 3 3 9.4 0.8 0 0 0 0 0 0 0 0 0 0 0 0.4 0 0 0 0 0 0 0 0 0 0 0 0 2.8000000000000003 0 0 0 0 0 0 0 0 0 0 0 0 0 0 0 0 0 8 3.2 1.4000000000000001 0 0 0 2.6 0 2 0 0 0.2 4.6000000000000005 3.8000000000000003 0 0 0 3.6 0 0 2 0 0 2.6 3.4000000000000004 0 4.4 0 0 5.2 1.4000000000000001 3.6 0 2 0 2.8000000000000003 2.4000000000000004 0 0 0 0 0 0 0 0 0 0 0.4 0 0 0 0 0 0 0 0 0 0 0 0 0 0 0.2 0 0 0 0 0 0 0 0 1.4000000000000001 0.4 0.8 16 0.4 0 1 0 0 0 0 0 0 0 0 0 0 0 0 0 0 0 0 0 0 0 0 3.6 0 0 0 0 0 0 0 0 
 1 0.6000000000000001 0.6000000000000001 0.6000000000000001 0.6000000000000001 0.6000000000000001 0.6000000000000001 0.6000000000000001 0.6000000000000001 0.6000000000000001 0.6000000000000001 0.6000000000000001 0.6000000000000001 1.6 0.6000000000000001 0.6000000000000001 0.6000000000000001 0.8 0.6000000000000001 1 51.800000000000004 11 17.6 8.200000000000001 60.2 0 12.4 7 8.6 28.8 15.8 25.200000000000003 23 10.4 10.600000000000001 39 10.600000000000001 32.4 9.200000000000001 7.4 4.6000000000000005 27 4 12.4 14.4 0.2 0.4 1.2000000000000002 13 0 0 0.4 39 26 0.4 0 0 0 25.6 0 0 0 0 0.4 0 0 0 0 0 0 0 0.6000000000000001 0.4 0.4 0 0 1 0.6000000000000001 0.4 5.4 0 0 0 0 0 0 0 0 0 0 0 0 0 0 0 0 0 0 0 0 0 0 5 5 2.2 3 0.4 0 0 2.8000000000000003 2 2.6 0 0 0 0 0 0 0 0 2.8000000000000003 0 2 5.4 0 0 0 2.8000000000000003 0 3.4000000000000004 0 4.2 0.4 4.800000000000001 2 3.8000000000000003 4.800000000000001 2.6 6.4 5.2 0 0 9.600000000000001 0 0 0 0 0 0 0 0 0 0.4 0 0 0 0 0 0 1.2000000000000002 0 0 0 0 0 0 0 0 0 0 0 0 0 0 0 0 0 0 0 0 0.4 0 0 5.6000000000000005 0.2 1.6 0 0 0 2.8000000000000003 0 5.2 0 0 0 0 3.6 2.2 0 0 2.2 4 2.8000000000000003 0 0 0 0.2 2 2.8000000000000003 0 0.2 0 0 0.4 6.6000000000000005 0 0 1.8 0.2 0.6000000000000001 0 0 0 0 0 0 0 0 0 0 0.4 0 0 0 0 0 0 0 0 0 0 0 0 0 0 0 0 0.2 0 0 0 0 0 0 3.6 0.2 0.2 0.8 0 0 0.2 4 0 0 0 0 0 0 0 0 0 0 0 0 0 0 0 0 0 0 0 0 0 0 0 0 0 0 0 0 
 0.6000000000000001 0.6000000000000001 1.2000000000000002 32.800000000000004 16 8.200000000000001 0.8 0.6000000000000001 4.800000000000001 31.8 16 21 0.6000000000000001 0.6000000000000001 0.6000000000000001 0.6000000000000001 1 15.600000000000001 0.6000000000000001 1.4000000000000001 37.6 35 25.200000000000003 22.6 6.4 12.4 0 17.8 23 27.8 91.4 22.200000000000003 22.6 19.8 39.2 21.6 70.8 15.200000000000001 34.2 97.4 0 0.4 0 0 0.2 0 0.4 0 0.6000000000000001 0 0 0.4 0.6000000000000001 0 0.6000000000000001 0 0 0 0 0 0 0.4 0 0 0.4 0 0.8 0 0.2 0.2 0.6000000000000001 0.4 0.2 0.2 0 0 0 0 0 0.2 1.8 2 3 0 1.6 0 0 0 0 1.8 1.8 0.2 0 0.4 0 5 0.2 0 0.6000000000000001 0 4.6000000000000005 3 5.2 0 0 3.4000000000000004 5.6000000000000005 0 1.8 3.2 0 0 4.4 4.6000000000000005 0.2 0 1.6 0.4 9.200000000000001 4.800000000000001 0 0 0 0 0 0 0 0 0 0 0 0 0 0 0 0 0 0 0 0 0 0 0 0 1 0 0 0 0 0 0 0 0 0 2.2 0 0 0.4 0 0 0 0 0 6.4 4.4 1.2000000000000002 3.4000000000000004 0 0.8 0 7 0 0 0 1.2000000000000002 0 0 0 0 0 0.8 5.800000000000001 2.8000000000000003 0 0 0 0.2 0 3 2.4000000000000004 6.2 0 3.6 4 3.6 2.6 0 3 1.6 5.6000000000000005 0 0 0 0 0 0 0 0 0 0 0.2 0 0 0 0 0 0 0 0 0 0 0 0 0 0 0 0 0 0 0 0 2 0 0 0 0 0 0 0 0 0 0 0 0 0 0 0.2 0 0.2 15 2.4000000000000004 0 0 0 1.4000000000000001 0 0.4 0 0 0 0.4 0 0 0 0 13 0 0 0 0 0 0 0 0 0 0 1.6 0 0 0 0 0 0 0 0 0 0 0 0 0 
 0.6000000000000001 0.2 0 3.8000000000000003 12.600000000000001 0 0 0.4 0 1 0 0 0.4 0.4 0 0 0 0.2 0 0 22.200000000000003 43.800000000000004 21.400000000000002 41.2 11.4 7 17.8 0 44.400000000000006 27 25.6 19.6 24.200000000000003 64 20.400000000000002 21.400000000000002 28.6 14.600000000000001 29.200000000000003 70 0.4 0 0 0 0.4 0 0.4 0 1.2000000000000002 0 0 0 1.2000000000000002 0.4 0.4 0 0 1 0 0.4 0.4 0 1.8 0 0 0 0 0 0 0.2 0 0 0 9 0.4 0.4 0 0 1.4000000000000001 0.2 0.2 0 0 1.8 3.4000000000000004 2.2 0 0 0 0.4 4.2 2.4000000000000004 0 0 0 0 0 0 0 0 8 4.4 3.8000000000000003 5.2 6.6000000000000005 2 2.6 2 0.6000000000000001 0.2 3.4000000000000004 0.4 0 10.600000000000001 7.4 2.2 1.8 4.6000000000000005 2.4000000000000004 0 0 0 0 0 0 0 1.8 0 0.4 0 0 0 0 0 0 0 0 0 5 0 0 0 0 0.4 0 0 0 0 0 0 1.6 0 0 0.4 0 0 0 0 0 0 0 0 0 0 0 1.4000000000000001 0.6000000000000001 0 0.8 0 0.8 0 0 0 0 0 0 0 0 0 0 6 2 0.8 2.2 7.800000000000001 4.2 0 1.2000000000000002 0 3.2 16 3.4000000000000004 2.6 0 6.4 0.2 2.2 3.8000000000000003 2.2 0 0 0 0 0 0 0 2.6 0 0 0 0 2 0 0 0 0 0 3.4000000000000004 0 0 0 0 0 0 4 0 0 0 0 0 0 0 0 0 0 0 0 0 0 0 0 0 0 0 0 0 0 0.4 0 0 0 0 0 3.8000000000000003 0 0.2 2 0.8 0 1.2000000000000002 0 0 0 0 0 0 0 0 0 0 0 0 0 0 0 0 0 0 0 0 2.4000000000000004 0 0 0 0 0 0 0 0 
 0 0.4 0 0 19.6 0 0 0.2 0 0.2 0 0 0 0 0 0 0 0.6000000000000001 0 0 53.6 30 49.6 11.200000000000001 9 8.6 23 44.400000000000006 0 82 8.4 8 35.6 33.800000000000004 36.2 45.400000000000006 24 10.4 34.4 46 0 0 0 0 0.2 0 0.4 0 0.4 0 0 0 0.6000000000000001 0 0 0 0 0 0 0 0 0 0 0 0 0 0.6000000000000001 0 0 0.6000000000000001 10 0 0 0 0 4 0 0 0 0 0.4 0 0 0 2 0 0 0 0 0.2 0 2.4000000000000004 0 0 0 2 0 0 0 0 0.2 16.400000000000002 3.6 3.4000000000000004 0 0 2.4000000000000004 0.4 11 4.4 1.8 2.2 0 4 1.8 6 2.6 3.6 2.6 2 0 2.6 0 0 0 0 5 0 0 0 0 0 0 0 2.2 0 0 0 0.2 0 0 0 0.6000000000000001 0.2 2.6 0 0 0 0 0 0.8 0 0 0.2 0 0 0 0 0 0 0 0 0 0 4.2 2 0.4 0 7.2 0 0.2 1.8 0 0 1.4000000000000001 0 0 0 0 0 1.6 9.8 8 0 0 1.8 0 5.4 2 4.6000000000000005 3.8000000000000003 0.6000000000000001 0 0 0 5.6000000000000005 2.2 7.800000000000001 0.2 5.2 0 0 0 0 0 0 0 0 0 0 0 0 0 0 0 0 0 0 0 0 0 0 0 0 0 0 0 0 0 0 0 0 0 0 0 0 0 0 0 0 0 0 1.8 0 0 0 0 0 0 0 0 0 0 0 1.2000000000000002 0 0.4 15 0 0.2 2.4000000000000004 0 0 0 0 0 0 0 0 0 0 0 0 0 0 0 0 0 0 1.4000000000000001 0 0 0 0 0 0 0 0 0 0 
 15 0 0.4 12.200000000000001 0.8 0.2 0 0 0 0 0 0 0 0 0 0 0 0 0.4 0.4 81.4 70.60000000000001 12 17.2 46.800000000000004 28.8 27.8 27 82 0 58.6 11.600000000000001 14.8 26.200000000000003 31.8 35.6 76.60000000000001 71.60000000000001 14 20.400000000000002 0 0 0 0 0.4 0 25.200000000000003 13.8 0.6000000000000001 0 0 0 0.6000000000000001 0.8 0 0 0 0 26.400000000000002 12.4 0 0 0 0 5.6000000000000005 0 0.2 0 0 0 0 0 0 0 0 0 0 0 1.6 0.8 0 0 0 0 0 0 0 0 0 0 0 0 0 1.4000000000000001 0 3.2 0 0 0 0 4 3.8000000000000003 11.200000000000001 1.8 4.800000000000001 0 0 4.4 2 8 8.200000000000001 0 0 0 1 4.6000000000000005 0 11.600000000000001 0 2.2 0.2 0 0 0.2 0 0 0 0 0 1.6 0 0 3.8000000000000003 2.2 0 3.4000000000000004 3 0.2 10.600000000000001 4.800000000000001 0 0 0 0 1.6 0 0 0 0 0 0.8 0 0.2 0 0 0 0 0 0 0 0 0 0 0 0 0 0 0 0 0 0 0 0 0 0 0 0 0 0 0 0 6.4 4.800000000000001 2.2 0 7.800000000000001 0 4 3.8000000000000003 5.800000000000001 0 6.2 4.800000000000001 0 0 7.800000000000001 1.8 4.4 0 1 3 0 0 1 0 0 0 1 0 0 0.2 0 0 0 3.8000000000000003 0 2 0 0.2 3.4000000000000004 0 0 0 0 0 0 0 0 0 0 0 0 0 0 0 0 0 0 0 0 0 0 0 0 0 0 0 0 0 0 0 0 0 0 0 0 0 15.8 0 0.4 0.2 0 0.2 0 0 0 0 0 0 0 0 0 0 0 0 0 0 0 0 0 0 0 0 0 0 0 0 0 0 0 
 0 0 1.4000000000000001 0 0.4 0 0 0 0.2 0.8 14.600000000000001 0 0 0 0.2 0.4 14.8 0 0.4 0.4 41.6 102.4 28 58.400000000000006 20.8 15.8 91.4 25.6 8.4 58.6 0 49 36.800000000000004 70 82.80000000000001 39.2 36.2 34.800000000000004 6.800000000000001 29.8 0 0.2 0 0 0 0 0.4 0 0.6000000000000001 0 0 0.4 0.6000000000000001 0 0.6000000000000001 0 0 0 0 0 0 0 0 0.4 0 1.2000000000000002 0.4 0 0 0 0.4 0 0 0 0 0 0 0.4 0.2 0 0 0.2 0 0 0 3.2 0 0 0 0 0 0 0 0 0 0 0 0 0 0 10.200000000000001 8.200000000000001 0 4.6000000000000005 4.2 5.6000000000000005 4.2 7.2 0.8 5.2 2.6 3.4000000000000004 2.2 2.6 4.6000000000000005 7.800000000000001 2.2 1.6 0 0 0 0 0 0 0 0 0.2 2 0 0 0 0 0 0 0 0 0 0 4.6000000000000005 0 0 0 0 0 10 0 1.4000000000000001 0 0 0 1.6 0 0 0 0 0 0 0 0.4 0 0 0 0 0 0 0 0 0 0 0 0 0 0 0 0 0 0 0 0 0 0 5.800000000000001 0.8 4.2 0.2 2.4000000000000004 4.2 4.800000000000001 5 0.2 0 6.6000000000000005 1.4000000000000001 0.6000000000000001 9.600000000000001 0.2 0.2 0.6000000000000001 2.8000000000000003 2 2.8000000000000003 0 0 0 0 0 0 0 0 0 0 0 0 0 0 0 0.2 0 3.6 0 0 0 0 0.4 0 3.6 0 0 0 0 0 0 0 0 0 0 0 0 0 0 0 0 1.4000000000000001 0 0 0 0 0 0 0 0 0 0 0 0.6000000000000001 0.4 0 0.8 0.4 0 0 0.4 0 0 0 0 0 0 0 0 0 0 0 0 0 0 0 0 0 0 0 0.8 0 0 0 0 1.8 0 0 0 
