 0 24.400000000000002 18.8 12.600000000000001 23.6 7.800000000000001 45.400000000000006 55.2 72.4 20 9.200000000000001 7 42.6 72.2 35.2 98 38.800000000000004 17.6 28.6 8.4 0.2 0 0.6000000000000001 0.4 0 0 0 0 0.2 0 0 0 0 0 0.2 0 0.2 0 0 0 0.6000000000000001 0.6000000000000001 0 0 0 0 0 0 0 0 0 0 0.4 12.4 0 0 0 0 0.4 0.4 0 7.800000000000001 0.8 0 0 0.6000000000000001 0.4 0.6000000000000001 0.2 0.6000000000000001 0 0.4 0 0 0 0 0 0 0 1 5.2 2.2 1.8 0 0.4 3.4000000000000004 4.6000000000000005 3 11.600000000000001 2.4000000000000004 3.4000000000000004 0.2 1.4000000000000001 11 3.2 0.2 0.4 17 3 9.600000000000001 0.2 0 0 0 0 0 0 0 0 0 0 0 0 3.2 0 0 0 0 0 2.2 0 5.800000000000001 0 0 0 0 0 0 0 0 0 0 0 0 0 0 0 0 0.4 0 0 0 0 0 0 0 0 0 0 0.2 0 0 3.6 0 0 0.2 0 0 0 0 5.4 2.2 0.2 14.600000000000001 4 0 2.2 0 0 3.6 7.4 3.2 1.6 2 15 3.8000000000000003 10.4 10.4 0 2.4000000000000004 0 0 0 0 0 0 0 0 0.4 0.2 0 0 0 0 0 0.4 0 0 0 0 0.4 0 2.4000000000000004 0 0 0.4 0 0 0 0 0 0 0 0 0 0 7.4 0 0 0 0 0 0 0 0 0 0 0 0 0 0 0 0 0.4 0 0 0 0 0 0 0 0 0 0 0 0.4 0.4 0 0 0 0 2.2 0 0 0 0 0 0 0 0 0 0 2 0 0 0 0 0 0 2.6 0 0 0 0 0 8.200000000000001 0 0 0 0 0 0 0 0 0 0 0 0 0 0 
 24.400000000000002 0 11.4 58.2 7.6000000000000005 113.80000000000001 128.4 54 70.60000000000001 7.2 40.800000000000004 23.200000000000003 86.2 17.6 11.600000000000001 37 47.800000000000004 24.8 124.80000000000001 7.2 0.2 0 0.6000000000000001 0 0 0 2.2 0 0 0.2 0 0 0 0 0 0 0.4 0 3.4000000000000004 0 0.6000000000000001 0.6000000000000001 0 0 12.8 0 0.4 12.600000000000001 0 0 0 0 0.6000000000000001 0.6000000000000001 0 0 0 0 0.4 0.2 0 0.6000000000000001 0.4 0 0 0.2 0 0.2 0 0.6000000000000001 0 0.8 6.4 0 0.6000000000000001 0 0 0 0 0 0.2 1.8 8.4 11.4 2.2 4.2 0.2 3 1.2000000000000002 5 8.4 0 2 6.800000000000001 1 5.4 1.4000000000000001 0 0 0 0 0 0.4 0 0.2 0 0 2.2 0 0 0 0 0 0 0 4.6000000000000005 0 0 0.2 0 0 0 0 0.2 0.2 0 0 0 0 0 0 0 0 0.2 0 0 0 0 0 0 0 2.6 0 0 0 0 0 0 0 0 0 0 0.2 0.8 0 1.8 0.4 0 0 0.4 0 9.200000000000001 6.4 2.8000000000000003 0 1.6 0.6000000000000001 14.600000000000001 3.2 4 8.200000000000001 0 1.2000000000000002 0 3.6 0 2.4000000000000004 4.2 0 4.4 1.6 0 0 0 0 0 0 0 0 0 0 0 0 0 0 0 0 0 0 0 0 0 0 0 5.6000000000000005 0 0 0 0 0 0 0 0 0 0 0 0 0 0 0 0 0.2 0 0 0 0 0 0 0 0 0 0 0 0 0 0 0 0.2 0 2 0 0 2.6 0 0 0 10.4 0 18.400000000000002 17.8 4.800000000000001 1.4000000000000001 2 0 0 0 0 0 0 0 0 0 0.2 0 0 0 0 0 0 0 0 0 0 0 0 6.4 0 0 0 0 0 0 0 0 0 0 0 0 0 0 
 18.8 11.4 0 70 29.6 10.4 13.600000000000001 36.800000000000004 33.4 42.6 37.800000000000004 23.8 32.2 22.6 41.800000000000004 16.2 31.400000000000002 11.8 49.800000000000004 42.2 0.4 2.2 1 0.6000000000000001 0.4 0.8 0.6000000000000001 0.8 0 0 0.8 0.4 0 0 0.4 1 0 0.4 0.6000000000000001 0.8 0.6000000000000001 2.6 0.8 0 0.4 0.2 2.4000000000000004 0 0.6000000000000001 1.6 0 0.2 14.8 0.6000000000000001 0.4 15.200000000000001 0.4 0.4 0.4 0.2 0 0.8 0.4 0.6000000000000001 0.4 0.4 0 0.4 0.6000000000000001 1 0.2 10.4 0 0 1 0 0 0 0.6000000000000001 0.2 2.4000000000000004 4.800000000000001 1.8 2.2 0 0 0 0 0.4 5.4 3 0 0 2.4000000000000004 1 3 4.6000000000000005 6.2 0 0 0 0 0 0 0 0 0 0 0 0 0 0 0 0 0 0 0 0 0 0 0 0.4 0 0 0 0.4 0 0 0 0.2 0 0 0 0 0 0 0 0 0 0 0 0 0 0 0 0 0 0.4 0 0 0 0 0 0 0 0 0 0 0 0 0 2 4.4 0 0.6000000000000001 0 0 0 4.2 3.6 0 9.200000000000001 0 0 0 0 3 0 2 8.200000000000001 0 0 1.4000000000000001 0 0 0 0 0 0 0 0 0 0.2 0 0 0 0 0 0 0 3 0.4 0 4 0 0 0 0 0 0 2.2 0 0 0 0 0 0 0 0 0 0 0 0 0 0 0 0 0 0 0 0 0 0 0 0 0 0 0 0 0 0 0 0 0 0 0.8 0 0 0.6000000000000001 17.8 4.800000000000001 0.8 0.4 0 0 0 0 0 0 0 0 0 0 0 0 0.2 0 0 0 0 0 0 0 0 0 0 0 0 0 0 0 0 0 0 0 0 0 0 0 0 
 12.600000000000001 58.2 70 0 27.200000000000003 23 23.200000000000003 18 62.800000000000004 98.4 27.200000000000003 38 14.200000000000001 60 30 7.4 10 36.4 15.8 52.2 0 0 0.6000000000000001 6.2 0 0 5.2 0 0 0 0.2 0 15 15 0 0 0 0 14.4 15 0.6000000000000001 0.6000000000000001 0 0 0 0.2 0 0 0 0 0 0 0.4 0.6000000000000001 0 0 0 1.8 0.4 0.2 0 0.6000000000000001 0.4 0 0 0.6000000000000001 0 0.6000000000000001 0 0.6000000000000001 0 0.4 0 0 0 0 0 0 0 0 0 0 0 0 9.600000000000001 3.8000000000000003 0 0 2.6 0 0 12.4 0 0 0 2.8000000000000003 2.4000000000000004 0 0 0 6.2 1.4000000000000001 0 0 0 0 11.200000000000001 4.800000000000001 0 0 2.6 0 1.4000000000000001 3.8000000000000003 2 0.2 0 0 6.800000000000001 14.4 0.2 0 0 0 0 0 0 0 0 0 0 0 0 0 0 0 0 0.2 0 0 0 0 0 0 0 0 0 0 0 0 2.8000000000000003 0 0 0 3.2 0 0 0 0 2.6 0 0 0 0 0.4 0 0.4 0 0.4 9 1.6 4.6000000000000005 0 0 0.4 20.200000000000003 2 4 0 0 0 2 0 0 0 0 2 5.4 0.4 0 0 0 5.4 4.4 2.2 0.2 0 2 9 0 0 0 0 0 0 0 0 4.6000000000000005 0 0 0 0 0.2 0 0 0 0 0 0 0 3 0 0.4 0 0 0 0 0 0 0.4 0 0 0 0 0 0 0 0 0 0 0 1.2000000000000002 2.8000000000000003 0 0 0.4 11 0 0.4 20.6 0.4 1.2000000000000002 0 0 0 0 0 0 0 0 0 0 0 0 0 3.6 0 0 0 0 0 0 0 0 0 3.4000000000000004 2.2 1 0 0 0 0 0 0 0 0 0 0 0 0 
 23.6 7.6000000000000005 29.6 27.200000000000003 0 77 11.600000000000001 11.200000000000001 15.8 36.2 28.400000000000002 11 20.8 35 87.2 58 9.200000000000001 28.6 15.8 18 14.8 18 4.800000000000001 0 0 0 17 14.8 17 15 1.6 0 15.200000000000001 0 0.4 0 15.200000000000001 14.8 27 14.600000000000001 0.6000000000000001 0.6000000000000001 0 0 0.4 0 0.6000000000000001 0 0 1 0 0 0.4 0.6000000000000001 0 0 0 0 0.4 0.4 0 0.6000000000000001 0.4 0 0 1 0 0.6000000000000001 0 0.6000000000000001 0 0.4 0 0 0.4 0 0 0 0 0 0 0 0 0 11.600000000000001 2 0 0 0 0 5.4 8.200000000000001 0 0 0 3.2 3.6 1.2000000000000002 0 0 9.8 0.4 1.2000000000000002 2 0 0 0 0.4 3.2 2.2 0 0 3.4000000000000004 9.8 0.2 0 0 2.4000000000000004 5 9.4 0 0 0 0 0.4 0 0 0 0 0 0 0 0 0.2 0 0 0 0 1.2000000000000002 0 0 0 0 0 0 0 0 0 0 0 0.6000000000000001 0 0 0 0 0 0 0 0.4 0.2 0 2.6 1.4000000000000001 4 7 2.8000000000000003 0.2 0 0 6 2.4000000000000004 11.4 0 0 4 6 0 5 0 0 0.2 3.8000000000000003 5.6000000000000005 3.6 0 0 7.800000000000001 12.4 0 0.2 0 0 5.4 2.6 1.2000000000000002 0 1.8 3.2 12.4 2.4000000000000004 0 0 0 0 0 0 0 0 0 0 0 0 0 0 0 0.4 0 0 0 0 0 0 0 0 0 0 0 0 0 0 0 0 0 0 0 0 0 0 0 0 0 0 0 0 0 0.4 0 0.4 0 18.8 0 1.4000000000000001 0 0 0 0 0 0 0 0 0 0 0 0 0 0 0 0 0 0 0 0 0 0 0 4.4 0 0 0 0 0 0 0 0 0 0 0 0 0 0 
 7.800000000000001 113.80000000000001 10.4 23 77 0 53.6 6.2 29.200000000000003 10.4 19.400000000000002 11.600000000000001 11.4 51 51.6 56.800000000000004 38.400000000000006 28.400000000000002 8 9.8 0 15 0.6000000000000001 3.8000000000000003 0 0 0 0 7.4 0.2 0 0 0.4 0 0.8 0 0 14.8 0 0.2 0.6000000000000001 0.6000000000000001 0 0 0.4 0 0 0 0 0.4 0 0 0.4 0.6000000000000001 0 0 0.4 0.8 0.4 0.4 0.4 0.6000000000000001 0.4 0 0 0.6000000000000001 0.4 0.6000000000000001 0 0.6000000000000001 0 0.8 11 0 0.4 0 0 0 0.8 0 0 0 0.2 0.4 0 0.2 0 0 0 0.4 0.2 4.800000000000001 0 4.2 0 0.2 0.2 0.2 0 0 0 0 0 0 0 0 0 8.8 3.6 9.4 0 0 5 0 4.6000000000000005 2.6 2.4000000000000004 6.2 7 1.6 0 0 0.2 0 0 0 0 0 0 0 0 2 0 0.2 0 0 0 2.2 0 0 0 0 0 0 0 0 0 0 3.2 0 0 0 0 0.6000000000000001 0 0 0.4 0 0 0.4 1.2000000000000002 0 2 0 3 1.4000000000000001 0 2.6 4.6000000000000005 0 0 0 0 0 0 0 2 0 0 0 2.2 1.6 0 0.2 2.2 0.2 2.8000000000000003 7.4 0 0 0 0 0.2 0 5.800000000000001 1.6 3 0.8 7.4 7.2 0 0 0 0 0 0 0 2.2 0 0 0 0 0 0 0 0 0 0 0 0 0 0 0 0 0 0 0 0 0 0 0 0 0 0 0 0 0 0 0 0 0 2.8000000000000003 0 0 0 0 34.6 0 0.4 2.4000000000000004 0.2 1.6 0 0 0 0 0 0 0 0 0 0 0 0 0 0 0 0 0 0 0 0 0 0 0 0 0 0 0 0 0 0 0 0 0 0 0 0 0 0 
 45.400000000000006 128.4 13.600000000000001 23.200000000000003 11.600000000000001 53.6 0 74.60000000000001 82.60000000000001 19.8 104.80000000000001 4.4 62.2 45.800000000000004 46.2 10.200000000000001 24.8 7 26 45.800000000000004 0.2 0 0.6000000000000001 0.2 0 0 0 0.6000000000000001 0.2 0 0 0 3.4000000000000004 0.2 0 0 0.6000000000000001 0.6000000000000001 0 0.4 0.6000000000000001 5.4 0 0 0.6000000000000001 0.4 0.4 0.4 0 0 0 0 0.4 0.6000000000000001 0.4 0 0 0 0.8 0.4 0 0.6000000000000001 0.4 0 0 0.6000000000000001 0.4 0.6000000000000001 0.2 0.6000000000000001 0 10 0 0 1 0 0 0.6000000000000001 0.4 0 5.800000000000001 4.800000000000001 5.6000000000000005 3.8000000000000003 0 2.4000000000000004 4.800000000000001 5.4 2.8000000000000003 6.2 4.6000000000000005 0 0 1.8 0.2 2.8000000000000003 3.2 5.800000000000001 1.6 11.200000000000001 0 0 0 2.6 2.4000000000000004 0 0 0 0 0 0 0 0 0 0 0 0 0 2.8000000000000003 0 0 0.4 0 0 0 0.4 0 0.2 0 0 0 0 0 0 0 0 0 0 0 0 0 0 0 0 0 0 0 0.4 0 0 0 0 0.8 0 0 0 0 0 0 0 7 2.8000000000000003 3.4000000000000004 2.6 0 0 4.4 1.4000000000000001 1.4000000000000001 3.4000000000000004 1.4000000000000001 3 2 7.4 0 1.8 5 0.2 5.800000000000001 0.6000000000000001 0.2 0 0 0 0 0 0 0 0 0 0 0 0 0 0 0 0 0 0 0 0 0.4 0 0.2 0 0 0 0 0 0 0.2 0 0 0 0 0 0 0 0 0 0 0 1.8 0 0 0 0 0 0 0 0 0 0 0 0 5.4 0 0 0 0 0 0 0 0 0 0 0.4 0 0.8 0.2 5 0 2.8000000000000003 0 0 0 0 0 0 0 0 0 0 0 0 0 0 0 0 0 0 0 0 0 0 2 1.4000000000000001 0 0 0 0 0 0 0 0 0 0 0 0 0 
 55.2 54 36.800000000000004 18 11.200000000000001 6.2 74.60000000000001 0 48.2 8.8 5.4 25.400000000000002 59.800000000000004 22 10.600000000000001 48.6 68.8 67.4 30.6 7 0.2 0 0.6000000000000001 0.2 0 14.200000000000001 0 0 0.6000000000000001 0 0 0 0 0 0 0 0 0 0.2 0 0.6000000000000001 0.6000000000000001 0 0 0 1 0 0 0 0 0 0 0.4 0.6000000000000001 0 0 0 0 0.4 0.2 0 0.8 0.4 0 0 0.2 0 0.2 0 0.6000000000000001 0 0.8 0 0.4 0 8.8 0 0 0 0 15.200000000000001 7 3.4000000000000004 6.6000000000000005 0 0.2 5.800000000000001 0 7.4 5 0 0 3.2 6 16 7.2 2 9.4 1.2000000000000002 6.2 0 0 0 3.2 0 0 0 0 0 0 0 0 0 0 0 0 0 0 0 3.4000000000000004 0 0 0 0 0 0 0 0 0 0 0 0 0 0 0 0 0 0 0 0 0 0 0 0 0 0 0 0 0 0.4 0 0.2 0 0 0 0.6000000000000001 0 0 0 0 0 11.200000000000001 8.8 0.4 0 0 4.6000000000000005 2.4000000000000004 3.2 1.2000000000000002 0.4 0 1.6 0.6000000000000001 0.2 4.4 0 0.4 2.2 3.6 0 0 0 0 0 0 0 0 0 0.2 0 0 0 0 0 0 0 0 0 0 0 0 0 0 0 0 0.2 0 0 0 0 0 0 0 0 0 0 0 0 0 0 0 0 0 0 0 0 0 0 0 0 0 2.2 0 0 0 0.2 0 0 0 0 0 0 0 0 0 0 0 1 8.8 0 1.2000000000000002 3.8000000000000003 0 0 0 0 0 0 0 0 0 6.6000000000000005 0 0 0 0 0 0 0 0 0 0 0 0.4 0 3.2 0 0 0 0 0 0 0 0 0 0 0 0 0 
 72.4 70.60000000000001 33.4 62.800000000000004 15.8 29.200000000000003 82.60000000000001 48.2 0 34.6 87 28.200000000000003 56 42.6 37.6 51.400000000000006 30.6 51.2 32.4 10.200000000000001 0.4 0 15 0 0 0 0 0 0 0 0 0 0 13.200000000000001 0 0 0 4.6000000000000005 0 0.2 0.6000000000000001 0.6000000000000001 0 0 0 0 0 0 0 0.8 0 0 0.4 0.6000000000000001 0 0 0 0 0.4 0.2 0 0.8 0.4 0.2 0 0.4 0.4 0.4 0 0.6000000000000001 0 0.4 0 0 0.4 0 0 0 0 0 1.6 2.4000000000000004 4.4 4.2 3.8000000000000003 2.2 0 0.2 6.6000000000000005 0 4.2 0 2.4000000000000004 6.4 2.4000000000000004 1.8 3.4000000000000004 6.6000000000000005 0 2.4000000000000004 0 0 0 1.6 0 0.2 0 0 0 0 0 0 0 0 0.2 0 0 0 0 0 0 0 0 0 0 0 0 2 0 0 0 0 0.4 0 0 0 0 0 0 0 3.6 0.4 0 0 0 0 0 0 0 0 0 0 0 0 0 0.6000000000000001 0 0.2 0 0 0 17.8 7.2 4.2 0.2 3 2 7 0 4 4.800000000000001 0.8 2 0.4 0.2 2.2 0 0 2.6 1.4000000000000001 0 0 0 0 0 0 0.2 0 3.2 0 0 0 0 0 0 0 0 0 0 0 0 0 0 0 0 0 0 0 0 0 0 0 0 0 0 0 0 0.4 0 0 0 0 0 0 0 0 0 0 0.4 0 0 0 0 0 0 0 0 0 0 0 0 0 0 0 0 0.6000000000000001 0.2 0 0.2 0.2 0 3.6 5 0 0 0 0 0 0 0 0 0 0 0 0 0 0 0 0 0.2 0 0 0 0 0 3.6 2 0 0 0 0 0 0 0 0 0.2 0 0 0 0 
 20 7.2 42.6 98.4 36.2 10.4 19.8 8.8 34.6 0 30.6 16.8 27.6 16.2 29.6 14.8 9.4 7.6000000000000005 14.600000000000001 58.6 15.4 0.4 0.6000000000000001 0.6000000000000001 0.6000000000000001 0.4 20 0 0 0.6000000000000001 0.6000000000000001 0 0 7 0 0.2 0.4 0.4 4.2 0 0.6000000000000001 0.6000000000000001 0 0 0.6000000000000001 0.4 2.6 0 0 0.2 0.6000000000000001 0.6000000000000001 0.4 0.6000000000000001 0 0 0.6000000000000001 0.6000000000000001 0.4 7.800000000000001 0 0.6000000000000001 0.4 0 0 0.6000000000000001 0 0.2 0 0.6000000000000001 0 7.2 0 0 0 0 0 0.2 0.4 0 0 3.2 4.800000000000001 12.200000000000001 3.2 4 0.4 0 0 3.2 5.4 7.6000000000000005 0 0 0 9.4 7 4.2 0 0 5.800000000000001 1.8 0 0 0 0 0 2.4000000000000004 3 0 0.4 0 0 1.2000000000000002 0.2 4 0.4 0 0.2 0 0 0 0 0 0 0 0 0 0 0 0 0 0 0 0 0 0 0 0 0 0 0 0 0 0 0 0 0 0 0 2 0 0 0 0 0 0 0 0 0 0 2.6 1.8 4.2 2.8000000000000003 2 0 0 0 6.800000000000001 1.2000000000000002 10.200000000000001 0 0 0 4 6.6000000000000005 3.4000000000000004 2.2 0 1.8 2.8000000000000003 0 0 0 0 5 2 0 0 0 0 4.4 0 0 0 0 0 4.2 1.4000000000000001 0 0 0 0 0 0 0 0 0 0 0 0 0 0 0 0 0 0 0 0 0 0 0 0 0 0 0 0 0 0 0 0 0 0 0 0 0 0 0 0 0 0 0 0 0.2 0 0.2 0 1.2000000000000002 0.2 3.6 0 0 0 0 0 0 0 0 0 0 0 0 0 0 0 0 0 0 0 0 0 0 0 0 6.800000000000001 0 4.2 0 0 0 0 0 0 0 0 0 0 0 0 
 9.200000000000001 40.800000000000004 37.800000000000004 27.200000000000003 28.400000000000002 19.400000000000002 104.80000000000001 5.4 87 30.6 0 47.800000000000004 34 24.200000000000003 12.600000000000001 11.4 19.6 47.400000000000006 6.800000000000001 18 6.2 0.2 0.6000000000000001 0.6000000000000001 0 0.6000000000000001 16 0 0 0 15 1.2000000000000002 0 15 15 6.2 1 0 0 0 0.6000000000000001 0.6000000000000001 1 0 0 1 0 0 0 6.800000000000001 1 0 0.4 0.4 0.6000000000000001 0 1 0 1.2000000000000002 0 0 1 0.6000000000000001 0.8 1.2000000000000002 0 0 0 0 0.6000000000000001 1.2000000000000002 6.800000000000001 0 0 0.4 0 0 0.8 1.6 0 0 0.2 6.800000000000001 5.800000000000001 4.2 2 0 0 0.2 6.4 0 11.200000000000001 0 0 0 4.2 5.2 6.800000000000001 0 0 2.8000000000000003 2 0 0 0 0 1.8 0 3.6 0.2 0 0 2.2 0 0 6.4 0 0 2.8000000000000003 0 0 0 0.4 0 0 0 0 0 0 1.8 0 2.8000000000000003 0 0 0 0.2 0 0 0 0 0 0 0 0.2 0.2 0 0 0 0 0 0 0 0 0 0 0.4 0 0 0 0 0.2 3.8000000000000003 1.2000000000000002 3.8000000000000003 4.800000000000001 6.6000000000000005 0 0 3.8000000000000003 0.2 2.8000000000000003 5.6000000000000005 0 0 0 0 6 2.8000000000000003 0 0 0 0 0 0 0.2 0 0 6.2 0 0 0 0 2.8000000000000003 5.4 0 0 1.2000000000000002 0 0 0.6000000000000001 0 0 0 0 0 0 0 0 0 1.8 0 0 0 0 0 0 0.4 0 0 0 0 0 0 0 0.2 0 0.4 0 0 0 0 0 0 0 0 0 0 0 0 0 0 0 0 0 0 0.4 0.8 0 0.6000000000000001 0 4.2 1.4000000000000001 0 0 0 0 0 0 0 0 0 0 0 0 0 0 0 0 0 0 0 0 0 0.4 0 0 0 4 0 0 0 0 0 0 0 0 0 0 0 0.4 
 7 23.200000000000003 23.8 38 11 11.600000000000001 4.4 25.400000000000002 28.200000000000003 16.8 47.800000000000004 0 10.200000000000001 5.2 8.200000000000001 21.200000000000003 17 41.6 7.800000000000001 6.2 15.200000000000001 0 0.6000000000000001 0 0 0 7.4 0 0 0 0 0 22.200000000000003 4.6000000000000005 0.2 0 0 0 0.2 14.8 0.6000000000000001 0.6000000000000001 0 0 0 0 0 0 0 0 0 0 0.4 0.6000000000000001 0 11.200000000000001 0.4 13.8 0.4 0.2 0 0.6000000000000001 1 0 0 0.4 0 0.4 0 0.6000000000000001 0 0.6000000000000001 0 0 0 0 0 0 2.2 0 0.4 0 2.8000000000000003 4.800000000000001 5 2.2 0 3 0.2 0 0 15.600000000000001 0 1.8 0 0 0 0 0 0 3.6 4.800000000000001 0.2 0 0 0 3.4000000000000004 3.8000000000000003 4 0 0 0 4.2 1.6 0 0 0 0 6.2 0.2 0 0 0 0 0.4 0 0 0 0 0 0 2.6 0 0.4 0 0 0 0 0 0 0 0 0 0 0 0.2 0 0 0 0 0 0 0 2.2 0 0 2.8000000000000003 0 0 0 0 0.2 3.4000000000000004 6 1.4000000000000001 6.2 0 2.2 5.2 0.2 4 0 0 0 2.4000000000000004 8 8 0 0 0 0 4.4 0 0 0 0 3.8000000000000003 1.8 2.4000000000000004 0 1.8 0 7.4 5.2 0 1.8 0 0 0.2 0 0 0 0 0 0 0 0 0 0 0 0 0 0 0 0 0 0 2.2 0 0 0 0 0 1.2000000000000002 0 0 0 0 0 0 0 0 0 0 0 0 0 0 0 0 0 0 0 0 0 0 17.6 0.4 0.8 17 0.4 1.6 0 0 0 0 0 0 0 0 0 0 0 0 0 0 0 0 0 0 1.6 0 0 0 0 0 0 0 0 0 0 0 0 0 0 0 0 0 0 0 
 42.6 86.2 32.2 14.200000000000001 20.8 11.4 62.2 59.800000000000004 56 27.6 34 10.200000000000001 0 78.2 17.6 49.400000000000006 36.6 46.800000000000004 46.800000000000004 31.200000000000003 0.4 0 0.6000000000000001 0 0 15.200000000000001 0 0 0 0 0 0 0 0.2 0 0 0 0 0 0 0.6000000000000001 0.6000000000000001 0 0 0 0 0 0 0 0 0 0 0.4 1 0 0 0 0 0.4 0 0 8.6 0.4 0 0 0.2 0 0.2 0 9.4 0 7.4 0 0 0.4 0 0 0 0 0 4.2 2 6.800000000000001 0.4 0 3.2 3 4.800000000000001 11.8 10.600000000000001 5.2 0.2 4.800000000000001 11.8 2 2.2 0.2 4.6000000000000005 0 0.2 0 0 0.4 2.6 0.2 0 0 0 0 0 0 0 0 0 0 0 1.4000000000000001 0 0 0 0 0 0 0 0.2 0 0 0 0 0 0 0 0 0 0 0 0 0 0 0 0 0 0 0 0 0.2 0 0 0 0 0 0 0 2.8000000000000003 0 1 0.4 0 0 0.4 0 2.4000000000000004 7 2.8000000000000003 0 0 2.2 4 4 2.8000000000000003 1.8 0.2 1.6 0 4.6000000000000005 0 6.4 4.6000000000000005 0 6.800000000000001 0 0 0 0 0 0 2.6 0 0 0 0 0 0 0 0 0.8 0 2 0 0 0 0 0 0 0 0 0 0 0 0 0 0 0 0 0 0 0 0 0 0 0 0.2 0 0 0 0 0 0 0 0 0 0 0 0 0 0 0 0 0 0 0 0 0 0 0 0.2 17.400000000000002 0.4 18.400000000000002 17.6 3.8000000000000003 1.2000000000000002 2.4000000000000004 0 0 0 0 0 0 0 0 0 2.4000000000000004 0 0 0 0 0 0 0 0 0 0 0 0 3.6 0.2 0 0 0 0 0 0 0 0 0 0 0 0 0 
 72.2 17.6 22.6 60 35 51 45.800000000000004 22 42.6 16.2 24.200000000000003 5.2 78.2 0 43.800000000000004 21.8 5.800000000000001 8 37.2 67.2 0.2 0.2 0.6000000000000001 0 0 0 0 0 0 0 0 0 0.2 0.2 0.2 0.2 0.2 0 0 0.2 0.6000000000000001 0.8 12.8 0 0 1.4000000000000001 12.4 0 0 0 0 10.4 0.4 0.6000000000000001 0 0 0 0 0.4 0.4 0 1.4000000000000001 0.4 0 0 0.6000000000000001 8.8 0.6000000000000001 0.2 0.6000000000000001 0 6.800000000000001 0.6000000000000001 0 0.4 0 0.8 0 0 0.8 0 0.6000000000000001 3 0 0 2.8000000000000003 0.8 1.4000000000000001 0.2 0.4 3.4000000000000004 0 0 0 2 4.2 5.800000000000001 8 6.6000000000000005 0 0.2 0 0 0 3.2 0 0 0 0 0 0 0 0 4.2 0 0 0 0 0 9.200000000000001 0 0 0 0 0 0 0 0 0 0 0 0 0 0 0 0 0 0 0 0 0 0 0 0 0 0 0 0 0 1.4000000000000001 0 0 0 0 0 0 0 0 0 0 0 3.4000000000000004 0 3.8000000000000003 3.6 0 0 0 0 4.4 1.2000000000000002 4 0 3.4000000000000004 4 0.4 3.2 1.8 0 0 0 0 0 0 1.2000000000000002 0 0 0 0 0 0 0 0 0 0 0 0 0 0 0 0 0 0 0 0 0 0 0 0 0.2 0 0 0 0 0 0 0 0 2.8000000000000003 0 0.4 0 0 0 0 0 0 0 0 0 0 0 0 0 0 0 0 0 0 0 0 0 0 0 0 0.4 0 0.4 0.2 0.4 4.6000000000000005 0.6000000000000001 0 0 0 0 0 0 0 0 0 0 0 0 0 0 0 0 0 0 0 0 0 0 0 4 0 0 0 0 0 0 0 2.4000000000000004 0 0 0 0 0 0 
 35.2 11.600000000000001 41.800000000000004 30 87.2 51.6 46.2 10.600000000000001 37.6 29.6 12.600000000000001 8.200000000000001 17.6 43.800000000000004 0 63 10.4 6.4 13.200000000000001 42.6 0.4 0 0.6000000000000001 0.4 0 0 13.200000000000001 0 0.2 0 0 41.400000000000006 0 0 0 0 0 0 0.2 0 0.6000000000000001 0.6000000000000001 0 0 0 0 2.6 0 0 0.6000000000000001 0 0 0.4 0.6000000000000001 0 0 0 0 0.4 0 0 6.2 1.8 0 0 0 0 0 0 0.6000000000000001 0 0.4 0 0 0 0 0 1 0 0 3.4000000000000004 0.2 2.4000000000000004 0 0.2 2.8000000000000003 2.4000000000000004 0 5.2 0.2 4.6000000000000005 4 3 2.8000000000000003 0 4 4.800000000000001 2.4000000000000004 1.8 5.4 0 0 0 0 0 0 0 0 0 0 0 0 0 2.6 2 0 0 0 0 1.4000000000000001 0 0 0 0 0 0 0 0 0 0 0 0 0 0 0 0 2.8000000000000003 0 0.4 0 0 0 0 0 0 0 0 0 0 0.6000000000000001 0 0 1 0 0 0 0 0 0 0 0 6.6000000000000005 3.6 2 5.6000000000000005 0 0.4 0 0 6.800000000000001 2 7.2 0.4 4.4 3.2 0 2.8000000000000003 0 7.2 0 0 0 0 0 0 0 2.2 0 0.4 0 0 0 2.2 0 0 0.4 0 0 0 1.8 0.4 0 0 0 0 1 0 0 0 0 0 0 0 0 0 0 0 0 0 0 0 0 0 0 0 0 0 2 0 0 0 0 0 0.4 0 0 0 0 0 0 0 0.2 0 0 0 0.8 0 0.4 0 0 0 2.8000000000000003 0.2 0 0 0 0.2 0 0 0 0 0 0 0 0 0 0 0 0 0 0 0 0 0 0 3.2 0.2 0 0 0 0 0 0 0 0 0 0 0 0 0 
 98 37 16.2 7.4 58 56.800000000000004 10.200000000000001 48.6 51.400000000000006 14.8 11.4 21.200000000000003 49.400000000000006 21.8 63 0 60.6 32.6 59.2 27.400000000000002 0.2 0 0.6000000000000001 0 0 0 0 0 0 0 0.4 0 0 0 0 0 0 0 0 0 0.6000000000000001 0.6000000000000001 0 0 0 0 0 0 0 0 0 0 0.4 0.6000000000000001 0 0 0 0 0.4 0.6000000000000001 0 10.4 0.4 0 0 0.6000000000000001 0 0.6000000000000001 0.4 0.4 0 0.6000000000000001 0 0.4 0.4 0 0 0 0 0 7.6000000000000005 7.2 2.6 3.4000000000000004 3.6 0 0.4 1.8 4.800000000000001 5 0 0 1.8 6 1.8 0 2 10.600000000000001 3.8000000000000003 2.8000000000000003 0 0 0 0 0 0 0 0 0 0 0 0 0 0 0 0 0 0 2.4000000000000004 0 0 0 0.2 0 0 0 0 0 0 0 0 0 0 0 0 0 0 0 0 0 0 0 0 0 0 0 0 0 0 0 0 0 0.4 0 0 0 0 0 0 0 0 3 0.2 2.8000000000000003 0 2.6 0 2.6 2.6 0 4.800000000000001 0 0 2.8000000000000003 2.6 0 2.8000000000000003 3 1.8 5.2 0 0 0 0 0 0 0 0 0 0 0 0 0 0 0 0 0 0 0 0 0 0 0 0 0 0 0 0 0 0 0 0 0 0 0 0 0 0 0 0 0 0 0 0 0 0 0 0 0 0 0 0 0 0 0 0 0 0 0 0 0 0 0 0 0 0 0 0 17.6 17.400000000000002 0.2 1.4000000000000001 0 0 0 0 0 0.4 0 0 0 0 1 0 0 0 0.4 0 0 0 0 0 0 0 0.4 0 0 0 0 0 0 0 0 0 0 0 0 0 0 0 
 38.800000000000004 47.800000000000004 31.400000000000002 10 9.200000000000001 38.400000000000006 24.8 68.8 30.6 9.4 19.6 17 36.6 5.800000000000001 10.4 60.6 0 22.6 22.400000000000002 5.4 0.4 0 0.6000000000000001 0 0 0 0 0 0 0.2 0 0 14.8 0 0 0.2 0 0 0 0 0.6000000000000001 0.6000000000000001 0.2 0 0 0 0.2 0 0 0 0 0 0.4 0.6000000000000001 0 0 0 0 0.4 0.4 0 6 0.4 0 0 0.6000000000000001 0 0.6000000000000001 0 0.6000000000000001 0 1.2000000000000002 0 0 0 0 0 0 0 0 3 2.8000000000000003 5 4.6000000000000005 0 0.4 0 0 6.4 2.6 3.4000000000000004 3.8000000000000003 4.800000000000001 11 4 2.4000000000000004 1.2000000000000002 2.8000000000000003 0 0 0 0 0 0 0 0 0 0 0 0 0 0 0.2 0 2.6 0 0 0 0 0 0 0 0 0 0 0 0 0 0 0 0.4 0 0 0 0 0 5.4 0 0 0.2 0 0 0 0 0 0 0 0 0 0 0 2.2 0 1.2000000000000002 0 0.6000000000000001 0 0 0 0 0 6.6000000000000005 5.2 0 1.8 0 2 4.4 11.200000000000001 0.2 0.4 0.4 1.4000000000000001 0.2 1.2000000000000002 0 0.2 4 0 4.2 0 0 0 0 0 0 1.4000000000000001 0 0 0 0 0 2.2 0 0 0 0 0 2 2.4000000000000004 0 0 0.2 0 0 0 0 2 0 1.4000000000000001 0 0 0 0 0 0 0 0 0.2 0 0 0 0 0 0 0 0 0 0 0 0 0 0 0 0 0 0 0 0 0 0 1.4000000000000001 0 0 0 0 17.6 0.2 17.400000000000002 9 0.4 3.4000000000000004 3 0 0 0 0 0 0 0 6.800000000000001 0 0 0 0 0 0 0 0 0 0 0 0 0 0 3.6 0 0 0 0 0 0 0 0 0 0 0 0 0 0 
 17.6 24.8 11.8 36.4 28.6 28.400000000000002 7 67.4 51.2 7.6000000000000005 47.400000000000006 41.6 46.800000000000004 8 6.4 32.6 22.6 0 20.400000000000002 4.800000000000001 0 0 0.6000000000000001 0 0 0 12.200000000000001 0 0 0 0 0 19.200000000000003 0 0.6000000000000001 0 0 1 0.8 14.8 0.6000000000000001 1.2000000000000002 0.6000000000000001 0 0 0.6000000000000001 0 0 0 0 0 0 0.4 0.6000000000000001 0.6000000000000001 0 0 0 0.4 0.6000000000000001 0 0.6000000000000001 0.4 0 0.6000000000000001 0.6000000000000001 0 1.8 0.6000000000000001 0.4 0.4 0.6000000000000001 0 0 0.4 0 0 0 0 0 0 0 4 5.4 8 2.6 0 3.6 0 2.8000000000000003 1 5.2 1.8 2.2 0 2.2 2.8000000000000003 0 0.2 0 0.2 0 0 0 0 0 0 2 0 0 0 0 2 4.6000000000000005 0 1.2000000000000002 0 0 12 1.6 0 0 0 0 0 0 0 0 0 0 0 2.8000000000000003 0 0 0 0 0 0 0 0 0 0 0 0 2.2 0 0 0 0 0 0 0 0 0 0 0 0 0 0 0 0 2.4000000000000004 0.2 10.4 3.4000000000000004 5.800000000000001 0 5.6000000000000005 2.2 0 6.800000000000001 3.4000000000000004 0 1.2000000000000002 8.4 7.800000000000001 11 6 0.2 2.8000000000000003 0 2.8000000000000003 0 0 0 0 3 0 0 0 0 0 2.4000000000000004 3.6 0 0 0 0 3 0 0 0 0 0 0 0 0 0 0 0 0 0 0 0 0 0 0 0 0 0 0 0 0 0 0 0 0 0 0 0 0 0 0 0 0 0 0 0 0 0 0 0 0 0 0 0.4 2.2 0.6000000000000001 17.2 17 0.2 1 0.4 0 0 0 0 0 0 0 0.4 0 0 0 0 0 0 0 0 0 0 0 0 0 0 0 0 1.8 0 0 0 0 0 0 0 0 0 0 0 0 
 28.6 124.80000000000001 49.800000000000004 15.8 15.8 8 26 30.6 32.4 14.600000000000001 6.800000000000001 7.800000000000001 46.800000000000004 37.2 13.200000000000001 59.2 22.400000000000002 20.400000000000002 0 45.800000000000004 0.8 0 0.8 0 0 0 0 0 0 0 0.4 0 0 0.2 0 0.4 0 0 0 0 0.6000000000000001 0.6000000000000001 0.2 0 0 0 0 0 0 0 0 0 0.8 0.6000000000000001 0 0 0 0 0.4 0.6000000000000001 0 6.2 0.4 0 0 0.6000000000000001 0 0.6000000000000001 0.4 1 0 8 0 0.6000000000000001 0 0.4 0 0.6000000000000001 0 0 0 7.6000000000000005 0 0 0 0 0.4 3 4.4 0 0 0 11.200000000000001 6.800000000000001 0 2 0.4 7.6000000000000005 2 3.8000000000000003 0 0 0 0 0 0 0.2 0 0 0 0 0 0 0 0 0 0 0 0 0 0.4 0 0 0 0 0 0 0 0 0 0 0 0 2.6 0 0 0 0 0 0 0 0 0 0 0 0 0 0 0 0 0 0 0 0 0 0 0 0 0 0 0.2 5.800000000000001 0 0 0 0 4.4 0 0 0 0 0 0 9.8 0 4.2 1 3.4000000000000004 3.8000000000000003 5.2 0 0 0 0 0 0 0 0 0 0 0 0 0 0 0 0.6000000000000001 0 0 0 0 0 0 0 0 0.4 0 0 0 0 0 0 0 0.2 0 0 0 0 0 0 0 0 0 0.4 0 1.6 0 0 0 0 0.4 0 0 0 0 0 0 0 1 0 0 0 0 0 0 0 0.2 0 0 1 0.2 3.8000000000000003 3 0 0 0 0 0 0.4 0 0 0 0 0 0 0 0 0.4 0 0 0 0 0 9 0 0.4 0 0 0 0 0 0 0 0 0 0 0 0 0 0 0 
 8.4 7.2 42.2 52.2 18 9.8 45.800000000000004 7 10.200000000000001 58.6 18 6.2 31.200000000000003 67.2 42.6 27.400000000000002 5.4 4.800000000000001 45.800000000000004 0 0.2 0 0.6000000000000001 0 0 0 0.4 0 0.4 0 0 0 0.6000000000000001 0 0.8 0 0 0 0.6000000000000001 0 0.6000000000000001 1 0 0 0 0 0 0 1 0 11.600000000000001 0 0.4 0.6000000000000001 0 0 0 0 0.4 0 0 0.6000000000000001 1.2000000000000002 0 0 0.6000000000000001 0.2 0 0 0.6000000000000001 0 7.4 0 0 0.6000000000000001 9.4 0 0 0 0 8.6 2.6 2.2 0 0 0 2.6 2.8000000000000003 0 0.6000000000000001 0 0 5.2 0.4 2 6 3.2 6.6000000000000005 15.8 7.800000000000001 0 0 0 0 0 0 0 0 0 0 0 0 0 0 0 0 0 0 0 0 0 0 0 0 0 0 0 0 0 0 0 0 0 0 0 0 0 0 0 0 0 0 0 0 0 0 0 0 0 0 0 0.6000000000000001 3.4000000000000004 0 0 0 0 0 0 0 4.4 0 0 0 0 0 6.6000000000000005 1.8 0.2 0 0 4 0.2 11 0 1.2000000000000002 3 0.4 4.2 0.6000000000000001 0 0 0 0 2.6 0 0 0 0 0 0 0 0 0 0 0 0 0 0 0 0 0 0 0 0 0 0 0 0 0 0 0 0 0 0 0 0 0 0 0 0 0 0 0 0 0 0 0 0 0 0 0 0 0 0 0 0 0 0 0 0 0 0 0 0 0 0.2 0.4 8.4 0.4 3.8000000000000003 0.4 0 0 0 0 0.4 0 0 0 0 0 0 0 0.4 0 0.2 0 0 0 0 0 0 0 0 0 0 0 0 0 0 0 0 0 0 0 0 0 0 0 
 0.2 0.2 0.4 0 14.8 0 0.2 0.2 0.4 15.4 6.2 15.200000000000001 0.4 0.2 0.4 0.2 0.4 0 0.8 0.2 0 35 31.400000000000002 9 4.2 7.6000000000000005 20.8 17.2 13.600000000000001 20.6 51.400000000000006 7.2 48.6 42.800000000000004 33.2 8.4 18.2 8.4 24.400000000000002 7.800000000000001 0 1.8 1.2000000000000002 0.2 0 0 0 0 0 0.6000000000000001 0 0 0 0 0 0 0.2 0.8 0 0.6000000000000001 0 0.4 0 10.200000000000001 0.6000000000000001 0 0.6000000000000001 0 0 0 0 0 0 0.4 0.4 0 0 0 2.8000000000000003 0.4 0 0 0 3.4000000000000004 1.8 3.6 0 0 0 0 0 4.2 0 0 0 0 0 0.4 0 0 3 3.2 2.2 4.6000000000000005 0 2.2 8.6 3 6.800000000000001 0.4 2 0 6.2 1.6 0 0.4 0 0 3.8000000000000003 9.200000000000001 0 0 0 0 0 0 0 0 0 0 0 0 0 0 1.8 0.4 0 0 0 0.2 0 0.2 0 0 0 0 0 0 0 1.4000000000000001 2.2 0 0 0 0 0 0 0.2 0.4 0 0 0 0.4 8.8 2.4000000000000004 1.6 0 0 0 0 0 0 0.4 0 0 0 0 0 0 0 0 0 8.200000000000001 6.4 0 3.8000000000000003 8.200000000000001 2.4000000000000004 5.2 4.800000000000001 2 3.6 6 20.6 2.4000000000000004 1.8 6 1.8 0 2.4000000000000004 0 0 0 0 0 0 0 0 0 1 0.4 0.4 0 0 0 0 0 0 0 0 0 0 0 0 0 0 0 0 0 0 0 0 0 0 0 0 0.4 0 0 0.2 0 0 3.2 0 0 0 0 0 0 0 0 0 0 0 1.2000000000000002 0 0.2 15.600000000000001 0 0.4 0.6000000000000001 0 0 0 0 0 0 0 0 0 0 0 0 0 0 0 0 0 0 0 0 0 0 0 0 0 0 0 0 0.6000000000000001 
 0 0 2.2 0 18 15 0 0 0 0.4 0.2 0 0 0.2 0 0 0 0 0 0 35 0 30.200000000000003 27.200000000000003 9.4 15.4 31.8 46.800000000000004 27.200000000000003 69.2 11 8.8 39.800000000000004 11.200000000000001 23.200000000000003 18.8 38.6 47.6 13 13.8 0 0.6000000000000001 0 0 0 0 0 0 0 0.6000000000000001 0 0 0 0 0 0.2 0.6000000000000001 0 0 41.800000000000004 0 0.4 0 0 0 0 0.4 0 0 0 0.2 0.2 0.2 0.4 0.4 0 0 0 0.8 0.6000000000000001 0 0 0.2 0 2 1.8 0 0 0 0 0 0.2 0 0 0 0 0 0 0 0 4.4 0 4.800000000000001 2.2 1.4000000000000001 0 0 5.2 0 7.4 3.2 1.2000000000000002 1.6 7 0 1.6 3 1 4.2 2 0 0 0 0 0 0 3 0 0 0 0 0.2 0 0 0 0 0 0 0 0 2.6 0 0 0.4 0 6.800000000000001 0 0 0 0 0 0 0 0 3 0 0 0 0 0 0 0 0 0.2 0.6000000000000001 1.8 0 0 0 0 0 0 0 0 0 0 0 0 0 0 2.2 2.8000000000000003 5.800000000000001 5.2 0 2.4000000000000004 1.2000000000000002 2.4000000000000004 3.8000000000000003 0 0 0 0 0 6.2 2.6 2.2 3.8000000000000003 0 2.6 0 0 0 0 0 0 0 4.4 0.4 0 0 0 0.2 6.2 0 0 0 0 8.4 0 0 0 0 0 0 0 0 0 0 0 0.2 0 0 0 0 0 0 0 0 0 0 0 0 0 0 0.4 0 0 0 0 0 0 0 0 1.2000000000000002 0.4 0 0.2 0 0.4 0.4 0 0 0 0 0 0 0 0 0 0 0 0 0 0 0 0 0.4 0 0 0 2.6 0 0 0 0 0 0 0 0 
 0.6000000000000001 0.6000000000000001 1 0.6000000000000001 4.800000000000001 0.6000000000000001 0.6000000000000001 0.6000000000000001 15 0.6000000000000001 0.6000000000000001 0.6000000000000001 0.6000000000000001 0.6000000000000001 0.6000000000000001 0.6000000000000001 0.6000000000000001 0.6000000000000001 0.8 0.6000000000000001 31.400000000000002 30.200000000000003 0 28.400000000000002 30 22.8 72.60000000000001 40.400000000000006 13.200000000000001 32.6 25.200000000000003 27 28.400000000000002 25.6 64 35.4 38.800000000000004 12.4 23 103.4 0 0.4 0 0 0 0 0 0 0 0.6000000000000001 0 0 0.2 0.2 0 0 1 0 0 0.6000000000000001 0 0.4 0 0 0 0.2 0.2 0 0 0.2 0 0 0 0.4 0.6000000000000001 0 0 0 0.6000000000000001 0.8 0 0 0 0 0.8 2 0 0 0 0 0 0.4 0 0.4 0 0 0 0 0 0 2 2.4000000000000004 2.6 10.200000000000001 0.2 5.6000000000000005 2.8000000000000003 0.6000000000000001 0 0 9.200000000000001 4 6.2 2 1.8 0.2 0.2 2.6 0.8 6.2 0 0 0 0 0.4 0 9.600000000000001 7.2 0 0 0 0 0.2 2 0 2 0 0.4 2.8000000000000003 5.2 3.4000000000000004 0 0 0 0 0 0 0 0 0 0 0 0.2 0 0.2 0 0 0 0 0 0 0 0.8 0 0 3.8000000000000003 0 0 0 0 0 0.2 0 0 0 0 0 2.4000000000000004 0 0 3.4000000000000004 2.8000000000000003 3.8000000000000003 3.2 1.8 0 7.4 0 0.2 8.200000000000001 2.4000000000000004 3 3.2 0.2 2 2 4 0 0 4.800000000000001 1.8 0 0 0 2.4000000000000004 0 0 0 2.6 0.4 0 0 0 8.200000000000001 0 0 0.2 0 0 0 0 0 0 0 0 0 0 0 0 0 0 0 3.6 0 0 0 0 0 0 0 0 0 0 0 0 0.2 0 0 0 0 0 0 0 0 1.6 0.4 0.4 30.6 16 0 0.8 2.4000000000000004 0 0 0 0 0.2 0 0 0 0 0 0 0 0 0 0 0 0 0 0 2 0 0 0 0 0 0 0 0 
 0.4 0 0.6000000000000001 6.2 0 3.8000000000000003 0.2 0.2 0 0.6000000000000001 0.6000000000000001 0 0 0 0.4 0 0 0 0 0 9 27.200000000000003 28.400000000000002 0 33.800000000000004 37.800000000000004 18.2 32.4 10.8 20.6 23.8 11.8 11.8 58 10 9.8 117.2 34.4 13.600000000000001 29.6 0 0.4 0 0 0 0 0 0 0 0.6000000000000001 0 0 0 10.8 0 0 1.4000000000000001 0 0 0.6000000000000001 0 0.4 0 0 0 0 0.4 0 0 0 0 10.4 10.200000000000001 0.4 0.6000000000000001 0 0 0.4 0.6000000000000001 0.6000000000000001 0 0 0 0 0 0 0.4 0 0 0 0 0 0 0 0 0 0 0 0 0 0 2.8000000000000003 0.4 4.800000000000001 8 0 0 2 2.2 15.8 3.2 3.2 3.4000000000000004 1 2.2 2.4000000000000004 2.6 3.8000000000000003 1.8 0 0 0 0 0 0 0 4.800000000000001 2.8000000000000003 0 0 0 0.4 0 1.4000000000000001 1.8 0 0 0 4.4 9.200000000000001 0.4 0 1.8 0.8 0 0.2 0 0 1 0 0 1 0 0 2 0 0 0 0 6 0 0 0 0 0 0 0 0 0 0 0 0 1 0 0 0 0 0 1.4000000000000001 0 1.8 0 2.4000000000000004 2.4000000000000004 0 0.4 0 3 0.4 0.2 0 0.4 0 1.2000000000000002 5.800000000000001 1.4000000000000001 8.8 3.8000000000000003 0 5 0 0 0 0 0 3.2 0 3 0 0 0 0 2.2 7.2 0 0 0 0.2 6.4 2.8000000000000003 0 0 0 0 0 0 0 0 0 0 0 0 0 0 0 0.4 0 0 0 0 0 0 0 0 0 0 0 0 0 0 0 0 0 0.2 2 0 0.2 0 2.6 0.4 0.4 0 0 0 0 0 0 0 0 0 0 0.2 0 0 0 0 0 0 0 0 0 3.8000000000000003 0 0 0 0 0 0 0 0 
 0 0 0.4 0 0 0 0 0 0 0.6000000000000001 0 0 0 0 0 0 0 0 0 0 4.2 9.4 30 33.800000000000004 0 28.6 12.8 27 17.400000000000002 33.6 13.8 36.6 11.600000000000001 13.8 14 15.600000000000001 9 14.600000000000001 11.4 12 15.4 0.2 0 0 0 0 0.2 0 6 0.6000000000000001 0 0 0.4 13.600000000000001 12.4 0 9.8 0 5.800000000000001 0.6000000000000001 0 1.4000000000000001 0 0 0.2 0 0 0 0 0 0 0.4 0 0.4 0.6000000000000001 7.800000000000001 0 0 0.4 0.6000000000000001 0 0 0 0 0 0 0 0 0 0 0 0 0 0.4 0 0 0 0 2 0 0 0.6000000000000001 0 1.6 2 6.6000000000000005 0 0.4 0.2 3.6 0 6 0 0.4 0 7.4 5 2.8000000000000003 0 0 0 0 2.6 1 0.4 0 1.2000000000000002 9 1.2000000000000002 0 4.2 0 3.2 0 0 1.8 2.6 0.4 7 1.4000000000000001 0 0 0 0 0 0 0 0 0 0.2 0 0 0 0 0 0 0 0 0 0 0 0 0.6000000000000001 0 0 1 0 0 0 0 0 0 0 0 0 0 0.4 0 0 0 0 0 0.2 0 4.2 2.8000000000000003 0.2 0 0 0.4 5.6000000000000005 1.8 0 0 0 0 3 0.4 0 0 0 0.2 6 2.4000000000000004 0 0 7.4 0 3.2 0 0 0 0 6 0 0 13 0 2.4000000000000004 2.4000000000000004 0 0 0 0 0 1.6 0 0 0 0.2 0 0 0 0 0 0 0 0.2 0 0 0 0 0 0 0 0.2 0 0 0 0 0 0 0 0 1 0 0 0.4 15.600000000000001 0 0.8 0 0.2 0 0 0 0 0 0 0 1.8 0 0 0 0 0 0 0 0 1.6 0 0 0 0 0 4.4 0 0 0 0 
 0 0 0.8 0 0 0 0 14.200000000000001 0 0.4 0.6000000000000001 0 15.200000000000001 0 0 0 0 0 0 0 7.6000000000000005 15.4 22.8 37.800000000000004 28.6 0 65.2 7.2 8.8 28.200000000000003 33.4 96.60000000000001 7.6000000000000005 29.6 8.200000000000001 54 27.6 12 13 10.4 11 0.6000000000000001 0 0 0 0.6000000000000001 13 0 0 0.6000000000000001 0 0 26 13.600000000000001 13 2 0.2 0 0 26.200000000000003 0 0.4 0 0 2.6 0 0.4 0 0 0 0 0 0 10.4 0.4 0 0 0 0.6000000000000001 0.6000000000000001 0 0 0 0 0 0 0 1.2000000000000002 0 0 0.2 0 0 0 0 0 0 0 0 0 0 0 1.8 0 4.6000000000000005 6.800000000000001 0 0 0 0 0 0.8 0.2 0 1.8 0 3.4000000000000004 0.2 0 0 2.6 0 0.2 0 0 0 0.2 0 4.4 0 0 0 3.8000000000000003 1.4000000000000001 2 2.2 0.2 0.8 4.800000000000001 10.8 0 0 1.4000000000000001 0.6000000000000001 0 0 0 0 1 0 0 2.6 0.4 0 0 0 0 0 0 0 0 0 0.4 0 0 0 0 0 0 0 0 0 0 0 0 0 2 0 0 0 0 0 2.6 6 10.4 2.8000000000000003 0.2 0 1.8 0 1.8 5.2 0 0 2.6 0 0 2.4000000000000004 0 0 5.800000000000001 0 0 3.6 0 0 2.6 0 8.200000000000001 8.200000000000001 3.4000000000000004 0 4.800000000000001 0 2.8000000000000003 0 2.6 1.2000000000000002 0.2 12.200000000000001 0 0 0 0 0 0 0 0 0 0 0 0 0 0 0 0 0 0.4 0 0 0 0 0 0 0 0.4 0 0 0 0 0 0 0 0 3.2 1 0 0.2 15.200000000000001 0.2 0 0 0 0 0 0 0 0 0 0 1.6 0 0 0 0 0 0 0 0 2.2 0 0 2.6 0 2.4000000000000004 0 0 0 0 0 
 0 2.2 0.6000000000000001 5.2 17 0 0 0 0 20 16 7.4 0 0 13.200000000000001 0 0 12.200000000000001 0 0.4 20.8 31.8 72.60000000000001 18.2 12.8 65.2 0 37 12.8 8.8 23.200000000000003 100.4 68.2 32.4 54.800000000000004 50.2 7.800000000000001 53.800000000000004 113.2 32.4 0 0.6000000000000001 0 3.4000000000000004 0 0 0 0 0 0.6000000000000001 0 0 0 0 0 0 0.2 0 0 0.6000000000000001 0 0.4 7 0 0 0 0.6000000000000001 0 0 0 0 0 0.2 1 0.4 0 0 0 0.6000000000000001 0.2 0 0 0 0 9.200000000000001 3 0 1.8 0 2.8000000000000003 0.4 2.6 0 0 0 0 0 0 0 0 9.4 3 3.2 2 4.2 0 0 4 4.4 0 0.2 2.6 5.4 5.2 0 2.6 0 0.6000000000000001 6.800000000000001 4.4 0 0 0 0 0 0 0 0 0 0 0 0 0 0 0 0 0.4 0.4 3.6 0 0 0 0 0 0 0 0 0 0 0 1.6 0 0.2 0 0 0 0 0 0 0 0 0 0 5.2 2.6 0.6000000000000001 0 0 0 0.8 3.6 4 0 0 0 1.2000000000000002 0.4 1.8 0 0 2.4000000000000004 4.2 8.4 2.4000000000000004 0 3 3.8000000000000003 2 2.4000000000000004 2.2 0 3.6 3.2 3.2 1.8 3.6 2.6 2.8000000000000003 0 1.8 0 0 0 0 0 0 0 0 0 0 0 0 0 0 0 0 0.2 0 3.8000000000000003 0 0 0 0 0 0 0 0 0 0 0 0 0 0 0 0 0 0 0.2 0 0 0 0 0 0 0 0.2 0 0 0 14.8 0 0 0 0 1.6 0.4 0 15.600000000000001 0 0.8 0.2 0.2 0 0 0 0 9.200000000000001 0 0 0 0 0 0 0 0 6.800000000000001 0 4.800000000000001 0 0 0 0 0 0 0 0 3.6 0 0 0 
 0 0 0.8 0 14.8 0 0.6000000000000001 0 0 0 0 0 0 0 0 0 0 0 0 0 17.2 46.800000000000004 40.400000000000006 32.4 27 7.2 37 0 13.8 37 5.4 21 39.2 36.4 29.200000000000003 29.6 20.400000000000002 25 43.6 39.800000000000004 0 0.6000000000000001 0 0 0.6000000000000001 0.4 0 0 0 0.6000000000000001 0 0 0.2 0 0.4 0 0.8 0 0 0.6000000000000001 1 0.4 0 0 0 0 0.6000000000000001 0 0 0.2 0 0 0.2 0.4 1 0 0 0 1 0.2 0 0 0 0 2.4000000000000004 2.8000000000000003 2.4000000000000004 0 0 0 0.4 0 0 0 0 0 0 0 0 0 4.6000000000000005 7.800000000000001 9.8 10.600000000000001 4.2 0 2.4000000000000004 11.8 3.6 0 2.6 4.2 5.800000000000001 6.2 4 5.4 8 2 3.2 4 0 0 0 0 0 0 0 3.4000000000000004 0 0 0 0 2.4000000000000004 0 0 0 0 0 5.6000000000000005 3.4000000000000004 0.2 0 0 0 0 0 0 0 0 0 0 4.6000000000000005 0 0 0 0 0 0 0 0 0 3 0 2.8000000000000003 1.2000000000000002 1.6 0 0 0 0 0 0 6.800000000000001 0.2 0 0 0.4 0 0.6000000000000001 0 8.6 3.8000000000000003 22.6 0.8 0 2.8000000000000003 5.2 0 10 4.4 4.4 9.8 2.4000000000000004 0 8.4 9.200000000000001 15 8.6 0 6 0 0 0 0 0 0 0 0 0 0 0 0 0 5.800000000000001 0 0 0 0 0 0 0 0 0 0 0 0 0 0 0 0 0 0 0 0 0 0 0 0 0 0 0 0 0 0 1.4000000000000001 0 0 0 0.2 0 0 0.8 0 0 3.2 0.4 0 15.200000000000001 0 0 0 2 0 0 0 0.2 1.6 0 0 0 0 0 0 0.4 0 0 0 0 0 0 0 0 0 0 0 0 4.6000000000000005 0 0 0 
 0.2 0 0 0 17 7.4 0.2 0.6000000000000001 0 0 0 0 0 0 0.2 0 0 0 0 0.4 13.600000000000001 27.200000000000003 13.200000000000001 10.8 17.400000000000002 8.8 12.8 13.8 0 18.6 19.8 4.800000000000001 35.4 24.8 35.6 28.8 27.8 72 16 60 0 0.8 0.4 0 0 0.2 0 0 0 0.6000000000000001 0.4 0 0 0.2 0.2 0 0.8 0 0.4 0.6000000000000001 0.2 0.4 0 0 19.8 0 0.2 1.4000000000000001 0 1.2000000000000002 0 0.4 0 1.8 0.6000000000000001 0 0 12.200000000000001 0.6000000000000001 0.6000000000000001 0 0 0 0 0 0 0 0 1.8 0 0 0 0 0 0 0 0 0 0 0 2.6 3 1.2000000000000002 0.4 7.2 3 0 3.4000000000000004 10.4 0.4 9.4 5.2 0 4.4 0 2 9.4 10.4 0 3.8000000000000003 0 0 0 0 0 0 6.6000000000000005 0 0 0 0.2 0.2 0 0 0 0 0 0 0.2 3.4000000000000004 0.2 0 0 0 0 0.6000000000000001 0 0 0 0 0 0.2 0 0 0 0 0 0 0 0 6.6000000000000005 0.2 0 0 0 2.4000000000000004 0 0 0 0 0 0 0 0 0 0.4 0 0 2.4000000000000004 0 0 13 2.2 0.8 2.4000000000000004 0 3.6 1 0 4.4 1.8 3 0 0 0 2.2 0 4.6000000000000005 4.6000000000000005 3.2 0 0 0 0 0 0 5.800000000000001 0 0.4 0 0 0 0 6.4 0 0 0 0 7 0 0 0 2.2 0 0 0 0 3.8000000000000003 0 0 0 0 0 0 0 0 0 0 0 0 0 0 0 0 0 0 0 0 0 0 0 0 0 0 1.8 0 0 15.4 0 0 0 0.2 0 0 0 0 0 0 0 0 0 0 0 0 0.2 0 0 0 0 0 0 3 0 2 0 2.4000000000000004 0 0 0 0 
 0 0.2 0 0 15 0.2 0 0 0 0.6000000000000001 0 0 0 0 0 0 0.2 0 0 0 20.6 69.2 32.6 20.6 33.6 28.200000000000003 8.8 37 18.6 0 58.2 14.8 7.800000000000001 21.200000000000003 45.6 67.60000000000001 28.200000000000003 113.4 33 17.400000000000002 0 1 0.2 0 0 0 0.6000000000000001 0 0 13 0 0 0.2 0.8 0.6000000000000001 0.4 1.2000000000000002 0 0 0.6000000000000001 0 1.4000000000000001 0 0 0 0 0 0 0 0 0 0 0 0.4 0.6000000000000001 0.4 0 0 0.4 16.6 0 0 0 0 2 0 0 0 1.6 1.2000000000000002 0 0 0 0.2 0 0 0 0 0 0.4 2.8000000000000003 2.6 2.6 3 0 5.4 0 6.6000000000000005 6 0 2.4000000000000004 2 3.8000000000000003 2.4000000000000004 0 2.2 3.4000000000000004 5 5.2 3.8000000000000003 0 0 0 0 0 0.2 2.6 2.6 0 0 0 0 2.2 2.2 0 2 0 0 5.800000000000001 5.6000000000000005 0 0 0.2 0 0 0 0 0 0 0 0 0 0 0 0 0 0 0 0 0 0.6000000000000001 0 1.4000000000000001 0 0 0 0 0 0 0 0 0 0 4.4 0 0 0 0 0.6000000000000001 0 2.4000000000000004 2.6 8.6 3.6 3.2 0.8 3.6 0 1.8 5.6000000000000005 2.6 9.200000000000001 0 3.6 2.2 1.4000000000000001 4.800000000000001 0 0 5.800000000000001 1.6 0 0 0 0 0 5.4 0 2.8000000000000003 0 0 0 0 6.2 0.4 0 0 0 0 0 0 0 0 0 1.6 0 0 0 0 0 0 0 0 0 0 0 0 0 0 0 0 0 0.2 0 0 0 0 0 0 0 0 0 0 0 1 0.2 0 31.6 0 0.6000000000000001 1.4000000000000001 0 0 0 0 0 0 0 0 0 0 0 0 0 0 0 0 0 0 0 0 0 0 0 0 0 0 0 0 0 
 0 0 0.8 0.2 1.6 0 0 0 0 0.6000000000000001 15 0 0 0 0 0.4 0 0 0.4 0 51.400000000000006 11 25.200000000000003 23.8 13.8 33.4 23.200000000000003 5.4 19.8 58.2 0 10.8 23.400000000000002 5.4 20.6 46.400000000000006 50.6 19 7 13 0 0.2 0 0 0 0 12.4 0 0 0.6000000000000001 0 0 12.600000000000001 0.4 0 0 0.4 0 0 0.6000000000000001 0 0.4 0 0 1.4000000000000001 0 0 0 0 0 0 0.4 0 0.4 0.6000000000000001 0 0 0 0 0.6000000000000001 0 0 0 0 0 0 0 0 0 0 0 0 0 0 0 0 0 0 0 0 7.2 0 6 2 5.800000000000001 2 0 3.8000000000000003 2.8000000000000003 4.4 0.2 0 0.2 0.2 9.8 0 1.8 0 0.2 0.6000000000000001 0 0 0.4 0 0 0 0.2 0.2 0 0 0 0 2.4000000000000004 2.6 0 2.4000000000000004 0 0 4.6000000000000005 8.6 0 0 0 0.4 0 0 0 0 0 0 0 0 0 0 0 0 0 0 0 0 0 0 10.200000000000001 0 0 0 0 0 0 0 0 0 0 0 0 0 0 0 0 0 3.6 1.6 3.2 8.8 6.6000000000000005 2 0.2 2.2 6 0.2 0 4.4 2.4000000000000004 1 9.8 3.2 0.2 5.4 2.4000000000000004 0 4.2 0 0 0 0 0 3.8000000000000003 0 2 5.800000000000001 0 0 2.6 0.4 0 0 0.6000000000000001 0 6.2 0.4 0 0 0 0 0 0 0 0 0 0 0 0 0 0 0 0 0 0 0 0 0 0 0 0 0 0 0 0 0 0 0 0 0 0 2.4000000000000004 0 0.4 0.6000000000000001 15 0 1.2000000000000002 0 0 0 0 0 0 0 0 0 0 0 0 0 0 0 0 0 0 0 0 3 0 0 0 0 0 0 0 0 
