 0 23.200000000000003 26.200000000000003 94 9.200000000000001 9.600000000000001 136.8 16.8 24.200000000000003 9.8 12.200000000000001 4.2 87 7.6000000000000005 52.800000000000004 35.800000000000004 23 24.6 23.8 21.200000000000003 0 18 0.6000000000000001 0 0.6000000000000001 0.2 0 0 0 0 0 0.2 0.4 0 0 0.6000000000000001 0 0 0 0.2 0 0.6000000000000001 0 0 0.6000000000000001 0 0.6000000000000001 0 0.4 0 0.6000000000000001 0 0.6000000000000001 0 0.4 0 0 0 0.6000000000000001 0.6000000000000001 0 0 10.200000000000001 0 0.6000000000000001 0 0.6000000000000001 0.6000000000000001 0 0 0 0 0.6000000000000001 0.6000000000000001 0 0.6000000000000001 0 0 0.6000000000000001 0 11.8 3.8000000000000003 15.8 6.2 1.4000000000000001 3.8000000000000003 15.200000000000001 2.8000000000000003 2.6 4 6 0 10 7 3.2 2.6 3.4000000000000004 4 0 6.2 0 0 0 4.4 0 0 0 0 0 0 0 0 0 0 0 0 0 0 2 0 0 0 0 0 0 0 0 0 0 0 0 1.8 0 0 0 0 0 0 0 0 0 0 0 0 0 0 0 0 0 0 0 0 0.4 0 0 0 0 0 0 0 1.2000000000000002 0 9 0 0 0 2.2 0 3.8000000000000003 0 0 3.8000000000000003 2 7.2 6 0.2 0 5 2 0.2 0 0 0 0 0 0 0 0 0 0 0 0 0 0 0 0 0 0 2 0 0 0 0 0 0 0 0.2 0 0 0 0 0 0 0 0.2 0 0 0 0 0 0 0 0 0 0 0 0 0 0 0 0 0 0 4 0 0.4 0 0 0 0 0 0 0 0 0 0.4 0 0.4 0.6000000000000001 0 0 0.8 0 0 0 0 0 0 0 0 0 0 0 0 0 0 0 0 0 0 0 0 0 0 0 0 2.8000000000000003 0 0 0 0 0 0 0 0 0 0 0 0 0 
 23.200000000000003 0 34 33.2 26.200000000000003 50.400000000000006 39.2 17.8 16.400000000000002 9.8 14.8 8.6 11.8 28 12.200000000000001 24.400000000000002 38.6 41.2 5.4 71.2 0.4 0 0.6000000000000001 0 0.6000000000000001 0.2 0 0.2 0 0 0 0.4 13 0 0 0.4 0 0 0 0.4 0 0.6000000000000001 0 0 0 0 0.6000000000000001 0 0.4 0 0.6000000000000001 0.2 0.6000000000000001 0 0 0 0 0 0.6000000000000001 0.6000000000000001 0.2 0 0 0 0.6000000000000001 0.4 0.6000000000000001 0.6000000000000001 0 0 0 0 0.6000000000000001 0.6000000000000001 0 0.6000000000000001 0 0 0.6000000000000001 0 2 1.4000000000000001 2.2 0 0.8 3.8000000000000003 0 2.6 0.2 10.8 3 19 0 0.2 0.2 2.6 0 4.2 0 1.6 1.2000000000000002 0 0 0 0 0 0 7.6000000000000005 0 0 0 0 0 0 0.2 0 0 0 0 4.6000000000000005 5.800000000000001 0 0 0 0 0 0 0 0 0 0 0 0 0 0 0 0 0 0 0 0 0 0 0 0.6000000000000001 0 0 0 0 0 0 0 0 0 0 0 0 0 0 0.2 2 8.6 0.8 5.2 1.4000000000000001 4.800000000000001 0 2.8000000000000003 1.8 2 0.8 4.800000000000001 0 2.4000000000000004 0 6 6.800000000000001 6 0 0.6000000000000001 0 0 0 0 0 1.6 2.8000000000000003 0 0 0 0 0 0 0 0.2 0.2 0 0 10 0 0 0 0 0 0 0 0.2 0 0 0 0 0 0 0 0 0 0 0 0 0.8 0 0 0 0 0 0 0 0 0 0 2 0 0 0 0 0.4 0 0 0 0 0 3 0 0 0 0 1.2000000000000002 0 21.400000000000002 0 0 4.6000000000000005 0 0 0 0 0 0 0 0 0 0 2.6 0 0 0 0 0 0 0 0 0 0 0 0 0 0.4 0 0 0 0 0 0 0 0 0 0 0 0 0 
 26.200000000000003 34 0 32.2 9.200000000000001 16.2 14.200000000000001 24.200000000000003 16.8 51.2 19.400000000000002 48.6 21.6 38.800000000000004 27.8 46.800000000000004 8.200000000000001 62.6 11.200000000000001 27.6 0 0 0.8 0 0.6000000000000001 0 0 0 0 0 14.8 0.2 15.4 0 0 0.2 0 0 0 0.4 0 0.6000000000000001 0 0 0 0 0.6000000000000001 0 0.4 1 0.6000000000000001 0 0.6000000000000001 0 0 0 0 0 0.6000000000000001 0.6000000000000001 0.6000000000000001 0 0 0 0 0 0.6000000000000001 6.4 0 0 0 0 0.2 0.4 0 0.6000000000000001 0 0 0.8 0 0 11.600000000000001 7.800000000000001 0 6.6000000000000005 8.8 7.2 0 0 5.6000000000000005 5.6000000000000005 2.6 0 7.2 0 1.4000000000000001 4 0.2 0 2.4000000000000004 0 0 0 0 0 0 0 0 0 0 0 0 0 0 0 0 0 0 1.6 0.2 0 0 3.4000000000000004 0 0 0 0 0 0 0 0 0 0 0 0 6.800000000000001 0 0.4 0 0 0 0 0 0 0 0 0 0 0 0 0 0 1.2000000000000002 0 0 0 0 0 0 0 0 4.4 0 9.600000000000001 0 0 1.6 4.2 3.4000000000000004 7.800000000000001 4.800000000000001 4.4 0 0 0 0 3.6 2 0 0 0 0 0 0 0 0 0 0 0 0 0.4 0 0 0 0 0 0 0 6.4 0 0 0 0 0 0 0 0 0 0 0 0 0 0 0 0.2 0 0 0 0 0 0 0 0 0 0 0.4 0 0 0 0 0 0 0 0 0 0.4 0 0 0 0 0 1.8 0 0 0 0 17.8 0 0.2 0.8 0.2 1 2 0 0 0 0 0 0 0 0 0 2.4000000000000004 0 0 0 0 0 0 0 0 0 0 0 0 3.8000000000000003 2.2 12.200000000000001 0 0 0 0 0 0 0 0 0 0 0 6 
 94 33.2 32.2 0 35.800000000000004 19.400000000000002 19.400000000000002 58.6 32.2 70 19.6 45.400000000000006 52.800000000000004 11.600000000000001 58.400000000000006 56.6 9.8 11.4 14.8 56 15 16 0.4 0 0.6000000000000001 0 14.4 0 0.2 0 0 0.6000000000000001 0.2 5.2 0 0 0 0 16 15.200000000000001 0 0.6000000000000001 0 0 0 0.2 1.6 0 0.4 0 0.6000000000000001 1.2000000000000002 0.6000000000000001 0 0 0 0 0.6000000000000001 0.6000000000000001 0.6000000000000001 0.6000000000000001 0 0 0 0.2 0 0.6000000000000001 0.6000000000000001 0 0 0 0 0.2 0.4 0 0.6000000000000001 0 0 0.6000000000000001 0 0 2.8000000000000003 5.4 6.6000000000000005 6.800000000000001 0 0 0 0 0 9.8 2 0 0 0 10.4 2.8000000000000003 3.4000000000000004 0 0 4.6000000000000005 0 0 0 0 0 2.6 0.8 0 0 0.4 0 4.4 0 0.8 2.4000000000000004 0 0.8 4 5.6000000000000005 0 0 0 0 0 0 0 0 0 0 0.2 0 0 0 0 0 0 0 0 0.4 0 0 0 0 0.6000000000000001 0 0 0 0 0 0 0 0 0 0 0 0 0 0 0 0 0 2.4000000000000004 0.8 3.4000000000000004 4.800000000000001 0.2 3.4000000000000004 3.4000000000000004 0 1.6 6.2 0 0 0 0 3 3.8000000000000003 0 0.2 3.8000000000000003 3.6 0.4 0 0 0 2.2 0 7 0 0 0 3.6 7.800000000000001 2 2 0 0 2.2 0 0 0 0 0.4 0 0.4 0 0 0 0 0 0 0 0.4 0 0 0 0 0 0 0 0 0 0 0 0 0 0 0 0 0 0 0 0 0 0 0 0 0 0 0 0 0 0 0 0 17.8 0 0.4 17.6 0 1 2.8000000000000003 0 0 0 0 0 0 0 0 0 0 0 0 0 0 0 0 0 0 0 0 0 0 3 3.6 0 0 0 0 0 0 0 0 0 0 0 0 0 
 9.200000000000001 26.200000000000003 9.200000000000001 35.800000000000004 0 11.8 10 18.6 15.8 71.60000000000001 105.60000000000001 8 12.600000000000001 13.4 20.200000000000003 16.400000000000002 12.4 37.6 12.200000000000001 16 16.2 0.4 0.4 0 0.6000000000000001 0 29.6 0.6000000000000001 0 14.600000000000001 0 0 15.200000000000001 0 0 18.8 0 0 29.6 4.800000000000001 0 0.6000000000000001 0 0 0 0.4 1.8 0 0.4 0 0.6000000000000001 1.2000000000000002 0.6000000000000001 0 13.8 0 0 0 0.6000000000000001 0.6000000000000001 0.4 0 0 0 0.2 0 0.6000000000000001 0.6000000000000001 0 0 0 0 0.4 2.2 0.2 0.6000000000000001 0 0 0.6000000000000001 0 0 0 0 1.4000000000000001 3.8000000000000003 3.6 0 0 0 5.800000000000001 2.4000000000000004 0.6000000000000001 0 0 0 1.8 0 0 0 0 0 2.8000000000000003 0 0 0.8 0 0 6 0 0.2 0 0.2 13 2.2 2.2 1.8 0 3 4.2 2 0 0 0.4 0 0 0 0 0 0 0 0 0 0 0 0 0 0 0 0 0 1 0 0 0 0 0 0 0 0 0 0 0 0 0 0 0 0 0 0 0 0 2.6 0 2.6 5.2 4 0 0.2 2.2 2.6 2 0 0 0 0 2.8000000000000003 0 2.2 0 0 1 5 0 0 0 0 0.6000000000000001 0.6000000000000001 4.6000000000000005 0 0 0 7.800000000000001 6.800000000000001 4.4 0.4 0.2 0.2 3.4000000000000004 2.2 0 0 0 0 0 0 0 0 0 0 0 0 0 0 0 0 0 0 0 0 0 0 0 0 0 0 0 0 0 3.8000000000000003 0 0 0 0 3.2 0 0 0 0 0 0 0 0 0 0 0.8 0 0 1 18.2 0 2 0 0 0 0 0 0 0 0 0 0 0 0 0 0 0.4 0.2 0 0 0 0 0 0 0 0 5.800000000000001 0 0 0 0 2.6 0 0 0 0 0 0 0 0.2 
 9.600000000000001 50.400000000000006 16.2 19.400000000000002 11.8 0 6 49.6 9.200000000000001 33.2 15.600000000000001 46.6 4.800000000000001 6.800000000000001 8.4 75.2 15.8 16.8 56.2 13.8 1.2000000000000002 0 6.2 0.4 0.6000000000000001 0 0 15.600000000000001 5.6000000000000005 5.4 0.6000000000000001 0.2 0.6000000000000001 22 14.8 0.8 0.4 6.4 32 0.8 0 0.6000000000000001 0 13.200000000000001 0.6000000000000001 0.4 2 0 0.4 0.4 1.8 0.8 0.6000000000000001 0.8 1 0 0 1 1.8 0.6000000000000001 0.6000000000000001 0 0 0 0.6000000000000001 0 0.6000000000000001 0.6000000000000001 0.2 0 0 0 1.8 0.6000000000000001 0.2 0.6000000000000001 0 0 0.6000000000000001 0 0 0 3.2 0 3.4000000000000004 0 0 0 0 0 3.8000000000000003 3.2 0 0 0 0 0 0 0 0 7.6000000000000005 0 3.8000000000000003 0 0 0 2.4000000000000004 2.8000000000000003 0 3.2 0 0 3.8000000000000003 0 5.800000000000001 0 0 0 2.6 2.8000000000000003 0 0 0 0 0 0 0 0 0 0 0 0 0 0 0 0 0 0 0 0 0 7.2 0 0 0 0 0 0 0 0 0 0 0 0 0 0 0 0 0 0 1.6 0 0.4 2 2 2.6 0 0 2.8000000000000003 0 0 6.4 0 0 0 0 0 3.8000000000000003 1 0 14.200000000000001 1.8 2 0 0 0 3 0.6000000000000001 6.6000000000000005 0.2 0 0 10 0 2 3.2 0.2 0 4.800000000000001 2.8000000000000003 0 0 0 0 0 0 0 0 0 0 0 0 3.8000000000000003 0 0 0 0 0 0 0 0 0 0 0 0 0 0 0 0 0 0 0 0 0 0 0 0 0 0 0 0 0 0 0 0 1 0.6000000000000001 0 0.2 0.2 0.2 0.2 3.2 0 0 0 0 0 0 0 0 0 0 0 0 0 0 0 0 0 0 0 0 0 0 0 2.8000000000000003 0 0 0 0 0 0 0 0 0 0 0 0 0 
 136.8 39.2 14.200000000000001 19.400000000000002 10 6 0 54.400000000000006 51.400000000000006 51.800000000000004 10.8 7.800000000000001 41.400000000000006 78.60000000000001 33 6.800000000000001 10.200000000000001 7.4 84.80000000000001 27.8 14.600000000000001 15 0.6000000000000001 0 0.6000000000000001 0.4 0.4 0 0.2 0 0 0.2 0.2 0 15.600000000000001 1 0 0 0 2.4000000000000004 0 0.6000000000000001 0 0 0.8 12.600000000000001 0.6000000000000001 0 0.4 0 0.6000000000000001 12.8 0.6000000000000001 0 0.6000000000000001 0 0 0 0.6000000000000001 0.6000000000000001 0.4 0 6.6000000000000005 0 0.4 0 0.6000000000000001 0.6000000000000001 0 0 0 0.6000000000000001 0.4 0.6000000000000001 0 0.6000000000000001 0 0 0.6000000000000001 0 6.4 0.2 1.6 2.4000000000000004 0 0 0.2 2.6 0 4 1.8 0 12.8 1.8 0.8 1.8 3.6 3.6 0 13.200000000000001 0 0 0 0 0.4 0 0 0 0 0 0 0 0 0 0 0 0 0 0 4.2 0 0 0 0 0 0 0 0 0 0 0 0 0.8 0 0 0 0 0 0 0 0 0 0 0 0 0 0 0 0 0 0 0 0 0 0 0 0 0 0 0 0 2 3 0 2.4000000000000004 0 0 3 0 0.2 0 0 0 3 3.6 5.4 4 3.2 0.2 3.8000000000000003 0.2 0 0 0 0 0 0 0 0 0 0 0 0 0 0 0 0 0 0 0 0 0.4 0 0 0 0 0 0 0 0 0 0 0 0 0 0 0 0 0 0 0 0.8 0 0 1.8 0 0 0 0 0 0 0.2 0 0 0 0 0 0 0 0 0 0 0 0 0 0.2 0.2 0.4 0.8 0 0 1.8 0 0 0 0 0 0 0 0 0.2 0 0 0 0 0 0 0 0 0 0 0 0 0 0 3.2 0 0 0 0 0 0 0 0 0 0 0 0 0 0 
 16.8 17.8 24.200000000000003 58.6 18.6 49.6 54.400000000000006 0 12.600000000000001 55.800000000000004 46.800000000000004 4.800000000000001 48.800000000000004 54.800000000000004 27.6 17.8 11 7.800000000000001 35.2 33.4 0.4 0 0.6000000000000001 0 0.6000000000000001 0 0.4 0 0 0 0 0.6000000000000001 0.6000000000000001 0 0 0.2 0 0.2 0 0.2 25.200000000000003 0.6000000000000001 0 0 0 0 0.6000000000000001 0 0.4 0 0.6000000000000001 0 0.6000000000000001 0 0 13.600000000000001 0 0 0.6000000000000001 0.6000000000000001 0 0 0 0 0.6000000000000001 0 0.6000000000000001 0.6000000000000001 4.6000000000000005 0 0 0 0.6000000000000001 0.6000000000000001 0 0.6000000000000001 0 0 0.6000000000000001 0 7.4 0.2 2 8.6 2.8000000000000003 2 0 5 4.4 3.6 0 0 8.4 5.2 2.2 0.2 5.2 6 3.2 9.200000000000001 0 0 0 0 0 1 3.2 0 0 0 0 0 0.4 0 0 0.4 0 0 1.8 0 0 0 0 0 0.4 0 0 0 0 0 0 0 0 0 0 0 0 0 0 0 0.2 0 1 0 0 0 0 0 0 0 0 0 0 0 1 0.4 0 0 0 0 2 2 4 0 0 0 4.4 0 12 0 0 3.4000000000000004 1.8 6.4 3.2 3.2 4.800000000000001 0 4.6000000000000005 4.4 0 0 0 0 0 0 0 0 0 0 0 0.2 0 0 0 0 0 0 0 0 0 0 0.4 0 0 3.6 0 0 0 0 0 0 0 0 0 0 0 0 0 0 0 0 0 0 0.4 0 0 0.4 0 0 0 0 0 0 0 0 0 0 0 0 0 0 0 0 0 0 0 0 0 0 0.2 1.4000000000000001 0 0 0 0 0 0 0 0 0 0 0 0 0 0 0 0 0 0 0 0 0 0 0 3.4000000000000004 0 0 0 0 0 0 0 0 0 0 0 0 0 0 
 24.200000000000003 16.400000000000002 16.8 32.2 15.8 9.200000000000001 51.400000000000006 12.600000000000001 0 14 63.2 7 46 16.400000000000002 40.800000000000004 30.8 25.200000000000003 26.6 16.2 10.600000000000001 0 0 0.6000000000000001 0 0.6000000000000001 0 0 0 0 0 0 0.8 0.4 0.4 0 15.4 0 0.4 0 0.2 12.4 0.6000000000000001 0 0 0 0 0.6000000000000001 0 0.4 0 0.6000000000000001 0 0.6000000000000001 0 0.2 0 12.4 0 0.6000000000000001 0.6000000000000001 0.2 0 0 0 0.6000000000000001 0 0.6000000000000001 0.6000000000000001 0 0 9.600000000000001 0 0.6000000000000001 0.6000000000000001 0 0.6000000000000001 0 0 0.6000000000000001 0 0 2.6 5 0 4 0.4 4.6000000000000005 2.6 0.2 5 2.2 13.4 0 1.8 1.6 0 1.4000000000000001 6 0 3.6 1.2000000000000002 0 0 0 0 0 0 0.4 0 0 0 0 0 0 0 0 0 0 2 3.2 0 0.2 0 0 0 0 0.4 0 0.2 0 0 0 0 1.4000000000000001 0 0 0 0 0 0 0 0 0 0 0.6000000000000001 0 0 0 0 0 0 0 0 0 0 0 0 0 0 0 1.4000000000000001 0.2 8 0 3.6 4.4 1.6 4.800000000000001 0 0 0 2 0.2 4.800000000000001 0 0.2 2 1.2000000000000002 2.4000000000000004 0.2 0 0 0 0 3 0 2.8000000000000003 0 0 0.2 0 0 0 0 0 0 0 0 2 0 0 0 0 0 0 0 0 0 0.4 0 1.2000000000000002 0.4 0 0 0 0 0 0 0 0 0 0 0 0 0 0 0 0 0 0 0.2 0 0 0 0 0 0 0 0 0 0 0 0 0 0 0 1.2000000000000002 0.4 18.400000000000002 0 3 2.4000000000000004 0.4 0 0 0 0 0 0 0 0 0 0 0 0 0 0 0 0 0 0 0 0 0 0 0 4 0 0 0 0 0 0 0 0 0 0 0 0 0 
 9.8 9.8 51.2 70 71.60000000000001 33.2 51.800000000000004 55.800000000000004 14 0 57.400000000000006 76.4 13.8 55 103.60000000000001 80.80000000000001 122.4 35 55.400000000000006 15 16 0.2 0.6000000000000001 0 0.6000000000000001 8.200000000000001 15.600000000000001 0 0 0 0 0.2 0.6000000000000001 15.4 0 0.2 0 0 13.8 17.400000000000002 0.4 0.6000000000000001 0 0 0 0 1.6 0 0.4 0 0.6000000000000001 5.6000000000000005 0.6000000000000001 0 0 0 0 0 0.6000000000000001 0.6000000000000001 0.4 0 0 0 0.6000000000000001 0 0.6000000000000001 0.6000000000000001 0.2 0 0 0 0.6000000000000001 1.6 0 0.6000000000000001 0 0 0.6000000000000001 0 0 0 0.2 3.2 3.2 0 0 0 0 0 3.2 7 0 0 0 7 0 0.2 0 0 0.6000000000000001 0.2 0 0 2 0 7 8.8 0 0 0 0 7 0 5.4 3.6 0 0 7.6000000000000005 4 0 0 0.4 0 0 0 0 0 0 0 0 0 0 0 0 0 0 0 0 0 0 0 0 0 0 0 0 0 0 0 0 0 0 0.2 0 0 0 0 0 0 0 0 0 1 6.4 0.4 0 0 4.4 3.2 0 0 0 0 0 0 0.4 0.8 0.2 0 4 8.4 0.2 0 0 0 3.4000000000000004 0.4 0.6000000000000001 0.4 0 0 2.6 1.8 3 4.6000000000000005 0 0 9.200000000000001 0 0 0 0 0 0 0 0 3.2 0 0 0 0 0 0 0 0 0 0 0 0 0 0 0 0 0 0 0 0 0 0 0 0 0 2.4000000000000004 0.4 0 0 0 0 0 0 0 0 0 0 0.4 1.4000000000000001 0.4 0.4 17.8 0.6000000000000001 1.2000000000000002 2.2 0 0 0 0 0 0 0 0 0 0 0 0 0 0.4 0 0 0 0 0 0 0 0 0 3.8000000000000003 0 0 0 0 0 0 0 0 0 0 0 0 0 
 12.200000000000001 14.8 19.400000000000002 19.6 105.60000000000001 15.600000000000001 10.8 46.800000000000004 63.2 57.400000000000006 0 24.400000000000002 27.200000000000003 6.800000000000001 19.200000000000003 13.600000000000001 38.2 60.800000000000004 6.2 9.8 0 14.8 0.6000000000000001 0 0.6000000000000001 0 14.8 0 0 0 0 0 21.200000000000003 0 0.4 15 0 0 0 15 0 0.6000000000000001 0 0 0 0 1 0 0.4 0 0.6000000000000001 0.8 0.6000000000000001 0 0.4 12.600000000000001 0 1.2000000000000002 0.6000000000000001 0.6000000000000001 0.2 0 0 0 0.6000000000000001 0 0.6000000000000001 0.6000000000000001 2.2 2.2 0 2.2 0.6000000000000001 3 0 0.6000000000000001 1 0 0.6000000000000001 0.2 0 3.6 3.8000000000000003 1.8 1.2000000000000002 0.4 2.8000000000000003 0 0 4.2 6.4 4.800000000000001 0.2 2 0 1.4000000000000001 0 0 0 0 0.4 0 0 0 6.2 0 0 5.2 0 0 0 0 5.6000000000000005 0 1.4000000000000001 0.4 0 0.2 2.2 1.8 0.2 0 0 0 0 0 0 0 0 0 0 1.6 0 0 0 0 0 0 0 0 0.4 0 0 0 0 0 0 0 0 0 0 0 0 0 0 0.4 0 0 0 0 0 2.6 0.8 1.8 2.2 1.8 0 0 12.4 7.2 1.6 0 0 1.4000000000000001 0.6000000000000001 2.4000000000000004 1.4000000000000001 3 0 0 0 2.8000000000000003 0 0 0 0 2.4000000000000004 0 13 0 0 0.2 3.2 5.6000000000000005 2.2 0 0.2 0 5 0.4 0 0 0.4 0 0 0 0 0 0 0 0 0 0 0 0 0 0 0 0 0 0 0 0 0 0.4 0 0 0 0 0 0 0 0 0 0 0 0 0 0 0 0 0.2 0 0 0 0 0 0 19 26.200000000000003 0.8 2.2 4.2 0 0 0 0.2 0 0 0 0 0 0 0 0 0 0 0 0 0 0 0 0 0 0 0 2.6 0 0 0 0 0 0 0 0 0 0 0 0 0.4 
 4.2 8.6 48.6 45.400000000000006 8 46.6 7.800000000000001 4.800000000000001 7 76.4 24.400000000000002 0 4.2 6.4 4.800000000000001 8.8 34.4 33.800000000000004 5.4 5.6000000000000005 1.6 5.800000000000001 0.4 0 0.6000000000000001 0 15 0 0 0 0 0.4 15.600000000000001 15.4 0.2 15.200000000000001 0 0 0.2 0.2 0 0.6000000000000001 0 0 0 0 1 0 0.4 0 0.8 0 0.6000000000000001 0 0 0 0 0 0.6000000000000001 0.6000000000000001 0.6000000000000001 0 0 0 0.2 0 0.6000000000000001 0.6000000000000001 0 0 0 0 0.2 0.4 0 0.6000000000000001 0 0 0.6000000000000001 0.4 0 4 1.8 5.6000000000000005 0 0 0 0 2.2 0 2 2 0 0 0.8 3.8000000000000003 2.2 1 0 0 3.4000000000000004 0 0 0 0 0 2.6 2.2 0 3.2 0 0 5.800000000000001 5 7.2 0 0 7.2 12.600000000000001 0 0 0 0 0 0 0 0 0 0 0 0 0 0 0 0 0 0 0 0 0 0.2 0 0 0 0 0 3 0 0 0 0 0 0 0 0 0 0 0 0 0 2.8000000000000003 0 0 0 6.4 0 0 3.8000000000000003 5.800000000000001 0 0 0.6000000000000001 0 0 0 0 0 0 0 0 3.6 7.2 0 0 0 0 0 0.2 5 2.8000000000000003 0 0 11 2.6 2.8000000000000003 2.6 0.4 0.4 0.2 0 0 0 0 0 0 0 0 0 0 3.8000000000000003 2.4000000000000004 0 0 0 0 0 0 0 0 0 0 0 0 0 0 0 0 0 0 0 0 0 0 0 0 0 0 4.800000000000001 0 0 0 0 0 0 0 0.4 0.2 0 0 0.4 0 3.8000000000000003 0 0 0 0 0 0 0 0 0 0 0 0 0 0 0 0 0 0 0 0 0 0 0 0 0 0 0 0 0 2.6 0 0 0 0 0 0 0 0 
 87 11.8 21.6 52.800000000000004 12.600000000000001 4.800000000000001 41.400000000000006 48.800000000000004 46 13.8 27.200000000000003 4.2 0 32.4 88.2 27.6 18 28 16.400000000000002 10 0 0.2 0 0 0.2 0.6000000000000001 0 0.4 0 0 0 4.6000000000000005 0.4 0 0 0.6000000000000001 0 0 0 0.6000000000000001 0 0 0.2 0 0.2 0 0 0 0 0 0.4 0 0 0 5.4 0 0 0 0 0 0 0 0.4 0 0 0 0 0 0 0.2 0 0 0 0 0 0 0 0.6000000000000001 0 0.4 1.8 5.6000000000000005 5.800000000000001 4.4 2.8000000000000003 1.4000000000000001 3 4.800000000000001 7 7 2.2 0 4.2 3 13 8.4 1.6 2.8000000000000003 2.6 5 0 0 0 0 0 0 0 0.4 0 0 0.4 0 0 0 0 0 0.2 0 1.4000000000000001 0 0 0.2 0 0 0 0 0 0 0.2 0 0 1.8 0 0 0 0 0 0 0 0 0 0 0.4 0 0 0 0 0 0 0 0 0 0 0 0.4 0 0.2 0 0 0 2 0 9.8 0.2 1.8 0 7.2 0.4 3 5.800000000000001 0 1.6 2.2 4.2 3.4000000000000004 5 3.6 0 9.4 3 0 0 0.4 0 0 0 0 0 0 0 2 0 0 0 0 0 0 0 2.4000000000000004 0 0 0 0 0 0 0.2 0 0 0 0 0 0 0 0.4 0 3.6 0.6000000000000001 0 0 0 0 0 0 0 0 0 0 0 0 0 0 0 0 0 0 0 0 0 0 0 0 0 0 0 0 0 0 0.2 0.2 0 0.6000000000000001 1.6 0 0 0 0 0 0 0 0 0 0 0 0 0 0 0 0 0 0 0 0 0 0 0 0 6.4 0 0 0 0 0 0 0 0 0 0 0 0 0 
 7.6000000000000005 28 38.800000000000004 11.600000000000001 13.4 6.800000000000001 78.60000000000001 54.800000000000004 16.400000000000002 55 6.800000000000001 6.4 32.4 0 81.2 52.2 52.400000000000006 23 38 59.800000000000004 0 0.4 0.6000000000000001 0.6000000000000001 0.6000000000000001 0 0 0.4 0 0.2 0.6000000000000001 0.2 0.8 0 0 0.6000000000000001 0.2 0.6000000000000001 0.8 1 0 0.6000000000000001 0 0.6000000000000001 0 0 0.8 0.4 1 0 0.6000000000000001 0 0.6000000000000001 0 1 0 0 8.8 0.6000000000000001 0.6000000000000001 0.4 0 0.2 0 0.6000000000000001 0 0.6000000000000001 0.6000000000000001 0 0 0 0.2 0.4 1 0 0.6000000000000001 5 0 0.6000000000000001 0 5.2 2.2 4.4 6.800000000000001 0.2 5.800000000000001 7 2 2.6 8 0 0 8 10 0 3.6 3.8000000000000003 8.200000000000001 3.6 3.8000000000000003 0 0 0 0 0 0 0 0 2.4000000000000004 0.4 0 0 0 0 0 0 0 0 0 4.2 0 0 0 0 0 0 0 0 0 0 0 0.4 0 0 0 0 0 0 0 0 0 0 1.2000000000000002 0 0 0.2 0.2 0 0 0.2 0 0.4 0 0 1 0 0 0 0 0 2 1.8 4.800000000000001 5 0.4 0.4 11.200000000000001 0 4.2 3.8000000000000003 1.2000000000000002 4 0 2.8000000000000003 5.800000000000001 2.4000000000000004 3.8000000000000003 0 7.6000000000000005 7.800000000000001 0 5.800000000000001 0 0 0.2 0.2 0 0 0 0 0 0 0 0 0 0 0 0 2.2 0 0 0 0 0 0 0 0 0 0 0 0 0 0 0 0 0 0 0 0 0 0 0 0.4 0 0 0 0 0 0 0 0 0 0 0 2.6 0 0 0 0 0 0 2.2 0 0 0 0 10.200000000000001 0 0 0 0.4 0.6000000000000001 0 0 0.2 0 0 0 0 0.2 0 0 4.800000000000001 0 0 0 0 0 0 0 0 0 0 0 0 3 0 0 0 0 0 0 0 0 0 0 0 0 0 0 
 52.800000000000004 12.200000000000001 27.8 58.400000000000006 20.200000000000003 8.4 33 27.6 40.800000000000004 103.60000000000001 19.200000000000003 4.800000000000001 88.2 81.2 0 36 29.6 50.800000000000004 49.2 33.4 0 0 0.6000000000000001 0 1 0 0.2 0.4 0 0 0 0.2 0.4 0 0.2 5.6000000000000005 0 0 0 0.2 0 0.6000000000000001 0 0.4 0 0 0.6000000000000001 0 0.4 0.4 0.6000000000000001 0 0.6000000000000001 0.4 0.2 0 0 0 0.6000000000000001 0.6000000000000001 0.2 0 0 0 0.6000000000000001 0 0.6000000000000001 0.6000000000000001 0.2 0 0 0 0.6000000000000001 0.6000000000000001 0 0.6000000000000001 0 0 0.6000000000000001 0.4 4.4 3 4 2.6 0 0 6.2 6.4 1.8 0 0 0 8.4 6.2 2.2 2.8000000000000003 5 2.2 1.6 0 0 0 0 0 0 0 0 0 0 0 0 0 0 0 0 0 0 0 0 0 0 0 0 0 0 0 0 0 0 0 0 1 0.4 0 0 0 0 0 0 0 0 0 4.4 4.2 0 3.6 0 9.8 0 0 0 0 0 0 1 0 0 0 0 0 2.8000000000000003 2.4000000000000004 7.800000000000001 0 0 0 7.6000000000000005 2 2.4000000000000004 0 0 0 0 9 9.200000000000001 2.2 2 0 6.800000000000001 4.4 0 0 0.2 0 0 0 0 0 0 0 0 0 0 0 0 0 0 0 0 1.8 0 0 0 0 0 0 0 0 0 0 0 0 0 0 0 0 0 0 0 0 0 0 0.2 0 0 0 0.4 0 0 0 0 0 0 0 0 0 0 0.4 0 0 0 0 0 0 0 0.4 0.4 0 0.2 0 0 0.6000000000000001 0 0.4 0 0 0 0 0 0 0 0 0 0 0 0 0 0 0 0 0 0 0 0.4 0 2.8000000000000003 8.4 0 0 0 0 0 0 0 0 0 0 0 0 0 
 35.800000000000004 24.400000000000002 46.800000000000004 56.6 16.400000000000002 75.2 6.800000000000001 17.8 30.8 80.80000000000001 13.600000000000001 8.8 27.6 52.2 36 0 57.6 42.400000000000006 12.200000000000001 50.2 0.2 0 0.6000000000000001 0 0.6000000000000001 0 0.2 0 0 0 0 0.4 0.4 0 0 0.6000000000000001 0 0 0 0.2 0 0.6000000000000001 0 0 0.6000000000000001 0 0.6000000000000001 0 0.4 0 0.6000000000000001 0 0.6000000000000001 0 0.4 0 0 0 0.6000000000000001 0.6000000000000001 0 0 0 0 0.6000000000000001 0 0.6000000000000001 0.6000000000000001 0 0 0 0 0.6000000000000001 0.6000000000000001 0 0.6000000000000001 0 0 0.6000000000000001 0 4.4 0.4 1.4000000000000001 1.6 0 5.4 2.8000000000000003 2.6 4.4 1.8 7.800000000000001 0 5.6000000000000005 0.4 5 0.2 6.4 2.6 0 11.200000000000001 0 0 0 0 0 0 0 0 0 0 0 0 0 0 0.2 0 0 0 2.8000000000000003 0 0 2.8000000000000003 0.2 0 0 0 0 0 0 0 0 0.2 0 0 0 0 0 0 0 0 0 0 0.4 0 0.2 0 0 0 0 0.4 0 0 1.4000000000000001 0 0 0 0 0 0 0 2 1 5.4 9 0 0.2 3 0.4 3.6 7.800000000000001 2 6.4 4.4 0 0 0 0 2.2 4.800000000000001 0 0 0 0 0 0.4 0 0 0.2 0 0 0 0 0.4 0.2 0 0.4 0 0 1.2000000000000002 0 0 0 0 0 0 0 0 0 0 0 0 0 0 0 0 0 0 0 0 0 0 0 0 0 0 0 0 0 0 0 0 0 0 0 0 0 0 4 0 0 0 0 0 0 0 0 0.4 0.2 0.6000000000000001 18.400000000000002 0.8 3.4000000000000004 1.2000000000000002 0 0 0 0 0 0 0 0 0 0 0 0 0 0.2 0 0 0 0 0 0 0 0 0 0 3.8000000000000003 0 0 0 0 0 0 0 0 0 0 0 0 
 23 38.6 8.200000000000001 9.8 12.4 15.8 10.200000000000001 11 25.200000000000003 122.4 38.2 34.4 18 52.400000000000006 29.6 57.6 0 20.400000000000002 83.2 25.6 0 0 0.6000000000000001 41.400000000000006 0.6000000000000001 0 0.2 0 0 0 0 0.2 0.2 0.2 0.4 0.8 0 0.2 14.600000000000001 0.8 0 0.6000000000000001 0 0 0.6000000000000001 0 0.6000000000000001 0 0.4 0 0.6000000000000001 0 0.6000000000000001 0 0 0 0 0 0.6000000000000001 0.6000000000000001 0.2 0 0 0 0.6000000000000001 1 0.6000000000000001 0.6000000000000001 0 0 0 10.200000000000001 0.6000000000000001 0.6000000000000001 0 0.6000000000000001 0 0 0.6000000000000001 0 2.6 0 0 0.2 3.8000000000000003 0 4.6000000000000005 16 6 6 2 0.2 3.4000000000000004 3 5.800000000000001 2.4000000000000004 4.6000000000000005 0 1.4000000000000001 2.8000000000000003 0 0 0 0 0 0 0 8.6 0 0 0 0 0.8 3.8000000000000003 0.2 0 0 0 7.800000000000001 2.6 0 0 0 0 0 0 0 0 0 0 0 0 0 0 0 0 1.6 0 0.2 0 0 0 0.2 0 0 0 3 0 0 0 0 0 0 0 10.200000000000001 0 1.2000000000000002 0 0 0 5.4 8.4 2.8000000000000003 0 2 1.8 3.2 2 3.2 0 2.2 0 2.4000000000000004 0 0 5.2 4.800000000000001 13.200000000000001 2.8000000000000003 0 0 0.2 0 0 0 0 0 0 0 0 0 0 0 0 0 2.8000000000000003 0 0 8.200000000000001 0 0 0 0 0 0 0 0 0 0 0 0 0 0 0 0 0 0 0 0 0 0.6000000000000001 0 0 0 0 0 0 0 0 0 0 0 0 0 0 0 0 0 1.6 0 0 0 0 0 0 0.6000000000000001 0.2 0 0.4 0.6000000000000001 0 4 0 0.4 0 0 0 0 0 0 0 0 0 0 0 0 0 0 0 0 0 0 0 0 0 0 4.6000000000000005 2.6 0 0 0 0 0 0 0 0 0 0 0 0 
 24.6 41.2 62.6 11.4 37.6 16.8 7.4 7.800000000000001 26.6 35 60.800000000000004 33.800000000000004 28 23 50.800000000000004 42.400000000000006 20.400000000000002 0 8.200000000000001 24 0 0 1 0 0.6000000000000001 0 0 0 0 0 0 0.2 16.400000000000002 0 0 0.2 0 0 14.600000000000001 0.4 0 0.6000000000000001 0 0 0 0 0.6000000000000001 0 0.4 0 0.6000000000000001 0 0.6000000000000001 0 0 0 0 0 0.6000000000000001 0.6000000000000001 0.4 0 0.2 0 0.4 0 0.6000000000000001 0.6000000000000001 0.2 0 0 0 0.4 1.4000000000000001 0 0.6000000000000001 0 0 0.6000000000000001 0 0 8 0.6000000000000001 0 8.4 3.4000000000000004 0 0 0 9 5 9.600000000000001 0 0 0 0 0 0.2 0 0 3.2 0 0 0 1.8 0 2 1.8 0 0 0 0 0.2 0 2.6 0.2 0 0 2.6 1.6 0 0 0 0 0.2 0 0 0 0 0 0 0 0 0 0 0.4 0 0 0 0 0.2 0 0 0 0 1.8 0 0 0 0 0 0 0 0 2 0.2 0 0 0 0 0 5.800000000000001 0 4.800000000000001 1.6 2 0 0 0 3.4000000000000004 4.800000000000001 2.4000000000000004 0 0 0 2.8000000000000003 0.4 2.4000000000000004 0 0 0 0.2 0 0 0 0 1.8 0 0 0 0 0.4 2 0.6000000000000001 1.8 0.2 0 0 5.2 0 0 0 0.2 0 0 0 0 0 0 0 0 0 0 0 0 0 0 0 0 0 0 0 0 0 0 0 0 0.2 0 0 0 0 0 0 0 0 0 0 0 0 0 1.2000000000000002 0 0 0 0.2 18.400000000000002 0 0.2 1 0.2 0.6000000000000001 2 0 0 0 0 0 0 0 0 0 1.8 0 0 0 0 0 0 0 0 0 0 0 0 0 4.4 0 0 0 0 0 0 0 0 0 0 0 0 0 
 23.8 5.4 11.200000000000001 14.8 12.200000000000001 56.2 84.80000000000001 35.2 16.2 55.400000000000006 6.2 5.4 16.400000000000002 38 49.2 12.200000000000001 83.2 8.200000000000001 0 35.6 0 0 0.6000000000000001 17 0.6000000000000001 0 0 0 0 0.4 0.6000000000000001 1 0.6000000000000001 15.4 0 0.2 0 0 0 0.4 0 0.6000000000000001 0 0.6000000000000001 0.6000000000000001 0 0.6000000000000001 0.4 0.4 0 0.6000000000000001 0 0.6000000000000001 0 0.4 0 13 0 0.6000000000000001 1.2000000000000002 7.4 0.4 0 0.8 0.8 0.6000000000000001 0.6000000000000001 0.6000000000000001 0.4 0 0.4 0 0.8 0.6000000000000001 0.8 10.8 0.2 0 0.6000000000000001 0 2 0 0 4 0.2 0 0.2 2.8000000000000003 1.2000000000000002 0 0 0 0 10.8 2 1.4000000000000001 0 0 9.8 0 0 2.8000000000000003 0 0 0 0 0 0 0 0 0 0 0 0 0 0 0 0 0 0 0 0 0 0 0 0 0 0 0 0 0 0 0 0 0 0 0 0 0 0 0 0 1 0 0 0 0 0 0 0 0 0 0 0 0.8 0 0 0 0 0 4.2 0 7.6000000000000005 0 0 0 9.4 0 3.6 0 0 0 5.2 1.6 5.2 2 0 0 9.200000000000001 27.400000000000002 0 0 0 0 0 0 0 0 0 0 0 0 0 0 0 0 0 0 2.6 0 0 0 0 0 0 0 0 0 0 0 0 0 0 0 0 0 0 0 2.8000000000000003 0 0 0 0 0 0 0 0 0 0 3.6 0 0 0 0 0 0 0 0 0 0 0 0 0 0 0 18.400000000000002 0.8 0.2 0.2 0.4 0 2.6 0.2 0 0 0 0.4 0 0 0 0 0 12.600000000000001 0 0 0 0 0 0 0 0 0 0 0 0 0 0 0 0 0 0 0 0 0 0 0 0 0 0 0 
 21.200000000000003 71.2 27.6 56 16 13.8 27.8 33.4 10.600000000000001 15 9.8 5.6000000000000005 10 59.800000000000004 33.4 50.2 25.6 24 35.6 0 0 0 1.2000000000000002 0 0.6000000000000001 0.6000000000000001 0 0 0 0 0 0.2 0.2 0 0.4 0.2 0 0.2 0 0.6000000000000001 0 0.6000000000000001 0 0 12.8 0 0.6000000000000001 0 0.4 0 1 0.6000000000000001 0.6000000000000001 0 0.2 7.800000000000001 0 0.4 0.6000000000000001 1.2000000000000002 0.4 0 10.200000000000001 0 0.6000000000000001 8.6 0.6000000000000001 0.6000000000000001 0 0 0 0.4 0.6000000000000001 1.2000000000000002 0 0.6000000000000001 0 0 0.6000000000000001 0 5.800000000000001 6.800000000000001 3.2 0 3.2 4.2 13.600000000000001 2.8000000000000003 0 0 7.4 0 2.4000000000000004 6.6000000000000005 0 2.2 11.600000000000001 0 0 17 4 0 0 0 0.2 0 0 0 0 0 0 0 0 0 0 0 0 0 0 0 0 0 0 0 2.8000000000000003 0 0 0 0 0 0 0 0 0 0 0 0 0 0 0 0 0 0 0 0 0 0 0 0 0 0 0 1.2000000000000002 0 0 0 0 0 0 0 1.6 4.2 6.2 4.4 0 0 2.6 4 4 4.6000000000000005 1.8 0 2 5 2.8000000000000003 0 0 11 0.8 13.600000000000001 0.4 0 0 0 0 0 0 0 0 0 0 0 0 0 0 0 0 0 0 0 0 0 0 0 0 7.2 0 0 0 0 0 0 0.4 0 0 0 0 0 0 0 0 0 0 0 0 0 0 0 0 0 0 0 0 0 0 0 0 0 0 0 0 0 0 0 0 0 0.4 0 0 0 0 1.8 0 0 0 0 0 0 0 0 0 0 0 0 0 0 0 0 0 0 0 0 0 0 0 7.4 0 3.6 0 0 0 0 0 0 0 0 0 0 0 0 
 0 0.4 0 15 16.2 1.2000000000000002 14.600000000000001 0.4 0 16 0 1.6 0 0 0 0.2 0 0 0 0 0 45.400000000000006 20 30.8 6.2 22 41.400000000000006 65.4 48.6 64.8 66.2 5 48.6 16.6 75.2 3.8000000000000003 24.8 49 70.8 29.200000000000003 0 0.6000000000000001 0 0 0 0 0.6000000000000001 0 0.2 0.6000000000000001 0 6.2 0 0 0.2 0 0.6000000000000001 0.4 0 0 0 0 0 0.6000000000000001 0.6000000000000001 0 0.2 0 0 0.4 0 0 0 0 0 0.4 0 0 0 0 0 0 0 1.4000000000000001 0 0 0 0 0 0 0 0 0 0 0 1.2000000000000002 2.2 0 0 0 2.2 15.8 5.2 4.2 0 0 2.2 0.8 8 2.8000000000000003 0 4 0 3.6 3.6 5.6000000000000005 3.4000000000000004 10 0 1.2000000000000002 0 0 0 0 0 0 0 0 0 0 0 0 0 0 0 0 0 0 4 1.6 1.4000000000000001 0 0 0 0 0.4 0 0.4 0 0 0 0 0 4.4 0 0 0 0 0 0 0.6000000000000001 0 0 0 0 0 0 1.2000000000000002 0.6000000000000001 0 0 0 0 0 0 0 0 0 0 0 4 6 0.2 0.2 0 0.8 3 8.6 2.2 0 3.8000000000000003 3.6 4 9.4 0 0 0 3.2 0 2.4000000000000004 0 0 0 0 0 0.4 1.6 3 0 0 0 0 0 0 0 0 0 0 0 0 0 0 0 0 0 0 0 0 2.8000000000000003 0 0 0 0 0 0 0 0 0 0 0 0 0 4.800000000000001 0 0 0 0 0 0 12.600000000000001 0 0 0 0 2.2 0 0 0 0 0 0 0.4 0 0 0 0 0 0 0 0 0 0 0 0 0 0 0 0 0 0 0 2 0 0.2 0 0 0 0 0 0 
 18 0 0 16 0.4 0 15 0 0 0.2 14.8 5.800000000000001 0.2 0.4 0 0 0 0 0 0 45.400000000000006 0 16.6 11.200000000000001 15.4 21.6 14.600000000000001 36.800000000000004 21 9 30.8 7.800000000000001 6.2 30 80.60000000000001 13.8 29.6 22.6 7 49.400000000000006 0 0.6000000000000001 0.4 0 0 0 1.4000000000000001 0 0 0 0 0.4 0 0 0.4 0 0.6000000000000001 0.4 7.2 12.4 0 0 0 1.8 0.6000000000000001 0 0 0 0 10.600000000000001 1 0.8 0 0 22 0.4 0 0 0 0 5.4 0 0 3 0 0 0 0.2 0 0 0 0 1.6 0 2.4000000000000004 2.8000000000000003 0 0 0 0 0 0 6.800000000000001 6.4 0 0 0 13.200000000000001 3.8000000000000003 5.6000000000000005 0 1 0.2 0 4 3.4000000000000004 0 7.6000000000000005 3.2 0 0 0 0 0 0 0 0 0 0 0 0 0 0 0 0 0 0 0 1.6 3 0 0 0 0 0 0 0 0 0 0 0 0 0 0 0 0 0 0 0 0 0.2 0 0 0 4.800000000000001 0.4 0 0 0 0 0 0 0 0 0 0 0 0 0 0 0 4.6000000000000005 0 2.2 3.6 0.2 0 0.2 0 0 4.4 0 4.6000000000000005 2.6 6.2 2 0 3.2 0 0.2 2.4000000000000004 0 0 0 0 0 2.2 2.4000000000000004 0 0 0 0 0 0 0 0 0 0 0 0 0 0 0.2 0 0.4 5 0 0 0 0 0 0 0 0 0 0 0 0 0 0 0 0 0 0 0 0 0 0 0 0 0 0 0 0 2.4000000000000004 0 0 0 1.2000000000000002 0.2 0.4 0 0 0 0 0 0 0 0 0 0 0 0 0 0 0 0 0 0 0 0 0 0 0 0 3.8000000000000003 0 0 0 0 
 0.6000000000000001 0.6000000000000001 0.8 0.4 0.4 6.2 0.6000000000000001 0.6000000000000001 0.6000000000000001 0.6000000000000001 0.6000000000000001 0.4 0 0.6000000000000001 0.6000000000000001 0.6000000000000001 0.6000000000000001 1 0.6000000000000001 1.2000000000000002 20 16.6 0 51.2 66.2 19.8 16.2 102.2 22.8 63 58.6 7.800000000000001 54.400000000000006 93.60000000000001 42.400000000000006 12.200000000000001 11 39.800000000000004 39.6 36.2 0 1 0 0 0 0 0.6000000000000001 0 0 0 0 0.4 0 0 0.2 0 0.6000000000000001 0.4 0 0 0 0 0 0.6000000000000001 0.6000000000000001 0 0 0 0.6000000000000001 0.4 0 0 0 7 1 0.4 1 0 0 0 0 0 0 0 3.8000000000000003 3.2 0 0 0 0 0 0 0 0 0 0 0 0 0 0 3.8000000000000003 0 11 0 4.2 2.6 1.6 4.2 3.6 3.6 10.8 0.4 0.8 0 0.4 5.4 3.8000000000000003 3 0.4 0 0 0 0 0 0 0 0 0.2 0 0 0 0 0 1.4000000000000001 0 0 0 0 5 1.4000000000000001 0 0 0 0 0 0 0 0 0 0 0 0 0 0 0 0 0 0 0 0 1.4000000000000001 0 0 2.8000000000000003 0 0 0 0 0 0 0 0 0 0 0 0 0 3.2 1 0 2.6 4 6.6000000000000005 5 0 2.6 2.8000000000000003 5.2 3.8000000000000003 8 0 3.8000000000000003 0 4 1.2000000000000002 3.6 1.4000000000000001 3 4.6000000000000005 11.4 0 0 0 0 0 0 0.8 0 3.4000000000000004 0 0 2.4000000000000004 1.8 0 0 0 2.2 0 0 0 0 0 0 0 0 0 0 0 0 0 0 0 0 0 0 0 0 0 0 0 0 0 0 0 0 0 0 0 0 0 0 0 0 0 1 0 0 0.2 0.2 0 0.8 3.6 0 0 0 0 0 0 0 0 0 0 0 0 0 0 0 0 0 0 0 0 0 0 0 0 1.6 0 0 0 
 0 0 0 0 0 0.4 0 0 0 0 0 0 0 0.6000000000000001 0 0 41.400000000000006 0 17 0 30.8 11.200000000000001 51.2 0 29.6 8.200000000000001 19.400000000000002 64.2 25.8 43.6 26 15.8 11.600000000000001 36 31.8 10.600000000000001 11 38.800000000000004 11.4 44.6 0.4 0.6000000000000001 0.6000000000000001 0 0.2 13 0.6000000000000001 0 0 0 0 0.4 0 0 0.2 0 1.8 0.4 12.4 13.4 0 0.6000000000000001 0.6000000000000001 1.6 0.6000000000000001 0 0.6000000000000001 0 0 0.4 0.6000000000000001 1 0 0 0 1 0 0 0 0 0 0 0 0 0 0 0 0 0 0 0 0 0 0 0 0 0 0 0 0 0.2 3 2 7 2.4000000000000004 0 0 1.8 0 0 2 1.8 0 0 3.2 7.2 2.6 1.4000000000000001 0 0 2.8000000000000003 0 0 0 0 0 4.2 2.2 0 0 0.2 0 1.8 1.2000000000000002 0 2 0 1.8 1 0 0 0 0 0 0 0 0 0 0 0 0 0 0 0 0 1.2000000000000002 0 0 0 0 0 0 0 0.4 1.6 1 0 0 0 0 0 0 0 0 0 0 0 0.4 0 0 0 1.6 6.4 7.6000000000000005 5.2 3.8000000000000003 0 2 0 2.4000000000000004 2.4000000000000004 3.6 1 8 0.4 5.6000000000000005 2.8000000000000003 0 2.4000000000000004 0.4 2.2 0 1.8 0 0 0 2.4000000000000004 0 2 0 0 0 0 0.8 0 0 2 0 0 8 0 0 0.4 0 0.2 0 0 0 0 0 0 0 0 0 0 0 0 0 0 0 0 0 0 0 0 0 0 0 0 0 0 0 14.4 0.4 2.8000000000000003 0.2 0 0.4 0.6000000000000001 0.4 0 2.4000000000000004 0 0 0 0 0 0 0 0 0 0 0 0 0 0 0 0 0 0 0 0 0.2 0 0 0 0 0 0 0 
 0.6000000000000001 0.6000000000000001 0.6000000000000001 0.6000000000000001 0.6000000000000001 0.6000000000000001 0.6000000000000001 0.6000000000000001 0.6000000000000001 0.6000000000000001 0.6000000000000001 0.6000000000000001 0.2 0.6000000000000001 1 0.6000000000000001 0.6000000000000001 0.6000000000000001 0.6000000000000001 0.6000000000000001 6.2 15.4 66.2 29.6 0 27.8 10.8 32 45.400000000000006 18.2 35 42.800000000000004 14.200000000000001 15.4 31.400000000000002 18.2 32.800000000000004 24.200000000000003 13.4 18.8 0 13.8 12.600000000000001 0 0 0.2 13.600000000000001 12.8 0 0 0 0.4 4.800000000000001 12.4 0 0.2 6.2 0.4 17.400000000000002 0.2 0 0 0 0.6000000000000001 0.6000000000000001 0 0.4 0 0 0.4 0 0.6000000000000001 0 0 0 0.4 0 0 0 0 0 0 0 0 0 0 0 0 0.2 0 0 0 0 0 0 0 0 0 2 0 0 0 2.6 3.6 0 4.800000000000001 0.4 0 5.2 2 0 2 0 0 0 0 0 3.2 0 0 0.8 5.6000000000000005 0 2.4000000000000004 0 0 3.6 4 6.2 2.2 4 0 1.2000000000000002 3.8000000000000003 10.4 5.6000000000000005 0.2 0 0 11.200000000000001 0 0 0 0 0 0 0.2 0 0 0 0 4.2 0 0 0.4 0 0.2 0 0 0 0 0 0 0 0 0 0 0 0 0 1.6 0.4 0 0 1.8 0 0 0 0 0 0 0 0 3.6 3.4000000000000004 4.4 0 0 0 0 4.4 2.8000000000000003 0 5.800000000000001 0 0 0 0 0 0 5 0 14.600000000000001 0 0 0 7.6000000000000005 0.4 4.2 1.8 0 0 4 0.2 4 2.2 2.8000000000000003 0 6.4 0 0.4 0.4 0 0.4 0 0 0.4 0 0 0 0.2 0 0 0 0 0 0 1.2000000000000002 0 0 0 0 0 0 0 0.4 0 0 0 0 0 0 0 0 1.8 0 0 0.6000000000000001 0 0 0.2 0 0 0 0 0 0 0 0 0 0 0 0 0 0 0 0 0 0 0 0 0 0 0 0 0.2 0 0 0 0 
 0.2 0.2 0 0 0 0 0.4 0 0 8.200000000000001 0 0 0.6000000000000001 0 0 0 0 0 0 0.6000000000000001 22 21.6 19.8 8.200000000000001 27.8 0 12 9.8 52.2 27 24.8 62 10.8 31.400000000000002 12.4 14 45.400000000000006 54.2 11.8 65.8 0 13.4 0 0 0 0 1.4000000000000001 0 0.2 0 1.2000000000000002 1.2000000000000002 4.4 0.8 1.4000000000000001 0 0.6000000000000001 0.8 0.8 25 0.4 0 0 1.4000000000000001 0.6000000000000001 0 0 0 0 0.4 0 1 1.2000000000000002 0 0 0.4 0 0 0 0 0 0 0 0 0 0.4 0 0 0 0 0 0 0 0 0 0 3.4000000000000004 0 0 0 0 0 1 8.6 10.600000000000001 3.6 0 7 2.8000000000000003 3 1.6 7.4 0 2.2 0 1.8 0.8 0 0 0 0.6000000000000001 0.2 0.6000000000000001 0 0 0 3.2 0.4 0.2 0.2 0 0.6000000000000001 7 1.8 6.2 6.4 0 0 9 12.8 0.2 0 0 0 0.4 0 1.8 0 0 0 0 0 0.4 0 0 0 1.2000000000000002 0 0 1.2000000000000002 0 0 0 0 0 0.2 0 0 0 0 1 0 0 0 0 0 0.4 0 0.2 0 0 0 0 11.4 5.4 1.8 0.2 0.2 0 5.6000000000000005 0.2 5.4 2 2.2 0 4.4 4.2 0 0 0 0.2 9.4 1.2000000000000002 0 0 0 0.2 7.6000000000000005 2 0 0 0 4.4 10.8 0.2 2.2 2.6 0 7.800000000000001 0 0 0 0 0 0 0 0 0 0 0 0 0 0 0 0 0.2 0 0 0 0.2 0 0 0 0 0 0 0 0 0 0 0 0 0 0 0.4 0 0.8 30.6 0.4 0.2 3 0.4 0 0 0 0 0 0 0 0 0 0 0 0 0 0 0 0 0 0 0 0 0 0 3 0 0 0 0 0 
 0 0 0 14.4 29.6 0 0.4 0.4 0 15.600000000000001 14.8 15 0 0 0.2 0.2 0.2 0 0 0 41.400000000000006 14.600000000000001 16.2 19.400000000000002 10.8 12 0 13.600000000000001 20 40.6 19.200000000000003 5.800000000000001 44 61.2 19.200000000000003 37.6 8.8 23.6 19.200000000000003 14.600000000000001 0 0.6000000000000001 0 0 0 0 0.6000000000000001 0 0 0 0 0.8 0 0 0.2 0 1 0.4 0 0 0 0 0 0.6000000000000001 0.6000000000000001 0 0 0 1 0.4 0 0 0 1.2000000000000002 0.6000000000000001 0.4 0 0 0 0 0 0 0 2.2 3 8.8 0 0 0.4 0 0 3.4000000000000004 0 0 0 0 0 0 0 0 4.4 4.800000000000001 0 0 1.8 0 11 1.6 1.6 0 2.2 0 6.800000000000001 2.2 3.8000000000000003 3.6 2 8 3.8000000000000003 1.6 0 5.4 0 0 0 0 0 0 0 0 0 0 0 0 1.6 0 0 0 0 0 2.4000000000000004 0 0 0 0 0 0.2 0 0 0 1.8 0 0 0.4 0.2 0 0 0.4 0 0 0 0 0 0 0 1 0 0 0.4 2.6 0 0.2 0 0 0 0 0 0 0 0 2.8000000000000003 2 4 2 0.2 0 8.200000000000001 1.6 3.6 5.6000000000000005 4.800000000000001 0 5.4 8.6 4.2 2.4000000000000004 2.8000000000000003 3.4000000000000004 4 3.2 0 0 0 0 0 0 0 0 0 0 0 0 0 0 0 0 0 0 0 0 0.2 0.2 0 0 0 0 0 0 0 0 1.6 0 0 0 0 0 0 0 0 0 0 0 1.6 0 0 0.2 0 0 0 12.8 0 0 0.2 0 1 0 0.4 0 0 0 0 0.2 0 0 0 0 0 0 0 0 0 0 0 0 0 0 0 0 0 0 0 5.800000000000001 0 0 0 0 0 0 0 0 
 0 0.2 0 0 0.6000000000000001 15.600000000000001 0 0 0 0 0 0 0.4 0.4 0.4 0 0 0 0 0 65.4 36.800000000000004 102.2 64.2 32 9.8 13.600000000000001 0 50.6 39.2 29.6 8.8 18.400000000000002 51.6 30 5.6000000000000005 84.4 43 35 48.400000000000006 0 0.6000000000000001 41 0 0 0 0.6000000000000001 5 0 0.2 41 0.4 0 0 0.4 0 0.6000000000000001 0.4 12.4 1 0 0 0 0.6000000000000001 0.6000000000000001 0 0 0 0 0.4 0 0 0 0 0 0.4 0.4 0 0 0 0 0 0 0 0 0 0 0 0 0 0 0 0 0 0 0 0 0 0 0 0 4.800000000000001 12.600000000000001 7 2 3.6 0 4.6000000000000005 5.6000000000000005 4.2 1.4000000000000001 0.2 1.6 1.2000000000000002 2.8000000000000003 0 4.4 0.4 0 0 0 0.2 0 0 2 0 0 0 0 0 0 0 0 0 0 0 0 0 2 3.8000000000000003 0.2 0 0 0.6000000000000001 0 0 0 0 0 0 0 0 0.2 0 0 0 0 0 0 0 0.8 0 0 0.6000000000000001 0 0 0 0 0 0 0 0 0 0 0 0 0.2 0.8 0.6000000000000001 0 6.6000000000000005 0 0.2 2.6 1 1.4000000000000001 1.4000000000000001 6.800000000000001 1.2000000000000002 8.6 7.4 1.4000000000000001 0 0.4 0 1.6 7.800000000000001 2.6 0 2 2.2 0 0 0 0 0 2.8000000000000003 0 0 0 0 0 1.4000000000000001 0 0.4 0 0.2 0 2.2 1.4000000000000001 0 0 0 0 0 0 0 0 0 0 0 0 0 0 0 0.4 0 0 0 0.4 0 0 0 0 0 0 0 0 0 0 0 0 0 0 1 0.8 0 0 1.8 0 0.4 3.6 0 0 0 0 0 0 0 0 0 0 0 0 0 0 0 0 0 0 0 0 0 0 0 2 0 0 0 0 
 0 0 0 0.2 0 5.6000000000000005 0.2 0 0 0 0 0 0 0 0 0 0 0 0 0 48.6 21 22.8 25.8 45.400000000000006 52.2 20 50.6 0 17 23.8 28.400000000000002 14.200000000000001 54.6 40.400000000000006 12 32.2 8.200000000000001 31.200000000000003 16.400000000000002 0 0.6000000000000001 0 0 0 0.2 4.6000000000000005 0 0 0 0 0.4 0.2 0 0.2 0 0.6000000000000001 0.4 28 16.400000000000002 0 0 0 3.2 0.6000000000000001 0 0 0 0 0.4 0 0.8 0 0 0 0.4 0 0 0 0 0 0 0.2 0 0 0 0 0 0 0 0 0 0 0 0 0 0 0.2 0 0 0.8 0 6.800000000000001 5.6000000000000005 0 4 0 2 1.8 7 3.2 5.6000000000000005 0.8 1.8 0.4 3.2 4.2 4.2 0 0 0 0 0.4 0 0 0 2 1.6 0 0.2 0 0 3.2 0 0 0 0 0 2 6.4 0 0 0 0 0 0 0.8 0 0 0 0 1.6 0 0 0 0 0.6000000000000001 0 0 4.4 1.6 0 0 2.2 0 0 0 0 0 0 0 0 0 0 0 0.2 0 3.4000000000000004 1 0 2.6 0 4 2.2 11.200000000000001 0.2 2.8000000000000003 0.2 5.800000000000001 0 2.8000000000000003 2 0 0 0 8.6 4.800000000000001 0 0 8 3.4000000000000004 0 2.4000000000000004 0 0.4 0 2.6 0 0 0 0 0 0 2 0 0 0 0 3.2 1.4000000000000001 0 0 0 0 0 0 0 0 0 0 0 0 0 0 0 0 0 0 0 0 0 0 0 0 0 0 0 0 0 0 0 0 0 0 0.4 0 0 0.6000000000000001 15 0 0.2 0 0 0 0 0 0 0 0 0 0 0 0 0 0 0 0 0 0 3 0 0 0 0 0 2.2 0 0 0 0 
 0 0 0 0 14.600000000000001 5.4 0 0 0 0 0 0 0 0.2 0 0 0 0 0.4 0 64.8 9 63 43.6 18.2 27 40.6 39.2 17 0 17 26.8 9.8 118 56.6 24.400000000000002 27.400000000000002 24.8 44 24.6 0 1.2000000000000002 0.2 0.2 0 0 1.8 0.6000000000000001 1 0 0.8 0.4 0.8 0 0.4 0 2.4000000000000004 1 0.6000000000000001 13 0.6000000000000001 0 0 0.6000000000000001 0.6000000000000001 0.6000000000000001 0 0.2 0 0.4 10 0.6000000000000001 0 0.2 0.4 0.8 1.8 0 0 0.4 0 0 0 0 0 0 0 0 0.4 0 0.4 0 0 0 0 0 0 0 0 0 0.4 4.6000000000000005 4.4 0 0 0 4.6000000000000005 2 3 3.2 2.6 1.8 0.8 0 0.4 4.800000000000001 1.2000000000000002 2.6 0 0.2 0 0.8 0 0 0 0 1.2000000000000002 4 0 0 0 0 0 1.4000000000000001 0 0 0 0 2.2 0 0.8 0 0 0 0 0 0 0 0 0 0 0 0 0 0 0 0 0 0 0 1.4000000000000001 0 0 2.8000000000000003 0 0 0 0 0 0 0 0 0 0 0 0 0 3.2 1 0 8 0 3.8000000000000003 5.4 0 2.2 3 8.200000000000001 3.8000000000000003 1.6 0.2 1.2000000000000002 0 8.4 0 1.6 0 2.4000000000000004 0.2 13 0 0.2 1.6 0 0 0.4 3 0 0.8 0 0.2 0 0 0 0 0 0.6000000000000001 0 0 0 0 0 1.4000000000000001 0 0 0 0 0 0 0 0 0 0 0 0 0 0 0 0 0 0 0 0 0 0 0 0 0 0 0 0 0 0 0 2.6 0 0 0.4 0.2 0 0 0.2 0 0 0 0 0 0 0 0 0 0 0 0 0 0 0 0 0 0 2 0 0 0 0 0 2.4000000000000004 0 0 0 
