 0 61.6 71.4 10.4 9 20.8 57.400000000000006 61.6 49.400000000000006 17 13 7.4 19.400000000000002 36.2 9.4 41.2 17.6 6.6000000000000005 37.2 53 0 0 0 0 0 0.6000000000000001 0 0 0 0 0 0.2 0.6000000000000001 0.4 0.6000000000000001 0 0 0.2 0 0 0 1.4000000000000001 0.6000000000000001 0 0 0 0.4 0.6000000000000001 0 0 0 0 0 0 0.6000000000000001 0 2.6 0.2 0.6000000000000001 0 0 0 0 0.2 0 0 0 0.2 0 0 0.4 0 6 0 1 0 0 0 0 0 2.2 3 2.6 0 2.8000000000000003 0 11.600000000000001 0 4.2 9.200000000000001 4 5.6000000000000005 0 10.200000000000001 2.6 10.4 2 2.8000000000000003 4.800000000000001 2.2 0 0 0 0 0 0 0 0 0 0 0 0 0 1.4000000000000001 0 0 0 0 4.4 0 0 0 0 0 0 0 0 0 0 0 0 0.2 0 0 0 0 0 0 0 0.2 0 0 0 0 0 0 0 0 0 0 0 2 0 0 0 0 0 0 0 0 3.8000000000000003 1.8 4.2 4.4 2.8000000000000003 0 1.8 0 0 0 0 0 3.4000000000000004 6.800000000000001 8.200000000000001 1.8 2.6 1.8 2.2 2 0 0 0 0 0 0 0 0 0 0 0 0 0 0 0 0 0 0 0 3.2 0.6000000000000001 0 0 0 0 0 0 0 0 0 0 0 0 0 0.2 0 0 0 0 0 0 0 0 0 0 0 0 0.2 0 0 0 0 0 0 0 0 0 0 0 0 0 0 0 0 0 0 10.200000000000001 0 0 1.6 0 1 0 0 0 0 0 0 0 0 0 0 0 0 0 0 0 0 0 0 0 0 0 0 0 0 4 0 0 0 0 0 0 0 0 0 0 0 0 0 
 61.6 0 64.8 38.2 60 4 16.8 45.400000000000006 31 69 24.400000000000002 7 13.4 60.6 16.400000000000002 57.800000000000004 36.2 68.2 129.6 44.6 0 0 0.2 0 0 1.6 0 0 0 0.6000000000000001 0 0 0.8 0.6000000000000001 0.6000000000000001 0.4 0.6000000000000001 0.8 0 0 0.2 0 1.2000000000000002 0.6000000000000001 0.6000000000000001 0 1 0.6000000000000001 0 0.4 0 13 0.4 0 0.6000000000000001 0 0 0 0.4 0 0.2 0 0.4 1 0 0.4 8 0.6000000000000001 0.8 0 0.4 0 0.6000000000000001 0.2 0.6000000000000001 0.2 0 0 0 0 2 0 3 0 2.8000000000000003 0 4 3 2.2 5 7.6000000000000005 5.4 2.4000000000000004 0 2 5.2 3.2 1.2000000000000002 0 0 0 0 0 0 0 0 0 0 0 0 0 0 0 4.2 0 0 0 0 3.8000000000000003 2 0 0 0 0 0 0 0 0 0 0 0.4 0 0 0 0 0 0 0 0 0 0 0 0 0 0 0 0 0 0 0 0 0 0.4 0 0 0 3.2 0 0 0 3.2 3.8000000000000003 4.4 2.8000000000000003 0 0 1.4000000000000001 0 6.2 7.4 2.8000000000000003 5.4 6.800000000000001 0 1.6 1.8 5 0.2 1.6 2.8000000000000003 0 0 0.2 0 0 0 2.8000000000000003 0 0 0 0 0 1.8 0 0 0 0 0 0.2 0 0 0 0 0 0 0 0 0 0 0 0 0 0 0 0 0 0 0 2.4000000000000004 0 0 0 0 0 0 0 0 0 0 0 0.2 0 0 0 0 0 0 0 0 0 0 0 0 0 0 0 8.8 0.4 0.2 0.4 0 1.6 0 0 0 0 0.2 0 0 0 0 0 12.8 0 0.4 0 0 0 0 0 0 0 0 0 0 0 0 2.6 0 0 0 0 0 0 0 0 0 0 0 0 
 71.4 64.8 0 18.8 52.800000000000004 46.400000000000006 33.6 46.800000000000004 16.6 91 30.8 26.8 13 60.6 13.4 13 25.6 7.800000000000001 42 25.6 15.200000000000001 0 0 0 1.4000000000000001 0.6000000000000001 12.200000000000001 0 0 0 0 0 0.6000000000000001 14.8 0.6000000000000001 7.6000000000000005 0 0.2 4.800000000000001 15.200000000000001 0 0 0.6000000000000001 0 0.8 0 0.4 0.6000000000000001 0 0 0 0 0 2 0.6000000000000001 0 0 0 0.6000000000000001 0 0 0 0 0 0 0 6.4 0 0 0 0.6000000000000001 0 0 0 0 0 0 0 0 0 0.4 2 8.4 8.4 2.2 0 2.2 0.6000000000000001 6.4 2.4000000000000004 2.8000000000000003 1.8 1.6 5.6000000000000005 0.2 11 0.4 7.800000000000001 0 0 0 4 0 0 0 0 0 0.6000000000000001 0.4 0.4 0 0 0 6.800000000000001 0 4.2 0 0.2 2.6 2 0 0 0 0 0 0 0 0 0 0 0 0 0 0 0 0 0 0 0 0 0 0 0 0 0 0 0 0 0 0 1 0.4 0 0 0 0 0.2 0 0 0 0 4.4 7.4 0 0.4 6 0.2 3.6 8.8 4.6000000000000005 1.8 3.2 2.8000000000000003 2.4000000000000004 0 5.2 0 3.2 0 1.8 0 0 0 0 0 0 0 0 1.2000000000000002 0 0 0 4 2.8000000000000003 5.800000000000001 0 0 0 0 6.4 0 0 0 0 0 0 0.2 0 0 0 0 0 0 0 0 0 0 0 0 0 0 0 0 0 0.2 0 0 0 0 0 0 0 0 0 0 0 0 0 0 0 0 0 0 0 0 0 0 0.4 0 37.800000000000004 0.2 1.2000000000000002 0 0 0 0 0 0 0 0 0 0 3.6 0 0 0 0 0 0 0 0 0 0 0 0 2.6 9.4 0 0 0 0 0 0 0 0 0.2 0 0 0 0 
 10.4 38.2 18.8 0 59.2 21 62.400000000000006 79.2 73.8 40.2 50 80.80000000000001 11.8 47.2 26 30.6 35.2 27.400000000000002 12.8 14 0 0 0 0 0.4 0.8 1.8 0 0.2 0 0 0 17 0 0.8 0 0 0 0.2 18 0 0 0.6000000000000001 0 0 0 0.4 0.6000000000000001 0 0 0 0 0.4 0 0.6000000000000001 0 0 0 0.4 0 0 0 0 1 0 0 0 0.6000000000000001 0 0 0.4 0 0 0 0 0 0 0 0 0 2.2 0 1.6 4.800000000000001 8.8 0 2.6 4 0 3 4.2 4.2 0 0.2 2.2 2.4000000000000004 0 2.4000000000000004 0 0 0 0 0 0 0 0 0 2.4000000000000004 0 0 0 0.4 0.2 0 4 0 3.4000000000000004 0 0.2 1.6 0.4 0 0.4 0 0 0 0.4 0 0 0 0 0 0 0 0 0 0 0 0.4 0 0 0 0 0 0 0 0 0 0 0 0 0 0 2 0 0 1.4000000000000001 0 0 0 2.8000000000000003 2.2 1.2000000000000002 0 0 3.4000000000000004 0.2 0 7.4 2.4000000000000004 5 7.4 2.6 0.2 2.8000000000000003 0.2 4.2 0 1.6 0 2.8000000000000003 2 0 0 0 0 0 0.6000000000000001 0 0 0 0 15 0 2.6 0 0 0 3 0 0 0 0 0 0 0 0 0 0 0 0 0 0 0 0 0 2.6 0 0 0 0 0 0 0 0 0 0 0 0 0 0 0 0.4 0 0 0 0 0 0 0 0 2.2 0 0 0 0.6000000000000001 1.4000000000000001 0 0 0.2 0.4 0.4 0 0 0.4 0 0 0 0 0 0.2 0 0 0 0 0 0 0 0 0 0 0 0 0 0 0 0 4.800000000000001 0 0 0 0 0 0 0 0 0 0 0 0 
 9 60 52.800000000000004 59.2 0 30.400000000000002 5.800000000000001 13.8 74 37 66.8 35 20.8 76.4 38 28.200000000000003 70.2 34.4 13.200000000000001 17.8 0 0 0 0 0 0.6000000000000001 0 0 0 0 0 0.4 15 4.800000000000001 5 16.6 0 0.4 0 0 0 0 0 0 0 0.6000000000000001 0 0 0 0 0 0 0 0 0.4 0 0.2 0 0 0 0 0 0 0 0.2 0 0.4 0 0.6000000000000001 0 0 0 0 0 0 0 0.8 0.6000000000000001 0.4 0 3 0 2.8000000000000003 0.2 0 5.4 0 3 0.4 1.4000000000000001 0 8 0 0.2 3.4000000000000004 0.2 1.8 5.6000000000000005 0 0 0 0 0 0 0 0 0.2 2.4000000000000004 0 0 0 0 0.6000000000000001 0 6.4 1 1.2000000000000002 0.4 3.8000000000000003 5.2 0 0 0 0 0 0 0 0 0 0 0 0 0 0 0 0 0 0 0 0.2 0 0 0 0 0 0 8.200000000000001 0 0 4 0 0 0 0 0 0 2 0 0 0 0 0 8 0 2.2 3.6 0 0.8 7.800000000000001 5 4.2 6.4 0 3.4000000000000004 2 2.2 3 0.4 2.4000000000000004 0 2.8000000000000003 0 0 0 0 0 0 0 4.800000000000001 0 0 0 9.600000000000001 5 0 2.4000000000000004 1.2000000000000002 0 14.8 8 0 0 0 0 0 0 0 0 0.2 0 0 0 0 0 0 0 0 0 0 0 0 0 0 0 0 0 0 0 0 0 0 0 0 0 0 0 0 0 0 0 0 0.2 0 0 0 17.8 18 0.2 0.4 2 0.4 0.6000000000000001 3 0 0 0 0 0 0 0 0 0 0 0 0 0 0 0 0 0 0 0 0 0 0 2.6 0 0.2 0 0 0 0 0 0 0 0 0 0 0 0 
 20.8 4 46.400000000000006 21 30.400000000000002 0 4.800000000000001 7.6000000000000005 8.200000000000001 9.4 22.8 12.200000000000001 3.8000000000000003 49.2 10.200000000000001 10.200000000000001 16 8.4 6.800000000000001 36.6 19.6 0 0 0 0.2 0.6000000000000001 0.2 3.2 32.4 8.200000000000001 0 0.4 15.200000000000001 47 15.8 16.400000000000002 35.6 0.4 23.400000000000002 3.6 0 0 1.2000000000000002 0 0 0.2 0.4 0.6000000000000001 1 0 0 0 0 0 0.6000000000000001 0 0 0 0.6000000000000001 0 0 1.6 0 0 0 0 0 0 0 0 0.6000000000000001 0 0 1 0 0.4 0 0 0 0 0 0 0 3.8000000000000003 7.4 6.2 0 0 0 0 0 0 0 0 0 0 0 0 0 0 2.4000000000000004 2 14 2.6 1.4000000000000001 0 5.4 4.2 2.2 2 2.8000000000000003 0 6.4 0 10.200000000000001 12.600000000000001 0.4 1.8 4.2 5.4 0 0 0 0 0 0 0 0 0 0 0 0 0 0 0 0 0 4 0 0 0 0 0 0 0 0 0 0 0 0 0 0 0 0 0 0 0 0 0 0.6000000000000001 0 1.2000000000000002 0.4 0 0 2.4000000000000004 0 0 0 0 0 0 0 0 0 0 0 0 0 0 8 2.6 4 0 0 0 2.8000000000000003 6.4 6.4 3.4000000000000004 0 2.8000000000000003 1.4000000000000001 3.6 14.4 0 11.8 0 0 4.2 0 0 0 0 0 0 0 0 0 0 0 0 0 0 0 0 0 0 0 0 0 0 0 0 0 0 0 0 0 0 0 0 0 0 0 0 2.4000000000000004 0 0 0 0 0 3.4000000000000004 0 0 0.2 0.8 0 0 17.6 0.4 0.8 0 0.4 0 0 0 14.4 0 0.6000000000000001 0 2.8000000000000003 0 0 0 0 3.4000000000000004 0 0 0 0 0 0 0 0 0 0 0 0 0 0 2.6 0 0 0 0 0 0 0 0 
 57.400000000000006 16.8 33.6 62.400000000000006 5.800000000000001 4.800000000000001 0 76.2 46.400000000000006 23.6 13.4 48.2 36.6 32.800000000000004 41.2 30.400000000000002 13.200000000000001 120.60000000000001 53 25 0 0.2 0.6000000000000001 0 0 1.4000000000000001 0.6000000000000001 0.4 0.2 0 0 0 0.6000000000000001 0.2 0.6000000000000001 0 0.4 0.2 0.6000000000000001 0 0 0 1 0 0 0 0.4 0.6000000000000001 0 0.4 0.6000000000000001 0 0.4 7.800000000000001 0.6000000000000001 0.6000000000000001 0.6000000000000001 0.4 0.6000000000000001 0 0 0 0 1.2000000000000002 0 0 0 0 0 0 0.4 0.4 0.4 0 0 0 0.6000000000000001 0 0 11 5 9.4 5.2 3.2 0 7.800000000000001 3.8000000000000003 7.4 6.4 11.200000000000001 2.4000000000000004 0 8 2.8000000000000003 4.6000000000000005 2 4.800000000000001 0 2.4000000000000004 1.2000000000000002 0 0 0 0 0 0.2 0 0 0 0 0 0 0 0.2 0 0 0 0 18.2 0 0 0.2 0 0 0 0 0 0 0 0 0 0 0.4 0 0.4 0 0 0 0 0 0 0 0 0 0.4 0 0.4 0 0 0 0 0 0 0 0 0 0 0.4 0 0 5.2 0 0 0.4 8.6 3.2 4.4 8.200000000000001 0 8.200000000000001 6.4 0.2 5.800000000000001 0.2 0 0 0.2 8.8 1.8 0 0 0 0 0 0 0 0 0 0 0 0 0 0 0 0 0 0 0 0.2 0.4 0 0 0 0 0 0 0 0.4 0 0 0 0 0 0 0 0 0 0 0 0 0 0 0 0 0 0 3.8000000000000003 0.2 3.6 0 0 0 0 0 0 0 0 0 0 0.4 0 0 0 0 0.4 0 0.2 0.4 0 0.4 2 0.2 0 0 0 0.4 0 0 0 0 0 0 3.6 0 0 0 0 0 0 0 0 0 0 0.4 0 0 0 0 0 0 0 0 0 0 0 0 0 0 0 0 
 61.6 45.400000000000006 46.800000000000004 79.2 13.8 7.6000000000000005 76.2 0 58.6 43.800000000000004 55.6 50.400000000000006 32.4 102.80000000000001 54.6 45.800000000000004 56.800000000000004 48.6 186.8 39.400000000000006 0 14 0 0 0 0.6000000000000001 14.8 0.4 0.4 0 0.4 0 0.6000000000000001 0.2 1 0 1.6 0.2 0 0 0 0 0.6000000000000001 0 1.4000000000000001 0 0.4 0.6000000000000001 0 0 0 0 0 1 0.6000000000000001 0 0 0 0.4 0 0 0 0 1 0 0 0 0.6000000000000001 0 0 0.4 0 0 0 0 0 0 0 8.4 9.600000000000001 7.4 11.8 4.2 2 3.2 0 6.2 0.4 0 9.200000000000001 3.8000000000000003 0.2 19.200000000000003 4.800000000000001 3.2 1.8 0.6000000000000001 4.2 0 0 0 0 0 0 0 0 0 0 0 0 0 0 0 0.2 0 0 0 0 0 0 0 0 0 0 0.4 0 0 0 0 0 0 0 0 0 0 0 0 0 0 0 0 0.2 0 0 0 0 0 0 0 0 0.2 0.4 0 0 0 0 0 0 0 0 2.2 4.6000000000000005 6.800000000000001 3.8000000000000003 14.4 0 4.2 5.6000000000000005 0.4 7.800000000000001 4.6000000000000005 8.8 2 5.6000000000000005 0.2 0 0 7.800000000000001 3.8000000000000003 2.8000000000000003 0 0 0 0 0 0 0 0 0 0 0 0 0 0 0 0 0 0 0 0 0 0 0 0 0 0 0 0 0 0 0.4 0 0 0 0 0 0 0 0 0 0 0 0 0 0 0 0 0 0 0 0 0 0 0 0 0 0 0 0 0 0 0 0 0 0 0 11.8 0 0 0 0.2 5.800000000000001 0 0 0 0 0 0 0 0 0 0 6 0 0 0 0 0 0 0 0 0 0 0 0 0 0 0 0 0 0 0 0 0 0 0 0 0 0 0 
 49.400000000000006 31 16.6 73.8 74 8.200000000000001 46.400000000000006 58.6 0 61 23.6 13.4 34.2 41.6 36.2 13.600000000000001 25.400000000000002 65 25.200000000000003 32.2 0.6000000000000001 0.6000000000000001 0 0.4 1.2000000000000002 1.2000000000000002 12.8 0.4 0 1 0 0.6000000000000001 0.4 2 0.6000000000000001 0.6000000000000001 0 0.4 0 16.400000000000002 0.8 0.6000000000000001 0.6000000000000001 12.8 0 1 1 0.6000000000000001 0 0 0 0 0.8 0 0.6000000000000001 0.6000000000000001 0.4 0.4 0.8 0 0 1.2000000000000002 0 1 0 0.6000000000000001 0.4 0.4 0.4 10.600000000000001 1.4000000000000001 0.4 0.4 1 0.4 0.2 0.2 1 0 0 0.4 9.8 9.8 1.8 0 0 3.4000000000000004 2.8000000000000003 2.8000000000000003 3 2.4000000000000004 2.4000000000000004 2.4000000000000004 0 3.6 0 3.8000000000000003 4 0 0 0 4 0 0 0 0 0 0.2 0 0 0 0 0 0 0 3.4000000000000004 2.6 0 0.2 0 0 0 0 0 0 0 0 0 0 0 0 0.2 0 0 0 0 0 0 0 0.2 0 7.4 0 0 0 0 0 0 0 0 1.2000000000000002 0 0 0 0 0 0 0 0 0 2.2 0 0 2.4000000000000004 3.4000000000000004 3.8000000000000003 2.8000000000000003 1.4000000000000001 1.6 4 3.8000000000000003 3.2 2 0 0 2.2 0 3.6 3.8000000000000003 0 0 0 0 0 0.8 0 0 0 1 3.4000000000000004 0 0 4 2.8000000000000003 0 0 0 0 0 3.8000000000000003 0 0 0 0.4 0 0 0 0 0 0 0 0 0 0 0 0 0 0 0 0 0 0 0 0 0 0 0 0.2 3.4000000000000004 0 0 0 0 0 0 0 0 0 2.4000000000000004 0 0 1.4000000000000001 0 0 0 0 0.4 0 0 0 1.8 0.4 0 0 0.4 0 0 0 0 0 0 0 0 0 0 0 0.2 0 0 0 0 0 0 0 0 5.800000000000001 0 0 0 0 0 0 0 2.2 0 0 0 0 0 0 
 17 69 91 40.2 37 9.4 23.6 43.800000000000004 61 0 55 15 10.600000000000001 35.6 42.2 20.8 28.200000000000003 9.8 37.2 12 0.6000000000000001 1 0 0 0.6000000000000001 0.6000000000000001 0.4 0 0.2 1.2000000000000002 0.2 0.6000000000000001 0.4 0.6000000000000001 1 0.2 0.2 0.2 14.8 0 0.4 1.4000000000000001 0.6000000000000001 0 0.2 0 1 0.6000000000000001 0 0 0 0 0 0.4 0.6000000000000001 0.6000000000000001 0.4 0.6000000000000001 0.8 0 0 0 0 0.6000000000000001 0 0 0 0 0.6000000000000001 0.6000000000000001 1.2000000000000002 0.6000000000000001 0 0 0 0 1.2000000000000002 0.2 0 0 2 2.6 2.4000000000000004 0.4 6.6000000000000005 3.6 2.8000000000000003 4 8.200000000000001 12 9.600000000000001 6.2 0 4.2 2 5.800000000000001 3.6 3.8000000000000003 0 0 0 0 0 0 0 0 0 0 0 0.2 0 1.6 0 8.200000000000001 0 0 0 0 4 2.2 0 0 0 0 0.2 0 0 0 0 0 0 0 0 1.8 0 0 0 0 0 0 0 0 0 0 0 0 0 0 0 0 0.4 0 0 0 0 0 0.4 0 0 0 0 0 2 5.2 4.2 4 0 0 3.2 3 5 0 0.2 1.2000000000000002 0.2 0 1.2000000000000002 11.4 0 2.2 0 0 0 0 0 0 0.2 2 0 0 0.2 0 0 0 0 0 0 0 4.6000000000000005 0 0 0 0 0 0 0 0 0 0 0 0.2 0 0 0 0 0 0 1.8 0 0 0 0 0 0 0 0 0 0 0 0 0 0 0 0 0 0 0 0 0 0 0 0.4 0 0 0 0 5.2 0 0.6000000000000001 0.6000000000000001 0 2.4000000000000004 2.6 0 0 0 0 0 0 0 0 0 0 0 0 0 0 0 0 0 0 0.2 0 0 2 0 0 0 0 0 0 0 0 0 0 0 0 0 0 0 
 13 24.400000000000002 30.8 50 66.8 22.8 13.4 55.6 23.6 55 0 58.6 5 74.60000000000001 56.400000000000006 14 16.8 61.400000000000006 6.6000000000000005 53.800000000000004 0 0 0.6000000000000001 0 0 1.2000000000000002 0 0 0 0 0 0 0.6000000000000001 0 0.6000000000000001 0.2 0 0.4 0.6000000000000001 5.6000000000000005 0 0 1 0.4 0 0 0.4 0.6000000000000001 0 0.4 0.4 0 0 1.2000000000000002 1.2000000000000002 0.6000000000000001 0.6000000000000001 0.4 0.4 0 0 0 0 0.2 0 0 0 0.8 0 0 0.4 0.4 0.4 0.4 0 0 0 0 0 0.6000000000000001 0 0 8.200000000000001 8.4 5.6000000000000005 2.4000000000000004 0 2.4000000000000004 4.6000000000000005 3.8000000000000003 3.2 11.600000000000001 0 0 3.4000000000000004 1.8 3.6 2.4000000000000004 0 0 0 0 0 0 0 0 0 0.2 0 0 0 0 0 0 0.2 0 0.4 0 4.6000000000000005 0 0 0 0 0 0 0 0 0 3.8000000000000003 0 0 0.2 0 0 0 0 0 0 0 0 0 0 0 0 0 0 0 0 0 0 0 0 0 0 0 0 0 0 0 0 0 0 3.4000000000000004 0 0 3.8000000000000003 0 0 12.4 2.4000000000000004 3.4000000000000004 8.4 2.2 0.2 0 2.2 0.2 3.6 0 0.4 5 0.6000000000000001 0 0 0 0 0 2.8000000000000003 0 0 0 0 10 3.4000000000000004 3.4000000000000004 0 0 0 7.4 5.2 0 0 0 0 0 0 0 0 0 0 0 0 0 0 0.2 0 0 0 0 0 0 0 0 0 0 0 3.6 0.2 0 3 0 0 0 0 0 0 0 0 0 2.6 0 0.2 0 0 0 0.2 17.8 0 0.2 10.600000000000001 0.2 0.2 2 0 0 0.2 0 0 0 0 0 0 0 0 0 0 0 0 0 4.4 0 0 0 0 0 4 0 2.8000000000000003 0 0 0 0 0 0 0 0 0 0 0 0 
 7.4 7 26.8 80.80000000000001 35 12.200000000000001 48.2 50.400000000000006 13.4 15 58.6 0 14.200000000000001 8.4 26.200000000000003 7 20.200000000000003 59 7.4 8 14.600000000000001 0 0.2 0 0 0.6000000000000001 0 0 0.6000000000000001 0 0 5.4 0.6000000000000001 15.8 0.6000000000000001 0.2 0 0 15 7.2 0 0 0.6000000000000001 0 0 0 0.4 0.6000000000000001 0 0 0 0 0 0 0.6000000000000001 0 0 0 0.6000000000000001 0 0 0 0 0 0 0 0 0.2 0 0 0.4 0 0 0 0 9 0 0 0 0 0 0 1.8 5.4 6.4 0.2 0 0 0 2.8000000000000003 2.2 8.8 0 0 2 0 0.2 3.8000000000000003 0 0 0 0.6000000000000001 5 0 0 0 1.8 3.6 0 0 3 0 0 4.2 0.2 2.2 7.2 2.6 1.4000000000000001 1.4000000000000001 0 0 0 0 0 0 0 0 0 0 0 0 0 0 0.2 0 0 0 0 0 0 0 0 0 0 0 0 0 0 0 0.8 0 0 0 0 0 0 0 0 0 0 0 2 0 0.4 4 0 0 6.6000000000000005 0.2 0 4.6000000000000005 0 0 0 0 0 2 0.4 0 2.6 3.4000000000000004 0 0 0 0 3 4.800000000000001 4.4 0.2 0 0 1.8 0 4.800000000000001 0.2 3.4000000000000004 0 4.4 1 0 0 0 0 0 0 0.2 0 0 0 0 0 0 0 0 0 0 0 0 0 0 0 0 0 0 0 0.2 0 0.2 0 0 0 0 0 0.2 0 0 0 0 0 0 2.2 0 0 0 0.8 0.4 0 0.4 0.8 0.8 0 2.6 0 0 0 0 0 0 0 0 0 0 0 0 0 0 0 0 0 0 0 0 0 0 0 3 0 0 0 0 0 0 0 0 0 0 0 0 0 
 19.400000000000002 13.4 13 11.8 20.8 3.8000000000000003 36.6 32.4 34.2 10.600000000000001 5 14.200000000000001 0 59 9.600000000000001 69.4 7.4 14.8 74 100.80000000000001 0 14.600000000000001 0 0 0.2 8.8 0.2 0 0 0 0 0 0.6000000000000001 0 41.2 0.4 0 1.2000000000000002 0 0 0 0 0.6000000000000001 0 0 0 0.4 0.6000000000000001 0 0 0 0 0 0 0.6000000000000001 0 12.600000000000001 0 0.4 0 0 0 0 0 0 0 0 0.4 0.8 0 0.4 0 0 0 3.8000000000000003 0 0 0 0 0 2 2.8000000000000003 0 0 7.4 0 4.800000000000001 1.2000000000000002 0.4 3.2 0.2 6.6000000000000005 0 2.2 3 9 1.8 0 4.2 4.800000000000001 0 0 0 0 0 0 0 0 0 0 0.4 0 0 0 0 0 0 0 0 0.4 0 0 0 0 0 0 0 0 0 0 0 0 3.2 0 0 0 0 0 0 0 0 0.2 0 0 0 0 0 0 6.6000000000000005 0 0 1.8 0 0 0 0 0 0.4 0 0 3.4000000000000004 0 0 2.2 3.8000000000000003 0 3.4000000000000004 0 0 3 0 0 5.6000000000000005 0.8 3.8000000000000003 1.4000000000000001 3.4000000000000004 2.2 3 9.200000000000001 0 0 0 0 0 0 0 0 0 0 0.2 0 0 0 0 0 0 0 1.8 0.8 0 0 0 0 0 0 2.6 0 0 0 0 0 0 0 0 0 0 0 0 0 0 0 0 0 0 0 0 0 0 0 0.2 0 0 0 0 0 0 0 0 0 0 0 0 0 0 0.2 1.6 0 0.4 0.2 0 0.2 0 0 0 0 0 0 0 0 0 0 0 0 0 0 0 0 0 0 0 0 0 0 0 0 0 0 0 0 0 0 0 0 0 0 0 0 0 0 
 36.2 60.6 60.6 47.2 76.4 49.2 32.800000000000004 102.80000000000001 41.6 35.6 74.60000000000001 8.4 59 0 36.800000000000004 41.800000000000004 22.400000000000002 24.400000000000002 26 60 0 0 0 0 0 0.6000000000000001 0 0 0.4 8 0 0 0 0 40.800000000000004 0.2 0 0 7.4 0.2 0 0.2 0 0 0 0.6000000000000001 0 0 0 0 0 0 0 0 0.4 0 0 0 0 0 0 0 0 0.8 0.2 0 0.4 0 0 0 0 0 0 0 0 12.200000000000001 0 0.6000000000000001 0.4 0 1.2000000000000002 9 9 0 2.6 0.6000000000000001 10.200000000000001 4.800000000000001 2.6 7.800000000000001 5.6000000000000005 2.6 0 0 7.6000000000000005 1.8 2.8000000000000003 4.2 2 0 0 0 0 0 0 0 0 0.2 0 0 0 0 0 0 0 0 0 0 3.6 0 0 0 0 0 0 0.8 0 0 0 0 0 0 0 0 0 0 0 0 0 0 0 0 0 0 0 0 0 0 0 0 0 2.8000000000000003 0 0 0 0.2 1.4000000000000001 0 0 0 6.4 0.4 8 0.2 4.4 0 9.600000000000001 2 3 8.6 12 3 13.200000000000001 4 5.2 0 2.8000000000000003 3.6 2.8000000000000003 0.4 0 0 0 0 0 0 0 0 0 0 0 0 0 0 0 0 0 0 0.2 10.8 0 0 0 0 0 0 0 0 0 0 0 0 0 0 0 0 0 0 0 0 0 0 0 0 0 0 0 0 0 0 2.8000000000000003 1.2000000000000002 0 0 0 0 0 1.8 0 0 0 0 0 0 0 0 0.2 0 0.8 18.400000000000002 2.4000000000000004 0 0 5 0 0 0 0 0 0 0 0 0 0 0 0 0 0 0 0 0 0 0 0 6.4 0 0 4.2 0 0 0 0 0 0 0 0 0 0 0 0 
 9.4 16.400000000000002 13.4 26 38 10.200000000000001 41.2 54.6 36.2 42.2 56.400000000000006 26.200000000000003 9.600000000000001 36.800000000000004 0 35.800000000000004 5.800000000000001 10.200000000000001 59.2 65.60000000000001 0.2 0.2 0 0.4 0 0.6000000000000001 0 0.4 0 0 0 0 0.6000000000000001 0 0.6000000000000001 0.4 0.6000000000000001 0 0 0 0 0 0.6000000000000001 0 0 0 0.4 0.6000000000000001 0 0 0 0 0 0 0.6000000000000001 11.8 0 0 0.6000000000000001 0 0 0.6000000000000001 0 0 0 0 0 0.6000000000000001 0 0 0.4 0 0 0 0 0 0 0 0 0 0 0 0 0 0.4 5.2 0 2 0 2.8000000000000003 5.4 3.8000000000000003 0 0 2.2 0 12 0 2.2 0 0.4 0 0 0 0 0 0 0 0 0 0 0 0 2.8000000000000003 0 0 0 0 0.2 0 0 0 0 0 0 0 0 0 0.2 0 0 0 0 0 0 0 0 0 0 0 1 0 0 0 0 0 0 0 0 0 0 0 0 0 0 0 0 0.8 0.2 0 0 7.4 0 7.4 1.6 0.6000000000000001 3 1.6 0 3 0 0 0 0 0 2.4000000000000004 0 3.2 3.4000000000000004 0 0 0 0.2 0 0 0 0 0 0 0 0 0 2.4000000000000004 0 0 0 0.2 2.8000000000000003 2.4000000000000004 0 0 0 0 0 0 0 0 0 0 0 0 0 0 0 0 0 0 0 0.2 0 0.4 0 0 0 0.4 0 0 0 0 0 0 0 0 0 0 0 0 0 0 0 0 0 0 0 0 0.4 10 0.2 0.6000000000000001 0 12 0.8 0 0.4 0 0 0 0 0 0 0 0 0 0 0 0 0 0 0 0 0 0 0 0 0 0 0 0 0 0 0 0 0 0 0 0 0 0 0 0 
 41.2 57.800000000000004 13 30.6 28.200000000000003 10.200000000000001 30.400000000000002 45.800000000000004 13.600000000000001 20.8 14 7 69.4 41.800000000000004 35.800000000000004 0 25.200000000000003 26.400000000000002 46.400000000000006 15.4 15 0 0 0 0 0.6000000000000001 0 0.2 0.4 0 0.4 0 4.800000000000001 0 0.6000000000000001 0 0 0 0 0 0 0 0.6000000000000001 0 2.8000000000000003 0 0.4 0.6000000000000001 0 0 0 0 0 0 0.6000000000000001 0.8 0 0 0.6000000000000001 0 0 0 0 0 0 0 0 0 0 0 0.4 0 0 0 0 0 0 0 0 0 0.2 10 2.8000000000000003 2.4000000000000004 0 1.6 3.8000000000000003 3.8000000000000003 2.4000000000000004 2.4000000000000004 0 0 1.8 5.4 2.6 0 2 9.8 2.8000000000000003 0 0 0 0 0 0 0 0 2 6.4 0 2.2 0 0 0 1.4000000000000001 0 0 0 0 2.2 0 0 0 0 0 0 0 0 0 0 0 0.4 0 0 0 0 0 0 0 0 0.8 0.8 0 0 0 0 0 0 0 0 0 0 0.2 0 0 0 0 0 0 0 3.8000000000000003 13.600000000000001 3.6 7 8.4 0 7.6000000000000005 6.6000000000000005 0 8.8 1.8 0 0 3.2 0 0 4.6000000000000005 4.6000000000000005 0 0 0 0 0 0 1.8 4 1.8 0 0 0 0 0 12.200000000000001 0 0 0 0 0 0.4 0 0 0 0 0 0 0 0 0 0 0 0 0 0 0 0.4 0 0 0 0 0 0 0 0 0 0 5.6000000000000005 0 0 0 0 0 0 0 0 0 0 0 0 2.2 0 0 0 0 0 0 0 0.6000000000000001 0 0.2 0 2.6 1.6 0 0 0 0 0 0 0 0 0 0 0 0 0 0 0 0 0 0 0 0 0 0 0 0 1.8 0 0 0 0 0 0 0 0 0 0 0 0 0 
 17.6 36.2 25.6 35.2 70.2 16 13.200000000000001 56.800000000000004 25.400000000000002 28.200000000000003 16.8 20.200000000000003 7.4 22.400000000000002 5.800000000000001 25.200000000000003 0 15 26.400000000000002 20 14.8 0 0 0 0.2 0.6000000000000001 0 0 0 0 0 0 7.800000000000001 0 0.6000000000000001 0 0 0.2 0 0 0 0 1.2000000000000002 0 0 0 0.4 0.6000000000000001 0 0 0 0 0 1 0.6000000000000001 0 0 0 6.6000000000000005 0 0 0 0 4.2 0 0.4 9.600000000000001 0.6000000000000001 0.6000000000000001 0 0.4 0 0 0 0 0 0.6000000000000001 0 0 0 3.8000000000000003 8.200000000000001 6.2 3.6 3.2 0 9.600000000000001 3.4000000000000004 3 6 2.6 0 4.800000000000001 3 0 6.2 2.2 6 0 0 0 0 0 0 0 0 0 2.2 0 0 0 0 0 1.2000000000000002 1.8 0 0 0 1.8 1.4000000000000001 0 2.4000000000000004 0 0 0 0 0 0 0 0 0 0 0 0 0 0 0 0 0 0 0 0 0 0 0 0 0 0 0 0 0 0 2.2 0 0 0 0 0 0 0 8.4 2 3 3 7.6000000000000005 1.8 3.6 3.6 0.2 0 2.8000000000000003 2.2 4.800000000000001 1.2000000000000002 2.8000000000000003 0 1 5 3.4000000000000004 2.2 0 0 0 0 0.2 0 1.4000000000000001 0 0 0 0 0 2.4000000000000004 0 0 0 0 0 2.8000000000000003 0 0 0 0 0 0 0 0 0 0 0 0 0 0 0 0 0 0 0 0 0 0 0 0 0 0 0 0 0 0 0 0 0 0 0 0 0 0 0 0 0 0 0 0 0 0 0.2 1.2000000000000002 0 0 0.4 0 1.2000000000000002 0 0 0 0 0 0 0 0 0 0 16.2 0 0 0 0 0 0 0 0 0 0 0 0 0 2 0 0 0 0 0 0 0 0 0 0 0 0 0 
 6.6000000000000005 68.2 7.800000000000001 27.400000000000002 34.4 8.4 120.60000000000001 48.6 65 9.8 61.400000000000006 59 14.8 24.400000000000002 10.200000000000001 26.400000000000002 15 0 26.200000000000003 34.6 0 0 0.2 0 0 0.6000000000000001 15 0 0 0 0 0 0.6000000000000001 0 0.6000000000000001 0 0 0.2 0 0 0 0 0.6000000000000001 0 6.6000000000000005 0 0.4 0.6000000000000001 6.2 0 0 0 0 0 0.6000000000000001 0 0 0 0.6000000000000001 12.600000000000001 0 0 0 0 0 0 0 0 0 0 0.4 0 0 0 0 0 0 0 0 0.6000000000000001 7.2 0 0 0 0 2 0 9.200000000000001 0 1.8 0 5.6000000000000005 0 0 7.2 2 7.6000000000000005 4.2 0 0 0 0 0 0 0 0 0 0 0 0 0 2.8000000000000003 0 2.8000000000000003 0 0 0 0 4.800000000000001 0 0 0 0 0 0 0 0 0 0 0 0 0 0 0 0 0 0 0 0 0 0 0 0 0 0 0 0 0 0 0 0 0 0.2 0 0 0 1.4000000000000001 0.4 0 0 0 0 2.2 10 0 0 0 0 3.6 0.6000000000000001 4.2 5.6000000000000005 1.2000000000000002 4.800000000000001 2.2 7.6000000000000005 2 0.2 0 0 0 1.4000000000000001 0 0 0 0 0 0 0 0 0 0 8.200000000000001 4 0 0 0 0 3.4000000000000004 0.2 0 0 0 0 0 0 0 0 0 0 0 0 0 0 0.2 2 0 0 0 0 0 0 0 0 0 0 0 0 0 0 0.2 0 0 0 0 0 0 0 0 0 0 0 0 0 0 0.4 8.8 0 0.6000000000000001 0.4 0 0.4 3.4000000000000004 0 0 0 0 0 0 0 0 0 0 0 0 0 0 0 0 0 0 0 0 0 0 1.2000000000000002 0 0.4 0 0 0 0 0 0 0 0 0 0 0 0 
 37.2 129.6 42 12.8 13.200000000000001 6.800000000000001 53 186.8 25.200000000000003 37.2 6.6000000000000005 7.4 74 26 59.2 46.400000000000006 26.400000000000002 26.200000000000003 0 57.800000000000004 0 0 0 0 0 0.6000000000000001 0 0 0 14.8 0 15 0.6000000000000001 0 1 0 0 0.2 0 0.4 0 0 0.6000000000000001 0 1.4000000000000001 0 0.4 0.6000000000000001 0 0 0 0 0 0 0.6000000000000001 0 0 0 0.4 0 0 0 0 0 0 0 10.200000000000001 0.6000000000000001 0 0 0.4 0 0 0 0 0 0 0 0 0 0.2 4.4 1.6 0 0 0 7 1.4000000000000001 0 0 2 0 1.8 3 2.8000000000000003 2.8000000000000003 0 10 3 0 0 0 0 0 0 0 0 0 0 0 0 0.2 0.2 0 0 0 0 0 0 0 0 0 0 0 0.4 0 0 0 0 0 0 0 0 0 0 0 0 0 0 0 0 2 0 0 0 0 0 0 0 0.2 0.2 2.4000000000000004 0 0 0 0 0 0 0 0 4.6000000000000005 2.6 7 1 4 0 4.4 0.2 3.2 0 0 0.2 7.800000000000001 9 2.8000000000000003 3 0.2 0.6000000000000001 0 10 0 0 0 0 0 0 0 0 0 0 0 0 0 0 0 0 0 0 0 0 0 0 0 0 0 0 0 0 0 0 0.4 0 0 0 0 0 0 0 0 0 0 0 0 0 0 0 0 0 0 0 0 0 0 0 0 0 0 0 0 0 0 0.2 0 0 0 0 17.400000000000002 0 0 0.4 0.4 1.4000000000000001 0 0 0 0 0 0 0 0 0 0 0 0 0 0 0 0 0 0 0 0 0 0 0 0 3.4000000000000004 0 0 0 0 0 0 0 0 0 0 0 0 0 
 53 44.6 25.6 14 17.8 36.6 25 39.400000000000006 32.2 12 53.800000000000004 8 100.80000000000001 60 65.60000000000001 15.4 20 34.6 57.800000000000004 0 0 0 0 0 0.2 13.4 0 0 0.4 0 0.6000000000000001 0.4 0.4 0.8 0.6000000000000001 0 0.4 0.4 0.6000000000000001 0 0 0.4 0.6000000000000001 0 0 0.2 13 0.6000000000000001 0 0 0 0 0 0.6000000000000001 0.6000000000000001 0 0 0 0.6000000000000001 1 0 3.2 0 0.2 0 0.4 8 0.4 0 0.4 0.6000000000000001 0 0 0 0 0.6000000000000001 0.6000000000000001 0 0 0 0 0 2.2 0 0 0 3.8000000000000003 8.4 0 0 0 1 2.6 0 2.4000000000000004 3.4000000000000004 1.8 2.2 5 6.6000000000000005 0 0 0 0 0 0 0 0 0 0 0 0 0 0 0 0 0 0 0.4 0 0 0 0 0 0 0 0 0 0 0 0 0.4 0 0 0 0 0 0.2 0 0 0.2 0 5 0 0 0 0 0 0 0 0 3.8000000000000003 0.4 0 0 0 0 2.2 0 0 0.2 3.8000000000000003 7.2 0 0 0 0.2 0 1.2000000000000002 0 2.2 1.4000000000000001 10.200000000000001 0.2 2.6 1.6 2.6 0 7.800000000000001 5.6000000000000005 0 0 0.2 0 0.4 0 0 0 0 0 0 0 0 0 0 0 0 0 0 3.6 0 0 0 0 0 0 0 0 0 0 0 0 0 0 0.4 0 0 0 0 0 0 3.2 0 0 0 0 0 0 0 0 0 0 0 0 0 0 0 0 0 0 0 0 0 0 0 0 0.6000000000000001 0 1.8 19.8 0 0.4 0 0 0 0 0 0 0 0 0 0 0 0 0 0 0 0 0 0 0 0 0 0 0 0 0 0 0 0 0 0 0 0 0 0 0 0 0 0 
 0 0 15.200000000000001 0 0 19.6 0 0 0.6000000000000001 0.6000000000000001 0 14.600000000000001 0 0 0.2 15 14.8 0 0 0 0 32 31.200000000000003 11.4 3.8000000000000003 8.8 43 39 22.8 10.8 62.400000000000006 7 37 76 111 11.200000000000001 5 12.4 38.400000000000006 26 0.2 0 0 0.6000000000000001 0.2 0 0 40.800000000000004 0 12.600000000000001 0 13.8 0 0 0.4 0 0 0.2 0.4 0 0 0.6000000000000001 0.4 0 0 0 0.6000000000000001 0 0 2.2 0.8 0 0.4 0.8 0 0 0 0 0 0 0 0 0 1.8 5.800000000000001 0 0 0 0 0 0 2.6 0.4 0 0 0 0 1.6 0 0 1.8 5 8.8 0 3 3.4000000000000004 22 3.6 2 2.2 5.800000000000001 1.2000000000000002 4.800000000000001 6.4 3.4000000000000004 0.6000000000000001 2 4.4 1.2000000000000002 0.4 0 0 0 0.4 0 0 0 0 0 0 0 0 4.2 0 0 0 0 0 2 0 0 0 0 0 0 0 0 0 0 0 0 0 0 0 0 0 0 0 0 0.8 0.6000000000000001 0 0 0 0 2.6 0 1 0 0 0 0 0 0 0 0 0 0.2 0 0 0.2 0.2 2 5.800000000000001 0 0 1.6 1.6 2 5.6000000000000005 0 3.8000000000000003 3 3 6.4 1.2000000000000002 6.4 4 5.4 3.4000000000000004 0 0 0 0 0.2 0 1.2000000000000002 0 0 0 0 0 0 0 0 0 0 0 1.6 0.2 0 0 0 0.4 0 0 0 0 0 0 0 0 0 0 0 0 0 0.4 0 0 0 0 0 0 0 0 0 0 0 13 0 0 0 0 3.6 0 0 14.8 0 0 0.6000000000000001 2.8000000000000003 0 0 0 0 1.4000000000000001 0 0 0 0 0 0 0 0 0 2.2 0 0 0 4.2 2.4000000000000004 0 0 0 2 0.2 0 0 0 
 0 0 0 0 0 0 0.2 14 0.6000000000000001 1 0 0 14.600000000000001 0 0.2 0 0 0 0 0 32 0 48.6 26.6 5 23.6 32.2 33 19.8 41.800000000000004 15.200000000000001 69.4 7.6000000000000005 25.200000000000003 24.200000000000003 10.4 4.6000000000000005 67 23.200000000000003 6.2 0.2 0 0 0 0.6000000000000001 0 0 0 0 0 0 0 12.8 0 0.2 0 0 0 18.2 15 0 0 0 0 0 0 0 1 0 0.2 0 0 0 0 0 0 0.4 0 0 0.8 0 0 0 0 0 0 0 0 0 0 0 0 0 0 0 0 0 0 0 0 0.2 0 1 2.2 1.6 7.6000000000000005 2.6 0.4 2 7.4 0 4.4 0.4 0 0 0 2 0 0 0 2.6 0 0.2 0 0 0 1.6 0 0 0 0.2 0 3.2 0 2.4000000000000004 0 0 0 2.8000000000000003 1.6 0 0 0 1 1.6 0 5 0 0 0 0 0 1 0 1.8 1.6 0.4 0 0 1.4000000000000001 0 0 2.2 0 0 0 0 0 0 0 0 0.4 0 0 0 0 0 0 0 0 0 2.4000000000000004 3.8000000000000003 5.6000000000000005 2.2 0 0.6000000000000001 0 7 2.2 3 6.6000000000000005 0 2 3 3.4000000000000004 4.6000000000000005 8 0 2.6 0 0 0 0 0 0 4.6000000000000005 0 0 0 0.2 0 4.4 0 0.6000000000000001 0 0 0 5.6000000000000005 0 0 0 0 0 0 0 0 0 0 0 0 0 0.2 0 0 0 0 2.8000000000000003 0 0 0 0 0 0 0 0 0 0 0 0 0 0 0 0 2 0 0 0.2 0.2 0 3.2 0 0 0 0 0 0 0 0 0 0 0 0 0 0 0 0 0 0 0 0 2.4000000000000004 0 0 0 0 0 0 0 0 
 0 0.2 0 0 0 0 0.6000000000000001 0 0 0 0.6000000000000001 0.2 0 0 0 0 0 0.2 0 0 31.200000000000003 48.6 0 27.200000000000003 20.200000000000003 24.400000000000002 36.2 14.600000000000001 60.6 28.8 28.400000000000002 22.6 71.8 41.800000000000004 97.80000000000001 28 31.6 24.8 4.4 22.8 0.2 0 0 0.6000000000000001 0.6000000000000001 0 0 0 0 0 0 0.4 12.8 0 0.4 0 0 0 12.8 25.6 0 0.4 7.800000000000001 0 0 0 0.6000000000000001 0.6000000000000001 0 0 0 0 0.4 0 0 0 0.2 0 0 0.8 0 0 0 0 0 0 0 0 0 0 0 0 0 0 0 0 0 0 0 0 1.6 5.2 2.4000000000000004 0.4 1.4000000000000001 4.800000000000001 3.8000000000000003 0.2 6 1.8 4 2.4000000000000004 1.8 4.4 0 0 0 0 0 0.4 0.2 0 0.2 0 0 0 0.8 0 0 0 0 0 5.800000000000001 0 0 0 0 0 3.2 2.2 0 0 0.2 1.6 0.6000000000000001 0 0 0 0 0 0 0 1.6 2.8000000000000003 0 0.6000000000000001 0 0 0 1.4000000000000001 0 0 0 3.6 0 0 0 0 0 0 0 0 0 0 0 0 0 1 0 0 0 0.2 7.2 6.2 0 0 0 0.2 3 4.4 7.800000000000001 3.6 0 2 0 10.200000000000001 2.4000000000000004 11.8 0 0 0 0 0 0 0 0 5.6000000000000005 0 0 0 0 0 2 2.4000000000000004 3.2 0 0 0.2 8.4 3.8000000000000003 0 0 0 0 0 0 0 0 0 0 0 0 0 0 0 0 0 0 0 0 0 0 0 0 0 0 0 0 0 0 0 0 0 0 2.6 0 0 0.2 0 0.4 0.4 0 0 0 0 0 0 0 0 0 0 0 0 0 0 0 0 0 0 4 0 0 0 0 0 2.2 0 0 0 0 
 0 0 0 0 0 0 0 0 0.4 0 0 0 0 0 0.4 0 0 0 0 0 11.4 26.6 27.200000000000003 0 65.4 21.400000000000002 34 21.6 72.8 33.6 10.8 25.200000000000003 28.8 90.80000000000001 44 34.800000000000004 21.200000000000003 9.600000000000001 13.4 71 0 0 0.4 0.6000000000000001 0.2 8.6 12.600000000000001 0.2 0 0 0 0.4 0 16.400000000000002 0.6000000000000001 0 0 0 0.4 27.8 0 0.6000000000000001 0.6000000000000001 0 9.8 0 0.6000000000000001 1 0 0 0 0 0.4 0 0.2 0 0 0 0 0.8 0 0 0 0 0 0 0 0 0 0 0 0 0 0 0 0 0 0 4.6000000000000005 0 1.8 1.2000000000000002 2.4000000000000004 0.2 1.6 6.800000000000001 1.6 0 3.2 1.8 4.6000000000000005 6.6000000000000005 0 4.4 0 0 0 0 0 0 0 1.6 0.2 0 0 2.8000000000000003 0.2 8.4 0 0 0 0 0.2 3.6 0 0 0 0 8.8 2.4000000000000004 0 0 0 0 0 0 0 0 0 0 0 0 0 0 0 0 0 0 0 1.4000000000000001 0 0 0 0 0 0 0 0 0 0 0 0 2 0 0 0 0 1.8 0 0 3 0 3.6 2.4000000000000004 0.2 6.800000000000001 2 0 2.2 2 6.2 2.8000000000000003 0 1.2000000000000002 0 2.2 2.2 12.600000000000001 0 0 0 0 0 0 0 0 4.6000000000000005 0 1.6 0 0 0 3.2 0 1 5 0 0 6.4 6.4 0 0 0 0 0 0 0 0 0 0 0 0 0 0 0 0 0 0 0 0 0 0 0 0 0 0 0 0 0 0 0 0 0 0 0 0 0.4 8 0 0 0.4 0 0 0 0 0 0 0 0 0 0 0 0 0 0 0 0 0 0 0 0 0 0 0 0 0 0 0 0 0 
 0 0 1.4000000000000001 0.4 0 0.2 0 0 1.2000000000000002 0.6000000000000001 0 0 0.2 0 0 0 0.2 0 0 0.2 3.8000000000000003 5 20.200000000000003 65.4 0 60.6 12.200000000000001 8.6 16.400000000000002 56 11 25.400000000000002 55.800000000000004 31.8 26.200000000000003 31 28.400000000000002 53.6 9.8 13.4 0 0 0 1.2000000000000002 0.6000000000000001 0 0 0.6000000000000001 2.6 12.8 0 0.6000000000000001 25.200000000000003 0 0.6000000000000001 0 0 1 13 14.8 11.200000000000001 1.2000000000000002 0.4 0 0 0 1 0 0.8 0.6000000000000001 0 0 0.4 1.4000000000000001 0 0 0 0.2 0 0 0 2.8000000000000003 0 0 0 0 0 0 0.2 0 0 0 0 0.2 0 0 0 0 0 0 0 0 0 0.6000000000000001 0.2 5 0 0 4.4 2.2 5.2 0 0 3.6 0 0 0 0.2 0 0 0.8 2.2 3 0 0 0 3.8000000000000003 0 0 0 0 0 6.800000000000001 0.6000000000000001 0 0 4.800000000000001 0 2.8000000000000003 8.8 0 0 0 0 0 0 0 0 0 0 0 0 0.8 0 0 1.4000000000000001 0 0 0 0 0 0 0 0 0 0 0 0 0 0 0 0 0 0 0 0 0 1 0 0 0 0 0 5.800000000000001 1.6 4.6000000000000005 0 0 0 0 0.2 0 0 0 0 2.8000000000000003 0 3.6 0 0 2 5.800000000000001 0 0 0.2 0 2.6 4.6000000000000005 0.6000000000000001 0 0 0 0.2 2.4000000000000004 0.4 0.2 5.800000000000001 3.4000000000000004 4.4 2.6 0 0 0 0 0 0 0 0 0 0 0 0 0 0 0 0 0 0 0 0 0 0 0 0 0 0 0 0 0 0 0 0 0 0 2.2 0 0.2 0 1 0 1.2000000000000002 0 0 0 0 0 0 0 0 0 0 0 0 0 0 0 0 0 0 0 0 0.2 3 0 0 2.2 0 0 0 0 
 0.6000000000000001 1.6 0.6000000000000001 0.8 0.6000000000000001 0.6000000000000001 1.4000000000000001 0.6000000000000001 1.2000000000000002 0.6000000000000001 1.2000000000000002 0.6000000000000001 8.8 0.6000000000000001 0.6000000000000001 0.6000000000000001 0.6000000000000001 0.6000000000000001 0.6000000000000001 13.4 8.8 23.6 24.400000000000002 21.400000000000002 60.6 0 23.6 3.4000000000000004 8 68.4 44.400000000000006 25.6 46 48.6 10.8 13.200000000000001 14.8 31 52.2 9.4 12.200000000000001 14.4 0 0.6000000000000001 43 0.4 23.200000000000003 0.6000000000000001 0.8 0 0 0.8 0 12.600000000000001 12.600000000000001 0 12.600000000000001 1.4000000000000001 5.4 12.600000000000001 1.6 0.6000000000000001 0.4 0 0 0.4 0.8 0 0 0 0 0 0.4 0 0.4 0 0 0 0 0 0 0 0 0 0 0 0 0 0 0 0 0 0 0 0 0 0 0 0 0 0 0 0 1.8 10.200000000000001 3 0 0 1.4000000000000001 6.6000000000000005 2.4000000000000004 0 0 3.4000000000000004 0 0 0 3.6 0 0 9.200000000000001 2 10 0.4 0 0 9 4.800000000000001 2.6 0 0 0 5.4 2 0 0.2 14.4 3.4000000000000004 0 4.6000000000000005 0 0 0 0 0 0 0 0 0 0 0 0 0 0 0 0 0 0 0 0 0 0 0 0 0 0 0 0 0 0 0 0 0 0 0 0 0 0.4 0 0 0 0 0 0.4 6 11.4 0 0 0 0 2.6 2.4000000000000004 0 0 0 2.4000000000000004 0 1.2000000000000002 0 0 3.8000000000000003 3 0 0.2 0 0 5.4 4 2 0 0 0 0.2 3.2 6.4 3.4000000000000004 2 3.6 3.8000000000000003 8 0 0 0 0 0 0 0 0 0 0 0 0 0 0 0 0 0.4 0 0 0 0 0 0 0 0 0 0 0 0 0 0 0 0 0 1.8 0.2 0.6000000000000001 0.6000000000000001 0.4 0 0 0.2 0 0 0 0 0 0 0 0 0 0 0 0 0 0 0 0 0 0 0 0 4.6000000000000005 0 6.4 3 0 1 0 0 
 0 0 12.200000000000001 1.8 0 0.2 0.6000000000000001 14.8 12.8 0.4 0 0 0.2 0 0 0 0 15 0 0 43 32.2 36.2 34 12.200000000000001 23.6 0 42.6 13 14.600000000000001 12 10.200000000000001 38 85 41.6 67.2 46 79.60000000000001 9.8 56.6 0.8 0 0.2 0.6000000000000001 12.8 0 0 0 0 0 0 0.4 0 0 0.4 0 0 0 0.6000000000000001 0.4 0 0.6000000000000001 0.4 0 0 0 0.6000000000000001 0 0 0.6000000000000001 0 0 0.4 0 0 0 0.8 0 0 0 0 0 2.4000000000000004 11.200000000000001 0 0 0 0 3.4000000000000004 0 0 0 0 0.4 0 0 0 1.6 0 0 2.4000000000000004 6.2 0 2.2 0 2 6 6.6000000000000005 6 1.4000000000000001 1.8 1.8 0 6.6000000000000005 0 2.6 0 0.4 0 1.8 0 0 0 0 0 0 0.2 0 0 0 0 0 0 0 0 0 0 0 2.4000000000000004 0 0 0 0 0 0 0 0 0 0 0 0.2 0 0 0 0 0 0 0 0 0 0 0 0 0 0 2.4000000000000004 0 0 0 2.4000000000000004 0 0 0 0 0 1.6 0 0 0 0 0 9.4 2.8000000000000003 3.8000000000000003 3.2 0.4 0.8 6.6000000000000005 3.2 4 0 3.2 2.6 6.2 0.6000000000000001 6.2 4.6000000000000005 9.600000000000001 0 2.8000000000000003 0 0 0 0 0 0 4.4 0 0 0 0 0 0 0 0.2 0 0 0 3.2 0 0 0 0 0 0 0 0 0 0 0 0 0 0 0 0 0 0 0 0 0 0 0 0 0 0 0 0 0 0 0 0 0 0 0 4 0 0 0 0 0 3 0 0 0 0 0 0 0 0 0 0 0 0 0 0 1.8 0 0 0 2 0 0 0 0 0 1.6 0 0 0 0 
 0 0 0 0 0 3.2 0.4 0.4 0.4 0 0 0 0 0 0.4 0.2 0 0 0 0 39 33 14.600000000000001 21.6 8.6 3.4000000000000004 42.6 0 45.6 34.6 37 24 31.400000000000002 16.400000000000002 33.2 67.4 14.200000000000001 10 30 11.4 0 0 0 0.6000000000000001 0.4 1.8 0 0 0 0 0 0.4 0 0 0.4 0 0 0 1.4000000000000001 0 0.2 0.6000000000000001 0.4 0 0 0 0.6000000000000001 0 0 0.4 0 0 0.4 0.6000000000000001 0 0 0 0 0 0.8 0 0 0 2 1.6 2.2 0 0 0 0 0 0 3.8000000000000003 0 0 0 0 0 0 2.4000000000000004 5.6000000000000005 1.8 2.6 3.6 0.2 0 1.6 2 0.2 2.8000000000000003 0 3 1.2000000000000002 2 0.2 1.8 4 0 0 0 4 0 0 0 0 0 0.2 0 0 0 0 0 0 0 0.8 0 0 0 8 1.8 0 0 0 0 0 0 0 0 0 0 0 0 0 0.4 0 0 0.2 0 0 1.6 0 1 3.6 0 0 0 0 0 0.4 0 0 0.2 0 0 0 0 0 0 0 0 3.8000000000000003 5.2 6 0 5 0 1.4000000000000001 1.6 7.800000000000001 1.8 4.6000000000000005 0 0 2.4000000000000004 2.4000000000000004 0 2.2 6 0 0 0 0 0 0 0 0 0 0 0 0.2 0 0 0.2 0 0 0 0 0 1.6 0.2 0 0 0 0 0 0 0 0 0 0 0 0 2.8000000000000003 0 0 0 0 4.4 0 0 0 0 0 0 0 0 0 0 0 0 0 0 0 0 1.8 0 0.2 0.2 0 0.2 0.2 0 0 0 0 0 0 0.2 0 0 0 0 0 0 0 0 0 0 0 2.4000000000000004 0 0 0 0 0 0 0 0 0 0 
 0 0 0 0.2 0 32.4 0.2 0.4 0 0.2 0 0.6000000000000001 0 0.4 0 0.4 0 0 0 0.4 22.8 19.8 60.6 72.8 16.400000000000002 8 13 45.6 0 61 25.200000000000003 14.600000000000001 41.400000000000006 49.2 38.800000000000004 54.400000000000006 23.400000000000002 10.4 11 30.8 0 0 0 0.6000000000000001 0.4 0 0 0 0 0 0 0.4 0 0 0.4 0 0.4 0 0.8 0 0 0.6000000000000001 0.4 0 0 0 0.6000000000000001 0 0 0 0 0 0.4 0.4 0 0 0 0 0 0 0 0.4 0 0 7.6000000000000005 2 0 0 0 0 0 0 0 0 0 0 0 0 0 0 5.2 2.2 12.600000000000001 1.2000000000000002 3.6 1.2000000000000002 10.8 0.2 0 3.8000000000000003 6 0 7.800000000000001 3.2 2 4.4 2.2 8 0.4 0 11.4 0 0.4 0 0 0 0 0 2.4000000000000004 0 0 0 1.6 1.2000000000000002 0 0 0 3.4000000000000004 5.6000000000000005 0 0 0 0 0 0 0 0 0 0 0 0 0 0 0 0 0 0 0.2 0 1.6 0 1.2000000000000002 1.2000000000000002 0 0 0 0 0 0 0 0 0 0 0 0 0 0 0 0 0 3.8000000000000003 2 2.2 6.800000000000001 0 0 1.6 0.8 3.4000000000000004 6.2 0.8 7.2 0 0 1.2000000000000002 5.6000000000000005 4.4 4.800000000000001 0.4 7.4 0 0 0 0 0 0 8.200000000000001 0 0 0 0 0 2.4000000000000004 0 0 0 0 0 0.4 2.6 0 0 0 0 0 0 0 0 0 0 0 0 0 3.6 0 0 0 0 0 0 0 0 0 0 0 0 0 0 0 0 0 0 0 0.2 2.8000000000000003 0 0 15 0.2 0.4 0.6000000000000001 2.8000000000000003 0 0 0 0.4 3 0 0 0 5.800000000000001 0 0 0 0 0 0 0 0 0 0 2.6 0 0 0 0.4 0.2 0 0 1.8 
 0 0.6000000000000001 0 0 0 8.200000000000001 0 0 1 1.2000000000000002 0 0 0 8 0 0 0 0 14.8 0 10.8 41.800000000000004 28.8 33.6 56 68.4 14.600000000000001 34.6 61 0 45.400000000000006 48.800000000000004 26.200000000000003 17.400000000000002 41 34.800000000000004 40.800000000000004 26.400000000000002 27.6 25.6 0.4 0.6000000000000001 0 0.6000000000000001 0.6000000000000001 0 0.4 0 0 0 0 0.4 4.2 0.2 0.4 0.6000000000000001 0.4 0.4 17.400000000000002 0 0 2.8000000000000003 0.4 0.6000000000000001 0 0 2.2 0 0.6000000000000001 0 0 0.6000000000000001 0.4 1.4000000000000001 0 0 0.6000000000000001 0.2 0 0 0 0 0 0 4 0.2 0 0 0 0 0 0 0.2 0 0 0 0 0 0 0 8 6.2 7.6000000000000005 5.800000000000001 3.4000000000000004 0 0.8 0 0 2.8000000000000003 4.2 3.2 3.6 0 3.2 5.6000000000000005 7.2 6.2 0 0 2.4000000000000004 0 3.2 0 0 4.2 0 2 1.4000000000000001 0 0 0 2.8000000000000003 3 2.2 0 3 3.6 7.800000000000001 5.2 0 0 0 2.8000000000000003 2 0 0 0 0 0 0 0 0 0 0 0.8 0 0 0 0.8 0 1.8 1.6 0 0 0 0 0 0 0 0 0 0 0 0 0 0 0.4 0 0 4.6000000000000005 2.2 0 0 2 4.6000000000000005 9.200000000000001 2.2 3.4000000000000004 2.2 8.200000000000001 0.8 0 1.8 4 5.6000000000000005 4.2 2.8000000000000003 0 0 0 0 0 0 0.4 0 2.6 0 0 0 0 0 5.6000000000000005 0 0 1.8 0 0 0.2 3.6 0 0.4 0 0.2 0 0 0 0 0 0 0 0 0 0 0 0 0 2.6 0 0 0 0 0 0 0 0 0 0 0 0 0 0 0 0 0.6000000000000001 0 1 0.6000000000000001 15 0 0 0 0 0 0 0 3 0 0 0 0 0 0 0 0 0 0 0 0 0 0 2.8000000000000003 0 0 0 0 4 0 0 0 
 0 0 0 0 0 0 0 0.4 0 0.2 0 0 0 0 0 0.4 0 0 0 0.6000000000000001 62.400000000000006 15.200000000000001 28.400000000000002 10.8 11 44.400000000000006 12 37 25.200000000000003 45.400000000000006 0 28.200000000000003 23 6.800000000000001 24 14.600000000000001 22.6 58.6 15 53.2 11.8 0 0 0.6000000000000001 0.4 0 0 0 0 0 0 0.4 1.4000000000000001 0 6.4 0.2 0 0 31 0 1.2000000000000002 0.6000000000000001 0.4 0 0 0 0.6000000000000001 0.2 0 0 0 0 0.4 0 1 0 0 0 0 0 0 0.4 0 0 0 0 0 0 0 0 0 0 0 0 0 0 0 0 0 0 0.8 1.8 0 0.2 7.6000000000000005 0.2 3.4000000000000004 1.6 2 2.4000000000000004 0 5.6000000000000005 0 2 0 0 0 2.8000000000000003 0 0 6.6000000000000005 3.6 6.2 0 0 0 6 2.2 9.4 2.8000000000000003 4 0 9 2.4000000000000004 2.4000000000000004 0 0 0 0.2 1.8 0 0 0 4.4 3 0 0 0 0 0 0 0 3.4000000000000004 0 0 2 0 0 0 1 0 0 0 0 2.6 0 0 0 0.4 0.6000000000000001 0 0 0 0 0 0 0 0 0 0 0 0 0 8.8 0.2 12.8 0 0 0.4 5.800000000000001 3.2 11.4 0 0 0 8.6 0 6.800000000000001 0 0 0 0 0 0 0 0 7.6000000000000005 0 0.8 0.2 0 0.2 4.800000000000001 0 0 1.4000000000000001 0.2 0 0.2 7.2 0 0 0 0 0 0 0 0 0 0 0 0 0 0 0 0 0 0 0 0 0 0 0 0 0 0 0 0 0 0 0 0 0 0 1.4000000000000001 0.4 0 15.200000000000001 26.200000000000003 0.2 0.6000000000000001 0.2 0 0 0 0 0 0 0 0 0 0 0 0 0 0 0 0 0 1.6 0 2.4000000000000004 0.2 0 0 0.2 0 0 0 0 
 0.2 0 0 0 0.4 0.4 0 0 0.6000000000000001 0.6000000000000001 0 5.4 0 0 0 0 0 0 15 0.4 7 69.4 22.6 25.200000000000003 25.400000000000002 25.6 10.200000000000001 24 14.600000000000001 48.800000000000004 28.200000000000003 0 6.6000000000000005 42.6 38.6 9.200000000000001 36.6 50.400000000000006 9.600000000000001 9.200000000000001 0 0 0 0.6000000000000001 0.6000000000000001 0 12.4 0.2 0.2 0 0 0.6000000000000001 10.8 12.8 0.6000000000000001 0 0.2 0 20 0 0 0.2 0.4 0 0 0 0.4 0 0 0 0 0 0.4 0 0 0 0.2 0 0 0.8 0 0 0 0 0 0.4 0 3.2 0 0 0.2 0 0 0 0 0 0 0 0 0.4 0 0.2 2 4.2 0.2 2.2 0.2 0 7.800000000000001 2.4000000000000004 0.4 2.2 0 3.8000000000000003 0 0 3 0 0 0.4 6.6000000000000005 0 4.2 0.4 0 3 0 0 2.4000000000000004 2.4000000000000004 0 0 2.2 0.2 6.4 0 0 0 10 5 0 0 0 0 0 0 0 0 0 0 0 0 0 0 0 0 0 0 0 0 0 0 0 0 0 0 0 0 0 0 0.2 0 0 0 0 0 0 0 0 0 0 3 3.6 4 4.800000000000001 4.4 0 0 4.4 2 0.8 2.2 0 0 0 1 0 8.8 0 0 0 2.2 0 0 0 0 10.600000000000001 3.6 0 0 0 0 0.2 0 3.8000000000000003 2.4000000000000004 0 5.2 9 3.4000000000000004 0 0 0.2 0 0 0 0 0 0 0 0 0 0 2 1.4000000000000001 0 0 3.8000000000000003 0.4 0 0 0 0 0 0 0 0 0 0 0 0 0 0 0 1.8 0 0.8 1.2000000000000002 0.2 0 2.2 0 0 0 0 0 0 0 0 0 0 0 0 0 0 0 0.2 0 0 0 0 0.4 0.2 0 0 0 0 0 0 0 
