 0 27.400000000000002 61.800000000000004 20.200000000000003 21.8 6.800000000000001 100.2 46 9.600000000000001 26 27 20.400000000000002 47.800000000000004 30.200000000000003 11 12.4 22.200000000000003 23.400000000000002 28.200000000000003 12.200000000000001 0 0.2 0 0 0 0 0 0 0 40.800000000000004 0.4 0 0.6000000000000001 15.200000000000001 0 0 0 0 0.2 0.4 0.2 0 0 0 0 0 0.6000000000000001 0 1 0.6000000000000001 0 0 0 0 0 0 0 0 0.6000000000000001 0 6.4 0 0 0.6000000000000001 0.6000000000000001 0 0 0 0 0 0 0 0 0 0 0.6000000000000001 0.2 0 0 0 9 9.4 2.2 0 0 0.4 6.2 9.4 1.4000000000000001 0 2.6 0 2.2 5.800000000000001 2.2 3.2 0 9.8 0 2.4000000000000004 0 0 0 0 0 0 2.4000000000000004 0 0 0 0.4 0 2.2 0 0 0.2 0 0 0 0 0 0 0 0 0 0 0 0 0.2 0 0 0 7.4 0 0 0 0 0 0 0 0 0 0 0 0 0 0 0 2 1.8 0 0 0 0 0.4 0 0 0 0 0 4 2.6 0.4 1.2000000000000002 0 0 2 2.2 0 0 0 0.6000000000000001 1.2000000000000002 3.4000000000000004 0 6.4 4.2 1.2000000000000002 1.2000000000000002 1.4000000000000001 0 0 0 0 0 0 0 0 0 0 0.6000000000000001 0.4 0 0 0 0 0 0 0 2.8000000000000003 0 0.2 0 0 0 0 0 0 0 0 0 0 0 0 0 0 0 0.4 0 0 0 0 0 0 0 0 0 0 0 0 0 0 0 0 0 0 0 0.4 0 0 0 0 0 0 0 0 0 0 0 0.4 0 0.6000000000000001 0 0 0 0 0 0 0 0.4 0 0 0 0 0 0 0 0 0 0 0 0 0 0 0 0 0 1.8 0 0 0 0 0 0 0 0 0 0 0 0 
 27.400000000000002 0 35.6 33.6 22.400000000000002 26.200000000000003 18 14.4 70.60000000000001 19.6 7.2 25 14 92 78.60000000000001 97.2 50.6 42 12.200000000000001 53.800000000000004 0 0.2 0 0 0 0 0 0 0 0.4 0.4 0 0.6000000000000001 0 0 0 0 0 15 0.8 0 0 0 0.2 0 0 0.6000000000000001 0 0.8 0.6000000000000001 0 0 2 0 0.8 0 0 2.6 5.6000000000000005 0.2 0 0 0 0.6000000000000001 0.6000000000000001 0 0 0 0 0 0 0.8 0 0 0 0.6000000000000001 0 0 0 0 0 3.8000000000000003 0 4.4 7.2 5.800000000000001 0 4 2 2.2 2 2.6 0.4 4 3.6 0 14 0 0 7.2 0 0 0 0 0 0 0 0 0 0 0 0 0 4 0.2 0 0 0 6 0 0 0 0 0 0 2.2 0 0 0 0 0 0 0 0 0 0 0 0 0 0 0 0 0 0 0 0 0 0 0 0 0 0 0 0 0 0 0 0 0 0.4 8.6 0 5.2 4.6000000000000005 0 0.2 0 0.2 9.200000000000001 8.8 0 3 2 2 3.2 4.4 7.4 3.6 2.8000000000000003 5.4 0 0 0 0 0 0 0 0 0.4 0 0 0 0 0 0 0 0 0 2.8000000000000003 0 0 0 0 0 0 0 0 0 0 0.2 0 0 0 0 0 0 0 0 0 0 0 0 0 0.2 0 0 0 0 0 0 0 0 0 0 0 0 0 0 0.2 0 0 0 0 0 0 0.4 18.2 0 0 0 0 0 0 0 0 0 0 0 0 0 0 0 0.2 0 0 0 0 0 0 0 0 0 0 0 0 0 0 0 0 0 0 0 0 0 0 0 0 0 0 0 
 61.800000000000004 35.6 0 27.400000000000002 52.800000000000004 21.200000000000003 13.4 41.400000000000006 56.800000000000004 23.6 37 29.400000000000002 12 21.6 31.8 76.4 20.6 31.400000000000002 46.6 89 0 0 0 0 0.8 0 0 1.2000000000000002 0 0 0.4 0 15.600000000000001 0 0 1.4000000000000001 0 0 7.6000000000000005 0.4 0.2 0 0 0.2 0 0 0.6000000000000001 0 0.6000000000000001 0.6000000000000001 2 0 0 0 0 0 0 0 0.4 0 0 0 0.8 1 0.6000000000000001 0 0 0 0 0 0 0 0 0 0 0.4 0.6000000000000001 0 0 0 0 1.8 3 3.8000000000000003 1.4000000000000001 0 0.2 2 7 7.800000000000001 8.4 3 0.2 2.4000000000000004 3 0 7.800000000000001 6.4 0 8.200000000000001 0 2.4000000000000004 0.2 0 0 0 4 0 0 0 0 0 0 0 0 3 0 0 0 0.2 0.4 0 0 0 1.4000000000000001 0 2.2 0 0 0 0 0 0 0.4 0 0 0 0 0.4 0 0 0 0 0 0 0 0 1.2000000000000002 0 0 0 0 1.2000000000000002 0 0 0 0 0.4 0 2 4.800000000000001 2.4000000000000004 0 0 0 2 2.4000000000000004 1.4000000000000001 9.4 3.4000000000000004 1.4000000000000001 10.8 0 0.2 6.6000000000000005 4.800000000000001 3.4000000000000004 0 0 4.4 5 0 0 0 0.4 0 5 6.6000000000000005 0 0 0 0 0 2 0 0 0 0 8.200000000000001 0 0 0 0 0 0 0.2 0 0 0 0 0 0 0 0 0 0 0 0 0 0 0 0 0 0 0 0 0 0 0 0 0.4 0 0 0.2 0 0 0 0 4 0 0 0 0 0 0 0 0.2 0 0.4 0 0 2.6 0 0 0 0 0 0 0 0 0 0 0 0 0 0 0 0 0 0 0 0 0 0 0 0 0 0 0 0 0 0 0 0 0 0.4 0 0 0 0 
 20.200000000000003 33.6 27.400000000000002 0 13.8 33 42.800000000000004 34.4 78.60000000000001 40 32.6 23.200000000000003 56.6 25 50.800000000000004 8.200000000000001 21.8 12.200000000000001 14.600000000000001 56.2 0.4 0.4 0.2 0 0.4 0 0 0.6000000000000001 0.4 0 0.4 0 0.6000000000000001 0 0.4 0.6000000000000001 0 0.4 0 0.4 0 0 0 0.2 0 0 0.6000000000000001 0 0.6000000000000001 0.6000000000000001 0.4 0 0.6000000000000001 0 0 0 0 0 0.6000000000000001 0.2 0 0 0.4 0.8 0.6000000000000001 10.200000000000001 0 0 0 0 0 0 0.8 0 0 0.6000000000000001 0 0 0 0 0.2 0 5.800000000000001 4.6000000000000005 4.6000000000000005 2 2.8000000000000003 1.4000000000000001 15 2.6 6.6000000000000005 0 2.2 2.2 2.8000000000000003 2.4000000000000004 0 7.2 0 2.8000000000000003 0 0 0 0 0 0 2 0 0 0 0 0 0 0 0.4 0 0 0 8.6 0 0 0 0 0 1.4000000000000001 0 0 0 0 0 0 0 0 0 0 0 0 0 0 0.2 0 0 0 0 0 0 0 0.8 0 0 0 0 0 0 0 0 0 0 0 0 7.6000000000000005 0 2.2 1.8 2.6 0.6000000000000001 0 0 14.4 1.4000000000000001 0 0.6000000000000001 0 0.6000000000000001 0 3 0 0 0 0 3.6 0 0 0 0 0 1.4000000000000001 0 0 0 0 0 1.6 0 0 0 0 0 0 3.6 0 0 0 0 0.4 0 0 0 0 0.4 0 0 0 0 0 0 0 0 0 0 0 0 0 2.4000000000000004 0 0 0 0 0 0 0 0.2 0 0 0 0 0 0 0 0 0 0.2 0 0 0 0.2 0.8 0.4 0.2 0.4 0.4 1.2000000000000002 0 0 0 0 0 0 0 0 0 0 0 0 0 0 0 0 0 0 0 0 0 0 0 0 1.8 3.6 0 0 0 0 0 0 0 0 0 0 0 0 
 21.8 22.400000000000002 52.800000000000004 13.8 0 47.2 14.4 15.600000000000001 56.800000000000004 29.200000000000003 37 46.400000000000006 21 28.8 11.200000000000001 32.2 26.400000000000002 11.8 14 61 15.600000000000001 17.400000000000002 22 0.6000000000000001 0.6000000000000001 0 14.600000000000001 14.600000000000001 0 15 0.4 0.6000000000000001 37.2 7 23.6 15 0 0.4 29.8 15.4 1 0 0 0 0 0 0.4 0 1 13.4 2 0 0 0 0.6000000000000001 0.6000000000000001 0 0 1 0.4 0 1 0.4 0.4 0.4 0 0 0 0.8 0 0 0.8 0 0 0 0.6000000000000001 0 1 0 0 0 0 0 0 2.6 0 0 0 0 7.6000000000000005 8.8 8 0.4 2.6 0 0.2 0 1.2000000000000002 0 0 4 2.2 5.2 0 0 0 3.2 4 2 0 0 0 2.8000000000000003 4.4 0.8 5.6000000000000005 1.6 8 0 3.6 0 0 0 0 0 0 0 0 0 0 0 0 0 0 0 0 0.2 0 0 0.2 0 0 0 0 0 0 1.6 0 0 0 0 0 1 1.2000000000000002 0 2.2 0 0 0 0 0 0 0 0 1.6 3.2 0 0 0 0.2 2.6 5.6000000000000005 0 0 0.4 4.800000000000001 0 0 0 0 3.4000000000000004 5.4 0 0 0 0 5 7.2 3 2.4000000000000004 0 2 2.6 4 2 3.8000000000000003 4.2 5 4.6000000000000005 2.6 0 0 0 0 0 0 0 0 0 0.2 0 0 0 0 0 0 0 0 0 0 0 0 0 0 0 0 0 0 0 0 0 0.2 0 0 0 0 0 0 0 0 0 0 0 0 0 1 0 0 0 17.8 0 3.2 0.2 0 0 0 0 0 0 0 0 4.2 0 0 0 0.2 0 0 0 0 0 0 0 0 0 0 0 0 0 0 0 0 0 0 0 0 0 0 0 0 
 6.800000000000001 26.200000000000003 21.200000000000003 33 47.2 0 39.2 17.400000000000002 50.6 9 18 70.8 10.4 23 105.4 25 23.6 16.6 27 11.8 4.6000000000000005 4.4 0 14.8 0 0 15.200000000000001 0.2 0 0.6000000000000001 0.4 0 27.6 19.200000000000003 14.600000000000001 0.2 0 14.600000000000001 30.400000000000002 12.600000000000001 0 0 0 0.4 0 0 0.6000000000000001 0 12.600000000000001 0.6000000000000001 0.4 0 0.8 0 12.4 0.6000000000000001 0 0 1.2000000000000002 0 0 0 0 0.6000000000000001 0.6000000000000001 0 0 0 0 0 0 0 0.4 0 10 0.6000000000000001 0.2 0 0.2 0 1.6 2 3.4000000000000004 0 1.8 2 4 0 0 7 3.4000000000000004 3.4000000000000004 0 0 0 2 0 0 5.6000000000000005 5.6000000000000005 2.2 2.8000000000000003 6.4 0 0.2 0 4.800000000000001 0.8 0 0 0 0 0 3 0.2 3.2 0 3.2 3 0 0 0 0 0 0 0 0 0 0 0 0 0 0 0 0 0 0 0 0 0 0 0 0 0 0 0 1 0.2 0 0 0 0 0.6000000000000001 2 0 1 0 0 0 0 5 3.6 0 2.2 0 0 0 4.6000000000000005 9.600000000000001 2 0.4 12 0 0 1.4000000000000001 0 0 4.4 0 0 3.6 0 0 0 0 0 1.2000000000000002 1.8 0 0 0 0.2 3 0.4 2.8000000000000003 2 0 3.6 3.2 0 0 0 0 0 0 0 0 0 0 0 0 2 0 0 0 0 0 0 0 0 0.2 0.8 0 0 0 0 0 0 0 0 0 0 0 0 0 0 0 0 0 0 0 0 0 0 0 0 9.200000000000001 0 0.2 0.8 0 1 0 0 0 0 0 0 0 0 0 3.8000000000000003 0 0 0 0 0 0 0 0 0 0 0 0 0 2 0.8 0 0 0 0 0 0 0 0 0 0 0 0 0 
 100.2 18 13.4 42.800000000000004 14.4 39.2 0 40.800000000000004 49 10.600000000000001 18.6 6.800000000000001 47.6 92 52.6 138.20000000000002 40 7.800000000000001 33.4 52.800000000000004 0.4 0.2 0 0 0 0 0 0 0.2 0 0.4 0 0.6000000000000001 0 0.4 0 0 0.6000000000000001 0 0.4 0 0 0 0 0 0 0.6000000000000001 0 0.6000000000000001 0.6000000000000001 0.4 0.4 6.4 0 0 0 0.6000000000000001 0.4 0.6000000000000001 0 0 0 0 1 0.6000000000000001 0 0 0.4 1 0.2 0 0.4 0 0 0.4 0.6000000000000001 0.2 0 0 0 8.8 2 0 0 0 0 4 8.6 0 0.4 0 0 6 0 0 0 0 4.6000000000000005 6.6000000000000005 5.4 0 0 0.6000000000000001 0 0 0 0 0 0 0 0 0 0 0 0 0 0 0 0 0.4 0 0 0 0 0.2 0 2 0 0 0 0 1.2000000000000002 0 0 0 2 0 0 2.2 0 0 0 0 0 0 0 0 1 0 0 0 0 0 0 0 0 0 0 0 0 0.2 4.4 3.2 3.6 0 0 3.2 2.6 5.6000000000000005 0 0 2 1.4000000000000001 0 2 2.8000000000000003 0.6000000000000001 6.800000000000001 2.6 0 0.4 0 0 0 0 0 0.4 0 0 0 0 3.2 0 0 0 0 0 0 0 0 0 0 0 0 0 0 0 0 0 0 0 0 0 0 0 0 0 0 0 0 0 0 0 0 0 0 0.4 0 0.4 0 0 0 0.4 0 0 0 0 0 0 0 0 0 0 0 0 0 0 0 0 0.4 0 3.6 0 0 0 0 0 0 0 0 0 0 0 0 0 0 0 0 0 0 0 0 0 0 0 2 0 0.4 0 0 0 0 0 0 0 0 0 0 0 0 
 46 14.4 41.400000000000006 34.4 15.600000000000001 17.400000000000002 40.800000000000004 0 34 42.400000000000006 4.800000000000001 26.400000000000002 29.8 30 17.2 8 9 55.800000000000004 66.60000000000001 29.200000000000003 8.200000000000001 0.2 0 1.2000000000000002 0 0 0 0.6000000000000001 0.4 0 1.2000000000000002 0 0.6000000000000001 0 0 0.6000000000000001 0 0.4 0 0.4 0 1.4000000000000001 0.6000000000000001 0.4 0.2 0 1.2000000000000002 0 1.2000000000000002 0.6000000000000001 0 0.6000000000000001 0 0 0.6000000000000001 0.2 0.6000000000000001 0.6000000000000001 0.6000000000000001 0 0 0.6000000000000001 1.8 0.8 1 0 0 0 0.6000000000000001 0.2 0.2 0 0 0.4 6.800000000000001 1 1 0 0.2 4.2 5.4 4.800000000000001 8.200000000000001 3.4000000000000004 0 3.4000000000000004 7.2 1.8 3.6 0 2.2 1.8 1.4000000000000001 4.4 1.8 0 3.2 4 3.8000000000000003 2.8000000000000003 0 0 0 2.6 0 0 0.4 0 0 0 0 0 0 0 0 0 0 0 0 0 0 0 0.4 0 2.2 0 0 0 0 0 0 0 0 0 0.4 0 0 0 0 0 0 0 0 0 2.4000000000000004 0 0 0 0 0 0 0 0 0 0.4 0 0 0 0 0 0 7.2 3.6 0.4 0 0 1.6 4.800000000000001 2.8000000000000003 7.800000000000001 4.2 1.8 0.2 0.2 6.6000000000000005 2 3.2 4.6000000000000005 1.4000000000000001 0.2 0 0 2 0 0 0 0 0 0 0 0 0 0 0 0 0 0 0 0 0 0 0 0 0 0 0 0 0 0 0 0 0.4 0 0 0.4 0 0 0 0 0 0 0.2 0 0 0.4 0 0 0 0 0 0 0 0 0 0 0 0 0 0 0 0 0 0 0 0 0 0 0 0.2 0.2 0.8 2 0 0 0 0 0 0 0 0 0 0 0 0 0 0.4 0 0 0 0 0 0 0 7.2 0 2.2 0 3 0 0 0 0 0 0 0 0 0 0 0 0 
 9.600000000000001 70.60000000000001 56.800000000000004 78.60000000000001 56.800000000000004 50.6 49 34 0 18.8 33.4 24.8 21.200000000000003 63 71.8 67.60000000000001 27 5.2 33.800000000000004 36.4 0 0.2 0 0 0 0 0 0 0 0 0.4 0 0.6000000000000001 0 0 0 0.6000000000000001 0.6000000000000001 7.4 0.4 0.4 0 0 0.2 0 0 0.6000000000000001 0 0.6000000000000001 0.6000000000000001 0.8 0 12.4 0 0 0 0 0 0.6000000000000001 0 0 0 0 0.6000000000000001 0.6000000000000001 0 0 0 0 0 0 0 0 0 0 0.6000000000000001 0.2 0 0 0 0 4.2 5.6000000000000005 0 4.4 2.2 2 2.6 0.2 20.6 0.8 0 0.2 0 2.2 3.6 3.4000000000000004 2.4000000000000004 0.2 4 0 0 0 0 0 0 8.8 0 0 0 0 0 4.800000000000001 1 0.2 0.6000000000000001 0 0 2.4000000000000004 5 0 2.2 0 0 0 0 0 0 0 0 0 3 0 0 0 0 0 0 0 0 0 0 0 1.2000000000000002 0 0 0 0.4 0 0 0 0 0 0 0 0 2.6 3.6 0 0.4 0 5 0 0 2.8000000000000003 6 2 4.800000000000001 2.2 0 3.8000000000000003 5.800000000000001 0 0 3.4000000000000004 2.8000000000000003 2.4000000000000004 3 0 2.6 2.8000000000000003 0 0 0 0 3.4000000000000004 5 5.2 0.4 0 0 0 3 2.2 0 0 0 0 4 0 0 0 0 0 0.2 0 0 0 0 2.8000000000000003 0 0 0 0 0 0 0 0 0 0 0 0 0 0 0 0 0 0 0 0 0 0 0 0 0 0 0 0 0 0 0 0 0 0 0 0.6000000000000001 3 0 0.2 0.4 0 1.6 0 0 0 0 0 0 0 0 0 0 0 0 0 0 0 0 0 0 0 0 0 0 0 3 2.6 0 0 0 0 0 0 0 0 0 0 0 0 0 
 26 19.6 23.6 40 29.200000000000003 9 10.600000000000001 42.400000000000006 18.8 0 41.800000000000004 8.6 10.600000000000001 21.200000000000003 41.400000000000006 79.4 42.2 69.2 51.6 59.400000000000006 0 0 1.4000000000000001 0 0 0 0 0.4 0 0 0 0 0 0 0 0 0 14.600000000000001 37.800000000000004 0 0.4 0 0 0.2 0 0 0 0 0 0 0.8 0 0 0 0 0 0 0 0 0 0 0 0 0 0 0 0 0 0 0 7.4 2.8000000000000003 0 0 0 0 0 0 0 0 4.6000000000000005 0 5.2 10.4 4.2 4.4 5.6000000000000005 1 4.2 6.6000000000000005 3.2 3.6 2 0.2 0 2.8000000000000003 8.8 7 0 0.2 0 0 0 0 0 0 1.8 0 0.4 0 0 0 0.2 3.8000000000000003 0 0 0 0 0.8 0 0 0 0 0 1.8 0 0 0 0 0 0 0.4 0 0 0 0 0 0 0 0 0 0 0 0 0 0 0 0.4 0 0 0 0 0 0 0 0.2 0 0 0 0 0 0 10.200000000000001 5.2 0 2.4000000000000004 0.2 2.2 0.2 4 3.4000000000000004 6.4 0 0 3.8000000000000003 13.4 0 6 0 0 0 0 0 0 0 0 4.2 5.4 0 0 0 0 0 3.8000000000000003 0 0 0 0 4 0 0 0 0 0 0 0 0 0 0.4 0 0 0 0 0 0 0 0 0 0 0 0 0 0 0 0 0 0 0 0 0 0 0 0 0 0 0 0 0 0 0 0 0 0 0 0 0.8 1.2000000000000002 0 0 0.2 0 1 17.400000000000002 0.4 0 0 0 0 0 0 0 0 0.8 0 0 0 0 0 0 0 0 0 0 0.2 0 0 0.2 0.4 0 0 0 0.4 0 0 0 0 0 0 0 0 
 27 7.2 37 32.6 37 18 18.6 4.800000000000001 33.4 41.800000000000004 0 30.6 6 5.6000000000000005 13.600000000000001 34.800000000000004 23.6 72.8 5.4 29.6 0.8 0.4 0 1.2000000000000002 0 0 0 1.2000000000000002 0 0 0.4 0 15.200000000000001 0 0 0.2 0 0.8 5.4 0.4 0.2 1.2000000000000002 0 0.2 0 0 0.4 0 0.6000000000000001 0.6000000000000001 1.6 0 0 0 1.2000000000000002 0 0 0 0.6000000000000001 0.8 0 1.2000000000000002 0 10.600000000000001 0.4 0 0 0 1.2000000000000002 0 0 0 0 0 0 1.8 0 0 0 0 3.4000000000000004 0 6.4 0.2 2.6 7.2 0 3.6 5.2 3 3 2.8000000000000003 2 0 2.4000000000000004 4.2 0 3 0 0 0 0 0 0 0 0 3.8000000000000003 0 0 1.6 0 0 4 3.4000000000000004 0 0 0 0 3 2.8000000000000003 0 0 0 0 0 0 0.2 0 0 5.4 0 0 0 0 0 0 0 0 0 0 0 0 0 0.4 0 0 0 0.4 0 0 0 0 0 0 0 0 1 0 0 0.4 4.2 3 0 1.4000000000000001 0.8 13.8 5.2 0.8 0 2.2 3.4000000000000004 4.2 0 4.6000000000000005 0 4.4 2.8000000000000003 5.4 0 2.8000000000000003 0 0 0 0 0 0 4.6000000000000005 7 0.4 0 0 0 0 2.2 0 0 0 0 2 0.8 0 0 0 0 0.2 0 0 0 0 0 0 0 0 0 0 0 0 0 0 0 0.4 2.2 0 0.2 0 0 0 0 0 0 0 0 0 0 0 0 0 0 0.2 0 0 0 0 0 0 0 17.6 0 17.8 0.6000000000000001 2.4000000000000004 3.6 0 0 0 0 0 0 0 0 0 0 0 0 0 0 0 0 0 0 0 0 0 0 0 0 0 0 0 0 0 0 0 0 0 0 0 0 0 0 
 20.400000000000002 25 29.400000000000002 23.200000000000003 46.400000000000006 70.8 6.800000000000001 26.400000000000002 24.8 8.6 30.6 0 10.8 9 96.80000000000001 17.400000000000002 21.200000000000003 16.400000000000002 52.400000000000006 43.6 0 0.4 0.2 0 0 0 0 14 0 0 0.4 0.2 15.4 14.8 15.200000000000001 9.600000000000001 0 0.4 0 0.4 0 0 0 0.2 1.4000000000000001 0 20.400000000000002 0 0.6000000000000001 0.6000000000000001 0 0.4 3.2 0 0 0 0 1.4000000000000001 0.6000000000000001 0 0 0 0 0.6000000000000001 0.6000000000000001 0 0 0 0 0.6000000000000001 0 0 0 0 0 0.4 0.4 0 0 0 0 0.2 2.4000000000000004 3.8000000000000003 1 2.4000000000000004 0 0 7.800000000000001 2 9.4 0 0.2 0.4 0.4 1.2000000000000002 3.8000000000000003 5.2 0 3.2 0 3.6 0 0 0 0.4 1.8 0.2 3.8000000000000003 0.2 4.6000000000000005 0 0 0 0.2 2.8000000000000003 0 0 3.4000000000000004 0 0 0 0 0 2 0 0 0 0 0 0 0 0 0 0 0 0.4 0 0 0.2 0 0 0 0 0 0 0 0 0 0 0 0 5.6000000000000005 0 0 0 0.4 0 0 0 7.6000000000000005 0.2 1.4000000000000001 1.8 0 0 0 0 20.200000000000003 2.4000000000000004 0 3 0 2.2 0 3.2 0 4.4 0 2.4000000000000004 3.2 0 0 0 0 0 1.2000000000000002 1.6 0 0 0 0.2 3.4000000000000004 0 0.4 2.8000000000000003 0 0 5.4 4.4 0 0 0 0 0.2 0 0 0 0 0.2 0 0 0 0 0 0 0 0 0 0 0 0 0 0 0 0 0.2 0 0 0 0 0 0 0 0 0 0 0 0 0 0 3.6 0 0 0 0.4 0.8 0.8 0 0.8 0.8 1.6 0.4 2 0 0 0 0 0 0.2 0 0 2.2 0 4 0 0 0 0 0 0 0 0.2 0 0 2.8000000000000003 0.2 0 0 0 0 0 0 0 0 0 0 0 0 0 
 47.800000000000004 14 12 56.6 21 10.4 47.6 29.8 21.200000000000003 10.600000000000001 6 10.8 0 74.8 53.6 10.8 47 46.2 25.8 15 0 0.8 0 0.6000000000000001 0 0 0.4 0.6000000000000001 0 0 0.4 0 0.6000000000000001 0 0 0 0 0 0 0.4 0 0 0 0 0 0.4 0.4 0 0.6000000000000001 0.6000000000000001 1.8 0 0.4 0.2 0 0 0 0 1.2000000000000002 0.4 0.4 0.4 0 0.4 1 0 0 0.4 0.2 0 0 0 0 0 0 0.6000000000000001 0 0 0 0 9.8 0.4 0 0 0 0 0 4.4 0 0 0 0 2 8.6 0 0 0 0 7.4 12.8 0 0 0 0 0 1.4000000000000001 0 0 0 0 0 0 0 0 0 0 0 0 0 0 0 0 0.4 0 0 0 0 0 0 0 0 0 0 0 0 0 0 0 0 0 0 0 0 0 0 0 0 0 0 1.6 0 0 0 0 3.4000000000000004 0 0 0 0 0 0.8 0.6000000000000001 0 0 0 2 4.4 0 3 0 0 0 6.800000000000001 5 0.2 0.8 0.6000000000000001 0.2 4.2 0.2 0 0 3.6 0 0 0 0 0 0 0 0 0 0 0 0 0 0 0 0 0 0 0 0 0 0 0 0 0 0 0 0 0 0 0 0.4 0 0 0 0 0.2 0 0.2 0 0 0 0 0 0 0 0 0 0 0 0 0 0 0 0 0 0 0 0 0 0 0 0.4 0 0 0.4 0.4 0 2.4000000000000004 0 0 0 0 0 0 0 0 0 0 0 0 0 0 0 0 0 0 0 0 0 0 0 0 0 0 0 0 0 0 0 0 0 0 0 0 0 0 
 30.200000000000003 92 21.6 25 28.8 23 92 30 63 21.200000000000003 5.6000000000000005 9 74.8 0 67.8 59 61.400000000000006 15.200000000000001 81.4 40.6 0 0.6000000000000001 0 0.2 0 0 0 0 0 0 0.4 0 0.6000000000000001 0 0 0 0 0 0 0.8 0 0 0 0.2 0 0 0.6000000000000001 0 0.6000000000000001 0.6000000000000001 12.4 0 1 0 0 0 0 12.4 0.6000000000000001 0 0 0 0 0.6000000000000001 0.6000000000000001 0 0 0 0 0 0 0 0 0 0 0.4 0.4 10.200000000000001 0 0 0.2 5 3.8000000000000003 0 2.2 2.2 1.6 4 0 3.2 0 0 0.2 3.6 2.4000000000000004 0 1.8 0 8.6 6.4 0 0 1.8 0 0 0 0 0 0 3 0 0 0 0 0 0 0 0 4.2 0 0 0 0 0 0 0 0 0 0 0 0 0 0 0 0 0 0 0 0 0 0 0 0 0 0 0 0 0 0 0.8 0 0 0 0 0.8 0 0 0 0 0 7.4 3.2 0.2 2.6 0 0 2.2 2 7 2.2 0 0 2.2 1.8 1.8 3.4000000000000004 0.2 1.8 3.4000000000000004 0 0 0 0 0 0 0 0 0.2 0 0 0 0.4 0 0 0 0 0 0 0 0 0 0 0 0 0 0 0 0 0 0 0 0 0 0 0 0 0 0 0 0 0 0 0 0 0 0 0 0 0 0 0 0 0 0 0.4 0 0 0 0 0 0 0 0 0 0 0.4 8.4 0 0.6000000000000001 0 0.2 0.2 0 0 0 0 0 0 0 0 0 0 0 0.4 0 0 0 0 0 0 0 0 0 0 0 2 0 0 0 0 0 0 0 0 0 0 0 0 0 0 
 11 78.60000000000001 31.8 50.800000000000004 11.200000000000001 105.4 52.6 17.2 71.8 41.400000000000006 13.600000000000001 96.80000000000001 53.6 67.8 0 18.6 57.6 44.2 17.8 31.400000000000002 0 0.4 0 0.2 0 0 0 0 0 0.2 0.6000000000000001 0.2 0.6000000000000001 0 0 0 0.4 0 15 0.4 0 0 0 0.4 0 0 0.6000000000000001 0 0.6000000000000001 0.6000000000000001 0 0 0.8 0 0 0 0 0.6000000000000001 1.8 0.2 0.8 0 0 0.4 0.6000000000000001 0 0 0 0.4 0 0 0.6000000000000001 0 0 0.4 0.6000000000000001 0 0 0 0 0.2 0 8.4 9.600000000000001 3 5.2 0 0 6.2 2.4000000000000004 4.6000000000000005 3.6 0 2.2 5.2 3.2 13 0 0 4 0 0 0 0 0 0 2 0.4 0 1.6 0 0 6.800000000000001 6 0 0 0 0 5.6000000000000005 3.2 0 0 3.2 0 1.6 0 0 0 0 0 0 0 0 0 0 0 0 0 0 0 0 0 0 4 0 0 0 0 0 0 0 0 0 0 0 0 1.2000000000000002 0 0 0 4 0 0.6000000000000001 8.4 4.6000000000000005 9.600000000000001 0 1.8 9.200000000000001 4 3.4000000000000004 0 0 1.2000000000000002 0 0 5.800000000000001 2 0 0.4 3 0 0 2.2 0 0 1.4000000000000001 2.8000000000000003 0 0 2.6 0 1.6 0 0 0 0.2 0 5 5.6000000000000005 0 0 0 0 0 0 0 0 0 0 0 0 0 0 0 0 0 0 0 0 0 0 0.4 0 0 0 0 0 0 0 0 0 0 0 0 0 0 0 0 0 0 3.6 0 0 0 0 18.6 0.4 0.4 0.6000000000000001 0 0.8 0 0 0 0 0 0.2 0 0 0 0 2.4000000000000004 0 0 0 0.4 0 0 0 0 0 0 0 0 0 1.8 0 0 0 0 0 0 0 0 0 0 0 0 0 
 12.4 97.2 76.4 8.200000000000001 32.2 25 138.20000000000002 8 67.60000000000001 79.4 34.800000000000004 17.400000000000002 10.8 59 18.6 0 50.400000000000006 26.8 6.800000000000001 17.400000000000002 0.4 0 0 41.400000000000006 0 8.8 0 0 0 0 0.4 0 30.400000000000002 1.2000000000000002 0.4 0.2 0 0.4 30.8 0.4 0.6000000000000001 0 0 0.4 0 0 0.6000000000000001 0 0.6000000000000001 0.6000000000000001 13 0 0 0 0 0 0 0.6000000000000001 0.4 0 0 0 0 0.6000000000000001 0.6000000000000001 0 0 0 0.4 0 0 0 0 0 0 0.4 0.6000000000000001 0 0 0 0 0.2 8.4 4 1.6 8.8 0.2 0 0.2 6.2 6.800000000000001 3 0 0 0 2.4000000000000004 4 10.4 0 0 0 1.8 0 0 0 0 6 0 0 2.2 0 0.4 5.2 6.800000000000001 2.2 3.4000000000000004 0 0 4 3 0 0 0 0 1.2000000000000002 0 0 0 0 0 0 0 0 0 0 0 0 0 0 0 0 0 0 0.4 0 0 0 0 0 0 0 0 0 0 0 0 1.4000000000000001 0 0 0 0.2 1 0 3.4000000000000004 0 3.6 0 0 3.6 2.6 2 4.800000000000001 0 0.4 0 3.2 2.6 0 0 0 2.8000000000000003 1.4000000000000001 0 0 0 0 9.4 9.8 0 0 0 0 1.6 2.4000000000000004 0 0 0 0 11 3 0 0 0 0 2.8000000000000003 0 0 0 0 0 0 0 0 0 0 0 0 0 0 0 0 0 0 0 0 0 0 0 0 0 0 0 0 0 0.2 0 0 4.6000000000000005 0 1.2000000000000002 0 0 0 0 0 0.4 17.8 0 0.4 18.400000000000002 0.4 1 0 0 0 0 0 0 0 0 0 0 0 0 0 0 0 0 0 0 0 0 0 0 0 0 2.8000000000000003 0 0 0 0 0 0 0 0 0 0 0 0 0 
 22.200000000000003 50.6 20.6 21.8 26.400000000000002 23.6 40 9 27 42.2 23.6 21.200000000000003 47 61.400000000000006 57.6 50.400000000000006 0 48 12.4 73 0.4 1 0 0.6000000000000001 0.4 0 0 0 0 0.4 0.4 0 15.8 0 0.4 0.4 0 0.2 0 1 0 0 0 0.4 0 0 0.6000000000000001 0 0.6000000000000001 0.6000000000000001 0.4 0 0.8 0 5 0.4 0 13 0.6000000000000001 0.2 0 0.8 7.2 0.6000000000000001 0.6000000000000001 0 0 0 0 0 0 1.6 0 0 0 0.8 0 0.2 0 0.6000000000000001 0 0.4 6 7.6000000000000005 12.8 6 1 2 0.2 11 2.8000000000000003 0 1 0 0 0 0 4.2 0 8.200000000000001 0.4 0 0 0 0 0 2 0 0 0 0 0 0 1.8 2 2.8000000000000003 0.2 0 5.800000000000001 0 0 0 0 0 0 0 0 0 0 0 0 0 0 0 0 0 0 0 0 0 0 0.4 0 0 0 0 0 0.8 0 0 0 3.6 0 0 0 0 0 0 0.2 0 3.6 0 5.2 3 0 0.2 0 0.2 11.4 4.2 2.8000000000000003 5.2 0 0.6000000000000001 0 0.2 0 0 0 0 2.8000000000000003 1.8 0 0 0 0 4.4 1.8 0 0 0 0.2 3.6 0 0 0 0 0 2.6 0 0 0 0 0 0 0 0 0 0 0 0 0 0 0 0 0 0 0 0 0 0 0 0 0 0 0 0 2 0 0 0 0 0 0 0.4 0 0 0 0 0 0 0 0 0 0 0 5 0.4 0 17.6 0 0 3 0 0 0 0 0 0 0 0 0 0 0 0.4 0 0 0 0 0 0 0 0 0 0 0 3 3.8000000000000003 0 0 0 0 0 0 0 0 0 0 0 0 
 23.400000000000002 42 31.400000000000002 12.200000000000001 11.8 16.6 7.800000000000001 55.800000000000004 5.2 69.2 72.8 16.400000000000002 46.2 15.200000000000001 44.2 26.8 48 0 7.2 10 0 0 0 0 0 0 0 0 0 0 0.4 0 0.6000000000000001 0 14.8 0 0 0 0.2 0.4 0 0 0 0 0 0 0.6000000000000001 0 0.8 0.6000000000000001 0 0.6000000000000001 2 0 0 0 0.6000000000000001 0.4 0.4 0.2 0 0 0 0.6000000000000001 0.6000000000000001 0 0 0 0 0 0 0.6000000000000001 0 0 0 0.4 0.6000000000000001 0.8 0 0 3.8000000000000003 0.2 3.6 4 5.6000000000000005 4.4 4 0 2.2 9 3.2 3.4000000000000004 3.2 0 2.6 0 9.200000000000001 2 0 0.2 0 0 0 0 0 0 0 0 0 0 0.2 0.4 6 0 4 0.4 0 0 3.4000000000000004 1.2000000000000002 0 0 0 0 2.2 0 0 0 0.4 0 0 0 1.4000000000000001 0 0 0 0 0 0 0 0 0 0 1.2000000000000002 0 0 0 0 0 0 0 0 0 0 0 0 0.6000000000000001 0 0 1.8 9.4 2.2 10.200000000000001 2.4000000000000004 3.4000000000000004 10.600000000000001 3.4000000000000004 3 3 6.2 5.4 0 0.2 0 6.800000000000001 0 3 5.2 0 1.2000000000000002 0 0 0 0 0 0 0 0.4 4.6000000000000005 0 0 0.2 4.6000000000000005 0 0 0 0 0 0 0 0 0.4 0 0 0 0 0 3 0 0 0 0 0 0 0 0 4 0.2 0 0 0 0 0 0 0 0 0 0 0 0 0 0 0 0 0 0 0 0.2 0 0 0 2 0 0 0 0 1 0 1.4000000000000001 16.8 3.4000000000000004 2.4000000000000004 2 0 0 0 0.4 0 0 0 0 0 0 0 0 0 0 0 0 0 0 0 0 0 0 0 1 0 0 0 0 0 0 0 0 0 0 0 0 0 
 28.200000000000003 12.200000000000001 46.6 14.600000000000001 14 27 33.4 66.60000000000001 33.800000000000004 51.6 5.4 52.400000000000006 25.8 81.4 17.8 6.800000000000001 12.4 7.2 0 58.400000000000006 0.2 1.2000000000000002 0 0 0 0 0 0.4 0.2 18.400000000000002 0.4 0.4 0.6000000000000001 0.8 0.8 0 15 0 0 1.4000000000000001 0 0 1.6 1.2000000000000002 0 0 1 0 0.8 1 0 0.4 0.4 0 0 0 0.2 0.6000000000000001 1.2000000000000002 0.6000000000000001 0 0 0 0.6000000000000001 1 0.8 0 0.4 0.4 0 0.6000000000000001 0 0.4 0.4 0 0.6000000000000001 0.2 0.4 0 0.4 6 6.6000000000000005 0 0 0 0.2 8.4 10.200000000000001 2.6 0 0 0 1.6 1.8 2.2 2.2 0.2 0 4.4 4.4 0 0 0.2 0 0 0 0 0 0 0 0 0 0 0 0 0 0 0.2 0 0 2 0 0 0 0 0 0 0 0 0 0 0 0 0 0 0 0 0 0 2.6 0 0 0 0 0 0 0 0 0 0.2 0 0 0 0 0.6000000000000001 0 2.8000000000000003 0 0 0 0.2 4.800000000000001 0 2 0 0 5.2 4.2 0.2 0 0 3.6 7.4 0 1 2.6 3.6 4.6000000000000005 4.2 7.2 0 0 0 0 0 0 0 0 0 0 1.4000000000000001 0 0 0 0 0 0 0 0 0 0 0 0 0 0 0 0 0 0 0 0 0 0 0 0 0 0.2 0 0 0 0 0 0 0 0 0 0 0 0 0 0 0.2 0 0 0 0.2 0 0 0 0 0 0 0 0 0 0 0.2 0.4 0 0 0 2.2 0 0 0 0 0.2 0 0 0.4 0 0 0 0 0 0 0 0 0 0 0 0 0 0 0 2.8000000000000003 0 0 0 0 0 0 0 0 0 0 0 0 0 0 
 12.200000000000001 53.800000000000004 89 56.2 61 11.8 52.800000000000004 29.200000000000003 36.4 59.400000000000006 29.6 43.6 15 40.6 31.400000000000002 17.400000000000002 73 10 58.400000000000006 0 0 0.2 0 0 0 0 0 0 0 0 0.8 0 0.6000000000000001 5.6000000000000005 0 0 0 0.4 0 0.4 0 0 0.4 0.4 0 0 1.8 0 0.6000000000000001 13.200000000000001 0 0 0 0 0 0 0 0.2 0.6000000000000001 0 0 0 0 0.6000000000000001 0.6000000000000001 0 0 10.4 0 0 0 0 0 0 0 0.6000000000000001 0.2 0 0 0 3.4000000000000004 1 0 5.6000000000000005 0 0 11.4 3.2 3.6 0.4 0.2 3.2 13.200000000000001 2 4.6000000000000005 0.8 7.2 0.2 4.4 2.4000000000000004 0 0 0 0 0 0 0 0 0 0 0 0 0 0 0 0 0 0 1.2000000000000002 0.4 0 0 0 0 0 0 0 0 0 0 0 0 0 4.2 0.2 0 0 0 2.6 2 0 0 0 0 0 0 0 1.4000000000000001 0 0 0 0 0 0 0 0 0 0 0 0 2.4000000000000004 1.8 13.4 0 0.2 0 3.2 3.6 2.4000000000000004 3.8000000000000003 4 0 0 0 2 0 3.8000000000000003 2.6 2 0.4 0.4 0 0 0 0 0 0.4 0 0 0 0 0 0 0 0 0 0 0 0 0 0 0 0 0 0 0 0 0 0 0 0 0 0 0 0 0 0 0 0 0 0 0 0 0 0 0 0.4 0 0.4 0 0 0 0.4 0 0 0 0 0 0 0 0 0 0 0 0 0 0.6000000000000001 0 0.8 0.4 4.4 3.6 0 0 0 0 0 0 0 0 0 0 0.2 0 0 0 0 0 0 0 0 0 0 0 0 0 0 0 0 0 0 0 0 0 0 0 0 0 0 0 
 0 0 0 0.4 15.600000000000001 4.6000000000000005 0.4 8.200000000000001 0 0 0.8 0 0 0 0 0.4 0.4 0 0.2 0 0 47.2 18.6 44 24.6 7.6000000000000005 30.200000000000003 60 14 17.2 35 7 71 22 27.8 39.800000000000004 4.800000000000001 37.4 24.200000000000003 33 0 0 0 1 0 0 0 0 0.2 0 0 1.2000000000000002 0 0.2 0 0.4 0.6000000000000001 0.8 0 0 0.4 0 0 12.600000000000001 0 0.6000000000000001 0 0 0 0.4 0 0 0 0 7 0 0 0 0 0.4 0 0 0 0 0 0 0 0 0 0.4 0 0 0 0 0 0 0 0 0.2 0 4.4 0 9.8 4.800000000000001 0 3.6 2.4000000000000004 1.4000000000000001 2.8000000000000003 5.800000000000001 2.2 0 2.2 4 1.8 0 2.6 16 0 1.6 0 0 0 0 0 0 1.8 0 0 0 0 3 0 0 0 0 0 0 0 0 0 0.4 0 0 3.6 0 1 0 0 0 0 0 0.8 1.6 0 4 0 0 0 0 0 0 0 0 0 0 0 0 0 0 0.2 0 0 0 0 0 0 0 0 0 0.2 1.4000000000000001 4.4 2.8000000000000003 0 5.4 2 0 6.800000000000001 6.2 2.8000000000000003 0.6000000000000001 3.4000000000000004 2.6 5.4 2 0 16.2 0 5 0 0 0 0 0 0 2.2 0 0 0 0 0 6 0 0 0 0 0 0 0.2 0 0 0 0 0 0 0 0 0 0 0 0 0 0 0 0 0 0 0 0 0 0 2.2 0 0 0 0.2 0 0 0 0 0 0 0 0.4 0 0 0.2 33.6 0 0.8 3.6 0 0 0 0 0 0 0 0 0 0 0 0 0 0 0 0 0 3 0 0 0 0 0 3.8000000000000003 1.8 0 0 0 
 0.2 0.2 0 0.4 17.400000000000002 4.4 0.2 0.2 0.2 0 0.4 0.4 0.8 0.6000000000000001 0.4 0 1 0 1.2000000000000002 0.2 47.2 0 24.8 25 17 10.4 17.400000000000002 85.4 15.8 5.6000000000000005 24.6 15.8 60 50.800000000000004 107.4 43.400000000000006 26.8 77.80000000000001 26.400000000000002 40.2 0 0 0 1 0 0 0 0 0 0 0.4 0.2 0 0.2 0 0.4 0.6000000000000001 0.6000000000000001 1.6 0 0 0.4 0.4 3.8000000000000003 0 0.6000000000000001 0 0 0 0.4 0 0.2 0 0 0.6000000000000001 0 0 0 0.6000000000000001 0.6000000000000001 0 0 0 6.6000000000000005 0 0 0 0.2 0 0 0 0 0 0 0 0 0 0 0 0 2.4000000000000004 3 3.8000000000000003 0 2 0 0 1.6 0 10.4 0 2.2 0 2.8000000000000003 3.6 5.2 5.4 9.600000000000001 0 0.2 0 0 0 0 0 0 1.8 0 0.2 0.2 0 0 0 2.4000000000000004 0 0 3.6 0 0.2 0 0 0 0 0.4 0 0 0.8 0 0 0 0 0 4.6000000000000005 2 0 3.2 1.8 0 0 0 0 0 0 0 2.6 0 0 0 0 0 0 0 0 0 0 0 0 0 0 0 0.2 0 7.6000000000000005 4.4 0 2.8000000000000003 0 2.4000000000000004 0 3.6 4.2 3.8000000000000003 2.8000000000000003 2.4000000000000004 10.8 3.8000000000000003 2 13.200000000000001 0 4.4 1.4000000000000001 0 0 0 0 0 2.6 0 0 0 0 0 1.8 0 0 0 0 0 2.4000000000000004 8.8 0 0 0 0 0 0 0 0 0 0 0 0 0 0 0 0 0.4 0 0 0 0 0 0.4 0 0 0 0 0 14.600000000000001 0 0 0 0 0 6 0 0.4 0 0 0 2.6 4.2 0 0 0 0 0.2 0 0 0 0 0 0 0 0 0 0 0 0 2.8000000000000003 0 2 0 0 0 3.6 0 0 0 0 
 0 0 0 0.2 22 0 0 0 0 1.4000000000000001 0 0.2 0 0 0 0 0 0 0 0 18.6 24.8 0 21 27.400000000000002 9.8 32.6 81.80000000000001 31.200000000000003 19.400000000000002 56.6 23.200000000000003 12.4 10 13.600000000000001 10.8 15.4 83.2 22 19.400000000000002 0 0 0.4 1 0 0 13.8 0 0.2 0 0 0 0 0 0 0.4 0.6000000000000001 0.6000000000000001 0.2 0 2.4000000000000004 0 0 0.8 0 0.2 0 0.4 0 0.4 0 0 0 0 0.6000000000000001 0 0 0 0 0.4 0 0 0 0 0.2 0 0 0 0.2 0 0 0 0 0 0 0 0 0 0 0 0.2 0.2 2.8000000000000003 3.2 0 8.8 2 6.2 6.6000000000000005 4 3.2 3 2.2 1.4000000000000001 2.6 1.8 4.800000000000001 2 0 4.2 0 0 0 0 0 0 2.2 0 0 0 0 0 5 5.2 0 0 0 0 5.6000000000000005 0.2 0 0 0 0 0 0 0 0 0 0 0 0 0 0.6000000000000001 0 0 0 0 0 0.8 0 0 0 0 3.8000000000000003 0 0 0 0 0 0.8 0.8 0 0 0.8 1.4000000000000001 0 0 0 0 4.6000000000000005 0 0 5.2 1.4000000000000001 6 2.6 0 2.6 5.6000000000000005 3.8000000000000003 2.2 0 2.4000000000000004 8 1.6 5.800000000000001 0.4 1.6 2 2 0 0 0 0 0 0 0 0 0 0 0 1.6 4 0 0 0 0 0 3.4000000000000004 0 0 0 0 0 0 0 0 0 0 0 0 0 0 0 0 0 0 0 0 0 0 0 0 0 0 0 0 0 0 0 0 0 0 0.6000000000000001 0 0.4 18.2 15.200000000000001 0.4 0.4 0.2 0 0 0 0 0 0 0 0 0 0 0 0 0 0 0 0 0 0 0 1.6 0 0 0 0 2.2 0 0 0 
 0 0 0 0 0.6000000000000001 14.8 0 1.2000000000000002 0 0 1.2000000000000002 0 0.6000000000000001 0.2 0.2 41.400000000000006 0.6000000000000001 0 0 0 44 25 21 0 91.4 68.60000000000001 70 15 46 35.800000000000004 42.6 43.400000000000006 54.6 58.6 70.8 38 13.600000000000001 17.400000000000002 15.8 13 0 0 0 0.8 0 0 32 0 0 0 0 7.4 15.4 25 12.600000000000001 0.4 0.6000000000000001 0.6000000000000001 0.2 12.4 0 0 0 0.8 0.8 0.4 0.8 0.2 0 0.4 0 0 0 0 0.6000000000000001 0 0 0 0 0.4 0 0 0 0 0 0 0 0 0 0 0 0 0 0 0 0 0 0 0 0 3.2 0 3.6 2.2 1 0 0 0 0 8.200000000000001 0 3 0 2.8000000000000003 0 2.2 0 1.2000000000000002 0 1.8 0 0 0.2 0 0 0 0 4.800000000000001 0 0 0 0 5 0.6000000000000001 3.6 3.8000000000000003 2.2 0 0 5.6000000000000005 0 0 0 0 0.8 0 0 0 0 0.4 0.2 0 0.4 0 0 0 0 0 0.8 0 0 0 0 0 3.2 0 0 0 1.2000000000000002 0 0 0 0 0 0 0 0 0 1.2000000000000002 0 0 0 4.2 1.6 0 7.800000000000001 0 0 3.4000000000000004 9.4 2.6 5 0 0 4 1.8 0.4 0.4 0 0 0 2 0 0 0 0 0.2 6.4 0 0 0 0 0.4 4.6000000000000005 3 0 3.4000000000000004 0 0.2 3 0 0 0 0 0 0 0.4 0 0 0 0 0 0 0 0 0 0 0 0 0.2 0 0 3 0 0 0 0 0 0 0 0 0 0 0 2.8000000000000003 0.8 0.4 1.4000000000000001 0.6000000000000001 0.2 0.6000000000000001 0.2 0 0 0 0 0 0 0 0 0 0 0 0 0 0 0 0 0 2.4000000000000004 0 0.2 0 0 0 3.6 0 0 0 0 
 0 0 0.8 0.4 0.6000000000000001 0 0 0 0 0 0 0 0 0 0 0 0.4 0 0 0 24.6 17 27.400000000000002 91.4 0 38.6 19.400000000000002 13 32.4 30.200000000000003 18 25 59.2 14 25.6 103.2 71.8 50.400000000000006 9.8 27 12.4 25.400000000000002 0 0.8 0 0.4 11.4 24.8 0 0 0 0 12.4 0.2 0 0.4 16.400000000000002 13 0 0 0 0 0 0.8 0 1.8 0 0 0 0.4 0 0 1.2000000000000002 0 0.6000000000000001 0 1 0 0 0.4 0 0 0 0 0 0 0 0 0 0 0 0 0 0 0 0 0 0.2 0 0 0.4 0 4 0.4 14 0 0 0 0 4.2 0 0 0 2.8000000000000003 0 0.4 2 2.6 0 3 3.4000000000000004 1.2000000000000002 6 2.2 1.8 0 5.6000000000000005 2.6 2.2 1.4000000000000001 0 0 6.4 2.2 4.2 3.2 0 0 2 6.800000000000001 0 0 0 0 2.4000000000000004 0 0 0 0 0 0 0 0 0 0 0 0 0 0.6000000000000001 3.8000000000000003 0 0 0 0 0 0 0 0 0 0 0 0.4 0 0.4 0 0 0 0 0 0 0 0 4 0.2 2.6 6.4 0 0 5.2 2.6 0.2 2.2 0 0 1.6 3.8000000000000003 0 0.2 0 0.8 3.4000000000000004 4.800000000000001 6.6000000000000005 0 0 0 0 0.2 0 0 0 2.2 5.800000000000001 0 0 2.4000000000000004 2.4000000000000004 0 2.8000000000000003 2.4000000000000004 0 0 0 0 0 0 0 1.2000000000000002 1.2000000000000002 0 0 0 0 0 0 0 0 0 0 0 0 0 3.2 0 0 0 0 0 0 0 0 0 2 0 1.6 0 0.6000000000000001 15 0.4 4.2 0 0 0 0 0 2.4000000000000004 0 0 0 0 0 0 0 0 0 0 0 0 0 2.6 0 0 0 0 0 2.6 0 0 0 0 
 0 0 0 0 0 0 0 0 0 0 0 0 0 0 0 8.8 0 0 0 0 7.6000000000000005 10.4 9.8 68.60000000000001 38.6 0 28 6 55.6 18.2 13.8 10 7.4 7 7.800000000000001 15.8 15 10 8.200000000000001 13.200000000000001 17 4.800000000000001 0 0.8 0 0 4.4 0.2 0 0.2 0.4 12.600000000000001 12.4 0.6000000000000001 13.200000000000001 1 0.6000000000000001 1 18.8 0 0 1 1 0.8 0 0.2 0 0.4 0 0.4 0 0.6000000000000001 0 0 0.6000000000000001 0 0 0 5.2 0.8 0 0 0 0 0 0 0.4 0 0.4 0 0 0 0 0 0 0 0 0 0 0 0 0 0 0 2.4000000000000004 5.4 0 0 0 0 3 0 0 0 0 0 0 0 0 0 0.2 2.4000000000000004 8.8 4.800000000000001 0 0 6 9.4 2.4000000000000004 4.800000000000001 2.4000000000000004 4.800000000000001 4.2 1.2000000000000002 4.2 5.800000000000001 5.6000000000000005 0 0 6.2 0 0 0 0 0.8 0 0 0.4 0 0 0 2.4000000000000004 0 0 0 0 0 0 0.2 0 0 0 0.2 0 0 0.4 0 1.8 0 0 0 0 0 0 0 0 0 0 0 0 0 0 0 0 0 2.4000000000000004 0 0 0 0 0 4.4 0 0 0 0 0.4 0 0 0 1.8 2.2 4 0 0 0 2.6 2.6 0 2.6 0.2 1.4000000000000001 2 1.6 0.2 5.800000000000001 5.4 2.4000000000000004 7 2.2 0 0 0 0 0 0 0 0 0 0 0 0 0.2 0 0 0 0 0 1.4000000000000001 0 0 0 0 0 0 0 0 0 0 0 0 0 0 0 1 0 0.6000000000000001 16 1 0.2 2.4000000000000004 0.2 0 0 0 0 0 0 0 0 0 0 0 0 0 0 0 0 0 0 0 0 2.4000000000000004 0 0 0 0 2.8000000000000003 0 0 
 0 0 0 0 14.600000000000001 15.200000000000001 0 0 0 0 0 0 0.4 0 0 0 0 0 0 0 30.200000000000003 17.400000000000002 32.6 70 19.400000000000002 28 0 69 60.6 32.6 20.400000000000002 8.200000000000001 24.6 46.2 5.800000000000001 41.6 27.200000000000003 7.2 22 40.2 0 0 0 1 0 0 0 0 33.800000000000004 0 0.2 0.2 0 0.4 0 0.4 13.200000000000001 0.6000000000000001 0 0 0.6000000000000001 0.6000000000000001 0 0.6000000000000001 0 0.6000000000000001 0 0 0 0.4 0 0.4 0 0 0.6000000000000001 0 0 0.2 0 0.4 0 0 0 0 0 0 0 0 0 0 0 2.8000000000000003 0 0 0 0 0 0 0 1.8 4.800000000000001 2 3.6 4.6000000000000005 0 3.4000000000000004 2.2 2 0 5.800000000000001 3.6 4.6000000000000005 4.2 2 7.4 2 3 0 0 0.8 0.4 0 0 0 0 0 0.2 0.2 0 0 0 0 0 0 0 0 0 0 0 0 0.4 0 0 0 0 0 3 0 0 0 0 0 0 0 0 0 0 0 0 1 0 0 0 0 0 0 0 0 0 0 0.4 0.4 0 0 2.2 0.2 0 0 0 0 2.6 0 1.8 0 2.4000000000000004 1.8 0 3 5.4 3.6 4.6000000000000005 1.8 2 3.8000000000000003 2.8000000000000003 3.8000000000000003 3 4 0 1.6 0 0 0 0 0 0 0 0 0.2 0 0 0 0.4 0 0 0 0 0 0 0 0 0 0 0 0 0 0 0 3 0.4 0.2 0 0 0 0 0 0 0 0 0 0 0 2.4000000000000004 0 0 0 0 0 0 0.2 0 0 0 0 0.4 0 0 0 0.2 0.4 0.4 0 0 0 0 0 3.6 0 0 0 0 0 0 0 0 0 0 0 0 0 0 0 0 0 0 0 0 0 0 0 
 0 0 1.2000000000000002 0.6000000000000001 14.600000000000001 0.2 0 0.6000000000000001 0 0.4 1.2000000000000002 14 0.6000000000000001 0 0 0 0 0 0.4 0 60 85.4 81.80000000000001 15 13 6 69 0 84.4 11.4 54.2 7.800000000000001 26.200000000000003 68.4 50 64.2 9.4 56.6 19.6 56.400000000000006 0 0 0 0.8 0 0 6 0 0 0 0 0 3.6 22.8 0 0.4 41.2 0.6000000000000001 0 0 0 0.4 0 0.6000000000000001 0 0.6000000000000001 0 0 0 0.4 0 0 0 0 0.6000000000000001 0 0 0.8 0 0.4 0 0.8 0 0 1.8 0.2 3.6 0 0 0 0 0 0 0 0 0 0 0 0 0 2.8000000000000003 8.8 0 3.8000000000000003 0 0 2.6 6.4 6.800000000000001 2 4.800000000000001 9.4 4.2 1.8 5.800000000000001 5 3 0 0.2 1.4000000000000001 0 0.2 0 0 0 0 0.2 0 0 0 0 0 1.4000000000000001 0 0 2 2.4000000000000004 0 0 0 0 0 0 0 0 0 0 0 0 0 1 0 0.4 0 0 0 0 0 0 0 0 0 0 0 0.8 0 0 0 3.4000000000000004 0 0 0 0 0 0 0 0 0 0.8 0 0 0 2 1.6 0 0 0 3.4000000000000004 1.4000000000000001 1.8 2.6 2.2 5.2 0 1.2000000000000002 7.4 2.6 3.4000000000000004 0 8 0 0 0 0 0 0 1.6 3.2 0 0 0 0 0.2 7.6000000000000005 0 0 0 0 0 2.4000000000000004 0 0 0 0 0 0 0 0 0 0 0 0 0 0 0 0 0 0 0 0 0 0 0 0 0 0 0 0 0 0 0 0 0 0 1.8 0 0.2 0 0.4 0.2 0 0 0 0 0 0 3.8000000000000003 0 0 0 0 0 0 0 0 11.8 0 0 0 0 0 0.6000000000000001 0 0 0 0 0 0 0 0 
 0 0 0 0.4 0 0 0.2 0.4 0 0 0 0 0 0 0 0 0 0 0.2 0 14 15.8 31.200000000000003 46 32.4 55.6 60.6 84.4 0 58.2 84.80000000000001 27.6 17.400000000000002 33.4 36.800000000000004 28 28 9 34.6 50.400000000000006 0 0 0 1 0 0 4.2 0 0 0 0 2.2 0 0 0 0.4 0.6000000000000001 0.6000000000000001 0 0.4 0.2 1.4000000000000001 0 0.6000000000000001 0 0.4 0 10.200000000000001 0 0.4 0 0 0 0 0.6000000000000001 0 0 0.2 0 0.4 0 0 0 0 2.8000000000000003 0 1.6 0 0 0 0 0 0 0 0 0 0 0 0 0 0 0 0 9.8 2 7.4 0 3 0 2.2 5.4 1 0 0 1.8 0 5.4 6.2 0 0 0.2 0 1.8 0 0 0 0 0 0 0 0 0 0 9.8 4 1.6 0 0 2 0 0 0 0 0 0 0 0 0 0 0 0 0 0 0 0 0 0 0 0 1.4000000000000001 0 0 0 0 0 0 0 0 0 0 0 0 3.6 0 0 0 0 0 0 0.2 0 2.6 0.6000000000000001 0.6000000000000001 0.4 3.4000000000000004 0.4 6.800000000000001 5.4 0.4 5.800000000000001 1.8 0 10.200000000000001 0 0 2.8000000000000003 4 0 0 0 0 0.2 0 0 0 0 0 0 0 0 0 3.8000000000000003 3.6 0 0 0 0 5.2 3.6 0 0 0 0 0 0 0 0 0.4 0 0 0 0 0 0 0 0 0.4 0 0 0 0 2.2 0 0 0 0 0 0 0 0 0 0 0 2 0 0 15.4 15 0.4 12.4 0.4 0 0 0 0 0 0 0 0 0 0 0 0 0 0 0 0 0 0 0 5 0 0 0 0 0.2 0 0 0 
 40.800000000000004 0.4 0 0 15 0.6000000000000001 0 0 0 0 0 0 0 0 0.2 0 0.4 0 18.400000000000002 0 17.2 5.6000000000000005 19.400000000000002 35.800000000000004 30.200000000000003 18.2 32.6 11.4 58.2 0 93.80000000000001 25.8 9.600000000000001 56.2 58.800000000000004 47.400000000000006 19.400000000000002 8.8 17 74.60000000000001 0 0 0 1 0 0 12.4 0 0 0 0 1.2000000000000002 0 12.600000000000001 14.200000000000001 0.4 0.6000000000000001 0.6000000000000001 0 12.4 0 0 0 9.600000000000001 8 0.4 1.2000000000000002 0.2 0 0.4 0 0 0 0 0.6000000000000001 0 0 0 0 0.4 0 0 0 0 0 0 0 0 0 0 0 0.2 0 0 0 0 0 0 0 0 0 0 0 4.800000000000001 0 2 4 5.2 8.200000000000001 0.2 0.2 0.2 4 0 1.2000000000000002 5 3 9.8 0 1.6 0 0 0.2 0 0 0 0 2.4000000000000004 0 0 0 0 0.2 0 2.4000000000000004 1.8 0 0 0 1.4000000000000001 0 0 0 0 0 1.2000000000000002 0 0 0 0 0 0 0 0 0 0 0.4 0 0.2 0 0 0 0 0.2 0 0 0 0 0 0 0.2 0.8 0 0 0.8 0.6000000000000001 0 0 0 0 1.6 4.2 0 2.4000000000000004 1.6 14.8 2 0 9.4 3.8000000000000003 7 1.6 0 0 5.800000000000001 3.6 4.4 7 3.6 2.8000000000000003 0 0 0 0 0 0 2.2 0.4 0 0 0 0 2.2 9.600000000000001 0.2 0 0 0.2 2.6 1.6 0 0 0 0 0 0 0 0 0 0 0 2 0 0 0 0 0 0 0 0 0 0 2.4000000000000004 0 0 0 0 0 0 0 0 0 0 0 0 0.2 0 0.6000000000000001 30.6 0 1 0 0 0 0 0 0 0 0 0 0 0 0 0 0 0 0 0 0 0 0 2.8000000000000003 0 0 0 0 0 0 0 0 
 0.4 0.4 0.4 0.4 0.4 0.4 0.4 1.2000000000000002 0.4 0 0.4 0.4 0.4 0.4 0.6000000000000001 0.4 0.4 0.4 0.4 0.8 35 24.6 56.6 42.6 18 13.8 20.400000000000002 54.2 84.80000000000001 93.80000000000001 0 29 64.8 18.2 13 15.4 67.2 8.6 4.4 18.6 15 12.4 0 0.8 0 0 0.2 0 0 0 0 1 12.600000000000001 12 4.800000000000001 0.4 0.6000000000000001 0.6000000000000001 0.2 5.6000000000000005 0 0 0 8.4 1.2000000000000002 0.8 2 0 0 0.4 0 0 0 0 0.6000000000000001 0 0 0.2 0 9.8 0 0 0 0 7.800000000000001 0 0 0 0 0.2 0 0 0 0 0 0 0 0 0 0 0 0 0 2 6.6000000000000005 1.8 0.4 0 0 0 3 2.6 0.4 0 0 5.6000000000000005 0 5.2 0 0 2.2 0 4.6000000000000005 0 0 0 0 5.800000000000001 0 0 0 0.4 7.2 1.8 8.4 2.4000000000000004 0 0 3.6 1.4000000000000001 0 0.2 0 0 0.2 2.4000000000000004 0 0 0.4 0 0 0 0.2 0 0 0 0 0 0.6000000000000001 0 0 0 0 0 0 0 0 0 0 0 0.4 0 0 0 0 0 0 0 0 0 0 3.6 0 0 2 0.2 2 1.4000000000000001 0.6000000000000001 0 2 4.4 0 2.4000000000000004 0 0 0 1.8 1.6 0 0 0 0 0 0 0 0 0.2 0 0 0 6.4 9 0.2 2.6 0 0 0 4 2.8000000000000003 0.2 0 0 0 0 0 0 0 0 0 0 0.4 0 0 0 0 0 0 3.2 0 0 0 2.6 0 0 0 0 0 0 0 0 0 0 0 0 0 0.2 30.8 8.6 0 2.8000000000000003 0 0 0 0 0 0 0 0 0 0 0 0 0 0 0 0 0 0 0 0 0 0 0 0 0 0 0 0 0 
 0 0 0 0 0.6000000000000001 0 0 0 0 0 0 0.2 0 0 0.2 0 0 0 0.4 0 7 15.8 23.200000000000003 43.400000000000006 25 10 8.200000000000001 7.800000000000001 27.6 25.8 29 0 5.2 6.6000000000000005 47 68.2 95.2 15.200000000000001 5.800000000000001 8 0.2 0.2 0 0.8 2 0 0 4.6000000000000005 13.4 0 0 1 0 11.600000000000001 4.6000000000000005 0.4 0.6000000000000001 8.8 0 4.800000000000001 0 6.800000000000001 0 0.6000000000000001 1.4000000000000001 0.6000000000000001 1.4000000000000001 0 6 0.4 0 0 0 0 0.6000000000000001 0 0 0 0 0.4 0 0 0 0 0 0 0.2 0 0 0 0 0 0 0 0 0 0 0 0 2.4000000000000004 0 0 2.2 1.4000000000000001 0 3.4000000000000004 0 0 0 2.8000000000000003 1.8 2.4000000000000004 0 2.4000000000000004 2.8000000000000003 0.6000000000000001 2.4000000000000004 7.2 0 0 3.8000000000000003 0.8 4 1.8 0 0 0.4 2 0 4 0 0 0.2 2.6 4.2 2.2 0 0 0 4.6000000000000005 0 0 0 0 0 0 0 0 0 0 0 0 0 0 0 0 0 0 0 1 0 0 0 0 0.4 0 0 0 0.4 0 0 0 0 0.8 0 0 0 0 0.6000000000000001 0 4.6000000000000005 1.8 1.8 0.2 4.800000000000001 0 0 0 0 2.6 5.6000000000000005 0 0 7.800000000000001 2.2 2.2 0 2.6 0 0 0.4 0 0 0 0 0 4.2 0 0.2 0 0.2 1.8 7.800000000000001 0 3.4000000000000004 0 0 0 3.4000000000000004 2.2 0 0 0 0 0 0 0 0 0 0.2 0 0 0 0 0 0 0 1.4000000000000001 0 0 0 0 0 0 0 0 0 0 0 0 0 0 0.4 0 4.4 0 0.4 0.6000000000000001 18 0 1.6 0 0 0 0 2.2 0 0 0 0 0 0 0 0 0 0 0 0 0 2.8000000000000003 0 0 0 0 0 2.8000000000000003 0 0 0 0 
