 0 24 18.6 9.4 8.8 24 74.60000000000001 13 31.8 10.200000000000001 29.6 11.8 54.800000000000004 11.8 26 4.4 8.4 9.4 28 5.4 0.4 0 0 1.4000000000000001 0 0.4 0.4 0 0 0 0 0.6000000000000001 0.4 0 0 0 0 0 15.8 0 0 0 0 0 0 0 0.6000000000000001 0.4 0.6000000000000001 0 0.6000000000000001 0 0 0 0 0 0 0 0 0 0 0.6000000000000001 4.2 0 0 0.6000000000000001 0 0 0 0 0 0 0 0 0.6000000000000001 0 0.4 0 0 0 4.800000000000001 8.200000000000001 3 0.6000000000000001 4.6000000000000005 3 7.2 8.200000000000001 0 3 0 0 2.4000000000000004 2.8000000000000003 15.200000000000001 1.6 4 0 0.2 0.2 0 0 0 0 0 0 0 0 0 0 0 0 0 0 0 0 0 0 0 0 0 0 0 0 0 0.4 0 3 0 0 0 0 0 0 0 0 0.4 0 0 0 0 0 0 0 0.2 0 0 0 0 0 0 0 0 0 0 2.2 0 0 0 0 6.6000000000000005 0.2 0 0 3.8000000000000003 0 2.6 2.8000000000000003 2.2 0.4 3.4000000000000004 0 1.2000000000000002 1.4000000000000001 1.4000000000000001 0 1.2000000000000002 0 3.2 0 0 0 0 0 0 0 0 0 0 0 0 0 4.6000000000000005 0 0 0 0 0 0 0.2 0 0 0 0 0 0 0 0 0 0 0 0 0 0 0 0 0 0 0 0 0 0 0 0 0 0 0 0 0 0 0 0 0 0 0 0 0 0 0 0 0 3 0 0 0 0.4 0 0 0 0.6000000000000001 0 2.6 2.8000000000000003 0 0 0 0 0 0 0 0 0 0 0 0 0 0 0.4 0 0 0 0 0 0 0 2.2 0 0 0 0 0 0 0 0 0 0 0 0 0 0 
 24 0 11 26.400000000000002 43 21.6 17 54 20.200000000000003 30.400000000000002 25.6 12.8 70.4 8.8 19.200000000000003 24.200000000000003 22.6 24.400000000000002 9.200000000000001 8.200000000000001 0.4 0 0 15.8 0 0 0.4 0 0 0.2 0 0.6000000000000001 0.4 0 0 0 0 0 0.6000000000000001 0 0 0 0 0 0 0 0.6000000000000001 0.4 0.2 0 0.6000000000000001 0 0 0 0 0 0 0 0 0 0 0.6000000000000001 0 0 0 0.6000000000000001 0 0 0 0 0 0 0 0 0.6000000000000001 0 0 0 0 0 4 0 5.800000000000001 0.6000000000000001 0 1.8 1.8 0 2.4000000000000004 7.2 0 1.2000000000000002 7.800000000000001 1.4000000000000001 5.800000000000001 5.2 9.600000000000001 4.4 0 0 0 0 0 0 0 0 0 0 6.800000000000001 0 0 0 0.2 0 0 0 0 0 0 0 0 0 0 0 0 0 0 0 0 0 0 0 0 0 0 0 0 0 0 0 1.8 0 0 0 0 0 0.2 0 0 0 0 0 0 0.4 0 0 0 0 0 0 3.8000000000000003 2 3.8000000000000003 0 7.4 2.4000000000000004 0 0 0 0 2.6 2.6 0 4.800000000000001 7.4 0 3.4000000000000004 0 0 0 0 0 0 0 0 0 0 0 0 0 0 0 1.8 3.8000000000000003 0.2 1.4000000000000001 0 0 0 0 0 0 0 0 0 0 0 0 0 0 0 0 0 0 2.4000000000000004 0 0 0 0 0 0 0 0 0 0 0 0 0 0 0 0.4 0 0 0 0 0 0 3.6 0 0 0 0 0 0 0.4 0 0.2 0 0 0 0 0.8 3 0 0 0 0 0 0 0 8.4 0 0 0 0 0 0 0 0 0 0 0 0 0 0 6 0.2 2.6 0 0 0 0 0 0 0 0 0 0 0 0 
 18.6 11 0 51.2 63.400000000000006 5.2 11.600000000000001 23 26.400000000000002 45.6 42.400000000000006 4.6000000000000005 35.2 46.2 16.6 77 8.6 31.8 7.6000000000000005 86 15.200000000000001 0 0 0.4 14.4 0 0.4 0 0 0 0 1 0.4 14.8 14.8 0 0 0 0.6000000000000001 0 0 0 0 0 0 0 0.6000000000000001 0.4 0.4 0 0.6000000000000001 0 0.2 0 0 0 0 0 0 0 0 0.6000000000000001 0 0 0 0.6000000000000001 0 0 0.2 0 0 0 0 0 0.6000000000000001 0 0 0 0 0 8.8 4.2 5.2 3.4000000000000004 0 0 4 3 2.8000000000000003 3.6 4.4 0 2.2 5.2 4.4 0.2 6.4 5.800000000000001 0 0 4 0 0 0 3.6 0 0 2.6 0 0 0 0.6000000000000001 2.6 0.4 0 0 0 0 2.8000000000000003 1.2000000000000002 0 0 0 0 0 0 0 0 2 0 0 0 0 0 0 0 0 0 0 0 0 0 0 0 0 0.2 0 0 0 1.6 0 0 0 0 0.4 0 0 0 0 0 2.6 3 7.4 6.800000000000001 2.8000000000000003 5.4 1.8 0 5.6000000000000005 6.800000000000001 2.4000000000000004 1.2000000000000002 2.2 1 0.2 0.2 3.8000000000000003 4.800000000000001 0 1.2000000000000002 0 5 0 0 0 0 5 0 3.2 0 0.2 0 0 0 6.6000000000000005 0.2 0 3 2.2 7.2 0 0 0 0 0 0 0 0 0 0 0 0 0 0.2 0 0 0 0 2.6 0.4 0 0 0 0 0 0 0 0 0 0 0 0 0 0.4 0 0 0 0 0 0 0 3 0 0 0 0.2 0 0 17.8 0 0.2 8 0 0 0 0 0 0 0 0 0 0 0 0 0 0 0 0 0 0 0 0 0 0 0 7.2 0 0 0 0 0 0 0 0 0 0 0 0 0 0 
 9.4 26.400000000000002 51.2 0 95.4 42.6 14.8 52.400000000000006 33.2 70 44.400000000000006 10.200000000000001 33.6 31.8 14 46 42.2 26.400000000000002 18.400000000000002 12 0.4 0 0 0.4 0 0 0.4 0 0.4 0.2 0 1.2000000000000002 0.4 0 0.2 0 0 0.4 0.4 0 0 0 0 0 0 0 0.6000000000000001 0 0.6000000000000001 0 0.6000000000000001 0 0 0 12.4 0 0 9 0 0 0 0.6000000000000001 0 0.8 0 0.6000000000000001 10.8 0 11.8 0 0 0 0 0.2 0.6000000000000001 0 0.4 0 0 0 3 0 0 2 0 3.2 0 1.4000000000000001 10.4 3.8000000000000003 7.6000000000000005 8.8 0 0 0 6 5.2 6.800000000000001 2.4000000000000004 0 0 0 0 0 0 0 0.6000000000000001 0 0.2 0 0 0 8 0 2.6 2.4000000000000004 0 0 0.4 1.6 0 0 0 0 0 0 0 0 0 0 0 0 0 0 0 0 0 0 2.8000000000000003 0 0 0 0 0 0 0 0 0 0 0.6000000000000001 0 0 0 0 0.6000000000000001 0 0 0 0 0 5.800000000000001 1.2000000000000002 2.2 7 0 2.2 0.4 3.6 8.200000000000001 4 0.8 8.200000000000001 1.8 0 0 0.4 5.6000000000000005 0.4 0 0 5.2 0 0 0 0 0 0.6000000000000001 0 0 0 0 0 0 1.6 0.2 3.8000000000000003 0 0 6 0.6000000000000001 0 0 0 0 0 0 0 0 0 0 0 0 0 0 0 0 0 0 2.8000000000000003 0 0 0 0 0 0 0 0 0 0 0 0 0 0 0 0 0 0 0 0 0 0 0.2 0 0 0 0 0.4 0 0.2 17.2 0 0 0 0 0 0 0 0 0 0 0 2.2 0 0 0 0 0 0 0 0 0 0 0 0 0 0 5 0 0 0 0 0 0 0 0 0 0 0 0 0 
 8.8 43 63.400000000000006 95.4 0 15.8 12.200000000000001 52.800000000000004 37.4 19.200000000000003 17.6 57.800000000000004 44.6 29.400000000000002 16 71.60000000000001 29 10.600000000000001 15 20 15.200000000000001 0 14.8 0.4 0 0 0.6000000000000001 0 15.200000000000001 0 0 0.6000000000000001 0.4 6.4 0 0 14.8 7.2 0.4 15.200000000000001 0 0 0 0.2 0 12.4 0.6000000000000001 0.4 0.6000000000000001 0 1.8 0 0 0 0 0 0 0 0 0 0 0.6000000000000001 0 0 0 0.6000000000000001 0 0 0 0 0 0 0 0 0.6000000000000001 0 0.4 0 0 0 2.6 1.6 2.4000000000000004 0 0 8.200000000000001 0 2.2 0 1.6 0 4.6000000000000005 0 6.2 3 3 1.4000000000000001 2.2 0 0 0.4 3.8000000000000003 0 0 0 0 6.6000000000000005 2.8000000000000003 0 0 0 0 4.6000000000000005 0.2 2.8000000000000003 0 0 4 4.2 5.2 0 0 0 0 0 0 0 0 0 0 3.4000000000000004 0 0 0.2 0 0 0 0 0 0 0 0 0 0 0 0 0 0 0 0.8 0 0 0 0 0.2 0 0 0 0 0 0 2.2 6.6000000000000005 4.800000000000001 3.4000000000000004 2.2 0 4 4 2.8000000000000003 0 4.2 0 0.4 0 2 5.6000000000000005 5.2 0 1.2000000000000002 5.6000000000000005 0 0.8 5.2 0 0 2.6 0 1.6 0 1.4000000000000001 0 0.6000000000000001 2.4000000000000004 0 0.2 2.8000000000000003 3.6 7.6000000000000005 4.2 0 0 0 0 0 0 0 0 0 0 0 0 0 0 0 0 0 0 0 0 0 0 0 0 0 0 0 0 0 0 0 0 0 0 0 0 0 0 0 0 0 0 2 0 0 1 0.2 0 18 18.400000000000002 0 1.2000000000000002 0 0 0 0 0 0 0 0 0 0 0 0 0 0 0 0 0 0 0 0 0 0 0 0 0 0.2 0 0 0 2.8000000000000003 0 0 0 0 0 0 0 0 
 24 21.6 5.2 42.6 15.8 0 4.6000000000000005 39.2 86.2 26 30.400000000000002 45.400000000000006 12 53.800000000000004 10 36.4 30.400000000000002 64.4 6.4 11.4 15.200000000000001 2.4000000000000004 0 1 1.2000000000000002 0.4 13.8 13.4 0.4 0 0 0.8 7.2 17.8 14.600000000000001 0 0 0.8 14.600000000000001 19.200000000000003 0 0 0 0 0.2 0 1.2000000000000002 0.4 1.2000000000000002 0 1.2000000000000002 0 0 3.6 0.6000000000000001 0 0 0 0 0 0 0.6000000000000001 0 0 0 0.6000000000000001 0 0 0.4 0 0 0 0 0 0.6000000000000001 0.4 0 0 0 0 0 4 0 0 10.4 3.4000000000000004 0 2.2 2.8000000000000003 2.6 0 2.2 0 0 3 7 0 2.2 0 0 5.2 0 0 2.6 0 0 6.800000000000001 4.800000000000001 0 0 2.2 0 0 1.6 0 0 0 0 2.6 0.4 0 0 0 0 0 0 0 0 0 0 0 0 0 0 0 0 0 0 0 0 0 0 0 0 0 0 0 0 0 0 0 0 0 0 0 0 0 0 0 0 0 2.6 1 0 1.8 3.6 0 6.6000000000000005 2.6 0 1.8 6 0 0 0 2.4000000000000004 3.2 3.8000000000000003 0 0 2.6 2.8000000000000003 0.2 0 0 0 2 0 2.6 0.2 0 0 4.2 4 0.2 3.4000000000000004 0 2.6 5.800000000000001 5 0 0 0 0 0 0 0 0 0 0 0 0 0 0 0 0 0 0 0 0 0 0 0 0 0 0 0 0 0 0 0 0 0 0 0 0 0 0 0 0 0 0 0 0 0 1.2000000000000002 0.2 1 1 24.6 0.2 1.2000000000000002 0 0 0 0 0 0 0 0 0 0 7.800000000000001 0 0 0 0 0 0.2 0 0 0 0 0 0 0 0.6000000000000001 0 0 0 0 0 0 0 0 0 0 0 0 0 
 74.60000000000001 17 11.600000000000001 14.8 12.200000000000001 4.6000000000000005 0 12.600000000000001 74.4 7 9.8 10 26.6 30 59.2 9.200000000000001 7.2 17.6 37.2 14.4 0.4 0 0 0.6000000000000001 0 0 0.4 0 0.2 0.4 0 0.6000000000000001 15.200000000000001 0 0 0 0 0.4 0.6000000000000001 0 0.8 0 0 0 0 0 0.6000000000000001 0.4 0.8 0 0.6000000000000001 0 0 0 0 0 0 0 0 0 0 0.6000000000000001 0 0 0 0.6000000000000001 0 0 0.2 0 0 0 0 0 0.6000000000000001 0 0 0 0 0 0 5.6000000000000005 2 0 0 0 3.6 7.4 0 2.4000000000000004 0 0 0.2 2.6 2.4000000000000004 2.6 2.4000000000000004 0 3.2 3.4000000000000004 0 0 0 5.6000000000000005 0 0 0 0 0 0 0 0 0 0 0 0 0 0 0 0 0 0 0 0 0 0 0 0 0 0.4 4.6000000000000005 0 0 0 0 0 0 0 0 0 0 0.2 0 0 0 0 0 0.4 0 0 0.2 0 0 0 0 0 0 0 0 0 2.8000000000000003 0 0 9.200000000000001 0 0 7.4 2.8000000000000003 0 0 2 0 5.6000000000000005 0 2.4000000000000004 0.2 0 0 2.8000000000000003 1.4000000000000001 0 0 0 0 0 0 0 0.2 0 0 1.6 0 0 0 0 0 0 0 0 0 0 0 0 0 0 0 0 0 0 0 0 0 0 0 0 0 4.800000000000001 4.4 0 0 0 0 0 0 0 0 0 0 0 0 0 0 0 0 0 0 0 0 0 1.8 0 0 0 0 0 0.4 0 0 0.4 0 0 1.2000000000000002 3 0 0 0 0 0 0 0 0 0 0 0 0 0 0 0 0 0 0 0 0 0 0 0 0.2 0 0 0 0 0 0 0 0 0 0 0 0 0 
 13 54 23 52.400000000000006 52.800000000000004 39.2 12.600000000000001 0 73.8 26.6 50.800000000000004 18.400000000000002 76.4 36.800000000000004 12.600000000000001 46.400000000000006 37.6 18.2 15.4 9.4 0.4 0 0 0.4 0.6000000000000001 0.2 0.4 25.8 0 1.2000000000000002 0.2 0.6000000000000001 0.4 0 0.8 0 0 0.4 0.4 0 0 0 0 0.4 0 12.4 0.6000000000000001 0.4 0.6000000000000001 0 0.6000000000000001 0.8 0 0 0 0 0 0 0 0 0 0.6000000000000001 0 0 1 0.6000000000000001 0 0 0.2 0 0 0 0 0.4 0.6000000000000001 0 0.4 0 0 0 7 0 8 1.6 0 2 2 1.2000000000000002 7.800000000000001 2.8000000000000003 0.2 9.4 5.4 0 2.6 9.8 6.800000000000001 8 0.4 0 0 0 0 0 0 0 0.8 0 0 0 0 0 3.2 0 0.2 0 0 0 0 0 0 0 0 0 1.2000000000000002 0 0 0 0 0.4 0 0 0 0 0 0 0 0 0 0 0 0 0 0 0 0 0 0 0 0 0 0 0 0 0 0.2 0 0 0 0 0 1.8 2.2 4 2.6 1.8 3 4 3 1.6 0.2 4.4 0 3.6 6.6000000000000005 0.4 7 5.4 0 0 3.2 0 0 0 2 0 0.2 0 0 0 0 0 2.4000000000000004 1.4000000000000001 0 2.6 0 0 4.2 0 0 0 0 0 0 0 0 0 0 0 0 0 0 0 0 0 0 0 0 0 0 0 0 0 0 0 0 0 0 0 0 0 0.2 0 0 0 5 0 0 0 0 0 0 0 0 0 0.6000000000000001 0 0 17.8 0 0.4 0 0 0 0 0.4 0 0 0 0 0 0 0 0 0 0 0 0 0.2 0 0 0 0 0 11.4 2.2 4.2 0 0 0 0 0 0 0 0 0 0 0 0 
 31.8 20.200000000000003 26.400000000000002 33.2 37.4 86.2 74.4 73.8 0 30.6 41 29 40.6 47.6 38.2 36 22.6 33.4 13 46.800000000000004 0.4 0 0.2 0.4 0 0 0.4 0 0 0 0 16.400000000000002 0.4 0 0 0 0 0 3.2 0 0 0 0 0 2.2 0 0.6000000000000001 0 0.4 0 0.6000000000000001 0 0 0 0 0 0 0 0 0 0 0.6000000000000001 0 0 0 0.6000000000000001 0 0 0.4 0 0 0 0 0 0.6000000000000001 0 1.2000000000000002 0 0 0 4.800000000000001 9.8 4.6000000000000005 0 6.4 1.8 0.2 2.2 3.2 2 0 6 3 0 3.6 2.6 2.4000000000000004 2.2 2.2 0 1.4000000000000001 0 0 0 0 0 2.2 0 0 0 0 0 4.2 0 0 0 0 0 0 0 0 0 0 0 0 0 0 0 0 0 0 0 0 0 0 0 0 0.2 0 0 0 0.2 0 0 0 0 0 0 0 0 0 0 0 0 0 0 0 0 0 0 0 1.4000000000000001 6.4 9 0 0 6.800000000000001 3.4000000000000004 3 0 1.2000000000000002 2.6 0 1.8 0 3.6 2.4000000000000004 4.6000000000000005 0.2 1.2000000000000002 2.4000000000000004 0 0 0 0 0 0 0 0 0 0 0 5.800000000000001 0 0 0.2 0 0 4.2 0 0 0 0 0 0 0 0 0 0 0 0 0 0 0 0 0 0 0.4 0 0 0 0 0 0 0 0 0 0 0 0 0 0 0 0 0 0 0 0 0 0.4 0 0.4 0 0 0 0.4 0 0 17.8 17.2 0 0.2 0 0 0 0 0 0 0 0 0 0 3.2 0 0 0 0 0 0 0 0 0 0 0 0 0 0 0 0 0 0 0 0 0 0 0 0 0 0 0 
 10.200000000000001 30.400000000000002 45.6 70 19.200000000000003 26 7 26.6 30.6 0 45.6 27.200000000000003 13.8 36.2 123.60000000000001 27.200000000000003 27.400000000000002 62 11.8 36.4 16.6 0 0 0.4 0 0 0.4 0.2 0.4 0 0 0.6000000000000001 0.4 14.8 15.4 0 0 0.4 0.6000000000000001 0 0 0 0 0 0 0 1.2000000000000002 0 12.4 0 0.6000000000000001 0 0 0 0 0 0 0 0 0 9 0.6000000000000001 0 7 0 0.6000000000000001 0.6000000000000001 0 0 0 0 0 0 0 0.6000000000000001 0 0 0 0 0 3.8000000000000003 2 1.8 0 0 1.8 4 4.2 4 5.4 1.4000000000000001 5 0 2.6 0.2 8.6 5.4 6.800000000000001 0.8 0 2.2 0 0 0 0 0 0 0 0 0 0 5.6000000000000005 9.600000000000001 0.2 4.2 0 4.2 0 4.4 15.8 0 0 0 0 0 0 0 0 0 0 0 0 0 3 0 0 0 0 0 0 0 0 4.6000000000000005 0 0 0 0.6000000000000001 0 0 0.8 0 0 0 0 0 0 0.8 0 0 0 3.4000000000000004 1.2000000000000002 2 14.4 0 9.8 2 0.4 5.2 7.6000000000000005 5.2 5 1 0 0 0 1.8 2.8000000000000003 0 0 1.4000000000000001 3 0 0 0 0 2 0 2.8000000000000003 0 0 0 0 1.8 0.2 2.8000000000000003 0 0 2.6 1.8 0 0 0 0 0 0 0 4 0 0 0 0 0 0 0 0 0 0 2 0 0 0 0 0 0 0 0 0 0 0 0 0 0 0 0 0 0 0 0 0 0 3.6 0 0 0 0.4 0.4 0.6000000000000001 0 0.8 0 2 0 0 0 0 0 0 0 0 3 0 0 0 0 0 0 0 0 0 0 0 0 0 0 0 4.2 0 0 0 0 0 0 0 0 0 0 0 0 0 
 29.6 25.6 42.400000000000006 44.400000000000006 17.6 30.400000000000002 9.8 50.800000000000004 41 45.6 0 11.600000000000001 9.4 8.200000000000001 30.200000000000003 40 19.400000000000002 19 11.4 36.2 15.200000000000001 0.6000000000000001 7 0.4 0 0 0.4 0.6000000000000001 0 0 0 0.6000000000000001 38.2 14.8 14.8 0 0.2 0 17.2 0 0 0 0 0 0 0 0.6000000000000001 0 0.4 0 0.6000000000000001 0 0 0 0 0 0 0 0 0 0 0.6000000000000001 0 0 0 0.6000000000000001 0 0 0 0 0 0 0 0 0.6000000000000001 0 0 3.4000000000000004 0 0 4 6.6000000000000005 0 2.6 3 6.2 0 3.4000000000000004 3 0.2 7 3 1.4000000000000001 0 10 6 3.4000000000000004 5.2 2.2 0 3.6 0 0 0 0 0 0 6 0 0 0 2 3.2 0 1.2000000000000002 0 0 0.4 3 1.2000000000000002 0 0 0 0.2 0 0 0 0.2 0 0 0 0 0 0 0 0 0 0 0.4 0 0 0 0 1 0 0 0 0 0 1.6 0 0 0 0 0 0 0.4 0 0 0 3.6 0 6.2 2.2 4.6000000000000005 4.4 0 3 2.6 11.200000000000001 4.2 1.2000000000000002 0 3 0 0 1.2000000000000002 0 0 0 1.4000000000000001 6.800000000000001 0 0 0 0 3.4000000000000004 0 3.2 2 0 0 3 2.8000000000000003 6 0 0 0 6.4 4.800000000000001 0 0 0 0 0 0 0 0 0 0 0 0 0 0 0 0 0 0 0 0 0 0.4 0 0 0 0 0 0 0 0 0 0 0 0 0 0 0 0 0 0 0 2.6 0 0 0.2 0.2 0 0 0 0.2 0 2 0 0 0 0 0 0 0 0 0 0 0 0.4 0 0 0 0 0 0 0 0 0 0 0 5 1.6 0 0 0 0 0 0 0 0 0 0 0 0 0.2 
 11.8 12.8 4.6000000000000005 10.200000000000001 57.800000000000004 45.400000000000006 10 18.400000000000002 29 27.200000000000003 11.600000000000001 0 10.200000000000001 10.600000000000001 4.800000000000001 25.6 34.800000000000004 15.4 10.200000000000001 49.2 0.4 0 14.8 0.4 0.4 0 0.6000000000000001 7 0.6000000000000001 1 0 13.200000000000001 32.800000000000004 0 0.8 0.4 1 0 30.6 7 0 1 0 0 0 0 0.6000000000000001 0 0.6000000000000001 12.600000000000001 0.6000000000000001 0 1 0 0 0 0 0 0.2 0 0.4 0.6000000000000001 0 0 1.2000000000000002 0.6000000000000001 0 0 0 0 0 0 0 0.6000000000000001 0.6000000000000001 0 0.4 0 0 7.800000000000001 0 0 0.2 0 4 12.8 0.4 1 0.2 0 8.4 1.2000000000000002 0 0 2.2 1.8 2.6 0.6000000000000001 3.2 0.4 2.8000000000000003 0 0.2 0 0 0 2 2.6 2.2 0.2 0.4 0 0.2 0.2 2 0 0 0 2 8.4 0 0 0 0 0 0 0 0 0 0 0 0 0 0 0 0 0 0 0 0 0 0 0 0 0 0 0 0 0 0.4 0 0 0 0 0 0.4 0 0 0 0 0 1.8 0 3 6 0 0 0 0 1.6 0.2 0.2 0 0 2.8000000000000003 2.2 5.800000000000001 4.6000000000000005 0.4 0 3.8000000000000003 0 0.2 0 0 0 2 5.2 0 2.2 0 0 10.8 2.4000000000000004 2 0 0 0 3.2 2.6 0 0 0 0 1.6 0 0 0 3 0 0 0 0 1.6 0 0 0 6 0 0 0 0 0 0 0 0 0 0 0 0 0 0 0.4 0 0 0 0 0 0 0 0 0 0 0 0 0 0.6000000000000001 0 0.4 17.6 0 0.4 0 0 0 0 0 0 0 0 0 0 0.4 0 0 0 0 0 0 0.4 0 0 0 0 0 2.8000000000000003 0.6000000000000001 2.8000000000000003 0 0 0 0 0 0 0 0 0 0 0 0 
 54.800000000000004 70.4 35.2 33.6 44.6 12 26.6 76.4 40.6 13.8 9.4 10.200000000000001 0 19.6 27.8 9 28.400000000000002 7 28 27 0.8 0 0 0.4 0 0.2 0.4 0 0 0 0 0.6000000000000001 1 0 0 0 0.6000000000000001 0 0.6000000000000001 0 0.6000000000000001 7.4 0 0 0 0 1.4000000000000001 0.2 0.4 0 0.6000000000000001 0 0 0.6000000000000001 0.4 0.4 0 0 0 0 0 0.6000000000000001 0 0.4 0 0.6000000000000001 0.4 0 0.4 0 0 0.2 0.6000000000000001 0 0.6000000000000001 0 0 0 0 0 3.2 5.800000000000001 7.800000000000001 4 1.8 2.2 0 0 2.8000000000000003 0 0 0 5.6000000000000005 7.2 0 2.6 6.2 2.6 4.4 5.6000000000000005 0 0 0 0 0 0 0 0 0 0 0 0 0 0 0 0 0 0 0 0 0 0 0 0 0 0 0 0 0 0 0 0 0 0.6000000000000001 0 0 0 0 0 0 0 0 0 0 0 0 0 0 0 3 0 0 0 0 0 0 0 0 0 0 0.2 2.6 2.8000000000000003 5 0 0.2 5.4 0 1.6 1.6 1 0 1.8 3.2 3.6 0 0 4.800000000000001 0 1.6 0 0 0 0 0 0 0 0 0 0 4 0 0 0 0 0 0 0 0 0 0 0 0 0 0 0 0 0 0 0 0 0 0 0 0 0 0 0 0 0 0 0 0 0 0 0 0 0 0 0 0 0 0 0 0 0 0 0 0 0 0 0 0 0 0 0 0 0 9.600000000000001 0.4 0 1.8 0 0 0 0 0 0 0 0 0 0 0 0 0 0 0 0 0 0 0 0 0 0 0 0 0 0 0 0 0 0 0 0 0 0 0 0 0 0 
 11.8 8.8 46.2 31.8 29.400000000000002 53.800000000000004 30 36.800000000000004 47.6 36.2 8.200000000000001 10.600000000000001 19.6 0 74.4 14.4 29.8 35.6 16 119.60000000000001 0.4 0.4 0.4 17.400000000000002 0 0 0.4 0 0 0 0 0.6000000000000001 0.4 0 0.4 0.6000000000000001 0 0 0.6000000000000001 0 1 0 0 0 0 0.2 0.6000000000000001 0 0.4 0 0.6000000000000001 0 1 0 1 7.6000000000000005 0 0 0 0 0.2 0.6000000000000001 0 0.8 11 0.6000000000000001 0.8 0 0.4 0.6000000000000001 0 0 0 0 0.6000000000000001 0 0 1.2000000000000002 0 0 9.600000000000001 5.800000000000001 2.8000000000000003 2.8000000000000003 0 1.6 5.2 0.2 7 7.4 2.8000000000000003 3.4000000000000004 0 4.6000000000000005 0 0 0 2.4000000000000004 0.4 3 0 0 0 0 0 0 0 0 0 0 0 2.2 3 0 0 0 0 0 0 0 0 0 0 0 0 0 0 0 0 0 0 0 0 0 0 0 0.4 0 0 0 0 0 0 0 0.2 0 0 0 0.2 0 0 0 0 0 0 0 0 0 0 0 0 11.4 6.6000000000000005 3.8000000000000003 0 5.4 3.8000000000000003 0.4 1.8 3.8000000000000003 2.4000000000000004 0 0 1.6 0 1.8 0 2.2 0 1.2000000000000002 0 0 0 0 0 0 0 0 0 0 0 0 0 0 0 0 0 0 0.2 2.2 0 2.2 0 0 0 0 0 0 0 0 0 0 0 0 0 0 0 0 0 0 0 2.8000000000000003 0 3.2 0 0 0 0 0 0 0 0 0 0 0 0 0 0 0 0 0 0 0 0 0 0.4 0 0 0.6000000000000001 0.6000000000000001 0 5.4 0 0 0 0 0 0 0 0 0 0 0 0 0 0 0 0 0 0 0 0 0 0 0 0 0 0 0 0 0 0 0 0 0 0 0 0 0 0 
 26 19.200000000000003 16.6 14 16 10 59.2 12.600000000000001 38.2 123.60000000000001 30.200000000000003 4.800000000000001 27.8 74.4 0 35.800000000000004 11.4 24 28.6 63.800000000000004 0.4 0 0 15.4 0 0 0.4 0 0 0 0 0.6000000000000001 0.4 0 0 0 0 0 0.6000000000000001 0 0 0 0 0 0.2 0 1 0.4 0.2 0 0.6000000000000001 0 0 0.6000000000000001 0.4 0.4 0 0 0 12.4 0 0.6000000000000001 0 0 0 0.6000000000000001 0 0.2 0.2 0 0 0.2 0 0 0.8 0 0 1 0 0 7.6000000000000005 0.2 7.6000000000000005 1.8 2.4000000000000004 0 8 0 1.4000000000000001 10.600000000000001 0 0 5.2 6.2 4.4 0 8.4 2.6 3 5 0 0 0 0 0 0 0 0 0 0 0 1.6 0 0 0 0 0 0 0 0 0 0 0 2 0 0 0 0 0 0 0 0 0 0 0 0 0 0 0 0 0 0 0 0.4 0 2.2 0 0 0 0 0 0 1.6 2.6 0 0 0 0 0 3.8000000000000003 0 5.6000000000000005 13.200000000000001 2 2.8000000000000003 1 0.4 3.4000000000000004 0 3.4000000000000004 3 0 0 5.4 7.6000000000000005 2.4000000000000004 0 7.6000000000000005 0 1.8 0 0.2 0 0 0 0 0 0 0 0 0 0 0 0 0 0 0 0 0 0 0 0 0 0 0.2 0 0 0 0 0 0 0 0 0 0 0 0 0.4 0 0 0 0 0 0 0 0 0 0.2 0 2.2 0 0 0 0 0 0 0 0 0 0.4 0 0 0 0 0 0 0.6000000000000001 0.4 17.6 0 3.4000000000000004 2.6 0 0 0 0 0 0 0 0 0 0 0 0 0 0 0 0 0 0 0 0 0 0 0 2.6 0 0 0 0 0 0 0 0 0 0 0 0 0 0 
 4.4 24.200000000000003 77 46 71.60000000000001 36.4 9.200000000000001 46.400000000000006 36 27.200000000000003 40 25.6 9 14.4 35.800000000000004 0 32.4 95.60000000000001 8.8 73.8 0.6000000000000001 0 0 0.4 0 0 15.4 0 0 0 0 0.6000000000000001 0.4 0 0 0 0 0.4 0.4 0 0 0 0 0 0 0 0.6000000000000001 0 0.6000000000000001 0 0.6000000000000001 0 0 0 0 0 0 0 0 0 0 0.6000000000000001 0 0 0 0.6000000000000001 0 0 0.6000000000000001 0 0 0 0 0 0.6000000000000001 0 0.2 0 0 0 4.800000000000001 3 2.6 2.2 5 3 3.2 4 9.4 2.8000000000000003 0 0 0 2 4 3.8000000000000003 6 5.800000000000001 0 0 3 0 0 0 0 0 0.2 4 0 0 0 2 6.4 0 0 0 0 0 0 2.2 0.4 0 0 0 0 0 0 0 0 0.2 1.6 0 0 0 0 0 0 0 0 0 0 0.4 0 0 0 0 0 0.2 0 1 0 0 0 0 0 0 0 0 0 0 3 0 8.8 7.2 4 7 2.4000000000000004 0.4 5.4 8 2.2 2 4 0 0 0.2 2.4000000000000004 4.2 0 0 0 0 0 0 0 0 2.2 0.4 0.2 0 0 0 0.4 4.6000000000000005 4 0 0 0 0.4 0 0 0 2 0 0 0 0 0 0 0 0 0 0 0 0 0 0 0 1.6 0 0 0 0 0 0 0 0 0 0 0 0 0 0 0 0 2.2 0 0 0 0 0 8 0 0 0 0 0 0.4 0.2 0.4 0.2 3.4000000000000004 0 0 0 0 0 0 0 0 0 0 0 0 0 0 0 0 0 0 0 0 0 0 0 0 0 0 0 0 0 0 0 0 0 0 0 0 0 0 
 8.4 22.6 8.6 42.2 29 30.400000000000002 7.2 37.6 22.6 27.400000000000002 19.400000000000002 34.800000000000004 28.400000000000002 29.8 11.4 32.4 0 15.4 5.2 26.400000000000002 0.4 0 0 0.4 0 0 0.8 1.2000000000000002 0.6000000000000001 0 0 1.2000000000000002 0.4 0 0.4 0.4 0 0.8 1.6 1 0.4 0 0.4 0.4 1 0.6000000000000001 1.4000000000000001 0 0.6000000000000001 0 0.6000000000000001 0 0 0 0 0 0 0 0 0.6000000000000001 1.2000000000000002 0.6000000000000001 0.2 0 0 0.6000000000000001 0 0 0 0 0 0.8 0 0 0.6000000000000001 0 0.2 0.2 0.6000000000000001 0 9.8 2.2 7.2 2 0 3.2 0 1 6.800000000000001 0 0 7.6000000000000005 7.6000000000000005 0 4.4 10.600000000000001 2.6 5.6000000000000005 2.2 0 0 0 0 0 0 0 2.2 0 0 0 0 0 2.8000000000000003 0 0.2 0 0 0 0 0 0 0 0 0 0 0 0 0 0 0 0 0.4 0 0 0 0 0 0 0 0 0 0 0 0 0 0 0 0 2.6 0 0 0 0 0 0 0 0 0 0 0 0 5 7.2 3.6 3 0 2 4 3.4000000000000004 9.200000000000001 0 1.2000000000000002 0 3.2 5 1.6 3.8000000000000003 8.4 0 1.2000000000000002 3.8000000000000003 0 0 0.2 0 0 0.2 0 0 0 0 0 1.4000000000000001 4.2 0 0.2 0 0 6.800000000000001 0.2 0 0 0 0 0 0 0 0 0 0 0 0 0 0 0 0 0 0 0 0 0 0 0.2 0 0 0 0 0 0 0 0 0.2 0 0 0.2 0 0 0 0 0 0 0 0 0 0 0.4 17.6 0 17.2 17.400000000000002 0 2.6 0 0 0 0 0 0 0 0 0 0 0 0 0 12.4 0 0 0 0 0 0 0 0 0 3.6 2.2 3.8000000000000003 0 0 0 0 0 0 0 0 0 0 0 0 
 9.4 24.400000000000002 31.8 26.400000000000002 10.600000000000001 64.4 17.6 18.2 33.4 62 19 15.4 7 35.6 24 95.60000000000001 15.4 0 10.4 26.400000000000002 0.4 0 0.2 0.4 0 0 4.800000000000001 0 0 0 0 0.6000000000000001 0.4 15 0 0 0 0 0.6000000000000001 0 0 0 0 0 0 0 0.6000000000000001 0 0.4 0 0.6000000000000001 0 6.6000000000000005 0 0 0 0 0 0 0 0 1.2000000000000002 0 0 0 0.6000000000000001 0 0 0.2 0 0 0 0 0 0.6000000000000001 0 0 0 0 0 9.4 1.2000000000000002 2.8000000000000003 0 2 0 3.2 4.2 6.4 2 0 0.2 0 2.2 0.4 0 5.2 5.2 2.4000000000000004 0 2 0 0 0 0 0 0 3.2 0 0 0 2.2 3 0 2.4000000000000004 0 0 0 0.2 0 0 0 0 0 0 0 0 0 0 0 0 0 0 0 2.6 0 0 0 0 0 0 0 0 0 0 0.8 0 0 0 0 0 0 0 0 0 0 0 0 0 0 3.4000000000000004 0.6000000000000001 4.2 3.8000000000000003 2.6 5.800000000000001 2 3.2 9.200000000000001 3.8000000000000003 4.4 4.2 0.8 0 0.2 0 1.8 8.8 0 7 0.2 0 0 0 0 0 0 0 0 0 0 0 0 1.6 0 4 0 0 0.2 0 0 0 0 0 0 0 0 0 0 0 0 0 0 0 0 0 0 0 2 0 0 0 0 0 0 0 0 0 0 0 0 0 0 0 0 0 0 0 0 0 0 3.6 0 0 0 0 17.6 0.6000000000000001 0.6000000000000001 24.200000000000003 0 2.4000000000000004 0 0 0 0 0 0 0 0 0 0 0 0 0 0 0 0 0 0 0 0 0 0 0 0.2 0.2 2.4000000000000004 0 0 0 0 0 0 0 0 0 0 0 0 
 28 9.200000000000001 7.6000000000000005 18.400000000000002 15 6.4 37.2 15.4 13 11.8 11.4 10.200000000000001 28 16 28.6 8.8 5.2 10.4 0 62.400000000000006 0.4 0 0 0.4 0 0 0.6000000000000001 0 0 0 0 0.6000000000000001 0.4 0 0.4 0 0 0 0.6000000000000001 0 1 0 0 0 0 0 0.6000000000000001 0 0.6000000000000001 0 0.6000000000000001 0.6000000000000001 0 0 0 0 0 0 0 0 0 0.6000000000000001 0 0 0 0.6000000000000001 0 0 0.4 0 0 0 0 0 0.6000000000000001 0 0.2 0 0 0 0 0 0 0 0 0 2.2 3.4000000000000004 0 0 0 0 0 10.600000000000001 3 0 0 0 0 5 0 0 0 0 0 0 0 0 0 0 0 0.4 0 0 0.2 0 0 2.4000000000000004 0 0 0 0 0 0 0 0 0 0 0 0 0 0 0 0 0 0 0 0 0 0 0 0 0 0 0 0 0 0 0 0 0 0 0 0 0 0 0 0 0 1 0.2 0 0 0 0 0 7.2 2 0 0 0 0 2.8000000000000003 0 0 0 0 0 2.2 3.4000000000000004 0 0 0 0.2 0 0 0 0 0.2 0 0 0 0 0 0 0 0 0 0 0 0 0 0 0 0 0 0 0 0 0 0 0 0 0 0 0 0 0 0 0 0 0 0.2 0 0 0 0 0 0 0 0 0.4 0 0 0 0 0 0 0 0 0 0 0 0 0 0.2 0.2 0 0.4 0 0 0.6000000000000001 0 0 0 0 0 0 0 0 0 0 0 0 0 10.4 0 0 0 0 0 0 0 0 0 0 0 0 0 0 0 0 0 0 0 0 0 0 0 0 
 5.4 8.200000000000001 86 12 20 11.4 14.4 9.4 46.800000000000004 36.4 36.2 49.2 27 119.60000000000001 63.800000000000004 73.8 26.400000000000002 26.400000000000002 62.400000000000006 0 1 0 0 0.4 0.6000000000000001 0 0.4 0 0 0 0.2 0.6000000000000001 0.4 5.4 0 0 0 0 0.6000000000000001 0 0.8 0 0 0 0 0 0.6000000000000001 0.4 1.2000000000000002 0 0.6000000000000001 0.6000000000000001 0 0 0 0 0 0 0 0 0 1 0 0 0 0.6000000000000001 0 0 0 0.6000000000000001 0 0 0 0 0.6000000000000001 0 0.2 0 0 0 7 0 12 9 3.6 0 2.8000000000000003 0 0 2.8000000000000003 0 0 5 3 6.6000000000000005 0.2 7.4 0 4.800000000000001 8.4 0.4 0 0 0 0 2.6 0.4 0 0 0 0 2.2 0 0.2 0 0 0 0 0 0 0 0 2.8000000000000003 0 0 0 0 0 0 0 0 0 0 0.2 0 1.6 0 0 0 0 2.8000000000000003 0 0 0 0 0.4 0 0 0 0 0 0 0 0 0 0 0 0 0 1.8 3.6 4.4 2 1.4000000000000001 3.8000000000000003 2.2 0.4 2 0 1.6 2 0 0.2 2.2 2.4000000000000004 12.4 2 2.6 2.6 0.8 0 2 0.4 0 0 0 0.4 0 0 0 0.4 0 0 0 0 0 0 0.2 0 0 0 0 0 0 0 0 0 0 0 0 0 0 0 0 0 0 0 0 0 0 0 0 0 0 1.6 0 0 0 0 0 0 0 0.4 0 0 0 0 0 0 0 0 0 0 0 0 0.4 0.2 0.2 1.8 0 2.2 2.2 0 0 0 0 0 0 0 0 0 0 0 0 0 0 0 0 0 0 0 0 0 0 0 2 0.2 0 0 0 0 0 0 0 0 0 0 0 0 0 
 0.4 0.4 15.200000000000001 0.4 15.200000000000001 15.200000000000001 0.4 0.4 0.4 16.6 15.200000000000001 0.4 0.8 0.4 0.4 0.6000000000000001 0.4 0.4 0.4 1 0 22.6 28 8.8 20.6 23.8 27.400000000000002 30.6 6.4 52 20.6 20.6 95.60000000000001 49.2 62.6 12.600000000000001 6 22.200000000000003 33.800000000000004 7.800000000000001 0.6000000000000001 0 0 0 0 0.4 0.4 0 0 0 2.8000000000000003 0 0 0.6000000000000001 0 0 1.6 0.4 0 0 0 0 0 0.4 0 0 0 0 0.6000000000000001 0 0 0 0 0.4 0 0 0 0 0.6000000000000001 0.4 0 0 0 0 5.6000000000000005 0 0 0 0 0 2.2 2.6 0 0 0 0 0 0 0 0 1.2000000000000002 0 2.2 0 7.4 4.4 4.2 3.6 0.8 5.6000000000000005 5.2 3.2 0 3.2 1.8 2 0.6000000000000001 0 3 0.2 0 5 0 0 0 0 0 0 0 0 0 0 0 0 0 0 0 0 0 0.2 0 0 0 0 0 0 0 0 1 0 0 0 0 3.6 0 0.2 0 0 0 0 0 0 0 2 0 0.2 0 0 3.2 0.2 0 0 0 0 0 0 0 0 0.4 0 4 4.4 0.8 1.2000000000000002 0 0 9.4 5 2 0 0 0 0 0 0 3.6 1.8 0 2.4000000000000004 1.2000000000000002 4.2 0 0 0 0 0 4.6000000000000005 0 0 0 0 0 0 0 0 0 0 0 0 0.2 0 0 0 0 0 0 0 0 0 0 0 0 0 0 0 0 0 0 0 0 0 0 0.4 0 0 0 0 0 0 0 0 0 0 0 1.6 0 0.4 0 15.4 0 4.2 0 0 0 0 0 0 0 0 0 0 0 0 0 0 0 0 0 0 2.2 0 4.4 0 0 0 0 0 0 0 0 
 0 0 0 0 0 2.4000000000000004 0 0 0 0 0.6000000000000001 0 0 0.4 0 0 0 0 0 0 22.6 0 40.6 37.6 4.6000000000000005 6.4 24 30.6 8.6 43.2 24.200000000000003 64.60000000000001 9 22.6 8.4 27.400000000000002 53.400000000000006 23.8 9.8 31.200000000000003 0.8 0 0.2 0 0 0 0.4 0.4 0 0 0.4 0 0 0.6000000000000001 0 0 0 0 10.8 0 17.8 0 0 0 0 0 0.8 0.6000000000000001 0.6000000000000001 0 1.6 0 0 0 0 0 0 0 0.6000000000000001 0.4 0 0 0 0 0 0 0 0 0 0 0.2 0 0.4 0 0 0 0 0 0 0 0 1.6 0.2 13.200000000000001 0 0.2 0 4 6.2 3.6 0 0 0 4.2 1.8 6.4 9.600000000000001 6.800000000000001 1.6 2.4000000000000004 0.6000000000000001 0 0 0 0 0 0 0 0 0 0 0 0 2 0 2.2 0 0.4 2.6 2.6 0 0 0.2 0 1 0 0 0 0 0 1.4000000000000001 0 0 0 0 0.6000000000000001 0 0 0 0 0 1.2000000000000002 0 0 0 4.2 0 0 0.8 1.8 0 0 0 0 0 0 0 0 0 0 0.2 4 4.6000000000000005 11.8 3.8000000000000003 4.800000000000001 1.8 9.8 4.6000000000000005 6 0 4 0.4 0 2.8000000000000003 4.4 3 1.6 0 1.2000000000000002 3 0 0 0 3.4000000000000004 0 4 0.2 0 0 0 0 0 0 0 2.4000000000000004 0 0 0 4.800000000000001 0 0 0 0 0 0 0 0 0 0 0 0 0 0 0 0 0 0 0 0 0 0 0 0 0 0 0 0 0 0 0 0 0 0 5 0 0 15.4 0 0.8 0.2 0 0 0 0 0 0 0 0 0 0 0 0 0 0 0 0 0 0 0 0 0 0 0 0 0 0 0 0 0 
 0 0 0 0 14.8 0 0 0 0.2 0 7 14.8 0 0.4 0 0 0 0.2 0 0 28 40.6 0 45.6 6.6000000000000005 21.400000000000002 35 60.2 18.2 30 9 23.6 73 48.2 18.6 35.6 67.60000000000001 8.6 20.400000000000002 39.2 0.6000000000000001 0 0 0 0 0 1 0 0.4 0 1.8 0 0 0.6000000000000001 0 0 0 0 0.2 0 0.4 0.4 0 0 0 0.6000000000000001 0 0 0.6000000000000001 0 0.2 0 0 0 0.4 0.4 0.4 0 0.6000000000000001 0.4 0 0.4 0 0 0 0 1 0 0 0 0 1.8 0 0 0 0.4 0 0 0 0 0.4 4.2 1.4000000000000001 1.8 4.2 0 0 4.6000000000000005 3.8000000000000003 16.2 4.2 0 0.2 4.4 3.2 4 2.6 1.2000000000000002 0 2.6 0.4 0 0 0 0 0 0 0 0 0 0 0 0.6000000000000001 0 0 0 0.4 0 2.6 5.6000000000000005 0 1.4000000000000001 0.2 0 7.800000000000001 0 0 0 0 0 1.6 0 0 0 0 0 0 0 0 0 0 0 0 1.2000000000000002 0 0 0 0 0 0.2 0.2 0.4 0.4 0 0 0 0 0 0 0 6 2.2 1.6 7.2 4.2 0 5.800000000000001 12 8 0.2 0 0.4 2.2 6 0 4.800000000000001 5.4 1.8 0 2.6 0 0 0 0 0 0 4.4 0 0 0 0 0 0 0 0.2 0 0 0 2.6 0 0 0 0 0 0.4 0 0 0 0 0 0 0 0 0 0 0 0 0 0 0 0 0 0.6000000000000001 0 0 0 0.4 0 0 0 0 0 0 0.4 4 0 0 0 0 0.8 9 0.2 0 0 0 0 0 0 0 0 0 0 0 0 0 0 0 0 0 0 0 3.6 0 0 0 0 0 0 0.4 0 
 1.4000000000000001 15.8 0.4 0.4 0.4 1 0.6000000000000001 0.4 0.4 0.4 0.4 0.4 0.4 17.400000000000002 15.4 0.4 0.4 0.4 0.4 0.4 8.8 37.6 45.6 0 20 11.200000000000001 62.2 44.6 33.6 31 14.200000000000001 12.200000000000001 16.8 49 33.4 43 22.400000000000002 25.6 19.400000000000002 33 1.4000000000000001 13.4 12.600000000000001 0 0.4 13.600000000000001 0.4 0.4 0.4 0 0.4 0.4 41.6 0.6000000000000001 0 0 0 0 3.4000000000000004 0 0.2 0.4 0.2 1.2000000000000002 0 0 0 0 0.8 0 0 1.2000000000000002 0 0 0 1.6 0 0 0.6000000000000001 0.8 0 0 0 0 0.2 0 2.2 0 0 1.8 0 0 2.6 0.4 0 0 0 0 0 0 0.2 4.4 0 5.800000000000001 0 0 1.8 3 2.2 2.4000000000000004 0 0 0 2.2 1.4000000000000001 1.8 6.800000000000001 3.8000000000000003 2 2.2 0 0 0 0 0 0 0 0 0 0 0 2 0 0 0.4 1.4000000000000001 0 0 0 1.6 0 0 0 0 0.4 0 0 2.4000000000000004 0 0 0.4 0 0 0 0 0 0 0 0 0 0 2.4000000000000004 2.8000000000000003 0 0 0.8 0 0 1 0.6000000000000001 0 0 0 0.4 0 0 0 0 0 0 0 4.6000000000000005 2.4000000000000004 9.600000000000001 5.4 0 2 3.8000000000000003 4.2 2.6 0 3.8000000000000003 9 0 0.6000000000000001 2.6 1.2000000000000002 2.4000000000000004 0.4 2.2 0 0 0 0 0 0 0.2 0 0 0 0 0 0.8 0 0 0 0 0 0 1.4000000000000001 0 0 0 0 0 0 0 0 3 0 0.4 0 0 0 0 0.2 0 0 0 0 0 0 0 0 0 0 0 0 0 0 0 0 0 0 2 0.2 0 0 0.4 0 0 0.2 0 0 0 0 0 0 0 0 0 0 0 0 0 0 0 0 0 0 0 0 0 0 0 0 1.4000000000000001 0 0 0 
 0 0 14.4 0 0 1.2000000000000002 0 0.6000000000000001 0 0 0 0.4 0 0 0 0 0 0 0 0.6000000000000001 20.6 4.6000000000000005 6.6000000000000005 20 0 47.800000000000004 11.4 24.200000000000003 24.400000000000002 22.400000000000002 82 61.6 54 32 31.400000000000002 17 38.6 7.6000000000000005 58.6 27.200000000000003 1.2000000000000002 16.400000000000002 0 0 0 0 18.400000000000002 0 19.200000000000003 0 0.4 0 25.8 5.800000000000001 0 13 0 0 0.2 16.400000000000002 0 0 0 0 0 0 0 0 0.6000000000000001 0 0 0 0 0 0 0 0 0 1.8 0.4 0 0 0 0 0 0 0 0 0 0 0 0 0 0 0 0 0 0 0 0 0 0 0 0.2 4.6000000000000005 0 0 0 3 4.2 8 1.8 0 2.6 2.2 6.4 6.6000000000000005 1.8 0 0 0 0.2 0 4 0.2 0 6.800000000000001 0 13.200000000000001 0 0.2 0 2 0 0 3.6 0 0 3.6 4.6000000000000005 0 0 0 1 0 0 0 0.4 0 0 0 0 0 0 0 0 0 0 0 0 0 0 0 0 0 0 0 0 0 0 0 0 0 0 0 0 0 1.8 0 0 0 0 1 0 2.6 3.4000000000000004 0 0 0 0 5.800000000000001 7.6000000000000005 0 2.6 3 0.6000000000000001 12.4 1.8 0 0 0 2 5.4 0 0 0 2.6 3.8000000000000003 0 3.8000000000000003 6.800000000000001 0 0.8 0.2 0 1.2000000000000002 7.6000000000000005 3.8000000000000003 4.2 3 0 0 0 0 0 0 0 0 0 0 0.4 0 0 0 0 0 0 0 0 0 0 0 0 0 0 0 0 0 0 0 0 0 0 0 1.8 0 0.2 13.600000000000001 16.8 0 0.2 0 0 0 0 1.8 0 0 0 0 2 0 0 0 0 0 0 0 0 0 0 0 0 0 0 2.6 0 0 0 0 
 0.4 0 0 0 0 0.4 0 0.2 0 0 0 0 0.2 0 0 0 0 0 0 0 23.8 6.4 21.400000000000002 11.200000000000001 47.800000000000004 0 11.600000000000001 21.6 36.4 41.2 74.4 27.6 5.6000000000000005 9.200000000000001 32 41.6 23 28.8 12.4 12 13.200000000000001 12.4 0 0 0 0 36.2 0 4.6000000000000005 0 0.4 0 4.800000000000001 0.6000000000000001 0 4.6000000000000005 0 0 46 0.2 0 0 0 0 0 0 0 0 0.6000000000000001 0 0 0 0 0 0 0 0 1.2000000000000002 1.4000000000000001 0.4 0 0 0 0 0 0 0 0 1.2000000000000002 0 0 0 0 0 0 0 0 0 0 0 0 0 3.8000000000000003 4 0 3.4000000000000004 0 0 2.4000000000000004 4.4 3 1.8 0 0 0.2 3.8000000000000003 0 0 2.4000000000000004 0.2 4.6000000000000005 2 0 1.8 4 0 3.6 2.4000000000000004 8.8 0 1.6 0 1 1.8 4.4 2.6 0 1.6 0.4 8.6 0 1.6 0.8 0 0.4 0 0 0 0 0 0.2 0 0.4 0 0 0 0 0 0.2 0 0 0 0 0.4 0 0.4 0 0 0.8 0.4 0 0 0 0 0 0 0 0 0 0 0 0 0.8 0 0 0.4 0 0 0.4 5.2 5 1.8 0 0 0 3.4000000000000004 0 0.4 0 0 0.2 3.8000000000000003 0 0.4 0 0 6.800000000000001 0 2.2 3.6 0 0 2.4000000000000004 4.2 0 0.6000000000000001 0 0 6 5.4 0 0 0 0 0 0 0 0.4 0.4 0.2 0 0 0 0 0 0 0 0 0.2 0 0 0 0 0 0 0 0 0 0 0 0 0 0 0 2 0.6000000000000001 0.2 23.200000000000003 15.4 0 3.8000000000000003 0 0 0 0 0 0 0 0 0 0 0 0 0 0 0 0 0 0 0 0 0 0 0 0.4 0 0 0 0 0 
 0.4 0.4 0.4 0.4 0.6000000000000001 13.8 0.4 0.4 0.4 0.4 0.4 0.6000000000000001 0.4 0.4 0.4 15.4 0.8 4.800000000000001 0.6000000000000001 0.4 27.400000000000002 24 35 62.2 11.4 11.600000000000001 0 25.8 55 23.200000000000003 54.400000000000006 53 38.400000000000006 28 83.80000000000001 10.200000000000001 4.800000000000001 6.6000000000000005 68.2 44.2 0.6000000000000001 1.6 0 0 0 0 0.4 0.4 0 0 0.4 1.2000000000000002 0 0.6000000000000001 0 0 0 0 0.8 0 0 0 0 0 0 0 0 0 0.6000000000000001 0 0 0 0 0 0 0 0 0 0.6000000000000001 0.4 0 0.4 0 0 5.2 0 0 0 0 0 2 0 0 0 0 0 4.4 0.4 0.4 0 3 2.6 2.8000000000000003 1.4000000000000001 1.6 0 3 8.4 0 2.2 0 1.6 2.2 3.4000000000000004 0 2.2 0 6.800000000000001 16.6 5.2 0 0 0.2 0 0 0 0.2 0 0 0 0 0 0 0 0 0 0 0 0 0 0 0 0 0 0 0 0 0 0 0.4 0 0 0 0 0 0.2 0 0 0 0 0.4 0 0.2 0 8.200000000000001 1.2000000000000002 0 0 0 0 1.6 2.8000000000000003 0 0 0 0.2 0 0 0 0 3.2 7.800000000000001 3.6 2.4000000000000004 0 0 2 3.4000000000000004 2.6 2.2 0 0 3.8000000000000003 1.6 2.4000000000000004 0 1.4000000000000001 2.2 0 2.4000000000000004 0 0 0 0 0 0 0 0.4 0 0 0 0 0.4 0 0 0 0 0 0 0 0 0 0 0 0 0 0 0 0 0 0 0 0 0 0 0 0 0 0 0 0 0 0 0 0 0 2.8000000000000003 0 0 15.200000000000001 0 0 0 0 1.8 0 0.4 0 0 0.4 0.4 0.4 0 0 0 13.600000000000001 0 0 0 0.4 0 0 0 0 0 0 0 0 0 0 0 0 0 0 0 0 0 0 0 0 
 0 0 0 0 0 13.4 0 25.8 0 0.2 0.6000000000000001 7 0 0 0 0 1.2000000000000002 0 0 0 30.6 30.6 60.2 44.6 24.200000000000003 21.6 25.8 0 73.8 37.800000000000004 4.800000000000001 52.400000000000006 41.2 41 38 9.600000000000001 70.8 21.200000000000003 15.4 26 1 0 6 0 0 0 0.4 0.6000000000000001 0 0 0.4 0 0 0.6000000000000001 0 0 0 0 12.200000000000001 0 0 0 0 0 0 0 0 0 1.2000000000000002 0 0 0.8 0 0 0 0 0 0 0.6000000000000001 0.4 0 0 0 0 1.4000000000000001 2 0 0 0 0 2.4000000000000004 0 0.2 0 0 0 0 0 0 0 12.600000000000001 2 0 4.6000000000000005 0.2 0 6.800000000000001 4.800000000000001 5.800000000000001 2.4000000000000004 4 0 0 3.8000000000000003 6.4 2 4.4 2 5.6000000000000005 1.6 0 0 0 0 0 0 0 0 0 0 0 0 2.6 1.4000000000000001 0 3.6 0 0 0 1.4000000000000001 0 0 0 0 0 0 0 0 0.4 0 0 0 0 0 0 0.2 0 0 0 0 0 0 0 0.6000000000000001 2.4000000000000004 0 0 0 0.8 2.8000000000000003 0 0 0 0 0 0 0 0 0 0 0.4 5.2 0 1.6 2 0.2 2 0.2 2.6 1.8 0 1.4000000000000001 2 6.6000000000000005 11.4 1.6 2.6 0 2.6 1.8 3.6 0 0 0 0 0 2.6 0 0 0 0 0 0 3.4000000000000004 0 2.2 0 0 0 2.2 0 0 0 0 0 0 0 0 0 0 0 0 0 0 0 0 0 0 0 0 0 0 0 0 0 0 0 0 0 0 0 0 0 0 1.4000000000000001 0.4 0 0 0 0.4 17.8 0 0 0 0 0 2 0 0 0 0 0 0 0 0 0 0 0 0 0 0 0 0 0 0 0 1.6 0 0 0 
 0 0 0 0.4 15.200000000000001 0.4 0.2 0 0 0.4 0 0.6000000000000001 0 0 0 0 0.6000000000000001 0 0 0 6.4 8.6 18.2 33.6 24.400000000000002 36.4 55 73.8 0 35.2 40.6 54.6 15.200000000000001 18.6 31.400000000000002 16.6 50.2 36.800000000000004 12.600000000000001 46.6 1 0.2 2.2 0 0 12.200000000000001 21.200000000000003 0.2 0 0 0.4 0.6000000000000001 13.8 0.6000000000000001 0 0 0 0 12.4 0 0 0 0 0 0 0 0 0.8 0.6000000000000001 0 0 9.600000000000001 1 0 0 14.200000000000001 0 0 0.6000000000000001 0.4 0 0 0 0 4 0 0 0 0 0 0 0.4 0 0 0 0 0 0 0 0 0.2 3.6 2 8.6 0 0 3.2 0.2 6.800000000000001 8.200000000000001 6.800000000000001 0 2.6 5 4 5.4 6.2 3 2.4000000000000004 3.2 7.4 0 0 0 0 0 0 0 6.2 0 0 0 11.200000000000001 0 2.2 0 0 0 0 6.2 0 1 0.8 0 0 0 0 0 0 0 0 0 0 0 0 0 0 0.4 0 0 0 0 0 0 0 0 0 0 0 0 0 0 0 0.4 0 0 0 0 0 0.6000000000000001 3.6 0 3.2 0 2 2.4000000000000004 0 0 1.4000000000000001 1.8 6.2 3.4000000000000004 2 3 4.800000000000001 0.8 5.800000000000001 2 9.200000000000001 0 2.4000000000000004 0 0 0 0 0 2.4000000000000004 0 0 0 0 0.2 0.2 2 0 0 0 0 1.4000000000000001 6.4 0 0 0 0 0 0 0 0 0 0 0 0 0 0 0 0 0 0 0 0.2 0 0 0 0 0 0 0 0 0 0.2 0 0 0 0 1.2000000000000002 0.2 0.4 8.200000000000001 0 0 1.2000000000000002 0 0 0 0 0 1.6 0 0 0 0 0 0 0 0 0 0 0 0 0.2 0 0 0 0 0 2.8000000000000003 0.6000000000000001 0 0 0 
 0 0.2 0 0.2 0 0 0.4 1.2000000000000002 0 0 0 1 0 0 0 0 0 0 0 0 52 43.2 30 31 22.400000000000002 41.2 23.200000000000003 37.800000000000004 35.2 0 21.6 35.6 11.200000000000001 28.8 37 42 33 55.6 13 29.8 1 0 0.4 0 0 0 13.4 0.2 0 0.2 0.4 0 0 0.6000000000000001 0 0 0 0 23.200000000000003 0 0.8 0 0 0 0 0 0 0 0.6000000000000001 0 1.2000000000000002 0 0 0 0 0 0 0 0.6000000000000001 0.4 0 0 0 0 0 0 0 0 0 1.4000000000000001 0 0 0 0 0 0 0 0 0 0 0 2.4000000000000004 4 5.800000000000001 0 3 0 1.8 3 3.4000000000000004 2.8000000000000003 0 0 2.4000000000000004 2.4000000000000004 3 8.4 5.6000000000000005 0 0 1 0 0 0 0 0 0 0.2 3.6 0 0 0 3.6 0.2 0 0 0 0 3.6 3.4000000000000004 0 0 0.8 0 0.2 0 0 0 0 0 0 0 0 0 0 0 0 0.2 0 0 0 0 0 0 0 0 0.4 0 0.8 1.4000000000000001 0 0 0 0 0 0 0 0 0 0 0 4.800000000000001 6.4 4 0 6 1.8 0 2.8000000000000003 0.8 2.4000000000000004 1.6 0.4 2 4.4 4.2 3.6 0 0 0 6.800000000000001 0 0 0 0 0 6 3.4000000000000004 0 0 0 0.2 7.800000000000001 2.4000000000000004 0 0.8 0 0 0 11 0 0 0 0 0 0 0 0 0 0 0 0 0 0 0 0 0 0 0 0.4 0 0 0 0 0 0 0 0 0 0 0 0 0 0 2 0 0.6000000000000001 1.2000000000000002 0.2 0.6000000000000001 4.6000000000000005 2 0 0 0 0 0 0 0 0 0 0 0 0 0 0 0 0 0 0 0 1.8 0 0 0 0 0 0 0 0 
 0 0 0 0 0 0 0 0.2 0 0 0 0 0 0 0 0 0 0 0 0.2 20.6 24.200000000000003 9 14.200000000000001 82 74.4 54.400000000000006 4.800000000000001 40.6 21.6 0 12.4 32.800000000000004 34.6 30.6 46.800000000000004 24.200000000000003 19.200000000000003 6.6000000000000005 30.6 13.600000000000001 0 0.2 0 0 0 29.6 0 0 0 0.4 0.8 12.8 0.6000000000000001 0 0.2 0 0 0.2 0 0 0 0.8 0.8 0 0 0 0 0.6000000000000001 0 1 0 0 0 0 0 0 0.2 0.8 0.4 0 2 0 0 0 0 0 0 0 0 0 0 0 0 0 0 0 0 0 0 0 0.2 2 1.8 2.6 11.4 0 0 0 0.8 8.4 4.4 0.2 2.6 0 3.8000000000000003 3.4000000000000004 0 0 0 2.4000000000000004 0 0 0 0 0 0 0 4.2 0 0 0 3.2 3.6 1.2000000000000002 0 0 0 2.8000000000000003 3 0 1.4000000000000001 0.4 0 0 0 0 0 1.2000000000000002 0 0 0 0 0 0 0 0 0 0 0 0 0 0 3.8000000000000003 0 0 0 0 0 0.2 0 0 4 0 0 0 0 0 0 0.4 3.2 0 8.200000000000001 0 0 2.8000000000000003 2.4000000000000004 2.4000000000000004 4.4 0.2 3.2 0.4 5.800000000000001 0 0 2 7.6000000000000005 4.6000000000000005 0 0 2.2 0 0 0 0 0 5.4 3.6 0 0 0.2 0 2.6 5 2.6 0.2 0 3 0.4 13.8 0 0 0 0 0 0 0 0 0 0 0 2.8000000000000003 1.6 0 0 0 0 0 0 0 0 0 0 0 0 0 0 0 4.2 0 0 0 0 0 1.4000000000000001 0 0.2 31.8 0 0 0 0 0 0 0 0 0 0 0 0 0 0 0 0 0 0 0 0 0 2.8000000000000003 0 0 0 0 0 2.4000000000000004 0 0 0 0 
 0.6000000000000001 0.6000000000000001 1 1.2000000000000002 0.6000000000000001 0.8 0.6000000000000001 0.6000000000000001 16.400000000000002 0.6000000000000001 0.6000000000000001 13.200000000000001 0.6000000000000001 0.6000000000000001 0.6000000000000001 0.6000000000000001 1.2000000000000002 0.6000000000000001 0.6000000000000001 0.6000000000000001 20.6 64.60000000000001 23.6 12.200000000000001 61.6 27.6 53 52.400000000000006 54.6 35.6 12.4 0 11.8 21.200000000000003 22 56.2 21 22 7.4 11 13.200000000000001 11.4 14 0.4 2.8000000000000003 0.2 12.600000000000001 0.4 12.600000000000001 0.4 1 0.4 18.400000000000002 0.6000000000000001 0.6000000000000001 0.4 0.4 1 12.200000000000001 0 1.2000000000000002 0 0.6000000000000001 1.8 0 0 0.8 0 1 0 0.2 1 0 0 0 0.6000000000000001 0 1.2000000000000002 0.6000000000000001 0.4 0 0 0 0 0 0 0 0.2 0 0 0 0 0.4 0 0 0 0 0 6.4 0 0 2.6 2.2 6.2 0 3.6 0 0 3.8000000000000003 5.4 2.4000000000000004 0 0 0 0 3.2 2.2 3.2 0 0 0 0 0 0 0 0 5.4 0 3 0 0 0 2.2 2 0 0 0 0 0 1.6 0 0 0 0 0 0 0 0.2 0 0 0 0 0 0 0 0 0 0 0 0.4 0 0 0 0.2 0 0 0 0 1.2000000000000002 0 0 0 0 1.6 0 0 0 0 0.4 0 0 0 12.8 2.2 10.600000000000001 0 0 0 0 0 0 0.8 4 3.8000000000000003 2.6 1.4000000000000001 1 0 0 0 0 0 0.4 0 1.8 0 12.4 1.8 0 2.2 3 0 0 0 3.6 1.2000000000000002 0 0 2.8000000000000003 1 0 0 0 0 0 0 0 0 0 0 0 0 0 0 0 0 0 0 0 0 0 0 0 0 0 0 0 0 0 0 0 0 0 0 2 0.2 0 30.8 0 0 2.8000000000000003 0 0 0 0 0 2.4000000000000004 0 0 0 0.6000000000000001 0 0 0 0.4 0 0 0 0 0 0 0 0 0 0 0 1.6 0 0 0 
