 0 42.6 47.400000000000006 10.200000000000001 11.8 21.200000000000003 51.800000000000004 17.8 18.6 24.200000000000003 8 20.6 58.800000000000004 20 24 50.2 24.8 6.2 20 25.200000000000003 15.4 0.4 0 0 0 0.6000000000000001 0 0 0.2 0.4 0.4 0.2 0 0 0 0 0.2 0 0 0 0 0 0 0 0 0.4 0 0 0 0 0 0 0 0 0.4 0 0 0 0 0 0 0 0 0 0 0.2 0 0.6000000000000001 0 0 0.6000000000000001 0 0 0.6000000000000001 0 0 0 0 0 0.6000000000000001 2 0.6000000000000001 2.8000000000000003 0 5 0 10 5.800000000000001 3.8000000000000003 2.8000000000000003 4.6000000000000005 4 2.6 8 0 0 7.6000000000000005 8 0 0 0 0 0.4 0 0 0 0 0 0 0 0 0 0 0 2.4000000000000004 0 0 0 0 0 0 0 0 0 0 0 0 0 0 0 0 0 2.2 0 0 0 2 0 0 0 0 0 0 0 0 0 0 0 0 0 0 0 0 0 0 0.4 0 0 0 0 4.800000000000001 0.2 0 2.2 0 0 6.800000000000001 8.200000000000001 0.2 1.2000000000000002 0 0 2.6 2.4000000000000004 6.2 2.4000000000000004 6.800000000000001 8 3 0 0 0 0 0 0 0 0 0 0 0 0 0 0 0 0 0 0 0 11.8 0.2 0 0 0 0 0 0 0 0 0 0 0 0 0.4 0 0 0 0 0 0 0 0 0 0 0.2 0 0 0 0 0 0 0 0 0 0 0 0 0 0 0.4 0 0 0 0 0 0 0.2 0.4 0 18.400000000000002 36 3.6 0 13.600000000000001 0 0 0 0 0 0 0 0.4 0 0 0 0 3.6 0 0 0 0 0 0 0 0 0 0 0 0 0 0 0 0 0 0 0 0 0 0 0 0 
 42.6 0 67 92.80000000000001 11.200000000000001 107.4 49.400000000000006 33.4 45.6 27.8 5.800000000000001 11.600000000000001 54.6 7.4 83.80000000000001 35.4 44 25.200000000000003 40.400000000000006 35.4 0.6000000000000001 0.4 0 0 0.6000000000000001 0.6000000000000001 0 0 0 0.4 0.4 0.8 0 0 0 0 0.4 0.4 14.600000000000001 0 0 0 0 0 0 0.4 0 0 0 0 0 0 0 0 0.4 0 0 0 0 0 0 0 0 0 0 0 0 0.6000000000000001 0 0 0.6000000000000001 0 0 0.6000000000000001 0.2 0 0 0 0 0.6000000000000001 2.4000000000000004 6.800000000000001 2.6 0 2.6 0 8 1.8 6.4 0.2 3 4.4 0 2.4000000000000004 0 1.2000000000000002 0 3.4000000000000004 1.8 0.6000000000000001 0 0 2.2 0 0 0 0 0 0 0 0 0 0.2 0 0 0 0 0 0 0 0 0 0 0 0 0 0 0 0 0 0 0 0 0 0 0 0 0 0 0 0 0 0 0.2 0 0 0 0 0 0 0 0 0 0 0 0.4 0 0 0 0 8.6 4.800000000000001 2.4000000000000004 3.4000000000000004 1.8 0 0 0 5.4 2 0 0 9.200000000000001 4.2 4.4 9.4 0 2.2 0 4.800000000000001 0 0 0 0 0 0 0.2 0 0 0 0 0 2.8000000000000003 0 0.4 0 0 0 0 0 0 0 0 0 0 0 0 0 0 0 0 0 0 5.800000000000001 0 0 0 0 0 0 0 0 0 0 0 0 0 0 0 0 0 0 0 0 0 0 3 0 0 0 0 0 0 0 0 0 17.2 0 0.4 3.8000000000000003 0 0 1.4000000000000001 0 0 0 0 0 0 0 0 0 0 0 0 0 0 0 0 0 0 0 0 0 0 0 3 7.6000000000000005 0 0 0 0 0 0 0 0 0 0 0 0 
 47.400000000000006 67 0 24.400000000000002 30.200000000000003 26.400000000000002 10.600000000000001 16.2 32.4 45.2 40.6 6 62.400000000000006 9.4 27.400000000000002 11.200000000000001 42.400000000000006 15.4 12 70 1 1 0.2 0 0 0.6000000000000001 0 0 0 0 0.4 0.4 2.2 0.4 16.2 3.2 0.8 0 0 0.6000000000000001 0.4 5.2 0.6000000000000001 0 0.6000000000000001 0.4 0 0 0 0.2 0 1 0 0.8 1.2000000000000002 0 0.4 0 0 0 0 0.6000000000000001 0.2 0 0 1 0 11.4 0 0 0.6000000000000001 0 0 1.8 0.4 0 0 0.8 0.2 0.6000000000000001 0 0.8 2.8000000000000003 0 1 2 3.6 0 3.4000000000000004 2.6 2.8000000000000003 2 0 6.800000000000001 2.8000000000000003 0 0.2 2.8000000000000003 3 1.4000000000000001 2.8000000000000003 0 1.4000000000000001 0 0 0 1 5 0 0 0 0 0 5.2 0 2.4000000000000004 0 2.4000000000000004 0 3.6 0 0 0 0.4 0 0 0 4.6000000000000005 0 0 0 0 0 0 0 0 0 0 0.4 0 0 0 0 0.6000000000000001 0 0 0 0 0 2.6 0 0 0.2 0 0 0 0 0 0 0 2.6 0 0 6 0 0 1.6 9.4 0.4 0 2.6 1.2000000000000002 2.8000000000000003 1.8 3.8000000000000003 3.6 2.2 12 1.8 0 0 0.4 0.4 0 0 0 6.800000000000001 6.800000000000001 0.2 0 0 0 0 0 2 1.6 0 0 3.6 2 0 0 0 0 0 0 0 0 0 0 0 0 0 0 0 0 0.4 0 0 0 0 0 0 0 0 0 0 0.4 0 0 0 0 0 0 0 0 0 0 0 0 0 1.2000000000000002 0 0 0 0.2 18.2 0 17.8 17.8 4.4 1.6 1.4000000000000001 0 0 0 0 0 0 0 0 0 0 0 0 0 0 0 0 0.4 0 0 0 0 0 0 4 0 0 0 0 0 0 0 0 0 0 0 0 0 
 10.200000000000001 92.80000000000001 24.400000000000002 0 26.200000000000003 26.8 16.2 17 36.6 90.4 40.2 61.6 76.60000000000001 13.8 17.8 10.8 77 46.800000000000004 17.2 14 16.400000000000002 0.4 0 0.2 0 0.6000000000000001 0 0 0 0.2 0.4 0 12 15.200000000000001 0 0 0 0.2 13.8 0.2 0 0 4.2 0 4.4 0.6000000000000001 0 0 4.2 0 0 0 0 0 0.6000000000000001 0 4 0 0 0 0 0 0 0 0 0 2.2 1.2000000000000002 0 0 0.6000000000000001 0 0 0.6000000000000001 0 0 14.8 0 0 0.8 0 0 0.2 0 0 2.6 0 0.2 1.6 3.6 0 3.8000000000000003 0 0 2.2 0 3 3.8000000000000003 2 2.6 0 0 0 0 0 0 0 3.8000000000000003 4.2 0 0 0.2 1.8 2.8000000000000003 2.8000000000000003 2.6 0 0.6000000000000001 0 5.6000000000000005 0.2 0 0 0 0 0 0 0 0 0 0 0 0 0 0 0 0 0 0 0 0 0 0 0 0 0 0 0 0 0 0 0 0 0 0 0 0 0 0 0 0 0 3.2 10 2.8000000000000003 4.2 0 0.2 0 4 0 2.2 3 0.8 0 2.6 0 0.2 0 0 0.2 2.4000000000000004 5 0 0 0 5.2 3.8000000000000003 3.2 0 0 0 4.4 3.6 3.4000000000000004 0 0.6000000000000001 0 0.2 2.2 0 0 1.8 0 0 0 0 0 0 0 0 0 0 0.4 0 0 0 0 0 0 0 0 0 0 0 0 0 0 0 0 0 0 0 0 0 0 0 0 0 0 0 0 0 0 0 0 0.2 0.4 0 0.4 0.4 1.2000000000000002 0.4 0 0 0 0 0 0 0 0 0 0 0 0 0 0 0 0 0 0 0 0 0 0 1.8 3.8000000000000003 0 0 0 0 0 0 0 0 0 0 0 0 0 
 11.8 11.200000000000001 30.200000000000003 26.200000000000003 0 62.400000000000006 7.800000000000001 73.2 27 29.400000000000002 67 45.2 20.200000000000003 9.200000000000001 21.400000000000002 16.400000000000002 7 65.2 13.8 21.400000000000002 15.8 0.4 0 0 0 0.8 7 0 14.8 0 0.4 0 7 32 1.6 17.8 0 0 17.2 14.600000000000001 0 0 0 11 0 0 0 0 0 0.6000000000000001 0 0.2 0 0 0.4 0 0 0.2 0 0 0 0 0 0.4 0 0.6000000000000001 0 0.4 0 0 0.6000000000000001 0 0.6000000000000001 0.6000000000000001 0 0 0 0 0 0.2 0 0 1.8 2.6 0 8.200000000000001 0 0 0 0.2 0 12 0 0 0.2 0 1.4000000000000001 0 0 0 1.6 3 2.2 0 0 0 3.4000000000000004 1.4000000000000001 0 1.8 0 0.4 3.4000000000000004 4.800000000000001 0.6000000000000001 3.8000000000000003 0 7.6000000000000005 1.4000000000000001 10.200000000000001 0 0 0 0 0 0 0 0 2.4000000000000004 0 0 0 0 0 0 0 0 0 0 0 0 0 0 2 0 0.8 0 0 0 0.2 0 0 0 0 0 0.4 0 0 0 0 4.4 0 0.2 3.2 5.6000000000000005 3.4000000000000004 0 0 0 0 9.4 4.4 0 0 0 0 0 0.2 0 0 2.8000000000000003 6.2 2.2 0 0 0 10.200000000000001 13.600000000000001 10.200000000000001 0 0 0 0 2.6 1.8 2 0 0 0.2 2.4000000000000004 0 0 0 0 0 0 0 0 0 0 0 0 0 0 0 0 0 0 0 0 0 0 0 0 0 0 0 0 0 0 0 0 0 0 0 0 0 2.8000000000000003 0 0 0 1.2000000000000002 0 0 0 0.4 9.200000000000001 0 0 0 0 0.4 0 0 0 0 0 0 0 0 0 0 0 0 0 0 0 0 0 0 0 0 0 0 0 0 2.8000000000000003 0 0 0 0 0 0 0 0 0 0 0 0 0 
 21.200000000000003 107.4 26.400000000000002 26.8 62.400000000000006 0 49.800000000000004 8.6 40.400000000000006 28.6 112 83.4 54.6 11.600000000000001 30.200000000000003 16.8 22 50 8.200000000000001 33 0.6000000000000001 0.8 0 0.6000000000000001 1.2000000000000002 1.8 0.6000000000000001 0 15.600000000000001 0.4 15 0.8 0 7.4 0 2.2 0.2 0.4 16.400000000000002 20.6 0 0.4 0.4 0 0.4 0.4 0 0.4 0.4 0.6000000000000001 0.4 0.6000000000000001 0 0 0.8 0.6000000000000001 0.6000000000000001 0 0 0 0 0.4 0 0 0 0 0.2 1.8 0.6000000000000001 0.6000000000000001 0.6000000000000001 0 0.6000000000000001 0.8 0.4 0.2 0 0 0.4 9.8 0 0 0 2.8000000000000003 0 7.4 0 0 0 0.2 0 3.2 0 0 0.2 0 0 3.8000000000000003 0 0 7 6.800000000000001 0.8 0 0 0 0 6 0 2.2 0 0 8.200000000000001 5.800000000000001 3 7.4 0.2 5 2.6 7.6000000000000005 0 0 0 0 0 0 0 0 3.4000000000000004 0 0 0 0 0 0 0 0 0 0 0.4 0 0 0 0.2 0 0 0 0 0 3.8000000000000003 0 0 0 0 0 0 2.2 0 0 5.800000000000001 0.2 0 0 2.6 6.6000000000000005 5.4 0 0 0 0 6.800000000000001 4.2 0 0 0 0 0 0 0 0 4 0.2 0 0 0 0 15.4 8 4.4 0 0 0 3.2 0 6.800000000000001 2.4000000000000004 2 0.6000000000000001 0 2 0 0 0 0 0 0 0 0 0 0 0 0 0 0 0 0 0 0 0 0 0 0 0 0 0 0 0 0 0 0 0 0 0 0.2 0 0 0 0 0 0 0 0 0 0 0 8.200000000000001 1 0.4 0.8 0 0 1.2000000000000002 0 0 0 0 0.4 0 0 0 0 0 0 0 0.4 0 0.4 0 0 0 0 0 0.4 0 0 3.6 4 0 0 0 0 0 0 0 0 0 0 0 0 0 
 51.800000000000004 49.400000000000006 10.600000000000001 16.2 7.800000000000001 49.800000000000004 0 33 25.8 9.8 7.4 25.400000000000002 78.2 64.2 52.800000000000004 64.2 25.200000000000003 3.6 23.400000000000002 28.200000000000003 0.6000000000000001 0.4 0 0 0 0.6000000000000001 0 0 3 0.6000000000000001 0.4 0 0 0 0 0 0.6000000000000001 0 0 0 0 0 0 0 0 0.4 0 0 0 0 0 0 0 0 0.4 0 0 0 0 0 0 4.800000000000001 0 0 0 0 11.200000000000001 0.6000000000000001 0 7.6000000000000005 0.6000000000000001 0 0 0.6000000000000001 0 0 0 0 0 1.2000000000000002 0.2 7.2 5.2 2 4.2 1.8 3.8000000000000003 7.4 2 5.2 7.6000000000000005 10.200000000000001 6 2 2 8.200000000000001 2.4000000000000004 0 0 3 0 0 0 0 0 0 0 0 0 0 0.2 0 1.8 0 0 0 0 0 0 0 0 0 0 0 0 0 0 0 0 0 0 0 0 0 0 0 0 0 0 0 0 0 0 0 0 0 0 4.2 0 0 0 0 0 0 0 0 0 0 0 0 2.2 3.4000000000000004 2 3.4000000000000004 9.8 3.6 8 0.8 4.800000000000001 7.800000000000001 0 0 7.800000000000001 2.4000000000000004 3 3 1.8 2 0 3.2 0 1.2000000000000002 0 0.4 0 0 0 0 0 0 0 0.4 3.6 0 0 0 0 0 3.2 0 0 0 0 0 0 0 0 0 0 0 0 0.8 0 0 0 0 0 0 0 0 0 0 0 0 0 0 0 0 0 0 0 2.4000000000000004 0 0 0 0 0 0 0 0 0 0 0 0 0 0 0.4 0.2 0 0.6000000000000001 0 2.2 1.4000000000000001 0 0.4 0 0 0 0 0 0 0 1.8 0 0 0 0 0 0 0 0.4 0 0 0 0 0 5.4 0 0 0 0 0 0 0 0 0 0 0 0 0 
 17.8 33.4 16.2 17 73.2 8.6 33 0 12.200000000000001 19.8 50.800000000000004 16.8 45.800000000000004 52.800000000000004 34 64.2 8.4 11 15.8 49.6 0.6000000000000001 0.4 0 0 0 1 0 0 0 0 0.4 0 0 0 0 0 0.2 0 6.2 0 0 0 0 0 0.2 0 0 0 0 0 12.600000000000001 0 0 0 0.4 0 0 0 0 0 0 0 0 0.4 0 0.6000000000000001 0 8.8 0 0 0.6000000000000001 0 0.6000000000000001 0.6000000000000001 0 0 0 0 0 6 9 6 14.4 6.4 11.8 1.8 6.4 6.6000000000000005 5.2 2.2 13.4 9.600000000000001 1.6 0 9 12.8 6.2 8.200000000000001 3.8000000000000003 2.4000000000000004 0 0 0.4 0 0 0 0 0 0 0 3.4000000000000004 0 1.4000000000000001 0 0 0 0 0 0 4.6000000000000005 0 0 0 0 0 0 0 0 0 0 0 0 0 0 0 0 0 0 0 0 0 2.4000000000000004 0 3.8000000000000003 0 0 0 0 0.4 0 0 0 0.4 0 0 0.4 0 0 0 0 3.4000000000000004 3.4000000000000004 8.6 4.4 1.8 0 2 2.8000000000000003 2.8000000000000003 4.2 0 0 4.800000000000001 1 3.4000000000000004 1 2.8000000000000003 5 0 10.200000000000001 0 0 0 0 0 0 0 0 0 0 0 0 6.6000000000000005 0 0.2 0 0 0 15 0.4 0 0 0 0 0 0 0 0 0 0 0 0 0.4 0 0 0 0 0 0 0 0 0 0.2 0.2 0 0 0 0 0 0 0 0 0 0 0 0 0 3.2 0.4 0 0 0 0 0 0 0 1.8 0 0.2 18.400000000000002 0 1.2000000000000002 2.2 0 0 0 0 0 0 0 0.4 0 1.4000000000000001 0 0 0 0 0 0 0 0 0 0 0 0 0 0.2 0 0 0 0 0 0 0 0 0 0 0 0 0 
 18.6 45.6 32.4 36.6 27 40.400000000000006 25.8 12.200000000000001 0 93.80000000000001 36 32.4 31 12.8 17 34.4 92.60000000000001 40 76.60000000000001 35 0.6000000000000001 0.4 0.4 0 15.200000000000001 1 0 0 0.4 0.4 0.4 0 0 15.4 0 0 0.8 0 5.6000000000000005 0 0 0.8 0 0 0.4 0.2 0 0 0 0 0.6000000000000001 0 0 0.4 0.4 8 0.4 0 0 0 0.2 0 0 0.8 0 0.6000000000000001 0.4 9 0.6000000000000001 0 13 0.4 0.4 0.6000000000000001 0 0 0 0 0 0.4 5.2 3 8.6 8.8 3.4000000000000004 7.800000000000001 2.6 0 5.800000000000001 0 0 6.800000000000001 0 2.4000000000000004 7 0.8 1 9.200000000000001 15 3.6 0 3 2.8000000000000003 0 0 0 0 0 0 0 0 0 0 2.6 0.4 2 0 0 0 5.6000000000000005 0 0 0 0 0 0 0 0 2.8000000000000003 0 0 0 0 0 0 0 0 0 0 0 0 0.2 0 0.8 0 0 0 0 0 0 0 0 0.4 0 0 0.8 0.6000000000000001 0 0 0 3.2 2 3.2 15.200000000000001 2.2 4.2 0 7.4 0.2 1.8 3.2 0 6.2 6.6000000000000005 3.2 6.4 2.8000000000000003 0 0 4 0 1.8 0 0 0 0 4.2 5.800000000000001 0 0 0 0 0 0 3.8000000000000003 0 2.8000000000000003 0 0 0.4 0 0 0 0 0 0 0 0 0 0 0 0 0.4 0 0 0 0 0 0 0 0 0 0 0 0 0 0 0 0 0 2.2 0 0 0 0 0 0 0 0.4 0 0 0 0 0 0 0.4 0.4 0 0.4 17 0 1.6 0 0 0 0 0 0 0 0 0 0 0 0 0 0 0 0 0 0 0 0 0 0 0 0 2.6 0 0 0 0 0 0 0 0 0 0 0 0 0 
 24.200000000000003 27.8 45.2 90.4 29.400000000000002 28.6 9.8 19.8 93.80000000000001 0 25 24 34.6 48 31.200000000000003 15 45.400000000000006 10 15 24.200000000000003 0.8 0.4 41.400000000000006 0 0 0.6000000000000001 0.2 0 0 0.2 0.4 0 0 0.4 0.2 0 0.2 0 30.6 0 0 0 0 0 0 0 0 0 0 0 0 0 13 0 0.4 12.200000000000001 0 0 0 0 0 0 0 0.4 0 0.6000000000000001 0 10.4 0 0 0.6000000000000001 0 0.6000000000000001 0.6000000000000001 0 0 0 0 0 0.6000000000000001 0 8.6 0 4.2 8.6 3.4000000000000004 0.2 2 1.6 1.8 0 2.6 0 5.800000000000001 6.6000000000000005 1.6 1 2.2 1.6 4.4 0 0 2.6 0 0 0 0 0 0 0 0 0 0 2 0 0 0 0 0 2.2 0 0 0 0 0 0 0 0 0 0 0 0 0 0 0 0 0 0 0 0 0 0 0 0 0 0 0 0 0 0 0 0 0 0 0 0.4 0 0 0 0 3.2 0 0.4 0 0 2.8000000000000003 3.8000000000000003 4.4 1.8 5.2 0 0 2.8000000000000003 0 0 2.8000000000000003 0 6.2 0 2.8000000000000003 0.2 5 1.8 0 0 0 3.8000000000000003 3.4000000000000004 0 0 0 0 5.4 0 0 0 0 0 8.200000000000001 4.800000000000001 2.6 0.4 0 0 0 0 0 0 0 0 0 0 0 0 0 0 0 0 0 0 0 0 0 0 0 0 0 0 0 0 0 0 0 0 0 0 0 0 0 0 0 0 0 0 0 0 0 0.4 9.4 0.2 2.6 1.8 2.2 0 0 0 0 0 0 0 0 0 0 0 0 0 0 0 0 0 0 0 0 0 0 2 3.4000000000000004 0.2 0 0 0 0 0 0 0 0 0 0 0 0 
 8 5.800000000000001 40.6 40.2 67 112 7.4 50.800000000000004 36 25 0 38.800000000000004 5.800000000000001 7 20.6 30.200000000000003 35.2 13.600000000000001 10.4 14 3.2 0.4 0.4 0 0 1 15.200000000000001 0 3.6 0 0.4 1 31.6 14.8 0.8 17.8 0.8 0 28.8 5.2 0 1 0 0.8 0.6000000000000001 1 0 0 0 0 0.8 1.8 0.8 0.6000000000000001 0.4 0 0 0.4 0 0 1.8 0 0 0 0 0.4 0.4 1 0 10.600000000000001 0.6000000000000001 0.4 0.2 0.6000000000000001 0 0 0 6 0.6000000000000001 1.2000000000000002 0 0 0 2.8000000000000003 0 4.800000000000001 0 0 0 0.2 0 13.4 0 0 12.200000000000001 0 0.4 12.600000000000001 0 0 5.4 0.2 3.2 0 0 0 0.2 16.2 0 2.6 0 0 1.6 4.6000000000000005 0.2 3.4000000000000004 0 4.6000000000000005 5 9.8 0 0 0 0 0 0.4 0 0 2.6 0 0 0 0 0 0 0 0 0 0 0 0 0 0 0 0 0.4 0 0 0 0.8 0 0 0 0 0.4 0 0.4 0 0.4 2.2 0 0 0.2 1.8 8.8 7.2 0 0 0 0.2 7.800000000000001 12.200000000000001 0 0 0 0 0 0.2 0 0 3 7.800000000000001 1.8 0 0 0 18 8.4 0.4 0 0 0 2.6 3.8000000000000003 3.4000000000000004 6.800000000000001 0 0 0.6000000000000001 2.2 0 1 0 0 0 0 0 0 0 0.4 0 0 0 0 0 0 0 0 0 0 0.2 0 0 0 0 0 0 0 0 0 0 0 0 0 0 0.4 0 0 0 0 0 3.4000000000000004 0 0 0 0.2 17 0 0.2 0 0 1.6 0 0 0 0 0 0 0 0.4 0 0 0 0 0 0 0 0 0 0 0 0 0 0 0 2 1.6 0 0 0 0 0 0 0 0 0 0 0 0 0 
 20.6 11.600000000000001 6 61.6 45.2 83.4 25.400000000000002 16.8 32.4 24 38.800000000000004 0 26.6 5 6 23.6 14 69.60000000000001 3.4000000000000004 4.6000000000000005 0.6000000000000001 0.4 0 0 0 0.6000000000000001 0 0 0 0.6000000000000001 0.4 0 15 4.2 0 0 0.4 0 30 0 0 0 0 0 0 0.6000000000000001 0 0 0 0 0 0 0 0 0.4 0 0 0.8 0 0 0 0 0 0 0 0 0 0.6000000000000001 0 0 0.6000000000000001 0 0 0.6000000000000001 0 0 0 0 0 0.6000000000000001 2.2 13.600000000000001 4 13 3.2 4.6000000000000005 2 0 5 0 2.8000000000000003 3.4000000000000004 0 0 3.6 2.6 3 5.6000000000000005 2.2 0 0 0 0 0 0 0 0 3.2 0 2.8000000000000003 0 0.2 2.6 0 3.2 0.6000000000000001 0 0 0 4.800000000000001 0 0 0 0 0 0 0 0 2.8000000000000003 0 0 0 0 0.2 0 0 0 0 0 0 0 0 0 0 0 0 0 0 0 0 0 0 0 0 0 0.6000000000000001 0 0 0 0 0 2.8000000000000003 0 4.4 7.6000000000000005 7 0.8 2 0 2 5.2 5.2 0 5.800000000000001 2.2 4 0 2 0 0 3.4000000000000004 0 0 0 0 0 2.4000000000000004 0 0 0 0 0 0 11.600000000000001 5 0 1.8 0 3.2 0 0 0 0 0 0 0 0 0 0 0 0 0 0 0 0 0 0 0 0 0 0 0 0 0 0 0 0 0 0 0 0 0 0 2.4000000000000004 0 0 0 0 0 0 0 0 0 0 0 0.8 17.8 0 0.4 17.8 0 1.6 0.4 0 0 0 0 0 0 0 0 0 0 0 0 0 0 0 0 0 0 0 0 0 0 6.2 3.4000000000000004 1.8 0 0 0 0 0 0 0 0 0 0 0 0 
 58.800000000000004 54.6 62.400000000000006 76.60000000000001 20.200000000000003 54.6 78.2 45.800000000000004 31 34.6 5.800000000000001 26.6 0 56.2 58.800000000000004 15.4 24.6 87 18.6 19.400000000000002 0.6000000000000001 1.2000000000000002 0.6000000000000001 0.6000000000000001 0 0.6000000000000001 0 0 0 0.4 0.4 0 0 0 0 0 0.4 0 0 0.2 0 0.6000000000000001 0 0 0 1 0.6000000000000001 0 0.6000000000000001 0.6000000000000001 0 0 0 0 0.4 0.6000000000000001 0 0 0 0 0 0.4 0 0 0 0.2 0 0.8 0 1 1 0.4 0 0.6000000000000001 0 0 0 0 0 0.8 1.6 9.4 2.4000000000000004 4 1.8 3.6 2.8000000000000003 2.2 4.2 2 9.600000000000001 2.4000000000000004 4.4 2.8000000000000003 2.4000000000000004 0 4 2.2 6.4 6.4 0 0 0 0 0 0 0 0 0.2 0 0 0 0 0 0 0 0 0 0 0 0 0 0 0 0 0 0 0 0 0 0 0 0 0 0 0 0 0 0 0 0 0 0 0.2 0 0 0 0 0 0 0 2.8000000000000003 0 0 0 0 0 0.2 0 0 0 3 0 3.8000000000000003 0 3.2 6.800000000000001 2.4000000000000004 1.2000000000000002 4 0 0 0.2 3 0 2.8000000000000003 5.2 0 3.8000000000000003 0 0 0 0 2.6 0 0 0.4 0 0 0 0 0 0 0 0 0 0 0 4.800000000000001 0 0 0 0 0 0 0 0 0 0 0 0 0 0 0 0 0 0 0.4 3.6 0 0 0 0 0 0 0 0 0 0 0 0 3 0.2 0 0 0 0 0 0 0 0 0.4 0 0 0 0 0 0.4 1 1.2000000000000002 0.4 0.6000000000000001 0 0 0 0.2 0 0 0 0 0 0.4 0 0 0 0 0 0 0 0 0 0 0 0 0 0 2.8000000000000003 0 0 0 0 0 0 0 0 0 0 0 0 0 
 20 7.4 9.4 13.8 9.200000000000001 11.600000000000001 64.2 52.800000000000004 12.8 48 7 5 56.2 0 34.800000000000004 5.2 10.8 29 21.400000000000002 18.6 0.6000000000000001 0.4 0 0 0 0.6000000000000001 0.2 0 0 0.2 0.4 0 0 0 0.4 0 0.4 0 23 0 0 0.8 0 0 0 0 0 0 0 0 0 0 0.6000000000000001 12.200000000000001 0.4 0 0 0 0 0 0 0 0 0.8 0 0.6000000000000001 0 0.4 0 0 0.6000000000000001 0 0.4 0.6000000000000001 0 0 0 0.2 0 8 1.8 6.6000000000000005 4.2 2.8000000000000003 4 3.8000000000000003 0.8 4.800000000000001 0 15.4 7.800000000000001 3.8000000000000003 0 2 0 2.8000000000000003 3.2 3.6 0 0 0 0 0 0 0 0 0 0 0 0 0 0 1.6 0 0 0 0 0 0 0 0 0 0 0 0 0 0 0 0 0 0 0 0 0 0 0 0 0 0 0 0 0.4 0 0 0 0 0 0 0 0 0 0 0 0 0 0 0 0 0 0 0 0.2 4.4 5.800000000000001 1.8 0 3.4000000000000004 4.800000000000001 4.800000000000001 2 0 0 0.8 6.800000000000001 0.2 1.8 1.4000000000000001 7 0 0 0 0 0 0 0.2 0 0 0 0 0 0 0 4.4 0 0 0 0 0 10.8 1.4000000000000001 0 0 0 0 1.8 6.6000000000000005 0 0 0 0 0 0 0 0 0 0 0 0 0 0 0.8 0 0 0 0 0 0 0 0 0 0 0 0 0 0 0 0 0 3 0 0 0.2 0 0 0 0 0 0 18.2 17.400000000000002 3 1.8 0 0 0 0 0 0 0 0 0 0 1.6 0 0 0 0 0 0 0 0 0 0 0 0 0 0.2 0 0 0 0 0 0 0 0 0 0 0 0 0 
 24 83.80000000000001 27.400000000000002 17.8 21.400000000000002 30.200000000000003 52.800000000000004 34 17 31.200000000000003 20.6 6 58.800000000000004 34.800000000000004 0 80.4 46.6 7.800000000000001 34.2 79 0.6000000000000001 0.4 0.4 0 0.2 1 0.4 0 0 0.4 0.4 0 0 14.8 0 0 0.8 0.6000000000000001 0 0 0 0.4 0 0 0.4 0.2 0 0 0 0 0.6000000000000001 0 0 0 1 0 0.4 0.4 0 5.800000000000001 0.6000000000000001 0.2 0 0 0 0.4 12 0.4 0.6000000000000001 0 0.6000000000000001 0 0.2 0.6000000000000001 0 0.2 0.4 2 0 0.6000000000000001 1.8 6 7.4 3.8000000000000003 3.8000000000000003 2 2.4000000000000004 10.200000000000001 9.8 0.4 8.6 2.6 3.8000000000000003 2.2 0 6 10.8 7 0 0 0 0 0 0 0 0.4 0 3 0 0 0 0 0 0 0 0 0 0 0 0.4 0.2 0 0 0 0 0 0 0 0 0 7.6000000000000005 0.2 0 0 0 0 3 0 0 0 0 0 0 0.2 0 0 0 0 0 0 0 0 0 0 0 0 0 0 0 0 4 7.4 1.4000000000000001 0 0 0.4 3.2 0.6000000000000001 4.4 2 0 0 1.2000000000000002 0 7 2.2 3.8000000000000003 3 9.8 3.6 0 0 0 0 0 0 0.2 0 0 0 0 0 4.4 0 2 0 0 0 2.2 0.4 0 0.4 0 0 0 0 0 0 0 0 0 0 0 0 0 0 0 0.2 0 0.4 0 0 0 0 0 0 0 0 0.4 0 0 0 0 1.6 0 0 0 0 0 0 0 0.2 0 0 0 0.4 0 0 0.8 0.2 0.2 2.8000000000000003 2.4000000000000004 0 0 0 0 0 0 0 0 0 0 0 0 0 0 0 0 0 0 0 0 0 0 0 4.2 0 0 0 0 0 0 0 0 0 0 0 0 0 
 50.2 35.4 11.200000000000001 10.8 16.400000000000002 16.8 64.2 64.2 34.4 15 30.200000000000003 23.6 15.4 5.2 80.4 0 49.400000000000006 35.4 45.800000000000004 23.400000000000002 1.2000000000000002 0.6000000000000001 0.8 0.4 0 0.4 0 0 0 0 0.4 0.4 12.4 0 0 0 0.8 0 15.4 0.6000000000000001 0 0.4 0.6000000000000001 0 0 0 0 0 0 0 0 3.6 0 0 1 0 0 0.4 0.4 0 0.8 0 0 0.2 0.4 0.6000000000000001 0 0.4 0 0.4 1 0 0.4 0.8 0 0 0 0.2 0 6.6000000000000005 3.4000000000000004 1.8 9.4 11.4 3.8000000000000003 0 2.2 2 4.6000000000000005 7.6000000000000005 6 4.800000000000001 0 0 0.6000000000000001 10.4 6.800000000000001 7.6000000000000005 0 0 0 0 0 0 0 0 0 5 0 0.2 0.4 0 0 0 0.4 0 0 0 0 7.2 0 0 0 0 0 0 0.4 0.2 0 0 0 0 0 0 0.2 0 0 0 0 0 0.6000000000000001 0 0 1.6 0 0 0 0.2 0 0 0 0 0 0 0 1.4000000000000001 0 0 0 0 3 6.4 8.4 5.2 4.6000000000000005 0 0.6000000000000001 0 2.2 5.6000000000000005 0 1.8 6.2 9.8 2 18.400000000000002 2 3 0 5.2 0 0 2.8000000000000003 0 0 0 0 0.2 0.2 0 0 0 1.8 3.8000000000000003 2 0 0 0 2 2.2 0 0 0 0 0 0.4 0 0 0 0 0 0 0 0 0 0 0 0 0 0 0 0 0 0 0 0 0 0 0 0 0 0 0 0 2 0 0 0 0 0 0 1.8 0 0 0 0.6000000000000001 18.8 0 3.2 0 0.2 1.2000000000000002 0 0 0 0 0 0 0 0 0 0 0 0 0 0 0 0 0 0 0 0 0 0.4 0 2.2 4.2 2 0 0 0 0 0 0 0 0 0 0 0 0 
 24.8 44 42.400000000000006 77 7 22 25.200000000000003 8.4 92.60000000000001 45.400000000000006 35.2 14 24.6 10.8 46.6 49.400000000000006 0 39.6 5.800000000000001 42.800000000000004 0.6000000000000001 0.4 0 0 0 0.6000000000000001 0 0.4 0 0.4 0.4 0.2 0 0 0 0 0.4 0 0.8 0 0 12.4 0 0 0 0.2 0 0 0 0 0 0 0 0 0.4 0 0 0.4 0 0 0 0 0 0 0 0.4 0 9 0 0 0.6000000000000001 0 0.2 0.6000000000000001 0 0 0 0 0 0.6000000000000001 3.8000000000000003 8.8 11 6.4 7.800000000000001 4 6.4 0 6.800000000000001 11.4 4.2 5.800000000000001 0 3.2 4.6000000000000005 0.8 0 3.8000000000000003 7 2 0 0 2.4000000000000004 0 0 0 0 0 0 0 0 0 0 2.6 0 0 0.8 0 0 2.6 0 0 0 0 0 0 0 0 0 0 0 0 0 0 0 0 0 0 0 0 0 1 0 0.8 0 0 0 0 0 0 0.4 0 0 0 0 0 0.4 0 0 0 7 5.2 5 11 0 3.6 0.6000000000000001 4.6000000000000005 2.2 3.6 0 0 13 6 3.4000000000000004 5.4 4.6000000000000005 0 0 6.800000000000001 0 0 0 0 0 0 6.2 2.6 0 0 0 0 0 0 6.2 0 0 0.2 0.2 0 0 0 0 0 0 0 0 0 0 0.4 0 0 0 0 0 0 0 0 0 0 0.2 0 0 0 0 0 0 0 0 0 0 0 0 0.4 0 0 0 0 0 0 0 0 0 0 0 0.2 0 0 0.4 0.6000000000000001 0 2 1.6 0 0 0 0 0 0 0 0 0 0 0 0 0 0 0 0 0 0 0 0 0 0 0 6.2 6.2 0 0 0 0 0 0 0 0 0 0 0 0 
 6.2 25.200000000000003 15.4 46.800000000000004 65.2 50 3.6 11 40 10 13.600000000000001 69.60000000000001 87 29 7.800000000000001 35.4 39.6 0 26 6.4 0.6000000000000001 0.4 0 0.2 0 0.6000000000000001 0.4 1 0.8 0.2 0.4 0 15.200000000000001 16 0 0 1 0 13.8 0.2 0 0 0 0 1.2000000000000002 0.2 0 0 0 0 0.8 0 0 0.4 0.4 0.8 0 0 0 0 0 0.8 0 0 0 0.4 0 0.4 0 0 0.6000000000000001 0 0.2 0.6000000000000001 0.8 0 0.6000000000000001 0 0 0.6000000000000001 2.6 2.6 2 6.2 3.8000000000000003 5.800000000000001 3.4000000000000004 0 6.2 4.6000000000000005 3 5 3.2 0 4 3 6.800000000000001 2.8000000000000003 2.6 2.6 1.2000000000000002 0 0 0 0 0 0 0.4 0 0.2 0 0 1.2000000000000002 2.6 0.8 8.200000000000001 0 0 0 4.800000000000001 0 0 0 0 0.4 0 0.4 0 2.6 0.2 0 0 0.4 0 0.4 2 0 0 0 0 0 1 0 0 0 0.2 0 0 0 0.8 1.4000000000000001 0 9.600000000000001 0 0 0 0 0 0 1 0 0 3.8000000000000003 8 2 7.6000000000000005 1.2000000000000002 0 0 13.8 2.4000000000000004 0.2 3 0.2 0 1.4000000000000001 0 2.2 0 0 0 0 0 0 0 0 2 2.8000000000000003 0 0 0 0 4.2 6.800000000000001 0.4 0 0 0 8.200000000000001 5.6000000000000005 0 0 0 0 0 0.2 0 0 0 0 0 0 0 0 0 0 0 0 0 0 0 0 0 0 0 0 0 0 0 0 0 0 0 0 0 0 0 0 0 0 0 0 0 0 0 0 0.6000000000000001 0.4 0.2 17.8 0.2 0.4 0 0 0 0 0 0 0 0 0 0 0 0 0 0 0 0 0 0 0 0 0 0 0 2.4000000000000004 0 0 0 0 0 0 0 0 0 0 0 0 0 0 
 20 40.400000000000006 12 17.2 13.8 8.200000000000001 23.400000000000002 15.8 76.60000000000001 15 10.4 3.4000000000000004 18.6 21.400000000000002 34.2 45.800000000000004 5.800000000000001 26 0 85.80000000000001 0.6000000000000001 1 0 0 0 1.2000000000000002 0 0 0 0.4 0.8 0.2 0 0 1.2000000000000002 0 0.8 0 0 0.6000000000000001 0 0.6000000000000001 0 0.4 0 0.2 0.4 0 0 0 0 0 0 0 0.4 0.2 0 0 0 0 0 0 0 0 0 1.8 0.6000000000000001 0.4 0 0 0.6000000000000001 0 0.2 0.8 0 0 0 0 0 0.6000000000000001 2.4000000000000004 0 5.800000000000001 0 0 0 7.4 4.2 1.6 2.2 0.2 2.6 9 4.4 0 2 0 0 0 7.2 0 0.4 0 0 0 0 0 0 0 0 0 0 0 0 0 0 0 0 0 0 0 0 0 0 0 0.2 0 0 0 0 0 0 0 0 0 0 0 0 0 0.4 0 0 0 0 0 0 1.4000000000000001 0 0 0 0 2.4000000000000004 0.8 0 0 0 0 0 0.2 0 15.8 1.2000000000000002 2.2 0 2.2 0 4 0 0 0 0 0 1.4000000000000001 0 3 0 5 0.2 0 1.6 0 0 0 0 0 0 0 0 0 0 0 0 5.2 0 0 0 0 0 0.2 0 0 0 0 0 0.2 0 0 0 0 0 0 0 0 0 0 0 0 0 0 0 0.4 0 0 0 0 0 0 0 0 0 0 0 0 0.2 0 5 0 0 0 0 0 0 0 0 0 0 0 0.8 0.6000000000000001 0 0 0.2 0 0 0 0 0 0 0 0 0 0 0 0 0 0 0 0 0 0 0 0 0 0 0 0 0.2 0 0 0 0 0 0 0 0 0 0 0 0 0 
 25.200000000000003 35.4 70 14 21.400000000000002 33 28.200000000000003 49.6 35 24.200000000000003 14 4.6000000000000005 19.400000000000002 18.6 79 23.400000000000002 42.800000000000004 6.4 85.80000000000001 0 0.6000000000000001 0.4 0 0.4 0 0.6000000000000001 0.6000000000000001 0 0 0.4 0.4 0 0 0 0 0 0.2 0.4 0.6000000000000001 0 0 0 0 0 0 0.4 0 0 0 0 0 0 0 0 0.4 0 0 0.2 0 0 0 0 0 0 0 0.2 0 7.2 0 0 0.6000000000000001 0 0 0.6000000000000001 0.4 0 0 0 0 1.2000000000000002 4.6000000000000005 1.8 8.6 2.6 3 0 4.800000000000001 4 4.6000000000000005 0.2 9.4 0.2 5.4 0 2.2 2.6 0 0 5.800000000000001 1.8 0 0 0 0 0 0 0 0 0 0 0 0 0 0 0 0 0 0 0 0 0 0 0 0 0 0 0 0 0 0 0 0 0 0 0 0 0 0 0 0 0 0 0 0.8 0 0 0 0 0 0.2 0 0.2 0 0 2 0 2.6 0 0 0 12.600000000000001 8 2.8000000000000003 3.6 0 0 2 5.4 8.200000000000001 2 0 0 4.6000000000000005 0 5.4 11 7.4 0 8 0.4 0 0 0 0 0 0 0 0 0 0 0 0 0 0 0 0 0 0 0 0 0 0 0 0 0 0 0 0 0 0 0 0 0 3 0 0 0 0 0 0 0 0 0 0 0 0 0 0 0 0 0 0 0 0 0 0 0 0 0 0 0 0 0 0 0 17.6 0.6000000000000001 0 0 0.4 0 0.4 0 0 0 0 0 0 0 0 0 0 0 0 0 0 0 0 0 0 0 0 0 0 0 0 2.8000000000000003 0 0 0 0 0 0 0 0 0 0 0 0 0 
 15.4 0.6000000000000001 1 16.400000000000002 15.8 0.6000000000000001 0.6000000000000001 0.6000000000000001 0.6000000000000001 0.8 3.2 0.6000000000000001 0.6000000000000001 0.6000000000000001 0.6000000000000001 1.2000000000000002 0.6000000000000001 0.6000000000000001 0.6000000000000001 0.6000000000000001 0 86.60000000000001 88.60000000000001 25.400000000000002 28.200000000000003 52.6 68 43.800000000000004 27.200000000000003 20.200000000000003 25.6 10.200000000000001 42.6 22.6 35.4 12.8 8.6 22.400000000000002 71.8 46.400000000000006 0 0 0 0.4 0.6000000000000001 0 7.6000000000000005 0 0 0 0 0 0 0 0 0 0 0.6000000000000001 0 0 1.8 0 0 0 0.4 0 0.6000000000000001 0 0.6000000000000001 1.6 0 0 0.4 0 0 0 0 0 0 0 0 0 0.2 0 2 0.6000000000000001 0 0 0 0 0 0 0 0 0 0 0 0 0 0 2.4000000000000004 3 8 4.6000000000000005 0 0 7.2 1.8 16.8 11 11.4 0 0 4.2 3.6 0 2.4000000000000004 1.8 5.6000000000000005 0.2 0 0 0 0 0 0 0 0 0 0 0 0 0 0 0 0 0 0 0 0 0 0 0 0 0 0 0 0 1.6 0 0 0 0 0 0 0 0 0 0 0 0 0 0 0 0 0 0 0.2 2.8000000000000003 0.4 0 0 0 0 0 0 0 0 0 0 4.6000000000000005 13.600000000000001 8.4 0 1 0 2.8000000000000003 0 3.8000000000000003 0.2 2 3 0.2 3.8000000000000003 2 1 3 9 0 0 0 0 0 0 0.4 0 0.2 0 0 0 0 0 0 0 0 0 0 0 0 1.4000000000000001 0 0 0 0.2 0 0.4 0 0 0 0 0 0 0 0 3.2 0 0 0 0 0 0 0 3.6 0 0 0 0 0 0 0 0 0 0 0 3 0 0.4 0.2 0 0.2 0.4 2.4000000000000004 0 0 0 0 0 0 0 0 0 0 0 0 0 0 0 0 0 0 0 1.8 0 0 0 4 0 0 0 0 
 0.4 0.4 1 0.4 0.4 0.8 0.4 0.4 0.4 0.4 0.4 0.4 1.2000000000000002 0.4 0.4 0.6000000000000001 0.4 0.4 1 0.4 86.60000000000001 0 40 13.200000000000001 63.2 40.6 21.8 37.800000000000004 13.4 8.200000000000001 37 9 34.4 31.200000000000003 40 19.8 38 21 10.4 12.200000000000001 0.2 0 0 0.4 0.4 0 1 0 0 0 0 0.2 0.4 0 0 0 0 0.6000000000000001 0 0 0.6000000000000001 0 0 0.2 0.4 0 0.2 0 1.6 0 0 0 0.4 0 0 0 0 0 0 0 0 0 0 0 2.2 0 0 0 0 0 0 0 0 3.6 0 0 0 0 0 0 0.2 5.4 2.2 0 3.2 0 12.600000000000001 4.4 3 1.6 4.800000000000001 2.8000000000000003 0.2 3.8000000000000003 4.6000000000000005 0 1.8 0 0 0 0 0 0 0 0 0 2.4000000000000004 0 0 0 0 0 0 0 0 0 0 0 0 0 0 0 0 0 0 0 0 0 0 0 0 0 0 0 0 0 0 0 0 0 0 0 0 0 0 0.6000000000000001 0 0 0 0 0.6000000000000001 1.2000000000000002 0 0 0 0 0 0 0 0 5.6000000000000005 5.4 5 2 6.6000000000000005 0 0.6000000000000001 2.6 8.8 0 0 3 0 5.2 0 15 6 5.6000000000000005 0 0 2 0 0 0 0 0 0 0 0 0.6000000000000001 0 0 0 0 0 0 0 0 0.2 0 0 0 0 0 0 0 0 0 0 0 0 0 4.800000000000001 0 0 0 0 0 0 0 0 0 2.6 0 0 0 0.2 0 0 0 0 0 0 0 0 0 0 9 0 0 2.4000000000000004 0 0 0 0 0 0 0 0 0 0 0 0 0 0 0 0 0 0 0 0 0 0 0 0 0.2 2.4000000000000004 0 0 0 
 0 0 0.2 0 0 0 0 0 0.4 41.400000000000006 0.4 0 0.6000000000000001 0 0.4 0.8 0 0 0 0 88.60000000000001 40 0 33.800000000000004 24.8 6.6000000000000005 59.6 34.6 32.800000000000004 10.200000000000001 25 23.8 28.6 9.4 27.6 30.200000000000003 16 35.4 10.200000000000001 24.400000000000002 0.2 0 0 0.8 0.4 0 0.6000000000000001 0 0 0 0 0 0 0 0 0 0.2 0.6000000000000001 12.4 0 0.4 0 0 0.4 0.4 0 0 0 0.6000000000000001 0 0 0.2 0.6000000000000001 0 0.6000000000000001 0 0 0 0 0 0 0 0 0 2 0 0 0 0 0 0 0 0 0 0 0 0 0 0 0 3.2 4.6000000000000005 5.4 8.200000000000001 3.2 0 8.200000000000001 4.800000000000001 15 4.2 8.6 3.6 1.8 2.6 4.6000000000000005 5.800000000000001 6.6000000000000005 0 0.2 0 0 0 0 0 0 0 0 2.8000000000000003 0 0 0 0 0 0 0 0 2.4000000000000004 0 0 0 0 0 0 0 0 0 0 0 0 0 0 0 0 0 0 0 0 0 0 0 0 0 0 0 0 0 0 0 0 0 0 0 0 0 0 0 0 0 0 0 3.6 0 8.6 0 9.600000000000001 0 2.2 1.2000000000000002 5 2.6 3.4000000000000004 2.8000000000000003 0 0 0 4.4 10 5.4 0 1 2.4000000000000004 0 0 0 2.2 0 0 0 0 0 0 0 1.2000000000000002 0 0 0 0 0 2.2 2 0 0 0 0 0 0 0 0 0 0 0 0 0 0 0 0 0 0 0 0 0 0 2.6 0 0 0 0 0 0 0 0 0 0 0 1.2000000000000002 0.4 0 31 0 0.6000000000000001 0.4 2.4000000000000004 0 0 0 0 0 0 0 0 2.2 0 0 0 0 0 0 0 0 0 0 1.4000000000000001 0 0 0 3.8000000000000003 2.2 0 0 0 
 0 0 0 0.2 0 0.6000000000000001 0 0 0 0 0 0 0.6000000000000001 0 0 0.4 0 0.2 0 0.4 25.400000000000002 13.200000000000001 33.800000000000004 0 18.2 24.6 53 20.400000000000002 20 47.2 26.6 14 29.400000000000002 17.400000000000002 25.400000000000002 66.60000000000001 24 23 71.60000000000001 82.4 14 0.4 0 0.4 2.6 0 0.6000000000000001 0 0 0 0 0 12.600000000000001 0 5 0 0 0.6000000000000001 1 0 2.2 0 0 0 0.4 0 0.2 0 0.6000000000000001 0 6 0 0.4 0 0 0 0 0 0 0 0 0 0.2 0 0.4 0 0 0 0 0 0 0 0 0 0 0 0 0 0 0.2 3.2 1.6 0 9.4 0 3.8000000000000003 6.800000000000001 3.2 9.600000000000001 4.6000000000000005 3 3.8000000000000003 2.4000000000000004 0 2.8000000000000003 4.6000000000000005 6.800000000000001 2.4000000000000004 0 0 2.4000000000000004 0 0 0.2 0 0 2.4000000000000004 3.4000000000000004 0 0 0 0 0 0 0.6000000000000001 0 0 0 0.2 0.2 0 0 0 0 0 0 0 0 0 0 0 0.4 0 0 0 0 0 0.2 0 0 0 0 0 0 0 0 0 0 0 0 0 0.4 0 0 0 0 0 0 0 0 0 3.8000000000000003 4 0.2 1 5.2 1.8 0 0 2.2 8.6 2.4000000000000004 0.2 0 0 0.2 12 3.8000000000000003 0 0.6000000000000001 0 0.4 4.2 0 0 0 2.6 0 1.2000000000000002 0 0 0 0.2 5.2 0 0 0 0 7.4 5 0 0 0 0 0 0 0 0 0 0 0 0 0 0 0 0 0 0 0 0 0 0 0 0 0 0 0 0 0 0 0 0 0 0 0.2 0.4 0 0 3.4000000000000004 0.4 0.4 2 0 0 0 0 1.6 0 0 0 0 0 0 0 0 0 0 0 0 0 0 2.2 0 0 0 0 0 0 0 0 
 0 0.6000000000000001 0 0 0 1.2000000000000002 0 0 15.200000000000001 0 0 0 0 0 0.2 0 0 0 0 0 28.200000000000003 63.2 24.8 18.2 0 56.2 11 32.6 150.6 30.400000000000002 24.200000000000003 33.2 57 56.400000000000006 43 14.8 70.60000000000001 14 13 27.200000000000003 17.6 0.6000000000000001 0 0.4 0.4 0 0.6000000000000001 5.800000000000001 0 0 13.8 0 0.2 13.200000000000001 11.8 12.4 0 0.8 0 12.600000000000001 0.6000000000000001 0.8 0 1.2000000000000002 0.4 0 0.2 0 0.8 0 0 0 0.4 0 0 0 0 1.2000000000000002 0 0 0 0.4 0 0 0 0 0 0 0 0 0 0 0 0 0 0 0 0 0 0 0 4.4 4.2 1.4000000000000001 0 7.2 0 0.2 0 1.4000000000000001 2.6 4 0 4.2 0 0 0 2.6 0 0 3.4000000000000004 0 1.8 2.6 0 0 0 10 1.6 0 6.800000000000001 0 6.4 4 3.6 1.4000000000000001 0 0 10.200000000000001 2.4000000000000004 0 0 0 0 0 0 0 0 0 0 0.4 0 0 0 0 0 3 0 1.6 0 0 0 0 0 0 0 0 0 0 0 0 0 0 0 0 0 0 0 0 0 1.6 0 0 3.8000000000000003 3.8000000000000003 3.4000000000000004 0.2 0 0 3 5.800000000000001 5.800000000000001 0 2.6 0 2 0 4.2 0 0.2 0.6000000000000001 0 1.2000000000000002 0.2 0 0 3.2 4.4 3.8000000000000003 0 0 1.4000000000000001 4.6000000000000005 0 0 1.4000000000000001 0 0 3 7.800000000000001 0 0 0 0 0 0 0 0 0 0 0 0 0 0 0 1.4000000000000001 0 0 0 0 0 0 0.4 0 0 0 0 0 0 0 0 0 0 0 0.4 0 0.6000000000000001 0.6000000000000001 15.600000000000001 0 0.2 0 0 0 0 0 0 0 0 0 0 0 0 0 0 0 0 0 0 0 0 0 0 0 0 3.6 0 0 0 0 
 0.6000000000000001 0.6000000000000001 0.6000000000000001 0.6000000000000001 0.8 1.8 0.6000000000000001 1 1 0.6000000000000001 1 0.6000000000000001 0.6000000000000001 0.6000000000000001 1 0.4 0.6000000000000001 0.6000000000000001 1.2000000000000002 0.6000000000000001 52.6 40.6 6.6000000000000005 24.6 56.2 0 5.6000000000000005 10.200000000000001 25.200000000000003 61.400000000000006 62.6 68.8 71.8 9 81.60000000000001 14.8 29.400000000000002 22.6 13.4 9 15.200000000000001 0 12.600000000000001 0.6000000000000001 0.6000000000000001 0.2 13 12.4 0 0 5 0.2 0.2 4.4 26.400000000000002 0 0.2 1.4000000000000001 16.6 0.2 0.8 1.8 0 4 0.4 0.4 0.6000000000000001 0.4 1.6 0 0 0.6000000000000001 1.2000000000000002 0 0 0 0 0.2 0.4 0 0 0 0 0 0 0.2 0 0 0 0 0 0 0.2 0 0 0 0 0.2 0 0 0 0 0 0 6.4 7.800000000000001 0 0 0 0 0 5.800000000000001 0 0 0 0 0 2.2 0 0 3 0 2 3.2 0 0 2.8000000000000003 7 0 0 4.2 0 4 5.2 5.6000000000000005 1.2000000000000002 0 0 5.800000000000001 7.2 0 0 0 0 0 0 0 0 0 0 0 0 0 0 0 0 0 0 0 0 0 0 0 0.4 0 0.4 0 0 0 0 0 0.6000000000000001 0 0 0 0 0 0.2 0 0 0 4.2 0 1.6 0 8.6 0 3 1.6 2.8000000000000003 7.800000000000001 2.6 0 0 0 0.2 0.2 0 0 0 5 0 4.6000000000000005 0 0 3.8000000000000003 10 0 8 0 0.2 0 3.6 2.2 0 0 0 0 3.4000000000000004 4.2 0.2 0 0 0 0 0 0 0 0 0 0.4 0 0 0 0 0 0 0.6000000000000001 0 0 0 0 0 0 0 0 0 0 0 0 0 0 0 0 0.8 1.6 0 15.8 0.4 0 0 0 0 0 0 0 0.2 0 0 0 0 0 0 0 0 0 0 0 0 0 0 0 0 0 0 0 0.2 0 0 0 
 0 0 0 0 7 0.6000000000000001 0 0 0 0.2 15.200000000000001 0 0 0.2 0.4 0 0 0.4 0 0.6000000000000001 68 21.8 59.6 53 11 5.6000000000000005 0 17.400000000000002 25.400000000000002 20.6 7.800000000000001 10 32.6 72.60000000000001 23.400000000000002 31.400000000000002 36 20 15.600000000000001 37 0 0.6000000000000001 1.2000000000000002 0.4 1.6 0 1.4000000000000001 0 0 0.2 0.6000000000000001 0 0.6000000000000001 0.4 0.4 0 0 0.6000000000000001 3 0 1.8 0 9 0.6000000000000001 0.4 0 0.2 0.6000000000000001 0.6000000000000001 0.6000000000000001 0.8 0 10.600000000000001 0.4 0.8 0 0 0.4 0 0 0 0 0.4 0 1.6 0 0 0 0 0 0 0 0 0 5.4 0 0 0 0 0 6.6000000000000005 11.600000000000001 2.6 9.200000000000001 0 0 8.4 9 3.8000000000000003 10 0 0.2 0 1.6 5.2 2.4000000000000004 3.2 5.4 0 1.8 0 0 0 0 0 0 0 0 0 0 0 0 0 0 0 0 0 0 0 0 0 0 4.2 0 0 1.2000000000000002 0 0 0 1 0 0 0 0 0 0 0 0 0 0 0 0 0 0 2.6 0 0 0 0.4 0 1 1.4000000000000001 0 0 0 0 0 0 0 0.4 0 13.600000000000001 1.6 5.800000000000001 1.4000000000000001 1.8 0.2 3 2.8000000000000003 5.2 3.8000000000000003 0 0 14.200000000000001 4.6000000000000005 0 0.4 1.4000000000000001 0 4.2 0 0 0 0 0 0 0 0 0 0.6000000000000001 0 0 0 0 0 0 0 0 1.6 0 0 0 0 0 0 0 0 0 0 0 0 0 0 0 0 0 0 0 0 0 0 0 0 0 0 0 0 0 0 0 0 0 0 2.6 0.4 0 0 5.800000000000001 0.6000000000000001 0 0.4 0 0 0 0 0 0 0 0 0 0 0 0 0 0 0.4 0 0 0 0 0 0 0 0 0 0.2 0 0 0 0 
 0 0 0 0 0 0 0 0 0 0 0 0 0 0 0 0 0.4 1 0 0 43.800000000000004 37.800000000000004 34.6 20.400000000000002 32.6 10.200000000000001 17.400000000000002 0 32.6 11.4 21.400000000000002 23 44.400000000000006 30.6 38.6 20.8 22.400000000000002 71.60000000000001 17.8 23 0 0 0 0.4 2.2 0 0.6000000000000001 0 0 0 0.4 0 0.8 0.2 0 0.4 0 0.6000000000000001 13.4 0 0.6000000000000001 0.4 0.6000000000000001 0 0.4 0 0.4 5.4 0.6000000000000001 0 0 2 0.4 0 0.4 0 5.6000000000000005 0 0 0 0 0 0 0 0 0 0 0 0 0 0 0 0 0 0 0 0 0 0 0 2.4000000000000004 0 2.4000000000000004 8.200000000000001 0 0 1.8 1.4000000000000001 0 6 0 8.6 1.6 0 4.4 3 4.4 0.4 1 0 0 0 0 0 0 0 0.4 0 0 0.2 0 0.4 0 0 0 0 0 0 0 0 0 0 0.2 0 0.2 0 2.4000000000000004 0 0 0 0 0 0 0 0 0 0 0 2.8000000000000003 0 0.4 0 0 0 0 0 0 3 0 0 0 0 0 0.2 0 0.4 0 0 0 0 8 2.6 2.8000000000000003 0.2 1.8 3.4000000000000004 0.2 4.800000000000001 2.2 14.200000000000001 0 2.4000000000000004 0 4 0 6.4 8.6 3 0 0.4 0 0 0 0 0 0 1.8 0 0 0.4 0 0 0.2 10.4 0 0 0 0 0 3.8000000000000003 0 0 0 0 0 0 0 0 0 0 0 0 0 0 0 0 0 0 0 0 0 0 0 0 0 0 0 0 0 0 0 0 0 0 0.8 0 0.4 15.200000000000001 1.8 0 0 0.4 0.4 0 0 0 1.8 0 0 0 0 0 0 0 0 0 0 0 0 0 0 1.2000000000000002 0 0 0 1.2000000000000002 0 0 0 0 
 0.2 0 0 0 14.8 15.600000000000001 3 0 0.4 0 3.6 0 0 0 0 0 0 0.8 0 0 27.200000000000003 13.4 32.800000000000004 20 150.6 25.200000000000003 25.400000000000002 32.6 0 31 20.6 45.400000000000006 81.60000000000001 62.800000000000004 91.80000000000001 49.400000000000006 66.4 24.6 14.600000000000001 31 5.6000000000000005 0 0 0.4 0.4 0 15.600000000000001 0 0 0 0 0 0 0 0 0 0 0.6000000000000001 0 0 0.6000000000000001 0 0 0 0.4 0 0.2 0 1.4000000000000001 0 0 0 0.4 0 2.2 0 0 0 0 0 0 0 0 0 0 0.2 0 0 0 0 0 0 0 0.2 0 0 0 0 0 0 3 0.4 0 7.6000000000000005 3.8000000000000003 3.8000000000000003 0 0 0 2.6 0 5.4 2.4000000000000004 2.4000000000000004 8.8 0 8.8 2.8000000000000003 1.6 1.8 0 0.2 0 0 0 0 3.2 2 0 0 0 0 2.4000000000000004 0 1.2000000000000002 0.2 0 0.2 0.8 0 0.4 0.4 0 0 0 0.4 0 0 0 0.8 0 0 0 0 0 0 0 0 0 0.8 0 0 0 0 0 0.6000000000000001 0.2 0 0 0 0 1.8 0 0 0 0 0 0 0 0 3.8000000000000003 0 0 1.8 2.8000000000000003 0 0 0 9.200000000000001 1.8 2.4000000000000004 2.4000000000000004 2.6 0.4 1.4000000000000001 1.8 8.4 0 0 0 2.6 0 0 0 0 0 3.4000000000000004 2.2 0 0 0 0 5 13.4 0 0 2.6 0 2 0 0 0 0 0 0 0 0 0 0 0 0 0 0 0 0 0.4 0 0 0 0 0 0 0 0 0 0 0 0 0 0 0 0 0 0 0 0 0 8.8 0.2 0.4 0.4 0 0 0 0 0 0 0 0 0 0 0 0 0 0 0.2 0 0 0 4.4 0 1.6 0 0 0 3 1.8 0 0 0 
 0.4 0.4 0 0.2 0 0.4 0.6000000000000001 0 0.4 0.2 0 0.6000000000000001 0.4 0.2 0.4 0 0.4 0.2 0.4 0.4 20.200000000000003 8.200000000000001 10.200000000000001 47.2 30.400000000000002 61.400000000000006 20.6 11.4 31 0 65.4 15.4 10.600000000000001 43.800000000000004 25.200000000000003 18.6 8 53 42 13.200000000000001 0 0 0 0.4 1 0 13 0 0 0 0.4 0 0.2 0.2 14.200000000000001 0.4 0 14.200000000000001 0 0 1.4000000000000001 0.4 0 0 0.4 0 0.4 0 0.6000000000000001 0 0 0 0.6000000000000001 0 0.4 0 0.8 0 0.6000000000000001 0.4 0 0 0 0 0 0 0 1.8 0 0 0 0 0 0 0 0 0 0 0 0 2.6 0 0 2.2 0 4 4.2 1.4000000000000001 1.8 2 0 0 0 0 1.2000000000000002 0 0 6.2 0 0 0 0 0 0.2 0 0 0 3 0 0 0 0 10.200000000000001 0 1.6 0 0 0 4.2 5.4 0 0 0 0 0 0 0 0 0 0 0 0 0 0 0 0 0 0 0 0 0 0 0 0 0 0.2 0 0 0 0 1 0 0 0 0 2 0 0 0 0 2 5 8 0.2 0 5.800000000000001 0.2 2.4000000000000004 2 0 2.8000000000000003 4.6000000000000005 0 10.4 0.2 4 3.4000000000000004 5.4 0 0 4 0 4 0 0 0 3.8000000000000003 0 1.6 0 0 0 2.2 0.2 1.8 0 0 0 0.6000000000000001 0 0 0 0 0 0 0 0 0 0 0 0 0 0 0 0 0 0 0 0 0 0 0 0 0 0 0 0 0 0 0 0.2 0 0 0 0.8 0 0 0.2 8.4 0 0 0.2 0 0 0 0 1.4000000000000001 0 0 0 0 0.2 0 0 0 0 0 0 0 0 0 0.4 0 0 0 0 0 0 0 0 
 0.4 0.4 0.4 0.4 0.4 15 0.4 0.4 0.4 0.4 0.4 0.4 0.4 0.4 0.4 0.4 0.4 0.4 0.8 0.4 25.6 37 25 26.6 24.200000000000003 62.6 7.800000000000001 21.400000000000002 20.6 65.4 0 29 6.800000000000001 50.2 64.8 14.200000000000001 42 14 10.600000000000001 12.4 33.6 0.2 0 0.4 1.2000000000000002 0 0.6000000000000001 0 0 0 0 0 25.6 16 4.800000000000001 0 0 0.6000000000000001 2.2 0 0.6000000000000001 0.8 0 1.4000000000000001 0.4 0 0.4 0 1.8 0 0 0 0.4 0.6000000000000001 0 0 0 0 0 0.6000000000000001 0 0 3.2 0 0 0 3 0 0 0.2 0 0 0 0 0 0 0 0 0 0 0 0 0 4.800000000000001 2.2 3.8000000000000003 0 2 0 3.8000000000000003 0 4.6000000000000005 0 0 8.8 0 3.6 3.4000000000000004 0 0 3.8000000000000003 0 0 0 0 0 3.8000000000000003 8 1.6 0.4 0 0 0 0 1.8 0 0 0 4.4 2 0 0 0 0 0.2 0.2 0 0 0 0 0 0 0 0.4 0 0 0 0 0 0 0 0 0 0 0 0 0 0 0 0 0 0.2 0 0.4 0 0 0 0 0 0 1.8 2 2.8000000000000003 2 2.8000000000000003 7.6000000000000005 3.6 0 7.4 6 13.200000000000001 11.200000000000001 0 3.4000000000000004 2.4000000000000004 4.800000000000001 3.4000000000000004 0 0 0.2 3.8000000000000003 0 8.8 0 0 0 6 0 2.4000000000000004 0 0 0 5.2 4.4 0 1.6 0 0 2.6 2 0 0 0 0 0 0 0 0 0 0 0.2 0 0 0 0 0 0 0 0 0 0 0 0 0 0 0 0 0 0 0 0 0 0 0 6.2 0.8 0.2 15.200000000000001 16.6 0.2 0.2 1 0 0 0 0 0 0 0 0 0 0 0 0 0 0 0 0 0 0 0 1.6 0 0 0 0 0 0 0 0 
 0.2 0.8 0.4 0 0 0.8 0 0 0 0 1 0 0 0 0 0.4 0.2 0 0.2 0 10.200000000000001 9 23.8 14 33.2 68.8 10 23 45.400000000000006 15.4 29 0 51.2 9.8 67.4 38.2 48.800000000000004 33.800000000000004 8.8 6.4 12.4 0.6000000000000001 0.2 1 0.8 0 13.8 0 0 0.6000000000000001 1 0 0 0 0 0.2 0.4 4.4 25.400000000000002 0.6000000000000001 0.6000000000000001 0 0 0.2 0.4 0.2 2.2 2.8000000000000003 0.6000000000000001 0.4 0 1 0.4 0 0.4 1.2000000000000002 0.4 0.2 0 0 0 0 0 0 7 0 0.2 0 0 0 0 0.2 0 0 0.4 0 0 0 0 0 0 0 0 0 2.4000000000000004 5 0 0 0 0 0 3.4000000000000004 0 0 3.8000000000000003 3.2 0.4 3.2 0 0 2.8000000000000003 3.2 0.2 0 0 0 0 8.6 2.6 0 0 0 13.200000000000001 5 0 3.2 0 0 7.2 1.8 0 0 0 1.6 0 0 0.8 0 0 0 0 0 0 0 0 0 0.2 0 0 0 0.2 0 0 0 0 0.4 0 0 0 0 0 3.2 0 0 0.2 0 0 0 0 0 0.4 0 0 3.2 0.2 3.6 0 1 0 4.2 0.6000000000000001 5.2 0 0 0 2.2 7.2 0.4 0 0 4.6000000000000005 3 0.4 0 0 0 7 2.2 0 0 0 0 10.600000000000001 2 3.6 0 3.8000000000000003 0 1.6 0 0 0 0 0 0 0 3.2 0 0 0 0 0 0 0.2 0 0 0 0 0 0 0 0 0 0 0 0.4 0 0 0 0 0 0 0 0 0.4 1.2000000000000002 1 31 3 0.4 1.4000000000000001 0 0 0 0 0 0 0 0 0 0 0 0 0 0 0 0 0 0 0.2 0 4.4 0 0 0 0 2 0 0 0 
