 0 24.6 77 29.6 26.6 8.8 75 66.4 8.4 24 47.800000000000004 25.6 29.8 49.2 14.600000000000001 22 18.6 6.4 29 13.200000000000001 0 0 0 0 0 0 0.4 0 0 0 0 0 0 0 0.2 0 0.4 0 0 0.2 0.4 0 0 0.2 0 0.8 0 0 1 0 0 0.6000000000000001 0 13.600000000000001 0.4 0 0 0 0.6000000000000001 0 0 0 0 0 0 0.6000000000000001 0 0.4 0 9.200000000000001 1.4000000000000001 0 0 0.2 0 0 6 0 0.6000000000000001 0 5.800000000000001 4 0 4.2 6 0 4.6000000000000005 4.4 0 4.800000000000001 2.6 0 4.6000000000000005 9.600000000000001 4 0 0.8 2.8000000000000003 0 4.800000000000001 0 0 0 0 0 0 0.2 4.2 0 0.4 0 0.4 0 0 0 0 0 0.2 2.6 3.2 0 0 0 0 4 0 0 0 0 0 0 0 0 0 0 0 0 0 0 0 0 0 0 0 0 0 0 0 0 0 0 0 0 0.4 5.4 0 0 0 0 0 2 2.8000000000000003 4 3 2.6 0 7.800000000000001 5.800000000000001 0.8 10.4 2.8000000000000003 2.2 1.8 3.6 6.2 0 4.2 0 0 3.6 0 0 0 0 0 0 0 0 0 0 0 0 1.4000000000000001 0 0 0 0 0 1.2000000000000002 0 0.2 0 0 0 0 0 0 0 0 0 0 0 0 0 0 0.2 0 0 0 0 0 0 0 0.2 0 0 0 0 0 0 0 0 0 0 2 0 0 0 0 0 0 0 0 0 0 0.4 9.4 0 0 17.400000000000002 0 0.8 0 0 0 0 0 0 0.2 0 0 0 2.2 0 0 0 0 0 0 0.4 0 0 0 0 0 0 0 0 0 0 0 0 0 1.4000000000000001 0 0 0 0 0 0 
 24.6 0 29.8 10.200000000000001 15.200000000000001 6.4 20.8 15.8 36 27.400000000000002 65 49.400000000000006 17.6 14.4 27.8 69.2 66.8 57.800000000000004 15.200000000000001 8.6 0 0 0 0 0.2 0 0.4 0 0 0 0 0.2 0 0 0 0 0.4 0 7.4 0 0.4 0 0.2 0 0 1.6 0 0.6000000000000001 2 0 0 1 0 0.8 1.8 0 0.6000000000000001 0.4 0.6000000000000001 0 1 0.2 0 1 0 0.6000000000000001 0 0.6000000000000001 0 0 0 0 0 1 0.6000000000000001 0 0 0 0.4 0 3.6 0.4 0.4 3.6 10 0 0 6.800000000000001 12 0.2 2.8000000000000003 0.2 7.2 5.6000000000000005 6 9.200000000000001 7.800000000000001 0.6000000000000001 0 0.2 0 0 0 0 0 0.2 0 0 0 1.4000000000000001 3.6 0 0 0 2.6 0 0 0 5.800000000000001 0 0 0 0 0 0 0 0 0 0.2 0 0 0 0.4 0 0 0 0 0.2 0 0 0 3.2 0 0 0 0 0 0 0 0 0 0 0 0 0 0 0 0 0 0 0.2 4.4 2 3.6 0 6.6000000000000005 4.4 9.200000000000001 5.6000000000000005 1.4000000000000001 3 0 5.800000000000001 4.4 2 2.2 4 3.2 1.4000000000000001 0 0 0 0 0 0 0 0 0 0 0 0 0 4.6000000000000005 0 0 0 0.2 0 1.8 7.6000000000000005 0 0 0 0 0 0 0 0 1.4000000000000001 0.2 0.2 0 0 0 0 0 0 0 0 0.2 0 0 0.4 0 0 0 0 0 0 0 0 0 0 0 0 0 0 0 0 0 0 0 0 0 0 0.4 0.8 0 0.4 0.2 0 1.2000000000000002 0 0 0 0 0 0 0 0 0 0 0.4 0 0 0 0 0 0 0 0 0 0 0 0 0 2.4000000000000004 0 0 0 0 0 0 0 0 0 0 0 0 0 
 77 29.8 0 122 12.8 4.4 74.4 34.6 60.6 20.200000000000003 64.4 8.4 32.2 14.4 12 71.2 67.2 56.800000000000004 33.2 67.4 0 0 0 0 0 0 1.2000000000000002 0 0 0 0 0 0 0 0.2 14.8 1.6 0.4 0 0 0.4 0 0.4 0.4 0 0 0.6000000000000001 0 0 1.4000000000000001 0 1.2000000000000002 1.2000000000000002 0.4 0.4 0.6000000000000001 0 0.2 1.2000000000000002 0 0 0.6000000000000001 0 0.4 0.6000000000000001 0.6000000000000001 0 0.6000000000000001 0.6000000000000001 0.2 0.6000000000000001 0.4 6.6000000000000005 0.6000000000000001 0 0 0 0 0.4 0 11.600000000000001 6.4 4.6000000000000005 3.4000000000000004 1.4000000000000001 0 2.4000000000000004 4.6000000000000005 0 5.4 0.4 0 2 10.600000000000001 10.8 5.4 5.6000000000000005 2 3.2 2.2 0 0 0.4 0 0 0 0 0 0 0 0 0 0 0 0 0 0 3 0 0 0 0 0.8 0 2.4000000000000004 0 0 0 0 3.8000000000000003 0 0.2 0 0 0 0 1.8 0 0 0 0.6000000000000001 0 0 0 0 0.2 0 0 0 0 0 0 0 0 0 0 0 0 0 0 0 11 4.6000000000000005 1.6 0 0 3 0.2 8 1 2 4 9.600000000000001 4.800000000000001 3.6 1.8 3 0 4.6000000000000005 3.6 0 0 0 0 0 0 0 0 0 0 0 0 0 0 0 0 0 0 2 0 0 0 0.4 0 0 0 0 0 0 0 0 0 0 0 0 0 0 0 0 0 0 0 0 0 0 0 0 0 0.4 0 0 0 5.6000000000000005 0 0 0 0 0 0 0 0 2 0 0 0 0 0.2 0.2 0 18.2 0.4 1 4.4 0 0 0 0 0 0 0 0 0 0 0 0 0 0 0 0 0 0 0 0 0 0 3.4000000000000004 3.6 0 0 0 0 0 0 0 0 0 0 0 0 0 
 29.6 10.200000000000001 122 0 29.6 6 35.4 31.200000000000003 22 35.6 44.400000000000006 65.2 10.4 31.400000000000002 29.200000000000003 43 25.400000000000002 91.80000000000001 10.200000000000001 31.200000000000003 14.8 0 0.6000000000000001 0 0 0.2 0.6000000000000001 0 0.6000000000000001 0.6000000000000001 0.4 0.8 15.200000000000001 0.6000000000000001 5.2 0.2 0.8 0 15.8 15.4 0.6000000000000001 0 0 2 0 0 0 0.4 0 0 0 1.4000000000000001 0 0.8 0.2 0 0 0 0.6000000000000001 0 0 0 0 0 0.6000000000000001 0.6000000000000001 0 0.4 0 0 1 0 0 8 0 0.4 0 0 0.6000000000000001 0 0.2 0.4 0 8 0 0.2 2.8000000000000003 5.2 5.4 2.2 2 2.2 0 2 2 3.8000000000000003 5 3.6 2.8000000000000003 0 0 0 0.2 0 0 0 1.8 0 0.2 0 0 0 1.6 0 0.2 0 0 0 0.8 11.200000000000001 0 0 0 0 0 0 0.4 0 0 0 0 0 0 0 0 0 0 0 0 0 3 0 0 0 0 0 0 0 0 0 0.4 0 0 0 0 0 0.4 0 0 0 1.8 7.2 0 5.4 2.8000000000000003 9.4 0 0 5 1.8 0 15 0 2 1.8 0 4.800000000000001 3.4000000000000004 0.4 0 0 0 0 0 0 0 0 0 0 0 0 0 0 0 6 5 0 0 9.600000000000001 2.4000000000000004 0 0 0 0 0 0 0 0 0.2 0 0 0 0 0 0 0 0 0 0 0 0 0 0 0 0 0 0 0 0 0 0 0 0 0 0 0 0 0 0 0 0 0 0 0 0 0 0.2 0 0.4 27.6 0 0.8 0 0 0 0 0 0 0 0 0 0 0 0 0 0 0 0 0 0 0 0 0 0 0 8.200000000000001 2 2.4000000000000004 0 0 0 0 0 0 0 0 0 0 0 0 
 26.6 15.200000000000001 12.8 29.6 0 20.400000000000002 9.8 16 28 35.4 52.800000000000004 63.400000000000006 32.6 13.600000000000001 19.200000000000003 13.8 28.6 28.6 10.600000000000001 18.8 38.2 0 0.2 0 0.4 0 15.200000000000001 29.6 15 0.4 0 0 14.8 0.4 4.6000000000000005 0.2 0.4 0 14.600000000000001 0.4 0.6000000000000001 0 3.6 1.2000000000000002 0 0 0 0 0 0 0 1.2000000000000002 0 0.6000000000000001 0.4 0 0 0 0.6000000000000001 0 1 1.2000000000000002 0 0.6000000000000001 0 0.4 0 0.6000000000000001 0 0 0 0 0 0.6000000000000001 0 0 0 0 0.4 0 0 0.2 0.2 0.4 0.4 4.4 0.4 0 5.800000000000001 0.2 0 4.800000000000001 0 0 1.6 0 0.2 0 0.2 0.2 2.6 0 0.4 0.2 0 0 4.4 2.4000000000000004 4.2 0 2 0 0 1.4000000000000001 2 2.2 2.4000000000000004 0 0.4 8.8 0 0 0 0 3.2 0 0 3.2 0.2 0 0 0 0 0 0 0 0 0 0 0 0.4 5.4 0 0 0 0 0 0 0 0 0 0 0 0 2.4000000000000004 0 0 0 0 0 1.6 0 0 0 5.800000000000001 6.6000000000000005 0 1 0 2.2 2.6 0 0 2 3.2 9.8 2.6 0 0 0 6.4 0 1.8 3 0 0 1.2000000000000002 3.6 0.2 2.6 0 2.2 2.2 5.800000000000001 9.8 4.2 1.8 0.2 10 0 0 0.2 0 0 0 0 0 0 0 0 0 0 0 0 0 0 0 0 0 0 0 0 0 0 0 0.4 0 0 0 0 0 0 0 0 0 0 0 0 0 0 0 0 0 0 0 1 0.2 0.4 0.6000000000000001 18 0 4 4.2 0 0 0 0 0 0 0 0 0 0 0 0 0 0 0 0 0 0 0 0 0.4 0 0 0 0 0 0 0 3.4000000000000004 0 0 0 0 0 0 0 0 
 8.8 6.4 4.4 6 20.400000000000002 0 9.4 10.8 20 28.400000000000002 58 32.800000000000004 8 9.600000000000001 11.600000000000001 11 10 81.80000000000001 7.800000000000001 7 21.200000000000003 0 14.8 14.4 0 0 30.400000000000002 15.200000000000001 29.6 0 0 0 41.2 14.600000000000001 0.2 15.200000000000001 0.4 7.4 15.4 18 0.4 0 0.2 0 0 0 0 0 0 0 0 0.8 0 0.4 0.4 0 0 0.2 0.6000000000000001 0 0 0.6000000000000001 0 0 0 0.6000000000000001 0 0.6000000000000001 0 0 0 0 0 0.4 0 0 0 0 0.4 0 0 3.2 3.8000000000000003 0.4 2.8000000000000003 12 0.4 0 0 0 10.8 2.2 0 0 0 0 0.4 0 0.2 0 5.800000000000001 2.8000000000000003 3.2 0.2 0 0 3.6 5.2 2.2 2 0 0 5.4 1.6 0 2.4000000000000004 11.8 1.8 8.200000000000001 4.4 1.8 0 0 0 0 0 0 0 0 2 0 0 0 0 0 0 0 0 0 0 0.4 0.2 0 0 0 0 0 0 0 0 0 0 0 0 0 0 0 0 0 0 4 0 0 0 6 0 0 0 0 0 0 0 0.8 0 0 0 0 3.6 0 0 2 0 5 5.800000000000001 0 0 0 4.2 4.2 1.4000000000000001 2.8000000000000003 0 0 2.2 0 7.2 0 2.2 1.8 4 0 0.2 0 0 0.6000000000000001 0 0 0 0 0 4.2 0 0 0 0 0 0 0 0 0 0 0 0 0 0 0.4 0 0 0 0 0 0 0 0 0 0 0 0 0 0 0 0 0 0 0 0.2 0 0 0 0 4.4 0.6000000000000001 0 0 0 0 0 0 15.200000000000001 0 0 0 0 0 0 0 0 0 0 0 0 0 0 0.4 0 0 0 0 0 0 0 2.8000000000000003 0 0 0 0 4.4 0 0 0 
 75 20.8 74.4 35.4 9.8 9.4 0 68 30 93.4 68.4 112.60000000000001 10 50.400000000000006 25 43 42.6 89.80000000000001 13.8 60.6 0 0 0.4 0 0 0.6000000000000001 0.6000000000000001 0.4 0 0 0 0 0 0 0 0.4 0.4 0 0 0 0.4 0.6000000000000001 0 0 1 0 0.4 0 0.4 0 0 0.6000000000000001 0 0.4 0.2 0.4 9 0.6000000000000001 0.6000000000000001 0 0 0 0 0 0 0.6000000000000001 0 0.6000000000000001 0 0 4.6000000000000005 0 0 0.4 0 8.200000000000001 0 0.4 0.4 0 2 2.4000000000000004 0.2 5 0 0 4 5.800000000000001 0 1.2000000000000002 2 0 3.8000000000000003 2.4000000000000004 5.6000000000000005 2.8000000000000003 7.6000000000000005 3.8000000000000003 2.8000000000000003 5 0 0 0 0 0 0 0 0 0 0 0.4 0 0 0 0 0 0 0 0 0 0 0 0 0.4 0.2 0 0 0 0 0 0 0 0 0 0 0 0 0 0 0 1.8 0 0 0 0 0 0 0 0 0 0 0 0 0 1 0 0 0 0 0 3.4000000000000004 4.6000000000000005 1.8 2.8000000000000003 4.800000000000001 0 0.4 0 3 3 0 5.2 2.8000000000000003 2.2 4.4 0 7.2 0 7.6000000000000005 1.4000000000000001 0 0 0 0 0 0 0 0 0 0 0 0 0 0 0 0 0 0 1.6 0 0 0 0 0 0 0 0 0 0 0 0.4 0 0 0.2 0 0 0 0 0.4 0 0 0 0 0 0 0 0 0 0 2.8000000000000003 0 0 0 0 0 0 0 0 0 6.800000000000001 0 0 0 0 0 0.4 0 0 0.8 0.8 0.4 0 0 0 0 0 0 0 0 0 0 0 0 0 0 0 0 0 0 0 0 0 0 0 0 3.2 2.2 0 0 0 0 0 0 0 0 0 0 0 0 0 
 66.4 15.8 34.6 31.200000000000003 16 10.8 68 0 15.600000000000001 26.200000000000003 10.8 5.4 36.2 37.2 17.2 85.4 41.400000000000006 7.800000000000001 26.400000000000002 34.4 0 0 0 0 0.8 0 0.4 0 0 14.4 0 0 0.4 0.4 0 0.2 0.6000000000000001 0 0 0 0.4 0 0 0 0 0 0.2 0 0 0 0 0.6000000000000001 0 0.4 0 0 0 0 0.6000000000000001 0 0 0 0 0 0 0.6000000000000001 0 0.6000000000000001 0 0 0.6000000000000001 0 0 0.4 0.4 0 0 0 0.4 0 8.6 8.4 5.2 8.200000000000001 0 2.4000000000000004 2.4000000000000004 4.6000000000000005 0 10.8 0 2 0 4.6000000000000005 11.200000000000001 3.2 1.8 1.8 2.2 4.6000000000000005 0 0 0 0 0 0 2.6 0 0 1.2000000000000002 2.4000000000000004 0 0 0 0 0 0 0 0 0 0 1.8 0 0 0 0 0 0 0 2.6 0 0 0 0 0 0 0 0 0 0 0 0 0 0 0 0 0 0 0 0 0.2 0 0 0 3.4000000000000004 0 0.2 0 0 0 1.2000000000000002 4.6000000000000005 4.800000000000001 3.6 2.6 0 0.2 0.2 4.6000000000000005 1.4000000000000001 0 2.8000000000000003 3 0 6 6 8.200000000000001 0 4.800000000000001 5.2 0 0 0 0 0 0.6000000000000001 0 0 0 0 0 0 0 0 0 0 0 0 0.4 0 0 0 0 0 0 0 0.8 0 0 0 0 0 0 0 0 0 0 0 0 0 0 0 0 0 0 0 0 0 0 0 0 0 0 0 1 0 0 4.2 0 0 0 2 0 0 0 0.2 0 0 0.2 0.4 0 1.6 0 0 0 0 0 0 0 0 0 0 0 0 0 0 0 0 0 0 0 0 0 0 0 0 2.6 0 0 0 0 0 0 0 0 0 0 0 0 0 
 8.4 36 60.6 22 28 20 30 15.600000000000001 0 52 28.6 45.2 14.8 20 31.8 57 86.4 29 13 10.4 15.4 0 0 0 0 0 0.4 0 0 0 0 0 13 0 0 0.2 0.4 0 16 5.4 0.4 0 0 0 0 0 0 0 0 0 0 0.6000000000000001 0 0.6000000000000001 0.2 0 0 0 0.6000000000000001 0 0 0.2 0 0 0 0.6000000000000001 0 0.6000000000000001 0 0 0 0 0 0.6000000000000001 0 0 0 0 0.4 0 2.6 2 3.4000000000000004 0 4.2 3.6 0 0 9.8 4.800000000000001 2.8000000000000003 2.2 3.6 0 6.800000000000001 3.6 0 0 0 2.2 0 0 0 0 0.2 0 2.8000000000000003 0 0 0 0 0 0 2.4000000000000004 2 0 0 0 0 0.2 4.2 0 0 0 0 0 0 0 0 0.2 0 0 0 0 0 0 0 0 0 0 0 0 0 0 0 0 0 0 0 0 0 0 0 0 0 0 0 0 0 0 1.8 0 0 0 0 20.8 1.6 1 0.2 2.4000000000000004 10.200000000000001 15 0 2 6.800000000000001 8 2.4000000000000004 1 0 3.6 2.2 0 0 0 0 0 0.2 0.2 0 0.2 0 0 5 0 0 0 0 0 1.8 2.6 0 0 0 3.4000000000000004 0 0 0 0 1 0 0 0 0 0 0 0 0 0 0 0 0 0.4 0 0 0.2 0 0 0 0 0 0 0 0 0 0 0 0 0 0.2 0 0 0 0 0 0 0.2 0 0.4 0.4 18.400000000000002 0.4 3 4.6000000000000005 0 0 0 0 0 0 0 0 0 0 0 0 0 0 0 0 0 0 0 0 0 0 0 2.8000000000000003 0 0 0 0 0 0 0 0 0 0 0 0 0 
 24 27.400000000000002 20.200000000000003 35.6 35.4 28.400000000000002 93.4 26.200000000000003 52 0 121.60000000000001 63.2 29.6 69.2 65.4 54.2 13.600000000000001 46 16 57.6 15.200000000000001 0.8 0 0.8 0 0 1.2000000000000002 1 0 0 0 0.4 74.4 0.6000000000000001 0.6000000000000001 0.6000000000000001 1 1.2000000000000002 0.6000000000000001 19.200000000000003 0.8 0.6000000000000001 0 0.8 0 0 0 0 0 0.8 0 1.2000000000000002 0.4 0.8 0.8 0 6.6000000000000005 0 1 0 0.6000000000000001 0 0 1 1 0.6000000000000001 0.2 6 0 0 1.8 0.8 0 0 0 0 0 0 0.6000000000000001 0 0.2 2.8000000000000003 13.4 0.2 0 1.8 0 0 4.4 7 8.200000000000001 2.6 0.2 0 2.4000000000000004 0 0 2.8000000000000003 0 0 0 0 0 0 0 0 3.4000000000000004 0.2 0 0 0 0 2 0 0 0 0 0 6.6000000000000005 0 0 0 0 0 0 0 0 0 0 2.8000000000000003 0 0 0.4 0 0 0 0 0 0 0 0 0 0 0 0 0 0 0 0 0 0 0 0 0 0 0 0 0 0 0 2.8000000000000003 1.8 0 1.8 0 4.4 0 2.4000000000000004 0.2 11.600000000000001 2.8000000000000003 2 0 0 3 2.6 4.2 2 0.4 0 0 0 0.2 0 0 0 0 0 0 0 0 0 5.6000000000000005 0 0 0 0 0 2 3 0 0 0 0 0 0 0.4 0 0 0.2 0 0 0 0 0 0 0 0 0 0.2 0 0 0.4 0 0 0 0 0 0 0 0 0.2 0 0 0 0 0 0 0 0 0 2.4000000000000004 0 0 0 0.6000000000000001 17.6 0.4 0 0.2 0 2.4000000000000004 0.2 0 0 0 0 0 0 0 0.2 0 2.2 0 0 0 0 0 0 0 0 0 0 0 0 3.8000000000000003 0.8 2.8000000000000003 0 0 0 0 0 3.4000000000000004 0 0 0 1.6 0 0 
 47.800000000000004 65 64.4 44.400000000000006 52.800000000000004 58 68.4 10.8 28.6 121.60000000000001 0 14.600000000000001 2.6 8.4 15.4 41.800000000000004 52 46 47 15.600000000000001 0.2 0.4 0 0 0 0 0.4 0 0 0 0 0.2 0 0 0 0 0.4 0 14.8 0 0.4 0 0 0 0 1 0 0 0.8 0 0 1 0 0.6000000000000001 2 0 5.6000000000000005 0 0.6000000000000001 0 0 0.2 0 0 0 0.6000000000000001 0 0.6000000000000001 0 0 0 0 0 0.6000000000000001 0 0 0 0 0.4 0 4.6000000000000005 9 0.6000000000000001 4 4.2 0 0 3.8000000000000003 6.800000000000001 2 9.4 4 0 1 7 9.8 3.6 3 0 0 0 0 0 0 0 0 0 0 0 1.2000000000000002 0 0 0 0 0 0 0 0 0.2 0 0 0 0 0 0 0 0 0 0 0 0 0 0 0 0 0 0 0 0 0 0.6000000000000001 0 0 0.2 0.2 0.4 0 0 0 0 0 0 2.6 0 0.4 0 0 0 0 0 6 7.2 2.8000000000000003 0 3 15.4 0 6 2.4000000000000004 2.4000000000000004 2.4000000000000004 2.4000000000000004 0 3 3.6 6.2 1.8 6 0 0 0 0 0 0 0 0 0 0.2 0 0.2 0 0 3 0 3.8000000000000003 0 0 0 2.4000000000000004 0 0 0 0 0 0 0 0 0 0 0 0 0 0 0 0 0 0 0 0 0 0 0 0 0 0 0 0 0.4 0 0.2 0 0.2 0 0 0 0 0.4 0 0 0 0 0 0 0 0 0.4 9.4 0 0.2 18.400000000000002 0.4 1.4000000000000001 0 0 0 0 0 0 0 0 0 0 12.200000000000001 0 0 0 0 0 0 0 0 0 0 0 0 5.6000000000000005 3.2 0 0 0 0 0 0 0 0 0 0 0 0 0 
 25.6 49.400000000000006 8.4 65.2 63.400000000000006 32.800000000000004 112.60000000000001 5.4 45.2 63.2 14.600000000000001 0 6.800000000000001 8.6 10.4 8.200000000000001 28.200000000000003 39.2 30.8 13.200000000000001 17.2 0 17.8 0 0 0.2 0.6000000000000001 1 15 0 14.4 0 29.400000000000002 0 17.8 15 0.4 0 0 23.8 0.4 0 0.8 0 0 1 0 0 1.8 0 0 0.6000000000000001 0 0.8 1.2000000000000002 13.8 0 0 1.4000000000000001 0 9.200000000000001 0.2 0 0.6000000000000001 0 0.6000000000000001 0 0.6000000000000001 0 0 0 0 1.2000000000000002 0.6000000000000001 0 1.2000000000000002 0.8 0 0.4 0 0 0 0.2 0 2.2 0 1.4000000000000001 2.6 0.2 0.2 6.800000000000001 2 0 3.6 2 4.2 0.2 4.800000000000001 0 0 2.8000000000000003 0 4 2.6 0 0 3 0 0 0 0 0 1.8 0 3.4000000000000004 0 0 0 5 2.4000000000000004 0 0.2 0 0.4 0.2 0 0 0 0 0 0 0 0 0 0 0 0 3.4000000000000004 0 0 0 0 0 0 0 0 0 0 0 0 0 0 0 0 0 0 0 1.6 0 0 0 5.6000000000000005 2.2 0 0 6.4 0 3.8000000000000003 0.4 1.8 8 1.8 0.8 1.6 3 3.4000000000000004 3.6 4.4 5 0 4.800000000000001 0 0 0 0 0 8 6 0 0 0 0 4.6000000000000005 0 6.800000000000001 3 0 0 3.2 2.4000000000000004 0 0 0 0.2 0 0 0 0 0 0 0.4 0 0 0.2 0 0 0 0 0.4 0 0 0 0 0 0 0 0 0 0 0 0 0 0 0.2 0 0 0 0 0 2 0 0 0 0 0 1 18 0 0.4 0.2 0.4 0.8 3.8000000000000003 0 0 0 0 0 0 0 0 0 2.2 0 0 0 0 0 0 0 0 0 0 0 0 3 2.8000000000000003 3.4000000000000004 0 0 0 0 0 0 0 0 0 0 0 0 
 29.8 17.6 32.2 10.4 32.6 8 10 36.2 14.8 29.6 2.6 6.800000000000001 0 17.2 80.80000000000001 12.4 24 7.800000000000001 80.60000000000001 9.200000000000001 0 0 0 0 0.2 0 0.6000000000000001 0 0 0.4 0 0 0 0.4 0 0 0.4 0.2 0 0 0.4 0.4 0.4 0.2 0.4 0.2 0 0.2 0 13.200000000000001 0.2 1 0.4 1 0 0.6000000000000001 0.2 0.4 1 0 0.4 0 0 0 0 0.6000000000000001 0 21 0 0 0.4 0.4 0.8 0 0 0.4 0.4 0.4 0.6000000000000001 0 3.8000000000000003 1.8 1.6 0 0 0 0 0 2.2 0 0 0 7.800000000000001 4.4 3 0.4 2 0.6000000000000001 3.2 1.8 0 0 0 0 0 0 0 0 0 0.2 0 0 0 0 0 0 0 0.4 0 0 0 0 0 0 0 0 0 0 0 0.2 0 0 0 0 0 0.2 0 0 0 0 0 0 0 0 0 0 0 0 0 0 0 0 0 0 0 0 0 0 0 1.2000000000000002 1.6 0 2 0 0 0 5.2 3.8000000000000003 0.6000000000000001 0 0 0.2 4 0 6.6000000000000005 0 0.4 0 2.6 9.200000000000001 0 0 0 0 0 0 0 0 0 0 0 0.4 0 0 0 0 0 0 0 0 0 0 0 0 0 0 0 0 0 0 0 0 0 0 0 0 0 2.2 0 0 0 0 0 0.4 0 0 2.6 0 0 0 0 0 0.2 0 0 0 0 0 0 0 0 0 0 0 0 0 0 0 0 0.2 0 1.8 0 0 0 0 0 0 0 0 0 0 0 0 0 0 0 0 0 0.2 0 0 0 0 0 0 0 0 0 0 0 0 0 0 0 0 0 0 0 0 
 49.2 14.4 14.4 31.400000000000002 13.600000000000001 9.600000000000001 50.400000000000006 37.2 20 69.2 8.4 8.6 17.2 0 27 53.400000000000006 26.8 8.4 82 12.4 0 0 0 0 0 0 0.4 0 0 0 0 0 0 0 0 0 0.4 0 0.6000000000000001 0 0.4 0 0 0.2 0 0 0 0 0 0 0 0.6000000000000001 0 0.2 0.4 0 0 0 0.6000000000000001 0.2 0 0 0 0 0 0.6000000000000001 0 0.4 0 0 0 0 0 0 0 0 0 0 0.6000000000000001 0 10.8 2 2.2 0.2 0 0 5.4 2.2 0 3.6 4.6000000000000005 0 2.8000000000000003 5 0 0 2.2 6 0 6.4 0 0 0 0 0 0 0 0 0 0.4 0 0.4 0 0 0 0 0 0 1 0 0 0 0 0 0 0 0 0 0 3.6 0 0 0 0 0 0 0 0 0 0 0.8 0 0 0 0 0 0 0 0 5.2 0 0 0 0.4 1.2000000000000002 0 0 0 0 0 0 6.800000000000001 5.6000000000000005 1.2000000000000002 0 0 7.2 0.6000000000000001 0.2 4.4 3.2 4.4 3.2 7.800000000000001 2.6 0 4.4 0 0 11 0 0 0 0 0 0 0 0 0 0 0 0 0 0 0 0 0 0 2.4000000000000004 0 3.4000000000000004 0 0 0 0 0 0 0 0 0 0 0 0 0 0 0 0 0 0 0 0 0 0 0 0 0.4 0 2.2 0 0 0 0.2 0 0 0 0 0 0 0 0 0 3.4000000000000004 0 0 0 0 17.6 0 0.6000000000000001 23 0 3.4000000000000004 0 0 0 0 0 0 0 0 0 0 3.2 0 0 0 0 0 0 0.4 0 0 0 0.4 0 5.6000000000000005 0 0 0 0 0 0 0 0 0 0 0 0 0 0 
 14.600000000000001 27.8 12 29.200000000000003 19.200000000000003 11.600000000000001 25 17.2 31.8 65.4 15.4 10.4 80.80000000000001 27 0 24.6 29.200000000000003 4 15.4 25.200000000000003 0 0 0 0 0 0 1.8 0.4 0.4 0.6000000000000001 0 0 0 0 0.2 0.6000000000000001 0.8 0.8 0 0 0.4 0.4 0.4 0.2 0.6000000000000001 0 1.2000000000000002 0 0.4 0.6000000000000001 0 0.8 0 0.2 0 0 0 0.4 0.6000000000000001 0.6000000000000001 0.6000000000000001 0 0 0 0.6000000000000001 0.6000000000000001 0 0.4 0 0 0 0.6000000000000001 0.2 0 0 0 1 0 0.6000000000000001 0.6000000000000001 5.800000000000001 0 0 0 0 0 3.6 3.6 7.800000000000001 2.4000000000000004 0 0 13.600000000000001 0.2 6.800000000000001 2.4000000000000004 5.2 1.6 2 6.800000000000001 0 0 0 0 0 0 0 0 0 0 0 0 0 0 2 0 0 0.2 0 0 0 0 0 0 0 0 0 0 0 0 0 0 0 0 0 0 0 0 0 0 0 0 0 0 0 0 0 0 0 0 0 0 0 0 0 0 0 0 2.8000000000000003 0 0 2.6 3.2 0 0 0 3.6 2.2 7.2 2.4000000000000004 0 3.2 3 0 4.6000000000000005 1.4000000000000001 0 0 4 10 0 0 0 0.4 0 0 0 0 0 0 0.2 0 0 0 0.2 0 0 0 0.2 0 0 0 0 0 0 0 0 0 0 0 0 0 0 0 0 0 0 0 0 0 0 0 3.2 0.2 0 0 0 0 0 0 0 0 0.4 0 0 0 0 0 0 0 0 0 0 0 0 0.2 0 0 0.4 0 0.4 3 0 0 0 0 0 0 0 0 0 0 0 0 0 0 0 0 0 0 0.2 0 0 0 0 0 2.6 0 0 0 0 0 0 0 0 0 0 0 0 0 
 22 69.2 71.2 43 13.8 11 43 85.4 57 54.2 41.800000000000004 8.200000000000001 12.4 53.400000000000006 24.6 0 34.2 14.600000000000001 25.400000000000002 15.4 0 0 0 0 0 0 0.6000000000000001 0.4 0 0 0 0 0 0 0 0.2 0.4 0.2 0 0 0.4 0 0 0.2 0 0 0 0 0 0 0 0.6000000000000001 0 0.2 0.4 0 0 0 0.6000000000000001 0 0 0 0 0 0 0.6000000000000001 0 10.4 0 0 0 0 0 0 0 0 0 0 0.6000000000000001 0 6.6000000000000005 6.2 1.8 0.4 2.6 0 2 5.2 6.2 7.2 2.8000000000000003 0 1.8 4.2 0 3.6 3.2 6.6000000000000005 2.2 0.6000000000000001 1.8 0 0 0 0 0 0 0 0 1.4000000000000001 0 0 0 0 0 0 0 0 2 0 0 0 0 0 0 0 0 0 0 4.6000000000000005 0 0 0 0.2 0 0 0 0 0 2 2.2 0 0 2.2 0 0 0 0 0 0 0 0 0 0 2 0 0 0 0 4.2 0.2 17.6 7 9 0 0 3.8000000000000003 0.6000000000000001 11.200000000000001 3.4000000000000004 0 4.2 7 8.8 0 4.800000000000001 1.8 0 2 1.6 0 0 0 0 0 0 0 0 0 0 0 0 0.2 0 0 0 1 0 1.6 0 0 0 0 0 0 0 0 0 0 0 0 0 0 0 0 0 0 0 0 0 0 0 0 0 0 0 0 0 0 0 0 0 0 0 0 0 0 0 0 4.800000000000001 0 0.6000000000000001 0 0 0 0.4 0.2 0 0.4 17.6 0.2 1.2000000000000002 0.2 0 0 0 0 0 0 0 0 0 0 0 0 0 0 0 0 0 0 0 0 0 0 4.2 3.2 0 0 0 0 0 0 0 0 0 0 0 0 0 
 18.6 66.8 67.2 25.400000000000002 28.6 10 42.6 41.400000000000006 86.4 13.600000000000001 52 28.200000000000003 24 26.8 29.200000000000003 34.2 0 28.8 22.8 36.2 0 0 0 1.6 0 0.2 0.8 0 0 0 0 0 0 0.4 0 0 0.4 0 0.4 0 0.4 0 0.4 0 0 0 0 0 0 0 0 0.6000000000000001 0 0.4 0.2 0 0 0 0.6000000000000001 0 0 0 0 0 6 0.6000000000000001 0 0.4 0 0 0 0 0 0.2 0 0 0 0 0.4 0 5.800000000000001 4 1.8 1 3 0 1.4000000000000001 2.2 0.2 2 2.2 2 0 5.2 7.4 4 0 5.6000000000000005 0.2 2.2 0 0 0 0 0 0 0 0 0 0 0 0 0.2 0 0 0 0 0 0 0 0 0 0 0 0.4 0 0 0 0 0.4 0 0 0 0 0 0 0 0 0 0 1.8 0 0 0 0 0 0 0 0 0 0 0 0 0 0 0 0 0 0 0 1.2000000000000002 3.6 2.4000000000000004 0 2.2 0.2 3 6.4 2.8000000000000003 5.4 0 3.4000000000000004 0 2.8000000000000003 4.2 6.4 2.2 6.6000000000000005 2 1.8 0 0 0 0 0 0 0 0 0 0 0 0 0 0 0 0 0 0 0 0 0 0 0 0 0 0 0 0 0 0 0.2 0 0 0.4 0 0 0 0 0 0 0 0 0 0 0 0 0 0 0 0 0 0 0 0.2 0 0 0 0 0 0 0 0 0 0 0 0 18.6 0 0 0.4 0 0.8 0 0 0 0 0 0 0 0 0 0 0 0 0 0 0 0 0 0 0 0 0 0 0 4.800000000000001 2.8000000000000003 0 0 0 0 0 0 0 0 0 0 0 0 0 
 6.4 57.800000000000004 56.800000000000004 91.80000000000001 28.6 81.80000000000001 89.80000000000001 7.800000000000001 29 46 46 39.2 7.800000000000001 8.4 4 14.600000000000001 28.8 0 30.200000000000003 49 6.800000000000001 14.600000000000001 0 0.4 0.6000000000000001 0.6000000000000001 0.4 0.6000000000000001 0 0.6000000000000001 0 13.8 33.6 0 14.600000000000001 0 1 0.2 0.2 4.800000000000001 1.2000000000000002 0.6000000000000001 0 13 0 0.8 0 0 0.4 0.6000000000000001 0 0.8 0.6000000000000001 0.6000000000000001 1 0.6000000000000001 0 0 1.2000000000000002 0 0 1.6 0.4 0 0 0.6000000000000001 0.2 0.6000000000000001 0 0 0 10 0.6000000000000001 0.6000000000000001 0 0.4 0 0.4 0.8 0 0 2.6 5.800000000000001 7.2 0.4 5.4 0 4.2 5.800000000000001 2 2.2 7.2 1.2000000000000002 0 3.2 7.800000000000001 2.8000000000000003 7.6000000000000005 0 0 0 0 0 1 0 0 9 0 0 0 0 0 0 0 8.200000000000001 0.4 0 0 0.2 2 0.2 3 0 0 0 0 0 0 0 0 0 0 0.4 0 0 0 0 0.2 0 0 0 0 0 0.4 0 0 0 0 0 0 0 0 5.2 0 0 0 0 0 0 0 4.800000000000001 3.8000000000000003 3.6 0.2 4 7.800000000000001 0 2.4000000000000004 1.4000000000000001 2.2 5.800000000000001 0.4 0.4 0 0.2 13.4 0.2 7.6000000000000005 0.4 0 0.2 0 0 0 0 0 0 0.8 0 0 0 0 1 0 5.4 3.2 0 0 8.4 2.6 0 0 0 0 0 0 0 0 2.8000000000000003 0 0 0 0 0 0 0 0 0 0 0 0 0 0 0 0 0 0 0 0 0 0 0.4 0 0 0 0 0.2 0 0 0 0 0 0 0 0 1 9 0 0.6000000000000001 10.200000000000001 0.2 1.4000000000000001 5.6000000000000005 0.4 0 0 0 0 0 0 0 0 0 0 0 0 0 0 0 0 0 0 0 0 0 0 0 0 0 0 0 0 0 0 0 0 0 0 0 0 
 29 15.200000000000001 33.2 10.200000000000001 10.600000000000001 7.800000000000001 13.8 26.400000000000002 13 16 47 30.8 80.60000000000001 82 15.4 25.400000000000002 22.8 30.200000000000003 0 37.4 0 0 0 0.6000000000000001 0 0 8.6 0 0 0 0 0 0 0 0 0 0.4 0 0 0 0.4 0 0 1 0 6.2 0 0 2.6 0 0 0.6000000000000001 0 0.4 1.8 0 0 0 0.6000000000000001 0 0 0.2 0 0 0 7.6000000000000005 0 0.6000000000000001 10.200000000000001 0 0 0 0 0.6000000000000001 0 0 0 0 0.4 0 1.6 0 2.8000000000000003 0.2 3.6 0 4 4.4 2.6 0 2 0.2 9.4 8 0 5.4 4.2 3 3.6 5.2 0 0 0 0 0 0 0 0 0 0 0 0 0 0 0 0 0 0 3.8000000000000003 0 0 0 0 0 0 0 0 0 0 0.2 0 0 0 0 0 0 0 0 0 0 2 0 0 0 0 0 0 0.2 0 0 0 0 0 0 1.2000000000000002 0.2 0 0 0 0 0.2 0 7.4 0.4 0 5 3 3.8000000000000003 0 0 0 3 0 2.8000000000000003 2 0 3.2 5 2.6 2.8000000000000003 0 0 0 0 0.4 0 0 0 0 0 0 0 5.2 0 0.4 0.2 0 0 1.8 6.6000000000000005 0 0 0 0 0 0 0 0 0 0 0 0 0 0 0 0.4 0 0.2 0 0 0 0 0 0 0 0 0 0 0 0 0 0 0 0 0 0 0 0 0 0 0 0 0 0 0 0 0.6000000000000001 0 0.2 0.2 0 0 0 0 0 0 0 0 0 0 0 0 0 0 0 0 0 0 0 0 0 0 0 0 0 2.6 0 0 0 0 0 0 0 0 0 0.4 0 0 0 0 
 13.200000000000001 8.6 67.4 31.200000000000003 18.8 7 60.6 34.4 10.4 57.6 15.600000000000001 13.200000000000001 9.200000000000001 12.4 25.200000000000003 15.4 36.2 49 37.4 0 0 0 0 0 0 0 1 0 0 0 0 0 0 0.4 0 6.2 0.4 0 0 0 0.4 0 0 0 1 0 0.4 0 0 0 0 0.6000000000000001 0 0.4 0.2 0 0 0 0.6000000000000001 0 0.2 0 0 0 0 0.6000000000000001 0 0.6000000000000001 0.2 0 0.2 0 10.200000000000001 0.4 0 0.2 0.4 0 0.4 0 6.6000000000000005 2.2 0 2.4000000000000004 0 0 2.4000000000000004 6.6000000000000005 0 1 0 0 6 6.2 2.2 11.8 1.4000000000000001 10 2.4000000000000004 0 0 0.6000000000000001 0 0 0 0 0 0 0 0 0 0 0 0 0 0 0 2.4000000000000004 0 0 0 0 0 0 0 0 0 0 0 0 0 0.4 0 0 0 0 0 0 0.4 0 0 0 0 0 0 0.4 0 0 0 0 0 0 0 0 0 0 0 0 0 0 1.6 4 4.4 0 0 0 1.2000000000000002 0 3.6 0.4 0 2.2 8.8 3.6 0 0 0 0 5.4 0 0 0 0 0 0 0 0 0 0 0 0 0 0 0 0 0 0 0 0 0 0 0 0 0 0 0 0 0 0 0 0 0 0 0 0 0 0 0 0 0 0 0 0 0 0 0 0 0.2 0 0 0 0 4.2 0 0 0 0 0 2.4000000000000004 0 0 0 0 0 0 0.4 0.6000000000000001 0 0 0 0 0.8 0 0 0 0 0 0 0 0 0 0 0 0 0 0 0 0 0 0 0 0 0 0 0 0.4 3 0 0 0 0 0 0 0 0 0 0 0 0 0 
 0 0 0 14.8 38.2 21.200000000000003 0 0 15.4 15.200000000000001 0.2 17.2 0 0 0 0 0 6.800000000000001 0 0 0 46.2 16.8 39 9.4 20.6 32 36.4 22.8 7.6000000000000005 4.4 9.200000000000001 47.400000000000006 50 23.6 7.2 9.600000000000001 49.400000000000006 23.6 29.400000000000002 0.6000000000000001 0 0 0.4 0 0 0 0 0 0.4 0 0.8 0 0 0.4 0 0 0 0 0.2 0.4 1.4000000000000001 0 8.200000000000001 0 0 0 0 0.2 0 0 0.6000000000000001 0 0 0 0.4 0 0 0 0 0 0 0 0 2.8000000000000003 5.800000000000001 0 0 0 0 2 2.6 4.6000000000000005 0 0 0 0 0 0 0 0 1.8 0 0.6000000000000001 0 0 3.8000000000000003 4.4 6 0.2 2.2 0 1.4000000000000001 1.6 5.4 2 2.2 3.8000000000000003 1.8 2 0 0 0 0 0 0 0 0.4 0.4 0 0 0 0 0 0 0 0 0 0.4 0 0 0 0 0 0 0 0 0 0 0 0 0 0 0 0 0 0 0 0 0 0 0 0 0 1.6 0 0 0 0.2 0 2.2 0 0 0 0 4 0 0.4 0 0 5.4 0 2.2 7.4 0.8 0 2 5 0.2 8.4 0 0 0 1.4000000000000001 5.2 6.800000000000001 1.6 0.2 3.6 7.800000000000001 0.2 0 3.6 0 0 0 0 0 1.8 0 0 0 0 0 0 0 0 0 0 0 0 0 0 1.8 0 2.6 0 0 0 0.4 0 0 0 0 0 0 0 0 0 0 0 0 0 0 0 0 0 0 0 6 0 0 0.2 0 3.8000000000000003 0 0 0 0 0 0.4 0 0 0 0 0 0 0 0 0 0 0 0 0 0 0 0 0 0 0.8 0 3.6 0 0 0 0.6000000000000001 2 0 0 0 
 0 0 0 0 0 0 0 0 0 0.8 0.4 0 0 0 0 0 0 14.600000000000001 0 0 46.2 0 23.400000000000002 30 17.400000000000002 10 63.400000000000006 26.200000000000003 10.8 20.400000000000002 21.400000000000002 30.200000000000003 20.6 41.800000000000004 25.6 41.6 64.60000000000001 56.800000000000004 16 51.2 0.6000000000000001 0.6000000000000001 0 0.4 0 0 0 0 0 0.4 0 0.4 0 0 0.8 0 0 0 0 2 0 0 0 0 0 0 0 0 0.2 0 0 0.6000000000000001 3.4000000000000004 0 0 0.4 0.6000000000000001 0.4 0 0 0 0 0 0 0 0 0 0.2 0 0 0 0 0 0 0.4 0 0 0 0 0 2.8000000000000003 13.4 0 2.8000000000000003 4 4 0 0 4.6000000000000005 3.6 5.800000000000001 1.6 2.6 2.4000000000000004 5.6000000000000005 17.2 4.4 5.2 0 1.8 0 0 0.2 0 0 0 2.8000000000000003 0 0 0 3.2 0 0 0 2.2 0 0.4 0 0.2 0 0 0 0 0 3 0 0 0 0 0 0.4 0 6.2 0 0 0 0 0 0 0 0 0 0 0 0 0 0 0 0 0 0 0 0 0 0 3.2 0 0 0 0 2.8000000000000003 6.800000000000001 2.8000000000000003 2.4000000000000004 0 3 4.4 2.4000000000000004 5.6000000000000005 0 6.4 4 0 0.8 0 5.6000000000000005 2.8000000000000003 5.2 0 1.6 2.4000000000000004 0 0 0 0 0 0.2 0 0 0 0 0 0 0 0 0 0 0 0.2 1.8 0 0 0 0 0 0 0 4.4 0 0 0 0 0 0 0 0 0 0 0 0 0 0 0 0 0 0 0 0 0 0 0 0 0 0 2.6 0 0 0.2 30.8 0.4 0 4.800000000000001 0 0 0 0 0 0 0 0 0 0 0.2 0 0 0 0 0 0 1.8 0 0 0 0 0 1.8 0 0 0 0 
 0 0 0 0.6000000000000001 0.2 14.8 0.4 0 0 0 0 17.8 0 0 0 0 0 0 0 0 16.8 23.400000000000002 0 80.4 25.400000000000002 23.400000000000002 36.2 35.6 19.400000000000002 28.6 23.400000000000002 13.8 26.8 53.400000000000006 28 18 54.800000000000004 99.2 12.200000000000001 6.6000000000000005 0.4 1.2000000000000002 0.2 0.6000000000000001 0.6000000000000001 0.2 0.4 0 0.6000000000000001 0.4 0 0 0 1 0.4 0.4 0 2 0.4 0.4 0 0 0 0 0 0 0 0 0 0 0 0.2 0 0 0 1 0 0.6000000000000001 0 0 0 0 0 0 0 0 0.4 0 0 0 0 1.8 0 0 0 0 0 0.4 0 0 10.600000000000001 2.8000000000000003 5.6000000000000005 0 4.4 0 0 6.800000000000001 0 5.2 7 8 2.6 0 0 4 3.8000000000000003 5.6000000000000005 0.2 6.6000000000000005 0 2.6 0 0 0 0 8.6 0 0 0 0 0 0 3.4000000000000004 1.2000000000000002 0 0 0 0.2 0 0.2 0 0 0 0 6.6000000000000005 0 2.6 0.4 0 0 0 0 0.4 0 0 0.4 0 0.2 0 0 0 0 0.4 0 0 0 0 0 0 0 0 0.6000000000000001 0.4 0 0 0 0 0 0 0 7 6.4 6.4 1.6 0 2 2 0 3.8000000000000003 0.2 7.800000000000001 0.6000000000000001 5.6000000000000005 1.2000000000000002 4.6000000000000005 2 4.2 0 0.4 0 0 0 0 0 0 2.4000000000000004 0 0 0 0 0 0 0.6000000000000001 0 0 0 0 1.6 0.2 0 0 0 0 0 0 0 0 0 0 0 0 0 0 0 0.2 0 0 0 0 0 0 1.6 0 0 0 0 0 0 0 0 0 0 0.2 1 0.4 0 0.2 15.4 0.2 0 0 0 0 0 0 0 0 0 0 0 0 0 0 0 0 0 0 0 0 0 0.8 0 0.4 0 2.2 0 0 0 0 
 0 0 0 0 0 14.4 0 0 0 0.8 0 0 0 0 0 0 1.6 0.4 0.6000000000000001 0 39 30 80.4 0 32.6 29 19.200000000000003 36.800000000000004 34.6 15 28.400000000000002 9.4 30.400000000000002 18 58.400000000000006 37 25.6 41.2 19.8 51.6 0.2 0 0.4 0.4 0 0 0 0 0 0.4 0 0 12.200000000000001 0 0.2 0 0 4.4 0.8 12.8 0 0 0.4 0 0 0 0 0 0.2 0 0 0.2 0 0 0 0.4 0 0 0 0 0 0 0 0 0 0 0 0 0.4 0 0 0 0 0 0 0 0 0 0 0 0 1 2.4000000000000004 0 2.4000000000000004 0 0 2.4000000000000004 4 3 6 4.4 7.2 0 0 2.6 1.2000000000000002 6.4 0 0 4.4 1.4000000000000001 0 0.4 0 0 2.8000000000000003 3.6 2 2.8000000000000003 0 0 3.4000000000000004 1 6 0 0 0 6.4 6 1.6 0 0 0 0 0.4 0 0.4 0 0 0 0 0 0.8 0 0.4 4.800000000000001 0 0 0.2 0 0 0 0 0 0 0 0 0 0 0 0 0 0 0 0 0 0 0 0 3 0 0 5 2 3.6 1.4000000000000001 0 4.6000000000000005 2.6 1.6 0 0 4 0 0 2 1.6 0 1.8 4 0 0 2.6 0 0 2.2 0 2 0 0 0 0.2 4.4 1.4000000000000001 0 0 0.4 1.6 0.6000000000000001 0 0 0 0 0 0 0 0 0 0 0 0 0 0 0 0 0 0 0 0 0 0 1.6 0 0 0 0 0 0 0 0 0 0 0 1.8 0 0.2 0.2 23.200000000000003 0.2 0.6000000000000001 0.4 0 0 0 0 0 0 0 0 0 0.4 0 0 0 0 0 0 0 2 0 0 0 0 0 0 0 0 0 0 
 0 0.2 0 0 0.4 0 0 0.8 0 0 0 0 0.2 0 0 0 0 0.6000000000000001 0 0 9.4 17.400000000000002 25.400000000000002 32.6 0 40.400000000000006 25.6 17 15.8 17.8 45 26 18.8 18 57.6 24.200000000000003 31.8 28.6 16.6 58.6 0.8 0 0 0.4 0 4.4 0.4 18 0 0.4 0 0 14 10.8 0.2 0 0 0 12.4 12.600000000000001 0 0 0 0 0 0 0 0 0 0 0 0.6000000000000001 0 0 0 0.4 0 0.4 0 0 0.2 0 0 0 0 0 0 0 0 0 0 0 0 0 0 0 0 0 0.4 0 0 2.4000000000000004 0 0 1.8 0 0 0 0 6.800000000000001 2 12.4 2 0 0.2 0 0 3.2 0 0 0 2.8000000000000003 0.2 0 0 0 4.2 0 0 2 0 0 5.4 4 4.2 1.6 0 1.6 4.4 3.2 0 0 0 0 1.2000000000000002 1.4000000000000001 0 1.8 0 0 0 0 0 0.4 0 0 0 0 0 0 0.8 0 0 0 0 0 0 0 0 0 0 0 0 0 0 0 0 0 0 0.8 0 4 0 0 12.600000000000001 0 0.8 0 0 3.4000000000000004 8 0 0 0 0 2.8000000000000003 0 1.8 0 0 2.6 0 11.8 0 0 1.4000000000000001 0.2 4.6000000000000005 4.4 4.2 0.4 0 0.2 0 4 4.6000000000000005 0 0 12.200000000000001 0 0 0 0 0 0 0 0 0 0 0 0 0 0 0 0 0 0 0 1.6 0 0 0 1.6 0 0 0 0 0 0 0 0 0 0 0 2 0 0.4 23.400000000000002 15 0 0.8 2.6 0 0 0 0 0 0 0 0 0 0 0 0 0 0 0.2 0 0 0 0 3.8000000000000003 0 0 0.4 0 0 0 0 0 
 0 0 0 0.2 0 0 0.6000000000000001 0 0 0 0 0.2 0 0 0 0 0.2 0.6000000000000001 0 0 20.6 10 23.400000000000002 29 40.400000000000006 0 8.4 5.800000000000001 65 34.4 14.8 28.6 6.800000000000001 41.800000000000004 42.400000000000006 66.8 16.6 54.2 8.200000000000001 51.800000000000004 13.200000000000001 4.6000000000000005 0 0.4 0 1.2000000000000002 24.8 5.800000000000001 12 12.8 0 0 11 0 12.4 0.4 0 0 12.8 15.8 0 0 0 0 0 0 0 0 0 0 10.4 0.4 0.4 0 9.200000000000001 0.4 0 1.4000000000000001 0 0 0 0 0 0 0 0 0 0 0 0 0 0 0 1.2000000000000002 0 0 0 0 0 0.2 0 4.4 3.6 2.6 0.8 0 0 2.6 4.6000000000000005 5.4 2 3.8000000000000003 0.4 0 2.8000000000000003 0.4 0 4 0 0 0 0 0 0 0 0 4.6000000000000005 0.2 0.2 0.2 2.4000000000000004 0 9.4 1.8 0.2 3 0 3.4000000000000004 0.2 3 0.2 0 0.4 0 5.2 0 0 0.8 0 0 0 0 0 0.2 0 0 0.2 0 0.2 0 3.6 0 0 0 0 0.6000000000000001 0 0 0 0 0.6000000000000001 0 0 0 0 0 0 2.4000000000000004 0 0 0 0 0 0.2 0.6000000000000001 2.8000000000000003 0 4.2 1.6 2.6 0.4 4.6000000000000005 0 0 0 2 0.4 2.4000000000000004 0 1 5.6000000000000005 0 0 0.2 0 2.2 3.4000000000000004 0 0.4 0.2 2.4000000000000004 0 2.2 3 0 5.2 5.4 0 7.4 3.4000000000000004 0.4 0 0 0 0 0 0.4 0.2 0 0 0.4 0 0 0 0 0 0 0 0 0 0 0 6.2 0 0 0 0.2 0 0 0 0 0 0 0 1.4000000000000001 0 0 9.600000000000001 0.2 2.6 0 2.8000000000000003 0 0 0 0 0 0 0 0 0 0 0 0 0 0 0 0 0 1.2000000000000002 0 3.4000000000000004 0 0 0 0 0 0 0 0 
 0.4 0.4 1.2000000000000002 0.6000000000000001 15.200000000000001 30.400000000000002 0.6000000000000001 0.4 0.4 1.2000000000000002 0.4 0.6000000000000001 0.6000000000000001 0.4 1.8 0.6000000000000001 0.8 0.4 8.6 1 32 63.400000000000006 36.2 19.200000000000003 25.6 8.4 0 34.4 13 22.400000000000002 15.200000000000001 21.8 46.6 14.200000000000001 10.600000000000001 9.600000000000001 49.800000000000004 34.800000000000004 28.8 30.400000000000002 0.4 0.8 0 0.4 0 0 0 0.2 0 0.4 0 0.2 0 0 0.2 0 0 0 0 5 0 0 0 0 0 0 0 0 0 8 0 0.4 1 0 0 0.4 0 0 0 0 0 0 1 3 0 4.800000000000001 0 0 0 0 2.8000000000000003 3 0.4 0 0 0 0 0 0 0 2.4000000000000004 3.2 0.4 2.8000000000000003 0 3.2 0.2 0.8 6 0 14.4 0.6000000000000001 8 6.4 2 12.600000000000001 3.8000000000000003 7.4 3.6 2.2 0 0.4 0 0 0 0 0 0 0 0.4 0 0 0 0 0 0 0 0 0 0 0 0 0 0.2 0 0 0 0 0 0 0 0 0 0 0 0 0 0 0 0 0 0 0 2 2 0 0 0 0 0 2.4000000000000004 0 0 0 0 0 0 0 0 0 3.2 9 2.8000000000000003 2.4000000000000004 3.8000000000000003 0 3.4000000000000004 0.2 5 0 9.600000000000001 4 2.8000000000000003 5.6000000000000005 2.6 0 0 0 1.8 0.4 0 0 0 0 0 0 0 0 0 0 0 0 0 0 0 0 0 0 0 0.2 0 0 0 0 2.4000000000000004 0 0 0 0 0 0 0.2 0 0 0 0 0 2 0 0 0 0 0 0 0 0 0 0 14.8 0 3 0 0 0 2.4000000000000004 0 0.8 0 10.8 0 0.6000000000000001 0 0 0 0 0 0 0 0 0 0 0 0 0 0 0 0 0 0 0 0 0 0 0 0 0 0 0 0 0 
 0 0 0 0 29.6 15.200000000000001 0.4 0 0 1 0 1 0 0 0.4 0.4 0 0.6000000000000001 0 0 36.4 26.200000000000003 35.6 36.800000000000004 17 5.800000000000001 34.4 0 79.4 33.800000000000004 8.4 22.8 31.200000000000003 131.8 83.80000000000001 22.200000000000003 36.4 78.2 14 27.400000000000002 0.6000000000000001 1.2000000000000002 0.4 1 0.2 0 0.4 0 0.4 0.4 34.6 0 0.6000000000000001 0.4 0.4 1 0.2 1.2000000000000002 0 13.4 0 1.4000000000000001 0 1.2000000000000002 0 0 0 0 0.2 0 0 0.6000000000000001 0 0 0 2.6 0 0.8 0 0 0 0 0.4 0 4 3.6 0 0 0 0 0.2 2.8000000000000003 0 0 0 0 0 0 0 0 1 7.800000000000001 2 15 3.4000000000000004 4 0.2 6.6000000000000005 3.2 3.8000000000000003 0.6000000000000001 0 2.6 13.600000000000001 6.6000000000000005 7.6000000000000005 7.2 4 0 0 0 0 0 0 0 0 0 0 0 0 0 0 0.2 0 0.2 0 0 0.4 0 0 0 0 0 0 0 0 0 0 0 0 0 0 0 0 0 0 0 0 0 0 0 0 0 0 2 0 0 0 0 0 0.2 0 0 0 0 0 0 0 0 0 8.200000000000001 0.2 3.6 6.800000000000001 0.2 12.4 10.200000000000001 5.4 3.6 2.2 8.4 0.2 2 7 3 0.2 5.2 0 0 2 0.2 0 0 0 0 0 0 0.2 0 0.2 0 0 0 0 0 0 0 0 0 1.6 0 0.4 0 0 0 0 0 0 0 0 0 0 0 0 0 0.2 0.2 0 0 0 0 0 0 0 0 0 0 0 0 0 0 0 0 0 1.2000000000000002 0 0.4 0.2 15.4 0 0 0 0 0 0 0 0 0 0 0 0 0 0 0 0 0 0 0 0 0 0 2.4000000000000004 0 0 0 0 2.6 0 0 0 
 0 0 0 0.6000000000000001 15 29.6 0 0 0 0 0 15 0 0 0.4 0 0 0 0 0 22.8 10.8 19.400000000000002 34.6 15.8 65 13 79.4 0 15.200000000000001 6.6000000000000005 9.600000000000001 73.4 17 61.2 30.6 11.200000000000001 26.6 19 12 0.4 0 0 0.4 0 0 0 0 0 0.4 0 0 0 0 0.2 0 0 0 0 0.4 0 0 1 0 0 0 0 0 0.6000000000000001 0 0 0.4 0.2 0 0 0.4 0 0 0 0 0 0 0 0 0 6.6000000000000005 0 0 0 0 2.8000000000000003 2 0 0 0 0 0 0 0 0 4.4 1.4000000000000001 4.800000000000001 1.6 2.8000000000000003 0.2 4.6000000000000005 0.6000000000000001 4.4 0 3.2 0 3.2 0.4 0 3.6 2 4.2 3.6 4.4 0 0 0 0 0 0 0 2.2 0 0 0 0 0 3.6 0 0 0 0 4 1.6 0 0 0 0.2 0 0 0 0 0 0 0 1.4000000000000001 0 0 0 0 0 0 0 0 0 0 3.8000000000000003 0 0 0 0 0 0 0 0 0 1.2000000000000002 0 0 0 0 0 0 0 1.8 0 0 4.800000000000001 4 2.4000000000000004 0.2 4 0.2 3.2 0 0 2.2 3.2 1.6 0.6000000000000001 0 0 1.8 3.2 0 0 0 0 0 0 2.6 2.4000000000000004 0.2 0 0 0 0.8 1.6 2.8000000000000003 0 0 0 0 3.6 0 0 0 0 0 0 0 0 0 0 0 0 0 0 0 0 0 0 0 0 0 0 0 0 0 0.2 0.2 0 0 0 0 0 0 0 1.2000000000000002 0.2 0 15.4 0.2 0 0.4 0.4 0 0 0 0 0 0 0 0 10.200000000000001 0 0 0 0 0 0 0.4 0 0 0 2.4000000000000004 0 0 0 0 0 0 0 1.2000000000000002 
 0 0 0 0.6000000000000001 0.4 0 0 14.4 0 0 0 0 0.4 0 0.6000000000000001 0 0 0.6000000000000001 0 0 7.6000000000000005 20.400000000000002 28.6 15 17.8 34.4 22.400000000000002 33.800000000000004 15.200000000000001 0 31.200000000000003 9.8 6.2 28.8 33 46.2 56.2 44 33.4 44.2 0.4 0 41.400000000000006 0.4 0 0 0 0 0 0.4 0 0 0 0 0.4 0 0 0 12.4 6.2 0 0 0 0 0 0 0 0 0 0 0 0.4 0.6000000000000001 0 0 0.4 0 0 0 0 0 0 0 0 0 0 0 4.800000000000001 0 0 0 0 0 0.4 0 0 0 0 0 0 1.8 1.6 6.4 6.2 4.4 1.6 0 3 5.4 5.2 2.6 8.6 0 0 0.2 4.800000000000001 2.4000000000000004 1.4000000000000001 0 0 3 0 2.2 0 0.4 0 0 0.2 0 0 0 0 3 0.4 0 0 0 0 0 2.4000000000000004 0 0 0 0.2 0 0 0 0 0 0 0 0 0 0.2 0 0 0 0 0 0 0 0 0 0 0 0 0 0 0 0 0 0 0 1.8 0 1 0 0 0 0 1.6 1.8 1.6 5 2.2 0 4.4 0 1.8 3 4.800000000000001 5.4 2.2 1.8 0 0.6000000000000001 8 0 0.4 0 0 0 0 0 0 0 0.4 0 3.6 0 0 0 0 0 1.6 0 0 0 0 2 0 0 2 0 0 0 0 0 0 0 0 0 0 0 2.2 0 0 0 0 0 0 0 0 0 0 0 0 0 0 0 0 0 0 0 1.4000000000000001 0 0.4 0.6000000000000001 0 0.2 2 0 0 0 0 0 2.6 0 0 0 0 0 0 0 0 0 0 0 0 0 0 0 0 0 0 0 0 0 0 0 
 0 0 0 0.4 0 0 0 0 0 0 0 14.4 0 0 0 0 0 0 0 0 4.4 21.400000000000002 23.400000000000002 28.400000000000002 45 14.8 15.200000000000001 8.4 6.6000000000000005 31.200000000000003 0 56.800000000000004 46.2 11.600000000000001 14.200000000000001 15.4 46.2 12.4 20.400000000000002 8.8 0.6000000000000001 0 0 0.4 0 0 0 12.4 0 0.4 0 0 0 12.4 0.2 0.2 0 0.4 13.8 7.800000000000001 0 0 0 0.2 0 0 0 0 0.2 0 0 0.6000000000000001 0.4 0 0 0.4 0 0 0 0 0 0 0 0 0 0 0 0 0 0 0 0.2 0 0 0 0 0 0 0 0 0.2 0.2 2.6 2.2 1.6 3.6 0 0 2 2.6 1.8 7.2 0.2 0.2 0 1.4000000000000001 0 2.2 0 0.2 4.6000000000000005 2.6 3.6 0 0 0 2.2 1.6 0 2 0 0 3 2.6 0.2 0 0 0 0.2 2.4000000000000004 2.2 0 0 0 0.2 0 0 0 0 0 0.2 0 0 0.4 0 0 0.4 0 0 0 0 0 0 0 0 0 0 0 0 3 0 0 0 0 0 0.4 0 0 0 0 0 3 0.2 5.4 6 4 0 0 0 0.2 0.2 1.8 0 0 0 0 2.4000000000000004 0.2 0 0.2 5.2 0 2.4000000000000004 2.2 0 0 4.800000000000001 3.8000000000000003 5 4.4 2 0 0 4.2 5.2 2.2 0 0 1.4000000000000001 2.6 0 0 0 0 0 0 0 0 0 0 0 0 0 0 0 0 0 0 0 0 0 0 0 0 0 0 0 0 0 0 0 0 0 0 0.8 0 0 1 0 0.4 2.4000000000000004 0.2 0 0 0 0 0 0 0 0 0 0 0 0 0 0 0 0 0 0 0 0 0 0 0 0 0.2 0 0 0 
 0 0.2 0 0.8 0 0 0 0 0 0.4 0.2 0 0 0 0 0 0 13.8 0 0 9.200000000000001 30.200000000000003 13.8 9.4 26 28.6 21.8 22.8 9.600000000000001 9.8 56.800000000000004 0 9.8 7.2 52.2 12 58.6 52.2 21.400000000000002 5 13.4 0 0 0.4 0.6000000000000001 0.4 0 0.6000000000000001 0 0.4 0.4 0 0 0 0.4 4.4 0 0 5.800000000000001 19.8 0 0 0 0.6000000000000001 0.6000000000000001 0 0 0 0 0 0.2 0.6000000000000001 0.4 0 0 0.4 0 0.2 0 0 0 0 0 0 0 0 0.4 0 0 0.2 0 0 0 0 0 0 0 2.2 0 0 4 5.4 2.4000000000000004 0.6000000000000001 2.4000000000000004 1.8 0 0 3.2 3.8000000000000003 3 8.6 0 0 0.2 6.2 6.2 1.6 0 2.2 7 2.4000000000000004 1.8 0 0 0 0 2.8000000000000003 0.2 2.4000000000000004 2.2 0 6.2 0.2 0 0 0 2.4000000000000004 0.2 0 0 0 0 0.2 0 0 0.4 0 0.4 0 0.2 0 0 0 0 0 0 0 0 0 0 0 0 0.4 0 0 0 0 0 0 0 0 0 0.4 0 0.8 0 0 0 0 1.6 5.4 4 2.2 0 1.6 1.8 0 1.8 0 0 3 0 0 0 0 4.6000000000000005 0 0 0 0 0 6.800000000000001 0.4 0 0 0.4 2 3 2.6 2.6 0 0 0.2 6.800000000000001 6.800000000000001 4 0 3 0 0 0 0 0 0 0 0 0 0 0 0 0 0 0 0.2 0 0 0 0 0 0 0 0 0 0 0.4 0 0 0 0 0 0 0 0.4 1 0.4 0 16 0 0 3.6 0 0 0 0 0 0 0 0 0 0 0 0 0 0 0 0 0 0 0 0 0 0 0.4 0 0 0 0 0 0 
 0 0 0 15.200000000000001 14.8 41.2 0 0.4 13 74.4 0 29.400000000000002 0 0 0 0 0 33.6 0 0 47.400000000000006 20.6 26.8 30.400000000000002 18.8 6.800000000000001 46.6 31.200000000000003 73.4 6.2 46.2 9.8 0 29.200000000000003 6.6000000000000005 5 7.4 9.4 17.8 38.800000000000004 0.4 0.6000000000000001 0 0.4 0 1.6 0.4 0 0.4 7.2 0 0.6000000000000001 0 0 0 0.4 0.2 0.6000000000000001 0 0.4 0 0 0 0 0 0 0 0 0 0 0 0.6000000000000001 0 0 0 1.4000000000000001 0 0.4 0 0.6000000000000001 0 4.6000000000000005 5 2.2 0 10.8 0 0 0 2.2 5.800000000000001 4.4 0 0 0 0 0 7.800000000000001 0 0 0 3.6 0 0 0 2.2 4 2.6 2.2 0 2.4000000000000004 0 1.8 1.8 0 3.4000000000000004 2.8000000000000003 0.4 2.8000000000000003 3.2 0 0 0 0 0 0 0 0 0 0 0 0 0.4 0 0 0 0 0 0 0.4 0 0 0 0 2.8000000000000003 0 0 0 0 0 0 0 0 0 0 0 0 0 0 0 2.6 0 0 0 5.6000000000000005 1.8 0 0 0 0.2 2.2 0 0 0 0 2.4000000000000004 0 4.2 0.2 2.2 2.2 0.2 2 0 0 0 1.8 0.2 2.6 0 3.6 0 1.8 0 2.4000000000000004 2.4000000000000004 0 0 1.8 3.6 0 0 1.8 0 0 0 0 0 0 0 0.2 0 0 0 0 0 0 0 0.2 1.4000000000000001 0 0 0 0 0.4 0 0 0 0 0 0 0 0 0.2 0 0 0 0 0 0 0 0 0 0 0 0 0 0 0 0 3.6 0 9 0 2.4000000000000004 0 0 0 15.8 0 0 0 0 0 0 0 0 0 0 0 0 0 0 0 0 0.2 0 0 0 0 0 0.2 0 0 0 0 0 0 0 0.2 
