 0 29.8 20.6 9 13.8 26.400000000000002 29.8 55 18 8.8 26 26 35.4 34 30.6 13.600000000000001 8.6 6.2 11.8 18.8 0 0.2 0 1 1.6 0.2 0 0 0.4 0.4 0.8 0.8 0.8 0 0.4 0.2 0 0 0 0.4 12 0 0 12.4 0.6000000000000001 0.8 0 0 0.6000000000000001 0 0.4 0.4 0 0 0 0 0 0.4 0 0 0.4 0 0 0.4 0 0 0 0 0 0.6000000000000001 0 0 7.4 0 0 0.6000000000000001 1.4000000000000001 0 0.6000000000000001 0 1.8 1.4000000000000001 0 1 0 3.8000000000000003 10.4 7.2 0.2 2 2.6 12.8 2 2.8000000000000003 1.4000000000000001 2.8000000000000003 2.4000000000000004 0 0 4.2 0 2.2 0 0 0 0 0 0 0 0 0 0 0 0 0 1.8 0 0 0.2 0 0 0 0 0 0 0 0 0 0.4 0 0 0 0 1.8 0 0 0 0 0 0 0 0 0 11.600000000000001 0 0 0.2 0 0 0 0.8 0 0 0 0 0 0 0 0.2 0 2.2 2.8000000000000003 3 3.4000000000000004 0.8 0.2 2 2.8000000000000003 0 0 1.2000000000000002 1.6 5.2 4 0 0 0 0 3 3.2 0 0 0 0 0 2.6 0 0 0 0 0 0 0 0 0 0 0 0 0 0 0 0 0.2 0 0 0 0 2.6 0 0 0 0 0 0 0 0 0 0 0 0 0 0 0 0 0 0 0 0 0 0 0 0 0 0 0 0 0 0 0 0 0 0 0 0 0 0 0.4 0 0.2 17.400000000000002 0 1.2000000000000002 0 0 0 0 0 0 0 0 0 0 0 0 0 0 0 0 0 0 0 0 0 0 0 0 5.4 0 0 0 0 0 0 0 0 0 0 0 0 0 
 29.8 0 63.400000000000006 61 52.6 10.200000000000001 29.400000000000002 49.800000000000004 27.400000000000002 23 24.400000000000002 8.200000000000001 30.6 11.8 17.8 8 23.200000000000003 24.6 6.6000000000000005 63.400000000000006 0 0 0 0.6000000000000001 0.6000000000000001 0 0 0 0 0.4 0.4 0.2 0 0 0 0 0 0 0 0 0 0 0.2 0 2.8000000000000003 2.8000000000000003 0 0 0.6000000000000001 0.2 0 4.2 0 0 0.4 0 0 4.2 0 0 0.4 0 0 0.4 0 0 0 2.2 0 0.6000000000000001 0 0 0 0 0 0.6000000000000001 0 0 0.8 0.2 13.600000000000001 2 2 2 0 0 4.6000000000000005 0 2 2 0 2 0 0 6.800000000000001 2.2 0 0 0 0 0 0 0 0 0 0 0 0 0 0 0 0 1.8 0 0 0 4 0 3.6 0 0 0 0 0 0 0 0 0 0 0 0 0 0 2.2 0 0 0 0 0 0 0 0 0 0 0 0 0.4 0 0 0 0.2 0 0 0 0 0 0 0 0 1 6.800000000000001 4.2 4.4 6.2 0 0 3.8000000000000003 3.6 2 14.4 2 3.6 0 0.2 3.8000000000000003 0 3.6 0 6.2 0 0 0 0 0 0 0 0 0 0 0 0 0 0.2 0 0 0 0 0 7.2 0 0 0 0 0 0 0 0 0 0 0 0 0 0 0 0 0 0 0 0 0 0 0 0 0 0 0 0 0 0 0 0 0 0 0 0 0 0 0 0 0 0 3.4000000000000004 0 0 0 0 0 0 0 1 0 0.2 0 0 0 0 0 0 0 0 0 0 0 4.2 0 0 0 0 0 0 0 0 0 0 0 3.2 3.2 0 0 0 0 0 0 0 0 0 0 0 0 0 
 20.6 63.400000000000006 0 32.2 31.200000000000003 27 33.800000000000004 56.6 96.60000000000001 59 44.800000000000004 17 31.200000000000003 22 12 36.2 14 11 41 22.8 0.8 0.8 0.4 0.8 8 0 0 0.8 0 0.4 0.4 0 0 11.600000000000001 0 0 0 0 12.4 0 0 0 0 15.4 0.8 0.6000000000000001 0.4 13.600000000000001 0.2 0.2 0 0 0 0.2 0 0 0 1 0 0 0.4 0 0 0.4 0 0 0 0 0 1.4000000000000001 0 0.4 0 0 0 0.6000000000000001 0 0 1.4000000000000001 0 0 0 4.800000000000001 18 6.2 9.600000000000001 0 0 0 0 5 4.6000000000000005 0 4.6000000000000005 4.2 4.800000000000001 0.4 6.4 0 0 4.2 0.2 4 0 0 0 2.2 0 0 0 0 0 2.8000000000000003 5.4 0 0 0 0 1.8 3.4000000000000004 0 0 0 0 0 0 0 0 0.4 0 0 0.2 0 0 0 0 0 0 0 0 0 0 0 0 0 0 0.4 0 0 0 0 0 0 0 0 0 0 0 0 0 4.4 5 1.6 6.6000000000000005 2.4000000000000004 4.2 2 2.2 2.6 3.8000000000000003 0.6000000000000001 9.4 0 0 0 0 7.2 4 1 0 5.2 2 0 0 0 0 0 5.4 0 0 0 0 3.2 5.4 0 5.6000000000000005 0 0 0.2 0 0 0 0.2 0 0 0 0 0 0 0 0 0 0.2 0 0 0 0 0 0 0 0 0 0 0 0 0 0 0 0 0 0 0 0 0 0 0 3 0 0 0 0 5.2 0 0 0 0.4 0.2 0 0.4 17.400000000000002 0 1.6 0 0.2 0 4.2 0 0 0 0 0 0 0 0 0 0 0 0 0 0 0 0 0 0 0 0 4 0.6000000000000001 0 0 0 0 0 0 0 0 0 0 0 0 
 9 61 32.2 0 38.800000000000004 69.2 41.400000000000006 93 77.80000000000001 15.8 38.800000000000004 134 30.6 78.2 71.8 106.80000000000001 18.400000000000002 48.2 28 56.2 0 0 0 1 0.6000000000000001 0 0.2 0.2 0 0.4 0.4 0 0 0 0 0 0 0 0 0 0 0 0 0 4.4 0.4 1 0.2 0.4 1.2000000000000002 0 0 0 0 0 0 0 0 0 0 0.4 0 0 0.4 0 0 0 0 0 0.6000000000000001 0 0 1 0 0 0.6000000000000001 0 0 0.6000000000000001 0 0 3.4000000000000004 7.6000000000000005 4 0.2 3 0 8.6 0 6.800000000000001 0.2 4.4 0 5.2 0 1.4000000000000001 8.8 5.4 0 2 0 0 0 0 0 0 0 0 0 0 0 0 0 0 0 0 0 0 4 0 0 2 0 0 0 0 0 0 0 0 0 0 6.6000000000000005 0 0 0 0 0 0 0 0 0 0 0 0 0 0 0 0 0 0 0 0 0 0 0 0 0 0 0 0 0 8.4 3.4000000000000004 2.2 4.6000000000000005 0 5 5.2 4.6000000000000005 0 0 0 3 4.2 6.4 1.6 5.2 0 0 0 0 0 0 0 0 0 0.2 0.8 0 0 0 1 1 0 0 2 0 0 0.2 0 0 0 0 0 0 0 3.2 0 0 0 0 2.2 0 0 0 0 0 0 0 0 0 0 0 0 0 0 0 0 0 0 0 0 0 0 0 0 0 0 0 0 0 0 0 0 0.8 0.8 0 0.6000000000000001 0.2 0 1.6 3 0 0 0 0 0 0 0 0 0 0 0 0 0 0 0 0 0 0 0 0 0 0 0 0 0 0 0 0 0 0 0 0 0 0 0 0 0 
 13.8 52.6 31.200000000000003 38.800000000000004 0 64.60000000000001 14 18.8 14.200000000000001 32.800000000000004 16.8 37 12.8 13.600000000000001 29.200000000000003 12.8 30.400000000000002 18 14.4 16.400000000000002 6.4 14.8 0 0.6000000000000001 0.6000000000000001 0 18.2 14.8 0 0.8 0.4 0.2 0.2 14.8 0 0 0 0 43.800000000000004 15 0 0 0 6 1 0.4 0 0 0.4 0.6000000000000001 0 0 0 0 0 0 0 0 0 0 0.4 0 0 0.4 0 0 0 0 0 0.6000000000000001 0 0 0 0 6.2 0.6000000000000001 0 0 0.6000000000000001 0 0 0 0 0 5.800000000000001 0 0 0 0.2 3.2 0 5.6000000000000005 0 0 0.4 2 0 2.8000000000000003 0 0 0 0 3.6 2 2.6 0 2 0 0 0 0 0 5.4 2.4000000000000004 0 5.6000000000000005 0 0 3 6.2 0 0.4 0 0 0 0 0.2 0.2 0 0 0 0 0 0 0 0 0 0 0 0 0 0 0.4 0 0 0 0 0 0 0 0 2.8000000000000003 0 0 0 0 0.4 0 0 0 0 0 0 0 0 2.8000000000000003 0 0 1.6 0 2 0 0 1.6 1 0 0 4.800000000000001 0.2 0 2.8000000000000003 0 2 3 0 0 2.2 3.2 0 4 0 0 10.8 8.4 7 0 2.8000000000000003 0 5 0 0 0 0 0 0 0 0.4 0 0 0 0 0 0 0 0 0 0.2 0 0 0 0 0 0 0 0 0 0 0 0 0 0.2 0 0 0 0 0 0 0 0 0 0 0 0 0 0 0.8 0.2 0.2 0.4 0 0 0.4 0 0.6000000000000001 0 0 0 0 0 0 0 0 0 0 0 0 0 0 0 0 0 0 0 0.2 0 1.4000000000000001 0 2 0 0 0 0 0 0 0 0 0 0 0 0 
 26.400000000000002 10.200000000000001 27 69.2 64.60000000000001 0 9.4 8.4 9 9.8 71 13.4 6.4 28.6 14.200000000000001 40.800000000000004 16.2 7.4 9 12.200000000000001 1.6 0 20.200000000000003 0.6000000000000001 1.2000000000000002 0 20.200000000000003 29.8 0 3.8000000000000003 0.8 0 24.6 17 7.2 15 0 0 14.8 15.200000000000001 0 0 0.4 0.2 0.4 0.4 0 0 0.2 0.4 0 0 1.8 0 0 0 0 0 0 0 1.6 0 0.4 0.4 0.2 0 0 0 0 0.6000000000000001 0 0 0 0 0.2 0.6000000000000001 0 0.6000000000000001 0.6000000000000001 0 0 0 2 2 2.8000000000000003 4.4 0 0 0 8 0 0 0 0 0 0 0 15.4 0 0 0.8 4.800000000000001 0 0 0 0 7.800000000000001 7.2 1.2000000000000002 0 0 0.4 0 2.4000000000000004 1.4000000000000001 2 1.4000000000000001 0 3 2.8000000000000003 0 0 0 0 0 2.8000000000000003 0 0 0 0 0 0 0 2.8000000000000003 0 0 0 0 0 0 0 0 0 0 0 0 0 0 0 0 0 0 0 0 1.6 0 0 1 0 0.2 0 0 0 0 0 3 0 0 0 0 1.8 0 0 0 0 2.4000000000000004 0 0 0 0 4.4 4.4 3.4000000000000004 3.6 0 0 6.4 2.2 2.4000000000000004 0.2 0.2 0 0 7.2 2.8000000000000003 6 2.6 0.6000000000000001 6.800000000000001 0 1.4000000000000001 0 0 0 0 0 0 0 0 0 0 0 0 0 0 0 0 0 0 0 0 0 0 0.4 0 0 0 0 0 0 0 0 0 0 0 0 0 0 0 0 0 0.4 0 0 0 0 10.200000000000001 0.4 0 0.2 0 0.2 0 0 0 0 0 0 0 0 0 0.2 4.2 0 0 0 0 0 6.6000000000000005 0 0 0 0 0 0 2 0 0 0 0 0 0 0 0 0 0 0 0 0 0 
 29.8 29.400000000000002 33.800000000000004 41.400000000000006 14 9.4 0 20.8 58.800000000000004 23.400000000000002 45.6 35 47.2 62 45.2 6 27.200000000000003 51.800000000000004 28.6 10.600000000000001 0.2 0 16.400000000000002 26 1 0 0.4 0 0.6000000000000001 1.2000000000000002 0.4 0.6000000000000001 0 0 0.8 0 0 0.4 0 0 0 0 0 0 1 0.8 0 0.6000000000000001 0.6000000000000001 0.4 0.6000000000000001 0 0 0 0.6000000000000001 0 0 0 0 1.4000000000000001 0.4 0 0 0.4 0.4 6 0 0.6000000000000001 0.2 0.6000000000000001 0 0 1 0 0 0.6000000000000001 0 0 0.6000000000000001 0 2.2 1.2000000000000002 0 2 0 0 1.8 3.4000000000000004 2.8000000000000003 1.8 0 4 0 13.600000000000001 4.800000000000001 6.6000000000000005 2.2 0 3.8000000000000003 2 0 0 0 0 0 0 0 0 0 0 2.6 0 5.2 0.4 0 0 0 0 4.2 0 0 0 0 0 0 0 0 0 0 0 0 0.4 0 2 0 0 0 0 0 0 0 0 0 0 0 0 0 0 0 0 0 0 0 0 0 0 0 0 0 0 3.2 2.2 1.6 3 4.2 0.8 0.2 0 0.2 5.6000000000000005 2 0 0 0 3.6 2.8000000000000003 0 2.2 1.2000000000000002 1.4000000000000001 0 0 0 0 0 0 0 0 0.2 0 0 0 2.2 0 0 0 0 0 0 0 0 0 0 0 0 0 0 0 0 0 0 0 0.4 0 0 0 0 0 0 1.8 0 0.2 0 0 0 2.8000000000000003 0 0.4 0 0 0 0 0 0 0 0 0 0 0 0 0 0.2 0 0 0 0.2 0.4 0.2 0.4 8.200000000000001 0 1 0 0 0 0 0 0 0 0.4 0 0 0 0 0 0 0 0 0 0 0 0 0 0 0 0 8.4 0 0 0 0 0 0 0 0 0 0 0 0 0 
 55 49.800000000000004 56.6 93 18.8 8.4 20.8 0 52.6 26.8 6.800000000000001 16.2 27 19.6 19.8 8.200000000000001 51.6 36.2 14 36.2 0.4 0 0 0.6000000000000001 0.6000000000000001 0 0 0 0 0.4 0.4 0.4 0 0 0 0 0 0 0 15.4 0 0 0 0 1 0.4 0 0 0.6000000000000001 0.6000000000000001 0 0 0 0 0 0 0 0 0 0 0.4 0 6 0.4 0 0 0 0 0 0.6000000000000001 0 0 0.6000000000000001 0 0 0.6000000000000001 0 0.4 0.6000000000000001 0 4.4 3.6 3.8000000000000003 0 3.4000000000000004 0 0.6000000000000001 3.6 2 3.2 2.4000000000000004 0 0 0 5.2 4.800000000000001 5.800000000000001 3 2.4000000000000004 0 4.2 0 0 0 0 1.6 0 0 0 0 0 0 4 0 0 0 0 0 0 0 0 0 0 0 0 0 0 0 0 0 0 0 2 1.8 0 0 0 0 0 0 0 0 0 0 0 0 0 0 0 0 0 0 0 0 0 0 0 0 0 0.2 2 3.2 0 0.2 0 2.2 9 0.2 4.800000000000001 0 5.800000000000001 3.4000000000000004 2.8000000000000003 2.6 3.8000000000000003 1.2000000000000002 0 3 4.6000000000000005 0 0.8 0 0 0 0 0 0 3.8000000000000003 0 0 0 0 2 8.200000000000001 0 0 0 0 0.2 0 0 0 0 0 0 0 0 0 0 0 0 1.4000000000000001 0 0 0 0 0 0 0 0 0 0 0 0 0 0 0 0 0 0 0 0 0 0 0 0 0 0 0 0 0 0 0 0 0 0 1 0 0.6000000000000001 0 0.2 0.2 3.6 0 0 0 0 0 0 0 0 0 0 0 0 0 0 0 0 0 0 0 0 0 0 0 2 0 0 0 0 0 0 0 0 0 0 0 0 0 
 18 27.400000000000002 96.60000000000001 77.80000000000001 14.200000000000001 9 58.800000000000004 52.6 0 20.200000000000003 24.8 21.6 46.2 48.400000000000006 66 66.4 70 44.2 46.6 16 0 0.4 0 0.8 0.6000000000000001 14.8 0.2 0 0 0.4 0.4 0.2 0.4 0.2 0 0.2 0 0 0 0 0 0 0 0 2.6 0.8 0 0.2 0.6000000000000001 0 0 0 0 0 0 0.2 0.2 0 0 0 0.4 0 0 0.6000000000000001 0 0 4.800000000000001 0 0 0.6000000000000001 0 0 0 0 0 0.6000000000000001 0 0 0.6000000000000001 0 0 2.4000000000000004 6.6000000000000005 5.2 0 1.8 4.2 9.4 0 4.4 9.200000000000001 7.4 0 5.2 8.6 4.800000000000001 9.600000000000001 0 0 0.6000000000000001 0.2 3 0 0 0 0 0 0 0 0 0 0 7.2 0 0 0 0 0 2.2 0 0 0 0 0 0 0.2 0 0 0 0 0 0 2.2 0 0 0 0 0.4 0 0 0 0 0 0 0 0 0 0.2 0 0 0.6000000000000001 0 0 0 0 0 0 0 0 0 9.4 0.2 5.2 4 3.4000000000000004 6.800000000000001 2.6 5.2 8.6 6.2 0 6.800000000000001 4.6000000000000005 0.4 2 0.2 3.2 5 7.6000000000000005 3.8000000000000003 3 0 0 0 0 0 0 2.2 0 0 0 0 0 2.4000000000000004 0 0 0 1 0 0 0 0 0 0 0 0 0 0 0 2.6 0 0 0 0 0 0 0 0 0 0 0 0 0 0 0 0 0 0 0 0 0 0.4 0 0 0 0 0 0 4 0 0 3.8000000000000003 0 0 0.2 0 0.2 0 0 21.6 0.4 0.4 2.4000000000000004 0 0 0 0 0 0 0 0 0 0 0 0 0 0 0 0 0 0 0 0 0 0 0 4.2 0 0 0 0 0 0 0 0 0 0 0 0 0 
 8.8 23 59 15.8 32.800000000000004 9.8 23.400000000000002 26.8 20.200000000000003 0 15.200000000000001 9.4 11.8 39.2 69.60000000000001 25.200000000000003 24.6 30.400000000000002 37.800000000000004 25.6 0 0 0 1 0.6000000000000001 0 0 0 0 0.4 0.4 0.2 0 0 0.8 0 0 0 19 0 12.600000000000001 0 8.4 25.200000000000003 1.2000000000000002 0.4 0 0 0.6000000000000001 0 0 0 0 0 0 0 0 0.2 0 0 0.4 0 0 0.4 0 0 9.200000000000001 0 0 0.6000000000000001 0 0 0 0 0.4 0.6000000000000001 0 0 0.6000000000000001 0 0 0 3.8000000000000003 9.4 4 3 1.8 0 0 2.4000000000000004 2.6 10.200000000000001 0 2.4000000000000004 3.6 3.4000000000000004 8.6 3.8000000000000003 2.8000000000000003 0 3.6 4.2 0 0 0 0 3.2 0 0 0 0 0 5.800000000000001 6.2 0 0 0 0 4.2 4.6000000000000005 0 0 0 0 0 0 0 0 0 0 0 0 0 0 0 0 0 0 0 2.2 0 3.8000000000000003 0 0 0 0 0 0 0 0 0 0 0 0 0 0 0 0 4.2 0 1.6 3.4000000000000004 2.8000000000000003 4.800000000000001 4 5.2 5 0 2.4000000000000004 1.2000000000000002 8.6 3.8000000000000003 0 2.4000000000000004 0 2.2 4.4 0 0 0 2.2 1.6 0 0 0 3 0 6.4 0 0 0 0 5.6000000000000005 2.8000000000000003 2.2 0 0 0 0.2 2.2 0 0 0.2 0 0 0 0 0 0 0 0 0 0 0 0 0 0 0 0 0 0 0 0 0 0 0 0 0 0 0 0 0 0 0 0 0 0 0 0 0 0 2.8000000000000003 0 0 0 0.2 0.4 0 2.2 0.2 2.8000000000000003 0.8 0 0 0 0 0 0 0 0 0 0 0 0 0 0 0 0 0 0.2 0 0 0 0 0 0 0 3.6 0 0 0 0 0 0 0 0 0 0 0 0 
 26 24.400000000000002 44.800000000000004 38.800000000000004 16.8 71 45.6 6.800000000000001 24.8 15.200000000000001 0 57.800000000000004 14.600000000000001 45 38.2 46 24.400000000000002 25.400000000000002 69 16.6 0 0 0 0.6000000000000001 0.6000000000000001 41.800000000000004 16 0.4 0 1 0.4 0.6000000000000001 0.4 0 12.600000000000001 0.4 0 0 15.200000000000001 0.6000000000000001 0 0 0 0.2 1.6 0.4 0 0 0.6000000000000001 0 0 0 0 0 0 0 0 0.4 0 0 0.4 0 0.4 0.4 0 0 1.6 0 0.6000000000000001 0.8 0 0 0.4 0 2 0.6000000000000001 0 0 1.4000000000000001 0 0 0 5 7.6000000000000005 0 5.2 3.2 5.2 0 4.4 0.6000000000000001 4.2 0 6.800000000000001 2.6 0 8 5 0 4.4 0 3.6 0 0 0 0 2 0 0 0 0 0 11.4 0 2 0 0.2 0 0 6.4 0 0 0 0 0 0 0 0 0 0 0 0 0 0 0 0 0 0 0.2 0 0.6000000000000001 0 0 0.4 0 0 0 0 0 0 2.4000000000000004 0 0 0 0 0 0 0 0 0 4.4 0.2 5.4 8.4 12 0 2.6 2.6 5.4 6.2 0 1.6 0.2 2.4000000000000004 2.2 4 0.2 2 0 0 2.2 0 0 0 0 0 0 0.2 0.4 1.8 0 7.4 3.2 0.2 5.800000000000001 0 0 0 0.2 2.2 0 0 0 0 0 0 0 0 0 0 0 0 1.6 0 0 0 0 0 0 0 0.4 0.4 0 0 0 0 0 0 0 0 0 0 0.2 0 0 0 0 0 0 0 0 8.6 0 0 0 0 0 0 0.6000000000000001 0.4 0 1.2000000000000002 0 0 0 0 0 0 0 0 0 0 0 0 0 0 2 0 0 0 0 0 0 0 0 0 0 0 0 0 0 0 0 0 0 0 0 0 0 0 
 26 8.200000000000001 17 134 37 13.4 35 16.2 21.6 9.4 57.800000000000004 0 11.600000000000001 25.200000000000003 18 69 34.800000000000004 80.2 27.8 6.800000000000001 0 0.4 0.2 0.6000000000000001 1 0 4.2 3.2 0 0.4 0.4 3.8000000000000003 15.8 4.800000000000001 15.200000000000001 41.6 0 15 0.2 0 0 0 0 0 0.6000000000000001 0.4 0 0 0.6000000000000001 0.2 0 0 0 0 0 0 0 0 0 0 0.4 0 0 0.6000000000000001 0 0 1 0 0 0.6000000000000001 0 6.800000000000001 0 0 8.200000000000001 0.6000000000000001 0 0 0.6000000000000001 0 0 0.2 0 16.6 5.800000000000001 0.6000000000000001 9 2.2 1.6 7.4 2 6 0 11.600000000000001 0 3 0.6000000000000001 4.6000000000000005 0 3.6 4 0 0 0 0 0 1 0 0 0 0 0 1.8 0.6000000000000001 2.8000000000000003 0.2 1.8 0 3.4000000000000004 6 0 0 0 0 0 2.6 0 0 0.2 0 0 0.4 0 0 0 0 0 0 0 0 0 0 0 0 0 0 0.2 0 0 0 0.6000000000000001 0 0 0 0 0 0 1.8 0 0 2.2 0 0 0.2 3.6 0.4 0 0.4 0 2.4000000000000004 0 3.6 0 0 2.6 9 0 7 0 0 0.2 0 0.6000000000000001 0 0 0 1.4000000000000001 0 0 4.2 0 2 2.2 1.4000000000000001 4.800000000000001 3.6 0 0 6 2.2 0 0 0 0 0 0 0 0 0 0 0 0 5.4 0 0 0 0 0 0 2.2 0 0 0 0 0 0 0.2 0 0 0 0 0 0 0 0 0 0 0 0 0 0 0 0 0 0 0.4 0.2 0.2 0 0.2 0.4 1.4000000000000001 0 0 0 0 0 0 0 0 0 0 0 0 0 0 2.4000000000000004 0 0 0 0 0 0 0 0 0 0 0 0 0 0 0 0 0 0 0 0 0 0 0 
 35.4 30.6 31.200000000000003 30.6 12.8 6.4 47.2 27 46.2 11.8 14.600000000000001 11.600000000000001 0 51.6 36.6 28.400000000000002 4.800000000000001 53.800000000000004 119 24.200000000000003 0.6000000000000001 0 0.4 1.2000000000000002 1.2000000000000002 0 4.2 0 6.6000000000000005 0.6000000000000001 0.4 0.8 6.6000000000000005 6.2 4.4 0 3.8000000000000003 0.4 0 0.8 0 0 0.6000000000000001 0 1.2000000000000002 1.6 0.6000000000000001 0 0.6000000000000001 0.4 0.6000000000000001 0 0 0.4 0 0.4 0.4 0 0 0 0.4 0.6000000000000001 0.2 0.4 0 0 0.2 0 0.2 1.2000000000000002 0 0 1.6 0 0.4 0.6000000000000001 2.2 0 0.6000000000000001 0 0.2 0.2 1.6 2.8000000000000003 0 0 4.4 8.200000000000001 0 3.2 0 13.4 0 10.4 9 0 2.2 2.2 2 3.4000000000000004 0 0 0 0 0 0 0.6000000000000001 1.4000000000000001 0 0 0 0 0 0 0 0 0 0 0 0 0 0 0 0 0 0.2 0 0 0 0 0 0 0 0.4 0 0 0 0.4 0 0 0 0 0 0 0.4 0 0 0 0 0 0.8 0 0 0 0 0 0 0 0 0 5.4 8.200000000000001 0 3.2 3.2 0 6.2 4 4.2 5.800000000000001 0 6 0 2.6 3 2.8000000000000003 0.6000000000000001 1.8 0 5.2 0 0 3.6 0 0 0.4 0 0 0 0 0 0 0 0 0 0 0 0 0 9.8 0 0 3.2 0 0 0 0 0 0 0 0 0 0 0 0 0 0 0 0 0 0 0 0 0 0 0 0 0 0 0 0 0 0 0 0 0 0.4 0 0 0 0 4.6000000000000005 0 0 0 0 0.4 0 1.2000000000000002 0.2 2.2 0 0 0 0 0 0 0 0 0 0 0 0 0 0 0 0 0 0 3.2 0 0 0 0 0 0 0 0 0 0 0 0 0 0 0 0 0 0 0 0 
 34 11.8 22 78.2 13.600000000000001 28.6 62 19.6 48.400000000000006 39.2 45 25.200000000000003 51.6 0 101.4 18.8 45 11.200000000000001 77 18.8 0 0.2 0 0.6000000000000001 1 0 0 0.4 0 0.4 0.4 0.2 0 0 0 0 0 0 0 0 0 0 0 12.8 2 0.4 0 0.2 0.6000000000000001 0.8 0 0 0 0 0 0 0 0 0.2 0 0.4 0 0 0.4 0 0 0 0 0 0.6000000000000001 0 0 0 6.6000000000000005 0 0.6000000000000001 0 0 0.6000000000000001 0 0 0 0 16.6 0 2.8000000000000003 4 4.6000000000000005 0.4 2 2.4000000000000004 9.600000000000001 3.2 4.800000000000001 6 0 4.6000000000000005 0.6000000000000001 0 0.2 0 0 0 0 0 0 0 0 0 0 0 0 2.8000000000000003 0 0 0.2 1.2000000000000002 0 0 0 0 0 0 0 0 0 0 0 0 0 0 0 0 0 0 0 0 0 0 0 0 0 0 0 0 0.4 0 0 0 0 0.6000000000000001 0 0 0 0 0 1 0 0 0 6.800000000000001 2 4.6000000000000005 9.4 0.4 0 0 2.4000000000000004 0 0 0.4 1.8 3 0 2.2 0.2 0 0 0.4 4.2 0 0 0 0 0 0 0 0 0 0 0 0 1.8 0 0 0 0 0 0 0 0 0 0 0 0 0 0 0 0 0 0 0 0 0 0 0 0 0 0 0 0 0 0 0.4 0 0.4 0 0 0.2 0 0.4 0 0 0 0 0 0 0.2 0 0 0 0 0 0 0 0.2 0.2 0.4 0.2 17.8 0 1 0 0 0 0 0 0 0 0 15.4 0 0 0 0 0 0 0 0 0.4 0 0 0 0 0 0 2.8000000000000003 0 0 0 0 0 0 0 0 0 0 0 0 0 
 30.6 17.8 12 71.8 29.200000000000003 14.200000000000001 45.2 19.8 66 69.60000000000001 38.2 18 36.6 101.4 0 55 39 36.4 60.2 87.4 0 0 0 0.6000000000000001 1.8 0 0 0.2 0 0.4 0.6000000000000001 0.2 0 0 0 0 0 0.2 0 0.4 0 0 0 0 0.6000000000000001 0.4 0 0 0.4 0.2 0 0 0 0 0 0 0 0 0 0 0.4 0 0 0.4 0 0 0 0 0 0.6000000000000001 0 0 0 0 0 0.6000000000000001 0 0 0.6000000000000001 0 0 0 0 1.8 2.6 0 4.800000000000001 2.8000000000000003 0 7.4 0 2.2 0.2 8 1.2000000000000002 2.8000000000000003 7 4.6000000000000005 0 2.8000000000000003 0 0 0 0 0 0 0 0 0 0 0 0 2.8000000000000003 0 0 0 0 0.2 1.8 0 0.2 0 0 0 0 0 0 0 0 0 0 0 0 0 0 0 0 0 0 0 0 3.8000000000000003 0 0 0 0 0 0 0 0 0.2 0 0 0.2 0 0 0 2.8000000000000003 0 0 3.2 0.6000000000000001 0 2 3.4000000000000004 2.2 0 0 0 7 0 6.2 0 2.4000000000000004 4.800000000000001 3 0 4.2 0.8 2.4000000000000004 0 0 0 0 0 0 0 0 0 0 0 0 1.8 1.4000000000000001 0 0 0 0 0 0 0 0.2 2 0 0 0 0 0 0 0 0 0 0 0 0 0 0 3.6 0 0 0 0 0 0 0 0 0 0 0 0 0 0 0 0 0 0 0 0 0 0.2 0 0 0 0 0 0.6000000000000001 0.8 0 17.6 0.4 2.8000000000000003 0.4 0 0 0 0 0.2 0 0 0 0 0 0 0 0 0 0 0 0 0 0 0 0 0 0 0 0.2 0 0 0 0 0 0 0 0 0 0 0 0 0 
 13.600000000000001 8 36.2 106.80000000000001 12.8 40.800000000000004 6 8.200000000000001 66.4 25.200000000000003 46 69 28.400000000000002 18.8 55 0 16 12.8 7.2 17.2 0 0 0 0.6000000000000001 0.6000000000000001 0.2 6.800000000000001 0 0 0.4 0.4 0.2 0 0 0.2 0 0 0 15.600000000000001 0.2 0 0 0 0 0.6000000000000001 0.4 0 0 0.6000000000000001 0 0 0 0 9.200000000000001 0 0 0 0 0 0 0.4 0 0 0.4 0 0 0 0 0 0.6000000000000001 0 0 0 0 0.6000000000000001 0.6000000000000001 0 0 0.6000000000000001 0 0 0 9.4 7.6000000000000005 4 10 3.8000000000000003 6.2 0 8.8 7.800000000000001 7 0 3.4000000000000004 0 0 5 9.8 0 0.2 3.8000000000000003 4.4 0 0 0 0 3.8000000000000003 0 0 0 0 0 3.8000000000000003 3.2 0 0 0 0 0 5.800000000000001 0 0 0 0 0 0 0 0 0 0 0 0 0 0 0 0 0 0 0 0 0 0 0 0 0 0 0 0 0 0 1 0 0 0 0 0 0 0 0 2.6 0.4 0 2.4000000000000004 5.2 4.4 0.2 0 6.2 3 0.2 2 6.2 2.8000000000000003 2.2 2.2 4 6.2 0.2 0 2.2 4.2 0 2.2 0 0 0 0 3.6 0 0 0 0 6 4.2 1.8 0 0 0 7 2.2 0 0 0 0 0 0 0 0 0 0 0 0 1.8 0 0 0.2 0 0 0 0 0 0 0 0 0 0 0 0 0 0 0 0 0 0 3 0 0 0 0 0 0 0 0 0 0 0.2 0.4 0 0.2 0 0 1 0 0 0 0 0 0.2 0 0.4 0 0.4 1.6 0 0 0 0 0 0 0 0 0 0 0 0 0 0 0 0 0 0 0 0 0 0 0 0 0 0 0 
 8.6 23.200000000000003 14 18.400000000000002 30.400000000000002 16.2 27.200000000000003 51.6 70 24.6 24.400000000000002 34.800000000000004 4.800000000000001 45 39 16 0 74 34.800000000000004 17.6 0 0 0 15.4 0.6000000000000001 0 0.4 1.2000000000000002 0.2 0.4 0.4 0.4 0 0 0 0 0 0 0 0 0 0 0 0 1.6 0.8 0 0.4 0.8 0.6000000000000001 0 0 0 0 0 0 0 0 0 0 0.4 0 10.4 0.4 0.4 1 6 0 0 0.6000000000000001 0 0 0.2 0 0 0.6000000000000001 0 0.6000000000000001 0.6000000000000001 0 0 0 0 0.6000000000000001 0.4 0 5.2 0 3.8000000000000003 0 2.8000000000000003 0 2.8000000000000003 5.800000000000001 3.4000000000000004 3 5.2 5.6000000000000005 0 0.2 0 0 0 0 0 0 0 0 0 0 0 0 7.2 5.4 0 0.4 0 0 2.2 0 0 2 0 0 0 0 1.8 0 0 0 2.8000000000000003 0 0 0 0.2 0 0 0 0 0 0 0 0 0 0 0 0 0 0 0 0 0 0 0 0 0 0 0 0 0 0.8 0 4.800000000000001 3 3.4000000000000004 1.4000000000000001 0 2.2 0 0 3.4000000000000004 0.8 8.200000000000001 2.4000000000000004 7.6000000000000005 5.4 0 2 2.6 3 0 0 0 0 0 0 0 0 0 0 0 0 2.2 0 0 2.6 0 0 0 0 0 0 0 0 0 0 0 0 0 0 0 0 0 0 0 0 0 0 0 0 0 0 0 0 0 0 0 3.8000000000000003 0 0 0 0 0 0 0 0 0 0 0 0 0 0 0 0 0 0.2 0.8 0.2 0.4 0 0 0.4 0 0 0 0 0 0 0 0 0 0 0 0 0 0 0 0 0 0.4 0 0 0 0 0 0.2 0.4 0 0 0 0 0 0 0 0 0 0 0 0 0 
 6.2 24.6 11 48.2 18 7.4 51.800000000000004 36.2 44.2 30.400000000000002 25.400000000000002 80.2 53.800000000000004 11.200000000000001 36.4 12.8 74 0 23.400000000000002 102 0.6000000000000001 0.6000000000000001 0 1.2000000000000002 0.6000000000000001 0 0.4 0.6000000000000001 0.4 0.8 0.4 0.2 0 0 0 0.2 0 0 0 0 0 0 0 0.4 0.6000000000000001 0.4 0 0 1 0.2 0 0 0 0 0 0 0 0 0 0 0.4 0 0.2 1 0 0.6000000000000001 0 0 0 0.6000000000000001 0.4 0 0 0 0 1.2000000000000002 0 0 0.6000000000000001 0.4 2.2 2.2 0 7.6000000000000005 2.6 0 1.6 6.800000000000001 0 9.200000000000001 0 3.6 0 17 1.6 10.8 4.800000000000001 2.6 0.4 2 0 0.2 0 0 0 0 0 0 0 0 0.2 0 4.2 0 0 0 0.2 0 4 0 0 0.8 0 0 0 0 0 0 0 0 0 0 0.4 1.8 0 0 0 0 0 0 0 0 0 0 0 0.2 0 0 0 0.4 0 0 0 0 0 0 0 0 0 0 1.8 2.8000000000000003 3.6 0.8 3.2 11.200000000000001 2 0 1.2000000000000002 4.800000000000001 1.4000000000000001 1.6 0 0 1.6 16.400000000000002 11.200000000000001 6.6000000000000005 4.4 0 0 0 0 0.4 3.2 0 0 0 7.2 0 0 0 1.8 1.4000000000000001 0 0 0 0 0.2 0 0.2 0 0 0 0 0 0 0 0 0 0 0 0 0 0 0 0 0 0.2 0 0 0 0 0 0 0 0 0 0 0 0 0 0 0 0.4 0 0 0.4 0 0 0 0 0 0 0 0.8 0 0 0.4 0.4 0.6000000000000001 2.2 3.4000000000000004 0 0 0 0 0 0 0.2 0 0 0 0 0 0 0 0 0 0 0 0 0 0 0 0 2.8000000000000003 0 0 0 0 0 0 0 0 0 0 0 0 0 
 11.8 6.6000000000000005 41 28 14.4 9 28.6 14 46.6 37.800000000000004 69 27.8 119 77 60.2 7.2 34.800000000000004 23.400000000000002 0 38.6 0.2 0 0.4 0.6000000000000001 0.6000000000000001 0 0 0 0 0.4 0.6000000000000001 0.2 0 0 0.2 0 0 0 0.2 16.2 0 0 0 0 0.6000000000000001 0.4 0 0 1.2000000000000002 0 0 0 0 0 0 0 0 0 0 0 0.4 0 0 0.4 0 0 0 0 0 10.8 0 0 0 0 0 0.6000000000000001 0 0 0.6000000000000001 0 3 0 2.2 0.6000000000000001 0 0 6.800000000000001 3.6 7.800000000000001 2 2.6 7.2 5.800000000000001 2 2.2 2.8000000000000003 2.4000000000000004 2 4 1.8 3.8000000000000003 2.4000000000000004 0 0 0 0 0 0 0 0 0 0 2.8000000000000003 0.4 0 0 0 0 1.8 0 0 0 0 0 0 0 0 0 0.2 0 0 0.4 0 0 0 0 0 0 0 0 0 0 0 0 0 0 0 0 0 0 0.8 0 0 0 0 0 0 3.6 0 0 1.2000000000000002 5 2 2.4000000000000004 0.8 1.8 0.2 4.4 0.2 0 1.4000000000000001 8 4 0 2.2 1.6 2.2 0 0.8 11.4 0 0 0 0 0 0 0 0 0.2 0 0 0 0 0 0 0 0 0 0 0 0 0 3.6 0 0 0 0 0 0 0 0 0 7.2 0 0 0 0 0 0 0 0 0 0 0 0 0 0.2 0.4 0 0 0 0 0 0 0 0 0 0 0 0 0 0 0 0 0 0 0 0.6000000000000001 0.2 0.6000000000000001 0 0 0 0 0 0 0 0 0 0 0 0 0 0 0 0 0 0 0 0 0 0 0 0 0 0 0.2 0 0 0 0 0 0 0 0 0 0 0 0 0 
 18.8 63.400000000000006 22.8 56.2 16.400000000000002 12.200000000000001 10.600000000000001 36.2 16 25.6 16.6 6.800000000000001 24.200000000000003 18.8 87.4 17.2 17.6 102 38.6 0 0 0.4 0 0.8 1 0.2 0 0 0 0.4 0.6000000000000001 0 0 0 0 0 0.6000000000000001 0 0 0 0 12.4 0 0 0.6000000000000001 0.4 0 0.6000000000000001 1.4000000000000001 0 0 0.6000000000000001 0 0 0 0.6000000000000001 0.6000000000000001 0 0.4 0 0.4 0 0 0.4 0 0 0 0 0 0.6000000000000001 0 0.6000000000000001 0 0 0 0.6000000000000001 0 0 0.6000000000000001 0 4.800000000000001 1.8 3.8000000000000003 0 0 0 0 1.6 2.2 0 2.6 2.4000000000000004 0 0 7.2 7.4 2.2 0 1.6 0 0 0 0 0 0 0 0 0 0 0 0 0 0 0 0 0 0 0 0 0 0 0 0 0 0 0 0 0 0 0 0 0 0 2 0 0 0 0 0.4 0 0 0 0 0 0 0 0 0 0 0 0 0 0 0 0 0 0 0 0 0.2 8 6.6000000000000005 1.4000000000000001 1.4000000000000001 0 0 12.600000000000001 4 3.4000000000000004 3 9.600000000000001 2 2.8000000000000003 3.4000000000000004 1.6 0 2.8000000000000003 0 4.2 5.4 0 0 0 0 0 0 0 0 0 0 0 0 0 0 0.2 0 0 1.4000000000000001 0 0 0 0 0 0 0 0 0 0 0 0 0 0 0 0 0 0 0 0 0 0 0.4 0 0 0 0 0.6000000000000001 0 0 0 0 0 0 0 0 0 0 0 0 0 2.4000000000000004 0 4.800000000000001 0 0 0 0 0 0.4 1.6 0 0.6000000000000001 0.4 0 0 0 0 0 4.6000000000000005 0 0 0 0 0 6 0 0 0 0 0 0 0 0 0 0 0 0 2 0 0 0 0 0 0 0 0 0 0 0 0 0 
 0 0 0.8 0 6.4 1.6 0.2 0.4 0 0 0 0 0.6000000000000001 0 0 0 0 0.6000000000000001 0.2 0 0 37.6 32.800000000000004 12.200000000000001 26.200000000000003 4.800000000000001 52.400000000000006 34.6 24.8 25.6 62.800000000000004 9 76.4 30.200000000000003 9.200000000000001 82.60000000000001 6 7.800000000000001 39.800000000000004 43.6 0 0.6000000000000001 0.6000000000000001 0.4 0 0.6000000000000001 0 0 1.2000000000000002 0 0.6000000000000001 0 0 0 0.4 0 0 0.6000000000000001 0.4 0.6000000000000001 0 0.6000000000000001 0 0.6000000000000001 0 0 0 0 0.6000000000000001 0 0 0 1 0.6000000000000001 10.200000000000001 0.4 0 0 0 11.600000000000001 2.8000000000000003 0 0 0 0 0 0 0 0.4 0 0 0 0 0 0 0 0 0 0 0 2.6 2.4000000000000004 9.600000000000001 9.4 0 0 0.2 4 8 8 2.2 2.2 0 0 1 4.4 0.2 3.6 0.6000000000000001 4 0 0.4 0 0 0.2 0 0.4 0 0 0 0 0 0 0 0 0 0 0 4 4 0.2 0 0 0 0 0 0 0 0 0 0 0 0 0 4.6000000000000005 0 0.4 2.8000000000000003 0 0 0 0 0 0 0 0 1.2000000000000002 0 0 0 0 0 0 0 0 0 0 0 0.2 0 3.8000000000000003 9.200000000000001 3.6 4.6000000000000005 3.4000000000000004 0 9.8 3.6 5.6000000000000005 0.8 14 0 6.6000000000000005 0 4.6000000000000005 1.6 3 6.2 0 9.8 0 0 0 0 0 0 0 0.4 0 0 0.2 0 0 0 0 0 0.2 0 0 0.4 0 0 0.4 0 0 0 1 0 1.4000000000000001 0 0 0 0 0 0 0 0 0 0 0.2 0 0 2 0 0 0 0 0 0 0 0 0 0 0 2.4000000000000004 0 0.2 1.8 15.200000000000001 0 0 1.6 0 0 0 0 0 0 0 0 0 0 0 0 0 0 0 0 0 1.6 0 2.2 0 0 0 0 0 0 0 0 
 0.2 0 0.8 0 14.8 0 0 0 0.4 0 0 0.4 0 0.2 0 0 0 0.6000000000000001 0 0.4 37.6 0 84.2 59.2 16 20 14.600000000000001 31.200000000000003 72.8 6.6000000000000005 10.200000000000001 28.8 25.6 73 25.6 41 27.8 24.200000000000003 10.200000000000001 25.6 0 0.6000000000000001 0.6000000000000001 0 0 0 13.200000000000001 0 0.4 0 13 0 0 0 0.2 0 0 0.4 12.8 0.6000000000000001 0 0.6000000000000001 0 0.2 0 0 0 0 0.6000000000000001 0 0 0 2.2 0.6000000000000001 0 0.6000000000000001 0 0 0 0 0 0 0.2 0 0 0 0 0 0 0 1.8 0 0 0 0 0 0 0 0 0 0 0 13 6.800000000000001 3.6 0 0 2.4000000000000004 0 6 11.8 5.800000000000001 0 0 5.6000000000000005 0.6000000000000001 9.200000000000001 0 0 2.4000000000000004 0 0 0.2 0 0 0 0 1.6 0 0 0 0 5.800000000000001 0 0 0 0 0 9.600000000000001 9.8 0 0.8 0 0 0 0 0 0 0 0 0 0 0 0 0 0 0 0 0 0 0 0 0 0 0 0 0 0 0 0 0 0 0 0 0 0 0 4 0 0 2.6 1.2000000000000002 0.2 2.6 4 1.8 0.4 0.2 0 5 7 5.6000000000000005 0 0 6.6000000000000005 0 2.6 0 0 2.2 0.2 0 0 0 0 0 0 0 0 0 0 0 0 0 0 0.4 0 0 0 0.4 0 0 0 0 0.4 0.4 0 0 0 0 0 0 0 0 0.2 0 0 0 0 0 0 0 0 0 0 0 0 0 0 0 0 0 0 0 2.8000000000000003 0 0.8 20.200000000000003 0.2 0.2 0 0.2 0 0 0 0 0 0 0 0 0 0 0 0 0 0 0 0 0 0 0 2.6 0 0 0 3.4000000000000004 0 0 0 0 
 0 0 0.4 0 0 20.200000000000003 16.400000000000002 0 0 0 0 0.2 0.4 0 0 0 0 0 0.4 0 32.800000000000004 84.2 0 43.400000000000006 29.200000000000003 22.6 57.2 46.800000000000004 21.6 28.400000000000002 11 37.4 47.400000000000006 23.400000000000002 14.4 23.200000000000003 27.6 22.8 50.6 4 0 0.6000000000000001 0.6000000000000001 0.2 0 0 5.2 0 1.4000000000000001 0 0.6000000000000001 0 0 0 0.2 0 0 0.4 0 0.6000000000000001 1.4000000000000001 0.6000000000000001 0 0.4 0 0 0 0 0.6000000000000001 0 0 0 6.2 0.6000000000000001 6.4 0.6000000000000001 0 0 9.8 0 0.4 0 0 0.2 0 1.8 0 0 0 0 0 0 0 0 0 0 0 0 0 0 0 0.4 3.6 2 17.400000000000002 3.4000000000000004 0 7.6000000000000005 7.4 0 0.8 3 0 0 0 4.4 0.8 4.2 0 0 0 0 3.8000000000000003 0 0 3 18.6 2.2 0 0 0 0 3.4000000000000004 0 0 0 0.4 0 0 2.8000000000000003 0 0 0 0 0 0 0 0.2 0 0 0 0 0 0 1.4000000000000001 0 0 1.8 0 0 0.4 0 0 2.4000000000000004 0 0 0 0 0 0 0 0 0.4 0 0 0 0 1.2000000000000002 0 3.4000000000000004 1.8 2.2 0.6000000000000001 0.4 1.6 0.2 4.4 2.4000000000000004 2.6 2.4000000000000004 3.4000000000000004 21.400000000000002 0 0 0 6.800000000000001 2 2.2 0 0 0 0 0 0 0 0 0 0 2 0 0 0 0 0 0.2 2.2 0 0 6.2 0 0 0 0 0 0 0 0 0 0 0 0 0 0 0 0 0 0 0 0 0 0 0 0 0 0 0 0 0 0 0 0 0 0 0 5 0 0.4 8 16 0 2.4000000000000004 0 0 0 0 0 0 0 0 0 0 0 0 0 0 0 0 0 0 0 0 1.6 0 0 0 0 0 0 0 0 
 1 0.6000000000000001 0.8 1 0.6000000000000001 0.6000000000000001 26 0.6000000000000001 0.8 1 0.6000000000000001 0.6000000000000001 1.2000000000000002 0.6000000000000001 0.6000000000000001 0.6000000000000001 15.4 1.2000000000000002 0.6000000000000001 0.8 12.200000000000001 59.2 43.400000000000006 0 96.60000000000001 20.6 17.6 85.80000000000001 63.6 16.400000000000002 29.6 14.4 21.8 57 19.8 31 14.4 54.2 57.6 32 12.8 13.4 0.2 0.4 0 0 20.6 0 0.6000000000000001 0 0.4 0 12.200000000000001 11.200000000000001 12.4 0 0 13 4.4 0.6000000000000001 0 0 6.6000000000000005 0 0 0 0 0.8 0 0 0 1.4000000000000001 0 0.4 0.2 0.6000000000000001 0 2.2 0 0 0 0 0 0 0 0 0 0 0 0 0 0 0 0 2.6 0 0 0 0.2 0 0 0 3.8000000000000003 2 6.800000000000001 3 0 2.8000000000000003 4.4 2.8000000000000003 2.2 6.4 0 0 2.8000000000000003 4.6000000000000005 7 0 0 0.2 0 5.800000000000001 4.6000000000000005 0 0 0 5.2 6.6000000000000005 0 0 0.4 0 8 0 0 4.2 0 0 2.6 5.800000000000001 0 0.8 0 0 0 0 0 0 0 0 0 0 0 0 0 0 0 0 0 0 0 3.8000000000000003 0 2.8000000000000003 0 0 0 0.8 0 0 0 0 0 0 0 0 0 1.8 0 0 0 12.4 0 3.8000000000000003 11.200000000000001 7.2 3 11 11.8 0 2.6 8.4 0 0 0.2 0 4 0 0 0.2 0 4 0 0 0 0 0 0.6000000000000001 2 0 0 0 0 0.2 0 2 0 0 5 0 0 0 0 0 0 0 0.2 0 0 0 0 0 0 0 0 0 0 0 0 0 0 0 2 0 0 0 0 0 0 0 0 0 0 0 1.8 0.2 0.2 16 15.4 0.4 0.2 0.4 0 0 0 0 0 0 0 0 0 0 0 0 0 0 0.4 0 0 0 0 1.8 0 0 0.4 0.2 0 0 0 0 
 1.6 0.6000000000000001 8 0.6000000000000001 0.6000000000000001 1.2000000000000002 1 0.6000000000000001 0.6000000000000001 0.6000000000000001 0.6000000000000001 1 1.2000000000000002 1 1.8 0.6000000000000001 0.6000000000000001 0.6000000000000001 0.6000000000000001 1 26.200000000000003 16 29.200000000000003 96.60000000000001 0 31.8 8.8 120 31.6 35.800000000000004 32.4 20.6 74.4 13 28.400000000000002 102.60000000000001 10 20.200000000000003 9.4 15.4 18.8 25.6 46.2 0.2 0 0 12.4 6.800000000000001 0.4 0 0.6000000000000001 0 0 12.200000000000001 28.400000000000002 11.200000000000001 0 0.6000000000000001 0.2 0.6000000000000001 0 0.6000000000000001 0 0.4 0 0 0 0 0.6000000000000001 0 0 0 0 0.6000000000000001 0 0.6000000000000001 0 0.4 0 0 0 0 0 0 0 0 0 0 0 0 0 0 0.2 0 0 0 0 0 0 0 0 0 1.4000000000000001 0 5.4 0 0 2.2 4.2 0 5 7.2 0 0 3 0 15 1.2000000000000002 0 0 0.2 7.4 1.8 0 0 0.8 10.600000000000001 2.8000000000000003 0 2.2 0 2.4000000000000004 5.6000000000000005 0 6.800000000000001 1.8 3.4000000000000004 2.4000000000000004 2.8000000000000003 5 0 0.2 0 0 0 0 0 0 0 0 0 0 0 0 0 0 0 0 0 0 0 0 0.2 0 0 0 0 4.800000000000001 0 0 0 0 0 1.4000000000000001 0 0 0 0.4 0 0 0 8.200000000000001 0 0.2 3.6 0 2.8000000000000003 1.8 4.4 1.2000000000000002 2.6 7.4 0 0 2.4000000000000004 0 14 2.6 0 0 2.4000000000000004 7 0.4 0.4 0 0 5.2 4 0 0 1.2000000000000002 4.2 2 3.8000000000000003 0 0 2.4000000000000004 2.2 4 0 0 0 0 0 0 0 0 0 0 0 0 0 0 0 0 0 0.2 0 0 0 0 0 3.4000000000000004 0 0 0 0 0 0 0 0 0 0 0 1.4000000000000001 0 0.2 7.800000000000001 17.2 0 1.8 0 0 0 0 0 0 0 0 0 0 0 0 0 0 0 0 0 0 0 0 2.8000000000000003 0 0 0 4.6000000000000005 0 0 0 0 
 0.2 0 0 0 0 0 0 0 14.8 0 41.800000000000004 0 0 0 0 0.2 0 0 0 0.2 4.800000000000001 20 22.6 20.6 31.8 0 25 10.200000000000001 26.400000000000002 8.200000000000001 23.200000000000003 26.400000000000002 49.800000000000004 13.200000000000001 20.6 27.8 23.6 24.8 10.4 7.800000000000001 0 25.6 0.6000000000000001 0 0 0 20.200000000000003 0 13 0 13.200000000000001 0 0.2 13 1.2000000000000002 12.4 12.4 7.4 47.400000000000006 13.4 0 0.6000000000000001 0 0.8 0 0 0 1 1.4000000000000001 0 0 0 0 0.6000000000000001 0.2 1.4000000000000001 0 0 0 0 0 0 0 0 0 0 0 0.4 0 0 0.4 0 0 0 0 2 0 0 0 0 0 3.2 1.2000000000000002 0 0 2.2 0 0 0 0.2 4.800000000000001 4.2 0 0 0 2.2 0 0 0 0 4.4 0 3 10 0.2 0 4.2 1.4000000000000001 1.8 2.4000000000000004 3 2.4000000000000004 0 9.8 0.8 6.6000000000000005 5.2 2.4000000000000004 6 0 0 0 0 1.6 0 0 0 0 0 0 0 0 0.4 0 0 0 0 0 0 0 0 0 0 0 0 0.4 0 0.2 0 0 0.4 3.6 0 0.2 0 0 0 0 0 0 0 0 0 0 8 6.4 0 0.2 0 2 3.2 0 0 0 0 0 0 2.4000000000000004 0 0 1.4000000000000001 3.8000000000000003 2.2 1.6 0.6000000000000001 0 2.8000000000000003 4.800000000000001 3.2 5.800000000000001 2.4000000000000004 4 0.2 4.800000000000001 0 5 7.6000000000000005 0 2 4.4 0 0 0 0 0 0 0 0.2 0 0 0 0 0.4 0 0 0 0 0 0 0 0 0 2.6 0 0 0 0 0 0 0 0 0 0 0 0.8 0.4 0.4 14.600000000000001 1.2000000000000002 0.2 0.2 0.2 0 0 0 0 0 0 0 0 3 0 0 0 0 0 0 0.4 0 0 0 0 0 0 0 5 0 0 0 0 
 0 0 0 0.2 18.2 20.200000000000003 0.4 0 0.2 0 16 4.2 4.2 0 0 6.800000000000001 0.4 0.4 0 0 52.400000000000006 14.600000000000001 57.2 17.6 8.8 25 0 12.200000000000001 66.2 11.200000000000001 5 6.6000000000000005 86.80000000000001 24.8 30 6 5.800000000000001 47 11.200000000000001 25 0 0.6000000000000001 0.6000000000000001 12.200000000000001 0 0 0 0 0.4 0 0.6000000000000001 0 0 0 0.2 0 0 0.4 0.6000000000000001 0.6000000000000001 0 0.6000000000000001 0 0.2 0 0 0.8 0 0.6000000000000001 0 0 0 0 0.6000000000000001 2.8000000000000003 0.6000000000000001 0.4 0 9.4 0 0 0 0 0 3.4000000000000004 1.6 0 0 0 2.8000000000000003 0 0 0 0 0 2.6 0 2.6 0 0 5.4 7.6000000000000005 0.6000000000000001 0 0 0 4 1 4 6.6000000000000005 0 0 0.2 2.4000000000000004 5.6000000000000005 3 0 8.4 9.8 5 0 0 0 0 0 2.2 0 2.2 0 0 0 0 0 0 0 0 0 0 0 0 0 0.4 0 0 0 0 0 0 0 0 0 0 0 0 0 0 0 0 0 0 0 0 0 1 0.2 0 0.2 1.6 0 0 2.4000000000000004 0 0 0 0 2.2 0 1.6 0 0 5.6000000000000005 2.8000000000000003 0.4 0 0 0 10.4 7.4 0 3.2 0 2 8.4 13.200000000000001 5.800000000000001 3 2.4000000000000004 0.8 5.800000000000001 3 0 0 0 0 0 0 0 0 0 0.2 0 0 0 0 0 0 0 0 0.2 0 0 0 0 0 0 0 0 0 0 0 0 0 0 0 0 0 0 0 0 0 0 0 0 0 0 0.4 7 0 0 0 0 0 0 0 1.2000000000000002 0 0 0 0 0 0.4 0 3.4000000000000004 0 0 0 1.8 0 0 0 0 0 0 0 0 0.8 0 0 0 0 0 0 0 0 0 0 0 0 0 0 
 0 0 0.8 0.2 14.8 29.8 0 0 0 0 0.4 3.2 0 0.4 0.2 0 1.2000000000000002 0.6000000000000001 0 0 34.6 31.200000000000003 46.800000000000004 85.80000000000001 120 10.200000000000001 12.200000000000001 0 78.60000000000001 73.2 7.6000000000000005 50 54.400000000000006 35.800000000000004 37 38.800000000000004 93 56.2 82.2 26.8 0 0.6000000000000001 0.8 0.2 0 0 0 0 0.4 0 0.6000000000000001 0 0 0 0.4 0 0 0.6000000000000001 1.6 0.6000000000000001 1 0.6000000000000001 0 0.6000000000000001 0 0 0 0 0.8 0 0 0.6000000000000001 0.2 0.6000000000000001 0 0.4 0 0 0 0 0 0 0 0 0 1.8 0 0 0 0 0 1.4000000000000001 0 0 0 0 0 0 0 0 0.2 3.2 4 0.6000000000000001 2.6 4.4 2.2 9.4 4.6000000000000005 6 1.2000000000000002 3.4000000000000004 1.6 2 0 3.4000000000000004 2.8000000000000003 0 0 0 1.4000000000000001 0 0 0 0 0 2 3.6 0 0 0 0 0.2 0 0 0 0 0 0 2.2 0 0 0 0 0 0 0 0 0 0 0 0 0 0 1 0 0 0.6000000000000001 0 0 0 0 0.2 1 0 1.6 0 0.2 0 0 0.2 0 0 0 0 0 0 0.8 0 0 3.2 3.4000000000000004 2.2 2.4000000000000004 0 0 5.800000000000001 3.8000000000000003 5.800000000000001 3.2 2.2 4 0 0.2 3.8000000000000003 5.6000000000000005 2.6 0.2 2.8000000000000003 0 0 0 0 0 0 0 0 0 0 0 0 0 0 0 0 0 0 0 1.6 0.6000000000000001 0 0.4 0 0 0 0 0 0 0.2 0 0 0 0 0 0 0 0 0 0 0 0 0 2.8000000000000003 0 0 0 0 0 0 0 0 0 0 0 1.2000000000000002 0.4 0 0.2 0.4 0 0.2 0 0 0 0 0 0 0 0 0 0 0 0 0 0 5 0 0.2 0 0 0 2.6 0 0 0 0 0.6000000000000001 0 0 0 
 0.4 0 0 0 0 0 0.6000000000000001 0 0 0 0 0 6.6000000000000005 0 0 0 0.2 0.4 0 0 24.8 72.8 21.6 63.6 31.6 26.400000000000002 66.2 78.60000000000001 0 128.4 11 18.2 81 32.2 29.8 42.800000000000004 29.6 4.800000000000001 32.6 29.8 0 0.6000000000000001 0.6000000000000001 0 0 0.4 3.8000000000000003 0 0.4 0 0.6000000000000001 0.4 0 0.2 0.8 0 0 1.2000000000000002 2.6 0.6000000000000001 0 0.6000000000000001 0 0.6000000000000001 0 0.4 0 1 1.6 0 0.4 0.6000000000000001 1.8 0.6000000000000001 0 1.4000000000000001 0.6000000000000001 0.6000000000000001 0 0 0 0 0 0 0 0 0 0 0 0 0 0 0 0 0 0 0 0 0 0 0.2 2.2 5.2 5.6000000000000005 7 3.4000000000000004 0 3.8000000000000003 0.2 9 4.800000000000001 4.2 0 0 2.2 3.6 4 0 0 0 0 0 3.4000000000000004 0 0 0 0 0.6000000000000001 0 0 0 0 6.4 0 0 0 0 0 6 6 0 0.8 0 0 0 0 0 0 0 0 0 0 0 0 0 0 0 0 0 0 0 0 0 1.2000000000000002 0 0 0 0.6000000000000001 0 0 0 0 0 0 0 0 0 0.6000000000000001 0 0 0 2.6 0 2.4000000000000004 1.8 1 7.2 3 7.6000000000000005 3 6.800000000000001 3.2 0 0.2 3.2 2.4000000000000004 4.6000000000000005 0 0 0 0.6000000000000001 0 0 0 0 0 0 0 2 0 0 0 0 0 0 2.2 0 0 2.8000000000000003 2 0 0 0 0 0 0 0 0 0 0 0 0 0 0 0 0 1.2000000000000002 0 0 0 0 0 0 0 0 0 0 0 0 0 0 0 0 0 1.2000000000000002 0 0 37.2 0.2 0.4 0.4 0 0 0 0 0 0 0 0 0 0 0 0 0 0 0 0 0 0 0 0 1.2000000000000002 0 0 0 0 0 0 0 0 
 0.4 0.4 0.4 0.4 0.8 3.8000000000000003 1.2000000000000002 0.4 0.4 0.4 1 0.4 0.6000000000000001 0.4 0.4 0.4 0.4 0.8 0.4 0.4 25.6 6.6000000000000005 28.400000000000002 16.400000000000002 35.800000000000004 8.200000000000001 11.200000000000001 73.2 128.4 0 93.4 24.8 37.4 90.4 25 37.2 14.8 10 13.600000000000001 59.2 0 0.6000000000000001 0.6000000000000001 0.4 13 0 0 0.4 4.6000000000000005 0 0.6000000000000001 0 0 0 0.2 0 0 0.4 13.600000000000001 0.6000000000000001 0 0.6000000000000001 0 0.2 0 1.2000000000000002 0 0 0.6000000000000001 0 5.6000000000000005 0 0.8 0.6000000000000001 0 0.6000000000000001 0 0 0 0 0 0 0 0 0 0 0 0 0 0 0 0 0 0 0 0 0 0 0 0 9.200000000000001 5.2 0 5.4 1.6 0 2 8.4 9.600000000000001 5.4 2.2 1.8 0 4 6.800000000000001 2.4000000000000004 0 1.4000000000000001 7.6000000000000005 3.8000000000000003 0 0 0 0 0 0 0 0 0 0 0 0 0 2.6 0 0 0 0 3.6 3.6 0.4 0 0 0 0 0 0 0 0 0 0 0 0 0 1 0 0 2 0 0 0 0 0 0 0 0 1.2000000000000002 0 0 0 0 0 0 0 0 0 0 0 0.4 0 0 5.800000000000001 1.8 8.200000000000001 4 4.6000000000000005 9.4 3.6 4.2 0 11 0 6.6000000000000005 3.2 2.6 4 1.8 3 2.4000000000000004 2 3.6 0 0 0 0 0 0 0 0 0 0 0 3 0 0 0 0.4 0 0 0 0 0 0.2 0 0 0 0 0 0 0 0 0 0 0 0 0 0 0 0 0 0 0 4.2 0 0 0 0 0 0 0 0 0 0 0 1.4000000000000001 0 0.4 0.2 19.6 0.4 0.6000000000000001 1.4000000000000001 0 0 0 0 0 0 0 0 0 0 0 6.800000000000001 0 0 0 0 0 0 0 1.6 0 0 0 0 0 0 0 0 
 0.8 0.4 0.4 0.4 0.4 0.8 0.4 0.4 0.4 0.4 0.4 0.4 0.4 0.4 0.6000000000000001 0.4 0.4 0.4 0.6000000000000001 0.6000000000000001 62.800000000000004 10.200000000000001 11 29.6 32.4 23.200000000000003 5 7.6000000000000005 11 93.4 0 12.4 113.2 50.2 9.8 50.400000000000006 32.800000000000004 11.8 9.200000000000001 8.8 12.4 14.600000000000001 1 0.2 0 0 6 0.2 0.6000000000000001 0 0.6000000000000001 12.200000000000001 12.200000000000001 13.200000000000001 13.4 0 0 0.6000000000000001 11.600000000000001 13.4 0 0.6000000000000001 0 0.6000000000000001 0.4 0 0 0 0.6000000000000001 0 0 0 1 0.6000000000000001 0 0.4 0 11.600000000000001 0 0 0 0.4 0 0 0 0 0 0 0 0 0 0 0 0 0 0 0 0 0 0 0.4 0 0 0 5.6000000000000005 4.4 0 2.8000000000000003 2.4000000000000004 0 6.2 7.800000000000001 0 0 0 0 0 1.4000000000000001 0 0.4 4.2 3.4000000000000004 4.4 0 0 0 3.2 0 0 0 0 0 0 2.4000000000000004 4.6000000000000005 3 3.8000000000000003 7 1.8 0 0 0 0 0 0 0.4 0 0 0 0 0 0 0 0 0 0.4 0 0 0.2 0 0 0 0 0 0 0 0 0 0 0 0 0 0 1 0 0 0 0 0 0 0 2.4000000000000004 0 0 4 4.4 2.2 3.6 5.6000000000000005 1.2000000000000002 3 2.8000000000000003 0 0 1.8 0 0.6000000000000001 7 0 0 7.6000000000000005 1.6 2.8000000000000003 0 0 0 0 7 2.4000000000000004 2.8000000000000003 2 0 3.2 4.4 0.6000000000000001 5.6000000000000005 5.4 2.4000000000000004 4 0 0 0 0.8 0 0 0 0 0 0 0 0 0 0 0 0 0 0 0 0 0 0 0 3.2 0 0 0 0 0 0 0 0 0.2 0 0 2.4000000000000004 0 0.4 0.4 0.6000000000000001 0.2 0.6000000000000001 0 0 0 0 0 0 0 0 0 0 0 0 0 0 0 0 0 0 0 0 0 0 0.4 0 0 0 0 0 0 
