 0 69.2 16 18 6.2 10.4 32.4 22 29.200000000000003 68.2 31.8 10.4 12.600000000000001 28.6 103.2 13.600000000000001 6.4 21 8.6 106.60000000000001 0 0 0 0 0 0.4 0 0 0 0.4 0 0.2 0 0 0.4 0 0 0.2 0 0 0.2 0 0 0 0 0 0 0 0.6000000000000001 0.4 0.4 0 0 0 0 0 0 0 6.2 0 0.2 0 0.4 0.4 0 0 0 0 0 0 0.4 2.6 0 0 0 0 0.6000000000000001 0.4 1.2000000000000002 0 4 0 2.6 8.4 0 0 9 13.4 8.4 1.6 2.8000000000000003 2.2 1.8 1 6.800000000000001 12.600000000000001 0.2 0 2.2 3.2 0 0 0 0 0 0 0 0 0 0 0 0 0.2 0 0 0 0 0 0 0 0 0 0 0 0 0 0 0 0 0 0 0 0 0 0 0 0 0.4 0.2 0 0 0 0 0.2 0 0 0 0 0 0 0 0 0 0 0 0 0 0 0 0 1.8 1 2.8000000000000003 0.2 0.4 0 10.600000000000001 5 4 2 3 3.8000000000000003 0.2 5.6000000000000005 6 2.2 0 2.2 9.200000000000001 10.4 0 0 0 0.2 0 0 0 0 0 0 0 0 0 0 0 0 0 0 0 0 0.2 0 0 0 0 0.2 0 0 3.4000000000000004 0 0 0 0 0 2.4000000000000004 0 0 0 0 0 0 0 0 0 0 0 0 0 0 0 0 0 0 0 0 0 0 0 0 0.2 0 0 0 0 0.2 0 0.4 0 0.4 0 0 3.4000000000000004 0 0 0 0 0 0 0 0 0 0 0 0 0 0 0.2 0 0 0 0 0 0 0 0 0 0 0 0 0 0 0 0 0 0 0.2 0 0 0 0 
 69.2 0 24.200000000000003 59.2 9.600000000000001 24.8 29.200000000000003 80.4 50.400000000000006 102 24.400000000000002 34 72.60000000000001 43.800000000000004 80.2 29 65.8 67 25.8 25.8 0.2 0.4 0 0 0 0.2 8.200000000000001 0 0 0.4 0.2 0 8 0 0.4 0 0 0 9.4 0.4 0.4 0 0.8 0 0 0 2 0 0.6000000000000001 1.2000000000000002 0.4 0 0 0 0 0.8 0 0 0 0 0 0 0 0.6000000000000001 0.4 0 0 0 0.4 0 0.4 1.6 1.2000000000000002 0 0 1.2000000000000002 0.6000000000000001 0 0 0 0.2 3 5.800000000000001 6 9 4.2 2.8000000000000003 0 5.4 1.8 6.2 8.6 2.8000000000000003 5.6000000000000005 0 3.8000000000000003 2.6 1.6 0.8 0 0.2 0 0 0 0 0 0 0 0 0.6000000000000001 0 0 0 4 0 0 0 0 3.4000000000000004 0.2 0.2 0.4 0 0 0 0 0 0 0 0 0 0.4 0 0 0 0 0 0 0 0 0 0 0 0 0 0 0 0 0 0 0 0 0 0.2 0 0 0 0 0 0 0 3.2 5 2.6 0 3.6 0 11.600000000000001 1.8 5.800000000000001 11.8 7 2 0 0.4 0 10.8 0 0 0 0.2 0 0 0 0 0 0 0 0 0 0 0 3.4000000000000004 0 2.2 0 0 0 2.2 0 0 0.2 0 0 0 0 0 0 0 0 0 0 0 0 0 0 0 0.4 0 0 0 0.2 0 0 0 0 0 0 0 0 0 0 0 0 0 0 0 0 0 0 0 2.4000000000000004 0 0 0 0.8 0.6000000000000001 0 0.4 0 0 3 0 0 0 0.2 0 0 0 0 0.4 0 0 0.2 0 0 0 0 0 0 0 0.2 0 0 0 0 2 0 0 0 0 0 0 0 0 0 0 0 0 0 
 16 24.200000000000003 0 31 28.6 27 45.2 80.60000000000001 58.800000000000004 60 54.2 7.6000000000000005 31 24.400000000000002 28 62.2 32.800000000000004 11.200000000000001 22.200000000000003 53.2 0.6000000000000001 17.6 0.4 0.2 0 1.2000000000000002 0.8 0 0 15.200000000000001 0.4 0.2 0.4 0 0.8 0.4 0.4 0 0 0.4 0.4 0 0.4 0 0.4 0 2.2 0 8 1.2000000000000002 0.4 0 0 0.4 0.4 0 0.4 0 0.8 0.6000000000000001 0 0 0 0.6000000000000001 0 0 0 4.4 0 0.2 0.8 0.2 0 0 0 0 0.6000000000000001 0 0.4 0.2 1 3.4000000000000004 5.800000000000001 8.6 6.800000000000001 2.2 3.2 3.2 4.4 7 1 6 0 3.4000000000000004 7.6000000000000005 3.8000000000000003 5.6000000000000005 10.600000000000001 4.6000000000000005 0 0 0 0 0 0 0 2.2 2.4000000000000004 0 0 0 0 1.8 0 0.4 0 0 0 2.4000000000000004 1.8 0 0 0 3 0 0 0 0 0 0 0 0 0 0 0 0 0 0 0 0 0 0 0 0 0 0 0 0 0 0 0 0 0 0 0 0 0 0 0 0 1 0 0 0 1.6 0 0 6.800000000000001 2.2 3.6 8.4 3.4000000000000004 0 0 0 2.4000000000000004 2.8000000000000003 4.6000000000000005 1.6 0.6000000000000001 0.2 0 0 0 0 0 3.2 0 0 0 0 0 2.4000000000000004 0 5 0 0 0 0 2 0 0 0 0 0 0 0 5.800000000000001 0 0 0 0 0 0 0 0 0 6.6000000000000005 0 0 0 0 0 0 0 0 0 0 0 0 0 0 0 0 0 0 0 0 0 0 0 3.6 0 0 0 0.2 0.6000000000000001 0.4 0 0 2.2 2.2 0 0 0 0 0 0.2 0 0 0 0 3.4000000000000004 0 0 0 0 0 0 0 0 0 0 0 0 0 0 0 0 0 0 0 0 0 0 0 0 0 0 0 
 18 59.2 31 0 99.60000000000001 66.8 10.4 52.400000000000006 31.6 18.6 14.200000000000001 11.8 20.6 17.8 13.4 44.6 14.8 38.400000000000006 25.6 34.2 4.4 15.200000000000001 0 0 0 0 30.8 0 0 0.4 0.6000000000000001 0 31 39 0.4 0.4 0 0 21.6 15.600000000000001 0.4 0 0 0 0 0 1 0 0.6000000000000001 0 0.4 0 0 0.2 0 0 0 0 0 0.4 0 0 0 1 0 0 0 0 0 0 0.4 0 0 0.8 0 0 0.6000000000000001 0 0 0 3.6 2.8000000000000003 0 0 0 3.6 0 0 5.2 6.4 0 6.6000000000000005 0 0 0 0 1.2000000000000002 10.4 0 0 5.6000000000000005 0.4 0 0 0 0 8.200000000000001 0 3.2 2.6 0 0 2.4000000000000004 9.4 0 3.2 6.2 0 11.8 11.8 0 0 0 0 0 0 0 0 0 0 0 0 0 0 0 0 0 0 0 0 0 0 0 0 0 1.2000000000000002 3 0 0 0 0 0 0 0 0 0.8 0 0 1 0 0 0 0 2.2 4.2 0 0 3.4000000000000004 0.8 0 0 1 0 0 1.4000000000000001 0 3 3.4000000000000004 0 0 7.800000000000001 0 0 0 0.2 0 0.4 0.4 0.4 0 3 2.4000000000000004 2.2 1.6 5.4 0 0 3 6 4.6000000000000005 0 0 0 0 0 0 0 0 0 0 0 0 0 0 0 0 0 0 0 2.4000000000000004 0 0 0 0 0.2 0 0 0 0.4 0.2 0 0 0 0 0 0 0 0 0 0 0 3.4000000000000004 0 0 0 0.4 9 0 5.2 29.200000000000003 0 2.2 0 0 0 0 0 0 0 0 0 0 3.2 0 0 0 0 0 0 1.2000000000000002 0 0 0 1.2000000000000002 0 0 0.2 0 0 0 0 0 0 0 0 0 0 0 0 0 
 6.2 9.600000000000001 28.6 99.60000000000001 0 88.4 49.6 33.2 34.4 16.8 65.2 52 39.400000000000006 29 17 17.6 13.8 10.4 8.8 64.2 0.2 0 0 0 42.2 0.4 11.8 14.600000000000001 0 0.4 0 1.2000000000000002 34 3.6 0.8 0 0 0 0 0 0 0 0 0 12.600000000000001 0 0 0 0.6000000000000001 0 0.4 0 0 0.2 0 0 0 0 0 0 0 0 0.2 0.6000000000000001 0 0 0 0 0 0 0.4 0 0 0.8 0 0 0.6000000000000001 0 0 0 2.2 2.2 0.4 0 0 5 0 0 0 0 2.4000000000000004 10.8 1.2000000000000002 5 1 2.6 1 2.8000000000000003 0 0 0 5.4 0 0.2 0 0.4 0 0.2 0 3 1.2000000000000002 0.2 2.8000000000000003 2.8000000000000003 0 0 0 0 5.6000000000000005 0 0 0 0 1.6 0.4 0 0 0 0 0 0 0 0 0 0 0 0 0 0.4 0 0 0 0 0.4 0 0 0 0 0 0 0 0 0 0 0 0 0.4 0 0 0 0 0 0 0 0 2.8000000000000003 0 6.2 0 3.4000000000000004 0 0 0 0 1 0 4 0 0 0.4 2 0 1.4000000000000001 0 0 0 10 1.8 3 0 6 0 0 0 2.6 2 0 0 2 0 0.2 0 0 0 5 0 0 0.2 0.4 0 0.4 0 0 0 0 0 0 0 0 0 1.6 0 2.8000000000000003 0 0 0 0 0 0 0 0 0 0 0 0 0 0 0 0 0 0 0 2.4000000000000004 0 0.2 0.4 0.4 0.2 1 0.4 3.8000000000000003 1.8 0 0 0 0 0 0 0 0 0 0 0 0 0 0 0.4 0 0 0 0 0 0 0 0 0 0 0 0 0 0 0 0 0 0 0 1.8 0 0 0 
 10.4 24.8 27 66.8 88.4 0 9.8 8.200000000000001 23 37 31.6 30.200000000000003 4.4 7.6000000000000005 33.800000000000004 32.800000000000004 28.6 53.2 28.400000000000002 10.600000000000001 0.2 0 0 0 0.2 0.2 0 0.2 0.2 0.4 0 0 3.4000000000000004 3.2 0.4 0 0 0 30.400000000000002 15.600000000000001 0 0 0 0 0 0 0.6000000000000001 0 0.6000000000000001 0 0.6000000000000001 0 0 0 0 0 0 0 0 13.200000000000001 0.2 0 0.6000000000000001 0.4 0 0 0 0 0 0 0.4 0 0.2 0 0 0 0.6000000000000001 0 0 0 0 2.6 3 0 1 8.6 0 0 3.2 0.2 7 2.8000000000000003 2.6 0 2 0 1.4000000000000001 10.4 0 4.4 0 0 0 0 0 0 3.2 0 3.2 0 0 0 4.4 8.6 3.4000000000000004 0.2 0.4 0 5.800000000000001 2.2 0 0 0 0 0 0 0 0 0 0 0 0 0 0 0 0 0 0 0 0 0 0 0 0 0 2 1 0 0 0 0 0 0 0 0 0.4 0 0 0 0 0 7 2 0 4.6000000000000005 7 0 7.6000000000000005 1.8 2.8000000000000003 3.8000000000000003 2.6 0 0 0 3.6 0.2 2.4000000000000004 0 0 3.6 0 0 0 0.4 0 1.8 2 0 0 0 0 5.4 0.2 4.4 0 0 3.4000000000000004 12.600000000000001 0.6000000000000001 0 0 0 0 0 0 0 1.4000000000000001 0 0 0 0 0 0 0 0 0 0 0 0 0 0 0 0 0.4 0 0 0 0.2 0.4 0 0 0 0 0 0 0 0 0 0 0 0 0 0 0 0.2 43.800000000000004 0 0.4 18.2 0 1.6 0 0 0 0 0 0 0 0 0 0 3.8000000000000003 0 0 0 0 0 0 0 0 0 0 0 0 3.6 4 0 0 0 0 0 0 0 0 0 0 0 0 0 
 32.4 29.200000000000003 45.2 10.4 49.6 9.8 0 9.8 8 8.8 63.400000000000006 7.2 13.600000000000001 25.200000000000003 56 7.2 7 52.2 18 27 0.4 3.8000000000000003 0 0 0 0.4 0.8 0 0 0.4 0 0.6000000000000001 0.6000000000000001 0 0.4 0 0.2 0.4 0 0 0 0 0 0 0 0 0 0.6000000000000001 1.2000000000000002 0.4 0.4 0 0 0 0 0 0 0 0 0 0.2 0 0.4 0.4 0 0.6000000000000001 0 0.4 0 0 0.4 0 0.2 0 0 0 0.8 0 0.6000000000000001 0 7.6000000000000005 0 0 4.800000000000001 0 0.2 5.6000000000000005 3.2 2.4000000000000004 0 0 0 9.8 0 1.4000000000000001 6.800000000000001 0 0 5.800000000000001 6 0 0 0 0 0 0 0 0 0 0 0 0 0 0 0 0 3.2 0 0 2.2 0 0 0 0 0 0 0 0 1.8 0 0 0 0 0 0 0 0 0 0 0 0 0 0 0 0 0 0 0 0 0 0 0 0 0 0 0 0 0 0 0 2.6 3 3.4000000000000004 7.6000000000000005 0 0 5.800000000000001 1.2000000000000002 1.8 0 4.2 0 5 4.2 2.8000000000000003 7.2 4.4 2.8000000000000003 8 4.6000000000000005 0 0 0 0 0.4 0 0 1.2000000000000002 0 0 0 0 0 0 0 0 0 0 0 2.6 0 0 0 0 0 0 0 3.2 0 0 0 0 0 0 0 0 0 0 0 0 0 0 0 0 0 0 0 0 0.2 0.4 0 0 0 3.8000000000000003 0 0.2 0 0 0 0 0 0 0 0 0 0 0 0 0 0 0 1.6 0 0 0 0 0 0 0 0 0 0 0 0 0 0 0 0 0 0 0 0 0 0 0 0 0.6000000000000001 0 0 0 0 0 0 0 0 0 0 0 0 0 
 22 80.4 80.60000000000001 52.400000000000006 33.2 8.200000000000001 9.8 0 31.8 43.2 8.200000000000001 66.8 41.6 48.6 16 33 47 22 20.8 26.400000000000002 0.2 0 0 0 0 0.2 0 0 0 0.4 0 0.4 2 0 0.4 0 0 0 0.4 0.4 0.2 0 0 0 0 0 2.4000000000000004 0 0.6000000000000001 0 0.4 0 0 0 12.600000000000001 0 0 0 0 0 0 0 0.2 0.6000000000000001 8.8 0 0 0.8 0 0 0.4 0.4 0 0 0 0 0.6000000000000001 0 0 0 2 4.2 4.6000000000000005 8 10.600000000000001 1.4000000000000001 2.6 5.4 5.6000000000000005 5 2 8.8 0 4.2 5.2 5.800000000000001 9.200000000000001 1.6 0 0 0 0 0 0 0 0 0 2 0 0 2.4000000000000004 0 5.6000000000000005 0 0 0 0 2.4000000000000004 0 0 0 0 0 0 0 0 0 0 0 0 0 2.4000000000000004 0 0 0 0 0 0 0 0 0 0 0 0 0 0 0 0 0 0 0 0 0 1.6 0 0 0 0 0 0 2.8000000000000003 0 4.6000000000000005 0.4 1.4000000000000001 2.2 0 9.600000000000001 4.4 7.6000000000000005 4.6000000000000005 14 0 0 0 2 1.8 0 0.6000000000000001 0 0 0 0 0 6 0 3 0 0 0 0 0 5.4 0 7.4 0 0 0 3.2 0 0 0 0 0 0 0 0 0 0 0 0 0 3.4000000000000004 0 0 0 0 1.6 0 0 0 0 0 0 0.4 0 0 0 0.2 0.4 0 0 0 0 0 0 0 0 0 0 0 2.8000000000000003 0 0 0 0 0.4 0 0.4 0.4 2 0.4 0 0 0 0 0 0 0 0 0 0 0.6000000000000001 0 0 0 0 0 0 0 0 0 0 0 0 0 0.2 0 0 0 0 0 0 0 0 0 0 0 0 0 
 29.200000000000003 50.400000000000006 58.800000000000004 31.6 34.4 23 8 31.8 0 36.2 40.2 32.800000000000004 14.4 39.400000000000006 39.6 31.8 47.6 25.8 29 9.8 0 0 0.4 0 0 0.2 0 0 0 0.4 0.4 0 2.4000000000000004 0 0.4 0.2 0 0 14.8 0 0 0.6000000000000001 0 0 0 0 1 0 1.2000000000000002 0 0.4 0 0.6000000000000001 0.6000000000000001 0 0 0 0 0 0 0 0 0.2 0.8 0.4 0 0 1.4000000000000001 0.4 0 0.6000000000000001 0 0 0 0 0 0.6000000000000001 0 0.4 0.6000000000000001 2.6 1.8 13.8 0 4.4 4.800000000000001 2.2 4.4 0 7.4 6.2 4.800000000000001 3.6 4.2 4.6000000000000005 5.800000000000001 5.800000000000001 5.6000000000000005 0.2 0.2 0 0 0 0 0 0 0 3 0 0 0 0 3.6 7.800000000000001 0.2 0 0.2 0 0 0 3.2 0 0 0 0 0 0 0 0 0 0 0 0 0 0 0 0 0 0.2 0 0 0 0 0 0 0 0 0 0 0 0 0 0 0 0 0 0 0 0 0 2 2 5.6000000000000005 2.6 1.4000000000000001 0 0 8.4 3 4.2 0 2.2 0.2 2.4000000000000004 2.2 3.8000000000000003 2.8000000000000003 0 0 4.2 0 0 0 0 0 0 3.4000000000000004 0 0 0 0 0 3.6 0 8.4 0 0 0 1.4000000000000001 0 0 0 0 0 0 0 0 0 0 0 0 0 0 0 0 0 0 0 0 0 0 0 0 0 0 0 0 0 0 0 0 0 0 0 0 0 0 0 0 0 0 2.8000000000000003 0 0 0 0.8 0.2 0 0.4 0 2.4000000000000004 3.2 0 0 0 0 0 0 0 0 0 0 0.2 0 0 0 0 0 0 0 0 0 0 0 0 0 1.8 0 0 0 0 0 0 0 0 0 0 0 0 0 
 68.2 102 60 18.6 16.8 37 8.8 43.2 36.2 0 47.400000000000006 39.400000000000006 33.6 59.400000000000006 56.400000000000006 10.4 33.2 34.800000000000004 47.400000000000006 22.6 0 0 0 0 0 0.8 0 0 0 0.4 17.400000000000002 7.2 0.8 0 0.4 0 0 0 15 0 0.2 0 0 0 0 0 0 0 0.6000000000000001 0 0.4 0 0 0 0 0 0 0 0 0 0 0 0 0.6000000000000001 0 0 0 3 0 0 0.4 0 0 0 0 0 0.6000000000000001 0 0 0 1.6 3.4000000000000004 4.800000000000001 6.2 6.800000000000001 4 3.4000000000000004 3.4000000000000004 0.8 3 3.8000000000000003 2.6 2.2 14.200000000000001 3 2.4000000000000004 4 5.800000000000001 1.4000000000000001 0 0 0 0 0 0 0 0 0 0 0 0 0 0 1.6 0.2 0 0 0 0.2 0.2 0.2 0 0 0.2 0 0 0 0 0 0.2 0 0.4 0 0 0 0 0 0 0 0 0 0 0 0 0 0 0 0 0 0 0 0 0 0 0 0 0 0 0 0 0.6000000000000001 2.4000000000000004 3 0 0 8.6 0 1.4000000000000001 3.2 1.8 9.4 3.6 2.8000000000000003 3 1.8 0.2 0.4 2.8000000000000003 0 0.2 0 0 0 0 0 0 0.2 0 0 0 0 0 3.4000000000000004 0 0 0 0 0 3.6 0 0 0 0 0 0 0 0 0 0 0 0 0 0 0 0 0.4 0 0 0 0 0 0 0 0 0 0 0 0 0 0 0 0.4 0 0 0 0 0 0 0 0 0 0 0 0 0 0 0.4 0.4 0 0.2 0 2.8000000000000003 0 0 0 0 0 0 0 0 0 0 0 0 0 0 0 0 0 0 0 0 0 0 0 0 4.4 0 0 0 0 0 0 0 0 0 0 0 0 0 
 31.8 24.400000000000002 54.2 14.200000000000001 65.2 31.6 63.400000000000006 8.200000000000001 40.2 47.400000000000006 0 29.6 5.6000000000000005 10.200000000000001 17.6 13.200000000000001 42 36.6 18.6 49.400000000000006 53.800000000000004 0 0 0 0 0 15 0 0 0.4 0 0 16.2 0 0.4 0 0 0 12.200000000000001 31.6 0.2 0 0 0 0 0 0 0 0.6000000000000001 0 0.4 0 0 0 16.8 0 0 0 0 0 0 0 0 0.6000000000000001 0 0 0 0 0 0 0.4 1.6 0 0 0 0 0.6000000000000001 0 0 0 1.8 0 6.2 13 2.8000000000000003 2.8000000000000003 2 1.8 1.8 0 2.8000000000000003 1.8 0 4.800000000000001 1.8 4.6000000000000005 0 1.6 0 0 0 0 3.6 0 0 0 1.2000000000000002 0 0 0 0 0 0.2 6.800000000000001 2.8000000000000003 2 1.8 0 2.4000000000000004 3 2.6 0 0 0 0 0 0 0 0 0 0 0 0 4.2 0 0 0 0 0 0 0 0 0 0 0 0 0 0 0 0 0 0 0 0.4 0 0 0 0 0 0 0 0 2.6 9.8 0.6000000000000001 0 0 0 7 5 4.800000000000001 1 0 1.8 11 3.4000000000000004 2.6 0 2.8000000000000003 3.2 2.8000000000000003 0 0 0 0 0.4 2.8000000000000003 0 0 0 0 0.4 2.6 2 0 0.2 0.2 0 4.800000000000001 1.2000000000000002 0 0 0 0 0 0 0 0 0 0 0 0 1.4000000000000001 0 0 0 0 0 0.4 0 0 0 0 0 0 0 0 0 0 0 0 0 0 0 0 0 0.4 0 0 0 0 0 0 0 0 0.4 0.4 0.4 9.200000000000001 0.2 0 2 3 0 0 0 0 0 0 0 0 0 0 0 0 0 0 0 0 0 0 0 0 0 0 0 0 0 0 0 0 0 0 0 0 0 0 0 0 0 
 10.4 34 7.6000000000000005 11.8 52 30.200000000000003 7.2 66.8 32.800000000000004 39.400000000000006 29.6 0 84.4 63 51.400000000000006 24.6 31 20.8 6.800000000000001 8.200000000000001 0.2 2.4000000000000004 5.2 0 0 0.2 16.6 0.2 0.4 0.8 0 0 13.200000000000001 15.4 0.4 14.4 0 0 12.8 0 0 0 0 0 0 0 0 0 0.6000000000000001 0 0.6000000000000001 0 0 0.2 0 0 0 0 0 0 0.4 0 0.6000000000000001 0.4 0.8 0 0 0 0 0 0.4 0 0.2 1 0 0 0.6000000000000001 0 0 0 2.2 3.2 6.2 2.8000000000000003 4 8.200000000000001 0 0 2.2 0 8.8 5.2 0 4.6000000000000005 4.6000000000000005 3.2 5 5.2 0.2 0.2 0 0.6000000000000001 0 0 0 0 0.4 2.8000000000000003 3.8000000000000003 1.8 0 0.2 0.8 10 0.6000000000000001 0 0 0 5.2 0 0 0 0 0 0.2 0 0 0 0 0 0 0 0 0 0 0 0 0 0 0 1.8 0 0 0 0 0 0 0 0 0 0 0 0 0.4 0 0 0 0 0 0 0.2 0 0 3.4000000000000004 0 6.800000000000001 0 11.4 0 6.4 1.6 0 0 0 4.2 9.4 1.2000000000000002 0 0 0.4 2 0 0.6000000000000001 0 0 0 3.6 0 0.6000000000000001 0 3 0 5.2 0 9 0 0 0 0 0 0 0 0 0 0 0 0.2 0.4 0 0 0 0 0 0 0 0 0 0 0 0 0 0 0 0 0 0 0 0 0 0 0 0 0 0 0 0 0 0 0 0 0 0 0 0 0 1 0.2 0 0.8 17.6 3 0.4 0 0 0 0 0 0 0 0 0 0 0 0 0 0 0 0 0 0 0 0 0 0 0 0 1.6 2 0 0 0 0 0 0 0 0 0 0 0 0 
 12.600000000000001 72.60000000000001 31 20.6 39.400000000000006 4.4 13.600000000000001 41.6 14.4 33.6 5.6000000000000005 84.4 0 34.2 6 21 23.200000000000003 13.200000000000001 55.400000000000006 30 0 0 0 0 0 1 0.4 0 0.4 1 0 0 0 0 0.4 0 0 0.6000000000000001 1 1.4000000000000001 0.2 0 0 0 0 0 0.4 0.6000000000000001 0.6000000000000001 0 0.4 0 0 0 0 0.6000000000000001 0 0 0 0 0 0.2 0 0.6000000000000001 0 0 0 11.8 0 0 7 1.2000000000000002 0 0 0 0 0.6000000000000001 0 0 0 5.6000000000000005 2.6 0 4.800000000000001 1.8 0 2.4000000000000004 9.4 4.4 3.2 0 3 0 4.6000000000000005 5.2 0 8 0 0 0 0 0 0 0 0 0 0 0 0 0 0.4 0 0 0 0 0 0 0 0.2 0.4 0.4 0 0 0.4 0 0 0 0 2.6 0.4 0 0.2 0 0 0 0 0 2 0 0 0 0 0 0 1.6 0 0 0 0 0 0 0 0 0 0 0 0 0 0 0 2.4000000000000004 0 0 0 0 0 3 0 1.4000000000000001 9.600000000000001 2.6 2 2 1.8 1.6 0 0 0 3.6 0.2 0 0 0 0 0 0 0 0 0 0 0 0 0 0 0 0 0 0 2.8000000000000003 0 0 0 0 0 0 0 0 0 0 0 0 0 0 0 0 0 0 0 0 0 0 2.2 0 0 0 0 0 0 0 0 0 0.2 0 0 0 0 0 0 0 0 0 0 0 0 0 0.4 0.4 0 0.2 0 0 0.6000000000000001 0 0 0 0 0 0 0 0 0 0 0 0 0 0 0 0 0 0 0 0 0 0 0 0 0 0 0 0 0 0 0 0 0 0 0 0 0 0 
 28.6 43.800000000000004 24.400000000000002 17.8 29 7.6000000000000005 25.200000000000003 48.6 39.400000000000006 59.400000000000006 10.200000000000001 63 34.2 0 50.800000000000004 6.800000000000001 6.4 39.6 17.6 70.60000000000001 0 0 0 0 0 0.4 0 0 0 0.4 0.2 0 0.2 0 0.4 0 0 0 15.200000000000001 0 0 0 0 0 0 0 0 0 0.6000000000000001 12.4 0.4 0 0 0 0 0 0 0 0 0 0.2 0 0.4 0.4 0 0 0 0.8 0 0 0.4 0 0 0 0 0 0.6000000000000001 0 0 0 6 0 1.8 7.2 6 1 2.6 8 14 1.2000000000000002 5 6.4 0 5.800000000000001 3.4000000000000004 5 2.6 1.2000000000000002 0 0 0 0 0 0 0 0 0 0.2 0 0 0 0 0 0 0.4 0 0 0 2 0.2 0.2 0 0 0.2 0 0 0 0 0 0.2 0 0.4 0 0 0 0 0 0 0 0 0 0.2 0 0 0 0 0 0 0 0 0 0 0 0.2 0 2.8000000000000003 0 0 0 0 2.2 0 0 2.8000000000000003 0 2 4.2 2 4.4 0.2 4.800000000000001 5.2 0 2.8000000000000003 12.8 3.4000000000000004 1 2.2 4.6000000000000005 4.800000000000001 0 0 0 0 0 0 0 0 0 0 0 0 0 0 0 0 0 0 0.2 0 0.2 0 0 0 0 0 0 0 0 0 0 0 0 0 0 0.4 0 0 0 0 0 0 0 4.4 0 0 0 0 0 0 0 0 0 0 0 0 0 0 0 0 0 0 0 0 0 0 0.4 0 0.4 0 0.2 4 0 0 0 0 0 0 0 0 0 0 0 0 0 0 0 0 0 0 0 0 0 0 0 0 4.4 0 0 0 0 0 0 0 0 0 0 0 0 0 
 103.2 80.2 28 13.4 17 33.800000000000004 56 16 39.6 56.400000000000006 17.6 51.400000000000006 6 50.800000000000004 0 12.8 9 21 36.2 68.8 0 0.2 0 0 0.2 0.2 0 0 0 0.4 0 0 0 0 0.4 0 0 0 12.4 0 0.6000000000000001 0 0 0 0 0 0 0 0.6000000000000001 0 0.4 0 0 0 0 0 0 0 0 0 0 0 0 0.6000000000000001 0 0 0 2 0 0 0.8 0 0 0 0 0 0.6000000000000001 0 0 0 5.800000000000001 1.8 6 2.4000000000000004 0.2 4.2 6.6000000000000005 2 2.8000000000000003 8.8 3.4000000000000004 0 5.2 6.4 3 0 2.2 3.6 0 9 0 0 0 0 0.2 0 0 0 0 0 0 0 0 4.4 0 0 0 0.2 3.4000000000000004 0 0 0 0 0 0 0 0 0 0 0 0 0 0 0 0 0 0 0 0 0 0 0 0 0 0.2 0 0 0 0 0 0.4 0 0 0 0 0 0 0 0 0 9.8 7.2 0.6000000000000001 4.2 0 0.4 4 2.4000000000000004 4.2 0 2 4 3.2 0 0.4 4.800000000000001 10.4 3.8000000000000003 8.200000000000001 3.6 0 0 0 0 0 0 0 0 3 0 0 0 3.4000000000000004 0 0 0 0 0 0 0 0 2 0.2 0 0 0 0 0 0 0 0 0.2 0 0 0 0 0 0 0 0 0 0 0 0 0 0 0 0 3.4000000000000004 0 0 0 0 0 0 0 0 0 0 0 0 0 0 0 0 0.2 0.4 0 0.4 0 0 4.6000000000000005 0.4 0 0 0 0 0 0 0 0 0 0 0 0 0 0 0 0 0 0 0 0 0 0 0 0.4 1 0 0 0 0 0 0 0 0 0 0 0 0 
 13.600000000000001 29 62.2 44.6 17.6 32.800000000000004 7.2 33 31.8 10.4 13.200000000000001 24.6 21 6.800000000000001 12.8 0 36.2 5.2 16.400000000000002 14.600000000000001 0.2 0 0 0.8 0.8 0.2 0 0 0.4 0.6000000000000001 0.6000000000000001 0 29.400000000000002 14.600000000000001 0.4 0 1 0 0 0 0.4 0 0 0 0.6000000000000001 0.6000000000000001 1.8 0 0.6000000000000001 0 1 0.6000000000000001 0 0 0 0 0.6000000000000001 0.8 0 0 0 0 0 0.6000000000000001 0 0.4 0 0 0 0 0.4 0.4 0 0 0 0 0.6000000000000001 0.2 0 0 0 2.4000000000000004 5 3 6 1.4000000000000001 0 0 8.6 11.8 6 10.8 0 2.8000000000000003 0 2.6 4.800000000000001 2.6 0.2 0 0 0 0 0 0 0 0.4 2.4000000000000004 5.6000000000000005 0 0 0 6.2 2.6 3.8000000000000003 2.2 0.4 0 0 0 0 0 0 0 0 0 0 0 0 2.2 0 0 0 0 0 0 0 0 0 0 0 0 0 0 0 3.6 0 0 0 0 0 0 0 0 0 0 0 0 0 0 0 2.2 15 0 7 0.2 0 3.2 0.8 0.8 0 2.6 0 0 0.2 5.4 2 0.6000000000000001 1.4000000000000001 0 3.2 0 0 0 0 0 2.2 0 0 0 0 0 3.6 3.8000000000000003 7.800000000000001 0 0 0 3.4000000000000004 0 0 0 0 0 0 0 0 2.8000000000000003 0 0 0 0 0 0 0 0 0 0 0 0 0 0 0 0 0 0 0 0 0 0 0 0 0 0 0 0 0 0 0 0 0 3 0 0 0 0.4 0.6000000000000001 0 0.2 17.400000000000002 3 2.8000000000000003 0 0 0 0 0 0 0 0 0 0 0.4 0 0 0 0 0 0 0 0 0 0 0 0 9.4 0 0 0 0 0 0 0 0 0 0 0 0 0 0 
 6.4 65.8 32.800000000000004 14.8 13.8 28.6 7 47 47.6 33.2 42 31 23.200000000000003 6.4 9 36.2 0 75.4 5.4 12.600000000000001 0.2 4.4 0 0.2 3.4000000000000004 0.2 0 0 45.800000000000004 0.4 0.2 5.2 30.200000000000003 0 0.6000000000000001 0 17 0.2 0.2 15.4 0.2 0 12.8 0 0 0 0 0 0.6000000000000001 0 0.4 0 0 0 0 0 0 0 0 0 8.4 0 0 0.6000000000000001 0 0 0 0.6000000000000001 0 0 0.4 5.6000000000000005 0 0 0 0 0.6000000000000001 0 0 0 0 1.4000000000000001 5.4 4.800000000000001 9 3 3 0 0.2 1.8 1.8 3.6 0 0 0 2.2 4.6000000000000005 6.800000000000001 0 0 0 0 2.6 0 0 0.4 0 2.2 0 0 0 0 0 3.2 8.8 1.6 0 0 1.4000000000000001 0.2 0 0 0 0 0.4 0 0 0.2 0 0 0 0 0 0 0 0 0 0 0.4 0 0.4 0 3.8000000000000003 0.4 0 0 0 0 0 0 0 0 0 0.6000000000000001 0 0 0.4 0 0 0 0 0 0 4.2 1.6 0.2 0 0.2 0.2 3.8000000000000003 3.2 6 0 0 0.2 4.4 2.2 0 0 0.4 2.8000000000000003 0 0 0 0 0 6.800000000000001 0 0 0 0 0 7.6000000000000005 1.6 5.800000000000001 0 0 0 5.4 0 0 0 0 0 0 0 0 2.2 3.2 0 0.4 0 0 0 0 0 0 0 0 0 0 0 0 0 0 0 0 0 0 0 0 0 0 0 0 0 0 0 0 0 0 0 0 0 0 0.6000000000000001 0 0 0.4 0 2.8000000000000003 2.4000000000000004 0 0 0.4 0 0 0 3.4000000000000004 0 0 0 0 0 0 0 0 0 0 0 0 0 0 0 0 1.6 0.2 3.2 0 0 0 0 0 0 0 0 0 0 0 0 
 21 67 11.200000000000001 38.400000000000006 10.4 53.2 52.2 22 25.8 34.800000000000004 36.6 20.8 13.200000000000001 39.6 21 5.2 75.4 0 24.400000000000002 20.6 0 0 0 0 0.2 1.2000000000000002 1 0 0.6000000000000001 0.4 0 0 0.6000000000000001 0 0.8 0 0 0.4 7 0 0 0 0 0 0 0 0 0 0.6000000000000001 0 0.4 0 0.2 0.6000000000000001 0 0.6000000000000001 0 0.6000000000000001 1 0 0 6 0.2 0.6000000000000001 0 0 0 0 0.4 1.2000000000000002 0.4 1.6 0 0.4 0 0 0.6000000000000001 0 0.4 0 0.6000000000000001 2.4000000000000004 12 1.8 1.8 10.4 0 0 0.4 0 1.6 1.6 3 4.800000000000001 0 3.4000000000000004 0.6000000000000001 1.8 7 0 0 0 0 0 0.4 0 0 0 0 0 0 0 0 2.6 0.2 0 0 0.4 4.4 4.2 0 0 0 0 0 0 0 0 0 0 0 0 0 0 0 0 0 0 3.8000000000000003 0 0 0 0 0 0 0 0 0 0 0 0.2 0 0 0 0 0 0 0 0 0 0.2 3 2.6 5 0 5.800000000000001 0 3.2 2.4000000000000004 5.800000000000001 9.8 0 2.8000000000000003 3.6 4.4 0.2 1.2000000000000002 0 0 0 0 0 0 0 0 0.4 0 0 0 0.2 0 0 3.4000000000000004 0 2.6 0 0 0 5.800000000000001 0 0 0 0.4 0 0 0 0 0 0 0 0 0.2 0 0 0 0 0 0 0 0 0 0 0 0 0 0 0 0 0 0 0 0 0 0 0 3.8000000000000003 0 0 0 0 0 0 0 0 0 0.4 0.6000000000000001 0.6000000000000001 0 0.8 0 1.4000000000000001 2.8000000000000003 0 0 0 0 0 0 0 0 0 0 0 0 0 0 0 0 0 0 0 0 0 0 0.2 9.4 0.2 0 0 0 0 0 0 0 0 0 0 0 0 
 8.6 25.8 22.200000000000003 25.6 8.8 28.400000000000002 18 20.8 29 47.400000000000006 18.6 6.800000000000001 55.400000000000006 17.6 36.2 16.400000000000002 5.4 24.400000000000002 0 69.2 0.4 0 0.4 0 0 1 0 0.2 0 0.4 0.6000000000000001 0.6000000000000001 0 0.6000000000000001 0.4 0.6000000000000001 0.6000000000000001 0 0.4 0.6000000000000001 0 0 0 0 0.4 0 0 2.6 1.4000000000000001 0 0.8 0 0.6000000000000001 0.6000000000000001 0.2 0.8 0 0.4 0.8 0 0.2 0 0.4 1 0.6000000000000001 0.6000000000000001 0 0.4 0 0 0.4 0 0 0 0 0 9.4 0 0.2 0 1.6 2.4000000000000004 8.6 9.200000000000001 0 0.4 3.8000000000000003 4.6000000000000005 3.6 3.6 3 2 0.2 1.4000000000000001 0 4.6000000000000005 2 0 4 5.4 0 0 0 0 0 0 0 0 0 0 0 0 0 0 0 0 0 0 2.6 0 0 0 0 0 0 0 0 0 0 0 0 0 0 0.4 0 0 0.2 0 0 0 0 0 0 0 0 0 0 0 0 0.2 0 0 0 0 0 0 0 0 0 0 0.2 0 5.6000000000000005 0 0 0 0 0 2.6 2.2 0 0.2 5.800000000000001 9.8 0.8 0 2.4000000000000004 0 5.6000000000000005 3.8000000000000003 0 0 0 0 0 0 0 0.4 0 0 0 0 0 0 0.4 0 0 0.4 0.2 0.4 0 0 0 0 0.2 0 0 0 0 0 0 0 0 0 0 0 0 0 0 0 0 0 0 0 0 0 0 0 0 0 0 0 0.2 0.4 0 0 0 0 0 0 0 0 0 0 0 0.4 0 0 0 0 0 4 0 0 0 0 0 0 0 0 0 0 0 0 0 0 0 0 0 0 0 0 0 0 0 0 0.2 0 0 0 0 0 0 2.2 0 0 0 0 0 0.4 
 106.60000000000001 25.8 53.2 34.2 64.2 10.600000000000001 27 26.400000000000002 9.8 22.6 49.400000000000006 8.200000000000001 30 70.60000000000001 68.8 14.600000000000001 12.600000000000001 20.6 69.2 0 0 0 0 0 0 0.2 0 0 0 0.4 0 0 0 0 0.4 0.2 0 0 0.4 0 0 0 0 0 1.6 0 0 0 0.6000000000000001 0 0.4 0 0 0 0 0 0 0 0 0 0 0 0.2 0.6000000000000001 0 0 0 0 0 0 0.4 0 0 0 0 0 0.6000000000000001 0 0.6000000000000001 0 2.2 1.8 0 2.2 2.2 0 1.8 4 2.6 6.6000000000000005 0.2 9.600000000000001 3.4000000000000004 5.4 0 4.6000000000000005 0 0 0 2.8000000000000003 0 0 0 0 0 0 0 0 0.4 0 0 0 0 0 0 0 0 0 3.8000000000000003 0 0 0 0 0 0 0 0 0 0 0 0 1.6 0.4 0 0 0 0 0 0 0 0 0 0 0 0 0 0.4 0 0 0 0 0 0 0 0 0 0 0 0 0 5.4 3.6 0.2 0 0 2.8000000000000003 2.8000000000000003 4.2 0.2 1.6 1.6 2.6 0 6.4 5.4 0.4 1.6 2.6 1.4000000000000001 4.4 3.4000000000000004 0 0 0 0 0 0 0 0 0 0 0 0 0 0 0 0 0 0 0 0 0 0 0 0 0 0 0 0 4.800000000000001 0 0 0 0 0 0 0.2 0 0 0.4 0 0 0 0 0 3 0 0 0 0 0 0 0 0 0 0 0 0 0 0 0 0 0 0 0 0.8 0.2 0 0 0 0 1.4000000000000001 0 0 0 0 0 0 0 0 0 0 0 0 0 0 0 0 0 0 0 0 0 0 0 0 0 0 0 0 0 0 0 0 0 0 0 0 0 0 
 0 0.2 0.6000000000000001 4.4 0.2 0.2 0.4 0.2 0 0 53.800000000000004 0.2 0 0 0 0.2 0.2 0 0.4 0 0 21.200000000000003 96.60000000000001 35.2 8 11 51 82.80000000000001 24.6 43.2 5.6000000000000005 26 6 22.8 45.6 65 22.6 63 100 21.200000000000003 0.2 0.6000000000000001 0 0 0 0 0 0 0 0.6000000000000001 0 0.4 0 0.2 0 0.4 0 0.4 0 1 0 0 0 0 0 0 0 0 0 0 0 0 0 0 0 0 0.4 0.4 0 0 0 0 0 0 0.4 0.4 0 0 0 0 0.2 2.6 0 0 0 0.2 0 0 0 0 6.800000000000001 4 0 2.6 4 0.4 1.6 2.2 8.6 1.6 5 0 2.6 1.8 2.6 7 7.6000000000000005 4 2.2 2.2 0 0 0 0 0 0 0 0 0 0 0 0 0 0 0.2 0 0 0.4 0.8 0 0.4 0 0 0 0 0.2 0.4 0 0 0 0 0 0 0 0 0 0 0 1 0 0 0 0 1.6 1 2.6 0 0 0 0 0 0 0 0 0 0 0 0 0 0.2 18.2 0.4 0 0 2.2 2.8000000000000003 2.8000000000000003 0 0.2 0.2 2.4000000000000004 8.4 6.800000000000001 3 0.4 2.6 2.8000000000000003 1.2000000000000002 0 5.2 0 0 0 0 0 2.4000000000000004 0 0 0 0 0 0 0 0 0 0 0 0 0 2.6 0 0 0 2.4000000000000004 0 0 0 0 0 0 0 0 0 0 2.2 0 0 0 0 0 0 0 0 0 0 0 15 0 3.4000000000000004 0 0 0 0 0 3 0 0 3.6 0 0 0 0.2 0 0 0 0 0 0 0 0 0 0 0 0 0 0 0 0 0 0 0 0 0 0.4 0 0 0 0 0 0 
 0 0.4 17.6 15.200000000000001 0 0 3.8000000000000003 0 0 0 0 2.4000000000000004 0 0 0.2 0 4.4 0 0 0 21.200000000000003 0 11.8 8.200000000000001 19 8 15.8 27.400000000000002 12.8 9 4 26 7 6.4 21.8 23.6 9.600000000000001 9.600000000000001 23 13.4 0 0.6000000000000001 0 1.8 0.2 0 0 0 0 0.6000000000000001 0 0.4 0 0.4 0.4 0.4 1.2000000000000002 0.4 0 0.6000000000000001 0 0.4 0.6000000000000001 0 0 0 0.4 0 0 1.6 0.6000000000000001 0 0 1.4000000000000001 8.4 0.4 0 1.4000000000000001 0 0 0 0 0 0 1 0 0 0 0 0 0 0 0 0 0 0 2 0 0 0 0.8 0 0 4.4 0.2 0.6000000000000001 4.800000000000001 6.800000000000001 2.4000000000000004 1.4000000000000001 1.8 3 4.6000000000000005 0 11.200000000000001 2.4000000000000004 27.400000000000002 6 0.4 9.4 0 0 0 0.2 0 2.8000000000000003 0 0 0 0 0 0 3 0 0 0 0.2 0 0 3.2 0 0 0.2 0 0 0 0 0 0 0 0 0 0 0 0 0 0 0 0 0 0 0 0 0 0 0 0 0 0 0 0 0 0 0 0 0 0 0 0 0 0 10 1.6 4.2 0 2.4000000000000004 0 2.8000000000000003 1.2000000000000002 5 0 0 0 2.4000000000000004 0 9.4 11.8 11 0 14.8 0 0 0 0 0 0 0 0 0 0 5.4 0 0 0 0 0 0 0 0 0 0 0 0 0 0 0 0 0 0 0.2 0 0 0 0 0 0 0 0 0 0 0 0 0.2 0 0 0.4 0 0 0 14.600000000000001 0 0 0 0.2 0.4 0 0 16 8 0 0 1.2000000000000002 0.4 0 0 0 0 0 0 0 0 0 0 0 0 0 0 0 0 0 0 0 0 0 0 0 0 0 0 0 
 0 0 0.4 0 0 0 0 0 0.4 0 0 5.2 0 0 0 0 0 0 0.4 0 96.60000000000001 11.8 0 41.6 12.200000000000001 39.800000000000004 73.4 101 36 35.800000000000004 8 82 12 53.800000000000004 55.2 93.2 32.800000000000004 67 10.4 33.4 0 0.6000000000000001 0 0 0 0 0 0 0 0.6000000000000001 0 0.4 0 0.2 0 0.4 0 0 0 13.600000000000001 0 0 0 0 0 0 0 0 0 0 0 0 0 0 0 0 0.4 0.4 0 0 0 0 0 0 0 0 0 0 0 0 0 0 0 0 0 0 0 0 0 0 1 5.4 3.4000000000000004 4 0.2 2.6 2.4000000000000004 0 8.6 0 2 0.6000000000000001 0 0 1.8 2.6 0 6.6000000000000005 0 0 0 7.4 0 0 0 0 3.4000000000000004 2.2 0 2.6 0 0 1.8 0.2 0 0 0 0 0.2 2.4000000000000004 0 0 0 0 0 0 0 0 0 0 0 0 0 0 0 0 0 0 0 0 0 0 0 0.6000000000000001 0 0 0 0 0 0 0 0 0 0 0 0 0 0 0 0 0 0.2 9 2.6 0 0 0 0 0 2.4000000000000004 1.6 6.800000000000001 0 0 0 3.4000000000000004 3.2 2.4000000000000004 0 0.2 3.6 0 0 0 0 0 1.2000000000000002 0 0 0 0 0 0 4.2 0 0 3.8000000000000003 0 4 3 0 3.6 0 0 0 0 0 0 0 0 0 0 0 0 0 0 0 0 0 0 0 0 0 0 0 0 0 0 0 0 0 0 0 0 0.4 0 0 15.4 15.4 0 0 0.4 0 0 0 0 1.8 0 0 0 0 0 0 0 0 0 0 0 0 0 0 0 0 0 0 0 0 0 0 0 
 0 0 0.2 0 0 0 0 0 0 0 0 0 0 0 0 0.8 0.2 0 0 0 35.2 8.200000000000001 41.6 0 109.80000000000001 49.800000000000004 33.4 24 14 66.8 56.800000000000004 54 20.400000000000002 22.6 30 77.4 8.200000000000001 26.8 17 10.8 0 0.6000000000000001 0 1 0 0 17.2 14.600000000000001 0 0.6000000000000001 3 0.4 21.200000000000003 0.8 12.8 0.4 0 0 0 8.4 0 0 0 0 0.2 0 0 0 0 0.4 0 0 0 10.200000000000001 0 1 0.2 0.4 0 0 0 0 0 0 0 0 0.4 0 0 0 0 0 0 0 0 0 0 0 0 0 0.2 0 0.2 1.8 13.8 9 0 8.8 7 1.8 2 5.6000000000000005 0 0.4 0 6.6000000000000005 6.2 7 0 0.2 0.2 2.4000000000000004 4 0 0 0 3.8000000000000003 3.6 0.4 0 0 0 0 2.2 2 0 0 0 4 2.2 0 0 0 0 0 0 0 1 0 1.4000000000000001 0 0.4 0 0 0 0 0 0.6000000000000001 0 0 0 0 0 0 1 0 0 0 0 0 0 0 0.4 0 0 0 0 0 0 0 1 0.2 1.8 3.4000000000000004 5.2 9.200000000000001 0 0 3.4000000000000004 0.2 1.8 4 0 8.6 0 1.8 4.4 0.8 0 0 6 5.2 0 4.800000000000001 0 0 2.6 3 6.2 0 0 0 2 1.8 2.6 0.2 3.2 0 4.6000000000000005 9.600000000000001 0 0 0 0 0 0.2 0 0 0 0 0 0 0 0 0 0 0 0 0 0.6000000000000001 0 0 0 0 0 0.4 0 0 0 0 0 0 0 0 1.4000000000000001 0.4 0 17.6 0.2 0 0 0 0 0 0 0 1.6 0 0 0 0 0 0 0 0 0 0 0 0 1.2000000000000002 0 0 0 0 0 0 0 0 0 0 
 0 0 0 0 42.2 0.2 0 0 0 0 0 0 0 0 0.2 0.8 3.4000000000000004 0.2 0 0 8 19 12.200000000000001 109.80000000000001 0 25.400000000000002 11.4 13.600000000000001 68.60000000000001 30.200000000000003 58.800000000000004 90.2 13.600000000000001 17.2 17.2 22.200000000000003 22 10.600000000000001 55.6 17 4.4 12.8 0 1 0 0 0.8 32 0 0.4 0 0.6000000000000001 29.400000000000002 12.8 12.600000000000001 0.4 1.4000000000000001 0 6.2 20.200000000000003 0 0 0 0 0 0 9 0 0 0 0 0 0 9.8 0 0 0.2 0.4 0 0 0 0 0 0 0 0 0 0.4 0 0 0 0 0 0 0 0 0 0 0 0 0.2 0 0 2.8000000000000003 4.2 5.4 0 0 0.4 4 0.2 6.6000000000000005 0 0 0 5 2.8000000000000003 0 0 0 2.6 2 0 0 0 0 6.2 5.6000000000000005 5.2 0 0 4 0 0 4.800000000000001 3.8000000000000003 0.2 1.8 7.4 2 0 0 0 0 0 0 0 1 0 0.4 0 0 0 0 0 0 0 0 0 0 0.8 0 0 0 0 0 0 0 0 0 0 0 0 0 0 0 0 0 0 0 0 2.4000000000000004 0.2 3.4000000000000004 0.2 14.200000000000001 0 0 0 0 0.4 0.6000000000000001 0.4 0 0 0 0.4 0.8 0 0 7.6000000000000005 4.6000000000000005 0 3.8000000000000003 0 0 2.8000000000000003 4.800000000000001 13.200000000000001 0.8 0 3.2 3.2 1 2 5.4 6.6000000000000005 0.2 2.4000000000000004 2.2 0 0 0 0 0.2 0 0 0 0 0 0 0 0 0 0 0 0 0 0 0 0 0 0 0 0 0 0 0 0 0 0 0 0 1.6 2.6 1 0.8 0.8 1.2000000000000002 0.8 0.4 0 0 0 0 2.6 0 0 0 0 0 0 0 0 0 0 0 0 0 1.2000000000000002 0 0 0 0 0 0 0 0 0 2.2 
 0.4 0.2 1.2000000000000002 0 0.4 0.2 0.4 0.2 0.2 0.8 0 0.2 1 0.4 0.2 0.2 0.2 1.2000000000000002 1 0.2 11 8 39.800000000000004 49.800000000000004 25.400000000000002 0 50.400000000000006 84.60000000000001 26.6 34 28.6 47 6.800000000000001 13.200000000000001 71 25.6 31.8 26 26.6 7.6000000000000005 0 0.6000000000000001 0 1 0 0 0 0 0 0.4 0 0.6000000000000001 0 0.2 0 0.4 0 6.2 5.2 14.4 0 0 0.6000000000000001 0 0 0 0 0 0 0 0 0 0 0 0 1.4000000000000001 0.4 0.8 0 0 0 0 0 0 0 0 0.2 0 0 0 0 0 0 0 0 0 0 2.2 0 0 0 0 6.800000000000001 1.8 0.2 6 0 0 14.600000000000001 2.4000000000000004 4.2 4.2 0 0 0 2.8000000000000003 0 8.8 0 0 2.2 5 0 0 0 0 3.8000000000000003 2.4000000000000004 0 0 0 0 7.4 0 0 0 0 0 0 3 0 0 0 2 0 0 0 0 0 0 0 0 0 0 0 0 0 0 3 0 0 0 2.2 0 0.2 0 0 0 0 0 0.4 0 1 3.6 0 0 0 2.4000000000000004 0 0 2.8000000000000003 3.8000000000000003 2 0 4.4 0 0 3 2.2 2.2 1.4000000000000001 0.8 0 0 0 2.6 2.2 0 0 0 0 2 0 0 0 0 3.6 0 0 0 0 0 5.800000000000001 3.4000000000000004 4.4 0.2 2.4000000000000004 0.2 0.6000000000000001 5.2 0 0.2 0 0 0 0 0 0 0 0 0 0 0 0 0 0 0 0.4 0 0 0 0 0 0 0 0 0 0 0 0 0 0 0 0 0.4 0 0 0.4 1.4000000000000001 1 4.4 0 0 0 0 0 0.8 0 0 0 0 0 0 0 0 0 0 0 0 0 0 4.800000000000001 0 0 0 0 0 0 0 0 
 0 8.200000000000001 0.8 30.8 11.8 0 0.8 0 0 0 15 16.6 0.4 0 0 0 0 1 0 0 51 15.8 73.4 33.4 11.4 50.400000000000006 0 47.6 25.6 55.6 5.6000000000000005 23 110.80000000000001 35 13.200000000000001 9.4 9.600000000000001 29 48.400000000000006 12.4 0 0.6000000000000001 0 0 12.4 0 0 0 0 0.6000000000000001 0 0.4 0.4 0.2 0 12.600000000000001 0 0.8 0 0.6000000000000001 0 0 0 0 0 0 0 0 0 0 0 0 0 2 0 0 0 0.4 0 0 0 0.2 0 0 0 1.6 0 0 0.4 0 0 3 0 0 0 0 0 0 0 0 5 13 3.8000000000000003 12.200000000000001 1.6 0 6.800000000000001 2.8000000000000003 0 3.6 1.2000000000000002 0.8 5.6000000000000005 5.6000000000000005 0 1.2000000000000002 6.4 0 3.8000000000000003 2 0 0 0 0 0 0 0 0 0 0 0 0 0 0 0 0 0 0 3.2 0 0 0 0 0 0 0 0 0 0 0 0 0 0 0 0.2 0 0 0 2.6 0 0 0 0 4 7.6000000000000005 4 1.6 0 0 0 0 0 0 0 0 0 0 0 0 0 3.2 0 3.6 0 0 7.4 6.2 8.6 5.800000000000001 0.4 8.200000000000001 6 3.4000000000000004 2.6 12.8 10 0 0.4 0 8.200000000000001 0 0 0 0 0.2 0 0.4 0.2 0 0 0 0 0 0 0 0 0 0 0 0 0 0 0 0 0 0 0 0 0 0 0 0 0 0 0 0 0 0 0 0 0 0 0 0 0 0 0.2 0 15.4 0 0 0 0 0 1.4000000000000001 0.4 0.4 0 0.2 0.4 0.2 0 0 0 0 12.4 0 0 0 0 0 0 0 0 0 0 0 0 0 0 0 0 0 0 0 0 1.8 0 0 0 
 0 0 0 0 14.600000000000001 0.2 0 0 0 0 0 0.2 0 0 0 0 0 0 0.2 0 82.80000000000001 27.400000000000002 101 24 13.600000000000001 84.60000000000001 47.6 0 23.6 73 24.6 8.8 58.6 54 32 28.400000000000002 12.200000000000001 33.800000000000004 29 9.4 0 0.6000000000000001 0 0 0.2 0 11 0 0 0.6000000000000001 0 0.4 0 0.4 0 0.4 0.2 0.2 0 0.8 0 0 0 0 0 0 0 0 0 0 0 0 0 0.6000000000000001 0 0 1.6 0.4 0 0 0 0.4 0 0 0 0 0 0 0.2 0 0 0 0.4 0 0 0 0 0 0 0 2.8000000000000003 2.8000000000000003 3.2 1.4000000000000001 6 6.4 1.2000000000000002 0.4 0 0.2 2.2 0.2 0 3.8000000000000003 0 3.2 2.8000000000000003 6 0.2 0.2 4 0 0 0 0.2 0 5 0 0 0 0 0 6 0.2 0 0 0 0 0.2 3.6 0 0 0 0 0 0 0 0 0 0 0 0 0 0 0 0 0 0 0 0 0 0 0 3.6 0 0 0 0 0 0 0 0 0 3 0 0 0 0 0 0 0 8.4 4.6000000000000005 3 1.6 0 2.2 1.4000000000000001 12 3.6 1.8 0 0 0.2 0 5.2 6 2.6 0 0.2 0 0 0 0 0.4 0 14.600000000000001 0.4 0 0 0 0 0 0.2 1 0 0 0 0 0 0 0 0 0 0 0 0.2 0 0 0 0 0 0 0 0 0 0 0 0 0 0 0 0 0 0 0 0 0 0 0 0 0 0 0 0.6000000000000001 0 0.2 15.4 16.2 0 0.2 2 0 0 0 0 2 0 0 0 0 0 0 0 0 0 0 0 0 0 0 0 0 0 0 1.8 0 0 0 0 
 0 0 0 0 0 0.2 0 0 0 0 0 0.4 0.4 0 0 0.4 45.800000000000004 0.6000000000000001 0 0 24.6 12.8 36 14 68.60000000000001 26.6 25.6 23.6 0 15 35 21.6 15.600000000000001 34.4 27 43.6 9.8 81.4 57.800000000000004 27.200000000000003 0 0.6000000000000001 0 0.6000000000000001 13.8 0 0 0 0 0.4 0 0.6000000000000001 0 0.4 0 0.4 0.8 0.2 0 1.6 0 0 0.6000000000000001 0 0 0 1 0.4 0.2 1 0 0 0 0.6000000000000001 0 0.4 0.4 0.4 1 0 0 0 0 0 0.2 0 0 0 0 0 0 0 0 0 0 0 0 0.2 0 0 0 4 7.800000000000001 11.600000000000001 0.2 2.4000000000000004 0 1 0 2.4000000000000004 0 0 4 0 0.2 2.8000000000000003 2.4000000000000004 0 0 0 2 1 0 0 0 0 4.800000000000001 0 0 0 0 0 2.2 1.2000000000000002 0 2.2 0 0 0.2 0.2 0 0 0 0 0 0 2.8000000000000003 0 0 0 0 0 0 0 1.4000000000000001 0 0 0 1 0 0 0 0 0 0 0 0 0 0 0 0 0.2 0 0 0 0 0 0 0 0 0 6.2 1.6 1.8 1.2000000000000002 4.2 0.2 0 1.4000000000000001 0.2 0 0.6000000000000001 0 0 0 2.4000000000000004 1.4000000000000001 6.2 0 5.2 0 0 2.4000000000000004 0 0 0 3 0 0 0 0 0 0 2.4000000000000004 1.6 2 0 0 2.8000000000000003 2 0 0 0 0 0 0 0 0 0 0 0 0 0 0 0 0 0 0 0 0 0 0 0 0 0 0 0 0 0 15 0 0 0 0 1 0.4 0 0 9.200000000000001 0.2 0 0.4 0.2 0 0 0 1.4000000000000001 0 0 0 0 0 0 0 0 0 0 0 0 0 0 11 0 0 0 1.2000000000000002 0 0 0 0 
 0.4 0.4 15.200000000000001 0.4 0.4 0.4 0.4 0.4 0.4 0.4 0.4 0.8 1 0.4 0.4 0.6000000000000001 0.4 0.4 0.4 0.4 43.2 9 35.800000000000004 66.8 30.200000000000003 34 55.6 73 15 0 40.800000000000004 16.8 12.8 19 17.8 46.2 60.400000000000006 56.6 11.200000000000001 13 0.4 0.6000000000000001 0.4 0.4 0.6000000000000001 0.6000000000000001 19.8 0 0.6000000000000001 1.6 0.8 1 15 0.6000000000000001 0.2 0.6000000000000001 0.2 0 0 14 1.2000000000000002 1 0.4 0.2 9 0 0.4 9.4 1 0.8 0 0 0 1 0.8 0 0.2 1.2000000000000002 0.6000000000000001 1.2000000000000002 0 0.2 0 0 2.6 0 0 0 0.4 0 0 0 0.2 0 0 0 0 0 0 0 0 0 0 0 4.2 4.2 0 0.2 0 4.2 4.6000000000000005 5.6000000000000005 0 0 2.6 0 2.2 2.6 0 0 2.8000000000000003 0.2 2.6 0 0 0 1.2000000000000002 3.2 0.2 0 0 0 5 3.2 1.4000000000000001 0 0 0 0 0 0 0 0 0 0 0 0 0 0 2.2 0 0 0 0 0 0 0 0 0 0 0 0 0.8 0 0 0 0 0 0.2 0 0 0 2.4000000000000004 0 0 0 0 0 0 0 0 3.4000000000000004 0 1.6 2.6 0 0 2.4000000000000004 2.4000000000000004 2.6 2.8000000000000003 6 2.2 0 0 0.2 1.6 6 0 0.4 4.2 6.6000000000000005 0.4 0 2.2 0 0.4 0.2 1.6 0 0 0 3.6 4.800000000000001 2.6 0 2.2 0 2.4000000000000004 4.6000000000000005 0 0 0 0 0 0 0 0 0 0 0 0 0 0 0 0 0 0 0 0 0 0 0 0 0 0 0 0 0 0 0 0 0 0 1 0 0.4 30.400000000000002 0 0.6000000000000001 2.2 0 0 0 0 0 0 0 0 0 0 0 0 0.6000000000000001 0 0 0 0 0 3.2 0 2.6 0 0 0 0 0 0 0 0 
 0 0.2 0.4 0.6000000000000001 0 0 0 0 0.4 17.400000000000002 0 0 0 0.2 0 0.6000000000000001 0.2 0 0.6000000000000001 0 5.6000000000000005 4 8 56.800000000000004 58.800000000000004 28.6 5.6000000000000005 24.6 35 40.800000000000004 0 94.60000000000001 35 7.4 27 19.8 36.2 25.6 5.2 19 0 0 0 0 0 0 27.6 11 0.4 0 0 0 0 0.6000000000000001 0 0 13 2 0 0 0 0 0 0 0 0 0 0 0 0 0 0 10.200000000000001 0 0 0 0.2 0 0 0 0 0 0 0 0 0 0 0 0 3 0 0 0 0 0 0 0 0 0 0 0 3.6 7.4 2 0 0.2 0 1.8 2.6 3.6 7.6000000000000005 5 0 6.800000000000001 0.2 0 0 0 0 0 7.800000000000001 0 0 0 0 0 0 4.6000000000000005 2.6 0.2 0 4.2 2.2 0.2 2 3.8000000000000003 0 0.2 2 0 0 0 0 0 0 0 0 0 0 0 0 0 0 0 0 0 0 0 0 0 0 0 1 0 2.8000000000000003 0 0 0 0 0 0 0 1 0 0 0 0 0 0 0 0.2 9 0 3.4000000000000004 3.6 2.4000000000000004 0 3.8000000000000003 10.4 1.8 2.8000000000000003 0.8 0 0 0 4 0.2 4.6000000000000005 0 0 7.2 1.2000000000000002 0 0 0 0 0 0.6000000000000001 0 1 0 0 0 6 1.8 2.2 0 0 6.800000000000001 5.2 0 0 0 0 0 0 0 0 0 2 0 0 0 0 0 0 0 0 0 0 0 0 1.8 0 0 0.2 0 0 0 0 0 0 0 0 1.6 0 0.4 1.6 0.2 0 9.600000000000001 0 0 0 0 0 0 0 0 0 0 0 0 0 0 0 0 0 0 0 0 0 0 0 0 2.4000000000000004 0 0 0 0 
 0.2 0 0.2 0 1.2000000000000002 0 0.6000000000000001 0.4 0 7.2 0 0 0 0 0 0 5.2 0 0.6000000000000001 0 26 26 82 54 90.2 47 23 8.8 21.6 16.8 94.60000000000001 0 8.6 16 53.2 36 46 65 4.800000000000001 47.800000000000004 0.6000000000000001 0.6000000000000001 0 0.2 0 0 0 0 0.6000000000000001 0.4 0.4 0.6000000000000001 12.4 0.6000000000000001 0 0.4 1.4000000000000001 0 0 14.4 0.2 0.2 0.4 0.2 0 0 0 0 0 0 0.6000000000000001 0 0.4 0 0 0 0.6000000000000001 0.4 0 0.2 0 0 0 0 0 0.6000000000000001 0 0 0 0 0 0 0 0 0 0 0 0 0 0 0 0 2.8000000000000003 1 5.2 14 0 4.4 3.6 3.8000000000000003 4.6000000000000005 4.800000000000001 0 0 2.2 4.6000000000000005 3.2 3.6 0 0 1.4000000000000001 0.2 0 0 0 0 2.8000000000000003 0 0 0.4 0 0 4 1.8 3.8000000000000003 0.2 0 0 0.2 0 0 0.4 0 0 0 0 0 0 0 0 0 0 0 0 0 0.4 0 2 0 0 0 0 0 0 2.2 0 0 0 0 0 0 0 0 0 0 1.4000000000000001 0.4 3.6 0 0 2.2 1 3.2 0 2.2 4.2 0 0 0.2 0 10.4 2 0 1.2000000000000002 0 2.8000000000000003 3.2 6.4 0 0 10.4 0.2 0 0 0 0 4 0 3.8000000000000003 0 2.6 0 0 3 0.2 0 0 0 2.6 8.200000000000001 0 0 0 0 0 0 0 0 0 0 0 0 0 0 0 0 0 0 0.2 0 0 0 3 0 0 0.4 0 0 0 0 0 0 0 0 2.6 0 0.2 15.8 15 0 0.2 0.4 0 0 0 0 1.6 0 0 0 0 0 0 0 0 0 0 0 0 1.6 0 0 0 0 3 0 0 0 0 0 
 0 8 0.4 31 34 3.4000000000000004 0.6000000000000001 2 2.4000000000000004 0.8 16.2 13.200000000000001 0 0.2 0 29.400000000000002 30.200000000000003 0.6000000000000001 0 0 6 7 12 20.400000000000002 13.600000000000001 6.800000000000001 110.80000000000001 58.6 15.600000000000001 12.8 35 8.6 0 36 22.200000000000003 7 5.2 7.6000000000000005 15.4 22.200000000000003 0 0.6000000000000001 0 0 0 0 0 0 0 0.6000000000000001 0 0.4 0.4 0 0 0.4 0 0 0 0.6000000000000001 0 0 0 0 1 0 0 0 0 0 0 0 0.6000000000000001 3.4000000000000004 0 0 0 0.4 0 0 0 0 2.4000000000000004 0 3.4000000000000004 2 0 0 0.2 0 0.4 1.8 0 0 0 0 0 0 0 0 0 4.4 7.6000000000000005 0.4 0 0 2.4000000000000004 6.2 2.8000000000000003 2 1.2000000000000002 0 2.8000000000000003 7 3.4000000000000004 0 0.2 0 13 0 0 0 0 0 0 0 0.8 0 0 0 0 0 0 0 0.4 0 0 0 0 0 0 0 0 0 0 1 3 0 0 0 0 0 0 0 0 0.4 0 0 0.4 0 0.4 0 0 0.2 3.6 0.2 0 0 0 0 0 3.4000000000000004 0 0 0 6.6000000000000005 0 0 0 0 1.4000000000000001 0.4 0.2 0 0 0 10 4.2 0 0 4.2 0 1.8 1.4000000000000001 5 2.2 0 0 3.8000000000000003 0 0 0 0 0 0 0 0 0 0 0 0 0 0 0 0 0 0 0 0 0 0 0 0 0 2.2 0 0 0 0 2.4000000000000004 0 0 0 0 0 0 0 0 0 0 0 0 2.6 0 0 0 14.600000000000001 0 0.2 30.6 0 0 0 0 1 0.4 0.4 0 0 0 0 2.4000000000000004 0 0 0 0 0 0 0 0 0 0 0 0 0 0.2 0 0 0 0 0 0 0 0.2 0 0 0 0 0 0 
