 0 97 13.600000000000001 32 6.2 25 35.6 68 61.400000000000006 40 19.400000000000002 7.4 14 27.400000000000002 22.200000000000003 42 9.600000000000001 25.200000000000003 6.800000000000001 21.400000000000002 0 0 0 0 0.6000000000000001 0 0.6000000000000001 0 0 0 0 0 0 0 15 0.4 0 0.4 15.600000000000001 0 0.6000000000000001 0.4 0 0 0.6000000000000001 0.4 0 0 0 0.6000000000000001 0 12.4 0 0.6000000000000001 0 0 0 0 0.2 0 0 0.4 0 0 0 0 0.4 1.4000000000000001 0 0 0 0 0 0 0.6000000000000001 0 0 0.6000000000000001 0 0 3.8000000000000003 1.6 8.6 0.2 0 2.2 0 0.2 0 4.4 10 3.4000000000000004 6 2.2 4 10.600000000000001 0 10.600000000000001 3.2 0 0 0.4 0 0 0 0.2 0 0 0 0.2 0 0 0 0 0 0 0 0 2 1 0 0 0 0 0 0 0 0 0 0 0 0 0 0 0 0 0 0 0.2 0 0 0 0 0 0 0.4 0 2.8000000000000003 0 0 0 0 0 0 0 0.4 0 0 0.4 0 2 6 4.4 4.800000000000001 0 6 0.2 0 3 5.6000000000000005 3 0 0.2 3.6 2 6 5 0 0 1.8 0.2 0 0 0 0 0 0 0 0 0 0 0 0 0 0 0 0 0 3.4000000000000004 2.2 0 0 0 0 0 0 0 0 0 0 0 0 0 0 0 0 0 0 0 0 0 0 0 0 0 0 0 0 0 0 0 0 0 0 0 0 0 0 0 0 0 3.4000000000000004 0 0 0 0 0.2 0 0.4 19.200000000000003 0 2.4000000000000004 0 0.2 0 0 0 0 0 0 0 0 0 0 0 0 0 0 0 0 0 0 0 0 0 4 0 0 0 0 0 0 0 0 0 0 0 0 0 0 
 97 0 36.2 73.4 12.8 50.2 78.4 58.2 47.2 52 21.400000000000002 69 12.8 49.800000000000004 46.800000000000004 34 24.8 56 28.400000000000002 69.4 0 0 0 0 0.6000000000000001 0 0 0 0.4 0 0.2 0 15 0 15.200000000000001 0 0 0 15.200000000000001 14.8 0.6000000000000001 0 0 0 0.4 0.4 0 0 0 0.6000000000000001 0 0 0 0 0 0 0 0 0 0 0 0.4 0 0 0 0 0.4 0.6000000000000001 0 0 0 0 0 0 0.6000000000000001 0 0 0.2 0 0 3 0 4.2 4.2 0.2 2 0 7 0 2.6 6.800000000000001 5.800000000000001 0 2.4000000000000004 10.600000000000001 10.8 4.4 6.4 2.6 2 0 0 0 0 0 0 0 0 0 0 0 0 0 2.4000000000000004 0 0 0 0 8.200000000000001 4.4 0 0 0 0 0 0 0 0 0 0 0 0 0 0 0 0 0 0 0 0 0 0 0 0 0 0 0 0.4 0 0 1.8 0 0 0 0 0 0 0 0 0 1.4000000000000001 6.6000000000000005 2 1.2000000000000002 0 2 0 6.4 5 5.800000000000001 0 8.200000000000001 0 0 3 5.4 10.4 2.2 0 0 0 0 0 0 0 0 2.2 0 0 0 0 0 0 0 0 0 0 0 2.8000000000000003 5.800000000000001 0 0.6000000000000001 0 0 0 0 0 0 0 0 0 0 0 0 0 0 0 0 0 0 0 0 0 0 0 0 0 0 0 0 0 0 0 0 0 0 0 0 0 0 0 3 0 0 0 0 0.4 0 0.6000000000000001 0.4 0 1.8 0 0 0 0 0 0 0 0 0 0 0 0 0 0 0 0 0 0 0 0 0 0 0 2 0 0 0 0 0 0 0 0 0 0 0 0 0 0 
 13.600000000000001 36.2 0 66.8 51.6 7 32 19.8 33.6 54.800000000000004 8 46.400000000000006 56.2 32.6 4.800000000000001 47.400000000000006 26.200000000000003 26.400000000000002 5 14 0 0.2 0 0 0.6000000000000001 0 17 0 0 0.4 0.2 0 3.6 0 0 0 0 0 0.6000000000000001 10 0.6000000000000001 0 0 0.6000000000000001 0.6000000000000001 0.4 0 0.8 0.2 0.6000000000000001 0 0.8 0 0 0 0 0 0.4 1.4000000000000001 0 0 0.4 0 0 0 0 0.4 0.6000000000000001 0 0 0 0.2 0 0 0.6000000000000001 0.6000000000000001 0 0.6000000000000001 0 0 18.6 1.8 3.8000000000000003 0 3.8000000000000003 5.4 0 0 6.4 1.8 0 0 4 0 0 2.6 5.800000000000001 0 1.8 0 2 0 0 0 0 0 6.4 0 0 0 0 0 2.2 9.8 0.2 0 0 0 1.4000000000000001 3.4000000000000004 0 0 0 0 0 0 0 0 0 0 0 0 0 0 0 0 0 0 0 0 0 0 0 1.8 0 0 0 0 0 0 1.4000000000000001 0 0 0 0 0 0 0 0 0 2.2 0 4.800000000000001 0 2.8000000000000003 1.8 4 0 8.200000000000001 0.2 5.2 9.8 5.800000000000001 3 0 3 4.2 3.6 0 1.8 0 7.800000000000001 0.2 0 0 0 0 0 0 0 0 0 0 0 6.2 0 0 0 0 6.4 0.2 2.2 7.800000000000001 0 0 0 0 0 0 0 0 0 0 0 0 0 0 0 0 0 0 0 0 0 0 0 0 0 0 0 0 0 4.2 0 0 0 0 0 0 0 0 0 0 0 0 0 0.4 0.4 0.4 0 0 1.4000000000000001 0 0 0 0 0 0 0 0 0.4 0 5 0 0 0.4 0 0 0 0 0 0 0 0 0 2.8000000000000003 0 6 0 0 0 0 0 0 0 0 0 0 0 0 
 32 73.4 66.8 0 49.400000000000006 52.6 24.200000000000003 11.4 18.400000000000002 60 26.400000000000002 34 15 94 13.200000000000001 28.6 28.200000000000003 25.8 16.8 10.600000000000001 0 0 0 0 0.6000000000000001 0 14.8 15.8 0 0 0 0 20.200000000000003 0 13.4 0 0 0 0.8 21.200000000000003 0.6000000000000001 0 0 0 0.6000000000000001 0.4 0 0 0 0.6000000000000001 0 0 0 13.4 0 0 0 0 0.2 0 0 0.4 0 0 0 0 0.4 15.8 0 4 0 0 0 0 0.6000000000000001 0 0 0.6000000000000001 0 0 4 2 0 2.6 0 2 0 6.2 2.8000000000000003 2.4000000000000004 2.6 6.6000000000000005 0 3.2 0.4 1.4000000000000001 0 0.4 0 0 1.6 2.4000000000000004 1.6 0 0 0 1.6 1.4000000000000001 2 0 0 0 7 0 4.800000000000001 0 0 0 4.6000000000000005 0.2 0 0 0 0 0 0 0 0 0 0 0 0 0 0 0 0 0 0 0 0 0 0 0 0 0 0 0 0.2 0 0 0 0 0 0 0 0 0 0 0 0 1.8 4.800000000000001 2.6 8.200000000000001 4.2 2.6 0 2.8000000000000003 0 0 2 3.2 0.2 2.8000000000000003 4 3 2.6 0 0 0.4 2 1.4000000000000001 0 0 0 1.6 0 4.2 0 0 0 0 2.8000000000000003 0 3.8000000000000003 0 0 3 4.4 2.2 0 0 0 0 3 0 0 0 0.2 0 0 0 0 0 0 0 0 0 0 0 0 0 0 0.2 0 0 0 0 0 0 0 0 0 0 0 0 0 0 0 0 0 0 0 0 0 0 9.8 0 0.6000000000000001 18.400000000000002 0 1.8 0 0 0 0 0 0 0 0 0 0 0 0 0 0 0 0 0 0.2 0 0 0 0 0 0.2 1.6 0 0 0 0 0 0 0 0 0 0 0 0 0 
 6.2 12.8 51.6 49.400000000000006 0 52.6 55.6 11.8 13.600000000000001 37.800000000000004 72.8 31 18.400000000000002 31.400000000000002 12.200000000000001 55.2 72.2 25.6 11.4 29.6 16 0 15 0 0.6000000000000001 0 18.2 17.2 0 0.8 0.4 0 45.6 0.6000000000000001 16.2 0 16.2 0 0.6000000000000001 16.400000000000002 0.6000000000000001 0 0 0 0.6000000000000001 0.4 0 0.4 0 0.6000000000000001 0 0.2 0 0.4 0 0.4 0 0 0.2 0 0 0.6000000000000001 0 0 0 0 0.4 0.6000000000000001 0 0 10.4 0 0.6000000000000001 0 0.6000000000000001 0 0 0.6000000000000001 0 0 0 1.8 0 8 0.2 0 0 0 3 0.6000000000000001 4 8.200000000000001 0 2.6 0.2 0 0 0 0 0 5.4 2.8000000000000003 0 0 0 0 6.800000000000001 3 0 0 0 0 7.6000000000000005 2.2 0 0 0 0 0.4 4.4 0 0 0 0 0 0 0 0 0 0 0 0 0 0 0.4 0 0 0 0 0 0 0 3.6 0 0 0 0 0 0 2.2 0 0 0 0 0 0 0 0 0 0 0 0.2 2.6 0.2 3.2 0.4 3 0 0.4 0 0.4 7 0 0.6000000000000001 0 0 0 2.2 0 0 7.4 4.6000000000000005 2.8000000000000003 0 0 0 0 11.600000000000001 1.2000000000000002 2.2 0 0 4.2 3.2 2.4000000000000004 0 0.2 0 2.8000000000000003 10.200000000000001 0 0 0 0 0 2.2 0 0 0 0 0 0 0 0 0 0 0 0 0 0 0 0 0 0 0 7 0 0 0 0 0 0 0 0 0 0 0 0 0 0 0 0 0 0 0 0.4 17.6 0 0 0.6000000000000001 0 1 1.2000000000000002 0 0 0 0 0 0 0 0 0 5.6000000000000005 0 0 0 0 0 0 0 0.2 0 0 0 0 0 1.6 0 0 0 0 0 0 0 0 0 0 0 0 0 
 25 50.2 7 52.6 52.6 0 7 3.4000000000000004 10.200000000000001 56.6 14.600000000000001 40 12.600000000000001 65.4 15 14.600000000000001 45 35.800000000000004 10 7.6000000000000005 12.200000000000001 29.8 4.800000000000001 0.2 1.6 0 0.2 18.2 0 0 0 0 25.400000000000002 15 31.400000000000002 0 5.4 0.2 0.8 34.2 0.6000000000000001 0 0 0 0.6000000000000001 0.4 0.2 0 0 0.6000000000000001 0 0 0 0 0 0 0 0 0.2 0 0 0.4 0 0 0 0 0.6000000000000001 0.6000000000000001 0 0 0.6000000000000001 0 0 0 0.6000000000000001 0 0 0.6000000000000001 0 0 0 0 0 0 0 4.6000000000000005 0.2 0 4.2 0.2 2 5.6000000000000005 0 0 0 0 0 0 0 0 7.800000000000001 2.4000000000000004 0 0 0 0 7.6000000000000005 1.4000000000000001 1.8 0 0 0 8.6 0 6.800000000000001 0 0 0 3.6 0.2 0 0 0 0 0 0 0 0 0 0 0 0 0 0 0 0.2 0 0 0 0 0 0 0 0 0 0 0 0 0.4 0 0 0 0 3.2 0 0 0 0 0 0 0 0 0 3.6 4.2 3.8000000000000003 0 0 0 0 0 0 0.2 0 0.6000000000000001 0 0 0 0 0 1.8 3.8000000000000003 4.4 0 0 0 0 8.4 8.6 5.2 0 0 9.200000000000001 5.2 4.4 0 0 4 6.2 2.8000000000000003 0.4 0 0 0 0 0 0 0 0 0 0 0.2 0 0 0 5.2 0 0 0 0 0 0 0 0 0.2 0 0 0 0 0 0 0 0 0 0 0 0 0 0 0.2 0 0 0 0 0 0.4 18 0 0.8 1.6 0 2.6 0 0 0 0 0 0 0 0 0 0 0 0 0 0 0 0 0 0 0 0 0 0 0 0 3 5.2 0 0 0 0 0 0 0 0 0 0 0 0 
 35.6 78.4 32 24.200000000000003 55.6 7 0 34.6 9.200000000000001 7.6000000000000005 6 4.800000000000001 69 20 18.6 51.400000000000006 14.8 4.6000000000000005 41.6 45.2 0 0 0 0.4 0.8 0 0 0 0 0.2 0.6000000000000001 0 0 0 0 0.4 0 0.4 0.6000000000000001 0 0.6000000000000001 0.8 0 0 0.6000000000000001 0.4 0 0 0 0.6000000000000001 0 0 0 1.2000000000000002 0 0 0 0.4 0 0 0 0.4 0 0 0 0 0.4 0.6000000000000001 0 0 0 0 0 0 0.6000000000000001 0 0 0.6000000000000001 0 0 10.8 8.4 5.2 0 0 0 6.4 3.8000000000000003 0 0 2.8000000000000003 0 4.6000000000000005 8.8 0 0 2 6.4 10.600000000000001 3 0 0 0.2 0 0.2 0 0 0 0 0 0 0 0 0 0 0 0 0 0 6.2 0 0 0 0 0 0 0 0 0 0 0 0 0 0 0 0 0.2 0 0 0 0 0 0 0 0 0 0 0 0 0 0 0 0 0.2 0 0 1.8 0 0 3.4000000000000004 1 2.8000000000000003 3.8000000000000003 0.2 0 0 2.2 0 3.4000000000000004 1.6 0 0 4 2.2 2 0.2 0 0 4 3 0 0 0 0 0 0 0 0 0 0 0 0 0 0 0 0 0 0 0 0 0 0 0.2 0 0 0 0 0 0 0 0 0 0 0.4 0 0.2 0 0 0 0 0 0 0 0 0 0 0 0 0 0 0 0 0 2.6 0 0.4 0 0 0.4 0 0 0 0 0 0 0 0.4 0 0.4 0 0 1.2000000000000002 0 0 0 0 0 0 0 0 0 0 0 0 0 12.4 0 0 0 0 0 0 0 0 0 0 0 0 0 0 0 0 0 0 0 0 0 0 0 0 
 68 58.2 19.8 11.4 11.8 3.4000000000000004 34.6 0 16.400000000000002 47 25.8 9 20.400000000000002 21.200000000000003 66.60000000000001 9.8 28 90.2 28.200000000000003 26.6 0.2 0 0 0 0.6000000000000001 0 0.2 0 0 0 0 0 0.4 0 0 0 0.4 0 23.6 0 0.6000000000000001 0 0 0 0.6000000000000001 0.4 0 0 0 0.6000000000000001 0 0.2 0 0 0 0 0 0 0 0 0 0.4 0 0 0 0 0.4 0.6000000000000001 0 0 0 0 0 0 0.6000000000000001 0 0 0.8 0 0 8 2 7 1.8 0.2 1.2000000000000002 1.2000000000000002 2.8000000000000003 2.8000000000000003 7 6.800000000000001 2.2 0.2 0.4 9.600000000000001 5.2 9 9.200000000000001 7.800000000000001 2.2 0 0 0 0 0 0 0 0 0 0 0 0 0 3.2 0 0 0 0 9.8 4.4 0 0 0 0 0 0 0 0 0 5.800000000000001 0 0 0 0 3.4000000000000004 0 0 0 0 0 0 0 0 0 0 0 0 1.2000000000000002 0 0 0 0 0 0 0 0 0 0 0 0 1.4000000000000001 2 0.2 5.6000000000000005 1.8 1 2.8000000000000003 3 4.6000000000000005 2.8000000000000003 2.8000000000000003 4 1.2000000000000002 2.2 3 0.6000000000000001 0 2 0 0 0 0 0.2 0 0 0 6.800000000000001 0 0 0 0 0 0 0 0 0 0 0 3 2.8000000000000003 0 3.4000000000000004 0 0 0 0 0 0 0 0 2.4000000000000004 0 0 0 0 0 0 0 0 0 0 3 0 0 0 0 0 0 0 0 0 0 0 0 0 0 0 0 0 0 0 3 0 0 0 0.4 0 0 0.6000000000000001 1 0 2.8000000000000003 0 0 0 0 0 0 0 0 0 0 0 0 0 0 0 0 0 0 0 0 0 0 0 3.8000000000000003 0 0 0 0 0 0 0 0 0 0 0 0 0 0 
 61.400000000000006 47.2 33.6 18.400000000000002 13.600000000000001 10.200000000000001 9.200000000000001 16.400000000000002 0 66.8 27.200000000000003 49.6 44.800000000000004 43.800000000000004 8.8 46.2 8.8 9.8 20 48.400000000000006 0 0 0.6000000000000001 0 0.6000000000000001 0.4 0.4 0 0 0 0 0 3.2 0 0 0 0.4 0 0.6000000000000001 7 0.6000000000000001 0 0 0 0.6000000000000001 0.4 0 0 0 0.6000000000000001 0 6.2 0.6000000000000001 0.6000000000000001 0 0 0.4 0 0 0 0 0.4 0 0 0 0 0.4 1 0 0 0 0 0 0 0.6000000000000001 0 0 0.4 0 0 0 2 9.600000000000001 5.6000000000000005 0 0.2 0 1.8 2.4000000000000004 1.2000000000000002 0.2 2 5.2 2.8000000000000003 0 6 8.200000000000001 0.2 4.6000000000000005 8.200000000000001 0 0 0 0 0 0 0.2 0 0 0 0 0 0 3 0 0 0 0 3 1.6 0 0 0 0 0 0 0 0 0 0 0 0 0 0 0 0 0 0 0.2 0.2 0 0 0 0 0 0 0 0 0 0 0.6000000000000001 0 0 0 0 0 0 0 0 0 0 5 6.2 4.4 0 0.6000000000000001 3.8000000000000003 3 3.8000000000000003 0.2 0.2 2.6 5.4 3.6 8.4 8.6 8.6 2 0 7.6000000000000005 0 0 0.8 0 0 0 0 0 0 0 0 0 0 0.2 0 0 0 0 0 3.6 4.4 2 0 0 0 0 0 0 0 0 0 0 0 0 0 0 0 0 0 0 0 0 0 0 0 0 0 0 0 0 0 0 0 0 0 0 0 0 0 0 0 0 0 0 0 0.6000000000000001 0 0.2 0.6000000000000001 30.200000000000003 0 2.4000000000000004 0 0 0 0 0 0 0 0 0 0 0 0 0 0 0 0 0 0 0 0 0 0 0 2.6 0 2 0 0 0 0 0 0 0 0 0 0 0 0 
 40 52 54.800000000000004 60 37.800000000000004 56.6 7.6000000000000005 47 66.8 0 21.400000000000002 53.6 46.2 106 15.600000000000001 19.200000000000003 20.200000000000003 23.8 16.2 19.200000000000003 0.4 0.4 0 15.200000000000001 0.6000000000000001 0 15.4 0 0 0.6000000000000001 0 0 0.2 0 0 0 8.200000000000001 0 15.200000000000001 0.4 1 0 0 0 1 0.4 0.4 0 0 0.6000000000000001 0 6 0 0 0 0 0 0 0 0 0 1 0 0 0 0 0.4 0.6000000000000001 0.6000000000000001 0 0 0.4 0 0 0.6000000000000001 0 0 0.6000000000000001 1 0.2 0 0 0.2 1.8 0.6000000000000001 0 0.2 3 2.6 1.8 3.6 1.6 1.8 3.8000000000000003 10.4 6.800000000000001 5.2 7 0.2 0 2.2 0 0.2 0 0 0 0 0 2 0 0 0 0 0 0 0 0 0 3 5.4 0 0 0 0 0 0 0 0 0 0 0.4 0 0 0.4 2 0 0 0 0 0 0.4 0 0 3 0.2 0 0 2.2 0 0 0 0 0 0 0 0 0 0 0.6000000000000001 0 0 4.6000000000000005 0 2.2 0 0 0.2 0 3.6 3.8000000000000003 0.4 9 0 0 3.2 0.2 0 3.2 0 0 10.600000000000001 0 0 0 0 0 2 10.8 0 0 0 0 0 0 0 0 0 0 2 0.2 0 0 0 0 0 2.4000000000000004 0 0 0 0 0 0 0 0 0 0 0 0 0 0.2 0 0 0 0 0 0 0 0 0 0.2 0 0.4 0 0 0 0 0 0 0 0 0 3.4000000000000004 0 0 0 0.2 0.4 0 17.8 9.8 0 2 1.6 0 0 0 0 0 0 0 0 0 0 0 0 0 0 0 0 0 0 0 0 0 0 2.8000000000000003 0 0 0 0 0 0 0 0 0 0 0 0 0 0 
 19.400000000000002 21.400000000000002 8 26.400000000000002 72.8 14.600000000000001 6 25.8 27.200000000000003 21.400000000000002 0 66.4 114.80000000000001 34.6 9.8 45.400000000000006 13.8 17.400000000000002 5.800000000000001 18 0.4 0 0.2 13.8 0.6000000000000001 0 16 0 0 0.4 0 0 3.4000000000000004 0 0.2 0 0.2 0 0.4 0 0.6000000000000001 0 0 0 0.4 0.6000000000000001 0 0 0 0.6000000000000001 0 4 0 0.4 0 0 0 0 0 0 0 0.8 0 0 0 0.2 0.4 0.6000000000000001 0 0 0 0 0 0 0.6000000000000001 0 0 0 0 0 0 0.4 4.2 1.2000000000000002 2 0 0 1.2000000000000002 3.6 2.8000000000000003 6.2 4.6000000000000005 0 6.800000000000001 1 3.6 2.4000000000000004 2.4000000000000004 0 1.6 2.4000000000000004 0 0 0 0 0 3 6 0 0 0 0 0 0 0 0 0 0.2 0 2.2 0.2 0 0 0.4 0 0.2 0 0 0 0 0 0 0 0 0 0 0 0 0 0 0 0 0 0 0 0 0 0 0 0 0 0 0 0 0.4 0 2.2 0 2 0 0 2.2 8.8 0 0.2 0 4.6000000000000005 0 5 3.8000000000000003 0 4 1.6 2.8000000000000003 0 1.8 1.8 2.4000000000000004 0 1.2000000000000002 9 0 3.2 0 0 0 0 11.600000000000001 0.8 2 0 0 0.8 2.2 0 0.4 3.2 0 2.2 0 1.8 0 0 0 0 0 0 0 0 0 0 0 0 0 0 0 0 0 0 0 0 0 0 0 0 0 0 0 0 0 0.2 0 0 0 0 0 0 0 0 0 0 3.6 0 0 0 0.4 0 0 18.2 1.4000000000000001 0 0.4 2 0 0 0 0 0 0 0 0 0 0 0 0 0 0 0 0 0 0 0 0 0 0 0 0 2.8000000000000003 0 0 0 0 0 0 0 0 0 0 0 0 
 7.4 69 46.400000000000006 34 31 40 4.800000000000001 9 49.6 53.6 66.4 0 6.4 24.8 9.600000000000001 44 30.6 49.6 10.4 7.4 0 0 0.6000000000000001 0 0.6000000000000001 0 0.6000000000000001 0 0 0 0 0 29.6 0 12.8 0 0.4 0 16.2 8.8 0.6000000000000001 0 0 0 0.6000000000000001 0.4 0 0 0 0.6000000000000001 0 0.2 0.6000000000000001 0.6000000000000001 0 0 0 0 0 0 0 1 0 0 0 6.4 1 1 0 0 0.4 0 0 0 0.6000000000000001 0 0 6.6000000000000005 0 0 0 1.4000000000000001 0 0.2 5.6000000000000005 2.2 0 9.4 14.600000000000001 1.8 6.6000000000000005 0 0 8 0 2.6 1.6 0 0 0 4.800000000000001 2.6 0 0 0.4 0.2 5.800000000000001 3.6 1.8 0 0 0 2.6 8.6 1.8 0 0 0 1.2000000000000002 9.200000000000001 0 0 0 0 0 0 0 0 0 0 0 0 0 0 0 0 0.4 0 0 0 1.4000000000000001 0 0 0 0 0 0.4 0 0 0 1.2000000000000002 0 0 0.4 0 0 0 0 0 0 2.2 3.4000000000000004 0.2 1.2000000000000002 2 3.8000000000000003 0.6000000000000001 11.4 2.8000000000000003 0 0.8 3 0 1.8 0 2.8000000000000003 1.8 4 0 0 1.8 0.2 0.2 0 0 0 0 5.800000000000001 4.4 0 0 0 0 0 3.8000000000000003 0 2.4000000000000004 0 2 8.4 0 2.2 0 0 0 0 0 0 0 0 0 0 0 0.2 0 0.4 0 0 0 0 0 0 0 0 0 0 0 0 0 0 0 0 0 0 0 0.2 0 0 0.2 0 0 0 0 0 0 0 0.8 0 1.2000000000000002 0 0 4.6000000000000005 0 0 14.8 0 0 0 0 0 0 0 2 0 0 0 0 0 0 0 0 0 0 0 0 2.6 0 3.8000000000000003 0 0 0 0 0 0 0 0 0 0 0 0 
 14 12.8 56.2 15 18.400000000000002 12.600000000000001 69 20.400000000000002 44.800000000000004 46.2 114.80000000000001 6.4 0 40.2 5 21.6 6.800000000000001 11.4 34.2 87.80000000000001 0 0 0.2 0 0.6000000000000001 0 0.4 0 0 0 0.2 0 0 0.6000000000000001 0 0 15 0 0.4 0 0.6000000000000001 0 0 0 0.4 0.4 0 0.2 0 0.6000000000000001 0 17.8 0 0 0 0 0 0 0 0 0 0.4 0 0 0 0 0.4 0.6000000000000001 0 0 0 0 0 0 0.6000000000000001 0 0 0.2 0 0 0 0.2 2 0 0 0 2.2 1 4.6000000000000005 0 0 0 6.4 3.2 0 4.4 0.6000000000000001 0 0.2 2.8000000000000003 0 0 0 0 0 0 0 0 0 0 0 0 0 0 0 0 0 0 0 0 0 0 0 0 0 0 0 0 1.6 0 0 0 0 0 0 0 0 0 0 0 0 0 0 3.6 0 0 0 1.8 0 0 0 2.2 0 0 0 0 0 0 0 0 2.8000000000000003 0 0.2 1.2000000000000002 0 0 0.6000000000000001 3 0 0 0 0 2.4000000000000004 0 2 2 0 0 4.2 3.8000000000000003 0 0 0 0 0 0 0 0 0 0 0 0 0 0 0 3 0 0 0 0 0 0 0 0 0 0 0 0 0 0 0 0 0 0 0 0 0 0 0 0 0 0 0 0 0 0 0 0 0 0 0 0 0 0 0 0 0 0 0 0 0 0 0 0 0 17.400000000000002 0 0.4 0.6000000000000001 19 0 0.8 0 0 0 0 0 0 0 0 0 0 0 0 0 0 0 0 0 0 0 0 0 0 0 0 0 0 0 0 0 0 0 0 0 0 0 0 0 0 
 27.400000000000002 49.800000000000004 32.6 94 31.400000000000002 65.4 20 21.200000000000003 43.800000000000004 106 34.6 24.8 40.2 0 22.200000000000003 20.400000000000002 5.2 9 60.800000000000004 58 0 0 0 0 0.6000000000000001 0 41.2 0 0 0 0 0.4 0 1.2000000000000002 0 0.4 0 0.4 31 0.2 1 0.4 0 0 0.6000000000000001 12.4 0 0.4 0 0.6000000000000001 0 0.2 0.2 0.6000000000000001 0 0 0 0 0 0 0 0.4 0 0 0 0 0.4 0.6000000000000001 0 0 0 0 0 0 0.6000000000000001 0 0 0.2 0 0 4.2 9.200000000000001 0 0 0 0 12.200000000000001 5.2 5.800000000000001 0 0 2.8000000000000003 2.8000000000000003 9 9.200000000000001 3.8000000000000003 5.2 4.2 6 1.4000000000000001 0 0 0 0 0 0 0 0 0 0 0 0 0 0 0.2 0 0 0 2.2 0 0 0.2 0 0 0 0 0 0 0 0 0 0 0 0 0 0 0 0 0 0 0 0 0 0 0 0 0 0 0 0 0 1 0 0 0 0 0.6000000000000001 0 0 0 2 2.8000000000000003 5.4 4.800000000000001 0 0 5.4 3 2.2 0 0 0 2.2 3.8000000000000003 5 2.2 6.6000000000000005 0 0.2 0 1.2000000000000002 0 0 0 0 0 0 0 0 0 0 0 0 0 0 0 0 0 0 1.2000000000000002 0.2 0 0 0 0 0 0 0 0 0 0 0 0 0 0 0 0 0 0 0 0 0 0 0 0 0 0 0 0 0 0 0.2 0 0 0 0 0.2 0 0 0 0 0 0 0 0 0.4 0.2 0.2 0.4 2.2 0 1.8 0 0 0 0 0.4 0 0 0 0 0 0 0 0 0 0 0 0 0 0 0 0 0 0 3 0 0 0 0 0 0 0 0 0 0 0 0 0 0 
 22.200000000000003 46.800000000000004 4.800000000000001 13.200000000000001 12.200000000000001 15 18.6 66.60000000000001 8.8 15.600000000000001 9.8 9.600000000000001 5 22.200000000000003 0 34.2 19.200000000000003 23.6 26.400000000000002 27.6 0.4 0.4 0 0 0.6000000000000001 0 0 0 0 0.6000000000000001 0.4 0 0 0.4 0 0 0.6000000000000001 0.4 0.6000000000000001 0.4 1 0 0 0 1 0.4 0.4 0 0 0.6000000000000001 0 0 0 0 0 0 0 0 0 0 0 1.6 0 0 0 0 0.4 0.6000000000000001 0.6000000000000001 0 0 0.4 0 0 0.6000000000000001 0 0.2 0.6000000000000001 0.4 0 7.4 6.800000000000001 6.2 0 0 1.6 3.4000000000000004 0.2 2.8000000000000003 4.4 5 2.2 1.6 1.4000000000000001 2.8000000000000003 0 1.8 6.2 7.2 8.200000000000001 0 0 0 0.4 0 0 0 0.2 0 0 0 0 0 0 0 0 0 0 0 0 0 0 0.2 1.4000000000000001 0 0 0 0 0 0 0 0 0 0 0 0 0 0 0 0 0 0 0 0 0 0 0 2 0 0 0 0 0 0 0 0 0 0 0 0 1.2000000000000002 0.2 3.4000000000000004 6.4 0 2.2 0 0 0 3.8000000000000003 9 2.8000000000000003 4.2 3.2 1.8 0 0 8.4 0 2.6 0 0 0.2 0 0 0 1.8 0 0 0 0 0 0 0 0 0 0 0 0 0 0 0 0 0 0.4 0 0 0 0 0 0 0 0 0 0 0 0 0 0 0 0 0 0 0 0 0.2 0.2 0 0 0 0 0 0 0 0.4 0 0 0 0 0 0 0 0 0 0 0 1.6 0 0 0.2 2 1.8 0 0 0 0 0 0 0 0 0 0 0 0 0 0 0 0 0 0 0 0 0 0 0 0 0 0 0 0 0 0 0 0 0 0 0 0 0 0 
 42 34 47.400000000000006 28.6 55.2 14.600000000000001 51.400000000000006 9.8 46.2 19.200000000000003 45.400000000000006 44 21.6 20.400000000000002 34.2 0 30.400000000000002 18.6 9.200000000000001 28.400000000000002 0 0.2 0 0 0.6000000000000001 0 15.8 0 0 0 0 0 0.2 0 0 0 1.2000000000000002 0 1 0.6000000000000001 0.6000000000000001 0 0 0 0.6000000000000001 0.4 0 0 0 0.6000000000000001 0 0.2 0 0 0 0 13 0 0.2 0 0 0.4 0 0 0 0 0.4 0.4 0 0 0 0 0 0 0.6000000000000001 0 0 0.6000000000000001 0 0 0 2 1.8 2.2 3 2.6 0 5.800000000000001 7 6 3.4000000000000004 4.2 4.2 4.2 0 4.4 4.800000000000001 3.6 2.2 1.8 2.2 0 0 0 0 0 4 0 0 0 0 0 1.8 8 0.2 0 0 0 3.8000000000000003 2.2 0 0.2 0 0 0.4 0 0 0 0 0 0 0 0 0 0 0 0 0 0 0 0 0 0.2 0 0 0 0 3.6 0 0 0 0 0 0 0 0 0 0 0 0 0.2 7.4 10.200000000000001 2.6 0 4 9.600000000000001 5.6000000000000005 3.2 3.6 1.2000000000000002 4.6000000000000005 4.2 5 0 4.6000000000000005 5.800000000000001 1.8 0 1.8 0 5.4 0.2 0 0 0 0 0 0 0 0 0 0 2 0 2 0 0 4.4 2.2 5.6000000000000005 2.2 0 0 0 0 0 0 0 0 0 0 0 0 0 0 0 0 0 0 0 0 0 0 0 0 0 0 0 0 0 0 0 0 0 0 0 0 0 0 0 0 0 0 0 0.4 0.4 0 0.6000000000000001 0.6000000000000001 0.4 0.8 0 0 0 0 0 0 0 0 0 0 8 0 0 0 0 0 0 0 0 0 0 0 0 3.6 0 0 0 0 0 0 0 0 0 0 0 0 0 0 
 9.600000000000001 24.8 26.200000000000003 28.200000000000003 72.2 45 14.8 28 8.8 20.200000000000003 13.8 30.6 6.800000000000001 5.2 19.200000000000003 30.400000000000002 0 34 62.2 27.8 0 0 0.6000000000000001 0.8 0.6000000000000001 0 16 0 0 0 0 0 0.2 0.4 0 0 0 6 30.400000000000002 14.200000000000001 1 0 0 0 1 0.4 0 0.4 0.6000000000000001 0.6000000000000001 0.4 0.8 0 0 0 0.6000000000000001 0 0.4 0 0 0 0.6000000000000001 0 0 0 0.6000000000000001 0.4 0.6000000000000001 0 0.4 0 0 0 0.4 0.6000000000000001 0 0.6000000000000001 0.6000000000000001 0 0 0 1.2000000000000002 0 0 1.6 0 0 2.8000000000000003 3.2 4.800000000000001 0 2.6 0 3.4000000000000004 6.4 0 2.6 6.800000000000001 0 0 3 0 0 0 0 0.4 6.800000000000001 0 0 0 0 0 0 13.600000000000001 3.4000000000000004 7.4 0 0 1 2.6 0 0 0 0 0 0 0 0 0 0 0 0 0 2.6 0 4 0.2 0 0 0 0 0 0 0 0 0 0 0.2 0 0 3.4000000000000004 0 0.4 0 0 0 0 0 0 0.6000000000000001 1.2000000000000002 3.6 0 4.6000000000000005 0 0 0.6000000000000001 11.200000000000001 0 3.8000000000000003 5.800000000000001 7 1 0 4.4 0 2.8000000000000003 4.4 3.2 1 3.6 0 0 0.4 0.4 0 2.4000000000000004 3.8000000000000003 0 0 0 0 0 0 3 0 0 4.6000000000000005 3.2 2.8000000000000003 0 0 0 0 0 0.4 0 0 0 0 0 0 0 0 0 0 0 0 0 0 0 0 0 0.4 0 0 0 0 0 0 0 0 0 0 0 0.4 0 0.2 0 0 0 0 0 0 0 0.2 0.6000000000000001 0 0 0.8 2 3.2 2 0 0 0 0 0 0 0 0 0 1.4000000000000001 0 0 0 0 0 0 0 0 0 0 0 0 2.8000000000000003 4.6000000000000005 0 0 0 0 0 0 0 0 0 0 0 0 0 
 25.200000000000003 56 26.400000000000002 25.8 25.6 35.800000000000004 4.6000000000000005 90.2 9.8 23.8 17.400000000000002 49.6 11.4 9 23.6 18.6 34 0 7.6000000000000005 3 0 0.4 12.600000000000001 0 0.6000000000000001 0 15.200000000000001 0.4 0 0.2 0 0 12.200000000000001 0 0 0.4 0 0 4.4 30.8 0.6000000000000001 0 0 0 0.6000000000000001 0.4 0 0 0 0.6000000000000001 0 0.2 0 0 0 0 0 0 0.2 0 0 1.4000000000000001 0 0 0 0 0.4 0.6000000000000001 0 0 2 0 0 0 0.6000000000000001 1.6 0 0.6000000000000001 0.4 0 1.2000000000000002 2 2.2 0 7.6000000000000005 10.600000000000001 0 4.6000000000000005 2.6 7.800000000000001 5.4 3.2 0 2 5 3.8000000000000003 3.4000000000000004 3 0 0 0 0 0 0 0 0 4 2.2 0 0 0 0 0.6000000000000001 9 3.4000000000000004 0 0 0 6 5.6000000000000005 0 0.2 0 0 0.4 0 0 0 0 0 0 0 0 0 0 0 0 0 0 0 0 0 0 2.8000000000000003 0 0 0 0.6000000000000001 0 0 0 0 0 0 0 0 0 0 0 0 2 8 0 8.6 0.2 1.8 0 2.4000000000000004 3.6 0 1.4000000000000001 6.2 1 0.6000000000000001 3.8000000000000003 0 1.4000000000000001 3 0 0 0 0 0 0 0 0 2 3 0.2 0 0 0 0 0.2 3 0 3 4.800000000000001 3 1.6 0 2 0 0 0 0 0 0 0 0 0 0 0 0 0 0 0 0 0 0 0 0 0 0 0 0 0 0 0 0 0 0 2.6 0 0 0 0 0 0 2.2 0 0.2 0 0 0 0.4 0.4 0 18.2 0.4 0.2 2.8000000000000003 2.2 0 0.4 0 0 0 0 0 0 0 0 0 0 0 0 0 0 0 0 0 0 0 0 2.8000000000000003 5.4 0 0 0 0 0 0 0 0 0 0 0 0 0 
 6.800000000000001 28.400000000000002 5 16.8 11.4 10 41.6 28.200000000000003 20 16.2 5.800000000000001 10.4 34.2 60.800000000000004 26.400000000000002 9.200000000000001 62.2 7.6000000000000005 0 44.400000000000006 0 0 0 0 0.6000000000000001 0 0 0 0 0 0 0 0 1.2000000000000002 0.4 0.4 0 0.4 0.6000000000000001 0 1 0.4 0 0 0.6000000000000001 0.4 0 0 1 1 0 0 0 0.6000000000000001 0 0 0 12.4 0 0 0 0.4 0 0 0 0 0.4 0.6000000000000001 0 0 0 0 0 0.8 0.6000000000000001 0 0 0.4 0 0 10 9.200000000000001 2.8000000000000003 0 0 0 6.800000000000001 3.6 11.600000000000001 0 2 0 2 0 3.8000000000000003 0 0 2.4000000000000004 6.800000000000001 3.2 0 0 0 0.6000000000000001 0 0.2 0 0 0 0 0 0 0 0 0 0 0 0 0 0 0 0 0 0 0 0 0 0 0 0 0 0 0 0 0 0 0.2 0 0 0 0 0 0 0 0 0 0 0 1.2000000000000002 0 0 2.6 0 0 0 0 0 0 0 0 3.2 0.2 0 0 0 0 2 2.2 0 0 0 0 2.2 8.6 3.8000000000000003 0 0 0 1.2000000000000002 2.4000000000000004 0 0 0 0.2 0.2 0 0 0 0 0 0 0 0 0 0 0 0 0 0 0 0 0 0 0.4 0 0 0 0 0 1.8 0 0 0 0 0 0 0 0 0.4 0 0 0 0 0.2 0 0 0 0 0 0 0 0.2 0 0 0 0.2 0 0.4 0 0 0 0 0 0 0 0.4 0 0 0.2 0 0 4.6000000000000005 0 0 0 0 0 0 0 0 0 0 0 0 0 0 0 0 0 0 0 0 0 0 0 0 0 0 0 0 0 0 0 0 0 0 0 0 0 0 
 21.400000000000002 69.4 14 10.600000000000001 29.6 7.6000000000000005 45.2 26.6 48.400000000000006 19.200000000000003 18 7.4 87.80000000000001 58 27.6 28.400000000000002 27.8 3 44.400000000000006 0 0 0 0 0 0.6000000000000001 0 0 0 0 0 0.2 0 0 0 0 0 0 0.4 0.6000000000000001 0 0.6000000000000001 0 0 0 0.6000000000000001 0.4 0 0.2 0 0.6000000000000001 0 0 0 0 0.6000000000000001 0 0 0 1.8 0 0 0.4 0 0 0 0 0.4 0.6000000000000001 0 0 0 0 0 0 1 0 0 0.4 0 0 12.4 0 13.8 0 0 0 2.4000000000000004 0.2 2 0 10.600000000000001 0 1.6 0 0 0 0 6.2 10.200000000000001 2.8000000000000003 0 0 0 0 0 0 0 0 0 0 0 0 0 0 0 0 0 0 0 0 0 0 0 0 0 0 0 0 0 0 0 0 0 0 0 0 0 0 0 0 0 0 2.6 0 0 0 0 0 0 0 0 0 0 0 0 0 0 0 0 0.8 1.2000000000000002 0.2 2.8000000000000003 0 0 0 0 1.8 2.4000000000000004 6.6000000000000005 0 0 0.4 0.2 0.2 2.2 5.2 0 1.2000000000000002 5.4 1.4000000000000001 0 0 0 0 0 0 0 0 0 0 0 0 0 0 0 0 0 0 0 0 0 0 0 0 0 0 0 0 0 0 0 0 0 0 0 0 0 0 0 0 0 0 0 0 0 0 0 0 0 0 0 0 0 0 0 0 1.8 0 0 0 0 0 0 0 0 0 0 0.4 0.6000000000000001 0 0.8 0 0 0 0 0 0 0 0 0 0 0 0 0 0 0 0 0 0 0 0 0 0 0 0 0 0 0 0 0 0 0 0 0 0 0 0 0 0 
 0 0 0 0 16 12.200000000000001 0 0.2 0 0.4 0.4 0 0 0 0.4 0 0 0 0 0 0 38.6 33.4 65.8 68.60000000000001 23.6 33.4 18.400000000000002 27.6 65.8 29.8 51.800000000000004 54.6 110 33 37.6 17.8 24.8 21 19.6 0 0 0 0 0 0 0.6000000000000001 0 0 0 0.6000000000000001 0 0 0 0.2 0 0.4 0 0 0 0 3.8000000000000003 0 0 7.6000000000000005 0 0.6000000000000001 0 0 0 1.4000000000000001 0 0 0 0 0 0.8 0 0.6000000000000001 0 0 0 0 0 5.2 4.2 0 0 0 0.2 1.4000000000000001 0 0 0 0 0 0 0 0 0 3.8000000000000003 2.2 0.2 4.6000000000000005 9.4 0 7.2 5.4 4.800000000000001 2.4000000000000004 2.4000000000000004 1.6 2.2 0 2.8000000000000003 3.8000000000000003 1.6 2.8000000000000003 0.2 1.6 0 0 0 0 0 0 0 0 0 0 0 0 0 0 0 0 0 0 0 0 0 0 0 0 1 0 0 0 0 0 0 0 0 0 0 0 0 0 0 0 0 0 0 0 1.8 3.8000000000000003 0 0 0 0 0 0 0 0 0 0 0 0 0 0 4 4.6000000000000005 10.600000000000001 0.4 2.2 0 1.8 1.6 4.4 5.6000000000000005 3.2 5.4 4 5.4 5.6000000000000005 7.800000000000001 6 13.200000000000001 2 0 0 0 0 0 0 0 2.6 0 0 0 0 0 0.2 0 0 0 0 0 2 0 0 0 0 0 0 3.8000000000000003 0 0 0 0 0 0 0 0 0 0 0 0 0 0 0 0 0 0 0 0 0 0 0 0 0 0 0 0 1.8 0 0 0.2 0 0.4 0.2 0 0 0 0 0 0 0 0 0 0 0 0 0 0 0 0 0 0 0 0 6.6000000000000005 0 0 0 0 0 0 0 0 
 0 0 0.2 0 0 29.8 0 0 0 0.4 0 0 0 0 0.4 0.2 0 0.4 0 0 38.6 0 66.4 12.600000000000001 11 25.6 14.8 64.4 58 26.6 99.4 8.200000000000001 5.800000000000001 10.600000000000001 22.6 53.2 64.2 37.4 24.8 25.6 0.6000000000000001 0 0 0 0 0 0 0 0 0 0.4 0 23.6 0.2 0 0 0.4 0 0.8 0 0 0 0 0 11.4 0 0.6000000000000001 0 0 0 0.2 0 0 0 0 0 0.6000000000000001 0 0.6000000000000001 0 0.4 0 0.2 0 0 0 0 0 0 0 0 0.4 0 2.2 0 0 0 0 0.4 0 3.6 0 1.8 5.2 0.8 0 4.800000000000001 3.6 3 1.6 2.2 0 6 0.2 5.4 0 1.8 2.4000000000000004 0 0 0 0 0 0 0 0 4 0 0 0.2 0 0 0 2.4000000000000004 0 0 0 0 4.4 0 0 0 0 0 0 0 0 2.4000000000000004 0 0 0 0 0 0 0 0.4 0 0 0 0 0 2.6 0.4 0 0 0 0 0 0.2 0.6000000000000001 0 0 0 0 0 0.8 0 0 1 0 3 7 0 0 0 4.6000000000000005 0.2 0 0 4 4.800000000000001 4 0.6000000000000001 2 10.200000000000001 2.4000000000000004 2.8000000000000003 3.4000000000000004 4 0 2 4 0 4.800000000000001 0 0 0 0.4 0 0 0 0 4.2 2.2 1.4000000000000001 0 0 0 1.4000000000000001 0 0 0 0 0 0 0 0 0 0 0 0 0 0 0 0 0 0 0 0 0 0 0 0 0 0 0 0 0 0 0 0 0 0 0 2.6 0 0 15.600000000000001 15.4 0 2 0 0 0 0 4.800000000000001 0 0 0 0 0 0 0 0 0 0 0 0 0 0 0 1.6 0 0 0 3.6 0 0 0 0 
 0 0 0 0 15 4.800000000000001 0 0 0.6000000000000001 0 0.2 0.6000000000000001 0.2 0 0 0 0.6000000000000001 12.600000000000001 0 0 33.4 66.4 0 67.2 10.4 9.8 13.8 86 45 29.200000000000003 77.60000000000001 23.400000000000002 13.200000000000001 45.400000000000006 24 21.6 68 9.600000000000001 9.8 14.200000000000001 0 0 0.4 0 0 0 0 0 0 0 0.4 0.4 0 0.6000000000000001 0 0 0.8 0 0 0 0 0 0 0 6.4 0 1.2000000000000002 0 0 0 0 0 0 0.4 0 0 0.6000000000000001 0 0.6000000000000001 0 0 0 0 0.2 0 0.2 0 0 0 0 0 0 0 0 0.4 0 0 0 0 0 2.8000000000000003 2.8000000000000003 2 3.6 1.8 0 0 0 4 11 0.6000000000000001 2.2 2.6 4 0 0 3.8000000000000003 2.4000000000000004 0 0 0 0 0 0 0 0.2 4.4 0 0 0 0 0 0 0.2 0 0 0 0 6.6000000000000005 0 0 0 0 0 0 0 0 0 0 0 0 0.4 0 0 0 0 0 0 0 0 4 0 0.8 0 0 0 0 0 0.8 0.6000000000000001 0 0 0 0.4 0 0.6000000000000001 0 0 0 0 2.8000000000000003 2 2.2 3.8000000000000003 5.6000000000000005 3.2 0 5.2 0 7.4 5.800000000000001 7.800000000000001 0 1.2000000000000002 2 2.6 0 0 4.4 0 0 1.2000000000000002 0 0 0 0 0.8 0 0 0.2 0 0 3.2 0 0.2 0 2 0 0 0 0 0 2.6 2.4000000000000004 0 0 0 0 0 0 0 0.4 0 0 0 0 0 0 0 0 0 0 0 0 0 0 0 0 0 0 0 0 0.2 0 2.6 0 0 15.4 0.8 0 0 0.4 0 0 0 0 0 0 0 0 0 0 0 0 0 0 0 0 0 0 0 1.4000000000000001 0 0 0 0.6000000000000001 2.2 0 0 0 
 0 0 0 0 0 0.2 0.4 0 0 15.200000000000001 13.8 0 0 0 0 0 0.8 0 0 0 65.8 12.600000000000001 67.2 0 31.400000000000002 28 45.6 14.8 23.400000000000002 91.4 29 8.6 10.4 56.6 12.200000000000001 24.6 71.60000000000001 23.400000000000002 32.800000000000004 9.200000000000001 0.8 0 0 0 0 0 0 2.2 0 0 0.6000000000000001 0 0 0.6000000000000001 0 0 1.4000000000000001 0 0 0 0 0 0 0 0.8 0 0.6000000000000001 2.8000000000000003 0 0 0 1 1.2000000000000002 0 0 0 0.6000000000000001 0.2 0.8 0 0 0 0 0 2.4000000000000004 0 0.2 0 0 0 0 0 0 0 0 0 0 0 0 0 5 4.800000000000001 6 8.6 3.8000000000000003 3.8000000000000003 2.4000000000000004 4.800000000000001 6.4 1.2000000000000002 7.800000000000001 6.2 0 0 0 4.800000000000001 1.8 4 0 0 0 0 0 0 0 0 0 0.2 0 0 0 0 0 0 0 0 0 0 1.6 2 0 0 0 0 0 0 0 0 0 0 0 0 0 0 0 0 0 0.2 0 0 0 0 0.4 0 0 0 0.2 0 0 0 0 0.2 0 0 0.2 0 0 0 0 0 0 3.6 2.4000000000000004 3.2 1.6 0 6 1.8 7 2.6 2.4000000000000004 6.2 2.4000000000000004 0 3.8000000000000003 2.6 4.800000000000001 0 3.6 0 0 0 0 0 0 0 0 2.6 0 0 0 0 0.2 3.8000000000000003 0 0 0 0 3 0.2 0 0 0 0 0 0 0 0 0 0 0 0 0 0 0 0 0 0 0 0 0 0 3.8000000000000003 0 0 0 0 0 0 0 0 0 0 0 0.4 0 0.4 25.200000000000003 0.2 0 0.2 0 0 0 0 0 7.800000000000001 0 0 0 0 0 9.8 0 0 0 0 0 0 2.4000000000000004 0 1.4000000000000001 0 0 0 0 0 0 0 0 
 0.6000000000000001 0.6000000000000001 0.6000000000000001 0.6000000000000001 0.6000000000000001 1.6 0.8 0.6000000000000001 0.6000000000000001 0.6000000000000001 0.6000000000000001 0.6000000000000001 0.6000000000000001 0.6000000000000001 0.6000000000000001 0.6000000000000001 0.6000000000000001 0.6000000000000001 0.6000000000000001 0.6000000000000001 68.60000000000001 11 10.4 31.400000000000002 0 89.4 18.2 8.4 12.600000000000001 65 60.800000000000004 25.200000000000003 60.400000000000006 21 30.200000000000003 120.4 67.60000000000001 21.8 13.4 14.4 12.8 0 0 0 0 0 0 55.6 0 0.2 0.6000000000000001 0.4 0.2 0 0 0 0.4 0 0 0 0 0 0 0 1.8 0 1.4000000000000001 1.6 0 0 0 1.6 0 0 0 0 0.6000000000000001 0 0.6000000000000001 0 0 0 0 0 0 0 0 0 0 0 0 0 0 0 0 0 0 0 0 0 3.4000000000000004 2.2 0.2 6.4 15.200000000000001 8.4 0 2.4000000000000004 3.6 2 0 5 0 0 0 3 0 0.2 0 0.4 0 0 0 0 3.8000000000000003 2 2.6 0 2.4000000000000004 0 0.8 0 3 0 0 0 0 0 0 4 0 0 0 0 0.6000000000000001 0 0 0 0 0.2 0 0 0 0.4 0 0 0 0 0 0 0 0 0 0 1.2000000000000002 0 1.8 0 0 0 0 1 0 0 0 0.4 0 0 0.4 0 0 3 0.4 0 6.4 5.4 3.6 0 0 0 6.6000000000000005 7 0 1.4000000000000001 0 2.4000000000000004 0 0.2 0 0 0.4 3.8000000000000003 3 0.4 0 0 0 5.2 3 0.2 0 0 0.2 4 0 1.8 0 0 3 2.8000000000000003 0 0.2 0 1.4000000000000001 0 0 0 0 0 0 0 0 0 0 0 0 0 0 0 0 0 0 0 0 0 0 0 0 0 0 0 0 0 6.4 6.2 0 0 8.4 9.200000000000001 0.4 1.6 0 0 0 0 0 2.8000000000000003 0 0 0 0 0 0 0 0 0 0 0 0 0 0 6.800000000000001 0 0 0 0 0 0 0 0 
 0 0 0 0 0 0 0 0 0.4 0 0 0 0 0 0 0 0 0 0 0 23.6 25.6 9.8 28 89.4 0 11 8 5.6000000000000005 35.800000000000004 25.8 54.2 9 11.4 15.600000000000001 18.400000000000002 35.2 28.400000000000002 10.4 9.200000000000001 0.6000000000000001 0 0 0 12.600000000000001 6.6000000000000005 17.6 13 13.200000000000001 11 0.6000000000000001 0.2 0 0 0.2 12.200000000000001 0.4 0 12.8 0 0 0 0 0 6.4 0 9.8 0.6000000000000001 0 0 0 0 0 0 0 0 0.6000000000000001 0 0.6000000000000001 0 0 0 0 0 0 0 0 0 0 0 0 0 0 0 0 0 0 0 0 0 0 0 4 4.4 0 1.2000000000000002 0 0 0 4 0.6000000000000001 1.8 0 0 0.2 3.8000000000000003 4.2 2.4000000000000004 0 0 0 4 0 0 4.2 0 0 2.2 0.2 0 0.2 0 1.8 0.2 5 4.800000000000001 1.8 0 1.4000000000000001 2.8000000000000003 0 0 0 0 0 0 0 0 0.2 1.8 0 0 0.4 0.2 0 0 0 5.2 0 0 0 0 0 0 0 0 0 0 0 0 0 0.6000000000000001 0 0 0 0 0 0 0 1 0 0 0 0 0 0 0 1.2000000000000002 0 2.6 0 4.4 0 0 1.8 0 0 6 0 0 2 0 1.8 0 0.2 0 2.6 1.6 2.2 3 0 0 1 0 2.6 1.8 0 0.2 4 2 0 0 0 0 0 0 0 0 0 0 0 0 0 0 0 0 0 0 0 0 0 0 0 0 0 0 0 0 0 0 0 0 0 0 0.6000000000000001 0 0.8 15.200000000000001 0.4 3.2 0 0.4 0 0 0 0 1.8 0 0 0 0 0 0 0 0 0 0 0 0 0 0 1.4000000000000001 0 0 0 0 0 0 0 0 
 0.6000000000000001 0 17 14.8 18.2 0.2 0 0.2 0.4 15.4 16 0.6000000000000001 0.4 41.2 0 15.8 16 15.200000000000001 0 0 33.4 14.8 13.8 45.6 18.2 11 0 18.6 9.200000000000001 9.200000000000001 21 23.200000000000003 53 75.8 22.400000000000002 20 6 49 34.4 38.400000000000006 0.4 0 0.4 0.4 0 0 0.4 0 0 0 0.8 0 0 0.4 0.4 0 0.8 0.4 0.4 13.200000000000001 0 0 10.200000000000001 0 0 10 1 0 0 0 0.2 0 0 0 0 0 0.6000000000000001 0 0.6000000000000001 0 0 0 0 0 2.6 2.8000000000000003 0 0 0 2.4000000000000004 4.6000000000000005 2.4000000000000004 0 0 0 0.4 0 0 0 0 5.6000000000000005 2 0.2 1.6 2.8000000000000003 0 7.2 6.800000000000001 3 4.4 0 1.6 2.2 1.6 0 3.2 1.8 3 0.2 4.6000000000000005 0 0 0 0 0 0 0.2 1.6 0 1.8 0 0 2.8000000000000003 0 0 0 0 1.8 0 0 0 0 0.4 0 0.4 0 0 0 0 0 0 0 0 0 1.2000000000000002 0 0 0 0 0 0 0 0 0 0 4.2 0 0 0 0 0 6 0 0 0 0 3 1.8 0 0 3 10.8 3 0 2 0 2 2.4000000000000004 0 0 2.6 2 2.8000000000000003 5 0.4 5.4 2.8000000000000003 0 0 0.2 0 0 0 8.200000000000001 0 3 0 0 0 0 0 0 0.2 0 0.2 0 0 0 1.6 0 0 0 0 0 0 0 0 0 0 0 0.2 0 0 0 0 0 0 0 0 0 0 0 0 0 0 0 14.8 0 0 0.4 0 0 1 0 0.2 0 0.6000000000000001 0.2 0.4 0 0.2 0.8 2.8000000000000003 0.4 0 0 0 0 0 0 0 0 0 0 0 0 0 0.2 0 0.2 0 1.2000000000000002 0 0 1.2000000000000002 0 0 0 0 0 
 0 0 0 15.8 17.2 18.2 0 0 0 0 0 0 0 0 0 0 0 0.4 0 0 18.400000000000002 64.4 86 14.8 8.4 8 18.6 0 41.2 7.800000000000001 7.6000000000000005 21.8 42.400000000000006 38.400000000000006 42 9.600000000000001 11 20 14 26.400000000000002 0 0 0 0 0 0 0.2 0 0.2 0 0.6000000000000001 0.4 14.8 0 0 0 0.4 0 0 0 0 0 0 0 0 5.2 0.6000000000000001 0 0 0 0 0 0 0 1.2000000000000002 0 0.6000000000000001 0 0.6000000000000001 0 0.4 0 0 0 0 1.8 0 0 0 0 0 15.4 0 0 0 0 0 0 0 0 3.6 0 0.6000000000000001 0 2 0 0 0 2 4 2 4.6000000000000005 2.4000000000000004 0 0 0 0 0 0 0 0 0 0 0 0 0 4.6000000000000005 0 0 0.2 0 0 0 0 0 0 0 0 4.2 0 0 0 0 0 0 0 0 0 4.800000000000001 0 0 0 0 0 0 0.4 0 0 0 0 0.4 0 1.4000000000000001 0 2.2 0 0 0 2.2 4.6000000000000005 0 0 0 0 0 1.4000000000000001 0 0 0 0 2.2 11 0 3 1.8 7 0 4 0 3.6 7.6000000000000005 0.6000000000000001 2.2 6.2 0.4 0.6000000000000001 0 1.8 0.4 0 0.2 0 0 0 0 0 3.8000000000000003 0.4 0 0 0 0 1 3 0 0 0 0 0 0 0 0 0 0 0 0 0 0 0 0 0 0 0 0 0 0 0 0 0 0 0 0 0 0 0 0 14.4 0 0 0 0 0 0 0 5.4 0 0.4 0.4 0.6000000000000001 0 0 0.4 0 0 0 0 0 0 0 0 0 0 0 0 0 0 0 0 0 0 0 0 0 0 0 3 0 0 0 0 
 0 0.4 0 0 0 0 0 0 0 0 0 0 0 0 0 0 0 0 0 0 27.6 58 45 23.400000000000002 12.600000000000001 5.6000000000000005 9.200000000000001 41.2 0 54 36.2 32.800000000000004 23.8 51 35.800000000000004 41 27.6 22.6 38.2 8.6 0 0 0 0 0 0 1.6 0 0 0 0.6000000000000001 0.4 4 0 0 0 0.4 0 0 0 0 0 0 0 0 0 0.6000000000000001 0 0 0 0 0 0 0 0 0 0.6000000000000001 0 0.6000000000000001 0 0 0 0 0 0 0 0.2 0 0 0 0 1.6 0 4.800000000000001 0 0 0 0 0 0 0 11.4 5.2 0.8 4.800000000000001 0 0 0 2.2 3 4 0 0 0 0 0 5.800000000000001 8 0 3 0 0 0 0 0 0 1.8 2.6 0 0 0 0 0 0 0 0 0 0 2.8000000000000003 0 0 0 0 0 0 0 0 0 0 0.2 0 0 0.6000000000000001 0 0 0 0 0 0 0 0 0.4 0 0 0 0 0 0 0 0 0 0 0 0 0 0 0 0 0 0 3 0 6.2 2 2.8000000000000003 1.2000000000000002 0 5.4 1.8 9.200000000000001 6.2 0 2.8000000000000003 1.6 0.2 5.2 6.2 4.2 0 0 2 2.4000000000000004 0 3 0 0.4 9.200000000000001 0 0 0 0 0 5.800000000000001 2.4000000000000004 3.6 0 0 0 0 0 0 0 0 0 0 0 0 0 0 0 0 0 0 0 0 0.2 0 0 0 0 0 0 0 0 0 0 0 0 0 0 0 0 0 0 1 0 0 0 0 0 0.2 0 0.4 0 0 0 0 0 0 0 0 0.4 0 0 0 0 0.4 0 0 0 0 0.2 0 0 0 1.6 2.2 0 0 0 
 0 0 0.4 0 0.8 0 0.2 0 0 0.6000000000000001 0.4 0 0 0 0.6000000000000001 0 0 0.2 0 0 65.8 26.6 29.200000000000003 91.4 65 35.800000000000004 9.200000000000001 7.800000000000001 54 0 92 37.4 23.200000000000003 55.2 19 35.4 10.200000000000001 9.8 46 14 0 0 0 0.2 0 0 0 0.4 0 0 0.6000000000000001 0.4 0 0.8 0 0 0.6000000000000001 0 12.600000000000001 0 0 0 0 0 0.4 0 0.6000000000000001 0 0 0 0 0.4 0 0 0 0 0.6000000000000001 0 0.6000000000000001 0 0.2 0 0.4 0 3.8000000000000003 3.6 0 0 0 0 0 0.2 0 0 0 0 0 0 0.2 0 0 8 9 3.4000000000000004 3.6 0 0 6 3.8000000000000003 14.4 4.2 1.8 0 0.2 2.2 9.200000000000001 7 11.8 0 2.8000000000000003 0 0 0.2 0 0 0 0 0.8 0 0.4 0 1.4000000000000001 0.2 2.6 0 0 0.2 0.2 4.6000000000000005 0 0.2 0 1 0 0 0.8 0 0 0 0 0 0 0.6000000000000001 0 0 0 0 0 0.2 0 0.4 0 0 0 0 1.8 0 0 0 3.2 0 0 0 0 0 0 0 0 0 1.6 0 4.2 5.800000000000001 2.8000000000000003 4.800000000000001 0 2.2 4.2 2 4 5.800000000000001 2 4 4.2 0 2.6 6.2 1.8 0 0 0.2 0 0 0 0 0 0 0 0 0 0 0 0.8 0 1.4000000000000001 0 0 0 1.2000000000000002 0 0 0 0 0 0 0 0 0 0 0 0 0 0 0 0 0 0 0 0 0 0 0 4 0 0 0.2 0 0 0 0 0 0 0 0 1.6 0.6000000000000001 0 0.4 0 0.6000000000000001 0.4 0 0 0 0 0 0.2 0 0 0 0 0 0 0 0 0 0 0 0 0.4 0 2.8000000000000003 0 0 0 0 1.8 0 0 0 
 0 0.2 0.2 0 0.4 0 0.6000000000000001 0 0 0 0 0 0.2 0 0.4 0 0 0 0 0.2 29.8 99.4 77.60000000000001 29 60.800000000000004 25.8 21 7.6000000000000005 36.2 92 0 48 10 35.6 12.8 50.6 32.6 36.4 20.200000000000003 8.6 0 0 0 0 0 0 0 0 12.200000000000001 0 0.6000000000000001 0.4 3 0 0 0 0.4 0 0 0 0 0 0 0 7.4 0 1.2000000000000002 0 0 0 0 0 0 0 0 0 0.6000000000000001 0 0.6000000000000001 0 0 0 0 4.4 4 0.2 0 0 0 0 0 0 0 0 0 0 0 0 0 0 0 5.800000000000001 6 13.4 9.200000000000001 2.2 2.2 3 6 10.4 2.4000000000000004 2.4000000000000004 0 0 0 7 6.2 4 0.2 0 0 0 0 0 0 2 2.8000000000000003 0 0 0 0 0 0 0.2 0 0 0 0 6.6000000000000005 0 0 0 0 0 0 0 0 0 0 0 0 0 0 0 0 0 0.4 0 0 0 0 0.2 3.2 0 0.6000000000000001 0 0 0 0 0 0 0 0 0 0 0.8 0 0 0.6000000000000001 0 0.2 5.800000000000001 1.4000000000000001 6.6000000000000005 2.4000000000000004 1.6 0.2 2.4000000000000004 2.6 2.2 17.400000000000002 3.8000000000000003 4.2 0.2 10.600000000000001 4.800000000000001 2.2 1.8 9 0 2.2 0 0 0 0 0 0 0 0 0 0 0 1 0 0 0 0 0 0 0 0 0 0 0 0 0 0 0 0 0 0 0 0 0 0 0 0 0 0 0 0 0 0 0 0 0 0 0 0 0 0 0 0 0 1.6 0 0.2 7.6000000000000005 8 3.6 3 0 0 0 0 0 0.2 0 0 0 0 0 0 0 0 0 0 0.2 0 3 0 5 0 0 0 0 2.4000000000000004 0 0 0 
 0 0 0 0 0 0 0 0 0 0 0 0 0 0.4 0 0 0 0 0 0 51.800000000000004 8.200000000000001 23.400000000000002 8.6 25.200000000000003 54.2 23.200000000000003 21.8 32.800000000000004 37.4 48 0 5.4 52.400000000000006 19.200000000000003 44.800000000000004 52.800000000000004 33.800000000000004 49.6 20.400000000000002 0 0 0 0 0 0.2 0 0 0 0 0.6000000000000001 0 10.8 0.6000000000000001 0 0 0.4 0 0 0 0 0 0 0 9.8 0 0.8 0 0 0 0 0 0 0 0 0 0.8 0 0.8 0 0 0 0 0 0.4 0 0 0 0 0 0 0 0.4 0.4 0 0 0 0 0 0 2.6 2.8000000000000003 10.8 5 0.6000000000000001 3 0 2.8000000000000003 6 5.800000000000001 2.6 3.2 0 0.2 6 1.2000000000000002 12 3 0 0 0 0 0 0 0 0 2 0 0 0 0 0 0 2.4000000000000004 0 0 0 0.4 4.800000000000001 0 0 0 0 0 0.6000000000000001 0.4 0 0 0 1.2000000000000002 0 0 0.2 1 0 0 0 0 0 0 0 0 0 0 0 0 0 0 0.6000000000000001 0 0 0 0 0 0 0 0 0 0 0 0 0 2.4000000000000004 5 2.8000000000000003 2 2.6 0.2 0 4.4 5.6000000000000005 4.800000000000001 0 1.8 4.800000000000001 0 0 3.2 0 0 0 7 0 0 0 0 2.6 3.6 0 0 0 0 8.4 2.2 3.6 0 0 0 1.6 0 0 0 0 0 0 0 0 0 0 0 0 0 0 0.4 0 0 0 0 0 0 0 0 0 0 0 0 0 0 0 0 0 0 0 0 2.4000000000000004 0.4 0 0.2 0.6000000000000001 0.6000000000000001 1.4000000000000001 2.2 0 0 0 0 2.2 0 0 0 0 0 0 0 0 0 0 0 0 0 0 1.6 0 0 0 2.6 0.2 0 0 0 
