 0 37.4 37 55.400000000000006 50.6 7.2 41.2 23 46.800000000000004 35.6 9 8.200000000000001 29.400000000000002 28.8 32.4 22.8 61 57 7.800000000000001 10.4 0 0.2 0.2 0.6000000000000001 0.2 0 0 0.4 0 0 0.2 0 0.4 8.6 0 0 0.6000000000000001 0.4 0 1.6 0 0 0 0.6000000000000001 0.6000000000000001 0 0 0 0 0 0 0 0.4 0 0 0 0 0.4 0 0 0 7.2 0 0.6000000000000001 0 0.6000000000000001 0 0 0 0 0 0 0 0.8 0.4 0.6000000000000001 0 0 0 0.8 6 9.8 0.4 1.6 0 1.6 0 1.8 0.2 8.4 1.8 0 7 0 0.8 7 3.2 0.4 2.8000000000000003 0 0.2 0 0 0 0 0 2 0 0 0 0.4 0 0.4 0 0 0 0 0.4 0 0 3.4000000000000004 0 0 0 0 0 0 0 0 0 0.2 0 0 0 0 0 2.4000000000000004 0 0 0 0 0 0 0 2.6 0 0 0 0 0 0 0 0 0 0 0 0.2 0 0 0 3.8000000000000003 1.2000000000000002 0 3.8000000000000003 0 3 2 4.4 3 7.6000000000000005 0.6000000000000001 0 1.6 14 5.4 1.4000000000000001 2.4000000000000004 3.2 2.8000000000000003 3.4000000000000004 0 0 0 0 0 0 0 0 0.2 0 0 0 0 0 0 0 0 0 0 0 0 0 0 0.2 2 0 0.2 0 0 0 0 0 0.4 0 0 0 0 0 0 0 0 0 0 8.4 0.4 0.2 0 0 0 0 0 0 0.2 0 0 0 0 3.4000000000000004 0 0 0 0 0 0 0 0 1 0 0 0 0 4 2 0 0 0 0 0 0 0 0 0 0 0 0 0 0 0 0 0 0 0 0 0 0 3 0 4 0 0 0 0 0 0 0 0 0 0 0 0 
 37.4 0 108.4 16.2 51 9.200000000000001 20.200000000000003 13.4 68.8 8.200000000000001 6.4 56.400000000000006 33.4 56.6 58.400000000000006 100.4 69 29 8.8 26.6 0 0 0 0.6000000000000001 0 0 0 0.6000000000000001 0 0 0 0 1 0.4 0 0.2 0.6000000000000001 0.6000000000000001 4.4 0 0.4 0.6000000000000001 0 0.6000000000000001 0.4 0 0 0.6000000000000001 0 0 0 0 0.4 0 0 0 0 0 0 0 0 0.6000000000000001 0 0.6000000000000001 0 0.6000000000000001 0 0 0 0 0 0.6000000000000001 0 0.4 0.4 0.4 1 0.4 0 0.2 0 3.6 0 2.8000000000000003 5 0 1.8 2 9 0.4 0 4 0 0 7.4 2.2 7.4 2.4000000000000004 0 2 2 0 0 0 0 0.2 2.4000000000000004 0 0 0 0 0 0.6000000000000001 0 0.4 0.2 0 0 6.800000000000001 0 0 0 0 0 0 0 0 0.2 0 0 0 0 0.4 0 0 0.2 0 0.4 0 0 0 0 0 0 0 0 0 0 0 0 0 0 0 0 0 0 0 0 0 0 3.8000000000000003 3.6 6 0 0 0 9.4 0 2.2 0 4.2 0 3.2 4.4 2.2 21.6 6.800000000000001 5.800000000000001 3.8000000000000003 2.4000000000000004 0 0 0 0 0 0 4.800000000000001 4.4 0 0 0 0 0.4 1.4000000000000001 0 0 0 0 0 0 0 0 0 0 2.8000000000000003 0 0 0.4 0 0 0 0 0 0 0 0 0 0 0 0 0 2 0 0 0 0 0 0 0.4 0 0 0 0 0 0 0 0.2 0 2 0 0 0 0 0 0 0.8 0.2 0.2 17.8 0.6000000000000001 0.6000000000000001 2.4000000000000004 0 0 0 0 0 0 0 0 0 0 0 0 0 0 0 0 0 0 0 0 0 0 0 0 2.2 0 0 0 0 0 0 0 0 0 0 0 0 0 
 37 108.4 0 79 56.6 23.200000000000003 116.60000000000001 15.200000000000001 44.6 15.600000000000001 12.8 26.6 108.4 9.4 28.200000000000003 43.6 78.60000000000001 11.200000000000001 8.200000000000001 28 0 0 0 0.6000000000000001 0 0 0 0.2 0 0 0 0 15.4 0.4 0.6000000000000001 0 0.6000000000000001 0.4 0 0 0 0 0 0.2 0.6000000000000001 12.4 0 0 0 0 0 0 0.4 0 0 1.2000000000000002 0 0 0 0 0 0.4 0 0 0 0.6000000000000001 0 0 0 0 0 0 0 0.6000000000000001 0.4 0.6000000000000001 0 0 0 0 0 4.6000000000000005 0 1.4000000000000001 2 0 1.4000000000000001 1.4000000000000001 0 2 0.2 4.4 0 0.6000000000000001 3.4000000000000004 5.800000000000001 3.2 7.2 0 2 0 2 0 0 0 1.6 0 0 0 0 0 0 2.8000000000000003 4.6000000000000005 0 0 0 0 0 6 0 0 0 0 0 0 0 0 0 0 0 0 0 0 0 0 0 0 0 0 0 0 0 0 1.6 0 0 0 0 0.2 0 0 0 3.2 0 0 0 0 0 0 1.8 1.6 4.800000000000001 7.4 0.2 3.6 1.8 1 0 2.4000000000000004 9.8 0 1.4000000000000001 1.8 1.8 1.2000000000000002 2.2 11.8 3.2 2.4000000000000004 0 0 0 0 0 0 3.4000000000000004 6.2 0 0 0 0 0 0 0 0 0 0 0.8 5.6000000000000005 0 0 0 0 1.8 0 0 3.8000000000000003 0 0 0 0 0 0 0 0 0 0 0 0 0 0 0 0.2 0 0 0 0 0 0 0 2.6 0 0 0 0 0 0.4 0 0 0 1.8 0 0 0 0.4 0.8 0.4 0.4 0.8 3 3 0 0 0.4 0 0 0 0 0 0 4.2 5.2 0 0 0 0 0 0 0 0 0 0 0 0 4.6000000000000005 0 3.2 0 0 0 0 0 0 0 0 0 0 0 0 
 55.400000000000006 16.2 79 0 57.800000000000004 14.600000000000001 40 14.4 35 35.6 48.6 23.6 11 31.6 38.400000000000006 18.6 53.400000000000006 7.4 19.200000000000003 13 15.200000000000001 0.2 0.4 0.6000000000000001 1 0 0 0 0 0 0.2 0.2 7.800000000000001 0.4 0 0 0.2 0.4 0 16.400000000000002 0 0 0 10 0.6000000000000001 0 0 0 0 0 0 0 0.4 0 0 0.8 0 0 0 0 0 7.2 0 10.200000000000001 0 0.6000000000000001 0 0 0 0 0 5.800000000000001 0 0.6000000000000001 0.4 0.6000000000000001 0 0 0 0 0 5.800000000000001 1.4000000000000001 1.8 2.2 0 2 0 0 8.200000000000001 6.6000000000000005 0.2 0 0 2 10 6.4 2 0 0 2 0 0 0.2 0 0 0 0 0 0 0 0 2.2 1.6 0 0 0 0 6.4 6.6000000000000005 2.6 0 0 0 0 0 0 0 0 0 0 0 0 0 0 0 0 0 0 0 0 0 0 2.2 0.2 0 0 0 0 0 0 0 0 0 2.4000000000000004 0 0 0 0 0 0 5.6000000000000005 0.2 0 1.2000000000000002 2 0 0 2 0.4 5 0 0 0 0 0 3 3.8000000000000003 0 0 0 0 0 0 0 0 5.6000000000000005 5.800000000000001 0 0 0 0 0 0 0 0 0 0 1.4000000000000001 0 0.2 0 0 0 0 0 0 0 0 0 0 0 0 0 0 0 0 0 0 0 0 0 0 0 0 0 0 0 0 0 0 0 0 0 0 0 0 0 0 0 0 0 0 0 0 0 0 0 0.4 0.6000000000000001 1.6 1.4000000000000001 0 0 0 0 0 0 0 0 0 0 3 0 0 0 0 0 0 0 0 0 0 0 0 0.2 2.6 3.2 0 0 0 0 0 0 0 0 0 0 0 0 
 50.6 51 56.6 57.800000000000004 0 53 10.8 30.6 15.4 26.6 17.6 8 13.8 45.400000000000006 14.200000000000001 77.60000000000001 88.2 9.600000000000001 10.8 16.2 6 14.600000000000001 0 0.6000000000000001 0 0 23.200000000000003 0 0 0 0.2 0 0.4 18.8 29.6 29.400000000000002 0.4 0.6000000000000001 14.600000000000001 14.8 0 0 0 13.8 0.4 0 0 0 6 0 0 0 0.4 0 0 0.8 0 0 0 0 0 0.6000000000000001 0 7.4 0 0.6000000000000001 0 0 0 0 0 10.200000000000001 0 0.4 0.6000000000000001 0.2 0 0 0 0 2.8000000000000003 0 0.2 0 6.2 2.2 0 2.6 0 2.8000000000000003 2 0 0 0 0 3.8000000000000003 6.2 2.8000000000000003 0 0 7.6000000000000005 2.4000000000000004 3 0 0 0 1.4000000000000001 4.6000000000000005 0.4 5.4 0 0 1.6 3.2 2.4000000000000004 2.8000000000000003 2 0 3.2 0.4 0 0 0 0 0 0 0 0 0 0 0 0 0 0 0 0 0 0 2.2 0 0 0 0 0 0 0 0 0 0 0 0 0 0 1 0 4.6000000000000005 0 0 0 0 0 2.2 2 0 2.2 2.8000000000000003 0 0 0 0 0 0 0 0 0 0 0 0 0 0 5.800000000000001 0 2.4000000000000004 0 0 0 2.8000000000000003 2.4000000000000004 0 0 0 0 5.6000000000000005 1.2000000000000002 2.2 4.800000000000001 5 0 2.2 9 0 0 0 0 0 0 0 0 0 0 0 0 0 0 0 0 0 0 0 0 0 0 0 0 0 4.2 0 0 0 0 0 0 0 0 0 0 0 0 0 0 0 0 0 0 0 0 0 0.4 0 0 0 3.2 0 0 0 0 0 0 0 0 0 0 3.2 0 0 0 2.4000000000000004 0 0 0 0 0 0 0 0 0 0 0 0 0 0 0 0 0 0 0 0 0 0 0 
 7.2 9.200000000000001 23.200000000000003 14.600000000000001 53 0 4.6000000000000005 6.2 30.200000000000003 28.400000000000002 31 12.600000000000001 11.200000000000001 11.200000000000001 77.80000000000001 51.800000000000004 14 31.200000000000003 55.2 12.4 0.2 15 0.6000000000000001 1.2000000000000002 0 0.8 12 0.6000000000000001 0 0 0.8 0.4 29.8 45.6 15.200000000000001 4 0.4 1.2000000000000002 45.400000000000006 22.6 0 0 0 0.8 1 0 0 0 0 0 0 0 1 0 0 1.4000000000000001 0.6000000000000001 0 0 0.4 0.6000000000000001 0.6000000000000001 0 7.6000000000000005 1.2000000000000002 0.6000000000000001 0 0 0 0 0 6.800000000000001 0 0.4 0.4 0.8 0 0 0.6000000000000001 0 0 0 0.4 3 0.2 7.6000000000000005 0 0 0 1.4000000000000001 0 6.4 0 0 0 4.2 2.2 4 0 0 6.800000000000001 5.800000000000001 2.8000000000000003 0 0 0 4.800000000000001 4.6000000000000005 1 7.6000000000000005 0 0.4 1.8 0.2 0 2 0 0 3.4000000000000004 5.6000000000000005 0 0 0 0 0 0 0 0 0 0 0 0 0 0 0 0 0 0 0 0 0 0 0 0 0 0 0 0 0 0 0 0 0 0 0 0 0 0 0 0 0.2 2 0.4 0 5.2 0 0 0 0 0 0 3.2 0.6000000000000001 0 1 0 4 0 0 0.2 2.4000000000000004 2.6 3.4000000000000004 0.2 0 0 4 0 4.2 0 0.6000000000000001 0.2 7.2 3.4000000000000004 3.8000000000000003 0.6000000000000001 3.2 0 3 0.4 0 0 0 0 0 0 0 0 0 0 0 0 0 0.2 0 0 0 0 0.2 0 0 0 0 0 0 0 0 0 0 0 0 0 0 0 0 0 0 0 0 0 0 0 0 0 0 0.8 0 0 0 10.200000000000001 0 1.2000000000000002 0 0 0.4 0 0 0 0 0 14.8 0 1 0 0 0 0 0 0 0 0.2 0 0 0 0 2.4000000000000004 0 0 0 0 0 0 0 0 0 0 0 0 0 0 
 41.2 20.200000000000003 116.60000000000001 40 10.8 4.6000000000000005 0 38.400000000000006 45.800000000000004 10.200000000000001 24.200000000000003 17.8 51.800000000000004 13 50.800000000000004 24 14.8 9.8 51 46.400000000000006 0 0 0 0.6000000000000001 0 0 0.4 0.4 0 0 0 20 0.4 0.4 0 0 0.8 0.4 0.6000000000000001 0 0 0 0 12.4 0.6000000000000001 0 0 0 0 0 0 0 0.4 0.2 0.2 0 0 0 0.2 0.6000000000000001 0 0.4 0 0.6000000000000001 0 0.6000000000000001 0 0.4 0 0 0 0 0 4.2 0.4 0.6000000000000001 0 0 0 0 0 4.4 0 0 3.4000000000000004 1 3.8000000000000003 9.600000000000001 6.2 7.800000000000001 2.2 1.8 5.6000000000000005 4.800000000000001 4 3.6 0 4.4 2.6 0.2 0.4 0 0 0 0 0 0 0 0 0 0 0 2.4000000000000004 0 0 0 0 0 3 0 0 0 0 0 0 0 0 0 0.2 3.2 0 0 0 0 0 0 2.2 0 0 0 0 0 0 0.4 3.4000000000000004 0 0 0 0 0 0 0.2 0 0 0 0 0 0 0 0 0 1.6 0 6.800000000000001 2.2 3.2 2 2.4000000000000004 1 4.4 2.8000000000000003 2.2 2.2 0 3.2 0 0 1.6 0 0 0 0.4 0 0 0 0 0 0 0 0 0 0 0 0 0 0 0 0 3.4000000000000004 0 0 0 0 0 0 0 0 0 0 0 0 0.4 3.6 0 0 0 0 0 0 0 0 0 0 0 0 0 0 0.4 0 0 0 0 0 0 0 0 0 0 0 0 0 0 0 0 0 0.4 0.6000000000000001 0.2 0.4 0 0.4 2.6 1.8 0 0 0 0 0 0 0 0 0 0 0 0 0 0.4 0 0 0 0 0 0 0 0 3 0 3 0 0 0 0 0 0 0 0 0 0 0 0 
 23 13.4 15.200000000000001 14.4 30.6 6.2 38.400000000000006 0 11.8 43.6 2.4000000000000004 8.6 16.400000000000002 56.400000000000006 32 42.400000000000006 2 56.6 29.400000000000002 12 0 0 0 0.6000000000000001 0 0 0 0 0 0 0 0.4 0.4 0.4 0 0 0 0.4 0 0 0 0 0 10.4 0.2 0 0 0 0 0 0 0 0.4 0 0 0 0 0 0 0 0 0.6000000000000001 0 0.6000000000000001 0 0.6000000000000001 0 0 0 0 0 0 0 0.6000000000000001 0.4 0 0 0.6000000000000001 0.6000000000000001 2.2 2.2 2.2 1.6 3.8000000000000003 0.4 0 0 0 0 2 11.200000000000001 0.4 0 0 0 0 6 0 0 0 0 0 0 2.4000000000000004 0 0 0 0 0 0 0 0 0 0 0 0 0 0 3.4000000000000004 2.6 0 0 0 0 0.4 0.4 0 0 0 0.2 0 0.4 0.4 0 0 0 2.2 0 0 0 0.6000000000000001 0 0.2 0 0 0 1 0 0 0 0 0 0 0 0 0 0.2 0.4 0 0 1.2000000000000002 1.6 1.4000000000000001 0 1 0 2 1.8 2.6 9.4 0 3 1.2000000000000002 3.8000000000000003 5.2 0 2 0 0.2 2.2 0 0 0 0 0 0 2.4000000000000004 0 0 0 0 0 0 0 0 0 0 0 0 0 0 0 0.2 0.4 0.2 0 0 0 0.2 0 0 0 0 0.2 0 0 0 0.4 0 0 0 0 0 0 0 0 0.4 0.2 0.4 0 0 0 0.2 0 0.2 0 0 0 0.4 0 0 0 0 0 0 0 1.4000000000000001 0 0 0 0 4.2 3.2 0 0 0 0 0 0 0 0 0 0 0 0 0 0 0 0 0 0 0 0 0 0 0 2.6 0 0 0 0 0 0 0 0.2 0 0 0 0 0 
 46.800000000000004 68.8 44.6 35 15.4 30.200000000000003 45.800000000000004 11.8 0 19.6 27.6 124.80000000000001 31.8 31 17.8 40 48.2 43.6 17 18.6 0.4 0 0.2 0.6000000000000001 0.2 0.4 0 0.4 0 0 0.2 0.4 1 0.6000000000000001 0.4 0 0.4 0.4 0 15.200000000000001 0 0 0 2.6 0.6000000000000001 0 0 0.2 0 0 0.4 0 0.4 0 0 0.8 0 0 0 0 0 1 0 1.4000000000000001 0 0.6000000000000001 0 0.6000000000000001 0 0 0 0.4 0 0.4 0.4 0.6000000000000001 0.2 0 0 0 0 1.6 0.6000000000000001 0 7 0 2 1.2000000000000002 3 2.8000000000000003 3.2 7.6000000000000005 0 0 4.6000000000000005 6.2 3.4000000000000004 3.2 0 1.8 2 5.6000000000000005 0 0 0 0 0 0 0 0 0.2 0 4.4 0 0 0 0 0 4.800000000000001 4 0 0 0 4.4 0 0 0 0 0 0 0 0 0 0 0 0 0 0 0 0 0 0 0 0 0.2 0 0 0 0 0 0 0 0 0 0 0 0.2 0 0 0 0 4.2 1.2000000000000002 1.4000000000000001 0.8 5.6000000000000005 0 0 3.4000000000000004 0.4 9 0 2.2 0 0 0 0 4 0 0 0 0 0 0 0 0 4.2 4.2 0.4 2.4000000000000004 0 0 3.2 0 0.6000000000000001 0 0 0 13.8 2.6 0 0 0 0.4 0 0 0.4 0 0 0 0 0 0.2 0 0 0 0 0 0 0 0 0 0 0 0.2 0.4 0 0 0 0 0 0 0.4 0 0 0 0 0 0 0 0 1.6 0 0 0 0.2 0 0 0.6000000000000001 10 0.4 0.8 0 0 0.4 0 0 0 0 0 0 0 2 0 0 0 0 0 0 0 0 0 0 0 0 0 2.4000000000000004 3.2 0 0 0 0 0 0 0 0 0 0 0 0.2 
 35.6 8.200000000000001 15.600000000000001 35.6 26.6 28.400000000000002 10.200000000000001 43.6 19.6 0 14 44.400000000000006 27.6 15.4 35.6 25 25.200000000000003 41.6 13.8 24 0 0 0 0.6000000000000001 0 0 0 0.4 0 0 0.8 0 15.200000000000001 0.6000000000000001 0 1.4000000000000001 0 15.200000000000001 14 0 0.8 0 0 13.200000000000001 0.4 0.4 0 0 0 0 0 0 0.4 0 0 0 0 0 0 0 0 1.4000000000000001 0 1.8 0 0.6000000000000001 0 0 0 0 0 0 0 0.4 1.2000000000000002 1.2000000000000002 0 0 0 0.8 4.6000000000000005 3.8000000000000003 3 5 6.800000000000001 0 2.2 2.6 4.800000000000001 2.2 0 6 0 0 0.6000000000000001 1.8 3.8000000000000003 2.4000000000000004 0 0 2.4000000000000004 0 0 0 0 0 2 0 2 0 0 0 0 0.6000000000000001 0 0.2 0 0 4.4 2.4000000000000004 0 0 0 0 0 0 0 0 0 0 0 0 0 0 0 0 0 0 0 0 0 0 0 0 0 0 0 0 0 0 0 0 0 0 0 0 0 0 0 0 0.8 9.200000000000001 0.2 3.2 6.800000000000001 1.4000000000000001 2 1.2000000000000002 4.6000000000000005 5.6000000000000005 0 2.4000000000000004 2.2 0 2 3.6 11.600000000000001 1.4000000000000001 0 0 0 0 0 0 0 0 4.2 0 0 0 0 0 0 0 0 0 0 0 0 0 0 0 0 1.4000000000000001 1.8 0 0 0 0 0 0 0 0 0 0 0 0 0 0 0 0 0 0 0 0 0 0 0 0 0 0 0 0 0 0 0 0 0 0 0 0 0 0 0 0 0.2 17.6 0 0 0 0 1.8 0 0 0 0 0 0 0 0 0 0 0 0 0 0 0 0 0 0 0 0 0 0 0 1.8 0 0 0 0 0 0 0 0 0 0 0 0 0 0 
 9 6.4 12.8 48.6 17.6 31 24.200000000000003 2.4000000000000004 27.6 14 0 11 14.200000000000001 60 24 35.4 54.2 51.400000000000006 24.400000000000002 28.8 9.200000000000001 15 0 0 0 0 0 0 0 0 0 0 30.6 29.400000000000002 0.2 0 0.8 0 29.400000000000002 14.8 0 0 0 0.2 0 0 0 0 0 0 0 0 0 0 0 0.8 0 0 0 0 0 0 0 6.4 0.4 0 0 0 0 0.4 0 0 0 0 0 0 0 0.2 0 0 0 2.2 1.2000000000000002 1.8 4.2 0 0 0 2.2 2.8000000000000003 1.8 2 0 1.6 3.4000000000000004 6.800000000000001 3 4.6000000000000005 0 0 1 4.800000000000001 0 1.6 0 0 3.8000000000000003 0.2 0 2.6 0 0 3 3 0 0 0 0 9.4 0.8 0 0 0 0.2 0 0 0 0 0 0 0 0 0 0 0 0 0 0 0 0 0 0 0 0 1 1.2000000000000002 0 0.4 0 0 0 0 0 0 0 0 0 0 0 0 0 2.2 3.6 5 0 0 4.2 2.4000000000000004 5 0 1.2000000000000002 0 0.2 0 0.8 0 0.4 0.2 0 0 1.4000000000000001 0 0 0 0 0 0 0.2 4 2.6 0.4 0 5.4 0 3.6 0 0 0 4.4 0.2 0 0.2 0 0 0 0 0 0 0 0 0 0 0 0 0.2 0 0 0 0 0 0 0.2 0 0 0 0 0 0 0 0 0 0 0 0 0 0 0 0 0 0 0 0 0 0 0 0.4 9.4 0.2 0.8 26.400000000000002 3.4000000000000004 1.8 0 0 0 0 0 0 0 0 0 0 9.600000000000001 0 0 0 0 0 0.4 0 0 0 0 0 0 2 0 0 0 0 0 0 0 0 0 0 0 0 0 0 
 8.200000000000001 56.400000000000006 26.6 23.6 8 12.600000000000001 17.8 8.6 124.80000000000001 44.400000000000006 11 0 22.6 23.8 42.400000000000006 34.6 39 129.20000000000002 6.4 24 0 0 0 0.6000000000000001 0 0.2 0 0 0 11.200000000000001 0 0 0.4 0.6000000000000001 0 0 0.4 0.4 15.200000000000001 0 0 0 0 0.6000000000000001 0.4 0 0 0 0 0 0 0 0.4 0 0 0 0 0 0 0 0 0.6000000000000001 0 1.4000000000000001 0 0.6000000000000001 0 0 0 0 0 0 0 0.4 0.4 0.4 0 0 0 0 4.2 3.6 0 0.8 18 2.8000000000000003 7.2 4.6000000000000005 9.8 9.8 1.8 2 0 0 5.4 3.8000000000000003 0.8 4.800000000000001 0 2.4000000000000004 0.2 0 0 0 0 0 0 0 1.8 0 0 0 1.4000000000000001 0 0 0 0 0 5.4 0 0 0 0.4 0 0 0 0 0 0 0 0 0 0 2 0 0 0 0 0 0 0 0 0 0 0 0 0 0 0.2 0 0 0 0 0 0 0 0 0 0 0 0 3.8000000000000003 3.6 2.4000000000000004 2.8000000000000003 8.8 5.800000000000001 0 4.6000000000000005 5.4 0 2.8000000000000003 5.800000000000001 0 10.8 0.4 3.2 2.2 0 0 0 0 3.8000000000000003 0 0.4 6.6000000000000005 0 0 0 3.4000000000000004 0 0 0 0.4 0 0 0 0 0 0 2.2 0 0 0 0 0 0 0 0 0 0 0 0 0 0 0 0 0 0 0 0 0 0 0 0 0 0 0 0 0 0 0 0 0 0 0 0 0 0 0 0 0 0 0 0 0 0.4 0 0.2 17.400000000000002 0.8 1.8 0 0 0 0 0 0 0 0 0 0 0 0 0 0 0 0 0 0 0 0 0 0 0 0 0.2 3.6 0 0 0 0 0 0 0 0 0 0 0 0 
 29.400000000000002 33.4 108.4 11 13.8 11.200000000000001 51.800000000000004 16.400000000000002 31.8 27.6 14.200000000000001 22.6 0 64.8 7.6000000000000005 21.6 6.2 8.8 79 31.200000000000003 0 0 0 0.6000000000000001 0 0 0 0 0 0 0 0.4 0.4 0.4 0 0 16.2 0.4 0 0 0 0 0 0.4 0.6000000000000001 0 0 0 0 0 0 0 0.6000000000000001 0 0 0 0 0 0 0 0 0.4 0 0.2 0 0.6000000000000001 0 0 0 0 0 0 0 0.4 0.4 0.6000000000000001 0 0 1 0.2 0 4 15.8 0 4.2 2 5 1.8 1.4000000000000001 2.6 4.2 0 0 9.4 5.800000000000001 2.6 0 3 0 4 0 0 0 0 0 0 3.4000000000000004 0 0 0 0 0 1.4000000000000001 0.4 0 0 0 0 2.6 0 0 0 0 0 0.4 0 0 0 4 0 0 0 0 0.4 0 0 0 0 0.4 4 0 0 0 0 1.8 0 0 0 0 0 0 0 0.4 0 0.2 0 0 0 0 0 1.2000000000000002 0 4.2 6 0 2 6.4 2.4000000000000004 3 2.8000000000000003 0.4 1.8 3.4000000000000004 0 0.4 0.6000000000000001 0 1.2000000000000002 0 0 0 0 0 0 0 0 0 0 0 2.6 0.2 0 0 0 0 0 0 0 0.4 0 0 0 0 0 0 0 0 0 0 0 0 0 0 0 0 0 0 0 0 0.2 0 0 0.4 0 0 0 0 0 0 0 0 0 0 0 0 0 0 0 0 0.2 0 0 0 0 0 0 1.8 0 0 17.6 0 0.4 0 0 0 0 0 0 0 0 0 0 0 0 0 2.8000000000000003 0 0 0 0 0 0 0 0 0 4.2 0 0 0 0 0 0 0 0 0 0 0 0 0 0 
 28.8 56.6 9.4 31.6 45.400000000000006 11.200000000000001 13 56.400000000000006 31 15.4 60 23.8 64.8 0 48.2 8.6 45.800000000000004 9.8 43.400000000000006 48 0 0 0 0.6000000000000001 0.2 0 0 0 0.2 0 0 0 0.4 0.4 0 0 0.4 0.4 0.2 0 0 0 0 14 0.6000000000000001 0 0 0 0 0 0 0 0.4 0 0 0 0 0 0 0 0 0.4 0 10.600000000000001 0 0.6000000000000001 0 0 0 0 0 0 0 0.4 0.4 0.6000000000000001 0 0 0 0 7 2.6 1.2000000000000002 6 5 0 0.2 6.6000000000000005 1.8 1.6 0.8 0 2.2 3.8000000000000003 1.8 7.4 2.6 2.8000000000000003 3 0 0 0 0 0 0 0 0 0 0 0 0 0 2.4000000000000004 4.2 0 0 0 0 3.8000000000000003 0 0 0 0 0 0 0 0 0 0 0 0 0 0 0 0 0 1.8 0 0 0 0 0 0 0 0 0 0.2 0 0 0 0 0 0 0 0 0 2.8000000000000003 0 0 0 0 2 3.8000000000000003 2.6 0.2 1.2000000000000002 1 3.8000000000000003 8.200000000000001 0 1.8 2 0.2 4.6000000000000005 2 0 0 1.6 4.4 3.6 2.8000000000000003 0 0 0 0 0 0 0 0 2.6 0 0 0 0 0 0 0 0 0 0 0 0 0 0.4 0 0 0 0 0 0 0 0 0 0 0 0 0 0 0 0 0 0 0 0 0 0.2 0 0 0 0 0 0 0 0 0 0 0 0 0 0 0 0 0 0 0 0.2 17.2 0 0.4 18 0 1.2000000000000002 0 0 0 0 0 0 0 0 0 0 0 0 0 0 0 0 0 0 0 0 0 0 0 0 0 0.2 0 0 0 0 0 0 0 0 0 0 0 0 
 32.4 58.400000000000006 28.200000000000003 38.400000000000006 14.200000000000001 77.80000000000001 50.800000000000004 32 17.8 35.6 24 42.400000000000006 7.6000000000000005 48.2 0 46.2 53.800000000000004 151.6 56 26.6 0 0 0 0.6000000000000001 0.4 0 0 0 0 0 0 0.4 0.4 0.4 0 0 0 0.4 0 0 0 0 0 15.200000000000001 0.6000000000000001 0 0 0 0 0 0 0 0.4 0 0 0 0 0 0 0 0 0.4 0 0.6000000000000001 0 0.6000000000000001 0 0 0 0 0 0 0 0.4 0.4 0.6000000000000001 0 0 0 0 4.2 4.4 2.8000000000000003 0.2 2.8000000000000003 2 0 2.8000000000000003 6.2 7.2 2.4000000000000004 2 0 0 2.2 15 6.2 3.6 0 0 2 1.4000000000000001 0 0 0 0 0 0 0 0 0 0 3 0 0 0 0 0 5.800000000000001 2 0 0 0 0 0.8 0 0 0 0 0 0 0 0 0 0 0 0 0 0 0 0 0 0 0 0.2 0 0 0 0 0 0 0 3.4000000000000004 0 0 0 0 0 0 0 1.6 3.8000000000000003 0.2 2.4000000000000004 0.6000000000000001 4 0 0 4.800000000000001 0.6000000000000001 3.8000000000000003 0 1.4000000000000001 2 2.2 3 0.2 3.6 0 1.6 0 0 0 0 0 0 0.2 0 0 0.2 0 0 0 0 0 0 0 0 0 0 0 0 0 0 0 0 0 0 0 0 0 0 0 0 0 0 0 0 0 0 0 0 0 0 0 0 0 0 0 3.8000000000000003 0 0 0 0 0 0 0 0 0 0 0 0 0 0 0 0 0.8 0 17.400000000000002 1 0 2.4000000000000004 0 0 0 0 0 0 0 0 0 0 0 0 0 0 0 0 0 0 0 0 0 0 0 0.2 1.8 3.2 0 0 0 0 0 0 0 0 0 0 0 0 
 22.8 100.4 43.6 18.6 77.60000000000001 51.800000000000004 24 42.400000000000006 40 25 35.4 34.6 21.6 8.6 46.2 0 43.6 10.200000000000001 6.4 55.800000000000004 0.2 0 0.4 0.6000000000000001 0 0 0 0.2 0 0 0 0 15.600000000000001 0.8 0 0 0.4 0.4 5.4 22.200000000000003 0 0 0 0.8 0.2 0 0 0 0 0 0 0 0.4 0 0 0.8 0 0 0 0 0 0.6000000000000001 0 10.600000000000001 0 0.6000000000000001 0 0 0 0 0 0 0 0.4 0.4 0 0 0.2 0 0 0 4.4 9.200000000000001 3.2 5.800000000000001 2 2.4000000000000004 0 3.8000000000000003 10.600000000000001 5.2 8.8 0 0 1.6 6.800000000000001 2.4000000000000004 7.2 0 0 2.4000000000000004 3.6 0 2 0.2 0 0 0 2.6 0 0 0 2.8000000000000003 0 0 0 0 0 12.8 10.4 0 0 0 0 0 0 3.6 0 0 0 0 0 0.2 0 0 0 0 0 0 0 0.4 0 0.2 0 0 0 0 0 0 0 0 0 0 0 0 0 0 0.2 0 0 0 4.800000000000001 0 2.6 6.4 4.6000000000000005 2.4000000000000004 0 3.2 2.2 6.6000000000000005 2.8000000000000003 2.4000000000000004 0 3.6 0.2 3.6 2.8000000000000003 0 0 0 0 0 0 0 0 5.6000000000000005 0.2 0 0 1 0 9.200000000000001 0 0.4 0 0 0 4.2 0 0 0 0 0 0 0 0 0 0 0 0 0 0 0 0 0 0 0 0 0 0 0 0 0 0 0 0.2 0 0.2 0 0 0 0 0 0 0 0 0 0 0.2 0 0 0 0 0 0.4 0 0 0.4 0.6000000000000001 0 0.8 0 0 0 0 0 0 0 0 0 0 2.8000000000000003 0 0 0 0 0 0 0 0 0 0 0 0 1 4 1.6 0 0 0 0 0 0 0 0 0 0 0 0 
 61 69 78.60000000000001 53.400000000000006 88.2 14 14.8 2 48.2 25.200000000000003 54.2 39 6.2 45.800000000000004 53.800000000000004 43.6 0 21.6 12 67.8 0 0 0 1 0 13.8 0 0 0 0.2 0 0 15.200000000000001 14.4 0 0 0.4 0.4 0 0 0 0 0 13 0.4 0 0 0 0 0 0 0 0.4 0 8.200000000000001 1.2000000000000002 0 0 0 0 0 0.6000000000000001 0 6.800000000000001 0 0.6000000000000001 0 0 0 0 6.6000000000000005 0 0 0.4 0.4 0.4 0 0 0 0 3.8000000000000003 2.8000000000000003 4.2 3.6 5.800000000000001 0 0 2.2 1.8 3.2 0 0 0 0 6.2 11.200000000000001 2.4000000000000004 6.6000000000000005 0 0 0 0.4 0 0 0 0 0 0 0 0 0 0 2.6 16.2 0 0 0 0.4 0 6.4 0 0 0 0 0 0 0 0 0 0 0 0 0 0 0 0 0 0 0 0 0 0 0 0 5.4 0 0 0 0 0 0 0 0 0 0 0 0.2 0 0 0 0 2.2 3.8000000000000003 8 0 3.2 0 0.2 0.8 2 6.6000000000000005 0 0.4 0 0 0 10.600000000000001 6.2 0 0 0 0 0 0 0 0 4 3.6 0.2 0 0 0 0 0 0 0 0 0 0.4 0 0 0 0 0 0 0 2.6 0 0 0 0 0 0.4 0 0 0 0 0 0 0 0 0 0 0 0.2 0.2 0 0 0 0 0 0 0 0 0 0 0 0 0 0 0 0 0 0 0 0.4 0.6000000000000001 0 0.2 0.4 2.8000000000000003 3 0 0 0 0 0 0 0 0 0 0 0.4 0 0 0 0 0 0 0 0 0 0 0 0 2.8000000000000003 0 3 0 0 0 0 0 0 0 0 0 0 0 0 
 57 29 11.200000000000001 7.4 9.600000000000001 31.200000000000003 9.8 56.6 43.6 41.6 51.400000000000006 129.20000000000002 8.8 9.8 151.6 10.200000000000001 21.6 0 6.800000000000001 12.200000000000001 2.6 0 0 0.6000000000000001 0.2 0 0 0 0 0 0 0 15.8 0.4 0.8 1 0.4 1 9.600000000000001 14.8 0 0 0 0.8 0.6000000000000001 0 0 0 0 0 0 0 0.4 0 0 0 0 0 0 0 0 1.4000000000000001 0 0.6000000000000001 0 7.2 0 0 0 0 0 0 0 0.4 0.4 0.6000000000000001 0 0 0 0 0.8 1.2000000000000002 5 6 0.8 0.4 0 0.2 6.2 4 2.8000000000000003 12.8 0 0 1.4000000000000001 1.8 4.4 4.6000000000000005 0 0 2.6 3.6 0 0 0 0 2.8000000000000003 0 2 0 0 0 0 0 0 0.2 0 0 6.800000000000001 4 0 0 0 0 0 0 0 0 0 0 0 0 0 0 0 0 0 0 0 0 0 0 0 0 0 0 0 0 0 0 0 0 0 1 0 0 0 0 0 0 3.8000000000000003 3.6 5.6000000000000005 0 9.8 0 0 1.6 3 3 0 6.6000000000000005 10.4 2 7 6 7.6000000000000005 4.4 0.4 0 0 0 0 0 0 0 9.600000000000001 0 0 0 0 0.2 2.8000000000000003 0.2 0 0 0 0 3.2 0 0 0 0 0 0 0 0 0 0 0 0 0 0 0 0 0 0 0 0 0 0 0 0 0 0 0 0.2 0 0 0 0 0 0 0 0 0 0 0 7.4 2 0 0 0 0 0 0.6000000000000001 9 0.6000000000000001 9.8 0.6000000000000001 0.2 1 0 0 0 0 0 0 0 0 0 0 0 0 0 0 0 0 0 0 0 0 0 0.4 0 1 4.4 0 0 0 0 0 0 0 0 0 0 0 0 0 
 7.800000000000001 8.8 8.200000000000001 19.200000000000003 10.8 55.2 51 29.400000000000002 17 13.8 24.400000000000002 6.4 79 43.400000000000006 56 6.4 12 6.800000000000001 0 60 0 0 0 0.6000000000000001 0 0.4 0.4 0 0 0 0 0 0.4 0.4 0 0 0.8 0.4 0 0 0 0 0 0.2 0.6000000000000001 0 0 0 0 0 0 0 0.4 0 0 13.200000000000001 0 0 0 0 0 0.4 0 1.4000000000000001 0 0.6000000000000001 0 0 0 0 0 0 0 0.6000000000000001 0.4 0.6000000000000001 0 0 0 0 6.2 0.2 2.2 2 0 0 2.2 3 4 0 3.4000000000000004 0 9.600000000000001 13.4 0 0 0 2 4.4 4 0 0 0 3.8000000000000003 0 0 0 0 0 0 0 0 0 0 0 0 0 0.2 0 0 0 0 0 0 0 0 0 0 0 0 0 0 0 0 0 0 0 0 0 0 0 0 0 0 0.4 0 0 0 0 0 0 1.8 0 0 0 0 3.6 0 0 0 0.2 0.2 2.8000000000000003 1.4000000000000001 0 0 1.8 10.8 0 0.2 1.4000000000000001 1.4000000000000001 0.4 5.800000000000001 1.4000000000000001 2.8000000000000003 0.2 0.4 6.2 4.800000000000001 0 0 2.4000000000000004 0 0 0 0 0 0 0 0 0 0 0 0 0 0 0 0 0 0 0 0 0.4 0 0 0 3.2 0 0 0 0 0 0 0 0 0 0 0 0 0 0 0 0 0 0.4 0 0 0 0 0 0 0 0 0 0 0 0 0 0 0 0 0 0 0 0 17.6 0 0 0 0 1.6 0 0.4 0.2 0 0 0 0 0 0 0 0 0 0 0 0 0 0 0 0 0 0 0 0 0 0 0 0 0 0 0 0 0 0 0 0 0 0 0 
 10.4 26.6 28 13 16.2 12.4 46.400000000000006 12 18.6 24 28.8 24 31.200000000000003 48 26.6 55.800000000000004 67.8 12.200000000000001 60 0 0 0 0 0.6000000000000001 0 0 0 0 0 0 0 0 0.4 0.4 0 0 0.8 0.4 0 0.2 0.6000000000000001 0 0 24 0.6000000000000001 0 0 0 0 0 0 0 0.4 0 0 7.800000000000001 0.4 0 0 0 0 0.4 0 0.2 0 0.6000000000000001 0 0 0 0.4 0.4 0 0 0.6000000000000001 0.4 0.6000000000000001 0 0 0 0 3.2 0 0 0.6000000000000001 6 0 1.8 7.6000000000000005 5.4 0 0 0 4.2 3.6 7 4 0 1.2000000000000002 3.6 5.800000000000001 0 0 0 0 0 0 0 0 0 0 0 0 1.8 0 0 0 0 0 0 0 0 0 0 0 0 0 0 0 0 0 0 1.4000000000000001 0 0 0 0 0 0 0 0 0 0 0 0.2 0 0 0 0 0 0 0 0.4 0 0 0 0 1.8 0 0 0 5.6000000000000005 0 1.2000000000000002 0 0 0 2.8000000000000003 0 2.2 0 1.4000000000000001 0 4 0 0 1.8 0 0 0.8 6.2 0 0.2 0 0 0 0 0 0 0 2.2 0 0 0 0 0 0 0 0 0 0 0 0 0 0 0 0 0 0 0 0 0 0.2 0 0 0 0 0 0 0 0 0 0 0 0 0 0 0 0.2 0 0 0 0 0 0 0 0 0 0 0.4 0 0 0 0 0 0 0.8 0 0 0.2 11.200000000000001 0.4 1 0 0 0 0 0 0 0 0 0 0 0 0 0 0 0.2 0 0 0 0 0 0 0 0 0 0 0 0 0 0 0 0 0 0 0 0 0 0 0 
 0 0 0 15.200000000000001 6 0.2 0 0 0.4 0 9.200000000000001 0 0 0 0 0.2 0 2.6 0 0 0 43.6 29.8 72.8 72.4 4.6000000000000005 30.8 22.8 39.2 9.200000000000001 72 7.800000000000001 114.2 66.2 30.400000000000002 27.8 12 8.8 42 45 0 0 0 0 0.4 0 0 0 0 0 0 0 0 12.600000000000001 0 0 0 0 0 0.8 0 0.6000000000000001 0 0 0 0.4 0 0 0 0 0 0.6000000000000001 0 0 0 0.6000000000000001 0 0.4 0.4 0 0 0 0 2.8000000000000003 0 0.4 0 0 0 0 0 0 0 0 0 0 0 0 0 0 3.8000000000000003 2 6.6000000000000005 2.6 2.4000000000000004 0.8 6.6000000000000005 10.4 2.2 4 0 1.8 0 11.200000000000001 2.8000000000000003 4 14.8 3 0 0 0 0 0 0 0 0 0 0 0 0 0 0 0 0 0.4 0 0 0 2.6 0 0 0 0 0 0 0 0 0 0 0 0 0 0 0 0 0 0 0 0 0 0 0 0 0 0 3.2 0 0 0 0 0 0 9.8 0 1.4000000000000001 0 0 0 0 0 13.200000000000001 2.4000000000000004 5.6000000000000005 4 4.6000000000000005 0 2 0 3.6 1.4000000000000001 3.4000000000000004 0 2.8000000000000003 3.8000000000000003 3.2 1.8 0 4.2 10 4.4 0 0 0 0 0 0 0 0 0 2.2 0 0.4 0.4 0 0.4 0 0 0 4.2 4.800000000000001 0 0 0 0 0 0 0 0 0 0 0 0 2.6 0 0 0.2 0 0 0 2.2 0 0 0 0 0 0 0 0 0 0 3.6 0 0 0 3.8000000000000003 0 0.2 3 0.2 0.4 0.8 2.2 0 0 0 0 0 0 0 0 0 0 0 0 0 0 0 0 0 0 0 0.2 0 0 0 0 0 0 0 0 
 0.2 0 0 0.2 14.600000000000001 15 0 0 0 0 15 0 0 0 0 0 0 0 0 0 43.6 0 57.2 54.800000000000004 9.8 70 35.4 47.6 70.4 40.2 26.8 7.800000000000001 69.4 10.200000000000001 38.2 52.800000000000004 9.600000000000001 24.400000000000002 10 28.8 0 0 0 0.4 0.4 0 0 0 0 0 0 0 0 0.2 0 0 0 0 0 18 0 7.2 0 0 0 1.8 0 0 0 2 0 0.2 0 0 0 0.4 0 1.2000000000000002 1.4000000000000001 0 0 0 0 0.4 0 0 0 0 0.4 0 0 0 0.2 0 0 0 0.2 0 2.6 0 5.4 8 6.6000000000000005 0 5.4 0 3.6 2.8000000000000003 11.600000000000001 6.2 2.8000000000000003 8.4 0 0.2 3 4 2.6 2 0 4.6000000000000005 0 0 0.2 0 0 0 0 0.2 0 0 0 0 4 0 0 2 0 0 3.6 3.2 0.2 0 0 0 0 0 0 0 0 0 0 0 0 0.4 0 0 0 0 0 0 2.2 0 0.2 0 0 0 0 0 0 0 1.8 0 0 0 0 0 0 0 2.6 0 6 2.2 3 11 0.2 0 0 0 0.4 3.2 4 4 9.4 0 0 4.6000000000000005 4.6000000000000005 6.2 3 0 0.2 0 0 0 0 0 0 0.2 0 0 0 0 0 1.8 0 0 0 0 2 6.6000000000000005 0 0 0 0.4 0 0.2 0 0 0 0 0 0 0 0 0 0 0 0 0 0 0 0 0 0 0 0 0 0 0 0 0.2 0 0 0 3.4000000000000004 0 0.4 0 0.2 0.4 4.800000000000001 0 0 0 0 0 0 0 0 0 0 0 0 0.8 0 0 0 0 0 0 0 0.6000000000000001 0 0.4 0 0 0 0 0 0 
 0.2 0 0 0.4 0 0.6000000000000001 0 0 0.2 0 0 0 0 0 0 0.4 0 0 0 0 29.8 57.2 0 17 12.4 27.6 26 37.2 30.200000000000003 7.800000000000001 8.200000000000001 4.6000000000000005 18.400000000000002 10.200000000000001 39 11.4 22.400000000000002 4.2 13.600000000000001 11.600000000000001 0 0 0 0.4 0.4 0 0 0 0 1.2000000000000002 0 0 12.8 0.4 0 0 0.6000000000000001 0 0 5.2 0 2 0 0 0 1.4000000000000001 0 1.4000000000000001 0 4.2 0 0.2 0 0 0 0.4 0 1.6 1.2000000000000002 0.2 0 0 0 0 0 3.6 0 0 0 0 0 0 0 0.4 0 2 0 0 0 0 0 0 3.2 4.800000000000001 0.4 2 2 7.2 0 5.4 5.6000000000000005 7.800000000000001 4.800000000000001 3.8000000000000003 4.2 0.2 2.8000000000000003 3.8000000000000003 0 0 0 0 0 0 0.4 0 0.4 2 0 0 0 0 4 0 0 0 0 0 0 2.4000000000000004 0.4 0 0 0 0 0 0 0 1.8 0 0 0 0 0 0 0 0 0 0 0 0 0 0.2 0 1.8 0 0 0 0 0.2 0 2.2 0.2 0 0 0 0 0 0 0 13 5 0 5.6000000000000005 8.6 2 0 2.2 2 1.6 4.4 0 3.8000000000000003 0 8.4 1.8 0 4.2 0 1.4000000000000001 0 0 0 0 0 0 0 0 0 0 0 0 2.2 0 0 0 0 0 12.8 3.6 0 0 0 0 0 0.2 0 0 0 0 0 0 4.6000000000000005 0 0 0 0 0 0 0 0 0 2.8000000000000003 0 0 0 0 0 0 0 0 0 0 0 1 0 0 15.200000000000001 14.8 0.2 0.2 4.4 0 0 0 0 0 0 0 0 9.4 0 0 0 0 0 0 0 0 0 0 0 0 0 0 0 0 0 0 0 
 0.6000000000000001 0.6000000000000001 0.6000000000000001 0.6000000000000001 0.6000000000000001 1.2000000000000002 0.6000000000000001 0.6000000000000001 0.6000000000000001 0.6000000000000001 0 0.6000000000000001 0.6000000000000001 0.6000000000000001 0.6000000000000001 0.6000000000000001 1 0.6000000000000001 0.6000000000000001 0.6000000000000001 72.8 54.800000000000004 17 0 61.2 58.400000000000006 17.400000000000002 13.4 10.8 31.8 27.6 83.60000000000001 103.2 16.6 11 10.600000000000001 13 53.6 14 13.8 32 0.6000000000000001 5.800000000000001 0 0 0 12.8 0.8 0 0 0 0.4 12.4 5.6000000000000005 4.6000000000000005 0.4 0 0.4 25 13.8 0 0 0 0 0 0.2 0.4 0 0 0 0 0.4 0 0 0 0 0 0 0 0 0 0 0 0 0 0 0 0 0 0 0 0 1.8 0 0.4 0 0 0 0 0 0 0 0 5 4.2 2 0 0 0 0.4 12.200000000000001 2.6 0 0 0 0 0 9 0 0 11.8 0.2 5.800000000000001 0 0 0 2.6 4.800000000000001 7 0 0 0 5 8.200000000000001 2.6 6.6000000000000005 0 2.4000000000000004 6.2 6.4 0 0 0.4 0 0 0 0 0 0 0 0 0 0 0.4 0.4 0 0.2 0 0 0 0 0 0.4 0 0 0 0 0 2.6 0 0 0 0 0 0 0 0 0 0 0 0 0 0 2.2 5.2 6.800000000000001 0 0 0 4.2 2.4000000000000004 6 0 0 0 0 8.4 0.4 0 0 2 3.6 0 0 0 0 11.8 3.6 0 2 0 0 0.6000000000000001 3.6 4.800000000000001 0 2.4000000000000004 1.2000000000000002 4.2 3.6 0 0 0 0 0.2 0 0 3.6 0 0.2 1 0 0 0 0 0 0 0 0 0.2 0 0 0 0 0 0 0 0 0 0 0 0 0 0 1.8 0.2 0 0.8 0 0.8 0.4 0.4 0.4 0 0 0 0 0 0 0 0 0 0 0 0 0 0 0 0 0 0 2.6 0 0 0 0 0 0 0 0.6000000000000001 
 0.2 0 0 1 0 0 0 0 0.2 0 0 0 0 0.2 0.4 0 0 0.2 0 0 72.4 9.8 12.4 61.2 0 29.6 23 9 16.2 26.6 37.4 43.800000000000004 23 16.2 56.400000000000006 21.200000000000003 53.2 19.8 13.8 17 6.6000000000000005 0 0 0 42.400000000000006 0 0.6000000000000001 0 12.600000000000001 0.2 0.8 0 12.600000000000001 3.2 54.6 0 0 0 13.200000000000001 0.6000000000000001 0 0.6000000000000001 0 0.4 0 0.4 0 0 0 0 0 0 0 0 0 0.4 0 0.4 0.6000000000000001 0 0 0 0 0 0 0 0 0 0 0 0 0 0 0 0 0 0 0 0 0 0 0 0 0 3.6 2 0 0 0 2.4000000000000004 0 0 0 0 0 0 0 0 0 0 2.6 2.4000000000000004 2.8000000000000003 7 1 0 0 6.4 5 0 0 0 7.6000000000000005 0 0 2.2 0 0 4.6000000000000005 2.6 0 0 0 0 0 0 0.4 0 0 0 0 0 0 0 0 0 0 0 0 0 0 0 0.8 0 0 0 0 0 2.6 0 0 0.6000000000000001 0 0 0 0 0 0 0 0 0 0 0 1.8 0 8.6 0 0 0 0 0 2.2 0 0.4 3.2 0 0.2 0 0 0 1.4000000000000001 0 8 4 0 0 2.2 0.2 0 0.6000000000000001 3 0.2 0.2 7.4 2.2 0 0.8 0 2.6 1.2000000000000002 0 0 0 0 0 0 0 0 0 0 0 0 0 0 0 0.4 0 0 0 0 0 0 0 0 0 0 0 0 0 0 0 0 0 0 4.4 0 0.4 15 0 0.2 1.4000000000000001 0.4 0 0 0 0 0 0 0 0 0 0 0 0 0 0 0 0 0 0 0 0 0 0 2.4000000000000004 0 0 0 0 0 
 0 0 0 0 0 0.8 0 0 0.4 0 0 0.2 0 0 0 0 13.8 0 0.4 0 4.6000000000000005 70 27.6 58.400000000000006 29.6 0 48.800000000000004 12.600000000000001 20.400000000000002 55.400000000000006 34.4 70.8 8.200000000000001 52 9.8 57.2 13.200000000000001 9.200000000000001 11.4 11.8 30.8 0 0 0 0.4 0 12 0 0.4 0 0 0 5.800000000000001 6.6000000000000005 12.200000000000001 0 0 0 12.200000000000001 25 0 0.6000000000000001 0 0.2 0 0.4 1 0 0 1 0 0 0 0 0 0.6000000000000001 0 0.4 0.4 0 0 0 0 0.2 0 0 0 0 0.4 0 0 0 0.4 0 0 0 0.4 0 0 0 0 0 0 2 0 0.2 0 0 0 0 2 4 0 0 0 0 0 2.4000000000000004 0 0.4 2.6 0 3.4000000000000004 1.6 0 0 3.2 6.2 3.2 0 0 0 0.6000000000000001 1.6 2.2 2.6 0 0 10.4 8 0 0 0 0 0 0 0 0 0 0 0 0 0 0 0 0 0 0 0 0 9.200000000000001 0 0 0 0 0 0 0 1.4000000000000001 0 1 0 0 0 0 0 0 0 0.4 0 0 0 0.2 4 0 17.2 0 0 0 0 1.2000000000000002 4.4 0 0 0 0 5.4 0 0 0 1.6 4 0 0 0 0 7.2 1.8 0 0.2 0.2 0 4 17.400000000000002 3 0 0.2 0 2.4000000000000004 3.4000000000000004 0 0 0 0.2 0 0 0 0 0 0 2 0.4 0 0 0 0 0 0 0 0 0 0 0 0 0 0 0 0 0 0 0 0 0 0 3.4000000000000004 0.2 0.4 15 0 0 4.4 0.2 0 0 0 0 0 0 0 0 0 0 0 0 0 0 0 0 0 0 0 0 0 0 0 0 0 0 0 0 
 0 0 0 0 23.200000000000003 12 0.4 0 0 0 0 0 0 0 0 0 0 0 0.4 0 30.8 35.4 26 17.400000000000002 23 48.800000000000004 0 64 46.400000000000006 6.6000000000000005 23.6 5.6000000000000005 70.2 53.2 46.800000000000004 9.200000000000001 22.6 8.6 22.6 32.2 0.4 0.2 0 0 0.4 0 0 0 0 0 0.6000000000000001 0 0.4 0 0 0 0 0 0 0.6000000000000001 0 0.6000000000000001 0 0 0 0.4 0 9.8 0 0 0 4.800000000000001 0 0 0 1.2000000000000002 0 0.4 0.8 0 0 0 0 2.2 0 5 0 0 0 0 0 0 0 0 0 0 0 0.4 0 0 2.2 2.2 9.200000000000001 0 2.2 2.6 0.2 8.200000000000001 2 11.4 0 4.2 11 2.6 2.2 3.8000000000000003 0 0 0 1.6 0 0 0 0 0 0 0 0 0 0 0 0 0 0 0 0 0 0 0 0.2 0 0 0 0.2 0 0 0 0 0 0 0 0 0 0 0 0 0 0 0 0 0 0 0 0 9 0.2 0 0 0 0 0 2.6 0 0 0.2 0.4 0 0 0.2 0 7 9.600000000000001 3.6 2.6 1.8 0 0 2.2 5.4 0 0 1.2000000000000002 5 0.6000000000000001 3.2 0 2 0 0 8.6 0 0 0 0 0 0 0 0 0 0 0 0 0 0 0 0 0 0 3.2 0 0.2 0 0 0 0 0 0 0 0 0.4 0 0 0 0 0 0 0 0 0 0 0 0 0 0 0 0 0 0 0 0 0 0 0 0.2 0.8 0.2 0 0.2 14.8 0 0.4 0 0 0 0 0 0 0 0 0 0 0 0 0 0 0 0 0 0 0 0 0 0 0 0 2.2 3.2 0 0 0 
 0.4 0.6000000000000001 0.2 0 0 0.6000000000000001 0.4 0 0.4 0.4 0 0 0 0 0 0.2 0 0 0 0 22.8 47.6 37.2 13.4 9 12.600000000000001 64 0 46.800000000000004 9.600000000000001 24.400000000000002 63.800000000000004 61.6 34.4 26.400000000000002 23.6 64 26 25.200000000000003 12.200000000000001 0 0 0 0 0.4 0 0 0 0 0 0 0 0 3.4000000000000004 0 0 0 0 0.2 0.8 0 0.8 0 0 0 1.4000000000000001 0 0 0 0 0 0.2 0 3.8000000000000003 0 0.4 0 2.2 9 0 0 0 0 0 0 0 0 0 0 0.4 0 3.2 4.800000000000001 0 0 0 0 0 0 0 0 7.2 5.6000000000000005 2.2 4.2 2.2 0 2.8000000000000003 5 7 0 8.200000000000001 2.4000000000000004 4.800000000000001 0 0.2 1.2000000000000002 0 0 0 0 0 0 0 0 0 0 0.2 0 0 0 0 4.2 0 0 0 0 0 0 1.6 0 0 0 0 0 0 0 0 0 0 3 0 0.2 0 0 0 0 0 0 0 0 0 0 1.6 2 0 3.4000000000000004 0 0 0 2.6 2.4000000000000004 1 0 3.2 0 0 0 3.6 0 14.600000000000001 4.4 6.2 0.6000000000000001 1.6 0.2 0.2 2.4000000000000004 4.6000000000000005 0 3 3.8000000000000003 6.800000000000001 1.4000000000000001 1.8 2 0 3.8000000000000003 5.4 6.4 0 0 0 0 0 0 0 0 0 0 0 0 2.4000000000000004 0 0 0 0 0 0 7.800000000000001 0 0 0.4 11 0 0 0 0 0 0 0 0 0 0 0 0 0 0 0 0 0 4.4 0 0 0 0 0 0 0 0 0 0 0 1.8 1.8 0 0 1.2000000000000002 0 0.4 0.6000000000000001 0 0 0 0 0 0 0 0 0 0 0 0 0 0 0 0 0 0 2.8000000000000003 0 4.800000000000001 0 0 0 0 2.8000000000000003 0 0 0 
 0 0 0 0 0 0 0 0 0 0 0 0 0 0.2 0 0 0 0 0 0 39.2 70.4 30.200000000000003 10.8 16.2 20.400000000000002 46.400000000000006 46.800000000000004 0 29.200000000000003 39.2 43.400000000000006 34.4 56.400000000000006 30.8 26.400000000000002 48.6 8 20.8 21 0 0 0 0 0.4 0 0 0 0 0 0 0 0 13 0 0 0 0 0 0.6000000000000001 0 0.6000000000000001 0 0 0 0.4 0 0 0 0 0 0 0 0 0 0.6000000000000001 0 0.4 0.4 0 0 0 0 0 0 0 0 0 0 0 0 0 0 3 0 0 0 0 0 0 0 0 1.8 2.4000000000000004 3.6 7.2 0.2 4 0 0 2.4000000000000004 0 0 0 0 3 2 4 0 0 1.6 0 0.2 0 0 0 3.4000000000000004 0 5.6000000000000005 0 0 0 3.6 0 0 0 0 0 0.2 0.6000000000000001 0 0 0 0 0 0 0 0 0 0 0 0 0 0 0 0 0 0.2 0 0 0 0 0 0 0 0 0 0 0 0 0 0 0.6000000000000001 0 0 0 0 0 0 0 2.4000000000000004 7 3 0 8.4 2.8000000000000003 0 0 8.8 2.4000000000000004 4.2 2.6 0 4.6000000000000005 2 2 4 3.6 0.4 1.2000000000000002 0 2 0 0 0 0 0.2 0 0 0 0 0 4.2 1.8 0 0 0 0 4.2 0 0 0 0 0 0 0 0.2 0 2.8000000000000003 0 0 0 0 0 0 0 0 0 0.2 0 0 0 1.2000000000000002 0 3.2 0 0 0 0 0 0 0 0 0 0.8 0 0 30.6 15.4 0 0.2 3.8000000000000003 0 0 0 0 0 0 0 0 0 0 0 0 0 0 0 0 0 0 0 2.6 0 0 0 0 0.2 0 0 0 
 0 0 0 0 0 0 0 0 0 0 0 11.200000000000001 0 0 0 0 0.2 0 0 0 9.200000000000001 40.2 7.800000000000001 31.8 26.6 55.400000000000006 6.6000000000000005 9.600000000000001 29.200000000000003 0 47.6 6.4 29 28 34.4 32.4 29 36.6 17.2 34.6 0 0 0.2 0 0.4 0 0 0 0 0 0 0 0 13.4 0 0 0 0 11.4 12.8 0 0.6000000000000001 0 0 0 0.4 0 0 0 0 0 0.2 0 0 0 0.6000000000000001 0 0.4 0.6000000000000001 0 0 0 1.4000000000000001 0 0 0 0 0 0 0 0 0 0 0 0 0 0 0 0 0 0 3.4000000000000004 4.2 2 2 4.6000000000000005 2.8000000000000003 1.2000000000000002 4 7 2.6 6 0.2 0 0 1.8 0 2 0 0.2 2.2 0 2.4000000000000004 0 0 0 3.4000000000000004 1.8 5 0 0 0 3.8000000000000003 1.6 4.2 1.8 0.2 0 7.2 5.6000000000000005 0 0 0 0 0 0 0 0 0 0 0 0 0 0 0 0 0 0 0 0 0.6000000000000001 0 0 0.2 0 0 0.2 0.4 0.4 0 0.8 0 0 0 0 0 0.2 0 0.8 0 3.8000000000000003 2.2 0.2 7.6000000000000005 6 2.4000000000000004 0 0 4.6000000000000005 0 0 4.4 3.6 0 1 6.2 6.2 3.6 1.8 1.6 2 4.6000000000000005 0 1.6 0 0 1.6 0.2 0 0 0 0 2.4000000000000004 2.8000000000000003 0 0 0 0 2.2 2.6 0 0 0 0 0 0 0 0 2.8000000000000003 0 0 0 0 0 0 0 0 0 0 0 0 0 0 0 0 0 0 0 0 0 0 0 0 0 3.4000000000000004 0 0 0.4 0 0 1.6 0 0 0 0 0 0 0 0 0 0 0 0 0 0 0 0 0 0 0 0 6.4 0 0 0 0 4.4 0 0 0 
 0.2 0 0 0.2 0.2 0.8 0 0 0.2 0.8 0 0 0 0 0 0 0 0 0 0 72 26.8 8.200000000000001 27.6 37.4 34.4 23.6 24.400000000000002 39.2 47.6 0 62 6.6000000000000005 80.60000000000001 14.600000000000001 35.6 35.4 24.200000000000003 8.4 67.8 14.4 0 0 0 1.2000000000000002 0 0 0 0 0 0 5.2 1.2000000000000002 0.6000000000000001 0.4 0 0.8 0 0.4 0.6000000000000001 0 0.8 0 0.2 0.6000000000000001 0.4 0 0.6000000000000001 0 0.2 0 1.2000000000000002 0.4 0 0.6000000000000001 0.6000000000000001 0.4 0.6000000000000001 0.4 0 0 0 0 0 0 0 0.2 0 0 0 0 0 0 0 0 0 0 0 0.4 0 0 0.2 9.4 1.8 5.4 8.200000000000001 0 2 3 8.4 0.4 0.2 0.4 11.200000000000001 6 3.8000000000000003 2.6 1.8 0 0 0 0 0.2 1.6 0.4 0 9.4 0 1.8 0 0 0 3.6 1.8 2.2 0 0 0 8.200000000000001 10.200000000000001 0.4 0 0 0 0 0 0 0 0.4 0 0 0 0.8 0 0 0 0 0 0 0 0 0 0 0 0 0.4 0 0 0 0 0.2 0 0 0 0 0 0 0 9.8 0 0 4.4 3.4000000000000004 1.4000000000000001 4.4 7.4 0 0 3.2 2.6 4.800000000000001 2.4000000000000004 0 0 2 2.4000000000000004 2 2 0.2 0 1.4000000000000001 3.2 0 0 0 0 2.4000000000000004 0 0 0.2 4.2 0 5 0.2 0 0 0 0 0.4 6.800000000000001 0 0 0 0.4 0 0.2 0.6000000000000001 0 0 0 0 0 0 0 0 0 0 0 0 0 0 0 0 0 0 0 0.2 0 0 0 0 0 0 0 2 0.2 0 31.400000000000002 0.2 0 4.6000000000000005 0 0 0 0 0 0 0 0 0 0 0 0 0 0 0 0 0 0 0 0 0 0 0 0 0.2 0.2 0 0 0 
 0 0 0 0.2 0 0.4 20 0.4 0.4 0 0 0 0.4 0 0.4 0 0 0 0 0 7.800000000000001 7.800000000000001 4.6000000000000005 83.60000000000001 43.800000000000004 70.8 5.6000000000000005 63.800000000000004 43.400000000000006 6.4 62 0 7.4 90.4 9.4 10.8 18.400000000000002 12.8 46.400000000000006 5 26.6 0 0 0 0.4 0 24.400000000000002 0 0 0.2 0 0 0.2 0 12.600000000000001 0 0.2 0.8 0.2 0.6000000000000001 0 0.6000000000000001 0 0 0 0.4 1.2000000000000002 0 0 0 0 0 0 0 0.2 0.6000000000000001 0 0.4 0.4 0 0 0 0 0 0.2 0.4 0 0 0 0 0 0.4 0 0 0 0 0 0 0 0 3.6 0 0 3.6 13.4 5.6000000000000005 0.2 0 2.6 0 10.4 0 0 0 0 3 0.4 0.2 0 0 6.6000000000000005 3.4000000000000004 4.6000000000000005 2.4000000000000004 0 0 3.8000000000000003 0 5.4 2.6 0 0 2 0 2.2 0 0 6.4 1 2.6 3.4000000000000004 0 0 0 0 0 0 0 0 0 0 0 0 0 0 0 0 0 0 0 0 0 1.6 0 0 0 0 0 2.6 0 0 0.2 0 0 0 0 0 0 0 0 0 3.4000000000000004 4.6000000000000005 0 6.4 2.2 0 0 0.2 0 9.200000000000001 0 0 0.2 2 0.4 2.4000000000000004 0 1.4000000000000001 0 3.6 0 0 0 0 0 4.4 0 0 0.2 0.2 0.2 4.800000000000001 5.2 0.4 0 7.800000000000001 3.6 3.8000000000000003 9.4 0 0 0 0 0 0 0 0 0 0 0 0 0 5.2 0 0 0 0 0 0 0 0 1 0 0 0 0 0 0 0 0 0 0 0 0.8 1 0 16 3.4000000000000004 0 0.8 0.2 0 0 0 0 0 0 0 0 0 0 0 0 0 0 0 0 0 0 0 0 0 0 0 0 0 0 0 0 
 0.4 1 15.4 7.800000000000001 0.4 29.8 0.4 0.4 1 15.200000000000001 30.6 0.4 0.4 0.4 0.4 15.600000000000001 15.200000000000001 15.8 0.4 0.4 114.2 69.4 18.400000000000002 103.2 23 8.200000000000001 70.2 61.6 34.4 29 6.6000000000000005 7.4 0 94.80000000000001 9 9.600000000000001 17.6 23.6 64.2 21.8 0 0 0 0 0.4 0.4 0 0 0.4 0 0 0 0 13.200000000000001 0 0 0 10 0 2.2 0 0.4 0 0 0.6000000000000001 10.600000000000001 0.4 0 0 0 0 0.4 0 0 0 0.4 0 0.4 0.6000000000000001 0 0 0 0 2.8000000000000003 0 2.8000000000000003 0 0 0 2.4000000000000004 0 3.4000000000000004 0 0 0.6000000000000001 0.2 0 2.4000000000000004 0 0 3.8000000000000003 3.6 9.4 4 2.2 3.8000000000000003 11.200000000000001 2.4000000000000004 7 0 0 2 2.2 3.8000000000000003 0.8 0.2 2.4000000000000004 0 2.6 1.6 0 0 0 0 0 0 1 2.4000000000000004 0 0 0 0 0 0.4 0 0 0 0 0 0 0 0 0 0 0 0 0 0 0 0 0 0 0 0 2.2 0 0 1.8 0 0 0 0 0 0 1.8 0 0 0 0 0 2.8000000000000003 2.4000000000000004 0.8 0 0.6000000000000001 0 9.200000000000001 0 0 0 0.4 0 3.2 7.6000000000000005 4.2 0 0 6.2 3.6 8.4 2.4000000000000004 0 3.8000000000000003 10.200000000000001 6 0.2 4.6000000000000005 0.4 1.8 1 0 0 0 0 0 0 0 0 0 0 0 0 0 0 0 0 0 0 0 0 0 0 0 0 0 0 0 0 0 0 0 0 3.8000000000000003 0 0 0 0 0.4 0 0 0 0 0 0 0 0 0 0 0 14.600000000000001 5.4 0 0 0 2.6 0.4 0.2 0 0 0.4 0.6000000000000001 0 0 0 0 0 0 0 0 0 0 0 0 0 0 2.4000000000000004 0 0 0 0 0 9.8 0 0 0 0 0 0 0 0 
