 0 51.800000000000004 54.800000000000004 52.2 5.2 46.800000000000004 60.6 13.8 32.800000000000004 51.400000000000006 14.600000000000001 31 27.6 49 11.4 27.400000000000002 58.2 21.200000000000003 8.4 42.2 0.4 0.6000000000000001 0.4 0 0.4 0 0.6000000000000001 0.6000000000000001 0.6000000000000001 0 0.2 0 1 0.2 0.8 0.8 0 0 15 0 0 0.4 0 0 0 0.4 0 0 0.2 0.4 0.4 0.4 0 0 0.4 0.4 0 0.4 0 0 0.4 0 1.8 0 7.4 1 0 0.6000000000000001 0 0 0.4 0.2 0 0 0 0 0 0.2 0.2 0 2.8000000000000003 0.4 2 4.6000000000000005 0.2 6 0 8.8 3.8000000000000003 4.4 9.8 6.4 0 0.2 1 3.8000000000000003 2 2.6 0 0 0 0.2 0 0 0 3.8000000000000003 0 0 0 0 0 0 0.6000000000000001 0.2 0 0.4 0 0 0 3.2 0 0 0 0 0 0 0 0 0 2.4000000000000004 0 0 0 0 0 0 0 0 0.4 0 0 0 0 0 0 0 0 0 0 0 0 0 0 0 0 0 0 0 2 0 3.6 0.2 6.2 3.8000000000000003 1.8 10 2.4000000000000004 3.8000000000000003 4.4 7 2.6 4.800000000000001 0.4 2.6 10 0 6 4.6000000000000005 0 0 0 0 0 0 0 0 0 0 0 0.4 0 0 0.4 0 0 0 0 0 0 0 0 0 0 0 0 0 0 0 0 0 0 0 0 0 0 0 0 0 0 0 0 0 0 0 0 0 0 0 0 0 0 0 0 0 0 0 0 0 0 0 0 0 0 0 0 0.2 11.600000000000001 0 2.2 17.6 0 1.2000000000000002 2.8000000000000003 3.2 0 0 0 0 0 0 0 0 0 0 0 0 1.2000000000000002 0 0 0 0 0 0 0 0 0 3.6 0 0 0 0 0 0 0 0 0 0 0 0 0 
 51.800000000000004 0 84 13.200000000000001 15.8 43 32.800000000000004 16.6 28.8 47 24.400000000000002 24.400000000000002 5.2 10 24.200000000000003 16.8 8 45.400000000000006 11.4 8.6 0 1.4000000000000001 15 0 0 0 0.2 0 0 0 0 0 0.6000000000000001 0.4 0.6000000000000001 0.6000000000000001 41.2 0 14.8 14.8 0 0.8 0 0 0 1.2000000000000002 0 0.4 1.4000000000000001 0 0.4 0 0 0 0 0.4 0.2 0.4 0 0 10 0.4 0.4 0 0.6000000000000001 0 1.2000000000000002 0.6000000000000001 0 0 0.4 0.4 0 1.8 0.6000000000000001 0 0 0.8 0.4 0 4 2.4000000000000004 0 0.6000000000000001 4.800000000000001 6.2 0 0 4.6000000000000005 5.2 3.4000000000000004 0.8 0 2.2 2.4000000000000004 8 5.800000000000001 5.4 0 0 0 0 0 0 0 0 0 0 0 0 0 0 3.4000000000000004 0.4 0 0 0 0 0 0.2 0 0 0 0 0 0 0 0 0 0 0 6 0 0.2 0 0 0 0 0 0 0 0 0 0.2 0 0 0 0 0 0 0 0.4 0 0 0 0 0 0.2 0 0 0 5.800000000000001 1.6 0 0 6.4 0 0 0.2 0 0 0 0 1.8 1.6 0 0 0 0 2.2 0 0 0 0.2 0 0 0.8 0 0 0 0 0 2.2 0.6000000000000001 0 0 0 0 0 0 0 0 0 1.4000000000000001 0 0 0 0 0 0 0 0 0 0.2 0 0 0 0 0 0 0 0 0 0 0 0.2 0 0 0 0 0 0 0 0 0 0 0 0 0 0 0 0 0 0 0 0 17.8 0.4 0.2 0 4.4 4.800000000000001 0 0 0 0 0 0 0 0 0 0 0 0 0 0 0 0 0 0.4 0 0 0 0 0 1.2000000000000002 0 0 0 0 0 0 0 0 0 0 0 0 0 0.2 
 54.800000000000004 84 0 39.800000000000004 27.400000000000002 23.6 41 59.2 35.4 31.8 12.4 97 12.8 71.2 68 92 28 30.8 95.60000000000001 30 0 0.6000000000000001 0 0 0 0 0 0 15 0 0 0.2 0.6000000000000001 0.4 0.6000000000000001 0.6000000000000001 0 0 17 29.8 0 0 0 0 0 0 0 0 0 0 0.4 0 0 0 0 0 0 0.4 0 0 0 0 0.4 0 0.6000000000000001 0 0 0.6000000000000001 0 8.200000000000001 0.4 0.2 0 0 0 0 0 0 0 0 0 2.2 7.6000000000000005 0 1.6 0.2 0.2 2.4000000000000004 2.6 6.6000000000000005 7.2 0.2 0 0 0 0 4.6000000000000005 4.2 0 0 0 0 0 0.2 0 0 0 0 0 0 3.4000000000000004 0 4.800000000000001 0 0 0 0 0 0 0 0 0 0 0 0 0 0 0 0.2 0.2 0 0 0 0 0 0 0 0 0 0 0.2 0 0 0 0 0 0 0.4 0 0 0 0 0 0 0 0 0 0 0 0 0 0 1.8 3.2 1.6 0 0 0 0.6000000000000001 2 2 5.2 0 0 0 3.6 2.4000000000000004 8 0.4 2.8000000000000003 0 0 0 0 0 0 0 0 0 0 0.4 0 11.8 2 0 0 0 0 0 8.6 0 0 0 0 0 0 0 0 0 0 0 0 0 0.2 0 0 0 0 0 0 0 0 0 0 0 0 2.4000000000000004 0 0 0 0 0 0 0 0 4 0 0 0 0 0 0 0 0 0 0.4 18.400000000000002 0.4 1.2000000000000002 0.4 0.4 3 0 0 0 0 0 0 0 0 0 0 0 0 0 0 0 0 0 0 0 0 0 0 0 0.2 0.2 2.6 0 0 0 0 0 0 0 0 0 0 0 0 
 52.2 13.200000000000001 39.800000000000004 0 36.800000000000004 24.8 38.400000000000006 15 23.6 36.800000000000004 14 12.8 9.200000000000001 13.8 27.6 6.6000000000000005 7.4 90.80000000000001 29.400000000000002 14.200000000000001 15 1.2000000000000002 0 0 0 0 19 1 0.6000000000000001 0.6000000000000001 0 0.2 30.400000000000002 0 19.6 0.6000000000000001 0 0 19.8 26.6 0.2 0 0 0 0 0 0 0 1.4000000000000001 0 0.4 0 0 0 0 0 0.8 0.4 0 0 0 0 0.4 0 0.8 0 0 0.6000000000000001 0 0 0.4 0.4 0 0 0 0 0 0 0.8 0 0 4.800000000000001 0 5 8 2.6 0 0 18.6 0 1.8 3.8000000000000003 0 0 0 1.8 0 5.6000000000000005 0 0 0 0 0 3.4000000000000004 0 0.2 2.8000000000000003 0 0 0 0 0 0 6.800000000000001 0 0 2.8000000000000003 0 1.8 5.6000000000000005 0 0 0 0 1.6 0 0 0 0.2 0 0 0 0 0 0 0 0 0 0 0 0 3.8000000000000003 0 0 0 0 0 0.4 0 0 0 0 0 1.6 0 0 0 0 0 0 0 2.6 2.6 0.2 0 0.2 0 0 0.2 0 0 0 0 4 0 0 0 2.6 3.6 0 0 2.2 3 0 0 0 3.8000000000000003 0.2 1.8 1.8 0.4 0 5.6000000000000005 5.4 0 0 2.8000000000000003 0 2.2 2.4000000000000004 0 0 0 0 0 0 0 0 0 0 0 0 0 0 0 0 0 0 0 0 1 0 0 0 0 0.6000000000000001 0 0 0 0 0 0 0 0 0 0 0 0 0 0 0 2.6 0 0 0 0.4 0.4 0 0.4 18 4 1.6 0 0 0 0 0 0 0 0.4 0 0 0 0 0 0 0.2 0 0 0 0 2 0 0 0 3 0 0 0 0 0 0 0 0 0 0 0 0 0 0 
 5.2 15.8 27.400000000000002 36.800000000000004 0 76.4 54.6 17.2 17.2 20.6 76 8.6 14.200000000000001 15.200000000000001 12.8 14 54.400000000000006 12.8 11.200000000000001 12.8 16 0.6000000000000001 0 0.4 0 0 57.6 15.200000000000001 4 0.4 0 0 30.6 0.2 18.400000000000002 0.6000000000000001 0 0 20.8 8.4 0.2 0 0 0 0 0 0 0 0.2 0 0.4 0.4 0 0 0 0 0.8 0.4 0 0 0 0 0.4 0 0.6000000000000001 0 0 0.6000000000000001 0 0 0.4 0 0 0.2 0 0 0.2 0 0 0 0 0 0 2.4000000000000004 5.2 6.800000000000001 0 0.2 4.2 0.2 0 6.2 0.2 0 0 0.4 0 2.8000000000000003 0 0 1.8 0 0 0 3.4000000000000004 0 4.6000000000000005 4.4 0 1.8 0 1 2.4000000000000004 2.6 1.8 0 6.6000000000000005 1.8 2.8000000000000003 5.2 0 0 0 0 0 0.2 0 0 0 0 0 0.2 0 0 0 0 0 0 0 0 0 0 0 0 0 0 0 0 0 0 0 0 0 0.8 0.2 0 3.4000000000000004 0 0 0.6000000000000001 0 1.8 2.8000000000000003 0.4 0 1.4000000000000001 0.6000000000000001 0 0 0.2 1.6 8.200000000000001 0.2 0.2 0 0 0 2.2 0 0 3 1.8 0 0.2 0 0 2.2 0.8 5.6000000000000005 2.8000000000000003 0 0 7.6000000000000005 5 11.4 0 3.2 0 4.4 7.4 0 0 0 0 0 0 0 0 0 0 0 0 0 0 0 0 0 0 0 0 0 0 0 0 0 0 0 0 0.4 0 0 0 0 0 0 0 0 0 0 0 0 1.8 0 0 0 0.4 0.2 0.4 0.2 0.2 2.8000000000000003 2.4000000000000004 0 0 0 0 0 0 0 0 0 0 0 0 0 0 0 0 0 0 0 0 0 0 0 0 0.2 0 0 0 0 0 0 0 0 0 0 0 0 0 
 46.800000000000004 43 23.6 24.8 76.4 0 68.60000000000001 10.4 25.200000000000003 104.60000000000001 17.8 74.60000000000001 90.80000000000001 6.4 9.600000000000001 40.400000000000006 58.6 99 68.2 8.200000000000001 14.600000000000001 6.2 58.2 0.2 0 0.4 42 16.2 4.4 0 5.6000000000000005 0 20 0.4 16 3 0 0 15.600000000000001 3.4000000000000004 0.6000000000000001 0 0 0 0 0 0 0 2.4000000000000004 0 0.4 0 0 0 0 0 1 0.4 0 0 0.6000000000000001 0 0.4 0 0.6000000000000001 0 0 0.6000000000000001 0 0 0.4 0.2 0 0.2 0 0 0 0 0 0 0 2.2 0.2 0.2 3.6 8 0 2.2 3.6 2.8000000000000003 0 0 0 0 0 2.2 2.8000000000000003 0.4 0 0 0.4 0.6000000000000001 0 3.6 3.4000000000000004 0 3 0.4 0.6000000000000001 4.6000000000000005 0 1.2000000000000002 6.6000000000000005 4.6000000000000005 2.8000000000000003 0 0 2.2 1.4000000000000001 9.600000000000001 2 0 0 0 0 0 0 0 0 0 0 0 0 0 0 0 0 0 0 0 0 0 0 0 0 0 0 0 0 0 0.8 0 0 0.8 0 0 0.4 0 0 0 0 2.8000000000000003 0 7 0 11.4 1.4000000000000001 0 1.4000000000000001 0 0 0 0 0.4 4.2 0 0 0 0 0 3.4000000000000004 2 0 0 0 0 2 6.4 4.6000000000000005 4.800000000000001 0 0 10.600000000000001 0 2 0 0 0.2 2 3.8000000000000003 0 0 0 0 0 0 0 0 0 0 0 0 0 0 0 0 0 0 0 0 0 0 0 0 0 0 0 0 0 0 0 0 0 0 0.2 0 0 0 2.2 0 0 2.2 0.2 0 0 1 1 0 18.400000000000002 0.2 1 1 0 0 0 0 0 0 0 0 0 0 0 0 0 0 0 0 0 0 0 0 0 0 0 0.2 2.8000000000000003 0 0 0 0 0 0 0 0 0 0 0 0 0 
 60.6 32.800000000000004 41 38.400000000000006 54.6 68.60000000000001 0 44.6 28 67.8 83.60000000000001 23.8 42.400000000000006 75.8 22.8 64.60000000000001 7.2 57.800000000000004 13.200000000000001 26.400000000000002 0 0.6000000000000001 0 0.2 0.4 0 0.6000000000000001 0.6000000000000001 1 0.6000000000000001 0 0 0.6000000000000001 0.8 1.2000000000000002 1.2000000000000002 0 0 0.4 0.4 0 0 0.6000000000000001 0 0 0.2 0 0 0 0 0.6000000000000001 0 0 1.2000000000000002 0.8 0.2 0 0.4 0 0 0 0 0.4 0.2 0.6000000000000001 1.4000000000000001 0.2 0.6000000000000001 0 0.2 0.8 0 0 0 0 0 0 0 0 1.2000000000000002 6.800000000000001 0 0.4 1.8 0.2 0.2 3 3.2 0 17.2 8.4 2.6 0 0 0 5 3.8000000000000003 2.2 0 0 0 0 0 0 0 0 0 0 0 0 0 0 0.4 0 0 0 0 0 0 0.8 0 0 0 0 0 0 0 2.4000000000000004 0 0 0 0 0 0 0 0 0 0 0 0 0 0 0 0 0 0 0 0 0 0 0 0 0 0 0 0 0 0 0 0 0 0.2 1.8 0.2 3.2 6.2 2 2.8000000000000003 1.4000000000000001 5 2.8000000000000003 6 0.2 0.2 10.200000000000001 3 0 3.8000000000000003 0 0 0 0 0 0 0 0 0 0 0 0 0 0 0 0 0 0 0 0 0 0 0 0 0 0 0 0 0 0 0 0 0 0 0 0 0 0 0 0 0 0 0 0 0 0 0 0 0 0 0 0 0 0 0 0 0 0 0 0 0 0 0 0 0 0 0 0.4 18.8 0.4 1.2000000000000002 0 0 1.8 0 0 0 0 0 0 0 0 0.4 0 1.4000000000000001 0.2 0 0 0 0 0 0 0 0 0 0 0.6000000000000001 0 4.4 0 0 0 0 0 0 0 0 0 0 0 0 0 
 13.8 16.6 59.2 15 17.2 10.4 44.6 0 16.400000000000002 100.60000000000001 59.2 98 54.2 13 41.6 15.4 24.400000000000002 19.8 22.8 51.800000000000004 0.2 0.6000000000000001 0.6000000000000001 0 0 0.4 0 5.800000000000001 0.6000000000000001 0 0.6000000000000001 0.2 1 0.2 1 0.8 0 0.6000000000000001 0 0.6000000000000001 0 0 0 1.6 0 0 0.4 0 0 0 1 0.4 0 0 0 0 0 0.4 0.6000000000000001 0 0 7.4 0.4 0 0.6000000000000001 0 0 0.6000000000000001 2 0 0.4 0 0 0.2 0 0 0.2 0.6000000000000001 1.2000000000000002 0 0.2 7.2 3.4000000000000004 0.2 0 0 0.4 3.4000000000000004 0 2.2 1.4000000000000001 0 6.2 7.6000000000000005 5.4 6.6000000000000005 2.2 0 3.6 6.6000000000000005 0 0 0 0 0 0.4 0 0 0 0 0 0 0 0 0 0 1.6 0 0 0 0 0 0 0 0 0 0 0 0 0 0 0 0 0 0 2.2 0 0 0 0 0.2 0 0 0 0 0.4 0 0.4 0 0 0 0 0.8 0 0 0 0 0 0 0 4.4 2.6 0 2 0 0 0.4 5 0 0.2 2 9.4 0.2 2 0 2.6 4.6000000000000005 2.6 2.2 0 0 1.6 0 0 0 0 0 0 0 0 0 0 0 0 0 0 0 0 0 0 0 0 0 0 0 0 0 0 0 0 0 0 0 0 0 0 0 0 0 0 0 0 0 0 0 0 0 0 0 0 0 0 0 0 0 0 0 0 0 0 0 0.2 0 0 0 0 0.2 0 0 0 0 3 0 0 0 0 0 0 0 0 0 0 0 0 0 0 0 0 0 0 0 0 0 0 0 0 2.2 0 0 0 0 0 0 0 0 0 0 0 0 0 
 32.800000000000004 28.8 35.4 23.6 17.2 25.200000000000003 28 16.400000000000002 0 37.2 34 15.8 38.6 29 9 28.8 21 30.200000000000003 16.400000000000002 45 8.4 1 0 0.4 0 0 0 0 0 0 0 0 1 0.2 0.6000000000000001 0.6000000000000001 0 0 30.200000000000003 6.800000000000001 0 0 0 0 0.8 0 8.4 0 0.2 0 0.4 0 0 0 0 0 0 0.4 0 0 0 0 0.4 0 0.6000000000000001 0 0 0.6000000000000001 0 0 0.4 0.2 0 0.6000000000000001 0 10.4 0 0 0 0 0.2 0 0 5.4 0.2 4 0 6.800000000000001 4.4 1.8 6.6000000000000005 5 0 0.6000000000000001 0.6000000000000001 0.2 2.6 11.8 0 0 0 0 0 0 0 0 0 0 0 3.6 0 0 2.6 1.8 0 0 0 0 0 0.2 0 0 0 0 3.6 0 0 0 0 2.6 0 0 0 0 0 0 0 0 2.4000000000000004 0 0 0 0 0 0 0 0 0 0 0 1.2000000000000002 0 0 0 0 0 0 0 0 0 3.8000000000000003 0.4 4 0.2 2.4000000000000004 2.8000000000000003 0.2 0.4 0.2 6.4 4.800000000000001 2 0 3.6 0.6000000000000001 3.8000000000000003 6.2 1 0 1.8 0 0 2.6 0 0.2 0 1.6 0 0 0 0 0 0 1.6 0 0 0 0 0 2.4000000000000004 0 0 0 0.2 0.2 0 0 0 0 0 0 0 0 0 0 0 0 0.4 0 0 0 0 0 0 0 0 0 0 0 0 0 0 0 0.2 0 0 0 0 0 0 0 0 0 0 0 0.2 18.400000000000002 0 0.6000000000000001 17.400000000000002 3 1 3 0 0 0 0 0 0 0 0 0 0.2 0 0 0 0 0 0 0 0 0 0 0 0 0 0 0.4 0 0 0 0 0 0 0 0 0 0 0 0 
 51.400000000000006 47 31.8 36.800000000000004 20.6 104.60000000000001 67.8 100.60000000000001 37.2 0 29.200000000000003 95.80000000000001 52.800000000000004 16.6 29.8 14.200000000000001 21.200000000000003 68.4 52.800000000000004 67.8 0 0.6000000000000001 0 0 0 0 0.2 0 0 0 0 0 0.6000000000000001 0 0.6000000000000001 1 0 0 14.8 15 0 0 0 0 0 0 0 0 0.2 0 0.4 0.2 0 0 0 0.4 0 0.4 0 0 0 0 0.4 0 0.6000000000000001 0 0 0.6000000000000001 0 0 0.4 0.4 0 0.6000000000000001 0.4 0 0 0 0 0 2.8000000000000003 2.4000000000000004 0 5.6000000000000005 4.800000000000001 7.4 0 0 6.6000000000000005 2 8.4 2.8000000000000003 0 0.6000000000000001 2.2 5.800000000000001 0 1.8 0 0 0 0 0 0 0 0 0 0 0 0 0 0 0.2 0.2 0 0 0 0 0.4 0.6000000000000001 0 0 0 0 0 0 0 0 0 3.2 0 0 0 0 0.4 0 0 0 0 0 0 0 0 0 0 0 0 0 0 0.2 0.2 0 0 0 0 1 0 0 0 0 2 2.6 5.4 0 0 8 1 0 1.8 2 0 3 0 1 7.2 0 2.8000000000000003 6.6000000000000005 2.6 0 0 0.2 0 0 0 0.2 0 0 0 0 0 0 2.2 0 3 0 0 0 0 0 0 0 0 0 0 0 0 0 0 0 7 0.2 0 0 0 0 0 0 0 0 0 0 0 0 0 0 0 0 0 0 0 0 0 0 0 0 0 0 0 0 0 0.2 0 0 0 0.4 12.600000000000001 0 1.6 0 0.4 2.4000000000000004 0 0 0.2 0 0 0 0 0 0 0 0 0 0 0 0 0 0 0 0 0 0 0 0 1.2000000000000002 3.2 0 0 0 0 0 0 0 0 0 0 0 0 0 
 14.600000000000001 24.400000000000002 12.4 14 76 17.8 83.60000000000001 59.2 34 29.200000000000003 0 47.6 11 7.2 27.6 31.200000000000003 22.8 33.4 26.8 27.200000000000003 0 0.6000000000000001 0 0.4 0.4 1 28.6 0 1.6 0 0 8 30.400000000000002 0 1.2000000000000002 0.6000000000000001 0.6000000000000001 0 15.600000000000001 0.2 0 0 0 0 0.2 0 16.400000000000002 0 0 15.200000000000001 0.4 0 0 0 0.4 0.4 1 0.4 1 0 0 0 1 0 0.6000000000000001 0.6000000000000001 0 0.6000000000000001 0 0 0.8 0 0 0.2 0 0 0 0 0 0 5.6000000000000005 2.6 5 10.600000000000001 0 7.2 0 0.2 2.2 6.2 8.4 4.6000000000000005 0 0.4 0 4 4.6000000000000005 2.6 0.2 1.4000000000000001 2 0 0 0 0 0 2.4000000000000004 0.4 0 0 0 0 0 2 0 0 10.8 0.2 1.8 0 0 0 0 0 1.2000000000000002 0 0 0 0 0 0 0 0 0 0 0 0.2 0 0 0 0 0 0 0 0 0 0 0 0 0 0 0 0 0.4 0.2 0 0 0 0 0 1.2000000000000002 0 2.6 1.8 0.6000000000000001 7.4 0 1.6 3.2 4.800000000000001 4.2 14 0 0.2 5.4 1.8 3.4000000000000004 5.800000000000001 0 0 0 0 0 0 0 0 0 0 1 0 0 0 0 6.6000000000000005 4 0 4 0 4.4 3.6 0 0 0 0 0 0 0 0 0 0 0 0 0 0 0 0 0 0 0 0 0 0 0 0 0 0 0 0 0 0 0.4 0 0.4 0 0 0 0 0 0 0 0 0 0 0 0 0 2 0.2 0.2 17.8 0 3.2 0 0 0 0 0 0 0 0 0 0 2.2 0 0 0 0 0 0 0 0 0 0 0 0 0 0.4 0 0 0 0 0 0 0 0 0 0 0 0 0 
 31 24.400000000000002 97 12.8 8.6 74.60000000000001 23.8 98 15.8 95.80000000000001 47.6 0 29.200000000000003 6.4 7 8.6 29 26 56.2 57.6 0.2 0.6000000000000001 0 0 0 0 0 0 0 0.4 0 0 0.6000000000000001 0 0.6000000000000001 0.6000000000000001 0 0 30.8 0 0 0 0.4 0 0 0 0 0 0.4 0 0.4 0 0 0 0 0 0 0.4 0 0 0 0 0.4 0 0.4 0.2 0 0.6000000000000001 0 0 0.6000000000000001 0.2 0 0.6000000000000001 0 0 0 0 0 0 0 0.4 2 2 2 4.6000000000000005 0.4 4 8.8 2.2 9.200000000000001 8 0.2 2.4000000000000004 3.2 3.4000000000000004 0 1.4000000000000001 0 0 0 0 0 0 0 0.2 0 0 0 0 0 0 3.2 0 0 0 0 0 0 2.4000000000000004 0 0 0 0 0 0 0 0 0 2.8000000000000003 0 0 0 0 0 0.2 0 0 0 0 0 0 0 0 0 0.2 0 0 0 0 0 0 0 0 0 0 0 0 0 0 3.6 1.8 6.4 3.8000000000000003 0.4 1.4000000000000001 3.4000000000000004 3.8000000000000003 3.8000000000000003 9.8 2 3 0 1.8 3.8000000000000003 0 5.800000000000001 5.4 0.6000000000000001 0 3 0 0 0 0 0 0 0 0 0 0 0 0.2 0 0 0 0 0 0 0.2 0 0 0 0 0 0 0 0 0 0 0 0 0 0 0 0 0 0 0.4 0 0 0 0.4 0 0 0 0 0 0 0 0 0 0 0 0 0 0 0 0 0 0 0 0 0 0 1 31.400000000000002 0 10.200000000000001 18.2 0 2.4000000000000004 2.8000000000000003 0 0 0 0 0 0 0 0 0 0 0 0 0 0.2 0 0 0 0 0 0 0 0 0 3.6 0.4 0 0 0 0 0 0 0 0 0 0 0 0 
 27.6 5.2 12.8 9.200000000000001 14.200000000000001 90.80000000000001 42.400000000000006 54.2 38.6 52.800000000000004 11 29.200000000000003 0 34 23.6 5.800000000000001 65 48.400000000000006 22.8 19.200000000000003 0.2 1 0 0 0 0.4 22.200000000000003 0 22.6 0 0 0 1 0.2 0.6000000000000001 0.6000000000000001 0 0 0 0 0 0 0 1.6 0 0 0 0 0.8 0 0.4 12.4 0 0 0 0.4 0 0.4 0 0 0 0 0.4 0 0.6000000000000001 0 0 0.6000000000000001 0 0 0.4 0.4 0 0.6000000000000001 0 0 0 0 0 0 8.6 3.6 2.6 0 0 0 3.6 7.2 3.2 0.2 0.2 0 5 3.4000000000000004 8.8 4.6000000000000005 2 0 3.4000000000000004 3.4000000000000004 0 0 0 0 0 0 0 0.8 0 0 0 0 0 0 0 0 0 0 0 0 0 0 0 0 0 0 0 0 0 0 0 0 0 0 0 0 0 0 0 0 0 0.2 0 0 0 0 0 0 0 0 0 0 0 0 0 0 0 0 3 0 1.8 4.4 1.6 2.6 0 0 5.2 2.6 0 1.8 0 0.2 0.2 3.8000000000000003 3.2 6.2 2 1.6 2.8000000000000003 7 0 0 0 0 0 0 0 0 0 0 0 0.2 0 0.4 0 0 0 0 0 0 0 0 0 1.6 0 0 0 0 0 0.4 0 0 0 0 0 0 0 0 0 0 0 0 0 0 0 0 0 0 0 0 0 0 0 0 0 0 0 0 0 0 0 0 0 0 0.4 0.4 0 0 0.4 0.6000000000000001 0 0.4 2 0 0 0 0 0 0 0.4 0 0 0 0 0 0 0 0 0 0 0 0 0 0 0 0 0 0 0 0 0 0 0 0 0 0 0 0 0 0 
 49 10 71.2 13.8 15.200000000000001 6.4 75.8 13 29 16.6 7.2 6.4 34 0 15.4 85.4 22.200000000000003 47.400000000000006 22.400000000000002 33.2 0 0.6000000000000001 0 0 0 0 0 0 0 0 0.4 0 0.6000000000000001 0.2 0.6000000000000001 0.8 0 0 0 1 0 0 0 0 0 0 0 0 0 0 0.4 0 0 0 0 0 0 0.4 0 0 0 0 0.4 0 0.6000000000000001 0 0 0.6000000000000001 0 0 0.4 0.4 0 0 0 0 0 0 0 0 3.8000000000000003 1.8 9.8 0 0 0 4 11.8 2.8000000000000003 4.2 4.2 0.2 1.2000000000000002 0 2.8000000000000003 2.2 14.4 4.6000000000000005 3.2 6.6000000000000005 0 0 0 0 0 0 0 0 0 0 0 0 0 0 0 0 0 0 0 0 0 0 0 0 0 0 0 0 0 0 0 0 0 0 0 0 0 0 0 0 0 0 0 0 0 0 0 0 0 0 0 0 0 0 0 0 0 0 0 0 6 0 2.8000000000000003 0 0.2 5.800000000000001 0 9.200000000000001 6.800000000000001 4.2 4 2.6 0 0 1.8 13 8.6 1.8 2.2 3.8000000000000003 0 0 0 0 0 0 0 0 0 0 0 0 0 0 0 1 0 0 0 0 0 0 0 0 0 0 0 0 0 0 0 0 0 0 0 0 0 0 0 0 0 0 0 0 0 0 0 0 0 0 0 0 0 0 0 0 0 0 0 0 0 0 0 0 0 0 0 0.4 0 17 0.4 1.6 2.8000000000000003 0 0 0 0 0 0 0 0 0 1.6 0 0 0 0 0 0 0 0 0 0 0 0 0 0 0 0 0 0 0 0 0 0 0 0 0 0 0 
 11.4 24.200000000000003 68 27.6 12.8 9.600000000000001 22.8 41.6 9 29.8 27.6 7 23.6 15.4 0 12 30.200000000000003 15.8 17 31.400000000000002 0 1 0 0 0 0.4 0.4 0 0.4 0 0 0.4 0.6000000000000001 0 0.6000000000000001 0.6000000000000001 0.4 0 0.6000000000000001 15.8 0 0 0 0.8 0 0 0 0 0 0 0.4 0 0 0 0 0 0 0.4 0.4 0 0 0 0.6000000000000001 0 0.6000000000000001 0 6.6000000000000005 0.6000000000000001 0 0 0.4 0.2 0 0 0 0 0 0 0.2 0 2 10.600000000000001 5.800000000000001 0 3.4000000000000004 0 0.4 6 0 0.2 2 3.6 6.4 4.6000000000000005 3.4000000000000004 2 2 1 7.2 3.2 0 0 0 0 0 0 0 0 0 0 0 0 0 0 0 0 0 0 0 0 0 0 0 0 0 0 0 0 0 0 4.2 0 0 0 0 0 0 0 0 0 0 0 0 0 0 0 0 0 0 0 0 0 0 0 0 0 0 0 0 0 6.800000000000001 8.6 0 1.8 0 0 0.4 6.6000000000000005 2.6 1.2000000000000002 2.2 0.6000000000000001 0 2.4000000000000004 0 0.2 5.4 3 3.4000000000000004 0 0 0 0 0 0 0 0 0 0 0 0 0 2.2 0 0 0 0 0 0 0 0 0 0 0 0 0 0 0 0 0 0 0 0 0 0 0 0 0 0 0 0 0 0 0 0 0 0 0 0 0 0 0 0 0 0 0 0 0 0 0 0 0 0 0 0 0 0 0 0.8 0 0 1.4000000000000001 0 0 0 0 0 0 0 0 0 0 0 0 0 0 0 0 0 0 0 0 0 0 0 2.4000000000000004 2 6.6000000000000005 0 0 0 0 0 0 0 0 0 0 0 0 
 27.400000000000002 16.8 92 6.6000000000000005 14 40.400000000000006 64.60000000000001 15.4 28.8 14.200000000000001 31.200000000000003 8.6 5.800000000000001 85.4 12 0 27.200000000000003 5.4 25.6 19.400000000000002 0 0.6000000000000001 0.6000000000000001 0 0 0 0 0 0.4 0 0 0 0.6000000000000001 0.4 0.6000000000000001 0.6000000000000001 0 0 5.6000000000000005 0 0 0 0 0 0 12.200000000000001 0 12.600000000000001 0.2 0 0.4 0 0.4 0 0 0 0 0.4 0 0 0 0 0.4 0 0.6000000000000001 0 0 0.6000000000000001 0.8 0 0.4 0 0 0.6000000000000001 0 0 0 0 0 0 4.6000000000000005 2.8000000000000003 3 0.6000000000000001 2.2 2.4000000000000004 0 2 0 10.600000000000001 0 0.2 0 0 7.800000000000001 0.2 11 3.8000000000000003 2.8000000000000003 2.8000000000000003 0 0 0 0 0 0 0 0 0 0 0 0 2.8000000000000003 1.6 0 0 0 0 0.2 0.2 0 0 0 0 0 0 0 0 0 0 0 0 0 0 0 0 0 0 0 0 0 0 0 0 0.2 0 0 0 0 0 0 0 0 0 0 0 0.2 0 0 0 3.6 1.8 0 0 0 1.4000000000000001 1.6 7.2 6 0.8 4.2 0 0 5.800000000000001 2 9.200000000000001 3.6 0 0 7 0 0 0 0 0 0 0.2 0.2 0 0 0 0 0.6000000000000001 0.2 0 0 0 0 0.4 0 0 0 0 0 0 0 0 0 0 0 0 0 0 0 0 0 0 0 0 0 0 0 0 0 0 0.2 0 0 0 0.4 0 0 0 0 0 0 0 0 0 0 0 0 0 0 0 0.4 0 0.4 0.4 0 2.8000000000000003 1.8 0 0 0 0 0 0 0 3.2 0 0 1.8 0 0 0 0 0 0 0 0 0 0 0 0 0 0 0 0 0 0 0 0 0 0 0 0 0 0 0 
 58.2 8 28 7.4 54.400000000000006 58.6 7.2 24.400000000000002 21 21.200000000000003 22.8 29 65 22.200000000000003 30.200000000000003 27.200000000000003 0 88 28.6 57.400000000000006 0 0.6000000000000001 0 0 0.4 0 0.6000000000000001 0 0.6000000000000001 0 0.4 0.4 0.6000000000000001 0 0.6000000000000001 0.8 17.2 0 16.2 4.800000000000001 0 0 0 0 0 0 0 0.8 0 0 0.4 0 0 0 0.4 0.4 0 0.4 12.4 0 0 0 1.2000000000000002 0 0.6000000000000001 0.6000000000000001 0 0.6000000000000001 0 0 0.4 0.2 0 0 0 0 0 0 0.6000000000000001 0 2.8000000000000003 3.8000000000000003 11.600000000000001 10.4 2.2 5.4 3.2 3.8000000000000003 0 0 5.800000000000001 11.200000000000001 2 2.6 6 0 0.4 3.6 0 2.4000000000000004 0 0 0 0 0 0.2 0 0 0 0 0 0 0 6.800000000000001 0 0 0 0 1.2000000000000002 0 0 0 0 0 0 0 0 0 0 4 0 0 0 0 0 0.2 0 0 0 0 0 0 0 0 0 0.2 0 0 0 0 0.8 0 0 0 0 0 0 0 0 0 5.4 0.2 6.6000000000000005 9.600000000000001 0.8 0 2.4000000000000004 3 3.4000000000000004 3.8000000000000003 0 0 0 7.6000000000000005 12.200000000000001 2.2 10.600000000000001 2.6 1.4000000000000001 0.6000000000000001 0 0 3 0 3.6 0 4.800000000000001 0 0 0 0 0.2 0 14.200000000000001 0 0 0.6000000000000001 0 0 0.2 0 0 0 0 0 0 1.2000000000000002 0 0 0 0 0 0 0 0 0 0 0 0.4 0 0 0 0.2 0 0 0 0 0 0 0 0 0 0 0 0 0 0 0 0 0 0 0 0 0 0 0.2 18.8 0 0 17.400000000000002 3.8000000000000003 2.4000000000000004 3.4000000000000004 0 0 0 0 0 0 0 0 0 0 0 0 0 0 0.2 0 0 0 0 0 0 0 0 0.6000000000000001 0 0 0 0 0 0 0 0 0 0 0 0 0 
 21.200000000000003 45.400000000000006 30.8 90.80000000000001 12.8 99 57.800000000000004 19.8 30.200000000000003 68.4 33.4 26 48.400000000000006 47.400000000000006 15.8 5.4 88 0 24 26 0.4 0.6000000000000001 0 0 0 0.4 22.200000000000003 0 25.6 0 0 0.4 16.2 0.4 0.6000000000000001 1 0 0.4 14.8 16.8 0 0 0 0 0 0.4 0 0 0.4 0 0.4 0.2 0 0.4 0.4 0.6000000000000001 0 0.4 0 0 0 0 0.4 0 0.4 0.6000000000000001 0.2 0.6000000000000001 0 0 0.6000000000000001 0.2 0 0.6000000000000001 0 0 0 0 0 0.6000000000000001 1.6 2.2 0.4 5.800000000000001 3.6 4.800000000000001 0 0 1.8 0 6.6000000000000005 9 0 2.6 2.4000000000000004 16 3 2.2 0 0 0 0 0 1.8 0 0 0.2 0 0 0 0 0 0 4 0 0 0 0 0 0 0 0 0 0 0 0 0 0 0 3.4000000000000004 0 0 0 0 0 0 0 0 0 0 0 0 0 0 0 0 0 0 0 3 0 0 0 0 0 0 0 0 0 0 0 2 4.800000000000001 0 0 2.6 0 4.2 1.2000000000000002 0 0 0 0 3.4000000000000004 2.4000000000000004 0 2.8000000000000003 2 0.4 0.8 0 0.2 4.6000000000000005 0 0 0 4 0 0 0 0 0 7.6000000000000005 4 0 0 4.2 0 0 0 0 0 0 0 0 0 0 0 0 0 6.2 0 0 0 0 0 0 0 0 0 0 0 0 0 0 0 0 0 0 0 0 0 0 0 0 0 0 0 0 0 0 0.2 0 0 0 0.4 23 0 2.2 0.4 0.8 2.4000000000000004 0 0 0.2 0 0 0 0 0 0 0 0 0 0 0 0 0 0 0 0 0.4 0 0 0 1.6 1.4000000000000001 0 0 0 0 0 0 0 0 0 0 0 0 0 
 8.4 11.4 95.60000000000001 29.400000000000002 11.200000000000001 68.2 13.200000000000001 22.8 16.400000000000002 52.800000000000004 26.8 56.2 22.8 22.400000000000002 17 25.6 28.6 24 0 26 0 0.8 0 0.4 0 0 0 0 0.2 0 0 0 0.6000000000000001 0.4 0.6000000000000001 1 0.4 0.4 0 0.2 0 0 0 0 0 0 0 0 0 0 0.4 0 0 0 0 0 0 0.4 0 0 0 0 0.4 0 0.6000000000000001 0 0 0.6000000000000001 0 5 0.4 0 0 0.2 0 0 0 0 0 0 3.4000000000000004 5.4 5.800000000000001 0 0 0 1.6 0.2 0 5 1.4000000000000001 0 3 2.8000000000000003 5.800000000000001 2 4.4 0 9.8 4 0 0 0 3.2 0 0 0 0.2 0 0 0 0 0 0 0 0 0 3 0 0 0 0 0 3.4000000000000004 0 0.2 0.2 0 0 0 0 0 0 0 0 0 0 0 0 0 0 0 0 0 0 0 0 0 0 0 0 0 1.2000000000000002 0 0 0 0 0 0 0 8 2 0 2 0.4 0 0 0 6 0.2 2 2.4000000000000004 4.4 2 0 1.4000000000000001 7.2 0.2 9.4 5 0 0 0 0 0 0 0 0 0 0 0 0 0 0 0 0 0 0 0 0 0 0 0 0 0 0 0 0 0 0 0 0 0 0 0 0 0 0 0 0 0 0 0 0 0 0 0 0 0 0 0 0 0 0 0 0 0 0 0 0.4 0 0 0 0 0 4.6000000000000005 0.4 0 0 0.2 0 2.2 0 0 0 0 0 0 0 0 0 0 0 0 0 0 0 0 0 0 0 0 0 0 0 0 2.2 0 0 0 0 0 0 0 0 0 0 0 0 0 
 42.2 8.6 30 14.200000000000001 12.8 8.200000000000001 26.400000000000002 51.800000000000004 45 67.8 27.200000000000003 57.6 19.200000000000003 33.2 31.400000000000002 19.400000000000002 57.400000000000006 26 26 0 0.6000000000000001 0.6000000000000001 0.2 0 4 9.200000000000001 0 0 0.6000000000000001 0 0 0.2 0.6000000000000001 0.2 0.6000000000000001 0.6000000000000001 0 0 0 0.2 0 0 0 1.6 0.4 0 0 0 0 0.4 0.4 0 0.6000000000000001 0 0.6000000000000001 0 0.4 0.4 0 0.4 0 0 0.4 9.200000000000001 8.200000000000001 0 0.4 0.6000000000000001 0 0.4 0.4 0.4 0 0 0 0 0 0 0 0 0.2 11 5.6000000000000005 0 0 0 0 3.4000000000000004 0 0.6000000000000001 4.2 0 3.8000000000000003 4.4 8 2.6 5.4 0 0.2 2.8000000000000003 0 0 0 0 0 0 0 0 0 0 0 0 0 0 0 0 0 0 0.2 2.2 0 0 0 0 0 0 2.8000000000000003 0 0 1.8 0 0 0 0 0.2 0.2 0 0 0 0 0 0 0 0 0 0 0 0 0 0.4 0.4 0 0 0 0 0 0 0 0 0 11.200000000000001 2.6 4.2 6.2 0 0 12.600000000000001 0 4.2 1.6 0 2.2 0 2.8000000000000003 11.600000000000001 2 8 8.200000000000001 4.4 6.6000000000000005 0 0 0 0 0 0 0 0 0 0 0 0 0 0 0 0 0 0 0 0 0 0 5 0 0 0 0 0 0 0 0 0.4 0 0 0 0 0 0 0 0 0 5 0 0 0 0 0 0 0 0 0 0 0 0 0 0 0 0 0 0 0 0 0 0 0 0 0.2 0 19.400000000000002 11.8 0.2 1.2000000000000002 3 0 0 0 0 0 0 0.4 0 0 0 0 0 0 0 0 0 0 0 0 0.4 0 0 0.2 6.800000000000001 0 0 0 0 0 0 0 0 0 0 0 0 0.4 
 0.4 0 0 15 16 14.600000000000001 0 0.2 8.4 0 0 0.2 0.2 0 0 0 0 0.4 0 0.6000000000000001 0 20.8 16.2 11.8 7.800000000000001 4.4 34.6 11.4 77.2 16.2 10 27 14.200000000000001 66.60000000000001 27.400000000000002 20.6 19.400000000000002 5.6000000000000005 24.200000000000003 51.2 0 0 0 0 0.4 0 0.4 0 0 0 0.4 0.8 0.8 0.6000000000000001 0 0.2 0 0.8 0 0 0.6000000000000001 0 0.6000000000000001 0.8 0.8 0 0.6000000000000001 0.4 0 0 0 0.4 0.6000000000000001 0.6000000000000001 0.6000000000000001 0 0 0 0.2 0 0 0 0 0 1.4000000000000001 0 0 0 0 0 0 0 0 0 0 0 0 0.2 0 0 4.6000000000000005 2.2 5 3.6 3.2 0.2 2 0 2.8000000000000003 0 12 1.4000000000000001 2.8000000000000003 3.2 2.6 8.6 2.6 8.6 5.4 2.2 0 0 0 0 0 0 0 0 0 0 0 0 0 0 0 0 0 0 0 0 0 0 0 0 0 0.2 0 0 0 0 2.6 0 0 0.4 0 0 0 0 0 0 3 0 1 0 0 1.2000000000000002 0 0 0 0 0.2 0 1 0 0 0 0 0 0 0 0.6000000000000001 5.2 4 0 0.8 3.8000000000000003 2.4000000000000004 0.4 2.6 6 0 5 0 0.2 2.6 14.4 4 2.8000000000000003 2.4000000000000004 3.2 0.2 0 0 0 0 0 4.2 0 0 0 0 0 0 0 0 0 0 0 1.4000000000000001 0 0 0 0 0 0 0 0 0 0 0 0 0 0 0 0 0 0 0 0 0 0 0 0 0 0 0 0 0 0 0 0 0 0 0 0.8 0 0 8.200000000000001 30.8 0 0.6000000000000001 0.4 0 0 0 0 3.6 0 0 0 0 0 0 0 0 10.600000000000001 0 0 0 0 0 2.2 0 0 0 0 0 0 0 0 
 0.6000000000000001 1.4000000000000001 0.6000000000000001 1.2000000000000002 0.6000000000000001 6.2 0.6000000000000001 0.6000000000000001 1 0.6000000000000001 0.6000000000000001 0.6000000000000001 1 0.6000000000000001 1 0.6000000000000001 0.6000000000000001 0.6000000000000001 0.8 0.6000000000000001 20.8 0 36.6 42.400000000000006 6.2 6.800000000000001 41.400000000000006 27.400000000000002 24 25.200000000000003 7.2 18.6 25.200000000000003 31.400000000000002 43.800000000000004 63.6 25.200000000000003 10.8 9 41.400000000000006 0.8 0 0 0.6000000000000001 0.4 0.2 1.6 0 1.8 0.6000000000000001 0.6000000000000001 0.4 12.600000000000001 0.6000000000000001 0 0.4 1.4000000000000001 1.6 0.4 0.8 0.6000000000000001 0.4 1.2000000000000002 0.4 0.8 0 0.4 0.6000000000000001 0.6000000000000001 0 0.6000000000000001 0.8 0.8 1 1 0 0 0 0.6000000000000001 0.2 0 0 0 0 0 0 0 0 0 0 0 0 0 0 0 0 0 0 3.6 0 11 0.8 6.2 4.4 2.2 0.2 0 5.6000000000000005 12.4 5.6000000000000005 1.4000000000000001 2.6 3 2.4000000000000004 1 8.8 6.4 0 5 3.2 0 0 0 0 0 0 1.8 0 0 0 0 0 0.2 0 0 0 0.4 0 1.8 0 0 0 0 0 0 0 0 1.6 0 0.2 1.8 0 0 0.2 1.8 0 0 0 0 0.8 0 0 0.4 3.8000000000000003 2.2 2.8000000000000003 0 0 0 0 0 4.6000000000000005 1.2000000000000002 0 0 0 0 0 0 0 2.6 5.4 5 2.6 0.8 3.8000000000000003 0.4 9.200000000000001 2 2 0 4.800000000000001 0.8 3.8000000000000003 9.200000000000001 2 3 8.200000000000001 13.8 2.6 0 0 0 0 0 0 3.8000000000000003 0 0 0 0 0.4 0 0 0 0 0 0 2.4000000000000004 0 0 0.2 0 0 0 0 0 0 0 0 0 0 0 0 0 0 0 0 0 0 0 6.4 0.2 0 0 0 0 0 0 0 0 0 0 0 2 0.4 0.4 0.2 15.200000000000001 0 1.2000000000000002 0 0 0 0 0 0 0 0 0 0 0.4 0 0 0 0 0 0 0 3.2 0 0 0 0.2 0 1.6 0 0 0 0 
 0.4 15 0 0 0 58.2 0 0.6000000000000001 0 0 0 0 0 0 0 0.6000000000000001 0 0 0 0.2 16.2 36.6 0 35.4 22.200000000000003 24.6 11.600000000000001 43.800000000000004 36.2 78.2 16.6 62.800000000000004 25.8 13.8 31.6 25.400000000000002 28.400000000000002 9.600000000000001 23.200000000000003 13.200000000000001 12.8 0 0 0 0.4 0 13.200000000000001 0 1.4000000000000001 0 0.6000000000000001 0.8 12.8 0.6000000000000001 0 0.8 0.6000000000000001 0.6000000000000001 0 0 0.6000000000000001 0 0.6000000000000001 0.6000000000000001 1.2000000000000002 0 1 0 0.6000000000000001 0 0 0.4 0.6000000000000001 0.4 0.6000000000000001 1 0.2 0 0 0 0 0 0 0 0 0 0 0 0 0 0 0 0 0 0 0 0 0 2.8000000000000003 0 4 14.600000000000001 8.200000000000001 2.2 0.2 6.800000000000001 0 0 2.8000000000000003 0.2 5.4 5.2 4.800000000000001 5.2 4 1.8 4 2.6 8 4.4 0 0 0 0 0 0 6 0 0 0 1.4000000000000001 0 1.6 2.8000000000000003 0 0 0 3.2 0 1.4000000000000001 0 0 0 0 0 0 0 1 0 1 0 0 0 1.8 0 0 0 0 0 0 0 0 0 4 1 0.2 0 0 0 0 0 0 0 0 0 0 0 0 0.2 0 2.2 0 0.6000000000000001 6.2 1.6 0 4 9 2.6 3 4.4 8.4 0 2.4000000000000004 0.4 5 2 2.2 3.2 0 1.4000000000000001 0 0 0.8 0 0 0 4.4 0 0 0 0 8.4 0 0 0 0 0 1.4000000000000001 7 0 0 0 0 0 0 0 0 0 0 0 0 0 0 0 0 0 0 0 0 0 0 0 0 0 0 0 0 0 0 0.2 0 0 0 2 0.4 0.2 15.4 0 0.4 0.8 5.800000000000001 0.2 0 0 0 0.4 0 0 0 0 0 0 0 0.2 0 0 0 0 2.4000000000000004 0 0 0 0 0 0 0 0 0 0 
 0 0 0 0 0.4 0.2 0.2 0 0.4 0 0.4 0 0 0 0 0 0 0 0.4 0 11.8 42.400000000000006 35.4 0 30.8 7.800000000000001 31.8 15.600000000000001 27.400000000000002 22.400000000000002 29.400000000000002 47.400000000000006 18.8 30.400000000000002 31 72 56.6 41.800000000000004 15 9 0 0.2 0 0 0.4 0 16.8 0 0 0 0.6000000000000001 0.4 15.200000000000001 1.2000000000000002 0 0.2 0 0.6000000000000001 17.2 0 1 0 0.6000000000000001 0.6000000000000001 0 0 0.6000000000000001 0 0 0.6000000000000001 0 0.4 0.6000000000000001 0.6000000000000001 0.6000000000000001 0 0 0 0.2 1.2000000000000002 0 0 0 0 0 0 0 0 0 0 0 0 2.6 0.4 0 0 0 0 0 4 2.8000000000000003 0.6000000000000001 14 0 2.4000000000000004 0 0 3.2 4.4 4.4 4.6000000000000005 6.800000000000001 0 0 0 1.2000000000000002 4 0.2 0 0 0 4 0 0 0 0 2.4000000000000004 0 0 0 0 0 3.2 0.6000000000000001 3.2 3.2 0 0 2.4000000000000004 3.8000000000000003 0 0 0 0 0 0 0 0 0 0 0 0 0 0 0 0.2 0 0 0.2 0 0 0 0 0 0 0 0 0.2 0 0 0 4 0.2 0 0 0 0 0 0 0 6.6000000000000005 2.4000000000000004 5.800000000000001 0 2.8000000000000003 3.8000000000000003 0 0 1.4000000000000001 0 7.2 0 0 0.2 3.8000000000000003 3.2 2.4000000000000004 1.2000000000000002 0 0 4.4 0 3.2 0 0 0 0.4 0.2 0 0 0 0 1 0 0 0.2 2.4000000000000004 0 4.4 0.2 0 0 0 0 0 0.4 0 0 0.2 0 0 0 0 0 0 0 0 0 0 0 0 0 3.4000000000000004 0 0 0.4 0 0 0 0 0 0 0 0 1.8 0 0 16.2 0.2 0.4 1.8 0.4 0 0 0 0 0 0 0 0 0 0.4 0 0 0 0 0.2 0 0 0.2 0 2.4000000000000004 0 0 0 2.8000000000000003 0 0 0 0 
 0.4 0 0 0 0 0 0.4 0 0 0 0.4 0 0 0 0 0 0.4 0 0 4 7.800000000000001 6.2 22.200000000000003 30.8 0 43 10.8 13.600000000000001 24.400000000000002 38 34.2 17.6 34.2 15 15.4 43.800000000000004 23.200000000000003 81.2 9.600000000000001 15.600000000000001 12.8 0 0 0.6000000000000001 1 0 26 0 0 1.2000000000000002 0.4 0.4 33.800000000000004 17.8 0.4 0.2 0.6000000000000001 9.8 6.6000000000000005 16.8 0.6000000000000001 0 4.800000000000001 0.6000000000000001 0.4 0 1.2000000000000002 0 0 0.6000000000000001 0 0.2 0.8 0.6000000000000001 0.8 0 0 0 0.2 0 0 0 0.2 0 0 0 0 0 0 0 0 0 0 0 0 0 0 0 0 0 0 0.2 0 0 0 6.4 0 0 0 0 0.4 2 0 0.2 0 0 3.6 0 0 0 0.8 0 0 5.6000000000000005 0 0 6.2 2.4000000000000004 2 0 0.6000000000000001 0 5.6000000000000005 4.4 0 2 8 4.6000000000000005 0 4 0 0 0.2 0 0.2 0 0 0 0 0.4 0 0 0 0 0 0 0 0 0 0 0 0 0.4 0 0 0 0 0 0 0 0 0 0 0 0.4 0 4.4 0 0 0 0 0 0 2.6 0 3.8000000000000003 0 0 0.4 0 1.8 0.2 0 0 0 0 1.6 0.4 0 0 2 0 1.8 0 0 0.4 4.800000000000001 2 3 0 0 0 10.8 5.2 0.2 1.4000000000000001 4.2 2.2 3.6 5.6000000000000005 0 0 0 0 2.8000000000000003 0 0 0 0 0 0 0 0 0 0 0 0 0 0 0 0 0 0 0 0 0 0 0 0 0.2 0 0 0 0 0.8 0.4 0.4 2 0 0.2 0.4 0.2 0 0 0 0 0 0 0 0 0 0 0 0 0 0 0 0 0 2.6 0 2.8000000000000003 0 0 0 1.8 0.4 0 0 1.4000000000000001 
 0 0 0 0 0 0.4 0 0.4 0 0 1 0 0.4 0 0.4 0 0 0.4 0 9.200000000000001 4.4 6.800000000000001 24.6 7.800000000000001 43 0 6.2 13.4 31 67.8 19.8 9 7.6000000000000005 25.400000000000002 13.600000000000001 26 12.600000000000001 5.800000000000001 49.2 12.8 12.600000000000001 10.8 0 0 0.4 0 0.4 0.4 0 0 0.6000000000000001 0.4 15.4 28.200000000000003 0 0.2 4.2 11.8 28.6 29.200000000000003 0.6000000000000001 0 0.6000000000000001 11 0 0.2 0.6000000000000001 0 0 0 0 0.2 0.6000000000000001 0.4 0.6000000000000001 0 0 0 0 1 0 0 0 0 0.4 0 0 0 0 0 0 0 0 0 0 0 0 0 0 0 0 1.2000000000000002 0 0 0 7.4 0 0 2.8000000000000003 0 2 0 0 0 0 0 1.6 0 0 0 7.6000000000000005 0 3.2 3.8000000000000003 0 0 7.800000000000001 10.600000000000001 2 4.800000000000001 0 0 0.4 0 2 2.4000000000000004 0.2 5.6000000000000005 5.4 2.6 0 0 0 0 0 0 0 0 0 0.4 0.2 0 2 0 0 0 0 0 0.2 0 0 0 0 0 0 0 0 0 2.2 0 0 0 0 0 0 0 0.6000000000000001 0 0.2 0 0 0 0 0 0 2 0 0 0 0 0 0 3.6 0 0.2 0 0 0 0 0 3.8000000000000003 0 7.6000000000000005 2 0 0 6.6000000000000005 4.2 1.6 0.8 0 0 2.2 3.4000000000000004 8.200000000000001 4.4 7.2 5.800000000000001 0 2.8000000000000003 0 3.2 0 0 0 0 0 0 0 0 0 0 0 0 0 0 0 0 0 0 0 0 0 0 0 0 0 0 0 0 0 0 0 0 0 0 0 0 0 0.2 0.4 1.4000000000000001 0 0 0 0 0 0 0 1.2000000000000002 0 0 0 0 0 0 0 0 0 0 0 0 0 0 0 2.8000000000000003 0 0 0 0 
 0.6000000000000001 0.2 0 19 57.6 42 0.6000000000000001 0 0 0.2 28.6 0 22.200000000000003 0 0.4 0 0.6000000000000001 22.200000000000003 0 0 34.6 41.400000000000006 11.600000000000001 31.8 10.8 6.2 0 18.6 108.2 5.4 4 21 64 24.200000000000003 13 19.8 10.600000000000001 7 56.6 57.400000000000006 1 0.2 0 0 0.4 0 0.4 0 1.4000000000000001 0 0.4 0.4 0 13.200000000000001 0 0.2 1.2000000000000002 0.6000000000000001 0 0 0.8 0 0.6000000000000001 0.6000000000000001 0 0 0.6000000000000001 0 0 0 0 0.4 0.6000000000000001 0.6000000000000001 0.6000000000000001 0 0 0 0.2 0 0 0 0 4.6000000000000005 1.6 4.6000000000000005 0 0 5.6000000000000005 0 0.2 2.4000000000000004 0 0 0 0 0.2 0 0 0 2.2 2 0.2 0 1.6 0 5.2 2.8000000000000003 0 4.4 2.6 4.800000000000001 0 12 7.6000000000000005 2.4000000000000004 4.2 4.800000000000001 4.4 3.2 0 0 0 0 0 0 0 0 0.2 0.2 0 0 0 0 0 0 0 0 0.2 0 3.4000000000000004 0 0.2 0 0.2 0 0 0 0 0 0 0 0 1.2000000000000002 0 0 0 0 0 0 0 0 0 3.8000000000000003 0 0 0 0 0.2 0 5 0 3.2 0 0.4 0 0.2 0.2 0 0 17.2 7.2 0 0 0.4 0 2.4000000000000004 3.2 3.2 1.8 2.6 0.2 7.800000000000001 0 17.8 6.2 2.4000000000000004 0.6000000000000001 2.8000000000000003 6 0 0 0 0 0 0.2 0 0 0 3.6 0.2 0 0 0.4 0 0 0 0 0 0 0 0 0 0 0 0 0 0 0 0 0 0 0 0 0 0 0 0 0 0 0 0.6000000000000001 0 0 0 0 0 0 0 15 0 0 0 0 2 0 0.4 0.2 0 0.4 0 0 0 0 0 0 0 0 0 0 0 0 0 0 0 0 0 0 0 0 0 0 0 0 0 0 0 0 0 0.6000000000000001 
 0.6000000000000001 0 0 1 15.200000000000001 16.2 0.6000000000000001 5.800000000000001 0 0 0 0 0 0 0 0 0 0 0 0 11.4 27.400000000000002 43.800000000000004 15.600000000000001 13.600000000000001 13.4 18.6 0 63.6 41.800000000000004 4.4 9.4 37.4 30 12.600000000000001 38.2 79 50 9.600000000000001 53.2 0.2 0 0 0 0.4 0 0.4 0 4.2 0 0.4 0.4 0 0.6000000000000001 0 0.2 0.2 0.6000000000000001 0 0 0.6000000000000001 8.6 0.6000000000000001 0.6000000000000001 0 0 1.2000000000000002 10.200000000000001 0 8.4 0.4 0.4 0.4 0.6000000000000001 0.6000000000000001 0 0.2 0 1.4000000000000001 0 0 0 0 0 0.8 0.4 0 0 0 0 0 0 0 0.2 0 0 0 0 0 0 3 7 0 6.2 0 2 2.6 6.6000000000000005 7.6000000000000005 0 10 0 2 2.4000000000000004 6.6000000000000005 2.2 7.6000000000000005 2.2 3.8000000000000003 8.4 0 0 0 0 0 0 4.2 0 0.8 0 0 0 0 0 0 0.4 0 0 8.6 0 0.4 0 0 0 0 0 0 0 0 0.8 0 0.2 0 0 0 0 0 0 0 0 0 3.8000000000000003 0 3.4000000000000004 2.8000000000000003 0 0 0.4 0 0 5.4 0 0.4 0 0 0 0 0 0 0 0 0 1.4000000000000001 2.2 7.6000000000000005 3.8000000000000003 6.800000000000001 3 0 4.800000000000001 0.2 2.8000000000000003 0 4.4 0 1.6 7.4 0 5.2 5.2 0.2 0 0 0 0 0 3.8000000000000003 0.4 0 0 0 0 5.6000000000000005 0 0 0 0.2 0 0 1.6 0 0 0 0 0 0.2 0 0 0.4 0 0 0 0 0 0 0 0 0 0 0 0 0 0 0 0 0 0.2 0 0 0 0 0 0 0.6000000000000001 2 0 0.8 9.8 0 0.8 0.4 4.4 0 0 0 0 2.6 0 0 0 0 0 0 0 0 0 0 0 0 0 0 0 0 0 0 0 1.2000000000000002 0 0 0 
 0.6000000000000001 0 15 0.6000000000000001 4 4.4 1 0.6000000000000001 0 0 1.6 0 22.6 0 0.4 0.4 0.6000000000000001 25.6 0.2 0.6000000000000001 77.2 24 36.2 27.400000000000002 24.400000000000002 31 108.2 63.6 0 43.6 22.6 23.6 31.6 38.6 31 52.6 94.2 38 9 18.400000000000002 0 0 0.4 0 0.4 0 0.8 0 12.8 0 0.4 0.4 0 0.6000000000000001 0 14 0 1 0 0 0.6000000000000001 0 0.6000000000000001 0.6000000000000001 0 0 0.6000000000000001 0 0 1.2000000000000002 1.2000000000000002 0.4 1 0.6000000000000001 0.6000000000000001 0 0 0 0.2 0 0.6000000000000001 0 0 0 0.6000000000000001 0 0 0 0 0 0 0 0 0 0 0 0 0 0 0 0 9 2.2 0 3.6 0 2.8000000000000003 2.2 7.2 4.4 7.6000000000000005 2.4000000000000004 0 2 1.8 0 4.2 3.8000000000000003 1.2000000000000002 0.4 0 0 0 0 0 0 0 0 0 0 0 0 0 0 0.2 0 0 0 1.2000000000000002 0 0 0 0 0 0 3.2 0 0 0 0 0.4 0 0 2.2 0 0 0 0 0 0 0.4 0.4 0.2 0 0 0 0 0 0 0 0 0 0 0 0 0.2 0 0 0 1.8 8.200000000000001 0.2 7 0 2.6 2.4000000000000004 2.2 10.4 3.4000000000000004 1.8 0 2.8000000000000003 3 0 3 14.600000000000001 4 3.4000000000000004 0.2 4.6000000000000005 2.4000000000000004 0 0 0 0 0 0 0 0 0 0 0 0.4 0 0 0.4 0 0.4 2.4000000000000004 2.4000000000000004 0 0 0 0 0 0 0 0 0 0 0 0 0 0 0 0 0 0 0 0 0 0 3.4000000000000004 0 0 0 0 0 0 0 0 0 0 0 3.2 0 0 0.8 0.2 0.4 2.6 0.2 0 0 0 0 0 0 0 0 0 0 0 0.2 0 0 0 0 0 0 0 0 0 0 0 0 3.6 0 0 0 
 0 0 0 0.6000000000000001 0.4 0 0.6000000000000001 0 0 0 0 0.4 0 0 0 0 0 0 0 0 16.2 25.200000000000003 78.2 22.400000000000002 38 67.8 5.4 41.800000000000004 43.6 0 33.800000000000004 11.4 14.4 104.80000000000001 21.400000000000002 72.4 20 33.2 26.8 16.6 0.4 0 2.8000000000000003 0 0.4 0 0.8 0 0 0 0.4 0.4 10.8 1.4000000000000001 0.8 0.2 0 0.6000000000000001 0 0 0.6000000000000001 0 0.6000000000000001 0.6000000000000001 0.6000000000000001 1.2000000000000002 1.2000000000000002 0 0 0 0 0.4 0.4 0.6000000000000001 0.6000000000000001 0 0 0 0.4 1.2000000000000002 2.8000000000000003 0 0 0 2.6 0 0 0 0.4 0 0 0 0 0.4 0 0 0 0 0 0 0 1 8.4 1.2000000000000002 5.800000000000001 3 0 4.800000000000001 5.800000000000001 0 6.2 0 5.6000000000000005 2.2 0.2 1.2000000000000002 9.200000000000001 5.2 0 2.8000000000000003 0 0 0 0 0 0 8.4 0 0 0 0 0 0 0 0 0 0 0 8.8 0 0.2 0 0 0 0 0 0 1 0 1 0 2.4000000000000004 0 0 0 0 0 0 0 0 0 0 0 0 0 0 0 0.2 0 0 0.6000000000000001 0 0 0 0 0 0 0 0 0 4.800000000000001 0.6000000000000001 4 2 5.6000000000000005 4.4 3.2 3.8000000000000003 2.6 6.4 0.4 8.6 0 2.4000000000000004 4.2 8.8 4.800000000000001 1.2000000000000002 2.4000000000000004 3.4000000000000004 0.2 0 0 0 0 0 0.4 0.2 0 0 0 0 3.2 0 0 0 0 0 4.2 0 0 0 0 0 0 0.4 0 0 0.2 0 0 0 0 2.2 0 0 0 0 0 0 0 0 3.6 0 0 0.4 0 0 0 0 0 0 0 0 0.2 0 0.4 15.200000000000001 0.2 0 0 5.800000000000001 0 0 0 0 2.8000000000000003 0 0 0 0 0.2 0 0 0 0 0.2 0 0 2 0 0 0 0 0 2.8000000000000003 0 0 0 0 
 0.2 0 0 0 0 5.6000000000000005 0 0.6000000000000001 0 0 0 0 0 0.4 0 0 0.4 0 0 0 10 7.2 16.6 29.400000000000002 34.2 19.8 4 4.4 22.6 33.800000000000004 0 26.6 9.4 25.8 14.4 20 50.800000000000004 30 5 57.400000000000006 12.4 0 1.4000000000000001 15.600000000000001 0.4 0 40.400000000000006 4.2 0 0 0.4 0.4 13 0.8 0 1.4000000000000001 0 0.6000000000000001 0.2 0.2 0.6000000000000001 0 0.6000000000000001 0.6000000000000001 0 0 0.6000000000000001 0 0.6000000000000001 0 0 0.4 0.6000000000000001 0.6000000000000001 0.6000000000000001 0 0 0 0.2 0 0 0 0 0 0 0 0 0 0 0 0 0 0 0 0 0 0 0 0 0 4.6000000000000005 0.6000000000000001 0.2 0 7.2 0.2 0 0 0.4 0.2 0 3.8000000000000003 0 0 3.4000000000000004 4 3.6 0 0 0 0 0.2 0 0 0 0 0 4.2 2.2 0 0 0 5.6000000000000005 7.6000000000000005 2.6 3.8000000000000003 3.2 6.4 0.2 7.6000000000000005 0 0 0 0 0 0 0 0 0 0 0 0 0 0 0 0 0 0 0 0 0 0 1 0 0 0 0 0 0 0 2.2 0 2 0 0 0 0 0 0 0 0 9.8 0 2.2 0 1.2000000000000002 0 0 1.8 0 7 1.8 0 0 0 3.6 1.8 2 0 0 0 5.6000000000000005 0.4 0 0 0 4.4 0 0 0 0 0 3.2 3.8000000000000003 1.4000000000000001 0 5.4 0 4.6000000000000005 5.4 0 0 0 0 0 0 0 0 0 0 0 0 0 0 0 0 0 0 0 0 0 0 0 0 0 0 0 0 0 0 0 0 0 0 1.2000000000000002 0 0 15 16 0.4 0 0 0 0 0 0 0 0 0 0 0 0 0 0 0 0 0 0 0 2.6 0 2.6 0 0 0 0 0 0 0 0 
