 0 24 74.2 20.200000000000003 70.8 7 14.600000000000001 26 69 25.6 9.200000000000001 8.4 48.6 29.6 27 18.8 8.8 7.800000000000001 54.2 8.6 0 0.8 0.4 0 0.4 0 0 0 0 0 24.6 0.4 0 0 0.4 0 0 0 0.6000000000000001 0 0 0 0 0 0.4 0 0 0 0 0 0 0.4 0 0 0 0 0 0.6000000000000001 0.6000000000000001 0 0 0 0 0 0 0 0 0 0 0 0.6000000000000001 0 0 0 0.2 0 0 0 0 0 5.800000000000001 0.2 0 3.4000000000000004 3 0.6000000000000001 3.2 2 0 3.2 1.2000000000000002 4.2 5.800000000000001 3.2 0.2 0 2.4000000000000004 0 0 2.4000000000000004 0 0 0 0 0 0 0 0 0 0 0 0 2.4000000000000004 0 0 0 0 0 0 0 0 0 0 0 0 0 0.2 0 0 0 0 0 0 0 0 0 0 0 0 0 0 0 0 0 0 1.2000000000000002 0 0 0 0 0 0 0 0 0 0 0.6000000000000001 0 0 0 2.8000000000000003 2 0 0 0 0.2 0.4 2.2 4.2 0.2 2.6 0 3.6 5 6.4 2.6 0 1.6 0 0 0.2 0 0 0 0 0 0 0 0 0 0.2 0 5.4 0 0 0 0 0 3.2 0 0 0.2 0 0 0 0.4 0 0 0 0 2.4000000000000004 0 0 0 0 0 0 0 0 0.4 0 0 0 0 0 0 0.2 0 0 0 0 0 0 0 1 0 0 2.6 0 0 0 1.8 0 0 0 0.2 18.8 0.4 0 0.4 0 3.2 0 0 0.4 0 0 0 0 0 0 0 10.4 0 0 0 0.2 0 0 0.4 0 0 0 0 0 0 0 2 0 0 0 0 0 0 0 0 0 0 0 0 
 24 0 78.60000000000001 69.2 32.6 56.800000000000004 36.800000000000004 22.8 26.6 72.4 42.800000000000004 5.6000000000000005 86.2 40.800000000000004 77.2 119 41.6 47.400000000000006 59.800000000000004 76 0 1.6 0.4 0 0 0 0 0 0 0 0 0 0.4 0 0 0 0 0 1.6 0 0 0.2 0.2 0 0.4 0 0 0 0.8 0 0 0.4 0 6.2 0 0.4 0 0 0.6000000000000001 0 0.6000000000000001 0 0.4 11 0 0 0 0 0 0.6000000000000001 0.6000000000000001 8 0 0 1 0 0.2 0 0 0 6 1.2000000000000002 7 0.2 3.4000000000000004 0 0.2 2.6 5.6000000000000005 3 3.8000000000000003 2.2 0 5.2 3.4000000000000004 4.6000000000000005 8.6 5.800000000000001 2.4000000000000004 0.4 0 0 0 0 0 0.4 8.200000000000001 0.2 0 0 0 1 0 0 4.4 0 0 0 0.4 0 0 0 0 0 0 0 0 0 0 0 0 0.4 0 0 0 0 0 0 0 0 0 0 0 0 0 0 0 0 0 0 0 0 0 0 0 0 0.2 0 0 0 0 1 1 5.6000000000000005 5.2 1.2000000000000002 5.800000000000001 0.4 2 0 3.4000000000000004 3.2 0 7.800000000000001 2.6 0.2 17 1.2000000000000002 0 2.8000000000000003 0 0 0 0 0 0 2 4.6000000000000005 0 0.4 0 0 1.6 0 0 0 0 0 4.6000000000000005 0 0 0 0 0 0 0 0 0 0.4 0 0 0 0 0 0 0 0 0 0 0 0 0 0 0 0 0 0 0.2 0 0 0 0 3.2 0 0 0 0 0 0 0 0 0 0 0 0 0 0.2 0.4 0.2 0.8 7 0.4 0 0 0 0 0 0 0 0 0 0 0 0 0 0 0 0 0 0 0 0 0 0 0 0 0 0 0 0 0 0 0 0 0 0 0 0 0 0 
 74.2 78.60000000000001 0 60.800000000000004 26 6.4 35.6 39 51.400000000000006 64.60000000000001 13.8 27.400000000000002 26.200000000000003 32.4 26.8 29.8 48.400000000000006 24.6 26.200000000000003 18.8 0 0.6000000000000001 0.8 0 0 0 0 0 0 0.2 0 0 0.2 0 0 0 0 0 0.8 0 0 0 0 0 0.4 3 0 0 0 0 0 0.4 0 0 0 0 0 0 0.6000000000000001 0 0 0 0 0 0 0 0 0 0 0 0.6000000000000001 6.2 0 0 0.4 0 0 0 0 0 3.8000000000000003 0 6.2 8.8 0 3.6 18 6.2 4.6000000000000005 0 16 0 1.4000000000000001 0.4 2.6 0.4 0.6000000000000001 0 3 1.4000000000000001 0.2 0 0.2 0 0 0 5 2 0 0 0 0 3.4000000000000004 0 0 2.8000000000000003 0 0 3.4000000000000004 3.8000000000000003 0 0 0 0 0 0.4 0 0 0 0 0 0 0 0 0 0 0 0 0.2 0 0 0 0 0 0 0 0 0 0 0 0 0 0 0 0 0 0 0 0 0 9.600000000000001 2 0 17.400000000000002 0 2 1.4000000000000001 2.8000000000000003 8.4 7.800000000000001 2 4.4 1.8 2.6 0 1 0 3.4000000000000004 0 0.2 0 0 0 0 0 0 0.4 3.8000000000000003 0.4 0 0 0 0 0 0 0 0 0.4 4.4 0 0 0 0 0 0 0 0 0 0 0 0 0 0 0 0 0 0 0 12 0 0 0 0 0 0 0 0 0 0 0 0 0 0 0 0 0 0 0 0 0 0 0 0 0 0.4 0 18.2 0 0 18.400000000000002 0 0.8 3.2 0 0 0 0 0 0 0 0 0 0 0 0 0 0 0 0 0 0 0 0 0 0 2.2 0 0 0 0 0 0 0 0 0 0 0 0 0 0 
 20.200000000000003 69.2 60.800000000000004 0 52.800000000000004 13.200000000000001 38.800000000000004 11.200000000000001 68.8 94 56.2 24.8 102 34.800000000000004 57 7.800000000000001 57.400000000000006 34 45.6 13.200000000000001 15.4 0.4 0.4 0 0.4 0 0.6000000000000001 0 0 0 0 0 0.2 0.2 0.6000000000000001 0.4 0.4 0 0.6000000000000001 0 0.4 0 0 0 0.4 0 0 0 0 0.6000000000000001 0 0.8 0 0 0 0 0 0.2 0.4 0.8 0.6000000000000001 0.4 0 0 0.6000000000000001 0 0 0 0 0 11.200000000000001 12.200000000000001 0.6000000000000001 0 0.2 0 0.4 0.6000000000000001 0 0 2.8000000000000003 2 12 7.800000000000001 3.2 8.6 0 0.4 8.6 0 8.200000000000001 3.4000000000000004 0 2.6 0.2 4.4 11.200000000000001 1.8 2.6 0 0 3 0 0 0 0 4.4 1.2000000000000002 0 0 0 0 0.2 0 0.2 3.2 0 0 5.4 0 0 0 0 0 0 0 0 0 0 0 0 0 0 0 0 0 0 0 0 0 0 0 0 0 0 0 0 0 0 0 0 0 0 0 0 0 0.8 0 0 0 0 5.4 0 3 0 2.8000000000000003 3.6 2 1.6 2.4000000000000004 6.2 0 0 0 0 3.8000000000000003 2 2.2 0 2.8000000000000003 0 6.4 0 0 0 0 0.2 7.2 0 0 0 0 2 1.8 0 0 0 0 7.2 2 0 0 0 0 0 0 0 2.8000000000000003 0 0 0 0.8 0 0 0 0 0 0 0 0 0 0 0 0 0 0 0 0 0 0 0 0 0 0 0 0 0 0 0 0 0 0 0 0 0 0 18.6 0.4 0.4 17.8 0.2 1.6 3.6 0 0 0 0 0 0.2 0 0 0 0 0 0 0 0 0 0 0 0 0 0 0 0 0.2 1.8 2 0 0 0 0 0 0.2 0 0 0 0 0 0 
 70.8 32.6 26 52.800000000000004 0 36.800000000000004 9.4 10.200000000000001 78.60000000000001 37 29 8 13.8 13.4 17 66.4 12.4 9.600000000000001 58.6 13.8 0.2 0.4 0.6000000000000001 0.6000000000000001 0.6000000000000001 15.4 17 0 0.2 0 25.200000000000003 0.6000000000000001 14.8 0 0.8 0.2 0.8 0.6000000000000001 1.6 7.2 0 0 0.2 1 0.8 0.4 0 0 0.4 0.2 0.2 0.8 0 0.8 0.6000000000000001 1 1.2000000000000002 0.4 1.2000000000000002 0 0 0 0.4 0.4 0 1 0.2 0.6000000000000001 1 0 0.6000000000000001 7 0.6000000000000001 0.4 1.6 0.8 2.2 0 0.4 0.4 0 3.2 1.6 1.6 3.8000000000000003 3.2 0 0 0 0 0 5.2 0 0 0 0.2 3.6 6.2 0 0 4.6000000000000005 0.4 1.2000000000000002 0 0 0 7.2 0 0 0 0 0 0.2 0 2.2 0 0 6.2 0 0 0 0 0 0 0 0 0 0 0 0 0 0.2 0.4 0.2 0 2 0 0 0 0 0 0 0 0 0 0 0 0 0 0 0.2 0 0 0 0 0 0.6000000000000001 0.4 0 0 0 6.800000000000001 0 2 13.4 4.4 0 0 6 2 6.800000000000001 2.6 0 3.4000000000000004 0.4 1.6 0 0 0 0 0 0 0 0 0 0 0 2.4000000000000004 0 0 0 0 2.4000000000000004 0 0 2.6 0 0 9.200000000000001 2.6 0 0 0 0 0 0 0 0 0 0 0 2.8000000000000003 0 0.2 0 0 0.4 0 0 0 0 0 0 0 0 0 0 0.4 0 0 0 0 0 0 0 0 0 0 0 0 0 0 0 0 0 0.6000000000000001 1 0 0.2 1 4.2 0.2 0.6000000000000001 0 0 0 0.4 0 0 0 0 0 0 0 0 0.2 0 0 0 0 0 0 0.4 0 9.600000000000001 0 0 6.800000000000001 0 0 0 0 0 0 0 0 0 0 0 0 
 7 56.800000000000004 6.4 13.200000000000001 36.800000000000004 0 7.2 7.6000000000000005 9.200000000000001 8.4 65.8 26.6 9 7.800000000000001 7.2 10.4 30 28.8 7 63.6 15.600000000000001 0.4 14 0.2 0 0 15 3 0 0 0.4 0 3 29.400000000000002 0 7.6000000000000005 0.2 28 46 15.200000000000001 0 0 0 0 0.4 0 0 0 0 0 0 0.4 0 0 0.2 0 0 0 0.6000000000000001 0 0.2 0 0 0 0 0 0 0 0 0.2 0.6000000000000001 10.200000000000001 0.2 0 0.6000000000000001 0 0.2 0 0 0 0 0 5.4 1.8 0 0 0 0 0 0.2 5.2 4.4 0 0 2.4000000000000004 3.2 16.8 5.4 0 0 0.4 2 0 0 0 0 2.8000000000000003 1.6 0 0 3.6 0 9.200000000000001 4.2 0 0 2.4000000000000004 2.8000000000000003 2.8000000000000003 4.6000000000000005 0 0 0 0 0.2 2.4000000000000004 2 0 0 0 0 0 0 0 4 0 0 0 0 0 0 0 0 0.4 0 0 0 0 0 0 0 0 0 0 0.6000000000000001 0 0 0 0 0 0 1.6 10.4 5.800000000000001 3.6 0.2 0 1 1.2000000000000002 0 2 0 0 0 0 0 0 0 0.2 0 0.2 2 0 0 0 0 5 5.2 3.8000000000000003 1 2.6 1 7.6000000000000005 0 4.6000000000000005 6.4 0.2 4.800000000000001 1.8 0 0 0.2 0 0 0 0.4 0 0 0 0 0 0 0 0 0 0 0 0.2 0 0.4 0 0 0 0 0 0 0.2 0 0 0 0 0 0 0.2 0 0 0 0 0 0 0 0 0 0 0 0.8 1 0 0.4 1.2000000000000002 0.2 2.6 0 1.2000000000000002 0 0 0 0 0.4 0 0 0 0 0 0 0 0 0 0 0.2 0 0 0 0 0 1.8 2 0 0 5.2 0 0 0 0 0 0 0 0 0 0.4 
 14.600000000000001 36.800000000000004 35.6 38.800000000000004 9.4 7.2 0 105.80000000000001 88.80000000000001 24.200000000000003 7.4 4.6000000000000005 39 50.800000000000004 23.200000000000003 6.4 12.4 23.200000000000003 70.2 29.8 0 0.8 0.4 0.6000000000000001 0.8 0 0 0 0.4 0 0 0 0 0 0 0.2 0.4 0 0.6000000000000001 0 0 0.4 0.4 0 0.4 0 0 0 0.8 0 0 0.4 0 0 0 0 0 0 0.4 0 0 0.4 0 0 0 0.4 0 0 0 0.6000000000000001 0.6000000000000001 0 0 0.4 1.6 0 0 0 0 0 0.4 4.800000000000001 7.6000000000000005 3 3.2 0 4 9.200000000000001 8.200000000000001 0 4 0 3.6 3.4000000000000004 2.2 2.2 2.2 0.4 0.2 5 0 0 0 0 0 0 0 0 0 0 0 0 0 0 0 0 0 0 0 0 0.2 0 2.4000000000000004 0 0 0 0 0 0 0 0 0 0 0 0 0 0 0 0 0 0 1 0 0 0 0 0 0 0 0 0 0 0 0 0 0.4 0 0 0 0 4.2 0 10.600000000000001 6.6000000000000005 0 0 5 4.6000000000000005 2 3.4000000000000004 1.6 3.6 0 0 0.8 2.6 5.6000000000000005 2.6 3.8000000000000003 5.6000000000000005 0 0 0 0 0 0 0 0 0 0 0 0 0 0 0 0 0 0 0.2 0 0 0 0 0 0 0 0 0 0 0 0 1 0 0 0 0 0 0 0 0 0 0 0 0 0 0 0 0 0 0 0 0 0 0 0 0 0 0 0 0 0 0 0 0 0 0.4 18.400000000000002 0 0 0 1.2000000000000002 1 0 0 0 0 0 0 0 0 0 0 0 0 0 0 0 0 0 0 0 0 0 0 0 0 2.4000000000000004 0 0 0 0 0 0 0 0 0 0 0 0 0 
 26 22.8 39 11.200000000000001 10.200000000000001 7.6000000000000005 105.80000000000001 0 17.2 8.6 10 49.400000000000006 52.800000000000004 48 12.8 22 24.8 12.4 94.80000000000001 75 0.6000000000000001 0.6000000000000001 0.4 0 0.6000000000000001 0 0 0 0 0 0.2 0.4 0.8 0.4 0 0.6000000000000001 0.4 0 0.4 0 0 0.2 0 7 0.4 0 0 0 0 0 0.2 0.4 0.6000000000000001 0.2 0 0 0.4 1.4000000000000001 0.8 0 0.6000000000000001 0 0.2 9 0 0.6000000000000001 0 0 0.4 0.6000000000000001 0.6000000000000001 0.2 0 0 0.6000000000000001 8 0.2 0 0 0 2.2 6.6000000000000005 0 2.2 0 7 0 2.6 2.8000000000000003 1 0 0 2.8000000000000003 5 6.800000000000001 2.2 0 2 0 14.4 0 0 0 0 0 0 0 0 0 0 0 0 0 0 0 0 0 0 0 0 0 0 0 0 0 0 0 0.2 0 0 0 0 0 0 0 0 0 0 0 0 0 0 0 0 0 0 0 0 0 0 0 0 0 0 0 0 0 0 0 0 8 0.6000000000000001 5.4 0.2 4.2 4.4 8.200000000000001 2.4000000000000004 2 2 0.2 0.2 0.2 2 0 0.8 6.2 4.2 0 0 0 0 0 0 1.4000000000000001 0 0 0 0 0 0 0 0 0 0 0 0 0 0 0 0 2.8000000000000003 0 0 0 0 3.6 0 0 0 0 0 0 0 0 0 0.8 0 0 0 0 0 0 0 0 0 0 0 0 0 0 0 0 0 0 0 0 0 0 0 0 2 0 0 0 0 18 0 0.4 0 0 1.2000000000000002 0 0 0 0 0 0 0 0 0 0 3 0 0 0 0 0 0 0 0 0 0 0 0 0 0.2 0 0 0 0 0 0 0 0 0 0 0 0 0 
 69 26.6 51.400000000000006 68.8 78.60000000000001 9.200000000000001 88.80000000000001 17.2 0 66 27 47.6 34 17 18.400000000000002 32.800000000000004 31.200000000000003 32.4 82 33 0 0.6000000000000001 0.4 0 0 0 0 0 0.4 0 0 0 0 0 0 0 0 0 0.6000000000000001 0 0 0 0 0 0.4 0 0 0 0 0 0 0.4 0 0 0 0.2 0 0 0.6000000000000001 0 0 0 0 0 0 0 0 0 0 0 0.6000000000000001 10.200000000000001 0 0 1.4000000000000001 0 0 0 0 0 3.2 4.2 4.800000000000001 4.4 0 3 7.6000000000000005 8.4 5 0 1.4000000000000001 0 0 3.6 6.6000000000000005 2 6 4.6000000000000005 0.2 6 0 3 0 0 0 0 3.4000000000000004 0 0 0 0 0 2.8000000000000003 0 0 0 0 0 3 2.4000000000000004 0 0.6000000000000001 0 0 0 0 0 0 0.2 0 0 0 0 0 0 0 0 0 0 0 0 0 0 0 0 0 0 0 0 0 0 0 0 0 0 0.4 0 0 0 0 6 4 7.2 6.4 0.6000000000000001 0 5.4 6 3 0 2.6 3.2 0 1 0 1.4000000000000001 0.2 0.4 0 0 0 0 0 0 0 0 0 3 0 0 0 0 0.6000000000000001 0 0.2 0 0 0 3.2 0 0 0 0 0 0 0 0 0 0 0 0 0 0 0 0.4 0 0 0 0 0 0 0 0 0 0 0 0 0 0 0 0 0 0 0 0 0 0 0 0 0 0 0 0 0 0 0.4 17.8 0 0.6000000000000001 17.400000000000002 0.4 1.8 0 0 0 0 0 0 0 0 0 0 0 0 0 0 0 0 0 0 0 0 0 0 0 0 0.2 0 0 0 0 0 0 0 0 0.4 0 0 0 0 
 25.6 72.4 64.60000000000001 94 37 8.4 24.200000000000003 8.6 66 0 37.2 25 73.4 16 20 106.60000000000001 48.2 6.800000000000001 37.800000000000004 21.8 0 0.8 0.4 0 0 0.2 0 0 0 0 0.4 0 0.2 0 0 0.2 0 0 0.6000000000000001 0 0 0 0 0 0.4 0.8 0 0 0 0 0 0.8 0 0 0 0 0 0 0.6000000000000001 0 0.2 0 0 0 0 0 0 0 0 0.2 0.6000000000000001 12.4 0 6.800000000000001 0.6000000000000001 0 0 0 0 0 0 2.2 9.600000000000001 0.2 2.2 6.2 2.4000000000000004 0.2 4 4.6000000000000005 8.200000000000001 2.2 0 0 0.6000000000000001 1 8 2 0 0 0 0 0 0 0 0 5 0 11 0.2 0 0 0 0 0 0 3 0 0.6000000000000001 4.2 0 0 0 0 0 0 2.4000000000000004 0 0 0 0 0 0 0 0 0 0 0 0 0 0 0.4 0 0 0 0 0 1.8 0 0 0 0 0 0 0 0 1.4000000000000001 0 0.4 0 0 3.8000000000000003 0 5 1.6 3.2 3 4.800000000000001 0 8.6 4.800000000000001 2.8000000000000003 0 0 8.200000000000001 4.4 5.4 5.6000000000000005 0 3 0 0 0 0 0 0.2 2.6 8.4 3.8000000000000003 0 0 0 2.2 0 0 0 0 0 3.8000000000000003 5.800000000000001 0 0 0 0 0 0 0 0 0 0 0 0 0.2 2.8000000000000003 0 0 0 0 0 0 0 0 0 0 0 0 0 0 0 0 0 0 0 0 0 0 0 0 0 0 0 0 0 0 0 0 0.4 0 0 0.6000000000000001 0 2.4000000000000004 0.2 0 0 0 0 0 0 0 0 0 0 0 0 0 0 0 0 0 0 0 0 0 0 2 1.8 0.2 0 0 0 0 0 0 0 0 0 0 0 0 
 9.200000000000001 42.800000000000004 13.8 56.2 29 65.8 7.4 10 27 37.2 0 22.200000000000003 11.4 7.800000000000001 17.6 80.60000000000001 67.8 26.8 7.6000000000000005 54.400000000000006 0 0.8 0.4 0.4 0.4 0 0 15 0.4 0 0 0 30.200000000000003 14.600000000000001 0.6000000000000001 0 0.6000000000000001 0 6.2 0 0 0.2 0 0 1 0 0 0 0 0.6000000000000001 0.4 0.4 0.2 0 0 0 0.6000000000000001 1 0.6000000000000001 0 0.6000000000000001 0 0.6000000000000001 0.8 0 0 0 0 0 0.6000000000000001 1 0.2 0 0.6000000000000001 1.4000000000000001 0.6000000000000001 0.2 0 0.2 0 0 0.4 5 4 0.6000000000000001 6.2 0.2 0.2 0.2 4.4 3.2 7.2 0 0 1.8 0.2 7.2 6.800000000000001 0 0.2 3.2 0 0 0 0 0 5.800000000000001 0 0 0 0 0 3.4000000000000004 0 2.8000000000000003 0 0 0 3.2 5.6000000000000005 0.4 0 0 0 0 0 0.2 0 0 0.2 0 0 0 0 0 0 0 0 0 0 0 0 0 0 0 0 0 0 0 0 0 0 0 0 1.4000000000000001 0 1.6 0 0 0 0.2 1.6 2.8000000000000003 2 22.200000000000003 4.2 0 0.8 1.8 3.4000000000000004 1.6 3.6 0 4 1.8 0 2.6 2.4000000000000004 0 0 0 0 0 0 0 0 4.2 0.4 0 0 0 0 0 0 0 0 0 0 4.800000000000001 0 0 0 0 0 0 0 0 0 0 0 0 0 0 0 0 0 0 0 0 0 0 0 0 0 0 0 0 0 0 0 0 0.2 0 0 0 0 0.4 0 0 0 0 0 0 0 0 1.2000000000000002 19.200000000000003 0 0.2 0.2 3.6 4 0 0 0 0 0 0 0 0 0 0 0.4 0 0 0 0 0 0 0 0 0 0 0 0 1.8 2.2 0.2 0 0 0 0 0 0 0 0 0 0 0 0 
 8.4 5.6000000000000005 27.400000000000002 24.8 8 26.6 4.6000000000000005 49.400000000000006 47.6 25 22.200000000000003 0 7.4 8.8 9.600000000000001 24 34.4 33.2 4.4 22.400000000000002 12.600000000000001 20.200000000000003 0.4 0.2 5.4 0 15 19.8 0 0 0 0 16 3.4000000000000004 3.4000000000000004 15 0 0.2 22.6 0.2 0 0.6000000000000001 0 0 0.4 6.800000000000001 0 0 0 0 0 0.4 0 0 0 0 0 0 0.6000000000000001 0.4 0 0 0 0 0 0 0 0 0 0 0.6000000000000001 0.4 0 0 0.2 0 0 0 0 0 0 0 0 5.6000000000000005 6.800000000000001 0.4 0 0 0 6 12.8 2.6 0 0 0 0 0 0.2 0.2 0 2.8000000000000003 2.2 1.8 0.2 0 0 5.2 2.2 2.8000000000000003 0 0 0 2.2 7.4 7 4 2.8000000000000003 0.6000000000000001 3.4000000000000004 9.8 0 0 0 0 1.8 0.4 0.2 0 0 0 0 0 0 0 0 0 0 0 0 0 0 0 0 0.2 0 0 0.2 0.2 0 0 0 0 0 0 3 0 0 0 0 0 0 0 0 0.4 2 2.6 0.2 0 0 0.4 4.2 0.4 0 0 0 0 0 0 0 0 0 5.2 1.8 0 0 0 1.4000000000000001 0 3.4000000000000004 0 0.2 0 2.4000000000000004 5.2 0 0 0 0.4 4 14.600000000000001 0 0 0 0 0 0 0 0 0 0 0 0 0 0 0 0.2 0 0 0 0 0 0 0 0 0 0 3.2 0 0 0 0 0 0 0 0 0 0 0 0 0 0 0 0 0 0.4 0.2 0.4 0 0.6000000000000001 9.8 0.4 0.6000000000000001 0 0 0 0 0 0 0 0 0 0 0 0 0 0 0 0 0 0 0 0 0 0 0 4.2 0 0 0 0 0 0 0 0 0 0 0 0 0 0 
 48.6 86.2 26.200000000000003 102 13.8 9 39 52.800000000000004 34 73.4 11.4 7.4 0 38 14.200000000000001 42 24 26.6 75 18.2 0 0.6000000000000001 0.4 0 0.6000000000000001 0 0 0 0 0 0.2 0.2 0.2 0 0 0 0 0 0.6000000000000001 0 0 0 0 0 0.4 0 0 0 24.8 0 0 0.4 0 0 0 0 0 0 0.6000000000000001 0 0.2 0 0 0 0 0 0 0 0 0.2 0.6000000000000001 0 0 0 1.6 0 0 0 0 0 6 9.600000000000001 1.6 0 0 3.2 5.4 9.8 6.800000000000001 0 0.2 0 0 8 8 6.4 0.2 5.800000000000001 5 9.600000000000001 0 0 0 0 0 0 0 0.4 0 0 1.2000000000000002 0 4.4 0 0.4 0 0 0 0.2 0 0 0 0.2 0 0 0 0 0 0 0 0 0 0 0 0 0 0 0.4 0 0 0 0 0 0 0 0 0 0 0 0 0 0 2.8000000000000003 0 0 0 0 0 0 0 0 4.800000000000001 1 0.2 0 0 8.200000000000001 1.8 0 4.4 0.4 0.4 2 5.2 0.8 3.6 3 6.2 4 3.8000000000000003 0 0 0 0 0 0 0 0 0 0 0 0 0 0 0 0 0 0 2 0 0 0 0 0 0.4 0 0 0 0.2 0 0 0 0 0 0 0 0 0 0 0 0 0 0 0 0 0 0 0 0 0 0.4 0 0 0 0 0 0 0 0 2 0 0 0 0 0 0 0 0 0 18.2 0.2 0 0 0 0.2 0 0 0 0 0 0 0 0 0 0 0 0 0 0 0 0 0 0 0 0 0 3 0 0 0 0 0 0 0 0 0 0 0 0 0 
 29.6 40.800000000000004 32.4 34.800000000000004 13.4 7.800000000000001 50.800000000000004 48 17 16 7.800000000000001 8.8 38 0 147.8 9.200000000000001 12 26.200000000000003 65.2 79.2 0.2 1.2000000000000002 0.4 0 0.2 0.4 0 0 0 0 0 0 0 0 14.600000000000001 0 0 0 0.6000000000000001 0 0 0 0 0 0.4 0 0 0 0 0 0 0.4 0 0 0 0 0 1.4000000000000001 0.4 0 0 0 0 0 0 0 0 0 0 0 0.6000000000000001 0 0 0 0 0 0 0 0 0 4 2 2 0 0 3.8000000000000003 0 0.2 0.6000000000000001 7.800000000000001 0 0 4.6000000000000005 3.8000000000000003 4.4 1.8 0.4 0 2 0.8 0 1 0 0 0 0 0 0 0 0 0 0 0 0.2 0 0 0 0 0.2 3 0 0 0 0 0 0 0 0 0 0 0 0 0 0 0 0 0 0 0 0 0 0 0 0 0 0 0 0 0 0 0 0 0 0 0 0 1.8 0 0 0 3.8000000000000003 1.4000000000000001 3.2 3 1.8 0 3.2 2 0.2 2.8000000000000003 0.2 4 0 2 5.6000000000000005 2.2 0 7.800000000000001 0 0 0 0 0 0 0 0 2.6 0 0 0 0 0 0 0 0 0 0 0 2.2 0 0 0 0 0 0 0 0 0 0 0 0 0 0 0.2 0 0 0 0 0 0 0 0 0 0 0 0 0 0 0 0 0 0 0 0 0 0 0.4 0 0 0 0 0.8 0 0 0 0.2 0.2 0 0 0.4 0 1.4000000000000001 0.2 0 0 0 0 0 0 0 0 0 2 0 0 0 0 0 0 0 0 0 0 0 0 1.4000000000000001 0 0 0 0 0 0 0 0 0 0 0 0 0 0 
 27 77.2 26.8 57 17 7.2 23.200000000000003 12.8 18.400000000000002 20 17.6 9.600000000000001 14.200000000000001 147.8 0 21.200000000000003 28.400000000000002 26.8 64.4 56 0 0.8 0.4 0 0.4 0 0 0.2 0 0 0 0 0.4 0 0 0 0 0 0.4 0 0 0.2 0 0 0.4 0 0 0 0 0 0 0.4 0 0 0 0 0.2 2.2 0.6000000000000001 0 0.6000000000000001 0 0 0 12.600000000000001 0 0 0 0 0.6000000000000001 0.6000000000000001 0 0 0 0.6000000000000001 0 0.4 0 0 0 3.6 9.200000000000001 0 2.8000000000000003 0 4.2 2 0 4 2.8000000000000003 0 3.8000000000000003 6 0 1.8 4.4 1 0.2 0 0.2 0 0 0 0 0 0 0 0 0 0 0 0 0.2 0 0 0 0 0 0 0 0 0 0 0 0 0 0 0 0 0 0 0.2 0.4 0 0 0 0 0 3 0 0 0 0 0 0 0 0 0 0 0 0.2 0 0 4 0 0 0 0.4 0 0 12.8 0.2 3.4000000000000004 0 15 7.6000000000000005 0 0 5.4 1.8 0 0.2 1.8 3.6 4.2 2.8000000000000003 9.8 0 0 3.6 0 0 0 0 0 0 0 0 0 0 0 0 0 0 0 0 0 0 0 0 0 0 0 0 0 0 0 0 0 0 0 0 0 0.2 0 0 0.4 0 0 0 0 0 0 0 0 1.2000000000000002 0 0.4 1.8 0 0 0 0 0 0 0 0 0 2.6 0 0 2 0 0 0 0 18.400000000000002 0.4 0 0.4 0 2.4000000000000004 0 0 0 0 0 0 0 0 0 0 10.200000000000001 0 0 0 0 0 0 0 0 0 0 0 0 0 0.2 0 0 0 0 0 0 0 0 0 0 0 0 0 
 18.8 119 29.8 7.800000000000001 66.4 10.4 6.4 22 32.800000000000004 106.60000000000001 80.60000000000001 24 42 9.200000000000001 21.200000000000003 0 54.2 28.400000000000002 8.8 31.200000000000003 0 0.8 0.4 0.4 0 0 0 0 0 0 0 0.4 0.4 0.2 0.2 0 0 0 0.4 0.4 0 0.6000000000000001 0 0 0.4 1.8 0 0 0 0 0 0.4 0 0 0 0 0 0 0.6000000000000001 1 0.4 0 0 0 0 0 0 0 0 0.4 0.6000000000000001 6.800000000000001 0 0 0.6000000000000001 0 0 0 0 0 0.4 4.6000000000000005 8 0.4 6 2.2 4.800000000000001 8.4 4.4 2.2 0.2 2.4000000000000004 0 0 1.8 4 0.2 7 0 2.2 0 0 0 7.6000000000000005 0 0 3 0 0.4 0.2 0 3 2.2 0 0 0 0 0 0.2 3.2 0 0 0 0 0 0 0 0 0 0 0 0 0 0 0 0 0 0 0 0 0 0.4 0 0 0 0.2 0 0 0 0.2 0 0 0 0 0 0 0 0 0.2 0 3.2 0 2 14 7.800000000000001 2.4000000000000004 5 3.4000000000000004 0 2.6 0 18.6 0 5.4 2 0 0 11.600000000000001 0 0 0 0 0 0 0 0 2.4000000000000004 4.2 0 0 0 0 1.8 0 0 0 0 0 2.2 0 0 0 0 0 0 0 0 0 2 0 4.2 0 0.2 0 0 0 0 0 0 0 0 0 0 0 0 0 0 0 0 0 0 0 0 0 0 0 0 0 0 0 0 0 0 0 0 0 0 0.2 0.4 7.800000000000001 2.4000000000000004 1 0.4 0 0 0 0 0 0 0 0 0 1.8 0 0 0 0 0 0 0 0 0 0 0 0 1.4000000000000001 0 0 0 0 0 0 0 0 0 0 0 0 0 0 
 8.8 41.6 48.400000000000006 57.400000000000006 12.4 30 12.4 24.8 31.200000000000003 48.2 67.8 34.4 24 12 28.400000000000002 54.2 0 25 12.8 70.4 14.8 2.8000000000000003 0.4 0 0 0.4 0 0.4 0 0.2 0 0.2 0.4 0 0 0 0.6000000000000001 0.4 0.4 0 0 0.8 0 0 0.4 1.8 0 0 0 0 0 2 0 0 0 0 0 0 0.6000000000000001 0 0.6000000000000001 0 0 0.4 0 0 0 6 0 0.6000000000000001 0.8 0 0 0.4 0.6000000000000001 0 0.2 0 0 0 0 6.4 2.4000000000000004 3 2.8000000000000003 5.6000000000000005 2.2 5 2.8000000000000003 2.8000000000000003 6.2 5.2 0 0 6.800000000000001 11.8 6 0 0 2 0 0.4 0 0 0 0 0.8 0.4 0 0 0 6 0.2 0 0.2 3 0 0.2 6.6000000000000005 9 0 0 0 0 0 0 2.8000000000000003 0 0 0 0 0 0 0 0 0 0 0 0 0 0 0 0 0 0 0 0 0 0 0 0.2 0 0 0 0 0 0 0 0 0 0 0 3.4000000000000004 3.2 0 1.2000000000000002 4 1.2000000000000002 0 8.200000000000001 2 0 0 4 0.4 4.6000000000000005 5.2 5.800000000000001 0 2 0 3.4000000000000004 0 0 0 0 0.2 0 0 0 0.2 0 4.6000000000000005 1.8 0 0 0 0 3 1.8 0 0 0 0 0 0 0.4 0 0 0 0 0 0 0.2 0 0 0 0 0 0 0 0 0 0 0 0 0 0 0 0 0 0 0 0 0 0 0 0 0 0 0 0 0 0 0 0.2 0 0.2 0.2 17.6 0 2.8000000000000003 3.6 0 0 0 0 0 0 0 0 0 0 0 0 0 0 0 0 0 0 0 0 0 0 0 4 2.4000000000000004 0 0 0 0 0 0 0 0 0 0 0 0 
 7.800000000000001 47.400000000000006 24.6 34 9.600000000000001 28.8 23.200000000000003 12.4 32.4 6.800000000000001 26.8 33.2 26.6 26.200000000000003 26.8 28.400000000000002 25 0 4.800000000000001 24.200000000000003 2.4000000000000004 0.6000000000000001 1 0.4 0.2 0 0.4 0.4 0 0 0 0.6000000000000001 1.8 14.600000000000001 0 0.2 0.2 0.2 16.2 0 0.2 0.6000000000000001 0 0 1.6 12.4 1 0.4 0 0 0 1.6 0 0 0 0 0 0 1.8 0.6000000000000001 0.8 0 0 0 0 0 0 0 0 0.8 1.2000000000000002 0.2 0 0 1.4000000000000001 0 0.6000000000000001 0.6000000000000001 0 0 6.2 1.4000000000000001 5.6000000000000005 2.8000000000000003 4.2 6.2 1.8 1.8 4.800000000000001 0 3 6 0.4 2 5.6000000000000005 2 10.8 4 0.4 0 0 0 0 0 0 0 3.4000000000000004 0 0 0 0 0 2.8000000000000003 0 2.4000000000000004 0 0 0 2.4000000000000004 2 0 0 0 0 0 0 0 0 0 0 0 6.2 0 0 0 0 0 0 0 0 0 0 0.2 0 0 0 0 0 0.2 4 0 0 0 0 0.8 0 0.2 0 0 0 0 3.6 4.4 2 13 8 1.2000000000000002 0 13.8 3.2 3.6 0 0 2.8000000000000003 0.2 2.2 6.2 0 0 4.2 0 0 0 0 0 0 0 0.2 0 0 0 0 0.4 0 0 0 0 0 0.8 1.8 0 0 0 2.2 0 0 0 0.2 0 0 0 0.2 0 0 0 0 0 0 0 0 0 0 0 1.2000000000000002 0 0 0 0 0 0 0 0 0.2 0 0 0 0 0 0 0.4 0 0 0 0 0 0.6000000000000001 18.8 0 0 0 3 1.4000000000000001 0 0 0 0 0 0 0 0 0 0 0 0 0 0 0 0 0 0 0 0 0 0 0 2 0 0 0 0 0 0 0 0 0 0 0 0 0 0 
 54.2 59.800000000000004 26.200000000000003 45.6 58.6 7 70.2 94.80000000000001 82 37.800000000000004 7.6000000000000005 4.4 75 65.2 64.4 8.8 12.8 4.800000000000001 0 24.8 0 0.8 0.4 0 0.6000000000000001 0 0.4 0 0.4 0 0 0.4 0.2 0 0 0 0 0 0.6000000000000001 0 0 0 0 0 0.4 0 0 0 0 0 0 0.4 0 0 0 0 0 0 0.6000000000000001 0 0 0 0 0 0 0 0 5.2 0 0 0.6000000000000001 0 0 0 0.4 0 0 0.2 0 0 5.4 5.2 0 0 0 2.2 0.2 3.6 4.800000000000001 0.2 0.2 0 0.2 2.8000000000000003 2.8000000000000003 1.6 0.2 0 0.4 4 0 0 0 0 0 0.2 0 0.2 0 0 0 0 0 0 0 0 0 0 0.2 0 2.6 0 0 0 0 0 0 2.4000000000000004 0 0 0 0.2 0.4 0.2 0 0 0 0 0 0 0.2 0 0 0 0.8 0 2.4000000000000004 0 0 0 0 0 0 0 0 0 0.4 0 0 0 0.2 2 0 0 0 0 5.4 4.6000000000000005 0 3 0 0 0 4 0 8 0 3.2 2.6 3 3 0 0 0 0 0 0 0 0 0 0 0 0 0 0 0 0 0 2.6 0 0 0 0 0 0 0 0 0 0 0 0 0 0 0 0 0 0 0 0 0 0 0 0 0 0 0 0 0.4 0 0 0 0 0 0 0 0 0 0 2 0 0 0 0 0 0 0.4 0.4 0 0 3 0 2 0 0 0.4 0 0 0 0 0 0 0 0 0 0 0 0 0 0 0 0 0 0 0 0 0 3.2 0 0 0 0 0 0 0 0 0 0 0 0 0 
 8.6 76 18.8 13.200000000000001 13.8 63.6 29.8 75 33 21.8 54.400000000000006 22.400000000000002 18.2 79.2 56 31.200000000000003 70.4 24.200000000000003 24.8 0 1 0.8 0.6000000000000001 0.6000000000000001 0.4 0 0 0 0 0 40.2 0.2 0 0 0 0 0 0 0.6000000000000001 0 0 0 0 12.200000000000001 0.4 0 0 12 0 0 0 0.4 0 0 0 0 0 1.6 0.4 0 0 0 0 0 0 0 0 0 0 0 0.6000000000000001 0 0 0 0 0 0 0 0 0 0.6000000000000001 8.4 0 3.2 0 4.2 0.2 4.800000000000001 3.8000000000000003 2.2 0 3.6 7 0 6.2 3.6 2.8000000000000003 0.4 0 1.8 0 0 0 0 0 0 0 0 0 0 0 0 0 0 0 0 0 0 0 0 0 0 0 0 0 0 0 0 0 0 0 0 0 0 0 0 0 0 0 0 0 0 0 0 0.4 0.4 0 0 0 0.4 0 0 0 0 0 0 0 0 0.2 0 4.6000000000000005 2.2 3.4000000000000004 0 10.200000000000001 5 0.4 0 5.2 1.8 0 0 2.4000000000000004 5.4 3.8000000000000003 2.8000000000000003 9.600000000000001 0 0 3.2 0 0 0 0 0 0.4 0 0 3 0 0 0 0 0 0 0 0 0 0 0 0 0 0 0 0 0 0 0 0 0 0 0 0.4 0 0 0 0 0 0 0 0 0 0.2 0 0 0 0 0 0 0 0 0 0 0 0 0 0 0 0 0 0 2 0 0 0 0.2 18.400000000000002 0 0.4 0 0 1.8 0 0 0 0 0 0 0 0 0 0 7 0 0 0 0 0 0 0 0 0 0 0 0 0 0 0 0 0 0.2 0 0 0 0 0 0 0 0 0 
 0 0 0 15.4 0.2 15.600000000000001 0 0.6000000000000001 0 0 0 12.600000000000001 0 0.2 0 0 14.8 2.4000000000000004 0 1 0 41.800000000000004 55 20.400000000000002 48 16.400000000000002 35.4 8.4 8 26.6 65.4 6 25.6 57.400000000000006 26.8 34.6 21.6 47.6 10 41.400000000000006 40.6 0 0 0 0 0 0.4 0 0.6000000000000001 0.6000000000000001 0.4 11.200000000000001 0 1 0 0 0.2 0.4 0.8 0.6000000000000001 0.6000000000000001 0 0.6000000000000001 0 0.8 0 0 0 0.6000000000000001 0 0 0.4 0 0 0.6000000000000001 0.6000000000000001 0 0 0.4 0 0 0 0 1.8 2.6 2.2 0 0 0 0 2.8000000000000003 0 0 0 0 0 0 0 0.4 0 3.6 6.4 1.4000000000000001 3.6 6 0 2 10.200000000000001 3.2 0 1.4000000000000001 0 0 0.2 4.6000000000000005 2.8000000000000003 4 0 2 2.8000000000000003 0 0 0 0 0.8 0 0 0 0 0 0 0 1.6 0 0 0 0 5.2 0.4 0 0 0 0 0 0 0 0 0 0 0 0.2 0 0 0 0 0 0 2.8000000000000003 0 0 0 0 0 0 0 1.4000000000000001 0 0 0 0 3.4000000000000004 0 0 0 0 0 0.2 0 0 0 3.4000000000000004 1.8 0.2 2.4000000000000004 1.8 0 4.800000000000001 1.4000000000000001 4.6000000000000005 7.2 8.6 3 0.2 5.800000000000001 1.4000000000000001 2 0 4 2.2 4.4 0 0 0 0.2 0 0 2.4000000000000004 0 0 0 0 0 0 0 0 0 0 0 4 0 0 0 0 0 0 0 0.4 0 0 0 0 0 0 0 0 0 0 0 0 0 0 0 0 0 0 0 0 0 0 5.4 0 0 0 0 2.2 0 0 0 0 0.2 0.4 0 0 0 0 0 0 0 0.4 0 0 0 0 0 0 0 0 0 0 3.2 0 0 0 0 0 0 0 0 0 1.2000000000000002 
 0.8 1.6 0.6000000000000001 0.4 0.4 0.4 0.8 0.6000000000000001 0.6000000000000001 0.8 0.8 20.200000000000003 0.6000000000000001 1.2000000000000002 0.8 0.8 2.8000000000000003 0.6000000000000001 0.8 0.8 41.800000000000004 0 31.8 27.200000000000003 9 52 54.800000000000004 31.6 31 18.8 79.2 5.6000000000000005 24.200000000000003 13 42.2 8.4 8.200000000000001 17.400000000000002 40.6 32.800000000000004 0 0 0 0 0 0 1.8 0 0 0.8 0.4 0 0 0 0 0 0.2 0.6000000000000001 0 0 0.6000000000000001 0 0.6000000000000001 0 0 0 0 0 0.6000000000000001 0 0 0.8 0 0 0.6000000000000001 0.6000000000000001 0 0 0.4 0 0.4 0 0 0 1.8 2.8000000000000003 0 0 0 0.2 0.4 2.4000000000000004 0 0 0 0 0 0 0 0 0 2.4000000000000004 0 0 3 0 0 2.2 2 0 2.2 3.8000000000000003 3 3 2.2 0.8 0 1.8 1.2000000000000002 6 0 0 0 0 1.6 0 1.8 0 0 0 0.4 0 0 0 0 0 0 0 0 0 0 0 0.4 0 0 0 0 0 0 0 0.4 1.6 0.2 0 0 0.4 0 0.2 0 0 0.2 0 0 0 0 0 0 0 0 0 1.8 0.6000000000000001 2.8000000000000003 0 2 0 0 0 0 0 4.2 3.2 4.6000000000000005 0 3.8000000000000003 0 3.6 2.8000000000000003 6.6000000000000005 2.6 3.2 0 1.8 4.4 5.4 0.2 2.2 2.8000000000000003 2 2.2 0 0 0 0 0.4 0 0 0 0 0 1.6 0.2 0.4 0 0 0 0 0 0 0 0 0 0 0 0 0 0 0 0 0 0 0 0 0 0 0 0 0 0 0.4 0 0 0 0 0 0.4 0 0 14.600000000000001 0 0 0 0.4 0 0.2 0 0.4 1.2000000000000002 0.4 0.4 0.2 0 0 0 0 0 0 0.4 0 0 0 0 0 0 0 0 1.8 0 0 2 0 2.6 0 0 0 0 0 0 0 0 
 0.4 0.4 0.8 0.4 0.6000000000000001 14 0.4 0.4 0.4 0.4 0.4 0.4 0.4 0.4 0.4 0.4 0.4 1 0.4 0.6000000000000001 55 31.8 0 72 24.400000000000002 51.2 54 14.8 67 33.800000000000004 21 20.6 27.200000000000003 11.8 9.600000000000001 27.200000000000003 23.8 8.4 25.6 42 0 0.4 0 0 0 0 0 0 1.2000000000000002 0.6000000000000001 0.4 0 0 0 0 0 0 0.4 1 0 0.2 0 0.6000000000000001 0 0 0 0 0 0.6000000000000001 0 0 1 0 0 0.6000000000000001 0.6000000000000001 0 0 0 0 0 0 0 0 0 2.4000000000000004 0 0 0 0 0 0 0 0 0 0 0 0 0 0.4 0 0 2 4.2 4.6000000000000005 4.4 0 2.2 4.2 0 0 4.2 2.4000000000000004 1.8 2 0 8.4 0.2 2 2 0.2 1.8 0 0 0.2 0 4.6000000000000005 0 0 0 0 0 5.4 0 0 0 0 0 4.6000000000000005 2.2 0 0 0 4.4 0 0 0 0 0 0 0 0 0 0 0 0 0 0.4 0.2 0 0 0 0 0.2 0 0 0 0 0 0 2.2 0 0 0 0.4 0 0 0 0 0 4.800000000000001 1.8 2.4000000000000004 0 3.8000000000000003 0 6 3.2 5.4 4.800000000000001 9.600000000000001 6.2 0 2 10.600000000000001 5.4 0 2.8000000000000003 0 0 1.8 2.4000000000000004 0 0 0 0 0 0 0 0 0 0 2 0 0 0 0 0 0 3.8000000000000003 0 0 0 0 0 0 0 0 0 0 0 0 0 0 0 0 0 0 0 0 0 0 2.6 0 0 0 0 0 0 0 0 0 0 0 5.2 0 0.4 0.2 15.200000000000001 0.4 0.6000000000000001 0 0 0 0 0 2.6 0 0 0 0 0.4 0 0 0 0.2 0 0 0 3 0 0 0 0 0.2 0 2.2 0 0 0 
 0 0 0 0 0.6000000000000001 0.2 0.6000000000000001 0 0 0 0.4 0.2 0 0 0 0.4 0 0.4 0 0.6000000000000001 20.400000000000002 27.200000000000003 72 0 16.8 9.4 43.400000000000006 75 39.6 49.400000000000006 59.6 15.8 34 38.400000000000006 31.400000000000002 21.8 7 35.6 44.2 43.2 0 1.8 0 0 0 0.4 0.6000000000000001 0.6000000000000001 0 0.6000000000000001 0.4 0.4 0 0 0 0 0.6000000000000001 0.4 4.4 0 0.2 0.2 0.6000000000000001 0 0 0 0 0 0.6000000000000001 0 0 1.4000000000000001 0 0 0.6000000000000001 0.6000000000000001 0 0 0.2 0 0 2.2 0 0 0 7 0 0 0 0 0 0 0 0 0 0 0 0 0 0 0 2.4000000000000004 2.8000000000000003 2.6 10.600000000000001 3.2 0.2 2.2 2.6 0 6 5.2 0.2 2.8000000000000003 5.6000000000000005 2.2 15.200000000000001 0 0 2.6 0.8 0 0 0 0 0 5.4 0 0 3.4000000000000004 2.4000000000000004 0 0 0 0 0 0 0 4.2 1.6 0 0 0 4 0 0 0 0 0 0 0.4 0 0 0 0 0 0 1 0 0 0 0 0 0.4 0 0 0 0 0 0 1 0 0 0 0.2 0 0 0 0 0 14.8 0.8 3 4.6000000000000005 0 2.2 1.6 4 0 8.200000000000001 3.6 2.8000000000000003 2.8000000000000003 4 2.4000000000000004 0 2.4000000000000004 0 0 0 3 2.4000000000000004 0 0 0 0 0 0 2 0 2 12.200000000000001 2.8000000000000003 0 2 0 1.4000000000000001 0 1.6 5.4 0 0 0 0 2.6 0 0 0 0 0 0 0 0 0 0 0 0 0 0 0 0 0 0 0 0 0 0 0 0.4 0 0 0 0 0 0.6000000000000001 0 0.4 0 14.8 0 0.4 0.4 0 0 0 0.4 0 0 0 0 0 0 0 0 0 0 0 0 0 0 0 0 0 0 0.4 0 0 0.2 0 0 
 0.4 0 0 0.4 0.6000000000000001 0 0.8 0.6000000000000001 0 0 0.4 5.4 0.6000000000000001 0.2 0.4 0 0 0.2 0.6000000000000001 0.4 48 9 24.400000000000002 16.8 0 36 9.4 13.8 30.400000000000002 54.2 35.6 24 7 17.2 27.200000000000003 20.8 56.6 8 16.8 17.6 3 0.2 6 0 0 0 0 0 0 0.6000000000000001 0.4 0.2 12.200000000000001 0 0.2 0 0 0.4 4 12.4 0 0 0.6000000000000001 0 0 0 0 0.6000000000000001 0.6000000000000001 0 0 1.6 0 0 0.6000000000000001 0.6000000000000001 0 0 0 0 0 0 0 0 0 0 2 0 0 0 0 0.2 0 0 0 0 0 0 0 0 0 0 3.2 3.6 0 3.2 0 2.6 3.6 7.4 2 2.2 0 0 0 3.6 0 1.2000000000000002 0 0 4 4.6000000000000005 2 2 0 0.2 2.6 2.2 0 9.4 0 0 4.2 4.2 1.4000000000000001 0 0 0 0 4.800000000000001 0 0 0.8 0 0.2 0.2 0 0 0 0 0.2 0.6000000000000001 1.8 0 0 0 0 0.4 0 0 0 0 0 0 0.2 0 0 0 0 0 0 0 0 0 0 0 0 0 0 0.4 0 0 0.2 2.2 6 0.2 0 0 0 0 2.4000000000000004 3.8000000000000003 0 0 0 0.2 2.2 1.4000000000000001 0 0 2.8000000000000003 1.4000000000000001 0 0 0 0 0 1.4000000000000001 4.2 1.2000000000000002 0 0 2.2 0 0.2 0.2 0 3.6 4.2 4.2 0 0 0 0 0.2 0 0 0 0 0 0 0.2 0 0 0 0 0 0.2 0 0 0 0 0 0 0 3.2 0.2 0 0 0 0 0 0 0 17 0.4 0.2 0.6000000000000001 0.2 0 0.8 2 0 0 0 0 2 0 0 0 0 0 0 0 0 0 0 0 0 0 0 0.2 0 0 2.4000000000000004 0 0 0.8 0 0.2 
 0 0 0 0 15.4 0 0 0 0 0.2 0 0 0 0.4 0 0 0.4 0 0 0 16.400000000000002 52 51.2 9.4 36 0 2.6 8.8 26.200000000000003 24.8 17.6 28.200000000000003 46.400000000000006 7.2 61.6 35.4 9.4 30.200000000000003 19.400000000000002 44.6 13.4 0.6000000000000001 12.8 0 0 0.4 19.8 0 1.4000000000000001 0.6000000000000001 0.4 0 13.4 0 5.800000000000001 0 0.2 0.4 2.8000000000000003 16.6 1.2000000000000002 0.4 0.6000000000000001 0 0.4 0 0.2 0 0.6000000000000001 0.4 0.4 0.8 0.4 0 0.6000000000000001 0.6000000000000001 0 0.4 0.6000000000000001 0 0 0 0 0 0 0 0 0.4 0 0 0 0 0 0 0 0 0.4 0 0 0 0 7.4 5.6000000000000005 5.800000000000001 2.4000000000000004 8 0 0 5.4 2 0.2 4.2 0 0 0 0 1.8 0 3.4000000000000004 0 3.2 2.2 0 0.2 0 0 5.4 0 0.2 1.8 0.2 0 0 0 4 0 4 0 4.4 2 0.4 0 0 1.8 0 0 0 0 0 0 0 0 0 0 0 0 0 1.4000000000000001 0 0.2 0 0 0 0 0 0.4 0 0 0 0 0 0 0.2 0 0 0 0 0 0 0 1.8 2.8000000000000003 4.2 0 3.8000000000000003 0 0 0 1.2000000000000002 4.6000000000000005 5.2 11.4 0 1.8 0.2 0 0 0.2 0 1.6 8.200000000000001 7.6000000000000005 4.4 0.4 0 0.2 2.8000000000000003 4.4 0.2 0 0 0 3.8000000000000003 5.2 4 0 0 4 9.600000000000001 4.2 0 0 0.4 0 0 0 0 0 0 0 0 0 0 0 0 0 0 1.2000000000000002 0 0 0 0 5.800000000000001 0 0 0 0 0 0 0 0 0 0 0 0.6000000000000001 0 0 0.6000000000000001 0 1.2000000000000002 1 0.2 0 0 0 0 2 0 0 0 0 0 0 0 0 0 0 0 0 0 0 0 0 0 3 0 0 0 0 0 
 0 0 0 0.6000000000000001 17 15 0 0 0 0 0 15 0 0 0 0 0 0.4 0.4 0 35.4 54.800000000000004 54 43.400000000000006 9.4 2.6 0 32.4 35.2 55.400000000000006 70 3.4000000000000004 22 45.6 24.400000000000002 21.8 15.8 21.200000000000003 41 86.80000000000001 0 0 0 0 0 0 0 0 0 1 0.4 5.4 0 0.4 0.6000000000000001 0 0.2 1 0 0 1.2000000000000002 0 0.6000000000000001 0 0 0 0.4 0 0.6000000000000001 0.2 0 0.6000000000000001 0 0 0.6000000000000001 0.6000000000000001 0 0 0.4 0 0 0 0 0 1.8 0 0 0 0 0 0 0 0 0 0 0 0 0 0 0 0 13.4 0 3 3.2 0 0 0 2.6 3 3.8000000000000003 2.8000000000000003 5.800000000000001 4.6000000000000005 3.2 0 1.8 2.6 0 1.6 0 0 0 0 4 0 0 0 0 0 0 0 0 0 0 0 0 0 0 0 0 0 0 0 0 2 0 0 3 0 0.2 0 0 0 0 0 0 0 0.2 0 0 0 0 0 0 0 0 0 0 0 0.8 0 0 0 0 0 0 0.2 0 0 2.6 4.6000000000000005 4.800000000000001 0 0.2 0 3.2 6 8.4 6.800000000000001 3.6 0 9.600000000000001 3.6 10.600000000000001 3.6 2.4000000000000004 2.6 0 2.6 0 0.4 0 0 0 0 0 0 0 0 0 0 0 0 0 0 0.4 4.2 0 0 0 0 0 0 0.4 0 0 0 0 0 0 0 0 0 0 0 0 0 0 0 0 0 0 0 0 0 0 0.2 15 0 0 0 0 0.4 1.2000000000000002 0.4 0.2 15.8 15.200000000000001 0.4 3.4000000000000004 0 0 0 0 0 0 0 0 0 0 0 0 0 0 0 0 0 0 2.4000000000000004 0 3.6 0 0 0 0 0 0 0 0 
 0 0 0 0 0 3 0 0 0 0 15 19.8 0 0 0.2 0 0.4 0.4 0 0 8.4 31.6 14.8 75 13.8 8.8 32.4 0 12.4 14 16.8 18.400000000000002 35.6 29.200000000000003 42.800000000000004 23.6 22.8 20.8 30.6 9.200000000000001 0 0 0 0 0 0 0 1.2000000000000002 0.2 0.6000000000000001 0.4 0 0 0 0 0 0.2 0.4 0 0 0.4 0 0.6000000000000001 0 9.200000000000001 0 0 0 0.6000000000000001 0 0 0.4 0 6.6000000000000005 0.6000000000000001 0.6000000000000001 0 0 0.2 0 0 0 0.6000000000000001 0.2 0 0 0 0 0 2.6 0 0 0 0 0 0 0 0 0 0 4.2 8.4 0 3 1.8 0 0 2.6 2.6 1.8 1.4000000000000001 3 2.8000000000000003 4.2 0.2 1.4000000000000001 0.2 0 0.2 4 6 0 0 0 2.2 0 0 0 0 0 2 0 1.8 0 0 0 0 0 0 0 0 0 0 1.2000000000000002 0 0 0 0 0 0 0 0 0 0 1 0 0 0 0 0 0 0 4 0 2.4000000000000004 0 0 0 0 0 0 0 0 0 0 0 0 0 0 0 0.8 0 6 9.200000000000001 5.4 0 1.6 3 0.2 0 0 0 2 2 2.2 2.4000000000000004 3.6 2.6 0.2 2.2 0 0 0 0 0 0 2.6 0 0 0 0 0 0 0 0 0 0 0 4.2 0 0 0 0 0 0 0 0 0 0 0 0 0 0 0 0 0 0 0 0 0 0 0 0 0 0 0 0 0 6.6000000000000005 0 0 0 0 0 0.4 0.2 0 0 0 0 0.2 0 0 0 0 0.2 0 0 0 0 0 0 0 0 0 2.4000000000000004 0 0 0 0 0 0 0 0 0 0 0 0 0 0 
 0 0 0 0 0.2 0 0.4 0 0.4 0 0.4 0 0 0 0 0 0 0 0.4 0 8 31 67 39.6 30.400000000000002 26.200000000000003 35.2 12.4 0 113.60000000000001 16.8 39.400000000000006 19.200000000000003 25.200000000000003 27 12 62.2 25 64.2 29.200000000000003 0 0 0 0 0 0 0 0 0 0.6000000000000001 0.4 0 0 0 0 0 0.2 0.4 12.200000000000001 0 0.4 0 0.6000000000000001 0 0 0 0 0 0.6000000000000001 0 0 0.4 0 0 0.6000000000000001 0.6000000000000001 0 0 0.2 0 0 0 0 0 0.2 0 0 0 0 0 0 0 0 0 0 0 0 0 0 0 0.2 7.2 0 2.2 0.2 2.4000000000000004 0 2.4000000000000004 4.2 0 2.6 8.8 0 0.6000000000000001 2.2 2.2 0 0 0 0 0 0.6000000000000001 0 0 0 0 2.2 0.2 0 0 0.2 0 1.8 0.4 0 0 0 3 0 1.6 0 0.4 0 0 0 0 0 0 3 0 0.2 0.2 0 0 0 0 0 0 0 2.2 0 0 0 0 0.8 0 0 0 0 0 0 0 2.6 0 0 0 0 1.2000000000000002 0 0 2.4000000000000004 3 3 10.200000000000001 0.2 1 4.800000000000001 2.4000000000000004 5 5.800000000000001 2.2 2.2 0 0.2 0.2 1.8 0.2 4.4 0 2.2 2.2 0 0 0 0 0 4.4 0 0 0 0 0 1.8 0 0 0 4.2 0 2 9 0 0.2 0 0 0 0 0 0 0 0 0 0 0 0 0 0 0 0 0 0 0 0 0 0 0 0 0 0 0 0 0 0 0 0 2.4000000000000004 0 0.4 15.4 8 0.2 3.2 0 0 0 0 0 2.6 0 0 0 0 0 0 0 0 0 0 0 0 0 0 1.8 0 0 0 0 3.8000000000000003 0 0 0 
 0 0 0.2 0 0 0 0 0 0 0 0 0 0 0 0 0 0.2 0 0 0 26.6 18.8 33.800000000000004 49.400000000000006 54.2 24.8 55.400000000000006 14 113.60000000000001 0 60.2 53.6 25.200000000000003 101.80000000000001 110.80000000000001 35.800000000000004 41 22 24.6 37.2 0 0.2 12.4 0 0 0 0 0 1.6 0.6000000000000001 0.4 0 0.4 0 0 0 13.200000000000001 1.2000000000000002 0 0 0.4 0.2 0.6000000000000001 0 0.2 0 0.4 0 0.6000000000000001 0.2 0 0.8 0.4 0 0.6000000000000001 0.6000000000000001 0 0.4 0.4 0 0 0 0 0 0 0 0 0 0 0 0 0 0 0 0.2 0 0 0.4 0 0 1.6 7.800000000000001 0 8.6 5 1 0 2.6 2.2 1.8 6.800000000000001 4.2 0 2.2 0 4.800000000000001 3.6 0 0 0 4 0 0 0 0 0 5.4 0 0 0.4 3.6 0 2.4000000000000004 4.4 0 0 0 2 0.6000000000000001 0 0 0 0 0 0 0 0 0 11.200000000000001 0 0.2 0.2 2.6 2.6 0 0 0 0.4 0 0 0 0 0 0 0 0 1 0 0 0 3.8000000000000003 0 0 0 0 0 0 0.6000000000000001 0 0 4 0 9 8.8 11.200000000000001 4 0 6.4 0 1.6 2.8000000000000003 0.2 0 1.4000000000000001 2.6 0.6000000000000001 3.6 4.800000000000001 0 0 0 0 0 0 0 0 5.6000000000000005 0 0 0 0 0 0 0 9.600000000000001 0 4.2 0 6.800000000000001 3 0 0 0 0 0 0 0 0.4 0 0 0 0 2.8000000000000003 0 0 0 0 0 0 0 0 0 0 0 0 0 0 0 4.4 0 0 0 0 0 0 0 0 0.4 15 0.2 2.2 0 0 0 0 0 0 0 0 0 0 0 0 0 2 0 0 0 0 0 0 1.8 0 0 0 0 0 1.6 0 0 
 24.6 0 0 0 25.200000000000003 0.4 0 0.2 0 0.4 0 0 0.2 0 0 0 0 0 0 40.2 65.4 79.2 21 59.6 35.6 17.6 70 16.8 16.8 60.2 0 70.60000000000001 22.6 52.6 30.400000000000002 50.2 49.400000000000006 70 38 83.2 0 2.4000000000000004 0 0 0 0 0 0 0 0.6000000000000001 0.4 0 0 0 0 0 0.2 0.4 25.6 0 0.4 0 0.6000000000000001 0 0 0 0 0 0.6000000000000001 0 0 0.6000000000000001 0 0 0.6000000000000001 0.6000000000000001 0 0 0.2 0 0 0.4 0 0 0 0 0 0 0 0 0 0 0 0 0 0 0 0 0 0 0 3.2 0.2 3.4000000000000004 7.4 3.4000000000000004 0 0 0 4.6000000000000005 3 3 0 0 0.2 0.4 0.2 4 0 0 7.4 0 0 0 0 0 2.6 0 0 2.6 2 0 0 0 0 0 0 0.4 0.2 2.2 0 0 1.4000000000000001 0 0 0 0 0 0 0.4 0 0 0.6000000000000001 0 0 0 0 0 0 0 0 0 0 0 0 0 0 0 0 0 1 0 0 0 0 0 0 0 0 0 3.4000000000000004 0 5.4 6.2 3.2 1.6 4.4 4.800000000000001 0 0 1.8 0.2 0 1.8 0.8 2 2.8000000000000003 0 0 0 0.2 2.8000000000000003 0 0 0 0 2.2 1 9.4 4.800000000000001 0 2.4000000000000004 4 0 3 0 2.6 0 5.4 7 0 0 0 0 0 0 0 0 0.2 0 0 0 0 0 0 0 0 0 0 0 0 0 0 0 0 0.4 0 0 0 0 0 0 0 0 2.6 0.2 0.4 0.2 15 0 3.8000000000000003 0.2 0 0 0 0 0 0 0 0 0 0 0 0 0 0 0 0 0 0 0 0 4 0 0 0 0 0 0 0 
 0.4 0 0 0 0.6000000000000001 0 0 0.4 0 0 0 0 0.2 0 0 0.4 0.2 0.6000000000000001 0.4 0.2 6 5.6000000000000005 20.6 15.8 24 28.200000000000003 3.4000000000000004 18.400000000000002 39.400000000000006 53.6 70.60000000000001 0 6 41.400000000000006 68.4 47.400000000000006 59.400000000000006 35.6 66 5.2 0 0 12.8 0 0 0 10.8 0 0.8 0.6000000000000001 0.4 0 0 4.800000000000001 0 0 0.2 0.4 2 12.4 0.4 0.4 0.6000000000000001 0 0 0 0 0 2 0 0 0.8 0 0 0.6000000000000001 0.6000000000000001 10.4 0 0.2 0 0 2.4000000000000004 2 0 0 0 0 0 0 0 0 0.4 0 0 0 0 0 0 0 0 0 4.800000000000001 6.6000000000000005 2.8000000000000003 0 3.8000000000000003 0 0 6.2 1.6 6.4 2.6 0 12.4 0 0 1.8 0 0 3 2.8000000000000003 0.8 3.2 2 0 0.4 4.2 2 0.2 2.6 10 0 4.2 10.8 0 3.2 4.2 2.6 5 15.8 0 0 0.4 0 0 0 0.2 0 3.2 2.6 0 0 0 0 0 0 0 0.2 0 0 0 0 0 0 1.6 0 0 0 0 0 0 0.4 0 0 0 0 0 11.200000000000001 0 1.6 0 0 4.6000000000000005 6.6000000000000005 3.6 21.200000000000003 0 0 1.6 2.4000000000000004 0 3.6 0 0 0 0.4 0 0.2 0 0 0 4.4 2.2 0 0 0 9.4 0 0 0 0.6000000000000001 0 0 3.6 5.6000000000000005 2.4000000000000004 6.4 0 6 3 0 0 0 0 0 0 0.4 0 0 0 0 0 0 0 0 0 0 0 0 0 0 0 6.4 0 0 0 0 0 0 0 0 0 0 0 0.4 0 0.4 15.600000000000001 15 0.8 0.4 0 0 0 0 0 0 0 0 0 0 0 0 0 0 0 0 0 0 0 0 0 0 0 0 0 0 2.2 0 0 
 0 0.4 0.2 0.2 14.8 3 0 0.8 0 0.2 30.200000000000003 16 0.2 0 0.4 0.4 0.4 1.8 0.2 0 25.6 24.200000000000003 27.200000000000003 34 7 46.400000000000006 22 35.6 19.200000000000003 25.200000000000003 22.6 6 0 46.800000000000004 8.200000000000001 34.6 10.8 39.6 125.2 9.600000000000001 0.6000000000000001 0 0.6000000000000001 0 0 0 0.6000000000000001 0 0 1.4000000000000001 0.6000000000000001 0 0.6000000000000001 0 0 0 0.6000000000000001 0.4 0 0.2 0.4 0 0.8 0 0 1 10.200000000000001 0 1.4000000000000001 0 0 0.6000000000000001 0 0 0.6000000000000001 15 0 0 0.2 0 0 0 0 0.8 4.800000000000001 1.2000000000000002 0 0 0 3.8000000000000003 0 0 0 0 0.4 0 0 3.6 0 0 2.8000000000000003 1.2000000000000002 0 0 1.4000000000000001 0 3.6 0.4 0.2 1.6 3 0 6.2 19.6 7.800000000000001 0 0 2 0 1.8 0.4 0 0 0 0.2 0 0 0 1.6 0 3 0 0 0 0 0 0 0 0 0 0 1 0.2 0.4 0 0 0 0 4.6000000000000005 0 0 0.4 0 0 1.8 0 0 0 0 0 0 0 0 0 2.8000000000000003 2 0 0 0 0 0 2.8000000000000003 0 0 0 0 0 0 0 0 5.800000000000001 5.4 4.2 0.6000000000000001 0 0 7.6000000000000005 3 2.6 5.2 8.200000000000001 0 5.800000000000001 16.400000000000002 3.6 2.8000000000000003 9.200000000000001 0 3.8000000000000003 2.6 0 0 0 0 0 0 0 0 0 0 0 0 0 0 0 0 0 0 2 0.2 0 0 0 0 0 0 0 0 0 0 0.4 0 0 0 0.4 0 0 0 0 0 0 0 0 0 0 0 0 0 1.4000000000000001 0 0 0 0 0 1.8 0 0.4 0 0 0 0.8 0.2 0 10 0 0 0 0 0 0 0 0 0 0 0 3.8000000000000003 0 0 0 0 0 3.8000000000000003 0 0 0 0 0 0 0 0 
