 0 37.2 50.2 27 52.2 5.4 23.400000000000002 89.2 41.2 8 5.4 26.200000000000003 16 27.6 89 55.800000000000004 38.400000000000006 40.6 13.200000000000001 20.200000000000003 0 0.6000000000000001 0 0 0.6000000000000001 40.800000000000004 0 40.800000000000004 0.2 0 0 0.4 0 0.4 0 0 0.4 1 0 0.4 0 0 0 0 0 0 12.200000000000001 0 0.6000000000000001 0 0 0.2 0 0 0 0 0 13 0.6000000000000001 0.4 0 0 0 0 0 0 0 0 0.4 0.4 0 0 0 0 0 0 0.4 0.2 7.800000000000001 0 10.600000000000001 2 3.6 0.2 2.2 2.2 2.8000000000000003 7.6000000000000005 4 0 5.800000000000001 4.4 2.8000000000000003 6.2 4.2 3 22.8 7.800000000000001 4.800000000000001 2 0 0 0 0 0 0 0 0 0 0 0 0 0 0 0 0 0 0.2 4.2 0 0 0 0 0 0 0 0 0 0 0 0 0 0 0 0 0 0 0 0 0 0 0 0 0 0 0 0 0 0 0.4 0.2 0 0 0 0 0.2 0 0 0 0 0 3 0 4.800000000000001 1.4000000000000001 2.2 4.4 2 2 0 6.2 4.2 0 2.4000000000000004 1.8 3.2 4.800000000000001 4.800000000000001 0 2 2.8000000000000003 0 0 0 0 0 0 0 0 0 0 0 0.4 0 0 0 0 0 0.2 0 0 0 0 0 0.2 0 0 0 0 0.4 0 1.4000000000000001 0 0 0 0 0 0 0 0.6000000000000001 0 0 0 0 0 0 0 0 0 0 0 0 0.4 0 0 0.2 0 0 0 0 0 3 0 0 0 0 0 0.2 18.400000000000002 0.2 2.4000000000000004 2.2 0 0 0 0 0 0 0 0 0 0 0 0 0 0 0.4 0 0 0 0 0 0 0 0 2.8000000000000003 4.800000000000001 0 0 0 0 0 0 0 0 0 0 0 0 0 
 37.2 0 56.2 11.4 64.60000000000001 23 34.800000000000004 17 80.2 6.6000000000000005 66.4 21.8 8 5.4 18.8 10.8 9.8 38.800000000000004 10 6.4 0 0.4 0.2 0 0 0 0 0 0 0 0 1 0 0 0 0 0 0 0 0.4 0 0 0 0 0 0 0 0 0.6000000000000001 0 0 0 0 0 0 0.4 0 0 0.6000000000000001 0.6000000000000001 0 0.2 0 0 0 0 0 0 0 0.4 0 0 0.8 0 1.2000000000000002 0 0.6000000000000001 0 0 0 1.8 5 7.800000000000001 0.4 3 3.4000000000000004 0 3.6 2.6 2 10.600000000000001 4.2 0 7.4 7.800000000000001 1.4000000000000001 3.8000000000000003 0 0 2.8000000000000003 0 0 0 0 0 0 0 0 0 0.4 0 0 0 0 0 0 0 0 7.2 3.4000000000000004 0 0 0 0 0 0 0 0 0.2 0 0 0 0 0 0 0.2 0 0 3.6 0 0 0 0 0 0 0 0 0 0 0 0 0 0 0 0 0 0 0 0.2 0 1.8 0 2.4000000000000004 3.8000000000000003 2 4.6000000000000005 0 0 0 0 4.4 0 0 2.6 2.8000000000000003 3 3 0 0 0 5.800000000000001 0 0 0 0 0 0 0 0.4 0 0 0 0 0 0 0 0 0 0.2 0 0.4 0.2 13.200000000000001 0 0 0 0 0 0 0 0 0 0 0 1 0 0 0 0 0 0 0 0 0 0 0 0 0 7 0 0 0 0 0 0 0 0 0 0 0 0 0 0 0 0 0 0 0 0.2 0 0.4 2.2 0 0 0 0 0 0 0 0 0 0 0 0 0 0 0 0 0 0 0 0 0 0 0 3.8000000000000003 2 2.6 0 0 0 0 0 0 0 0 0 0 0 0 
 50.2 56.2 0 34.4 8.200000000000001 52 75.2 15 59 29.200000000000003 12.8 40.2 30.400000000000002 26.8 25.6 44 57.400000000000006 11.8 52 23.8 15.200000000000001 0.4 0.2 0.4 0 0 0 15.4 0 0.4 0.4 0.4 0 0 0 0.4 0 0.2 12.200000000000001 13.4 0 0 11.4 0.2 0.4 0 0 1.6 0.6000000000000001 0 0.4 0.2 0 0 0 0.2 0.4 0 0.6000000000000001 1.4000000000000001 0 1 0 0 0.4 0.6000000000000001 0 0 0 0.4 0 0.4 0 0 0 0 0.6000000000000001 0.4 0 0 7.2 6.2 4 7.800000000000001 8.200000000000001 2 2.6 0 0 4.2 3 0 0 4.4 2.8000000000000003 0.2 2.2 0 0 10 0 0 0 0 3.2 0 3.2 0 0 0 0 0 0 2 0 0 0 0 1.4000000000000001 3.6 0 0 0 0 0.4 0 0.4 0 0 0 0 0 0 0 0 0 0 4 0 0.2 1.2000000000000002 0 0 0 0.2 5.2 0 0 0 0 0 0 0 0 0 0 0 0 0 0 7.800000000000001 0 0 0 16.2 0 0 2.8000000000000003 8 3 3.4000000000000004 3.4000000000000004 0 2.4000000000000004 8.4 0.6000000000000001 6.2 3.6 0.4 2.4000000000000004 0 2.6 0 0 0 0 6.4 2 0 0 0 0 0 4.2 0 0 0 0 14.600000000000001 0.4 0 0 0.8 0 0 0 0 0 0 0 0 0 4.6000000000000005 0 0 0 0 0 0.4 0.4 0 0 0 0 0 0 0 0 0 0 0 0 0 0 0 1.2000000000000002 0 0 0 0 0 0 0 0 0 0 1.8 0.4 0 9.4 0.4 1.6 0 0 0 0 0 0 0 0 0.2 0 2.8000000000000003 0 0 0 0 0 0 0 0 0 0 0 0 0 0 0 0 0 0 0 0 0 0 0 0 0 0 0 
 27 11.4 34.4 0 45.800000000000004 25.400000000000002 18 34.800000000000004 39.6 28.8 59.6 45.800000000000004 60.2 13.8 60.400000000000006 53.400000000000006 22.6 31 32 53.6 15.200000000000001 15.600000000000001 0.2 0.6000000000000001 0 0 15 0.4 0 0.4 0.2 0.4 0 0 15.4 0.2 0.2 0 42.6 26.400000000000002 0 0.4 3.6 0 0 0.6000000000000001 0 13.200000000000001 0.6000000000000001 0 0 0 0 0 0 0.4 0.6000000000000001 0 0.6000000000000001 1.4000000000000001 0 0.6000000000000001 0 0.2 0 0 0 0 0 1 0 0 0 0 0 0 0.6000000000000001 0 0 0.4 0 2.2 2.2 9.8 7.4 0 2.8000000000000003 0.6000000000000001 2.8000000000000003 2.8000000000000003 2.2 3.6 0 0 0 0.4 0.2 6.4 0 0 0 3 0 0 0 0 2 3 0 0 0 0 1 0 0 2 3.2 0 4.800000000000001 4.4 0 0 0 0 0 0 0 0 0 0 0 0.4 0 0 0 0 0 0 0 0 0 0 0 1.6 0 0.6000000000000001 0 0 0 0 0 0 0 0 0 0 0 0 0.4 0 0 0 0 6.4 3.2 0 3 0 3.6 4.800000000000001 12.200000000000001 0 0 0 3.2 4.6000000000000005 5 3.4000000000000004 0 0 0 1.8 0 0 0 0 11 1.8 0 0 0 0 0.6000000000000001 4 0 0.2 0 0 3.6 2.6 0 0 0 0 0 0 0 0 0 0 0 0 0 0 0 0 0 0 0 0 0 0 0 0 0 0 0 0 0 0 0 0 0 0 0 0 0 0 0 0 0 0 0 0 0 0.2 10.600000000000001 0 0.2 9.4 0 1.2000000000000002 0 0.4 0 0 0 0 0.4 0 0 0 2.2 0 0 0 0 0 0 0 0 0 0 0 0 0 2 0 0 0 0 0 0 0 0 0 0 0 0 0 
 52.2 64.60000000000001 8.200000000000001 45.800000000000004 0 14.600000000000001 12.4 32.6 29 30.400000000000002 38.2 16.8 16.8 11.4 86.2 43.2 56.6 28 15.200000000000001 14.200000000000001 0.2 4.4 15.200000000000001 0 0 0 16.2 4.2 0.2 0 0 0.4 15.600000000000001 0.6000000000000001 14.600000000000001 20 31.8 0 14.8 10.4 0 0 0 0 0 0.2 0 0 0.6000000000000001 0 0 0 0 0 0 0 0 0 0.6000000000000001 0.4 0 0 0 0 0 0 0 0 0.2 0.4 0 0 0 0 0 0 0.6000000000000001 0 0 0 0.4 0 4.800000000000001 2 3.8000000000000003 5 3.2 0.2 3.2 0 4.4 8 0 1.8 3.4000000000000004 2.6 0.2 6.800000000000001 0.2 0 1.4000000000000001 1.4000000000000001 0 2 3.4000000000000004 0 0.2 0 0 1.4000000000000001 2.8000000000000003 0 2.8000000000000003 3.8000000000000003 2.2 3.8000000000000003 0 0.2 5 0 0 0 0 0 0 0 0 0 0 0 0 0 0 0 0 0 0 0.4 0 0 0 0 0.4 0 0 0 0 0 0 0 0 0.2 0 0 0 0 0 0 0 0 0 0.2 0 3 0 6 0 1.8 0 0.4 2.2 6 0 0 0 0 0.2 1.4000000000000001 0 0 5.2 2 0 0 0 0 4 0 2 3.4000000000000004 0 0 2.8000000000000003 2.8000000000000003 5.2 2.8000000000000003 0 0.2 3.4000000000000004 0 0 0 0 0 0 0 0 0 0 0 0 0 0 0 0 0 0 0 0 0 0 0 0 0 0.4 0 0 0 0 0 0 0 0 0 0 0 0 0 0.2 0 0 0 0 0 0 1 18.8 0 0.6000000000000001 1 0.4 1.6 0.4 0 0 0 0 0 0.2 0 0 0 0 0 0 0.2 0 0 0 0 0 0 0 0 0 2.6 2.2 0 0 0 0 0 0 0 0 0 0 0 0 0 
 5.4 23 52 25.400000000000002 14.600000000000001 0 11.200000000000001 7.4 30.200000000000003 9.8 52.400000000000006 57.6 8.6 6.4 8.6 19.8 18.400000000000002 17.6 11.600000000000001 11.200000000000001 27.200000000000003 0.2 0 0 0 0 14.8 4.6000000000000005 0 0.2 0 0.4 18.400000000000002 11.600000000000001 19.6 0.2 0 0 12.600000000000001 31.8 0 0 2 0 0 0 0 0.6000000000000001 0.6000000000000001 0 0 0.4 0.8 0 0 0.4 1.4000000000000001 0.4 0.6000000000000001 0.6000000000000001 0 2.2 0 0 0 0 0 0 0 0.4 0 0 0 0 7 0 0.6000000000000001 0 0 0.4 0 0 0 2 0.2 2.8000000000000003 0 0 0.6000000000000001 5.4 0.2 0 0 0 0 3.2 0 0 0 0 0 1.8 0 0 0 0 10.200000000000001 12.8 0 0 0 0 6 1.6 6 2.2 2.8000000000000003 0 3.2 9.8 0 0 0 0.2 0 0 0 0.4 0 0 0 0 0.2 0 0 0 0 0 0 0 0 0 0 0.2 0 0 0 0 0 0 0 0 0 0 0.4 0 0 0 1.8 0 0 0 4.800000000000001 0 3.2 2.4000000000000004 0 0 0.2 0 8.8 0 0 0 0 0.2 1.2000000000000002 0.4 0 0 6 0 0 2.6 0 0 12.4 2 0 4 0 0.2 4 6.4 7.800000000000001 2.2 0 0 7 4 0 0 0 0 0 0 0 0 0 0 3.4000000000000004 0 0 0 0 0 0 0 0 0 0 0 0 0 0 0 0 0 0 0 0 0 0 0 0 0 0.2 0 0 0 0 0 0 0 0 0.2 1.2000000000000002 0 0.2 1.6 0.2 0.6000000000000001 0 0 0 0 0 0 0 0 0 0 0 0 0 0 0 0 0 0 0 0 0 0 0 2.8000000000000003 0 2.4000000000000004 0 0 0 0 0 0 0 0 0 0 0 0 
 23.400000000000002 34.800000000000004 75.2 18 12.4 11.200000000000001 0 20 13.200000000000001 6 3.6 11 23.8 6.6000000000000005 25 20 17 24.200000000000003 26.200000000000003 23.400000000000002 0 0.4 0 0 0 0 0 0 0 0 0 0.4 0.8 0 0 0 0 0 0 0.4 0 0 0 0 0 0 0 0 0.6000000000000001 0 0 0 0 0 0 0.2 0 0.4 0.6000000000000001 0.4 0 0.4 0.2 0 3.4000000000000004 0 0 0 0.2 1 0.8 1 0 0 0 0 0.6000000000000001 0.2 0 2 2.6 0 3 0.2 0 3.4000000000000004 3.2 0.2 4.2 0 2 4.6000000000000005 0 5.4 2.8000000000000003 2.6 3.6 3.4000000000000004 0 4.800000000000001 0 0.4 0 0.2 0 0 0 0 0 0 0 0 0 0 0 0 0 0 0 0 0 0 0.2 0 0 0 0 0 0 0 0 0 0 0 0 0 0 0 0 0 0 0 0 0 0 0 0 0 0 0 0 0 0 0 0 0 0 0 0 0 0.2 0.2 0 3 0 2.4000000000000004 0.8 1.8 1.8 0.2 3 2.6 0 0 0 0 0.2 1.8 0.2 2.6 2.8000000000000003 0 0 0 0 0 0 0 0 0 0 0 0 0 0 0.4 0 0 0 0 0 0 0 0 0 0 0 0 0 0 0 0 0 0 0 0 0 0 0 0.2 0 0 0.2 0 0 0 0 0 0 0 0 0 0 0 0 0 0.2 0 0 0 0 0 0 0 0 0 0 0 0 0 0 1.4000000000000001 0 0.2 0 0 0 0 0 0 0 0 0 0 0 0 0 0 0 0 0 0 0 0 0 2.8000000000000003 2 0 0 0 0 0 0 0 0 0 0 0 0 0 
 89.2 17 15 34.800000000000004 32.6 7.4 20 0 17.400000000000002 24.8 7.6000000000000005 9.8 18.6 40 28.6 18.8 14.600000000000001 31.200000000000003 31.8 27.6 0.4 0.2 0 0 0 0 0 0 0.4 0 0 0.4 17.6 0 0 0 0.4 6.6000000000000005 16.400000000000002 0.4 0 0 0.4 0 0 0 0 0 0.6000000000000001 0 0 0.2 1 0 0 0.4 0.6000000000000001 2 0.6000000000000001 0.6000000000000001 0 0.4 0 0 0 0.8 0 0 0 0.4 0 0 0 0 0 0 0.6000000000000001 0 0 10.8 5.2 4.800000000000001 5.800000000000001 5 3.8000000000000003 0 2 0.4 5.4 0 2.2 6 3.2 1.8 2.6 0 2.6 4 3.4000000000000004 0 0 0 0 0 0 0 0 0 0 0 0 0 0 3.8000000000000003 0 0 0 0 2 0.2 0 0 0 2.8000000000000003 0 0 0 0.2 0 0 0 0 0 0 0 0 0 0 0 0 0 0 0 0 0 0 0 0 0 0 0 0 0 0 0.2 0 0 0 0 0 0 3.4000000000000004 2.8000000000000003 1.4000000000000001 2.4000000000000004 0.2 7.6000000000000005 0 0.2 0 0 0.2 0 9.4 0 4.6000000000000005 5.800000000000001 0 1.6 3 0 0 0 0 0 0 0 0 0 0 0 1.8 0.2 0 0 0 0 0 0 0.2 0 0 0 0 0 0 0 0 0 0 2.8000000000000003 0 0 0 0 0 0 0 0 0 0 0 0 0 0 0 0 0 0 0 0 0 0 0 0 0 0 0 0 0 0 2.4000000000000004 0 0 0 6.800000000000001 0.2 0 0.6000000000000001 0.2 0 0.4 2.8000000000000003 0 0 0 0 0 0 0 0 0 0 0 0 0 0 0 0 0 0 0 0 0 0 0 8.200000000000001 0 0 0 0 0 0 0 0 0 0 0 0 0 
 41.2 80.2 59 39.6 29 30.200000000000003 13.200000000000001 17.400000000000002 0 73 12.4 27.6 99.80000000000001 60.400000000000006 23 39.800000000000004 11.600000000000001 66.60000000000001 38.6 15.600000000000001 1 0.4 0.6000000000000001 0.2 0 0 14.8 0 0.2 0 0 0.4 19.8 1.2000000000000002 0.6000000000000001 0.2 0 0 15.4 17.2 0 0 0 0 0 0 0.8 0 0.6000000000000001 0 0.8 0 15 0 0 0.2 0 0.2 0.6000000000000001 1 0 0.2 0 0 0.8 13.8 8 0 0 9.200000000000001 0 0 0 0 0 0 0.6000000000000001 0 0 0 2.4000000000000004 4.6000000000000005 2.4000000000000004 5.6000000000000005 7.4 0 4.4 0 0 5.4 3.8000000000000003 2.2 2.8000000000000003 1.4000000000000001 9.200000000000001 7 0 0 0 2.4000000000000004 0 0 0 0 0.4 0 2 0.2 1.8 0 0 0 0 3.8000000000000003 0 0 0 0 5.2 4 0 0 0 0 0 0 0 0 0 0 0 0 0 0 0 0 0 0 0 0 0 0 0 1.4000000000000001 0 0 0 0 0 0 0 0 0 0 0 0 0 0 2.8000000000000003 0 6.6000000000000005 0 4 2.8000000000000003 6.800000000000001 2.6 0.2 3.2 6 3 0.2 4.4 0 2 1.8 4.4 3.2 0 0.4 0 5.4 0 0 0 0 0 5.2 0 0 0.2 0 4.2 0 0 0 0 0 0 0 0.4 0 0 0 0 0 0.4 0 0 0.4 0 0 0 0 0 0 0 0 0 0 0 0 0 0 0 0 0.2 2.8000000000000003 0 0 0 0 0 0 0 0 0 0 0.2 0 0 0 0 0 0 0 0.2 0.6000000000000001 0.2 0 18.400000000000002 0.4 0.4 0 0 0.2 0 0 0.2 0 0 0 0 0 9.4 0 0 0 0 0 0 0 0 0 0 0 2 2.2 2.6 0 0 0 0 0 0 0 0 0 0 0 0 
 8 6.6000000000000005 29.200000000000003 28.8 30.400000000000002 9.8 6 24.8 73 0 31 26.200000000000003 10 33.2 60.800000000000004 57.2 15.600000000000001 27.200000000000003 17.2 31 15.200000000000001 0.4 0 0.4 0 0 0.2 0.4 0 0 0.4 1.4000000000000001 3.4000000000000004 0.2 0 0 0 0.4 12.600000000000001 18.8 0 0 0 0 0 0 0.6000000000000001 0.4 1 0 0.6000000000000001 0 0 0 0 0 0 1 0 2 0 1.4000000000000001 0.4 0 0 0 0 0 0 0 0.6000000000000001 0 0 1 0 0 0 0 0 0.8 3 2.4000000000000004 3.4000000000000004 10.600000000000001 15.200000000000001 0.2 0 2.6 9.200000000000001 11.8 6.4 4.2 0 0 3.4000000000000004 2.6 3.4000000000000004 0.2 0 2.2 2.8000000000000003 0 0 0 0 0 0 0 0 0 0.4 0 0.2 1.8 0 0 0 0 2.6 3 0 0.2 0 0 0 0 0 0 0 0 0 0 0 0 0 0 0 0 0 0 0 0 0 0 0 0 2.4000000000000004 0 0 0 0 0 0 0 0 0 0 0 0 0 1.8 2 4.2 6.2 1.6 0.2 0 2 5.4 1.8 9.4 0.2 0 0 4.2 0 6.2 6.800000000000001 0 2.6 0 1.8 0 0 0 0 0.6000000000000001 2.6 0 0 0 0 1.8 9.200000000000001 0 0 0.4 0 4.6000000000000005 0.2 0 0 0 0 0 0 0 0 0 0 0 0 0 0 0 0 0 0 0 0 0 0 0 0 0 0 0 0 0 0 0 3 0 0 0 0 0 0 0 0 0 0 0 0 0 0 0 0 17.6 27.6 1.4000000000000001 3 0 0 0 0 0 0 0 0 0 0 1.8 0 0 0 0 0 0 0 0 0.4 0 0 0 0 0.2 0 0 0 0 0 0 0 0 0 0 0 0 0 
 5.4 66.4 12.8 59.6 38.2 52.400000000000006 3.6 7.6000000000000005 12.4 31 0 24.6 9 6.4 12.600000000000001 87 33.4 10.200000000000001 9 45.2 6.6000000000000005 0.2 0 0 0 0 5.4 4.4 12.8 0.4 0 0.4 4.4 22.200000000000003 33 0.2 1.8 0 14.8 12.600000000000001 0 0 6.6000000000000005 0 0 0 0.2 12.600000000000001 1.4000000000000001 0 0 0 0 0 0 0.8 0 0 0.6000000000000001 0.6000000000000001 0 0 0 8.4 0 1.2000000000000002 0 0.2 0 0.4 0 0 0 0.2 0 0 0.6000000000000001 0 0 6.6000000000000005 4.4 0 0 0 3.6 6.6000000000000005 4 5.4 3.4000000000000004 3 2.2 0 0 0 4 3.2 3.4000000000000004 6.6000000000000005 0 0.8 0 4.6000000000000005 0 1.8 0.4 0 4.6000000000000005 2 0 2.6 0 0 3.4000000000000004 2 3.8000000000000003 6.800000000000001 4.800000000000001 0 0.6000000000000001 4.6000000000000005 0 0 1.2000000000000002 0 0 0 0 0 0 0 0 0 0 0 0 0 0 0 0 0 0 0 0 0 0 0 0 3.2 4 0 0 0 0 0 0 0 0 0 0 0 3.6 2 0 0 3 0.2 0 6.800000000000001 0 1.8 4.2 2.8000000000000003 0 0 0 0 2.2 2.4000000000000004 2.2 0 0 0 0 0 0 0 7.2 0 0 6.4 0 0 2.2 2.4000000000000004 5.2 2 0 0 10.600000000000001 3 0 0 0 0 0 0 0 0 0 0 0 0 0 0 0 0 0 0 0 0 0 0 0 0 0 0 0 0 0 0 0 0 0 0 0 0 0 0 0 0 0 0 0 0 0 0 2.6 0 0.2 1 0.4 0.6000000000000001 3.6 0 0 0 0 0 0 0 0 0 0 0 0 0 0 0 0 0 0 0 0 0 0 0 0 0 0 0 0 0 0 0 0 0 0 0 0 0 
 26.200000000000003 21.8 40.2 45.800000000000004 16.8 57.6 11 9.8 27.6 26.200000000000003 24.6 0 51 6.4 13.8 7 79.60000000000001 36.4 28.200000000000003 5 13.8 0.6000000000000001 0.2 0.2 0.4 0 0 0.6000000000000001 0.2 0 0 0.4 15.4 0 15 0 0.4 0 29.400000000000002 18.8 0 0 3 0.4 0 0 0 13.4 0.6000000000000001 0 0 0 0 0 0 0 0 0 0.6000000000000001 1 0 2.2 0 0 0 0 0 0 0.4 0.4 0 0 0 0 0.2 0 0.4 0.2 0 0 0 0 2 7.800000000000001 3 3.8000000000000003 0 1 2 5.2 0 0 0 0 0 1.4000000000000001 0.2 8.8 0 0 0 5.800000000000001 0 0 0 0 5.4 5.4 0 0 0 0 1.8 0 4 3 3 0 9.4 8.6 0 0 0 0 0 0.4 0 0 0 0 0 0.2 0 0 0 0 0 0 0 0 0 0 0 0 0 0 0 0 0 0 0 0 0 0 0 0 0 0 1 0 0 0 0.2 0 3.2 2.4000000000000004 4.2 0 3.6 2.8000000000000003 14 0 0 0 3 2.8000000000000003 2.6 2.8000000000000003 0 0 0.4 1.4000000000000001 0.2 0 0 0 8.6 0.4 0 0 3 0 2.4000000000000004 3.4000000000000004 0.4 0 0 9.200000000000001 2.6 8.6 0 0 0 0 0 0 0 0 0 0 0 0 0 0 0 0 0 3 0 0 0 0 0 0 0 0 0 0 0 0 0 0 0 0 0 0 0 0 3.6 0 0 0 0 0 0 0.6000000000000001 1.4000000000000001 0.2 0 18.6 0 0.2 0 0 0.2 0 0 0 0 0 0 0 2.6 0 0 0 0 0 0 0 0 0 0 0 0 3.2 2 2 0 0 0 0 0 0 0 0 0 0 0 0 
 16 8 30.400000000000002 60.2 16.8 8.6 23.8 18.6 99.80000000000001 10 9 51 0 87.60000000000001 10.600000000000001 5.4 60.400000000000006 12.200000000000001 27 50.2 0 0.6000000000000001 0 0 0 0 0 0.4 0 0 0.2 0.4 0.2 0 0 0.4 0 0.6000000000000001 0.2 0.4 0 0 0 0 0 0.6000000000000001 0 0 13.200000000000001 0 0 12.600000000000001 0 0 0 0.2 0 0 0.6000000000000001 0.4 0 0 0 0 0 0 0.6000000000000001 0 0 0.4 0 0 0.6000000000000001 0 0 0 0.6000000000000001 0 0.2 0 8.4 0 0 0 0 0 2 0 5.4 1.8 0 0 5.2 0.2 0 0 3.4000000000000004 0 4.2 8.200000000000001 0 0 0 0 0 0 0 0 0 0 0 0 0 0 0 0 0 0 0 0 0 0 0 0.2 0 0 0 0 0 0 0 0 0 0 0 0 0 0 0 0 0 0 0 0 0 0 0 0 0 0 0 0 0 0 0 0 0 0 0 0 0.2 0.4 0 0 0 0 0.8 0 1.8 1.4000000000000001 0 0 2.4000000000000004 0 0.2 0 0 0 3 2.6 0 0 0 0 0 0 0 0 0 0 0 0.2 0 0 0 0 0 0 0 0 0 0 0 0.2 0 0 0 0 0 0 0 0 0 0 0 0 0 0 0 0 0 0 0 0.2 0 0 0 0 0 0 0 0 0 0 0 0 0 0 0 0 0 0 0 0 0 0.6000000000000001 0 0 0.2 0.4 0.4 3.4000000000000004 0 0 0 0 0 0 0 0 0 0 0 0 0 0 0 0 0 0 0 0 0 0 0 0 0 0 0 0 0 0 0 0 0 0 0 0 0 0 
 27.6 5.4 26.8 13.8 11.4 6.4 6.6000000000000005 40 60.400000000000006 33.2 6.4 6.4 87.60000000000001 0 26.6 5.800000000000001 21.8 10.600000000000001 38.400000000000006 35.2 0 0.6000000000000001 0 0 0.4 0.2 0 12.200000000000001 0 0 0 0.4 0 0 0 0.2 0 0 0 0.4 0 0 0 0 0.2 0 0 0 0.6000000000000001 0 0 0 0 0 0 0.4 0 0 0.6000000000000001 0.6000000000000001 0 0 0 0 0 1.2000000000000002 0 0 0 9.4 0 0 0 0 0 0 0.6000000000000001 0 0 0 4.800000000000001 2.8000000000000003 2 0 2.4000000000000004 0.2 5 0 8.200000000000001 5 0.2 0 3.2 1.4000000000000001 3.6 2.4000000000000004 0 5.2 1.4000000000000001 0 0 0 0 0 0 0 0 0 0 3.8000000000000003 0 0 0.4 0 0 0 0 0 0 0 0 0 0 0 0 0 0 0 1.8 0 0 0 0 0 0 0 0 0 0 0 1.8 0.2 0 0 0 0.4 0 0.2 0 0 0 0 0.4 0 0 0.2 0.4 0 0 0 4.6000000000000005 4.6000000000000005 6.6000000000000005 2 0 0.2 6.4 3.2 0 0 3.8000000000000003 2 0 7.2 2.6 5.6000000000000005 0 3.6 2.2 2.8000000000000003 0 0 0 0 0 0 0 0 0 0 0 0 1.8 0 0 0 0 0 3.8000000000000003 0 0 0 2.4000000000000004 0 0 0 0 0 0 0 0 0 0 0 0 0 0 0 0 0 0 0 0 0 0 0 0 0 0 0.4 0 0 0 0.2 0 0 0 0 0 0 0 0 0 0 0 0.2 0 0 2.4000000000000004 0 1.6 3.2 3.4000000000000004 0 0 0 0 0 0 0 0 0 0 0 0 0 0 0 12.600000000000001 0 0 0 0 0 0 0 0 0 0 0 0 0 0 0 0 0 0 0 0 0 
 89 18.8 25.6 60.400000000000006 86.2 8.6 25 28.6 23 60.800000000000004 12.600000000000001 13.8 10.600000000000001 26.6 0 49.2 25 26 14.200000000000001 21 0.6000000000000001 0.8 0.6000000000000001 0.8 0.2 0.4 0 0.4 0.8 0.6000000000000001 0.4 1.2000000000000002 15.4 0.2 0 0.4 0.2 0 0 0.4 0.6000000000000001 0.6000000000000001 0.6000000000000001 0 0 0.4 0 0 1 0.6000000000000001 0.6000000000000001 0.4 0 0 0 0.8 0 0.2 0.6000000000000001 2.4000000000000004 0 10.200000000000001 1 0 0 0 0 0 0 0.4 0 0 0 0.8 0 0 1.6 0 1 0 2.8000000000000003 0 4.800000000000001 6.2 10.600000000000001 0 0.2 0.4 6.4 1 2.2 9.200000000000001 2.8000000000000003 3.6 3 3 6.6000000000000005 2.6 2.8000000000000003 2 0 0.2 0 0 0 0 0 0 0 0 0.2 0 0 4 0 0 0 0 2 0.6000000000000001 0 0 0 0 0 0 0 0 0 0 0 0 0 1 0 0 0 0 0 0 0.4 0 0 0 0 0 0 0 0 0 0 0 0 0 0 0 0 0 0 0 0 1.8 3.4000000000000004 8.6 3.8000000000000003 1.8 4.6000000000000005 0 2.2 2.4000000000000004 7 8.8 0 0 10.200000000000001 2 2.2 5 0 2 5.800000000000001 2.2 0 0 0 0 0 0 0 0 0.2 0 1.4000000000000001 0 0 0 0.4 0 0.2 0.2 0 0 0 0 0 0 0 0.4 0 0 0 0.2 0 0.2 0 0 0 0 0 0 0 0 0 0 0 0 0 0 0 0 0 0 0 0 0 0 0 0.2 0 0 0 0 0 0 0 0 0 0.4 9.600000000000001 0.8 1.6 1.4000000000000001 0 0 0 0 0 0 0 0 0 0 2.6 0 0 0 0 0 0 0.2 0 0 0 0 0 2.2 3 0 0 0 0 0 0 0 0 0 0 0 0 0.4 
 55.800000000000004 10.8 44 53.400000000000006 43.2 19.8 20 18.8 39.800000000000004 57.2 87 7 5.4 5.800000000000001 49.2 0 52.2 88.80000000000001 4.2 28.200000000000003 0 0.2 0 0 0 0 0 0.2 0.2 0 0 41.800000000000004 15.8 0 0 0 3.6 0 0 15 0 0 1.4000000000000001 0 13 0 0.2 0.8 0.6000000000000001 0 0 0 0 0 0 0.4 0 0 0.6000000000000001 1 10.4 0 0 0 0 0.2 0 0 0.6000000000000001 0.4 0 0 0 0 0 0 0.6000000000000001 0 0 0 2 0 4.800000000000001 5 9.200000000000001 0 10.600000000000001 3.8000000000000003 2.6 3.6 7.800000000000001 12.4 0 5.800000000000001 9.4 1.8 3.6 3.4000000000000004 0 7.6000000000000005 3.8000000000000003 0 0 0 0 0 1.4000000000000001 2.2 1.8 0 0 0 0 2.6 0 1.8 0 0 9.600000000000001 5.6000000000000005 0 0 0 0 0 0 0 0 0 0 0 0 0 0 0 0 0 0 2.6 0 0 0 0 0 0 0 0 0 0 0 0 0 0 0 0 0 0 0 0 0 6.4 3 0 4.6000000000000005 6.6000000000000005 7.800000000000001 0 5 3 9.200000000000001 1.8 11 0 0 6.2 0 3 9.200000000000001 0 0.8 5 1.2000000000000002 0 0 0 0 2.8000000000000003 0 0 0 0 5.800000000000001 0 0 0 0 0 0 4.800000000000001 8.4 0 0 0 0 0 0 0 0 0 0 0 0 0 0 0 0 0 0 0 0 0 2 0 0 0 0 0 0 0 0 0 0 0 0 0 0 0 0 0 0 0 0 0 0 0 0.4 0.2 0 0.4 0.6000000000000001 0 1.4000000000000001 0 0 0 0 0 0 0 0 0 0 12.200000000000001 0 0 0 0 0 0 0 0 0 0 0 0 0.2 5.800000000000001 0 0 0 0 0 0 0 0 0 0 0 0 0 
 38.400000000000006 9.8 57.400000000000006 22.6 56.6 18.400000000000002 17 14.600000000000001 11.600000000000001 15.600000000000001 33.4 79.60000000000001 60.400000000000006 21.8 25 52.2 0 16.400000000000002 23.6 71 0 0.2 0 0 0.4 0 0 0.4 0 0 0 1 0 0 0.8 0.6000000000000001 0.6000000000000001 0 0.8 1.4000000000000001 0 0 0.8 0 0 0 0 1.6 0.6000000000000001 0 0 0 0 0 8.4 0.4 0.6000000000000001 19.6 1.2000000000000002 1.2000000000000002 0 0.4 0 0 0 0.4 0 0 0 0.8 0 0 0 0 0.2 0 0.6000000000000001 0.2 0 1.2000000000000002 7.800000000000001 0 3.2 6.4 3 0.2 4.2 5.800000000000001 8.6 2.2 0 0.2 3.6 2.8000000000000003 4.800000000000001 2.8000000000000003 10.4 7 6.2 4.6000000000000005 0 0 0 0 0 0 1.4000000000000001 0.2 0 0.2 0 0 0 0 3.8000000000000003 0 0 0 2.2 9.4 0 0 0 0 0 0 0 0 0.4 0 0 0 0 0 0 0.4 0 0 0 0 0 0 0 0 0 0 0 0 0 0 0 0 0 0 0 0 0 0 0 0 0.6000000000000001 2.6 0.4 0.6000000000000001 5.800000000000001 0 6.4 2.2 2.2 5.4 2 11 0 0.2 5.6000000000000005 2.6 2.4000000000000004 7.2 1.8 1.8 0 2.4000000000000004 0.4 0 0 0 3.2 0 0 0 0 0 0 0 0 0 0 0 0 2.4000000000000004 0.2 0.4 0 0 0 0 0 0 0 0 0 0 0 0 0 0 0 0 0 0 3 0 0 0 0 0 0 0 0 0 0 0 0 0 0 0 0 0 0 0 0 0.2 0.4 0 0 0.2 0 0 0.2 0.2 0.4 1.6 2.8000000000000003 0 0 0 0 0 0 0 0 0 2.2 0 0 0 0 0 0 0 0 0 0 0 0 0 2 0 0 0 0 0 0 0 0.4 0 0 0 0 0 
 40.6 38.800000000000004 11.8 31 28 17.6 24.200000000000003 31.200000000000003 66.60000000000001 27.200000000000003 10.200000000000001 36.4 12.200000000000001 10.600000000000001 26 88.80000000000001 16.400000000000002 0 5.800000000000001 7 16.6 0.6000000000000001 0 0 0.6000000000000001 0 3.8000000000000003 0 0.8 0 0 0.4 14.600000000000001 0 0 0.6000000000000001 18.6 0 27.6 13.4 0 0 0 0.6000000000000001 0 0.4 0 0.2 1 0.4 12.4 0.6000000000000001 0 0 0.4 0 0 0.6000000000000001 0.6000000000000001 0.8 0.8 1.4000000000000001 0.4 0 10.200000000000001 0 0.8 0.4 1 0.6000000000000001 0.4 0 0.4 0.6000000000000001 8.6 0.6000000000000001 0.8 0.6000000000000001 0 0.4 2.2 8.8 4.4 7 10.600000000000001 2.2 0 0 3 7 7.800000000000001 7.800000000000001 0 4.800000000000001 1.8 3.4000000000000004 0.2 0.2 2.8000000000000003 0 5.800000000000001 0 0 0 0 0 1.6 2.2 0 0.2 0 0 0 0.2 0 0 0 0 2.8000000000000003 3.4000000000000004 0 0 0 0 0 0 0 0 0.4 0 0 0 0 0 0 0.4 0 0 0 0 5.4 0 0 0.6000000000000001 0 0 0 0 0 0 0 0 0 0 0 0 0 0 1.8 0 0 11 6.2 1.8 2.6 4 0 0 3.4000000000000004 6 0 3 0 2.6 0 0.4 6.2 2.2 0 0 1.2000000000000002 0 0 0 0 0 3.8000000000000003 2 0.2 0 0 0 2 4.2 0 0 0 0 4.4 5.2 0.2 0.4 0 0 0 0 0 0 0 0 0 0 0 0 0 0 0 0 0 0 0 0 0 0 0 0 0 0 0 0 1.8 0 0 0 0 0 0 0 0 0 0 2 0 0 0 0 17 0 1.6 8.8 0 2 0 3 0 0 0 0 0 0 0 0 0 0 0 0 0.4 0 0 0 0 0 0 0 0 2.6 2.8000000000000003 0.2 0 0 0 0 0 0 0 0 0 0 0 0 
 13.200000000000001 10 52 32 15.200000000000001 11.600000000000001 26.200000000000003 31.8 38.6 17.2 9 28.200000000000003 27 38.400000000000006 14.200000000000001 4.2 23.6 5.800000000000001 0 20.200000000000003 0.4 0.4 0 0 0 16.2 0 0 0.4 0.4 0.2 0.4 0 0 0 0 0 0 5.2 0.8 0 0 0 0 0 0.2 0 0 1.2000000000000002 0 0 0 0 0 0 1 0 0 1.2000000000000002 1.2000000000000002 0 1 0 0 0.6000000000000001 0.2 0 0.4 1.2000000000000002 6.800000000000001 0 0.2 0 0 0 0.6000000000000001 1 0 0 0 0 3.4000000000000004 0 2.4000000000000004 0 2.2 1.4000000000000001 13.4 0 2 2.2 0 3.4000000000000004 0 3.8000000000000003 2.6 0 14.4 7.6000000000000005 0 0 0 0 0 0.4 0 0 0 0 0 0 0 0 0 0 0 0 0 0 0 0 0 0 7.4 0 0 0 0 1.4000000000000001 0 0 0 0 0 0 0 0 0 0 0 0 0 0 0.4 4.2 0 0 0 0 0 0 0 0 0 0 0 0 0 0 0 4.2 0 2.2 2 2.8000000000000003 0 3.4000000000000004 4 7.6000000000000005 3.8000000000000003 0 1 4.6000000000000005 0 1.8 6 2 1.4000000000000001 8.200000000000001 2.6 0 0 0 0 0.2 0 0 0 0 0.2 0 0 0 0 0 0 0 0 0 0.4 0 0 0 0 2.4000000000000004 0.4 0 0 0.4 0 0 0 0.2 0 0 0 0 0 0 0 0 0 0 0 0 0.2 0 0 0 0 0 0 0 0 0 0 0 0 0 0 0 0 0 0 0 0 0 0 0.4 0 0.4 2.2 0.2 0 0 0 0 0 0 0 0 0 0 0 0 0 0 0 0 0 0 0 0 0 0 0.2 2.8000000000000003 0 0 0 0 0 0 0 0 0.2 0 0 0 0 
 20.200000000000003 6.4 23.8 53.6 14.200000000000001 11.200000000000001 23.400000000000002 27.6 15.600000000000001 31 45.2 5 50.2 35.2 21 28.200000000000003 71 7 20.200000000000003 0 0 0.8 0 0 0.4 0 0 0 0 0 0 0.6000000000000001 0 0 0 0 0 0 0 0.4 0 0 0 0 0 0 0 0 0.6000000000000001 0 0 0 0 0 0 0 0 0 0.6000000000000001 0.4 0 0 0 0 9.200000000000001 1.4000000000000001 0 0 0.2 0.4 0 0 0 0 0 0 0.6000000000000001 0 0 9.200000000000001 19 3.8000000000000003 0 0 0.4 0.2 5.4 3.8000000000000003 4.2 0 0 0 12.4 0 2.8000000000000003 0 17 0.4 8.6 4 0 0 0 0 0 0 0 0 0 0 0 0 0.4 0 0 0 0 0 0 0 0 0 0 0 0 0 0 0 0 0 0 0 0 0 0 0 0 0 0 0 0 0.2 0 0 0 0 0 1.8 0 0 0 0 0.4 0 0 0.2 0.4 0 0 0 0.6000000000000001 3.4000000000000004 0 0 2 0 5 0 2.4000000000000004 3.6 0 4 0.6000000000000001 5.4 2.6 0 0 8.6 5.6000000000000005 2.6 0 0 0 0 0 0 0 0 0 0 0 0 0.4 0 0 0 0 0 0 0 0 0 0 0 0.4 0 0 0 0 0 0 0 0 0 0 0 0 0 0 0 0 0 0 0 0 0 0 0 0 0 0 5.6000000000000005 0.2 0 0 0.2 0 0 0 0 0 0 0 0 0 0.2 0 0 0 0 0 6 3.4000000000000004 0 0 0 0 0 0 0 0 0 0 0 0 0 0 0 0 0 0 0 0 0 0 0 0 0 0 0 0 0 0 0 0 0 0 0 0 0 
 0 0 15.200000000000001 15.200000000000001 0.2 27.200000000000003 0 0.4 1 15.200000000000001 6.6000000000000005 13.8 0 0 0.6000000000000001 0 0 16.6 0.4 0 0 27.200000000000003 19.200000000000003 22.200000000000003 22.400000000000002 49.400000000000006 49.400000000000006 45.800000000000004 7.800000000000001 5.800000000000001 60.800000000000004 61 31.8 28 25 23.8 5.2 49.800000000000004 27.6 26 0 0 1.6 0.2 0 0.4 0 1.2000000000000002 0.6000000000000001 0.6000000000000001 0.4 0 0 0 0.6000000000000001 1 0 0.6000000000000001 0 0.6000000000000001 1.4000000000000001 1.6 0 0 0.4 0.2 0 0 0 0 0.6000000000000001 0.8 0 0 0.8 0 0.4 0.6000000000000001 0 0 0 0.2 0 0.6000000000000001 0.2 0 0 0 0 4 0 0 0 0 0 0 0 0 0 0 0.8 1.6 2 0.2 0 1.6 5.6000000000000005 1.4000000000000001 3.2 3.4000000000000004 0 0 6.4 0 4.2 5.4 0 0 0 3.2 4 0 0 0 0 0 0 0 0 0 0 0.4 0.2 0 0 0 0 0 0 0 0 0 0 0 0 0.6000000000000001 0 0 0 0 0 0.6000000000000001 0 0 0 0 0.8 0 0 0 0 0 0 0 3.6 0 0 0 2.6 0.2 0 0 0 0 0 0 0.2 0 0 0 3.4000000000000004 2 1 2 13.8 5.4 6.2 7.2 0.2 4.6000000000000005 0 0 5 5.6000000000000005 5 3.2 4.2 2 4.6000000000000005 2.2 0 0 0 0 0 0 0 2.2 0 0 0 0 2.2 0 0 0 0 0 0 2.8000000000000003 0 0 0 0 0 0 0 0 0 0 0 0 0 0 0 0 0 0 0 0 0 0 0 0 0 0 6.800000000000001 0 0 14.600000000000001 0 0 0 0 1.4000000000000001 0.4 0 15.200000000000001 0 0.2 0.8 0.4 0.2 0 0 13 0 0 0 0 0 0 0 0 0 0 0 0 0 3.8000000000000003 0 0 0 0 0 0 0 0 0 0 
 0.6000000000000001 0.4 0.4 15.600000000000001 4.4 0.2 0.4 0.2 0.4 0.4 0.2 0.6000000000000001 0.6000000000000001 0.6000000000000001 0.8 0.2 0.2 0.6000000000000001 0.4 0.8 27.200000000000003 0 41 14.200000000000001 4.6000000000000005 65.8 42.6 21.6 16.2 9.4 25 21.400000000000002 23.400000000000002 49.2 9.600000000000001 66 22.8 24 21.6 8.8 0 0 0 0 1.2000000000000002 0.4 0 0 0 1.2000000000000002 0.4 0 0 0 0.4 0.6000000000000001 0 0.6000000000000001 0 0 0.4 0 0 0 0.4 0 0 0 0 0 0 0.4 0 1 0.6000000000000001 0 10 0 0 0 0 0 0 0 0 0 0 0 0 0 0 3 0 0.4 0 0 0 0 0 0 6.6000000000000005 0 2 0 2.6 4.6000000000000005 7.800000000000001 0 0 6.6000000000000005 5.2 0.8 0 10.200000000000001 7.4 2.4000000000000004 6 2 0 0 3.4000000000000004 0 0 0 0 0 0 0.4 0 0 0 0 0 0 0.2 0 0 0 1.6 0 0 0 0 1.2000000000000002 0 0.4 0 0.2 0 0 0 0 0 0.4 0 0 0 0 0 0 0 0 0 0 0 0 0.2 0 0 0.4 0 0 0 0 0.4 0 0.4 0 0 0 0 5.2 9.4 3 8.6 9.8 2.4000000000000004 5.800000000000001 0 8.8 2.8000000000000003 11.4 6.2 4.6000000000000005 3.6 11.8 5.800000000000001 2 0 0 0 0 0 0.2 2.8000000000000003 0 0 0 0 0 0 0 0 0 0 0 0 0 0 2.6 0 0.4 0 0 0 0 3.6 0 0 0 0 0 0 0 0 0 0 0 0 0 0 0 0 0 0 0 15 0 0 0 0 0 0 0 4 0 0.4 15.4 0.4 0 0.8 0 0 0 0 0 0 0 0 0 0 0 0 0 0 0 0 0 0 2.4000000000000004 0 0 0 0 0 0 0 2 0 4.800000000000001 
 0 0.2 0.2 0.2 15.200000000000001 0 0 0 0.6000000000000001 0 0 0.2 0 0 0.6000000000000001 0 0 0 0 0 19.200000000000003 41 0 106.80000000000001 30.6 13.600000000000001 10.200000000000001 36.4 69 38.2 25.6 20.6 31.6 85.60000000000001 14 28.400000000000002 35.4 121.60000000000001 19.6 5 0 12.200000000000001 0 0 0 4 0 0 0 0.2 0.4 0 0 0 0.4 0.6000000000000001 0.2 0.6000000000000001 0 0 0 0 0 0 0 0 0 0 0 0.2 5.800000000000001 0.4 0 0 0.6000000000000001 0 0 0 0 0 0 0 0 0 0 1.2000000000000002 0 0 0 0 0 0 0 0 0 0 0 0 0 0 2.4000000000000004 1.6 2 2.4000000000000004 4 1.8 2.2 0 4.4 4.800000000000001 4.800000000000001 2.8000000000000003 0.2 0.4 2 3.2 1.6 3.4000000000000004 0 0 4.2 0 0 0 0 0.2 2 3.6 0 0 0 0 3 0 3 0 0 0 0 3.2 0 0 0 0 0 0 0 0 0 0 0.2 0.2 0.2 0 0 0 0 0 0.2 0 0 0 0 1 0 0 0 0 0 0 0 0 0 0 0.8 1.8 0 0 0 0 4.4 5.2 7.2 0 0 2.2 1 1.2000000000000002 0.8 1.4000000000000001 4.800000000000001 2.2 3 0.6000000000000001 2.6 2.8000000000000003 1.6 5 2.2 4.2 2.8000000000000003 0 0 0 0 0 0 0 0 0 0 0 0 2 4.2 0 0 0 5 0 0 0 0 0 0 0 0 0 0 0 2 0 0 0 0 0 0 0 0 0 0 0 2.8000000000000003 0 0 0 0 0 0 0 0 0 0 0 1 0 0.4 17.2 0 0 3.8000000000000003 0 0 0 0 0 0 0 0 0 0 0 0 0 0 0 0 0 0 0 0 0.4 0 0 0 0 0 0 0 0 
 0 0 0.4 0.6000000000000001 0 0 0 0 0.2 0.4 0 0.2 0 0 0.8 0 0 0 0 0 22.200000000000003 14.200000000000001 106.80000000000001 0 36.4 22.8 11.8 15.600000000000001 81.60000000000001 52.6 14.200000000000001 26.6 10.8 17.2 29.400000000000002 53.800000000000004 35.6 83 11.8 24.6 0 0.2 0 0 0 0.2 17 0 0 1 0.4 0 0 0.2 0.4 0.6000000000000001 0 0.6000000000000001 0 0 0 0 0 0 0 0 0 0 0 0.2 0 0.4 0 0 0.6000000000000001 0 0 0 0 0 0 0 0 0 0 0 0 0 0.2 0 0 0 0 0 0 0 0 0 0 0 0 0 2.8000000000000003 3 6.800000000000001 7.800000000000001 2.4000000000000004 0 5.6000000000000005 6 3.2 1.8 3 1.8 0.2 6.800000000000001 8.6 4.2 0 0 12.200000000000001 3 0 0 0 0 3.8000000000000003 2.4000000000000004 4.2 0 0 0 1 0 5.4 1.8 0 0 0 0.2 0 0 0 0 0 1.2000000000000002 0 0 0 0 0 0.8 0.6000000000000001 0 0 0 1.4000000000000001 0 0 0 0 0 0 0 0 0 0 0 0.4 0 0 0 0 0 0 0 0 0 0.2 0 0 2.6 1.8 6.4 4.6000000000000005 5.6000000000000005 0 5.4 0 13.4 5.6000000000000005 12.4 0 0 0 0 0.6000000000000001 2 0 0 1.6 2 0 3.4000000000000004 0 0 0.2 0 0 0 0.4 0 5.2 3.2 2.4000000000000004 0 0.4 0 3.6 0 0.2 0 0 0 0 0 0 0 0 0 0 0 0 0 0 0 0 0 0 0 0 0 0.4 0 0 0 0 0 0 0 0 0 0 0 0.4 0 0 0.8 19 0.6000000000000001 2.8000000000000003 0 0 0 0 0 0 0 0 0 0 0 0 0 0 0 0 0 0 0 0 4.6000000000000005 0 0 0 0 0 0 0 0 
 0.6000000000000001 0 0 0 0 0 0 0 0 0 0 0.4 0 0.4 0.2 0 0.4 0.6000000000000001 0 0.4 22.400000000000002 4.6000000000000005 30.6 36.4 0 14.4 7.800000000000001 26 24.200000000000003 57.2 29.8 48.800000000000004 13 17.6 29.6 13.600000000000001 11.200000000000001 16.6 57.6 13.200000000000001 0 0.4 0 0 0.2 0.2 21 16.8 6 13.200000000000001 4.6000000000000005 0 0 5.2 27.200000000000003 14.4 0 3.8000000000000003 12.600000000000001 12.8 0 0 0 0 0.2 0 2 0 0 0.4 0 0.4 0 0 0.6000000000000001 0.2 0 0 0.2 0 0 0 0 0.4 0 0 0 0 0 2.6 0 0 0 0 0 0 0 2.2 0 0 0 8.200000000000001 2 0 0.2 1.8 0 0 0.4 3.6 1.8 0 0.2 0 0.2 4.4 0 0 0 0 6.4 3 5 0 0 1.8 5.4 0 4.2 0 2.4000000000000004 0 2 0 6 0 0 0 0.2 0 0 0 0 0 0 2 0 0 0 0 0 0 0 0 1.2000000000000002 0 0.8 0 0 0 0 0 0.8 0 0 0.8 0 0 0 0 0 0 0 0 0 0 0 0 0 0 0 0 0 0 2.8000000000000003 3 0 0 1.4000000000000001 1.8 0 2.2 0 0 0 0 3.8000000000000003 2 0 0 2 2.8000000000000003 3.2 3.4000000000000004 2 0 4.6000000000000005 1.4000000000000001 0.4 0 0.2 0 4 0 2.6 0 2.8000000000000003 0 6.6000000000000005 5.4 0.4 0 0 0 0 0 0 0 7 0 0 0 0 0 0 0 0 0 0 0 0 0 1.8 0 0 0 0.2 0 0 0 0 0 0 0 1.4000000000000001 0 0.6000000000000001 0 14.8 0 0 0 0 0 0 0 0 0 0 0 0 0 0 0 0 0 0 0 0 0 0 0 0 0 0.2 0 0 0 0 0 
 40.800000000000004 0 0 0 0 0 0 0 0 0 0 0 0 0.2 0.4 0 0 0 16.2 0 49.400000000000006 65.8 13.600000000000001 22.8 14.4 0 5 65.2 54.400000000000006 32.2 27 25.6 4 23.6 8.6 15 14.600000000000001 11 25.400000000000002 55 7.6000000000000005 12.600000000000001 0 0 0 0 4 12.600000000000001 12.4 0 0.4 0 12.4 12.4 24.400000000000002 13 1.2000000000000002 0.6000000000000001 13.600000000000001 0 0 0 0 9.4 0 0 0 0 0 0.4 0 0.4 0 0 0.6000000000000001 0 0 0 0 0 0 0 0 0 0 0 0 0 0 0 0 0 0 0 0 0 0 0 0 0 0 0 2.6 0 3.6 3.2 0 0 5 10.200000000000001 0 3.2 0 0 0 0.2 0 0 0 0 2.4000000000000004 4.4 0 2 0 0 2 4.6000000000000005 0 0 2.6 0 0 4 0 3.6 3 0 0.6000000000000001 7.6000000000000005 0 2.8000000000000003 0 0 2.4000000000000004 0 0 0 0 0 0 0 0 0 0 0 0 0 0 0 0 0 0 1.6 0 0 0 0 0 0 0 0 0 0 0.4 0.8 0 0 0 0 0 0.2 3.2 0 0 2.4000000000000004 0 0 3 4.2 0 0.2 0 0 0 0 0 1.6 0 0 6.4 0 0 0 5.6000000000000005 0 2.6 8 0 2.6 2.6 2.8000000000000003 3 0.2 3 0.2 0 0 1.8 0.4 0 0 0 0 0 0 0 0 0 0 0 0 0 0 0 0 0 0 0 0 0 0 0 0 0 0 0 0 0 0 0 0 0 0 1.4000000000000001 0 0.2 1 1.2000000000000002 0 0 0.2 0 0 0 0 0 0 0 0 0 0 0 0 0 0 0 0 0 0 0 0 2.4000000000000004 0 1.4000000000000001 0 0 0 0 0 
 0 0 0 15 16.2 14.8 0 0 14.8 0.2 5.4 0 0 0 0 0 0 3.8000000000000003 0 0 49.400000000000006 42.6 10.200000000000001 11.8 7.800000000000001 5 0 20.6 10.4 14.200000000000001 7.6000000000000005 54.6 84 42 37.800000000000004 29.200000000000003 19.6 18.2 21.400000000000002 9.4 0 0 0 0 0.8 0 0 27.200000000000003 0 0 0.4 0 0 0 2.6 0.6000000000000001 0 0.4 0 0 0 0 0 0 0.4 0.6000000000000001 0 0.4 0 0 0.6000000000000001 1 0.2 1.2000000000000002 1 0 0 0 0.6000000000000001 0 0 0 0 7.4 0 0.4 0 0 0 0.4 0 2.6 0 0 0 0 0 0 0.4 0 0.6000000000000001 3.4000000000000004 6.800000000000001 2.2 0 2 6 0.2 0.2 4.4 7.4 1.8 1.8 13.200000000000001 6 0 7.6000000000000005 3.2 0.6000000000000001 4.4 0 0 0 0 0 0 0 0 0 0 0 0 0 0 0 0 0 2.8000000000000003 1.6 0 0 0 0 0.8 0 0 0.2 0 0 0 0 0 0 0.2 0 0 0 0 0.8 0 0 0 0.2 1.6 0 0 0 0 0 3 0 0 0 0 0 0 0 0 0 0 0 3.6 10.200000000000001 1.6 7.800000000000001 6.6000000000000005 0.4 2.6 3.6 3.4000000000000004 3.4000000000000004 13.8 0 7 15.200000000000001 6.800000000000001 8 18.8 1.8 0 0 0 0 0 0 0 0 0 0 0 0 0.2 0 0 0 0 0 0 0 0 0 0 0 0 0 3.4000000000000004 0.4 0.4 0 0 0 0 0 0 0 0 0 0 0 0 0 0 0 0 0 0 16 0 0 0 0 0 0 0 4.2 0 0 0 0.8 0.2 0 0.4 0 0 0 0 0 0 0 0 0 0 0 0 0 2.6 0.4 0.2 0 0 0 0 0 0 0 0 0 0 0 0 
 40.800000000000004 0 15.4 0.4 4.2 4.6000000000000005 0 0 0 0.4 4.4 0.6000000000000001 0.4 12.200000000000001 0.4 0.2 0.4 0 0 0 45.800000000000004 21.6 36.4 15.600000000000001 26 65.2 20.6 0 37 51.800000000000004 5.6000000000000005 18 36.800000000000004 40.400000000000006 34.4 15.600000000000001 22 10 21.200000000000003 7.800000000000001 0 0 1.4000000000000001 0 0 1 0 0.8 0.6000000000000001 0 0.4 0 0 0 0.4 1 0 1 0 12.4 0 0.2 0 0 0.2 0 0 0 0.2 0 0 0.4 0 0 1 0 0 0 0 0 0 0 0.8 0 0 3.8000000000000003 0 0 0 0 0 0 0 0 0 0 0 0 0 0 2.6 1.4000000000000001 1.6 0 2.4000000000000004 3.4000000000000004 7.4 0 0 3 1.8 0 1.6 0 0 7.2 0 1.8 4.4 3.4000000000000004 0 0 0 2.2 0 2.2 0 0 0 0 0 0 0 0 0 0 0 0 0 0 1.4000000000000001 0 3 0 2.2 0.2 0 0 0 0 0 0 0 0 1 0 0 0 0 0 0 0 0 1.4000000000000001 2.6 0 0 0 0 0 0.6000000000000001 3.4000000000000004 0 0 0 0 0 0 0 0 1 5 1.4000000000000001 5 5.800000000000001 13.8 10.4 5.800000000000001 3.2 6.4 0.2 0 3.8000000000000003 2.4000000000000004 2 4.4 5.800000000000001 15.4 2.4000000000000004 0 0 0 0.2 0 0 0 0 0 0 0 0 0 2.2 0 0 0 0 0 0 0 0 0 0 0 0 0 0 0 0 0 0 0 0 0 0 0 0 0 0 0 0 0 0 0 0 0 4.2 0 0 0 0 0 0 0 1.6 0 0 0 0 0 0.4 0 0 0 0 0.2 0 0 0 0 0 0 0 0 0 0 0 0 0 0 0 0 0 0 0 0 0 0 0 0 
 0.2 0 0 0 0.2 0 0 0.4 0.2 0 12.8 0.2 0 0 0.8 0.2 0 0.8 0.4 0 7.800000000000001 16.2 69 81.60000000000001 24.200000000000003 54.400000000000006 10.4 37 0 64.4 6.800000000000001 6.800000000000001 48.800000000000004 63.2 32 11 43.400000000000006 25.200000000000003 25.6 35 0 0 0 0 0.8 12.8 12.200000000000001 0 0 0 0.6000000000000001 0 11.600000000000001 0 0.4 0.6000000000000001 0 1.6 0 0 0 0 0 0 0 0 9.600000000000001 0 0 0 0 0.4 0 0.4 1.2000000000000002 0 0 0 0 0 0 0.2 0 0 0 4.4 0 0 0 0 0 0 0 0 0 0 0 0 0 0 4.4 2 0.2 5.800000000000001 5.6000000000000005 0 3 1.8 2 1.2000000000000002 1.8 0.2 2.6 4.800000000000001 0.4 2.6 5.4 5.4 3.4000000000000004 2.8000000000000003 0 0 0 0 0 0 0 5 0 0 0 3.4000000000000004 0 0 0 0 0.4 0 0 0 0.4 0.4 0 0 0 0 0 0 0 0 0 0 0.6000000000000001 0 0 0 0 2.8000000000000003 0 0 0 0 0 1 0 0 0 0 0 0 0 0 0 0 0.8 0.8 0 0 0 0 1.4000000000000001 3.6 6 1.8 0 2 3.2 2.8000000000000003 5.4 0 2.6 5.4 1.8 2.2 1 3.8000000000000003 8.4 5.2 0.2 2.8000000000000003 0.2 2.8000000000000003 0 0 0 0 0.4 0 0 0 0 0 2.2 2.6 1.6 0 0 0 2.6 0 0 0 0 0 0 0 0.8 0 0 0 0.2 0 0 0 0 0 0 0 0 0 0 0 0 0 0 0 0 0 0 0 0 0 0 0 2 0 0 3.6 8.6 0.6000000000000001 2.8000000000000003 0 2.8000000000000003 0 0 0 0 0 0 0 0 0 0 0 0 3.6 0 0 0 0 0 2.8000000000000003 0 0 0 0 0 0 0 0 
 0 0 0.4 0.4 0 0.2 0 0 0 0 0.4 0 0 0 0.6000000000000001 0 0 0 0.4 0 5.800000000000001 9.4 38.2 52.6 57.2 32.2 14.200000000000001 51.800000000000004 64.4 0 30.200000000000003 30.8 13.200000000000001 31.400000000000002 16.2 104.60000000000001 53 58.2 5.6000000000000005 16.6 0 0.6000000000000001 0 0 0 6.4 28.200000000000003 0.4 0 1.6 0.4 0 0.6000000000000001 0.2 0.4 1.2000000000000002 0.6000000000000001 0.6000000000000001 0 0.4 0 0 0 0 0 0 0 0 0 0.4 0 0.4 0 4 0.6000000000000001 0 0 0 0.2 0 0 0 0 0 0 0.4 0 0 0 0 0.2 0 0 0 0 0 0 0 0 0 2.8000000000000003 3.8000000000000003 4.800000000000001 1.8 3 3 2 0 3.8000000000000003 2.4000000000000004 11.600000000000001 2 0 2.2 5.2 0 5.800000000000001 7.800000000000001 0 2.8000000000000003 0.8 1.4000000000000001 0.2 0 0 0 1.4000000000000001 3.6 1.6 0 0 0 2.2 0 3 0 0 0 1.4000000000000001 0.2 0 0 0 0 0 0 0 0 0 0 0 0 0 0 0 0 0 0 0 0 0 0 0 1.4000000000000001 0 0 0 0 0 0 0 0 0 0 0.4 0 0 0 0 0 0 4.4 7 2.2 1.2000000000000002 5.4 0.4 1.4000000000000001 3 2.8000000000000003 7.800000000000001 10 3.6 2.6 3.6 3.6 4.6000000000000005 6 0 3.2 1.6 4.2 0 1.6 0 0 0 0 0 0 0 0 2 0.2 2.2 0.2 0 0 18.400000000000002 0 0 0 0 0 0 0 0 0 0 0 0 0 0 0 0 0 0 0 2.4000000000000004 0 0 0 0 0 0 0 0 0 4.6000000000000005 0 0 0 0 0 0.4 0 0.2 17 0.4 0 3.2 0 0 0 0 0 0 0 0 0 0 0 0 0 0 0 0 0 0 0 0 2.2 0 0 0 0 0 0 0 0 
 0 0 0.4 0.2 0 0 0 0 0 0.4 0 0 0.2 0 0.4 0 0 0 0.2 0 60.800000000000004 25 25.6 14.200000000000001 29.8 27 7.6000000000000005 5.6000000000000005 6.800000000000001 30.200000000000003 0 9.600000000000001 7 4.6000000000000005 13.4 20.200000000000003 14.4 100.80000000000001 8.200000000000001 25.200000000000003 0 12 0 0 0 0 0 4.2 0 0 1.6 0 19.200000000000003 0 13 0.6000000000000001 0 0.6000000000000001 18.400000000000002 0.2 0 0 0 0 0 0 0 0 0 0 0 0.4 0 0 0.6000000000000001 0 0 0 0 0 0 0 0 0 0 0.2 0 0 0 0 0.4 0 0 0 0 0 0 0 0 0 0 4.4 1 15 2.6 0.2 0.2 0 4.4 2.6 0.2 9.600000000000001 0 0 0 0.6000000000000001 0 2.2 0 0 4.6000000000000005 0 2.4000000000000004 0 0 0 11 2.4000000000000004 0 1.4000000000000001 1.4000000000000001 0 1.6 0 3 0 0 0 3.6 5.4 0.2 0 0 0 0 0 0 0 0 0 0 0 0 0 0.4 0 0 0 0 0 0 0 0 1.6 0 0 0 0 0 0 0 0 0 0 0.8 2.4000000000000004 0 0 1.6 0 0 0 6 1.4000000000000001 3.8000000000000003 0.2 0 2.2 3 0.6000000000000001 4.800000000000001 5 0 0 0 0 0.4 1 0 0 7.6000000000000005 1.4000000000000001 0 0 0 0 2 2 5.4 2.6 0 0 0.4 2.4000000000000004 4.6000000000000005 3.6 0 2.2 6.4 7.4 0 0 0 0 3.6 0 0 1.8 0 0 0 0 0 0 0 0 0 0 3.8000000000000003 0 0 0 2.6 0 0 0 0 0 0 0 0 0 0 0 1.2000000000000002 0.4 0.8 4.2 0.2 0.4 0 1.8 0 0 0 0 2 0 0 0 0 0 0 0.2 0 0 0 0 0 4 0 0 0.2 0 0 2.2 2 0 0 0 
 0.4 1 0.4 0.4 0.4 0.4 0.4 0.4 0.4 1.4000000000000001 0.4 0.4 0.4 0.4 1.2000000000000002 41.800000000000004 1 0.4 0.4 0.6000000000000001 61 21.400000000000002 20.6 26.6 48.800000000000004 25.6 54.6 18 6.800000000000001 30.8 9.600000000000001 0 49.6 7.6000000000000005 19.6 8.200000000000001 28.6 28.200000000000003 1.2000000000000002 46.800000000000004 13.4 14.8 0 0 0 0.2 26.200000000000003 57.6 13 0.2 2.2 0 0.2 5 19.400000000000002 0.6000000000000001 8.200000000000001 0.6000000000000001 0.2 12.200000000000001 0 0 0 0 2.4000000000000004 0 0.2 0 0 0.4 0 0.4 0 0 0.8 0 0 0.2 0 0.4 0 0 0 0 0 0 0 0 0 0 0 0 0 0 0 0 0 0 0 0 0 0 1.8 1.2000000000000002 2 1.6 0 0 1.4000000000000001 2.6 0 2.8000000000000003 0 0 0 6.800000000000001 0 4.800000000000001 0 0 5.4 4.6000000000000005 4.4 0 0 0 5.6000000000000005 1.4000000000000001 3.6 1.4000000000000001 0 0 2.6 7.2 2.2 3.8000000000000003 0.2 0.2 2.2 2.8000000000000003 0 0 0 0.4 0 0.2 0 0.4 0 0 0 0 0 0 2.2 0 1.4000000000000001 0 0 0 0 0 0 0.6000000000000001 0.4 0 0 0 0 0 0 0 0 0 0 0 0.2 0 0 0 0 0 2.4000000000000004 0 2.6 3.4000000000000004 0 0 0 2 2.6 2.6 0 0 0 0 1.4000000000000001 1.2000000000000002 0 0 4.4 5 3 0.4 0 0 2.6 2 3.8000000000000003 0 0 0 7.2 2.2 6.800000000000001 2.2 0 0 4.800000000000001 5.800000000000001 0 0.4 0 0 0 0.2 0 0 0 3.8000000000000003 0 0 0 0 0 0 0 0 0.4 0 0 0 2.6 0 0 0 0 0 0 0 0 0 0 0 3.2 0 0.8 0 0 1 1.6 0 0 0 0 0 0 0 0 0 0 0 0 0 0 0 0 0 0 0 0 0 0.2 0 0 0 0 0.4 0 0 
