 0 56.6 33 7.6000000000000005 22.200000000000003 8.200000000000001 25.200000000000003 25.8 12 16.8 7.2 11.200000000000001 27.6 7.800000000000001 64.8 4.800000000000001 31.6 7.4 9.200000000000001 26.400000000000002 0.4 1.6 0.8 0 0.4 0.2 0.8 0.8 0 0.4 0 0 0 0.4 0 0.8 0 0.6000000000000001 0.6000000000000001 0.4 0.2 0.4 0.6000000000000001 0 0 0 0 0 0 0 0 0.6000000000000001 0.8 0.6000000000000001 0 0 0 0 0.4 0 0 0 0 0.4 0.6000000000000001 0.6000000000000001 0 0 0.8 0 1.8 1.2000000000000002 0 0 0.6000000000000001 0.2 0 0 0 0.6000000000000001 0 0.2 3.6 0 0 3 2.2 4 7 3.8000000000000003 3.4000000000000004 7.4 5.2 2.4000000000000004 3.4000000000000004 5.2 1.8 3 2.4000000000000004 5.800000000000001 0 0 0 0 0 0 0 0 0 0 0 0 0 0 0 0 0 0 0 0.2 0 0 0 0 0 0 0 0.4 0 0 0 0 0 0 0 0 0 0 0 0 0 0 0 0.4 0.2 0 0 0 0 0 0 0 0 0 0 0 0 0 0 0 7 6.2 9 0 1.4000000000000001 2 2.2 0 0 2.8000000000000003 2.8000000000000003 2 0 0 0.4 2.8000000000000003 2.6 1.4000000000000001 0 1 0 0 0 0 0 0 0.2 0 0 0 0 0 0 0 0 0.2 0 0 0 0 0 0 0 0 0 3.6 0 0 0 0 3 0 0 0 0 0 0 0 0 1.4000000000000001 0 0 0 0 0 0 0 0 0.4 0 0 0 0 0 0 0 0 0 0 0 0 0 0 0 0 0.4 0.4 0 0.2 0 0 2.2 0 0 0 0 0 0 0 0 0 0 0 7.6000000000000005 0 0 0 0 0 0 0 0 0 0 0 0 0 0 0 0 0 0 0 0 0 0 0 0 0 0 
 56.6 0 20 11.4 52.2 51.2 32.6 15.8 59.6 51 53 21.6 63.800000000000004 104 38.800000000000004 7.800000000000001 68.60000000000001 49.800000000000004 41.6 29.6 0.4 0 1.2000000000000002 1 0 0 0 0.6000000000000001 1.2000000000000002 1.2000000000000002 0 0 0 0 0.8 2.2 0 0 0.6000000000000001 0 0 0 1.2000000000000002 1.2000000000000002 1.2000000000000002 0 0 0 0 0.8 1.2000000000000002 0.6000000000000001 0 0 0 0 0.8 0.2 0.6000000000000001 1 0 0 0 0 0.6000000000000001 0 0 0 0 0 0 0.6000000000000001 0 0 0.6000000000000001 0.4 0 0 0.8 0 9.8 3.2 2.2 9 0 0 4.6000000000000005 3.6 0.4 0 3 2.4000000000000004 2 15.200000000000001 7.800000000000001 0 10.4 0.2 3.4000000000000004 6.800000000000001 0 0 0 0 0 0 0 0.4 0 0 0 0 0 0 0 0 0 0 0 0 3.2 0 0 0 0 4 0 0 0 0 1 0 0 0 0 0 0 0 0 0 0 0 0 0 0 0 0 0 0.2 0 0 0 0 0 0 0 0 0 0 0 0.4 6.800000000000001 9 0 0 0 0 2.2 1.8 3.8000000000000003 5.2 0 4.2 6.800000000000001 0 2.2 7.2 3.4000000000000004 0 0 0 0 0 0 0 0 0 0 0 0 0 0 0 0 0 0 0 0 0 2.2 0 0 0 0 0 0 0 0 0 0 0 0 0 0 0 0 0 0.4 0 0 0 0 0 0 0 0 0 0 0 0 0 0 0 0 2.8000000000000003 0 0 0 0 0 0 4.6000000000000005 0 0 0 0.4 0 0 0 0 0 1.4000000000000001 0 0 0 0 0 0.4 0 0 0 0 0 0 0 0 0 0.6000000000000001 0 0 0 0 0 0 0 4.4 2 5 0 0 0 0 0 0 0 0 0 0 0 0 
 33 20 0 44.400000000000006 40.6 23.6 22 55.6 14 32.2 9.4 6.800000000000001 10.200000000000001 9.200000000000001 15.200000000000001 35.2 5.2 9.200000000000001 6.2 11.4 19.8 0.4 0 0 0 0 15 1.2000000000000002 0.4 0 0 0 8.6 0 14.600000000000001 0.8 0 20.400000000000002 32.2 0.2 0.4 0 0.6000000000000001 0 0 0.2 0.4 0.2 0 1 0.6000000000000001 0.8 0 0 0.4 0 0 1.4000000000000001 0.6000000000000001 0.2 0.2 0 0 0 0.6000000000000001 0.2 0.2 0 0 0 0 0.6000000000000001 0 0 0.8 1.2000000000000002 1 0 0 6.800000000000001 3.8000000000000003 4.800000000000001 6.4 3.8000000000000003 11.200000000000001 9.4 0 3.8000000000000003 0 10 7 9.600000000000001 0 1.8 4.2 3.2 0 10.8 0 0.2 0 0 0 0 0 0 5 0 0 0 0 0 0 3.4000000000000004 0 0 1 0 2 0.2 0 0 0.4 0 0.4 0 0 0 0 0.2 0 0 0 0 0 0 0 0 0 0.2 0 0 0 0 0 0 0 0.2 0 0 0 0 0 0 0 0 0 0 0 0 1.2000000000000002 0 2.2 0 0 2.8000000000000003 0 3.8000000000000003 2.2 11 0 7.2 0 3.8000000000000003 0.4 2.8000000000000003 3.4000000000000004 7.4 0 0 0 0 0 0 0.4 0 0 0 0 0 0 0 5.2 1.6 3.2 0 1.8 0.4 3.2 8.4 0 0 0 0 0 0 0 0 0 0 3 0 0 0.4 0.4 0 0 0 0 0 0 0 0 0 0.4 0 0.2 0 0 0 0 0 0 0 0 0 0 0 0 0 0 0 0 0 0 0.4 0.2 0 17.8 0.2 0 3 3 0 0 0 0 0.2 0 0 4 0 3.8000000000000003 0 0 0 0 0 0 0 0 0 0 0 0 0 11.4 0 0 0 0 0 0 0 0 0 0 0 0 0 
 7.6000000000000005 11.4 44.400000000000006 0 32.800000000000004 26.400000000000002 36.2 40.800000000000004 49.2 18 75.2 53.6 52.2 38 7.2 44.400000000000006 5 7 13.4 8.200000000000001 14.600000000000001 0 0 0 0.6000000000000001 1 1.8 21.200000000000003 0 0.8 21 0 0.6000000000000001 0 0.4 0 15.600000000000001 0.6000000000000001 15.200000000000001 14.8 0 0.2 0.6000000000000001 0 0 0 0 0.6000000000000001 0 0 0 0 0.6000000000000001 0 0 0 0 0.6000000000000001 0.8 0 2.8000000000000003 0 0.2 10.200000000000001 2 0.2 4.6000000000000005 0 0.4 0 0.6000000000000001 0.4 0 5.4 0 0 1.6 1.2000000000000002 0 0.4 1.8 5.4 0 5.2 4 4 0 0 2 3 1.6 1.4000000000000001 0 2.4000000000000004 0.4 2.2 2 7.800000000000001 0 0 5.6000000000000005 2.2 0 0 0 0 0 0 0 0 0.4 0 2.4000000000000004 0 0 0.6000000000000001 0 0.2 5.2 3 0 0 0 3.2 0 0 0 0 0 0 0 0 0 0 0 0 0 0 0 0 0 0 0 0.2 0 0 0 0 0 0 0 1.8 0 0 0 0 0 0 0 0 3 1.2000000000000002 0 0 2.6 0 0 1.8 2 0.6000000000000001 3.4000000000000004 0 0 3 6 5 0 3.6 0 0 0 3.6 0 0 0 0 0 3.2 0 0 0 0 0 0 0 0.4 0 0 4 0 0 0 0 0 0 0 0 0 0 0 4 0 0.2 0 0 0 0 0 0 0 0 0 0 0 0 0 0 0 0.2 0 0 0 0 0 0 0 0 0 0 0 0 0 0 0 0 0.6000000000000001 0.4 0.2 0.2 1 0 1 0 0.2 0 0 0.2 0 0 0 0 0 1.6 0 0.2 0 0 0 0 0 0 0 0 0 0 2.2 0 0 0 0 0 0 0 0 0 0 0 0 0 0 
 22.200000000000003 52.2 40.6 32.800000000000004 0 53.2 10.4 14.4 77.2 44.800000000000004 37 16.6 15.600000000000001 14.600000000000001 16.2 51.400000000000006 30.200000000000003 41 14.4 12.8 1.4000000000000001 0.4 0.2 0 0 0.2 32.6 14 0.2 0 0 0 34.4 15.200000000000001 31.6 15.4 0 0 15.4 4.4 0 0.4 0.6000000000000001 0 0 0 0 0 0 0 0 0.6000000000000001 0 0 0 0 0 0 0.4 0 1.4000000000000001 0 0 0 0.6000000000000001 0.2 1.6 0 0 0.2 0 0.6000000000000001 0 0 0.6000000000000001 0 0.6000000000000001 0.4 0 0 0.2 2.6 2.8000000000000003 0 0.2 1.8 0 0 2.2 4.6000000000000005 0.4 3.8000000000000003 0 0 0 0 0 0.2 0 0 2.6 2.8000000000000003 0 0 0 0 3.8000000000000003 3 2 0 0 4.4 6 5.2 0 4 0 0.4 2 0 2.8000000000000003 0 0 0 0 0 0 0 0 0 0 0 0 0 0 0 0 0 0 0 0 0 0 0 0 0 0 1.4000000000000001 0 0 0 0 0 0 0 0 0 0 0 0 0 0 0 0 7.6000000000000005 2.2 0 1.6 5.2 0 0 2 0 0 0 0 0 0 0 0 0 3.2 4 0 0 0.2 0.2 1.4000000000000001 0 0 0.8 0 12 0 0 0.2 2 4.2 14.600000000000001 3.4000000000000004 2.6 0 0 0 0 0 1.2000000000000002 0 0 0 0 1.4000000000000001 0 0 0 0 0 0 0 0 0 0 0 0 0 0 0 0 0 0.2 0 0 0 0 0 0 0 0 0 0 0 0 0 0 0 0.4 1 0 0 0 0.2 1.2000000000000002 0 0 0.2 0 0 0 0 0 0 0 0.2 0 0 0 0 0 0 0 0 0 0 0 0 0 0 0 0 0 0 0 0 0 0 0 0 0 0 0 
 8.200000000000001 51.2 23.6 26.400000000000002 53.2 0 11.200000000000001 77.80000000000001 25.400000000000002 47.2 36.4 14.200000000000001 6 12 10.600000000000001 39.2 13.8 22.400000000000002 10 11.600000000000001 14.4 12 16 0 0.2 0.8 4.2 12.4 0 0.4 0 0 6.800000000000001 0.2 3.4000000000000004 0.6000000000000001 0 0 13.200000000000001 29.8 0 0 1 0 0 0 0 0 11.200000000000001 0 0 0.6000000000000001 0 0 0 0 0 0 0.6000000000000001 0 0.2 0 0 0 0.6000000000000001 0 0.2 0 0 0 0 0.6000000000000001 0 0 0.6000000000000001 0.4 0.2 0 0 0 7.6000000000000005 3.6 3.6 0 8.200000000000001 6 0 0 2.4000000000000004 3.8000000000000003 2.2 6 0 2.2 3.6 0 0 6.2 0 0 3.8000000000000003 4 0 1.2000000000000002 0 0.2 4.6000000000000005 0 0 2.8000000000000003 0 3.6 6 3 0 0.2 0.2 0 1 3 0 0 0 0 0 0 0 0 0 0 0 0 0 0 0.4 0 0 0 0 0 0 0 0 0 0 0 0 0 0 0 0 2.4000000000000004 1 0 0 0 0 0.6000000000000001 0 0 0 0 0 3.8000000000000003 0 0 0 1.4000000000000001 2.4000000000000004 0 2 4.2 0 0 0 0 0 2.8000000000000003 0 0 0.2 0 2.2 1.8 0 0 4.2 2.6 0 0.6000000000000001 0 0 3.4000000000000004 4.800000000000001 2.6 0 0 0 2.2 1.2000000000000002 0.2 0 0 0 0 0 0 0 0 0 0 0 0 0 0 0 0 0 0 0 0 0 0 0 0 0 0 0.2 0 0 0 0 3.8000000000000003 0 0 0 0 0 0 0 0 0 0 0 0 2.6 0.2 0.2 19 2.6 4.6000000000000005 0.6000000000000001 20.6 0 0 0 0 0 0 0 0 0 9.200000000000001 0 0 0 0.4 0 0 0 0 0 0 0 0 0 5 0 0 0 0 3.2 0 0 0 0 0 0 0 0 
 25.200000000000003 32.6 22 36.2 10.4 11.200000000000001 0 54 62.400000000000006 7 8 8.8 30 45.400000000000006 34.2 7.2 7.2 2.6 27.200000000000003 37.800000000000004 1 0 0 0 0.6000000000000001 0 0 0.6000000000000001 0 0 0.4 0 0 0 0 16 0 0.6000000000000001 0.6000000000000001 0 0 0 0.4 0 0.6000000000000001 0.4 0 0 0.6000000000000001 0.4 0 0.6000000000000001 0 0.6000000000000001 0 0 0.6000000000000001 1.2000000000000002 0.6000000000000001 0 0 0 0 0 1.2000000000000002 0 0 0 1 0 0 0.8 0 0 0.6000000000000001 1 0 0 0 0 3.6 2.4000000000000004 0 3.8000000000000003 1.6 5.4 2.2 11.4 0 0 2 3.8000000000000003 0 2.4000000000000004 2.4000000000000004 4.800000000000001 0 2 0 4.4 0 0 0 0 0 0 0 0 0 0 0 0 0 0 0 0 0 0 0 0 0 0 0 0 0 0 0 0 0.4 0 0.2 0 0 0 0 0 0 0 0 0 0.4 0 0 0 0 0 0 0 0 0 0 0 0 0 0 0.4 0 0 0 0 0 2 1.2000000000000002 0 0 3 0 0 0 4.6000000000000005 1.4000000000000001 4.4 2.4000000000000004 6 2.4000000000000004 1.6 0.4 6.800000000000001 1 0 0 0 7.4 0 0 0 0 0 0 0 0 0 0 0 0 0 0 0 0 0 0 0.4 0 0 0 0.4 0 0 0 0 0.8 0 0 0 0 0 0 0 0 0 0 0 0 0 0 0 0 0 0 0 0 0 0 0 0 0 0 0 0 0 0 0 0 0 0 0.4 0 0 0.2 0 0 2.8000000000000003 0 0 0 0 0 0 0 0 0 0 2.8000000000000003 0 0 0 0 0 0 0 0 0 0 0 0 0.6000000000000001 0 2.2 0 0 0 0 0 0 0 0.2 0 0 0 0 
 25.8 15.8 55.6 40.800000000000004 14.4 77.80000000000001 54 0 36.800000000000004 28.6 8.6 30.8 13.600000000000001 18.6 26 22.8 6.2 11.200000000000001 14.200000000000001 28.8 0.4 0 0 0 0 0.4 0.2 0.6000000000000001 0 0 0.4 9 0 0 0 0.6000000000000001 0 0.2 1.2000000000000002 0 0.4 0.4 1 0 0.4 0.4 0 0 0 0 0 0.6000000000000001 0 0.2 0 0 0 1 0.2 0 0 0.2 0 0 0.6000000000000001 0 0 0 0 0.6000000000000001 0 1 0 0 0.6000000000000001 0 0 0 0.6000000000000001 0 5.2 2.4000000000000004 3.6 5.800000000000001 5 3 0.4 1.8 2.4000000000000004 5 1.4000000000000001 6.4 5.2 6.800000000000001 0.2 6 2.2 5.800000000000001 0 9.600000000000001 0.2 0 0 0 0 0 3.2 0 0 0 0 0 5.4 0 0 0 0 0 0.2 4.800000000000001 0 0 0 0 0 0 0 0 0 0 0 0 0 0 0 0 0 0 0 0 0 0 0 0 0 0 0.4 0 2.6 0 0 0.2 0 0 0 0 0 0 0 0.2 5.2 3 0.2 2.2 2.6 2 0 2 3 2.2 3 7 0 4.6000000000000005 7.800000000000001 0 0 9.8 0 0 0 0.2 0 0 11.600000000000001 0 0.4 0 0 0 0 0 0 0 0 0 0 0 0 0 3.6 0 0 0 0 0 0 0 0 0 2.6 0 0 0 0 0 2.6 0 0 0 0 0 0 0 0 0 0 0 0 0 0 0 0 0 0 0 0 0 0 0 0 0 0 0 0 0 0 0.4 0.2 9.4 0.4 3.4000000000000004 3.4000000000000004 0 0 0 0 0 0 0 0 0 1.8 0 0 0 0 0 0 0 0 0 0 0 0 3.8000000000000003 3.6 0 0 0 0 0 0 0 0 0 0 0 0 0 
 12 59.6 14 49.2 77.2 25.400000000000002 62.400000000000006 36.800000000000004 0 19.400000000000002 15 2.6 25.8 68 53.6 35.2 7 38.6 29.8 30.8 0.4 0 0 0 0 0.2 0 0.8 0 0 0 0 0 0 0 0.6000000000000001 0 0.2 15.8 0 0 0.4 0.4 0 0 0 0 0 0 0 0 0.6000000000000001 0 0 0 0 0 0.6000000000000001 1 0.2 0 0 0 0 0.6000000000000001 0 0 0 0 0 0.8 0.6000000000000001 0 0 0.6000000000000001 0.4 0 0 0 0 4.2 5.6000000000000005 2.2 4.2 2.2 4.4 4.6000000000000005 0 3.8000000000000003 1 6.4 0.2 0 5 3.2 0 1.6 5.6000000000000005 0.2 3.6 0 4.6000000000000005 0 0 0 0 0 0 0 0 0 0 0 0 0 0 0 0 3 0 0 0 0 0 0 0 0 0.4 0 0 0 0 0 1.4000000000000001 0 0 0 0 0 0 0 0 0 0 0 0 0 0 0 0 0 0.8 0 4.4 0 0 0 0 0 0 2.6 13 13.4 0 0.2 1.2000000000000002 0 1 0 3 2.8000000000000003 0 0 6.800000000000001 0.2 4.6000000000000005 4.4 6.4 0 0 0 4.6000000000000005 0 0 0 0 0 1.4000000000000001 0.4 0 0 0 3.8000000000000003 0 0 0 0 0 5.2 0 0 0 0 0 0 0 0 0 0 0 0 0 0 0 0 0 0 0 0 0 0 0 0 0 0 0 0 0 0.2 0 0 0 0 2.8000000000000003 0 0 0 0 0 0 0 0 0 0 0 0 0 0 0 17.8 0 2 0 0 0 0 0 0 0 0 0 0 5.2 0 0 0 0 0 0 0 0 0 0 0 0 0 0 5.2 0 0 0 0 0 0 0 0 0 0 0 0 
 16.8 51 32.2 18 44.800000000000004 47.2 7 28.6 19.400000000000002 0 30 53 8.200000000000001 15.8 16 36.6 49.400000000000006 23 11.8 78.60000000000001 0.4 0 0 0.6000000000000001 0.6000000000000001 0 0.4 0 0.2 0.6000000000000001 0.4 0 3.4000000000000004 0.6000000000000001 15.4 0.2 0 0.6000000000000001 14.4 0 0.4 12.4 0 1 1.4000000000000001 0.8 0 0 0 0 0 0 0 0 0.6000000000000001 0 0 0 0 0 0.8 1.2000000000000002 0 0 0 0.4 0 0 0 0.4 0 0.4 1 0 0 0 0 0.4 0 0.2 0 4.6000000000000005 0 0 2.6 5.2 3.2 0 7.2 0.6000000000000001 13.600000000000001 5.800000000000001 10.200000000000001 2.6 0 0 0 0 0 2.2 0 0.2 0 0 0 0 3.2 0 0 0.4 0 0 0.2 2.2 0.4 0 2.2 0.2 1.4000000000000001 0.6000000000000001 0 0 0 0 0 0 0 0 0 0 0 0 0 0 0 0 0.2 0 0 0 0 0 0 0 0 0.2 0 0 0 0 0.2 0 0 0 0 0 0 0 0 0 0.4 4.2 7.6000000000000005 1.4000000000000001 3 0 0 1.6 1.4000000000000001 2.8000000000000003 0.2 10.4 0 0 0 0 14.8 5.800000000000001 0 0 0 0 0 0 0 0 2 0 0 0 0 0 14.8 6.6000000000000005 3.2 0 0 0 3.4000000000000004 0 2.2 0 0 0 0 0 0 0 0 0 0 0 0 0 0 0 0 0 0 0 0 0 0 0 0 0 0 0 0 0 0 0 0 0 0 0 0 0 0 0.4 0 0 0 0 0 0 0.4 0 0 18.2 0.2 1.2000000000000002 2.8000000000000003 0 0 0 0.4 0 0 0 0 0.8 0 0 0 12.200000000000001 0 0 0 0 0 0 0 0 0 0 0 0 0 0 0 0 0 0 0 0 0 0 0 0 
 7.2 53 9.4 75.2 37 36.4 8 8.6 15 30 0 47.6 49.2 6.6000000000000005 9.4 30 46.400000000000006 68.8 7.2 12.8 12.600000000000001 0 0 0 0.6000000000000001 0.2 2 0.6000000000000001 0.2 0 0 0 16 18.2 0.4 1 0 0 15.600000000000001 0.2 0 1.8 0.4 0 0 0 0 0 0 0.6000000000000001 0 0.6000000000000001 0 0 0 0 0 0 0.6000000000000001 0 0 0 0 0 0.6000000000000001 0 0 0 0 0 0 0.6000000000000001 0 0 0.6000000000000001 0.2 0 6.4 0 0 2.2 1.4000000000000001 0 2 0 3.4000000000000004 0 2.4000000000000004 5.2 12.600000000000001 2.2 0.2 1.6 2 0 0 0 6.800000000000001 0 0.4 2.6 0.2 0 0 0 0 1.8 3 2.6 0.4 0 0 4.800000000000001 0 0.4 2.2 0 0.2 6.2 0.2 0 0 0 0 0 0 0 0 0 0.4 0 0 0 0 0 0 0 0 0 0 0 0 0 0 0 0 0 0.6000000000000001 0 0 0 2 0 0 0 0 0 1.2000000000000002 0 0 0.4 3.2 0 4.6000000000000005 2 2.4000000000000004 0 0.8 2.4000000000000004 2.8000000000000003 0 2 2.4000000000000004 0 0 0 0 0 3 2.6 2.4000000000000004 5 0 0 0 0 4.6000000000000005 4.800000000000001 0 0 0 0 2.8000000000000003 0 1 0 4.4 0 5.800000000000001 0 2.8000000000000003 0 0 0 0 0 0 0 0 0 0 0 0 0 0 0 0 0 2.6 0 0 1.8 0 0.2 0 0 0 0 0 0 0 0 4 0 0 0 0 1.4000000000000001 0 0.4 0 0 0 0 0 0.4 1.6 0 0 19.200000000000003 0 2.6 0 0.4 0 0 0 0 0 0.2 0.2 0 0 0 0 0 0 0 0 0 0 0 0 0 0 0 0 0 0 0 0 0 0 0 0 0 0 0 0 0 
 11.200000000000001 21.6 6.800000000000001 53.6 16.6 14.200000000000001 8.8 30.8 2.6 53 47.6 0 9.8 54 12.600000000000001 9 61.400000000000006 31.6 10.200000000000001 49.800000000000004 15.200000000000001 0.4 0 0 0.4 0.2 15.4 0.6000000000000001 15.200000000000001 0 1 0 0 0.4 1.2000000000000002 0.6000000000000001 0 0.6000000000000001 15.200000000000001 14.600000000000001 0 1 0.6000000000000001 0 0 0 0 0 0 0 0 0.6000000000000001 0.6000000000000001 0 0.6000000000000001 0 0 0.2 0.4 0 0 0.6000000000000001 0 0 0.6000000000000001 0 0 0 0 0.2 0.2 0.6000000000000001 0 0 0.6000000000000001 0 0 0 0 0 1.8 2.8000000000000003 1 4.4 0.2 0 2.6 2.6 0 2 2.6 0.4 5 2 0 3.8000000000000003 2.2 0.6000000000000001 0 2.2 2 0 0 0 0 0 0 0.2 0 1.8 0 0 1.8 4.2 2.2 0 0 0 5.4 7.4 0 0 0 0 0 0 0 0 0 0 0 0 0 0 0 0 0 0 0 0 0 0 0 0 0 0 0 2.6 0.4 0 0 0 0 0 0 0 0 0 0 0 3.2 4.6000000000000005 0 4.6000000000000005 2 1.2000000000000002 0 1.8 2 3.6 4.800000000000001 2.6 2.6 4.6000000000000005 4.2 0 0 2.8000000000000003 0 2.2 5.6000000000000005 4 2.8000000000000003 0 0 0 4 1.8 0 0 0 0 0.4 4 2 0.6000000000000001 0 0 6.2 0 0.2 0 0 0 0 0 0 0 0 0 0 0 0 0 0 0 0 0.2 0 0 0 0 0 0 0 0 0 0 0 0.4 0 0 0 0 0 0 0 0 0 0 0 0 3.6 0 0 0.4 17.400000000000002 0.2 1.2000000000000002 20 4.4 1.8 0 0 0.2 0 0 0 0 0 0 0 0 0 0.6000000000000001 0 0.4 0 0 0 0 0 2.2 0 0 3.8000000000000003 0 0 0 0 0 0 0 0 0 0 0 0 0 0 
 27.6 63.800000000000004 10.200000000000001 52.2 15.600000000000001 6 30 13.600000000000001 25.8 8.200000000000001 49.2 9.8 0 44.2 21.8 6.6000000000000005 29.400000000000002 44.2 45 49.800000000000004 0.4 0 0 0 13 0 0 0.6000000000000001 0 0 0 0 0 0 15 0.6000000000000001 0 0.2 0.6000000000000001 0 0 0.4 0.4 0 0 0 0 0 0 0 0 0.6000000000000001 0 0 0 0 0 0.2 0.6000000000000001 0.8 0 0 0 0 0.6000000000000001 0 0 0 0 0 0 0.6000000000000001 0 0 0.4 0.4 0 0 0 0 4.2 3 0 4.2 0 0 6 6.2 13.200000000000001 0 4 0.4 0 3.4000000000000004 5 4.6000000000000005 7.2 0 4.4 2.6 0 2.8000000000000003 0 0 0 0 0 0 0 0 0 0 0 0 0 0 0 0 0 0 0 0 0 0 0 0 0 0 0 0 0 0 0.2 1.8 5.6000000000000005 0.4 0 0 0 0 0 0.4 0 0 0 0 0 0 0.4 0 0 0 0 4.2 0 0 0 1.8 0 0 0 12.200000000000001 5 0 0 0 7.6000000000000005 4.800000000000001 0.2 4 2.8000000000000003 0 5.6000000000000005 2.8000000000000003 0.4 1.4000000000000001 6.2 0 3.6 0.8 0 0 0 0 0 0 0 0 0 0 0 0 0 0 0 0 0 0 0 0 0 0 0 0 0 0 0 0 0.2 0 0 0 0 0 0 0 0 0 0 0 0 0 0 0 0 0 0 0 0 0 0 0 0 0.4 0 0 0 0 0 0 0 3.6 0 0 0 0.4 0.4 0 0.4 0 0 2 0 0 0 0 0 0 0 0 0 0 0 0 0 0 0 0 0 0 0 0 0 0 0 1.8 0 3 0 0 0 0 0 0 0 0 0 0 0 0 
 7.800000000000001 104 9.200000000000001 38 14.600000000000001 12 45.400000000000006 18.6 68 15.8 6.6000000000000005 54 44.2 0 19.6 9.200000000000001 35.2 49.800000000000004 46.6 34.800000000000004 0.4 7 2.2 4.4 0 0.8 1 1.2000000000000002 0.2 0.6000000000000001 0.8 0.2 0 6.4 3.4000000000000004 0.6000000000000001 0.4 6 1.2000000000000002 0 0.4 0.4 0.6000000000000001 0 0 0.4 0 0 0.6000000000000001 0 0 0.6000000000000001 0 0 0.6000000000000001 0 0 0.6000000000000001 0 2.2 0 0.4 0 5.800000000000001 0.6000000000000001 0 0 0.4 0 0.6000000000000001 0 0.6000000000000001 0 0 11.600000000000001 0 0 0.4 0.4 0.4 3.6 0 2 2.8000000000000003 0 0 2 7.2 2 0 3.8000000000000003 0 1.2000000000000002 8.200000000000001 3.6 13.200000000000001 8.4 0 13.600000000000001 0.8 1.8 0 0 0 0 0 0 0 0 0 0 0 0 0 0 0 0 0 0 0 0 0 0.2 3.2 0.2 0 0 0 0 0.4 0 0 0 0 0 0 0 0 0 0.4 0 0 0.4 0 0 0 0 0 0 0 0 0 0 0 0 0 0 0 0 0 4.4 6.800000000000001 7.800000000000001 0 0.2 0 0 3.2 0.2 0.2 2 1.4000000000000001 4.2 0 0 0 4.800000000000001 1.2000000000000002 0.8 0 0 0 0 0 0 0 0 0 0 0 0 0 0 0 0 0 0 0.2 0 0 0 0 0 0 0 0 0 0 0 0 0 0 0 0 0.2 0 0 0 0 0 0 1.2000000000000002 0 0 0.2 0 0.4 0 0 0 0 0 0 0 0 0 0 0 0 0 0 4.2 0 0 0 0.8 0 0.2 0.2 0.4 0 2.2 0 0 0 0 0 4.4 0 0 0 0 0 0 0 0 0 0 0 0 0 0 0 0 0 0 0 3.8000000000000003 0 0 0 0 0 0 0 0 0 0 0 0 
 64.8 38.800000000000004 15.200000000000001 7.2 16.2 10.600000000000001 34.2 26 53.6 16 9.4 12.600000000000001 21.8 19.6 0 12.600000000000001 28.200000000000003 23.200000000000003 23.6 37.6 0.4 7.2 0 0.4 0.6000000000000001 0.2 0 0.6000000000000001 0 0 0 0.6000000000000001 0 0 0 0.6000000000000001 0 0 0.6000000000000001 0 0 0 0.6000000000000001 0 0.6000000000000001 0 0 0 0.2 0 0 1.2000000000000002 0 0 0 0 0 0 0.4 0 0 0 0 0 0.6000000000000001 0 0 0 0 0.8 0.6000000000000001 0.6000000000000001 0 0 0.6000000000000001 0.2 0 0 0 0 0 0 5.800000000000001 0 0 0.2 5 7 3.6 0 4.4 3.4000000000000004 0 3 2.4000000000000004 12.200000000000001 3 2 0.4 4.2 0 0 0 0 0 0 0 0 0 0 0 0 0 0 0 0 0 0 0 0 0 0 0 0 0 0 0 0 0 0 0 0 0 0 0 0 0 1.8 0 0 0 0 0 0 0 0 0 0 0 0 0 0 0 0 0 0 0 0 0 0 5 6.800000000000001 6.6000000000000005 0 0.2 3 1.8 0 0 2.2 1.8 0.2 0.8 2.6 0 3.6 2.4000000000000004 2.8000000000000003 0.2 4.6000000000000005 0 0 2 0 0 0 0 0 0 0 0 0 0 0 0 0 0 0 0 0 0 0 0 0 0 0 0 0 0 0 0 0 0 0 0 0 0 0 0 0 0 0 0 0 0 0 0 0 0 0 0 0 0 0 1.6 0 0 0 0 0 0 0 0 0 0 0.4 0 0 0.2 0 0 1.4000000000000001 0 0 0 0 0 0 0 0 0 0 0 0 0 0 0 0 0 0 0 0 0 0 0 0 0 6 0 0 0 0 0 0 0 0 0 0 0 0 
 4.800000000000001 7.800000000000001 35.2 44.400000000000006 51.400000000000006 39.2 7.2 22.8 35.2 36.6 30 9 6.6000000000000005 9.200000000000001 12.600000000000001 0 16 27 5.4 27.6 15.4 0 0.2 0 0 0.6000000000000001 15 1.2000000000000002 0.6000000000000001 0 0 0 3.2 0 0 0.8 0 0.4 32.4 0.2 0 1.6 0.4 0 0.2 0 0 0 0 12.200000000000001 0 0.6000000000000001 0 0.2 0 0 0 0 0.6000000000000001 0 0.6000000000000001 0.4 0 0 0.6000000000000001 0 0.4 0.6000000000000001 0 0 0 0.6000000000000001 0 0.8 1.6 1 2.6 1.6 0.6000000000000001 0.8 3.6 5.2 10.8 0.2 6.2 13 0 0.4 0.8 2.4000000000000004 3.4000000000000004 8.6 0 2 0 0 0.4 8.8 0 3 0 0.6000000000000001 0 0 0 0 2 0.6000000000000001 0 0 0 0 1.6 1.8 0 0 0.4 0 11.8 0 0 0 0 0 0 0 0 0 0 0 0 0 0 0 0 0 0 0 0 0 0 0 0 0 0.2 0 0 0.2 0 0 0 1.8 0 0 0 0 0 0 0 0 0 1.6 0 0 0 0 0 0.8 4.4 0 0 3.8000000000000003 0 0 0 0 1 3.6 0 0 0.2 3 0 0.2 0 0 0.2 0 0 0.2 0 0 5 1.2000000000000002 1.2000000000000002 0 0 0 2.8000000000000003 4.4 0.4 0 0 0 0 0 0 0 0 0 0 0 0 0 0 0 0 0 0 0 0 0 0 0 0 0 0 0 0 0 0 0.4 0 0 0 0 0 0 0 0 0 0 0 0 0 0.4 0 0 0.2 19 0 1.6 2.8000000000000003 0 0 0 0 0.2 0 0 0 0 3.6 0 0 0 1.2000000000000002 0 0 0 0 0 0 0 0 0 0 0 0 0 0 0 0 0 0 0 0 0 0 0 
 31.6 68.60000000000001 5.2 5 30.200000000000003 13.8 7.2 6.2 7 49.400000000000006 46.400000000000006 61.400000000000006 29.400000000000002 35.2 28.200000000000003 16 0 11.4 10.8 5.800000000000001 0.4 0 0 0 0 0.4 15.4 0.6000000000000001 0 0 0 0 0.4 3 0.4 0.6000000000000001 0 0 0.6000000000000001 0 0 1.4000000000000001 0.6000000000000001 0 0 0 0 0 0 0 0 0.6000000000000001 0 0 12.4 0 0 0.6000000000000001 0.2 1 0 0.2 0 0 0.6000000000000001 0 0 0 0 0.6000000000000001 0 0.4 0.4 0 0.6000000000000001 0 0 0 0.6000000000000001 0 5 0 0 12.8 0 1.8 0 12.200000000000001 0.4 5.2 0 7.800000000000001 4.6000000000000005 11.8 3 0 7.4 3.2 8 4.6000000000000005 0 0 0 0 0 0 0 6 2.2 0 0 0.6000000000000001 2 1.4000000000000001 0 2.4000000000000004 0 0 0 0 0 0 0 0 1.6 0 0 0 0 1.4000000000000001 0 0 3.2 0 0 0 0 0 0 0 0 0 0 0 0 0 0 0.8 0.6000000000000001 0 0 0 0 0 0 0 0 0.6000000000000001 0 0 0 5.4 6.2 2 0 9.4 0 2.2 11.600000000000001 7.4 4.2 2.4000000000000004 12.4 2.8000000000000003 0 1.4000000000000001 5.4 0.4 0 2.8000000000000003 2 0 0 0 0 0 3 0 0 0 0 0 2.8000000000000003 2.2 1.4000000000000001 0 4.800000000000001 0 3 3 0 0 0 0 0 0 1.2000000000000002 0 0 0 0 0 0 0 0 0 0 0 0 0 0 0 0 0 0 0 0 0 0 0 0 0 0 0 0 0 0 0 0 0 0 2.6 0 0 0 0 18.8 0.2 0 0.4 0 2.6 0 0 0 0 0 0 0 0 0 0 0 0 0 0 0 0 0 0 0 0 0 0 0 0 0 0 0 0 0 0 0 0 0 0 0 0 0 0 
 7.4 49.800000000000004 9.200000000000001 7 41 22.400000000000002 2.6 11.200000000000001 38.6 23 68.8 31.6 44.2 49.800000000000004 23.200000000000003 27 11.4 0 9 9 0.4 0 0.6000000000000001 0 0 0.4 14.600000000000001 1 0 0 0 0 0.2 3.2 0 0.6000000000000001 0 0 1 15 0 0.2 0.6000000000000001 0 0 0 0 0 0 0.4 0 0.6000000000000001 0 0 0 0 0 0 0.2 0 0.6000000000000001 0 0 0 0.6000000000000001 0 0 0 0 0.4 0.2 0.6000000000000001 0 0 0.6000000000000001 9.600000000000001 0 0 0 0 0 1.4000000000000001 1.8 7.6000000000000005 1.6 9 0.4 3.6 2.8000000000000003 7.4 0.2 3 1.4000000000000001 7.2 5.4 0 0 13.4 0 1.6 0 0 0 1.8 0 0 0 2.4000000000000004 4.6000000000000005 0 0 0 0.2 1.2000000000000002 0 5.6000000000000005 0 0 4 2.2 0 0 0 0 0 0 0 0.2 0 0 0 0 0 0 0 0 0 0 0 0 0 0 0 0 0.2 0 0 1 0 0 0 2.2 0 0.2 0 0 0 0.4 0 0 3.8000000000000003 1.6 5 4.4 1.4000000000000001 2.6 0 0 3.8000000000000003 3.6 2.2 2.2 3 0 0 4.4 0 0 0 1.4000000000000001 2 3.4000000000000004 0 0 0 0 9.600000000000001 0.2 0.2 0 0 0 10.200000000000001 0 4.2 2 2.8000000000000003 0 2 8.200000000000001 0 0 0 0 0 0 0 0 0 0 0 0 0 0 0 0 0 0 0 0 0 0 0 0 0 0 0 0 0.2 0 0 0 0 0 0 0 0 0 0 0 0 0 0 0 0 0.6000000000000001 17.6 0.6000000000000001 17.400000000000002 1.2000000000000002 2.8000000000000003 2.6 0 0 0 0 0 0 0 0 0 0 0 0 0 0 0 0 0 0.4 0.4 0 0 0 0 0 8.4 0 0 0 0 0 0 0 0 0 0 0 0 0 
 9.200000000000001 41.6 6.2 13.4 14.4 10 27.200000000000003 14.200000000000001 29.8 11.8 7.2 10.200000000000001 45 46.6 23.6 5.4 10.8 9 0 60 0.4 0 0 0.4 0.4 0 0 0.6000000000000001 0 0 0 0 0 0 0 0.6000000000000001 0 0 0.6000000000000001 0 0 0.2 0.2 0 0 0 0 0 0 0 0 0.6000000000000001 0 0 0 0 0 0.2 0.6000000000000001 0.8 0 0 0 0 0.6000000000000001 0 0 0 0 1.6 0 1 0 0 0.2 0.6000000000000001 0 0 0 0 1.8 0.2 9.4 3.2 0 0 2.2 2.8000000000000003 0 0.2 3.2 2.6 3 6 7.2 2.6 4.800000000000001 0 1.8 5.4 0 0 0 0 0.4 0 0 0 0 0 0 0 0 0 0 0 0 0 0 0 0 0 0 0 0 0 0 0 0 0 0 0 0 0 3.8000000000000003 0 0 0 0 0 0 0.4 0 0 0 0 0 0 0 0 0 0 0 0 0 0 0 0 0 0 0 6.4 5.4 0 0 0 4.2 5.6000000000000005 0 3.4000000000000004 2.8000000000000003 0 3.4000000000000004 3.2 3.8000000000000003 1.4000000000000001 5.2 0 8 4.4 0.2 0 0 0 0 0 0 0 1.6 0 0 0 0 0 2.6 0 0 0 0 0 0 0 0 0.2 0 0 0 0 0 0 0 0 0 0 0 0 0 0 0 0 0 0.2 0 0 0 0 0 0 0 0 0 0 0.2 0 0 0 0 0 0 0 0 6.2 0 0 0 0 0 0.2 0.2 0 0.4 1.2000000000000002 0 0 0 0 0 0.2 0 0 3.2 0 0 0 0 0 0 0 0 0 0 0 0 0 0 0.8 1.6 3.4000000000000004 0 0 0 0 0 0 0 0 0 0 0 0 
 26.400000000000002 29.6 11.4 8.200000000000001 12.8 11.600000000000001 37.800000000000004 28.8 30.8 78.60000000000001 12.8 49.800000000000004 49.800000000000004 34.800000000000004 37.6 27.6 5.800000000000001 9 60 0 0.4 0 0 0 0.4 9.4 0 0.6000000000000001 0.4 11.8 0 0 0 0.2 0 0.6000000000000001 0 0 0.6000000000000001 0 0 0.4 0.6000000000000001 0 0 0 0 0 0 0 0 0.6000000000000001 0 0 0 0 0 0 0.4 0 0 0 0 0 0.6000000000000001 0 0 0 0 0.6000000000000001 0 0.6000000000000001 0.4 0 0.6000000000000001 0 0 0 0 0 5.800000000000001 0 1.8 0 0 0 8 0.2 12.4 0 5 0 8.8 4 6.800000000000001 2.2 7 0 2.2 2.2 0 0 0 0 0 0 1.8 0 0 0 3.2 0 0 0 0 0 0 0 0 0 0 0 0 0 0 0 0 0 0 0 0 0 0 0 0 0 0 0 0 0 0 0 0 0 0 2.8000000000000003 0 0.4 0 0 1.4000000000000001 0 0 0 0 0 0 0 0 0 0 2.8000000000000003 3.8000000000000003 1 0 0 6 2.2 0.2 3.6 0 0 0 0 3.2 0 2.4000000000000004 0 7 2.8000000000000003 0 0 0 0.4 0 0 4.2 1 0 0.4 0 0 0 0 0 0 0 0 0 0 0.2 0 0 0 0 0 0 0 0 0 0 0 0 0 0 0 0 0 0 0 0 0 0 0 0 0 0 0 0 0 0.4 0 0 0 0 0 0 0 0 0 0 0 0 0 0 0 0 0 0.2 0.2 0.2 2 0 0 0 0 0 0 0 0 0 0 0 0 0 0 0 0 0 0 0 0 0 0 0 0 2.4000000000000004 0 0 0 0 0 0 0 0 0 0 0 0 0 
 0.4 0.4 19.8 14.600000000000001 1.4000000000000001 14.4 1 0.4 0.4 0.4 12.600000000000001 15.200000000000001 0.4 0.4 0.4 15.4 0.4 0.4 0.4 0.4 0 26.6 53.800000000000004 11.200000000000001 25.200000000000003 9.4 67.4 119 6.4 9.600000000000001 7 22.6 43.2 23.8 67 68.4 29.8 11.200000000000001 72.2 63.400000000000006 0 0.4 0.6000000000000001 0 0 0.4 1.4000000000000001 0.4 0.4 0.6000000000000001 0.4 1.6 0 0 0 0 0.4 0 0.4 0.4 1.8 0.4 0.6000000000000001 0.6000000000000001 0 0.4 0.2 0 0.6000000000000001 4.4 0 0 0.8 0 0 0 1.4000000000000001 0 0 0.4 0 0 0 0 1.8 2.6 0 0 0 0 7 0 0 0 0 0 0 0 0 0 6.4 7.800000000000001 0.2 5.800000000000001 1.8 0 8 3.4000000000000004 4 2.2 8.200000000000001 4.4 0 0 0 0 2.6 4.2 2.2 0 0 0.2 0 0 0 0 0 0 0 0 0 0 0.6000000000000001 0.2 0 0 0 0 0 0 0 0 0 0 0 0 0 0.2 0 0 0 0 0.4 0 0 0 0 0 0 0 0 2.6 0.2 3.2 0.2 0.2 0 0 0 0.4 0 0.2 0 0 0 0 6.2 0 0 0 5.4 1.2000000000000002 1.6 0.2 0 0 4 7.6000000000000005 0 1.2000000000000002 0 0 0 5.800000000000001 5.4 0.4 4.800000000000001 0.2 2.6 3.8000000000000003 3 0 0 0 0 0 4.4 0 0 0 0.2 0 0 0 0 0 0 0 0 0 0 0 0 0 0 0 0 0 0 0 0 0 0 0 0 0 0 0 0 0 0 0 0 0 0 0 0 0 0 0 0 0 0 0 2 0 0 0 0 0 0.8 0 0 0 0 0 0 0 0 0 0 0 0 0 0 0 0 0 0 0 0 1.2000000000000002 0 0.4 0 0 0 0 0 0 
 1.6 0 0.4 0 0.4 12 0 0 0 0 0 0.4 0 7 7.2 0 0 0 0 0 26.6 0 50.2 46.2 38.800000000000004 7.800000000000001 60.400000000000006 58.6 39.6 15.8 68.2 21.8 13 44.800000000000004 37.2 67.60000000000001 38.6 53 9.200000000000001 41.400000000000006 0 0.6000000000000001 1.2000000000000002 0 0 0.2 0.6000000000000001 0 0.4 1.2000000000000002 0.4 0.8 0 1.2000000000000002 0 0 0.4 0 0.4 1 1 0 0.6000000000000001 0 0 0.2 0 0 0.4 0.6000000000000001 0 0 2 0 6.2 0 0.6000000000000001 0 1.4000000000000001 0 0 0 0 0 0 0 0 0.4 0 0 0 0 0 0 0 0 0 0 0.4 0 2.8000000000000003 8.8 8.4 10.4 5.2 4.2 1.4000000000000001 1 0 5.2 2.8000000000000003 2.2 0.2 0.4 1.6 0.2 6.800000000000001 3.2 2 0.4 0 0.2 0 0 0 0 0 0 0 0.2 0 0.4 0 2 0 0 0 0 2.2 0 0 0 0.2 0 0 0 0 0 0 0 0 0 1.2000000000000002 0 0 0 0 0 3 0 0 0 0 0 0 0 0 0 0 0 0 0 0 0 0 0 0 0 0 0 0.2 2.6 4 7.6000000000000005 2.4000000000000004 0.6000000000000001 0 2.6 6.800000000000001 10.4 0.2 9 0 4 0 5.4 8.200000000000001 1.8 0 0 0 0 0 0 0 0 0.2 0 0 0 0 0 2.6 0 2.8000000000000003 0 0 0 0 2.2 0 0 0 0 0 0.2 0.2 0 0 0 0 0 0 0 0 0 0 0 3.6 0 0 0 0 0 0 0 0 0 0 0 0 0 0 0 6.2 0 0 16.6 9 0.4 2.4000000000000004 0 0 0 0 0 0 0 0 0 0 0 0 0 0 0 0 0 0 1.6 0 4.4 0 0 0 1.6 0 0 0 0 
 0.8 1.2000000000000002 0 0 0.2 16 0 0 0 0 0 0 0 2.2 0 0.2 0 0.6000000000000001 0 0 53.800000000000004 50.2 0 17.400000000000002 12.4 26.400000000000002 58.400000000000006 89.80000000000001 48.400000000000006 23 41.400000000000006 6.6000000000000005 28.200000000000003 10.4 42.400000000000006 18.6 39.6 23.6 49.400000000000006 9.8 0 0.2 1 0.8 0 0 1.2000000000000002 0 0.4 1.6 0.4 0.4 41.2 0 0 0 0.4 0 0.6000000000000001 0.4 0.6000000000000001 0 0.6000000000000001 0 0.2 0.2 0 0 0 0.6000000000000001 0 0 0.6000000000000001 0 0 0 0 0 0 0 0 0 0 0 0.4 0 0 0 0 0 0.4 0 0 0 0 0 0 5.4 0 0 6 2.6 7.6000000000000005 6.4 1.6 2 2.2 15.4 7.800000000000001 8.4 4.4 5.2 0 2.6 2.8000000000000003 2.6 7.4 8.8 2.6 1.6 0 0 0 0.4 0 0 0 0.2 0 0 0 0 8.200000000000001 0 0 0 0 0 0.4 0.2 0 0 0.6000000000000001 0 0 0.2 0 0 0 0 0.2 0 0.8 0 0 0 0.2 0 0 0 0 0 0 0 2.2 2.2 0 0 0.2 0.2 0 0 0 0 0.2 0.4 0 0 0 0 0.2 1.6 10.8 1.8 2.6 1.6 3.2 4.6000000000000005 0 14 0 5.800000000000001 2.8000000000000003 11 2.8000000000000003 2 6 0 0 4 0 1.8 0 0 0 0.4 4 0 0 0 0 0 0 0 0 0 3.8000000000000003 0 0 0 2 0 0.2 0 0 0 0 0 0 0 0 0 0 0 0 0 0 0 0 0.4 0 0 0.2 0 0 0 0 0 0 0 0 0 0 0 1 0 0.2 14.8 16 0.6000000000000001 2.8000000000000003 0 0 0 0 0 0 0 0 0 0 0 0 0 0 0 0 0 0 0 0 2.6 0 0 0 0 0 0 0 0 
 0 1 0 0 0 0 0 0 0 0.6000000000000001 0 0 0 4.4 0.4 0 0 0 0.4 0 11.200000000000001 46.2 17.400000000000002 0 17.400000000000002 20.8 63.800000000000004 21.8 67 30 37 11.4 18 48 16.8 12.200000000000001 23.6 58.400000000000006 15 14.8 0 0.4 0.6000000000000001 0 0 0 0 0 0.4 0.6000000000000001 0.4 11.4 12.600000000000001 0 0.4 0 0.4 0 13.200000000000001 0.4 0.6000000000000001 0 0.6000000000000001 0 0 0.2 0 0 0 0.6000000000000001 0 0 1.4000000000000001 0 0.2 0 0 0 0 0 0 0 0 0 0 0 0 0 0 0 2.6 0 0 0 0 0 0 0 0 0 0 2.4000000000000004 6.6000000000000005 2.2 4.6000000000000005 4 0 0 0 2.4000000000000004 5 2.2 0 2.4000000000000004 1.8 0 0.2 2.6 0 0 2 3.8000000000000003 0 0 0 0 0.4 0 0.2 0 0 0 4.4 0 5.800000000000001 0 0 0 4.4 6.800000000000001 0 0 0 0 0 0 0 0 0.2 0 0 0 0 0 0 0 0 0 0 0 0 0 0 0 0.2 0 0 0 0 0 0 0 0 0 0 0 0 0 0 0 2.4000000000000004 0 0 2.4000000000000004 2.2 1.8 0 0 10 2.2 7 0 0 0 0 4.2 2.2 0 0 0 4 0 0 0 0 0 0 0.4 0.2 0 0 0 4.4 0 0.2 0 0 0 1.2000000000000002 5.4 0 0 0 0 0 0 0 0 0 0 0 0 0 0 0 0 0 0 0 0 0 0 0 0 0 0 0 0 0 0 0 0 0 0 1 0 0 0.6000000000000001 1.8 0.4 0.4 2 0 0 0 0 0 0 0 0 0 0 0 0 0 0 0 0 0 2 0 0 0 0 0 1.6 0 1.4000000000000001 0 0 
 0.4 0 0 0.6000000000000001 0 0.2 0.6000000000000001 0 0 0.6000000000000001 0.6000000000000001 0.4 13 0 0.6000000000000001 0 0 0 0.4 0.4 25.200000000000003 38.800000000000004 12.4 17.400000000000002 0 46.2 13.600000000000001 12 17.6 32.800000000000004 112 26.200000000000003 15.600000000000001 37.800000000000004 44.800000000000004 62.6 26.8 9.200000000000001 12.8 61.2 6.2 0.2 13.200000000000001 0 0 1.2000000000000002 12.8 12.600000000000001 0.4 0.6000000000000001 0.8 1.8 17.6 24.400000000000002 13.200000000000001 12.600000000000001 0.4 0 14 0.4 0.6000000000000001 0 0.6000000000000001 0 0 0.2 0 0 0 0.6000000000000001 0 0 0.8 0.2 0 0 0 0 0 0 0 0 0 0 0 0 0 0 0 0 0 0 0 0 0 0 0.4 0 0 0 2.2 6 2.4000000000000004 2.6 3 5.4 0 4.2 0 0 2.8000000000000003 1.6 0 0 0 0 1.6 2.2 0 0 2.4000000000000004 0 2.6 0 0 0 2.4000000000000004 0 2.8000000000000003 0 11.600000000000001 0.6000000000000001 10.8 0 4.2 0.4 0 0 2 6.2 0 0 0.2 0 0 0 0 0 0 0 0 0 0 0.2 0 0 0 0 0 0 0 0 0 0 0 0 0 0 0.8 0 0 0 0 1.8 0 0 0 0 0 0 0 3.2 0 3.6 4.800000000000001 2.4000000000000004 0 0 0.6000000000000001 4.2 2 3 0 0 0 2.4000000000000004 2.8000000000000003 2.6 0 0.2 10 0 0 0 0 0 5.2 0.2 1 8.6 0 0.2 2.2 0 0 4.2 3.4000000000000004 2 9 0 0 0 0 0 0 0 0 0 7.6000000000000005 0 0.2 0 0 0 0 0 0 0 0 0 0 1.4000000000000001 0 0 0 0 0 0 0 0 0 0 0 0 1 0 0 15.200000000000001 0.4 0 0.8 0.4 0 0.2 0.2 0 0 0 0 0 0 0 0 0 0 0 0 0 0 0 0 0 0 0 0 0 0 0 0 0 
 0.2 0 0 1 0.2 0.8 0 0.4 0.2 0 0.2 0.2 0 0.8 0.2 0.6000000000000001 0.4 0.4 0 9.4 9.4 7.800000000000001 26.400000000000002 20.8 46.2 0 49.6 12 54.6 57 34 36.2 10.200000000000001 6.800000000000001 14.200000000000001 18.400000000000002 18.6 14.600000000000001 8 26.6 25.8 0 0.6000000000000001 0 0 0 37 0.6000000000000001 0.4 0.6000000000000001 0.4 0.8 30 20 0 13.200000000000001 0.4 4.2 25.400000000000002 30.6 0.6000000000000001 0 0.6000000000000001 0 0 0.4 0 0 0 0.6000000000000001 0 0 0.6000000000000001 0.4 0 0 0 0.4 0 0 0 0 0 0 0 0 0 0 0 0 0 0 0 0 0 0 0 0 0 0 0 0 0 0 3.8000000000000003 4.4 1 0 0 0 0 0 0 0 1 0 0 0 0 0 5.2 2.8000000000000003 1.2000000000000002 2.2 0.2 0 6 8 6.800000000000001 3.6 4.800000000000001 6.4 2.2 7.800000000000001 3.4000000000000004 0 0 0 0 8.200000000000001 0 0 0 0 0 3.8000000000000003 0.2 0 0.6000000000000001 0 1.8 0 0 0 0 0 0 0 0 0 0 0.4 0 5 0 0 0 0 3.8000000000000003 0.4 0 0 0 1.4000000000000001 0 0 0 0 0 0 0 0 0 2.8000000000000003 2.6 0.6000000000000001 0 0 0 0 2.8000000000000003 0 0 0 0 0 0 3.2 0 0 5.800000000000001 0 7.6000000000000005 0 0 0 2.4000000000000004 5.800000000000001 3.8000000000000003 4 0.4 4 5.2 8 2 1 3.2 0.2 12.4 0.2 0 0 0 0 0 0 0 0 0 0 0 0 0 0 0 0 0 0 0 0 0 0 0 0 0 0 0 0 0 0 0 0 0 0 1.8 0 0 0.4 15.4 0 1.6 0.2 0 12.8 0 1 0 0 0 0 0 0 0 0 0 0 0 0 0 0 0 0 0 0 0 2.6 0 0 0 0 
 0.8 0 15 1.8 32.6 4.2 0 0.2 0 0.4 2 15.4 0 1 0 15 15.4 14.600000000000001 0 0 67.4 60.400000000000006 58.400000000000006 63.800000000000004 13.600000000000001 49.6 0 33.800000000000004 28.6 12 8.200000000000001 5.2 51.400000000000006 35.6 20 40.800000000000004 62.6 12 114.80000000000001 22.6 0 1.4000000000000001 1.2000000000000002 0 0 0 0 0 0.8 1.2000000000000002 0.6000000000000001 0.6000000000000001 0 0.4 0.6000000000000001 0.6000000000000001 0.4 0 12 0.4 1.8 0 0.6000000000000001 0.2 0 9.200000000000001 2 0 0 0.6000000000000001 0.6000000000000001 0 0.6000000000000001 0 0.4 0 0.6000000000000001 0.8 0 0 0 0.4 2.6 0 1.8 1.8 0 0 0 2.4000000000000004 0.2 2.2 0 0 0 0 0 2.4000000000000004 0 0 5.800000000000001 0 0 0 4.2 0.2 0.2 4.2 6.2 2.6 4.800000000000001 2.2 4 4.4 6.800000000000001 3.4000000000000004 2.6 6.2 2 0.4 0 0 0 0.2 0 0 0 0.4 0 0 0 0 0 0 0 0 0 0 0 0 0 0 0 0.2 0.4 0.4 0 0.4 0 0 0.4 0 0 0 0.4 0 0 0 0 0 0 0 0 2 4.6000000000000005 5.6000000000000005 0 0 2.6 0 0 4.2 0 0 0.2 0 0 0 0 0 5.6000000000000005 2.6 2.8000000000000003 1.4000000000000001 0 0 5.2 8.6 0 0.2 2 0.2 3.6 5 1.6 2 0.8 3.4000000000000004 5.2 5.2 0 0 0 0 0 0 0 0 0 0 0 0 0 0 0 0 1.6 0 0 0 0 0 1.4000000000000001 0 0 0 0 0 0 0 0 0 0 0 0 0 0 0 0 0 0 0 0 0 0 0.2 6 0 0 0 0 0 15 0 2.6 0.4 0 16.400000000000002 0 0 0.4 0 0 0.2 0.4 0 0 0 0 0 0 0.2 0 2.6 0 0 0 0 0 0 0 0 0 0 0 0 0 0 0 0 
 0.8 0.6000000000000001 1.2000000000000002 21.200000000000003 14 12.4 0.6000000000000001 0.6000000000000001 0.8 0 0.6000000000000001 0.6000000000000001 0.6000000000000001 1.2000000000000002 0.6000000000000001 1.2000000000000002 0.6000000000000001 1 0.6000000000000001 0.6000000000000001 119 58.6 89.80000000000001 21.8 12 12 33.800000000000004 0 19.400000000000002 43.2 7 23.200000000000003 24.6 30 36.6 53.6 29.200000000000003 38.400000000000006 55.2 43.800000000000004 0 0.4 0.6000000000000001 0 0 0 1 0 0.4 0.6000000000000001 0.6000000000000001 0.4 0 0.2 0 0 0.4 0 0.4 0.4 1.8 0 0.6000000000000001 0 0 0.2 6 0 0 0.6000000000000001 0 0 0.6000000000000001 0 0.2 0 0.2 10 0 0 0 0 0 0 0 0 0 0 0 0 0 0.4 0 0 0 0 0 0 0 0 8.6 9 10 5.4 6.2 2.8000000000000003 3.6 5.2 1.6 6.6000000000000005 0.8 3.4000000000000004 0 0 4.6000000000000005 6.800000000000001 3.8000000000000003 6.2 1.8 0 0 0 0.4 3 0 0 0 0 0 0 0 0 1.4000000000000001 0 0 0 0.2 0 5.2 0 0 0 0 0 3.2 0 0 0 0 0 0 0 0.4 0 0 0 0 0 0 0 0 0 0 0 2 0 0.4 0 0 0 0 0 0 0 0 0 0 0.4 0 0 0 1.8 4.2 0.2 0 0 1.6 11 2.6 7.2 0 5.2 3.4000000000000004 2 7.2 0 1.8 0 1.6 2 0 0 0 0 0 0 3.8000000000000003 0 0 0 0 0 0 0 0.6000000000000001 0 0 0.4 0 2.2 0 0.4 0 0 0 0 0 0 0 0 0 0 0 0 0 0.4 0.2 0 0 0 0 0 0 0 0 0 0 0 0 0 0 0 0 0 2.2 0.6000000000000001 0.6000000000000001 0 28 0.8 0 0 0 0 0 0 0 0 0 0 0 0.4 0 0 0 0 0.4 0 0 2 0 1.2000000000000002 0 0 0 1.6 0 0 0 0 
 0 1.2000000000000002 0.4 0 0.2 0 0 0 0 0.2 0.2 15.200000000000001 0 0.2 0 0.6000000000000001 0 0 0 0.4 6.4 39.6 48.400000000000006 67 17.6 54.6 28.6 19.400000000000002 0 30 78.60000000000001 5.6000000000000005 66.2 10.600000000000001 22.6 43.6 30.400000000000002 69.2 32 28.400000000000002 1 0.4 1.2000000000000002 1 0.2 0.4 12.200000000000001 0 0.4 1 1 0.4 10.4 0 1.8 0.8 1 0 13 0.4 1 0.4 0.6000000000000001 0 11.4 7 0.4 0 6 0.6000000000000001 0.6000000000000001 1 0.6000000000000001 0 0.8 0.6000000000000001 0.2 0.4 0 0 0 0 0 0 0 0 0 0 0 0 0 0 0 0 0 0 0 0 0 0 0.2 0 0.2 0.2 0 0 0 9 6.2 2.6 2.8000000000000003 5 3.6 9.600000000000001 2.4000000000000004 0 0.2 4.800000000000001 1.8 5.4 1.4000000000000001 1.6 0 0 0 0 0 0 0.4 0 0 0 3 0 2 0 0 0 0 2.6 0 0 0 0 0 0 0 1.8 0 0 0 0 0 0 0 0 0 0 0 0 0 0 0 0 3.6 4.2 0 0 0 0 0 0 0 0 0 0 0 0 0 0.2 6.6000000000000005 6.2 2.6 0 0 3.4000000000000004 1.4000000000000001 0.2 4.4 0 2.8000000000000003 0 0 5.800000000000001 0 0.4 0 6.4 4 2.6 3 0 0 0 0 0 1.4000000000000001 2.4000000000000004 0.4 0 0 0 0 0 1.4000000000000001 0 0 0 3.6 3.8000000000000003 0 0 0 0 0 0 0 0 0 0 0 0 0.4 0 0 0 0 0 0 0 0 0 1.4000000000000001 0 0 0 0 0 0.2 0 0 0 4 0 0.8 0 0.4 3.6 0.4 0.4 0 0 0 0 0 5.800000000000001 0 0 0 0 0 0 0 0 0 0 0 0 0 0 0 0 0 0 0 0 0 0 0 0 
 0.4 1.2000000000000002 0 0.8 0 0.4 0 0 0 0.6000000000000001 0 0 0 0.6000000000000001 0 0 0 0 0 11.8 9.600000000000001 15.8 23 30 32.800000000000004 57 12 43.2 30 0 32.6 29.6 45.800000000000004 32.800000000000004 38 24.400000000000002 56.2 16.6 14.8 20 0 0.8 0.6000000000000001 0 0.6000000000000001 0 7 1.4000000000000001 0.4 0.8 0.4 0.4 19.6 17 1 0.6000000000000001 0.4 0 0.8 1 1.6 0.4 0.6000000000000001 0.2 9.4 9.8 0 0 0.4 1 0.4 0 1.8 0 0.2 0 0.6000000000000001 0 0 0 0 0 0 0 2 0 0 0 0 0 0.2 0 0 0 1.6 0 0 0 0 0.2 0 3.4000000000000004 7.4 7.800000000000001 7.800000000000001 0.2 3.4000000000000004 2.8000000000000003 6.2 1.8 6.4 5.6000000000000005 0 0 4 2 5.6000000000000005 2.4000000000000004 0.2 0.4 2 3.6 1.4000000000000001 0 0 0 0 0 0 2 0 0 2.4000000000000004 1.4000000000000001 7 0 0 0 4.2 0 0 0 0 0 0 0 0 0 0 0 0 0 0 0 0 0 0 0 0 0 0 0 0 0 0.4 0 0 0 0 0 0 0 0 0 0 0 0 0 0 0 3.4000000000000004 1.8 1.4000000000000001 0.2 2.2 0 5.4 5.2 4 0.4 0.8 6 0 0 6 7.2 0.2 3.4000000000000004 0 1 1.8 0 0 0 0 0 2 2 0 0 0 0 2.2 0 3.4000000000000004 0 0 0 2.2 1 0 0 0 0 0.4 0 0 0 0 0 0 0 0 0 0 0 0 0 0 0 0 0 0 0 0 0 0 0 0 0 0 0 0 0 1.6 0 0 0 0.2 0.2 2.8000000000000003 0 0 0 0 0 0 0 0 0.2 0 0 0 0 0 0 0 0 0 1 0 0 0 0 0 2 0 0 0 0 
 0 0 0 21 0 0 0.4 0.4 0 0.4 0 1 0 0.8 0 0 0 0 0 0 7 68.2 41.400000000000006 37 112 34 8.200000000000001 7 78.60000000000001 32.6 0 34 24 24.200000000000003 46.6 79.4 37.2 118.4 30.200000000000003 19.6 0 0.4 1.8 0 0.4 0.2 0.6000000000000001 6.4 0.4 0.6000000000000001 1 0.6000000000000001 0 0.2 0.2 0.4 0.8 0.2 13 0.4 0.6000000000000001 0 0.6000000000000001 0 0 0.2 0 0.6000000000000001 10.200000000000001 0.6000000000000001 0.6000000000000001 0.4 0.6000000000000001 0 0.2 0 0 0 0.4 0 0 0 0 0 0 0 0 0 0 0 0 0 0 0.4 0 0 0 0 0 0 1 5.6000000000000005 0 0 0.2 2.2 0 4.6000000000000005 2.8000000000000003 1.4000000000000001 15 2 0 7.6000000000000005 10.8 0.4 3 3.8000000000000003 0 1 2.8000000000000003 0 0 0 0 0 2 0 0 0 0 0 3 0 0 0.2 0 0 4.6000000000000005 6.2 0 0 0.2 0 0 0 0 0 0 0 0 0 0 0 11.600000000000001 0 0 0 0 0 0 0 0 0 0.6000000000000001 1.8 0 2.4000000000000004 0 0 0 0 0 0 0 0 0 0 0.4 0 15.600000000000001 0 3.4000000000000004 7.2 4.800000000000001 4 4.4 0 4.2 5.2 2.4000000000000004 1.6 0 0 0 0.2 0 0 0 4 2 0 0 0 0 0 0 0 0 4.2 0 0 3.8000000000000003 0 0 0 0 0 3.6 5.800000000000001 0 0 0 0 0 0 0 0 0 0 0 0 0 0 0.4 0 0 0 0 0 0 0 0 0 0 0 0 0 0 0 0 0 0 0 3.6 0.4 0.2 15.200000000000001 8 0.8 0.4 0.2 0 0 0 0 0 0 0 0 0 0 0 0 0 0 0 0 0 1.8 0 0 0 0 0 1.6 0 0 0 0 
