 0 15.200000000000001 49 56.2 25.8 23.400000000000002 26.8 57.2 10.4 70 21.200000000000003 25.8 28.8 34.6 19.200000000000003 38.400000000000006 26.6 6.2 9.8 7.2 0 0 0 0.4 0.6000000000000001 0 0 0.4 0.6000000000000001 0 0 0.2 0.4 0.6000000000000001 0 0 0 0.6000000000000001 0 0 0.4 0 0 0 0 0 1 0.6000000000000001 0 0 2 0.6000000000000001 0 0 0 0 0 0 0 0 1.6 0 0 9.200000000000001 10.600000000000001 0 0.6000000000000001 0 0 0 0.4 0.2 0 0.6000000000000001 0 0 8.200000000000001 0 0 0 3 0 3.2 0.2 4.2 5.800000000000001 0 1.4000000000000001 0 5 0 11 1.6 0 0.8 6.4 2.2 13.600000000000001 0 2.4000000000000004 0 0 0 1 0 0 16.8 0 0 0 0 0 3 0 0 0 0 0 5.6000000000000005 0 0 0 0 0 0 0.2 0 0 0 0 0 0 0 0 1.2000000000000002 0 0.2 0 0 0 0 0 2.8000000000000003 0 0 0 0 0 0.2 0 0.4 0.4 0.4 0 0 0 0 0.4 0.4 0 2.6 2.4000000000000004 4.2 0.2 2.6 0.2 0 0 0 3.4000000000000004 7.2 7.6000000000000005 0 8.6 0 0 0.2 2 0 5 0.2 0 0 0 0 0 2 0.2 0 0 0 0 0 0 0 0 0 0 0.4 2.4000000000000004 4.2 0 0 0 0.2 0 0 0 0 0 0 0 0 0.2 0 0 2.4000000000000004 0 0.4 0 0 0 0 0 0 0 0 0 0 0 0 0 0 0 0 0 0 0 0 0 0 5.2 0 0 0.4 0 0 0.4 0 0.4 0.4 1.2000000000000002 0 0 0 0 0 0 15 0 0 0 5.4 0 0 0 0 0 0 0 0 0 0 0 0 0 0 0 0 0 0 0 0 0 0 0 0 0 0 0 
 15.200000000000001 0 27.6 31.400000000000002 51.2 25.6 35.6 40.6 28.6 9.600000000000001 48 5.6000000000000005 31.8 51.2 55.6 9.8 7.4 26.400000000000002 29.8 37.2 0 0 0 0 0.8 5.4 0 1 0.6000000000000001 0 0 0.4 0.4 1.4000000000000001 0 0 0 1 0 0 0.4 0 0 0 0.4 0 0.6000000000000001 0.6000000000000001 0.2 0 0 0.4 0 0 0 0 0 0 0.2 0 0 0 1 0.4 0 0 0 0 0 0 0.2 0 0 0.8 0 0 11.200000000000001 0 0 0 0 0 1.8 0 1.8 0 3.8000000000000003 0 0 2.4000000000000004 3 4.6000000000000005 5.4 0.2 9.8 2.8000000000000003 0 6.6000000000000005 6.6000000000000005 5.6000000000000005 0 0 0 0 0 0 2.2 0 0 0 0 0 0 0.2 0 0 0.2 0 0 0 0 0 0 0 0 0 0 0 0 0 0 0 0 0 0 0 0 0 0 0 0 0 0.6000000000000001 0 0 0.2 0 0 1 0 0 0 0 0 0 0 0 0 0 0 1.4000000000000001 1.8 0.2 0 1.8 0 4.2 5.4 0 0 0 0.8 0 0 0 3.4000000000000004 0 5.2 0 0 3.6 0 0 0.2 0 0.2 0 0 0 0 0 0 0 0 0 0 0 0 0 0 0 0 0 0 0 0.4 0 0 0 0 0 0 0 0 0 0 0 0 0 0 0 0 0 0 0 0 0 0 0 0 0 0 0 0 0 0 0 0 0 0 0 0 0 0 0 0 0 0 0.2 18.2 0 1 0 0 0 0 0 0 0 0 0 0 0 0 0 0 0 0 0 0 0 0 0 0 0 0 5.2 3.4000000000000004 0 0 0 0 0 0 0 0 0 0 0 0 
 49 27.6 0 55.2 27.400000000000002 8 49 44.2 31.400000000000002 15.200000000000001 29.400000000000002 62.2 98.60000000000001 25.200000000000003 13.600000000000001 17.6 13.200000000000001 46.2 9 8.6 0 0 0 0 15.4 0 0 0.6000000000000001 0.6000000000000001 0 0.2 0.4 0.8 0.6000000000000001 0 0 0 0.6000000000000001 0.2 15 0.4 0 0 0 0 1.4000000000000001 0.6000000000000001 0.6000000000000001 0.2 0 0.2 0.6000000000000001 0 0 0 0 0 0 24.400000000000002 0 0 0 0.8 0.4 0 1.2000000000000002 0 0 0 0 0.2 0 0 0.8 0 0 9 0 0 0 3.6 3.8000000000000003 0 9 6 2.2 0.2 1.8 0 7.4 3.8000000000000003 3.8000000000000003 0.2 6.4 5 3.6 4.4 6.4 0 0 0 0 0.4 0 0 0 2.8000000000000003 0 0 0 0 0 2.6 0.4 0 0 0 0 2.2 1 0 0 0 0 0 0 0 0 0 0.4 0.4 0 0 0 0 0 0 0 0 0 0 0.2 0 0 1.8 0 0 0 0 0 0 0 0 0 0 0 0 0 0 0.4 5.4 4 0 3 2.6 2.6 0.2 0 1.2000000000000002 5.6000000000000005 1.4000000000000001 4.6000000000000005 0 2.6 3.6 2 0 0.4 0 2.8000000000000003 0 0 0 0 0 0 1.4000000000000001 0 0 0 0 0 0 2 0 0 0 0 0 0 0 0.4 0 0 0 0 0 0 0.2 0 0 0 0 0 0 0 0 0 0 0.4 0 0.4 0 0 0 0 0 0 0 0 0 0 0 0 0.2 0 0 0 0 0 0 0 0 0 0 0.2 0.6000000000000001 0.4 0 0.2 0 0.4 2.2 0 0 0 0 0 0 0 0 0 0 0 0 0 0 0 0 0 0 0 0 0 0 2 0.2 0 0 0 0 0 0 0 0 0 0 0 0 0 
 56.2 31.400000000000002 55.2 0 26 8 20.6 21 20 52 15.8 47.6 15 66.60000000000001 39 43 39.2 25.6 13.600000000000001 28.8 0 0.4 0.4 0 1.4000000000000001 0 12.4 0.4 1 0 0 0.4 0.2 1.2000000000000002 0.2 0 0 0.6000000000000001 0 15.4 0.4 0 0 0 0 0 0.6000000000000001 0.6000000000000001 0.4 0 0.8 0.8 0 0.4 0 0 0 0 0.4 0 6.4 0 0 0.4 0.8 0 0 0.4 0 5.6000000000000005 0.4 0 0.2 0 0 0 5.6000000000000005 0 0 0 0 0.2 1.6 2 9.600000000000001 4.800000000000001 3.2 0 0.2 1.4000000000000001 0 3 3.4000000000000004 0 3.4000000000000004 4.800000000000001 0 4.800000000000001 0 0 0.2 2.2 0 0 0 0 3.4000000000000004 0 0.2 0 0 0 0 2.8000000000000003 0 0 0 0.2 3.2 2 0 0 0 0 0 0 0 0 0 0 0 0 0 0 0.4 0 0 0 0 0 0 0 2.2 0 0 0 0 0.2 0.4 0 0 0 5.6000000000000005 0 3.4000000000000004 0 0 0 0 0 1.8 5 7.800000000000001 0 1.8 0 3.4000000000000004 0.2 2.4000000000000004 2.4000000000000004 3.2 7.2 0 7 0 0 2 9.4 0 5.800000000000001 0.4 0 0 0 0 0 1.6 3.6 2.2 0 0 0 3.6 0 0.2 0 0 0 0 15.200000000000001 0 0 0 0 0 0 0 0 0 0 0 0 0 0 0.4 0 0 0.2 0 6 0 0 0 0 0 0 0 0 0 0 0 0 0 0 0.2 0 0 0 0 0 0 0 0 0 0 0.4 0.8 0.4 0.4 18 0.4 0 0 0 0.4 0 0.4 0 0 0 0 0 2 0 0.4 0 0 0 0 0 0 0 0 0 0 0 3.2 0 0 0 0 0 0 0 0 0 0 0 0 0 
 25.8 51.2 27.400000000000002 26 0 34.6 53.400000000000006 14.8 46.400000000000006 109.80000000000001 80.4 29.8 64.60000000000001 17.8 35.2 24.400000000000002 65.4 10.200000000000001 15.8 7.6000000000000005 21.8 0 23 0 0.6000000000000001 0 11.600000000000001 1.2000000000000002 15.600000000000001 0 0 0.2 6 0.6000000000000001 15.200000000000001 0.2 0.2 16.400000000000002 0 0 0.4 0 0 0 0 0.2 0.6000000000000001 0.6000000000000001 0 0 0 0.6000000000000001 0 0 0 0 0 0 0 0 0 0 0 0.4 0 0 0 0 0 0 0.4 0 0 0 0 0 0 1 7.2 0 2 0 2 3 4.6000000000000005 0 0 2 4.6000000000000005 0 2.2 2 0.2 4.4 0 2.4000000000000004 2.2 2.4000000000000004 0 0 3.8000000000000003 0 0 0.2 0 0 2.6 2.6 0 0 0 0 6.2 11.8 0.2 2.2 3.8000000000000003 0 9.200000000000001 0.2 0 0 0 3.4000000000000004 0 0 0 0 0 0 0 0 3 0 0 0 0.4 0 0 0 0 0 0 0 0 0 0 0 0 0 0 0.4 0 0 0 0 0 0.4 0 0 0 0 1.4000000000000001 7.4 2.2 3.2 0 0 2.6 0 3.8000000000000003 5 0 0 0 0 0 0 0 0 1.4000000000000001 2.8000000000000003 4.6000000000000005 0 0 0 5 0.2 3.6 0 0 3 1.4000000000000001 14.200000000000001 7.800000000000001 2.8000000000000003 2 2.8000000000000003 2.6 3 0 0 0 0 0.2 0 0 0 0 0 0 0 0 0 0 0 0 0 0.4 0 0 0 0 0 0 0 0 0 0 0 0 0 0 0 0 0 0 0 0 0 0 3.6 0 0 0.2 0.8 17.8 0 17.8 1.2000000000000002 0.6000000000000001 1.2000000000000002 0 0 0 0 0 0 0 0 0 0 0 0 0 0 0 0 0 0 0 0 0 0 0 0 0 0 0 0 0 0 0 0 0 0 0 0 0 0 
 23.400000000000002 25.6 8 8 34.6 0 14.8 4.4 27.6 19.200000000000003 43.2 27.8 48.2 11.8 21.200000000000003 32.4 39.400000000000006 10.600000000000001 16.6 9 0 0.6000000000000001 0 0 1 0 24.8 0.4 0.6000000000000001 0 0.6000000000000001 0.2 0.8 0.6000000000000001 0 0 0 1 17 0.6000000000000001 0.4 0 0 0 0 0.6000000000000001 1.2000000000000002 0.6000000000000001 0 0 0.4 0.6000000000000001 0 0 0.6000000000000001 0.4 12 1.8 0 0 0 0 0 0.4 0 0 0 0 0 0 0.8 0 0 0 0 0 0.6000000000000001 1 0 0 0 0 5 2.4000000000000004 2.2 4.2 0 0 2 0.2 0 5.6000000000000005 0 0 2 0.6000000000000001 1.8 5 0 0 1 4.4 0.2 0 0 0 0.6000000000000001 2.4000000000000004 2.6 0 0 0 2.6 1.8 2.4000000000000004 2.2 7.6000000000000005 0 6 6.800000000000001 0 0 0 0.4 0 0 0 0 0 0.4 0.4 0 0 0 0 0 0 0 0 0 0 0.2 1.2000000000000002 0 0.4 0 0 0 1.8 0 0 0 0 0 0 0 0 0 0 0.4 0 0 4.800000000000001 7 2.4000000000000004 0 0 0 0 3.4000000000000004 2 4 0 0 0 0 0 0.2 0 0 6.800000000000001 0 9.200000000000001 0 0 0 0 0.4 0 0 0 0 2.2 13 0 3 0 0.2 3 3 0 0.4 0 0 0 0 0 0 0.2 0 0 0 0 0 0 0 0 0 0 0 0 0 0 0 0 0 0 0 0 0 0 0 0 0 0 0 0 0 0 0 0 2.8000000000000003 0 0 0 0.8 0.2 0.2 0 0 0 0 0 0 0.4 0 0 0 0 0 0 0 0 10.200000000000001 0 0 0 0 0 0 0 0 0 0 0 0 0 4.6000000000000005 0 0 0 0 0 0 0 0 0 0 0 0 
 26.8 35.6 49 20.6 53.400000000000006 14.8 0 58.800000000000004 50.6 8.8 47.800000000000004 11.8 16.6 30.400000000000002 5.4 58.2 47.800000000000004 4.6000000000000005 13.200000000000001 44.800000000000004 0 0.6000000000000001 0.4 0.2 1 0.2 0 0.4 0.6000000000000001 0 0 1.4000000000000001 0.2 0.6000000000000001 0.2 0 0.6000000000000001 0.6000000000000001 0 0 0.4 0 0 0 0 0 0.6000000000000001 1 0.4 15.8 0.4 0.6000000000000001 0.6000000000000001 1.8 0 0 0 0.2 0 0.6000000000000001 0 0 1.2000000000000002 1.6 0 1.6 0.4 0 0 0 0.4 0 0 0.8 0 0 6.4 0 0.8 0 5.6000000000000005 6.4 2.8000000000000003 3 2 0 7 8.200000000000001 1 3.8000000000000003 15.8 0 8 10.8 6 0.8 0.4 1.8 3.8000000000000003 7.800000000000001 0 0 0 0 0 0 0 3.8000000000000003 0 0 0 0 0 0 0 0 0 0 2.6 0 2 0 0 0 0 0 2.8000000000000003 0 0 0 0 0 0 0 0 0 0 0 0 0 0 0 0 0 0 0 0 0 0 0 0 0 0 0 0 0 0 0 0 0 7.800000000000001 0.2 0 0 0 2 3 7.800000000000001 0 2.2 5.4 2.6 7 2.8000000000000003 9.200000000000001 3.8000000000000003 7.6000000000000005 5.800000000000001 0 6.800000000000001 0 0 0 0 0 0 0 4.6000000000000005 0 0 0 0 0 0 0 0 0 0 0 0 0 0 0 0 0 3 0 0 0 0 0 0 0 0.2 0 0 0 0 0 0 0 0 0 0 0 0 0 0 0 0 0 0 0 0 0 0 1 0 0 0 0 0 0 0 0 0.6000000000000001 17.8 0 0 18.400000000000002 0 2.6 5.2 0 0.4 0 0 0 0 0 0 0 0.2 0 0 0 0 0 0 0 0 0 0 0 0 3.4000000000000004 6 0 0 0 0 0 0 0 0 0 0 0 0 0 
 57.2 40.6 44.2 21 14.8 4.4 58.800000000000004 0 60.2 70.60000000000001 59.400000000000006 8.200000000000001 127 64.60000000000001 48.800000000000004 38.800000000000004 8.6 7.4 31.400000000000002 32 0 1.6 1.4000000000000001 0 1.4000000000000001 0 0 0.6000000000000001 1.4000000000000001 0 0 0.8 0.2 1.8 0.2 0 0.6000000000000001 1 0.4 0 0.6000000000000001 0.2 0 0.4 0 0 0.6000000000000001 0.8 0.8 0 0.4 0.6000000000000001 0 1.2000000000000002 0 0 0 0.2 0.8 0 0 0 0 0.4 0 0.2 0 0.8 0 0.8 0.4 0 0.4 0.2 0.8 0 1 0 0 0 8.200000000000001 7.800000000000001 0 2.6 0 0 11.200000000000001 1.8 9.600000000000001 0 9.600000000000001 5.2 8.200000000000001 7.800000000000001 4.800000000000001 2.4000000000000004 8.6 0 2.2 8.200000000000001 0 0 0 0 0 0 0 0 0 0.2 0 0 0 0 0 0 0 0 0 0 2 0 0 0 0 0 0 0 0 0 0 0 0 0 0 3.8000000000000003 0 0 0.2 0.4 0 0 0 0 0 0 0 0 0 0 0.2 0 3.4000000000000004 0 0 0 0 0 0 0 2.8000000000000003 1.6 0 0 0 1 5.6000000000000005 5 0.4 0 4.2 0.2 0 4.4 17.2 3 0 8.4 1.4000000000000001 0 0 0 0 0 0 0 0 0 0 0 0 0 0 0 0 0.4 0 0 0 0.8 0.2 0 0 0 0 0 0 0 0 0 0 0 0 0 0 0 0 3 0 0 0 0 0 0 0 0 0 0 0 0 0 0 0 0 0 0 0 0 0 0 0 0 0 0 0 0 9.600000000000001 0.2 0 35.4 0 1.8 2.8000000000000003 0 0.2 0 0 0 0 0 0.4 0 0 0 0 0 0 0.4 0 0 0 0 0 0 0 4.6000000000000005 13.4 0 0 0 0 0 0 0 0 0 0 0 0 0 
 10.4 28.6 31.400000000000002 20 46.400000000000006 27.6 50.6 60.2 0 34.6 5 68.4 74.4 41.2 35.6 33.4 8.6 35 20.400000000000002 14.200000000000001 0 0 0 0 0.6000000000000001 0 15.200000000000001 0.4 0.6000000000000001 0 0 0.2 0.4 0.6000000000000001 0 0.2 0 1.2000000000000002 0.2 0 0.4 0 0.4 0 0 0.6000000000000001 1.2000000000000002 0.6000000000000001 0.4 0 0.4 1.2000000000000002 0 0 0.6000000000000001 0.4 0.6000000000000001 0.2 0 0 0 0 0 0.4 0 0 0 0 0 0 0.4 0 0 0 0 0 0.6000000000000001 0.6000000000000001 0.8 0 4.4 0 0 0 7.6000000000000005 2.4000000000000004 0 4.2 9.200000000000001 0 2.4000000000000004 0 4 4.6000000000000005 0 4.800000000000001 2.2 2.8000000000000003 3 2.4000000000000004 1.8 0.2 0.2 0 3.4000000000000004 0 0 0 0.2 0 0 0 2.2 1 0.2 0 4.4 0 4.4 3 0 0 0 0 0 0 0 0 0 0 0 0 0 0 0 0 0 0 0 0 0 0 0 0 0 0 0 0 0 0 0 0 0 0 0 0 0 0.4 0 0 0.2 5.4 14 11.600000000000001 0 8.200000000000001 2.4000000000000004 0.8 7.6000000000000005 0 5.6000000000000005 4 2 0 5.4 2 3.8000000000000003 0.8 1.8 1.6 0 0 4.2 0 0 0 5.800000000000001 0 0 0 1.4000000000000001 0 0 7 0 0 0 0 0 6.2 0 0 0 0 0 0 0 0 0 0 0 0 0 1.8 0 0 0 0 0 0 0 0 0 0 0 0 0 0 0 0 0 0 0 0 0 0 0 0 0 0 0 0 0 0 0 0.4 18 0 0 11 0.4 1.2000000000000002 0 0 0 0 0 0 0 0 0 0 0 0 0 0 0 0 0 0 0 0 0 0 0 2 2.4000000000000004 0 0 0 0 0 0 0 0 0 0 0 0 0 
 70 9.600000000000001 15.200000000000001 52 109.80000000000001 19.200000000000003 8.8 70.60000000000001 34.6 0 48.2 47.800000000000004 60 41.6 23.6 18.400000000000002 32 33 60.6 13 0 0 0 4.800000000000001 0.6000000000000001 0 19.400000000000002 0.4 0.6000000000000001 0 0 0.2 0.4 0.6000000000000001 0 0 0 0.6000000000000001 15.4 15.4 0.4 0 0 0 0 14 0.6000000000000001 0.6000000000000001 0 0 3.6 0.4 0 0 0 0 0 0 0.2 0 0 0 0 0.4 0 0 0 0 0 0 0.4 0 0 0.2 0 0 0.2 1 0 0 4.6000000000000005 2.8000000000000003 2.6 0.8 0 3.6 0 2.2 3.8000000000000003 11.200000000000001 3 4.800000000000001 0 0 0.6000000000000001 3 0.2 0 0 0 1.8 2.4000000000000004 3.2 0 0 0 4.2 0 0 0 0 0 0.2 2.2 0 0.4 4.800000000000001 0 2.6 3.6 0 0 0 0 0 0 0 0 0 0 0 0 0 0 0 0 0 0 0.4 0 0 0 0 0 0 0 1.4000000000000001 0 2 0 0 0 0 0 0 0 2.6 0 0 0 0 4.2 0 6.800000000000001 4 2.8000000000000003 0 1.8 0.2 4 5.2 1.8 0 0 0 0.4 2.6 0.4 0 2.2 0 0 3.4000000000000004 0 0 0 4 2.6 0.4 0 0 0.2 0.4 5 0 0.4 0 2 2.2 2 0.4 0 0 0 0 0 0 0 0 0 0 0 0 0 0 0 0 0 0 0 0 0 0 0 0 0 0 0 0 0 0 0 0 0 0 0 0.2 0 0 0 0 0 0 0 0 0 0 0 0.6000000000000001 0.6000000000000001 2 0.4 0 0 0 0 0 0 0 0 0.2 0 2.2 0 0 0 0 0 0 0 0 0 0 0 0 0 0 0 0 0 0 0 0 0 0 0 0 0 0 0 
 21.200000000000003 48 29.400000000000002 15.8 80.4 43.2 47.800000000000004 59.400000000000006 5 48.2 0 12.8 11.200000000000001 49.2 18.2 76 68.60000000000001 30.6 9.200000000000001 14 0.4 0 0 0 0.6000000000000001 0 15 0.4 0.6000000000000001 0 0.2 0.2 43.2 0.6000000000000001 0 0 0 0.6000000000000001 16.2 0.2 0.4 0 0 0 0 12.8 0.6000000000000001 0.6000000000000001 0.4 0 0 0.4 0 0.2 0 0 0 0 0.6000000000000001 0 6 0 0 0.4 0 0 0 0.4 0 2.8000000000000003 0.4 0 0.2 0.2 0 0 0.4 0 0 0 7.800000000000001 7.6000000000000005 5.800000000000001 23.8 0 6.4 0 3.6 2.4000000000000004 3.4000000000000004 4.800000000000001 4.2 0 4 0 3 6 5.6000000000000005 0 0 5 0 2.2 0 0 0 0.2 0 0 0 0 0 4.800000000000001 0.2 0.2 2.4000000000000004 0.6000000000000001 0 3.2 0.2 1.6 0 0 0 0 0 0 0 0 0.2 0.2 0 0 0 0 0 0 0 0 0 0 0.4 0 0 0.2 0 0 0 0 0 0 0 0 0 0 0 0 0 0 0.2 3.8000000000000003 0 1.6 2 0.4 0.2 0 0 0.4 3.6 1.6 0 0 0 4 0 4.2 6.800000000000001 0 10 0 0 0 0 0 0 3.4000000000000004 1.2000000000000002 0 0 0 0 15.8 0 0 0 0 0 1.6 4.800000000000001 0 0.2 0 0 0 0 0 0 0.4 0 0 0 0 0 0 0 0 0 0 0 0 0.2 0 0 0 0 0 0 0 0 0 0 0 0 0 0 0 0 0 0 0 0 0 0 0 6.800000000000001 0 0 0 17.2 0 0.8 3 0 0 0 0 0 0 0 0 0 2 0 0 0 0 0 0 0 0 0 0 0 0 2.8000000000000003 0 0 0 0 0 0 0 0 0 0 0 0 0 0 
 25.8 5.6000000000000005 62.2 47.6 29.8 27.8 11.8 8.200000000000001 68.4 47.800000000000004 12.8 0 5.4 25 4 8 53.800000000000004 30 6.6000000000000005 7.6000000000000005 0 14.8 0 0 0.6000000000000001 0 29.400000000000002 15.4 0.6000000000000001 0 0 0 0.4 0.6000000000000001 0 0 0 15.4 14.600000000000001 0.2 0.4 0 0 0 0 0.2 13 0.6000000000000001 0 0 0.8 0.6000000000000001 0 0 0 0 0 12.600000000000001 0 0 0 0 0 0.4 0 0 1 0 0 0 0.4 0 9.600000000000001 0.2 0 0 0 6.4 0 0 0 3 0 2 7.4 0 0 0 0 0 0 4 0 0 0 0 0 0 0 0 0 0 0 0 0 0 4 0 3.2 0 8.200000000000001 4.2 2.2 3.6 3.4000000000000004 0.2 0 2.8000000000000003 3.2 0 0 0 0 0 0 0 0 0 1.6 0 0 0 0 0 0.4 0 0 0 0 0 0 0 0 0 0 0 0 0 0 0 0 0 0 0 0 0 0 0 0 0 0 2.4000000000000004 2.8000000000000003 4.6000000000000005 0 6 0 0 1.4000000000000001 6.6000000000000005 5 11.8 0 0 0 0 2.8000000000000003 0.8 0 0 0 0 0 0 0 0 0 4.6000000000000005 1.8 0 7.800000000000001 1.6 1.6 0 0.2 0 0 0 6.800000000000001 3.8000000000000003 0 0 0 0 0 0 0 0 0 0 0.4 0 0 0 0.2 0.4 0 0 0 0 0 0 0 0 0.2 0 0 0 0.2 0 0 0 0 0 0.2 0 0 0 0 2.6 0 0 0 0 0 0 0.4 0.4 0.4 0 0.4 0.8 0 0 0 0 0 0 0 0 0 0 0 0 0 11.8 0 0 0 0 0.4 0 0 0.2 0 0.2 0 0.2 0 0 0 0 0 0 0 0 0 0 0 0 
 28.8 31.8 98.60000000000001 15 64.60000000000001 48.2 16.6 127 74.4 60 11.200000000000001 5.4 0 41.400000000000006 26.200000000000003 5.2 17.400000000000002 10.4 123.4 22 0.4 0.4 14.8 0 0.6000000000000001 0 0 1 1 0 0 0.6000000000000001 15 1.2000000000000002 1 0 0 15.600000000000001 0.6000000000000001 0.2 0.4 0 0.2 0.6000000000000001 0 0.6000000000000001 1.2000000000000002 2 0 0.4 0.4 0.6000000000000001 0.8 0 13.200000000000001 0.8 0.2 0 0 0 0 0 0.4 0.4 0 8.8 0 0 0 0 6.800000000000001 0 0 0 0 0 0.6000000000000001 0 8.6 0 0 4.6000000000000005 0.4 0 0.4 0 4.2 0 0 0 0 0 4 0 1 0 0 2.2 8.8 6.2 0 0 0 0 0 0 0 0 0 0 0 0 0 0 0 0 0.2 0 0 0 0 0 0 0 0 0 0 0 0 0 0 2.2 0 9.200000000000001 0 0 0 3.4000000000000004 0 0.2 0 0 0.4 0 0 0 0 1 0 0 0 0 0 0.4 0.4 0 0 0 0 0 3.4000000000000004 0 0 0 0 0 2.8000000000000003 3 0 0.2 0 0 1.4000000000000001 2.6 0 3 0 0 6 0 0 0 0 0 0 0 0 0 0 0 0.2 3.6 0 2.8000000000000003 0 0 4.2 0 0 0 0 0 0 0 0 0 0 0 0 0 0 0 0 0 0 0 0 0 0 0 0 0 0 0 1.4000000000000001 0 0 0 0 0 0.4 0 0 0 0 0 0 0 0 0.2 0 0 0 0 0 0.2 0 0 1 0.4 0 0.4 0 0 0 0 0 0 0 0 12.200000000000001 0 0 0 0 0 0 0.4 0 0 0 0 0 0 0 0 0 0 0 0 0 0 0 0 0 0 0 0 0 0 
 34.6 51.2 25.200000000000003 66.60000000000001 17.8 11.8 30.400000000000002 64.60000000000001 41.2 41.6 49.2 25 41.400000000000006 0 101.2 48.2 6.2 6.6000000000000005 21 61.800000000000004 0 0 0.6000000000000001 0 0.8 0 0 0.4 0.6000000000000001 0.6000000000000001 0 0.4 0.2 0.6000000000000001 0 0.2 0.4 0.6000000000000001 0 0 0.4 0 0 0 0 1.2000000000000002 0.6000000000000001 0.6000000000000001 0.2 0 0.6000000000000001 0.6000000000000001 0 0 0 6.4 0 0 0 0 0.4 0 1.4000000000000001 0.4 0 1.4000000000000001 0 0 0 0 0 0 0 0 0 0 0 0 0 0 0 4.800000000000001 0 0 2.6 1.8 8.200000000000001 0.2 0.2 5.2 3.8000000000000003 0 2.6 0.6000000000000001 5.2 9.200000000000001 3.2 2.6 6 0 0 0 0 0 0 0 2.2 0 0 0 0 0 0 0 0 0 0 0 0 0 0 0 0 0 0 0.6000000000000001 0 0 0 0 0 0 2.4000000000000004 0 0 0 0 0 0 0 0 0 1.4000000000000001 0 0 0 0 0 0 0 0 0 1.4000000000000001 0 4 0 0 0 0 0 0 3.4000000000000004 3.2 1.2000000000000002 0 0 6 1.4000000000000001 0 5.4 2.8000000000000003 3.6 0 3.2 0.6000000000000001 4.4 0 6.2 2.4000000000000004 0 0 0 0 0 0 0 0.2 0 0 0 0 0 0 0 0 4 0 0 0 3 0 0 0 0 0 0 0 0 0 0 0 0 0.4 8.4 0 0 0 0 0 0 0 0 0 0 0 0 0 0 0 0 0 0 0 0 0 0 0 0 0 0 0 0 0 0 0 0.4 0.2 0 0.6000000000000001 0 0 1.2000000000000002 0.2 0 0 0 0 0 0 0 0 0 1.8 0 0 0.4 0 0 0 0 0 0 0 0 0 0 4.2 0 0 0 0 0 0 0 0 0 0 0 0 0 
 19.200000000000003 55.6 13.600000000000001 39 35.2 21.200000000000003 5.4 48.800000000000004 35.6 23.6 18.2 4 26.200000000000003 101.2 0 34 22 11.4 13.4 50.6 0 0.6000000000000001 0.4 0 1 0 0 1 0.6000000000000001 0.2 0.4 1 0.2 0.6000000000000001 0 0 0 1 0.4 0 0.4 0 0 0 1.6 0.6000000000000001 0.6000000000000001 1 0.8 0 0 1.2000000000000002 1.8 0.6000000000000001 0 0.4 0 0 0 0 8.8 0.4 1 0.4 0 0.6000000000000001 0 0 0 0.6000000000000001 1.4000000000000001 0.2 0 0 0 0 0.6000000000000001 0.4 0 0 2.6 3.6 2.8000000000000003 1 0 2 7.4 0.2 2.2 0 0 0.2 0 0 7.800000000000001 4.4 5.6000000000000005 4.2 6.800000000000001 5.800000000000001 0 0 0 0 0 0 0 0 0 0 0 0 2.8000000000000003 3.6 0 0 0.2 0 2.2 0 0 0 0 0 0 0 0 0 0 0 0 0 0 0 0 0 0 0 0 0 0 0 0 0 0 0 0 0 0 0 0 0 4.6000000000000005 0 0 0 0 0 0 0 0 1 0 0 0 2.4000000000000004 6.800000000000001 7.2 0 0 3.8000000000000003 0 0.2 4 3.6 0.2 0 2.8000000000000003 2.8000000000000003 0 0 0 0 0 0 0 0 0 0 0 0 0 0 0 0 0 0 0 0 0.2 0 0 0 0 0 0 0 0 0 0 0 0 0 5.4 0 0 0 0 0 0 0 0 0 0 0 0 0 0 0 0 0 0 0 0 0 0 0 0 0 0 0 0 0 0 0 0 18.2 0 0 0 0 1.4000000000000001 0 0 0 0 0 0 0 0 0 0 0 0 0 0 0 0 0 0 0 0 0 0 0 0 0 0 0 0 0 0 0 0 0 0 0 0 0 0 
 38.400000000000006 9.8 17.6 43 24.400000000000002 32.4 58.2 38.800000000000004 33.4 18.400000000000002 76 8 5.2 48.2 34 0 67.60000000000001 7 8 27.6 0 0 2.6 0 0.6000000000000001 0 0 0.4 0.6000000000000001 0 0 0.8 44.400000000000006 0.6000000000000001 0 0.4 0 0.6000000000000001 0 3 0.4 0.2 0 0 0 0 0.6000000000000001 0.6000000000000001 0 0 0.2 0.6000000000000001 0 0 0 0 0 0 0 0.4 0.4 0 0 0.4 0.2 0 0 0 0 0.8 0 0 0 0 0 0 10 0 0 0 6.6000000000000005 2.8000000000000003 5.2 6.2 4 0 1.6 10.200000000000001 6.800000000000001 1.4000000000000001 2.2 2.4000000000000004 2.2 6.800000000000001 0.8 3.6 6.2 2.6 0 2.6 0 0 0 0 0 0 0 0 0 0 0 0 0 0 0 0 0 0 2.2 0 0 0 0 0 0 0 0 0 0 0 0 0 0 0 0 0 0 0 0 0 0 0 0 0 1.8 0 0 0 0 0 0 0 0 0 0 0 0 0 0 0 4.2 0 0 0 3.6 2 0.2 0 2.8000000000000003 0.2 2.8000000000000003 2 6.6000000000000005 2 0.4 0 6.6000000000000005 7.4 0 7.800000000000001 0 0 0 0 0 0 1.4000000000000001 0.8 0 0 0 0 2.6 0 0 0 0 0 0 0 1.8 0 0 0 0 0 0 0 0 0 0 0 0 0 0 0 0 0 0 0 0 0 0 0 0 0 0 0 0 0 0 0 0 0 0 0 0 0 0 0 0 0 0 0 0 0.8 17.2 0.4 0 9.4 0.2 1 0.4 0 0 0 0 0 0 0 0 0 0 0 0 0.4 0 0 0 0 0 0 0 0 0 2.4000000000000004 0.2 0 0 0 0 0 0 0 0 0 0 0 0 0 
 26.6 7.4 13.200000000000001 39.2 65.4 39.400000000000006 47.800000000000004 8.6 8.6 32 68.60000000000001 53.800000000000004 17.400000000000002 6.2 22 67.60000000000001 0 11.8 9.200000000000001 4.6000000000000005 0 0 0 0 0.6000000000000001 0.4 4.800000000000001 0.4 0.6000000000000001 0 0 0.2 0.2 0.6000000000000001 0 0 0 0.6000000000000001 1.6 0 0.4 0 0.2 0 0 0 0.6000000000000001 0.6000000000000001 0.4 0 0 1 0 0.4 0 0 0 0 0.2 0 0 0 0 0.4 0.6000000000000001 0 0.4 0 0 1.4000000000000001 0.4 0 6.6000000000000005 0 0 0 0 1.8 0.8 0 1.4000000000000001 0.2 10 8.4 2 5.4 0 5 5.4 1.6 3 3 0.4 3.2 0 16 3 0 0 0.2 0 0 0 0 0 0 0 1.4000000000000001 0 0 0 0 0 0 0 1.4000000000000001 0 0 2.4000000000000004 4.6000000000000005 0 0 0 0 0 0 0 0 0 0 0 0 0.8 0 0 0 0.2 0 0 0 0 0 0 0 0 0 0 0 0 0 0.2 0.2 0 0 0 0 0 0.2 0 0 0 2.8000000000000003 6.6000000000000005 0 2 0 0 0 2.6 2.2 1.8 0 0 0 0 0 2.8000000000000003 5.2 0 2.2 0 0 0 0 0 0 1.6 1.4000000000000001 0 0 0 0 3.8000000000000003 1.4000000000000001 0.2 0 0 0 0.2 3.6 0 0 0 0 0.4 0 0 2.8000000000000003 0 0 0 0 0 0 0 0 0 0 0 0 0 0 0 0 0 0 0 0 0 0 0 0 0 0 0 0 0 0 0 0 0 0 0 0 0.2 0.2 0.2 0 0.2 18.2 2.4000000000000004 0.4 0.2 0 0 0 0 0 0 6.2 0 0 2 0 0 0 0 0 0 0 0 0 0 0 0 0 3.4000000000000004 0 0 0 0 0 0 0 0 0 0 0 0 0 
 6.2 26.400000000000002 46.2 25.6 10.200000000000001 10.600000000000001 4.6000000000000005 7.4 35 33 30.6 30 10.4 6.6000000000000005 11.4 7 11.8 0 9.200000000000001 7 0 0.8 0.4 0 0.6000000000000001 0 28.6 0.4 0.6000000000000001 15.8 0.4 0.8 1 0.6000000000000001 0 0 0 1 22.400000000000002 15.8 0.4 0 0 0 0 13.4 0.6000000000000001 0.6000000000000001 0 0 1.6 0.6000000000000001 0 0 0 0.4 1.2000000000000002 0 0 0 0.4 0 0.2 0.4 0 0 0.2 0 0 0 1.2000000000000002 0 0 0 0 0.2 0 3.4000000000000004 0 0.2 4.800000000000001 4.4 6 0 2.2 3 0 0.4 2.8000000000000003 10.8 3 1.4000000000000001 0 0 8.4 0.2 0 2.6 0.2 0 3.6 2.4000000000000004 3.2 0 0 0 0.2 0 0 0 0.4 0 1.6 2.2 0 0.2 5.2 0 7 0.4 0 6.4 0.8 0 0 0 0 0 0 0 0 0 0 0 0 0 0 3 0 0 0 0 0 0 0 0 0 0 1.2000000000000002 0 0 1.2000000000000002 0 0 0 0 0 0 0 0 0 3.8000000000000003 1.4000000000000001 8 4.6000000000000005 2.6 0 6 2.8000000000000003 0.2 5.6000000000000005 5.2 0 0 0 0 4.4 0.2 0 0.2 0 2.4000000000000004 3.8000000000000003 0 0 0 6.4 3 0 0 2.4000000000000004 0.2 0 8.200000000000001 0 0.2 0 0 2.4000000000000004 4 0 0 0 0 0 0 0 0 0 0 0 0 0 0 0 0 0 0 0 0 0 0 0 0 0.6000000000000001 0 0 0.2 0 0.2 0 0 0 0 0 0 0 0 0.4 0 0 0 0 0 0 0.6000000000000001 17 0 0.2 0 1.6 0.4 0 0 0 0 0 0 0 0 0 0 0 0 0 0 0 0 0 0 0 0 0 0 0 0 0 0 0 0 0 0 0 0 0 0 0 0 0 0 
 9.8 29.8 9 13.600000000000001 15.8 16.6 13.200000000000001 31.400000000000002 20.400000000000002 60.6 9.200000000000001 6.6000000000000005 123.4 21 13.4 8 9.200000000000001 9.200000000000001 0 36.4 0 0 0 0 0.6000000000000001 11.600000000000001 0.4 1.4000000000000001 1 0 0.8 0.4 0 1.8 0.4 3 0 0.6000000000000001 0 0 0.4 0 0 0 0.4 0 0.6000000000000001 0.6000000000000001 0.8 0 0 0.4 1.8 0 0 0 0 0.4 0.2 0 0.8 0 0 0.4 0 0 0 0 0 0 0.2 0 0 0.4 0 0.8 0 0 0.4 0 1.8 3 0 0 0 0 2 0.2 0 0 0 0 0 0 3.6 0 3 0.2 4.800000000000001 3.8000000000000003 1.2000000000000002 0 0 0 0 0 0 0 0 0 0 0 0 0.2 0 0 0 0 0 0 0 0 0 0 0 0 0 0 0 0 0 0 0 0 0 0 0 0 0 0 0 0 0 0 0 0.2 0 0.2 0 0 0 0 0 0 0 0 0 0 0 0 0.2 0 0 0 0 0 5.6000000000000005 0 0 7.800000000000001 0 0 1.6 1.2000000000000002 3.2 3.4000000000000004 0 0 2.6 0.8 0 0 0 0.2 0 0.2 0 0 0 0 0 0 0 2.2 0 0 0 0 0 0 0 0 0 0.6000000000000001 0 0.2 0 0 0 0 0 0 0 0 0 0 0 0 0 0 0.4 0 0 0 0 0 0 0 0 0 0 0 0 0 0 0 0 0 0 0 0 0 0 0 0 0 0 0.8 0.4 0 0.4 0 0 0 0 0 0 0 0 0 0 0 0 0 0 0 0 0 0 0 0 0 0 0 0 0 0 0 0 0 0 0 0 0 0 0 0 0 0 0 
 7.2 37.2 8.6 28.8 7.6000000000000005 9 44.800000000000004 32 14.200000000000001 13 14 7.6000000000000005 22 61.800000000000004 50.6 27.6 4.6000000000000005 7 36.4 0 0 0.8 0 0 0.6000000000000001 0 0 0.4 0.6000000000000001 0 0 0.4 0.4 0.6000000000000001 0.2 0 0 0.6000000000000001 0 0 0.4 0 0 0 0 0 0.6000000000000001 0.6000000000000001 0.2 0 0 0.6000000000000001 0 0 0 0 0 0 0 0 0 0 1.4000000000000001 0.4 0 1.4000000000000001 0 0 0 0 0 0 0 0 0 0 9.600000000000001 0 0 0 0 2 2 4.2 2 0 10.4 3.8000000000000003 0 4.6000000000000005 6.800000000000001 0 4.2 3.8000000000000003 3.6 6 2.8000000000000003 3.8000000000000003 11 0 0 0 1.4000000000000001 0 0 0 0 0 0 0 0 0 0 0 0 0 0 0 0 0 2.2 0 0 0 0 0 0 0 0 0 0 0 0 0 0 0 0 0 0 0 0 0 0 0 0 0 0 0 0 0 0 0 0 0 0 0 0 0 0 0 2.2 0 0 0 0 0 8.200000000000001 3 0 5.4 0 0.2 3.4000000000000004 0.2 8.200000000000001 7 3.8000000000000003 2.4000000000000004 0 0.4 0 0 0 0 0 0 0 1.8 0 0 0 0 0 0 4 0 0 0 0 0 0 0 0 0 0 0 0 0 0 0 0 0 0 0 0 0 0 0 0 0 0 0 0 0 0 0 0 0 0 0 0 0 0 0 0 0 0 0 0 0 0 0 0 0 0 0.2 0 0 0 0 0 0.8 4 0 0 0 0 0 0 0 0 0 0.2 0 0 0 0 0 0 0 0 0 0 0 0 0 2.6 0 0 0 0 0 0 0 0 0 0 0 0 0 
 0 0 0 0 21.8 0 0 0 0 0 0.4 0 0.4 0 0 0 0 0 0 0 0 30.200000000000003 29.400000000000002 31 5 10.200000000000001 24.6 27.8 24.400000000000002 15.200000000000001 20 4.6000000000000005 17.6 26.6 34.2 25.6 11.8 21 34.4 6.4 0 0 15.600000000000001 0 0 0 0 12.600000000000001 0.2 0 0 0 0 0.8 0 0.4 0 0 5.800000000000001 0.6000000000000001 0 0.2 0 0 11.4 0 0.6000000000000001 1.4000000000000001 10.600000000000001 0 0 0 0 0 0.6000000000000001 0 0 0 0.4 0 0 0 2 6.6000000000000005 0 2.8000000000000003 0 0 0 0 2 0 0 0 0 0 0 0 0 0 3.2 0 4.6000000000000005 1.6 0 1.2000000000000002 4 6.6000000000000005 0 5.2 4.4 4.2 1.8 7.2 2.6 5.6000000000000005 2.4000000000000004 0 3.6 3.8000000000000003 1.8 0 0 0 0 0 0 0 0 0 0 0 2.4000000000000004 0 0 0 0 0 8.6 0 0 0 0 0 0 0 0 0 0 0 0 0 0 0 0 0 0 0.2 0 0 0 0.2 0.2 0 0 0 0 0 0 0 0 0 0 0 0 0 0 0 0 0 6.4 5.6000000000000005 0 5 2.8000000000000003 2.4000000000000004 4.6000000000000005 0 5.6000000000000005 1.8 0 2.4000000000000004 8.4 1.8 4.2 0.6000000000000001 4.2 4.800000000000001 1.6 3.2 0 0 0 0 0 0 0 2 0 0 0 0 1.4000000000000001 0 0 0 0 0 1.4000000000000001 0 0 0 0 0 0 0 0 0 0 0 0 0 0 0 0 0 0 0 0 0 0 0 0 0 0 0 0 0 9.200000000000001 0 0 0 0 0 1 0 0 1.4000000000000001 16.8 0.4 0 0.4 0 0 0 0 0 0 0 0 0 0 0 0 0 0 0 0 0 0 0 3.8000000000000003 0 0 0 0 1.6 0 0 0 
 0 0 0 0.4 0 0.6000000000000001 0.6000000000000001 1.6 0 0 0 14.8 0.4 0 0.6000000000000001 0 0 0.8 0 0.8 30.200000000000003 0 59.800000000000004 74.4 22 107.80000000000001 30.400000000000002 41.6 28.6 26.200000000000003 66.2 10.8 6.6000000000000005 10 24.400000000000002 10 11.4 54.2 26.6 28.8 0 0 0 0.2 0 0 0 0 0.2 0.2 0.6000000000000001 0 0.4 0.8 0 0.4 0 0 0 1 0 0 0 0.6000000000000001 0.2 0.8 0.6000000000000001 0 0.6000000000000001 0 0.4 0 0 0.4 0.6000000000000001 0 0.2 0 0.6000000000000001 0 0 0 0 0 0 0 0 0 0 0 0 0.4 0 0 0 0 0 0 0 0 1.4000000000000001 0.2 5.4 3 1 5.2 2.4000000000000004 2.4000000000000004 3.8000000000000003 1.8 8.4 4.800000000000001 2.4000000000000004 0 4.6000000000000005 0 4.6000000000000005 1.6 0 0 0 0 0 0 0 0 0.2 0 0 0 0.2 0 0.2 0 0.2 0 0 0 3.8000000000000003 0 0.2 0 0 0 0 1.6 0 0 0 0 0 0 0 0 0.2 0 0 0 0 0 0 0 0 0 0 0 0 0 0 0 0 0.2 0 0 0 0 0 1.2000000000000002 0.6000000000000001 0 2 9.4 3 6.2 14.8 0.4 6 3.2 6 1.8 3 1.8 0 0 9.200000000000001 4.6000000000000005 3.8000000000000003 0 4 0.8 0.2 0 0 0 0 0.4 0 0 0 0 0 0 3.6 0 0 0 0 0 0 1 0 0 0 0 0 0 0.4 0 0 0 0 0 0.4 0 0.4 0 0 0 0 0 0 0 0.2 0 0 0 0 0 0 0 0 0 0 0 0.4 0 0.8 0.2 0 0 0.4 0 0 0 0 0 0 0 0 0 0 0 0 0 0 0 0 0 0 0.4 0 2.8000000000000003 0 0 0 1.2000000000000002 0 0 0 0 
 0 0 0 0.4 23 0 0.4 1.4000000000000001 0 0 0 0 14.8 0.6000000000000001 0.4 2.6 0 0.4 0 0 29.400000000000002 59.800000000000004 0 44.800000000000004 68.60000000000001 33.2 11.4 76.80000000000001 39 29.8 29.8 16.8 35.800000000000004 8.8 95.4 28.400000000000002 27.200000000000003 47.800000000000004 13.4 84.80000000000001 0 0 0 0.4 0 0.2 0 0 0.2 0 0 0 0 0 0 12.8 0 0 0.2 0.6000000000000001 0 2.2 0 0 0 0 0.6000000000000001 1.6 0.4 0 0.4 0 0 1.4000000000000001 0.6000000000000001 0 1.4000000000000001 0 8 0 0 0 0 0.2 0 0 0 0 0 0 0 0 0 0 0 0 0 0 0 0 0.2 1.4000000000000001 3.8000000000000003 6.6000000000000005 9.600000000000001 9 3.2 2.6 0 4.4 0 2.8000000000000003 0.6000000000000001 2 2.4000000000000004 0.2 3 6.2 2.4000000000000004 4.800000000000001 1.8 0 3.2 0 0 0 0.2 0 0 0 0.4 0 4.2 0 0 0 0.4 0 2.6 0.2 0 0 0 0 0.2 0 0 0.4 0 0 0 0.2 0 0 0 0 0 0 0 0 0 0 0 0 0 0 0 0 0 0 0 0 0 0 0 0 1.2000000000000002 1.6 3.6 0 0 7.800000000000001 7.4 10.600000000000001 3 0 0.6000000000000001 0 2.6 0 2.6 6.4 0 0 8.6 5 7 0.2 0 0 2.6 0 0 0 0 0 0.2 0 0 0 0 0 3.4000000000000004 1.8 0 0 0 0 1.8 2.4000000000000004 0 0 0 0 0 0 0 0 0 0 0 0 0 0 0 0 0 0 0 0 0 0 0 0 0 0 0 0 0 0 0 0 0 0.2 1 0.4 0.4 1.2000000000000002 15.4 0 0.4 0.4 0 0 0 0 2.6 0 0 0 0 0 0 0 0 0 0 0 0 0 0 2.8000000000000003 0 0 0 3.8000000000000003 0 0 0 0 
 0.4 0 0 0 0 0 0.2 0 0 4.800000000000001 0 0 0 0 0 0 0 0 0 0 31 74.4 44.800000000000004 0 34.800000000000004 21.8 13.600000000000001 23.400000000000002 75.8 50.6 34.4 63.6 12.8 19.200000000000003 27.400000000000002 51.6 18.400000000000002 30.8 20.8 17 0 0 0 0.4 0 0 13 0.8 0.2 0 0 0 0.2 0 2 0 0 0.4 18.2 12.4 1.4000000000000001 0.8 0 0 0 0 0.6000000000000001 8 0.6000000000000001 0 0.4 0 0 11.600000000000001 0 0 0.6000000000000001 0 0 0 0 0 0 0 0 0 0 0 0 0 0 0 2.2 0 0 0 0 0 0 0 0 0 2.8000000000000003 1.8 0 5.2 0 0 3.8000000000000003 7.2 5 2.2 0 0 0 4.800000000000001 0 5.2 0 0 8.8 0 0 0 0 0 0 0.4 0 0 0 0 3.2 0 0 0 0 0 1.8 3.6 0 0 0 0 0 0 0 0 0 0 0 0 0 3.2 0.8 0 0 0 0 0 0 0 1.2000000000000002 0 0 0 0 0 0 0 0 0 0 0.8 0 0 0 0 0 0 0 5.4 3.6 17 12.600000000000001 5 2.8000000000000003 2 1.4000000000000001 4 7.800000000000001 0 0 0 3.4000000000000004 0 2 9.8 0 0 0 0 0 0 0 0 0 0 0.2 0 0 0 11.200000000000001 0.2 0.2 0 0 0 6.4 3.4000000000000004 0 0 0 0 0 0 0 0 0 0 0 0 0 0 0 0 0 0 0 0 0 0 0 0 0 0.4 0 0 0 0.2 0 0 0 0 1 0.2 0.2 10.200000000000001 0.4 0 2.2 5.2 0 0 0 0 0 0 0 0 0 0 0 0 0 0 0 0 0 0 0 2.2 0 0 0 0 3.8000000000000003 0 0 0 
 0.6000000000000001 0.8 15.4 1.4000000000000001 0.6000000000000001 1 1 1.4000000000000001 0.6000000000000001 0.6000000000000001 0.6000000000000001 0.6000000000000001 0.6000000000000001 0.8 1 0.6000000000000001 0.6000000000000001 0.6000000000000001 0.6000000000000001 0.6000000000000001 5 22 68.60000000000001 34.800000000000004 0 50.800000000000004 10.200000000000001 12.200000000000001 23.400000000000002 38.400000000000006 20.200000000000003 32.800000000000004 29.200000000000003 10.4 35.4 16.2 9.4 9.200000000000001 19 24.400000000000002 0 0 1.4000000000000001 0.6000000000000001 0 0 13.200000000000001 0 0.4 0.4 0 0 13.600000000000001 0 1 0 0 0 12.200000000000001 38.800000000000004 0.2 1.4000000000000001 0 0 0.2 0 0 0 0 0 0.2 0 0 0.8 0 0 1.6 0 0 0 0.4 1.4000000000000001 0 0 0 0 0 0 0 0 0 0 0 0 0 0 0 0.2 0 0 0 0 0.6000000000000001 0.8 5.800000000000001 2.4000000000000004 5 3.6 0 0 2.2 0 0 0 0 0 0 2.4000000000000004 0 1.6 1.6 4.6000000000000005 0 0 0 0 0 4.6000000000000005 4.6000000000000005 0.4 0 0 1.6 4.800000000000001 4.4 0 2 0 5.800000000000001 3 3.4000000000000004 0 0 0.2 2.6 0 0 0 0 0 0 1 0 0 0.8 2.2 0 0 0 0 0 0 1.6 0 0 0 0 0 0 0 0 0 0 0 0 0 0 0 0 0 3 3.6 0 4.2 0.2 4.4 0 0 3.6 0 2.6 0 0 0 2.4000000000000004 2.8000000000000003 0.2 2.2 0 0 16.6 2.6 2.4000000000000004 0 0 0 5 0 0 3 0 6.800000000000001 1.8 0 0 0.4 0 1.8 5.2 2.2 0 0 0.2 0 0.2 0 0 0.2 0 0 0 0 0 0 0 0 0 0 0 0 0 0 0 0 0 0 0 0 0 0 0 14.600000000000001 0 0 1.6 0 0.4 2.4000000000000004 0.4 0.2 0 2.6 0 0 0 0 3 0 0 0 0 0 0 0 0 0 0 0 0 0 0 4.2 4 0 0 0 0 0 0 0 
 0 5.4 0 0 0 0 0.2 0 0 0 0 0 0 0 0 0 0.4 0 11.600000000000001 0 10.200000000000001 107.80000000000001 33.2 21.8 50.800000000000004 0 4.4 42.6 68 48.6 56.2 78.4 7.6000000000000005 13.200000000000001 30.6 15.200000000000001 58 25.200000000000003 18.2 64.2 0 0 1.8 0.4 0 0 0.2 0 0.2 0 0 0 13.8 0.4 2.2 0.6000000000000001 0 0 0 11.8 0 1.4000000000000001 0 0 0.2 0 0.6000000000000001 0.6000000000000001 0.6000000000000001 0 0.4 0 0 1.2000000000000002 0.6000000000000001 0 0.8 0 0.4 0 0 0 0 0 0 0 0 0 0 0 0 0 0 0 0 0 0 0 0 0 0 4.4 2 2.2 5.4 3.4000000000000004 2.6 0 0 6.4 0 0.2 0 0 0 0.2 5 4.2 0 0 0 4.4 0.2 0 0 0 0 4.6000000000000005 0 0 0 0 0.8 6.800000000000001 2.4000000000000004 0 0.8 0 1 2.4000000000000004 1.2000000000000002 0 0 0 2.4000000000000004 0 0 0 0 0 0 1.4000000000000001 0 0 0.6000000000000001 0 0 0 0 0 0 0 0 0 0 0 0 0 0 0 0 0 0 0 0 0 0.2 0 0.4 0 0 4 0 9 14.600000000000001 2.8000000000000003 0 0 0 0 3.6 0 0 0 2.8000000000000003 3.6 1.8 2 3.2 0 2.2 0 2 0 0 0 0.2 0 0.2 0 0 0 0 3.8000000000000003 0 0 0 3.2 2.4000000000000004 0 0 0 0 0 0 0 0 0 0 0 0 0 0 0 0 0 0 0 0 0 0 0 0 0 0 0.4 0 0 0 0 0 0.4 0 0.4 1.4000000000000001 0.2 0 0 0.4 0.2 1.4000000000000001 3.6 0 0 0 0 2.2 0 0 0 0 0 0 0 0 0 0 0 0 0 0 3.8000000000000003 4.6000000000000005 0 3.2 2.4000000000000004 0 0 0 0 
 0 0 0 12.4 11.600000000000001 24.8 0 0 15.200000000000001 19.400000000000002 15 29.400000000000002 0 0 0 0 4.800000000000001 28.6 0.4 0 24.6 30.400000000000002 11.4 13.600000000000001 10.200000000000001 4.4 0 30.400000000000002 13.200000000000001 7.2 11.200000000000001 12.600000000000001 11.8 19.8 27.200000000000003 29.8 18.6 3 11.200000000000001 64.60000000000001 0 0 0 0 0.8 0 0 0 0 0 0 0 0 0.2 0 0.4 0 0 0 0.6000000000000001 0 0 0 0 0 0 0.6000000000000001 0 0.6000000000000001 0 0.4 0 7.4 0 0.6000000000000001 0 0 1 0.4 0 0 0.6000000000000001 4.4 3.4000000000000004 0 5.2 0 0 2 1.2000000000000002 0 0 0.2 0.4 0.2 0 0 0 0 0 2 4 0 4.800000000000001 2.6 0 0 1.8 2.4000000000000004 3.8000000000000003 2.2 1.6 0 2.4000000000000004 3.2 4.4 3.2 2.8000000000000003 2.4000000000000004 8.8 0 0 0 0 0 0 0.2 0 0 0 0 0 0 0 0 0 0 0 0 0 0 0 0 0 0 0.2 0 0 0 0 0 0 0.4 0 0 0 0 0 0 0 0 0 1.4000000000000001 2.8000000000000003 0 0.2 0 0 0 3.6 9.200000000000001 1.8 0 0 0 0 0.4 0.6000000000000001 0 0 1.6 0 4.800000000000001 0 0.4 0 0 2.2 3 2.8000000000000003 0 0.4 2.6 4.4 0 0 0 0.2 0 1.6 0 0 0 0 0 1 0 0 0 0 0 0 0 0.2 0 0 0 0 0 0 0 0 0 0 0 0 0 2.8000000000000003 0 0 0 0 0 0 0 0 0 0 0.2 0 0 0 0 0 0 0 0 0 0.4 0 0 0 0 0 1.8 0.4 0 1.2000000000000002 0.4 0 0 0 0 0 0 0 0 0 0 0 0 0 0 0 0 0 0 0 0 0 0 0 0 0 0 0 0 0 0 0 
 0.4 1 0.6000000000000001 0.4 1.2000000000000002 0.4 0.4 0.6000000000000001 0.4 0.4 0.4 15.4 1 0.4 1 0.4 0.4 0.4 1.4000000000000001 0.4 27.8 41.6 76.80000000000001 23.400000000000002 12.200000000000001 42.6 30.400000000000002 0 62.800000000000004 38.6 41.800000000000004 5.800000000000001 18.8 136.8 56.800000000000004 30.200000000000003 12.200000000000001 52.800000000000004 34 21 0 0 0 0.2 0.2 0.2 0 0 0.4 0 0 0 12.600000000000001 0.2 0 0.4 0 0 4.4 13.200000000000001 0 0 0 0 0 0 2 0 0.6000000000000001 0 0 0 0 0 0.6000000000000001 0 0 0.6000000000000001 0.4 0 0 0.2 1.6 0 0.4 0 0 0 0 0 0 0 0 0 0 0 0 0 0 0 0 3.8000000000000003 0 8 1.8 0 0 0 7.4 4.2 8.6 1.8 1.8 6 7 8 1.6 6.6000000000000005 3.2 4.6000000000000005 0 0 0 0 0 0 0 0 0 0 0 0 0 0 0 0 0 0 0 1.8 0.2 0 0 0 0 0.2 0 0 0 0 0 0 0 0 0 0.4 0 0 0 0 0 0.2 1.8 0 0 4 0 0 0 0 0 0 0 0 0 0 0 0 0 0 2 13 2.6 5.800000000000001 0 0 0 3.8000000000000003 1.4000000000000001 2.6 5.6000000000000005 5.800000000000001 0 0 2.8000000000000003 0 2 0.8 3.2 0 0 0.4 0 0 0 0 2.6 0 0 0 0 0.2 0 2 0 0 0 0 0.8 1.4000000000000001 0 0 0 0 0 0 0 0 0 3 0 0.4 0 0 0 0 0 0.2 0 0 0 0 0 0 0 0 0.4 0 0 0 0 0 0 0 0.4 0 0.6000000000000001 17 0.8 0 4.4 0 0 0 0 0 0 0 0 0 0 0 0 0 0 0 0 0 0 0 0 0 0 0 0 0 0 0 0 0 
 0.6000000000000001 0.6000000000000001 0.6000000000000001 1 15.600000000000001 0.6000000000000001 0.6000000000000001 1.4000000000000001 0.6000000000000001 0.6000000000000001 0.6000000000000001 0.6000000000000001 1 0.6000000000000001 0.6000000000000001 0.6000000000000001 0.6000000000000001 0.6000000000000001 1 0.6000000000000001 24.400000000000002 28.6 39 75.8 23.400000000000002 68 13.200000000000001 62.800000000000004 0 20.8 24.8 51.400000000000006 47.400000000000006 77 39.400000000000006 92.2 30.8 8.8 22.400000000000002 43.800000000000004 0 0 0 10.8 0 0.2 0 0 0.4 1 0 0 0 0.2 0 0.4 0 0 0 0.6000000000000001 0 1.8 0 0 0 0 0.6000000000000001 0 0.6000000000000001 0 0.2 0 0 0.8 0.6000000000000001 0 6.800000000000001 0 0.4 0 0 0 0.4 0.4 0 0 0 0 0 0 0.2 3.2 0.2 0 0.2 0 0 0 0 0 3.2 5.6000000000000005 2.6 7.800000000000001 3.4000000000000004 0 2 5 5.2 7.2 0 0 0.6000000000000001 3.8000000000000003 4.800000000000001 2.2 0 4.6000000000000005 0.6000000000000001 4.4 0 0 10.4 0 0 0 2.4000000000000004 0 0 0 0 0 7.6000000000000005 0.2 0.6000000000000001 0 0 0 0 1.6 0 0 0 0 0 0.2 0 0 0 0 0 0 0 0 0 0 0 0 1.2000000000000002 0 0 0 1.6 0.4 0 0 0 0 0 0 0 0 0 0 0 0 0 0 0 0 4.6000000000000005 8.6 7 0 0.6000000000000001 0 0 0.4 6.2 2.4000000000000004 1.8 4.4 0.6000000000000001 0 8 4 6.800000000000001 1.4000000000000001 2 0 2.6 0 0 0 0 0 0 0 0 0 3 0 0.2 0 0 1.8 0 0 3.8000000000000003 0 0 0 0 0 2 0 0.2 0 0 0 0 0 0 0 0 0 0 0 0 0 0 0.4 2.6 0 0 0 0 0 0 0 0 0 0 0 0.6000000000000001 0.2 0.4 0.2 0 0 3 0 0 0 0 0 4.2 0 0 0 0.2 0 0 0 0 1.8 0 0 0 2 0 0 0 0 0 0 0 0 0 0 
 0 0 0 0 0 0 0 0 0 0 0 0 0 0.6000000000000001 0.2 0 0 15.8 0 0 15.200000000000001 26.200000000000003 29.8 50.6 38.400000000000006 48.6 7.2 38.6 20.8 0 22 29.8 36.4 34.800000000000004 76.2 40.800000000000004 32.6 62.800000000000004 90.2 35.800000000000004 0 0 41.400000000000006 0 3.8000000000000003 0.2 41.400000000000006 0 0.4 0 0 0 12.4 0.2 0.2 0.4 0 0 0 25.6 0 0 0 0 0.8 0 1 0 0.6000000000000001 0 0.2 0.2 0 0 0.6000000000000001 0 0.2 0 0.4 0 0 0 3.4000000000000004 0 0.6000000000000001 0 0 0 0 0.4 0 0 0 0 0 0 0 0 0 0 0.2 2.6 1.8 2.2 0 4 0 5.4 0.2 6.800000000000001 2 0 0.2 3.4000000000000004 1.4000000000000001 2.8000000000000003 0 0.4 0 6.4 3.4000000000000004 4.4 0 0 0 0 0 0 0 0 0 0 1.4000000000000001 0.8 0 0 2 0 0.6000000000000001 0.2 0.8 0 0.4 0 0 0 0 0 0 0 0 2.2 0 0 0.6000000000000001 0 0.2 0 0 0 0 0 0.6000000000000001 0 2.4000000000000004 0 0 2.2 0 0 0 0 0 0 0 0 1.4000000000000001 0 0.8 0 2.4000000000000004 2.2 0 6.6000000000000005 10.600000000000001 1.8 0 0 2.4000000000000004 1 3.2 0 0.2 0 0 2.4000000000000004 2.6 8.6 0 0 0 3 0 0 0 0 2.8000000000000003 0 0 0 0 0 0 2 0 0 0 0.2 5.6000000000000005 0 0 0 0 0.4 0 0 0 0 0 0 0 0 0 0 0 0 0 0 0 0 0 0 0 0 0 0 0 0 0 0 0 0 0 0 1 0 0.4 7.6000000000000005 0.8 0.2 0.8 4 0 0 0 0 0 0 0 0 0 0 0 0 0 0 0 0 0 0 0 2.4000000000000004 0 0 0.2 0.2 0 0 0 0 
 0 0 0.2 0 0 0.6000000000000001 0 0 0 0 0.2 0 0 0 0.4 0 0 0.4 0.8 0 20 66.2 29.8 34.4 20.200000000000003 56.2 11.200000000000001 41.800000000000004 24.8 22 0 115 21 13.4 27.6 38.2 72.60000000000001 120.80000000000001 6.6000000000000005 86.80000000000001 0 0 0 0 0 0 30.6 0 0.4 3.2 0 12.4 0 16 0.2 0.4 0 0 42.2 25.6 0 0 0 0 0 0 0.6000000000000001 1.2000000000000002 0.4 0 0.2 0 0 9.4 0.6000000000000001 0 0.2 0 0.4 0 0 0 0 0 0 0 0 0 0 0 0 0 0 0 0 0 0 0 0 0 0 2.8000000000000003 0.4 2.4000000000000004 2.2 4.2 0 0 2.2 1.6 0 13.600000000000001 0 0 2.6 0 0.4 6 0 2.4000000000000004 3.6 0 3.4000000000000004 0.2 0 0 3.8000000000000003 2.4000000000000004 2 2.2 0 0 6.6000000000000005 0 0 0.6000000000000001 0.6000000000000001 0 0 0.2 0 0 0 0 0 0.2 0 0 0 0 1.8 3 0 0 0 0 0 0 0 0 0 0 0 1 0 0 0 0 0 0 0 0 0 0 0 0 1.2000000000000002 0 2.2 0 0 2 9 0 3.2 5.6000000000000005 0 0 0 6.2 1.8 2.2 0 0 0.2 0 2.2 2.8000000000000003 0 0 5.800000000000001 0 0 0 0 0 0 0 0 0 0 0 0.4 2.6 0 2.2 0 0 4 4 0 0 0 0 0 0 0 0 0 0 0 0 0 0 0 0 0 0 0 0 0 0 0 0 0 0 0 0 0 0 0 0 0 0 1.2000000000000002 0 0 17.6 15.8 0.6000000000000001 0 0 0 0 0 0 0 0 0 0 0 0 0 0 0 0 0 0 0 0 0 0 0 0 0.4 0 3.2 0 0 0 
 0.2 0.4 0.4 0.4 0.2 0.2 1.4000000000000001 0.8 0.2 0.2 0.2 0 0.6000000000000001 0.4 1 0.8 0.2 0.8 0.4 0.4 4.6000000000000005 10.8 16.8 63.6 32.800000000000004 78.4 12.600000000000001 5.800000000000001 51.400000000000006 29.8 115 0 6.800000000000001 38.400000000000006 52.6 68.4 19.400000000000002 12.8 23.400000000000002 24.400000000000002 0 0 0 0 0 0 0 1.2000000000000002 4 0.4 0 0 0 0 0 0.2 0 41.800000000000004 0.8 23.8 0 0 0 0 0.4 0 0.4 0 0.2 0 0 0.2 0 0 0.4 0 0.2 0 0.4 0 0 0 0 0 0 0 0 0 0 0 0 0 0 0 0 0 0 0 0 0 4.6000000000000005 0 6.6000000000000005 6.6000000000000005 0 9.600000000000001 3.6 5 0 0 0 3 0 0.2 0 0 0 0 0 0 3.6 5.4 0 0 0 0 2.2 2.2 0 0 0 0 4.6000000000000005 1 0 0 3.6 0 5.800000000000001 0 0.8 0 0 0 0 0 0 0 0 0 0 0.4 0 0 0.6000000000000001 0 0 0 0 0 0 0.4 0 0 2 0 0 0 0 0 0 0 1.8 0 0.2 0 0 0 0 0 0.8 0.6000000000000001 4 7.4 9.8 0.8 0 0 0 0 3.2 2.4000000000000004 1.6 0 3.4000000000000004 0 2.6 2.4000000000000004 0 1.8 0 0 0 0 0 0 0 0 0.2 0.4 0 0 2.4000000000000004 0 0 0 0 0 2.6 1 0 0 4.800000000000001 0 0 0 0 0 0 0 0 0 0 0 0 0 0 0 0 0.6000000000000001 0 3.4000000000000004 0.2 0 0 0 0 0 0 0.4 0 0 0 0 0.8 0.4 0.4 15.8 1.4000000000000001 0 1.2000000000000002 3.6 0 0 0 0 0 0 0 0 0 0 0 0 0 0 0 0 0 0 0 5.6000000000000005 0 0 0.2 0 0 0 0 0 
