 0 15 95.2 13.600000000000001 20 4.2 28.400000000000002 60.400000000000006 24 7.4 27 8 13.8 43.800000000000004 28.6 9 52.6 22.8 44.800000000000004 31.8 0.2 0.4 1 0.2 0.8 0.2 0.6000000000000001 0 0.6000000000000001 0.4 0.6000000000000001 1 0 0.4 0.2 0 0.8 0.8 0.6000000000000001 0 0.4 0 0.4 0.4 0.4 1 0.4 0.6000000000000001 0 0.4 0.4 1 0 1.6 0.4 0 0.4 1.6 0.4 1 0.4 0 0 11 0.4 0.4 0.4 0 8 0.4 9.4 0.6000000000000001 0 0.8 0.8 0.6000000000000001 0 0.6000000000000001 0 0.4 4.6000000000000005 0 3.4000000000000004 4.800000000000001 0.8 0 0 3.4000000000000004 0 5.2 0 0 3.6 2.6 3.6 3.4000000000000004 1.8 0 2.8000000000000003 7 0 0 0 0 0.2 0 0 0.2 0 0 0.4 0 0 0.4 0 0 0 0.2 0.2 0.6000000000000001 0 0 0 0 0 0 0 0 0 0 0.2 0 0 0 0 0 0 0 0 0 0.4 0 0 0 1.8 0 0 0 0 0 0 0 0 0 0 0 0 0.2 0 0 1.6 7.2 9.4 0 0 0.6000000000000001 0 1.2000000000000002 0 0 0 0 0.2 4.800000000000001 1.6 2 2.2 2 0 6.6000000000000005 0 0 0 0 0 0 0.2 0 0 0 0 5 0 0 0 0 0 0 0 4.800000000000001 0 0 0 0 0 0 0 0 0 0 0 0 0 0 0 0 0 0 0 0 0 0 0 0 0 0 0 0 0 0 0 0 0 0 0 0 0 0.6000000000000001 0.2 0 0 0 0 0 0 0.4 0.4 0 0.4 0.6000000000000001 0.2 4 0 0 0 0 0 0.2 0 0 0 0 0 0 0.4 0 0 0 0 0 0 0 0 0 0 0 0 0 0 0 0 0 0 0 0 0 0 0 0 0 
 15 0 25.8 59.2 39.6 7 26.6 36.6 10.600000000000001 27.200000000000003 23.8 24 69.2 8 55.400000000000006 21.400000000000002 6.2 30.200000000000003 27.6 23.6 0 0 0.6000000000000001 0 0.6000000000000001 15.600000000000001 14.8 0 0 0 0.6000000000000001 0.6000000000000001 0 0.4 0.2 0.2 0.4 0 0.2 0 0 0 4.2 0 2.6 0 0 0 2.4000000000000004 4.2 0 18.2 0 0.8 12.600000000000001 4.2 9.4 0.6000000000000001 0 0.6000000000000001 0.2 0 0 0.8 0.2 0 0.4 10.200000000000001 0 0.4 0 0.6000000000000001 2 0.6000000000000001 0.6000000000000001 0 0 0.6000000000000001 0 2 3.4000000000000004 0.2 6.4 5.4 0 4.6000000000000005 9.600000000000001 11 0 2.4000000000000004 6.2 2.2 1 5 8 0.2 8 3.2 0.2 0 0 0 0 0 0.4 0 0 1.8 0 0 0 0 2.8000000000000003 0.4 0 0 0 0.2 0 4 0 0 0 0 0 0 0 0 0 0 0 0 0 0 0 0 0 0 0 0 0.4 0 0.2 0 0 0 0 0 0 0 0 0 0 0 0 0.4 0 0 0 0 5.4 3.6 0 0 0 0 1.4000000000000001 0.2 2.4000000000000004 6 0 0 2 1.4000000000000001 8 3 0 2.6 1.6 2.4000000000000004 3.4000000000000004 0 0 0 0 0 0 0 0 0 0 0 0 0.4 0 0 0 0 2.4000000000000004 0 0 0 0 0 0 0 0 0 0 0 0 0 0 0 0.2 0 0 0 0 0 0 0 0 0 0 0 0 0 0 0 0 0 0 0 0 0 0 0 0 0 0 2.2 0 0 0 0 0.4 0.4 0 0 0 2.6 2 0 0.2 0 0 0 0 0 0 0 8.4 0 0 0 0 0 0 0 0 0 0 0 0 1.6 0 0 0 0 0 0 0 0 0 0 0 0 0 0.4 
 95.2 25.8 0 24.200000000000003 48.400000000000006 41 35 53.400000000000006 52.800000000000004 31.8 11.200000000000001 8.200000000000001 30.8 48.800000000000004 24.6 77.60000000000001 11 92.80000000000001 14.8 13.4 0 0.4 0.6000000000000001 0 0.6000000000000001 0.4 15.8 0 0 0 0 0.6000000000000001 27.6 0.6000000000000001 0 0.6000000000000001 0.6000000000000001 0.2 15.600000000000001 41.800000000000004 0 0 0 0 0 11.200000000000001 0 0 0 0 0 0.6000000000000001 0 0.4 0 0 0 13.200000000000001 0 0.6000000000000001 0.6000000000000001 0 0 0.6000000000000001 0 0 0.4 0 0 0.4 0 7 0 0.6000000000000001 0 0 0 0.4 0 0 2.8000000000000003 0 0.2 3.6 14 0 2.2 0 0 6.6000000000000005 0 2.2 1.6 8.8 3.2 0 2.6 5.800000000000001 1.8 11 0 0 0 0 0 0 0 0.2 0 0 0 0 2 0 0 0 0 0 0 2.2 0 0 0 0 0 0 0 0 0 0 0 0 0 0 0 0 0 0 0.4 0 0 0.8 0 0 0.4 0 0 0 0 0 0 0 0 0 0 0 0 0 0 0 3 0 5.2 7.2 8 3 1.8 4.6000000000000005 0 0.2 11.4 1 0.4 2 0.4 8.8 2 5 1.6 0 0 0 0 0 0 0 4.6000000000000005 3.4000000000000004 0 0 0 0 0 1.4000000000000001 0 0 2 0 0 5 0 0 0 0 0 0 0 0 0 0 0 0 3.4000000000000004 0 0.4 0 0 0 0 0 0 0 0 2.2 0 0 0 0 0 0 0 0 0 0 0 0 0 0 0 0 0 0 0 0 0 0 0.4 0 0.8 18 2.6 2.2 0 0 0.4 0 0 0 3 0 0 0 0 0 0 0 0 0 0 0 0 0 0 0 0 2.6 2 0 0 0 0 0 0 0 0 0 0 0 0 0 
 13.600000000000001 59.2 24.200000000000003 0 43.800000000000004 24.400000000000002 59.800000000000004 74.60000000000001 34.2 53.400000000000006 73.4 25.8 30.400000000000002 23.400000000000002 50 39.800000000000004 45.6 24.6 48.2 45.2 0 0.2 0.6000000000000001 0 0.6000000000000001 0 0.4 0.2 0 0 0 0.6000000000000001 4.2 15.600000000000001 0 0 0.6000000000000001 0 3.8000000000000003 8.8 0 0 0 0 0 0 0 0 0 0 0 0.6000000000000001 0 1 0 0 0 0.6000000000000001 12.8 0.6000000000000001 0 0 0 0 0 0 0.4 0 0 0.6000000000000001 0 8 0 0.6000000000000001 0 0 0 0.6000000000000001 0 0 8 4.800000000000001 0.4 2 3.8000000000000003 0 8.200000000000001 11.4 6.4 6.4 3 2.8000000000000003 0.2 3 0 3.4000000000000004 3 4 0.4 0.8 2.2 0.4 0 0 0 0 3.6 2.4000000000000004 2 0 0 0.4 0 4.6000000000000005 0 0 5.4 0 4.800000000000001 0.2 0 0 0 0 0 0 0 0 0 0 0 0 0 0.2 0 0 0 0.2 0 0 0 0 0 0 0 0.4 0 0 0 0 0 1.8 0 0 0 0 0 0 0 0 0 2.2 0.6000000000000001 0 8.4 0 0 0 0.4 0 3.2 1.6 0.4 0 0 0 3 0.6000000000000001 0.2 0 0 0 0 0 0 0 2.8000000000000003 0 0.4 0 0 0 5.800000000000001 0.2 2 0 0 0.4 8.8 4.4 0 0 0 0 0 0 0 0 0 0 0 0 0 0 0 0 0.4 0 0 0 0 0 0 0 0 0 0 0 0 0 0 0 0 0.2 0 0 0 0 0 0 0 2.6 0 0 0 0 0.2 0 0 18.2 0 4.800000000000001 0 0 0 0 0 0 0 0 0 0 4.2 0 0 0 0 0 0 0 0 0 0 0 0 0 1 2.2 0 0 0 0 0 0 0 0 0 0 0 0 
 20 39.6 48.400000000000006 43.800000000000004 0 48.400000000000006 7.2 11.600000000000001 22.6 33.4 36.2 45.6 13.600000000000001 16.8 18.6 57.6 25.8 26.200000000000003 71.60000000000001 21.6 2 0 0.6000000000000001 0.4 0.6000000000000001 0.4 4.2 14.8 0.4 0 0 1 17.2 16.2 0 0 0.6000000000000001 0.6000000000000001 28 19.200000000000003 0.2 0.4 0 0 0 0 0 0 0 0 12.8 0.6000000000000001 0 0.4 0 0 12.8 0.6000000000000001 12.200000000000001 0.6000000000000001 0.2 0 0 1 0 0 0.4 0 0 0.4 0 0.6000000000000001 0 0.6000000000000001 0 0 0 0.6000000000000001 0 0 2.2 1.8 2.4000000000000004 5.800000000000001 1.4000000000000001 0.2 3.8000000000000003 11.4 0 6.800000000000001 2.8000000000000003 3.2 0 2.6 8.8 1.8 0 5.6000000000000005 0 0 3.8000000000000003 2 11 0 0 0 2.2 8.200000000000001 2 0 8.200000000000001 0 3 3.8000000000000003 0 0 0 0 3.6 0 0 0 0 0 0 0 0 0 0 0 0 0 0 0 0 0 0 0 0 0 0 0 0 0 0 0 0 0 0 0 0 4.2 0 0 0 0 0 0 0 0 2.6 3.2 3 2.8000000000000003 0 0 1.8 3 4.6000000000000005 0 0.2 3.2 0.4 0 3.8000000000000003 2.6 2 2.2 0 0 0 0 0 0 0 0 2.2 2.6 2 2.6 0 0 7.6000000000000005 0.8 6 0 1.4000000000000001 0 4.4 2 0 0 0 0 0 0 0 0 0 0 0 0 0 0 3.8000000000000003 0 0 0 0 0 0 0 0 0 0 0 0 0 0 0 0 0 0 0 0 0 0 0 0 0 0 0.8 0 0 0 0.8 17.400000000000002 0 17.400000000000002 0.8 3 0.8 0.2 0 0 0 0 0 0 0 0 0 3.4000000000000004 0 0 0 0 0 0 0 0 0 0 0 0 2.8000000000000003 3.2 2.2 0 0 0 0 0 0 0 0 0 0 0 0 
 4.2 7 41 24.400000000000002 48.400000000000006 0 3.4000000000000004 5.800000000000001 25.400000000000002 47.6 32.2 29.6 7.2 28.8 55.6 41.400000000000006 12.8 50.6 26.6 57.2 29.400000000000002 0 0.6000000000000001 0 1 0.4 15.4 6 0 0 0 0.6000000000000001 37.6 15.600000000000001 0 0.4 0.6000000000000001 0 16 18.6 0 0 0 0 0 0 0 0 0 0 0 0.6000000000000001 0 0.4 0 0 0 0.6000000000000001 12.600000000000001 0.6000000000000001 0 0 0 0 0 0 0.4 0 0 0.6000000000000001 0 0.6000000000000001 0 0.6000000000000001 0 0 0.2 0.6000000000000001 0 0 0 0 0 0 7 0.2 0 0 0.4 4.2 1.2000000000000002 5.6000000000000005 0 0 5.2 0.2 10 7.6000000000000005 0 0 2.6 3.2 3 0 0 0 2.4000000000000004 0.4 1.2000000000000002 0 3 0 2 3.8000000000000003 2 0 0.8 0 0.4 0 0 0 0 0 0 0 0 0 0 0 0 0 0 0 0 0 0 0 0 0 0 0 0 0 0 0 2 0 0 0 0 0.4 0 0 0 0 0 0.2 0 0 0 1.2000000000000002 4.800000000000001 6.2 3.2 0 0 0 0 0 5 0 0 0 0 1.4000000000000001 3.8000000000000003 0 0 0 0 0 0.2 0 0 0 2.8000000000000003 3 0 2 4 2.2 3 3.8000000000000003 1.8 3 3.2 0 0.2 2 0 0 0 0 0 0 0 0 0 0 0 0 0 0 0 0 0 0 0 0 0 0 0 0 0 0 0 0 0 0 2.8000000000000003 0 0 0 0 0 0 0 0.2 0 0 0 0 0 0 0.4 16.8 0 0.4 18 2.4000000000000004 1 0 0 0 0 0 0 0 0 0 0 0 0 0 0 0 0 0 0 0 0 0 0 0 0 2 0 0 0 0 0 0 0 0 0 0 0 0 0 
 28.400000000000002 26.6 35 59.800000000000004 7.2 3.4000000000000004 0 17 15 5.800000000000001 13.200000000000001 7.6000000000000005 43.6 100.4 7.4 10.8 6 6 44.2 74.60000000000001 0 0 0.6000000000000001 0.2 0.6000000000000001 0 0 0.2 0 0 0 0.6000000000000001 0 7.800000000000001 0 0 0.4 0.4 0.2 0 0 0 0 0 0 0 0 0 0 0 0 0.6000000000000001 0 0.4 0 0 0 0.6000000000000001 0 0.6000000000000001 0.6000000000000001 0 0 0 0 0 0.4 11.4 0.4 0 0 0.6000000000000001 3 0.6000000000000001 0.2 0 0 0.4 0 0 3.6 0.4 0 15.4 0 0 0.8 0 5 0 0 0 11 2.2 8.6 0 5.6000000000000005 1.6 0.2 2 0 0 0 0 0 0 1.4000000000000001 0 0 0 0 0 0 0 0 0 0 0 0 0 0 0 0 0 0 0 0 1 0 0 0 0 0 0 0 0 0 0 0 0 0 0 0 0 0 0 0 0 4.4 0 0 0 0 0 0 0 0 0 0 0 2.2 0 1 0 0 9.4 2 3 2 1.8 0 0 0.6000000000000001 4.800000000000001 1.4000000000000001 1.8 2.8000000000000003 15.8 11.8 7.2 0 0 0 0 0 0 0 0 0 0 0 0 0 0 0 0 0 0 0 0 0 0 0 0 0 0 0 0 0 0 0 0 0 0 0 0 0 0 0 0 0 0 0 0 0 0 0 0 0 0 0 0 0 0 0 0 0 0 0 0 0 0 0 0 0 0.2 0 0.4 0.8 0 0 3.4000000000000004 0 0 0 0 0 0 0 0 7 0 0 0 0 0 0 0 0 0 0 0 0 7.4 0 0 0 0 0 0 0 0 0 0 0 0 0 0 0 0 
 60.400000000000006 36.6 53.400000000000006 74.60000000000001 11.600000000000001 5.800000000000001 17 0 35.2 9 9.8 28.8 98 60.6 36.6 27.200000000000003 126.2 43.400000000000006 34.4 84.2 0 0 0.6000000000000001 0 0.6000000000000001 0 0.4 0 0 0 0 0.6000000000000001 0 0.4 0 0 0.4 0 0.4 0 0 12.4 0 0 12.4 0 0 0 0 0 0 0.6000000000000001 0 2 0 0 0 0.6000000000000001 0 0.6000000000000001 0.4 0 0 0 0 0 0.4 0 0 0.2 0 7.2 8.6 0.6000000000000001 0 0 0 0.6000000000000001 0 0 3.6 1.8 5.6000000000000005 0 0 1.4000000000000001 9.8 3.6 0.4 6.6000000000000005 3.8000000000000003 1.8 6.2 5.800000000000001 1.8 3.2 0 4 8.200000000000001 0 3 0 0.2 0 0 0 0 0 0 0 0 0 0 0 0 0 1.6 0 0 0 0 0 0 0 0 0 0 0 0.4 0 0 0 0 0 0 0 0 0 0 0 0 0 0 0 2.6 0 0 0 0 0 0 0 0.4 0 0 0 0 0 0.4 0 2.6 4.4 0 0.2 2.4000000000000004 0 5.6000000000000005 3.2 2.4000000000000004 4.6000000000000005 1.2000000000000002 14 0.2 3 4.4 0 2.2 4.800000000000001 1 6.4 0 0 0 0 1.6 0 0 0 0 0 2.6 0 0 0.2 0 0 0 0 0 2.4000000000000004 0.2 0 0 0 0 0 0 0 0.2 0 0 0 0 0 0 0 0 0 0 0 0 0 0 0 0 0 0 0 0 0 0 0 0.4 0 0.2 0 0 0 0 0 0 0 0 0 0 0 0 0 0.2 2 0 1.6 1.8 0 0 0 0 0 0 0 0 0 0 0 0 0 0 0 0 0 0 0 0 0 0 0 1.4000000000000001 0 0 0 0 0 0 0 0 0 0 0 0 1.4000000000000001 
 24 10.600000000000001 52.800000000000004 34.2 22.6 25.400000000000002 15 35.2 0 19.400000000000002 51.800000000000004 5 29 24.400000000000002 44.400000000000006 111.2 15.8 35.2 58 39.400000000000006 0 0 0.6000000000000001 0 0.6000000000000001 0 0.6000000000000001 0 0 0 0 0.6000000000000001 19.6 0.4 0 0.6000000000000001 0.4 0.4 0.4 0 0 0 0 0 0 0 0 0 0 0 0 0.6000000000000001 0 0.4 0 0 12.600000000000001 1.4000000000000001 0 0.6000000000000001 0.8 0 0 0 0 0 0.4 0 0 0.2 0 7.2 0 1 0 0 0 0.6000000000000001 0 0.4 0.2 1.6 0 1.8 4.6000000000000005 2.2 3.6 0 7 6 0 4.2 0 0 3 6.2 4 2 0 2.4000000000000004 4.2 0.6000000000000001 0 0 0 0 1.6 0 0 0 0 4.2 0 2.8000000000000003 0 0 0 0 0 0 0 0 0 0 0 0 0 0 0 0 0 0 0 0 0 0 0 0 0 0 0 2.2 0 0 0 0 0 0 0 0 0 0 0 0 0 0 0 0 0 0 1.6 0 6.6000000000000005 4.4 9.600000000000001 0 2.4000000000000004 6.2 3.4000000000000004 0 3.4000000000000004 5 0.2 2.8000000000000003 3 1.8 0.6000000000000001 2 0 2.4000000000000004 0 0 0 0 0 0 2 0.2 0.2 0 4 0 2.4000000000000004 1.2000000000000002 0 0 0.2 0 2 4.2 0 0 0 0 0 0 1.8 0 0 0 0 0 0 0 0 0 0 0 0 0 0 0 0 0 0 0 0 0 0 0 0 0 0 0 0 0 0 0 0 0 0 0 0 0 0 0.4 0 0.2 0.2 35 2 1.4000000000000001 0 0 0 0 0 0 0 0 0 0 0 0 0 0.2 0 0 0 0 0 0 0 0.2 0 2.6 3.4000000000000004 0 0 0 0 0 0 0 0 0 0 0 0 0 
 7.4 27.200000000000003 31.8 53.400000000000006 33.4 47.6 5.800000000000001 9 19.400000000000002 0 19.6 47.6 9 15.4 31.6 117.60000000000001 46 13.8 20.200000000000003 25.6 0.2 0 0.8 0 0.6000000000000001 0 18.6 0 0 0.4 0 0.6000000000000001 16.400000000000002 0.6000000000000001 0 0.6000000000000001 1 0 0 0.2 0 0 1.2000000000000002 0 1 0 0 0 0 0 13.200000000000001 1.4000000000000001 0 0.4 0 0 13.200000000000001 8.8 0 0.6000000000000001 0 0 0 0 0.4 1.2000000000000002 0.4 0 0 0.8 0 0.6000000000000001 0 0.6000000000000001 0 0 0 1.4000000000000001 0 0 1.4000000000000001 3 1.8 0 6.800000000000001 3.8000000000000003 2.6 1.6 4 15 5.4 4 0 0 0 3.6 5.2 15 2 0 0 0 0 0 0 0 1.4000000000000001 5.800000000000001 0 0 0 0 16.6 2.8000000000000003 0 0 0 0 3.4000000000000004 0 0 0 0 0 0 0 0 0 0 0 0 0 0 0 0 0 0 0 0 0 0 0.2 0 0 0 0 0 0 0 0 0 0 0 0 0 0 0 0 0 0.4 0 2.4000000000000004 5.4 2.6 2.2 2.6 0 0 4 6.6000000000000005 0.2 0 0.2 0 0 1.8 0.4 8.4 0 0 3 0 3.4000000000000004 0 0 0 3.6 3.4000000000000004 2 0.2 0 0 0 5.2 0.8 0 1.4000000000000001 2 5 0 0 0 0 0 0 0 0 0 0 3 0 0 0 0 2.4000000000000004 0 0 0 0 0 0 0 0 0 0 0 0 0 0 0 0 0 0 0 0 0 0 0 0 0 0 2 0 0 0 0.4 18.8 0 18.8 17.400000000000002 3.2 3.8000000000000003 0 0 0 0 0 0 0 0 0 0 1.2000000000000002 0 0 0 0 0 0 0 0 0 0.4 0 0 0 2.6 0 0 0 0 0 0 0 0 0 0 0 0 0 
 27 23.8 11.200000000000001 73.4 36.2 32.2 13.200000000000001 9.8 51.800000000000004 19.6 0 22.200000000000003 6.6000000000000005 9.8 23 81.60000000000001 55 8.8 68 28 0.4 0.4 0.6000000000000001 1.2000000000000002 0.8 0 0 0 12.4 0 0 0.6000000000000001 0.2 24 0 0 0.8 0.2 30.400000000000002 32 0 0 13.600000000000001 0 0 0 0 0 0 0 0 1 0 0.4 0 0 0.4 0.8 0.2 0.6000000000000001 0.6000000000000001 0 0 0 0 0.6000000000000001 0.4 0.4 0 0.4 0 0.6000000000000001 0 0.8 0 0 0 0.8 0 0 0.2 6.800000000000001 6.800000000000001 12.4 2.6 2.6 0 5.800000000000001 2.4000000000000004 2.8000000000000003 6 3.2 0.4 0 0.4 2.4000000000000004 3 0.2 0 3.2 2.6 3.2 0 0.2 0 0 2.4000000000000004 2.4000000000000004 2.6 0.2 0 0 3.8000000000000003 1.8 4.2 3 0 0 3.2 5 0 0 0 0 0 0 0 0 0 0 0 0 0 0 0 0 0 0 0 0.2 0 0 1 0 0 0 0 0 0 0 0 3 0 0 0 0 0 0 0 0 0.2 0 0.2 2.2 8.4 0 0 0 2.8000000000000003 1 0 2.8000000000000003 0.4 0.2 0 0 0 1.2000000000000002 1.2000000000000002 0 0.2 1.2000000000000002 2.4000000000000004 0 3.6 0 0 0 0 3.6 0.4 0 12.200000000000001 0 5.800000000000001 1 0 0 1.8 4.2 0 0 0 0 0 0 0 0 0 0 0 0 0.4 0 3.6 0 0 0 0 0 0 0.2 0 0 0 0 0 0 0 0 0 0 0 0 0 0 0 0 0 0 0 0 0 0 0 0.4 17.6 0 0 0.6000000000000001 0 3.4000000000000004 0 0 0 0 0 0 0 0 0 0 0 0 0 0 0 0.2 0 0 0 0 0 0 0 0 0 2.8000000000000003 0 0 0 0 0 0 0 0 0 0 0 0 
 8 24 8.200000000000001 25.8 45.6 29.6 7.6000000000000005 28.8 5 47.6 22.200000000000003 0 7.4 9.8 5.4 18.2 55.400000000000006 17.2 24.200000000000003 28 0 15.600000000000001 16.2 0.4 0.6000000000000001 0.2 3.8000000000000003 0 0 0 0 0.6000000000000001 0 16.400000000000002 0 0 17 0.6000000000000001 31.400000000000002 33.800000000000004 0 0.4 0 0 0 0 0 0 0.6000000000000001 0 13 1.2000000000000002 0 0.8 0.6000000000000001 0.6000000000000001 0 0.6000000000000001 6.6000000000000005 0.8 0.4 0 0 0 0 0 0.4 0 0.2 0.2 0 0.8 0 0.6000000000000001 0 0 0.6000000000000001 1 0 0 0.8 0 3.2 0 1.2000000000000002 3.2 3.4000000000000004 4 0 7.4 3.6 6 0.2 3 0 0 0 3.2 0 0 4.2 3.4000000000000004 5.2 0 0 0 2.8000000000000003 7.2 2.8000000000000003 0 9.200000000000001 0 5 0 2.6 0 0 0 5.800000000000001 3 0 0 0 0 0 0 0 0 0 0 0 0 0 0 0 0 0 0 3 0 4.2 0 0 0 0 0 0 0 0 0 0 0.6000000000000001 0 0 0 0 0 0 0 0 0.2 0.8 0.2 2.4000000000000004 0 0 0 0 0 0 1.2000000000000002 7.800000000000001 0.4 0 0 0 1 0.2 0 0.2 11.4 3.8000000000000003 2.2 0 0 0 0 0 1.8 2.8000000000000003 2.4000000000000004 0 2.2 10.8 6.6000000000000005 1.8 1.2000000000000002 0 6 9.600000000000001 0 0 0 0 0 0 0 0 0 0 0 0 0 0 0 0 0 0 0 0 0 0 0 0 0 3 0 0 0 0 0 0 0 0 0 0 0 0 0 0 0 1.8 0 0 0 0.4 0.2 0 21.400000000000002 0.2 0.8 1.4000000000000001 0.2 0.8 0 0 0 0 0 0 10.600000000000001 0 3.8000000000000003 0 0 0 0 0 0 0 0 0 0 0 0 0 0 3.4000000000000004 0 0 0 0 0 0 0 0.2 0 0 0 0 
 13.8 69.2 30.8 30.400000000000002 13.600000000000001 7.2 43.6 98 29 9 6.6000000000000005 7.4 0 54.800000000000004 23 7.4 74.4 23.400000000000002 37.6 92 0 0 0.6000000000000001 0 0.6000000000000001 0 0 0.2 0.4 0 0 0.6000000000000001 0 0.4 0 0 0.4 0 0.2 1 0 0 0 0 0 0.6000000000000001 0 0 0.6000000000000001 0 0 0.6000000000000001 0 1.6 0 0 0 0.6000000000000001 0 0.6000000000000001 0.8 0.8 0 0 0 0 0.4 0.4 0 0.2 0 0.6000000000000001 0 1.2000000000000002 0 0 0 0.6000000000000001 0 0 9 3.6 5.4 3.6 0 0 5 2.6 0 0 0 0 9.4 0.4 0.4 0 0.4 0.4 11.8 4 0 0 0 0 0 0 0 0 0 0 0.2 0 0 0 0 0 0.2 0 0 0 0 0 0 0.4 0 0 0 0 0 0 0 0 0 0 0 0 0 0 0 0 0 0 0 0 0 0 0 0 0 4.800000000000001 0 0 0 0 0 0 0.4 0 0 0 4.2 2.6 3.2 0 2.8000000000000003 3.8000000000000003 2 6.2 3.2 3.4000000000000004 2.8000000000000003 0 2.2 8.8 5.800000000000001 0 0 4.800000000000001 2.4000000000000004 5 0 0.4 0 0.4 0 0.4 0 0 0 0 0 0 0 0 0 0 0 0 0 0 0 0 0 0 0 0 0 0 0 0 2 0 0 0 0 0 0 0 0 0 0 0 0.2 0 0 1.6 0 0 0 0 0 0 0 0 0 0 0 0 0 0 0 0 0 0 0 0.4 0 0.4 0 0.8 0 0.4 2.4000000000000004 0 0 0 0 0 0 0 0 0 0 0 0 0 0 0 0 0 0 0 0 1.8 0 0 1.4000000000000001 0 0 0 0 0 0 0 0 0 0 0 0 0 
 43.800000000000004 8 48.800000000000004 23.400000000000002 16.8 28.8 100.4 60.6 24.400000000000002 15.4 9.8 9.8 54.800000000000004 0 12.200000000000001 29.200000000000003 21.400000000000002 9.600000000000001 38.6 84.60000000000001 0.4 0 0.6000000000000001 0 0.6000000000000001 0 0.2 0.2 0 0 0 0.6000000000000001 7.800000000000001 0.8 0 0 0.6000000000000001 0 0 0 0 0 0 0 0 0.2 0 0.6000000000000001 0 17.8 0.6000000000000001 0.6000000000000001 0 1.2000000000000002 0 0 0.2 0.6000000000000001 0 0.8 0.2 0 0 0 0 0 0.4 0 0 0.4 0 0.6000000000000001 6.800000000000001 0.6000000000000001 0.2 0 0 0.6000000000000001 0 0 4.2 0 0.2 2.6 2.6 8.4 2.6 4.800000000000001 3 5.800000000000001 0 3.4000000000000004 13.200000000000001 4.6000000000000005 1.8 2.8000000000000003 2.6 1.8 2.2 7 3.8000000000000003 0 0 0 0 0 0 0 0 0 0 0 0 0 0 0 0 0 0 3.4000000000000004 0 0.4 0 0.6000000000000001 0 0 0 0 0 0 0 0 0 0 0 0 0 0 0 0 0 0.6000000000000001 0 0 0 0 0 0 0 0 0 0 0 0 1.6 0 0 0 0 0.8 1.6 3.8000000000000003 4.800000000000001 4.6000000000000005 0 5.800000000000001 0 2.8000000000000003 0 7.800000000000001 0 3 0.2 2.2 1.2000000000000002 0 3 1.6 1.6 0 0 0 0 0 0 0 0 1 0 0 0 0 0 10 0 0 0 0 0 1 0 0 0.4 0 0 0 0 0 0 0 0 0 0 0 0 0 0 0 0 0 0 0 0 0 0 0 0 0 0 0 0 0 0 0 0 0.4 0 1.4000000000000001 0 0 0 0 0 0 0 0.2 0.6000000000000001 0.2 0 0 2.2 1.8 0 0 0 0 0 0 0 0.4 0.2 0 0 0 0 0 0 0 0 0 0 0 0 0 0 3.4000000000000004 3 0 0 0 0 0 0 0 0 0 0 0 0 0 
 28.6 55.400000000000006 24.6 50 18.6 55.6 7.4 36.6 44.400000000000006 31.6 23 5.4 23 12.200000000000001 0 141.4 44 24.6 35.2 68.60000000000001 7.800000000000001 0 0.6000000000000001 18.6 0.6000000000000001 0.4 0.4 0 0 0 0 0.6000000000000001 14.8 0.4 0 0 0.4 0 15.4 0 0 0 0 0 0 0 0 0 0 0 0.4 0.6000000000000001 0 0.4 0 0 11.8 0.6000000000000001 0 0.6000000000000001 0.6000000000000001 0 0 0.4 0 0 0.4 0 0 0.2 0 10.200000000000001 0 0.6000000000000001 0 0 0 0.8 0 0 0 8.6 3 2.2 8.4 0 0.2 3.4000000000000004 2.6 2.6 7.4 0 0 2.6 3 2.8000000000000003 5 1.8 3.4000000000000004 4 0 0 0 0 0 0 1.8 0 0 0 0 0 0 3.4000000000000004 0 0 0 0 0 0.8 0 0 0 0 0 0 0 0 0 0 0 0 0 0 0 0 0 0 0 0 0 0 0 0 0 0 0 0 0 0 0 0 0 0 0 0 0 0 0 0 0.2 0 1.8 0.2 3.8000000000000003 0 0 0 7.2 1 1.2000000000000002 0 0.4 0.2 4.2 2.2 2.4000000000000004 0 0 1.2000000000000002 0 0 0 0 0 0 2.2 0 0 0 0 0 0 0 0.2 0 0 0 3.6 2.8000000000000003 2 2.8000000000000003 0 0 2 0 0 0 0 0 0 0 0 0 3.6 0 0 0 0 0 0 0 0 0 0 0 0 0 0 0 0 0 0 0 0 0 0 0 0 0 0 0 0 0 0 0.2 18.2 0 0 34.6 0.6000000000000001 2.6 0 0 0 0 0 0 0 0 0 0 0 0 0 0 0 0 0 0 0 0 0 0 0 0 0 0 0 0 0 0 0 0.2 0 0 0 0 0 0 
 9 21.400000000000002 77.60000000000001 39.800000000000004 57.6 41.400000000000006 10.8 27.200000000000003 111.2 117.60000000000001 81.60000000000001 18.2 7.4 29.200000000000003 141.4 0 59.2 46.400000000000006 67.4 52.2 0 0 1.4000000000000001 1.2000000000000002 0.6000000000000001 0 16.2 0.8 0 0 0 0.6000000000000001 21.6 0.4 0 0.4 0.4 0 0.2 1.2000000000000002 0 2 0.8 0 0.4 0 0 0 0 0 1.2000000000000002 1.4000000000000001 0 1.8 0 0 0 0.6000000000000001 0 0.6000000000000001 0.6000000000000001 0 0 0 0.4 0.8 0.4 0 0 0.4 0 0.6000000000000001 0 0.6000000000000001 0 0 0.8 0.4 0 0.8 2.6 1.2000000000000002 2.4000000000000004 1 5.6000000000000005 0 6.2 14.8 5.4 9.200000000000001 0 2.4000000000000004 0.2 3 4.2 2.6 8.200000000000001 8.200000000000001 1.4000000000000001 0 0.2 0.2 0 0 0 0 3 3.2 0 0 0 0 2.2 2 0 0 0 0 2.2 5.6000000000000005 0 0 0 0 0 0 0 0 0.2 0 0 0 0 0 0 0 0.2 0.4 0 0 0 0.6000000000000001 0 0 0 0 0 0.4 0 0 0 0 0 0 0 0 0 0 0 0.8 1 0.4 5.4 4.2 3.4000000000000004 2.8000000000000003 0 0 0 3.6 2.8000000000000003 0 0.2 0 0 0 6.4 2.6 0 0.4 0 0 0 0 0 0 2.6 5 0 0 0 0 0 2.6 0 0 0 0 10 5 0 0 0 0 0 0 0 0 0 0 0 0 0 0 0.2 0 0 0 0 0 0.4 0 0 0 0 0 0.4 0 0 0.4 0 0 1.2000000000000002 0 0 0 0 0 0 0.2 0 1.6 0 0 0 0.8 1.4000000000000001 0.2 0.8 9.200000000000001 1.6 2.4000000000000004 0 0 0 0 0 0 0 0 0 0 3.2 0.2 0 0 0 0 0 0 0 0 0 0 0 2.8000000000000003 2.8000000000000003 0 0 0 0 0 0 0 0 0 0 0 0 0 
 52.6 6.2 11 45.6 25.8 12.8 6 126.2 15.8 46 55 55.400000000000006 74.4 21.400000000000002 44 59.2 0 12.4 27.8 9.200000000000001 0 0 0.6000000000000001 0.2 0.8 0.4 0.6000000000000001 0.4 0 0 0 0.6000000000000001 15 15.200000000000001 0 0 1 0 0.4 14.8 0 0 0 0 0 0.6000000000000001 0 0 0 0 0 0.6000000000000001 0 0.4 0 0 0 0.6000000000000001 0 0.6000000000000001 0.6000000000000001 0 0.4 0 0 0 0.4 0 0 0 0 10.8 0 0.8 1 0 0 0.2 0 0.4 2.8000000000000003 4 1 0 8.8 0.2 2.6 6.800000000000001 8 1.8 4.6000000000000005 0 0 0 0 1.6 5.2 6.6000000000000005 4 4.800000000000001 0.2 0 0.4 0 0 0 2.4000000000000004 0 0 0 0 0 0 2.8000000000000003 2 0 0 0 0.4 4 0 0 0 0 0 0 0 0 0 0 0 0 0 0 0 0 0 0 0 4 0 0.6000000000000001 0 0 0 0 6.4 0 0 0 0 0 0 0 0 0 0 0 0 3.6 0 3.8000000000000003 2 9 1.2000000000000002 4.4 0 0 2.2 4.4 2 0 0.4 0 0.4 0 1.8 0 0 0 0 0 0.2 0 0 0 0 0 0 0.2 0 0 0 0 1.8 0 0 0 1.8 2 0.4 0 0 0 0 0 0 0 0.4 0 0 0 0 0 1.6 0 0 0 0 0 0 0 0 0 0 0 2.6 0 0 0 0 0 0 0 0.4 0 0 0 0 0 0 1.4000000000000001 0 0 0 0 27.6 0 0.8 34.2 0.2 3.4000000000000004 0 0 0 0 0 0 0 0 0 0 2.8000000000000003 0 0 0 0 0 0 0 0 0 0 0 0 0 1.8 0 0 0 0 0 0 0 0 0 0 0 0 0 
 22.8 30.200000000000003 92.80000000000001 24.6 26.200000000000003 50.6 6 43.400000000000006 35.2 13.8 8.8 17.2 23.400000000000002 9.600000000000001 24.6 46.400000000000006 12.4 0 9.200000000000001 14.4 0 0 1.2000000000000002 0 1.4000000000000001 1 4.2 0 0 0 0 0.8 5 0.4 0 0.4 1 1 31.6 32.6 0 0.6000000000000001 0 0 0 12.4 0 0 0.4 0 15.600000000000001 17.2 0 0.4 0.4 0.4 0 1.2000000000000002 5.800000000000001 1.8 0.6000000000000001 0 0 1 1.2000000000000002 0 1.2000000000000002 0 0.4 0.6000000000000001 0.8 12 6 0.6000000000000001 0 0 0.6000000000000001 0.6000000000000001 0 0.8 0 0 1.8 2 10 0 0.2 2.8000000000000003 0 14 0 3.2 0.6000000000000001 0 4 0 2.2 2.2 0 0 3 0 0 0 0 0 0 6.2 4.2 0 0 0 8 0 0 0 0 0 0.2 0 0 0 0 0 0 0 0 0 0 0 0 0 0 0 0 0 0 0 0 0 0 0 0 0 0 0 0 0 0 2.6 0 0.6000000000000001 0 0 0 0 0 0 0 0 0 0 3.2 4.6000000000000005 3.2 0 0 3 0 3.4000000000000004 4.800000000000001 3 0.4 0 0.4 1.4000000000000001 0.2 0 1.4000000000000001 0 0 0 0 0 0 0 3 4.2 2 0 0 0 0.2 4 2.8000000000000003 0 4 0 0.6000000000000001 5.2 0 0 0 0 0 0 0 0 0 0 0 0 0 0 0 0 0 0 0 0 0 0 0 0 0 0 0 0 0 0 0 0 0 0 0 0 0 0 0 0 0 0 0 0 0 0 0.2 0 18.2 18.2 4 0.2 2.4000000000000004 0 0 0 0 0 0 0 0.4 0 0 0 0 0 0 0 0 0 0 0 0 0 0 2.6 5 2.8000000000000003 0 0 0 0 0 0 0 0 0 0 0 0 
 44.800000000000004 27.6 14.8 48.2 71.60000000000001 26.6 44.2 34.4 58 20.200000000000003 68 24.200000000000003 37.6 38.6 35.2 67.4 27.8 9.200000000000001 0 28.200000000000003 0 0 0.6000000000000001 0 0.8 0 0 0 0 0 0 0.6000000000000001 0 0.4 0 0 0.4 0 0.4 0 0 0 0 0 0 0 0 0 0 15.4 0 0.6000000000000001 0 1.8 0 0 0 0.6000000000000001 0 0.6000000000000001 0.6000000000000001 0 0 0 0 0 0.4 6.6000000000000005 0 0 0 10.600000000000001 0 0.6000000000000001 0 0 0 1.4000000000000001 0 0 7 7.6000000000000005 10 3 0 0 7.4 4.6000000000000005 3.2 0.8 0 1 2.4000000000000004 2.6 3.2 5 3 6 6.4 5.800000000000001 0 0 0 0 0 0 0 0 0 0 0 0 0 0 0 0 0 0 0 0 0 0 0 0 0 0 0 0 0 0 0 0 0 0 0 0 0 0 0.4 0 0 0 0 0 0.4 0 9.600000000000001 0 0 0 0 0 0 0 0 0 0 0 0 0 8.8 3.8000000000000003 4.6000000000000005 0 0 2 0 8.6 0 2 0 0.4 3.4000000000000004 4.2 0 5.2 0 5.6000000000000005 2.2 5 0 0 0 0 0 0 0 0 0 0 0 0 0 0 0 0 0 0 0 0 0 0 0 0 0 0 0 0 0 0 0 0 0 0 0.4 0 0 0 0 0 0 0 0 0 0 0 0 0 0 0 0 3.8000000000000003 0 0 0 0 0 0 0 0 0 0 0 0 0 0.4 0.2 0 0.4 17.6 0 2.2 0 0 0 0 0 0 0 0 0 0 0 0 0 0 0 0 0 0 0 0 0 0 0 0 1.6 0 0 0 0 0 0 0 0 0 0 0 0 0 
 31.8 23.6 13.4 45.2 21.6 57.2 74.60000000000001 84.2 39.400000000000006 25.6 28 28 92 84.60000000000001 68.60000000000001 52.2 9.200000000000001 14.4 28.200000000000003 0 0 0.2 0.6000000000000001 0 0.6000000000000001 0 0 0.4 0 0 0.4 0.6000000000000001 0 0.4 0.4 40.400000000000006 0.4 0 15 0.8 0 0 0 0 0 0 0 0 0 0 0 0.6000000000000001 0 1.2000000000000002 0 0 0 0.6000000000000001 0 0.6000000000000001 0.4 0 10 0 0 0 0.4 0 0 0.2 0 0.6000000000000001 0 0.6000000000000001 10.600000000000001 0 0 0.6000000000000001 0 0 4.6000000000000005 2.8000000000000003 4.4 0 0.2 0 6.2 0 6.2 2 0 2.8000000000000003 10.200000000000001 4.2 2.4000000000000004 0 0.2 9.8 4.4 5 0 0 0 0 0 0 0 0 0 0 0 0 0 0 0 0 0 0 0 2.2 0 0 0 0 0 0 0 0 0 0 0 0 0 0 0 0 0 0 0 0 0 1 0 0 0 0 0 0 0 0 0 0 0 0 0 0 0 0 0 0.2 3.8000000000000003 3.2 0 7.6000000000000005 2.8000000000000003 6.4 2 5.4 2 0.4 3.6 0 0.6000000000000001 5.2 0.2 0.2 0 11.8 2 0 0 0 0 0 0 0 0 0 0 0 0 0 0 0 0 0 0 0 0 0 0 0 0.4 0 0 0 0 0 0 0 0 0 0 0 0 0.4 0 0 0 0 0 0 0 0 0 0 0 0 0 0 0 0 0 0 0 0.2 0 0 0 0 0 0 0 0 0 0.2 0.6000000000000001 0.4 0.4 0.4 0.2 2.4000000000000004 0 0 0 0 0 0 0 0 0 0 0.2 0 0 0 0 0 0 0 0 0 0 0 0 2.2 0 0 0 0 0 0 0 0 0 0 0 0 0 0 
 0.2 0 0 0 2 29.400000000000002 0 0 0 0.2 0.4 0 0 0.4 7.800000000000001 0 0 0 0 0 0 22.200000000000003 103.2 8.8 7.800000000000001 6 72.2 31 68 25.8 122.4 63.2 40.800000000000004 17.8 68.2 27.400000000000002 31.8 22 26.6 74 0 0 0 0 0 0.4 0.2 0 0 0.2 0.6000000000000001 1.6 0.8 0 0.6000000000000001 0 0.6000000000000001 0.6000000000000001 0 0 0.4 0.4 0 0.8 1.2000000000000002 0 0 0.4 0 0.8 0 0 0 0 0.4 0.4 0.4 0.2 0 8.4 0 0 0 0 0 3.6 0 0 0 0 0 3.4000000000000004 0 0 3 0 0 2.6 0 0 1.6 4.2 4.4 5 5.800000000000001 0 2.4000000000000004 1.2000000000000002 7.6000000000000005 5.4 4 4.2 1.8 4.6000000000000005 0 3.6 6.2 2.6 0.4 0 4.6000000000000005 0 0 0 0 0 0 0 0 0 0 0 0 0.6000000000000001 0 0 0 0 0 0 0 0 0.8 0 0 0 1.2000000000000002 0 0 0 0 0 0 3.8000000000000003 0 0 0 0 0 0 0 0 0 0 0 0 0 0 0 0 0 0.2 0.4 0 0 0 0 0 0 0 0 9.200000000000001 0.4 0.2 0 0.8 4 1.4000000000000001 4.2 9.200000000000001 7.800000000000001 0 6 7.2 6.800000000000001 3 4.2 6.4 0 4.800000000000001 0 0 0 0 0.2 0 3.6 0 0 0 0 0 0.2 0 0 0 0 0 0 0 0 0.4 0 0 0 0 0 0 0 0 0 0 0 0 0 0 0.4 0 0 0 0 0 0 0 0 0 0 0 0 0 0 0 0 0 6.2 0.4 0.2 0 0.2 0.2 1 0 0 0 0 0 4.800000000000001 0 0 0 0 0 0 0.2 0 0 0 0 0 0.8 0 3 0 0 0 0 0 0 0 0.2 
 0.4 0 0.4 0.2 0 0 0 0 0 0 0.4 15.600000000000001 0 0 0 0 0 0 0 0.2 22.200000000000003 0 41.2 32 14 20.6 57 108.60000000000001 90.60000000000001 5.800000000000001 27.200000000000003 6.2 20.200000000000003 23.400000000000002 48.6 7.2 7.6000000000000005 34.4 35 25 6.6000000000000005 0 0 0 0 0 9.4 0 0 0.2 0.6000000000000001 0.4 0 0 0.6000000000000001 0 0.8 0.6000000000000001 0.4 0 0 0 0 0.6000000000000001 0 0 0 0 3.8000000000000003 0.6000000000000001 0 0.4 0 1.6 0.4 0 0 0 0 9.200000000000001 0 0 0 0 0 2.2 1.8 0 0.4 0 0 0.4 0 0 0 0 0 0 0 0 1.4000000000000001 1.2000000000000002 8 0 1.8 2.6 1.6 0 0 2.2 0 0 3.6 0 11.4 10 1.8 6.2 2.2 0 0 0 0 0 0 0 0 3 0 0 0 0 0 0 2.8000000000000003 0 0 0 0 1.8 0 0 0 0 0 0 0 0 3.8000000000000003 0 0 0 0 0 0 0 0 1 0 0.2 0 0 0 0 0 0 0 0 0 0.4 0 0 0.4 2 0 2.2 0 0 0 0 10.4 0.2 7.4 3.2 5.2 2.4000000000000004 1.4000000000000001 4.6000000000000005 5.2 0 2.4000000000000004 2.8000000000000003 3 0 0 7 4.6000000000000005 4 2.6 0.4 4.2 0 0 0 0 0 0 0.2 0 0 0 0 2.2 3.6 0 0 0 0 0 0 0 0 0 0 0 0 0 0 0 0 0 0 0 0 0 0 0 0 0 0 0 0 2.2 0 0 0.4 0 0 0 0 0 0 0 0 1 0 0.2 0 17.2 0 3.2 2 0 0 0 0 0 0 0 0 0 0 0 0 0 0 0 0 0 0 0 2.2 0 0 0 0 0 0 0 0 
 1 0.6000000000000001 0.6000000000000001 0.6000000000000001 0.6000000000000001 0.6000000000000001 0.6000000000000001 0.6000000000000001 0.6000000000000001 0.8 0.6000000000000001 16.2 0.6000000000000001 0.6000000000000001 0.6000000000000001 1.4000000000000001 0.6000000000000001 1.2000000000000002 0.6000000000000001 0.6000000000000001 103.2 41.2 0 87.80000000000001 14.600000000000001 23.400000000000002 19.8 68 47.800000000000004 45.6 28.8 23.8 52.2 25.200000000000003 84 20.400000000000002 16 37.6 9.8 63.800000000000004 0 0 0 0 0.2 0.6000000000000001 0 0.4 0.6000000000000001 0.4 1 1.8 0 0 0.8 6.800000000000001 0.6000000000000001 1 0 0 0 1.2000000000000002 0 0.6000000000000001 0 0 0 0 0 0.4 0 0.4 0 0 0.4 0 0.4 0.6000000000000001 0 10.200000000000001 0 0 0 0.4 0 0 0 0 0 2.4000000000000004 0 0 0 0 0 0 0 0 0 0 1.4000000000000001 1.8 5.800000000000001 0 1.8 10.200000000000001 2.4000000000000004 0 0.2 4.6000000000000005 0 0.2 0 0 12.600000000000001 2.6 4 5.6000000000000005 3.2 0 4 0 0 0 0.4 0 0 3 0 0 0 0 0 2.6 2.8000000000000003 0 4 0 0 1 0 0 0 0 0 1 0 0 0 0.4 0 0 0 0 0 0 0.2 0.6000000000000001 0.2 0 0 0 0.2 0 0 0 0 0 0 0.2 0 0 0.4 3 0 1.6 0 0 0 0 7.2 0.2 4.6000000000000005 4 3.6 2 0.2 2.2 6.2 0 1 2.2 5.4 4 0.2 6.2 2.6 0.2 2.2 0 4 0 0.2 0 0 0 0 0 0 0 0 0 5.4 8.200000000000001 0 0 0 0 0 3.6 0 0 0 0 0 0 0 0 0 0 0.4 0 0 0 0 0 0 0 0 0 0 0 2 0 0 0 0 0 1 0 0 0 0 0 1.2000000000000002 0.4 0.2 0.2 16.2 0.2 2.2 1 0 0 0 0 3.6 0 0 0 0 0 0 0 0 0 0 0 0 0 0 3.2 0 0 0 0 0 0 0 0 
 0.2 0 0 0 0.4 0 0.2 0 0 0 1.2000000000000002 0.4 0 0 18.6 1.2000000000000002 0.2 0 0 0 8.8 32 87.80000000000001 0 27.8 25 56.400000000000006 36.800000000000004 40.400000000000006 25.8 25.6 38.6 59.400000000000006 32.4 13.200000000000001 39.2 17 72.8 11.200000000000001 57.2 12.8 0 0.6000000000000001 0 0.4 0 12.600000000000001 0.2 0 0.2 1.6 1.2000000000000002 12.8 0.4 1.4000000000000001 0.2 1.6 0.6000000000000001 0 13 0 6.800000000000001 0 0.8 0 1 0 0 0 2 0.6000000000000001 0.6000000000000001 0 0.4 1 0.4 0 0.6000000000000001 0 0.6000000000000001 0.4 0 0 0 0 0 0 0 0 2 0 0 0 0 0 0 0 0.2 0 0 0 0 2.4000000000000004 2 0 6.4 2.8000000000000003 0 0 4.6000000000000005 0.2 2.6 0 4.6000000000000005 4 4.800000000000001 4 9 0 0 5.2 2.4000000000000004 0 0 0 0 6.800000000000001 3 10.8 0 0.4 0 4.6000000000000005 6.6000000000000005 2.6 0 0.2 0 4.2 5.4 0 0 0 0 0 0 4.4 0 0 0 0.4 0 0 0 0 0 0 1.6 0 0 0 0 0 1 0 0 0 0 0 0 0 0 0.4 0 1.8 0 0 0 0 0 3.4000000000000004 3 1.2000000000000002 3.8000000000000003 18.8 0 0 2.2 0 2.4000000000000004 0 5.800000000000001 0 0.2 0 4.2 2 0 0 0 0 3.6 4 0 0 0 8.8 2.6 0.2 0 0 0 6 5.2 0 2.2 0 0 6.6000000000000005 8 0 0 2.4000000000000004 0 0 0 0.4 0.4 0 0 0 0 0 0 0 0 0 0 0 0 0 0 0 0 0 0 0 0.2 0 0 0 0 0 0 1.6 0.2 0.2 8.6 0 0 0.4 2 0 0 0 0 1.6 0 0 0 0 0 0 0.8 0 0 0 0 0 0 0 3.2 0 0 0 0 5.4 0 0 0 
 0.8 0.6000000000000001 0.6000000000000001 0.6000000000000001 0.6000000000000001 1 0.6000000000000001 0.6000000000000001 0.6000000000000001 0.6000000000000001 0.8 0.6000000000000001 0.6000000000000001 0.6000000000000001 0.6000000000000001 0.6000000000000001 0.8 1.4000000000000001 0.8 0.6000000000000001 7.800000000000001 14 14.600000000000001 27.8 0 79.2 11 74 17 121.2 51.400000000000006 47.2 20.6 28.8 17 67.2 9.200000000000001 24.400000000000002 7.6000000000000005 51.2 16.6 0 0 0.6000000000000001 0.2 0.2 12.4 13 0 0.4 0.6000000000000001 0.4 28 6.2 0.6000000000000001 0.2 0.6000000000000001 1.2000000000000002 0.2 47.6 0.4 0 0 0.6000000000000001 0 0.2 0 0 0 0.4 0 0 0 0 0.6000000000000001 0.6000000000000001 0.4 0 0.2 0 0 0 0 0 0 0.4 0 0 0 0 0 0 0 0 0 0 0 0 0 0 1.4000000000000001 0 0 0 3 5.4 0 0 0 0 0 1 0 0 2.2 2.6 0 0 0 0 2 6 0 0 0.2 0 6.2 0 10 0 0 0 3.8000000000000003 7 0.6000000000000001 0 3.2 2.6 3.2 2.4000000000000004 0 0 3.2 0.2 0.2 0.2 0 0 0 0 0 0.4 0 0 0.2 0.2 0 0.4 0 0 0 0 0 0 0 0 0 0 0 0.8 0 0 0.2 0 0 0 0 0 0 4.6000000000000005 2.4000000000000004 0 3.6 0.2 2.8000000000000003 2.6 0 0 0.4 7 0 6.800000000000001 0 0.2 0 2.6 0 0 0 0.2 0.4 2.2 2.4000000000000004 0 0 0 5.4 0 0 0 0 0 10.4 11.200000000000001 5.6000000000000005 0 0 0 4.2 13 0 0.2 0 0 0.4 0.4 0 0 0 0.2 0.4 0 0 0 0.2 0.4 0.4 0.4 0 2.2 0.2 0 2.2 0 0 0 0 0 0 0 0 0 0 0 2.6 0.8 0 2 15.8 0 0.6000000000000001 0.6000000000000001 0 0 0 0 0.4 0 0 0 0 0 0 0 0 0 0 0 0 0 0 0.2 0 0 0 0 0 0 0 0.4 
 0.2 15.600000000000001 0.4 0 0.4 0.4 0 0 0 0 0 0.2 0 0 0.4 0 0.4 1 0 0 6 20.6 23.400000000000002 25 79.2 0 5.4 8 25.200000000000003 24.8 35.2 30 7.2 23 26.200000000000003 61 16.6 32.2 8 9.600000000000001 0.2 0.4 0 2.2 0 0.4 25.6 0.8 13 0 1.4000000000000001 0 12.4 12.200000000000001 12.200000000000001 0 0.6000000000000001 13 4.2 17.2 0 0 2.2 0 0 1.2000000000000002 0 0.6000000000000001 0 0.4 0.4 0.2 0 0 0 0.4 0 0 0 5.2 0 0 0 0 0 0 0 0 0 0 0 0 0 0 0 0 0 0 0 0 0 2.8000000000000003 0 3 1.6 6.4 0 0 0 2.6 2.8000000000000003 1.8 0 0 0 2.8000000000000003 2.6 0.6000000000000001 0 0 6 9 3.4000000000000004 0.2 3.6 0 5.6000000000000005 3.6 14.4 0 0 0 11 2.4000000000000004 7.2 0 0.2 3.8000000000000003 6 6.2 0 0 0 0 0 0.2 0 0 0 0 0 0 1 0 0 0 0 0 3.4000000000000004 0 0 0 0 0 0 0 0.2 0.4 0 0 0 0 0.4 1 0.8 0 0 0 0 0 0 2.4000000000000004 0 1.6 4 2.6 0 1.2000000000000002 2 5.2 0 4 0 0 0 0 2.2 0 0 0 4.4 0 4.6000000000000005 7.6000000000000005 1.8 0.2 2.8000000000000003 1 2.2 0.8 4 4 5.2 10 0 6.800000000000001 2.8000000000000003 0.2 5.800000000000001 6.6000000000000005 0 0 0 0 0 0 3.8000000000000003 0.2 0 0 0 0 0 0 0 0 0 0 0 0 0 0 0 0 0 0 0 0 0 0 0 0 0 0 4.6000000000000005 0.2 0 10.600000000000001 14.600000000000001 0.2 1.8 1 3.4000000000000004 0 0 0 0 13 0 0 0 0 0 0 0 0 0 0 0 0 0 0 0 0 0 4.2 0 0 0 0 
 0.6000000000000001 14.8 15.8 0.4 4.2 15.4 0 0.4 0.6000000000000001 18.6 0 3.8000000000000003 0 0.2 0.4 16.2 0.6000000000000001 4.2 0 0 72.2 57 19.8 56.400000000000006 11 5.4 0 18.6 27 5.6000000000000005 7.6000000000000005 9.4 11.600000000000001 23.6 66.2 10.4 6.2 24 15.4 60.6 0 0 0 0 0 0.4 0 0 0 0.6000000000000001 13 2.4000000000000004 0 0 0.6000000000000001 0 0.8 0.6000000000000001 0.6000000000000001 0.2 0 0 0 0.6000000000000001 0.4 0 0 0 0 0.6000000000000001 0.4 0.2 0 0.6000000000000001 0.4 0 0 0 0 0.6000000000000001 0 0 2.4000000000000004 0 1.6 1.2000000000000002 0 0 0 2.6 1.4000000000000001 3.2 0 0 0 0 0 2.8000000000000003 0 0 13.200000000000001 0 0.4 2 3 0 5.6000000000000005 7.4 2.2 3.6 4 0 4 0 0 0 7 4 2.4000000000000004 5.800000000000001 0 0 4 0 0 0 0 0 0 0 0 0 0.4 0 0.2 0 0 0 0 0 0.2 0 0 0 0 0 0 0 0 1.2000000000000002 0 0 0 0 0.2 0 0 0 0 0 0 0.8 4.4 2.4000000000000004 0 0 0 0 0 0 0 0.4 0.4 0 0 0 0 0 0.4 0 2.4000000000000004 10.600000000000001 0.2 0 2.8000000000000003 2.2 0 5.2 2 1.8 0 0 3.6 5.6000000000000005 2 4.2 1.4000000000000001 4.2 1.4000000000000001 6 0 0 0 0.2 0 0 0 0 0 0 0 0 0.2 0 0 0 0 0 0 0 0 0 0 0.4 0 0 0 0 0.4 0 0 0 0 0 0 0 0 0 0 0 0 0 0 0 0 0 0 0 14.600000000000001 0 1.8 0 0 0 3 0 0.2 0.4 15.4 0.8 0 0 2.4000000000000004 0 0 0 1.6 0 0 0 0 0 0 0 0 0 2.4000000000000004 0 0 0 0 3.8000000000000003 0 0 0 0 0 0 0 0.2 
 0 0 0 0.2 14.8 6 0.2 0 0 0 0 0 0.2 0.2 0 0.8 0.4 0 0 0.4 31 108.60000000000001 68 36.800000000000004 74 8 18.6 0 33.800000000000004 23.200000000000003 9.200000000000001 21.400000000000002 39.6 15.4 57.800000000000004 53 26.6 7.800000000000001 31.400000000000002 16.2 0 0 0.2 0.4 0 0 0 0 0 0 0.8 0.4 0 0 0.6000000000000001 0 0.6000000000000001 1.2000000000000002 0 0 0 9.600000000000001 0.4 0.6000000000000001 0.2 0 0.4 0 0.2 0.6000000000000001 0.6000000000000001 0 0 0.6000000000000001 0.4 0 0 0 0.2 0.2 0 0 1.8 0 0 0 0 0 0 0 0.4 1.2000000000000002 0 0.2 0 0 0 0 0 0 6.6000000000000005 2.8000000000000003 9.600000000000001 2.6 0 9 2.8000000000000003 10.8 0 2 7.6000000000000005 3.2 0 0.4 5.6000000000000005 2 13.600000000000001 12.8 0.2 6.800000000000001 0 0 0 0 0 0 0 0 0 0 0 0 0 0 0 0 0 0 0 2.6 0 0 0 0 0 0.4 0 0 0 0 0 0 0.4 0.2 0 0 0 3.8000000000000003 0 0 0 0 0 0 0 0 0 0 0.4 0 0 0 0 0 0 0 0 0 0 0 5.2 0 7 2.2 5.2 2.8000000000000003 4.2 9.8 10 1.6 4.800000000000001 8.6 9.4 0 0 4.800000000000001 0 3.8000000000000003 0 3 0 8.200000000000001 0 0 0.4 0 0 1.2000000000000002 0 0 0 0 4.2 0 2 0 1.6 3.4000000000000004 0 0 0 0 0 0 0 0 0 0 0 0 0 0 0 0 0 0 3.8000000000000003 0 0 0 0 0 2.8000000000000003 0 0 0 0 0 0 0 0 0 0 0 1 0.2 0 0.2 0.2 0.4 0.4 2.2 0 0 0 0 0 0 0 0 0 0 0 0 0 0 0 0 0 0 0 2.6 0 0 0 4 0 0 0 0 
 0.6000000000000001 0 0 0 0.4 0 0 0 0 0 12.4 0 0.4 0 0 0 0 0 0 0 68 90.60000000000001 47.800000000000004 40.400000000000006 17 25.200000000000003 27 33.800000000000004 0 20.200000000000003 133.4 6.4 36 36.2 89 43.400000000000006 25.8 10 24.200000000000003 33 1.2000000000000002 0.4 0 0 0 0 0 0 11.4 0.4 0.6000000000000001 13.4 0 0 0.6000000000000001 0.2 0.6000000000000001 0.6000000000000001 0 0 0 0 1.2000000000000002 0.6000000000000001 0 0 0 0 0.6000000000000001 0.4 0 0.4 0 0.8 0.4 0 0 0 0.4 10.600000000000001 0 0 0 0 0 2.2 0 0 0 0 0 0 0 0 0 0 0 0 0 0 0 3.2 3 0.2 3.8000000000000003 2 0 6.4 0 4.800000000000001 0.2 0 0 2.4000000000000004 0 2 0 7.6000000000000005 2.4000000000000004 0 0 0 0 0 0 0 0 2.2 0 0 0 0 0.2 0 3 0 0 0 0.4 0 0 0 0.2 0 0 4.4 0 0 0 0 1.4000000000000001 0.6000000000000001 0 0 0 2.2 0 3 0 0.4 0 0 0 0 0 5 0 0 0 0.2 0 7.2 0.4 0.4 0.2 0.8 0 0 0 0 6 0.2 10.600000000000001 5.6000000000000005 12.600000000000001 5.800000000000001 0 16.400000000000002 2.2 0 2.4000000000000004 0.4 0 0 1.8 2.2 2.8000000000000003 19.8 0 0 2.8000000000000003 0 0 0 0 0 0 0.4 0 0 0 0 1.8 1.2000000000000002 0 0 0 0 0 0 0 0 0 0 0 0 0 0 0 0 0 0.4 0 0 0 0 0 0 0 2.8000000000000003 0 0 0 0 0 0 0 0 0 0 0 0 0 0 2.6 0.2 0.4 0 8.200000000000001 0 1.6 0.4 0 0 0 0 0 0 0 0 0 0 0 0 0 0 0 0 0 1.8 0 3.6 0 0 0 0 0 0 0 0 
 0.4 0 0 0 0 0 0 0 0 0.4 0 0 0 0 0 0 0 0 0 0 25.8 5.800000000000001 45.6 25.8 121.2 24.8 5.6000000000000005 23.200000000000003 20.200000000000003 0 38.800000000000004 81.4 52.6 28.6 41.800000000000004 42.800000000000004 31.8 37.4 12.8 53 26.6 0 0 0 0 0 9.200000000000001 0 0 0 0.6000000000000001 0.4 0 0 0.6000000000000001 0 0.6000000000000001 1.6 0 5 7.4 5 0 0.6000000000000001 0 0 0.6000000000000001 0.2 0 0.6000000000000001 0 0.4 0 0 1.8 0 0 0 0 8.200000000000001 0 0 0 0 0 0.4 0 0 0 0.2 0 0 0 0 0 0 0 0 0 0 0 0 0 0 0.4 11.4 1.8 0 1.6 3.4000000000000004 5.2 0 0 2.6 0.4 2 6.2 6.2 0 0.4 0 0 2.6 0 0.2 0 0 2.8000000000000003 3.8000000000000003 0 0 0 4 3 0 0.2 0 0 0 2.2 0 0 0 0.2 0 0.6000000000000001 0 0 0 1.8 0 0 0.8 0 0 0 0 0 0 0 0 0 0 0 0 1 0 0 0 3.4000000000000004 0 0 0.4 0 0 1.4000000000000001 0 0 0 0 0 2.4000000000000004 0.2 4.800000000000001 6 1.4000000000000001 0.2 0.2 5.2 0 3.4000000000000004 0 0 2.4000000000000004 1.8 4.4 0 0 0 0.4 10.4 0.2 0 0 0 0 1.6 0 3.2 0 0 0 10.4 0.4 0.4 0 0 0 3.4000000000000004 3.8000000000000003 0 0 0 0 0 0 0 0 0 0 0 0 0 0.4 0 0 0 0 0 0 0 0 0 0 0 0 0 0 0 0 0 0 0 0 0 0 0 15.600000000000001 0.8 0.2 0.2 2 0.2 0 0 0 0 0 0 0 0 0 0 0 0 0 0 0 0 2 0 0 0 0 0 0 5 0 0 0 
 0.6000000000000001 0.6000000000000001 0 0 0 0 0 0 0 0 0 0 0 0 0 0 0 0 0 0.4 122.4 27.200000000000003 28.8 25.6 51.400000000000006 35.2 7.6000000000000005 9.200000000000001 133.4 38.800000000000004 0 42.2 53 25 49.6 17.6 26.6 59.400000000000006 4.2 12.600000000000001 12.8 0 0 0 41.6 0 0 12.4 0 0.2 0.6000000000000001 0.4 0 4.800000000000001 0.6000000000000001 0 1.2000000000000002 0.6000000000000001 0.4 26 0 0.4 0 0.6000000000000001 0 0 0 0 0 1.2000000000000002 0.2 0 0 0.8 0.4 0 0 0.6000000000000001 0 5.2 0 0 0 0 0 0 0 0 0 0 0 0 0 0 0 0 0 0 0 0 5.2 0 0 1.8 0.8 2.4000000000000004 0 4.4 1.6 6 6.2 2.8000000000000003 0 2.4000000000000004 0 1.2000000000000002 6.800000000000001 4 0 4.2 3.4000000000000004 0 0 0 0 0 3 6 4.4 0 0 0.2 6.800000000000001 8 4.4 0 0 3 0 0.2 0 0 0 0 0 0 0.4 0 0 0 0 0 0 0 0 0 0 0 0 0 0 0 0 0 0 0 0 0 0 0.6000000000000001 0 0 0.2 1.8 0 2 0 0 0 0.4 0 1.6 0 1.2000000000000002 2.8000000000000003 6.800000000000001 0 4.800000000000001 3 0 0 2.8000000000000003 0 0 6.800000000000001 0 0 11.200000000000001 0 3 1.6 0.4 0 0 0 0 7.6000000000000005 2.8000000000000003 0 0 12 0 0 6 3 4.800000000000001 0 0 2.8000000000000003 8.6 0 0 0 0 0 0 0 0 0 0 0 0 0 0 0 0 0 2.4000000000000004 0 0 0 0 0 0 0 0 0 0 0 0 0 0.2 0 0 2.8000000000000003 0.6000000000000001 0.2 0 15.200000000000001 0 8 0.2 0 0 0 12.8 0 0 0 0 0 0 0 0 0 0 0 0 0 2.2 0 0 0 0 0 0 0 5.4 0 0 
