 0 115.60000000000001 60.2 26.400000000000002 34.800000000000004 8 32.800000000000004 62.6 32.4 3.4000000000000004 25.200000000000003 4.6000000000000005 28.400000000000002 43.400000000000006 55.2 122.2 65 63.6 8.200000000000001 26.8 0 0 0 0 0 1 0.6000000000000001 0 0 0 0 0 0 0 0 15.4 0 0.6000000000000001 0 0.4 0 0.4 0 2.8000000000000003 0 0 0.6000000000000001 0 0 0 0.4 1 0 0 0 0 0 0 0 0.4 0 0 0 0 0 0.4 0 0 0.8 0 0 0.6000000000000001 0 0 0.6000000000000001 0 0.4 0 0.6000000000000001 0 0 9.600000000000001 8 4 4.4 0.2 1.4000000000000001 5.800000000000001 5 1.6 9.200000000000001 2.2 0 2.6 0 8.200000000000001 3.6 6.800000000000001 0 0.2 0 0 0 0 0 0 1.8 0 1.8 0 0 0 0.2 0 0 0 0 0 2.8000000000000003 3.8000000000000003 0 0 0 0 0 0.4 0 0 0 0 0 0 0 0 0 0 0 0 0 0 0.2 0 0 0.4 0 0 0 0 0 0 0 0 0 0 0 0 1.4000000000000001 0.4 0 0 0.2 0 0 0 0 0 1.4000000000000001 3.2 5.2 2 3 7.4 3.2 0 11.4 2 2.8000000000000003 0.2 2.2 1.4000000000000001 0 0 0 0 0 0 0 0 0 3.6 0.4 0 2 0 0.2 0 0.2 0 0 4.800000000000001 0 0 0 0 0 0 0 0 0 0 0.2 0 0 0 0 0 0 0 0 0 0 0 0 0 0 0 0 0 0 0.4 0 0 0 0 0 0 0 0 0 1.6 0 0 0 0 0 0 0 0 0 0.4 0.4 0 0 0 0 0 0 0 0 0 0 0 0 0 0 0 0 0 0 0 0 0 0 0 0 0.2 2.2 0 0 0 0 0 0 0 0 0 0 0 0 0 
 115.60000000000001 0 40.800000000000004 36.6 13.4 7.2 34.2 49.2 40.400000000000006 7.800000000000001 58.800000000000004 9.8 37.800000000000004 43 33.2 102.4 35 71.2 11.200000000000001 15.200000000000001 0 0 0 0 0.4 1 0.6000000000000001 0.4 0 0 0 0 0 0 0 0.4 0 0.6000000000000001 0 0 0 0.6000000000000001 0 2.2 0 0 0.6000000000000001 0 0 0 0.4 0.6000000000000001 0 0 0 0 0 0 12.600000000000001 0 0 0 0 0 0 0.6000000000000001 0 1.6 0.6000000000000001 0 0 0 0 0 0 0 0 0 0 0 0.2 2.2 0 4.2 3 1.8 0 5.6000000000000005 1.4000000000000001 10.8 5 3 2.2 2.4000000000000004 0 3.4000000000000004 4.800000000000001 3.8000000000000003 0 0 2.2 0 0 1.6 0 0 2.6 2.2 0 0 0 0 3.2 0 0 0 0 0 2.8000000000000003 3.4000000000000004 0 0 0 0 0 0 0 0 0 0 0 0 0 0 0 0 0 0 0 0 0 0 0 0 0 0 0 0 0 0 0 0 0 0 0 0 1.8 0 0 0 0 0.8 0.4 0 0 1.4000000000000001 2 2.6 5.2 7.6000000000000005 0 4.800000000000001 0 2.8000000000000003 3 3.4000000000000004 3.8000000000000003 1.6 0 0 0 0 0 0 0 0 0 0 0 0 0 0 2.2 0 0 0 0 0 3.8000000000000003 2.2 0 0 0 0 2.6 0 0 0 0 0 0 0 0 0 0 0 0 0 0 0 0 2.8000000000000003 0 0 0 0 0 0 0 0 0 0 0 0 0 0 0 0 0 0 0 0 0 0 0 0.4 0 0 0.2 12.8 3 0.2 0 0 0 0 0 0 0 0 0.2 0 0 0 0 0 0 0 0 0 0 0 0 0 0 2.6 7.4 0 0 0 0 0 0 0 0 0 0 0 0 0 
 60.2 40.800000000000004 0 77.80000000000001 25.400000000000002 7.6000000000000005 13.200000000000001 53.800000000000004 21.8 11.600000000000001 114.2 22 10.600000000000001 78 29.6 73 13.600000000000001 29 48.400000000000006 57.6 0 0 0 0 0 1 0.6000000000000001 0 0 0 0 0 0 0.4 0.2 0.4 0 1 0 0.4 0 0.4 0 1.2000000000000002 0 0 0.6000000000000001 0 0 0 0.4 0.6000000000000001 0 0 0 0 0 0 0 0.4 0 0 0 0 0 0.4 0.6000000000000001 0 2.2 0 0 0 0 0 0 0 0 0 0.8 0 2.2 2.8000000000000003 2 4 0 8.8 0.4 3 0 5.4 2 7 0 4.4 0.6000000000000001 6 5.4 1.4000000000000001 0 0 4.2 0 0 0 0 0.4 1.6 4 0 0 0 0.2 0 0 0 0 0 0.4 3 3.2 0 0 0 0 0 0 0 0 0 0 0 0 0 0 0 0 0 0 0 0 0 0 0 0 0 0 0 0 0 0 0 0 0 0 0 0 0 2.2 0 0 0 0 0 4.4 3.4000000000000004 1.8 5.4 0 3.6 0 7.6000000000000005 0 0 0 2.8000000000000003 1.8 4 3.4000000000000004 0 0 0 0 0 0 0 0 0 0 0 0 0 0.2 0 0 1.8 0 0.2 0 2.8000000000000003 0 0 0 0 0 0 0 0 0 0 0 0 0 0 0 0 0 0 0 0 0 0 0 0 0 0 0 0 0 0 0 0 0 0 0 0 0 0 0 0 0.2 0 0 0 0 0 0 0 0 18.6 17.6 0.2 0 0 0 0 0 0 0 0 0 0 0 0 0 0 0 0 0 0 0 0 0 0 0 0 0 2.8000000000000003 0 0 0 0 0 0 0 0 0 0 0 0 0 
 26.400000000000002 36.6 77.80000000000001 0 22 7.800000000000001 36.6 18.6 75.8 37 18.8 13 13.600000000000001 15.8 14.600000000000001 20.6 27 75.8 18.6 12.8 0 0 0 0.2 0.4 1 5.800000000000001 0 0 0 0.2 0.4 0 0 22.8 42.400000000000006 24.400000000000002 2.2 1 16 0 0.6000000000000001 0 0.6000000000000001 0.4 0.6000000000000001 0.6000000000000001 1.2000000000000002 0 0 0.4 15.4 0 0.4 0 0 1.2000000000000002 0.4 0 0 0 0 0 0 0.4 0.6000000000000001 0 0.6000000000000001 2.4000000000000004 0 0.4 0.4 0 0.4 0.6000000000000001 1 0.6000000000000001 0 0 0 0.2 0 2.6 2.6 6 2 0 3.4000000000000004 0 4.4 0 4.4 0 0 0 0.2 12.600000000000001 3 0 0 3.8000000000000003 6.6000000000000005 0 0 0 0 0.6000000000000001 1.4000000000000001 2 0 0.6000000000000001 3 4.2 0 4.800000000000001 2.8000000000000003 2.8000000000000003 0 6.800000000000001 1 0 0 0 0 0.4 0 0 0 0 0 0 0 0 0 0 0 0 0 0 0 0 0 0 0 0 0 0 2.6 0 0 0 0 0 0 0.2 0 0.4 0 1.8 3 0 0 0 6.4 3.2 0 0.2 0 2.8000000000000003 2 7.800000000000001 0 0.2 0 0.2 1.6 2.2 2.6 0 0.2 3.6 1.6 3.2 3 0 0 0 0.4 0 0 0 0 0 6.6000000000000005 11.200000000000001 0 0 0 5 1.6 0 0 0 2.6 0 0.2 0 0 0 0 0 0 0 0 0 0 0 0 0 0 0 0 0.4 0.2 0 0.2 0 0 0 0 0 0 0.4 0 0 0 0 0 0 0 0 0 0 0 0 0.2 0.4 0 0.4 0.2 3 1 0 0 0 0 0 0 0 0 0 4 2.2 0 0 0 0 0 0 0 0 0 0 0 0 2.2 6.6000000000000005 0 0 0 0 0 0 0 0 0 0 0 0 0 
 34.800000000000004 13.4 25.400000000000002 22 0 18.6 10.600000000000001 116.80000000000001 32.2 37.4 20.400000000000002 39 74.2 6.800000000000001 57.6 33.800000000000004 15.8 41.2 13 18.6 0 0 30.200000000000003 0 0 0.8 0.6000000000000001 1 3.6 14.600000000000001 0 0 0 3.8000000000000003 0 0.4 0 1 14.8 0 0 0.6000000000000001 0 1 0 0 0.6000000000000001 0 0 0 0.4 0.6000000000000001 0 12.600000000000001 0 0 0 1.6 0 0 0 0 0 0 1.2000000000000002 0.4 0 0 0.6000000000000001 0 0 0 0 0 0.6000000000000001 0 0 0 0 0 4.6000000000000005 4.800000000000001 6.2 6 0 4 0 0 6.800000000000001 0.4 3.2 0.4 0 0 4.6000000000000005 0 5.4 6.800000000000001 0 0 0 0 1.6 0 0 0 0 2.2 0 0 0 0 0 0 0.2 3.6 0 0 3 4.6000000000000005 0 0 0 0 0 0 0 0 0 0 0 0 0.4 0 0 0 0 0 0 0 0 0 0.2 0 0 0 0 0 0 0 1.6 0 0 0 0 0 2.2 0 0 0 0 3 0 4.6000000000000005 0 0 0 0 4.800000000000001 1.6 0 0 0 3.8000000000000003 2.6 0.8 2 0 0 0 6.4 3 0 0 0.2 0 2 1.8 0 0 0 0 0 8.200000000000001 0 0.4 0 0 3 5.2 0 0 0 0 0 0 0 0 0 0 0 0.2 0 0 0 0 0 0 0 0 0 0.4 0 0 0 0 0 0 0 0 0 0.4 0 0 0 0 0 0 0 0 0 0 0 0 0 0.6000000000000001 0.8 0 9.8 17.8 2.8000000000000003 1 0.6000000000000001 0 0 0 0 0 0 0 0 0 0 0 0 0 0 0 0 0.4 0 0 0 0 0 1.6 0 0 0 0 0 0 0 0 0 0 0 0 0 0 
 8 7.2 7.6000000000000005 7.800000000000001 18.6 0 47.800000000000004 25.8 52.400000000000006 44.2 31.6 85.80000000000001 8 7.800000000000001 20 19.200000000000003 58.6 9.600000000000001 10.8 11.600000000000001 0.2 3.4000000000000004 15 0.6000000000000001 0 0.6000000000000001 0.8 7.4 3.8000000000000003 14.8 0.2 0.2 30.6 3.6 0 0.8 0 0.6000000000000001 31.400000000000002 15.4 0 0.6000000000000001 0 0.6000000000000001 0.6000000000000001 0 0.6000000000000001 0 0 0 0.4 0.6000000000000001 0 0 0 0 0 0.6000000000000001 0 0 10 0 0 0 0 0.4 0 0 0.6000000000000001 0 0 0 0 0 0 0 0 0 0 0 0 0 0 2.4000000000000004 0 7.6000000000000005 0 0 6.2 0 1.8 0 0 0 0 2 0.4 0.4 0 0 0.4 0.2 17.2 0 0.2 0 4.800000000000001 2.8000000000000003 0 0 0.2 0 0 0 0.4 2.4000000000000004 0 0 5.800000000000001 7.2 0 0 0 0 0 0 0 0 0 0 0 0.2 0 0 0 0 0 0 0 0 0 0 0 0 0 0 0 0 0 0 0 0 0 0 0 0 0 0 0 0 0 0 1.6 2 3.6 1.6 0 0 0 0 0 1.4000000000000001 0 0 0 0.6000000000000001 0.2 2.4000000000000004 0 0 8.8 0 0.2 2.4000000000000004 0.2 0 3.2 2.4000000000000004 0 0 0 0 0 0 1.8 3.6 0 0 4 0 0 0 0 0 0 0 0 0 0 0 0 0.2 0 0 0 0 0 0 0 1.4000000000000001 0 0.4 0 0 0 0 0 0 0 0 0 0 1.8 0 0 0 0 0 0 0 0 0 0 0 0 0 17 0.2 2 19.400000000000002 0 0 0 0 0 0 0 0 0 0 0 0 0 0 0 0 6.2 0 0 0 0 0 0 0 0 0.2 0 0 0 0 0 0 0 0 0 0.4 0 0 0 0 
 32.800000000000004 34.2 13.200000000000001 36.6 10.600000000000001 47.800000000000004 0 52.2 10.200000000000001 26 23.200000000000003 10.8 36.6 38.800000000000004 15 59.2 24.6 9.8 69.2 52.2 0 0.4 0.4 0.4 0 1.2000000000000002 0.6000000000000001 0 0 0 0 0 0 0 0 0.4 0.4 0.6000000000000001 0 0 0 0.6000000000000001 0 0.6000000000000001 0 0 1 0 0 0 0.4 0.6000000000000001 0 0 0.2 0 0 0 0.6000000000000001 0 0 0 0 0.4 0 0.4 0 0 0.6000000000000001 0 0 0 0 0 0 0.4 0 0 0 0 3 0.4 2.4000000000000004 1.4000000000000001 0 0 1.6 9.4 3.2 3.2 8.4 0 0.4 3.4000000000000004 4 2 1.4000000000000001 1.4000000000000001 4.4 2.2 0 0 0 0 0 0 0 0 0.4 0 0 0 2.2 0 0 0 0 0 0 0 0 0 2.2 0.4 0 0 0 0 0 0 0 0 0 0.4 0.4 0 0 0 0 0 0 0 0 0 0 0 0 0 0 0 0 0 0 0 0 0.2 0 0 0 0 2.6 4.800000000000001 3.8000000000000003 0 0 0 1 1.6 0 3.8000000000000003 0 0 4.800000000000001 0.4 0.4 2.6 2 3.8000000000000003 2 1.8 0 0 0 0 0 0 0.4 0 0 0 0 0 2.4000000000000004 0 0 0 0 0 0 0.2 0 0 0.2 0.2 0 0 0 0 0 0 0 0 0 0 0 0 0 0 0 0 0 0 0 0 0.4 0 0.2 0 0 0 0 0 0 0 0 0 0 0 0 0 0 0 1 0 0 0 0 0.4 0 0.4 0 0 1.8 0 0 0 0 0 0 0 0 0 0 0 0 0 0 0 0 0 0 0 0 0 0 0.2 0 3.8000000000000003 0 0 0 0 0 0 0 0 0 0 0 0 
 62.6 49.2 53.800000000000004 18.6 116.80000000000001 25.8 52.2 0 39.400000000000006 61.400000000000006 110.2 7.2 83.60000000000001 54.400000000000006 110.60000000000001 19 9 52.400000000000006 12.600000000000001 36 0 0 0 0.4 0 0.8 0.4 0 0 0 0 0 0 0 0 0.4 0 0.4 0 0 0 0.4 0 0.6000000000000001 0 0 0.6000000000000001 0 0 0 0.4 0.6000000000000001 0 0 0 0 0 0 0 0 0 0 0 0 0 0.4 0 0.2 0.6000000000000001 0 0 0 0 0 0 0.2 0 0 0 0 4.2 4.4 2.8000000000000003 0.4 0 0.2 0 5.4 6.6000000000000005 2.2 4.2 0.2 4.6000000000000005 8 2.2 4.800000000000001 5.6000000000000005 3.2 1.6 2.8000000000000003 0 3.4000000000000004 0 0 0 0 1.2000000000000002 0 0 0 0 0 3 0 0 0 0 0 4.2 0.6000000000000001 0 0 0 0 0 0 0 0 0 0 0 0 0 0 0 0 0 0 0 0 0.4 0 0 0 0 0 0 0 0 0 0 0 0 0 0 0 1.2000000000000002 0.2 0 0 0 0.2 4.6000000000000005 2.4000000000000004 0 0 12.8 0 0 2.4000000000000004 3 0 0 0 6.4 4.800000000000001 3.4000000000000004 0 2.2 2.2 0 0 0 0 0 0 0 0 0 0 0.2 0 0.8 0.2 0 0 0.4 0 0 2.8000000000000003 0 0 0 0 0 0 0 0 0 0 0.4 0 0 0 0 0 0 0 0 0 0 0 0 0 0 0 0 0 0 0 0 0 0 0 0 0 0 0 4.2 0 0 0 0 0 0 0.6000000000000001 0 0 17.6 0.4 0 0 0 0 0 0 0 0 0 0 0 0 0 0 0 0 0 0 0 0 0 0 0 0 0 0 3.4000000000000004 0 0 0 0 0 0 0 0 0 0 0 0 2.2 
 32.4 40.400000000000006 21.8 75.8 32.2 52.400000000000006 10.200000000000001 39.400000000000006 0 56.800000000000004 25.200000000000003 24.6 23.200000000000003 30.6 43.800000000000004 44.800000000000004 27.6 86.80000000000001 15 17.6 0 0 0 0 0 0.8 5.800000000000001 0 0 0.2 0 0 15 0 0 0.4 0 0.6000000000000001 16.400000000000002 16.400000000000002 0 0.6000000000000001 0 1.2000000000000002 0 0 0.6000000000000001 0.8 0 0 0.4 0.6000000000000001 0 0 0 0 0 0 0 0 0 0 0 0 0.4 0.4 0 0 1.2000000000000002 0 0 0.2 9.600000000000001 0 0 0 0 0 0 0 0.4 0.2 2.2 5.2 2.2 2.8000000000000003 0 6.2 3.8000000000000003 0 0 7.2 0 0 1.6 4.4 4.6000000000000005 9.200000000000001 0 0 0.2 3 0 0 0 0 3.2 3 0 0 0.2 0 2 0 4.2 0.2 0 0 5.4 8 0 0 0 0 0 0 0 0 0 0 0 0 0 0 0 0 0 0 0 0 0 0 0 0 0 0 0 0 0 0 0 0 0 0 0 0 0 0 0 0 0 0.2 2.8000000000000003 4.2 0.2 2.2 0 0 3.6 2.8000000000000003 6.4 4 2.6 0 0 1.4000000000000001 4.2 4.2 0 0 3 0 3.4000000000000004 0 0 0 0 0 0 0 0 0 0 0 5.2 0 0.2 0 1.8 5 0 0 0 0 0 0 0 0 0 0 0 0.2 0.2 0 0 0 0 0 0 0 0 0 0 0 0 0 0 0 0 0 0 0 0 0 0 0 0 0 0 0 0 0 0 0 0 0.2 0.2 0.2 0.2 0 0.4 1 1.8 0 0 0 0 0 0 0 0 0 0.2 0 0 0 0 0 0 0 0 0 0 0.2 0 4.2 11.8 0 0 0 0 0 0 0 0 0.4 0 0 0 0 
 3.4000000000000004 7.800000000000001 11.600000000000001 37 37.4 44.2 26 61.400000000000006 56.800000000000004 0 38.2 101.60000000000001 30 21.400000000000002 75 24 26.400000000000002 6 15.8 37.2 0.2 1.2000000000000002 0 0 0 0.6000000000000001 17.2 0 0.4 0 0 0 22.200000000000003 0 0 0.4 0.4 0.6000000000000001 30.400000000000002 29.200000000000003 0 0.6000000000000001 0 0.6000000000000001 0 0 0.6000000000000001 0 0 0 0.4 0.6000000000000001 0 0 0 0 0 7.2 0 0 0 3.4000000000000004 0 0 1.6 0.4 0 0 1.4000000000000001 0 0 0.2 0 0 0 0 0 0 0 0.2 3 0.2 2.2 0.2 0.8 2 0.6000000000000001 9.8 11 2 4.6000000000000005 4.2 1.6 1.6 2.2 0 3.4000000000000004 7.4 0 0.2 0 2.2 2.8000000000000003 0 0 0.4 2 4.4 0 0 0 0.2 5.6000000000000005 0 3.4000000000000004 0 0 0.4 0.2 3 0 0 0 0 0 0 0 0 0 0 0 0 0 0 0 0.2 0 0 0 0.2 2.6 0 3.8000000000000003 0 0 0 0 0 0 0 0 0 0 0 0 0 0 0 0 0 0 0 12 2 3.2 1.8 4.4 0 0 0 3.8000000000000003 6.6000000000000005 2.2 0 0.2 3.6 0.2 1.8 0 2.6 0 2.6 2.2 0 0 0 4.4 0 0 0 0 0.2 0 0.2 5.4 0.2 0 0 0 6 0 8.6 0 0 0 0 2.6 0 0 0 0 0 0 0 0 0 0 0 0 0 0 0 0 0 0 0 0 0 2.6 0 0 0 0 0.4 0 0 0 0 0 0 0 0 0 0 0 0 23.200000000000003 0 0 1.4000000000000001 0 0 0.4 0 0.2 0 0 0 0 0 0 0 0 0 0 0 0 0 0 0 0 0 0 0 0 0 0 0 0 0 0 0 0 0 0 0 0 0 0 0 
 25.200000000000003 58.800000000000004 114.2 18.8 20.400000000000002 31.6 23.200000000000003 110.2 25.200000000000003 38.2 0 11 87.4 44.2 33.4 40.2 110 66.4 12.200000000000001 19.8 0.2 0 0 1.6 3.2 0.8 0.6000000000000001 0 0 0 0 0 0 0 0 0.4 0 1 0 0 0 0.6000000000000001 0 1.2000000000000002 0.2 0 0.6000000000000001 0 0 0 0.4 0.6000000000000001 0 0 0 0 0 0 0 0 0 0 0 0.8 0 0.4 0 0 0.6000000000000001 0 0 0 0 0 0 0 0 0 0 0 2.2 0.2 0.2 1.8 1.2000000000000002 1.4000000000000001 0 2.6 2.2 6 7.6000000000000005 2.4000000000000004 1.8 4.4 2.2 2.2 4.4 0.2 0 0 4.2 0 0 0 0 0.2 2 3 0 0.4 0 0 2.6 0 0 0 0 0 2.2 3.6 0 0 0 3 0 0 0 0 0 0 0 0 0 0 0 0 0 0 0.4 0 0 0 0 0 0.2 0 0 0 0 0.4 0 0 0 0 0 0 0 0 0 0 0.2 1.8 2.6 2.4000000000000004 0 3.2 3.4000000000000004 1.8 4.6000000000000005 4.6000000000000005 0.2 0.2 0 6.4 0.2 2.6 2.2 4.2 0 3.4000000000000004 0 0.2 0 0 0 0 0 0 0 0 0 0.4 0 0 0.8 0 0 0 0.2 0 0 0 0 0 0 0 0 0 0 0 0 0 0 0 0 0 0 0 0 0.2 0 0 0 0 0 0 0 0 0 0 0 0 0 0 0 0 0 0 0 0.4 0 0 0 0 0 0.8 0 0 9.200000000000001 8.4 3 0.4 0.8 0 0 0 0 0 0 0 0 0 2.8000000000000003 0 0 0 0 0 0 0 0 0 0 0 0 2.8000000000000003 3.8000000000000003 1.6 0 0 0 0 0 0 0 0 0 0 0 0 
 4.6000000000000005 9.8 22 13 39 85.80000000000001 10.8 7.2 24.6 101.60000000000001 11 0 25.400000000000002 22.6 68 5 27.200000000000003 33 5.4 52.2 0.2 0 0 0 0 0.6000000000000001 5 15.600000000000001 16.400000000000002 0.2 0 0 0.6000000000000001 14.8 0 0.4 0 1 0.2 0.8 0 0.6000000000000001 0 0.6000000000000001 1.2000000000000002 4.4 0.6000000000000001 0 0 0.2 0.4 0.6000000000000001 0 0 0 0.6000000000000001 0 4.800000000000001 0 0 0 0 0 0 0.6000000000000001 2 0.2 0 0.6000000000000001 0 0 0 0 2.2 2.2 0 0 0 0 0 8.4 3 0.4 2.6 3.6 0 0 0.2 0 0 0 2.2 0 0 1.4000000000000001 0 2 3 0.2 0 3.8000000000000003 3 5 0 0.2 0 0.2 1.4000000000000001 0 0 0 0 0 3.2 5.2 0 0 0 3 2.4000000000000004 0 0 0 0 0 0 0 0 0 0 0 0 0 0 0 0 0 0 0.4 0 0 0 0 0 0.2 0 0 0 0 0 0 0 2.4000000000000004 0 0 0 0 0 0 0 0.4 3 0.2 3.6 1 3 2.6 0 1 0.4 4.2 0 0.2 2.6 0 0 4.800000000000001 0 0 0 5.6000000000000005 0 3.8000000000000003 0.4 0 0 1.4000000000000001 6.6000000000000005 0 0 0 0 0 4 3.8000000000000003 2 0 1.4000000000000001 2.2 2.8000000000000003 0 0 0 0 0 0 0 0 0 0 0 0 0 0 0 0 0 0 0.4 0 0 0 0 0 0 0 3.4000000000000004 0 0 0 0 0 0 0 0 0 0 0 0 0 0 0 0 0 0 0 0.2 0 0.8 0.2 0 0 0 0.4 0 0 0 0 0 0 0 0 0 4.2 0 0 0 0 0 0 0 0 0 0 0 2.2 0 0 0 0 0 0 0 0 0 0 0 0 0 0 
 28.400000000000002 37.800000000000004 10.600000000000001 13.600000000000001 74.2 8 36.6 83.60000000000001 23.200000000000003 30 87.4 25.400000000000002 0 23.400000000000002 31.6 27.400000000000002 46.6 10.200000000000001 18.6 40.800000000000004 0 0.2 0 0 0 0.8 0.6000000000000001 40.400000000000006 0 14.8 0 0 0 0 0 41 0 0.6000000000000001 0 0 0 0.6000000000000001 0 1.8 0 0 0.6000000000000001 0 0 0 0.4 0.6000000000000001 0 0.4 0 0 0 0 0 0 0 0 0 0 1.2000000000000002 0.4 0 0 0.6000000000000001 0 0 0 0 0 0 0 0 0 0 0 1.6 1.8 3 0 1.8 0 3 9.200000000000001 0.2 4.2 5.800000000000001 1.6 4.800000000000001 7 3.4000000000000004 1.8 3.8000000000000003 4 2.8000000000000003 0 0 0 0 0 0 0 0 0 0.4 0 0 0 2.2 0 0 0 0.2 0 0 0 0 0 0 0.2 0 0 0 0 0 0 0 0 0 0.4 0.4 0 0 0 0 0 0 0 0 0 0 0 0 0 0 0 0 0 0 0 0 0.2 0 0 0 0 2.6 2.6 0.2 0.6000000000000001 0 0 3.2 3.4000000000000004 0.2 0 0.2 2 6 3.8000000000000003 7.2 2 0.8 3.8000000000000003 2 1 0 0 0 0 0 0 0.4 0 0.2 0 0 0 2 0 0 0 0 0 0 2 0 0 0 0.2 0 0 0 0 0 0 0 0 0 0 0 0 0 0 0 0 0 0 0 0 0.4 0 0.2 0 0 0 0 0 0 0 0 0 0 0 0 0 0 0 0 0 0 0.2 0.4 0 0 0.2 0.4 1.4000000000000001 2 0 0 0 0 0 0 0 0 0 0 0 0 0 0 0 0 0 0 0 0 0 0 0 0 3.8000000000000003 0 0 0 0 0 0 0 0 0 0 0 0 
 43.400000000000006 43 78 15.8 6.800000000000001 7.800000000000001 38.800000000000004 54.400000000000006 30.6 21.400000000000002 44.2 22.6 23.400000000000002 0 87.60000000000001 56 32.2 26.200000000000003 19.8 55 0 0 0 0 0 1 0.4 0 0 0 0 0.4 0 0 0 0.4 0 0.6000000000000001 0 0 0 0.4 0 0.4 0 0 0.6000000000000001 0 0 0 0.4 0.6000000000000001 0 0 0 0 0 0 0 0 0 0 0 0 0 0.4 3.4000000000000004 0.2 0.6000000000000001 0 0 0 0 0 0 0 0 0 0 0 2.8000000000000003 0 2.2 1.2000000000000002 0 0 5 9.600000000000001 3 10.600000000000001 9.8 0.2 4.800000000000001 7.2 0 1.8 5.800000000000001 1.2000000000000002 8.4 7 0 0 0 0 0 0 2 0 0 0 0 0 2.2 0 0 0 1.6 0 0 0 0 0 0 0 0 0 0 0.4 0 0 0 0 0 0 0 0 0 0 0.2 0 0 0 0 0 0 0 0 0 0 0 0 0 0 0 0 0 2.8000000000000003 0 0 0 4.6000000000000005 2.6 1.6 0 0 0 1.8 4 0 0.2 0.6000000000000001 0 4.2 3.4000000000000004 4 2 0 3.6 15 6.800000000000001 0 0 0 0.2 0 5.4 0 0 0 0 2.2 4.2 2 0 0 0 0 0 0 0 0 0 0 0 0 0 0 0 0 0 0 1.8 0 0 0 0 0 0 0.2 0 0 0 0.6000000000000001 0 0 0 2.2 0 0 0 0 0 0 0 0 0 0 0 0 0 0 0 0 0 0 0.4 0.2 0 0 0 0 0.4 0 0.2 0 0 0 0 0 0 0 0 0 0 0 0 0 0 0 0 0 0 0 0 0 0 3 3.8000000000000003 0 0 0 0 0 0 0 0 0 0 0 0 
 55.2 33.2 29.6 14.600000000000001 57.6 20 15 110.60000000000001 43.800000000000004 75 33.4 68 31.6 87.60000000000001 0 33.800000000000004 29 15.200000000000001 29.8 26.200000000000003 0 0 0 0 0 0.6000000000000001 0.8 0 0.2 0 0 0 0 0 0 0.4 0 0.4 3.6 0.4 0 0.4 0 0.8 0 0 0.6000000000000001 0 0 0 0.4 0.6000000000000001 0 0 0 0 0 0 0 0 0 0 0 0 2.8000000000000003 0.4 0 0 0.6000000000000001 0 0 0 0 0 0 0 0 0 0 0 0.2 4.2 4.4 0 0.2 2.6 1.4000000000000001 8.6 3.2 4.2 8 0 1.4000000000000001 1.4000000000000001 1 3 5.4 5 0.2 0 0 0 0 0 0 0 1.4000000000000001 0 0 0.4 0 0 0 0 0 0 0 0 10.600000000000001 1.8 0.4 0 0 0 0 0 0 0 0 0 0 0 0 0 0 0 0 0 0 0 0 0 0.4 0 0 0 0 0 0 0 0 0 0 0 0 0 0.4 0 0 0 3.6 5 2.2 1.2000000000000002 0 0.4 0.4 6 2.4000000000000004 1.2000000000000002 0.4 0 6.800000000000001 5.6000000000000005 2 0.4 2.2 0 2.8000000000000003 4 2.6 0 0.2 0 0 0.2 0 0 0 0 0 0 0 0 0 0 0 0 0 11 0 0 0 0 0.2 0 0 0 0 0 0 0 0 0 0 0 0.4 0 0 0 0 0 0 0 0 0 0 0 0 0 0 0 0 0 0 0 0 0 0 0 0 0.4 0 0 0 0.4 0.4 0 0 17.400000000000002 0 0 4.6000000000000005 0 0.4 0 0 0 0 0 0 0 0 0 0 0 0 0 0 0 0 0 0 0 0 1.4000000000000001 0 0 0 0 0 0 0 0 0 0 0 0 0 0 
 122.2 102.4 73 20.6 33.800000000000004 19.200000000000003 59.2 19 44.800000000000004 24 40.2 5 27.400000000000002 56 33.800000000000004 0 37 46.6 10.4 25.400000000000002 0 0.2 0 0.4 0.6000000000000001 0.8 0.6000000000000001 0.4 0 0 0 0.6000000000000001 0 0.8 0 0.4 0.6000000000000001 41.800000000000004 0 0.6000000000000001 0 1 0 3.8000000000000003 0.6000000000000001 0 0.6000000000000001 0 0.4 0 4.2 0.6000000000000001 1 11.8 0.6000000000000001 0.6000000000000001 0 1.8 0 1.2000000000000002 0 0.4 0 0 0 1 0.4 0.4 0.8 0 0.2 0 0 0 0.2 0 0.4 0 0.6000000000000001 0 1.6 2 2 3.8000000000000003 2 0 0 5 12 7.6000000000000005 2.4000000000000004 2.6 7.800000000000001 3 0 4.4 5.6000000000000005 4.800000000000001 1.8 3 0 0 0 0 0 0 0 0 0 0 0 0 7.6000000000000005 0 0 0 0 0 0 0.2 0 0 0 0 0 0 0 1.4000000000000001 0 0 0 0 0 0 0 0 0 0.2 0 0 0 0 0 0 0 0 0 0 0 0 0 0 0 0 0 0 0.4 0 0 0 0 0 3.4000000000000004 0.4 0 0 6.4 0.2 2.8000000000000003 16.400000000000002 0 2.2 0 3.4000000000000004 6.4 8.4 0 0 1.6 0 0 0 0 4 0 0 0 0 0 0 0 0 1.2000000000000002 0 0 0 0 0 2.8000000000000003 2.8000000000000003 0 0 0 0 0 0 0 0 0 0 0 0 0 0 0 0 0 0 0 0 0 0 0 0 0 0 0 0 0 0 0 0 0 0 0 0 0 0 0 0 0 0 0 0 0 0 0 0.4 1.8 0.2 6.6000000000000005 0 0 0 0.2 0 0 0 0 0 0 0 0 0 0 0 0 0 0 0 0 0 0 0 0 0 6.6000000000000005 0 0 0 0 0 0 0 0 0 0 0 0 0 
 65 35 13.600000000000001 27 15.8 58.6 24.6 9 27.6 26.400000000000002 110 27.200000000000003 46.6 32.2 29 37 0 47.400000000000006 25.8 41 0 0 0 1.2000000000000002 0 12.8 0 0 0 0.2 0.8 0 15 1.2000000000000002 0 0 0 0.2 5.2 5.800000000000001 0 0 0 1.2000000000000002 0 0 0.2 0.6000000000000001 0 0.4 0 0.4 0 0.6000000000000001 0 12.8 0.6000000000000001 0.8 0 0.2 0 0.2 1 0 0.2 1 0 0 0 0 0 0 0 0.8 0 0.6000000000000001 0.2 0 0 0 8.4 17.6 0 3 7.2 5.2 4.2 2.6 3.6 3.2 3.4000000000000004 0.2 3.6 3.8000000000000003 1.8 1 2.8000000000000003 4.6000000000000005 0 0 2 0 0 0 0 0 1.6 0 0 0 0 0 2.8000000000000003 0 0 0 5 0 0 5.6000000000000005 0 0 0 0 0 0 0 0.2 0 0 0.4 0 0 0 0 0 0 0 0 0 0 0 0 1 0 0 0 0 0 0 0.4 0 0 0 0 0 0.2 0 0 0 0 2.4000000000000004 2 0 0 2.4000000000000004 1.8 2.6 1.6 4.6000000000000005 0.4 3.4000000000000004 0 13.8 3 2.8000000000000003 3.2 7.6000000000000005 0 0 0 0 0 0 0 0 0 0 0 0 0 0 0.6000000000000001 0 1.4000000000000001 0 0 0 2.6 4 0 0 0 0 0 0 0 0 0 0 0 0 0 0 0 0 0 0 0 0 0.2 0 0 0 0 0 0 0 0 0 0.4 0 0 0 0 0 0 0 0 0 0 0 0 0 0 0.4 0.2 0 0.2 17 0 0.8 0 0 0 0 0 0 0 0 0 0 0 0 0 0 0 0 0 0 0 0.2 0 0 0 2.2 3 0 0 0 0 0 0 0 0 0 0 0 0 0 
 63.6 71.2 29 75.8 41.2 9.600000000000001 9.8 52.400000000000006 86.80000000000001 6 66.4 33 10.200000000000001 26.200000000000003 15.200000000000001 46.6 47.400000000000006 0 8.6 22.200000000000003 0 0 0 0.4 0 1.2000000000000002 0.4 0 0 0.6000000000000001 0 0 0 0 0.4 0.4 0.4 0.4 0 0 0 0.4 0 2 0.4 0 0.6000000000000001 0 0 0 0.4 0.6000000000000001 0 0 0 0 0 0 0 0 0 0.4 0 0 0 0.4 0 0 0.6000000000000001 0 0 0 0 0.2 0 0 0 0 0 0 3.8000000000000003 4.6000000000000005 4.800000000000001 6.2 2.2 0 0 3 0.4 0.2 3.4000000000000004 5 0.2 5 0.2 9.4 3.8000000000000003 2.4000000000000004 1.2000000000000002 0 0 0 0 0 0 0 1.6 0 0.4 0 0 0 5.4 0 0 0 0 0 3 2.6 0 0 0 0.4 1.4000000000000001 0 0 0 0 0 0 0 0 0.4 0.4 0 0 0 0 0 0 0 0 0 0 0 2.8000000000000003 0 0.2 0 0 0 0 0 0 0.2 0 0 0 0 0 4.6000000000000005 0 2 0.2 0 2.2 0 5 5.4 2.8000000000000003 2.2 0 2.6 5.800000000000001 4 5.800000000000001 10 0 0 0 0 0 0 0 0 0.4 0 0 0 0 0 2 0 0 0 0 0 0.2 0.8 0 0 0.2 0 0 0 0 0 0 0 0 0 0 0 0 0 0 0 0 0 0 0 0 0 0.2 0 0.2 0 0 0 0 0 0 0 0 0 0 0 0 0 0 0 0 0 0 0 0.4 0 17.400000000000002 0.2 0 0.4 0 0 0 0 0 0 0 0 0 0 0 0 0 0 0 0 0 0 0 0 0 0 0 2 3 6 0 0 0 0 0 0 0 0 0 0 0 0 
 8.200000000000001 11.200000000000001 48.400000000000006 18.6 13 10.8 69.2 12.600000000000001 15 15.8 12.200000000000001 5.4 18.6 19.8 29.8 10.4 25.8 8.6 0 55.2 0 0 0 0 0 1 0.6000000000000001 0 0 0 0 0.6000000000000001 0.2 0 0.4 0.4 0 0.6000000000000001 0.4 0.2 0.2 0.4 0.6000000000000001 1.2000000000000002 0 0.6000000000000001 0.6000000000000001 0 0 0.6000000000000001 0.4 0.6000000000000001 0.6000000000000001 0 0.2 0 0.6000000000000001 0 0 0.6000000000000001 0 0 0 0 0 0.4 0.4 0.2 0.6000000000000001 0 0.6000000000000001 0.6000000000000001 0 0 8 0 0.4 0.2 0 0.4 1.8 3.8000000000000003 0 0 0 0 10.600000000000001 3.6 6.2 0 0.2 0 7.4 4.2 1.8 0 0 0 0 0.6000000000000001 0 0 0 0 0 0 0 0 2.4000000000000004 0 0 0 0 0 0 0 0 0 0 0 2.4000000000000004 0.2 0 0 0 0 0 0.4 0 0 0 0 0 0 0 0 0 0 0 0 0 0 0 0 0 0 0 0 0 0 2.8000000000000003 0 0.4 0 0 0 0 0 0 0 5.4 0.2 1.2000000000000002 0 0 0 3.4000000000000004 9.4 0 0 0 0 3.8000000000000003 3.6 0 3.6 0.6000000000000001 0 3 3.8000000000000003 0 0 0 0 0 0 0 0 0 0 0 0 0 2.8000000000000003 0 0 0 0 0 0 0 0 0 0 0 0 0 0 0 0 0 0 0 0 0 0 0 0 0 0 0 0 0 0 0 0 0 0 0 0 0.2 0 0 0 0 0 0 0 0 0 0 0 0 0 0 0.4 0 0.4 0 0.2 0 0.6000000000000001 0 0.2 0 0 0 0 0 0 0 0 0 0 0 0 0 0 0 0 0 0 0 0 0 0 0 0 0 0 0 0 0 0 0 0 0 0 0 0 
 26.8 15.200000000000001 57.6 12.8 18.6 11.600000000000001 52.2 36 17.6 37.2 19.8 52.2 40.800000000000004 55 26.200000000000003 25.400000000000002 41 22.200000000000003 55.2 0 1 0.6000000000000001 0.6000000000000001 0 0 0.6000000000000001 0.8 0.8 0.4 0 0 0.4 0 0 0.4 0.4 0.4 0.4 0 0.2 0 0.4 0 1 0 0 0.6000000000000001 0 0 0.4 2.6 0.6000000000000001 0 0 0.2 0.6000000000000001 0.6000000000000001 0 0.6000000000000001 0 0 0 0 0.4 0.6000000000000001 1 0 0.4 0.6000000000000001 0 0.4 0.6000000000000001 0 0 0 0.4 0 0.4 0 0 5 4.4 0 0 0 0 0.2 0.2 4.6000000000000005 0 9.4 2.4000000000000004 0 4.6000000000000005 0 1.6 0.2 2 5.800000000000001 4.800000000000001 0 0 0 0 0 0 0 0 0 0 0 0 2.6 0 0 0 0 0 0 0 0.4 0 0 0 0 0 0 0 0 0 0 0 0 0 0 0 0.2 0 0.4 0 0 0 0.4 0 0 0 0 0 0 0 0 0.2 0 0 0 0 0.4 0 0 0 7.4 0 4.2 0 0 0 0.4 3.6 0 4.800000000000001 0.4 0 0 5.2 3.2 3.4000000000000004 4 0 0 6.2 0 0.2 0.2 0 0 0 0 0 0 0 0 0 2.2 0 0 0 0 0 0 2 0 0 0 0 0 0 0 0 0 0 0 0 0 0 0 0 0.4 0 0 0 0 0 0 0 0 0 0 0 0 0 0 0.4 0 0 0 0 0 0 0 0 0 0 0 0 0 0 0 0.4 0 0.6000000000000001 0 0 0 0 14.8 0 0 0 0 0 0 0 0 0 0 0.2 0 0 0 0 0 0 0 0 0 0 0 0 0 0 0 0 0 0 0 0 0 0 0 0 
 0 0 0 0 0 0.2 0 0 0 0.2 0.2 0.2 0 0 0 0 0 0 0 1 0 53.800000000000004 121.80000000000001 11.8 53.2 13.8 41.400000000000006 25.6 10.600000000000001 51 50.800000000000004 51.800000000000004 96 60.6 25.6 24 23.8 8.4 23 17.8 0 0 0 0 0.6000000000000001 0.6000000000000001 11.200000000000001 0.2 0 0 0.4 0 0 0.6000000000000001 0.6000000000000001 0 0 0.8 0.6000000000000001 12.200000000000001 0 9.200000000000001 0 0 0 0.2 0 0 0 7.800000000000001 0 0 0 0 0.4 1.6 0.6000000000000001 0 0 0 0 0 3.6 0 0.2 3.2 0 0 0 0 0 1 0 0 0 0 0 0 0 0 0.2 0.4 1.2000000000000002 0.4 4.6000000000000005 0 2.8000000000000003 4.4 3.2 2.2 5.800000000000001 3.8000000000000003 0 1.6 4.6000000000000005 7 3 0.2 0 1.4000000000000001 0 0 0 0 0 0 0 0 0 0 0 0 0 0 0 0 0 0 1.4000000000000001 0 0 4.2 0 0 0 0 0.2 0 0 0 0 0 0 0 0 0 0 0 0 0.2 0 0 0 0.2 0 1.6 0 0 0 0 0 0 0 0 0 0 0 1.8 0 0 4.2 6.4 2.6 0.2 5.800000000000001 0.2 6 3.4000000000000004 7.6000000000000005 1.4000000000000001 10 0.6000000000000001 0.6000000000000001 5.6000000000000005 0 7 10.600000000000001 4.2 1.6 4 0 0 0 0 0 0 0 2 0 0 0 0.4 1.4000000000000001 0 0 0 0 0 0 0 0 0 0 0 2 0 0 0 0 0 0 0 0 0 1 0 0 0 0 0 0 0 0 0 0 0 0 0 0 0 0 0 0 0 3.2 0.4 0 1.4000000000000001 15.4 0.4 0 0.2 0 0 0 0 0 0 0 0 0 0 0 0 0 0 0 0 0 0 0 0 0 0 0 0 0 0 0 0 
 0 0 0 0 0 3.4000000000000004 0.4 0 0 1.2000000000000002 0 0 0.2 0 0 0.2 0 0 0 0.6000000000000001 53.800000000000004 0 24 57.2 47.400000000000006 8 25 42.400000000000006 11 59.2 51 7.2 28 28.200000000000003 28.8 39.2 24.200000000000003 23.6 25 28.8 0 0 0 0 0.6000000000000001 0.6000000000000001 0.2 0 0 6.800000000000001 2 0 0 0.6000000000000001 0.6000000000000001 0 0.4 0.8 13.4 0.4 0 0 0 0 0 0 0 0 0 0 0 0.2 0 0 0.4 0 0.4 0 0 0 0 0.4 0 2.6 0 1.8 0 0 0 0 0.2 0.4 2.4000000000000004 0 0 0 0.2 0 0 0 0 1.8 1.6 3.4000000000000004 3.6 3 2.8000000000000003 0 5.6000000000000005 0 6.2 6.800000000000001 1.2000000000000002 2.4000000000000004 2.8000000000000003 3.8000000000000003 12 4 0 2 0 0 0 0 0 0 0 0 3 0 0 0 2.4000000000000004 0 0 0 0 0 2.6 1.8 0 0 0 0 0 0.4 0 0 0 0 0 0 0 0 0 0 0 0 0 0 0 2.6 0 1.8 5.2 0 0 0 0 0 1.8 4.2 1.8 0.2 0 0 0 0 0 3.4000000000000004 3.4000000000000004 6 0 10.600000000000001 2.2 2.4000000000000004 5 0.2 2 9.4 7.2 7.4 5.2 2.8000000000000003 0 0.2 0.4 4.800000000000001 0 0 0 0 0 1.8 0 0 0 2 0 0 0 0 0.6000000000000001 0 0 0 0 0 6.800000000000001 0.4 0 0 0 0 0 0 0 0 0 0 0 0 0 0 0 0 2.4000000000000004 0 0 0 0 0 0 0 0 0 15.8 0 0 0 0 0 0 0 3.6 0 0.4 0.2 0.4 0.2 0 0 0 0 0 0 0 0 0 0 0 0 0 0 0 0 0.4 0 0 0 0 3.2 0 0 0 2.2 0 0 0 0 
 0 0 0 0 30.200000000000003 15 0.4 0 0 0 0 0 0 0 0 0 0 0 0 0.6000000000000001 121.80000000000001 24 0 25.200000000000003 9.200000000000001 5.6000000000000005 12.600000000000001 13.8 104 21.8 21.6 59.6 27 77.2 25.6 71 27 21.200000000000003 8.8 64.60000000000001 0 0 0 0 0.6000000000000001 1 13.600000000000001 0 0 0 0.4 0 1.2000000000000002 0.6000000000000001 0.6000000000000001 0 0 0.6000000000000001 0.6000000000000001 0 0 0 0 0.8 0 0 0 0 0 0 0 10.4 0 0 0.6000000000000001 0.4 0.6000000000000001 0 0 0.2 0 0 1.4000000000000001 0 2.6 3.4000000000000004 0 0 0 0 0 0 0 0 0 0 0 0 0 0 6.6000000000000005 3.8000000000000003 3.2 0 4.2 0.4 3.2 4 0 4 10 0 8.6 2 0.6000000000000001 3.4000000000000004 0 2.2 3.8000000000000003 9.4 0 0 0 0 0.2 0 0 0 0 0 0.2 0 0 0 0 0 0 0 0 0 0 0 0 0 0 0 0 0 0.2 0 0 0 0 0 0 0 0 0 0 0.8 0 3.2 0 0 0.4 1.6 0 0 0 0 0 0 0 0 0 0 0 0 0 9 5.6000000000000005 0.2 4.4 4 7.2 0 3.6 13 4.6000000000000005 2.2 4.6000000000000005 9 3.2 4.4 3.4000000000000004 2 5.2 0 2.4000000000000004 0 0 0 0 0 0 0 0 0 0 0 0 0.4 0 0 0 0 0 0 0 0 0 0 0 0 0 0 0 0 0 0 0 0 0 0 0 0 0 0 0 0 0 0 2 0 0 0 0 0 0 0 0 0 0 0 2.2 0 0 15.600000000000001 0 0 0.4 0 0 0 0 0 0 0 0 0 5.2 0 0 0 0 0 0 0 0 0 0 0 0 0 0 0 2.6 0 0 0 
 0 0 0 0.2 0 0.6000000000000001 0.4 0.4 0 0 1.6 0 0 0 0 0.4 1.2000000000000002 0.4 0 0 11.8 57.2 25.200000000000003 0 97 22.6 13.8 14.4 18 36.6 49.800000000000004 61.800000000000004 54 17.400000000000002 11.600000000000001 83.80000000000001 25.400000000000002 61.2 9.200000000000001 25.8 12.600000000000001 0 7 0 1.2000000000000002 0.6000000000000001 12.8 0 0 0 0.6000000000000001 0 25.400000000000002 0.6000000000000001 0.6000000000000001 0 0 18.400000000000002 13.600000000000001 13.8 0 0.4 0 0 0 0.4 0 0 0 0 0 0 0 0.8 0.4 0 0.6000000000000001 0 0 1.6 0 0 0 0 0 0 1.6 0 0 0 0 0 0 0 0 0 0 0 0 0 2.4000000000000004 0 0 2 0 5.4 0 0 0 7 0 1.4000000000000001 4 0 0 0 3.2 0.2 0 0 3.6 0 3.8000000000000003 0 0 0 5.6000000000000005 5 0 0 0 0 3.8000000000000003 4.2 3.8000000000000003 0 5.4 3.8000000000000003 9.200000000000001 2.4000000000000004 0 0 0 2 0 0 0 0 0 0 0 0 0 0 0.8 0 0 0 0 0 0 0.4 0 0 0 0 0 0 0 0 0 0 0 0 0 0 0 0 0 1.4000000000000001 0 0 3.6 8 0 5 0 2.6 0 2.2 7 1.2000000000000002 2 0 6.800000000000001 0 1.4000000000000001 0 0 0 4.4 0 0 0 0 0 8.6 4 2.2 0 0 0 0 1.4000000000000001 3 0.4 0 0 0.2 5.800000000000001 0 0 0 0 0 0 0 0 0 0 0 0 0 0 0 0 0 0 0 0 0 0 0 0 4.4 0 0 0 0.4 0 0 0 0 0 0.8 0 0.4 7.800000000000001 0 0 0.2 0.2 0 0 0 0 2.6 0 0 0 0 0 0 0 0 0 0 0 0 3.6 0 2.6 0 0 0 4 0 0 0 0 
 0 0.4 0 0.4 0 0 0 0 0 0 3.2 0 0 0 0 0.6000000000000001 0 0 0 0 53.2 47.400000000000006 9.200000000000001 97 0 81.2 12.200000000000001 9.600000000000001 14.8 21.200000000000003 95.60000000000001 24.6 15 15.8 11.4 24.400000000000002 10 35.4 10.600000000000001 35.4 12.4 0.2 12.600000000000001 0 0.6000000000000001 0.6000000000000001 26.6 0 0 0 0.4 0 4 0.6000000000000001 13.8 0 0 0.6000000000000001 8.8 0 0 0 0 0 0 0 0 0 0 0 0 0 0 0.4 0.4 0 0.6000000000000001 0 0 2.6 0 0 0 0 0 0 0 0 0 0 0 0 0 0 0 0 0 0 0 0 0 0 1.2000000000000002 1.4000000000000001 0 4.2 0 0 0 10.200000000000001 1 1.4000000000000001 0 0 0 0 0 2.2 0 0 1.6 9.8 4 0 0 0 3.6 2.2 0 0.6000000000000001 1.4000000000000001 0 2.6 8.8 1.6 0.2 2.2 0 1.4000000000000001 1.6 0 5 0 0 0 0 0 0 0 0 0 0 0 0 0 0 0 0 0 0 0 0 0 0 0 3.8000000000000003 0 0 0 0 0 0 0 0 0 0 0 0 0 0 0 0 0 0 1.6 2.2 0 0 0 2 2.6 2.8000000000000003 0 0 0 0 0 0.4 0 0 14.4 0 0 0.4 0 0 3.6 5.800000000000001 3.2 0.2 0.2 2 1.2000000000000002 3.8000000000000003 7.800000000000001 0.2 0.2 0 2.4000000000000004 8 0 0 0 3.6 0 0 0 0 0 0 0 0 0 0 0 0 0 0 0.6000000000000001 0 0 0 0 0 0 0 0 0 0 0 0 0 0 0 3.2 0 0.4 15.200000000000001 15.200000000000001 0 0.8 0 0 0 0 0 2.4000000000000004 0 0 0 0 0 0 0 0 0 0 0 0 2.6 0 0 0 0 0 0 0 0 0 0 
 1 1 1 1 0.8 0.6000000000000001 1.2000000000000002 0.8 0.8 0.6000000000000001 0.8 0.6000000000000001 0.8 1 0.6000000000000001 0.8 12.8 1.2000000000000002 1 0.6000000000000001 13.8 8 5.6000000000000005 22.6 81.2 0 54.2 49 9.8 24.8 17.6 15.200000000000001 6.4 7.6000000000000005 10.4 45 13.4 40.800000000000004 64 13.200000000000001 0.2 0.2 17 0 0.6000000000000001 0.6000000000000001 0 0.2 12.200000000000001 0 0.4 0 32.6 1.4000000000000001 0.8 12.4 0 0.6000000000000001 17.400000000000002 26 0 0.8 0 0.8 0 0 0 0 0 0 0 0 0 0 0.4 10 0.4 0 0 0 0 0 0 0 0 0 0 0 0 0 0 0 0 0 0 0 0 0 0 0 0 0 1.8 0 1.8 2.6 0 0 0 0 0 3.6 0 0 0 0 0 0 0 0 4.2 1.2000000000000002 6.6000000000000005 0 0 0 3.6 1.4000000000000001 1.2000000000000002 2.4000000000000004 0 0 0.2 8.6 0 2.4000000000000004 2.6 2.8000000000000003 2.8000000000000003 4.800000000000001 0 0.2 0 3.8000000000000003 0 0 0 0 0 0 0 0 0 0 1.2000000000000002 0 0 0 0 0 0.8 0 0 0 0 0 0 0 0 0.2 0 0 0 0 0 0 0 0 0.8 0 0 0 0 0 0 0 0 0 1.8 2.4000000000000004 0 1.2000000000000002 0 0 0 0 0 0.2 0 0 0 2.2 2.4000000000000004 0 0 0 4.800000000000001 2.2 0 0 1.6 0 0 0 0 0 4.800000000000001 1.2000000000000002 6.800000000000001 4.2 0 0 0 0 0 0 0 0 0 0 0 0 0 0 0.2 0 0 0 0 0 0 0 0 0 0 0 0 0 0.2 0 0 0 0 0 0.8 0 1.2000000000000002 0.4 2.2 0 0.6000000000000001 0.6000000000000001 0 0 0 0 3.2 0 0 0 0 0 0 0 0 0 0 0 0 0 0 2 1.2000000000000002 0 2.2 0 0 0 0 0.2 
 0.6000000000000001 0.6000000000000001 0.6000000000000001 5.800000000000001 0.6000000000000001 0.8 0.6000000000000001 0.4 5.800000000000001 17.2 0.6000000000000001 5 0.6000000000000001 0.4 0.8 0.6000000000000001 0 0.4 0.6000000000000001 0.8 41.400000000000006 25 12.600000000000001 13.8 12.200000000000001 54.2 0 21.400000000000002 14.600000000000001 9.200000000000001 9.600000000000001 17.8 35 21.8 10 69.8 80.4 5.6000000000000005 28.6 13.4 0 0 0 0 1 0.6000000000000001 0.2 0 0 0 0.4 0 0 0.6000000000000001 0.6000000000000001 0 0 0.6000000000000001 0.6000000000000001 0 0 0 0 0 0 0 0 0.4 0.2 0 0 0 11.600000000000001 0 0.4 0 0.6000000000000001 0.4 0 0 0 0 5.4 0.2 4.6000000000000005 0 0 0 1.4000000000000001 0 0 6.800000000000001 0 0 0 0 9.200000000000001 0 0 0 0 7.2 0 5.4 1.2000000000000002 0 2.2 1.2000000000000002 6.2 0 2.6 8 1.8 0.2 7.6000000000000005 4.2 0 1.4000000000000001 7 3 0 0 0 0 0 0 0 0 0 0 0 0 0 0 0 0 0 0 4.2 0 0 0 0 0 0 0 0 0 0 0 0 0 0 0 0 0 0 0 0 0 0.4 0 0 0 0.2 0 0.8 0.2 0 0 4.2 0.2 3.2 0 0 0 2.2 0.6000000000000001 2.4000000000000004 0 7.6000000000000005 4.2 3.2 5.2 0 0 3.8000000000000003 0.8 2.4000000000000004 0.2 2.4000000000000004 4 3.2 12.200000000000001 4.6000000000000005 4.2 2.2 0.2 0 0 0 0 0 0 0.4 0 0 0 0 0 0 0 1 0 0 0 0 0 1.4000000000000001 0 0 0 0 0 0 0 0 0 0.4 0 0 0 0 0 0 0 3.4000000000000004 0 0 0 0 0 0 0 0 0 0.6000000000000001 0 0 0 0 0 0 0 3.2 0 0.4 0.8 0.8 0 0 0 0 0 0 0 0 0 0 0 0 0 0 0 0 2.8000000000000003 0 0 0 0 0 0 0 0 0 2.6 3.4000000000000004 0 0 0 
 0 0.4 0 0 1 7.4 0 0 0 0 0 15.600000000000001 40.400000000000006 0 0 0.4 0 0 0 0.8 25.6 42.400000000000006 13.8 14.4 9.600000000000001 49 21.400000000000002 0 49 31 23.8 81.4 58 25 7.6000000000000005 10.600000000000001 40 21.8 28.6 48 0 0 0 0 0.6000000000000001 2 0.4 0 0 0 0.4 0 0.6000000000000001 0.6000000000000001 0.6000000000000001 0 0 2.8000000000000003 0.6000000000000001 0 0 0 0 0 0 0 0 0 0 0 0 0 0 0 0.4 1.4000000000000001 0.6000000000000001 0 0 0 0 0 0 4.6000000000000005 0 2.4000000000000004 0 0 0 0 0 0 0 0 0 0 0 0 0 0 0.2 2.6 1.8 3.8000000000000003 6.2 6.6000000000000005 4.2 0.2 4.6000000000000005 6.800000000000001 6.4 0 0 5.2 0 2.2 11.4 3.2 0.2 9.200000000000001 0 0 0 0 0 0 0 0 0 0 0 0 4 0 0 0 0 0 0 1.2000000000000002 0 0 0 0 0 0 0 0 0 0 0 0.2 0 0 0 0 0 0 0 0 0 9.600000000000001 0 3.6 6.6000000000000005 3.6 0 0 0 0 0 2.4000000000000004 0 0 0 0 0 0 0 0 0.4 3 9.4 2.4000000000000004 8 0 1.6 0 0 4 0.4 0 3.2 0 0 1 4.6000000000000005 1.6 3.2 0 0 0 0 0 0 0 0 0 0 0 0 0 2.6 0 0 0 0 0 4.800000000000001 0 0 0 0 0 0 0 0 0 0 0 0 4.4 0 0 0 0.2 0 0 0 0 0 2 0 0 0 0 36.6 0 0 0 0 0 0 0 0.4 0.2 0 0 0.2 0 2.6 0 0 0 0 1.8 0 0 0 0 0 0 0 0 0 0 0.2 0 0 0 0 0 0 0 0 1.8 0 0 0 0 
 0 0 0 0 3.6 3.8000000000000003 0 0 0 0.4 0 16.400000000000002 0 0 0.2 0 0 0 0 0.4 10.600000000000001 11 104 18 14.8 9.8 14.600000000000001 49 0 31.400000000000002 34 58.6 30.8 76.80000000000001 35 13.600000000000001 14 20.6 27 70 0 0 0 0 0.6000000000000001 0.6000000000000001 12.8 0 0 0 0.4 0 0 0.6000000000000001 0.6000000000000001 0 0 1.8 0.6000000000000001 4.2 0 0 0 0 0 0 0 0 0 0 0 0 0 0 0.4 1.2000000000000002 0.8 0 0 0 0 0.2 0 0.4 0 0 0 0 0 0 0 0 0 0.4 0 0 0.2 0 0 0 1.2000000000000002 0 1.6 1.2000000000000002 3.4000000000000004 2 0 2 4.4 11.8 10 0 0 7.2 2.2 0 2.8000000000000003 9.200000000000001 0.2 2.8000000000000003 0 0 0 0 0 0 0 2.6 0 0 0 0 2.8000000000000003 0 0 0 0 0 1.6 0 0.8 0 0 0 0 0 0 0 0 0 2 0 0 0 0 0 0 0 0 0.8 0.2 0 0 0.2 2 0 0.2 0 0 0 0 0 0 0 0 0 0 0 0 0 6 1.2000000000000002 4.800000000000001 0 17.2 2.4000000000000004 1.6 4 2 3 10 2.2 0 0 0 3.8000000000000003 5.800000000000001 0.2 2.4000000000000004 0 0 0 0 0 0.2 0 4.6000000000000005 0 0 0 0 0 2 0 0 0 1.4000000000000001 0 2.4000000000000004 1.8 0 0 0.8 0 0 0 0 0 0.2 0 0 0 0 0 0 0 0 0 0 0 0 0 0 0 0 0 0 0 0 0 0 0 0 0 1.4000000000000001 0 0.4 0 15 0.2 2 0 0 0 0 0 0 0 0 0 0 0 0 0 0 0 0.4 0 0 2.2 0 0 0 0 0 0 0 0 0 0 
 0 0 0 0 14.600000000000001 14.8 0 0 0.2 0 0 0.2 14.8 0 0 0 0.2 0.6000000000000001 0 0 51 59.2 21.8 36.6 21.200000000000003 24.8 9.200000000000001 31 31.400000000000002 0 43.2 52.2 11.200000000000001 75.2 35.800000000000004 21.200000000000003 16.400000000000002 47.6 19.400000000000002 106.80000000000001 0 0 0 0 1.2000000000000002 0.6000000000000001 0.4 0 0 0 0.4 0 3.8000000000000003 0.6000000000000001 0.6000000000000001 0 0 0.6000000000000001 14.8 0 0 0 0 0 0 0 0 0 0 0 0 0 0 0.2 0.4 0 0.6000000000000001 0 0 0.8 0 0 0.4 0 0 0 0 0 0 0 0 0 0 0 0 0 0 0 0 0 0 3.8000000000000003 3.4000000000000004 9.4 2.6 8.6 0 2.4000000000000004 11.200000000000001 3.4000000000000004 0 0 0 3.8000000000000003 0 0 4 8 4.6000000000000005 0.2 6.800000000000001 0 2.2 0 0 0 2 3.2 0.4 0 0 0 8 1.8 0 0 0 0 2.2 0.8 0 0 0 0 0 0 0.4 0 0 0 10.4 0 0 0 0 0 0 0 2 0 0 1.8 0 0 0 0 0 0 0 0 0 0 0 0 0 0 0 0 0.2 0 2.8000000000000003 3.6 4.6000000000000005 17.6 5.2 1.8 2 4 2 3.2 9.8 4.2 0.2 0 0 0 0.2 5.6000000000000005 0.2 0 0 0 0 0 0 0 0 2 0 0 0 0 0.4 0 0 0 0 3.6 7.800000000000001 3.6 0 0 0 0 0 0 0 0 0.4 0 0 0 0 0 0 0 0 0 0 0 0 0.2 2 0 0 0 0.2 0 0 0 0 0 0 0 1.4000000000000001 0 0 15.200000000000001 0.6000000000000001 0.2 0 2.4000000000000004 0 0 0 0 2 0 0 0 0 0 0 0 0 0 0 0 0 0 0 0 0 0 0 2.2 0 0 0 0 
 0 0 0 0.2 0 0.2 0 0 0 0 0 0 0 0 0 0 0.8 0 0 0 50.800000000000004 51 21.6 49.800000000000004 95.60000000000001 17.6 9.600000000000001 23.8 34 43.2 0 51.6 59.2 24.6 46 66.2 30.8 24.6 4.2 65.4 12.600000000000001 13.4 0 0 0.6000000000000001 0.6000000000000001 1 13.8 0 0 0.4 0 0 14.200000000000001 0.6000000000000001 0.2 0 0.6000000000000001 26.400000000000002 1.2000000000000002 0 0 0 0 0 0 0 0 0 0 0 0 0 0.2 0.4 1.4000000000000001 0.6000000000000001 0 0 0 0 0 0 0 0 0 0 0 0 0 0 0 0 0 0 0 0 2.8000000000000003 0 0 0 0 0 0 3.4000000000000004 1.8 0.2 0 2.8000000000000003 10 2.2 2.2 0 2.4000000000000004 2.6 0 0.2 10 0 0 1.8 3.8000000000000003 0 0 0 0 7.800000000000001 0 0 0 0.2 0 4.800000000000001 0 0 3.2 2.2 0 11 0 0.2 0 0 0 0 0 0 0 0.4 0 1.2000000000000002 0 0 0 0 0 0 0 0 0 0 0 0 0 0.4 0 0 0 0 0 0 1.2000000000000002 0 0 0 0 0 0 0 2.4000000000000004 4.2 0 4.800000000000001 2.4000000000000004 3.2 8.4 0 0 1.8 3.6 3.6 3.8000000000000003 0 0 0 2 3.6 4.6000000000000005 0 0 2.4000000000000004 4.2 0 0 0 0 4.6000000000000005 0 0 3.6 0 0.4 1.4000000000000001 0 2.4000000000000004 0 0.4 0 0 2.4000000000000004 0 0 0 0 0 0 0 0 0 0 0 0 0 0 0 0 0 0 0 0 0 0 0 0 0 0 0 0 0 0 0 0 0 0 0.6000000000000001 0 0 0.2 0.2 0.4 0.4 2 0 0 0 0 0 0 0 0 0 0 0 0 0 0 0 0 0 1.6 0 2.6 0 0 0 0 0 0 0 0 
 0 0 0 0.4 0 0.2 0 0 0 0 0 0 0 0.4 0 0.6000000000000001 0 0 0.6000000000000001 0.4 51.800000000000004 7.2 59.6 61.800000000000004 24.6 15.200000000000001 17.8 81.4 58.6 52.2 51.6 0 7.2 70.8 37.4 22.6 19.8 45.400000000000006 11.8 7 11.200000000000001 10.8 0 0 0.6000000000000001 0.6000000000000001 0.4 4.6000000000000005 0 0 0.4 0 0 5.2 13.4 1 0 0.6000000000000001 0.8 15.600000000000001 0 0 0 0 0 0 0 0 0 0 0 0 13.8 0 0.4 20.400000000000002 7.6000000000000005 0.4 0 0 0 0 0 0 0 0 0 0 1.8 0 0 0 0 0 0 0 0 0 0 0 0 0 0 0 7.4 6 0 0 0 10 4.4 4.4 0.6000000000000001 3 1.4000000000000001 0 2.4000000000000004 9.8 0 0.2 1.4000000000000001 4.4 0 0 0 6.2 0.6000000000000001 0 3.8000000000000003 2.4000000000000004 1.6 0 2.4000000000000004 3.6 2.2 3 0 0 6.2 0 0 0 0 0 0 0 0 0 0 0 0 0 0 0 0 0 0 0 0 0 0 0 0 0 0 0 0 0 0 0 0 1 0 0 0 0 0 0 0 0 2.6 0 3.2 0 4.2 0 0 0 0 3 0 0 0 0 0 4 8 2.6 0 0 12.4 4.6000000000000005 0 0 0 0 5.4 1 0 1.2000000000000002 0 0 3.6 1.4000000000000001 2.6 0 12.600000000000001 0 3.2 3.6 1.6 1.6 0 0 0 0 0 0 0 0 0 0 0 0 0 0 2.8000000000000003 0 0 0 0 0 0 0 0 0 0 0 0 0 0 0 0 0 1.8 0 0.4 8 0 0.4 0.4 7.2 0 0 0 0 0 0 0 0 0 0 0 0 0 0 0 0 0 2.4000000000000004 0 0 1.4000000000000001 0 0 0 0 0 0 0 
