 0 60.2 20 47.6 54.800000000000004 8.8 86.2 18 23.200000000000003 8.8 52.2 43.800000000000004 55.6 49.6 49.6 9.200000000000001 31.8 8.6 37.800000000000004 66.4 0 0 0 0 0 0.6000000000000001 0.4 0 0.8 0.6000000000000001 16 0.2 0 0 0.6000000000000001 0 12.8 0.4 0 0 0 0.4 0 0 0.8 0 0 0.8 0 1 0 0.6000000000000001 0 0 0 0 0 0 0 1 0.8 0 0.4 0 0 0 0 0.4 2.6 0.4 0.4 0 0 0.6000000000000001 0 2 0 0.6000000000000001 0 0 1.4000000000000001 4.4 0 6.4 4.800000000000001 0 3.8000000000000003 3.2 5.4 2.8000000000000003 5.6000000000000005 2 1.2000000000000002 3.6 6 7.2 0.6000000000000001 10.4 3 5.800000000000001 0 0 0 0 0 0 0 0 0 0 0 0 0 0 0 0 0 0 0 0 0 0 0 0 0 0 0 0 0 0 0 0 0 0 0 0 0 0 0 0 0 0 0 0 0 0 0 0 0 0 0 0.2 0.2 0 0 0 0 0 0 0 2.6 1.4000000000000001 1.6 0.2 4.4 0 5.4 3.2 3 0 4.800000000000001 1.2000000000000002 2.6 9.8 4.800000000000001 4.4 0 8.6 1.8 2.6 0 0 0 0 0 0 0 0 0 0 0 0 5 0 0 4 0 0 0 0 0 0 0 0 0 0 0 0 0 3.6 0 0 0 0 0 0 0.4 0 0 0 0 0 0 0 0 0 0 0 0 0 0 0 0 0 0 0 0 0 0 0 0 0 0 0 0 0.4 0.4 0 9.600000000000001 0.2 0 1.6 0 0 0 0 0 0 0 0 0 0 0 0 0 0 0 0 0 0 0 0 0 0 0 0 2 0 0 0 0 0 0 0 0 0 0 0 0 0 
 60.2 0 41 41.400000000000006 7.2 25.200000000000003 34.800000000000004 38.400000000000006 30.400000000000002 69 26.8 10 30.8 111.2 34 31.400000000000002 51.800000000000004 27 52 39.400000000000006 0 0 0 0 0 0.6000000000000001 0.4 0 0.4 0 0 0 0 0.4 0 0 0.6000000000000001 0 0 0.4 0 1.4000000000000001 0 0 0.6000000000000001 0 1.4000000000000001 0.6000000000000001 0 0 0 0.6000000000000001 12.8 0 0 0 0 0 0 0.4 0.6000000000000001 0.4 6.800000000000001 0 1 0 0 0.6000000000000001 0.4 0.4 0.2 0 0 0.6000000000000001 0 0 0 0.8 0 0.4 3 6.6000000000000005 0 8.8 0.2 0 0 2 3 3.4000000000000004 5 0 4 2 10.200000000000001 3 13.4 0.2 2.2 0.6000000000000001 0 2 0 0 0 0 0 0 0 0 0 0 0 0 0.2 0 0 0 0.2 1.8 0 0 0 0 0 0 0 0 0 0 0 0 0 0 0 0 0 0 0 0 0.4 0 0 0 0.2 0 0 0 0 1.2000000000000002 1.6 1.4000000000000001 0 0 0 0 0 0.2 0 0.2 4.4 3.6 4.4 6.6000000000000005 0.8 0 0 6.800000000000001 3.6 10.200000000000001 2.2 0 2 0 0 0.2 2 2.8000000000000003 0 3.6 0 0 0 0 0 0 0 0 0 0 0 0 0 0 0 0 0 0 0 3.2 0 0 0 0 0 0 0.4 0 0 0 0 0 0 0 0 0 0 0.2 0 0 0 0 0 0 0 0 0 0 0 0 0 0 0 0 0 0 0 0 0 0 0 0 0 0 0 0.4 0.2 0 0.2 28.400000000000002 0.2 3 2.2 0 0 0 0 0 0 0 0 0 0 0 0 0 0 0 0 0 0 0 0 0 0 0 2 1.6 0 0 0 0 0 0 0 0 0 0 0 1.2000000000000002 
 20 41 0 20.8 15 9.600000000000001 32.4 35 18 51.400000000000006 28 67.8 15 9.200000000000001 27.6 35 40 41.2 25.200000000000003 11.200000000000001 0 0 0 0 0 10.200000000000001 15.200000000000001 0 0.4 0.2 0 0 0 0 0.2 0.2 1.2000000000000002 0 0 0 0 0.4 0 0.4 0.6000000000000001 0 0 0.6000000000000001 0 0 0.6000000000000001 0.6000000000000001 0 0 0 0 0.2 0 0 0.4 5.6000000000000005 0 0 0 0 0 0 0.6000000000000001 0.8 0.6000000000000001 0.6000000000000001 0 0 0.4 0.4 0 0 0 0 0 1.8 4.2 11.200000000000001 0 0 0 1 0.2 6.2 3.8000000000000003 2.8000000000000003 1.8 0 1.8 0 2.6 1.2000000000000002 1.6 0 0 0 0 0 0 0 0 0 0 0 0 0 0 5 0 2.2 0 0 0 0.2 0 0.2 0 0 0 0 0 0 0 0 0.2 0 0 0 0 0 0 0 0 0 0 0 0 0 0 8.200000000000001 0 0 0 0 0 0 0 0 0 0 0 0 0 0 0 0 0 0.2 0 11.600000000000001 5.4 0 0 7.800000000000001 2.4000000000000004 2.4000000000000004 2.2 0 0 0 3 0.2 3.8000000000000003 0 0 0 0 0 0 0 0 0 0 0 0.2 0 0 4.4 0 0 0 0 0 2 2.4000000000000004 0 0 0 0 0.4 0 0 0 0 0 0 2.4000000000000004 0 0.2 0 0 0 0 0 0 0 0 0 0 0 0 0 0 0 0 0 0 0 0 0 0 0 0 0 0 0 0 0 0 0 0 0.8 0 0 0 2 0.8 0 0 0 0 0 0 0 0 0 0 0 0 0 0 0 0 0 0 0 0 0 0 0 0 0.2 2.6 0 0 0 0 0 0 0 0 0 0 0 1.4000000000000001 
 47.6 41.400000000000006 20.8 0 60.800000000000004 23.400000000000002 51.2 52.2 60.2 52.400000000000006 29.8 17 30.8 94.80000000000001 76.2 26.8 70.60000000000001 51.800000000000004 15 14.200000000000001 0 0 0 0.4 0.4 0.6000000000000001 0.4 0 0.4 0.6000000000000001 0 0 4.4 15.200000000000001 0 0 0.6000000000000001 0 0 5.4 1.8 0.2 0.4 0 0.6000000000000001 0 0 0.6000000000000001 0 0 0 0.6000000000000001 0 0 0 0 0.4 0.4 0.6000000000000001 0.4 0.6000000000000001 0 0.4 0 0.8 0.6000000000000001 0 0.6000000000000001 0.4 0.4 0 0 7.2 0.4 0 0 0 0.2 0 0 3.6 9.200000000000001 0 12.4 3.8000000000000003 3.4000000000000004 2.2 2.4000000000000004 2.8000000000000003 0.4 5.4 5.2 0.2 4.2 1.2000000000000002 4 8 5.6000000000000005 0 0.2 0 1.2000000000000002 0.2 0 0 0 0 0 0 0 0 0 0 0 0.2 0 0 0 4.2 8 0.6000000000000001 0 2.2 0 0 0 0 1.8 0 0 0 0 0 0 0 0 0 0 3.4000000000000004 0 0 0 0 0 5 0 0 0 0 1 0 1 0 0 0 0 0 0 0 0 3.8000000000000003 2.4000000000000004 7.800000000000001 0 0 0 3 0 0.2 2 0 3.8000000000000003 0 0 1.6 9.200000000000001 9.200000000000001 4.2 0.2 0.8 0 0 0 0 0 0 0 0 0 0 0 0 2 0 0 0 0 3.8000000000000003 2.8000000000000003 3.4000000000000004 0 0 0 0 0 0 0 0 0 0 0 0 0 0 0 0 0 0 0 0 0 0 0 0 0 0 0 0 3.4000000000000004 0 0 0 0 0 0 0 0 0 0 0 0 6.4 0 0 0 0 17.6 0 17.6 17.6 0 1.8 0 0 0 0 0 0 0 0 13 0 0 0 0 0 0 0 0 0 0 0 0 0 0 0 4.4 0 0 0 0 0 0 0 0 0 0 0 0 0 
 54.800000000000004 7.2 15 60.800000000000004 0 28.400000000000002 8.8 57.6 60.6 36.2 98.60000000000001 31.6 15.200000000000001 56.2 19.8 38.800000000000004 46.800000000000004 58.6 13.8 11.200000000000001 9.4 0.2 2.4000000000000004 0 0 0.6000000000000001 15.4 12.4 16.6 0 0 0 0 30.200000000000003 0 0 0.6000000000000001 0 3 0.4 0 0 0 0 0.6000000000000001 0 0 0.6000000000000001 0 0 0 0.6000000000000001 0 0 0 0 0 0 0 0.4 0.6000000000000001 0 0 0 6.2 0 0 0.6000000000000001 0.4 0.4 0 0 0.8 0.4 0 0 0 0.4 0 0 0.2 5.6000000000000005 0 0 0 0 0 2.2 2.8000000000000003 1.8 8.6 0 0 0 2.2 0 0 1.4000000000000001 0 0 3.4000000000000004 3.6 0 0 0.2 0 0 0 2.6 0 0 0.2 4.2 0 2.8000000000000003 1 2 0 3.4000000000000004 6.6000000000000005 0 4.4 2.6 0 0 0 0 0 0 0.4 0 0 0 0 0 0.4 0 0 0 2.4000000000000004 0 0 0.6000000000000001 0 1.2000000000000002 0 0 0 0 0 0 0 0 0 0 0 0 0 0 0 0 0.8 2.4000000000000004 10.4 4.2 4 0 1 7.6000000000000005 2.6 1.4000000000000001 0 0 0.2 2.8000000000000003 0 1.8 2 0 0 4.4 2.6 0 0 0 0 0 0 0 2 0 0 5.2 4.6000000000000005 0.2 0 0 0 0 4.6000000000000005 0.2 2 0 2.8000000000000003 0 0 0 0 0 0 0 0 0 0 0 0 0 0 0.4 0 0 0 0 0 0 0 0 0 0 0 0 0 1.2000000000000002 0 0 0 0 0.2 0 0 0 0 0 0 0 1 0.2 0 0.6000000000000001 9 0 1.6 0 0 0 0 0 0 0 0 0 0 0 0 0 0 0 0 0 0 0 0 0 0 0 1 0 0 0 0 0 0 0 0 0 0 0 0 0 0 
 8.8 25.200000000000003 9.600000000000001 23.400000000000002 28.400000000000002 0 51.400000000000006 7.2 71.2 27.400000000000002 18.8 72.4 9.4 21 75.2 16.6 10.200000000000001 28.8 10.200000000000001 25.400000000000002 22.8 0 7.800000000000001 15 0 15.4 15.4 15.8 0.4 0.2 0 0 14.600000000000001 29.400000000000002 0 0 0.8 0 16.2 3.6 0.4 0 0 0 0.6000000000000001 0 0 0.6000000000000001 0 0 0 0.6000000000000001 0 0 0 0 0 0 0 0.4 0.6000000000000001 0 0 6.6000000000000005 1.4000000000000001 0 0 0.6000000000000001 0.4 0.4 0 0 0 0.4 0 0 0 0.4 0 0 0 3.8000000000000003 0 0 3.6 0 0 0 1.6 0 0 3.6 0 0 0 3.2 2.4000000000000004 5.2 2.6 0 7.2 15 2.8000000000000003 3 0 0 6.6000000000000005 0 4.800000000000001 2.2 0 0 0 0 0 12 2.6 2.4000000000000004 0.2 2.2 0 0 1.6 0 0 0 0 0 0 0 6 0 0 0 0 0 0 0 0 0 0 0 0 0 0.8 0 0 0 0 0 0 0 0.2 0 0 0 0 0 0 0 0.4 1.8 0 0 1.2000000000000002 0.6000000000000001 0 3 0.4 0 0 0.2 0 0 0 0 0.2 3.2 0 2.2 4.2 5.6000000000000005 0 0 0 0 0.2 4 0.2 1.4000000000000001 0 0 3.4000000000000004 0 0 2.2 2 2.8000000000000003 10.200000000000001 0 0.2 0 0 0 0 0 0 0 0 0 0 0 0 0 0 0 0 0 0 0 0 0 0 0.4 0 0 0 0 0 0 0 0 0 0 0 0 0 0 0 0 0 0 0 0 0 0.8 17.6 0 0 4 0 3.6 1.8 0 0 0 0 0 0 0 0 0 0 0 0 0 0 0 0 0 0 0 0 0 0 0 0 0 0 0 0 0 0 0 0 0 0 0 0 0 
 86.2 34.800000000000004 32.4 51.2 8.8 51.400000000000006 0 28.6 9.200000000000001 13.200000000000001 47.2 26.6 31 11 44.2 24.8 7.800000000000001 7.2 15 54.800000000000004 0.4 0.2 0 0 0 0.6000000000000001 0.4 0 0.4 0 0 0 0.2 0 0 0 0.6000000000000001 0 0 0.2 0 0.2 0 0 0.6000000000000001 0 0 0.6000000000000001 0 0 0 0.6000000000000001 0 0 0 0 0 0 0 0.4 9.8 0 1.2000000000000002 0 0 0 0 0.6000000000000001 0.4 0.4 0.2 0 0 0.4 0 0 10.200000000000001 0.2 0 0 5.6000000000000005 3.8000000000000003 1.4000000000000001 6.2 2.8000000000000003 0 2.2 3.6 5 3.8000000000000003 4 0 1.4000000000000001 4 2 5.800000000000001 1 6.800000000000001 0.2 1.8 0 0.2 0 0 0 0 0 0.2 0 0 0 0.4 0 0 0 0 0 0 0 0 0 0 0 0 0 0 0 0 0 0 0 0 0 0 0 0 0 0 0 0 0 0 0 0 0 0 0 0 0 1.2000000000000002 0 5.4 0 0.4 0 0 0 0 0 0.2 6 2 0.2 4.6000000000000005 3.4000000000000004 0 4 4.2 2.2 2 0.2 2 1.8 2.6 1.2000000000000002 5.4 1.8 0.8 0.2 3.4000000000000004 0 0 0 0 0 0 0 0 0 0 0 0 4.4 0 0 0 0 0 0 0 0.2 0 0 0 0 0 0 0 0 3.6 0 0.2 0 0 0.4 0 0 0 0 0 0 0 0 0 0 0 0 0 0 0 0 0 0 0 0 0 0 0 0 4 0 0 0 0 0 0.4 0.4 0 0.4 0.2 0 2.6 0.2 0 0 0 0 0 0 0 2 0 0 0 0 0 0 0 0 0 0 0 0 0 0 0 0 0 0 0 0 0 0 0 0 0 0 0 0 0 
 18 38.400000000000006 35 52.2 57.6 7.2 28.6 0 27 8.8 9.8 24.6 24.400000000000002 67.60000000000001 29.400000000000002 51.800000000000004 14.8 6.800000000000001 38 31.200000000000003 15.8 0 0 0.4 0.2 0.6000000000000001 0.6000000000000001 0 41.400000000000006 0.2 0 0.2 0 0.2 0.8 0 0.6000000000000001 0 0 0.4 0 0.2 0 0 13.200000000000001 0 1.6 1.8 0 0 0 0.6000000000000001 1.6 0 0.4 0.4 0 1.4000000000000001 0.4 0.4 0.4 0 2.4000000000000004 0 0.4 0 0 0.6000000000000001 8.4 0.4 0.4 0 0 0.4 0 0 0 0 0 0 0.2 5 4 6.6000000000000005 1.4000000000000001 0.8 3 4.2 6.800000000000001 9 5.2 1.4000000000000001 1.6 0.2 0.2 5.2 7.2 5.800000000000001 2.2 4.4 0 0 0 0 0 0 0 0 0 0 0 0 0 0 0 0 0 0 0 0 0 0 0 0 0 0 0 0 0 0 0 0 0 0 0 0 0 0 0 0 0 0 0 0 0 0 0 0 0 4.6000000000000005 0 0.2 0.8 0 0 0 0 0 2.8000000000000003 0 0 0.8 1.8 0.2 0 0 6.2 1 5.4 1.8 5.2 3.4000000000000004 0 1.8 0.4 7.6000000000000005 0 0.2 1.2000000000000002 2.2 0 0 0 0 0 0 0 0 0 0 0 0 0 0 0 0 0 0 0 0 0 0 0 0 0 0 0 0 0 0 0 0 0 0 0 0 0 0 0 0 0 0 0 0 0 0 0 0 0 0 2.6 0 0 0 0 0 0 0 0 0 0 1 0 0 0 0.4 0 0 11.600000000000001 0 0 1.4000000000000001 0 0 0 0 0 0 0 0 0 0 0 0 0 0.4 0 0 0 0 0 0 0 0 0 0 1.4000000000000001 0 0 0 0 0 0 0 0 0 0 0 0 0 
 23.200000000000003 30.400000000000002 18 60.2 60.6 71.2 9.200000000000001 27 0 32.800000000000004 66.8 27 28.400000000000002 148.6 40.2 59.2 39.6 27.200000000000003 40.800000000000004 77.4 0 0 0 0 0 1.2000000000000002 0.4 0 0.4 0 0 0 15 0 0.2 0 1 0.2 0 14.8 1.4000000000000001 0.2 0 0 0.6000000000000001 0 0 0.6000000000000001 0 0 0 0.6000000000000001 5.800000000000001 0 0 0 1 0.2 0 0.4 0.6000000000000001 0 0 0 0 0 0 0.6000000000000001 0.4 0.4 0.2 0 0 0.4 0 0 0 0.2 0 0 0.4 2.6 0 10 1.8 3.8000000000000003 4.2 0.4 2 2.8000000000000003 8.6 3.4000000000000004 1 0.4 9.200000000000001 6.2 0 2.8000000000000003 3 2.8000000000000003 0 0.2 0 0 0 0 0 0 0 0 0 0 3.8000000000000003 0 0 0 0.2 0 1.4000000000000001 3.2 0 0 0 0 0 0 0 0 0 0.4 0 0 0 0 0 0 0 0 0 0 0 0 0 0 0 0 0 0 0 0 0 1.4000000000000001 0 0 0 0 0 0 0 0 0 0 9 0 0 0 2.6 3.2 10.200000000000001 0 6.2 3.4000000000000004 2.4000000000000004 3.2 4 4.6000000000000005 2.2 5.6000000000000005 5.800000000000001 2.8000000000000003 0 0 0.4 0 0 0 0 0 0 0 0 0 0 0 0 0 0 0 0.2 4 0 0 0 0 0 0 0 0 0 0 0 0 0 0 0 0 0 0 0 0 0 0 0.4 0 0 0 0 0 0 0 0 0 0 0 0 0 0 0 0 0 0 6 0 0 0 0 0.6000000000000001 0.2 0.6000000000000001 0.2 0.2 2 0 0 0 0 0 0 0 0 0 0 0 0 0 0 0 0 0 0 0 0 0 0 0 0 4.2 0 0 0 0 0 0 0 0 0 0 0 0 0 
 8.8 69 51.400000000000006 52.400000000000006 36.2 27.400000000000002 13.200000000000001 8.8 32.800000000000004 0 25.200000000000003 69.2 11.8 17.8 83.4 118.2 30.400000000000002 19.8 34.800000000000004 78 0 14.4 0.2 0 0 0.6000000000000001 0.6000000000000001 0 14.8 0 0 0 0 0 0 0 13.8 0 0 30 12.4 0 0 0 0.6000000000000001 0 0 0.6000000000000001 1.4000000000000001 0.4 0 0.6000000000000001 0 0 0 0 0 0 0 0.4 0.6000000000000001 0 0.4 0 0 0 0 0.6000000000000001 0.4 0.4 0 6.4 0 0.4 0 0 0 0.4 0 0.4 0 3.2 0 4 5.2 3.8000000000000003 0 2.8000000000000003 4.800000000000001 3.6 3.4000000000000004 4 0 4.4 0 6.2 0 3.8000000000000003 0 0 4 0 0 0 0 0 2 0 0 0 0 0 1.8 0 1.8 0 0 0 4 0 0 0 0 0 0 0 0 0 0 0 0 0 0 0 0 0 0 0 0 0 0.4 0 0 0 2 0 0.2 0 0.6000000000000001 0.2 0 0.2 0 0 0 0 0 0.4 0 0 0 1.8 0 0 2.2 7 2.8000000000000003 0 10.8 2.2 0 10.600000000000001 0 0 3.4000000000000004 7 0 3.6 0 1.2000000000000002 0 0 0 0 0 0 0 0 0 0 0 0.2 3.8000000000000003 0.2 0 0 0 0 0.4 0.2 0 0 0 0 0 0 0.4 0 0 0 0 0 0 0 0 0 0 0.2 0 0 0 0 0 0 0 0.6000000000000001 0 0 0 0 1 5.4 0.6000000000000001 0 0 0 0 0 0 0 0 0 0 0 0 0.4 0.2 0 0.2 0.6000000000000001 0 1.6 0 0 0 0 0 0 0 0 0 0 0 0 0 0 0 0 0 0 0 0 0 0 0 4 0 2 0 0 0 0 0 0 0 0 0 0 0 0 
 52.2 26.8 28 29.8 98.60000000000001 18.8 47.2 9.8 66.8 25.200000000000003 0 28.200000000000003 51 27.400000000000002 16.400000000000002 80.4 33 54.800000000000004 46 13.4 0 0 0 0 1.4000000000000001 0.6000000000000001 23.400000000000002 0 0.4 0.2 0 0.6000000000000001 2.6 0 0 0 0.6000000000000001 0 0 14.4 0 0.2 0 0 0.6000000000000001 0 0 0.6000000000000001 1.4000000000000001 0 0 0.6000000000000001 0 1 0 0 0 0 0 0.4 0.4 0 2.6 6.4 0.8 0 0 0.6000000000000001 0.4 0.4 0.4 0 0 0.4 0 0 0 0.2 0 0 2 0 1.4000000000000001 5.6000000000000005 0 1.8 0 1.8 2.2 2.4000000000000004 11 0 0.4 2.2 4.800000000000001 0 0 10.4 3 0 4 2.6 0 0 0 0 0 0 0 0 0 0.2 5.6000000000000005 5 5.4 0 1.6 0 3.2 4.4 0 0 0 0 0 5.6000000000000005 0 0 0 0 0 0.2 0 0 0 0 0 0 0 0 0 0 0 1.4000000000000001 0 0 0 0 0 4.800000000000001 0 1.2000000000000002 0 0 0 0 0 0 0 0 2 3.6 4.2 2 6 0 0 5.800000000000001 3.8000000000000003 2.6 4 9.4 0 2 3.6 0.2 2 5.2 0 0 0 0.2 0 0 0 0 0.4 0 0 0 0 0 0 3.8000000000000003 0 0 0 0 1.4000000000000001 1.2000000000000002 0 6.800000000000001 0 0 0 0 0 0 0 0 0 0 0 0 0 0 0 0 0 0 0 0 0 0 0 0 0 0 0 0 1 0 0 0 0 0 0 0 0 0 0 0.4 0 0 0 0.4 0 0 0.4 9.8 0.4 1.4000000000000001 3.2 0 0 0 0 0 0 0 0 0 0 0 0 0 0 0.2 0 0 0 0 0 0 0 1.8 0 0 0 0 0 0 0 0 0 0 0 0 0 0 
 43.800000000000004 10 67.8 17 31.6 72.4 26.6 24.6 27 69.2 28.200000000000003 0 6 5.800000000000001 75.4 27.8 29.200000000000003 22 66 25.6 0.2 7.2 0.4 0.4 0.8 1 0.6000000000000001 0.2 1.2000000000000002 0.2 0.4 0.6000000000000001 0.2 0 0.2 0.2 1.2000000000000002 0.2 0.2 29.8 0 0.2 0.4 0 0.6000000000000001 0 0.4 0.6000000000000001 0.4 0 14 0.6000000000000001 0 0 0.4 0.4 0.4 0 0.4 8.200000000000001 0.6000000000000001 0 0 0 0 0.4 0 0.6000000000000001 0.4 0.4 0.2 0 0 0.4 0 0 0 0.2 0 0 1.4000000000000001 0.6000000000000001 1.8 0 5.800000000000001 4.4 2 3 11.600000000000001 7.4 4 5.6000000000000005 0 0.4 0 12 0 0 0 0 4 0 0 0 0 0 2.4000000000000004 0 0 0 0 0 0 0.2 0 0 0 0 10 0 0 0 0 0 0 0 0 0 0 0 0 0 0.2 0 0.4 0 0 0.4 0 0 0 0 0 0 0.2 0 0.2 0 0.4 0.2 0 0 0 0 0 0 0 0 0 0 2.2 3.4000000000000004 3.8000000000000003 0 3.8000000000000003 3.6 4.800000000000001 0 2.8000000000000003 0 0 0 0.2 2.4000000000000004 3.4000000000000004 20.8 0.2 0 0 0 0 0 0 0 0 0 0 0 0 0 0 0 12.200000000000001 3.8000000000000003 0 0 0.4 0 0.6000000000000001 0 0 0 0 0 0 0 0 0.4 0 5.2 0 0 0 0 0 0 0 0 0 0 0 0.2 0 0 0 0 0 0 0 0 0 0 0 0 0 0 0 0 0 0 0 0 0 0 0 0 0.8 0 18 18.400000000000002 0 2.4000000000000004 0 0.4 0.4 0 0 0.4 0 0 0 0 2.8000000000000003 0 0 0 0 0.4 0 0 0 0 0 0 0 9.4 3.6 2.6 0 0 0 0 0 0 3 0 0 0 0 0 
 55.6 30.8 15 30.8 15.200000000000001 9.4 31 24.400000000000002 28.400000000000002 11.8 51 6 0 73.2 43 17.8 67.60000000000001 8.200000000000001 15.8 67.8 0 0.4 0.2 0 0.4 0.6000000000000001 0.6000000000000001 0 0.4 0.4 0 0 0 0 0 0 0.8 0 0 0 0 0.2 0 0 0.6000000000000001 0 1 0.6000000000000001 0 0 0 0.6000000000000001 7.800000000000001 0 0 0.6000000000000001 0 0 0 0.4 0.6000000000000001 0 5.2 0 0 0 0 0.4 0.4 0.4 0 0 0 0.4 0 0 0 0.6000000000000001 0 0 3.2 0 1 3.4000000000000004 2.8000000000000003 0 1 2.4000000000000004 0.4 0 0 0 5.800000000000001 3.4000000000000004 5.800000000000001 2.6 3 2.6 6.2 0.2 0 0 0 0.4 0 0 0 0 0 0 0 0 0 0 0 0 0 0 0 0 0 0 0 0 0 1.2000000000000002 0 0 0.4 0.4 0 0 0 0 0 0 0 0 0 0 0 0 0 0 0 0 0 0 0 0 0 0.2 0.8 0 0 0 0 0 0 0 0 0 0.4 0.2 1 0 3.2 4.800000000000001 0 0 10.200000000000001 3.2 2.8000000000000003 1 4 2.4000000000000004 0 4 0 3.4000000000000004 0 0 0.4 0 0 0 0 0 0 0.2 0 0 0.2 0 0 0 0 0 0 0 0 0 0 0 0 0 0 0 0 0 0 0 0 0 0 0 2.8000000000000003 0 0 0 0 0 0.4 0 0 0 0 0 0 0 0 0 0 0 0 0 0 0 0 0 0 0.2 0 0 0 0 0 0.2 0 0.2 0 2.2 0 0 0 0 0 0 0 0 0 0 0 0 0 0 0.4 0 0 0 0 0 0 0 0 0 1.4000000000000001 0 0 0 0 0 0 0 0 0 0 0 0 0 
 49.6 111.2 9.200000000000001 94.80000000000001 56.2 21 11 67.60000000000001 148.6 17.8 27.400000000000002 5.800000000000001 73.2 0 95.80000000000001 126 26 7 19.400000000000002 31.8 0 0 0 0 0 0.6000000000000001 0.2 0 0.4 0.2 0.2 0 0.4 0 0 0.2 0.6000000000000001 14.4 0 0 0 0 0 0 0.6000000000000001 0 0 0.6000000000000001 0 0 0 0.6000000000000001 1 0 0 0 0 0 0 0.4 0.6000000000000001 0 0 0 0 0 0 0.2 0.4 0.4 0 0 0 0.4 0 0 0 0.6000000000000001 0 0 5.4 9.600000000000001 4.4 6.2 0.8 0 2.8000000000000003 5 3.8000000000000003 0 5 1.2000000000000002 3.8000000000000003 4.4 3.6 5 1.6 2 3.8000000000000003 2.2 0 0 0 0 0 0 0 0 0 0 0 0 0 5.4 0 0 0 0 1.8 0 0 0 0 0 0 0 0 0 0 0 0 0 0 0 0.2 0 0 0 0 0 0 0 0 0 3.6 0 0 0 0 0 0 0 0 0 0 0 0 0 0 0 0 2.2 8.4 0 0 0 4 4.800000000000001 0 0 2 0 0.6000000000000001 5.4 6.4 3.6 2.8000000000000003 0 0.2 10.200000000000001 0 0 0 0 0 0 0 0 0 0 0 0 1.8 0 0 0 0 0 0 0 0 0 0 0 0 0 0 0 0 0.8 0 0 0 0 0 0 0 0 3.8000000000000003 0 0 0 0 0 0 0 0 0 0 0 0 0 0 0 0 0 0 0 0 0 0 0 0 0 0 0.2 0 0 17.8 0 0.2 1.6 0 0 0 0 0 0 0 0 0 0 0 0 0 0 0 0 0 0 0.6000000000000001 0 0 0 0 0 5.4 0 0 0 0 0 0 0 0 0 0 0 0 0 
 49.6 34 27.6 76.2 19.8 75.2 44.2 29.400000000000002 40.2 83.4 16.400000000000002 75.4 43 95.80000000000001 0 59.400000000000006 68.4 13.600000000000001 17.400000000000002 43.800000000000004 0 0.2 0 0 0 0.6000000000000001 0.2 0 0.8 0.2 0.2 0.2 0 0 0.4 0 1.2000000000000002 0 0 14.8 0 0.6000000000000001 0 0 0.8 0 0 2.2 0 1 0 0.6000000000000001 0 0 0 0 0 0 0 0.4 0.6000000000000001 0 0.4 0.2 0.8 0 0 0.4 1.4000000000000001 0.4 0 0 0 0.4 0 0 0 0.6000000000000001 0 0 1 10.8 0 6.800000000000001 4.800000000000001 4 4.800000000000001 5.6000000000000005 12.200000000000001 5 5.2 9.600000000000001 0 10 1.4000000000000001 8.6 7.2 4.4 0 0 0.6000000000000001 0 0 0 0 0 0.4 0 0 0 0 0 0.2 0.4 0.2 0 0 0 1.4000000000000001 1.8 0 0 0 0 0 0.4 0 0 0 0 0 0.2 0 0 0 0 0 0 0.4 0 0 0 0 0 2 0 0.2 0 0 0 0 0 0 0 0 0 0 0 0 0 12.4 1.2000000000000002 3 3 7 7.6000000000000005 3 1.2000000000000002 5.800000000000001 0 0 3.2 0 4 2 8.8 0 4.2 0.2 0 0 0 0 0 0 0 0 0.2 0 0 0 0 5.800000000000001 0 0 0 0 0 1.8 0 0 0 0 0 0 0 0 0 0 2.4000000000000004 0 0 0 0 0 0 0 0 0 0 0 0 0 0 0 0 0 0 0.2 0 0 0 0 0 0 0 0 0 0 0 0 0 0 0 0 0.4 0 0 18 18.6 0 0.8 0 0 0 0 0 0 0 0 0 0 0 0 0 0 0 0 0 0 0 0 0 0.4 0 4.4 5 4.4 0 0 0 0 0 0 0 0 0 0 0 0 
 9.200000000000001 31.400000000000002 35 26.8 38.800000000000004 16.6 24.8 51.800000000000004 59.2 118.2 80.4 27.8 17.8 126 59.400000000000006 0 40 28.8 8.200000000000001 11.8 0.6000000000000001 0 0 0 0 0 0.6000000000000001 0 1 0 0 0.4 15.4 0 1.2000000000000002 0.2 1.4000000000000001 0.2 0 14.600000000000001 1.2000000000000002 0.4 0 0 0.4 0.4 0 0.4 0 0 0 0 0 0 0 0 0 2.2 0 0 0 0 0.2 1.2000000000000002 0.6000000000000001 1 0 0 0 0 0 0 0 0 0 0 0 0 0 8.200000000000001 0 5.4 3.2 2.2 0 5.2 2.6 5.4 2.6 8.4 1.4000000000000001 5.2 0 0.2 2.2 4 8.6 0 0 2.2 0 0 0 0 0 0 0 0 0 0 0 0 3.8000000000000003 0 0 0 0 0 0.4 3.8000000000000003 0 0 0 0 0 0 0 0 0 1.6 0 4 0 0 0 0 0 0 0 0 0 0 0 0 0 0 0 0 0 0.6000000000000001 0.4 0 0.2 0 0 0 0 0 0 0 0 2.6 0 0 2.6 4.4 0.2 0.2 6.2 3.8000000000000003 4.2 3.8000000000000003 0 1.2000000000000002 2.2 4.2 2 0 0 2.6 0 0 0 0 0.4 0 0 0 0 0 0 0 0 0 0.2 0 0 0 4.2 12.200000000000001 0 0 0 0 0 0 0 0 0 0 0 0 0 0 0 0 0 0 0 0.2 0.4 0 0 0 0 0 0 0 0 0 0 0 0 0.4 0 0 0 0 0.4 0 0 5 0 0 0 0 0.4 0 0.4 0.2 3.2 1.2000000000000002 0 0 0 0 0 0 0.4 0 0 0 0 0 0 0 0 0 0.2 0 0 0 0 0 0 0 1.8 4.6000000000000005 0 0 0 0 0 0 0 0 0 0 0 0 
 31.8 51.800000000000004 40 70.60000000000001 46.800000000000004 10.200000000000001 7.800000000000001 14.8 39.6 30.400000000000002 33 29.200000000000003 67.60000000000001 26 68.4 40 0 52.2 54.6 40.800000000000004 0 0 0.2 0 15 0.6000000000000001 0.4 0 0.4 0.2 0 0.4 0 0 0 0 1 0 0.4 0 0 0 0 0 0.6000000000000001 0 0 0.6000000000000001 0 0 0 0.6000000000000001 0 0 0 0 0 0 0 0.4 0.6000000000000001 0 0.8 0 0 0 0 0.6000000000000001 0.4 0.4 0 0 0 0.4 0 0 0 0.4 0 0 5.4 0.2 4.800000000000001 2.6 0 0 4.800000000000001 5.6000000000000005 1.2000000000000002 11.600000000000001 0.2 1.6 2 8 2 3.8000000000000003 0 1.6 2.6 3.8000000000000003 0 0 0 0 0 0 0 0 0 0 0 0 0.4 0 0 0 0 0 0 0.2 0 0 0 1.4000000000000001 0 0.2 0 0 0 0 0 0.2 0 1.2000000000000002 0 0 0 0 0.2 0 0 0 0 0 0 0 0 0 0 0.2 0 0 0 0 0 0 0 0 0 0 3 8.6 3.2 5.2 0 4.4 4.4 3.2 0 2.4000000000000004 4.6000000000000005 1.4000000000000001 4 5 7.4 4.2 3.2 0 0 6.2 0 0 0 0 0 0.2 0 0 0 0 0.2 0 0 0 0 0 0 0 0 3.2 0 0 0 0 0 0 0 0 0 0.8 0 0 0 0 0 0 0 0 0 0 0 0 0 0 0 0 0 0 0 0 0 0 0 0 0 0 0 0 0 0 0 0 0 0 0 0.2 0.4 0 0.2 0.2 5.800000000000001 1.6 0 3.6 0 0 0 0 0 0 0 0 2.4000000000000004 10 0 0 0 0 0 0 0 0 0 0 0 0 0 0 0 0 0 0 0 0 0 0 0 0 0 0 
 8.6 27 41.2 51.800000000000004 58.6 28.8 7.2 6.800000000000001 27.200000000000003 19.8 54.800000000000004 22 8.200000000000001 7 13.600000000000001 28.8 52.2 0 5.800000000000001 6.800000000000001 0.6000000000000001 0 0 0 0 0.6000000000000001 3.6 0 0.4 0.4 0 0 8.200000000000001 0 0 0 0.6000000000000001 0 0.2 29.400000000000002 0 0 0 0 0.6000000000000001 0 0 0.6000000000000001 0 0 0 0.6000000000000001 0 0 0 0 0 0 0 0.4 0.6000000000000001 0 0 10.200000000000001 0.8 0 0 0.6000000000000001 0.4 0.4 0 0 0 0.4 1.8 0.4 0 0.4 0 0 0 0 1.6 2.2 6.6000000000000005 6.2 0 0 3.6 2 7.2 4.2 0 0.2 1.4000000000000001 0 1 2.2 0 0 10.8 1 0 0 0 0 2.4000000000000004 0.2 0 0 0 0.4 5.800000000000001 2.2 12.600000000000001 0 3.6 0 3.8000000000000003 1.6 0 0 0.2 0 0 0 1.4000000000000001 0 0 0 0 0 0 0 0 0 0 0 0 0 0 0 0 0 0.2 0 0.4 0 0 0 0 0 0 0.4 0 5.4 0 0 0 0 0.2 3.8000000000000003 1.6 5.4 3.4000000000000004 4.4 0.2 2 5.4 2.2 3.2 9.8 0 0 0 0 0 5.800000000000001 0 0 0 0.2 0 0 0 0 2.2 2.4000000000000004 0 0 0 0 2 3.8000000000000003 2.4000000000000004 0 0 0 0 5.6000000000000005 0.2 2 0 0 0 1.6 0 0 0 0 0 0.2 0 0 0.4 0 0 0 0 0 0 0 0 0 0 0 0 0 0 0 0 0 0 0 0 0 0 0 0 0 0 0.4 0 0 0 0 0 0.6000000000000001 0 17.400000000000002 3.2 2.4000000000000004 2.4000000000000004 0 0 0 0 0 0 0 0 0 0 0 0 0 0 0 0 0 0 0 0 0 0 6 0 0.8 0 0 0 0 0 0 0 0 0 0 0 0 
 37.800000000000004 52 25.200000000000003 15 13.8 10.200000000000001 15 38 40.800000000000004 34.800000000000004 46 66 15.8 19.400000000000002 17.400000000000002 8.200000000000001 54.6 5.800000000000001 0 65.8 0 0.4 0 0 0 0.8 0.2 0 0.4 0.2 0 0 0 0 0.6000000000000001 0 1 0 0 0 0.6000000000000001 14.200000000000001 0 0 0.6000000000000001 0 0 0.6000000000000001 0 0 0 0.8 0 0 0 0 0 0 0 0.4 0.4 0 0 0 0 0 0 0.6000000000000001 0.4 0.4 0.6000000000000001 0 0 0.4 0 14.200000000000001 0 0 0 0 1.2000000000000002 7.800000000000001 5.2 0 0 3 2.2 0.2 0 8.200000000000001 0 1.4000000000000001 0 3 0 0 0 2.2 2 6.4 0 0 0 0 0 0 0 0 0 0 0 0 0 0 0 0 0 0 0 0 0 0 0 0 0 0 0 0 0 0 0 0 0 0 0 0 1.2000000000000002 0 0 0 0 0 0 0 0.2 0 0 0 0 0.2 2.6 0 0 0 0 0 0 0 0 0 3.4000000000000004 0 0 1.4000000000000001 0 0 4.2 0 0 0 0.6000000000000001 0 6.6000000000000005 3.8000000000000003 5.6000000000000005 2.4000000000000004 0 3.2 0 1.2000000000000002 0 0 0 0 0 0 0 0 0 0 0 0 0 0 0 0 0 1 0 0 0 0 0 0 0 0 0 0 0 0.2 0 0 0 0 0 0 0.2 0 0 0 0 0 0 0 0 0.2 0 5.2 0 0 0 0 0 0 0 0 0 0 2 0 0 0 0 0 0 0.4 0 0 0 0.2 0 1.6 0 0 0 0 0 0 0 0 0 0 1.8 0 0 0 0 0 0 0 0.2 0 0 0 0 0 0 0 0 0 0 0 0 0 0 0 0 0 0 0 
 66.4 39.400000000000006 11.200000000000001 14.200000000000001 11.200000000000001 25.400000000000002 54.800000000000004 31.200000000000003 77.4 78 13.4 25.6 67.8 31.8 43.800000000000004 11.8 40.800000000000004 6.800000000000001 65.8 0 0 0.4 0 0 0 0.6000000000000001 0.8 0 0.4 0.8 0.6000000000000001 0 0 0 0 0.4 1.8 0.4 0 0 0 0.2 0 1.6 0.6000000000000001 0 0 1 0 0 0 0.6000000000000001 0.6000000000000001 0 2.6 0 0.4 0.4 0 0.8 1 0 0.4 0 0.8 0.4 0 0.6000000000000001 0.4 0.4 0.6000000000000001 0.6000000000000001 0 0.4 1.2000000000000002 6 0.6000000000000001 0.2 0 6.6000000000000005 1.8 2.8000000000000003 1.4000000000000001 0 12 0 6.800000000000001 4.2 2.6 6.6000000000000005 2.8000000000000003 3 0.2 2.4000000000000004 0 4.6000000000000005 3 3.6 0 0 0 0 0 0 0 0 0 0 0 0 0 0 0 0 0.4 0 0 0 1.4000000000000001 2 0 0 0 0 0 0 0 0 0 0 0 0 0 0 0 0 0 0 0 0 0 0 0 0 0 0 0 0 0 0 1.4000000000000001 0 0 0 0 0 0 0 0 0 3.8000000000000003 2.4000000000000004 3 0 0 0 5.2 0 0 0 0.6000000000000001 0 2 0.6000000000000001 5.2 9.8 0 7 0 0.2 0 0 0 0 0 0 0 0 0 0 0 0 2 0 0 0 0 0 0 0 0 0 0 0 0 0 2.2 0 1.2000000000000002 4 0 0 0.6000000000000001 0 0 0 0 0 0 0 0 0 0 0 0 0 0 0 0 0 0 0 0 0 0 0 0 0 0 0 0 0 0 0 0 0.4 0 0.8 18 18 0 1.2000000000000002 0 0 0 0 0 0 0 0 0 0 4.4 0 0 0 0 0 0 0 0 0 0 0 0 0 3 0 0 0 0 0 0 0 0 0 0 0 0 0 
 0 0 0 0 9.4 22.8 0.4 15.8 0 0 0 0.2 0 0 0 0.6000000000000001 0 0.6000000000000001 0 0 0 33.2 51.400000000000006 6.6000000000000005 22 21.200000000000003 48.400000000000006 93.4 6.6000000000000005 52 7.6000000000000005 4.800000000000001 23.400000000000002 29.6 50.400000000000006 6.800000000000001 32.4 6.2 75.8 22.8 0.6000000000000001 0 0 0 0 0 0 0 0 0 0.6000000000000001 0 0.6000000000000001 0 19.6 0 0.2 0 0 0 0 0.4 0 0.4 0 0 0 4 6.2 1.4000000000000001 0 0 0 0 0.8 0 0 11.4 0 0 0 0 0 0 0 3 0 0 0 0 0 0 0 0 0 0 0 0 0 0 3.6 9 4 4.6000000000000005 6 0 1.8 2 5.6000000000000005 9.8 2 13.600000000000001 2.6 3.6 0 7.2 2.6 3.2 0.2 2.8000000000000003 0 0 2.2 0 0 0 3.2 0 0 0 0 0 1 0 0 0 0 0 0 2.6 0.4 0 0.4 0 1.2000000000000002 0 0 0 0 0 0 0 0 0 0 0 0 0 2.4000000000000004 0 0 1 0 0 0 2.4000000000000004 0 0 0 0 0 0 0 0 0 0 0 1.8 0 0 15.600000000000001 2.8000000000000003 2 0.2 5 0 4.800000000000001 8.200000000000001 2.2 3.2 0.2 6.4 0 0.4 2.6 2.6 4.2 4.2 5.4 1.6 0.2 0 0 0 0 0 0 0.4 0 0 0.4 0 0 0 0 0 0 0 4.800000000000001 0.2 0 0 0 0 0 0 0 0 0.4 4 0 0 0 0 0 0 0 0 0 0 0 0 0.2 0 0 0 0 0 0 0 0 0 0 0 1.4000000000000001 0 0.4 15.600000000000001 16.400000000000002 0.4 0.2 0.4 0 0 0 0 0 0 0 0 0 0 0 0 0 0 0 0 0 0 0 0 0 0 0 0 4.6000000000000005 0 0 0 
 0 0 0 0 0.2 0 0.2 0 0 14.4 0 7.2 0.4 0 0.2 0 0 0 0.4 0.4 33.2 0 16.8 15.4 27.8 24 31.200000000000003 35.4 28.200000000000003 50 22 9.200000000000001 14.600000000000001 22 94.80000000000001 44.6 24 65.8 69 9.600000000000001 0.6000000000000001 1.4000000000000001 0.6000000000000001 0 0 0 12.600000000000001 0.2 0 0 0.6000000000000001 0 0.6000000000000001 0 0 0 0.2 0.4 25.400000000000002 0.6000000000000001 0.4 0.4 0 0.4 0 0.2 0 9.600000000000001 0 0.4 0 0 0.2 0.8 0 0.4 0 0 0.2 0 0 0 0 0 0 0 0 0 0 0.2 0 0 0 0 0 0 0 0 0 0 10.8 0 1.8 12.600000000000001 0.6000000000000001 1.2000000000000002 1.2000000000000002 4.800000000000001 1.4000000000000001 0 5 6 2.2 1.8 2.6 11 0 0.6000000000000001 2.6 0 0 0 0 0 0 0 2.8000000000000003 0 0 0 0 0 4 0 0 0 0 0 3 0 0 0 0.2 0 0 0 0 0 0 0 0 0 0 0 0 0 0 0 0 0 0 0 0 0.6000000000000001 0 0 0 0 0 0 0 0 0 0.4 0 0 0.2 0.2 0 0 0.4 0 9.200000000000001 2.4000000000000004 2.4000000000000004 6.4 3.4000000000000004 5.2 10.200000000000001 3.4000000000000004 5.800000000000001 0 5.800000000000001 4.800000000000001 0.4 3.6 0 7.6000000000000005 2.8000000000000003 0 0 0 0 0 0 0 0 0 0 0 0 0 0 2.8000000000000003 0.2 0 0 0.2 0.2 0 0 0 0 0 0 0 0 0 0 0 0 0 0 0 1.4000000000000001 0 0 0 0 0.4 0 0 1.6 0 0 6.800000000000001 0 0 0 0 0 0 0 0 15.600000000000001 0 0.4 15.4 0.2 0 4 0.2 0 0 0 0 0 0 0 0 0 0 0 0 0 0 0 0 0 2.6 0 2.6 0 0 0 2.6 0 0 0 0 
 0 0 0 0 2.4000000000000004 7.800000000000001 0 0 0 0.2 0 0.4 0.2 0 0 0 0.2 0 0 0 51.400000000000006 16.8 0 61.400000000000006 10.8 26.200000000000003 34 49.6 49 10 27.6 7.2 69 90.4 38.2 18 26 128 8.8 11.600000000000001 0.6000000000000001 0 0.4 0 12.8 0.4 0 0.2 0 0 0.6000000000000001 0.4 0.6000000000000001 0 0 0 0.2 0 1.6 0 0 0.4 0 0.4 0 0 0 2.6 0 4.6000000000000005 0 0 0 0 0 0.4 0.6000000000000001 0 0 0 0 0 0 0 0 1.8 0 0 0 0 0 0 0 0 0 4 0 0 0 0 0 3.2 4.4 3.2 2.6 1.8 0 4.6000000000000005 3.4000000000000004 1.8 0 8.8 1.8 0 1.6 2.4000000000000004 4.4 10.200000000000001 0.6000000000000001 4.2 0 0 7.4 0 0 0 7.2 2.2 0 0 0 0 2.2 0.4 2.4000000000000004 2.4000000000000004 0 0 5.2 3.4000000000000004 1.6 0 0.4 0 4.800000000000001 0 0 0 0 0 0 0 0 0 0 0 0 0 0.2 0 0 0.4 0 0 0 0 0 0.2 0 0 0 0 0 0 0 0 0 0.4 0 0 6 7.4 1.4000000000000001 2 3.2 4.2 0 0.4 1 11.600000000000001 0 5 0 2.8000000000000003 4.800000000000001 0 4.6000000000000005 0 0 2.4000000000000004 4.4 0 0 0 0 0 2.8000000000000003 1 0 0 0 0 6 6.4 0 2.2 0 0 4 5.800000000000001 0 0 0 0 0 0 0 0 0 2.6 0 0 0 0 0 0 0 0 0 0.2 0 0 0 0 0 0.2 0.2 0 0 0 0 0 0 0 4.6000000000000005 0.4 0.2 3.4000000000000004 16.2 0 0.2 0 0 0 0 0 0 0 0 0 0 0 0 0 0 0 0 0 0 0 0 0 0 0 0 0 8.6 0 0 0 
 0 0 0 0.4 0 15 0 0.4 0 0 0 0.4 0 0 0 0 0 0 0 0 6.6000000000000005 15.4 61.400000000000006 0 54 95.80000000000001 15.200000000000001 11.200000000000001 37.6 42.400000000000006 59.800000000000004 55.800000000000004 9.200000000000001 15.600000000000001 74.4 10.600000000000001 10.4 47.800000000000004 16.8 17 26.200000000000003 12.4 1.6 0 2.6 0 0.2 19.8 0 0 0.6000000000000001 0 0.6000000000000001 14.4 0.8 0.4 0.2 0 5.800000000000001 13.8 12.4 0.4 0.6000000000000001 0.4 0 0 0 12 0 1.2000000000000002 0 0 10 0 0 0 0 0 0 0 0 0 0 0.2 0 0 0 0 0 0 0 0 0 0 0 0 0 0 0 0 1.8 0 0.4 0 2.8000000000000003 2.8000000000000003 1.4000000000000001 2.6 1.6 1.8 4.800000000000001 0.6000000000000001 0 0 0.6000000000000001 0 0 1 0 0 16.400000000000002 0 1.8 0 0 0 0 1.8 1.4000000000000001 0.4 0 0 5.800000000000001 4.2 0 2.4000000000000004 0 0 13.200000000000001 4.6000000000000005 0 0 0 0 0 0 0 0 0 0 0 0 0 0.4 0 0 0 0 0 0 0 0 0 0 0 0 0 0 0 0 0 0 0 0 1 0.2 0 0 0 0 0 2.2 0.4 3.4000000000000004 2.4000000000000004 3.8000000000000003 0 0 5.800000000000001 0 3.4000000000000004 0 0 1.2000000000000002 3.8000000000000003 4.800000000000001 3.4000000000000004 0 0 0 4.4 1.6 0 0 1.4000000000000001 0 5.6000000000000005 0 0 0 0 0 2.2 3.8000000000000003 5.800000000000001 0 2.6 2.4000000000000004 5.2 4 0 0 0 0 0 0.4 0 0 0 0 0 0 0 0 0 0 0 0 0 0 0 0 0 0 0 0 0 0.2 0 0 0 0 0 0 1.8 0 0.2 1.6 0 0.4 0.4 0.4 0 0 0 0 0 0 0 0 0 0 0 0 0 0 0 0 0 0 0 3 0 0 0 0 0 0 0 0 
 0 0 0 0.4 0 0 0 0.2 0 0 1.4000000000000001 0.8 0.4 0 0 0 15 0 0 0 22 27.8 10.8 54 0 31.400000000000002 19.8 62.2 19.400000000000002 48.6 32.800000000000004 16.2 35.6 15.200000000000001 35.2 28 43.400000000000006 29.400000000000002 13.600000000000001 31 1 2.6 0 0.2 0.4 0 0 2.6 0.8 0 0.8 0 0.6000000000000001 2 13.600000000000001 12.600000000000001 0.2 0 38.400000000000006 6.2 9.600000000000001 0.6000000000000001 0 0.4 0 0 0 0 0 1.4000000000000001 0 0 5.6000000000000005 0.2 1.2000000000000002 0.4 0 0 0 0 0 0 0 0 0 0 0 0 0 0 0 0 0 0 0 0 0 0 0 0 0 0 2.2 5 3.2 4.6000000000000005 0 2.8000000000000003 0 0 2.2 9.8 0 0.2 2 0 0 0.2 0 0 1 0 3 0 0 0 8 0 2.8000000000000003 0 0 0 11.600000000000001 3 2 12.8 0 0 15.600000000000001 0 0 0 0.4 0 0 0 0 0 0 0 0 0 0 0 0 0 0 0 0.2 0 0 0 0 3 0 0 0 0 0 0 0 0 0 0 0 0 0 0.4 0 0 2.2 0 3 4.6000000000000005 6.800000000000001 0.8 0 4 0 0 2.2 2.4000000000000004 0 3.6 0.4 0 0 0 0 0 2.4000000000000004 0 0 0 0 0 0 0 0 0 0 0 1.8 4.4 2.2 0 0.4 1.6 2.6 2.4000000000000004 0 0 0 0 0 0 0 0 0 0 0 0 0 0 0 0 0 0 0 0.2 0 0 0 0 0 0 0 0 0 0 0 0 0 0 3 0 0 1.2000000000000002 0.2 0.4 1.8 0 0 0 0 0 0 0 0 0 0 0 0 0 0 0 0 0 0 4.2 0 2.6 0 0 0 0.2 4.2 0 0 0 
 0.6000000000000001 0.6000000000000001 10.200000000000001 0.6000000000000001 0.6000000000000001 15.4 0.6000000000000001 0.6000000000000001 1.2000000000000002 0.6000000000000001 0.6000000000000001 1 0.6000000000000001 0.6000000000000001 0.6000000000000001 0 0.6000000000000001 0.6000000000000001 0.8 0.6000000000000001 21.200000000000003 24 26.200000000000003 95.80000000000001 31.400000000000002 0 6 23.200000000000003 84.4 51.400000000000006 46.800000000000004 7.800000000000001 8.4 8.4 58.2 75.8 29.6 12 50 12 1.2000000000000002 0 0 0.2 0 0 0 13 0 0 1.8 0 11.600000000000001 0 13.8 16.2 0.8 0 12.600000000000001 13 0 1.2000000000000002 0 0.4 0 0 0 0 0 0 0 0 8.4 0.8 0 0.4 0 0 0 0 0.4 0 0 0 0 0 0 0 0 0 0 0 0 0 0 0 0 0.2 1.4000000000000001 0 2.4000000000000004 4.6000000000000005 8.4 6.2 0 0 2.6 0 0.8 1.2000000000000002 0 0 0 0 0 3 0 0 0 0 0 3.8000000000000003 0 0 0 0 1.8 0.2 0 6 0 0 0 0 3.8000000000000003 1.6 0 0 0.2 0 0.4 0 0 0 0 1 0 0 0 0 0 0 0 0 0 0 0 0 1.2000000000000002 0 0 0 0 0 0 3.6 0 0 0 0 0 0 0 0 0 0.4 0 0 1.6 0 4 0.4 1.8 4.4 0 2.6 0 1.4000000000000001 0 1.4000000000000001 0 0 0 0.2 0 3.2 2.8000000000000003 3.4000000000000004 0 0 0 0.4 0 0 1.8 0 6.800000000000001 0.4 3.4000000000000004 0 0.4 0 4.2 0 2.6 0 0 0 2.4000000000000004 1.8 0 0 0 0 0 0 0 0 0.4 0 0 0 0 0 0 0 0 0 0 0 0 0 0.6000000000000001 0 0 0 0 0 0 0 0 0 0 0 2.4000000000000004 0.2 0.4 15.8 0.4 0.4 0.2 1.2000000000000002 0 0 0 0 0 0 0 0 0 0 0 0 0 0 0 0 0 0 0 0 0 0 0 0 0 0 0 0 
 0.4 0.4 15.200000000000001 0.4 15.4 15.4 0.4 0.6000000000000001 0.4 0.6000000000000001 23.400000000000002 0.6000000000000001 0.6000000000000001 0.2 0.2 0.6000000000000001 0.4 3.6 0.2 0.8 48.400000000000006 31.200000000000003 34 15.200000000000001 19.8 6 0 113.4 14.8 54 8 7.2 34.6 19.400000000000002 14.200000000000001 11.4 21.400000000000002 6.800000000000001 34 26.200000000000003 0.6000000000000001 0.2 0 0.6000000000000001 0 0 0 0 0.4 0.6000000000000001 0.6000000000000001 0 1.2000000000000002 0 0.2 0 0.4 0 0 0 0 0.4 4.2 10.600000000000001 0 0 0 0.2 0 0.4 0 0.6000000000000001 3 0 2.6 8.8 0.6000000000000001 0.8 0.8 0 0 0 1.8 0 0 2.2 0 0 0 2.2 0 0 0 0 0 0 0 0 0 0 3.2 0.4 2 7.2 2 1.2000000000000002 0 11.4 4.6000000000000005 2 2.6 0 4.4 4.4 0 2.2 4.800000000000001 0 0 5.4 0 0 0 0 0.2 1.2000000000000002 2.6 6 0 0 0 0 1.4000000000000001 0 0 0 0 0 2.2 0 0 0 1.2000000000000002 0 0.6000000000000001 0 0 0 0 0 0 0 0 0 0 0 7.2 0 0 0 0 0 0 0 2.6 0.2 0 0 0.2 2.4000000000000004 1.8 4.2 0 0 0 0 0 1.4000000000000001 0 0 13.8 0 4.2 0 2.2 0 2.6 2.6 0 1.4000000000000001 1.8 3.2 0 3 0 1.6 3 0 0 3.2 0 1 0 0 0 0 0 0 0 0 0 0 0 0 0 0.4 0 0 0 0 0 0 0 0 0 0 0 0 0 0 1.4000000000000001 0 0 0 0 0 0 0 0 0 0 0 1.6 0 0 0 0 0 0 3.4000000000000004 2.6 0 0 0 1.8 0 0 0.2 0.4 0.4 0 0 0 0 0 0 0 0 0 0 0 0 0 0 0 0 0 0 0 0 0 0 0 0 0 0 2.4000000000000004 0 0 0 
 0 0 0 0 12.4 15.8 0 0 0 0 0 0.2 0 0 0 0 0 0 0 0 93.4 35.4 49.6 11.200000000000001 62.2 23.200000000000003 113.4 0 14.600000000000001 6 3.4000000000000004 24 40.400000000000006 120 26.400000000000002 10.600000000000001 19.8 13.600000000000001 12.600000000000001 8.8 0.6000000000000001 0 0 0 0 0 0 0.2 0 0 0.6000000000000001 0 0.6000000000000001 0 0 0 0.2 0.2 0.2 0 0 0.4 0 0.4 4.6000000000000005 0 0 2 0 1.2000000000000002 0 0 8.200000000000001 0 0.4 0 0 0 0 0 0 0 0 0 0 2.2 0 0 0 0 0 1.8 0 0 0 0 0 0 0 0 2.2 5.6000000000000005 3.2 8 4.800000000000001 5.6000000000000005 1.6 8.200000000000001 4.2 0 3.2 3.2 2 0 1.8 5.800000000000001 6 4.2 3.2 6.2 0 0 4.800000000000001 0 0 0 3 0 0 3.8000000000000003 0 0 1.2000000000000002 0 0 0 0 0 5.4 6 0.4 0 0 0 3.8000000000000003 0 0 0 0 0 0 0 0 0 0 0 0 0 0 0 0 1 0 0 0 2.4000000000000004 0 0 0 0 0 0.2 1.8 0 0 0.2 0 0.8 0 0 4.800000000000001 3.2 4.4 0.2 4.4 1.6 0 11.600000000000001 3 3.6 0.8 6 0 3.8000000000000003 5.6000000000000005 0 1.8 1.8 1.2000000000000002 4 0 0 0 0 0 0 0 0 0 0 0 0 0 0 0 0 0 0 2.6 1.6 0 0 0 0 0 0 0 0 0 0 0 0 0 0 0 0 0 0 0 0 0 0 0 0 0 0 15.8 0 0 0 0 2 0 0 1.6 0 0 15.8 1 0.4 0 0 0 0 0 0 0 0 0 0 0 0 0 0 0 0 0 0 0 8.200000000000001 0 0 0 0 0 2 4.4 0 0 0 
 0.8 0.4 0.4 0.4 16.6 0.4 0.4 41.400000000000006 0.4 14.8 0.4 1.2000000000000002 0.4 0.4 0.8 1 0.4 0.4 0.4 0.4 6.6000000000000005 28.200000000000003 49 37.6 19.400000000000002 84.4 14.8 14.600000000000001 0 47.6 34 98.4 21.6 30.400000000000002 12.600000000000001 39 26.8 38.800000000000004 59.2 14.4 27 0 0 1.4000000000000001 1.6 0 11 0.2 0.6000000000000001 12.4 3.4000000000000004 0.4 0.6000000000000001 14 0 0 1 0 0 11.200000000000001 3.2 1.2000000000000002 0 0.4 0 0 0 0.4 0 0 0.6000000000000001 0 10.600000000000001 0.4 0 0 0 0.4 0.4 0 0 0 0 0 0 0 0 1.4000000000000001 0 0 0 0.2 0 0 0 0 0 0 0 0 0 2.6 6.2 7 5.4 3.2 0 0 2.4000000000000004 4.6000000000000005 8.8 4.2 0 0 0 0 3.8000000000000003 0 0 0 8.200000000000001 0 2.8000000000000003 0 0 0 3.4000000000000004 3.8000000000000003 0.2 0 0 0 6.800000000000001 7 2 6.2 0 0 7.800000000000001 2.6 0.4 0 0 0 0 0 0 0 0 0 0 0 0 0.6000000000000001 0 0 0 0 0 0 0 0 0 0 0 0 1 0 0 0 0 0 0 0 0 0 0 0 1.8 0 0 2.6 2.8000000000000003 5.4 4.4 6.4 0 0 0.4 2 2.2 0 0 0.2 0 5.2 0 4 0 0 4.4 0 0 0 0 0 4.2 7.6000000000000005 0 0 0.4 0 4.4 9.8 0 0 0 0.2 3.2 2.4000000000000004 0 0 0 0 0 0 0 0 0.4 0 0 0 0 2.2 0 0 0 0 0 0 0 0 0.2 0 0 0.4 0 0 0 0 0 0 0 0 3.6 0 0 1.8 0 0 1 0 0 0 0 0 0 0 0 0 0.4 0 0 0 0 0 0 0 0 0 0 7.6000000000000005 0 1.8 0 0 0 0 0 0 
 0.6000000000000001 0 0.2 0.6000000000000001 0 0.2 0 0.2 0 0 0.2 0.2 0.4 0.2 0.2 0 0.2 0.4 0.2 0.8 52 50 10 42.400000000000006 48.6 51.400000000000006 54 6 47.6 0 30.8 14.200000000000001 21.400000000000002 27.200000000000003 80.4 22.200000000000003 6.2 33 34.6 23.400000000000002 12 0 0 0.2 0.4 0 0 12.4 0 0 1 0 0.6000000000000001 0.2 0.2 0 0.4 0 0 24.6 0 0.4 0 0.4 0 0 0 0 0 0 0 0.2 0 0 0.8 0 0 0 0 0 0 0 0 0 0 1.6 0 0 0 0 0.4 0 0 0 0 0 0.2 0 0 0 0 4.2 2.6 0 1.4000000000000001 4.2 0 4.4 0 7.2 8.200000000000001 4.800000000000001 3 2.2 0 0 2.6 3.2 0 0 1.6 0 0.2 0 0 0 0.2 1.4000000000000001 0 0 0 0 0.4 0 0 0 0 2.4000000000000004 0 3 0 0 0.6000000000000001 0 0 0 0 0 0 0 0 0 0 0 0 0 0.8 2.8000000000000003 0 0 0 0 0 0.2 0 0 0 0 0 0 0 0 0 0 0.2 0 0 0 0.2 0 6.4 5.6000000000000005 11.200000000000001 1.8 8.6 8 0 2 0 0 1.2000000000000002 2.4000000000000004 0 3.4000000000000004 2.2 3.4000000000000004 7 0 0 0 0 3.2 0 0 0.4 0 0.4 0.2 0.4 0 0 0 1.8 0.2 0.2 0 0 0 7.2 0 0 0 0 0 0 0 0 0 0 0 0 0 0 0 0 0 0 0 0 0 0 0 0 0 0 0 0 0 0 0 0 0 0 0 2.6 0 1.2000000000000002 0.6000000000000001 7.2 0 0 0 0 0 0 0 2.6 0 0 0 0 0 0 0 0 0 0 0 0 0 0 0 0 0 0 0 0 0 0 0 
 16 0 0 0 0 0 0 0 0 0 0 0.4 0 0.2 0.2 0 0 0 0 0.6000000000000001 7.6000000000000005 22 27.6 59.800000000000004 32.800000000000004 46.800000000000004 8 3.4000000000000004 34 30.8 0 40.800000000000004 9 47.6 14 94.80000000000001 21.200000000000003 35.2 8.6 12.8 0.6000000000000001 0 0 0 0 0 0.2 7.2 0 0 0.6000000000000001 0 0.6000000000000001 1.4000000000000001 0 0 0.2 0.4 11.4 0.4 0.4 0.4 0 0.4 0 0 0 0.4 0 0 0 0 0 0 0 0 0 0 0 0 0 0.2 0 0 0 0 0 0 0 0 0 0 0 5.4 0 0 0 0 0 0 0 2.8000000000000003 2 6 0.2 6.4 0 2.8000000000000003 2.6 6 0 0.2 3.8000000000000003 0.4 0 3 4.2 3.8000000000000003 0 0 2.4000000000000004 0 0 0 0 0 3.8000000000000003 2.6 0 0 4.2 0 6.2 5.800000000000001 2.4000000000000004 2.2 0 0 2.6 4.800000000000001 0.4 0 0 0 0 0 0 0 0 0 0 0 0 0 0 0 0 0 0 0 0 0 0 0.4 0 0 0 0 0 0 0 0 0 0 0 0 0 0 3.2 0 0.2 6 5.2 4.2 0.8 3 0 0 4.800000000000001 2.4000000000000004 0 5 3.8000000000000003 0 0.4 0 1.6 8 0 0 3 0 0 0 0 0 3 11.200000000000001 0 0 0.4 0 4.4 3 0 0 0 0.6000000000000001 3.2 3 0 0 0 0 0 0 0 0 0 0 0 0 0 0 0 1 0 0 0 0 0 0 0 0 0 0 0 0 0 0 0 0 0 0 1.4000000000000001 0 0.4 0.6000000000000001 15.200000000000001 0.4 4.2 2.4000000000000004 0 0 0 0 0 0 0 0 0 0 0 0 0 0 0 0 0 0 0 0 0 0 0 0 0 0 0 0 
 0.2 0 0 0 0 0 0 0.2 0 0 0.6000000000000001 0.6000000000000001 0 0 0.2 0.4 0.4 0 0 0 4.800000000000001 9.200000000000001 7.2 55.800000000000004 16.2 7.800000000000001 7.2 24 98.4 14.200000000000001 40.800000000000004 0 8 6.2 17.8 20.6 33.800000000000004 31.8 8 6.2 1.4000000000000001 0 0 0 0.6000000000000001 0 15.4 1.2000000000000002 0 0 0.8 0.6000000000000001 0.6000000000000001 0.2 0 0 0.4 0 12.4 26 9.8 0.4 0 0.4 0 0 0 0 0 0 0 0 0 0 0 0.4 0 0 0 0 0 0 0 0 0 0 0 0 0 0 0 0 0 0 0 0 0 0 0 0 4 2.2 5 5.800000000000001 1.8 4.4 2 4 1.2000000000000002 5.4 5.4 3 0 0.2 2 0 0 2.4000000000000004 0 0 3.8000000000000003 0 2.2 0.2 0 0 0 0 2.6 0 0 0 0 5.2 0 10.200000000000001 0.2 0 7.2 0 0 0 0.4 3 0 0 0 0 0 0 0 0 0 0 0 0 0 0 0.2 0 0 0 0 0 0 0 0 0 0 0 0 0 0 3 0 0 0 0.4 6.4 0 0.2 3 4.4 3.6 0.4 6.4 0 0 4.2 0 3.2 0 0 2.6 1.8 11.200000000000001 0 5.4 0 0 2.8000000000000003 0.2 0 0 0 0 0 3.8000000000000003 0 0 0 0 0 8.6 0.2 0 0.4 4.6000000000000005 0.4 0 0 0 0 0 0 0 0 0 0 0 1.4000000000000001 0 0 0 0 0 0 0 0 0.2 0 0 0 0 0 0 0 0 0 0 0 0 0 0 3.2 0 0.2 15 0 0.8 0.4 0 0 0 0 0 0 0 0 0 0 0 0 0 0 0 0 0 0 2.4000000000000004 0 4.6000000000000005 0 0 0 0 0 0 0 0 
