 0 15.600000000000001 11 26.8 9.200000000000001 4.2 9 62.6 102.80000000000001 29.6 42.6 5.4 20.8 35.6 25 28.6 42.400000000000006 4.2 23.6 9.8 0.8 0 0 0 0 0.8 0 0 0 14.600000000000001 0.6000000000000001 0.4 0 0 0.4 0.4 0 0.8 0.4 0 0.4 0 0.2 0.6000000000000001 0 0 0.4 0.4 0 0.6000000000000001 0 0.6000000000000001 0 0.4 0 0.4 0 0 0 2 0 0 0.6000000000000001 0 0 0 0 0 0 0 0 0 0 0 0 0 0.6000000000000001 0 0 0 2.4000000000000004 4 4.6000000000000005 0 0 0 2 18.6 5.2 4.2 2.4000000000000004 0 2.8000000000000003 0 4.800000000000001 1.8 0.2 0 0.2 2.4000000000000004 0 0 0 0 0 0 0 0 0 0 0.4 3 0 6.6000000000000005 0.2 0 0 0 3.4000000000000004 2.8000000000000003 0 0 0 0 0 0 0 0 0 0 0 0 0 0 0 0 0 0 0 0 0.4 0 0 0.2 0 1.2000000000000002 0 0 0 0 0 0 0 0 0 0 0 0 0 0 2.2 0.6000000000000001 0 1 3.2 2.2 2 7 2 0 2 4.4 4 2.4000000000000004 3.2 9.200000000000001 0.6000000000000001 0 1.8 5.4 0 0 0 0 0 0 2.8000000000000003 0 0 0 0 0 0 0 0 0 0 0 0.2 6.4 0 0 0 0 0 0 0 0 0.2 0 0 0 0 0.4 0 0 0 0 0 0 0 0 0 0 0 0 0 0 0 0 0 0 0 0 0 0 0 0 0 0 0 0 0 0 0 0 0.4 0.4 0.4 0 0 0.4 0 0 0 0 0 0 0 0 0 0 1.8 0 0 0 0 0 0 0 0 0 0 0 0 1.4000000000000001 1 0 0 0 0 0 0 0 0 0 0 0 0 0 
 15.600000000000001 0 57.800000000000004 16.6 20 16.2 40 14.600000000000001 46.800000000000004 31.6 17 6.4 72.8 28.6 72 32.4 41.400000000000006 50.6 26.6 79 0 0.2 0 0 0 0 0 0.4 0 0 0.6000000000000001 0 0 0.2 0.6000000000000001 0.4 0.6000000000000001 0.2 0.4 15.4 1.2000000000000002 0 0.4 0.6000000000000001 0 0 0.4 0.4 0 0.8 0 0.6000000000000001 1.2000000000000002 0.4 0.4 0.6000000000000001 0 0 0.2 0.6000000000000001 0.6000000000000001 0 1.2000000000000002 0 0 0 0 0 0 0 0.6000000000000001 0 0 0.4 0 0 0.6000000000000001 0 0.6000000000000001 2 3.8000000000000003 14 4.2 17.8 1.8 4.2 0.2 0 7.6000000000000005 2.4000000000000004 3.2 0 4 4.6000000000000005 0 2.2 2 6.800000000000001 3.4000000000000004 6.2 1.2000000000000002 0 0.2 0 0 0 0 0 0 0 0 0 6.800000000000001 0 0 0 0.2 0 0.4 3.8000000000000003 0 0 0 0 0 0 0 0 0 0 0 0 0 0 0 0 0 0 0 0 0 0 0 2.4000000000000004 0 0.4 0 0 0 0 0.6000000000000001 0 0 0 3.4000000000000004 0 0 0 0 0 1.8 14.200000000000001 5 0 0 0 2.2 5 1.6 5.2 0.2 0 2.6 2.4000000000000004 1.6 4.2 0 0 0 0 0 0 0 0 0 0 0.2 0 0 5.4 0 0 0 0 0 7.4 0 0 2.2 1.2000000000000002 0 0 0 0 0 0 0.4 1.2000000000000002 0 0 0 0 0 0 1.4000000000000001 0 0 0.2 0 0 0 0 0 0 0 0.4 0 0 0 0 0 0 0 0 0 0 0 0 0 0 0 0 0 0 0 0.4 0 0 0 19.400000000000002 0 0.6000000000000001 0 0 0 0 0 0 14 0 0 0 0 0 0 0 0 0 0 0 0 0 0 0 0 0 0 0 0 0 0 0 0 0 0 0 0 0 0 0 
 11 57.800000000000004 0 37 8 6 57.6 33 41.6 71 13.200000000000001 4.4 17 12.200000000000001 36.4 25.400000000000002 87 94.80000000000001 24.8 10.8 15.200000000000001 0.6000000000000001 0.6000000000000001 0.6000000000000001 0.6000000000000001 0 0 0.6000000000000001 0.4 0 1.8 0.4 14.8 14.4 0 0.4 0 0.6000000000000001 0.6000000000000001 6.800000000000001 0.4 0 3 0.8 1 0 1.6 0.4 2.6 0.8 0 0.6000000000000001 0.2 0.6000000000000001 2 2 0.4 0 0.2 4.2 0.4 0 1 0 0 0 0 0 0 1 1 0 0 0 0 0 1.2000000000000002 0 0 2.8000000000000003 0.6000000000000001 0 2.4000000000000004 0 8.6 0 0 4.800000000000001 6.800000000000001 2.4000000000000004 5.800000000000001 2.2 0 1.8 0 4.800000000000001 0 6.2 2 2.8000000000000003 2 3.4000000000000004 0 0 0 0 0 0 0 0 0 0 2 0 0 0 0 0 1.8 3 0 0 0 0 0 0 0 0 0 0 0 0 0 0 0 0 0 0 0 0 0 0 0 0 0 0 0 0 0 0 0 0 0 0 0 0 0 0 0 0 0.4 6.800000000000001 7.800000000000001 3 5.4 0.2 3.2 2.2 6.4 3.8000000000000003 5.2 2.8000000000000003 0 2.8000000000000003 6.4 0.4 0 2 2.2 2.8000000000000003 0 0 0 0 0 0 0 0 0 0 0 0 2 2 2.8000000000000003 5 0 0 3.8000000000000003 1.2000000000000002 0 0 0 0 1.4000000000000001 0 0 1.2000000000000002 0 0 0 0 0 0 0 0 0 3.4000000000000004 0 0 0 0 0 0 0 0 0 0 0 0 0 0 0 0 0 0 0 0 0 0 0 0 0 0 0 0.4 0.4 0 0 17.2 0 0.8 2.8000000000000003 0.4 0 0 0 0 0 0 0 0 0.2 0 0 0 0 0 0 0 0 0 0 0 0 2.2 0 10.200000000000001 0 0 0 0 0 0 0 0 0 0 0 0 
 26.8 16.6 37 0 17.8 5 15.200000000000001 50.400000000000006 16.400000000000002 61 51.400000000000006 41.6 57.800000000000004 28.6 32.800000000000004 7.4 51.6 12.8 11 14.200000000000001 0 1 0 0 0 0 4.2 0 0.8 0 1.8 0.2 0 0 0.6000000000000001 0.4 0 0.2 30 0 0 0 0.8 0.2 0.8 0 1.6 0.4 0 0.8 0 0.4 0 0.6000000000000001 0 0 0 0 12.600000000000001 1.4000000000000001 0 0 0.6000000000000001 0 0 0 0 0 0 1 0.8 0 0 0.6000000000000001 0 0 0.4 0 0 0.2 0.2 4.6000000000000005 5.4 2.6 0 6.800000000000001 0 7 4.800000000000001 0.2 5 0 0 0 6.6000000000000005 4.6000000000000005 0 3 0 0 4.4 3 0.2 0 0 0 0 2.8000000000000003 0 0 0 0 1.6 3.8000000000000003 0 0 0 0 2 0 0 0 0 0 0 0 0 0 0 0 0 0 0 0 0 0 0 0 0 0 0 0 0 0 0 0 0 0 0 0 0 0 0 0 0 0 0 0 0 0 0 0 2.8000000000000003 0.4 1.2000000000000002 2.6 0 0 0 3.6 3.2 3.8000000000000003 0 2.4000000000000004 0 0 12.4 0 0 0 0 0.2 0 0 0 0 0 0 0 0 0 0 1.4000000000000001 2.2 4.6000000000000005 5.800000000000001 0 0 5.4 2.2 0 0 0 2 0 0 0 0.2 0 0 0 0 0 0 0 0.2 0 0 0 0 0 0 0 0 0 0 0 0 0 0 0 0 0 0 0 0 0 0 0 0 0 6.6000000000000005 0 0 0 0.4 22.200000000000003 0 18.2 19.8 0 0 0 0 0 0 0 0 0 0 0 0 1 0 0 0 0 0 0 0 0 0 0 0 0 2 0 3 0 0 0 0 0 0 0 0 0 0 0 0 
 9.200000000000001 20 8 17.8 0 31.200000000000003 6.800000000000001 26 20.200000000000003 35.6 38.800000000000004 11.600000000000001 17.6 36.800000000000004 80 59.2 31.8 11 10.8 18.400000000000002 0 35.4 0 0 0 0.2 12.600000000000001 7 0 14.8 1.2000000000000002 0.4 0 0 0 15.4 0 0 38.6 0.2 0.6000000000000001 0 0 0.2 0 0.4 0.4 0.4 0 0.6000000000000001 0 0.4 0 0.6000000000000001 0 0 0 0 0 0.6000000000000001 0 0 0.6000000000000001 0 0 0 0 0 0 0.2 0 0 0 0 0 0 0.2 0 0 1 0 0 3.4000000000000004 2.4000000000000004 3.8000000000000003 3 0 0 2.8000000000000003 0 2.8000000000000003 6.4 0 0 0 0 0 1.8 0 0 0.2 2.2 7.4 3.4000000000000004 0.2 0 5 0 2.6 4.800000000000001 0.2 0 4.4 4 3.2 2.2 4.800000000000001 8.6 1.6 2.8000000000000003 0 0 0 2 0 0 0 0 0 0 0 0 0 0 0 0 0 0 0 0 0 1.6 0 0 0 0 0 0 0 0 0 0 0 0 0 0 0 0 0 0 0 1.6 3.8000000000000003 7.6000000000000005 0 0 0 3 0 4.6000000000000005 0 0.2 0 0 2.4000000000000004 0 3.8000000000000003 2 0 0 0 0 2 0 0 0 0 2.2 3.4000000000000004 2.2 2.2 0 2 0.2 2.2 0 2.6 5.4 6.800000000000001 3.2 0 0.4 6 0 0 0 0 0 0 0 0 0 0 0 0 0 0 0 0 0 0 0 0 0 0 0 0 0 0 0 0 0 0 0 0 0 0 0 0 0 0 0 2.2 0 0 0 0.2 0 0.4 17.400000000000002 0.4 2.6 0.2 0.4 0 0 0 0 0 0 2 0 0 0 0 0 0.2 0 0 0 0 0 0 0 0 0 1.8 0 0 0 0 0 0 0 0 0 0 0 0 0 
 4.2 16.2 6 5 31.200000000000003 0 5.6000000000000005 8 9.600000000000001 11.200000000000001 34.2 43.400000000000006 5.2 9.8 10 12.4 12.4 8.6 79.2 14.8 13.4 8 15 0 0 0 0 7.6000000000000005 0 15 0.6000000000000001 0 6.2 0.4 14.8 15.600000000000001 0 0 9 19.200000000000003 0.6000000000000001 0 0 0.2 0 0.4 0.4 0.4 0 0.6000000000000001 0 0.4 0 0.6000000000000001 0 0 0 0 0 0.6000000000000001 0 0 0.6000000000000001 0 0 0 0 0 0 0.2 0 0 0.6000000000000001 0 0 0 0.2 0 0.2 0 0 0 0 0 0 0.2 0 0 0 0.4 0 2.2 0 0 0 0 0 0 0 0 0 6.2 7.800000000000001 0 0 0 7.6000000000000005 0 2.2 10.4 0 0.4 4.800000000000001 2.2 3.2 2.2 2.4000000000000004 5 2.2 0 0 0 0 2 0 0 0 0 0 1.8 0 0 0 0 0 0 3.8000000000000003 0 0 0 0 0 0 0 0 0 0 0 0 0 0 0 0 0 0 0 0 0 0 0 0 0 0 2 0 3.2 0 0 0 0 0 0.2 0 0.2 0 0 2.8000000000000003 0.2 0 0 2.6 2.6 2 3.2 0 0 0 3.4000000000000004 0 2.2 0 0 7.6000000000000005 0.4 0 0 2.8000000000000003 7 0 2.2 0 0 0 0 2.2 0 0 0 0 0 0 0 0 0 0 0 0 0 0 0 0 0 0 0 0 0 0 0 0 0 0 0 0 0 0 0 0 0 2.4000000000000004 0 0 0 2.2 0 0 1 0 0 0.8 0 0 1.6 0 0.8 0 0 0 0 0 0 0.4 0 0 0 0 0 0 0 0 0.2 0 0 0 0 0 0 0 0 0 0.2 0 0 0 0 0 2.8000000000000003 0 0 0 0 
 9 40 57.6 15.200000000000001 6.800000000000001 5.6000000000000005 0 23.8 51.6 7.4 23.400000000000002 8.200000000000001 19 26.400000000000002 11.8 67 5.800000000000001 28.6 32 46.2 0 0 0 14.8 0.2 0 0 0 0 0 0.6000000000000001 0 0 0 40.6 0.4 0 0.8 0.6000000000000001 0 0 0 0 0.2 0 0 0.4 0.4 0 1 0 0.4 1.4000000000000001 0.6000000000000001 0 0 0 0 0 0.6000000000000001 0 0 0.6000000000000001 0 0 0 0 0 0 0 0 0 0 0 0 0 0.4 0 0 0 3.6 0 5.4 0.2 8.6 0 2 3.6 1.4000000000000001 2 0 0 7.2 3.6 10.200000000000001 8.8 3.6 4.4 1.8 0.6000000000000001 0 0 0 0 0 0 0 0 0 0 0 0 0 0 0.2 0 0 0 0 0 0 0 0 0 0 0 0 0 0 0 0 0 0 0 0 0 0 0 0 0 0 0 0 0 0 0.4 0 0 0 0 1 0 0 0 0 0.8 0 0 0 0 7.4 1.4000000000000001 0 3.8000000000000003 3.6 0 0 7.6000000000000005 4.6000000000000005 0 2.2 0 5.6000000000000005 2 3.2 3.8000000000000003 2 0.2 1.8 5.2 0 0 0 0 0 0 0 0 0 0 0 0 0 0 0 0 0 0 0 0 0 0 0 0 0 0 0 0 0 0 0 0 0 0 0 0 0 0 0 0 0 0 0 0 0 0 0 0 0 0 0 0 0 0 0 0 0 0 0 0 0 0 0 0 0 0.6000000000000001 0 0 0 0 0 0.4 0 0 0 0 0 0 0 0 0 0 0 0 0 0 0 0 0 0 0 0 0 0 0 2.8000000000000003 0 0 0 0 0 0 0 0 0 0 0 0 0 0 
 62.6 14.600000000000001 33 50.400000000000006 26 8 23.8 0 74.4 24 5.800000000000001 5.800000000000001 66.8 44.800000000000004 21.6 93.4 24.6 7 29 11.8 0 0 0 0 0 0 0 0 0 0 0.6000000000000001 0.4 0 0 0 0.4 0 0.4 0.6000000000000001 0 0.2 0 0 0.4 0 0 0.4 13 0 1 0 0.8 0 0.6000000000000001 0 0.2 0 0 12.8 1 0 0 0.6000000000000001 0 0 0 0 0 0 0 0 0 0 0 0 0 0.6000000000000001 0 0 0 4.2 10.200000000000001 6.2 0.4 0 3 3.2 3.6 6.6000000000000005 0.4 0 0 7.6000000000000005 4.2 6 0.2 2 2.8000000000000003 3 1.6 0 0 0 0 0 0 0 0 0 0 0.4 0 0 2.8000000000000003 0.4 0 0 0 0 0 0 0 0 0 0 0 0 0 0 0 0 0 0 0 0 0 0 3 0 0 0.4 0 0.2 0 0 0 0 0 0 0.2 4.4 0 0 0 0 1 0 0 0 0 0 4.4 0 0 10 2 0 2.2 0.2 0 1.4000000000000001 2.2 2 0.4 2.8000000000000003 7.4 7.800000000000001 0 5.6000000000000005 1.2000000000000002 0 0 0 0 0 0 0 2.2 0 0 0 0 0 0 0 0 0 0 1.4000000000000001 3 0 0 0 0 0 0 0 0 0 0 0 0 0 0.4 0 0 0 0 0 0 0 0 0 0 0 0 0 0 0 0 0 0 0 0 0 0 0 0 0 0 0 0 0 0 0 0 0.2 0 0.4 0 0.4 0.4 0 0 0 0 0 0 0 0 0 0 1.4000000000000001 0 0 0 0 0 0 0 0 0 0 0 0 1.4000000000000001 3.2 0 0 0 0 0 0 0 0 0 0 0 0 0 
 102.80000000000001 46.800000000000004 41.6 16.400000000000002 20.200000000000003 9.600000000000001 51.6 74.4 0 33.2 5.2 5.4 56.2 106.2 57.2 40.6 26 63 15.8 38.6 15.4 0.2 0 0 3.2 0 0 0 0 0 0.6000000000000001 0 14.8 15.4 0 0.4 0 0.6000000000000001 0.6000000000000001 4.4 0.2 0 0 0.4 0 0 0.4 0.4 0 0.8 0 0.6000000000000001 0 0.6000000000000001 0 0.2 0 0 0.2 1.4000000000000001 0 0 0.6000000000000001 0 0 0 0 0 0 0 0 0 0 0 0 0 0.4 0 0 0 3.4000000000000004 1.4000000000000001 5.800000000000001 3 2.4000000000000004 0 0.8 0 1.6 0 6 3.2 3 5.6000000000000005 3 2.6 6.6000000000000005 6.800000000000001 2.4000000000000004 2.6 0 0 0.2 0 0 0 0 0 0 0.2 0 0 1.8 0 0 0 1.8 0 4 0 0 0 0 0 0 0 0 0 0 0 0 0 0 0 0 0 0 0 0 0 0 0 0 0.4 0 0.2 0 0 0 0 0.8 0 0 0 0 0.4 0 0 0 0 3 3 2 0 5 0 0 12.600000000000001 7.4 0 8 2.6 0 0.8 0 4 2 0 3.8000000000000003 2 2.8000000000000003 0 0 0 0 0 0 0 0 0 0 0 2 0 0 0 0 0 0 2.4000000000000004 0 0 0 0 3.8000000000000003 0 0 3.2 0 0 0 0 0 0 0 0 0 0 0 0 0 0 0 0 0.2 0 0 0 2.4000000000000004 0 0 0 0 0 0 0 0 7 0 0 0 0 0 0 0 0 0 0.4 0 17.2 0 0.8 0 0 0 0 0 0 0 0 0 0 0 0 0 0 0 0 0 0 0 0 0 0 0 1.8 2.2 0 0 0 0 0 0 0 0 0 0 0 0 0 
 29.6 31.6 71 61 35.6 11.200000000000001 7.4 24 33.2 0 72.4 33.4 23.8 61 44 16.8 124.2 64 10.200000000000001 19 7 0 0 0 0 0 15 0 0 0 0.6000000000000001 0 8.200000000000001 4 0 0.4 0 0.2 12.8 14.8 0 11.600000000000001 0.6000000000000001 0.2 0 0 1 0.4 0.4 0.6000000000000001 0 1 0 0.6000000000000001 3.2 0 1.6 0 0 1 6 0 0.6000000000000001 0 6.800000000000001 0 0 0 0 0 0 0 0.2 0.8 0 0 1 0 0 3.4000000000000004 0 2.2 10.600000000000001 5.4 1.2000000000000002 4.6000000000000005 0 3.2 0.2 2.6 2 0 0 0 2.2 3.6 0 5.800000000000001 0 0 1.8 0 0.4 0 0 0 5.4 1 0 0 0 0 10 12.8 0.4 0 0.2 0 6 2.6 0 0 0 0 0 0 0 0 0 0 0 0 0.2 0.2 0 0 0 0 0 0 0.4 0 0 0 0 1.2000000000000002 0 0 0 0 0 0 0 0.2 0 0 0 0 0 0 0 0 4 1.4000000000000001 0 6.2 6.800000000000001 1.4000000000000001 2.4000000000000004 2.6 0 2.4000000000000004 2 8.8 2.4000000000000004 0 2.4000000000000004 3.4000000000000004 0 2 0 2.2 0 0 0 0 0.6000000000000001 5 0 0 0 0 2.2 0 0.2 0 2 0 2.8000000000000003 2 0 0 0 0 1.6 0 0 0 3.6 0 0 0 0 0.4 0 0 0 0 0 0 0 0 0 0 0 0 0 0 0 0 0 0 0 0 0 0 0 0 0 0 0 3.8000000000000003 0 0 0 0.8 17.6 0 1.8 2.6 3.4000000000000004 1.6 0 0 0 0 0 0 0 0 0 0 1 0 0 0 0 0 0 0 0 0 0 0 0 0 0 0 0 0 0 0 0 0 0 0 0 0 0 0 
 42.6 17 13.200000000000001 51.400000000000006 38.800000000000004 34.2 23.400000000000002 5.800000000000001 5.2 72.4 0 22.200000000000003 22.6 25 31.6 30.6 40 33.4 7.4 33 14.8 15.4 0 0.6000000000000001 0.6000000000000001 0 5.800000000000001 0.2 0 0 0.8 0.4 17.8 14.8 0.2 0.6000000000000001 0 0.2 0.6000000000000001 31.6 0.4 0.4 0.2 0.6000000000000001 0 0.8 0.4 0.4 0 7.4 0 0.6000000000000001 0 0.4 1.4000000000000001 0.6000000000000001 1 0 0.6000000000000001 0.6000000000000001 0 0.2 0.6000000000000001 0 0 0 0 0 0 0.4 0 0 0 10.200000000000001 0 0 0.6000000000000001 0 0 1.4000000000000001 0 3.2 3.2 2.2 3.8000000000000003 2.8000000000000003 0 0 3.6 2.2 3 11.600000000000001 2.6 0 0 0 2.2 5.6000000000000005 0 0 0 0 1 0 0 0 4.2 3.8000000000000003 0 1.8 0 0 11.600000000000001 0 0 0 3 0 10.4 7.4 0 0 0 2.6 0 0 0 0 0 0 0 0 0 0 0 4.4 0 0 0 0 0 0 0 0 0 0.4 0 0 0 0 0 0 0 0 0 0 0 0 0 0 0 2.6 4.6000000000000005 8.8 4.6000000000000005 0.2 2.6 5.4 3.4000000000000004 9 0 0.2 1.6 3.2 2.8000000000000003 0.2 8.4 3.2 0 0 0 0.4 0.2 0 0 0 2 3.8000000000000003 0 0 0 0 2.4000000000000004 0 0 0 0 0 5.800000000000001 4.2 0 0 0 0 2 0 0 0 0 0 0 0 0 0 0 0 0 0 0 0 0 0 0 0 0 0 0 0 0 0 0 0 0 0 0 0 0 0 0 0 0 5.2 0 0 0 0.2 19.200000000000003 0.2 0.4 17.400000000000002 0 0 0.2 0 0 0 0 0 0 0 0 0 0 0 0 0 0 0 0 0 0 0 0 0 0 0.2 2 0 0 0 0 0 0 0 0 0 0 0 0 0 
 5.4 6.4 4.4 41.6 11.600000000000001 43.400000000000006 8.200000000000001 5.800000000000001 5.4 33.4 22.200000000000003 0 49 6.4 5.6000000000000005 10.600000000000001 15 38.400000000000006 6.6000000000000005 7 31.200000000000003 15 0 0 0.2 0.2 24.6 0 0 0 0.6000000000000001 0.4 14.600000000000001 14.600000000000001 27 0.4 0 0.2 0.6000000000000001 16.400000000000002 0 11.200000000000001 0 0.2 0 13 0.4 0.4 0 0.6000000000000001 0 0.4 0 0.6000000000000001 0.6000000000000001 0 0 0 0 0.6000000000000001 1 0 0.6000000000000001 0 0 1 0 0 0 0 0 0.2 0.2 0.6000000000000001 0 0 0.4 0.6000000000000001 0 0 0 0 0 5.6000000000000005 0 0.2 0 0 2.2 0 0 6.6000000000000005 0 0 0 0 3 6.4 0 0 1.2000000000000002 2.8000000000000003 5 0 0 0 4 5.2 0 5.4 0 0 2 2 0 0 3.6 0 5.6000000000000005 2.8000000000000003 0 0 0 0 0 0 0 0 0 0 0 0 0 0 0 0 0 0 0 0 0 0 0 0 0 0 0 0 0 0 0 0 0 0.4 0 8.8 0.4 0 0 0 0 0 0 0 2.8000000000000003 7.2 0 1 0 2.8000000000000003 0 0.2 0 1.2000000000000002 0 0 2 2 0 0 2.6 0 0 0 0 0 0 3.4000000000000004 0 0 0 0 4.4 0 2 2 0 0 3.6 2.2 0 0 0 0 2.8000000000000003 0 0 0.2 0 0 0 0 0 0.2 0 0 0 0 0 0 0 0 0 0 0 0 0 0 0 0 0 0 0 0 0 0 0 0 0 0.4 0 8.8 0 0 0 0 24.8 0 0.4 1.2000000000000002 0 2 0 0 0 0 0 0 0 0 0 0 0 0 0 0 0 0 0 0 0 0 0 0 0 0 0 0 0 0 0 0 0 0 0 0 0 0 0 0 
 20.8 72.8 17 57.800000000000004 17.6 5.2 19 66.8 56.2 23.8 22.6 49 0 63 10.8 67.8 20.8 23.400000000000002 53 80 0 0 3.6 0 0.2 0.8 0 0 0 0 1.2000000000000002 0.6000000000000001 0 0.4 0 0.4 0 0.8 0.6000000000000001 0 0 0 0 0.2 0 0 0.4 1 0 1 0 1 0 0.6000000000000001 0 0.6000000000000001 0 0.2 6.2 2.2 0 0 0.6000000000000001 0.4 0 0 0.6000000000000001 0 0 0.4 0.6000000000000001 0 0 0 0.6000000000000001 0 0.4 0 1.6 0 5.800000000000001 9.8 2.4000000000000004 7 4.6000000000000005 0 6.4 15.600000000000001 7.4 7.800000000000001 7 0 4 0.2 11.8 0 0.8 7.800000000000001 4.4 1.6 0 0 0 0.2 0 0.4 0 0 0 1.8 0 0 0.4 0 0 0 0 0 4.6000000000000005 0 0 0 0 0 0 0.4 0 0.2 0.4 0 0 0 0 0 0 0 0 0 0 0 0 0 0 1 0 0.2 0 0 0 0 0.6000000000000001 0 0 0 3.8000000000000003 0.4 0 0 2 0 2.4000000000000004 2.4000000000000004 0.8 0.4 2 0.2 0 2.6 2 0 1.8 0 1.8 0 0.2 4.6000000000000005 0 0 2.6 2.2 0 0 0 0 0 0 0 0 0 0 0 0 0.4 0 0 0 0 0 0.2 0 0 0 0.4 0 3.8000000000000003 0 0 0 0 0 0 0 0 0 0 0 0 4.6000000000000005 0.2 0 0 0 0 0.4 0 0 0.4 0 0 0 0 0.4 0.2 0 0 0 0 0 0 0 0 0 0 0 0.2 0.4 0 0 0.6000000000000001 0 0.4 0.8 0 0 0 0 0 0.4 14.4 0 0 0 0.2 0 0 0 0 0 0 0 0 0 0 5.4 0 0 0.8 0 0 0 0 0 0 0 0 0 0 0 0 0 
 35.6 28.6 12.200000000000001 28.6 36.800000000000004 9.8 26.400000000000002 44.800000000000004 106.2 61 25 6.4 63 0 17.2 44.6 11.4 6.2 39.800000000000004 54 0 0 0 14.600000000000001 0 0 0 0.4 0 0 0.6000000000000001 0.4 0 0 0.4 0.4 0 0.6000000000000001 0.6000000000000001 25.200000000000003 0.2 0 0 0.4 0 0 0.4 0.4 0 1 6 0.6000000000000001 0.4 0.6000000000000001 0 0.2 0 0 3.8000000000000003 0.6000000000000001 10 0 0.6000000000000001 0 0 0 0 0 0 0 0 0 0 0 8.8 0 0.6000000000000001 0 0 0 6.2 2 0.2 2.4000000000000004 2.6 2 5.4 4.6000000000000005 3 4.2 0 2 3 0.4 2.8000000000000003 2.6 0.2 2 0 1 0.6000000000000001 0 0 0 0 0 2.2 0 0 0 0 0 0 0 0 0 0 0 1.4000000000000001 0 0.4 0 0 0.4 0 0 0 0 0 0 0 0 0 0 0 0 0 0 0 0 0 0 0.4 0 0 0 0 0 0 0 0 0 0 0 0 0.4 0 0 4.4 0 14.8 0 0 5.800000000000001 1.2000000000000002 0 0 6.800000000000001 2.8000000000000003 0.2 0 2.4000000000000004 5 3.4000000000000004 0 4.2 3 0.2 0.2 3 0 0 0 4.2 0 0 0 0 0 0 0 0 0 0 0 0 0 0 1.6 0 0.4 0 0 0 0 0 0 0 0 0 0 0 0 0 0 0 0 0 0 0 0 0 0 0 0 0 0 0 0 0 0 3 0 0 0 0 0 0 0 0 0 0 0 0 0 0 0.4 0 3.2 0 0 0.8 0 0 0.2 0 0 0 0 0 0 0 0 0 0 0 0 0.2 0 0 0 0 0 0 0 3 2.6 0 0 0 0 0 0 0 0 0 0 0 0 0 
 25 72 36.4 32.800000000000004 80 10 11.8 21.6 57.2 44 31.6 5.6000000000000005 10.8 17.2 0 40 26.6 26.6 50.2 24.6 0.4 0 0 0 0.2 0 0 0 0 0.4 0.6000000000000001 0 0 0 0 0.4 0 0.4 0.8 0 0 0 0 0.2 0 0 0.4 0.4 0 0.8 0 0.4 0.2 0.6000000000000001 0 0 3.2 0 0 1.4000000000000001 0 0 0.6000000000000001 0 0 0 0 0 0 0 0 0 0 0 0 0 0.4 0 0 4.800000000000001 0 2.8000000000000003 4.4 0 0 0 0 3.2 3.4000000000000004 0.2 3.8000000000000003 3 5 0 1.2000000000000002 16.6 1.6 6.4 1.8 0 2 3.2 0 0 0 0 0 3.2 0 0 0 0 0 4 0 0 0 0 0.2 1.6 0 0 0 0 0 0 0 0 0 0.4 0 0 0 0 0 0 0 0 0 0 0 0 0 0 0 0 0 1.8 0 0 0 0 0 0 0 0 0 0.2 0 0 0 4.6000000000000005 7 0.4 0 1.8 0.4 0 1.6 2.2 11.200000000000001 2.2 0 4.4 0.2 0.2 0.2 2.8000000000000003 0.2 3.4000000000000004 0.4 0 0 0 0 0 0 0.2 0 0 0 0 0 9.600000000000001 0 2.6 0 0 2.6 3.4000000000000004 0 0 0 0 0 0 0 0 0 0 2 0.4 0 0 0 0 0 0 0 0 0.4 0 0 0 2.4000000000000004 0 0 0 0 0 0 0 0 0 0 0 0 0 0.2 0 0 0 0 0 0 0.8 0.4 0 0.4 0.4 0 0.4 7.2 0 0 0 0 0 0 0 0.2 0 1.8 0 0 0 0 0 0 0.4 0 0 0 0 0 2.2 0 3.2 0 0 0 0 0 0 0 0 0 0 0 0 
 28.6 32.4 25.400000000000002 7.4 59.2 12.4 67 93.4 40.6 16.8 30.6 10.600000000000001 67.8 44.6 40 0 45.2 40.2 27.8 76.60000000000001 0 0 0 0 0.2 0 0 0 0 1.6 0.6000000000000001 0.2 0 0.4 14.600000000000001 0.4 0 0.2 1.6 0 0 0 0.6000000000000001 0.2 0 0.4 0.4 0.4 0 0.8 12.8 0.4 0 0.6000000000000001 0 0 0 0 0 0.6000000000000001 0 0 0.6000000000000001 0 0 0 0 12.8 0 0.2 0 0 0 0.4 0 0.6000000000000001 0.4 0.6000000000000001 0 0 7.6000000000000005 10.600000000000001 13.200000000000001 3.2 2.2 0 3.8000000000000003 2.2 1 2.8000000000000003 14.600000000000001 0 9 2.8000000000000003 11 2.2 8.4 5.800000000000001 10.8 5 0 0 0 0.2 0 0.4 0 0 0 0 0 0 0.4 0 0 0 0 0 0 0 0 0 0 0 0 0.4 0 0.2 0.4 0 0.2 0 0 0 0 0 0 0 0 0 0 0 0 0.4 0 0 0 0 0 0 0.6000000000000001 0 0 0 0 0 0 0 0 0 1.8 14.200000000000001 5 0.4 0 0 0 7 2.8000000000000003 0 3.2 2.6 2.2 2.2 0 5.4 0 0 4.2 1.6 0 0 0 0 0 0 0 0 0 0 0 0 0.4 0 0 0 0 0 2.2 0 0 0 0.4 0 0 0 0 0 0 0 0 0 0 0 0 0 0 0 0.2 0 0 0 0 0.4 0 0 0.4 0 0 0 0 0.4 0.2 0 0 0 0 0 0 0 0 0 0 0 0.2 0 0 0 1 0 0.4 0 0.2 0 0 0 0 0 0.2 0 0 0 0 0 0 0 0 0 0 0 0 0 0 0 0 0 0 0 0 0 0 0 0 0 0 3 0 1.4000000000000001 0 0 
 42.400000000000006 41.400000000000006 87 51.6 31.8 12.4 5.800000000000001 24.6 26 124.2 40 15 20.8 11.4 26.6 45.2 0 27.400000000000002 47.800000000000004 5.4 0.8 0 0 0.6000000000000001 0 0.2 0 0 0 0.4 0.8 0.4 0 0 0.6000000000000001 0.8 0 0.4 42 0 0 0 0 0 0 0 0.4 0.4 0 1 0 0.4 0 0.6000000000000001 0.6000000000000001 0.2 0 0.6000000000000001 0.6000000000000001 2.4000000000000004 0.6000000000000001 0 1.2000000000000002 0 0 0 0 0 0 0.4 0 0.2 0.2 0.8 0.4 0 0.2 0.6000000000000001 0 1.2000000000000002 4 0.6000000000000001 10.200000000000001 3.8000000000000003 3.6 3.2 0 2.4000000000000004 3 4.800000000000001 9 0 0 1.6 0.4 3.4000000000000004 0 2.4000000000000004 5.800000000000001 2 2.8000000000000003 0 0 0 0 0 0 0 0 3.4000000000000004 0 0 1 0 0 0 0 0 3.8000000000000003 0 0 0 0 0 0 0 0 0 0 0 0 0 0 0 0 0 0 0 0 0 0 0 0 0 0 0 0 0 0 0 0 0 0 0 0 0 0 0.2 0 0 0 5.4 0.2 2.2 0 3.2 3.2 0.2 2.4000000000000004 4 2.4000000000000004 2.8000000000000003 0 4.6000000000000005 4.2 0.2 0.4 0 1.2000000000000002 6.4 0 0 0 0 0 2 1.8 0 0 0 0 0 0 0 0 0 0 0 3.2 0 0 0 0 0 0 0 0 0 0 0 0 0 0 0 0 0 0 0 0 0 0 0 0 0 0 0 0 0 0 0 0 0 0 0 0 0 3.4000000000000004 0 0 0 0 0 0 0 0 0.8 0.4 0 0 2.4000000000000004 0 2 0.4 0 0.4 0 0 0 0 0 0 0 0.2 0 0 0 0 0 7.2 0 0 0 0 0 0 0 2 0 0 0 0 0 0 0 0 0 0 0 0 0 
 4.2 50.6 94.80000000000001 12.8 11 8.6 28.6 7 63 64 33.4 38.400000000000006 23.400000000000002 6.2 26.6 40.2 27.400000000000002 0 28.6 22 4.800000000000001 16.8 0 0 0 0.6000000000000001 0 0 0.6000000000000001 0.4 1.2000000000000002 0 5.800000000000001 12.4 0 0.8 0 1.2000000000000002 0.6000000000000001 14.8 0 0 0.4 0.2 0.4 0 1 0.4 0 0.8 0 0.4 0 0.6000000000000001 0 0 0.6000000000000001 0 0 1.4000000000000001 8.8 6 0.6000000000000001 0 0 0 0 0 0.2 0.6000000000000001 0.4 0 0 0 0 0 0.2 0.2 0 0 0 3.8000000000000003 0 2.4000000000000004 9.200000000000001 0 0 0 6 0 1.6 2.4000000000000004 0 0 0.2 0 0 11.600000000000001 0.4 1.2000000000000002 0 0 1 0 0 0 6 0 0 0 0 0 3.4000000000000004 0 0 0 0 0 0 4.2 0 0 0 0 0 0 0 0 0 0 0 0 0 0 0 0 0 0 0 0 0 0 0 3.2 2.6 0.2 0 0 0 0 0.6000000000000001 0 0 0 0 0 0 0 0 0 0 6.800000000000001 5 3.6 3 0 0 3.8000000000000003 5 0 1.4000000000000001 0 0.2 3.8000000000000003 3 2.4000000000000004 0 1.8 0 1.4000000000000001 0 0 0 0 0 0 0.2 6.2 0 0 0 0 0.6000000000000001 0 0 0 0 0 0 0 0 0 0 0 1 0 0 0 0 0 0 0 0 0 0 0 4.4 0 0 0 0 0 0 0 4.4 0.2 0 0 0 0 0 0 0 0 0 0 0 0 0 0 0 0 0 0 0 1.4000000000000001 2.2 0 0 0.2 0 0.6000000000000001 1.4000000000000001 0 0 0 0 0 0 0.4 0 0 0 0 0 0 0 0 0 0 0 0 0 0 0 0 0 2.2 0 0 0 0 0 0 0 0 0 0 0 0 
 23.6 26.6 24.8 11 10.8 79.2 32 29 15.8 10.200000000000001 7.4 6.6000000000000005 53 39.800000000000004 50.2 27.8 47.800000000000004 28.6 0 15.4 0 0 0 0.4 0 0 0 0 0 0 0.8 0.6000000000000001 0 0 0 0.4 0.2 0.2 0.6000000000000001 0 0.4 0 0.2 0.6000000000000001 0 0.2 0.4 0.6000000000000001 0 1 0 0.6000000000000001 0 0.4 0 0.4 0.2 0 0 0.8 0 0 0.6000000000000001 0 0 0 0 0.4 0 0 0.4 0 0 0 0 0 0.6000000000000001 0 0 0 4.4 3.4000000000000004 0.2 0 2.2 0.4 4.4 2.8000000000000003 0 4.6000000000000005 6.800000000000001 0 2.4000000000000004 0.4 3.2 8.200000000000001 1.4000000000000001 2.4000000000000004 0.2 2.2 0 0.4 0 0 0 0 0 0 0 0 0 0 0 0 0 0 0 0 0 0 0 0 0 0.2 0 0 0 0 0 0 0 0 0 0.4 0 0 0 0 0.4 0 0 0 0.4 0 0 0 0 0.2 0 0 0 0 0 0 0 0.4 0 0 0 0 2 2.4000000000000004 4 0 0.8 0 2.8000000000000003 3.4000000000000004 4.6000000000000005 0 4.4 0 0 1.8 0 2.4000000000000004 2.4000000000000004 0 0.4 3.4000000000000004 0.2 0 0 0 0 0 0.4 0 0 0 0 0 0 0 0 0.4 0 0 0.2 0 0 0 0 0 0 0 0 0 0 0 0 0 0 0 0 0 0 0 0 0 0 0.4 0 0 0 0 0 0 0 0 0 0 2 0 0 0.4 0 0 0 0 0 0 0 0 0 0.4 0 0 0 0 0 1.4000000000000001 0 0.4 0 0 0 0 0 0 0 0 0 0 0 0 0 0 0 0 0 0 0 0 0 0 2.4000000000000004 0 0 0 0 0 0 0 0 0 0 0 0 0 
 9.8 79 10.8 14.200000000000001 18.400000000000002 14.8 46.2 11.8 38.6 19 33 7 80 54 24.6 76.60000000000001 5.4 22 15.4 0 0.4 0 1.2000000000000002 0 0.2 0 0 0 0.4 0.4 0.6000000000000001 0 0 0.4 0 0.4 0 0.2 0.6000000000000001 0 0.4 0 0.2 0.6000000000000001 0 0 0.4 0.4 0 0.8 0 0.6000000000000001 1 0.4 0 0.4 12.600000000000001 0 0 0.8 0 0.2 0.6000000000000001 0 0.2 0 0 0 0 0 0 0 0 0 0 0 0.6000000000000001 0 0 0 2 3 0 13.200000000000001 0 0 6.800000000000001 6.6000000000000005 2.2 4 0 0 14 2 12 7.4 0.4 1 3.2 4.2 0 0 0 0 0 0 0 0 0 0 0 0 0 0 0 0 0 0 0 0 0 0 0 0 0 0 0 0 0 0 0 0 4.4 0 0 0 0 0 0 0 0 0 0 0.6000000000000001 0 1.8 0 0 0 2.6 0 0 0 0 0 0 0 0 0 0 7.6000000000000005 3.4000000000000004 4.800000000000001 0 0 0 2.2 9 3.6 0 0.2 2.4000000000000004 8.4 2.4000000000000004 1.4000000000000001 5.2 0 0 0 11.600000000000001 0 0 0 0 0 0 0 0 0 0 0 0 0 0 0 0 0 0 0 0 0 0.2 0 0 0 0.2 0 0 0 3.8000000000000003 0 0 0 0 0 0 0 0 0 0 0 0 0 0 0 0 0 0 0 0 0 0 0 0 0 0 0 0.2 0 0 0 0 0 0 0 0.2 0.6000000000000001 0 0 0 0 1 0.2 0 0 0 0.4 0 0 0 0 0 0 0 0 0 0.4 0 0 0 0 0 0 0 0 1.6 0 0 0 0 0 0 0 0 0 0 0 0 0 0 
 0.8 0 15.200000000000001 0 0 13.4 0 0 15.4 7 14.8 31.200000000000003 0 0 0.4 0 0.8 4.800000000000001 0 0.4 0 20.6 17.6 14.4 10.200000000000001 7.2 61.400000000000006 34.4 26 9.600000000000001 23.8 21.6 86.4 35.2 34.6 17.400000000000002 9.8 9.600000000000001 52.6 44.400000000000006 0 0.6000000000000001 1.8 0 0 0.4 0.6000000000000001 0 0 0.6000000000000001 0.4 0 0 0.4 0 0.4 0.6000000000000001 0 0.6000000000000001 0.6000000000000001 0 0 0.2 0 0.4 0 0.6000000000000001 0 0 0.6000000000000001 0 0 1.4000000000000001 1.2000000000000002 1.2000000000000002 0.6000000000000001 0 0 0 5.800000000000001 0 0 0 0 2.2 0 0 0 0 0 0 0.2 0 0 0 0 0 4 0 0 2.4000000000000004 4.2 8 3.8000000000000003 0 0 5.2 0 3.4000000000000004 4.2 6.4 2.6 0.4 2.4000000000000004 1.6 4.4 2 6 1.8 1.6 0 0 0 0 0 0 0 0 0 0 0 0 5 0 0 0 0 0 0 0 0 0 0 0 0 0 2 0 0 0 0 0 0 0 0 3.6 0 0 2.2 0 0 0 0 0 0 0 0 0.8 0 0 2.4000000000000004 0 0 1.2000000000000002 0 0 5.2 0 0 0 0.6000000000000001 4 3.6 5.2 1.6 2 0 13 3.6 3 3.4000000000000004 1.8 4 0 2.6 0 1.2000000000000002 0 0 1.2000000000000002 0 0 0 0 2.4000000000000004 0 3.6 0 0.2 0 0 0 0 0 0 0 0 0 0 0 0 0.4 0 0 0 0 0 0 0 0 0 0 0 0 0 0 0 0 0 0 0 0 0.2 0 0 0 0 0 0 0 0 0 0 0 2 0.2 0 16.2 17.400000000000002 0.4 0.6000000000000001 2.2 0 0 0 0 0 0 0 0 0 0 0 10.4 0 0 0 0 0 3.2 0 0 0 0 0 0.2 0 0 0 0 
 0 0.2 0.6000000000000001 1 35.4 8 0 0 0.2 0 15.4 15 0 0 0 0 0 16.8 0 0 20.6 0 31.8 10.8 11.200000000000001 24.200000000000003 33.800000000000004 41.2 33.2 23.8 14.200000000000001 4.4 15.200000000000001 12.4 11.600000000000001 31.8 8 12.8 18 34.2 1 0.6000000000000001 0.6000000000000001 0 0 0.4 0.4 0 0 0 0 0 0 0.4 0.8 0.4 0.4 0.4 1.6 0.4 1.6 0 1.2000000000000002 0 0 0 2 0 0 0 0 0.8 0 0.4 1.2000000000000002 0.4 0.2 1.6 0 0 0 0 0 0 2 0 1.4000000000000001 0 0 0 0 3.8000000000000003 0 0 0 0 0 2.2 0 0 2.8000000000000003 1.6 3.2 9.200000000000001 0 3.2 5 0 7 6.4 0 4.4 3.8000000000000003 0 5.2 9 6.800000000000001 6.4 0 0 0.4 0 0 2 0 0 0 0 0 0 0 0 0 0 0 0.4 0 0 0 0 0 0.2 0 0 0 0 0 0 0 0 0 0 0 0 0 0 0 0 0 0 0.2 0 0 0.6000000000000001 2.4000000000000004 0 0.2 0 0 0 0 0.2 0 0.2 0 0 0 0 0 0 0 0 12.4 2 3.6 0.4 0.4 5.2 0.8 5 5.2 0.2 3 0.4 3.2 4.6000000000000005 5 0 0 0 0 0 0 0 0 0 3.6 0 0 0 0.4 0 3.4000000000000004 0 0 0 3.6 0.4 0 0 0 0 0 0 0 0 0 0 0 0 0 0 0 0 0 0 0 0 0 0 0 0 3.4000000000000004 0 0 0 14.8 0 0 0 0 0 0 0.4 5 0.4 0 19 0 0 0.2 0.2 0 0 0 0 0.6000000000000001 0 0 0 0 0 0 0 0 0 0 0 0 2 0 0 0 0 0 0 0 0 0 0 
 0 0 0.6000000000000001 0 0 15 0 0 0 0 0 0 3.6 0 0 0 0 0 0 1.2000000000000002 17.6 31.8 0 21.8 8.6 35.6 11.8 22.200000000000003 48 26.6 11.4 27.6 26.200000000000003 55.2 11.200000000000001 37.6 80.4 36.6 3.8000000000000003 37.800000000000004 0 0.6000000000000001 0 0 0 0 13.600000000000001 0 1.8 0 0 0 4.2 12.8 0.6000000000000001 0.6000000000000001 0.6000000000000001 0 9.4 0.6000000000000001 0 0 0 0 0.4 0 1.6 0 0 0 0 0 0 0 0.2 0.6000000000000001 0 0 0 0 0 0 0 0 0 0 0 0 0 0 0 0 0 0 0 0 0 0 0 0 2 2 0 0.6000000000000001 1.8 5 0 0.2 3.6 3.2 2.2 9.4 1.2000000000000002 0 2.8000000000000003 0 3.4000000000000004 3.2 0 0 0 3.8000000000000003 0 0 0 0 0 0.4 0 0 0 0 4.800000000000001 7 3.8000000000000003 0 0 0 0 3.8000000000000003 0 0 0 0 0 0 0 0 1.2000000000000002 0 0 0 0 0 1 0 0 0 3.6 0 0 0 0 0 0 0 0 0 0 0.6000000000000001 0 1.2000000000000002 0 0 0 0 0.2 0 0 0 3.4000000000000004 3.8000000000000003 0.2 2.2 11.8 0 6.800000000000001 0 2 0 1.2000000000000002 8 0 2 2.6 6.4 0.2 5 0 0 1.8 0 0 0 0 0 6 0 0 1.8 0 0 5.2 1.6 0 0 4 0 2.8000000000000003 3.4000000000000004 0 0 0 0 0 0 0 0 0 0 0 0 0 0 0 0 0 0 0 0 0 0 0 0 0 0 0 0 0 0 0 0 0 0 3.2 0.4 0 0 0 0.6000000000000001 0 0 0 0 0 0 2.2 0 0 0 0 0 0 0 0 0 0 0 0 0 0 6.800000000000001 0 0 0 2.4000000000000004 0 0 0 0 
 0 0 0.6000000000000001 0 0 0 14.8 0 0 0 0.6000000000000001 0 0 14.600000000000001 0 0 0.6000000000000001 0 0.4 0 14.4 10.8 21.8 0 62.400000000000006 10 37 20.6 39.6 53.800000000000004 57 72.4 55.2 39.400000000000006 36 25.400000000000002 44.6 34 33.6 16.8 6.4 0.6000000000000001 3 1.2000000000000002 0 0.8 0.6000000000000001 0 0 0 0.4 0 0 12.8 0.6000000000000001 1.8 0.6000000000000001 0.6000000000000001 12.8 0.4 0 0 0.6000000000000001 5.4 0.4 0 0.6000000000000001 0 0 0 0 0 1.2000000000000002 0 8.4 0.6000000000000001 0 0 0 1.2000000000000002 0 0 0 0 0 0 0 0 0 0 0 0 0 0 0 0 0.2 0 0.2 0 2.2 2.6 3.2 2.4000000000000004 0 0 0 4.4 1.6 0 10.600000000000001 5.2 0 2.4000000000000004 2.8000000000000003 4 0 0 0 0.2 0 0 0 0 0 0.2 0.6000000000000001 0 2.2 0 0 0 10.4 0 0 0 0 0 3.2 0 0 0 0 0 0 0 0.2 0 0 0 0 0 0.2 0 0 0 0 0 0.2 0 0 0 0 0 0 0 0 0 0 0 2.8000000000000003 0 0 0 0.4 0 3.2 0 0 0 0.2 0 4.6000000000000005 5.6000000000000005 0.2 6 0 2.4000000000000004 4.800000000000001 4.800000000000001 2 0.2 0 6.6000000000000005 2.6 2.2 5.800000000000001 1.4000000000000001 0 0 1.6 0 0 0 0 0.4 0 0 0 0 0 0 3.6 3.8000000000000003 0 0 0 0 0 0.4 0 0 0 0 0 0 0 0 0 0 0 0 0 0 4 0 0 0 0 0 0 0 0.2 0 0 0 0 0 0 0 0 0 0 0 1.2000000000000002 0.4 0 3 33.2 0.8 0.4 0 0 0 0 0 0 0 0 0 0 0 0 0 0 0 0 0 0 0 0 0 0 0 0 0 0 0 0 0 
 0 0 0.6000000000000001 0 0 0 0.2 0 3.2 0 0.6000000000000001 0.2 0.2 0 0.2 0.2 0 0 0 0.2 10.200000000000001 11.200000000000001 8.6 62.400000000000006 0 34 13 34 90 33.800000000000004 80.80000000000001 25.400000000000002 14.8 18.400000000000002 13.200000000000001 23.200000000000003 8.6 8 61.800000000000004 16.6 13.4 0.6000000000000001 0 0 0.4 0 13.200000000000001 0 0.6000000000000001 0 0 0 0 26 0.2 0.4 6.2 0 13.200000000000001 0.6000000000000001 0 0 0 0 0.4 0 1.6 0 0 0 0 0 0 0 0 0.6000000000000001 0.6000000000000001 1 0 0 0 0 0 0 0 0 0 0 0 0 0 0 0 0 0 0 2 0 0 0 0.4 0 0 4.4 1.8 0 0 0 3.4000000000000004 0 0.4 0 0 0 0 3.6 3.2 6.2 0 0 6.6000000000000005 2.4000000000000004 1 0 1.6 0 0.2 2 0 0.2 0 0.4 3.4000000000000004 4 1.8 0 2.2 2.2 0 0 0 0 0 0 0 0 0 0 0.2 0 0 0 0 0 1.4000000000000001 0 0 0 0 0 0 0 0 0 0 0 0 0.2 0 1.4000000000000001 0 0 0 0 0 0 0 0 0 0 3.2 0 4 0 1.8 1.6 0 2 0 3 4.6000000000000005 2.4000000000000004 0 0.6000000000000001 0.2 0 1.6 1.8 0 0 4.4 0 5 0 0 0 8.200000000000001 2.6 4.2 0 0 0 4.800000000000001 2.2 2.4000000000000004 0 0 0 10 0 0 0.2 0 0 0 0.2 0 0 0.2 0 0 0.2 0 0 0 0 0.2 2.6 0.4 0.4 0 0 0 0 0 0 0 0 0 0 0 0 0 0 2.2 0 0.2 18.6 0 0.4 15.8 0.4 0 0 0 0 0 0 0 0 0 0 0 0.2 0 0 0 0 0 1.8 0 0 0 0 0 0 2 0 0 0 
 0.8 0 0 0 0.2 0 0 0 0 0 0 0.2 0.8 0 0 0 0.2 0.6000000000000001 0 0 7.2 24.200000000000003 35.6 10 34 0 30.400000000000002 8.6 13.600000000000001 28.200000000000003 33 50.400000000000006 49.6 25.8 28.8 30 57 84.4 14.4 10.4 22.8 0.8 0 0 0 0 0.8 0 2.6 0 0 0 25 19.6 13.4 0.6000000000000001 13.600000000000001 0 1.2000000000000002 6.6000000000000005 0 10.4 0 0 0.6000000000000001 0 2.2 0 0 0 0 0 0 0 0.4 0.6000000000000001 0 0.2 0 0 0 0 0 0 0 0 0 0.4 0 0 0 0 0 0 0 0 0 0 0 0 0 0 0 0.6000000000000001 4.800000000000001 0.2 0 0 2.2 0 0.4 4.6000000000000005 0 0 2.8000000000000003 0 6.2 1.8 0 0 2.2 4.2 0 4.6000000000000005 0 0 1.8 5.800000000000001 1 2.6 0.2 0 0.6000000000000001 4.4 9.200000000000001 1.8 5.2 0 1.6 0.2 0 0 0 0 0 0 0 0 2 0 0 0 0 0 1 0 0 0 0 0.4 0 0 0 0 0 0.6000000000000001 0 0 0 0 0 0 0.2 0 0 0 0 0 0 0 0 0 0 0 3.4000000000000004 0 0.2 0 2 0.2 1.2000000000000002 4.2 0 0 1 9.600000000000001 0 3.6 0 0 2 2.6 3.4000000000000004 0 0 0 3.8000000000000003 0.6000000000000001 0.2 3 2.4000000000000004 4.4 7.2 3.8000000000000003 4 2.2 2.2 0 0 5 0 0 0 0 3.8000000000000003 0 0 0 0 0 0 0 0 0 0 1.2000000000000002 0 0 0 0 0 0 0 0 0 0 0 0 0 0 0 0 0 0 2.2 0.8 0 0 0 1.2000000000000002 1.2000000000000002 0 0 0 0 0 2.2 0 0 0 0 0 0 0 0 0 0 0 0 0 0 3.8000000000000003 0 0 0 0 0 0 0 0 
 0 0 0 4.2 12.600000000000001 0 0 0 0 15 5.800000000000001 24.6 0 0 0 0 0 0 0 0 61.400000000000006 33.800000000000004 11.8 37 13 30.400000000000002 0 32 6.2 10.8 22.400000000000002 21.6 80.80000000000001 10.200000000000001 19.6 10.8 6.4 9.4 114.80000000000001 32.800000000000004 0 0.6000000000000001 0 0 0 0 0.6000000000000001 0 0 0.8 0.8 6 13.600000000000001 1.2000000000000002 2 0.4 1.8 0 0.6000000000000001 0.6000000000000001 0 0 0 0 0.4 0 1.4000000000000001 0 0 0 0 0 0 0 0 0.6000000000000001 0.4 0 0 0 0 0 0 2.2 1.8 1.2000000000000002 0 0 1 0 0 0.8 0 0 0 0 2.4000000000000004 1.6 0 0 2.2 0 9.8 2.6 0 5.6000000000000005 0 6.2 0 0.6000000000000001 4.4 0.4 2.6 2.8000000000000003 2.6 2.4000000000000004 1.8 2.4000000000000004 1.8 6.6000000000000005 0 0.2 0 0 1.8 0 0 0 0 0 0 0 0 0 0 0 0 0 0 0 0 0 0 0 0 0 0 0 0 0 0 0 0 0 2.2 0 0 0 0 0 0 0.4 0.4 0 4.2 0.4 0 0 0 4.4 0 2.6 0 0 0 0 0 1.4000000000000001 0 0 2.8000000000000003 1.6 6.2 4 0 2.4000000000000004 1.4000000000000001 2 2.6 3 2 0 0 0 7 8.6 0.2 3.4000000000000004 3 0 0 0 3 0 0 0 0 0 0 0 0 0 0 0 0 0 0 0 0 0 0 0 0 0 0 0 0 0 0 0.2 0 0 0 0 0 1.4000000000000001 0 0 0 0 0 9.600000000000001 0 0 0 0 26.400000000000002 0 15.4 0 0.2 0 0 0 1.6 0 0 0 0.2 0 2.6 0 0 0 0 0 0 0 0 0 0 0 0 0 0 0 0 0 0 0 0 0 0 0 0 0 0 0 0 0 
 0 0.4 0.6000000000000001 0 7 7.6000000000000005 0 0 0 0 0.2 0 0 0.4 0 0 0 0 0 0 34.4 41.2 22.200000000000003 20.6 34 8.6 32 0 35 56.6 68.2 7.4 29.400000000000002 63.800000000000004 42.6 54.400000000000006 8 35 24 54 0.4 0.6000000000000001 0 0 0 1 0.6000000000000001 0 0 0 0 0 0 0.4 0.8 0.4 0.6000000000000001 0 0.6000000000000001 0.6000000000000001 0 0 0 0 0.4 0.2 0.6000000000000001 0 0.8 0 0 0 0 0 0 0.6000000000000001 0 0 0 0 0 0 0 0 1.4000000000000001 0 0 0 0 0 0 0 0 0 0 0 0 0 0 0 0 8 6.800000000000001 2.2 4.2 6.6000000000000005 3 9.200000000000001 4.2 2 1.4000000000000001 7.2 7.4 0 10.200000000000001 6.2 2.4000000000000004 6.6000000000000005 0 2.8000000000000003 0 0 0 2 0 11.200000000000001 2.2 0 0 0 0 0 0.2 0 0 0 0 0 2 1.6 0 0 0 0 0 0 0.6000000000000001 0 0 0 0 0 0.4 0 0 0 0 3.2 0 0 0 0 0 0 0.4 0 0 0 0 0 0 0 0 0 0.6000000000000001 0 0 0.2 0.2 0 0 0 9.600000000000001 2.4000000000000004 9 4 0 0 2.6 8 4.4 0 1.6 9.4 0 0 13.200000000000001 1.4000000000000001 0 0 0 0 0 0 0 0 4.4 0 0 0 0 0 8.200000000000001 0 0 0 0 0 0 0 0 0 0 0 0 0 0 0 0 0 0 0 0 0 0 0 0 0 0 0 0 0 1.8 0 0 0 0 0 0 0 0 0 0 0 0 0 0.8 8.8 18.2 0.4 0.2 0 0 0 0 0 0 0 0 0 0 0 0 0 0 0 0 0 0 0 0 0 0 0 0 0 0 0 0 0 
 0 0 0.4 0.8 0 0 0 0 0 0 0 0 0 0 0 0 0 0.6000000000000001 0 0.4 26 33.2 48 39.6 90 13.600000000000001 6.2 35 0 20.8 24.400000000000002 16.400000000000002 59.400000000000006 42.6 61.400000000000006 50.2 41.400000000000006 8.4 19 58.2 0 0.6000000000000001 41.400000000000006 0 0 0 0.6000000000000001 0 1 0 0.2 0 0.2 0.4 0.6000000000000001 0.4 0.6000000000000001 0.6000000000000001 6.4 0.6000000000000001 0 0.4 0 0 0.4 0 1.2000000000000002 0 0 0 0 0 0 0 0 0.6000000000000001 0.8 0 0.4 0 0 0 0 0 0 0 0 0 0 0 0 0 0 0 0 0 0 0 0.2 0 2 1.8 0 1.8 3 2.6 0 6.4 5.6000000000000005 2.8000000000000003 0.6000000000000001 6 0 0.6000000000000001 0 2.4000000000000004 4.6000000000000005 11.8 0 0 0.2 0 0 0 0 0 3.6 0 0 0 0 0.2 8.200000000000001 3.2 0 0 0 0 0 5 0 0 0 0 0 0 1 0 0 0 0 0 1.2000000000000002 0 0.4 0 0 0 0 0 0 0 0 0 0 0 0 0 0 0.8 0 1.4000000000000001 0 0 0 0 0 0 0 0 2.6 1.6 3.2 2.6 1.8 1.8 2.4000000000000004 1.6 0 1.8 0 9.4 0 4 0 2.2 3 0.2 0 0 0.6000000000000001 0 0 0 0 0.2 18 0 0.2 0 0 0.2 0.2 0 0 0 2 0 17 1.4000000000000001 0 0 0 0 0 0 0 0 0.4 0 0 0 0 2.6 0 0 0 0 0.2 0.2 0 0 0 0 0 0 0 0 0 0 0 0 0 0 1.6 0.4 0 40.6 0.4 0 0.6000000000000001 0.4 0 0 0 0 0 0 0 0 0 0 0 0 0 0 0 0 0 1.6 0 2 0 0 0 0 0.8 0 0 0 
 14.600000000000001 0 0 0 14.8 15 0 0 0 0 0 0 0 0 0.4 1.6 0.4 0.4 0 0.4 9.600000000000001 23.8 26.6 53.800000000000004 33.800000000000004 28.200000000000003 10.8 56.6 20.8 0 51.400000000000006 25.8 28.6 16.8 37.800000000000004 25.6 44 39.800000000000004 55.6 32.2 6 1 0.8 0 0 1.6 0.8 0 0 0 0 0 12.600000000000001 20.400000000000002 0.6000000000000001 0.6000000000000001 1 0 0.6000000000000001 0.4 0.4 0 0 0 0.6000000000000001 0 0.6000000000000001 0.8 0 0.6000000000000001 0 0.4 0.8 9.200000000000001 0.4 1 0 0 1.2000000000000002 0 0 0 0 0 0 0 0 0 0 0 0.2 0 0 0 0 0 0 0 0 0 0 7.4 6.4 0 8.4 0 2.8000000000000003 5.800000000000001 1.6 1.8 4.6000000000000005 9.600000000000001 3.6 0 8.6 0 0.4 0 0 7.4 0 3.6 0 3.8000000000000003 0 0 1 3 2.2 0 0 0 3.8000000000000003 1.4000000000000001 3.8000000000000003 0 2 0 0 0 0 0 0 0 0 0 0 0 2.4000000000000004 0 0 0 0 0 2 0 0 0 0 0 0 0 0 0 0 0 0 0 0 0.2 0 0 0 0 0.8 0 0 0 0 0 8 2.4000000000000004 1.2000000000000002 2 0 5 1.8 0.2 2.8000000000000003 6.2 0.6000000000000001 0.2 2.8000000000000003 10.600000000000001 3.8000000000000003 3.8000000000000003 4.2 3 0 0 2 0 0 0 0 0 0.4 1.8 0 0 0 0 6 3.8000000000000003 2.2 0 0 0 0 5.2 0 0 0 0 0 0 0 0 0 0 0 0 0 0 0 0 0 0 0 0 0 0 0.6000000000000001 0 0 0 0 0 0 0 0 0 0 0 1 0 0.8 0.4 1.8 2.6 8.8 0 0 0 0 0 0 0 0 0 0 0 0 0 0 0 0 0 0 0 0 2.8000000000000003 0 0 0 0 0 0 0 0 
 0.6000000000000001 0.6000000000000001 1.8 1.8 1.2000000000000002 0.6000000000000001 0.6000000000000001 0.6000000000000001 0.6000000000000001 0.6000000000000001 0.8 0.6000000000000001 1.2000000000000002 0.6000000000000001 0.6000000000000001 0.6000000000000001 0.8 1.2000000000000002 0.8 0.6000000000000001 23.8 14.200000000000001 11.4 57 80.80000000000001 33 22.400000000000002 68.2 24.400000000000002 51.400000000000006 0 71.8 24.200000000000003 9.600000000000001 16.8 35.2 19.200000000000003 37 61.2 25.200000000000003 13.600000000000001 0.6000000000000001 0.6000000000000001 0 0 0 42.6 0 2 0 0 0 0 7.4 1 1.4000000000000001 1.8 0 0.6000000000000001 65.60000000000001 0 0 0 0.4 0.4 0 0.6000000000000001 0 0 0.4 0 0.6000000000000001 0.8 0 0.2 1.2000000000000002 0 0 0 0.4 0 0 0 0 0 0 0 0.2 0 0 0 0 0 0 0.2 0 0 0 1.6 0 0 0.6000000000000001 1.6 0.6000000000000001 3 7.6000000000000005 3.2 7.6000000000000005 0 1.8 11.200000000000001 7.2 0 2.8000000000000003 2.2 4.4 0 3.4000000000000004 0 2.6 0 0.4 0 0 0 0 2.2 2 2.4000000000000004 0 0 0 6.6000000000000005 0 0.4 0 1.6 2 2 7 0 0 0 0 0 0 0 0 0 0 0 0 0 0 0 0 0 0 0 0.4 0 0 0 0 0 0 0 0 0 2 0 0 0 0 0.6000000000000001 0 0 0 0 0 1.4000000000000001 0.2 0.4 0 1.6 0.4 0 0.8 4.2 1.6 4.800000000000001 2.6 0.2 2.8000000000000003 0 0 2.8000000000000003 1.6 0 0 7.2 0 2.2 0 0 0 4.2 2 5.800000000000001 0.2 0.2 0 6.6000000000000005 2 0 0 0 0 6.4 2 0 0 0 0 0 0 0 0 0 0 0 0 5.6000000000000005 0 0 0 0 0 0 0 0 0 0 0 0 0 0 0 0 0 0 0 0 0 1.2000000000000002 0 0 18.400000000000002 0.2 0.4 0.4 4.4 0 0 0 0 0 0 0 0 0 0 0 0 0 0 0 0 0 0 0 2.8000000000000003 0 0 0 0 0 0 0 0 
 0.4 0 0.4 0.2 0.4 0 0 0.4 0 0 0.4 0.4 0.6000000000000001 0.4 0 0.2 0.4 0 0.6000000000000001 0 21.6 4.4 27.6 72.4 25.400000000000002 50.400000000000006 21.6 7.4 16.400000000000002 25.8 71.8 0 7.800000000000001 16.2 35.800000000000004 17.2 46.800000000000004 33.800000000000004 11.4 9.8 25 0.6000000000000001 0.8 0 0 0 1.2000000000000002 0.6000000000000001 0.4 0 0 0.4 8.4 19.8 0.2 0.4 0.6000000000000001 0 0.8 13.4 0 0 1 0.4 0.6000000000000001 0 0.6000000000000001 0 0.4 0 0 0 0.4 0 0.2 0.6000000000000001 0.6000000000000001 0 0 0.6000000000000001 0 1 0 0 0 0 0 0 0.2 0 0 3.8000000000000003 0 0 0 0 0 0 0 0 2 0 0 0 9.4 2 0 2.8000000000000003 0 0 3.6 6.2 0 0 0 0.2 2.2 2 0 0 0.6000000000000001 5.4 0 0 0 0 2.2 3.2 0 2.4000000000000004 0 0 3.4000000000000004 2.4000000000000004 6.800000000000001 2.4000000000000004 1.2000000000000002 0.4 2.2 1.8 0 0 0 0 0 0 0.2 0 3.8000000000000003 0 0 0 0 0 1.2000000000000002 0 0 0 0 0 0 0.2 0 0 0 0 0 0 0 2.6 0 0.6000000000000001 0 0 0 0 0 0 0 0 0 0 0 0 6 2.4000000000000004 0 1.8 2.2 0 0 4 3.2 2 0 2 0 3.6 0 0 5 0 0 0 1.2000000000000002 0 2.8000000000000003 1.2000000000000002 2 1.6 0 3 0.2 0.2 0 0 0 0 4.4 3.6 0 0 0 0 0 0 0 0 0 0.4 0 0 0 0.4 0 0 0 0 0 0 0 0 0 0 0 0.4 0 0 0 0 0 0 0 0 2.4000000000000004 0 0.6000000000000001 14.8 1 0.4 0.6000000000000001 0.2 0 0 0 0 0 0 0.2 0 0 0 0 0 0 0 0 0 0 0 0 3.6 0 0 0 0 0 0 0 0 
