 0 38.800000000000004 22.8 15 7.2 7.2 38.2 53 25.6 5.6000000000000005 7.4 9.600000000000001 8.8 53.6 29.8 19 25.6 25.400000000000002 60 4.6000000000000005 0.4 0 0 0 0 0 0.6000000000000001 0.2 0.6000000000000001 0 0.6000000000000001 0.6000000000000001 0.4 0 0 0 0 0 0 0.4 0.4 0 0.4 0.6000000000000001 1 0.4 0 0.6000000000000001 0.6000000000000001 0 0 0.4 12.200000000000001 0.6000000000000001 2.2 0.6000000000000001 0.4 0 0 0 0 0 0 0 0 0.2 0 0 0 0.8 0.6000000000000001 0 0 0 0 0 0 0.4 0 0 6 2.6 2.6 0 0 0 2 3.8000000000000003 4.2 2.6 3 0 4 1.6 2.2 6.6000000000000005 2.8000000000000003 6 2.6 2.6 0 0 0 0 0 0 0 0 0 0 0 0 0.4 0 0 0 0 0 0 0 0 0 0 0 0 0 0 0 0 0 0 0 0 0 0 0 0 0 0 0 0 0 0 0 0 0 0 0 0 0 0 0 0 0 0 0 0 0 0 0 2 0 1.6 3.8000000000000003 2.2 4.2 7.6000000000000005 5.6000000000000005 4 2.4000000000000004 5.2 0 4.6000000000000005 8.200000000000001 0.4 0.2 11.4 3.2 3.8000000000000003 5 0 0 0 0 0 0 0 0 0 0 0 0 0 0 0 0 0 0 0 0 0 3 0 0 0 0 0 0 0 0 0 0 0 0 0 0 0 0 0 0 2.8000000000000003 0 0 0 0 0 0 0 0 0 0 0 0 0 0 0 0 0 0 0 0 0.2 0 0 0 0 0 0.2 3.6 0.4 0.2 2.6 0 0 0 0 0 0 0 0 0 0 0 0 0 0 0 0 0 0 0 0 0 0 0 0 0 0 0 0 0 0 0 0 0 0 0 0 0 0 
 38.800000000000004 0 66 85 23.8 24.6 20.8 41.6 10.4 52.800000000000004 7.4 48 10.4 31.6 48.400000000000006 119.80000000000001 23 46 16.8 40.6 0.2 0 0 0.8 0.6000000000000001 0 0 0 0 0.4 0.4 0.6000000000000001 0.4 0 0 0 0.6000000000000001 1.2000000000000002 0 14.4 0 0 0 0.6000000000000001 1.4000000000000001 0 0 1 1.2000000000000002 0.6000000000000001 0.6000000000000001 1 0 1.8 0.8 0.4 0.4 0.4 0 0.8 0.6000000000000001 0 0 0.4 0 0.6000000000000001 0.2 0 0.6000000000000001 0.4 0.2 0 0 6.4 0 0 0 0.6000000000000001 0 0 4.4 2 2 2 2.2 2 5.800000000000001 0 3.8000000000000003 4.800000000000001 3.6 6 3 1.2000000000000002 1.4000000000000001 0.8 0.2 1.8 4.6000000000000005 4.4 0 0 0 0 0 0 0 0 0 0 0 0 0 0 0 0 0 0 0 0 2.4000000000000004 0 0 0 0 0 0.4 0.2 0.4 0 0.4 0 0.2 0.2 0 0.2 0.4 0 0 0 0 0.6000000000000001 0 0 0 0 0 0 0 0 0 0 0 0 0 0 0 0 0 0 0 4.800000000000001 0 8.200000000000001 0 2.8000000000000003 6.2 4.6000000000000005 3.4000000000000004 3 3.6 0 2.8000000000000003 6.2 2.2 1.4000000000000001 4.6000000000000005 8.8 2.4000000000000004 4.2 0 0 0.2 0 0 0 2.2 0 0 0 0 0 0 0 0 0 0 0 0 0.2 0 0 0 0 0 0 0 0 0 0 0 0 0 0 0 0 0 0 0 0 0 0 0 0 0 0 0 0 0 0 0 0 0 0 0 0 0 0 0 0 0 5.6000000000000005 0 0 0 0 0 0.4 0.4 1.4000000000000001 0.4 2 2.8000000000000003 0 0 0 0 0 0 0 0 0 0 0 0 0 0 0 0 0 0 0 0 0 0 1.8 0 0 0 0 0 0 0 2 0 0 0 0 0 0 
 22.8 66 0 98.4 36.800000000000004 7.800000000000001 17.2 37 102 65.8 26 28 57.2 13.200000000000001 48.400000000000006 8.200000000000001 12.600000000000001 12.200000000000001 75.8 24.8 0.4 0 0 0 0.2 0 0 0.2 0 0 0.6000000000000001 0 15.200000000000001 0 0 0 0 0 10.4 15.200000000000001 0 3.4000000000000004 0 2.2 0.8 0 0 0.6000000000000001 0.6000000000000001 0 0 0.4 0 0.6000000000000001 0 0.2 0.4 0 0 0 0 0 0 0 0 0 0 0 0 11.4 0.6000000000000001 10.200000000000001 0 0 0 0 0 0.6000000000000001 0 0 5.6000000000000005 0.2 2.8000000000000003 4.2 0 4.800000000000001 0 1.4000000000000001 1.6 6.4 6.6000000000000005 0.6000000000000001 2.6 0.8 6 8.6 5.800000000000001 14.200000000000001 2 0.2 0 1 0 0 0 0 12 0 0 0 0 0 0.2 0 3.2 0 0 0 1.8 3.4000000000000004 0 0 0 0 0 0 0 0 0 0 0.4 0 0 1.6 0 0 0 0 0 0 0 0 0 0 0.2 0.2 0 0 0 0 0 0 0 0 0 1.4000000000000001 0 0 0 0 4.4 6.6000000000000005 1.8 3 0 2 0 3.8000000000000003 1.8 0.6000000000000001 10.200000000000001 1.6 0 0.4 5.4 3 1.8 4.800000000000001 0 2.4000000000000004 2.6 0 0 0 0 0 2 0 0 0.2 0 0 3 0.2 0 0 0 0 0 2 0 0 0 0 0 0 0 0 4.6000000000000005 0.2 0 0.4 0 0 0 0 0 0 0 0 0 3.2 0 0 0 0 0 0 0.4 0 0 0 0 0 0 0 0 0 0 0 0 0 0 0 0 0.4 35.800000000000004 0.4 17.6 0 2 2 0 0 0 0 0 0 0 0 0 0 0 0 0 0 0 0 0 0 0 0 0 0 0 0 2.2 2.8000000000000003 0 0 0 0 0 0 0 0 0 0 0 0 
 15 85 98.4 0 69.4 119.2 18.8 28.400000000000002 37.800000000000004 71.60000000000001 12.600000000000001 58.2 7 40.6 18.6 56.400000000000006 66.8 45.6 58.2 14.600000000000001 17.2 1 0 0 2.2 0 15.4 0.6000000000000001 1 0 1.2000000000000002 0 36.6 0.4 0 0.6000000000000001 0 0.6000000000000001 15 32.4 0.4 6.2 0.4 0.6000000000000001 0.8 0.8 0 0.6000000000000001 1.4000000000000001 0.4 0 0.8 0 1.2000000000000002 0 0.6000000000000001 0.4 0 0.4 0 0 0 0 0 0 0 0 0 0 0 0.6000000000000001 2.4000000000000004 0 0.4 0.4 0.2 0 0.2 0 0 0 3.6 5.4 3.8000000000000003 1.8 8.6 2 3 0 0 6.2 0 0 0 0 6.4 0 4.4 0 0 3.6 2 0 0 0 0 0 1.4000000000000001 0.2 0 0 2 0 2.4000000000000004 0 0.2 0 0 0.2 15.600000000000001 0 0 0 0 0 0 0 0 0 0 0 0 0 0 0 0 0 0 0 0 0 0 0 0 0 0 0 0 0 0 0 0 0 0 0 2.6 0 0 0 0 0 0 0 0 4.2 4.4 0 4.4 0.4 9.200000000000001 0 11.8 0 0 0 0 0 5 0.2 0.4 7.2 0.2 0 0.4 0 0 6.6000000000000005 0 0 0 0 0 0.2 0 0 0 0 0 0 3.2 0 0 0 0 0 0 0 0 0 0 0 0 0 0 0 3 0 0 0 0 0 0 0 0 0 0.4 0 0 0 0 0 0 0 0.2 0 0 0 0 0 0 0 0 0 0 0 0 4.6000000000000005 0 0.4 27.200000000000003 0.6000000000000001 3 0 0 0.4 0 0 0 0 0 0 0 0 0 0 0 0 0 0 0 0 0 0 0 0 0 0 5.6000000000000005 0 0 0 0 0 0 0 0 0 0 0 0 
 7.2 23.8 36.800000000000004 69.4 0 15.8 10.200000000000001 21 88.2 39 24 8.200000000000001 14 15 31.6 53 25.8 8.8 18.2 6.6000000000000005 0.4 15 12.200000000000001 0.4 0 0 14.600000000000001 14.8 12 0 0.6000000000000001 0 18 14.600000000000001 1 4.4 14.8 0.4 29 25.200000000000003 0 0.8 12.600000000000001 0.6000000000000001 1.4000000000000001 0 0 0.6000000000000001 0.6000000000000001 0 0.4 0.4 0 0.6000000000000001 0 0 0.4 0 0 0 0.2 0.2 1.2000000000000002 0 0.4 0 0 0.4 0 0 0.6000000000000001 9 0.2 0 0.6000000000000001 0 0 0.4 0 0 0 5 2 4.6000000000000005 2.2 4.6000000000000005 0.2 5.2 0.2 6.2 4.800000000000001 1.2000000000000002 0 0 0.2 0 0 3.4000000000000004 0 0 7 7.2 0 0 0 0 0.2 0.4 1.8 4 1 0.8 0 3.8000000000000003 4.2 0.2 0 3.8000000000000003 4.800000000000001 3 0 0 0 0 0 0 0 0 0 0 0 0 0 0 0 0 0 0 0 0 0 0 0 0 0 0 0 0 0 0 0 0 0 0 0 0 0 0 0 0 2.8000000000000003 0 1.2000000000000002 6.4 0 2.2 0 2.8000000000000003 0 0 0.4 0 0 0 3.4000000000000004 0 0.2 6.4 0 0 0 0 0.4 0 0 0 0 1.8 0.2 3.2 0 0 3.6 0 0 3.8000000000000003 2 1.8 0.2 0 0 0 0 0 0 0 0 0 0 0 0 0 0 0 0 0 0 0 0 0 0 0 0 0 0 0 0 0 0 0 0 0 0 0 0 0 0 0 0 0 0 0 0 0 0 1 10.200000000000001 0 20.8 0.6000000000000001 1.8 1.2000000000000002 0 0 0 0 0 0 0 0 0 0 0 0 0 0 0 0 0 0 0 0 0 0 0 0 0.8 0 0 0 0 0 0 0 0 0 0 0 0 0 
 7.2 24.6 7.800000000000001 119.2 15.8 0 13.200000000000001 7 6.4 33.4 62.6 46 7.4 53.2 38.6 60.400000000000006 28.6 36.800000000000004 21.6 13.8 7 0.2 15.200000000000001 0 0 0 33.2 30.8 0.2 0 1 18.400000000000002 17 0.6000000000000001 10.600000000000001 14.8 0 12.8 7 0.6000000000000001 1.2000000000000002 0 0 0.6000000000000001 0.8 0 0.6000000000000001 0.6000000000000001 0.6000000000000001 0 0 0.4 0 0.6000000000000001 0 1 0.4 0 0 0 1.4000000000000001 0 0 0 0 0 0.2 0 0.6000000000000001 0 0.6000000000000001 1.4000000000000001 0 0 0 0 0 0.6000000000000001 0 0 0 2.2 0 0 4.6000000000000005 5.800000000000001 0 0 0 0 0 8.8 0 0 0 0 2.2 0 0 3.2 0.2 3.4000000000000004 0.2 4.6000000000000005 0 0 3.6 0 0 3 0 0.2 5.2 1.8 4 0 3.6 0 3 6.4 0 0 0 0 0 0.2 0 0 0 0 0 0 0 0 0 0 0 0 3 0 0 0 0 0 0 0 0 0 0 0 0 0 0 0 0 2.6 0 2.2 0 0 0 0 0 1.8 4.800000000000001 0.2 2.4000000000000004 0 2.2 6.800000000000001 0 12 0 0 0 0 2 5.4 0 0 5 3.8000000000000003 2.2 2 1.6 0 4.4 1.6 0 7.6000000000000005 0 0 1.4000000000000001 4.800000000000001 2.8000000000000003 2 3.8000000000000003 2.8000000000000003 4.4 5.2 0 0 0 0 0 0 0 0 0 0 0 0 0 0 0 0 0 0 0 0 0 0 0 0 0 0 0 0 0 0 0 0 0 0 0 0 0 0 0 0 0 0 0 0 0 0.4 17.8 0 0.2 1 0 2 2.6 0 0 0 0 0 0 0 0.4 0 14.8 0 0 0 0 0 0 0 0 0 0 0 0 0 0 0.2 0 0 0 0 0 0 0 0 0 0 0 0 
 38.2 20.8 17.2 18.8 10.200000000000001 13.200000000000001 0 92.80000000000001 28.8 29.200000000000003 27.200000000000003 8 47.2 76.60000000000001 52.6 7 42.2 20.6 54 20.200000000000003 0.4 0.2 0 0 0 0 0 0.2 0 0 0.6000000000000001 0 0.4 0 0 0 0 0.6000000000000001 0 0 0 0 0.2 0.6000000000000001 0.8 0.4 0 0.6000000000000001 0.6000000000000001 0 0 0.4 0 0.6000000000000001 0.4 0 0.4 0 0 0 1.2000000000000002 0 0 0.4 0 0 0 0 0 2 0.4 0 0 0 0 0 0 0.6000000000000001 0 0 0 0.6000000000000001 1.4000000000000001 2 0 0.4 5.4 1.8 1.6 7.800000000000001 3.2 0 3.6 7.4 5.4 9.4 6 4.6000000000000005 2.2 0 0.2 0 0 0 0 0 0 0 0 0 0 0 6.2 0 0 0 0 0 0.6000000000000001 0 0 0 0 0 0 0.2 0 0 0 0 0 0 0 0 0.4 0 0 0 2 0 0 0 0 0 0 0 0 0 0 0 0 0 0 0 0 0 0 0 0.2 0 4.4 0 0 3.6 0.2 2.8000000000000003 0.8 0 2.6 2.8000000000000003 2.2 0.8 4.800000000000001 0 7.4 12.600000000000001 2.6 0 1.4000000000000001 13 0 0 0 0 0 0 0 0 0 0 0 0 0 0 0 0 0 0 3.8000000000000003 0.2 0 0 0 0 0 0 0 0 0 2.8000000000000003 0 0 0 0 0 0 0 0.4 0 0 0 0 0 0 0 0 0 0 0 0 0 0.2 0 0 0 0 0 0 0 0 0 0 0 0 0 0 0 0.4 17.6 8.6 0.2 2.4000000000000004 0 0 0 0 0 0 0 0 0 0 0 0 0 0 0 0 0 0 0 0 0 0 0 11 0 0 0 0 0 0 0 0 0 0 0 0 0 0 
 53 41.6 37 28.400000000000002 21 7 92.80000000000001 0 38.2 26 8.8 7.4 48.800000000000004 24.400000000000002 29.6 50.800000000000004 17.2 11 38 26 0.2 0 0 0 0 0 0 0 0 0 0.4 0 0.4 0 0 0 0 0 0 0.4 0 0 0 0.6000000000000001 0.8 0 0 0.6000000000000001 0.6000000000000001 0 0 0.4 0 0.6000000000000001 0 0 0.4 0.2 0 0 2 0 0 0 0 0 0 0 0 2 0.4 0.2 0 0 0 0 0 0.6000000000000001 0 0 7.4 0 2 6.2 0 0 2 0 2 1.6 0.2 0 7.2 26.400000000000002 2.6 5.2 2 5.800000000000001 6 0 0 0 0 0 0 0 0 0 0 3.8000000000000003 0 0 5.2 2.6 0 0 0 0 2.8000000000000003 0 0 0 0 0 0 0 0 0 0 0 0 0 0 0 0 0 0 0 0 0 0 0 0 0 0 0 0 0 0 0 0 0 0 0 0 0 0 0 0 0 0 2.2 8.200000000000001 10.8 1.6 2.8000000000000003 3.6 2.8000000000000003 4.4 0 5.800000000000001 2 5.2 4.2 2.2 5 4.6000000000000005 5.4 3.8000000000000003 7.800000000000001 0 0 0 0 0 0 0 0 0 0 0 0 0 0 0 0 0 0 0 0 0 0 0 0 0 0 0 0 0 0 0 0 0 0 0 0 0 0 0 0 0 0 0 0 0 0 0 0 0 0 0 0 0 0 0 0 0 0 0 0 0 0 0 0 0 0 0.4 0 0.2 21.6 0.4 3 0 0 0 0 0 0 0 0 0 0 0 0 0 0 0 0 0 0 0 0 0 0 0 1.6 3.2 0 0 0 0 0 0 0 0 0 0 0 0 0 
 25.6 10.4 102 37.800000000000004 88.2 6.4 28.8 38.2 0 27.200000000000003 22.400000000000002 11.600000000000001 20.6 37.800000000000004 33 34.4 9 23.400000000000002 65.4 8.4 0 0 0 0.2 0 0.4 0 0.2 0 0 0.6000000000000001 0 15.600000000000001 0 0 0 0 0 7.2 30.400000000000002 0.2 2 0 0.6000000000000001 0.6000000000000001 0 0 0.6000000000000001 0.6000000000000001 0 0 0.4 0 0.6000000000000001 0 0 0.4 0 0 0 0 0 0 0 0 0 0 0 0 0.2 0.4 0 0 0 0 0 0 0.6000000000000001 0 0 2.2 0 9.4 6.6000000000000005 0 2.6 2 7.800000000000001 3.6 3.4000000000000004 4.800000000000001 1.6 1.8 3.6 17.6 5.2 1.8 5.800000000000001 4.4 0 0 4 0 0 0 0 0.4 0 0 0 0 0 0 0 3 0 0 0 2.6 0.2 0 0 0 0 0 0 0 0 0 0 0 0 0 0 0 0 0 0 0 0.2 0 0 0 0 0 0 0 0 0 0 0 0 0 0 0 2 0 0 0 0 0 2 0 0 0 0.2 2.8000000000000003 6.2 3.6 3 3.8000000000000003 2.8000000000000003 2.8000000000000003 5.4 0.2 6.2 0 5.6000000000000005 0 6.2 0 0 0 0 0 0 4 0 0 0 0 0 3 0 0 0 0 0 0 0 0 0 0 0 0 0 0 0 0 0 0 0 0 0 0 0 0 0 0 0 0 0 0 0 0 0 0 0 0 0 0 0 0 0 0 0 0 0 0 0 0 0 0 0 0 0 18.2 0 0.2 0 0 0.4 0 0 0 0 0 0 0 0 0 0 0 0 0 0 0 0 0 0 0 0 0 0 0 0 3 4.4 0 0 0 0 0 0 0 0 0 0 0 0 
 5.6000000000000005 52.800000000000004 65.8 71.60000000000001 39 33.4 29.200000000000003 26 27.200000000000003 0 56.800000000000004 36.2 9.4 73.60000000000001 19.200000000000003 24.6 31 72 23.6 18.2 15.600000000000001 0 0 0 0 0 0 0.2 0 0 0.6000000000000001 0 0.4 0.4 15.8 0 0 0 3.6 15 0 0 0 0.6000000000000001 0.4 0 0 0.6000000000000001 0.6000000000000001 0 0 0.4 0 0.6000000000000001 0 0 0.4 0 0 0 0 0.2 0 0 0 0 0 1 2 3.6 2.6 11 0 2 0 2 2.2 0.8 0 0.4 0.4 0 5.6000000000000005 0.4 3.8000000000000003 0 0 2.6 0 2.4000000000000004 1.6 2.2 0.4 0 4.800000000000001 5.4 5.6000000000000005 3.4000000000000004 3.6 0 0 0 0 0 0 0 1.4000000000000001 4.6000000000000005 0 1.6 2.4000000000000004 0.6000000000000001 0 4.2 1.8 0 0 0 0.6000000000000001 0 0 0 0 0 0 0 0 0 0 0 0 0 0 0.4 0 0 0 0 2.8000000000000003 0 3.4000000000000004 0 0.2 0 0 0 0 0 0 0 0 0 0 0 0 0 3.2 0 0 0 0.4 0.6000000000000001 0.4 3 8 0 0 4.2 5.4 5.6000000000000005 4.4 3.8000000000000003 0 0 4.6000000000000005 6.6000000000000005 5.6000000000000005 0 0 2.2 0 0 1 0 0 0 0 0 0 0.4 0 0 0 0 0 0 0 0 3.2 0 0 0 0 0 0 0 0 0 0 0.2 0 0 0 0 0 0 0 0 0 0 0.4 0 0 0 0 0 0 0 0 0 0 0 0 0 0 0 0 0 0 0 0 0 0 0 0 0.4 0 0.2 0.4 0 1.2000000000000002 2.2 0 0.2 0 0 0 0 0 0 0 0 0 0 0 0 0 0 0 0 0 0 0 0.4 0 2 0 0 0 0 0 0 0 0 0 0 0 0 0 0 
 7.4 7.4 26 12.600000000000001 24 62.6 27.200000000000003 8.8 22.400000000000002 56.800000000000004 0 78.60000000000001 42.400000000000006 31 76 17 49.6 9.200000000000001 5.6000000000000005 30.400000000000002 0.4 14.600000000000001 0.4 1.2000000000000002 0 0 15.4 0.6000000000000001 29 0 0.6000000000000001 0 0.4 0 0.2 1 0 0.6000000000000001 14.8 7.6000000000000005 0 1.2000000000000002 0 0.6000000000000001 0.8 0 0 0.6000000000000001 2.6 0 0 0.4 0 0.6000000000000001 0.4 6.6000000000000005 0.8 0 0 0 1.4000000000000001 0 0 0.4 0 0 0 0.2 0 2 0.6000000000000001 10.200000000000001 0 0.6000000000000001 0 0 0 0.6000000000000001 0.2 0 0 2 0 2 2.4000000000000004 0.2 0 2.2 0 8.4 5.6000000000000005 0.6000000000000001 0 3.4000000000000004 0 0.2 3.2 3.4000000000000004 0 0 0 0 0 0 0 0 2.4000000000000004 1.2000000000000002 0 0 2.6 0 5.800000000000001 4.800000000000001 2.8000000000000003 0 0 0 1 0 0 0 0 0 0 0 0 0 0 0 0.4 0 0 0 0 0 0 0 9 0 0 0 0 0 0 0.2 0 0 0 0 0 0 0 0 0 0 0 0 0 0 4.6000000000000005 0 0.8 9.4 3 3.2 2.4000000000000004 0 0 0 2.4000000000000004 3.4000000000000004 0 0 3.8000000000000003 3 0.6000000000000001 0 0 0.8 0 0 0 0 0 0 0 0 0 0 0 0 2.8000000000000003 0 0 0 0 0 2.2 1.6 0 0 0 0 0 0 0 0 0 0 1.2000000000000002 0.4 0 0 0 0 0 0 0 0 0 0 0 0 0 0 0 0 0.4 0 0 0 0 0 0 1.4000000000000001 0 0 0 0 0 0 0 0 0 0.6000000000000001 0.6000000000000001 0 17.8 0 2 1.6 0.2 0 0.4 0 0 0 0 0 0 0 0 0 0 0 0 0 0 0 0 0 0 0 0 2.8000000000000003 1.4000000000000001 0 0 0 0 0 0 0 0 0 0 0 0 0 
 9.600000000000001 48 28 58.2 8.200000000000001 46 8 7.4 11.600000000000001 36.2 78.60000000000001 0 6.800000000000001 35 115.2 27.8 22.6 66.2 5 53.400000000000006 7.4 0 0 0.2 0 0 0.2 0 0 0 0.4 0 0.4 0.4 3.6 0 0 13.8 14.600000000000001 0.2 0 0 0 0.6000000000000001 0.6000000000000001 0 0 0.6000000000000001 0.6000000000000001 0 0 0.4 0 3.8000000000000003 0 0 0.4 0 0 0 1.6 1.4000000000000001 0 0 0 0 0 0 0 0 0.4 10.200000000000001 0 0 0 0 0 0.6000000000000001 0 0 0 2.2 5.2 0 2.4000000000000004 2.4000000000000004 3 7.4 3.4000000000000004 0 7.6000000000000005 11.8 0.2 0.2 2.8000000000000003 2.4000000000000004 0.4 3.6 2.8000000000000003 0.2 0 0 2.6 0 0 0.2 3.4000000000000004 2.6 0 0 0 2.6 0.2 3 3.6 0 0 0 0 0.6000000000000001 0 0 0 0 0 0 1.4000000000000001 0 0 0 0 0 0 0 0 0 0.2 0 4.6000000000000005 1.4000000000000001 0 0 0 0.2 0 0 0.4 0 0 0 0 0 0 0 1.8 0.8 0 0 0 0 0 3.2 3 5.6000000000000005 15.200000000000001 2.8000000000000003 2.6 0.4 0.6000000000000001 5.4 4.2 8 0 3.8000000000000003 2.4000000000000004 1.8 0.2 0 0 0 3.4000000000000004 0 0 0 0 0 5.4 0 0 0.6000000000000001 0 0 0 0 0 0 0 0 0.8 0 0 0 0 0 3.2 0 0 0 0 0 0 0 0 0 0 5.2 0 0 0 0 0 0 0 0 0 0 0 0 0 0 0 0 0 0 0 0.4 0 0 0 0 0 0 0 0 0 0 0 0.4 0.4 0.8 2 4.4 3.4000000000000004 0 0 0 0 0 0 0 2 0 2.4000000000000004 0 0 0 0 0 0 0 0 0 0 0 0 3.8000000000000003 0 2.2 0 0 0 0 0 0 0 0 0 0 0 0 
 8.8 10.4 57.2 7 14 7.4 47.2 48.800000000000004 20.6 9.4 42.400000000000006 6.800000000000001 0 34.6 49.6 11 28 6.800000000000001 83.60000000000001 21.8 0.2 0 0.6000000000000001 0.2 0.8 0.8 0 0.6000000000000001 0 0 0.8 0 0.4 0.2 0.8 0 0 0.6000000000000001 0 0.4 11.4 2.2 0 0.6000000000000001 1.2000000000000002 0 0 1.8 0.6000000000000001 0 5.2 1.2000000000000002 0.8 0.6000000000000001 0 0 0.4 0 0 0 1 0 0 0 0 0 1.2000000000000002 0 0 3 0.6000000000000001 0 6.2 0 0 0 0 0.6000000000000001 0 0 0.2 0.2 0 1.2000000000000002 0 0 0 0.6000000000000001 0 2.8000000000000003 0.2 0 5.800000000000001 2.2 0 7.2 0 5.4 2.2 0 0 0 0 0 0 0 0 0 0 0 0 0 2.8000000000000003 0 0 0 0 0 0 0 1.4000000000000001 0 0 0 0 0 0 0 0 0 0 0 0 0.2 0 0 0 0 0.2 0 0 0 0.2 0 0 0 0 0 0 0 0.2 0 0 0 0.2 0 0 0 0 0 0.4 5 1 0 0 0 0 0 0.2 0.2 0.4 1.6 2.2 0 6.6000000000000005 2.8000000000000003 1.4000000000000001 0 0 2.4000000000000004 0 0 0 0 0.2 1 0 0 0 0 0 0 0 0.4 0 2 0 0 0 0 0 0 0 0 0.4 0 0 0 0 0 0 0 0 0 0 0 0.2 0 0 0 0 0 0 0 0 0 0 0 0 0 0 0 0 0.2 0 0 0 0 0 0 0 0 0 0 0 0 0.4 0 0.4 0.4 0 1.6 0 0.4 0 0 0 0 0 0 0 0 0 0 0 0 0 0 0 0 0 0 0 0 0 3.2 0 0 0 0 0 0 0 0 0 0 0 0 0 0 
 53.6 31.6 13.200000000000001 40.6 15 53.2 76.60000000000001 24.400000000000002 37.800000000000004 73.60000000000001 31 35 34.6 0 18.8 72.4 30.200000000000003 82.80000000000001 63.400000000000006 31.400000000000002 0.6000000000000001 0 0 0 0 0 15 0.8 0 0 0.6000000000000001 0 0.4 0 0 0 0.4 0.2 0.4 0 0 0.4 0 0.6000000000000001 1 0 0 0.6000000000000001 0.6000000000000001 1.6 0 0.4 0 1.6 0.8 0.4 1 0 0 0.4 1 0.6000000000000001 0 0 0 0.4 0 0 0.6000000000000001 0.2 0.6000000000000001 1.8 0 0 0.6000000000000001 0 1 3.4000000000000004 0 0.6000000000000001 2.8000000000000003 2 2.4000000000000004 0.2 0 0 8 4 5.4 0.2 0 2.6 0 7.2 8.200000000000001 9 2.6 0.2 0 0 0 0 0 0 0 0 0 0 0 0 0 0 2.8000000000000003 0 0 0 0 0 0 0.2 0 0 0 0 0 0 0 0 0 0 0 0 0 0 0 0 0 0 12 0 3.4000000000000004 0 0 0 0.2 0 0 0 0 0 0 0 0 0 0 0 0 0 0 0 0 3.6 3.2 3.6 3.6 2.6 4.4 4.2 0 0 1.8 1.2000000000000002 2.2 7 5 13 0 3 0 10.4 0 0 0 0 0 0 0 0 0 0 0 0.2 0 0 0 0 0 0 2 0 0 0 0 0 0 0 0 0 0 0 0 0 0 0 0 2.2 0 0 0 0 0 0 0 0 0 0 0 0 0 0 0 0 0 0 0 0 0 0 0 0 0 0 0 0 0 0 0 0 0.8 20.400000000000002 0 2.4000000000000004 0 0 0 0 0 0 0 0 0 0 0.4 0 0 0 0 0 0 0 0 0 0 0 0 1.6 0 0 0 0 0 0 0 0 0 0 0 0 0 0 
 29.8 48.400000000000006 48.400000000000006 18.6 31.6 38.6 52.6 29.6 33 19.200000000000003 76 115.2 49.6 18.8 0 41.6 49.2 34.6 40.400000000000006 38.6 1.2000000000000002 0 0.2 4.800000000000001 0 14.200000000000001 0 0.2 0 0 0.6000000000000001 0 0.6000000000000001 0 0 0 0 0 0 0.6000000000000001 0 0 0 0.6000000000000001 0.4 0 0 0.6000000000000001 0.6000000000000001 0 0 0.4 0 0.6000000000000001 3.6 4.800000000000001 13.4 0 11.8 0 1.2000000000000002 0 0 0 0 0 0 0 0 0 0.6000000000000001 0.6000000000000001 0 0 0 0 0 0.6000000000000001 0.2 0 3.2 5.6000000000000005 0 4.4 2.4000000000000004 3.8000000000000003 4.2 2.4000000000000004 2.8000000000000003 5.4 9 2.8000000000000003 2.2 7.4 1.4000000000000001 5 1.8 6.2 2.4000000000000004 0.2 0 0.2 0 0 0 0 0 0.2 0 0 0 0 0 0.4 0 0 0 0 3.4000000000000004 0 0 0 0 0 0 0 0 0 0 0.2 0 0 0 0 0 0 0 0 5 0 0 1 0 0 0 0 0 0.2 0.4 0 0 0 0 0 0 0 4.2 0 0 0 3.2 0.2 1.4000000000000001 1.2000000000000002 6.800000000000001 4.6000000000000005 9.600000000000001 3.2 3.4000000000000004 6.2 6.4 0 4 0.2 2.6 5.2 3.4000000000000004 3.2 11.8 6.800000000000001 0 0 0 0 0 0 4 0 0 0 0 0 0 0 0 0 0 0 0 0 0 0 0.4 0 0 0 0 0 0 0 0 0 0 0 0.2 0 0 0 0 0 0 0 0 0 0 0 0 0.2 0 0 0 0 0 0 0.2 0 0 0 0 0 0 0.6000000000000001 0 0 0 0.8 0 0 9.600000000000001 1 0 2.6 5 0 0 0 0 0.2 0 3.2 0 0 0 0 0 0 0 0 0 0 0 0 0 0 0 0.6000000000000001 3 0 0 0 0 0 0 0 0 0 0 0 0 0 
 19 119.80000000000001 8.200000000000001 56.400000000000006 53 60.400000000000006 7 50.800000000000004 34.4 24.6 17 27.8 11 72.4 41.6 0 33.800000000000004 53.400000000000006 26.400000000000002 31 14.8 0 0 0 0 0 14.8 0.2 0.2 0 0.6000000000000001 0 15.200000000000001 0 0 0 0 0 0 1.4000000000000001 0 0 0 0.6000000000000001 0.8 0 0 0.6000000000000001 0.6000000000000001 0 0 0.4 0 1.2000000000000002 0 0 0.4 0 0 0 0 0 0 0 0 0 0 0 0 0 0.6000000000000001 1 0 0 0 0 0 0.6000000000000001 0 0 1.6 2.8000000000000003 2.2 3.8000000000000003 2.2 3 5.4 0.2 5.2 0.2 1.4000000000000001 2.4000000000000004 2.6 1.8 5.6000000000000005 3.2 0 2 0 5.800000000000001 0 0 0 0 0 0 0.2 1.4000000000000001 0 0 0 0 0 0 0 0 0 0 0.2 2 0 0 0 0 0 0 0 0 0 0 0 0 0 0 0 0 0 0.2 2.4000000000000004 0 0 2.4000000000000004 0 0 0 0 0 0 0 0 0.4 0 0 0 0 0 0.4 0 0 0 0 1.8 0.2 1.2000000000000002 0 1.8 6 2.2 2 2.8000000000000003 0 0 2.8000000000000003 4.4 3 2.8000000000000003 2.8000000000000003 8.200000000000001 2.2 12 2 0 0 0 0 0 2.8000000000000003 0 0 0 0 0 0 4 0 0 0 0 0 2.6 0 0 0 0 0 0 0 0.2 0 0 0 0 0 0 0 0 0 0 0 0 0 0 0 0 0 0 0 0 0 0 0 0 0 0 0 0 0 0 0 0 0 2.6 0 0 0 0 0 0 0.6000000000000001 27.200000000000003 0.2 2.8000000000000003 0.2 0 0 0 0 0 0 0 0 0 3.4000000000000004 0 0 0 0 0 0 0 0 0 0 0 0 2 0 0 0 0 0 0 0 0 0 0 0 0 0 0 
 25.6 23 12.600000000000001 66.8 25.8 28.6 42.2 17.2 9 31 49.6 22.6 28 30.200000000000003 49.2 33.800000000000004 0 38.2 8.8 50.400000000000006 0.2 0 0 15.200000000000001 0 0 0 18.400000000000002 0.6000000000000001 0 0.8 0 16.400000000000002 0.4 0.6000000000000001 0 0 0.8 0 17.400000000000002 0 1 0.4 0.6000000000000001 1.2000000000000002 0 0 1 1 0 12.4 1.2000000000000002 0 1 6.4 0.2 1 0 0 0 0.8 0 0 0 0 0 0 0 0 0 0.2 1.8 0 0 0 0.2 0 1 0.6000000000000001 0 0.4 3.8000000000000003 2.8000000000000003 5 0.4 2 0 3.8000000000000003 3.6 0.4 0 3 0 0.4 0.2 0.2 3.2 0.8 0 0.2 1.6 0 0 0 0 0 0 0 0 0 0 0 0 2.2 0 0 0 0 3 6.2 0 0 0 0 0 0 0 0 0 0 0 0 0 0 0 2.8000000000000003 0 0 6 0 0 0 0.4 0 0 0 0 0 0 0 0 0 0 0 0 0 0 0 0 0 0.2 0 3 4.6000000000000005 5.800000000000001 3.2 0.4 2.4000000000000004 0.2 0 2.8000000000000003 0 0 0.2 5.2 2.6 2.2 3.8000000000000003 0 0.2 0 0 2.8000000000000003 0 0.2 0.4 0 0.4 0 0 0 0 0 0 0 0 0 0 4.2 2.8000000000000003 0 0 0 0 0 0 0 0 0 0 0 0 0 0 0 2.4000000000000004 0.4 0 0 0 0.2 0.4 0 0 0 0 0 0 0 0 0 0 0 0 0 0 0 0 0 0 0 0 0 0 0 0.2 17.400000000000002 0 0.6000000000000001 17.400000000000002 0 4.2 4 0.2 0 0 0 0 0 0 4.6000000000000005 0 0 0 0 0 0 0 0 0 0 0 0 0.2 0 3.6 4 0 0 0 0 0 0 0 0 0 0 0 0 0 
 25.400000000000002 46 12.200000000000001 45.6 8.8 36.800000000000004 20.6 11 23.400000000000002 72 9.200000000000001 66.2 6.800000000000001 82.80000000000001 34.6 53.400000000000006 38.2 0 6.2 8.8 0.4 0 0 0 1 0 0 0.6000000000000001 0 0 0.6000000000000001 0 0.8 0 0 0 0 0 0 0.2 0 0 0 0.6000000000000001 0.8 0 0 0.6000000000000001 0.6000000000000001 0.4 0 1.2000000000000002 0 1 0 0 0.4 0 0 0.4 1.4000000000000001 4.2 0 0 0 0 0 0 0 0 0.6000000000000001 13 0 0.6000000000000001 0 0 0 0.6000000000000001 0 0 3.4000000000000004 1.8 3.8000000000000003 3.2 2.2 3.2 2.8000000000000003 5 0 0 13.4 5.800000000000001 0 1.2000000000000002 1.8 2.2 5.2 11.200000000000001 0 2.6 0 0 0 0 0 0 0 0 0 0 0 0 0.2 0 1.6 0 0 0 3.8000000000000003 0.2 0 0 0 0 0 0 0 0 0 0 0 0.2 0 0 0 0 0 0 3.2 0 0 0 0 0 0 0.2 0 0 0 0 0 0 0 0 0 0 0 0 0 0 0 3 0.6000000000000001 6.800000000000001 5.6000000000000005 0 5.2 0 2.6 7 3.2 5.2 0 3 3.8000000000000003 9.4 4.6000000000000005 3.2 0 0 0 0 0 0 0 0 2.6 0 0 0 0 0 0 0 0 0 0 0 2.6 0.2 0 0 0 0 0 0 0 0 0 0 0 0 0 0 0 0 0 0 0 0 0 0 0 0 0 0 0 2.8000000000000003 0 0 0 0 0 0 1.4000000000000001 0 0 0 0 0 0 2.2 0 0 0 0 0 0.4 0 17.2 1.4000000000000001 1.6 2.2 0 0 0 0 0 0 0 0 0 0 0 0 0 0 0 0 0 0 0 0 0 0 0.2 2.8000000000000003 0 0 0 0 0 0 0 0 0 0 0 0 0 
 60 16.8 75.8 58.2 18.2 21.6 54 38 65.4 23.6 5.6000000000000005 5 83.60000000000001 63.400000000000006 40.400000000000006 26.400000000000002 8.8 6.2 0 38.800000000000004 0.2 0 0.6000000000000001 0 0 0 0 0.8 0 0 41.400000000000006 0 0.4 0 0.2 4 0 0.6000000000000001 0.6000000000000001 0 0.8 0.6000000000000001 0.6000000000000001 0.6000000000000001 14.600000000000001 0.4 0 0.6000000000000001 1.2000000000000002 0.2 0.6000000000000001 1 0 13.4 0.6000000000000001 0 1 0.8 0.6000000000000001 0.6000000000000001 0 0 0 0.6000000000000001 0 0.2 0 0 0 0.4 1.8 10 1 0 0 0 0 0.4 0 0 2.2 3.4000000000000004 2 0 0 0 6.4 0 7 6.6000000000000005 10.8 0 2.4000000000000004 15 2.6 9.200000000000001 2.8000000000000003 0.4 0.4 0 0 0 5.4 1.8 1.8 0 0.4 0 0 0.4 0 0 0 0 0.4 0 0 0 0 0 0 0 0 0 0 0 0 0 0 0 0 0 0 0 2.8000000000000003 0 0.4 0 0 0 0 0 0 0.4 0 0 0.2 0 0 0 0 0 0 0 0 0 0.2 0 0 0 6.4 1.2000000000000002 2 0.2 0 0 6.6000000000000005 4.800000000000001 4 3 0.6000000000000001 0 7.6000000000000005 3 0.2 1.4000000000000001 0 4.6000000000000005 5.4 7.6000000000000005 0 0.8 0 0 0 0 0 0 0 0 0 0 0 0 0 0 0 0 0 0 0 0 0 0 0 0 0 0.2 0 0 0 0 0 0.4 0 0 0 0 0 0 0 0 0 0 0 0 0 0 0 0 0 0 0 0 0 0.2 0 0 0 0 0 1.2000000000000002 0 0 0 0.2 0.8 0 0.6000000000000001 0.2 0.4 2.4000000000000004 0 0 0 0.4 0 0 0 0 0.6000000000000001 0 0 0.4 0 0.4 0 0 0 0 0 0.4 0 0 0 0 0 0 0 0 0 0 0 0 0 0 0 0 0 0 
 4.6000000000000005 40.6 24.8 14.600000000000001 6.6000000000000005 13.8 20.200000000000003 26 8.4 18.2 30.400000000000002 53.400000000000006 21.8 31.400000000000002 38.6 31 50.400000000000006 8.8 38.800000000000004 0 0.4 0 0 0 0 0 0 0 0 0 0.4 0 0.4 0 0 0 0.4 0 0 0 0.8 0 0 0.6000000000000001 0.4 0.4 0 0.6000000000000001 0.6000000000000001 0 0 0.4 0 0.6000000000000001 0 0.6000000000000001 0.4 0 0 0 1 0 0 0 0 0 0 0 0 3.2 0.4 6.800000000000001 0 0 0 0 0 0.6000000000000001 0 0 4.800000000000001 6.6000000000000005 0 0 0 0 1.2000000000000002 0 4.6000000000000005 14 0 0 0.2 6 3.2 5.2 0 0 4.2 3.2 0 0 0.2 0 0 0.4 0 0 0 3.6 0 0 2.2 0 0 0 0 0 0 0 0 0 0 0 0 0 0 0 0 0 0 0 0 0 0 0 0 0 0.8 0 0 1 0 0 0 0 0 0 0 0 0 0 0 0 0 0 0 0.4 0 0 0 3.2 0 0 0.8 0 3.6 6 0 0 0 0.8 2 0.2 2.8000000000000003 3.8000000000000003 7 0 9.200000000000001 6.2 0.2 0 0 0 0 0 0 0 0 0 0 0 0 0 0 0 0 0 0.4 0 0 0 0 0 0 0 0 0 0 0 0 0 0 0 0 0 0 1.4000000000000001 0 0 0 0 0 0 0 0 0 0 0 0 0.4 0 0 0 0 0 0 0 0 0 0 0 0 0 0.4 0 0.2 0 0 0.2 0 3.2 0 0 0 0 0 0 0 0 0 0 0 0 0 0 0 0 0 0 0 0 0 0 0 5.4 0 0 0 0 0 0 0 0 0 0 0 0 0 0 
 0.4 0.2 0.4 17.2 0.4 7 0.4 0.2 0 15.600000000000001 0.4 7.4 0.2 0.6000000000000001 1.2000000000000002 14.8 0.2 0.4 0.2 0.4 0 34.4 21.400000000000002 22 7.6000000000000005 8.4 25.400000000000002 10 7.4 7.6000000000000005 51.800000000000004 10 35 53.400000000000006 17.400000000000002 11.600000000000001 21.6 8.6 23.6 41.6 1 0 1 0.4 0.4 0 0.4 1 0.4 0.4 0 0.4 0 0.4 0.4 1.2000000000000002 0.6000000000000001 0 1 0.4 0.2 0.2 0.2 0.6000000000000001 0.4 0 0 0 0.6000000000000001 0.2 0 0 0 0 0 0.4 0 0.2 0 0.2 0 0 1.8 1.8 4 4.2 0 0 0 0 3 0 0.2 0 0 0 0 0 0 0 2.6 3 6.800000000000001 2.4000000000000004 0 0 1.2000000000000002 10 0 2.4000000000000004 1.2000000000000002 4 0 6.800000000000001 0 1.4000000000000001 4.800000000000001 0 6 6.4 0 0 0 0 0 0 0 0 0 0 0 0 0 0 0 2.8000000000000003 0 0 0 0 2.4000000000000004 0 0 0 0 0 0 0 0 0 0 0 0 0 0 0 0 0 0 0 0 1.6 0 0 0 2.8000000000000003 0 0 0 0 1.6 1 0 0 0 0 0 0 0 0 5.6000000000000005 4.2 0 1.6 0 0 10.200000000000001 3.4000000000000004 2 2.6 0 0 5 0 5.4 4 0 0 3.2 2.8000000000000003 0 0 0 0 0 0.4 1 0 0 0 0 0 0 0 0 0 0 0.2 0 12.8 0 0 0 0 0 0 0 0 0 0.4 0 0 0 0 0 0 0 0 0 0 0 0 0.2 0 0 0 0 0 0.2 3.8000000000000003 0 0 0 4.2 0.4 0 0.4 0 0 0.4 2.4000000000000004 0 0 0 0.4 0 0 0 0 0 0 0 0 0 0 0 0 0 0 0 0 2.6 0 0 0 0 0 0 0 0 
 0 0 0 1 15 0.2 0.2 0 0 0 14.600000000000001 0 0 0 0 0 0 0 0 0 34.4 0 99.4 26.8 6.800000000000001 5.4 23 54.6 58 20 22.6 20.8 24.8 30 28.200000000000003 46.2 10.4 8 25.400000000000002 18.2 0.4 1 1 0.4 0.6000000000000001 0.6000000000000001 0 1.4000000000000001 0 0 0 0.4 0.4 0 0 12.8 1.2000000000000002 0 0 0 0 0 0 0.6000000000000001 5.6000000000000005 3.8000000000000003 1.2000000000000002 0.6000000000000001 0.6000000000000001 0 0.2 0.2 0 0 0 0 0 0 0 0.6000000000000001 0 0 0 0.4 6 2.6 0 0 0 0 0 0 0 0 0 0 0 0 0 0 4.4 3.6 0 0 0 3.4000000000000004 3.6 0.2 6.4 1.4000000000000001 5.800000000000001 2.8000000000000003 4 10 5 3.6 7.2 2.6 2.4000000000000004 0 2.2 0 0.4 0 2.4000000000000004 0 1.4000000000000001 0 0 0 0 0 0 0 0 0 0 0 2.6 0 0 0 0 0.2 0 0 0 0 0 0 0 0 0 0 0 0 0 0 0 0 0 0 0 0 0 0 1 0 0 0 0 5.800000000000001 0.6000000000000001 0 0 0 0 0 0 0 0.2 3.8000000000000003 8.8 6 0 0 0.6000000000000001 11.4 7 2.8000000000000003 0.2 0 10.200000000000001 4.800000000000001 0 1.6 6.4 3.4000000000000004 3.8000000000000003 12 0 0 0 0 0 0 0 0.2 0 0.2 0 3.8000000000000003 1.2000000000000002 3 0.4 0 0 0 0.2 2.2 0.2 0 0 0 0 0 0 0 0 0 0 0 0 0 0 0 0 0 0 0 0 0 0 0 0 0 0 0 0 0 0 0 0 0 2 0.2 0 0 0.4 0 0 0.4 0 0 0 0 1.4000000000000001 0 0 0 0 0 0 0 0 0 0 0 0 0 0 0.2 0 0 0 0 0 0 0 0 
 0 0 0 0 12.200000000000001 15.200000000000001 0 0 0 0 0.4 0 0.6000000000000001 0 0.2 0 0 0 0.6000000000000001 0 21.400000000000002 99.4 0 35.6 25.8 39.2 46.6 62.2 97 52.6 38.400000000000006 24 39.6 26 18.8 65.4 26.400000000000002 83.4 8.4 25 0 0 0.6000000000000001 0.6000000000000001 0.6000000000000001 6 0 0.4 0 0 0 0 0 0 0 1 0 0 0.6000000000000001 1.2000000000000002 0 0 0 0.6000000000000001 0.4 1.2000000000000002 0 0 0.6000000000000001 0 0.2 0.4 0 0 3.2 0 0.2 0.6000000000000001 0.2 0.4 0 0 0 0.2 5.800000000000001 2.2 0 0 0 1.8 0 0.2 0 0 0 0 0 0 0 0 2.2 7.4 0 2 0 1.2000000000000002 1.8 3 16.6 0 2 1.8 3 0 7.4 0.8 0.2 0 5 3.4000000000000004 0 0 0.2 0 0 0 0 3.8000000000000003 0 0 0 0 3 0 0 0 0 0 2.6 0 0 0 0 0.4 0 0 0 0 0 2.8000000000000003 0 0 0 0 0 0 0 0 0 0 0 0 0 0 0 1.8 0 0 0 1.6 0 0.2 0 0 0 0 0 0 0 0 4.4 7.4 3.4000000000000004 2 5.4 1.6 2.8000000000000003 8.6 6.4 2.2 2.6 4.4 7.800000000000001 8.200000000000001 3.8000000000000003 0 7.4 2.6 0 0.2 0 3.2 0 0 0 0 1.8 0.4 0 0.4 0 0 0 0 0 0 0 0 0.4 2 0.4 0 0 0 0 0 0 0 0 0 0 0.2 0 0 0 0 0 0 0 0 0 0 0 0 0 0 0 0 0 0 0 0 0 0 0.4 0.4 0 0 0.8 0 0 0 0 0 0 0 0 0 0 0 0 0 0 0 0 0 0 0.2 0 0 0 0 0 0 0 0 0 0 0 0 
 0 0.8 0 0 0.4 0 0 0 0.2 0 1.2000000000000002 0.2 0.2 0 4.800000000000001 0 15.200000000000001 0 0 0 22 26.8 35.6 0 19.6 9.8 17 33.6 60.400000000000006 63.6 70.60000000000001 52.800000000000004 71 46.400000000000006 48.800000000000004 86.80000000000001 96.4 65.60000000000001 57 21.200000000000003 0 0 1 0.4 0.2 0.6000000000000001 12.4 1.2000000000000002 0 0.4 0 0 0 0.8 24.400000000000002 0.6000000000000001 0.4 0.4 26.400000000000002 2 0 1 0 1.2000000000000002 0.4 1 0 0 0.6000000000000001 0 0.2 0.2 0 0.2 0.2 0 0.4 0 0.6000000000000001 0 0 0 0 0 0 1.8 0 0 0 0 0 0 0 0 0 0 0 0 0 0 3 5.4 6 7.4 1.2000000000000002 6.6000000000000005 2.2 2.4000000000000004 5.4 3.4000000000000004 3.6 1.8 0 2.4000000000000004 2.8000000000000003 3.8000000000000003 12 4.6000000000000005 0 0 0 0 3 0 0 0 0 0 0 0 0 0.2 2 0 0 7.6000000000000005 2 0 0 4 1.8 0.4 0 0 0 0 0.4 0 0 0 0 0 0 0 0 0 0 0 0 0 0 0 0 0 0 0 0 0 0 0 0 0 0 0 0 0 0 0 0 0 0 0 5.2 6.800000000000001 0 3.2 0.2 11.8 4.4 6.2 4.4 6.4 0.2 2.8000000000000003 0 3.4000000000000004 2.8000000000000003 3.2 0 0 0 1 0 0 0 0 6.4 0 0 0 0 1.8 3 0 13 0.2 0 0.6000000000000001 4.2 4 0 0 0 0 0 0 0 0.2 0 0 0 0 0 0 0 0 0 0 0 0 0 0 0 0 0 0 0 0 0 0 0 0 0 0 2 0 0.2 0.4 0 0.2 0.8 0 0 0 0 1 4 0 0 0 0 0 0 0 0 0 0 0 0 1.6 0 6.2 0 0 0 2 0 0 0 0 
 0 0.6000000000000001 0.2 2.2 0 0 0 0 0 0 0 0 0.8 0 0 0 0 1 0 0 7.6000000000000005 6.800000000000001 25.8 19.6 0 76.4 52.2 16.400000000000002 22 61.400000000000006 60.800000000000004 22.8 67.8 16.400000000000002 82.80000000000001 35.800000000000004 27.8 23.6 13 14.8 0.8 0 22.400000000000002 0.6000000000000001 0 1.2000000000000002 12.4 0.6000000000000001 12.600000000000001 0 0 0 0.2 16.8 26.200000000000003 0.8 0.4 0 29 14 0 0 0 0.6000000000000001 1.2000000000000002 0 0 0 0.6000000000000001 0 5.6000000000000005 0.2 1.8 0 0 1.2000000000000002 0 0.2 0 0 0 0 0 0 0 0 0 0 0 0 0 0 0 0 0 0 0 0 0 0 0.2 0 1.8 3.8000000000000003 3.6 5.2 0 0.2 3.6 0.2 2.2 1.6 0 0.2 0 0 0 3.6 0 0 2 3.8000000000000003 2.8000000000000003 0 0 0 5.800000000000001 3.6 0 0 0 2 12 5.800000000000001 5.2 0 2 3.2 0 0 0 0 2 0 0 0 0 0 1.8 0 0 0 0 0 0 0 1 0 0.2 0 0 0 0 0 0.4 0 0 0 0 0.4 0 0 0 0 0 0 0 0 0 0 0 0 0 0 4.2 6 0 2.8000000000000003 0 0 13.200000000000001 4 0 0 0 3.8000000000000003 3.6 0 0 0.4 0.4 6 0 3.6 0 0 8 3.4000000000000004 11 0 0 2 4.4 0 10.600000000000001 2.6 0 3 5.6000000000000005 3.4000000000000004 0 0 0 0.2 0 0 0 0 0 0 0 0 0 0 0 0 0 0 0 0 0 0 0 0 0 0 0 0 0 0 0 0 0 0 1.6 0.4 0.8 0.8 0.2 1 0.4 0 0 0 0 0 0 0 0 0 0 0 0 0 0 0 0 0 0 1.8 0 1.8 0 0 0 1.8 0 0 0 0 
 0 0 0 0 0 0 0 0 0.4 0 0 0 0.8 0 14.200000000000001 0 0 0 0 0 8.4 5.4 39.2 9.8 76.4 0 9.600000000000001 20.400000000000002 22.6 16 38.2 11.600000000000001 48.400000000000006 24.6 14.4 19.200000000000003 12.600000000000001 60.800000000000004 58.6 10.4 12.600000000000001 12.4 13 0 0 45.2 0 0.6000000000000001 0 0 0 0 12.600000000000001 13.4 0 0.8 0 0 11.8 12.4 0 0.4 0 1.8 0 1 6.800000000000001 0 0.6000000000000001 0 7.2 0 0 0.6000000000000001 0 0 0 0 0 0 0 0 0 0 0 0 0 0 0 0 0 0 0 0 0.4 0 0 0 0 0 0 1.8 0 2.2 3 9.600000000000001 0 0 3 0.2 0.2 4.6000000000000005 0 0 0 2.6 0 0 0 0 3.6 4.6000000000000005 0 0 0 0 1.8 3 5.800000000000001 5.4 0 0.2 3 6.4 5.6000000000000005 0 0 4 2.4000000000000004 1.8 0 0 1.6 0 0 0 0 0.2 0 0 0 0 0 0 0 0 0 0 0 0 0 0 0 0.2 0 0 0 0 0 0 0 0 0 0 0 0 0 0 0 0.2 3.6 0 0.2 3 4 6.4 0 4.6000000000000005 1.6 3 0 3.4000000000000004 2.2 0 7 3.2 3 1.8 0 0 1.8 7 0 4 0 0 5.6000000000000005 4 1.2000000000000002 0 0 0 0 2 0 7.4 0 2.8000000000000003 0.6000000000000001 3.6 0 0 0 0 0 0 0 0 0 0 0 0 0 0 0 0.4 0 0 0 0 0 0 3.2 0 0 0 0 0 0 0 0 0 0 3.2 0.4 0.4 1 14.8 15.200000000000001 0 0 1.6 0 0 0 0 0 0 0 0 0 0 0 0 0 0 0 0 0 0 0 0 0 0 0 0 0 0 0 0 
 0.6000000000000001 0 0 15.4 14.600000000000001 33.2 0 0 0 0 15.4 0.2 0 15 0 14.8 0 0 0 0 25.400000000000002 23 46.6 17 52.2 9.600000000000001 0 24 66.2 9 7.4 12.8 22.6 17.6 40 47.6 12.4 39.800000000000004 26.8 24.200000000000003 0 1 0.6000000000000001 0 0.2 0 0 0.6000000000000001 0 0 0 0 0 12.4 0 13 1.2000000000000002 0 0.2 0 0 0 0 0.6000000000000001 0 0 0 0 0.6000000000000001 0 0 0 0 0 0 0 0 0 0 0 0 2.8000000000000003 0 1.8 2.8000000000000003 6.4 0 0 0.4 0 3.6 3 0 0 0 0 0 0 0 0 3.6 6.6000000000000005 7.2 5.6000000000000005 0 0 5.4 1.8 0 5.6000000000000005 5 4.6000000000000005 11.200000000000001 12.600000000000001 4.4 2.8000000000000003 2.8000000000000003 0 7.6000000000000005 2 0 0 0 0 0 2.6 0 0 0 0 0 0 0 0 0 0 0 0 4 4.4 0 0 0 0 0 0 0 0 0 0 0 0 0 0 0 0 0 0 0 0 0 0 0 0 0 4.2 0 0 0 0 0.4 3.8000000000000003 0 0 0 0 0.2 0 0 0.4 0.4 3.2 0 1.2000000000000002 15.600000000000001 0 4.4 1.4000000000000001 0 2.4000000000000004 0 0 2.4000000000000004 2.8000000000000003 0.8 0.2 3.2 3.2 6.4 13.8 0 0.4 0 0 0 0 0 0 0 0 0 0 0 0 0 0 0 0 0 0 0 0 0 0 0 0 0 0 0 0 0 0 0 0 0 0 0 0 0 0.4 0 0 0 0 0 0 0 0 0 8.6 0 0 0 0 1.2000000000000002 0 0.2 1 0 0.4 2 0 0 0 0 0 0 0 0 0 0 0 0 0 0 0 0 0 0 0 0 0.2 0 0 0 0 0 0 0 0 
 0.2 0 0.2 0.6000000000000001 14.8 30.8 0.2 0 0.2 0.2 0.6000000000000001 0 0.6000000000000001 0.8 0.2 0.2 18.400000000000002 0.6000000000000001 0.8 0 10 54.6 62.2 33.6 16.400000000000002 20.400000000000002 24 0 36.2 15.600000000000001 64.2 3.4000000000000004 23.200000000000003 50.800000000000004 25.6 21.6 69.4 40.800000000000004 75 22.8 1.8 0 0.6000000000000001 0 0.6000000000000001 0.2 0 1.2000000000000002 0 0 0 1.4000000000000001 0.4 0 0 1.2000000000000002 0 0 1.6 0 0.2 0 0 1 0 1.6 0.6000000000000001 0 0.8 0 0 0.8 0 4.2 0 0 0 0 0 0.2 0 0 0.2 0 4.800000000000001 0.2 0 0 0 0 0 2.8000000000000003 0 0 0 0 0 0 0 0 6 5.2 0 2.6 0 2 5.4 7 2.2 2.2 2.4000000000000004 2.6 4.800000000000001 0.2 7 3.6 2 0.4 6.800000000000001 5.4 0 0 0 0 0 0 0 0 0 0 0 0 0 0 0 0 0 0 0 0 0 0 0 0 0 0 0 0 0 0 0.4 0 0 0 0 0 0 2.6 0.4 0 0 0 0 0 0.2 0.4 0 0 0 0.8 0 1.4000000000000001 0.2 0 0 0 0 0 0 0 2.2 7 5.800000000000001 3.6 2.6 0 13 3 3.6 0.2 0 0 8 6.800000000000001 5.2 2 2.6 1.8 2.8000000000000003 2.8000000000000003 0 0 0 0 0 0 0 0 0 0 0 0 0 0 0 0 0 0 0 0 0 0 0 0.4 0 0 2.6 0 0 0 0 0 0 1.4000000000000001 0 0 0 0 0 0 0 0 0 0 0 4 0.2 0 0 0 0 0 0 0 1 0.6000000000000001 0 0 0 0.8 1 0 0 0 0 0 0 0 0 0 0 0 0 0 0 0 0 0 0 0 0 0.2 0 0 0 0 0 0 0 0 
 0.6000000000000001 0 0 1 12 0.2 0 0 0 0 29 0 0 0 0 0.2 0.6000000000000001 0 0 0 7.4 58 97 60.400000000000006 22 22.6 66.2 36.2 0 14.8 68.2 21.6 28.6 54 56.6 23.6 37.800000000000004 23.6 29.8 8.8 0 1 1.2000000000000002 1.6 0 0.4 0 0.6000000000000001 0 0 0 0 0 0 0.2 12.8 2.8000000000000003 0 0.2 0 0 0.2 1.2000000000000002 1 0 0 0 0 0.6000000000000001 0 0 0.2 0 0 0 0 0 0 0.4 0 0 0 0 0 6.6000000000000005 0 0 0 0 0 0 0 0 0 0 0 0 0 0 0 4 0 0 0 0 0.2 0 0.2 6.4 2.4000000000000004 6.800000000000001 0.4 3.6 3.6 0.2 6 0.2 4.4 0 0 5.2 0 0 0.4 0 0 1.4000000000000001 0 0 0 0 0 0 0 0 2.4000000000000004 0 0 0 0.2 0 0 0.2 0 0 0.4 0 0 0 0.4 0 0 0 0 0 0 0 0 0 0 0 0 0 0 0 0 0 0 0 0 0 2.2 0 0 0 0 0 0 0 0 2.2 3.8000000000000003 3.8000000000000003 0 0 5.800000000000001 0.2 2.2 3.2 0 2.2 3 5.4 0 1.8 5.4 5.4 14.4 5.4 6.4 2 0 0 0 0 0 2.4000000000000004 0 0 0 0 0 0 4 0 0 0 0 0 2.4000000000000004 0 0 0 0 0 0 0 0 0 0 1.4000000000000001 0 0 0 0 0 0 0 0 0 0 0 0 0 0 0 0 0.2 0.2 0 0.8 0 0 0 0.4 0 0.4 0.2 0.4 0.4 0.8 0 0 0 0 0 0 0.2 0 0 0 0 0 0 0 0 0 0 0 0 0 0 0 0 0 0 0 0 0 0 
 0 0.4 0 0 0 0 0 0 0 0 0 0 0 0 0 0 0 0 0 0 7.6000000000000005 20 52.6 63.6 61.400000000000006 16 9 15.600000000000001 14.8 0 33.800000000000004 29.400000000000002 8.4 85.2 63 59.2 33.800000000000004 38.800000000000004 57.2 14.600000000000001 4.2 0 0.6000000000000001 0.2 0.6000000000000001 0.2 0 1.6 0.4 0.2 0.4 1 0.6000000000000001 0.2 14.600000000000001 0.6000000000000001 0.2 0 13 12.600000000000001 0.2 0.2 0 0.6000000000000001 1.8 0 0 5.4 0.6000000000000001 0 6.6000000000000005 0.2 6 0 0.4 0.6000000000000001 0 0.2 0.4 0.8 0 0 0 0.4 0 0.4 0 0 0 0 0 0 0 0 0 0 0 0 0 0 8.200000000000001 3.4000000000000004 3.4000000000000004 4 6.800000000000001 0 4.2 1.6 0 2 0.2 0 3.6 0 0 4.800000000000001 16.6 17.400000000000002 2.4000000000000004 0 1.4000000000000001 2.2 0.4 0 0 0 1.6 0 0 0 0 0 0 1.6 2 0 0 3.2 3.6 4.4 0 0 0 0 0 0 0 0.8 0.2 0 0 0 0 0 0 0 0 0 0 0 0 0 0 0 0 0 1 0 0 0 0 0 2.6 0 0 0 0 0 0 0 4 1.2000000000000002 3.6 4.4 1.2000000000000002 5.800000000000001 1.2000000000000002 0.2 4.6000000000000005 5.800000000000001 2.2 2 0 1.8 3.2 1.8 8.200000000000001 0.2 0 0 0.4 0 0 0 0 0 3.8000000000000003 2.6 3.4000000000000004 0 0 0 6.6000000000000005 1.6 0.4 0.2 0 0 2.2 1.2000000000000002 0 0 0 0 0 0 0 0 0 3.8000000000000003 0 0 0 0 0 0 0 0 0 2.4000000000000004 0 3.4000000000000004 0 0 0 0.2 0 0 0 0 0 0 0 3 1.2000000000000002 0 0 0.8 15.200000000000001 0 1.4000000000000001 2.2 0 0 0 0.2 0 0 0 0 0 0 0 0 0 0 0 0 0 0 0 0 0 0 0 0 0 0 0 0 
 0.6000000000000001 0.4 0.6000000000000001 1.2000000000000002 0.6000000000000001 1 0.6000000000000001 0.4 0.6000000000000001 0.6000000000000001 0.6000000000000001 0.4 0.8 0.6000000000000001 0.6000000000000001 0.6000000000000001 0.8 0.6000000000000001 41.400000000000006 0.4 51.800000000000004 22.6 38.400000000000006 70.60000000000001 60.800000000000004 38.2 7.4 64.2 68.2 33.800000000000004 0 32.4 6.4 10.200000000000001 19.8 28.8 24.8 14 28.200000000000003 13.4 12.4 0.2 0.6000000000000001 0 5.6000000000000005 0.4 0 0.6000000000000001 0 0 0.2 1.8 0 0 0 1.4000000000000001 0 0 0.2 11.600000000000001 0 1 0 11.4 0 1.2000000000000002 0.4 0 0.6000000000000001 0 0 0.2 0 1 0 0 0 0 0 0.4 0 0.2 0 0 0 0 0 0 0 0 0 0 0 0 0 0 4.800000000000001 0 0 0.2 0 1.8 0 0.4 0 2.6 0 0 0 0 6.4 5.4 0 0.2 0 4.4 3.4000000000000004 0.4 0 0 4.4 0 0 0 0 0 6 4.4 2.4000000000000004 0 0 0 2 0 1.6 2.2 0.2 2.2 2 0 0 0 0 0 1.6 0 0 0.6000000000000001 1.2000000000000002 0 0 0 0 0 0 0 0.8 0 0 0 0 2 0 0 0 0 0 0 0 0 0 0 0.2 0.4 0 0 0 0 0 0 0 0 0 3.4000000000000004 0.8 10 0 2.2 1.8 1.6 11.200000000000001 0.2 0 0 2 2.2 5 0 0 0 3.4000000000000004 7.4 0 0.4 0 0 2.4000000000000004 0.2 0.2 0 0 0 9.600000000000001 2 0.2 0 0 0 2.2 6.2 0 0 0 0 0.4 0 0 0 0 0 0 0 0 0 0 0 0 0 0 0 0 0 2.4000000000000004 0 0 0 0 0 0 0 0 0 0 0 0.8 0.4 0.4 0.2 30 1.2000000000000002 0.2 0.2 0 0 0 0 0.2 0 0 0 0 0 0 0 0 0 0 0 0 1.8 0 0 0 2.6 0 0 0 0 0 0 
 0.6000000000000001 0.6000000000000001 0 0 0 18.400000000000002 0 0 0 0 0 0 0 0 0 0 0 0 0 0 10 20.8 24 52.800000000000004 22.8 11.600000000000001 12.8 3.4000000000000004 21.6 29.400000000000002 32.4 0 4 17.2 6.800000000000001 6.800000000000001 14.200000000000001 12.200000000000001 5.800000000000001 9.8 0 0 0.6000000000000001 0.4 0 2 0 0.6000000000000001 0.2 0 0 0 12.200000000000001 0 4.800000000000001 0.8 0 0 25.8 13.4 0 0 0 0.6000000000000001 0 0 0 0 0.6000000000000001 0 0 0 0 0 0 0.6000000000000001 0.2 0 0 0 0 0 0 0 0 0 0 0 0 0 0 0 0 0 0 0 0 0 0 0 3.6 7.800000000000001 5 20.400000000000002 4.2 2.8000000000000003 4 0 3.8000000000000003 0 2.4000000000000004 0 4 0 0 1.2000000000000002 4 1 0 0 3.2 2 0 0 0 0 4.2 0 0 6.6000000000000005 0 0 3 2.6 2.2 0 0 2.4000000000000004 1.2000000000000002 4.4 0 0 0 0 0 2 0 0.6000000000000001 0 0 0 0 0 0 0 0 0 0 0 0 0 0 0 0 0 0 0 0 0 0 0 0 0 0 0 0 0 0 0 0 0 0 2.4000000000000004 0.8 2.6 5 0 3 0 0 8 8.200000000000001 0 0 1 0 5.6000000000000005 0 0 0 3.6 0 0 0 0 0 3.6 1.6 2 0 0 0 7.6000000000000005 1.2000000000000002 2 0 0 0 2 4.2 0 0 0 0 0 0 0 0 0 0 0 0 0 0 0 0 0 0 0 0 0 2.6 0 0 0 0 0 0 0 0 0 0 0 0 0.6000000000000001 0 0.2 2 14.8 0.2 0 1.8 6.800000000000001 0 0 0 0 0 0 0 0 0 0 0 0 0 0 0 0 0 0 3.2 0 0 0 0 0 0 0 0 
